"date";"age60";"reported";"nowcast_est";"nowcast_0.025";"nowcast_0.1";"nowcast_0.25";"nowcast_0.5";"nowcast_0.75";"nowcast_0.8";"nowcast_0.85";"nowcast_0.9";"nowcast_0.95";"nowcast_0.975";"reported7";"nowcast7_est";"nowcast7_0.025";"nowcast7_0.1";"nowcast7_0.25";"nowcast7_0.5";"nowcast7_0.75";"nowcast7_0.8";"nowcast7_0.85";"nowcast7_0.9";"nowcast7_0.95";"nowcast7_0.975";"F_est";"F_0.025";"F_0.1";"F_0.25";"F_0.5";"F_0.75";"F_0.8";"F_0.85";"F_0.9";"F_0.95";"F_0.975";"realized";"realized7"
2023-02-08;"0-60";1;4,5;1;2;3;4;6;6;7;8;9;10;43;77,3;57,3251150325638;63,5558014354067;68,9853313634445;78;87,8109962009287;86;88;96,0689593301435;94;106,214693624191;0,220807950379102;0,322700194083864;0,285855986277297;0,253899577385485;0,219946956034276;0,18814438836559;0,180873606608229;0,172069786220651;0,161424748569039;0,146666130633214;0,135162197571524;NA;NA
2023-02-08;"60+";10;40,5;25;30;35;40;48;50;52;55;60;65;125;226,9;181,309216602831;192,827840317158;207,940080043785;228;252,032917151262;248;253;274,660538245381;270;298,312112046892;0,247056758739437;0,343793289209503;0,309011554802429;0,280125254269966;0,247700533811634;0,216289218246127;0,20860687614141;0,200265186156783;0,189497813480051;0,174871782135607;0,162111038186279;NA;NA
2023-02-08;"alle";11;45;29;33;38;45;53;55;58;61;67;72;168;304,2;244,450785083956;258,787598921513;280,366877785597;305,5;338,381714754867;331;337;369,208163187697;359;395,851510663071;NA;NA;NA;NA;NA;NA;NA;NA;NA;NA;NA;NA;NA
2023-02-07;"0-60";6;13,5;8;10;11;13;16;16;17;18;20;21;58;94;73,0920119447555;76,1016483516484;83,7463768115942;95;108,355072463768;102;104;117,267857142857;111;123,868554364635;0,443799780866515;0,545523689199724;0,510291317485858;0,478668103766824;0,44249716176702;0,405718476559561;0,397239068284881;0,385643898777145;0,37274182694886;0,353461963309894;0,337724842704131;NA;NA
2023-02-07;"60+";22;45,1;34;38;41;45;50;51;53;55;58;61;146;225,4;186,612934723785;196,240120285678;208,314808659429;226;246,483853143683;240;244;264,950181681494;256;281,290023193286;0,488074208360392;0,581896919694186;0,550682536650292;0,522145407333358;0,487898180134033;0,453749691117602;0,445425842741119;0,43579243935766;0,422606598105969;0,403911766895006;0,385380077585818;NA;NA
2023-02-07;"alle";28;58,6;45;49;54;59;65;66;68;71;75;79;204;319,4;263,677002429233;278,37504358655;295,379284181318;321;351,55676472501;340;345;376,554426456344;362;399,049256414712;NA;NA;NA;NA;NA;NA;NA;NA;NA;NA;NA;NA;NA
2023-02-06;"0-60";0;0;0;0;0;0;0;0;0;0;0;0;70;101,9;80,8175;83,5997459510956;89,472602739726;102;117,37084148728;109;111;124,723912353128;117;131,480872093023;0,696012769121402;0,968830429588598;0,926297443044554;0,85232615048529;0,694675858195752;0,444905896966153;0,373008491211037;0,298018610828801;0,207359660973432;0,103881126074297;0,0432633419823211;NA;NA
2023-02-06;"60+";0;0;0;0;0;0;0;0;0;0;0;0;175;239,3;203,440630769231;211,541775215318;221,192129246065;240;263,361143330572;251;254;275,599217026123;264;287,617553846154;0,735180679685549;0,973405352429924;0,936788562314416;0,873862169885527;0,735532020935337;0,502114716127479;0,431998164227367;0,356929755570118;0,257601824696192;0,144904479739779;0,0669923854511509;NA;NA
2023-02-06;"alle";0;0;0;0;0;0;0;0;0;0;0;0;245;341,2;289,318152804922;300,760371517028;312,934699103713;342;379,441289447917;358;362;397,646981424149;375;413,692444025999;NA;NA;NA;NA;NA;NA;NA;NA;NA;NA;NA;NA;NA
2023-02-05;"0-60";0;0;0;0;0;0;0;0;0;0;0;0;70;101,9;76,7586267605634;81,5807973421927;85,1572327044025;102;122,743036837376;109;111;127,241926910299;117;137,17588028169;0,400911631640025;0,702539486712152;0,610553339196079;0,516878891333525;0,399279984251344;0,280468593603178;0,25446101020196;0,226478077487548;0,192078149792524;0,142885781161716;0,106088456019487;NA;NA
2023-02-05;"60+";0;0;0;0;0;0;0;0;0;0;0;0;175;239,3;201,024495671485;209,463609581145;219,88674796748;240;265,095691056911;251;254;278,316818240041;264;290,873097381614;0,466376247447487;0,748235696492157;0,665103588811242;0,579445882545314;0,467608181771781;0,34824870748873;0,3184527597068;0,288510748760749;0,252075893132499;0,194178418169325;0,152762693647551;NA;NA
2023-02-05;"alle";0;0;0;0;0;0;0;0;0;0;0;0;245;341,2;287,71374298316;294,18409209418;305,760204081633;342;389,147959183673;358;362;406,826371451874;375;415,934222133119;NA;NA;NA;NA;NA;NA;NA;NA;NA;NA;NA;NA;NA
2023-02-04;"0-60";8;15,2;10;12;13;15;17;18;19;20;21;23;70;101,9;76,9792846553002;80,5695742471443;83,3645833333333;102;124,974702380952;109;111;128,503115264798;117;136,866275018532;0,526314971564618;0,619065054018807;0,58660667519209;0,557711215721712;0,523705421583447;0,486858875914588;0,477364885412554;0,466417952016144;0,453524912110356;0,434720311372428;0,416528940737126;NA;NA
2023-02-04;"60+";26;44,1;35;38;41;44;48;49;50;52;55;57;175;239,3;199,454967551622;207,117142857143;215,827855876393;240;270,489013424519;251;254;281,385274725275;264;292,987907571288;0,590005060710485;0,672734814069718;0,644860682056654;0,619403014127944;0,589057844896027;0,557452191226312;0,549096785946571;0,538693690684694;0,526268338255663;0,508356070352725;0,491342488243633;NA;NA
2023-02-04;"alle";34;59,3;48;51;55;59;65;66;67;70;73;76;245;341,2;285,001137971939;290,945212926608;296,639393939394;342;401,487878787879;358;362;411,347306956609;375;419,724437354277;NA;NA;NA;NA;NA;NA;NA;NA;NA;NA;NA;NA;NA
2023-02-03;"0-60";13;21,4;16;18;19;21;24;24;25;26;28;29;68;94,2;75,0296902774037;76,74;77,6041666666666;95;113,166666666667;100;102;117,965;107;121,243829787234;0,608260780997373;0,688955384709825;0,661289742095353;0,635514727145451;0,605242178734104;0,573680182014705;0,565377526455244;0,556262720976095;0,544139290324394;0,526343350553923;0,51012718953166;NA;NA
2023-02-03;"60+";35;52,5;44;47;49;53;56;57;58;60;62;64;167;217;185,55190935518;189,135297779622;195,642857142857;217;245,47619047619;227;229;251,830877775472;236;259,547416754757;0,667074049506859;0,737041673151422;0,713044062086623;0,691426426607111;0,666567475526748;0,639342397143023;0,632597253253925;0,624212484093834;0,613784756422344;0,598083395589906;0,583849037531228;NA;NA
2023-02-03;"alle";48;73,8;63;66;70;74;79;80;81;84;87;89;235;311,2;265,173334182086;270,369374896369;272,575360710322;312;362,071476137625;325;328;367,073486983916;338;374,288274698693;NA;NA;NA;NA;NA;NA;NA;NA;NA;NA;NA;NA;NA
2023-02-02;"0-60";15;22,7;17;19;21;23;25;26;26;27;29;30;75;96,8;81,0468997668998;80,9333333333333;77,9747126436782;97;117,606896551724;102;103;115,933333333333;108;118,018461538462;0,660542185163566;0,732248574636933;0,707388269851675;0,684667059805681;0,657686728773302;0,628678123377632;0,621868664285045;0,612860763537664;0,601217763665619;0,583720468441509;0,567010760720712;NA;NA
2023-02-02;"60+";32;44,8;38;40;42;45;48;49;50;51;53;54;160;197,5;173,330296114884;175,384634266078;180,650015229973;198;218,094425830034;205;207;224,271232204222;213;230,621446064789;0,714057971665102;0,773770681621348;0,753848339879313;0,735467800141715;0,713315021236119;0,689309054960406;0,683340196009188;0,675308497455447;0,666131867409313;0,651541267892668;0,638356812288247;NA;NA
2023-02-02;"alle";47;67,5;58;61;64;68;72;73;74;76;78;81;235;294,3;260,060502589018;261,045809960176;260,68700234192;295;340,717949146872;305;308;339,449997858947;316;339,893527640531;NA;NA;NA;NA;NA;NA;NA;NA;NA;NA;NA;NA;NA
2023-02-01;"0-60";16;21,2;17;18;20;21;23;23;24;25;26;27;69;84,6;73,0034482758621;71,7789473684211;73,9375;85;98,5432692307693;89;90;99,2526315789474;93;100,468965517241;0,75470664032281;0,809103317177099;0,790768528097654;0,7736579834812;0,752999487742801;0,730623884356003;0,724980935172949;0,718199333133533;0,709625850942303;0,695276661770874;0,683890036252119;NA;NA
2023-02-01;"60+";31;38,9;34;35;37;39;41;42;42;43;44;46;151;179,3;159,856967213115;162,931153846154;162,038920454545;179;198,166761363636;185;187;198,808076923077;191;204,593148846656;0,796376680536152;0,840467141947248;0,825876878182454;0,812252604961724;0,795949541298369;0,778323683845293;0,773718486672523;0,768173162111646;0,761202357436175;0,750266426011165;0,739768228202583;NA;NA
2023-02-01;"alle";47;60,1;53;55;57;60;63;64;65;66;68;69;220;263,9;237,099804955573;237,626113372623;238,017736486487;264;301,402871621622;272;274;296,012528100128;280;300,053283247851;NA;NA;NA;NA;NA;NA;NA;NA;NA;NA;NA;NA;NA
2023-01-31;"0-60";18;21,5;18;19;20;21;23;23;24;24;25;26;66;77,9;67,69824933687;69,1025618758141;70,3791666666667;78;90,1708333333333;82;82;91,6600955275727;85;91,3544827586207;0,838460807985661;0,875690747171528;0,863977887374288;0,851605767689766;0,836894468684463;0,820624702443331;0,816474436886125;0,811784938708478;0,80575740863631;0,795772005501131;0,786534825103364;NA;NA
2023-01-31;"60+";51;59;54;55;57;59;61;62;62;63;65;66;142;164,8;148,410414195785;148,684552845528;149,574726134585;165;181,6279342723;170;171;184,233333333333;175;185,203361919533;0,864758141105425;0,894651664020031;0,88508937880056;0,875589388433099;0,864056533079397;0,852014011973503;0,848756281714064;0,844978782724105;0,840272214689343;0,832480145033561;0,825186348901015;NA;NA
2023-01-31;"alle";69;80,4;74;76;78;80;83;84;85;86;87;89;208;242,7;218,848748007717;218,751913283567;217,461479591837;243;271,160459183674;250;251;271,05233254934;256;273,312236808993;NA;NA;NA;NA;NA;NA;NA;NA;NA;NA;NA;NA;NA
2023-01-30;"0-60";0;0;0;0;0;0;0;0;0;0;0;0;75;85,4;77,5099676724138;76,1111111111111;76,8695652173913;86;94,641304347826;89;90;97,2222222222222;92;97,9656070402299;0,91278504994903;0,992019134225298;0,981129490332049;0,960877850859147;0,911270873112145;0,806755097733126;0,767248291067137;0,719543384603707;0,641424350311753;0,516911767674556;0,379208252038174;NA;NA
2023-01-30;"60+";0;0;0;0;0;0;0;0;0;0;0;0;152;171,1;157,434221522136;156,910438047559;159,22279314888;171;186,042292490119;176;177;187,150488110138;180;189,489751285027;0,925459098338786;0,993387712910851;0,984309348204575;0,966871404257169;0,925054257131353;0,833900637364597;0,801999447831494;0,757001947779161;0,687714880355263;0,572661857361962;0,438356730795053;NA;NA
2023-01-30;"alle";0;0;0;0;0;0;0;0;0;0;0;0;227;256,6;237,162828012703;236,30377487989;237,635714285714;257;279,778571428571;263;264;281,703225806452;269;283,005214775196;NA;NA;NA;NA;NA;NA;NA;NA;NA;NA;NA;NA;NA
2023-01-29;"0-60";0;0;0;0;0;0;0;0;0;0;0;0;75;85,4;78,0491758241758;77,3261644623347;77;86;94,5;89;90;95,6757906843013;92;97,1068681318681;0,757198019098253;0,900392056499647;0,862388066879804;0,818459502383514;0,753938634559989;0,672367967851337;0,649477803613686;0,624345395138391;0,588409666640255;0,528092685158003;0,471886926698434;NA;NA
2023-01-29;"60+";0;0;0;0;0;0;0;0;0;0;0;0;152;171,1;157,864345549738;156,6591369606;159,792292292292;171;185,325825825826;176;177;187,434746716698;180;188,910942408377;0,783895108345368;0,912202873906266;0,879126588883109;0,84171023087308;0,783236468803743;0,708543437733173;0,688120189200629;0,66373382728778;0,630362331559634;0,576265575981463;0,527619691447715;NA;NA
2023-01-29;"alle";0;0;0;0;0;0;0;0;0;0;0;0;227;256,6;237,714522249051;236,833846153846;238,845454545454;257;278,3;263;264;281,047611336032;269;282,255743359779;NA;NA;NA;NA;NA;NA;NA;NA;NA;NA;NA;NA;NA
2023-01-28;"0-60";6;7,4;6;6;7;7;8;8;9;9;10;10;75;85,4;78,7741734860884;77,8721739130435;78,2156862745098;86;93,1830065359477;89;90;94,9808695652174;92;95,9522422258592;0,806525152167852;0,849636422891808;0,834461087672265;0,820028191208288;0,802554864869857;0,783170066891783;0,778191147246655;0,771918404199814;0,764513860228845;0,752476187408775;0,740687148866118;NA;NA
2023-01-28;"60+";18;21,8;19;19;20;22;23;24;24;25;26;27;152;171,1;158,096898263027;156,956290174472;161,031512605042;171;183,766806722689;176;177;187,098622589532;180;188,59800110284;0,824536535347289;0,861522587304579;0,849215246847711;0,837476893628163;0,822881888284399;0,807072002186503;0,803002460366774;0,797815697938188;0,791585581036957;0,782330376202908;0,773318917400768;NA;NA
2023-01-28;"alle";24;29,3;25;26;28;29;31;31;32;33;34;35;227;256,6;238,008542713568;236,654839424142;239,862903225806;257;277,056451612903;263;264;281,269014396456;269;281,856319332512;NA;NA;NA;NA;NA;NA;NA;NA;NA;NA;NA;NA;NA
2023-01-27;"0-60";20;23,9;21;22;23;24;25;26;26;27;28;29;74;83,4;77,0600338983051;78,0928315412186;77,0363636363636;84;90,2939393939394;87;87;90,5802867383512;90;92,3229152542373;0,835481768483561;0,873149114452213;0,859723805133283;0,847346254362824;0,83216012861841;0,815523061169129;0,811290809056571;0,806284404247184;0,799603695637127;0,789447668486116;0,780029791745697;NA;NA
2023-01-27;"60+";28;33;29;30;31;33;35;35;36;36;37;38;163;181,3;167,850612244898;169,33640776699;169,137142857143;181;194,937142857143;186;187;196,423786407767;190;198,638367346939;0,84920393364538;0,880116075546044;0,869887866584995;0,860007609241265;0,848052325827841;0,834582598879208;0,831221917044241;0,827125629878719;0,82185408165267;0,81405576380023;0,80657106430195;NA;NA
2023-01-27;"alle";48;56,9;51;53;55;57;59;60;61;62;63;64;237;264,7;245,958574561404;248,259663865546;248,666666666667;265;283,333333333333;271;272;287,520168067227;276;289,746951754386;NA;NA;NA;NA;NA;NA;NA;NA;NA;NA;NA;NA;NA
2023-01-26;"0-60";9;10,5;9;9;10;10;11;12;12;12;13;14;67;73,4;68,8935483870968;68,6923076923077;70,1758474576271;74;77,0847457627119;76;77;78,3846153846154;79;80,1596774193548;0,853430388509582;0,886800343782894;0,875501574414615;0,86390320009025;0,850509824398113;0,835365608790551;0,831686155161502;0,826973463918948;0,820649262686274;0,810758222819198;0,801884032824289;NA;NA
2023-01-26;"60+";23;26,6;23;24;25;26;28;28;29;29;30;31;162;177,6;164,986956521739;165,715346632431;167,748888888889;178;190,482222222222;182;183;191,182460991507;186;193,200343249428;0,86412932049955;0,891876660414251;0,882531027540636;0,873568631381173;0,862917312732272;0,851267280812938;0,847925877888392;0,84410905403535;0,839584076603036;0,831716755176151;0,825499478597737;NA;NA
2023-01-26;"alle";32;37,2;33;34;36;37;39;39;40;40;42;43;229;251;235,37118902439;236,784749878582;236,333333333333;251;270,555555555556;256;257;269,953666828558;261;271,838414634146;NA;NA;NA;NA;NA;NA;NA;NA;NA;NA;NA;NA;NA
2023-01-25;"0-60";13;14,5;13;13;14;14;15;16;16;16;17;18;69;74,6;71;71,0507936507937;71,1176470588235;75;77,6470588235294;77;77;79,2412698412698;79;80;0,894853368097971;0,919951628019378;0,911593488282329;0,903357166262282;0,893375258770557;0,882202866763455;0,879381613568208;0,876073180532852;0,871121818339014;0,864486955213022;0,858227051624209;NA;NA
2023-01-25;"60+";22;24,4;22;23;23;24;25;26;26;26;27;28;166;179,9;167,916380585972;170,195533498759;169,317543859649;180;191,212280701754;184;185;191,981070542361;188;195,704483575022;0,902517535102771;0,922998203953042;0,916235069107343;0,909732487819003;0,90199564774993;0,893487352251327;0,891213467161773;0,888398909587772;0,885181372816369;0,87947578336821;0,874733309316079;NA;NA
2023-01-25;"alle";35;38,9;36;36;38;39;40;41;41;42;43;43;235;254,5;239,94861379755;242,34871296746;243,04609929078;255;270,535460992908;259;260;271,069936862555;264;274,187169568021;NA;NA;NA;NA;NA;NA;NA;NA;NA;NA;NA;NA;NA
2023-01-24;"0-60";27;29;27;27;28;29;30;30;31;31;32;32;64;68,3;65;65,2366379310345;66,1677897574124;68;71,0882749326146;70;71;73,2280172413793;73;74;0,931503077436473;0,948063219037711;0,942434813128588;0,936838999195668;0,930224302555027;0,922572674419365;0,920583254061506;0,918140251065309;0,915163944548155;0,910085964555619;0,905504058762404;NA;NA
2023-01-24;"60+";61;65,3;62;63;64;65;67;67;68;68;69;70;185;198,5;187,808348334833;190,079854809437;191,479302832244;199;205,520697167756;202;203;208,791288566243;206;214,126260126013;0,933601565467661;0,948177115183501;0,943209773180922;0,938638425634365;0,932989409434556;0,926920543494691;0,925431331966135;0,923528583539168;0,921041106195265;0,917264636601543;0,913590263656853;NA;NA
2023-01-24;"alle";88;94,3;90;91;93;94;96;97;97;98;99;100;249;266,8;253,726875;257,104580812446;255,133333333333;267;280,133333333333;271;272;281,343128781331;276;285,571666666667;NA;NA;NA;NA;NA;NA;NA;NA;NA;NA;NA;NA;NA
2023-01-23;"0-60";0;0;0;0;0;0;0;0;0;0;0;0;60;62,9;60;61;62;63;64;65;65;66;66;67;0,963688428531651;0,996703274353953;0,992308492471868;0,983707317592713;0,962557397923154;0,915493862235723;0,895968426940595;0,872832552844945;0,831461888519654;0,755950314655824;0,662476682361796;NA;NA
2023-01-23;"60+";0;0;0;0;0;0;0;0;0;0;0;0;186;197,1;188,170024875622;189,841494301393;191,090909090909;197;205,398268398268;200;201;205,774799493457;204;208,665049751244;0,962613941397042;0,996665938846131;0,992244832206794;0,983531069009352;0,962075043214224;0,914351429047587;0,896791212930754;0,870425504867148;0,830006388400478;0,754758774691482;0,66189509232268;NA;NA
2023-01-23;"alle";0;0;0;0;0;0;0;0;0;0;0;0;246;260,1;248,864940033085;250,784693877551;251,91976744186;260;271,396511627907;264;265;270,876530612245;268;275,765787841191;NA;NA;NA;NA;NA;NA;NA;NA;NA;NA;NA;NA;NA
2023-01-22;"0-60";0;0;0;0;0;0;0;0;0;0;0;0;60;62,9;60;61;62;63;64;65;65;66;66;67;0,893413672613793;0,957624126356376;0,940924950504246;0,921028401918241;0,88920183672548;0,848086034964021;0,835950069279033;0,820459978977574;0,800347715109389;0,764947701924824;0,727557437144995;NA;NA
2023-01-22;"60+";0;0;0;0;0;0;0;0;0;0;0;0;186;197,1;188,450221631206;190,039480519481;191,85;197;204,35;200;201;205,538181818182;204;208,302171985816;0,884684940465824;0,954422744814995;0,936886254750474;0,916063216969322;0,882978943374525;0,839588018364953;0,827366027742044;0,811916979095785;0,790483228686943;0,756718119409703;0,718131328072409;NA;NA
2023-01-22;"alle";0;0;0;0;0;0;0;0;0;0;0;0;246;260,1;249,558790322581;250,485788449059;252,652777777778;260;270,384259259259;264;265;271,222323166775;268;274,798306451613;NA;NA;NA;NA;NA;NA;NA;NA;NA;NA;NA;NA;NA
2023-01-21;"0-60";5;5,4;5;5;5;5;6;6;6;6;7;7;63;66;63;64;65;66;67;68;68;69;70;76;0,918103408288582;0,936706732532339;0,929679822406547;0,922660661249949;0,914276080241059;0,904551669723342;0,901798467422058;0,898672593698679;0,894592875861808;0,887667453843378;0,880655597914081;NA;NA
2023-01-21;"60+";29;32;29;30;31;32;33;33;34;34;35;36;190;201,4;193,188888888889;194,669450549451;195,45;202;207,845833333333;205;206;209,966153846154;208;212,433680555556;0,907208544910513;0,928323325816303;0,921052972781547;0,914121376714519;0,905533944845161;0,896207286061255;0,89373002847977;0,890730645785248;0,886627097790264;0,880249523397569;0,874712140236436;NA;NA
2023-01-21;"alle";34;37,4;34;35;36;37;39;39;40;40;41;42;253;267,4;257,582978977544;259,886956521739;259,564102564103;268;279,153846153846;272;273;278,669565217391;276;280,135594839943;NA;NA;NA;NA;NA;NA;NA;NA;NA;NA;NA;NA;NA
2023-01-20;"0-60";13;13,9;13;13;13;14;15;15;15;15;16;16;68;70,9;68;69;70;71;72;73;73;74;74;79,1;0,933119222010254;0,94850812712273;0,942789024376304;0,937135952672799;0,930130472772937;0,921786214698331;0,919695352780615;0,916988810037636;0,913582700761426;0,907781259133558;0,902054985810521;NA;NA
2023-01-20;"60+";27;29,3;27;27;28;29;30;31;31;31;32;33;190;199,8;193,06746031746;194,124516129032;195,784090909091;200;204,708333333333;203;204;207,566451612903;207;209,318418171866;0,922464495494402;0,939791388024855;0,934134701690821;0,928305018570875;0,921046838849366;0,913268548523142;0,911246398102011;0,908599587786125;0,905575729728664;0,900489975349162;0,896199420240548;NA;NA
2023-01-20;"alle";40;43,2;40;41;42;43;45;45;45;46;47;48;258;270,7;262,629965517241;263,448571428571;263,422413793103;271;279,594827586207;275;276;280,42;279;283,106172413793;NA;NA;NA;NA;NA;NA;NA;NA;NA;NA;NA;NA;NA
2023-01-19;"0-60";11;11,7;11;11;11;12;12;12;13;13;13;14;66;68,2;66;66,32;67;68;69;70;70;69,7381818181818;71;75,8;0,942979643321501;0,956789428642197;0,951822181647086;0,946947169475909;0,940515635997849;0,932881292827042;0,930844424071192;0,928413854088678;0,925172671535683;0,919780402187164;0,915354723828201;NA;NA
2023-01-19;"60+";27;29;27;27;28;29;30;30;31;31;32;32;196;204,9;198,407818704642;199,447222222222;201,382246376812;205;208,788043478261;208;209;212,030555555556;211;213,812994659729;0,932455516777896;0,947781912669489;0,942722713448279;0,937639122176402;0,931377895969968;0,924273116271822;0,922307053466653;0,920012834591671;0,917193427530358;0,912667915216284;0,908194005084689;NA;NA
2023-01-19;"alle";38;40,6;38;39;39;41;42;42;42;43;44;44;262;273;266,94;267,372549019608;268,65873015873;273;279,511904761905;277;278;281,441176470588;281;282,09;NA;NA;NA;NA;NA;NA;NA;NA;NA;NA;NA;NA;NA
2023-01-18;"0-60";8;8,3;8;8;8;8;9;9;9;9;9;10;63;64,6;63;63;64,198947368421;65;67,4;66;66;67;67;71,4;0,961514432715696;0,972530003616865;0,968990861518162;0,965315916945819;0,960543521788339;0,954995073274009;0,953536281247648;0,951730599826742;0,949365419387142;0,94556951233395;0,941798916946408;NA;NA
2023-01-18;"60+";41;43;41;41;42;43;44;44;44;45;46;46;208;216,2;211;212,132639269406;212,23717948718;216;221,24358974359;219;220;222,30104109589;222;224;0,954512912418282;0,965859543719269;0,962297219157492;0,958535705392043;0,954147066430851;0,949114934595907;0,947813800579546;0,94611013329791;0,944077745261619;0,940685590413578;0,937533615406852;NA;NA
2023-01-18;"alle";49;51,3;49;49;50;51;52;53;53;53;54;55;271;280,8;275;275,723470522803;276,993808049536;281;287,566563467492;284;285;287,746829810901;288;289;NA;NA;NA;NA;NA;NA;NA;NA;NA;NA;NA;NA;NA
2023-01-17;"0-60";23;23,6;23;23;23;23;24;24;24;25;25;25;70;71,5;70;70;71;71;72;73;73;73;74;78,5;0,976109431193555;0,982961997991048;0,980641937036057;0,978293194862776;0,975096965004018;0,971372205793227;0,970332528389754;0,96920832221345;0,967658288308316;0,96528900928535;0,96297219571227;NA;NA
2023-01-17;"60+";62;64;62;62;63;64;65;65;66;66;67;67;212;219,2;214;215,135135135135;215,307692307692;219;222,384615384615;222;223;225,297297297297;225;227;0,968836226427365;0,977118801825903;0,974428571431768;0,971760192156723;0,968439408464886;0,964714564445009;0,963783447550345;0,962510144706267;0,961037640305337;0,958534394377986;0,956203902049385;NA;NA
2023-01-17;"alle";85;87,6;85;86;86;87;89;89;89;90;91;91;282;290,6;285;285,934025974026;287,545454545455;291;295,181818181818;294;295;297,598961038961;297;299;NA;NA;NA;NA;NA;NA;NA;NA;NA;NA;NA;NA;NA
2023-01-16;"0-60";0;0;0;0;0;0;0;0;0;0;0;0;74;75,1;74;74;74;75;76;76;76;78,9;78;80,9;0,987866657225206;0,998886589717743;0,997395728440749;0,994334429438501;0,98693210034406;0,969805357703505;0,962895683379967;0,953087221899324;0,937052509730993;0,906238222302895;0,864842376329041;NA;NA
2023-01-16;"60+";0;0;0;0;0;0;0;0;0;0;0;0;218;224,2;219,844444444444;220,144238975818;222;224;226;227;228;229,016216216216;230;231,251851851852;0,981984381059736;0,998399878530533;0,996336873362218;0,991998652317856;0,981654661576359;0,95768543330556;0,948554049470357;0,934995714404296;0,91278459299849;0,871320177778301;0,816430286336809;NA;NA
2023-01-16;"alle";0;0;0;0;0;0;0;0;0;0;0;0;292;299,3;293,115825906377;294,993014705882;297,224561403509;300;304,7;302;303;305,434191176471;306;308,284554815263;NA;NA;NA;NA;NA;NA;NA;NA;NA;NA;NA;NA;NA
2023-01-15;"0-60";3;3,1;3;3;3;3;3;3;3;4;4;4;74;75,1;74;74;74,1666666666667;75;75,8636363636364;76;76;78,9;78;80,9;0,96457037652021;0,986328052662392;0,980664017166923;0,973375644915925;0,961233220774483;0,944845897140927;0,939816092147315;0,932954718487771;0,92347541044161;0,905852256436585;0,888685099440911;NA;NA
2023-01-15;"60+";4;4,2;4;4;4;4;4;5;5;5;5;6;218;224,2;219,422387096774;220,507692307692;222;224;226;227;228;228,584615384615;230;231,935182795699;0,942101988697593;0,977955645317188;0,969239569295288;0,958344819265751;0,940821597251615;0,916867719500094;0,909916535362108;0,900592749211659;0,888656440384719;0,867740091112666;0,845477388051278;NA;NA
2023-01-15;"alle";7;7,4;7;7;7;7;8;8;8;8;9;9;292;299,3;292,688904320988;295,725;298;300;302;302;303;304,391666666667;306;308,904799382716;NA;NA;NA;NA;NA;NA;NA;NA;NA;NA;NA;NA;NA
2023-01-14;"0-60";10;10,3;10;10;10;10;11;11;11;11;11;12;71;72;71;71;71;72;73;73;73;76;74;78;0,973935213872131;0,982332813095024;0,979285312632391;0,975902096224151;0,971493180436377;0,965613346189398;0,963939591345995;0,96187107281125;0,958784707153886;0,952149324433069;0,943578376461017;NA;NA
2023-01-14;"60+";29;30,4;29;29;30;30;31;31;32;32;33;34;214;220;216;217;218;220;222;223;223;224;225;226;0,953251379995836;0,967763894494515;0,962959574684383;0,958340018920119;0,952228581134863;0,94467004793299;0,942752300947613;0,940447759188194;0,937312865144444;0,931903199633815;0,92687704821075;NA;NA
2023-01-14;"alle";39;40,7;39;39;40;41;42;42;42;43;43;44;285;291,9;285,920551075269;289;290;292;294;295;296;297;298;300,564099462366;NA;NA;NA;NA;NA;NA;NA;NA;NA;NA;NA;NA;NA
2023-01-13;"0-60";11;11,2;11;11;11;11;11;12;12;12;12;13;77;77,8;77;77;77;78;79;79;79;79;80;84,2;0,979687166954559;0,986741441816374;0,984210372299241;0,981484079629216;0,977728538269154;0,972983746277842;0,971552675205784;0,969720459604908;0,966974240182854;0,961426781133575;0,954518935692372;NA;NA
2023-01-13;"60+";33;34,3;33;33;33;34;35;35;36;36;37;37;228;233,7;228,284540719697;231;232;234;236;236;237;238;239;240,959019886364;0,962067572366831;0,973865978004779;0,970247828780977;0,966269304525152;0,961170923465846;0,955156360954379;0,95343806818656;0,951487755117869;0,949004452131796;0,944605790324869;0,940579492534566;NA;NA
2023-01-13;"alle";44;45,5;44;44;45;45;46;47;47;47;48;49;305;311,6;305,827293844367;308;310;312;314;314;315;316;318;320,886527293844;NA;NA;NA;NA;NA;NA;NA;NA;NA;NA;NA;NA;NA
2023-01-12;"0-60";8;8,1;8;8;8;8;8;8;8;9;9;9;84;84,7;84;84;84;85;85;86;86;86;87;91,3;0,983343248816669;0,989635643564897;0,987515793736249;0,985127487582994;0,981892401755916;0,977551279725395;0,976296089856277;0,974722058811353;0,972498910379999;0,968131874278311;0,962042643071417;NA;NA
2023-01-12;"60+";39;40,3;39;39;39;40;41;41;42;42;43;43;248;253,5;248,33203125;250;252;253;255,8;256;257;258;259;260,96484375;0,967946460124255;0,978275093764944;0,975032931857578;0,971587193005703;0,967162830246231;0,961957893574368;0,960506670029164;0,958777783790746;0,956491140107575;0,952888629694337;0,949366609289328;NA;NA
2023-01-12;"alle";47;48,4;47;47;48;48;49;50;50;50;51;51;332;338,2;332,666666666667;335;336;338;341;341;342;343;344;347,15873015873;NA;NA;NA;NA;NA;NA;NA;NA;NA;NA;NA;NA;NA
2023-01-11;"0-60";15;15,2;15;15;15;15;15;15;16;16;16;16;92;92,6;92;92;92;93;93;94;94;94;95;97,4;0,989270560280682;0,993837702073378;0,992402572405976;0,990874180758478;0,988810508911216;0,986082348745261;0,985335609277925;0,9843900739283;0,983017114704445;0,980939922079771;0,978903570260405;NA;NA
2023-01-11;"60+";45;45,9;45;45;45;46;46;47;47;47;48;48;262;267;263;264;265;267;269;270;270;271;272;273;0,980053064013416;0,98689365538423;0,984812812666868;0,982588241046356;0,979825280932953;0,976699499709756;0,975856771253881;0,974799405611552;0,97333966418927;0,971042189629704;0,968935196265892;NA;NA
2023-01-11;"alle";60;61,1;60;60;60;61;62;62;62;63;63;64;354;359,7;354,878448275862;357;358;360;362;363;363;364;366;367,188793103448;NA;NA;NA;NA;NA;NA;NA;NA;NA;NA;NA;NA;NA
2023-01-10;"0-60";27;27,2;27;27;27;27;27;27;28;28;28;28;109;109,5;109;109;109;109;110;110;111;111;112;114,5;0,993203858082661;0,996305190369684;0,995314467431224;0,994270790956429;0,992779523329866;0,990759989730781;0,990125346577724;0,989366927092644;0,988239215660778;0,986194646335852;0,983879118646396;NA;NA
2023-01-10;"60+";68;69;68;68;68;69;70;70;70;71;71;72;301;305,7;301;303;304;306;308;308;309;310;311;313,867297297297;0,985020353602064;0,990382210418867;0,988731123149791;0,987035363962665;0,984826638723029;0,982206331307184;0,981509600487556;0,980665676152145;0,979522310324483;0,977630614760869;0,975755909402992;NA;NA
2023-01-10;"alle";95;96,2;95;95;95;96;97;97;97;98;98;99;410;415,3;410,022727272727;412;414;415;417;418;419;420;421;423,522727272727;NA;NA;NA;NA;NA;NA;NA;NA;NA;NA;NA;NA;NA
2023-01-09;"0-60";0;0;0;0;0;0;0;0;0;0;0;0;112;112,4;112;112;112;112;113;113;113;114;114;117,6;0,996452215997761;0,999698205362689;0,99926988708198;0,998366591066778;0,99605687804516;0,990350564354953;0,988029532850843;0,984514861339876;0,978595825609877;0,965925276920067;0,949439516123259;NA;NA
2023-01-09;"60+";0;0;0;0;0;0;0;0;0;0;0;0;359;363,4;359;360,183448275862;362;363;365;366;366;368,224827586207;369;376,6;0,990432148454601;0,999173494231518;0,998087404322751;0,995845670505031;0,990276964870593;0,977054872701543;0,972039882118717;0,964319940115187;0,95199508325949;0,927429550852106;0,895242538596285;NA;NA
2023-01-09;"alle";0;0;0;0;0;0;0;0;0;0;0;0;471;475,8;471,2115;473;474;476;478;479;479;480;481;484,494;NA;NA;NA;NA;NA;NA;NA;NA;NA;NA;NA;NA;NA
2023-01-08;"0-60";0;0;0;0;0;0;0;0;0;0;0;0;112;112,4;112;112;112;112;113;113;113;114;114;117,6;0,989433864374212;0,996973996199438;0,995250936581148;0,992848779694205;0,98838145198541;0,98073604836391;0,977989342568903;0,97440011639334;0,968673380836688;0,956670777799538;0,941245376206965;NA;NA
2023-01-08;"60+";0;0;0;0;0;0;0;0;0;0;0;0;359;363,4;359;359,784962406015;362;363;365;366;366;368,822556390977;369;376,6;0,967471824405373;0,988573765091599;0,983691935783064;0,977374396974926;0,966998903137077;0,952213127502909;0,947630367427934;0,941551130073334;0,933137585239145;0,919045866693526;0,904605324030874;NA;NA
2023-01-08;"alle";0;0;0;0;0;0;0;0;0;0;0;0;471;475,8;471;473;474;476;478;479;479;480;481;490,2;NA;NA;NA;NA;NA;NA;NA;NA;NA;NA;NA;NA;NA
2023-01-07;"0-60";16;16,1;16;16;16;16;16;16;17;17;17;17;112;112,4;112;112;112;112;113;113;113;114;114;117,6;0,992326604913558;0,996992285466304;0,995901429362392;0,994454886358994;0,991880228398135;0,987109833078857;0,985377152955109;0,98267945345153;0,978574468570708;0,969134628993812;0,958076420225025;NA;NA
2023-01-07;"60+";43;44,2;43;43;43;44;45;45;45;46;46;47;359;363,4;359;359,5;362;363;365;366;366;369,25;369;376,6;0,973403509866153;0,984942837827052;0,98165981128229;0,978145672138396;0,973131947231406;0,966551762827758;0,964583637093071;0,96206520458384;0,959171027369438;0,953295867955915;0,948906271332943;NA;NA
2023-01-07;"alle";59;60,3;59;59;59;60;61;61;62;62;63;63;471;475,8;471;472,458064516129;474;476;478;479;479;480,812903225806;481;490,2;NA;NA;NA;NA;NA;NA;NA;NA;NA;NA;NA;NA;NA
2023-01-06;"0-60";18;18,1;18;18;18;18;18;18;18;19;19;19;122;122,3;122;122;122;122;123;123;123;123;124;127,7;0,994422546648719;0,998044068006347;0,99721765889522;0,996151512252317;0,994125083849139;0,990409527818919;0,989053623314089;0,986883788076496;0,983853699430159;0,976413330344402;0,967625732700989;NA;NA
2023-01-06;"60+";53;54,1;53;53;53;54;55;55;55;56;56;57;378;381,8;378;378;380;382;383;384;384;388,2;387;394,2;0,979784689005771;0,988642752016086;0,986216067412938;0,983543882748501;0,97957791437235;0,974504529266978;0,973061254564879;0,971099531765059;0,968677071043418;0,964505738382622;0,960501807997052;NA;NA
2023-01-06;"alle";71;72,2;71;71;71;72;73;73;74;74;75;75;500;504,1;500;501,172923076923;503;504;506;507;507;509,536;509;517,9;NA;NA;NA;NA;NA;NA;NA;NA;NA;NA;NA;NA;NA
2023-01-05;"0-60";16;16,1;16;16;16;16;16;16;16;16;17;17;120;120,2;120;120;120;120;120,6;121;121;121,8;122;123,8;0,995839539408301;0,998687839124845;0,998084093992054;0,997235631656948;0,995688065436596;0,992754747411912;0,991698873533507;0,99004171313588;0,987588415217415;0,982223922299288;0,974986789014398;NA;NA
2023-01-05;"60+";53;53,8;53;53;53;54;54;55;55;55;56;56;420;423,7;420;420;422;424;425;425;426;428,875;427;432,3;0,984632070016872;0,991518433477695;0,989558445235775;0,987447581825368;0,984451297575891;0,980536757434707;0,979450685331281;0,978026883286548;0,976012537225844;0,972850396255499;0,969673026528036;NA;NA
2023-01-05;"alle";69;69,9;69;69;69;70;71;71;71;71;72;72;540;543,9;540;540,642857142857;543;544;545;546;546;549,214285714286;548;554,1;NA;NA;NA;NA;NA;NA;NA;NA;NA;NA;NA;NA;NA
2023-01-04;"0-60";32;32,1;32;32;32;32;32;32;32;32;33;33;134;134,1;134;134;134;134;134,3;134;135;135,9;135;137,9;0,997781683753763;0,999349521011545;0,999005934125553;0,998543593618531;0,99777103936433;0,996529249999369;0,996147473593005;0,995666936163642;0,994879261656411;0,993514432258782;0,991944475105165;NA;NA
2023-01-04;"60+";84;84,6;84;84;84;84;85;85;85;86;86;87;469;471,9;469;469;471;472;473;473;474;476,1;475;480,1;0,992919239933108;0,995819506353769;0,994954501965482;0,994075040537475;0,992882269139297;0,991491888810909;0,991108753006763;0,990638204523999;0,989972102431183;0,988906950595221;0,98782784001392;NA;NA
2023-01-04;"alle";116;116,7;116;116;116;116;117;117;118;118;118;119;603;606;603;603;605;606;607;607;608;610;609;614;NA;NA;NA;NA;NA;NA;NA;NA;NA;NA;NA;NA;NA
2023-01-03;"0-60";30;30;30;30;30;30;30;30;30;30;31;31;153;153,1;153;153;153,1;153;153,1;153;153;154,9;154;154,9;0,998503439162918;0,999691170570417;0,999468145933671;0,999135752190587;0,998495391431039;0,997339699289868;0,996954890824701;0,996392072386465;0,995561645413218;0,993906946900767;0,991990499309285;NA;NA
2023-01-03;"60+";126;126,7;126;126;126;127;127;127;128;128;128;129;551;553,3;551;551;552;553;554;554;555;556,7;556;558,7;0,994125580304068;0,996806775533013;0,996031375451931;0,995249528637787;0,994105294924995;0,992711722287661;0,99232127697323;0,991818787359737;0,991082193931075;0,990042032377182;0,988942634113843;NA;NA
2023-01-03;"alle";156;156,8;156;156;156;157;157;158;158;158;159;159;704;706,3;704;704;705;706;707;707;708;709,7;709;713,7;NA;NA;NA;NA;NA;NA;NA;NA;NA;NA;NA;NA;NA
2023-01-02;"0-60";0;0;0;0;0;0;0;0;0;0;0;0;123;123;123;123;123;123;123;123;123;123;124;125;0,999150950380325;0,999964045672181;0,999892275349045;0,999714591833134;0,999136040646507;0,997415472956125;0,996607298157955;0,995281766675171;0,993117947029718;0,987346372516587;0,978692240269685;NA;NA
2023-01-02;"60+";0;0;0;0;0;0;0;0;0;0;0;0;426;427,5;426;426;427;427;428;428;428;430,5;429;432,5;0,995804468427014;0,999664655752166;0,999211122464754;0,998247037210014;0,995831531837875;0,989926760726936;0,98760094843821;0,984095333256751;0,978195638489642;0,965780087689864;0,950547513188393;NA;NA
2023-01-02;"alle";0;0;0;0;0;0;0;0;0;0;0;0;549;550,5;549;549;550;550;551;551;551;553,5;552;555,5;NA;NA;NA;NA;NA;NA;NA;NA;NA;NA;NA;NA;NA
2023-01-01;"0-60";0;0;0;0;0;0;0;0;0;0;0;0;123;123;123;123;123;123;123;123;123;123;124;125;0,997669624145477;0,999829526782774;0,99958019858199;0,999058560565499;0,997676104435855;0,994257642367952;0,99273152414714;0,990393532915435;0,986921806965894;0,978355804377721;0,967577984527672;NA;NA
2023-01-01;"60+";0;0;0;0;0;0;0;0;0;0;0;0;426;427,5;426;426;427;427;428;428;428;430,5;429;432,5;0,986688436560296;0,996153176654793;0,994115246424048;0,991382225826356;0,986832166790287;0,979643086773209;0,977433202815004;0,974179758105056;0,96979737622101;0,962056462470962;0,954256367213372;NA;NA
2023-01-01;"alle";0;0;0;0;0;0;0;0;0;0;0;0;549;550,5;549;549;550;550;551;551;551;553,5;552;555,5;NA;NA;NA;NA;NA;NA;NA;NA;NA;NA;NA;NA;NA
2022-12-31;"0-60";26;26;26;26;26;26;26;26;26;26;27;27;123;123;123;123;123;123;123;123;123;123;124;125;0,998762966215559;0,999926998617445;0,999805680271905;0,999534149357913;0,998768409450563;0,996770853716046;0,995892509135096;0,994488152446269;0,992281415692318;0,98735427538782;0,980385767274633;26;123
2022-12-31;"60+";62;62,5;62;62;62;62;63;63;63;64;64;65;426;427,5;426;426;427,5;427;427,5;428;428;430,5;429;432,5;0,991813583115645;0,996842862551958;0,99554665238341;0,994119454586844;0,991845207536577;0,988683347012404;0,987685009274777;0,986439156104861;0,984666695041668;0,981585483992565;0,97890323899828;62;426
2022-12-31;"alle";88;88,5;88;88;88;88;89;89;89;90;90;91;549;550,5;549;549;550;550;551;551;551;553,5;552;555,5;NA;NA;NA;NA;NA;NA;NA;NA;NA;NA;NA;88;549
2022-12-30;"0-60";16;16;16;16;16;16;16;16;16;16;16;16;119;119;119;119;119;119;119;119;119;119;119;119;1;1;1;1;1;1;1;1;1;1;1;16;119
2022-12-30;"60+";95;95;95;95;95;95;95;95;95;95;95;95;436;436;436;436;436;436;436;436;436;436;436;436;1;1;1;1;1;1;1;1;1;1;1;95;434
2022-12-30;"alle";111;111;111;111;111;111;111;111;111;111;111;111;555;555;555;555;555;555;555;555;555;555;555;555;1;1;1;1;1;1;1;1;1;1;1;111;553
2022-12-29;"0-60";30;30;30;30;30;30;30;30;30;30;30;30;125;125;125;125;125;125;125;125;125;125;125;125;1;1;1;1;1;1;1;1;1;1;1;30;125
2022-12-29;"60+";102;102;102;102;102;102;102;102;102;102;102;102;432;432;432;432;432;432;432;432;432;432;432;432;1;1;1;1;1;1;1;1;1;1;1;102;430
2022-12-29;"alle";132;132;132;132;132;132;132;132;132;132;132;132;557;557;557;557;557;557;557;557;557;557;557;557;1;1;1;1;1;1;1;1;1;1;1;132;555
2022-12-28;"0-60";51;51;51;51;51;51;51;51;51;51;51;51;118;118;118;118;118;118;118;118;118;118;118;118;1;1;1;1;1;1;1;1;1;1;1;51;118
2022-12-28;"60+";166;166;166;166;166;166;166;166;166;166;166;166;421;421;421;421;421;421;421;421;421;421;421;421;1;1;1;1;1;1;1;1;1;1;1;166;419
2022-12-28;"alle";217;217;217;217;217;217;217;217;217;217;217;217;539;539;539;539;539;539;539;539;539;539;539;539;1;1;1;1;1;1;1;1;1;1;1;217;537
2022-12-27;"0-60";0;0;0;0;0;0;0;0;0;0;0;0;114;114;114;114;114;114;114;114;114;114;114;114;1;1;1;1;1;1;1;1;1;1;1;0;114
2022-12-27;"60+";1;1;1;1;1;1;1;1;1;1;1;1;426;426;426;426;426;426;426;426;426;426;426;426;1;1;1;1;1;1;1;1;1;1;1;1;424
2022-12-27;"alle";1;1;1;1;1;1;1;1;1;1;1;1;540;540;540;540;540;540;540;540;540;540;540;540;1;1;1;1;1;1;1;1;1;1;1;1;538
2022-12-26;"0-60";0;0;0;0;0;0;0;0;0;0;0;0;144;144;144;144;144;144;144;144;144;144;144;144;1;1;1;1;1;1;1;1;1;1;1;0;144
2022-12-26;"60+";0;0;0;0;0;0;0;0;0;0;0;0;562;562;562;562;562;562;562;562;562;562;562;562;1;1;1;1;1;1;1;1;1;1;1;0;560
2022-12-26;"alle";0;0;0;0;0;0;0;0;0;0;0;0;706;706;706;706;706;706;706;706;706;706;706;706;1;1;1;1;1;1;1;1;1;1;1;0;704
2022-12-25;"0-60";0;0;0;0;0;0;0;0;0;0;0;0;144;144;144;144;144;144;144;144;144;144;144;144;1;1;1;1;1;1;1;1;1;1;1;0;144
2022-12-25;"60+";0;0;0;0;0;0;0;0;0;0;0;0;564;564;564;564;564;564;564;564;564;564;564;564;1;1;1;1;1;1;1;1;1;1;1;0;562
2022-12-25;"alle";0;0;0;0;0;0;0;0;0;0;0;0;708;708;708;708;708;708;708;708;708;708;708;708;1;1;1;1;1;1;1;1;1;1;1;0;706
2022-12-24;"0-60";22;22;22;22;22;22;22;22;22;22;22;22;144;144;144;144;144;144;144;144;144;144;144;144;1;1;1;1;1;1;1;1;1;1;1;22;144
2022-12-24;"60+";72;72;72;72;72;72;72;72;72;72;72;72;569;569;569;569;569;569;569;569;569;569;569;569;1;1;1;1;1;1;1;1;1;1;1;70;567
2022-12-24;"alle";94;94;94;94;94;94;94;94;94;94;94;94;713;713;713;713;713;713;713;713;713;713;713;713;1;1;1;1;1;1;1;1;1;1;1;92;711
2022-12-23;"0-60";22;22;22;22;22;22;22;22;22;22;22;22;139;139;139;139;139;139;139;139;139;139;139;139;1;1;1;1;1;1;1;1;1;1;1;22;139
2022-12-23;"60+";91;91;91;91;91;91;91;91;91;91;91;91;609;609;609;609;609;609;609;609;609;609;609;609;1;1;1;1;1;1;1;1;1;1;1;91;609
2022-12-23;"alle";113;113;113;113;113;113;113;113;113;113;113;113;748;748;748;748;748;748;748;748;748;748;748;748;1;1;1;1;1;1;1;1;1;1;1;113;748
2022-12-22;"0-60";23;23;23;23;23;23;23;23;23;23;23;23;135;135;135;135;135;135;135;135;135;135;135;135;1;1;1;1;1;1;1;1;1;1;1;23;135
2022-12-22;"60+";91;91;91;91;91;91;91;91;91;91;91;91;603;603;603;603;603;603;603;603;603;603;603;603;1;1;1;1;1;1;1;1;1;1;1;91;603
2022-12-22;"alle";114;114;114;114;114;114;114;114;114;114;114;114;738;738;738;738;738;738;738;738;738;738;738;738;1;1;1;1;1;1;1;1;1;1;1;114;738
2022-12-21;"0-60";47;47;47;47;47;47;47;47;47;47;47;47;141;141;141;141;141;141;141;141;141;141;141;141;1;1;1;1;1;1;1;1;1;1;1;47;141
2022-12-21;"60+";171;171;171;171;171;171;171;171;171;171;171;171;605;605;605;605;605;605;605;605;605;605;605;605;1;1;1;1;1;1;1;1;1;1;1;171;605
2022-12-21;"alle";218;218;218;218;218;218;218;218;218;218;218;218;746;746;746;746;746;746;746;746;746;746;746;746;1;1;1;1;1;1;1;1;1;1;1;218;747
2022-12-20;"0-60";30;30;30;30;30;30;30;30;30;30;30;30;145;145;145;145;145;145;145;145;145;145;145;145;1;1;1;1;1;1;1;1;1;1;1;30;145
2022-12-20;"60+";137;137;137;137;137;137;137;137;137;137;137;137;571;571;571;571;571;571;571;571;571;571;571;571;1;1;1;1;1;1;1;1;1;1;1;137;571
2022-12-20;"alle";167;167;167;167;167;167;167;167;167;167;167;167;716;716;716;716;716;716;716;716;716;716;716;716;1;1;1;1;1;1;1;1;1;1;1;167;717
2022-12-19;"0-60";0;0;0;0;0;0;0;0;0;0;0;0;150;150;150;150;150;150;150;150;150;150;150;150;1;1;1;1;1;1;1;1;1;1;1;0;150
2022-12-19;"60+";2;2;2;2;2;2;2;2;2;2;2;2;589;589;589;589;589;589;589;589;589;589;589;589;1;1;1;1;1;1;1;1;1;1;1;2;583
2022-12-19;"alle";2;2;2;2;2;2;2;2;2;2;2;2;739;739;739;739;739;739;739;739;739;739;739;739;1;1;1;1;1;1;1;1;1;1;1;2;734
2022-12-18;"0-60";0;0;0;0;0;0;0;0;0;0;0;0;150;150;150;150;150;150;150;150;150;150;150;150;1;1;1;1;1;1;1;1;1;1;1;0;150
2022-12-18;"60+";5;5;5;5;5;5;5;5;5;5;5;5;587;587;587;587;587;587;587;587;587;587;587;587;1;1;1;1;1;1;1;1;1;1;1;5;581
2022-12-18;"alle";5;5;5;5;5;5;5;5;5;5;5;5;737;737;737;737;737;737;737;737;737;737;737;737;1;1;1;1;1;1;1;1;1;1;1;5;732
2022-12-17;"0-60";17;17;17;17;17;17;17;17;17;17;17;17;150;150;150;150;150;150;150;150;150;150;150;150;1;1;1;1;1;1;1;1;1;1;1;17;150
2022-12-17;"60+";112;112;112;112;112;112;112;112;112;112;112;112;590;590;590;590;590;590;590;590;590;590;590;590;1;1;1;1;1;1;1;1;1;1;1;112;584
2022-12-17;"alle";129;129;129;129;129;129;129;129;129;129;129;129;740;740;740;740;740;740;740;740;740;740;740;740;1;1;1;1;1;1;1;1;1;1;1;129;735
2022-12-16;"0-60";18;18;18;18;18;18;18;18;18;18;18;18;158;158;158;158;158;158;158;158;158;158;158;158;1;1;1;1;1;1;1;1;1;1;1;18;158
2022-12-16;"60+";85;85;85;85;85;85;85;85;85;85;85;85;556;556;556;556;556;556;556;556;556;556;556;556;1;1;1;1;1;1;1;1;1;1;1;85;550
2022-12-16;"alle";103;103;103;103;103;103;103;103;103;103;103;103;714;714;714;714;714;714;714;714;714;714;714;714;1;1;1;1;1;1;1;1;1;1;1;103;709
2022-12-15;"0-60";29;29;29;29;29;29;29;29;29;29;29;29;165;165;165;165;165;165;165;165;165;165;165;165;1;1;1;1;1;1;1;1;1;1;1;29;164
2022-12-15;"60+";93;93;93;93;93;93;93;93;93;93;93;93;573;573;573;573;573;573;573;573;573;573;573;573;1;1;1;1;1;1;1;1;1;1;1;93;565
2022-12-15;"alle";122;122;122;122;122;122;122;122;122;122;122;122;738;738;738;738;738;738;738;738;738;738;738;738;1;1;1;1;1;1;1;1;1;1;1;123;730
2022-12-14;"0-60";51;51;51;51;51;51;51;51;51;51;51;51;168;168;168;168;168;168;168;168;168;168;168;168;1;1;1;1;1;1;1;1;1;1;1;51;167
2022-12-14;"60+";137;137;137;137;137;137;137;137;137;137;137;137;582;582;582;582;582;582;582;582;582;582;582;582;1;1;1;1;1;1;1;1;1;1;1;137;574
2022-12-14;"alle";188;188;188;188;188;188;188;188;188;188;188;188;750;750;750;750;750;750;750;750;750;750;750;750;1;1;1;1;1;1;1;1;1;1;1;188;742
2022-12-13;"0-60";35;35;35;35;35;35;35;35;35;35;35;35;147;147;147;147;147;147;147;147;147;147;147;147;1;1;1;1;1;1;1;1;1;1;1;35;146
2022-12-13;"60+";155;155;155;155;155;155;155;155;155;155;155;155;560;560;560;560;560;560;560;560;560;560;560;560;1;1;1;1;1;1;1;1;1;1;1;149;551
2022-12-13;"alle";190;190;190;190;190;190;190;190;190;190;190;190;707;707;707;707;707;707;707;707;707;707;707;707;NA;NA;NA;NA;NA;NA;NA;NA;NA;NA;NA;184;698
2022-12-12;"0-60";0;0;0;0;0;0;0;0;0;0;0;0;148;148;148;148;148;148;148;148;148;148;148;148;1;1;1;1;1;1;1;1;1;1;1;0;146
2022-12-12;"60+";0;0;0;0;0;0;0;0;0;0;0;0;540;540;540;540;540;540;540;540;540;540;540;540;1;1;1;1;1;1;1;1;1;1;1;0;533
2022-12-12;"alle";0;0;0;0;0;0;0;0;0;0;0;0;688;688;688;688;688;688;688;688;688;688;688;688;NA;NA;NA;NA;NA;NA;NA;NA;NA;NA;NA;0;680
2022-12-11;"0-60";0;0;0;0;0;0;0;0;0;0;0;0;148;148;148;148;148;148;148;148;148;148;148;148;1;1;1;1;1;1;1;1;1;1;1;0;146
2022-12-11;"60+";8;8;8;8;8;8;8;8;8;8;8;8;540;540;540;540;540;540;540;540;540;540;540;540;1;1;1;1;1;1;1;1;1;1;1;8;533
2022-12-11;"alle";8;8;8;8;8;8;8;8;8;8;8;8;688;688;688;688;688;688;688;688;688;688;688;688;NA;NA;NA;NA;NA;NA;NA;NA;NA;NA;NA;8;680
2022-12-10;"0-60";25;25;25;25;25;25;25;25;25;25;25;25;148;148;148;148;148;148;148;148;148;148;148;148;1;1;1;1;1;1;1;1;1;1;1;25;146
2022-12-10;"60+";78;78;78;78;78;78;78;78;78;78;78;78;532;532;532;532;532;532;532;532;532;532;532;532;1;1;1;1;1;1;1;1;1;1;1;78;525
2022-12-10;"alle";103;103;103;103;103;103;103;103;103;103;103;103;680;680;680;680;680;680;680;680;680;680;680;680;NA;NA;NA;NA;NA;NA;NA;NA;NA;NA;NA;103;672
2022-12-09;"0-60";25;25;25;25;25;25;25;25;25;25;25;25;140;140;140;140;140;140;140;140;140;140;140;140;1;1;1;1;1;1;1;1;1;1;1;24;138
2022-12-09;"60+";102;102;102;102;102;102;102;102;102;102;102;102;508;508;508;508;508;508;508;508;508;508;508;508;1;1;1;1;1;1;1;1;1;1;1;100;501
2022-12-09;"alle";127;127;127;127;127;127;127;127;127;127;127;127;648;648;648;648;648;648;648;648;648;648;648;648;NA;NA;NA;NA;NA;NA;NA;NA;NA;NA;NA;124;640
2022-12-08;"0-60";32;32;32;32;32;32;32;32;32;32;32;32;140;140;140;140;140;140;140;140;140;140;140;140;1;1;1;1;1;1;1;1;1;1;1;32;139
2022-12-08;"60+";102;102;102;102;102;102;102;102;102;102;102;102;489;489;489;489;489;489;489;489;489;489;489;489;1;1;1;1;1;1;1;1;1;1;1;102;484
2022-12-08;"alle";134;134;134;134;134;134;134;134;134;134;134;134;629;629;629;629;629;629;629;629;629;629;629;629;NA;NA;NA;NA;NA;NA;NA;NA;NA;NA;NA;135;625
2022-12-07;"0-60";30;30;30;30;30;30;30;30;30;30;30;30;129;129;129;129;129;129;129;129;129;129;129;129;1;1;1;1;1;1;1;1;1;1;1;30;128
2022-12-07;"60+";115;115;115;115;115;115;115;115;115;115;115;115;478;478;478;478;478;478;478;478;478;478;478;478;1;1;1;1;1;1;1;1;1;1;1;114;471
2022-12-07;"alle";145;145;145;145;145;145;145;145;145;145;145;145;607;607;607;607;607;607;607;607;607;607;607;607;NA;NA;NA;NA;NA;NA;NA;NA;NA;NA;NA;144;600
2022-12-06;"0-60";36;36;36;36;36;36;36;36;36;36;36;36;147;147;147;147;147;147;147;147;147;147;147;147;1;1;1;1;1;1;1;1;1;1;1;35;146
2022-12-06;"60+";135;135;135;135;135;135;135;135;135;135;135;135;461;461;461;461;461;461;461;461;461;461;461;461;1;1;1;1;1;1;1;1;1;1;1;131;453
2022-12-06;"alle";171;171;171;171;171;171;171;171;171;171;171;171;608;608;608;608;608;608;608;608;608;608;608;608;NA;NA;NA;NA;NA;NA;NA;NA;NA;NA;NA;166;600
2022-12-05;"0-60";0;0;0;0;0;0;0;0;0;0;0;0;156;156;156;156;156;156;156;156;156;156;156;156;1;1;1;1;1;1;1;1;1;1;1;0;155
2022-12-05;"60+";0;0;0;0;0;0;0;0;0;0;0;0;448;448;448;448;448;448;448;448;448;448;448;448;1;1;1;1;1;1;1;1;1;1;1;0;442
2022-12-05;"alle";0;0;0;0;0;0;0;0;0;0;0;0;604;604;604;604;604;604;604;604;604;604;604;604;NA;NA;NA;NA;NA;NA;NA;NA;NA;NA;NA;0;599
2022-12-04;"0-60";0;0;0;0;0;0;0;0;0;0;0;0;156;156;156;156;156;156;156;156;156;156;156;156;1;1;1;1;1;1;1;1;1;1;1;0;155
2022-12-04;"60+";0;0;0;0;0;0;0;0;0;0;0;0;448;448;448;448;448;448;448;448;448;448;448;448;1;1;1;1;1;1;1;1;1;1;1;0;442
2022-12-04;"alle";0;0;0;0;0;0;0;0;0;0;0;0;604;604;604;604;604;604;604;604;604;604;604;604;NA;NA;NA;NA;NA;NA;NA;NA;NA;NA;NA;0;599
2022-12-03;"0-60";17;17;17;17;17;17;17;17;17;17;17;17;156;156;156;156;156;156;156;156;156;156;156;156;1;1;1;1;1;1;1;1;1;1;1;17;155
2022-12-03;"60+";54;54;54;54;54;54;54;54;54;54;54;54;448;448;448;448;448;448;448;448;448;448;448;448;1;1;1;1;1;1;1;1;1;1;1;54;442
2022-12-03;"alle";71;71;71;71;71;71;71;71;71;71;71;71;604;604;604;604;604;604;604;604;604;604;604;604;NA;NA;NA;NA;NA;NA;NA;NA;NA;NA;NA;71;599
2022-12-02;"0-60";25;25;25;25;25;25;25;25;25;25;25;25;148;148;148;148;148;148;148;148;148;148;148;148;1;1;1;1;1;1;1;1;1;1;1;25;147
2022-12-02;"60+";83;83;83;83;83;83;83;83;83;83;83;83;445;445;445;445;445;445;445;445;445;445;445;445;1;1;1;1;1;1;1;1;1;1;1;83;439
2022-12-02;"alle";108;108;108;108;108;108;108;108;108;108;108;108;593;593;593;593;593;593;593;593;593;593;593;593;NA;NA;NA;NA;NA;NA;NA;NA;NA;NA;NA;109;588
2022-12-01;"0-60";21;21;21;21;21;21;21;21;21;21;21;21;137;137;137;137;137;137;137;137;137;137;137;137;1;1;1;1;1;1;1;1;1;1;1;21;136
2022-12-01;"60+";91;91;91;91;91;91;91;91;91;91;91;91;416;416;416;416;416;416;416;416;416;416;416;416;1;1;1;1;1;1;1;1;1;1;1;89;408
2022-12-01;"alle";112;112;112;112;112;112;112;112;112;112;112;112;553;553;553;553;553;553;553;553;553;553;553;553;NA;NA;NA;NA;NA;NA;NA;NA;NA;NA;NA;110;545
2022-11-30;"0-60";48;48;48;48;48;48;48;48;48;48;48;48;135;135;135;135;135;135;135;135;135;135;135;135;1;1;1;1;1;1;1;1;1;1;1;48;134
2022-11-30;"60+";98;98;98;98;98;98;98;98;98;98;98;98;368;368;368;368;368;368;368;368;368;368;368;368;1;1;1;1;1;1;1;1;1;1;1;96;362
2022-11-30;"alle";146;146;146;146;146;146;146;146;146;146;146;146;503;503;503;503;503;503;503;503;503;503;503;503;NA;NA;NA;NA;NA;NA;NA;NA;NA;NA;NA;144;497
2022-11-29;"0-60";45;45;45;45;45;45;45;45;45;45;45;45;112;112;112;112;112;112;112;112;112;112;112;112;1;1;1;1;1;1;1;1;1;1;1;44;111
2022-11-29;"60+";122;122;122;122;122;122;122;122;122;122;122;122;328;328;328;328;328;328;328;328;328;328;328;328;1;1;1;1;1;1;1;1;1;1;1;120;323
2022-11-29;"alle";167;167;167;167;167;167;167;167;167;167;167;167;440;440;440;440;440;440;440;440;440;440;440;440;NA;NA;NA;NA;NA;NA;NA;NA;NA;NA;NA;165;435
2022-11-28;"0-60";0;0;0;0;0;0;0;0;0;0;0;0;96;96;96;96;96;96;96;96;96;96;96;96;1;1;1;1;1;1;1;1;1;1;1;0;96
2022-11-28;"60+";0;0;0;0;0;0;0;0;0;0;0;0;288;288;288;288;288;288;288;288;288;288;288;288;1;1;1;1;1;1;1;1;1;1;1;0;285
2022-11-28;"alle";0;0;0;0;0;0;0;0;0;0;0;0;384;384;384;384;384;384;384;384;384;384;384;384;NA;NA;NA;NA;NA;NA;NA;NA;NA;NA;NA;0;381
2022-11-27;"0-60";0;0;0;0;0;0;0;0;0;0;0;0;97;97;97;97;97;97;97;97;97;97;97;97;1;1;1;1;1;1;1;1;1;1;1;0;97
2022-11-27;"60+";0;0;0;0;0;0;0;0;0;0;0;0;290;290;290;290;290;290;290;290;290;290;290;290;1;1;1;1;1;1;1;1;1;1;1;0;287
2022-11-27;"alle";0;0;0;0;0;0;0;0;0;0;0;0;387;387;387;387;387;387;387;387;387;387;387;387;NA;NA;NA;NA;NA;NA;NA;NA;NA;NA;NA;0;384
2022-11-26;"0-60";9;9;9;9;9;9;9;9;9;9;9;9;99;99;99;99;99;99;99;99;99;99;99;99;1;1;1;1;1;1;1;1;1;1;1;9;99
2022-11-26;"60+";51;51;51;51;51;51;51;51;51;51;51;51;290;290;290;290;290;290;290;290;290;290;290;290;1;1;1;1;1;1;1;1;1;1;1;51;287
2022-11-26;"alle";60;60;60;60;60;60;60;60;60;60;60;60;389;389;389;389;389;389;389;389;389;389;389;389;NA;NA;NA;NA;NA;NA;NA;NA;NA;NA;NA;60;386
2022-11-25;"0-60";14;14;14;14;14;14;14;14;14;14;14;14;96;96;96;96;96;96;96;96;96;96;96;96;1;1;1;1;1;1;1;1;1;1;1;14;96
2022-11-25;"60+";54;54;54;54;54;54;54;54;54;54;54;54;277;277;277;277;277;277;277;277;277;277;277;277;1;1;1;1;1;1;1;1;1;1;1;52;274
2022-11-25;"alle";68;68;68;68;68;68;68;68;68;68;68;68;373;373;373;373;373;373;373;373;373;373;373;373;NA;NA;NA;NA;NA;NA;NA;NA;NA;NA;NA;66;370
2022-11-24;"0-60";19;19;19;19;19;19;19;19;19;19;19;19;90;90;90;90;90;90;90;90;90;90;90;90;1;1;1;1;1;1;1;1;1;1;1;19;90
2022-11-24;"60+";43;43;43;43;43;43;43;43;43;43;43;43;253;253;253;253;253;253;253;253;253;253;253;253;1;1;1;1;1;1;1;1;1;1;1;43;252
2022-11-24;"alle";62;62;62;62;62;62;62;62;62;62;62;62;343;343;343;343;343;343;343;343;343;343;343;343;NA;NA;NA;NA;NA;NA;NA;NA;NA;NA;NA;62;342
2022-11-23;"0-60";25;25;25;25;25;25;25;25;25;25;25;25;81;81;81;81;81;81;81;81;81;81;81;81;1;1;1;1;1;1;1;1;1;1;1;25;80
2022-11-23;"60+";58;58;58;58;58;58;58;58;58;58;58;58;258;258;258;258;258;258;258;258;258;258;258;258;1;1;1;1;1;1;1;1;1;1;1;57;256
2022-11-23;"alle";83;83;83;83;83;83;83;83;83;83;83;83;339;339;339;339;339;339;339;339;339;339;339;339;NA;NA;NA;NA;NA;NA;NA;NA;NA;NA;NA;82;337
2022-11-22;"0-60";29;29;29;29;29;29;29;29;29;29;29;29;74;74;74;74;74;74;74;74;74;74;74;74;1;1;1;1;1;1;1;1;1;1;1;29;73
2022-11-22;"60+";82;82;82;82;82;82;82;82;82;82;82;82;261;261;261;261;261;261;261;261;261;261;261;261;1;1;1;1;1;1;1;1;1;1;1;82;259
2022-11-22;"alle";111;111;111;111;111;111;111;111;111;111;111;111;335;335;335;335;335;335;335;335;335;335;335;335;NA;NA;NA;NA;NA;NA;NA;NA;NA;NA;NA;111;333
2022-11-21;"0-60";1;1;1;1;1;1;1;1;1;1;1;1;79;79;79;79;79;79;79;79;79;79;79;79;1;1;1;1;1;1;1;1;1;1;1;1;78
2022-11-21;"60+";2;2;2;2;2;2;2;2;2;2;2;2;259;259;259;259;259;259;259;259;259;259;259;259;1;1;1;1;1;1;1;1;1;1;1;2;256
2022-11-21;"alle";3;3;3;3;3;3;3;3;3;3;3;3;338;338;338;338;338;338;338;338;338;338;338;338;NA;NA;NA;NA;NA;NA;NA;NA;NA;NA;NA;3;335
2022-11-20;"0-60";2;2;2;2;2;2;2;2;2;2;2;2;79;79;79;79;79;79;79;79;79;79;79;79;1;1;1;1;1;1;1;1;1;1;1;2;78
2022-11-20;"60+";0;0;0;0;0;0;0;0;0;0;0;0;257;257;257;257;257;257;257;257;257;257;257;257;1;1;1;1;1;1;1;1;1;1;1;0;254
2022-11-20;"alle";2;2;2;2;2;2;2;2;2;2;2;2;336;336;336;336;336;336;336;336;336;336;336;336;NA;NA;NA;NA;NA;NA;NA;NA;NA;NA;NA;2;333
2022-11-19;"0-60";6;6;6;6;6;6;6;6;6;6;6;6;77;77;77;77;77;77;77;77;77;77;77;77;1;1;1;1;1;1;1;1;1;1;1;6;76
2022-11-19;"60+";38;38;38;38;38;38;38;38;38;38;38;38;259;259;259;259;259;259;259;259;259;259;259;259;1;1;1;1;1;1;1;1;1;1;1;38;256
2022-11-19;"alle";44;44;44;44;44;44;44;44;44;44;44;44;336;336;336;336;336;336;336;336;336;336;336;336;NA;NA;NA;NA;NA;NA;NA;NA;NA;NA;NA;44;333
2022-11-18;"0-60";8;8;8;8;8;8;8;8;8;8;8;8;85;85;85;85;85;85;85;85;85;85;85;85;1;1;1;1;1;1;1;1;1;1;1;8;84
2022-11-18;"60+";30;30;30;30;30;30;30;30;30;30;30;30;270;270;270;270;270;270;270;270;270;270;270;270;1;1;1;1;1;1;1;1;1;1;1;30;267
2022-11-18;"alle";38;38;38;38;38;38;38;38;38;38;38;38;355;355;355;355;355;355;355;355;355;355;355;355;NA;NA;NA;NA;NA;NA;NA;NA;NA;NA;NA;38;352
2022-11-17;"0-60";10;10;10;10;10;10;10;10;10;10;10;10;85;85;85;85;85;85;85;85;85;85;85;85;1;1;1;1;1;1;1;1;1;1;1;9;84
2022-11-17;"60+";48;48;48;48;48;48;48;48;48;48;48;48;287;287;287;287;287;287;287;287;287;287;287;287;1;1;1;1;1;1;1;1;1;1;1;47;284
2022-11-17;"alle";58;58;58;58;58;58;58;58;58;58;58;58;372;372;372;372;372;372;372;372;372;372;372;372;NA;NA;NA;NA;NA;NA;NA;NA;NA;NA;NA;57;369
2022-11-16;"0-60";18;18;18;18;18;18;18;18;18;18;18;18;91;91;91;91;91;91;91;91;91;91;91;91;1;1;1;1;1;1;1;1;1;1;1;18;91
2022-11-16;"60+";61;61;61;61;61;61;61;61;61;61;61;61;279;279;279;279;279;279;279;279;279;279;279;279;1;1;1;1;1;1;1;1;1;1;1;60;277
2022-11-16;"alle";79;79;79;79;79;79;79;79;79;79;79;79;370;370;370;370;370;370;370;370;370;370;370;370;NA;NA;NA;NA;NA;NA;NA;NA;NA;NA;NA;78;368
2022-11-15;"0-60";34;34;34;34;34;34;34;34;34;34;34;34;95;95;95;95;95;95;95;95;95;95;95;95;1;1;1;1;1;1;1;1;1;1;1;34;95
2022-11-15;"60+";80;80;80;80;80;80;80;80;80;80;80;80;259;259;259;259;259;259;259;259;259;259;259;259;1;1;1;1;1;1;1;1;1;1;1;79;258
2022-11-15;"alle";114;114;114;114;114;114;114;114;114;114;114;114;354;354;354;354;354;354;354;354;354;354;354;354;NA;NA;NA;NA;NA;NA;NA;NA;NA;NA;NA;113;353
2022-11-14;"0-60";1;1;1;1;1;1;1;1;1;1;1;1;85;85;85;85;85;85;85;85;85;85;85;85;1;1;1;1;1;1;1;1;1;1;1;1;84
2022-11-14;"60+";0;0;0;0;0;0;0;0;0;0;0;0;249;249;249;249;249;249;249;249;249;249;249;249;1;1;1;1;1;1;1;1;1;1;1;0;248
2022-11-14;"alle";1;1;1;1;1;1;1;1;1;1;1;1;334;334;334;334;334;334;334;334;334;334;334;334;NA;NA;NA;NA;NA;NA;NA;NA;NA;NA;NA;1;333
2022-11-13;"0-60";0;0;0;0;0;0;0;0;0;0;0;0;84;84;84;84;84;84;84;84;84;84;84;84;1;1;1;1;1;1;1;1;1;1;1;0;83
2022-11-13;"60+";2;2;2;2;2;2;2;2;2;2;2;2;250;250;250;250;250;250;250;250;250;250;250;250;1;1;1;1;1;1;1;1;1;1;1;2;249
2022-11-13;"alle";2;2;2;2;2;2;2;2;2;2;2;2;334;334;334;334;334;334;334;334;334;334;334;334;NA;NA;NA;NA;NA;NA;NA;NA;NA;NA;NA;2;333
2022-11-12;"0-60";14;14;14;14;14;14;14;14;14;14;14;14;85;85;85;85;85;85;85;85;85;85;85;85;1;1;1;1;1;1;1;1;1;1;1;14;84
2022-11-12;"60+";49;49;49;49;49;49;49;49;49;49;49;49;252;252;252;252;252;252;252;252;252;252;252;252;1;1;1;1;1;1;1;1;1;1;1;49;251
2022-11-12;"alle";63;63;63;63;63;63;63;63;63;63;63;63;337;337;337;337;337;337;337;337;337;337;337;337;NA;NA;NA;NA;NA;NA;NA;NA;NA;NA;NA;63;336
2022-11-11;"0-60";8;8;8;8;8;8;8;8;8;8;8;8;82;82;82;82;82;82;82;82;82;82;82;82;1;1;1;1;1;1;1;1;1;1;1;8;81
2022-11-11;"60+";47;47;47;47;47;47;47;47;47;47;47;47;237;237;237;237;237;237;237;237;237;237;237;237;1;1;1;1;1;1;1;1;1;1;1;47;236
2022-11-11;"alle";55;55;55;55;55;55;55;55;55;55;55;55;319;319;319;319;319;319;319;319;319;319;319;319;NA;NA;NA;NA;NA;NA;NA;NA;NA;NA;NA;55;318
2022-11-10;"0-60";16;16;16;16;16;16;16;16;16;16;16;16;83;83;83;83;83;83;83;83;83;83;83;83;1;1;1;1;1;1;1;1;1;1;1;16;81
2022-11-10;"60+";40;40;40;40;40;40;40;40;40;40;40;40;230;230;230;230;230;230;230;230;230;230;230;230;1;1;1;1;1;1;1;1;1;1;1;40;229
2022-11-10;"alle";56;56;56;56;56;56;56;56;56;56;56;56;313;313;313;313;313;313;313;313;313;313;313;313;NA;NA;NA;NA;NA;NA;NA;NA;NA;NA;NA;56;311
2022-11-09;"0-60";22;22;22;22;22;22;22;22;22;22;22;22;88;88;88;88;88;88;88;88;88;88;88;88;1;1;1;1;1;1;1;1;1;1;1;22;85
2022-11-09;"60+";41;41;41;41;41;41;41;41;41;41;41;41;243;243;243;243;243;243;243;243;243;243;243;243;1;1;1;1;1;1;1;1;1;1;1;41;242
2022-11-09;"alle";63;63;63;63;63;63;63;63;63;63;63;63;331;331;331;331;331;331;331;331;331;331;331;331;NA;NA;NA;NA;NA;NA;NA;NA;NA;NA;NA;63;328
2022-11-08;"0-60";24;24;24;24;24;24;24;24;24;24;24;24;90;90;90;90;90;90;90;90;90;90;90;90;1;1;1;1;1;1;1;1;1;1;1;23;86
2022-11-08;"60+";70;70;70;70;70;70;70;70;70;70;70;70;260;260;260;260;260;260;260;260;260;260;260;260;1;1;1;1;1;1;1;1;1;1;1;69;258
2022-11-08;"alle";94;94;94;94;94;94;94;94;94;94;94;94;350;350;350;350;350;350;350;350;350;350;350;350;NA;NA;NA;NA;NA;NA;NA;NA;NA;NA;NA;93;345
2022-11-07;"0-60";0;0;0;0;0;0;0;0;0;0;0;0;96;96;96;96;96;96;96;96;96;96;96;96;1;1;1;1;1;1;1;1;1;1;1;0;93
2022-11-07;"60+";1;1;1;1;1;1;1;1;1;1;1;1;277;277;277;277;277;277;277;277;277;277;277;277;1;1;1;1;1;1;1;1;1;1;1;1;275
2022-11-07;"alle";1;1;1;1;1;1;1;1;1;1;1;1;373;373;373;373;373;373;373;373;373;373;373;373;NA;NA;NA;NA;NA;NA;NA;NA;NA;NA;NA;1;368
2022-11-06;"0-60";1;1;1;1;1;1;1;1;1;1;1;1;96;96;96;96;96;96;96;96;96;96;96;96;1;1;1;1;1;1;1;1;1;1;1;1;93
2022-11-06;"60+";4;4;4;4;4;4;4;4;4;4;4;4;276;276;276;276;276;276;276;276;276;276;276;276;1;1;1;1;1;1;1;1;1;1;1;4;274
2022-11-06;"alle";5;5;5;5;5;5;5;5;5;5;5;5;372;372;372;372;372;372;372;372;372;372;372;372;NA;NA;NA;NA;NA;NA;NA;NA;NA;NA;NA;5;367
2022-11-05;"0-60";11;11;11;11;11;11;11;11;11;11;11;11;97;97;97;97;97;97;97;97;97;97;97;97;1;1;1;1;1;1;1;1;1;1;1;11;94
2022-11-05;"60+";34;34;34;34;34;34;34;34;34;34;34;34;274;274;274;274;274;274;274;274;274;274;274;274;1;1;1;1;1;1;1;1;1;1;1;34;272
2022-11-05;"alle";45;45;45;45;45;45;45;45;45;45;45;45;371;371;371;371;371;371;371;371;371;371;371;371;NA;NA;NA;NA;NA;NA;NA;NA;NA;NA;NA;45;366
2022-11-04;"0-60";9;9;9;9;9;9;9;9;9;9;9;9;99;99;99;99;99;99;99;99;99;99;99;99;1;1;1;1;1;1;1;1;1;1;1;8;96
2022-11-04;"60+";40;40;40;40;40;40;40;40;40;40;40;40;276;276;276;276;276;276;276;276;276;276;276;276;1;1;1;1;1;1;1;1;1;1;1;40;274
2022-11-04;"alle";49;49;49;49;49;49;49;49;49;49;49;49;375;375;375;375;375;375;375;375;375;375;375;375;NA;NA;NA;NA;NA;NA;NA;NA;NA;NA;NA;48;370
2022-11-03;"0-60";21;21;21;21;21;21;21;21;21;21;21;21;103;103;103;103;103;103;103;103;103;103;103;103;1;1;1;1;1;1;1;1;1;1;1;20;101
2022-11-03;"60+";53;53;53;53;53;53;53;53;53;53;53;53;310;310;310;310;310;310;310;310;310;310;310;310;1;1;1;1;1;1;1;1;1;1;1;53;307
2022-11-03;"alle";74;74;74;74;74;74;74;74;74;74;74;74;413;413;413;413;413;413;413;413;413;413;413;413;NA;NA;NA;NA;NA;NA;NA;NA;NA;NA;NA;73;408
2022-11-02;"0-60";24;24;24;24;24;24;24;24;24;24;24;24;111;111;111;111;111;111;111;111;111;111;111;111;1;1;1;1;1;1;1;1;1;1;1;23;110
2022-11-02;"60+";58;58;58;58;58;58;58;58;58;58;58;58;304;304;304;304;304;304;304;304;304;304;304;304;1;1;1;1;1;1;1;1;1;1;1;57;301
2022-11-02;"alle";82;82;82;82;82;82;82;82;82;82;82;82;415;415;415;415;415;415;415;415;415;415;415;415;NA;NA;NA;NA;NA;NA;NA;NA;NA;NA;NA;80;411
2022-11-01;"0-60";30;30;30;30;30;30;30;30;30;30;30;30;112;112;112;112;112;112;112;112;112;112;112;112;1;1;1;1;1;1;1;1;1;1;1;30;111
2022-11-01;"60+";87;87;87;87;87;87;87;87;87;87;87;87;326;326;326;326;326;326;326;326;326;326;326;326;1;1;1;1;1;1;1;1;1;1;1;86;322
2022-11-01;"alle";117;117;117;117;117;117;117;117;117;117;117;117;438;438;438;438;438;438;438;438;438;438;438;438;NA;NA;NA;NA;NA;NA;NA;NA;NA;NA;NA;116;433
2022-10-31;"0-60";0;0;0;0;0;0;0;0;0;0;0;0;110;110;110;110;110;110;110;110;110;110;110;110;1;1;1;1;1;1;1;1;1;1;1;0;108
2022-10-31;"60+";0;0;0;0;0;0;0;0;0;0;0;0;332;332;332;332;332;332;332;332;332;332;332;332;1;1;1;1;1;1;1;1;1;1;1;0;328
2022-10-31;"alle";0;0;0;0;0;0;0;0;0;0;0;0;442;442;442;442;442;442;442;442;442;442;442;442;NA;NA;NA;NA;NA;NA;NA;NA;NA;NA;NA;0;436
2022-10-30;"0-60";2;2;2;2;2;2;2;2;2;2;2;2;113;113;113;113;113;113;113;113;113;113;113;113;1;1;1;1;1;1;1;1;1;1;1;2;111
2022-10-30;"60+";2;2;2;2;2;2;2;2;2;2;2;2;337;337;337;337;337;337;337;337;337;337;337;337;1;1;1;1;1;1;1;1;1;1;1;2;333
2022-10-30;"alle";4;4;4;4;4;4;4;4;4;4;4;4;450;450;450;450;450;450;450;450;450;450;450;450;NA;NA;NA;NA;NA;NA;NA;NA;NA;NA;NA;4;444
2022-10-29;"0-60";13;13;13;13;13;13;13;13;13;13;13;13;112;112;112;112;112;112;112;112;112;112;112;112;1;1;1;1;1;1;1;1;1;1;1;13;110
2022-10-29;"60+";36;36;36;36;36;36;36;36;36;36;36;36;338;338;338;338;338;338;338;338;338;338;338;338;1;1;1;1;1;1;1;1;1;1;1;36;334
2022-10-29;"alle";49;49;49;49;49;49;49;49;49;49;49;49;450;450;450;450;450;450;450;450;450;450;450;450;NA;NA;NA;NA;NA;NA;NA;NA;NA;NA;NA;49;444
2022-10-28;"0-60";13;13;13;13;13;13;13;13;13;13;13;13;114;114;114;114;114;114;114;114;114;114;114;114;1;1;1;1;1;1;1;1;1;1;1;13;112
2022-10-28;"60+";74;74;74;74;74;74;74;74;74;74;74;74;367;367;367;367;367;367;367;367;367;367;367;367;1;1;1;1;1;1;1;1;1;1;1;73;361
2022-10-28;"alle";87;87;87;87;87;87;87;87;87;87;87;87;481;481;481;481;481;481;481;481;481;481;481;481;NA;NA;NA;NA;NA;NA;NA;NA;NA;NA;NA;86;473
2022-10-27;"0-60";29;29;29;29;29;29;29;29;29;29;29;29;117;117;117;117;117;117;117;117;117;117;117;117;1;1;1;1;1;1;1;1;1;1;1;29;115
2022-10-27;"60+";47;47;47;47;47;47;47;47;47;47;47;47;366;366;366;366;366;366;366;366;366;366;366;366;1;1;1;1;1;1;1;1;1;1;1;47;360
2022-10-27;"alle";76;76;76;76;76;76;76;76;76;76;76;76;483;483;483;483;483;483;483;483;483;483;483;483;NA;NA;NA;NA;NA;NA;NA;NA;NA;NA;NA;76;475
2022-10-26;"0-60";25;25;25;25;25;25;25;25;25;25;25;25;105;105;105;105;105;105;105;105;105;105;105;105;1;1;1;1;1;1;1;1;1;1;1;24;102
2022-10-26;"60+";80;80;80;80;80;80;80;80;80;80;80;80;389;389;389;389;389;389;389;389;389;389;389;389;1;1;1;1;1;1;1;1;1;1;1;78;378
2022-10-26;"alle";105;105;105;105;105;105;105;105;105;105;105;105;494;494;494;494;494;494;494;494;494;494;494;494;NA;NA;NA;NA;NA;NA;NA;NA;NA;NA;NA;102;480
2022-10-25;"0-60";28;28;28;28;28;28;28;28;28;28;28;28;106;106;106;106;106;106;106;106;106;106;106;106;1;1;1;1;1;1;1;1;1;1;1;27;103
2022-10-25;"60+";93;93;93;93;93;93;93;93;93;93;93;93;408;408;408;408;408;408;408;408;408;408;408;408;1;1;1;1;1;1;1;1;1;1;1;92;395
2022-10-25;"alle";121;121;121;121;121;121;121;121;121;121;121;121;514;514;514;514;514;514;514;514;514;514;514;514;NA;NA;NA;NA;NA;NA;NA;NA;NA;NA;NA;119;498
2022-10-24;"0-60";3;3;3;3;3;3;3;3;3;3;3;3;107;107;107;107;107;107;107;107;107;107;107;107;1;1;1;1;1;1;1;1;1;1;1;3;104
2022-10-24;"60+";5;5;5;5;5;5;5;5;5;5;5;5;468;468;468;468;468;468;468;468;468;468;468;468;1;1;1;1;1;1;1;1;1;1;1;5;456
2022-10-24;"alle";8;8;8;8;8;8;8;8;8;8;8;8;575;575;575;575;575;575;575;575;575;575;575;575;NA;NA;NA;NA;NA;NA;NA;NA;NA;NA;NA;8;560
2022-10-23;"0-60";1;1;1;1;1;1;1;1;1;1;1;1;104;104;104;104;104;104;104;104;104;104;104;104;1;1;1;1;1;1;1;1;1;1;1;1;101
2022-10-23;"60+";3;3;3;3;3;3;3;3;3;3;3;3;465;465;465;465;465;465;465;465;465;465;465;465;1;1;1;1;1;1;1;1;1;1;1;3;453
2022-10-23;"alle";4;4;4;4;4;4;4;4;4;4;4;4;569;569;569;569;569;569;569;569;569;569;569;569;NA;NA;NA;NA;NA;NA;NA;NA;NA;NA;NA;4;554
2022-10-22;"0-60";15;15;15;15;15;15;15;15;15;15;15;15;103;103;103;103;103;103;103;103;103;103;103;103;1;1;1;1;1;1;1;1;1;1;1;15;100
2022-10-22;"60+";65;65;65;65;65;65;65;65;65;65;65;65;468;468;468;468;468;468;468;468;468;468;468;468;1;1;1;1;1;1;1;1;1;1;1;63;455
2022-10-22;"alle";80;80;80;80;80;80;80;80;80;80;80;80;571;571;571;571;571;571;571;571;571;571;571;571;NA;NA;NA;NA;NA;NA;NA;NA;NA;NA;NA;78;555
2022-10-21;"0-60";16;16;16;16;16;16;16;16;16;16;16;16;103;103;103;103;103;103;103;103;103;103;103;103;1;1;1;1;1;1;1;1;1;1;1;16;100
2022-10-21;"60+";73;73;73;73;73;73;73;73;73;73;73;73;480;480;480;480;480;480;480;480;480;480;480;480;1;1;1;1;1;1;1;1;1;1;1;72;468
2022-10-21;"alle";89;89;89;89;89;89;89;89;89;89;89;89;583;583;583;583;583;583;583;583;583;583;583;583;NA;NA;NA;NA;NA;NA;NA;NA;NA;NA;NA;88;568
2022-10-20;"0-60";17;17;17;17;17;17;17;17;17;17;17;17;96;96;96;96;96;96;96;96;96;96;96;96;1;1;1;1;1;1;1;1;1;1;1;16;93
2022-10-20;"60+";70;70;70;70;70;70;70;70;70;70;70;70;493;493;493;493;493;493;493;493;493;493;493;493;1;1;1;1;1;1;1;1;1;1;1;65;480
2022-10-20;"alle";87;87;87;87;87;87;87;87;87;87;87;87;589;589;589;589;589;589;589;589;589;589;589;589;NA;NA;NA;NA;NA;NA;NA;NA;NA;NA;NA;81;573
2022-10-19;"0-60";26;26;26;26;26;26;26;26;26;26;26;26;100;100;100;100;100;100;100;100;100;100;100;100;1;1;1;1;1;1;1;1;1;1;1;25;97
2022-10-19;"60+";99;99;99;99;99;99;99;99;99;99;99;99;489;489;489;489;489;489;489;489;489;489;489;489;1;1;1;1;1;1;1;1;1;1;1;95;479
2022-10-19;"alle";125;125;125;125;125;125;125;125;125;125;125;125;589;589;589;589;589;589;589;589;589;589;589;589;NA;NA;NA;NA;NA;NA;NA;NA;NA;NA;NA;120;576
2022-10-18;"0-60";29;29;29;29;29;29;29;29;29;29;29;29;89;89;89;89;89;89;89;89;89;89;89;89;1;1;1;1;1;1;1;1;1;1;1;28;87
2022-10-18;"60+";153;153;153;153;153;153;153;153;153;153;153;153;472;472;472;472;472;472;472;472;472;472;472;472;1;1;1;1;1;1;1;1;1;1;1;153;465
2022-10-18;"alle";182;182;182;182;182;182;182;182;182;182;182;182;561;561;561;561;561;561;561;561;561;561;561;561;NA;NA;NA;NA;NA;NA;NA;NA;NA;NA;NA;181;552
2022-10-17;"0-60";0;0;0;0;0;0;0;0;0;0;0;0;76;76;76;76;76;76;76;76;76;76;76;76;1;1;1;1;1;1;1;1;1;1;1;0;75
2022-10-17;"60+";2;2;2;2;2;2;2;2;2;2;2;2;451;451;451;451;451;451;451;451;451;451;451;451;1;1;1;1;1;1;1;1;1;1;1;2;443
2022-10-17;"alle";2;2;2;2;2;2;2;2;2;2;2;2;527;527;527;527;527;527;527;527;527;527;527;527;NA;NA;NA;NA;NA;NA;NA;NA;NA;NA;NA;2;518
2022-10-16;"0-60";0;0;0;0;0;0;0;0;0;0;0;0;76;76;76;76;76;76;76;76;76;76;76;76;1;1;1;1;1;1;1;1;1;1;1;0;75
2022-10-16;"60+";6;6;6;6;6;6;6;6;6;6;6;6;450;450;450;450;450;450;450;450;450;450;450;450;1;1;1;1;1;1;1;1;1;1;1;5;442
2022-10-16;"alle";6;6;6;6;6;6;6;6;6;6;6;6;526;526;526;526;526;526;526;526;526;526;526;526;NA;NA;NA;NA;NA;NA;NA;NA;NA;NA;NA;5;517
2022-10-15;"0-60";15;15;15;15;15;15;15;15;15;15;15;15;76;76;76;76;76;76;76;76;76;76;76;76;1;1;1;1;1;1;1;1;1;1;1;15;75
2022-10-15;"60+";77;77;77;77;77;77;77;77;77;77;77;77;444;444;444;444;444;444;444;444;444;444;444;444;1;1;1;1;1;1;1;1;1;1;1;76;437
2022-10-15;"alle";92;92;92;92;92;92;92;92;92;92;92;92;520;520;520;520;520;520;520;520;520;520;520;520;NA;NA;NA;NA;NA;NA;NA;NA;NA;NA;NA;91;512
2022-10-14;"0-60";9;9;9;9;9;9;9;9;9;9;9;9;85;85;85;85;85;85;85;85;85;85;85;85;1;1;1;1;1;1;1;1;1;1;1;9;84
2022-10-14;"60+";86;86;86;86;86;86;86;86;86;86;86;86;428;428;428;428;428;428;428;428;428;428;428;428;1;1;1;1;1;1;1;1;1;1;1;84;417
2022-10-14;"alle";95;95;95;95;95;95;95;95;95;95;95;95;513;513;513;513;513;513;513;513;513;513;513;513;NA;NA;NA;NA;NA;NA;NA;NA;NA;NA;NA;93;501
2022-10-13;"0-60";21;21;21;21;21;21;21;21;21;21;21;21;92;92;92;92;92;92;92;92;92;92;92;92;1;1;1;1;1;1;1;1;1;1;1;20;91
2022-10-13;"60+";66;66;66;66;66;66;66;66;66;66;66;66;398;398;398;398;398;398;398;398;398;398;398;398;1;1;1;1;1;1;1;1;1;1;1;64;389
2022-10-13;"alle";87;87;87;87;87;87;87;87;87;87;87;87;490;490;490;490;490;490;490;490;490;490;490;490;NA;NA;NA;NA;NA;NA;NA;NA;NA;NA;NA;84;480
2022-10-12;"0-60";15;15;15;15;15;15;15;15;15;15;15;15;95;95;95;95;95;95;95;95;95;95;95;95;1;1;1;1;1;1;1;1;1;1;1;15;95
2022-10-12;"60+";82;82;82;82;82;82;82;82;82;82;82;82;401;401;401;401;401;401;401;401;401;401;401;401;1;1;1;1;1;1;1;1;1;1;1;81;394
2022-10-12;"alle";97;97;97;97;97;97;97;97;97;97;97;97;496;496;496;496;496;496;496;496;496;496;496;496;NA;NA;NA;NA;NA;NA;NA;NA;NA;NA;NA;96;489
2022-10-11;"0-60";16;16;16;16;16;16;16;16;16;16;16;16;115;115;115;115;115;115;115;115;115;115;115;115;1;1;1;1;1;1;1;1;1;1;1;16;114
2022-10-11;"60+";132;132;132;132;132;132;132;132;132;132;132;132;432;432;432;432;432;432;432;432;432;432;432;432;1;1;1;1;1;1;1;1;1;1;1;131;423
2022-10-11;"alle";148;148;148;148;148;148;148;148;148;148;148;148;547;547;547;547;547;547;547;547;547;547;547;547;NA;NA;NA;NA;NA;NA;NA;NA;NA;NA;NA;147;537
2022-10-10;"0-60";0;0;0;0;0;0;0;0;0;0;0;0;99;99;99;99;99;99;99;99;99;99;99;99;1;1;1;1;1;1;1;1;1;1;1;0;98
2022-10-10;"60+";1;1;1;1;1;1;1;1;1;1;1;1;305;305;305;305;305;305;305;305;305;305;305;305;1;1;1;1;1;1;1;1;1;1;1;1;297
2022-10-10;"alle";1;1;1;1;1;1;1;1;1;1;1;1;404;404;404;404;404;404;404;404;404;404;404;404;NA;NA;NA;NA;NA;NA;NA;NA;NA;NA;NA;1;395
2022-10-09;"0-60";0;0;0;0;0;0;0;0;0;0;0;0;99;99;99;99;99;99;99;99;99;99;99;99;1;1;1;1;1;1;1;1;1;1;1;0;98
2022-10-09;"60+";0;0;0;0;0;0;0;0;0;0;0;0;306;306;306;306;306;306;306;306;306;306;306;306;1;1;1;1;1;1;1;1;1;1;1;0;298
2022-10-09;"alle";0;0;0;0;0;0;0;0;0;0;0;0;405;405;405;405;405;405;405;405;405;405;405;405;NA;NA;NA;NA;NA;NA;NA;NA;NA;NA;NA;0;396
2022-10-08;"0-60";24;24;24;24;24;24;24;24;24;24;24;24;100;100;100;100;100;100;100;100;100;100;100;100;1;1;1;1;1;1;1;1;1;1;1;24;99
2022-10-08;"60+";61;61;61;61;61;61;61;61;61;61;61;61;309;309;309;309;309;309;309;309;309;309;309;309;1;1;1;1;1;1;1;1;1;1;1;56;301
2022-10-08;"alle";85;85;85;85;85;85;85;85;85;85;85;85;409;409;409;409;409;409;409;409;409;409;409;409;NA;NA;NA;NA;NA;NA;NA;NA;NA;NA;NA;80;400
2022-10-07;"0-60";16;16;16;16;16;16;16;16;16;16;16;16;89;89;89;89;89;89;89;89;89;89;89;89;1;1;1;1;1;1;1;1;1;1;1;16;88
2022-10-07;"60+";56;56;56;56;56;56;56;56;56;56;56;56;282;282;282;282;282;282;282;282;282;282;282;282;1;1;1;1;1;1;1;1;1;1;1;56;278
2022-10-07;"alle";72;72;72;72;72;72;72;72;72;72;72;72;371;371;371;371;371;371;371;371;371;371;371;371;NA;NA;NA;NA;NA;NA;NA;NA;NA;NA;NA;72;366
2022-10-06;"0-60";24;24;24;24;24;24;24;24;24;24;24;24;88;88;88;88;88;88;88;88;88;88;88;88;1;1;1;1;1;1;1;1;1;1;1;24;87
2022-10-06;"60+";69;69;69;69;69;69;69;69;69;69;69;69;253;253;253;253;253;253;253;253;253;253;253;253;1;1;1;1;1;1;1;1;1;1;1;69;249
2022-10-06;"alle";93;93;93;93;93;93;93;93;93;93;93;93;341;341;341;341;341;341;341;341;341;341;341;341;NA;NA;NA;NA;NA;NA;NA;NA;NA;NA;NA;93;336
2022-10-05;"0-60";35;35;35;35;35;35;35;35;35;35;35;35;74;74;74;74;74;74;74;74;74;74;74;74;1;1;1;1;1;1;1;1;1;1;1;34;73
2022-10-05;"60+";113;113;113;113;113;113;113;113;113;113;113;113;225;225;225;225;225;225;225;225;225;225;225;225;1;1;1;1;1;1;1;1;1;1;1;110;220
2022-10-05;"alle";148;148;148;148;148;148;148;148;148;148;148;148;299;299;299;299;299;299;299;299;299;299;299;299;NA;NA;NA;NA;NA;NA;NA;NA;NA;NA;NA;144;294
2022-10-04;"0-60";0;0;0;0;0;0;0;0;0;0;0;0;61;61;61;61;61;61;61;61;61;61;61;61;1;1;1;1;1;1;1;1;1;1;1;0;60
2022-10-04;"60+";5;5;5;5;5;5;5;5;5;5;5;5;167;167;167;167;167;167;167;167;167;167;167;167;1;1;1;1;1;1;1;1;1;1;1;5;164
2022-10-04;"alle";5;5;5;5;5;5;5;5;5;5;5;5;228;228;228;228;228;228;228;228;228;228;228;228;NA;NA;NA;NA;NA;NA;NA;NA;NA;NA;NA;5;225
2022-10-03;"0-60";0;0;0;0;0;0;0;0;0;0;0;0;86;86;86;86;86;86;86;86;86;86;86;86;1;1;1;1;1;1;1;1;1;1;1;0;85
2022-10-03;"60+";2;2;2;2;2;2;2;2;2;2;2;2;234;234;234;234;234;234;234;234;234;234;234;234;1;1;1;1;1;1;1;1;1;1;1;2;230
2022-10-03;"alle";2;2;2;2;2;2;2;2;2;2;2;2;320;320;320;320;320;320;320;320;320;320;320;320;NA;NA;NA;NA;NA;NA;NA;NA;NA;NA;NA;2;316
2022-10-02;"0-60";1;1;1;1;1;1;1;1;1;1;1;1;86;86;86;86;86;86;86;86;86;86;86;86;1;1;1;1;1;1;1;1;1;1;1;1;85
2022-10-02;"60+";3;3;3;3;3;3;3;3;3;3;3;3;234;234;234;234;234;234;234;234;234;234;234;234;1;1;1;1;1;1;1;1;1;1;1;3;230
2022-10-02;"alle";4;4;4;4;4;4;4;4;4;4;4;4;320;320;320;320;320;320;320;320;320;320;320;320;NA;NA;NA;NA;NA;NA;NA;NA;NA;NA;NA;4;316
2022-10-01;"0-60";13;13;13;13;13;13;13;13;13;13;13;13;85;85;85;85;85;85;85;85;85;85;85;85;1;1;1;1;1;1;1;1;1;1;1;13;84
2022-10-01;"60+";34;34;34;34;34;34;34;34;34;34;34;34;232;232;232;232;232;232;232;232;232;232;232;232;1;1;1;1;1;1;1;1;1;1;1;33;228
2022-10-01;"alle";47;47;47;47;47;47;47;47;47;47;47;47;317;317;317;317;317;317;317;317;317;317;317;317;NA;NA;NA;NA;NA;NA;NA;NA;NA;NA;NA;46;313
2022-09-30;"0-60";15;15;15;15;15;15;15;15;15;15;15;15;83;83;83;83;83;83;83;83;83;83;83;83;1;1;1;1;1;1;1;1;1;1;1;15;82
2022-09-30;"60+";27;27;27;27;27;27;27;27;27;27;27;27;228;228;228;228;228;228;228;228;228;228;228;228;1;1;1;1;1;1;1;1;1;1;1;27;223
2022-09-30;"alle";42;42;42;42;42;42;42;42;42;42;42;42;311;311;311;311;311;311;311;311;311;311;311;311;NA;NA;NA;NA;NA;NA;NA;NA;NA;NA;NA;42;306
2022-09-29;"0-60";10;10;10;10;10;10;10;10;10;10;10;10;74;74;74;74;74;74;74;74;74;74;74;74;1;1;1;1;1;1;1;1;1;1;1;10;73
2022-09-29;"60+";41;41;41;41;41;41;41;41;41;41;41;41;241;241;241;241;241;241;241;241;241;241;241;241;1;1;1;1;1;1;1;1;1;1;1;40;235
2022-09-29;"alle";51;51;51;51;51;51;51;51;51;51;51;51;315;315;315;315;315;315;315;315;315;315;315;315;NA;NA;NA;NA;NA;NA;NA;NA;NA;NA;NA;51;310
2022-09-28;"0-60";22;22;22;22;22;22;22;22;22;22;22;22;76;76;76;76;76;76;76;76;76;76;76;76;1;1;1;1;1;1;1;1;1;1;1;21;75
2022-09-28;"60+";55;55;55;55;55;55;55;55;55;55;55;55;238;238;238;238;238;238;238;238;238;238;238;238;1;1;1;1;1;1;1;1;1;1;1;54;233
2022-09-28;"alle";77;77;77;77;77;77;77;77;77;77;77;77;314;314;314;314;314;314;314;314;314;314;314;314;NA;NA;NA;NA;NA;NA;NA;NA;NA;NA;NA;75;309
2022-09-27;"0-60";25;25;25;25;25;25;25;25;25;25;25;25;66;66;66;66;66;66;66;66;66;66;66;66;1;1;1;1;1;1;1;1;1;1;1;25;66
2022-09-27;"60+";72;72;72;72;72;72;72;72;72;72;72;72;206;206;206;206;206;206;206;206;206;206;206;206;1;1;1;1;1;1;1;1;1;1;1;71;201
2022-09-27;"alle";97;97;97;97;97;97;97;97;97;97;97;97;272;272;272;272;272;272;272;272;272;272;272;272;NA;NA;NA;NA;NA;NA;NA;NA;NA;NA;NA;96;268
2022-09-26;"0-60";0;0;0;0;0;0;0;0;0;0;0;0;64;64;64;64;64;64;64;64;64;64;64;64;1;1;1;1;1;1;1;1;1;1;1;0;64
2022-09-26;"60+";2;2;2;2;2;2;2;2;2;2;2;2;173;173;173;173;173;173;173;173;173;173;173;173;1;1;1;1;1;1;1;1;1;1;1;2;165
2022-09-26;"alle";2;2;2;2;2;2;2;2;2;2;2;2;237;237;237;237;237;237;237;237;237;237;237;237;NA;NA;NA;NA;NA;NA;NA;NA;NA;NA;NA;2;230
2022-09-25;"0-60";0;0;0;0;0;0;0;0;0;0;0;0;64;64;64;64;64;64;64;64;64;64;64;64;1;1;1;1;1;1;1;1;1;1;1;0;64
2022-09-25;"60+";1;1;1;1;1;1;1;1;1;1;1;1;172;172;172;172;172;172;172;172;172;172;172;172;1;1;1;1;1;1;1;1;1;1;1;1;164
2022-09-25;"alle";1;1;1;1;1;1;1;1;1;1;1;1;236;236;236;236;236;236;236;236;236;236;236;236;NA;NA;NA;NA;NA;NA;NA;NA;NA;NA;NA;1;229
2022-09-24;"0-60";11;11;11;11;11;11;11;11;11;11;11;11;66;66;66;66;66;66;66;66;66;66;66;66;1;1;1;1;1;1;1;1;1;1;1;11;66
2022-09-24;"60+";30;30;30;30;30;30;30;30;30;30;30;30;174;174;174;174;174;174;174;174;174;174;174;174;1;1;1;1;1;1;1;1;1;1;1;28;166
2022-09-24;"alle";41;41;41;41;41;41;41;41;41;41;41;41;240;240;240;240;240;240;240;240;240;240;240;240;NA;NA;NA;NA;NA;NA;NA;NA;NA;NA;NA;39;233
2022-09-23;"0-60";6;6;6;6;6;6;6;6;6;6;6;6;65;65;65;65;65;65;65;65;65;65;65;65;1;1;1;1;1;1;1;1;1;1;1;6;65
2022-09-23;"60+";40;40;40;40;40;40;40;40;40;40;40;40;164;164;164;164;164;164;164;164;164;164;164;164;1;1;1;1;1;1;1;1;1;1;1;39;157
2022-09-23;"alle";46;46;46;46;46;46;46;46;46;46;46;46;229;229;229;229;229;229;229;229;229;229;229;229;NA;NA;NA;NA;NA;NA;NA;NA;NA;NA;NA;46;223
2022-09-22;"0-60";12;12;12;12;12;12;12;12;12;12;12;12;68;68;68;68;68;68;68;68;68;68;68;68;1;1;1;1;1;1;1;1;1;1;1;12;68
2022-09-22;"60+";38;38;38;38;38;38;38;38;38;38;38;38;140;140;140;140;140;140;140;140;140;140;140;140;1;1;1;1;1;1;1;1;1;1;1;38;133
2022-09-22;"alle";50;50;50;50;50;50;50;50;50;50;50;50;208;208;208;208;208;208;208;208;208;208;208;208;NA;NA;NA;NA;NA;NA;NA;NA;NA;NA;NA;50;201
2022-09-21;"0-60";12;12;12;12;12;12;12;12;12;12;12;12;61;61;61;61;61;61;61;61;61;61;61;61;1;1;1;1;1;1;1;1;1;1;1;12;61
2022-09-21;"60+";23;23;23;23;23;23;23;23;23;23;23;23;125;125;125;125;125;125;125;125;125;125;125;125;1;1;1;1;1;1;1;1;1;1;1;22;116
2022-09-21;"alle";35;35;35;35;35;35;35;35;35;35;35;35;186;186;186;186;186;186;186;186;186;186;186;186;NA;NA;NA;NA;NA;NA;NA;NA;NA;NA;NA;34;177
2022-09-20;"0-60";23;23;23;23;23;23;23;23;23;23;23;23;57;57;57;57;57;57;57;57;57;57;57;57;1;1;1;1;1;1;1;1;1;1;1;23;56
2022-09-20;"60+";39;39;39;39;39;39;39;39;39;39;39;39;116;116;116;116;116;116;116;116;116;116;116;116;1;1;1;1;1;1;1;1;1;1;1;35;108
2022-09-20;"alle";62;62;62;62;62;62;62;62;62;62;62;62;173;173;173;173;173;173;173;173;173;173;173;173;NA;NA;NA;NA;NA;NA;NA;NA;NA;NA;NA;58;164
2022-09-19;"0-60";0;0;0;0;0;0;0;0;0;0;0;0;40;40;40;40;40;40;40;40;40;40;40;40;1;1;1;1;1;1;1;1;1;1;1;0;39
2022-09-19;"60+";1;1;1;1;1;1;1;1;1;1;1;1;103;103;103;103;103;103;103;103;103;103;103;103;1;1;1;1;1;1;1;1;1;1;1;1;98
2022-09-19;"alle";1;1;1;1;1;1;1;1;1;1;1;1;143;143;143;143;143;143;143;143;143;143;143;143;NA;NA;NA;NA;NA;NA;NA;NA;NA;NA;NA;1;138
2022-09-18;"0-60";2;2;2;2;2;2;2;2;2;2;2;2;41;41;41;41;41;41;41;41;41;41;41;41;1;1;1;1;1;1;1;1;1;1;1;2;40
2022-09-18;"60+";3;3;3;3;3;3;3;3;3;3;3;3;103;103;103;103;103;103;103;103;103;103;103;103;1;1;1;1;1;1;1;1;1;1;1;3;98
2022-09-18;"alle";5;5;5;5;5;5;5;5;5;5;5;5;144;144;144;144;144;144;144;144;144;144;144;144;NA;NA;NA;NA;NA;NA;NA;NA;NA;NA;NA;5;139
2022-09-17;"0-60";10;10;10;10;10;10;10;10;10;10;10;10;40;40;40;40;40;40;40;40;40;40;40;40;1;1;1;1;1;1;1;1;1;1;1;10;39
2022-09-17;"60+";20;20;20;20;20;20;20;20;20;20;20;20;102;102;102;102;102;102;102;102;102;102;102;102;1;1;1;1;1;1;1;1;1;1;1;19;97
2022-09-17;"alle";30;30;30;30;30;30;30;30;30;30;30;30;142;142;142;142;142;142;142;142;142;142;142;142;NA;NA;NA;NA;NA;NA;NA;NA;NA;NA;NA;29;137
2022-09-16;"0-60";9;9;9;9;9;9;9;9;9;9;9;9;34;34;34;34;34;34;34;34;34;34;34;34;1;1;1;1;1;1;1;1;1;1;1;9;33
2022-09-16;"60+";16;16;16;16;16;16;16;16;16;16;16;16;96;96;96;96;96;96;96;96;96;96;96;96;1;1;1;1;1;1;1;1;1;1;1;15;91
2022-09-16;"alle";25;25;25;25;25;25;25;25;25;25;25;25;130;130;130;130;130;130;130;130;130;130;130;130;NA;NA;NA;NA;NA;NA;NA;NA;NA;NA;NA;24;125
2022-09-15;"0-60";5;5;5;5;5;5;5;5;5;5;5;5;33;33;33;33;33;33;33;33;33;33;33;33;1;1;1;1;1;1;1;1;1;1;1;5;31
2022-09-15;"60+";23;23;23;23;23;23;23;23;23;23;23;23;97;97;97;97;97;97;97;97;97;97;97;97;1;1;1;1;1;1;1;1;1;1;1;21;92
2022-09-15;"alle";28;28;28;28;28;28;28;28;28;28;28;28;130;130;130;130;130;130;130;130;130;130;130;130;NA;NA;NA;NA;NA;NA;NA;NA;NA;NA;NA;26;124
2022-09-14;"0-60";8;8;8;8;8;8;8;8;8;8;8;8;34;34;34;34;34;34;34;34;34;34;34;34;1;1;1;1;1;1;1;1;1;1;1;7;32
2022-09-14;"60+";14;14;14;14;14;14;14;14;14;14;14;14;89;89;89;89;89;89;89;89;89;89;89;89;1;1;1;1;1;1;1;1;1;1;1;14;84
2022-09-14;"alle";22;22;22;22;22;22;22;22;22;22;22;22;123;123;123;123;123;123;123;123;123;123;123;123;NA;NA;NA;NA;NA;NA;NA;NA;NA;NA;NA;21;117
2022-09-13;"0-60";6;6;6;6;6;6;6;6;6;6;6;6;33;33;33;33;33;33;33;33;33;33;33;33;1;1;1;1;1;1;1;1;1;1;1;6;32
2022-09-13;"60+";26;26;26;26;26;26;26;26;26;26;26;26;98;98;98;98;98;98;98;98;98;98;98;98;1;1;1;1;1;1;1;1;1;1;1;25;93
2022-09-13;"alle";32;32;32;32;32;32;32;32;32;32;32;32;131;131;131;131;131;131;131;131;131;131;131;131;NA;NA;NA;NA;NA;NA;NA;NA;NA;NA;NA;32;126
2022-09-12;"0-60";1;1;1;1;1;1;1;1;1;1;1;1;41;41;41;41;41;41;41;41;41;41;41;41;1;1;1;1;1;1;1;1;1;1;1;1;40
2022-09-12;"60+";1;1;1;1;1;1;1;1;1;1;1;1;92;92;92;92;92;92;92;92;92;92;92;92;1;1;1;1;1;1;1;1;1;1;1;1;88
2022-09-12;"alle";2;2;2;2;2;2;2;2;2;2;2;2;133;133;133;133;133;133;133;133;133;133;133;133;NA;NA;NA;NA;NA;NA;NA;NA;NA;NA;NA;2;128
2022-09-11;"0-60";1;1;1;1;1;1;1;1;1;1;1;1;42;42;42;42;42;42;42;42;42;42;42;42;1;1;1;1;1;1;1;1;1;1;1;1;41
2022-09-11;"60+";2;2;2;2;2;2;2;2;2;2;2;2;92;92;92;92;92;92;92;92;92;92;92;92;1;1;1;1;1;1;1;1;1;1;1;2;88
2022-09-11;"alle";3;3;3;3;3;3;3;3;3;3;3;3;134;134;134;134;134;134;134;134;134;134;134;134;NA;NA;NA;NA;NA;NA;NA;NA;NA;NA;NA;3;129
2022-09-10;"0-60";4;4;4;4;4;4;4;4;4;4;4;4;43;43;43;43;43;43;43;43;43;43;43;43;1;1;1;1;1;1;1;1;1;1;1;4;42
2022-09-10;"60+";14;14;14;14;14;14;14;14;14;14;14;14;97;97;97;97;97;97;97;97;97;97;97;97;1;1;1;1;1;1;1;1;1;1;1;13;92
2022-09-10;"alle";18;18;18;18;18;18;18;18;18;18;18;18;140;140;140;140;140;140;140;140;140;140;140;140;NA;NA;NA;NA;NA;NA;NA;NA;NA;NA;NA;17;134
2022-09-09;"0-60";8;8;8;8;8;8;8;8;8;8;8;8;51;51;51;51;51;51;51;51;51;51;51;51;1;1;1;1;1;1;1;1;1;1;1;7;48
2022-09-09;"60+";17;17;17;17;17;17;17;17;17;17;17;17;95;95;95;95;95;95;95;95;95;95;95;95;1;1;1;1;1;1;1;1;1;1;1;16;91
2022-09-09;"alle";25;25;25;25;25;25;25;25;25;25;25;25;146;146;146;146;146;146;146;146;146;146;146;146;NA;NA;NA;NA;NA;NA;NA;NA;NA;NA;NA;23;139
2022-09-08;"0-60";6;6;6;6;6;6;6;6;6;6;6;6;56;56;56;56;56;56;56;56;56;56;56;56;1;1;1;1;1;1;1;1;1;1;1;6;53
2022-09-08;"60+";15;15;15;15;15;15;15;15;15;15;15;15;89;89;89;89;89;89;89;89;89;89;89;89;1;1;1;1;1;1;1;1;1;1;1;13;85
2022-09-08;"alle";21;21;21;21;21;21;21;21;21;21;21;21;145;145;145;145;145;145;145;145;145;145;145;145;NA;NA;NA;NA;NA;NA;NA;NA;NA;NA;NA;19;138
2022-09-07;"0-60";7;7;7;7;7;7;7;7;7;7;7;7;58;58;58;58;58;58;58;58;58;58;58;58;1;1;1;1;1;1;1;1;1;1;1;7;53
2022-09-07;"60+";23;23;23;23;23;23;23;23;23;23;23;23;90;90;90;90;90;90;90;90;90;90;90;90;1;1;1;1;1;1;1;1;1;1;1;23;87
2022-09-07;"alle";30;30;30;30;30;30;30;30;30;30;30;30;148;148;148;148;148;148;148;148;148;148;148;148;NA;NA;NA;NA;NA;NA;NA;NA;NA;NA;NA;30;140
2022-09-06;"0-60";14;14;14;14;14;14;14;14;14;14;14;14;60;60;60;60;60;60;60;60;60;60;60;60;1;1;1;1;1;1;1;1;1;1;1;14;54
2022-09-06;"60+";20;20;20;20;20;20;20;20;20;20;20;20;81;81;81;81;81;81;81;81;81;81;81;81;1;1;1;1;1;1;1;1;1;1;1;20;77
2022-09-06;"alle";34;34;34;34;34;34;34;34;34;34;34;34;141;141;141;141;141;141;141;141;141;141;141;141;NA;NA;NA;NA;NA;NA;NA;NA;NA;NA;NA;34;132
2022-09-05;"0-60";2;2;2;2;2;2;2;2;2;2;2;2;57;57;57;57;57;57;57;57;57;57;57;57;1;1;1;1;1;1;1;1;1;1;1;2;50
2022-09-05;"60+";1;1;1;1;1;1;1;1;1;1;1;1;84;84;84;84;84;84;84;84;84;84;84;84;1;1;1;1;1;1;1;1;1;1;1;1;78
2022-09-05;"alle";3;3;3;3;3;3;3;3;3;3;3;3;141;141;141;141;141;141;141;141;141;141;141;141;NA;NA;NA;NA;NA;NA;NA;NA;NA;NA;NA;3;129
2022-09-04;"0-60";2;2;2;2;2;2;2;2;2;2;2;2;57;57;57;57;57;57;57;57;57;57;57;57;1;1;1;1;1;1;1;1;1;1;1;2;50
2022-09-04;"60+";7;7;7;7;7;7;7;7;7;7;7;7;83;83;83;83;83;83;83;83;83;83;83;83;1;1;1;1;1;1;1;1;1;1;1;6;77
2022-09-04;"alle";9;9;9;9;9;9;9;9;9;9;9;9;140;140;140;140;140;140;140;140;140;140;140;140;NA;NA;NA;NA;NA;NA;NA;NA;NA;NA;NA;8;128
2022-09-03;"0-60";12;12;12;12;12;12;12;12;12;12;12;12;55;55;55;55;55;55;55;55;55;55;55;55;1;1;1;1;1;1;1;1;1;1;1;10;48
2022-09-03;"60+";12;12;12;12;12;12;12;12;12;12;12;12;80;80;80;80;80;80;80;80;80;80;80;80;1;1;1;1;1;1;1;1;1;1;1;12;75
2022-09-03;"alle";24;24;24;24;24;24;24;24;24;24;24;24;135;135;135;135;135;135;135;135;135;135;135;135;NA;NA;NA;NA;NA;NA;NA;NA;NA;NA;NA;22;124
2022-09-02;"0-60";13;13;13;13;13;13;13;13;13;13;13;13;53;53;53;53;53;53;53;53;53;53;53;53;1;1;1;1;1;1;1;1;1;1;1;12;47
2022-09-02;"60+";11;11;11;11;11;11;11;11;11;11;11;11;81;81;81;81;81;81;81;81;81;81;81;81;1;1;1;1;1;1;1;1;1;1;1;10;75
2022-09-02;"alle";24;24;24;24;24;24;24;24;24;24;24;24;134;134;134;134;134;134;134;134;134;134;134;134;NA;NA;NA;NA;NA;NA;NA;NA;NA;NA;NA;22;123
2022-09-01;"0-60";8;8;8;8;8;8;8;8;8;8;8;8;50;50;50;50;50;50;50;50;50;50;50;50;1;1;1;1;1;1;1;1;1;1;1;6;45
2022-09-01;"60+";16;16;16;16;16;16;16;16;16;16;16;16;81;81;81;81;81;81;81;81;81;81;81;81;1;1;1;1;1;1;1;1;1;1;1;15;75
2022-09-01;"alle";24;24;24;24;24;24;24;24;24;24;24;24;131;131;131;131;131;131;131;131;131;131;131;131;NA;NA;NA;NA;NA;NA;NA;NA;NA;NA;NA;21;121
2022-08-31;"0-60";9;9;9;9;9;9;9;9;9;9;9;9;62;62;62;62;62;62;62;62;62;62;62;62;1;1;1;1;1;1;1;1;1;1;1;8;59
2022-08-31;"60+";14;14;14;14;14;14;14;14;14;14;14;14;89;89;89;89;89;89;89;89;89;89;89;89;1;1;1;1;1;1;1;1;1;1;1;13;84
2022-08-31;"alle";23;23;23;23;23;23;23;23;23;23;23;23;151;151;151;151;151;151;151;151;151;151;151;151;NA;NA;NA;NA;NA;NA;NA;NA;NA;NA;NA;22;144
2022-08-30;"0-60";11;11;11;11;11;11;11;11;11;11;11;11;67;67;67;67;67;67;67;67;67;67;67;67;1;1;1;1;1;1;1;1;1;1;1;10;64
2022-08-30;"60+";23;23;23;23;23;23;23;23;23;23;23;23;97;97;97;97;97;97;97;97;97;97;97;97;1;1;1;1;1;1;1;1;1;1;1;21;90
2022-08-30;"alle";34;34;34;34;34;34;34;34;34;34;34;34;164;164;164;164;164;164;164;164;164;164;164;164;NA;NA;NA;NA;NA;NA;NA;NA;NA;NA;NA;31;154
2022-08-29;"0-60";2;2;2;2;2;2;2;2;2;2;2;2;69;69;69;69;69;69;69;69;69;69;69;69;1;1;1;1;1;1;1;1;1;1;1;2;67
2022-08-29;"60+";0;0;0;0;0;0;0;0;0;0;0;0;105;105;105;105;105;105;105;105;105;105;105;105;1;1;1;1;1;1;1;1;1;1;1;0;100
2022-08-29;"alle";2;2;2;2;2;2;2;2;2;2;2;2;174;174;174;174;174;174;174;174;174;174;174;174;NA;NA;NA;NA;NA;NA;NA;NA;NA;NA;NA;2;167
2022-08-28;"0-60";0;0;0;0;0;0;0;0;0;0;0;0;68;68;68;68;68;68;68;68;68;68;68;68;1;1;1;1;1;1;1;1;1;1;1;0;66
2022-08-28;"60+";4;4;4;4;4;4;4;4;4;4;4;4;110;110;110;110;110;110;110;110;110;110;110;110;1;1;1;1;1;1;1;1;1;1;1;4;104
2022-08-28;"alle";4;4;4;4;4;4;4;4;4;4;4;4;178;178;178;178;178;178;178;178;178;178;178;178;NA;NA;NA;NA;NA;NA;NA;NA;NA;NA;NA;4;170
2022-08-27;"0-60";10;10;10;10;10;10;10;10;10;10;10;10;69;69;69;69;69;69;69;69;69;69;69;69;1;1;1;1;1;1;1;1;1;1;1;9;67
2022-08-27;"60+";13;13;13;13;13;13;13;13;13;13;13;13;112;112;112;112;112;112;112;112;112;112;112;112;1;1;1;1;1;1;1;1;1;1;1;12;106
2022-08-27;"alle";23;23;23;23;23;23;23;23;23;23;23;23;181;181;181;181;181;181;181;181;181;181;181;181;NA;NA;NA;NA;NA;NA;NA;NA;NA;NA;NA;21;173
2022-08-26;"0-60";10;10;10;10;10;10;10;10;10;10;10;10;67;67;67;67;67;67;67;67;67;67;67;67;1;1;1;1;1;1;1;1;1;1;1;10;66
2022-08-26;"60+";11;11;11;11;11;11;11;11;11;11;11;11;118;118;118;118;118;118;118;118;118;118;118;118;1;1;1;1;1;1;1;1;1;1;1;10;110
2022-08-26;"alle";21;21;21;21;21;21;21;21;21;21;21;21;185;185;185;185;185;185;185;185;185;185;185;185;NA;NA;NA;NA;NA;NA;NA;NA;NA;NA;NA;20;176
2022-08-25;"0-60";20;20;20;20;20;20;20;20;20;20;20;20;63;63;63;63;63;63;63;63;63;63;63;63;1;1;1;1;1;1;1;1;1;1;1;20;60
2022-08-25;"60+";24;24;24;24;24;24;24;24;24;24;24;24;129;129;129;129;129;129;129;129;129;129;129;129;1;1;1;1;1;1;1;1;1;1;1;24;122
2022-08-25;"alle";44;44;44;44;44;44;44;44;44;44;44;44;192;192;192;192;192;192;192;192;192;192;192;192;NA;NA;NA;NA;NA;NA;NA;NA;NA;NA;NA;44;182
2022-08-24;"0-60";14;14;14;14;14;14;14;14;14;14;14;14;56;56;56;56;56;56;56;56;56;56;56;56;1;1;1;1;1;1;1;1;1;1;1;13;52
2022-08-24;"60+";22;22;22;22;22;22;22;22;22;22;22;22;145;145;145;145;145;145;145;145;145;145;145;145;1;1;1;1;1;1;1;1;1;1;1;19;136
2022-08-24;"alle";36;36;36;36;36;36;36;36;36;36;36;36;201;201;201;201;201;201;201;201;201;201;201;201;NA;NA;NA;NA;NA;NA;NA;NA;NA;NA;NA;32;188
2022-08-23;"0-60";13;13;13;13;13;13;13;13;13;13;13;13;61;61;61;61;61;61;61;61;61;61;61;61;1;1;1;1;1;1;1;1;1;1;1;13;58
2022-08-23;"60+";31;31;31;31;31;31;31;31;31;31;31;31;166;166;166;166;166;166;166;166;166;166;166;166;1;1;1;1;1;1;1;1;1;1;1;31;157
2022-08-23;"alle";44;44;44;44;44;44;44;44;44;44;44;44;227;227;227;227;227;227;227;227;227;227;227;227;NA;NA;NA;NA;NA;NA;NA;NA;NA;NA;NA;44;215
2022-08-22;"0-60";1;1;1;1;1;1;1;1;1;1;1;1;71;71;71;71;71;71;71;71;71;71;71;71;1;1;1;1;1;1;1;1;1;1;1;1;68
2022-08-22;"60+";5;5;5;5;5;5;5;5;5;5;5;5;181;181;181;181;181;181;181;181;181;181;181;181;1;1;1;1;1;1;1;1;1;1;1;4;171
2022-08-22;"alle";6;6;6;6;6;6;6;6;6;6;6;6;252;252;252;252;252;252;252;252;252;252;252;252;NA;NA;NA;NA;NA;NA;NA;NA;NA;NA;NA;5;239
2022-08-21;"0-60";1;1;1;1;1;1;1;1;1;1;1;1;74;74;74;74;74;74;74;74;74;74;74;74;1;1;1;1;1;1;1;1;1;1;1;1;71
2022-08-21;"60+";6;6;6;6;6;6;6;6;6;6;6;6;183;183;183;183;183;183;183;183;183;183;183;183;1;1;1;1;1;1;1;1;1;1;1;6;174
2022-08-21;"alle";7;7;7;7;7;7;7;7;7;7;7;7;257;257;257;257;257;257;257;257;257;257;257;257;NA;NA;NA;NA;NA;NA;NA;NA;NA;NA;NA;7;245
2022-08-20;"0-60";8;8;8;8;8;8;8;8;8;8;8;8;74;74;74;74;74;74;74;74;74;74;74;74;1;1;1;1;1;1;1;1;1;1;1;8;71
2022-08-20;"60+";19;19;19;19;19;19;19;19;19;19;19;19;178;178;178;178;178;178;178;178;178;178;178;178;1;1;1;1;1;1;1;1;1;1;1;16;169
2022-08-20;"alle";27;27;27;27;27;27;27;27;27;27;27;27;252;252;252;252;252;252;252;252;252;252;252;252;NA;NA;NA;NA;NA;NA;NA;NA;NA;NA;NA;24;240
2022-08-19;"0-60";6;6;6;6;6;6;6;6;6;6;6;6;82;82;82;82;82;82;82;82;82;82;82;82;1;1;1;1;1;1;1;1;1;1;1;4;79
2022-08-19;"60+";22;22;22;22;22;22;22;22;22;22;22;22;188;188;188;188;188;188;188;188;188;188;188;188;1;1;1;1;1;1;1;1;1;1;1;22;180
2022-08-19;"alle";28;28;28;28;28;28;28;28;28;28;28;28;270;270;270;270;270;270;270;270;270;270;270;270;NA;NA;NA;NA;NA;NA;NA;NA;NA;NA;NA;26;260
2022-08-18;"0-60";13;13;13;13;13;13;13;13;13;13;13;13;88;88;88;88;88;88;88;88;88;88;88;88;1;1;1;1;1;1;1;1;1;1;1;12;85
2022-08-18;"60+";40;40;40;40;40;40;40;40;40;40;40;40;202;202;202;202;202;202;202;202;202;202;202;202;1;1;1;1;1;1;1;1;1;1;1;38;191
2022-08-18;"alle";53;53;53;53;53;53;53;53;53;53;53;53;290;290;290;290;290;290;290;290;290;290;290;290;NA;NA;NA;NA;NA;NA;NA;NA;NA;NA;NA;50;277
2022-08-17;"0-60";19;19;19;19;19;19;19;19;19;19;19;19;97;97;97;97;97;97;97;97;97;97;97;97;1;1;1;1;1;1;1;1;1;1;1;19;94
2022-08-17;"60+";43;43;43;43;43;43;43;43;43;43;43;43;202;202;202;202;202;202;202;202;202;202;202;202;1;1;1;1;1;1;1;1;1;1;1;40;190
2022-08-17;"alle";62;62;62;62;62;62;62;62;62;62;62;62;299;299;299;299;299;299;299;299;299;299;299;299;NA;NA;NA;NA;NA;NA;NA;NA;NA;NA;NA;59;285
2022-08-16;"0-60";23;23;23;23;23;23;23;23;23;23;23;23;98;98;98;98;98;98;98;98;98;98;98;98;1;1;1;1;1;1;1;1;1;1;1;23;93
2022-08-16;"60+";46;46;46;46;46;46;46;46;46;46;46;46;193;193;193;193;193;193;193;193;193;193;193;193;1;1;1;1;1;1;1;1;1;1;1;45;182
2022-08-16;"alle";69;69;69;69;69;69;69;69;69;69;69;69;291;291;291;291;291;291;291;291;291;291;291;291;NA;NA;NA;NA;NA;NA;NA;NA;NA;NA;NA;68;276
2022-08-15;"0-60";4;4;4;4;4;4;4;4;4;4;4;4;85;85;85;85;85;85;85;85;85;85;85;85;1;1;1;1;1;1;1;1;1;1;1;4;80
2022-08-15;"60+";7;7;7;7;7;7;7;7;7;7;7;7;189;189;189;189;189;189;189;189;189;189;189;189;1;1;1;1;1;1;1;1;1;1;1;7;176
2022-08-15;"alle";11;11;11;11;11;11;11;11;11;11;11;11;274;274;274;274;274;274;274;274;274;274;274;274;NA;NA;NA;NA;NA;NA;NA;NA;NA;NA;NA;11;257
2022-08-14;"0-60";1;1;1;1;1;1;1;1;1;1;1;1;82;82;82;82;82;82;82;82;82;82;82;82;1;1;1;1;1;1;1;1;1;1;1;1;77
2022-08-14;"60+";1;1;1;1;1;1;1;1;1;1;1;1;183;183;183;183;183;183;183;183;183;183;183;183;1;1;1;1;1;1;1;1;1;1;1;1;170
2022-08-14;"alle";2;2;2;2;2;2;2;2;2;2;2;2;265;265;265;265;265;265;265;265;265;265;265;265;NA;NA;NA;NA;NA;NA;NA;NA;NA;NA;NA;2;248
2022-08-13;"0-60";16;16;16;16;16;16;16;16;16;16;16;16;83;83;83;83;83;83;83;83;83;83;83;83;1;1;1;1;1;1;1;1;1;1;1;16;78
2022-08-13;"60+";29;29;29;29;29;29;29;29;29;29;29;29;185;185;185;185;185;185;185;185;185;185;185;185;1;1;1;1;1;1;1;1;1;1;1;27;171
2022-08-13;"alle";45;45;45;45;45;45;45;45;45;45;45;45;268;268;268;268;268;268;268;268;268;268;268;268;NA;NA;NA;NA;NA;NA;NA;NA;NA;NA;NA;44;250
2022-08-12;"0-60";12;12;12;12;12;12;12;12;12;12;12;12;77;77;77;77;77;77;77;77;77;77;77;77;1;1;1;1;1;1;1;1;1;1;1;10;70
2022-08-12;"60+";36;36;36;36;36;36;36;36;36;36;36;36;189;189;189;189;189;189;189;189;189;189;189;189;1;1;1;1;1;1;1;1;1;1;1;33;171
2022-08-12;"alle";48;48;48;48;48;48;48;48;48;48;48;48;266;266;266;266;266;266;266;266;266;266;266;266;NA;NA;NA;NA;NA;NA;NA;NA;NA;NA;NA;43;241
2022-08-11;"0-60";22;22;22;22;22;22;22;22;22;22;22;22;82;82;82;82;82;82;82;82;82;82;82;82;1;1;1;1;1;1;1;1;1;1;1;21;75
2022-08-11;"60+";40;40;40;40;40;40;40;40;40;40;40;40;182;182;182;182;182;182;182;182;182;182;182;182;1;1;1;1;1;1;1;1;1;1;1;37;165
2022-08-11;"alle";62;62;62;62;62;62;62;62;62;62;62;62;264;264;264;264;264;264;264;264;264;264;264;264;NA;NA;NA;NA;NA;NA;NA;NA;NA;NA;NA;58;240
2022-08-10;"0-60";20;20;20;20;20;20;20;20;20;20;20;20;80;80;80;80;80;80;80;80;80;80;80;80;1;1;1;1;1;1;1;1;1;1;1;18;73
2022-08-10;"60+";34;34;34;34;34;34;34;34;34;34;34;34;176;176;176;176;176;176;176;176;176;176;176;176;1;1;1;1;1;1;1;1;1;1;1;32;161
2022-08-10;"alle";54;54;54;54;54;54;54;54;54;54;54;54;256;256;256;256;256;256;256;256;256;256;256;256;NA;NA;NA;NA;NA;NA;NA;NA;NA;NA;NA;50;234
2022-08-09;"0-60";10;10;10;10;10;10;10;10;10;10;10;10;79;79;79;79;79;79;79;79;79;79;79;79;1;1;1;1;1;1;1;1;1;1;1;10;72
2022-08-09;"60+";42;42;42;42;42;42;42;42;42;42;42;42;192;192;192;192;192;192;192;192;192;192;192;192;1;1;1;1;1;1;1;1;1;1;1;39;175
2022-08-09;"alle";52;52;52;52;52;52;52;52;52;52;52;52;271;271;271;271;271;271;271;271;271;271;271;271;NA;NA;NA;NA;NA;NA;NA;NA;NA;NA;NA;49;248
2022-08-08;"0-60";1;1;1;1;1;1;1;1;1;1;1;1;84;84;84;84;84;84;84;84;84;84;84;84;1;1;1;1;1;1;1;1;1;1;1;1;76
2022-08-08;"60+";1;1;1;1;1;1;1;1;1;1;1;1;199;199;199;199;199;199;199;199;199;199;199;199;1;1;1;1;1;1;1;1;1;1;1;1;181
2022-08-08;"alle";2;2;2;2;2;2;2;2;2;2;2;2;283;283;283;283;283;283;283;283;283;283;283;283;NA;NA;NA;NA;NA;NA;NA;NA;NA;NA;NA;2;258
2022-08-07;"0-60";2;2;2;2;2;2;2;2;2;2;2;2;83;83;83;83;83;83;83;83;83;83;83;83;1;1;1;1;1;1;1;1;1;1;1;2;75
2022-08-07;"60+";3;3;3;3;3;3;3;3;3;3;3;3;204;204;204;204;204;204;204;204;204;204;204;204;1;1;1;1;1;1;1;1;1;1;1;2;185
2022-08-07;"alle";5;5;5;5;5;5;5;5;5;5;5;5;287;287;287;287;287;287;287;287;287;287;287;287;NA;NA;NA;NA;NA;NA;NA;NA;NA;NA;NA;4;261
2022-08-06;"0-60";10;10;10;10;10;10;10;10;10;10;10;10;82;82;82;82;82;82;82;82;82;82;82;82;1;1;1;1;1;1;1;1;1;1;1;8;74
2022-08-06;"60+";33;33;33;33;33;33;33;33;33;33;33;33;204;204;204;204;204;204;204;204;204;204;204;204;1;1;1;1;1;1;1;1;1;1;1;27;186
2022-08-06;"alle";43;43;43;43;43;43;43;43;43;43;43;43;286;286;286;286;286;286;286;286;286;286;286;286;NA;NA;NA;NA;NA;NA;NA;NA;NA;NA;NA;35;261
2022-08-05;"0-60";17;17;17;17;17;17;17;17;17;17;17;17;83;83;83;83;83;83;83;83;83;83;83;83;1;1;1;1;1;1;1;1;1;1;1;15;77
2022-08-05;"60+";29;29;29;29;29;29;29;29;29;29;29;29;201;201;201;201;201;201;201;201;201;201;201;201;1;1;1;1;1;1;1;1;1;1;1;27;187
2022-08-05;"alle";46;46;46;46;46;46;46;46;46;46;46;46;284;284;284;284;284;284;284;284;284;284;284;284;NA;NA;NA;NA;NA;NA;NA;NA;NA;NA;NA;42;266
2022-08-04;"0-60";20;20;20;20;20;20;20;20;20;20;20;20;80;80;80;80;80;80;80;80;80;80;80;80;1;1;1;1;1;1;1;1;1;1;1;19;76
2022-08-04;"60+";34;34;34;34;34;34;34;34;34;34;34;34;207;207;207;207;207;207;207;207;207;207;207;207;1;1;1;1;1;1;1;1;1;1;1;33;187
2022-08-04;"alle";54;54;54;54;54;54;54;54;54;54;54;54;287;287;287;287;287;287;287;287;287;287;287;287;NA;NA;NA;NA;NA;NA;NA;NA;NA;NA;NA;52;265
2022-08-03;"0-60";19;19;19;19;19;19;19;19;19;19;19;19;74;74;74;74;74;74;74;74;74;74;74;74;1;1;1;1;1;1;1;1;1;1;1;17;68
2022-08-03;"60+";50;50;50;50;50;50;50;50;50;50;50;50;211;211;211;211;211;211;211;211;211;211;211;211;1;1;1;1;1;1;1;1;1;1;1;46;188
2022-08-03;"alle";69;69;69;69;69;69;69;69;69;69;69;69;285;285;285;285;285;285;285;285;285;285;285;285;NA;NA;NA;NA;NA;NA;NA;NA;NA;NA;NA;64;258
2022-08-02;"0-60";15;15;15;15;15;15;15;15;15;15;15;15;72;72;72;72;72;72;72;72;72;72;72;72;1;1;1;1;1;1;1;1;1;1;1;14;68
2022-08-02;"60+";49;49;49;49;49;49;49;49;49;49;49;49;218;218;218;218;218;218;218;218;218;218;218;218;1;1;1;1;1;1;1;1;1;1;1;45;192
2022-08-02;"alle";64;64;64;64;64;64;64;64;64;64;64;64;290;290;290;290;290;290;290;290;290;290;290;290;NA;NA;NA;NA;NA;NA;NA;NA;NA;NA;NA;59;261
2022-08-01;"0-60";0;0;0;0;0;0;0;0;0;0;0;0;77;77;77;77;77;77;77;77;77;77;77;77;1;1;1;1;1;1;1;1;1;1;1;0;72
2022-08-01;"60+";6;6;6;6;6;6;6;6;6;6;6;6;218;218;218;218;218;218;218;218;218;218;218;218;1;1;1;1;1;1;1;1;1;1;1;5;188
2022-08-01;"alle";6;6;6;6;6;6;6;6;6;6;6;6;295;295;295;295;295;295;295;295;295;295;295;295;NA;NA;NA;NA;NA;NA;NA;NA;NA;NA;NA;5;261
2022-07-31;"0-60";1;1;1;1;1;1;1;1;1;1;1;1;85;85;85;85;85;85;85;85;85;85;85;85;1;1;1;1;1;1;1;1;1;1;1;1;80
2022-07-31;"60+";3;3;3;3;3;3;3;3;3;3;3;3;215;215;215;215;215;215;215;215;215;215;215;215;1;1;1;1;1;1;1;1;1;1;1;3;186
2022-07-31;"alle";4;4;4;4;4;4;4;4;4;4;4;4;300;300;300;300;300;300;300;300;300;300;300;300;NA;NA;NA;NA;NA;NA;NA;NA;NA;NA;NA;4;267
2022-07-30;"0-60";11;11;11;11;11;11;11;11;11;11;11;11;86;86;86;86;86;86;86;86;86;86;86;86;1;1;1;1;1;1;1;1;1;1;1;11;81
2022-07-30;"60+";30;30;30;30;30;30;30;30;30;30;30;30;216;216;216;216;216;216;216;216;216;216;216;216;1;1;1;1;1;1;1;1;1;1;1;28;187
2022-07-30;"alle";41;41;41;41;41;41;41;41;41;41;41;41;302;302;302;302;302;302;302;302;302;302;302;302;NA;NA;NA;NA;NA;NA;NA;NA;NA;NA;NA;40;269
2022-07-29;"0-60";14;14;14;14;14;14;14;14;14;14;14;14;91;91;91;91;91;91;91;91;91;91;91;91;1;1;1;1;1;1;1;1;1;1;1;14;84
2022-07-29;"60+";35;35;35;35;35;35;35;35;35;35;35;35;230;230;230;230;230;230;230;230;230;230;230;230;1;1;1;1;1;1;1;1;1;1;1;27;196
2022-07-29;"alle";49;49;49;49;49;49;49;49;49;49;49;49;321;321;321;321;321;321;321;321;321;321;321;321;NA;NA;NA;NA;NA;NA;NA;NA;NA;NA;NA;41;280
2022-07-28;"0-60";14;14;14;14;14;14;14;14;14;14;14;14;91;91;91;91;91;91;91;91;91;91;91;91;1;1;1;1;1;1;1;1;1;1;1;11;83
2022-07-28;"60+";38;38;38;38;38;38;38;38;38;38;38;38;258;258;258;258;258;258;258;258;258;258;258;258;1;1;1;1;1;1;1;1;1;1;1;34;229
2022-07-28;"alle";52;52;52;52;52;52;52;52;52;52;52;52;349;349;349;349;349;349;349;349;349;349;349;349;NA;NA;NA;NA;NA;NA;NA;NA;NA;NA;NA;45;312
2022-07-27;"0-60";17;17;17;17;17;17;17;17;17;17;17;17;88;88;88;88;88;88;88;88;88;88;88;88;1;1;1;1;1;1;1;1;1;1;1;17;83
2022-07-27;"60+";57;57;57;57;57;57;57;57;57;57;57;57;261;261;261;261;261;261;261;261;261;261;261;261;1;1;1;1;1;1;1;1;1;1;1;50;234
2022-07-27;"alle";74;74;74;74;74;74;74;74;74;74;74;74;349;349;349;349;349;349;349;349;349;349;349;349;NA;NA;NA;NA;NA;NA;NA;NA;NA;NA;NA;67;317
2022-07-26;"0-60";20;20;20;20;20;20;20;20;20;20;20;20;83;83;83;83;83;83;83;83;83;83;83;83;1;1;1;1;1;1;1;1;1;1;1;18;77
2022-07-26;"60+";49;49;49;49;49;49;49;49;49;49;49;49;237;237;237;237;237;237;237;237;237;237;237;237;1;1;1;1;1;1;1;1;1;1;1;41;214
2022-07-26;"alle";69;69;69;69;69;69;69;69;69;69;69;69;320;320;320;320;320;320;320;320;320;320;320;320;NA;NA;NA;NA;NA;NA;NA;NA;NA;NA;NA;59;291
2022-07-25;"0-60";8;8;8;8;8;8;8;8;8;8;8;8;76;76;76;76;76;76;76;76;76;76;76;76;1;1;1;1;1;1;1;1;1;1;1;8;69
2022-07-25;"60+";3;3;3;3;3;3;3;3;3;3;3;3;239;239;239;239;239;239;239;239;239;239;239;239;1;1;1;1;1;1;1;1;1;1;1;3;222
2022-07-25;"alle";11;11;11;11;11;11;11;11;11;11;11;11;315;315;315;315;315;315;315;315;315;315;315;315;NA;NA;NA;NA;NA;NA;NA;NA;NA;NA;NA;11;291
2022-07-24;"0-60";2;2;2;2;2;2;2;2;2;2;2;2;73;73;73;73;73;73;73;73;73;73;73;73;1;1;1;1;1;1;1;1;1;1;1;2;66
2022-07-24;"60+";4;4;4;4;4;4;4;4;4;4;4;4;240;240;240;240;240;240;240;240;240;240;240;240;1;1;1;1;1;1;1;1;1;1;1;4;223
2022-07-24;"alle";6;6;6;6;6;6;6;6;6;6;6;6;313;313;313;313;313;313;313;313;313;313;313;313;NA;NA;NA;NA;NA;NA;NA;NA;NA;NA;NA;6;289
2022-07-23;"0-60";16;16;16;16;16;16;16;16;16;16;16;16;71;71;71;71;71;71;71;71;71;71;71;71;1;1;1;1;1;1;1;1;1;1;1;14;64
2022-07-23;"60+";44;44;44;44;44;44;44;44;44;44;44;44;243;243;243;243;243;243;243;243;243;243;243;243;1;1;1;1;1;1;1;1;1;1;1;37;226
2022-07-23;"alle";60;60;60;60;60;60;60;60;60;60;60;60;314;314;314;314;314;314;314;314;314;314;314;314;NA;NA;NA;NA;NA;NA;NA;NA;NA;NA;NA;51;290
2022-07-22;"0-60";14;14;14;14;14;14;14;14;14;14;14;14;68;68;68;68;68;68;68;68;68;68;68;68;1;1;1;1;1;1;1;1;1;1;1;13;61
2022-07-22;"60+";63;63;63;63;63;63;63;63;63;63;63;63;234;234;234;234;234;234;234;234;234;234;234;234;1;1;1;1;1;1;1;1;1;1;1;60;221
2022-07-22;"alle";77;77;77;77;77;77;77;77;77;77;77;77;302;302;302;302;302;302;302;302;302;302;302;302;NA;NA;NA;NA;NA;NA;NA;NA;NA;NA;NA;73;282
2022-07-21;"0-60";11;11;11;11;11;11;11;11;11;11;11;11;65;65;65;65;65;65;65;65;65;65;65;65;1;1;1;1;1;1;1;1;1;1;1;11;58
2022-07-21;"60+";41;41;41;41;41;41;41;41;41;41;41;41;210;210;210;210;210;210;210;210;210;210;210;210;1;1;1;1;1;1;1;1;1;1;1;39;196
2022-07-21;"alle";52;52;52;52;52;52;52;52;52;52;52;52;275;275;275;275;275;275;275;275;275;275;275;275;NA;NA;NA;NA;NA;NA;NA;NA;NA;NA;NA;50;254
2022-07-20;"0-60";12;12;12;12;12;12;12;12;12;12;12;12;70;70;70;70;70;70;70;70;70;70;70;70;1;1;1;1;1;1;1;1;1;1;1;11;62
2022-07-20;"60+";33;33;33;33;33;33;33;33;33;33;33;33;210;210;210;210;210;210;210;210;210;210;210;210;1;1;1;1;1;1;1;1;1;1;1;30;191
2022-07-20;"alle";45;45;45;45;45;45;45;45;45;45;45;45;280;280;280;280;280;280;280;280;280;280;280;280;NA;NA;NA;NA;NA;NA;NA;NA;NA;NA;NA;41;253
2022-07-19;"0-60";13;13;13;13;13;13;13;13;13;13;13;13;74;74;74;74;74;74;74;74;74;74;74;74;1;1;1;1;1;1;1;1;1;1;1;10;62
2022-07-19;"60+";51;51;51;51;51;51;51;51;51;51;51;51;203;203;203;203;203;203;203;203;203;203;203;203;1;1;1;1;1;1;1;1;1;1;1;49;184
2022-07-19;"alle";64;64;64;64;64;64;64;64;64;64;64;64;277;277;277;277;277;277;277;277;277;277;277;277;NA;NA;NA;NA;NA;NA;NA;NA;NA;NA;NA;59;246
2022-07-18;"0-60";5;5;5;5;5;5;5;5;5;5;5;5;78;78;78;78;78;78;78;78;78;78;78;78;1;1;1;1;1;1;1;1;1;1;1;5;66
2022-07-18;"60+";4;4;4;4;4;4;4;4;4;4;4;4;176;176;176;176;176;176;176;176;176;176;176;176;1;1;1;1;1;1;1;1;1;1;1;4;158
2022-07-18;"alle";9;9;9;9;9;9;9;9;9;9;9;9;254;254;254;254;254;254;254;254;254;254;254;254;NA;NA;NA;NA;NA;NA;NA;NA;NA;NA;NA;9;225
2022-07-17;"0-60";0;0;0;0;0;0;0;0;0;0;0;0;78;78;78;78;78;78;78;78;78;78;78;78;1;1;1;1;1;1;1;1;1;1;1;0;66
2022-07-17;"60+";7;7;7;7;7;7;7;7;7;7;7;7;177;177;177;177;177;177;177;177;177;177;177;177;1;1;1;1;1;1;1;1;1;1;1;7;159
2022-07-17;"alle";7;7;7;7;7;7;7;7;7;7;7;7;255;255;255;255;255;255;255;255;255;255;255;255;NA;NA;NA;NA;NA;NA;NA;NA;NA;NA;NA;7;226
2022-07-16;"0-60";13;13;13;13;13;13;13;13;13;13;13;13;79;79;79;79;79;79;79;79;79;79;79;79;1;1;1;1;1;1;1;1;1;1;1;11;67
2022-07-16;"60+";35;35;35;35;35;35;35;35;35;35;35;35;172;172;172;172;172;172;172;172;172;172;172;172;1;1;1;1;1;1;1;1;1;1;1;32;154
2022-07-16;"alle";48;48;48;48;48;48;48;48;48;48;48;48;251;251;251;251;251;251;251;251;251;251;251;251;NA;NA;NA;NA;NA;NA;NA;NA;NA;NA;NA;43;222
2022-07-15;"0-60";11;11;11;11;11;11;11;11;11;11;11;11;77;77;77;77;77;77;77;77;77;77;77;77;1;1;1;1;1;1;1;1;1;1;1;10;67
2022-07-15;"60+";39;39;39;39;39;39;39;39;39;39;39;39;158;158;158;158;158;158;158;158;158;158;158;158;1;1;1;1;1;1;1;1;1;1;1;35;142
2022-07-15;"alle";50;50;50;50;50;50;50;50;50;50;50;50;235;235;235;235;235;235;235;235;235;235;235;235;NA;NA;NA;NA;NA;NA;NA;NA;NA;NA;NA;45;211
2022-07-14;"0-60";16;16;16;16;16;16;16;16;16;16;16;16;78;78;78;78;78;78;78;78;78;78;78;78;1;1;1;1;1;1;1;1;1;1;1;15;68
2022-07-14;"60+";41;41;41;41;41;41;41;41;41;41;41;41;137;137;137;137;137;137;137;137;137;137;137;137;1;1;1;1;1;1;1;1;1;1;1;34;125
2022-07-14;"alle";57;57;57;57;57;57;57;57;57;57;57;57;215;215;215;215;215;215;215;215;215;215;215;215;NA;NA;NA;NA;NA;NA;NA;NA;NA;NA;NA;49;195
2022-07-13;"0-60";16;16;16;16;16;16;16;16;16;16;16;16;75;75;75;75;75;75;75;75;75;75;75;75;1;1;1;1;1;1;1;1;1;1;1;11;64
2022-07-13;"60+";26;26;26;26;26;26;26;26;26;26;26;26;118;118;118;118;118;118;118;118;118;118;118;118;1;1;1;1;1;1;1;1;1;1;1;23;109
2022-07-13;"alle";42;42;42;42;42;42;42;42;42;42;42;42;193;193;193;193;193;193;193;193;193;193;193;193;NA;NA;NA;NA;NA;NA;NA;NA;NA;NA;NA;34;175
2022-07-12;"0-60";17;17;17;17;17;17;17;17;17;17;17;17;68;68;68;68;68;68;68;68;68;68;68;68;1;1;1;1;1;1;1;1;1;1;1;14;60
2022-07-12;"60+";24;24;24;24;24;24;24;24;24;24;24;24;108;108;108;108;108;108;108;108;108;108;108;108;1;1;1;1;1;1;1;1;1;1;1;23;99
2022-07-12;"alle";41;41;41;41;41;41;41;41;41;41;41;41;176;176;176;176;176;176;176;176;176;176;176;176;NA;NA;NA;NA;NA;NA;NA;NA;NA;NA;NA;38;162
2022-07-11;"0-60";5;5;5;5;5;5;5;5;5;5;5;5;70;70;70;70;70;70;70;70;70;70;70;70;1;1;1;1;1;1;1;1;1;1;1;5;63
2022-07-11;"60+";5;5;5;5;5;5;5;5;5;5;5;5;114;114;114;114;114;114;114;114;114;114;114;114;1;1;1;1;1;1;1;1;1;1;1;5;103
2022-07-11;"alle";10;10;10;10;10;10;10;10;10;10;10;10;184;184;184;184;184;184;184;184;184;184;184;184;NA;NA;NA;NA;NA;NA;NA;NA;NA;NA;NA;10;168
2022-07-10;"0-60";1;1;1;1;1;1;1;1;1;1;1;1;67;67;67;67;67;67;67;67;67;67;67;67;1;1;1;1;1;1;1;1;1;1;1;1;60
2022-07-10;"60+";2;2;2;2;2;2;2;2;2;2;2;2;110;110;110;110;110;110;110;110;110;110;110;110;1;1;1;1;1;1;1;1;1;1;1;2;99
2022-07-10;"alle";3;3;3;3;3;3;3;3;3;3;3;3;177;177;177;177;177;177;177;177;177;177;177;177;NA;NA;NA;NA;NA;NA;NA;NA;NA;NA;NA;3;161
2022-07-09;"0-60";11;11;11;11;11;11;11;11;11;11;11;11;67;67;67;67;67;67;67;67;67;67;67;67;1;1;1;1;1;1;1;1;1;1;1;11;60
2022-07-09;"60+";21;21;21;21;21;21;21;21;21;21;21;21;108;108;108;108;108;108;108;108;108;108;108;108;1;1;1;1;1;1;1;1;1;1;1;20;97
2022-07-09;"alle";32;32;32;32;32;32;32;32;32;32;32;32;175;175;175;175;175;175;175;175;175;175;175;175;NA;NA;NA;NA;NA;NA;NA;NA;NA;NA;NA;32;159
2022-07-08;"0-60";12;12;12;12;12;12;12;12;12;12;12;12;63;63;63;63;63;63;63;63;63;63;63;63;1;1;1;1;1;1;1;1;1;1;1;11;56
2022-07-08;"60+";18;18;18;18;18;18;18;18;18;18;18;18;103;103;103;103;103;103;103;103;103;103;103;103;1;1;1;1;1;1;1;1;1;1;1;18;93
2022-07-08;"alle";30;30;30;30;30;30;30;30;30;30;30;30;166;166;166;166;166;166;166;166;166;166;166;166;NA;NA;NA;NA;NA;NA;NA;NA;NA;NA;NA;29;150
2022-07-07;"0-60";13;13;13;13;13;13;13;13;13;13;13;13;59;59;59;59;59;59;59;59;59;59;59;59;1;1;1;1;1;1;1;1;1;1;1;11;53
2022-07-07;"60+";22;22;22;22;22;22;22;22;22;22;22;22;101;101;101;101;101;101;101;101;101;101;101;101;1;1;1;1;1;1;1;1;1;1;1;18;88
2022-07-07;"alle";35;35;35;35;35;35;35;35;35;35;35;35;160;160;160;160;160;160;160;160;160;160;160;160;NA;NA;NA;NA;NA;NA;NA;NA;NA;NA;NA;29;142
2022-07-06;"0-60";9;9;9;9;9;9;9;9;9;9;9;9;59;59;59;59;59;59;59;59;59;59;59;59;1;1;1;1;1;1;1;1;1;1;1;7;54
2022-07-06;"60+";16;16;16;16;16;16;16;16;16;16;16;16;97;97;97;97;97;97;97;97;97;97;97;97;1;1;1;1;1;1;1;1;1;1;1;13;84
2022-07-06;"alle";25;25;25;25;25;25;25;25;25;25;25;25;156;156;156;156;156;156;156;156;156;156;156;156;NA;NA;NA;NA;NA;NA;NA;NA;NA;NA;NA;21;139
2022-07-05;"0-60";19;19;19;19;19;19;19;19;19;19;19;19;63;63;63;63;63;63;63;63;63;63;63;63;1;1;1;1;1;1;1;1;1;1;1;17;59
2022-07-05;"60+";30;30;30;30;30;30;30;30;30;30;30;30;108;108;108;108;108;108;108;108;108;108;108;108;1;1;1;1;1;1;1;1;1;1;1;27;97
2022-07-05;"alle";49;49;49;49;49;49;49;49;49;49;49;49;171;171;171;171;171;171;171;171;171;171;171;171;NA;NA;NA;NA;NA;NA;NA;NA;NA;NA;NA;44;157
2022-07-04;"0-60";2;2;2;2;2;2;2;2;2;2;2;2;54;54;54;54;54;54;54;54;54;54;54;54;1;1;1;1;1;1;1;1;1;1;1;2;52
2022-07-04;"60+";1;1;1;1;1;1;1;1;1;1;1;1;93;93;93;93;93;93;93;93;93;93;93;93;1;1;1;1;1;1;1;1;1;1;1;1;85
2022-07-04;"alle";3;3;3;3;3;3;3;3;3;3;3;3;147;147;147;147;147;147;147;147;147;147;147;147;NA;NA;NA;NA;NA;NA;NA;NA;NA;NA;NA;3;138
2022-07-03;"0-60";1;1;1;1;1;1;1;1;1;1;1;1;53;53;53;53;53;53;53;53;53;53;53;53;1;1;1;1;1;1;1;1;1;1;1;1;51
2022-07-03;"60+";0;0;0;0;0;0;0;0;0;0;0;0;93;93;93;93;93;93;93;93;93;93;93;93;1;1;1;1;1;1;1;1;1;1;1;0;85
2022-07-03;"alle";1;1;1;1;1;1;1;1;1;1;1;1;146;146;146;146;146;146;146;146;146;146;146;146;NA;NA;NA;NA;NA;NA;NA;NA;NA;NA;NA;1;137
2022-07-02;"0-60";7;7;7;7;7;7;7;7;7;7;7;7;52;52;52;52;52;52;52;52;52;52;52;52;1;1;1;1;1;1;1;1;1;1;1;7;50
2022-07-02;"60+";16;16;16;16;16;16;16;16;16;16;16;16;94;94;94;94;94;94;94;94;94;94;94;94;1;1;1;1;1;1;1;1;1;1;1;16;86
2022-07-02;"alle";23;23;23;23;23;23;23;23;23;23;23;23;146;146;146;146;146;146;146;146;146;146;146;146;NA;NA;NA;NA;NA;NA;NA;NA;NA;NA;NA;23;137
2022-07-01;"0-60";8;8;8;8;8;8;8;8;8;8;8;8;52;52;52;52;52;52;52;52;52;52;52;52;1;1;1;1;1;1;1;1;1;1;1;8;50
2022-07-01;"60+";16;16;16;16;16;16;16;16;16;16;16;16;91;91;91;91;91;91;91;91;91;91;91;91;1;1;1;1;1;1;1;1;1;1;1;13;82
2022-07-01;"alle";24;24;24;24;24;24;24;24;24;24;24;24;143;143;143;143;143;143;143;143;143;143;143;143;NA;NA;NA;NA;NA;NA;NA;NA;NA;NA;NA;21;133
2022-06-30;"0-60";13;13;13;13;13;13;13;13;13;13;13;13;54;54;54;54;54;54;54;54;54;54;54;54;1;1;1;1;1;1;1;1;1;1;1;12;51
2022-06-30;"60+";18;18;18;18;18;18;18;18;18;18;18;18;89;89;89;89;89;89;89;89;89;89;89;89;1;1;1;1;1;1;1;1;1;1;1;14;82
2022-06-30;"alle";31;31;31;31;31;31;31;31;31;31;31;31;143;143;143;143;143;143;143;143;143;143;143;143;NA;NA;NA;NA;NA;NA;NA;NA;NA;NA;NA;26;134
2022-06-29;"0-60";13;13;13;13;13;13;13;13;13;13;13;13;50;50;50;50;50;50;50;50;50;50;50;50;1;1;1;1;1;1;1;1;1;1;1;12;47
2022-06-29;"60+";27;27;27;27;27;27;27;27;27;27;27;27;89;89;89;89;89;89;89;89;89;89;89;89;1;1;1;1;1;1;1;1;1;1;1;26;86
2022-06-29;"alle";40;40;40;40;40;40;40;40;40;40;40;40;139;139;139;139;139;139;139;139;139;139;139;139;NA;NA;NA;NA;NA;NA;NA;NA;NA;NA;NA;39;134
2022-06-28;"0-60";10;10;10;10;10;10;10;10;10;10;10;10;42;42;42;42;42;42;42;42;42;42;42;42;1;1;1;1;1;1;1;1;1;1;1;10;40
2022-06-28;"60+";15;15;15;15;15;15;15;15;15;15;15;15;83;83;83;83;83;83;83;83;83;83;83;83;1;1;1;1;1;1;1;1;1;1;1;15;81
2022-06-28;"alle";25;25;25;25;25;25;25;25;25;25;25;25;125;125;125;125;125;125;125;125;125;125;125;125;NA;NA;NA;NA;NA;NA;NA;NA;NA;NA;NA;25;121
2022-06-27;"0-60";1;1;1;1;1;1;1;1;1;1;1;1;40;40;40;40;40;40;40;40;40;40;40;40;1;1;1;1;1;1;1;1;1;1;1;1;37
2022-06-27;"60+";1;1;1;1;1;1;1;1;1;1;1;1;85;85;85;85;85;85;85;85;85;85;85;85;1;1;1;1;1;1;1;1;1;1;1;1;81
2022-06-27;"alle";2;2;2;2;2;2;2;2;2;2;2;2;125;125;125;125;125;125;125;125;125;125;125;125;NA;NA;NA;NA;NA;NA;NA;NA;NA;NA;NA;2;118
2022-06-26;"0-60";0;0;0;0;0;0;0;0;0;0;0;0;39;39;39;39;39;39;39;39;39;39;39;39;1;1;1;1;1;1;1;1;1;1;1;0;36
2022-06-26;"60+";1;1;1;1;1;1;1;1;1;1;1;1;86;86;86;86;86;86;86;86;86;86;86;86;1;1;1;1;1;1;1;1;1;1;1;1;82
2022-06-26;"alle";1;1;1;1;1;1;1;1;1;1;1;1;125;125;125;125;125;125;125;125;125;125;125;125;NA;NA;NA;NA;NA;NA;NA;NA;NA;NA;NA;1;118
2022-06-25;"0-60";7;7;7;7;7;7;7;7;7;7;7;7;41;41;41;41;41;41;41;41;41;41;41;41;1;1;1;1;1;1;1;1;1;1;1;7;38
2022-06-25;"60+";13;13;13;13;13;13;13;13;13;13;13;13;86;86;86;86;86;86;86;86;86;86;86;86;1;1;1;1;1;1;1;1;1;1;1;12;82
2022-06-25;"alle";20;20;20;20;20;20;20;20;20;20;20;20;127;127;127;127;127;127;127;127;127;127;127;127;NA;NA;NA;NA;NA;NA;NA;NA;NA;NA;NA;19;120
2022-06-24;"0-60";10;10;10;10;10;10;10;10;10;10;10;10;42;42;42;42;42;42;42;42;42;42;42;42;1;1;1;1;1;1;1;1;1;1;1;9;39
2022-06-24;"60+";14;14;14;14;14;14;14;14;14;14;14;14;91;91;91;91;91;91;91;91;91;91;91;91;1;1;1;1;1;1;1;1;1;1;1;13;86
2022-06-24;"alle";24;24;24;24;24;24;24;24;24;24;24;24;133;133;133;133;133;133;133;133;133;133;133;133;NA;NA;NA;NA;NA;NA;NA;NA;NA;NA;NA;22;125
2022-06-23;"0-60";9;9;9;9;9;9;9;9;9;9;9;9;43;43;43;43;43;43;43;43;43;43;43;43;1;1;1;1;1;1;1;1;1;1;1;8;41
2022-06-23;"60+";18;18;18;18;18;18;18;18;18;18;18;18;90;90;90;90;90;90;90;90;90;90;90;90;1;1;1;1;1;1;1;1;1;1;1;18;86
2022-06-23;"alle";27;27;27;27;27;27;27;27;27;27;27;27;133;133;133;133;133;133;133;133;133;133;133;133;NA;NA;NA;NA;NA;NA;NA;NA;NA;NA;NA;26;127
2022-06-22;"0-60";5;5;5;5;5;5;5;5;5;5;5;5;43;43;43;43;43;43;43;43;43;43;43;43;1;1;1;1;1;1;1;1;1;1;1;5;42
2022-06-22;"60+";21;21;21;21;21;21;21;21;21;21;21;21;91;91;91;91;91;91;91;91;91;91;91;91;1;1;1;1;1;1;1;1;1;1;1;21;87
2022-06-22;"alle";26;26;26;26;26;26;26;26;26;26;26;26;134;134;134;134;134;134;134;134;134;134;134;134;NA;NA;NA;NA;NA;NA;NA;NA;NA;NA;NA;26;129
2022-06-21;"0-60";8;8;8;8;8;8;8;8;8;8;8;8;44;44;44;44;44;44;44;44;44;44;44;44;1;1;1;1;1;1;1;1;1;1;1;7;42
2022-06-21;"60+";17;17;17;17;17;17;17;17;17;17;17;17;93;93;93;93;93;93;93;93;93;93;93;93;1;1;1;1;1;1;1;1;1;1;1;15;88
2022-06-21;"alle";25;25;25;25;25;25;25;25;25;25;25;25;137;137;137;137;137;137;137;137;137;137;137;137;NA;NA;NA;NA;NA;NA;NA;NA;NA;NA;NA;22;130
2022-06-20;"0-60";0;0;0;0;0;0;0;0;0;0;0;0;47;47;47;47;47;47;47;47;47;47;47;47;1;1;1;1;1;1;1;1;1;1;1;0;46
2022-06-20;"60+";2;2;2;2;2;2;2;2;2;2;2;2;94;94;94;94;94;94;94;94;94;94;94;94;1;1;1;1;1;1;1;1;1;1;1;2;91
2022-06-20;"alle";2;2;2;2;2;2;2;2;2;2;2;2;141;141;141;141;141;141;141;141;141;141;141;141;NA;NA;NA;NA;NA;NA;NA;NA;NA;NA;NA;2;137
2022-06-19;"0-60";2;2;2;2;2;2;2;2;2;2;2;2;48;48;48;48;48;48;48;48;48;48;48;48;1;1;1;1;1;1;1;1;1;1;1;2;47
2022-06-19;"60+";1;1;1;1;1;1;1;1;1;1;1;1;93;93;93;93;93;93;93;93;93;93;93;93;1;1;1;1;1;1;1;1;1;1;1;1;90
2022-06-19;"alle";3;3;3;3;3;3;3;3;3;3;3;3;141;141;141;141;141;141;141;141;141;141;141;141;NA;NA;NA;NA;NA;NA;NA;NA;NA;NA;NA;3;137
2022-06-18;"0-60";8;8;8;8;8;8;8;8;8;8;8;8;46;46;46;46;46;46;46;46;46;46;46;46;1;1;1;1;1;1;1;1;1;1;1;8;45
2022-06-18;"60+";18;18;18;18;18;18;18;18;18;18;18;18;93;93;93;93;93;93;93;93;93;93;93;93;1;1;1;1;1;1;1;1;1;1;1;16;90
2022-06-18;"alle";26;26;26;26;26;26;26;26;26;26;26;26;139;139;139;139;139;139;139;139;139;139;139;139;NA;NA;NA;NA;NA;NA;NA;NA;NA;NA;NA;24;135
2022-06-17;"0-60";11;11;11;11;11;11;11;11;11;11;11;11;46;46;46;46;46;46;46;46;46;46;46;46;1;1;1;1;1;1;1;1;1;1;1;11;45
2022-06-17;"60+";13;13;13;13;13;13;13;13;13;13;13;13;81;81;81;81;81;81;81;81;81;81;81;81;1;1;1;1;1;1;1;1;1;1;1;13;80
2022-06-17;"alle";24;24;24;24;24;24;24;24;24;24;24;24;127;127;127;127;127;127;127;127;127;127;127;127;NA;NA;NA;NA;NA;NA;NA;NA;NA;NA;NA;24;125
2022-06-16;"0-60";9;9;9;9;9;9;9;9;9;9;9;9;48;48;48;48;48;48;48;48;48;48;48;48;1;1;1;1;1;1;1;1;1;1;1;9;47
2022-06-16;"60+";19;19;19;19;19;19;19;19;19;19;19;19;76;76;76;76;76;76;76;76;76;76;76;76;1;1;1;1;1;1;1;1;1;1;1;19;75
2022-06-16;"alle";28;28;28;28;28;28;28;28;28;28;28;28;124;124;124;124;124;124;124;124;124;124;124;124;NA;NA;NA;NA;NA;NA;NA;NA;NA;NA;NA;28;122
2022-06-15;"0-60";6;6;6;6;6;6;6;6;6;6;6;6;46;46;46;46;46;46;46;46;46;46;46;46;1;1;1;1;1;1;1;1;1;1;1;5;44
2022-06-15;"60+";23;23;23;23;23;23;23;23;23;23;23;23;81;81;81;81;81;81;81;81;81;81;81;81;1;1;1;1;1;1;1;1;1;1;1;22;79
2022-06-15;"alle";29;29;29;29;29;29;29;29;29;29;29;29;127;127;127;127;127;127;127;127;127;127;127;127;NA;NA;NA;NA;NA;NA;NA;NA;NA;NA;NA;27;123
2022-06-14;"0-60";11;11;11;11;11;11;11;11;11;11;11;11;51;51;51;51;51;51;51;51;51;51;51;51;1;1;1;1;1;1;1;1;1;1;1;11;49
2022-06-14;"60+";18;18;18;18;18;18;18;18;18;18;18;18;93;93;93;93;93;93;93;93;93;93;93;93;1;1;1;1;1;1;1;1;1;1;1;18;90
2022-06-14;"alle";29;29;29;29;29;29;29;29;29;29;29;29;144;144;144;144;144;144;144;144;144;144;144;144;NA;NA;NA;NA;NA;NA;NA;NA;NA;NA;NA;29;140
2022-06-13;"0-60";1;1;1;1;1;1;1;1;1;1;1;1;40;40;40;40;40;40;40;40;40;40;40;40;1;1;1;1;1;1;1;1;1;1;1;1;38
2022-06-13;"60+";1;1;1;1;1;1;1;1;1;1;1;1;78;78;78;78;78;78;78;78;78;78;78;78;1;1;1;1;1;1;1;1;1;1;1;1;75
2022-06-13;"alle";2;2;2;2;2;2;2;2;2;2;2;2;118;118;118;118;118;118;118;118;118;118;118;118;NA;NA;NA;NA;NA;NA;NA;NA;NA;NA;NA;2;114
2022-06-12;"0-60";0;0;0;0;0;0;0;0;0;0;0;0;40;40;40;40;40;40;40;40;40;40;40;40;1;1;1;1;1;1;1;1;1;1;1;0;38
2022-06-12;"60+";1;1;1;1;1;1;1;1;1;1;1;1;80;80;80;80;80;80;80;80;80;80;80;80;1;1;1;1;1;1;1;1;1;1;1;1;77
2022-06-12;"alle";1;1;1;1;1;1;1;1;1;1;1;1;120;120;120;120;120;120;120;120;120;120;120;120;NA;NA;NA;NA;NA;NA;NA;NA;NA;NA;NA;1;116
2022-06-11;"0-60";8;8;8;8;8;8;8;8;8;8;8;8;40;40;40;40;40;40;40;40;40;40;40;40;1;1;1;1;1;1;1;1;1;1;1;8;38
2022-06-11;"60+";6;6;6;6;6;6;6;6;6;6;6;6;80;80;80;80;80;80;80;80;80;80;80;80;1;1;1;1;1;1;1;1;1;1;1;6;77
2022-06-11;"alle";14;14;14;14;14;14;14;14;14;14;14;14;120;120;120;120;120;120;120;120;120;120;120;120;NA;NA;NA;NA;NA;NA;NA;NA;NA;NA;NA;14;116
2022-06-10;"0-60";13;13;13;13;13;13;13;13;13;13;13;13;36;36;36;36;36;36;36;36;36;36;36;36;1;1;1;1;1;1;1;1;1;1;1;13;34
2022-06-10;"60+";8;8;8;8;8;8;8;8;8;8;8;8;76;76;76;76;76;76;76;76;76;76;76;76;1;1;1;1;1;1;1;1;1;1;1;8;73
2022-06-10;"alle";21;21;21;21;21;21;21;21;21;21;21;21;112;112;112;112;112;112;112;112;112;112;112;112;NA;NA;NA;NA;NA;NA;NA;NA;NA;NA;NA;21;108
2022-06-09;"0-60";7;7;7;7;7;7;7;7;7;7;7;7;27;27;27;27;27;27;27;27;27;27;27;27;1;1;1;1;1;1;1;1;1;1;1;6;25
2022-06-09;"60+";24;24;24;24;24;24;24;24;24;24;24;24;77;77;77;77;77;77;77;77;77;77;77;77;1;1;1;1;1;1;1;1;1;1;1;23;73
2022-06-09;"alle";31;31;31;31;31;31;31;31;31;31;31;31;104;104;104;104;104;104;104;104;104;104;104;104;NA;NA;NA;NA;NA;NA;NA;NA;NA;NA;NA;29;99
2022-06-08;"0-60";11;11;11;11;11;11;11;11;11;11;11;11;28;28;28;28;28;28;28;28;28;28;28;28;1;1;1;1;1;1;1;1;1;1;1;10;27
2022-06-08;"60+";35;35;35;35;35;35;35;35;35;35;35;35;64;64;64;64;64;64;64;64;64;64;64;64;1;1;1;1;1;1;1;1;1;1;1;33;61
2022-06-08;"alle";46;46;46;46;46;46;46;46;46;46;46;46;92;92;92;92;92;92;92;92;92;92;92;92;NA;NA;NA;NA;NA;NA;NA;NA;NA;NA;NA;44;89
2022-06-07;"0-60";0;0;0;0;0;0;0;0;0;0;0;0;22;22;22;22;22;22;22;22;22;22;22;22;1;1;1;1;1;1;1;1;1;1;1;0;22
2022-06-07;"60+";3;3;3;3;3;3;3;3;3;3;3;3;38;38;38;38;38;38;38;38;38;38;38;38;1;1;1;1;1;1;1;1;1;1;1;3;37
2022-06-07;"alle";3;3;3;3;3;3;3;3;3;3;3;3;60;60;60;60;60;60;60;60;60;60;60;60;NA;NA;NA;NA;NA;NA;NA;NA;NA;NA;NA;3;59
2022-06-06;"0-60";1;1;1;1;1;1;1;1;1;1;1;1;29;29;29;29;29;29;29;29;29;29;29;29;1;1;1;1;1;1;1;1;1;1;1;1;29
2022-06-06;"60+";3;3;3;3;3;3;3;3;3;3;3;3;50;50;50;50;50;50;50;50;50;50;50;50;1;1;1;1;1;1;1;1;1;1;1;3;49
2022-06-06;"alle";4;4;4;4;4;4;4;4;4;4;4;4;79;79;79;79;79;79;79;79;79;79;79;79;NA;NA;NA;NA;NA;NA;NA;NA;NA;NA;NA;4;78
2022-06-05;"0-60";0;0;0;0;0;0;0;0;0;0;0;0;28;28;28;28;28;28;28;28;28;28;28;28;1;1;1;1;1;1;1;1;1;1;1;0;28
2022-06-05;"60+";1;1;1;1;1;1;1;1;1;1;1;1;47;47;47;47;47;47;47;47;47;47;47;47;1;1;1;1;1;1;1;1;1;1;1;1;46
2022-06-05;"alle";1;1;1;1;1;1;1;1;1;1;1;1;75;75;75;75;75;75;75;75;75;75;75;75;NA;NA;NA;NA;NA;NA;NA;NA;NA;NA;NA;1;74
2022-06-04;"0-60";4;4;4;4;4;4;4;4;4;4;4;4;28;28;28;28;28;28;28;28;28;28;28;28;1;1;1;1;1;1;1;1;1;1;1;4;28
2022-06-04;"60+";2;2;2;2;2;2;2;2;2;2;2;2;47;47;47;47;47;47;47;47;47;47;47;47;1;1;1;1;1;1;1;1;1;1;1;2;46
2022-06-04;"alle";6;6;6;6;6;6;6;6;6;6;6;6;75;75;75;75;75;75;75;75;75;75;75;75;NA;NA;NA;NA;NA;NA;NA;NA;NA;NA;NA;6;74
2022-06-03;"0-60";4;4;4;4;4;4;4;4;4;4;4;4;28;28;28;28;28;28;28;28;28;28;28;28;1;1;1;1;1;1;1;1;1;1;1;4;28
2022-06-03;"60+";9;9;9;9;9;9;9;9;9;9;9;9;53;53;53;53;53;53;53;53;53;53;53;53;1;1;1;1;1;1;1;1;1;1;1;8;52
2022-06-03;"alle";13;13;13;13;13;13;13;13;13;13;13;13;81;81;81;81;81;81;81;81;81;81;81;81;NA;NA;NA;NA;NA;NA;NA;NA;NA;NA;NA;12;80
2022-06-02;"0-60";8;8;8;8;8;8;8;8;8;8;8;8;27;27;27;27;27;27;27;27;27;27;27;27;1;1;1;1;1;1;1;1;1;1;1;8;27
2022-06-02;"60+";11;11;11;11;11;11;11;11;11;11;11;11;47;47;47;47;47;47;47;47;47;47;47;47;1;1;1;1;1;1;1;1;1;1;1;11;47
2022-06-02;"alle";19;19;19;19;19;19;19;19;19;19;19;19;74;74;74;74;74;74;74;74;74;74;74;74;NA;NA;NA;NA;NA;NA;NA;NA;NA;NA;NA;19;74
2022-06-01;"0-60";5;5;5;5;5;5;5;5;5;5;5;5;23;23;23;23;23;23;23;23;23;23;23;23;1;1;1;1;1;1;1;1;1;1;1;5;22
2022-06-01;"60+";9;9;9;9;9;9;9;9;9;9;9;9;44;44;44;44;44;44;44;44;44;44;44;44;1;1;1;1;1;1;1;1;1;1;1;9;43
2022-06-01;"alle";14;14;14;14;14;14;14;14;14;14;14;14;67;67;67;67;67;67;67;67;67;67;67;67;NA;NA;NA;NA;NA;NA;NA;NA;NA;NA;NA;14;65
2022-05-31;"0-60";7;7;7;7;7;7;7;7;7;7;7;7;26;26;26;26;26;26;26;26;26;26;26;26;1;1;1;1;1;1;1;1;1;1;1;7;24
2022-05-31;"60+";15;15;15;15;15;15;15;15;15;15;15;15;45;45;45;45;45;45;45;45;45;45;45;45;1;1;1;1;1;1;1;1;1;1;1;15;44
2022-05-31;"alle";22;22;22;22;22;22;22;22;22;22;22;22;71;71;71;71;71;71;71;71;71;71;71;71;NA;NA;NA;NA;NA;NA;NA;NA;NA;NA;NA;22;68
2022-05-30;"0-60";0;0;0;0;0;0;0;0;0;0;0;0;25;25;25;25;25;25;25;25;25;25;25;25;1;1;1;1;1;1;1;1;1;1;1;0;23
2022-05-30;"60+";0;0;0;0;0;0;0;0;0;0;0;0;46;46;46;46;46;46;46;46;46;46;46;46;1;1;1;1;1;1;1;1;1;1;1;0;44
2022-05-30;"alle";0;0;0;0;0;0;0;0;0;0;0;0;71;71;71;71;71;71;71;71;71;71;71;71;NA;NA;NA;NA;NA;NA;NA;NA;NA;NA;NA;0;67
2022-05-29;"0-60";0;0;0;0;0;0;0;0;0;0;0;0;25;25;25;25;25;25;25;25;25;25;25;25;1;1;1;1;1;1;1;1;1;1;1;0;23
2022-05-29;"60+";1;1;1;1;1;1;1;1;1;1;1;1;48;48;48;48;48;48;48;48;48;48;48;48;1;1;1;1;1;1;1;1;1;1;1;1;46
2022-05-29;"alle";1;1;1;1;1;1;1;1;1;1;1;1;73;73;73;73;73;73;73;73;73;73;73;73;NA;NA;NA;NA;NA;NA;NA;NA;NA;NA;NA;1;69
2022-05-28;"0-60";4;4;4;4;4;4;4;4;4;4;4;4;27;27;27;27;27;27;27;27;27;27;27;27;1;1;1;1;1;1;1;1;1;1;1;4;25
2022-05-28;"60+";8;8;8;8;8;8;8;8;8;8;8;8;48;48;48;48;48;48;48;48;48;48;48;48;1;1;1;1;1;1;1;1;1;1;1;8;46
2022-05-28;"alle";12;12;12;12;12;12;12;12;12;12;12;12;75;75;75;75;75;75;75;75;75;75;75;75;NA;NA;NA;NA;NA;NA;NA;NA;NA;NA;NA;12;71
2022-05-27;"0-60";3;3;3;3;3;3;3;3;3;3;3;3;28;28;28;28;28;28;28;28;28;28;28;28;1;1;1;1;1;1;1;1;1;1;1;3;26
2022-05-27;"60+";3;3;3;3;3;3;3;3;3;3;3;3;49;49;49;49;49;49;49;49;49;49;49;49;1;1;1;1;1;1;1;1;1;1;1;3;47
2022-05-27;"alle";6;6;6;6;6;6;6;6;6;6;6;6;77;77;77;77;77;77;77;77;77;77;77;77;NA;NA;NA;NA;NA;NA;NA;NA;NA;NA;NA;6;73
2022-05-26;"0-60";4;4;4;4;4;4;4;4;4;4;4;4;31;31;31;31;31;31;31;31;31;31;31;31;1;1;1;1;1;1;1;1;1;1;1;3;29
2022-05-26;"60+";8;8;8;8;8;8;8;8;8;8;8;8;52;52;52;52;52;52;52;52;52;52;52;52;1;1;1;1;1;1;1;1;1;1;1;7;50
2022-05-26;"alle";12;12;12;12;12;12;12;12;12;12;12;12;83;83;83;83;83;83;83;83;83;83;83;83;NA;NA;NA;NA;NA;NA;NA;NA;NA;NA;NA;10;79
2022-05-25;"0-60";8;8;8;8;8;8;8;8;8;8;8;8;37;37;37;37;37;37;37;37;37;37;37;37;1;1;1;1;1;1;1;1;1;1;1;7;36
2022-05-25;"60+";10;10;10;10;10;10;10;10;10;10;10;10;53;53;53;53;53;53;53;53;53;53;53;53;1;1;1;1;1;1;1;1;1;1;1;10;52
2022-05-25;"alle";18;18;18;18;18;18;18;18;18;18;18;18;90;90;90;90;90;90;90;90;90;90;90;90;NA;NA;NA;NA;NA;NA;NA;NA;NA;NA;NA;17;88
2022-05-24;"0-60";6;6;6;6;6;6;6;6;6;6;6;6;35;35;35;35;35;35;35;35;35;35;35;35;1;1;1;1;1;1;1;1;1;1;1;6;35
2022-05-24;"60+";16;16;16;16;16;16;16;16;16;16;16;16;56;56;56;56;56;56;56;56;56;56;56;56;1;1;1;1;1;1;1;1;1;1;1;15;55
2022-05-24;"alle";22;22;22;22;22;22;22;22;22;22;22;22;91;91;91;91;91;91;91;91;91;91;91;91;NA;NA;NA;NA;NA;NA;NA;NA;NA;NA;NA;21;90
2022-05-23;"0-60";0;0;0;0;0;0;0;0;0;0;0;0;37;37;37;37;37;37;37;37;37;37;37;37;1;1;1;1;1;1;1;1;1;1;1;0;36
2022-05-23;"60+";2;2;2;2;2;2;2;2;2;2;2;2;58;58;58;58;58;58;58;58;58;58;58;58;1;1;1;1;1;1;1;1;1;1;1;2;58
2022-05-23;"alle";2;2;2;2;2;2;2;2;2;2;2;2;95;95;95;95;95;95;95;95;95;95;95;95;NA;NA;NA;NA;NA;NA;NA;NA;NA;NA;NA;2;95
2022-05-22;"0-60";2;2;2;2;2;2;2;2;2;2;2;2;37;37;37;37;37;37;37;37;37;37;37;37;1;1;1;1;1;1;1;1;1;1;1;2;36
2022-05-22;"60+";1;1;1;1;1;1;1;1;1;1;1;1;57;57;57;57;57;57;57;57;57;57;57;57;1;1;1;1;1;1;1;1;1;1;1;1;57
2022-05-22;"alle";3;3;3;3;3;3;3;3;3;3;3;3;94;94;94;94;94;94;94;94;94;94;94;94;NA;NA;NA;NA;NA;NA;NA;NA;NA;NA;NA;3;94
2022-05-21;"0-60";5;5;5;5;5;5;5;5;5;5;5;5;36;36;36;36;36;36;36;36;36;36;36;36;1;1;1;1;1;1;1;1;1;1;1;5;35
2022-05-21;"60+";9;9;9;9;9;9;9;9;9;9;9;9;59;59;59;59;59;59;59;59;59;59;59;59;1;1;1;1;1;1;1;1;1;1;1;9;59
2022-05-21;"alle";14;14;14;14;14;14;14;14;14;14;14;14;95;95;95;95;95;95;95;95;95;95;95;95;NA;NA;NA;NA;NA;NA;NA;NA;NA;NA;NA;14;95
2022-05-20;"0-60";6;6;6;6;6;6;6;6;6;6;6;6;36;36;36;36;36;36;36;36;36;36;36;36;1;1;1;1;1;1;1;1;1;1;1;6;35
2022-05-20;"60+";6;6;6;6;6;6;6;6;6;6;6;6;66;66;66;66;66;66;66;66;66;66;66;66;1;1;1;1;1;1;1;1;1;1;1;6;66
2022-05-20;"alle";12;12;12;12;12;12;12;12;12;12;12;12;102;102;102;102;102;102;102;102;102;102;102;102;NA;NA;NA;NA;NA;NA;NA;NA;NA;NA;NA;12;102
2022-05-19;"0-60";10;10;10;10;10;10;10;10;10;10;10;10;33;33;33;33;33;33;33;33;33;33;33;33;1;1;1;1;1;1;1;1;1;1;1;10;32
2022-05-19;"60+";9;9;9;9;9;9;9;9;9;9;9;9;72;72;72;72;72;72;72;72;72;72;72;72;1;1;1;1;1;1;1;1;1;1;1;9;70
2022-05-19;"alle";19;19;19;19;19;19;19;19;19;19;19;19;105;105;105;105;105;105;105;105;105;105;105;105;NA;NA;NA;NA;NA;NA;NA;NA;NA;NA;NA;19;103
2022-05-18;"0-60";6;6;6;6;6;6;6;6;6;6;6;6;31;31;31;31;31;31;31;31;31;31;31;31;1;1;1;1;1;1;1;1;1;1;1;6;30
2022-05-18;"60+";13;13;13;13;13;13;13;13;13;13;13;13;78;78;78;78;78;78;78;78;78;78;78;78;1;1;1;1;1;1;1;1;1;1;1;13;76
2022-05-18;"alle";19;19;19;19;19;19;19;19;19;19;19;19;109;109;109;109;109;109;109;109;109;109;109;109;NA;NA;NA;NA;NA;NA;NA;NA;NA;NA;NA;19;107
2022-05-17;"0-60";8;8;8;8;8;8;8;8;8;8;8;8;29;29;29;29;29;29;29;29;29;29;29;29;1;1;1;1;1;1;1;1;1;1;1;7;28
2022-05-17;"60+";18;18;18;18;18;18;18;18;18;18;18;18;80;80;80;80;80;80;80;80;80;80;80;80;1;1;1;1;1;1;1;1;1;1;1;18;78
2022-05-17;"alle";26;26;26;26;26;26;26;26;26;26;26;26;109;109;109;109;109;109;109;109;109;109;109;109;NA;NA;NA;NA;NA;NA;NA;NA;NA;NA;NA;26;107
2022-05-16;"0-60";0;0;0;0;0;0;0;0;0;0;0;0;29;29;29;29;29;29;29;29;29;29;29;29;1;1;1;1;1;1;1;1;1;1;1;0;29
2022-05-16;"60+";1;1;1;1;1;1;1;1;1;1;1;1;89;89;89;89;89;89;89;89;89;89;89;89;1;1;1;1;1;1;1;1;1;1;1;1;87
2022-05-16;"alle";1;1;1;1;1;1;1;1;1;1;1;1;118;118;118;118;118;118;118;118;118;118;118;118;NA;NA;NA;NA;NA;NA;NA;NA;NA;NA;NA;1;116
2022-05-15;"0-60";1;1;1;1;1;1;1;1;1;1;1;1;29;29;29;29;29;29;29;29;29;29;29;29;1;1;1;1;1;1;1;1;1;1;1;1;29
2022-05-15;"60+";3;3;3;3;3;3;3;3;3;3;3;3;89;89;89;89;89;89;89;89;89;89;89;89;1;1;1;1;1;1;1;1;1;1;1;3;87
2022-05-15;"alle";4;4;4;4;4;4;4;4;4;4;4;4;118;118;118;118;118;118;118;118;118;118;118;118;NA;NA;NA;NA;NA;NA;NA;NA;NA;NA;NA;4;116
2022-05-14;"0-60";5;5;5;5;5;5;5;5;5;5;5;5;28;28;28;28;28;28;28;28;28;28;28;28;1;1;1;1;1;1;1;1;1;1;1;5;28
2022-05-14;"60+";16;16;16;16;16;16;16;16;16;16;16;16;86;86;86;86;86;86;86;86;86;86;86;86;1;1;1;1;1;1;1;1;1;1;1;16;84
2022-05-14;"alle";21;21;21;21;21;21;21;21;21;21;21;21;114;114;114;114;114;114;114;114;114;114;114;114;NA;NA;NA;NA;NA;NA;NA;NA;NA;NA;NA;21;112
2022-05-13;"0-60";3;3;3;3;3;3;3;3;3;3;3;3;26;26;26;26;26;26;26;26;26;26;26;26;1;1;1;1;1;1;1;1;1;1;1;3;26
2022-05-13;"60+";12;12;12;12;12;12;12;12;12;12;12;12;78;78;78;78;78;78;78;78;78;78;78;78;1;1;1;1;1;1;1;1;1;1;1;10;76
2022-05-13;"alle";15;15;15;15;15;15;15;15;15;15;15;15;104;104;104;104;104;104;104;104;104;104;104;104;NA;NA;NA;NA;NA;NA;NA;NA;NA;NA;NA;13;102
2022-05-12;"0-60";8;8;8;8;8;8;8;8;8;8;8;8;28;28;28;28;28;28;28;28;28;28;28;28;1;1;1;1;1;1;1;1;1;1;1;8;28
2022-05-12;"60+";15;15;15;15;15;15;15;15;15;15;15;15;85;85;85;85;85;85;85;85;85;85;85;85;1;1;1;1;1;1;1;1;1;1;1;15;84
2022-05-12;"alle";23;23;23;23;23;23;23;23;23;23;23;23;113;113;113;113;113;113;113;113;113;113;113;113;NA;NA;NA;NA;NA;NA;NA;NA;NA;NA;NA;23;112
2022-05-11;"0-60";4;4;4;4;4;4;4;4;4;4;4;4;27;27;27;27;27;27;27;27;27;27;27;27;1;1;1;1;1;1;1;1;1;1;1;4;27
2022-05-11;"60+";15;15;15;15;15;15;15;15;15;15;15;15;82;82;82;82;82;82;82;82;82;82;82;82;1;1;1;1;1;1;1;1;1;1;1;15;80
2022-05-11;"alle";19;19;19;19;19;19;19;19;19;19;19;19;109;109;109;109;109;109;109;109;109;109;109;109;NA;NA;NA;NA;NA;NA;NA;NA;NA;NA;NA;19;107
2022-05-10;"0-60";8;8;8;8;8;8;8;8;8;8;8;8;29;29;29;29;29;29;29;29;29;29;29;29;1;1;1;1;1;1;1;1;1;1;1;8;29
2022-05-10;"60+";27;27;27;27;27;27;27;27;27;27;27;27;90;90;90;90;90;90;90;90;90;90;90;90;1;1;1;1;1;1;1;1;1;1;1;27;87
2022-05-10;"alle";35;35;35;35;35;35;35;35;35;35;35;35;119;119;119;119;119;119;119;119;119;119;119;119;NA;NA;NA;NA;NA;NA;NA;NA;NA;NA;NA;35;116
2022-05-09;"0-60";0;0;0;0;0;0;0;0;0;0;0;0;30;30;30;30;30;30;30;30;30;30;30;30;1;1;1;1;1;1;1;1;1;1;1;0;30
2022-05-09;"60+";1;1;1;1;1;1;1;1;1;1;1;1;92;92;92;92;92;92;92;92;92;92;92;92;1;1;1;1;1;1;1;1;1;1;1;1;87
2022-05-09;"alle";1;1;1;1;1;1;1;1;1;1;1;1;122;122;122;122;122;122;122;122;122;122;122;122;NA;NA;NA;NA;NA;NA;NA;NA;NA;NA;NA;1;118
2022-05-08;"0-60";0;0;0;0;0;0;0;0;0;0;0;0;31;31;31;31;31;31;31;31;31;31;31;31;1;1;1;1;1;1;1;1;1;1;1;0;31
2022-05-08;"60+";0;0;0;0;0;0;0;0;0;0;0;0;100;100;100;100;100;100;100;100;100;100;100;100;1;1;1;1;1;1;1;1;1;1;1;0;95
2022-05-08;"alle";0;0;0;0;0;0;0;0;0;0;0;0;131;131;131;131;131;131;131;131;131;131;131;131;NA;NA;NA;NA;NA;NA;NA;NA;NA;NA;NA;0;127
2022-05-07;"0-60";3;3;3;3;3;3;3;3;3;3;3;3;31;31;31;31;31;31;31;31;31;31;31;31;1;1;1;1;1;1;1;1;1;1;1;3;31
2022-05-07;"60+";8;8;8;8;8;8;8;8;8;8;8;8;102;102;102;102;102;102;102;102;102;102;102;102;1;1;1;1;1;1;1;1;1;1;1;8;97
2022-05-07;"alle";11;11;11;11;11;11;11;11;11;11;11;11;133;133;133;133;133;133;133;133;133;133;133;133;NA;NA;NA;NA;NA;NA;NA;NA;NA;NA;NA;11;129
2022-05-06;"0-60";5;5;5;5;5;5;5;5;5;5;5;5;31;31;31;31;31;31;31;31;31;31;31;31;1;1;1;1;1;1;1;1;1;1;1;5;31
2022-05-06;"60+";19;19;19;19;19;19;19;19;19;19;19;19;116;116;116;116;116;116;116;116;116;116;116;116;1;1;1;1;1;1;1;1;1;1;1;18;111
2022-05-06;"alle";24;24;24;24;24;24;24;24;24;24;24;24;147;147;147;147;147;147;147;147;147;147;147;147;NA;NA;NA;NA;NA;NA;NA;NA;NA;NA;NA;23;143
2022-05-05;"0-60";7;7;7;7;7;7;7;7;7;7;7;7;28;28;28;28;28;28;28;28;28;28;28;28;1;1;1;1;1;1;1;1;1;1;1;7;27
2022-05-05;"60+";12;12;12;12;12;12;12;12;12;12;12;12;115;115;115;115;115;115;115;115;115;115;115;115;1;1;1;1;1;1;1;1;1;1;1;11;109
2022-05-05;"alle";19;19;19;19;19;19;19;19;19;19;19;19;143;143;143;143;143;143;143;143;143;143;143;143;NA;NA;NA;NA;NA;NA;NA;NA;NA;NA;NA;18;137
2022-05-04;"0-60";6;6;6;6;6;6;6;6;6;6;6;6;24;24;24;24;24;24;24;24;24;24;24;24;1;1;1;1;1;1;1;1;1;1;1;6;23
2022-05-04;"60+";23;23;23;23;23;23;23;23;23;23;23;23;124;124;124;124;124;124;124;124;124;124;124;124;1;1;1;1;1;1;1;1;1;1;1;22;117
2022-05-04;"alle";29;29;29;29;29;29;29;29;29;29;29;29;148;148;148;148;148;148;148;148;148;148;148;148;NA;NA;NA;NA;NA;NA;NA;NA;NA;NA;NA;28;141
2022-05-03;"0-60";9;9;9;9;9;9;9;9;9;9;9;9;21;21;21;21;21;21;21;21;21;21;21;21;1;1;1;1;1;1;1;1;1;1;1;9;20
2022-05-03;"60+";29;29;29;29;29;29;29;29;29;29;29;29;121;121;121;121;121;121;121;121;121;121;121;121;1;1;1;1;1;1;1;1;1;1;1;27;114
2022-05-03;"alle";38;38;38;38;38;38;38;38;38;38;38;38;142;142;142;142;142;142;142;142;142;142;142;142;NA;NA;NA;NA;NA;NA;NA;NA;NA;NA;NA;37;135
2022-05-02;"0-60";1;1;1;1;1;1;1;1;1;1;1;1;19;19;19;19;19;19;19;19;19;19;19;19;1;1;1;1;1;1;1;1;1;1;1;1;17
2022-05-02;"60+";9;9;9;9;9;9;9;9;9;9;9;9;107;107;107;107;107;107;107;107;107;107;107;107;1;1;1;1;1;1;1;1;1;1;1;9;102
2022-05-02;"alle";10;10;10;10;10;10;10;10;10;10;10;10;126;126;126;126;126;126;126;126;126;126;126;126;NA;NA;NA;NA;NA;NA;NA;NA;NA;NA;NA;10;119
2022-05-01;"0-60";0;0;0;0;0;0;0;0;0;0;0;0;18;18;18;18;18;18;18;18;18;18;18;18;1;1;1;1;1;1;1;1;1;1;1;0;16
2022-05-01;"60+";2;2;2;2;2;2;2;2;2;2;2;2;102;102;102;102;102;102;102;102;102;102;102;102;1;1;1;1;1;1;1;1;1;1;1;2;97
2022-05-01;"alle";2;2;2;2;2;2;2;2;2;2;2;2;120;120;120;120;120;120;120;120;120;120;120;120;NA;NA;NA;NA;NA;NA;NA;NA;NA;NA;NA;2;113
2022-04-30;"0-60";3;3;3;3;3;3;3;3;3;3;3;3;18;18;18;18;18;18;18;18;18;18;18;18;1;1;1;1;1;1;1;1;1;1;1;3;16
2022-04-30;"60+";22;22;22;22;22;22;22;22;22;22;22;22;103;103;103;103;103;103;103;103;103;103;103;103;1;1;1;1;1;1;1;1;1;1;1;22;98
2022-04-30;"alle";25;25;25;25;25;25;25;25;25;25;25;25;121;121;121;121;121;121;121;121;121;121;121;121;NA;NA;NA;NA;NA;NA;NA;NA;NA;NA;NA;25;114
2022-04-29;"0-60";2;2;2;2;2;2;2;2;2;2;2;2;23;23;23;23;23;23;23;23;23;23;23;23;1;1;1;1;1;1;1;1;1;1;1;1;20
2022-04-29;"60+";18;18;18;18;18;18;18;18;18;18;18;18;97;97;97;97;97;97;97;97;97;97;97;97;1;1;1;1;1;1;1;1;1;1;1;16;91
2022-04-29;"alle";20;20;20;20;20;20;20;20;20;20;20;20;120;120;120;120;120;120;120;120;120;120;120;120;NA;NA;NA;NA;NA;NA;NA;NA;NA;NA;NA;17;111
2022-04-28;"0-60";3;3;3;3;3;3;3;3;3;3;3;3;27;27;27;27;27;27;27;27;27;27;27;27;1;1;1;1;1;1;1;1;1;1;1;3;25
2022-04-28;"60+";21;21;21;21;21;21;21;21;21;21;21;21;94;94;94;94;94;94;94;94;94;94;94;94;1;1;1;1;1;1;1;1;1;1;1;19;89
2022-04-28;"alle";24;24;24;24;24;24;24;24;24;24;24;24;121;121;121;121;121;121;121;121;121;121;121;121;NA;NA;NA;NA;NA;NA;NA;NA;NA;NA;NA;22;114
2022-04-27;"0-60";3;3;3;3;3;3;3;3;3;3;3;3;31;31;31;31;31;31;31;31;31;31;31;31;1;1;1;1;1;1;1;1;1;1;1;3;29
2022-04-27;"60+";20;20;20;20;20;20;20;20;20;20;20;20;85;85;85;85;85;85;85;85;85;85;85;85;1;1;1;1;1;1;1;1;1;1;1;19;81
2022-04-27;"alle";23;23;23;23;23;23;23;23;23;23;23;23;116;116;116;116;116;116;116;116;116;116;116;116;NA;NA;NA;NA;NA;NA;NA;NA;NA;NA;NA;22;110
2022-04-26;"0-60";7;7;7;7;7;7;7;7;7;7;7;7;41;41;41;41;41;41;41;41;41;41;41;41;1;1;1;1;1;1;1;1;1;1;1;6;39
2022-04-26;"60+";15;15;15;15;15;15;15;15;15;15;15;15;103;103;103;103;103;103;103;103;103;103;103;103;1;1;1;1;1;1;1;1;1;1;1;15;100
2022-04-26;"alle";22;22;22;22;22;22;22;22;22;22;22;22;144;144;144;144;144;144;144;144;144;144;144;144;NA;NA;NA;NA;NA;NA;NA;NA;NA;NA;NA;21;139
2022-04-25;"0-60";0;0;0;0;0;0;0;0;0;0;0;0;36;36;36;36;36;36;36;36;36;36;36;36;1;1;1;1;1;1;1;1;1;1;1;0;35
2022-04-25;"60+";4;4;4;4;4;4;4;4;4;4;4;4;91;91;91;91;91;91;91;91;91;91;91;91;1;1;1;1;1;1;1;1;1;1;1;4;88
2022-04-25;"alle";4;4;4;4;4;4;4;4;4;4;4;4;127;127;127;127;127;127;127;127;127;127;127;127;NA;NA;NA;NA;NA;NA;NA;NA;NA;NA;NA;4;123
2022-04-24;"0-60";0;0;0;0;0;0;0;0;0;0;0;0;38;38;38;38;38;38;38;38;38;38;38;38;1;1;1;1;1;1;1;1;1;1;1;0;37
2022-04-24;"60+";3;3;3;3;3;3;3;3;3;3;3;3;92;92;92;92;92;92;92;92;92;92;92;92;1;1;1;1;1;1;1;1;1;1;1;3;89
2022-04-24;"alle";3;3;3;3;3;3;3;3;3;3;3;3;130;130;130;130;130;130;130;130;130;130;130;130;NA;NA;NA;NA;NA;NA;NA;NA;NA;NA;NA;3;126
2022-04-23;"0-60";8;8;8;8;8;8;8;8;8;8;8;8;39;39;39;39;39;39;39;39;39;39;39;39;1;1;1;1;1;1;1;1;1;1;1;7;38
2022-04-23;"60+";16;16;16;16;16;16;16;16;16;16;16;16;91;91;91;91;91;91;91;91;91;91;91;91;1;1;1;1;1;1;1;1;1;1;1;15;88
2022-04-23;"alle";24;24;24;24;24;24;24;24;24;24;24;24;130;130;130;130;130;130;130;130;130;130;130;130;NA;NA;NA;NA;NA;NA;NA;NA;NA;NA;NA;22;126
2022-04-22;"0-60";6;6;6;6;6;6;6;6;6;6;6;6;34;34;34;34;34;34;34;34;34;34;34;34;1;1;1;1;1;1;1;1;1;1;1;6;33
2022-04-22;"60+";15;15;15;15;15;15;15;15;15;15;15;15;81;81;81;81;81;81;81;81;81;81;81;81;1;1;1;1;1;1;1;1;1;1;1;14;78
2022-04-22;"alle";21;21;21;21;21;21;21;21;21;21;21;21;115;115;115;115;115;115;115;115;115;115;115;115;NA;NA;NA;NA;NA;NA;NA;NA;NA;NA;NA;20;111
2022-04-21;"0-60";7;7;7;7;7;7;7;7;7;7;7;7;40;40;40;40;40;40;40;40;40;40;40;40;1;1;1;1;1;1;1;1;1;1;1;7;38
2022-04-21;"60+";12;12;12;12;12;12;12;12;12;12;12;12;79;79;79;79;79;79;79;79;79;79;79;79;1;1;1;1;1;1;1;1;1;1;1;11;77
2022-04-21;"alle";19;19;19;19;19;19;19;19;19;19;19;19;119;119;119;119;119;119;119;119;119;119;119;119;NA;NA;NA;NA;NA;NA;NA;NA;NA;NA;NA;18;115
2022-04-20;"0-60";13;13;13;13;13;13;13;13;13;13;13;13;39;39;39;39;39;39;39;39;39;39;39;39;1;1;1;1;1;1;1;1;1;1;1;13;37
2022-04-20;"60+";38;38;38;38;38;38;38;38;38;38;38;38;86;86;86;86;86;86;86;86;86;86;86;86;1;1;1;1;1;1;1;1;1;1;1;38;82
2022-04-20;"alle";51;51;51;51;51;51;51;51;51;51;51;51;125;125;125;125;125;125;125;125;125;125;125;125;NA;NA;NA;NA;NA;NA;NA;NA;NA;NA;NA;51;119
2022-04-19;"0-60";2;2;2;2;2;2;2;2;2;2;2;2;36;36;36;36;36;36;36;36;36;36;36;36;1;1;1;1;1;1;1;1;1;1;1;2;34
2022-04-19;"60+";3;3;3;3;3;3;3;3;3;3;3;3;79;79;79;79;79;79;79;79;79;79;79;79;1;1;1;1;1;1;1;1;1;1;1;3;75
2022-04-19;"alle";5;5;5;5;5;5;5;5;5;5;5;5;115;115;115;115;115;115;115;115;115;115;115;115;NA;NA;NA;NA;NA;NA;NA;NA;NA;NA;NA;5;109
2022-04-18;"0-60";2;2;2;2;2;2;2;2;2;2;2;2;46;46;46;46;46;46;46;46;46;46;46;46;1;1;1;1;1;1;1;1;1;1;1;2;43
2022-04-18;"60+";5;5;5;5;5;5;5;5;5;5;5;5;103;103;103;103;103;103;103;103;103;103;103;103;1;1;1;1;1;1;1;1;1;1;1;5;98
2022-04-18;"alle";7;7;7;7;7;7;7;7;7;7;7;7;149;149;149;149;149;149;149;149;149;149;149;149;NA;NA;NA;NA;NA;NA;NA;NA;NA;NA;NA;7;141
2022-04-17;"0-60";1;1;1;1;1;1;1;1;1;1;1;1;49;49;49;49;49;49;49;49;49;49;49;49;1;1;1;1;1;1;1;1;1;1;1;1;46
2022-04-17;"60+";2;2;2;2;2;2;2;2;2;2;2;2;101;101;101;101;101;101;101;101;101;101;101;101;1;1;1;1;1;1;1;1;1;1;1;2;96
2022-04-17;"alle";3;3;3;3;3;3;3;3;3;3;3;3;150;150;150;150;150;150;150;150;150;150;150;150;NA;NA;NA;NA;NA;NA;NA;NA;NA;NA;NA;3;142
2022-04-16;"0-60";3;3;3;3;3;3;3;3;3;3;3;3;48;48;48;48;48;48;48;48;48;48;48;48;1;1;1;1;1;1;1;1;1;1;1;2;45
2022-04-16;"60+";6;6;6;6;6;6;6;6;6;6;6;6;99;99;99;99;99;99;99;99;99;99;99;99;1;1;1;1;1;1;1;1;1;1;1;5;94
2022-04-16;"alle";9;9;9;9;9;9;9;9;9;9;9;9;147;147;147;147;147;147;147;147;147;147;147;147;NA;NA;NA;NA;NA;NA;NA;NA;NA;NA;NA;7;139
2022-04-15;"0-60";12;12;12;12;12;12;12;12;12;12;12;12;59;59;59;59;59;59;59;59;59;59;59;59;1;1;1;1;1;1;1;1;1;1;1;11;56
2022-04-15;"60+";13;13;13;13;13;13;13;13;13;13;13;13;119;119;119;119;119;119;119;119;119;119;119;119;1;1;1;1;1;1;1;1;1;1;1;13;113
2022-04-15;"alle";25;25;25;25;25;25;25;25;25;25;25;25;178;178;178;178;178;178;178;178;178;178;178;178;NA;NA;NA;NA;NA;NA;NA;NA;NA;NA;NA;24;169
2022-04-14;"0-60";6;6;6;6;6;6;6;6;6;6;6;6;61;61;61;61;61;61;61;61;61;61;61;61;1;1;1;1;1;1;1;1;1;1;1;6;59
2022-04-14;"60+";19;19;19;19;19;19;19;19;19;19;19;19;134;134;134;134;134;134;134;134;134;134;134;134;1;1;1;1;1;1;1;1;1;1;1;16;126
2022-04-14;"alle";25;25;25;25;25;25;25;25;25;25;25;25;195;195;195;195;195;195;195;195;195;195;195;195;NA;NA;NA;NA;NA;NA;NA;NA;NA;NA;NA;22;185
2022-04-13;"0-60";10;10;10;10;10;10;10;10;10;10;10;10;62;62;62;62;62;62;62;62;62;62;62;62;1;1;1;1;1;1;1;1;1;1;1;10;60
2022-04-13;"60+";31;31;31;31;31;31;31;31;31;31;31;31;137;137;137;137;137;137;137;137;137;137;137;137;1;1;1;1;1;1;1;1;1;1;1;31;129
2022-04-13;"alle";41;41;41;41;41;41;41;41;41;41;41;41;199;199;199;199;199;199;199;199;199;199;199;199;NA;NA;NA;NA;NA;NA;NA;NA;NA;NA;NA;41;189
2022-04-12;"0-60";12;12;12;12;12;12;12;12;12;12;12;12;63;63;63;63;63;63;63;63;63;63;63;63;1;1;1;1;1;1;1;1;1;1;1;11;60
2022-04-12;"60+";27;27;27;27;27;27;27;27;27;27;27;27;134;134;134;134;134;134;134;134;134;134;134;134;1;1;1;1;1;1;1;1;1;1;1;26;125
2022-04-12;"alle";39;39;39;39;39;39;39;39;39;39;39;39;197;197;197;197;197;197;197;197;197;197;197;197;NA;NA;NA;NA;NA;NA;NA;NA;NA;NA;NA;37;185
2022-04-11;"0-60";5;5;5;5;5;5;5;5;5;5;5;5;62;62;62;62;62;62;62;62;62;62;62;62;1;1;1;1;1;1;1;1;1;1;1;5;60
2022-04-11;"60+";3;3;3;3;3;3;3;3;3;3;3;3;134;134;134;134;134;134;134;134;134;134;134;134;1;1;1;1;1;1;1;1;1;1;1;3;122
2022-04-11;"alle";8;8;8;8;8;8;8;8;8;8;8;8;196;196;196;196;196;196;196;196;196;196;196;196;NA;NA;NA;NA;NA;NA;NA;NA;NA;NA;NA;8;182
2022-04-10;"0-60";0;0;0;0;0;0;0;0;0;0;0;0;57;57;57;57;57;57;57;57;57;57;57;57;1;1;1;1;1;1;1;1;1;1;1;0;55
2022-04-10;"60+";0;0;0;0;0;0;0;0;0;0;0;0;134;134;134;134;134;134;134;134;134;134;134;134;1;1;1;1;1;1;1;1;1;1;1;0;122
2022-04-10;"alle";0;0;0;0;0;0;0;0;0;0;0;0;191;191;191;191;191;191;191;191;191;191;191;191;NA;NA;NA;NA;NA;NA;NA;NA;NA;NA;NA;0;177
2022-04-09;"0-60";14;14;14;14;14;14;14;14;14;14;14;14;59;59;59;59;59;59;59;59;59;59;59;59;1;1;1;1;1;1;1;1;1;1;1;13;57
2022-04-09;"60+";26;26;26;26;26;26;26;26;26;26;26;26;136;136;136;136;136;136;136;136;136;136;136;136;1;1;1;1;1;1;1;1;1;1;1;24;124
2022-04-09;"alle";40;40;40;40;40;40;40;40;40;40;40;40;195;195;195;195;195;195;195;195;195;195;195;195;NA;NA;NA;NA;NA;NA;NA;NA;NA;NA;NA;37;181
2022-04-08;"0-60";14;14;14;14;14;14;14;14;14;14;14;14;52;52;52;52;52;52;52;52;52;52;52;52;1;1;1;1;1;1;1;1;1;1;1;14;50
2022-04-08;"60+";28;28;28;28;28;28;28;28;28;28;28;28;124;124;124;124;124;124;124;124;124;124;124;124;1;1;1;1;1;1;1;1;1;1;1;26;113
2022-04-08;"alle";42;42;42;42;42;42;42;42;42;42;42;42;176;176;176;176;176;176;176;176;176;176;176;176;NA;NA;NA;NA;NA;NA;NA;NA;NA;NA;NA;40;163
2022-04-07;"0-60";7;7;7;7;7;7;7;7;7;7;7;7;48;48;48;48;48;48;48;48;48;48;48;48;1;1;1;1;1;1;1;1;1;1;1;7;46
2022-04-07;"60+";22;22;22;22;22;22;22;22;22;22;22;22;125;125;125;125;125;125;125;125;125;125;125;125;1;1;1;1;1;1;1;1;1;1;1;19;110
2022-04-07;"alle";29;29;29;29;29;29;29;29;29;29;29;29;173;173;173;173;173;173;173;173;173;173;173;173;NA;NA;NA;NA;NA;NA;NA;NA;NA;NA;NA;26;156
2022-04-06;"0-60";11;11;11;11;11;11;11;11;11;11;11;11;52;52;52;52;52;52;52;52;52;52;52;52;1;1;1;1;1;1;1;1;1;1;1;10;48
2022-04-06;"60+";28;28;28;28;28;28;28;28;28;28;28;28;119;119;119;119;119;119;119;119;119;119;119;119;1;1;1;1;1;1;1;1;1;1;1;27;105
2022-04-06;"alle";39;39;39;39;39;39;39;39;39;39;39;39;171;171;171;171;171;171;171;171;171;171;171;171;NA;NA;NA;NA;NA;NA;NA;NA;NA;NA;NA;37;153
2022-04-05;"0-60";11;11;11;11;11;11;11;11;11;11;11;11;48;48;48;48;48;48;48;48;48;48;48;48;1;1;1;1;1;1;1;1;1;1;1;11;45
2022-04-05;"60+";27;27;27;27;27;27;27;27;27;27;27;27;115;115;115;115;115;115;115;115;115;115;115;115;1;1;1;1;1;1;1;1;1;1;1;23;100
2022-04-05;"alle";38;38;38;38;38;38;38;38;38;38;38;38;163;163;163;163;163;163;163;163;163;163;163;163;NA;NA;NA;NA;NA;NA;NA;NA;NA;NA;NA;34;145
2022-04-04;"0-60";0;0;0;0;0;0;0;0;0;0;0;0;48;48;48;48;48;48;48;48;48;48;48;48;1;1;1;1;1;1;1;1;1;1;1;0;44
2022-04-04;"60+";3;3;3;3;3;3;3;3;3;3;3;3;128;128;128;128;128;128;128;128;128;128;128;128;1;1;1;1;1;1;1;1;1;1;1;3;112
2022-04-04;"alle";3;3;3;3;3;3;3;3;3;3;3;3;176;176;176;176;176;176;176;176;176;176;176;176;NA;NA;NA;NA;NA;NA;NA;NA;NA;NA;NA;3;156
2022-04-03;"0-60";2;2;2;2;2;2;2;2;2;2;2;2;49;49;49;49;49;49;49;49;49;49;49;49;1;1;1;1;1;1;1;1;1;1;1;2;45
2022-04-03;"60+";2;2;2;2;2;2;2;2;2;2;2;2;130;130;130;130;130;130;130;130;130;130;130;130;1;1;1;1;1;1;1;1;1;1;1;2;114
2022-04-03;"alle";4;4;4;4;4;4;4;4;4;4;4;4;179;179;179;179;179;179;179;179;179;179;179;179;NA;NA;NA;NA;NA;NA;NA;NA;NA;NA;NA;4;159
2022-04-02;"0-60";7;7;7;7;7;7;7;7;7;7;7;7;49;49;49;49;49;49;49;49;49;49;49;49;1;1;1;1;1;1;1;1;1;1;1;6;45
2022-04-02;"60+";14;14;14;14;14;14;14;14;14;14;14;14;131;131;131;131;131;131;131;131;131;131;131;131;1;1;1;1;1;1;1;1;1;1;1;13;115
2022-04-02;"alle";21;21;21;21;21;21;21;21;21;21;21;21;180;180;180;180;180;180;180;180;180;180;180;180;NA;NA;NA;NA;NA;NA;NA;NA;NA;NA;NA;19;160
2022-04-01;"0-60";10;10;10;10;10;10;10;10;10;10;10;10;51;51;51;51;51;51;51;51;51;51;51;51;1;1;1;1;1;1;1;1;1;1;1;10;45
2022-04-01;"60+";29;29;29;29;29;29;29;29;29;29;29;29;142;142;142;142;142;142;142;142;142;142;142;142;1;1;1;1;1;1;1;1;1;1;1;23;117
2022-04-01;"alle";39;39;39;39;39;39;39;39;39;39;39;39;193;193;193;193;193;193;193;193;193;193;193;193;NA;NA;NA;NA;NA;NA;NA;NA;NA;NA;NA;33;162
2022-03-31;"0-60";11;11;11;11;11;11;11;11;11;11;11;11;50;50;50;50;50;50;50;50;50;50;50;50;1;1;1;1;1;1;1;1;1;1;1;9;44
2022-03-31;"60+";16;16;16;16;16;16;16;16;16;16;16;16;140;140;140;140;140;140;140;140;140;140;140;140;1;1;1;1;1;1;1;1;1;1;1;14;119
2022-03-31;"alle";27;27;27;27;27;27;27;27;27;27;27;27;190;190;190;190;190;190;190;190;190;190;190;190;NA;NA;NA;NA;NA;NA;NA;NA;NA;NA;NA;23;163
2022-03-30;"0-60";7;7;7;7;7;7;7;7;7;7;7;7;52;52;52;52;52;52;52;52;52;52;52;52;1;1;1;1;1;1;1;1;1;1;1;7;46
2022-03-30;"60+";24;24;24;24;24;24;24;24;24;24;24;24;155;155;155;155;155;155;155;155;155;155;155;155;1;1;1;1;1;1;1;1;1;1;1;22;133
2022-03-30;"alle";31;31;31;31;31;31;31;31;31;31;31;31;207;207;207;207;207;207;207;207;207;207;207;207;NA;NA;NA;NA;NA;NA;NA;NA;NA;NA;NA;29;179
2022-03-29;"0-60";11;11;11;11;11;11;11;11;11;11;11;11;64;64;64;64;64;64;64;64;64;64;64;64;1;1;1;1;1;1;1;1;1;1;1;10;57
2022-03-29;"60+";40;40;40;40;40;40;40;40;40;40;40;40;175;175;175;175;175;175;175;175;175;175;175;175;1;1;1;1;1;1;1;1;1;1;1;35;152
2022-03-29;"alle";51;51;51;51;51;51;51;51;51;51;51;51;239;239;239;239;239;239;239;239;239;239;239;239;NA;NA;NA;NA;NA;NA;NA;NA;NA;NA;NA;45;209
2022-03-28;"0-60";1;1;1;1;1;1;1;1;1;1;1;1;62;62;62;62;62;62;62;62;62;62;62;62;1;1;1;1;1;1;1;1;1;1;1;1;56
2022-03-28;"60+";5;5;5;5;5;5;5;5;5;5;5;5;163;163;163;163;163;163;163;163;163;163;163;163;1;1;1;1;1;1;1;1;1;1;1;5;143
2022-03-28;"alle";6;6;6;6;6;6;6;6;6;6;6;6;225;225;225;225;225;225;225;225;225;225;225;225;NA;NA;NA;NA;NA;NA;NA;NA;NA;NA;NA;6;199
2022-03-27;"0-60";2;2;2;2;2;2;2;2;2;2;2;2;62;62;62;62;62;62;62;62;62;62;62;62;1;1;1;1;1;1;1;1;1;1;1;2;56
2022-03-27;"60+";3;3;3;3;3;3;3;3;3;3;3;3;158;158;158;158;158;158;158;158;158;158;158;158;1;1;1;1;1;1;1;1;1;1;1;3;138
2022-03-27;"alle";5;5;5;5;5;5;5;5;5;5;5;5;220;220;220;220;220;220;220;220;220;220;220;220;NA;NA;NA;NA;NA;NA;NA;NA;NA;NA;NA;5;194
2022-03-26;"0-60";9;9;9;9;9;9;9;9;9;9;9;9;69;69;69;69;69;69;69;69;69;69;69;69;1;1;1;1;1;1;1;1;1;1;1;6;62
2022-03-26;"60+";25;25;25;25;25;25;25;25;25;25;25;25;156;156;156;156;156;156;156;156;156;156;156;156;1;1;1;1;1;1;1;1;1;1;1;15;136
2022-03-26;"alle";34;34;34;34;34;34;34;34;34;34;34;34;225;225;225;225;225;225;225;225;225;225;225;225;NA;NA;NA;NA;NA;NA;NA;NA;NA;NA;NA;21;198
2022-03-25;"0-60";9;9;9;9;9;9;9;9;9;9;9;9;76;76;76;76;76;76;76;76;76;76;76;76;1;1;1;1;1;1;1;1;1;1;1;9;71
2022-03-25;"60+";27;27;27;27;27;27;27;27;27;27;27;27;157;157;157;157;157;157;157;157;157;157;157;157;1;1;1;1;1;1;1;1;1;1;1;25;145
2022-03-25;"alle";36;36;36;36;36;36;36;36;36;36;36;36;233;233;233;233;233;233;233;233;233;233;233;233;NA;NA;NA;NA;NA;NA;NA;NA;NA;NA;NA;34;216
2022-03-24;"0-60";13;13;13;13;13;13;13;13;13;13;13;13;84;84;84;84;84;84;84;84;84;84;84;84;1;1;1;1;1;1;1;1;1;1;1;11;79
2022-03-24;"60+";31;31;31;31;31;31;31;31;31;31;31;31;156;156;156;156;156;156;156;156;156;156;156;156;1;1;1;1;1;1;1;1;1;1;1;28;142
2022-03-24;"alle";44;44;44;44;44;44;44;44;44;44;44;44;240;240;240;240;240;240;240;240;240;240;240;240;NA;NA;NA;NA;NA;NA;NA;NA;NA;NA;NA;39;221
2022-03-23;"0-60";19;19;19;19;19;19;19;19;19;19;19;19;83;83;83;83;83;83;83;83;83;83;83;83;1;1;1;1;1;1;1;1;1;1;1;18;79
2022-03-23;"60+";44;44;44;44;44;44;44;44;44;44;44;44;161;161;161;161;161;161;161;161;161;161;161;161;1;1;1;1;1;1;1;1;1;1;1;41;148
2022-03-23;"alle";63;63;63;63;63;63;63;63;63;63;63;63;244;244;244;244;244;244;244;244;244;244;244;244;NA;NA;NA;NA;NA;NA;NA;NA;NA;NA;NA;59;227
2022-03-22;"0-60";9;9;9;9;9;9;9;9;9;9;9;9;83;83;83;83;83;83;83;83;83;83;83;83;1;1;1;1;1;1;1;1;1;1;1;9;77
2022-03-22;"60+";28;28;28;28;28;28;28;28;28;28;28;28;147;147;147;147;147;147;147;147;147;147;147;147;1;1;1;1;1;1;1;1;1;1;1;26;131
2022-03-22;"alle";37;37;37;37;37;37;37;37;37;37;37;37;230;230;230;230;230;230;230;230;230;230;230;230;NA;NA;NA;NA;NA;NA;NA;NA;NA;NA;NA;35;208
2022-03-21;"0-60";1;1;1;1;1;1;1;1;1;1;1;1;93;93;93;93;93;93;93;93;93;93;93;93;1;1;1;1;1;1;1;1;1;1;1;1;84
2022-03-21;"60+";0;0;0;0;0;0;0;0;0;0;0;0;146;146;146;146;146;146;146;146;146;146;146;146;1;1;1;1;1;1;1;1;1;1;1;0;126
2022-03-21;"alle";1;1;1;1;1;1;1;1;1;1;1;1;239;239;239;239;239;239;239;239;239;239;239;239;NA;NA;NA;NA;NA;NA;NA;NA;NA;NA;NA;1;210
2022-03-20;"0-60";9;9;9;9;9;9;9;9;9;9;9;9;94;94;94;94;94;94;94;94;94;94;94;94;1;1;1;1;1;1;1;1;1;1;1;8;85
2022-03-20;"60+";1;1;1;1;1;1;1;1;1;1;1;1;147;147;147;147;147;147;147;147;147;147;147;147;1;1;1;1;1;1;1;1;1;1;1;1;127
2022-03-20;"alle";10;10;10;10;10;10;10;10;10;10;10;10;241;241;241;241;241;241;241;241;241;241;241;241;NA;NA;NA;NA;NA;NA;NA;NA;NA;NA;NA;9;212
2022-03-19;"0-60";16;16;16;16;16;16;16;16;16;16;16;16;91;91;91;91;91;91;91;91;91;91;91;91;1;1;1;1;1;1;1;1;1;1;1;15;83
2022-03-19;"60+";26;26;26;26;26;26;26;26;26;26;26;26;154;154;154;154;154;154;154;154;154;154;154;154;1;1;1;1;1;1;1;1;1;1;1;24;134
2022-03-19;"alle";42;42;42;42;42;42;42;42;42;42;42;42;245;245;245;245;245;245;245;245;245;245;245;245;NA;NA;NA;NA;NA;NA;NA;NA;NA;NA;NA;39;217
2022-03-18;"0-60";17;17;17;17;17;17;17;17;17;17;17;17;92;92;92;92;92;92;92;92;92;92;92;92;1;1;1;1;1;1;1;1;1;1;1;17;82
2022-03-18;"60+";26;26;26;26;26;26;26;26;26;26;26;26;154;154;154;154;154;154;154;154;154;154;154;154;1;1;1;1;1;1;1;1;1;1;1;22;132
2022-03-18;"alle";43;43;43;43;43;43;43;43;43;43;43;43;246;246;246;246;246;246;246;246;246;246;246;246;NA;NA;NA;NA;NA;NA;NA;NA;NA;NA;NA;39;214
2022-03-17;"0-60";12;12;12;12;12;12;12;12;12;12;12;12;91;91;91;91;91;91;91;91;91;91;91;91;1;1;1;1;1;1;1;1;1;1;1;11;80
2022-03-17;"60+";36;36;36;36;36;36;36;36;36;36;36;36;167;167;167;167;167;167;167;167;167;167;167;167;1;1;1;1;1;1;1;1;1;1;1;34;139
2022-03-17;"alle";48;48;48;48;48;48;48;48;48;48;48;48;258;258;258;258;258;258;258;258;258;258;258;258;NA;NA;NA;NA;NA;NA;NA;NA;NA;NA;NA;45;220
2022-03-16;"0-60";19;19;19;19;19;19;19;19;19;19;19;19;96;96;96;96;96;96;96;96;96;96;96;96;1;1;1;1;1;1;1;1;1;1;1;16;85
2022-03-16;"60+";30;30;30;30;30;30;30;30;30;30;30;30;191;191;191;191;191;191;191;191;191;191;191;191;1;1;1;1;1;1;1;1;1;1;1;24;161
2022-03-16;"alle";49;49;49;49;49;49;49;49;49;49;49;49;287;287;287;287;287;287;287;287;287;287;287;287;NA;NA;NA;NA;NA;NA;NA;NA;NA;NA;NA;40;248
2022-03-15;"0-60";19;19;19;19;19;19;19;19;19;19;19;19;79;79;79;79;79;79;79;79;79;79;79;79;1;1;1;1;1;1;1;1;1;1;1;16;71
2022-03-15;"60+";27;27;27;27;27;27;27;27;27;27;27;27;163;163;163;163;163;163;163;163;163;163;163;163;1;1;1;1;1;1;1;1;1;1;1;21;139
2022-03-15;"alle";46;46;46;46;46;46;46;46;46;46;46;46;242;242;242;242;242;242;242;242;242;242;242;242;NA;NA;NA;NA;NA;NA;NA;NA;NA;NA;NA;37;212
2022-03-14;"0-60";2;2;2;2;2;2;2;2;2;2;2;2;69;69;69;69;69;69;69;69;69;69;69;69;1;1;1;1;1;1;1;1;1;1;1;2;64
2022-03-14;"60+";1;1;1;1;1;1;1;1;1;1;1;1;162;162;162;162;162;162;162;162;162;162;162;162;1;1;1;1;1;1;1;1;1;1;1;1;143
2022-03-14;"alle";3;3;3;3;3;3;3;3;3;3;3;3;231;231;231;231;231;231;231;231;231;231;231;231;NA;NA;NA;NA;NA;NA;NA;NA;NA;NA;NA;3;209
2022-03-13;"0-60";6;6;6;6;6;6;6;6;6;6;6;6;70;70;70;70;70;70;70;70;70;70;70;70;1;1;1;1;1;1;1;1;1;1;1;6;65
2022-03-13;"60+";8;8;8;8;8;8;8;8;8;8;8;8;163;163;163;163;163;163;163;163;163;163;163;163;1;1;1;1;1;1;1;1;1;1;1;8;144
2022-03-13;"alle";14;14;14;14;14;14;14;14;14;14;14;14;233;233;233;233;233;233;233;233;233;233;233;233;NA;NA;NA;NA;NA;NA;NA;NA;NA;NA;NA;14;211
2022-03-12;"0-60";17;17;17;17;17;17;17;17;17;17;17;17;67;67;67;67;67;67;67;67;67;67;67;67;1;1;1;1;1;1;1;1;1;1;1;14;62
2022-03-12;"60+";26;26;26;26;26;26;26;26;26;26;26;26;161;161;161;161;161;161;161;161;161;161;161;161;1;1;1;1;1;1;1;1;1;1;1;22;140
2022-03-12;"alle";43;43;43;43;43;43;43;43;43;43;43;43;228;228;228;228;228;228;228;228;228;228;228;228;NA;NA;NA;NA;NA;NA;NA;NA;NA;NA;NA;36;204
2022-03-11;"0-60";16;16;16;16;16;16;16;16;16;16;16;16;62;62;62;62;62;62;62;62;62;62;62;62;1;1;1;1;1;1;1;1;1;1;1;15;58
2022-03-11;"60+";39;39;39;39;39;39;39;39;39;39;39;39;152;152;152;152;152;152;152;152;152;152;152;152;1;1;1;1;1;1;1;1;1;1;1;29;133
2022-03-11;"alle";55;55;55;55;55;55;55;55;55;55;55;55;214;214;214;214;214;214;214;214;214;214;214;214;NA;NA;NA;NA;NA;NA;NA;NA;NA;NA;NA;45;193
2022-03-10;"0-60";17;17;17;17;17;17;17;17;17;17;17;17;60;60;60;60;60;60;60;60;60;60;60;60;1;1;1;1;1;1;1;1;1;1;1;16;57
2022-03-10;"60+";60;60;60;60;60;60;60;60;60;60;60;60;134;134;134;134;134;134;134;134;134;134;134;134;1;1;1;1;1;1;1;1;1;1;1;56;124
2022-03-10;"alle";77;77;77;77;77;77;77;77;77;77;77;77;194;194;194;194;194;194;194;194;194;194;194;194;NA;NA;NA;NA;NA;NA;NA;NA;NA;NA;NA;73;182
2022-03-09;"0-60";2;2;2;2;2;2;2;2;2;2;2;2;63;63;63;63;63;63;63;63;63;63;63;63;1;1;1;1;1;1;1;1;1;1;1;2;57
2022-03-09;"60+";2;2;2;2;2;2;2;2;2;2;2;2;99;99;99;99;99;99;99;99;99;99;99;99;1;1;1;1;1;1;1;1;1;1;1;2;91
2022-03-09;"alle";4;4;4;4;4;4;4;4;4;4;4;4;162;162;162;162;162;162;162;162;162;162;162;162;NA;NA;NA;NA;NA;NA;NA;NA;NA;NA;NA;4;148
2022-03-08;"0-60";9;9;9;9;9;9;9;9;9;9;9;9;77;77;77;77;77;77;77;77;77;77;77;77;1;1;1;1;1;1;1;1;1;1;1;9;68
2022-03-08;"60+";26;26;26;26;26;26;26;26;26;26;26;26;117;117;117;117;117;117;117;117;117;117;117;117;1;1;1;1;1;1;1;1;1;1;1;25;108
2022-03-08;"alle";35;35;35;35;35;35;35;35;35;35;35;35;194;194;194;194;194;194;194;194;194;194;194;194;NA;NA;NA;NA;NA;NA;NA;NA;NA;NA;NA;34;177
2022-03-07;"0-60";3;3;3;3;3;3;3;3;3;3;3;3;78;78;78;78;78;78;78;78;78;78;78;78;1;1;1;1;1;1;1;1;1;1;1;3;68
2022-03-07;"60+";2;2;2;2;2;2;2;2;2;2;2;2;125;125;125;125;125;125;125;125;125;125;125;125;1;1;1;1;1;1;1;1;1;1;1;2;112
2022-03-07;"alle";5;5;5;5;5;5;5;5;5;5;5;5;203;203;203;203;203;203;203;203;203;203;203;203;NA;NA;NA;NA;NA;NA;NA;NA;NA;NA;NA;5;181
2022-03-06;"0-60";3;3;3;3;3;3;3;3;3;3;3;3;75;75;75;75;75;75;75;75;75;75;75;75;1;1;1;1;1;1;1;1;1;1;1;3;65
2022-03-06;"60+";6;6;6;6;6;6;6;6;6;6;6;6;125;125;125;125;125;125;125;125;125;125;125;125;1;1;1;1;1;1;1;1;1;1;1;4;112
2022-03-06;"alle";9;9;9;9;9;9;9;9;9;9;9;9;200;200;200;200;200;200;200;200;200;200;200;200;NA;NA;NA;NA;NA;NA;NA;NA;NA;NA;NA;7;178
2022-03-05;"0-60";12;12;12;12;12;12;12;12;12;12;12;12;75;75;75;75;75;75;75;75;75;75;75;75;1;1;1;1;1;1;1;1;1;1;1;10;65
2022-03-05;"60+";17;17;17;17;17;17;17;17;17;17;17;17;123;123;123;123;123;123;123;123;123;123;123;123;1;1;1;1;1;1;1;1;1;1;1;15;112
2022-03-05;"alle";29;29;29;29;29;29;29;29;29;29;29;29;198;198;198;198;198;198;198;198;198;198;198;198;NA;NA;NA;NA;NA;NA;NA;NA;NA;NA;NA;25;178
2022-03-04;"0-60";14;14;14;14;14;14;14;14;14;14;14;14;82;82;82;82;82;82;82;82;82;82;82;82;1;1;1;1;1;1;1;1;1;1;1;14;73
2022-03-04;"60+";21;21;21;21;21;21;21;21;21;21;21;21;127;127;127;127;127;127;127;127;127;127;127;127;1;1;1;1;1;1;1;1;1;1;1;20;117
2022-03-04;"alle";35;35;35;35;35;35;35;35;35;35;35;35;209;209;209;209;209;209;209;209;209;209;209;209;NA;NA;NA;NA;NA;NA;NA;NA;NA;NA;NA;34;191
2022-03-03;"0-60";20;20;20;20;20;20;20;20;20;20;20;20;84;84;84;84;84;84;84;84;84;84;84;84;1;1;1;1;1;1;1;1;1;1;1;16;74
2022-03-03;"60+";25;25;25;25;25;25;25;25;25;25;25;25;141;141;141;141;141;141;141;141;141;141;141;141;1;1;1;1;1;1;1;1;1;1;1;23;124
2022-03-03;"alle";45;45;45;45;45;45;45;45;45;45;45;45;225;225;225;225;225;225;225;225;225;225;225;225;NA;NA;NA;NA;NA;NA;NA;NA;NA;NA;NA;39;199
2022-03-02;"0-60";16;16;16;16;16;16;16;16;16;16;16;16;76;76;76;76;76;76;76;76;76;76;76;76;1;1;1;1;1;1;1;1;1;1;1;13;68
2022-03-02;"60+";20;20;20;20;20;20;20;20;20;20;20;20;144;144;144;144;144;144;144;144;144;144;144;144;1;1;1;1;1;1;1;1;1;1;1;19;124
2022-03-02;"alle";36;36;36;36;36;36;36;36;36;36;36;36;220;220;220;220;220;220;220;220;220;220;220;220;NA;NA;NA;NA;NA;NA;NA;NA;NA;NA;NA;33;193
2022-03-01;"0-60";10;10;10;10;10;10;10;10;10;10;10;10;79;79;79;79;79;79;79;79;79;79;79;79;1;1;1;1;1;1;1;1;1;1;1;9;72
2022-03-01;"60+";34;34;34;34;34;34;34;34;34;34;34;34;168;168;168;168;168;168;168;168;168;168;168;168;1;1;1;1;1;1;1;1;1;1;1;29;146
2022-03-01;"alle";44;44;44;44;44;44;44;44;44;44;44;44;247;247;247;247;247;247;247;247;247;247;247;247;NA;NA;NA;NA;NA;NA;NA;NA;NA;NA;NA;38;218
2022-02-28;"0-60";0;0;0;0;0;0;0;0;0;0;0;0;80;80;80;80;80;80;80;80;80;80;80;80;1;1;1;1;1;1;1;1;1;1;1;0;74
2022-02-28;"60+";2;2;2;2;2;2;2;2;2;2;2;2;161;161;161;161;161;161;161;161;161;161;161;161;1;1;1;1;1;1;1;1;1;1;1;2;140
2022-02-28;"alle";2;2;2;2;2;2;2;2;2;2;2;2;241;241;241;241;241;241;241;241;241;241;241;241;NA;NA;NA;NA;NA;NA;NA;NA;NA;NA;NA;2;215
2022-02-27;"0-60";3;3;3;3;3;3;3;3;3;3;3;3;81;81;81;81;81;81;81;81;81;81;81;81;1;1;1;1;1;1;1;1;1;1;1;3;75
2022-02-27;"60+";4;4;4;4;4;4;4;4;4;4;4;4;160;160;160;160;160;160;160;160;160;160;160;160;1;1;1;1;1;1;1;1;1;1;1;4;139
2022-02-27;"alle";7;7;7;7;7;7;7;7;7;7;7;7;241;241;241;241;241;241;241;241;241;241;241;241;NA;NA;NA;NA;NA;NA;NA;NA;NA;NA;NA;7;215
2022-02-26;"0-60";19;19;19;19;19;19;19;19;19;19;19;19;80;80;80;80;80;80;80;80;80;80;80;80;1;1;1;1;1;1;1;1;1;1;1;18;74
2022-02-26;"60+";21;21;21;21;21;21;21;21;21;21;21;21;156;156;156;156;156;156;156;156;156;156;156;156;1;1;1;1;1;1;1;1;1;1;1;20;135
2022-02-26;"alle";40;40;40;40;40;40;40;40;40;40;40;40;236;236;236;236;236;236;236;236;236;236;236;236;NA;NA;NA;NA;NA;NA;NA;NA;NA;NA;NA;38;210
2022-02-25;"0-60";16;16;16;16;16;16;16;16;16;16;16;16;79;79;79;79;79;79;79;79;79;79;79;79;1;1;1;1;1;1;1;1;1;1;1;15;69
2022-02-25;"60+";35;35;35;35;35;35;35;35;35;35;35;35;162;162;162;162;162;162;162;162;162;162;162;162;1;1;1;1;1;1;1;1;1;1;1;27;137
2022-02-25;"alle";51;51;51;51;51;51;51;51;51;51;51;51;241;241;241;241;241;241;241;241;241;241;241;241;NA;NA;NA;NA;NA;NA;NA;NA;NA;NA;NA;42;207
2022-02-24;"0-60";12;12;12;12;12;12;12;12;12;12;12;12;74;74;74;74;74;74;74;74;74;74;74;74;1;1;1;1;1;1;1;1;1;1;1;10;64
2022-02-24;"60+";28;28;28;28;28;28;28;28;28;28;28;28;143;143;143;143;143;143;143;143;143;143;143;143;1;1;1;1;1;1;1;1;1;1;1;23;123
2022-02-24;"alle";40;40;40;40;40;40;40;40;40;40;40;40;217;217;217;217;217;217;217;217;217;217;217;217;NA;NA;NA;NA;NA;NA;NA;NA;NA;NA;NA;33;188
2022-02-23;"0-60";19;19;19;19;19;19;19;19;19;19;19;19;78;78;78;78;78;78;78;78;78;78;78;78;1;1;1;1;1;1;1;1;1;1;1;17;67
2022-02-23;"60+";44;44;44;44;44;44;44;44;44;44;44;44;137;137;137;137;137;137;137;137;137;137;137;137;1;1;1;1;1;1;1;1;1;1;1;41;121
2022-02-23;"alle";63;63;63;63;63;63;63;63;63;63;63;63;215;215;215;215;215;215;215;215;215;215;215;215;NA;NA;NA;NA;NA;NA;NA;NA;NA;NA;NA;58;189
2022-02-22;"0-60";11;11;11;11;11;11;11;11;11;11;11;11;83;83;83;83;83;83;83;83;83;83;83;83;1;1;1;1;1;1;1;1;1;1;1;11;72
2022-02-22;"60+";27;27;27;27;27;27;27;27;27;27;27;27;123;123;123;123;123;123;123;123;123;123;123;123;1;1;1;1;1;1;1;1;1;1;1;23;106
2022-02-22;"alle";38;38;38;38;38;38;38;38;38;38;38;38;206;206;206;206;206;206;206;206;206;206;206;206;NA;NA;NA;NA;NA;NA;NA;NA;NA;NA;NA;35;179
2022-02-21;"0-60";1;1;1;1;1;1;1;1;1;1;1;1;89;89;89;89;89;89;89;89;89;89;89;89;1;1;1;1;1;1;1;1;1;1;1;1;77
2022-02-21;"60+";1;1;1;1;1;1;1;1;1;1;1;1;132;132;132;132;132;132;132;132;132;132;132;132;1;1;1;1;1;1;1;1;1;1;1;1;117
2022-02-21;"alle";2;2;2;2;2;2;2;2;2;2;2;2;221;221;221;221;221;221;221;221;221;221;221;221;NA;NA;NA;NA;NA;NA;NA;NA;NA;NA;NA;2;194
2022-02-20;"0-60";2;2;2;2;2;2;2;2;2;2;2;2;91;91;91;91;91;91;91;91;91;91;91;91;1;1;1;1;1;1;1;1;1;1;1;2;79
2022-02-20;"60+";0;0;0;0;0;0;0;0;0;0;0;0;133;133;133;133;133;133;133;133;133;133;133;133;1;1;1;1;1;1;1;1;1;1;1;0;118
2022-02-20;"alle";2;2;2;2;2;2;2;2;2;2;2;2;224;224;224;224;224;224;224;224;224;224;224;224;NA;NA;NA;NA;NA;NA;NA;NA;NA;NA;NA;2;197
2022-02-19;"0-60";18;18;18;18;18;18;18;18;18;18;18;18;91;91;91;91;91;91;91;91;91;91;91;91;1;1;1;1;1;1;1;1;1;1;1;13;78
2022-02-19;"60+";27;27;27;27;27;27;27;27;27;27;27;27;134;134;134;134;134;134;134;134;134;134;134;134;1;1;1;1;1;1;1;1;1;1;1;22;119
2022-02-19;"alle";45;45;45;45;45;45;45;45;45;45;45;45;225;225;225;225;225;225;225;225;225;225;225;225;NA;NA;NA;NA;NA;NA;NA;NA;NA;NA;NA;35;197
2022-02-18;"0-60";11;11;11;11;11;11;11;11;11;11;11;11;97;97;97;97;97;97;97;97;97;97;97;97;1;1;1;1;1;1;1;1;1;1;1;10;88
2022-02-18;"60+";16;16;16;16;16;16;16;16;16;16;16;16;133;133;133;133;133;133;133;133;133;133;133;133;1;1;1;1;1;1;1;1;1;1;1;13;121
2022-02-18;"alle";27;27;27;27;27;27;27;27;27;27;27;27;230;230;230;230;230;230;230;230;230;230;230;230;NA;NA;NA;NA;NA;NA;NA;NA;NA;NA;NA;23;209
2022-02-17;"0-60";16;16;16;16;16;16;16;16;16;16;16;16;104;104;104;104;104;104;104;104;104;104;104;104;1;1;1;1;1;1;1;1;1;1;1;13;91
2022-02-17;"60+";22;22;22;22;22;22;22;22;22;22;22;22;137;137;137;137;137;137;137;137;137;137;137;137;1;1;1;1;1;1;1;1;1;1;1;21;126
2022-02-17;"alle";38;38;38;38;38;38;38;38;38;38;38;38;241;241;241;241;241;241;241;241;241;241;241;241;NA;NA;NA;NA;NA;NA;NA;NA;NA;NA;NA;34;217
2022-02-16;"0-60";24;24;24;24;24;24;24;24;24;24;24;24;117;117;117;117;117;117;117;117;117;117;117;117;1;1;1;1;1;1;1;1;1;1;1;22;106
2022-02-16;"60+";30;30;30;30;30;30;30;30;30;30;30;30;154;154;154;154;154;154;154;154;154;154;154;154;1;1;1;1;1;1;1;1;1;1;1;26;139
2022-02-16;"alle";54;54;54;54;54;54;54;54;54;54;54;54;271;271;271;271;271;271;271;271;271;271;271;271;NA;NA;NA;NA;NA;NA;NA;NA;NA;NA;NA;48;245
2022-02-15;"0-60";17;17;17;17;17;17;17;17;17;17;17;17;119;119;119;119;119;119;119;119;119;119;119;119;1;1;1;1;1;1;1;1;1;1;1;16;105
2022-02-15;"60+";36;36;36;36;36;36;36;36;36;36;36;36;174;174;174;174;174;174;174;174;174;174;174;174;1;1;1;1;1;1;1;1;1;1;1;34;161
2022-02-15;"alle";53;53;53;53;53;53;53;53;53;53;53;53;293;293;293;293;293;293;293;293;293;293;293;293;NA;NA;NA;NA;NA;NA;NA;NA;NA;NA;NA;50;266
2022-02-14;"0-60";3;3;3;3;3;3;3;3;3;3;3;3;124;124;124;124;124;124;124;124;124;124;124;124;1;1;1;1;1;1;1;1;1;1;1;3;110
2022-02-14;"60+";2;2;2;2;2;2;2;2;2;2;2;2;187;187;187;187;187;187;187;187;187;187;187;187;1;1;1;1;1;1;1;1;1;1;1;2;165
2022-02-14;"alle";5;5;5;5;5;5;5;5;5;5;5;5;311;311;311;311;311;311;311;311;311;311;311;311;NA;NA;NA;NA;NA;NA;NA;NA;NA;NA;NA;5;275
2022-02-13;"0-60";2;2;2;2;2;2;2;2;2;2;2;2;122;122;122;122;122;122;122;122;122;122;122;122;1;1;1;1;1;1;1;1;1;1;1;1;108
2022-02-13;"60+";1;1;1;1;1;1;1;1;1;1;1;1;188;188;188;188;188;188;188;188;188;188;188;188;1;1;1;1;1;1;1;1;1;1;1;1;166
2022-02-13;"alle";3;3;3;3;3;3;3;3;3;3;3;3;310;310;310;310;310;310;310;310;310;310;310;310;NA;NA;NA;NA;NA;NA;NA;NA;NA;NA;NA;2;274
2022-02-12;"0-60";24;24;24;24;24;24;24;24;24;24;24;24;120;120;120;120;120;120;120;120;120;120;120;120;1;1;1;1;1;1;1;1;1;1;1;23;107
2022-02-12;"60+";26;26;26;26;26;26;26;26;26;26;26;26;192;192;192;192;192;192;192;192;192;192;192;192;1;1;1;1;1;1;1;1;1;1;1;24;169
2022-02-12;"alle";50;50;50;50;50;50;50;50;50;50;50;50;312;312;312;312;312;312;312;312;312;312;312;312;NA;NA;NA;NA;NA;NA;NA;NA;NA;NA;NA;47;276
2022-02-11;"0-60";18;18;18;18;18;18;18;18;18;18;18;18;112;112;112;112;112;112;112;112;112;112;112;112;1;1;1;1;1;1;1;1;1;1;1;13;96
2022-02-11;"60+";20;20;20;20;20;20;20;20;20;20;20;20;186;186;186;186;186;186;186;186;186;186;186;186;1;1;1;1;1;1;1;1;1;1;1;18;161
2022-02-11;"alle";38;38;38;38;38;38;38;38;38;38;38;38;298;298;298;298;298;298;298;298;298;298;298;298;NA;NA;NA;NA;NA;NA;NA;NA;NA;NA;NA;31;257
2022-02-10;"0-60";29;29;29;29;29;29;29;29;29;29;29;29;138;138;138;138;138;138;138;138;138;138;138;138;1;1;1;1;1;1;1;1;1;1;1;28;127
2022-02-10;"60+";39;39;39;39;39;39;39;39;39;39;39;39;215;215;215;215;215;215;215;215;215;215;215;215;1;1;1;1;1;1;1;1;1;1;1;34;190
2022-02-10;"alle";68;68;68;68;68;68;68;68;68;68;68;68;353;353;353;353;353;353;353;353;353;353;353;353;NA;NA;NA;NA;NA;NA;NA;NA;NA;NA;NA;62;317
2022-02-09;"0-60";26;26;26;26;26;26;26;26;26;26;26;26;122;122;122;122;122;122;122;122;122;122;122;122;1;1;1;1;1;1;1;1;1;1;1;21;111
2022-02-09;"60+";50;50;50;50;50;50;50;50;50;50;50;50;209;209;209;209;209;209;209;209;209;209;209;209;1;1;1;1;1;1;1;1;1;1;1;48;183
2022-02-09;"alle";76;76;76;76;76;76;76;76;76;76;76;76;331;331;331;331;331;331;331;331;331;331;331;331;NA;NA;NA;NA;NA;NA;NA;NA;NA;NA;NA;69;295
2022-02-08;"0-60";22;22;22;22;22;22;22;22;22;22;22;22;117;117;117;117;117;117;117;117;117;117;117;117;1;1;1;1;1;1;1;1;1;1;1;21;109
2022-02-08;"60+";49;49;49;49;49;49;49;49;49;49;49;49;185;185;185;185;185;185;185;185;185;185;185;185;1;1;1;1;1;1;1;1;1;1;1;38;159
2022-02-08;"alle";71;71;71;71;71;71;71;71;71;71;71;71;302;302;302;302;302;302;302;302;302;302;302;302;NA;NA;NA;NA;NA;NA;NA;NA;NA;NA;NA;59;269
2022-02-07;"0-60";1;1;1;1;1;1;1;1;1;1;1;1;110;110;110;110;110;110;110;110;110;110;110;110;1;1;1;1;1;1;1;1;1;1;1;1;101
2022-02-07;"60+";3;3;3;3;3;3;3;3;3;3;3;3;155;155;155;155;155;155;155;155;155;155;155;155;1;1;1;1;1;1;1;1;1;1;1;3;135
2022-02-07;"alle";4;4;4;4;4;4;4;4;4;4;4;4;265;265;265;265;265;265;265;265;265;265;265;265;NA;NA;NA;NA;NA;NA;NA;NA;NA;NA;NA;4;237
2022-02-06;"0-60";0;0;0;0;0;0;0;0;0;0;0;0;111;111;111;111;111;111;111;111;111;111;111;111;1;1;1;1;1;1;1;1;1;1;1;0;102
2022-02-06;"60+";5;5;5;5;5;5;5;5;5;5;5;5;154;154;154;154;154;154;154;154;154;154;154;154;1;1;1;1;1;1;1;1;1;1;1;4;134
2022-02-06;"alle";5;5;5;5;5;5;5;5;5;5;5;5;265;265;265;265;265;265;265;265;265;265;265;265;NA;NA;NA;NA;NA;NA;NA;NA;NA;NA;NA;4;237
2022-02-05;"0-60";16;16;16;16;16;16;16;16;16;16;16;16;114;114;114;114;114;114;114;114;114;114;114;114;1;1;1;1;1;1;1;1;1;1;1;12;104
2022-02-05;"60+";20;20;20;20;20;20;20;20;20;20;20;20;150;150;150;150;150;150;150;150;150;150;150;150;1;1;1;1;1;1;1;1;1;1;1;16;131
2022-02-05;"alle";36;36;36;36;36;36;36;36;36;36;36;36;264;264;264;264;264;264;264;264;264;264;264;264;NA;NA;NA;NA;NA;NA;NA;NA;NA;NA;NA;28;236
2022-02-04;"0-60";44;44;44;44;44;44;44;44;44;44;44;44;114;114;114;114;114;114;114;114;114;114;114;114;1;1;1;1;1;1;1;1;1;1;1;44;101
2022-02-04;"60+";49;49;49;49;49;49;49;49;49;49;49;49;139;139;139;139;139;139;139;139;139;139;139;139;1;1;1;1;1;1;1;1;1;1;1;47;118
2022-02-04;"alle";93;93;93;93;93;93;93;93;93;93;93;93;253;253;253;253;253;253;253;253;253;253;253;253;NA;NA;NA;NA;NA;NA;NA;NA;NA;NA;NA;91;220
2022-02-03;"0-60";13;13;13;13;13;13;13;13;13;13;13;13;96;96;96;96;96;96;96;96;96;96;96;96;1;1;1;1;1;1;1;1;1;1;1;12;81
2022-02-03;"60+";33;33;33;33;33;33;33;33;33;33;33;33;117;117;117;117;117;117;117;117;117;117;117;117;1;1;1;1;1;1;1;1;1;1;1;27;95
2022-02-03;"alle";46;46;46;46;46;46;46;46;46;46;46;46;213;213;213;213;213;213;213;213;213;213;213;213;NA;NA;NA;NA;NA;NA;NA;NA;NA;NA;NA;40;177
2022-02-02;"0-60";21;21;21;21;21;21;21;21;21;21;21;21;107;107;107;107;107;107;107;107;107;107;107;107;1;1;1;1;1;1;1;1;1;1;1;19;91
2022-02-02;"60+";26;26;26;26;26;26;26;26;26;26;26;26;106;106;106;106;106;106;106;106;106;106;106;106;1;1;1;1;1;1;1;1;1;1;1;24;88
2022-02-02;"alle";47;47;47;47;47;47;47;47;47;47;47;47;213;213;213;213;213;213;213;213;213;213;213;213;NA;NA;NA;NA;NA;NA;NA;NA;NA;NA;NA;43;179
2022-02-01;"0-60";15;15;15;15;15;15;15;15;15;15;15;15;111;111;111;111;111;111;111;111;111;111;111;111;1;1;1;1;1;1;1;1;1;1;1;13;96
2022-02-01;"60+";19;19;19;19;19;19;19;19;19;19;19;19;109;109;109;109;109;109;109;109;109;109;109;109;1;1;1;1;1;1;1;1;1;1;1;14;91
2022-02-01;"alle";34;34;34;34;34;34;34;34;34;34;34;34;220;220;220;220;220;220;220;220;220;220;220;220;NA;NA;NA;NA;NA;NA;NA;NA;NA;NA;NA;27;187
2022-01-31;"0-60";2;2;2;2;2;2;2;2;2;2;2;2;116;116;116;116;116;116;116;116;116;116;116;116;1;1;1;1;1;1;1;1;1;1;1;2;102
2022-01-31;"60+";2;2;2;2;2;2;2;2;2;2;2;2;131;131;131;131;131;131;131;131;131;131;131;131;1;1;1;1;1;1;1;1;1;1;1;2;116
2022-01-31;"alle";4;4;4;4;4;4;4;4;4;4;4;4;247;247;247;247;247;247;247;247;247;247;247;247;NA;NA;NA;NA;NA;NA;NA;NA;NA;NA;NA;4;220
2022-01-30;"0-60";3;3;3;3;3;3;3;3;3;3;3;3;115;115;115;115;115;115;115;115;115;115;115;115;1;1;1;1;1;1;1;1;1;1;1;2;101
2022-01-30;"60+";1;1;1;1;1;1;1;1;1;1;1;1;132;132;132;132;132;132;132;132;132;132;132;132;1;1;1;1;1;1;1;1;1;1;1;1;116
2022-01-30;"alle";4;4;4;4;4;4;4;4;4;4;4;4;247;247;247;247;247;247;247;247;247;247;247;247;NA;NA;NA;NA;NA;NA;NA;NA;NA;NA;NA;3;219
2022-01-29;"0-60";16;16;16;16;16;16;16;16;16;16;16;16;117;117;117;117;117;117;117;117;117;117;117;117;1;1;1;1;1;1;1;1;1;1;1;9;104
2022-01-29;"60+";9;9;9;9;9;9;9;9;9;9;9;9;140;140;140;140;140;140;140;140;140;140;140;140;1;1;1;1;1;1;1;1;1;1;1;3;120
2022-01-29;"alle";25;25;25;25;25;25;25;25;25;25;25;25;257;257;257;257;257;257;257;257;257;257;257;257;NA;NA;NA;NA;NA;NA;NA;NA;NA;NA;NA;12;226
2022-01-28;"0-60";26;26;26;26;26;26;26;26;26;26;26;26;124;124;124;124;124;124;124;124;124;124;124;124;1;1;1;1;1;1;1;1;1;1;1;24;113
2022-01-28;"60+";27;27;27;27;27;27;27;27;27;27;27;27;148;148;148;148;148;148;148;148;148;148;148;148;1;1;1;1;1;1;1;1;1;1;1;24;131
2022-01-28;"alle";53;53;53;53;53;53;53;53;53;53;53;53;272;272;272;272;272;272;272;272;272;272;272;272;NA;NA;NA;NA;NA;NA;NA;NA;NA;NA;NA;48;246
2022-01-27;"0-60";24;24;24;24;24;24;24;24;24;24;24;24;117;117;117;117;117;117;117;117;117;117;117;117;1;1;1;1;1;1;1;1;1;1;1;22;108
2022-01-27;"60+";22;22;22;22;22;22;22;22;22;22;22;22;139;139;139;139;139;139;139;139;139;139;139;139;1;1;1;1;1;1;1;1;1;1;1;20;122
2022-01-27;"alle";46;46;46;46;46;46;46;46;46;46;46;46;256;256;256;256;256;256;256;256;256;256;256;256;NA;NA;NA;NA;NA;NA;NA;NA;NA;NA;NA;42;232
2022-01-26;"0-60";25;25;25;25;25;25;25;25;25;25;25;25;122;122;122;122;122;122;122;122;122;122;122;122;1;1;1;1;1;1;1;1;1;1;1;24;110
2022-01-26;"60+";29;29;29;29;29;29;29;29;29;29;29;29;138;138;138;138;138;138;138;138;138;138;138;138;1;1;1;1;1;1;1;1;1;1;1;27;121
2022-01-26;"alle";54;54;54;54;54;54;54;54;54;54;54;54;260;260;260;260;260;260;260;260;260;260;260;260;NA;NA;NA;NA;NA;NA;NA;NA;NA;NA;NA;51;233
2022-01-25;"0-60";20;20;20;20;20;20;20;20;20;20;20;20;108;108;108;108;108;108;108;108;108;108;108;108;1;1;1;1;1;1;1;1;1;1;1;19;96
2022-01-25;"60+";41;41;41;41;41;41;41;41;41;41;41;41;132;132;132;132;132;132;132;132;132;132;132;132;1;1;1;1;1;1;1;1;1;1;1;39;115
2022-01-25;"alle";61;61;61;61;61;61;61;61;61;61;61;61;240;240;240;240;240;240;240;240;240;240;240;240;NA;NA;NA;NA;NA;NA;NA;NA;NA;NA;NA;60;213
2022-01-24;"0-60";1;1;1;1;1;1;1;1;1;1;1;1;117;117;117;117;117;117;117;117;117;117;117;117;1;1;1;1;1;1;1;1;1;1;1;1;106
2022-01-24;"60+";3;3;3;3;3;3;3;3;3;3;3;3;116;116;116;116;116;116;116;116;116;116;116;116;1;1;1;1;1;1;1;1;1;1;1;2;100
2022-01-24;"alle";4;4;4;4;4;4;4;4;4;4;4;4;233;233;233;233;233;233;233;233;233;233;233;233;NA;NA;NA;NA;NA;NA;NA;NA;NA;NA;NA;3;206
2022-01-23;"0-60";5;5;5;5;5;5;5;5;5;5;5;5;117;117;117;117;117;117;117;117;117;117;117;117;1;1;1;1;1;1;1;1;1;1;1;5;105
2022-01-23;"60+";9;9;9;9;9;9;9;9;9;9;9;9;118;118;118;118;118;118;118;118;118;118;118;118;1;1;1;1;1;1;1;1;1;1;1;5;102
2022-01-23;"alle";14;14;14;14;14;14;14;14;14;14;14;14;235;235;235;235;235;235;235;235;235;235;235;235;NA;NA;NA;NA;NA;NA;NA;NA;NA;NA;NA;10;207
2022-01-22;"0-60";23;23;23;23;23;23;23;23;23;23;23;23;121;121;121;121;121;121;121;121;121;121;121;121;1;1;1;1;1;1;1;1;1;1;1;18;107
2022-01-22;"60+";17;17;17;17;17;17;17;17;17;17;17;17;113;113;113;113;113;113;113;113;113;113;113;113;1;1;1;1;1;1;1;1;1;1;1;14;101
2022-01-22;"alle";40;40;40;40;40;40;40;40;40;40;40;40;234;234;234;234;234;234;234;234;234;234;234;234;NA;NA;NA;NA;NA;NA;NA;NA;NA;NA;NA;32;208
2022-01-21;"0-60";19;19;19;19;19;19;19;19;19;19;19;19;115;115;115;115;115;115;115;115;115;115;115;115;1;1;1;1;1;1;1;1;1;1;1;19;104
2022-01-21;"60+";18;18;18;18;18;18;18;18;18;18;18;18;110;110;110;110;110;110;110;110;110;110;110;110;1;1;1;1;1;1;1;1;1;1;1;15;101
2022-01-21;"alle";37;37;37;37;37;37;37;37;37;37;37;37;225;225;225;225;225;225;225;225;225;225;225;225;NA;NA;NA;NA;NA;NA;NA;NA;NA;NA;NA;34;207
2022-01-20;"0-60";29;29;29;29;29;29;29;29;29;29;29;29;117;117;117;117;117;117;117;117;117;117;117;117;1;1;1;1;1;1;1;1;1;1;1;24;102
2022-01-20;"60+";21;21;21;21;21;21;21;21;21;21;21;21;113;113;113;113;113;113;113;113;113;113;113;113;1;1;1;1;1;1;1;1;1;1;1;19;105
2022-01-20;"alle";50;50;50;50;50;50;50;50;50;50;50;50;230;230;230;230;230;230;230;230;230;230;230;230;NA;NA;NA;NA;NA;NA;NA;NA;NA;NA;NA;43;210
2022-01-19;"0-60";11;11;11;11;11;11;11;11;11;11;11;11;123;123;123;123;123;123;123;123;123;123;123;123;1;1;1;1;1;1;1;1;1;1;1;10;109
2022-01-19;"60+";23;23;23;23;23;23;23;23;23;23;23;23;117;117;117;117;117;117;117;117;117;117;117;117;1;1;1;1;1;1;1;1;1;1;1;21;109
2022-01-19;"alle";34;34;34;34;34;34;34;34;34;34;34;34;240;240;240;240;240;240;240;240;240;240;240;240;NA;NA;NA;NA;NA;NA;NA;NA;NA;NA;NA;31;221
2022-01-18;"0-60";29;29;29;29;29;29;29;29;29;29;29;29;146;146;146;146;146;146;146;146;146;146;146;146;1;1;1;1;1;1;1;1;1;1;1;29;126
2022-01-18;"60+";25;25;25;25;25;25;25;25;25;25;25;25;118;118;118;118;118;118;118;118;118;118;118;118;1;1;1;1;1;1;1;1;1;1;1;24;111
2022-01-18;"alle";54;54;54;54;54;54;54;54;54;54;54;54;264;264;264;264;264;264;264;264;264;264;264;264;NA;NA;NA;NA;NA;NA;NA;NA;NA;NA;NA;53;240
2022-01-17;"0-60";1;1;1;1;1;1;1;1;1;1;1;1;150;150;150;150;150;150;150;150;150;150;150;150;1;1;1;1;1;1;1;1;1;1;1;0;123
2022-01-17;"60+";5;5;5;5;5;5;5;5;5;5;5;5;123;123;123;123;123;123;123;123;123;123;123;123;1;1;1;1;1;1;1;1;1;1;1;4;110
2022-01-17;"alle";6;6;6;6;6;6;6;6;6;6;6;6;273;273;273;273;273;273;273;273;273;273;273;273;NA;NA;NA;NA;NA;NA;NA;NA;NA;NA;NA;4;236
2022-01-16;"0-60";9;9;9;9;9;9;9;9;9;9;9;9;149;149;149;149;149;149;149;149;149;149;149;149;1;1;1;1;1;1;1;1;1;1;1;7;123
2022-01-16;"60+";4;4;4;4;4;4;4;4;4;4;4;4;118;118;118;118;118;118;118;118;118;118;118;118;1;1;1;1;1;1;1;1;1;1;1;4;106
2022-01-16;"alle";13;13;13;13;13;13;13;13;13;13;13;13;267;267;267;267;267;267;267;267;267;267;267;267;NA;NA;NA;NA;NA;NA;NA;NA;NA;NA;NA;11;232
2022-01-15;"0-60";17;17;17;17;17;17;17;17;17;17;17;17;155;155;155;155;155;155;155;155;155;155;155;155;1;1;1;1;1;1;1;1;1;1;1;15;131
2022-01-15;"60+";14;14;14;14;14;14;14;14;14;14;14;14;123;123;123;123;123;123;123;123;123;123;123;123;1;1;1;1;1;1;1;1;1;1;1;14;110
2022-01-15;"alle";31;31;31;31;31;31;31;31;31;31;31;31;278;278;278;278;278;278;278;278;278;278;278;278;NA;NA;NA;NA;NA;NA;NA;NA;NA;NA;NA;31;244
2022-01-14;"0-60";21;21;21;21;21;21;21;21;21;21;21;21;168;168;168;168;168;168;168;168;168;168;168;168;1;1;1;1;1;1;1;1;1;1;1;17;143
2022-01-14;"60+";21;21;21;21;21;21;21;21;21;21;21;21;126;126;126;126;126;126;126;126;126;126;126;126;1;1;1;1;1;1;1;1;1;1;1;19;113
2022-01-14;"alle";42;42;42;42;42;42;42;42;42;42;42;42;294;294;294;294;294;294;294;294;294;294;294;294;NA;NA;NA;NA;NA;NA;NA;NA;NA;NA;NA;37;257
2022-01-13;"0-60";35;35;35;35;35;35;35;35;35;35;35;35;177;177;177;177;177;177;177;177;177;177;177;177;1;1;1;1;1;1;1;1;1;1;1;31;153
2022-01-13;"60+";25;25;25;25;25;25;25;25;25;25;25;25;120;120;120;120;120;120;120;120;120;120;120;120;1;1;1;1;1;1;1;1;1;1;1;23;105
2022-01-13;"alle";60;60;60;60;60;60;60;60;60;60;60;60;297;297;297;297;297;297;297;297;297;297;297;297;NA;NA;NA;NA;NA;NA;NA;NA;NA;NA;NA;54;258
2022-01-12;"0-60";34;34;34;34;34;34;34;34;34;34;34;34;164;164;164;164;164;164;164;164;164;164;164;164;1;1;1;1;1;1;1;1;1;1;1;27;139
2022-01-12;"60+";24;24;24;24;24;24;24;24;24;24;24;24;119;119;119;119;119;119;119;119;119;119;119;119;1;1;1;1;1;1;1;1;1;1;1;23;103
2022-01-12;"alle";58;58;58;58;58;58;58;58;58;58;58;58;283;283;283;283;283;283;283;283;283;283;283;283;NA;NA;NA;NA;NA;NA;NA;NA;NA;NA;NA;50;242
2022-01-11;"0-60";33;33;33;33;33;33;33;33;33;33;33;33;169;169;169;169;169;169;169;169;169;169;169;169;1;1;1;1;1;1;1;1;1;1;1;26;145
2022-01-11;"60+";30;30;30;30;30;30;30;30;30;30;30;30;115;115;115;115;115;115;115;115;115;115;115;115;1;1;1;1;1;1;1;1;1;1;1;23;99
2022-01-11;"alle";63;63;63;63;63;63;63;63;63;63;63;63;284;284;284;284;284;284;284;284;284;284;284;284;NA;NA;NA;NA;NA;NA;NA;NA;NA;NA;NA;49;244
2022-01-10;"0-60";0;0;0;0;0;0;0;0;0;0;0;0;160;160;160;160;160;160;160;160;160;160;160;160;1;1;1;1;1;1;1;1;1;1;1;0;143
2022-01-10;"60+";0;0;0;0;0;0;0;0;0;0;0;0;114;114;114;114;114;114;114;114;114;114;114;114;1;1;1;1;1;1;1;1;1;1;1;0;104
2022-01-10;"alle";0;0;0;0;0;0;0;0;0;0;0;0;274;274;274;274;274;274;274;274;274;274;274;274;NA;NA;NA;NA;NA;NA;NA;NA;NA;NA;NA;0;247
2022-01-09;"0-60";15;15;15;15;15;15;15;15;15;15;15;15;167;167;167;167;167;167;167;167;167;167;167;167;1;1;1;1;1;1;1;1;1;1;1;15;148
2022-01-09;"60+";9;9;9;9;9;9;9;9;9;9;9;9;117;117;117;117;117;117;117;117;117;117;117;117;1;1;1;1;1;1;1;1;1;1;1;8;106
2022-01-09;"alle";24;24;24;24;24;24;24;24;24;24;24;24;284;284;284;284;284;284;284;284;284;284;284;284;NA;NA;NA;NA;NA;NA;NA;NA;NA;NA;NA;23;254
2022-01-08;"0-60";30;30;30;30;30;30;30;30;30;30;30;30;153;153;153;153;153;153;153;153;153;153;153;153;1;1;1;1;1;1;1;1;1;1;1;27;134
2022-01-08;"60+";17;17;17;17;17;17;17;17;17;17;17;17;113;113;113;113;113;113;113;113;113;113;113;113;1;1;1;1;1;1;1;1;1;1;1;17;103
2022-01-08;"alle";47;47;47;47;47;47;47;47;47;47;47;47;266;266;266;266;266;266;266;266;266;266;266;266;NA;NA;NA;NA;NA;NA;NA;NA;NA;NA;NA;44;237
2022-01-07;"0-60";30;30;30;30;30;30;30;30;30;30;30;30;132;132;132;132;132;132;132;132;132;132;132;132;1;1;1;1;1;1;1;1;1;1;1;27;112
2022-01-07;"60+";15;15;15;15;15;15;15;15;15;15;15;15;104;104;104;104;104;104;104;104;104;104;104;104;1;1;1;1;1;1;1;1;1;1;1;11;90
2022-01-07;"alle";45;45;45;45;45;45;45;45;45;45;45;45;236;236;236;236;236;236;236;236;236;236;236;236;NA;NA;NA;NA;NA;NA;NA;NA;NA;NA;NA;38;202
2022-01-06;"0-60";22;22;22;22;22;22;22;22;22;22;22;22;116;116;116;116;116;116;116;116;116;116;116;116;1;1;1;1;1;1;1;1;1;1;1;17;99
2022-01-06;"60+";24;24;24;24;24;24;24;24;24;24;24;24;105;105;105;105;105;105;105;105;105;105;105;105;1;1;1;1;1;1;1;1;1;1;1;21;95
2022-01-06;"alle";46;46;46;46;46;46;46;46;46;46;46;46;221;221;221;221;221;221;221;221;221;221;221;221;NA;NA;NA;NA;NA;NA;NA;NA;NA;NA;NA;38;194
2022-01-05;"0-60";39;39;39;39;39;39;39;39;39;39;39;39;115;115;115;115;115;115;115;115;115;115;115;115;1;1;1;1;1;1;1;1;1;1;1;33;101
2022-01-05;"60+";20;20;20;20;20;20;20;20;20;20;20;20;97;97;97;97;97;97;97;97;97;97;97;97;1;1;1;1;1;1;1;1;1;1;1;19;87
2022-01-05;"alle";59;59;59;59;59;59;59;59;59;59;59;59;212;212;212;212;212;212;212;212;212;212;212;212;NA;NA;NA;NA;NA;NA;NA;NA;NA;NA;NA;52;188
2022-01-04;"0-60";24;24;24;24;24;24;24;24;24;24;24;24;95;95;95;95;95;95;95;95;95;95;95;95;1;1;1;1;1;1;1;1;1;1;1;24;86
2022-01-04;"60+";29;29;29;29;29;29;29;29;29;29;29;29;101;101;101;101;101;101;101;101;101;101;101;101;1;1;1;1;1;1;1;1;1;1;1;28;90
2022-01-04;"alle";53;53;53;53;53;53;53;53;53;53;53;53;196;196;196;196;196;196;196;196;196;196;196;196;NA;NA;NA;NA;NA;NA;NA;NA;NA;NA;NA;52;176
2022-01-03;"0-60";7;7;7;7;7;7;7;7;7;7;7;7;92;92;92;92;92;92;92;92;92;92;92;92;1;1;1;1;1;1;1;1;1;1;1;5;82
2022-01-03;"60+";3;3;3;3;3;3;3;3;3;3;3;3;93;93;93;93;93;93;93;93;93;93;93;93;1;1;1;1;1;1;1;1;1;1;1;2;81
2022-01-03;"alle";10;10;10;10;10;10;10;10;10;10;10;10;185;185;185;185;185;185;185;185;185;185;185;185;NA;NA;NA;NA;NA;NA;NA;NA;NA;NA;NA;7;163
2022-01-02;"0-60";1;1;1;1;1;1;1;1;1;1;1;1;90;90;90;90;90;90;90;90;90;90;90;90;1;1;1;1;1;1;1;1;1;1;1;1;82
2022-01-02;"60+";5;5;5;5;5;5;5;5;5;5;5;5;96;96;96;96;96;96;96;96;96;96;96;96;1;1;1;1;1;1;1;1;1;1;1;5;84
2022-01-02;"alle";6;6;6;6;6;6;6;6;6;6;6;6;186;186;186;186;186;186;186;186;186;186;186;186;NA;NA;NA;NA;NA;NA;NA;NA;NA;NA;NA;6;166
2022-01-01;"0-60";9;9;9;9;9;9;9;9;9;9;9;9;91;91;91;91;91;91;91;91;91;91;91;91;1;1;1;1;1;1;1;1;1;1;1;5;82
2022-01-01;"60+";8;8;8;8;8;8;8;8;8;8;8;8;96;96;96;96;96;96;96;96;96;96;96;96;1;1;1;1;1;1;1;1;1;1;1;4;80
2022-01-01;"alle";17;17;17;17;17;17;17;17;17;17;17;17;187;187;187;187;187;187;187;187;187;187;187;187;NA;NA;NA;NA;NA;NA;NA;NA;NA;NA;NA;9;162
2021-12-31;"0-60";14;14;14;14;14;14;14;14;14;14;14;14;87;87;87;87;87;87;87;87;87;87;87;87;1;1;1;1;1;1;1;1;1;1;1;14;82
2021-12-31;"60+";16;16;16;16;16;16;16;16;16;16;16;16;90;90;90;90;90;90;90;90;90;90;90;90;1;1;1;1;1;1;1;1;1;1;1;16;77
2021-12-31;"alle";30;30;30;30;30;30;30;30;30;30;30;30;177;177;177;177;177;177;177;177;177;177;177;177;NA;NA;NA;NA;NA;NA;NA;NA;NA;NA;NA;30;159
2021-12-30;"0-60";21;21;21;21;21;21;21;21;21;21;21;21;86;86;86;86;86;86;86;86;86;86;86;86;1;1;1;1;1;1;1;1;1;1;1;19;81
2021-12-30;"60+";16;16;16;16;16;16;16;16;16;16;16;16;86;86;86;86;86;86;86;86;86;86;86;86;1;1;1;1;1;1;1;1;1;1;1;13;70
2021-12-30;"alle";37;37;37;37;37;37;37;37;37;37;37;37;172;172;172;172;172;172;172;172;172;172;172;172;NA;NA;NA;NA;NA;NA;NA;NA;NA;NA;NA;32;151
2021-12-29;"0-60";19;19;19;19;19;19;19;19;19;19;19;19;85;85;85;85;85;85;85;85;85;85;85;85;1;1;1;1;1;1;1;1;1;1;1;18;80
2021-12-29;"60+";24;24;24;24;24;24;24;24;24;24;24;24;97;97;97;97;97;97;97;97;97;97;97;97;1;1;1;1;1;1;1;1;1;1;1;22;81
2021-12-29;"alle";43;43;43;43;43;43;43;43;43;43;43;43;182;182;182;182;182;182;182;182;182;182;182;182;NA;NA;NA;NA;NA;NA;NA;NA;NA;NA;NA;40;161
2021-12-28;"0-60";21;21;21;21;21;21;21;21;21;21;21;21;87;87;87;87;87;87;87;87;87;87;87;87;1;1;1;1;1;1;1;1;1;1;1;20;81
2021-12-28;"60+";21;21;21;21;21;21;21;21;21;21;21;21;94;94;94;94;94;94;94;94;94;94;94;94;1;1;1;1;1;1;1;1;1;1;1;19;80
2021-12-28;"alle";42;42;42;42;42;42;42;42;42;42;42;42;181;181;181;181;181;181;181;181;181;181;181;181;NA;NA;NA;NA;NA;NA;NA;NA;NA;NA;NA;39;161
2021-12-27;"0-60";5;5;5;5;5;5;5;5;5;5;5;5;79;79;79;79;79;79;79;79;79;79;79;79;1;1;1;1;1;1;1;1;1;1;1;5;73
2021-12-27;"60+";6;6;6;6;6;6;6;6;6;6;6;6;101;101;101;101;101;101;101;101;101;101;101;101;1;1;1;1;1;1;1;1;1;1;1;5;86
2021-12-27;"alle";11;11;11;11;11;11;11;11;11;11;11;11;180;180;180;180;180;180;180;180;180;180;180;180;NA;NA;NA;NA;NA;NA;NA;NA;NA;NA;NA;10;159
2021-12-26;"0-60";2;2;2;2;2;2;2;2;2;2;2;2;74;74;74;74;74;74;74;74;74;74;74;74;1;1;1;1;1;1;1;1;1;1;1;1;68
2021-12-26;"60+";5;5;5;5;5;5;5;5;5;5;5;5;97;97;97;97;97;97;97;97;97;97;97;97;1;1;1;1;1;1;1;1;1;1;1;1;83
2021-12-26;"alle";7;7;7;7;7;7;7;7;7;7;7;7;171;171;171;171;171;171;171;171;171;171;171;171;NA;NA;NA;NA;NA;NA;NA;NA;NA;NA;NA;2;151
2021-12-25;"0-60";5;5;5;5;5;5;5;5;5;5;5;5;74;74;74;74;74;74;74;74;74;74;74;74;1;1;1;1;1;1;1;1;1;1;1;5;67
2021-12-25;"60+";2;2;2;2;2;2;2;2;2;2;2;2;94;94;94;94;94;94;94;94;94;94;94;94;1;1;1;1;1;1;1;1;1;1;1;1;84
2021-12-25;"alle";7;7;7;7;7;7;7;7;7;7;7;7;168;168;168;168;168;168;168;168;168;168;168;168;NA;NA;NA;NA;NA;NA;NA;NA;NA;NA;NA;6;151
2021-12-24;"0-60";13;13;13;13;13;13;13;13;13;13;13;13;78;78;78;78;78;78;78;78;78;78;78;78;1;1;1;1;1;1;1;1;1;1;1;13;70
2021-12-24;"60+";12;12;12;12;12;12;12;12;12;12;12;12;109;109;109;109;109;109;109;109;109;109;109;109;1;1;1;1;1;1;1;1;1;1;1;9;99
2021-12-24;"alle";25;25;25;25;25;25;25;25;25;25;25;25;187;187;187;187;187;187;187;187;187;187;187;187;NA;NA;NA;NA;NA;NA;NA;NA;NA;NA;NA;22;169
2021-12-23;"0-60";20;20;20;20;20;20;20;20;20;20;20;20;82;82;82;82;82;82;82;82;82;82;82;82;1;1;1;1;1;1;1;1;1;1;1;18;73
2021-12-23;"60+";27;27;27;27;27;27;27;27;27;27;27;27;127;127;127;127;127;127;127;127;127;127;127;127;1;1;1;1;1;1;1;1;1;1;1;24;115
2021-12-23;"alle";47;47;47;47;47;47;47;47;47;47;47;47;209;209;209;209;209;209;209;209;209;209;209;209;NA;NA;NA;NA;NA;NA;NA;NA;NA;NA;NA;42;188
2021-12-22;"0-60";21;21;21;21;21;21;21;21;21;21;21;21;96;96;96;96;96;96;96;96;96;96;96;96;1;1;1;1;1;1;1;1;1;1;1;19;83
2021-12-22;"60+";21;21;21;21;21;21;21;21;21;21;21;21;117;117;117;117;117;117;117;117;117;117;117;117;1;1;1;1;1;1;1;1;1;1;1;21;108
2021-12-22;"alle";42;42;42;42;42;42;42;42;42;42;42;42;213;213;213;213;213;213;213;213;213;213;213;213;NA;NA;NA;NA;NA;NA;NA;NA;NA;NA;NA;40;192
2021-12-21;"0-60";13;13;13;13;13;13;13;13;13;13;13;13;98;98;98;98;98;98;98;98;98;98;98;98;1;1;1;1;1;1;1;1;1;1;1;12;83
2021-12-21;"60+";28;28;28;28;28;28;28;28;28;28;28;28;130;130;130;130;130;130;130;130;130;130;130;130;1;1;1;1;1;1;1;1;1;1;1;25;121
2021-12-21;"alle";41;41;41;41;41;41;41;41;41;41;41;41;228;228;228;228;228;228;228;228;228;228;228;228;NA;NA;NA;NA;NA;NA;NA;NA;NA;NA;NA;37;205
2021-12-20;"0-60";0;0;0;0;0;0;0;0;0;0;0;0;121;121;121;121;121;121;121;121;121;121;121;121;1;1;1;1;1;1;1;1;1;1;1;0;104
2021-12-20;"60+";2;2;2;2;2;2;2;2;2;2;2;2;133;133;133;133;133;133;133;133;133;133;133;133;1;1;1;1;1;1;1;1;1;1;1;2;125
2021-12-20;"alle";2;2;2;2;2;2;2;2;2;2;2;2;254;254;254;254;254;254;254;254;254;254;254;254;NA;NA;NA;NA;NA;NA;NA;NA;NA;NA;NA;2;230
2021-12-19;"0-60";2;2;2;2;2;2;2;2;2;2;2;2;125;125;125;125;125;125;125;125;125;125;125;125;1;1;1;1;1;1;1;1;1;1;1;0;108
2021-12-19;"60+";2;2;2;2;2;2;2;2;2;2;2;2;138;138;138;138;138;138;138;138;138;138;138;138;1;1;1;1;1;1;1;1;1;1;1;2;129
2021-12-19;"alle";4;4;4;4;4;4;4;4;4;4;4;4;263;263;263;263;263;263;263;263;263;263;263;263;NA;NA;NA;NA;NA;NA;NA;NA;NA;NA;NA;2;238
2021-12-18;"0-60";9;9;9;9;9;9;9;9;9;9;9;9;125;125;125;125;125;125;125;125;125;125;125;125;1;1;1;1;1;1;1;1;1;1;1;8;109
2021-12-18;"60+";17;17;17;17;17;17;17;17;17;17;17;17;138;138;138;138;138;138;138;138;138;138;138;138;1;1;1;1;1;1;1;1;1;1;1;16;129
2021-12-18;"alle";26;26;26;26;26;26;26;26;26;26;26;26;263;263;263;263;263;263;263;263;263;263;263;263;NA;NA;NA;NA;NA;NA;NA;NA;NA;NA;NA;24;239
2021-12-17;"0-60";17;17;17;17;17;17;17;17;17;17;17;17;128;128;128;128;128;128;128;128;128;128;128;128;1;1;1;1;1;1;1;1;1;1;1;16;113
2021-12-17;"60+";30;30;30;30;30;30;30;30;30;30;30;30;143;143;143;143;143;143;143;143;143;143;143;143;1;1;1;1;1;1;1;1;1;1;1;25;133
2021-12-17;"alle";47;47;47;47;47;47;47;47;47;47;47;47;271;271;271;271;271;271;271;271;271;271;271;271;NA;NA;NA;NA;NA;NA;NA;NA;NA;NA;NA;41;247
2021-12-16;"0-60";34;34;34;34;34;34;34;34;34;34;34;34;133;133;133;133;133;133;133;133;133;133;133;133;1;1;1;1;1;1;1;1;1;1;1;28;116
2021-12-16;"60+";17;17;17;17;17;17;17;17;17;17;17;17;148;148;148;148;148;148;148;148;148;148;148;148;1;1;1;1;1;1;1;1;1;1;1;17;139
2021-12-16;"alle";51;51;51;51;51;51;51;51;51;51;51;51;281;281;281;281;281;281;281;281;281;281;281;281;NA;NA;NA;NA;NA;NA;NA;NA;NA;NA;NA;46;256
2021-12-15;"0-60";23;23;23;23;23;23;23;23;23;23;23;23;131;131;131;131;131;131;131;131;131;131;131;131;1;1;1;1;1;1;1;1;1;1;1;19;116
2021-12-15;"60+";34;34;34;34;34;34;34;34;34;34;34;34;176;176;176;176;176;176;176;176;176;176;176;176;1;1;1;1;1;1;1;1;1;1;1;34;159
2021-12-15;"alle";57;57;57;57;57;57;57;57;57;57;57;57;307;307;307;307;307;307;307;307;307;307;307;307;NA;NA;NA;NA;NA;NA;NA;NA;NA;NA;NA;53;275
2021-12-14;"0-60";36;36;36;36;36;36;36;36;36;36;36;36;124;124;124;124;124;124;124;124;124;124;124;124;1;1;1;1;1;1;1;1;1;1;1;33;110
2021-12-14;"60+";31;31;31;31;31;31;31;31;31;31;31;31;177;177;177;177;177;177;177;177;177;177;177;177;1;1;1;1;1;1;1;1;1;1;1;29;151
2021-12-14;"alle";67;67;67;67;67;67;67;67;67;67;67;67;301;301;301;301;301;301;301;301;301;301;301;301;NA;NA;NA;NA;NA;NA;NA;NA;NA;NA;NA;62;261
2021-12-13;"0-60";4;4;4;4;4;4;4;4;4;4;4;4;108;108;108;108;108;108;108;108;108;108;108;108;1;1;1;1;1;1;1;1;1;1;1;4;95
2021-12-13;"60+";7;7;7;7;7;7;7;7;7;7;7;7;183;183;183;183;183;183;183;183;183;183;183;183;1;1;1;1;1;1;1;1;1;1;1;6;157
2021-12-13;"alle";11;11;11;11;11;11;11;11;11;11;11;11;291;291;291;291;291;291;291;291;291;291;291;291;NA;NA;NA;NA;NA;NA;NA;NA;NA;NA;NA;10;252
2021-12-12;"0-60";2;2;2;2;2;2;2;2;2;2;2;2;106;106;106;106;106;106;106;106;106;106;106;106;1;1;1;1;1;1;1;1;1;1;1;1;93
2021-12-12;"60+";2;2;2;2;2;2;2;2;2;2;2;2;184;184;184;184;184;184;184;184;184;184;184;184;1;1;1;1;1;1;1;1;1;1;1;2;159
2021-12-12;"alle";4;4;4;4;4;4;4;4;4;4;4;4;290;290;290;290;290;290;290;290;290;290;290;290;NA;NA;NA;NA;NA;NA;NA;NA;NA;NA;NA;3;252
2021-12-11;"0-60";12;12;12;12;12;12;12;12;12;12;12;12;106;106;106;106;106;106;106;106;106;106;106;106;1;1;1;1;1;1;1;1;1;1;1;12;93
2021-12-11;"60+";22;22;22;22;22;22;22;22;22;22;22;22;188;188;188;188;188;188;188;188;188;188;188;188;1;1;1;1;1;1;1;1;1;1;1;20;160
2021-12-11;"alle";34;34;34;34;34;34;34;34;34;34;34;34;294;294;294;294;294;294;294;294;294;294;294;294;NA;NA;NA;NA;NA;NA;NA;NA;NA;NA;NA;32;253
2021-12-10;"0-60";22;22;22;22;22;22;22;22;22;22;22;22;112;112;112;112;112;112;112;112;112;112;112;112;1;1;1;1;1;1;1;1;1;1;1;19;98
2021-12-10;"60+";35;35;35;35;35;35;35;35;35;35;35;35;191;191;191;191;191;191;191;191;191;191;191;191;1;1;1;1;1;1;1;1;1;1;1;31;165
2021-12-10;"alle";57;57;57;57;57;57;57;57;57;57;57;57;303;303;303;303;303;303;303;303;303;303;303;303;NA;NA;NA;NA;NA;NA;NA;NA;NA;NA;NA;50;263
2021-12-09;"0-60";32;32;32;32;32;32;32;32;32;32;32;32;96;96;96;96;96;96;96;96;96;96;96;96;1;1;1;1;1;1;1;1;1;1;1;28;85
2021-12-09;"60+";45;45;45;45;45;45;45;45;45;45;45;45;181;181;181;181;181;181;181;181;181;181;181;181;1;1;1;1;1;1;1;1;1;1;1;37;157
2021-12-09;"alle";77;77;77;77;77;77;77;77;77;77;77;77;277;277;277;277;277;277;277;277;277;277;277;277;NA;NA;NA;NA;NA;NA;NA;NA;NA;NA;NA;65;242
2021-12-08;"0-60";16;16;16;16;16;16;16;16;16;16;16;16;81;81;81;81;81;81;81;81;81;81;81;81;1;1;1;1;1;1;1;1;1;1;1;13;73
2021-12-08;"60+";35;35;35;35;35;35;35;35;35;35;35;35;162;162;162;162;162;162;162;162;162;162;162;162;1;1;1;1;1;1;1;1;1;1;1;26;145
2021-12-08;"alle";51;51;51;51;51;51;51;51;51;51;51;51;243;243;243;243;243;243;243;243;243;243;243;243;NA;NA;NA;NA;NA;NA;NA;NA;NA;NA;NA;39;218
2021-12-07;"0-60";20;20;20;20;20;20;20;20;20;20;20;20;88;88;88;88;88;88;88;88;88;88;88;88;1;1;1;1;1;1;1;1;1;1;1;18;82
2021-12-07;"60+";37;37;37;37;37;37;37;37;37;37;37;37;150;150;150;150;150;150;150;150;150;150;150;150;1;1;1;1;1;1;1;1;1;1;1;35;139
2021-12-07;"alle";57;57;57;57;57;57;57;57;57;57;57;57;238;238;238;238;238;238;238;238;238;238;238;238;NA;NA;NA;NA;NA;NA;NA;NA;NA;NA;NA;53;221
2021-12-06;"0-60";2;2;2;2;2;2;2;2;2;2;2;2;109;109;109;109;109;109;109;109;109;109;109;109;1;1;1;1;1;1;1;1;1;1;1;2;100
2021-12-06;"60+";8;8;8;8;8;8;8;8;8;8;8;8;157;157;157;157;157;157;157;157;157;157;157;157;1;1;1;1;1;1;1;1;1;1;1;8;144
2021-12-06;"alle";10;10;10;10;10;10;10;10;10;10;10;10;266;266;266;266;266;266;266;266;266;266;266;266;NA;NA;NA;NA;NA;NA;NA;NA;NA;NA;NA;10;244
2021-12-05;"0-60";2;2;2;2;2;2;2;2;2;2;2;2;117;117;117;117;117;117;117;117;117;117;117;117;1;1;1;1;1;1;1;1;1;1;1;1;108
2021-12-05;"60+";6;6;6;6;6;6;6;6;6;6;6;6;154;154;154;154;154;154;154;154;154;154;154;154;1;1;1;1;1;1;1;1;1;1;1;3;141
2021-12-05;"alle";8;8;8;8;8;8;8;8;8;8;8;8;271;271;271;271;271;271;271;271;271;271;271;271;NA;NA;NA;NA;NA;NA;NA;NA;NA;NA;NA;4;249
2021-12-04;"0-60";18;18;18;18;18;18;18;18;18;18;18;18;120;120;120;120;120;120;120;120;120;120;120;120;1;1;1;1;1;1;1;1;1;1;1;17;112
2021-12-04;"60+";25;25;25;25;25;25;25;25;25;25;25;25;152;152;152;152;152;152;152;152;152;152;152;152;1;1;1;1;1;1;1;1;1;1;1;25;141
2021-12-04;"alle";43;43;43;43;43;43;43;43;43;43;43;43;272;272;272;272;272;272;272;272;272;272;272;272;NA;NA;NA;NA;NA;NA;NA;NA;NA;NA;NA;42;253
2021-12-03;"0-60";6;6;6;6;6;6;6;6;6;6;6;6;126;126;126;126;126;126;126;126;126;126;126;126;1;1;1;1;1;1;1;1;1;1;1;6;117
2021-12-03;"60+";25;25;25;25;25;25;25;25;25;25;25;25;148;148;148;148;148;148;148;148;148;148;148;148;1;1;1;1;1;1;1;1;1;1;1;23;133
2021-12-03;"alle";31;31;31;31;31;31;31;31;31;31;31;31;274;274;274;274;274;274;274;274;274;274;274;274;NA;NA;NA;NA;NA;NA;NA;NA;NA;NA;NA;29;250
2021-12-02;"0-60";17;17;17;17;17;17;17;17;17;17;17;17;139;139;139;139;139;139;139;139;139;139;139;139;1;1;1;1;1;1;1;1;1;1;1;16;125
2021-12-02;"60+";26;26;26;26;26;26;26;26;26;26;26;26;145;145;145;145;145;145;145;145;145;145;145;145;1;1;1;1;1;1;1;1;1;1;1;25;126
2021-12-02;"alle";43;43;43;43;43;43;43;43;43;43;43;43;284;284;284;284;284;284;284;284;284;284;284;284;NA;NA;NA;NA;NA;NA;NA;NA;NA;NA;NA;41;251
2021-12-01;"0-60";23;23;23;23;23;23;23;23;23;23;23;23;143;143;143;143;143;143;143;143;143;143;143;143;1;1;1;1;1;1;1;1;1;1;1;22;129
2021-12-01;"60+";23;23;23;23;23;23;23;23;23;23;23;23;149;149;149;149;149;149;149;149;149;149;149;149;1;1;1;1;1;1;1;1;1;1;1;20;130
2021-12-01;"alle";46;46;46;46;46;46;46;46;46;46;46;46;292;292;292;292;292;292;292;292;292;292;292;292;NA;NA;NA;NA;NA;NA;NA;NA;NA;NA;NA;42;259
2021-11-30;"0-60";41;41;41;41;41;41;41;41;41;41;41;41;143;143;143;143;143;143;143;143;143;143;143;143;1;1;1;1;1;1;1;1;1;1;1;36;126
2021-11-30;"60+";44;44;44;44;44;44;44;44;44;44;44;44;160;160;160;160;160;160;160;160;160;160;160;160;1;1;1;1;1;1;1;1;1;1;1;40;138
2021-11-30;"alle";85;85;85;85;85;85;85;85;85;85;85;85;303;303;303;303;303;303;303;303;303;303;303;303;NA;NA;NA;NA;NA;NA;NA;NA;NA;NA;NA;76;264
2021-11-29;"0-60";10;10;10;10;10;10;10;10;10;10;10;10;128;128;128;128;128;128;128;128;128;128;128;128;1;1;1;1;1;1;1;1;1;1;1;10;112
2021-11-29;"60+";5;5;5;5;5;5;5;5;5;5;5;5;148;148;148;148;148;148;148;148;148;148;148;148;1;1;1;1;1;1;1;1;1;1;1;5;127
2021-11-29;"alle";15;15;15;15;15;15;15;15;15;15;15;15;276;276;276;276;276;276;276;276;276;276;276;276;NA;NA;NA;NA;NA;NA;NA;NA;NA;NA;NA;15;239
2021-11-28;"0-60";5;5;5;5;5;5;5;5;5;5;5;5;124;124;124;124;124;124;124;124;124;124;124;124;1;1;1;1;1;1;1;1;1;1;1;5;108
2021-11-28;"60+";4;4;4;4;4;4;4;4;4;4;4;4;147;147;147;147;147;147;147;147;147;147;147;147;1;1;1;1;1;1;1;1;1;1;1;3;126
2021-11-28;"alle";9;9;9;9;9;9;9;9;9;9;9;9;271;271;271;271;271;271;271;271;271;271;271;271;NA;NA;NA;NA;NA;NA;NA;NA;NA;NA;NA;8;234
2021-11-27;"0-60";24;24;24;24;24;24;24;24;24;24;24;24;123;123;123;123;123;123;123;123;123;123;123;123;1;1;1;1;1;1;1;1;1;1;1;22;106
2021-11-27;"60+";21;21;21;21;21;21;21;21;21;21;21;21;144;144;144;144;144;144;144;144;144;144;144;144;1;1;1;1;1;1;1;1;1;1;1;17;124
2021-11-27;"alle";45;45;45;45;45;45;45;45;45;45;45;45;267;267;267;267;267;267;267;267;267;267;267;267;NA;NA;NA;NA;NA;NA;NA;NA;NA;NA;NA;39;230
2021-11-26;"0-60";19;19;19;19;19;19;19;19;19;19;19;19;119;119;119;119;119;119;119;119;119;119;119;119;1;1;1;1;1;1;1;1;1;1;1;14;104
2021-11-26;"60+";22;22;22;22;22;22;22;22;22;22;22;22;142;142;142;142;142;142;142;142;142;142;142;142;1;1;1;1;1;1;1;1;1;1;1;16;126
2021-11-26;"alle";41;41;41;41;41;41;41;41;41;41;41;41;261;261;261;261;261;261;261;261;261;261;261;261;NA;NA;NA;NA;NA;NA;NA;NA;NA;NA;NA;30;230
2021-11-25;"0-60";21;21;21;21;21;21;21;21;21;21;21;21;116;116;116;116;116;116;116;116;116;116;116;116;1;1;1;1;1;1;1;1;1;1;1;20;105
2021-11-25;"60+";30;30;30;30;30;30;30;30;30;30;30;30;145;145;145;145;145;145;145;145;145;145;145;145;1;1;1;1;1;1;1;1;1;1;1;29;133
2021-11-25;"alle";51;51;51;51;51;51;51;51;51;51;51;51;261;261;261;261;261;261;261;261;261;261;261;261;NA;NA;NA;NA;NA;NA;NA;NA;NA;NA;NA;49;238
2021-11-24;"0-60";23;23;23;23;23;23;23;23;23;23;23;23;117;117;117;117;117;117;117;117;117;117;117;117;1;1;1;1;1;1;1;1;1;1;1;19;104
2021-11-24;"60+";34;34;34;34;34;34;34;34;34;34;34;34;145;145;145;145;145;145;145;145;145;145;145;145;1;1;1;1;1;1;1;1;1;1;1;28;132
2021-11-24;"alle";57;57;57;57;57;57;57;57;57;57;57;57;262;262;262;262;262;262;262;262;262;262;262;262;NA;NA;NA;NA;NA;NA;NA;NA;NA;NA;NA;47;236
2021-11-23;"0-60";26;26;26;26;26;26;26;26;26;26;26;26;124;124;124;124;124;124;124;124;124;124;124;124;1;1;1;1;1;1;1;1;1;1;1;22;112
2021-11-23;"60+";32;32;32;32;32;32;32;32;32;32;32;32;148;148;148;148;148;148;148;148;148;148;148;148;1;1;1;1;1;1;1;1;1;1;1;29;137
2021-11-23;"alle";58;58;58;58;58;58;58;58;58;58;58;58;272;272;272;272;272;272;272;272;272;272;272;272;NA;NA;NA;NA;NA;NA;NA;NA;NA;NA;NA;51;249
2021-11-22;"0-60";6;6;6;6;6;6;6;6;6;6;6;6;111;111;111;111;111;111;111;111;111;111;111;111;1;1;1;1;1;1;1;1;1;1;1;6;101
2021-11-22;"60+";4;4;4;4;4;4;4;4;4;4;4;4;152;152;152;152;152;152;152;152;152;152;152;152;1;1;1;1;1;1;1;1;1;1;1;4;142
2021-11-22;"alle";10;10;10;10;10;10;10;10;10;10;10;10;263;263;263;263;263;263;263;263;263;263;263;263;NA;NA;NA;NA;NA;NA;NA;NA;NA;NA;NA;10;243
2021-11-21;"0-60";4;4;4;4;4;4;4;4;4;4;4;4;110;110;110;110;110;110;110;110;110;110;110;110;1;1;1;1;1;1;1;1;1;1;1;3;100
2021-11-21;"60+";1;1;1;1;1;1;1;1;1;1;1;1;153;153;153;153;153;153;153;153;153;153;153;153;1;1;1;1;1;1;1;1;1;1;1;1;143
2021-11-21;"alle";5;5;5;5;5;5;5;5;5;5;5;5;263;263;263;263;263;263;263;263;263;263;263;263;NA;NA;NA;NA;NA;NA;NA;NA;NA;NA;NA;4;243
2021-11-20;"0-60";20;20;20;20;20;20;20;20;20;20;20;20;110;110;110;110;110;110;110;110;110;110;110;110;1;1;1;1;1;1;1;1;1;1;1;20;100
2021-11-20;"60+";19;19;19;19;19;19;19;19;19;19;19;19;155;155;155;155;155;155;155;155;155;155;155;155;1;1;1;1;1;1;1;1;1;1;1;19;143
2021-11-20;"alle";39;39;39;39;39;39;39;39;39;39;39;39;265;265;265;265;265;265;265;265;265;265;265;265;NA;NA;NA;NA;NA;NA;NA;NA;NA;NA;NA;39;243
2021-11-19;"0-60";16;16;16;16;16;16;16;16;16;16;16;16;108;108;108;108;108;108;108;108;108;108;108;108;1;1;1;1;1;1;1;1;1;1;1;15;91
2021-11-19;"60+";25;25;25;25;25;25;25;25;25;25;25;25;164;164;164;164;164;164;164;164;164;164;164;164;1;1;1;1;1;1;1;1;1;1;1;23;147
2021-11-19;"alle";41;41;41;41;41;41;41;41;41;41;41;41;272;272;272;272;272;272;272;272;272;272;272;272;NA;NA;NA;NA;NA;NA;NA;NA;NA;NA;NA;38;238
2021-11-18;"0-60";22;22;22;22;22;22;22;22;22;22;22;22;107;107;107;107;107;107;107;107;107;107;107;107;1;1;1;1;1;1;1;1;1;1;1;19;91
2021-11-18;"60+";30;30;30;30;30;30;30;30;30;30;30;30;169;169;169;169;169;169;169;169;169;169;169;169;1;1;1;1;1;1;1;1;1;1;1;28;148
2021-11-18;"alle";52;52;52;52;52;52;52;52;52;52;52;52;276;276;276;276;276;276;276;276;276;276;276;276;NA;NA;NA;NA;NA;NA;NA;NA;NA;NA;NA;47;239
2021-11-17;"0-60";30;30;30;30;30;30;30;30;30;30;30;30;102;102;102;102;102;102;102;102;102;102;102;102;1;1;1;1;1;1;1;1;1;1;1;27;87
2021-11-17;"60+";37;37;37;37;37;37;37;37;37;37;37;37;168;168;168;168;168;168;168;168;168;168;168;168;1;1;1;1;1;1;1;1;1;1;1;33;145
2021-11-17;"alle";67;67;67;67;67;67;67;67;67;67;67;67;270;270;270;270;270;270;270;270;270;270;270;270;NA;NA;NA;NA;NA;NA;NA;NA;NA;NA;NA;60;232
2021-11-16;"0-60";13;13;13;13;13;13;13;13;13;13;13;13;89;89;89;89;89;89;89;89;89;89;89;89;1;1;1;1;1;1;1;1;1;1;1;11;77
2021-11-16;"60+";36;36;36;36;36;36;36;36;36;36;36;36;161;161;161;161;161;161;161;161;161;161;161;161;1;1;1;1;1;1;1;1;1;1;1;34;140
2021-11-16;"alle";49;49;49;49;49;49;49;49;49;49;49;49;250;250;250;250;250;250;250;250;250;250;250;250;NA;NA;NA;NA;NA;NA;NA;NA;NA;NA;NA;45;217
2021-11-15;"0-60";5;5;5;5;5;5;5;5;5;5;5;5;93;93;93;93;93;93;93;93;93;93;93;93;1;1;1;1;1;1;1;1;1;1;1;5;83
2021-11-15;"60+";5;5;5;5;5;5;5;5;5;5;5;5;170;170;170;170;170;170;170;170;170;170;170;170;1;1;1;1;1;1;1;1;1;1;1;5;149
2021-11-15;"alle";10;10;10;10;10;10;10;10;10;10;10;10;263;263;263;263;263;263;263;263;263;263;263;263;NA;NA;NA;NA;NA;NA;NA;NA;NA;NA;NA;10;232
2021-11-14;"0-60";4;4;4;4;4;4;4;4;4;4;4;4;91;91;91;91;91;91;91;91;91;91;91;91;1;1;1;1;1;1;1;1;1;1;1;3;81
2021-11-14;"60+";3;3;3;3;3;3;3;3;3;3;3;3;165;165;165;165;165;165;165;165;165;165;165;165;1;1;1;1;1;1;1;1;1;1;1;1;144
2021-11-14;"alle";7;7;7;7;7;7;7;7;7;7;7;7;256;256;256;256;256;256;256;256;256;256;256;256;NA;NA;NA;NA;NA;NA;NA;NA;NA;NA;NA;4;225
2021-11-13;"0-60";18;18;18;18;18;18;18;18;18;18;18;18;87;87;87;87;87;87;87;87;87;87;87;87;1;1;1;1;1;1;1;1;1;1;1;11;78
2021-11-13;"60+";28;28;28;28;28;28;28;28;28;28;28;28;164;164;164;164;164;164;164;164;164;164;164;164;1;1;1;1;1;1;1;1;1;1;1;23;145
2021-11-13;"alle";46;46;46;46;46;46;46;46;46;46;46;46;251;251;251;251;251;251;251;251;251;251;251;251;NA;NA;NA;NA;NA;NA;NA;NA;NA;NA;NA;34;223
2021-11-12;"0-60";15;15;15;15;15;15;15;15;15;15;15;15;88;88;88;88;88;88;88;88;88;88;88;88;1;1;1;1;1;1;1;1;1;1;1;15;86
2021-11-12;"60+";30;30;30;30;30;30;30;30;30;30;30;30;158;158;158;158;158;158;158;158;158;158;158;158;1;1;1;1;1;1;1;1;1;1;1;24;144
2021-11-12;"alle";45;45;45;45;45;45;45;45;45;45;45;45;246;246;246;246;246;246;246;246;246;246;246;246;NA;NA;NA;NA;NA;NA;NA;NA;NA;NA;NA;39;230
2021-11-11;"0-60";17;17;17;17;17;17;17;17;17;17;17;17;92;92;92;92;92;92;92;92;92;92;92;92;1;1;1;1;1;1;1;1;1;1;1;15;87
2021-11-11;"60+";29;29;29;29;29;29;29;29;29;29;29;29;148;148;148;148;148;148;148;148;148;148;148;148;1;1;1;1;1;1;1;1;1;1;1;25;140
2021-11-11;"alle";46;46;46;46;46;46;46;46;46;46;46;46;240;240;240;240;240;240;240;240;240;240;240;240;NA;NA;NA;NA;NA;NA;NA;NA;NA;NA;NA;40;227
2021-11-10;"0-60";17;17;17;17;17;17;17;17;17;17;17;17;88;88;88;88;88;88;88;88;88;88;88;88;1;1;1;1;1;1;1;1;1;1;1;17;83
2021-11-10;"60+";30;30;30;30;30;30;30;30;30;30;30;30;148;148;148;148;148;148;148;148;148;148;148;148;1;1;1;1;1;1;1;1;1;1;1;28;140
2021-11-10;"alle";47;47;47;47;47;47;47;47;47;47;47;47;236;236;236;236;236;236;236;236;236;236;236;236;NA;NA;NA;NA;NA;NA;NA;NA;NA;NA;NA;45;223
2021-11-09;"0-60";17;17;17;17;17;17;17;17;17;17;17;17;82;82;82;82;82;82;82;82;82;82;82;82;1;1;1;1;1;1;1;1;1;1;1;17;77
2021-11-09;"60+";45;45;45;45;45;45;45;45;45;45;45;45;149;149;149;149;149;149;149;149;149;149;149;149;1;1;1;1;1;1;1;1;1;1;1;43;140
2021-11-09;"alle";62;62;62;62;62;62;62;62;62;62;62;62;231;231;231;231;231;231;231;231;231;231;231;231;NA;NA;NA;NA;NA;NA;NA;NA;NA;NA;NA;60;217
2021-11-08;"0-60";3;3;3;3;3;3;3;3;3;3;3;3;91;91;91;91;91;91;91;91;91;91;91;91;1;1;1;1;1;1;1;1;1;1;1;3;86
2021-11-08;"60+";0;0;0;0;0;0;0;0;0;0;0;0;140;140;140;140;140;140;140;140;140;140;140;140;1;1;1;1;1;1;1;1;1;1;1;0;132
2021-11-08;"alle";3;3;3;3;3;3;3;3;3;3;3;3;231;231;231;231;231;231;231;231;231;231;231;231;NA;NA;NA;NA;NA;NA;NA;NA;NA;NA;NA;3;218
2021-11-07;"0-60";0;0;0;0;0;0;0;0;0;0;0;0;92;92;92;92;92;92;92;92;92;92;92;92;1;1;1;1;1;1;1;1;1;1;1;0;87
2021-11-07;"60+";2;2;2;2;2;2;2;2;2;2;2;2;142;142;142;142;142;142;142;142;142;142;142;142;1;1;1;1;1;1;1;1;1;1;1;2;134
2021-11-07;"alle";2;2;2;2;2;2;2;2;2;2;2;2;234;234;234;234;234;234;234;234;234;234;234;234;NA;NA;NA;NA;NA;NA;NA;NA;NA;NA;NA;2;221
2021-11-06;"0-60";19;19;19;19;19;19;19;19;19;19;19;19;95;95;95;95;95;95;95;95;95;95;95;95;1;1;1;1;1;1;1;1;1;1;1;19;90
2021-11-06;"60+";22;22;22;22;22;22;22;22;22;22;22;22;142;142;142;142;142;142;142;142;142;142;142;142;1;1;1;1;1;1;1;1;1;1;1;22;134
2021-11-06;"alle";41;41;41;41;41;41;41;41;41;41;41;41;237;237;237;237;237;237;237;237;237;237;237;237;NA;NA;NA;NA;NA;NA;NA;NA;NA;NA;NA;41;224
2021-11-05;"0-60";19;19;19;19;19;19;19;19;19;19;19;19;97;97;97;97;97;97;97;97;97;97;97;97;1;1;1;1;1;1;1;1;1;1;1;16;91
2021-11-05;"60+";20;20;20;20;20;20;20;20;20;20;20;20;149;149;149;149;149;149;149;149;149;149;149;149;1;1;1;1;1;1;1;1;1;1;1;20;141
2021-11-05;"alle";39;39;39;39;39;39;39;39;39;39;39;39;246;246;246;246;246;246;246;246;246;246;246;246;NA;NA;NA;NA;NA;NA;NA;NA;NA;NA;NA;36;233
2021-11-04;"0-60";13;13;13;13;13;13;13;13;13;13;13;13;94;94;94;94;94;94;94;94;94;94;94;94;1;1;1;1;1;1;1;1;1;1;1;11;91
2021-11-04;"60+";29;29;29;29;29;29;29;29;29;29;29;29;145;145;145;145;145;145;145;145;145;145;145;145;1;1;1;1;1;1;1;1;1;1;1;25;136
2021-11-04;"alle";42;42;42;42;42;42;42;42;42;42;42;42;239;239;239;239;239;239;239;239;239;239;239;239;NA;NA;NA;NA;NA;NA;NA;NA;NA;NA;NA;36;228
2021-11-03;"0-60";11;11;11;11;11;11;11;11;11;11;11;11;103;103;103;103;103;103;103;103;103;103;103;103;1;1;1;1;1;1;1;1;1;1;1;11;101
2021-11-03;"60+";31;31;31;31;31;31;31;31;31;31;31;31;159;159;159;159;159;159;159;159;159;159;159;159;1;1;1;1;1;1;1;1;1;1;1;28;153
2021-11-03;"alle";42;42;42;42;42;42;42;42;42;42;42;42;262;262;262;262;262;262;262;262;262;262;262;262;NA;NA;NA;NA;NA;NA;NA;NA;NA;NA;NA;39;255
2021-11-02;"0-60";26;26;26;26;26;26;26;26;26;26;26;26;106;106;106;106;106;106;106;106;106;106;106;106;1;1;1;1;1;1;1;1;1;1;1;26;103
2021-11-02;"60+";36;36;36;36;36;36;36;36;36;36;36;36;150;150;150;150;150;150;150;150;150;150;150;150;1;1;1;1;1;1;1;1;1;1;1;35;146
2021-11-02;"alle";62;62;62;62;62;62;62;62;62;62;62;62;256;256;256;256;256;256;256;256;256;256;256;256;NA;NA;NA;NA;NA;NA;NA;NA;NA;NA;NA;61;250
2021-11-01;"0-60";4;4;4;4;4;4;4;4;4;4;4;4;104;104;104;104;104;104;104;104;104;104;104;104;1;1;1;1;1;1;1;1;1;1;1;4;101
2021-11-01;"60+";2;2;2;2;2;2;2;2;2;2;2;2;143;143;143;143;143;143;143;143;143;143;143;143;1;1;1;1;1;1;1;1;1;1;1;2;138
2021-11-01;"alle";6;6;6;6;6;6;6;6;6;6;6;6;247;247;247;247;247;247;247;247;247;247;247;247;NA;NA;NA;NA;NA;NA;NA;NA;NA;NA;NA;6;240
2021-10-31;"0-60";3;3;3;3;3;3;3;3;3;3;3;3;100;100;100;100;100;100;100;100;100;100;100;100;1;1;1;1;1;1;1;1;1;1;1;3;97
2021-10-31;"60+";2;2;2;2;2;2;2;2;2;2;2;2;142;142;142;142;142;142;142;142;142;142;142;142;1;1;1;1;1;1;1;1;1;1;1;2;137
2021-10-31;"alle";5;5;5;5;5;5;5;5;5;5;5;5;242;242;242;242;242;242;242;242;242;242;242;242;NA;NA;NA;NA;NA;NA;NA;NA;NA;NA;NA;5;235
2021-10-30;"0-60";21;21;21;21;21;21;21;21;21;21;21;21;99;99;99;99;99;99;99;99;99;99;99;99;1;1;1;1;1;1;1;1;1;1;1;20;96
2021-10-30;"60+";29;29;29;29;29;29;29;29;29;29;29;29;145;145;145;145;145;145;145;145;145;145;145;145;1;1;1;1;1;1;1;1;1;1;1;29;140
2021-10-30;"alle";50;50;50;50;50;50;50;50;50;50;50;50;244;244;244;244;244;244;244;244;244;244;244;244;NA;NA;NA;NA;NA;NA;NA;NA;NA;NA;NA;50;237
2021-10-29;"0-60";16;16;16;16;16;16;16;16;16;16;16;16;87;87;87;87;87;87;87;87;87;87;87;87;1;1;1;1;1;1;1;1;1;1;1;16;84
2021-10-29;"60+";16;16;16;16;16;16;16;16;16;16;16;16;141;141;141;141;141;141;141;141;141;141;141;141;1;1;1;1;1;1;1;1;1;1;1;15;133
2021-10-29;"alle";32;32;32;32;32;32;32;32;32;32;32;32;228;228;228;228;228;228;228;228;228;228;228;228;NA;NA;NA;NA;NA;NA;NA;NA;NA;NA;NA;31;217
2021-10-28;"0-60";22;22;22;22;22;22;22;22;22;22;22;22;84;84;84;84;84;84;84;84;84;84;84;84;1;1;1;1;1;1;1;1;1;1;1;21;81
2021-10-28;"60+";43;43;43;43;43;43;43;43;43;43;43;43;138;138;138;138;138;138;138;138;138;138;138;138;1;1;1;1;1;1;1;1;1;1;1;42;131
2021-10-28;"alle";65;65;65;65;65;65;65;65;65;65;65;65;222;222;222;222;222;222;222;222;222;222;222;222;NA;NA;NA;NA;NA;NA;NA;NA;NA;NA;NA;63;212
2021-10-27;"0-60";14;14;14;14;14;14;14;14;14;14;14;14;74;74;74;74;74;74;74;74;74;74;74;74;1;1;1;1;1;1;1;1;1;1;1;13;72
2021-10-27;"60+";22;22;22;22;22;22;22;22;22;22;22;22;124;124;124;124;124;124;124;124;124;124;124;124;1;1;1;1;1;1;1;1;1;1;1;21;117
2021-10-27;"alle";36;36;36;36;36;36;36;36;36;36;36;36;198;198;198;198;198;198;198;198;198;198;198;198;NA;NA;NA;NA;NA;NA;NA;NA;NA;NA;NA;34;189
2021-10-26;"0-60";24;24;24;24;24;24;24;24;24;24;24;24;76;76;76;76;76;76;76;76;76;76;76;76;1;1;1;1;1;1;1;1;1;1;1;24;75
2021-10-26;"60+";29;29;29;29;29;29;29;29;29;29;29;29;137;137;137;137;137;137;137;137;137;137;137;137;1;1;1;1;1;1;1;1;1;1;1;27;131
2021-10-26;"alle";53;53;53;53;53;53;53;53;53;53;53;53;213;213;213;213;213;213;213;213;213;213;213;213;NA;NA;NA;NA;NA;NA;NA;NA;NA;NA;NA;51;206
2021-10-25;"0-60";0;0;0;0;0;0;0;0;0;0;0;0;73;73;73;73;73;73;73;73;73;73;73;73;1;1;1;1;1;1;1;1;1;1;1;0;72
2021-10-25;"60+";1;1;1;1;1;1;1;1;1;1;1;1;140;140;140;140;140;140;140;140;140;140;140;140;1;1;1;1;1;1;1;1;1;1;1;1;135
2021-10-25;"alle";1;1;1;1;1;1;1;1;1;1;1;1;213;213;213;213;213;213;213;213;213;213;213;213;NA;NA;NA;NA;NA;NA;NA;NA;NA;NA;NA;1;207
2021-10-24;"0-60";2;2;2;2;2;2;2;2;2;2;2;2;73;73;73;73;73;73;73;73;73;73;73;73;1;1;1;1;1;1;1;1;1;1;1;2;72
2021-10-24;"60+";5;5;5;5;5;5;5;5;5;5;5;5;139;139;139;139;139;139;139;139;139;139;139;139;1;1;1;1;1;1;1;1;1;1;1;5;134
2021-10-24;"alle";7;7;7;7;7;7;7;7;7;7;7;7;212;212;212;212;212;212;212;212;212;212;212;212;NA;NA;NA;NA;NA;NA;NA;NA;NA;NA;NA;7;206
2021-10-23;"0-60";9;9;9;9;9;9;9;9;9;9;9;9;72;72;72;72;72;72;72;72;72;72;72;72;1;1;1;1;1;1;1;1;1;1;1;8;71
2021-10-23;"60+";25;25;25;25;25;25;25;25;25;25;25;25;137;137;137;137;137;137;137;137;137;137;137;137;1;1;1;1;1;1;1;1;1;1;1;22;132
2021-10-23;"alle";34;34;34;34;34;34;34;34;34;34;34;34;209;209;209;209;209;209;209;209;209;209;209;209;NA;NA;NA;NA;NA;NA;NA;NA;NA;NA;NA;30;203
2021-10-22;"0-60";13;13;13;13;13;13;13;13;13;13;13;13;75;75;75;75;75;75;75;75;75;75;75;75;1;1;1;1;1;1;1;1;1;1;1;13;75
2021-10-22;"60+";13;13;13;13;13;13;13;13;13;13;13;13;124;124;124;124;124;124;124;124;124;124;124;124;1;1;1;1;1;1;1;1;1;1;1;13;121
2021-10-22;"alle";26;26;26;26;26;26;26;26;26;26;26;26;199;199;199;199;199;199;199;199;199;199;199;199;NA;NA;NA;NA;NA;NA;NA;NA;NA;NA;NA;26;196
2021-10-21;"0-60";12;12;12;12;12;12;12;12;12;12;12;12;75;75;75;75;75;75;75;75;75;75;75;75;1;1;1;1;1;1;1;1;1;1;1;12;75
2021-10-21;"60+";29;29;29;29;29;29;29;29;29;29;29;29;120;120;120;120;120;120;120;120;120;120;120;120;1;1;1;1;1;1;1;1;1;1;1;28;117
2021-10-21;"alle";41;41;41;41;41;41;41;41;41;41;41;41;195;195;195;195;195;195;195;195;195;195;195;195;NA;NA;NA;NA;NA;NA;NA;NA;NA;NA;NA;40;192
2021-10-20;"0-60";16;16;16;16;16;16;16;16;16;16;16;16;74;74;74;74;74;74;74;74;74;74;74;74;1;1;1;1;1;1;1;1;1;1;1;16;73
2021-10-20;"60+";35;35;35;35;35;35;35;35;35;35;35;35;103;103;103;103;103;103;103;103;103;103;103;103;1;1;1;1;1;1;1;1;1;1;1;35;101
2021-10-20;"alle";51;51;51;51;51;51;51;51;51;51;51;51;177;177;177;177;177;177;177;177;177;177;177;177;NA;NA;NA;NA;NA;NA;NA;NA;NA;NA;NA;51;174
2021-10-19;"0-60";21;21;21;21;21;21;21;21;21;21;21;21;70;70;70;70;70;70;70;70;70;70;70;70;1;1;1;1;1;1;1;1;1;1;1;21;69
2021-10-19;"60+";32;32;32;32;32;32;32;32;32;32;32;32;86;86;86;86;86;86;86;86;86;86;86;86;1;1;1;1;1;1;1;1;1;1;1;31;83
2021-10-19;"alle";53;53;53;53;53;53;53;53;53;53;53;53;156;156;156;156;156;156;156;156;156;156;156;156;NA;NA;NA;NA;NA;NA;NA;NA;NA;NA;NA;52;152
2021-10-18;"0-60";0;0;0;0;0;0;0;0;0;0;0;0;66;66;66;66;66;66;66;66;66;66;66;66;1;1;1;1;1;1;1;1;1;1;1;0;65
2021-10-18;"60+";0;0;0;0;0;0;0;0;0;0;0;0;71;71;71;71;71;71;71;71;71;71;71;71;1;1;1;1;1;1;1;1;1;1;1;0;68
2021-10-18;"alle";0;0;0;0;0;0;0;0;0;0;0;0;137;137;137;137;137;137;137;137;137;137;137;137;NA;NA;NA;NA;NA;NA;NA;NA;NA;NA;NA;0;134
2021-10-17;"0-60";1;1;1;1;1;1;1;1;1;1;1;1;66;66;66;66;66;66;66;66;66;66;66;66;1;1;1;1;1;1;1;1;1;1;1;1;65
2021-10-17;"60+";3;3;3;3;3;3;3;3;3;3;3;3;71;71;71;71;71;71;71;71;71;71;71;71;1;1;1;1;1;1;1;1;1;1;1;3;68
2021-10-17;"alle";4;4;4;4;4;4;4;4;4;4;4;4;137;137;137;137;137;137;137;137;137;137;137;137;NA;NA;NA;NA;NA;NA;NA;NA;NA;NA;NA;4;134
2021-10-16;"0-60";12;12;12;12;12;12;12;12;12;12;12;12;68;68;68;68;68;68;68;68;68;68;68;68;1;1;1;1;1;1;1;1;1;1;1;12;67
2021-10-16;"60+";12;12;12;12;12;12;12;12;12;12;12;12;70;70;70;70;70;70;70;70;70;70;70;70;1;1;1;1;1;1;1;1;1;1;1;11;67
2021-10-16;"alle";24;24;24;24;24;24;24;24;24;24;24;24;138;138;138;138;138;138;138;138;138;138;138;138;NA;NA;NA;NA;NA;NA;NA;NA;NA;NA;NA;23;135
2021-10-15;"0-60";13;13;13;13;13;13;13;13;13;13;13;13;68;68;68;68;68;68;68;68;68;68;68;68;1;1;1;1;1;1;1;1;1;1;1;13;66
2021-10-15;"60+";9;9;9;9;9;9;9;9;9;9;9;9;70;70;70;70;70;70;70;70;70;70;70;70;1;1;1;1;1;1;1;1;1;1;1;9;68
2021-10-15;"alle";22;22;22;22;22;22;22;22;22;22;22;22;138;138;138;138;138;138;138;138;138;138;138;138;NA;NA;NA;NA;NA;NA;NA;NA;NA;NA;NA;22;135
2021-10-14;"0-60";11;11;11;11;11;11;11;11;11;11;11;11;73;73;73;73;73;73;73;73;73;73;73;73;1;1;1;1;1;1;1;1;1;1;1;10;70
2021-10-14;"60+";12;12;12;12;12;12;12;12;12;12;12;12;72;72;72;72;72;72;72;72;72;72;72;72;1;1;1;1;1;1;1;1;1;1;1;12;70
2021-10-14;"alle";23;23;23;23;23;23;23;23;23;23;23;23;145;145;145;145;145;145;145;145;145;145;145;145;NA;NA;NA;NA;NA;NA;NA;NA;NA;NA;NA;22;141
2021-10-13;"0-60";12;12;12;12;12;12;12;12;12;12;12;12;77;77;77;77;77;77;77;77;77;77;77;77;1;1;1;1;1;1;1;1;1;1;1;12;74
2021-10-13;"60+";18;18;18;18;18;18;18;18;18;18;18;18;70;70;70;70;70;70;70;70;70;70;70;70;1;1;1;1;1;1;1;1;1;1;1;17;68
2021-10-13;"alle";30;30;30;30;30;30;30;30;30;30;30;30;147;147;147;147;147;147;147;147;147;147;147;147;NA;NA;NA;NA;NA;NA;NA;NA;NA;NA;NA;29;143
2021-10-12;"0-60";17;17;17;17;17;17;17;17;17;17;17;17;72;72;72;72;72;72;72;72;72;72;72;72;1;1;1;1;1;1;1;1;1;1;1;17;69
2021-10-12;"60+";17;17;17;17;17;17;17;17;17;17;17;17;61;61;61;61;61;61;61;61;61;61;61;61;1;1;1;1;1;1;1;1;1;1;1;16;60
2021-10-12;"alle";34;34;34;34;34;34;34;34;34;34;34;34;133;133;133;133;133;133;133;133;133;133;133;133;NA;NA;NA;NA;NA;NA;NA;NA;NA;NA;NA;34;130
2021-10-11;"0-60";0;0;0;0;0;0;0;0;0;0;0;0;71;71;71;71;71;71;71;71;71;71;71;71;1;1;1;1;1;1;1;1;1;1;1;0;67
2021-10-11;"60+";0;0;0;0;0;0;0;0;0;0;0;0;56;56;56;56;56;56;56;56;56;56;56;56;1;1;1;1;1;1;1;1;1;1;1;0;56
2021-10-11;"alle";0;0;0;0;0;0;0;0;0;0;0;0;127;127;127;127;127;127;127;127;127;127;127;127;NA;NA;NA;NA;NA;NA;NA;NA;NA;NA;NA;0;123
2021-10-10;"0-60";3;3;3;3;3;3;3;3;3;3;3;3;72;72;72;72;72;72;72;72;72;72;72;72;1;1;1;1;1;1;1;1;1;1;1;3;68
2021-10-10;"60+";2;2;2;2;2;2;2;2;2;2;2;2;56;56;56;56;56;56;56;56;56;56;56;56;1;1;1;1;1;1;1;1;1;1;1;2;56
2021-10-10;"alle";5;5;5;5;5;5;5;5;5;5;5;5;128;128;128;128;128;128;128;128;128;128;128;128;NA;NA;NA;NA;NA;NA;NA;NA;NA;NA;NA;5;124
2021-10-09;"0-60";12;12;12;12;12;12;12;12;12;12;12;12;69;69;69;69;69;69;69;69;69;69;69;69;1;1;1;1;1;1;1;1;1;1;1;11;65
2021-10-09;"60+";12;12;12;12;12;12;12;12;12;12;12;12;55;55;55;55;55;55;55;55;55;55;55;55;1;1;1;1;1;1;1;1;1;1;1;12;55
2021-10-09;"alle";24;24;24;24;24;24;24;24;24;24;24;24;124;124;124;124;124;124;124;124;124;124;124;124;NA;NA;NA;NA;NA;NA;NA;NA;NA;NA;NA;23;120
2021-10-08;"0-60";18;18;18;18;18;18;18;18;18;18;18;18;67;67;67;67;67;67;67;67;67;67;67;67;1;1;1;1;1;1;1;1;1;1;1;17;63
2021-10-08;"60+";11;11;11;11;11;11;11;11;11;11;11;11;50;50;50;50;50;50;50;50;50;50;50;50;1;1;1;1;1;1;1;1;1;1;1;11;48
2021-10-08;"alle";29;29;29;29;29;29;29;29;29;29;29;29;117;117;117;117;117;117;117;117;117;117;117;117;NA;NA;NA;NA;NA;NA;NA;NA;NA;NA;NA;28;111
2021-10-07;"0-60";15;15;15;15;15;15;15;15;15;15;15;15;60;60;60;60;60;60;60;60;60;60;60;60;1;1;1;1;1;1;1;1;1;1;1;14;56
2021-10-07;"60+";10;10;10;10;10;10;10;10;10;10;10;10;44;44;44;44;44;44;44;44;44;44;44;44;1;1;1;1;1;1;1;1;1;1;1;10;42
2021-10-07;"alle";25;25;25;25;25;25;25;25;25;25;25;25;104;104;104;104;104;104;104;104;104;104;104;104;NA;NA;NA;NA;NA;NA;NA;NA;NA;NA;NA;24;98
2021-10-06;"0-60";7;7;7;7;7;7;7;7;7;7;7;7;56;56;56;56;56;56;56;56;56;56;56;56;1;1;1;1;1;1;1;1;1;1;1;7;53
2021-10-06;"60+";9;9;9;9;9;9;9;9;9;9;9;9;42;42;42;42;42;42;42;42;42;42;42;42;1;1;1;1;1;1;1;1;1;1;1;9;40
2021-10-06;"alle";16;16;16;16;16;16;16;16;16;16;16;16;98;98;98;98;98;98;98;98;98;98;98;98;NA;NA;NA;NA;NA;NA;NA;NA;NA;NA;NA;16;93
2021-10-05;"0-60";16;16;16;16;16;16;16;16;16;16;16;16;60;60;60;60;60;60;60;60;60;60;60;60;1;1;1;1;1;1;1;1;1;1;1;15;57
2021-10-05;"60+";12;12;12;12;12;12;12;12;12;12;12;12;40;40;40;40;40;40;40;40;40;40;40;40;1;1;1;1;1;1;1;1;1;1;1;12;37
2021-10-05;"alle";28;28;28;28;28;28;28;28;28;28;28;28;100;100;100;100;100;100;100;100;100;100;100;100;NA;NA;NA;NA;NA;NA;NA;NA;NA;NA;NA;27;94
2021-10-04;"0-60";1;1;1;1;1;1;1;1;1;1;1;1;58;58;58;58;58;58;58;58;58;58;58;58;1;1;1;1;1;1;1;1;1;1;1;1;55
2021-10-04;"60+";0;0;0;0;0;0;0;0;0;0;0;0;40;40;40;40;40;40;40;40;40;40;40;40;1;1;1;1;1;1;1;1;1;1;1;0;37
2021-10-04;"alle";1;1;1;1;1;1;1;1;1;1;1;1;98;98;98;98;98;98;98;98;98;98;98;98;NA;NA;NA;NA;NA;NA;NA;NA;NA;NA;NA;1;92
2021-10-03;"0-60";0;0;0;0;0;0;0;0;0;0;0;0;57;57;57;57;57;57;57;57;57;57;57;57;1;1;1;1;1;1;1;1;1;1;1;0;54
2021-10-03;"60+";1;1;1;1;1;1;1;1;1;1;1;1;43;43;43;43;43;43;43;43;43;43;43;43;1;1;1;1;1;1;1;1;1;1;1;1;40
2021-10-03;"alle";1;1;1;1;1;1;1;1;1;1;1;1;100;100;100;100;100;100;100;100;100;100;100;100;NA;NA;NA;NA;NA;NA;NA;NA;NA;NA;NA;1;94
2021-10-02;"0-60";10;10;10;10;10;10;10;10;10;10;10;10;59;59;59;59;59;59;59;59;59;59;59;59;1;1;1;1;1;1;1;1;1;1;1;9;56
2021-10-02;"60+";7;7;7;7;7;7;7;7;7;7;7;7;43;43;43;43;43;43;43;43;43;43;43;43;1;1;1;1;1;1;1;1;1;1;1;5;40
2021-10-02;"alle";17;17;17;17;17;17;17;17;17;17;17;17;102;102;102;102;102;102;102;102;102;102;102;102;NA;NA;NA;NA;NA;NA;NA;NA;NA;NA;NA;14;96
2021-10-01;"0-60";11;11;11;11;11;11;11;11;11;11;11;11;62;62;62;62;62;62;62;62;62;62;62;62;1;1;1;1;1;1;1;1;1;1;1;10;60
2021-10-01;"60+";5;5;5;5;5;5;5;5;5;5;5;5;43;43;43;43;43;43;43;43;43;43;43;43;1;1;1;1;1;1;1;1;1;1;1;5;42
2021-10-01;"alle";16;16;16;16;16;16;16;16;16;16;16;16;105;105;105;105;105;105;105;105;105;105;105;105;NA;NA;NA;NA;NA;NA;NA;NA;NA;NA;NA;15;102
2021-09-30;"0-60";11;11;11;11;11;11;11;11;11;11;11;11;64;64;64;64;64;64;64;64;64;64;64;64;1;1;1;1;1;1;1;1;1;1;1;11;63
2021-09-30;"60+";8;8;8;8;8;8;8;8;8;8;8;8;43;43;43;43;43;43;43;43;43;43;43;43;1;1;1;1;1;1;1;1;1;1;1;8;42
2021-09-30;"alle";19;19;19;19;19;19;19;19;19;19;19;19;107;107;107;107;107;107;107;107;107;107;107;107;NA;NA;NA;NA;NA;NA;NA;NA;NA;NA;NA;19;105
2021-09-29;"0-60";11;11;11;11;11;11;11;11;11;11;11;11;68;68;68;68;68;68;68;68;68;68;68;68;1;1;1;1;1;1;1;1;1;1;1;11;66
2021-09-29;"60+";7;7;7;7;7;7;7;7;7;7;7;7;40;40;40;40;40;40;40;40;40;40;40;40;1;1;1;1;1;1;1;1;1;1;1;6;38
2021-09-29;"alle";18;18;18;18;18;18;18;18;18;18;18;18;108;108;108;108;108;108;108;108;108;108;108;108;NA;NA;NA;NA;NA;NA;NA;NA;NA;NA;NA;17;104
2021-09-28;"0-60";14;14;14;14;14;14;14;14;14;14;14;14;67;67;67;67;67;67;67;67;67;67;67;67;1;1;1;1;1;1;1;1;1;1;1;13;65
2021-09-28;"60+";12;12;12;12;12;12;12;12;12;12;12;12;46;46;46;46;46;46;46;46;46;46;46;46;1;1;1;1;1;1;1;1;1;1;1;12;44
2021-09-28;"alle";26;26;26;26;26;26;26;26;26;26;26;26;113;113;113;113;113;113;113;113;113;113;113;113;NA;NA;NA;NA;NA;NA;NA;NA;NA;NA;NA;25;109
2021-09-27;"0-60";0;0;0;0;0;0;0;0;0;0;0;0;65;65;65;65;65;65;65;65;65;65;65;65;1;1;1;1;1;1;1;1;1;1;1;0;64
2021-09-27;"60+";3;3;3;3;3;3;3;3;3;3;3;3;48;48;48;48;48;48;48;48;48;48;48;48;1;1;1;1;1;1;1;1;1;1;1;3;45
2021-09-27;"alle";3;3;3;3;3;3;3;3;3;3;3;3;113;113;113;113;113;113;113;113;113;113;113;113;NA;NA;NA;NA;NA;NA;NA;NA;NA;NA;NA;3;109
2021-09-26;"0-60";2;2;2;2;2;2;2;2;2;2;2;2;66;66;66;66;66;66;66;66;66;66;66;66;1;1;1;1;1;1;1;1;1;1;1;2;65
2021-09-26;"60+";1;1;1;1;1;1;1;1;1;1;1;1;45;45;45;45;45;45;45;45;45;45;45;45;1;1;1;1;1;1;1;1;1;1;1;1;42
2021-09-26;"alle";3;3;3;3;3;3;3;3;3;3;3;3;111;111;111;111;111;111;111;111;111;111;111;111;NA;NA;NA;NA;NA;NA;NA;NA;NA;NA;NA;3;107
2021-09-25;"0-60";13;13;13;13;13;13;13;13;13;13;13;13;66;66;66;66;66;66;66;66;66;66;66;66;1;1;1;1;1;1;1;1;1;1;1;13;65
2021-09-25;"60+";7;7;7;7;7;7;7;7;7;7;7;7;44;44;44;44;44;44;44;44;44;44;44;44;1;1;1;1;1;1;1;1;1;1;1;7;41
2021-09-25;"alle";20;20;20;20;20;20;20;20;20;20;20;20;110;110;110;110;110;110;110;110;110;110;110;110;NA;NA;NA;NA;NA;NA;NA;NA;NA;NA;NA;20;106
2021-09-24;"0-60";13;13;13;13;13;13;13;13;13;13;13;13;57;57;57;57;57;57;57;57;57;57;57;57;1;1;1;1;1;1;1;1;1;1;1;13;55
2021-09-24;"60+";5;5;5;5;5;5;5;5;5;5;5;5;40;40;40;40;40;40;40;40;40;40;40;40;1;1;1;1;1;1;1;1;1;1;1;5;37
2021-09-24;"alle";18;18;18;18;18;18;18;18;18;18;18;18;97;97;97;97;97;97;97;97;97;97;97;97;NA;NA;NA;NA;NA;NA;NA;NA;NA;NA;NA;18;92
2021-09-23;"0-60";15;15;15;15;15;15;15;15;15;15;15;15;55;55;55;55;55;55;55;55;55;55;55;55;1;1;1;1;1;1;1;1;1;1;1;14;53
2021-09-23;"60+";5;5;5;5;5;5;5;5;5;5;5;5;40;40;40;40;40;40;40;40;40;40;40;40;1;1;1;1;1;1;1;1;1;1;1;4;37
2021-09-23;"alle";20;20;20;20;20;20;20;20;20;20;20;20;95;95;95;95;95;95;95;95;95;95;95;95;NA;NA;NA;NA;NA;NA;NA;NA;NA;NA;NA;18;90
2021-09-22;"0-60";10;10;10;10;10;10;10;10;10;10;10;10;50;50;50;50;50;50;50;50;50;50;50;50;1;1;1;1;1;1;1;1;1;1;1;10;49
2021-09-22;"60+";13;13;13;13;13;13;13;13;13;13;13;13;44;44;44;44;44;44;44;44;44;44;44;44;1;1;1;1;1;1;1;1;1;1;1;12;42
2021-09-22;"alle";23;23;23;23;23;23;23;23;23;23;23;23;94;94;94;94;94;94;94;94;94;94;94;94;NA;NA;NA;NA;NA;NA;NA;NA;NA;NA;NA;22;91
2021-09-21;"0-60";12;12;12;12;12;12;12;12;12;12;12;12;56;56;56;56;56;56;56;56;56;56;56;56;1;1;1;1;1;1;1;1;1;1;1;12;55
2021-09-21;"60+";14;14;14;14;14;14;14;14;14;14;14;14;39;39;39;39;39;39;39;39;39;39;39;39;1;1;1;1;1;1;1;1;1;1;1;13;38
2021-09-21;"alle";26;26;26;26;26;26;26;26;26;26;26;26;95;95;95;95;95;95;95;95;95;95;95;95;NA;NA;NA;NA;NA;NA;NA;NA;NA;NA;NA;25;93
2021-09-20;"0-60";1;1;1;1;1;1;1;1;1;1;1;1;66;66;66;66;66;66;66;66;66;66;66;66;1;1;1;1;1;1;1;1;1;1;1;1;64
2021-09-20;"60+";0;0;0;0;0;0;0;0;0;0;0;0;34;34;34;34;34;34;34;34;34;34;34;34;1;1;1;1;1;1;1;1;1;1;1;0;34
2021-09-20;"alle";1;1;1;1;1;1;1;1;1;1;1;1;100;100;100;100;100;100;100;100;100;100;100;100;NA;NA;NA;NA;NA;NA;NA;NA;NA;NA;NA;1;98
2021-09-19;"0-60";2;2;2;2;2;2;2;2;2;2;2;2;66;66;66;66;66;66;66;66;66;66;66;66;1;1;1;1;1;1;1;1;1;1;1;2;64
2021-09-19;"60+";0;0;0;0;0;0;0;0;0;0;0;0;34;34;34;34;34;34;34;34;34;34;34;34;1;1;1;1;1;1;1;1;1;1;1;0;34
2021-09-19;"alle";2;2;2;2;2;2;2;2;2;2;2;2;100;100;100;100;100;100;100;100;100;100;100;100;NA;NA;NA;NA;NA;NA;NA;NA;NA;NA;NA;2;98
2021-09-18;"0-60";4;4;4;4;4;4;4;4;4;4;4;4;65;65;65;65;65;65;65;65;65;65;65;65;1;1;1;1;1;1;1;1;1;1;1;3;63
2021-09-18;"60+";3;3;3;3;3;3;3;3;3;3;3;3;36;36;36;36;36;36;36;36;36;36;36;36;1;1;1;1;1;1;1;1;1;1;1;3;36
2021-09-18;"alle";7;7;7;7;7;7;7;7;7;7;7;7;101;101;101;101;101;101;101;101;101;101;101;101;NA;NA;NA;NA;NA;NA;NA;NA;NA;NA;NA;6;99
2021-09-17;"0-60";11;11;11;11;11;11;11;11;11;11;11;11;67;67;67;67;67;67;67;67;67;67;67;67;1;1;1;1;1;1;1;1;1;1;1;11;66
2021-09-17;"60+";5;5;5;5;5;5;5;5;5;5;5;5;41;41;41;41;41;41;41;41;41;41;41;41;1;1;1;1;1;1;1;1;1;1;1;5;41
2021-09-17;"alle";16;16;16;16;16;16;16;16;16;16;16;16;108;108;108;108;108;108;108;108;108;108;108;108;NA;NA;NA;NA;NA;NA;NA;NA;NA;NA;NA;16;107
2021-09-16;"0-60";10;10;10;10;10;10;10;10;10;10;10;10;63;63;63;63;63;63;63;63;63;63;63;63;1;1;1;1;1;1;1;1;1;1;1;10;62
2021-09-16;"60+";9;9;9;9;9;9;9;9;9;9;9;9;41;41;41;41;41;41;41;41;41;41;41;41;1;1;1;1;1;1;1;1;1;1;1;9;41
2021-09-16;"alle";19;19;19;19;19;19;19;19;19;19;19;19;104;104;104;104;104;104;104;104;104;104;104;104;NA;NA;NA;NA;NA;NA;NA;NA;NA;NA;NA;19;103
2021-09-15;"0-60";16;16;16;16;16;16;16;16;16;16;16;16;65;65;65;65;65;65;65;65;65;65;65;65;1;1;1;1;1;1;1;1;1;1;1;16;64
2021-09-15;"60+";8;8;8;8;8;8;8;8;8;8;8;8;41;41;41;41;41;41;41;41;41;41;41;41;1;1;1;1;1;1;1;1;1;1;1;8;41
2021-09-15;"alle";24;24;24;24;24;24;24;24;24;24;24;24;106;106;106;106;106;106;106;106;106;106;106;106;NA;NA;NA;NA;NA;NA;NA;NA;NA;NA;NA;24;105
2021-09-14;"0-60";22;22;22;22;22;22;22;22;22;22;22;22;59;59;59;59;59;59;59;59;59;59;59;59;1;1;1;1;1;1;1;1;1;1;1;21;57
2021-09-14;"60+";9;9;9;9;9;9;9;9;9;9;9;9;45;45;45;45;45;45;45;45;45;45;45;45;1;1;1;1;1;1;1;1;1;1;1;9;45
2021-09-14;"alle";31;31;31;31;31;31;31;31;31;31;31;31;104;104;104;104;104;104;104;104;104;104;104;104;NA;NA;NA;NA;NA;NA;NA;NA;NA;NA;NA;30;102
2021-09-13;"0-60";1;1;1;1;1;1;1;1;1;1;1;1;51;51;51;51;51;51;51;51;51;51;51;51;1;1;1;1;1;1;1;1;1;1;1;1;49
2021-09-13;"60+";0;0;0;0;0;0;0;0;0;0;0;0;44;44;44;44;44;44;44;44;44;44;44;44;1;1;1;1;1;1;1;1;1;1;1;0;44
2021-09-13;"alle";1;1;1;1;1;1;1;1;1;1;1;1;95;95;95;95;95;95;95;95;95;95;95;95;NA;NA;NA;NA;NA;NA;NA;NA;NA;NA;NA;1;93
2021-09-12;"0-60";1;1;1;1;1;1;1;1;1;1;1;1;50;50;50;50;50;50;50;50;50;50;50;50;1;1;1;1;1;1;1;1;1;1;1;1;48
2021-09-12;"60+";2;2;2;2;2;2;2;2;2;2;2;2;44;44;44;44;44;44;44;44;44;44;44;44;1;1;1;1;1;1;1;1;1;1;1;2;44
2021-09-12;"alle";3;3;3;3;3;3;3;3;3;3;3;3;94;94;94;94;94;94;94;94;94;94;94;94;NA;NA;NA;NA;NA;NA;NA;NA;NA;NA;NA;3;92
2021-09-11;"0-60";6;6;6;6;6;6;6;6;6;6;6;6;51;51;51;51;51;51;51;51;51;51;51;51;1;1;1;1;1;1;1;1;1;1;1;6;49
2021-09-11;"60+";8;8;8;8;8;8;8;8;8;8;8;8;42;42;42;42;42;42;42;42;42;42;42;42;1;1;1;1;1;1;1;1;1;1;1;8;42
2021-09-11;"alle";14;14;14;14;14;14;14;14;14;14;14;14;93;93;93;93;93;93;93;93;93;93;93;93;NA;NA;NA;NA;NA;NA;NA;NA;NA;NA;NA;14;91
2021-09-10;"0-60";7;7;7;7;7;7;7;7;7;7;7;7;53;53;53;53;53;53;53;53;53;53;53;53;1;1;1;1;1;1;1;1;1;1;1;7;50
2021-09-10;"60+";5;5;5;5;5;5;5;5;5;5;5;5;43;43;43;43;43;43;43;43;43;43;43;43;1;1;1;1;1;1;1;1;1;1;1;5;42
2021-09-10;"alle";12;12;12;12;12;12;12;12;12;12;12;12;96;96;96;96;96;96;96;96;96;96;96;96;NA;NA;NA;NA;NA;NA;NA;NA;NA;NA;NA;12;92
2021-09-09;"0-60";12;12;12;12;12;12;12;12;12;12;12;12;65;65;65;65;65;65;65;65;65;65;65;65;1;1;1;1;1;1;1;1;1;1;1;12;62
2021-09-09;"60+";9;9;9;9;9;9;9;9;9;9;9;9;41;41;41;41;41;41;41;41;41;41;41;41;1;1;1;1;1;1;1;1;1;1;1;9;40
2021-09-09;"alle";21;21;21;21;21;21;21;21;21;21;21;21;106;106;106;106;106;106;106;106;106;106;106;106;NA;NA;NA;NA;NA;NA;NA;NA;NA;NA;NA;21;102
2021-09-08;"0-60";10;10;10;10;10;10;10;10;10;10;10;10;65;65;65;65;65;65;65;65;65;65;65;65;1;1;1;1;1;1;1;1;1;1;1;9;61
2021-09-08;"60+";12;12;12;12;12;12;12;12;12;12;12;12;38;38;38;38;38;38;38;38;38;38;38;38;1;1;1;1;1;1;1;1;1;1;1;12;36
2021-09-08;"alle";22;22;22;22;22;22;22;22;22;22;22;22;103;103;103;103;103;103;103;103;103;103;103;103;NA;NA;NA;NA;NA;NA;NA;NA;NA;NA;NA;21;97
2021-09-07;"0-60";14;14;14;14;14;14;14;14;14;14;14;14;65;65;65;65;65;65;65;65;65;65;65;65;1;1;1;1;1;1;1;1;1;1;1;13;60
2021-09-07;"60+";8;8;8;8;8;8;8;8;8;8;8;8;37;37;37;37;37;37;37;37;37;37;37;37;1;1;1;1;1;1;1;1;1;1;1;8;35
2021-09-07;"alle";22;22;22;22;22;22;22;22;22;22;22;22;102;102;102;102;102;102;102;102;102;102;102;102;NA;NA;NA;NA;NA;NA;NA;NA;NA;NA;NA;21;95
2021-09-06;"0-60";0;0;0;0;0;0;0;0;0;0;0;0;65;65;65;65;65;65;65;65;65;65;65;65;1;1;1;1;1;1;1;1;1;1;1;0;60
2021-09-06;"60+";0;0;0;0;0;0;0;0;0;0;0;0;37;37;37;37;37;37;37;37;37;37;37;37;1;1;1;1;1;1;1;1;1;1;1;0;35
2021-09-06;"alle";0;0;0;0;0;0;0;0;0;0;0;0;102;102;102;102;102;102;102;102;102;102;102;102;NA;NA;NA;NA;NA;NA;NA;NA;NA;NA;NA;0;95
2021-09-05;"0-60";2;2;2;2;2;2;2;2;2;2;2;2;67;67;67;67;67;67;67;67;67;67;67;67;1;1;1;1;1;1;1;1;1;1;1;2;62
2021-09-05;"60+";0;0;0;0;0;0;0;0;0;0;0;0;39;39;39;39;39;39;39;39;39;39;39;39;1;1;1;1;1;1;1;1;1;1;1;0;37
2021-09-05;"alle";2;2;2;2;2;2;2;2;2;2;2;2;106;106;106;106;106;106;106;106;106;106;106;106;NA;NA;NA;NA;NA;NA;NA;NA;NA;NA;NA;2;99
2021-09-04;"0-60";8;8;8;8;8;8;8;8;8;8;8;8;68;68;68;68;68;68;68;68;68;68;68;68;1;1;1;1;1;1;1;1;1;1;1;7;63
2021-09-04;"60+";9;9;9;9;9;9;9;9;9;9;9;9;42;42;42;42;42;42;42;42;42;42;42;42;1;1;1;1;1;1;1;1;1;1;1;8;40
2021-09-04;"alle";17;17;17;17;17;17;17;17;17;17;17;17;110;110;110;110;110;110;110;110;110;110;110;110;NA;NA;NA;NA;NA;NA;NA;NA;NA;NA;NA;15;103
2021-09-03;"0-60";19;19;19;19;19;19;19;19;19;19;19;19;65;65;65;65;65;65;65;65;65;65;65;65;1;1;1;1;1;1;1;1;1;1;1;19;61
2021-09-03;"60+";3;3;3;3;3;3;3;3;3;3;3;3;39;39;39;39;39;39;39;39;39;39;39;39;1;1;1;1;1;1;1;1;1;1;1;3;38
2021-09-03;"alle";22;22;22;22;22;22;22;22;22;22;22;22;104;104;104;104;104;104;104;104;104;104;104;104;NA;NA;NA;NA;NA;NA;NA;NA;NA;NA;NA;22;99
2021-09-02;"0-60";12;12;12;12;12;12;12;12;12;12;12;12;54;54;54;54;54;54;54;54;54;54;54;54;1;1;1;1;1;1;1;1;1;1;1;11;49
2021-09-02;"60+";6;6;6;6;6;6;6;6;6;6;6;6;40;40;40;40;40;40;40;40;40;40;40;40;1;1;1;1;1;1;1;1;1;1;1;5;39
2021-09-02;"alle";18;18;18;18;18;18;18;18;18;18;18;18;94;94;94;94;94;94;94;94;94;94;94;94;NA;NA;NA;NA;NA;NA;NA;NA;NA;NA;NA;16;88
2021-09-01;"0-60";10;10;10;10;10;10;10;10;10;10;10;10;51;51;51;51;51;51;51;51;51;51;51;51;1;1;1;1;1;1;1;1;1;1;1;8;46
2021-09-01;"60+";11;11;11;11;11;11;11;11;11;11;11;11;40;40;40;40;40;40;40;40;40;40;40;40;1;1;1;1;1;1;1;1;1;1;1;11;40
2021-09-01;"alle";21;21;21;21;21;21;21;21;21;21;21;21;91;91;91;91;91;91;91;91;91;91;91;91;NA;NA;NA;NA;NA;NA;NA;NA;NA;NA;NA;19;86
2021-08-31;"0-60";14;14;14;14;14;14;14;14;14;14;14;14;58;58;58;58;58;58;58;58;58;58;58;58;1;1;1;1;1;1;1;1;1;1;1;13;55
2021-08-31;"60+";8;8;8;8;8;8;8;8;8;8;8;8;39;39;39;39;39;39;39;39;39;39;39;39;1;1;1;1;1;1;1;1;1;1;1;8;38
2021-08-31;"alle";22;22;22;22;22;22;22;22;22;22;22;22;97;97;97;97;97;97;97;97;97;97;97;97;NA;NA;NA;NA;NA;NA;NA;NA;NA;NA;NA;21;93
2021-08-30;"0-60";2;2;2;2;2;2;2;2;2;2;2;2;65;65;65;65;65;65;65;65;65;65;65;65;1;1;1;1;1;1;1;1;1;1;1;2;63
2021-08-30;"60+";2;2;2;2;2;2;2;2;2;2;2;2;37;37;37;37;37;37;37;37;37;37;37;37;1;1;1;1;1;1;1;1;1;1;1;2;36
2021-08-30;"alle";4;4;4;4;4;4;4;4;4;4;4;4;102;102;102;102;102;102;102;102;102;102;102;102;NA;NA;NA;NA;NA;NA;NA;NA;NA;NA;NA;4;99
2021-08-29;"0-60";3;3;3;3;3;3;3;3;3;3;3;3;64;64;64;64;64;64;64;64;64;64;64;64;1;1;1;1;1;1;1;1;1;1;1;3;62
2021-08-29;"60+";3;3;3;3;3;3;3;3;3;3;3;3;35;35;35;35;35;35;35;35;35;35;35;35;1;1;1;1;1;1;1;1;1;1;1;3;34
2021-08-29;"alle";6;6;6;6;6;6;6;6;6;6;6;6;99;99;99;99;99;99;99;99;99;99;99;99;NA;NA;NA;NA;NA;NA;NA;NA;NA;NA;NA;6;96
2021-08-28;"0-60";5;5;5;5;5;5;5;5;5;5;5;5;64;64;64;64;64;64;64;64;64;64;64;64;1;1;1;1;1;1;1;1;1;1;1;5;62
2021-08-28;"60+";6;6;6;6;6;6;6;6;6;6;6;6;32;32;32;32;32;32;32;32;32;32;32;32;1;1;1;1;1;1;1;1;1;1;1;6;31
2021-08-28;"alle";11;11;11;11;11;11;11;11;11;11;11;11;96;96;96;96;96;96;96;96;96;96;96;96;NA;NA;NA;NA;NA;NA;NA;NA;NA;NA;NA;11;93
2021-08-27;"0-60";8;8;8;8;8;8;8;8;8;8;8;8;62;62;62;62;62;62;62;62;62;62;62;62;1;1;1;1;1;1;1;1;1;1;1;7;60
2021-08-27;"60+";4;4;4;4;4;4;4;4;4;4;4;4;29;29;29;29;29;29;29;29;29;29;29;29;1;1;1;1;1;1;1;1;1;1;1;4;28
2021-08-27;"alle";12;12;12;12;12;12;12;12;12;12;12;12;91;91;91;91;91;91;91;91;91;91;91;91;NA;NA;NA;NA;NA;NA;NA;NA;NA;NA;NA;11;88
2021-08-26;"0-60";9;9;9;9;9;9;9;9;9;9;9;9;62;62;62;62;62;62;62;62;62;62;62;62;1;1;1;1;1;1;1;1;1;1;1;8;60
2021-08-26;"60+";6;6;6;6;6;6;6;6;6;6;6;6;27;27;27;27;27;27;27;27;27;27;27;27;1;1;1;1;1;1;1;1;1;1;1;6;26
2021-08-26;"alle";15;15;15;15;15;15;15;15;15;15;15;15;89;89;89;89;89;89;89;89;89;89;89;89;NA;NA;NA;NA;NA;NA;NA;NA;NA;NA;NA;14;86
2021-08-25;"0-60";17;17;17;17;17;17;17;17;17;17;17;17;63;63;63;63;63;63;63;63;63;63;63;63;1;1;1;1;1;1;1;1;1;1;1;17;62
2021-08-25;"60+";10;10;10;10;10;10;10;10;10;10;10;10;26;26;26;26;26;26;26;26;26;26;26;26;1;1;1;1;1;1;1;1;1;1;1;9;25
2021-08-25;"alle";27;27;27;27;27;27;27;27;27;27;27;27;89;89;89;89;89;89;89;89;89;89;89;89;NA;NA;NA;NA;NA;NA;NA;NA;NA;NA;NA;26;87
2021-08-24;"0-60";21;21;21;21;21;21;21;21;21;21;21;21;55;55;55;55;55;55;55;55;55;55;55;55;1;1;1;1;1;1;1;1;1;1;1;21;53
2021-08-24;"60+";6;6;6;6;6;6;6;6;6;6;6;6;21;21;21;21;21;21;21;21;21;21;21;21;1;1;1;1;1;1;1;1;1;1;1;6;21
2021-08-24;"alle";27;27;27;27;27;27;27;27;27;27;27;27;76;76;76;76;76;76;76;76;76;76;76;76;NA;NA;NA;NA;NA;NA;NA;NA;NA;NA;NA;27;74
2021-08-23;"0-60";1;1;1;1;1;1;1;1;1;1;1;1;52;52;52;52;52;52;52;52;52;52;52;52;1;1;1;1;1;1;1;1;1;1;1;1;49
2021-08-23;"60+";0;0;0;0;0;0;0;0;0;0;0;0;24;24;24;24;24;24;24;24;24;24;24;24;1;1;1;1;1;1;1;1;1;1;1;0;24
2021-08-23;"alle";1;1;1;1;1;1;1;1;1;1;1;1;76;76;76;76;76;76;76;76;76;76;76;76;NA;NA;NA;NA;NA;NA;NA;NA;NA;NA;NA;1;73
2021-08-22;"0-60";3;3;3;3;3;3;3;3;3;3;3;3;54;54;54;54;54;54;54;54;54;54;54;54;1;1;1;1;1;1;1;1;1;1;1;3;51
2021-08-22;"60+";0;0;0;0;0;0;0;0;0;0;0;0;26;26;26;26;26;26;26;26;26;26;26;26;1;1;1;1;1;1;1;1;1;1;1;0;26
2021-08-22;"alle";3;3;3;3;3;3;3;3;3;3;3;3;80;80;80;80;80;80;80;80;80;80;80;80;NA;NA;NA;NA;NA;NA;NA;NA;NA;NA;NA;3;77
2021-08-21;"0-60";3;3;3;3;3;3;3;3;3;3;3;3;53;53;53;53;53;53;53;53;53;53;53;53;1;1;1;1;1;1;1;1;1;1;1;3;50
2021-08-21;"60+";3;3;3;3;3;3;3;3;3;3;3;3;27;27;27;27;27;27;27;27;27;27;27;27;1;1;1;1;1;1;1;1;1;1;1;3;27
2021-08-21;"alle";6;6;6;6;6;6;6;6;6;6;6;6;80;80;80;80;80;80;80;80;80;80;80;80;NA;NA;NA;NA;NA;NA;NA;NA;NA;NA;NA;6;77
2021-08-20;"0-60";8;8;8;8;8;8;8;8;8;8;8;8;54;54;54;54;54;54;54;54;54;54;54;54;1;1;1;1;1;1;1;1;1;1;1;7;51
2021-08-20;"60+";2;2;2;2;2;2;2;2;2;2;2;2;27;27;27;27;27;27;27;27;27;27;27;27;1;1;1;1;1;1;1;1;1;1;1;2;27
2021-08-20;"alle";10;10;10;10;10;10;10;10;10;10;10;10;81;81;81;81;81;81;81;81;81;81;81;81;NA;NA;NA;NA;NA;NA;NA;NA;NA;NA;NA;9;78
2021-08-19;"0-60";10;10;10;10;10;10;10;10;10;10;10;10;52;52;52;52;52;52;52;52;52;52;52;52;1;1;1;1;1;1;1;1;1;1;1;10;50
2021-08-19;"60+";5;5;5;5;5;5;5;5;5;5;5;5;28;28;28;28;28;28;28;28;28;28;28;28;1;1;1;1;1;1;1;1;1;1;1;5;28
2021-08-19;"alle";15;15;15;15;15;15;15;15;15;15;15;15;80;80;80;80;80;80;80;80;80;80;80;80;NA;NA;NA;NA;NA;NA;NA;NA;NA;NA;NA;15;78
2021-08-18;"0-60";9;9;9;9;9;9;9;9;9;9;9;9;56;56;56;56;56;56;56;56;56;56;56;56;1;1;1;1;1;1;1;1;1;1;1;8;53
2021-08-18;"60+";5;5;5;5;5;5;5;5;5;5;5;5;26;26;26;26;26;26;26;26;26;26;26;26;1;1;1;1;1;1;1;1;1;1;1;5;26
2021-08-18;"alle";14;14;14;14;14;14;14;14;14;14;14;14;82;82;82;82;82;82;82;82;82;82;82;82;NA;NA;NA;NA;NA;NA;NA;NA;NA;NA;NA;13;79
2021-08-17;"0-60";18;18;18;18;18;18;18;18;18;18;18;18;65;65;65;65;65;65;65;65;65;65;65;65;1;1;1;1;1;1;1;1;1;1;1;17;62
2021-08-17;"60+";9;9;9;9;9;9;9;9;9;9;9;9;23;23;23;23;23;23;23;23;23;23;23;23;1;1;1;1;1;1;1;1;1;1;1;9;23
2021-08-17;"alle";27;27;27;27;27;27;27;27;27;27;27;27;88;88;88;88;88;88;88;88;88;88;88;88;NA;NA;NA;NA;NA;NA;NA;NA;NA;NA;NA;26;85
2021-08-16;"0-60";3;3;3;3;3;3;3;3;3;3;3;3;67;67;67;67;67;67;67;67;67;67;67;67;1;1;1;1;1;1;1;1;1;1;1;3;65
2021-08-16;"60+";2;2;2;2;2;2;2;2;2;2;2;2;20;20;20;20;20;20;20;20;20;20;20;20;1;1;1;1;1;1;1;1;1;1;1;2;20
2021-08-16;"alle";5;5;5;5;5;5;5;5;5;5;5;5;87;87;87;87;87;87;87;87;87;87;87;87;NA;NA;NA;NA;NA;NA;NA;NA;NA;NA;NA;5;85
2021-08-15;"0-60";2;2;2;2;2;2;2;2;2;2;2;2;65;65;65;65;65;65;65;65;65;65;65;65;1;1;1;1;1;1;1;1;1;1;1;2;63
2021-08-15;"60+";1;1;1;1;1;1;1;1;1;1;1;1;19;19;19;19;19;19;19;19;19;19;19;19;1;1;1;1;1;1;1;1;1;1;1;1;19
2021-08-15;"alle";3;3;3;3;3;3;3;3;3;3;3;3;84;84;84;84;84;84;84;84;84;84;84;84;NA;NA;NA;NA;NA;NA;NA;NA;NA;NA;NA;3;82
2021-08-14;"0-60";4;4;4;4;4;4;4;4;4;4;4;4;65;65;65;65;65;65;65;65;65;65;65;65;1;1;1;1;1;1;1;1;1;1;1;4;63
2021-08-14;"60+";3;3;3;3;3;3;3;3;3;3;3;3;18;18;18;18;18;18;18;18;18;18;18;18;1;1;1;1;1;1;1;1;1;1;1;3;18
2021-08-14;"alle";7;7;7;7;7;7;7;7;7;7;7;7;83;83;83;83;83;83;83;83;83;83;83;83;NA;NA;NA;NA;NA;NA;NA;NA;NA;NA;NA;7;81
2021-08-13;"0-60";6;6;6;6;6;6;6;6;6;6;6;6;69;69;69;69;69;69;69;69;69;69;69;69;1;1;1;1;1;1;1;1;1;1;1;6;67
2021-08-13;"60+";3;3;3;3;3;3;3;3;3;3;3;3;15;15;15;15;15;15;15;15;15;15;15;15;1;1;1;1;1;1;1;1;1;1;1;3;15
2021-08-13;"alle";9;9;9;9;9;9;9;9;9;9;9;9;84;84;84;84;84;84;84;84;84;84;84;84;NA;NA;NA;NA;NA;NA;NA;NA;NA;NA;NA;9;82
2021-08-12;"0-60";14;14;14;14;14;14;14;14;14;14;14;14;71;71;71;71;71;71;71;71;71;71;71;71;1;1;1;1;1;1;1;1;1;1;1;13;69
2021-08-12;"60+";3;3;3;3;3;3;3;3;3;3;3;3;15;15;15;15;15;15;15;15;15;15;15;15;1;1;1;1;1;1;1;1;1;1;1;3;15
2021-08-12;"alle";17;17;17;17;17;17;17;17;17;17;17;17;86;86;86;86;86;86;86;86;86;86;86;86;NA;NA;NA;NA;NA;NA;NA;NA;NA;NA;NA;16;84
2021-08-11;"0-60";18;18;18;18;18;18;18;18;18;18;18;18;64;64;64;64;64;64;64;64;64;64;64;64;1;1;1;1;1;1;1;1;1;1;1;17;62
2021-08-11;"60+";2;2;2;2;2;2;2;2;2;2;2;2;13;13;13;13;13;13;13;13;13;13;13;13;1;1;1;1;1;1;1;1;1;1;1;2;13
2021-08-11;"alle";20;20;20;20;20;20;20;20;20;20;20;20;77;77;77;77;77;77;77;77;77;77;77;77;NA;NA;NA;NA;NA;NA;NA;NA;NA;NA;NA;19;75
2021-08-10;"0-60";20;20;20;20;20;20;20;20;20;20;20;20;53;53;53;53;53;53;53;53;53;53;53;53;1;1;1;1;1;1;1;1;1;1;1;20;52
2021-08-10;"60+";6;6;6;6;6;6;6;6;6;6;6;6;11;11;11;11;11;11;11;11;11;11;11;11;1;1;1;1;1;1;1;1;1;1;1;6;11
2021-08-10;"alle";26;26;26;26;26;26;26;26;26;26;26;26;64;64;64;64;64;64;64;64;64;64;64;64;NA;NA;NA;NA;NA;NA;NA;NA;NA;NA;NA;26;63
2021-08-09;"0-60";1;1;1;1;1;1;1;1;1;1;1;1;42;42;42;42;42;42;42;42;42;42;42;42;1;1;1;1;1;1;1;1;1;1;1;1;41
2021-08-09;"60+";1;1;1;1;1;1;1;1;1;1;1;1;10;10;10;10;10;10;10;10;10;10;10;10;1;1;1;1;1;1;1;1;1;1;1;1;10
2021-08-09;"alle";2;2;2;2;2;2;2;2;2;2;2;2;52;52;52;52;52;52;52;52;52;52;52;52;NA;NA;NA;NA;NA;NA;NA;NA;NA;NA;NA;2;51
2021-08-08;"0-60";2;2;2;2;2;2;2;2;2;2;2;2;41;41;41;41;41;41;41;41;41;41;41;41;1;1;1;1;1;1;1;1;1;1;1;2;40
2021-08-08;"60+";0;0;0;0;0;0;0;0;0;0;0;0;9;9;9;9;9;9;9;9;9;9;9;9;1;1;1;1;1;1;1;1;1;1;1;0;9
2021-08-08;"alle";2;2;2;2;2;2;2;2;2;2;2;2;50;50;50;50;50;50;50;50;50;50;50;50;NA;NA;NA;NA;NA;NA;NA;NA;NA;NA;NA;2;49
2021-08-07;"0-60";8;8;8;8;8;8;8;8;8;8;8;8;39;39;39;39;39;39;39;39;39;39;39;39;1;1;1;1;1;1;1;1;1;1;1;8;38
2021-08-07;"60+";0;0;0;0;0;0;0;0;0;0;0;0;9;9;9;9;9;9;9;9;9;9;9;9;1;1;1;1;1;1;1;1;1;1;1;0;9
2021-08-07;"alle";8;8;8;8;8;8;8;8;8;8;8;8;48;48;48;48;48;48;48;48;48;48;48;48;NA;NA;NA;NA;NA;NA;NA;NA;NA;NA;NA;8;47
2021-08-06;"0-60";8;8;8;8;8;8;8;8;8;8;8;8;36;36;36;36;36;36;36;36;36;36;36;36;1;1;1;1;1;1;1;1;1;1;1;8;35
2021-08-06;"60+";3;3;3;3;3;3;3;3;3;3;3;3;13;13;13;13;13;13;13;13;13;13;13;13;1;1;1;1;1;1;1;1;1;1;1;3;13
2021-08-06;"alle";11;11;11;11;11;11;11;11;11;11;11;11;49;49;49;49;49;49;49;49;49;49;49;49;NA;NA;NA;NA;NA;NA;NA;NA;NA;NA;NA;11;48
2021-08-05;"0-60";7;7;7;7;7;7;7;7;7;7;7;7;31;31;31;31;31;31;31;31;31;31;31;31;1;1;1;1;1;1;1;1;1;1;1;6;30
2021-08-05;"60+";1;1;1;1;1;1;1;1;1;1;1;1;11;11;11;11;11;11;11;11;11;11;11;11;1;1;1;1;1;1;1;1;1;1;1;1;11
2021-08-05;"alle";8;8;8;8;8;8;8;8;8;8;8;8;42;42;42;42;42;42;42;42;42;42;42;42;NA;NA;NA;NA;NA;NA;NA;NA;NA;NA;NA;7;41
2021-08-04;"0-60";7;7;7;7;7;7;7;7;7;7;7;7;28;28;28;28;28;28;28;28;28;28;28;28;1;1;1;1;1;1;1;1;1;1;1;7;28
2021-08-04;"60+";0;0;0;0;0;0;0;0;0;0;0;0;10;10;10;10;10;10;10;10;10;10;10;10;1;1;1;1;1;1;1;1;1;1;1;0;10
2021-08-04;"alle";7;7;7;7;7;7;7;7;7;7;7;7;38;38;38;38;38;38;38;38;38;38;38;38;NA;NA;NA;NA;NA;NA;NA;NA;NA;NA;NA;7;38
2021-08-03;"0-60";9;9;9;9;9;9;9;9;9;9;9;9;21;21;21;21;21;21;21;21;21;21;21;21;1;1;1;1;1;1;1;1;1;1;1;9;21
2021-08-03;"60+";5;5;5;5;5;5;5;5;5;5;5;5;12;12;12;12;12;12;12;12;12;12;12;12;1;1;1;1;1;1;1;1;1;1;1;5;12
2021-08-03;"alle";14;14;14;14;14;14;14;14;14;14;14;14;33;33;33;33;33;33;33;33;33;33;33;33;NA;NA;NA;NA;NA;NA;NA;NA;NA;NA;NA;14;33
2021-08-02;"0-60";0;0;0;0;0;0;0;0;0;0;0;0;21;21;21;21;21;21;21;21;21;21;21;21;1;1;1;1;1;1;1;1;1;1;1;0;21
2021-08-02;"60+";0;0;0;0;0;0;0;0;0;0;0;0;10;10;10;10;10;10;10;10;10;10;10;10;1;1;1;1;1;1;1;1;1;1;1;0;10
2021-08-02;"alle";0;0;0;0;0;0;0;0;0;0;0;0;31;31;31;31;31;31;31;31;31;31;31;31;NA;NA;NA;NA;NA;NA;NA;NA;NA;NA;NA;0;31
2021-08-01;"0-60";0;0;0;0;0;0;0;0;0;0;0;0;21;21;21;21;21;21;21;21;21;21;21;21;1;1;1;1;1;1;1;1;1;1;1;0;21
2021-08-01;"60+";0;0;0;0;0;0;0;0;0;0;0;0;10;10;10;10;10;10;10;10;10;10;10;10;1;1;1;1;1;1;1;1;1;1;1;0;10
2021-08-01;"alle";0;0;0;0;0;0;0;0;0;0;0;0;31;31;31;31;31;31;31;31;31;31;31;31;NA;NA;NA;NA;NA;NA;NA;NA;NA;NA;NA;0;31
2021-07-31;"0-60";5;5;5;5;5;5;5;5;5;5;5;5;21;21;21;21;21;21;21;21;21;21;21;21;1;1;1;1;1;1;1;1;1;1;1;5;21
2021-07-31;"60+";4;4;4;4;4;4;4;4;4;4;4;4;11;11;11;11;11;11;11;11;11;11;11;11;1;1;1;1;1;1;1;1;1;1;1;4;11
2021-07-31;"alle";9;9;9;9;9;9;9;9;9;9;9;9;32;32;32;32;32;32;32;32;32;32;32;32;NA;NA;NA;NA;NA;NA;NA;NA;NA;NA;NA;9;32
2021-07-30;"0-60";3;3;3;3;3;3;3;3;3;3;3;3;20;20;20;20;20;20;20;20;20;20;20;20;1;1;1;1;1;1;1;1;1;1;1;3;20
2021-07-30;"60+";1;1;1;1;1;1;1;1;1;1;1;1;10;10;10;10;10;10;10;10;10;10;10;10;1;1;1;1;1;1;1;1;1;1;1;1;10
2021-07-30;"alle";4;4;4;4;4;4;4;4;4;4;4;4;30;30;30;30;30;30;30;30;30;30;30;30;NA;NA;NA;NA;NA;NA;NA;NA;NA;NA;NA;4;30
2021-07-29;"0-60";4;4;4;4;4;4;4;4;4;4;4;4;21;21;21;21;21;21;21;21;21;21;21;21;1;1;1;1;1;1;1;1;1;1;1;4;21
2021-07-29;"60+";0;0;0;0;0;0;0;0;0;0;0;0;9;9;9;9;9;9;9;9;9;9;9;9;1;1;1;1;1;1;1;1;1;1;1;0;9
2021-07-29;"alle";4;4;4;4;4;4;4;4;4;4;4;4;30;30;30;30;30;30;30;30;30;30;30;30;NA;NA;NA;NA;NA;NA;NA;NA;NA;NA;NA;4;30
2021-07-28;"0-60";0;0;0;0;0;0;0;0;0;0;0;0;21;21;21;21;21;21;21;21;21;21;21;21;1;1;1;1;1;1;1;1;1;1;1;0;21
2021-07-28;"60+";2;2;2;2;2;2;2;2;2;2;2;2;9;9;9;9;9;9;9;9;9;9;9;9;1;1;1;1;1;1;1;1;1;1;1;2;9
2021-07-28;"alle";2;2;2;2;2;2;2;2;2;2;2;2;30;30;30;30;30;30;30;30;30;30;30;30;NA;NA;NA;NA;NA;NA;NA;NA;NA;NA;NA;2;30
2021-07-27;"0-60";9;9;9;9;9;9;9;9;9;9;9;9;26;26;26;26;26;26;26;26;26;26;26;26;1;1;1;1;1;1;1;1;1;1;1;9;26
2021-07-27;"60+";3;3;3;3;3;3;3;3;3;3;3;3;7;7;7;7;7;7;7;7;7;7;7;7;1;1;1;1;1;1;1;1;1;1;1;3;7
2021-07-27;"alle";12;12;12;12;12;12;12;12;12;12;12;12;33;33;33;33;33;33;33;33;33;33;33;33;NA;NA;NA;NA;NA;NA;NA;NA;NA;NA;NA;12;33
2021-07-26;"0-60";0;0;0;0;0;0;0;0;0;0;0;0;25;25;25;25;25;25;25;25;25;25;25;25;1;1;1;1;1;1;1;1;1;1;1;0;25
2021-07-26;"60+";0;0;0;0;0;0;0;0;0;0;0;0;6;6;6;6;6;6;6;6;6;6;6;6;1;1;1;1;1;1;1;1;1;1;1;0;6
2021-07-26;"alle";0;0;0;0;0;0;0;0;0;0;0;0;31;31;31;31;31;31;31;31;31;31;31;31;NA;NA;NA;NA;NA;NA;NA;NA;NA;NA;NA;0;31
2021-07-25;"0-60";0;0;0;0;0;0;0;0;0;0;0;0;25;25;25;25;25;25;25;25;25;25;25;25;1;1;1;1;1;1;1;1;1;1;1;0;25
2021-07-25;"60+";1;1;1;1;1;1;1;1;1;1;1;1;6;6;6;6;6;6;6;6;6;6;6;6;1;1;1;1;1;1;1;1;1;1;1;1;6
2021-07-25;"alle";1;1;1;1;1;1;1;1;1;1;1;1;31;31;31;31;31;31;31;31;31;31;31;31;NA;NA;NA;NA;NA;NA;NA;NA;NA;NA;NA;1;31
2021-07-24;"0-60";4;4;4;4;4;4;4;4;4;4;4;4;25;25;25;25;25;25;25;25;25;25;25;25;1;1;1;1;1;1;1;1;1;1;1;4;25
2021-07-24;"60+";3;3;3;3;3;3;3;3;3;3;3;3;5;5;5;5;5;5;5;5;5;5;5;5;1;1;1;1;1;1;1;1;1;1;1;3;5
2021-07-24;"alle";7;7;7;7;7;7;7;7;7;7;7;7;30;30;30;30;30;30;30;30;30;30;30;30;NA;NA;NA;NA;NA;NA;NA;NA;NA;NA;NA;7;30
2021-07-23;"0-60";4;4;4;4;4;4;4;4;4;4;4;4;22;22;22;22;22;22;22;22;22;22;22;22;1;1;1;1;1;1;1;1;1;1;1;4;22
2021-07-23;"60+";0;0;0;0;0;0;0;0;0;0;0;0;2;2;2;2;2;2;2;2;2;2;2;2;1;1;1;1;1;1;1;1;1;1;1;0;2
2021-07-23;"alle";4;4;4;4;4;4;4;4;4;4;4;4;24;24;24;24;24;24;24;24;24;24;24;24;NA;NA;NA;NA;NA;NA;NA;NA;NA;NA;NA;4;24
2021-07-22;"0-60";4;4;4;4;4;4;4;4;4;4;4;4;24;24;24;24;24;24;24;24;24;24;24;24;1;1;1;1;1;1;1;1;1;1;1;4;24
2021-07-22;"60+";0;0;0;0;0;0;0;0;0;0;0;0;4;4;4;4;4;4;4;4;4;4;4;4;1;1;1;1;1;1;1;1;1;1;1;0;3
2021-07-22;"alle";4;4;4;4;4;4;4;4;4;4;4;4;28;28;28;28;28;28;28;28;28;28;28;28;NA;NA;NA;NA;NA;NA;NA;NA;NA;NA;NA;4;27
2021-07-21;"0-60";5;5;5;5;5;5;5;5;5;5;5;5;23;23;23;23;23;23;23;23;23;23;23;23;1;1;1;1;1;1;1;1;1;1;1;5;23
2021-07-21;"60+";0;0;0;0;0;0;0;0;0;0;0;0;4;4;4;4;4;4;4;4;4;4;4;4;1;1;1;1;1;1;1;1;1;1;1;0;3
2021-07-21;"alle";5;5;5;5;5;5;5;5;5;5;5;5;27;27;27;27;27;27;27;27;27;27;27;27;NA;NA;NA;NA;NA;NA;NA;NA;NA;NA;NA;5;26
2021-07-20;"0-60";8;8;8;8;8;8;8;8;8;8;8;8;26;26;26;26;26;26;26;26;26;26;26;26;1;1;1;1;1;1;1;1;1;1;1;8;26
2021-07-20;"60+";2;2;2;2;2;2;2;2;2;2;2;2;7;7;7;7;7;7;7;7;7;7;7;7;1;1;1;1;1;1;1;1;1;1;1;2;6
2021-07-20;"alle";10;10;10;10;10;10;10;10;10;10;10;10;33;33;33;33;33;33;33;33;33;33;33;33;NA;NA;NA;NA;NA;NA;NA;NA;NA;NA;NA;10;32
2021-07-19;"0-60";0;0;0;0;0;0;0;0;0;0;0;0;20;20;20;20;20;20;20;20;20;20;20;20;1;1;1;1;1;1;1;1;1;1;1;0;20
2021-07-19;"60+";0;0;0;0;0;0;0;0;0;0;0;0;5;5;5;5;5;5;5;5;5;5;5;5;1;1;1;1;1;1;1;1;1;1;1;0;4
2021-07-19;"alle";0;0;0;0;0;0;0;0;0;0;0;0;25;25;25;25;25;25;25;25;25;25;25;25;NA;NA;NA;NA;NA;NA;NA;NA;NA;NA;NA;0;24
2021-07-18;"0-60";0;0;0;0;0;0;0;0;0;0;0;0;20;20;20;20;20;20;20;20;20;20;20;20;1;1;1;1;1;1;1;1;1;1;1;0;20
2021-07-18;"60+";0;0;0;0;0;0;0;0;0;0;0;0;5;5;5;5;5;5;5;5;5;5;5;5;1;1;1;1;1;1;1;1;1;1;1;0;4
2021-07-18;"alle";0;0;0;0;0;0;0;0;0;0;0;0;25;25;25;25;25;25;25;25;25;25;25;25;NA;NA;NA;NA;NA;NA;NA;NA;NA;NA;NA;0;24
2021-07-17;"0-60";1;1;1;1;1;1;1;1;1;1;1;1;20;20;20;20;20;20;20;20;20;20;20;20;1;1;1;1;1;1;1;1;1;1;1;1;20
2021-07-17;"60+";0;0;0;0;0;0;0;0;0;0;0;0;5;5;5;5;5;5;5;5;5;5;5;5;1;1;1;1;1;1;1;1;1;1;1;0;4
2021-07-17;"alle";1;1;1;1;1;1;1;1;1;1;1;1;25;25;25;25;25;25;25;25;25;25;25;25;NA;NA;NA;NA;NA;NA;NA;NA;NA;NA;NA;1;24
2021-07-16;"0-60";6;6;6;6;6;6;6;6;6;6;6;6;20;20;20;20;20;20;20;20;20;20;20;20;1;1;1;1;1;1;1;1;1;1;1;6;20
2021-07-16;"60+";2;2;2;2;2;2;2;2;2;2;2;2;5;5;5;5;5;5;5;5;5;5;5;5;1;1;1;1;1;1;1;1;1;1;1;1;4
2021-07-16;"alle";8;8;8;8;8;8;8;8;8;8;8;8;25;25;25;25;25;25;25;25;25;25;25;25;NA;NA;NA;NA;NA;NA;NA;NA;NA;NA;NA;7;24
2021-07-15;"0-60";3;3;3;3;3;3;3;3;3;3;3;3;14;14;14;14;14;14;14;14;14;14;14;14;1;1;1;1;1;1;1;1;1;1;1;3;14
2021-07-15;"60+";0;0;0;0;0;0;0;0;0;0;0;0;3;3;3;3;3;3;3;3;3;3;3;3;1;1;1;1;1;1;1;1;1;1;1;0;3
2021-07-15;"alle";3;3;3;3;3;3;3;3;3;3;3;3;17;17;17;17;17;17;17;17;17;17;17;17;NA;NA;NA;NA;NA;NA;NA;NA;NA;NA;NA;3;17
2021-07-14;"0-60";8;8;8;8;8;8;8;8;8;8;8;8;11;11;11;11;11;11;11;11;11;11;11;11;1;1;1;1;1;1;1;1;1;1;1;8;11
2021-07-14;"60+";3;3;3;3;3;3;3;3;3;3;3;3;3;3;3;3;3;3;3;3;3;3;3;3;1;1;1;1;1;1;1;1;1;1;1;3;3
2021-07-14;"alle";11;11;11;11;11;11;11;11;11;11;11;11;14;14;14;14;14;14;14;14;14;14;14;14;NA;NA;NA;NA;NA;NA;NA;NA;NA;NA;NA;11;14
2021-07-13;"0-60";2;2;2;2;2;2;2;2;2;2;2;2;4;4;4;4;4;4;4;4;4;4;4;4;1;1;1;1;1;1;1;1;1;1;1;2;4
2021-07-13;"60+";0;0;0;0;0;0;0;0;0;0;0;0;1;1;1;1;1;1;1;1;1;1;1;1;1;1;1;1;1;1;1;1;1;1;1;0;1
2021-07-13;"alle";2;2;2;2;2;2;2;2;2;2;2;2;5;5;5;5;5;5;5;5;5;5;5;5;NA;NA;NA;NA;NA;NA;NA;NA;NA;NA;NA;2;5
2021-07-12;"0-60";0;0;0;0;0;0;0;0;0;0;0;0;5;5;5;5;5;5;5;5;5;5;5;5;1;1;1;1;1;1;1;1;1;1;1;0;5
2021-07-12;"60+";0;0;0;0;0;0;0;0;0;0;0;0;3;3;3;3;3;3;3;3;3;3;3;3;1;1;1;1;1;1;1;1;1;1;1;0;3
2021-07-12;"alle";0;0;0;0;0;0;0;0;0;0;0;0;8;8;8;8;8;8;8;8;8;8;8;8;NA;NA;NA;NA;NA;NA;NA;NA;NA;NA;NA;0;8
2021-07-11;"0-60";0;0;0;0;0;0;0;0;0;0;0;0;5;5;5;5;5;5;5;5;5;5;5;5;1;1;1;1;1;1;1;1;1;1;1;0;5
2021-07-11;"60+";0;0;0;0;0;0;0;0;0;0;0;0;4;4;4;4;4;4;4;4;4;4;4;4;1;1;1;1;1;1;1;1;1;1;1;0;4
2021-07-11;"alle";0;0;0;0;0;0;0;0;0;0;0;0;9;9;9;9;9;9;9;9;9;9;9;9;NA;NA;NA;NA;NA;NA;NA;NA;NA;NA;NA;0;9
2021-07-10;"0-60";1;1;1;1;1;1;1;1;1;1;1;1;5;5;5;5;5;5;5;5;5;5;5;5;1;1;1;1;1;1;1;1;1;1;1;1;5
2021-07-10;"60+";0;0;0;0;0;0;0;0;0;0;0;0;4;4;4;4;4;4;4;4;4;4;4;4;1;1;1;1;1;1;1;1;1;1;1;0;4
2021-07-10;"alle";1;1;1;1;1;1;1;1;1;1;1;1;9;9;9;9;9;9;9;9;9;9;9;9;NA;NA;NA;NA;NA;NA;NA;NA;NA;NA;NA;1;9
2021-07-09;"0-60";0;0;0;0;0;0;0;0;0;0;0;0;5;5;5;5;5;5;5;5;5;5;5;5;1;1;1;1;1;1;1;1;1;1;1;0;5
2021-07-09;"60+";0;0;0;0;0;0;0;0;0;0;0;0;5;5;5;5;5;5;5;5;5;5;5;5;1;1;1;1;1;1;1;1;1;1;1;0;5
2021-07-09;"alle";0;0;0;0;0;0;0;0;0;0;0;0;10;10;10;10;10;10;10;10;10;10;10;10;NA;NA;NA;NA;NA;NA;NA;NA;NA;NA;NA;0;10
2021-07-08;"0-60";0;0;0;0;0;0;0;0;0;0;0;0;5;5;5;5;5;5;5;5;5;5;5;5;1;1;1;1;1;1;1;1;1;1;1;0;5
2021-07-08;"60+";0;0;0;0;0;0;0;0;0;0;0;0;6;6;6;6;6;6;6;6;6;6;6;6;1;1;1;1;1;1;1;1;1;1;1;0;6
2021-07-08;"alle";0;0;0;0;0;0;0;0;0;0;0;0;11;11;11;11;11;11;11;11;11;11;11;11;NA;NA;NA;NA;NA;NA;NA;NA;NA;NA;NA;0;11
2021-07-07;"0-60";1;1;1;1;1;1;1;1;1;1;1;1;6;6;6;6;6;6;6;6;6;6;6;6;1;1;1;1;1;1;1;1;1;1;1;1;6
2021-07-07;"60+";1;1;1;1;1;1;1;1;1;1;1;1;6;6;6;6;6;6;6;6;6;6;6;6;1;1;1;1;1;1;1;1;1;1;1;1;6
2021-07-07;"alle";2;2;2;2;2;2;2;2;2;2;2;2;12;12;12;12;12;12;12;12;12;12;12;12;NA;NA;NA;NA;NA;NA;NA;NA;NA;NA;NA;2;12
2021-07-06;"0-60";3;3;3;3;3;3;3;3;3;3;3;3;7;7;7;7;7;7;7;7;7;7;7;7;1;1;1;1;1;1;1;1;1;1;1;3;7
2021-07-06;"60+";2;2;2;2;2;2;2;2;2;2;2;2;5;5;5;5;5;5;5;5;5;5;5;5;1;1;1;1;1;1;1;1;1;1;1;2;5
2021-07-06;"alle";5;5;5;5;5;5;5;5;5;5;5;5;12;12;12;12;12;12;12;12;12;12;12;12;NA;NA;NA;NA;NA;NA;NA;NA;NA;NA;NA;5;12
2021-07-05;"0-60";0;0;0;0;0;0;0;0;0;0;0;0;6;6;6;6;6;6;6;6;6;6;6;6;1;1;1;1;1;1;1;1;1;1;1;0;6
2021-07-05;"60+";1;1;1;1;1;1;1;1;1;1;1;1;4;4;4;4;4;4;4;4;4;4;4;4;1;1;1;1;1;1;1;1;1;1;1;1;4
2021-07-05;"alle";1;1;1;1;1;1;1;1;1;1;1;1;10;10;10;10;10;10;10;10;10;10;10;10;NA;NA;NA;NA;NA;NA;NA;NA;NA;NA;NA;1;10
2021-07-04;"0-60";0;0;0;0;0;0;0;0;0;0;0;0;6;6;6;6;6;6;6;6;6;6;6;6;1;1;1;1;1;1;1;1;1;1;1;0;6
2021-07-04;"60+";0;0;0;0;0;0;0;0;0;0;0;0;3;3;3;3;3;3;3;3;3;3;3;3;1;1;1;1;1;1;1;1;1;1;1;0;3
2021-07-04;"alle";0;0;0;0;0;0;0;0;0;0;0;0;9;9;9;9;9;9;9;9;9;9;9;9;NA;NA;NA;NA;NA;NA;NA;NA;NA;NA;NA;0;9
2021-07-03;"0-60";1;1;1;1;1;1;1;1;1;1;1;1;6;6;6;6;6;6;6;6;6;6;6;6;1;1;1;1;1;1;1;1;1;1;1;1;6
2021-07-03;"60+";1;1;1;1;1;1;1;1;1;1;1;1;3;3;3;3;3;3;3;3;3;3;3;3;1;1;1;1;1;1;1;1;1;1;1;1;3
2021-07-03;"alle";2;2;2;2;2;2;2;2;2;2;2;2;9;9;9;9;9;9;9;9;9;9;9;9;NA;NA;NA;NA;NA;NA;NA;NA;NA;NA;NA;2;9
2021-07-02;"0-60";0;0;0;0;0;0;0;0;0;0;0;0;6;6;6;6;6;6;6;6;6;6;6;6;1;1;1;1;1;1;1;1;1;1;1;0;6
2021-07-02;"60+";1;1;1;1;1;1;1;1;1;1;1;1;3;3;3;3;3;3;3;3;3;3;3;3;1;1;1;1;1;1;1;1;1;1;1;1;3
2021-07-02;"alle";1;1;1;1;1;1;1;1;1;1;1;1;9;9;9;9;9;9;9;9;9;9;9;9;NA;NA;NA;NA;NA;NA;NA;NA;NA;NA;NA;1;9
2021-07-01;"0-60";1;1;1;1;1;1;1;1;1;1;1;1;7;7;7;7;7;7;7;7;7;7;7;7;1;1;1;1;1;1;1;1;1;1;1;1;7
2021-07-01;"60+";0;0;0;0;0;0;0;0;0;0;0;0;4;4;4;4;4;4;4;4;4;4;4;4;1;1;1;1;1;1;1;1;1;1;1;0;4
2021-07-01;"alle";1;1;1;1;1;1;1;1;1;1;1;1;11;11;11;11;11;11;11;11;11;11;11;11;NA;NA;NA;NA;NA;NA;NA;NA;NA;NA;NA;1;11
2021-06-30;"0-60";2;2;2;2;2;2;2;2;2;2;2;2;9;9;9;9;9;9;9;9;9;9;9;9;1;1;1;1;1;1;1;1;1;1;1;2;9
2021-06-30;"60+";0;0;0;0;0;0;0;0;0;0;0;0;4;4;4;4;4;4;4;4;4;4;4;4;1;1;1;1;1;1;1;1;1;1;1;0;4
2021-06-30;"alle";2;2;2;2;2;2;2;2;2;2;2;2;13;13;13;13;13;13;13;13;13;13;13;13;NA;NA;NA;NA;NA;NA;NA;NA;NA;NA;NA;2;13
2021-06-29;"0-60";2;2;2;2;2;2;2;2;2;2;2;2;8;8;8;8;8;8;8;8;8;8;8;8;1;1;1;1;1;1;1;1;1;1;1;2;8
2021-06-29;"60+";1;1;1;1;1;1;1;1;1;1;1;1;4;4;4;4;4;4;4;4;4;4;4;4;1;1;1;1;1;1;1;1;1;1;1;1;4
2021-06-29;"alle";3;3;3;3;3;3;3;3;3;3;3;3;12;12;12;12;12;12;12;12;12;12;12;12;NA;NA;NA;NA;NA;NA;NA;NA;NA;NA;NA;3;12
2021-06-28;"0-60";0;0;0;0;0;0;0;0;0;0;0;0;9;9;9;9;9;9;9;9;9;9;9;9;1;1;1;1;1;1;1;1;1;1;1;0;9
2021-06-28;"60+";0;0;0;0;0;0;0;0;0;0;0;0;3;3;3;3;3;3;3;3;3;3;3;3;1;1;1;1;1;1;1;1;1;1;1;0;3
2021-06-28;"alle";0;0;0;0;0;0;0;0;0;0;0;0;12;12;12;12;12;12;12;12;12;12;12;12;NA;NA;NA;NA;NA;NA;NA;NA;NA;NA;NA;0;12
2021-06-27;"0-60";0;0;0;0;0;0;0;0;0;0;0;0;9;9;9;9;9;9;9;9;9;9;9;9;1;1;1;1;1;1;1;1;1;1;1;0;9
2021-06-27;"60+";0;0;0;0;0;0;0;0;0;0;0;0;4;4;4;4;4;4;4;4;4;4;4;4;1;1;1;1;1;1;1;1;1;1;1;0;4
2021-06-27;"alle";0;0;0;0;0;0;0;0;0;0;0;0;13;13;13;13;13;13;13;13;13;13;13;13;NA;NA;NA;NA;NA;NA;NA;NA;NA;NA;NA;0;13
2021-06-26;"0-60";1;1;1;1;1;1;1;1;1;1;1;1;10;10;10;10;10;10;10;10;10;10;10;10;1;1;1;1;1;1;1;1;1;1;1;1;10
2021-06-26;"60+";1;1;1;1;1;1;1;1;1;1;1;1;4;4;4;4;4;4;4;4;4;4;4;4;1;1;1;1;1;1;1;1;1;1;1;1;4
2021-06-26;"alle";2;2;2;2;2;2;2;2;2;2;2;2;14;14;14;14;14;14;14;14;14;14;14;14;NA;NA;NA;NA;NA;NA;NA;NA;NA;NA;NA;2;14
2021-06-25;"0-60";1;1;1;1;1;1;1;1;1;1;1;1;9;9;9;9;9;9;9;9;9;9;9;9;1;1;1;1;1;1;1;1;1;1;1;1;9
2021-06-25;"60+";2;2;2;2;2;2;2;2;2;2;2;2;4;4;4;4;4;4;4;4;4;4;4;4;1;1;1;1;1;1;1;1;1;1;1;2;4
2021-06-25;"alle";3;3;3;3;3;3;3;3;3;3;3;3;13;13;13;13;13;13;13;13;13;13;13;13;NA;NA;NA;NA;NA;NA;NA;NA;NA;NA;NA;3;13
2021-06-24;"0-60";3;3;3;3;3;3;3;3;3;3;3;3;9;9;9;9;9;9;9;9;9;9;9;9;1;1;1;1;1;1;1;1;1;1;1;3;9
2021-06-24;"60+";0;0;0;0;0;0;0;0;0;0;0;0;2;2;2;2;2;2;2;2;2;2;2;2;1;1;1;1;1;1;1;1;1;1;1;0;2
2021-06-24;"alle";3;3;3;3;3;3;3;3;3;3;3;3;11;11;11;11;11;11;11;11;11;11;11;11;NA;NA;NA;NA;NA;NA;NA;NA;NA;NA;NA;3;11
2021-06-23;"0-60";1;1;1;1;1;1;1;1;1;1;1;1;8;8;8;8;8;8;8;8;8;8;8;8;1;1;1;1;1;1;1;1;1;1;1;1;8
2021-06-23;"60+";0;0;0;0;0;0;0;0;0;0;0;0;4;4;4;4;4;4;4;4;4;4;4;4;1;1;1;1;1;1;1;1;1;1;1;0;4
2021-06-23;"alle";1;1;1;1;1;1;1;1;1;1;1;1;12;12;12;12;12;12;12;12;12;12;12;12;NA;NA;NA;NA;NA;NA;NA;NA;NA;NA;NA;1;12
2021-06-22;"0-60";3;3;3;3;3;3;3;3;3;3;3;3;8;8;8;8;8;8;8;8;8;8;8;8;1;1;1;1;1;1;1;1;1;1;1;3;8
2021-06-22;"60+";0;0;0;0;0;0;0;0;0;0;0;0;9;9;9;9;9;9;9;9;9;9;9;9;1;1;1;1;1;1;1;1;1;1;1;0;9
2021-06-22;"alle";3;3;3;3;3;3;3;3;3;3;3;3;17;17;17;17;17;17;17;17;17;17;17;17;NA;NA;NA;NA;NA;NA;NA;NA;NA;NA;NA;3;17
2021-06-21;"0-60";0;0;0;0;0;0;0;0;0;0;0;0;8;8;8;8;8;8;8;8;8;8;8;8;1;1;1;1;1;1;1;1;1;1;1;0;8
2021-06-21;"60+";1;1;1;1;1;1;1;1;1;1;1;1;9;9;9;9;9;9;9;9;9;9;9;9;1;1;1;1;1;1;1;1;1;1;1;1;9
2021-06-21;"alle";1;1;1;1;1;1;1;1;1;1;1;1;17;17;17;17;17;17;17;17;17;17;17;17;NA;NA;NA;NA;NA;NA;NA;NA;NA;NA;NA;1;17
2021-06-20;"0-60";1;1;1;1;1;1;1;1;1;1;1;1;8;8;8;8;8;8;8;8;8;8;8;8;1;1;1;1;1;1;1;1;1;1;1;1;8
2021-06-20;"60+";0;0;0;0;0;0;0;0;0;0;0;0;8;8;8;8;8;8;8;8;8;8;8;8;1;1;1;1;1;1;1;1;1;1;1;0;8
2021-06-20;"alle";1;1;1;1;1;1;1;1;1;1;1;1;16;16;16;16;16;16;16;16;16;16;16;16;NA;NA;NA;NA;NA;NA;NA;NA;NA;NA;NA;1;16
2021-06-19;"0-60";0;0;0;0;0;0;0;0;0;0;0;0;8;8;8;8;8;8;8;8;8;8;8;8;1;1;1;1;1;1;1;1;1;1;1;0;8
2021-06-19;"60+";1;1;1;1;1;1;1;1;1;1;1;1;8;8;8;8;8;8;8;8;8;8;8;8;1;1;1;1;1;1;1;1;1;1;1;1;8
2021-06-19;"alle";1;1;1;1;1;1;1;1;1;1;1;1;16;16;16;16;16;16;16;16;16;16;16;16;NA;NA;NA;NA;NA;NA;NA;NA;NA;NA;NA;1;16
2021-06-18;"0-60";1;1;1;1;1;1;1;1;1;1;1;1;9;9;9;9;9;9;9;9;9;9;9;9;1;1;1;1;1;1;1;1;1;1;1;1;9
2021-06-18;"60+";0;0;0;0;0;0;0;0;0;0;0;0;11;11;11;11;11;11;11;11;11;11;11;11;1;1;1;1;1;1;1;1;1;1;1;0;11
2021-06-18;"alle";1;1;1;1;1;1;1;1;1;1;1;1;20;20;20;20;20;20;20;20;20;20;20;20;NA;NA;NA;NA;NA;NA;NA;NA;NA;NA;NA;1;20
2021-06-17;"0-60";2;2;2;2;2;2;2;2;2;2;2;2;9;9;9;9;9;9;9;9;9;9;9;9;1;1;1;1;1;1;1;1;1;1;1;2;9
2021-06-17;"60+";2;2;2;2;2;2;2;2;2;2;2;2;12;12;12;12;12;12;12;12;12;12;12;12;1;1;1;1;1;1;1;1;1;1;1;2;12
2021-06-17;"alle";4;4;4;4;4;4;4;4;4;4;4;4;21;21;21;21;21;21;21;21;21;21;21;21;NA;NA;NA;NA;NA;NA;NA;NA;NA;NA;NA;4;21
2021-06-16;"0-60";1;1;1;1;1;1;1;1;1;1;1;1;11;11;11;11;11;11;11;11;11;11;11;11;1;1;1;1;1;1;1;1;1;1;1;1;11
2021-06-16;"60+";5;5;5;5;5;5;5;5;5;5;5;5;12;12;12;12;12;12;12;12;12;12;12;12;1;1;1;1;1;1;1;1;1;1;1;5;12
2021-06-16;"alle";6;6;6;6;6;6;6;6;6;6;6;6;23;23;23;23;23;23;23;23;23;23;23;23;NA;NA;NA;NA;NA;NA;NA;NA;NA;NA;NA;6;23
2021-06-15;"0-60";3;3;3;3;3;3;3;3;3;3;3;3;13;13;13;13;13;13;13;13;13;13;13;13;1;1;1;1;1;1;1;1;1;1;1;3;13
2021-06-15;"60+";0;0;0;0;0;0;0;0;0;0;0;0;8;8;8;8;8;8;8;8;8;8;8;8;1;1;1;1;1;1;1;1;1;1;1;0;8
2021-06-15;"alle";3;3;3;3;3;3;3;3;3;3;3;3;21;21;21;21;21;21;21;21;21;21;21;21;NA;NA;NA;NA;NA;NA;NA;NA;NA;NA;NA;3;21
2021-06-14;"0-60";0;0;0;0;0;0;0;0;0;0;0;0;11;11;11;11;11;11;11;11;11;11;11;11;1;1;1;1;1;1;1;1;1;1;1;0;11
2021-06-14;"60+";0;0;0;0;0;0;0;0;0;0;0;0;9;9;9;9;9;9;9;9;9;9;9;9;1;1;1;1;1;1;1;1;1;1;1;0;9
2021-06-14;"alle";0;0;0;0;0;0;0;0;0;0;0;0;20;20;20;20;20;20;20;20;20;20;20;20;NA;NA;NA;NA;NA;NA;NA;NA;NA;NA;NA;0;20
2021-06-13;"0-60";1;1;1;1;1;1;1;1;1;1;1;1;11;11;11;11;11;11;11;11;11;11;11;11;1;1;1;1;1;1;1;1;1;1;1;1;11
2021-06-13;"60+";0;0;0;0;0;0;0;0;0;0;0;0;10;10;10;10;10;10;10;10;10;10;10;10;1;1;1;1;1;1;1;1;1;1;1;0;10
2021-06-13;"alle";1;1;1;1;1;1;1;1;1;1;1;1;21;21;21;21;21;21;21;21;21;21;21;21;NA;NA;NA;NA;NA;NA;NA;NA;NA;NA;NA;1;21
2021-06-12;"0-60";1;1;1;1;1;1;1;1;1;1;1;1;12;12;12;12;12;12;12;12;12;12;12;12;1;1;1;1;1;1;1;1;1;1;1;1;12
2021-06-12;"60+";4;4;4;4;4;4;4;4;4;4;4;4;14;14;14;14;14;14;14;14;14;14;14;14;1;1;1;1;1;1;1;1;1;1;1;4;14
2021-06-12;"alle";5;5;5;5;5;5;5;5;5;5;5;5;26;26;26;26;26;26;26;26;26;26;26;26;NA;NA;NA;NA;NA;NA;NA;NA;NA;NA;NA;5;26
2021-06-11;"0-60";1;1;1;1;1;1;1;1;1;1;1;1;16;16;16;16;16;16;16;16;16;16;16;16;1;1;1;1;1;1;1;1;1;1;1;1;16
2021-06-11;"60+";1;1;1;1;1;1;1;1;1;1;1;1;13;13;13;13;13;13;13;13;13;13;13;13;1;1;1;1;1;1;1;1;1;1;1;1;13
2021-06-11;"alle";2;2;2;2;2;2;2;2;2;2;2;2;29;29;29;29;29;29;29;29;29;29;29;29;NA;NA;NA;NA;NA;NA;NA;NA;NA;NA;NA;2;29
2021-06-10;"0-60";4;4;4;4;4;4;4;4;4;4;4;4;21;21;21;21;21;21;21;21;21;21;21;21;1;1;1;1;1;1;1;1;1;1;1;4;21
2021-06-10;"60+";2;2;2;2;2;2;2;2;2;2;2;2;13;13;13;13;13;13;13;13;13;13;13;13;1;1;1;1;1;1;1;1;1;1;1;2;13
2021-06-10;"alle";6;6;6;6;6;6;6;6;6;6;6;6;34;34;34;34;34;34;34;34;34;34;34;34;NA;NA;NA;NA;NA;NA;NA;NA;NA;NA;NA;6;34
2021-06-09;"0-60";3;3;3;3;3;3;3;3;3;3;3;3;20;20;20;20;20;20;20;20;20;20;20;20;1;1;1;1;1;1;1;1;1;1;1;3;20
2021-06-09;"60+";1;1;1;1;1;1;1;1;1;1;1;1;14;14;14;14;14;14;14;14;14;14;14;14;1;1;1;1;1;1;1;1;1;1;1;1;14
2021-06-09;"alle";4;4;4;4;4;4;4;4;4;4;4;4;34;34;34;34;34;34;34;34;34;34;34;34;NA;NA;NA;NA;NA;NA;NA;NA;NA;NA;NA;4;34
2021-06-08;"0-60";1;1;1;1;1;1;1;1;1;1;1;1;20;20;20;20;20;20;20;20;20;20;20;20;1;1;1;1;1;1;1;1;1;1;1;1;20
2021-06-08;"60+";1;1;1;1;1;1;1;1;1;1;1;1;18;18;18;18;18;18;18;18;18;18;18;18;1;1;1;1;1;1;1;1;1;1;1;1;18
2021-06-08;"alle";2;2;2;2;2;2;2;2;2;2;2;2;38;38;38;38;38;38;38;38;38;38;38;38;NA;NA;NA;NA;NA;NA;NA;NA;NA;NA;NA;2;38
2021-06-07;"0-60";0;0;0;0;0;0;0;0;0;0;0;0;26;26;26;26;26;26;26;26;26;26;26;26;1;1;1;1;1;1;1;1;1;1;1;0;26
2021-06-07;"60+";1;1;1;1;1;1;1;1;1;1;1;1;24;24;24;24;24;24;24;24;24;24;24;24;1;1;1;1;1;1;1;1;1;1;1;1;24
2021-06-07;"alle";1;1;1;1;1;1;1;1;1;1;1;1;50;50;50;50;50;50;50;50;50;50;50;50;NA;NA;NA;NA;NA;NA;NA;NA;NA;NA;NA;1;50
2021-06-06;"0-60";2;2;2;2;2;2;2;2;2;2;2;2;26;26;26;26;26;26;26;26;26;26;26;26;1;1;1;1;1;1;1;1;1;1;1;2;26
2021-06-06;"60+";4;4;4;4;4;4;4;4;4;4;4;4;23;23;23;23;23;23;23;23;23;23;23;23;1;1;1;1;1;1;1;1;1;1;1;4;23
2021-06-06;"alle";6;6;6;6;6;6;6;6;6;6;6;6;49;49;49;49;49;49;49;49;49;49;49;49;NA;NA;NA;NA;NA;NA;NA;NA;NA;NA;NA;6;49
2021-06-05;"0-60";5;5;5;5;5;5;5;5;5;5;5;5;25;25;25;25;25;25;25;25;25;25;25;25;1;1;1;1;1;1;1;1;1;1;1;5;24
2021-06-05;"60+";3;3;3;3;3;3;3;3;3;3;3;3;20;20;20;20;20;20;20;20;20;20;20;20;1;1;1;1;1;1;1;1;1;1;1;3;20
2021-06-05;"alle";8;8;8;8;8;8;8;8;8;8;8;8;45;45;45;45;45;45;45;45;45;45;45;45;NA;NA;NA;NA;NA;NA;NA;NA;NA;NA;NA;8;44
2021-06-04;"0-60";6;6;6;6;6;6;6;6;6;6;6;6;28;28;28;28;28;28;28;28;28;28;28;28;1;1;1;1;1;1;1;1;1;1;1;6;27
2021-06-04;"60+";1;1;1;1;1;1;1;1;1;1;1;1;18;18;18;18;18;18;18;18;18;18;18;18;1;1;1;1;1;1;1;1;1;1;1;1;18
2021-06-04;"alle";7;7;7;7;7;7;7;7;7;7;7;7;46;46;46;46;46;46;46;46;46;46;46;46;NA;NA;NA;NA;NA;NA;NA;NA;NA;NA;NA;7;45
2021-06-03;"0-60";3;3;3;3;3;3;3;3;3;3;3;3;29;29;29;29;29;29;29;29;29;29;29;29;1;1;1;1;1;1;1;1;1;1;1;3;28
2021-06-03;"60+";3;3;3;3;3;3;3;3;3;3;3;3;18;18;18;18;18;18;18;18;18;18;18;18;1;1;1;1;1;1;1;1;1;1;1;3;18
2021-06-03;"alle";6;6;6;6;6;6;6;6;6;6;6;6;47;47;47;47;47;47;47;47;47;47;47;47;NA;NA;NA;NA;NA;NA;NA;NA;NA;NA;NA;6;46
2021-06-02;"0-60";3;3;3;3;3;3;3;3;3;3;3;3;35;35;35;35;35;35;35;35;35;35;35;35;1;1;1;1;1;1;1;1;1;1;1;3;34
2021-06-02;"60+";5;5;5;5;5;5;5;5;5;5;5;5;22;22;22;22;22;22;22;22;22;22;22;22;1;1;1;1;1;1;1;1;1;1;1;5;22
2021-06-02;"alle";8;8;8;8;8;8;8;8;8;8;8;8;57;57;57;57;57;57;57;57;57;57;57;57;NA;NA;NA;NA;NA;NA;NA;NA;NA;NA;NA;8;56
2021-06-01;"0-60";7;7;7;7;7;7;7;7;7;7;7;7;36;36;36;36;36;36;36;36;36;36;36;36;1;1;1;1;1;1;1;1;1;1;1;7;35
2021-06-01;"60+";7;7;7;7;7;7;7;7;7;7;7;7;19;19;19;19;19;19;19;19;19;19;19;19;1;1;1;1;1;1;1;1;1;1;1;7;19
2021-06-01;"alle";14;14;14;14;14;14;14;14;14;14;14;14;55;55;55;55;55;55;55;55;55;55;55;55;NA;NA;NA;NA;NA;NA;NA;NA;NA;NA;NA;14;54
2021-05-31;"0-60";0;0;0;0;0;0;0;0;0;0;0;0;33;33;33;33;33;33;33;33;33;33;33;33;1;1;1;1;1;1;1;1;1;1;1;0;32
2021-05-31;"60+";0;0;0;0;0;0;0;0;0;0;0;0;16;16;16;16;16;16;16;16;16;16;16;16;1;1;1;1;1;1;1;1;1;1;1;0;16
2021-05-31;"alle";0;0;0;0;0;0;0;0;0;0;0;0;49;49;49;49;49;49;49;49;49;49;49;49;NA;NA;NA;NA;NA;NA;NA;NA;NA;NA;NA;0;48
2021-05-30;"0-60";1;1;1;1;1;1;1;1;1;1;1;1;33;33;33;33;33;33;33;33;33;33;33;33;1;1;1;1;1;1;1;1;1;1;1;0;32
2021-05-30;"60+";1;1;1;1;1;1;1;1;1;1;1;1;16;16;16;16;16;16;16;16;16;16;16;16;1;1;1;1;1;1;1;1;1;1;1;1;16
2021-05-30;"alle";2;2;2;2;2;2;2;2;2;2;2;2;49;49;49;49;49;49;49;49;49;49;49;49;NA;NA;NA;NA;NA;NA;NA;NA;NA;NA;NA;1;48
2021-05-29;"0-60";8;8;8;8;8;8;8;8;8;8;8;8;32;32;32;32;32;32;32;32;32;32;32;32;1;1;1;1;1;1;1;1;1;1;1;8;32
2021-05-29;"60+";1;1;1;1;1;1;1;1;1;1;1;1;15;15;15;15;15;15;15;15;15;15;15;15;1;1;1;1;1;1;1;1;1;1;1;1;15
2021-05-29;"alle";9;9;9;9;9;9;9;9;9;9;9;9;47;47;47;47;47;47;47;47;47;47;47;47;NA;NA;NA;NA;NA;NA;NA;NA;NA;NA;NA;9;47
2021-05-28;"0-60";7;7;7;7;7;7;7;7;7;7;7;7;28;28;28;28;28;28;28;28;28;28;28;28;1;1;1;1;1;1;1;1;1;1;1;7;28
2021-05-28;"60+";1;1;1;1;1;1;1;1;1;1;1;1;23;23;23;23;23;23;23;23;23;23;23;23;1;1;1;1;1;1;1;1;1;1;1;1;23
2021-05-28;"alle";8;8;8;8;8;8;8;8;8;8;8;8;51;51;51;51;51;51;51;51;51;51;51;51;NA;NA;NA;NA;NA;NA;NA;NA;NA;NA;NA;8;51
2021-05-27;"0-60";9;9;9;9;9;9;9;9;9;9;9;9;28;28;28;28;28;28;28;28;28;28;28;28;1;1;1;1;1;1;1;1;1;1;1;9;28
2021-05-27;"60+";7;7;7;7;7;7;7;7;7;7;7;7;26;26;26;26;26;26;26;26;26;26;26;26;1;1;1;1;1;1;1;1;1;1;1;7;26
2021-05-27;"alle";16;16;16;16;16;16;16;16;16;16;16;16;54;54;54;54;54;54;54;54;54;54;54;54;NA;NA;NA;NA;NA;NA;NA;NA;NA;NA;NA;16;54
2021-05-26;"0-60";4;4;4;4;4;4;4;4;4;4;4;4;30;30;30;30;30;30;30;30;30;30;30;30;1;1;1;1;1;1;1;1;1;1;1;4;30
2021-05-26;"60+";2;2;2;2;2;2;2;2;2;2;2;2;30;30;30;30;30;30;30;30;30;30;30;30;1;1;1;1;1;1;1;1;1;1;1;2;30
2021-05-26;"alle";6;6;6;6;6;6;6;6;6;6;6;6;60;60;60;60;60;60;60;60;60;60;60;60;NA;NA;NA;NA;NA;NA;NA;NA;NA;NA;NA;6;60
2021-05-25;"0-60";4;4;4;4;4;4;4;4;4;4;4;4;43;43;43;43;43;43;43;43;43;43;43;43;1;1;1;1;1;1;1;1;1;1;1;4;43
2021-05-25;"60+";4;4;4;4;4;4;4;4;4;4;4;4;35;35;35;35;35;35;35;35;35;35;35;35;1;1;1;1;1;1;1;1;1;1;1;4;35
2021-05-25;"alle";8;8;8;8;8;8;8;8;8;8;8;8;78;78;78;78;78;78;78;78;78;78;78;78;NA;NA;NA;NA;NA;NA;NA;NA;NA;NA;NA;8;78
2021-05-24;"0-60";0;0;0;0;0;0;0;0;0;0;0;0;57;57;57;57;57;57;57;57;57;57;57;57;1;1;1;1;1;1;1;1;1;1;1;0;56
2021-05-24;"60+";0;0;0;0;0;0;0;0;0;0;0;0;46;46;46;46;46;46;46;46;46;46;46;46;1;1;1;1;1;1;1;1;1;1;1;0;46
2021-05-24;"alle";0;0;0;0;0;0;0;0;0;0;0;0;103;103;103;103;103;103;103;103;103;103;103;103;NA;NA;NA;NA;NA;NA;NA;NA;NA;NA;NA;0;103
2021-05-23;"0-60";0;0;0;0;0;0;0;0;0;0;0;0;59;59;59;59;59;59;59;59;59;59;59;59;1;1;1;1;1;1;1;1;1;1;1;0;58
2021-05-23;"60+";0;0;0;0;0;0;0;0;0;0;0;0;48;48;48;48;48;48;48;48;48;48;48;48;1;1;1;1;1;1;1;1;1;1;1;0;48
2021-05-23;"alle";0;0;0;0;0;0;0;0;0;0;0;0;107;107;107;107;107;107;107;107;107;107;107;107;NA;NA;NA;NA;NA;NA;NA;NA;NA;NA;NA;0;107
2021-05-22;"0-60";4;4;4;4;4;4;4;4;4;4;4;4;65;65;65;65;65;65;65;65;65;65;65;65;1;1;1;1;1;1;1;1;1;1;1;4;64
2021-05-22;"60+";9;9;9;9;9;9;9;9;9;9;9;9;54;54;54;54;54;54;54;54;54;54;54;54;1;1;1;1;1;1;1;1;1;1;1;9;54
2021-05-22;"alle";13;13;13;13;13;13;13;13;13;13;13;13;119;119;119;119;119;119;119;119;119;119;119;119;NA;NA;NA;NA;NA;NA;NA;NA;NA;NA;NA;13;119
2021-05-21;"0-60";7;7;7;7;7;7;7;7;7;7;7;7;74;74;74;74;74;74;74;74;74;74;74;74;1;1;1;1;1;1;1;1;1;1;1;7;73
2021-05-21;"60+";4;4;4;4;4;4;4;4;4;4;4;4;50;50;50;50;50;50;50;50;50;50;50;50;1;1;1;1;1;1;1;1;1;1;1;4;50
2021-05-21;"alle";11;11;11;11;11;11;11;11;11;11;11;11;124;124;124;124;124;124;124;124;124;124;124;124;NA;NA;NA;NA;NA;NA;NA;NA;NA;NA;NA;11;124
2021-05-20;"0-60";11;11;11;11;11;11;11;11;11;11;11;11;73;73;73;73;73;73;73;73;73;73;73;73;1;1;1;1;1;1;1;1;1;1;1;11;72
2021-05-20;"60+";11;11;11;11;11;11;11;11;11;11;11;11;48;48;48;48;48;48;48;48;48;48;48;48;1;1;1;1;1;1;1;1;1;1;1;11;48
2021-05-20;"alle";22;22;22;22;22;22;22;22;22;22;22;22;121;121;121;121;121;121;121;121;121;121;121;121;NA;NA;NA;NA;NA;NA;NA;NA;NA;NA;NA;22;121
2021-05-19;"0-60";17;17;17;17;17;17;17;17;17;17;17;17;74;74;74;74;74;74;74;74;74;74;74;74;1;1;1;1;1;1;1;1;1;1;1;17;73
2021-05-19;"60+";7;7;7;7;7;7;7;7;7;7;7;7;47;47;47;47;47;47;47;47;47;47;47;47;1;1;1;1;1;1;1;1;1;1;1;7;46
2021-05-19;"alle";24;24;24;24;24;24;24;24;24;24;24;24;121;121;121;121;121;121;121;121;121;121;121;121;NA;NA;NA;NA;NA;NA;NA;NA;NA;NA;NA;24;121
2021-05-18;"0-60";18;18;18;18;18;18;18;18;18;18;18;18;74;74;74;74;74;74;74;74;74;74;74;74;1;1;1;1;1;1;1;1;1;1;1;17;73
2021-05-18;"60+";15;15;15;15;15;15;15;15;15;15;15;15;54;54;54;54;54;54;54;54;54;54;54;54;1;1;1;1;1;1;1;1;1;1;1;15;53
2021-05-18;"alle";33;33;33;33;33;33;33;33;33;33;33;33;128;128;128;128;128;128;128;128;128;128;128;128;NA;NA;NA;NA;NA;NA;NA;NA;NA;NA;NA;33;128
2021-05-17;"0-60";2;2;2;2;2;2;2;2;2;2;2;2;69;69;69;69;69;69;69;69;69;69;69;69;1;1;1;1;1;1;1;1;1;1;1;2;68
2021-05-17;"60+";2;2;2;2;2;2;2;2;2;2;2;2;55;55;55;55;55;55;55;55;55;55;55;55;1;1;1;1;1;1;1;1;1;1;1;2;54
2021-05-17;"alle";4;4;4;4;4;4;4;4;4;4;4;4;124;124;124;124;124;124;124;124;124;124;124;124;NA;NA;NA;NA;NA;NA;NA;NA;NA;NA;NA;4;124
2021-05-16;"0-60";6;6;6;6;6;6;6;6;6;6;6;6;67;67;67;67;67;67;67;67;67;67;67;67;1;1;1;1;1;1;1;1;1;1;1;6;66
2021-05-16;"60+";6;6;6;6;6;6;6;6;6;6;6;6;53;53;53;53;53;53;53;53;53;53;53;53;1;1;1;1;1;1;1;1;1;1;1;6;52
2021-05-16;"alle";12;12;12;12;12;12;12;12;12;12;12;12;120;120;120;120;120;120;120;120;120;120;120;120;NA;NA;NA;NA;NA;NA;NA;NA;NA;NA;NA;12;120
2021-05-15;"0-60";13;13;13;13;13;13;13;13;13;13;13;13;64;64;64;64;64;64;64;64;64;64;64;64;1;1;1;1;1;1;1;1;1;1;1;13;63
2021-05-15;"60+";5;5;5;5;5;5;5;5;5;5;5;5;50;50;50;50;50;50;50;50;50;50;50;50;1;1;1;1;1;1;1;1;1;1;1;5;49
2021-05-15;"alle";18;18;18;18;18;18;18;18;18;18;18;18;114;114;114;114;114;114;114;114;114;114;114;114;NA;NA;NA;NA;NA;NA;NA;NA;NA;NA;NA;18;114
2021-05-14;"0-60";6;6;6;6;6;6;6;6;6;6;6;6;60;60;60;60;60;60;60;60;60;60;60;60;1;1;1;1;1;1;1;1;1;1;1;6;58
2021-05-14;"60+";2;2;2;2;2;2;2;2;2;2;2;2;60;60;60;60;60;60;60;60;60;60;60;60;1;1;1;1;1;1;1;1;1;1;1;2;59
2021-05-14;"alle";8;8;8;8;8;8;8;8;8;8;8;8;120;120;120;120;120;120;120;120;120;120;120;120;NA;NA;NA;NA;NA;NA;NA;NA;NA;NA;NA;8;119
2021-05-13;"0-60";12;12;12;12;12;12;12;12;12;12;12;12;62;62;62;62;62;62;62;62;62;62;62;62;1;1;1;1;1;1;1;1;1;1;1;12;60
2021-05-13;"60+";10;10;10;10;10;10;10;10;10;10;10;10;71;71;71;71;71;71;71;71;71;71;71;71;1;1;1;1;1;1;1;1;1;1;1;9;70
2021-05-13;"alle";22;22;22;22;22;22;22;22;22;22;22;22;133;133;133;133;133;133;133;133;133;133;133;133;NA;NA;NA;NA;NA;NA;NA;NA;NA;NA;NA;22;132
2021-05-12;"0-60";17;17;17;17;17;17;17;17;17;17;17;17;64;64;64;64;64;64;64;64;64;64;64;64;1;1;1;1;1;1;1;1;1;1;1;17;62
2021-05-12;"60+";14;14;14;14;14;14;14;14;14;14;14;14;76;76;76;76;76;76;76;76;76;76;76;76;1;1;1;1;1;1;1;1;1;1;1;14;75
2021-05-12;"alle";31;31;31;31;31;31;31;31;31;31;31;31;140;140;140;140;140;140;140;140;140;140;140;140;NA;NA;NA;NA;NA;NA;NA;NA;NA;NA;NA;31;139
2021-05-11;"0-60";13;13;13;13;13;13;13;13;13;13;13;13;74;74;74;74;74;74;74;74;74;74;74;74;1;1;1;1;1;1;1;1;1;1;1;12;70
2021-05-11;"60+";16;16;16;16;16;16;16;16;16;16;16;16;83;83;83;83;83;83;83;83;83;83;83;83;1;1;1;1;1;1;1;1;1;1;1;16;81
2021-05-11;"alle";29;29;29;29;29;29;29;29;29;29;29;29;157;157;157;157;157;157;157;157;157;157;157;157;NA;NA;NA;NA;NA;NA;NA;NA;NA;NA;NA;29;154
2021-05-10;"0-60";0;0;0;0;0;0;0;0;0;0;0;0;84;84;84;84;84;84;84;84;84;84;84;84;1;1;1;1;1;1;1;1;1;1;1;0;81
2021-05-10;"60+";0;0;0;0;0;0;0;0;0;0;0;0;85;85;85;85;85;85;85;85;85;85;85;85;1;1;1;1;1;1;1;1;1;1;1;0;83
2021-05-10;"alle";0;0;0;0;0;0;0;0;0;0;0;0;169;169;169;169;169;169;169;169;169;169;169;169;NA;NA;NA;NA;NA;NA;NA;NA;NA;NA;NA;0;166
2021-05-09;"0-60";3;3;3;3;3;3;3;3;3;3;3;3;85;85;85;85;85;85;85;85;85;85;85;85;1;1;1;1;1;1;1;1;1;1;1;3;82
2021-05-09;"60+";3;3;3;3;3;3;3;3;3;3;3;3;85;85;85;85;85;85;85;85;85;85;85;85;1;1;1;1;1;1;1;1;1;1;1;3;83
2021-05-09;"alle";6;6;6;6;6;6;6;6;6;6;6;6;170;170;170;170;170;170;170;170;170;170;170;170;NA;NA;NA;NA;NA;NA;NA;NA;NA;NA;NA;6;167
2021-05-08;"0-60";9;9;9;9;9;9;9;9;9;9;9;9;92;92;92;92;92;92;92;92;92;92;92;92;1;1;1;1;1;1;1;1;1;1;1;8;89
2021-05-08;"60+";15;15;15;15;15;15;15;15;15;15;15;15;86;86;86;86;86;86;86;86;86;86;86;86;1;1;1;1;1;1;1;1;1;1;1;15;83
2021-05-08;"alle";24;24;24;24;24;24;24;24;24;24;24;24;178;178;178;178;178;178;178;178;178;178;178;178;NA;NA;NA;NA;NA;NA;NA;NA;NA;NA;NA;23;174
2021-05-07;"0-60";8;8;8;8;8;8;8;8;8;8;8;8;98;98;98;98;98;98;98;98;98;98;98;98;1;1;1;1;1;1;1;1;1;1;1;8;96
2021-05-07;"60+";13;13;13;13;13;13;13;13;13;13;13;13;81;81;81;81;81;81;81;81;81;81;81;81;1;1;1;1;1;1;1;1;1;1;1;13;76
2021-05-07;"alle";21;21;21;21;21;21;21;21;21;21;21;21;179;179;179;179;179;179;179;179;179;179;179;179;NA;NA;NA;NA;NA;NA;NA;NA;NA;NA;NA;21;174
2021-05-06;"0-60";14;14;14;14;14;14;14;14;14;14;14;14;106;106;106;106;106;106;106;106;106;106;106;106;1;1;1;1;1;1;1;1;1;1;1;14;104
2021-05-06;"60+";15;15;15;15;15;15;15;15;15;15;15;15;83;83;83;83;83;83;83;83;83;83;83;83;1;1;1;1;1;1;1;1;1;1;1;14;77
2021-05-06;"alle";29;29;29;29;29;29;29;29;29;29;29;29;189;189;189;189;189;189;189;189;189;189;189;189;NA;NA;NA;NA;NA;NA;NA;NA;NA;NA;NA;29;184
2021-05-05;"0-60";27;27;27;27;27;27;27;27;27;27;27;27;107;107;107;107;107;107;107;107;107;107;107;107;1;1;1;1;1;1;1;1;1;1;1;25;104
2021-05-05;"60+";21;21;21;21;21;21;21;21;21;21;21;21;90;90;90;90;90;90;90;90;90;90;90;90;1;1;1;1;1;1;1;1;1;1;1;20;84
2021-05-05;"alle";48;48;48;48;48;48;48;48;48;48;48;48;197;197;197;197;197;197;197;197;197;197;197;197;NA;NA;NA;NA;NA;NA;NA;NA;NA;NA;NA;46;191
2021-05-04;"0-60";23;23;23;23;23;23;23;23;23;23;23;23;102;102;102;102;102;102;102;102;102;102;102;102;1;1;1;1;1;1;1;1;1;1;1;23;101
2021-05-04;"60+";18;18;18;18;18;18;18;18;18;18;18;18;89;89;89;89;89;89;89;89;89;89;89;89;1;1;1;1;1;1;1;1;1;1;1;18;84
2021-05-04;"alle";41;41;41;41;41;41;41;41;41;41;41;41;191;191;191;191;191;191;191;191;191;191;191;191;NA;NA;NA;NA;NA;NA;NA;NA;NA;NA;NA;41;187
2021-05-03;"0-60";1;1;1;1;1;1;1;1;1;1;1;1;106;106;106;106;106;106;106;106;106;106;106;106;1;1;1;1;1;1;1;1;1;1;1;1;101
2021-05-03;"60+";0;0;0;0;0;0;0;0;0;0;0;0;108;108;108;108;108;108;108;108;108;108;108;108;1;1;1;1;1;1;1;1;1;1;1;0;100
2021-05-03;"alle";1;1;1;1;1;1;1;1;1;1;1;1;214;214;214;214;214;214;214;214;214;214;214;214;NA;NA;NA;NA;NA;NA;NA;NA;NA;NA;NA;1;203
2021-05-02;"0-60";10;10;10;10;10;10;10;10;10;10;10;10;107;107;107;107;107;107;107;107;107;107;107;107;1;1;1;1;1;1;1;1;1;1;1;10;102
2021-05-02;"60+";4;4;4;4;4;4;4;4;4;4;4;4;110;110;110;110;110;110;110;110;110;110;110;110;1;1;1;1;1;1;1;1;1;1;1;3;102
2021-05-02;"alle";14;14;14;14;14;14;14;14;14;14;14;14;217;217;217;217;217;217;217;217;217;217;217;217;NA;NA;NA;NA;NA;NA;NA;NA;NA;NA;NA;13;206
2021-05-01;"0-60";15;15;15;15;15;15;15;15;15;15;15;15;108;108;108;108;108;108;108;108;108;108;108;108;1;1;1;1;1;1;1;1;1;1;1;15;103
2021-05-01;"60+";10;10;10;10;10;10;10;10;10;10;10;10;118;118;118;118;118;118;118;118;118;118;118;118;1;1;1;1;1;1;1;1;1;1;1;8;111
2021-05-01;"alle";25;25;25;25;25;25;25;25;25;25;25;25;226;226;226;226;226;226;226;226;226;226;226;226;NA;NA;NA;NA;NA;NA;NA;NA;NA;NA;NA;23;216
2021-04-30;"0-60";16;16;16;16;16;16;16;16;16;16;16;16;125;125;125;125;125;125;125;125;125;125;125;125;1;1;1;1;1;1;1;1;1;1;1;16;120
2021-04-30;"60+";15;15;15;15;15;15;15;15;15;15;15;15;127;127;127;127;127;127;127;127;127;127;127;127;1;1;1;1;1;1;1;1;1;1;1;14;121
2021-04-30;"alle";31;31;31;31;31;31;31;31;31;31;31;31;252;252;252;252;252;252;252;252;252;252;252;252;NA;NA;NA;NA;NA;NA;NA;NA;NA;NA;NA;31;243
2021-04-29;"0-60";15;15;15;15;15;15;15;15;15;15;15;15;129;129;129;129;129;129;129;129;129;129;129;129;1;1;1;1;1;1;1;1;1;1;1;14;124
2021-04-29;"60+";22;22;22;22;22;22;22;22;22;22;22;22;134;134;134;134;134;134;134;134;134;134;134;134;1;1;1;1;1;1;1;1;1;1;1;21;128
2021-04-29;"alle";37;37;37;37;37;37;37;37;37;37;37;37;263;263;263;263;263;263;263;263;263;263;263;263;NA;NA;NA;NA;NA;NA;NA;NA;NA;NA;NA;36;254
2021-04-28;"0-60";22;22;22;22;22;22;22;22;22;22;22;22;131;131;131;131;131;131;131;131;131;131;131;131;1;1;1;1;1;1;1;1;1;1;1;22;127
2021-04-28;"60+";20;20;20;20;20;20;20;20;20;20;20;20;137;137;137;137;137;137;137;137;137;137;137;137;1;1;1;1;1;1;1;1;1;1;1;20;132
2021-04-28;"alle";42;42;42;42;42;42;42;42;42;42;42;42;268;268;268;268;268;268;268;268;268;268;268;268;NA;NA;NA;NA;NA;NA;NA;NA;NA;NA;NA;42;260
2021-04-27;"0-60";27;27;27;27;27;27;27;27;27;27;27;27;138;138;138;138;138;138;138;138;138;138;138;138;1;1;1;1;1;1;1;1;1;1;1;23;132
2021-04-27;"60+";37;37;37;37;37;37;37;37;37;37;37;37;151;151;151;151;151;151;151;151;151;151;151;151;1;1;1;1;1;1;1;1;1;1;1;34;145
2021-04-27;"alle";64;64;64;64;64;64;64;64;64;64;64;64;289;289;289;289;289;289;289;289;289;289;289;289;NA;NA;NA;NA;NA;NA;NA;NA;NA;NA;NA;57;280
2021-04-26;"0-60";2;2;2;2;2;2;2;2;2;2;2;2;151;151;151;151;151;151;151;151;151;151;151;151;1;1;1;1;1;1;1;1;1;1;1;2;146
2021-04-26;"60+";2;2;2;2;2;2;2;2;2;2;2;2;164;164;164;164;164;164;164;164;164;164;164;164;1;1;1;1;1;1;1;1;1;1;1;2;161
2021-04-26;"alle";4;4;4;4;4;4;4;4;4;4;4;4;315;315;315;315;315;315;315;315;315;315;315;315;NA;NA;NA;NA;NA;NA;NA;NA;NA;NA;NA;4;312
2021-04-25;"0-60";11;11;11;11;11;11;11;11;11;11;11;11;149;149;149;149;149;149;149;149;149;149;149;149;1;1;1;1;1;1;1;1;1;1;1;11;144
2021-04-25;"60+";12;12;12;12;12;12;12;12;12;12;12;12;169;169;169;169;169;169;169;169;169;169;169;169;1;1;1;1;1;1;1;1;1;1;1;12;166
2021-04-25;"alle";23;23;23;23;23;23;23;23;23;23;23;23;318;318;318;318;318;318;318;318;318;318;318;318;NA;NA;NA;NA;NA;NA;NA;NA;NA;NA;NA;23;315
2021-04-24;"0-60";32;32;32;32;32;32;32;32;32;32;32;32;152;152;152;152;152;152;152;152;152;152;152;152;1;1;1;1;1;1;1;1;1;1;1;32;147
2021-04-24;"60+";19;19;19;19;19;19;19;19;19;19;19;19;164;164;164;164;164;164;164;164;164;164;164;164;1;1;1;1;1;1;1;1;1;1;1;18;161
2021-04-24;"alle";51;51;51;51;51;51;51;51;51;51;51;51;316;316;316;316;316;316;316;316;316;316;316;316;NA;NA;NA;NA;NA;NA;NA;NA;NA;NA;NA;50;313
2021-04-23;"0-60";20;20;20;20;20;20;20;20;20;20;20;20;134;134;134;134;134;134;134;134;134;134;134;134;1;1;1;1;1;1;1;1;1;1;1;20;128
2021-04-23;"60+";22;22;22;22;22;22;22;22;22;22;22;22;174;174;174;174;174;174;174;174;174;174;174;174;1;1;1;1;1;1;1;1;1;1;1;21;172
2021-04-23;"alle";42;42;42;42;42;42;42;42;42;42;42;42;308;308;308;308;308;308;308;308;308;308;308;308;NA;NA;NA;NA;NA;NA;NA;NA;NA;NA;NA;42;306
2021-04-22;"0-60";17;17;17;17;17;17;17;17;17;17;17;17;148;148;148;148;148;148;148;148;148;148;148;148;1;1;1;1;1;1;1;1;1;1;1;17;142
2021-04-22;"60+";25;25;25;25;25;25;25;25;25;25;25;25;174;174;174;174;174;174;174;174;174;174;174;174;1;1;1;1;1;1;1;1;1;1;1;25;173
2021-04-22;"alle";42;42;42;42;42;42;42;42;42;42;42;42;322;322;322;322;322;322;322;322;322;322;322;322;NA;NA;NA;NA;NA;NA;NA;NA;NA;NA;NA;42;320
2021-04-21;"0-60";29;29;29;29;29;29;29;29;29;29;29;29;154;154;154;154;154;154;154;154;154;154;154;154;1;1;1;1;1;1;1;1;1;1;1;27;148
2021-04-21;"60+";34;34;34;34;34;34;34;34;34;34;34;34;173;173;173;173;173;173;173;173;173;173;173;173;1;1;1;1;1;1;1;1;1;1;1;33;172
2021-04-21;"alle";63;63;63;63;63;63;63;63;63;63;63;63;327;327;327;327;327;327;327;327;327;327;327;327;NA;NA;NA;NA;NA;NA;NA;NA;NA;NA;NA;62;325
2021-04-20;"0-60";40;40;40;40;40;40;40;40;40;40;40;40;150;150;150;150;150;150;150;150;150;150;150;150;1;1;1;1;1;1;1;1;1;1;1;37;146
2021-04-20;"60+";50;50;50;50;50;50;50;50;50;50;50;50;167;167;167;167;167;167;167;167;167;167;167;167;1;1;1;1;1;1;1;1;1;1;1;50;165
2021-04-20;"alle";90;90;90;90;90;90;90;90;90;90;90;90;317;317;317;317;317;317;317;317;317;317;317;317;NA;NA;NA;NA;NA;NA;NA;NA;NA;NA;NA;89;314
2021-04-19;"0-60";0;0;0;0;0;0;0;0;0;0;0;0;132;132;132;132;132;132;132;132;132;132;132;132;1;1;1;1;1;1;1;1;1;1;1;0;131
2021-04-19;"60+";7;7;7;7;7;7;7;7;7;7;7;7;143;143;143;143;143;143;143;143;143;143;143;143;1;1;1;1;1;1;1;1;1;1;1;7;141
2021-04-19;"alle";7;7;7;7;7;7;7;7;7;7;7;7;275;275;275;275;275;275;275;275;275;275;275;275;NA;NA;NA;NA;NA;NA;NA;NA;NA;NA;NA;7;273
2021-04-18;"0-60";14;14;14;14;14;14;14;14;14;14;14;14;138;138;138;138;138;138;138;138;138;138;138;138;1;1;1;1;1;1;1;1;1;1;1;14;137
2021-04-18;"60+";7;7;7;7;7;7;7;7;7;7;7;7;139;139;139;139;139;139;139;139;139;139;139;139;1;1;1;1;1;1;1;1;1;1;1;7;137
2021-04-18;"alle";21;21;21;21;21;21;21;21;21;21;21;21;277;277;277;277;277;277;277;277;277;277;277;277;NA;NA;NA;NA;NA;NA;NA;NA;NA;NA;NA;21;275
2021-04-17;"0-60";14;14;14;14;14;14;14;14;14;14;14;14;129;129;129;129;129;129;129;129;129;129;129;129;1;1;1;1;1;1;1;1;1;1;1;13;128
2021-04-17;"60+";29;29;29;29;29;29;29;29;29;29;29;29;144;144;144;144;144;144;144;144;144;144;144;144;1;1;1;1;1;1;1;1;1;1;1;29;142
2021-04-17;"alle";43;43;43;43;43;43;43;43;43;43;43;43;273;273;273;273;273;273;273;273;273;273;273;273;NA;NA;NA;NA;NA;NA;NA;NA;NA;NA;NA;43;271
2021-04-16;"0-60";34;34;34;34;34;34;34;34;34;34;34;34;146;146;146;146;146;146;146;146;146;146;146;146;1;1;1;1;1;1;1;1;1;1;1;34;144
2021-04-16;"60+";22;22;22;22;22;22;22;22;22;22;22;22;135;135;135;135;135;135;135;135;135;135;135;135;1;1;1;1;1;1;1;1;1;1;1;22;132
2021-04-16;"alle";56;56;56;56;56;56;56;56;56;56;56;56;281;281;281;281;281;281;281;281;281;281;281;281;NA;NA;NA;NA;NA;NA;NA;NA;NA;NA;NA;56;276
2021-04-15;"0-60";23;23;23;23;23;23;23;23;23;23;23;23;143;143;143;143;143;143;143;143;143;143;143;143;1;1;1;1;1;1;1;1;1;1;1;23;141
2021-04-15;"60+";24;24;24;24;24;24;24;24;24;24;24;24;134;134;134;134;134;134;134;134;134;134;134;134;1;1;1;1;1;1;1;1;1;1;1;24;130
2021-04-15;"alle";47;47;47;47;47;47;47;47;47;47;47;47;277;277;277;277;277;277;277;277;277;277;277;277;NA;NA;NA;NA;NA;NA;NA;NA;NA;NA;NA;47;272
2021-04-14;"0-60";25;25;25;25;25;25;25;25;25;25;25;25;152;152;152;152;152;152;152;152;152;152;152;152;1;1;1;1;1;1;1;1;1;1;1;25;150
2021-04-14;"60+";28;28;28;28;28;28;28;28;28;28;28;28;148;148;148;148;148;148;148;148;148;148;148;148;1;1;1;1;1;1;1;1;1;1;1;26;142
2021-04-14;"alle";53;53;53;53;53;53;53;53;53;53;53;53;300;300;300;300;300;300;300;300;300;300;300;300;NA;NA;NA;NA;NA;NA;NA;NA;NA;NA;NA;51;293
2021-04-13;"0-60";22;22;22;22;22;22;22;22;22;22;22;22;145;145;145;145;145;145;145;145;145;145;145;145;1;1;1;1;1;1;1;1;1;1;1;22;143
2021-04-13;"60+";26;26;26;26;26;26;26;26;26;26;26;26;158;158;158;158;158;158;158;158;158;158;158;158;1;1;1;1;1;1;1;1;1;1;1;26;152
2021-04-13;"alle";48;48;48;48;48;48;48;48;48;48;48;48;303;303;303;303;303;303;303;303;303;303;303;303;NA;NA;NA;NA;NA;NA;NA;NA;NA;NA;NA;48;297
2021-04-12;"0-60";6;6;6;6;6;6;6;6;6;6;6;6;143;143;143;143;143;143;143;143;143;143;143;143;1;1;1;1;1;1;1;1;1;1;1;6;140
2021-04-12;"60+";3;3;3;3;3;3;3;3;3;3;3;3;147;147;147;147;147;147;147;147;147;147;147;147;1;1;1;1;1;1;1;1;1;1;1;3;141
2021-04-12;"alle";9;9;9;9;9;9;9;9;9;9;9;9;290;290;290;290;290;290;290;290;290;290;290;290;NA;NA;NA;NA;NA;NA;NA;NA;NA;NA;NA;9;283
2021-04-11;"0-60";5;5;5;5;5;5;5;5;5;5;5;5;NA;NA;NA;NA;NA;NA;NA;NA;NA;NA;NA;NA;1;1;1;1;1;1;1;1;1;1;1;5;NA
2021-04-11;"60+";12;12;12;12;12;12;12;12;12;12;12;12;NA;NA;NA;NA;NA;NA;NA;NA;NA;NA;NA;NA;1;1;1;1;1;1;1;1;1;1;1;12;NA
2021-04-11;"alle";17;17;17;17;17;17;17;17;17;17;17;17;NA;NA;NA;NA;NA;NA;NA;NA;NA;NA;NA;NA;NA;NA;NA;NA;NA;NA;NA;NA;NA;NA;NA;17;NA
2021-04-10;"0-60";31;31;31;31;31;31;31;31;31;31;31;31;NA;NA;NA;NA;NA;NA;NA;NA;NA;NA;NA;NA;1;1;1;1;1;1;1;1;1;1;1;29;NA
2021-04-10;"60+";20;20;20;20;20;20;20;20;20;20;20;20;NA;NA;NA;NA;NA;NA;NA;NA;NA;NA;NA;NA;1;1;1;1;1;1;1;1;1;1;1;19;NA
2021-04-10;"alle";51;51;51;51;51;51;51;51;51;51;51;51;NA;NA;NA;NA;NA;NA;NA;NA;NA;NA;NA;NA;NA;NA;NA;NA;NA;NA;NA;NA;NA;NA;NA;48;NA
2021-04-09;"0-60";31;31;31;31;31;31;31;31;31;31;31;31;NA;NA;NA;NA;NA;NA;NA;NA;NA;NA;NA;NA;1;1;1;1;1;1;1;1;1;1;1;31;NA
2021-04-09;"60+";21;21;21;21;21;21;21;21;21;21;21;21;NA;NA;NA;NA;NA;NA;NA;NA;NA;NA;NA;NA;1;1;1;1;1;1;1;1;1;1;1;20;NA
2021-04-09;"alle";52;52;52;52;52;52;52;52;52;52;52;52;NA;NA;NA;NA;NA;NA;NA;NA;NA;NA;NA;NA;NA;NA;NA;NA;NA;NA;NA;NA;NA;NA;NA;52;NA
2021-04-08;"0-60";32;32;32;32;32;32;32;32;32;32;32;32;NA;NA;NA;NA;NA;NA;NA;NA;NA;NA;NA;NA;1;1;1;1;1;1;1;1;1;1;1;32;NA
2021-04-08;"60+";38;38;38;38;38;38;38;38;38;38;38;38;NA;NA;NA;NA;NA;NA;NA;NA;NA;NA;NA;NA;1;1;1;1;1;1;1;1;1;1;1;36;NA
2021-04-08;"alle";70;70;70;70;70;70;70;70;70;70;70;70;NA;NA;NA;NA;NA;NA;NA;NA;NA;NA;NA;NA;NA;NA;NA;NA;NA;NA;NA;NA;NA;NA;NA;68;NA
2021-04-07;"0-60";18;18;18;18;18;18;18;18;18;18;18;18;NA;NA;NA;NA;NA;NA;NA;NA;NA;NA;NA;NA;1;1;1;1;1;1;1;1;1;1;1;18;NA
2021-04-07;"60+";38;38;38;38;38;38;38;38;38;38;38;38;NA;NA;NA;NA;NA;NA;NA;NA;NA;NA;NA;NA;1;1;1;1;1;1;1;1;1;1;1;36;NA
2021-04-07;"alle";56;56;56;56;56;56;56;56;56;56;56;56;NA;NA;NA;NA;NA;NA;NA;NA;NA;NA;NA;NA;NA;NA;NA;NA;NA;NA;NA;NA;NA;NA;NA;55;NA
2021-04-06;"0-60";20;20;20;20;20;20;20;20;20;20;20;20;NA;NA;NA;NA;NA;NA;NA;NA;NA;NA;NA;NA;1;1;1;1;1;1;1;1;1;1;1;19;NA
2021-04-06;"60+";15;15;15;15;15;15;15;15;15;15;15;15;NA;NA;NA;NA;NA;NA;NA;NA;NA;NA;NA;NA;1;1;1;1;1;1;1;1;1;1;1;15;NA
2021-04-06;"alle";35;35;35;35;35;35;35;35;35;35;35;35;NA;NA;NA;NA;NA;NA;NA;NA;NA;NA;NA;NA;NA;NA;NA;NA;NA;NA;NA;NA;NA;NA;NA;34;NA
