"date";"age60";"reported";"nowcast_est";"nowcast_0.025";"nowcast_0.1";"nowcast_0.25";"nowcast_0.5";"nowcast_0.75";"nowcast_0.8";"nowcast_0.85";"nowcast_0.9";"nowcast_0.95";"nowcast_0.975";"reported7";"nowcast7_est";"nowcast7_0.025";"nowcast7_0.1";"nowcast7_0.25";"nowcast7_0.5";"nowcast7_0.75";"nowcast7_0.8";"nowcast7_0.85";"nowcast7_0.9";"nowcast7_0.95";"nowcast7_0.975";"F_est";"F_0.025";"F_0.1";"F_0.25";"F_0.5";"F_0.75";"F_0.8";"F_0.85";"F_0.9";"F_0.95";"F_0.975";"realized";"realized7"
2023-06-26;"0-60";0;0;0;0;0;0;0;0;0;0;0;0;2;4,1;2;2;2;4;7,9;6;6,6;10,7;8,5;14,3;0,113465480113309;0,360250159390468;0,253077401478862;0,179190173991411;0,111999234431581;0,066727813282497;0,0573761680992751;0,0485650569226492;0,0393141800269772;0,0284313042438964;0,0211782098704798;NA;NA
2023-06-26;"60+";0;0;0;0;0;0;0;0;0;0;0;0;16;18,7;16;16;16;19;21,3;21;21;25,3;23;29,3;0,0989769927117613;0,294003633289294;0,213151454199121;0,152683062931505;0,101078958647296;0,0637069404725943;0,0569929027084266;0,0487493273954329;0,0413088005730298;0,0310606267242279;0,0255076434745418;NA;NA
2023-06-26;"alle";0;0;0;0;0;0;0;0;0;0;0;0;18;22,8;18;18;18;23;27,2;26;27;35,2;31;43,6;NA;NA;NA;NA;NA;NA;NA;NA;NA;NA;NA;NA;NA
2023-06-25;"0-60";0;0;0;0;0;0;0;0;0;0;0;0;3;5,2;3;3;3;5;8,8;7;7,8;12;10;16,2;0,0824436102307549;0,316389590323968;0,21617727336957;0,141725362658644;0,0801548955695362;0,0410274488306032;0,0341533200610773;0,0273698830620373;0,0209277077718384;0,0139289869944047;0,00989015142624792;NA;NA
2023-06-25;"60+";0;0;0;0;0;0;0;0;0;0;0;0;17;19,8;17;17;17,0408163265306;20;23,9387755102041;22;22;26,2;24;30,2;0,112234335067709;0,348362578401968;0,255528709776707;0,181013082929076;0,112715720999406;0,0677351827307653;0,0587777429820939;0,0495791686084362;0,0397879944922589;0,0290928021121504;0,0219173707542932;NA;NA
2023-06-25;"alle";0;0;0;0;0;0;0;0;0;0;0;0;20;24,9;20;20;20;25;31,1;29;30;37,1;34;48,1;NA;NA;NA;NA;NA;NA;NA;NA;NA;NA;NA;NA;NA
2023-06-24;"0-60";1;2,9;1;1;2;3;4;5;6;7;8;10;3;5,2;3;3;3;5;8,8;7;7,8;12;10;16,2;0,341850475117096;0,59344064903136;0,507030292998349;0,420896943173757;0,328792721561832;0,245806264271956;0,228325220218165;0,205962101086416;0,177201017768103;0,137888906739701;0,108011329485951;NA;NA
2023-06-24;"60+";1;2,2;1;1;1;2;3;3;4;4;5;6;17;19,8;17;17;17,4;20;23,4;22;22;26,2;24;30,2;0,45794999145221;0,676351229085579;0,60603437926369;0,536705988141247;0,457173321329504;0,378931295473259;0,358696262310128;0,336722046989101;0,309399948602584;0,269410447965623;0,238296852667345;NA;NA
2023-06-24;"alle";2;5,1;2;3;4;5;7;8;9;10;12;15;20;24,9;20;20;20;25;31,1;29;30;37,1;34;48,1;NA;NA;NA;NA;NA;NA;NA;NA;NA;NA;NA;NA;NA
2023-06-23;"0-60";0;0;0;0;0;0;0;0;0;0;0;0;2;2,2;2;2;2;2;3,8;3;3;3,8;3;4,2;0,532618122845425;0,725349586338622;0,660996880704645;0,595402897282072;0,512553805545302;0,422441228802692;0,398428833274599;0,368935844790134;0,331343233924595;0,261530663981741;0,18425725142898;NA;NA
2023-06-23;"60+";1;1,5;1;1;1;1;2;2;2;3;3;3;17;18,6;17;17;17,2075471698113;19;21,4;20;20;23,4;22;27,4;0,67974846776668;0,818658311604782;0,775140688699568;0,733053264816768;0,676594702152629;0,615712778338415;0,599495006631821;0,577675345653989;0,550438774363039;0,510069913199141;0,474798712472374;NA;NA
2023-06-23;"alle";1;1,5;1;1;1;1;2;2;2;3;3;3;19;20,9;19;19;19;21;23,1;22;23;25,1;24;29,1;NA;NA;NA;NA;NA;NA;NA;NA;NA;NA;NA;NA;NA
2023-06-22;"0-60";0;0;0;0;0;0;0;0;0;0;0;0;3;3,3;3;3;3;3;4,7;4;4;4,7;4,6;6,7;0,681160918386841;0,828114740035984;0,780910914529996;0,730140418376619;0,662599416267482;0,578034682889867;0,553423508217376;0,522315853329537;0,4771212144012;0,395534312878978;0,296721345209798;NA;NA
2023-06-22;"60+";2;2,5;2;2;2;2;3;3;3;4;4;4;19;20,3;19;19;19;20;21,7;21;22;23,7;23;27,7;0,811372917412345;0,900090983802586;0,874295979449486;0,84557955896647;0,80912334254167;0,763356910083233;0,74946069491298;0,733944995143111;0,712089952821993;0,679327067279522;0,638993081589064;NA;NA
2023-06-22;"alle";2;2,5;2;2;2;2;3;3;3;4;4;4;22;23,6;22;22;22;24;26,4;25;26;28,4;27;34,4;NA;NA;NA;NA;NA;NA;NA;NA;NA;NA;NA;NA;NA
2023-06-21;"0-60";1;1,2;1;1;1;1;1;1;2;2;2;2;3;3,3;3;3;3;3;4,7;4;4;4,7;4,6;6,7;0,869305257770747;0,934082703877619;0,915393046159685;0,894615513556979;0,865118923162172;0,829055637818225;0,818607262043549;0,805580936027054;0,787484749036345;0,760701331519755;0,733766623018393;NA;NA
2023-06-21;"60+";3;3,2;3;3;3;3;3;4;4;4;4;5;19;19,9;19;19;19;20;22,1;21;21;22,1;22;26,1;0,931024941310898;0,963592878732154;0,954704716922291;0,944616595966336;0,930593106948035;0,912734787121345;0,907698825695734;0,902389599550526;0,894453452279392;0,88159356866815;0,8684057733384;NA;NA
2023-06-21;"alle";4;4,4;4;4;4;4;5;5;5;5;6;6;22;23,2;22;22;22;23;24,8;25;25;28,8;27;32,8;NA;NA;NA;NA;NA;NA;NA;NA;NA;NA;NA;NA;NA
2023-06-20;"0-60";0;0;0;0;0;0;0;0;0;0;0;0;4;4,2;4;4;4;4;5,8;5;5;5,8;5,8;8,2;0,922743456248597;0,961146017077564;0,949396930078659;0,936243421368801;0,91655994381617;0,89197699164012;0,885150521158603;0,876696983802444;0,863537756422751;0,842372618809756;0,820406435606625;NA;NA
2023-06-20;"60+";9;9,4;9;9;9;9;10;10;10;10;11;11;20;20,7;20;20;20;21;21,3;22;22;23,3;23;27,3;0,959703261710481;0,978664080276425;0,973028534147968;0,967018104101633;0,958441069363507;0,94785222409179;0,94483682328062;0,941197110102361;0,935883695549224;0,927197542053274;0,918203464955896;NA;NA
2023-06-20;"alle";9;9,4;9;9;9;9;10;10;10;10;11;11;24;24,9;24;24;24;25;27,1;26;27;29,1;28;35,1;NA;NA;NA;NA;NA;NA;NA;NA;NA;NA;NA;NA;NA
2023-06-19;"0-60";1;1,1;1;1;1;1;1;1;1;2;2;2;5;5,2;5;5;5;5;6,8;6;6;6,8;6,9;9,6;0,91379407233224;0,960272774446918;0,94611561200555;0,928132991627415;0,901111104760006;0,863390718305164;0,851621113372912;0,835352826659748;0,809841883240482;0,752912912909452;0,64775324675098;NA;NA
2023-06-19;"60+";1;1;1;1;1;1;1;1;1;1;2;2;16;16,4;16;16;16;16;17,6;17;17;19,6;18;21,6;0,952687722459267;0,977612011910253;0,970517405614285;0,962305281802213;0,95048420678766;0,93453136034526;0,929925791627152;0,923977832503241;0,915993944570827;0,900978865016211;0,883720577385448;NA;NA
2023-06-19;"alle";2;2,1;2;2;2;2;2;2;3;3;3;4;21;21,6;21;21;21;22;22,4;23;23;24,4;24;29,8;NA;NA;NA;NA;NA;NA;NA;NA;NA;NA;NA;NA;NA
2023-06-18;"0-60";0;0;0;0;0;0;0;0;0;0;0;0;4;4,1;4;4;4;4;4,3;4;4,4;5,7;5;6,7;0,851720816433378;0,935773679829899;0,909750649542468;0,877899082479015;0,8265722816202;0,756667149406708;0,734828360250523;0,703717821921756;0,657724709727064;0,574192211329786;0,457137299756939;NA;NA
2023-06-18;"60+";0;0;0;0;0;0;0;0;0;0;0;0;16;16,4;16;16;16;16;17,6;17;17;17,6;18;21,6;0,910518228932178;0,961080241751068;0,946852656751927;0,929792318508607;0,905093847259339;0,871711064994791;0,861704412156535;0,848614719358487;0,831350334517724;0,79986218349943;0,765032366360289;NA;NA
2023-06-18;"alle";0;0;0;0;0;0;0;0;0;0;0;0;20;20,5;20;20;20;20;21,5;21;22;23,5;23;28,9;NA;NA;NA;NA;NA;NA;NA;NA;NA;NA;NA;NA;NA
2023-06-17;"0-60";0;0;0;0;0;0;0;0;0;0;0;0;4;4,1;4;4;4;4;4,3;4;4,4;5,7;5;6,7;0,927321283424146;0,964475860323646;0,951932524041594;0,935518819959531;0,909756700147185;0,87067074163111;0,855808791634505;0,834904129972088;0,795692020961155;0,66138252238382;0,473920316171928;NA;NA
2023-06-17;"60+";1;1;1;1;1;1;1;1;1;1;2;2;16;16,4;16;16;16;16;17,6;17;17;17,6;18;21,6;0,953013401083435;0,975857416896182;0,968760033290389;0,960884967521799;0,949068076513941;0,93399096099988;0,929216043055191;0,923042364633308;0,913099522425494;0,890828165852694;0,856542241871429;NA;NA
2023-06-17;"alle";1;1;1;1;1;1;1;1;1;1;2;2;20;20,5;20;20;20;20;21,5;21;22;23,5;23;28,9;NA;NA;NA;NA;NA;NA;NA;NA;NA;NA;NA;NA;NA
2023-06-16;"0-60";1;1,1;1;1;1;1;1;1;1;2;2;3;4;4,1;4;4;4;4;4,3;4;4,4;5,7;5;6,7;0,945331986305049;0,972890363258621;0,962742452553646;0,94976516691428;0,928545779261271;0,891322444689387;0,87703043556322;0,851542934272459;0,788757669522941;0,566192241358995;0,321705689878074;NA;NA
2023-06-16;"60+";3;3,1;3;3;3;3;3;3;4;4;4;4;17;17,4;17;17;17;17;18,6;18;18;20,6;19;22,6;0,961043748163588;0,979123269182917;0,973175936257813;0,966605511511622;0,957251721255265;0,944915609454799;0,940489195255934;0,935161759725278;0,926421749158947;0,902860086165506;0,837821498584638;NA;NA
2023-06-16;"alle";4;4,2;4;4;4;4;5;5;5;5;6;7;21;21,5;21;21;21;21;22,5;22;23;24,5;24;29,9;NA;NA;NA;NA;NA;NA;NA;NA;NA;NA;NA;NA;NA
2023-06-15;"0-60";0;0;0;0;0;0;0;0;0;0;0;0;3;3,1;3;3;3;3;3,3;3;3;3,3;3,5;4,3;0,957601015898425;0,980030428848849;0,971647336954742;0,96095147673036;0,943019858192513;0,911035754827152;0,897810010841351;0,876995627038369;0,822555845624;0,620998523902676;0,410715138207682;NA;NA
2023-06-15;"60+";2;2,1;2;2;2;2;2;2;2;2;3;3;20;20,4;20;20;20;20;21,6;21;21;23,6;22;25,6;0,96644761603631;0,98238243661529;0,977486068541369;0,971631092061221;0,963404330584714;0,95188595610205;0,948292628140145;0,94328348890266;0,935828033657509;0,918189262981747;0,870073360159373;NA;NA
2023-06-15;"alle";2;2,1;2;2;2;2;2;2;2;2;3;3;23;23,5;23;23;23;23;24,5;24;24;26,5;25;28,5;NA;NA;NA;NA;NA;NA;NA;NA;NA;NA;NA;NA;NA
2023-06-14;"0-60";2;2;2;2;2;2;2;2;2;2;3;3;3;3,1;3;3;3;3;3,3;3;3;3,3;3,5;4,3;0,980944475791391;0,991753101191208;0,988348065453295;0,984051690852014;0,977227358563114;0,967073422797525;0,963848481792739;0,959888274486368;0,95348923949397;0,942249559730246;0,927505319067386;NA;NA
2023-06-14;"60+";4;4,1;4;4;4;4;4;4;4;4;5;5;27;27,5;27;27;27;27;28,5;28;29;30,5;30;34,5;0,983220888579825;0,991329470988779;0,988887083359677;0,986167298474456;0,982201803984522;0,977013432211411;0,975536128195076;0,973650863095019;0,971032549630402;0,966870824544328;0,962071765200027;NA;NA
2023-06-14;"alle";6;6,1;6;6;6;6;6;6;6;7;7;7;30;30,6;30;30;30;31;31,4;31;32;33,4;33;37,4;NA;NA;NA;NA;NA;NA;NA;NA;NA;NA;NA;NA;NA
2023-06-13;"0-60";1;1;1;1;1;1;1;1;1;1;1;1;3;3;3;3;3;3;3;3;3;3;3;3,4;0,986726223914958;0,994070248385922;0,991449124743116;0,988002122470808;0,982458987715438;0,973429224354718;0,970561428694996;0,966312260415715;0,959995742072558;0,94560378821829;0,927822167776543;NA;NA
2023-06-13;"60+";5;5,1;5;5;5;5;5;5;5;5;6;6;28;28,5;28;28;28;28;29,5;29;30;31,5;31;35,5;0,986994635468062;0,993229959330056;0,991375248559223;0,989100253894324;0,985887650742737;0,981630049263409;0,98030928306176;0,978582137113584;0,97619148092034;0,971743053206645;0,965750315757918;NA;NA
2023-06-13;"alle";6;6,1;6;6;6;6;6;6;6;6;7;7;31;31,5;31;31;31;31;32,5;32;33;34,5;34;38,5;NA;NA;NA;NA;NA;NA;NA;NA;NA;NA;NA;NA;NA
2023-06-12;"0-60";0;0;0;0;0;0;0;0;0;0;0;0;5;5;5;5;5;5;5;5;5;5;5,8;7;0,982525484903088;0,99265139889055;0,988657161986922;0,983449138048674;0,974219582208636;0,956804617355701;0,950354344315187;0,939074536800393;0,913888587892129;0,831534922191131;0,687679037191699;NA;NA
2023-06-12;"60+";1;1;1;1;1;1;1;1;1;1;1;1;36;36,5;36;36;36;36;37,5;37;38;39,5;39;43,5;0,981008806430226;0,991125882114563;0,988226576575827;0,984469598301358;0,979011222085285;0,971094320713579;0,968462216850223;0,964963264312423;0,960097287479835;0,949326929371308;0,930097313185617;NA;NA
2023-06-12;"alle";1;1;1;1;1;1;1;1;1;1;1;1;41;41,5;41;41;41;42;42,5;42;43;44,5;44;48,5;NA;NA;NA;NA;NA;NA;NA;NA;NA;NA;NA;NA;NA
2023-06-11;"0-60";0;0;0;0;0;0;0;0;0;0;0;0;5;5;5;5;5;5;5;5;5;5;5,8;7;0,964817312484321;0,985742784753355;0,977740518832594;0,96660870194282;0,946701920744295;0,908699918393852;0,893701476229508;0,872903490142799;0,826807449688964;0,70972501409125;0,510391450431259;NA;NA
2023-06-11;"60+";0;0;0;0;0;0;0;0;0;0;0;0;36;36,5;36;36;36;36;37,5;37;38;39,5;39;43,5;0,957729075991655;0,982223820467962;0,974740245444414;0,966142190967398;0,953225554413836;0,933279779669224;0,926865467402781;0,918404639248501;0,90581861422932;0,879412630471434;0,835977684055589;NA;NA
2023-06-11;"alle";0;0;0;0;0;0;0;0;0;0;0;0;41;41,5;41;41;41;41;42,5;42;43;44,5;44;48,5;NA;NA;NA;NA;NA;NA;NA;NA;NA;NA;NA;NA;NA
2023-06-10;"0-60";0;0;0;0;0;0;0;0;0;0;0;0;5;5;5;5;5;5;5;5;5;5;5,8;7;0,98176380143888;0,991783212861289;0,987186403989741;0,981206243814327;0,969682105354861;0,946720558412257;0,935956680352789;0,917142181785218;0,865811420851907;0,682786053764393;0,461215455644417;NA;NA
2023-06-10;"60+";2;2;2;2;2;2;2;2;2;2;3;3;37;37,5;37;37;37;37;38,5;38;39;40,5;40;44,5;0,975828060561838;0,988146198631539;0,984241576301763;0,979624306480904;0,972570860471109;0,96207420058217;0,958733688748843;0,953666977916677;0,946159405115829;0,923605192971561;0,872156207216033;NA;NA
2023-06-10;"alle";2;2;2;2;2;2;2;2;2;2;3;3;42;42,5;42;42;42;43;43,5;43;44;45,5;45;49,5;NA;NA;NA;NA;NA;NA;NA;NA;NA;NA;NA;NA;NA
2023-06-09;"0-60";0;0;0;0;0;0;0;0;0;0;0;0;5;5;5;5;5;5;5;5;5;5;5,8;7;0,985429880899602;0,992953535945899;0,989238077215919;0,984040096559907;0,973993202204193;0,950091775477137;0,937248234720679;0,91157848212266;0,824206094009499;0,552753221387825;0,295719893604499;NA;NA
2023-06-09;"60+";6;6,1;6;6;6;6;6;6;7;7;7;8;40;40,5;40;40;40;40;41,5;41;42;43,5;43;47,5;0,978763903990469;0,989219972617006;0,985722512824715;0,981729091981437;0,975583605194171;0,966292600014271;0,962869384357919;0,958460557453959;0,950049647672678;0,920577342965768;0,83652498509229;NA;NA
2023-06-09;"alle";6;6,1;6;6;6;6;6;6;7;7;7;8;45;45,6;45;45;45;46;46,4;46,6;47;48,4;48;54,4;NA;NA;NA;NA;NA;NA;NA;NA;NA;NA;NA;NA;NA
2023-06-08;"0-60";0;0;0;0;0;0;0;0;0;0;0;0;6;6;6;6;6;6;6;6;6;7,4;7;9;0,988362015070004;0,994385785268987;0,991498523979986;0,987193281893029;0,978882389202698;0,958986708337194;0,948954929497132;0,928673163514214;0,861254604646106;0,608525590399504;0,389124870775979;NA;NA
2023-06-08;"60+";9;9,2;9;9;9;9;9;10;10;10;10;11;48;48,5;48;48;48;48;49,5;50;50;51,5;51;59,5;0,981229120493334;0,990762090714784;0,987743141182603;0,984163733977293;0,978698135232921;0,96998790640648;0,967255060707239;0,963254806163508;0,956507620702439;0,935755960300477;0,877404170563648;NA;NA
2023-06-08;"alle";9;9,2;9;9;9;9;9;10;10;10;10;11;54;54,6;54;54;54;55;57,4;56;56;59,4;59;71,4;NA;NA;NA;NA;NA;NA;NA;NA;NA;NA;NA;NA;NA
2023-06-07;"0-60";2;2;2;2;2;2;2;2;2;2;2;2;7;7;7;7;7;7;7;7;7;7,8;9;12,4;0,994779667323693;0,997870547070029;0,996802079813917;0,995185264891378;0,992364363687667;0,987522389412915;0,985681444195232;0,983342755731875;0,979416977259055;0,971655004446377;0,962134003948185;NA;NA
2023-06-07;"60+";5;5;5;5;5;5;5;5;5;5;6;6;46;46,4;46;46;46;46;47,6;47;48;49,6;49;56,4;0,990636163970364;0,995644549250572;0,994251826979936;0,992473905026257;0,989818740558577;0,986115357225795;0,984950315373156;0,983380063358593;0,981258237187458;0,977247406495935;0,972678646024596;NA;NA
2023-06-07;"alle";7;7,1;7;7;7;7;7;7;7;7;8;8;53;53,4;53;53;53;54;54,6;55;55;58,6;59;73,2;NA;NA;NA;NA;NA;NA;NA;NA;NA;NA;NA;NA;NA
2023-06-06;"0-60";3;3;3;3;3;3;3;3;3;3;3;4;6;6;6;6;6;6;6;6;6;6,7;7,7;10,6;0,996337045767738;0,998447053947748;0,997594474102509;0,996273991467211;0,993903937953696;0,989001610841802;0,987235082238535;0,984287157718857;0,978704076767914;0,964192602661776;0,941198332228319;NA;NA
2023-06-06;"60+";13;13,1;13;13;13;13;13;13;13;14;14;14;51;51,4;51;51;51;51;52,6;52;53;54,6;54;62,6;0,992868278472622;0,996754510996875;0,995644152040631;0,994198075256433;0,99203774963624;0,988863400423057;0,987764369169015;0,986188513854237;0,984101534153239;0,979421700257721;0,972764704031062;NA;NA
2023-06-06;"alle";16;16,1;16;16;16;16;16;16;16;17;17;17;57;57,4;57;57;57;57;58,6;59;59;62,6;63;77,8;NA;NA;NA;NA;NA;NA;NA;NA;NA;NA;NA;NA;NA
2023-06-05;"0-60";0;0;0;0;0;0;0;0;0;0;0;0;3;3;3;3;3;3;3;3;3;3,3;3,9;5,2;0,995158516172612;0,997999923136057;0,996734630528611;0,994857346316486;0,990773778406443;0,980715225334874;0,97515636162639;0,965404843668132;0,936307983165149;0,82594125969173;0,657670968351273;NA;NA
2023-06-05;"60+";1;1;1;1;1;1;1;1;1;1;1;1;41;41,3;41;41;41;41;42,7;42;42;44,7;44;50,7;0,989933570035384;0,995984073202343;0,994287513926262;0,992063105277456;0,988507508804016;0,982782504743763;0,980607656710787;0,97760373539418;0,97265390597641;0,959656378334753;0,93634022349614;NA;NA
2023-06-05;"alle";1;1;1;1;1;1;1;1;1;1;1;1;44;44,3;44;44;44;44;45,7;45;46;49,7;49;60,7;NA;NA;NA;NA;NA;NA;NA;NA;NA;NA;NA;NA;NA
2023-06-04;"0-60";0;0;0;0;0;0;0;0;0;0;0;0;3;3;3;3;3;3;3;3;3;3,3;3,9;5,2;0,990284171474951;0,996409825774532;0,99396182460446;0,990111120085611;0,981220722110845;0,957876550115999;0,947097040147066;0,92665051723611;0,875373292601475;0,700999496734129;0,48149039732552;NA;NA
2023-06-04;"60+";1;1;1;1;1;1;1;1;1;1;1;2;40;40,3;40;40;40;40;41,7;41;41;43,7;43;45;0,978609999548758;0,992497467519972;0,988611915445555;0,983677626605141;0,975496664885928;0,96096231148716;0,956123030597781;0,948537565822415;0,936923196133945;0,906374103229363;0,851550642947681;NA;NA
2023-06-04;"alle";1;1;1;1;1;1;1;1;1;1;1;2;43;43,3;43;43;43;43;44,7;44;45;48,7;48;59,7;NA;NA;NA;NA;NA;NA;NA;NA;NA;NA;NA;NA;NA
2023-06-03;"0-60";0;0;0;0;0;0;0;0;0;0;0;0;3;3;3;3;3;3;3;3;3;3,3;3,9;5,2;0,995002998661683;0,998135449996733;0,996871911790689;0,994656254507452;0,98956467746259;0,973450452738524;0,963121517212181;0,941396726529351;0,872875194100479;0,651325442135208;0,423735753960306;NA;NA
2023-06-03;"60+";5;5,1;5;5;5;5;5;5;5;5;6;6;41;41,3;41;41;41;41;42,7;42;42;44,7;44;46;0,988575127351126;0,995769155883003;0,993728640948848;0,991075974984688;0,986482988889779;0,978239358280554;0,975099799037878;0,970220611337666;0,961590723309238;0,932685213907503;0,87193955670087;NA;NA
2023-06-03;"alle";5;5,1;5;5;5;5;5;5;5;5;6;6;44;44,3;44;44;44;44;45,7;45;46;49,7;49;60,7;NA;NA;NA;NA;NA;NA;NA;NA;NA;NA;NA;NA;NA
2023-06-02;"0-60";1;1;1;1;1;1;1;1;1;1;2;4;4;4;4;4;4;4;4;4;4;4,5;5,1;7;0,996006582976152;0,998656959776333;0,997609076379874;0,99570625348141;0,990972752352146;0,973041243438785;0,958411570276849;0,921230768934155;0,810962879507591;0,514144189837751;0,255426135004322;NA;NA
2023-06-02;"60+";14;14,1;14;14;14;14;14;15;15;15;16;17;39;39,3;39;39;39;39;40;40;40;42,7;42;44;0,990676872825731;0,99678359368538;0,995007468344315;0,992727571958569;0,988705779993094;0,981099186606166;0,977685778955495;0,973173056683667;0,962765735771488;0,924843878182064;0,830976441877597;NA;NA
2023-06-02;"alle";15;15,1;15;15;15;15;16;16;16;17;18;22;43;43,3;43;43;43;43;44,7;44;45;48,7;49;61,7;NA;NA;NA;NA;NA;NA;NA;NA;NA;NA;NA;NA;NA
2023-06-01;"0-60";1;1;1;1;1;1;1;1;1;1;2;3;3;3;3;3;3;3;3;3;3;3;3,5;4,4;0,996921956448038;0,999147475576011;0,998370844916323;0,996904108139238;0,992985721039284;0,978326890508098;0,966824156022751;0,938363278017287;0,847168768160359;0,576987429698486;0,35390058725348;NA;NA
2023-06-01;"60+";7;7,1;7;7;7;7;7;7;7;8;8;8;31;31,1;31;31;31;31;31,3;32;32;32,9;33;35;0,99243667222148;0,997672927546654;0,996309799168145;0,994342465542709;0,990876867481443;0,98429128154902;0,981736791142945;0,977586731641476;0,969602645011568;0,94203517073045;0,873214394363564;NA;NA
2023-06-01;"alle";8;8,1;8;8;8;8;8;8;9;9;10;12;34;34,1;34;34;34;34;35;35;35;36;38;47,5;NA;NA;NA;NA;NA;NA;NA;NA;NA;NA;NA;NA;NA
2023-05-31;"0-60";1;1;1;1;1;1;1;1;1;1;1;1;3;3;3;3;3;3;3;3;3;3;3,5;4,4;0,99869090684965;0,999779013320387;0,999525637716803;0,999059081782395;0,997870723472917;0,994918548030188;0,993682715701069;0,991821419458518;0,988554499508091;0,980197916179242;0,969697736887892;NA;NA
2023-05-31;"60+";10;10;10;10;10;10;10;10;10;10;11;11;30;30,1;30;30;30;30;30,3;30;31;31;32;34;0,996553274667834;0,999107944818914;0,998533334050902;0,997661387550918;0,996192101145405;0,993568571699531;0,992621893972503;0,991219622298234;0,989084895151072;0,984480673871585;0,979152423638175;NA;NA
2023-05-31;"alle";11;11;11;11;11;11;11;11;11;11;12;12;33;33,1;33;33;33;33;34;34;34;36,9;37;39,7;NA;NA;NA;NA;NA;NA;NA;NA;NA;NA;NA;NA;NA
2023-05-30;"0-60";0;0;0;0;0;0;0;0;0;0;0;0;3;3;3;3;3;3;3;3;3;3;3,5;3,7;0,999032955269937;0,999852869829229;0,999663650021134;0,999289193590132;0,998190460863946;0,994921704759098;0,993109236484188;0,990149465820149;0,983443306431198;0,963823315229725;0,934140350728719;NA;NA
2023-05-30;"60+";3;3;3;3;3;3;3;3;3;3;3;3;32;32,1;32;32;32;32;32,3;32;33;33;34;36;0,99754483065216;0,999411743311761;0,999018068088034;0,998357808569993;0,997201962815172;0,994890603355953;0,993963102176516;0,992562925676034;0,990323083837225;0,984907697395824;0,976281703961983;NA;NA
2023-05-30;"alle";3;3;3;3;3;3;3;3;3;3;3;3;35;35,1;35;35;35;35;35,3;36;36;37;39;41,8;NA;NA;NA;NA;NA;NA;NA;NA;NA;NA;NA;NA;NA
2023-05-29;"0-60";0;0;0;0;0;0;0;0;0;0;0;0;6;6;6;6;6;6;6;6;6;6;6,9;7,4;0,998610122848036;0,999820648936615;0,999566346892411;0,999011304115001;0,997162343960236;0,98927226181266;0,98324725042031;0,969938589933064;0,932867341200687;0,801401165520658;0,62451283209184;NA;NA
2023-05-29;"60+";0;0;0;0;0;0;0;0;0;0;0;0;52;52,1;52;52;52;52;52,3;52;53;53;54;56;0,996725089387699;0,999346990581872;0,998818613320728;0,997913198531066;0,99613164346686;0,992147567701018;0,990366969360999;0,987802182938154;0,982108375511204;0,965974881206014;0,93635527339012;NA;NA
2023-05-29;"alle";0;0;0;0;0;0;0;0;0;0;0;0;58;58,1;58;58;58;58;58,3;59;59;60;62;66,5;NA;NA;NA;NA;NA;NA;NA;NA;NA;NA;NA;NA;NA
2023-05-28;"0-60";0;0;0;0;0;0;0;0;0;0;0;0;7;7;7;7;7;7;7;7;7;7,8;9;9,7;0,997025495073667;0,999712226115576;0,999273906802605;0,998136463425286;0,99447410411512;0,976861081043478;0,964026009467251;0,936148315146245;0,866812392902996;0,664471746502844;0,427668125195489;NA;NA
2023-05-28;"60+";2;2;2;2;2;2;2;2;2;2;2;3;57;57,1;57;57;57;57;57,3;57;58;58;59;61,4;0,993409636302569;0,998930622016015;0,997911414104282;0,996130319434278;0,992146935529645;0,983007041514991;0,978639384389153;0,971951812042283;0,958624836589179;0,919401931064908;0,848284456313943;NA;NA
2023-05-28;"alle";2;2;2;2;2;2;2;2;2;2;2;3;64;64,1;64;64;64;64;65;65;65;66;69;74;NA;NA;NA;NA;NA;NA;NA;NA;NA;NA;NA;NA;NA
2023-05-27;"0-60";1;1;1;1;1;1;1;1;1;1;2;3;7;7;7;7;7;7;7;7;7;7,8;9;9,7;0,998331117476674;0,999887981278396;0,999675419898765;0,999101486883541;0,996982459582172;0,983491250614491;0,970106130844326;0,941807296372193;0,859530656068095;0,614439716224784;0,375019553697275;NA;NA
2023-05-27;"60+";3;3;3;3;3;3;3;3;3;3;3;4;55;55,1;55;55;55;55;55,3;55;56;56;57;59;0,996707695093032;0,999513572490014;0,999042206225804;0,998135341518484;0,996042481617793;0,990292625088021;0,987443823041705;0,982864784052234;0,97208292765032;0,937561780017668;0,865821562468752;NA;NA
2023-05-27;"alle";4;4;4;4;4;4;4;4;4;5;5;7;62;62,1;62;62;62;62;62,3;63;63;64;67;71;NA;NA;NA;NA;NA;NA;NA;NA;NA;NA;NA;NA;NA
2023-05-26;"0-60";0;0;0;0;0;0;0;0;0;0;0;0;6;6;6;6;6;6;6;6;6;6;6,9;7,4;0,998563391856228;0,999935879607789;0,999790515014094;0,999378145820489;0,997538121502267;0,981846564792566;0,962342588002525;0,916820347065783;0,792665069746326;0,479372544983035;0,229226239153389;NA;NA
2023-05-26;"60+";6;6;6;6;6;6;6;6;6;6;7;8;58;58,1;58;58;58;58;58,3;58;59;59;60;63;0,997483557407238;0,999693619441777;0,999365217405584;0,99869010184766;0,997006161900874;0,991715696075911;0,988470148874031;0,983487393263513;0,971358668453263;0,925647361987183;0,816651839898403;NA;NA
2023-05-26;"alle";6;6;6;6;6;6;6;6;6;6;7;8;64;64,1;64;64;64;64;64,3;65;65;66;68;72;NA;NA;NA;NA;NA;NA;NA;NA;NA;NA;NA;NA;NA
2023-05-25;"0-60";1;1;1;1;1;1;1;1;1;1;2;3;7;7;7;7;7;7;7;7;7;7,8;9;9,7;0,99895199156303;0,999965551940994;0,999884721528775;0,999627903474756;0,998338182950802;0,986533241758699;0,972929220371354;0,93856859432728;0,834510688393062;0,552516314903757;0,328400293117704;NA;NA
2023-05-25;"60+";6;6;6;6;6;6;6;6;6;6;7;7;54;54;54;54;54;54;54;54;54;55;56;57;0,99816030514735;0,999825191770912;0,999612721577042;0,999138871345539;0,997923866883468;0,993987064400231;0,991599200455672;0,987785773614355;0,979183356759598;0,946495072413547;0,865603825617227;NA;NA
2023-05-25;"alle";7;7;7;7;7;7;7;7;7;8;9;10;61;61;61;61;61;61;61;62;62;63;66;70,8;NA;NA;NA;NA;NA;NA;NA;NA;NA;NA;NA;NA;NA
2023-05-24;"0-60";1;1;1;1;1;1;1;1;1;1;1;1;8;8;8;8;8;8;8;8;8;8,9;10,3;11;0,99961712212467;0,999991428805872;0,999969878210353;0,999899362865992;0,999599911977586;0,99819636178066;0,997309559925548;0,995771568449145;0,992791469232704;0,984513143658352;0,973071151936568;NA;NA
2023-05-24;"60+";12;12;12;12;12;12;12;12;12;12;12;13;61;61;61;61;61;61;61;61;61;62;63;65;0,999257888778378;0,999948168181428;0,999873837480659;0,999703404779759;0,999266860408527;0,998061985520613;0,997483869245283;0,996615475346955;0,994995044126421;0,990870885915281;0,985431662680941;NA;NA
2023-05-24;"alle";13;13;13;13;13;13;13;13;13;13;13;14;69;69;69;69;69;69;69;70;70;72;76;81,5;NA;NA;NA;NA;NA;NA;NA;NA;NA;NA;NA;NA;NA
2023-05-23;"0-60";3;3;3;3;3;3;3;3;3;3;3;3;7;7;7;7;7;7;7;7;7;7,8;9;9,7;0,99968142534846;0,999996742313388;0,999985266409119;0,999938993789235;0,999667312100936;0,997786313005504;0,996250170952764;0,993232976099448;0,985565270831902;0,964494952688317;0,929805058188178;NA;NA
2023-05-23;"60+";23;23;23;23;23;23;23;23;23;23;23;24;58;58;58;58;58;58;58;58;58;59;60;66;0,999484260147486;0,999976103213443;0,999933943298336;0,999825163809105;0,99947956511152;0,998345270035022;0,997757237262623;0,996804601946876;0,994884619632613;0,989481907873563;0,98022873354561;NA;NA
2023-05-23;"alle";26;26;26;26;26;26;26;26;26;26;27;27;65;65;65;65;65;65;65;66;66;67;71;87,2;NA;NA;NA;NA;NA;NA;NA;NA;NA;NA;NA;NA;NA
2023-05-22;"0-60";1;1;1;1;1;1;1;1;1;1;1;2;5;5;5;5;5;5;5;5;5;5,6;6,4;6,9;0,999478834514131;0,999998230552035;0,999988860550137;0,999939487376161;0,999474514956438;0,994154577288182;0,988270047353448;0,974178628962402;0,933802599245666;0,794775037916606;0,605906904338409;NA;NA
2023-05-22;"60+";5;5;5;5;5;5;5;5;5;5;5;6;56;56;56;56;56;56;56;56;56;57;57;64;0,999321467904306;0,99998296361031;0,999942263226607;0,999819012716267;0,999327852434425;0,997271348764465;0,996046301750873;0,993874776424956;0,989186510125709;0,972546059524751;0,939282604871775;NA;NA
2023-05-22;"alle";6;6;6;6;6;6;6;6;6;6;7;7;61;61;61;61;61;61;61;61;62;63;67;82,8;NA;NA;NA;NA;NA;NA;NA;NA;NA;NA;NA;NA;NA
2023-05-21;"0-60";0;0;0;0;0;0;0;0;0;0;0;0;4;4;4;4;4;4;4;4;4;4,5;5,1;5,5;0,998859162588534;0,999998723489241;0,999988993619325;0,999915144296857;0,999047162512188;0,987476942774338;0,974193979519301;0,947086916159332;0,87355889077213;0,662575565902397;0,427837008895134;NA;NA
2023-05-21;"60+";0;0;0;0;0;0;0;0;0;0;0;0;56;56;56;56;56;56;56;56;56;56;57;62;0,998718032517437;0,999982603819661;0,99992802485407;0,999726434944868;0,998785259655596;0,994201973654585;0,991240784039838;0,986151872479908;0,974862661024074;0,93698591087756;0,862522773044919;NA;NA
2023-05-21;"alle";0;0;0;0;0;0;0;0;0;0;0;0;60;60;60;60;60;60;60;60;61;62;66;81,6;NA;NA;NA;NA;NA;NA;NA;NA;NA;NA;NA;NA;NA
2023-05-20;"0-60";0;0;0;0;0;0;0;0;0;0;0;0;6;6;6;6;6;6;6;6;6;7,4;7,7;8,3;0,999296168542858;0,999999817482469;0,999997640193837;0,999970225291081;0,999441587238776;0,989631128318385;0,97581544683215;0,946622119187137;0,860679320288891;0,614610916740796;0,370627638087287;NA;NA
2023-05-20;"60+";6;6;6;6;6;6;6;6;6;6;6;7;59;59;59;59;59;59;59;59;59;59;60;65;0,999370533701463;0,999995980839685;0,999978403068996;0,999898930289893;0,999401449213957;0,996351665674314;0,994164715901985;0,990103366042375;0,980965963848429;0,947311250084446;0,873574696462227;NA;NA
2023-05-20;"alle";6;6;6;6;6;6;6;6;6;6;6;7;65;65;65;65;65;65;65;65;66;69;71;87,2;NA;NA;NA;NA;NA;NA;NA;NA;NA;NA;NA;NA;NA
2023-05-19;"0-60";1;1;1;1;1;1;1;1;1;1;2;5;7;7;7;7;7;7;7;7;7;8,6;9;12,4;0,999376150443598;0,999999972439313;0,999999321376128;0,999985534137944;0,999552978017868;0,986845537450584;0,967552412117293;0,920393342528254;0,791636155323231;0,47569457146899;0,227931041859901;NA;NA
2023-05-19;"60+";2;2;2;2;2;2;2;2;2;2;2;3;62;62;62;62;62;62;62;62;62;62;63;66;0,999555618840436;0,999998803839989;0,999991452031237;0,999946279605961;0,999592026172743;0,996712843465415;0,99436148834685;0,989957431245358;0,97969459245835;0,931427222668592;0,82827185659533;NA;NA
2023-05-19;"alle";3;3;3;3;3;3;3;3;3;4;5;8;69;69;69;69;69;69;69;69;70;73;74;89,8;NA;NA;NA;NA;NA;NA;NA;NA;NA;NA;NA;NA;NA
2023-05-18;"0-60";2;2;2;2;2;2;2;2;2;2;4;6;10;10;10;10;10;10;10;10;10;10;11,6;14,8;0,999678126665758;0,999999996916973;0,999999864249394;0,99999539743419;0,999792046664591;0,991355282998766;0,97883374500875;0,944281311422565;0,836457999896096;0,553255190878507;0,327956176806717;2;10
2023-05-18;"60+";13;13;13;13;13;13;13;13;13;13;14;15;72;72;72;72;72;72;72;72;72;72;73;76;0,999803722501097;0,999999750349712;0,999997517361895;0,99998155363883;0,999820674003136;0,998292993372985;0,996975712718926;0,99417260769914;0,987190706366445;0,956517992006224;0,87520161882532;13;72
2023-05-18;"alle";15;15;15;15;15;15;15;15;15;16;18;22;82;82;82;82;82;82;82;82;82;84;85;96;NA;NA;NA;NA;NA;NA;NA;NA;NA;NA;NA;15;82
2023-05-17;"0-60";0;0;0;0;0;0;0;0;0;0;0;0;10;10;10;10;10;10;10;10;10;10;10;10;1;1;1;1;1;1;1;1;1;1;1;0;10
2023-05-17;"60+";9;9;9;9;9;9;9;9;9;9;9;9;63;63;63;63;63;63;63;63;63;63;63;63;1;1;1;1;1;1;1;1;1;1;1;9;63
2023-05-17;"alle";9;9;9;9;9;9;9;9;9;9;9;9;73;73;73;73;73;73;73;73;73;73;73;73;1;1;1;1;1;1;1;1;1;1;1;9;73
2023-05-16;"0-60";1;1;1;1;1;1;1;1;1;1;1;1;14;14;14;14;14;14;14;14;14;14;14;14;1;1;1;1;1;1;1;1;1;1;1;1;14
2023-05-16;"60+";21;21;21;21;21;21;21;21;21;21;21;21;66;66;66;66;66;66;66;66;66;66;66;66;1;1;1;1;1;1;1;1;1;1;1;21;66
2023-05-16;"alle";22;22;22;22;22;22;22;22;22;22;22;22;80;80;80;80;80;80;80;80;80;80;80;80;1;1;1;1;1;1;1;1;1;1;1;22;80
2023-05-15;"0-60";0;0;0;0;0;0;0;0;0;0;0;0;15;15;15;15;15;15;15;15;15;15;15;15;1;1;1;1;1;1;1;1;1;1;1;0;15
2023-05-15;"60+";5;5;5;5;5;5;5;5;5;5;5;5;56;56;56;56;56;56;56;56;56;56;56;56;1;1;1;1;1;1;1;1;1;1;1;5;56
2023-05-15;"alle";5;5;5;5;5;5;5;5;5;5;5;5;71;71;71;71;71;71;71;71;71;71;71;71;1;1;1;1;1;1;1;1;1;1;1;5;71
2023-05-14;"0-60";2;2;2;2;2;2;2;2;2;2;2;2;17;17;17;17;17;17;17;17;17;17;17;17;1;1;1;1;1;1;1;1;1;1;1;2;17
2023-05-14;"60+";3;3;3;3;3;3;3;3;3;3;3;3;59;59;59;59;59;59;59;59;59;59;59;59;1;1;1;1;1;1;1;1;1;1;1;3;59
2023-05-14;"alle";5;5;5;5;5;5;5;5;5;5;5;5;76;76;76;76;76;76;76;76;76;76;76;76;1;1;1;1;1;1;1;1;1;1;1;5;76
2023-05-13;"0-60";1;1;1;1;1;1;1;1;1;1;1;1;15;15;15;15;15;15;15;15;15;15;15;15;1;1;1;1;1;1;1;1;1;1;1;1;15
2023-05-13;"60+";9;9;9;9;9;9;9;9;9;9;9;9;63;63;63;63;63;63;63;63;63;63;63;63;1;1;1;1;1;1;1;1;1;1;1;9;63
2023-05-13;"alle";10;10;10;10;10;10;10;10;10;10;10;10;78;78;78;78;78;78;78;78;78;78;78;78;1;1;1;1;1;1;1;1;1;1;1;10;78
2023-05-12;"0-60";4;4;4;4;4;4;4;4;4;4;4;4;17;17;17;17;17;17;17;17;17;17;17;17;1;1;1;1;1;1;1;1;1;1;1;4;17
2023-05-12;"60+";12;12;12;12;12;12;12;12;12;12;12;12;73;73;73;73;73;73;73;73;73;73;73;73;1;1;1;1;1;1;1;1;1;1;1;12;73
2023-05-12;"alle";16;16;16;16;16;16;16;16;16;16;16;16;90;90;90;90;90;90;90;90;90;90;90;90;1;1;1;1;1;1;1;1;1;1;1;16;90
2023-05-11;"0-60";2;2;2;2;2;2;2;2;2;2;2;2;16;16;16;16;16;16;16;16;16;16;16;16;1;1;1;1;1;1;1;1;1;1;1;2;16
2023-05-11;"60+";4;4;4;4;4;4;4;4;4;4;4;4;83;83;83;83;83;83;83;83;83;83;83;83;1;1;1;1;1;1;1;1;1;1;1;4;83
2023-05-11;"alle";6;6;6;6;6;6;6;6;6;6;6;6;99;99;99;99;99;99;99;99;99;99;99;99;1;1;1;1;1;1;1;1;1;1;1;6;99
2023-05-10;"0-60";4;4;4;4;4;4;4;4;4;4;4;4;15;15;15;15;15;15;15;15;15;15;15;15;1;1;1;1;1;1;1;1;1;1;1;4;15
2023-05-10;"60+";12;12;12;12;12;12;12;12;12;12;12;12;91;91;91;91;91;91;91;91;91;91;91;91;1;1;1;1;1;1;1;1;1;1;1;12;91
2023-05-10;"alle";16;16;16;16;16;16;16;16;16;16;16;16;106;106;106;106;106;106;106;106;106;106;106;106;1;1;1;1;1;1;1;1;1;1;1;16;106
2023-05-09;"0-60";2;2;2;2;2;2;2;2;2;2;2;2;22;22;22;22;22;22;22;22;22;22;22;22;1;1;1;1;1;1;1;1;1;1;1;2;22
2023-05-09;"60+";11;11;11;11;11;11;11;11;11;11;11;11;118;118;118;118;118;118;118;118;118;118;118;118;1;1;1;1;1;1;1;1;1;1;1;11;118
2023-05-09;"alle";13;13;13;13;13;13;13;13;13;13;13;13;140;140;140;140;140;140;140;140;140;140;140;140;1;1;1;1;1;1;1;1;1;1;1;13;140
2023-05-08;"0-60";2;2;2;2;2;2;2;2;2;2;2;2;21;21;21;21;21;21;21;21;21;21;21;21;1;1;1;1;1;1;1;1;1;1;1;2;21
2023-05-08;"60+";8;8;8;8;8;8;8;8;8;8;8;8;120;120;120;120;120;120;120;120;120;120;120;120;1;1;1;1;1;1;1;1;1;1;1;8;120
2023-05-08;"alle";10;10;10;10;10;10;10;10;10;10;10;10;141;141;141;141;141;141;141;141;141;141;141;141;1;1;1;1;1;1;1;1;1;1;1;10;141
2023-05-07;"0-60";0;0;0;0;0;0;0;0;0;0;0;0;19;19;19;19;19;19;19;19;19;19;19;19;1;1;1;1;1;1;1;1;1;1;1;0;19
2023-05-07;"60+";7;7;7;7;7;7;7;7;7;7;7;7;121;121;121;121;121;121;121;121;121;121;121;121;1;1;1;1;1;1;1;1;1;1;1;7;121
2023-05-07;"alle";7;7;7;7;7;7;7;7;7;7;7;7;140;140;140;140;140;140;140;140;140;140;140;140;1;1;1;1;1;1;1;1;1;1;1;7;140
2023-05-06;"0-60";3;3;3;3;3;3;3;3;3;3;3;3;21;21;21;21;21;21;21;21;21;21;21;21;1;1;1;1;1;1;1;1;1;1;1;3;21
2023-05-06;"60+";19;19;19;19;19;19;19;19;19;19;19;19;124;124;124;124;124;124;124;124;124;124;124;124;1;1;1;1;1;1;1;1;1;1;1;19;124
2023-05-06;"alle";22;22;22;22;22;22;22;22;22;22;22;22;145;145;145;145;145;145;145;145;145;145;145;145;1;1;1;1;1;1;1;1;1;1;1;22;145
2023-05-05;"0-60";3;3;3;3;3;3;3;3;3;3;3;3;19;19;19;19;19;19;19;19;19;19;19;19;1;1;1;1;1;1;1;1;1;1;1;3;19
2023-05-05;"60+";22;22;22;22;22;22;22;22;22;22;22;22;118;118;118;118;118;118;118;118;118;118;118;118;1;1;1;1;1;1;1;1;1;1;1;22;118
2023-05-05;"alle";25;25;25;25;25;25;25;25;25;25;25;25;137;137;137;137;137;137;137;137;137;137;137;137;1;1;1;1;1;1;1;1;1;1;1;25;137
2023-05-04;"0-60";1;1;1;1;1;1;1;1;1;1;1;1;18;18;18;18;18;18;18;18;18;18;18;18;1;1;1;1;1;1;1;1;1;1;1;1;18
2023-05-04;"60+";12;12;12;12;12;12;12;12;12;12;12;12;108;108;108;108;108;108;108;108;108;108;108;108;1;1;1;1;1;1;1;1;1;1;1;12;108
2023-05-04;"alle";13;13;13;13;13;13;13;13;13;13;13;13;126;126;126;126;126;126;126;126;126;126;126;126;1;1;1;1;1;1;1;1;1;1;1;13;126
2023-05-03;"0-60";11;11;11;11;11;11;11;11;11;11;11;11;23;23;23;23;23;23;23;23;23;23;23;23;1;1;1;1;1;1;1;1;1;1;1;11;23
2023-05-03;"60+";39;39;39;39;39;39;39;39;39;39;39;39;107;107;107;107;107;107;107;107;107;107;107;107;1;1;1;1;1;1;1;1;1;1;1;39;107
2023-05-03;"alle";50;50;50;50;50;50;50;50;50;50;50;50;130;130;130;130;130;130;130;130;130;130;130;130;1;1;1;1;1;1;1;1;1;1;1;50;130
2023-05-02;"0-60";1;1;1;1;1;1;1;1;1;1;1;1;17;17;17;17;17;17;17;17;17;17;17;17;1;1;1;1;1;1;1;1;1;1;1;1;17
2023-05-02;"60+";13;13;13;13;13;13;13;13;13;13;13;13;100;100;100;100;100;100;100;100;100;100;100;100;1;1;1;1;1;1;1;1;1;1;1;13;100
2023-05-02;"alle";14;14;14;14;14;14;14;14;14;14;14;14;117;117;117;117;117;117;117;117;117;117;117;117;1;1;1;1;1;1;1;1;1;1;1;14;117
2023-05-01;"0-60";0;0;0;0;0;0;0;0;0;0;0;0;20;20;20;20;20;20;20;20;20;20;20;20;1;1;1;1;1;1;1;1;1;1;1;0;20
2023-05-01;"60+";9;9;9;9;9;9;9;9;9;9;9;9;133;133;133;133;133;133;133;133;133;133;133;133;1;1;1;1;1;1;1;1;1;1;1;9;133
2023-05-01;"alle";9;9;9;9;9;9;9;9;9;9;9;9;153;153;153;153;153;153;153;153;153;153;153;153;1;1;1;1;1;1;1;1;1;1;1;9;153
2023-04-30;"0-60";2;2;2;2;2;2;2;2;2;2;2;2;22;22;22;22;22;22;22;22;22;22;22;22;1;1;1;1;1;1;1;1;1;1;1;2;22
2023-04-30;"60+";10;10;10;10;10;10;10;10;10;10;10;10;131;131;131;131;131;131;131;131;131;131;131;131;1;1;1;1;1;1;1;1;1;1;1;10;131
2023-04-30;"alle";12;12;12;12;12;12;12;12;12;12;12;12;153;153;153;153;153;153;153;153;153;153;153;153;NA;NA;NA;NA;NA;NA;NA;NA;NA;NA;NA;12;153
2023-04-29;"0-60";1;1;1;1;1;1;1;1;1;1;1;1;23;23;23;23;23;23;23;23;23;23;23;23;1;1;1;1;1;1;1;1;1;1;1;1;23
2023-04-29;"60+";13;13;13;13;13;13;13;13;13;13;13;13;126;126;126;126;126;126;126;126;126;126;126;126;1;1;1;1;1;1;1;1;1;1;1;13;126
2023-04-29;"alle";14;14;14;14;14;14;14;14;14;14;14;14;149;149;149;149;149;149;149;149;149;149;149;149;NA;NA;NA;NA;NA;NA;NA;NA;NA;NA;NA;14;149
2023-04-28;"0-60";2;2;2;2;2;2;2;2;2;2;2;2;28;28;28;28;28;28;28;28;28;28;28;28;1;1;1;1;1;1;1;1;1;1;1;2;28
2023-04-28;"60+";12;12;12;12;12;12;12;12;12;12;12;12;140;140;140;140;140;140;140;140;140;140;140;140;1;1;1;1;1;1;1;1;1;1;1;12;140
2023-04-28;"alle";14;14;14;14;14;14;14;14;14;14;14;14;168;168;168;168;168;168;168;168;168;168;168;168;NA;NA;NA;NA;NA;NA;NA;NA;NA;NA;NA;14;168
2023-04-27;"0-60";6;6;6;6;6;6;6;6;6;6;6;6;33;33;33;33;33;33;33;33;33;33;33;33;1;1;1;1;1;1;1;1;1;1;1;6;33
2023-04-27;"60+";11;11;11;11;11;11;11;11;11;11;11;11;148;148;148;148;148;148;148;148;148;148;148;148;1;1;1;1;1;1;1;1;1;1;1;11;148
2023-04-27;"alle";17;17;17;17;17;17;17;17;17;17;17;17;181;181;181;181;181;181;181;181;181;181;181;181;NA;NA;NA;NA;NA;NA;NA;NA;NA;NA;NA;17;181
2023-04-26;"0-60";5;5;5;5;5;5;5;5;5;5;5;5;30;30;30;30;30;30;30;30;30;30;30;30;1;1;1;1;1;1;1;1;1;1;1;5;30
2023-04-26;"60+";32;32;32;32;32;32;32;32;32;32;32;32;159;159;159;159;159;159;159;159;159;159;159;159;1;1;1;1;1;1;1;1;1;1;1;32;159
2023-04-26;"alle";37;37;37;37;37;37;37;37;37;37;37;37;189;189;189;189;189;189;189;189;189;189;189;189;NA;NA;NA;NA;NA;NA;NA;NA;NA;NA;NA;37;189
2023-04-25;"0-60";4;4;4;4;4;4;4;4;4;4;4;4;29;29;29;29;29;29;29;29;29;29;29;29;1;1;1;1;1;1;1;1;1;1;1;4;29
2023-04-25;"60+";46;46;46;46;46;46;46;46;46;46;46;46;164;164;164;164;164;164;164;164;164;164;164;164;1;1;1;1;1;1;1;1;1;1;1;46;163
2023-04-25;"alle";50;50;50;50;50;50;50;50;50;50;50;50;193;193;193;193;193;193;193;193;193;193;193;193;NA;NA;NA;NA;NA;NA;NA;NA;NA;NA;NA;50;192
2023-04-24;"0-60";2;2;2;2;2;2;2;2;2;2;2;2;37;37;37;37;37;37;37;37;37;37;37;37;1;1;1;1;1;1;1;1;1;1;1;2;37
2023-04-24;"60+";7;7;7;7;7;7;7;7;7;7;7;7;174;174;174;174;174;174;174;174;174;174;174;174;1;1;1;1;1;1;1;1;1;1;1;7;173
2023-04-24;"alle";9;9;9;9;9;9;9;9;9;9;9;9;211;211;211;211;211;211;211;211;211;211;211;211;NA;NA;NA;NA;NA;NA;NA;NA;NA;NA;NA;9;210
2023-04-23;"0-60";3;3;3;3;3;3;3;3;3;3;3;3;37;37;37;37;37;37;37;37;37;37;37;37;1;1;1;1;1;1;1;1;1;1;1;3;37
2023-04-23;"60+";5;5;5;5;5;5;5;5;5;5;5;5;180;180;180;180;180;180;180;180;180;180;180;180;1;1;1;1;1;1;1;1;1;1;1;5;179
2023-04-23;"alle";8;8;8;8;8;8;8;8;8;8;8;8;217;217;217;217;217;217;217;217;217;217;217;217;NA;NA;NA;NA;NA;NA;NA;NA;NA;NA;NA;8;216
2023-04-22;"0-60";6;6;6;6;6;6;6;6;6;6;6;6;36;36;36;36;36;36;36;36;36;36;36;36;1;1;1;1;1;1;1;1;1;1;1;6;36
2023-04-22;"60+";27;27;27;27;27;27;27;27;27;27;27;27;187;187;187;187;187;187;187;187;187;187;187;187;1;1;1;1;1;1;1;1;1;1;1;27;186
2023-04-22;"alle";33;33;33;33;33;33;33;33;33;33;33;33;223;223;223;223;223;223;223;223;223;223;223;223;NA;NA;NA;NA;NA;NA;NA;NA;NA;NA;NA;33;222
2023-04-21;"0-60";7;7;7;7;7;7;7;7;7;7;7;7;35;35;35;35;35;35;35;35;35;35;35;35;1;1;1;1;1;1;1;1;1;1;1;7;35
2023-04-21;"60+";20;20;20;20;20;20;20;20;20;20;20;20;188;188;188;188;188;188;188;188;188;188;188;188;1;1;1;1;1;1;1;1;1;1;1;20;187
2023-04-21;"alle";27;27;27;27;27;27;27;27;27;27;27;27;223;223;223;223;223;223;223;223;223;223;223;223;NA;NA;NA;NA;NA;NA;NA;NA;NA;NA;NA;27;222
2023-04-20;"0-60";3;3;3;3;3;3;3;3;3;3;3;3;33;33;33;33;33;33;33;33;33;33;33;33;1;1;1;1;1;1;1;1;1;1;1;3;33
2023-04-20;"60+";22;22;22;22;22;22;22;22;22;22;22;22;202;202;202;202;202;202;202;202;202;202;202;202;1;1;1;1;1;1;1;1;1;1;1;22;201
2023-04-20;"alle";25;25;25;25;25;25;25;25;25;25;25;25;235;235;235;235;235;235;235;235;235;235;235;235;NA;NA;NA;NA;NA;NA;NA;NA;NA;NA;NA;25;234
2023-04-19;"0-60";4;4;4;4;4;4;4;4;4;4;4;4;39;39;39;39;39;39;39;39;39;39;39;39;1;1;1;1;1;1;1;1;1;1;1;4;39
2023-04-19;"60+";37;37;37;37;37;37;37;37;37;37;37;37;218;218;218;218;218;218;218;218;218;218;218;218;1;1;1;1;1;1;1;1;1;1;1;36;217
2023-04-19;"alle";41;41;41;41;41;41;41;41;41;41;41;41;257;257;257;257;257;257;257;257;257;257;257;257;NA;NA;NA;NA;NA;NA;NA;NA;NA;NA;NA;40;256
2023-04-18;"0-60";12;12;12;12;12;12;12;12;12;12;12;12;53;53;53;53;53;53;53;53;53;53;53;53;1;1;1;1;1;1;1;1;1;1;1;12;52
2023-04-18;"60+";56;56;56;56;56;56;56;56;56;56;56;56;274;274;274;274;274;274;274;274;274;274;274;274;1;1;1;1;1;1;1;1;1;1;1;56;273
2023-04-18;"alle";68;68;68;68;68;68;68;68;68;68;68;68;327;327;327;327;327;327;327;327;327;327;327;327;NA;NA;NA;NA;NA;NA;NA;NA;NA;NA;NA;68;325
2023-04-17;"0-60";2;2;2;2;2;2;2;2;2;2;2;2;42;42;42;42;42;42;42;42;42;42;42;42;1;1;1;1;1;1;1;1;1;1;1;2;41
2023-04-17;"60+";13;13;13;13;13;13;13;13;13;13;13;13;229;229;229;229;229;229;229;229;229;229;229;229;1;1;1;1;1;1;1;1;1;1;1;13;228
2023-04-17;"alle";15;15;15;15;15;15;15;15;15;15;15;15;271;271;271;271;271;271;271;271;271;271;271;271;NA;NA;NA;NA;NA;NA;NA;NA;NA;NA;NA;15;269
2023-04-16;"0-60";2;2;2;2;2;2;2;2;2;2;2;2;41;41;41;41;41;41;41;41;41;41;41;41;1;1;1;1;1;1;1;1;1;1;1;2;40
2023-04-16;"60+";12;12;12;12;12;12;12;12;12;12;12;12;220;220;220;220;220;220;220;220;220;220;220;220;1;1;1;1;1;1;1;1;1;1;1;12;219
2023-04-16;"alle";14;14;14;14;14;14;14;14;14;14;14;14;261;261;261;261;261;261;261;261;261;261;261;261;NA;NA;NA;NA;NA;NA;NA;NA;NA;NA;NA;14;259
2023-04-15;"0-60";5;5;5;5;5;5;5;5;5;5;5;5;41;41;41;41;41;41;41;41;41;41;41;41;1;1;1;1;1;1;1;1;1;1;1;5;40
2023-04-15;"60+";28;28;28;28;28;28;28;28;28;28;28;28;217;217;217;217;217;217;217;217;217;217;217;217;1;1;1;1;1;1;1;1;1;1;1;28;216
2023-04-15;"alle";33;33;33;33;33;33;33;33;33;33;33;33;258;258;258;258;258;258;258;258;258;258;258;258;NA;NA;NA;NA;NA;NA;NA;NA;NA;NA;NA;33;256
2023-04-14;"0-60";5;5;5;5;5;5;5;5;5;5;5;5;36;36;36;36;36;36;36;36;36;36;36;36;1;1;1;1;1;1;1;1;1;1;1;5;35
2023-04-14;"60+";34;34;34;34;34;34;34;34;34;34;34;34;198;198;198;198;198;198;198;198;198;198;198;198;1;1;1;1;1;1;1;1;1;1;1;34;197
2023-04-14;"alle";39;39;39;39;39;39;39;39;39;39;39;39;234;234;234;234;234;234;234;234;234;234;234;234;NA;NA;NA;NA;NA;NA;NA;NA;NA;NA;NA;39;232
2023-04-13;"0-60";9;9;9;9;9;9;9;9;9;9;9;9;41;41;41;41;41;41;41;41;41;41;41;41;1;1;1;1;1;1;1;1;1;1;1;9;40
2023-04-13;"60+";38;38;38;38;38;38;38;38;38;38;38;38;192;192;192;192;192;192;192;192;192;192;192;192;1;1;1;1;1;1;1;1;1;1;1;38;191
2023-04-13;"alle";47;47;47;47;47;47;47;47;47;47;47;47;233;233;233;233;233;233;233;233;233;233;233;233;NA;NA;NA;NA;NA;NA;NA;NA;NA;NA;NA;47;231
2023-04-12;"0-60";18;18;18;18;18;18;18;18;18;18;18;18;34;34;34;34;34;34;34;34;34;34;34;34;1;1;1;1;1;1;1;1;1;1;1;17;33
2023-04-12;"60+";93;93;93;93;93;93;93;93;93;93;93;93;184;184;184;184;184;184;184;184;184;184;184;184;1;1;1;1;1;1;1;1;1;1;1;92;183
2023-04-12;"alle";111;111;111;111;111;111;111;111;111;111;111;111;218;218;218;218;218;218;218;218;218;218;218;218;NA;NA;NA;NA;NA;NA;NA;NA;NA;NA;NA;109;216
2023-04-11;"0-60";1;1;1;1;1;1;1;1;1;1;1;1;31;31;31;31;31;31;31;31;31;31;31;31;1;1;1;1;1;1;1;1;1;1;1;1;31
2023-04-11;"60+";11;11;11;11;11;11;11;11;11;11;11;11;138;138;138;138;138;138;138;138;138;138;138;138;1;1;1;1;1;1;1;1;1;1;1;11;138
2023-04-11;"alle";12;12;12;12;12;12;12;12;12;12;12;12;169;169;169;169;169;169;169;169;169;169;169;169;NA;NA;NA;NA;NA;NA;NA;NA;NA;NA;NA;12;169
2023-04-10;"0-60";1;1;1;1;1;1;1;1;1;1;1;1;48;48;48;48;48;48;48;48;48;48;48;48;1;1;1;1;1;1;1;1;1;1;1;1;48
2023-04-10;"60+";4;4;4;4;4;4;4;4;4;4;4;4;196;196;196;196;196;196;196;196;196;196;196;196;1;1;1;1;1;1;1;1;1;1;1;4;196
2023-04-10;"alle";5;5;5;5;5;5;5;5;5;5;5;5;244;244;244;244;244;244;244;244;244;244;244;244;NA;NA;NA;NA;NA;NA;NA;NA;NA;NA;NA;5;244
2023-04-09;"0-60";2;2;2;2;2;2;2;2;2;2;2;2;49;49;49;49;49;49;49;49;49;49;49;49;1;1;1;1;1;1;1;1;1;1;1;2;49
2023-04-09;"60+";9;9;9;9;9;9;9;9;9;9;9;9;204;204;204;204;204;204;204;204;204;204;204;204;1;1;1;1;1;1;1;1;1;1;1;9;204
2023-04-09;"alle";11;11;11;11;11;11;11;11;11;11;11;11;253;253;253;253;253;253;253;253;253;253;253;253;NA;NA;NA;NA;NA;NA;NA;NA;NA;NA;NA;11;253
2023-04-08;"0-60";0;0;0;0;0;0;0;0;0;0;0;0;50;50;50;50;50;50;50;50;50;50;50;50;1;1;1;1;1;1;1;1;1;1;1;0;50
2023-04-08;"60+";9;9;9;9;9;9;9;9;9;9;9;9;227;227;227;227;227;227;227;227;227;227;227;227;1;1;1;1;1;1;1;1;1;1;1;9;227
2023-04-08;"alle";9;9;9;9;9;9;9;9;9;9;9;9;277;277;277;277;277;277;277;277;277;277;277;277;NA;NA;NA;NA;NA;NA;NA;NA;NA;NA;NA;9;277
2023-04-07;"0-60";10;10;10;10;10;10;10;10;10;10;10;10;59;59;59;59;59;59;59;59;59;59;59;59;1;1;1;1;1;1;1;1;1;1;1;10;59
2023-04-07;"60+";28;28;28;28;28;28;28;28;28;28;28;28;236;236;236;236;236;236;236;236;236;236;236;236;1;1;1;1;1;1;1;1;1;1;1;28;236
2023-04-07;"alle";38;38;38;38;38;38;38;38;38;38;38;38;295;295;295;295;295;295;295;295;295;295;295;295;NA;NA;NA;NA;NA;NA;NA;NA;NA;NA;NA;38;295
2023-04-06;"0-60";2;2;2;2;2;2;2;2;2;2;2;2;59;59;59;59;59;59;59;59;59;59;59;59;1;1;1;1;1;1;1;1;1;1;1;2;58
2023-04-06;"60+";30;30;30;30;30;30;30;30;30;30;30;30;258;258;258;258;258;258;258;258;258;258;258;258;1;1;1;1;1;1;1;1;1;1;1;30;257
2023-04-06;"alle";32;32;32;32;32;32;32;32;32;32;32;32;317;317;317;317;317;317;317;317;317;317;317;317;NA;NA;NA;NA;NA;NA;NA;NA;NA;NA;NA;32;315
2023-04-05;"0-60";15;15;15;15;15;15;15;15;15;15;15;15;63;63;63;63;63;63;63;63;63;63;63;63;1;1;1;1;1;1;1;1;1;1;1;15;62
2023-04-05;"60+";47;47;47;47;47;47;47;47;47;47;47;47;264;264;264;264;264;264;264;264;264;264;264;264;1;1;1;1;1;1;1;1;1;1;1;47;263
2023-04-05;"alle";62;62;62;62;62;62;62;62;62;62;62;62;327;327;327;327;327;327;327;327;327;327;327;327;NA;NA;NA;NA;NA;NA;NA;NA;NA;NA;NA;62;325
2023-04-04;"0-60";18;18;18;18;18;18;18;18;18;18;18;18;59;59;59;59;59;59;59;59;59;59;59;59;1;1;1;1;1;1;1;1;1;1;1;18;58
2023-04-04;"60+";69;69;69;69;69;69;69;69;69;69;69;69;277;277;277;277;277;277;277;277;277;277;277;277;1;1;1;1;1;1;1;1;1;1;1;69;276
2023-04-04;"alle";87;87;87;87;87;87;87;87;87;87;87;87;336;336;336;336;336;336;336;336;336;336;336;336;NA;NA;NA;NA;NA;NA;NA;NA;NA;NA;NA;87;334
2023-04-03;"0-60";2;2;2;2;2;2;2;2;2;2;2;2;56;56;56;56;56;56;56;56;56;56;56;56;1;1;1;1;1;1;1;1;1;1;1;2;55
2023-04-03;"60+";12;12;12;12;12;12;12;12;12;12;12;12;292;292;292;292;292;292;292;292;292;292;292;292;1;1;1;1;1;1;1;1;1;1;1;12;290
2023-04-03;"alle";14;14;14;14;14;14;14;14;14;14;14;14;348;348;348;348;348;348;348;348;348;348;348;348;NA;NA;NA;NA;NA;NA;NA;NA;NA;NA;NA;14;345
2023-04-02;"0-60";3;3;3;3;3;3;3;3;3;3;3;3;58;58;58;58;58;58;58;58;58;58;58;58;1;1;1;1;1;1;1;1;1;1;1;3;57
2023-04-02;"60+";32;32;32;32;32;32;32;32;32;32;32;32;308;308;308;308;308;308;308;308;308;308;308;308;1;1;1;1;1;1;1;1;1;1;1;32;306
2023-04-02;"alle";35;35;35;35;35;35;35;35;35;35;35;35;366;366;366;366;366;366;366;366;366;366;366;366;NA;NA;NA;NA;NA;NA;NA;NA;NA;NA;NA;35;363
2023-04-01;"0-60";9;9;9;9;9;9;9;9;9;9;9;9;60;60;60;60;60;60;60;60;60;60;60;60;1;1;1;1;1;1;1;1;1;1;1;9;59
2023-04-01;"60+";18;18;18;18;18;18;18;18;18;18;18;18;293;293;293;293;293;293;293;293;293;293;293;293;1;1;1;1;1;1;1;1;1;1;1;18;291
2023-04-01;"alle";27;27;27;27;27;27;27;27;27;27;27;27;353;353;353;353;353;353;353;353;353;353;353;353;NA;NA;NA;NA;NA;NA;NA;NA;NA;NA;NA;27;350
2023-03-31;"0-60";10;10;10;10;10;10;10;10;10;10;10;10;61;61;61;61;61;61;61;61;61;61;61;61;1;1;1;1;1;1;1;1;1;1;1;9;60
2023-03-31;"60+";50;50;50;50;50;50;50;50;50;50;50;50;314;314;314;314;314;314;314;314;314;314;314;314;1;1;1;1;1;1;1;1;1;1;1;49;312
2023-03-31;"alle";60;60;60;60;60;60;60;60;60;60;60;60;375;375;375;375;375;375;375;375;375;375;375;375;NA;NA;NA;NA;NA;NA;NA;NA;NA;NA;NA;58;372
2023-03-30;"0-60";6;6;6;6;6;6;6;6;6;6;6;6;57;57;57;57;57;57;57;57;57;57;57;57;1;1;1;1;1;1;1;1;1;1;1;6;57
2023-03-30;"60+";36;36;36;36;36;36;36;36;36;36;36;36;327;327;327;327;327;327;327;327;327;327;327;327;1;1;1;1;1;1;1;1;1;1;1;36;324
2023-03-30;"alle";42;42;42;42;42;42;42;42;42;42;42;42;384;384;384;384;384;384;384;384;384;384;384;384;NA;NA;NA;NA;NA;NA;NA;NA;NA;NA;NA;42;381
2023-03-29;"0-60";11;11;11;11;11;11;11;11;11;11;11;11;56;56;56;56;56;56;56;56;56;56;56;56;1;1;1;1;1;1;1;1;1;1;1;11;56
2023-03-29;"60+";60;60;60;60;60;60;60;60;60;60;60;60;343;343;343;343;343;343;343;343;343;343;343;343;1;1;1;1;1;1;1;1;1;1;1;60;337
2023-03-29;"alle";71;71;71;71;71;71;71;71;71;71;71;71;399;399;399;399;399;399;399;399;399;399;399;399;NA;NA;NA;NA;NA;NA;NA;NA;NA;NA;NA;71;393
2023-03-28;"0-60";15;15;15;15;15;15;15;15;15;15;15;15;61;61;61;61;61;61;61;61;61;61;61;61;1;1;1;1;1;1;1;1;1;1;1;15;61
2023-03-28;"60+";84;84;84;84;84;84;84;84;84;84;84;84;329;329;329;329;329;329;329;329;329;329;329;329;1;1;1;1;1;1;1;1;1;1;1;83;321
2023-03-28;"alle";99;99;99;99;99;99;99;99;99;99;99;99;390;390;390;390;390;390;390;390;390;390;390;390;NA;NA;NA;NA;NA;NA;NA;NA;NA;NA;NA;98;382
2023-03-27;"0-60";4;4;4;4;4;4;4;4;4;4;4;4;60;60;60;60;60;60;60;60;60;60;60;60;1;1;1;1;1;1;1;1;1;1;1;4;60
2023-03-27;"60+";28;28;28;28;28;28;28;28;28;28;28;28;357;357;357;357;357;357;357;357;357;357;357;357;1;1;1;1;1;1;1;1;1;1;1;28;348
2023-03-27;"alle";32;32;32;32;32;32;32;32;32;32;32;32;417;417;417;417;417;417;417;417;417;417;417;417;NA;NA;NA;NA;NA;NA;NA;NA;NA;NA;NA;32;408
2023-03-26;"0-60";5;5;5;5;5;5;5;5;5;5;5;5;60;60;60;60;60;60;60;60;60;60;60;60;1;1;1;1;1;1;1;1;1;1;1;5;60
2023-03-26;"60+";17;17;17;17;17;17;17;17;17;17;17;17;360;360;360;360;360;360;360;360;360;360;360;360;1;1;1;1;1;1;1;1;1;1;1;17;348
2023-03-26;"alle";22;22;22;22;22;22;22;22;22;22;22;22;420;420;420;420;420;420;420;420;420;420;420;420;NA;NA;NA;NA;NA;NA;NA;NA;NA;NA;NA;22;408
2023-03-25;"0-60";10;10;10;10;10;10;10;10;10;10;10;10;62;62;62;62;62;62;62;62;62;62;62;62;1;1;1;1;1;1;1;1;1;1;1;10;62
2023-03-25;"60+";39;39;39;39;39;39;39;39;39;39;39;39;361;361;361;361;361;361;361;361;361;361;361;361;1;1;1;1;1;1;1;1;1;1;1;39;348
2023-03-25;"alle";49;49;49;49;49;49;49;49;49;49;49;49;423;423;423;423;423;423;423;423;423;423;423;423;NA;NA;NA;NA;NA;NA;NA;NA;NA;NA;NA;49;410
2023-03-24;"0-60";6;6;6;6;6;6;6;6;6;6;6;6;63;63;63;63;63;63;63;63;63;63;63;63;1;1;1;1;1;1;1;1;1;1;1;6;62
2023-03-24;"60+";63;63;63;63;63;63;63;63;63;63;63;63;372;372;372;372;372;372;372;372;372;372;372;372;1;1;1;1;1;1;1;1;1;1;1;61;358
2023-03-24;"alle";69;69;69;69;69;69;69;69;69;69;69;69;435;435;435;435;435;435;435;435;435;435;435;435;NA;NA;NA;NA;NA;NA;NA;NA;NA;NA;NA;67;420
2023-03-23;"0-60";5;5;5;5;5;5;5;5;5;5;5;5;79;79;79;79;79;79;79;79;79;79;79;79;1;1;1;1;1;1;1;1;1;1;1;5;76
2023-03-23;"60+";52;52;52;52;52;52;52;52;52;52;52;52;371;371;371;371;371;371;371;371;371;371;371;371;1;1;1;1;1;1;1;1;1;1;1;49;357
2023-03-23;"alle";57;57;57;57;57;57;57;57;57;57;57;57;450;450;450;450;450;450;450;450;450;450;450;450;NA;NA;NA;NA;NA;NA;NA;NA;NA;NA;NA;54;433
2023-03-22;"0-60";16;16;16;16;16;16;16;16;16;16;16;16;91;91;91;91;91;91;91;91;91;91;91;91;1;1;1;1;1;1;1;1;1;1;1;16;88
2023-03-22;"60+";46;46;46;46;46;46;46;46;46;46;46;46;384;384;384;384;384;384;384;384;384;384;384;384;1;1;1;1;1;1;1;1;1;1;1;44;368
2023-03-22;"alle";62;62;62;62;62;62;62;62;62;62;62;62;475;475;475;475;475;475;475;475;475;475;475;475;NA;NA;NA;NA;NA;NA;NA;NA;NA;NA;NA;60;456
2023-03-21;"0-60";14;14;14;14;14;14;14;14;14;14;14;14;102;102;102;102;102;102;102;102;102;102;102;102;1;1;1;1;1;1;1;1;1;1;1;14;98
2023-03-21;"60+";112;112;112;112;112;112;112;112;112;112;112;112;417;417;417;417;417;417;417;417;417;417;417;417;1;1;1;1;1;1;1;1;1;1;1;110;401
2023-03-21;"alle";126;126;126;126;126;126;126;126;126;126;126;126;519;519;519;519;519;519;519;519;519;519;519;519;NA;NA;NA;NA;NA;NA;NA;NA;NA;NA;NA;124;499
2023-03-20;"0-60";4;4;4;4;4;4;4;4;4;4;4;4;113;113;113;113;113;113;113;113;113;113;113;113;1;1;1;1;1;1;1;1;1;1;1;4;107
2023-03-20;"60+";31;31;31;31;31;31;31;31;31;31;31;31;390;390;390;390;390;390;390;390;390;390;390;390;1;1;1;1;1;1;1;1;1;1;1;28;373
2023-03-20;"alle";35;35;35;35;35;35;35;35;35;35;35;35;503;503;503;503;503;503;503;503;503;503;503;503;NA;NA;NA;NA;NA;NA;NA;NA;NA;NA;NA;32;480
2023-03-19;"0-60";7;7;7;7;7;7;7;7;7;7;7;7;114;114;114;114;114;114;114;114;114;114;114;114;1;1;1;1;1;1;1;1;1;1;1;7;108
2023-03-19;"60+";18;18;18;18;18;18;18;18;18;18;18;18;386;386;386;386;386;386;386;386;386;386;386;386;1;1;1;1;1;1;1;1;1;1;1;17;371
2023-03-19;"alle";25;25;25;25;25;25;25;25;25;25;25;25;500;500;500;500;500;500;500;500;500;500;500;500;NA;NA;NA;NA;NA;NA;NA;NA;NA;NA;NA;24;479
2023-03-18;"0-60";11;11;11;11;11;11;11;11;11;11;11;11;111;111;111;111;111;111;111;111;111;111;111;111;1;1;1;1;1;1;1;1;1;1;1;10;105
2023-03-18;"60+";50;50;50;50;50;50;50;50;50;50;50;50;385;385;385;385;385;385;385;385;385;385;385;385;1;1;1;1;1;1;1;1;1;1;1;49;371
2023-03-18;"alle";61;61;61;61;61;61;61;61;61;61;61;61;496;496;496;496;496;496;496;496;496;496;496;496;NA;NA;NA;NA;NA;NA;NA;NA;NA;NA;NA;59;476
2023-03-17;"0-60";22;22;22;22;22;22;22;22;22;22;22;22;105;105;105;105;105;105;105;105;105;105;105;105;1;1;1;1;1;1;1;1;1;1;1;20;100
2023-03-17;"60+";62;62;62;62;62;62;62;62;62;62;62;62;377;377;377;377;377;377;377;377;377;377;377;377;1;1;1;1;1;1;1;1;1;1;1;60;364
2023-03-17;"alle";84;84;84;84;84;84;84;84;84;84;84;84;482;482;482;482;482;482;482;482;482;482;482;482;NA;NA;NA;NA;NA;NA;NA;NA;NA;NA;NA;80;464
2023-03-16;"0-60";17;17;17;17;17;17;17;17;17;17;17;17;94;94;94;94;94;94;94;94;94;94;94;94;1;1;1;1;1;1;1;1;1;1;1;17;90
2023-03-16;"60+";65;65;65;65;65;65;65;65;65;65;65;65;343;343;343;343;343;343;343;343;343;343;343;343;1;1;1;1;1;1;1;1;1;1;1;60;331
2023-03-16;"alle";82;82;82;82;82;82;82;82;82;82;82;82;437;437;437;437;437;437;437;437;437;437;437;437;NA;NA;NA;NA;NA;NA;NA;NA;NA;NA;NA;77;421
2023-03-15;"0-60";27;27;27;27;27;27;27;27;27;27;27;27;92;92;92;92;92;92;92;92;92;92;92;92;1;1;1;1;1;1;1;1;1;1;1;26;87
2023-03-15;"60+";79;79;79;79;79;79;79;79;79;79;79;79;325;325;325;325;325;325;325;325;325;325;325;325;1;1;1;1;1;1;1;1;1;1;1;77;316
2023-03-15;"alle";106;106;106;106;106;106;106;106;106;106;106;106;417;417;417;417;417;417;417;417;417;417;417;417;NA;NA;NA;NA;NA;NA;NA;NA;NA;NA;NA;103;403
2023-03-14;"0-60";25;25;25;25;25;25;25;25;25;25;25;25;75;75;75;75;75;75;75;75;75;75;75;75;1;1;1;1;1;1;1;1;1;1;1;23;71
2023-03-14;"60+";85;85;85;85;85;85;85;85;85;85;85;85;293;293;293;293;293;293;293;293;293;293;293;293;1;1;1;1;1;1;1;1;1;1;1;82;286
2023-03-14;"alle";110;110;110;110;110;110;110;110;110;110;110;110;368;368;368;368;368;368;368;368;368;368;368;368;NA;NA;NA;NA;NA;NA;NA;NA;NA;NA;NA;105;357
2023-03-13;"0-60";5;5;5;5;5;5;5;5;5;5;5;5;67;67;67;67;67;67;67;67;67;67;67;67;1;1;1;1;1;1;1;1;1;1;1;5;65
2023-03-13;"60+";27;27;27;27;27;27;27;27;27;27;27;27;271;271;271;271;271;271;271;271;271;271;271;271;1;1;1;1;1;1;1;1;1;1;1;26;265
2023-03-13;"alle";32;32;32;32;32;32;32;32;32;32;32;32;338;338;338;338;338;338;338;338;338;338;338;338;NA;NA;NA;NA;NA;NA;NA;NA;NA;NA;NA;31;330
2023-03-12;"0-60";4;4;4;4;4;4;4;4;4;4;4;4;63;63;63;63;63;63;63;63;63;63;63;63;1;1;1;1;1;1;1;1;1;1;1;4;61
2023-03-12;"60+";17;17;17;17;17;17;17;17;17;17;17;17;261;261;261;261;261;261;261;261;261;261;261;261;1;1;1;1;1;1;1;1;1;1;1;17;255
2023-03-12;"alle";21;21;21;21;21;21;21;21;21;21;21;21;324;324;324;324;324;324;324;324;324;324;324;324;NA;NA;NA;NA;NA;NA;NA;NA;NA;NA;NA;21;316
2023-03-11;"0-60";5;5;5;5;5;5;5;5;5;5;5;5;63;63;63;63;63;63;63;63;63;63;63;63;1;1;1;1;1;1;1;1;1;1;1;5;61
2023-03-11;"60+";42;42;42;42;42;42;42;42;42;42;42;42;255;255;255;255;255;255;255;255;255;255;255;255;1;1;1;1;1;1;1;1;1;1;1;42;249
2023-03-11;"alle";47;47;47;47;47;47;47;47;47;47;47;47;318;318;318;318;318;318;318;318;318;318;318;318;NA;NA;NA;NA;NA;NA;NA;NA;NA;NA;NA;47;310
2023-03-10;"0-60";11;11;11;11;11;11;11;11;11;11;11;11;62;62;62;62;62;62;62;62;62;62;62;62;1;1;1;1;1;1;1;1;1;1;1;10;60
2023-03-10;"60+";28;28;28;28;28;28;28;28;28;28;28;28;251;251;251;251;251;251;251;251;251;251;251;251;1;1;1;1;1;1;1;1;1;1;1;27;244
2023-03-10;"alle";39;39;39;39;39;39;39;39;39;39;39;39;313;313;313;313;313;313;313;313;313;313;313;313;NA;NA;NA;NA;NA;NA;NA;NA;NA;NA;NA;37;304
2023-03-09;"0-60";15;15;15;15;15;15;15;15;15;15;15;15;56;56;56;56;56;56;56;56;56;56;56;56;1;1;1;1;1;1;1;1;1;1;1;14;54
2023-03-09;"60+";47;47;47;47;47;47;47;47;47;47;47;47;249;249;249;249;249;249;249;249;249;249;249;249;1;1;1;1;1;1;1;1;1;1;1;45;240
2023-03-09;"alle";62;62;62;62;62;62;62;62;62;62;62;62;305;305;305;305;305;305;305;305;305;305;305;305;NA;NA;NA;NA;NA;NA;NA;NA;NA;NA;NA;59;294
2023-03-08;"0-60";10;10;10;10;10;10;10;10;10;10;10;10;44;44;44;44;44;44;44;44;44;44;44;44;1;1;1;1;1;1;1;1;1;1;1;10;43
2023-03-08;"60+";47;47;47;47;47;47;47;47;47;47;47;47;236;236;236;236;236;236;236;236;236;236;236;236;1;1;1;1;1;1;1;1;1;1;1;47;228
2023-03-08;"alle";57;57;57;57;57;57;57;57;57;57;57;57;280;280;280;280;280;280;280;280;280;280;280;280;NA;NA;NA;NA;NA;NA;NA;NA;NA;NA;NA;57;271
2023-03-07;"0-60";17;17;17;17;17;17;17;17;17;17;17;17;41;41;41;41;41;41;41;41;41;41;41;41;1;1;1;1;1;1;1;1;1;1;1;17;39
2023-03-07;"60+";63;63;63;63;63;63;63;63;63;63;63;63;240;240;240;240;240;240;240;240;240;240;240;240;1;1;1;1;1;1;1;1;1;1;1;61;230
2023-03-07;"alle";80;80;80;80;80;80;80;80;80;80;80;80;281;281;281;281;281;281;281;281;281;281;281;281;NA;NA;NA;NA;NA;NA;NA;NA;NA;NA;NA;78;269
2023-03-06;"0-60";1;1;1;1;1;1;1;1;1;1;1;1;33;33;33;33;33;33;33;33;33;33;33;33;1;1;1;1;1;1;1;1;1;1;1;1;29
2023-03-06;"60+";17;17;17;17;17;17;17;17;17;17;17;17;251;251;251;251;251;251;251;251;251;251;251;251;1;1;1;1;1;1;1;1;1;1;1;16;237
2023-03-06;"alle";18;18;18;18;18;18;18;18;18;18;18;18;284;284;284;284;284;284;284;284;284;284;284;284;NA;NA;NA;NA;NA;NA;NA;NA;NA;NA;NA;17;266
2023-03-05;"0-60";4;4;4;4;4;4;4;4;4;4;4;4;35;35;35;35;35;35;35;35;35;35;35;35;1;1;1;1;1;1;1;1;1;1;1;4;31
2023-03-05;"60+";11;11;11;11;11;11;11;11;11;11;11;11;242;242;242;242;242;242;242;242;242;242;242;242;1;1;1;1;1;1;1;1;1;1;1;11;228
2023-03-05;"alle";15;15;15;15;15;15;15;15;15;15;15;15;277;277;277;277;277;277;277;277;277;277;277;277;NA;NA;NA;NA;NA;NA;NA;NA;NA;NA;NA;15;259
2023-03-04;"0-60";4;4;4;4;4;4;4;4;4;4;4;4;34;34;34;34;34;34;34;34;34;34;34;34;1;1;1;1;1;1;1;1;1;1;1;4;29
2023-03-04;"60+";38;38;38;38;38;38;38;38;38;38;38;38;247;247;247;247;247;247;247;247;247;247;247;247;1;1;1;1;1;1;1;1;1;1;1;37;232
2023-03-04;"alle";42;42;42;42;42;42;42;42;42;42;42;42;281;281;281;281;281;281;281;281;281;281;281;281;NA;NA;NA;NA;NA;NA;NA;NA;NA;NA;NA;41;261
2023-03-03;"0-60";5;5;5;5;5;5;5;5;5;5;5;5;39;39;39;39;39;39;39;39;39;39;39;39;1;1;1;1;1;1;1;1;1;1;1;4;33
2023-03-03;"60+";26;26;26;26;26;26;26;26;26;26;26;26;256;256;256;256;256;256;256;256;256;256;256;256;1;1;1;1;1;1;1;1;1;1;1;23;242
2023-03-03;"alle";31;31;31;31;31;31;31;31;31;31;31;31;295;295;295;295;295;295;295;295;295;295;295;295;NA;NA;NA;NA;NA;NA;NA;NA;NA;NA;NA;27;275
2023-03-02;"0-60";3;3;3;3;3;3;3;3;3;3;3;3;47;47;47;47;47;47;47;47;47;47;47;47;1;1;1;1;1;1;1;1;1;1;1;3;42
2023-03-02;"60+";34;34;34;34;34;34;34;34;34;34;34;34;279;279;279;279;279;279;279;279;279;279;279;279;1;1;1;1;1;1;1;1;1;1;1;33;266
2023-03-02;"alle";37;37;37;37;37;37;37;37;37;37;37;37;326;326;326;326;326;326;326;326;326;326;326;326;NA;NA;NA;NA;NA;NA;NA;NA;NA;NA;NA;36;308
2023-03-01;"0-60";7;7;7;7;7;7;7;7;7;7;7;7;53;53;53;53;53;53;53;53;53;53;53;53;1;1;1;1;1;1;1;1;1;1;1;6;48
2023-03-01;"60+";51;51;51;51;51;51;51;51;51;51;51;51;294;294;294;294;294;294;294;294;294;294;294;294;1;1;1;1;1;1;1;1;1;1;1;49;281
2023-03-01;"alle";58;58;58;58;58;58;58;58;58;58;58;58;347;347;347;347;347;347;347;347;347;347;347;347;NA;NA;NA;NA;NA;NA;NA;NA;NA;NA;NA;55;329
2023-02-28;"0-60";9;9;9;9;9;9;9;9;9;9;9;9;53;53;53;53;53;53;53;53;53;53;53;53;1;1;1;1;1;1;1;1;1;1;1;7;48
2023-02-28;"60+";74;74;74;74;74;74;74;74;74;74;74;74;292;292;292;292;292;292;292;292;292;292;292;292;1;1;1;1;1;1;1;1;1;1;1;68;280
2023-02-28;"alle";83;83;83;83;83;83;83;83;83;83;83;83;345;345;345;345;345;345;345;345;345;345;345;345;NA;NA;NA;NA;NA;NA;NA;NA;NA;NA;NA;75;328
2023-02-27;"0-60";3;3;3;3;3;3;3;3;3;3;3;3;70;70;70;70;70;70;70;70;70;70;70;70;1;1;1;1;1;1;1;1;1;1;1;3;67
2023-02-27;"60+";8;8;8;8;8;8;8;8;8;8;8;8;304;304;304;304;304;304;304;304;304;304;304;304;1;1;1;1;1;1;1;1;1;1;1;7;295
2023-02-27;"alle";11;11;11;11;11;11;11;11;11;11;11;11;374;374;374;374;374;374;374;374;374;374;374;374;NA;NA;NA;NA;NA;NA;NA;NA;NA;NA;NA;10;362
2023-02-26;"0-60";3;3;3;3;3;3;3;3;3;3;3;3;77;77;77;77;77;77;77;77;77;77;77;77;1;1;1;1;1;1;1;1;1;1;1;2;74
2023-02-26;"60+";16;16;16;16;16;16;16;16;16;16;16;16;318;318;318;318;318;318;318;318;318;318;318;318;1;1;1;1;1;1;1;1;1;1;1;15;306
2023-02-26;"alle";19;19;19;19;19;19;19;19;19;19;19;19;395;395;395;395;395;395;395;395;395;395;395;395;NA;NA;NA;NA;NA;NA;NA;NA;NA;NA;NA;17;380
2023-02-25;"0-60";9;9;9;9;9;9;9;9;9;9;9;9;77;77;77;77;77;77;77;77;77;77;77;77;1;1;1;1;1;1;1;1;1;1;1;8;75
2023-02-25;"60+";47;47;47;47;47;47;47;47;47;47;47;47;306;306;306;306;306;306;306;306;306;306;306;306;1;1;1;1;1;1;1;1;1;1;1;47;295
2023-02-25;"alle";56;56;56;56;56;56;56;56;56;56;56;56;383;383;383;383;383;383;383;383;383;383;383;383;NA;NA;NA;NA;NA;NA;NA;NA;NA;NA;NA;55;370
2023-02-24;"0-60";13;13;13;13;13;13;13;13;13;13;13;13;80;80;80;80;80;80;80;80;80;80;80;80;1;1;1;1;1;1;1;1;1;1;1;13;79
2023-02-24;"60+";49;49;49;49;49;49;49;49;49;49;49;49;291;291;291;291;291;291;291;291;291;291;291;291;1;1;1;1;1;1;1;1;1;1;1;47;279
2023-02-24;"alle";62;62;62;62;62;62;62;62;62;62;62;62;371;371;371;371;371;371;371;371;371;371;371;371;NA;NA;NA;NA;NA;NA;NA;NA;NA;NA;NA;60;358
2023-02-23;"0-60";9;9;9;9;9;9;9;9;9;9;9;9;76;76;76;76;76;76;76;76;76;76;76;76;1;1;1;1;1;1;1;1;1;1;1;9;74
2023-02-23;"60+";49;49;49;49;49;49;49;49;49;49;49;49;289;289;289;289;289;289;289;289;289;289;289;289;1;1;1;1;1;1;1;1;1;1;1;48;279
2023-02-23;"alle";58;58;58;58;58;58;58;58;58;58;58;58;365;365;365;365;365;365;365;365;365;365;365;365;NA;NA;NA;NA;NA;NA;NA;NA;NA;NA;NA;57;353
2023-02-22;"0-60";7;7;7;7;7;7;7;7;7;7;7;7;76;76;76;76;76;76;76;76;76;76;76;76;1;1;1;1;1;1;1;1;1;1;1;6;72
2023-02-22;"60+";49;49;49;49;49;49;49;49;49;49;49;49;285;285;285;285;285;285;285;285;285;285;285;285;1;1;1;1;1;1;1;1;1;1;1;48;271
2023-02-22;"alle";56;56;56;56;56;56;56;56;56;56;56;56;361;361;361;361;361;361;361;361;361;361;361;361;NA;NA;NA;NA;NA;NA;NA;NA;NA;NA;NA;54;343
2023-02-21;"0-60";26;26;26;26;26;26;26;26;26;26;26;26;83;83;83;83;83;83;83;83;83;83;83;83;1;1;1;1;1;1;1;1;1;1;1;26;80
2023-02-21;"60+";86;86;86;86;86;86;86;86;86;86;86;86;281;281;281;281;281;281;281;281;281;281;281;281;1;1;1;1;1;1;1;1;1;1;1;83;267
2023-02-21;"alle";112;112;112;112;112;112;112;112;112;112;112;112;364;364;364;364;364;364;364;364;364;364;364;364;NA;NA;NA;NA;NA;NA;NA;NA;NA;NA;NA;109;347
2023-02-20;"0-60";10;10;10;10;10;10;10;10;10;10;10;10;69;69;69;69;69;69;69;69;69;69;69;69;1;1;1;1;1;1;1;1;1;1;1;10;66
2023-02-20;"60+";22;22;22;22;22;22;22;22;22;22;22;22;255;255;255;255;255;255;255;255;255;255;255;255;1;1;1;1;1;1;1;1;1;1;1;18;243
2023-02-20;"alle";32;32;32;32;32;32;32;32;32;32;32;32;324;324;324;324;324;324;324;324;324;324;324;324;NA;NA;NA;NA;NA;NA;NA;NA;NA;NA;NA;28;309
2023-02-19;"0-60";3;3;3;3;3;3;3;3;3;3;3;3;63;63;63;63;63;63;63;63;63;63;63;63;1;1;1;1;1;1;1;1;1;1;1;3;60
2023-02-19;"60+";4;4;4;4;4;4;4;4;4;4;4;4;247;247;247;247;247;247;247;247;247;247;247;247;1;1;1;1;1;1;1;1;1;1;1;4;238
2023-02-19;"alle";7;7;7;7;7;7;7;7;7;7;7;7;310;310;310;310;310;310;310;310;310;310;310;310;NA;NA;NA;NA;NA;NA;NA;NA;NA;NA;NA;7;298
2023-02-18;"0-60";12;12;12;12;12;12;12;12;12;12;12;12;63;63;63;63;63;63;63;63;63;63;63;63;1;1;1;1;1;1;1;1;1;1;1;12;60
2023-02-18;"60+";32;32;32;32;32;32;32;32;32;32;32;32;256;256;256;256;256;256;256;256;256;256;256;256;1;1;1;1;1;1;1;1;1;1;1;31;246
2023-02-18;"alle";44;44;44;44;44;44;44;44;44;44;44;44;319;319;319;319;319;319;319;319;319;319;319;319;NA;NA;NA;NA;NA;NA;NA;NA;NA;NA;NA;43;306
2023-02-17;"0-60";9;9;9;9;9;9;9;9;9;9;9;9;64;64;64;64;64;64;64;64;64;64;64;64;1;1;1;1;1;1;1;1;1;1;1;8;60
2023-02-17;"60+";47;47;47;47;47;47;47;47;47;47;47;47;244;244;244;244;244;244;244;244;244;244;244;244;1;1;1;1;1;1;1;1;1;1;1;47;234
2023-02-17;"alle";56;56;56;56;56;56;56;56;56;56;56;56;308;308;308;308;308;308;308;308;308;308;308;308;NA;NA;NA;NA;NA;NA;NA;NA;NA;NA;NA;55;294
2023-02-16;"0-60";9;9;9;9;9;9;9;9;9;9;9;9;61;61;61;61;61;61;61;61;61;61;61;61;1;1;1;1;1;1;1;1;1;1;1;7;57
2023-02-16;"60+";45;45;45;45;45;45;45;45;45;45;45;45;227;227;227;227;227;227;227;227;227;227;227;227;1;1;1;1;1;1;1;1;1;1;1;40;217
2023-02-16;"alle";54;54;54;54;54;54;54;54;54;54;54;54;288;288;288;288;288;288;288;288;288;288;288;288;NA;NA;NA;NA;NA;NA;NA;NA;NA;NA;NA;47;274
2023-02-15;"0-60";14;14;14;14;14;14;14;14;14;14;14;14;57;57;57;57;57;57;57;57;57;57;57;57;1;1;1;1;1;1;1;1;1;1;1;14;55
2023-02-15;"60+";45;45;45;45;45;45;45;45;45;45;45;45;211;211;211;211;211;211;211;211;211;211;211;211;1;1;1;1;1;1;1;1;1;1;1;44;206
2023-02-15;"alle";59;59;59;59;59;59;59;59;59;59;59;59;268;268;268;268;268;268;268;268;268;268;268;268;NA;NA;NA;NA;NA;NA;NA;NA;NA;NA;NA;58;261
2023-02-14;"0-60";12;12;12;12;12;12;12;12;12;12;12;12;49;49;49;49;49;49;49;49;49;49;49;49;1;1;1;1;1;1;1;1;1;1;1;12;47
2023-02-14;"60+";60;60;60;60;60;60;60;60;60;60;60;60;194;194;194;194;194;194;194;194;194;194;194;194;1;1;1;1;1;1;1;1;1;1;1;59;190
2023-02-14;"alle";72;72;72;72;72;72;72;72;72;72;72;72;243;243;243;243;243;243;243;243;243;243;243;243;NA;NA;NA;NA;NA;NA;NA;NA;NA;NA;NA;71;237
2023-02-13;"0-60";4;4;4;4;4;4;4;4;4;4;4;4;55;55;55;55;55;55;55;55;55;55;55;55;1;1;1;1;1;1;1;1;1;1;1;4;52
2023-02-13;"60+";14;14;14;14;14;14;14;14;14;14;14;14;181;181;181;181;181;181;181;181;181;181;181;181;1;1;1;1;1;1;1;1;1;1;1;13;175
2023-02-13;"alle";18;18;18;18;18;18;18;18;18;18;18;18;236;236;236;236;236;236;236;236;236;236;236;236;NA;NA;NA;NA;NA;NA;NA;NA;NA;NA;NA;17;227
2023-02-12;"0-60";3;3;3;3;3;3;3;3;3;3;3;3;54;54;54;54;54;54;54;54;54;54;54;54;1;1;1;1;1;1;1;1;1;1;1;3;51
2023-02-12;"60+";13;13;13;13;13;13;13;13;13;13;13;13;173;173;173;173;173;173;173;173;173;173;173;173;1;1;1;1;1;1;1;1;1;1;1;12;167
2023-02-12;"alle";16;16;16;16;16;16;16;16;16;16;16;16;227;227;227;227;227;227;227;227;227;227;227;227;NA;NA;NA;NA;NA;NA;NA;NA;NA;NA;NA;15;218
2023-02-11;"0-60";13;13;13;13;13;13;13;13;13;13;13;13;53;53;53;53;53;53;53;53;53;53;53;53;1;1;1;1;1;1;1;1;1;1;1;12;50
2023-02-11;"60+";20;20;20;20;20;20;20;20;20;20;20;20;167;167;167;167;167;167;167;167;167;167;167;167;1;1;1;1;1;1;1;1;1;1;1;19;162
2023-02-11;"alle";33;33;33;33;33;33;33;33;33;33;33;33;220;220;220;220;220;220;220;220;220;220;220;220;NA;NA;NA;NA;NA;NA;NA;NA;NA;NA;NA;31;212
2023-02-10;"0-60";6;6;6;6;6;6;6;6;6;6;6;6;48;48;48;48;48;48;48;48;48;48;48;48;1;1;1;1;1;1;1;1;1;1;1;5;45
2023-02-10;"60+";30;30;30;30;30;30;30;30;30;30;30;30;163;163;163;163;163;163;163;163;163;163;163;163;1;1;1;1;1;1;1;1;1;1;1;30;157
2023-02-10;"alle";36;36;36;36;36;36;36;36;36;36;36;36;211;211;211;211;211;211;211;211;211;211;211;211;NA;NA;NA;NA;NA;NA;NA;NA;NA;NA;NA;35;202
2023-02-09;"0-60";5;5;5;5;5;5;5;5;5;5;5;5;49;49;49;49;49;49;49;49;49;49;49;49;1;1;1;1;1;1;1;1;1;1;1;5;47
2023-02-09;"60+";29;29;29;29;29;29;29;29;29;29;29;29;154;154;154;154;154;154;154;154;154;154;154;154;1;1;1;1;1;1;1;1;1;1;1;29;144
2023-02-09;"alle";34;34;34;34;34;34;34;34;34;34;34;34;203;203;203;203;203;203;203;203;203;203;203;203;NA;NA;NA;NA;NA;NA;NA;NA;NA;NA;NA;34;191
2023-02-08;"0-60";6;6;6;6;6;6;6;6;6;6;6;6;51;51;51;51;51;51;51;51;51;51;51;51;1;1;1;1;1;1;1;1;1;1;1;6;48
2023-02-08;"60+";28;28;28;28;28;28;28;28;28;28;28;28;152;152;152;152;152;152;152;152;152;152;152;152;1;1;1;1;1;1;1;1;1;1;1;28;140
2023-02-08;"alle";34;34;34;34;34;34;34;34;34;34;34;34;203;203;203;203;203;203;203;203;203;203;203;203;NA;NA;NA;NA;NA;NA;NA;NA;NA;NA;NA;34;188
2023-02-07;"0-60";18;18;18;18;18;18;18;18;18;18;18;18;64;64;64;64;64;64;64;64;64;64;64;64;1;1;1;1;1;1;1;1;1;1;1;17;57
2023-02-07;"60+";47;47;47;47;47;47;47;47;47;47;47;47;158;158;158;158;158;158;158;158;158;158;158;158;1;1;1;1;1;1;1;1;1;1;1;44;146
2023-02-07;"alle";65;65;65;65;65;65;65;65;65;65;65;65;222;222;222;222;222;222;222;222;222;222;222;222;NA;NA;NA;NA;NA;NA;NA;NA;NA;NA;NA;61;203
2023-02-06;"0-60";3;3;3;3;3;3;3;3;3;3;3;3;69;69;69;69;69;69;69;69;69;69;69;69;1;1;1;1;1;1;1;1;1;1;1;3;63
2023-02-06;"60+";6;6;6;6;6;6;6;6;6;6;6;6;146;146;146;146;146;146;146;146;146;146;146;146;1;1;1;1;1;1;1;1;1;1;1;5;136
2023-02-06;"alle";9;9;9;9;9;9;9;9;9;9;9;9;215;215;215;215;215;215;215;215;215;215;215;215;NA;NA;NA;NA;NA;NA;NA;NA;NA;NA;NA;8;199
2023-02-05;"0-60";2;2;2;2;2;2;2;2;2;2;2;2;67;67;67;67;67;67;67;67;67;67;67;67;1;1;1;1;1;1;1;1;1;1;1;2;61
2023-02-05;"60+";7;7;7;7;7;7;7;7;7;7;7;7;141;141;141;141;141;141;141;141;141;141;141;141;1;1;1;1;1;1;1;1;1;1;1;7;132
2023-02-05;"alle";9;9;9;9;9;9;9;9;9;9;9;9;208;208;208;208;208;208;208;208;208;208;208;208;NA;NA;NA;NA;NA;NA;NA;NA;NA;NA;NA;9;193
2023-02-04;"0-60";8;8;8;8;8;8;8;8;8;8;8;8;67;67;67;67;67;67;67;67;67;67;67;67;1;1;1;1;1;1;1;1;1;1;1;7;61
2023-02-04;"60+";16;16;16;16;16;16;16;16;16;16;16;16;143;143;143;143;143;143;143;143;143;143;143;143;1;1;1;1;1;1;1;1;1;1;1;14;134
2023-02-04;"alle";24;24;24;24;24;24;24;24;24;24;24;24;210;210;210;210;210;210;210;210;210;210;210;210;NA;NA;NA;NA;NA;NA;NA;NA;NA;NA;NA;21;195
2023-02-03;"0-60";7;7;7;7;7;7;7;7;7;7;7;7;70;70;70;70;70;70;70;70;70;70;70;70;1;1;1;1;1;1;1;1;1;1;1;7;65
2023-02-03;"60+";21;21;21;21;21;21;21;21;21;21;21;21;156;156;156;156;156;156;156;156;156;156;156;156;1;1;1;1;1;1;1;1;1;1;1;17;148
2023-02-03;"alle";28;28;28;28;28;28;28;28;28;28;28;28;226;226;226;226;226;226;226;226;226;226;226;226;NA;NA;NA;NA;NA;NA;NA;NA;NA;NA;NA;24;213
2023-02-02;"0-60";7;7;7;7;7;7;7;7;7;7;7;7;70;70;70;70;70;70;70;70;70;70;70;70;1;1;1;1;1;1;1;1;1;1;1;6;65
2023-02-02;"60+";27;27;27;27;27;27;27;27;27;27;27;27;156;156;156;156;156;156;156;156;156;156;156;156;1;1;1;1;1;1;1;1;1;1;1;25;152
2023-02-02;"alle";34;34;34;34;34;34;34;34;34;34;34;34;226;226;226;226;226;226;226;226;226;226;226;226;NA;NA;NA;NA;NA;NA;NA;NA;NA;NA;NA;31;217
2023-02-01;"0-60";19;19;19;19;19;19;19;19;19;19;19;19;82;82;82;82;82;82;82;82;82;82;82;82;1;1;1;1;1;1;1;1;1;1;1;15;77
2023-02-01;"60+";34;34;34;34;34;34;34;34;34;34;34;34;150;150;150;150;150;150;150;150;150;150;150;150;1;1;1;1;1;1;1;1;1;1;1;34;147
2023-02-01;"alle";53;53;53;53;53;53;53;53;53;53;53;53;232;232;232;232;232;232;232;232;232;232;232;232;NA;NA;NA;NA;NA;NA;NA;NA;NA;NA;NA;49;224
2023-01-31;"0-60";23;23;23;23;23;23;23;23;23;23;23;23;76;76;76;76;76;76;76;76;76;76;76;76;1;1;1;1;1;1;1;1;1;1;1;23;75
2023-01-31;"60+";35;35;35;35;35;35;35;35;35;35;35;35;137;137;137;137;137;137;137;137;137;137;137;137;1;1;1;1;1;1;1;1;1;1;1;34;134
2023-01-31;"alle";58;58;58;58;58;58;58;58;58;58;58;58;213;213;213;213;213;213;213;213;213;213;213;213;NA;NA;NA;NA;NA;NA;NA;NA;NA;NA;NA;57;209
2023-01-30;"0-60";1;1;1;1;1;1;1;1;1;1;1;1;59;59;59;59;59;59;59;59;59;59;59;59;1;1;1;1;1;1;1;1;1;1;1;1;58
2023-01-30;"60+";1;1;1;1;1;1;1;1;1;1;1;1;130;130;130;130;130;130;130;130;130;130;130;130;1;1;1;1;1;1;1;1;1;1;1;1;128
2023-01-30;"alle";2;2;2;2;2;2;2;2;2;2;2;2;189;189;189;189;189;189;189;189;189;189;189;189;NA;NA;NA;NA;NA;NA;NA;NA;NA;NA;NA;2;186
2023-01-29;"0-60";2;2;2;2;2;2;2;2;2;2;2;2;60;60;60;60;60;60;60;60;60;60;60;60;1;1;1;1;1;1;1;1;1;1;1;2;58
2023-01-29;"60+";9;9;9;9;9;9;9;9;9;9;9;9;132;132;132;132;132;132;132;132;132;132;132;132;1;1;1;1;1;1;1;1;1;1;1;9;130
2023-01-29;"alle";11;11;11;11;11;11;11;11;11;11;11;11;192;192;192;192;192;192;192;192;192;192;192;192;NA;NA;NA;NA;NA;NA;NA;NA;NA;NA;NA;11;188
2023-01-28;"0-60";11;11;11;11;11;11;11;11;11;11;11;11;61;61;61;61;61;61;61;61;61;61;61;61;1;1;1;1;1;1;1;1;1;1;1;11;59
2023-01-28;"60+";29;29;29;29;29;29;29;29;29;29;29;29;134;134;134;134;134;134;134;134;134;134;134;134;1;1;1;1;1;1;1;1;1;1;1;28;132
2023-01-28;"alle";40;40;40;40;40;40;40;40;40;40;40;40;195;195;195;195;195;195;195;195;195;195;195;195;NA;NA;NA;NA;NA;NA;NA;NA;NA;NA;NA;39;191
2023-01-27;"0-60";7;7;7;7;7;7;7;7;7;7;7;7;56;56;56;56;56;56;56;56;56;56;56;56;1;1;1;1;1;1;1;1;1;1;1;7;54
2023-01-27;"60+";21;21;21;21;21;21;21;21;21;21;21;21;121;121;121;121;121;121;121;121;121;121;121;121;1;1;1;1;1;1;1;1;1;1;1;21;118
2023-01-27;"alle";28;28;28;28;28;28;28;28;28;28;28;28;177;177;177;177;177;177;177;177;177;177;177;177;NA;NA;NA;NA;NA;NA;NA;NA;NA;NA;NA;28;172
2023-01-26;"0-60";19;19;19;19;19;19;19;19;19;19;19;19;60;60;60;60;60;60;60;60;60;60;60;60;1;1;1;1;1;1;1;1;1;1;1;18;57
2023-01-26;"60+";21;21;21;21;21;21;21;21;21;21;21;21;122;122;122;122;122;122;122;122;122;122;122;122;1;1;1;1;1;1;1;1;1;1;1;20;118
2023-01-26;"alle";40;40;40;40;40;40;40;40;40;40;40;40;182;182;182;182;182;182;182;182;182;182;182;182;NA;NA;NA;NA;NA;NA;NA;NA;NA;NA;NA;38;175
2023-01-25;"0-60";13;13;13;13;13;13;13;13;13;13;13;13;48;48;48;48;48;48;48;48;48;48;48;48;1;1;1;1;1;1;1;1;1;1;1;13;46
2023-01-25;"60+";21;21;21;21;21;21;21;21;21;21;21;21;122;122;122;122;122;122;122;122;122;122;122;122;1;1;1;1;1;1;1;1;1;1;1;21;117
2023-01-25;"alle";34;34;34;34;34;34;34;34;34;34;34;34;170;170;170;170;170;170;170;170;170;170;170;170;NA;NA;NA;NA;NA;NA;NA;NA;NA;NA;NA;34;163
2023-01-24;"0-60";6;6;6;6;6;6;6;6;6;6;6;6;50;50;50;50;50;50;50;50;50;50;50;50;1;1;1;1;1;1;1;1;1;1;1;6;46
2023-01-24;"60+";28;28;28;28;28;28;28;28;28;28;28;28;136;136;136;136;136;136;136;136;136;136;136;136;1;1;1;1;1;1;1;1;1;1;1;28;130
2023-01-24;"alle";34;34;34;34;34;34;34;34;34;34;34;34;186;186;186;186;186;186;186;186;186;186;186;186;NA;NA;NA;NA;NA;NA;NA;NA;NA;NA;NA;34;176
2023-01-23;"0-60";2;2;2;2;2;2;2;2;2;2;2;2;57;57;57;57;57;57;57;57;57;57;57;57;1;1;1;1;1;1;1;1;1;1;1;1;53
2023-01-23;"60+";3;3;3;3;3;3;3;3;3;3;3;3;149;149;149;149;149;149;149;149;149;149;149;149;1;1;1;1;1;1;1;1;1;1;1;3;143
2023-01-23;"alle";5;5;5;5;5;5;5;5;5;5;5;5;206;206;206;206;206;206;206;206;206;206;206;206;NA;NA;NA;NA;NA;NA;NA;NA;NA;NA;NA;4;196
2023-01-22;"0-60";3;3;3;3;3;3;3;3;3;3;3;3;58;58;58;58;58;58;58;58;58;58;58;58;1;1;1;1;1;1;1;1;1;1;1;3;55
2023-01-22;"60+";11;11;11;11;11;11;11;11;11;11;11;11;155;155;155;155;155;155;155;155;155;155;155;155;1;1;1;1;1;1;1;1;1;1;1;11;149
2023-01-22;"alle";14;14;14;14;14;14;14;14;14;14;14;14;213;213;213;213;213;213;213;213;213;213;213;213;NA;NA;NA;NA;NA;NA;NA;NA;NA;NA;NA;14;204
2023-01-21;"0-60";6;6;6;6;6;6;6;6;6;6;6;6;56;56;56;56;56;56;56;56;56;56;56;56;1;1;1;1;1;1;1;1;1;1;1;6;53
2023-01-21;"60+";16;16;16;16;16;16;16;16;16;16;16;16;155;155;155;155;155;155;155;155;155;155;155;155;1;1;1;1;1;1;1;1;1;1;1;14;148
2023-01-21;"alle";22;22;22;22;22;22;22;22;22;22;22;22;211;211;211;211;211;211;211;211;211;211;211;211;NA;NA;NA;NA;NA;NA;NA;NA;NA;NA;NA;20;201
2023-01-20;"0-60";11;11;11;11;11;11;11;11;11;11;11;11;54;54;54;54;54;54;54;54;54;54;54;54;1;1;1;1;1;1;1;1;1;1;1;10;51
2023-01-20;"60+";22;22;22;22;22;22;22;22;22;22;22;22;162;162;162;162;162;162;162;162;162;162;162;162;1;1;1;1;1;1;1;1;1;1;1;21;157
2023-01-20;"alle";33;33;33;33;33;33;33;33;33;33;33;33;216;216;216;216;216;216;216;216;216;216;216;216;NA;NA;NA;NA;NA;NA;NA;NA;NA;NA;NA;31;208
2023-01-19;"0-60";7;7;7;7;7;7;7;7;7;7;7;7;48;48;48;48;48;48;48;48;48;48;48;48;1;1;1;1;1;1;1;1;1;1;1;7;46
2023-01-19;"60+";21;21;21;21;21;21;21;21;21;21;21;21;172;172;172;172;172;172;172;172;172;172;172;172;1;1;1;1;1;1;1;1;1;1;1;19;168
2023-01-19;"alle";28;28;28;28;28;28;28;28;28;28;28;28;220;220;220;220;220;220;220;220;220;220;220;220;NA;NA;NA;NA;NA;NA;NA;NA;NA;NA;NA;26;214
2023-01-18;"0-60";15;15;15;15;15;15;15;15;15;15;15;15;43;43;43;43;43;43;43;43;43;43;43;43;1;1;1;1;1;1;1;1;1;1;1;13;41
2023-01-18;"60+";35;35;35;35;35;35;35;35;35;35;35;35;173;173;173;173;173;173;173;173;173;173;173;173;1;1;1;1;1;1;1;1;1;1;1;34;171
2023-01-18;"alle";50;50;50;50;50;50;50;50;50;50;50;50;216;216;216;216;216;216;216;216;216;216;216;216;NA;NA;NA;NA;NA;NA;NA;NA;NA;NA;NA;47;212
2023-01-17;"0-60";13;13;13;13;13;13;13;13;13;13;13;13;44;44;44;44;44;44;44;44;44;44;44;44;1;1;1;1;1;1;1;1;1;1;1;13;43
2023-01-17;"60+";41;41;41;41;41;41;41;41;41;41;41;41;176;176;176;176;176;176;176;176;176;176;176;176;1;1;1;1;1;1;1;1;1;1;1;41;174
2023-01-17;"alle";54;54;54;54;54;54;54;54;54;54;54;54;220;220;220;220;220;220;220;220;220;220;220;220;NA;NA;NA;NA;NA;NA;NA;NA;NA;NA;NA;54;217
2023-01-16;"0-60";3;3;3;3;3;3;3;3;3;3;3;3;42;42;42;42;42;42;42;42;42;42;42;42;1;1;1;1;1;1;1;1;1;1;1;3;41
2023-01-16;"60+";9;9;9;9;9;9;9;9;9;9;9;9;211;211;211;211;211;211;211;211;211;211;211;211;1;1;1;1;1;1;1;1;1;1;1;9;208
2023-01-16;"alle";12;12;12;12;12;12;12;12;12;12;12;12;253;253;253;253;253;253;253;253;253;253;253;253;NA;NA;NA;NA;NA;NA;NA;NA;NA;NA;NA;12;249
2023-01-15;"0-60";1;1;1;1;1;1;1;1;1;1;1;1;41;41;41;41;41;41;41;41;41;41;41;41;1;1;1;1;1;1;1;1;1;1;1;1;40
2023-01-15;"60+";11;11;11;11;11;11;11;11;11;11;11;11;213;213;213;213;213;213;213;213;213;213;213;213;1;1;1;1;1;1;1;1;1;1;1;10;209
2023-01-15;"alle";12;12;12;12;12;12;12;12;12;12;12;12;254;254;254;254;254;254;254;254;254;254;254;254;NA;NA;NA;NA;NA;NA;NA;NA;NA;NA;NA;11;249
2023-01-14;"0-60";4;4;4;4;4;4;4;4;4;4;4;4;44;44;44;44;44;44;44;44;44;44;44;44;1;1;1;1;1;1;1;1;1;1;1;4;43
2023-01-14;"60+";23;23;23;23;23;23;23;23;23;23;23;23;215;215;215;215;215;215;215;215;215;215;215;215;1;1;1;1;1;1;1;1;1;1;1;23;211
2023-01-14;"alle";27;27;27;27;27;27;27;27;27;27;27;27;259;259;259;259;259;259;259;259;259;259;259;259;NA;NA;NA;NA;NA;NA;NA;NA;NA;NA;NA;27;254
2023-01-13;"0-60";5;5;5;5;5;5;5;5;5;5;5;5;50;50;50;50;50;50;50;50;50;50;50;50;1;1;1;1;1;1;1;1;1;1;1;5;49
2023-01-13;"60+";32;32;32;32;32;32;32;32;32;32;32;32;233;233;233;233;233;233;233;233;233;233;233;233;1;1;1;1;1;1;1;1;1;1;1;32;229
2023-01-13;"alle";37;37;37;37;37;37;37;37;37;37;37;37;283;283;283;283;283;283;283;283;283;283;283;283;NA;NA;NA;NA;NA;NA;NA;NA;NA;NA;NA;37;278
2023-01-12;"0-60";2;2;2;2;2;2;2;2;2;2;2;2;54;54;54;54;54;54;54;54;54;54;54;54;1;1;1;1;1;1;1;1;1;1;1;2;52
2023-01-12;"60+";22;22;22;22;22;22;22;22;22;22;22;22;247;247;247;247;247;247;247;247;247;247;247;247;1;1;1;1;1;1;1;1;1;1;1;22;242
2023-01-12;"alle";24;24;24;24;24;24;24;24;24;24;24;24;301;301;301;301;301;301;301;301;301;301;301;301;NA;NA;NA;NA;NA;NA;NA;NA;NA;NA;NA;24;294
2023-01-11;"0-60";16;16;16;16;16;16;16;16;16;16;16;16;57;57;57;57;57;57;57;57;57;57;57;57;1;1;1;1;1;1;1;1;1;1;1;15;55
2023-01-11;"60+";38;38;38;38;38;38;38;38;38;38;38;38;286;286;286;286;286;286;286;286;286;286;286;286;1;1;1;1;1;1;1;1;1;1;1;37;280
2023-01-11;"alle";54;54;54;54;54;54;54;54;54;54;54;54;343;343;343;343;343;343;343;343;343;343;343;343;NA;NA;NA;NA;NA;NA;NA;NA;NA;NA;NA;52;335
2023-01-10;"0-60";11;11;11;11;11;11;11;11;11;11;11;11;61;61;61;61;61;61;61;61;61;61;61;61;1;1;1;1;1;1;1;1;1;1;1;11;59
2023-01-10;"60+";76;76;76;76;76;76;76;76;76;76;76;76;323;323;323;323;323;323;323;323;323;323;323;323;1;1;1;1;1;1;1;1;1;1;1;75;315
2023-01-10;"alle";87;87;87;87;87;87;87;87;87;87;87;87;384;384;384;384;384;384;384;384;384;384;384;384;NA;NA;NA;NA;NA;NA;NA;NA;NA;NA;NA;86;374
2023-01-09;"0-60";2;2;2;2;2;2;2;2;2;2;2;2;69;69;69;69;69;69;69;69;69;69;69;69;1;1;1;1;1;1;1;1;1;1;1;2;66
2023-01-09;"60+";11;11;11;11;11;11;11;11;11;11;11;11;364;364;364;364;364;364;364;364;364;364;364;364;1;1;1;1;1;1;1;1;1;1;1;10;355
2023-01-09;"alle";13;13;13;13;13;13;13;13;13;13;13;13;433;433;433;433;433;433;433;433;433;433;433;433;NA;NA;NA;NA;NA;NA;NA;NA;NA;NA;NA;12;421
2023-01-08;"0-60";4;4;4;4;4;4;4;4;4;4;4;4;71;71;71;71;71;71;71;71;71;71;71;71;1;1;1;1;1;1;1;1;1;1;1;4;68
2023-01-08;"60+";13;13;13;13;13;13;13;13;13;13;13;13;371;371;371;371;371;371;371;371;371;371;371;371;1;1;1;1;1;1;1;1;1;1;1;12;362
2023-01-08;"alle";17;17;17;17;17;17;17;17;17;17;17;17;442;442;442;442;442;442;442;442;442;442;442;442;NA;NA;NA;NA;NA;NA;NA;NA;NA;NA;NA;16;430
2023-01-07;"0-60";10;10;10;10;10;10;10;10;10;10;10;10;67;67;67;67;67;67;67;67;67;67;67;67;1;1;1;1;1;1;1;1;1;1;1;10;64
2023-01-07;"60+";41;41;41;41;41;41;41;41;41;41;41;41;382;382;382;382;382;382;382;382;382;382;382;382;1;1;1;1;1;1;1;1;1;1;1;41;374
2023-01-07;"alle";51;51;51;51;51;51;51;51;51;51;51;51;449;449;449;449;449;449;449;449;449;449;449;449;NA;NA;NA;NA;NA;NA;NA;NA;NA;NA;NA;51;438
2023-01-06;"0-60";9;9;9;9;9;9;9;9;9;9;9;9;62;62;62;62;62;62;62;62;62;62;62;62;1;1;1;1;1;1;1;1;1;1;1;8;58
2023-01-06;"60+";46;46;46;46;46;46;46;46;46;46;46;46;396;396;396;396;396;396;396;396;396;396;396;396;1;1;1;1;1;1;1;1;1;1;1;45;388
2023-01-06;"alle";55;55;55;55;55;55;55;55;55;55;55;55;458;458;458;458;458;458;458;458;458;458;458;458;NA;NA;NA;NA;NA;NA;NA;NA;NA;NA;NA;53;446
2023-01-05;"0-60";5;5;5;5;5;5;5;5;5;5;5;5;68;68;68;68;68;68;68;68;68;68;68;68;1;1;1;1;1;1;1;1;1;1;1;5;65
2023-01-05;"60+";61;61;61;61;61;61;61;61;61;61;61;61;418;418;418;418;418;418;418;418;418;418;418;418;1;1;1;1;1;1;1;1;1;1;1;60;410
2023-01-05;"alle";66;66;66;66;66;66;66;66;66;66;66;66;486;486;486;486;486;486;486;486;486;486;486;486;NA;NA;NA;NA;NA;NA;NA;NA;NA;NA;NA;65;475
2023-01-04;"0-60";20;20;20;20;20;20;20;20;20;20;20;20;77;77;77;77;77;77;77;77;77;77;77;77;1;1;1;1;1;1;1;1;1;1;1;19;74
2023-01-04;"60+";75;75;75;75;75;75;75;75;75;75;75;75;446;446;446;446;446;446;446;446;446;446;446;446;1;1;1;1;1;1;1;1;1;1;1;72;438
2023-01-04;"alle";95;95;95;95;95;95;95;95;95;95;95;95;523;523;523;523;523;523;523;523;523;523;523;523;NA;NA;NA;NA;NA;NA;NA;NA;NA;NA;NA;91;512
2023-01-03;"0-60";19;19;19;19;19;19;19;19;19;19;19;19;83;83;83;83;83;83;83;83;83;83;83;83;1;1;1;1;1;1;1;1;1;1;1;18;80
2023-01-03;"60+";117;117;117;117;117;117;117;117;117;117;117;117;569;569;569;569;569;569;569;569;569;569;569;569;1;1;1;1;1;1;1;1;1;1;1;115;561
2023-01-03;"alle";136;136;136;136;136;136;136;136;136;136;136;136;652;652;652;652;652;652;652;652;652;652;652;652;NA;NA;NA;NA;NA;NA;NA;NA;NA;NA;NA;133;641
2023-01-02;"0-60";4;4;4;4;4;4;4;4;4;4;4;4;67;67;67;67;67;67;67;67;67;67;67;67;1;1;1;1;1;1;1;1;1;1;1;4;65
2023-01-02;"60+";18;18;18;18;18;18;18;18;18;18;18;18;478;478;478;478;478;478;478;478;478;478;478;478;1;1;1;1;1;1;1;1;1;1;1;17;472
2023-01-02;"alle";22;22;22;22;22;22;22;22;22;22;22;22;545;545;545;545;545;545;545;545;545;545;545;545;NA;NA;NA;NA;NA;NA;NA;NA;NA;NA;NA;21;537
2023-01-01;"0-60";0;0;0;0;0;0;0;0;0;0;0;0;69;69;69;69;69;69;69;69;69;69;69;69;1;1;1;1;1;1;1;1;1;1;1;0;67
2023-01-01;"60+";24;24;24;24;24;24;24;24;24;24;24;24;485;485;485;485;485;485;485;485;485;485;485;485;1;1;1;1;1;1;1;1;1;1;1;24;479
2023-01-01;"alle";24;24;24;24;24;24;24;24;24;24;24;24;554;554;554;554;554;554;554;554;554;554;554;554;NA;NA;NA;NA;NA;NA;NA;NA;NA;NA;NA;24;546
2022-12-31;"0-60";5;5;5;5;5;5;5;5;5;5;5;5;77;77;77;77;77;77;77;77;77;77;77;77;1;1;1;1;1;1;1;1;1;1;1;4;74
2022-12-31;"60+";55;55;55;55;55;55;55;55;55;55;55;55;480;480;480;480;480;480;480;480;480;480;480;480;1;1;1;1;1;1;1;1;1;1;1;55;473
2022-12-31;"alle";60;60;60;60;60;60;60;60;60;60;60;60;557;557;557;557;557;557;557;557;557;557;557;557;NA;NA;NA;NA;NA;NA;NA;NA;NA;NA;NA;59;547
2022-12-30;"0-60";15;15;15;15;15;15;15;15;15;15;15;15;84;84;84;84;84;84;84;84;84;84;84;84;1;1;1;1;1;1;1;1;1;1;1;15;82
2022-12-30;"60+";68;68;68;68;68;68;68;68;68;68;68;68;491;491;491;491;491;491;491;491;491;491;491;491;1;1;1;1;1;1;1;1;1;1;1;67;483
2022-12-30;"alle";83;83;83;83;83;83;83;83;83;83;83;83;575;575;575;575;575;575;575;575;575;575;575;575;NA;NA;NA;NA;NA;NA;NA;NA;NA;NA;NA;82;565
2022-12-29;"0-60";14;14;14;14;14;14;14;14;14;14;14;14;85;85;85;85;85;85;85;85;85;85;85;85;1;1;1;1;1;1;1;1;1;1;1;14;82
2022-12-29;"60+";89;89;89;89;89;89;89;89;89;89;89;89;498;498;498;498;498;498;498;498;498;498;498;498;1;1;1;1;1;1;1;1;1;1;1;88;490
2022-12-29;"alle";103;103;103;103;103;103;103;103;103;103;103;103;583;583;583;583;583;583;583;583;583;583;583;583;NA;NA;NA;NA;NA;NA;NA;NA;NA;NA;NA;102;572
2022-12-28;"0-60";26;26;26;26;26;26;26;26;26;26;26;26;93;93;93;93;93;93;93;93;93;93;93;93;1;1;1;1;1;1;1;1;1;1;1;25;88
2022-12-28;"60+";198;198;198;198;198;198;198;198;198;198;198;198;489;489;489;489;489;489;489;489;489;489;489;489;1;1;1;1;1;1;1;1;1;1;1;195;479
2022-12-28;"alle";224;224;224;224;224;224;224;224;224;224;224;224;582;582;582;582;582;582;582;582;582;582;582;582;NA;NA;NA;NA;NA;NA;NA;NA;NA;NA;NA;220;567
2022-12-27;"0-60";3;3;3;3;3;3;3;3;3;3;3;3;83;83;83;83;83;83;83;83;83;83;83;83;1;1;1;1;1;1;1;1;1;1;1;3;79
2022-12-27;"60+";26;26;26;26;26;26;26;26;26;26;26;26;397;397;397;397;397;397;397;397;397;397;397;397;1;1;1;1;1;1;1;1;1;1;1;26;385
2022-12-27;"alle";29;29;29;29;29;29;29;29;29;29;29;29;480;480;480;480;480;480;480;480;480;480;480;480;NA;NA;NA;NA;NA;NA;NA;NA;NA;NA;NA;29;464
2022-12-26;"0-60";6;6;6;6;6;6;6;6;6;6;6;6;109;109;109;109;109;109;109;109;109;109;109;109;1;1;1;1;1;1;1;1;1;1;1;6;103
2022-12-26;"60+";25;25;25;25;25;25;25;25;25;25;25;25;499;499;499;499;499;499;499;499;499;499;499;499;1;1;1;1;1;1;1;1;1;1;1;24;478
2022-12-26;"alle";31;31;31;31;31;31;31;31;31;31;31;31;608;608;608;608;608;608;608;608;608;608;608;608;NA;NA;NA;NA;NA;NA;NA;NA;NA;NA;NA;30;581
2022-12-25;"0-60";8;8;8;8;8;8;8;8;8;8;8;8;106;106;106;106;106;106;106;106;106;106;106;106;1;1;1;1;1;1;1;1;1;1;1;7;99
2022-12-25;"60+";19;19;19;19;19;19;19;19;19;19;19;19;495;495;495;495;495;495;495;495;495;495;495;495;1;1;1;1;1;1;1;1;1;1;1;18;475
2022-12-25;"alle";27;27;27;27;27;27;27;27;27;27;27;27;601;601;601;601;601;601;601;601;601;601;601;601;NA;NA;NA;NA;NA;NA;NA;NA;NA;NA;NA;25;574
2022-12-24;"0-60";12;12;12;12;12;12;12;12;12;12;12;12;100;100;100;100;100;100;100;100;100;100;100;100;1;1;1;1;1;1;1;1;1;1;1;12;94
2022-12-24;"60+";66;66;66;66;66;66;66;66;66;66;66;66;514;514;514;514;514;514;514;514;514;514;514;514;1;1;1;1;1;1;1;1;1;1;1;65;491
2022-12-24;"alle";78;78;78;78;78;78;78;78;78;78;78;78;614;614;614;614;614;614;614;614;614;614;614;614;NA;NA;NA;NA;NA;NA;NA;NA;NA;NA;NA;77;585
2022-12-23;"0-60";16;16;16;16;16;16;16;16;16;16;16;16;100;100;100;100;100;100;100;100;100;100;100;100;1;1;1;1;1;1;1;1;1;1;1;15;93
2022-12-23;"60+";75;75;75;75;75;75;75;75;75;75;75;75;520;520;520;520;520;520;520;520;520;520;520;520;1;1;1;1;1;1;1;1;1;1;1;74;495
2022-12-23;"alle";91;91;91;91;91;91;91;91;91;91;91;91;620;620;620;620;620;620;620;620;620;620;620;620;NA;NA;NA;NA;NA;NA;NA;NA;NA;NA;NA;89;588
2022-12-22;"0-60";22;22;22;22;22;22;22;22;22;22;22;22;100;100;100;100;100;100;100;100;100;100;100;100;1;1;1;1;1;1;1;1;1;1;1;20;93
2022-12-22;"60+";80;80;80;80;80;80;80;80;80;80;80;80;539;539;539;539;539;539;539;539;539;539;539;539;1;1;1;1;1;1;1;1;1;1;1;77;513
2022-12-22;"alle";102;102;102;102;102;102;102;102;102;102;102;102;639;639;639;639;639;639;639;639;639;639;639;639;NA;NA;NA;NA;NA;NA;NA;NA;NA;NA;NA;97;606
2022-12-21;"0-60";16;16;16;16;16;16;16;16;16;16;16;16;103;103;103;103;103;103;103;103;103;103;103;103;1;1;1;1;1;1;1;1;1;1;1;16;95
2022-12-21;"60+";106;106;106;106;106;106;106;106;106;106;106;106;551;551;551;551;551;551;551;551;551;551;551;551;1;1;1;1;1;1;1;1;1;1;1;101;523
2022-12-21;"alle";122;122;122;122;122;122;122;122;122;122;122;122;654;654;654;654;654;654;654;654;654;654;654;654;NA;NA;NA;NA;NA;NA;NA;NA;NA;NA;NA;117;618
2022-12-20;"0-60";29;29;29;29;29;29;29;29;29;29;29;29;106;106;106;106;106;106;106;106;106;106;106;106;1;1;1;1;1;1;1;1;1;1;1;27;96
2022-12-20;"60+";128;128;128;128;128;128;128;128;128;128;128;128;567;567;567;567;567;567;567;567;567;567;567;567;1;1;1;1;1;1;1;1;1;1;1;119;533
2022-12-20;"alle";157;157;157;157;157;157;157;157;157;157;157;157;673;673;673;673;673;673;673;673;673;673;673;673;NA;NA;NA;NA;NA;NA;NA;NA;NA;NA;NA;146;629
2022-12-19;"0-60";3;3;3;3;3;3;3;3;3;3;3;3;121;121;121;121;121;121;121;121;121;121;121;121;1;1;1;1;1;1;1;1;1;1;1;2;111
2022-12-19;"60+";21;21;21;21;21;21;21;21;21;21;21;21;609;609;609;609;609;609;609;609;609;609;609;609;1;1;1;1;1;1;1;1;1;1;1;21;580
2022-12-19;"alle";24;24;24;24;24;24;24;24;24;24;24;24;730;730;730;730;730;730;730;730;730;730;730;730;NA;NA;NA;NA;NA;NA;NA;NA;NA;NA;NA;23;691
2022-12-18;"0-60";2;2;2;2;2;2;2;2;2;2;2;2;126;126;126;126;126;126;126;126;126;126;126;126;1;1;1;1;1;1;1;1;1;1;1;2;117
2022-12-18;"60+";38;38;38;38;38;38;38;38;38;38;38;38;615;615;615;615;615;615;615;615;615;615;615;615;1;1;1;1;1;1;1;1;1;1;1;34;586
2022-12-18;"alle";40;40;40;40;40;40;40;40;40;40;40;40;741;741;741;741;741;741;741;741;741;741;741;741;NA;NA;NA;NA;NA;NA;NA;NA;NA;NA;NA;36;703
2022-12-17;"0-60";12;12;12;12;12;12;12;12;12;12;12;12;128;128;128;128;128;128;128;128;128;128;128;128;1;1;1;1;1;1;1;1;1;1;1;11;118
2022-12-17;"60+";72;72;72;72;72;72;72;72;72;72;72;72;608;608;608;608;608;608;608;608;608;608;608;608;1;1;1;1;1;1;1;1;1;1;1;69;583
2022-12-17;"alle";84;84;84;84;84;84;84;84;84;84;84;84;736;736;736;736;736;736;736;736;736;736;736;736;NA;NA;NA;NA;NA;NA;NA;NA;NA;NA;NA;80;701
2022-12-16;"0-60";16;16;16;16;16;16;16;16;16;16;16;16;132;132;132;132;132;132;132;132;132;132;132;132;1;1;1;1;1;1;1;1;1;1;1;15;123
2022-12-16;"60+";94;94;94;94;94;94;94;94;94;94;94;94;618;618;618;618;618;618;618;618;618;618;618;618;1;1;1;1;1;1;1;1;1;1;1;92;592
2022-12-16;"alle";110;110;110;110;110;110;110;110;110;110;110;110;750;750;750;750;750;750;750;750;750;750;750;750;NA;NA;NA;NA;NA;NA;NA;NA;NA;NA;NA;107;715
2022-12-15;"0-60";25;25;25;25;25;25;25;25;25;25;25;25;130;130;130;130;130;130;130;130;130;130;130;130;1;1;1;1;1;1;1;1;1;1;1;22;120
2022-12-15;"60+";92;92;92;92;92;92;92;92;92;92;92;92;629;629;629;629;629;629;629;629;629;629;629;629;1;1;1;1;1;1;1;1;1;1;1;87;601
2022-12-15;"alle";117;117;117;117;117;117;117;117;117;117;117;117;759;759;759;759;759;759;759;759;759;759;759;759;NA;NA;NA;NA;NA;NA;NA;NA;NA;NA;NA;109;721
2022-12-14;"0-60";19;19;19;19;19;19;19;19;19;19;19;19;121;121;121;121;121;121;121;121;121;121;121;121;1;1;1;1;1;1;1;1;1;1;1;17;114
2022-12-14;"60+";122;122;122;122;122;122;122;122;122;122;122;122;609;609;609;609;609;609;609;609;609;609;609;609;1;1;1;1;1;1;1;1;1;1;1;111;581
2022-12-14;"alle";141;141;141;141;141;141;141;141;141;141;141;141;730;730;730;730;730;730;730;730;730;730;730;730;NA;NA;NA;NA;NA;NA;NA;NA;NA;NA;NA;128;695
2022-12-13;"0-60";44;44;44;44;44;44;44;44;44;44;44;44;116;116;116;116;116;116;116;116;116;116;116;116;1;1;1;1;1;1;1;1;1;1;1;42;111
2022-12-13;"60+";170;170;170;170;170;170;170;170;170;170;170;170;529;529;529;529;529;529;529;529;529;529;529;529;1;1;1;1;1;1;1;1;1;1;1;166;511
2022-12-13;"alle";214;214;214;214;214;214;214;214;214;214;214;214;645;645;645;645;645;645;645;645;645;645;645;645;NA;NA;NA;NA;NA;NA;NA;NA;NA;NA;NA;208;622
2022-12-12;"0-60";8;8;8;8;8;8;8;8;8;8;8;8;116;116;116;116;116;116;116;116;116;116;116;116;1;1;1;1;1;1;1;1;1;1;1;8;110
2022-12-12;"60+";27;27;27;27;27;27;27;27;27;27;27;27;489;489;489;489;489;489;489;489;489;489;489;489;1;1;1;1;1;1;1;1;1;1;1;27;472
2022-12-12;"alle";35;35;35;35;35;35;35;35;35;35;35;35;605;605;605;605;605;605;605;605;605;605;605;605;NA;NA;NA;NA;NA;NA;NA;NA;NA;NA;NA;35;582
2022-12-11;"0-60";4;4;4;4;4;4;4;4;4;4;4;4;110;110;110;110;110;110;110;110;110;110;110;110;1;1;1;1;1;1;1;1;1;1;1;3;104
2022-12-11;"60+";31;31;31;31;31;31;31;31;31;31;31;31;483;483;483;483;483;483;483;483;483;483;483;483;1;1;1;1;1;1;1;1;1;1;1;31;466
2022-12-11;"alle";35;35;35;35;35;35;35;35;35;35;35;35;593;593;593;593;593;593;593;593;593;593;593;593;NA;NA;NA;NA;NA;NA;NA;NA;NA;NA;NA;34;570
2022-12-10;"0-60";16;16;16;16;16;16;16;16;16;16;16;16;110;110;110;110;110;110;110;110;110;110;110;110;1;1;1;1;1;1;1;1;1;1;1;16;104
2022-12-10;"60+";82;82;82;82;82;82;82;82;82;82;82;82;467;467;467;467;467;467;467;467;467;467;467;467;1;1;1;1;1;1;1;1;1;1;1;78;450
2022-12-10;"alle";98;98;98;98;98;98;98;98;98;98;98;98;577;577;577;577;577;577;577;577;577;577;577;577;NA;NA;NA;NA;NA;NA;NA;NA;NA;NA;NA;94;554
2022-12-09;"0-60";14;14;14;14;14;14;14;14;14;14;14;14;119;119;119;119;119;119;119;119;119;119;119;119;1;1;1;1;1;1;1;1;1;1;1;12;112
2022-12-09;"60+";105;105;105;105;105;105;105;105;105;105;105;105;448;448;448;448;448;448;448;448;448;448;448;448;1;1;1;1;1;1;1;1;1;1;1;101;434
2022-12-09;"alle";119;119;119;119;119;119;119;119;119;119;119;119;567;567;567;567;567;567;567;567;567;567;567;567;NA;NA;NA;NA;NA;NA;NA;NA;NA;NA;NA;113;546
2022-12-08;"0-60";16;16;16;16;16;16;16;16;16;16;16;16;117;117;117;117;117;117;117;117;117;117;117;117;1;1;1;1;1;1;1;1;1;1;1;16;112
2022-12-08;"60+";72;72;72;72;72;72;72;72;72;72;72;72;391;391;391;391;391;391;391;391;391;391;391;391;1;1;1;1;1;1;1;1;1;1;1;67;379
2022-12-08;"alle";88;88;88;88;88;88;88;88;88;88;88;88;508;508;508;508;508;508;508;508;508;508;508;508;NA;NA;NA;NA;NA;NA;NA;NA;NA;NA;NA;83;491
2022-12-07;"0-60";14;14;14;14;14;14;14;14;14;14;14;14;119;119;119;119;119;119;119;119;119;119;119;119;1;1;1;1;1;1;1;1;1;1;1;14;113
2022-12-07;"60+";42;42;42;42;42;42;42;42;42;42;42;42;386;386;386;386;386;386;386;386;386;386;386;386;1;1;1;1;1;1;1;1;1;1;1;41;374
2022-12-07;"alle";56;56;56;56;56;56;56;56;56;56;56;56;505;505;505;505;505;505;505;505;505;505;505;505;NA;NA;NA;NA;NA;NA;NA;NA;NA;NA;NA;55;487
2022-12-06;"0-60";44;44;44;44;44;44;44;44;44;44;44;44;123;123;123;123;123;123;123;123;123;123;123;123;1;1;1;1;1;1;1;1;1;1;1;41;115
2022-12-06;"60+";130;130;130;130;130;130;130;130;130;130;130;130;410;410;410;410;410;410;410;410;410;410;410;410;1;1;1;1;1;1;1;1;1;1;1;127;397
2022-12-06;"alle";174;174;174;174;174;174;174;174;174;174;174;174;533;533;533;533;533;533;533;533;533;533;533;533;NA;NA;NA;NA;NA;NA;NA;NA;NA;NA;NA;168;512
2022-12-05;"0-60";2;2;2;2;2;2;2;2;2;2;2;2;102;102;102;102;102;102;102;102;102;102;102;102;1;1;1;1;1;1;1;1;1;1;1;2;95
2022-12-05;"60+";21;21;21;21;21;21;21;21;21;21;21;21;380;380;380;380;380;380;380;380;380;380;380;380;1;1;1;1;1;1;1;1;1;1;1;21;369
2022-12-05;"alle";23;23;23;23;23;23;23;23;23;23;23;23;482;482;482;482;482;482;482;482;482;482;482;482;NA;NA;NA;NA;NA;NA;NA;NA;NA;NA;NA;23;464
2022-12-04;"0-60";4;4;4;4;4;4;4;4;4;4;4;4;109;109;109;109;109;109;109;109;109;109;109;109;1;1;1;1;1;1;1;1;1;1;1;3;102
2022-12-04;"60+";15;15;15;15;15;15;15;15;15;15;15;15;378;378;378;378;378;378;378;378;378;378;378;378;1;1;1;1;1;1;1;1;1;1;1;15;367
2022-12-04;"alle";19;19;19;19;19;19;19;19;19;19;19;19;487;487;487;487;487;487;487;487;487;487;487;487;NA;NA;NA;NA;NA;NA;NA;NA;NA;NA;NA;18;469
2022-12-03;"0-60";25;25;25;25;25;25;25;25;25;25;25;25;110;110;110;110;110;110;110;110;110;110;110;110;1;1;1;1;1;1;1;1;1;1;1;24;104
2022-12-03;"60+";63;63;63;63;63;63;63;63;63;63;63;63;377;377;377;377;377;377;377;377;377;377;377;377;1;1;1;1;1;1;1;1;1;1;1;62;366
2022-12-03;"alle";88;88;88;88;88;88;88;88;88;88;88;88;487;487;487;487;487;487;487;487;487;487;487;487;NA;NA;NA;NA;NA;NA;NA;NA;NA;NA;NA;86;470
2022-12-02;"0-60";12;12;12;12;12;12;12;12;12;12;12;12;91;91;91;91;91;91;91;91;91;91;91;91;1;1;1;1;1;1;1;1;1;1;1;12;86
2022-12-02;"60+";48;48;48;48;48;48;48;48;48;48;48;48;365;365;365;365;365;365;365;365;365;365;365;365;1;1;1;1;1;1;1;1;1;1;1;46;355
2022-12-02;"alle";60;60;60;60;60;60;60;60;60;60;60;60;456;456;456;456;456;456;456;456;456;456;456;456;NA;NA;NA;NA;NA;NA;NA;NA;NA;NA;NA;58;441
2022-12-01;"0-60";18;18;18;18;18;18;18;18;18;18;18;18;94;94;94;94;94;94;94;94;94;94;94;94;1;1;1;1;1;1;1;1;1;1;1;17;86
2022-12-01;"60+";67;67;67;67;67;67;67;67;67;67;67;67;396;396;396;396;396;396;396;396;396;396;396;396;1;1;1;1;1;1;1;1;1;1;1;62;388
2022-12-01;"alle";85;85;85;85;85;85;85;85;85;85;85;85;490;490;490;490;490;490;490;490;490;490;490;490;NA;NA;NA;NA;NA;NA;NA;NA;NA;NA;NA;79;474
2022-11-30;"0-60";18;18;18;18;18;18;18;18;18;18;18;18;84;84;84;84;84;84;84;84;84;84;84;84;1;1;1;1;1;1;1;1;1;1;1;16;77
2022-11-30;"60+";66;66;66;66;66;66;66;66;66;66;66;66;366;366;366;366;366;366;366;366;366;366;366;366;1;1;1;1;1;1;1;1;1;1;1;64;362
2022-11-30;"alle";84;84;84;84;84;84;84;84;84;84;84;84;450;450;450;450;450;450;450;450;450;450;450;450;NA;NA;NA;NA;NA;NA;NA;NA;NA;NA;NA;80;439
2022-11-29;"0-60";23;23;23;23;23;23;23;23;23;23;23;23;81;81;81;81;81;81;81;81;81;81;81;81;1;1;1;1;1;1;1;1;1;1;1;21;76
2022-11-29;"60+";100;100;100;100;100;100;100;100;100;100;100;100;353;353;353;353;353;353;353;353;353;353;353;353;1;1;1;1;1;1;1;1;1;1;1;99;346
2022-11-29;"alle";123;123;123;123;123;123;123;123;123;123;123;123;434;434;434;434;434;434;434;434;434;434;434;434;NA;NA;NA;NA;NA;NA;NA;NA;NA;NA;NA;120;422
2022-11-28;"0-60";9;9;9;9;9;9;9;9;9;9;9;9;77;77;77;77;77;77;77;77;77;77;77;77;1;1;1;1;1;1;1;1;1;1;1;9;73
2022-11-28;"60+";19;19;19;19;19;19;19;19;19;19;19;19;332;332;332;332;332;332;332;332;332;332;332;332;1;1;1;1;1;1;1;1;1;1;1;19;320
2022-11-28;"alle";28;28;28;28;28;28;28;28;28;28;28;28;409;409;409;409;409;409;409;409;409;409;409;409;NA;NA;NA;NA;NA;NA;NA;NA;NA;NA;NA;28;393
2022-11-27;"0-60";5;5;5;5;5;5;5;5;5;5;5;5;74;74;74;74;74;74;74;74;74;74;74;74;1;1;1;1;1;1;1;1;1;1;1;5;70
2022-11-27;"60+";14;14;14;14;14;14;14;14;14;14;14;14;326;326;326;326;326;326;326;326;326;326;326;326;1;1;1;1;1;1;1;1;1;1;1;14;314
2022-11-27;"alle";19;19;19;19;19;19;19;19;19;19;19;19;400;400;400;400;400;400;400;400;400;400;400;400;NA;NA;NA;NA;NA;NA;NA;NA;NA;NA;NA;19;384
2022-11-26;"0-60";6;6;6;6;6;6;6;6;6;6;6;6;72;72;72;72;72;72;72;72;72;72;72;72;1;1;1;1;1;1;1;1;1;1;1;6;67
2022-11-26;"60+";51;51;51;51;51;51;51;51;51;51;51;51;326;326;326;326;326;326;326;326;326;326;326;326;1;1;1;1;1;1;1;1;1;1;1;51;314
2022-11-26;"alle";57;57;57;57;57;57;57;57;57;57;57;57;398;398;398;398;398;398;398;398;398;398;398;398;NA;NA;NA;NA;NA;NA;NA;NA;NA;NA;NA;57;381
2022-11-25;"0-60";15;15;15;15;15;15;15;15;15;15;15;15;76;76;76;76;76;76;76;76;76;76;76;76;1;1;1;1;1;1;1;1;1;1;1;12;71
2022-11-25;"60+";79;79;79;79;79;79;79;79;79;79;79;79;324;324;324;324;324;324;324;324;324;324;324;324;1;1;1;1;1;1;1;1;1;1;1;79;312
2022-11-25;"alle";94;94;94;94;94;94;94;94;94;94;94;94;400;400;400;400;400;400;400;400;400;400;400;400;NA;NA;NA;NA;NA;NA;NA;NA;NA;NA;NA;91;383
2022-11-24;"0-60";8;8;8;8;8;8;8;8;8;8;8;8;85;85;85;85;85;85;85;85;85;85;85;85;1;1;1;1;1;1;1;1;1;1;1;8;82
2022-11-24;"60+";37;37;37;37;37;37;37;37;37;37;37;37;311;311;311;311;311;311;311;311;311;311;311;311;1;1;1;1;1;1;1;1;1;1;1;36;295
2022-11-24;"alle";45;45;45;45;45;45;45;45;45;45;45;45;396;396;396;396;396;396;396;396;396;396;396;396;NA;NA;NA;NA;NA;NA;NA;NA;NA;NA;NA;44;377
2022-11-23;"0-60";15;15;15;15;15;15;15;15;15;15;15;15;84;84;84;84;84;84;84;84;84;84;84;84;1;1;1;1;1;1;1;1;1;1;1;15;80
2022-11-23;"60+";53;53;53;53;53;53;53;53;53;53;53;53;287;287;287;287;287;287;287;287;287;287;287;287;1;1;1;1;1;1;1;1;1;1;1;48;267
2022-11-23;"alle";68;68;68;68;68;68;68;68;68;68;68;68;371;371;371;371;371;371;371;371;371;371;371;371;NA;NA;NA;NA;NA;NA;NA;NA;NA;NA;NA;63;347
2022-11-22;"0-60";19;19;19;19;19;19;19;19;19;19;19;19;90;90;90;90;90;90;90;90;90;90;90;90;1;1;1;1;1;1;1;1;1;1;1;18;85
2022-11-22;"60+";79;79;79;79;79;79;79;79;79;79;79;79;278;278;278;278;278;278;278;278;278;278;278;278;1;1;1;1;1;1;1;1;1;1;1;73;260
2022-11-22;"alle";98;98;98;98;98;98;98;98;98;98;98;98;368;368;368;368;368;368;368;368;368;368;368;368;NA;NA;NA;NA;NA;NA;NA;NA;NA;NA;NA;91;345
2022-11-21;"0-60";6;6;6;6;6;6;6;6;6;6;6;6;91;91;91;91;91;91;91;91;91;91;91;91;1;1;1;1;1;1;1;1;1;1;1;6;87
2022-11-21;"60+";13;13;13;13;13;13;13;13;13;13;13;13;279;279;279;279;279;279;279;279;279;279;279;279;1;1;1;1;1;1;1;1;1;1;1;13;265
2022-11-21;"alle";19;19;19;19;19;19;19;19;19;19;19;19;370;370;370;370;370;370;370;370;370;370;370;370;NA;NA;NA;NA;NA;NA;NA;NA;NA;NA;NA;19;352
2022-11-20;"0-60";3;3;3;3;3;3;3;3;3;3;3;3;93;93;93;93;93;93;93;93;93;93;93;93;1;1;1;1;1;1;1;1;1;1;1;2;89
2022-11-20;"60+";14;14;14;14;14;14;14;14;14;14;14;14;279;279;279;279;279;279;279;279;279;279;279;279;1;1;1;1;1;1;1;1;1;1;1;14;265
2022-11-20;"alle";17;17;17;17;17;17;17;17;17;17;17;17;372;372;372;372;372;372;372;372;372;372;372;372;NA;NA;NA;NA;NA;NA;NA;NA;NA;NA;NA;16;354
2022-11-19;"0-60";10;10;10;10;10;10;10;10;10;10;10;10;94;94;94;94;94;94;94;94;94;94;94;94;1;1;1;1;1;1;1;1;1;1;1;10;91
2022-11-19;"60+";49;49;49;49;49;49;49;49;49;49;49;49;275;275;275;275;275;275;275;275;275;275;275;275;1;1;1;1;1;1;1;1;1;1;1;49;260
2022-11-19;"alle";59;59;59;59;59;59;59;59;59;59;59;59;369;369;369;369;369;369;369;369;369;369;369;369;NA;NA;NA;NA;NA;NA;NA;NA;NA;NA;NA;59;351
2022-11-18;"0-60";24;24;24;24;24;24;24;24;24;24;24;24;98;98;98;98;98;98;98;98;98;98;98;98;1;1;1;1;1;1;1;1;1;1;1;23;95
2022-11-18;"60+";66;66;66;66;66;66;66;66;66;66;66;66;267;267;267;267;267;267;267;267;267;267;267;267;1;1;1;1;1;1;1;1;1;1;1;62;250
2022-11-18;"alle";90;90;90;90;90;90;90;90;90;90;90;90;365;365;365;365;365;365;365;365;365;365;365;365;NA;NA;NA;NA;NA;NA;NA;NA;NA;NA;NA;85;345
2022-11-17;"0-60";7;7;7;7;7;7;7;7;7;7;7;7;86;86;86;86;86;86;86;86;86;86;86;86;1;1;1;1;1;1;1;1;1;1;1;6;84
2022-11-17;"60+";13;13;13;13;13;13;13;13;13;13;13;13;240;240;240;240;240;240;240;240;240;240;240;240;1;1;1;1;1;1;1;1;1;1;1;8;227
2022-11-17;"alle";20;20;20;20;20;20;20;20;20;20;20;20;326;326;326;326;326;326;326;326;326;326;326;326;NA;NA;NA;NA;NA;NA;NA;NA;NA;NA;NA;14;311
2022-11-16;"0-60";21;21;21;21;21;21;21;21;21;21;21;21;80;80;80;80;80;80;80;80;80;80;80;80;1;1;1;1;1;1;1;1;1;1;1;20;79
2022-11-16;"60+";44;44;44;44;44;44;44;44;44;44;44;44;268;268;268;268;268;268;268;268;268;268;268;268;1;1;1;1;1;1;1;1;1;1;1;41;257
2022-11-16;"alle";65;65;65;65;65;65;65;65;65;65;65;65;348;348;348;348;348;348;348;348;348;348;348;348;NA;NA;NA;NA;NA;NA;NA;NA;NA;NA;NA;61;336
2022-11-15;"0-60";20;20;20;20;20;20;20;20;20;20;20;20;73;73;73;73;73;73;73;73;73;73;73;73;1;1;1;1;1;1;1;1;1;1;1;20;73
2022-11-15;"60+";80;80;80;80;80;80;80;80;80;80;80;80;274;274;274;274;274;274;274;274;274;274;274;274;1;1;1;1;1;1;1;1;1;1;1;78;265
2022-11-15;"alle";100;100;100;100;100;100;100;100;100;100;100;100;347;347;347;347;347;347;347;347;347;347;347;347;NA;NA;NA;NA;NA;NA;NA;NA;NA;NA;NA;98;338
2022-11-14;"0-60";8;8;8;8;8;8;8;8;8;8;8;8;68;68;68;68;68;68;68;68;68;68;68;68;1;1;1;1;1;1;1;1;1;1;1;8;68
2022-11-14;"60+";13;13;13;13;13;13;13;13;13;13;13;13;272;272;272;272;272;272;272;272;272;272;272;272;1;1;1;1;1;1;1;1;1;1;1;13;264
2022-11-14;"alle";21;21;21;21;21;21;21;21;21;21;21;21;340;340;340;340;340;340;340;340;340;340;340;340;NA;NA;NA;NA;NA;NA;NA;NA;NA;NA;NA;21;332
2022-11-13;"0-60";4;4;4;4;4;4;4;4;4;4;4;4;64;64;64;64;64;64;64;64;64;64;64;64;1;1;1;1;1;1;1;1;1;1;1;4;64
2022-11-13;"60+";10;10;10;10;10;10;10;10;10;10;10;10;272;272;272;272;272;272;272;272;272;272;272;272;1;1;1;1;1;1;1;1;1;1;1;9;264
2022-11-13;"alle";14;14;14;14;14;14;14;14;14;14;14;14;336;336;336;336;336;336;336;336;336;336;336;336;NA;NA;NA;NA;NA;NA;NA;NA;NA;NA;NA;13;328
2022-11-12;"0-60";14;14;14;14;14;14;14;14;14;14;14;14;67;67;67;67;67;67;67;67;67;67;67;67;1;1;1;1;1;1;1;1;1;1;1;14;66
2022-11-12;"60+";41;41;41;41;41;41;41;41;41;41;41;41;279;279;279;279;279;279;279;279;279;279;279;279;1;1;1;1;1;1;1;1;1;1;1;39;271
2022-11-12;"alle";55;55;55;55;55;55;55;55;55;55;55;55;346;346;346;346;346;346;346;346;346;346;346;346;NA;NA;NA;NA;NA;NA;NA;NA;NA;NA;NA;53;337
2022-11-11;"0-60";12;12;12;12;12;12;12;12;12;12;12;12;67;67;67;67;67;67;67;67;67;67;67;67;1;1;1;1;1;1;1;1;1;1;1;12;66
2022-11-11;"60+";39;39;39;39;39;39;39;39;39;39;39;39;271;271;271;271;271;271;271;271;271;271;271;271;1;1;1;1;1;1;1;1;1;1;1;39;263
2022-11-11;"alle";51;51;51;51;51;51;51;51;51;51;51;51;338;338;338;338;338;338;338;338;338;338;338;338;NA;NA;NA;NA;NA;NA;NA;NA;NA;NA;NA;51;329
2022-11-10;"0-60";1;1;1;1;1;1;1;1;1;1;1;1;75;75;75;75;75;75;75;75;75;75;75;75;1;1;1;1;1;1;1;1;1;1;1;1;73
2022-11-10;"60+";41;41;41;41;41;41;41;41;41;41;41;41;330;330;330;330;330;330;330;330;330;330;330;330;1;1;1;1;1;1;1;1;1;1;1;38;322
2022-11-10;"alle";42;42;42;42;42;42;42;42;42;42;42;42;405;405;405;405;405;405;405;405;405;405;405;405;NA;NA;NA;NA;NA;NA;NA;NA;NA;NA;NA;39;395
2022-11-09;"0-60";14;14;14;14;14;14;14;14;14;14;14;14;93;93;93;93;93;93;93;93;93;93;93;93;1;1;1;1;1;1;1;1;1;1;1;14;91
2022-11-09;"60+";50;50;50;50;50;50;50;50;50;50;50;50;349;349;349;349;349;349;349;349;349;349;349;349;1;1;1;1;1;1;1;1;1;1;1;49;343
2022-11-09;"alle";64;64;64;64;64;64;64;64;64;64;64;64;442;442;442;442;442;442;442;442;442;442;442;442;NA;NA;NA;NA;NA;NA;NA;NA;NA;NA;NA;63;434
2022-11-08;"0-60";15;15;15;15;15;15;15;15;15;15;15;15;109;109;109;109;109;109;109;109;109;109;109;109;1;1;1;1;1;1;1;1;1;1;1;15;106
2022-11-08;"60+";78;78;78;78;78;78;78;78;78;78;78;78;431;431;431;431;431;431;431;431;431;431;431;431;1;1;1;1;1;1;1;1;1;1;1;77;421
2022-11-08;"alle";93;93;93;93;93;93;93;93;93;93;93;93;540;540;540;540;540;540;540;540;540;540;540;540;NA;NA;NA;NA;NA;NA;NA;NA;NA;NA;NA;92;527
2022-11-07;"0-60";4;4;4;4;4;4;4;4;4;4;4;4;109;109;109;109;109;109;109;109;109;109;109;109;1;1;1;1;1;1;1;1;1;1;1;4;106
2022-11-07;"60+";13;13;13;13;13;13;13;13;13;13;13;13;399;399;399;399;399;399;399;399;399;399;399;399;1;1;1;1;1;1;1;1;1;1;1;13;390
2022-11-07;"alle";17;17;17;17;17;17;17;17;17;17;17;17;508;508;508;508;508;508;508;508;508;508;508;508;NA;NA;NA;NA;NA;NA;NA;NA;NA;NA;NA;17;496
2022-11-06;"0-60";7;7;7;7;7;7;7;7;7;7;7;7;109;109;109;109;109;109;109;109;109;109;109;109;1;1;1;1;1;1;1;1;1;1;1;6;106
2022-11-06;"60+";17;17;17;17;17;17;17;17;17;17;17;17;405;405;405;405;405;405;405;405;405;405;405;405;1;1;1;1;1;1;1;1;1;1;1;16;396
2022-11-06;"alle";24;24;24;24;24;24;24;24;24;24;24;24;514;514;514;514;514;514;514;514;514;514;514;514;NA;NA;NA;NA;NA;NA;NA;NA;NA;NA;NA;22;502
2022-11-05;"0-60";14;14;14;14;14;14;14;14;14;14;14;14;107;107;107;107;107;107;107;107;107;107;107;107;1;1;1;1;1;1;1;1;1;1;1;14;105
2022-11-05;"60+";33;33;33;33;33;33;33;33;33;33;33;33;411;411;411;411;411;411;411;411;411;411;411;411;1;1;1;1;1;1;1;1;1;1;1;31;403
2022-11-05;"alle";47;47;47;47;47;47;47;47;47;47;47;47;518;518;518;518;518;518;518;518;518;518;518;518;NA;NA;NA;NA;NA;NA;NA;NA;NA;NA;NA;45;508
2022-11-04;"0-60";20;20;20;20;20;20;20;20;20;20;20;20;105;105;105;105;105;105;105;105;105;105;105;105;1;1;1;1;1;1;1;1;1;1;1;19;101
2022-11-04;"60+";98;98;98;98;98;98;98;98;98;98;98;98;431;431;431;431;431;431;431;431;431;431;431;431;1;1;1;1;1;1;1;1;1;1;1;98;424
2022-11-04;"alle";118;118;118;118;118;118;118;118;118;118;118;118;536;536;536;536;536;536;536;536;536;536;536;536;NA;NA;NA;NA;NA;NA;NA;NA;NA;NA;NA;117;525
2022-11-03;"0-60";19;19;19;19;19;19;19;19;19;19;19;19;103;103;103;103;103;103;103;103;103;103;103;103;1;1;1;1;1;1;1;1;1;1;1;19;99
2022-11-03;"60+";60;60;60;60;60;60;60;60;60;60;60;60;421;421;421;421;421;421;421;421;421;421;421;421;1;1;1;1;1;1;1;1;1;1;1;59;411
2022-11-03;"alle";79;79;79;79;79;79;79;79;79;79;79;79;524;524;524;524;524;524;524;524;524;524;524;524;NA;NA;NA;NA;NA;NA;NA;NA;NA;NA;NA;78;510
2022-11-02;"0-60";30;30;30;30;30;30;30;30;30;30;30;30;103;103;103;103;103;103;103;103;103;103;103;103;1;1;1;1;1;1;1;1;1;1;1;29;98
2022-11-02;"60+";132;132;132;132;132;132;132;132;132;132;132;132;446;446;446;446;446;446;446;446;446;446;446;446;1;1;1;1;1;1;1;1;1;1;1;127;434
2022-11-02;"alle";162;162;162;162;162;162;162;162;162;162;162;162;549;549;549;549;549;549;549;549;549;549;549;549;NA;NA;NA;NA;NA;NA;NA;NA;NA;NA;NA;156;532
2022-11-01;"0-60";15;15;15;15;15;15;15;15;15;15;15;15;87;87;87;87;87;87;87;87;87;87;87;87;1;1;1;1;1;1;1;1;1;1;1;15;82
2022-11-01;"60+";46;46;46;46;46;46;46;46;46;46;46;46;409;409;409;409;409;409;409;409;409;409;409;409;1;1;1;1;1;1;1;1;1;1;1;46;396
2022-11-01;"alle";61;61;61;61;61;61;61;61;61;61;61;61;496;496;496;496;496;496;496;496;496;496;496;496;NA;NA;NA;NA;NA;NA;NA;NA;NA;NA;NA;61;478
2022-10-31;"0-60";4;4;4;4;4;4;4;4;4;4;4;4;109;109;109;109;109;109;109;109;109;109;109;109;1;1;1;1;1;1;1;1;1;1;1;4;101
2022-10-31;"60+";19;19;19;19;19;19;19;19;19;19;19;19;518;518;518;518;518;518;518;518;518;518;518;518;1;1;1;1;1;1;1;1;1;1;1;19;499
2022-10-31;"alle";23;23;23;23;23;23;23;23;23;23;23;23;627;627;627;627;627;627;627;627;627;627;627;627;NA;NA;NA;NA;NA;NA;NA;NA;NA;NA;NA;23;600
2022-10-30;"0-60";5;5;5;5;5;5;5;5;5;5;5;5;109;109;109;109;109;109;109;109;109;109;109;109;1;1;1;1;1;1;1;1;1;1;1;5;101
2022-10-30;"60+";23;23;23;23;23;23;23;23;23;23;23;23;533;533;533;533;533;533;533;533;533;533;533;533;1;1;1;1;1;1;1;1;1;1;1;23;514
2022-10-30;"alle";28;28;28;28;28;28;28;28;28;28;28;28;642;642;642;642;642;642;642;642;642;642;642;642;NA;NA;NA;NA;NA;NA;NA;NA;NA;NA;NA;28;615
2022-10-29;"0-60";12;12;12;12;12;12;12;12;12;12;12;12;105;105;105;105;105;105;105;105;105;105;105;105;1;1;1;1;1;1;1;1;1;1;1;10;97
2022-10-29;"60+";53;53;53;53;53;53;53;53;53;53;53;53;539;539;539;539;539;539;539;539;539;539;539;539;1;1;1;1;1;1;1;1;1;1;1;52;520
2022-10-29;"alle";65;65;65;65;65;65;65;65;65;65;65;65;644;644;644;644;644;644;644;644;644;644;644;644;NA;NA;NA;NA;NA;NA;NA;NA;NA;NA;NA;62;617
2022-10-28;"0-60";18;18;18;18;18;18;18;18;18;18;18;18;113;113;113;113;113;113;113;113;113;113;113;113;1;1;1;1;1;1;1;1;1;1;1;17;107
2022-10-28;"60+";88;88;88;88;88;88;88;88;88;88;88;88;579;579;579;579;579;579;579;579;579;579;579;579;1;1;1;1;1;1;1;1;1;1;1;85;555
2022-10-28;"alle";106;106;106;106;106;106;106;106;106;106;106;106;692;692;692;692;692;692;692;692;692;692;692;692;NA;NA;NA;NA;NA;NA;NA;NA;NA;NA;NA;102;662
2022-10-27;"0-60";19;19;19;19;19;19;19;19;19;19;19;19;116;116;116;116;116;116;116;116;116;116;116;116;1;1;1;1;1;1;1;1;1;1;1;18;111
2022-10-27;"60+";85;85;85;85;85;85;85;85;85;85;85;85;606;606;606;606;606;606;606;606;606;606;606;606;1;1;1;1;1;1;1;1;1;1;1;82;578
2022-10-27;"alle";104;104;104;104;104;104;104;104;104;104;104;104;722;722;722;722;722;722;722;722;722;722;722;722;NA;NA;NA;NA;NA;NA;NA;NA;NA;NA;NA;100;689
2022-10-26;"0-60";14;14;14;14;14;14;14;14;14;14;14;14;116;116;116;116;116;116;116;116;116;116;116;116;1;1;1;1;1;1;1;1;1;1;1;13;109
2022-10-26;"60+";95;95;95;95;95;95;95;95;95;95;95;95;624;624;624;624;624;624;624;624;624;624;624;624;1;1;1;1;1;1;1;1;1;1;1;89;596
2022-10-26;"alle";109;109;109;109;109;109;109;109;109;109;109;109;740;740;740;740;740;740;740;740;740;740;740;740;NA;NA;NA;NA;NA;NA;NA;NA;NA;NA;NA;102;705
2022-10-25;"0-60";37;37;37;37;37;37;37;37;37;37;37;37;147;147;147;147;147;147;147;147;147;147;147;147;1;1;1;1;1;1;1;1;1;1;1;34;139
2022-10-25;"60+";155;155;155;155;155;155;155;155;155;155;155;155;682;682;682;682;682;682;682;682;682;682;682;682;1;1;1;1;1;1;1;1;1;1;1;149;653
2022-10-25;"alle";192;192;192;192;192;192;192;192;192;192;192;192;829;829;829;829;829;829;829;829;829;829;829;829;NA;NA;NA;NA;NA;NA;NA;NA;NA;NA;NA;183;792
2022-10-24;"0-60";4;4;4;4;4;4;4;4;4;4;4;4;180;180;180;180;180;180;180;180;180;180;180;180;1;1;1;1;1;1;1;1;1;1;1;4;174
2022-10-24;"60+";34;34;34;34;34;34;34;34;34;34;34;34;799;799;799;799;799;799;799;799;799;799;799;799;1;1;1;1;1;1;1;1;1;1;1;34;770
2022-10-24;"alle";38;38;38;38;38;38;38;38;38;38;38;38;979;979;979;979;979;979;979;979;979;979;979;979;NA;NA;NA;NA;NA;NA;NA;NA;NA;NA;NA;38;944
2022-10-23;"0-60";1;1;1;1;1;1;1;1;1;1;1;1;194;194;194;194;194;194;194;194;194;194;194;194;1;1;1;1;1;1;1;1;1;1;1;1;188
2022-10-23;"60+";29;29;29;29;29;29;29;29;29;29;29;29;814;814;814;814;814;814;814;814;814;814;814;814;1;1;1;1;1;1;1;1;1;1;1;29;781
2022-10-23;"alle";30;30;30;30;30;30;30;30;30;30;30;30;1008;1008;1008;1008;1008;1008;1008;1008;1008;1008;1008;1008;NA;NA;NA;NA;NA;NA;NA;NA;NA;NA;NA;30;969
2022-10-22;"0-60";20;20;20;20;20;20;20;20;20;20;20;20;200;200;200;200;200;200;200;200;200;200;200;200;1;1;1;1;1;1;1;1;1;1;1;20;194
2022-10-22;"60+";93;93;93;93;93;93;93;93;93;93;93;93;825;825;825;825;825;825;825;825;825;825;825;825;1;1;1;1;1;1;1;1;1;1;1;87;791
2022-10-22;"alle";113;113;113;113;113;113;113;113;113;113;113;113;1025;1025;1025;1025;1025;1025;1025;1025;1025;1025;1025;1025;NA;NA;NA;NA;NA;NA;NA;NA;NA;NA;NA;107;985
2022-10-21;"0-60";21;21;21;21;21;21;21;21;21;21;21;21;208;208;208;208;208;208;208;208;208;208;208;208;1;1;1;1;1;1;1;1;1;1;1;21;201
2022-10-21;"60+";115;115;115;115;115;115;115;115;115;115;115;115;843;843;843;843;843;843;843;843;843;843;843;843;1;1;1;1;1;1;1;1;1;1;1;108;810
2022-10-21;"alle";136;136;136;136;136;136;136;136;136;136;136;136;1051;1051;1051;1051;1051;1051;1051;1051;1051;1051;1051;1051;NA;NA;NA;NA;NA;NA;NA;NA;NA;NA;NA;129;1011
2022-10-20;"0-60";19;19;19;19;19;19;19;19;19;19;19;19;212;212;212;212;212;212;212;212;212;212;212;212;1;1;1;1;1;1;1;1;1;1;1;16;205
2022-10-20;"60+";103;103;103;103;103;103;103;103;103;103;103;103;867;867;867;867;867;867;867;867;867;867;867;867;1;1;1;1;1;1;1;1;1;1;1;100;838
2022-10-20;"alle";122;122;122;122;122;122;122;122;122;122;122;122;1079;1079;1079;1079;1079;1079;1079;1079;1079;1079;1079;1079;NA;NA;NA;NA;NA;NA;NA;NA;NA;NA;NA;116;1043
2022-10-19;"0-60";45;45;45;45;45;45;45;45;45;45;45;45;235;235;235;235;235;235;235;235;235;235;235;235;1;1;1;1;1;1;1;1;1;1;1;43;231
2022-10-19;"60+";153;153;153;153;153;153;153;153;153;153;153;153;901;901;901;901;901;901;901;901;901;901;901;901;1;1;1;1;1;1;1;1;1;1;1;146;873
2022-10-19;"alle";198;198;198;198;198;198;198;198;198;198;198;198;1136;1136;1136;1136;1136;1136;1136;1136;1136;1136;1136;1136;NA;NA;NA;NA;NA;NA;NA;NA;NA;NA;NA;189;1104
2022-10-18;"0-60";70;70;70;70;70;70;70;70;70;70;70;70;228;228;228;228;228;228;228;228;228;228;228;228;1;1;1;1;1;1;1;1;1;1;1;69;225
2022-10-18;"60+";272;272;272;272;272;272;272;272;272;272;272;272;893;893;893;893;893;893;893;893;893;893;893;893;1;1;1;1;1;1;1;1;1;1;1;266;871
2022-10-18;"alle";342;342;342;342;342;342;342;342;342;342;342;342;1121;1121;1121;1121;1121;1121;1121;1121;1121;1121;1121;1121;NA;NA;NA;NA;NA;NA;NA;NA;NA;NA;NA;335;1096
2022-10-17;"0-60";18;18;18;18;18;18;18;18;18;18;18;18;219;219;219;219;219;219;219;219;219;219;219;219;1;1;1;1;1;1;1;1;1;1;1;18;216
2022-10-17;"60+";49;49;49;49;49;49;49;49;49;49;49;49;894;894;894;894;894;894;894;894;894;894;894;894;1;1;1;1;1;1;1;1;1;1;1;45;873
2022-10-17;"alle";67;67;67;67;67;67;67;67;67;67;67;67;1113;1113;1113;1113;1113;1113;1113;1113;1113;1113;1113;1113;NA;NA;NA;NA;NA;NA;NA;NA;NA;NA;NA;63;1089
2022-10-16;"0-60";7;7;7;7;7;7;7;7;7;7;7;7;204;204;204;204;204;204;204;204;204;204;204;204;1;1;1;1;1;1;1;1;1;1;1;7;201
2022-10-16;"60+";40;40;40;40;40;40;40;40;40;40;40;40;889;889;889;889;889;889;889;889;889;889;889;889;1;1;1;1;1;1;1;1;1;1;1;39;871
2022-10-16;"alle";47;47;47;47;47;47;47;47;47;47;47;47;1093;1093;1093;1093;1093;1093;1093;1093;1093;1093;1093;1093;NA;NA;NA;NA;NA;NA;NA;NA;NA;NA;NA;46;1072
2022-10-15;"0-60";28;28;28;28;28;28;28;28;28;28;28;28;206;206;206;206;206;206;206;206;206;206;206;206;1;1;1;1;1;1;1;1;1;1;1;27;203
2022-10-15;"60+";111;111;111;111;111;111;111;111;111;111;111;111;885;885;885;885;885;885;885;885;885;885;885;885;1;1;1;1;1;1;1;1;1;1;1;106;867
2022-10-15;"alle";139;139;139;139;139;139;139;139;139;139;139;139;1091;1091;1091;1091;1091;1091;1091;1091;1091;1091;1091;1091;NA;NA;NA;NA;NA;NA;NA;NA;NA;NA;NA;133;1070
2022-10-14;"0-60";25;25;25;25;25;25;25;25;25;25;25;25;216;216;216;216;216;216;216;216;216;216;216;216;1;1;1;1;1;1;1;1;1;1;1;25;212
2022-10-14;"60+";139;139;139;139;139;139;139;139;139;139;139;139;893;893;893;893;893;893;893;893;893;893;893;893;1;1;1;1;1;1;1;1;1;1;1;136;879
2022-10-14;"alle";164;164;164;164;164;164;164;164;164;164;164;164;1109;1109;1109;1109;1109;1109;1109;1109;1109;1109;1109;1109;NA;NA;NA;NA;NA;NA;NA;NA;NA;NA;NA;161;1092
2022-10-13;"0-60";42;42;42;42;42;42;42;42;42;42;42;42;231;231;231;231;231;231;231;231;231;231;231;231;1;1;1;1;1;1;1;1;1;1;1;42;226
2022-10-13;"60+";137;137;137;137;137;137;137;137;137;137;137;137;892;892;892;892;892;892;892;892;892;892;892;892;1;1;1;1;1;1;1;1;1;1;1;135;876
2022-10-13;"alle";179;179;179;179;179;179;179;179;179;179;179;179;1123;1123;1123;1123;1123;1123;1123;1123;1123;1123;1123;1123;NA;NA;NA;NA;NA;NA;NA;NA;NA;NA;NA;177;1103
2022-10-12;"0-60";38;38;38;38;38;38;38;38;38;38;38;38;238;238;238;238;238;238;238;238;238;238;238;238;1;1;1;1;1;1;1;1;1;1;1;37;230
2022-10-12;"60+";145;145;145;145;145;145;145;145;145;145;145;145;929;929;929;929;929;929;929;929;929;929;929;929;1;1;1;1;1;1;1;1;1;1;1;144;902
2022-10-12;"alle";183;183;183;183;183;183;183;183;183;183;183;183;1167;1167;1167;1167;1167;1167;1167;1167;1167;1167;1167;1167;NA;NA;NA;NA;NA;NA;NA;NA;NA;NA;NA;181;1134
2022-10-11;"0-60";61;61;61;61;61;61;61;61;61;61;61;61;250;250;250;250;250;250;250;250;250;250;250;250;1;1;1;1;1;1;1;1;1;1;1;60;240
2022-10-11;"60+";273;273;273;273;273;273;273;273;273;273;273;273;999;999;999;999;999;999;999;999;999;999;999;999;1;1;1;1;1;1;1;1;1;1;1;268;967
2022-10-11;"alle";334;334;334;334;334;334;334;334;334;334;334;334;1249;1249;1249;1249;1249;1249;1249;1249;1249;1249;1249;1249;NA;NA;NA;NA;NA;NA;NA;NA;NA;NA;NA;328;1209
2022-10-10;"0-60";3;3;3;3;3;3;3;3;3;3;3;3;207;207;207;207;207;207;207;207;207;207;207;207;1;1;1;1;1;1;1;1;1;1;1;3;198
2022-10-10;"60+";44;44;44;44;44;44;44;44;44;44;44;44;779;779;779;779;779;779;779;779;779;779;779;779;1;1;1;1;1;1;1;1;1;1;1;43;752
2022-10-10;"alle";47;47;47;47;47;47;47;47;47;47;47;47;986;986;986;986;986;986;986;986;986;986;986;986;NA;NA;NA;NA;NA;NA;NA;NA;NA;NA;NA;46;952
2022-10-09;"0-60";9;9;9;9;9;9;9;9;9;9;9;9;213;213;213;213;213;213;213;213;213;213;213;213;1;1;1;1;1;1;1;1;1;1;1;9;201
2022-10-09;"60+";36;36;36;36;36;36;36;36;36;36;36;36;774;774;774;774;774;774;774;774;774;774;774;774;1;1;1;1;1;1;1;1;1;1;1;35;743
2022-10-09;"alle";45;45;45;45;45;45;45;45;45;45;45;45;987;987;987;987;987;987;987;987;987;987;987;987;NA;NA;NA;NA;NA;NA;NA;NA;NA;NA;NA;44;946
2022-10-08;"0-60";38;38;38;38;38;38;38;38;38;38;38;38;212;212;212;212;212;212;212;212;212;212;212;212;1;1;1;1;1;1;1;1;1;1;1;36;200
2022-10-08;"60+";119;119;119;119;119;119;119;119;119;119;119;119;767;767;767;767;767;767;767;767;767;767;767;767;1;1;1;1;1;1;1;1;1;1;1;118;735
2022-10-08;"alle";157;157;157;157;157;157;157;157;157;157;157;157;979;979;979;979;979;979;979;979;979;979;979;979;NA;NA;NA;NA;NA;NA;NA;NA;NA;NA;NA;155;937
2022-10-07;"0-60";40;40;40;40;40;40;40;40;40;40;40;40;197;197;197;197;197;197;197;197;197;197;197;197;1;1;1;1;1;1;1;1;1;1;1;39;186
2022-10-07;"60+";138;138;138;138;138;138;138;138;138;138;138;138;732;732;732;732;732;732;732;732;732;732;732;732;1;1;1;1;1;1;1;1;1;1;1;133;699
2022-10-07;"alle";178;178;178;178;178;178;178;178;178;178;178;178;929;929;929;929;929;929;929;929;929;929;929;929;NA;NA;NA;NA;NA;NA;NA;NA;NA;NA;NA;172;886
2022-10-06;"0-60";49;49;49;49;49;49;49;49;49;49;49;49;192;192;192;192;192;192;192;192;192;192;192;192;1;1;1;1;1;1;1;1;1;1;1;46;181
2022-10-06;"60+";174;174;174;174;174;174;174;174;174;174;174;174;687;687;687;687;687;687;687;687;687;687;687;687;1;1;1;1;1;1;1;1;1;1;1;161;659
2022-10-06;"alle";223;223;223;223;223;223;223;223;223;223;223;223;879;879;879;879;879;879;879;879;879;879;879;879;NA;NA;NA;NA;NA;NA;NA;NA;NA;NA;NA;208;841
2022-10-05;"0-60";50;50;50;50;50;50;50;50;50;50;50;50;177;177;177;177;177;177;177;177;177;177;177;177;1;1;1;1;1;1;1;1;1;1;1;47;168
2022-10-05;"60+";215;215;215;215;215;215;215;215;215;215;215;215;614;614;614;614;614;614;614;614;614;614;614;614;1;1;1;1;1;1;1;1;1;1;1;209;598
2022-10-05;"alle";265;265;265;265;265;265;265;265;265;265;265;265;791;791;791;791;791;791;791;791;791;791;791;791;NA;NA;NA;NA;NA;NA;NA;NA;NA;NA;NA;256;766
2022-10-04;"0-60";18;18;18;18;18;18;18;18;18;18;18;18;161;161;161;161;161;161;161;161;161;161;161;161;1;1;1;1;1;1;1;1;1;1;1;18;155
2022-10-04;"60+";53;53;53;53;53;53;53;53;53;53;53;53;494;494;494;494;494;494;494;494;494;494;494;494;1;1;1;1;1;1;1;1;1;1;1;53;483
2022-10-04;"alle";71;71;71;71;71;71;71;71;71;71;71;71;655;655;655;655;655;655;655;655;655;655;655;655;NA;NA;NA;NA;NA;NA;NA;NA;NA;NA;NA;71;638
2022-10-03;"0-60";9;9;9;9;9;9;9;9;9;9;9;9;176;176;176;176;176;176;176;176;176;176;176;176;1;1;1;1;1;1;1;1;1;1;1;6;170
2022-10-03;"60+";39;39;39;39;39;39;39;39;39;39;39;39;578;578;578;578;578;578;578;578;578;578;578;578;1;1;1;1;1;1;1;1;1;1;1;34;564
2022-10-03;"alle";48;48;48;48;48;48;48;48;48;48;48;48;754;754;754;754;754;754;754;754;754;754;754;754;NA;NA;NA;NA;NA;NA;NA;NA;NA;NA;NA;40;735
2022-10-02;"0-60";8;8;8;8;8;8;8;8;8;8;8;8;171;171;171;171;171;171;171;171;171;171;171;171;1;1;1;1;1;1;1;1;1;1;1;8;168
2022-10-02;"60+";29;29;29;29;29;29;29;29;29;29;29;29;558;558;558;558;558;558;558;558;558;558;558;558;1;1;1;1;1;1;1;1;1;1;1;27;549
2022-10-02;"alle";37;37;37;37;37;37;37;37;37;37;37;37;729;729;729;729;729;729;729;729;729;729;729;729;NA;NA;NA;NA;NA;NA;NA;NA;NA;NA;NA;35;718
2022-10-01;"0-60";23;23;23;23;23;23;23;23;23;23;23;23;167;167;167;167;167;167;167;167;167;167;167;167;1;1;1;1;1;1;1;1;1;1;1;22;163
2022-10-01;"60+";84;84;84;84;84;84;84;84;84;84;84;84;573;573;573;573;573;573;573;573;573;573;573;573;1;1;1;1;1;1;1;1;1;1;1;82;566
2022-10-01;"alle";107;107;107;107;107;107;107;107;107;107;107;107;740;740;740;740;740;740;740;740;740;740;740;740;NA;NA;NA;NA;NA;NA;NA;NA;NA;NA;NA;104;730
2022-09-30;"0-60";35;35;35;35;35;35;35;35;35;35;35;35;171;171;171;171;171;171;171;171;171;171;171;171;1;1;1;1;1;1;1;1;1;1;1;34;167
2022-09-30;"60+";93;93;93;93;93;93;93;93;93;93;93;93;543;543;543;543;543;543;543;543;543;543;543;543;1;1;1;1;1;1;1;1;1;1;1;93;537
2022-09-30;"alle";128;128;128;128;128;128;128;128;128;128;128;128;714;714;714;714;714;714;714;714;714;714;714;714;NA;NA;NA;NA;NA;NA;NA;NA;NA;NA;NA;127;705
2022-09-29;"0-60";34;34;34;34;34;34;34;34;34;34;34;34;152;152;152;152;152;152;152;152;152;152;152;152;1;1;1;1;1;1;1;1;1;1;1;33;148
2022-09-29;"60+";101;101;101;101;101;101;101;101;101;101;101;101;520;520;520;520;520;520;520;520;520;520;520;520;1;1;1;1;1;1;1;1;1;1;1;100;513
2022-09-29;"alle";135;135;135;135;135;135;135;135;135;135;135;135;672;672;672;672;672;672;672;672;672;672;672;672;NA;NA;NA;NA;NA;NA;NA;NA;NA;NA;NA;133;662
2022-09-28;"0-60";34;34;34;34;34;34;34;34;34;34;34;34;144;144;144;144;144;144;144;144;144;144;144;144;1;1;1;1;1;1;1;1;1;1;1;34;141
2022-09-28;"60+";95;95;95;95;95;95;95;95;95;95;95;95;472;472;472;472;472;472;472;472;472;472;472;472;1;1;1;1;1;1;1;1;1;1;1;94;465
2022-09-28;"alle";129;129;129;129;129;129;129;129;129;129;129;129;616;616;616;616;616;616;616;616;616;616;616;616;NA;NA;NA;NA;NA;NA;NA;NA;NA;NA;NA;128;607
2022-09-27;"0-60";33;33;33;33;33;33;33;33;33;33;33;33;126;126;126;126;126;126;126;126;126;126;126;126;1;1;1;1;1;1;1;1;1;1;1;33;123
2022-09-27;"60+";137;137;137;137;137;137;137;137;137;137;137;137;444;444;444;444;444;444;444;444;444;444;444;444;1;1;1;1;1;1;1;1;1;1;1;134;438
2022-09-27;"alle";170;170;170;170;170;170;170;170;170;170;170;170;570;570;570;570;570;570;570;570;570;570;570;570;NA;NA;NA;NA;NA;NA;NA;NA;NA;NA;NA;168;562
2022-09-26;"0-60";4;4;4;4;4;4;4;4;4;4;4;4;114;114;114;114;114;114;114;114;114;114;114;114;1;1;1;1;1;1;1;1;1;1;1;4;111
2022-09-26;"60+";19;19;19;19;19;19;19;19;19;19;19;19;400;400;400;400;400;400;400;400;400;400;400;400;1;1;1;1;1;1;1;1;1;1;1;19;396
2022-09-26;"alle";23;23;23;23;23;23;23;23;23;23;23;23;514;514;514;514;514;514;514;514;514;514;514;514;NA;NA;NA;NA;NA;NA;NA;NA;NA;NA;NA;23;507
2022-09-25;"0-60";4;4;4;4;4;4;4;4;4;4;4;4;114;114;114;114;114;114;114;114;114;114;114;114;1;1;1;1;1;1;1;1;1;1;1;3;111
2022-09-25;"60+";44;44;44;44;44;44;44;44;44;44;44;44;394;394;394;394;394;394;394;394;394;394;394;394;1;1;1;1;1;1;1;1;1;1;1;44;390
2022-09-25;"alle";48;48;48;48;48;48;48;48;48;48;48;48;508;508;508;508;508;508;508;508;508;508;508;508;NA;NA;NA;NA;NA;NA;NA;NA;NA;NA;NA;47;501
2022-09-24;"0-60";27;27;27;27;27;27;27;27;27;27;27;27;112;112;112;112;112;112;112;112;112;112;112;112;1;1;1;1;1;1;1;1;1;1;1;26;110
2022-09-24;"60+";54;54;54;54;54;54;54;54;54;54;54;54;361;361;361;361;361;361;361;361;361;361;361;361;1;1;1;1;1;1;1;1;1;1;1;53;357
2022-09-24;"alle";81;81;81;81;81;81;81;81;81;81;81;81;473;473;473;473;473;473;473;473;473;473;473;473;NA;NA;NA;NA;NA;NA;NA;NA;NA;NA;NA;79;467
2022-09-23;"0-60";16;16;16;16;16;16;16;16;16;16;16;16;95;95;95;95;95;95;95;95;95;95;95;95;1;1;1;1;1;1;1;1;1;1;1;15;94
2022-09-23;"60+";70;70;70;70;70;70;70;70;70;70;70;70;336;336;336;336;336;336;336;336;336;336;336;336;1;1;1;1;1;1;1;1;1;1;1;69;333
2022-09-23;"alle";86;86;86;86;86;86;86;86;86;86;86;86;431;431;431;431;431;431;431;431;431;431;431;431;NA;NA;NA;NA;NA;NA;NA;NA;NA;NA;NA;84;427
2022-09-22;"0-60";26;26;26;26;26;26;26;26;26;26;26;26;93;93;93;93;93;93;93;93;93;93;93;93;1;1;1;1;1;1;1;1;1;1;1;26;91
2022-09-22;"60+";53;53;53;53;53;53;53;53;53;53;53;53;295;295;295;295;295;295;295;295;295;295;295;295;1;1;1;1;1;1;1;1;1;1;1;52;292
2022-09-22;"alle";79;79;79;79;79;79;79;79;79;79;79;79;388;388;388;388;388;388;388;388;388;388;388;388;NA;NA;NA;NA;NA;NA;NA;NA;NA;NA;NA;78;383
2022-09-21;"0-60";16;16;16;16;16;16;16;16;16;16;16;16;73;73;73;73;73;73;73;73;73;73;73;73;1;1;1;1;1;1;1;1;1;1;1;16;71
2022-09-21;"60+";67;67;67;67;67;67;67;67;67;67;67;67;277;277;277;277;277;277;277;277;277;277;277;277;1;1;1;1;1;1;1;1;1;1;1;67;275
2022-09-21;"alle";83;83;83;83;83;83;83;83;83;83;83;83;350;350;350;350;350;350;350;350;350;350;350;350;NA;NA;NA;NA;NA;NA;NA;NA;NA;NA;NA;83;346
2022-09-20;"0-60";21;21;21;21;21;21;21;21;21;21;21;21;64;64;64;64;64;64;64;64;64;64;64;64;1;1;1;1;1;1;1;1;1;1;1;21;62
2022-09-20;"60+";93;93;93;93;93;93;93;93;93;93;93;93;228;228;228;228;228;228;228;228;228;228;228;228;1;1;1;1;1;1;1;1;1;1;1;92;226
2022-09-20;"alle";114;114;114;114;114;114;114;114;114;114;114;114;292;292;292;292;292;292;292;292;292;292;292;292;NA;NA;NA;NA;NA;NA;NA;NA;NA;NA;NA;113;288
2022-09-19;"0-60";4;4;4;4;4;4;4;4;4;4;4;4;74;74;74;74;74;74;74;74;74;74;74;74;1;1;1;1;1;1;1;1;1;1;1;4;72
2022-09-19;"60+";13;13;13;13;13;13;13;13;13;13;13;13;200;200;200;200;200;200;200;200;200;200;200;200;1;1;1;1;1;1;1;1;1;1;1;13;198
2022-09-19;"alle";17;17;17;17;17;17;17;17;17;17;17;17;274;274;274;274;274;274;274;274;274;274;274;274;NA;NA;NA;NA;NA;NA;NA;NA;NA;NA;NA;17;270
2022-09-18;"0-60";2;2;2;2;2;2;2;2;2;2;2;2;71;71;71;71;71;71;71;71;71;71;71;71;1;1;1;1;1;1;1;1;1;1;1;2;69
2022-09-18;"60+";11;11;11;11;11;11;11;11;11;11;11;11;191;191;191;191;191;191;191;191;191;191;191;191;1;1;1;1;1;1;1;1;1;1;1;11;189
2022-09-18;"alle";13;13;13;13;13;13;13;13;13;13;13;13;262;262;262;262;262;262;262;262;262;262;262;262;NA;NA;NA;NA;NA;NA;NA;NA;NA;NA;NA;13;258
2022-09-17;"0-60";10;10;10;10;10;10;10;10;10;10;10;10;69;69;69;69;69;69;69;69;69;69;69;69;1;1;1;1;1;1;1;1;1;1;1;10;67
2022-09-17;"60+";29;29;29;29;29;29;29;29;29;29;29;29;187;187;187;187;187;187;187;187;187;187;187;187;1;1;1;1;1;1;1;1;1;1;1;29;185
2022-09-17;"alle";39;39;39;39;39;39;39;39;39;39;39;39;256;256;256;256;256;256;256;256;256;256;256;256;NA;NA;NA;NA;NA;NA;NA;NA;NA;NA;NA;39;252
2022-09-16;"0-60";14;14;14;14;14;14;14;14;14;14;14;14;63;63;63;63;63;63;63;63;63;63;63;63;1;1;1;1;1;1;1;1;1;1;1;12;61
2022-09-16;"60+";29;29;29;29;29;29;29;29;29;29;29;29;190;190;190;190;190;190;190;190;190;190;190;190;1;1;1;1;1;1;1;1;1;1;1;28;186
2022-09-16;"alle";43;43;43;43;43;43;43;43;43;43;43;43;253;253;253;253;253;253;253;253;253;253;253;253;NA;NA;NA;NA;NA;NA;NA;NA;NA;NA;NA;40;247
2022-09-15;"0-60";6;6;6;6;6;6;6;6;6;6;6;6;54;54;54;54;54;54;54;54;54;54;54;54;1;1;1;1;1;1;1;1;1;1;1;6;54
2022-09-15;"60+";35;35;35;35;35;35;35;35;35;35;35;35;187;187;187;187;187;187;187;187;187;187;187;187;1;1;1;1;1;1;1;1;1;1;1;35;184
2022-09-15;"alle";41;41;41;41;41;41;41;41;41;41;41;41;241;241;241;241;241;241;241;241;241;241;241;241;NA;NA;NA;NA;NA;NA;NA;NA;NA;NA;NA;41;238
2022-09-14;"0-60";7;7;7;7;7;7;7;7;7;7;7;7;58;58;58;58;58;58;58;58;58;58;58;58;1;1;1;1;1;1;1;1;1;1;1;7;58
2022-09-14;"60+";18;18;18;18;18;18;18;18;18;18;18;18;185;185;185;185;185;185;185;185;185;185;185;185;1;1;1;1;1;1;1;1;1;1;1;18;179
2022-09-14;"alle";25;25;25;25;25;25;25;25;25;25;25;25;243;243;243;243;243;243;243;243;243;243;243;243;NA;NA;NA;NA;NA;NA;NA;NA;NA;NA;NA;25;237
2022-09-13;"0-60";31;31;31;31;31;31;31;31;31;31;31;31;57;57;57;57;57;57;57;57;57;57;57;57;1;1;1;1;1;1;1;1;1;1;1;31;57
2022-09-13;"60+";65;65;65;65;65;65;65;65;65;65;65;65;202;202;202;202;202;202;202;202;202;202;202;202;1;1;1;1;1;1;1;1;1;1;1;64;194
2022-09-13;"alle";96;96;96;96;96;96;96;96;96;96;96;96;259;259;259;259;259;259;259;259;259;259;259;259;NA;NA;NA;NA;NA;NA;NA;NA;NA;NA;NA;95;251
2022-09-12;"0-60";1;1;1;1;1;1;1;1;1;1;1;1;47;47;47;47;47;47;47;47;47;47;47;47;1;1;1;1;1;1;1;1;1;1;1;1;47
2022-09-12;"60+";4;4;4;4;4;4;4;4;4;4;4;4;176;176;176;176;176;176;176;176;176;176;176;176;1;1;1;1;1;1;1;1;1;1;1;4;169
2022-09-12;"alle";5;5;5;5;5;5;5;5;5;5;5;5;223;223;223;223;223;223;223;223;223;223;223;223;NA;NA;NA;NA;NA;NA;NA;NA;NA;NA;NA;5;216
2022-09-11;"0-60";0;0;0;0;0;0;0;0;0;0;0;0;51;51;51;51;51;51;51;51;51;51;51;51;1;1;1;1;1;1;1;1;1;1;1;0;51
2022-09-11;"60+";7;7;7;7;7;7;7;7;7;7;7;7;185;185;185;185;185;185;185;185;185;185;185;185;1;1;1;1;1;1;1;1;1;1;1;7;177
2022-09-11;"alle";7;7;7;7;7;7;7;7;7;7;7;7;236;236;236;236;236;236;236;236;236;236;236;236;NA;NA;NA;NA;NA;NA;NA;NA;NA;NA;NA;7;228
2022-09-10;"0-60";4;4;4;4;4;4;4;4;4;4;4;4;54;54;54;54;54;54;54;54;54;54;54;54;1;1;1;1;1;1;1;1;1;1;1;4;53
2022-09-10;"60+";32;32;32;32;32;32;32;32;32;32;32;32;184;184;184;184;184;184;184;184;184;184;184;184;1;1;1;1;1;1;1;1;1;1;1;30;176
2022-09-10;"alle";36;36;36;36;36;36;36;36;36;36;36;36;238;238;238;238;238;238;238;238;238;238;238;238;NA;NA;NA;NA;NA;NA;NA;NA;NA;NA;NA;34;229
2022-09-09;"0-60";5;5;5;5;5;5;5;5;5;5;5;5;54;54;54;54;54;54;54;54;54;54;54;54;1;1;1;1;1;1;1;1;1;1;1;5;52
2022-09-09;"60+";26;26;26;26;26;26;26;26;26;26;26;26;167;167;167;167;167;167;167;167;167;167;167;167;1;1;1;1;1;1;1;1;1;1;1;26;160
2022-09-09;"alle";31;31;31;31;31;31;31;31;31;31;31;31;221;221;221;221;221;221;221;221;221;221;221;221;NA;NA;NA;NA;NA;NA;NA;NA;NA;NA;NA;31;212
2022-09-08;"0-60";10;10;10;10;10;10;10;10;10;10;10;10;57;57;57;57;57;57;57;57;57;57;57;57;1;1;1;1;1;1;1;1;1;1;1;10;55
2022-09-08;"60+";33;33;33;33;33;33;33;33;33;33;33;33;159;159;159;159;159;159;159;159;159;159;159;159;1;1;1;1;1;1;1;1;1;1;1;30;151
2022-09-08;"alle";43;43;43;43;43;43;43;43;43;43;43;43;216;216;216;216;216;216;216;216;216;216;216;216;NA;NA;NA;NA;NA;NA;NA;NA;NA;NA;NA;40;206
2022-09-07;"0-60";6;6;6;6;6;6;6;6;6;6;6;6;53;53;53;53;53;53;53;53;53;53;53;53;1;1;1;1;1;1;1;1;1;1;1;6;51
2022-09-07;"60+";35;35;35;35;35;35;35;35;35;35;35;35;151;151;151;151;151;151;151;151;151;151;151;151;1;1;1;1;1;1;1;1;1;1;1;33;144
2022-09-07;"alle";41;41;41;41;41;41;41;41;41;41;41;41;204;204;204;204;204;204;204;204;204;204;204;204;NA;NA;NA;NA;NA;NA;NA;NA;NA;NA;NA;39;195
2022-09-06;"0-60";21;21;21;21;21;21;21;21;21;21;21;21;54;54;54;54;54;54;54;54;54;54;54;54;1;1;1;1;1;1;1;1;1;1;1;21;52
2022-09-06;"60+";39;39;39;39;39;39;39;39;39;39;39;39;139;139;139;139;139;139;139;139;139;139;139;139;1;1;1;1;1;1;1;1;1;1;1;39;133
2022-09-06;"alle";60;60;60;60;60;60;60;60;60;60;60;60;193;193;193;193;193;193;193;193;193;193;193;193;NA;NA;NA;NA;NA;NA;NA;NA;NA;NA;NA;60;185
2022-09-05;"0-60";5;5;5;5;5;5;5;5;5;5;5;5;48;48;48;48;48;48;48;48;48;48;48;48;1;1;1;1;1;1;1;1;1;1;1;5;45
2022-09-05;"60+";13;13;13;13;13;13;13;13;13;13;13;13;137;137;137;137;137;137;137;137;137;137;137;137;1;1;1;1;1;1;1;1;1;1;1;12;129
2022-09-05;"alle";18;18;18;18;18;18;18;18;18;18;18;18;185;185;185;185;185;185;185;185;185;185;185;185;NA;NA;NA;NA;NA;NA;NA;NA;NA;NA;NA;17;174
2022-09-04;"0-60";3;3;3;3;3;3;3;3;3;3;3;3;44;44;44;44;44;44;44;44;44;44;44;44;1;1;1;1;1;1;1;1;1;1;1;2;41
2022-09-04;"60+";6;6;6;6;6;6;6;6;6;6;6;6;135;135;135;135;135;135;135;135;135;135;135;135;1;1;1;1;1;1;1;1;1;1;1;6;128
2022-09-04;"alle";9;9;9;9;9;9;9;9;9;9;9;9;179;179;179;179;179;179;179;179;179;179;179;179;NA;NA;NA;NA;NA;NA;NA;NA;NA;NA;NA;8;169
2022-09-03;"0-60";4;4;4;4;4;4;4;4;4;4;4;4;43;43;43;43;43;43;43;43;43;43;43;43;1;1;1;1;1;1;1;1;1;1;1;3;41
2022-09-03;"60+";15;15;15;15;15;15;15;15;15;15;15;15;141;141;141;141;141;141;141;141;141;141;141;141;1;1;1;1;1;1;1;1;1;1;1;14;134
2022-09-03;"alle";19;19;19;19;19;19;19;19;19;19;19;19;184;184;184;184;184;184;184;184;184;184;184;184;NA;NA;NA;NA;NA;NA;NA;NA;NA;NA;NA;17;175
2022-09-02;"0-60";8;8;8;8;8;8;8;8;8;8;8;8;45;45;45;45;45;45;45;45;45;45;45;45;1;1;1;1;1;1;1;1;1;1;1;8;43
2022-09-02;"60+";18;18;18;18;18;18;18;18;18;18;18;18;145;145;145;145;145;145;145;145;145;145;145;145;1;1;1;1;1;1;1;1;1;1;1;17;138
2022-09-02;"alle";26;26;26;26;26;26;26;26;26;26;26;26;190;190;190;190;190;190;190;190;190;190;190;190;NA;NA;NA;NA;NA;NA;NA;NA;NA;NA;NA;25;181
2022-09-01;"0-60";6;6;6;6;6;6;6;6;6;6;6;6;41;41;41;41;41;41;41;41;41;41;41;41;1;1;1;1;1;1;1;1;1;1;1;6;39
2022-09-01;"60+";25;25;25;25;25;25;25;25;25;25;25;25;152;152;152;152;152;152;152;152;152;152;152;152;1;1;1;1;1;1;1;1;1;1;1;23;143
2022-09-01;"alle";31;31;31;31;31;31;31;31;31;31;31;31;193;193;193;193;193;193;193;193;193;193;193;193;NA;NA;NA;NA;NA;NA;NA;NA;NA;NA;NA;29;182
2022-08-31;"0-60";7;7;7;7;7;7;7;7;7;7;7;7;44;44;44;44;44;44;44;44;44;44;44;44;1;1;1;1;1;1;1;1;1;1;1;7;41
2022-08-31;"60+";23;23;23;23;23;23;23;23;23;23;23;23;143;143;143;143;143;143;143;143;143;143;143;143;1;1;1;1;1;1;1;1;1;1;1;22;136
2022-08-31;"alle";30;30;30;30;30;30;30;30;30;30;30;30;187;187;187;187;187;187;187;187;187;187;187;187;NA;NA;NA;NA;NA;NA;NA;NA;NA;NA;NA;29;177
2022-08-30;"0-60";15;15;15;15;15;15;15;15;15;15;15;15;42;42;42;42;42;42;42;42;42;42;42;42;1;1;1;1;1;1;1;1;1;1;1;14;39
2022-08-30;"60+";37;37;37;37;37;37;37;37;37;37;37;37;153;153;153;153;153;153;153;153;153;153;153;153;1;1;1;1;1;1;1;1;1;1;1;35;143
2022-08-30;"alle";52;52;52;52;52;52;52;52;52;52;52;52;195;195;195;195;195;195;195;195;195;195;195;195;NA;NA;NA;NA;NA;NA;NA;NA;NA;NA;NA;49;182
2022-08-29;"0-60";1;1;1;1;1;1;1;1;1;1;1;1;37;37;37;37;37;37;37;37;37;37;37;37;1;1;1;1;1;1;1;1;1;1;1;1;35
2022-08-29;"60+";11;11;11;11;11;11;11;11;11;11;11;11;170;170;170;170;170;170;170;170;170;170;170;170;1;1;1;1;1;1;1;1;1;1;1;11;160
2022-08-29;"alle";12;12;12;12;12;12;12;12;12;12;12;12;207;207;207;207;207;207;207;207;207;207;207;207;NA;NA;NA;NA;NA;NA;NA;NA;NA;NA;NA;12;195
2022-08-28;"0-60";2;2;2;2;2;2;2;2;2;2;2;2;39;39;39;39;39;39;39;39;39;39;39;39;1;1;1;1;1;1;1;1;1;1;1;2;37
2022-08-28;"60+";12;12;12;12;12;12;12;12;12;12;12;12;168;168;168;168;168;168;168;168;168;168;168;168;1;1;1;1;1;1;1;1;1;1;1;12;158
2022-08-28;"alle";14;14;14;14;14;14;14;14;14;14;14;14;207;207;207;207;207;207;207;207;207;207;207;207;NA;NA;NA;NA;NA;NA;NA;NA;NA;NA;NA;14;195
2022-08-27;"0-60";6;6;6;6;6;6;6;6;6;6;6;6;37;37;37;37;37;37;37;37;37;37;37;37;1;1;1;1;1;1;1;1;1;1;1;5;35
2022-08-27;"60+";19;19;19;19;19;19;19;19;19;19;19;19;166;166;166;166;166;166;166;166;166;166;166;166;1;1;1;1;1;1;1;1;1;1;1;18;156
2022-08-27;"alle";25;25;25;25;25;25;25;25;25;25;25;25;203;203;203;203;203;203;203;203;203;203;203;203;NA;NA;NA;NA;NA;NA;NA;NA;NA;NA;NA;23;191
2022-08-26;"0-60";4;4;4;4;4;4;4;4;4;4;4;4;39;39;39;39;39;39;39;39;39;39;39;39;1;1;1;1;1;1;1;1;1;1;1;4;36
2022-08-26;"60+";25;25;25;25;25;25;25;25;25;25;25;25;167;167;167;167;167;167;167;167;167;167;167;167;1;1;1;1;1;1;1;1;1;1;1;22;156
2022-08-26;"alle";29;29;29;29;29;29;29;29;29;29;29;29;206;206;206;206;206;206;206;206;206;206;206;206;NA;NA;NA;NA;NA;NA;NA;NA;NA;NA;NA;26;192
2022-08-25;"0-60";9;9;9;9;9;9;9;9;9;9;9;9;45;45;45;45;45;45;45;45;45;45;45;45;1;1;1;1;1;1;1;1;1;1;1;8;42
2022-08-25;"60+";16;16;16;16;16;16;16;16;16;16;16;16;182;182;182;182;182;182;182;182;182;182;182;182;1;1;1;1;1;1;1;1;1;1;1;16;173
2022-08-25;"alle";25;25;25;25;25;25;25;25;25;25;25;25;227;227;227;227;227;227;227;227;227;227;227;227;NA;NA;NA;NA;NA;NA;NA;NA;NA;NA;NA;24;215
2022-08-24;"0-60";5;5;5;5;5;5;5;5;5;5;5;5;48;48;48;48;48;48;48;48;48;48;48;48;1;1;1;1;1;1;1;1;1;1;1;5;46
2022-08-24;"60+";33;33;33;33;33;33;33;33;33;33;33;33;202;202;202;202;202;202;202;202;202;202;202;202;1;1;1;1;1;1;1;1;1;1;1;29;188
2022-08-24;"alle";38;38;38;38;38;38;38;38;38;38;38;38;250;250;250;250;250;250;250;250;250;250;250;250;NA;NA;NA;NA;NA;NA;NA;NA;NA;NA;NA;34;234
2022-08-23;"0-60";10;10;10;10;10;10;10;10;10;10;10;10;52;52;52;52;52;52;52;52;52;52;52;52;1;1;1;1;1;1;1;1;1;1;1;10;50
2022-08-23;"60+";54;54;54;54;54;54;54;54;54;54;54;54;211;211;211;211;211;211;211;211;211;211;211;211;1;1;1;1;1;1;1;1;1;1;1;52;194
2022-08-23;"alle";64;64;64;64;64;64;64;64;64;64;64;64;263;263;263;263;263;263;263;263;263;263;263;263;NA;NA;NA;NA;NA;NA;NA;NA;NA;NA;NA;62;244
2022-08-22;"0-60";3;3;3;3;3;3;3;3;3;3;3;3;55;55;55;55;55;55;55;55;55;55;55;55;1;1;1;1;1;1;1;1;1;1;1;3;53
2022-08-22;"60+";9;9;9;9;9;9;9;9;9;9;9;9;212;212;212;212;212;212;212;212;212;212;212;212;1;1;1;1;1;1;1;1;1;1;1;9;197
2022-08-22;"alle";12;12;12;12;12;12;12;12;12;12;12;12;267;267;267;267;267;267;267;267;267;267;267;267;NA;NA;NA;NA;NA;NA;NA;NA;NA;NA;NA;12;250
2022-08-21;"0-60";0;0;0;0;0;0;0;0;0;0;0;0;54;54;54;54;54;54;54;54;54;54;54;54;1;1;1;1;1;1;1;1;1;1;1;0;52
2022-08-21;"60+";10;10;10;10;10;10;10;10;10;10;10;10;218;218;218;218;218;218;218;218;218;218;218;218;1;1;1;1;1;1;1;1;1;1;1;10;203
2022-08-21;"alle";10;10;10;10;10;10;10;10;10;10;10;10;272;272;272;272;272;272;272;272;272;272;272;272;NA;NA;NA;NA;NA;NA;NA;NA;NA;NA;NA;10;255
2022-08-20;"0-60";8;8;8;8;8;8;8;8;8;8;8;8;57;57;57;57;57;57;57;57;57;57;57;57;1;1;1;1;1;1;1;1;1;1;1;6;55
2022-08-20;"60+";20;20;20;20;20;20;20;20;20;20;20;20;217;217;217;217;217;217;217;217;217;217;217;217;1;1;1;1;1;1;1;1;1;1;1;18;202
2022-08-20;"alle";28;28;28;28;28;28;28;28;28;28;28;28;274;274;274;274;274;274;274;274;274;274;274;274;NA;NA;NA;NA;NA;NA;NA;NA;NA;NA;NA;24;257
2022-08-19;"0-60";10;10;10;10;10;10;10;10;10;10;10;10;58;58;58;58;58;58;58;58;58;58;58;58;1;1;1;1;1;1;1;1;1;1;1;10;58
2022-08-19;"60+";40;40;40;40;40;40;40;40;40;40;40;40;230;230;230;230;230;230;230;230;230;230;230;230;1;1;1;1;1;1;1;1;1;1;1;39;215
2022-08-19;"alle";50;50;50;50;50;50;50;50;50;50;50;50;288;288;288;288;288;288;288;288;288;288;288;288;NA;NA;NA;NA;NA;NA;NA;NA;NA;NA;NA;49;273
2022-08-18;"0-60";12;12;12;12;12;12;12;12;12;12;12;12;60;60;60;60;60;60;60;60;60;60;60;60;1;1;1;1;1;1;1;1;1;1;1;12;59
2022-08-18;"60+";36;36;36;36;36;36;36;36;36;36;36;36;216;216;216;216;216;216;216;216;216;216;216;216;1;1;1;1;1;1;1;1;1;1;1;31;202
2022-08-18;"alle";48;48;48;48;48;48;48;48;48;48;48;48;276;276;276;276;276;276;276;276;276;276;276;276;NA;NA;NA;NA;NA;NA;NA;NA;NA;NA;NA;43;262
2022-08-17;"0-60";9;9;9;9;9;9;9;9;9;9;9;9;58;58;58;58;58;58;58;58;58;58;58;58;1;1;1;1;1;1;1;1;1;1;1;9;54
2022-08-17;"60+";42;42;42;42;42;42;42;42;42;42;42;42;205;205;205;205;205;205;205;205;205;205;205;205;1;1;1;1;1;1;1;1;1;1;1;35;193
2022-08-17;"alle";51;51;51;51;51;51;51;51;51;51;51;51;263;263;263;263;263;263;263;263;263;263;263;263;NA;NA;NA;NA;NA;NA;NA;NA;NA;NA;NA;44;248
2022-08-16;"0-60";13;13;13;13;13;13;13;13;13;13;13;13;57;57;57;57;57;57;57;57;57;57;57;57;1;1;1;1;1;1;1;1;1;1;1;13;53
2022-08-16;"60+";55;55;55;55;55;55;55;55;55;55;55;55;190;190;190;190;190;190;190;190;190;190;190;190;1;1;1;1;1;1;1;1;1;1;1;55;182
2022-08-16;"alle";68;68;68;68;68;68;68;68;68;68;68;68;247;247;247;247;247;247;247;247;247;247;247;247;NA;NA;NA;NA;NA;NA;NA;NA;NA;NA;NA;68;236
2022-08-15;"0-60";2;2;2;2;2;2;2;2;2;2;2;2;57;57;57;57;57;57;57;57;57;57;57;57;1;1;1;1;1;1;1;1;1;1;1;2;52
2022-08-15;"60+";15;15;15;15;15;15;15;15;15;15;15;15;205;205;205;205;205;205;205;205;205;205;205;205;1;1;1;1;1;1;1;1;1;1;1;15;187
2022-08-15;"alle";17;17;17;17;17;17;17;17;17;17;17;17;262;262;262;262;262;262;262;262;262;262;262;262;NA;NA;NA;NA;NA;NA;NA;NA;NA;NA;NA;17;240
2022-08-14;"0-60";3;3;3;3;3;3;3;3;3;3;3;3;57;57;57;57;57;57;57;57;57;57;57;57;1;1;1;1;1;1;1;1;1;1;1;3;52
2022-08-14;"60+";9;9;9;9;9;9;9;9;9;9;9;9;197;197;197;197;197;197;197;197;197;197;197;197;1;1;1;1;1;1;1;1;1;1;1;9;179
2022-08-14;"alle";12;12;12;12;12;12;12;12;12;12;12;12;254;254;254;254;254;254;254;254;254;254;254;254;NA;NA;NA;NA;NA;NA;NA;NA;NA;NA;NA;12;232
2022-08-13;"0-60";9;9;9;9;9;9;9;9;9;9;9;9;60;60;60;60;60;60;60;60;60;60;60;60;1;1;1;1;1;1;1;1;1;1;1;9;54
2022-08-13;"60+";33;33;33;33;33;33;33;33;33;33;33;33;206;206;206;206;206;206;206;206;206;206;206;206;1;1;1;1;1;1;1;1;1;1;1;31;188
2022-08-13;"alle";42;42;42;42;42;42;42;42;42;42;42;42;266;266;266;266;266;266;266;266;266;266;266;266;NA;NA;NA;NA;NA;NA;NA;NA;NA;NA;NA;40;243
2022-08-12;"0-60";12;12;12;12;12;12;12;12;12;12;12;12;63;63;63;63;63;63;63;63;63;63;63;63;1;1;1;1;1;1;1;1;1;1;1;11;55
2022-08-12;"60+";26;26;26;26;26;26;26;26;26;26;26;26;213;213;213;213;213;213;213;213;213;213;213;213;1;1;1;1;1;1;1;1;1;1;1;26;192
2022-08-12;"alle";38;38;38;38;38;38;38;38;38;38;38;38;276;276;276;276;276;276;276;276;276;276;276;276;NA;NA;NA;NA;NA;NA;NA;NA;NA;NA;NA;38;248
2022-08-11;"0-60";10;10;10;10;10;10;10;10;10;10;10;10;62;62;62;62;62;62;62;62;62;62;62;62;1;1;1;1;1;1;1;1;1;1;1;7;54
2022-08-11;"60+";25;25;25;25;25;25;25;25;25;25;25;25;234;234;234;234;234;234;234;234;234;234;234;234;1;1;1;1;1;1;1;1;1;1;1;22;212
2022-08-11;"alle";35;35;35;35;35;35;35;35;35;35;35;35;296;296;296;296;296;296;296;296;296;296;296;296;NA;NA;NA;NA;NA;NA;NA;NA;NA;NA;NA;29;266
2022-08-10;"0-60";8;8;8;8;8;8;8;8;8;8;8;8;59;59;59;59;59;59;59;59;59;59;59;59;1;1;1;1;1;1;1;1;1;1;1;8;54
2022-08-10;"60+";27;27;27;27;27;27;27;27;27;27;27;27;258;258;258;258;258;258;258;258;258;258;258;258;1;1;1;1;1;1;1;1;1;1;1;24;236
2022-08-10;"alle";35;35;35;35;35;35;35;35;35;35;35;35;317;317;317;317;317;317;317;317;317;317;317;317;NA;NA;NA;NA;NA;NA;NA;NA;NA;NA;NA;32;290
2022-08-09;"0-60";13;13;13;13;13;13;13;13;13;13;13;13;69;69;69;69;69;69;69;69;69;69;69;69;1;1;1;1;1;1;1;1;1;1;1;12;63
2022-08-09;"60+";70;70;70;70;70;70;70;70;70;70;70;70;307;307;307;307;307;307;307;307;307;307;307;307;1;1;1;1;1;1;1;1;1;1;1;60;278
2022-08-09;"alle";83;83;83;83;83;83;83;83;83;83;83;83;376;376;376;376;376;376;376;376;376;376;376;376;NA;NA;NA;NA;NA;NA;NA;NA;NA;NA;NA;72;341
2022-08-08;"0-60";2;2;2;2;2;2;2;2;2;2;2;2;68;68;68;68;68;68;68;68;68;68;68;68;1;1;1;1;1;1;1;1;1;1;1;2;62
2022-08-08;"60+";7;7;7;7;7;7;7;7;7;7;7;7;294;294;294;294;294;294;294;294;294;294;294;294;1;1;1;1;1;1;1;1;1;1;1;7;266
2022-08-08;"alle";9;9;9;9;9;9;9;9;9;9;9;9;362;362;362;362;362;362;362;362;362;362;362;362;NA;NA;NA;NA;NA;NA;NA;NA;NA;NA;NA;9;328
2022-08-07;"0-60";6;6;6;6;6;6;6;6;6;6;6;6;68;68;68;68;68;68;68;68;68;68;68;68;1;1;1;1;1;1;1;1;1;1;1;5;62
2022-08-07;"60+";18;18;18;18;18;18;18;18;18;18;18;18;295;295;295;295;295;295;295;295;295;295;295;295;1;1;1;1;1;1;1;1;1;1;1;18;267
2022-08-07;"alle";24;24;24;24;24;24;24;24;24;24;24;24;363;363;363;363;363;363;363;363;363;363;363;363;NA;NA;NA;NA;NA;NA;NA;NA;NA;NA;NA;23;329
2022-08-06;"0-60";12;12;12;12;12;12;12;12;12;12;12;12;64;64;64;64;64;64;64;64;64;64;64;64;1;1;1;1;1;1;1;1;1;1;1;10;59
2022-08-06;"60+";40;40;40;40;40;40;40;40;40;40;40;40;291;291;291;291;291;291;291;291;291;291;291;291;1;1;1;1;1;1;1;1;1;1;1;35;263
2022-08-06;"alle";52;52;52;52;52;52;52;52;52;52;52;52;355;355;355;355;355;355;355;355;355;355;355;355;NA;NA;NA;NA;NA;NA;NA;NA;NA;NA;NA;45;322
2022-08-05;"0-60";11;11;11;11;11;11;11;11;11;11;11;11;66;66;66;66;66;66;66;66;66;66;66;66;1;1;1;1;1;1;1;1;1;1;1;10;61
2022-08-05;"60+";47;47;47;47;47;47;47;47;47;47;47;47;311;311;311;311;311;311;311;311;311;311;311;311;1;1;1;1;1;1;1;1;1;1;1;46;278
2022-08-05;"alle";58;58;58;58;58;58;58;58;58;58;58;58;377;377;377;377;377;377;377;377;377;377;377;377;NA;NA;NA;NA;NA;NA;NA;NA;NA;NA;NA;56;339
2022-08-04;"0-60";7;7;7;7;7;7;7;7;7;7;7;7;65;65;65;65;65;65;65;65;65;65;65;65;1;1;1;1;1;1;1;1;1;1;1;7;61
2022-08-04;"60+";49;49;49;49;49;49;49;49;49;49;49;49;323;323;323;323;323;323;323;323;323;323;323;323;1;1;1;1;1;1;1;1;1;1;1;46;286
2022-08-04;"alle";56;56;56;56;56;56;56;56;56;56;56;56;388;388;388;388;388;388;388;388;388;388;388;388;NA;NA;NA;NA;NA;NA;NA;NA;NA;NA;NA;53;347
2022-08-03;"0-60";18;18;18;18;18;18;18;18;18;18;18;18;68;68;68;68;68;68;68;68;68;68;68;68;1;1;1;1;1;1;1;1;1;1;1;17;60
2022-08-03;"60+";76;76;76;76;76;76;76;76;76;76;76;76;329;329;329;329;329;329;329;329;329;329;329;329;1;1;1;1;1;1;1;1;1;1;1;66;290
2022-08-03;"alle";94;94;94;94;94;94;94;94;94;94;94;94;397;397;397;397;397;397;397;397;397;397;397;397;NA;NA;NA;NA;NA;NA;NA;NA;NA;NA;NA;83;350
2022-08-02;"0-60";12;12;12;12;12;12;12;12;12;12;12;12;64;64;64;64;64;64;64;64;64;64;64;64;1;1;1;1;1;1;1;1;1;1;1;11;54
2022-08-02;"60+";57;57;57;57;57;57;57;57;57;57;57;57;333;333;333;333;333;333;333;333;333;333;333;333;1;1;1;1;1;1;1;1;1;1;1;48;297
2022-08-02;"alle";69;69;69;69;69;69;69;69;69;69;69;69;397;397;397;397;397;397;397;397;397;397;397;397;NA;NA;NA;NA;NA;NA;NA;NA;NA;NA;NA;59;351
2022-08-01;"0-60";2;2;2;2;2;2;2;2;2;2;2;2;75;75;75;75;75;75;75;75;75;75;75;75;1;1;1;1;1;1;1;1;1;1;1;2;65
2022-08-01;"60+";8;8;8;8;8;8;8;8;8;8;8;8;398;398;398;398;398;398;398;398;398;398;398;398;1;1;1;1;1;1;1;1;1;1;1;8;358
2022-08-01;"alle";10;10;10;10;10;10;10;10;10;10;10;10;473;473;473;473;473;473;473;473;473;473;473;473;NA;NA;NA;NA;NA;NA;NA;NA;NA;NA;NA;10;423
2022-07-31;"0-60";2;2;2;2;2;2;2;2;2;2;2;2;75;75;75;75;75;75;75;75;75;75;75;75;1;1;1;1;1;1;1;1;1;1;1;2;65
2022-07-31;"60+";14;14;14;14;14;14;14;14;14;14;14;14;421;421;421;421;421;421;421;421;421;421;421;421;1;1;1;1;1;1;1;1;1;1;1;14;381
2022-07-31;"alle";16;16;16;16;16;16;16;16;16;16;16;16;496;496;496;496;496;496;496;496;496;496;496;496;NA;NA;NA;NA;NA;NA;NA;NA;NA;NA;NA;16;446
2022-07-30;"0-60";14;14;14;14;14;14;14;14;14;14;14;14;79;79;79;79;79;79;79;79;79;79;79;79;1;1;1;1;1;1;1;1;1;1;1;12;69
2022-07-30;"60+";60;60;60;60;60;60;60;60;60;60;60;60;424;424;424;424;424;424;424;424;424;424;424;424;1;1;1;1;1;1;1;1;1;1;1;50;383
2022-07-30;"alle";74;74;74;74;74;74;74;74;74;74;74;74;503;503;503;503;503;503;503;503;503;503;503;503;NA;NA;NA;NA;NA;NA;NA;NA;NA;NA;NA;62;452
2022-07-29;"0-60";10;10;10;10;10;10;10;10;10;10;10;10;70;70;70;70;70;70;70;70;70;70;70;70;1;1;1;1;1;1;1;1;1;1;1;10;62
2022-07-29;"60+";59;59;59;59;59;59;59;59;59;59;59;59;406;406;406;406;406;406;406;406;406;406;406;406;1;1;1;1;1;1;1;1;1;1;1;54;372
2022-07-29;"alle";69;69;69;69;69;69;69;69;69;69;69;69;476;476;476;476;476;476;476;476;476;476;476;476;NA;NA;NA;NA;NA;NA;NA;NA;NA;NA;NA;64;434
2022-07-28;"0-60";10;10;10;10;10;10;10;10;10;10;10;10;77;77;77;77;77;77;77;77;77;77;77;77;1;1;1;1;1;1;1;1;1;1;1;6;67
2022-07-28;"60+";55;55;55;55;55;55;55;55;55;55;55;55;400;400;400;400;400;400;400;400;400;400;400;400;1;1;1;1;1;1;1;1;1;1;1;50;368
2022-07-28;"alle";65;65;65;65;65;65;65;65;65;65;65;65;477;477;477;477;477;477;477;477;477;477;477;477;NA;NA;NA;NA;NA;NA;NA;NA;NA;NA;NA;56;435
2022-07-27;"0-60";14;14;14;14;14;14;14;14;14;14;14;14;79;79;79;79;79;79;79;79;79;79;79;79;1;1;1;1;1;1;1;1;1;1;1;11;72
2022-07-27;"60+";80;80;80;80;80;80;80;80;80;80;80;80;394;394;394;394;394;394;394;394;394;394;394;394;1;1;1;1;1;1;1;1;1;1;1;73;361
2022-07-27;"alle";94;94;94;94;94;94;94;94;94;94;94;94;473;473;473;473;473;473;473;473;473;473;473;473;NA;NA;NA;NA;NA;NA;NA;NA;NA;NA;NA;84;433
2022-07-26;"0-60";23;23;23;23;23;23;23;23;23;23;23;23;85;85;85;85;85;85;85;85;85;85;85;85;1;1;1;1;1;1;1;1;1;1;1;22;80
2022-07-26;"60+";122;122;122;122;122;122;122;122;122;122;122;122;368;368;368;368;368;368;368;368;368;368;368;368;1;1;1;1;1;1;1;1;1;1;1;109;332
2022-07-26;"alle";145;145;145;145;145;145;145;145;145;145;145;145;453;453;453;453;453;453;453;453;453;453;453;453;NA;NA;NA;NA;NA;NA;NA;NA;NA;NA;NA;131;412
2022-07-25;"0-60";2;2;2;2;2;2;2;2;2;2;2;2;83;83;83;83;83;83;83;83;83;83;83;83;1;1;1;1;1;1;1;1;1;1;1;2;72
2022-07-25;"60+";31;31;31;31;31;31;31;31;31;31;31;31;311;311;311;311;311;311;311;311;311;311;311;311;1;1;1;1;1;1;1;1;1;1;1;31;280
2022-07-25;"alle";33;33;33;33;33;33;33;33;33;33;33;33;394;394;394;394;394;394;394;394;394;394;394;394;NA;NA;NA;NA;NA;NA;NA;NA;NA;NA;NA;33;352
2022-07-24;"0-60";6;6;6;6;6;6;6;6;6;6;6;6;84;84;84;84;84;84;84;84;84;84;84;84;1;1;1;1;1;1;1;1;1;1;1;6;73
2022-07-24;"60+";17;17;17;17;17;17;17;17;17;17;17;17;290;290;290;290;290;290;290;290;290;290;290;290;1;1;1;1;1;1;1;1;1;1;1;16;259
2022-07-24;"alle";23;23;23;23;23;23;23;23;23;23;23;23;374;374;374;374;374;374;374;374;374;374;374;374;NA;NA;NA;NA;NA;NA;NA;NA;NA;NA;NA;22;332
2022-07-23;"0-60";5;5;5;5;5;5;5;5;5;5;5;5;79;79;79;79;79;79;79;79;79;79;79;79;1;1;1;1;1;1;1;1;1;1;1;5;68
2022-07-23;"60+";42;42;42;42;42;42;42;42;42;42;42;42;282;282;282;282;282;282;282;282;282;282;282;282;1;1;1;1;1;1;1;1;1;1;1;39;251
2022-07-23;"alle";47;47;47;47;47;47;47;47;47;47;47;47;361;361;361;361;361;361;361;361;361;361;361;361;NA;NA;NA;NA;NA;NA;NA;NA;NA;NA;NA;44;320
2022-07-22;"0-60";17;17;17;17;17;17;17;17;17;17;17;17;89;89;89;89;89;89;89;89;89;89;89;89;1;1;1;1;1;1;1;1;1;1;1;15;74
2022-07-22;"60+";53;53;53;53;53;53;53;53;53;53;53;53;295;295;295;295;295;295;295;295;295;295;295;295;1;1;1;1;1;1;1;1;1;1;1;50;259
2022-07-22;"alle";70;70;70;70;70;70;70;70;70;70;70;70;384;384;384;384;384;384;384;384;384;384;384;384;NA;NA;NA;NA;NA;NA;NA;NA;NA;NA;NA;65;334
2022-07-21;"0-60";12;12;12;12;12;12;12;12;12;12;12;12;84;84;84;84;84;84;84;84;84;84;84;84;1;1;1;1;1;1;1;1;1;1;1;11;67
2022-07-21;"60+";49;49;49;49;49;49;49;49;49;49;49;49;261;261;261;261;261;261;261;261;261;261;261;261;1;1;1;1;1;1;1;1;1;1;1;43;224
2022-07-21;"alle";61;61;61;61;61;61;61;61;61;61;61;61;345;345;345;345;345;345;345;345;345;345;345;345;NA;NA;NA;NA;NA;NA;NA;NA;NA;NA;NA;54;292
2022-07-20;"0-60";20;20;20;20;20;20;20;20;20;20;20;20;103;103;103;103;103;103;103;103;103;103;103;103;1;1;1;1;1;1;1;1;1;1;1;19;83
2022-07-20;"60+";54;54;54;54;54;54;54;54;54;54;54;54;253;253;253;253;253;253;253;253;253;253;253;253;1;1;1;1;1;1;1;1;1;1;1;44;216
2022-07-20;"alle";74;74;74;74;74;74;74;74;74;74;74;74;356;356;356;356;356;356;356;356;356;356;356;356;NA;NA;NA;NA;NA;NA;NA;NA;NA;NA;NA;63;300
2022-07-19;"0-60";21;21;21;21;21;21;21;21;21;21;21;21;98;98;98;98;98;98;98;98;98;98;98;98;1;1;1;1;1;1;1;1;1;1;1;14;79
2022-07-19;"60+";65;65;65;65;65;65;65;65;65;65;65;65;248;248;248;248;248;248;248;248;248;248;248;248;1;1;1;1;1;1;1;1;1;1;1;57;215
2022-07-19;"alle";86;86;86;86;86;86;86;86;86;86;86;86;346;346;346;346;346;346;346;346;346;346;346;346;NA;NA;NA;NA;NA;NA;NA;NA;NA;NA;NA;71;295
2022-07-18;"0-60";3;3;3;3;3;3;3;3;3;3;3;3;95;95;95;95;95;95;95;95;95;95;95;95;1;1;1;1;1;1;1;1;1;1;1;3;81
2022-07-18;"60+";10;10;10;10;10;10;10;10;10;10;10;10;261;261;261;261;261;261;261;261;261;261;261;261;1;1;1;1;1;1;1;1;1;1;1;10;231
2022-07-18;"alle";13;13;13;13;13;13;13;13;13;13;13;13;356;356;356;356;356;356;356;356;356;356;356;356;NA;NA;NA;NA;NA;NA;NA;NA;NA;NA;NA;13;313
2022-07-17;"0-60";1;1;1;1;1;1;1;1;1;1;1;1;94;94;94;94;94;94;94;94;94;94;94;94;1;1;1;1;1;1;1;1;1;1;1;1;80
2022-07-17;"60+";9;9;9;9;9;9;9;9;9;9;9;9;266;266;266;266;266;266;266;266;266;266;266;266;1;1;1;1;1;1;1;1;1;1;1;8;234
2022-07-17;"alle";10;10;10;10;10;10;10;10;10;10;10;10;360;360;360;360;360;360;360;360;360;360;360;360;NA;NA;NA;NA;NA;NA;NA;NA;NA;NA;NA;10;315
2022-07-16;"0-60";15;15;15;15;15;15;15;15;15;15;15;15;95;95;95;95;95;95;95;95;95;95;95;95;1;1;1;1;1;1;1;1;1;1;1;11;80
2022-07-16;"60+";55;55;55;55;55;55;55;55;55;55;55;55;271;271;271;271;271;271;271;271;271;271;271;271;1;1;1;1;1;1;1;1;1;1;1;47;239
2022-07-16;"alle";70;70;70;70;70;70;70;70;70;70;70;70;366;366;366;366;366;366;366;366;366;366;366;366;NA;NA;NA;NA;NA;NA;NA;NA;NA;NA;NA;58;319
2022-07-15;"0-60";12;12;12;12;12;12;12;12;12;12;12;12;87;87;87;87;87;87;87;87;87;87;87;87;1;1;1;1;1;1;1;1;1;1;1;8;75
2022-07-15;"60+";19;19;19;19;19;19;19;19;19;19;19;19;245;245;245;245;245;245;245;245;245;245;245;245;1;1;1;1;1;1;1;1;1;1;1;15;217
2022-07-15;"alle";31;31;31;31;31;31;31;31;31;31;31;31;332;332;332;332;332;332;332;332;332;332;332;332;NA;NA;NA;NA;NA;NA;NA;NA;NA;NA;NA;23;292
2022-07-14;"0-60";31;31;31;31;31;31;31;31;31;31;31;31;83;83;83;83;83;83;83;83;83;83;83;83;1;1;1;1;1;1;1;1;1;1;1;27;74
2022-07-14;"60+";41;41;41;41;41;41;41;41;41;41;41;41;255;255;255;255;255;255;255;255;255;255;255;255;1;1;1;1;1;1;1;1;1;1;1;35;230
2022-07-14;"alle";72;72;72;72;72;72;72;72;72;72;72;72;338;338;338;338;338;338;338;338;338;338;338;338;NA;NA;NA;NA;NA;NA;NA;NA;NA;NA;NA;62;304
2022-07-13;"0-60";15;15;15;15;15;15;15;15;15;15;15;15;60;60;60;60;60;60;60;60;60;60;60;60;1;1;1;1;1;1;1;1;1;1;1;15;55
2022-07-13;"60+";49;49;49;49;49;49;49;49;49;49;49;49;246;246;246;246;246;246;246;246;246;246;246;246;1;1;1;1;1;1;1;1;1;1;1;43;224
2022-07-13;"alle";64;64;64;64;64;64;64;64;64;64;64;64;306;306;306;306;306;306;306;306;306;306;306;306;NA;NA;NA;NA;NA;NA;NA;NA;NA;NA;NA;58;279
2022-07-12;"0-60";18;18;18;18;18;18;18;18;18;18;18;18;59;59;59;59;59;59;59;59;59;59;59;59;1;1;1;1;1;1;1;1;1;1;1;16;54
2022-07-12;"60+";78;78;78;78;78;78;78;78;78;78;78;78;226;226;226;226;226;226;226;226;226;226;226;226;1;1;1;1;1;1;1;1;1;1;1;73;205
2022-07-12;"alle";96;96;96;96;96;96;96;96;96;96;96;96;285;285;285;285;285;285;285;285;285;285;285;285;NA;NA;NA;NA;NA;NA;NA;NA;NA;NA;NA;89;259
2022-07-11;"0-60";2;2;2;2;2;2;2;2;2;2;2;2;56;56;56;56;56;56;56;56;56;56;56;56;1;1;1;1;1;1;1;1;1;1;1;2;53
2022-07-11;"60+";15;15;15;15;15;15;15;15;15;15;15;15;183;183;183;183;183;183;183;183;183;183;183;183;1;1;1;1;1;1;1;1;1;1;1;13;164
2022-07-11;"alle";17;17;17;17;17;17;17;17;17;17;17;17;239;239;239;239;239;239;239;239;239;239;239;239;NA;NA;NA;NA;NA;NA;NA;NA;NA;NA;NA;15;217
2022-07-10;"0-60";2;2;2;2;2;2;2;2;2;2;2;2;56;56;56;56;56;56;56;56;56;56;56;56;1;1;1;1;1;1;1;1;1;1;1;1;53
2022-07-10;"60+";14;14;14;14;14;14;14;14;14;14;14;14;183;183;183;183;183;183;183;183;183;183;183;183;1;1;1;1;1;1;1;1;1;1;1;13;165
2022-07-10;"alle";16;16;16;16;16;16;16;16;16;16;16;16;239;239;239;239;239;239;239;239;239;239;239;239;NA;NA;NA;NA;NA;NA;NA;NA;NA;NA;NA;14;218
2022-07-09;"0-60";7;7;7;7;7;7;7;7;7;7;7;7;56;56;56;56;56;56;56;56;56;56;56;56;1;1;1;1;1;1;1;1;1;1;1;6;54
2022-07-09;"60+";29;29;29;29;29;29;29;29;29;29;29;29;177;177;177;177;177;177;177;177;177;177;177;177;1;1;1;1;1;1;1;1;1;1;1;25;160
2022-07-09;"alle";36;36;36;36;36;36;36;36;36;36;36;36;233;233;233;233;233;233;233;233;233;233;233;233;NA;NA;NA;NA;NA;NA;NA;NA;NA;NA;NA;31;214
2022-07-08;"0-60";8;8;8;8;8;8;8;8;8;8;8;8;58;58;58;58;58;58;58;58;58;58;58;58;1;1;1;1;1;1;1;1;1;1;1;7;56
2022-07-08;"60+";29;29;29;29;29;29;29;29;29;29;29;29;167;167;167;167;167;167;167;167;167;167;167;167;1;1;1;1;1;1;1;1;1;1;1;28;152
2022-07-08;"alle";37;37;37;37;37;37;37;37;37;37;37;37;225;225;225;225;225;225;225;225;225;225;225;225;NA;NA;NA;NA;NA;NA;NA;NA;NA;NA;NA;35;208
2022-07-07;"0-60";8;8;8;8;8;8;8;8;8;8;8;8;54;54;54;54;54;54;54;54;54;54;54;54;1;1;1;1;1;1;1;1;1;1;1;8;53
2022-07-07;"60+";32;32;32;32;32;32;32;32;32;32;32;32;157;157;157;157;157;157;157;157;157;157;157;157;1;1;1;1;1;1;1;1;1;1;1;29;141
2022-07-07;"alle";40;40;40;40;40;40;40;40;40;40;40;40;211;211;211;211;211;211;211;211;211;211;211;211;NA;NA;NA;NA;NA;NA;NA;NA;NA;NA;NA;37;194
2022-07-06;"0-60";14;14;14;14;14;14;14;14;14;14;14;14;55;55;55;55;55;55;55;55;55;55;55;55;1;1;1;1;1;1;1;1;1;1;1;14;54
2022-07-06;"60+";29;29;29;29;29;29;29;29;29;29;29;29;150;150;150;150;150;150;150;150;150;150;150;150;1;1;1;1;1;1;1;1;1;1;1;24;136
2022-07-06;"alle";43;43;43;43;43;43;43;43;43;43;43;43;205;205;205;205;205;205;205;205;205;205;205;205;NA;NA;NA;NA;NA;NA;NA;NA;NA;NA;NA;38;190
2022-07-05;"0-60";15;15;15;15;15;15;15;15;15;15;15;15;55;55;55;55;55;55;55;55;55;55;55;55;1;1;1;1;1;1;1;1;1;1;1;15;53
2022-07-05;"60+";35;35;35;35;35;35;35;35;35;35;35;35;150;150;150;150;150;150;150;150;150;150;150;150;1;1;1;1;1;1;1;1;1;1;1;32;138
2022-07-05;"alle";50;50;50;50;50;50;50;50;50;50;50;50;205;205;205;205;205;205;205;205;205;205;205;205;NA;NA;NA;NA;NA;NA;NA;NA;NA;NA;NA;47;191
2022-07-04;"0-60";2;2;2;2;2;2;2;2;2;2;2;2;45;45;45;45;45;45;45;45;45;45;45;45;1;1;1;1;1;1;1;1;1;1;1;2;43
2022-07-04;"60+";15;15;15;15;15;15;15;15;15;15;15;15;144;144;144;144;144;144;144;144;144;144;144;144;1;1;1;1;1;1;1;1;1;1;1;14;135
2022-07-04;"alle";17;17;17;17;17;17;17;17;17;17;17;17;189;189;189;189;189;189;189;189;189;189;189;189;NA;NA;NA;NA;NA;NA;NA;NA;NA;NA;NA;16;178
2022-07-03;"0-60";2;2;2;2;2;2;2;2;2;2;2;2;46;46;46;46;46;46;46;46;46;46;46;46;1;1;1;1;1;1;1;1;1;1;1;2;44
2022-07-03;"60+";8;8;8;8;8;8;8;8;8;8;8;8;142;142;142;142;142;142;142;142;142;142;142;142;1;1;1;1;1;1;1;1;1;1;1;8;133
2022-07-03;"alle";10;10;10;10;10;10;10;10;10;10;10;10;188;188;188;188;188;188;188;188;188;188;188;188;NA;NA;NA;NA;NA;NA;NA;NA;NA;NA;NA;10;177
2022-07-02;"0-60";9;9;9;9;9;9;9;9;9;9;9;9;49;49;49;49;49;49;49;49;49;49;49;49;1;1;1;1;1;1;1;1;1;1;1;8;47
2022-07-02;"60+";19;19;19;19;19;19;19;19;19;19;19;19;147;147;147;147;147;147;147;147;147;147;147;147;1;1;1;1;1;1;1;1;1;1;1;17;137
2022-07-02;"alle";28;28;28;28;28;28;28;28;28;28;28;28;196;196;196;196;196;196;196;196;196;196;196;196;NA;NA;NA;NA;NA;NA;NA;NA;NA;NA;NA;25;184
2022-07-01;"0-60";4;4;4;4;4;4;4;4;4;4;4;4;47;47;47;47;47;47;47;47;47;47;47;47;1;1;1;1;1;1;1;1;1;1;1;4;46
2022-07-01;"60+";19;19;19;19;19;19;19;19;19;19;19;19;141;141;141;141;141;141;141;141;141;141;141;141;1;1;1;1;1;1;1;1;1;1;1;17;130
2022-07-01;"alle";23;23;23;23;23;23;23;23;23;23;23;23;188;188;188;188;188;188;188;188;188;188;188;188;NA;NA;NA;NA;NA;NA;NA;NA;NA;NA;NA;21;176
2022-06-30;"0-60";9;9;9;9;9;9;9;9;9;9;9;9;58;58;58;58;58;58;58;58;58;58;58;58;1;1;1;1;1;1;1;1;1;1;1;9;55
2022-06-30;"60+";25;25;25;25;25;25;25;25;25;25;25;25;139;139;139;139;139;139;139;139;139;139;139;139;1;1;1;1;1;1;1;1;1;1;1;24;127
2022-06-30;"alle";34;34;34;34;34;34;34;34;34;34;34;34;197;197;197;197;197;197;197;197;197;197;197;197;NA;NA;NA;NA;NA;NA;NA;NA;NA;NA;NA;33;182
2022-06-29;"0-60";14;14;14;14;14;14;14;14;14;14;14;14;57;57;57;57;57;57;57;57;57;57;57;57;1;1;1;1;1;1;1;1;1;1;1;13;52
2022-06-29;"60+";29;29;29;29;29;29;29;29;29;29;29;29;127;127;127;127;127;127;127;127;127;127;127;127;1;1;1;1;1;1;1;1;1;1;1;26;112
2022-06-29;"alle";43;43;43;43;43;43;43;43;43;43;43;43;184;184;184;184;184;184;184;184;184;184;184;184;NA;NA;NA;NA;NA;NA;NA;NA;NA;NA;NA;39;164
2022-06-28;"0-60";5;5;5;5;5;5;5;5;5;5;5;5;50;50;50;50;50;50;50;50;50;50;50;50;1;1;1;1;1;1;1;1;1;1;1;5;45
2022-06-28;"60+";29;29;29;29;29;29;29;29;29;29;29;29;115;115;115;115;115;115;115;115;115;115;115;115;1;1;1;1;1;1;1;1;1;1;1;29;103
2022-06-28;"alle";34;34;34;34;34;34;34;34;34;34;34;34;165;165;165;165;165;165;165;165;165;165;165;165;NA;NA;NA;NA;NA;NA;NA;NA;NA;NA;NA;34;148
2022-06-27;"0-60";3;3;3;3;3;3;3;3;3;3;3;3;58;58;58;58;58;58;58;58;58;58;58;58;1;1;1;1;1;1;1;1;1;1;1;3;53
2022-06-27;"60+";13;13;13;13;13;13;13;13;13;13;13;13;122;122;122;122;122;122;122;122;122;122;122;122;1;1;1;1;1;1;1;1;1;1;1;12;106
2022-06-27;"alle";16;16;16;16;16;16;16;16;16;16;16;16;180;180;180;180;180;180;180;180;180;180;180;180;NA;NA;NA;NA;NA;NA;NA;NA;NA;NA;NA;15;159
2022-06-26;"0-60";5;5;5;5;5;5;5;5;5;5;5;5;58;58;58;58;58;58;58;58;58;58;58;58;1;1;1;1;1;1;1;1;1;1;1;5;53
2022-06-26;"60+";13;13;13;13;13;13;13;13;13;13;13;13;115;115;115;115;115;115;115;115;115;115;115;115;1;1;1;1;1;1;1;1;1;1;1;12;100
2022-06-26;"alle";18;18;18;18;18;18;18;18;18;18;18;18;173;173;173;173;173;173;173;173;173;173;173;173;NA;NA;NA;NA;NA;NA;NA;NA;NA;NA;NA;17;153
2022-06-25;"0-60";7;7;7;7;7;7;7;7;7;7;7;7;57;57;57;57;57;57;57;57;57;57;57;57;1;1;1;1;1;1;1;1;1;1;1;7;52
2022-06-25;"60+";13;13;13;13;13;13;13;13;13;13;13;13;110;110;110;110;110;110;110;110;110;110;110;110;1;1;1;1;1;1;1;1;1;1;1;10;94
2022-06-25;"alle";20;20;20;20;20;20;20;20;20;20;20;20;167;167;167;167;167;167;167;167;167;167;167;167;NA;NA;NA;NA;NA;NA;NA;NA;NA;NA;NA;17;146
2022-06-24;"0-60";15;15;15;15;15;15;15;15;15;15;15;15;56;56;56;56;56;56;56;56;56;56;56;56;1;1;1;1;1;1;1;1;1;1;1;13;51
2022-06-24;"60+";17;17;17;17;17;17;17;17;17;17;17;17;114;114;114;114;114;114;114;114;114;114;114;114;1;1;1;1;1;1;1;1;1;1;1;14;98
2022-06-24;"alle";32;32;32;32;32;32;32;32;32;32;32;32;170;170;170;170;170;170;170;170;170;170;170;170;NA;NA;NA;NA;NA;NA;NA;NA;NA;NA;NA;27;149
2022-06-23;"0-60";8;8;8;8;8;8;8;8;8;8;8;8;51;51;51;51;51;51;51;51;51;51;51;51;1;1;1;1;1;1;1;1;1;1;1;6;46
2022-06-23;"60+";13;13;13;13;13;13;13;13;13;13;13;13;115;115;115;115;115;115;115;115;115;115;115;115;1;1;1;1;1;1;1;1;1;1;1;9;97
2022-06-23;"alle";21;21;21;21;21;21;21;21;21;21;21;21;166;166;166;166;166;166;166;166;166;166;166;166;NA;NA;NA;NA;NA;NA;NA;NA;NA;NA;NA;15;143
2022-06-22;"0-60";7;7;7;7;7;7;7;7;7;7;7;7;48;48;48;48;48;48;48;48;48;48;48;48;1;1;1;1;1;1;1;1;1;1;1;6;44
2022-06-22;"60+";17;17;17;17;17;17;17;17;17;17;17;17;111;111;111;111;111;111;111;111;111;111;111;111;1;1;1;1;1;1;1;1;1;1;1;17;94
2022-06-22;"alle";24;24;24;24;24;24;24;24;24;24;24;24;159;159;159;159;159;159;159;159;159;159;159;159;NA;NA;NA;NA;NA;NA;NA;NA;NA;NA;NA;23;138
2022-06-21;"0-60";13;13;13;13;13;13;13;13;13;13;13;13;52;52;52;52;52;52;52;52;52;52;52;52;1;1;1;1;1;1;1;1;1;1;1;13;48
2022-06-21;"60+";36;36;36;36;36;36;36;36;36;36;36;36;112;112;112;112;112;112;112;112;112;112;112;112;1;1;1;1;1;1;1;1;1;1;1;32;94
2022-06-21;"alle";49;49;49;49;49;49;49;49;49;49;49;49;164;164;164;164;164;164;164;164;164;164;164;164;NA;NA;NA;NA;NA;NA;NA;NA;NA;NA;NA;45;142
2022-06-20;"0-60";3;3;3;3;3;3;3;3;3;3;3;3;48;48;48;48;48;48;48;48;48;48;48;48;1;1;1;1;1;1;1;1;1;1;1;3;40
2022-06-20;"60+";6;6;6;6;6;6;6;6;6;6;6;6;93;93;93;93;93;93;93;93;93;93;93;93;1;1;1;1;1;1;1;1;1;1;1;6;75
2022-06-20;"alle";9;9;9;9;9;9;9;9;9;9;9;9;141;141;141;141;141;141;141;141;141;141;141;141;NA;NA;NA;NA;NA;NA;NA;NA;NA;NA;NA;9;115
2022-06-19;"0-60";4;4;4;4;4;4;4;4;4;4;4;4;46;46;46;46;46;46;46;46;46;46;46;46;1;1;1;1;1;1;1;1;1;1;1;4;38
2022-06-19;"60+";8;8;8;8;8;8;8;8;8;8;8;8;91;91;91;91;91;91;91;91;91;91;91;91;1;1;1;1;1;1;1;1;1;1;1;6;73
2022-06-19;"alle";12;12;12;12;12;12;12;12;12;12;12;12;137;137;137;137;137;137;137;137;137;137;137;137;NA;NA;NA;NA;NA;NA;NA;NA;NA;NA;NA;10;111
2022-06-18;"0-60";6;6;6;6;6;6;6;6;6;6;6;6;42;42;42;42;42;42;42;42;42;42;42;42;1;1;1;1;1;1;1;1;1;1;1;6;34
2022-06-18;"60+";17;17;17;17;17;17;17;17;17;17;17;17;85;85;85;85;85;85;85;85;85;85;85;85;1;1;1;1;1;1;1;1;1;1;1;14;69
2022-06-18;"alle";23;23;23;23;23;23;23;23;23;23;23;23;127;127;127;127;127;127;127;127;127;127;127;127;NA;NA;NA;NA;NA;NA;NA;NA;NA;NA;NA;20;103
2022-06-17;"0-60";10;10;10;10;10;10;10;10;10;10;10;10;41;41;41;41;41;41;41;41;41;41;41;41;1;1;1;1;1;1;1;1;1;1;1;8;33
2022-06-17;"60+";18;18;18;18;18;18;18;18;18;18;18;18;76;76;76;76;76;76;76;76;76;76;76;76;1;1;1;1;1;1;1;1;1;1;1;13;63
2022-06-17;"alle";28;28;28;28;28;28;28;28;28;28;28;28;117;117;117;117;117;117;117;117;117;117;117;117;NA;NA;NA;NA;NA;NA;NA;NA;NA;NA;NA;21;96
2022-06-16;"0-60";5;5;5;5;5;5;5;5;5;5;5;5;35;35;35;35;35;35;35;35;35;35;35;35;1;1;1;1;1;1;1;1;1;1;1;4;29
2022-06-16;"60+";9;9;9;9;9;9;9;9;9;9;9;9;71;71;71;71;71;71;71;71;71;71;71;71;1;1;1;1;1;1;1;1;1;1;1;6;63
2022-06-16;"alle";14;14;14;14;14;14;14;14;14;14;14;14;106;106;106;106;106;106;106;106;106;106;106;106;NA;NA;NA;NA;NA;NA;NA;NA;NA;NA;NA;10;92
2022-06-15;"0-60";11;11;11;11;11;11;11;11;11;11;11;11;39;39;39;39;39;39;39;39;39;39;39;39;1;1;1;1;1;1;1;1;1;1;1;10;32
2022-06-15;"60+";18;18;18;18;18;18;18;18;18;18;18;18;75;75;75;75;75;75;75;75;75;75;75;75;1;1;1;1;1;1;1;1;1;1;1;17;68
2022-06-15;"alle";29;29;29;29;29;29;29;29;29;29;29;29;114;114;114;114;114;114;114;114;114;114;114;114;NA;NA;NA;NA;NA;NA;NA;NA;NA;NA;NA;27;100
2022-06-14;"0-60";9;9;9;9;9;9;9;9;9;9;9;9;40;40;40;40;40;40;40;40;40;40;40;40;1;1;1;1;1;1;1;1;1;1;1;5;29
2022-06-14;"60+";17;17;17;17;17;17;17;17;17;17;17;17;72;72;72;72;72;72;72;72;72;72;72;72;1;1;1;1;1;1;1;1;1;1;1;13;63
2022-06-14;"alle";26;26;26;26;26;26;26;26;26;26;26;26;112;112;112;112;112;112;112;112;112;112;112;112;NA;NA;NA;NA;NA;NA;NA;NA;NA;NA;NA;18;92
2022-06-13;"0-60";1;1;1;1;1;1;1;1;1;1;1;1;33;33;33;33;33;33;33;33;33;33;33;33;1;1;1;1;1;1;1;1;1;1;1;1;26
2022-06-13;"60+";4;4;4;4;4;4;4;4;4;4;4;4;64;64;64;64;64;64;64;64;64;64;64;64;1;1;1;1;1;1;1;1;1;1;1;4;59
2022-06-13;"alle";5;5;5;5;5;5;5;5;5;5;5;5;97;97;97;97;97;97;97;97;97;97;97;97;NA;NA;NA;NA;NA;NA;NA;NA;NA;NA;NA;5;85
2022-06-12;"0-60";0;0;0;0;0;0;0;0;0;0;0;0;33;33;33;33;33;33;33;33;33;33;33;33;1;1;1;1;1;1;1;1;1;1;1;0;26
2022-06-12;"60+";2;2;2;2;2;2;2;2;2;2;2;2;66;66;66;66;66;66;66;66;66;66;66;66;1;1;1;1;1;1;1;1;1;1;1;2;61
2022-06-12;"alle";2;2;2;2;2;2;2;2;2;2;2;2;99;99;99;99;99;99;99;99;99;99;99;99;NA;NA;NA;NA;NA;NA;NA;NA;NA;NA;NA;2;87
2022-06-11;"0-60";5;5;5;5;5;5;5;5;5;5;5;5;34;34;34;34;34;34;34;34;34;34;34;34;1;1;1;1;1;1;1;1;1;1;1;5;27
2022-06-11;"60+";8;8;8;8;8;8;8;8;8;8;8;8;72;72;72;72;72;72;72;72;72;72;72;72;1;1;1;1;1;1;1;1;1;1;1;8;67
2022-06-11;"alle";13;13;13;13;13;13;13;13;13;13;13;13;106;106;106;106;106;106;106;106;106;106;106;106;NA;NA;NA;NA;NA;NA;NA;NA;NA;NA;NA;13;94
2022-06-10;"0-60";4;4;4;4;4;4;4;4;4;4;4;4;33;33;33;33;33;33;33;33;33;33;33;33;1;1;1;1;1;1;1;1;1;1;1;4;24
2022-06-10;"60+";13;13;13;13;13;13;13;13;13;13;13;13;74;74;74;74;74;74;74;74;74;74;74;74;1;1;1;1;1;1;1;1;1;1;1;13;68
2022-06-10;"alle";17;17;17;17;17;17;17;17;17;17;17;17;107;107;107;107;107;107;107;107;107;107;107;107;NA;NA;NA;NA;NA;NA;NA;NA;NA;NA;NA;17;92
2022-06-09;"0-60";9;9;9;9;9;9;9;9;9;9;9;9;36;36;36;36;36;36;36;36;36;36;36;36;1;1;1;1;1;1;1;1;1;1;1;7;25
2022-06-09;"60+";13;13;13;13;13;13;13;13;13;13;13;13;74;74;74;74;74;74;74;74;74;74;74;74;1;1;1;1;1;1;1;1;1;1;1;11;65
2022-06-09;"alle";22;22;22;22;22;22;22;22;22;22;22;22;110;110;110;110;110;110;110;110;110;110;110;110;NA;NA;NA;NA;NA;NA;NA;NA;NA;NA;NA;18;90
2022-06-08;"0-60";12;12;12;12;12;12;12;12;12;12;12;12;31;31;31;31;31;31;31;31;31;31;31;31;1;1;1;1;1;1;1;1;1;1;1;7;21
2022-06-08;"60+";15;15;15;15;15;15;15;15;15;15;15;15;71;71;71;71;71;71;71;71;71;71;71;71;1;1;1;1;1;1;1;1;1;1;1;12;63
2022-06-08;"alle";27;27;27;27;27;27;27;27;27;27;27;27;102;102;102;102;102;102;102;102;102;102;102;102;NA;NA;NA;NA;NA;NA;NA;NA;NA;NA;NA;19;84
2022-06-07;"0-60";2;2;2;2;2;2;2;2;2;2;2;2;22;22;22;22;22;22;22;22;22;22;22;22;1;1;1;1;1;1;1;1;1;1;1;2;16
2022-06-07;"60+";9;9;9;9;9;9;9;9;9;9;9;9;71;71;71;71;71;71;71;71;71;71;71;71;1;1;1;1;1;1;1;1;1;1;1;9;63
2022-06-07;"alle";11;11;11;11;11;11;11;11;11;11;11;11;93;93;93;93;93;93;93;93;93;93;93;93;NA;NA;NA;NA;NA;NA;NA;NA;NA;NA;NA;11;79
2022-06-06;"0-60";1;1;1;1;1;1;1;1;1;1;1;1;24;24;24;24;24;24;24;24;24;24;24;24;1;1;1;1;1;1;1;1;1;1;1;1;17
2022-06-06;"60+";6;6;6;6;6;6;6;6;6;6;6;6;83;83;83;83;83;83;83;83;83;83;83;83;1;1;1;1;1;1;1;1;1;1;1;6;73
2022-06-06;"alle";7;7;7;7;7;7;7;7;7;7;7;7;107;107;107;107;107;107;107;107;107;107;107;107;NA;NA;NA;NA;NA;NA;NA;NA;NA;NA;NA;7;90
2022-06-05;"0-60";1;1;1;1;1;1;1;1;1;1;1;1;24;24;24;24;24;24;24;24;24;24;24;24;1;1;1;1;1;1;1;1;1;1;1;1;16
2022-06-05;"60+";8;8;8;8;8;8;8;8;8;8;8;8;80;80;80;80;80;80;80;80;80;80;80;80;1;1;1;1;1;1;1;1;1;1;1;8;70
2022-06-05;"alle";9;9;9;9;9;9;9;9;9;9;9;9;104;104;104;104;104;104;104;104;104;104;104;104;NA;NA;NA;NA;NA;NA;NA;NA;NA;NA;NA;9;86
2022-06-04;"0-60";4;4;4;4;4;4;4;4;4;4;4;4;26;26;26;26;26;26;26;26;26;26;26;26;1;1;1;1;1;1;1;1;1;1;1;2;18
2022-06-04;"60+";10;10;10;10;10;10;10;10;10;10;10;10;73;73;73;73;73;73;73;73;73;73;73;73;1;1;1;1;1;1;1;1;1;1;1;9;63
2022-06-04;"alle";14;14;14;14;14;14;14;14;14;14;14;14;99;99;99;99;99;99;99;99;99;99;99;99;NA;NA;NA;NA;NA;NA;NA;NA;NA;NA;NA;11;81
2022-06-03;"0-60";7;7;7;7;7;7;7;7;7;7;7;7;32;32;32;32;32;32;32;32;32;32;32;32;1;1;1;1;1;1;1;1;1;1;1;5;26
2022-06-03;"60+";13;13;13;13;13;13;13;13;13;13;13;13;71;71;71;71;71;71;71;71;71;71;71;71;1;1;1;1;1;1;1;1;1;1;1;10;62
2022-06-03;"alle";20;20;20;20;20;20;20;20;20;20;20;20;103;103;103;103;103;103;103;103;103;103;103;103;NA;NA;NA;NA;NA;NA;NA;NA;NA;NA;NA;15;88
2022-06-02;"0-60";4;4;4;4;4;4;4;4;4;4;4;4;26;26;26;26;26;26;26;26;26;26;26;26;1;1;1;1;1;1;1;1;1;1;1;3;21
2022-06-02;"60+";10;10;10;10;10;10;10;10;10;10;10;10;59;59;59;59;59;59;59;59;59;59;59;59;1;1;1;1;1;1;1;1;1;1;1;9;53
2022-06-02;"alle";14;14;14;14;14;14;14;14;14;14;14;14;85;85;85;85;85;85;85;85;85;85;85;85;NA;NA;NA;NA;NA;NA;NA;NA;NA;NA;NA;12;74
2022-06-01;"0-60";3;3;3;3;3;3;3;3;3;3;3;3;26;26;26;26;26;26;26;26;26;26;26;26;1;1;1;1;1;1;1;1;1;1;1;2;22
2022-06-01;"60+";15;15;15;15;15;15;15;15;15;15;15;15;58;58;58;58;58;58;58;58;58;58;58;58;1;1;1;1;1;1;1;1;1;1;1;12;52
2022-06-01;"alle";18;18;18;18;18;18;18;18;18;18;18;18;84;84;84;84;84;84;84;84;84;84;84;84;NA;NA;NA;NA;NA;NA;NA;NA;NA;NA;NA;14;74
2022-05-31;"0-60";4;4;4;4;4;4;4;4;4;4;4;4;26;26;26;26;26;26;26;26;26;26;26;26;1;1;1;1;1;1;1;1;1;1;1;3;23
2022-05-31;"60+";21;21;21;21;21;21;21;21;21;21;21;21;58;58;58;58;58;58;58;58;58;58;58;58;1;1;1;1;1;1;1;1;1;1;1;19;54
2022-05-31;"alle";25;25;25;25;25;25;25;25;25;25;25;25;84;84;84;84;84;84;84;84;84;84;84;84;NA;NA;NA;NA;NA;NA;NA;NA;NA;NA;NA;22;77
2022-05-30;"0-60";1;1;1;1;1;1;1;1;1;1;1;1;27;27;27;27;27;27;27;27;27;27;27;27;1;1;1;1;1;1;1;1;1;1;1;0;25
2022-05-30;"60+";3;3;3;3;3;3;3;3;3;3;3;3;48;48;48;48;48;48;48;48;48;48;48;48;1;1;1;1;1;1;1;1;1;1;1;3;46
2022-05-30;"alle";4;4;4;4;4;4;4;4;4;4;4;4;75;75;75;75;75;75;75;75;75;75;75;75;NA;NA;NA;NA;NA;NA;NA;NA;NA;NA;NA;3;71
2022-05-29;"0-60";3;3;3;3;3;3;3;3;3;3;3;3;28;28;28;28;28;28;28;28;28;28;28;28;1;1;1;1;1;1;1;1;1;1;1;3;27
2022-05-29;"60+";1;1;1;1;1;1;1;1;1;1;1;1;50;50;50;50;50;50;50;50;50;50;50;50;1;1;1;1;1;1;1;1;1;1;1;1;48
2022-05-29;"alle";4;4;4;4;4;4;4;4;4;4;4;4;78;78;78;78;78;78;78;78;78;78;78;78;NA;NA;NA;NA;NA;NA;NA;NA;NA;NA;NA;4;75
2022-05-28;"0-60";10;10;10;10;10;10;10;10;10;10;10;10;25;25;25;25;25;25;25;25;25;25;25;25;1;1;1;1;1;1;1;1;1;1;1;10;24
2022-05-28;"60+";8;8;8;8;8;8;8;8;8;8;8;8;54;54;54;54;54;54;54;54;54;54;54;54;1;1;1;1;1;1;1;1;1;1;1;8;52
2022-05-28;"alle";18;18;18;18;18;18;18;18;18;18;18;18;79;79;79;79;79;79;79;79;79;79;79;79;NA;NA;NA;NA;NA;NA;NA;NA;NA;NA;NA;18;76
2022-05-27;"0-60";1;1;1;1;1;1;1;1;1;1;1;1;20;20;20;20;20;20;20;20;20;20;20;20;1;1;1;1;1;1;1;1;1;1;1;0;19
2022-05-27;"60+";1;1;1;1;1;1;1;1;1;1;1;1;57;57;57;57;57;57;57;57;57;57;57;57;1;1;1;1;1;1;1;1;1;1;1;1;54
2022-05-27;"alle";2;2;2;2;2;2;2;2;2;2;2;2;77;77;77;77;77;77;77;77;77;77;77;77;NA;NA;NA;NA;NA;NA;NA;NA;NA;NA;NA;1;73
2022-05-26;"0-60";4;4;4;4;4;4;4;4;4;4;4;4;22;22;22;22;22;22;22;22;22;22;22;22;1;1;1;1;1;1;1;1;1;1;1;4;22
2022-05-26;"60+";9;9;9;9;9;9;9;9;9;9;9;9;65;65;65;65;65;65;65;65;65;65;65;65;1;1;1;1;1;1;1;1;1;1;1;8;62
2022-05-26;"alle";13;13;13;13;13;13;13;13;13;13;13;13;87;87;87;87;87;87;87;87;87;87;87;87;NA;NA;NA;NA;NA;NA;NA;NA;NA;NA;NA;12;84
2022-05-25;"0-60";3;3;3;3;3;3;3;3;3;3;3;3;21;21;21;21;21;21;21;21;21;21;21;21;1;1;1;1;1;1;1;1;1;1;1;3;20
2022-05-25;"60+";15;15;15;15;15;15;15;15;15;15;15;15;65;65;65;65;65;65;65;65;65;65;65;65;1;1;1;1;1;1;1;1;1;1;1;14;61
2022-05-25;"alle";18;18;18;18;18;18;18;18;18;18;18;18;86;86;86;86;86;86;86;86;86;86;86;86;NA;NA;NA;NA;NA;NA;NA;NA;NA;NA;NA;17;81
2022-05-24;"0-60";5;5;5;5;5;5;5;5;5;5;5;5;23;23;23;23;23;23;23;23;23;23;23;23;1;1;1;1;1;1;1;1;1;1;1;5;22
2022-05-24;"60+";11;11;11;11;11;11;11;11;11;11;11;11;73;73;73;73;73;73;73;73;73;73;73;73;1;1;1;1;1;1;1;1;1;1;1;11;69
2022-05-24;"alle";16;16;16;16;16;16;16;16;16;16;16;16;96;96;96;96;96;96;96;96;96;96;96;96;NA;NA;NA;NA;NA;NA;NA;NA;NA;NA;NA;16;91
2022-05-23;"0-60";2;2;2;2;2;2;2;2;2;2;2;2;23;23;23;23;23;23;23;23;23;23;23;23;1;1;1;1;1;1;1;1;1;1;1;2;22
2022-05-23;"60+";5;5;5;5;5;5;5;5;5;5;5;5;92;92;92;92;92;92;92;92;92;92;92;92;1;1;1;1;1;1;1;1;1;1;1;5;88
2022-05-23;"alle";7;7;7;7;7;7;7;7;7;7;7;7;115;115;115;115;115;115;115;115;115;115;115;115;NA;NA;NA;NA;NA;NA;NA;NA;NA;NA;NA;7;110
2022-05-22;"0-60";0;0;0;0;0;0;0;0;0;0;0;0;21;21;21;21;21;21;21;21;21;21;21;21;1;1;1;1;1;1;1;1;1;1;1;0;20
2022-05-22;"60+";5;5;5;5;5;5;5;5;5;5;5;5;94;94;94;94;94;94;94;94;94;94;94;94;1;1;1;1;1;1;1;1;1;1;1;5;90
2022-05-22;"alle";5;5;5;5;5;5;5;5;5;5;5;5;115;115;115;115;115;115;115;115;115;115;115;115;NA;NA;NA;NA;NA;NA;NA;NA;NA;NA;NA;5;110
2022-05-21;"0-60";5;5;5;5;5;5;5;5;5;5;5;5;22;22;22;22;22;22;22;22;22;22;22;22;1;1;1;1;1;1;1;1;1;1;1;5;21
2022-05-21;"60+";11;11;11;11;11;11;11;11;11;11;11;11;92;92;92;92;92;92;92;92;92;92;92;92;1;1;1;1;1;1;1;1;1;1;1;10;88
2022-05-21;"alle";16;16;16;16;16;16;16;16;16;16;16;16;114;114;114;114;114;114;114;114;114;114;114;114;NA;NA;NA;NA;NA;NA;NA;NA;NA;NA;NA;15;109
2022-05-20;"0-60";3;3;3;3;3;3;3;3;3;3;3;3;20;20;20;20;20;20;20;20;20;20;20;20;1;1;1;1;1;1;1;1;1;1;1;3;19
2022-05-20;"60+";9;9;9;9;9;9;9;9;9;9;9;9;102;102;102;102;102;102;102;102;102;102;102;102;1;1;1;1;1;1;1;1;1;1;1;9;98
2022-05-20;"alle";12;12;12;12;12;12;12;12;12;12;12;12;122;122;122;122;122;122;122;122;122;122;122;122;NA;NA;NA;NA;NA;NA;NA;NA;NA;NA;NA;12;117
2022-05-19;"0-60";3;3;3;3;3;3;3;3;3;3;3;3;20;20;20;20;20;20;20;20;20;20;20;20;1;1;1;1;1;1;1;1;1;1;1;2;19
2022-05-19;"60+";9;9;9;9;9;9;9;9;9;9;9;9;107;107;107;107;107;107;107;107;107;107;107;107;1;1;1;1;1;1;1;1;1;1;1;7;103
2022-05-19;"alle";12;12;12;12;12;12;12;12;12;12;12;12;127;127;127;127;127;127;127;127;127;127;127;127;NA;NA;NA;NA;NA;NA;NA;NA;NA;NA;NA;9;122
2022-05-18;"0-60";5;5;5;5;5;5;5;5;5;5;5;5;21;21;21;21;21;21;21;21;21;21;21;21;1;1;1;1;1;1;1;1;1;1;1;5;19
2022-05-18;"60+";23;23;23;23;23;23;23;23;23;23;23;23;119;119;119;119;119;119;119;119;119;119;119;119;1;1;1;1;1;1;1;1;1;1;1;22;116
2022-05-18;"alle";28;28;28;28;28;28;28;28;28;28;28;28;140;140;140;140;140;140;140;140;140;140;140;140;NA;NA;NA;NA;NA;NA;NA;NA;NA;NA;NA;27;135
2022-05-17;"0-60";5;5;5;5;5;5;5;5;5;5;5;5;21;21;21;21;21;21;21;21;21;21;21;21;1;1;1;1;1;1;1;1;1;1;1;5;19
2022-05-17;"60+";30;30;30;30;30;30;30;30;30;30;30;30;115;115;115;115;115;115;115;115;115;115;115;115;1;1;1;1;1;1;1;1;1;1;1;30;113
2022-05-17;"alle";35;35;35;35;35;35;35;35;35;35;35;35;136;136;136;136;136;136;136;136;136;136;136;136;NA;NA;NA;NA;NA;NA;NA;NA;NA;NA;NA;35;132
2022-05-16;"0-60";0;0;0;0;0;0;0;0;0;0;0;0;29;29;29;29;29;29;29;29;29;29;29;29;1;1;1;1;1;1;1;1;1;1;1;0;26
2022-05-16;"60+";7;7;7;7;7;7;7;7;7;7;7;7;105;105;105;105;105;105;105;105;105;105;105;105;1;1;1;1;1;1;1;1;1;1;1;7;103
2022-05-16;"alle";7;7;7;7;7;7;7;7;7;7;7;7;134;134;134;134;134;134;134;134;134;134;134;134;NA;NA;NA;NA;NA;NA;NA;NA;NA;NA;NA;7;129
2022-05-15;"0-60";1;1;1;1;1;1;1;1;1;1;1;1;31;31;31;31;31;31;31;31;31;31;31;31;1;1;1;1;1;1;1;1;1;1;1;1;28
2022-05-15;"60+";3;3;3;3;3;3;3;3;3;3;3;3;101;101;101;101;101;101;101;101;101;101;101;101;1;1;1;1;1;1;1;1;1;1;1;3;99
2022-05-15;"alle";4;4;4;4;4;4;4;4;4;4;4;4;132;132;132;132;132;132;132;132;132;132;132;132;NA;NA;NA;NA;NA;NA;NA;NA;NA;NA;NA;4;127
2022-05-14;"0-60";3;3;3;3;3;3;3;3;3;3;3;3;31;31;31;31;31;31;31;31;31;31;31;31;1;1;1;1;1;1;1;1;1;1;1;3;28
2022-05-14;"60+";21;21;21;21;21;21;21;21;21;21;21;21;109;109;109;109;109;109;109;109;109;109;109;109;1;1;1;1;1;1;1;1;1;1;1;20;107
2022-05-14;"alle";24;24;24;24;24;24;24;24;24;24;24;24;140;140;140;140;140;140;140;140;140;140;140;140;NA;NA;NA;NA;NA;NA;NA;NA;NA;NA;NA;23;135
2022-05-13;"0-60";3;3;3;3;3;3;3;3;3;3;3;3;32;32;32;32;32;32;32;32;32;32;32;32;1;1;1;1;1;1;1;1;1;1;1;3;29
2022-05-13;"60+";14;14;14;14;14;14;14;14;14;14;14;14;103;103;103;103;103;103;103;103;103;103;103;103;1;1;1;1;1;1;1;1;1;1;1;14;98
2022-05-13;"alle";17;17;17;17;17;17;17;17;17;17;17;17;135;135;135;135;135;135;135;135;135;135;135;135;NA;NA;NA;NA;NA;NA;NA;NA;NA;NA;NA;17;127
2022-05-12;"0-60";4;4;4;4;4;4;4;4;4;4;4;4;35;35;35;35;35;35;35;35;35;35;35;35;1;1;1;1;1;1;1;1;1;1;1;2;32
2022-05-12;"60+";21;21;21;21;21;21;21;21;21;21;21;21;115;115;115;115;115;115;115;115;115;115;115;115;1;1;1;1;1;1;1;1;1;1;1;20;108
2022-05-12;"alle";25;25;25;25;25;25;25;25;25;25;25;25;150;150;150;150;150;150;150;150;150;150;150;150;NA;NA;NA;NA;NA;NA;NA;NA;NA;NA;NA;22;140
2022-05-11;"0-60";5;5;5;5;5;5;5;5;5;5;5;5;33;33;33;33;33;33;33;33;33;33;33;33;1;1;1;1;1;1;1;1;1;1;1;5;32
2022-05-11;"60+";19;19;19;19;19;19;19;19;19;19;19;19;111;111;111;111;111;111;111;111;111;111;111;111;1;1;1;1;1;1;1;1;1;1;1;19;103
2022-05-11;"alle";24;24;24;24;24;24;24;24;24;24;24;24;144;144;144;144;144;144;144;144;144;144;144;144;NA;NA;NA;NA;NA;NA;NA;NA;NA;NA;NA;24;135
2022-05-10;"0-60";13;13;13;13;13;13;13;13;13;13;13;13;36;36;36;36;36;36;36;36;36;36;36;36;1;1;1;1;1;1;1;1;1;1;1;12;33
2022-05-10;"60+";20;20;20;20;20;20;20;20;20;20;20;20;123;123;123;123;123;123;123;123;123;123;123;123;1;1;1;1;1;1;1;1;1;1;1;20;108
2022-05-10;"alle";33;33;33;33;33;33;33;33;33;33;33;33;159;159;159;159;159;159;159;159;159;159;159;159;NA;NA;NA;NA;NA;NA;NA;NA;NA;NA;NA;32;141
2022-05-09;"0-60";2;2;2;2;2;2;2;2;2;2;2;2;29;29;29;29;29;29;29;29;29;29;29;29;1;1;1;1;1;1;1;1;1;1;1;2;27
2022-05-09;"60+";3;3;3;3;3;3;3;3;3;3;3;3;137;137;137;137;137;137;137;137;137;137;137;137;1;1;1;1;1;1;1;1;1;1;1;3;119
2022-05-09;"alle";5;5;5;5;5;5;5;5;5;5;5;5;166;166;166;166;166;166;166;166;166;166;166;166;NA;NA;NA;NA;NA;NA;NA;NA;NA;NA;NA;5;146
2022-05-08;"0-60";1;1;1;1;1;1;1;1;1;1;1;1;31;31;31;31;31;31;31;31;31;31;31;31;1;1;1;1;1;1;1;1;1;1;1;1;29
2022-05-08;"60+";11;11;11;11;11;11;11;11;11;11;11;11;143;143;143;143;143;143;143;143;143;143;143;143;1;1;1;1;1;1;1;1;1;1;1;11;125
2022-05-08;"alle";12;12;12;12;12;12;12;12;12;12;12;12;174;174;174;174;174;174;174;174;174;174;174;174;NA;NA;NA;NA;NA;NA;NA;NA;NA;NA;NA;12;154
2022-05-07;"0-60";4;4;4;4;4;4;4;4;4;4;4;4;30;30;30;30;30;30;30;30;30;30;30;30;1;1;1;1;1;1;1;1;1;1;1;4;28
2022-05-07;"60+";15;15;15;15;15;15;15;15;15;15;15;15;142;142;142;142;142;142;142;142;142;142;142;142;1;1;1;1;1;1;1;1;1;1;1;11;123
2022-05-07;"alle";19;19;19;19;19;19;19;19;19;19;19;19;172;172;172;172;172;172;172;172;172;172;172;172;NA;NA;NA;NA;NA;NA;NA;NA;NA;NA;NA;15;151
2022-05-06;"0-60";6;6;6;6;6;6;6;6;6;6;6;6;35;35;35;35;35;35;35;35;35;35;35;35;1;1;1;1;1;1;1;1;1;1;1;6;32
2022-05-06;"60+";26;26;26;26;26;26;26;26;26;26;26;26;150;150;150;150;150;150;150;150;150;150;150;150;1;1;1;1;1;1;1;1;1;1;1;24;134
2022-05-06;"alle";32;32;32;32;32;32;32;32;32;32;32;32;185;185;185;185;185;185;185;185;185;185;185;185;NA;NA;NA;NA;NA;NA;NA;NA;NA;NA;NA;30;166
2022-05-05;"0-60";2;2;2;2;2;2;2;2;2;2;2;2;38;38;38;38;38;38;38;38;38;38;38;38;1;1;1;1;1;1;1;1;1;1;1;2;34
2022-05-05;"60+";17;17;17;17;17;17;17;17;17;17;17;17;159;159;159;159;159;159;159;159;159;159;159;159;1;1;1;1;1;1;1;1;1;1;1;15;141
2022-05-05;"alle";19;19;19;19;19;19;19;19;19;19;19;19;197;197;197;197;197;197;197;197;197;197;197;197;NA;NA;NA;NA;NA;NA;NA;NA;NA;NA;NA;17;175
2022-05-04;"0-60";8;8;8;8;8;8;8;8;8;8;8;8;44;44;44;44;44;44;44;44;44;44;44;44;1;1;1;1;1;1;1;1;1;1;1;6;39
2022-05-04;"60+";31;31;31;31;31;31;31;31;31;31;31;31;174;174;174;174;174;174;174;174;174;174;174;174;1;1;1;1;1;1;1;1;1;1;1;24;155
2022-05-04;"alle";39;39;39;39;39;39;39;39;39;39;39;39;218;218;218;218;218;218;218;218;218;218;218;218;NA;NA;NA;NA;NA;NA;NA;NA;NA;NA;NA;30;194
2022-05-03;"0-60";6;6;6;6;6;6;6;6;6;6;6;6;49;49;49;49;49;49;49;49;49;49;49;49;1;1;1;1;1;1;1;1;1;1;1;6;44
2022-05-03;"60+";34;34;34;34;34;34;34;34;34;34;34;34;177;177;177;177;177;177;177;177;177;177;177;177;1;1;1;1;1;1;1;1;1;1;1;31;161
2022-05-03;"alle";40;40;40;40;40;40;40;40;40;40;40;40;226;226;226;226;226;226;226;226;226;226;226;226;NA;NA;NA;NA;NA;NA;NA;NA;NA;NA;NA;37;205
2022-05-02;"0-60";4;4;4;4;4;4;4;4;4;4;4;4;53;53;53;53;53;53;53;53;53;53;53;53;1;1;1;1;1;1;1;1;1;1;1;4;48
2022-05-02;"60+";9;9;9;9;9;9;9;9;9;9;9;9;198;198;198;198;198;198;198;198;198;198;198;198;1;1;1;1;1;1;1;1;1;1;1;9;183
2022-05-02;"alle";13;13;13;13;13;13;13;13;13;13;13;13;251;251;251;251;251;251;251;251;251;251;251;251;NA;NA;NA;NA;NA;NA;NA;NA;NA;NA;NA;13;231
2022-05-01;"0-60";0;0;0;0;0;0;0;0;0;0;0;0;52;52;52;52;52;52;52;52;52;52;52;52;1;1;1;1;1;1;1;1;1;1;1;0;47
2022-05-01;"60+";10;10;10;10;10;10;10;10;10;10;10;10;207;207;207;207;207;207;207;207;207;207;207;207;1;1;1;1;1;1;1;1;1;1;1;9;192
2022-05-01;"alle";10;10;10;10;10;10;10;10;10;10;10;10;259;259;259;259;259;259;259;259;259;259;259;259;NA;NA;NA;NA;NA;NA;NA;NA;NA;NA;NA;9;239
2022-04-30;"0-60";9;9;9;9;9;9;9;9;9;9;9;9;59;59;59;59;59;59;59;59;59;59;59;59;1;1;1;1;1;1;1;1;1;1;1;8;54
2022-04-30;"60+";23;23;23;23;23;23;23;23;23;23;23;23;209;209;209;209;209;209;209;209;209;209;209;209;1;1;1;1;1;1;1;1;1;1;1;22;195
2022-04-30;"alle";32;32;32;32;32;32;32;32;32;32;32;32;268;268;268;268;268;268;268;268;268;268;268;268;NA;NA;NA;NA;NA;NA;NA;NA;NA;NA;NA;30;249
2022-04-29;"0-60";9;9;9;9;9;9;9;9;9;9;9;9;59;59;59;59;59;59;59;59;59;59;59;59;1;1;1;1;1;1;1;1;1;1;1;8;54
2022-04-29;"60+";35;35;35;35;35;35;35;35;35;35;35;35;222;222;222;222;222;222;222;222;222;222;222;222;1;1;1;1;1;1;1;1;1;1;1;31;206
2022-04-29;"alle";44;44;44;44;44;44;44;44;44;44;44;44;281;281;281;281;281;281;281;281;281;281;281;281;NA;NA;NA;NA;NA;NA;NA;NA;NA;NA;NA;39;260
2022-04-28;"0-60";8;8;8;8;8;8;8;8;8;8;8;8;61;61;61;61;61;61;61;61;61;61;61;61;1;1;1;1;1;1;1;1;1;1;1;7;57
2022-04-28;"60+";32;32;32;32;32;32;32;32;32;32;32;32;226;226;226;226;226;226;226;226;226;226;226;226;1;1;1;1;1;1;1;1;1;1;1;29;210
2022-04-28;"alle";40;40;40;40;40;40;40;40;40;40;40;40;287;287;287;287;287;287;287;287;287;287;287;287;NA;NA;NA;NA;NA;NA;NA;NA;NA;NA;NA;36;267
2022-04-27;"0-60";13;13;13;13;13;13;13;13;13;13;13;13;68;68;68;68;68;68;68;68;68;68;68;68;1;1;1;1;1;1;1;1;1;1;1;11;62
2022-04-27;"60+";34;34;34;34;34;34;34;34;34;34;34;34;239;239;239;239;239;239;239;239;239;239;239;239;1;1;1;1;1;1;1;1;1;1;1;30;226
2022-04-27;"alle";47;47;47;47;47;47;47;47;47;47;47;47;307;307;307;307;307;307;307;307;307;307;307;307;NA;NA;NA;NA;NA;NA;NA;NA;NA;NA;NA;41;288
2022-04-26;"0-60";10;10;10;10;10;10;10;10;10;10;10;10;89;89;89;89;89;89;89;89;89;89;89;89;1;1;1;1;1;1;1;1;1;1;1;10;85
2022-04-26;"60+";55;55;55;55;55;55;55;55;55;55;55;55;274;274;274;274;274;274;274;274;274;274;274;274;1;1;1;1;1;1;1;1;1;1;1;53;263
2022-04-26;"alle";65;65;65;65;65;65;65;65;65;65;65;65;363;363;363;363;363;363;363;363;363;363;363;363;NA;NA;NA;NA;NA;NA;NA;NA;NA;NA;NA;63;349
2022-04-25;"0-60";3;3;3;3;3;3;3;3;3;3;3;3;82;82;82;82;82;82;82;82;82;82;82;82;1;1;1;1;1;1;1;1;1;1;1;3;78
2022-04-25;"60+";18;18;18;18;18;18;18;18;18;18;18;18;242;242;242;242;242;242;242;242;242;242;242;242;1;1;1;1;1;1;1;1;1;1;1;18;233
2022-04-25;"alle";21;21;21;21;21;21;21;21;21;21;21;21;324;324;324;324;324;324;324;324;324;324;324;324;NA;NA;NA;NA;NA;NA;NA;NA;NA;NA;NA;21;312
2022-04-24;"0-60";7;7;7;7;7;7;7;7;7;7;7;7;81;81;81;81;81;81;81;81;81;81;81;81;1;1;1;1;1;1;1;1;1;1;1;7;77
2022-04-24;"60+";12;12;12;12;12;12;12;12;12;12;12;12;232;232;232;232;232;232;232;232;232;232;232;232;1;1;1;1;1;1;1;1;1;1;1;12;223
2022-04-24;"alle";19;19;19;19;19;19;19;19;19;19;19;19;313;313;313;313;313;313;313;313;313;313;313;313;NA;NA;NA;NA;NA;NA;NA;NA;NA;NA;NA;19;301
2022-04-23;"0-60";9;9;9;9;9;9;9;9;9;9;9;9;75;75;75;75;75;75;75;75;75;75;75;75;1;1;1;1;1;1;1;1;1;1;1;8;70
2022-04-23;"60+";36;36;36;36;36;36;36;36;36;36;36;36;232;232;232;232;232;232;232;232;232;232;232;232;1;1;1;1;1;1;1;1;1;1;1;33;223
2022-04-23;"alle";45;45;45;45;45;45;45;45;45;45;45;45;307;307;307;307;307;307;307;307;307;307;307;307;NA;NA;NA;NA;NA;NA;NA;NA;NA;NA;NA;41;294
2022-04-22;"0-60";11;11;11;11;11;11;11;11;11;11;11;11;72;72;72;72;72;72;72;72;72;72;72;72;1;1;1;1;1;1;1;1;1;1;1;11;68
2022-04-22;"60+";39;39;39;39;39;39;39;39;39;39;39;39;202;202;202;202;202;202;202;202;202;202;202;202;1;1;1;1;1;1;1;1;1;1;1;35;196
2022-04-22;"alle";50;50;50;50;50;50;50;50;50;50;50;50;274;274;274;274;274;274;274;274;274;274;274;274;NA;NA;NA;NA;NA;NA;NA;NA;NA;NA;NA;46;265
2022-04-21;"0-60";15;15;15;15;15;15;15;15;15;15;15;15;73;73;73;73;73;73;73;73;73;73;73;73;1;1;1;1;1;1;1;1;1;1;1;12;69
2022-04-21;"60+";45;45;45;45;45;45;45;45;45;45;45;45;197;197;197;197;197;197;197;197;197;197;197;197;1;1;1;1;1;1;1;1;1;1;1;45;194
2022-04-21;"alle";60;60;60;60;60;60;60;60;60;60;60;60;270;270;270;270;270;270;270;270;270;270;270;270;NA;NA;NA;NA;NA;NA;NA;NA;NA;NA;NA;57;264
2022-04-20;"0-60";34;34;34;34;34;34;34;34;34;34;34;34;76;76;76;76;76;76;76;76;76;76;76;76;1;1;1;1;1;1;1;1;1;1;1;34;75
2022-04-20;"60+";69;69;69;69;69;69;69;69;69;69;69;69;195;195;195;195;195;195;195;195;195;195;195;195;1;1;1;1;1;1;1;1;1;1;1;67;191
2022-04-20;"alle";103;103;103;103;103;103;103;103;103;103;103;103;271;271;271;271;271;271;271;271;271;271;271;271;NA;NA;NA;NA;NA;NA;NA;NA;NA;NA;NA;102;267
2022-04-19;"0-60";3;3;3;3;3;3;3;3;3;3;3;3;58;58;58;58;58;58;58;58;58;58;58;58;1;1;1;1;1;1;1;1;1;1;1;3;57
2022-04-19;"60+";23;23;23;23;23;23;23;23;23;23;23;23;192;192;192;192;192;192;192;192;192;192;192;192;1;1;1;1;1;1;1;1;1;1;1;23;188
2022-04-19;"alle";26;26;26;26;26;26;26;26;26;26;26;26;250;250;250;250;250;250;250;250;250;250;250;250;NA;NA;NA;NA;NA;NA;NA;NA;NA;NA;NA;26;245
2022-04-18;"0-60";2;2;2;2;2;2;2;2;2;2;2;2;79;79;79;79;79;79;79;79;79;79;79;79;1;1;1;1;1;1;1;1;1;1;1;2;76
2022-04-18;"60+";8;8;8;8;8;8;8;8;8;8;8;8;215;215;215;215;215;215;215;215;215;215;215;215;1;1;1;1;1;1;1;1;1;1;1;8;211
2022-04-18;"alle";10;10;10;10;10;10;10;10;10;10;10;10;294;294;294;294;294;294;294;294;294;294;294;294;NA;NA;NA;NA;NA;NA;NA;NA;NA;NA;NA;10;287
2022-04-17;"0-60";1;1;1;1;1;1;1;1;1;1;1;1;84;84;84;84;84;84;84;84;84;84;84;84;1;1;1;1;1;1;1;1;1;1;1;0;81
2022-04-17;"60+";12;12;12;12;12;12;12;12;12;12;12;12;230;230;230;230;230;230;230;230;230;230;230;230;1;1;1;1;1;1;1;1;1;1;1;12;226
2022-04-17;"alle";13;13;13;13;13;13;13;13;13;13;13;13;314;314;314;314;314;314;314;314;314;314;314;314;NA;NA;NA;NA;NA;NA;NA;NA;NA;NA;NA;12;307
2022-04-16;"0-60";6;6;6;6;6;6;6;6;6;6;6;6;95;95;95;95;95;95;95;95;95;95;95;95;1;1;1;1;1;1;1;1;1;1;1;6;93
2022-04-16;"60+";6;6;6;6;6;6;6;6;6;6;6;6;239;239;239;239;239;239;239;239;239;239;239;239;1;1;1;1;1;1;1;1;1;1;1;6;235
2022-04-16;"alle";12;12;12;12;12;12;12;12;12;12;12;12;334;334;334;334;334;334;334;334;334;334;334;334;NA;NA;NA;NA;NA;NA;NA;NA;NA;NA;NA;12;328
2022-04-15;"0-60";12;12;12;12;12;12;12;12;12;12;12;12;102;102;102;102;102;102;102;102;102;102;102;102;1;1;1;1;1;1;1;1;1;1;1;12;98
2022-04-15;"60+";34;34;34;34;34;34;34;34;34;34;34;34;270;270;270;270;270;270;270;270;270;270;270;270;1;1;1;1;1;1;1;1;1;1;1;33;263
2022-04-15;"alle";46;46;46;46;46;46;46;46;46;46;46;46;372;372;372;372;372;372;372;372;372;372;372;372;NA;NA;NA;NA;NA;NA;NA;NA;NA;NA;NA;45;361
2022-04-14;"0-60";18;18;18;18;18;18;18;18;18;18;18;18;107;107;107;107;107;107;107;107;107;107;107;107;1;1;1;1;1;1;1;1;1;1;1;18;101
2022-04-14;"60+";43;43;43;43;43;43;43;43;43;43;43;43;290;290;290;290;290;290;290;290;290;290;290;290;1;1;1;1;1;1;1;1;1;1;1;42;281
2022-04-14;"alle";61;61;61;61;61;61;61;61;61;61;61;61;397;397;397;397;397;397;397;397;397;397;397;397;NA;NA;NA;NA;NA;NA;NA;NA;NA;NA;NA;60;382
2022-04-13;"0-60";16;16;16;16;16;16;16;16;16;16;16;16;102;102;102;102;102;102;102;102;102;102;102;102;1;1;1;1;1;1;1;1;1;1;1;16;96
2022-04-13;"60+";66;66;66;66;66;66;66;66;66;66;66;66;299;299;299;299;299;299;299;299;299;299;299;299;1;1;1;1;1;1;1;1;1;1;1;64;287
2022-04-13;"alle";82;82;82;82;82;82;82;82;82;82;82;82;401;401;401;401;401;401;401;401;401;401;401;401;NA;NA;NA;NA;NA;NA;NA;NA;NA;NA;NA;80;383
2022-04-12;"0-60";24;24;24;24;24;24;24;24;24;24;24;24;111;111;111;111;111;111;111;111;111;111;111;111;1;1;1;1;1;1;1;1;1;1;1;22;104
2022-04-12;"60+";46;46;46;46;46;46;46;46;46;46;46;46;287;287;287;287;287;287;287;287;287;287;287;287;1;1;1;1;1;1;1;1;1;1;1;46;274
2022-04-12;"alle";70;70;70;70;70;70;70;70;70;70;70;70;398;398;398;398;398;398;398;398;398;398;398;398;NA;NA;NA;NA;NA;NA;NA;NA;NA;NA;NA;68;378
2022-04-11;"0-60";7;7;7;7;7;7;7;7;7;7;7;7;105;105;105;105;105;105;105;105;105;105;105;105;1;1;1;1;1;1;1;1;1;1;1;7;99
2022-04-11;"60+";23;23;23;23;23;23;23;23;23;23;23;23;303;303;303;303;303;303;303;303;303;303;303;303;1;1;1;1;1;1;1;1;1;1;1;23;287
2022-04-11;"alle";30;30;30;30;30;30;30;30;30;30;30;30;408;408;408;408;408;408;408;408;408;408;408;408;NA;NA;NA;NA;NA;NA;NA;NA;NA;NA;NA;30;386
2022-04-10;"0-60";12;12;12;12;12;12;12;12;12;12;12;12;104;104;104;104;104;104;104;104;104;104;104;104;1;1;1;1;1;1;1;1;1;1;1;12;98
2022-04-10;"60+";21;21;21;21;21;21;21;21;21;21;21;21;297;297;297;297;297;297;297;297;297;297;297;297;1;1;1;1;1;1;1;1;1;1;1;21;280
2022-04-10;"alle";33;33;33;33;33;33;33;33;33;33;33;33;401;401;401;401;401;401;401;401;401;401;401;401;NA;NA;NA;NA;NA;NA;NA;NA;NA;NA;NA;33;378
2022-04-09;"0-60";13;13;13;13;13;13;13;13;13;13;13;13;104;104;104;104;104;104;104;104;104;104;104;104;1;1;1;1;1;1;1;1;1;1;1;11;98
2022-04-09;"60+";37;37;37;37;37;37;37;37;37;37;37;37;302;302;302;302;302;302;302;302;302;302;302;302;1;1;1;1;1;1;1;1;1;1;1;34;284
2022-04-09;"alle";50;50;50;50;50;50;50;50;50;50;50;50;406;406;406;406;406;406;406;406;406;406;406;406;NA;NA;NA;NA;NA;NA;NA;NA;NA;NA;NA;45;382
2022-04-08;"0-60";17;17;17;17;17;17;17;17;17;17;17;17;110;110;110;110;110;110;110;110;110;110;110;110;1;1;1;1;1;1;1;1;1;1;1;15;106
2022-04-08;"60+";54;54;54;54;54;54;54;54;54;54;54;54;311;311;311;311;311;311;311;311;311;311;311;311;1;1;1;1;1;1;1;1;1;1;1;51;292
2022-04-08;"alle";71;71;71;71;71;71;71;71;71;71;71;71;421;421;421;421;421;421;421;421;421;421;421;421;NA;NA;NA;NA;NA;NA;NA;NA;NA;NA;NA;66;398
2022-04-07;"0-60";13;13;13;13;13;13;13;13;13;13;13;13;111;111;111;111;111;111;111;111;111;111;111;111;1;1;1;1;1;1;1;1;1;1;1;13;108
2022-04-07;"60+";52;52;52;52;52;52;52;52;52;52;52;52;313;313;313;313;313;313;313;313;313;313;313;313;1;1;1;1;1;1;1;1;1;1;1;48;295
2022-04-07;"alle";65;65;65;65;65;65;65;65;65;65;65;65;424;424;424;424;424;424;424;424;424;424;424;424;NA;NA;NA;NA;NA;NA;NA;NA;NA;NA;NA;61;403
2022-04-06;"0-60";25;25;25;25;25;25;25;25;25;25;25;25;133;133;133;133;133;133;133;133;133;133;133;133;1;1;1;1;1;1;1;1;1;1;1;24;128
2022-04-06;"60+";54;54;54;54;54;54;54;54;54;54;54;54;318;318;318;318;318;318;318;318;318;318;318;318;1;1;1;1;1;1;1;1;1;1;1;51;301
2022-04-06;"alle";79;79;79;79;79;79;79;79;79;79;79;79;451;451;451;451;451;451;451;451;451;451;451;451;NA;NA;NA;NA;NA;NA;NA;NA;NA;NA;NA;75;429
2022-04-05;"0-60";18;18;18;18;18;18;18;18;18;18;18;18;136;136;136;136;136;136;136;136;136;136;136;136;1;1;1;1;1;1;1;1;1;1;1;17;130
2022-04-05;"60+";62;62;62;62;62;62;62;62;62;62;62;62;336;336;336;336;336;336;336;336;336;336;336;336;1;1;1;1;1;1;1;1;1;1;1;59;314
2022-04-05;"alle";80;80;80;80;80;80;80;80;80;80;80;80;472;472;472;472;472;472;472;472;472;472;472;472;NA;NA;NA;NA;NA;NA;NA;NA;NA;NA;NA;76;444
2022-04-04;"0-60";6;6;6;6;6;6;6;6;6;6;6;6;146;146;146;146;146;146;146;146;146;146;146;146;1;1;1;1;1;1;1;1;1;1;1;6;139
2022-04-04;"60+";17;17;17;17;17;17;17;17;17;17;17;17;362;362;362;362;362;362;362;362;362;362;362;362;1;1;1;1;1;1;1;1;1;1;1;16;341
2022-04-04;"alle";23;23;23;23;23;23;23;23;23;23;23;23;508;508;508;508;508;508;508;508;508;508;508;508;NA;NA;NA;NA;NA;NA;NA;NA;NA;NA;NA;22;480
2022-04-03;"0-60";12;12;12;12;12;12;12;12;12;12;12;12;148;148;148;148;148;148;148;148;148;148;148;148;1;1;1;1;1;1;1;1;1;1;1;12;141
2022-04-03;"60+";26;26;26;26;26;26;26;26;26;26;26;26;372;372;372;372;372;372;372;372;372;372;372;372;1;1;1;1;1;1;1;1;1;1;1;25;352
2022-04-03;"alle";38;38;38;38;38;38;38;38;38;38;38;38;520;520;520;520;520;520;520;520;520;520;520;520;NA;NA;NA;NA;NA;NA;NA;NA;NA;NA;NA;37;493
2022-04-02;"0-60";19;19;19;19;19;19;19;19;19;19;19;19;153;153;153;153;153;153;153;153;153;153;153;153;1;1;1;1;1;1;1;1;1;1;1;19;146
2022-04-02;"60+";46;46;46;46;46;46;46;46;46;46;46;46;382;382;382;382;382;382;382;382;382;382;382;382;1;1;1;1;1;1;1;1;1;1;1;42;360
2022-04-02;"alle";65;65;65;65;65;65;65;65;65;65;65;65;535;535;535;535;535;535;535;535;535;535;535;535;NA;NA;NA;NA;NA;NA;NA;NA;NA;NA;NA;61;506
2022-04-01;"0-60";18;18;18;18;18;18;18;18;18;18;18;18;164;164;164;164;164;164;164;164;164;164;164;164;1;1;1;1;1;1;1;1;1;1;1;17;153
2022-04-01;"60+";56;56;56;56;56;56;56;56;56;56;56;56;393;393;393;393;393;393;393;393;393;393;393;393;1;1;1;1;1;1;1;1;1;1;1;54;370
2022-04-01;"alle";74;74;74;74;74;74;74;74;74;74;74;74;557;557;557;557;557;557;557;557;557;557;557;557;NA;NA;NA;NA;NA;NA;NA;NA;NA;NA;NA;71;523
2022-03-31;"0-60";35;35;35;35;35;35;35;35;35;35;35;35;172;172;172;172;172;172;172;172;172;172;172;172;1;1;1;1;1;1;1;1;1;1;1;33;161
2022-03-31;"60+";57;57;57;57;57;57;57;57;57;57;57;57;400;400;400;400;400;400;400;400;400;400;400;400;1;1;1;1;1;1;1;1;1;1;1;54;372
2022-03-31;"alle";92;92;92;92;92;92;92;92;92;92;92;92;572;572;572;572;572;572;572;572;572;572;572;572;NA;NA;NA;NA;NA;NA;NA;NA;NA;NA;NA;87;533
2022-03-30;"0-60";28;28;28;28;28;28;28;28;28;28;28;28;165;165;165;165;165;165;165;165;165;165;165;165;1;1;1;1;1;1;1;1;1;1;1;26;155
2022-03-30;"60+";72;72;72;72;72;72;72;72;72;72;72;72;430;430;430;430;430;430;430;430;430;430;430;430;1;1;1;1;1;1;1;1;1;1;1;64;398
2022-03-30;"alle";100;100;100;100;100;100;100;100;100;100;100;100;595;595;595;595;595;595;595;595;595;595;595;595;NA;NA;NA;NA;NA;NA;NA;NA;NA;NA;NA;90;553
2022-03-29;"0-60";28;28;28;28;28;28;28;28;28;28;28;28;176;176;176;176;176;176;176;176;176;176;176;176;1;1;1;1;1;1;1;1;1;1;1;26;167
2022-03-29;"60+";88;88;88;88;88;88;88;88;88;88;88;88;435;435;435;435;435;435;435;435;435;435;435;435;1;1;1;1;1;1;1;1;1;1;1;86;403
2022-03-29;"alle";116;116;116;116;116;116;116;116;116;116;116;116;611;611;611;611;611;611;611;611;611;611;611;611;NA;NA;NA;NA;NA;NA;NA;NA;NA;NA;NA;112;570
2022-03-28;"0-60";8;8;8;8;8;8;8;8;8;8;8;8;198;198;198;198;198;198;198;198;198;198;198;198;1;1;1;1;1;1;1;1;1;1;1;8;191
2022-03-28;"60+";27;27;27;27;27;27;27;27;27;27;27;27;443;443;443;443;443;443;443;443;443;443;443;443;1;1;1;1;1;1;1;1;1;1;1;27;408
2022-03-28;"alle";35;35;35;35;35;35;35;35;35;35;35;35;641;641;641;641;641;641;641;641;641;641;641;641;NA;NA;NA;NA;NA;NA;NA;NA;NA;NA;NA;35;599
2022-03-27;"0-60";17;17;17;17;17;17;17;17;17;17;17;17;198;198;198;198;198;198;198;198;198;198;198;198;1;1;1;1;1;1;1;1;1;1;1;17;191
2022-03-27;"60+";36;36;36;36;36;36;36;36;36;36;36;36;438;438;438;438;438;438;438;438;438;438;438;438;1;1;1;1;1;1;1;1;1;1;1;33;401
2022-03-27;"alle";53;53;53;53;53;53;53;53;53;53;53;53;636;636;636;636;636;636;636;636;636;636;636;636;NA;NA;NA;NA;NA;NA;NA;NA;NA;NA;NA;50;592
2022-03-26;"0-60";30;30;30;30;30;30;30;30;30;30;30;30;196;196;196;196;196;196;196;196;196;196;196;196;1;1;1;1;1;1;1;1;1;1;1;26;188
2022-03-26;"60+";57;57;57;57;57;57;57;57;57;57;57;57;434;434;434;434;434;434;434;434;434;434;434;434;1;1;1;1;1;1;1;1;1;1;1;52;399
2022-03-26;"alle";87;87;87;87;87;87;87;87;87;87;87;87;630;630;630;630;630;630;630;630;630;630;630;630;NA;NA;NA;NA;NA;NA;NA;NA;NA;NA;NA;78;587
2022-03-25;"0-60";26;26;26;26;26;26;26;26;26;26;26;26;198;198;198;198;198;198;198;198;198;198;198;198;1;1;1;1;1;1;1;1;1;1;1;25;190
2022-03-25;"60+";63;63;63;63;63;63;63;63;63;63;63;63;428;428;428;428;428;428;428;428;428;428;428;428;1;1;1;1;1;1;1;1;1;1;1;56;397
2022-03-25;"alle";89;89;89;89;89;89;89;89;89;89;89;89;626;626;626;626;626;626;626;626;626;626;626;626;NA;NA;NA;NA;NA;NA;NA;NA;NA;NA;NA;81;588
2022-03-24;"0-60";28;28;28;28;28;28;28;28;28;28;28;28;205;205;205;205;205;205;205;205;205;205;205;205;1;1;1;1;1;1;1;1;1;1;1;27;195
2022-03-24;"60+";87;87;87;87;87;87;87;87;87;87;87;87;440;440;440;440;440;440;440;440;440;440;440;440;1;1;1;1;1;1;1;1;1;1;1;80;414
2022-03-24;"alle";115;115;115;115;115;115;115;115;115;115;115;115;645;645;645;645;645;645;645;645;645;645;645;645;NA;NA;NA;NA;NA;NA;NA;NA;NA;NA;NA;107;610
2022-03-23;"0-60";39;39;39;39;39;39;39;39;39;39;39;39;217;217;217;217;217;217;217;217;217;217;217;217;1;1;1;1;1;1;1;1;1;1;1;38;206
2022-03-23;"60+";77;77;77;77;77;77;77;77;77;77;77;77;405;405;405;405;405;405;405;405;405;405;405;405;1;1;1;1;1;1;1;1;1;1;1;69;384
2022-03-23;"alle";116;116;116;116;116;116;116;116;116;116;116;116;622;622;622;622;622;622;622;622;622;622;622;622;NA;NA;NA;NA;NA;NA;NA;NA;NA;NA;NA;107;591
2022-03-22;"0-60";50;50;50;50;50;50;50;50;50;50;50;50;213;213;213;213;213;213;213;213;213;213;213;213;1;1;1;1;1;1;1;1;1;1;1;50;203
2022-03-22;"60+";96;96;96;96;96;96;96;96;96;96;96;96;403;403;403;403;403;403;403;403;403;403;403;403;1;1;1;1;1;1;1;1;1;1;1;91;387
2022-03-22;"alle";146;146;146;146;146;146;146;146;146;146;146;146;616;616;616;616;616;616;616;616;616;616;616;616;NA;NA;NA;NA;NA;NA;NA;NA;NA;NA;NA;141;592
2022-03-21;"0-60";8;8;8;8;8;8;8;8;8;8;8;8;213;213;213;213;213;213;213;213;213;213;213;213;1;1;1;1;1;1;1;1;1;1;1;8;201
2022-03-21;"60+";22;22;22;22;22;22;22;22;22;22;22;22;375;375;375;375;375;375;375;375;375;375;375;375;1;1;1;1;1;1;1;1;1;1;1;20;359
2022-03-21;"alle";30;30;30;30;30;30;30;30;30;30;30;30;588;588;588;588;588;588;588;588;588;588;588;588;NA;NA;NA;NA;NA;NA;NA;NA;NA;NA;NA;28;562
2022-03-20;"0-60";15;15;15;15;15;15;15;15;15;15;15;15;220;220;220;220;220;220;220;220;220;220;220;220;1;1;1;1;1;1;1;1;1;1;1;14;208
2022-03-20;"60+";32;32;32;32;32;32;32;32;32;32;32;32;368;368;368;368;368;368;368;368;368;368;368;368;1;1;1;1;1;1;1;1;1;1;1;31;353
2022-03-20;"alle";47;47;47;47;47;47;47;47;47;47;47;47;588;588;588;588;588;588;588;588;588;588;588;588;NA;NA;NA;NA;NA;NA;NA;NA;NA;NA;NA;45;564
2022-03-19;"0-60";32;32;32;32;32;32;32;32;32;32;32;32;219;219;219;219;219;219;219;219;219;219;219;219;1;1;1;1;1;1;1;1;1;1;1;28;208
2022-03-19;"60+";51;51;51;51;51;51;51;51;51;51;51;51;362;362;362;362;362;362;362;362;362;362;362;362;1;1;1;1;1;1;1;1;1;1;1;50;346
2022-03-19;"alle";83;83;83;83;83;83;83;83;83;83;83;83;581;581;581;581;581;581;581;581;581;581;581;581;NA;NA;NA;NA;NA;NA;NA;NA;NA;NA;NA;79;557
2022-03-18;"0-60";33;33;33;33;33;33;33;33;33;33;33;33;218;218;218;218;218;218;218;218;218;218;218;218;1;1;1;1;1;1;1;1;1;1;1;30;208
2022-03-18;"60+";75;75;75;75;75;75;75;75;75;75;75;75;360;360;360;360;360;360;360;360;360;360;360;360;1;1;1;1;1;1;1;1;1;1;1;73;338
2022-03-18;"alle";108;108;108;108;108;108;108;108;108;108;108;108;578;578;578;578;578;578;578;578;578;578;578;578;NA;NA;NA;NA;NA;NA;NA;NA;NA;NA;NA;103;548
2022-03-17;"0-60";40;40;40;40;40;40;40;40;40;40;40;40;219;219;219;219;219;219;219;219;219;219;219;219;1;1;1;1;1;1;1;1;1;1;1;38;208
2022-03-17;"60+";52;52;52;52;52;52;52;52;52;52;52;52;346;346;346;346;346;346;346;346;346;346;346;346;1;1;1;1;1;1;1;1;1;1;1;50;325
2022-03-17;"alle";92;92;92;92;92;92;92;92;92;92;92;92;565;565;565;565;565;565;565;565;565;565;565;565;NA;NA;NA;NA;NA;NA;NA;NA;NA;NA;NA;88;535
2022-03-16;"0-60";35;35;35;35;35;35;35;35;35;35;35;35;225;225;225;225;225;225;225;225;225;225;225;225;1;1;1;1;1;1;1;1;1;1;1;35;214
2022-03-16;"60+";75;75;75;75;75;75;75;75;75;75;75;75;350;350;350;350;350;350;350;350;350;350;350;350;1;1;1;1;1;1;1;1;1;1;1;72;326
2022-03-16;"alle";110;110;110;110;110;110;110;110;110;110;110;110;575;575;575;575;575;575;575;575;575;575;575;575;NA;NA;NA;NA;NA;NA;NA;NA;NA;NA;NA;108;542
2022-03-15;"0-60";50;50;50;50;50;50;50;50;50;50;50;50;230;230;230;230;230;230;230;230;230;230;230;230;1;1;1;1;1;1;1;1;1;1;1;48;218
2022-03-15;"60+";68;68;68;68;68;68;68;68;68;68;68;68;347;347;347;347;347;347;347;347;347;347;347;347;1;1;1;1;1;1;1;1;1;1;1;63;323
2022-03-15;"alle";118;118;118;118;118;118;118;118;118;118;118;118;577;577;577;577;577;577;577;577;577;577;577;577;NA;NA;NA;NA;NA;NA;NA;NA;NA;NA;NA;111;542
2022-03-14;"0-60";15;15;15;15;15;15;15;15;15;15;15;15;204;204;204;204;204;204;204;204;204;204;204;204;1;1;1;1;1;1;1;1;1;1;1;15;194
2022-03-14;"60+";15;15;15;15;15;15;15;15;15;15;15;15;332;332;332;332;332;332;332;332;332;332;332;332;1;1;1;1;1;1;1;1;1;1;1;14;309
2022-03-14;"alle";30;30;30;30;30;30;30;30;30;30;30;30;536;536;536;536;536;536;536;536;536;536;536;536;NA;NA;NA;NA;NA;NA;NA;NA;NA;NA;NA;30;504
2022-03-13;"0-60";14;14;14;14;14;14;14;14;14;14;14;14;202;202;202;202;202;202;202;202;202;202;202;202;1;1;1;1;1;1;1;1;1;1;1;14;192
2022-03-13;"60+";26;26;26;26;26;26;26;26;26;26;26;26;333;333;333;333;333;333;333;333;333;333;333;333;1;1;1;1;1;1;1;1;1;1;1;24;309
2022-03-13;"alle";40;40;40;40;40;40;40;40;40;40;40;40;535;535;535;535;535;535;535;535;535;535;535;535;NA;NA;NA;NA;NA;NA;NA;NA;NA;NA;NA;38;501
2022-03-12;"0-60";31;31;31;31;31;31;31;31;31;31;31;31;198;198;198;198;198;198;198;198;198;198;198;198;1;1;1;1;1;1;1;1;1;1;1;28;187
2022-03-12;"60+";49;49;49;49;49;49;49;49;49;49;49;49;331;331;331;331;331;331;331;331;331;331;331;331;1;1;1;1;1;1;1;1;1;1;1;42;307
2022-03-12;"alle";80;80;80;80;80;80;80;80;80;80;80;80;529;529;529;529;529;529;529;529;529;529;529;529;NA;NA;NA;NA;NA;NA;NA;NA;NA;NA;NA;70;494
2022-03-11;"0-60";34;34;34;34;34;34;34;34;34;34;34;34;184;184;184;184;184;184;184;184;184;184;184;184;1;1;1;1;1;1;1;1;1;1;1;30;176
2022-03-11;"60+";61;61;61;61;61;61;61;61;61;61;61;61;320;320;320;320;320;320;320;320;320;320;320;320;1;1;1;1;1;1;1;1;1;1;1;60;298
2022-03-11;"alle";95;95;95;95;95;95;95;95;95;95;95;95;504;504;504;504;504;504;504;504;504;504;504;504;NA;NA;NA;NA;NA;NA;NA;NA;NA;NA;NA;90;474
2022-03-10;"0-60";46;46;46;46;46;46;46;46;46;46;46;46;175;175;175;175;175;175;175;175;175;175;175;175;1;1;1;1;1;1;1;1;1;1;1;44;168
2022-03-10;"60+";56;56;56;56;56;56;56;56;56;56;56;56;297;297;297;297;297;297;297;297;297;297;297;297;1;1;1;1;1;1;1;1;1;1;1;51;270
2022-03-10;"alle";102;102;102;102;102;102;102;102;102;102;102;102;472;472;472;472;472;472;472;472;472;472;472;472;NA;NA;NA;NA;NA;NA;NA;NA;NA;NA;NA;95;438
2022-03-09;"0-60";40;40;40;40;40;40;40;40;40;40;40;40;165;165;165;165;165;165;165;165;165;165;165;165;1;1;1;1;1;1;1;1;1;1;1;39;154
2022-03-09;"60+";72;72;72;72;72;72;72;72;72;72;72;72;304;304;304;304;304;304;304;304;304;304;304;304;1;1;1;1;1;1;1;1;1;1;1;69;279
2022-03-09;"alle";112;112;112;112;112;112;112;112;112;112;112;112;469;469;469;469;469;469;469;469;469;469;469;469;NA;NA;NA;NA;NA;NA;NA;NA;NA;NA;NA;108;433
2022-03-08;"0-60";24;24;24;24;24;24;24;24;24;24;24;24;161;161;161;161;161;161;161;161;161;161;161;161;1;1;1;1;1;1;1;1;1;1;1;24;138
2022-03-08;"60+";53;53;53;53;53;53;53;53;53;53;53;53;292;292;292;292;292;292;292;292;292;292;292;292;1;1;1;1;1;1;1;1;1;1;1;49;261
2022-03-08;"alle";77;77;77;77;77;77;77;77;77;77;77;77;453;453;453;453;453;453;453;453;453;453;453;453;NA;NA;NA;NA;NA;NA;NA;NA;NA;NA;NA;73;399
2022-03-07;"0-60";13;13;13;13;13;13;13;13;13;13;13;13;165;165;165;165;165;165;165;165;165;165;165;165;1;1;1;1;1;1;1;1;1;1;1;13;142
2022-03-07;"60+";16;16;16;16;16;16;16;16;16;16;16;16;306;306;306;306;306;306;306;306;306;306;306;306;1;1;1;1;1;1;1;1;1;1;1;14;276
2022-03-07;"alle";29;29;29;29;29;29;29;29;29;29;29;29;471;471;471;471;471;471;471;471;471;471;471;471;NA;NA;NA;NA;NA;NA;NA;NA;NA;NA;NA;27;418
2022-03-06;"0-60";10;10;10;10;10;10;10;10;10;10;10;10;163;163;163;163;163;163;163;163;163;163;163;163;1;1;1;1;1;1;1;1;1;1;1;9;138
2022-03-06;"60+";24;24;24;24;24;24;24;24;24;24;24;24;313;313;313;313;313;313;313;313;313;313;313;313;1;1;1;1;1;1;1;1;1;1;1;22;285
2022-03-06;"alle";34;34;34;34;34;34;34;34;34;34;34;34;476;476;476;476;476;476;476;476;476;476;476;476;NA;NA;NA;NA;NA;NA;NA;NA;NA;NA;NA;31;423
2022-03-05;"0-60";17;17;17;17;17;17;17;17;17;17;17;17;178;178;178;178;178;178;178;178;178;178;178;178;1;1;1;1;1;1;1;1;1;1;1;17;149
2022-03-05;"60+";38;38;38;38;38;38;38;38;38;38;38;38;312;312;312;312;312;312;312;312;312;312;312;312;1;1;1;1;1;1;1;1;1;1;1;33;284
2022-03-05;"alle";55;55;55;55;55;55;55;55;55;55;55;55;490;490;490;490;490;490;490;490;490;490;490;490;NA;NA;NA;NA;NA;NA;NA;NA;NA;NA;NA;50;433
2022-03-04;"0-60";25;25;25;25;25;25;25;25;25;25;25;25;187;187;187;187;187;187;187;187;187;187;187;187;1;1;1;1;1;1;1;1;1;1;1;22;153
2022-03-04;"60+";38;38;38;38;38;38;38;38;38;38;38;38;324;324;324;324;324;324;324;324;324;324;324;324;1;1;1;1;1;1;1;1;1;1;1;32;297
2022-03-04;"alle";63;63;63;63;63;63;63;63;63;63;63;63;511;511;511;511;511;511;511;511;511;511;511;511;NA;NA;NA;NA;NA;NA;NA;NA;NA;NA;NA;54;450
2022-03-03;"0-60";36;36;36;36;36;36;36;36;36;36;36;36;185;185;185;185;185;185;185;185;185;185;185;185;1;1;1;1;1;1;1;1;1;1;1;30;149
2022-03-03;"60+";63;63;63;63;63;63;63;63;63;63;63;63;334;334;334;334;334;334;334;334;334;334;334;334;1;1;1;1;1;1;1;1;1;1;1;60;308
2022-03-03;"alle";99;99;99;99;99;99;99;99;99;99;99;99;519;519;519;519;519;519;519;519;519;519;519;519;NA;NA;NA;NA;NA;NA;NA;NA;NA;NA;NA;90;457
2022-03-02;"0-60";36;36;36;36;36;36;36;36;36;36;36;36;180;180;180;180;180;180;180;180;180;180;180;180;1;1;1;1;1;1;1;1;1;1;1;23;143
2022-03-02;"60+";60;60;60;60;60;60;60;60;60;60;60;60;329;329;329;329;329;329;329;329;329;329;329;329;1;1;1;1;1;1;1;1;1;1;1;51;301
2022-03-02;"alle";96;96;96;96;96;96;96;96;96;96;96;96;509;509;509;509;509;509;509;509;509;509;509;509;NA;NA;NA;NA;NA;NA;NA;NA;NA;NA;NA;74;444
2022-03-01;"0-60";28;28;28;28;28;28;28;28;28;28;28;28;184;184;184;184;184;184;184;184;184;184;184;184;1;1;1;1;1;1;1;1;1;1;1;28;149
2022-03-01;"60+";67;67;67;67;67;67;67;67;67;67;67;67;320;320;320;320;320;320;320;320;320;320;320;320;1;1;1;1;1;1;1;1;1;1;1;64;296
2022-03-01;"alle";95;95;95;95;95;95;95;95;95;95;95;95;504;504;504;504;504;504;504;504;504;504;504;504;NA;NA;NA;NA;NA;NA;NA;NA;NA;NA;NA;92;445
2022-02-28;"0-60";11;11;11;11;11;11;11;11;11;11;11;11;199;199;199;199;199;199;199;199;199;199;199;199;1;1;1;1;1;1;1;1;1;1;1;9;161
2022-02-28;"60+";23;23;23;23;23;23;23;23;23;23;23;23;318;318;318;318;318;318;318;318;318;318;318;318;1;1;1;1;1;1;1;1;1;1;1;23;293
2022-02-28;"alle";34;34;34;34;34;34;34;34;34;34;34;34;517;517;517;517;517;517;517;517;517;517;517;517;NA;NA;NA;NA;NA;NA;NA;NA;NA;NA;NA;32;454
2022-02-27;"0-60";25;25;25;25;25;25;25;25;25;25;25;25;207;207;207;207;207;207;207;207;207;207;207;207;1;1;1;1;1;1;1;1;1;1;1;20;167
2022-02-27;"60+";23;23;23;23;23;23;23;23;23;23;23;23;309;309;309;309;309;309;309;309;309;309;309;309;1;1;1;1;1;1;1;1;1;1;1;21;280
2022-02-27;"alle";48;48;48;48;48;48;48;48;48;48;48;48;516;516;516;516;516;516;516;516;516;516;516;516;NA;NA;NA;NA;NA;NA;NA;NA;NA;NA;NA;41;447
2022-02-26;"0-60";26;26;26;26;26;26;26;26;26;26;26;26;198;198;198;198;198;198;198;198;198;198;198;198;1;1;1;1;1;1;1;1;1;1;1;21;159
2022-02-26;"60+";50;50;50;50;50;50;50;50;50;50;50;50;304;304;304;304;304;304;304;304;304;304;304;304;1;1;1;1;1;1;1;1;1;1;1;46;276
2022-02-26;"alle";76;76;76;76;76;76;76;76;76;76;76;76;502;502;502;502;502;502;502;502;502;502;502;502;NA;NA;NA;NA;NA;NA;NA;NA;NA;NA;NA;67;435
2022-02-25;"0-60";23;23;23;23;23;23;23;23;23;23;23;23;213;213;213;213;213;213;213;213;213;213;213;213;1;1;1;1;1;1;1;1;1;1;1;18;172
2022-02-25;"60+";48;48;48;48;48;48;48;48;48;48;48;48;289;289;289;289;289;289;289;289;289;289;289;289;1;1;1;1;1;1;1;1;1;1;1;43;261
2022-02-25;"alle";71;71;71;71;71;71;71;71;71;71;71;71;502;502;502;502;502;502;502;502;502;502;502;502;NA;NA;NA;NA;NA;NA;NA;NA;NA;NA;NA;61;433
2022-02-24;"0-60";31;31;31;31;31;31;31;31;31;31;31;31;212;212;212;212;212;212;212;212;212;212;212;212;1;1;1;1;1;1;1;1;1;1;1;24;173
2022-02-24;"60+";58;58;58;58;58;58;58;58;58;58;58;58;281;281;281;281;281;281;281;281;281;281;281;281;1;1;1;1;1;1;1;1;1;1;1;53;254
2022-02-24;"alle";89;89;89;89;89;89;89;89;89;89;89;89;493;493;493;493;493;493;493;493;493;493;493;493;NA;NA;NA;NA;NA;NA;NA;NA;NA;NA;NA;77;427
2022-02-23;"0-60";40;40;40;40;40;40;40;40;40;40;40;40;213;213;213;213;213;213;213;213;213;213;213;213;1;1;1;1;1;1;1;1;1;1;1;29;175
2022-02-23;"60+";51;51;51;51;51;51;51;51;51;51;51;51;276;276;276;276;276;276;276;276;276;276;276;276;1;1;1;1;1;1;1;1;1;1;1;46;251
2022-02-23;"alle";91;91;91;91;91;91;91;91;91;91;91;91;489;489;489;489;489;489;489;489;489;489;489;489;NA;NA;NA;NA;NA;NA;NA;NA;NA;NA;NA;75;427
2022-02-22;"0-60";43;43;43;43;43;43;43;43;43;43;43;43;203;203;203;203;203;203;203;203;203;203;203;203;1;1;1;1;1;1;1;1;1;1;1;40;171
2022-02-22;"60+";65;65;65;65;65;65;65;65;65;65;65;65;273;273;273;273;273;273;273;273;273;273;273;273;1;1;1;1;1;1;1;1;1;1;1;61;247
2022-02-22;"alle";108;108;108;108;108;108;108;108;108;108;108;108;476;476;476;476;476;476;476;476;476;476;476;476;NA;NA;NA;NA;NA;NA;NA;NA;NA;NA;NA;101;419
2022-02-21;"0-60";19;19;19;19;19;19;19;19;19;19;19;19;204;204;204;204;204;204;204;204;204;204;204;204;1;1;1;1;1;1;1;1;1;1;1;15;171
2022-02-21;"60+";14;14;14;14;14;14;14;14;14;14;14;14;260;260;260;260;260;260;260;260;260;260;260;260;1;1;1;1;1;1;1;1;1;1;1;10;234
2022-02-21;"alle";33;33;33;33;33;33;33;33;33;33;33;33;464;464;464;464;464;464;464;464;464;464;464;464;NA;NA;NA;NA;NA;NA;NA;NA;NA;NA;NA;25;406
2022-02-20;"0-60";16;16;16;16;16;16;16;16;16;16;16;16;201;201;201;201;201;201;201;201;201;201;201;201;1;1;1;1;1;1;1;1;1;1;1;12;169
2022-02-20;"60+";18;18;18;18;18;18;18;18;18;18;18;18;265;265;265;265;265;265;265;265;265;265;265;265;1;1;1;1;1;1;1;1;1;1;1;17;242
2022-02-20;"alle";34;34;34;34;34;34;34;34;34;34;34;34;466;466;466;466;466;466;466;466;466;466;466;466;NA;NA;NA;NA;NA;NA;NA;NA;NA;NA;NA;29;412
2022-02-19;"0-60";41;41;41;41;41;41;41;41;41;41;41;41;205;205;205;205;205;205;205;205;205;205;205;205;1;1;1;1;1;1;1;1;1;1;1;34;173
2022-02-19;"60+";35;35;35;35;35;35;35;35;35;35;35;35;264;264;264;264;264;264;264;264;264;264;264;264;1;1;1;1;1;1;1;1;1;1;1;31;242
2022-02-19;"alle";76;76;76;76;76;76;76;76;76;76;76;76;469;469;469;469;469;469;469;469;469;469;469;469;NA;NA;NA;NA;NA;NA;NA;NA;NA;NA;NA;65;416
2022-02-18;"0-60";22;22;22;22;22;22;22;22;22;22;22;22;196;196;196;196;196;196;196;196;196;196;196;196;1;1;1;1;1;1;1;1;1;1;1;19;164
2022-02-18;"60+";40;40;40;40;40;40;40;40;40;40;40;40;266;266;266;266;266;266;266;266;266;266;266;266;1;1;1;1;1;1;1;1;1;1;1;36;247
2022-02-18;"alle";62;62;62;62;62;62;62;62;62;62;62;62;462;462;462;462;462;462;462;462;462;462;462;462;NA;NA;NA;NA;NA;NA;NA;NA;NA;NA;NA;55;412
2022-02-17;"0-60";32;32;32;32;32;32;32;32;32;32;32;32;200;200;200;200;200;200;200;200;200;200;200;200;1;1;1;1;1;1;1;1;1;1;1;26;164
2022-02-17;"60+";53;53;53;53;53;53;53;53;53;53;53;53;264;264;264;264;264;264;264;264;264;264;264;264;1;1;1;1;1;1;1;1;1;1;1;50;247
2022-02-17;"alle";85;85;85;85;85;85;85;85;85;85;85;85;464;464;464;464;464;464;464;464;464;464;464;464;NA;NA;NA;NA;NA;NA;NA;NA;NA;NA;NA;77;412
2022-02-16;"0-60";30;30;30;30;30;30;30;30;30;30;30;30;200;200;200;200;200;200;200;200;200;200;200;200;1;1;1;1;1;1;1;1;1;1;1;25;165
2022-02-16;"60+";48;48;48;48;48;48;48;48;48;48;48;48;252;252;252;252;252;252;252;252;252;252;252;252;1;1;1;1;1;1;1;1;1;1;1;42;233
2022-02-16;"alle";78;78;78;78;78;78;78;78;78;78;78;78;452;452;452;452;452;452;452;452;452;452;452;452;NA;NA;NA;NA;NA;NA;NA;NA;NA;NA;NA;67;398
2022-02-15;"0-60";44;44;44;44;44;44;44;44;44;44;44;44;207;207;207;207;207;207;207;207;207;207;207;207;1;1;1;1;1;1;1;1;1;1;1;40;171
2022-02-15;"60+";52;52;52;52;52;52;52;52;52;52;52;52;241;241;241;241;241;241;241;241;241;241;241;241;1;1;1;1;1;1;1;1;1;1;1;48;227
2022-02-15;"alle";96;96;96;96;96;96;96;96;96;96;96;96;448;448;448;448;448;448;448;448;448;448;448;448;NA;NA;NA;NA;NA;NA;NA;NA;NA;NA;NA;88;398
2022-02-14;"0-60";16;16;16;16;16;16;16;16;16;16;16;16;202;202;202;202;202;202;202;202;202;202;202;202;1;1;1;1;1;1;1;1;1;1;1;13;167
2022-02-14;"60+";19;19;19;19;19;19;19;19;19;19;19;19;232;232;232;232;232;232;232;232;232;232;232;232;1;1;1;1;1;1;1;1;1;1;1;18;221
2022-02-14;"alle";35;35;35;35;35;35;35;35;35;35;35;35;434;434;434;434;434;434;434;434;434;434;434;434;NA;NA;NA;NA;NA;NA;NA;NA;NA;NA;NA;31;388
2022-02-13;"0-60";20;20;20;20;20;20;20;20;20;20;20;20;198;198;198;198;198;198;198;198;198;198;198;198;1;1;1;1;1;1;1;1;1;1;1;16;166
2022-02-13;"60+";17;17;17;17;17;17;17;17;17;17;17;17;222;222;222;222;222;222;222;222;222;222;222;222;1;1;1;1;1;1;1;1;1;1;1;17;212
2022-02-13;"alle";37;37;37;37;37;37;37;37;37;37;37;37;420;420;420;420;420;420;420;420;420;420;420;420;NA;NA;NA;NA;NA;NA;NA;NA;NA;NA;NA;33;378
2022-02-12;"0-60";32;32;32;32;32;32;32;32;32;32;32;32;189;189;189;189;189;189;189;189;189;189;189;189;1;1;1;1;1;1;1;1;1;1;1;25;156
2022-02-12;"60+";37;37;37;37;37;37;37;37;37;37;37;37;219;219;219;219;219;219;219;219;219;219;219;219;1;1;1;1;1;1;1;1;1;1;1;36;206
2022-02-12;"alle";69;69;69;69;69;69;69;69;69;69;69;69;408;408;408;408;408;408;408;408;408;408;408;408;NA;NA;NA;NA;NA;NA;NA;NA;NA;NA;NA;61;362
2022-02-11;"0-60";26;26;26;26;26;26;26;26;26;26;26;26;180;180;180;180;180;180;180;180;180;180;180;180;1;1;1;1;1;1;1;1;1;1;1;19;150
2022-02-11;"60+";38;38;38;38;38;38;38;38;38;38;38;38;206;206;206;206;206;206;206;206;206;206;206;206;1;1;1;1;1;1;1;1;1;1;1;36;190
2022-02-11;"alle";64;64;64;64;64;64;64;64;64;64;64;64;386;386;386;386;386;386;386;386;386;386;386;386;NA;NA;NA;NA;NA;NA;NA;NA;NA;NA;NA;55;340
2022-02-10;"0-60";32;32;32;32;32;32;32;32;32;32;32;32;174;174;174;174;174;174;174;174;174;174;174;174;1;1;1;1;1;1;1;1;1;1;1;27;151
2022-02-10;"60+";41;41;41;41;41;41;41;41;41;41;41;41;197;197;197;197;197;197;197;197;197;197;197;197;1;1;1;1;1;1;1;1;1;1;1;36;178
2022-02-10;"alle";73;73;73;73;73;73;73;73;73;73;73;73;371;371;371;371;371;371;371;371;371;371;371;371;NA;NA;NA;NA;NA;NA;NA;NA;NA;NA;NA;63;329
2022-02-09;"0-60";37;37;37;37;37;37;37;37;37;37;37;37;178;178;178;178;178;178;178;178;178;178;178;178;1;1;1;1;1;1;1;1;1;1;1;31;159
2022-02-09;"60+";37;37;37;37;37;37;37;37;37;37;37;37;176;176;176;176;176;176;176;176;176;176;176;176;1;1;1;1;1;1;1;1;1;1;1;36;161
2022-02-09;"alle";74;74;74;74;74;74;74;74;74;74;74;74;354;354;354;354;354;354;354;354;354;354;354;354;NA;NA;NA;NA;NA;NA;NA;NA;NA;NA;NA;67;320
2022-02-08;"0-60";39;39;39;39;39;39;39;39;39;39;39;39;175;175;175;175;175;175;175;175;175;175;175;175;1;1;1;1;1;1;1;1;1;1;1;36;154
2022-02-08;"60+";43;43;43;43;43;43;43;43;43;43;43;43;176;176;176;176;176;176;176;176;176;176;176;176;1;1;1;1;1;1;1;1;1;1;1;42;156
2022-02-08;"alle";82;82;82;82;82;82;82;82;82;82;82;82;351;351;351;351;351;351;351;351;351;351;351;351;NA;NA;NA;NA;NA;NA;NA;NA;NA;NA;NA;78;310
2022-02-07;"0-60";12;12;12;12;12;12;12;12;12;12;12;12;164;164;164;164;164;164;164;164;164;164;164;164;1;1;1;1;1;1;1;1;1;1;1;12;142
2022-02-07;"60+";9;9;9;9;9;9;9;9;9;9;9;9;159;159;159;159;159;159;159;159;159;159;159;159;1;1;1;1;1;1;1;1;1;1;1;9;140
2022-02-07;"alle";21;21;21;21;21;21;21;21;21;21;21;21;323;323;323;323;323;323;323;323;323;323;323;323;NA;NA;NA;NA;NA;NA;NA;NA;NA;NA;NA;21;282
2022-02-06;"0-60";11;11;11;11;11;11;11;11;11;11;11;11;163;163;163;163;163;163;163;163;163;163;163;163;1;1;1;1;1;1;1;1;1;1;1;6;139
2022-02-06;"60+";14;14;14;14;14;14;14;14;14;14;14;14;157;157;157;157;157;157;157;157;157;157;157;157;1;1;1;1;1;1;1;1;1;1;1;11;137
2022-02-06;"alle";25;25;25;25;25;25;25;25;25;25;25;25;320;320;320;320;320;320;320;320;320;320;320;320;NA;NA;NA;NA;NA;NA;NA;NA;NA;NA;NA;17;276
2022-02-05;"0-60";23;23;23;23;23;23;23;23;23;23;23;23;163;163;163;163;163;163;163;163;163;163;163;163;1;1;1;1;1;1;1;1;1;1;1;19;143
2022-02-05;"60+";24;24;24;24;24;24;24;24;24;24;24;24;153;153;153;153;153;153;153;153;153;153;153;153;1;1;1;1;1;1;1;1;1;1;1;20;136
2022-02-05;"alle";47;47;47;47;47;47;47;47;47;47;47;47;316;316;316;316;316;316;316;316;316;316;316;316;NA;NA;NA;NA;NA;NA;NA;NA;NA;NA;NA;39;279
2022-02-04;"0-60";20;20;20;20;20;20;20;20;20;20;20;20;160;160;160;160;160;160;160;160;160;160;160;160;1;1;1;1;1;1;1;1;1;1;1;20;144
2022-02-04;"60+";29;29;29;29;29;29;29;29;29;29;29;29;147;147;147;147;147;147;147;147;147;147;147;147;1;1;1;1;1;1;1;1;1;1;1;24;132
2022-02-04;"alle";49;49;49;49;49;49;49;49;49;49;49;49;307;307;307;307;307;307;307;307;307;307;307;307;NA;NA;NA;NA;NA;NA;NA;NA;NA;NA;NA;44;276
2022-02-03;"0-60";36;36;36;36;36;36;36;36;36;36;36;36;152;152;152;152;152;152;152;152;152;152;152;152;1;1;1;1;1;1;1;1;1;1;1;35;136
2022-02-03;"60+";20;20;20;20;20;20;20;20;20;20;20;20;132;132;132;132;132;132;132;132;132;132;132;132;1;1;1;1;1;1;1;1;1;1;1;19;122
2022-02-03;"alle";56;56;56;56;56;56;56;56;56;56;56;56;284;284;284;284;284;284;284;284;284;284;284;284;NA;NA;NA;NA;NA;NA;NA;NA;NA;NA;NA;54;258
2022-02-02;"0-60";34;34;34;34;34;34;34;34;34;34;34;34;141;141;141;141;141;141;141;141;141;141;141;141;1;1;1;1;1;1;1;1;1;1;1;26;125
2022-02-02;"60+";37;37;37;37;37;37;37;37;37;37;37;37;130;130;130;130;130;130;130;130;130;130;130;130;1;1;1;1;1;1;1;1;1;1;1;31;120
2022-02-02;"alle";71;71;71;71;71;71;71;71;71;71;71;71;271;271;271;271;271;271;271;271;271;271;271;271;NA;NA;NA;NA;NA;NA;NA;NA;NA;NA;NA;57;245
2022-02-01;"0-60";28;28;28;28;28;28;28;28;28;28;28;28;127;127;127;127;127;127;127;127;127;127;127;127;1;1;1;1;1;1;1;1;1;1;1;24;119
2022-02-01;"60+";26;26;26;26;26;26;26;26;26;26;26;26;116;116;116;116;116;116;116;116;116;116;116;116;1;1;1;1;1;1;1;1;1;1;1;26;112
2022-02-01;"alle";54;54;54;54;54;54;54;54;54;54;54;54;243;243;243;243;243;243;243;243;243;243;243;243;NA;NA;NA;NA;NA;NA;NA;NA;NA;NA;NA;50;231
2022-01-31;"0-60";11;11;11;11;11;11;11;11;11;11;11;11;120;120;120;120;120;120;120;120;120;120;120;120;1;1;1;1;1;1;1;1;1;1;1;9;115
2022-01-31;"60+";7;7;7;7;7;7;7;7;7;7;7;7;116;116;116;116;116;116;116;116;116;116;116;116;1;1;1;1;1;1;1;1;1;1;1;6;112
2022-01-31;"alle";18;18;18;18;18;18;18;18;18;18;18;18;236;236;236;236;236;236;236;236;236;236;236;236;NA;NA;NA;NA;NA;NA;NA;NA;NA;NA;NA;15;227
2022-01-30;"0-60";11;11;11;11;11;11;11;11;11;11;11;11;118;118;118;118;118;118;118;118;118;118;118;118;1;1;1;1;1;1;1;1;1;1;1;10;115
2022-01-30;"60+";10;10;10;10;10;10;10;10;10;10;10;10;113;113;113;113;113;113;113;113;113;113;113;113;1;1;1;1;1;1;1;1;1;1;1;10;110
2022-01-30;"alle";21;21;21;21;21;21;21;21;21;21;21;21;231;231;231;231;231;231;231;231;231;231;231;231;NA;NA;NA;NA;NA;NA;NA;NA;NA;NA;NA;20;225
2022-01-29;"0-60";20;20;20;20;20;20;20;20;20;20;20;20;115;115;115;115;115;115;115;115;115;115;115;115;1;1;1;1;1;1;1;1;1;1;1;20;112
2022-01-29;"60+";18;18;18;18;18;18;18;18;18;18;18;18;113;113;113;113;113;113;113;113;113;113;113;113;1;1;1;1;1;1;1;1;1;1;1;16;110
2022-01-29;"alle";38;38;38;38;38;38;38;38;38;38;38;38;228;228;228;228;228;228;228;228;228;228;228;228;NA;NA;NA;NA;NA;NA;NA;NA;NA;NA;NA;36;222
2022-01-28;"0-60";12;12;12;12;12;12;12;12;12;12;12;12;116;116;116;116;116;116;116;116;116;116;116;116;1;1;1;1;1;1;1;1;1;1;1;12;113
2022-01-28;"60+";14;14;14;14;14;14;14;14;14;14;14;14;107;107;107;107;107;107;107;107;107;107;107;107;1;1;1;1;1;1;1;1;1;1;1;14;106
2022-01-28;"alle";26;26;26;26;26;26;26;26;26;26;26;26;223;223;223;223;223;223;223;223;223;223;223;223;NA;NA;NA;NA;NA;NA;NA;NA;NA;NA;NA;26;219
2022-01-27;"0-60";25;25;25;25;25;25;25;25;25;25;25;25;120;120;120;120;120;120;120;120;120;120;120;120;1;1;1;1;1;1;1;1;1;1;1;24;117
2022-01-27;"60+";18;18;18;18;18;18;18;18;18;18;18;18;108;108;108;108;108;108;108;108;108;108;108;108;1;1;1;1;1;1;1;1;1;1;1;17;107
2022-01-27;"alle";43;43;43;43;43;43;43;43;43;43;43;43;228;228;228;228;228;228;228;228;228;228;228;228;NA;NA;NA;NA;NA;NA;NA;NA;NA;NA;NA;41;224
2022-01-26;"0-60";20;20;20;20;20;20;20;20;20;20;20;20;110;110;110;110;110;110;110;110;110;110;110;110;1;1;1;1;1;1;1;1;1;1;1;20;108
2022-01-26;"60+";23;23;23;23;23;23;23;23;23;23;23;23;110;110;110;110;110;110;110;110;110;110;110;110;1;1;1;1;1;1;1;1;1;1;1;23;109
2022-01-26;"alle";43;43;43;43;43;43;43;43;43;43;43;43;220;220;220;220;220;220;220;220;220;220;220;220;NA;NA;NA;NA;NA;NA;NA;NA;NA;NA;NA;43;217
2022-01-25;"0-60";21;21;21;21;21;21;21;21;21;21;21;21;115;115;115;115;115;115;115;115;115;115;115;115;1;1;1;1;1;1;1;1;1;1;1;20;113
2022-01-25;"60+";26;26;26;26;26;26;26;26;26;26;26;26;104;104;104;104;104;104;104;104;104;104;104;104;1;1;1;1;1;1;1;1;1;1;1;26;100
2022-01-25;"alle";47;47;47;47;47;47;47;47;47;47;47;47;219;219;219;219;219;219;219;219;219;219;219;219;NA;NA;NA;NA;NA;NA;NA;NA;NA;NA;NA;46;213
2022-01-24;"0-60";9;9;9;9;9;9;9;9;9;9;9;9;106;106;106;106;106;106;106;106;106;106;106;106;1;1;1;1;1;1;1;1;1;1;1;9;104
2022-01-24;"60+";4;4;4;4;4;4;4;4;4;4;4;4;102;102;102;102;102;102;102;102;102;102;102;102;1;1;1;1;1;1;1;1;1;1;1;4;97
2022-01-24;"alle";13;13;13;13;13;13;13;13;13;13;13;13;208;208;208;208;208;208;208;208;208;208;208;208;NA;NA;NA;NA;NA;NA;NA;NA;NA;NA;NA;13;201
2022-01-23;"0-60";8;8;8;8;8;8;8;8;8;8;8;8;101;101;101;101;101;101;101;101;101;101;101;101;1;1;1;1;1;1;1;1;1;1;1;7;99
2022-01-23;"60+";10;10;10;10;10;10;10;10;10;10;10;10;103;103;103;103;103;103;103;103;103;103;103;103;1;1;1;1;1;1;1;1;1;1;1;10;98
2022-01-23;"alle";18;18;18;18;18;18;18;18;18;18;18;18;204;204;204;204;204;204;204;204;204;204;204;204;NA;NA;NA;NA;NA;NA;NA;NA;NA;NA;NA;17;197
2022-01-22;"0-60";21;21;21;21;21;21;21;21;21;21;21;21;96;96;96;96;96;96;96;96;96;96;96;96;1;1;1;1;1;1;1;1;1;1;1;21;95
2022-01-22;"60+";12;12;12;12;12;12;12;12;12;12;12;12;97;97;97;97;97;97;97;97;97;97;97;97;1;1;1;1;1;1;1;1;1;1;1;12;92
2022-01-22;"alle";33;33;33;33;33;33;33;33;33;33;33;33;193;193;193;193;193;193;193;193;193;193;193;193;NA;NA;NA;NA;NA;NA;NA;NA;NA;NA;NA;33;187
2022-01-21;"0-60";16;16;16;16;16;16;16;16;16;16;16;16;86;86;86;86;86;86;86;86;86;86;86;86;1;1;1;1;1;1;1;1;1;1;1;16;84
2022-01-21;"60+";15;15;15;15;15;15;15;15;15;15;15;15;99;99;99;99;99;99;99;99;99;99;99;99;1;1;1;1;1;1;1;1;1;1;1;15;94
2022-01-21;"alle";31;31;31;31;31;31;31;31;31;31;31;31;185;185;185;185;185;185;185;185;185;185;185;185;NA;NA;NA;NA;NA;NA;NA;NA;NA;NA;NA;31;178
2022-01-20;"0-60";15;15;15;15;15;15;15;15;15;15;15;15;76;76;76;76;76;76;76;76;76;76;76;76;1;1;1;1;1;1;1;1;1;1;1;15;73
2022-01-20;"60+";20;20;20;20;20;20;20;20;20;20;20;20;99;99;99;99;99;99;99;99;99;99;99;99;1;1;1;1;1;1;1;1;1;1;1;19;92
2022-01-20;"alle";35;35;35;35;35;35;35;35;35;35;35;35;175;175;175;175;175;175;175;175;175;175;175;175;NA;NA;NA;NA;NA;NA;NA;NA;NA;NA;NA;34;165
2022-01-19;"0-60";25;25;25;25;25;25;25;25;25;25;25;25;68;68;68;68;68;68;68;68;68;68;68;68;1;1;1;1;1;1;1;1;1;1;1;25;62
2022-01-19;"60+";17;17;17;17;17;17;17;17;17;17;17;17;100;100;100;100;100;100;100;100;100;100;100;100;1;1;1;1;1;1;1;1;1;1;1;14;94
2022-01-19;"alle";42;42;42;42;42;42;42;42;42;42;42;42;168;168;168;168;168;168;168;168;168;168;168;168;NA;NA;NA;NA;NA;NA;NA;NA;NA;NA;NA;39;156
2022-01-18;"0-60";12;12;12;12;12;12;12;12;12;12;12;12;54;54;54;54;54;54;54;54;54;54;54;54;1;1;1;1;1;1;1;1;1;1;1;11;47
2022-01-18;"60+";24;24;24;24;24;24;24;24;24;24;24;24;103;103;103;103;103;103;103;103;103;103;103;103;1;1;1;1;1;1;1;1;1;1;1;23;98
2022-01-18;"alle";36;36;36;36;36;36;36;36;36;36;36;36;157;157;157;157;157;157;157;157;157;157;157;157;NA;NA;NA;NA;NA;NA;NA;NA;NA;NA;NA;34;145
2022-01-17;"0-60";4;4;4;4;4;4;4;4;4;4;4;4;55;55;55;55;55;55;55;55;55;55;55;55;1;1;1;1;1;1;1;1;1;1;1;4;48
2022-01-17;"60+";5;5;5;5;5;5;5;5;5;5;5;5;115;115;115;115;115;115;115;115;115;115;115;115;1;1;1;1;1;1;1;1;1;1;1;5;109
2022-01-17;"alle";9;9;9;9;9;9;9;9;9;9;9;9;170;170;170;170;170;170;170;170;170;170;170;170;NA;NA;NA;NA;NA;NA;NA;NA;NA;NA;NA;9;157
2022-01-16;"0-60";3;3;3;3;3;3;3;3;3;3;3;3;57;57;57;57;57;57;57;57;57;57;57;57;1;1;1;1;1;1;1;1;1;1;1;3;50
2022-01-16;"60+";4;4;4;4;4;4;4;4;4;4;4;4;121;121;121;121;121;121;121;121;121;121;121;121;1;1;1;1;1;1;1;1;1;1;1;4;113
2022-01-16;"alle";7;7;7;7;7;7;7;7;7;7;7;7;178;178;178;178;178;178;178;178;178;178;178;178;NA;NA;NA;NA;NA;NA;NA;NA;NA;NA;NA;7;164
2022-01-15;"0-60";11;11;11;11;11;11;11;11;11;11;11;11;60;60;60;60;60;60;60;60;60;60;60;60;1;1;1;1;1;1;1;1;1;1;1;10;52
2022-01-15;"60+";14;14;14;14;14;14;14;14;14;14;14;14;130;130;130;130;130;130;130;130;130;130;130;130;1;1;1;1;1;1;1;1;1;1;1;14;122
2022-01-15;"alle";25;25;25;25;25;25;25;25;25;25;25;25;190;190;190;190;190;190;190;190;190;190;190;190;NA;NA;NA;NA;NA;NA;NA;NA;NA;NA;NA;24;175
2022-01-14;"0-60";6;6;6;6;6;6;6;6;6;6;6;6;55;55;55;55;55;55;55;55;55;55;55;55;1;1;1;1;1;1;1;1;1;1;1;5;47
2022-01-14;"60+";15;15;15;15;15;15;15;15;15;15;15;15;140;140;140;140;140;140;140;140;140;140;140;140;1;1;1;1;1;1;1;1;1;1;1;13;130
2022-01-14;"alle";21;21;21;21;21;21;21;21;21;21;21;21;195;195;195;195;195;195;195;195;195;195;195;195;NA;NA;NA;NA;NA;NA;NA;NA;NA;NA;NA;18;178
2022-01-13;"0-60";7;7;7;7;7;7;7;7;7;7;7;7;64;64;64;64;64;64;64;64;64;64;64;64;1;1;1;1;1;1;1;1;1;1;1;4;57
2022-01-13;"60+";21;21;21;21;21;21;21;21;21;21;21;21;164;164;164;164;164;164;164;164;164;164;164;164;1;1;1;1;1;1;1;1;1;1;1;21;150
2022-01-13;"alle";28;28;28;28;28;28;28;28;28;28;28;28;228;228;228;228;228;228;228;228;228;228;228;228;NA;NA;NA;NA;NA;NA;NA;NA;NA;NA;NA;25;208
2022-01-12;"0-60";11;11;11;11;11;11;11;11;11;11;11;11;74;74;74;74;74;74;74;74;74;74;74;74;1;1;1;1;1;1;1;1;1;1;1;10;67
2022-01-12;"60+";20;20;20;20;20;20;20;20;20;20;20;20;191;191;191;191;191;191;191;191;191;191;191;191;1;1;1;1;1;1;1;1;1;1;1;18;169
2022-01-12;"alle";31;31;31;31;31;31;31;31;31;31;31;31;265;265;265;265;265;265;265;265;265;265;265;265;NA;NA;NA;NA;NA;NA;NA;NA;NA;NA;NA;28;237
2022-01-11;"0-60";13;13;13;13;13;13;13;13;13;13;13;13;90;90;90;90;90;90;90;90;90;90;90;90;1;1;1;1;1;1;1;1;1;1;1;12;81
2022-01-11;"60+";36;36;36;36;36;36;36;36;36;36;36;36;227;227;227;227;227;227;227;227;227;227;227;227;1;1;1;1;1;1;1;1;1;1;1;34;202
2022-01-11;"alle";49;49;49;49;49;49;49;49;49;49;49;49;317;317;317;317;317;317;317;317;317;317;317;317;NA;NA;NA;NA;NA;NA;NA;NA;NA;NA;NA;46;284
2022-01-10;"0-60";6;6;6;6;6;6;6;6;6;6;6;6;113;113;113;113;113;113;113;113;113;113;113;113;1;1;1;1;1;1;1;1;1;1;1;6;99
2022-01-10;"60+";11;11;11;11;11;11;11;11;11;11;11;11;266;266;266;266;266;266;266;266;266;266;266;266;1;1;1;1;1;1;1;1;1;1;1;9;232
2022-01-10;"alle";17;17;17;17;17;17;17;17;17;17;17;17;379;379;379;379;379;379;379;379;379;379;379;379;NA;NA;NA;NA;NA;NA;NA;NA;NA;NA;NA;16;332
2022-01-09;"0-60";6;6;6;6;6;6;6;6;6;6;6;6;117;117;117;117;117;117;117;117;117;117;117;117;1;1;1;1;1;1;1;1;1;1;1;5;103
2022-01-09;"60+";13;13;13;13;13;13;13;13;13;13;13;13;271;271;271;271;271;271;271;271;271;271;271;271;1;1;1;1;1;1;1;1;1;1;1;13;237
2022-01-09;"alle";19;19;19;19;19;19;19;19;19;19;19;19;388;388;388;388;388;388;388;388;388;388;388;388;NA;NA;NA;NA;NA;NA;NA;NA;NA;NA;NA;18;340
2022-01-08;"0-60";6;6;6;6;6;6;6;6;6;6;6;6;123;123;123;123;123;123;123;123;123;123;123;123;1;1;1;1;1;1;1;1;1;1;1;5;110
2022-01-08;"60+";24;24;24;24;24;24;24;24;24;24;24;24;275;275;275;275;275;275;275;275;275;275;275;275;1;1;1;1;1;1;1;1;1;1;1;22;241
2022-01-08;"alle";30;30;30;30;30;30;30;30;30;30;30;30;398;398;398;398;398;398;398;398;398;398;398;398;NA;NA;NA;NA;NA;NA;NA;NA;NA;NA;NA;27;351
2022-01-07;"0-60";15;15;15;15;15;15;15;15;15;15;15;15;127;127;127;127;127;127;127;127;127;127;127;127;1;1;1;1;1;1;1;1;1;1;1;15;113
2022-01-07;"60+";39;39;39;39;39;39;39;39;39;39;39;39;279;279;279;279;279;279;279;279;279;279;279;279;1;1;1;1;1;1;1;1;1;1;1;33;242
2022-01-07;"alle";54;54;54;54;54;54;54;54;54;54;54;54;406;406;406;406;406;406;406;406;406;406;406;406;NA;NA;NA;NA;NA;NA;NA;NA;NA;NA;NA;48;355
2022-01-06;"0-60";17;17;17;17;17;17;17;17;17;17;17;17;130;130;130;130;130;130;130;130;130;130;130;130;1;1;1;1;1;1;1;1;1;1;1;14;115
2022-01-06;"60+";48;48;48;48;48;48;48;48;48;48;48;48;286;286;286;286;286;286;286;286;286;286;286;286;1;1;1;1;1;1;1;1;1;1;1;40;254
2022-01-06;"alle";65;65;65;65;65;65;65;65;65;65;65;65;416;416;416;416;416;416;416;416;416;416;416;416;NA;NA;NA;NA;NA;NA;NA;NA;NA;NA;NA;54;369
2022-01-05;"0-60";27;27;27;27;27;27;27;27;27;27;27;27;132;132;132;132;132;132;132;132;132;132;132;132;1;1;1;1;1;1;1;1;1;1;1;24;119
2022-01-05;"60+";56;56;56;56;56;56;56;56;56;56;56;56;283;283;283;283;283;283;283;283;283;283;283;283;1;1;1;1;1;1;1;1;1;1;1;51;256
2022-01-05;"alle";83;83;83;83;83;83;83;83;83;83;83;83;415;415;415;415;415;415;415;415;415;415;415;415;NA;NA;NA;NA;NA;NA;NA;NA;NA;NA;NA;75;375
2022-01-04;"0-60";36;36;36;36;36;36;36;36;36;36;36;36;130;130;130;130;130;130;130;130;130;130;130;130;1;1;1;1;1;1;1;1;1;1;1;30;116
2022-01-04;"60+";75;75;75;75;75;75;75;75;75;75;75;75;295;295;295;295;295;295;295;295;295;295;295;295;1;1;1;1;1;1;1;1;1;1;1;64;267
2022-01-04;"alle";111;111;111;111;111;111;111;111;111;111;111;111;425;425;425;425;425;425;425;425;425;425;425;425;NA;NA;NA;NA;NA;NA;NA;NA;NA;NA;NA;94;383
2022-01-03;"0-60";10;10;10;10;10;10;10;10;10;10;10;10;126;126;126;126;126;126;126;126;126;126;126;126;1;1;1;1;1;1;1;1;1;1;1;10;116
2022-01-03;"60+";16;16;16;16;16;16;16;16;16;16;16;16;285;285;285;285;285;285;285;285;285;285;285;285;1;1;1;1;1;1;1;1;1;1;1;14;264
2022-01-03;"alle";26;26;26;26;26;26;26;26;26;26;26;26;411;411;411;411;411;411;411;411;411;411;411;411;NA;NA;NA;NA;NA;NA;NA;NA;NA;NA;NA;24;380
2022-01-02;"0-60";12;12;12;12;12;12;12;12;12;12;12;12;126;126;126;126;126;126;126;126;126;126;126;126;1;1;1;1;1;1;1;1;1;1;1;12;114
2022-01-02;"60+";17;17;17;17;17;17;17;17;17;17;17;17;298;298;298;298;298;298;298;298;298;298;298;298;1;1;1;1;1;1;1;1;1;1;1;17;278
2022-01-02;"alle";29;29;29;29;29;29;29;29;29;29;29;29;424;424;424;424;424;424;424;424;424;424;424;424;NA;NA;NA;NA;NA;NA;NA;NA;NA;NA;NA;29;392
2022-01-01;"0-60";10;10;10;10;10;10;10;10;10;10;10;10;124;124;124;124;124;124;124;124;124;124;124;124;1;1;1;1;1;1;1;1;1;1;1;8;112
2022-01-01;"60+";28;28;28;28;28;28;28;28;28;28;28;28;297;297;297;297;297;297;297;297;297;297;297;297;1;1;1;1;1;1;1;1;1;1;1;23;276
2022-01-01;"alle";38;38;38;38;38;38;38;38;38;38;38;38;421;421;421;421;421;421;421;421;421;421;421;421;NA;NA;NA;NA;NA;NA;NA;NA;NA;NA;NA;31;388
2021-12-31;"0-60";18;18;18;18;18;18;18;18;18;18;18;18;126;126;126;126;126;126;126;126;126;126;126;126;1;1;1;1;1;1;1;1;1;1;1;17;116
2021-12-31;"60+";46;46;46;46;46;46;46;46;46;46;46;46;294;294;294;294;294;294;294;294;294;294;294;294;1;1;1;1;1;1;1;1;1;1;1;45;273
2021-12-31;"alle";64;64;64;64;64;64;64;64;64;64;64;64;420;420;420;420;420;420;420;420;420;420;420;420;NA;NA;NA;NA;NA;NA;NA;NA;NA;NA;NA;62;389
2021-12-30;"0-60";19;19;19;19;19;19;19;19;19;19;19;19;135;135;135;135;135;135;135;135;135;135;135;135;1;1;1;1;1;1;1;1;1;1;1;18;124
2021-12-30;"60+";45;45;45;45;45;45;45;45;45;45;45;45;299;299;299;299;299;299;299;299;299;299;299;299;1;1;1;1;1;1;1;1;1;1;1;42;275
2021-12-30;"alle";64;64;64;64;64;64;64;64;64;64;64;64;434;434;434;434;434;434;434;434;434;434;434;434;NA;NA;NA;NA;NA;NA;NA;NA;NA;NA;NA;60;400
2021-12-29;"0-60";25;25;25;25;25;25;25;25;25;25;25;25;149;149;149;149;149;149;149;149;149;149;149;149;1;1;1;1;1;1;1;1;1;1;1;21;136
2021-12-29;"60+";68;68;68;68;68;68;68;68;68;68;68;68;321;321;321;321;321;321;321;321;321;321;321;321;1;1;1;1;1;1;1;1;1;1;1;62;296
2021-12-29;"alle";93;93;93;93;93;93;93;93;93;93;93;93;470;470;470;470;470;470;470;470;470;470;470;470;NA;NA;NA;NA;NA;NA;NA;NA;NA;NA;NA;83;434
2021-12-28;"0-60";32;32;32;32;32;32;32;32;32;32;32;32;162;162;162;162;162;162;162;162;162;162;162;162;1;1;1;1;1;1;1;1;1;1;1;30;149
2021-12-28;"60+";65;65;65;65;65;65;65;65;65;65;65;65;369;369;369;369;369;369;369;369;369;369;369;369;1;1;1;1;1;1;1;1;1;1;1;61;343
2021-12-28;"alle";97;97;97;97;97;97;97;97;97;97;97;97;531;531;531;531;531;531;531;531;531;531;531;531;NA;NA;NA;NA;NA;NA;NA;NA;NA;NA;NA;91;494
2021-12-27;"0-60";10;10;10;10;10;10;10;10;10;10;10;10;167;167;167;167;167;167;167;167;167;167;167;167;1;1;1;1;1;1;1;1;1;1;1;8;154
2021-12-27;"60+";29;29;29;29;29;29;29;29;29;29;29;29;381;381;381;381;381;381;381;381;381;381;381;381;1;1;1;1;1;1;1;1;1;1;1;28;359
2021-12-27;"alle";39;39;39;39;39;39;39;39;39;39;39;39;548;548;548;548;548;548;548;548;548;548;548;548;NA;NA;NA;NA;NA;NA;NA;NA;NA;NA;NA;36;515
2021-12-26;"0-60";10;10;10;10;10;10;10;10;10;10;10;10;168;168;168;168;168;168;168;168;168;168;168;168;1;1;1;1;1;1;1;1;1;1;1;10;157
2021-12-26;"60+";16;16;16;16;16;16;16;16;16;16;16;16;382;382;382;382;382;382;382;382;382;382;382;382;1;1;1;1;1;1;1;1;1;1;1;15;360
2021-12-26;"alle";26;26;26;26;26;26;26;26;26;26;26;26;550;550;550;550;550;550;550;550;550;550;550;550;NA;NA;NA;NA;NA;NA;NA;NA;NA;NA;NA;25;520
2021-12-25;"0-60";12;12;12;12;12;12;12;12;12;12;12;12;180;180;180;180;180;180;180;180;180;180;180;180;1;1;1;1;1;1;1;1;1;1;1;12;168
2021-12-25;"60+";25;25;25;25;25;25;25;25;25;25;25;25;402;402;402;402;402;402;402;402;402;402;402;402;1;1;1;1;1;1;1;1;1;1;1;20;378
2021-12-25;"alle";37;37;37;37;37;37;37;37;37;37;37;37;582;582;582;582;582;582;582;582;582;582;582;582;NA;NA;NA;NA;NA;NA;NA;NA;NA;NA;NA;32;549
2021-12-24;"0-60";27;27;27;27;27;27;27;27;27;27;27;27;205;205;205;205;205;205;205;205;205;205;205;205;1;1;1;1;1;1;1;1;1;1;1;25;189
2021-12-24;"60+";51;51;51;51;51;51;51;51;51;51;51;51;452;452;452;452;452;452;452;452;452;452;452;452;1;1;1;1;1;1;1;1;1;1;1;47;432
2021-12-24;"alle";78;78;78;78;78;78;78;78;78;78;78;78;657;657;657;657;657;657;657;657;657;657;657;657;NA;NA;NA;NA;NA;NA;NA;NA;NA;NA;NA;73;624
2021-12-23;"0-60";33;33;33;33;33;33;33;33;33;33;33;33;207;207;207;207;207;207;207;207;207;207;207;207;1;1;1;1;1;1;1;1;1;1;1;30;188
2021-12-23;"60+";67;67;67;67;67;67;67;67;67;67;67;67;471;471;471;471;471;471;471;471;471;471;471;471;1;1;1;1;1;1;1;1;1;1;1;63;448
2021-12-23;"alle";100;100;100;100;100;100;100;100;100;100;100;100;678;678;678;678;678;678;678;678;678;678;678;678;NA;NA;NA;NA;NA;NA;NA;NA;NA;NA;NA;94;638
2021-12-22;"0-60";38;38;38;38;38;38;38;38;38;38;38;38;202;202;202;202;202;202;202;202;202;202;202;202;1;1;1;1;1;1;1;1;1;1;1;34;184
2021-12-22;"60+";116;116;116;116;116;116;116;116;116;116;116;116;526;526;526;526;526;526;526;526;526;526;526;526;1;1;1;1;1;1;1;1;1;1;1;109;499
2021-12-22;"alle";154;154;154;154;154;154;154;154;154;154;154;154;728;728;728;728;728;728;728;728;728;728;728;728;NA;NA;NA;NA;NA;NA;NA;NA;NA;NA;NA;143;684
2021-12-21;"0-60";37;37;37;37;37;37;37;37;37;37;37;37;219;219;219;219;219;219;219;219;219;219;219;219;1;1;1;1;1;1;1;1;1;1;1;35;200
2021-12-21;"60+";77;77;77;77;77;77;77;77;77;77;77;77;529;529;529;529;529;529;529;529;529;529;529;529;1;1;1;1;1;1;1;1;1;1;1;77;503
2021-12-21;"alle";114;114;114;114;114;114;114;114;114;114;114;114;748;748;748;748;748;748;748;748;748;748;748;748;NA;NA;NA;NA;NA;NA;NA;NA;NA;NA;NA;112;704
2021-12-20;"0-60";11;11;11;11;11;11;11;11;11;11;11;11;227;227;227;227;227;227;227;227;227;227;227;227;1;1;1;1;1;1;1;1;1;1;1;11;205
2021-12-20;"60+";30;30;30;30;30;30;30;30;30;30;30;30;550;550;550;550;550;550;550;550;550;550;550;550;1;1;1;1;1;1;1;1;1;1;1;29;516
2021-12-20;"alle";41;41;41;41;41;41;41;41;41;41;41;41;777;777;777;777;777;777;777;777;777;777;777;777;NA;NA;NA;NA;NA;NA;NA;NA;NA;NA;NA;41;722
2021-12-19;"0-60";22;22;22;22;22;22;22;22;22;22;22;22;232;232;232;232;232;232;232;232;232;232;232;232;1;1;1;1;1;1;1;1;1;1;1;21;209
2021-12-19;"60+";36;36;36;36;36;36;36;36;36;36;36;36;556;556;556;556;556;556;556;556;556;556;556;556;1;1;1;1;1;1;1;1;1;1;1;33;520
2021-12-19;"alle";58;58;58;58;58;58;58;58;58;58;58;58;788;788;788;788;788;788;788;788;788;788;788;788;NA;NA;NA;NA;NA;NA;NA;NA;NA;NA;NA;54;729
2021-12-18;"0-60";37;37;37;37;37;37;37;37;37;37;37;37;238;238;238;238;238;238;238;238;238;238;238;238;1;1;1;1;1;1;1;1;1;1;1;33;214
2021-12-18;"60+";75;75;75;75;75;75;75;75;75;75;75;75;578;578;578;578;578;578;578;578;578;578;578;578;1;1;1;1;1;1;1;1;1;1;1;74;542
2021-12-18;"alle";112;112;112;112;112;112;112;112;112;112;112;112;816;816;816;816;816;816;816;816;816;816;816;816;NA;NA;NA;NA;NA;NA;NA;NA;NA;NA;NA;107;756
2021-12-17;"0-60";29;29;29;29;29;29;29;29;29;29;29;29;254;254;254;254;254;254;254;254;254;254;254;254;1;1;1;1;1;1;1;1;1;1;1;24;229
2021-12-17;"60+";70;70;70;70;70;70;70;70;70;70;70;70;628;628;628;628;628;628;628;628;628;628;628;628;1;1;1;1;1;1;1;1;1;1;1;63;581
2021-12-17;"alle";99;99;99;99;99;99;99;99;99;99;99;99;882;882;882;882;882;882;882;882;882;882;882;882;NA;NA;NA;NA;NA;NA;NA;NA;NA;NA;NA;87;811
2021-12-16;"0-60";28;28;28;28;28;28;28;28;28;28;28;28;277;277;277;277;277;277;277;277;277;277;277;277;1;1;1;1;1;1;1;1;1;1;1;26;250
2021-12-16;"60+";122;122;122;122;122;122;122;122;122;122;122;122;658;658;658;658;658;658;658;658;658;658;658;658;1;1;1;1;1;1;1;1;1;1;1;114;608
2021-12-16;"alle";150;150;150;150;150;150;150;150;150;150;150;150;935;935;935;935;935;935;935;935;935;935;935;935;NA;NA;NA;NA;NA;NA;NA;NA;NA;NA;NA;140;859
2021-12-15;"0-60";55;55;55;55;55;55;55;55;55;55;55;55;293;293;293;293;293;293;293;293;293;293;293;293;1;1;1;1;1;1;1;1;1;1;1;50;259
2021-12-15;"60+";119;119;119;119;119;119;119;119;119;119;119;119;640;640;640;640;640;640;640;640;640;640;640;640;1;1;1;1;1;1;1;1;1;1;1;113;590
2021-12-15;"alle";174;174;174;174;174;174;174;174;174;174;174;174;933;933;933;933;933;933;933;933;933;933;933;933;NA;NA;NA;NA;NA;NA;NA;NA;NA;NA;NA;163;850
2021-12-14;"0-60";45;45;45;45;45;45;45;45;45;45;45;45;287;287;287;287;287;287;287;287;287;287;287;287;1;1;1;1;1;1;1;1;1;1;1;40;257
2021-12-14;"60+";98;98;98;98;98;98;98;98;98;98;98;98;641;641;641;641;641;641;641;641;641;641;641;641;1;1;1;1;1;1;1;1;1;1;1;90;591
2021-12-14;"alle";143;143;143;143;143;143;143;143;143;143;143;143;928;928;928;928;928;928;928;928;928;928;928;928;NA;NA;NA;NA;NA;NA;NA;NA;NA;NA;NA;130;849
2021-12-13;"0-60";16;16;16;16;16;16;16;16;16;16;16;16;305;305;305;305;305;305;305;305;305;305;305;305;1;1;1;1;1;1;1;1;1;1;1;15;275
2021-12-13;"60+";36;36;36;36;36;36;36;36;36;36;36;36;694;694;694;694;694;694;694;694;694;694;694;694;1;1;1;1;1;1;1;1;1;1;1;33;633
2021-12-13;"alle";52;52;52;52;52;52;52;52;52;52;52;52;999;999;999;999;999;999;999;999;999;999;999;999;NA;NA;NA;NA;NA;NA;NA;NA;NA;NA;NA;48;909
2021-12-12;"0-60";28;28;28;28;28;28;28;28;28;28;28;28;306;306;306;306;306;306;306;306;306;306;306;306;1;1;1;1;1;1;1;1;1;1;1;26;273
2021-12-12;"60+";58;58;58;58;58;58;58;58;58;58;58;58;726;726;726;726;726;726;726;726;726;726;726;726;1;1;1;1;1;1;1;1;1;1;1;55;658
2021-12-12;"alle";86;86;86;86;86;86;86;86;86;86;86;86;1032;1032;1032;1032;1032;1032;1032;1032;1032;1032;1032;1032;NA;NA;NA;NA;NA;NA;NA;NA;NA;NA;NA;81;934
2021-12-11;"0-60";53;53;53;53;53;53;53;53;53;53;53;53;308;308;308;308;308;308;308;308;308;308;308;308;1;1;1;1;1;1;1;1;1;1;1;48;276
2021-12-11;"60+";125;125;125;125;125;125;125;125;125;125;125;125;727;727;727;727;727;727;727;727;727;727;727;727;1;1;1;1;1;1;1;1;1;1;1;113;655
2021-12-11;"alle";178;178;178;178;178;178;178;178;178;178;178;178;1035;1035;1035;1035;1035;1035;1035;1035;1035;1035;1035;1035;NA;NA;NA;NA;NA;NA;NA;NA;NA;NA;NA;162;934
2021-12-10;"0-60";52;52;52;52;52;52;52;52;52;52;52;52;312;312;312;312;312;312;312;312;312;312;312;312;1;1;1;1;1;1;1;1;1;1;1;45;280
2021-12-10;"60+";100;100;100;100;100;100;100;100;100;100;100;100;741;741;741;741;741;741;741;741;741;741;741;741;1;1;1;1;1;1;1;1;1;1;1;90;662
2021-12-10;"alle";152;152;152;152;152;152;152;152;152;152;152;152;1053;1053;1053;1053;1053;1053;1053;1053;1053;1053;1053;1053;NA;NA;NA;NA;NA;NA;NA;NA;NA;NA;NA;135;944
2021-12-09;"0-60";44;44;44;44;44;44;44;44;44;44;44;44;306;306;306;306;306;306;306;306;306;306;306;306;1;1;1;1;1;1;1;1;1;1;1;35;275
2021-12-09;"60+";104;104;104;104;104;104;104;104;104;104;104;104;744;744;744;744;744;744;744;744;744;744;744;744;1;1;1;1;1;1;1;1;1;1;1;96;666
2021-12-09;"alle";148;148;148;148;148;148;148;148;148;148;148;148;1050;1050;1050;1050;1050;1050;1050;1050;1050;1050;1050;1050;NA;NA;NA;NA;NA;NA;NA;NA;NA;NA;NA;131;944
2021-12-08;"0-60";49;49;49;49;49;49;49;49;49;49;49;49;315;315;315;315;315;315;315;315;315;315;315;315;1;1;1;1;1;1;1;1;1;1;1;48;287
2021-12-08;"60+";120;120;120;120;120;120;120;120;120;120;120;120;752;752;752;752;752;752;752;752;752;752;752;752;1;1;1;1;1;1;1;1;1;1;1;114;674
2021-12-08;"alle";169;169;169;169;169;169;169;169;169;169;169;169;1067;1067;1067;1067;1067;1067;1067;1067;1067;1067;1067;1067;NA;NA;NA;NA;NA;NA;NA;NA;NA;NA;NA;162;964
2021-12-07;"0-60";63;63;63;63;63;63;63;63;63;63;63;63;307;307;307;307;307;307;307;307;307;307;307;307;1;1;1;1;1;1;1;1;1;1;1;58;276
2021-12-07;"60+";151;151;151;151;151;151;151;151;151;151;151;151;745;745;745;745;745;745;745;745;745;745;745;745;1;1;1;1;1;1;1;1;1;1;1;132;666
2021-12-07;"alle";214;214;214;214;214;214;214;214;214;214;214;214;1052;1052;1052;1052;1052;1052;1052;1052;1052;1052;1052;1052;NA;NA;NA;NA;NA;NA;NA;NA;NA;NA;NA;190;945
2021-12-06;"0-60";17;17;17;17;17;17;17;17;17;17;17;17;293;293;293;293;293;293;293;293;293;293;293;293;1;1;1;1;1;1;1;1;1;1;1;13;262
2021-12-06;"60+";68;68;68;68;68;68;68;68;68;68;68;68;701;701;701;701;701;701;701;701;701;701;701;701;1;1;1;1;1;1;1;1;1;1;1;58;632
2021-12-06;"alle";85;85;85;85;85;85;85;85;85;85;85;85;994;994;994;994;994;994;994;994;994;994;994;994;NA;NA;NA;NA;NA;NA;NA;NA;NA;NA;NA;73;897
2021-12-05;"0-60";30;30;30;30;30;30;30;30;30;30;30;30;295;295;295;295;295;295;295;295;295;295;295;295;1;1;1;1;1;1;1;1;1;1;1;29;263
2021-12-05;"60+";59;59;59;59;59;59;59;59;59;59;59;59;689;689;689;689;689;689;689;689;689;689;689;689;1;1;1;1;1;1;1;1;1;1;1;52;624
2021-12-05;"alle";89;89;89;89;89;89;89;89;89;89;89;89;984;984;984;984;984;984;984;984;984;984;984;984;NA;NA;NA;NA;NA;NA;NA;NA;NA;NA;NA;81;888
2021-12-04;"0-60";57;57;57;57;57;57;57;57;57;57;57;57;287;287;287;287;287;287;287;287;287;287;287;287;1;1;1;1;1;1;1;1;1;1;1;52;248
2021-12-04;"60+";139;139;139;139;139;139;139;139;139;139;139;139;700;700;700;700;700;700;700;700;700;700;700;700;1;1;1;1;1;1;1;1;1;1;1;120;626
2021-12-04;"alle";196;196;196;196;196;196;196;196;196;196;196;196;987;987;987;987;987;987;987;987;987;987;987;987;NA;NA;NA;NA;NA;NA;NA;NA;NA;NA;NA;172;875
2021-12-03;"0-60";46;46;46;46;46;46;46;46;46;46;46;46;274;274;274;274;274;274;274;274;274;274;274;274;1;1;1;1;1;1;1;1;1;1;1;40;231
2021-12-03;"60+";103;103;103;103;103;103;103;103;103;103;103;103;687;687;687;687;687;687;687;687;687;687;687;687;1;1;1;1;1;1;1;1;1;1;1;94;616
2021-12-03;"alle";149;149;149;149;149;149;149;149;149;149;149;149;961;961;961;961;961;961;961;961;961;961;961;961;NA;NA;NA;NA;NA;NA;NA;NA;NA;NA;NA;135;848
2021-12-02;"0-60";53;53;53;53;53;53;53;53;53;53;53;53;286;286;286;286;286;286;286;286;286;286;286;286;1;1;1;1;1;1;1;1;1;1;1;47;244
2021-12-02;"60+";112;112;112;112;112;112;112;112;112;112;112;112;699;699;699;699;699;699;699;699;699;699;699;699;1;1;1;1;1;1;1;1;1;1;1;104;625
2021-12-02;"alle";165;165;165;165;165;165;165;165;165;165;165;165;985;985;985;985;985;985;985;985;985;985;985;985;NA;NA;NA;NA;NA;NA;NA;NA;NA;NA;NA;151;869
2021-12-01;"0-60";41;41;41;41;41;41;41;41;41;41;41;41;286;286;286;286;286;286;286;286;286;286;286;286;1;1;1;1;1;1;1;1;1;1;1;37;245
2021-12-01;"60+";113;113;113;113;113;113;113;113;113;113;113;113;697;697;697;697;697;697;697;697;697;697;697;697;1;1;1;1;1;1;1;1;1;1;1;106;616
2021-12-01;"alle";154;154;154;154;154;154;154;154;154;154;154;154;983;983;983;983;983;983;983;983;983;983;983;983;NA;NA;NA;NA;NA;NA;NA;NA;NA;NA;NA;143;861
2021-11-30;"0-60";49;49;49;49;49;49;49;49;49;49;49;49;307;307;307;307;307;307;307;307;307;307;307;307;1;1;1;1;1;1;1;1;1;1;1;44;258
2021-11-30;"60+";107;107;107;107;107;107;107;107;107;107;107;107;727;727;727;727;727;727;727;727;727;727;727;727;1;1;1;1;1;1;1;1;1;1;1;98;642
2021-11-30;"alle";156;156;156;156;156;156;156;156;156;156;156;156;1034;1034;1034;1034;1034;1034;1034;1034;1034;1034;1034;1034;NA;NA;NA;NA;NA;NA;NA;NA;NA;NA;NA;142;900
2021-11-29;"0-60";19;19;19;19;19;19;19;19;19;19;19;19;310;310;310;310;310;310;310;310;310;310;310;310;1;1;1;1;1;1;1;1;1;1;1;14;258
2021-11-29;"60+";56;56;56;56;56;56;56;56;56;56;56;56;758;758;758;758;758;758;758;758;758;758;758;758;1;1;1;1;1;1;1;1;1;1;1;50;673
2021-11-29;"alle";75;75;75;75;75;75;75;75;75;75;75;75;1068;1068;1068;1068;1068;1068;1068;1068;1068;1068;1068;1068;NA;NA;NA;NA;NA;NA;NA;NA;NA;NA;NA;64;931
2021-11-28;"0-60";22;22;22;22;22;22;22;22;22;22;22;22;314;314;314;314;314;314;314;314;314;314;314;314;1;1;1;1;1;1;1;1;1;1;1;14;265
2021-11-28;"60+";70;70;70;70;70;70;70;70;70;70;70;70;768;768;768;768;768;768;768;768;768;768;768;768;1;1;1;1;1;1;1;1;1;1;1;54;679
2021-11-28;"alle";92;92;92;92;92;92;92;92;92;92;92;92;1082;1082;1082;1082;1082;1082;1082;1082;1082;1082;1082;1082;NA;NA;NA;NA;NA;NA;NA;NA;NA;NA;NA;68;944
2021-11-27;"0-60";44;44;44;44;44;44;44;44;44;44;44;44;316;316;316;316;316;316;316;316;316;316;316;316;1;1;1;1;1;1;1;1;1;1;1;35;270
2021-11-27;"60+";126;126;126;126;126;126;126;126;126;126;126;126;770;770;770;770;770;770;770;770;770;770;770;770;1;1;1;1;1;1;1;1;1;1;1;110;691
2021-11-27;"alle";170;170;170;170;170;170;170;170;170;170;170;170;1086;1086;1086;1086;1086;1086;1086;1086;1086;1086;1086;1086;NA;NA;NA;NA;NA;NA;NA;NA;NA;NA;NA;145;961
2021-11-26;"0-60";58;58;58;58;58;58;58;58;58;58;58;58;318;318;318;318;318;318;318;318;318;318;318;318;1;1;1;1;1;1;1;1;1;1;1;53;276
2021-11-26;"60+";115;115;115;115;115;115;115;115;115;115;115;115;760;760;760;760;760;760;760;760;760;760;760;760;1;1;1;1;1;1;1;1;1;1;1;103;680
2021-11-26;"alle";173;173;173;173;173;173;173;173;173;173;173;173;1078;1078;1078;1078;1078;1078;1078;1078;1078;1078;1078;1078;NA;NA;NA;NA;NA;NA;NA;NA;NA;NA;NA;156;956
2021-11-25;"0-60";53;53;53;53;53;53;53;53;53;53;53;53;310;310;310;310;310;310;310;310;310;310;310;310;1;1;1;1;1;1;1;1;1;1;1;48;271
2021-11-25;"60+";110;110;110;110;110;110;110;110;110;110;110;110;756;756;756;756;756;756;756;756;756;756;756;756;1;1;1;1;1;1;1;1;1;1;1;95;683
2021-11-25;"alle";163;163;163;163;163;163;163;163;163;163;163;163;1066;1066;1066;1066;1066;1066;1066;1066;1066;1066;1066;1066;NA;NA;NA;NA;NA;NA;NA;NA;NA;NA;NA;143;954
2021-11-24;"0-60";62;62;62;62;62;62;62;62;62;62;62;62;293;293;293;293;293;293;293;293;293;293;293;293;1;1;1;1;1;1;1;1;1;1;1;50;254
2021-11-24;"60+";143;143;143;143;143;143;143;143;143;143;143;143;727;727;727;727;727;727;727;727;727;727;727;727;1;1;1;1;1;1;1;1;1;1;1;132;660
2021-11-24;"alle";205;205;205;205;205;205;205;205;205;205;205;205;1020;1020;1020;1020;1020;1020;1020;1020;1020;1020;1020;1020;NA;NA;NA;NA;NA;NA;NA;NA;NA;NA;NA;182;914
2021-11-23;"0-60";52;52;52;52;52;52;52;52;52;52;52;52;278;278;278;278;278;278;278;278;278;278;278;278;1;1;1;1;1;1;1;1;1;1;1;44;245
2021-11-23;"60+";138;138;138;138;138;138;138;138;138;138;138;138;705;705;705;705;705;705;705;705;705;705;705;705;1;1;1;1;1;1;1;1;1;1;1;129;644
2021-11-23;"alle";190;190;190;190;190;190;190;190;190;190;190;190;983;983;983;983;983;983;983;983;983;983;983;983;NA;NA;NA;NA;NA;NA;NA;NA;NA;NA;NA;173;889
2021-11-22;"0-60";23;23;23;23;23;23;23;23;23;23;23;23;265;265;265;265;265;265;265;265;265;265;265;265;1;1;1;1;1;1;1;1;1;1;1;21;237
2021-11-22;"60+";66;66;66;66;66;66;66;66;66;66;66;66;676;676;676;676;676;676;676;676;676;676;676;676;1;1;1;1;1;1;1;1;1;1;1;56;615
2021-11-22;"alle";89;89;89;89;89;89;89;89;89;89;89;89;941;941;941;941;941;941;941;941;941;941;941;941;NA;NA;NA;NA;NA;NA;NA;NA;NA;NA;NA;77;852
2021-11-21;"0-60";24;24;24;24;24;24;24;24;24;24;24;24;255;255;255;255;255;255;255;255;255;255;255;255;1;1;1;1;1;1;1;1;1;1;1;19;227
2021-11-21;"60+";72;72;72;72;72;72;72;72;72;72;72;72;654;654;654;654;654;654;654;654;654;654;654;654;1;1;1;1;1;1;1;1;1;1;1;66;598
2021-11-21;"alle";96;96;96;96;96;96;96;96;96;96;96;96;909;909;909;909;909;909;909;909;909;909;909;909;NA;NA;NA;NA;NA;NA;NA;NA;NA;NA;NA;85;825
2021-11-20;"0-60";46;46;46;46;46;46;46;46;46;46;46;46;253;253;253;253;253;253;253;253;253;253;253;253;1;1;1;1;1;1;1;1;1;1;1;41;226
2021-11-20;"60+";116;116;116;116;116;116;116;116;116;116;116;116;631;631;631;631;631;631;631;631;631;631;631;631;1;1;1;1;1;1;1;1;1;1;1;99;577
2021-11-20;"alle";162;162;162;162;162;162;162;162;162;162;162;162;884;884;884;884;884;884;884;884;884;884;884;884;NA;NA;NA;NA;NA;NA;NA;NA;NA;NA;NA;140;803
2021-11-19;"0-60";50;50;50;50;50;50;50;50;50;50;50;50;235;235;235;235;235;235;235;235;235;235;235;235;1;1;1;1;1;1;1;1;1;1;1;48;210
2021-11-19;"60+";111;111;111;111;111;111;111;111;111;111;111;111;610;610;610;610;610;610;610;610;610;610;610;610;1;1;1;1;1;1;1;1;1;1;1;106;566
2021-11-19;"alle";161;161;161;161;161;161;161;161;161;161;161;161;845;845;845;845;845;845;845;845;845;845;845;845;NA;NA;NA;NA;NA;NA;NA;NA;NA;NA;NA;154;776
2021-11-18;"0-60";36;36;36;36;36;36;36;36;36;36;36;36;223;223;223;223;223;223;223;223;223;223;223;223;1;1;1;1;1;1;1;1;1;1;1;31;197
2021-11-18;"60+";81;81;81;81;81;81;81;81;81;81;81;81;627;627;627;627;627;627;627;627;627;627;627;627;1;1;1;1;1;1;1;1;1;1;1;72;578
2021-11-18;"alle";117;117;117;117;117;117;117;117;117;117;117;117;850;850;850;850;850;850;850;850;850;850;850;850;NA;NA;NA;NA;NA;NA;NA;NA;NA;NA;NA;103;775
2021-11-17;"0-60";47;47;47;47;47;47;47;47;47;47;47;47;235;235;235;235;235;235;235;235;235;235;235;235;1;1;1;1;1;1;1;1;1;1;1;41;211
2021-11-17;"60+";121;121;121;121;121;121;121;121;121;121;121;121;658;658;658;658;658;658;658;658;658;658;658;658;1;1;1;1;1;1;1;1;1;1;1;116;609
2021-11-17;"alle";168;168;168;168;168;168;168;168;168;168;168;168;893;893;893;893;893;893;893;893;893;893;893;893;NA;NA;NA;NA;NA;NA;NA;NA;NA;NA;NA;157;821
2021-11-16;"0-60";39;39;39;39;39;39;39;39;39;39;39;39;240;240;240;240;240;240;240;240;240;240;240;240;1;1;1;1;1;1;1;1;1;1;1;36;219
2021-11-16;"60+";109;109;109;109;109;109;109;109;109;109;109;109;654;654;654;654;654;654;654;654;654;654;654;654;1;1;1;1;1;1;1;1;1;1;1;100;605
2021-11-16;"alle";148;148;148;148;148;148;148;148;148;148;148;148;894;894;894;894;894;894;894;894;894;894;894;894;NA;NA;NA;NA;NA;NA;NA;NA;NA;NA;NA;136;825
2021-11-15;"0-60";13;13;13;13;13;13;13;13;13;13;13;13;231;231;231;231;231;231;231;231;231;231;231;231;1;1;1;1;1;1;1;1;1;1;1;11;213
2021-11-15;"60+";44;44;44;44;44;44;44;44;44;44;44;44;641;641;641;641;641;641;641;641;641;641;641;641;1;1;1;1;1;1;1;1;1;1;1;39;597
2021-11-15;"alle";57;57;57;57;57;57;57;57;57;57;57;57;872;872;872;872;872;872;872;872;872;872;872;872;NA;NA;NA;NA;NA;NA;NA;NA;NA;NA;NA;50;811
2021-11-14;"0-60";22;22;22;22;22;22;22;22;22;22;22;22;228;228;228;228;228;228;228;228;228;228;228;228;1;1;1;1;1;1;1;1;1;1;1;18;210
2021-11-14;"60+";49;49;49;49;49;49;49;49;49;49;49;49;623;623;623;623;623;623;623;623;623;623;623;623;1;1;1;1;1;1;1;1;1;1;1;45;583
2021-11-14;"alle";71;71;71;71;71;71;71;71;71;71;71;71;851;851;851;851;851;851;851;851;851;851;851;851;NA;NA;NA;NA;NA;NA;NA;NA;NA;NA;NA;63;794
2021-11-13;"0-60";28;28;28;28;28;28;28;28;28;28;28;28;218;218;218;218;218;218;218;218;218;218;218;218;1;1;1;1;1;1;1;1;1;1;1;25;204
2021-11-13;"60+";95;95;95;95;95;95;95;95;95;95;95;95;633;633;633;633;633;633;633;633;633;633;633;633;1;1;1;1;1;1;1;1;1;1;1;88;592
2021-11-13;"alle";123;123;123;123;123;123;123;123;123;123;123;123;851;851;851;851;851;851;851;851;851;851;851;851;NA;NA;NA;NA;NA;NA;NA;NA;NA;NA;NA;113;797
2021-11-12;"0-60";38;38;38;38;38;38;38;38;38;38;38;38;222;222;222;222;222;222;222;222;222;222;222;222;1;1;1;1;1;1;1;1;1;1;1;35;206
2021-11-12;"60+";128;128;128;128;128;128;128;128;128;128;128;128;602;602;602;602;602;602;602;602;602;602;602;602;1;1;1;1;1;1;1;1;1;1;1;118;564
2021-11-12;"alle";166;166;166;166;166;166;166;166;166;166;166;166;824;824;824;824;824;824;824;824;824;824;824;824;NA;NA;NA;NA;NA;NA;NA;NA;NA;NA;NA;153;771
2021-11-11;"0-60";48;48;48;48;48;48;48;48;48;48;48;48;212;212;212;212;212;212;212;212;212;212;212;212;1;1;1;1;1;1;1;1;1;1;1;45;194
2021-11-11;"60+";112;112;112;112;112;112;112;112;112;112;112;112;576;576;576;576;576;576;576;576;576;576;576;576;1;1;1;1;1;1;1;1;1;1;1;103;542
2021-11-11;"alle";160;160;160;160;160;160;160;160;160;160;160;160;788;788;788;788;788;788;788;788;788;788;788;788;NA;NA;NA;NA;NA;NA;NA;NA;NA;NA;NA;149;737
2021-11-10;"0-60";52;52;52;52;52;52;52;52;52;52;52;52;197;197;197;197;197;197;197;197;197;197;197;197;1;1;1;1;1;1;1;1;1;1;1;49;180
2021-11-10;"60+";117;117;117;117;117;117;117;117;117;117;117;117;557;557;557;557;557;557;557;557;557;557;557;557;1;1;1;1;1;1;1;1;1;1;1;112;527
2021-11-10;"alle";169;169;169;169;169;169;169;169;169;169;169;169;754;754;754;754;754;754;754;754;754;754;754;754;NA;NA;NA;NA;NA;NA;NA;NA;NA;NA;NA;161;707
2021-11-09;"0-60";30;30;30;30;30;30;30;30;30;30;30;30;197;197;197;197;197;197;197;197;197;197;197;197;1;1;1;1;1;1;1;1;1;1;1;30;179
2021-11-09;"60+";96;96;96;96;96;96;96;96;96;96;96;96;557;557;557;557;557;557;557;557;557;557;557;557;1;1;1;1;1;1;1;1;1;1;1;92;528
2021-11-09;"alle";126;126;126;126;126;126;126;126;126;126;126;126;754;754;754;754;754;754;754;754;754;754;754;754;NA;NA;NA;NA;NA;NA;NA;NA;NA;NA;NA;122;707
2021-11-08;"0-60";10;10;10;10;10;10;10;10;10;10;10;10;187;187;187;187;187;187;187;187;187;187;187;187;1;1;1;1;1;1;1;1;1;1;1;8;168
2021-11-08;"60+";26;26;26;26;26;26;26;26;26;26;26;26;564;564;564;564;564;564;564;564;564;564;564;564;1;1;1;1;1;1;1;1;1;1;1;25;537
2021-11-08;"alle";36;36;36;36;36;36;36;36;36;36;36;36;751;751;751;751;751;751;751;751;751;751;751;751;NA;NA;NA;NA;NA;NA;NA;NA;NA;NA;NA;33;705
2021-11-07;"0-60";12;12;12;12;12;12;12;12;12;12;12;12;183;183;183;183;183;183;183;183;183;183;183;183;1;1;1;1;1;1;1;1;1;1;1;12;166
2021-11-07;"60+";59;59;59;59;59;59;59;59;59;59;59;59;560;560;560;560;560;560;560;560;560;560;560;560;1;1;1;1;1;1;1;1;1;1;1;54;534
2021-11-07;"alle";71;71;71;71;71;71;71;71;71;71;71;71;743;743;743;743;743;743;743;743;743;743;743;743;NA;NA;NA;NA;NA;NA;NA;NA;NA;NA;NA;66;700
2021-11-06;"0-60";32;32;32;32;32;32;32;32;32;32;32;32;189;189;189;189;189;189;189;189;189;189;189;189;1;1;1;1;1;1;1;1;1;1;1;27;170
2021-11-06;"60+";64;64;64;64;64;64;64;64;64;64;64;64;542;542;542;542;542;542;542;542;542;542;542;542;1;1;1;1;1;1;1;1;1;1;1;60;519
2021-11-06;"alle";96;96;96;96;96;96;96;96;96;96;96;96;731;731;731;731;731;731;731;731;731;731;731;731;NA;NA;NA;NA;NA;NA;NA;NA;NA;NA;NA;87;689
2021-11-05;"0-60";28;28;28;28;28;28;28;28;28;28;28;28;189;189;189;189;189;189;189;189;189;189;189;189;1;1;1;1;1;1;1;1;1;1;1;23;172
2021-11-05;"60+";102;102;102;102;102;102;102;102;102;102;102;102;527;527;527;527;527;527;527;527;527;527;527;527;1;1;1;1;1;1;1;1;1;1;1;96;505
2021-11-05;"alle";130;130;130;130;130;130;130;130;130;130;130;130;716;716;716;716;716;716;716;716;716;716;716;716;NA;NA;NA;NA;NA;NA;NA;NA;NA;NA;NA;119;677
2021-11-04;"0-60";33;33;33;33;33;33;33;33;33;33;33;33;184;184;184;184;184;184;184;184;184;184;184;184;1;1;1;1;1;1;1;1;1;1;1;31;169
2021-11-04;"60+";93;93;93;93;93;93;93;93;93;93;93;93;509;509;509;509;509;509;509;509;509;509;509;509;1;1;1;1;1;1;1;1;1;1;1;88;493
2021-11-04;"alle";126;126;126;126;126;126;126;126;126;126;126;126;693;693;693;693;693;693;693;693;693;693;693;693;NA;NA;NA;NA;NA;NA;NA;NA;NA;NA;NA;119;662
2021-11-03;"0-60";52;52;52;52;52;52;52;52;52;52;52;52;170;170;170;170;170;170;170;170;170;170;170;170;1;1;1;1;1;1;1;1;1;1;1;48;156
2021-11-03;"60+";117;117;117;117;117;117;117;117;117;117;117;117;487;487;487;487;487;487;487;487;487;487;487;487;1;1;1;1;1;1;1;1;1;1;1;113;476
2021-11-03;"alle";169;169;169;169;169;169;169;169;169;169;169;169;657;657;657;657;657;657;657;657;657;657;657;657;NA;NA;NA;NA;NA;NA;NA;NA;NA;NA;NA;161;632
2021-11-02;"0-60";20;20;20;20;20;20;20;20;20;20;20;20;147;147;147;147;147;147;147;147;147;147;147;147;1;1;1;1;1;1;1;1;1;1;1;19;135
2021-11-02;"60+";103;103;103;103;103;103;103;103;103;103;103;103;449;449;449;449;449;449;449;449;449;449;449;449;1;1;1;1;1;1;1;1;1;1;1;101;439
2021-11-02;"alle";123;123;123;123;123;123;123;123;123;123;123;123;596;596;596;596;596;596;596;596;596;596;596;596;NA;NA;NA;NA;NA;NA;NA;NA;NA;NA;NA;120;574
2021-11-01;"0-60";6;6;6;6;6;6;6;6;6;6;6;6;154;154;154;154;154;154;154;154;154;154;154;154;1;1;1;1;1;1;1;1;1;1;1;6;141
2021-11-01;"60+";22;22;22;22;22;22;22;22;22;22;22;22;411;411;411;411;411;411;411;411;411;411;411;411;1;1;1;1;1;1;1;1;1;1;1;22;401
2021-11-01;"alle";28;28;28;28;28;28;28;28;28;28;28;28;565;565;565;565;565;565;565;565;565;565;565;565;NA;NA;NA;NA;NA;NA;NA;NA;NA;NA;NA;28;542
2021-10-31;"0-60";18;18;18;18;18;18;18;18;18;18;18;18;156;156;156;156;156;156;156;156;156;156;156;156;1;1;1;1;1;1;1;1;1;1;1;16;142
2021-10-31;"60+";41;41;41;41;41;41;41;41;41;41;41;41;403;403;403;403;403;403;403;403;403;403;403;403;1;1;1;1;1;1;1;1;1;1;1;39;392
2021-10-31;"alle";59;59;59;59;59;59;59;59;59;59;59;59;559;559;559;559;559;559;559;559;559;559;559;559;NA;NA;NA;NA;NA;NA;NA;NA;NA;NA;NA;55;534
2021-10-30;"0-60";32;32;32;32;32;32;32;32;32;32;32;32;146;146;146;146;146;146;146;146;146;146;146;146;1;1;1;1;1;1;1;1;1;1;1;29;132
2021-10-30;"60+";49;49;49;49;49;49;49;49;49;49;49;49;387;387;387;387;387;387;387;387;387;387;387;387;1;1;1;1;1;1;1;1;1;1;1;46;378
2021-10-30;"alle";81;81;81;81;81;81;81;81;81;81;81;81;533;533;533;533;533;533;533;533;533;533;533;533;NA;NA;NA;NA;NA;NA;NA;NA;NA;NA;NA;75;510
2021-10-29;"0-60";23;23;23;23;23;23;23;23;23;23;23;23;128;128;128;128;128;128;128;128;128;128;128;128;1;1;1;1;1;1;1;1;1;1;1;20;117
2021-10-29;"60+";84;84;84;84;84;84;84;84;84;84;84;84;399;399;399;399;399;399;399;399;399;399;399;399;1;1;1;1;1;1;1;1;1;1;1;84;393
2021-10-29;"alle";107;107;107;107;107;107;107;107;107;107;107;107;527;527;527;527;527;527;527;527;527;527;527;527;NA;NA;NA;NA;NA;NA;NA;NA;NA;NA;NA;104;510
2021-10-28;"0-60";19;19;19;19;19;19;19;19;19;19;19;19;123;123;123;123;123;123;123;123;123;123;123;123;1;1;1;1;1;1;1;1;1;1;1;18;115
2021-10-28;"60+";71;71;71;71;71;71;71;71;71;71;71;71;364;364;364;364;364;364;364;364;364;364;364;364;1;1;1;1;1;1;1;1;1;1;1;71;358
2021-10-28;"alle";90;90;90;90;90;90;90;90;90;90;90;90;487;487;487;487;487;487;487;487;487;487;487;487;NA;NA;NA;NA;NA;NA;NA;NA;NA;NA;NA;89;473
2021-10-27;"0-60";29;29;29;29;29;29;29;29;29;29;29;29;116;116;116;116;116;116;116;116;116;116;116;116;1;1;1;1;1;1;1;1;1;1;1;27;109
2021-10-27;"60+";79;79;79;79;79;79;79;79;79;79;79;79;335;335;335;335;335;335;335;335;335;335;335;335;1;1;1;1;1;1;1;1;1;1;1;76;327
2021-10-27;"alle";108;108;108;108;108;108;108;108;108;108;108;108;451;451;451;451;451;451;451;451;451;451;451;451;NA;NA;NA;NA;NA;NA;NA;NA;NA;NA;NA;103;436
2021-10-26;"0-60";27;27;27;27;27;27;27;27;27;27;27;27;101;101;101;101;101;101;101;101;101;101;101;101;1;1;1;1;1;1;1;1;1;1;1;25;94
2021-10-26;"60+";65;65;65;65;65;65;65;65;65;65;65;65;290;290;290;290;290;290;290;290;290;290;290;290;1;1;1;1;1;1;1;1;1;1;1;63;285
2021-10-26;"alle";92;92;92;92;92;92;92;92;92;92;92;92;391;391;391;391;391;391;391;391;391;391;391;391;NA;NA;NA;NA;NA;NA;NA;NA;NA;NA;NA;88;379
2021-10-25;"0-60";8;8;8;8;8;8;8;8;8;8;8;8;97;97;97;97;97;97;97;97;97;97;97;97;1;1;1;1;1;1;1;1;1;1;1;7;92
2021-10-25;"60+";14;14;14;14;14;14;14;14;14;14;14;14;256;256;256;256;256;256;256;256;256;256;256;256;1;1;1;1;1;1;1;1;1;1;1;13;252
2021-10-25;"alle";22;22;22;22;22;22;22;22;22;22;22;22;353;353;353;353;353;353;353;353;353;353;353;353;NA;NA;NA;NA;NA;NA;NA;NA;NA;NA;NA;20;344
2021-10-24;"0-60";8;8;8;8;8;8;8;8;8;8;8;8;91;91;91;91;91;91;91;91;91;91;91;91;1;1;1;1;1;1;1;1;1;1;1;6;87
2021-10-24;"60+";25;25;25;25;25;25;25;25;25;25;25;25;252;252;252;252;252;252;252;252;252;252;252;252;1;1;1;1;1;1;1;1;1;1;1;25;249
2021-10-24;"alle";33;33;33;33;33;33;33;33;33;33;33;33;343;343;343;343;343;343;343;343;343;343;343;343;NA;NA;NA;NA;NA;NA;NA;NA;NA;NA;NA;31;336
2021-10-23;"0-60";14;14;14;14;14;14;14;14;14;14;14;14;90;90;90;90;90;90;90;90;90;90;90;90;1;1;1;1;1;1;1;1;1;1;1;14;87
2021-10-23;"60+";61;61;61;61;61;61;61;61;61;61;61;61;237;237;237;237;237;237;237;237;237;237;237;237;1;1;1;1;1;1;1;1;1;1;1;61;234
2021-10-23;"alle";75;75;75;75;75;75;75;75;75;75;75;75;327;327;327;327;327;327;327;327;327;327;327;327;NA;NA;NA;NA;NA;NA;NA;NA;NA;NA;NA;75;321
2021-10-22;"0-60";18;18;18;18;18;18;18;18;18;18;18;18;83;83;83;83;83;83;83;83;83;83;83;83;1;1;1;1;1;1;1;1;1;1;1;18;80
2021-10-22;"60+";49;49;49;49;49;49;49;49;49;49;49;49;196;196;196;196;196;196;196;196;196;196;196;196;1;1;1;1;1;1;1;1;1;1;1;49;193
2021-10-22;"alle";67;67;67;67;67;67;67;67;67;67;67;67;279;279;279;279;279;279;279;279;279;279;279;279;NA;NA;NA;NA;NA;NA;NA;NA;NA;NA;NA;67;273
2021-10-21;"0-60";12;12;12;12;12;12;12;12;12;12;12;12;75;75;75;75;75;75;75;75;75;75;75;75;1;1;1;1;1;1;1;1;1;1;1;12;72
2021-10-21;"60+";42;42;42;42;42;42;42;42;42;42;42;42;164;164;164;164;164;164;164;164;164;164;164;164;1;1;1;1;1;1;1;1;1;1;1;40;161
2021-10-21;"alle";54;54;54;54;54;54;54;54;54;54;54;54;239;239;239;239;239;239;239;239;239;239;239;239;NA;NA;NA;NA;NA;NA;NA;NA;NA;NA;NA;52;233
2021-10-20;"0-60";14;14;14;14;14;14;14;14;14;14;14;14;72;72;72;72;72;72;72;72;72;72;72;72;1;1;1;1;1;1;1;1;1;1;1;12;69
2021-10-20;"60+";34;34;34;34;34;34;34;34;34;34;34;34;148;148;148;148;148;148;148;148;148;148;148;148;1;1;1;1;1;1;1;1;1;1;1;34;146
2021-10-20;"alle";48;48;48;48;48;48;48;48;48;48;48;48;220;220;220;220;220;220;220;220;220;220;220;220;NA;NA;NA;NA;NA;NA;NA;NA;NA;NA;NA;46;215
2021-10-19;"0-60";23;23;23;23;23;23;23;23;23;23;23;23;67;67;67;67;67;67;67;67;67;67;67;67;1;1;1;1;1;1;1;1;1;1;1;23;66
2021-10-19;"60+";31;31;31;31;31;31;31;31;31;31;31;31;142;142;142;142;142;142;142;142;142;142;142;142;1;1;1;1;1;1;1;1;1;1;1;30;139
2021-10-19;"alle";54;54;54;54;54;54;54;54;54;54;54;54;209;209;209;209;209;209;209;209;209;209;209;209;NA;NA;NA;NA;NA;NA;NA;NA;NA;NA;NA;53;205
2021-10-18;"0-60";2;2;2;2;2;2;2;2;2;2;2;2;59;59;59;59;59;59;59;59;59;59;59;59;1;1;1;1;1;1;1;1;1;1;1;2;58
2021-10-18;"60+";10;10;10;10;10;10;10;10;10;10;10;10;142;142;142;142;142;142;142;142;142;142;142;142;1;1;1;1;1;1;1;1;1;1;1;10;140
2021-10-18;"alle";12;12;12;12;12;12;12;12;12;12;12;12;201;201;201;201;201;201;201;201;201;201;201;201;NA;NA;NA;NA;NA;NA;NA;NA;NA;NA;NA;12;198
2021-10-17;"0-60";7;7;7;7;7;7;7;7;7;7;7;7;59;59;59;59;59;59;59;59;59;59;59;59;1;1;1;1;1;1;1;1;1;1;1;6;58
2021-10-17;"60+";10;10;10;10;10;10;10;10;10;10;10;10;139;139;139;139;139;139;139;139;139;139;139;139;1;1;1;1;1;1;1;1;1;1;1;10;137
2021-10-17;"alle";17;17;17;17;17;17;17;17;17;17;17;17;198;198;198;198;198;198;198;198;198;198;198;198;NA;NA;NA;NA;NA;NA;NA;NA;NA;NA;NA;16;195
2021-10-16;"0-60";7;7;7;7;7;7;7;7;7;7;7;7;58;58;58;58;58;58;58;58;58;58;58;58;1;1;1;1;1;1;1;1;1;1;1;7;58
2021-10-16;"60+";20;20;20;20;20;20;20;20;20;20;20;20;141;141;141;141;141;141;141;141;141;141;141;141;1;1;1;1;1;1;1;1;1;1;1;20;139
2021-10-16;"alle";27;27;27;27;27;27;27;27;27;27;27;27;199;199;199;199;199;199;199;199;199;199;199;199;NA;NA;NA;NA;NA;NA;NA;NA;NA;NA;NA;27;197
2021-10-15;"0-60";10;10;10;10;10;10;10;10;10;10;10;10;64;64;64;64;64;64;64;64;64;64;64;64;1;1;1;1;1;1;1;1;1;1;1;10;64
2021-10-15;"60+";17;17;17;17;17;17;17;17;17;17;17;17;132;132;132;132;132;132;132;132;132;132;132;132;1;1;1;1;1;1;1;1;1;1;1;17;130
2021-10-15;"alle";27;27;27;27;27;27;27;27;27;27;27;27;196;196;196;196;196;196;196;196;196;196;196;196;NA;NA;NA;NA;NA;NA;NA;NA;NA;NA;NA;27;194
2021-10-14;"0-60";9;9;9;9;9;9;9;9;9;9;9;9;66;66;66;66;66;66;66;66;66;66;66;66;1;1;1;1;1;1;1;1;1;1;1;9;66
2021-10-14;"60+";26;26;26;26;26;26;26;26;26;26;26;26;128;128;128;128;128;128;128;128;128;128;128;128;1;1;1;1;1;1;1;1;1;1;1;25;126
2021-10-14;"alle";35;35;35;35;35;35;35;35;35;35;35;35;194;194;194;194;194;194;194;194;194;194;194;194;NA;NA;NA;NA;NA;NA;NA;NA;NA;NA;NA;34;192
2021-10-13;"0-60";9;9;9;9;9;9;9;9;9;9;9;9;68;68;68;68;68;68;68;68;68;68;68;68;1;1;1;1;1;1;1;1;1;1;1;9;68
2021-10-13;"60+";28;28;28;28;28;28;28;28;28;28;28;28;124;124;124;124;124;124;124;124;124;124;124;124;1;1;1;1;1;1;1;1;1;1;1;27;122
2021-10-13;"alle";37;37;37;37;37;37;37;37;37;37;37;37;192;192;192;192;192;192;192;192;192;192;192;192;NA;NA;NA;NA;NA;NA;NA;NA;NA;NA;NA;36;190
2021-10-12;"0-60";15;15;15;15;15;15;15;15;15;15;15;15;68;68;68;68;68;68;68;68;68;68;68;68;1;1;1;1;1;1;1;1;1;1;1;15;68
2021-10-12;"60+";31;31;31;31;31;31;31;31;31;31;31;31;118;118;118;118;118;118;118;118;118;118;118;118;1;1;1;1;1;1;1;1;1;1;1;31;116
2021-10-12;"alle";46;46;46;46;46;46;46;46;46;46;46;46;186;186;186;186;186;186;186;186;186;186;186;186;NA;NA;NA;NA;NA;NA;NA;NA;NA;NA;NA;46;184
2021-10-11;"0-60";2;2;2;2;2;2;2;2;2;2;2;2;57;57;57;57;57;57;57;57;57;57;57;57;1;1;1;1;1;1;1;1;1;1;1;2;57
2021-10-11;"60+";7;7;7;7;7;7;7;7;7;7;7;7;97;97;97;97;97;97;97;97;97;97;97;97;1;1;1;1;1;1;1;1;1;1;1;7;95
2021-10-11;"alle";9;9;9;9;9;9;9;9;9;9;9;9;154;154;154;154;154;154;154;154;154;154;154;154;NA;NA;NA;NA;NA;NA;NA;NA;NA;NA;NA;9;152
2021-10-10;"0-60";6;6;6;6;6;6;6;6;6;6;6;6;58;58;58;58;58;58;58;58;58;58;58;58;1;1;1;1;1;1;1;1;1;1;1;6;58
2021-10-10;"60+";12;12;12;12;12;12;12;12;12;12;12;12;91;91;91;91;91;91;91;91;91;91;91;91;1;1;1;1;1;1;1;1;1;1;1;12;89
2021-10-10;"alle";18;18;18;18;18;18;18;18;18;18;18;18;149;149;149;149;149;149;149;149;149;149;149;149;NA;NA;NA;NA;NA;NA;NA;NA;NA;NA;NA;18;147
2021-10-09;"0-60";13;13;13;13;13;13;13;13;13;13;13;13;55;55;55;55;55;55;55;55;55;55;55;55;1;1;1;1;1;1;1;1;1;1;1;13;55
2021-10-09;"60+";11;11;11;11;11;11;11;11;11;11;11;11;88;88;88;88;88;88;88;88;88;88;88;88;1;1;1;1;1;1;1;1;1;1;1;11;86
2021-10-09;"alle";24;24;24;24;24;24;24;24;24;24;24;24;143;143;143;143;143;143;143;143;143;143;143;143;NA;NA;NA;NA;NA;NA;NA;NA;NA;NA;NA;24;141
2021-10-08;"0-60";12;12;12;12;12;12;12;12;12;12;12;12;48;48;48;48;48;48;48;48;48;48;48;48;1;1;1;1;1;1;1;1;1;1;1;12;48
2021-10-08;"60+";13;13;13;13;13;13;13;13;13;13;13;13;89;89;89;89;89;89;89;89;89;89;89;89;1;1;1;1;1;1;1;1;1;1;1;13;86
2021-10-08;"alle";25;25;25;25;25;25;25;25;25;25;25;25;137;137;137;137;137;137;137;137;137;137;137;137;NA;NA;NA;NA;NA;NA;NA;NA;NA;NA;NA;25;134
2021-10-07;"0-60";11;11;11;11;11;11;11;11;11;11;11;11;43;43;43;43;43;43;43;43;43;43;43;43;1;1;1;1;1;1;1;1;1;1;1;11;43
2021-10-07;"60+";22;22;22;22;22;22;22;22;22;22;22;22;87;87;87;87;87;87;87;87;87;87;87;87;1;1;1;1;1;1;1;1;1;1;1;21;84
2021-10-07;"alle";33;33;33;33;33;33;33;33;33;33;33;33;130;130;130;130;130;130;130;130;130;130;130;130;NA;NA;NA;NA;NA;NA;NA;NA;NA;NA;NA;32;127
2021-10-06;"0-60";9;9;9;9;9;9;9;9;9;9;9;9;40;40;40;40;40;40;40;40;40;40;40;40;1;1;1;1;1;1;1;1;1;1;1;9;40
2021-10-06;"60+";22;22;22;22;22;22;22;22;22;22;22;22;74;74;74;74;74;74;74;74;74;74;74;74;1;1;1;1;1;1;1;1;1;1;1;21;71
2021-10-06;"alle";31;31;31;31;31;31;31;31;31;31;31;31;114;114;114;114;114;114;114;114;114;114;114;114;NA;NA;NA;NA;NA;NA;NA;NA;NA;NA;NA;30;111
2021-10-05;"0-60";4;4;4;4;4;4;4;4;4;4;4;4;41;41;41;41;41;41;41;41;41;41;41;41;1;1;1;1;1;1;1;1;1;1;1;4;41
2021-10-05;"60+";10;10;10;10;10;10;10;10;10;10;10;10;66;66;66;66;66;66;66;66;66;66;66;66;1;1;1;1;1;1;1;1;1;1;1;10;63
2021-10-05;"alle";14;14;14;14;14;14;14;14;14;14;14;14;107;107;107;107;107;107;107;107;107;107;107;107;NA;NA;NA;NA;NA;NA;NA;NA;NA;NA;NA;14;104
2021-10-04;"0-60";3;3;3;3;3;3;3;3;3;3;3;3;40;40;40;40;40;40;40;40;40;40;40;40;1;1;1;1;1;1;1;1;1;1;1;3;40
2021-10-04;"60+";1;1;1;1;1;1;1;1;1;1;1;1;61;61;61;61;61;61;61;61;61;61;61;61;1;1;1;1;1;1;1;1;1;1;1;1;58
2021-10-04;"alle";4;4;4;4;4;4;4;4;4;4;4;4;101;101;101;101;101;101;101;101;101;101;101;101;NA;NA;NA;NA;NA;NA;NA;NA;NA;NA;NA;4;98
2021-10-03;"0-60";3;3;3;3;3;3;3;3;3;3;3;3;39;39;39;39;39;39;39;39;39;39;39;39;1;1;1;1;1;1;1;1;1;1;1;3;39
2021-10-03;"60+";9;9;9;9;9;9;9;9;9;9;9;9;63;63;63;63;63;63;63;63;63;63;63;63;1;1;1;1;1;1;1;1;1;1;1;9;60
2021-10-03;"alle";12;12;12;12;12;12;12;12;12;12;12;12;102;102;102;102;102;102;102;102;102;102;102;102;NA;NA;NA;NA;NA;NA;NA;NA;NA;NA;NA;12;99
2021-10-02;"0-60";6;6;6;6;6;6;6;6;6;6;6;6;38;38;38;38;38;38;38;38;38;38;38;38;1;1;1;1;1;1;1;1;1;1;1;6;38
2021-10-02;"60+";12;12;12;12;12;12;12;12;12;12;12;12;60;60;60;60;60;60;60;60;60;60;60;60;1;1;1;1;1;1;1;1;1;1;1;11;57
2021-10-02;"alle";18;18;18;18;18;18;18;18;18;18;18;18;98;98;98;98;98;98;98;98;98;98;98;98;NA;NA;NA;NA;NA;NA;NA;NA;NA;NA;NA;17;95
2021-10-01;"0-60";7;7;7;7;7;7;7;7;7;7;7;7;38;38;38;38;38;38;38;38;38;38;38;38;1;1;1;1;1;1;1;1;1;1;1;7;38
2021-10-01;"60+";11;11;11;11;11;11;11;11;11;11;11;11;52;52;52;52;52;52;52;52;52;52;52;52;1;1;1;1;1;1;1;1;1;1;1;11;50
2021-10-01;"alle";18;18;18;18;18;18;18;18;18;18;18;18;90;90;90;90;90;90;90;90;90;90;90;90;NA;NA;NA;NA;NA;NA;NA;NA;NA;NA;NA;18;88
2021-09-30;"0-60";8;8;8;8;8;8;8;8;8;8;8;8;33;33;33;33;33;33;33;33;33;33;33;33;1;1;1;1;1;1;1;1;1;1;1;8;33
2021-09-30;"60+";9;9;9;9;9;9;9;9;9;9;9;9;47;47;47;47;47;47;47;47;47;47;47;47;1;1;1;1;1;1;1;1;1;1;1;8;45
2021-09-30;"alle";17;17;17;17;17;17;17;17;17;17;17;17;80;80;80;80;80;80;80;80;80;80;80;80;NA;NA;NA;NA;NA;NA;NA;NA;NA;NA;NA;16;78
2021-09-29;"0-60";10;10;10;10;10;10;10;10;10;10;10;10;29;29;29;29;29;29;29;29;29;29;29;29;1;1;1;1;1;1;1;1;1;1;1;10;29
2021-09-29;"60+";14;14;14;14;14;14;14;14;14;14;14;14;46;46;46;46;46;46;46;46;46;46;46;46;1;1;1;1;1;1;1;1;1;1;1;13;45
2021-09-29;"alle";24;24;24;24;24;24;24;24;24;24;24;24;75;75;75;75;75;75;75;75;75;75;75;75;NA;NA;NA;NA;NA;NA;NA;NA;NA;NA;NA;23;74
2021-09-28;"0-60";3;3;3;3;3;3;3;3;3;3;3;3;24;24;24;24;24;24;24;24;24;24;24;24;1;1;1;1;1;1;1;1;1;1;1;3;24
2021-09-28;"60+";5;5;5;5;5;5;5;5;5;5;5;5;41;41;41;41;41;41;41;41;41;41;41;41;1;1;1;1;1;1;1;1;1;1;1;5;41
2021-09-28;"alle";8;8;8;8;8;8;8;8;8;8;8;8;65;65;65;65;65;65;65;65;65;65;65;65;NA;NA;NA;NA;NA;NA;NA;NA;NA;NA;NA;8;65
2021-09-27;"0-60";2;2;2;2;2;2;2;2;2;2;2;2;27;27;27;27;27;27;27;27;27;27;27;27;1;1;1;1;1;1;1;1;1;1;1;2;27
2021-09-27;"60+";3;3;3;3;3;3;3;3;3;3;3;3;47;47;47;47;47;47;47;47;47;47;47;47;1;1;1;1;1;1;1;1;1;1;1;3;47
2021-09-27;"alle";5;5;5;5;5;5;5;5;5;5;5;5;74;74;74;74;74;74;74;74;74;74;74;74;NA;NA;NA;NA;NA;NA;NA;NA;NA;NA;NA;5;74
2021-09-26;"0-60";2;2;2;2;2;2;2;2;2;2;2;2;27;27;27;27;27;27;27;27;27;27;27;27;1;1;1;1;1;1;1;1;1;1;1;2;27
2021-09-26;"60+";6;6;6;6;6;6;6;6;6;6;6;6;45;45;45;45;45;45;45;45;45;45;45;45;1;1;1;1;1;1;1;1;1;1;1;6;45
2021-09-26;"alle";8;8;8;8;8;8;8;8;8;8;8;8;72;72;72;72;72;72;72;72;72;72;72;72;NA;NA;NA;NA;NA;NA;NA;NA;NA;NA;NA;8;72
2021-09-25;"0-60";6;6;6;6;6;6;6;6;6;6;6;6;29;29;29;29;29;29;29;29;29;29;29;29;1;1;1;1;1;1;1;1;1;1;1;6;29
2021-09-25;"60+";4;4;4;4;4;4;4;4;4;4;4;4;46;46;46;46;46;46;46;46;46;46;46;46;1;1;1;1;1;1;1;1;1;1;1;4;46
2021-09-25;"alle";10;10;10;10;10;10;10;10;10;10;10;10;75;75;75;75;75;75;75;75;75;75;75;75;NA;NA;NA;NA;NA;NA;NA;NA;NA;NA;NA;10;75
2021-09-24;"0-60";2;2;2;2;2;2;2;2;2;2;2;2;34;34;34;34;34;34;34;34;34;34;34;34;1;1;1;1;1;1;1;1;1;1;1;2;34
2021-09-24;"60+";6;6;6;6;6;6;6;6;6;6;6;6;49;49;49;49;49;49;49;49;49;49;49;49;1;1;1;1;1;1;1;1;1;1;1;6;49
2021-09-24;"alle";8;8;8;8;8;8;8;8;8;8;8;8;83;83;83;83;83;83;83;83;83;83;83;83;NA;NA;NA;NA;NA;NA;NA;NA;NA;NA;NA;8;83
2021-09-23;"0-60";4;4;4;4;4;4;4;4;4;4;4;4;38;38;38;38;38;38;38;38;38;38;38;38;1;1;1;1;1;1;1;1;1;1;1;4;38
2021-09-23;"60+";8;8;8;8;8;8;8;8;8;8;8;8;47;47;47;47;47;47;47;47;47;47;47;47;1;1;1;1;1;1;1;1;1;1;1;8;47
2021-09-23;"alle";12;12;12;12;12;12;12;12;12;12;12;12;85;85;85;85;85;85;85;85;85;85;85;85;NA;NA;NA;NA;NA;NA;NA;NA;NA;NA;NA;12;85
2021-09-22;"0-60";5;5;5;5;5;5;5;5;5;5;5;5;40;40;40;40;40;40;40;40;40;40;40;40;1;1;1;1;1;1;1;1;1;1;1;5;40
2021-09-22;"60+";9;9;9;9;9;9;9;9;9;9;9;9;46;46;46;46;46;46;46;46;46;46;46;46;1;1;1;1;1;1;1;1;1;1;1;9;46
2021-09-22;"alle";14;14;14;14;14;14;14;14;14;14;14;14;86;86;86;86;86;86;86;86;86;86;86;86;NA;NA;NA;NA;NA;NA;NA;NA;NA;NA;NA;14;86
2021-09-21;"0-60";6;6;6;6;6;6;6;6;6;6;6;6;45;45;45;45;45;45;45;45;45;45;45;45;1;1;1;1;1;1;1;1;1;1;1;6;45
2021-09-21;"60+";11;11;11;11;11;11;11;11;11;11;11;11;49;49;49;49;49;49;49;49;49;49;49;49;1;1;1;1;1;1;1;1;1;1;1;11;49
2021-09-21;"alle";17;17;17;17;17;17;17;17;17;17;17;17;94;94;94;94;94;94;94;94;94;94;94;94;NA;NA;NA;NA;NA;NA;NA;NA;NA;NA;NA;17;94
2021-09-20;"0-60";2;2;2;2;2;2;2;2;2;2;2;2;42;42;42;42;42;42;42;42;42;42;42;42;1;1;1;1;1;1;1;1;1;1;1;2;42
2021-09-20;"60+";1;1;1;1;1;1;1;1;1;1;1;1;42;42;42;42;42;42;42;42;42;42;42;42;1;1;1;1;1;1;1;1;1;1;1;1;42
2021-09-20;"alle";3;3;3;3;3;3;3;3;3;3;3;3;84;84;84;84;84;84;84;84;84;84;84;84;NA;NA;NA;NA;NA;NA;NA;NA;NA;NA;NA;3;84
2021-09-19;"0-60";4;4;4;4;4;4;4;4;4;4;4;4;42;42;42;42;42;42;42;42;42;42;42;42;1;1;1;1;1;1;1;1;1;1;1;4;42
2021-09-19;"60+";7;7;7;7;7;7;7;7;7;7;7;7;42;42;42;42;42;42;42;42;42;42;42;42;1;1;1;1;1;1;1;1;1;1;1;7;42
2021-09-19;"alle";11;11;11;11;11;11;11;11;11;11;11;11;84;84;84;84;84;84;84;84;84;84;84;84;NA;NA;NA;NA;NA;NA;NA;NA;NA;NA;NA;11;84
2021-09-18;"0-60";11;11;11;11;11;11;11;11;11;11;11;11;41;41;41;41;41;41;41;41;41;41;41;41;1;1;1;1;1;1;1;1;1;1;1;11;41
2021-09-18;"60+";7;7;7;7;7;7;7;7;7;7;7;7;38;38;38;38;38;38;38;38;38;38;38;38;1;1;1;1;1;1;1;1;1;1;1;7;37
2021-09-18;"alle";18;18;18;18;18;18;18;18;18;18;18;18;79;79;79;79;79;79;79;79;79;79;79;79;NA;NA;NA;NA;NA;NA;NA;NA;NA;NA;NA;18;78
2021-09-17;"0-60";6;6;6;6;6;6;6;6;6;6;6;6;38;38;38;38;38;38;38;38;38;38;38;38;1;1;1;1;1;1;1;1;1;1;1;6;38
2021-09-17;"60+";4;4;4;4;4;4;4;4;4;4;4;4;38;38;38;38;38;38;38;38;38;38;38;38;1;1;1;1;1;1;1;1;1;1;1;4;37
2021-09-17;"alle";10;10;10;10;10;10;10;10;10;10;10;10;76;76;76;76;76;76;76;76;76;76;76;76;NA;NA;NA;NA;NA;NA;NA;NA;NA;NA;NA;10;75
2021-09-16;"0-60";6;6;6;6;6;6;6;6;6;6;6;6;37;37;37;37;37;37;37;37;37;37;37;37;1;1;1;1;1;1;1;1;1;1;1;6;37
2021-09-16;"60+";7;7;7;7;7;7;7;7;7;7;7;7;37;37;37;37;37;37;37;37;37;37;37;37;1;1;1;1;1;1;1;1;1;1;1;7;36
2021-09-16;"alle";13;13;13;13;13;13;13;13;13;13;13;13;74;74;74;74;74;74;74;74;74;74;74;74;NA;NA;NA;NA;NA;NA;NA;NA;NA;NA;NA;13;73
2021-09-15;"0-60";10;10;10;10;10;10;10;10;10;10;10;10;39;39;39;39;39;39;39;39;39;39;39;39;1;1;1;1;1;1;1;1;1;1;1;10;39
2021-09-15;"60+";12;12;12;12;12;12;12;12;12;12;12;12;34;34;34;34;34;34;34;34;34;34;34;34;1;1;1;1;1;1;1;1;1;1;1;12;33
2021-09-15;"alle";22;22;22;22;22;22;22;22;22;22;22;22;73;73;73;73;73;73;73;73;73;73;73;73;NA;NA;NA;NA;NA;NA;NA;NA;NA;NA;NA;22;72
2021-09-14;"0-60";3;3;3;3;3;3;3;3;3;3;3;3;31;31;31;31;31;31;31;31;31;31;31;31;1;1;1;1;1;1;1;1;1;1;1;3;31
2021-09-14;"60+";4;4;4;4;4;4;4;4;4;4;4;4;31;31;31;31;31;31;31;31;31;31;31;31;1;1;1;1;1;1;1;1;1;1;1;4;29
2021-09-14;"alle";7;7;7;7;7;7;7;7;7;7;7;7;62;62;62;62;62;62;62;62;62;62;62;62;NA;NA;NA;NA;NA;NA;NA;NA;NA;NA;NA;7;60
2021-09-13;"0-60";2;2;2;2;2;2;2;2;2;2;2;2;34;34;34;34;34;34;34;34;34;34;34;34;1;1;1;1;1;1;1;1;1;1;1;2;34
2021-09-13;"60+";1;1;1;1;1;1;1;1;1;1;1;1;33;33;33;33;33;33;33;33;33;33;33;33;1;1;1;1;1;1;1;1;1;1;1;1;31
2021-09-13;"alle";3;3;3;3;3;3;3;3;3;3;3;3;67;67;67;67;67;67;67;67;67;67;67;67;NA;NA;NA;NA;NA;NA;NA;NA;NA;NA;NA;3;65
2021-09-12;"0-60";3;3;3;3;3;3;3;3;3;3;3;3;33;33;33;33;33;33;33;33;33;33;33;33;1;1;1;1;1;1;1;1;1;1;1;3;33
2021-09-12;"60+";3;3;3;3;3;3;3;3;3;3;3;3;34;34;34;34;34;34;34;34;34;34;34;34;1;1;1;1;1;1;1;1;1;1;1;2;32
2021-09-12;"alle";6;6;6;6;6;6;6;6;6;6;6;6;67;67;67;67;67;67;67;67;67;67;67;67;NA;NA;NA;NA;NA;NA;NA;NA;NA;NA;NA;5;65
2021-09-11;"0-60";8;8;8;8;8;8;8;8;8;8;8;8;34;34;34;34;34;34;34;34;34;34;34;34;1;1;1;1;1;1;1;1;1;1;1;8;34
2021-09-11;"60+";7;7;7;7;7;7;7;7;7;7;7;7;33;33;33;33;33;33;33;33;33;33;33;33;1;1;1;1;1;1;1;1;1;1;1;7;32
2021-09-11;"alle";15;15;15;15;15;15;15;15;15;15;15;15;67;67;67;67;67;67;67;67;67;67;67;67;NA;NA;NA;NA;NA;NA;NA;NA;NA;NA;NA;15;66
2021-09-10;"0-60";5;5;5;5;5;5;5;5;5;5;5;5;32;32;32;32;32;32;32;32;32;32;32;32;1;1;1;1;1;1;1;1;1;1;1;5;32
2021-09-10;"60+";3;3;3;3;3;3;3;3;3;3;3;3;32;32;32;32;32;32;32;32;32;32;32;32;1;1;1;1;1;1;1;1;1;1;1;3;31
2021-09-10;"alle";8;8;8;8;8;8;8;8;8;8;8;8;64;64;64;64;64;64;64;64;64;64;64;64;NA;NA;NA;NA;NA;NA;NA;NA;NA;NA;NA;8;63
2021-09-09;"0-60";8;8;8;8;8;8;8;8;8;8;8;8;31;31;31;31;31;31;31;31;31;31;31;31;1;1;1;1;1;1;1;1;1;1;1;8;31
2021-09-09;"60+";4;4;4;4;4;4;4;4;4;4;4;4;33;33;33;33;33;33;33;33;33;33;33;33;1;1;1;1;1;1;1;1;1;1;1;4;30
2021-09-09;"alle";12;12;12;12;12;12;12;12;12;12;12;12;64;64;64;64;64;64;64;64;64;64;64;64;NA;NA;NA;NA;NA;NA;NA;NA;NA;NA;NA;12;61
2021-09-08;"0-60";2;2;2;2;2;2;2;2;2;2;2;2;26;26;26;26;26;26;26;26;26;26;26;26;1;1;1;1;1;1;1;1;1;1;1;2;26
2021-09-08;"60+";9;9;9;9;9;9;9;9;9;9;9;9;37;37;37;37;37;37;37;37;37;37;37;37;1;1;1;1;1;1;1;1;1;1;1;8;33
2021-09-08;"alle";11;11;11;11;11;11;11;11;11;11;11;11;63;63;63;63;63;63;63;63;63;63;63;63;NA;NA;NA;NA;NA;NA;NA;NA;NA;NA;NA;10;59
2021-09-07;"0-60";6;6;6;6;6;6;6;6;6;6;6;6;28;28;28;28;28;28;28;28;28;28;28;28;1;1;1;1;1;1;1;1;1;1;1;6;28
2021-09-07;"60+";6;6;6;6;6;6;6;6;6;6;6;6;32;32;32;32;32;32;32;32;32;32;32;32;1;1;1;1;1;1;1;1;1;1;1;6;29
2021-09-07;"alle";12;12;12;12;12;12;12;12;12;12;12;12;60;60;60;60;60;60;60;60;60;60;60;60;NA;NA;NA;NA;NA;NA;NA;NA;NA;NA;NA;12;57
2021-09-06;"0-60";1;1;1;1;1;1;1;1;1;1;1;1;29;29;29;29;29;29;29;29;29;29;29;29;1;1;1;1;1;1;1;1;1;1;1;1;29
2021-09-06;"60+";2;2;2;2;2;2;2;2;2;2;2;2;30;30;30;30;30;30;30;30;30;30;30;30;1;1;1;1;1;1;1;1;1;1;1;2;27
2021-09-06;"alle";3;3;3;3;3;3;3;3;3;3;3;3;59;59;59;59;59;59;59;59;59;59;59;59;NA;NA;NA;NA;NA;NA;NA;NA;NA;NA;NA;3;56
2021-09-05;"0-60";4;4;4;4;4;4;4;4;4;4;4;4;28;28;28;28;28;28;28;28;28;28;28;28;1;1;1;1;1;1;1;1;1;1;1;4;28
2021-09-05;"60+";2;2;2;2;2;2;2;2;2;2;2;2;28;28;28;28;28;28;28;28;28;28;28;28;1;1;1;1;1;1;1;1;1;1;1;2;25
2021-09-05;"alle";6;6;6;6;6;6;6;6;6;6;6;6;56;56;56;56;56;56;56;56;56;56;56;56;NA;NA;NA;NA;NA;NA;NA;NA;NA;NA;NA;6;53
2021-09-04;"0-60";6;6;6;6;6;6;6;6;6;6;6;6;25;25;25;25;25;25;25;25;25;25;25;25;1;1;1;1;1;1;1;1;1;1;1;6;25
2021-09-04;"60+";6;6;6;6;6;6;6;6;6;6;6;6;27;27;27;27;27;27;27;27;27;27;27;27;1;1;1;1;1;1;1;1;1;1;1;6;24
2021-09-04;"alle";12;12;12;12;12;12;12;12;12;12;12;12;52;52;52;52;52;52;52;52;52;52;52;52;NA;NA;NA;NA;NA;NA;NA;NA;NA;NA;NA;12;49
2021-09-03;"0-60";4;4;4;4;4;4;4;4;4;4;4;4;23;23;23;23;23;23;23;23;23;23;23;23;1;1;1;1;1;1;1;1;1;1;1;4;23
2021-09-03;"60+";4;4;4;4;4;4;4;4;4;4;4;4;23;23;23;23;23;23;23;23;23;23;23;23;1;1;1;1;1;1;1;1;1;1;1;2;20
2021-09-03;"alle";8;8;8;8;8;8;8;8;8;8;8;8;46;46;46;46;46;46;46;46;46;46;46;46;NA;NA;NA;NA;NA;NA;NA;NA;NA;NA;NA;6;43
2021-09-02;"0-60";3;3;3;3;3;3;3;3;3;3;3;3;26;26;26;26;26;26;26;26;26;26;26;26;1;1;1;1;1;1;1;1;1;1;1;3;26
2021-09-02;"60+";8;8;8;8;8;8;8;8;8;8;8;8;20;20;20;20;20;20;20;20;20;20;20;20;1;1;1;1;1;1;1;1;1;1;1;7;19
2021-09-02;"alle";11;11;11;11;11;11;11;11;11;11;11;11;46;46;46;46;46;46;46;46;46;46;46;46;NA;NA;NA;NA;NA;NA;NA;NA;NA;NA;NA;10;45
2021-09-01;"0-60";4;4;4;4;4;4;4;4;4;4;4;4;24;24;24;24;24;24;24;24;24;24;24;24;1;1;1;1;1;1;1;1;1;1;1;4;24
2021-09-01;"60+";4;4;4;4;4;4;4;4;4;4;4;4;16;16;16;16;16;16;16;16;16;16;16;16;1;1;1;1;1;1;1;1;1;1;1;4;15
2021-09-01;"alle";8;8;8;8;8;8;8;8;8;8;8;8;40;40;40;40;40;40;40;40;40;40;40;40;NA;NA;NA;NA;NA;NA;NA;NA;NA;NA;NA;8;39
2021-08-31;"0-60";7;7;7;7;7;7;7;7;7;7;7;7;27;27;27;27;27;27;27;27;27;27;27;27;1;1;1;1;1;1;1;1;1;1;1;7;27
2021-08-31;"60+";4;4;4;4;4;4;4;4;4;4;4;4;18;18;18;18;18;18;18;18;18;18;18;18;1;1;1;1;1;1;1;1;1;1;1;4;17
2021-08-31;"alle";11;11;11;11;11;11;11;11;11;11;11;11;45;45;45;45;45;45;45;45;45;45;45;45;NA;NA;NA;NA;NA;NA;NA;NA;NA;NA;NA;11;44
2021-08-30;"0-60";0;0;0;0;0;0;0;0;0;0;0;0;24;24;24;24;24;24;24;24;24;24;24;24;1;1;1;1;1;1;1;1;1;1;1;0;24
2021-08-30;"60+";0;0;0;0;0;0;0;0;0;0;0;0;15;15;15;15;15;15;15;15;15;15;15;15;1;1;1;1;1;1;1;1;1;1;1;0;14
2021-08-30;"alle";0;0;0;0;0;0;0;0;0;0;0;0;39;39;39;39;39;39;39;39;39;39;39;39;NA;NA;NA;NA;NA;NA;NA;NA;NA;NA;NA;0;38
2021-08-29;"0-60";1;1;1;1;1;1;1;1;1;1;1;1;25;25;25;25;25;25;25;25;25;25;25;25;1;1;1;1;1;1;1;1;1;1;1;1;25
2021-08-29;"60+";1;1;1;1;1;1;1;1;1;1;1;1;15;15;15;15;15;15;15;15;15;15;15;15;1;1;1;1;1;1;1;1;1;1;1;1;14
2021-08-29;"alle";2;2;2;2;2;2;2;2;2;2;2;2;40;40;40;40;40;40;40;40;40;40;40;40;NA;NA;NA;NA;NA;NA;NA;NA;NA;NA;NA;2;39
2021-08-28;"0-60";4;4;4;4;4;4;4;4;4;4;4;4;30;30;30;30;30;30;30;30;30;30;30;30;1;1;1;1;1;1;1;1;1;1;1;4;30
2021-08-28;"60+";2;2;2;2;2;2;2;2;2;2;2;2;17;17;17;17;17;17;17;17;17;17;17;17;1;1;1;1;1;1;1;1;1;1;1;2;16
2021-08-28;"alle";6;6;6;6;6;6;6;6;6;6;6;6;47;47;47;47;47;47;47;47;47;47;47;47;NA;NA;NA;NA;NA;NA;NA;NA;NA;NA;NA;6;46
2021-08-27;"0-60";7;7;7;7;7;7;7;7;7;7;7;7;28;28;28;28;28;28;28;28;28;28;28;28;1;1;1;1;1;1;1;1;1;1;1;7;28
2021-08-27;"60+";1;1;1;1;1;1;1;1;1;1;1;1;18;18;18;18;18;18;18;18;18;18;18;18;1;1;1;1;1;1;1;1;1;1;1;1;17
2021-08-27;"alle";8;8;8;8;8;8;8;8;8;8;8;8;46;46;46;46;46;46;46;46;46;46;46;46;NA;NA;NA;NA;NA;NA;NA;NA;NA;NA;NA;8;45
2021-08-26;"0-60";1;1;1;1;1;1;1;1;1;1;1;1;23;23;23;23;23;23;23;23;23;23;23;23;1;1;1;1;1;1;1;1;1;1;1;1;23
2021-08-26;"60+";4;4;4;4;4;4;4;4;4;4;4;4;20;20;20;20;20;20;20;20;20;20;20;20;1;1;1;1;1;1;1;1;1;1;1;3;19
2021-08-26;"alle";5;5;5;5;5;5;5;5;5;5;5;5;43;43;43;43;43;43;43;43;43;43;43;43;NA;NA;NA;NA;NA;NA;NA;NA;NA;NA;NA;4;42
2021-08-25;"0-60";7;7;7;7;7;7;7;7;7;7;7;7;29;29;29;29;29;29;29;29;29;29;29;29;1;1;1;1;1;1;1;1;1;1;1;7;29
2021-08-25;"60+";6;6;6;6;6;6;6;6;6;6;6;6;19;19;19;19;19;19;19;19;19;19;19;19;1;1;1;1;1;1;1;1;1;1;1;6;19
2021-08-25;"alle";13;13;13;13;13;13;13;13;13;13;13;13;48;48;48;48;48;48;48;48;48;48;48;48;NA;NA;NA;NA;NA;NA;NA;NA;NA;NA;NA;13;48
2021-08-24;"0-60";4;4;4;4;4;4;4;4;4;4;4;4;28;28;28;28;28;28;28;28;28;28;28;28;1;1;1;1;1;1;1;1;1;1;1;4;28
2021-08-24;"60+";1;1;1;1;1;1;1;1;1;1;1;1;17;17;17;17;17;17;17;17;17;17;17;17;1;1;1;1;1;1;1;1;1;1;1;1;17
2021-08-24;"alle";5;5;5;5;5;5;5;5;5;5;5;5;45;45;45;45;45;45;45;45;45;45;45;45;NA;NA;NA;NA;NA;NA;NA;NA;NA;NA;NA;5;45
2021-08-23;"0-60";1;1;1;1;1;1;1;1;1;1;1;1;26;26;26;26;26;26;26;26;26;26;26;26;1;1;1;1;1;1;1;1;1;1;1;1;26
2021-08-23;"60+";0;0;0;0;0;0;0;0;0;0;0;0;18;18;18;18;18;18;18;18;18;18;18;18;1;1;1;1;1;1;1;1;1;1;1;0;18
2021-08-23;"alle";1;1;1;1;1;1;1;1;1;1;1;1;44;44;44;44;44;44;44;44;44;44;44;44;NA;NA;NA;NA;NA;NA;NA;NA;NA;NA;NA;1;44
2021-08-22;"0-60";6;6;6;6;6;6;6;6;6;6;6;6;26;26;26;26;26;26;26;26;26;26;26;26;1;1;1;1;1;1;1;1;1;1;1;6;26
2021-08-22;"60+";3;3;3;3;3;3;3;3;3;3;3;3;18;18;18;18;18;18;18;18;18;18;18;18;1;1;1;1;1;1;1;1;1;1;1;3;18
2021-08-22;"alle";9;9;9;9;9;9;9;9;9;9;9;9;44;44;44;44;44;44;44;44;44;44;44;44;NA;NA;NA;NA;NA;NA;NA;NA;NA;NA;NA;9;44
2021-08-21;"0-60";2;2;2;2;2;2;2;2;2;2;2;2;21;21;21;21;21;21;21;21;21;21;21;21;1;1;1;1;1;1;1;1;1;1;1;2;21
2021-08-21;"60+";3;3;3;3;3;3;3;3;3;3;3;3;16;16;16;16;16;16;16;16;16;16;16;16;1;1;1;1;1;1;1;1;1;1;1;3;16
2021-08-21;"alle";5;5;5;5;5;5;5;5;5;5;5;5;37;37;37;37;37;37;37;37;37;37;37;37;NA;NA;NA;NA;NA;NA;NA;NA;NA;NA;NA;5;37
2021-08-20;"0-60";2;2;2;2;2;2;2;2;2;2;2;2;22;22;22;22;22;22;22;22;22;22;22;22;1;1;1;1;1;1;1;1;1;1;1;2;22
2021-08-20;"60+";3;3;3;3;3;3;3;3;3;3;3;3;16;16;16;16;16;16;16;16;16;16;16;16;1;1;1;1;1;1;1;1;1;1;1;3;16
2021-08-20;"alle";5;5;5;5;5;5;5;5;5;5;5;5;38;38;38;38;38;38;38;38;38;38;38;38;NA;NA;NA;NA;NA;NA;NA;NA;NA;NA;NA;5;38
2021-08-19;"0-60";7;7;7;7;7;7;7;7;7;7;7;7;25;25;25;25;25;25;25;25;25;25;25;25;1;1;1;1;1;1;1;1;1;1;1;7;25
2021-08-19;"60+";3;3;3;3;3;3;3;3;3;3;3;3;16;16;16;16;16;16;16;16;16;16;16;16;1;1;1;1;1;1;1;1;1;1;1;3;16
2021-08-19;"alle";10;10;10;10;10;10;10;10;10;10;10;10;41;41;41;41;41;41;41;41;41;41;41;41;NA;NA;NA;NA;NA;NA;NA;NA;NA;NA;NA;10;41
2021-08-18;"0-60";6;6;6;6;6;6;6;6;6;6;6;6;21;21;21;21;21;21;21;21;21;21;21;21;1;1;1;1;1;1;1;1;1;1;1;6;21
2021-08-18;"60+";4;4;4;4;4;4;4;4;4;4;4;4;15;15;15;15;15;15;15;15;15;15;15;15;1;1;1;1;1;1;1;1;1;1;1;4;15
2021-08-18;"alle";10;10;10;10;10;10;10;10;10;10;10;10;36;36;36;36;36;36;36;36;36;36;36;36;NA;NA;NA;NA;NA;NA;NA;NA;NA;NA;NA;10;36
2021-08-17;"0-60";2;2;2;2;2;2;2;2;2;2;2;2;17;17;17;17;17;17;17;17;17;17;17;17;1;1;1;1;1;1;1;1;1;1;1;2;17
2021-08-17;"60+";2;2;2;2;2;2;2;2;2;2;2;2;14;14;14;14;14;14;14;14;14;14;14;14;1;1;1;1;1;1;1;1;1;1;1;2;14
2021-08-17;"alle";4;4;4;4;4;4;4;4;4;4;4;4;31;31;31;31;31;31;31;31;31;31;31;31;NA;NA;NA;NA;NA;NA;NA;NA;NA;NA;NA;4;31
2021-08-16;"0-60";1;1;1;1;1;1;1;1;1;1;1;1;15;15;15;15;15;15;15;15;15;15;15;15;1;1;1;1;1;1;1;1;1;1;1;1;15
2021-08-16;"60+";0;0;0;0;0;0;0;0;0;0;0;0;14;14;14;14;14;14;14;14;14;14;14;14;1;1;1;1;1;1;1;1;1;1;1;0;14
2021-08-16;"alle";1;1;1;1;1;1;1;1;1;1;1;1;29;29;29;29;29;29;29;29;29;29;29;29;NA;NA;NA;NA;NA;NA;NA;NA;NA;NA;NA;1;29
2021-08-15;"0-60";1;1;1;1;1;1;1;1;1;1;1;1;14;14;14;14;14;14;14;14;14;14;14;14;1;1;1;1;1;1;1;1;1;1;1;1;14
2021-08-15;"60+";1;1;1;1;1;1;1;1;1;1;1;1;15;15;15;15;15;15;15;15;15;15;15;15;1;1;1;1;1;1;1;1;1;1;1;1;15
2021-08-15;"alle";2;2;2;2;2;2;2;2;2;2;2;2;29;29;29;29;29;29;29;29;29;29;29;29;NA;NA;NA;NA;NA;NA;NA;NA;NA;NA;NA;2;29
2021-08-14;"0-60";3;3;3;3;3;3;3;3;3;3;3;3;15;15;15;15;15;15;15;15;15;15;15;15;1;1;1;1;1;1;1;1;1;1;1;3;15
2021-08-14;"60+";3;3;3;3;3;3;3;3;3;3;3;3;16;16;16;16;16;16;16;16;16;16;16;16;1;1;1;1;1;1;1;1;1;1;1;3;16
2021-08-14;"alle";6;6;6;6;6;6;6;6;6;6;6;6;31;31;31;31;31;31;31;31;31;31;31;31;NA;NA;NA;NA;NA;NA;NA;NA;NA;NA;NA;6;31
2021-08-13;"0-60";5;5;5;5;5;5;5;5;5;5;5;5;15;15;15;15;15;15;15;15;15;15;15;15;1;1;1;1;1;1;1;1;1;1;1;5;15
2021-08-13;"60+";3;3;3;3;3;3;3;3;3;3;3;3;14;14;14;14;14;14;14;14;14;14;14;14;1;1;1;1;1;1;1;1;1;1;1;3;14
2021-08-13;"alle";8;8;8;8;8;8;8;8;8;8;8;8;29;29;29;29;29;29;29;29;29;29;29;29;NA;NA;NA;NA;NA;NA;NA;NA;NA;NA;NA;8;29
2021-08-12;"0-60";3;3;3;3;3;3;3;3;3;3;3;3;11;11;11;11;11;11;11;11;11;11;11;11;1;1;1;1;1;1;1;1;1;1;1;3;11
2021-08-12;"60+";2;2;2;2;2;2;2;2;2;2;2;2;14;14;14;14;14;14;14;14;14;14;14;14;1;1;1;1;1;1;1;1;1;1;1;2;14
2021-08-12;"alle";5;5;5;5;5;5;5;5;5;5;5;5;25;25;25;25;25;25;25;25;25;25;25;25;NA;NA;NA;NA;NA;NA;NA;NA;NA;NA;NA;5;25
2021-08-11;"0-60";2;2;2;2;2;2;2;2;2;2;2;2;9;9;9;9;9;9;9;9;9;9;9;9;1;1;1;1;1;1;1;1;1;1;1;2;9
2021-08-11;"60+";3;3;3;3;3;3;3;3;3;3;3;3;12;12;12;12;12;12;12;12;12;12;12;12;1;1;1;1;1;1;1;1;1;1;1;3;12
2021-08-11;"alle";5;5;5;5;5;5;5;5;5;5;5;5;21;21;21;21;21;21;21;21;21;21;21;21;NA;NA;NA;NA;NA;NA;NA;NA;NA;NA;NA;5;21
2021-08-10;"0-60";0;0;0;0;0;0;0;0;0;0;0;0;10;10;10;10;10;10;10;10;10;10;10;10;1;1;1;1;1;1;1;1;1;1;1;0;10
2021-08-10;"60+";2;2;2;2;2;2;2;2;2;2;2;2;11;11;11;11;11;11;11;11;11;11;11;11;1;1;1;1;1;1;1;1;1;1;1;2;11
2021-08-10;"alle";2;2;2;2;2;2;2;2;2;2;2;2;21;21;21;21;21;21;21;21;21;21;21;21;NA;NA;NA;NA;NA;NA;NA;NA;NA;NA;NA;2;21
2021-08-09;"0-60";0;0;0;0;0;0;0;0;0;0;0;0;15;15;15;15;15;15;15;15;15;15;15;15;1;1;1;1;1;1;1;1;1;1;1;0;15
2021-08-09;"60+";1;1;1;1;1;1;1;1;1;1;1;1;11;11;11;11;11;11;11;11;11;11;11;11;1;1;1;1;1;1;1;1;1;1;1;1;11
2021-08-09;"alle";1;1;1;1;1;1;1;1;1;1;1;1;26;26;26;26;26;26;26;26;26;26;26;26;NA;NA;NA;NA;NA;NA;NA;NA;NA;NA;NA;1;26
2021-08-08;"0-60";2;2;2;2;2;2;2;2;2;2;2;2;15;15;15;15;15;15;15;15;15;15;15;15;1;1;1;1;1;1;1;1;1;1;1;2;15
2021-08-08;"60+";2;2;2;2;2;2;2;2;2;2;2;2;10;10;10;10;10;10;10;10;10;10;10;10;1;1;1;1;1;1;1;1;1;1;1;2;10
2021-08-08;"alle";4;4;4;4;4;4;4;4;4;4;4;4;25;25;25;25;25;25;25;25;25;25;25;25;NA;NA;NA;NA;NA;NA;NA;NA;NA;NA;NA;4;25
2021-08-07;"0-60";3;3;3;3;3;3;3;3;3;3;3;3;13;13;13;13;13;13;13;13;13;13;13;13;1;1;1;1;1;1;1;1;1;1;1;3;13
2021-08-07;"60+";1;1;1;1;1;1;1;1;1;1;1;1;8;8;8;8;8;8;8;8;8;8;8;8;1;1;1;1;1;1;1;1;1;1;1;1;8
2021-08-07;"alle";4;4;4;4;4;4;4;4;4;4;4;4;21;21;21;21;21;21;21;21;21;21;21;21;NA;NA;NA;NA;NA;NA;NA;NA;NA;NA;NA;4;21
2021-08-06;"0-60";1;1;1;1;1;1;1;1;1;1;1;1;10;10;10;10;10;10;10;10;10;10;10;10;1;1;1;1;1;1;1;1;1;1;1;1;10
2021-08-06;"60+";3;3;3;3;3;3;3;3;3;3;3;3;10;10;10;10;10;10;10;10;10;10;10;10;1;1;1;1;1;1;1;1;1;1;1;3;10
2021-08-06;"alle";4;4;4;4;4;4;4;4;4;4;4;4;20;20;20;20;20;20;20;20;20;20;20;20;NA;NA;NA;NA;NA;NA;NA;NA;NA;NA;NA;4;20
2021-08-05;"0-60";1;1;1;1;1;1;1;1;1;1;1;1;10;10;10;10;10;10;10;10;10;10;10;10;1;1;1;1;1;1;1;1;1;1;1;1;10
2021-08-05;"60+";0;0;0;0;0;0;0;0;0;0;0;0;11;11;11;11;11;11;11;11;11;11;11;11;1;1;1;1;1;1;1;1;1;1;1;0;10
2021-08-05;"alle";1;1;1;1;1;1;1;1;1;1;1;1;21;21;21;21;21;21;21;21;21;21;21;21;NA;NA;NA;NA;NA;NA;NA;NA;NA;NA;NA;1;20
2021-08-04;"0-60";3;3;3;3;3;3;3;3;3;3;3;3;10;10;10;10;10;10;10;10;10;10;10;10;1;1;1;1;1;1;1;1;1;1;1;3;10
2021-08-04;"60+";2;2;2;2;2;2;2;2;2;2;2;2;12;12;12;12;12;12;12;12;12;12;12;12;1;1;1;1;1;1;1;1;1;1;1;2;11
2021-08-04;"alle";5;5;5;5;5;5;5;5;5;5;5;5;22;22;22;22;22;22;22;22;22;22;22;22;NA;NA;NA;NA;NA;NA;NA;NA;NA;NA;NA;5;21
2021-08-03;"0-60";5;5;5;5;5;5;5;5;5;5;5;5;10;10;10;10;10;10;10;10;10;10;10;10;1;1;1;1;1;1;1;1;1;1;1;5;10
2021-08-03;"60+";2;2;2;2;2;2;2;2;2;2;2;2;10;10;10;10;10;10;10;10;10;10;10;10;1;1;1;1;1;1;1;1;1;1;1;2;9
2021-08-03;"alle";7;7;7;7;7;7;7;7;7;7;7;7;20;20;20;20;20;20;20;20;20;20;20;20;NA;NA;NA;NA;NA;NA;NA;NA;NA;NA;NA;7;19
2021-08-02;"0-60";0;0;0;0;0;0;0;0;0;0;0;0;5;5;5;5;5;5;5;5;5;5;5;5;1;1;1;1;1;1;1;1;1;1;1;0;5
2021-08-02;"60+";0;0;0;0;0;0;0;0;0;0;0;0;9;9;9;9;9;9;9;9;9;9;9;9;1;1;1;1;1;1;1;1;1;1;1;0;8
2021-08-02;"alle";0;0;0;0;0;0;0;0;0;0;0;0;14;14;14;14;14;14;14;14;14;14;14;14;NA;NA;NA;NA;NA;NA;NA;NA;NA;NA;NA;0;13
2021-08-01;"0-60";0;0;0;0;0;0;0;0;0;0;0;0;5;5;5;5;5;5;5;5;5;5;5;5;1;1;1;1;1;1;1;1;1;1;1;0;5
2021-08-01;"60+";0;0;0;0;0;0;0;0;0;0;0;0;10;10;10;10;10;10;10;10;10;10;10;10;1;1;1;1;1;1;1;1;1;1;1;0;9
2021-08-01;"alle";0;0;0;0;0;0;0;0;0;0;0;0;15;15;15;15;15;15;15;15;15;15;15;15;NA;NA;NA;NA;NA;NA;NA;NA;NA;NA;NA;0;14
2021-07-31;"0-60";0;0;0;0;0;0;0;0;0;0;0;0;5;5;5;5;5;5;5;5;5;5;5;5;1;1;1;1;1;1;1;1;1;1;1;0;5
2021-07-31;"60+";3;3;3;3;3;3;3;3;3;3;3;3;10;10;10;10;10;10;10;10;10;10;10;10;1;1;1;1;1;1;1;1;1;1;1;3;9
2021-07-31;"alle";3;3;3;3;3;3;3;3;3;3;3;3;15;15;15;15;15;15;15;15;15;15;15;15;NA;NA;NA;NA;NA;NA;NA;NA;NA;NA;NA;3;14
2021-07-30;"0-60";1;1;1;1;1;1;1;1;1;1;1;1;8;8;8;8;8;8;8;8;8;8;8;8;1;1;1;1;1;1;1;1;1;1;1;1;8
2021-07-30;"60+";4;4;4;4;4;4;4;4;4;4;4;4;8;8;8;8;8;8;8;8;8;8;8;8;1;1;1;1;1;1;1;1;1;1;1;3;7
2021-07-30;"alle";5;5;5;5;5;5;5;5;5;5;5;5;16;16;16;16;16;16;16;16;16;16;16;16;NA;NA;NA;NA;NA;NA;NA;NA;NA;NA;NA;4;15
2021-07-29;"0-60";1;1;1;1;1;1;1;1;1;1;1;1;7;7;7;7;7;7;7;7;7;7;7;7;1;1;1;1;1;1;1;1;1;1;1;1;7
2021-07-29;"60+";1;1;1;1;1;1;1;1;1;1;1;1;5;5;5;5;5;5;5;5;5;5;5;5;1;1;1;1;1;1;1;1;1;1;1;1;5
2021-07-29;"alle";2;2;2;2;2;2;2;2;2;2;2;2;12;12;12;12;12;12;12;12;12;12;12;12;NA;NA;NA;NA;NA;NA;NA;NA;NA;NA;NA;2;12
2021-07-28;"0-60";3;3;3;3;3;3;3;3;3;3;3;3;6;6;6;6;6;6;6;6;6;6;6;6;1;1;1;1;1;1;1;1;1;1;1;3;6
2021-07-28;"60+";0;0;0;0;0;0;0;0;0;0;0;0;5;5;5;5;5;5;5;5;5;5;5;5;1;1;1;1;1;1;1;1;1;1;1;0;5
2021-07-28;"alle";3;3;3;3;3;3;3;3;3;3;3;3;11;11;11;11;11;11;11;11;11;11;11;11;NA;NA;NA;NA;NA;NA;NA;NA;NA;NA;NA;3;11
2021-07-27;"0-60";0;0;0;0;0;0;0;0;0;0;0;0;5;5;5;5;5;5;5;5;5;5;5;5;1;1;1;1;1;1;1;1;1;1;1;0;5
2021-07-27;"60+";1;1;1;1;1;1;1;1;1;1;1;1;6;6;6;6;6;6;6;6;6;6;6;6;1;1;1;1;1;1;1;1;1;1;1;1;6
2021-07-27;"alle";1;1;1;1;1;1;1;1;1;1;1;1;11;11;11;11;11;11;11;11;11;11;11;11;NA;NA;NA;NA;NA;NA;NA;NA;NA;NA;NA;1;11
2021-07-26;"0-60";0;0;0;0;0;0;0;0;0;0;0;0;6;6;6;6;6;6;6;6;6;6;6;6;1;1;1;1;1;1;1;1;1;1;1;0;6
2021-07-26;"60+";1;1;1;1;1;1;1;1;1;1;1;1;7;7;7;7;7;7;7;7;7;7;7;7;1;1;1;1;1;1;1;1;1;1;1;1;6
2021-07-26;"alle";1;1;1;1;1;1;1;1;1;1;1;1;13;13;13;13;13;13;13;13;13;13;13;13;NA;NA;NA;NA;NA;NA;NA;NA;NA;NA;NA;1;12
2021-07-25;"0-60";0;0;0;0;0;0;0;0;0;0;0;0;6;6;6;6;6;6;6;6;6;6;6;6;1;1;1;1;1;1;1;1;1;1;1;0;6
2021-07-25;"60+";0;0;0;0;0;0;0;0;0;0;0;0;6;6;6;6;6;6;6;6;6;6;6;6;1;1;1;1;1;1;1;1;1;1;1;0;5
2021-07-25;"alle";0;0;0;0;0;0;0;0;0;0;0;0;12;12;12;12;12;12;12;12;12;12;12;12;NA;NA;NA;NA;NA;NA;NA;NA;NA;NA;NA;0;11
2021-07-24;"0-60";3;3;3;3;3;3;3;3;3;3;3;3;7;7;7;7;7;7;7;7;7;7;7;7;1;1;1;1;1;1;1;1;1;1;1;3;7
2021-07-24;"60+";1;1;1;1;1;1;1;1;1;1;1;1;7;7;7;7;7;7;7;7;7;7;7;7;1;1;1;1;1;1;1;1;1;1;1;1;6
2021-07-24;"alle";4;4;4;4;4;4;4;4;4;4;4;4;14;14;14;14;14;14;14;14;14;14;14;14;NA;NA;NA;NA;NA;NA;NA;NA;NA;NA;NA;4;13
2021-07-23;"0-60";0;0;0;0;0;0;0;0;0;0;0;0;4;4;4;4;4;4;4;4;4;4;4;4;1;1;1;1;1;1;1;1;1;1;1;0;4
2021-07-23;"60+";1;1;1;1;1;1;1;1;1;1;1;1;8;8;8;8;8;8;8;8;8;8;8;8;1;1;1;1;1;1;1;1;1;1;1;1;7
2021-07-23;"alle";1;1;1;1;1;1;1;1;1;1;1;1;12;12;12;12;12;12;12;12;12;12;12;12;NA;NA;NA;NA;NA;NA;NA;NA;NA;NA;NA;1;11
2021-07-22;"0-60";0;0;0;0;0;0;0;0;0;0;0;0;5;5;5;5;5;5;5;5;5;5;5;5;1;1;1;1;1;1;1;1;1;1;1;0;5
2021-07-22;"60+";1;1;1;1;1;1;1;1;1;1;1;1;7;7;7;7;7;7;7;7;7;7;7;7;1;1;1;1;1;1;1;1;1;1;1;1;6
2021-07-22;"alle";1;1;1;1;1;1;1;1;1;1;1;1;12;12;12;12;12;12;12;12;12;12;12;12;NA;NA;NA;NA;NA;NA;NA;NA;NA;NA;NA;1;11
2021-07-21;"0-60";2;2;2;2;2;2;2;2;2;2;2;2;6;6;6;6;6;6;6;6;6;6;6;6;1;1;1;1;1;1;1;1;1;1;1;2;6
2021-07-21;"60+";1;1;1;1;1;1;1;1;1;1;1;1;6;6;6;6;6;6;6;6;6;6;6;6;1;1;1;1;1;1;1;1;1;1;1;1;5
2021-07-21;"alle";3;3;3;3;3;3;3;3;3;3;3;3;12;12;12;12;12;12;12;12;12;12;12;12;NA;NA;NA;NA;NA;NA;NA;NA;NA;NA;NA;3;11
2021-07-20;"0-60";1;1;1;1;1;1;1;1;1;1;1;1;4;4;4;4;4;4;4;4;4;4;4;4;1;1;1;1;1;1;1;1;1;1;1;1;4
2021-07-20;"60+";2;2;2;2;2;2;2;2;2;2;2;2;9;9;9;9;9;9;9;9;9;9;9;9;1;1;1;1;1;1;1;1;1;1;1;1;8
2021-07-20;"alle";3;3;3;3;3;3;3;3;3;3;3;3;13;13;13;13;13;13;13;13;13;13;13;13;NA;NA;NA;NA;NA;NA;NA;NA;NA;NA;NA;2;12
2021-07-19;"0-60";0;0;0;0;0;0;0;0;0;0;0;0;7;7;7;7;7;7;7;7;7;7;7;7;1;1;1;1;1;1;1;1;1;1;1;0;7
2021-07-19;"60+";0;0;0;0;0;0;0;0;0;0;0;0;9;9;9;9;9;9;9;9;9;9;9;9;1;1;1;1;1;1;1;1;1;1;1;0;9
2021-07-19;"alle";0;0;0;0;0;0;0;0;0;0;0;0;16;16;16;16;16;16;16;16;16;16;16;16;NA;NA;NA;NA;NA;NA;NA;NA;NA;NA;NA;0;16
2021-07-18;"0-60";1;1;1;1;1;1;1;1;1;1;1;1;7;7;7;7;7;7;7;7;7;7;7;7;1;1;1;1;1;1;1;1;1;1;1;1;7
2021-07-18;"60+";1;1;1;1;1;1;1;1;1;1;1;1;9;9;9;9;9;9;9;9;9;9;9;9;1;1;1;1;1;1;1;1;1;1;1;1;9
2021-07-18;"alle";2;2;2;2;2;2;2;2;2;2;2;2;16;16;16;16;16;16;16;16;16;16;16;16;NA;NA;NA;NA;NA;NA;NA;NA;NA;NA;NA;2;16
2021-07-17;"0-60";0;0;0;0;0;0;0;0;0;0;0;0;7;7;7;7;7;7;7;7;7;7;7;7;1;1;1;1;1;1;1;1;1;1;1;0;7
2021-07-17;"60+";2;2;2;2;2;2;2;2;2;2;2;2;9;9;9;9;9;9;9;9;9;9;9;9;1;1;1;1;1;1;1;1;1;1;1;2;9
2021-07-17;"alle";2;2;2;2;2;2;2;2;2;2;2;2;16;16;16;16;16;16;16;16;16;16;16;16;NA;NA;NA;NA;NA;NA;NA;NA;NA;NA;NA;2;16
2021-07-16;"0-60";1;1;1;1;1;1;1;1;1;1;1;1;7;7;7;7;7;7;7;7;7;7;7;7;1;1;1;1;1;1;1;1;1;1;1;1;7
2021-07-16;"60+";0;0;0;0;0;0;0;0;0;0;0;0;7;7;7;7;7;7;7;7;7;7;7;7;1;1;1;1;1;1;1;1;1;1;1;0;7
2021-07-16;"alle";1;1;1;1;1;1;1;1;1;1;1;1;14;14;14;14;14;14;14;14;14;14;14;14;NA;NA;NA;NA;NA;NA;NA;NA;NA;NA;NA;1;14
2021-07-15;"0-60";1;1;1;1;1;1;1;1;1;1;1;1;6;6;6;6;6;6;6;6;6;6;6;6;1;1;1;1;1;1;1;1;1;1;1;1;6
2021-07-15;"60+";0;0;0;0;0;0;0;0;0;0;0;0;9;9;9;9;9;9;9;9;9;9;9;9;1;1;1;1;1;1;1;1;1;1;1;0;9
2021-07-15;"alle";1;1;1;1;1;1;1;1;1;1;1;1;15;15;15;15;15;15;15;15;15;15;15;15;NA;NA;NA;NA;NA;NA;NA;NA;NA;NA;NA;1;15
2021-07-14;"0-60";0;0;0;0;0;0;0;0;0;0;0;0;6;6;6;6;6;6;6;6;6;6;6;6;1;1;1;1;1;1;1;1;1;1;1;0;6
2021-07-14;"60+";4;4;4;4;4;4;4;4;4;4;4;4;10;10;10;10;10;10;10;10;10;10;10;10;1;1;1;1;1;1;1;1;1;1;1;4;10
2021-07-14;"alle";4;4;4;4;4;4;4;4;4;4;4;4;16;16;16;16;16;16;16;16;16;16;16;16;NA;NA;NA;NA;NA;NA;NA;NA;NA;NA;NA;4;16
2021-07-13;"0-60";4;4;4;4;4;4;4;4;4;4;4;4;7;7;7;7;7;7;7;7;7;7;7;7;1;1;1;1;1;1;1;1;1;1;1;4;7
2021-07-13;"60+";2;2;2;2;2;2;2;2;2;2;2;2;7;7;7;7;7;7;7;7;7;7;7;7;1;1;1;1;1;1;1;1;1;1;1;2;7
2021-07-13;"alle";6;6;6;6;6;6;6;6;6;6;6;6;14;14;14;14;14;14;14;14;14;14;14;14;NA;NA;NA;NA;NA;NA;NA;NA;NA;NA;NA;6;14
2021-07-12;"0-60";0;0;0;0;0;0;0;0;0;0;0;0;6;6;6;6;6;6;6;6;6;6;6;6;1;1;1;1;1;1;1;1;1;1;1;0;6
2021-07-12;"60+";0;0;0;0;0;0;0;0;0;0;0;0;6;6;6;6;6;6;6;6;6;6;6;6;1;1;1;1;1;1;1;1;1;1;1;0;6
2021-07-12;"alle";0;0;0;0;0;0;0;0;0;0;0;0;12;12;12;12;12;12;12;12;12;12;12;12;NA;NA;NA;NA;NA;NA;NA;NA;NA;NA;NA;0;12
2021-07-11;"0-60";1;1;1;1;1;1;1;1;1;1;1;1;6;6;6;6;6;6;6;6;6;6;6;6;1;1;1;1;1;1;1;1;1;1;1;1;6
2021-07-11;"60+";1;1;1;1;1;1;1;1;1;1;1;1;6;6;6;6;6;6;6;6;6;6;6;6;1;1;1;1;1;1;1;1;1;1;1;1;6
2021-07-11;"alle";2;2;2;2;2;2;2;2;2;2;2;2;12;12;12;12;12;12;12;12;12;12;12;12;NA;NA;NA;NA;NA;NA;NA;NA;NA;NA;NA;2;12
2021-07-10;"0-60";0;0;0;0;0;0;0;0;0;0;0;0;5;5;5;5;5;5;5;5;5;5;5;5;1;1;1;1;1;1;1;1;1;1;1;0;5
2021-07-10;"60+";0;0;0;0;0;0;0;0;0;0;0;0;5;5;5;5;5;5;5;5;5;5;5;5;1;1;1;1;1;1;1;1;1;1;1;0;5
2021-07-10;"alle";0;0;0;0;0;0;0;0;0;0;0;0;10;10;10;10;10;10;10;10;10;10;10;10;NA;NA;NA;NA;NA;NA;NA;NA;NA;NA;NA;0;10
2021-07-09;"0-60";0;0;0;0;0;0;0;0;0;0;0;0;5;5;5;5;5;5;5;5;5;5;5;5;1;1;1;1;1;1;1;1;1;1;1;0;5
2021-07-09;"60+";2;2;2;2;2;2;2;2;2;2;2;2;6;6;6;6;6;6;6;6;6;6;6;6;1;1;1;1;1;1;1;1;1;1;1;2;6
2021-07-09;"alle";2;2;2;2;2;2;2;2;2;2;2;2;11;11;11;11;11;11;11;11;11;11;11;11;NA;NA;NA;NA;NA;NA;NA;NA;NA;NA;NA;2;11
2021-07-08;"0-60";1;1;1;1;1;1;1;1;1;1;1;1;5;5;5;5;5;5;5;5;5;5;5;5;1;1;1;1;1;1;1;1;1;1;1;1;5
2021-07-08;"60+";1;1;1;1;1;1;1;1;1;1;1;1;6;6;6;6;6;6;6;6;6;6;6;6;1;1;1;1;1;1;1;1;1;1;1;1;6
2021-07-08;"alle";2;2;2;2;2;2;2;2;2;2;2;2;11;11;11;11;11;11;11;11;11;11;11;11;NA;NA;NA;NA;NA;NA;NA;NA;NA;NA;NA;2;11
2021-07-07;"0-60";1;1;1;1;1;1;1;1;1;1;1;1;4;4;4;4;4;4;4;4;4;4;4;4;1;1;1;1;1;1;1;1;1;1;1;1;4
2021-07-07;"60+";1;1;1;1;1;1;1;1;1;1;1;1;5;5;5;5;5;5;5;5;5;5;5;5;1;1;1;1;1;1;1;1;1;1;1;1;5
2021-07-07;"alle";2;2;2;2;2;2;2;2;2;2;2;2;9;9;9;9;9;9;9;9;9;9;9;9;NA;NA;NA;NA;NA;NA;NA;NA;NA;NA;NA;2;9
2021-07-06;"0-60";3;3;3;3;3;3;3;3;3;3;3;3;3;3;3;3;3;3;3;3;3;3;3;3;1;1;1;1;1;1;1;1;1;1;1;3;3
2021-07-06;"60+";1;1;1;1;1;1;1;1;1;1;1;1;4;4;4;4;4;4;4;4;4;4;4;4;1;1;1;1;1;1;1;1;1;1;1;1;4
2021-07-06;"alle";4;4;4;4;4;4;4;4;4;4;4;4;7;7;7;7;7;7;7;7;7;7;7;7;NA;NA;NA;NA;NA;NA;NA;NA;NA;NA;NA;4;7
2021-07-05;"0-60";0;0;0;0;0;0;0;0;0;0;0;0;0;0;0;0;0;0;0;0;0;0;0;0;1;1;1;1;1;1;1;1;1;1;1;0;0
2021-07-05;"60+";0;0;0;0;0;0;0;0;0;0;0;0;4;4;4;4;4;4;4;4;4;4;4;4;1;1;1;1;1;1;1;1;1;1;1;0;4
2021-07-05;"alle";0;0;0;0;0;0;0;0;0;0;0;0;4;4;4;4;4;4;4;4;4;4;4;4;NA;NA;NA;NA;NA;NA;NA;NA;NA;NA;NA;0;4
2021-07-04;"0-60";0;0;0;0;0;0;0;0;0;0;0;0;0;0;0;0;0;0;0;0;0;0;0;0;1;1;1;1;1;1;1;1;1;1;1;0;0
2021-07-04;"60+";0;0;0;0;0;0;0;0;0;0;0;0;5;5;5;5;5;5;5;5;5;5;5;5;1;1;1;1;1;1;1;1;1;1;1;0;5
2021-07-04;"alle";0;0;0;0;0;0;0;0;0;0;0;0;5;5;5;5;5;5;5;5;5;5;5;5;NA;NA;NA;NA;NA;NA;NA;NA;NA;NA;NA;0;5
2021-07-03;"0-60";0;0;0;0;0;0;0;0;0;0;0;0;0;0;0;0;0;0;0;0;0;0;0;0;1;1;1;1;1;1;1;1;1;1;1;0;0
2021-07-03;"60+";1;1;1;1;1;1;1;1;1;1;1;1;6;6;6;6;6;6;6;6;6;6;6;6;1;1;1;1;1;1;1;1;1;1;1;1;6
2021-07-03;"alle";1;1;1;1;1;1;1;1;1;1;1;1;6;6;6;6;6;6;6;6;6;6;6;6;NA;NA;NA;NA;NA;NA;NA;NA;NA;NA;NA;1;6
2021-07-02;"0-60";0;0;0;0;0;0;0;0;0;0;0;0;2;2;2;2;2;2;2;2;2;2;2;2;1;1;1;1;1;1;1;1;1;1;1;0;2
2021-07-02;"60+";2;2;2;2;2;2;2;2;2;2;2;2;5;5;5;5;5;5;5;5;5;5;5;5;1;1;1;1;1;1;1;1;1;1;1;2;5
2021-07-02;"alle";2;2;2;2;2;2;2;2;2;2;2;2;7;7;7;7;7;7;7;7;7;7;7;7;NA;NA;NA;NA;NA;NA;NA;NA;NA;NA;NA;2;7
2021-07-01;"0-60";0;0;0;0;0;0;0;0;0;0;0;0;4;4;4;4;4;4;4;4;4;4;4;4;1;1;1;1;1;1;1;1;1;1;1;0;4
2021-07-01;"60+";0;0;0;0;0;0;0;0;0;0;0;0;4;4;4;4;4;4;4;4;4;4;4;4;1;1;1;1;1;1;1;1;1;1;1;0;4
2021-07-01;"alle";0;0;0;0;0;0;0;0;0;0;0;0;8;8;8;8;8;8;8;8;8;8;8;8;NA;NA;NA;NA;NA;NA;NA;NA;NA;NA;NA;0;8
2021-06-30;"0-60";0;0;0;0;0;0;0;0;0;0;0;0;6;6;6;6;6;6;6;6;6;6;6;6;1;1;1;1;1;1;1;1;1;1;1;0;6
2021-06-30;"60+";0;0;0;0;0;0;0;0;0;0;0;0;5;5;5;5;5;5;5;5;5;5;5;5;1;1;1;1;1;1;1;1;1;1;1;0;5
2021-06-30;"alle";0;0;0;0;0;0;0;0;0;0;0;0;11;11;11;11;11;11;11;11;11;11;11;11;NA;NA;NA;NA;NA;NA;NA;NA;NA;NA;NA;0;11
2021-06-29;"0-60";0;0;0;0;0;0;0;0;0;0;0;0;7;7;7;7;7;7;7;7;7;7;7;7;1;1;1;1;1;1;1;1;1;1;1;0;7
2021-06-29;"60+";1;1;1;1;1;1;1;1;1;1;1;1;9;9;9;9;9;9;9;9;9;9;9;9;1;1;1;1;1;1;1;1;1;1;1;1;9
2021-06-29;"alle";1;1;1;1;1;1;1;1;1;1;1;1;16;16;16;16;16;16;16;16;16;16;16;16;NA;NA;NA;NA;NA;NA;NA;NA;NA;NA;NA;1;16
2021-06-28;"0-60";0;0;0;0;0;0;0;0;0;0;0;0;11;11;11;11;11;11;11;11;11;11;11;11;1;1;1;1;1;1;1;1;1;1;1;0;11
2021-06-28;"60+";1;1;1;1;1;1;1;1;1;1;1;1;10;10;10;10;10;10;10;10;10;10;10;10;1;1;1;1;1;1;1;1;1;1;1;1;10
2021-06-28;"alle";1;1;1;1;1;1;1;1;1;1;1;1;21;21;21;21;21;21;21;21;21;21;21;21;NA;NA;NA;NA;NA;NA;NA;NA;NA;NA;NA;1;21
2021-06-27;"0-60";0;0;0;0;0;0;0;0;0;0;0;0;11;11;11;11;11;11;11;11;11;11;11;11;1;1;1;1;1;1;1;1;1;1;1;0;11
2021-06-27;"60+";1;1;1;1;1;1;1;1;1;1;1;1;9;9;9;9;9;9;9;9;9;9;9;9;1;1;1;1;1;1;1;1;1;1;1;1;9
2021-06-27;"alle";1;1;1;1;1;1;1;1;1;1;1;1;20;20;20;20;20;20;20;20;20;20;20;20;NA;NA;NA;NA;NA;NA;NA;NA;NA;NA;NA;1;20
2021-06-26;"0-60";2;2;2;2;2;2;2;2;2;2;2;2;11;11;11;11;11;11;11;11;11;11;11;11;1;1;1;1;1;1;1;1;1;1;1;2;11
2021-06-26;"60+";0;0;0;0;0;0;0;0;0;0;0;0;9;9;9;9;9;9;9;9;9;9;9;9;1;1;1;1;1;1;1;1;1;1;1;0;9
2021-06-26;"alle";2;2;2;2;2;2;2;2;2;2;2;2;20;20;20;20;20;20;20;20;20;20;20;20;NA;NA;NA;NA;NA;NA;NA;NA;NA;NA;NA;2;20
2021-06-25;"0-60";2;2;2;2;2;2;2;2;2;2;2;2;10;10;10;10;10;10;10;10;10;10;10;10;1;1;1;1;1;1;1;1;1;1;1;2;10
2021-06-25;"60+";1;1;1;1;1;1;1;1;1;1;1;1;11;11;11;11;11;11;11;11;11;11;11;11;1;1;1;1;1;1;1;1;1;1;1;1;11
2021-06-25;"alle";3;3;3;3;3;3;3;3;3;3;3;3;21;21;21;21;21;21;21;21;21;21;21;21;NA;NA;NA;NA;NA;NA;NA;NA;NA;NA;NA;3;21
2021-06-24;"0-60";2;2;2;2;2;2;2;2;2;2;2;2;9;9;9;9;9;9;9;9;9;9;9;9;1;1;1;1;1;1;1;1;1;1;1;2;9
2021-06-24;"60+";1;1;1;1;1;1;1;1;1;1;1;1;13;13;13;13;13;13;13;13;13;13;13;13;1;1;1;1;1;1;1;1;1;1;1;1;13
2021-06-24;"alle";3;3;3;3;3;3;3;3;3;3;3;3;22;22;22;22;22;22;22;22;22;22;22;22;NA;NA;NA;NA;NA;NA;NA;NA;NA;NA;NA;3;22
2021-06-23;"0-60";1;1;1;1;1;1;1;1;1;1;1;1;7;7;7;7;7;7;7;7;7;7;7;7;1;1;1;1;1;1;1;1;1;1;1;1;7
2021-06-23;"60+";4;4;4;4;4;4;4;4;4;4;4;4;14;14;14;14;14;14;14;14;14;14;14;14;1;1;1;1;1;1;1;1;1;1;1;4;14
2021-06-23;"alle";5;5;5;5;5;5;5;5;5;5;5;5;21;21;21;21;21;21;21;21;21;21;21;21;NA;NA;NA;NA;NA;NA;NA;NA;NA;NA;NA;5;21
2021-06-22;"0-60";4;4;4;4;4;4;4;4;4;4;4;4;10;10;10;10;10;10;10;10;10;10;10;10;1;1;1;1;1;1;1;1;1;1;1;4;10
2021-06-22;"60+";2;2;2;2;2;2;2;2;2;2;2;2;13;13;13;13;13;13;13;13;13;13;13;13;1;1;1;1;1;1;1;1;1;1;1;2;13
2021-06-22;"alle";6;6;6;6;6;6;6;6;6;6;6;6;23;23;23;23;23;23;23;23;23;23;23;23;NA;NA;NA;NA;NA;NA;NA;NA;NA;NA;NA;6;23
2021-06-21;"0-60";0;0;0;0;0;0;0;0;0;0;0;0;9;9;9;9;9;9;9;9;9;9;9;9;1;1;1;1;1;1;1;1;1;1;1;0;9
2021-06-21;"60+";0;0;0;0;0;0;0;0;0;0;0;0;17;17;17;17;17;17;17;17;17;17;17;17;1;1;1;1;1;1;1;1;1;1;1;0;17
2021-06-21;"alle";0;0;0;0;0;0;0;0;0;0;0;0;26;26;26;26;26;26;26;26;26;26;26;26;NA;NA;NA;NA;NA;NA;NA;NA;NA;NA;NA;0;26
2021-06-20;"0-60";0;0;0;0;0;0;0;0;0;0;0;0;10;10;10;10;10;10;10;10;10;10;10;10;1;1;1;1;1;1;1;1;1;1;1;0;10
2021-06-20;"60+";1;1;1;1;1;1;1;1;1;1;1;1;19;19;19;19;19;19;19;19;19;19;19;19;1;1;1;1;1;1;1;1;1;1;1;1;18
2021-06-20;"alle";1;1;1;1;1;1;1;1;1;1;1;1;29;29;29;29;29;29;29;29;29;29;29;29;NA;NA;NA;NA;NA;NA;NA;NA;NA;NA;NA;1;28
2021-06-19;"0-60";1;1;1;1;1;1;1;1;1;1;1;1;11;11;11;11;11;11;11;11;11;11;11;11;1;1;1;1;1;1;1;1;1;1;1;1;11
2021-06-19;"60+";2;2;2;2;2;2;2;2;2;2;2;2;18;18;18;18;18;18;18;18;18;18;18;18;1;1;1;1;1;1;1;1;1;1;1;2;17
2021-06-19;"alle";3;3;3;3;3;3;3;3;3;3;3;3;29;29;29;29;29;29;29;29;29;29;29;29;NA;NA;NA;NA;NA;NA;NA;NA;NA;NA;NA;3;28
2021-06-18;"0-60";1;1;1;1;1;1;1;1;1;1;1;1;11;11;11;11;11;11;11;11;11;11;11;11;1;1;1;1;1;1;1;1;1;1;1;1;11
2021-06-18;"60+";3;3;3;3;3;3;3;3;3;3;3;3;21;21;21;21;21;21;21;21;21;21;21;21;1;1;1;1;1;1;1;1;1;1;1;3;20
2021-06-18;"alle";4;4;4;4;4;4;4;4;4;4;4;4;32;32;32;32;32;32;32;32;32;32;32;32;NA;NA;NA;NA;NA;NA;NA;NA;NA;NA;NA;4;31
2021-06-17;"0-60";0;0;0;0;0;0;0;0;0;0;0;0;12;12;12;12;12;12;12;12;12;12;12;12;1;1;1;1;1;1;1;1;1;1;1;0;12
2021-06-17;"60+";2;2;2;2;2;2;2;2;2;2;2;2;22;22;22;22;22;22;22;22;22;22;22;22;1;1;1;1;1;1;1;1;1;1;1;2;21
2021-06-17;"alle";2;2;2;2;2;2;2;2;2;2;2;2;34;34;34;34;34;34;34;34;34;34;34;34;NA;NA;NA;NA;NA;NA;NA;NA;NA;NA;NA;2;33
2021-06-16;"0-60";4;4;4;4;4;4;4;4;4;4;4;4;14;14;14;14;14;14;14;14;14;14;14;14;1;1;1;1;1;1;1;1;1;1;1;4;14
2021-06-16;"60+";3;3;3;3;3;3;3;3;3;3;3;3;28;28;28;28;28;28;28;28;28;28;28;28;1;1;1;1;1;1;1;1;1;1;1;3;27
2021-06-16;"alle";7;7;7;7;7;7;7;7;7;7;7;7;42;42;42;42;42;42;42;42;42;42;42;42;NA;NA;NA;NA;NA;NA;NA;NA;NA;NA;NA;7;41
2021-06-15;"0-60";3;3;3;3;3;3;3;3;3;3;3;3;12;12;12;12;12;12;12;12;12;12;12;12;1;1;1;1;1;1;1;1;1;1;1;3;12
2021-06-15;"60+";6;6;6;6;6;6;6;6;6;6;6;6;30;30;30;30;30;30;30;30;30;30;30;30;1;1;1;1;1;1;1;1;1;1;1;6;29
2021-06-15;"alle";9;9;9;9;9;9;9;9;9;9;9;9;42;42;42;42;42;42;42;42;42;42;42;42;NA;NA;NA;NA;NA;NA;NA;NA;NA;NA;NA;9;41
2021-06-14;"0-60";1;1;1;1;1;1;1;1;1;1;1;1;13;13;13;13;13;13;13;13;13;13;13;13;1;1;1;1;1;1;1;1;1;1;1;1;13
2021-06-14;"60+";2;2;2;2;2;2;2;2;2;2;2;2;30;30;30;30;30;30;30;30;30;30;30;30;1;1;1;1;1;1;1;1;1;1;1;1;29
2021-06-14;"alle";3;3;3;3;3;3;3;3;3;3;3;3;43;43;43;43;43;43;43;43;43;43;43;43;NA;NA;NA;NA;NA;NA;NA;NA;NA;NA;NA;2;42
2021-06-13;"0-60";1;1;1;1;1;1;1;1;1;1;1;1;12;12;12;12;12;12;12;12;12;12;12;12;1;1;1;1;1;1;1;1;1;1;1;1;12
2021-06-13;"60+";0;0;0;0;0;0;0;0;0;0;0;0;31;31;31;31;31;31;31;31;31;31;31;31;1;1;1;1;1;1;1;1;1;1;1;0;31
2021-06-13;"alle";1;1;1;1;1;1;1;1;1;1;1;1;43;43;43;43;43;43;43;43;43;43;43;43;NA;NA;NA;NA;NA;NA;NA;NA;NA;NA;NA;1;43
2021-06-12;"0-60";1;1;1;1;1;1;1;1;1;1;1;1;12;12;12;12;12;12;12;12;12;12;12;12;1;1;1;1;1;1;1;1;1;1;1;1;12
2021-06-12;"60+";5;5;5;5;5;5;5;5;5;5;5;5;38;38;38;38;38;38;38;38;38;38;38;38;1;1;1;1;1;1;1;1;1;1;1;5;37
2021-06-12;"alle";6;6;6;6;6;6;6;6;6;6;6;6;50;50;50;50;50;50;50;50;50;50;50;50;NA;NA;NA;NA;NA;NA;NA;NA;NA;NA;NA;6;49
2021-06-11;"0-60";2;2;2;2;2;2;2;2;2;2;2;2;12;12;12;12;12;12;12;12;12;12;12;12;1;1;1;1;1;1;1;1;1;1;1;2;12
2021-06-11;"60+";4;4;4;4;4;4;4;4;4;4;4;4;37;37;37;37;37;37;37;37;37;37;37;37;1;1;1;1;1;1;1;1;1;1;1;4;36
2021-06-11;"alle";6;6;6;6;6;6;6;6;6;6;6;6;49;49;49;49;49;49;49;49;49;49;49;49;NA;NA;NA;NA;NA;NA;NA;NA;NA;NA;NA;6;48
2021-06-10;"0-60";2;2;2;2;2;2;2;2;2;2;2;2;12;12;12;12;12;12;12;12;12;12;12;12;1;1;1;1;1;1;1;1;1;1;1;2;12
2021-06-10;"60+";8;8;8;8;8;8;8;8;8;8;8;8;40;40;40;40;40;40;40;40;40;40;40;40;1;1;1;1;1;1;1;1;1;1;1;8;39
2021-06-10;"alle";10;10;10;10;10;10;10;10;10;10;10;10;52;52;52;52;52;52;52;52;52;52;52;52;NA;NA;NA;NA;NA;NA;NA;NA;NA;NA;NA;10;51
2021-06-09;"0-60";2;2;2;2;2;2;2;2;2;2;2;2;13;13;13;13;13;13;13;13;13;13;13;13;1;1;1;1;1;1;1;1;1;1;1;2;13
2021-06-09;"60+";5;5;5;5;5;5;5;5;5;5;5;5;43;43;43;43;43;43;43;43;43;43;43;43;1;1;1;1;1;1;1;1;1;1;1;5;42
2021-06-09;"alle";7;7;7;7;7;7;7;7;7;7;7;7;56;56;56;56;56;56;56;56;56;56;56;56;NA;NA;NA;NA;NA;NA;NA;NA;NA;NA;NA;7;55
2021-06-08;"0-60";4;4;4;4;4;4;4;4;4;4;4;4;18;18;18;18;18;18;18;18;18;18;18;18;1;1;1;1;1;1;1;1;1;1;1;4;18
2021-06-08;"60+";6;6;6;6;6;6;6;6;6;6;6;6;48;48;48;48;48;48;48;48;48;48;48;48;1;1;1;1;1;1;1;1;1;1;1;6;47
2021-06-08;"alle";10;10;10;10;10;10;10;10;10;10;10;10;66;66;66;66;66;66;66;66;66;66;66;66;NA;NA;NA;NA;NA;NA;NA;NA;NA;NA;NA;10;65
2021-06-07;"0-60";0;0;0;0;0;0;0;0;0;0;0;0;22;22;22;22;22;22;22;22;22;22;22;22;1;1;1;1;1;1;1;1;1;1;1;0;22
2021-06-07;"60+";3;3;3;3;3;3;3;3;3;3;3;3;61;61;61;61;61;61;61;61;61;61;61;61;1;1;1;1;1;1;1;1;1;1;1;3;57
2021-06-07;"alle";3;3;3;3;3;3;3;3;3;3;3;3;83;83;83;83;83;83;83;83;83;83;83;83;NA;NA;NA;NA;NA;NA;NA;NA;NA;NA;NA;3;79
2021-06-06;"0-60";1;1;1;1;1;1;1;1;1;1;1;1;22;22;22;22;22;22;22;22;22;22;22;22;1;1;1;1;1;1;1;1;1;1;1;1;22
2021-06-06;"60+";7;7;7;7;7;7;7;7;7;7;7;7;61;61;61;61;61;61;61;61;61;61;61;61;1;1;1;1;1;1;1;1;1;1;1;6;57
2021-06-06;"alle";8;8;8;8;8;8;8;8;8;8;8;8;83;83;83;83;83;83;83;83;83;83;83;83;NA;NA;NA;NA;NA;NA;NA;NA;NA;NA;NA;7;79
2021-06-05;"0-60";1;1;1;1;1;1;1;1;1;1;1;1;22;22;22;22;22;22;22;22;22;22;22;22;1;1;1;1;1;1;1;1;1;1;1;1;22
2021-06-05;"60+";4;4;4;4;4;4;4;4;4;4;4;4;64;64;64;64;64;64;64;64;64;64;64;64;1;1;1;1;1;1;1;1;1;1;1;4;61
2021-06-05;"alle";5;5;5;5;5;5;5;5;5;5;5;5;86;86;86;86;86;86;86;86;86;86;86;86;NA;NA;NA;NA;NA;NA;NA;NA;NA;NA;NA;5;83
2021-06-04;"0-60";2;2;2;2;2;2;2;2;2;2;2;2;24;24;24;24;24;24;24;24;24;24;24;24;1;1;1;1;1;1;1;1;1;1;1;2;24
2021-06-04;"60+";7;7;7;7;7;7;7;7;7;7;7;7;72;72;72;72;72;72;72;72;72;72;72;72;1;1;1;1;1;1;1;1;1;1;1;7;68
2021-06-04;"alle";9;9;9;9;9;9;9;9;9;9;9;9;96;96;96;96;96;96;96;96;96;96;96;96;NA;NA;NA;NA;NA;NA;NA;NA;NA;NA;NA;9;92
2021-06-03;"0-60";3;3;3;3;3;3;3;3;3;3;3;3;27;27;27;27;27;27;27;27;27;27;27;27;1;1;1;1;1;1;1;1;1;1;1;3;27
2021-06-03;"60+";11;11;11;11;11;11;11;11;11;11;11;11;79;79;79;79;79;79;79;79;79;79;79;79;1;1;1;1;1;1;1;1;1;1;1;11;75
2021-06-03;"alle";14;14;14;14;14;14;14;14;14;14;14;14;106;106;106;106;106;106;106;106;106;106;106;106;NA;NA;NA;NA;NA;NA;NA;NA;NA;NA;NA;14;102
2021-06-02;"0-60";7;7;7;7;7;7;7;7;7;7;7;7;31;31;31;31;31;31;31;31;31;31;31;31;1;1;1;1;1;1;1;1;1;1;1;7;30
2021-06-02;"60+";10;10;10;10;10;10;10;10;10;10;10;10;92;92;92;92;92;92;92;92;92;92;92;92;1;1;1;1;1;1;1;1;1;1;1;10;88
2021-06-02;"alle";17;17;17;17;17;17;17;17;17;17;17;17;123;123;123;123;123;123;123;123;123;123;123;123;NA;NA;NA;NA;NA;NA;NA;NA;NA;NA;NA;17;118
2021-06-01;"0-60";8;8;8;8;8;8;8;8;8;8;8;8;41;41;41;41;41;41;41;41;41;41;41;41;1;1;1;1;1;1;1;1;1;1;1;8;40
2021-06-01;"60+";19;19;19;19;19;19;19;19;19;19;19;19;113;113;113;113;113;113;113;113;113;113;113;113;1;1;1;1;1;1;1;1;1;1;1;16;106
2021-06-01;"alle";27;27;27;27;27;27;27;27;27;27;27;27;154;154;154;154;154;154;154;154;154;154;154;154;NA;NA;NA;NA;NA;NA;NA;NA;NA;NA;NA;24;146
2021-05-31;"0-60";0;0;0;0;0;0;0;0;0;0;0;0;34;34;34;34;34;34;34;34;34;34;34;34;1;1;1;1;1;1;1;1;1;1;1;0;33
2021-05-31;"60+";3;3;3;3;3;3;3;3;3;3;3;3;103;103;103;103;103;103;103;103;103;103;103;103;1;1;1;1;1;1;1;1;1;1;1;3;99
2021-05-31;"alle";3;3;3;3;3;3;3;3;3;3;3;3;137;137;137;137;137;137;137;137;137;137;137;137;NA;NA;NA;NA;NA;NA;NA;NA;NA;NA;NA;3;132
2021-05-30;"0-60";1;1;1;1;1;1;1;1;1;1;1;1;36;36;36;36;36;36;36;36;36;36;36;36;1;1;1;1;1;1;1;1;1;1;1;1;35
2021-05-30;"60+";10;10;10;10;10;10;10;10;10;10;10;10;110;110;110;110;110;110;110;110;110;110;110;110;1;1;1;1;1;1;1;1;1;1;1;10;105
2021-05-30;"alle";11;11;11;11;11;11;11;11;11;11;11;11;146;146;146;146;146;146;146;146;146;146;146;146;NA;NA;NA;NA;NA;NA;NA;NA;NA;NA;NA;11;141
2021-05-29;"0-60";3;3;3;3;3;3;3;3;3;3;3;3;45;45;45;45;45;45;45;45;45;45;45;45;1;1;1;1;1;1;1;1;1;1;1;3;43
2021-05-29;"60+";12;12;12;12;12;12;12;12;12;12;12;12;107;107;107;107;107;107;107;107;107;107;107;107;1;1;1;1;1;1;1;1;1;1;1;11;102
2021-05-29;"alle";15;15;15;15;15;15;15;15;15;15;15;15;152;152;152;152;152;152;152;152;152;152;152;152;NA;NA;NA;NA;NA;NA;NA;NA;NA;NA;NA;14;146
2021-05-28;"0-60";5;5;5;5;5;5;5;5;5;5;5;5;49;49;49;49;49;49;49;49;49;49;49;49;1;1;1;1;1;1;1;1;1;1;1;5;47
2021-05-28;"60+";14;14;14;14;14;14;14;14;14;14;14;14;129;129;129;129;129;129;129;129;129;129;129;129;1;1;1;1;1;1;1;1;1;1;1;14;124
2021-05-28;"alle";19;19;19;19;19;19;19;19;19;19;19;19;178;178;178;178;178;178;178;178;178;178;178;178;NA;NA;NA;NA;NA;NA;NA;NA;NA;NA;NA;19;172
2021-05-27;"0-60";7;7;7;7;7;7;7;7;7;7;7;7;54;54;54;54;54;54;54;54;54;54;54;54;1;1;1;1;1;1;1;1;1;1;1;6;52
2021-05-27;"60+";24;24;24;24;24;24;24;24;24;24;24;24;133;133;133;133;133;133;133;133;133;133;133;133;1;1;1;1;1;1;1;1;1;1;1;24;128
2021-05-27;"alle";31;31;31;31;31;31;31;31;31;31;31;31;187;187;187;187;187;187;187;187;187;187;187;187;NA;NA;NA;NA;NA;NA;NA;NA;NA;NA;NA;30;181
2021-05-26;"0-60";17;17;17;17;17;17;17;17;17;17;17;17;56;56;56;56;56;56;56;56;56;56;56;56;1;1;1;1;1;1;1;1;1;1;1;17;55
2021-05-26;"60+";31;31;31;31;31;31;31;31;31;31;31;31;148;148;148;148;148;148;148;148;148;148;148;148;1;1;1;1;1;1;1;1;1;1;1;28;141
2021-05-26;"alle";48;48;48;48;48;48;48;48;48;48;48;48;204;204;204;204;204;204;204;204;204;204;204;204;NA;NA;NA;NA;NA;NA;NA;NA;NA;NA;NA;45;197
2021-05-25;"0-60";1;1;1;1;1;1;1;1;1;1;1;1;55;55;55;55;55;55;55;55;55;55;55;55;1;1;1;1;1;1;1;1;1;1;1;1;53
2021-05-25;"60+";9;9;9;9;9;9;9;9;9;9;9;9;150;150;150;150;150;150;150;150;150;150;150;150;1;1;1;1;1;1;1;1;1;1;1;9;142
2021-05-25;"alle";10;10;10;10;10;10;10;10;10;10;10;10;205;205;205;205;205;205;205;205;205;205;205;205;NA;NA;NA;NA;NA;NA;NA;NA;NA;NA;NA;10;196
2021-05-24;"0-60";2;2;2;2;2;2;2;2;2;2;2;2;67;67;67;67;67;67;67;67;67;67;67;67;1;1;1;1;1;1;1;1;1;1;1;2;65
2021-05-24;"60+";10;10;10;10;10;10;10;10;10;10;10;10;182;182;182;182;182;182;182;182;182;182;182;182;1;1;1;1;1;1;1;1;1;1;1;9;172
2021-05-24;"alle";12;12;12;12;12;12;12;12;12;12;12;12;249;249;249;249;249;249;249;249;249;249;249;249;NA;NA;NA;NA;NA;NA;NA;NA;NA;NA;NA;12;238
2021-05-23;"0-60";10;10;10;10;10;10;10;10;10;10;10;10;73;73;73;73;73;73;73;73;73;73;73;73;1;1;1;1;1;1;1;1;1;1;1;9;71
2021-05-23;"60+";7;7;7;7;7;7;7;7;7;7;7;7;189;189;189;189;189;189;189;189;189;189;189;189;1;1;1;1;1;1;1;1;1;1;1;7;178
2021-05-23;"alle";17;17;17;17;17;17;17;17;17;17;17;17;262;262;262;262;262;262;262;262;262;262;262;262;NA;NA;NA;NA;NA;NA;NA;NA;NA;NA;NA;16;249
2021-05-22;"0-60";7;7;7;7;7;7;7;7;7;7;7;7;74;74;74;74;74;74;74;74;74;74;74;74;1;1;1;1;1;1;1;1;1;1;1;7;73
2021-05-22;"60+";34;34;34;34;34;34;34;34;34;34;34;34;204;204;204;204;204;204;204;204;204;204;204;204;1;1;1;1;1;1;1;1;1;1;1;33;190
2021-05-22;"alle";41;41;41;41;41;41;41;41;41;41;41;41;278;278;278;278;278;278;278;278;278;278;278;278;NA;NA;NA;NA;NA;NA;NA;NA;NA;NA;NA;40;263
2021-05-21;"0-60";10;10;10;10;10;10;10;10;10;10;10;10;79;79;79;79;79;79;79;79;79;79;79;79;1;1;1;1;1;1;1;1;1;1;1;10;77
2021-05-21;"60+";18;18;18;18;18;18;18;18;18;18;18;18;200;200;200;200;200;200;200;200;200;200;200;200;1;1;1;1;1;1;1;1;1;1;1;18;185
2021-05-21;"alle";28;28;28;28;28;28;28;28;28;28;28;28;279;279;279;279;279;279;279;279;279;279;279;279;NA;NA;NA;NA;NA;NA;NA;NA;NA;NA;NA;28;262
2021-05-20;"0-60";9;9;9;9;9;9;9;9;9;9;9;9;80;80;80;80;80;80;80;80;80;80;80;80;1;1;1;1;1;1;1;1;1;1;1;9;77
2021-05-20;"60+";39;39;39;39;39;39;39;39;39;39;39;39;213;213;213;213;213;213;213;213;213;213;213;213;1;1;1;1;1;1;1;1;1;1;1;37;197
2021-05-20;"alle";48;48;48;48;48;48;48;48;48;48;48;48;293;293;293;293;293;293;293;293;293;293;293;293;NA;NA;NA;NA;NA;NA;NA;NA;NA;NA;NA;46;274
2021-05-19;"0-60";16;16;16;16;16;16;16;16;16;16;16;16;90;90;90;90;90;90;90;90;90;90;90;90;1;1;1;1;1;1;1;1;1;1;1;15;87
2021-05-19;"60+";33;33;33;33;33;33;33;33;33;33;33;33;231;231;231;231;231;231;231;231;231;231;231;231;1;1;1;1;1;1;1;1;1;1;1;29;216
2021-05-19;"alle";49;49;49;49;49;49;49;49;49;49;49;49;321;321;321;321;321;321;321;321;321;321;321;321;NA;NA;NA;NA;NA;NA;NA;NA;NA;NA;NA;44;303
2021-05-18;"0-60";13;13;13;13;13;13;13;13;13;13;13;13;91;91;91;91;91;91;91;91;91;91;91;91;1;1;1;1;1;1;1;1;1;1;1;13;88
2021-05-18;"60+";41;41;41;41;41;41;41;41;41;41;41;41;239;239;239;239;239;239;239;239;239;239;239;239;1;1;1;1;1;1;1;1;1;1;1;39;222
2021-05-18;"alle";54;54;54;54;54;54;54;54;54;54;54;54;330;330;330;330;330;330;330;330;330;330;330;330;NA;NA;NA;NA;NA;NA;NA;NA;NA;NA;NA;52;310
2021-05-17;"0-60";8;8;8;8;8;8;8;8;8;8;8;8;98;98;98;98;98;98;98;98;98;98;98;98;1;1;1;1;1;1;1;1;1;1;1;8;93
2021-05-17;"60+";17;17;17;17;17;17;17;17;17;17;17;17;239;239;239;239;239;239;239;239;239;239;239;239;1;1;1;1;1;1;1;1;1;1;1;15;221
2021-05-17;"alle";25;25;25;25;25;25;25;25;25;25;25;25;337;337;337;337;337;337;337;337;337;337;337;337;NA;NA;NA;NA;NA;NA;NA;NA;NA;NA;NA;23;314
2021-05-16;"0-60";11;11;11;11;11;11;11;11;11;11;11;11;96;96;96;96;96;96;96;96;96;96;96;96;1;1;1;1;1;1;1;1;1;1;1;11;91
2021-05-16;"60+";22;22;22;22;22;22;22;22;22;22;22;22;243;243;243;243;243;243;243;243;243;243;243;243;1;1;1;1;1;1;1;1;1;1;1;19;222
2021-05-16;"alle";33;33;33;33;33;33;33;33;33;33;33;33;339;339;339;339;339;339;339;339;339;339;339;339;NA;NA;NA;NA;NA;NA;NA;NA;NA;NA;NA;30;313
2021-05-15;"0-60";12;12;12;12;12;12;12;12;12;12;12;12;97;97;97;97;97;97;97;97;97;97;97;97;1;1;1;1;1;1;1;1;1;1;1;11;90
2021-05-15;"60+";30;30;30;30;30;30;30;30;30;30;30;30;253;253;253;253;253;253;253;253;253;253;253;253;1;1;1;1;1;1;1;1;1;1;1;28;234
2021-05-15;"alle";42;42;42;42;42;42;42;42;42;42;42;42;350;350;350;350;350;350;350;350;350;350;350;350;NA;NA;NA;NA;NA;NA;NA;NA;NA;NA;NA;39;324
2021-05-14;"0-60";11;11;11;11;11;11;11;11;11;11;11;11;102;102;102;102;102;102;102;102;102;102;102;102;1;1;1;1;1;1;1;1;1;1;1;10;93
2021-05-14;"60+";31;31;31;31;31;31;31;31;31;31;31;31;268;268;268;268;268;268;268;268;268;268;268;268;1;1;1;1;1;1;1;1;1;1;1;30;247
2021-05-14;"alle";42;42;42;42;42;42;42;42;42;42;42;42;370;370;370;370;370;370;370;370;370;370;370;370;NA;NA;NA;NA;NA;NA;NA;NA;NA;NA;NA;40;340
2021-05-13;"0-60";19;19;19;19;19;19;19;19;19;19;19;19;106;106;106;106;106;106;106;106;106;106;106;106;1;1;1;1;1;1;1;1;1;1;1;19;97
2021-05-13;"60+";57;57;57;57;57;57;57;57;57;57;57;57;278;278;278;278;278;278;278;278;278;278;278;278;1;1;1;1;1;1;1;1;1;1;1;56;254
2021-05-13;"alle";76;76;76;76;76;76;76;76;76;76;76;76;384;384;384;384;384;384;384;384;384;384;384;384;NA;NA;NA;NA;NA;NA;NA;NA;NA;NA;NA;75;351
2021-05-12;"0-60";17;17;17;17;17;17;17;17;17;17;17;17;124;124;124;124;124;124;124;124;124;124;124;124;1;1;1;1;1;1;1;1;1;1;1;16;108
2021-05-12;"60+";41;41;41;41;41;41;41;41;41;41;41;41;271;271;271;271;271;271;271;271;271;271;271;271;1;1;1;1;1;1;1;1;1;1;1;35;245
2021-05-12;"alle";58;58;58;58;58;58;58;58;58;58;58;58;395;395;395;395;395;395;395;395;395;395;395;395;NA;NA;NA;NA;NA;NA;NA;NA;NA;NA;NA;51;353
2021-05-11;"0-60";20;20;20;20;20;20;20;20;20;20;20;20;137;137;137;137;137;137;137;137;137;137;137;137;1;1;1;1;1;1;1;1;1;1;1;18;119
2021-05-11;"60+";41;41;41;41;41;41;41;41;41;41;41;41;280;280;280;280;280;280;280;280;280;280;280;280;1;1;1;1;1;1;1;1;1;1;1;38;255
2021-05-11;"alle";61;61;61;61;61;61;61;61;61;61;61;61;417;417;417;417;417;417;417;417;417;417;417;417;NA;NA;NA;NA;NA;NA;NA;NA;NA;NA;NA;56;374
2021-05-10;"0-60";6;6;6;6;6;6;6;6;6;6;6;6;146;146;146;146;146;146;146;146;146;146;146;146;1;1;1;1;1;1;1;1;1;1;1;6;128
2021-05-10;"60+";21;21;21;21;21;21;21;21;21;21;21;21;299;299;299;299;299;299;299;299;299;299;299;299;1;1;1;1;1;1;1;1;1;1;1;16;272
2021-05-10;"alle";27;27;27;27;27;27;27;27;27;27;27;27;445;445;445;445;445;445;445;445;445;445;445;445;NA;NA;NA;NA;NA;NA;NA;NA;NA;NA;NA;22;400
2021-05-09;"0-60";12;12;12;12;12;12;12;12;12;12;12;12;150;150;150;150;150;150;150;150;150;150;150;150;1;1;1;1;1;1;1;1;1;1;1;10;132
2021-05-09;"60+";32;32;32;32;32;32;32;32;32;32;32;32;304;304;304;304;304;304;304;304;304;304;304;304;1;1;1;1;1;1;1;1;1;1;1;31;282
2021-05-09;"alle";44;44;44;44;44;44;44;44;44;44;44;44;454;454;454;454;454;454;454;454;454;454;454;454;NA;NA;NA;NA;NA;NA;NA;NA;NA;NA;NA;41;414
2021-05-08;"0-60";17;17;17;17;17;17;17;17;17;17;17;17;153;153;153;153;153;153;153;153;153;153;153;153;1;1;1;1;1;1;1;1;1;1;1;14;136
2021-05-08;"60+";45;45;45;45;45;45;45;45;45;45;45;45;313;313;313;313;313;313;313;313;313;313;313;313;1;1;1;1;1;1;1;1;1;1;1;41;289
2021-05-08;"alle";62;62;62;62;62;62;62;62;62;62;62;62;466;466;466;466;466;466;466;466;466;466;466;466;NA;NA;NA;NA;NA;NA;NA;NA;NA;NA;NA;55;425
2021-05-07;"0-60";15;15;15;15;15;15;15;15;15;15;15;15;155;155;155;155;155;155;155;155;155;155;155;155;1;1;1;1;1;1;1;1;1;1;1;14;139
2021-05-07;"60+";41;41;41;41;41;41;41;41;41;41;41;41;317;317;317;317;317;317;317;317;317;317;317;317;1;1;1;1;1;1;1;1;1;1;1;37;292
2021-05-07;"alle";56;56;56;56;56;56;56;56;56;56;56;56;472;472;472;472;472;472;472;472;472;472;472;472;NA;NA;NA;NA;NA;NA;NA;NA;NA;NA;NA;51;431
2021-05-06;"0-60";37;37;37;37;37;37;37;37;37;37;37;37;158;158;158;158;158;158;158;158;158;158;158;158;1;1;1;1;1;1;1;1;1;1;1;30;142
2021-05-06;"60+";50;50;50;50;50;50;50;50;50;50;50;50;327;327;327;327;327;327;327;327;327;327;327;327;1;1;1;1;1;1;1;1;1;1;1;47;303
2021-05-06;"alle";87;87;87;87;87;87;87;87;87;87;87;87;485;485;485;485;485;485;485;485;485;485;485;485;NA;NA;NA;NA;NA;NA;NA;NA;NA;NA;NA;77;445
2021-05-05;"0-60";30;30;30;30;30;30;30;30;30;30;30;30;140;140;140;140;140;140;140;140;140;140;140;140;1;1;1;1;1;1;1;1;1;1;1;27;127
2021-05-05;"60+";50;50;50;50;50;50;50;50;50;50;50;50;327;327;327;327;327;327;327;327;327;327;327;327;1;1;1;1;1;1;1;1;1;1;1;45;300
2021-05-05;"alle";80;80;80;80;80;80;80;80;80;80;80;80;467;467;467;467;467;467;467;467;467;467;467;467;NA;NA;NA;NA;NA;NA;NA;NA;NA;NA;NA;72;427
2021-05-04;"0-60";29;29;29;29;29;29;29;29;29;29;29;29;135;135;135;135;135;135;135;135;135;135;135;135;1;1;1;1;1;1;1;1;1;1;1;27;123
2021-05-04;"60+";60;60;60;60;60;60;60;60;60;60;60;60;343;343;343;343;343;343;343;343;343;343;343;343;1;1;1;1;1;1;1;1;1;1;1;55;310
2021-05-04;"alle";89;89;89;89;89;89;89;89;89;89;89;89;478;478;478;478;478;478;478;478;478;478;478;478;NA;NA;NA;NA;NA;NA;NA;NA;NA;NA;NA;82;433
2021-05-03;"0-60";10;10;10;10;10;10;10;10;10;10;10;10;125;125;125;125;125;125;125;125;125;125;125;125;1;1;1;1;1;1;1;1;1;1;1;10;111
2021-05-03;"60+";26;26;26;26;26;26;26;26;26;26;26;26;343;343;343;343;343;343;343;343;343;343;343;343;1;1;1;1;1;1;1;1;1;1;1;26;307
2021-05-03;"alle";36;36;36;36;36;36;36;36;36;36;36;36;468;468;468;468;468;468;468;468;468;468;468;468;NA;NA;NA;NA;NA;NA;NA;NA;NA;NA;NA;36;418
2021-05-02;"0-60";15;15;15;15;15;15;15;15;15;15;15;15;130;130;130;130;130;130;130;130;130;130;130;130;1;1;1;1;1;1;1;1;1;1;1;14;116
2021-05-02;"60+";41;41;41;41;41;41;41;41;41;41;41;41;342;342;342;342;342;342;342;342;342;342;342;342;1;1;1;1;1;1;1;1;1;1;1;38;305
2021-05-02;"alle";56;56;56;56;56;56;56;56;56;56;56;56;472;472;472;472;472;472;472;472;472;472;472;472;NA;NA;NA;NA;NA;NA;NA;NA;NA;NA;NA;52;421
2021-05-01;"0-60";19;19;19;19;19;19;19;19;19;19;19;19;132;132;132;132;132;132;132;132;132;132;132;132;1;1;1;1;1;1;1;1;1;1;1;17;118
2021-05-01;"60+";49;49;49;49;49;49;49;49;49;49;49;49;339;339;339;339;339;339;339;339;339;339;339;339;1;1;1;1;1;1;1;1;1;1;1;44;302
2021-05-01;"alle";68;68;68;68;68;68;68;68;68;68;68;68;471;471;471;471;471;471;471;471;471;471;471;471;NA;NA;NA;NA;NA;NA;NA;NA;NA;NA;NA;61;420
2021-04-30;"0-60";18;18;18;18;18;18;18;18;18;18;18;18;133;133;133;133;133;133;133;133;133;133;133;133;1;1;1;1;1;1;1;1;1;1;1;17;119
2021-04-30;"60+";51;51;51;51;51;51;51;51;51;51;51;51;355;355;355;355;355;355;355;355;355;355;355;355;1;1;1;1;1;1;1;1;1;1;1;48;317
2021-04-30;"alle";69;69;69;69;69;69;69;69;69;69;69;69;488;488;488;488;488;488;488;488;488;488;488;488;NA;NA;NA;NA;NA;NA;NA;NA;NA;NA;NA;65;436
2021-04-29;"0-60";19;19;19;19;19;19;19;19;19;19;19;19;137;137;137;137;137;137;137;137;137;137;137;137;1;1;1;1;1;1;1;1;1;1;1;15;120
2021-04-29;"60+";50;50;50;50;50;50;50;50;50;50;50;50;362;362;362;362;362;362;362;362;362;362;362;362;1;1;1;1;1;1;1;1;1;1;1;44;322
2021-04-29;"alle";69;69;69;69;69;69;69;69;69;69;69;69;499;499;499;499;499;499;499;499;499;499;499;499;NA;NA;NA;NA;NA;NA;NA;NA;NA;NA;NA;59;442
2021-04-28;"0-60";25;25;25;25;25;25;25;25;25;25;25;25;139;139;139;139;139;139;139;139;139;139;139;139;1;1;1;1;1;1;1;1;1;1;1;23;125
2021-04-28;"60+";66;66;66;66;66;66;66;66;66;66;66;66;372;372;372;372;372;372;372;372;372;372;372;372;1;1;1;1;1;1;1;1;1;1;1;55;334
2021-04-28;"alle";91;91;91;91;91;91;91;91;91;91;91;91;511;511;511;511;511;511;511;511;511;511;511;511;NA;NA;NA;NA;NA;NA;NA;NA;NA;NA;NA;78;459
2021-04-27;"0-60";19;19;19;19;19;19;19;19;19;19;19;19;151;151;151;151;151;151;151;151;151;151;151;151;1;1;1;1;1;1;1;1;1;1;1;15;138
2021-04-27;"60+";60;60;60;60;60;60;60;60;60;60;60;60;384;384;384;384;384;384;384;384;384;384;384;384;1;1;1;1;1;1;1;1;1;1;1;52;353
2021-04-27;"alle";79;79;79;79;79;79;79;79;79;79;79;79;535;535;535;535;535;535;535;535;535;535;535;535;NA;NA;NA;NA;NA;NA;NA;NA;NA;NA;NA;67;491
2021-04-26;"0-60";15;15;15;15;15;15;15;15;15;15;15;15;155;155;155;155;155;155;155;155;155;155;155;155;1;1;1;1;1;1;1;1;1;1;1;15;141
2021-04-26;"60+";25;25;25;25;25;25;25;25;25;25;25;25;400;400;400;400;400;400;400;400;400;400;400;400;1;1;1;1;1;1;1;1;1;1;1;24;371
2021-04-26;"alle";40;40;40;40;40;40;40;40;40;40;40;40;555;555;555;555;555;555;555;555;555;555;555;555;NA;NA;NA;NA;NA;NA;NA;NA;NA;NA;NA;39;512
2021-04-25;"0-60";17;17;17;17;17;17;17;17;17;17;17;17;144;144;144;144;144;144;144;144;144;144;144;144;1;1;1;1;1;1;1;1;1;1;1;16;130
2021-04-25;"60+";38;38;38;38;38;38;38;38;38;38;38;38;410;410;410;410;410;410;410;410;410;410;410;410;1;1;1;1;1;1;1;1;1;1;1;35;380
2021-04-25;"alle";55;55;55;55;55;55;55;55;55;55;55;55;554;554;554;554;554;554;554;554;554;554;554;554;NA;NA;NA;NA;NA;NA;NA;NA;NA;NA;NA;51;510
2021-04-24;"0-60";20;20;20;20;20;20;20;20;20;20;20;20;145;145;145;145;145;145;145;145;145;145;145;145;1;1;1;1;1;1;1;1;1;1;1;18;129
2021-04-24;"60+";65;65;65;65;65;65;65;65;65;65;65;65;408;408;408;408;408;408;408;408;408;408;408;408;1;1;1;1;1;1;1;1;1;1;1;59;378
2021-04-24;"alle";85;85;85;85;85;85;85;85;85;85;85;85;553;553;553;553;553;553;553;553;553;553;553;553;NA;NA;NA;NA;NA;NA;NA;NA;NA;NA;NA;77;507
2021-04-23;"0-60";22;22;22;22;22;22;22;22;22;22;22;22;148;148;148;148;148;148;148;148;148;148;148;148;1;1;1;1;1;1;1;1;1;1;1;18;132
2021-04-23;"60+";58;58;58;58;58;58;58;58;58;58;58;58;396;396;396;396;396;396;396;396;396;396;396;396;1;1;1;1;1;1;1;1;1;1;1;53;367
2021-04-23;"alle";80;80;80;80;80;80;80;80;80;80;80;80;544;544;544;544;544;544;544;544;544;544;544;544;NA;NA;NA;NA;NA;NA;NA;NA;NA;NA;NA;71;499
2021-04-22;"0-60";21;21;21;21;21;21;21;21;21;21;21;21;150;150;150;150;150;150;150;150;150;150;150;150;1;1;1;1;1;1;1;1;1;1;1;20;135
2021-04-22;"60+";60;60;60;60;60;60;60;60;60;60;60;60;395;395;395;395;395;395;395;395;395;395;395;395;1;1;1;1;1;1;1;1;1;1;1;56;369
2021-04-22;"alle";81;81;81;81;81;81;81;81;81;81;81;81;545;545;545;545;545;545;545;545;545;545;545;545;NA;NA;NA;NA;NA;NA;NA;NA;NA;NA;NA;76;504
2021-04-21;"0-60";37;37;37;37;37;37;37;37;37;37;37;37;158;158;158;158;158;158;158;158;158;158;158;158;1;1;1;1;1;1;1;1;1;1;1;36;141
2021-04-21;"60+";78;78;78;78;78;78;78;78;78;78;78;78;425;425;425;425;425;425;425;425;425;425;425;425;1;1;1;1;1;1;1;1;1;1;1;74;393
2021-04-21;"alle";115;115;115;115;115;115;115;115;115;115;115;115;583;583;583;583;583;583;583;583;583;583;583;583;NA;NA;NA;NA;NA;NA;NA;NA;NA;NA;NA;110;534
2021-04-20;"0-60";23;23;23;23;23;23;23;23;23;23;23;23;158;158;158;158;158;158;158;158;158;158;158;158;1;1;1;1;1;1;1;1;1;1;1;18;137
2021-04-20;"60+";76;76;76;76;76;76;76;76;76;76;76;76;423;423;423;423;423;423;423;423;423;423;423;423;1;1;1;1;1;1;1;1;1;1;1;70;389
2021-04-20;"alle";99;99;99;99;99;99;99;99;99;99;99;99;581;581;581;581;581;581;581;581;581;581;581;581;NA;NA;NA;NA;NA;NA;NA;NA;NA;NA;NA;88;526
2021-04-19;"0-60";4;4;4;4;4;4;4;4;4;4;4;4;163;163;163;163;163;163;163;163;163;163;163;163;1;1;1;1;1;1;1;1;1;1;1;4;143
2021-04-19;"60+";35;35;35;35;35;35;35;35;35;35;35;35;415;415;415;415;415;415;415;415;415;415;415;415;1;1;1;1;1;1;1;1;1;1;1;33;380
2021-04-19;"alle";39;39;39;39;39;39;39;39;39;39;39;39;578;578;578;578;578;578;578;578;578;578;578;578;NA;NA;NA;NA;NA;NA;NA;NA;NA;NA;NA;37;523
2021-04-18;"0-60";18;18;18;18;18;18;18;18;18;18;18;18;172;172;172;172;172;172;172;172;172;172;172;172;1;1;1;1;1;1;1;1;1;1;1;15;152
2021-04-18;"60+";36;36;36;36;36;36;36;36;36;36;36;36;422;422;422;422;422;422;422;422;422;422;422;422;1;1;1;1;1;1;1;1;1;1;1;33;388
2021-04-18;"alle";54;54;54;54;54;54;54;54;54;54;54;54;594;594;594;594;594;594;594;594;594;594;594;594;NA;NA;NA;NA;NA;NA;NA;NA;NA;NA;NA;48;541
2021-04-17;"0-60";23;23;23;23;23;23;23;23;23;23;23;23;166;166;166;166;166;166;166;166;166;166;166;166;1;1;1;1;1;1;1;1;1;1;1;21;149
2021-04-17;"60+";53;53;53;53;53;53;53;53;53;53;53;53;427;427;427;427;427;427;427;427;427;427;427;427;1;1;1;1;1;1;1;1;1;1;1;48;394
2021-04-17;"alle";76;76;76;76;76;76;76;76;76;76;76;76;593;593;593;593;593;593;593;593;593;593;593;593;NA;NA;NA;NA;NA;NA;NA;NA;NA;NA;NA;69;544
2021-04-16;"0-60";24;24;24;24;24;24;24;24;24;24;24;24;172;172;172;172;172;172;172;172;172;172;172;172;1;1;1;1;1;1;1;1;1;1;1;21;155
2021-04-16;"60+";57;57;57;57;57;57;57;57;57;57;57;57;441;441;441;441;441;441;441;441;441;441;441;441;1;1;1;1;1;1;1;1;1;1;1;55;408
2021-04-16;"alle";81;81;81;81;81;81;81;81;81;81;81;81;613;613;613;613;613;613;613;613;613;613;613;613;NA;NA;NA;NA;NA;NA;NA;NA;NA;NA;NA;76;564
2021-04-15;"0-60";29;29;29;29;29;29;29;29;29;29;29;29;180;180;180;180;180;180;180;180;180;180;180;180;1;1;1;1;1;1;1;1;1;1;1;26;165
2021-04-15;"60+";90;90;90;90;90;90;90;90;90;90;90;90;467;467;467;467;467;467;467;467;467;467;467;467;1;1;1;1;1;1;1;1;1;1;1;80;427
2021-04-15;"alle";119;119;119;119;119;119;119;119;119;119;119;119;647;647;647;647;647;647;647;647;647;647;647;647;NA;NA;NA;NA;NA;NA;NA;NA;NA;NA;NA;106;593
2021-04-14;"0-60";37;37;37;37;37;37;37;37;37;37;37;37;196;196;196;196;196;196;196;196;196;196;196;196;1;1;1;1;1;1;1;1;1;1;1;32;177
2021-04-14;"60+";76;76;76;76;76;76;76;76;76;76;76;76;462;462;462;462;462;462;462;462;462;462;462;462;1;1;1;1;1;1;1;1;1;1;1;70;424
2021-04-14;"alle";113;113;113;113;113;113;113;113;113;113;113;113;658;658;658;658;658;658;658;658;658;658;658;658;NA;NA;NA;NA;NA;NA;NA;NA;NA;NA;NA;102;602
2021-04-13;"0-60";28;28;28;28;28;28;28;28;28;28;28;28;178;178;178;178;178;178;178;178;178;178;178;178;1;1;1;1;1;1;1;1;1;1;1;24;161
2021-04-13;"60+";68;68;68;68;68;68;68;68;68;68;68;68;455;455;455;455;455;455;455;455;455;455;455;455;1;1;1;1;1;1;1;1;1;1;1;61;417
2021-04-13;"alle";96;96;96;96;96;96;96;96;96;96;96;96;633;633;633;633;633;633;633;633;633;633;633;633;NA;NA;NA;NA;NA;NA;NA;NA;NA;NA;NA;85;580
2021-04-12;"0-60";13;13;13;13;13;13;13;13;13;13;13;13;167;167;167;167;167;167;167;167;167;167;167;167;1;1;1;1;1;1;1;1;1;1;1;13;153
2021-04-12;"60+";42;42;42;42;42;42;42;42;42;42;42;42;435;435;435;435;435;435;435;435;435;435;435;435;1;1;1;1;1;1;1;1;1;1;1;41;402
2021-04-12;"alle";55;55;55;55;55;55;55;55;55;55;55;55;602;602;602;602;602;602;602;602;602;602;602;602;NA;NA;NA;NA;NA;NA;NA;NA;NA;NA;NA;55;557
2021-04-11;"0-60";12;12;12;12;12;12;12;12;12;12;12;12;NA;NA;NA;NA;NA;NA;NA;NA;NA;NA;NA;NA;1;1;1;1;1;1;1;1;1;1;1;12;NA
2021-04-11;"60+";41;41;41;41;41;41;41;41;41;41;41;41;NA;NA;NA;NA;NA;NA;NA;NA;NA;NA;NA;NA;1;1;1;1;1;1;1;1;1;1;1;39;NA
2021-04-11;"alle";53;53;53;53;53;53;53;53;53;53;53;53;NA;NA;NA;NA;NA;NA;NA;NA;NA;NA;NA;NA;NA;NA;NA;NA;NA;NA;NA;NA;NA;NA;NA;51;NA
2021-04-10;"0-60";29;29;29;29;29;29;29;29;29;29;29;29;NA;NA;NA;NA;NA;NA;NA;NA;NA;NA;NA;NA;1;1;1;1;1;1;1;1;1;1;1;27;NA
2021-04-10;"60+";67;67;67;67;67;67;67;67;67;67;67;67;NA;NA;NA;NA;NA;NA;NA;NA;NA;NA;NA;NA;1;1;1;1;1;1;1;1;1;1;1;62;NA
2021-04-10;"alle";96;96;96;96;96;96;96;96;96;96;96;96;NA;NA;NA;NA;NA;NA;NA;NA;NA;NA;NA;NA;NA;NA;NA;NA;NA;NA;NA;NA;NA;NA;NA;89;NA
2021-04-09;"0-60";32;32;32;32;32;32;32;32;32;32;32;32;NA;NA;NA;NA;NA;NA;NA;NA;NA;NA;NA;NA;1;1;1;1;1;1;1;1;1;1;1;31;NA
2021-04-09;"60+";83;83;83;83;83;83;83;83;83;83;83;83;NA;NA;NA;NA;NA;NA;NA;NA;NA;NA;NA;NA;1;1;1;1;1;1;1;1;1;1;1;74;NA
2021-04-09;"alle";115;115;115;115;115;115;115;115;115;115;115;115;NA;NA;NA;NA;NA;NA;NA;NA;NA;NA;NA;NA;NA;NA;NA;NA;NA;NA;NA;NA;NA;NA;NA;105;NA
2021-04-08;"0-60";45;45;45;45;45;45;45;45;45;45;45;45;NA;NA;NA;NA;NA;NA;NA;NA;NA;NA;NA;NA;1;1;1;1;1;1;1;1;1;1;1;38;NA
2021-04-08;"60+";85;85;85;85;85;85;85;85;85;85;85;85;NA;NA;NA;NA;NA;NA;NA;NA;NA;NA;NA;NA;1;1;1;1;1;1;1;1;1;1;1;77;NA
2021-04-08;"alle";130;130;130;130;130;130;130;130;130;130;130;130;NA;NA;NA;NA;NA;NA;NA;NA;NA;NA;NA;NA;NA;NA;NA;NA;NA;NA;NA;NA;NA;NA;NA;115;NA
2021-04-07;"0-60";19;19;19;19;19;19;19;19;19;19;19;19;NA;NA;NA;NA;NA;NA;NA;NA;NA;NA;NA;NA;1;1;1;1;1;1;1;1;1;1;1;16;NA
2021-04-07;"60+";69;69;69;69;69;69;69;69;69;69;69;69;NA;NA;NA;NA;NA;NA;NA;NA;NA;NA;NA;NA;1;1;1;1;1;1;1;1;1;1;1;63;NA
2021-04-07;"alle";88;88;88;88;88;88;88;88;88;88;88;88;NA;NA;NA;NA;NA;NA;NA;NA;NA;NA;NA;NA;NA;NA;NA;NA;NA;NA;NA;NA;NA;NA;NA;80;NA
2021-04-06;"0-60";17;17;17;17;17;17;17;17;17;17;17;17;NA;NA;NA;NA;NA;NA;NA;NA;NA;NA;NA;NA;1;1;1;1;1;1;1;1;1;1;1;16;NA
2021-04-06;"60+";48;48;48;48;48;48;48;48;48;48;48;48;NA;NA;NA;NA;NA;NA;NA;NA;NA;NA;NA;NA;1;1;1;1;1;1;1;1;1;1;1;46;NA
2021-04-06;"alle";65;65;65;65;65;65;65;65;65;65;65;65;NA;NA;NA;NA;NA;NA;NA;NA;NA;NA;NA;NA;NA;NA;NA;NA;NA;NA;NA;NA;NA;NA;NA;62;NA
