"date";"age60";"reported";"nowcast_est";"nowcast_0.025";"nowcast_0.1";"nowcast_0.25";"nowcast_0.5";"nowcast_0.75";"nowcast_0.8";"nowcast_0.85";"nowcast_0.9";"nowcast_0.95";"nowcast_0.975";"reported7";"nowcast7_est";"nowcast7_0.025";"nowcast7_0.1";"nowcast7_0.25";"nowcast7_0.5";"nowcast7_0.75";"nowcast7_0.8";"nowcast7_0.85";"nowcast7_0.9";"nowcast7_0.95";"nowcast7_0.975";"F_est";"F_0.025";"F_0.1";"F_0.25";"F_0.5";"F_0.75";"F_0.8";"F_0.85";"F_0.9";"F_0.95";"F_0.975";"realized";"realized7"
2024-01-07;"0-60";0;0;0;0;0;0;0;0;0;0;0;0;22;41,6;25,329;27,4702702702703;34,1262553802009;42;52,8106169296987;49;51;62,7945945945946;57;71,379;0,0299847773694028;0,0742202968767224;0,0556973172554087;0,0414462081439245;0,029342223650449;0,0201913995824616;0,0182876433013929;0,0161926930760609;0,0140203025512885;0,0112385964171344;0,00893760064775725;NA;NA
2024-01-07;"60+";0;0;0;0;0;0;0;0;0;0;0;0;176;292;214,780424436116;241,161084529506;256,490909090909;294;345,263636363636;318;325;371,582456140351;346;424,659270840518;0,0295775679945313;0,0708123131268826;0,0533643759145306;0,0402071033137052;0,0293500038705328;0,0206488320797552;0,018945098877828;0,0169440161164927;0,0148003810600831;0,0119340972837339;0,00988284952312411;NA;NA
2024-01-07;"alle";0;0;0;0;0;0;0;0;0;0;0;0;198;333,6;250,590619945497;275,479753235603;285,413888888889;336;404,427777777778;365;373;426,858304448755;399;486,962621445988;NA;NA;NA;NA;NA;NA;NA;NA;NA;NA;NA;NA;NA
2024-01-06;"0-60";2;13,1;6;8;10;13;17;18;20;22;25;29;25;46,9;28,3383934169279;30,4763157894737;37,9201680672269;47;60,9453781512605;55;57;72,0552631578948;64;82,83118338558;0,153050591263749;0,250162322232941;0,213778878185778;0,182596045251919;0,150598794232842;0,121695534516917;0,115841035062805;0,108549213658586;0,0997167645741305;0,087108526744687;0,0763061719753703;NA;NA
2024-01-06;"60+";7;46;26;32;38;46;57;60;63;68,7;77;85;190;316,6;248,61983360916;259,123309637073;288,00449122807;319;360,472561403509;344;351;403,819872788498;374;437,825715435881;0,152197840246467;0,23943413066855;0,206599140029483;0,179315819322304;0,151305144827741;0,125738514784201;0,119536316982764;0,113044643105495;0,104953434760541;0,0934955155849013;0,0834967385800903;NA;NA
2024-01-06;"alle";9;59,1;34;42;50;60;73;77;81;88;99;110;215;363,5;278,84856626467;296,308483290488;328,9875;367;421,020833333333;397;405;469,972711093534;432;517,654716170654;NA;NA;NA;NA;NA;NA;NA;NA;NA;NA;NA;NA;NA
2024-01-05;"0-60";2;4,5;2;3;3;4;6;6;6;7;8;9;33;48,8;37,7602757352941;39,23;42,797385620915;49;57,8039215686275;54;55;62,33;59;67,4826102941176;0,439795368612521;0,550948465495977;0,511571306408969;0,475916969355315;0,43604153004768;0,394391712298228;0,383745180647141;0,371722964732411;0,357284152767555;0,333673962561434;0,313185275160086;NA;NA
2024-01-05;"60+";18;41;30;33;37;41;46;47;49;51;55;58;223;330;284,85757033664;292,069702694641;315,080917874396;332;351,700483091787;350;354;384,186139007656;369;397,71364449504;0,438925662734695;0,539168287225465;0,50265655569334;0,472605009267103;0,436970107588587;0,401371580724993;0,392318604158236;0,382084806830881;0,368436842501956;0,348630599655124;0,331764442665007;NA;NA
2024-01-05;"alle";20;45,6;34;37;41;46;51;53;55;57;61;64;256;378,8;327,42930104568;336,377175283733;358,957263513514;381;411,086486486486;402;407;439,7605296343;423;457,332217941662;NA;NA;NA;NA;NA;NA;NA;NA;NA;NA;NA;NA;NA
2024-01-04;"0-60";2;3,2;2;2;2;3;4;4;4;5;5;6;41;56,9;46,3788755122951;48,4122807017544;51,1;57;65,1;62;63;68,5526315789474;67;74,3464216188525;0,627320680581595;0,714423588547387;0,6848389000384;0,656999742469563;0,623154249252558;0,587349824378669;0,578210410478083;0,566987284265808;0,552207059559242;0,531504783750453;0,514861647981348;NA;NA
2024-01-04;"60+";32;51;41;44;47;51;55;56;57;59;62;64;258;355,1;327,334099179149;335,407751937984;346;357;370;373;377;382,834108527132;390;396,501823643903;0,627805630396134;0,703893937064995;0,678532970572946;0,653838687710823;0,62657155973829;0,596353481116417;0,588701086145284;0,579886717729005;0,568348327693511;0,551027908608192;0,536001402010585;NA;NA
2024-01-04;"alle";34;54,2;44;47;50;54;59;60;61;63;65;67,2;299;412;378,862068965517;383,540229885057;402,694444444444;414;427,819444444444;432;437;452,656814449918;451;463,310344827586;NA;NA;NA;NA;NA;NA;NA;NA;NA;NA;NA;NA;NA
2024-01-03;"0-60";11;14,4;11;12;13;14;16;16;16;17;18;19;59;77,3;69,93265625;68,27;74;78;82;83;85;89,77;89;88,94515625;0,766097642093622;0,82822095852246;0,807033350730864;0,787460603654382;0,762863331635125;0,736520970052036;0,729312304451267;0,720752265845648;0,710081708889318;0,69426185067946;0,679438230213689;NA;NA
2024-01-03;"60+";91;118,5;107;110;114;119;124;125;126;129;132;135;355;454,5;431,632279116466;439,844509948416;446,847222222222;457;466,180555555556;472;476;475,49299926308;489;487,798611111111;0,767892920414998;0,820483017371637;0,803734058323905;0,787160832438196;0,767435270181181;0,745881075889715;0,740167590668687;0,733820731166935;0,725445005732234;0,712728334475737;0,700428290192223;NA;NA
2024-01-03;"alle";102;132,9;120;124;128;133;138;140;142;144;147,4;151;414;531,8;509,186099518459;513,64126984127;524,744264507422;535;544,183535762483;553;558;559,038095238095;572;566,076415195292;NA;NA;NA;NA;NA;NA;NA;NA;NA;NA;NA;NA;NA
2024-01-02;"0-60";3;3,7;3;3;3;3;4;4;5;5;5;6;48;62,9;56,501;57;60;63;67;68;69;71;73;73,511;0,813393091483051;0,864565918991691;0,84816185650783;0,831292107355022;0,810176935993888;0,787370127523744;0,781531035611616;0,774026438394291;0,764578896870335;0,750333716390952;0,737996551094985;NA;NA
2024-01-02;"60+";18;22,1;19;20;21;22;23;24;24;25;26;27;278;351,5;327,888888888889;339,636363636364;344;353;363;366;369;369,090909090909;379;385,604938271605;0,815571136753244;0,858000678974836;0,844485429437176;0,830949496631447;0,814957089582602;0,79679758753338;0,791783670834674;0,786294886810227;0,779033414550052;0,769180352938315;0,759690779901907;NA;NA
2024-01-02;"alle";21;25,8;22;23;24;26;27;28;28;29;30;31;326;414,5;394,182926829268;402,750773993808;409,079772079772;417;424,25641025641;431;435;431,945820433437;446;446,426829268293;NA;NA;NA;NA;NA;NA;NA;NA;NA;NA;NA;NA;NA
2024-01-01;"0-60";2;2,7;2;2;2;3;3;3;4;4;4;5;46;60,4;52,9383333333333;55;57,2;61;64;65;67;68;71;73,105;0,737652004760523;0,818467974083429;0,791661678172686;0,76616427951937;0,732579598761659;0,697170166687904;0,687459111529005;0,676105865156379;0,660484339908667;0,635660979396895;0,615439878486744;NA;NA
2024-01-01;"60+";10;13,5;10;11;12;13;15;15;16;16;17;18;285;356,7;334,225;341,135294117647;349,094594594595;358;369,527027027027;371;373;378,194117647059;383;390,153571428571;0,74113071259905;0,810724959867772;0,788154610578525;0,766258637149472;0,7391681978558;0,709244806161682;0,701413276219906;0,691398370517377;0,678966998866341;0,661706756842409;0,645531620648664;NA;NA
2024-01-01;"alle";12;16,2;13;14;15;16;18;18;19;19;21;22;331;417;392,10447761194;399,545454545455;408;419;432,75;433;437;443,181818181818;448;455,380597014925;NA;NA;NA;NA;NA;NA;NA;NA;NA;NA;NA;NA;NA
2023-12-31;"0-60";3;5,3;3;3;4;5;7;7;7;8;9;9,2;45;58,8;51;54;56,9333333333333;59;61,6;64;65;66;69;71;0,562821973447514;0,679331090876374;0,64003853564014;0,599632340635484;0,554594462020296;0,508247720602422;0,495715910033872;0,481396258988988;0,462312517120724;0,435297224559129;0,413459433405758;NA;NA
2023-12-31;"60+";14;24,6;18;20;22;25;28;28;29;31;33;35;284;353,5;331,532608695652;333,49537037037;341,294117647059;355;372,21568627451;367;370;381,782407407407;379;385,684782608696;0,56945346458642;0,663425405066647;0,632128554809786;0,600651217846539;0,564572011004436;0,526849825152171;0,517038738501663;0,505495093396466;0,49145089194561;0,468890853014913;0,450408921538917;NA;NA
2023-12-31;"alle";17;29,9;23;25;27;30;34;34;35;37;39;41;329;412,3;380,412889239259;389,906363636364;398,737745098039;415;437,752450980392;428;431;446,988181818182;443;462,525620811983;NA;NA;NA;NA;NA;NA;NA;NA;NA;NA;NA;NA;NA
2023-12-30;"0-60";10;15;11;12;13;15;17;17;18;19;20;21;47;60,2;53;55;58;61;64;65;66;68;70;72;0,665901346969635;0,754788878549926;0,725185503791261;0,69601593720899;0,659831357284116;0,622124407962035;0,611293358706053;0,599163152476494;0,583073066049797;0,560847665100892;0,536518278098725;NA;NA
2023-12-30;"60+";40;59,4;50;53;56;60;64;65;66;68;70;73;296;362,5;341,414285714286;343,555;349,293650793651;364;383,833333333333;375;378;389,865;387;392,842857142857;0,673910371154606;0,741528871031764;0,717761042833276;0,69606589719385;0,670403419124069;0,642316976020696;0,635036190429246;0,626839139338072;0,615464719061688;0,597703408231781;0,582334290041961;NA;NA
2023-12-30;"alle";50;74,4;64;67;71;75;80;81;82;84;87;90;343;422,7;391,643522833178;399,67;408,054487179487;425;449,586538461539;438;441;457,636666666667;451;469,626747437092;NA;NA;NA;NA;NA;NA;NA;NA;NA;NA;NA;NA;NA
2023-12-29;"0-60";10;12,6;10;11;11;12;14;14;15;15;16;17;48;58,8;52;54;56;59;62;63;64;65;67;69;0,793391378245637;0,85239944411835;0,834150240418731;0,813477650420917;0,789287077448548;0,761831124149317;0,754503275765338;0,746103260683903;0,73540058935001;0,718665431237644;0,703206566856982;NA;NA
2023-12-29;"60+";53;66,1;59;61;64;66;69;70;71;72;74;76;291;345;323,260204081633;328,028571428571;331,556390977444;346;365,165413533835;356;358;369,685714285714;366;375,194160997732;0,801876281518723;0,843855980066897;0,829743394815509;0,816092629398436;0,799318890098525;0,780902953029004;0,776399291645482;0,770682520548923;0,763285120138477;0,751899918522235;0,740489017412021;NA;NA
2023-12-29;"alle";63;78,7;71;73;76;79;82;83;84;86;88;90;339;403,8;373,56;380,207843137255;390,232142857143;406;427,660714285714;416;419;437,345098039216;428;446,869090909091;NA;NA;NA;NA;NA;NA;NA;NA;NA;NA;NA;NA;NA
2023-12-28;"0-60";20;23,6;20;21;22;24;25;26;26;27;28;29;54;64,2;58;60;62;64,5;67;68;69;70;72;74;0,847655640532361;0,894042775426448;0,879212194038694;0,863706509844764;0,844291253513108;0,823248841260631;0,817725630907491;0,810882885089956;0,802196672517487;0,787851382946788;0,77508090377348;NA;NA
2023-12-28;"60+";129;150,4;141;144;147;151;155;156;157;159;161;164;290;336,1;316,99353400223;321,140289855072;324,625;337;353,875;346;348;356,688115942029;355;363,810702341137;0,857492700417272;0,888408496341596;0,8782446037792;0,868219950425806;0,855785982754761;0,842596198264034;0,839112293681507;0,834662148592595;0,829265095859902;0,820673745603391;0,813336215464772;NA;NA
2023-12-28;"alle";149;174;164;167;170;174;179;180;182;183;186;189;344;400,3;376,501058201058;379,773882352941;387,428571428571;402;423,857142857143;412;414;430,635058823529;422;435,654497354497;NA;NA;NA;NA;NA;NA;NA;NA;NA;NA;NA;NA;NA
2023-12-27;"0-60";0;0;0;0;0;0;0;0;0;0;0;0;42;49,3;44;46;47;49;52;53;53;54;56;57;0,894711495170712;0,928286187847095;0,917872085289887;0,906799871622601;0,892543347312078;0,877068939799932;0,872897820334331;0,867587613792507;0,860622924383358;0,850221072025135;0,839699800473297;NA;NA
2023-12-27;"60+";14;15,5;14;14;15;15;16;16;17;17;18;18;228;256,8;243,474545454545;245,693333333333;247,119047619048;258;270,047619047619;264;265;273,46;270;276,788181818182;0,904244807177689;0,926280455687356;0,919194694657534;0,912095665025263;0,903652578931574;0,89431273992297;0,891803055059374;0,888829017329735;0,885313903123379;0,879699273402128;0,874260426863825;NA;NA
2023-12-27;"alle";14;15,5;14;14;15;15;16;16;17;17;18;18;270;306,1;288,358366420873;290,541348973607;293,8;307;326,8;314;316;328,957771260997;322;333,812138400454;NA;NA;NA;NA;NA;NA;NA;NA;NA;NA;NA;NA;NA
2023-12-26;"0-60";1;1,1;1;1;1;1;1;1;1;2;2;2;57;65,1;60;61;63;65;68;69;69;70;72;74;0,908211041879999;0,938068138050723;0,928635817509684;0,91877771933881;0,906299115612381;0,89212377314617;0,888423860026038;0,884026025891436;0,877548106095079;0,868286493711611;0,859485719013314;NA;NA
2023-12-26;"60+";25;27,2;25;25;26;27;28;29;29;29;30;31;299;329,4;314,788095238095;316,99619047619;321,75;330;342;337;338;347,167619047619;343;350,676984126984;0,917911885224623;0,936865471913382;0,930673128642477;0,924557786984012;0,917315760506746;0,908924816000511;0,906753677223096;0,904326778917484;0,900929491526891;0,8958406144322;0,8914876417853;NA;NA
2023-12-26;"alle";26;28,3;26;27;27;28;29;30;30;30;31;32;356;394,5;374,546703296703;377,866379310345;383,973214285714;396;412,044642857143;403;405;418,961206896552;411;423,321428571429;NA;NA;NA;NA;NA;NA;NA;NA;NA;NA;NA;NA;NA
2023-12-25;"0-60";1;1,2;1;1;1;1;1;1;2;2;2;2;80;89;83;85;87;89;92;93;94;95;97;98,2;0,859015747251936;0,908611300950667;0,893464048092934;0,876731875664023;0,855393301812165;0,831194282804114;0,824896452713125;0,817204847305688;0,806149036569148;0,7895838110819;0,772520447395604;NA;NA
2023-12-25;"60+";9;10,3;9;9;9;10;11;11;12;12;13;13;416;448;432,223214285714;434,197802197802;440,923076923077;449;458,615384615385;455;457;466,978021978022;463;471,665178571429;0,874984001900634;0,910098270150213;0,89844839227885;0,887050715878865;0,872955321207449;0,857282411007833;0,852848701017342;0,847459377142193;0,84086596401695;0,830241938687234;0,819824363991738;NA;NA
2023-12-25;"alle";10;11,5;10;10;11;11;12;13;13;13;14;14;496;537,1;518,297951176983;520,442666666667;525,971428571429;539;558,542857142857;546;548;562,543619047619;555;564,969703574542;NA;NA;NA;NA;NA;NA;NA;NA;NA;NA;NA;NA;NA
2023-12-24;"0-60";5;6,7;5;5;6;7;8;8;8;9;10;10;84;93,2;87;89;91;93;96;97;98;99;101;103;0,742272092644733;0,82575534640995;0,798767111798923;0,770175153249024;0,735846050987312;0,69762552631462;0,687655673741247;0,675451635379367;0,658433899560907;0,633473193155541;0,609787839689385;NA;NA
2023-12-24;"60+";26;33,6;29;30;32;34;36;37;37;38;40;41;429;460,6;448,792857142857;448,33781512605;454,115384615385;461;472,128205128205;468;470;478,993277310924;475;478,310714285714;0,773013576739528;0,829490724983938;0,808940620274853;0,791250585215618;0,76835628607574;0,742818584130579;0,736318327516063;0,728299345772242;0,717915282687608;0,700814337028233;0,6871889663524;NA;NA
2023-12-24;"alle";31;40,4;35;36;38;41;43;44;45;46;48;49;513;553,8;535,906186612576;538,117948717949;541,45;555;577,2;563;565;577,323076923077;572;581,289046653144;NA;NA;NA;NA;NA;NA;NA;NA;NA;NA;NA;NA;NA
2023-12-23;"0-60";11;13,6;11;12;12;14;15;15;16;16;17;18;82;89,8;85;86;88;90;93;93;94;95;97;98;0,808672727370324;0,869838550694822;0,849962983347126;0,829848725159161;0,804731519744575;0,774313287252431;0,766836103589846;0,757114560166834;0,744371125764792;0,724709465639779;0,705880129886297;NA;NA
2023-12-23;"60+";35;41,8;37;39;40;42;44;44;45;46;47;49;428;453,6;443;447;446,563636363636;454;464,154545454545;460;461;463;467;469;0,837089709892844;0,87369756680125;0,861393392340338;0,848503835384883;0,833502092745083;0,816408319092397;0,811765846139076;0,806258896724887;0,798937006488732;0,786627601133189;0,775995050026447;NA;NA
2023-12-23;"alle";46;55,4;50;51;53;56;58;59;60;61;62;64;510;543,4;527,60954954955;530,063157894737;534,738095238095;544;560,214285714286;551;553;561,817543859649;559;567,085675675676;NA;NA;NA;NA;NA;NA;NA;NA;NA;NA;NA;NA;NA
2023-12-22;"0-60";16;18;16;16;17;18;19;19;20;20;21;22;80;85,8;81;83;84;86;88;89;89;90;92;93;0,887703820431725;0,92545374367623;0,913430427049568;0,901453502311655;0,884736549834773;0,865687378443608;0,860539026941233;0,854959440642301;0,847297591980752;0,834916905010119;0,823844624618377;NA;NA
2023-12-22;"60+";52;57,2;53;54;56;57;59;59;60;61;62;63;472;493,8;484;487;487,444444444444;495;505,603174603175;500;501;503;506;509;0,909535699482555;0,930481052039031;0,923048613054839;0,91596485070851;0,907472408239717;0,897291806635232;0,894659778912839;0,891499950777175;0,887518578097889;0,880143898413519;0,873693951944944;NA;NA
2023-12-22;"alle";68;75,2;70;72;73;75;77;78;79;80;81;82;552;579,6;568,796153846154;572,472;572;581;593,111111111111;587;589;591,912;594;598,353846153846;NA;NA;NA;NA;NA;NA;NA;NA;NA;NA;NA;NA;NA
2023-12-21;"0-60";8;8,7;8;8;8;9;9;9;10;10;10;11;77;81,2;78;79;80;81;83;83;84;85;86;87;0,921123521951089;0,949118064753147;0,940319745052409;0,93125348564685;0,919279047709946;0,904956090941035;0,901113355640863;0,896659540015926;0,890780060629112;0,881076054405443;0,872150671137338;NA;NA
2023-12-21;"60+";67;71,2;68;69;70;71;73;73;74;74;75;76;502;520,1;511;514;515,45;521;527,45;526;527;529;532;535;0,940993856296316;0,955418506873007;0,950751043296086;0,945803194379016;0,939725266467082;0,932927235895112;0,931166484133515;0,928981394882897;0,92609678653089;0,921693780948593;0,917409117064396;NA;NA
2023-12-21;"alle";75;79,9;76;77;78;80;82;82;83;83;84;85;579;601,3;591;595;596,166666666667;602;610,166666666667;608;610;612;615;618;NA;NA;NA;NA;NA;NA;NA;NA;NA;NA;NA;NA;NA
2023-12-20;"0-60";15;15,8;15;15;15;16;16;17;17;17;18;18;94;98;95;95;97;98;100;100;101;102;103;104;0,949046897967116;0,967994130703291;0,96232410986961;0,956175084186112;0,948062628744047;0,938122439124873;0,935515330452255;0,932212842507395;0,928492225545396;0,920929919128522;0,914367638158368;NA;NA
2023-12-20;"60+";85;88,1;85;86;87;88;89;90;90;91;92;92;550;565,1;557;560;562;566;570;571;572;574;577;579;0,965124736196732;0,974758682203713;0,971774901747911;0,968583629480436;0,964790346267778;0,960372477606799;0,959255480567027;0,957932020912253;0,95622907530669;0,953420579448397;0,951051931061357;NA;NA
2023-12-20;"alle";100;103,9;101;101;102;104;105;106;106;107;108;109;644;663;654;657;660;664;668;670;671;673;677;679;NA;NA;NA;NA;NA;NA;NA;NA;NA;NA;NA;NA;NA
2023-12-19;"0-60";24;25;24;24;24;25;26;26;26;27;27;28;93;96,3;93;94;95;96;98;98;99;100;101;102;0,958967413834168;0,974595318506833;0,969996579067502;0,964816996662603;0,958023213590355;0,949782154623863;0,947426280732952;0,944672448472374;0,940901960438412;0,935012909266486;0,929921878027764;NA;NA
2023-12-19;"60+";142;145,8;143;143;144;146;147;148;148;149;150;151;556;568,4;561;564;566;569;573;574;575;577;580;582;0,973610512608323;0,981333109087336;0,978842498962593;0,976283340014907;0,973174453638266;0,969539162209587;0,968493852740105;0,967322530752671;0,965881910474808;0,963259692175971;0,961120009947549;NA;NA
2023-12-19;"alle";166;170,9;167;168;169;171;173;173;174;174;175;176;649;664,7;657;659;662;666;670;671;672;674;677;680;NA;NA;NA;NA;NA;NA;NA;NA;NA;NA;NA;NA;NA
2023-12-18;"0-60";5;5,3;5;5;5;5;6;6;6;6;6;7;102;104,5;102;103;103;104;106;106;107;107;108;109;0,941764145030891;0,966024153420954;0,958704365872033;0,950696599518041;0,940260211033456;0,926998390255612;0,923156295285487;0,918476161012939;0,912254073507051;0,90250791823601;0,893268567330996;NA;NA
2023-12-18;"60+";22;22,8;22;22;22;23;23;24;24;24;25;25;579;588,3;582;584;586;589;592;593;594;596;598;601;0,963714016611623;0,976203634214703;0,972195831869366;0,967900222060394;0,962389079911075;0,955668563331734;0,953685903424411;0,951253907874832;0,948262865602982;0,943220926332592;0,937869286193347;NA;NA
2023-12-18;"alle";27;28,1;27;27;27;28;29;29;29;30;30;31;681;692,8;686;688;690;694;697;698;700;701;704;707;NA;NA;NA;NA;NA;NA;NA;NA;NA;NA;NA;NA;NA
2023-12-17;"0-60";3;3,3;3;3;3;3;4;4;4;4;5;5;102;104,2;102;102;103;104;106;106;106;107;108;109;0,900376706994009;0,941568446585096;0,929262281010479;0,915794205608553;0,897450678982046;0,874739487739357;0,868690190875503;0,86116652038534;0,849875933072593;0,832416921142824;0,817092780537611;NA;NA
2023-12-17;"60+";25;26,6;25;25;26;27;28;28;28;29;30;30;579;587,6;582;584;586;588;591;592;593;595;598;600;0,938590755973284;0,960342425954833;0,953209237976081;0,945894960652627;0,935447859058845;0,922623113795902;0,918612724170121;0,913828452652576;0,907534926433131;0,895368680073028;0,882904329195145;NA;NA
2023-12-17;"alle";28;30;28;28;29;30;31;31;32;32;33;34;681;691,8;685;687;690;693;696;697;698;700;703;706;NA;NA;NA;NA;NA;NA;NA;NA;NA;NA;NA;NA;NA
2023-12-16;"0-60";9;9,6;9;9;9;9;10;10;10;11;11;12;107;109;107;107;108;109;110;111;111;112;112;113;0,936850215378573;0,963749645390316;0,956010513335723;0,947102928688166;0,934829380375882;0,919826903020096;0,915478097689832;0,909717905071125;0,902163221497103;0,889935848952011;0,880176871764646;NA;NA
2023-12-16;"60+";79;82,1;79;80;81;82;84;84;85;85;87;88;586;593,5;588;590;592;594;597;598;599;600;603;606;0,962416824513233;0,976289902724593;0,97185882256502;0,967003872776156;0,960337800313276;0,951275563538425;0,948726768166084;0,945417621505675;0,940312508838028;0,930516271930213;0,918243418968451;NA;NA
2023-12-16;"alle";88;91,7;88;89;90;92;94;94;95;95;97;98;693;702,5;696;698;700;703;707;708;709;711;713;716;NA;NA;NA;NA;NA;NA;NA;NA;NA;NA;NA;NA;NA
2023-12-15;"0-60";13;13,4;13;13;13;13;14;14;14;14;15;15;107;108,5;107;107;108;108;109;110;110;111;111;112;0,969022187455611;0,983413744105837;0,97927501015999;0,974449048128509;0,968033895510632;0,959525927831314;0,957207339757476;0,954134903584575;0,950065110485486;0,943327911618329;0,936528241263437;NA;NA
2023-12-15;"60+";82;83,5;82;82;83;83;84;85;85;86;86;87;562;567;563;564;565;567;570;571;571;573;575;577;0,982456990574068;0,989780467399974;0,98736272678909;0,984906948724215;0,981377085187678;0,976453744823498;0,975024701508386;0,973077428683842;0,970152218081116;0,965136876896895;0,959270118437478;NA;NA
2023-12-15;"alle";95;96,9;95;95;96;97;98;98;99;99;100;101;669;675,5;671;672;674;676;679;680;681;682;685;687;NA;NA;NA;NA;NA;NA;NA;NA;NA;NA;NA;NA;NA
2023-12-14;"0-60";25;25,5;25;25;25;25;26;26;26;27;27;27;108;109,1;108;108;108;109;110;110;110;111;112;112;0,981627695233741;0,990862305608303;0,988214724068642;0,985263790872728;0,981032666999464;0,975440538607889;0,973782010445608;0,971791157481998;0,969224235704159;0,964645464503734;0,960243882001638;NA;NA
2023-12-14;"60+";115;116,1;115;115;115;116;117;117;118;118;119;119;586;590,1;586;587;589;590;593;593;594;596;598;601;0,990329499865266;0,994602650300858;0,99332051795907;0,991791696205623;0,989724844524061;0,986919619799285;0,986111073318444;0,9850301131194;0,983542604429345;0,980903828672893;0,978160412906187;NA;NA
2023-12-14;"alle";140;141,6;140;140;141;142;143;143;143;144;145;145;694;699,2;695;696;698;700;702;703;704;705;708;711;NA;NA;NA;NA;NA;NA;NA;NA;NA;NA;NA;NA;NA
2023-12-13;"0-60";14;14,1;14;14;14;14;14;14;14;15;15;15;93;93,6;93;93;93;93;94;94;95;95;96;96;0,989997203667877;0,995413959560437;0,993813948695383;0,992114642535124;0,989682649580664;0,986369553306411;0,9854084791518;0,98429912560695;0,982666355963797;0,979810120266215;0,977163400528447;NA;NA
2023-12-13;"60+";91;91,5;91;91;91;91;92;92;92;92;93;93;574;577,3;574;575;576;577;580;580;581;582;585;587;0,995049754558666;0,997495411512756;0,996838841470315;0,996026773726797;0,994921508134865;0,99351218796504;0,993119626270468;0,992608983477853;0,991892653282927;0,990821468014141;0,989785589284911;NA;NA
2023-12-13;"alle";105;105,6;105;105;105;105;106;106;106;107;107;108;667;670,9;667;668;670;671;674;674;675;677;679;682;NA;NA;NA;NA;NA;NA;NA;NA;NA;NA;NA;NA;NA
2023-12-12;"0-60";33;33,2;33;33;33;33;33;34;34;34;34;35;100;100,5;100;100;100;100;101;101;101;102;102;103;0,99314847036263;0,996921549211013;0,995861894415252;0,994614634586474;0,992844658169375;0,990393602020982;0,989648022446207;0,988760336853687;0,98761342922843;0,985357517936222;0,983068041710899;NA;NA
2023-12-12;"60+";165;165,7;165;165;165;166;166;166;167;167;168;168;578;581;578;579;580;581;583;584;585;586;588;591;0,995877094675847;0,99802561183841;0,997428780826704;0,996724986581282;0,995718089064354;0,99434513190382;0,993921023540143;0,993398852799625;0,992654417937801;0,99137108662163;0,990211188990437;NA;NA
2023-12-12;"alle";198;198,9;198;198;198;199;200;200;200;201;201;202;678;681,5;678;679;680;682;684;685;686;687;689;692;NA;NA;NA;NA;NA;NA;NA;NA;NA;NA;NA;NA;NA
2023-12-11;"0-60";5;5;5;5;5;5;5;5;5;5;5;6;81;81,3;81;81;81,3;81;82,7;82;82;82;83;83;0,991593292227608;0,996448516689255;0,995081086825009;0,993440873520909;0,991030697557371;0,987598377082604;0,986583345753651;0,985301330078178;0,983479617176745;0,98013780508973;0,976426634219179;NA;NA
2023-12-11;"60+";22;22,2;22;22;22;22;22;22;23;23;23;23;514;516,5;514;514;515;517;519;519;520;521;523;526;0,992764573539996;0,997015397952403;0,995930873476354;0,994535465430514;0,992363560620049;0,989153814144603;0,988031026119929;0,986615076035359;0,984345591243647;0,980318272812901;0,975761209817076;NA;NA
2023-12-11;"alle";27;27,2;27;27;27;27;27;28;28;28;28;29;595;597,8;595;596;596;598;600;601;601;603;605;608;NA;NA;NA;NA;NA;NA;NA;NA;NA;NA;NA;NA;NA
2023-12-10;"0-60";8;8,1;8;8;8;8;8;8;8;9;9;9;78;78,2;78;78;78,2;78;79,8;79;79;79;80;80;0,987358330001818;0,994861921204469;0,992853012710163;0,990351556748579;0,986460566927202;0,980797266038083;0,978871256959556;0,97637688543214;0,972911553137247;0,966724671108882;0,959215831422846;NA;NA
2023-12-10;"60+";32;32,5;32;32;32;32;33;33;34;34;35;35;507;509,4;507;507;508;509;511;512;513;514;516;519;0,984404399057193;0,994253346721441;0,991951644329162;0,988870952850494;0,983795354259481;0,975135510007831;0,97240083281086;0,968229729991366;0,962217522984924;0,95005189756176;0,936868752839662;NA;NA
2023-12-10;"alle";40;40,6;40;40;40;41;41;42;42;42;43;44;585;587,6;585;586;586;588;590;590;591;592;595;597;NA;NA;NA;NA;NA;NA;NA;NA;NA;NA;NA;NA;NA
2023-12-09;"0-60";9;9,1;9;9;9;9;9;9;9;9;10;10;73;73,1;73;73;73,1;73;73,1;73;74;74;74;74;0,993239253491404;0,997427854723465;0,996365898682345;0,995017182623067;0,992757005782614;0,989444195275746;0,988307458384422;0,986903525578711;0,984497058322106;0,980122787098524;0,975076366157056;NA;NA
2023-12-09;"60+";55;55,6;55;55;55;56;56;57;57;57;58;59;496;498,1;496;496;497,55;498;499,05;500;501;502;504;507;0,988996893753038;0,996257645496647;0,994744977576812;0,992498594093994;0,988722640389658;0,981986097271419;0,979540831004924;0,976441017795479;0,971427404347824;0,961588452226372;0,949202370286918;NA;NA
2023-12-09;"alle";64;64,7;64;64;64;65;65;66;66;66;67;68;569;571,2;569;569;570;571;573;574;574;576;578;580;NA;NA;NA;NA;NA;NA;NA;NA;NA;NA;NA;NA;NA
2023-12-08;"0-60";14;14;14;14;14;14;14;14;14;14;15;15;73;73,1;73;73,08;73,1;73;73,1;73;73;74,9;74;74;0,997136960933302;0,999041606397566;0,998595936406873;0,998003194541232;0,996968722871488;0,995330151466156;0,994816220088164;0,994023092294918;0,99288842787886;0,990443816930018;0,987634125932401;NA;NA
2023-12-08;"60+";106;106,6;106;106;106;106;107;107;108;108;109;110;501;502,9;501;501;502,9;503;507,1;505;506;507;509;512;0,99444093352924;0,998235429258736;0,997430008173856;0,996269496014384;0,99429847354822;0,990730215046602;0,989410567500848;0,987701879972704;0,984872165382532;0,979596695773019;0,973713053379499;NA;NA
2023-12-08;"alle";120;120,6;120;120;120;121;121;122;122;122;123;124;574;576;574;574;575,5;576;577;578;579;580;583;585;NA;NA;NA;NA;NA;NA;NA;NA;NA;NA;NA;NA;NA
2023-12-07;"0-60";10;10;10;10;10;10;10;10;10;10;10;10;71;71;71;71;71;71;71;71;71;71;72;72;0,998514273173116;0,999579777190027;0,999358667810596;0,999037479470186;0,99847673270569;0,997479570412252;0,997172392426024;0,996674970795551;0,99598292594936;0,994606281923012;0,992805934605681;NA;NA
2023-12-07;"60+";103;103,3;103;103;103;103;104;104;104;104;105;105;477;478,6;477;477;478,6;479;481,4;481;481;482;484;487;0,997010975158192;0,999010616675325;0,998576253928325;0,997937781835368;0,996913177101934;0,995124878096766;0,994510591312699;0,993678470355968;0,99239375249661;0,989784010327519;0,986970845034817;NA;NA
2023-12-07;"alle";113;113,3;113;113;113;113;114;114;114;114;115;115;548;549,7;548;548;549,7;550;549,7;552;553;554;556;558;NA;NA;NA;NA;NA;NA;NA;NA;NA;NA;NA;NA;NA
2023-12-06;"0-60";21;21;21;21;21;21;21;21;21;21;21;21;73;73;73;73;73;73;73;73;73;73;74;75;0,99928561843501;0,999845338176841;0,99973749319417;0,999577656928754;0,99927795362794;0,998730157664646;0,998535670175007;0,998269560295507;0,997845505920062;0,99706125809503;0,996133443273618;NA;NA
2023-12-06;"60+";95;95,1;95;95;95;95;95;95;95;96;96;96;431;432,4;431;432,4;432,4;432;432,4;434;435;439,6;438;440;0,998586719482395;0,999502096592866;0,999292241220724;0,99901012030736;0,99858661902724;0,997948075984658;0,997747259393274;0,997494222162723;0,997134881257672;0,996488331890495;0,995846683806737;NA;NA
2023-12-06;"alle";116;116,1;116;116;116;116;116;116;117;117;117;117;504;505,4;504;504;505,4;505;505,4;507;508;509;511;513;NA;NA;NA;NA;NA;NA;NA;NA;NA;NA;NA;NA;NA
2023-12-05;"0-60";14;14;14;14;14;14;14;14;14;14;14;14;70;70;70;70;70;70;70;70;70;70;70;72;0,999557875464481;0,999929328989599;0,999871120601338;0,999770634777061;0,999558985815252;0,999093572460414;0,998917884227806;0,998670684503075;0,998276956069691;0,997402324892006;0,996193450284316;NA;NA
2023-12-05;"60+";101;101,2;101;101;101;101;101;101;102;102;102;102;435;436,3;436,235;436,3;436,3;436;436,3;438;439;443,7;441;449,7;0,998342792338713;0,999494681160618;0,999248929912804;0,998906603092916;0,998346071069352;0,997454058288698;0,997148379865544;0,996768981376524;0,99619899992188;0,99513590674466;0,99409147454722;NA;NA
2023-12-05;"alle";115;115,2;115;115;115;115;115;115;116;116;116;117;505;506,3;505;506,3;506,3;506;506,3;508;509;513,7;512;514;NA;NA;NA;NA;NA;NA;NA;NA;NA;NA;NA;NA;NA
2023-12-04;"0-60";2;2;2;2;2;2;2;2;2;2;2;2;81;81;81;81;81;81;81;81;81;81;81;83;0,999504949856759;0,999948082719389;0,999893153237047;0,999780004656816;0,999500667391307;0,998779238442155;0,998480090338992;0,998013303191509;0,99729015536581;0,99529852298841;0,992521841967275;NA;NA
2023-12-04;"60+";15;15,1;15;15;15;15;15;15;15;15;16;16;451;452,1;452,045;452,1;452,1;452;452,1;454;454;457,9;457;465,9;0,99596501807597;0,999032134369903;0,998452849681101;0,997571641014331;0,995962627639421;0,993193616171248;0,992153054839997;0,990818167317616;0,988737064198719;0,984714782732258;0,980222371959524;NA;NA
2023-12-04;"alle";17;17,1;17;17;17;17;17;17;17;17;18;18;532;533,1;533,045;533,1;533,1;533;533,1;535;535;538,9;538;546,9;NA;NA;NA;NA;NA;NA;NA;NA;NA;NA;NA;NA;NA
2023-12-03;"0-60";3;3;3;3;3;3;3;3;3;3;3;3;89;89;89;89;89;89;89;89;89;89;89;91;0,999333721179901;0,999958144378811;0,999898017018145;0,999750215857103;0,999328824537334;0,998051651436352;0,997439704708456;0,996555522622009;0,994824438349379;0,990262512741329;0,983220746531168;NA;NA
2023-12-03;"60+";21;21,2;21;21;21;21;21;22;22;22;23;23;474;475;475;475;475;475;475;477;477;481;480;489;0,989703831617333;0,997992878267421;0,996495542827458;0,994186576959364;0,989771835665062;0,981618443159821;0,978747855281147;0,974891021176055;0,968563247309325;0,956280080132899;0,942450051403211;NA;NA
2023-12-03;"alle";24;24,2;24;24;24;24;25;25;25;25;26;26;563;564,1;564,1;564,1;564,1;564;564,1;566;566;569,9;569;577,9;NA;NA;NA;NA;NA;NA;NA;NA;NA;NA;NA;NA;NA
2023-12-02;"0-60";9;9;9;9;9;9;9;9;9;9;9;9;94;94;94;94;94;94;94;94;94;94;94;94;0,999704002137719;0,99998874025264;0,999967584164064;0,999908425228379;0,999706619304835;0,998991300682664;0,998649655553865;0,998072616447986;0,996909635895156;0,993714258151612;0,988750923175116;NA;NA
2023-12-02;"60+";60;60,5;60;60;60;60;61;61;62;62;63;64;477;477,8;477,8;477,8;477,8;478;477,8;479;480;482,2;482;490,2;0,992380101176439;0,998664777527566;0,997609078714088;0,995900238045205;0,992445237294129;0,985967771662572;0,983489746301963;0,980414406842932;0,975399229889527;0,965275742734174;0,952919325250752;NA;NA
2023-12-02;"alle";69;69,5;69;69;69;69;70;70;71;71;72;73;571;571,8;571,8;571,8;571,8;572;571,8;573;574;576,2;576;584,2;NA;NA;NA;NA;NA;NA;NA;NA;NA;NA;NA;NA;NA
2023-12-01;"0-60";12;12;12;12;12;12;12;12;12;12;12;12;91;91;91;91;91;91;91;91;91;91;91;91;0,999911562343948;0,999998087457559;0,999993302274923;0,999977168988202;0,999912920788418;0,999649119938039;0,999514248511626;0,999272891798876;0,998789345781795;0,997339606207172;0,995002853896092;NA;NA
2023-12-01;"60+";82;82,3;82;82;82;82;83;83;83;83;84;85;482;482,4;482,4;482,4;482,4;482;482,4;483;483;485,6;485;487,6;0,996452857523706;0,999457465334058;0,998980997386198;0,998157095479463;0,996502252507532;0,993241749762454;0,991927672999936;0,99036215198988;0,987790508527796;0,982581122437232;0,976381104933912;NA;NA
2023-12-01;"alle";94;94,3;94;94;94;94;95;95;95;95;96;97;573;573,4;573,4;573,4;573,4;573;573,4;574;574;576,6;576;578,6;NA;NA;NA;NA;NA;NA;NA;NA;NA;NA;NA;NA;NA
2023-11-30;"0-60";12;12;12;12;12;12;12;12;12;12;12;12;96;96;96;96;96;96;96;96;96;96;96;96;0,99997777544991;0,999999716941;0,999998764982015;0,999995123737146;0,999978065696643;0,999899489517948;0,99985834292105;0,999776930724868;0,999608337150118;0,999132743136272;0,998328774544382;NA;NA
2023-11-30;"60+";57;57,1;57;57;57;57;57;57;57;58;58;58;496;496,1;496,1;496,1;496,1;496;496,1;496;496;497,9;497;497,9;0,99867370516531;0,999821239107779;0,999645166582369;0,999348215256391;0,998679860516569;0,997407514022123;0,996885521893936;0,996185739844627;0,995080135886154;0,992860716761982;0,990210390369509;NA;NA
2023-11-30;"alle";69;69,1;69;69;69;69;69;69;69;70;70;70;592;592,1;592,1;592,1;592,1;592;592,1;592;592;593,9;593;593,9;NA;NA;NA;NA;NA;NA;NA;NA;NA;NA;NA;NA;NA
2023-11-29;"0-60";18;18;18;18;18;18;18;18;18;18;18;18;87;87;87;87;87;87;87;87;87;87;87;87;1;1;1;1;1;1;1;1;1;1;1;18;87
2023-11-29;"60+";99;99;99;99;99;99;99;99;99;99;99;99;460;460;460;460;460;460;460;460;460;460;460;460;1;1;1;1;1;1;1;1;1;1;1;99;460
2023-11-29;"alle";117;117;117;117;117;117;117;117;117;117;117;117;547;547;547;547;547;547;547;547;547;547;547;547;NA;NA;NA;NA;NA;NA;NA;NA;NA;NA;NA;117;547
2023-11-28;"0-60";25;25;25;25;25;25;25;25;25;25;25;25;85;85;85;85;85;85;85;85;85;85;85;85;1;1;1;1;1;1;1;1;1;1;1;25;85
2023-11-28;"60+";117;117;117;117;117;117;117;117;117;117;117;117;466;466;466;466;466;466;466;466;466;466;466;466;1;1;1;1;1;1;1;1;1;1;1;117;466
2023-11-28;"alle";142;142;142;142;142;142;142;142;142;142;142;142;551;551;551;551;551;551;551;551;551;551;551;551;1;1;1;1;1;1;1;1;1;1;1;142;551
2023-11-27;"0-60";10;10;10;10;10;10;10;10;10;10;10;10;78;78;78;78;78;78;78;78;78;78;78;78;1;1;1;1;1;1;1;1;1;1;1;10;78
2023-11-27;"60+";38;38;38;38;38;38;38;38;38;38;38;38;502;502;502;502;502;502;502;502;502;502;502;502;1;1;1;1;1;1;1;1;1;1;1;38;502
2023-11-27;"alle";48;48;48;48;48;48;48;48;48;48;48;48;580;580;580;580;580;580;580;580;580;580;580;580;1;1;1;1;1;1;1;1;1;1;1;48;580
2023-11-26;"0-60";8;8;8;8;8;8;8;8;8;8;8;8;71;71;71;71;71;71;71;71;71;71;71;71;1;1;1;1;1;1;1;1;1;1;1;8;71
2023-11-26;"60+";24;24;24;24;24;24;24;24;24;24;24;24;492;492;492;492;492;492;492;492;492;492;492;492;1;1;1;1;1;1;1;1;1;1;1;24;491
2023-11-26;"alle";32;32;32;32;32;32;32;32;32;32;32;32;563;563;563;563;563;563;563;563;563;563;563;563;1;1;1;1;1;1;1;1;1;1;1;32;562
2023-11-25;"0-60";6;6;6;6;6;6;6;6;6;6;6;6;66;66;66;66;66;66;66;66;66;66;66;66;1;1;1;1;1;1;1;1;1;1;1;6;66
2023-11-25;"60+";65;65;65;65;65;65;65;65;65;65;65;65;492;492;492;492;492;492;492;492;492;492;492;492;1;1;1;1;1;1;1;1;1;1;1;65;491
2023-11-25;"alle";71;71;71;71;71;71;71;71;71;71;71;71;558;558;558;558;558;558;558;558;558;558;558;558;1;1;1;1;1;1;1;1;1;1;1;71;557
2023-11-24;"0-60";17;17;17;17;17;17;17;17;17;17;17;17;76;76;76;76;76;76;76;76;76;76;76;76;1;1;1;1;1;1;1;1;1;1;1;17;76
2023-11-24;"60+";96;96;96;96;96;96;96;96;96;96;96;96;471;471;471;471;471;471;471;471;471;471;471;471;1;1;1;1;1;1;1;1;1;1;1;96;470
2023-11-24;"alle";113;113;113;113;113;113;113;113;113;113;113;113;547;547;547;547;547;547;547;547;547;547;547;547;1;1;1;1;1;1;1;1;1;1;1;113;546
2023-11-23;"0-60";3;3;3;3;3;3;3;3;3;3;3;3;77;77;77;77;77;77;77;77;77;77;77;77;1;1;1;1;1;1;1;1;1;1;1;3;77
2023-11-23;"60+";21;21;21;21;21;21;21;21;21;21;21;21;434;434;434;434;434;434;434;434;434;434;434;434;1;1;1;1;1;1;1;1;1;1;1;21;433
2023-11-23;"alle";24;24;24;24;24;24;24;24;24;24;24;24;511;511;511;511;511;511;511;511;511;511;511;511;1;1;1;1;1;1;1;1;1;1;1;24;510
2023-11-22;"0-60";16;16;16;16;16;16;16;16;16;16;16;16;81;81;81;81;81;81;81;81;81;81;81;81;1;1;1;1;1;1;1;1;1;1;1;16;81
2023-11-22;"60+";105;105;105;105;105;105;105;105;105;105;105;105;460;460;460;460;460;460;460;460;460;460;460;460;1;1;1;1;1;1;1;1;1;1;1;105;459
2023-11-22;"alle";121;121;121;121;121;121;121;121;121;121;121;121;541;541;541;541;541;541;541;541;541;541;541;541;1;1;1;1;1;1;1;1;1;1;1;121;540
2023-11-21;"0-60";18;18;18;18;18;18;18;18;18;18;18;18;77;77;77;77;77;77;77;77;77;77;77;77;1;1;1;1;1;1;1;1;1;1;1;18;77
2023-11-21;"60+";153;153;153;153;153;153;153;153;153;153;153;153;427;427;427;427;427;427;427;427;427;427;427;427;1;1;1;1;1;1;1;1;1;1;1;153;426
2023-11-21;"alle";171;171;171;171;171;171;171;171;171;171;171;171;504;504;504;504;504;504;504;504;504;504;504;504;1;1;1;1;1;1;1;1;1;1;1;171;503
2023-11-20;"0-60";3;3;3;3;3;3;3;3;3;3;3;3;87;87;87;87;87;87;87;87;87;87;87;87;1;1;1;1;1;1;1;1;1;1;1;3;87
2023-11-20;"60+";28;28;28;28;28;28;28;28;28;28;28;28;400;400;400;400;400;400;400;400;400;400;400;400;1;1;1;1;1;1;1;1;1;1;1;27;399
2023-11-20;"alle";31;31;31;31;31;31;31;31;31;31;31;31;487;487;487;487;487;487;487;487;487;487;487;487;1;1;1;1;1;1;1;1;1;1;1;30;486
2023-11-19;"0-60";3;3;3;3;3;3;3;3;3;3;3;3;87;87;87;87;87;87;87;87;87;87;87;87;1;1;1;1;1;1;1;1;1;1;1;3;87
2023-11-19;"60+";24;24;24;24;24;24;24;24;24;24;24;24;388;388;388;388;388;388;388;388;388;388;388;388;1;1;1;1;1;1;1;1;1;1;1;24;388
2023-11-19;"alle";27;27;27;27;27;27;27;27;27;27;27;27;475;475;475;475;475;475;475;475;475;475;475;475;1;1;1;1;1;1;1;1;1;1;1;27;475
2023-11-18;"0-60";16;16;16;16;16;16;16;16;16;16;16;16;85;85;85;85;85;85;85;85;85;85;85;85;1;1;1;1;1;1;1;1;1;1;1;16;85
2023-11-18;"60+";44;44;44;44;44;44;44;44;44;44;44;44;381;381;381;381;381;381;381;381;381;381;381;381;1;1;1;1;1;1;1;1;1;1;1;44;381
2023-11-18;"alle";60;60;60;60;60;60;60;60;60;60;60;60;466;466;466;466;466;466;466;466;466;466;466;466;1;1;1;1;1;1;1;1;1;1;1;60;466
2023-11-17;"0-60";18;18;18;18;18;18;18;18;18;18;18;18;86;86;86;86;86;86;86;86;86;86;86;86;1;1;1;1;1;1;1;1;1;1;1;18;86
2023-11-17;"60+";59;59;59;59;59;59;59;59;59;59;59;59;371;371;371;371;371;371;371;371;371;371;371;371;1;1;1;1;1;1;1;1;1;1;1;59;371
2023-11-17;"alle";77;77;77;77;77;77;77;77;77;77;77;77;457;457;457;457;457;457;457;457;457;457;457;457;1;1;1;1;1;1;1;1;1;1;1;77;457
2023-11-16;"0-60";7;7;7;7;7;7;7;7;7;7;7;7;78;78;78;78;78;78;78;78;78;78;78;78;1;1;1;1;1;1;1;1;1;1;1;7;78
2023-11-16;"60+";47;47;47;47;47;47;47;47;47;47;47;47;386;386;386;386;386;386;386;386;386;386;386;386;1;1;1;1;1;1;1;1;1;1;1;47;386
2023-11-16;"alle";54;54;54;54;54;54;54;54;54;54;54;54;464;464;464;464;464;464;464;464;464;464;464;464;1;1;1;1;1;1;1;1;1;1;1;54;464
2023-11-15;"0-60";12;12;12;12;12;12;12;12;12;12;12;12;86;86;86;86;86;86;86;86;86;86;86;86;1;1;1;1;1;1;1;1;1;1;1;12;86
2023-11-15;"60+";72;72;72;72;72;72;72;72;72;72;72;72;427;427;427;427;427;427;427;427;427;427;427;427;1;1;1;1;1;1;1;1;1;1;1;72;427
2023-11-15;"alle";84;84;84;84;84;84;84;84;84;84;84;84;513;513;513;513;513;513;513;513;513;513;513;513;1;1;1;1;1;1;1;1;1;1;1;84;513
2023-11-14;"0-60";28;28;28;28;28;28;28;28;28;28;28;28;80;80;80;80;80;80;80;80;80;80;80;80;1;1;1;1;1;1;1;1;1;1;1;28;80
2023-11-14;"60+";126;126;126;126;126;126;126;126;126;126;126;126;398;398;398;398;398;398;398;398;398;398;398;398;1;1;1;1;1;1;1;1;1;1;1;126;398
2023-11-14;"alle";154;154;154;154;154;154;154;154;154;154;154;154;478;478;478;478;478;478;478;478;478;478;478;478;1;1;1;1;1;1;1;1;1;1;1;154;478
2023-11-13;"0-60";3;3;3;3;3;3;3;3;3;3;3;3;62;62;62;62;62;62;62;62;62;62;62;62;1;1;1;1;1;1;1;1;1;1;1;3;62
2023-11-13;"60+";16;16;16;16;16;16;16;16;16;16;16;16;338;338;338;338;338;338;338;338;338;338;338;338;1;1;1;1;1;1;1;1;1;1;1;16;338
2023-11-13;"alle";19;19;19;19;19;19;19;19;19;19;19;19;400;400;400;400;400;400;400;400;400;400;400;400;1;1;1;1;1;1;1;1;1;1;1;19;400
2023-11-12;"0-60";1;1;1;1;1;1;1;1;1;1;1;1;61;61;61;61;61;61;61;61;61;61;61;61;1;1;1;1;1;1;1;1;1;1;1;1;61
2023-11-12;"60+";17;17;17;17;17;17;17;17;17;17;17;17;344;344;344;344;344;344;344;344;344;344;344;344;1;1;1;1;1;1;1;1;1;1;1;17;343
2023-11-12;"alle";18;18;18;18;18;18;18;18;18;18;18;18;405;405;405;405;405;405;405;405;405;405;405;405;1;1;1;1;1;1;1;1;1;1;1;18;404
2023-11-11;"0-60";17;17;17;17;17;17;17;17;17;17;17;17;64;64;64;64;64;64;64;64;64;64;64;64;1;1;1;1;1;1;1;1;1;1;1;17;64
2023-11-11;"60+";34;34;34;34;34;34;34;34;34;34;34;34;343;343;343;343;343;343;343;343;343;343;343;343;1;1;1;1;1;1;1;1;1;1;1;34;342
2023-11-11;"alle";51;51;51;51;51;51;51;51;51;51;51;51;407;407;407;407;407;407;407;407;407;407;407;407;NA;NA;NA;NA;NA;NA;NA;NA;NA;NA;NA;51;406
2023-11-10;"0-60";10;10;10;10;10;10;10;10;10;10;10;10;52;52;52;52;52;52;52;52;52;52;52;52;1;1;1;1;1;1;1;1;1;1;1;10;52
2023-11-10;"60+";74;74;74;74;74;74;74;74;74;74;74;74;366;366;366;366;366;366;366;366;366;366;366;366;1;1;1;1;1;1;1;1;1;1;1;74;365
2023-11-10;"alle";84;84;84;84;84;84;84;84;84;84;84;84;418;418;418;418;418;418;418;418;418;418;418;418;NA;NA;NA;NA;NA;NA;NA;NA;NA;NA;NA;84;417
2023-11-09;"0-60";15;15;15;15;15;15;15;15;15;15;15;15;53;53;53;53;53;53;53;53;53;53;53;53;1;1;1;1;1;1;1;1;1;1;1;15;53
2023-11-09;"60+";88;88;88;88;88;88;88;88;88;88;88;88;350;350;350;350;350;350;350;350;350;350;350;350;1;1;1;1;1;1;1;1;1;1;1;88;349
2023-11-09;"alle";103;103;103;103;103;103;103;103;103;103;103;103;403;403;403;403;403;403;403;403;403;403;403;403;NA;NA;NA;NA;NA;NA;NA;NA;NA;NA;NA;103;402
2023-11-08;"0-60";6;6;6;6;6;6;6;6;6;6;6;6;49;49;49;49;49;49;49;49;49;49;49;49;1;1;1;1;1;1;1;1;1;1;1;6;49
2023-11-08;"60+";43;43;43;43;43;43;43;43;43;43;43;43;339;339;339;339;339;339;339;339;339;339;339;339;1;1;1;1;1;1;1;1;1;1;1;43;338
2023-11-08;"alle";49;49;49;49;49;49;49;49;49;49;49;49;388;388;388;388;388;388;388;388;388;388;388;388;NA;NA;NA;NA;NA;NA;NA;NA;NA;NA;NA;49;387
2023-11-07;"0-60";10;10;10;10;10;10;10;10;10;10;10;10;45;45;45;45;45;45;45;45;45;45;45;45;1;1;1;1;1;1;1;1;1;1;1;10;45
2023-11-07;"60+";66;66;66;66;66;66;66;66;66;66;66;66;306;306;306;306;306;306;306;306;306;306;306;306;1;1;1;1;1;1;1;1;1;1;1;66;305
2023-11-07;"alle";76;76;76;76;76;76;76;76;76;76;76;76;351;351;351;351;351;351;351;351;351;351;351;351;NA;NA;NA;NA;NA;NA;NA;NA;NA;NA;NA;76;350
2023-11-06;"0-60";2;2;2;2;2;2;2;2;2;2;2;2;53;53;53;53;53;53;53;53;53;53;53;53;1;1;1;1;1;1;1;1;1;1;1;2;53
2023-11-06;"60+";22;22;22;22;22;22;22;22;22;22;22;22;316;316;316;316;316;316;316;316;316;316;316;316;1;1;1;1;1;1;1;1;1;1;1;21;315
2023-11-06;"alle";24;24;24;24;24;24;24;24;24;24;24;24;369;369;369;369;369;369;369;369;369;369;369;369;NA;NA;NA;NA;NA;NA;NA;NA;NA;NA;NA;23;368
2023-11-05;"0-60";4;4;4;4;4;4;4;4;4;4;4;4;53;53;53;53;53;53;53;53;53;53;53;53;1;1;1;1;1;1;1;1;1;1;1;4;53
2023-11-05;"60+";16;16;16;16;16;16;16;16;16;16;16;16;307;307;307;307;307;307;307;307;307;307;307;307;1;1;1;1;1;1;1;1;1;1;1;16;307
2023-11-05;"alle";20;20;20;20;20;20;20;20;20;20;20;20;360;360;360;360;360;360;360;360;360;360;360;360;NA;NA;NA;NA;NA;NA;NA;NA;NA;NA;NA;20;360
2023-11-04;"0-60";5;5;5;5;5;5;5;5;5;5;5;5;52;52;52;52;52;52;52;52;52;52;52;52;1;1;1;1;1;1;1;1;1;1;1;5;52
2023-11-04;"60+";57;57;57;57;57;57;57;57;57;57;57;57;303;303;303;303;303;303;303;303;303;303;303;303;1;1;1;1;1;1;1;1;1;1;1;57;303
2023-11-04;"alle";62;62;62;62;62;62;62;62;62;62;62;62;355;355;355;355;355;355;355;355;355;355;355;355;NA;NA;NA;NA;NA;NA;NA;NA;NA;NA;NA;62;355
2023-11-03;"0-60";11;11;11;11;11;11;11;11;11;11;11;11;57;57;57;57;57;57;57;57;57;57;57;57;1;1;1;1;1;1;1;1;1;1;1;11;57
2023-11-03;"60+";58;58;58;58;58;58;58;58;58;58;58;58;271;271;271;271;271;271;271;271;271;271;271;271;1;1;1;1;1;1;1;1;1;1;1;58;271
2023-11-03;"alle";69;69;69;69;69;69;69;69;69;69;69;69;328;328;328;328;328;328;328;328;328;328;328;328;NA;NA;NA;NA;NA;NA;NA;NA;NA;NA;NA;69;328
2023-11-02;"0-60";11;11;11;11;11;11;11;11;11;11;11;11;51;51;51;51;51;51;51;51;51;51;51;51;1;1;1;1;1;1;1;1;1;1;1;11;51
2023-11-02;"60+";77;77;77;77;77;77;77;77;77;77;77;77;268;268;268;268;268;268;268;268;268;268;268;268;1;1;1;1;1;1;1;1;1;1;1;77;268
2023-11-02;"alle";88;88;88;88;88;88;88;88;88;88;88;88;319;319;319;319;319;319;319;319;319;319;319;319;NA;NA;NA;NA;NA;NA;NA;NA;NA;NA;NA;88;319
2023-11-01;"0-60";2;2;2;2;2;2;2;2;2;2;2;2;47;47;47;47;47;47;47;47;47;47;47;47;1;1;1;1;1;1;1;1;1;1;1;2;47
2023-11-01;"60+";10;10;10;10;10;10;10;10;10;10;10;10;227;227;227;227;227;227;227;227;227;227;227;227;1;1;1;1;1;1;1;1;1;1;1;10;227
2023-11-01;"alle";12;12;12;12;12;12;12;12;12;12;12;12;274;274;274;274;274;274;274;274;274;274;274;274;NA;NA;NA;NA;NA;NA;NA;NA;NA;NA;NA;12;274
2023-10-31;"0-60";18;18;18;18;18;18;18;18;18;18;18;18;50;50;50;50;50;50;50;50;50;50;50;50;1;1;1;1;1;1;1;1;1;1;1;18;50
2023-10-31;"60+";76;76;76;76;76;76;76;76;76;76;76;76;255;255;255;255;255;255;255;255;255;255;255;255;1;1;1;1;1;1;1;1;1;1;1;76;255
2023-10-31;"alle";94;94;94;94;94;94;94;94;94;94;94;94;305;305;305;305;305;305;305;305;305;305;305;305;NA;NA;NA;NA;NA;NA;NA;NA;NA;NA;NA;94;305
2023-10-30;"0-60";2;2;2;2;2;2;2;2;2;2;2;2;40;40;40;40;40;40;40;40;40;40;40;40;1;1;1;1;1;1;1;1;1;1;1;2;40
2023-10-30;"60+";13;13;13;13;13;13;13;13;13;13;13;13;249;249;249;249;249;249;249;249;249;249;249;249;1;1;1;1;1;1;1;1;1;1;1;13;249
2023-10-30;"alle";15;15;15;15;15;15;15;15;15;15;15;15;289;289;289;289;289;289;289;289;289;289;289;289;NA;NA;NA;NA;NA;NA;NA;NA;NA;NA;NA;15;289
2023-10-29;"0-60";3;3;3;3;3;3;3;3;3;3;3;3;41;41;41;41;41;41;41;41;41;41;41;41;1;1;1;1;1;1;1;1;1;1;1;3;41
2023-10-29;"60+";12;12;12;12;12;12;12;12;12;12;12;12;249;249;249;249;249;249;249;249;249;249;249;249;1;1;1;1;1;1;1;1;1;1;1;12;249
2023-10-29;"alle";15;15;15;15;15;15;15;15;15;15;15;15;290;290;290;290;290;290;290;290;290;290;290;290;NA;NA;NA;NA;NA;NA;NA;NA;NA;NA;NA;15;290
2023-10-28;"0-60";10;10;10;10;10;10;10;10;10;10;10;10;40;40;40;40;40;40;40;40;40;40;40;40;1;1;1;1;1;1;1;1;1;1;1;10;40
2023-10-28;"60+";25;25;25;25;25;25;25;25;25;25;25;25;247;247;247;247;247;247;247;247;247;247;247;247;1;1;1;1;1;1;1;1;1;1;1;25;247
2023-10-28;"alle";35;35;35;35;35;35;35;35;35;35;35;35;287;287;287;287;287;287;287;287;287;287;287;287;NA;NA;NA;NA;NA;NA;NA;NA;NA;NA;NA;35;287
2023-10-27;"0-60";5;5;5;5;5;5;5;5;5;5;5;5;32;32;32;32;32;32;32;32;32;32;32;32;1;1;1;1;1;1;1;1;1;1;1;5;32
2023-10-27;"60+";55;55;55;55;55;55;55;55;55;55;55;55;248;248;248;248;248;248;248;248;248;248;248;248;1;1;1;1;1;1;1;1;1;1;1;55;248
2023-10-27;"alle";60;60;60;60;60;60;60;60;60;60;60;60;280;280;280;280;280;280;280;280;280;280;280;280;NA;NA;NA;NA;NA;NA;NA;NA;NA;NA;NA;60;280
2023-10-26;"0-60";7;7;7;7;7;7;7;7;7;7;7;7;31;31;31;31;31;31;31;31;31;31;31;31;1;1;1;1;1;1;1;1;1;1;1;7;31
2023-10-26;"60+";36;36;36;36;36;36;36;36;36;36;36;36;220;220;220;220;220;220;220;220;220;220;220;220;1;1;1;1;1;1;1;1;1;1;1;36;220
2023-10-26;"alle";43;43;43;43;43;43;43;43;43;43;43;43;251;251;251;251;251;251;251;251;251;251;251;251;NA;NA;NA;NA;NA;NA;NA;NA;NA;NA;NA;43;251
2023-10-25;"0-60";5;5;5;5;5;5;5;5;5;5;5;5;34;34;34;34;34;34;34;34;34;34;34;34;1;1;1;1;1;1;1;1;1;1;1;5;34
2023-10-25;"60+";38;38;38;38;38;38;38;38;38;38;38;38;204;204;204;204;204;204;204;204;204;204;204;204;1;1;1;1;1;1;1;1;1;1;1;38;204
2023-10-25;"alle";43;43;43;43;43;43;43;43;43;43;43;43;238;238;238;238;238;238;238;238;238;238;238;238;NA;NA;NA;NA;NA;NA;NA;NA;NA;NA;NA;43;238
2023-10-24;"0-60";8;8;8;8;8;8;8;8;8;8;8;8;31;31;31;31;31;31;31;31;31;31;31;31;1;1;1;1;1;1;1;1;1;1;1;8;31
2023-10-24;"60+";70;70;70;70;70;70;70;70;70;70;70;70;190;190;190;190;190;190;190;190;190;190;190;190;1;1;1;1;1;1;1;1;1;1;1;70;190
2023-10-24;"alle";78;78;78;78;78;78;78;78;78;78;78;78;221;221;221;221;221;221;221;221;221;221;221;221;NA;NA;NA;NA;NA;NA;NA;NA;NA;NA;NA;78;221
2023-10-23;"0-60";3;3;3;3;3;3;3;3;3;3;3;3;27;27;27;27;27;27;27;27;27;27;27;27;1;1;1;1;1;1;1;1;1;1;1;3;27
2023-10-23;"60+";13;13;13;13;13;13;13;13;13;13;13;13;163;163;163;163;163;163;163;163;163;163;163;163;1;1;1;1;1;1;1;1;1;1;1;13;163
2023-10-23;"alle";16;16;16;16;16;16;16;16;16;16;16;16;190;190;190;190;190;190;190;190;190;190;190;190;NA;NA;NA;NA;NA;NA;NA;NA;NA;NA;NA;16;190
2023-10-22;"0-60";2;2;2;2;2;2;2;2;2;2;2;2;27;27;27;27;27;27;27;27;27;27;27;27;1;1;1;1;1;1;1;1;1;1;1;2;27
2023-10-22;"60+";10;10;10;10;10;10;10;10;10;10;10;10;154;154;154;154;154;154;154;154;154;154;154;154;1;1;1;1;1;1;1;1;1;1;1;10;154
2023-10-22;"alle";12;12;12;12;12;12;12;12;12;12;12;12;181;181;181;181;181;181;181;181;181;181;181;181;NA;NA;NA;NA;NA;NA;NA;NA;NA;NA;NA;12;181
2023-10-21;"0-60";2;2;2;2;2;2;2;2;2;2;2;2;26;26;26;26;26;26;26;26;26;26;26;26;1;1;1;1;1;1;1;1;1;1;1;2;26
2023-10-21;"60+";26;26;26;26;26;26;26;26;26;26;26;26;150;150;150;150;150;150;150;150;150;150;150;150;1;1;1;1;1;1;1;1;1;1;1;26;150
2023-10-21;"alle";28;28;28;28;28;28;28;28;28;28;28;28;176;176;176;176;176;176;176;176;176;176;176;176;NA;NA;NA;NA;NA;NA;NA;NA;NA;NA;NA;28;176
2023-10-20;"0-60";4;4;4;4;4;4;4;4;4;4;4;4;30;30;30;30;30;30;30;30;30;30;30;30;1;1;1;1;1;1;1;1;1;1;1;4;30
2023-10-20;"60+";27;27;27;27;27;27;27;27;27;27;27;27;131;131;131;131;131;131;131;131;131;131;131;131;1;1;1;1;1;1;1;1;1;1;1;27;131
2023-10-20;"alle";31;31;31;31;31;31;31;31;31;31;31;31;161;161;161;161;161;161;161;161;161;161;161;161;NA;NA;NA;NA;NA;NA;NA;NA;NA;NA;NA;31;161
2023-10-19;"0-60";10;10;10;10;10;10;10;10;10;10;10;10;31;31;31;31;31;31;31;31;31;31;31;31;1;1;1;1;1;1;1;1;1;1;1;10;31
2023-10-19;"60+";20;20;20;20;20;20;20;20;20;20;20;20;120;120;120;120;120;120;120;120;120;120;120;120;1;1;1;1;1;1;1;1;1;1;1;20;120
2023-10-19;"alle";30;30;30;30;30;30;30;30;30;30;30;30;151;151;151;151;151;151;151;151;151;151;151;151;NA;NA;NA;NA;NA;NA;NA;NA;NA;NA;NA;30;151
2023-10-18;"0-60";2;2;2;2;2;2;2;2;2;2;2;2;24;24;24;24;24;24;24;24;24;24;24;24;1;1;1;1;1;1;1;1;1;1;1;2;24
2023-10-18;"60+";24;24;24;24;24;24;24;24;24;24;24;24;117;117;117;117;117;117;117;117;117;117;117;117;1;1;1;1;1;1;1;1;1;1;1;24;117
2023-10-18;"alle";26;26;26;26;26;26;26;26;26;26;26;26;141;141;141;141;141;141;141;141;141;141;141;141;NA;NA;NA;NA;NA;NA;NA;NA;NA;NA;NA;26;141
2023-10-17;"0-60";4;4;4;4;4;4;4;4;4;4;4;4;28;28;28;28;28;28;28;28;28;28;28;28;1;1;1;1;1;1;1;1;1;1;1;4;28
2023-10-17;"60+";43;43;43;43;43;43;43;43;43;43;43;43;116;116;116;116;116;116;116;116;116;116;116;116;1;1;1;1;1;1;1;1;1;1;1;43;116
2023-10-17;"alle";47;47;47;47;47;47;47;47;47;47;47;47;144;144;144;144;144;144;144;144;144;144;144;144;NA;NA;NA;NA;NA;NA;NA;NA;NA;NA;NA;47;144
2023-10-16;"0-60";3;3;3;3;3;3;3;3;3;3;3;3;31;31;31;31;31;31;31;31;31;31;31;31;1;1;1;1;1;1;1;1;1;1;1;3;31
2023-10-16;"60+";4;4;4;4;4;4;4;4;4;4;4;4;92;92;92;92;92;92;92;92;92;92;92;92;1;1;1;1;1;1;1;1;1;1;1;4;92
2023-10-16;"alle";7;7;7;7;7;7;7;7;7;7;7;7;123;123;123;123;123;123;123;123;123;123;123;123;NA;NA;NA;NA;NA;NA;NA;NA;NA;NA;NA;7;123
2023-10-15;"0-60";1;1;1;1;1;1;1;1;1;1;1;1;29;29;29;29;29;29;29;29;29;29;29;29;1;1;1;1;1;1;1;1;1;1;1;1;29
2023-10-15;"60+";6;6;6;6;6;6;6;6;6;6;6;6;94;94;94;94;94;94;94;94;94;94;94;94;1;1;1;1;1;1;1;1;1;1;1;6;94
2023-10-15;"alle";7;7;7;7;7;7;7;7;7;7;7;7;123;123;123;123;123;123;123;123;123;123;123;123;NA;NA;NA;NA;NA;NA;NA;NA;NA;NA;NA;7;123
2023-10-14;"0-60";6;6;6;6;6;6;6;6;6;6;6;6;29;29;29;29;29;29;29;29;29;29;29;29;1;1;1;1;1;1;1;1;1;1;1;6;29
2023-10-14;"60+";7;7;7;7;7;7;7;7;7;7;7;7;92;92;92;92;92;92;92;92;92;92;92;92;1;1;1;1;1;1;1;1;1;1;1;7;92
2023-10-14;"alle";13;13;13;13;13;13;13;13;13;13;13;13;121;121;121;121;121;121;121;121;121;121;121;121;NA;NA;NA;NA;NA;NA;NA;NA;NA;NA;NA;13;121
2023-10-13;"0-60";5;5;5;5;5;5;5;5;5;5;5;5;25;25;25;25;25;25;25;25;25;25;25;25;1;1;1;1;1;1;1;1;1;1;1;5;25
2023-10-13;"60+";16;16;16;16;16;16;16;16;16;16;16;16;96;96;96;96;96;96;96;96;96;96;96;96;1;1;1;1;1;1;1;1;1;1;1;16;96
2023-10-13;"alle";21;21;21;21;21;21;21;21;21;21;21;21;121;121;121;121;121;121;121;121;121;121;121;121;NA;NA;NA;NA;NA;NA;NA;NA;NA;NA;NA;21;121
2023-10-12;"0-60";3;3;3;3;3;3;3;3;3;3;3;3;24;24;24;24;24;24;24;24;24;24;24;24;1;1;1;1;1;1;1;1;1;1;1;3;24
2023-10-12;"60+";17;17;17;17;17;17;17;17;17;17;17;17;102;102;102;102;102;102;102;102;102;102;102;102;1;1;1;1;1;1;1;1;1;1;1;17;102
2023-10-12;"alle";20;20;20;20;20;20;20;20;20;20;20;20;126;126;126;126;126;126;126;126;126;126;126;126;NA;NA;NA;NA;NA;NA;NA;NA;NA;NA;NA;20;126
2023-10-11;"0-60";6;6;6;6;6;6;6;6;6;6;6;6;32;32;32;32;32;32;32;32;32;32;32;32;1;1;1;1;1;1;1;1;1;1;1;6;32
2023-10-11;"60+";23;23;23;23;23;23;23;23;23;23;23;23;115;115;115;115;115;115;115;115;115;115;115;115;1;1;1;1;1;1;1;1;1;1;1;23;115
2023-10-11;"alle";29;29;29;29;29;29;29;29;29;29;29;29;147;147;147;147;147;147;147;147;147;147;147;147;NA;NA;NA;NA;NA;NA;NA;NA;NA;NA;NA;29;147
2023-10-10;"0-60";7;7;7;7;7;7;7;7;7;7;7;7;26;26;26;26;26;26;26;26;26;26;26;26;1;1;1;1;1;1;1;1;1;1;1;7;26
2023-10-10;"60+";19;19;19;19;19;19;19;19;19;19;19;19;96;96;96;96;96;96;96;96;96;96;96;96;1;1;1;1;1;1;1;1;1;1;1;19;96
2023-10-10;"alle";26;26;26;26;26;26;26;26;26;26;26;26;122;122;122;122;122;122;122;122;122;122;122;122;NA;NA;NA;NA;NA;NA;NA;NA;NA;NA;NA;26;122
2023-10-09;"0-60";1;1;1;1;1;1;1;1;1;1;1;1;26;26;26;26;26;26;26;26;26;26;26;26;1;1;1;1;1;1;1;1;1;1;1;1;26
2023-10-09;"60+";6;6;6;6;6;6;6;6;6;6;6;6;99;99;99;99;99;99;99;99;99;99;99;99;1;1;1;1;1;1;1;1;1;1;1;6;99
2023-10-09;"alle";7;7;7;7;7;7;7;7;7;7;7;7;125;125;125;125;125;125;125;125;125;125;125;125;NA;NA;NA;NA;NA;NA;NA;NA;NA;NA;NA;7;125
2023-10-08;"0-60";1;1;1;1;1;1;1;1;1;1;1;1;25;25;25;25;25;25;25;25;25;25;25;25;1;1;1;1;1;1;1;1;1;1;1;1;25
2023-10-08;"60+";4;4;4;4;4;4;4;4;4;4;4;4;95;95;95;95;95;95;95;95;95;95;95;95;1;1;1;1;1;1;1;1;1;1;1;4;95
2023-10-08;"alle";5;5;5;5;5;5;5;5;5;5;5;5;120;120;120;120;120;120;120;120;120;120;120;120;NA;NA;NA;NA;NA;NA;NA;NA;NA;NA;NA;5;120
2023-10-07;"0-60";2;2;2;2;2;2;2;2;2;2;2;2;26;26;26;26;26;26;26;26;26;26;26;26;1;1;1;1;1;1;1;1;1;1;1;2;26
2023-10-07;"60+";11;11;11;11;11;11;11;11;11;11;11;11;97;97;97;97;97;97;97;97;97;97;97;97;1;1;1;1;1;1;1;1;1;1;1;11;97
2023-10-07;"alle";13;13;13;13;13;13;13;13;13;13;13;13;123;123;123;123;123;123;123;123;123;123;123;123;NA;NA;NA;NA;NA;NA;NA;NA;NA;NA;NA;13;123
2023-10-06;"0-60";4;4;4;4;4;4;4;4;4;4;4;4;26;26;26;26;26;26;26;26;26;26;26;26;1;1;1;1;1;1;1;1;1;1;1;4;26
2023-10-06;"60+";22;22;22;22;22;22;22;22;22;22;22;22;95;95;95;95;95;95;95;95;95;95;95;95;1;1;1;1;1;1;1;1;1;1;1;22;95
2023-10-06;"alle";26;26;26;26;26;26;26;26;26;26;26;26;121;121;121;121;121;121;121;121;121;121;121;121;NA;NA;NA;NA;NA;NA;NA;NA;NA;NA;NA;26;121
2023-10-05;"0-60";11;11;11;11;11;11;11;11;11;11;11;11;25;25;25;25;25;25;25;25;25;25;25;25;1;1;1;1;1;1;1;1;1;1;1;11;25
2023-10-05;"60+";30;30;30;30;30;30;30;30;30;30;30;30;91;91;91;91;91;91;91;91;91;91;91;91;1;1;1;1;1;1;1;1;1;1;1;30;91
2023-10-05;"alle";41;41;41;41;41;41;41;41;41;41;41;41;116;116;116;116;116;116;116;116;116;116;116;116;NA;NA;NA;NA;NA;NA;NA;NA;NA;NA;NA;41;116
2023-10-04;"0-60";0;0;0;0;0;0;0;0;0;0;0;0;14;14;14;14;14;14;14;14;14;14;14;14;1;1;1;1;1;1;1;1;1;1;1;0;14
2023-10-04;"60+";4;4;4;4;4;4;4;4;4;4;4;4;69;69;69;69;69;69;69;69;69;69;69;69;1;1;1;1;1;1;1;1;1;1;1;4;69
2023-10-04;"alle";4;4;4;4;4;4;4;4;4;4;4;4;83;83;83;83;83;83;83;83;83;83;83;83;NA;NA;NA;NA;NA;NA;NA;NA;NA;NA;NA;4;83
2023-10-03;"0-60";7;7;7;7;7;7;7;7;7;7;7;7;16;16;16;16;16;16;16;16;16;16;16;16;1;1;1;1;1;1;1;1;1;1;1;7;16
2023-10-03;"60+";22;22;22;22;22;22;22;22;22;22;22;22;85;85;85;85;85;85;85;85;85;85;85;85;1;1;1;1;1;1;1;1;1;1;1;22;85
2023-10-03;"alle";29;29;29;29;29;29;29;29;29;29;29;29;101;101;101;101;101;101;101;101;101;101;101;101;NA;NA;NA;NA;NA;NA;NA;NA;NA;NA;NA;29;101
2023-10-02;"0-60";0;0;0;0;0;0;0;0;0;0;0;0;11;11;11;11;11;11;11;11;11;11;11;11;1;1;1;1;1;1;1;1;1;1;1;0;11
2023-10-02;"60+";2;2;2;2;2;2;2;2;2;2;2;2;90;90;90;90;90;90;90;90;90;90;90;90;1;1;1;1;1;1;1;1;1;1;1;2;90
2023-10-02;"alle";2;2;2;2;2;2;2;2;2;2;2;2;101;101;101;101;101;101;101;101;101;101;101;101;NA;NA;NA;NA;NA;NA;NA;NA;NA;NA;NA;2;101
2023-10-01;"0-60";2;2;2;2;2;2;2;2;2;2;2;2;11;11;11;11;11;11;11;11;11;11;11;11;1;1;1;1;1;1;1;1;1;1;1;2;11
2023-10-01;"60+";6;6;6;6;6;6;6;6;6;6;6;6;91;91;91;91;91;91;91;91;91;91;91;91;1;1;1;1;1;1;1;1;1;1;1;6;91
2023-10-01;"alle";8;8;8;8;8;8;8;8;8;8;8;8;102;102;102;102;102;102;102;102;102;102;102;102;NA;NA;NA;NA;NA;NA;NA;NA;NA;NA;NA;8;102
2023-09-30;"0-60";2;2;2;2;2;2;2;2;2;2;2;2;9;9;9;9;9;9;9;9;9;9;9;9;1;1;1;1;1;1;1;1;1;1;1;2;9
2023-09-30;"60+";9;9;9;9;9;9;9;9;9;9;9;9;89;89;89;89;89;89;89;89;89;89;89;89;1;1;1;1;1;1;1;1;1;1;1;9;89
2023-09-30;"alle";11;11;11;11;11;11;11;11;11;11;11;11;98;98;98;98;98;98;98;98;98;98;98;98;NA;NA;NA;NA;NA;NA;NA;NA;NA;NA;NA;11;98
2023-09-29;"0-60";3;3;3;3;3;3;3;3;3;3;3;3;8;8;8;8;8;8;8;8;8;8;8;8;1;1;1;1;1;1;1;1;1;1;1;3;8
2023-09-29;"60+";18;18;18;18;18;18;18;18;18;18;18;18;87;87;87;87;87;87;87;87;87;87;87;87;1;1;1;1;1;1;1;1;1;1;1;18;87
2023-09-29;"alle";21;21;21;21;21;21;21;21;21;21;21;21;95;95;95;95;95;95;95;95;95;95;95;95;NA;NA;NA;NA;NA;NA;NA;NA;NA;NA;NA;21;95
2023-09-28;"0-60";0;0;0;0;0;0;0;0;0;0;0;0;10;10;10;10;10;10;10;10;10;10;10;10;1;1;1;1;1;1;1;1;1;1;1;0;9
2023-09-28;"60+";8;8;8;8;8;8;8;8;8;8;8;8;81;81;81;81;81;81;81;81;81;81;81;81;1;1;1;1;1;1;1;1;1;1;1;8;81
2023-09-28;"alle";8;8;8;8;8;8;8;8;8;8;8;8;91;91;91;91;91;91;91;91;91;91;91;91;NA;NA;NA;NA;NA;NA;NA;NA;NA;NA;NA;8;90
2023-09-27;"0-60";2;2;2;2;2;2;2;2;2;2;2;2;13;13;13;13;13;13;13;13;13;13;13;13;1;1;1;1;1;1;1;1;1;1;1;2;12
2023-09-27;"60+";20;20;20;20;20;20;20;20;20;20;20;20;86;86;86;86;86;86;86;86;86;86;86;86;1;1;1;1;1;1;1;1;1;1;1;20;85
2023-09-27;"alle";22;22;22;22;22;22;22;22;22;22;22;22;99;99;99;99;99;99;99;99;99;99;99;99;NA;NA;NA;NA;NA;NA;NA;NA;NA;NA;NA;22;97
2023-09-26;"0-60";2;2;2;2;2;2;2;2;2;2;2;2;16;16;16;16;16;16;16;16;16;16;16;16;1;1;1;1;1;1;1;1;1;1;1;2;15
2023-09-26;"60+";27;27;27;27;27;27;27;27;27;27;27;27;81;81;81;81;81;81;81;81;81;81;81;81;1;1;1;1;1;1;1;1;1;1;1;27;80
2023-09-26;"alle";29;29;29;29;29;29;29;29;29;29;29;29;97;97;97;97;97;97;97;97;97;97;97;97;NA;NA;NA;NA;NA;NA;NA;NA;NA;NA;NA;29;95
2023-09-25;"0-60";0;0;0;0;0;0;0;0;0;0;0;0;16;16;16;16;16;16;16;16;16;16;16;16;1;1;1;1;1;1;1;1;1;1;1;0;15
2023-09-25;"60+";3;3;3;3;3;3;3;3;3;3;3;3;80;80;80;80;80;80;80;80;80;80;80;80;1;1;1;1;1;1;1;1;1;1;1;3;79
2023-09-25;"alle";3;3;3;3;3;3;3;3;3;3;3;3;96;96;96;96;96;96;96;96;96;96;96;96;NA;NA;NA;NA;NA;NA;NA;NA;NA;NA;NA;3;94
2023-09-24;"0-60";0;0;0;0;0;0;0;0;0;0;0;0;17;17;17;17;17;17;17;17;17;17;17;17;1;1;1;1;1;1;1;1;1;1;1;0;16
2023-09-24;"60+";4;4;4;4;4;4;4;4;4;4;4;4;79;79;79;79;79;79;79;79;79;79;79;79;1;1;1;1;1;1;1;1;1;1;1;4;78
2023-09-24;"alle";4;4;4;4;4;4;4;4;4;4;4;4;96;96;96;96;96;96;96;96;96;96;96;96;NA;NA;NA;NA;NA;NA;NA;NA;NA;NA;NA;4;94
2023-09-23;"0-60";1;1;1;1;1;1;1;1;1;1;1;1;18;18;18;18;18;18;18;18;18;18;18;18;1;1;1;1;1;1;1;1;1;1;1;1;17
2023-09-23;"60+";7;7;7;7;7;7;7;7;7;7;7;7;80;80;80;80;80;80;80;80;80;80;80;80;1;1;1;1;1;1;1;1;1;1;1;7;79
2023-09-23;"alle";8;8;8;8;8;8;8;8;8;8;8;8;98;98;98;98;98;98;98;98;98;98;98;98;NA;NA;NA;NA;NA;NA;NA;NA;NA;NA;NA;8;96
2023-09-22;"0-60";5;5;5;5;5;5;5;5;5;5;5;5;17;17;17;17;17;17;17;17;17;17;17;17;1;1;1;1;1;1;1;1;1;1;1;4;16
2023-09-22;"60+";12;12;12;12;12;12;12;12;12;12;12;12;83;83;83;83;83;83;83;83;83;83;83;83;1;1;1;1;1;1;1;1;1;1;1;12;82
2023-09-22;"alle";17;17;17;17;17;17;17;17;17;17;17;17;100;100;100;100;100;100;100;100;100;100;100;100;NA;NA;NA;NA;NA;NA;NA;NA;NA;NA;NA;16;98
2023-09-21;"0-60";3;3;3;3;3;3;3;3;3;3;3;3;16;16;16;16;16;16;16;16;16;16;16;16;1;1;1;1;1;1;1;1;1;1;1;3;16
2023-09-21;"60+";13;13;13;13;13;13;13;13;13;13;13;13;85;85;85;85;85;85;85;85;85;85;85;85;1;1;1;1;1;1;1;1;1;1;1;12;84
2023-09-21;"alle";16;16;16;16;16;16;16;16;16;16;16;16;101;101;101;101;101;101;101;101;101;101;101;101;NA;NA;NA;NA;NA;NA;NA;NA;NA;NA;NA;15;100
2023-09-20;"0-60";5;5;5;5;5;5;5;5;5;5;5;5;16;16;16;16;16;16;16;16;16;16;16;16;1;1;1;1;1;1;1;1;1;1;1;5;16
2023-09-20;"60+";15;15;15;15;15;15;15;15;15;15;15;15;80;80;80;80;80;80;80;80;80;80;80;80;1;1;1;1;1;1;1;1;1;1;1;15;80
2023-09-20;"alle";20;20;20;20;20;20;20;20;20;20;20;20;96;96;96;96;96;96;96;96;96;96;96;96;NA;NA;NA;NA;NA;NA;NA;NA;NA;NA;NA;20;96
2023-09-19;"0-60";2;2;2;2;2;2;2;2;2;2;2;2;16;16;16;16;16;16;16;16;16;16;16;16;1;1;1;1;1;1;1;1;1;1;1;2;16
2023-09-19;"60+";26;26;26;26;26;26;26;26;26;26;26;26;76;76;76;76;76;76;76;76;76;76;76;76;1;1;1;1;1;1;1;1;1;1;1;26;76
2023-09-19;"alle";28;28;28;28;28;28;28;28;28;28;28;28;92;92;92;92;92;92;92;92;92;92;92;92;NA;NA;NA;NA;NA;NA;NA;NA;NA;NA;NA;28;92
2023-09-18;"0-60";1;1;1;1;1;1;1;1;1;1;1;1;16;16;16;16;16;16;16;16;16;16;16;16;1;1;1;1;1;1;1;1;1;1;1;1;16
2023-09-18;"60+";2;2;2;2;2;2;2;2;2;2;2;2;68;68;68;68;68;68;68;68;68;68;68;68;1;1;1;1;1;1;1;1;1;1;1;2;68
2023-09-18;"alle";3;3;3;3;3;3;3;3;3;3;3;3;84;84;84;84;84;84;84;84;84;84;84;84;NA;NA;NA;NA;NA;NA;NA;NA;NA;NA;NA;3;84
2023-09-17;"0-60";1;1;1;1;1;1;1;1;1;1;1;1;15;15;15;15;15;15;15;15;15;15;15;15;1;1;1;1;1;1;1;1;1;1;1;1;15
2023-09-17;"60+";5;5;5;5;5;5;5;5;5;5;5;5;67;67;67;67;67;67;67;67;67;67;67;67;1;1;1;1;1;1;1;1;1;1;1;5;67
2023-09-17;"alle";6;6;6;6;6;6;6;6;6;6;6;6;82;82;82;82;82;82;82;82;82;82;82;82;NA;NA;NA;NA;NA;NA;NA;NA;NA;NA;NA;6;82
2023-09-16;"0-60";0;0;0;0;0;0;0;0;0;0;0;0;14;14;14;14;14;14;14;14;14;14;14;14;1;1;1;1;1;1;1;1;1;1;1;0;14
2023-09-16;"60+";10;10;10;10;10;10;10;10;10;10;10;10;65;65;65;65;65;65;65;65;65;65;65;65;1;1;1;1;1;1;1;1;1;1;1;10;65
2023-09-16;"alle";10;10;10;10;10;10;10;10;10;10;10;10;79;79;79;79;79;79;79;79;79;79;79;79;NA;NA;NA;NA;NA;NA;NA;NA;NA;NA;NA;10;79
2023-09-15;"0-60";4;4;4;4;4;4;4;4;4;4;4;4;16;16;16;16;16;16;16;16;16;16;16;16;1;1;1;1;1;1;1;1;1;1;1;4;16
2023-09-15;"60+";14;14;14;14;14;14;14;14;14;14;14;14;65;65;65;65;65;65;65;65;65;65;65;65;1;1;1;1;1;1;1;1;1;1;1;14;65
2023-09-15;"alle";18;18;18;18;18;18;18;18;18;18;18;18;81;81;81;81;81;81;81;81;81;81;81;81;NA;NA;NA;NA;NA;NA;NA;NA;NA;NA;NA;18;81
2023-09-14;"0-60";3;3;3;3;3;3;3;3;3;3;3;3;15;15;15;15;15;15;15;15;15;15;15;15;1;1;1;1;1;1;1;1;1;1;1;3;15
2023-09-14;"60+";8;8;8;8;8;8;8;8;8;8;8;8;70;70;70;70;70;70;70;70;70;70;70;70;1;1;1;1;1;1;1;1;1;1;1;8;70
2023-09-14;"alle";11;11;11;11;11;11;11;11;11;11;11;11;85;85;85;85;85;85;85;85;85;85;85;85;NA;NA;NA;NA;NA;NA;NA;NA;NA;NA;NA;11;85
2023-09-13;"0-60";5;5;5;5;5;5;5;5;5;5;5;5;15;15;15;15;15;15;15;15;15;15;15;15;1;1;1;1;1;1;1;1;1;1;1;5;15
2023-09-13;"60+";11;11;11;11;11;11;11;11;11;11;11;11;69;69;69;69;69;69;69;69;69;69;69;69;1;1;1;1;1;1;1;1;1;1;1;11;69
2023-09-13;"alle";16;16;16;16;16;16;16;16;16;16;16;16;84;84;84;84;84;84;84;84;84;84;84;84;NA;NA;NA;NA;NA;NA;NA;NA;NA;NA;NA;16;84
2023-09-12;"0-60";2;2;2;2;2;2;2;2;2;2;2;2;13;13;13;13;13;13;13;13;13;13;13;13;1;1;1;1;1;1;1;1;1;1;1;2;13
2023-09-12;"60+";18;18;18;18;18;18;18;18;18;18;18;18;71;71;71;71;71;71;71;71;71;71;71;71;1;1;1;1;1;1;1;1;1;1;1;18;71
2023-09-12;"alle";20;20;20;20;20;20;20;20;20;20;20;20;84;84;84;84;84;84;84;84;84;84;84;84;NA;NA;NA;NA;NA;NA;NA;NA;NA;NA;NA;20;84
2023-09-11;"0-60";0;0;0;0;0;0;0;0;0;0;0;0;13;13;13;13;13;13;13;13;13;13;13;13;1;1;1;1;1;1;1;1;1;1;1;0;13
2023-09-11;"60+";1;1;1;1;1;1;1;1;1;1;1;1;63;63;63;63;63;63;63;63;63;63;63;63;1;1;1;1;1;1;1;1;1;1;1;1;63
2023-09-11;"alle";1;1;1;1;1;1;1;1;1;1;1;1;76;76;76;76;76;76;76;76;76;76;76;76;NA;NA;NA;NA;NA;NA;NA;NA;NA;NA;NA;1;76
2023-09-10;"0-60";0;0;0;0;0;0;0;0;0;0;0;0;13;13;13;13;13;13;13;13;13;13;13;13;1;1;1;1;1;1;1;1;1;1;1;0;13
2023-09-10;"60+";3;3;3;3;3;3;3;3;3;3;3;3;64;64;64;64;64;64;64;64;64;64;64;64;1;1;1;1;1;1;1;1;1;1;1;3;64
2023-09-10;"alle";3;3;3;3;3;3;3;3;3;3;3;3;77;77;77;77;77;77;77;77;77;77;77;77;NA;NA;NA;NA;NA;NA;NA;NA;NA;NA;NA;3;77
2023-09-09;"0-60";2;2;2;2;2;2;2;2;2;2;2;2;13;13;13;13;13;13;13;13;13;13;13;13;1;1;1;1;1;1;1;1;1;1;1;2;13
2023-09-09;"60+";10;10;10;10;10;10;10;10;10;10;10;10;61;61;61;61;61;61;61;61;61;61;61;61;1;1;1;1;1;1;1;1;1;1;1;10;61
2023-09-09;"alle";12;12;12;12;12;12;12;12;12;12;12;12;74;74;74;74;74;74;74;74;74;74;74;74;NA;NA;NA;NA;NA;NA;NA;NA;NA;NA;NA;12;74
2023-09-08;"0-60";3;3;3;3;3;3;3;3;3;3;3;3;13;13;13;13;13;13;13;13;13;13;13;13;1;1;1;1;1;1;1;1;1;1;1;3;13
2023-09-08;"60+";19;19;19;19;19;19;19;19;19;19;19;19;60;60;60;60;60;60;60;60;60;60;60;60;1;1;1;1;1;1;1;1;1;1;1;19;60
2023-09-08;"alle";22;22;22;22;22;22;22;22;22;22;22;22;73;73;73;73;73;73;73;73;73;73;73;73;NA;NA;NA;NA;NA;NA;NA;NA;NA;NA;NA;22;73
2023-09-07;"0-60";3;3;3;3;3;3;3;3;3;3;3;3;10;10;10;10;10;10;10;10;10;10;10;10;1;1;1;1;1;1;1;1;1;1;1;3;10
2023-09-07;"60+";7;7;7;7;7;7;7;7;7;7;7;7;45;45;45;45;45;45;45;45;45;45;45;45;1;1;1;1;1;1;1;1;1;1;1;7;45
2023-09-07;"alle";10;10;10;10;10;10;10;10;10;10;10;10;55;55;55;55;55;55;55;55;55;55;55;55;NA;NA;NA;NA;NA;NA;NA;NA;NA;NA;NA;10;55
2023-09-06;"0-60";3;3;3;3;3;3;3;3;3;3;3;3;7;7;7;7;7;7;7;7;7;7;7;7;1;1;1;1;1;1;1;1;1;1;1;3;7
2023-09-06;"60+";13;13;13;13;13;13;13;13;13;13;13;13;46;46;46;46;46;46;46;46;46;46;46;46;1;1;1;1;1;1;1;1;1;1;1;13;46
2023-09-06;"alle";16;16;16;16;16;16;16;16;16;16;16;16;53;53;53;53;53;53;53;53;53;53;53;53;NA;NA;NA;NA;NA;NA;NA;NA;NA;NA;NA;16;53
2023-09-05;"0-60";2;2;2;2;2;2;2;2;2;2;2;2;8;8;8;8;8;8;8;8;8;8;8;8;1;1;1;1;1;1;1;1;1;1;1;2;8
2023-09-05;"60+";10;10;10;10;10;10;10;10;10;10;10;10;41;41;41;41;41;41;41;41;41;41;41;41;1;1;1;1;1;1;1;1;1;1;1;10;41
2023-09-05;"alle";12;12;12;12;12;12;12;12;12;12;12;12;49;49;49;49;49;49;49;49;49;49;49;49;NA;NA;NA;NA;NA;NA;NA;NA;NA;NA;NA;12;49
2023-09-04;"0-60";0;0;0;0;0;0;0;0;0;0;0;0;12;12;12;12;12;12;12;12;12;12;12;12;1;1;1;1;1;1;1;1;1;1;1;0;12
2023-09-04;"60+";2;2;2;2;2;2;2;2;2;2;2;2;47;47;47;47;47;47;47;47;47;47;47;47;1;1;1;1;1;1;1;1;1;1;1;2;47
2023-09-04;"alle";2;2;2;2;2;2;2;2;2;2;2;2;59;59;59;59;59;59;59;59;59;59;59;59;NA;NA;NA;NA;NA;NA;NA;NA;NA;NA;NA;2;59
2023-09-03;"0-60";0;0;0;0;0;0;0;0;0;0;0;0;12;12;12;12;12;12;12;12;12;12;12;12;1;1;1;1;1;1;1;1;1;1;1;0;12
2023-09-03;"60+";0;0;0;0;0;0;0;0;0;0;0;0;48;48;48;48;48;48;48;48;48;48;48;48;1;1;1;1;1;1;1;1;1;1;1;0;48
2023-09-03;"alle";0;0;0;0;0;0;0;0;0;0;0;0;60;60;60;60;60;60;60;60;60;60;60;60;NA;NA;NA;NA;NA;NA;NA;NA;NA;NA;NA;0;60
2023-09-02;"0-60";2;2;2;2;2;2;2;2;2;2;2;2;12;12;12;12;12;12;12;12;12;12;12;12;1;1;1;1;1;1;1;1;1;1;1;2;12
2023-09-02;"60+";9;9;9;9;9;9;9;9;9;9;9;9;51;51;51;51;51;51;51;51;51;51;51;51;1;1;1;1;1;1;1;1;1;1;1;9;51
2023-09-02;"alle";11;11;11;11;11;11;11;11;11;11;11;11;63;63;63;63;63;63;63;63;63;63;63;63;NA;NA;NA;NA;NA;NA;NA;NA;NA;NA;NA;11;63
2023-09-01;"0-60";0;0;0;0;0;0;0;0;0;0;0;0;12;12;12;12;12;12;12;12;12;12;12;12;1;1;1;1;1;1;1;1;1;1;1;0;12
2023-09-01;"60+";4;4;4;4;4;4;4;4;4;4;4;4;47;47;47;47;47;47;47;47;47;47;47;47;1;1;1;1;1;1;1;1;1;1;1;4;47
2023-09-01;"alle";4;4;4;4;4;4;4;4;4;4;4;4;59;59;59;59;59;59;59;59;59;59;59;59;NA;NA;NA;NA;NA;NA;NA;NA;NA;NA;NA;4;59
2023-08-31;"0-60";0;0;0;0;0;0;0;0;0;0;0;0;16;16;16;16;16;16;16;16;16;16;16;16;1;1;1;1;1;1;1;1;1;1;1;0;16
2023-08-31;"60+";8;8;8;8;8;8;8;8;8;8;8;8;49;49;49;49;49;49;49;49;49;49;49;49;1;1;1;1;1;1;1;1;1;1;1;8;49
2023-08-31;"alle";8;8;8;8;8;8;8;8;8;8;8;8;65;65;65;65;65;65;65;65;65;65;65;65;NA;NA;NA;NA;NA;NA;NA;NA;NA;NA;NA;8;65
2023-08-30;"0-60";4;4;4;4;4;4;4;4;4;4;4;4;19;19;19;19;19;19;19;19;19;19;19;19;1;1;1;1;1;1;1;1;1;1;1;4;19
2023-08-30;"60+";8;8;8;8;8;8;8;8;8;8;8;8;46;46;46;46;46;46;46;46;46;46;46;46;1;1;1;1;1;1;1;1;1;1;1;8;46
2023-08-30;"alle";12;12;12;12;12;12;12;12;12;12;12;12;65;65;65;65;65;65;65;65;65;65;65;65;NA;NA;NA;NA;NA;NA;NA;NA;NA;NA;NA;12;65
2023-08-29;"0-60";6;6;6;6;6;6;6;6;6;6;6;6;17;17;17;17;17;17;17;17;17;17;17;17;1;1;1;1;1;1;1;1;1;1;1;6;17
2023-08-29;"60+";16;16;16;16;16;16;16;16;16;16;16;16;46;46;46;46;46;46;46;46;46;46;46;46;1;1;1;1;1;1;1;1;1;1;1;16;46
2023-08-29;"alle";22;22;22;22;22;22;22;22;22;22;22;22;63;63;63;63;63;63;63;63;63;63;63;63;NA;NA;NA;NA;NA;NA;NA;NA;NA;NA;NA;22;63
2023-08-28;"0-60";0;0;0;0;0;0;0;0;0;0;0;0;13;13;13;13;13;13;13;13;13;13;13;13;1;1;1;1;1;1;1;1;1;1;1;0;13
2023-08-28;"60+";3;3;3;3;3;3;3;3;3;3;3;3;38;38;38;38;38;38;38;38;38;38;38;38;1;1;1;1;1;1;1;1;1;1;1;3;38
2023-08-28;"alle";3;3;3;3;3;3;3;3;3;3;3;3;51;51;51;51;51;51;51;51;51;51;51;51;NA;NA;NA;NA;NA;NA;NA;NA;NA;NA;NA;3;51
2023-08-27;"0-60";0;0;0;0;0;0;0;0;0;0;0;0;13;13;13;13;13;13;13;13;13;13;13;13;1;1;1;1;1;1;1;1;1;1;1;0;13
2023-08-27;"60+";3;3;3;3;3;3;3;3;3;3;3;3;35;35;35;35;35;35;35;35;35;35;35;35;1;1;1;1;1;1;1;1;1;1;1;3;35
2023-08-27;"alle";3;3;3;3;3;3;3;3;3;3;3;3;48;48;48;48;48;48;48;48;48;48;48;48;NA;NA;NA;NA;NA;NA;NA;NA;NA;NA;NA;3;48
2023-08-26;"0-60";2;2;2;2;2;2;2;2;2;2;2;2;13;13;13;13;13;13;13;13;13;13;13;13;1;1;1;1;1;1;1;1;1;1;1;2;13
2023-08-26;"60+";5;5;5;5;5;5;5;5;5;5;5;5;33;33;33;33;33;33;33;33;33;33;33;33;1;1;1;1;1;1;1;1;1;1;1;5;33
2023-08-26;"alle";7;7;7;7;7;7;7;7;7;7;7;7;46;46;46;46;46;46;46;46;46;46;46;46;NA;NA;NA;NA;NA;NA;NA;NA;NA;NA;NA;7;46
2023-08-25;"0-60";4;4;4;4;4;4;4;4;4;4;4;4;12;12;12;12;12;12;12;12;12;12;12;12;1;1;1;1;1;1;1;1;1;1;1;4;12
2023-08-25;"60+";6;6;6;6;6;6;6;6;6;6;6;6;30;30;30;30;30;30;30;30;30;30;30;30;1;1;1;1;1;1;1;1;1;1;1;6;30
2023-08-25;"alle";10;10;10;10;10;10;10;10;10;10;10;10;42;42;42;42;42;42;42;42;42;42;42;42;NA;NA;NA;NA;NA;NA;NA;NA;NA;NA;NA;10;42
2023-08-24;"0-60";3;3;3;3;3;3;3;3;3;3;3;3;10;10;10;10;10;10;10;10;10;10;10;10;1;1;1;1;1;1;1;1;1;1;1;3;10
2023-08-24;"60+";5;5;5;5;5;5;5;5;5;5;5;5;28;28;28;28;28;28;28;28;28;28;28;28;1;1;1;1;1;1;1;1;1;1;1;5;28
2023-08-24;"alle";8;8;8;8;8;8;8;8;8;8;8;8;38;38;38;38;38;38;38;38;38;38;38;38;NA;NA;NA;NA;NA;NA;NA;NA;NA;NA;NA;8;38
2023-08-23;"0-60";2;2;2;2;2;2;2;2;2;2;2;2;7;7;7;7;7;7;7;7;7;7;7;7;1;1;1;1;1;1;1;1;1;1;1;2;7
2023-08-23;"60+";8;8;8;8;8;8;8;8;8;8;8;8;29;29;29;29;29;29;29;29;29;29;29;29;1;1;1;1;1;1;1;1;1;1;1;8;29
2023-08-23;"alle";10;10;10;10;10;10;10;10;10;10;10;10;36;36;36;36;36;36;36;36;36;36;36;36;NA;NA;NA;NA;NA;NA;NA;NA;NA;NA;NA;10;36
2023-08-22;"0-60";2;2;2;2;2;2;2;2;2;2;2;2;7;7;7;7;7;7;7;7;7;7;7;7;1;1;1;1;1;1;1;1;1;1;1;2;7
2023-08-22;"60+";8;8;8;8;8;8;8;8;8;8;8;8;27;27;27;27;27;27;27;27;27;27;27;27;1;1;1;1;1;1;1;1;1;1;1;8;27
2023-08-22;"alle";10;10;10;10;10;10;10;10;10;10;10;10;34;34;34;34;34;34;34;34;34;34;34;34;NA;NA;NA;NA;NA;NA;NA;NA;NA;NA;NA;10;34
2023-08-21;"0-60";0;0;0;0;0;0;0;0;0;0;0;0;7;7;7;7;7;7;7;7;7;7;7;7;1;1;1;1;1;1;1;1;1;1;1;0;7
2023-08-21;"60+";0;0;0;0;0;0;0;0;0;0;0;0;23;23;23;23;23;23;23;23;23;23;23;23;1;1;1;1;1;1;1;1;1;1;1;0;23
2023-08-21;"alle";0;0;0;0;0;0;0;0;0;0;0;0;30;30;30;30;30;30;30;30;30;30;30;30;NA;NA;NA;NA;NA;NA;NA;NA;NA;NA;NA;0;30
2023-08-20;"0-60";0;0;0;0;0;0;0;0;0;0;0;0;7;7;7;7;7;7;7;7;7;7;7;7;1;1;1;1;1;1;1;1;1;1;1;0;7
2023-08-20;"60+";1;1;1;1;1;1;1;1;1;1;1;1;24;24;24;24;24;24;24;24;24;24;24;24;1;1;1;1;1;1;1;1;1;1;1;1;24
2023-08-20;"alle";1;1;1;1;1;1;1;1;1;1;1;1;31;31;31;31;31;31;31;31;31;31;31;31;NA;NA;NA;NA;NA;NA;NA;NA;NA;NA;NA;1;31
2023-08-19;"0-60";1;1;1;1;1;1;1;1;1;1;1;1;7;7;7;7;7;7;7;7;7;7;7;7;1;1;1;1;1;1;1;1;1;1;1;1;7
2023-08-19;"60+";2;2;2;2;2;2;2;2;2;2;2;2;23;23;23;23;23;23;23;23;23;23;23;23;1;1;1;1;1;1;1;1;1;1;1;2;23
2023-08-19;"alle";3;3;3;3;3;3;3;3;3;3;3;3;30;30;30;30;30;30;30;30;30;30;30;30;NA;NA;NA;NA;NA;NA;NA;NA;NA;NA;NA;3;30
2023-08-18;"0-60";2;2;2;2;2;2;2;2;2;2;2;2;6;6;6;6;6;6;6;6;6;6;6;6;1;1;1;1;1;1;1;1;1;1;1;2;6
2023-08-18;"60+";4;4;4;4;4;4;4;4;4;4;4;4;22;22;22;22;22;22;22;22;22;22;22;22;1;1;1;1;1;1;1;1;1;1;1;4;22
2023-08-18;"alle";6;6;6;6;6;6;6;6;6;6;6;6;28;28;28;28;28;28;28;28;28;28;28;28;NA;NA;NA;NA;NA;NA;NA;NA;NA;NA;NA;6;28
2023-08-17;"0-60";0;0;0;0;0;0;0;0;0;0;0;0;4;4;4;4;4;4;4;4;4;4;4;4;1;1;1;1;1;1;1;1;1;1;1;0;4
2023-08-17;"60+";6;6;6;6;6;6;6;6;6;6;6;6;22;22;22;22;22;22;22;22;22;22;22;22;1;1;1;1;1;1;1;1;1;1;1;6;22
2023-08-17;"alle";6;6;6;6;6;6;6;6;6;6;6;6;26;26;26;26;26;26;26;26;26;26;26;26;NA;NA;NA;NA;NA;NA;NA;NA;NA;NA;NA;6;26
2023-08-16;"0-60";2;2;2;2;2;2;2;2;2;2;2;2;4;4;4;4;4;4;4;4;4;4;4;4;1;1;1;1;1;1;1;1;1;1;1;2;4
2023-08-16;"60+";6;6;6;6;6;6;6;6;6;6;6;6;21;21;21;21;21;21;21;21;21;21;21;21;1;1;1;1;1;1;1;1;1;1;1;6;21
2023-08-16;"alle";8;8;8;8;8;8;8;8;8;8;8;8;25;25;25;25;25;25;25;25;25;25;25;25;NA;NA;NA;NA;NA;NA;NA;NA;NA;NA;NA;8;25
2023-08-15;"0-60";2;2;2;2;2;2;2;2;2;2;2;2;2;2;2;2;2;2;2;2;2;2;2;2;1;1;1;1;1;1;1;1;1;1;1;2;2
2023-08-15;"60+";4;4;4;4;4;4;4;4;4;4;4;4;17;17;17;17;17;17;17;17;17;17;17;17;1;1;1;1;1;1;1;1;1;1;1;4;17
2023-08-15;"alle";6;6;6;6;6;6;6;6;6;6;6;6;19;19;19;19;19;19;19;19;19;19;19;19;NA;NA;NA;NA;NA;NA;NA;NA;NA;NA;NA;6;19
2023-08-14;"0-60";0;0;0;0;0;0;0;0;0;0;0;0;2;2;2;2;2;2;2;2;2;2;2;2;1;1;1;1;1;1;1;1;1;1;1;0;1
2023-08-14;"60+";1;1;1;1;1;1;1;1;1;1;1;1;15;15;15;15;15;15;15;15;15;15;15;15;1;1;1;1;1;1;1;1;1;1;1;1;15
2023-08-14;"alle";1;1;1;1;1;1;1;1;1;1;1;1;17;17;17;17;17;17;17;17;17;17;17;17;NA;NA;NA;NA;NA;NA;NA;NA;NA;NA;NA;1;16
2023-08-13;"0-60";0;0;0;0;0;0;0;0;0;0;0;0;2;2;2;2;2;2;2;2;2;2;2;2;1;1;1;1;1;1;1;1;1;1;1;0;1
2023-08-13;"60+";0;0;0;0;0;0;0;0;0;0;0;0;17;17;17;17;17;17;17;17;17;17;17;17;1;1;1;1;1;1;1;1;1;1;1;0;17
2023-08-13;"alle";0;0;0;0;0;0;0;0;0;0;0;0;19;19;19;19;19;19;19;19;19;19;19;19;NA;NA;NA;NA;NA;NA;NA;NA;NA;NA;NA;0;18
2023-08-12;"0-60";0;0;0;0;0;0;0;0;0;0;0;0;2;2;2;2;2;2;2;2;2;2;2;2;1;1;1;1;1;1;1;1;1;1;1;0;1
2023-08-12;"60+";1;1;1;1;1;1;1;1;1;1;1;1;18;18;18;18;18;18;18;18;18;18;18;18;1;1;1;1;1;1;1;1;1;1;1;1;18
2023-08-12;"alle";1;1;1;1;1;1;1;1;1;1;1;1;20;20;20;20;20;20;20;20;20;20;20;20;NA;NA;NA;NA;NA;NA;NA;NA;NA;NA;NA;1;19
2023-08-11;"0-60";0;0;0;0;0;0;0;0;0;0;0;0;2;2;2;2;2;2;2;2;2;2;2;2;1;1;1;1;1;1;1;1;1;1;1;0;1
2023-08-11;"60+";4;4;4;4;4;4;4;4;4;4;4;4;19;19;19;19;19;19;19;19;19;19;19;19;1;1;1;1;1;1;1;1;1;1;1;4;19
2023-08-11;"alle";4;4;4;4;4;4;4;4;4;4;4;4;21;21;21;21;21;21;21;21;21;21;21;21;NA;NA;NA;NA;NA;NA;NA;NA;NA;NA;NA;4;20
2023-08-10;"0-60";0;0;0;0;0;0;0;0;0;0;0;0;3;3;3;3;3;3;3;3;3;3;3;3;1;1;1;1;1;1;1;1;1;1;1;0;2
2023-08-10;"60+";5;5;5;5;5;5;5;5;5;5;5;5;16;16;16;16;16;16;16;16;16;16;16;16;1;1;1;1;1;1;1;1;1;1;1;5;16
2023-08-10;"alle";5;5;5;5;5;5;5;5;5;5;5;5;19;19;19;19;19;19;19;19;19;19;19;19;NA;NA;NA;NA;NA;NA;NA;NA;NA;NA;NA;5;18
2023-08-09;"0-60";0;0;0;0;0;0;0;0;0;0;0;0;3;3;3;3;3;3;3;3;3;3;3;3;1;1;1;1;1;1;1;1;1;1;1;0;2
2023-08-09;"60+";2;2;2;2;2;2;2;2;2;2;2;2;16;16;16;16;16;16;16;16;16;16;16;16;1;1;1;1;1;1;1;1;1;1;1;2;16
2023-08-09;"alle";2;2;2;2;2;2;2;2;2;2;2;2;19;19;19;19;19;19;19;19;19;19;19;19;NA;NA;NA;NA;NA;NA;NA;NA;NA;NA;NA;2;18
2023-08-08;"0-60";2;2;2;2;2;2;2;2;2;2;2;2;4;4;4;4;4;4;4;4;4;4;4;4;1;1;1;1;1;1;1;1;1;1;1;1;3
2023-08-08;"60+";2;2;2;2;2;2;2;2;2;2;2;2;16;16;16;16;16;16;16;16;16;16;16;16;1;1;1;1;1;1;1;1;1;1;1;2;16
2023-08-08;"alle";4;4;4;4;4;4;4;4;4;4;4;4;20;20;20;20;20;20;20;20;20;20;20;20;NA;NA;NA;NA;NA;NA;NA;NA;NA;NA;NA;3;19
2023-08-07;"0-60";0;0;0;0;0;0;0;0;0;0;0;0;4;4;4;4;4;4;4;4;4;4;4;4;1;1;1;1;1;1;1;1;1;1;1;0;4
2023-08-07;"60+";3;3;3;3;3;3;3;3;3;3;3;3;18;18;18;18;18;18;18;18;18;18;18;18;1;1;1;1;1;1;1;1;1;1;1;3;18
2023-08-07;"alle";3;3;3;3;3;3;3;3;3;3;3;3;22;22;22;22;22;22;22;22;22;22;22;22;NA;NA;NA;NA;NA;NA;NA;NA;NA;NA;NA;3;22
2023-08-06;"0-60";0;0;0;0;0;0;0;0;0;0;0;0;4;4;4;4;4;4;4;4;4;4;4;4;1;1;1;1;1;1;1;1;1;1;1;0;4
2023-08-06;"60+";1;1;1;1;1;1;1;1;1;1;1;1;16;16;16;16;16;16;16;16;16;16;16;16;1;1;1;1;1;1;1;1;1;1;1;1;16
2023-08-06;"alle";1;1;1;1;1;1;1;1;1;1;1;1;20;20;20;20;20;20;20;20;20;20;20;20;NA;NA;NA;NA;NA;NA;NA;NA;NA;NA;NA;1;20
2023-08-05;"0-60";0;0;0;0;0;0;0;0;0;0;0;0;5;5;5;5;5;5;5;5;5;5;5;5;1;1;1;1;1;1;1;1;1;1;1;0;5
2023-08-05;"60+";2;2;2;2;2;2;2;2;2;2;2;2;16;16;16;16;16;16;16;16;16;16;16;16;1;1;1;1;1;1;1;1;1;1;1;2;16
2023-08-05;"alle";2;2;2;2;2;2;2;2;2;2;2;2;21;21;21;21;21;21;21;21;21;21;21;21;NA;NA;NA;NA;NA;NA;NA;NA;NA;NA;NA;2;21
2023-08-04;"0-60";1;1;1;1;1;1;1;1;1;1;1;1;5;5;5;5;5;5;5;5;5;5;5;5;1;1;1;1;1;1;1;1;1;1;1;1;5
2023-08-04;"60+";1;1;1;1;1;1;1;1;1;1;1;1;15;15;15;15;15;15;15;15;15;15;15;15;1;1;1;1;1;1;1;1;1;1;1;1;15
2023-08-04;"alle";2;2;2;2;2;2;2;2;2;2;2;2;20;20;20;20;20;20;20;20;20;20;20;20;NA;NA;NA;NA;NA;NA;NA;NA;NA;NA;NA;2;20
2023-08-03;"0-60";0;0;0;0;0;0;0;0;0;0;0;0;4;4;4;4;4;4;4;4;4;4;4;4;1;1;1;1;1;1;1;1;1;1;1;0;4
2023-08-03;"60+";5;5;5;5;5;5;5;5;5;5;5;5;15;15;15;15;15;15;15;15;15;15;15;15;1;1;1;1;1;1;1;1;1;1;1;5;15
2023-08-03;"alle";5;5;5;5;5;5;5;5;5;5;5;5;19;19;19;19;19;19;19;19;19;19;19;19;NA;NA;NA;NA;NA;NA;NA;NA;NA;NA;NA;5;19
2023-08-02;"0-60";1;1;1;1;1;1;1;1;1;1;1;1;4;4;4;4;4;4;4;4;4;4;4;4;1;1;1;1;1;1;1;1;1;1;1;1;4
2023-08-02;"60+";2;2;2;2;2;2;2;2;2;2;2;2;10;10;10;10;10;10;10;10;10;10;10;10;1;1;1;1;1;1;1;1;1;1;1;2;10
2023-08-02;"alle";3;3;3;3;3;3;3;3;3;3;3;3;14;14;14;14;14;14;14;14;14;14;14;14;NA;NA;NA;NA;NA;NA;NA;NA;NA;NA;NA;3;14
2023-08-01;"0-60";2;2;2;2;2;2;2;2;2;2;2;2;3;3;3;3;3;3;3;3;3;3;3;3;1;1;1;1;1;1;1;1;1;1;1;2;3
2023-08-01;"60+";4;4;4;4;4;4;4;4;4;4;4;4;11;11;11;11;11;11;11;11;11;11;11;11;1;1;1;1;1;1;1;1;1;1;1;4;11
2023-08-01;"alle";6;6;6;6;6;6;6;6;6;6;6;6;14;14;14;14;14;14;14;14;14;14;14;14;NA;NA;NA;NA;NA;NA;NA;NA;NA;NA;NA;6;14
2023-07-31;"0-60";0;0;0;0;0;0;0;0;0;0;0;0;3;3;3;3;3;3;3;3;3;3;3;3;1;1;1;1;1;1;1;1;1;1;1;0;3
2023-07-31;"60+";1;1;1;1;1;1;1;1;1;1;1;1;15;15;15;15;15;15;15;15;15;15;15;15;1;1;1;1;1;1;1;1;1;1;1;1;15
2023-07-31;"alle";1;1;1;1;1;1;1;1;1;1;1;1;18;18;18;18;18;18;18;18;18;18;18;18;NA;NA;NA;NA;NA;NA;NA;NA;NA;NA;NA;1;18
2023-07-30;"0-60";1;1;1;1;1;1;1;1;1;1;1;1;4;4;4;4;4;4;4;4;4;4;4;4;1;1;1;1;1;1;1;1;1;1;1;1;4
2023-07-30;"60+";1;1;1;1;1;1;1;1;1;1;1;1;15;15;15;15;15;15;15;15;15;15;15;15;1;1;1;1;1;1;1;1;1;1;1;1;15
2023-07-30;"alle";2;2;2;2;2;2;2;2;2;2;2;2;19;19;19;19;19;19;19;19;19;19;19;19;NA;NA;NA;NA;NA;NA;NA;NA;NA;NA;NA;2;19
2023-07-29;"0-60";0;0;0;0;0;0;0;0;0;0;0;0;3;3;3;3;3;3;3;3;3;3;3;3;1;1;1;1;1;1;1;1;1;1;1;0;3
2023-07-29;"60+";1;1;1;1;1;1;1;1;1;1;1;1;14;14;14;14;14;14;14;14;14;14;14;14;1;1;1;1;1;1;1;1;1;1;1;1;14
2023-07-29;"alle";1;1;1;1;1;1;1;1;1;1;1;1;17;17;17;17;17;17;17;17;17;17;17;17;NA;NA;NA;NA;NA;NA;NA;NA;NA;NA;NA;1;17
2023-07-28;"0-60";0;0;0;0;0;0;0;0;0;0;0;0;3;3;3;3;3;3;3;3;3;3;3;3;1;1;1;1;1;1;1;1;1;1;1;0;3
2023-07-28;"60+";1;1;1;1;1;1;1;1;1;1;1;1;15;15;15;15;15;15;15;15;15;15;15;15;1;1;1;1;1;1;1;1;1;1;1;1;15
2023-07-28;"alle";1;1;1;1;1;1;1;1;1;1;1;1;18;18;18;18;18;18;18;18;18;18;18;18;NA;NA;NA;NA;NA;NA;NA;NA;NA;NA;NA;1;18
2023-07-27;"0-60";0;0;0;0;0;0;0;0;0;0;0;0;3;3;3;3;3;3;3;3;3;3;3;3;1;1;1;1;1;1;1;1;1;1;1;0;3
2023-07-27;"60+";0;0;0;0;0;0;0;0;0;0;0;0;15;15;15;15;15;15;15;15;15;15;15;15;1;1;1;1;1;1;1;1;1;1;1;0;15
2023-07-27;"alle";0;0;0;0;0;0;0;0;0;0;0;0;18;18;18;18;18;18;18;18;18;18;18;18;NA;NA;NA;NA;NA;NA;NA;NA;NA;NA;NA;0;18
2023-07-26;"0-60";0;0;0;0;0;0;0;0;0;0;0;0;3;3;3;3;3;3;3;3;3;3;3;3;1;1;1;1;1;1;1;1;1;1;1;0;3
2023-07-26;"60+";3;3;3;3;3;3;3;3;3;3;3;3;15;15;15;15;15;15;15;15;15;15;15;15;1;1;1;1;1;1;1;1;1;1;1;3;15
2023-07-26;"alle";3;3;3;3;3;3;3;3;3;3;3;3;18;18;18;18;18;18;18;18;18;18;18;18;NA;NA;NA;NA;NA;NA;NA;NA;NA;NA;NA;3;18
2023-07-25;"0-60";2;2;2;2;2;2;2;2;2;2;2;2;3;3;3;3;3;3;3;3;3;3;3;3;1;1;1;1;1;1;1;1;1;1;1;2;3
2023-07-25;"60+";8;8;8;8;8;8;8;8;8;8;8;8;13;13;13;13;13;13;13;13;13;13;13;13;1;1;1;1;1;1;1;1;1;1;1;8;13
2023-07-25;"alle";10;10;10;10;10;10;10;10;10;10;10;10;16;16;16;16;16;16;16;16;16;16;16;16;NA;NA;NA;NA;NA;NA;NA;NA;NA;NA;NA;10;16
2023-07-24;"0-60";1;1;1;1;1;1;1;1;1;1;1;1;2;2;2;2;2;2;2;2;2;2;2;2;1;1;1;1;1;1;1;1;1;1;1;1;2
2023-07-24;"60+";1;1;1;1;1;1;1;1;1;1;1;1;7;7;7;7;7;7;7;7;7;7;7;7;1;1;1;1;1;1;1;1;1;1;1;1;7
2023-07-24;"alle";2;2;2;2;2;2;2;2;2;2;2;2;9;9;9;9;9;9;9;9;9;9;9;9;NA;NA;NA;NA;NA;NA;NA;NA;NA;NA;NA;2;9
2023-07-23;"0-60";0;0;0;0;0;0;0;0;0;0;0;0;1;1;1;1;1;1;1;1;1;1;1;1;1;1;1;1;1;1;1;1;1;1;1;0;1
2023-07-23;"60+";0;0;0;0;0;0;0;0;0;0;0;0;7;7;7;7;7;7;7;7;7;7;7;7;1;1;1;1;1;1;1;1;1;1;1;0;7
2023-07-23;"alle";0;0;0;0;0;0;0;0;0;0;0;0;8;8;8;8;8;8;8;8;8;8;8;8;NA;NA;NA;NA;NA;NA;NA;NA;NA;NA;NA;0;8
2023-07-22;"0-60";0;0;0;0;0;0;0;0;0;0;0;0;2;2;2;2;2;2;2;2;2;2;2;2;1;1;1;1;1;1;1;1;1;1;1;0;2
2023-07-22;"60+";2;2;2;2;2;2;2;2;2;2;2;2;7;7;7;7;7;7;7;7;7;7;7;7;1;1;1;1;1;1;1;1;1;1;1;2;7
2023-07-22;"alle";2;2;2;2;2;2;2;2;2;2;2;2;9;9;9;9;9;9;9;9;9;9;9;9;NA;NA;NA;NA;NA;NA;NA;NA;NA;NA;NA;2;9
2023-07-21;"0-60";0;0;0;0;0;0;0;0;0;0;0;0;2;2;2;2;2;2;2;2;2;2;2;2;1;1;1;1;1;1;1;1;1;1;1;0;2
2023-07-21;"60+";1;1;1;1;1;1;1;1;1;1;1;1;7;7;7;7;7;7;7;7;7;7;7;7;1;1;1;1;1;1;1;1;1;1;1;1;7
2023-07-21;"alle";1;1;1;1;1;1;1;1;1;1;1;1;9;9;9;9;9;9;9;9;9;9;9;9;NA;NA;NA;NA;NA;NA;NA;NA;NA;NA;NA;1;9
2023-07-20;"0-60";0;0;0;0;0;0;0;0;0;0;0;0;2;2;2;2;2;2;2;2;2;2;2;2;1;1;1;1;1;1;1;1;1;1;1;0;2
2023-07-20;"60+";0;0;0;0;0;0;0;0;0;0;0;0;7;7;7;7;7;7;7;7;7;7;7;7;1;1;1;1;1;1;1;1;1;1;1;0;7
2023-07-20;"alle";0;0;0;0;0;0;0;0;0;0;0;0;9;9;9;9;9;9;9;9;9;9;9;9;NA;NA;NA;NA;NA;NA;NA;NA;NA;NA;NA;0;9
2023-07-19;"0-60";0;0;0;0;0;0;0;0;0;0;0;0;2;2;2;2;2;2;2;2;2;2;2;2;1;1;1;1;1;1;1;1;1;1;1;0;2
2023-07-19;"60+";1;1;1;1;1;1;1;1;1;1;1;1;8;8;8;8;8;8;8;8;8;8;8;8;1;1;1;1;1;1;1;1;1;1;1;1;8
2023-07-19;"alle";1;1;1;1;1;1;1;1;1;1;1;1;10;10;10;10;10;10;10;10;10;10;10;10;NA;NA;NA;NA;NA;NA;NA;NA;NA;NA;NA;1;10
2023-07-18;"0-60";1;1;1;1;1;1;1;1;1;1;1;1;2;2;2;2;2;2;2;2;2;2;2;2;1;1;1;1;1;1;1;1;1;1;1;1;2
2023-07-18;"60+";2;2;2;2;2;2;2;2;2;2;2;2;10;10;10;10;10;10;10;10;10;10;10;10;1;1;1;1;1;1;1;1;1;1;1;2;10
2023-07-18;"alle";3;3;3;3;3;3;3;3;3;3;3;3;12;12;12;12;12;12;12;12;12;12;12;12;NA;NA;NA;NA;NA;NA;NA;NA;NA;NA;NA;3;12
2023-07-17;"0-60";0;0;0;0;0;0;0;0;0;0;0;0;1;1;1;1;1;1;1;1;1;1;1;1;1;1;1;1;1;1;1;1;1;1;1;0;1
2023-07-17;"60+";1;1;1;1;1;1;1;1;1;1;1;1;12;12;12;12;12;12;12;12;12;12;12;12;1;1;1;1;1;1;1;1;1;1;1;1;12
2023-07-17;"alle";1;1;1;1;1;1;1;1;1;1;1;1;13;13;13;13;13;13;13;13;13;13;13;13;NA;NA;NA;NA;NA;NA;NA;NA;NA;NA;NA;1;13
2023-07-16;"0-60";1;1;1;1;1;1;1;1;1;1;1;1;1;1;1;1;1;1;1;1;1;1;1;1;1;1;1;1;1;1;1;1;1;1;1;1;1
2023-07-16;"60+";0;0;0;0;0;0;0;0;0;0;0;0;11;11;11;11;11;11;11;11;11;11;11;11;1;1;1;1;1;1;1;1;1;1;1;0;11
2023-07-16;"alle";1;1;1;1;1;1;1;1;1;1;1;1;12;12;12;12;12;12;12;12;12;12;12;12;NA;NA;NA;NA;NA;NA;NA;NA;NA;NA;NA;1;12
2023-07-15;"0-60";0;0;0;0;0;0;0;0;0;0;0;0;0;0;0;0;0;0;0;0;0;0;0;0;1;1;1;1;1;1;1;1;1;1;1;0;0
2023-07-15;"60+";2;2;2;2;2;2;2;2;2;2;2;2;11;11;11;11;11;11;11;11;11;11;11;11;1;1;1;1;1;1;1;1;1;1;1;2;11
2023-07-15;"alle";2;2;2;2;2;2;2;2;2;2;2;2;11;11;11;11;11;11;11;11;11;11;11;11;NA;NA;NA;NA;NA;NA;NA;NA;NA;NA;NA;2;11
2023-07-14;"0-60";0;0;0;0;0;0;0;0;0;0;0;0;0;0;0;0;0;0;0;0;0;0;0;0;1;1;1;1;1;1;1;1;1;1;1;0;0
2023-07-14;"60+";1;1;1;1;1;1;1;1;1;1;1;1;10;10;10;10;10;10;10;10;10;10;10;10;1;1;1;1;1;1;1;1;1;1;1;1;10
2023-07-14;"alle";1;1;1;1;1;1;1;1;1;1;1;1;10;10;10;10;10;10;10;10;10;10;10;10;NA;NA;NA;NA;NA;NA;NA;NA;NA;NA;NA;1;10
2023-07-13;"0-60";0;0;0;0;0;0;0;0;0;0;0;0;0;0;0;0;0;0;0;0;0;0;0;0;1;1;1;1;1;1;1;1;1;1;1;0;0
2023-07-13;"60+";1;1;1;1;1;1;1;1;1;1;1;1;12;12;12;12;12;12;12;12;12;12;12;12;1;1;1;1;1;1;1;1;1;1;1;1;12
2023-07-13;"alle";1;1;1;1;1;1;1;1;1;1;1;1;12;12;12;12;12;12;12;12;12;12;12;12;NA;NA;NA;NA;NA;NA;NA;NA;NA;NA;NA;1;12
2023-07-12;"0-60";0;0;0;0;0;0;0;0;0;0;0;0;0;0;0;0;0;0;0;0;0;0;0;0;1;1;1;1;1;1;1;1;1;1;1;0;0
2023-07-12;"60+";3;3;3;3;3;3;3;3;3;3;3;3;12;12;12;12;12;12;12;12;12;12;12;12;1;1;1;1;1;1;1;1;1;1;1;3;12
2023-07-12;"alle";3;3;3;3;3;3;3;3;3;3;3;3;12;12;12;12;12;12;12;12;12;12;12;12;NA;NA;NA;NA;NA;NA;NA;NA;NA;NA;NA;3;12
2023-07-11;"0-60";0;0;0;0;0;0;0;0;0;0;0;0;1;1;1;1;1;1;1;1;1;1;1;1;1;1;1;1;1;1;1;1;1;1;1;0;1
2023-07-11;"60+";4;4;4;4;4;4;4;4;4;4;4;4;11;11;11;11;11;11;11;11;11;11;11;11;1;1;1;1;1;1;1;1;1;1;1;4;11
2023-07-11;"alle";4;4;4;4;4;4;4;4;4;4;4;4;12;12;12;12;12;12;12;12;12;12;12;12;NA;NA;NA;NA;NA;NA;NA;NA;NA;NA;NA;4;12
2023-07-10;"0-60";0;0;0;0;0;0;0;0;0;0;0;0;1;1;1;1;1;1;1;1;1;1;1;1;1;1;1;1;1;1;1;1;1;1;1;0;1
2023-07-10;"60+";0;0;0;0;0;0;0;0;0;0;0;0;8;8;8;8;8;8;8;8;8;8;8;8;1;1;1;1;1;1;1;1;1;1;1;0;8
2023-07-10;"alle";0;0;0;0;0;0;0;0;0;0;0;0;9;9;9;9;9;9;9;9;9;9;9;9;NA;NA;NA;NA;NA;NA;NA;NA;NA;NA;NA;0;9
2023-07-09;"0-60";0;0;0;0;0;0;0;0;0;0;0;0;1;1;1;1;1;1;1;1;1;1;1;1;1;1;1;1;1;1;1;1;1;1;1;0;1
2023-07-09;"60+";0;0;0;0;0;0;0;0;0;0;0;0;8;8;8;8;8;8;8;8;8;8;8;8;1;1;1;1;1;1;1;1;1;1;1;0;8
2023-07-09;"alle";0;0;0;0;0;0;0;0;0;0;0;0;9;9;9;9;9;9;9;9;9;9;9;9;NA;NA;NA;NA;NA;NA;NA;NA;NA;NA;NA;0;9
2023-07-08;"0-60";0;0;0;0;0;0;0;0;0;0;0;0;1;1;1;1;1;1;1;1;1;1;1;1;1;1;1;1;1;1;1;1;1;1;1;0;1
2023-07-08;"60+";1;1;1;1;1;1;1;1;1;1;1;1;8;8;8;8;8;8;8;8;8;8;8;8;1;1;1;1;1;1;1;1;1;1;1;1;8
2023-07-08;"alle";1;1;1;1;1;1;1;1;1;1;1;1;9;9;9;9;9;9;9;9;9;9;9;9;NA;NA;NA;NA;NA;NA;NA;NA;NA;NA;NA;1;9
2023-07-07;"0-60";0;0;0;0;0;0;0;0;0;0;0;0;1;1;1;1;1;1;1;1;1;1;1;1;1;1;1;1;1;1;1;1;1;1;1;0;1
2023-07-07;"60+";3;3;3;3;3;3;3;3;3;3;3;3;7;7;7;7;7;7;7;7;7;7;7;7;1;1;1;1;1;1;1;1;1;1;1;3;7
2023-07-07;"alle";3;3;3;3;3;3;3;3;3;3;3;3;8;8;8;8;8;8;8;8;8;8;8;8;NA;NA;NA;NA;NA;NA;NA;NA;NA;NA;NA;3;8
2023-07-06;"0-60";0;0;0;0;0;0;0;0;0;0;0;0;1;1;1;1;1;1;1;1;1;1;1;1;1;1;1;1;1;1;1;1;1;1;1;0;1
2023-07-06;"60+";1;1;1;1;1;1;1;1;1;1;1;1;6;6;6;6;6;6;6;6;6;6;6;6;1;1;1;1;1;1;1;1;1;1;1;1;6
2023-07-06;"alle";1;1;1;1;1;1;1;1;1;1;1;1;7;7;7;7;7;7;7;7;7;7;7;7;NA;NA;NA;NA;NA;NA;NA;NA;NA;NA;NA;1;7
2023-07-05;"0-60";1;1;1;1;1;1;1;1;1;1;1;1;1;1;1;1;1;1;1;1;1;1;1;1;1;1;1;1;1;1;1;1;1;1;1;1;1
2023-07-05;"60+";2;2;2;2;2;2;2;2;2;2;2;2;6;6;6;6;6;6;6;6;6;6;6;6;1;1;1;1;1;1;1;1;1;1;1;2;6
2023-07-05;"alle";3;3;3;3;3;3;3;3;3;3;3;3;7;7;7;7;7;7;7;7;7;7;7;7;NA;NA;NA;NA;NA;NA;NA;NA;NA;NA;NA;3;7
2023-07-04;"0-60";0;0;0;0;0;0;0;0;0;0;0;0;0;0;0;0;0;0;0;0;0;0;0;0;1;1;1;1;1;1;1;1;1;1;1;0;0
2023-07-04;"60+";1;1;1;1;1;1;1;1;1;1;1;1;6;6;6;6;6;6;6;6;6;6;6;6;1;1;1;1;1;1;1;1;1;1;1;1;6
2023-07-04;"alle";1;1;1;1;1;1;1;1;1;1;1;1;6;6;6;6;6;6;6;6;6;6;6;6;NA;NA;NA;NA;NA;NA;NA;NA;NA;NA;NA;1;6
2023-07-03;"0-60";0;0;0;0;0;0;0;0;0;0;0;0;0;0;0;0;0;0;0;0;0;0;0;0;1;1;1;1;1;1;1;1;1;1;1;0;0
2023-07-03;"60+";0;0;0;0;0;0;0;0;0;0;0;0;8;8;8;8;8;8;8;8;8;8;8;8;1;1;1;1;1;1;1;1;1;1;1;0;8
2023-07-03;"alle";0;0;0;0;0;0;0;0;0;0;0;0;8;8;8;8;8;8;8;8;8;8;8;8;NA;NA;NA;NA;NA;NA;NA;NA;NA;NA;NA;0;8
2023-07-02;"0-60";0;0;0;0;0;0;0;0;0;0;0;0;0;0;0;0;0;0;0;0;0;0;0;0;1;1;1;1;1;1;1;1;1;1;1;0;0
2023-07-02;"60+";0;0;0;0;0;0;0;0;0;0;0;0;8;8;8;8;8;8;8;8;8;8;8;8;1;1;1;1;1;1;1;1;1;1;1;0;8
2023-07-02;"alle";0;0;0;0;0;0;0;0;0;0;0;0;8;8;8;8;8;8;8;8;8;8;8;8;NA;NA;NA;NA;NA;NA;NA;NA;NA;NA;NA;0;8
2023-07-01;"0-60";0;0;0;0;0;0;0;0;0;0;0;0;0;0;0;0;0;0;0;0;0;0;0;0;1;1;1;1;1;1;1;1;1;1;1;0;0
2023-07-01;"60+";0;0;0;0;0;0;0;0;0;0;0;0;8;8;8;8;8;8;8;8;8;8;8;8;1;1;1;1;1;1;1;1;1;1;1;0;8
2023-07-01;"alle";0;0;0;0;0;0;0;0;0;0;0;0;8;8;8;8;8;8;8;8;8;8;8;8;NA;NA;NA;NA;NA;NA;NA;NA;NA;NA;NA;0;8
2023-06-30;"0-60";0;0;0;0;0;0;0;0;0;0;0;0;1;1;1;1;1;1;1;1;1;1;1;1;1;1;1;1;1;1;1;1;1;1;1;0;1
2023-06-30;"60+";2;2;2;2;2;2;2;2;2;2;2;2;11;11;11;11;11;11;11;11;11;11;11;11;1;1;1;1;1;1;1;1;1;1;1;2;11
2023-06-30;"alle";2;2;2;2;2;2;2;2;2;2;2;2;12;12;12;12;12;12;12;12;12;12;12;12;NA;NA;NA;NA;NA;NA;NA;NA;NA;NA;NA;2;12
2023-06-29;"0-60";0;0;0;0;0;0;0;0;0;0;0;0;1;1;1;1;1;1;1;1;1;1;1;1;1;1;1;1;1;1;1;1;1;1;1;0;1
2023-06-29;"60+";1;1;1;1;1;1;1;1;1;1;1;1;10;10;10;10;10;10;10;10;10;10;10;10;1;1;1;1;1;1;1;1;1;1;1;1;10
2023-06-29;"alle";1;1;1;1;1;1;1;1;1;1;1;1;11;11;11;11;11;11;11;11;11;11;11;11;NA;NA;NA;NA;NA;NA;NA;NA;NA;NA;NA;1;11
2023-06-28;"0-60";0;0;0;0;0;0;0;0;0;0;0;0;1;1;1;1;1;1;1;1;1;1;1;1;1;1;1;1;1;1;1;1;1;1;1;0;1
2023-06-28;"60+";2;2;2;2;2;2;2;2;2;2;2;2;13;13;13;13;13;13;13;13;13;13;13;13;1;1;1;1;1;1;1;1;1;1;1;2;13
2023-06-28;"alle";2;2;2;2;2;2;2;2;2;2;2;2;14;14;14;14;14;14;14;14;14;14;14;14;NA;NA;NA;NA;NA;NA;NA;NA;NA;NA;NA;2;14
2023-06-27;"0-60";0;0;0;0;0;0;0;0;0;0;0;0;2;2;2;2;2;2;2;2;2;2;2;2;1;1;1;1;1;1;1;1;1;1;1;0;2
2023-06-27;"60+";3;3;3;3;3;3;3;3;3;3;3;3;13;13;13;13;13;13;13;13;13;13;13;13;1;1;1;1;1;1;1;1;1;1;1;3;13
2023-06-27;"alle";3;3;3;3;3;3;3;3;3;3;3;3;15;15;15;15;15;15;15;15;15;15;15;15;NA;NA;NA;NA;NA;NA;NA;NA;NA;NA;NA;3;15
2023-06-26;"0-60";0;0;0;0;0;0;0;0;0;0;0;0;2;2;2;2;2;2;2;2;2;2;2;2;1;1;1;1;1;1;1;1;1;1;1;0;2
2023-06-26;"60+";0;0;0;0;0;0;0;0;0;0;0;0;19;19;19;19;19;19;19;19;19;19;19;19;1;1;1;1;1;1;1;1;1;1;1;0;19
2023-06-26;"alle";0;0;0;0;0;0;0;0;0;0;0;0;21;21;21;21;21;21;21;21;21;21;21;21;NA;NA;NA;NA;NA;NA;NA;NA;NA;NA;NA;0;21
2023-06-25;"0-60";0;0;0;0;0;0;0;0;0;0;0;0;3;3;3;3;3;3;3;3;3;3;3;3;1;1;1;1;1;1;1;1;1;1;1;0;3
2023-06-25;"60+";0;0;0;0;0;0;0;0;0;0;0;0;20;20;20;20;20;20;20;20;20;20;20;20;1;1;1;1;1;1;1;1;1;1;1;0;20
2023-06-25;"alle";0;0;0;0;0;0;0;0;0;0;0;0;23;23;23;23;23;23;23;23;23;23;23;23;NA;NA;NA;NA;NA;NA;NA;NA;NA;NA;NA;0;23
2023-06-24;"0-60";1;1;1;1;1;1;1;1;1;1;1;1;3;3;3;3;3;3;3;3;3;3;3;3;1;1;1;1;1;1;1;1;1;1;1;1;3
2023-06-24;"60+";3;3;3;3;3;3;3;3;3;3;3;3;20;20;20;20;20;20;20;20;20;20;20;20;1;1;1;1;1;1;1;1;1;1;1;3;20
2023-06-24;"alle";4;4;4;4;4;4;4;4;4;4;4;4;23;23;23;23;23;23;23;23;23;23;23;23;NA;NA;NA;NA;NA;NA;NA;NA;NA;NA;NA;4;23
2023-06-23;"0-60";0;0;0;0;0;0;0;0;0;0;0;0;2;2;2;2;2;2;2;2;2;2;2;2;1;1;1;1;1;1;1;1;1;1;1;0;2
2023-06-23;"60+";1;1;1;1;1;1;1;1;1;1;1;1;18;18;18;18;18;18;18;18;18;18;18;18;1;1;1;1;1;1;1;1;1;1;1;1;18
2023-06-23;"alle";1;1;1;1;1;1;1;1;1;1;1;1;20;20;20;20;20;20;20;20;20;20;20;20;NA;NA;NA;NA;NA;NA;NA;NA;NA;NA;NA;1;20
2023-06-22;"0-60";0;0;0;0;0;0;0;0;0;0;0;0;3;3;3;3;3;3;3;3;3;3;3;3;1;1;1;1;1;1;1;1;1;1;1;0;3
2023-06-22;"60+";4;4;4;4;4;4;4;4;4;4;4;4;20;20;20;20;20;20;20;20;20;20;20;20;1;1;1;1;1;1;1;1;1;1;1;4;20
2023-06-22;"alle";4;4;4;4;4;4;4;4;4;4;4;4;23;23;23;23;23;23;23;23;23;23;23;23;NA;NA;NA;NA;NA;NA;NA;NA;NA;NA;NA;4;23
2023-06-21;"0-60";1;1;1;1;1;1;1;1;1;1;1;1;3;3;3;3;3;3;3;3;3;3;3;3;1;1;1;1;1;1;1;1;1;1;1;1;3
2023-06-21;"60+";2;2;2;2;2;2;2;2;2;2;2;2;18;18;18;18;18;18;18;18;18;18;18;18;1;1;1;1;1;1;1;1;1;1;1;2;18
2023-06-21;"alle";3;3;3;3;3;3;3;3;3;3;3;3;21;21;21;21;21;21;21;21;21;21;21;21;NA;NA;NA;NA;NA;NA;NA;NA;NA;NA;NA;3;21
2023-06-20;"0-60";0;0;0;0;0;0;0;0;0;0;0;0;4;4;4;4;4;4;4;4;4;4;4;4;1;1;1;1;1;1;1;1;1;1;1;0;4
2023-06-20;"60+";9;9;9;9;9;9;9;9;9;9;9;9;21;21;21;21;21;21;21;21;21;21;21;21;1;1;1;1;1;1;1;1;1;1;1;9;21
2023-06-20;"alle";9;9;9;9;9;9;9;9;9;9;9;9;25;25;25;25;25;25;25;25;25;25;25;25;NA;NA;NA;NA;NA;NA;NA;NA;NA;NA;NA;9;25
2023-06-19;"0-60";1;1;1;1;1;1;1;1;1;1;1;1;4;4;4;4;4;4;4;4;4;4;4;4;1;1;1;1;1;1;1;1;1;1;1;1;4
2023-06-19;"60+";1;1;1;1;1;1;1;1;1;1;1;1;17;17;17;17;17;17;17;17;17;17;17;17;1;1;1;1;1;1;1;1;1;1;1;1;17
2023-06-19;"alle";2;2;2;2;2;2;2;2;2;2;2;2;21;21;21;21;21;21;21;21;21;21;21;21;NA;NA;NA;NA;NA;NA;NA;NA;NA;NA;NA;2;21
2023-06-18;"0-60";0;0;0;0;0;0;0;0;0;0;0;0;3;3;3;3;3;3;3;3;3;3;3;3;1;1;1;1;1;1;1;1;1;1;1;0;3
2023-06-18;"60+";0;0;0;0;0;0;0;0;0;0;0;0;17;17;17;17;17;17;17;17;17;17;17;17;1;1;1;1;1;1;1;1;1;1;1;0;17
2023-06-18;"alle";0;0;0;0;0;0;0;0;0;0;0;0;20;20;20;20;20;20;20;20;20;20;20;20;NA;NA;NA;NA;NA;NA;NA;NA;NA;NA;NA;0;20
2023-06-17;"0-60";0;0;0;0;0;0;0;0;0;0;0;0;3;3;3;3;3;3;3;3;3;3;3;3;1;1;1;1;1;1;1;1;1;1;1;0;3
2023-06-17;"60+";1;1;1;1;1;1;1;1;1;1;1;1;17;17;17;17;17;17;17;17;17;17;17;17;1;1;1;1;1;1;1;1;1;1;1;1;17
2023-06-17;"alle";1;1;1;1;1;1;1;1;1;1;1;1;20;20;20;20;20;20;20;20;20;20;20;20;NA;NA;NA;NA;NA;NA;NA;NA;NA;NA;NA;1;20
2023-06-16;"0-60";1;1;1;1;1;1;1;1;1;1;1;1;3;3;3;3;3;3;3;3;3;3;3;3;1;1;1;1;1;1;1;1;1;1;1;1;3
2023-06-16;"60+";3;3;3;3;3;3;3;3;3;3;3;3;18;18;18;18;18;18;18;18;18;18;18;18;1;1;1;1;1;1;1;1;1;1;1;3;18
2023-06-16;"alle";4;4;4;4;4;4;4;4;4;4;4;4;21;21;21;21;21;21;21;21;21;21;21;21;NA;NA;NA;NA;NA;NA;NA;NA;NA;NA;NA;4;21
2023-06-15;"0-60";0;0;0;0;0;0;0;0;0;0;0;0;2;2;2;2;2;2;2;2;2;2;2;2;1;1;1;1;1;1;1;1;1;1;1;0;2
2023-06-15;"60+";2;2;2;2;2;2;2;2;2;2;2;2;21;21;21;21;21;21;21;21;21;21;21;21;1;1;1;1;1;1;1;1;1;1;1;2;21
2023-06-15;"alle";2;2;2;2;2;2;2;2;2;2;2;2;23;23;23;23;23;23;23;23;23;23;23;23;NA;NA;NA;NA;NA;NA;NA;NA;NA;NA;NA;2;23
2023-06-14;"0-60";2;2;2;2;2;2;2;2;2;2;2;2;2;2;2;2;2;2;2;2;2;2;2;2;1;1;1;1;1;1;1;1;1;1;1;2;2
2023-06-14;"60+";5;5;5;5;5;5;5;5;5;5;5;5;28;28;28;28;28;28;28;28;28;28;28;28;1;1;1;1;1;1;1;1;1;1;1;5;28
2023-06-14;"alle";7;7;7;7;7;7;7;7;7;7;7;7;30;30;30;30;30;30;30;30;30;30;30;30;NA;NA;NA;NA;NA;NA;NA;NA;NA;NA;NA;7;30
2023-06-13;"0-60";0;0;0;0;0;0;0;0;0;0;0;0;2;2;2;2;2;2;2;2;2;2;2;2;1;1;1;1;1;1;1;1;1;1;1;0;2
2023-06-13;"60+";5;5;5;5;5;5;5;5;5;5;5;5;28;28;28;28;28;28;28;28;28;28;28;28;1;1;1;1;1;1;1;1;1;1;1;5;28
2023-06-13;"alle";5;5;5;5;5;5;5;5;5;5;5;5;30;30;30;30;30;30;30;30;30;30;30;30;NA;NA;NA;NA;NA;NA;NA;NA;NA;NA;NA;5;30
2023-06-12;"0-60";0;0;0;0;0;0;0;0;0;0;0;0;5;5;5;5;5;5;5;5;5;5;5;5;1;1;1;1;1;1;1;1;1;1;1;0;5
2023-06-12;"60+";1;1;1;1;1;1;1;1;1;1;1;1;36;36;36;36;36;36;36;36;36;36;36;36;1;1;1;1;1;1;1;1;1;1;1;1;36
2023-06-12;"alle";1;1;1;1;1;1;1;1;1;1;1;1;41;41;41;41;41;41;41;41;41;41;41;41;NA;NA;NA;NA;NA;NA;NA;NA;NA;NA;NA;1;41
2023-06-11;"0-60";0;0;0;0;0;0;0;0;0;0;0;0;5;5;5;5;5;5;5;5;5;5;5;5;1;1;1;1;1;1;1;1;1;1;1;0;5
2023-06-11;"60+";0;0;0;0;0;0;0;0;0;0;0;0;36;36;36;36;36;36;36;36;36;36;36;36;1;1;1;1;1;1;1;1;1;1;1;0;36
2023-06-11;"alle";0;0;0;0;0;0;0;0;0;0;0;0;41;41;41;41;41;41;41;41;41;41;41;41;NA;NA;NA;NA;NA;NA;NA;NA;NA;NA;NA;0;41
2023-06-10;"0-60";0;0;0;0;0;0;0;0;0;0;0;0;5;5;5;5;5;5;5;5;5;5;5;5;1;1;1;1;1;1;1;1;1;1;1;0;5
2023-06-10;"60+";2;2;2;2;2;2;2;2;2;2;2;2;37;37;37;37;37;37;37;37;37;37;37;37;1;1;1;1;1;1;1;1;1;1;1;2;37
2023-06-10;"alle";2;2;2;2;2;2;2;2;2;2;2;2;42;42;42;42;42;42;42;42;42;42;42;42;NA;NA;NA;NA;NA;NA;NA;NA;NA;NA;NA;2;42
2023-06-09;"0-60";0;0;0;0;0;0;0;0;0;0;0;0;5;5;5;5;5;5;5;5;5;5;5;5;1;1;1;1;1;1;1;1;1;1;1;0;5
2023-06-09;"60+";6;6;6;6;6;6;6;6;6;6;6;6;40;40;40;40;40;40;40;40;40;40;40;40;1;1;1;1;1;1;1;1;1;1;1;6;40
2023-06-09;"alle";6;6;6;6;6;6;6;6;6;6;6;6;45;45;45;45;45;45;45;45;45;45;45;45;NA;NA;NA;NA;NA;NA;NA;NA;NA;NA;NA;6;45
2023-06-08;"0-60";0;0;0;0;0;0;0;0;0;0;0;0;6;6;6;6;6;6;6;6;6;6;6;6;1;1;1;1;1;1;1;1;1;1;1;0;6
2023-06-08;"60+";9;9;9;9;9;9;9;9;9;9;9;9;48;48;48;48;48;48;48;48;48;48;48;48;1;1;1;1;1;1;1;1;1;1;1;9;48
2023-06-08;"alle";9;9;9;9;9;9;9;9;9;9;9;9;54;54;54;54;54;54;54;54;54;54;54;54;NA;NA;NA;NA;NA;NA;NA;NA;NA;NA;NA;9;54
2023-06-07;"0-60";2;2;2;2;2;2;2;2;2;2;2;2;7;7;7;7;7;7;7;7;7;7;7;7;1;1;1;1;1;1;1;1;1;1;1;2;7
2023-06-07;"60+";5;5;5;5;5;5;5;5;5;5;5;5;46;46;46;46;46;46;46;46;46;46;46;46;1;1;1;1;1;1;1;1;1;1;1;5;46
2023-06-07;"alle";7;7;7;7;7;7;7;7;7;7;7;7;53;53;53;53;53;53;53;53;53;53;53;53;NA;NA;NA;NA;NA;NA;NA;NA;NA;NA;NA;7;53
2023-06-06;"0-60";3;3;3;3;3;3;3;3;3;3;3;3;6;6;6;6;6;6;6;6;6;6;6;6;1;1;1;1;1;1;1;1;1;1;1;3;6
2023-06-06;"60+";13;13;13;13;13;13;13;13;13;13;13;13;51;51;51;51;51;51;51;51;51;51;51;51;1;1;1;1;1;1;1;1;1;1;1;13;51
2023-06-06;"alle";16;16;16;16;16;16;16;16;16;16;16;16;57;57;57;57;57;57;57;57;57;57;57;57;NA;NA;NA;NA;NA;NA;NA;NA;NA;NA;NA;16;57
2023-06-05;"0-60";0;0;0;0;0;0;0;0;0;0;0;0;3;3;3;3;3;3;3;3;3;3;3;3;1;1;1;1;1;1;1;1;1;1;1;0;3
2023-06-05;"60+";1;1;1;1;1;1;1;1;1;1;1;1;41;41;41;41;41;41;41;41;41;41;41;41;1;1;1;1;1;1;1;1;1;1;1;1;41
2023-06-05;"alle";1;1;1;1;1;1;1;1;1;1;1;1;44;44;44;44;44;44;44;44;44;44;44;44;NA;NA;NA;NA;NA;NA;NA;NA;NA;NA;NA;1;44
2023-06-04;"0-60";0;0;0;0;0;0;0;0;0;0;0;0;3;3;3;3;3;3;3;3;3;3;3;3;1;1;1;1;1;1;1;1;1;1;1;0;3
2023-06-04;"60+";1;1;1;1;1;1;1;1;1;1;1;1;40;40;40;40;40;40;40;40;40;40;40;40;1;1;1;1;1;1;1;1;1;1;1;1;40
2023-06-04;"alle";1;1;1;1;1;1;1;1;1;1;1;1;43;43;43;43;43;43;43;43;43;43;43;43;NA;NA;NA;NA;NA;NA;NA;NA;NA;NA;NA;1;43
2023-06-03;"0-60";0;0;0;0;0;0;0;0;0;0;0;0;3;3;3;3;3;3;3;3;3;3;3;3;1;1;1;1;1;1;1;1;1;1;1;0;3
2023-06-03;"60+";5;5;5;5;5;5;5;5;5;5;5;5;41;41;41;41;41;41;41;41;41;41;41;41;1;1;1;1;1;1;1;1;1;1;1;5;41
2023-06-03;"alle";5;5;5;5;5;5;5;5;5;5;5;5;44;44;44;44;44;44;44;44;44;44;44;44;NA;NA;NA;NA;NA;NA;NA;NA;NA;NA;NA;5;44
2023-06-02;"0-60";1;1;1;1;1;1;1;1;1;1;1;1;4;4;4;4;4;4;4;4;4;4;4;4;1;1;1;1;1;1;1;1;1;1;1;1;4
2023-06-02;"60+";14;14;14;14;14;14;14;14;14;14;14;14;39;39;39;39;39;39;39;39;39;39;39;39;1;1;1;1;1;1;1;1;1;1;1;14;39
2023-06-02;"alle";15;15;15;15;15;15;15;15;15;15;15;15;43;43;43;43;43;43;43;43;43;43;43;43;NA;NA;NA;NA;NA;NA;NA;NA;NA;NA;NA;15;43
2023-06-01;"0-60";1;1;1;1;1;1;1;1;1;1;1;1;3;3;3;3;3;3;3;3;3;3;3;3;1;1;1;1;1;1;1;1;1;1;1;1;3
2023-06-01;"60+";7;7;7;7;7;7;7;7;7;7;7;7;31;31;31;31;31;31;31;31;31;31;31;31;1;1;1;1;1;1;1;1;1;1;1;7;31
2023-06-01;"alle";8;8;8;8;8;8;8;8;8;8;8;8;34;34;34;34;34;34;34;34;34;34;34;34;NA;NA;NA;NA;NA;NA;NA;NA;NA;NA;NA;8;34
2023-05-31;"0-60";1;1;1;1;1;1;1;1;1;1;1;1;3;3;3;3;3;3;3;3;3;3;3;3;1;1;1;1;1;1;1;1;1;1;1;1;3
2023-05-31;"60+";10;10;10;10;10;10;10;10;10;10;10;10;30;30;30;30;30;30;30;30;30;30;30;30;1;1;1;1;1;1;1;1;1;1;1;10;30
2023-05-31;"alle";11;11;11;11;11;11;11;11;11;11;11;11;33;33;33;33;33;33;33;33;33;33;33;33;NA;NA;NA;NA;NA;NA;NA;NA;NA;NA;NA;11;33
2023-05-30;"0-60";0;0;0;0;0;0;0;0;0;0;0;0;3;3;3;3;3;3;3;3;3;3;3;3;1;1;1;1;1;1;1;1;1;1;1;0;3
2023-05-30;"60+";3;3;3;3;3;3;3;3;3;3;3;3;32;32;32;32;32;32;32;32;32;32;32;32;1;1;1;1;1;1;1;1;1;1;1;3;32
2023-05-30;"alle";3;3;3;3;3;3;3;3;3;3;3;3;35;35;35;35;35;35;35;35;35;35;35;35;NA;NA;NA;NA;NA;NA;NA;NA;NA;NA;NA;3;35
2023-05-29;"0-60";0;0;0;0;0;0;0;0;0;0;0;0;6;6;6;6;6;6;6;6;6;6;6;6;1;1;1;1;1;1;1;1;1;1;1;0;6
2023-05-29;"60+";0;0;0;0;0;0;0;0;0;0;0;0;52;52;52;52;52;52;52;52;52;52;52;52;1;1;1;1;1;1;1;1;1;1;1;0;52
2023-05-29;"alle";0;0;0;0;0;0;0;0;0;0;0;0;58;58;58;58;58;58;58;58;58;58;58;58;NA;NA;NA;NA;NA;NA;NA;NA;NA;NA;NA;0;58
2023-05-28;"0-60";0;0;0;0;0;0;0;0;0;0;0;0;7;7;7;7;7;7;7;7;7;7;7;7;1;1;1;1;1;1;1;1;1;1;1;0;7
2023-05-28;"60+";2;2;2;2;2;2;2;2;2;2;2;2;57;57;57;57;57;57;57;57;57;57;57;57;1;1;1;1;1;1;1;1;1;1;1;2;57
2023-05-28;"alle";2;2;2;2;2;2;2;2;2;2;2;2;64;64;64;64;64;64;64;64;64;64;64;64;NA;NA;NA;NA;NA;NA;NA;NA;NA;NA;NA;2;64
2023-05-27;"0-60";1;1;1;1;1;1;1;1;1;1;1;1;7;7;7;7;7;7;7;7;7;7;7;7;1;1;1;1;1;1;1;1;1;1;1;1;7
2023-05-27;"60+";3;3;3;3;3;3;3;3;3;3;3;3;55;55;55;55;55;55;55;55;55;55;55;55;1;1;1;1;1;1;1;1;1;1;1;3;55
2023-05-27;"alle";4;4;4;4;4;4;4;4;4;4;4;4;62;62;62;62;62;62;62;62;62;62;62;62;NA;NA;NA;NA;NA;NA;NA;NA;NA;NA;NA;4;62
2023-05-26;"0-60";0;0;0;0;0;0;0;0;0;0;0;0;6;6;6;6;6;6;6;6;6;6;6;6;1;1;1;1;1;1;1;1;1;1;1;0;6
2023-05-26;"60+";6;6;6;6;6;6;6;6;6;6;6;6;58;58;58;58;58;58;58;58;58;58;58;58;1;1;1;1;1;1;1;1;1;1;1;6;58
2023-05-26;"alle";6;6;6;6;6;6;6;6;6;6;6;6;64;64;64;64;64;64;64;64;64;64;64;64;NA;NA;NA;NA;NA;NA;NA;NA;NA;NA;NA;6;64
2023-05-25;"0-60";1;1;1;1;1;1;1;1;1;1;1;1;7;7;7;7;7;7;7;7;7;7;7;7;1;1;1;1;1;1;1;1;1;1;1;1;7
2023-05-25;"60+";6;6;6;6;6;6;6;6;6;6;6;6;54;54;54;54;54;54;54;54;54;54;54;54;1;1;1;1;1;1;1;1;1;1;1;6;54
2023-05-25;"alle";7;7;7;7;7;7;7;7;7;7;7;7;61;61;61;61;61;61;61;61;61;61;61;61;NA;NA;NA;NA;NA;NA;NA;NA;NA;NA;NA;7;61
2023-05-24;"0-60";1;1;1;1;1;1;1;1;1;1;1;1;8;8;8;8;8;8;8;8;8;8;8;8;1;1;1;1;1;1;1;1;1;1;1;1;8
2023-05-24;"60+";12;12;12;12;12;12;12;12;12;12;12;12;61;61;61;61;61;61;61;61;61;61;61;61;1;1;1;1;1;1;1;1;1;1;1;12;61
2023-05-24;"alle";13;13;13;13;13;13;13;13;13;13;13;13;69;69;69;69;69;69;69;69;69;69;69;69;NA;NA;NA;NA;NA;NA;NA;NA;NA;NA;NA;13;69
2023-05-23;"0-60";3;3;3;3;3;3;3;3;3;3;3;3;7;7;7;7;7;7;7;7;7;7;7;7;1;1;1;1;1;1;1;1;1;1;1;3;7
2023-05-23;"60+";23;23;23;23;23;23;23;23;23;23;23;23;58;58;58;58;58;58;58;58;58;58;58;58;1;1;1;1;1;1;1;1;1;1;1;23;58
2023-05-23;"alle";26;26;26;26;26;26;26;26;26;26;26;26;65;65;65;65;65;65;65;65;65;65;65;65;NA;NA;NA;NA;NA;NA;NA;NA;NA;NA;NA;26;65
2023-05-22;"0-60";1;1;1;1;1;1;1;1;1;1;1;1;5;5;5;5;5;5;5;5;5;5;5;5;1;1;1;1;1;1;1;1;1;1;1;1;5
2023-05-22;"60+";5;5;5;5;5;5;5;5;5;5;5;5;56;56;56;56;56;56;56;56;56;56;56;56;1;1;1;1;1;1;1;1;1;1;1;5;56
2023-05-22;"alle";6;6;6;6;6;6;6;6;6;6;6;6;61;61;61;61;61;61;61;61;61;61;61;61;NA;NA;NA;NA;NA;NA;NA;NA;NA;NA;NA;6;61
2023-05-21;"0-60";0;0;0;0;0;0;0;0;0;0;0;0;4;4;4;4;4;4;4;4;4;4;4;4;1;1;1;1;1;1;1;1;1;1;1;0;4
2023-05-21;"60+";0;0;0;0;0;0;0;0;0;0;0;0;56;56;56;56;56;56;56;56;56;56;56;56;1;1;1;1;1;1;1;1;1;1;1;0;56
2023-05-21;"alle";0;0;0;0;0;0;0;0;0;0;0;0;60;60;60;60;60;60;60;60;60;60;60;60;NA;NA;NA;NA;NA;NA;NA;NA;NA;NA;NA;0;60
2023-05-20;"0-60";0;0;0;0;0;0;0;0;0;0;0;0;6;6;6;6;6;6;6;6;6;6;6;6;1;1;1;1;1;1;1;1;1;1;1;0;6
2023-05-20;"60+";6;6;6;6;6;6;6;6;6;6;6;6;59;59;59;59;59;59;59;59;59;59;59;59;1;1;1;1;1;1;1;1;1;1;1;6;59
2023-05-20;"alle";6;6;6;6;6;6;6;6;6;6;6;6;65;65;65;65;65;65;65;65;65;65;65;65;NA;NA;NA;NA;NA;NA;NA;NA;NA;NA;NA;6;65
2023-05-19;"0-60";1;1;1;1;1;1;1;1;1;1;1;1;7;7;7;7;7;7;7;7;7;7;7;7;1;1;1;1;1;1;1;1;1;1;1;1;7
2023-05-19;"60+";2;2;2;2;2;2;2;2;2;2;2;2;62;62;62;62;62;62;62;62;62;62;62;62;1;1;1;1;1;1;1;1;1;1;1;2;62
2023-05-19;"alle";3;3;3;3;3;3;3;3;3;3;3;3;69;69;69;69;69;69;69;69;69;69;69;69;NA;NA;NA;NA;NA;NA;NA;NA;NA;NA;NA;3;69
2023-05-18;"0-60";2;2;2;2;2;2;2;2;2;2;2;2;10;10;10;10;10;10;10;10;10;10;10;10;1;1;1;1;1;1;1;1;1;1;1;2;10
2023-05-18;"60+";13;13;13;13;13;13;13;13;13;13;13;13;72;72;72;72;72;72;72;72;72;72;72;72;1;1;1;1;1;1;1;1;1;1;1;13;72
2023-05-18;"alle";15;15;15;15;15;15;15;15;15;15;15;15;82;82;82;82;82;82;82;82;82;82;82;82;NA;NA;NA;NA;NA;NA;NA;NA;NA;NA;NA;15;82
2023-05-17;"0-60";0;0;0;0;0;0;0;0;0;0;0;0;10;10;10;10;10;10;10;10;10;10;10;10;1;1;1;1;1;1;1;1;1;1;1;0;10
2023-05-17;"60+";9;9;9;9;9;9;9;9;9;9;9;9;63;63;63;63;63;63;63;63;63;63;63;63;1;1;1;1;1;1;1;1;1;1;1;9;63
2023-05-17;"alle";9;9;9;9;9;9;9;9;9;9;9;9;73;73;73;73;73;73;73;73;73;73;73;73;NA;NA;NA;NA;NA;NA;NA;NA;NA;NA;NA;9;73
2023-05-16;"0-60";1;1;1;1;1;1;1;1;1;1;1;1;14;14;14;14;14;14;14;14;14;14;14;14;1;1;1;1;1;1;1;1;1;1;1;1;14
2023-05-16;"60+";21;21;21;21;21;21;21;21;21;21;21;21;66;66;66;66;66;66;66;66;66;66;66;66;1;1;1;1;1;1;1;1;1;1;1;21;66
2023-05-16;"alle";22;22;22;22;22;22;22;22;22;22;22;22;80;80;80;80;80;80;80;80;80;80;80;80;NA;NA;NA;NA;NA;NA;NA;NA;NA;NA;NA;22;80
2023-05-15;"0-60";0;0;0;0;0;0;0;0;0;0;0;0;15;15;15;15;15;15;15;15;15;15;15;15;1;1;1;1;1;1;1;1;1;1;1;0;15
2023-05-15;"60+";5;5;5;5;5;5;5;5;5;5;5;5;57;57;57;57;57;57;57;57;57;57;57;57;1;1;1;1;1;1;1;1;1;1;1;5;56
2023-05-15;"alle";5;5;5;5;5;5;5;5;5;5;5;5;72;72;72;72;72;72;72;72;72;72;72;72;NA;NA;NA;NA;NA;NA;NA;NA;NA;NA;NA;5;71
2023-05-14;"0-60";2;2;2;2;2;2;2;2;2;2;2;2;17;17;17;17;17;17;17;17;17;17;17;17;1;1;1;1;1;1;1;1;1;1;1;2;17
2023-05-14;"60+";3;3;3;3;3;3;3;3;3;3;3;3;61;61;61;61;61;61;61;61;61;61;61;61;1;1;1;1;1;1;1;1;1;1;1;3;59
2023-05-14;"alle";5;5;5;5;5;5;5;5;5;5;5;5;78;78;78;78;78;78;78;78;78;78;78;78;NA;NA;NA;NA;NA;NA;NA;NA;NA;NA;NA;5;76
2023-05-13;"0-60";1;1;1;1;1;1;1;1;1;1;1;1;15;15;15;15;15;15;15;15;15;15;15;15;1;1;1;1;1;1;1;1;1;1;1;1;15
2023-05-13;"60+";9;9;9;9;9;9;9;9;9;9;9;9;65;65;65;65;65;65;65;65;65;65;65;65;1;1;1;1;1;1;1;1;1;1;1;9;63
2023-05-13;"alle";10;10;10;10;10;10;10;10;10;10;10;10;80;80;80;80;80;80;80;80;80;80;80;80;NA;NA;NA;NA;NA;NA;NA;NA;NA;NA;NA;10;78
2023-05-12;"0-60";4;4;4;4;4;4;4;4;4;4;4;4;17;17;17;17;17;17;17;17;17;17;17;17;1;1;1;1;1;1;1;1;1;1;1;4;17
2023-05-12;"60+";12;12;12;12;12;12;12;12;12;12;12;12;75;75;75;75;75;75;75;75;75;75;75;75;1;1;1;1;1;1;1;1;1;1;1;12;73
2023-05-12;"alle";16;16;16;16;16;16;16;16;16;16;16;16;92;92;92;92;92;92;92;92;92;92;92;92;NA;NA;NA;NA;NA;NA;NA;NA;NA;NA;NA;16;90
2023-05-11;"0-60";2;2;2;2;2;2;2;2;2;2;2;2;16;16;16;16;16;16;16;16;16;16;16;16;1;1;1;1;1;1;1;1;1;1;1;2;16
2023-05-11;"60+";4;4;4;4;4;4;4;4;4;4;4;4;85;85;85;85;85;85;85;85;85;85;85;85;1;1;1;1;1;1;1;1;1;1;1;4;83
2023-05-11;"alle";6;6;6;6;6;6;6;6;6;6;6;6;101;101;101;101;101;101;101;101;101;101;101;101;NA;NA;NA;NA;NA;NA;NA;NA;NA;NA;NA;6;99
2023-05-10;"0-60";4;4;4;4;4;4;4;4;4;4;4;4;15;15;15;15;15;15;15;15;15;15;15;15;1;1;1;1;1;1;1;1;1;1;1;4;15
2023-05-10;"60+";12;12;12;12;12;12;12;12;12;12;12;12;93;93;93;93;93;93;93;93;93;93;93;93;1;1;1;1;1;1;1;1;1;1;1;12;91
2023-05-10;"alle";16;16;16;16;16;16;16;16;16;16;16;16;108;108;108;108;108;108;108;108;108;108;108;108;NA;NA;NA;NA;NA;NA;NA;NA;NA;NA;NA;16;106
2023-05-09;"0-60";2;2;2;2;2;2;2;2;2;2;2;2;23;23;23;23;23;23;23;23;23;23;23;23;1;1;1;1;1;1;1;1;1;1;1;2;22
2023-05-09;"60+";12;12;12;12;12;12;12;12;12;12;12;12;120;120;120;120;120;120;120;120;120;120;120;120;1;1;1;1;1;1;1;1;1;1;1;11;118
2023-05-09;"alle";14;14;14;14;14;14;14;14;14;14;14;14;143;143;143;143;143;143;143;143;143;143;143;143;NA;NA;NA;NA;NA;NA;NA;NA;NA;NA;NA;13;140
2023-05-08;"0-60";2;2;2;2;2;2;2;2;2;2;2;2;22;22;22;22;22;22;22;22;22;22;22;22;1;1;1;1;1;1;1;1;1;1;1;2;21
2023-05-08;"60+";9;9;9;9;9;9;9;9;9;9;9;9;121;121;121;121;121;121;121;121;121;121;121;121;1;1;1;1;1;1;1;1;1;1;1;8;120
2023-05-08;"alle";11;11;11;11;11;11;11;11;11;11;11;11;143;143;143;143;143;143;143;143;143;143;143;143;NA;NA;NA;NA;NA;NA;NA;NA;NA;NA;NA;10;141
2023-05-07;"0-60";0;0;0;0;0;0;0;0;0;0;0;0;20;20;20;20;20;20;20;20;20;20;20;20;1;1;1;1;1;1;1;1;1;1;1;0;19
2023-05-07;"60+";7;7;7;7;7;7;7;7;7;7;7;7;121;121;121;121;121;121;121;121;121;121;121;121;1;1;1;1;1;1;1;1;1;1;1;7;121
2023-05-07;"alle";7;7;7;7;7;7;7;7;7;7;7;7;141;141;141;141;141;141;141;141;141;141;141;141;NA;NA;NA;NA;NA;NA;NA;NA;NA;NA;NA;7;140
2023-05-06;"0-60";3;3;3;3;3;3;3;3;3;3;3;3;22;22;22;22;22;22;22;22;22;22;22;22;1;1;1;1;1;1;1;1;1;1;1;3;21
2023-05-06;"60+";19;19;19;19;19;19;19;19;19;19;19;19;124;124;124;124;124;124;124;124;124;124;124;124;1;1;1;1;1;1;1;1;1;1;1;19;124
2023-05-06;"alle";22;22;22;22;22;22;22;22;22;22;22;22;146;146;146;146;146;146;146;146;146;146;146;146;NA;NA;NA;NA;NA;NA;NA;NA;NA;NA;NA;22;145
2023-05-05;"0-60";3;3;3;3;3;3;3;3;3;3;3;3;20;20;20;20;20;20;20;20;20;20;20;20;1;1;1;1;1;1;1;1;1;1;1;3;19
2023-05-05;"60+";22;22;22;22;22;22;22;22;22;22;22;22;118;118;118;118;118;118;118;118;118;118;118;118;1;1;1;1;1;1;1;1;1;1;1;22;118
2023-05-05;"alle";25;25;25;25;25;25;25;25;25;25;25;25;138;138;138;138;138;138;138;138;138;138;138;138;NA;NA;NA;NA;NA;NA;NA;NA;NA;NA;NA;25;137
2023-05-04;"0-60";1;1;1;1;1;1;1;1;1;1;1;1;19;19;19;19;19;19;19;19;19;19;19;19;1;1;1;1;1;1;1;1;1;1;1;1;18
2023-05-04;"60+";12;12;12;12;12;12;12;12;12;12;12;12;108;108;108;108;108;108;108;108;108;108;108;108;1;1;1;1;1;1;1;1;1;1;1;12;108
2023-05-04;"alle";13;13;13;13;13;13;13;13;13;13;13;13;127;127;127;127;127;127;127;127;127;127;127;127;NA;NA;NA;NA;NA;NA;NA;NA;NA;NA;NA;13;126
2023-05-03;"0-60";12;12;12;12;12;12;12;12;12;12;12;12;24;24;24;24;24;24;24;24;24;24;24;24;1;1;1;1;1;1;1;1;1;1;1;11;23
2023-05-03;"60+";39;39;39;39;39;39;39;39;39;39;39;39;107;107;107;107;107;107;107;107;107;107;107;107;1;1;1;1;1;1;1;1;1;1;1;39;107
2023-05-03;"alle";51;51;51;51;51;51;51;51;51;51;51;51;131;131;131;131;131;131;131;131;131;131;131;131;NA;NA;NA;NA;NA;NA;NA;NA;NA;NA;NA;50;130
2023-05-02;"0-60";1;1;1;1;1;1;1;1;1;1;1;1;17;17;17;17;17;17;17;17;17;17;17;17;1;1;1;1;1;1;1;1;1;1;1;1;17
2023-05-02;"60+";13;13;13;13;13;13;13;13;13;13;13;13;100;100;100;100;100;100;100;100;100;100;100;100;1;1;1;1;1;1;1;1;1;1;1;13;100
2023-05-02;"alle";14;14;14;14;14;14;14;14;14;14;14;14;117;117;117;117;117;117;117;117;117;117;117;117;NA;NA;NA;NA;NA;NA;NA;NA;NA;NA;NA;14;117
2023-05-01;"0-60";0;0;0;0;0;0;0;0;0;0;0;0;20;20;20;20;20;20;20;20;20;20;20;20;1;1;1;1;1;1;1;1;1;1;1;0;20
2023-05-01;"60+";9;9;9;9;9;9;9;9;9;9;9;9;133;133;133;133;133;133;133;133;133;133;133;133;1;1;1;1;1;1;1;1;1;1;1;9;133
2023-05-01;"alle";9;9;9;9;9;9;9;9;9;9;9;9;153;153;153;153;153;153;153;153;153;153;153;153;NA;NA;NA;NA;NA;NA;NA;NA;NA;NA;NA;9;153
2023-04-30;"0-60";2;2;2;2;2;2;2;2;2;2;2;2;22;22;22;22;22;22;22;22;22;22;22;22;1;1;1;1;1;1;1;1;1;1;1;2;22
2023-04-30;"60+";10;10;10;10;10;10;10;10;10;10;10;10;132;132;132;132;132;132;132;132;132;132;132;132;1;1;1;1;1;1;1;1;1;1;1;10;131
2023-04-30;"alle";12;12;12;12;12;12;12;12;12;12;12;12;154;154;154;154;154;154;154;154;154;154;154;154;NA;NA;NA;NA;NA;NA;NA;NA;NA;NA;NA;12;153
2023-04-29;"0-60";1;1;1;1;1;1;1;1;1;1;1;1;23;23;23;23;23;23;23;23;23;23;23;23;1;1;1;1;1;1;1;1;1;1;1;1;23
2023-04-29;"60+";13;13;13;13;13;13;13;13;13;13;13;13;127;127;127;127;127;127;127;127;127;127;127;127;1;1;1;1;1;1;1;1;1;1;1;13;126
2023-04-29;"alle";14;14;14;14;14;14;14;14;14;14;14;14;150;150;150;150;150;150;150;150;150;150;150;150;NA;NA;NA;NA;NA;NA;NA;NA;NA;NA;NA;14;149
2023-04-28;"0-60";2;2;2;2;2;2;2;2;2;2;2;2;28;28;28;28;28;28;28;28;28;28;28;28;1;1;1;1;1;1;1;1;1;1;1;2;28
2023-04-28;"60+";12;12;12;12;12;12;12;12;12;12;12;12;141;141;141;141;141;141;141;141;141;141;141;141;1;1;1;1;1;1;1;1;1;1;1;12;140
2023-04-28;"alle";14;14;14;14;14;14;14;14;14;14;14;14;169;169;169;169;169;169;169;169;169;169;169;169;NA;NA;NA;NA;NA;NA;NA;NA;NA;NA;NA;14;168
2023-04-27;"0-60";6;6;6;6;6;6;6;6;6;6;6;6;33;33;33;33;33;33;33;33;33;33;33;33;1;1;1;1;1;1;1;1;1;1;1;6;33
2023-04-27;"60+";11;11;11;11;11;11;11;11;11;11;11;11;150;150;150;150;150;150;150;150;150;150;150;150;1;1;1;1;1;1;1;1;1;1;1;11;148
2023-04-27;"alle";17;17;17;17;17;17;17;17;17;17;17;17;183;183;183;183;183;183;183;183;183;183;183;183;NA;NA;NA;NA;NA;NA;NA;NA;NA;NA;NA;17;181
2023-04-26;"0-60";5;5;5;5;5;5;5;5;5;5;5;5;30;30;30;30;30;30;30;30;30;30;30;30;1;1;1;1;1;1;1;1;1;1;1;5;30
2023-04-26;"60+";32;32;32;32;32;32;32;32;32;32;32;32;162;162;162;162;162;162;162;162;162;162;162;162;1;1;1;1;1;1;1;1;1;1;1;32;159
2023-04-26;"alle";37;37;37;37;37;37;37;37;37;37;37;37;192;192;192;192;192;192;192;192;192;192;192;192;NA;NA;NA;NA;NA;NA;NA;NA;NA;NA;NA;37;189
2023-04-25;"0-60";4;4;4;4;4;4;4;4;4;4;4;4;29;29;29;29;29;29;29;29;29;29;29;29;1;1;1;1;1;1;1;1;1;1;1;4;29
2023-04-25;"60+";46;46;46;46;46;46;46;46;46;46;46;46;167;167;167;167;167;167;167;167;167;167;167;167;1;1;1;1;1;1;1;1;1;1;1;46;163
2023-04-25;"alle";50;50;50;50;50;50;50;50;50;50;50;50;196;196;196;196;196;196;196;196;196;196;196;196;NA;NA;NA;NA;NA;NA;NA;NA;NA;NA;NA;50;192
2023-04-24;"0-60";2;2;2;2;2;2;2;2;2;2;2;2;37;37;37;37;37;37;37;37;37;37;37;37;1;1;1;1;1;1;1;1;1;1;1;2;37
2023-04-24;"60+";8;8;8;8;8;8;8;8;8;8;8;8;177;177;177;177;177;177;177;177;177;177;177;177;1;1;1;1;1;1;1;1;1;1;1;7;173
2023-04-24;"alle";10;10;10;10;10;10;10;10;10;10;10;10;214;214;214;214;214;214;214;214;214;214;214;214;NA;NA;NA;NA;NA;NA;NA;NA;NA;NA;NA;9;210
2023-04-23;"0-60";3;3;3;3;3;3;3;3;3;3;3;3;37;37;37;37;37;37;37;37;37;37;37;37;1;1;1;1;1;1;1;1;1;1;1;3;37
2023-04-23;"60+";5;5;5;5;5;5;5;5;5;5;5;5;182;182;182;182;182;182;182;182;182;182;182;182;1;1;1;1;1;1;1;1;1;1;1;5;179
2023-04-23;"alle";8;8;8;8;8;8;8;8;8;8;8;8;219;219;219;219;219;219;219;219;219;219;219;219;NA;NA;NA;NA;NA;NA;NA;NA;NA;NA;NA;8;216
2023-04-22;"0-60";6;6;6;6;6;6;6;6;6;6;6;6;36;36;36;36;36;36;36;36;36;36;36;36;1;1;1;1;1;1;1;1;1;1;1;6;36
2023-04-22;"60+";27;27;27;27;27;27;27;27;27;27;27;27;189;189;189;189;189;189;189;189;189;189;189;189;1;1;1;1;1;1;1;1;1;1;1;27;186
2023-04-22;"alle";33;33;33;33;33;33;33;33;33;33;33;33;225;225;225;225;225;225;225;225;225;225;225;225;NA;NA;NA;NA;NA;NA;NA;NA;NA;NA;NA;33;222
2023-04-21;"0-60";7;7;7;7;7;7;7;7;7;7;7;7;35;35;35;35;35;35;35;35;35;35;35;35;1;1;1;1;1;1;1;1;1;1;1;7;35
2023-04-21;"60+";21;21;21;21;21;21;21;21;21;21;21;21;190;190;190;190;190;190;190;190;190;190;190;190;1;1;1;1;1;1;1;1;1;1;1;20;187
2023-04-21;"alle";28;28;28;28;28;28;28;28;28;28;28;28;225;225;225;225;225;225;225;225;225;225;225;225;NA;NA;NA;NA;NA;NA;NA;NA;NA;NA;NA;27;222
2023-04-20;"0-60";3;3;3;3;3;3;3;3;3;3;3;3;33;33;33;33;33;33;33;33;33;33;33;33;1;1;1;1;1;1;1;1;1;1;1;3;33
2023-04-20;"60+";23;23;23;23;23;23;23;23;23;23;23;23;203;203;203;203;203;203;203;203;203;203;203;203;1;1;1;1;1;1;1;1;1;1;1;22;201
2023-04-20;"alle";26;26;26;26;26;26;26;26;26;26;26;26;236;236;236;236;236;236;236;236;236;236;236;236;NA;NA;NA;NA;NA;NA;NA;NA;NA;NA;NA;25;234
2023-04-19;"0-60";4;4;4;4;4;4;4;4;4;4;4;4;41;41;41;41;41;41;41;41;41;41;41;41;1;1;1;1;1;1;1;1;1;1;1;4;39
2023-04-19;"60+";37;37;37;37;37;37;37;37;37;37;37;37;218;218;218;218;218;218;218;218;218;218;218;218;1;1;1;1;1;1;1;1;1;1;1;36;217
2023-04-19;"alle";41;41;41;41;41;41;41;41;41;41;41;41;259;259;259;259;259;259;259;259;259;259;259;259;NA;NA;NA;NA;NA;NA;NA;NA;NA;NA;NA;40;256
2023-04-18;"0-60";12;12;12;12;12;12;12;12;12;12;12;12;55;55;55;55;55;55;55;55;55;55;55;55;1;1;1;1;1;1;1;1;1;1;1;12;52
2023-04-18;"60+";56;56;56;56;56;56;56;56;56;56;56;56;274;274;274;274;274;274;274;274;274;274;274;274;1;1;1;1;1;1;1;1;1;1;1;56;273
2023-04-18;"alle";68;68;68;68;68;68;68;68;68;68;68;68;329;329;329;329;329;329;329;329;329;329;329;329;NA;NA;NA;NA;NA;NA;NA;NA;NA;NA;NA;68;325
2023-04-17;"0-60";2;2;2;2;2;2;2;2;2;2;2;2;44;44;44;44;44;44;44;44;44;44;44;44;1;1;1;1;1;1;1;1;1;1;1;2;41
2023-04-17;"60+";13;13;13;13;13;13;13;13;13;13;13;13;229;229;229;229;229;229;229;229;229;229;229;229;1;1;1;1;1;1;1;1;1;1;1;13;228
2023-04-17;"alle";15;15;15;15;15;15;15;15;15;15;15;15;273;273;273;273;273;273;273;273;273;273;273;273;NA;NA;NA;NA;NA;NA;NA;NA;NA;NA;NA;15;269
2023-04-16;"0-60";2;2;2;2;2;2;2;2;2;2;2;2;43;43;43;43;43;43;43;43;43;43;43;43;1;1;1;1;1;1;1;1;1;1;1;2;40
2023-04-16;"60+";12;12;12;12;12;12;12;12;12;12;12;12;220;220;220;220;220;220;220;220;220;220;220;220;1;1;1;1;1;1;1;1;1;1;1;12;219
2023-04-16;"alle";14;14;14;14;14;14;14;14;14;14;14;14;263;263;263;263;263;263;263;263;263;263;263;263;NA;NA;NA;NA;NA;NA;NA;NA;NA;NA;NA;14;259
2023-04-15;"0-60";5;5;5;5;5;5;5;5;5;5;5;5;43;43;43;43;43;43;43;43;43;43;43;43;1;1;1;1;1;1;1;1;1;1;1;5;40
2023-04-15;"60+";28;28;28;28;28;28;28;28;28;28;28;28;217;217;217;217;217;217;217;217;217;217;217;217;1;1;1;1;1;1;1;1;1;1;1;28;216
2023-04-15;"alle";33;33;33;33;33;33;33;33;33;33;33;33;260;260;260;260;260;260;260;260;260;260;260;260;NA;NA;NA;NA;NA;NA;NA;NA;NA;NA;NA;33;256
2023-04-14;"0-60";5;5;5;5;5;5;5;5;5;5;5;5;38;38;38;38;38;38;38;38;38;38;38;38;1;1;1;1;1;1;1;1;1;1;1;5;35
2023-04-14;"60+";34;34;34;34;34;34;34;34;34;34;34;34;198;198;198;198;198;198;198;198;198;198;198;198;1;1;1;1;1;1;1;1;1;1;1;34;197
2023-04-14;"alle";39;39;39;39;39;39;39;39;39;39;39;39;236;236;236;236;236;236;236;236;236;236;236;236;NA;NA;NA;NA;NA;NA;NA;NA;NA;NA;NA;39;232
2023-04-13;"0-60";11;11;11;11;11;11;11;11;11;11;11;11;43;43;43;43;43;43;43;43;43;43;43;43;1;1;1;1;1;1;1;1;1;1;1;9;40
2023-04-13;"60+";38;38;38;38;38;38;38;38;38;38;38;38;192;192;192;192;192;192;192;192;192;192;192;192;1;1;1;1;1;1;1;1;1;1;1;38;191
2023-04-13;"alle";49;49;49;49;49;49;49;49;49;49;49;49;235;235;235;235;235;235;235;235;235;235;235;235;NA;NA;NA;NA;NA;NA;NA;NA;NA;NA;NA;47;231
2023-04-12;"0-60";18;18;18;18;18;18;18;18;18;18;18;18;35;35;35;35;35;35;35;35;35;35;35;35;1;1;1;1;1;1;1;1;1;1;1;17;33
2023-04-12;"60+";93;93;93;93;93;93;93;93;93;93;93;93;184;184;184;184;184;184;184;184;184;184;184;184;1;1;1;1;1;1;1;1;1;1;1;92;183
2023-04-12;"alle";111;111;111;111;111;111;111;111;111;111;111;111;219;219;219;219;219;219;219;219;219;219;219;219;NA;NA;NA;NA;NA;NA;NA;NA;NA;NA;NA;109;216
2023-04-11;"0-60";1;1;1;1;1;1;1;1;1;1;1;1;32;32;32;32;32;32;32;32;32;32;32;32;1;1;1;1;1;1;1;1;1;1;1;1;31
2023-04-11;"60+";11;11;11;11;11;11;11;11;11;11;11;11;138;138;138;138;138;138;138;138;138;138;138;138;1;1;1;1;1;1;1;1;1;1;1;11;138
2023-04-11;"alle";12;12;12;12;12;12;12;12;12;12;12;12;170;170;170;170;170;170;170;170;170;170;170;170;NA;NA;NA;NA;NA;NA;NA;NA;NA;NA;NA;12;169
2023-04-10;"0-60";1;1;1;1;1;1;1;1;1;1;1;1;50;50;50;50;50;50;50;50;50;50;50;50;1;1;1;1;1;1;1;1;1;1;1;1;48
2023-04-10;"60+";4;4;4;4;4;4;4;4;4;4;4;4;196;196;196;196;196;196;196;196;196;196;196;196;1;1;1;1;1;1;1;1;1;1;1;4;196
2023-04-10;"alle";5;5;5;5;5;5;5;5;5;5;5;5;246;246;246;246;246;246;246;246;246;246;246;246;NA;NA;NA;NA;NA;NA;NA;NA;NA;NA;NA;5;244
2023-04-09;"0-60";2;2;2;2;2;2;2;2;2;2;2;2;51;51;51;51;51;51;51;51;51;51;51;51;1;1;1;1;1;1;1;1;1;1;1;2;49
2023-04-09;"60+";9;9;9;9;9;9;9;9;9;9;9;9;204;204;204;204;204;204;204;204;204;204;204;204;1;1;1;1;1;1;1;1;1;1;1;9;204
2023-04-09;"alle";11;11;11;11;11;11;11;11;11;11;11;11;255;255;255;255;255;255;255;255;255;255;255;255;NA;NA;NA;NA;NA;NA;NA;NA;NA;NA;NA;11;253
2023-04-08;"0-60";0;0;0;0;0;0;0;0;0;0;0;0;52;52;52;52;52;52;52;52;52;52;52;52;1;1;1;1;1;1;1;1;1;1;1;0;50
2023-04-08;"60+";9;9;9;9;9;9;9;9;9;9;9;9;227;227;227;227;227;227;227;227;227;227;227;227;1;1;1;1;1;1;1;1;1;1;1;9;227
2023-04-08;"alle";9;9;9;9;9;9;9;9;9;9;9;9;279;279;279;279;279;279;279;279;279;279;279;279;NA;NA;NA;NA;NA;NA;NA;NA;NA;NA;NA;9;277
2023-04-07;"0-60";10;10;10;10;10;10;10;10;10;10;10;10;61;61;61;61;61;61;61;61;61;61;61;61;1;1;1;1;1;1;1;1;1;1;1;10;59
2023-04-07;"60+";28;28;28;28;28;28;28;28;28;28;28;28;236;236;236;236;236;236;236;236;236;236;236;236;1;1;1;1;1;1;1;1;1;1;1;28;236
2023-04-07;"alle";38;38;38;38;38;38;38;38;38;38;38;38;297;297;297;297;297;297;297;297;297;297;297;297;NA;NA;NA;NA;NA;NA;NA;NA;NA;NA;NA;38;295
2023-04-06;"0-60";3;3;3;3;3;3;3;3;3;3;3;3;61;61;61;61;61;61;61;61;61;61;61;61;1;1;1;1;1;1;1;1;1;1;1;2;58
2023-04-06;"60+";30;30;30;30;30;30;30;30;30;30;30;30;258;258;258;258;258;258;258;258;258;258;258;258;1;1;1;1;1;1;1;1;1;1;1;30;257
2023-04-06;"alle";33;33;33;33;33;33;33;33;33;33;33;33;319;319;319;319;319;319;319;319;319;319;319;319;NA;NA;NA;NA;NA;NA;NA;NA;NA;NA;NA;32;315
2023-04-05;"0-60";15;15;15;15;15;15;15;15;15;15;15;15;64;64;64;64;64;64;64;64;64;64;64;64;1;1;1;1;1;1;1;1;1;1;1;15;62
2023-04-05;"60+";47;47;47;47;47;47;47;47;47;47;47;47;264;264;264;264;264;264;264;264;264;264;264;264;1;1;1;1;1;1;1;1;1;1;1;47;263
2023-04-05;"alle";62;62;62;62;62;62;62;62;62;62;62;62;328;328;328;328;328;328;328;328;328;328;328;328;NA;NA;NA;NA;NA;NA;NA;NA;NA;NA;NA;62;325
2023-04-04;"0-60";19;19;19;19;19;19;19;19;19;19;19;19;60;60;60;60;60;60;60;60;60;60;60;60;1;1;1;1;1;1;1;1;1;1;1;18;58
2023-04-04;"60+";69;69;69;69;69;69;69;69;69;69;69;69;277;277;277;277;277;277;277;277;277;277;277;277;1;1;1;1;1;1;1;1;1;1;1;69;276
2023-04-04;"alle";88;88;88;88;88;88;88;88;88;88;88;88;337;337;337;337;337;337;337;337;337;337;337;337;NA;NA;NA;NA;NA;NA;NA;NA;NA;NA;NA;87;334
2023-04-03;"0-60";2;2;2;2;2;2;2;2;2;2;2;2;56;56;56;56;56;56;56;56;56;56;56;56;1;1;1;1;1;1;1;1;1;1;1;2;55
2023-04-03;"60+";12;12;12;12;12;12;12;12;12;12;12;12;293;293;293;293;293;293;293;293;293;293;293;293;1;1;1;1;1;1;1;1;1;1;1;12;290
2023-04-03;"alle";14;14;14;14;14;14;14;14;14;14;14;14;349;349;349;349;349;349;349;349;349;349;349;349;NA;NA;NA;NA;NA;NA;NA;NA;NA;NA;NA;14;345
2023-04-02;"0-60";3;3;3;3;3;3;3;3;3;3;3;3;58;58;58;58;58;58;58;58;58;58;58;58;1;1;1;1;1;1;1;1;1;1;1;3;57
2023-04-02;"60+";32;32;32;32;32;32;32;32;32;32;32;32;309;309;309;309;309;309;309;309;309;309;309;309;1;1;1;1;1;1;1;1;1;1;1;32;306
2023-04-02;"alle";35;35;35;35;35;35;35;35;35;35;35;35;367;367;367;367;367;367;367;367;367;367;367;367;NA;NA;NA;NA;NA;NA;NA;NA;NA;NA;NA;35;363
2023-04-01;"0-60";9;9;9;9;9;9;9;9;9;9;9;9;60;60;60;60;60;60;60;60;60;60;60;60;1;1;1;1;1;1;1;1;1;1;1;9;59
2023-04-01;"60+";18;18;18;18;18;18;18;18;18;18;18;18;294;294;294;294;294;294;294;294;294;294;294;294;1;1;1;1;1;1;1;1;1;1;1;18;291
2023-04-01;"alle";27;27;27;27;27;27;27;27;27;27;27;27;354;354;354;354;354;354;354;354;354;354;354;354;NA;NA;NA;NA;NA;NA;NA;NA;NA;NA;NA;27;350
2023-03-31;"0-60";10;10;10;10;10;10;10;10;10;10;10;10;61;61;61;61;61;61;61;61;61;61;61;61;1;1;1;1;1;1;1;1;1;1;1;9;60
2023-03-31;"60+";50;50;50;50;50;50;50;50;50;50;50;50;316;316;316;316;316;316;316;316;316;316;316;316;1;1;1;1;1;1;1;1;1;1;1;49;312
2023-03-31;"alle";60;60;60;60;60;60;60;60;60;60;60;60;377;377;377;377;377;377;377;377;377;377;377;377;NA;NA;NA;NA;NA;NA;NA;NA;NA;NA;NA;58;372
2023-03-30;"0-60";6;6;6;6;6;6;6;6;6;6;6;6;57;57;57;57;57;57;57;57;57;57;57;57;1;1;1;1;1;1;1;1;1;1;1;6;57
2023-03-30;"60+";36;36;36;36;36;36;36;36;36;36;36;36;329;329;329;329;329;329;329;329;329;329;329;329;1;1;1;1;1;1;1;1;1;1;1;36;324
2023-03-30;"alle";42;42;42;42;42;42;42;42;42;42;42;42;386;386;386;386;386;386;386;386;386;386;386;386;NA;NA;NA;NA;NA;NA;NA;NA;NA;NA;NA;42;381
2023-03-29;"0-60";11;11;11;11;11;11;11;11;11;11;11;11;56;56;56;56;56;56;56;56;56;56;56;56;1;1;1;1;1;1;1;1;1;1;1;11;56
2023-03-29;"60+";60;60;60;60;60;60;60;60;60;60;60;60;345;345;345;345;345;345;345;345;345;345;345;345;1;1;1;1;1;1;1;1;1;1;1;60;337
2023-03-29;"alle";71;71;71;71;71;71;71;71;71;71;71;71;401;401;401;401;401;401;401;401;401;401;401;401;NA;NA;NA;NA;NA;NA;NA;NA;NA;NA;NA;71;393
2023-03-28;"0-60";15;15;15;15;15;15;15;15;15;15;15;15;61;61;61;61;61;61;61;61;61;61;61;61;1;1;1;1;1;1;1;1;1;1;1;15;61
2023-03-28;"60+";85;85;85;85;85;85;85;85;85;85;85;85;331;331;331;331;331;331;331;331;331;331;331;331;1;1;1;1;1;1;1;1;1;1;1;83;321
2023-03-28;"alle";100;100;100;100;100;100;100;100;100;100;100;100;392;392;392;392;392;392;392;392;392;392;392;392;NA;NA;NA;NA;NA;NA;NA;NA;NA;NA;NA;98;382
2023-03-27;"0-60";4;4;4;4;4;4;4;4;4;4;4;4;60;60;60;60;60;60;60;60;60;60;60;60;1;1;1;1;1;1;1;1;1;1;1;4;60
2023-03-27;"60+";28;28;28;28;28;28;28;28;28;28;28;28;358;358;358;358;358;358;358;358;358;358;358;358;1;1;1;1;1;1;1;1;1;1;1;28;348
2023-03-27;"alle";32;32;32;32;32;32;32;32;32;32;32;32;418;418;418;418;418;418;418;418;418;418;418;418;NA;NA;NA;NA;NA;NA;NA;NA;NA;NA;NA;32;408
2023-03-26;"0-60";5;5;5;5;5;5;5;5;5;5;5;5;60;60;60;60;60;60;60;60;60;60;60;60;1;1;1;1;1;1;1;1;1;1;1;5;60
2023-03-26;"60+";17;17;17;17;17;17;17;17;17;17;17;17;361;361;361;361;361;361;361;361;361;361;361;361;1;1;1;1;1;1;1;1;1;1;1;17;348
2023-03-26;"alle";22;22;22;22;22;22;22;22;22;22;22;22;421;421;421;421;421;421;421;421;421;421;421;421;NA;NA;NA;NA;NA;NA;NA;NA;NA;NA;NA;22;408
2023-03-25;"0-60";10;10;10;10;10;10;10;10;10;10;10;10;62;62;62;62;62;62;62;62;62;62;62;62;1;1;1;1;1;1;1;1;1;1;1;10;62
2023-03-25;"60+";40;40;40;40;40;40;40;40;40;40;40;40;362;362;362;362;362;362;362;362;362;362;362;362;1;1;1;1;1;1;1;1;1;1;1;39;348
2023-03-25;"alle";50;50;50;50;50;50;50;50;50;50;50;50;424;424;424;424;424;424;424;424;424;424;424;424;NA;NA;NA;NA;NA;NA;NA;NA;NA;NA;NA;49;410
2023-03-24;"0-60";6;6;6;6;6;6;6;6;6;6;6;6;63;63;63;63;63;63;63;63;63;63;63;63;1;1;1;1;1;1;1;1;1;1;1;6;62
2023-03-24;"60+";63;63;63;63;63;63;63;63;63;63;63;63;372;372;372;372;372;372;372;372;372;372;372;372;1;1;1;1;1;1;1;1;1;1;1;61;358
2023-03-24;"alle";69;69;69;69;69;69;69;69;69;69;69;69;435;435;435;435;435;435;435;435;435;435;435;435;NA;NA;NA;NA;NA;NA;NA;NA;NA;NA;NA;67;420
2023-03-23;"0-60";5;5;5;5;5;5;5;5;5;5;5;5;79;79;79;79;79;79;79;79;79;79;79;79;1;1;1;1;1;1;1;1;1;1;1;5;76
2023-03-23;"60+";52;52;52;52;52;52;52;52;52;52;52;52;371;371;371;371;371;371;371;371;371;371;371;371;1;1;1;1;1;1;1;1;1;1;1;49;357
2023-03-23;"alle";57;57;57;57;57;57;57;57;57;57;57;57;450;450;450;450;450;450;450;450;450;450;450;450;NA;NA;NA;NA;NA;NA;NA;NA;NA;NA;NA;54;433
2023-03-22;"0-60";16;16;16;16;16;16;16;16;16;16;16;16;91;91;91;91;91;91;91;91;91;91;91;91;1;1;1;1;1;1;1;1;1;1;1;16;88
2023-03-22;"60+";46;46;46;46;46;46;46;46;46;46;46;46;384;384;384;384;384;384;384;384;384;384;384;384;1;1;1;1;1;1;1;1;1;1;1;44;368
2023-03-22;"alle";62;62;62;62;62;62;62;62;62;62;62;62;475;475;475;475;475;475;475;475;475;475;475;475;NA;NA;NA;NA;NA;NA;NA;NA;NA;NA;NA;60;456
2023-03-21;"0-60";14;14;14;14;14;14;14;14;14;14;14;14;102;102;102;102;102;102;102;102;102;102;102;102;1;1;1;1;1;1;1;1;1;1;1;14;98
2023-03-21;"60+";112;112;112;112;112;112;112;112;112;112;112;112;417;417;417;417;417;417;417;417;417;417;417;417;1;1;1;1;1;1;1;1;1;1;1;110;401
2023-03-21;"alle";126;126;126;126;126;126;126;126;126;126;126;126;519;519;519;519;519;519;519;519;519;519;519;519;NA;NA;NA;NA;NA;NA;NA;NA;NA;NA;NA;124;499
2023-03-20;"0-60";4;4;4;4;4;4;4;4;4;4;4;4;113;113;113;113;113;113;113;113;113;113;113;113;1;1;1;1;1;1;1;1;1;1;1;4;107
2023-03-20;"60+";31;31;31;31;31;31;31;31;31;31;31;31;390;390;390;390;390;390;390;390;390;390;390;390;1;1;1;1;1;1;1;1;1;1;1;28;373
2023-03-20;"alle";35;35;35;35;35;35;35;35;35;35;35;35;503;503;503;503;503;503;503;503;503;503;503;503;NA;NA;NA;NA;NA;NA;NA;NA;NA;NA;NA;32;480
2023-03-19;"0-60";7;7;7;7;7;7;7;7;7;7;7;7;114;114;114;114;114;114;114;114;114;114;114;114;1;1;1;1;1;1;1;1;1;1;1;7;108
2023-03-19;"60+";18;18;18;18;18;18;18;18;18;18;18;18;386;386;386;386;386;386;386;386;386;386;386;386;1;1;1;1;1;1;1;1;1;1;1;17;371
2023-03-19;"alle";25;25;25;25;25;25;25;25;25;25;25;25;500;500;500;500;500;500;500;500;500;500;500;500;NA;NA;NA;NA;NA;NA;NA;NA;NA;NA;NA;24;479
2023-03-18;"0-60";11;11;11;11;11;11;11;11;11;11;11;11;111;111;111;111;111;111;111;111;111;111;111;111;1;1;1;1;1;1;1;1;1;1;1;10;105
2023-03-18;"60+";50;50;50;50;50;50;50;50;50;50;50;50;385;385;385;385;385;385;385;385;385;385;385;385;1;1;1;1;1;1;1;1;1;1;1;49;371
2023-03-18;"alle";61;61;61;61;61;61;61;61;61;61;61;61;496;496;496;496;496;496;496;496;496;496;496;496;NA;NA;NA;NA;NA;NA;NA;NA;NA;NA;NA;59;476
2023-03-17;"0-60";22;22;22;22;22;22;22;22;22;22;22;22;105;105;105;105;105;105;105;105;105;105;105;105;1;1;1;1;1;1;1;1;1;1;1;20;100
2023-03-17;"60+";62;62;62;62;62;62;62;62;62;62;62;62;377;377;377;377;377;377;377;377;377;377;377;377;1;1;1;1;1;1;1;1;1;1;1;60;364
2023-03-17;"alle";84;84;84;84;84;84;84;84;84;84;84;84;482;482;482;482;482;482;482;482;482;482;482;482;NA;NA;NA;NA;NA;NA;NA;NA;NA;NA;NA;80;464
2023-03-16;"0-60";17;17;17;17;17;17;17;17;17;17;17;17;94;94;94;94;94;94;94;94;94;94;94;94;1;1;1;1;1;1;1;1;1;1;1;17;90
2023-03-16;"60+";65;65;65;65;65;65;65;65;65;65;65;65;343;343;343;343;343;343;343;343;343;343;343;343;1;1;1;1;1;1;1;1;1;1;1;60;331
2023-03-16;"alle";82;82;82;82;82;82;82;82;82;82;82;82;437;437;437;437;437;437;437;437;437;437;437;437;NA;NA;NA;NA;NA;NA;NA;NA;NA;NA;NA;77;421
2023-03-15;"0-60";27;27;27;27;27;27;27;27;27;27;27;27;92;92;92;92;92;92;92;92;92;92;92;92;1;1;1;1;1;1;1;1;1;1;1;26;87
2023-03-15;"60+";79;79;79;79;79;79;79;79;79;79;79;79;325;325;325;325;325;325;325;325;325;325;325;325;1;1;1;1;1;1;1;1;1;1;1;77;316
2023-03-15;"alle";106;106;106;106;106;106;106;106;106;106;106;106;417;417;417;417;417;417;417;417;417;417;417;417;NA;NA;NA;NA;NA;NA;NA;NA;NA;NA;NA;103;403
2023-03-14;"0-60";25;25;25;25;25;25;25;25;25;25;25;25;75;75;75;75;75;75;75;75;75;75;75;75;1;1;1;1;1;1;1;1;1;1;1;23;71
2023-03-14;"60+";85;85;85;85;85;85;85;85;85;85;85;85;293;293;293;293;293;293;293;293;293;293;293;293;1;1;1;1;1;1;1;1;1;1;1;82;286
2023-03-14;"alle";110;110;110;110;110;110;110;110;110;110;110;110;368;368;368;368;368;368;368;368;368;368;368;368;NA;NA;NA;NA;NA;NA;NA;NA;NA;NA;NA;105;357
2023-03-13;"0-60";5;5;5;5;5;5;5;5;5;5;5;5;67;67;67;67;67;67;67;67;67;67;67;67;1;1;1;1;1;1;1;1;1;1;1;5;65
2023-03-13;"60+";27;27;27;27;27;27;27;27;27;27;27;27;271;271;271;271;271;271;271;271;271;271;271;271;1;1;1;1;1;1;1;1;1;1;1;26;265
2023-03-13;"alle";32;32;32;32;32;32;32;32;32;32;32;32;338;338;338;338;338;338;338;338;338;338;338;338;NA;NA;NA;NA;NA;NA;NA;NA;NA;NA;NA;31;330
2023-03-12;"0-60";4;4;4;4;4;4;4;4;4;4;4;4;63;63;63;63;63;63;63;63;63;63;63;63;1;1;1;1;1;1;1;1;1;1;1;4;61
2023-03-12;"60+";17;17;17;17;17;17;17;17;17;17;17;17;261;261;261;261;261;261;261;261;261;261;261;261;1;1;1;1;1;1;1;1;1;1;1;17;255
2023-03-12;"alle";21;21;21;21;21;21;21;21;21;21;21;21;324;324;324;324;324;324;324;324;324;324;324;324;NA;NA;NA;NA;NA;NA;NA;NA;NA;NA;NA;21;316
2023-03-11;"0-60";5;5;5;5;5;5;5;5;5;5;5;5;63;63;63;63;63;63;63;63;63;63;63;63;1;1;1;1;1;1;1;1;1;1;1;5;61
2023-03-11;"60+";42;42;42;42;42;42;42;42;42;42;42;42;255;255;255;255;255;255;255;255;255;255;255;255;1;1;1;1;1;1;1;1;1;1;1;42;249
2023-03-11;"alle";47;47;47;47;47;47;47;47;47;47;47;47;318;318;318;318;318;318;318;318;318;318;318;318;NA;NA;NA;NA;NA;NA;NA;NA;NA;NA;NA;47;310
2023-03-10;"0-60";11;11;11;11;11;11;11;11;11;11;11;11;62;62;62;62;62;62;62;62;62;62;62;62;1;1;1;1;1;1;1;1;1;1;1;10;60
2023-03-10;"60+";28;28;28;28;28;28;28;28;28;28;28;28;251;251;251;251;251;251;251;251;251;251;251;251;1;1;1;1;1;1;1;1;1;1;1;27;244
2023-03-10;"alle";39;39;39;39;39;39;39;39;39;39;39;39;313;313;313;313;313;313;313;313;313;313;313;313;NA;NA;NA;NA;NA;NA;NA;NA;NA;NA;NA;37;304
2023-03-09;"0-60";15;15;15;15;15;15;15;15;15;15;15;15;56;56;56;56;56;56;56;56;56;56;56;56;1;1;1;1;1;1;1;1;1;1;1;14;54
2023-03-09;"60+";47;47;47;47;47;47;47;47;47;47;47;47;249;249;249;249;249;249;249;249;249;249;249;249;1;1;1;1;1;1;1;1;1;1;1;45;240
2023-03-09;"alle";62;62;62;62;62;62;62;62;62;62;62;62;305;305;305;305;305;305;305;305;305;305;305;305;NA;NA;NA;NA;NA;NA;NA;NA;NA;NA;NA;59;294
2023-03-08;"0-60";10;10;10;10;10;10;10;10;10;10;10;10;44;44;44;44;44;44;44;44;44;44;44;44;1;1;1;1;1;1;1;1;1;1;1;10;43
2023-03-08;"60+";47;47;47;47;47;47;47;47;47;47;47;47;236;236;236;236;236;236;236;236;236;236;236;236;1;1;1;1;1;1;1;1;1;1;1;47;228
2023-03-08;"alle";57;57;57;57;57;57;57;57;57;57;57;57;280;280;280;280;280;280;280;280;280;280;280;280;NA;NA;NA;NA;NA;NA;NA;NA;NA;NA;NA;57;271
2023-03-07;"0-60";17;17;17;17;17;17;17;17;17;17;17;17;41;41;41;41;41;41;41;41;41;41;41;41;1;1;1;1;1;1;1;1;1;1;1;17;39
2023-03-07;"60+";63;63;63;63;63;63;63;63;63;63;63;63;240;240;240;240;240;240;240;240;240;240;240;240;1;1;1;1;1;1;1;1;1;1;1;61;230
2023-03-07;"alle";80;80;80;80;80;80;80;80;80;80;80;80;281;281;281;281;281;281;281;281;281;281;281;281;NA;NA;NA;NA;NA;NA;NA;NA;NA;NA;NA;78;269
2023-03-06;"0-60";1;1;1;1;1;1;1;1;1;1;1;1;33;33;33;33;33;33;33;33;33;33;33;33;1;1;1;1;1;1;1;1;1;1;1;1;29
2023-03-06;"60+";17;17;17;17;17;17;17;17;17;17;17;17;251;251;251;251;251;251;251;251;251;251;251;251;1;1;1;1;1;1;1;1;1;1;1;16;237
2023-03-06;"alle";18;18;18;18;18;18;18;18;18;18;18;18;284;284;284;284;284;284;284;284;284;284;284;284;NA;NA;NA;NA;NA;NA;NA;NA;NA;NA;NA;17;266
2023-03-05;"0-60";4;4;4;4;4;4;4;4;4;4;4;4;35;35;35;35;35;35;35;35;35;35;35;35;1;1;1;1;1;1;1;1;1;1;1;4;31
2023-03-05;"60+";11;11;11;11;11;11;11;11;11;11;11;11;242;242;242;242;242;242;242;242;242;242;242;242;1;1;1;1;1;1;1;1;1;1;1;11;228
2023-03-05;"alle";15;15;15;15;15;15;15;15;15;15;15;15;277;277;277;277;277;277;277;277;277;277;277;277;NA;NA;NA;NA;NA;NA;NA;NA;NA;NA;NA;15;259
2023-03-04;"0-60";4;4;4;4;4;4;4;4;4;4;4;4;34;34;34;34;34;34;34;34;34;34;34;34;1;1;1;1;1;1;1;1;1;1;1;4;29
2023-03-04;"60+";38;38;38;38;38;38;38;38;38;38;38;38;247;247;247;247;247;247;247;247;247;247;247;247;1;1;1;1;1;1;1;1;1;1;1;37;232
2023-03-04;"alle";42;42;42;42;42;42;42;42;42;42;42;42;281;281;281;281;281;281;281;281;281;281;281;281;NA;NA;NA;NA;NA;NA;NA;NA;NA;NA;NA;41;261
2023-03-03;"0-60";5;5;5;5;5;5;5;5;5;5;5;5;39;39;39;39;39;39;39;39;39;39;39;39;1;1;1;1;1;1;1;1;1;1;1;4;33
2023-03-03;"60+";26;26;26;26;26;26;26;26;26;26;26;26;256;256;256;256;256;256;256;256;256;256;256;256;1;1;1;1;1;1;1;1;1;1;1;23;242
2023-03-03;"alle";31;31;31;31;31;31;31;31;31;31;31;31;295;295;295;295;295;295;295;295;295;295;295;295;NA;NA;NA;NA;NA;NA;NA;NA;NA;NA;NA;27;275
2023-03-02;"0-60";3;3;3;3;3;3;3;3;3;3;3;3;47;47;47;47;47;47;47;47;47;47;47;47;1;1;1;1;1;1;1;1;1;1;1;3;42
2023-03-02;"60+";34;34;34;34;34;34;34;34;34;34;34;34;279;279;279;279;279;279;279;279;279;279;279;279;1;1;1;1;1;1;1;1;1;1;1;33;266
2023-03-02;"alle";37;37;37;37;37;37;37;37;37;37;37;37;326;326;326;326;326;326;326;326;326;326;326;326;NA;NA;NA;NA;NA;NA;NA;NA;NA;NA;NA;36;308
2023-03-01;"0-60";7;7;7;7;7;7;7;7;7;7;7;7;53;53;53;53;53;53;53;53;53;53;53;53;1;1;1;1;1;1;1;1;1;1;1;6;48
2023-03-01;"60+";51;51;51;51;51;51;51;51;51;51;51;51;294;294;294;294;294;294;294;294;294;294;294;294;1;1;1;1;1;1;1;1;1;1;1;49;281
2023-03-01;"alle";58;58;58;58;58;58;58;58;58;58;58;58;347;347;347;347;347;347;347;347;347;347;347;347;NA;NA;NA;NA;NA;NA;NA;NA;NA;NA;NA;55;329
2023-02-28;"0-60";9;9;9;9;9;9;9;9;9;9;9;9;53;53;53;53;53;53;53;53;53;53;53;53;1;1;1;1;1;1;1;1;1;1;1;7;48
2023-02-28;"60+";74;74;74;74;74;74;74;74;74;74;74;74;292;292;292;292;292;292;292;292;292;292;292;292;1;1;1;1;1;1;1;1;1;1;1;68;280
2023-02-28;"alle";83;83;83;83;83;83;83;83;83;83;83;83;345;345;345;345;345;345;345;345;345;345;345;345;NA;NA;NA;NA;NA;NA;NA;NA;NA;NA;NA;75;328
2023-02-27;"0-60";3;3;3;3;3;3;3;3;3;3;3;3;70;70;70;70;70;70;70;70;70;70;70;70;1;1;1;1;1;1;1;1;1;1;1;3;67
2023-02-27;"60+";8;8;8;8;8;8;8;8;8;8;8;8;304;304;304;304;304;304;304;304;304;304;304;304;1;1;1;1;1;1;1;1;1;1;1;7;295
2023-02-27;"alle";11;11;11;11;11;11;11;11;11;11;11;11;374;374;374;374;374;374;374;374;374;374;374;374;NA;NA;NA;NA;NA;NA;NA;NA;NA;NA;NA;10;362
2023-02-26;"0-60";3;3;3;3;3;3;3;3;3;3;3;3;77;77;77;77;77;77;77;77;77;77;77;77;1;1;1;1;1;1;1;1;1;1;1;2;74
2023-02-26;"60+";16;16;16;16;16;16;16;16;16;16;16;16;318;318;318;318;318;318;318;318;318;318;318;318;1;1;1;1;1;1;1;1;1;1;1;15;306
2023-02-26;"alle";19;19;19;19;19;19;19;19;19;19;19;19;395;395;395;395;395;395;395;395;395;395;395;395;NA;NA;NA;NA;NA;NA;NA;NA;NA;NA;NA;17;380
2023-02-25;"0-60";9;9;9;9;9;9;9;9;9;9;9;9;77;77;77;77;77;77;77;77;77;77;77;77;1;1;1;1;1;1;1;1;1;1;1;8;75
2023-02-25;"60+";47;47;47;47;47;47;47;47;47;47;47;47;306;306;306;306;306;306;306;306;306;306;306;306;1;1;1;1;1;1;1;1;1;1;1;47;295
2023-02-25;"alle";56;56;56;56;56;56;56;56;56;56;56;56;383;383;383;383;383;383;383;383;383;383;383;383;NA;NA;NA;NA;NA;NA;NA;NA;NA;NA;NA;55;370
2023-02-24;"0-60";13;13;13;13;13;13;13;13;13;13;13;13;80;80;80;80;80;80;80;80;80;80;80;80;1;1;1;1;1;1;1;1;1;1;1;13;79
2023-02-24;"60+";49;49;49;49;49;49;49;49;49;49;49;49;291;291;291;291;291;291;291;291;291;291;291;291;1;1;1;1;1;1;1;1;1;1;1;47;279
2023-02-24;"alle";62;62;62;62;62;62;62;62;62;62;62;62;371;371;371;371;371;371;371;371;371;371;371;371;NA;NA;NA;NA;NA;NA;NA;NA;NA;NA;NA;60;358
2023-02-23;"0-60";9;9;9;9;9;9;9;9;9;9;9;9;76;76;76;76;76;76;76;76;76;76;76;76;1;1;1;1;1;1;1;1;1;1;1;9;74
2023-02-23;"60+";49;49;49;49;49;49;49;49;49;49;49;49;289;289;289;289;289;289;289;289;289;289;289;289;1;1;1;1;1;1;1;1;1;1;1;48;279
2023-02-23;"alle";58;58;58;58;58;58;58;58;58;58;58;58;365;365;365;365;365;365;365;365;365;365;365;365;NA;NA;NA;NA;NA;NA;NA;NA;NA;NA;NA;57;353
2023-02-22;"0-60";7;7;7;7;7;7;7;7;7;7;7;7;76;76;76;76;76;76;76;76;76;76;76;76;1;1;1;1;1;1;1;1;1;1;1;6;72
2023-02-22;"60+";49;49;49;49;49;49;49;49;49;49;49;49;285;285;285;285;285;285;285;285;285;285;285;285;1;1;1;1;1;1;1;1;1;1;1;48;271
2023-02-22;"alle";56;56;56;56;56;56;56;56;56;56;56;56;361;361;361;361;361;361;361;361;361;361;361;361;NA;NA;NA;NA;NA;NA;NA;NA;NA;NA;NA;54;343
2023-02-21;"0-60";26;26;26;26;26;26;26;26;26;26;26;26;83;83;83;83;83;83;83;83;83;83;83;83;1;1;1;1;1;1;1;1;1;1;1;26;80
2023-02-21;"60+";86;86;86;86;86;86;86;86;86;86;86;86;281;281;281;281;281;281;281;281;281;281;281;281;1;1;1;1;1;1;1;1;1;1;1;83;267
2023-02-21;"alle";112;112;112;112;112;112;112;112;112;112;112;112;364;364;364;364;364;364;364;364;364;364;364;364;NA;NA;NA;NA;NA;NA;NA;NA;NA;NA;NA;109;347
2023-02-20;"0-60";10;10;10;10;10;10;10;10;10;10;10;10;69;69;69;69;69;69;69;69;69;69;69;69;1;1;1;1;1;1;1;1;1;1;1;10;66
2023-02-20;"60+";22;22;22;22;22;22;22;22;22;22;22;22;255;255;255;255;255;255;255;255;255;255;255;255;1;1;1;1;1;1;1;1;1;1;1;18;243
2023-02-20;"alle";32;32;32;32;32;32;32;32;32;32;32;32;324;324;324;324;324;324;324;324;324;324;324;324;NA;NA;NA;NA;NA;NA;NA;NA;NA;NA;NA;28;309
2023-02-19;"0-60";3;3;3;3;3;3;3;3;3;3;3;3;63;63;63;63;63;63;63;63;63;63;63;63;1;1;1;1;1;1;1;1;1;1;1;3;60
2023-02-19;"60+";4;4;4;4;4;4;4;4;4;4;4;4;247;247;247;247;247;247;247;247;247;247;247;247;1;1;1;1;1;1;1;1;1;1;1;4;238
2023-02-19;"alle";7;7;7;7;7;7;7;7;7;7;7;7;310;310;310;310;310;310;310;310;310;310;310;310;NA;NA;NA;NA;NA;NA;NA;NA;NA;NA;NA;7;298
2023-02-18;"0-60";12;12;12;12;12;12;12;12;12;12;12;12;63;63;63;63;63;63;63;63;63;63;63;63;1;1;1;1;1;1;1;1;1;1;1;12;60
2023-02-18;"60+";32;32;32;32;32;32;32;32;32;32;32;32;256;256;256;256;256;256;256;256;256;256;256;256;1;1;1;1;1;1;1;1;1;1;1;31;246
2023-02-18;"alle";44;44;44;44;44;44;44;44;44;44;44;44;319;319;319;319;319;319;319;319;319;319;319;319;NA;NA;NA;NA;NA;NA;NA;NA;NA;NA;NA;43;306
2023-02-17;"0-60";9;9;9;9;9;9;9;9;9;9;9;9;64;64;64;64;64;64;64;64;64;64;64;64;1;1;1;1;1;1;1;1;1;1;1;8;60
2023-02-17;"60+";47;47;47;47;47;47;47;47;47;47;47;47;244;244;244;244;244;244;244;244;244;244;244;244;1;1;1;1;1;1;1;1;1;1;1;47;234
2023-02-17;"alle";56;56;56;56;56;56;56;56;56;56;56;56;308;308;308;308;308;308;308;308;308;308;308;308;NA;NA;NA;NA;NA;NA;NA;NA;NA;NA;NA;55;294
2023-02-16;"0-60";9;9;9;9;9;9;9;9;9;9;9;9;61;61;61;61;61;61;61;61;61;61;61;61;1;1;1;1;1;1;1;1;1;1;1;7;57
2023-02-16;"60+";45;45;45;45;45;45;45;45;45;45;45;45;227;227;227;227;227;227;227;227;227;227;227;227;1;1;1;1;1;1;1;1;1;1;1;40;217
2023-02-16;"alle";54;54;54;54;54;54;54;54;54;54;54;54;288;288;288;288;288;288;288;288;288;288;288;288;NA;NA;NA;NA;NA;NA;NA;NA;NA;NA;NA;47;274
2023-02-15;"0-60";14;14;14;14;14;14;14;14;14;14;14;14;57;57;57;57;57;57;57;57;57;57;57;57;1;1;1;1;1;1;1;1;1;1;1;14;55
2023-02-15;"60+";45;45;45;45;45;45;45;45;45;45;45;45;211;211;211;211;211;211;211;211;211;211;211;211;1;1;1;1;1;1;1;1;1;1;1;44;206
2023-02-15;"alle";59;59;59;59;59;59;59;59;59;59;59;59;268;268;268;268;268;268;268;268;268;268;268;268;NA;NA;NA;NA;NA;NA;NA;NA;NA;NA;NA;58;261
2023-02-14;"0-60";12;12;12;12;12;12;12;12;12;12;12;12;49;49;49;49;49;49;49;49;49;49;49;49;1;1;1;1;1;1;1;1;1;1;1;12;47
2023-02-14;"60+";60;60;60;60;60;60;60;60;60;60;60;60;195;195;195;195;195;195;195;195;195;195;195;195;1;1;1;1;1;1;1;1;1;1;1;59;190
2023-02-14;"alle";72;72;72;72;72;72;72;72;72;72;72;72;244;244;244;244;244;244;244;244;244;244;244;244;NA;NA;NA;NA;NA;NA;NA;NA;NA;NA;NA;71;237
2023-02-13;"0-60";4;4;4;4;4;4;4;4;4;4;4;4;55;55;55;55;55;55;55;55;55;55;55;55;1;1;1;1;1;1;1;1;1;1;1;4;52
2023-02-13;"60+";14;14;14;14;14;14;14;14;14;14;14;14;182;182;182;182;182;182;182;182;182;182;182;182;1;1;1;1;1;1;1;1;1;1;1;13;175
2023-02-13;"alle";18;18;18;18;18;18;18;18;18;18;18;18;237;237;237;237;237;237;237;237;237;237;237;237;NA;NA;NA;NA;NA;NA;NA;NA;NA;NA;NA;17;227
2023-02-12;"0-60";3;3;3;3;3;3;3;3;3;3;3;3;54;54;54;54;54;54;54;54;54;54;54;54;1;1;1;1;1;1;1;1;1;1;1;3;51
2023-02-12;"60+";13;13;13;13;13;13;13;13;13;13;13;13;174;174;174;174;174;174;174;174;174;174;174;174;1;1;1;1;1;1;1;1;1;1;1;12;167
2023-02-12;"alle";16;16;16;16;16;16;16;16;16;16;16;16;228;228;228;228;228;228;228;228;228;228;228;228;NA;NA;NA;NA;NA;NA;NA;NA;NA;NA;NA;15;218
2023-02-11;"0-60";13;13;13;13;13;13;13;13;13;13;13;13;53;53;53;53;53;53;53;53;53;53;53;53;1;1;1;1;1;1;1;1;1;1;1;12;50
2023-02-11;"60+";20;20;20;20;20;20;20;20;20;20;20;20;168;168;168;168;168;168;168;168;168;168;168;168;1;1;1;1;1;1;1;1;1;1;1;19;162
2023-02-11;"alle";33;33;33;33;33;33;33;33;33;33;33;33;221;221;221;221;221;221;221;221;221;221;221;221;NA;NA;NA;NA;NA;NA;NA;NA;NA;NA;NA;31;212
2023-02-10;"0-60";6;6;6;6;6;6;6;6;6;6;6;6;48;48;48;48;48;48;48;48;48;48;48;48;1;1;1;1;1;1;1;1;1;1;1;5;45
2023-02-10;"60+";30;30;30;30;30;30;30;30;30;30;30;30;165;165;165;165;165;165;165;165;165;165;165;165;1;1;1;1;1;1;1;1;1;1;1;30;157
2023-02-10;"alle";36;36;36;36;36;36;36;36;36;36;36;36;213;213;213;213;213;213;213;213;213;213;213;213;NA;NA;NA;NA;NA;NA;NA;NA;NA;NA;NA;35;202
2023-02-09;"0-60";5;5;5;5;5;5;5;5;5;5;5;5;49;49;49;49;49;49;49;49;49;49;49;49;1;1;1;1;1;1;1;1;1;1;1;5;47
2023-02-09;"60+";29;29;29;29;29;29;29;29;29;29;29;29;156;156;156;156;156;156;156;156;156;156;156;156;1;1;1;1;1;1;1;1;1;1;1;29;144
2023-02-09;"alle";34;34;34;34;34;34;34;34;34;34;34;34;205;205;205;205;205;205;205;205;205;205;205;205;NA;NA;NA;NA;NA;NA;NA;NA;NA;NA;NA;34;191
2023-02-08;"0-60";6;6;6;6;6;6;6;6;6;6;6;6;51;51;51;51;51;51;51;51;51;51;51;51;1;1;1;1;1;1;1;1;1;1;1;6;48
2023-02-08;"60+";29;29;29;29;29;29;29;29;29;29;29;29;154;154;154;154;154;154;154;154;154;154;154;154;1;1;1;1;1;1;1;1;1;1;1;28;140
2023-02-08;"alle";35;35;35;35;35;35;35;35;35;35;35;35;205;205;205;205;205;205;205;205;205;205;205;205;NA;NA;NA;NA;NA;NA;NA;NA;NA;NA;NA;34;188
2023-02-07;"0-60";18;18;18;18;18;18;18;18;18;18;18;18;64;64;64;64;64;64;64;64;64;64;64;64;1;1;1;1;1;1;1;1;1;1;1;17;57
2023-02-07;"60+";47;47;47;47;47;47;47;47;47;47;47;47;159;159;159;159;159;159;159;159;159;159;159;159;1;1;1;1;1;1;1;1;1;1;1;44;146
2023-02-07;"alle";65;65;65;65;65;65;65;65;65;65;65;65;223;223;223;223;223;223;223;223;223;223;223;223;NA;NA;NA;NA;NA;NA;NA;NA;NA;NA;NA;61;203
2023-02-06;"0-60";3;3;3;3;3;3;3;3;3;3;3;3;69;69;69;69;69;69;69;69;69;69;69;69;1;1;1;1;1;1;1;1;1;1;1;3;63
2023-02-06;"60+";6;6;6;6;6;6;6;6;6;6;6;6;147;147;147;147;147;147;147;147;147;147;147;147;1;1;1;1;1;1;1;1;1;1;1;5;136
2023-02-06;"alle";9;9;9;9;9;9;9;9;9;9;9;9;216;216;216;216;216;216;216;216;216;216;216;216;NA;NA;NA;NA;NA;NA;NA;NA;NA;NA;NA;8;199
2023-02-05;"0-60";2;2;2;2;2;2;2;2;2;2;2;2;67;67;67;67;67;67;67;67;67;67;67;67;1;1;1;1;1;1;1;1;1;1;1;2;61
2023-02-05;"60+";7;7;7;7;7;7;7;7;7;7;7;7;142;142;142;142;142;142;142;142;142;142;142;142;1;1;1;1;1;1;1;1;1;1;1;7;132
2023-02-05;"alle";9;9;9;9;9;9;9;9;9;9;9;9;209;209;209;209;209;209;209;209;209;209;209;209;NA;NA;NA;NA;NA;NA;NA;NA;NA;NA;NA;9;193
2023-02-04;"0-60";8;8;8;8;8;8;8;8;8;8;8;8;67;67;67;67;67;67;67;67;67;67;67;67;1;1;1;1;1;1;1;1;1;1;1;7;61
2023-02-04;"60+";17;17;17;17;17;17;17;17;17;17;17;17;144;144;144;144;144;144;144;144;144;144;144;144;1;1;1;1;1;1;1;1;1;1;1;14;134
2023-02-04;"alle";25;25;25;25;25;25;25;25;25;25;25;25;211;211;211;211;211;211;211;211;211;211;211;211;NA;NA;NA;NA;NA;NA;NA;NA;NA;NA;NA;21;195
2023-02-03;"0-60";7;7;7;7;7;7;7;7;7;7;7;7;70;70;70;70;70;70;70;70;70;70;70;70;1;1;1;1;1;1;1;1;1;1;1;7;65
2023-02-03;"60+";21;21;21;21;21;21;21;21;21;21;21;21;156;156;156;156;156;156;156;156;156;156;156;156;1;1;1;1;1;1;1;1;1;1;1;17;148
2023-02-03;"alle";28;28;28;28;28;28;28;28;28;28;28;28;226;226;226;226;226;226;226;226;226;226;226;226;NA;NA;NA;NA;NA;NA;NA;NA;NA;NA;NA;24;213
2023-02-02;"0-60";7;7;7;7;7;7;7;7;7;7;7;7;70;70;70;70;70;70;70;70;70;70;70;70;1;1;1;1;1;1;1;1;1;1;1;6;65
2023-02-02;"60+";27;27;27;27;27;27;27;27;27;27;27;27;156;156;156;156;156;156;156;156;156;156;156;156;1;1;1;1;1;1;1;1;1;1;1;25;152
2023-02-02;"alle";34;34;34;34;34;34;34;34;34;34;34;34;226;226;226;226;226;226;226;226;226;226;226;226;NA;NA;NA;NA;NA;NA;NA;NA;NA;NA;NA;31;217
2023-02-01;"0-60";19;19;19;19;19;19;19;19;19;19;19;19;82;82;82;82;82;82;82;82;82;82;82;82;1;1;1;1;1;1;1;1;1;1;1;15;77
2023-02-01;"60+";34;34;34;34;34;34;34;34;34;34;34;34;149;149;149;149;149;149;149;149;149;149;149;149;1;1;1;1;1;1;1;1;1;1;1;34;147
2023-02-01;"alle";53;53;53;53;53;53;53;53;53;53;53;53;231;231;231;231;231;231;231;231;231;231;231;231;NA;NA;NA;NA;NA;NA;NA;NA;NA;NA;NA;49;224
2023-01-31;"0-60";23;23;23;23;23;23;23;23;23;23;23;23;76;76;76;76;76;76;76;76;76;76;76;76;1;1;1;1;1;1;1;1;1;1;1;23;75
2023-01-31;"60+";35;35;35;35;35;35;35;35;35;35;35;35;136;136;136;136;136;136;136;136;136;136;136;136;1;1;1;1;1;1;1;1;1;1;1;34;134
2023-01-31;"alle";58;58;58;58;58;58;58;58;58;58;58;58;212;212;212;212;212;212;212;212;212;212;212;212;NA;NA;NA;NA;NA;NA;NA;NA;NA;NA;NA;57;209
2023-01-30;"0-60";1;1;1;1;1;1;1;1;1;1;1;1;59;59;59;59;59;59;59;59;59;59;59;59;1;1;1;1;1;1;1;1;1;1;1;1;58
2023-01-30;"60+";1;1;1;1;1;1;1;1;1;1;1;1;129;129;129;129;129;129;129;129;129;129;129;129;1;1;1;1;1;1;1;1;1;1;1;1;128
2023-01-30;"alle";2;2;2;2;2;2;2;2;2;2;2;2;188;188;188;188;188;188;188;188;188;188;188;188;NA;NA;NA;NA;NA;NA;NA;NA;NA;NA;NA;2;186
2023-01-29;"0-60";2;2;2;2;2;2;2;2;2;2;2;2;60;60;60;60;60;60;60;60;60;60;60;60;1;1;1;1;1;1;1;1;1;1;1;2;58
2023-01-29;"60+";9;9;9;9;9;9;9;9;9;9;9;9;131;131;131;131;131;131;131;131;131;131;131;131;1;1;1;1;1;1;1;1;1;1;1;9;130
2023-01-29;"alle";11;11;11;11;11;11;11;11;11;11;11;11;191;191;191;191;191;191;191;191;191;191;191;191;NA;NA;NA;NA;NA;NA;NA;NA;NA;NA;NA;11;188
2023-01-28;"0-60";11;11;11;11;11;11;11;11;11;11;11;11;61;61;61;61;61;61;61;61;61;61;61;61;1;1;1;1;1;1;1;1;1;1;1;11;59
2023-01-28;"60+";29;29;29;29;29;29;29;29;29;29;29;29;133;133;133;133;133;133;133;133;133;133;133;133;1;1;1;1;1;1;1;1;1;1;1;28;132
2023-01-28;"alle";40;40;40;40;40;40;40;40;40;40;40;40;194;194;194;194;194;194;194;194;194;194;194;194;NA;NA;NA;NA;NA;NA;NA;NA;NA;NA;NA;39;191
2023-01-27;"0-60";7;7;7;7;7;7;7;7;7;7;7;7;56;56;56;56;56;56;56;56;56;56;56;56;1;1;1;1;1;1;1;1;1;1;1;7;54
2023-01-27;"60+";21;21;21;21;21;21;21;21;21;21;21;21;120;120;120;120;120;120;120;120;120;120;120;120;1;1;1;1;1;1;1;1;1;1;1;21;118
2023-01-27;"alle";28;28;28;28;28;28;28;28;28;28;28;28;176;176;176;176;176;176;176;176;176;176;176;176;NA;NA;NA;NA;NA;NA;NA;NA;NA;NA;NA;28;172
2023-01-26;"0-60";19;19;19;19;19;19;19;19;19;19;19;19;60;60;60;60;60;60;60;60;60;60;60;60;1;1;1;1;1;1;1;1;1;1;1;18;57
2023-01-26;"60+";20;20;20;20;20;20;20;20;20;20;20;20;121;121;121;121;121;121;121;121;121;121;121;121;1;1;1;1;1;1;1;1;1;1;1;20;118
2023-01-26;"alle";39;39;39;39;39;39;39;39;39;39;39;39;181;181;181;181;181;181;181;181;181;181;181;181;NA;NA;NA;NA;NA;NA;NA;NA;NA;NA;NA;38;175
2023-01-25;"0-60";13;13;13;13;13;13;13;13;13;13;13;13;48;48;48;48;48;48;48;48;48;48;48;48;1;1;1;1;1;1;1;1;1;1;1;13;46
2023-01-25;"60+";21;21;21;21;21;21;21;21;21;21;21;21;122;122;122;122;122;122;122;122;122;122;122;122;1;1;1;1;1;1;1;1;1;1;1;21;117
2023-01-25;"alle";34;34;34;34;34;34;34;34;34;34;34;34;170;170;170;170;170;170;170;170;170;170;170;170;NA;NA;NA;NA;NA;NA;NA;NA;NA;NA;NA;34;163
2023-01-24;"0-60";6;6;6;6;6;6;6;6;6;6;6;6;50;50;50;50;50;50;50;50;50;50;50;50;1;1;1;1;1;1;1;1;1;1;1;6;46
2023-01-24;"60+";28;28;28;28;28;28;28;28;28;28;28;28;136;136;136;136;136;136;136;136;136;136;136;136;1;1;1;1;1;1;1;1;1;1;1;28;130
2023-01-24;"alle";34;34;34;34;34;34;34;34;34;34;34;34;186;186;186;186;186;186;186;186;186;186;186;186;NA;NA;NA;NA;NA;NA;NA;NA;NA;NA;NA;34;176
2023-01-23;"0-60";2;2;2;2;2;2;2;2;2;2;2;2;57;57;57;57;57;57;57;57;57;57;57;57;1;1;1;1;1;1;1;1;1;1;1;1;53
2023-01-23;"60+";3;3;3;3;3;3;3;3;3;3;3;3;149;149;149;149;149;149;149;149;149;149;149;149;1;1;1;1;1;1;1;1;1;1;1;3;143
2023-01-23;"alle";5;5;5;5;5;5;5;5;5;5;5;5;206;206;206;206;206;206;206;206;206;206;206;206;NA;NA;NA;NA;NA;NA;NA;NA;NA;NA;NA;4;196
2023-01-22;"0-60";3;3;3;3;3;3;3;3;3;3;3;3;58;58;58;58;58;58;58;58;58;58;58;58;1;1;1;1;1;1;1;1;1;1;1;3;55
2023-01-22;"60+";11;11;11;11;11;11;11;11;11;11;11;11;155;155;155;155;155;155;155;155;155;155;155;155;1;1;1;1;1;1;1;1;1;1;1;11;149
2023-01-22;"alle";14;14;14;14;14;14;14;14;14;14;14;14;213;213;213;213;213;213;213;213;213;213;213;213;NA;NA;NA;NA;NA;NA;NA;NA;NA;NA;NA;14;204
2023-01-21;"0-60";6;6;6;6;6;6;6;6;6;6;6;6;56;56;56;56;56;56;56;56;56;56;56;56;1;1;1;1;1;1;1;1;1;1;1;6;53
2023-01-21;"60+";16;16;16;16;16;16;16;16;16;16;16;16;155;155;155;155;155;155;155;155;155;155;155;155;1;1;1;1;1;1;1;1;1;1;1;14;148
2023-01-21;"alle";22;22;22;22;22;22;22;22;22;22;22;22;211;211;211;211;211;211;211;211;211;211;211;211;NA;NA;NA;NA;NA;NA;NA;NA;NA;NA;NA;20;201
2023-01-20;"0-60";11;11;11;11;11;11;11;11;11;11;11;11;54;54;54;54;54;54;54;54;54;54;54;54;1;1;1;1;1;1;1;1;1;1;1;10;51
2023-01-20;"60+";22;22;22;22;22;22;22;22;22;22;22;22;162;162;162;162;162;162;162;162;162;162;162;162;1;1;1;1;1;1;1;1;1;1;1;21;157
2023-01-20;"alle";33;33;33;33;33;33;33;33;33;33;33;33;216;216;216;216;216;216;216;216;216;216;216;216;NA;NA;NA;NA;NA;NA;NA;NA;NA;NA;NA;31;208
2023-01-19;"0-60";7;7;7;7;7;7;7;7;7;7;7;7;48;48;48;48;48;48;48;48;48;48;48;48;1;1;1;1;1;1;1;1;1;1;1;7;46
2023-01-19;"60+";21;21;21;21;21;21;21;21;21;21;21;21;172;172;172;172;172;172;172;172;172;172;172;172;1;1;1;1;1;1;1;1;1;1;1;19;168
2023-01-19;"alle";28;28;28;28;28;28;28;28;28;28;28;28;220;220;220;220;220;220;220;220;220;220;220;220;NA;NA;NA;NA;NA;NA;NA;NA;NA;NA;NA;26;214
2023-01-18;"0-60";15;15;15;15;15;15;15;15;15;15;15;15;43;43;43;43;43;43;43;43;43;43;43;43;1;1;1;1;1;1;1;1;1;1;1;13;41
2023-01-18;"60+";35;35;35;35;35;35;35;35;35;35;35;35;174;174;174;174;174;174;174;174;174;174;174;174;1;1;1;1;1;1;1;1;1;1;1;34;171
2023-01-18;"alle";50;50;50;50;50;50;50;50;50;50;50;50;217;217;217;217;217;217;217;217;217;217;217;217;NA;NA;NA;NA;NA;NA;NA;NA;NA;NA;NA;47;212
2023-01-17;"0-60";13;13;13;13;13;13;13;13;13;13;13;13;44;44;44;44;44;44;44;44;44;44;44;44;1;1;1;1;1;1;1;1;1;1;1;13;43
2023-01-17;"60+";41;41;41;41;41;41;41;41;41;41;41;41;177;177;177;177;177;177;177;177;177;177;177;177;1;1;1;1;1;1;1;1;1;1;1;41;174
2023-01-17;"alle";54;54;54;54;54;54;54;54;54;54;54;54;221;221;221;221;221;221;221;221;221;221;221;221;NA;NA;NA;NA;NA;NA;NA;NA;NA;NA;NA;54;217
2023-01-16;"0-60";3;3;3;3;3;3;3;3;3;3;3;3;42;42;42;42;42;42;42;42;42;42;42;42;1;1;1;1;1;1;1;1;1;1;1;3;41
2023-01-16;"60+";9;9;9;9;9;9;9;9;9;9;9;9;212;212;212;212;212;212;212;212;212;212;212;212;1;1;1;1;1;1;1;1;1;1;1;9;208
2023-01-16;"alle";12;12;12;12;12;12;12;12;12;12;12;12;254;254;254;254;254;254;254;254;254;254;254;254;NA;NA;NA;NA;NA;NA;NA;NA;NA;NA;NA;12;249
2023-01-15;"0-60";1;1;1;1;1;1;1;1;1;1;1;1;41;41;41;41;41;41;41;41;41;41;41;41;1;1;1;1;1;1;1;1;1;1;1;1;40
2023-01-15;"60+";11;11;11;11;11;11;11;11;11;11;11;11;214;214;214;214;214;214;214;214;214;214;214;214;1;1;1;1;1;1;1;1;1;1;1;10;209
2023-01-15;"alle";12;12;12;12;12;12;12;12;12;12;12;12;255;255;255;255;255;255;255;255;255;255;255;255;NA;NA;NA;NA;NA;NA;NA;NA;NA;NA;NA;11;249
2023-01-14;"0-60";4;4;4;4;4;4;4;4;4;4;4;4;44;44;44;44;44;44;44;44;44;44;44;44;1;1;1;1;1;1;1;1;1;1;1;4;43
2023-01-14;"60+";23;23;23;23;23;23;23;23;23;23;23;23;216;216;216;216;216;216;216;216;216;216;216;216;1;1;1;1;1;1;1;1;1;1;1;23;211
2023-01-14;"alle";27;27;27;27;27;27;27;27;27;27;27;27;260;260;260;260;260;260;260;260;260;260;260;260;NA;NA;NA;NA;NA;NA;NA;NA;NA;NA;NA;27;254
2023-01-13;"0-60";5;5;5;5;5;5;5;5;5;5;5;5;50;50;50;50;50;50;50;50;50;50;50;50;1;1;1;1;1;1;1;1;1;1;1;5;49
2023-01-13;"60+";32;32;32;32;32;32;32;32;32;32;32;32;234;234;234;234;234;234;234;234;234;234;234;234;1;1;1;1;1;1;1;1;1;1;1;32;229
2023-01-13;"alle";37;37;37;37;37;37;37;37;37;37;37;37;284;284;284;284;284;284;284;284;284;284;284;284;NA;NA;NA;NA;NA;NA;NA;NA;NA;NA;NA;37;278
2023-01-12;"0-60";2;2;2;2;2;2;2;2;2;2;2;2;54;54;54;54;54;54;54;54;54;54;54;54;1;1;1;1;1;1;1;1;1;1;1;2;52
2023-01-12;"60+";23;23;23;23;23;23;23;23;23;23;23;23;248;248;248;248;248;248;248;248;248;248;248;248;1;1;1;1;1;1;1;1;1;1;1;22;242
2023-01-12;"alle";25;25;25;25;25;25;25;25;25;25;25;25;302;302;302;302;302;302;302;302;302;302;302;302;NA;NA;NA;NA;NA;NA;NA;NA;NA;NA;NA;24;294
2023-01-11;"0-60";16;16;16;16;16;16;16;16;16;16;16;16;57;57;57;57;57;57;57;57;57;57;57;57;1;1;1;1;1;1;1;1;1;1;1;15;55
2023-01-11;"60+";38;38;38;38;38;38;38;38;38;38;38;38;286;286;286;286;286;286;286;286;286;286;286;286;1;1;1;1;1;1;1;1;1;1;1;37;280
2023-01-11;"alle";54;54;54;54;54;54;54;54;54;54;54;54;343;343;343;343;343;343;343;343;343;343;343;343;NA;NA;NA;NA;NA;NA;NA;NA;NA;NA;NA;52;335
2023-01-10;"0-60";11;11;11;11;11;11;11;11;11;11;11;11;60;60;60;60;60;60;60;60;60;60;60;60;1;1;1;1;1;1;1;1;1;1;1;11;58
2023-01-10;"60+";76;76;76;76;76;76;76;76;76;76;76;76;323;323;323;323;323;323;323;323;323;323;323;323;1;1;1;1;1;1;1;1;1;1;1;75;315
2023-01-10;"alle";87;87;87;87;87;87;87;87;87;87;87;87;383;383;383;383;383;383;383;383;383;383;383;383;NA;NA;NA;NA;NA;NA;NA;NA;NA;NA;NA;86;374
2023-01-09;"0-60";2;2;2;2;2;2;2;2;2;2;2;2;68;68;68;68;68;68;68;68;68;68;68;68;1;1;1;1;1;1;1;1;1;1;1;2;65
2023-01-09;"60+";11;11;11;11;11;11;11;11;11;11;11;11;364;364;364;364;364;364;364;364;364;364;364;364;1;1;1;1;1;1;1;1;1;1;1;10;355
2023-01-09;"alle";13;13;13;13;13;13;13;13;13;13;13;13;432;432;432;432;432;432;432;432;432;432;432;432;NA;NA;NA;NA;NA;NA;NA;NA;NA;NA;NA;12;421
2023-01-08;"0-60";4;4;4;4;4;4;4;4;4;4;4;4;70;70;70;70;70;70;70;70;70;70;70;70;1;1;1;1;1;1;1;1;1;1;1;4;67
2023-01-08;"60+";13;13;13;13;13;13;13;13;13;13;13;13;371;371;371;371;371;371;371;371;371;371;371;371;1;1;1;1;1;1;1;1;1;1;1;12;362
2023-01-08;"alle";17;17;17;17;17;17;17;17;17;17;17;17;441;441;441;441;441;441;441;441;441;441;441;441;NA;NA;NA;NA;NA;NA;NA;NA;NA;NA;NA;16;430
2023-01-07;"0-60";10;10;10;10;10;10;10;10;10;10;10;10;66;66;66;66;66;66;66;66;66;66;66;66;1;1;1;1;1;1;1;1;1;1;1;10;63
2023-01-07;"60+";41;41;41;41;41;41;41;41;41;41;41;41;382;382;382;382;382;382;382;382;382;382;382;382;1;1;1;1;1;1;1;1;1;1;1;41;374
2023-01-07;"alle";51;51;51;51;51;51;51;51;51;51;51;51;448;448;448;448;448;448;448;448;448;448;448;448;NA;NA;NA;NA;NA;NA;NA;NA;NA;NA;NA;51;438
2023-01-06;"0-60";9;9;9;9;9;9;9;9;9;9;9;9;61;61;61;61;61;61;61;61;61;61;61;61;1;1;1;1;1;1;1;1;1;1;1;8;57
2023-01-06;"60+";46;46;46;46;46;46;46;46;46;46;46;46;396;396;396;396;396;396;396;396;396;396;396;396;1;1;1;1;1;1;1;1;1;1;1;45;388
2023-01-06;"alle";55;55;55;55;55;55;55;55;55;55;55;55;457;457;457;457;457;457;457;457;457;457;457;457;NA;NA;NA;NA;NA;NA;NA;NA;NA;NA;NA;53;446
2023-01-05;"0-60";5;5;5;5;5;5;5;5;5;5;5;5;67;67;67;67;67;67;67;67;67;67;67;67;1;1;1;1;1;1;1;1;1;1;1;5;64
2023-01-05;"60+";61;61;61;61;61;61;61;61;61;61;61;61;418;418;418;418;418;418;418;418;418;418;418;418;1;1;1;1;1;1;1;1;1;1;1;60;410
2023-01-05;"alle";66;66;66;66;66;66;66;66;66;66;66;66;485;485;485;485;485;485;485;485;485;485;485;485;NA;NA;NA;NA;NA;NA;NA;NA;NA;NA;NA;65;475
2023-01-04;"0-60";19;19;19;19;19;19;19;19;19;19;19;19;76;76;76;76;76;76;76;76;76;76;76;76;1;1;1;1;1;1;1;1;1;1;1;18;73
2023-01-04;"60+";75;75;75;75;75;75;75;75;75;75;75;75;446;446;446;446;446;446;446;446;446;446;446;446;1;1;1;1;1;1;1;1;1;1;1;72;438
2023-01-04;"alle";94;94;94;94;94;94;94;94;94;94;94;94;522;522;522;522;522;522;522;522;522;522;522;522;NA;NA;NA;NA;NA;NA;NA;NA;NA;NA;NA;91;512
2023-01-03;"0-60";19;19;19;19;19;19;19;19;19;19;19;19;83;83;83;83;83;83;83;83;83;83;83;83;1;1;1;1;1;1;1;1;1;1;1;18;80
2023-01-03;"60+";117;117;117;117;117;117;117;117;117;117;117;117;569;569;569;569;569;569;569;569;569;569;569;569;1;1;1;1;1;1;1;1;1;1;1;115;561
2023-01-03;"alle";136;136;136;136;136;136;136;136;136;136;136;136;652;652;652;652;652;652;652;652;652;652;652;652;NA;NA;NA;NA;NA;NA;NA;NA;NA;NA;NA;133;641
2023-01-02;"0-60";4;4;4;4;4;4;4;4;4;4;4;4;67;67;67;67;67;67;67;67;67;67;67;67;1;1;1;1;1;1;1;1;1;1;1;4;65
2023-01-02;"60+";18;18;18;18;18;18;18;18;18;18;18;18;478;478;478;478;478;478;478;478;478;478;478;478;1;1;1;1;1;1;1;1;1;1;1;17;472
2023-01-02;"alle";22;22;22;22;22;22;22;22;22;22;22;22;545;545;545;545;545;545;545;545;545;545;545;545;NA;NA;NA;NA;NA;NA;NA;NA;NA;NA;NA;21;537
2023-01-01;"0-60";0;0;0;0;0;0;0;0;0;0;0;0;69;69;69;69;69;69;69;69;69;69;69;69;1;1;1;1;1;1;1;1;1;1;1;0;67
2023-01-01;"60+";24;24;24;24;24;24;24;24;24;24;24;24;485;485;485;485;485;485;485;485;485;485;485;485;1;1;1;1;1;1;1;1;1;1;1;24;479
2023-01-01;"alle";24;24;24;24;24;24;24;24;24;24;24;24;554;554;554;554;554;554;554;554;554;554;554;554;NA;NA;NA;NA;NA;NA;NA;NA;NA;NA;NA;24;546
2022-12-31;"0-60";5;5;5;5;5;5;5;5;5;5;5;5;77;77;77;77;77;77;77;77;77;77;77;77;1;1;1;1;1;1;1;1;1;1;1;4;74
2022-12-31;"60+";55;55;55;55;55;55;55;55;55;55;55;55;480;480;480;480;480;480;480;480;480;480;480;480;1;1;1;1;1;1;1;1;1;1;1;55;473
2022-12-31;"alle";60;60;60;60;60;60;60;60;60;60;60;60;557;557;557;557;557;557;557;557;557;557;557;557;NA;NA;NA;NA;NA;NA;NA;NA;NA;NA;NA;59;547
2022-12-30;"0-60";15;15;15;15;15;15;15;15;15;15;15;15;84;84;84;84;84;84;84;84;84;84;84;84;1;1;1;1;1;1;1;1;1;1;1;15;82
2022-12-30;"60+";68;68;68;68;68;68;68;68;68;68;68;68;491;491;491;491;491;491;491;491;491;491;491;491;1;1;1;1;1;1;1;1;1;1;1;67;483
2022-12-30;"alle";83;83;83;83;83;83;83;83;83;83;83;83;575;575;575;575;575;575;575;575;575;575;575;575;NA;NA;NA;NA;NA;NA;NA;NA;NA;NA;NA;82;565
2022-12-29;"0-60";14;14;14;14;14;14;14;14;14;14;14;14;85;85;85;85;85;85;85;85;85;85;85;85;1;1;1;1;1;1;1;1;1;1;1;14;82
2022-12-29;"60+";89;89;89;89;89;89;89;89;89;89;89;89;498;498;498;498;498;498;498;498;498;498;498;498;1;1;1;1;1;1;1;1;1;1;1;88;490
2022-12-29;"alle";103;103;103;103;103;103;103;103;103;103;103;103;583;583;583;583;583;583;583;583;583;583;583;583;NA;NA;NA;NA;NA;NA;NA;NA;NA;NA;NA;102;572
2022-12-28;"0-60";26;26;26;26;26;26;26;26;26;26;26;26;93;93;93;93;93;93;93;93;93;93;93;93;1;1;1;1;1;1;1;1;1;1;1;25;88
2022-12-28;"60+";198;198;198;198;198;198;198;198;198;198;198;198;489;489;489;489;489;489;489;489;489;489;489;489;1;1;1;1;1;1;1;1;1;1;1;195;479
2022-12-28;"alle";224;224;224;224;224;224;224;224;224;224;224;224;582;582;582;582;582;582;582;582;582;582;582;582;NA;NA;NA;NA;NA;NA;NA;NA;NA;NA;NA;220;567
2022-12-27;"0-60";3;3;3;3;3;3;3;3;3;3;3;3;83;83;83;83;83;83;83;83;83;83;83;83;1;1;1;1;1;1;1;1;1;1;1;3;79
2022-12-27;"60+";26;26;26;26;26;26;26;26;26;26;26;26;397;397;397;397;397;397;397;397;397;397;397;397;1;1;1;1;1;1;1;1;1;1;1;26;385
2022-12-27;"alle";29;29;29;29;29;29;29;29;29;29;29;29;480;480;480;480;480;480;480;480;480;480;480;480;NA;NA;NA;NA;NA;NA;NA;NA;NA;NA;NA;29;464
2022-12-26;"0-60";6;6;6;6;6;6;6;6;6;6;6;6;109;109;109;109;109;109;109;109;109;109;109;109;1;1;1;1;1;1;1;1;1;1;1;6;103
2022-12-26;"60+";25;25;25;25;25;25;25;25;25;25;25;25;499;499;499;499;499;499;499;499;499;499;499;499;1;1;1;1;1;1;1;1;1;1;1;24;478
2022-12-26;"alle";31;31;31;31;31;31;31;31;31;31;31;31;608;608;608;608;608;608;608;608;608;608;608;608;NA;NA;NA;NA;NA;NA;NA;NA;NA;NA;NA;30;581
2022-12-25;"0-60";8;8;8;8;8;8;8;8;8;8;8;8;106;106;106;106;106;106;106;106;106;106;106;106;1;1;1;1;1;1;1;1;1;1;1;7;99
2022-12-25;"60+";19;19;19;19;19;19;19;19;19;19;19;19;495;495;495;495;495;495;495;495;495;495;495;495;1;1;1;1;1;1;1;1;1;1;1;18;475
2022-12-25;"alle";27;27;27;27;27;27;27;27;27;27;27;27;601;601;601;601;601;601;601;601;601;601;601;601;NA;NA;NA;NA;NA;NA;NA;NA;NA;NA;NA;25;574
2022-12-24;"0-60";12;12;12;12;12;12;12;12;12;12;12;12;100;100;100;100;100;100;100;100;100;100;100;100;1;1;1;1;1;1;1;1;1;1;1;12;94
2022-12-24;"60+";66;66;66;66;66;66;66;66;66;66;66;66;514;514;514;514;514;514;514;514;514;514;514;514;1;1;1;1;1;1;1;1;1;1;1;65;491
2022-12-24;"alle";78;78;78;78;78;78;78;78;78;78;78;78;614;614;614;614;614;614;614;614;614;614;614;614;NA;NA;NA;NA;NA;NA;NA;NA;NA;NA;NA;77;585
2022-12-23;"0-60";16;16;16;16;16;16;16;16;16;16;16;16;100;100;100;100;100;100;100;100;100;100;100;100;1;1;1;1;1;1;1;1;1;1;1;15;93
2022-12-23;"60+";75;75;75;75;75;75;75;75;75;75;75;75;520;520;520;520;520;520;520;520;520;520;520;520;1;1;1;1;1;1;1;1;1;1;1;74;495
2022-12-23;"alle";91;91;91;91;91;91;91;91;91;91;91;91;620;620;620;620;620;620;620;620;620;620;620;620;NA;NA;NA;NA;NA;NA;NA;NA;NA;NA;NA;89;588
2022-12-22;"0-60";22;22;22;22;22;22;22;22;22;22;22;22;100;100;100;100;100;100;100;100;100;100;100;100;1;1;1;1;1;1;1;1;1;1;1;20;93
2022-12-22;"60+";80;80;80;80;80;80;80;80;80;80;80;80;539;539;539;539;539;539;539;539;539;539;539;539;1;1;1;1;1;1;1;1;1;1;1;77;513
2022-12-22;"alle";102;102;102;102;102;102;102;102;102;102;102;102;639;639;639;639;639;639;639;639;639;639;639;639;NA;NA;NA;NA;NA;NA;NA;NA;NA;NA;NA;97;606
2022-12-21;"0-60";16;16;16;16;16;16;16;16;16;16;16;16;103;103;103;103;103;103;103;103;103;103;103;103;1;1;1;1;1;1;1;1;1;1;1;16;95
2022-12-21;"60+";106;106;106;106;106;106;106;106;106;106;106;106;552;552;552;552;552;552;552;552;552;552;552;552;1;1;1;1;1;1;1;1;1;1;1;101;523
2022-12-21;"alle";122;122;122;122;122;122;122;122;122;122;122;122;655;655;655;655;655;655;655;655;655;655;655;655;NA;NA;NA;NA;NA;NA;NA;NA;NA;NA;NA;117;618
2022-12-20;"0-60";29;29;29;29;29;29;29;29;29;29;29;29;106;106;106;106;106;106;106;106;106;106;106;106;1;1;1;1;1;1;1;1;1;1;1;27;96
2022-12-20;"60+";128;128;128;128;128;128;128;128;128;128;128;128;568;568;568;568;568;568;568;568;568;568;568;568;1;1;1;1;1;1;1;1;1;1;1;119;533
2022-12-20;"alle";157;157;157;157;157;157;157;157;157;157;157;157;674;674;674;674;674;674;674;674;674;674;674;674;NA;NA;NA;NA;NA;NA;NA;NA;NA;NA;NA;146;629
2022-12-19;"0-60";3;3;3;3;3;3;3;3;3;3;3;3;121;121;121;121;121;121;121;121;121;121;121;121;1;1;1;1;1;1;1;1;1;1;1;2;111
2022-12-19;"60+";21;21;21;21;21;21;21;21;21;21;21;21;610;610;610;610;610;610;610;610;610;610;610;610;1;1;1;1;1;1;1;1;1;1;1;21;580
2022-12-19;"alle";24;24;24;24;24;24;24;24;24;24;24;24;731;731;731;731;731;731;731;731;731;731;731;731;NA;NA;NA;NA;NA;NA;NA;NA;NA;NA;NA;23;691
2022-12-18;"0-60";2;2;2;2;2;2;2;2;2;2;2;2;126;126;126;126;126;126;126;126;126;126;126;126;1;1;1;1;1;1;1;1;1;1;1;2;117
2022-12-18;"60+";38;38;38;38;38;38;38;38;38;38;38;38;616;616;616;616;616;616;616;616;616;616;616;616;1;1;1;1;1;1;1;1;1;1;1;34;586
2022-12-18;"alle";40;40;40;40;40;40;40;40;40;40;40;40;742;742;742;742;742;742;742;742;742;742;742;742;NA;NA;NA;NA;NA;NA;NA;NA;NA;NA;NA;36;703
2022-12-17;"0-60";12;12;12;12;12;12;12;12;12;12;12;12;128;128;128;128;128;128;128;128;128;128;128;128;1;1;1;1;1;1;1;1;1;1;1;11;118
2022-12-17;"60+";72;72;72;72;72;72;72;72;72;72;72;72;609;609;609;609;609;609;609;609;609;609;609;609;1;1;1;1;1;1;1;1;1;1;1;69;583
2022-12-17;"alle";84;84;84;84;84;84;84;84;84;84;84;84;737;737;737;737;737;737;737;737;737;737;737;737;NA;NA;NA;NA;NA;NA;NA;NA;NA;NA;NA;80;701
2022-12-16;"0-60";16;16;16;16;16;16;16;16;16;16;16;16;132;132;132;132;132;132;132;132;132;132;132;132;1;1;1;1;1;1;1;1;1;1;1;15;123
2022-12-16;"60+";94;94;94;94;94;94;94;94;94;94;94;94;619;619;619;619;619;619;619;619;619;619;619;619;1;1;1;1;1;1;1;1;1;1;1;92;592
2022-12-16;"alle";110;110;110;110;110;110;110;110;110;110;110;110;751;751;751;751;751;751;751;751;751;751;751;751;NA;NA;NA;NA;NA;NA;NA;NA;NA;NA;NA;107;715
2022-12-15;"0-60";25;25;25;25;25;25;25;25;25;25;25;25;130;130;130;130;130;130;130;130;130;130;130;130;1;1;1;1;1;1;1;1;1;1;1;22;120
2022-12-15;"60+";93;93;93;93;93;93;93;93;93;93;93;93;630;630;630;630;630;630;630;630;630;630;630;630;1;1;1;1;1;1;1;1;1;1;1;87;601
2022-12-15;"alle";118;118;118;118;118;118;118;118;118;118;118;118;760;760;760;760;760;760;760;760;760;760;760;760;NA;NA;NA;NA;NA;NA;NA;NA;NA;NA;NA;109;721
2022-12-14;"0-60";19;19;19;19;19;19;19;19;19;19;19;19;121;121;121;121;121;121;121;121;121;121;121;121;1;1;1;1;1;1;1;1;1;1;1;17;114
2022-12-14;"60+";122;122;122;122;122;122;122;122;122;122;122;122;609;609;609;609;609;609;609;609;609;609;609;609;1;1;1;1;1;1;1;1;1;1;1;111;581
2022-12-14;"alle";141;141;141;141;141;141;141;141;141;141;141;141;730;730;730;730;730;730;730;730;730;730;730;730;NA;NA;NA;NA;NA;NA;NA;NA;NA;NA;NA;128;695
2022-12-13;"0-60";44;44;44;44;44;44;44;44;44;44;44;44;116;116;116;116;116;116;116;116;116;116;116;116;1;1;1;1;1;1;1;1;1;1;1;42;111
2022-12-13;"60+";170;170;170;170;170;170;170;170;170;170;170;170;529;529;529;529;529;529;529;529;529;529;529;529;1;1;1;1;1;1;1;1;1;1;1;166;511
2022-12-13;"alle";214;214;214;214;214;214;214;214;214;214;214;214;645;645;645;645;645;645;645;645;645;645;645;645;NA;NA;NA;NA;NA;NA;NA;NA;NA;NA;NA;208;622
2022-12-12;"0-60";8;8;8;8;8;8;8;8;8;8;8;8;116;116;116;116;116;116;116;116;116;116;116;116;1;1;1;1;1;1;1;1;1;1;1;8;110
2022-12-12;"60+";27;27;27;27;27;27;27;27;27;27;27;27;489;489;489;489;489;489;489;489;489;489;489;489;1;1;1;1;1;1;1;1;1;1;1;27;472
2022-12-12;"alle";35;35;35;35;35;35;35;35;35;35;35;35;605;605;605;605;605;605;605;605;605;605;605;605;NA;NA;NA;NA;NA;NA;NA;NA;NA;NA;NA;35;582
2022-12-11;"0-60";4;4;4;4;4;4;4;4;4;4;4;4;110;110;110;110;110;110;110;110;110;110;110;110;1;1;1;1;1;1;1;1;1;1;1;3;104
2022-12-11;"60+";31;31;31;31;31;31;31;31;31;31;31;31;483;483;483;483;483;483;483;483;483;483;483;483;1;1;1;1;1;1;1;1;1;1;1;31;466
2022-12-11;"alle";35;35;35;35;35;35;35;35;35;35;35;35;593;593;593;593;593;593;593;593;593;593;593;593;NA;NA;NA;NA;NA;NA;NA;NA;NA;NA;NA;34;570
2022-12-10;"0-60";16;16;16;16;16;16;16;16;16;16;16;16;110;110;110;110;110;110;110;110;110;110;110;110;1;1;1;1;1;1;1;1;1;1;1;16;104
2022-12-10;"60+";82;82;82;82;82;82;82;82;82;82;82;82;467;467;467;467;467;467;467;467;467;467;467;467;1;1;1;1;1;1;1;1;1;1;1;78;450
2022-12-10;"alle";98;98;98;98;98;98;98;98;98;98;98;98;577;577;577;577;577;577;577;577;577;577;577;577;NA;NA;NA;NA;NA;NA;NA;NA;NA;NA;NA;94;554
2022-12-09;"0-60";14;14;14;14;14;14;14;14;14;14;14;14;119;119;119;119;119;119;119;119;119;119;119;119;1;1;1;1;1;1;1;1;1;1;1;12;112
2022-12-09;"60+";105;105;105;105;105;105;105;105;105;105;105;105;448;448;448;448;448;448;448;448;448;448;448;448;1;1;1;1;1;1;1;1;1;1;1;101;434
2022-12-09;"alle";119;119;119;119;119;119;119;119;119;119;119;119;567;567;567;567;567;567;567;567;567;567;567;567;NA;NA;NA;NA;NA;NA;NA;NA;NA;NA;NA;113;546
2022-12-08;"0-60";16;16;16;16;16;16;16;16;16;16;16;16;117;117;117;117;117;117;117;117;117;117;117;117;1;1;1;1;1;1;1;1;1;1;1;16;112
2022-12-08;"60+";72;72;72;72;72;72;72;72;72;72;72;72;391;391;391;391;391;391;391;391;391;391;391;391;1;1;1;1;1;1;1;1;1;1;1;67;379
2022-12-08;"alle";88;88;88;88;88;88;88;88;88;88;88;88;508;508;508;508;508;508;508;508;508;508;508;508;NA;NA;NA;NA;NA;NA;NA;NA;NA;NA;NA;83;491
2022-12-07;"0-60";14;14;14;14;14;14;14;14;14;14;14;14;119;119;119;119;119;119;119;119;119;119;119;119;1;1;1;1;1;1;1;1;1;1;1;14;113
2022-12-07;"60+";42;42;42;42;42;42;42;42;42;42;42;42;386;386;386;386;386;386;386;386;386;386;386;386;1;1;1;1;1;1;1;1;1;1;1;41;374
2022-12-07;"alle";56;56;56;56;56;56;56;56;56;56;56;56;505;505;505;505;505;505;505;505;505;505;505;505;NA;NA;NA;NA;NA;NA;NA;NA;NA;NA;NA;55;487
2022-12-06;"0-60";44;44;44;44;44;44;44;44;44;44;44;44;123;123;123;123;123;123;123;123;123;123;123;123;1;1;1;1;1;1;1;1;1;1;1;41;115
2022-12-06;"60+";130;130;130;130;130;130;130;130;130;130;130;130;410;410;410;410;410;410;410;410;410;410;410;410;1;1;1;1;1;1;1;1;1;1;1;127;397
2022-12-06;"alle";174;174;174;174;174;174;174;174;174;174;174;174;533;533;533;533;533;533;533;533;533;533;533;533;NA;NA;NA;NA;NA;NA;NA;NA;NA;NA;NA;168;512
2022-12-05;"0-60";2;2;2;2;2;2;2;2;2;2;2;2;102;102;102;102;102;102;102;102;102;102;102;102;1;1;1;1;1;1;1;1;1;1;1;2;95
2022-12-05;"60+";21;21;21;21;21;21;21;21;21;21;21;21;380;380;380;380;380;380;380;380;380;380;380;380;1;1;1;1;1;1;1;1;1;1;1;21;369
2022-12-05;"alle";23;23;23;23;23;23;23;23;23;23;23;23;482;482;482;482;482;482;482;482;482;482;482;482;NA;NA;NA;NA;NA;NA;NA;NA;NA;NA;NA;23;464
2022-12-04;"0-60";4;4;4;4;4;4;4;4;4;4;4;4;109;109;109;109;109;109;109;109;109;109;109;109;1;1;1;1;1;1;1;1;1;1;1;3;102
2022-12-04;"60+";15;15;15;15;15;15;15;15;15;15;15;15;378;378;378;378;378;378;378;378;378;378;378;378;1;1;1;1;1;1;1;1;1;1;1;15;367
2022-12-04;"alle";19;19;19;19;19;19;19;19;19;19;19;19;487;487;487;487;487;487;487;487;487;487;487;487;NA;NA;NA;NA;NA;NA;NA;NA;NA;NA;NA;18;469
2022-12-03;"0-60";25;25;25;25;25;25;25;25;25;25;25;25;110;110;110;110;110;110;110;110;110;110;110;110;1;1;1;1;1;1;1;1;1;1;1;24;104
2022-12-03;"60+";63;63;63;63;63;63;63;63;63;63;63;63;377;377;377;377;377;377;377;377;377;377;377;377;1;1;1;1;1;1;1;1;1;1;1;62;366
2022-12-03;"alle";88;88;88;88;88;88;88;88;88;88;88;88;487;487;487;487;487;487;487;487;487;487;487;487;NA;NA;NA;NA;NA;NA;NA;NA;NA;NA;NA;86;470
2022-12-02;"0-60";12;12;12;12;12;12;12;12;12;12;12;12;91;91;91;91;91;91;91;91;91;91;91;91;1;1;1;1;1;1;1;1;1;1;1;12;86
2022-12-02;"60+";48;48;48;48;48;48;48;48;48;48;48;48;365;365;365;365;365;365;365;365;365;365;365;365;1;1;1;1;1;1;1;1;1;1;1;46;355
2022-12-02;"alle";60;60;60;60;60;60;60;60;60;60;60;60;456;456;456;456;456;456;456;456;456;456;456;456;NA;NA;NA;NA;NA;NA;NA;NA;NA;NA;NA;58;441
2022-12-01;"0-60";18;18;18;18;18;18;18;18;18;18;18;18;94;94;94;94;94;94;94;94;94;94;94;94;1;1;1;1;1;1;1;1;1;1;1;17;86
2022-12-01;"60+";67;67;67;67;67;67;67;67;67;67;67;67;396;396;396;396;396;396;396;396;396;396;396;396;1;1;1;1;1;1;1;1;1;1;1;62;388
2022-12-01;"alle";85;85;85;85;85;85;85;85;85;85;85;85;490;490;490;490;490;490;490;490;490;490;490;490;NA;NA;NA;NA;NA;NA;NA;NA;NA;NA;NA;79;474
2022-11-30;"0-60";18;18;18;18;18;18;18;18;18;18;18;18;84;84;84;84;84;84;84;84;84;84;84;84;1;1;1;1;1;1;1;1;1;1;1;16;77
2022-11-30;"60+";66;66;66;66;66;66;66;66;66;66;66;66;366;366;366;366;366;366;366;366;366;366;366;366;1;1;1;1;1;1;1;1;1;1;1;64;362
2022-11-30;"alle";84;84;84;84;84;84;84;84;84;84;84;84;450;450;450;450;450;450;450;450;450;450;450;450;NA;NA;NA;NA;NA;NA;NA;NA;NA;NA;NA;80;439
2022-11-29;"0-60";23;23;23;23;23;23;23;23;23;23;23;23;81;81;81;81;81;81;81;81;81;81;81;81;1;1;1;1;1;1;1;1;1;1;1;21;76
2022-11-29;"60+";100;100;100;100;100;100;100;100;100;100;100;100;353;353;353;353;353;353;353;353;353;353;353;353;1;1;1;1;1;1;1;1;1;1;1;99;346
2022-11-29;"alle";123;123;123;123;123;123;123;123;123;123;123;123;434;434;434;434;434;434;434;434;434;434;434;434;NA;NA;NA;NA;NA;NA;NA;NA;NA;NA;NA;120;422
2022-11-28;"0-60";9;9;9;9;9;9;9;9;9;9;9;9;77;77;77;77;77;77;77;77;77;77;77;77;1;1;1;1;1;1;1;1;1;1;1;9;73
2022-11-28;"60+";19;19;19;19;19;19;19;19;19;19;19;19;332;332;332;332;332;332;332;332;332;332;332;332;1;1;1;1;1;1;1;1;1;1;1;19;320
2022-11-28;"alle";28;28;28;28;28;28;28;28;28;28;28;28;409;409;409;409;409;409;409;409;409;409;409;409;NA;NA;NA;NA;NA;NA;NA;NA;NA;NA;NA;28;393
2022-11-27;"0-60";5;5;5;5;5;5;5;5;5;5;5;5;74;74;74;74;74;74;74;74;74;74;74;74;1;1;1;1;1;1;1;1;1;1;1;5;70
2022-11-27;"60+";14;14;14;14;14;14;14;14;14;14;14;14;326;326;326;326;326;326;326;326;326;326;326;326;1;1;1;1;1;1;1;1;1;1;1;14;314
2022-11-27;"alle";19;19;19;19;19;19;19;19;19;19;19;19;400;400;400;400;400;400;400;400;400;400;400;400;NA;NA;NA;NA;NA;NA;NA;NA;NA;NA;NA;19;384
2022-11-26;"0-60";6;6;6;6;6;6;6;6;6;6;6;6;72;72;72;72;72;72;72;72;72;72;72;72;1;1;1;1;1;1;1;1;1;1;1;6;67
2022-11-26;"60+";51;51;51;51;51;51;51;51;51;51;51;51;326;326;326;326;326;326;326;326;326;326;326;326;1;1;1;1;1;1;1;1;1;1;1;51;314
2022-11-26;"alle";57;57;57;57;57;57;57;57;57;57;57;57;398;398;398;398;398;398;398;398;398;398;398;398;NA;NA;NA;NA;NA;NA;NA;NA;NA;NA;NA;57;381
2022-11-25;"0-60";15;15;15;15;15;15;15;15;15;15;15;15;76;76;76;76;76;76;76;76;76;76;76;76;1;1;1;1;1;1;1;1;1;1;1;12;71
2022-11-25;"60+";79;79;79;79;79;79;79;79;79;79;79;79;324;324;324;324;324;324;324;324;324;324;324;324;1;1;1;1;1;1;1;1;1;1;1;79;312
2022-11-25;"alle";94;94;94;94;94;94;94;94;94;94;94;94;400;400;400;400;400;400;400;400;400;400;400;400;NA;NA;NA;NA;NA;NA;NA;NA;NA;NA;NA;91;383
2022-11-24;"0-60";8;8;8;8;8;8;8;8;8;8;8;8;85;85;85;85;85;85;85;85;85;85;85;85;1;1;1;1;1;1;1;1;1;1;1;8;82
2022-11-24;"60+";37;37;37;37;37;37;37;37;37;37;37;37;311;311;311;311;311;311;311;311;311;311;311;311;1;1;1;1;1;1;1;1;1;1;1;36;295
2022-11-24;"alle";45;45;45;45;45;45;45;45;45;45;45;45;396;396;396;396;396;396;396;396;396;396;396;396;NA;NA;NA;NA;NA;NA;NA;NA;NA;NA;NA;44;377
2022-11-23;"0-60";15;15;15;15;15;15;15;15;15;15;15;15;84;84;84;84;84;84;84;84;84;84;84;84;1;1;1;1;1;1;1;1;1;1;1;15;80
2022-11-23;"60+";53;53;53;53;53;53;53;53;53;53;53;53;287;287;287;287;287;287;287;287;287;287;287;287;1;1;1;1;1;1;1;1;1;1;1;48;267
2022-11-23;"alle";68;68;68;68;68;68;68;68;68;68;68;68;371;371;371;371;371;371;371;371;371;371;371;371;NA;NA;NA;NA;NA;NA;NA;NA;NA;NA;NA;63;347
2022-11-22;"0-60";19;19;19;19;19;19;19;19;19;19;19;19;90;90;90;90;90;90;90;90;90;90;90;90;1;1;1;1;1;1;1;1;1;1;1;18;85
2022-11-22;"60+";79;79;79;79;79;79;79;79;79;79;79;79;278;278;278;278;278;278;278;278;278;278;278;278;1;1;1;1;1;1;1;1;1;1;1;73;260
2022-11-22;"alle";98;98;98;98;98;98;98;98;98;98;98;98;368;368;368;368;368;368;368;368;368;368;368;368;NA;NA;NA;NA;NA;NA;NA;NA;NA;NA;NA;91;345
2022-11-21;"0-60";6;6;6;6;6;6;6;6;6;6;6;6;91;91;91;91;91;91;91;91;91;91;91;91;1;1;1;1;1;1;1;1;1;1;1;6;87
2022-11-21;"60+";13;13;13;13;13;13;13;13;13;13;13;13;279;279;279;279;279;279;279;279;279;279;279;279;1;1;1;1;1;1;1;1;1;1;1;13;265
2022-11-21;"alle";19;19;19;19;19;19;19;19;19;19;19;19;370;370;370;370;370;370;370;370;370;370;370;370;NA;NA;NA;NA;NA;NA;NA;NA;NA;NA;NA;19;352
2022-11-20;"0-60";3;3;3;3;3;3;3;3;3;3;3;3;93;93;93;93;93;93;93;93;93;93;93;93;1;1;1;1;1;1;1;1;1;1;1;2;89
2022-11-20;"60+";14;14;14;14;14;14;14;14;14;14;14;14;279;279;279;279;279;279;279;279;279;279;279;279;1;1;1;1;1;1;1;1;1;1;1;14;265
2022-11-20;"alle";17;17;17;17;17;17;17;17;17;17;17;17;372;372;372;372;372;372;372;372;372;372;372;372;NA;NA;NA;NA;NA;NA;NA;NA;NA;NA;NA;16;354
2022-11-19;"0-60";10;10;10;10;10;10;10;10;10;10;10;10;94;94;94;94;94;94;94;94;94;94;94;94;1;1;1;1;1;1;1;1;1;1;1;10;91
2022-11-19;"60+";49;49;49;49;49;49;49;49;49;49;49;49;275;275;275;275;275;275;275;275;275;275;275;275;1;1;1;1;1;1;1;1;1;1;1;49;260
2022-11-19;"alle";59;59;59;59;59;59;59;59;59;59;59;59;369;369;369;369;369;369;369;369;369;369;369;369;NA;NA;NA;NA;NA;NA;NA;NA;NA;NA;NA;59;351
2022-11-18;"0-60";24;24;24;24;24;24;24;24;24;24;24;24;98;98;98;98;98;98;98;98;98;98;98;98;1;1;1;1;1;1;1;1;1;1;1;23;95
2022-11-18;"60+";66;66;66;66;66;66;66;66;66;66;66;66;267;267;267;267;267;267;267;267;267;267;267;267;1;1;1;1;1;1;1;1;1;1;1;62;250
2022-11-18;"alle";90;90;90;90;90;90;90;90;90;90;90;90;365;365;365;365;365;365;365;365;365;365;365;365;NA;NA;NA;NA;NA;NA;NA;NA;NA;NA;NA;85;345
2022-11-17;"0-60";7;7;7;7;7;7;7;7;7;7;7;7;86;86;86;86;86;86;86;86;86;86;86;86;1;1;1;1;1;1;1;1;1;1;1;6;84
2022-11-17;"60+";13;13;13;13;13;13;13;13;13;13;13;13;240;240;240;240;240;240;240;240;240;240;240;240;1;1;1;1;1;1;1;1;1;1;1;8;227
2022-11-17;"alle";20;20;20;20;20;20;20;20;20;20;20;20;326;326;326;326;326;326;326;326;326;326;326;326;NA;NA;NA;NA;NA;NA;NA;NA;NA;NA;NA;14;311
2022-11-16;"0-60";21;21;21;21;21;21;21;21;21;21;21;21;80;80;80;80;80;80;80;80;80;80;80;80;1;1;1;1;1;1;1;1;1;1;1;20;79
2022-11-16;"60+";44;44;44;44;44;44;44;44;44;44;44;44;268;268;268;268;268;268;268;268;268;268;268;268;1;1;1;1;1;1;1;1;1;1;1;41;257
2022-11-16;"alle";65;65;65;65;65;65;65;65;65;65;65;65;348;348;348;348;348;348;348;348;348;348;348;348;NA;NA;NA;NA;NA;NA;NA;NA;NA;NA;NA;61;336
2022-11-15;"0-60";20;20;20;20;20;20;20;20;20;20;20;20;73;73;73;73;73;73;73;73;73;73;73;73;1;1;1;1;1;1;1;1;1;1;1;20;73
2022-11-15;"60+";80;80;80;80;80;80;80;80;80;80;80;80;274;274;274;274;274;274;274;274;274;274;274;274;1;1;1;1;1;1;1;1;1;1;1;78;265
2022-11-15;"alle";100;100;100;100;100;100;100;100;100;100;100;100;347;347;347;347;347;347;347;347;347;347;347;347;NA;NA;NA;NA;NA;NA;NA;NA;NA;NA;NA;98;338
2022-11-14;"0-60";8;8;8;8;8;8;8;8;8;8;8;8;68;68;68;68;68;68;68;68;68;68;68;68;1;1;1;1;1;1;1;1;1;1;1;8;68
2022-11-14;"60+";13;13;13;13;13;13;13;13;13;13;13;13;272;272;272;272;272;272;272;272;272;272;272;272;1;1;1;1;1;1;1;1;1;1;1;13;264
2022-11-14;"alle";21;21;21;21;21;21;21;21;21;21;21;21;340;340;340;340;340;340;340;340;340;340;340;340;NA;NA;NA;NA;NA;NA;NA;NA;NA;NA;NA;21;332
2022-11-13;"0-60";4;4;4;4;4;4;4;4;4;4;4;4;64;64;64;64;64;64;64;64;64;64;64;64;1;1;1;1;1;1;1;1;1;1;1;4;64
2022-11-13;"60+";10;10;10;10;10;10;10;10;10;10;10;10;272;272;272;272;272;272;272;272;272;272;272;272;1;1;1;1;1;1;1;1;1;1;1;9;264
2022-11-13;"alle";14;14;14;14;14;14;14;14;14;14;14;14;336;336;336;336;336;336;336;336;336;336;336;336;NA;NA;NA;NA;NA;NA;NA;NA;NA;NA;NA;13;328
2022-11-12;"0-60";14;14;14;14;14;14;14;14;14;14;14;14;67;67;67;67;67;67;67;67;67;67;67;67;1;1;1;1;1;1;1;1;1;1;1;14;66
2022-11-12;"60+";41;41;41;41;41;41;41;41;41;41;41;41;279;279;279;279;279;279;279;279;279;279;279;279;1;1;1;1;1;1;1;1;1;1;1;39;271
2022-11-12;"alle";55;55;55;55;55;55;55;55;55;55;55;55;346;346;346;346;346;346;346;346;346;346;346;346;NA;NA;NA;NA;NA;NA;NA;NA;NA;NA;NA;53;337
2022-11-11;"0-60";12;12;12;12;12;12;12;12;12;12;12;12;67;67;67;67;67;67;67;67;67;67;67;67;1;1;1;1;1;1;1;1;1;1;1;12;66
2022-11-11;"60+";39;39;39;39;39;39;39;39;39;39;39;39;271;271;271;271;271;271;271;271;271;271;271;271;1;1;1;1;1;1;1;1;1;1;1;39;263
2022-11-11;"alle";51;51;51;51;51;51;51;51;51;51;51;51;338;338;338;338;338;338;338;338;338;338;338;338;NA;NA;NA;NA;NA;NA;NA;NA;NA;NA;NA;51;329
2022-11-10;"0-60";1;1;1;1;1;1;1;1;1;1;1;1;75;75;75;75;75;75;75;75;75;75;75;75;1;1;1;1;1;1;1;1;1;1;1;1;73
2022-11-10;"60+";41;41;41;41;41;41;41;41;41;41;41;41;330;330;330;330;330;330;330;330;330;330;330;330;1;1;1;1;1;1;1;1;1;1;1;38;322
2022-11-10;"alle";42;42;42;42;42;42;42;42;42;42;42;42;405;405;405;405;405;405;405;405;405;405;405;405;NA;NA;NA;NA;NA;NA;NA;NA;NA;NA;NA;39;395
2022-11-09;"0-60";14;14;14;14;14;14;14;14;14;14;14;14;93;93;93;93;93;93;93;93;93;93;93;93;1;1;1;1;1;1;1;1;1;1;1;14;91
2022-11-09;"60+";50;50;50;50;50;50;50;50;50;50;50;50;349;349;349;349;349;349;349;349;349;349;349;349;1;1;1;1;1;1;1;1;1;1;1;49;343
2022-11-09;"alle";64;64;64;64;64;64;64;64;64;64;64;64;442;442;442;442;442;442;442;442;442;442;442;442;NA;NA;NA;NA;NA;NA;NA;NA;NA;NA;NA;63;434
2022-11-08;"0-60";15;15;15;15;15;15;15;15;15;15;15;15;109;109;109;109;109;109;109;109;109;109;109;109;1;1;1;1;1;1;1;1;1;1;1;15;106
2022-11-08;"60+";78;78;78;78;78;78;78;78;78;78;78;78;431;431;431;431;431;431;431;431;431;431;431;431;1;1;1;1;1;1;1;1;1;1;1;77;421
2022-11-08;"alle";93;93;93;93;93;93;93;93;93;93;93;93;540;540;540;540;540;540;540;540;540;540;540;540;NA;NA;NA;NA;NA;NA;NA;NA;NA;NA;NA;92;527
2022-11-07;"0-60";4;4;4;4;4;4;4;4;4;4;4;4;109;109;109;109;109;109;109;109;109;109;109;109;1;1;1;1;1;1;1;1;1;1;1;4;106
2022-11-07;"60+";13;13;13;13;13;13;13;13;13;13;13;13;399;399;399;399;399;399;399;399;399;399;399;399;1;1;1;1;1;1;1;1;1;1;1;13;390
2022-11-07;"alle";17;17;17;17;17;17;17;17;17;17;17;17;508;508;508;508;508;508;508;508;508;508;508;508;NA;NA;NA;NA;NA;NA;NA;NA;NA;NA;NA;17;496
2022-11-06;"0-60";7;7;7;7;7;7;7;7;7;7;7;7;109;109;109;109;109;109;109;109;109;109;109;109;1;1;1;1;1;1;1;1;1;1;1;6;106
2022-11-06;"60+";17;17;17;17;17;17;17;17;17;17;17;17;405;405;405;405;405;405;405;405;405;405;405;405;1;1;1;1;1;1;1;1;1;1;1;16;396
2022-11-06;"alle";24;24;24;24;24;24;24;24;24;24;24;24;514;514;514;514;514;514;514;514;514;514;514;514;NA;NA;NA;NA;NA;NA;NA;NA;NA;NA;NA;22;502
2022-11-05;"0-60";14;14;14;14;14;14;14;14;14;14;14;14;107;107;107;107;107;107;107;107;107;107;107;107;1;1;1;1;1;1;1;1;1;1;1;14;105
2022-11-05;"60+";33;33;33;33;33;33;33;33;33;33;33;33;412;412;412;412;412;412;412;412;412;412;412;412;1;1;1;1;1;1;1;1;1;1;1;31;403
2022-11-05;"alle";47;47;47;47;47;47;47;47;47;47;47;47;519;519;519;519;519;519;519;519;519;519;519;519;NA;NA;NA;NA;NA;NA;NA;NA;NA;NA;NA;45;508
2022-11-04;"0-60";20;20;20;20;20;20;20;20;20;20;20;20;105;105;105;105;105;105;105;105;105;105;105;105;1;1;1;1;1;1;1;1;1;1;1;19;101
2022-11-04;"60+";98;98;98;98;98;98;98;98;98;98;98;98;433;433;433;433;433;433;433;433;433;433;433;433;1;1;1;1;1;1;1;1;1;1;1;98;424
2022-11-04;"alle";118;118;118;118;118;118;118;118;118;118;118;118;538;538;538;538;538;538;538;538;538;538;538;538;NA;NA;NA;NA;NA;NA;NA;NA;NA;NA;NA;117;525
2022-11-03;"0-60";19;19;19;19;19;19;19;19;19;19;19;19;103;103;103;103;103;103;103;103;103;103;103;103;1;1;1;1;1;1;1;1;1;1;1;19;99
2022-11-03;"60+";60;60;60;60;60;60;60;60;60;60;60;60;423;423;423;423;423;423;423;423;423;423;423;423;1;1;1;1;1;1;1;1;1;1;1;59;411
2022-11-03;"alle";79;79;79;79;79;79;79;79;79;79;79;79;526;526;526;526;526;526;526;526;526;526;526;526;NA;NA;NA;NA;NA;NA;NA;NA;NA;NA;NA;78;510
2022-11-02;"0-60";30;30;30;30;30;30;30;30;30;30;30;30;103;103;103;103;103;103;103;103;103;103;103;103;1;1;1;1;1;1;1;1;1;1;1;29;98
2022-11-02;"60+";132;132;132;132;132;132;132;132;132;132;132;132;448;448;448;448;448;448;448;448;448;448;448;448;1;1;1;1;1;1;1;1;1;1;1;127;434
2022-11-02;"alle";162;162;162;162;162;162;162;162;162;162;162;162;551;551;551;551;551;551;551;551;551;551;551;551;NA;NA;NA;NA;NA;NA;NA;NA;NA;NA;NA;156;532
2022-11-01;"0-60";15;15;15;15;15;15;15;15;15;15;15;15;87;87;87;87;87;87;87;87;87;87;87;87;1;1;1;1;1;1;1;1;1;1;1;15;82
2022-11-01;"60+";46;46;46;46;46;46;46;46;46;46;46;46;416;416;416;416;416;416;416;416;416;416;416;416;1;1;1;1;1;1;1;1;1;1;1;46;396
2022-11-01;"alle";61;61;61;61;61;61;61;61;61;61;61;61;503;503;503;503;503;503;503;503;503;503;503;503;NA;NA;NA;NA;NA;NA;NA;NA;NA;NA;NA;61;478
2022-10-31;"0-60";4;4;4;4;4;4;4;4;4;4;4;4;110;110;110;110;110;110;110;110;110;110;110;110;1;1;1;1;1;1;1;1;1;1;1;4;101
2022-10-31;"60+";19;19;19;19;19;19;19;19;19;19;19;19;526;526;526;526;526;526;526;526;526;526;526;526;1;1;1;1;1;1;1;1;1;1;1;19;499
2022-10-31;"alle";23;23;23;23;23;23;23;23;23;23;23;23;636;636;636;636;636;636;636;636;636;636;636;636;NA;NA;NA;NA;NA;NA;NA;NA;NA;NA;NA;23;600
2022-10-30;"0-60";5;5;5;5;5;5;5;5;5;5;5;5;110;110;110;110;110;110;110;110;110;110;110;110;1;1;1;1;1;1;1;1;1;1;1;5;101
2022-10-30;"60+";24;24;24;24;24;24;24;24;24;24;24;24;541;541;541;541;541;541;541;541;541;541;541;541;1;1;1;1;1;1;1;1;1;1;1;23;514
2022-10-30;"alle";29;29;29;29;29;29;29;29;29;29;29;29;651;651;651;651;651;651;651;651;651;651;651;651;NA;NA;NA;NA;NA;NA;NA;NA;NA;NA;NA;28;615
2022-10-29;"0-60";12;12;12;12;12;12;12;12;12;12;12;12;106;106;106;106;106;106;106;106;106;106;106;106;1;1;1;1;1;1;1;1;1;1;1;10;97
2022-10-29;"60+";54;54;54;54;54;54;54;54;54;54;54;54;546;546;546;546;546;546;546;546;546;546;546;546;1;1;1;1;1;1;1;1;1;1;1;52;520
2022-10-29;"alle";66;66;66;66;66;66;66;66;66;66;66;66;652;652;652;652;652;652;652;652;652;652;652;652;NA;NA;NA;NA;NA;NA;NA;NA;NA;NA;NA;62;617
2022-10-28;"0-60";18;18;18;18;18;18;18;18;18;18;18;18;114;114;114;114;114;114;114;114;114;114;114;114;1;1;1;1;1;1;1;1;1;1;1;17;107
2022-10-28;"60+";88;88;88;88;88;88;88;88;88;88;88;88;585;585;585;585;585;585;585;585;585;585;585;585;1;1;1;1;1;1;1;1;1;1;1;85;555
2022-10-28;"alle";106;106;106;106;106;106;106;106;106;106;106;106;699;699;699;699;699;699;699;699;699;699;699;699;NA;NA;NA;NA;NA;NA;NA;NA;NA;NA;NA;102;662
2022-10-27;"0-60";19;19;19;19;19;19;19;19;19;19;19;19;117;117;117;117;117;117;117;117;117;117;117;117;1;1;1;1;1;1;1;1;1;1;1;18;111
2022-10-27;"60+";85;85;85;85;85;85;85;85;85;85;85;85;612;612;612;612;612;612;612;612;612;612;612;612;1;1;1;1;1;1;1;1;1;1;1;82;578
2022-10-27;"alle";104;104;104;104;104;104;104;104;104;104;104;104;729;729;729;729;729;729;729;729;729;729;729;729;NA;NA;NA;NA;NA;NA;NA;NA;NA;NA;NA;100;689
2022-10-26;"0-60";14;14;14;14;14;14;14;14;14;14;14;14;118;118;118;118;118;118;118;118;118;118;118;118;1;1;1;1;1;1;1;1;1;1;1;13;109
2022-10-26;"60+";100;100;100;100;100;100;100;100;100;100;100;100;633;633;633;633;633;633;633;633;633;633;633;633;1;1;1;1;1;1;1;1;1;1;1;89;596
2022-10-26;"alle";114;114;114;114;114;114;114;114;114;114;114;114;751;751;751;751;751;751;751;751;751;751;751;751;NA;NA;NA;NA;NA;NA;NA;NA;NA;NA;NA;102;705
2022-10-25;"0-60";38;38;38;38;38;38;38;38;38;38;38;38;149;149;149;149;149;149;149;149;149;149;149;149;1;1;1;1;1;1;1;1;1;1;1;34;139
2022-10-25;"60+";156;156;156;156;156;156;156;156;156;156;156;156;694;694;694;694;694;694;694;694;694;694;694;694;1;1;1;1;1;1;1;1;1;1;1;149;653
2022-10-25;"alle";194;194;194;194;194;194;194;194;194;194;194;194;843;843;843;843;843;843;843;843;843;843;843;843;NA;NA;NA;NA;NA;NA;NA;NA;NA;NA;NA;183;792
2022-10-24;"0-60";4;4;4;4;4;4;4;4;4;4;4;4;182;182;182;182;182;182;182;182;182;182;182;182;1;1;1;1;1;1;1;1;1;1;1;4;174
2022-10-24;"60+";34;34;34;34;34;34;34;34;34;34;34;34;813;813;813;813;813;813;813;813;813;813;813;813;1;1;1;1;1;1;1;1;1;1;1;34;770
2022-10-24;"alle";38;38;38;38;38;38;38;38;38;38;38;38;995;995;995;995;995;995;995;995;995;995;995;995;NA;NA;NA;NA;NA;NA;NA;NA;NA;NA;NA;38;944
2022-10-23;"0-60";1;1;1;1;1;1;1;1;1;1;1;1;197;197;197;197;197;197;197;197;197;197;197;197;1;1;1;1;1;1;1;1;1;1;1;1;188
2022-10-23;"60+";29;29;29;29;29;29;29;29;29;29;29;29;829;829;829;829;829;829;829;829;829;829;829;829;1;1;1;1;1;1;1;1;1;1;1;29;781
2022-10-23;"alle";30;30;30;30;30;30;30;30;30;30;30;30;1026;1026;1026;1026;1026;1026;1026;1026;1026;1026;1026;1026;NA;NA;NA;NA;NA;NA;NA;NA;NA;NA;NA;30;969
2022-10-22;"0-60";20;20;20;20;20;20;20;20;20;20;20;20;203;203;203;203;203;203;203;203;203;203;203;203;1;1;1;1;1;1;1;1;1;1;1;20;194
2022-10-22;"60+";93;93;93;93;93;93;93;93;93;93;93;93;841;841;841;841;841;841;841;841;841;841;841;841;1;1;1;1;1;1;1;1;1;1;1;87;791
2022-10-22;"alle";113;113;113;113;113;113;113;113;113;113;113;113;1044;1044;1044;1044;1044;1044;1044;1044;1044;1044;1044;1044;NA;NA;NA;NA;NA;NA;NA;NA;NA;NA;NA;107;985
2022-10-21;"0-60";21;21;21;21;21;21;21;21;21;21;21;21;213;213;213;213;213;213;213;213;213;213;213;213;1;1;1;1;1;1;1;1;1;1;1;21;201
2022-10-21;"60+";115;115;115;115;115;115;115;115;115;115;115;115;860;860;860;860;860;860;860;860;860;860;860;860;1;1;1;1;1;1;1;1;1;1;1;108;810
2022-10-21;"alle";136;136;136;136;136;136;136;136;136;136;136;136;1073;1073;1073;1073;1073;1073;1073;1073;1073;1073;1073;1073;NA;NA;NA;NA;NA;NA;NA;NA;NA;NA;NA;129;1011
2022-10-20;"0-60";20;20;20;20;20;20;20;20;20;20;20;20;219;219;219;219;219;219;219;219;219;219;219;219;1;1;1;1;1;1;1;1;1;1;1;16;205
2022-10-20;"60+";106;106;106;106;106;106;106;106;106;106;106;106;887;887;887;887;887;887;887;887;887;887;887;887;1;1;1;1;1;1;1;1;1;1;1;100;838
2022-10-20;"alle";126;126;126;126;126;126;126;126;126;126;126;126;1106;1106;1106;1106;1106;1106;1106;1106;1106;1106;1106;1106;NA;NA;NA;NA;NA;NA;NA;NA;NA;NA;NA;116;1043
2022-10-19;"0-60";45;45;45;45;45;45;45;45;45;45;45;45;242;242;242;242;242;242;242;242;242;242;242;242;1;1;1;1;1;1;1;1;1;1;1;43;231
2022-10-19;"60+";161;161;161;161;161;161;161;161;161;161;161;161;921;921;921;921;921;921;921;921;921;921;921;921;1;1;1;1;1;1;1;1;1;1;1;146;873
2022-10-19;"alle";206;206;206;206;206;206;206;206;206;206;206;206;1163;1163;1163;1163;1163;1163;1163;1163;1163;1163;1163;1163;NA;NA;NA;NA;NA;NA;NA;NA;NA;NA;NA;189;1104
2022-10-18;"0-60";71;71;71;71;71;71;71;71;71;71;71;71;237;237;237;237;237;237;237;237;237;237;237;237;1;1;1;1;1;1;1;1;1;1;1;69;225
2022-10-18;"60+";275;275;275;275;275;275;275;275;275;275;275;275;909;909;909;909;909;909;909;909;909;909;909;909;1;1;1;1;1;1;1;1;1;1;1;266;871
2022-10-18;"alle";346;346;346;346;346;346;346;346;346;346;346;346;1146;1146;1146;1146;1146;1146;1146;1146;1146;1146;1146;1146;NA;NA;NA;NA;NA;NA;NA;NA;NA;NA;NA;335;1096
2022-10-17;"0-60";19;19;19;19;19;19;19;19;19;19;19;19;228;228;228;228;228;228;228;228;228;228;228;228;1;1;1;1;1;1;1;1;1;1;1;18;216
2022-10-17;"60+";50;50;50;50;50;50;50;50;50;50;50;50;915;915;915;915;915;915;915;915;915;915;915;915;1;1;1;1;1;1;1;1;1;1;1;45;873
2022-10-17;"alle";69;69;69;69;69;69;69;69;69;69;69;69;1143;1143;1143;1143;1143;1143;1143;1143;1143;1143;1143;1143;NA;NA;NA;NA;NA;NA;NA;NA;NA;NA;NA;63;1089
2022-10-16;"0-60";7;7;7;7;7;7;7;7;7;7;7;7;218;218;218;218;218;218;218;218;218;218;218;218;1;1;1;1;1;1;1;1;1;1;1;7;201
2022-10-16;"60+";41;41;41;41;41;41;41;41;41;41;41;41;912;912;912;912;912;912;912;912;912;912;912;912;1;1;1;1;1;1;1;1;1;1;1;39;871
2022-10-16;"alle";48;48;48;48;48;48;48;48;48;48;48;48;1130;1130;1130;1130;1130;1130;1130;1130;1130;1130;1130;1130;NA;NA;NA;NA;NA;NA;NA;NA;NA;NA;NA;46;1072
2022-10-15;"0-60";30;30;30;30;30;30;30;30;30;30;30;30;220;220;220;220;220;220;220;220;220;220;220;220;1;1;1;1;1;1;1;1;1;1;1;27;203
2022-10-15;"60+";112;112;112;112;112;112;112;112;112;112;112;112;911;911;911;911;911;911;911;911;911;911;911;911;1;1;1;1;1;1;1;1;1;1;1;106;867
2022-10-15;"alle";142;142;142;142;142;142;142;142;142;142;142;142;1131;1131;1131;1131;1131;1131;1131;1131;1131;1131;1131;1131;NA;NA;NA;NA;NA;NA;NA;NA;NA;NA;NA;133;1070
2022-10-14;"0-60";27;27;27;27;27;27;27;27;27;27;27;27;228;228;228;228;228;228;228;228;228;228;228;228;1;1;1;1;1;1;1;1;1;1;1;25;212
2022-10-14;"60+";142;142;142;142;142;142;142;142;142;142;142;142;920;920;920;920;920;920;920;920;920;920;920;920;1;1;1;1;1;1;1;1;1;1;1;136;879
2022-10-14;"alle";169;169;169;169;169;169;169;169;169;169;169;169;1148;1148;1148;1148;1148;1148;1148;1148;1148;1148;1148;1148;NA;NA;NA;NA;NA;NA;NA;NA;NA;NA;NA;161;1092
2022-10-13;"0-60";43;43;43;43;43;43;43;43;43;43;43;43;242;242;242;242;242;242;242;242;242;242;242;242;1;1;1;1;1;1;1;1;1;1;1;42;226
2022-10-13;"60+";140;140;140;140;140;140;140;140;140;140;140;140;919;919;919;919;919;919;919;919;919;919;919;919;1;1;1;1;1;1;1;1;1;1;1;135;876
2022-10-13;"alle";183;183;183;183;183;183;183;183;183;183;183;183;1161;1161;1161;1161;1161;1161;1161;1161;1161;1161;1161;1161;NA;NA;NA;NA;NA;NA;NA;NA;NA;NA;NA;177;1103
2022-10-12;"0-60";40;40;40;40;40;40;40;40;40;40;40;40;249;249;249;249;249;249;249;249;249;249;249;249;1;1;1;1;1;1;1;1;1;1;1;37;230
2022-10-12;"60+";149;149;149;149;149;149;149;149;149;149;149;149;954;954;954;954;954;954;954;954;954;954;954;954;1;1;1;1;1;1;1;1;1;1;1;144;902
2022-10-12;"alle";189;189;189;189;189;189;189;189;189;189;189;189;1203;1203;1203;1203;1203;1203;1203;1203;1203;1203;1203;1203;NA;NA;NA;NA;NA;NA;NA;NA;NA;NA;NA;181;1134
2022-10-11;"0-60";62;62;62;62;62;62;62;62;62;62;62;62;259;259;259;259;259;259;259;259;259;259;259;259;1;1;1;1;1;1;1;1;1;1;1;60;240
2022-10-11;"60+";281;281;281;281;281;281;281;281;281;281;281;281;1024;1024;1024;1024;1024;1024;1024;1024;1024;1024;1024;1024;1;1;1;1;1;1;1;1;1;1;1;268;967
2022-10-11;"alle";343;343;343;343;343;343;343;343;343;343;343;343;1283;1283;1283;1283;1283;1283;1283;1283;1283;1283;1283;1283;NA;NA;NA;NA;NA;NA;NA;NA;NA;NA;NA;328;1209
2022-10-10;"0-60";9;9;9;9;9;9;9;9;9;9;9;9;216;216;216;216;216;216;216;216;216;216;216;216;1;1;1;1;1;1;1;1;1;1;1;3;198
2022-10-10;"60+";47;47;47;47;47;47;47;47;47;47;47;47;798;798;798;798;798;798;798;798;798;798;798;798;1;1;1;1;1;1;1;1;1;1;1;43;752
2022-10-10;"alle";56;56;56;56;56;56;56;56;56;56;56;56;1014;1014;1014;1014;1014;1014;1014;1014;1014;1014;1014;1014;NA;NA;NA;NA;NA;NA;NA;NA;NA;NA;NA;46;952
2022-10-09;"0-60";9;9;9;9;9;9;9;9;9;9;9;9;216;216;216;216;216;216;216;216;216;216;216;216;1;1;1;1;1;1;1;1;1;1;1;9;201
2022-10-09;"60+";40;40;40;40;40;40;40;40;40;40;40;40;790;790;790;790;790;790;790;790;790;790;790;790;1;1;1;1;1;1;1;1;1;1;1;35;743
2022-10-09;"alle";49;49;49;49;49;49;49;49;49;49;49;49;1006;1006;1006;1006;1006;1006;1006;1006;1006;1006;1006;1006;NA;NA;NA;NA;NA;NA;NA;NA;NA;NA;NA;44;946
2022-10-08;"0-60";38;38;38;38;38;38;38;38;38;38;38;38;215;215;215;215;215;215;215;215;215;215;215;215;1;1;1;1;1;1;1;1;1;1;1;36;200
2022-10-08;"60+";121;121;121;121;121;121;121;121;121;121;121;121;779;779;779;779;779;779;779;779;779;779;779;779;1;1;1;1;1;1;1;1;1;1;1;118;735
2022-10-08;"alle";159;159;159;159;159;159;159;159;159;159;159;159;994;994;994;994;994;994;994;994;994;994;994;994;NA;NA;NA;NA;NA;NA;NA;NA;NA;NA;NA;155;937
2022-10-07;"0-60";41;41;41;41;41;41;41;41;41;41;41;41;200;200;200;200;200;200;200;200;200;200;200;200;1;1;1;1;1;1;1;1;1;1;1;39;186
2022-10-07;"60+";141;141;141;141;141;141;141;141;141;141;141;141;742;742;742;742;742;742;742;742;742;742;742;742;1;1;1;1;1;1;1;1;1;1;1;133;699
2022-10-07;"alle";182;182;182;182;182;182;182;182;182;182;182;182;942;942;942;942;942;942;942;942;942;942;942;942;NA;NA;NA;NA;NA;NA;NA;NA;NA;NA;NA;172;886
2022-10-06;"0-60";50;50;50;50;50;50;50;50;50;50;50;50;194;194;194;194;194;194;194;194;194;194;194;194;1;1;1;1;1;1;1;1;1;1;1;46;181
2022-10-06;"60+";175;175;175;175;175;175;175;175;175;175;175;175;695;695;695;695;695;695;695;695;695;695;695;695;1;1;1;1;1;1;1;1;1;1;1;161;659
2022-10-06;"alle";225;225;225;225;225;225;225;225;225;225;225;225;889;889;889;889;889;889;889;889;889;889;889;889;NA;NA;NA;NA;NA;NA;NA;NA;NA;NA;NA;208;841
2022-10-05;"0-60";50;50;50;50;50;50;50;50;50;50;50;50;178;178;178;178;178;178;178;178;178;178;178;178;1;1;1;1;1;1;1;1;1;1;1;47;168
2022-10-05;"60+";219;219;219;219;219;219;219;219;219;219;219;219;624;624;624;624;624;624;624;624;624;624;624;624;1;1;1;1;1;1;1;1;1;1;1;209;598
2022-10-05;"alle";269;269;269;269;269;269;269;269;269;269;269;269;802;802;802;802;802;802;802;802;802;802;802;802;NA;NA;NA;NA;NA;NA;NA;NA;NA;NA;NA;256;766
2022-10-04;"0-60";19;19;19;19;19;19;19;19;19;19;19;19;165;165;165;165;165;165;165;165;165;165;165;165;1;1;1;1;1;1;1;1;1;1;1;18;155
2022-10-04;"60+";55;55;55;55;55;55;55;55;55;55;55;55;505;505;505;505;505;505;505;505;505;505;505;505;1;1;1;1;1;1;1;1;1;1;1;53;483
2022-10-04;"alle";74;74;74;74;74;74;74;74;74;74;74;74;670;670;670;670;670;670;670;670;670;670;670;670;NA;NA;NA;NA;NA;NA;NA;NA;NA;NA;NA;71;638
2022-10-03;"0-60";9;9;9;9;9;9;9;9;9;9;9;9;184;184;184;184;184;184;184;184;184;184;184;184;1;1;1;1;1;1;1;1;1;1;1;6;171
2022-10-03;"60+";39;39;39;39;39;39;39;39;39;39;39;39;590;590;590;590;590;590;590;590;590;590;590;590;1;1;1;1;1;1;1;1;1;1;1;34;564
2022-10-03;"alle";48;48;48;48;48;48;48;48;48;48;48;48;774;774;774;774;774;774;774;774;774;774;774;774;NA;NA;NA;NA;NA;NA;NA;NA;NA;NA;NA;40;735
2022-10-02;"0-60";8;8;8;8;8;8;8;8;8;8;8;8;179;179;179;179;179;179;179;179;179;179;179;179;1;1;1;1;1;1;1;1;1;1;1;8;169
2022-10-02;"60+";29;29;29;29;29;29;29;29;29;29;29;29;572;572;572;572;572;572;572;572;572;572;572;572;1;1;1;1;1;1;1;1;1;1;1;27;549
2022-10-02;"alle";37;37;37;37;37;37;37;37;37;37;37;37;751;751;751;751;751;751;751;751;751;751;751;751;NA;NA;NA;NA;NA;NA;NA;NA;NA;NA;NA;35;718
2022-10-01;"0-60";23;23;23;23;23;23;23;23;23;23;23;23;178;178;178;178;178;178;178;178;178;178;178;178;1;1;1;1;1;1;1;1;1;1;1;22;164
2022-10-01;"60+";84;84;84;84;84;84;84;84;84;84;84;84;590;590;590;590;590;590;590;590;590;590;590;590;1;1;1;1;1;1;1;1;1;1;1;82;566
2022-10-01;"alle";107;107;107;107;107;107;107;107;107;107;107;107;768;768;768;768;768;768;768;768;768;768;768;768;NA;NA;NA;NA;NA;NA;NA;NA;NA;NA;NA;104;730
2022-09-30;"0-60";35;35;35;35;35;35;35;35;35;35;35;35;183;183;183;183;183;183;183;183;183;183;183;183;1;1;1;1;1;1;1;1;1;1;1;34;168
2022-09-30;"60+";94;94;94;94;94;94;94;94;94;94;94;94;563;563;563;563;563;563;563;563;563;563;563;563;1;1;1;1;1;1;1;1;1;1;1;93;537
2022-09-30;"alle";129;129;129;129;129;129;129;129;129;129;129;129;746;746;746;746;746;746;746;746;746;746;746;746;NA;NA;NA;NA;NA;NA;NA;NA;NA;NA;NA;127;705
2022-09-29;"0-60";34;34;34;34;34;34;34;34;34;34;34;34;167;167;167;167;167;167;167;167;167;167;167;167;1;1;1;1;1;1;1;1;1;1;1;33;149
2022-09-29;"60+";104;104;104;104;104;104;104;104;104;104;104;104;542;542;542;542;542;542;542;542;542;542;542;542;1;1;1;1;1;1;1;1;1;1;1;100;513
2022-09-29;"alle";138;138;138;138;138;138;138;138;138;138;138;138;709;709;709;709;709;709;709;709;709;709;709;709;NA;NA;NA;NA;NA;NA;NA;NA;NA;NA;NA;133;662
2022-09-28;"0-60";37;37;37;37;37;37;37;37;37;37;37;37;159;159;159;159;159;159;159;159;159;159;159;159;1;1;1;1;1;1;1;1;1;1;1;34;142
2022-09-28;"60+";100;100;100;100;100;100;100;100;100;100;100;100;494;494;494;494;494;494;494;494;494;494;494;494;1;1;1;1;1;1;1;1;1;1;1;94;465
2022-09-28;"alle";137;137;137;137;137;137;137;137;137;137;137;137;653;653;653;653;653;653;653;653;653;653;653;653;NA;NA;NA;NA;NA;NA;NA;NA;NA;NA;NA;128;607
2022-09-27;"0-60";38;38;38;38;38;38;38;38;38;38;38;38;138;138;138;138;138;138;138;138;138;138;138;138;1;1;1;1;1;1;1;1;1;1;1;34;124
2022-09-27;"60+";140;140;140;140;140;140;140;140;140;140;140;140;464;464;464;464;464;464;464;464;464;464;464;464;1;1;1;1;1;1;1;1;1;1;1;134;438
2022-09-27;"alle";178;178;178;178;178;178;178;178;178;178;178;178;602;602;602;602;602;602;602;602;602;602;602;602;NA;NA;NA;NA;NA;NA;NA;NA;NA;NA;NA;168;562
2022-09-26;"0-60";4;4;4;4;4;4;4;4;4;4;4;4;121;121;121;121;121;121;121;121;121;121;121;121;1;1;1;1;1;1;1;1;1;1;1;4;111
2022-09-26;"60+";21;21;21;21;21;21;21;21;21;21;21;21;419;419;419;419;419;419;419;419;419;419;419;419;1;1;1;1;1;1;1;1;1;1;1;19;396
2022-09-26;"alle";25;25;25;25;25;25;25;25;25;25;25;25;540;540;540;540;540;540;540;540;540;540;540;540;NA;NA;NA;NA;NA;NA;NA;NA;NA;NA;NA;23;507
2022-09-25;"0-60";7;7;7;7;7;7;7;7;7;7;7;7;121;121;121;121;121;121;121;121;121;121;121;121;1;1;1;1;1;1;1;1;1;1;1;3;111
2022-09-25;"60+";47;47;47;47;47;47;47;47;47;47;47;47;412;412;412;412;412;412;412;412;412;412;412;412;1;1;1;1;1;1;1;1;1;1;1;44;390
2022-09-25;"alle";54;54;54;54;54;54;54;54;54;54;54;54;533;533;533;533;533;533;533;533;533;533;533;533;NA;NA;NA;NA;NA;NA;NA;NA;NA;NA;NA;47;501
2022-09-24;"0-60";28;28;28;28;28;28;28;28;28;28;28;28;118;118;118;118;118;118;118;118;118;118;118;118;1;1;1;1;1;1;1;1;1;1;1;26;110
2022-09-24;"60+";57;57;57;57;57;57;57;57;57;57;57;57;378;378;378;378;378;378;378;378;378;378;378;378;1;1;1;1;1;1;1;1;1;1;1;53;358
2022-09-24;"alle";85;85;85;85;85;85;85;85;85;85;85;85;496;496;496;496;496;496;496;496;496;496;496;496;NA;NA;NA;NA;NA;NA;NA;NA;NA;NA;NA;79;468
2022-09-23;"0-60";19;19;19;19;19;19;19;19;19;19;19;19;102;102;102;102;102;102;102;102;102;102;102;102;1;1;1;1;1;1;1;1;1;1;1;15;94
2022-09-23;"60+";73;73;73;73;73;73;73;73;73;73;73;73;357;357;357;357;357;357;357;357;357;357;357;357;1;1;1;1;1;1;1;1;1;1;1;69;334
2022-09-23;"alle";92;92;92;92;92;92;92;92;92;92;92;92;459;459;459;459;459;459;459;459;459;459;459;459;NA;NA;NA;NA;NA;NA;NA;NA;NA;NA;NA;84;428
2022-09-22;"0-60";26;26;26;26;26;26;26;26;26;26;26;26;97;97;97;97;97;97;97;97;97;97;97;97;1;1;1;1;1;1;1;1;1;1;1;26;91
2022-09-22;"60+";56;56;56;56;56;56;56;56;56;56;56;56;319;319;319;319;319;319;319;319;319;319;319;319;1;1;1;1;1;1;1;1;1;1;1;52;293
2022-09-22;"alle";82;82;82;82;82;82;82;82;82;82;82;82;416;416;416;416;416;416;416;416;416;416;416;416;NA;NA;NA;NA;NA;NA;NA;NA;NA;NA;NA;78;384
2022-09-21;"0-60";16;16;16;16;16;16;16;16;16;16;16;16;78;78;78;78;78;78;78;78;78;78;78;78;1;1;1;1;1;1;1;1;1;1;1;16;71
2022-09-21;"60+";70;70;70;70;70;70;70;70;70;70;70;70;302;302;302;302;302;302;302;302;302;302;302;302;1;1;1;1;1;1;1;1;1;1;1;67;276
2022-09-21;"alle";86;86;86;86;86;86;86;86;86;86;86;86;380;380;380;380;380;380;380;380;380;380;380;380;NA;NA;NA;NA;NA;NA;NA;NA;NA;NA;NA;83;347
2022-09-20;"0-60";21;21;21;21;21;21;21;21;21;21;21;21;72;72;72;72;72;72;72;72;72;72;72;72;1;1;1;1;1;1;1;1;1;1;1;21;62
2022-09-20;"60+";95;95;95;95;95;95;95;95;95;95;95;95;253;253;253;253;253;253;253;253;253;253;253;253;1;1;1;1;1;1;1;1;1;1;1;92;227
2022-09-20;"alle";116;116;116;116;116;116;116;116;116;116;116;116;325;325;325;325;325;325;325;325;325;325;325;325;NA;NA;NA;NA;NA;NA;NA;NA;NA;NA;NA;113;289
2022-09-19;"0-60";4;4;4;4;4;4;4;4;4;4;4;4;83;83;83;83;83;83;83;83;83;83;83;83;1;1;1;1;1;1;1;1;1;1;1;4;72
2022-09-19;"60+";14;14;14;14;14;14;14;14;14;14;14;14;228;228;228;228;228;228;228;228;228;228;228;228;1;1;1;1;1;1;1;1;1;1;1;13;199
2022-09-19;"alle";18;18;18;18;18;18;18;18;18;18;18;18;311;311;311;311;311;311;311;311;311;311;311;311;NA;NA;NA;NA;NA;NA;NA;NA;NA;NA;NA;17;271
2022-09-18;"0-60";4;4;4;4;4;4;4;4;4;4;4;4;80;80;80;80;80;80;80;80;80;80;80;80;1;1;1;1;1;1;1;1;1;1;1;2;69
2022-09-18;"60+";13;13;13;13;13;13;13;13;13;13;13;13;221;221;221;221;221;221;221;221;221;221;221;221;1;1;1;1;1;1;1;1;1;1;1;12;190
2022-09-18;"alle";17;17;17;17;17;17;17;17;17;17;17;17;301;301;301;301;301;301;301;301;301;301;301;301;NA;NA;NA;NA;NA;NA;NA;NA;NA;NA;NA;14;259
2022-09-17;"0-60";12;12;12;12;12;12;12;12;12;12;12;12;76;76;76;76;76;76;76;76;76;76;76;76;1;1;1;1;1;1;1;1;1;1;1;10;67
2022-09-17;"60+";36;36;36;36;36;36;36;36;36;36;36;36;219;219;219;219;219;219;219;219;219;219;219;219;1;1;1;1;1;1;1;1;1;1;1;29;185
2022-09-17;"alle";48;48;48;48;48;48;48;48;48;48;48;48;295;295;295;295;295;295;295;295;295;295;295;295;NA;NA;NA;NA;NA;NA;NA;NA;NA;NA;NA;39;252
2022-09-16;"0-60";14;14;14;14;14;14;14;14;14;14;14;14;68;68;68;68;68;68;68;68;68;68;68;68;1;1;1;1;1;1;1;1;1;1;1;12;61
2022-09-16;"60+";35;35;35;35;35;35;35;35;35;35;35;35;217;217;217;217;217;217;217;217;217;217;217;217;1;1;1;1;1;1;1;1;1;1;1;28;186
2022-09-16;"alle";49;49;49;49;49;49;49;49;49;49;49;49;285;285;285;285;285;285;285;285;285;285;285;285;NA;NA;NA;NA;NA;NA;NA;NA;NA;NA;NA;40;247
2022-09-15;"0-60";7;7;7;7;7;7;7;7;7;7;7;7;61;61;61;61;61;61;61;61;61;61;61;61;1;1;1;1;1;1;1;1;1;1;1;6;54
2022-09-15;"60+";39;39;39;39;39;39;39;39;39;39;39;39;210;210;210;210;210;210;210;210;210;210;210;210;1;1;1;1;1;1;1;1;1;1;1;35;185
2022-09-15;"alle";46;46;46;46;46;46;46;46;46;46;46;46;271;271;271;271;271;271;271;271;271;271;271;271;NA;NA;NA;NA;NA;NA;NA;NA;NA;NA;NA;41;239
2022-09-14;"0-60";10;10;10;10;10;10;10;10;10;10;10;10;66;66;66;66;66;66;66;66;66;66;66;66;1;1;1;1;1;1;1;1;1;1;1;7;58
2022-09-14;"60+";21;21;21;21;21;21;21;21;21;21;21;21;208;208;208;208;208;208;208;208;208;208;208;208;1;1;1;1;1;1;1;1;1;1;1;18;180
2022-09-14;"alle";31;31;31;31;31;31;31;31;31;31;31;31;274;274;274;274;274;274;274;274;274;274;274;274;NA;NA;NA;NA;NA;NA;NA;NA;NA;NA;NA;25;238
2022-09-13;"0-60";32;32;32;32;32;32;32;32;32;32;32;32;63;63;63;63;63;63;63;63;63;63;63;63;1;1;1;1;1;1;1;1;1;1;1;31;57
2022-09-13;"60+";70;70;70;70;70;70;70;70;70;70;70;70;224;224;224;224;224;224;224;224;224;224;224;224;1;1;1;1;1;1;1;1;1;1;1;64;195
2022-09-13;"alle";102;102;102;102;102;102;102;102;102;102;102;102;287;287;287;287;287;287;287;287;287;287;287;287;NA;NA;NA;NA;NA;NA;NA;NA;NA;NA;NA;95;252
2022-09-12;"0-60";1;1;1;1;1;1;1;1;1;1;1;1;56;56;56;56;56;56;56;56;56;56;56;56;1;1;1;1;1;1;1;1;1;1;1;1;47
2022-09-12;"60+";7;7;7;7;7;7;7;7;7;7;7;7;199;199;199;199;199;199;199;199;199;199;199;199;1;1;1;1;1;1;1;1;1;1;1;4;170
2022-09-12;"alle";8;8;8;8;8;8;8;8;8;8;8;8;255;255;255;255;255;255;255;255;255;255;255;255;NA;NA;NA;NA;NA;NA;NA;NA;NA;NA;NA;5;217
2022-09-11;"0-60";0;0;0;0;0;0;0;0;0;0;0;0;63;63;63;63;63;63;63;63;63;63;63;63;1;1;1;1;1;1;1;1;1;1;1;0;51
2022-09-11;"60+";11;11;11;11;11;11;11;11;11;11;11;11;207;207;207;207;207;207;207;207;207;207;207;207;1;1;1;1;1;1;1;1;1;1;1;7;178
2022-09-11;"alle";11;11;11;11;11;11;11;11;11;11;11;11;270;270;270;270;270;270;270;270;270;270;270;270;NA;NA;NA;NA;NA;NA;NA;NA;NA;NA;NA;7;229
2022-09-10;"0-60";4;4;4;4;4;4;4;4;4;4;4;4;66;66;66;66;66;66;66;66;66;66;66;66;1;1;1;1;1;1;1;1;1;1;1;4;53
2022-09-10;"60+";34;34;34;34;34;34;34;34;34;34;34;34;205;205;205;205;205;205;205;205;205;205;205;205;1;1;1;1;1;1;1;1;1;1;1;30;177
2022-09-10;"alle";38;38;38;38;38;38;38;38;38;38;38;38;271;271;271;271;271;271;271;271;271;271;271;271;NA;NA;NA;NA;NA;NA;NA;NA;NA;NA;NA;34;230
2022-09-09;"0-60";7;7;7;7;7;7;7;7;7;7;7;7;66;66;66;66;66;66;66;66;66;66;66;66;1;1;1;1;1;1;1;1;1;1;1;5;52
2022-09-09;"60+";28;28;28;28;28;28;28;28;28;28;28;28;187;187;187;187;187;187;187;187;187;187;187;187;1;1;1;1;1;1;1;1;1;1;1;27;161
2022-09-09;"alle";35;35;35;35;35;35;35;35;35;35;35;35;253;253;253;253;253;253;253;253;253;253;253;253;NA;NA;NA;NA;NA;NA;NA;NA;NA;NA;NA;32;213
2022-09-08;"0-60";12;12;12;12;12;12;12;12;12;12;12;12;67;67;67;67;67;67;67;67;67;67;67;67;1;1;1;1;1;1;1;1;1;1;1;10;55
2022-09-08;"60+";37;37;37;37;37;37;37;37;37;37;37;37;177;177;177;177;177;177;177;177;177;177;177;177;1;1;1;1;1;1;1;1;1;1;1;30;151
2022-09-08;"alle";49;49;49;49;49;49;49;49;49;49;49;49;244;244;244;244;244;244;244;244;244;244;244;244;NA;NA;NA;NA;NA;NA;NA;NA;NA;NA;NA;40;206
2022-09-07;"0-60";7;7;7;7;7;7;7;7;7;7;7;7;61;61;61;61;61;61;61;61;61;61;61;61;1;1;1;1;1;1;1;1;1;1;1;6;51
2022-09-07;"60+";37;37;37;37;37;37;37;37;37;37;37;37;165;165;165;165;165;165;165;165;165;165;165;165;1;1;1;1;1;1;1;1;1;1;1;33;144
2022-09-07;"alle";44;44;44;44;44;44;44;44;44;44;44;44;226;226;226;226;226;226;226;226;226;226;226;226;NA;NA;NA;NA;NA;NA;NA;NA;NA;NA;NA;39;195
2022-09-06;"0-60";25;25;25;25;25;25;25;25;25;25;25;25;61;61;61;61;61;61;61;61;61;61;61;61;1;1;1;1;1;1;1;1;1;1;1;21;52
2022-09-06;"60+";45;45;45;45;45;45;45;45;45;45;45;45;151;151;151;151;151;151;151;151;151;151;151;151;1;1;1;1;1;1;1;1;1;1;1;39;133
2022-09-06;"alle";70;70;70;70;70;70;70;70;70;70;70;70;212;212;212;212;212;212;212;212;212;212;212;212;NA;NA;NA;NA;NA;NA;NA;NA;NA;NA;NA;60;185
2022-09-05;"0-60";8;8;8;8;8;8;8;8;8;8;8;8;52;52;52;52;52;52;52;52;52;52;52;52;1;1;1;1;1;1;1;1;1;1;1;5;45
2022-09-05;"60+";15;15;15;15;15;15;15;15;15;15;15;15;143;143;143;143;143;143;143;143;143;143;143;143;1;1;1;1;1;1;1;1;1;1;1;12;129
2022-09-05;"alle";23;23;23;23;23;23;23;23;23;23;23;23;195;195;195;195;195;195;195;195;195;195;195;195;NA;NA;NA;NA;NA;NA;NA;NA;NA;NA;NA;17;174
2022-09-04;"0-60";3;3;3;3;3;3;3;3;3;3;3;3;45;45;45;45;45;45;45;45;45;45;45;45;1;1;1;1;1;1;1;1;1;1;1;2;41
2022-09-04;"60+";9;9;9;9;9;9;9;9;9;9;9;9;139;139;139;139;139;139;139;139;139;139;139;139;1;1;1;1;1;1;1;1;1;1;1;6;128
2022-09-04;"alle";12;12;12;12;12;12;12;12;12;12;12;12;184;184;184;184;184;184;184;184;184;184;184;184;NA;NA;NA;NA;NA;NA;NA;NA;NA;NA;NA;8;169
2022-09-03;"0-60";4;4;4;4;4;4;4;4;4;4;4;4;44;44;44;44;44;44;44;44;44;44;44;44;1;1;1;1;1;1;1;1;1;1;1;3;41
2022-09-03;"60+";16;16;16;16;16;16;16;16;16;16;16;16;142;142;142;142;142;142;142;142;142;142;142;142;1;1;1;1;1;1;1;1;1;1;1;14;134
2022-09-03;"alle";20;20;20;20;20;20;20;20;20;20;20;20;186;186;186;186;186;186;186;186;186;186;186;186;NA;NA;NA;NA;NA;NA;NA;NA;NA;NA;NA;17;175
2022-09-02;"0-60";8;8;8;8;8;8;8;8;8;8;8;8;46;46;46;46;46;46;46;46;46;46;46;46;1;1;1;1;1;1;1;1;1;1;1;8;43
2022-09-02;"60+";18;18;18;18;18;18;18;18;18;18;18;18;145;145;145;145;145;145;145;145;145;145;145;145;1;1;1;1;1;1;1;1;1;1;1;17;138
2022-09-02;"alle";26;26;26;26;26;26;26;26;26;26;26;26;191;191;191;191;191;191;191;191;191;191;191;191;NA;NA;NA;NA;NA;NA;NA;NA;NA;NA;NA;25;181
2022-09-01;"0-60";6;6;6;6;6;6;6;6;6;6;6;6;42;42;42;42;42;42;42;42;42;42;42;42;1;1;1;1;1;1;1;1;1;1;1;6;39
2022-09-01;"60+";25;25;25;25;25;25;25;25;25;25;25;25;152;152;152;152;152;152;152;152;152;152;152;152;1;1;1;1;1;1;1;1;1;1;1;23;143
2022-09-01;"alle";31;31;31;31;31;31;31;31;31;31;31;31;194;194;194;194;194;194;194;194;194;194;194;194;NA;NA;NA;NA;NA;NA;NA;NA;NA;NA;NA;29;182
2022-08-31;"0-60";7;7;7;7;7;7;7;7;7;7;7;7;45;45;45;45;45;45;45;45;45;45;45;45;1;1;1;1;1;1;1;1;1;1;1;7;41
2022-08-31;"60+";23;23;23;23;23;23;23;23;23;23;23;23;143;143;143;143;143;143;143;143;143;143;143;143;1;1;1;1;1;1;1;1;1;1;1;22;136
2022-08-31;"alle";30;30;30;30;30;30;30;30;30;30;30;30;188;188;188;188;188;188;188;188;188;188;188;188;NA;NA;NA;NA;NA;NA;NA;NA;NA;NA;NA;29;177
2022-08-30;"0-60";16;16;16;16;16;16;16;16;16;16;16;16;43;43;43;43;43;43;43;43;43;43;43;43;1;1;1;1;1;1;1;1;1;1;1;14;39
2022-08-30;"60+";37;37;37;37;37;37;37;37;37;37;37;37;153;153;153;153;153;153;153;153;153;153;153;153;1;1;1;1;1;1;1;1;1;1;1;35;143
2022-08-30;"alle";53;53;53;53;53;53;53;53;53;53;53;53;196;196;196;196;196;196;196;196;196;196;196;196;NA;NA;NA;NA;NA;NA;NA;NA;NA;NA;NA;49;182
2022-08-29;"0-60";1;1;1;1;1;1;1;1;1;1;1;1;37;37;37;37;37;37;37;37;37;37;37;37;1;1;1;1;1;1;1;1;1;1;1;1;35
2022-08-29;"60+";11;11;11;11;11;11;11;11;11;11;11;11;170;170;170;170;170;170;170;170;170;170;170;170;1;1;1;1;1;1;1;1;1;1;1;11;160
2022-08-29;"alle";12;12;12;12;12;12;12;12;12;12;12;12;207;207;207;207;207;207;207;207;207;207;207;207;NA;NA;NA;NA;NA;NA;NA;NA;NA;NA;NA;12;195
2022-08-28;"0-60";2;2;2;2;2;2;2;2;2;2;2;2;39;39;39;39;39;39;39;39;39;39;39;39;1;1;1;1;1;1;1;1;1;1;1;2;37
2022-08-28;"60+";12;12;12;12;12;12;12;12;12;12;12;12;168;168;168;168;168;168;168;168;168;168;168;168;1;1;1;1;1;1;1;1;1;1;1;12;158
2022-08-28;"alle";14;14;14;14;14;14;14;14;14;14;14;14;207;207;207;207;207;207;207;207;207;207;207;207;NA;NA;NA;NA;NA;NA;NA;NA;NA;NA;NA;14;195
2022-08-27;"0-60";6;6;6;6;6;6;6;6;6;6;6;6;37;37;37;37;37;37;37;37;37;37;37;37;1;1;1;1;1;1;1;1;1;1;1;5;35
2022-08-27;"60+";19;19;19;19;19;19;19;19;19;19;19;19;166;166;166;166;166;166;166;166;166;166;166;166;1;1;1;1;1;1;1;1;1;1;1;18;156
2022-08-27;"alle";25;25;25;25;25;25;25;25;25;25;25;25;203;203;203;203;203;203;203;203;203;203;203;203;NA;NA;NA;NA;NA;NA;NA;NA;NA;NA;NA;23;191
2022-08-26;"0-60";4;4;4;4;4;4;4;4;4;4;4;4;39;39;39;39;39;39;39;39;39;39;39;39;1;1;1;1;1;1;1;1;1;1;1;4;36
2022-08-26;"60+";25;25;25;25;25;25;25;25;25;25;25;25;167;167;167;167;167;167;167;167;167;167;167;167;1;1;1;1;1;1;1;1;1;1;1;22;156
2022-08-26;"alle";29;29;29;29;29;29;29;29;29;29;29;29;206;206;206;206;206;206;206;206;206;206;206;206;NA;NA;NA;NA;NA;NA;NA;NA;NA;NA;NA;26;192
2022-08-25;"0-60";9;9;9;9;9;9;9;9;9;9;9;9;45;45;45;45;45;45;45;45;45;45;45;45;1;1;1;1;1;1;1;1;1;1;1;8;42
2022-08-25;"60+";16;16;16;16;16;16;16;16;16;16;16;16;182;182;182;182;182;182;182;182;182;182;182;182;1;1;1;1;1;1;1;1;1;1;1;16;173
2022-08-25;"alle";25;25;25;25;25;25;25;25;25;25;25;25;227;227;227;227;227;227;227;227;227;227;227;227;NA;NA;NA;NA;NA;NA;NA;NA;NA;NA;NA;24;215
2022-08-24;"0-60";5;5;5;5;5;5;5;5;5;5;5;5;48;48;48;48;48;48;48;48;48;48;48;48;1;1;1;1;1;1;1;1;1;1;1;5;46
2022-08-24;"60+";33;33;33;33;33;33;33;33;33;33;33;33;202;202;202;202;202;202;202;202;202;202;202;202;1;1;1;1;1;1;1;1;1;1;1;29;188
2022-08-24;"alle";38;38;38;38;38;38;38;38;38;38;38;38;250;250;250;250;250;250;250;250;250;250;250;250;NA;NA;NA;NA;NA;NA;NA;NA;NA;NA;NA;34;234
2022-08-23;"0-60";10;10;10;10;10;10;10;10;10;10;10;10;52;52;52;52;52;52;52;52;52;52;52;52;1;1;1;1;1;1;1;1;1;1;1;10;50
2022-08-23;"60+";54;54;54;54;54;54;54;54;54;54;54;54;211;211;211;211;211;211;211;211;211;211;211;211;1;1;1;1;1;1;1;1;1;1;1;52;194
2022-08-23;"alle";64;64;64;64;64;64;64;64;64;64;64;64;263;263;263;263;263;263;263;263;263;263;263;263;NA;NA;NA;NA;NA;NA;NA;NA;NA;NA;NA;62;244
2022-08-22;"0-60";3;3;3;3;3;3;3;3;3;3;3;3;55;55;55;55;55;55;55;55;55;55;55;55;1;1;1;1;1;1;1;1;1;1;1;3;53
2022-08-22;"60+";9;9;9;9;9;9;9;9;9;9;9;9;212;212;212;212;212;212;212;212;212;212;212;212;1;1;1;1;1;1;1;1;1;1;1;9;197
2022-08-22;"alle";12;12;12;12;12;12;12;12;12;12;12;12;267;267;267;267;267;267;267;267;267;267;267;267;NA;NA;NA;NA;NA;NA;NA;NA;NA;NA;NA;12;250
2022-08-21;"0-60";0;0;0;0;0;0;0;0;0;0;0;0;54;54;54;54;54;54;54;54;54;54;54;54;1;1;1;1;1;1;1;1;1;1;1;0;52
2022-08-21;"60+";10;10;10;10;10;10;10;10;10;10;10;10;218;218;218;218;218;218;218;218;218;218;218;218;1;1;1;1;1;1;1;1;1;1;1;10;203
2022-08-21;"alle";10;10;10;10;10;10;10;10;10;10;10;10;272;272;272;272;272;272;272;272;272;272;272;272;NA;NA;NA;NA;NA;NA;NA;NA;NA;NA;NA;10;255
2022-08-20;"0-60";8;8;8;8;8;8;8;8;8;8;8;8;57;57;57;57;57;57;57;57;57;57;57;57;1;1;1;1;1;1;1;1;1;1;1;6;55
2022-08-20;"60+";20;20;20;20;20;20;20;20;20;20;20;20;217;217;217;217;217;217;217;217;217;217;217;217;1;1;1;1;1;1;1;1;1;1;1;18;202
2022-08-20;"alle";28;28;28;28;28;28;28;28;28;28;28;28;274;274;274;274;274;274;274;274;274;274;274;274;NA;NA;NA;NA;NA;NA;NA;NA;NA;NA;NA;24;257
2022-08-19;"0-60";10;10;10;10;10;10;10;10;10;10;10;10;58;58;58;58;58;58;58;58;58;58;58;58;1;1;1;1;1;1;1;1;1;1;1;10;58
2022-08-19;"60+";40;40;40;40;40;40;40;40;40;40;40;40;230;230;230;230;230;230;230;230;230;230;230;230;1;1;1;1;1;1;1;1;1;1;1;39;215
2022-08-19;"alle";50;50;50;50;50;50;50;50;50;50;50;50;288;288;288;288;288;288;288;288;288;288;288;288;NA;NA;NA;NA;NA;NA;NA;NA;NA;NA;NA;49;273
2022-08-18;"0-60";12;12;12;12;12;12;12;12;12;12;12;12;60;60;60;60;60;60;60;60;60;60;60;60;1;1;1;1;1;1;1;1;1;1;1;12;59
2022-08-18;"60+";36;36;36;36;36;36;36;36;36;36;36;36;216;216;216;216;216;216;216;216;216;216;216;216;1;1;1;1;1;1;1;1;1;1;1;31;202
2022-08-18;"alle";48;48;48;48;48;48;48;48;48;48;48;48;276;276;276;276;276;276;276;276;276;276;276;276;NA;NA;NA;NA;NA;NA;NA;NA;NA;NA;NA;43;262
2022-08-17;"0-60";9;9;9;9;9;9;9;9;9;9;9;9;58;58;58;58;58;58;58;58;58;58;58;58;1;1;1;1;1;1;1;1;1;1;1;9;54
2022-08-17;"60+";42;42;42;42;42;42;42;42;42;42;42;42;205;205;205;205;205;205;205;205;205;205;205;205;1;1;1;1;1;1;1;1;1;1;1;35;193
2022-08-17;"alle";51;51;51;51;51;51;51;51;51;51;51;51;263;263;263;263;263;263;263;263;263;263;263;263;NA;NA;NA;NA;NA;NA;NA;NA;NA;NA;NA;44;248
2022-08-16;"0-60";13;13;13;13;13;13;13;13;13;13;13;13;57;57;57;57;57;57;57;57;57;57;57;57;1;1;1;1;1;1;1;1;1;1;1;13;53
2022-08-16;"60+";55;55;55;55;55;55;55;55;55;55;55;55;190;190;190;190;190;190;190;190;190;190;190;190;1;1;1;1;1;1;1;1;1;1;1;55;182
2022-08-16;"alle";68;68;68;68;68;68;68;68;68;68;68;68;247;247;247;247;247;247;247;247;247;247;247;247;NA;NA;NA;NA;NA;NA;NA;NA;NA;NA;NA;68;236
2022-08-15;"0-60";2;2;2;2;2;2;2;2;2;2;2;2;57;57;57;57;57;57;57;57;57;57;57;57;1;1;1;1;1;1;1;1;1;1;1;2;52
2022-08-15;"60+";15;15;15;15;15;15;15;15;15;15;15;15;206;206;206;206;206;206;206;206;206;206;206;206;1;1;1;1;1;1;1;1;1;1;1;15;187
2022-08-15;"alle";17;17;17;17;17;17;17;17;17;17;17;17;263;263;263;263;263;263;263;263;263;263;263;263;NA;NA;NA;NA;NA;NA;NA;NA;NA;NA;NA;17;240
2022-08-14;"0-60";3;3;3;3;3;3;3;3;3;3;3;3;57;57;57;57;57;57;57;57;57;57;57;57;1;1;1;1;1;1;1;1;1;1;1;3;52
2022-08-14;"60+";9;9;9;9;9;9;9;9;9;9;9;9;198;198;198;198;198;198;198;198;198;198;198;198;1;1;1;1;1;1;1;1;1;1;1;9;179
2022-08-14;"alle";12;12;12;12;12;12;12;12;12;12;12;12;255;255;255;255;255;255;255;255;255;255;255;255;NA;NA;NA;NA;NA;NA;NA;NA;NA;NA;NA;12;232
2022-08-13;"0-60";9;9;9;9;9;9;9;9;9;9;9;9;60;60;60;60;60;60;60;60;60;60;60;60;1;1;1;1;1;1;1;1;1;1;1;9;54
2022-08-13;"60+";33;33;33;33;33;33;33;33;33;33;33;33;207;207;207;207;207;207;207;207;207;207;207;207;1;1;1;1;1;1;1;1;1;1;1;31;188
2022-08-13;"alle";42;42;42;42;42;42;42;42;42;42;42;42;267;267;267;267;267;267;267;267;267;267;267;267;NA;NA;NA;NA;NA;NA;NA;NA;NA;NA;NA;40;243
2022-08-12;"0-60";12;12;12;12;12;12;12;12;12;12;12;12;63;63;63;63;63;63;63;63;63;63;63;63;1;1;1;1;1;1;1;1;1;1;1;11;55
2022-08-12;"60+";26;26;26;26;26;26;26;26;26;26;26;26;214;214;214;214;214;214;214;214;214;214;214;214;1;1;1;1;1;1;1;1;1;1;1;26;192
2022-08-12;"alle";38;38;38;38;38;38;38;38;38;38;38;38;277;277;277;277;277;277;277;277;277;277;277;277;NA;NA;NA;NA;NA;NA;NA;NA;NA;NA;NA;38;248
2022-08-11;"0-60";10;10;10;10;10;10;10;10;10;10;10;10;62;62;62;62;62;62;62;62;62;62;62;62;1;1;1;1;1;1;1;1;1;1;1;7;54
2022-08-11;"60+";25;25;25;25;25;25;25;25;25;25;25;25;235;235;235;235;235;235;235;235;235;235;235;235;1;1;1;1;1;1;1;1;1;1;1;22;212
2022-08-11;"alle";35;35;35;35;35;35;35;35;35;35;35;35;297;297;297;297;297;297;297;297;297;297;297;297;NA;NA;NA;NA;NA;NA;NA;NA;NA;NA;NA;29;266
2022-08-10;"0-60";8;8;8;8;8;8;8;8;8;8;8;8;59;59;59;59;59;59;59;59;59;59;59;59;1;1;1;1;1;1;1;1;1;1;1;8;54
2022-08-10;"60+";27;27;27;27;27;27;27;27;27;27;27;27;259;259;259;259;259;259;259;259;259;259;259;259;1;1;1;1;1;1;1;1;1;1;1;24;236
2022-08-10;"alle";35;35;35;35;35;35;35;35;35;35;35;35;318;318;318;318;318;318;318;318;318;318;318;318;NA;NA;NA;NA;NA;NA;NA;NA;NA;NA;NA;32;290
2022-08-09;"0-60";13;13;13;13;13;13;13;13;13;13;13;13;69;69;69;69;69;69;69;69;69;69;69;69;1;1;1;1;1;1;1;1;1;1;1;12;63
2022-08-09;"60+";71;71;71;71;71;71;71;71;71;71;71;71;308;308;308;308;308;308;308;308;308;308;308;308;1;1;1;1;1;1;1;1;1;1;1;60;278
2022-08-09;"alle";84;84;84;84;84;84;84;84;84;84;84;84;377;377;377;377;377;377;377;377;377;377;377;377;NA;NA;NA;NA;NA;NA;NA;NA;NA;NA;NA;72;341
2022-08-08;"0-60";2;2;2;2;2;2;2;2;2;2;2;2;68;68;68;68;68;68;68;68;68;68;68;68;1;1;1;1;1;1;1;1;1;1;1;2;62
2022-08-08;"60+";7;7;7;7;7;7;7;7;7;7;7;7;294;294;294;294;294;294;294;294;294;294;294;294;1;1;1;1;1;1;1;1;1;1;1;7;266
2022-08-08;"alle";9;9;9;9;9;9;9;9;9;9;9;9;362;362;362;362;362;362;362;362;362;362;362;362;NA;NA;NA;NA;NA;NA;NA;NA;NA;NA;NA;9;328
2022-08-07;"0-60";6;6;6;6;6;6;6;6;6;6;6;6;68;68;68;68;68;68;68;68;68;68;68;68;1;1;1;1;1;1;1;1;1;1;1;5;62
2022-08-07;"60+";18;18;18;18;18;18;18;18;18;18;18;18;295;295;295;295;295;295;295;295;295;295;295;295;1;1;1;1;1;1;1;1;1;1;1;18;267
2022-08-07;"alle";24;24;24;24;24;24;24;24;24;24;24;24;363;363;363;363;363;363;363;363;363;363;363;363;NA;NA;NA;NA;NA;NA;NA;NA;NA;NA;NA;23;329
2022-08-06;"0-60";12;12;12;12;12;12;12;12;12;12;12;12;64;64;64;64;64;64;64;64;64;64;64;64;1;1;1;1;1;1;1;1;1;1;1;10;59
2022-08-06;"60+";40;40;40;40;40;40;40;40;40;40;40;40;291;291;291;291;291;291;291;291;291;291;291;291;1;1;1;1;1;1;1;1;1;1;1;35;263
2022-08-06;"alle";52;52;52;52;52;52;52;52;52;52;52;52;355;355;355;355;355;355;355;355;355;355;355;355;NA;NA;NA;NA;NA;NA;NA;NA;NA;NA;NA;45;322
2022-08-05;"0-60";11;11;11;11;11;11;11;11;11;11;11;11;66;66;66;66;66;66;66;66;66;66;66;66;1;1;1;1;1;1;1;1;1;1;1;10;61
2022-08-05;"60+";47;47;47;47;47;47;47;47;47;47;47;47;311;311;311;311;311;311;311;311;311;311;311;311;1;1;1;1;1;1;1;1;1;1;1;46;278
2022-08-05;"alle";58;58;58;58;58;58;58;58;58;58;58;58;377;377;377;377;377;377;377;377;377;377;377;377;NA;NA;NA;NA;NA;NA;NA;NA;NA;NA;NA;56;339
2022-08-04;"0-60";7;7;7;7;7;7;7;7;7;7;7;7;66;66;66;66;66;66;66;66;66;66;66;66;1;1;1;1;1;1;1;1;1;1;1;7;61
2022-08-04;"60+";49;49;49;49;49;49;49;49;49;49;49;49;323;323;323;323;323;323;323;323;323;323;323;323;1;1;1;1;1;1;1;1;1;1;1;46;286
2022-08-04;"alle";56;56;56;56;56;56;56;56;56;56;56;56;389;389;389;389;389;389;389;389;389;389;389;389;NA;NA;NA;NA;NA;NA;NA;NA;NA;NA;NA;53;347
2022-08-03;"0-60";18;18;18;18;18;18;18;18;18;18;18;18;69;69;69;69;69;69;69;69;69;69;69;69;1;1;1;1;1;1;1;1;1;1;1;17;60
2022-08-03;"60+";76;76;76;76;76;76;76;76;76;76;76;76;329;329;329;329;329;329;329;329;329;329;329;329;1;1;1;1;1;1;1;1;1;1;1;66;290
2022-08-03;"alle";94;94;94;94;94;94;94;94;94;94;94;94;398;398;398;398;398;398;398;398;398;398;398;398;NA;NA;NA;NA;NA;NA;NA;NA;NA;NA;NA;83;350
2022-08-02;"0-60";12;12;12;12;12;12;12;12;12;12;12;12;66;66;66;66;66;66;66;66;66;66;66;66;1;1;1;1;1;1;1;1;1;1;1;11;54
2022-08-02;"60+";57;57;57;57;57;57;57;57;57;57;57;57;333;333;333;333;333;333;333;333;333;333;333;333;1;1;1;1;1;1;1;1;1;1;1;48;297
2022-08-02;"alle";69;69;69;69;69;69;69;69;69;69;69;69;399;399;399;399;399;399;399;399;399;399;399;399;NA;NA;NA;NA;NA;NA;NA;NA;NA;NA;NA;59;351
2022-08-01;"0-60";2;2;2;2;2;2;2;2;2;2;2;2;77;77;77;77;77;77;77;77;77;77;77;77;1;1;1;1;1;1;1;1;1;1;1;2;65
2022-08-01;"60+";8;8;8;8;8;8;8;8;8;8;8;8;398;398;398;398;398;398;398;398;398;398;398;398;1;1;1;1;1;1;1;1;1;1;1;8;358
2022-08-01;"alle";10;10;10;10;10;10;10;10;10;10;10;10;475;475;475;475;475;475;475;475;475;475;475;475;NA;NA;NA;NA;NA;NA;NA;NA;NA;NA;NA;10;423
2022-07-31;"0-60";2;2;2;2;2;2;2;2;2;2;2;2;77;77;77;77;77;77;77;77;77;77;77;77;1;1;1;1;1;1;1;1;1;1;1;2;65
2022-07-31;"60+";14;14;14;14;14;14;14;14;14;14;14;14;421;421;421;421;421;421;421;421;421;421;421;421;1;1;1;1;1;1;1;1;1;1;1;14;381
2022-07-31;"alle";16;16;16;16;16;16;16;16;16;16;16;16;498;498;498;498;498;498;498;498;498;498;498;498;NA;NA;NA;NA;NA;NA;NA;NA;NA;NA;NA;16;446
2022-07-30;"0-60";14;14;14;14;14;14;14;14;14;14;14;14;81;81;81;81;81;81;81;81;81;81;81;81;1;1;1;1;1;1;1;1;1;1;1;12;69
2022-07-30;"60+";60;60;60;60;60;60;60;60;60;60;60;60;424;424;424;424;424;424;424;424;424;424;424;424;1;1;1;1;1;1;1;1;1;1;1;50;383
2022-07-30;"alle";74;74;74;74;74;74;74;74;74;74;74;74;505;505;505;505;505;505;505;505;505;505;505;505;NA;NA;NA;NA;NA;NA;NA;NA;NA;NA;NA;62;452
2022-07-29;"0-60";11;11;11;11;11;11;11;11;11;11;11;11;72;72;72;72;72;72;72;72;72;72;72;72;1;1;1;1;1;1;1;1;1;1;1;10;62
2022-07-29;"60+";59;59;59;59;59;59;59;59;59;59;59;59;406;406;406;406;406;406;406;406;406;406;406;406;1;1;1;1;1;1;1;1;1;1;1;54;372
2022-07-29;"alle";70;70;70;70;70;70;70;70;70;70;70;70;478;478;478;478;478;478;478;478;478;478;478;478;NA;NA;NA;NA;NA;NA;NA;NA;NA;NA;NA;64;434
2022-07-28;"0-60";10;10;10;10;10;10;10;10;10;10;10;10;78;78;78;78;78;78;78;78;78;78;78;78;1;1;1;1;1;1;1;1;1;1;1;6;67
2022-07-28;"60+";55;55;55;55;55;55;55;55;55;55;55;55;400;400;400;400;400;400;400;400;400;400;400;400;1;1;1;1;1;1;1;1;1;1;1;50;368
2022-07-28;"alle";65;65;65;65;65;65;65;65;65;65;65;65;478;478;478;478;478;478;478;478;478;478;478;478;NA;NA;NA;NA;NA;NA;NA;NA;NA;NA;NA;56;435
2022-07-27;"0-60";15;15;15;15;15;15;15;15;15;15;15;15;80;80;80;80;80;80;80;80;80;80;80;80;1;1;1;1;1;1;1;1;1;1;1;11;72
2022-07-27;"60+";80;80;80;80;80;80;80;80;80;80;80;80;394;394;394;394;394;394;394;394;394;394;394;394;1;1;1;1;1;1;1;1;1;1;1;73;361
2022-07-27;"alle";95;95;95;95;95;95;95;95;95;95;95;95;474;474;474;474;474;474;474;474;474;474;474;474;NA;NA;NA;NA;NA;NA;NA;NA;NA;NA;NA;84;433
2022-07-26;"0-60";23;23;23;23;23;23;23;23;23;23;23;23;85;85;85;85;85;85;85;85;85;85;85;85;1;1;1;1;1;1;1;1;1;1;1;22;80
2022-07-26;"60+";122;122;122;122;122;122;122;122;122;122;122;122;368;368;368;368;368;368;368;368;368;368;368;368;1;1;1;1;1;1;1;1;1;1;1;109;332
2022-07-26;"alle";145;145;145;145;145;145;145;145;145;145;145;145;453;453;453;453;453;453;453;453;453;453;453;453;NA;NA;NA;NA;NA;NA;NA;NA;NA;NA;NA;131;412
2022-07-25;"0-60";2;2;2;2;2;2;2;2;2;2;2;2;83;83;83;83;83;83;83;83;83;83;83;83;1;1;1;1;1;1;1;1;1;1;1;2;72
2022-07-25;"60+";31;31;31;31;31;31;31;31;31;31;31;31;312;312;312;312;312;312;312;312;312;312;312;312;1;1;1;1;1;1;1;1;1;1;1;31;280
2022-07-25;"alle";33;33;33;33;33;33;33;33;33;33;33;33;395;395;395;395;395;395;395;395;395;395;395;395;NA;NA;NA;NA;NA;NA;NA;NA;NA;NA;NA;33;352
2022-07-24;"0-60";6;6;6;6;6;6;6;6;6;6;6;6;84;84;84;84;84;84;84;84;84;84;84;84;1;1;1;1;1;1;1;1;1;1;1;6;73
2022-07-24;"60+";17;17;17;17;17;17;17;17;17;17;17;17;291;291;291;291;291;291;291;291;291;291;291;291;1;1;1;1;1;1;1;1;1;1;1;16;259
2022-07-24;"alle";23;23;23;23;23;23;23;23;23;23;23;23;375;375;375;375;375;375;375;375;375;375;375;375;NA;NA;NA;NA;NA;NA;NA;NA;NA;NA;NA;22;332
2022-07-23;"0-60";5;5;5;5;5;5;5;5;5;5;5;5;79;79;79;79;79;79;79;79;79;79;79;79;1;1;1;1;1;1;1;1;1;1;1;5;68
2022-07-23;"60+";42;42;42;42;42;42;42;42;42;42;42;42;283;283;283;283;283;283;283;283;283;283;283;283;1;1;1;1;1;1;1;1;1;1;1;39;251
2022-07-23;"alle";47;47;47;47;47;47;47;47;47;47;47;47;362;362;362;362;362;362;362;362;362;362;362;362;NA;NA;NA;NA;NA;NA;NA;NA;NA;NA;NA;44;320
2022-07-22;"0-60";17;17;17;17;17;17;17;17;17;17;17;17;89;89;89;89;89;89;89;89;89;89;89;89;1;1;1;1;1;1;1;1;1;1;1;15;74
2022-07-22;"60+";53;53;53;53;53;53;53;53;53;53;53;53;297;297;297;297;297;297;297;297;297;297;297;297;1;1;1;1;1;1;1;1;1;1;1;50;259
2022-07-22;"alle";70;70;70;70;70;70;70;70;70;70;70;70;386;386;386;386;386;386;386;386;386;386;386;386;NA;NA;NA;NA;NA;NA;NA;NA;NA;NA;NA;65;334
2022-07-21;"0-60";12;12;12;12;12;12;12;12;12;12;12;12;84;84;84;84;84;84;84;84;84;84;84;84;1;1;1;1;1;1;1;1;1;1;1;11;67
2022-07-21;"60+";49;49;49;49;49;49;49;49;49;49;49;49;263;263;263;263;263;263;263;263;263;263;263;263;1;1;1;1;1;1;1;1;1;1;1;43;224
2022-07-21;"alle";61;61;61;61;61;61;61;61;61;61;61;61;347;347;347;347;347;347;347;347;347;347;347;347;NA;NA;NA;NA;NA;NA;NA;NA;NA;NA;NA;54;292
2022-07-20;"0-60";20;20;20;20;20;20;20;20;20;20;20;20;103;103;103;103;103;103;103;103;103;103;103;103;1;1;1;1;1;1;1;1;1;1;1;19;83
2022-07-20;"60+";54;54;54;54;54;54;54;54;54;54;54;54;255;255;255;255;255;255;255;255;255;255;255;255;1;1;1;1;1;1;1;1;1;1;1;44;216
2022-07-20;"alle";74;74;74;74;74;74;74;74;74;74;74;74;358;358;358;358;358;358;358;358;358;358;358;358;NA;NA;NA;NA;NA;NA;NA;NA;NA;NA;NA;63;300
2022-07-19;"0-60";21;21;21;21;21;21;21;21;21;21;21;21;98;98;98;98;98;98;98;98;98;98;98;98;1;1;1;1;1;1;1;1;1;1;1;14;79
2022-07-19;"60+";66;66;66;66;66;66;66;66;66;66;66;66;250;250;250;250;250;250;250;250;250;250;250;250;1;1;1;1;1;1;1;1;1;1;1;57;215
2022-07-19;"alle";87;87;87;87;87;87;87;87;87;87;87;87;348;348;348;348;348;348;348;348;348;348;348;348;NA;NA;NA;NA;NA;NA;NA;NA;NA;NA;NA;71;295
2022-07-18;"0-60";3;3;3;3;3;3;3;3;3;3;3;3;95;95;95;95;95;95;95;95;95;95;95;95;1;1;1;1;1;1;1;1;1;1;1;3;81
2022-07-18;"60+";10;10;10;10;10;10;10;10;10;10;10;10;262;262;262;262;262;262;262;262;262;262;262;262;1;1;1;1;1;1;1;1;1;1;1;10;231
2022-07-18;"alle";13;13;13;13;13;13;13;13;13;13;13;13;357;357;357;357;357;357;357;357;357;357;357;357;NA;NA;NA;NA;NA;NA;NA;NA;NA;NA;NA;13;313
2022-07-17;"0-60";1;1;1;1;1;1;1;1;1;1;1;1;94;94;94;94;94;94;94;94;94;94;94;94;1;1;1;1;1;1;1;1;1;1;1;1;80
2022-07-17;"60+";9;9;9;9;9;9;9;9;9;9;9;9;268;268;268;268;268;268;268;268;268;268;268;268;1;1;1;1;1;1;1;1;1;1;1;8;234
2022-07-17;"alle";10;10;10;10;10;10;10;10;10;10;10;10;362;362;362;362;362;362;362;362;362;362;362;362;NA;NA;NA;NA;NA;NA;NA;NA;NA;NA;NA;10;315
2022-07-16;"0-60";15;15;15;15;15;15;15;15;15;15;15;15;95;95;95;95;95;95;95;95;95;95;95;95;1;1;1;1;1;1;1;1;1;1;1;11;80
2022-07-16;"60+";56;56;56;56;56;56;56;56;56;56;56;56;273;273;273;273;273;273;273;273;273;273;273;273;1;1;1;1;1;1;1;1;1;1;1;47;239
2022-07-16;"alle";71;71;71;71;71;71;71;71;71;71;71;71;368;368;368;368;368;368;368;368;368;368;368;368;NA;NA;NA;NA;NA;NA;NA;NA;NA;NA;NA;58;319
2022-07-15;"0-60";12;12;12;12;12;12;12;12;12;12;12;12;87;87;87;87;87;87;87;87;87;87;87;87;1;1;1;1;1;1;1;1;1;1;1;8;75
2022-07-15;"60+";19;19;19;19;19;19;19;19;19;19;19;19;246;246;246;246;246;246;246;246;246;246;246;246;1;1;1;1;1;1;1;1;1;1;1;15;217
2022-07-15;"alle";31;31;31;31;31;31;31;31;31;31;31;31;333;333;333;333;333;333;333;333;333;333;333;333;NA;NA;NA;NA;NA;NA;NA;NA;NA;NA;NA;23;292
2022-07-14;"0-60";31;31;31;31;31;31;31;31;31;31;31;31;83;83;83;83;83;83;83;83;83;83;83;83;1;1;1;1;1;1;1;1;1;1;1;27;74
2022-07-14;"60+";41;41;41;41;41;41;41;41;41;41;41;41;256;256;256;256;256;256;256;256;256;256;256;256;1;1;1;1;1;1;1;1;1;1;1;35;230
2022-07-14;"alle";72;72;72;72;72;72;72;72;72;72;72;72;339;339;339;339;339;339;339;339;339;339;339;339;NA;NA;NA;NA;NA;NA;NA;NA;NA;NA;NA;62;304
2022-07-13;"0-60";15;15;15;15;15;15;15;15;15;15;15;15;60;60;60;60;60;60;60;60;60;60;60;60;1;1;1;1;1;1;1;1;1;1;1;15;55
2022-07-13;"60+";49;49;49;49;49;49;49;49;49;49;49;49;247;247;247;247;247;247;247;247;247;247;247;247;1;1;1;1;1;1;1;1;1;1;1;43;224
2022-07-13;"alle";64;64;64;64;64;64;64;64;64;64;64;64;307;307;307;307;307;307;307;307;307;307;307;307;NA;NA;NA;NA;NA;NA;NA;NA;NA;NA;NA;58;279
2022-07-12;"0-60";18;18;18;18;18;18;18;18;18;18;18;18;59;59;59;59;59;59;59;59;59;59;59;59;1;1;1;1;1;1;1;1;1;1;1;16;54
2022-07-12;"60+";78;78;78;78;78;78;78;78;78;78;78;78;227;227;227;227;227;227;227;227;227;227;227;227;1;1;1;1;1;1;1;1;1;1;1;73;205
2022-07-12;"alle";96;96;96;96;96;96;96;96;96;96;96;96;286;286;286;286;286;286;286;286;286;286;286;286;NA;NA;NA;NA;NA;NA;NA;NA;NA;NA;NA;89;259
2022-07-11;"0-60";2;2;2;2;2;2;2;2;2;2;2;2;56;56;56;56;56;56;56;56;56;56;56;56;1;1;1;1;1;1;1;1;1;1;1;2;53
2022-07-11;"60+";16;16;16;16;16;16;16;16;16;16;16;16;184;184;184;184;184;184;184;184;184;184;184;184;1;1;1;1;1;1;1;1;1;1;1;13;164
2022-07-11;"alle";18;18;18;18;18;18;18;18;18;18;18;18;240;240;240;240;240;240;240;240;240;240;240;240;NA;NA;NA;NA;NA;NA;NA;NA;NA;NA;NA;15;217
2022-07-10;"0-60";2;2;2;2;2;2;2;2;2;2;2;2;56;56;56;56;56;56;56;56;56;56;56;56;1;1;1;1;1;1;1;1;1;1;1;1;53
2022-07-10;"60+";14;14;14;14;14;14;14;14;14;14;14;14;183;183;183;183;183;183;183;183;183;183;183;183;1;1;1;1;1;1;1;1;1;1;1;13;165
2022-07-10;"alle";16;16;16;16;16;16;16;16;16;16;16;16;239;239;239;239;239;239;239;239;239;239;239;239;NA;NA;NA;NA;NA;NA;NA;NA;NA;NA;NA;14;218
2022-07-09;"0-60";7;7;7;7;7;7;7;7;7;7;7;7;56;56;56;56;56;56;56;56;56;56;56;56;1;1;1;1;1;1;1;1;1;1;1;6;54
2022-07-09;"60+";29;29;29;29;29;29;29;29;29;29;29;29;177;177;177;177;177;177;177;177;177;177;177;177;1;1;1;1;1;1;1;1;1;1;1;25;160
2022-07-09;"alle";36;36;36;36;36;36;36;36;36;36;36;36;233;233;233;233;233;233;233;233;233;233;233;233;NA;NA;NA;NA;NA;NA;NA;NA;NA;NA;NA;31;214
2022-07-08;"0-60";8;8;8;8;8;8;8;8;8;8;8;8;58;58;58;58;58;58;58;58;58;58;58;58;1;1;1;1;1;1;1;1;1;1;1;7;56
2022-07-08;"60+";29;29;29;29;29;29;29;29;29;29;29;29;167;167;167;167;167;167;167;167;167;167;167;167;1;1;1;1;1;1;1;1;1;1;1;28;152
2022-07-08;"alle";37;37;37;37;37;37;37;37;37;37;37;37;225;225;225;225;225;225;225;225;225;225;225;225;NA;NA;NA;NA;NA;NA;NA;NA;NA;NA;NA;35;208
2022-07-07;"0-60";8;8;8;8;8;8;8;8;8;8;8;8;54;54;54;54;54;54;54;54;54;54;54;54;1;1;1;1;1;1;1;1;1;1;1;8;53
2022-07-07;"60+";32;32;32;32;32;32;32;32;32;32;32;32;157;157;157;157;157;157;157;157;157;157;157;157;1;1;1;1;1;1;1;1;1;1;1;29;141
2022-07-07;"alle";40;40;40;40;40;40;40;40;40;40;40;40;211;211;211;211;211;211;211;211;211;211;211;211;NA;NA;NA;NA;NA;NA;NA;NA;NA;NA;NA;37;194
2022-07-06;"0-60";14;14;14;14;14;14;14;14;14;14;14;14;55;55;55;55;55;55;55;55;55;55;55;55;1;1;1;1;1;1;1;1;1;1;1;14;54
2022-07-06;"60+";29;29;29;29;29;29;29;29;29;29;29;29;150;150;150;150;150;150;150;150;150;150;150;150;1;1;1;1;1;1;1;1;1;1;1;24;136
2022-07-06;"alle";43;43;43;43;43;43;43;43;43;43;43;43;205;205;205;205;205;205;205;205;205;205;205;205;NA;NA;NA;NA;NA;NA;NA;NA;NA;NA;NA;38;190
2022-07-05;"0-60";15;15;15;15;15;15;15;15;15;15;15;15;55;55;55;55;55;55;55;55;55;55;55;55;1;1;1;1;1;1;1;1;1;1;1;15;53
2022-07-05;"60+";35;35;35;35;35;35;35;35;35;35;35;35;150;150;150;150;150;150;150;150;150;150;150;150;1;1;1;1;1;1;1;1;1;1;1;32;138
2022-07-05;"alle";50;50;50;50;50;50;50;50;50;50;50;50;205;205;205;205;205;205;205;205;205;205;205;205;NA;NA;NA;NA;NA;NA;NA;NA;NA;NA;NA;47;191
2022-07-04;"0-60";2;2;2;2;2;2;2;2;2;2;2;2;45;45;45;45;45;45;45;45;45;45;45;45;1;1;1;1;1;1;1;1;1;1;1;2;43
2022-07-04;"60+";15;15;15;15;15;15;15;15;15;15;15;15;144;144;144;144;144;144;144;144;144;144;144;144;1;1;1;1;1;1;1;1;1;1;1;14;135
2022-07-04;"alle";17;17;17;17;17;17;17;17;17;17;17;17;189;189;189;189;189;189;189;189;189;189;189;189;NA;NA;NA;NA;NA;NA;NA;NA;NA;NA;NA;16;178
2022-07-03;"0-60";2;2;2;2;2;2;2;2;2;2;2;2;46;46;46;46;46;46;46;46;46;46;46;46;1;1;1;1;1;1;1;1;1;1;1;2;44
2022-07-03;"60+";8;8;8;8;8;8;8;8;8;8;8;8;142;142;142;142;142;142;142;142;142;142;142;142;1;1;1;1;1;1;1;1;1;1;1;8;133
2022-07-03;"alle";10;10;10;10;10;10;10;10;10;10;10;10;188;188;188;188;188;188;188;188;188;188;188;188;NA;NA;NA;NA;NA;NA;NA;NA;NA;NA;NA;10;177
2022-07-02;"0-60";9;9;9;9;9;9;9;9;9;9;9;9;49;49;49;49;49;49;49;49;49;49;49;49;1;1;1;1;1;1;1;1;1;1;1;8;47
2022-07-02;"60+";19;19;19;19;19;19;19;19;19;19;19;19;147;147;147;147;147;147;147;147;147;147;147;147;1;1;1;1;1;1;1;1;1;1;1;17;137
2022-07-02;"alle";28;28;28;28;28;28;28;28;28;28;28;28;196;196;196;196;196;196;196;196;196;196;196;196;NA;NA;NA;NA;NA;NA;NA;NA;NA;NA;NA;25;184
2022-07-01;"0-60";4;4;4;4;4;4;4;4;4;4;4;4;47;47;47;47;47;47;47;47;47;47;47;47;1;1;1;1;1;1;1;1;1;1;1;4;46
2022-07-01;"60+";19;19;19;19;19;19;19;19;19;19;19;19;141;141;141;141;141;141;141;141;141;141;141;141;1;1;1;1;1;1;1;1;1;1;1;17;130
2022-07-01;"alle";23;23;23;23;23;23;23;23;23;23;23;23;188;188;188;188;188;188;188;188;188;188;188;188;NA;NA;NA;NA;NA;NA;NA;NA;NA;NA;NA;21;176
2022-06-30;"0-60";9;9;9;9;9;9;9;9;9;9;9;9;58;58;58;58;58;58;58;58;58;58;58;58;1;1;1;1;1;1;1;1;1;1;1;9;55
2022-06-30;"60+";25;25;25;25;25;25;25;25;25;25;25;25;139;139;139;139;139;139;139;139;139;139;139;139;1;1;1;1;1;1;1;1;1;1;1;24;127
2022-06-30;"alle";34;34;34;34;34;34;34;34;34;34;34;34;197;197;197;197;197;197;197;197;197;197;197;197;NA;NA;NA;NA;NA;NA;NA;NA;NA;NA;NA;33;182
2022-06-29;"0-60";14;14;14;14;14;14;14;14;14;14;14;14;57;57;57;57;57;57;57;57;57;57;57;57;1;1;1;1;1;1;1;1;1;1;1;13;52
2022-06-29;"60+";29;29;29;29;29;29;29;29;29;29;29;29;127;127;127;127;127;127;127;127;127;127;127;127;1;1;1;1;1;1;1;1;1;1;1;26;112
2022-06-29;"alle";43;43;43;43;43;43;43;43;43;43;43;43;184;184;184;184;184;184;184;184;184;184;184;184;NA;NA;NA;NA;NA;NA;NA;NA;NA;NA;NA;39;164
2022-06-28;"0-60";5;5;5;5;5;5;5;5;5;5;5;5;50;50;50;50;50;50;50;50;50;50;50;50;1;1;1;1;1;1;1;1;1;1;1;5;45
2022-06-28;"60+";29;29;29;29;29;29;29;29;29;29;29;29;115;115;115;115;115;115;115;115;115;115;115;115;1;1;1;1;1;1;1;1;1;1;1;29;103
2022-06-28;"alle";34;34;34;34;34;34;34;34;34;34;34;34;165;165;165;165;165;165;165;165;165;165;165;165;NA;NA;NA;NA;NA;NA;NA;NA;NA;NA;NA;34;148
2022-06-27;"0-60";3;3;3;3;3;3;3;3;3;3;3;3;58;58;58;58;58;58;58;58;58;58;58;58;1;1;1;1;1;1;1;1;1;1;1;3;53
2022-06-27;"60+";13;13;13;13;13;13;13;13;13;13;13;13;122;122;122;122;122;122;122;122;122;122;122;122;1;1;1;1;1;1;1;1;1;1;1;12;106
2022-06-27;"alle";16;16;16;16;16;16;16;16;16;16;16;16;180;180;180;180;180;180;180;180;180;180;180;180;NA;NA;NA;NA;NA;NA;NA;NA;NA;NA;NA;15;159
2022-06-26;"0-60";5;5;5;5;5;5;5;5;5;5;5;5;58;58;58;58;58;58;58;58;58;58;58;58;1;1;1;1;1;1;1;1;1;1;1;5;53
2022-06-26;"60+";13;13;13;13;13;13;13;13;13;13;13;13;115;115;115;115;115;115;115;115;115;115;115;115;1;1;1;1;1;1;1;1;1;1;1;12;100
2022-06-26;"alle";18;18;18;18;18;18;18;18;18;18;18;18;173;173;173;173;173;173;173;173;173;173;173;173;NA;NA;NA;NA;NA;NA;NA;NA;NA;NA;NA;17;153
2022-06-25;"0-60";7;7;7;7;7;7;7;7;7;7;7;7;57;57;57;57;57;57;57;57;57;57;57;57;1;1;1;1;1;1;1;1;1;1;1;7;52
2022-06-25;"60+";13;13;13;13;13;13;13;13;13;13;13;13;110;110;110;110;110;110;110;110;110;110;110;110;1;1;1;1;1;1;1;1;1;1;1;10;94
2022-06-25;"alle";20;20;20;20;20;20;20;20;20;20;20;20;167;167;167;167;167;167;167;167;167;167;167;167;NA;NA;NA;NA;NA;NA;NA;NA;NA;NA;NA;17;146
2022-06-24;"0-60";15;15;15;15;15;15;15;15;15;15;15;15;56;56;56;56;56;56;56;56;56;56;56;56;1;1;1;1;1;1;1;1;1;1;1;13;51
2022-06-24;"60+";17;17;17;17;17;17;17;17;17;17;17;17;114;114;114;114;114;114;114;114;114;114;114;114;1;1;1;1;1;1;1;1;1;1;1;14;98
2022-06-24;"alle";32;32;32;32;32;32;32;32;32;32;32;32;170;170;170;170;170;170;170;170;170;170;170;170;NA;NA;NA;NA;NA;NA;NA;NA;NA;NA;NA;27;149
2022-06-23;"0-60";8;8;8;8;8;8;8;8;8;8;8;8;51;51;51;51;51;51;51;51;51;51;51;51;1;1;1;1;1;1;1;1;1;1;1;6;46
2022-06-23;"60+";13;13;13;13;13;13;13;13;13;13;13;13;115;115;115;115;115;115;115;115;115;115;115;115;1;1;1;1;1;1;1;1;1;1;1;9;97
2022-06-23;"alle";21;21;21;21;21;21;21;21;21;21;21;21;166;166;166;166;166;166;166;166;166;166;166;166;NA;NA;NA;NA;NA;NA;NA;NA;NA;NA;NA;15;143
2022-06-22;"0-60";7;7;7;7;7;7;7;7;7;7;7;7;48;48;48;48;48;48;48;48;48;48;48;48;1;1;1;1;1;1;1;1;1;1;1;6;44
2022-06-22;"60+";17;17;17;17;17;17;17;17;17;17;17;17;111;111;111;111;111;111;111;111;111;111;111;111;1;1;1;1;1;1;1;1;1;1;1;17;94
2022-06-22;"alle";24;24;24;24;24;24;24;24;24;24;24;24;159;159;159;159;159;159;159;159;159;159;159;159;NA;NA;NA;NA;NA;NA;NA;NA;NA;NA;NA;23;138
2022-06-21;"0-60";13;13;13;13;13;13;13;13;13;13;13;13;52;52;52;52;52;52;52;52;52;52;52;52;1;1;1;1;1;1;1;1;1;1;1;13;48
2022-06-21;"60+";36;36;36;36;36;36;36;36;36;36;36;36;112;112;112;112;112;112;112;112;112;112;112;112;1;1;1;1;1;1;1;1;1;1;1;32;94
2022-06-21;"alle";49;49;49;49;49;49;49;49;49;49;49;49;164;164;164;164;164;164;164;164;164;164;164;164;NA;NA;NA;NA;NA;NA;NA;NA;NA;NA;NA;45;142
2022-06-20;"0-60";3;3;3;3;3;3;3;3;3;3;3;3;49;49;49;49;49;49;49;49;49;49;49;49;1;1;1;1;1;1;1;1;1;1;1;3;40
2022-06-20;"60+";6;6;6;6;6;6;6;6;6;6;6;6;93;93;93;93;93;93;93;93;93;93;93;93;1;1;1;1;1;1;1;1;1;1;1;6;75
2022-06-20;"alle";9;9;9;9;9;9;9;9;9;9;9;9;142;142;142;142;142;142;142;142;142;142;142;142;NA;NA;NA;NA;NA;NA;NA;NA;NA;NA;NA;9;115
2022-06-19;"0-60";4;4;4;4;4;4;4;4;4;4;4;4;47;47;47;47;47;47;47;47;47;47;47;47;1;1;1;1;1;1;1;1;1;1;1;4;38
2022-06-19;"60+";8;8;8;8;8;8;8;8;8;8;8;8;91;91;91;91;91;91;91;91;91;91;91;91;1;1;1;1;1;1;1;1;1;1;1;6;73
2022-06-19;"alle";12;12;12;12;12;12;12;12;12;12;12;12;138;138;138;138;138;138;138;138;138;138;138;138;NA;NA;NA;NA;NA;NA;NA;NA;NA;NA;NA;10;111
2022-06-18;"0-60";6;6;6;6;6;6;6;6;6;6;6;6;43;43;43;43;43;43;43;43;43;43;43;43;1;1;1;1;1;1;1;1;1;1;1;6;34
2022-06-18;"60+";17;17;17;17;17;17;17;17;17;17;17;17;85;85;85;85;85;85;85;85;85;85;85;85;1;1;1;1;1;1;1;1;1;1;1;14;69
2022-06-18;"alle";23;23;23;23;23;23;23;23;23;23;23;23;128;128;128;128;128;128;128;128;128;128;128;128;NA;NA;NA;NA;NA;NA;NA;NA;NA;NA;NA;20;103
2022-06-17;"0-60";10;10;10;10;10;10;10;10;10;10;10;10;42;42;42;42;42;42;42;42;42;42;42;42;1;1;1;1;1;1;1;1;1;1;1;8;33
2022-06-17;"60+";18;18;18;18;18;18;18;18;18;18;18;18;78;78;78;78;78;78;78;78;78;78;78;78;1;1;1;1;1;1;1;1;1;1;1;13;63
2022-06-17;"alle";28;28;28;28;28;28;28;28;28;28;28;28;120;120;120;120;120;120;120;120;120;120;120;120;NA;NA;NA;NA;NA;NA;NA;NA;NA;NA;NA;21;96
2022-06-16;"0-60";5;5;5;5;5;5;5;5;5;5;5;5;36;36;36;36;36;36;36;36;36;36;36;36;1;1;1;1;1;1;1;1;1;1;1;4;29
2022-06-16;"60+";9;9;9;9;9;9;9;9;9;9;9;9;73;73;73;73;73;73;73;73;73;73;73;73;1;1;1;1;1;1;1;1;1;1;1;6;63
2022-06-16;"alle";14;14;14;14;14;14;14;14;14;14;14;14;109;109;109;109;109;109;109;109;109;109;109;109;NA;NA;NA;NA;NA;NA;NA;NA;NA;NA;NA;10;92
2022-06-15;"0-60";11;11;11;11;11;11;11;11;11;11;11;11;40;40;40;40;40;40;40;40;40;40;40;40;1;1;1;1;1;1;1;1;1;1;1;10;32
2022-06-15;"60+";18;18;18;18;18;18;18;18;18;18;18;18;77;77;77;77;77;77;77;77;77;77;77;77;1;1;1;1;1;1;1;1;1;1;1;17;68
2022-06-15;"alle";29;29;29;29;29;29;29;29;29;29;29;29;117;117;117;117;117;117;117;117;117;117;117;117;NA;NA;NA;NA;NA;NA;NA;NA;NA;NA;NA;27;100
2022-06-14;"0-60";10;10;10;10;10;10;10;10;10;10;10;10;41;41;41;41;41;41;41;41;41;41;41;41;1;1;1;1;1;1;1;1;1;1;1;5;29
2022-06-14;"60+";17;17;17;17;17;17;17;17;17;17;17;17;74;74;74;74;74;74;74;74;74;74;74;74;1;1;1;1;1;1;1;1;1;1;1;13;63
2022-06-14;"alle";27;27;27;27;27;27;27;27;27;27;27;27;115;115;115;115;115;115;115;115;115;115;115;115;NA;NA;NA;NA;NA;NA;NA;NA;NA;NA;NA;18;92
2022-06-13;"0-60";1;1;1;1;1;1;1;1;1;1;1;1;33;33;33;33;33;33;33;33;33;33;33;33;1;1;1;1;1;1;1;1;1;1;1;1;26
2022-06-13;"60+";4;4;4;4;4;4;4;4;4;4;4;4;66;66;66;66;66;66;66;66;66;66;66;66;1;1;1;1;1;1;1;1;1;1;1;4;59
2022-06-13;"alle";5;5;5;5;5;5;5;5;5;5;5;5;99;99;99;99;99;99;99;99;99;99;99;99;NA;NA;NA;NA;NA;NA;NA;NA;NA;NA;NA;5;85
2022-06-12;"0-60";0;0;0;0;0;0;0;0;0;0;0;0;33;33;33;33;33;33;33;33;33;33;33;33;1;1;1;1;1;1;1;1;1;1;1;0;26
2022-06-12;"60+";2;2;2;2;2;2;2;2;2;2;2;2;68;68;68;68;68;68;68;68;68;68;68;68;1;1;1;1;1;1;1;1;1;1;1;2;61
2022-06-12;"alle";2;2;2;2;2;2;2;2;2;2;2;2;101;101;101;101;101;101;101;101;101;101;101;101;NA;NA;NA;NA;NA;NA;NA;NA;NA;NA;NA;2;87
2022-06-11;"0-60";5;5;5;5;5;5;5;5;5;5;5;5;34;34;34;34;34;34;34;34;34;34;34;34;1;1;1;1;1;1;1;1;1;1;1;5;27
2022-06-11;"60+";10;10;10;10;10;10;10;10;10;10;10;10;74;74;74;74;74;74;74;74;74;74;74;74;1;1;1;1;1;1;1;1;1;1;1;8;67
2022-06-11;"alle";15;15;15;15;15;15;15;15;15;15;15;15;108;108;108;108;108;108;108;108;108;108;108;108;NA;NA;NA;NA;NA;NA;NA;NA;NA;NA;NA;13;94
2022-06-10;"0-60";4;4;4;4;4;4;4;4;4;4;4;4;33;33;33;33;33;33;33;33;33;33;33;33;1;1;1;1;1;1;1;1;1;1;1;4;24
2022-06-10;"60+";13;13;13;13;13;13;13;13;13;13;13;13;74;74;74;74;74;74;74;74;74;74;74;74;1;1;1;1;1;1;1;1;1;1;1;13;68
2022-06-10;"alle";17;17;17;17;17;17;17;17;17;17;17;17;107;107;107;107;107;107;107;107;107;107;107;107;NA;NA;NA;NA;NA;NA;NA;NA;NA;NA;NA;17;92
2022-06-09;"0-60";9;9;9;9;9;9;9;9;9;9;9;9;36;36;36;36;36;36;36;36;36;36;36;36;1;1;1;1;1;1;1;1;1;1;1;7;25
2022-06-09;"60+";13;13;13;13;13;13;13;13;13;13;13;13;74;74;74;74;74;74;74;74;74;74;74;74;1;1;1;1;1;1;1;1;1;1;1;11;65
2022-06-09;"alle";22;22;22;22;22;22;22;22;22;22;22;22;110;110;110;110;110;110;110;110;110;110;110;110;NA;NA;NA;NA;NA;NA;NA;NA;NA;NA;NA;18;90
2022-06-08;"0-60";12;12;12;12;12;12;12;12;12;12;12;12;31;31;31;31;31;31;31;31;31;31;31;31;1;1;1;1;1;1;1;1;1;1;1;7;21
2022-06-08;"60+";15;15;15;15;15;15;15;15;15;15;15;15;71;71;71;71;71;71;71;71;71;71;71;71;1;1;1;1;1;1;1;1;1;1;1;12;63
2022-06-08;"alle";27;27;27;27;27;27;27;27;27;27;27;27;102;102;102;102;102;102;102;102;102;102;102;102;NA;NA;NA;NA;NA;NA;NA;NA;NA;NA;NA;19;84
2022-06-07;"0-60";2;2;2;2;2;2;2;2;2;2;2;2;22;22;22;22;22;22;22;22;22;22;22;22;1;1;1;1;1;1;1;1;1;1;1;2;16
2022-06-07;"60+";9;9;9;9;9;9;9;9;9;9;9;9;71;71;71;71;71;71;71;71;71;71;71;71;1;1;1;1;1;1;1;1;1;1;1;9;63
2022-06-07;"alle";11;11;11;11;11;11;11;11;11;11;11;11;93;93;93;93;93;93;93;93;93;93;93;93;NA;NA;NA;NA;NA;NA;NA;NA;NA;NA;NA;11;79
2022-06-06;"0-60";1;1;1;1;1;1;1;1;1;1;1;1;24;24;24;24;24;24;24;24;24;24;24;24;1;1;1;1;1;1;1;1;1;1;1;1;17
2022-06-06;"60+";6;6;6;6;6;6;6;6;6;6;6;6;83;83;83;83;83;83;83;83;83;83;83;83;1;1;1;1;1;1;1;1;1;1;1;6;73
2022-06-06;"alle";7;7;7;7;7;7;7;7;7;7;7;7;107;107;107;107;107;107;107;107;107;107;107;107;NA;NA;NA;NA;NA;NA;NA;NA;NA;NA;NA;7;90
2022-06-05;"0-60";1;1;1;1;1;1;1;1;1;1;1;1;24;24;24;24;24;24;24;24;24;24;24;24;1;1;1;1;1;1;1;1;1;1;1;1;16
2022-06-05;"60+";8;8;8;8;8;8;8;8;8;8;8;8;80;80;80;80;80;80;80;80;80;80;80;80;1;1;1;1;1;1;1;1;1;1;1;8;70
2022-06-05;"alle";9;9;9;9;9;9;9;9;9;9;9;9;104;104;104;104;104;104;104;104;104;104;104;104;NA;NA;NA;NA;NA;NA;NA;NA;NA;NA;NA;9;86
2022-06-04;"0-60";4;4;4;4;4;4;4;4;4;4;4;4;26;26;26;26;26;26;26;26;26;26;26;26;1;1;1;1;1;1;1;1;1;1;1;2;18
2022-06-04;"60+";10;10;10;10;10;10;10;10;10;10;10;10;73;73;73;73;73;73;73;73;73;73;73;73;1;1;1;1;1;1;1;1;1;1;1;9;63
2022-06-04;"alle";14;14;14;14;14;14;14;14;14;14;14;14;99;99;99;99;99;99;99;99;99;99;99;99;NA;NA;NA;NA;NA;NA;NA;NA;NA;NA;NA;11;81
2022-06-03;"0-60";7;7;7;7;7;7;7;7;7;7;7;7;32;32;32;32;32;32;32;32;32;32;32;32;1;1;1;1;1;1;1;1;1;1;1;5;26
2022-06-03;"60+";13;13;13;13;13;13;13;13;13;13;13;13;71;71;71;71;71;71;71;71;71;71;71;71;1;1;1;1;1;1;1;1;1;1;1;10;62
2022-06-03;"alle";20;20;20;20;20;20;20;20;20;20;20;20;103;103;103;103;103;103;103;103;103;103;103;103;NA;NA;NA;NA;NA;NA;NA;NA;NA;NA;NA;15;88
2022-06-02;"0-60";4;4;4;4;4;4;4;4;4;4;4;4;26;26;26;26;26;26;26;26;26;26;26;26;1;1;1;1;1;1;1;1;1;1;1;3;21
2022-06-02;"60+";10;10;10;10;10;10;10;10;10;10;10;10;59;59;59;59;59;59;59;59;59;59;59;59;1;1;1;1;1;1;1;1;1;1;1;9;53
2022-06-02;"alle";14;14;14;14;14;14;14;14;14;14;14;14;85;85;85;85;85;85;85;85;85;85;85;85;NA;NA;NA;NA;NA;NA;NA;NA;NA;NA;NA;12;74
2022-06-01;"0-60";3;3;3;3;3;3;3;3;3;3;3;3;26;26;26;26;26;26;26;26;26;26;26;26;1;1;1;1;1;1;1;1;1;1;1;2;22
2022-06-01;"60+";15;15;15;15;15;15;15;15;15;15;15;15;58;58;58;58;58;58;58;58;58;58;58;58;1;1;1;1;1;1;1;1;1;1;1;12;52
2022-06-01;"alle";18;18;18;18;18;18;18;18;18;18;18;18;84;84;84;84;84;84;84;84;84;84;84;84;NA;NA;NA;NA;NA;NA;NA;NA;NA;NA;NA;14;74
2022-05-31;"0-60";4;4;4;4;4;4;4;4;4;4;4;4;26;26;26;26;26;26;26;26;26;26;26;26;1;1;1;1;1;1;1;1;1;1;1;3;23
2022-05-31;"60+";21;21;21;21;21;21;21;21;21;21;21;21;58;58;58;58;58;58;58;58;58;58;58;58;1;1;1;1;1;1;1;1;1;1;1;19;54
2022-05-31;"alle";25;25;25;25;25;25;25;25;25;25;25;25;84;84;84;84;84;84;84;84;84;84;84;84;NA;NA;NA;NA;NA;NA;NA;NA;NA;NA;NA;22;77
2022-05-30;"0-60";1;1;1;1;1;1;1;1;1;1;1;1;27;27;27;27;27;27;27;27;27;27;27;27;1;1;1;1;1;1;1;1;1;1;1;0;25
2022-05-30;"60+";3;3;3;3;3;3;3;3;3;3;3;3;48;48;48;48;48;48;48;48;48;48;48;48;1;1;1;1;1;1;1;1;1;1;1;3;46
2022-05-30;"alle";4;4;4;4;4;4;4;4;4;4;4;4;75;75;75;75;75;75;75;75;75;75;75;75;NA;NA;NA;NA;NA;NA;NA;NA;NA;NA;NA;3;71
2022-05-29;"0-60";3;3;3;3;3;3;3;3;3;3;3;3;28;28;28;28;28;28;28;28;28;28;28;28;1;1;1;1;1;1;1;1;1;1;1;3;27
2022-05-29;"60+";1;1;1;1;1;1;1;1;1;1;1;1;50;50;50;50;50;50;50;50;50;50;50;50;1;1;1;1;1;1;1;1;1;1;1;1;48
2022-05-29;"alle";4;4;4;4;4;4;4;4;4;4;4;4;78;78;78;78;78;78;78;78;78;78;78;78;NA;NA;NA;NA;NA;NA;NA;NA;NA;NA;NA;4;75
2022-05-28;"0-60";10;10;10;10;10;10;10;10;10;10;10;10;25;25;25;25;25;25;25;25;25;25;25;25;1;1;1;1;1;1;1;1;1;1;1;10;24
2022-05-28;"60+";8;8;8;8;8;8;8;8;8;8;8;8;54;54;54;54;54;54;54;54;54;54;54;54;1;1;1;1;1;1;1;1;1;1;1;8;52
2022-05-28;"alle";18;18;18;18;18;18;18;18;18;18;18;18;79;79;79;79;79;79;79;79;79;79;79;79;NA;NA;NA;NA;NA;NA;NA;NA;NA;NA;NA;18;76
2022-05-27;"0-60";1;1;1;1;1;1;1;1;1;1;1;1;20;20;20;20;20;20;20;20;20;20;20;20;1;1;1;1;1;1;1;1;1;1;1;0;19
2022-05-27;"60+";1;1;1;1;1;1;1;1;1;1;1;1;57;57;57;57;57;57;57;57;57;57;57;57;1;1;1;1;1;1;1;1;1;1;1;1;54
2022-05-27;"alle";2;2;2;2;2;2;2;2;2;2;2;2;77;77;77;77;77;77;77;77;77;77;77;77;NA;NA;NA;NA;NA;NA;NA;NA;NA;NA;NA;1;73
2022-05-26;"0-60";4;4;4;4;4;4;4;4;4;4;4;4;22;22;22;22;22;22;22;22;22;22;22;22;1;1;1;1;1;1;1;1;1;1;1;4;22
2022-05-26;"60+";9;9;9;9;9;9;9;9;9;9;9;9;65;65;65;65;65;65;65;65;65;65;65;65;1;1;1;1;1;1;1;1;1;1;1;8;62
2022-05-26;"alle";13;13;13;13;13;13;13;13;13;13;13;13;87;87;87;87;87;87;87;87;87;87;87;87;NA;NA;NA;NA;NA;NA;NA;NA;NA;NA;NA;12;84
2022-05-25;"0-60";3;3;3;3;3;3;3;3;3;3;3;3;21;21;21;21;21;21;21;21;21;21;21;21;1;1;1;1;1;1;1;1;1;1;1;3;20
2022-05-25;"60+";15;15;15;15;15;15;15;15;15;15;15;15;65;65;65;65;65;65;65;65;65;65;65;65;1;1;1;1;1;1;1;1;1;1;1;14;61
2022-05-25;"alle";18;18;18;18;18;18;18;18;18;18;18;18;86;86;86;86;86;86;86;86;86;86;86;86;NA;NA;NA;NA;NA;NA;NA;NA;NA;NA;NA;17;81
2022-05-24;"0-60";5;5;5;5;5;5;5;5;5;5;5;5;23;23;23;23;23;23;23;23;23;23;23;23;1;1;1;1;1;1;1;1;1;1;1;5;22
2022-05-24;"60+";11;11;11;11;11;11;11;11;11;11;11;11;73;73;73;73;73;73;73;73;73;73;73;73;1;1;1;1;1;1;1;1;1;1;1;11;69
2022-05-24;"alle";16;16;16;16;16;16;16;16;16;16;16;16;96;96;96;96;96;96;96;96;96;96;96;96;NA;NA;NA;NA;NA;NA;NA;NA;NA;NA;NA;16;91
2022-05-23;"0-60";2;2;2;2;2;2;2;2;2;2;2;2;23;23;23;23;23;23;23;23;23;23;23;23;1;1;1;1;1;1;1;1;1;1;1;2;22
2022-05-23;"60+";5;5;5;5;5;5;5;5;5;5;5;5;92;92;92;92;92;92;92;92;92;92;92;92;1;1;1;1;1;1;1;1;1;1;1;5;88
2022-05-23;"alle";7;7;7;7;7;7;7;7;7;7;7;7;115;115;115;115;115;115;115;115;115;115;115;115;NA;NA;NA;NA;NA;NA;NA;NA;NA;NA;NA;7;110
2022-05-22;"0-60";0;0;0;0;0;0;0;0;0;0;0;0;21;21;21;21;21;21;21;21;21;21;21;21;1;1;1;1;1;1;1;1;1;1;1;0;20
2022-05-22;"60+";5;5;5;5;5;5;5;5;5;5;5;5;94;94;94;94;94;94;94;94;94;94;94;94;1;1;1;1;1;1;1;1;1;1;1;5;90
2022-05-22;"alle";5;5;5;5;5;5;5;5;5;5;5;5;115;115;115;115;115;115;115;115;115;115;115;115;NA;NA;NA;NA;NA;NA;NA;NA;NA;NA;NA;5;110
2022-05-21;"0-60";5;5;5;5;5;5;5;5;5;5;5;5;22;22;22;22;22;22;22;22;22;22;22;22;1;1;1;1;1;1;1;1;1;1;1;5;21
2022-05-21;"60+";11;11;11;11;11;11;11;11;11;11;11;11;92;92;92;92;92;92;92;92;92;92;92;92;1;1;1;1;1;1;1;1;1;1;1;10;88
2022-05-21;"alle";16;16;16;16;16;16;16;16;16;16;16;16;114;114;114;114;114;114;114;114;114;114;114;114;NA;NA;NA;NA;NA;NA;NA;NA;NA;NA;NA;15;109
2022-05-20;"0-60";3;3;3;3;3;3;3;3;3;3;3;3;20;20;20;20;20;20;20;20;20;20;20;20;1;1;1;1;1;1;1;1;1;1;1;3;19
2022-05-20;"60+";9;9;9;9;9;9;9;9;9;9;9;9;102;102;102;102;102;102;102;102;102;102;102;102;1;1;1;1;1;1;1;1;1;1;1;9;98
2022-05-20;"alle";12;12;12;12;12;12;12;12;12;12;12;12;122;122;122;122;122;122;122;122;122;122;122;122;NA;NA;NA;NA;NA;NA;NA;NA;NA;NA;NA;12;117
2022-05-19;"0-60";3;3;3;3;3;3;3;3;3;3;3;3;20;20;20;20;20;20;20;20;20;20;20;20;1;1;1;1;1;1;1;1;1;1;1;2;19
2022-05-19;"60+";9;9;9;9;9;9;9;9;9;9;9;9;107;107;107;107;107;107;107;107;107;107;107;107;1;1;1;1;1;1;1;1;1;1;1;7;103
2022-05-19;"alle";12;12;12;12;12;12;12;12;12;12;12;12;127;127;127;127;127;127;127;127;127;127;127;127;NA;NA;NA;NA;NA;NA;NA;NA;NA;NA;NA;9;122
2022-05-18;"0-60";5;5;5;5;5;5;5;5;5;5;5;5;22;22;22;22;22;22;22;22;22;22;22;22;1;1;1;1;1;1;1;1;1;1;1;5;19
2022-05-18;"60+";23;23;23;23;23;23;23;23;23;23;23;23;119;119;119;119;119;119;119;119;119;119;119;119;1;1;1;1;1;1;1;1;1;1;1;22;116
2022-05-18;"alle";28;28;28;28;28;28;28;28;28;28;28;28;141;141;141;141;141;141;141;141;141;141;141;141;NA;NA;NA;NA;NA;NA;NA;NA;NA;NA;NA;27;135
2022-05-17;"0-60";5;5;5;5;5;5;5;5;5;5;5;5;22;22;22;22;22;22;22;22;22;22;22;22;1;1;1;1;1;1;1;1;1;1;1;5;19
2022-05-17;"60+";30;30;30;30;30;30;30;30;30;30;30;30;115;115;115;115;115;115;115;115;115;115;115;115;1;1;1;1;1;1;1;1;1;1;1;30;113
2022-05-17;"alle";35;35;35;35;35;35;35;35;35;35;35;35;137;137;137;137;137;137;137;137;137;137;137;137;NA;NA;NA;NA;NA;NA;NA;NA;NA;NA;NA;35;132
2022-05-16;"0-60";0;0;0;0;0;0;0;0;0;0;0;0;30;30;30;30;30;30;30;30;30;30;30;30;1;1;1;1;1;1;1;1;1;1;1;0;26
2022-05-16;"60+";7;7;7;7;7;7;7;7;7;7;7;7;105;105;105;105;105;105;105;105;105;105;105;105;1;1;1;1;1;1;1;1;1;1;1;7;103
2022-05-16;"alle";7;7;7;7;7;7;7;7;7;7;7;7;135;135;135;135;135;135;135;135;135;135;135;135;NA;NA;NA;NA;NA;NA;NA;NA;NA;NA;NA;7;129
2022-05-15;"0-60";1;1;1;1;1;1;1;1;1;1;1;1;32;32;32;32;32;32;32;32;32;32;32;32;1;1;1;1;1;1;1;1;1;1;1;1;28
2022-05-15;"60+";3;3;3;3;3;3;3;3;3;3;3;3;101;101;101;101;101;101;101;101;101;101;101;101;1;1;1;1;1;1;1;1;1;1;1;3;99
2022-05-15;"alle";4;4;4;4;4;4;4;4;4;4;4;4;133;133;133;133;133;133;133;133;133;133;133;133;NA;NA;NA;NA;NA;NA;NA;NA;NA;NA;NA;4;127
2022-05-14;"0-60";3;3;3;3;3;3;3;3;3;3;3;3;32;32;32;32;32;32;32;32;32;32;32;32;1;1;1;1;1;1;1;1;1;1;1;3;28
2022-05-14;"60+";21;21;21;21;21;21;21;21;21;21;21;21;109;109;109;109;109;109;109;109;109;109;109;109;1;1;1;1;1;1;1;1;1;1;1;20;107
2022-05-14;"alle";24;24;24;24;24;24;24;24;24;24;24;24;141;141;141;141;141;141;141;141;141;141;141;141;NA;NA;NA;NA;NA;NA;NA;NA;NA;NA;NA;23;135
2022-05-13;"0-60";3;3;3;3;3;3;3;3;3;3;3;3;33;33;33;33;33;33;33;33;33;33;33;33;1;1;1;1;1;1;1;1;1;1;1;3;29
2022-05-13;"60+";14;14;14;14;14;14;14;14;14;14;14;14;103;103;103;103;103;103;103;103;103;103;103;103;1;1;1;1;1;1;1;1;1;1;1;14;98
2022-05-13;"alle";17;17;17;17;17;17;17;17;17;17;17;17;136;136;136;136;136;136;136;136;136;136;136;136;NA;NA;NA;NA;NA;NA;NA;NA;NA;NA;NA;17;127
2022-05-12;"0-60";5;5;5;5;5;5;5;5;5;5;5;5;36;36;36;36;36;36;36;36;36;36;36;36;1;1;1;1;1;1;1;1;1;1;1;2;32
2022-05-12;"60+";21;21;21;21;21;21;21;21;21;21;21;21;115;115;115;115;115;115;115;115;115;115;115;115;1;1;1;1;1;1;1;1;1;1;1;20;108
2022-05-12;"alle";26;26;26;26;26;26;26;26;26;26;26;26;151;151;151;151;151;151;151;151;151;151;151;151;NA;NA;NA;NA;NA;NA;NA;NA;NA;NA;NA;22;140
2022-05-11;"0-60";5;5;5;5;5;5;5;5;5;5;5;5;33;33;33;33;33;33;33;33;33;33;33;33;1;1;1;1;1;1;1;1;1;1;1;5;32
2022-05-11;"60+";19;19;19;19;19;19;19;19;19;19;19;19;111;111;111;111;111;111;111;111;111;111;111;111;1;1;1;1;1;1;1;1;1;1;1;19;103
2022-05-11;"alle";24;24;24;24;24;24;24;24;24;24;24;24;144;144;144;144;144;144;144;144;144;144;144;144;NA;NA;NA;NA;NA;NA;NA;NA;NA;NA;NA;24;135
2022-05-10;"0-60";13;13;13;13;13;13;13;13;13;13;13;13;36;36;36;36;36;36;36;36;36;36;36;36;1;1;1;1;1;1;1;1;1;1;1;12;33
2022-05-10;"60+";20;20;20;20;20;20;20;20;20;20;20;20;123;123;123;123;123;123;123;123;123;123;123;123;1;1;1;1;1;1;1;1;1;1;1;20;108
2022-05-10;"alle";33;33;33;33;33;33;33;33;33;33;33;33;159;159;159;159;159;159;159;159;159;159;159;159;NA;NA;NA;NA;NA;NA;NA;NA;NA;NA;NA;32;141
2022-05-09;"0-60";2;2;2;2;2;2;2;2;2;2;2;2;29;29;29;29;29;29;29;29;29;29;29;29;1;1;1;1;1;1;1;1;1;1;1;2;27
2022-05-09;"60+";3;3;3;3;3;3;3;3;3;3;3;3;137;137;137;137;137;137;137;137;137;137;137;137;1;1;1;1;1;1;1;1;1;1;1;3;119
2022-05-09;"alle";5;5;5;5;5;5;5;5;5;5;5;5;166;166;166;166;166;166;166;166;166;166;166;166;NA;NA;NA;NA;NA;NA;NA;NA;NA;NA;NA;5;146
2022-05-08;"0-60";1;1;1;1;1;1;1;1;1;1;1;1;31;31;31;31;31;31;31;31;31;31;31;31;1;1;1;1;1;1;1;1;1;1;1;1;29
2022-05-08;"60+";11;11;11;11;11;11;11;11;11;11;11;11;143;143;143;143;143;143;143;143;143;143;143;143;1;1;1;1;1;1;1;1;1;1;1;11;125
2022-05-08;"alle";12;12;12;12;12;12;12;12;12;12;12;12;174;174;174;174;174;174;174;174;174;174;174;174;NA;NA;NA;NA;NA;NA;NA;NA;NA;NA;NA;12;154
2022-05-07;"0-60";4;4;4;4;4;4;4;4;4;4;4;4;30;30;30;30;30;30;30;30;30;30;30;30;1;1;1;1;1;1;1;1;1;1;1;4;28
2022-05-07;"60+";15;15;15;15;15;15;15;15;15;15;15;15;142;142;142;142;142;142;142;142;142;142;142;142;1;1;1;1;1;1;1;1;1;1;1;11;123
2022-05-07;"alle";19;19;19;19;19;19;19;19;19;19;19;19;172;172;172;172;172;172;172;172;172;172;172;172;NA;NA;NA;NA;NA;NA;NA;NA;NA;NA;NA;15;151
2022-05-06;"0-60";6;6;6;6;6;6;6;6;6;6;6;6;35;35;35;35;35;35;35;35;35;35;35;35;1;1;1;1;1;1;1;1;1;1;1;6;32
2022-05-06;"60+";26;26;26;26;26;26;26;26;26;26;26;26;150;150;150;150;150;150;150;150;150;150;150;150;1;1;1;1;1;1;1;1;1;1;1;24;134
2022-05-06;"alle";32;32;32;32;32;32;32;32;32;32;32;32;185;185;185;185;185;185;185;185;185;185;185;185;NA;NA;NA;NA;NA;NA;NA;NA;NA;NA;NA;30;166
2022-05-05;"0-60";2;2;2;2;2;2;2;2;2;2;2;2;38;38;38;38;38;38;38;38;38;38;38;38;1;1;1;1;1;1;1;1;1;1;1;2;34
2022-05-05;"60+";17;17;17;17;17;17;17;17;17;17;17;17;159;159;159;159;159;159;159;159;159;159;159;159;1;1;1;1;1;1;1;1;1;1;1;15;141
2022-05-05;"alle";19;19;19;19;19;19;19;19;19;19;19;19;197;197;197;197;197;197;197;197;197;197;197;197;NA;NA;NA;NA;NA;NA;NA;NA;NA;NA;NA;17;175
2022-05-04;"0-60";8;8;8;8;8;8;8;8;8;8;8;8;44;44;44;44;44;44;44;44;44;44;44;44;1;1;1;1;1;1;1;1;1;1;1;6;39
2022-05-04;"60+";31;31;31;31;31;31;31;31;31;31;31;31;174;174;174;174;174;174;174;174;174;174;174;174;1;1;1;1;1;1;1;1;1;1;1;24;155
2022-05-04;"alle";39;39;39;39;39;39;39;39;39;39;39;39;218;218;218;218;218;218;218;218;218;218;218;218;NA;NA;NA;NA;NA;NA;NA;NA;NA;NA;NA;30;194
2022-05-03;"0-60";6;6;6;6;6;6;6;6;6;6;6;6;49;49;49;49;49;49;49;49;49;49;49;49;1;1;1;1;1;1;1;1;1;1;1;6;44
2022-05-03;"60+";34;34;34;34;34;34;34;34;34;34;34;34;178;178;178;178;178;178;178;178;178;178;178;178;1;1;1;1;1;1;1;1;1;1;1;31;161
2022-05-03;"alle";40;40;40;40;40;40;40;40;40;40;40;40;227;227;227;227;227;227;227;227;227;227;227;227;NA;NA;NA;NA;NA;NA;NA;NA;NA;NA;NA;37;205
2022-05-02;"0-60";4;4;4;4;4;4;4;4;4;4;4;4;53;53;53;53;53;53;53;53;53;53;53;53;1;1;1;1;1;1;1;1;1;1;1;4;48
2022-05-02;"60+";9;9;9;9;9;9;9;9;9;9;9;9;199;199;199;199;199;199;199;199;199;199;199;199;1;1;1;1;1;1;1;1;1;1;1;9;183
2022-05-02;"alle";13;13;13;13;13;13;13;13;13;13;13;13;252;252;252;252;252;252;252;252;252;252;252;252;NA;NA;NA;NA;NA;NA;NA;NA;NA;NA;NA;13;231
2022-05-01;"0-60";0;0;0;0;0;0;0;0;0;0;0;0;52;52;52;52;52;52;52;52;52;52;52;52;1;1;1;1;1;1;1;1;1;1;1;0;47
2022-05-01;"60+";10;10;10;10;10;10;10;10;10;10;10;10;208;208;208;208;208;208;208;208;208;208;208;208;1;1;1;1;1;1;1;1;1;1;1;9;192
2022-05-01;"alle";10;10;10;10;10;10;10;10;10;10;10;10;260;260;260;260;260;260;260;260;260;260;260;260;NA;NA;NA;NA;NA;NA;NA;NA;NA;NA;NA;9;239
2022-04-30;"0-60";9;9;9;9;9;9;9;9;9;9;9;9;59;59;59;59;59;59;59;59;59;59;59;59;1;1;1;1;1;1;1;1;1;1;1;8;54
2022-04-30;"60+";23;23;23;23;23;23;23;23;23;23;23;23;210;210;210;210;210;210;210;210;210;210;210;210;1;1;1;1;1;1;1;1;1;1;1;22;195
2022-04-30;"alle";32;32;32;32;32;32;32;32;32;32;32;32;269;269;269;269;269;269;269;269;269;269;269;269;NA;NA;NA;NA;NA;NA;NA;NA;NA;NA;NA;30;249
2022-04-29;"0-60";9;9;9;9;9;9;9;9;9;9;9;9;59;59;59;59;59;59;59;59;59;59;59;59;1;1;1;1;1;1;1;1;1;1;1;8;54
2022-04-29;"60+";35;35;35;35;35;35;35;35;35;35;35;35;223;223;223;223;223;223;223;223;223;223;223;223;1;1;1;1;1;1;1;1;1;1;1;31;206
2022-04-29;"alle";44;44;44;44;44;44;44;44;44;44;44;44;282;282;282;282;282;282;282;282;282;282;282;282;NA;NA;NA;NA;NA;NA;NA;NA;NA;NA;NA;39;260
2022-04-28;"0-60";8;8;8;8;8;8;8;8;8;8;8;8;61;61;61;61;61;61;61;61;61;61;61;61;1;1;1;1;1;1;1;1;1;1;1;7;57
2022-04-28;"60+";32;32;32;32;32;32;32;32;32;32;32;32;227;227;227;227;227;227;227;227;227;227;227;227;1;1;1;1;1;1;1;1;1;1;1;29;210
2022-04-28;"alle";40;40;40;40;40;40;40;40;40;40;40;40;288;288;288;288;288;288;288;288;288;288;288;288;NA;NA;NA;NA;NA;NA;NA;NA;NA;NA;NA;36;267
2022-04-27;"0-60";13;13;13;13;13;13;13;13;13;13;13;13;68;68;68;68;68;68;68;68;68;68;68;68;1;1;1;1;1;1;1;1;1;1;1;11;62
2022-04-27;"60+";35;35;35;35;35;35;35;35;35;35;35;35;240;240;240;240;240;240;240;240;240;240;240;240;1;1;1;1;1;1;1;1;1;1;1;30;226
2022-04-27;"alle";48;48;48;48;48;48;48;48;48;48;48;48;308;308;308;308;308;308;308;308;308;308;308;308;NA;NA;NA;NA;NA;NA;NA;NA;NA;NA;NA;41;288
2022-04-26;"0-60";10;10;10;10;10;10;10;10;10;10;10;10;89;89;89;89;89;89;89;89;89;89;89;89;1;1;1;1;1;1;1;1;1;1;1;10;85
2022-04-26;"60+";55;55;55;55;55;55;55;55;55;55;55;55;274;274;274;274;274;274;274;274;274;274;274;274;1;1;1;1;1;1;1;1;1;1;1;53;263
2022-04-26;"alle";65;65;65;65;65;65;65;65;65;65;65;65;363;363;363;363;363;363;363;363;363;363;363;363;NA;NA;NA;NA;NA;NA;NA;NA;NA;NA;NA;63;349
2022-04-25;"0-60";3;3;3;3;3;3;3;3;3;3;3;3;82;82;82;82;82;82;82;82;82;82;82;82;1;1;1;1;1;1;1;1;1;1;1;3;78
2022-04-25;"60+";18;18;18;18;18;18;18;18;18;18;18;18;242;242;242;242;242;242;242;242;242;242;242;242;1;1;1;1;1;1;1;1;1;1;1;18;233
2022-04-25;"alle";21;21;21;21;21;21;21;21;21;21;21;21;324;324;324;324;324;324;324;324;324;324;324;324;NA;NA;NA;NA;NA;NA;NA;NA;NA;NA;NA;21;312
2022-04-24;"0-60";7;7;7;7;7;7;7;7;7;7;7;7;81;81;81;81;81;81;81;81;81;81;81;81;1;1;1;1;1;1;1;1;1;1;1;7;77
2022-04-24;"60+";12;12;12;12;12;12;12;12;12;12;12;12;232;232;232;232;232;232;232;232;232;232;232;232;1;1;1;1;1;1;1;1;1;1;1;12;223
2022-04-24;"alle";19;19;19;19;19;19;19;19;19;19;19;19;313;313;313;313;313;313;313;313;313;313;313;313;NA;NA;NA;NA;NA;NA;NA;NA;NA;NA;NA;19;301
2022-04-23;"0-60";9;9;9;9;9;9;9;9;9;9;9;9;75;75;75;75;75;75;75;75;75;75;75;75;1;1;1;1;1;1;1;1;1;1;1;8;70
2022-04-23;"60+";36;36;36;36;36;36;36;36;36;36;36;36;232;232;232;232;232;232;232;232;232;232;232;232;1;1;1;1;1;1;1;1;1;1;1;33;223
2022-04-23;"alle";45;45;45;45;45;45;45;45;45;45;45;45;307;307;307;307;307;307;307;307;307;307;307;307;NA;NA;NA;NA;NA;NA;NA;NA;NA;NA;NA;41;294
2022-04-22;"0-60";11;11;11;11;11;11;11;11;11;11;11;11;73;73;73;73;73;73;73;73;73;73;73;73;1;1;1;1;1;1;1;1;1;1;1;11;68
2022-04-22;"60+";39;39;39;39;39;39;39;39;39;39;39;39;202;202;202;202;202;202;202;202;202;202;202;202;1;1;1;1;1;1;1;1;1;1;1;35;196
2022-04-22;"alle";50;50;50;50;50;50;50;50;50;50;50;50;275;275;275;275;275;275;275;275;275;275;275;275;NA;NA;NA;NA;NA;NA;NA;NA;NA;NA;NA;46;265
2022-04-21;"0-60";15;15;15;15;15;15;15;15;15;15;15;15;74;74;74;74;74;74;74;74;74;74;74;74;1;1;1;1;1;1;1;1;1;1;1;12;69
2022-04-21;"60+";45;45;45;45;45;45;45;45;45;45;45;45;197;197;197;197;197;197;197;197;197;197;197;197;1;1;1;1;1;1;1;1;1;1;1;45;194
2022-04-21;"alle";60;60;60;60;60;60;60;60;60;60;60;60;271;271;271;271;271;271;271;271;271;271;271;271;NA;NA;NA;NA;NA;NA;NA;NA;NA;NA;NA;57;264
2022-04-20;"0-60";34;34;34;34;34;34;34;34;34;34;34;34;77;77;77;77;77;77;77;77;77;77;77;77;1;1;1;1;1;1;1;1;1;1;1;34;75
2022-04-20;"60+";69;69;69;69;69;69;69;69;69;69;69;69;195;195;195;195;195;195;195;195;195;195;195;195;1;1;1;1;1;1;1;1;1;1;1;67;191
2022-04-20;"alle";103;103;103;103;103;103;103;103;103;103;103;103;272;272;272;272;272;272;272;272;272;272;272;272;NA;NA;NA;NA;NA;NA;NA;NA;NA;NA;NA;102;267
2022-04-19;"0-60";3;3;3;3;3;3;3;3;3;3;3;3;59;59;59;59;59;59;59;59;59;59;59;59;1;1;1;1;1;1;1;1;1;1;1;3;57
2022-04-19;"60+";23;23;23;23;23;23;23;23;23;23;23;23;192;192;192;192;192;192;192;192;192;192;192;192;1;1;1;1;1;1;1;1;1;1;1;23;188
2022-04-19;"alle";26;26;26;26;26;26;26;26;26;26;26;26;251;251;251;251;251;251;251;251;251;251;251;251;NA;NA;NA;NA;NA;NA;NA;NA;NA;NA;NA;26;245
2022-04-18;"0-60";2;2;2;2;2;2;2;2;2;2;2;2;80;80;80;80;80;80;80;80;80;80;80;80;1;1;1;1;1;1;1;1;1;1;1;2;76
2022-04-18;"60+";8;8;8;8;8;8;8;8;8;8;8;8;215;215;215;215;215;215;215;215;215;215;215;215;1;1;1;1;1;1;1;1;1;1;1;8;211
2022-04-18;"alle";10;10;10;10;10;10;10;10;10;10;10;10;295;295;295;295;295;295;295;295;295;295;295;295;NA;NA;NA;NA;NA;NA;NA;NA;NA;NA;NA;10;287
2022-04-17;"0-60";1;1;1;1;1;1;1;1;1;1;1;1;85;85;85;85;85;85;85;85;85;85;85;85;1;1;1;1;1;1;1;1;1;1;1;0;81
2022-04-17;"60+";12;12;12;12;12;12;12;12;12;12;12;12;230;230;230;230;230;230;230;230;230;230;230;230;1;1;1;1;1;1;1;1;1;1;1;12;226
2022-04-17;"alle";13;13;13;13;13;13;13;13;13;13;13;13;315;315;315;315;315;315;315;315;315;315;315;315;NA;NA;NA;NA;NA;NA;NA;NA;NA;NA;NA;12;307
2022-04-16;"0-60";7;7;7;7;7;7;7;7;7;7;7;7;97;97;97;97;97;97;97;97;97;97;97;97;1;1;1;1;1;1;1;1;1;1;1;6;93
2022-04-16;"60+";6;6;6;6;6;6;6;6;6;6;6;6;239;239;239;239;239;239;239;239;239;239;239;239;1;1;1;1;1;1;1;1;1;1;1;6;235
2022-04-16;"alle";13;13;13;13;13;13;13;13;13;13;13;13;336;336;336;336;336;336;336;336;336;336;336;336;NA;NA;NA;NA;NA;NA;NA;NA;NA;NA;NA;12;328
2022-04-15;"0-60";12;12;12;12;12;12;12;12;12;12;12;12;103;103;103;103;103;103;103;103;103;103;103;103;1;1;1;1;1;1;1;1;1;1;1;12;98
2022-04-15;"60+";34;34;34;34;34;34;34;34;34;34;34;34;270;270;270;270;270;270;270;270;270;270;270;270;1;1;1;1;1;1;1;1;1;1;1;33;263
2022-04-15;"alle";46;46;46;46;46;46;46;46;46;46;46;46;373;373;373;373;373;373;373;373;373;373;373;373;NA;NA;NA;NA;NA;NA;NA;NA;NA;NA;NA;45;361
2022-04-14;"0-60";18;18;18;18;18;18;18;18;18;18;18;18;108;108;108;108;108;108;108;108;108;108;108;108;1;1;1;1;1;1;1;1;1;1;1;18;101
2022-04-14;"60+";43;43;43;43;43;43;43;43;43;43;43;43;290;290;290;290;290;290;290;290;290;290;290;290;1;1;1;1;1;1;1;1;1;1;1;42;281
2022-04-14;"alle";61;61;61;61;61;61;61;61;61;61;61;61;398;398;398;398;398;398;398;398;398;398;398;398;NA;NA;NA;NA;NA;NA;NA;NA;NA;NA;NA;60;382
2022-04-13;"0-60";16;16;16;16;16;16;16;16;16;16;16;16;103;103;103;103;103;103;103;103;103;103;103;103;1;1;1;1;1;1;1;1;1;1;1;16;96
2022-04-13;"60+";66;66;66;66;66;66;66;66;66;66;66;66;300;300;300;300;300;300;300;300;300;300;300;300;1;1;1;1;1;1;1;1;1;1;1;64;287
2022-04-13;"alle";82;82;82;82;82;82;82;82;82;82;82;82;403;403;403;403;403;403;403;403;403;403;403;403;NA;NA;NA;NA;NA;NA;NA;NA;NA;NA;NA;80;383
2022-04-12;"0-60";24;24;24;24;24;24;24;24;24;24;24;24;112;112;112;112;112;112;112;112;112;112;112;112;1;1;1;1;1;1;1;1;1;1;1;22;104
2022-04-12;"60+";46;46;46;46;46;46;46;46;46;46;46;46;288;288;288;288;288;288;288;288;288;288;288;288;1;1;1;1;1;1;1;1;1;1;1;46;274
2022-04-12;"alle";70;70;70;70;70;70;70;70;70;70;70;70;400;400;400;400;400;400;400;400;400;400;400;400;NA;NA;NA;NA;NA;NA;NA;NA;NA;NA;NA;68;378
2022-04-11;"0-60";7;7;7;7;7;7;7;7;7;7;7;7;106;106;106;106;106;106;106;106;106;106;106;106;1;1;1;1;1;1;1;1;1;1;1;7;99
2022-04-11;"60+";23;23;23;23;23;23;23;23;23;23;23;23;304;304;304;304;304;304;304;304;304;304;304;304;1;1;1;1;1;1;1;1;1;1;1;23;287
2022-04-11;"alle";30;30;30;30;30;30;30;30;30;30;30;30;410;410;410;410;410;410;410;410;410;410;410;410;NA;NA;NA;NA;NA;NA;NA;NA;NA;NA;NA;30;386
2022-04-10;"0-60";13;13;13;13;13;13;13;13;13;13;13;13;106;106;106;106;106;106;106;106;106;106;106;106;1;1;1;1;1;1;1;1;1;1;1;12;98
2022-04-10;"60+";21;21;21;21;21;21;21;21;21;21;21;21;298;298;298;298;298;298;298;298;298;298;298;298;1;1;1;1;1;1;1;1;1;1;1;21;280
2022-04-10;"alle";34;34;34;34;34;34;34;34;34;34;34;34;404;404;404;404;404;404;404;404;404;404;404;404;NA;NA;NA;NA;NA;NA;NA;NA;NA;NA;NA;33;378
2022-04-09;"0-60";13;13;13;13;13;13;13;13;13;13;13;13;105;105;105;105;105;105;105;105;105;105;105;105;1;1;1;1;1;1;1;1;1;1;1;11;98
2022-04-09;"60+";37;37;37;37;37;37;37;37;37;37;37;37;304;304;304;304;304;304;304;304;304;304;304;304;1;1;1;1;1;1;1;1;1;1;1;34;284
2022-04-09;"alle";50;50;50;50;50;50;50;50;50;50;50;50;409;409;409;409;409;409;409;409;409;409;409;409;NA;NA;NA;NA;NA;NA;NA;NA;NA;NA;NA;45;382
2022-04-08;"0-60";17;17;17;17;17;17;17;17;17;17;17;17;112;112;112;112;112;112;112;112;112;112;112;112;1;1;1;1;1;1;1;1;1;1;1;15;106
2022-04-08;"60+";54;54;54;54;54;54;54;54;54;54;54;54;313;313;313;313;313;313;313;313;313;313;313;313;1;1;1;1;1;1;1;1;1;1;1;51;292
2022-04-08;"alle";71;71;71;71;71;71;71;71;71;71;71;71;425;425;425;425;425;425;425;425;425;425;425;425;NA;NA;NA;NA;NA;NA;NA;NA;NA;NA;NA;66;398
2022-04-07;"0-60";13;13;13;13;13;13;13;13;13;13;13;13;113;113;113;113;113;113;113;113;113;113;113;113;1;1;1;1;1;1;1;1;1;1;1;13;108
2022-04-07;"60+";53;53;53;53;53;53;53;53;53;53;53;53;315;315;315;315;315;315;315;315;315;315;315;315;1;1;1;1;1;1;1;1;1;1;1;48;295
2022-04-07;"alle";66;66;66;66;66;66;66;66;66;66;66;66;428;428;428;428;428;428;428;428;428;428;428;428;NA;NA;NA;NA;NA;NA;NA;NA;NA;NA;NA;61;403
2022-04-06;"0-60";25;25;25;25;25;25;25;25;25;25;25;25;135;135;135;135;135;135;135;135;135;135;135;135;1;1;1;1;1;1;1;1;1;1;1;24;128
2022-04-06;"60+";54;54;54;54;54;54;54;54;54;54;54;54;319;319;319;319;319;319;319;319;319;319;319;319;1;1;1;1;1;1;1;1;1;1;1;51;301
2022-04-06;"alle";79;79;79;79;79;79;79;79;79;79;79;79;454;454;454;454;454;454;454;454;454;454;454;454;NA;NA;NA;NA;NA;NA;NA;NA;NA;NA;NA;75;429
2022-04-05;"0-60";18;18;18;18;18;18;18;18;18;18;18;18;138;138;138;138;138;138;138;138;138;138;138;138;1;1;1;1;1;1;1;1;1;1;1;17;130
2022-04-05;"60+";62;62;62;62;62;62;62;62;62;62;62;62;337;337;337;337;337;337;337;337;337;337;337;337;1;1;1;1;1;1;1;1;1;1;1;59;314
2022-04-05;"alle";80;80;80;80;80;80;80;80;80;80;80;80;475;475;475;475;475;475;475;475;475;475;475;475;NA;NA;NA;NA;NA;NA;NA;NA;NA;NA;NA;76;444
2022-04-04;"0-60";7;7;7;7;7;7;7;7;7;7;7;7;148;148;148;148;148;148;148;148;148;148;148;148;1;1;1;1;1;1;1;1;1;1;1;6;139
2022-04-04;"60+";17;17;17;17;17;17;17;17;17;17;17;17;363;363;363;363;363;363;363;363;363;363;363;363;1;1;1;1;1;1;1;1;1;1;1;16;341
2022-04-04;"alle";24;24;24;24;24;24;24;24;24;24;24;24;511;511;511;511;511;511;511;511;511;511;511;511;NA;NA;NA;NA;NA;NA;NA;NA;NA;NA;NA;22;480
2022-04-03;"0-60";12;12;12;12;12;12;12;12;12;12;12;12;149;149;149;149;149;149;149;149;149;149;149;149;1;1;1;1;1;1;1;1;1;1;1;12;141
2022-04-03;"60+";27;27;27;27;27;27;27;27;27;27;27;27;374;374;374;374;374;374;374;374;374;374;374;374;1;1;1;1;1;1;1;1;1;1;1;25;352
2022-04-03;"alle";39;39;39;39;39;39;39;39;39;39;39;39;523;523;523;523;523;523;523;523;523;523;523;523;NA;NA;NA;NA;NA;NA;NA;NA;NA;NA;NA;37;493
2022-04-02;"0-60";20;20;20;20;20;20;20;20;20;20;20;20;154;154;154;154;154;154;154;154;154;154;154;154;1;1;1;1;1;1;1;1;1;1;1;19;146
2022-04-02;"60+";46;46;46;46;46;46;46;46;46;46;46;46;383;383;383;383;383;383;383;383;383;383;383;383;1;1;1;1;1;1;1;1;1;1;1;42;360
2022-04-02;"alle";66;66;66;66;66;66;66;66;66;66;66;66;537;537;537;537;537;537;537;537;537;537;537;537;NA;NA;NA;NA;NA;NA;NA;NA;NA;NA;NA;61;506
2022-04-01;"0-60";18;18;18;18;18;18;18;18;18;18;18;18;167;167;167;167;167;167;167;167;167;167;167;167;1;1;1;1;1;1;1;1;1;1;1;17;153
2022-04-01;"60+";56;56;56;56;56;56;56;56;56;56;56;56;394;394;394;394;394;394;394;394;394;394;394;394;1;1;1;1;1;1;1;1;1;1;1;54;370
2022-04-01;"alle";74;74;74;74;74;74;74;74;74;74;74;74;561;561;561;561;561;561;561;561;561;561;561;561;NA;NA;NA;NA;NA;NA;NA;NA;NA;NA;NA;71;523
2022-03-31;"0-60";35;35;35;35;35;35;35;35;35;35;35;35;175;175;175;175;175;175;175;175;175;175;175;175;1;1;1;1;1;1;1;1;1;1;1;33;161
2022-03-31;"60+";57;57;57;57;57;57;57;57;57;57;57;57;401;401;401;401;401;401;401;401;401;401;401;401;1;1;1;1;1;1;1;1;1;1;1;54;372
2022-03-31;"alle";92;92;92;92;92;92;92;92;92;92;92;92;576;576;576;576;576;576;576;576;576;576;576;576;NA;NA;NA;NA;NA;NA;NA;NA;NA;NA;NA;87;533
2022-03-30;"0-60";28;28;28;28;28;28;28;28;28;28;28;28;168;168;168;168;168;168;168;168;168;168;168;168;1;1;1;1;1;1;1;1;1;1;1;26;155
2022-03-30;"60+";72;72;72;72;72;72;72;72;72;72;72;72;431;431;431;431;431;431;431;431;431;431;431;431;1;1;1;1;1;1;1;1;1;1;1;64;398
2022-03-30;"alle";100;100;100;100;100;100;100;100;100;100;100;100;599;599;599;599;599;599;599;599;599;599;599;599;NA;NA;NA;NA;NA;NA;NA;NA;NA;NA;NA;90;553
2022-03-29;"0-60";28;28;28;28;28;28;28;28;28;28;28;28;179;179;179;179;179;179;179;179;179;179;179;179;1;1;1;1;1;1;1;1;1;1;1;26;167
2022-03-29;"60+";88;88;88;88;88;88;88;88;88;88;88;88;436;436;436;436;436;436;436;436;436;436;436;436;1;1;1;1;1;1;1;1;1;1;1;86;403
2022-03-29;"alle";116;116;116;116;116;116;116;116;116;116;116;116;615;615;615;615;615;615;615;615;615;615;615;615;NA;NA;NA;NA;NA;NA;NA;NA;NA;NA;NA;112;570
2022-03-28;"0-60";8;8;8;8;8;8;8;8;8;8;8;8;201;201;201;201;201;201;201;201;201;201;201;201;1;1;1;1;1;1;1;1;1;1;1;8;191
2022-03-28;"60+";28;28;28;28;28;28;28;28;28;28;28;28;444;444;444;444;444;444;444;444;444;444;444;444;1;1;1;1;1;1;1;1;1;1;1;27;408
2022-03-28;"alle";36;36;36;36;36;36;36;36;36;36;36;36;645;645;645;645;645;645;645;645;645;645;645;645;NA;NA;NA;NA;NA;NA;NA;NA;NA;NA;NA;35;599
2022-03-27;"0-60";17;17;17;17;17;17;17;17;17;17;17;17;201;201;201;201;201;201;201;201;201;201;201;201;1;1;1;1;1;1;1;1;1;1;1;17;191
2022-03-27;"60+";36;36;36;36;36;36;36;36;36;36;36;36;438;438;438;438;438;438;438;438;438;438;438;438;1;1;1;1;1;1;1;1;1;1;1;33;401
2022-03-27;"alle";53;53;53;53;53;53;53;53;53;53;53;53;639;639;639;639;639;639;639;639;639;639;639;639;NA;NA;NA;NA;NA;NA;NA;NA;NA;NA;NA;50;592
2022-03-26;"0-60";33;33;33;33;33;33;33;33;33;33;33;33;199;199;199;199;199;199;199;199;199;199;199;199;1;1;1;1;1;1;1;1;1;1;1;26;188
2022-03-26;"60+";57;57;57;57;57;57;57;57;57;57;57;57;435;435;435;435;435;435;435;435;435;435;435;435;1;1;1;1;1;1;1;1;1;1;1;52;399
2022-03-26;"alle";90;90;90;90;90;90;90;90;90;90;90;90;634;634;634;634;634;634;634;634;634;634;634;634;NA;NA;NA;NA;NA;NA;NA;NA;NA;NA;NA;78;587
2022-03-25;"0-60";26;26;26;26;26;26;26;26;26;26;26;26;198;198;198;198;198;198;198;198;198;198;198;198;1;1;1;1;1;1;1;1;1;1;1;25;190
2022-03-25;"60+";63;63;63;63;63;63;63;63;63;63;63;63;429;429;429;429;429;429;429;429;429;429;429;429;1;1;1;1;1;1;1;1;1;1;1;56;397
2022-03-25;"alle";89;89;89;89;89;89;89;89;89;89;89;89;627;627;627;627;627;627;627;627;627;627;627;627;NA;NA;NA;NA;NA;NA;NA;NA;NA;NA;NA;81;588
2022-03-24;"0-60";28;28;28;28;28;28;28;28;28;28;28;28;205;205;205;205;205;205;205;205;205;205;205;205;1;1;1;1;1;1;1;1;1;1;1;27;195
2022-03-24;"60+";87;87;87;87;87;87;87;87;87;87;87;87;442;442;442;442;442;442;442;442;442;442;442;442;1;1;1;1;1;1;1;1;1;1;1;80;414
2022-03-24;"alle";115;115;115;115;115;115;115;115;115;115;115;115;647;647;647;647;647;647;647;647;647;647;647;647;NA;NA;NA;NA;NA;NA;NA;NA;NA;NA;NA;107;610
2022-03-23;"0-60";39;39;39;39;39;39;39;39;39;39;39;39;217;217;217;217;217;217;217;217;217;217;217;217;1;1;1;1;1;1;1;1;1;1;1;38;206
2022-03-23;"60+";77;77;77;77;77;77;77;77;77;77;77;77;407;407;407;407;407;407;407;407;407;407;407;407;1;1;1;1;1;1;1;1;1;1;1;69;384
2022-03-23;"alle";116;116;116;116;116;116;116;116;116;116;116;116;624;624;624;624;624;624;624;624;624;624;624;624;NA;NA;NA;NA;NA;NA;NA;NA;NA;NA;NA;107;591
2022-03-22;"0-60";50;50;50;50;50;50;50;50;50;50;50;50;213;213;213;213;213;213;213;213;213;213;213;213;1;1;1;1;1;1;1;1;1;1;1;50;203
2022-03-22;"60+";96;96;96;96;96;96;96;96;96;96;96;96;405;405;405;405;405;405;405;405;405;405;405;405;1;1;1;1;1;1;1;1;1;1;1;91;387
2022-03-22;"alle";146;146;146;146;146;146;146;146;146;146;146;146;618;618;618;618;618;618;618;618;618;618;618;618;NA;NA;NA;NA;NA;NA;NA;NA;NA;NA;NA;141;592
2022-03-21;"0-60";8;8;8;8;8;8;8;8;8;8;8;8;213;213;213;213;213;213;213;213;213;213;213;213;1;1;1;1;1;1;1;1;1;1;1;8;201
2022-03-21;"60+";22;22;22;22;22;22;22;22;22;22;22;22;377;377;377;377;377;377;377;377;377;377;377;377;1;1;1;1;1;1;1;1;1;1;1;20;359
2022-03-21;"alle";30;30;30;30;30;30;30;30;30;30;30;30;590;590;590;590;590;590;590;590;590;590;590;590;NA;NA;NA;NA;NA;NA;NA;NA;NA;NA;NA;28;562
2022-03-20;"0-60";15;15;15;15;15;15;15;15;15;15;15;15;220;220;220;220;220;220;220;220;220;220;220;220;1;1;1;1;1;1;1;1;1;1;1;14;208
2022-03-20;"60+";33;33;33;33;33;33;33;33;33;33;33;33;370;370;370;370;370;370;370;370;370;370;370;370;1;1;1;1;1;1;1;1;1;1;1;31;353
2022-03-20;"alle";48;48;48;48;48;48;48;48;48;48;48;48;590;590;590;590;590;590;590;590;590;590;590;590;NA;NA;NA;NA;NA;NA;NA;NA;NA;NA;NA;45;564
2022-03-19;"0-60";32;32;32;32;32;32;32;32;32;32;32;32;219;219;219;219;219;219;219;219;219;219;219;219;1;1;1;1;1;1;1;1;1;1;1;28;208
2022-03-19;"60+";51;51;51;51;51;51;51;51;51;51;51;51;363;363;363;363;363;363;363;363;363;363;363;363;1;1;1;1;1;1;1;1;1;1;1;50;346
2022-03-19;"alle";83;83;83;83;83;83;83;83;83;83;83;83;582;582;582;582;582;582;582;582;582;582;582;582;NA;NA;NA;NA;NA;NA;NA;NA;NA;NA;NA;79;557
2022-03-18;"0-60";33;33;33;33;33;33;33;33;33;33;33;33;218;218;218;218;218;218;218;218;218;218;218;218;1;1;1;1;1;1;1;1;1;1;1;30;208
2022-03-18;"60+";76;76;76;76;76;76;76;76;76;76;76;76;361;361;361;361;361;361;361;361;361;361;361;361;1;1;1;1;1;1;1;1;1;1;1;73;338
2022-03-18;"alle";109;109;109;109;109;109;109;109;109;109;109;109;579;579;579;579;579;579;579;579;579;579;579;579;NA;NA;NA;NA;NA;NA;NA;NA;NA;NA;NA;103;548
2022-03-17;"0-60";40;40;40;40;40;40;40;40;40;40;40;40;219;219;219;219;219;219;219;219;219;219;219;219;1;1;1;1;1;1;1;1;1;1;1;38;208
2022-03-17;"60+";52;52;52;52;52;52;52;52;52;52;52;52;346;346;346;346;346;346;346;346;346;346;346;346;1;1;1;1;1;1;1;1;1;1;1;50;325
2022-03-17;"alle";92;92;92;92;92;92;92;92;92;92;92;92;565;565;565;565;565;565;565;565;565;565;565;565;NA;NA;NA;NA;NA;NA;NA;NA;NA;NA;NA;88;535
2022-03-16;"0-60";35;35;35;35;35;35;35;35;35;35;35;35;225;225;225;225;225;225;225;225;225;225;225;225;1;1;1;1;1;1;1;1;1;1;1;35;214
2022-03-16;"60+";75;75;75;75;75;75;75;75;75;75;75;75;350;350;350;350;350;350;350;350;350;350;350;350;1;1;1;1;1;1;1;1;1;1;1;72;326
2022-03-16;"alle";110;110;110;110;110;110;110;110;110;110;110;110;575;575;575;575;575;575;575;575;575;575;575;575;NA;NA;NA;NA;NA;NA;NA;NA;NA;NA;NA;108;542
2022-03-15;"0-60";50;50;50;50;50;50;50;50;50;50;50;50;230;230;230;230;230;230;230;230;230;230;230;230;1;1;1;1;1;1;1;1;1;1;1;48;218
2022-03-15;"60+";68;68;68;68;68;68;68;68;68;68;68;68;348;348;348;348;348;348;348;348;348;348;348;348;1;1;1;1;1;1;1;1;1;1;1;63;323
2022-03-15;"alle";118;118;118;118;118;118;118;118;118;118;118;118;578;578;578;578;578;578;578;578;578;578;578;578;NA;NA;NA;NA;NA;NA;NA;NA;NA;NA;NA;111;542
2022-03-14;"0-60";15;15;15;15;15;15;15;15;15;15;15;15;205;205;205;205;205;205;205;205;205;205;205;205;1;1;1;1;1;1;1;1;1;1;1;15;194
2022-03-14;"60+";15;15;15;15;15;15;15;15;15;15;15;15;333;333;333;333;333;333;333;333;333;333;333;333;1;1;1;1;1;1;1;1;1;1;1;14;309
2022-03-14;"alle";30;30;30;30;30;30;30;30;30;30;30;30;538;538;538;538;538;538;538;538;538;538;538;538;NA;NA;NA;NA;NA;NA;NA;NA;NA;NA;NA;30;504
2022-03-13;"0-60";14;14;14;14;14;14;14;14;14;14;14;14;203;203;203;203;203;203;203;203;203;203;203;203;1;1;1;1;1;1;1;1;1;1;1;14;192
2022-03-13;"60+";26;26;26;26;26;26;26;26;26;26;26;26;334;334;334;334;334;334;334;334;334;334;334;334;1;1;1;1;1;1;1;1;1;1;1;24;309
2022-03-13;"alle";40;40;40;40;40;40;40;40;40;40;40;40;537;537;537;537;537;537;537;537;537;537;537;537;NA;NA;NA;NA;NA;NA;NA;NA;NA;NA;NA;38;501
2022-03-12;"0-60";31;31;31;31;31;31;31;31;31;31;31;31;199;199;199;199;199;199;199;199;199;199;199;199;1;1;1;1;1;1;1;1;1;1;1;28;187
2022-03-12;"60+";49;49;49;49;49;49;49;49;49;49;49;49;332;332;332;332;332;332;332;332;332;332;332;332;1;1;1;1;1;1;1;1;1;1;1;42;307
2022-03-12;"alle";80;80;80;80;80;80;80;80;80;80;80;80;531;531;531;531;531;531;531;531;531;531;531;531;NA;NA;NA;NA;NA;NA;NA;NA;NA;NA;NA;70;494
2022-03-11;"0-60";34;34;34;34;34;34;34;34;34;34;34;34;185;185;185;185;185;185;185;185;185;185;185;185;1;1;1;1;1;1;1;1;1;1;1;30;176
2022-03-11;"60+";61;61;61;61;61;61;61;61;61;61;61;61;321;321;321;321;321;321;321;321;321;321;321;321;1;1;1;1;1;1;1;1;1;1;1;60;298
2022-03-11;"alle";95;95;95;95;95;95;95;95;95;95;95;95;506;506;506;506;506;506;506;506;506;506;506;506;NA;NA;NA;NA;NA;NA;NA;NA;NA;NA;NA;90;474
2022-03-10;"0-60";46;46;46;46;46;46;46;46;46;46;46;46;176;176;176;176;176;176;176;176;176;176;176;176;1;1;1;1;1;1;1;1;1;1;1;44;168
2022-03-10;"60+";56;56;56;56;56;56;56;56;56;56;56;56;298;298;298;298;298;298;298;298;298;298;298;298;1;1;1;1;1;1;1;1;1;1;1;51;270
2022-03-10;"alle";102;102;102;102;102;102;102;102;102;102;102;102;474;474;474;474;474;474;474;474;474;474;474;474;NA;NA;NA;NA;NA;NA;NA;NA;NA;NA;NA;95;438
2022-03-09;"0-60";40;40;40;40;40;40;40;40;40;40;40;40;166;166;166;166;166;166;166;166;166;166;166;166;1;1;1;1;1;1;1;1;1;1;1;39;154
2022-03-09;"60+";73;73;73;73;73;73;73;73;73;73;73;73;305;305;305;305;305;305;305;305;305;305;305;305;1;1;1;1;1;1;1;1;1;1;1;69;279
2022-03-09;"alle";113;113;113;113;113;113;113;113;113;113;113;113;471;471;471;471;471;471;471;471;471;471;471;471;NA;NA;NA;NA;NA;NA;NA;NA;NA;NA;NA;108;433
2022-03-08;"0-60";25;25;25;25;25;25;25;25;25;25;25;25;162;162;162;162;162;162;162;162;162;162;162;162;1;1;1;1;1;1;1;1;1;1;1;24;138
2022-03-08;"60+";53;53;53;53;53;53;53;53;53;53;53;53;292;292;292;292;292;292;292;292;292;292;292;292;1;1;1;1;1;1;1;1;1;1;1;49;261
2022-03-08;"alle";78;78;78;78;78;78;78;78;78;78;78;78;454;454;454;454;454;454;454;454;454;454;454;454;NA;NA;NA;NA;NA;NA;NA;NA;NA;NA;NA;73;399
2022-03-07;"0-60";13;13;13;13;13;13;13;13;13;13;13;13;165;165;165;165;165;165;165;165;165;165;165;165;1;1;1;1;1;1;1;1;1;1;1;13;142
2022-03-07;"60+";16;16;16;16;16;16;16;16;16;16;16;16;306;306;306;306;306;306;306;306;306;306;306;306;1;1;1;1;1;1;1;1;1;1;1;14;276
2022-03-07;"alle";29;29;29;29;29;29;29;29;29;29;29;29;471;471;471;471;471;471;471;471;471;471;471;471;NA;NA;NA;NA;NA;NA;NA;NA;NA;NA;NA;27;418
2022-03-06;"0-60";10;10;10;10;10;10;10;10;10;10;10;10;163;163;163;163;163;163;163;163;163;163;163;163;1;1;1;1;1;1;1;1;1;1;1;9;138
2022-03-06;"60+";24;24;24;24;24;24;24;24;24;24;24;24;313;313;313;313;313;313;313;313;313;313;313;313;1;1;1;1;1;1;1;1;1;1;1;22;285
2022-03-06;"alle";34;34;34;34;34;34;34;34;34;34;34;34;476;476;476;476;476;476;476;476;476;476;476;476;NA;NA;NA;NA;NA;NA;NA;NA;NA;NA;NA;31;423
2022-03-05;"0-60";17;17;17;17;17;17;17;17;17;17;17;17;178;178;178;178;178;178;178;178;178;178;178;178;1;1;1;1;1;1;1;1;1;1;1;17;149
2022-03-05;"60+";38;38;38;38;38;38;38;38;38;38;38;38;312;312;312;312;312;312;312;312;312;312;312;312;1;1;1;1;1;1;1;1;1;1;1;33;284
2022-03-05;"alle";55;55;55;55;55;55;55;55;55;55;55;55;490;490;490;490;490;490;490;490;490;490;490;490;NA;NA;NA;NA;NA;NA;NA;NA;NA;NA;NA;50;433
2022-03-04;"0-60";25;25;25;25;25;25;25;25;25;25;25;25;187;187;187;187;187;187;187;187;187;187;187;187;1;1;1;1;1;1;1;1;1;1;1;22;153
2022-03-04;"60+";38;38;38;38;38;38;38;38;38;38;38;38;324;324;324;324;324;324;324;324;324;324;324;324;1;1;1;1;1;1;1;1;1;1;1;32;297
2022-03-04;"alle";63;63;63;63;63;63;63;63;63;63;63;63;511;511;511;511;511;511;511;511;511;511;511;511;NA;NA;NA;NA;NA;NA;NA;NA;NA;NA;NA;54;450
2022-03-03;"0-60";36;36;36;36;36;36;36;36;36;36;36;36;185;185;185;185;185;185;185;185;185;185;185;185;1;1;1;1;1;1;1;1;1;1;1;30;149
2022-03-03;"60+";63;63;63;63;63;63;63;63;63;63;63;63;334;334;334;334;334;334;334;334;334;334;334;334;1;1;1;1;1;1;1;1;1;1;1;60;308
2022-03-03;"alle";99;99;99;99;99;99;99;99;99;99;99;99;519;519;519;519;519;519;519;519;519;519;519;519;NA;NA;NA;NA;NA;NA;NA;NA;NA;NA;NA;90;457
2022-03-02;"0-60";36;36;36;36;36;36;36;36;36;36;36;36;180;180;180;180;180;180;180;180;180;180;180;180;1;1;1;1;1;1;1;1;1;1;1;23;143
2022-03-02;"60+";60;60;60;60;60;60;60;60;60;60;60;60;329;329;329;329;329;329;329;329;329;329;329;329;1;1;1;1;1;1;1;1;1;1;1;51;301
2022-03-02;"alle";96;96;96;96;96;96;96;96;96;96;96;96;509;509;509;509;509;509;509;509;509;509;509;509;NA;NA;NA;NA;NA;NA;NA;NA;NA;NA;NA;74;444
2022-03-01;"0-60";28;28;28;28;28;28;28;28;28;28;28;28;184;184;184;184;184;184;184;184;184;184;184;184;1;1;1;1;1;1;1;1;1;1;1;28;149
2022-03-01;"60+";67;67;67;67;67;67;67;67;67;67;67;67;320;320;320;320;320;320;320;320;320;320;320;320;1;1;1;1;1;1;1;1;1;1;1;64;296
2022-03-01;"alle";95;95;95;95;95;95;95;95;95;95;95;95;504;504;504;504;504;504;504;504;504;504;504;504;NA;NA;NA;NA;NA;NA;NA;NA;NA;NA;NA;92;445
2022-02-28;"0-60";11;11;11;11;11;11;11;11;11;11;11;11;199;199;199;199;199;199;199;199;199;199;199;199;1;1;1;1;1;1;1;1;1;1;1;9;161
2022-02-28;"60+";23;23;23;23;23;23;23;23;23;23;23;23;318;318;318;318;318;318;318;318;318;318;318;318;1;1;1;1;1;1;1;1;1;1;1;23;293
2022-02-28;"alle";34;34;34;34;34;34;34;34;34;34;34;34;517;517;517;517;517;517;517;517;517;517;517;517;NA;NA;NA;NA;NA;NA;NA;NA;NA;NA;NA;32;454
2022-02-27;"0-60";25;25;25;25;25;25;25;25;25;25;25;25;207;207;207;207;207;207;207;207;207;207;207;207;1;1;1;1;1;1;1;1;1;1;1;20;167
2022-02-27;"60+";23;23;23;23;23;23;23;23;23;23;23;23;309;309;309;309;309;309;309;309;309;309;309;309;1;1;1;1;1;1;1;1;1;1;1;21;280
2022-02-27;"alle";48;48;48;48;48;48;48;48;48;48;48;48;516;516;516;516;516;516;516;516;516;516;516;516;NA;NA;NA;NA;NA;NA;NA;NA;NA;NA;NA;41;447
2022-02-26;"0-60";26;26;26;26;26;26;26;26;26;26;26;26;198;198;198;198;198;198;198;198;198;198;198;198;1;1;1;1;1;1;1;1;1;1;1;21;159
2022-02-26;"60+";50;50;50;50;50;50;50;50;50;50;50;50;305;305;305;305;305;305;305;305;305;305;305;305;1;1;1;1;1;1;1;1;1;1;1;46;276
2022-02-26;"alle";76;76;76;76;76;76;76;76;76;76;76;76;503;503;503;503;503;503;503;503;503;503;503;503;NA;NA;NA;NA;NA;NA;NA;NA;NA;NA;NA;67;435
2022-02-25;"0-60";23;23;23;23;23;23;23;23;23;23;23;23;214;214;214;214;214;214;214;214;214;214;214;214;1;1;1;1;1;1;1;1;1;1;1;18;172
2022-02-25;"60+";48;48;48;48;48;48;48;48;48;48;48;48;290;290;290;290;290;290;290;290;290;290;290;290;1;1;1;1;1;1;1;1;1;1;1;43;261
2022-02-25;"alle";71;71;71;71;71;71;71;71;71;71;71;71;504;504;504;504;504;504;504;504;504;504;504;504;NA;NA;NA;NA;NA;NA;NA;NA;NA;NA;NA;61;433
2022-02-24;"0-60";31;31;31;31;31;31;31;31;31;31;31;31;213;213;213;213;213;213;213;213;213;213;213;213;1;1;1;1;1;1;1;1;1;1;1;24;173
2022-02-24;"60+";58;58;58;58;58;58;58;58;58;58;58;58;282;282;282;282;282;282;282;282;282;282;282;282;1;1;1;1;1;1;1;1;1;1;1;53;254
2022-02-24;"alle";89;89;89;89;89;89;89;89;89;89;89;89;495;495;495;495;495;495;495;495;495;495;495;495;NA;NA;NA;NA;NA;NA;NA;NA;NA;NA;NA;77;427
2022-02-23;"0-60";40;40;40;40;40;40;40;40;40;40;40;40;214;214;214;214;214;214;214;214;214;214;214;214;1;1;1;1;1;1;1;1;1;1;1;29;175
2022-02-23;"60+";51;51;51;51;51;51;51;51;51;51;51;51;277;277;277;277;277;277;277;277;277;277;277;277;1;1;1;1;1;1;1;1;1;1;1;46;251
2022-02-23;"alle";91;91;91;91;91;91;91;91;91;91;91;91;491;491;491;491;491;491;491;491;491;491;491;491;NA;NA;NA;NA;NA;NA;NA;NA;NA;NA;NA;75;427
2022-02-22;"0-60";43;43;43;43;43;43;43;43;43;43;43;43;204;204;204;204;204;204;204;204;204;204;204;204;1;1;1;1;1;1;1;1;1;1;1;40;171
2022-02-22;"60+";65;65;65;65;65;65;65;65;65;65;65;65;274;274;274;274;274;274;274;274;274;274;274;274;1;1;1;1;1;1;1;1;1;1;1;61;247
2022-02-22;"alle";108;108;108;108;108;108;108;108;108;108;108;108;478;478;478;478;478;478;478;478;478;478;478;478;NA;NA;NA;NA;NA;NA;NA;NA;NA;NA;NA;101;419
2022-02-21;"0-60";19;19;19;19;19;19;19;19;19;19;19;19;205;205;205;205;205;205;205;205;205;205;205;205;1;1;1;1;1;1;1;1;1;1;1;15;171
2022-02-21;"60+";14;14;14;14;14;14;14;14;14;14;14;14;261;261;261;261;261;261;261;261;261;261;261;261;1;1;1;1;1;1;1;1;1;1;1;10;234
2022-02-21;"alle";33;33;33;33;33;33;33;33;33;33;33;33;466;466;466;466;466;466;466;466;466;466;466;466;NA;NA;NA;NA;NA;NA;NA;NA;NA;NA;NA;25;406
2022-02-20;"0-60";16;16;16;16;16;16;16;16;16;16;16;16;202;202;202;202;202;202;202;202;202;202;202;202;1;1;1;1;1;1;1;1;1;1;1;12;169
2022-02-20;"60+";19;19;19;19;19;19;19;19;19;19;19;19;266;266;266;266;266;266;266;266;266;266;266;266;1;1;1;1;1;1;1;1;1;1;1;17;242
2022-02-20;"alle";35;35;35;35;35;35;35;35;35;35;35;35;468;468;468;468;468;468;468;468;468;468;468;468;NA;NA;NA;NA;NA;NA;NA;NA;NA;NA;NA;29;412
2022-02-19;"0-60";42;42;42;42;42;42;42;42;42;42;42;42;207;207;207;207;207;207;207;207;207;207;207;207;1;1;1;1;1;1;1;1;1;1;1;34;173
2022-02-19;"60+";35;35;35;35;35;35;35;35;35;35;35;35;265;265;265;265;265;265;265;265;265;265;265;265;1;1;1;1;1;1;1;1;1;1;1;31;242
2022-02-19;"alle";77;77;77;77;77;77;77;77;77;77;77;77;472;472;472;472;472;472;472;472;472;472;472;472;NA;NA;NA;NA;NA;NA;NA;NA;NA;NA;NA;65;416
2022-02-18;"0-60";22;22;22;22;22;22;22;22;22;22;22;22;197;197;197;197;197;197;197;197;197;197;197;197;1;1;1;1;1;1;1;1;1;1;1;19;164
2022-02-18;"60+";40;40;40;40;40;40;40;40;40;40;40;40;267;267;267;267;267;267;267;267;267;267;267;267;1;1;1;1;1;1;1;1;1;1;1;36;247
2022-02-18;"alle";62;62;62;62;62;62;62;62;62;62;62;62;464;464;464;464;464;464;464;464;464;464;464;464;NA;NA;NA;NA;NA;NA;NA;NA;NA;NA;NA;55;412
2022-02-17;"0-60";32;32;32;32;32;32;32;32;32;32;32;32;201;201;201;201;201;201;201;201;201;201;201;201;1;1;1;1;1;1;1;1;1;1;1;26;164
2022-02-17;"60+";53;53;53;53;53;53;53;53;53;53;53;53;265;265;265;265;265;265;265;265;265;265;265;265;1;1;1;1;1;1;1;1;1;1;1;50;247
2022-02-17;"alle";85;85;85;85;85;85;85;85;85;85;85;85;466;466;466;466;466;466;466;466;466;466;466;466;NA;NA;NA;NA;NA;NA;NA;NA;NA;NA;NA;77;412
2022-02-16;"0-60";30;30;30;30;30;30;30;30;30;30;30;30;201;201;201;201;201;201;201;201;201;201;201;201;1;1;1;1;1;1;1;1;1;1;1;25;165
2022-02-16;"60+";48;48;48;48;48;48;48;48;48;48;48;48;253;253;253;253;253;253;253;253;253;253;253;253;1;1;1;1;1;1;1;1;1;1;1;42;233
2022-02-16;"alle";78;78;78;78;78;78;78;78;78;78;78;78;454;454;454;454;454;454;454;454;454;454;454;454;NA;NA;NA;NA;NA;NA;NA;NA;NA;NA;NA;67;398
2022-02-15;"0-60";44;44;44;44;44;44;44;44;44;44;44;44;208;208;208;208;208;208;208;208;208;208;208;208;1;1;1;1;1;1;1;1;1;1;1;40;171
2022-02-15;"60+";52;52;52;52;52;52;52;52;52;52;52;52;242;242;242;242;242;242;242;242;242;242;242;242;1;1;1;1;1;1;1;1;1;1;1;48;227
2022-02-15;"alle";96;96;96;96;96;96;96;96;96;96;96;96;450;450;450;450;450;450;450;450;450;450;450;450;NA;NA;NA;NA;NA;NA;NA;NA;NA;NA;NA;88;398
2022-02-14;"0-60";16;16;16;16;16;16;16;16;16;16;16;16;203;203;203;203;203;203;203;203;203;203;203;203;1;1;1;1;1;1;1;1;1;1;1;13;167
2022-02-14;"60+";19;19;19;19;19;19;19;19;19;19;19;19;233;233;233;233;233;233;233;233;233;233;233;233;1;1;1;1;1;1;1;1;1;1;1;18;221
2022-02-14;"alle";35;35;35;35;35;35;35;35;35;35;35;35;436;436;436;436;436;436;436;436;436;436;436;436;NA;NA;NA;NA;NA;NA;NA;NA;NA;NA;NA;31;388
2022-02-13;"0-60";21;21;21;21;21;21;21;21;21;21;21;21;199;199;199;199;199;199;199;199;199;199;199;199;1;1;1;1;1;1;1;1;1;1;1;16;166
2022-02-13;"60+";18;18;18;18;18;18;18;18;18;18;18;18;223;223;223;223;223;223;223;223;223;223;223;223;1;1;1;1;1;1;1;1;1;1;1;17;212
2022-02-13;"alle";39;39;39;39;39;39;39;39;39;39;39;39;422;422;422;422;422;422;422;422;422;422;422;422;NA;NA;NA;NA;NA;NA;NA;NA;NA;NA;NA;33;378
2022-02-12;"0-60";32;32;32;32;32;32;32;32;32;32;32;32;189;189;189;189;189;189;189;189;189;189;189;189;1;1;1;1;1;1;1;1;1;1;1;25;156
2022-02-12;"60+";37;37;37;37;37;37;37;37;37;37;37;37;219;219;219;219;219;219;219;219;219;219;219;219;1;1;1;1;1;1;1;1;1;1;1;36;206
2022-02-12;"alle";69;69;69;69;69;69;69;69;69;69;69;69;408;408;408;408;408;408;408;408;408;408;408;408;NA;NA;NA;NA;NA;NA;NA;NA;NA;NA;NA;61;362
2022-02-11;"0-60";26;26;26;26;26;26;26;26;26;26;26;26;180;180;180;180;180;180;180;180;180;180;180;180;1;1;1;1;1;1;1;1;1;1;1;19;150
2022-02-11;"60+";38;38;38;38;38;38;38;38;38;38;38;38;206;206;206;206;206;206;206;206;206;206;206;206;1;1;1;1;1;1;1;1;1;1;1;36;190
2022-02-11;"alle";64;64;64;64;64;64;64;64;64;64;64;64;386;386;386;386;386;386;386;386;386;386;386;386;NA;NA;NA;NA;NA;NA;NA;NA;NA;NA;NA;55;340
2022-02-10;"0-60";32;32;32;32;32;32;32;32;32;32;32;32;174;174;174;174;174;174;174;174;174;174;174;174;1;1;1;1;1;1;1;1;1;1;1;27;151
2022-02-10;"60+";41;41;41;41;41;41;41;41;41;41;41;41;197;197;197;197;197;197;197;197;197;197;197;197;1;1;1;1;1;1;1;1;1;1;1;36;178
2022-02-10;"alle";73;73;73;73;73;73;73;73;73;73;73;73;371;371;371;371;371;371;371;371;371;371;371;371;NA;NA;NA;NA;NA;NA;NA;NA;NA;NA;NA;63;329
2022-02-09;"0-60";37;37;37;37;37;37;37;37;37;37;37;37;178;178;178;178;178;178;178;178;178;178;178;178;1;1;1;1;1;1;1;1;1;1;1;31;159
2022-02-09;"60+";37;37;37;37;37;37;37;37;37;37;37;37;176;176;176;176;176;176;176;176;176;176;176;176;1;1;1;1;1;1;1;1;1;1;1;36;161
2022-02-09;"alle";74;74;74;74;74;74;74;74;74;74;74;74;354;354;354;354;354;354;354;354;354;354;354;354;NA;NA;NA;NA;NA;NA;NA;NA;NA;NA;NA;67;320
2022-02-08;"0-60";39;39;39;39;39;39;39;39;39;39;39;39;175;175;175;175;175;175;175;175;175;175;175;175;1;1;1;1;1;1;1;1;1;1;1;36;154
2022-02-08;"60+";43;43;43;43;43;43;43;43;43;43;43;43;176;176;176;176;176;176;176;176;176;176;176;176;1;1;1;1;1;1;1;1;1;1;1;42;156
2022-02-08;"alle";82;82;82;82;82;82;82;82;82;82;82;82;351;351;351;351;351;351;351;351;351;351;351;351;NA;NA;NA;NA;NA;NA;NA;NA;NA;NA;NA;78;310
2022-02-07;"0-60";12;12;12;12;12;12;12;12;12;12;12;12;164;164;164;164;164;164;164;164;164;164;164;164;1;1;1;1;1;1;1;1;1;1;1;12;142
2022-02-07;"60+";9;9;9;9;9;9;9;9;9;9;9;9;159;159;159;159;159;159;159;159;159;159;159;159;1;1;1;1;1;1;1;1;1;1;1;9;140
2022-02-07;"alle";21;21;21;21;21;21;21;21;21;21;21;21;323;323;323;323;323;323;323;323;323;323;323;323;NA;NA;NA;NA;NA;NA;NA;NA;NA;NA;NA;21;282
2022-02-06;"0-60";11;11;11;11;11;11;11;11;11;11;11;11;163;163;163;163;163;163;163;163;163;163;163;163;1;1;1;1;1;1;1;1;1;1;1;6;139
2022-02-06;"60+";14;14;14;14;14;14;14;14;14;14;14;14;157;157;157;157;157;157;157;157;157;157;157;157;1;1;1;1;1;1;1;1;1;1;1;11;137
2022-02-06;"alle";25;25;25;25;25;25;25;25;25;25;25;25;320;320;320;320;320;320;320;320;320;320;320;320;NA;NA;NA;NA;NA;NA;NA;NA;NA;NA;NA;17;276
2022-02-05;"0-60";23;23;23;23;23;23;23;23;23;23;23;23;163;163;163;163;163;163;163;163;163;163;163;163;1;1;1;1;1;1;1;1;1;1;1;19;143
2022-02-05;"60+";24;24;24;24;24;24;24;24;24;24;24;24;153;153;153;153;153;153;153;153;153;153;153;153;1;1;1;1;1;1;1;1;1;1;1;20;136
2022-02-05;"alle";47;47;47;47;47;47;47;47;47;47;47;47;316;316;316;316;316;316;316;316;316;316;316;316;NA;NA;NA;NA;NA;NA;NA;NA;NA;NA;NA;39;279
2022-02-04;"0-60";20;20;20;20;20;20;20;20;20;20;20;20;160;160;160;160;160;160;160;160;160;160;160;160;1;1;1;1;1;1;1;1;1;1;1;20;144
2022-02-04;"60+";29;29;29;29;29;29;29;29;29;29;29;29;147;147;147;147;147;147;147;147;147;147;147;147;1;1;1;1;1;1;1;1;1;1;1;24;132
2022-02-04;"alle";49;49;49;49;49;49;49;49;49;49;49;49;307;307;307;307;307;307;307;307;307;307;307;307;NA;NA;NA;NA;NA;NA;NA;NA;NA;NA;NA;44;276
2022-02-03;"0-60";36;36;36;36;36;36;36;36;36;36;36;36;152;152;152;152;152;152;152;152;152;152;152;152;1;1;1;1;1;1;1;1;1;1;1;35;136
2022-02-03;"60+";20;20;20;20;20;20;20;20;20;20;20;20;132;132;132;132;132;132;132;132;132;132;132;132;1;1;1;1;1;1;1;1;1;1;1;19;122
2022-02-03;"alle";56;56;56;56;56;56;56;56;56;56;56;56;284;284;284;284;284;284;284;284;284;284;284;284;NA;NA;NA;NA;NA;NA;NA;NA;NA;NA;NA;54;258
2022-02-02;"0-60";34;34;34;34;34;34;34;34;34;34;34;34;141;141;141;141;141;141;141;141;141;141;141;141;1;1;1;1;1;1;1;1;1;1;1;26;125
2022-02-02;"60+";37;37;37;37;37;37;37;37;37;37;37;37;130;130;130;130;130;130;130;130;130;130;130;130;1;1;1;1;1;1;1;1;1;1;1;31;120
2022-02-02;"alle";71;71;71;71;71;71;71;71;71;71;71;71;271;271;271;271;271;271;271;271;271;271;271;271;NA;NA;NA;NA;NA;NA;NA;NA;NA;NA;NA;57;245
2022-02-01;"0-60";28;28;28;28;28;28;28;28;28;28;28;28;127;127;127;127;127;127;127;127;127;127;127;127;1;1;1;1;1;1;1;1;1;1;1;24;119
2022-02-01;"60+";26;26;26;26;26;26;26;26;26;26;26;26;116;116;116;116;116;116;116;116;116;116;116;116;1;1;1;1;1;1;1;1;1;1;1;26;112
2022-02-01;"alle";54;54;54;54;54;54;54;54;54;54;54;54;243;243;243;243;243;243;243;243;243;243;243;243;NA;NA;NA;NA;NA;NA;NA;NA;NA;NA;NA;50;231
2022-01-31;"0-60";11;11;11;11;11;11;11;11;11;11;11;11;120;120;120;120;120;120;120;120;120;120;120;120;1;1;1;1;1;1;1;1;1;1;1;9;115
2022-01-31;"60+";7;7;7;7;7;7;7;7;7;7;7;7;116;116;116;116;116;116;116;116;116;116;116;116;1;1;1;1;1;1;1;1;1;1;1;6;112
2022-01-31;"alle";18;18;18;18;18;18;18;18;18;18;18;18;236;236;236;236;236;236;236;236;236;236;236;236;NA;NA;NA;NA;NA;NA;NA;NA;NA;NA;NA;15;227
2022-01-30;"0-60";11;11;11;11;11;11;11;11;11;11;11;11;118;118;118;118;118;118;118;118;118;118;118;118;1;1;1;1;1;1;1;1;1;1;1;10;115
2022-01-30;"60+";10;10;10;10;10;10;10;10;10;10;10;10;113;113;113;113;113;113;113;113;113;113;113;113;1;1;1;1;1;1;1;1;1;1;1;10;110
2022-01-30;"alle";21;21;21;21;21;21;21;21;21;21;21;21;231;231;231;231;231;231;231;231;231;231;231;231;NA;NA;NA;NA;NA;NA;NA;NA;NA;NA;NA;20;225
2022-01-29;"0-60";20;20;20;20;20;20;20;20;20;20;20;20;115;115;115;115;115;115;115;115;115;115;115;115;1;1;1;1;1;1;1;1;1;1;1;20;112
2022-01-29;"60+";18;18;18;18;18;18;18;18;18;18;18;18;113;113;113;113;113;113;113;113;113;113;113;113;1;1;1;1;1;1;1;1;1;1;1;16;110
2022-01-29;"alle";38;38;38;38;38;38;38;38;38;38;38;38;228;228;228;228;228;228;228;228;228;228;228;228;NA;NA;NA;NA;NA;NA;NA;NA;NA;NA;NA;36;222
2022-01-28;"0-60";12;12;12;12;12;12;12;12;12;12;12;12;116;116;116;116;116;116;116;116;116;116;116;116;1;1;1;1;1;1;1;1;1;1;1;12;113
2022-01-28;"60+";14;14;14;14;14;14;14;14;14;14;14;14;107;107;107;107;107;107;107;107;107;107;107;107;1;1;1;1;1;1;1;1;1;1;1;14;106
2022-01-28;"alle";26;26;26;26;26;26;26;26;26;26;26;26;223;223;223;223;223;223;223;223;223;223;223;223;NA;NA;NA;NA;NA;NA;NA;NA;NA;NA;NA;26;219
2022-01-27;"0-60";25;25;25;25;25;25;25;25;25;25;25;25;120;120;120;120;120;120;120;120;120;120;120;120;1;1;1;1;1;1;1;1;1;1;1;24;117
2022-01-27;"60+";18;18;18;18;18;18;18;18;18;18;18;18;108;108;108;108;108;108;108;108;108;108;108;108;1;1;1;1;1;1;1;1;1;1;1;17;107
2022-01-27;"alle";43;43;43;43;43;43;43;43;43;43;43;43;228;228;228;228;228;228;228;228;228;228;228;228;NA;NA;NA;NA;NA;NA;NA;NA;NA;NA;NA;41;224
2022-01-26;"0-60";20;20;20;20;20;20;20;20;20;20;20;20;110;110;110;110;110;110;110;110;110;110;110;110;1;1;1;1;1;1;1;1;1;1;1;20;108
2022-01-26;"60+";23;23;23;23;23;23;23;23;23;23;23;23;110;110;110;110;110;110;110;110;110;110;110;110;1;1;1;1;1;1;1;1;1;1;1;23;109
2022-01-26;"alle";43;43;43;43;43;43;43;43;43;43;43;43;220;220;220;220;220;220;220;220;220;220;220;220;NA;NA;NA;NA;NA;NA;NA;NA;NA;NA;NA;43;217
2022-01-25;"0-60";21;21;21;21;21;21;21;21;21;21;21;21;115;115;115;115;115;115;115;115;115;115;115;115;1;1;1;1;1;1;1;1;1;1;1;20;113
2022-01-25;"60+";26;26;26;26;26;26;26;26;26;26;26;26;104;104;104;104;104;104;104;104;104;104;104;104;1;1;1;1;1;1;1;1;1;1;1;26;100
2022-01-25;"alle";47;47;47;47;47;47;47;47;47;47;47;47;219;219;219;219;219;219;219;219;219;219;219;219;NA;NA;NA;NA;NA;NA;NA;NA;NA;NA;NA;46;213
2022-01-24;"0-60";9;9;9;9;9;9;9;9;9;9;9;9;106;106;106;106;106;106;106;106;106;106;106;106;1;1;1;1;1;1;1;1;1;1;1;9;104
2022-01-24;"60+";4;4;4;4;4;4;4;4;4;4;4;4;102;102;102;102;102;102;102;102;102;102;102;102;1;1;1;1;1;1;1;1;1;1;1;4;97
2022-01-24;"alle";13;13;13;13;13;13;13;13;13;13;13;13;208;208;208;208;208;208;208;208;208;208;208;208;NA;NA;NA;NA;NA;NA;NA;NA;NA;NA;NA;13;201
2022-01-23;"0-60";8;8;8;8;8;8;8;8;8;8;8;8;101;101;101;101;101;101;101;101;101;101;101;101;1;1;1;1;1;1;1;1;1;1;1;7;99
2022-01-23;"60+";10;10;10;10;10;10;10;10;10;10;10;10;103;103;103;103;103;103;103;103;103;103;103;103;1;1;1;1;1;1;1;1;1;1;1;10;98
2022-01-23;"alle";18;18;18;18;18;18;18;18;18;18;18;18;204;204;204;204;204;204;204;204;204;204;204;204;NA;NA;NA;NA;NA;NA;NA;NA;NA;NA;NA;17;197
2022-01-22;"0-60";21;21;21;21;21;21;21;21;21;21;21;21;96;96;96;96;96;96;96;96;96;96;96;96;1;1;1;1;1;1;1;1;1;1;1;21;95
2022-01-22;"60+";12;12;12;12;12;12;12;12;12;12;12;12;97;97;97;97;97;97;97;97;97;97;97;97;1;1;1;1;1;1;1;1;1;1;1;12;92
2022-01-22;"alle";33;33;33;33;33;33;33;33;33;33;33;33;193;193;193;193;193;193;193;193;193;193;193;193;NA;NA;NA;NA;NA;NA;NA;NA;NA;NA;NA;33;187
2022-01-21;"0-60";16;16;16;16;16;16;16;16;16;16;16;16;86;86;86;86;86;86;86;86;86;86;86;86;1;1;1;1;1;1;1;1;1;1;1;16;84
2022-01-21;"60+";15;15;15;15;15;15;15;15;15;15;15;15;99;99;99;99;99;99;99;99;99;99;99;99;1;1;1;1;1;1;1;1;1;1;1;15;94
2022-01-21;"alle";31;31;31;31;31;31;31;31;31;31;31;31;185;185;185;185;185;185;185;185;185;185;185;185;NA;NA;NA;NA;NA;NA;NA;NA;NA;NA;NA;31;178
2022-01-20;"0-60";15;15;15;15;15;15;15;15;15;15;15;15;76;76;76;76;76;76;76;76;76;76;76;76;1;1;1;1;1;1;1;1;1;1;1;15;73
2022-01-20;"60+";20;20;20;20;20;20;20;20;20;20;20;20;99;99;99;99;99;99;99;99;99;99;99;99;1;1;1;1;1;1;1;1;1;1;1;19;92
2022-01-20;"alle";35;35;35;35;35;35;35;35;35;35;35;35;175;175;175;175;175;175;175;175;175;175;175;175;NA;NA;NA;NA;NA;NA;NA;NA;NA;NA;NA;34;165
2022-01-19;"0-60";25;25;25;25;25;25;25;25;25;25;25;25;68;68;68;68;68;68;68;68;68;68;68;68;1;1;1;1;1;1;1;1;1;1;1;25;62
2022-01-19;"60+";17;17;17;17;17;17;17;17;17;17;17;17;100;100;100;100;100;100;100;100;100;100;100;100;1;1;1;1;1;1;1;1;1;1;1;14;94
2022-01-19;"alle";42;42;42;42;42;42;42;42;42;42;42;42;168;168;168;168;168;168;168;168;168;168;168;168;NA;NA;NA;NA;NA;NA;NA;NA;NA;NA;NA;39;156
2022-01-18;"0-60";12;12;12;12;12;12;12;12;12;12;12;12;54;54;54;54;54;54;54;54;54;54;54;54;1;1;1;1;1;1;1;1;1;1;1;11;47
2022-01-18;"60+";24;24;24;24;24;24;24;24;24;24;24;24;103;103;103;103;103;103;103;103;103;103;103;103;1;1;1;1;1;1;1;1;1;1;1;23;98
2022-01-18;"alle";36;36;36;36;36;36;36;36;36;36;36;36;157;157;157;157;157;157;157;157;157;157;157;157;NA;NA;NA;NA;NA;NA;NA;NA;NA;NA;NA;34;145
2022-01-17;"0-60";4;4;4;4;4;4;4;4;4;4;4;4;55;55;55;55;55;55;55;55;55;55;55;55;1;1;1;1;1;1;1;1;1;1;1;4;48
2022-01-17;"60+";5;5;5;5;5;5;5;5;5;5;5;5;115;115;115;115;115;115;115;115;115;115;115;115;1;1;1;1;1;1;1;1;1;1;1;5;109
2022-01-17;"alle";9;9;9;9;9;9;9;9;9;9;9;9;170;170;170;170;170;170;170;170;170;170;170;170;NA;NA;NA;NA;NA;NA;NA;NA;NA;NA;NA;9;157
2022-01-16;"0-60";3;3;3;3;3;3;3;3;3;3;3;3;57;57;57;57;57;57;57;57;57;57;57;57;1;1;1;1;1;1;1;1;1;1;1;3;50
2022-01-16;"60+";4;4;4;4;4;4;4;4;4;4;4;4;121;121;121;121;121;121;121;121;121;121;121;121;1;1;1;1;1;1;1;1;1;1;1;4;113
2022-01-16;"alle";7;7;7;7;7;7;7;7;7;7;7;7;178;178;178;178;178;178;178;178;178;178;178;178;NA;NA;NA;NA;NA;NA;NA;NA;NA;NA;NA;7;164
2022-01-15;"0-60";11;11;11;11;11;11;11;11;11;11;11;11;60;60;60;60;60;60;60;60;60;60;60;60;1;1;1;1;1;1;1;1;1;1;1;10;52
2022-01-15;"60+";14;14;14;14;14;14;14;14;14;14;14;14;130;130;130;130;130;130;130;130;130;130;130;130;1;1;1;1;1;1;1;1;1;1;1;14;122
2022-01-15;"alle";25;25;25;25;25;25;25;25;25;25;25;25;190;190;190;190;190;190;190;190;190;190;190;190;NA;NA;NA;NA;NA;NA;NA;NA;NA;NA;NA;24;175
2022-01-14;"0-60";6;6;6;6;6;6;6;6;6;6;6;6;55;55;55;55;55;55;55;55;55;55;55;55;1;1;1;1;1;1;1;1;1;1;1;5;47
2022-01-14;"60+";15;15;15;15;15;15;15;15;15;15;15;15;140;140;140;140;140;140;140;140;140;140;140;140;1;1;1;1;1;1;1;1;1;1;1;13;130
2022-01-14;"alle";21;21;21;21;21;21;21;21;21;21;21;21;195;195;195;195;195;195;195;195;195;195;195;195;NA;NA;NA;NA;NA;NA;NA;NA;NA;NA;NA;18;178
2022-01-13;"0-60";7;7;7;7;7;7;7;7;7;7;7;7;64;64;64;64;64;64;64;64;64;64;64;64;1;1;1;1;1;1;1;1;1;1;1;4;57
2022-01-13;"60+";21;21;21;21;21;21;21;21;21;21;21;21;164;164;164;164;164;164;164;164;164;164;164;164;1;1;1;1;1;1;1;1;1;1;1;21;150
2022-01-13;"alle";28;28;28;28;28;28;28;28;28;28;28;28;228;228;228;228;228;228;228;228;228;228;228;228;NA;NA;NA;NA;NA;NA;NA;NA;NA;NA;NA;25;208
2022-01-12;"0-60";11;11;11;11;11;11;11;11;11;11;11;11;74;74;74;74;74;74;74;74;74;74;74;74;1;1;1;1;1;1;1;1;1;1;1;10;67
2022-01-12;"60+";20;20;20;20;20;20;20;20;20;20;20;20;191;191;191;191;191;191;191;191;191;191;191;191;1;1;1;1;1;1;1;1;1;1;1;18;169
2022-01-12;"alle";31;31;31;31;31;31;31;31;31;31;31;31;265;265;265;265;265;265;265;265;265;265;265;265;NA;NA;NA;NA;NA;NA;NA;NA;NA;NA;NA;28;237
2022-01-11;"0-60";13;13;13;13;13;13;13;13;13;13;13;13;90;90;90;90;90;90;90;90;90;90;90;90;1;1;1;1;1;1;1;1;1;1;1;12;81
2022-01-11;"60+";36;36;36;36;36;36;36;36;36;36;36;36;227;227;227;227;227;227;227;227;227;227;227;227;1;1;1;1;1;1;1;1;1;1;1;34;202
2022-01-11;"alle";49;49;49;49;49;49;49;49;49;49;49;49;317;317;317;317;317;317;317;317;317;317;317;317;NA;NA;NA;NA;NA;NA;NA;NA;NA;NA;NA;46;284
2022-01-10;"0-60";6;6;6;6;6;6;6;6;6;6;6;6;113;113;113;113;113;113;113;113;113;113;113;113;1;1;1;1;1;1;1;1;1;1;1;6;99
2022-01-10;"60+";11;11;11;11;11;11;11;11;11;11;11;11;266;266;266;266;266;266;266;266;266;266;266;266;1;1;1;1;1;1;1;1;1;1;1;9;232
2022-01-10;"alle";17;17;17;17;17;17;17;17;17;17;17;17;379;379;379;379;379;379;379;379;379;379;379;379;NA;NA;NA;NA;NA;NA;NA;NA;NA;NA;NA;16;332
2022-01-09;"0-60";6;6;6;6;6;6;6;6;6;6;6;6;117;117;117;117;117;117;117;117;117;117;117;117;1;1;1;1;1;1;1;1;1;1;1;5;103
2022-01-09;"60+";13;13;13;13;13;13;13;13;13;13;13;13;271;271;271;271;271;271;271;271;271;271;271;271;1;1;1;1;1;1;1;1;1;1;1;13;237
2022-01-09;"alle";19;19;19;19;19;19;19;19;19;19;19;19;388;388;388;388;388;388;388;388;388;388;388;388;NA;NA;NA;NA;NA;NA;NA;NA;NA;NA;NA;18;340
2022-01-08;"0-60";6;6;6;6;6;6;6;6;6;6;6;6;123;123;123;123;123;123;123;123;123;123;123;123;1;1;1;1;1;1;1;1;1;1;1;5;110
2022-01-08;"60+";24;24;24;24;24;24;24;24;24;24;24;24;275;275;275;275;275;275;275;275;275;275;275;275;1;1;1;1;1;1;1;1;1;1;1;22;241
2022-01-08;"alle";30;30;30;30;30;30;30;30;30;30;30;30;398;398;398;398;398;398;398;398;398;398;398;398;NA;NA;NA;NA;NA;NA;NA;NA;NA;NA;NA;27;351
2022-01-07;"0-60";15;15;15;15;15;15;15;15;15;15;15;15;127;127;127;127;127;127;127;127;127;127;127;127;1;1;1;1;1;1;1;1;1;1;1;15;113
2022-01-07;"60+";39;39;39;39;39;39;39;39;39;39;39;39;279;279;279;279;279;279;279;279;279;279;279;279;1;1;1;1;1;1;1;1;1;1;1;33;242
2022-01-07;"alle";54;54;54;54;54;54;54;54;54;54;54;54;406;406;406;406;406;406;406;406;406;406;406;406;NA;NA;NA;NA;NA;NA;NA;NA;NA;NA;NA;48;355
2022-01-06;"0-60";17;17;17;17;17;17;17;17;17;17;17;17;130;130;130;130;130;130;130;130;130;130;130;130;1;1;1;1;1;1;1;1;1;1;1;14;115
2022-01-06;"60+";48;48;48;48;48;48;48;48;48;48;48;48;286;286;286;286;286;286;286;286;286;286;286;286;1;1;1;1;1;1;1;1;1;1;1;40;254
2022-01-06;"alle";65;65;65;65;65;65;65;65;65;65;65;65;416;416;416;416;416;416;416;416;416;416;416;416;NA;NA;NA;NA;NA;NA;NA;NA;NA;NA;NA;54;369
2022-01-05;"0-60";27;27;27;27;27;27;27;27;27;27;27;27;132;132;132;132;132;132;132;132;132;132;132;132;1;1;1;1;1;1;1;1;1;1;1;24;119
2022-01-05;"60+";56;56;56;56;56;56;56;56;56;56;56;56;283;283;283;283;283;283;283;283;283;283;283;283;1;1;1;1;1;1;1;1;1;1;1;51;256
2022-01-05;"alle";83;83;83;83;83;83;83;83;83;83;83;83;415;415;415;415;415;415;415;415;415;415;415;415;NA;NA;NA;NA;NA;NA;NA;NA;NA;NA;NA;75;375
2022-01-04;"0-60";36;36;36;36;36;36;36;36;36;36;36;36;130;130;130;130;130;130;130;130;130;130;130;130;1;1;1;1;1;1;1;1;1;1;1;30;116
2022-01-04;"60+";75;75;75;75;75;75;75;75;75;75;75;75;295;295;295;295;295;295;295;295;295;295;295;295;1;1;1;1;1;1;1;1;1;1;1;64;267
2022-01-04;"alle";111;111;111;111;111;111;111;111;111;111;111;111;425;425;425;425;425;425;425;425;425;425;425;425;NA;NA;NA;NA;NA;NA;NA;NA;NA;NA;NA;94;383
2022-01-03;"0-60";10;10;10;10;10;10;10;10;10;10;10;10;126;126;126;126;126;126;126;126;126;126;126;126;1;1;1;1;1;1;1;1;1;1;1;10;116
2022-01-03;"60+";16;16;16;16;16;16;16;16;16;16;16;16;285;285;285;285;285;285;285;285;285;285;285;285;1;1;1;1;1;1;1;1;1;1;1;14;264
2022-01-03;"alle";26;26;26;26;26;26;26;26;26;26;26;26;411;411;411;411;411;411;411;411;411;411;411;411;NA;NA;NA;NA;NA;NA;NA;NA;NA;NA;NA;24;380
2022-01-02;"0-60";12;12;12;12;12;12;12;12;12;12;12;12;126;126;126;126;126;126;126;126;126;126;126;126;1;1;1;1;1;1;1;1;1;1;1;12;114
2022-01-02;"60+";17;17;17;17;17;17;17;17;17;17;17;17;298;298;298;298;298;298;298;298;298;298;298;298;1;1;1;1;1;1;1;1;1;1;1;17;278
2022-01-02;"alle";29;29;29;29;29;29;29;29;29;29;29;29;424;424;424;424;424;424;424;424;424;424;424;424;NA;NA;NA;NA;NA;NA;NA;NA;NA;NA;NA;29;392
2022-01-01;"0-60";10;10;10;10;10;10;10;10;10;10;10;10;124;124;124;124;124;124;124;124;124;124;124;124;1;1;1;1;1;1;1;1;1;1;1;8;112
2022-01-01;"60+";28;28;28;28;28;28;28;28;28;28;28;28;297;297;297;297;297;297;297;297;297;297;297;297;1;1;1;1;1;1;1;1;1;1;1;23;276
2022-01-01;"alle";38;38;38;38;38;38;38;38;38;38;38;38;421;421;421;421;421;421;421;421;421;421;421;421;NA;NA;NA;NA;NA;NA;NA;NA;NA;NA;NA;31;388
2021-12-31;"0-60";18;18;18;18;18;18;18;18;18;18;18;18;126;126;126;126;126;126;126;126;126;126;126;126;1;1;1;1;1;1;1;1;1;1;1;17;116
2021-12-31;"60+";46;46;46;46;46;46;46;46;46;46;46;46;294;294;294;294;294;294;294;294;294;294;294;294;1;1;1;1;1;1;1;1;1;1;1;45;273
2021-12-31;"alle";64;64;64;64;64;64;64;64;64;64;64;64;420;420;420;420;420;420;420;420;420;420;420;420;NA;NA;NA;NA;NA;NA;NA;NA;NA;NA;NA;62;389
2021-12-30;"0-60";19;19;19;19;19;19;19;19;19;19;19;19;135;135;135;135;135;135;135;135;135;135;135;135;1;1;1;1;1;1;1;1;1;1;1;18;124
2021-12-30;"60+";45;45;45;45;45;45;45;45;45;45;45;45;299;299;299;299;299;299;299;299;299;299;299;299;1;1;1;1;1;1;1;1;1;1;1;42;275
2021-12-30;"alle";64;64;64;64;64;64;64;64;64;64;64;64;434;434;434;434;434;434;434;434;434;434;434;434;NA;NA;NA;NA;NA;NA;NA;NA;NA;NA;NA;60;400
2021-12-29;"0-60";25;25;25;25;25;25;25;25;25;25;25;25;149;149;149;149;149;149;149;149;149;149;149;149;1;1;1;1;1;1;1;1;1;1;1;21;136
2021-12-29;"60+";68;68;68;68;68;68;68;68;68;68;68;68;321;321;321;321;321;321;321;321;321;321;321;321;1;1;1;1;1;1;1;1;1;1;1;62;296
2021-12-29;"alle";93;93;93;93;93;93;93;93;93;93;93;93;470;470;470;470;470;470;470;470;470;470;470;470;NA;NA;NA;NA;NA;NA;NA;NA;NA;NA;NA;83;434
2021-12-28;"0-60";32;32;32;32;32;32;32;32;32;32;32;32;162;162;162;162;162;162;162;162;162;162;162;162;1;1;1;1;1;1;1;1;1;1;1;30;149
2021-12-28;"60+";65;65;65;65;65;65;65;65;65;65;65;65;369;369;369;369;369;369;369;369;369;369;369;369;1;1;1;1;1;1;1;1;1;1;1;61;343
2021-12-28;"alle";97;97;97;97;97;97;97;97;97;97;97;97;531;531;531;531;531;531;531;531;531;531;531;531;NA;NA;NA;NA;NA;NA;NA;NA;NA;NA;NA;91;494
2021-12-27;"0-60";10;10;10;10;10;10;10;10;10;10;10;10;167;167;167;167;167;167;167;167;167;167;167;167;1;1;1;1;1;1;1;1;1;1;1;8;154
2021-12-27;"60+";29;29;29;29;29;29;29;29;29;29;29;29;381;381;381;381;381;381;381;381;381;381;381;381;1;1;1;1;1;1;1;1;1;1;1;28;359
2021-12-27;"alle";39;39;39;39;39;39;39;39;39;39;39;39;548;548;548;548;548;548;548;548;548;548;548;548;NA;NA;NA;NA;NA;NA;NA;NA;NA;NA;NA;36;515
2021-12-26;"0-60";10;10;10;10;10;10;10;10;10;10;10;10;168;168;168;168;168;168;168;168;168;168;168;168;1;1;1;1;1;1;1;1;1;1;1;10;157
2021-12-26;"60+";16;16;16;16;16;16;16;16;16;16;16;16;382;382;382;382;382;382;382;382;382;382;382;382;1;1;1;1;1;1;1;1;1;1;1;15;360
2021-12-26;"alle";26;26;26;26;26;26;26;26;26;26;26;26;550;550;550;550;550;550;550;550;550;550;550;550;NA;NA;NA;NA;NA;NA;NA;NA;NA;NA;NA;25;520
2021-12-25;"0-60";12;12;12;12;12;12;12;12;12;12;12;12;180;180;180;180;180;180;180;180;180;180;180;180;1;1;1;1;1;1;1;1;1;1;1;12;168
2021-12-25;"60+";25;25;25;25;25;25;25;25;25;25;25;25;402;402;402;402;402;402;402;402;402;402;402;402;1;1;1;1;1;1;1;1;1;1;1;20;378
2021-12-25;"alle";37;37;37;37;37;37;37;37;37;37;37;37;582;582;582;582;582;582;582;582;582;582;582;582;NA;NA;NA;NA;NA;NA;NA;NA;NA;NA;NA;32;549
2021-12-24;"0-60";27;27;27;27;27;27;27;27;27;27;27;27;205;205;205;205;205;205;205;205;205;205;205;205;1;1;1;1;1;1;1;1;1;1;1;25;189
2021-12-24;"60+";51;51;51;51;51;51;51;51;51;51;51;51;452;452;452;452;452;452;452;452;452;452;452;452;1;1;1;1;1;1;1;1;1;1;1;47;432
2021-12-24;"alle";78;78;78;78;78;78;78;78;78;78;78;78;657;657;657;657;657;657;657;657;657;657;657;657;NA;NA;NA;NA;NA;NA;NA;NA;NA;NA;NA;73;624
2021-12-23;"0-60";33;33;33;33;33;33;33;33;33;33;33;33;207;207;207;207;207;207;207;207;207;207;207;207;1;1;1;1;1;1;1;1;1;1;1;30;188
2021-12-23;"60+";67;67;67;67;67;67;67;67;67;67;67;67;471;471;471;471;471;471;471;471;471;471;471;471;1;1;1;1;1;1;1;1;1;1;1;63;448
2021-12-23;"alle";100;100;100;100;100;100;100;100;100;100;100;100;678;678;678;678;678;678;678;678;678;678;678;678;NA;NA;NA;NA;NA;NA;NA;NA;NA;NA;NA;94;638
2021-12-22;"0-60";38;38;38;38;38;38;38;38;38;38;38;38;202;202;202;202;202;202;202;202;202;202;202;202;1;1;1;1;1;1;1;1;1;1;1;34;184
2021-12-22;"60+";116;116;116;116;116;116;116;116;116;116;116;116;526;526;526;526;526;526;526;526;526;526;526;526;1;1;1;1;1;1;1;1;1;1;1;109;499
2021-12-22;"alle";154;154;154;154;154;154;154;154;154;154;154;154;728;728;728;728;728;728;728;728;728;728;728;728;NA;NA;NA;NA;NA;NA;NA;NA;NA;NA;NA;143;684
2021-12-21;"0-60";37;37;37;37;37;37;37;37;37;37;37;37;219;219;219;219;219;219;219;219;219;219;219;219;1;1;1;1;1;1;1;1;1;1;1;35;200
2021-12-21;"60+";77;77;77;77;77;77;77;77;77;77;77;77;529;529;529;529;529;529;529;529;529;529;529;529;1;1;1;1;1;1;1;1;1;1;1;77;503
2021-12-21;"alle";114;114;114;114;114;114;114;114;114;114;114;114;748;748;748;748;748;748;748;748;748;748;748;748;NA;NA;NA;NA;NA;NA;NA;NA;NA;NA;NA;112;704
2021-12-20;"0-60";11;11;11;11;11;11;11;11;11;11;11;11;227;227;227;227;227;227;227;227;227;227;227;227;1;1;1;1;1;1;1;1;1;1;1;11;205
2021-12-20;"60+";30;30;30;30;30;30;30;30;30;30;30;30;550;550;550;550;550;550;550;550;550;550;550;550;1;1;1;1;1;1;1;1;1;1;1;29;516
2021-12-20;"alle";41;41;41;41;41;41;41;41;41;41;41;41;777;777;777;777;777;777;777;777;777;777;777;777;NA;NA;NA;NA;NA;NA;NA;NA;NA;NA;NA;41;722
2021-12-19;"0-60";22;22;22;22;22;22;22;22;22;22;22;22;232;232;232;232;232;232;232;232;232;232;232;232;1;1;1;1;1;1;1;1;1;1;1;21;209
2021-12-19;"60+";36;36;36;36;36;36;36;36;36;36;36;36;556;556;556;556;556;556;556;556;556;556;556;556;1;1;1;1;1;1;1;1;1;1;1;33;520
2021-12-19;"alle";58;58;58;58;58;58;58;58;58;58;58;58;788;788;788;788;788;788;788;788;788;788;788;788;NA;NA;NA;NA;NA;NA;NA;NA;NA;NA;NA;54;729
2021-12-18;"0-60";37;37;37;37;37;37;37;37;37;37;37;37;238;238;238;238;238;238;238;238;238;238;238;238;1;1;1;1;1;1;1;1;1;1;1;33;214
2021-12-18;"60+";75;75;75;75;75;75;75;75;75;75;75;75;578;578;578;578;578;578;578;578;578;578;578;578;1;1;1;1;1;1;1;1;1;1;1;74;542
2021-12-18;"alle";112;112;112;112;112;112;112;112;112;112;112;112;816;816;816;816;816;816;816;816;816;816;816;816;NA;NA;NA;NA;NA;NA;NA;NA;NA;NA;NA;107;756
2021-12-17;"0-60";29;29;29;29;29;29;29;29;29;29;29;29;254;254;254;254;254;254;254;254;254;254;254;254;1;1;1;1;1;1;1;1;1;1;1;24;229
2021-12-17;"60+";70;70;70;70;70;70;70;70;70;70;70;70;628;628;628;628;628;628;628;628;628;628;628;628;1;1;1;1;1;1;1;1;1;1;1;63;581
2021-12-17;"alle";99;99;99;99;99;99;99;99;99;99;99;99;882;882;882;882;882;882;882;882;882;882;882;882;NA;NA;NA;NA;NA;NA;NA;NA;NA;NA;NA;87;811
2021-12-16;"0-60";28;28;28;28;28;28;28;28;28;28;28;28;277;277;277;277;277;277;277;277;277;277;277;277;1;1;1;1;1;1;1;1;1;1;1;26;250
2021-12-16;"60+";122;122;122;122;122;122;122;122;122;122;122;122;658;658;658;658;658;658;658;658;658;658;658;658;1;1;1;1;1;1;1;1;1;1;1;114;608
2021-12-16;"alle";150;150;150;150;150;150;150;150;150;150;150;150;935;935;935;935;935;935;935;935;935;935;935;935;NA;NA;NA;NA;NA;NA;NA;NA;NA;NA;NA;140;859
2021-12-15;"0-60";55;55;55;55;55;55;55;55;55;55;55;55;293;293;293;293;293;293;293;293;293;293;293;293;1;1;1;1;1;1;1;1;1;1;1;50;259
2021-12-15;"60+";119;119;119;119;119;119;119;119;119;119;119;119;640;640;640;640;640;640;640;640;640;640;640;640;1;1;1;1;1;1;1;1;1;1;1;113;590
2021-12-15;"alle";174;174;174;174;174;174;174;174;174;174;174;174;933;933;933;933;933;933;933;933;933;933;933;933;NA;NA;NA;NA;NA;NA;NA;NA;NA;NA;NA;163;850
2021-12-14;"0-60";45;45;45;45;45;45;45;45;45;45;45;45;287;287;287;287;287;287;287;287;287;287;287;287;1;1;1;1;1;1;1;1;1;1;1;40;257
2021-12-14;"60+";98;98;98;98;98;98;98;98;98;98;98;98;641;641;641;641;641;641;641;641;641;641;641;641;1;1;1;1;1;1;1;1;1;1;1;90;591
2021-12-14;"alle";143;143;143;143;143;143;143;143;143;143;143;143;928;928;928;928;928;928;928;928;928;928;928;928;NA;NA;NA;NA;NA;NA;NA;NA;NA;NA;NA;130;849
2021-12-13;"0-60";16;16;16;16;16;16;16;16;16;16;16;16;305;305;305;305;305;305;305;305;305;305;305;305;1;1;1;1;1;1;1;1;1;1;1;15;275
2021-12-13;"60+";36;36;36;36;36;36;36;36;36;36;36;36;694;694;694;694;694;694;694;694;694;694;694;694;1;1;1;1;1;1;1;1;1;1;1;33;633
2021-12-13;"alle";52;52;52;52;52;52;52;52;52;52;52;52;999;999;999;999;999;999;999;999;999;999;999;999;NA;NA;NA;NA;NA;NA;NA;NA;NA;NA;NA;48;909
2021-12-12;"0-60";28;28;28;28;28;28;28;28;28;28;28;28;306;306;306;306;306;306;306;306;306;306;306;306;1;1;1;1;1;1;1;1;1;1;1;26;273
2021-12-12;"60+";58;58;58;58;58;58;58;58;58;58;58;58;726;726;726;726;726;726;726;726;726;726;726;726;1;1;1;1;1;1;1;1;1;1;1;55;658
2021-12-12;"alle";86;86;86;86;86;86;86;86;86;86;86;86;1032;1032;1032;1032;1032;1032;1032;1032;1032;1032;1032;1032;NA;NA;NA;NA;NA;NA;NA;NA;NA;NA;NA;81;934
2021-12-11;"0-60";53;53;53;53;53;53;53;53;53;53;53;53;308;308;308;308;308;308;308;308;308;308;308;308;1;1;1;1;1;1;1;1;1;1;1;48;276
2021-12-11;"60+";125;125;125;125;125;125;125;125;125;125;125;125;727;727;727;727;727;727;727;727;727;727;727;727;1;1;1;1;1;1;1;1;1;1;1;113;655
2021-12-11;"alle";178;178;178;178;178;178;178;178;178;178;178;178;1035;1035;1035;1035;1035;1035;1035;1035;1035;1035;1035;1035;NA;NA;NA;NA;NA;NA;NA;NA;NA;NA;NA;162;934
2021-12-10;"0-60";52;52;52;52;52;52;52;52;52;52;52;52;312;312;312;312;312;312;312;312;312;312;312;312;1;1;1;1;1;1;1;1;1;1;1;45;280
2021-12-10;"60+";100;100;100;100;100;100;100;100;100;100;100;100;741;741;741;741;741;741;741;741;741;741;741;741;1;1;1;1;1;1;1;1;1;1;1;90;662
2021-12-10;"alle";152;152;152;152;152;152;152;152;152;152;152;152;1053;1053;1053;1053;1053;1053;1053;1053;1053;1053;1053;1053;NA;NA;NA;NA;NA;NA;NA;NA;NA;NA;NA;135;944
2021-12-09;"0-60";44;44;44;44;44;44;44;44;44;44;44;44;306;306;306;306;306;306;306;306;306;306;306;306;1;1;1;1;1;1;1;1;1;1;1;35;275
2021-12-09;"60+";104;104;104;104;104;104;104;104;104;104;104;104;744;744;744;744;744;744;744;744;744;744;744;744;1;1;1;1;1;1;1;1;1;1;1;96;666
2021-12-09;"alle";148;148;148;148;148;148;148;148;148;148;148;148;1050;1050;1050;1050;1050;1050;1050;1050;1050;1050;1050;1050;NA;NA;NA;NA;NA;NA;NA;NA;NA;NA;NA;131;944
2021-12-08;"0-60";49;49;49;49;49;49;49;49;49;49;49;49;315;315;315;315;315;315;315;315;315;315;315;315;1;1;1;1;1;1;1;1;1;1;1;48;287
2021-12-08;"60+";120;120;120;120;120;120;120;120;120;120;120;120;752;752;752;752;752;752;752;752;752;752;752;752;1;1;1;1;1;1;1;1;1;1;1;114;674
2021-12-08;"alle";169;169;169;169;169;169;169;169;169;169;169;169;1067;1067;1067;1067;1067;1067;1067;1067;1067;1067;1067;1067;NA;NA;NA;NA;NA;NA;NA;NA;NA;NA;NA;162;964
2021-12-07;"0-60";63;63;63;63;63;63;63;63;63;63;63;63;307;307;307;307;307;307;307;307;307;307;307;307;1;1;1;1;1;1;1;1;1;1;1;58;276
2021-12-07;"60+";151;151;151;151;151;151;151;151;151;151;151;151;745;745;745;745;745;745;745;745;745;745;745;745;1;1;1;1;1;1;1;1;1;1;1;132;666
2021-12-07;"alle";214;214;214;214;214;214;214;214;214;214;214;214;1052;1052;1052;1052;1052;1052;1052;1052;1052;1052;1052;1052;NA;NA;NA;NA;NA;NA;NA;NA;NA;NA;NA;190;945
2021-12-06;"0-60";17;17;17;17;17;17;17;17;17;17;17;17;293;293;293;293;293;293;293;293;293;293;293;293;1;1;1;1;1;1;1;1;1;1;1;13;262
2021-12-06;"60+";68;68;68;68;68;68;68;68;68;68;68;68;701;701;701;701;701;701;701;701;701;701;701;701;1;1;1;1;1;1;1;1;1;1;1;58;632
2021-12-06;"alle";85;85;85;85;85;85;85;85;85;85;85;85;994;994;994;994;994;994;994;994;994;994;994;994;NA;NA;NA;NA;NA;NA;NA;NA;NA;NA;NA;73;897
2021-12-05;"0-60";30;30;30;30;30;30;30;30;30;30;30;30;295;295;295;295;295;295;295;295;295;295;295;295;1;1;1;1;1;1;1;1;1;1;1;29;263
2021-12-05;"60+";59;59;59;59;59;59;59;59;59;59;59;59;689;689;689;689;689;689;689;689;689;689;689;689;1;1;1;1;1;1;1;1;1;1;1;52;624
2021-12-05;"alle";89;89;89;89;89;89;89;89;89;89;89;89;984;984;984;984;984;984;984;984;984;984;984;984;NA;NA;NA;NA;NA;NA;NA;NA;NA;NA;NA;81;888
2021-12-04;"0-60";57;57;57;57;57;57;57;57;57;57;57;57;287;287;287;287;287;287;287;287;287;287;287;287;1;1;1;1;1;1;1;1;1;1;1;52;248
2021-12-04;"60+";139;139;139;139;139;139;139;139;139;139;139;139;700;700;700;700;700;700;700;700;700;700;700;700;1;1;1;1;1;1;1;1;1;1;1;120;626
2021-12-04;"alle";196;196;196;196;196;196;196;196;196;196;196;196;987;987;987;987;987;987;987;987;987;987;987;987;NA;NA;NA;NA;NA;NA;NA;NA;NA;NA;NA;172;875
2021-12-03;"0-60";46;46;46;46;46;46;46;46;46;46;46;46;274;274;274;274;274;274;274;274;274;274;274;274;1;1;1;1;1;1;1;1;1;1;1;40;231
2021-12-03;"60+";103;103;103;103;103;103;103;103;103;103;103;103;687;687;687;687;687;687;687;687;687;687;687;687;1;1;1;1;1;1;1;1;1;1;1;94;616
2021-12-03;"alle";149;149;149;149;149;149;149;149;149;149;149;149;961;961;961;961;961;961;961;961;961;961;961;961;NA;NA;NA;NA;NA;NA;NA;NA;NA;NA;NA;135;848
2021-12-02;"0-60";53;53;53;53;53;53;53;53;53;53;53;53;286;286;286;286;286;286;286;286;286;286;286;286;1;1;1;1;1;1;1;1;1;1;1;47;244
2021-12-02;"60+";112;112;112;112;112;112;112;112;112;112;112;112;699;699;699;699;699;699;699;699;699;699;699;699;1;1;1;1;1;1;1;1;1;1;1;104;625
2021-12-02;"alle";165;165;165;165;165;165;165;165;165;165;165;165;985;985;985;985;985;985;985;985;985;985;985;985;NA;NA;NA;NA;NA;NA;NA;NA;NA;NA;NA;151;869
2021-12-01;"0-60";41;41;41;41;41;41;41;41;41;41;41;41;286;286;286;286;286;286;286;286;286;286;286;286;1;1;1;1;1;1;1;1;1;1;1;37;245
2021-12-01;"60+";113;113;113;113;113;113;113;113;113;113;113;113;697;697;697;697;697;697;697;697;697;697;697;697;1;1;1;1;1;1;1;1;1;1;1;106;616
2021-12-01;"alle";154;154;154;154;154;154;154;154;154;154;154;154;983;983;983;983;983;983;983;983;983;983;983;983;NA;NA;NA;NA;NA;NA;NA;NA;NA;NA;NA;143;861
2021-11-30;"0-60";49;49;49;49;49;49;49;49;49;49;49;49;307;307;307;307;307;307;307;307;307;307;307;307;1;1;1;1;1;1;1;1;1;1;1;44;258
2021-11-30;"60+";107;107;107;107;107;107;107;107;107;107;107;107;727;727;727;727;727;727;727;727;727;727;727;727;1;1;1;1;1;1;1;1;1;1;1;98;642
2021-11-30;"alle";156;156;156;156;156;156;156;156;156;156;156;156;1034;1034;1034;1034;1034;1034;1034;1034;1034;1034;1034;1034;NA;NA;NA;NA;NA;NA;NA;NA;NA;NA;NA;142;900
2021-11-29;"0-60";19;19;19;19;19;19;19;19;19;19;19;19;310;310;310;310;310;310;310;310;310;310;310;310;1;1;1;1;1;1;1;1;1;1;1;14;258
2021-11-29;"60+";56;56;56;56;56;56;56;56;56;56;56;56;758;758;758;758;758;758;758;758;758;758;758;758;1;1;1;1;1;1;1;1;1;1;1;50;673
2021-11-29;"alle";75;75;75;75;75;75;75;75;75;75;75;75;1068;1068;1068;1068;1068;1068;1068;1068;1068;1068;1068;1068;NA;NA;NA;NA;NA;NA;NA;NA;NA;NA;NA;64;931
2021-11-28;"0-60";22;22;22;22;22;22;22;22;22;22;22;22;314;314;314;314;314;314;314;314;314;314;314;314;1;1;1;1;1;1;1;1;1;1;1;14;265
2021-11-28;"60+";70;70;70;70;70;70;70;70;70;70;70;70;768;768;768;768;768;768;768;768;768;768;768;768;1;1;1;1;1;1;1;1;1;1;1;54;679
2021-11-28;"alle";92;92;92;92;92;92;92;92;92;92;92;92;1082;1082;1082;1082;1082;1082;1082;1082;1082;1082;1082;1082;NA;NA;NA;NA;NA;NA;NA;NA;NA;NA;NA;68;944
2021-11-27;"0-60";44;44;44;44;44;44;44;44;44;44;44;44;316;316;316;316;316;316;316;316;316;316;316;316;1;1;1;1;1;1;1;1;1;1;1;35;270
2021-11-27;"60+";126;126;126;126;126;126;126;126;126;126;126;126;770;770;770;770;770;770;770;770;770;770;770;770;1;1;1;1;1;1;1;1;1;1;1;110;691
2021-11-27;"alle";170;170;170;170;170;170;170;170;170;170;170;170;1086;1086;1086;1086;1086;1086;1086;1086;1086;1086;1086;1086;NA;NA;NA;NA;NA;NA;NA;NA;NA;NA;NA;145;961
2021-11-26;"0-60";58;58;58;58;58;58;58;58;58;58;58;58;318;318;318;318;318;318;318;318;318;318;318;318;1;1;1;1;1;1;1;1;1;1;1;53;276
2021-11-26;"60+";115;115;115;115;115;115;115;115;115;115;115;115;760;760;760;760;760;760;760;760;760;760;760;760;1;1;1;1;1;1;1;1;1;1;1;103;680
2021-11-26;"alle";173;173;173;173;173;173;173;173;173;173;173;173;1078;1078;1078;1078;1078;1078;1078;1078;1078;1078;1078;1078;NA;NA;NA;NA;NA;NA;NA;NA;NA;NA;NA;156;956
2021-11-25;"0-60";53;53;53;53;53;53;53;53;53;53;53;53;310;310;310;310;310;310;310;310;310;310;310;310;1;1;1;1;1;1;1;1;1;1;1;48;271
2021-11-25;"60+";110;110;110;110;110;110;110;110;110;110;110;110;756;756;756;756;756;756;756;756;756;756;756;756;1;1;1;1;1;1;1;1;1;1;1;95;683
2021-11-25;"alle";163;163;163;163;163;163;163;163;163;163;163;163;1066;1066;1066;1066;1066;1066;1066;1066;1066;1066;1066;1066;NA;NA;NA;NA;NA;NA;NA;NA;NA;NA;NA;143;954
2021-11-24;"0-60";62;62;62;62;62;62;62;62;62;62;62;62;293;293;293;293;293;293;293;293;293;293;293;293;1;1;1;1;1;1;1;1;1;1;1;50;254
2021-11-24;"60+";143;143;143;143;143;143;143;143;143;143;143;143;727;727;727;727;727;727;727;727;727;727;727;727;1;1;1;1;1;1;1;1;1;1;1;132;660
2021-11-24;"alle";205;205;205;205;205;205;205;205;205;205;205;205;1020;1020;1020;1020;1020;1020;1020;1020;1020;1020;1020;1020;NA;NA;NA;NA;NA;NA;NA;NA;NA;NA;NA;182;914
2021-11-23;"0-60";52;52;52;52;52;52;52;52;52;52;52;52;278;278;278;278;278;278;278;278;278;278;278;278;1;1;1;1;1;1;1;1;1;1;1;44;245
2021-11-23;"60+";138;138;138;138;138;138;138;138;138;138;138;138;706;706;706;706;706;706;706;706;706;706;706;706;1;1;1;1;1;1;1;1;1;1;1;129;644
2021-11-23;"alle";190;190;190;190;190;190;190;190;190;190;190;190;984;984;984;984;984;984;984;984;984;984;984;984;NA;NA;NA;NA;NA;NA;NA;NA;NA;NA;NA;173;889
2021-11-22;"0-60";23;23;23;23;23;23;23;23;23;23;23;23;265;265;265;265;265;265;265;265;265;265;265;265;1;1;1;1;1;1;1;1;1;1;1;21;237
2021-11-22;"60+";66;66;66;66;66;66;66;66;66;66;66;66;677;677;677;677;677;677;677;677;677;677;677;677;1;1;1;1;1;1;1;1;1;1;1;56;615
2021-11-22;"alle";89;89;89;89;89;89;89;89;89;89;89;89;942;942;942;942;942;942;942;942;942;942;942;942;NA;NA;NA;NA;NA;NA;NA;NA;NA;NA;NA;77;852
2021-11-21;"0-60";24;24;24;24;24;24;24;24;24;24;24;24;255;255;255;255;255;255;255;255;255;255;255;255;1;1;1;1;1;1;1;1;1;1;1;19;227
2021-11-21;"60+";72;72;72;72;72;72;72;72;72;72;72;72;655;655;655;655;655;655;655;655;655;655;655;655;1;1;1;1;1;1;1;1;1;1;1;66;598
2021-11-21;"alle";96;96;96;96;96;96;96;96;96;96;96;96;910;910;910;910;910;910;910;910;910;910;910;910;NA;NA;NA;NA;NA;NA;NA;NA;NA;NA;NA;85;825
2021-11-20;"0-60";46;46;46;46;46;46;46;46;46;46;46;46;253;253;253;253;253;253;253;253;253;253;253;253;1;1;1;1;1;1;1;1;1;1;1;41;226
2021-11-20;"60+";116;116;116;116;116;116;116;116;116;116;116;116;632;632;632;632;632;632;632;632;632;632;632;632;1;1;1;1;1;1;1;1;1;1;1;99;577
2021-11-20;"alle";162;162;162;162;162;162;162;162;162;162;162;162;885;885;885;885;885;885;885;885;885;885;885;885;NA;NA;NA;NA;NA;NA;NA;NA;NA;NA;NA;140;803
2021-11-19;"0-60";50;50;50;50;50;50;50;50;50;50;50;50;235;235;235;235;235;235;235;235;235;235;235;235;1;1;1;1;1;1;1;1;1;1;1;48;210
2021-11-19;"60+";111;111;111;111;111;111;111;111;111;111;111;111;611;611;611;611;611;611;611;611;611;611;611;611;1;1;1;1;1;1;1;1;1;1;1;106;566
2021-11-19;"alle";161;161;161;161;161;161;161;161;161;161;161;161;846;846;846;846;846;846;846;846;846;846;846;846;NA;NA;NA;NA;NA;NA;NA;NA;NA;NA;NA;154;776
2021-11-18;"0-60";36;36;36;36;36;36;36;36;36;36;36;36;223;223;223;223;223;223;223;223;223;223;223;223;1;1;1;1;1;1;1;1;1;1;1;31;197
2021-11-18;"60+";81;81;81;81;81;81;81;81;81;81;81;81;628;628;628;628;628;628;628;628;628;628;628;628;1;1;1;1;1;1;1;1;1;1;1;72;578
2021-11-18;"alle";117;117;117;117;117;117;117;117;117;117;117;117;851;851;851;851;851;851;851;851;851;851;851;851;NA;NA;NA;NA;NA;NA;NA;NA;NA;NA;NA;103;775
2021-11-17;"0-60";47;47;47;47;47;47;47;47;47;47;47;47;235;235;235;235;235;235;235;235;235;235;235;235;1;1;1;1;1;1;1;1;1;1;1;41;211
2021-11-17;"60+";122;122;122;122;122;122;122;122;122;122;122;122;659;659;659;659;659;659;659;659;659;659;659;659;1;1;1;1;1;1;1;1;1;1;1;116;609
2021-11-17;"alle";169;169;169;169;169;169;169;169;169;169;169;169;894;894;894;894;894;894;894;894;894;894;894;894;NA;NA;NA;NA;NA;NA;NA;NA;NA;NA;NA;157;821
2021-11-16;"0-60";39;39;39;39;39;39;39;39;39;39;39;39;240;240;240;240;240;240;240;240;240;240;240;240;1;1;1;1;1;1;1;1;1;1;1;36;219
2021-11-16;"60+";109;109;109;109;109;109;109;109;109;109;109;109;654;654;654;654;654;654;654;654;654;654;654;654;1;1;1;1;1;1;1;1;1;1;1;100;605
2021-11-16;"alle";148;148;148;148;148;148;148;148;148;148;148;148;894;894;894;894;894;894;894;894;894;894;894;894;NA;NA;NA;NA;NA;NA;NA;NA;NA;NA;NA;136;825
2021-11-15;"0-60";13;13;13;13;13;13;13;13;13;13;13;13;231;231;231;231;231;231;231;231;231;231;231;231;1;1;1;1;1;1;1;1;1;1;1;11;213
2021-11-15;"60+";44;44;44;44;44;44;44;44;44;44;44;44;641;641;641;641;641;641;641;641;641;641;641;641;1;1;1;1;1;1;1;1;1;1;1;39;597
2021-11-15;"alle";57;57;57;57;57;57;57;57;57;57;57;57;872;872;872;872;872;872;872;872;872;872;872;872;NA;NA;NA;NA;NA;NA;NA;NA;NA;NA;NA;50;811
2021-11-14;"0-60";22;22;22;22;22;22;22;22;22;22;22;22;228;228;228;228;228;228;228;228;228;228;228;228;1;1;1;1;1;1;1;1;1;1;1;18;210
2021-11-14;"60+";49;49;49;49;49;49;49;49;49;49;49;49;623;623;623;623;623;623;623;623;623;623;623;623;1;1;1;1;1;1;1;1;1;1;1;45;583
2021-11-14;"alle";71;71;71;71;71;71;71;71;71;71;71;71;851;851;851;851;851;851;851;851;851;851;851;851;NA;NA;NA;NA;NA;NA;NA;NA;NA;NA;NA;63;794
2021-11-13;"0-60";28;28;28;28;28;28;28;28;28;28;28;28;218;218;218;218;218;218;218;218;218;218;218;218;1;1;1;1;1;1;1;1;1;1;1;25;204
2021-11-13;"60+";95;95;95;95;95;95;95;95;95;95;95;95;633;633;633;633;633;633;633;633;633;633;633;633;1;1;1;1;1;1;1;1;1;1;1;88;592
2021-11-13;"alle";123;123;123;123;123;123;123;123;123;123;123;123;851;851;851;851;851;851;851;851;851;851;851;851;NA;NA;NA;NA;NA;NA;NA;NA;NA;NA;NA;113;797
2021-11-12;"0-60";38;38;38;38;38;38;38;38;38;38;38;38;222;222;222;222;222;222;222;222;222;222;222;222;1;1;1;1;1;1;1;1;1;1;1;35;206
2021-11-12;"60+";128;128;128;128;128;128;128;128;128;128;128;128;602;602;602;602;602;602;602;602;602;602;602;602;1;1;1;1;1;1;1;1;1;1;1;118;564
2021-11-12;"alle";166;166;166;166;166;166;166;166;166;166;166;166;824;824;824;824;824;824;824;824;824;824;824;824;NA;NA;NA;NA;NA;NA;NA;NA;NA;NA;NA;153;771
2021-11-11;"0-60";48;48;48;48;48;48;48;48;48;48;48;48;212;212;212;212;212;212;212;212;212;212;212;212;1;1;1;1;1;1;1;1;1;1;1;45;194
2021-11-11;"60+";112;112;112;112;112;112;112;112;112;112;112;112;576;576;576;576;576;576;576;576;576;576;576;576;1;1;1;1;1;1;1;1;1;1;1;103;542
2021-11-11;"alle";160;160;160;160;160;160;160;160;160;160;160;160;788;788;788;788;788;788;788;788;788;788;788;788;NA;NA;NA;NA;NA;NA;NA;NA;NA;NA;NA;149;737
2021-11-10;"0-60";52;52;52;52;52;52;52;52;52;52;52;52;197;197;197;197;197;197;197;197;197;197;197;197;1;1;1;1;1;1;1;1;1;1;1;49;180
2021-11-10;"60+";117;117;117;117;117;117;117;117;117;117;117;117;557;557;557;557;557;557;557;557;557;557;557;557;1;1;1;1;1;1;1;1;1;1;1;112;527
2021-11-10;"alle";169;169;169;169;169;169;169;169;169;169;169;169;754;754;754;754;754;754;754;754;754;754;754;754;NA;NA;NA;NA;NA;NA;NA;NA;NA;NA;NA;161;707
2021-11-09;"0-60";30;30;30;30;30;30;30;30;30;30;30;30;197;197;197;197;197;197;197;197;197;197;197;197;1;1;1;1;1;1;1;1;1;1;1;30;179
2021-11-09;"60+";96;96;96;96;96;96;96;96;96;96;96;96;557;557;557;557;557;557;557;557;557;557;557;557;1;1;1;1;1;1;1;1;1;1;1;92;528
2021-11-09;"alle";126;126;126;126;126;126;126;126;126;126;126;126;754;754;754;754;754;754;754;754;754;754;754;754;NA;NA;NA;NA;NA;NA;NA;NA;NA;NA;NA;122;707
2021-11-08;"0-60";10;10;10;10;10;10;10;10;10;10;10;10;187;187;187;187;187;187;187;187;187;187;187;187;1;1;1;1;1;1;1;1;1;1;1;8;168
2021-11-08;"60+";26;26;26;26;26;26;26;26;26;26;26;26;564;564;564;564;564;564;564;564;564;564;564;564;1;1;1;1;1;1;1;1;1;1;1;25;537
2021-11-08;"alle";36;36;36;36;36;36;36;36;36;36;36;36;751;751;751;751;751;751;751;751;751;751;751;751;NA;NA;NA;NA;NA;NA;NA;NA;NA;NA;NA;33;705
2021-11-07;"0-60";12;12;12;12;12;12;12;12;12;12;12;12;183;183;183;183;183;183;183;183;183;183;183;183;1;1;1;1;1;1;1;1;1;1;1;12;166
2021-11-07;"60+";59;59;59;59;59;59;59;59;59;59;59;59;560;560;560;560;560;560;560;560;560;560;560;560;1;1;1;1;1;1;1;1;1;1;1;54;534
2021-11-07;"alle";71;71;71;71;71;71;71;71;71;71;71;71;743;743;743;743;743;743;743;743;743;743;743;743;NA;NA;NA;NA;NA;NA;NA;NA;NA;NA;NA;66;700
2021-11-06;"0-60";32;32;32;32;32;32;32;32;32;32;32;32;189;189;189;189;189;189;189;189;189;189;189;189;1;1;1;1;1;1;1;1;1;1;1;27;170
2021-11-06;"60+";64;64;64;64;64;64;64;64;64;64;64;64;542;542;542;542;542;542;542;542;542;542;542;542;1;1;1;1;1;1;1;1;1;1;1;60;519
2021-11-06;"alle";96;96;96;96;96;96;96;96;96;96;96;96;731;731;731;731;731;731;731;731;731;731;731;731;NA;NA;NA;NA;NA;NA;NA;NA;NA;NA;NA;87;689
2021-11-05;"0-60";28;28;28;28;28;28;28;28;28;28;28;28;189;189;189;189;189;189;189;189;189;189;189;189;1;1;1;1;1;1;1;1;1;1;1;23;172
2021-11-05;"60+";102;102;102;102;102;102;102;102;102;102;102;102;527;527;527;527;527;527;527;527;527;527;527;527;1;1;1;1;1;1;1;1;1;1;1;96;505
2021-11-05;"alle";130;130;130;130;130;130;130;130;130;130;130;130;716;716;716;716;716;716;716;716;716;716;716;716;NA;NA;NA;NA;NA;NA;NA;NA;NA;NA;NA;119;677
2021-11-04;"0-60";33;33;33;33;33;33;33;33;33;33;33;33;184;184;184;184;184;184;184;184;184;184;184;184;1;1;1;1;1;1;1;1;1;1;1;31;169
2021-11-04;"60+";93;93;93;93;93;93;93;93;93;93;93;93;509;509;509;509;509;509;509;509;509;509;509;509;1;1;1;1;1;1;1;1;1;1;1;88;493
2021-11-04;"alle";126;126;126;126;126;126;126;126;126;126;126;126;693;693;693;693;693;693;693;693;693;693;693;693;NA;NA;NA;NA;NA;NA;NA;NA;NA;NA;NA;119;662
2021-11-03;"0-60";52;52;52;52;52;52;52;52;52;52;52;52;170;170;170;170;170;170;170;170;170;170;170;170;1;1;1;1;1;1;1;1;1;1;1;48;156
2021-11-03;"60+";117;117;117;117;117;117;117;117;117;117;117;117;488;488;488;488;488;488;488;488;488;488;488;488;1;1;1;1;1;1;1;1;1;1;1;113;476
2021-11-03;"alle";169;169;169;169;169;169;169;169;169;169;169;169;658;658;658;658;658;658;658;658;658;658;658;658;NA;NA;NA;NA;NA;NA;NA;NA;NA;NA;NA;161;632
2021-11-02;"0-60";20;20;20;20;20;20;20;20;20;20;20;20;147;147;147;147;147;147;147;147;147;147;147;147;1;1;1;1;1;1;1;1;1;1;1;19;135
2021-11-02;"60+";103;103;103;103;103;103;103;103;103;103;103;103;450;450;450;450;450;450;450;450;450;450;450;450;1;1;1;1;1;1;1;1;1;1;1;101;439
2021-11-02;"alle";123;123;123;123;123;123;123;123;123;123;123;123;597;597;597;597;597;597;597;597;597;597;597;597;NA;NA;NA;NA;NA;NA;NA;NA;NA;NA;NA;120;574
2021-11-01;"0-60";6;6;6;6;6;6;6;6;6;6;6;6;154;154;154;154;154;154;154;154;154;154;154;154;1;1;1;1;1;1;1;1;1;1;1;6;141
2021-11-01;"60+";22;22;22;22;22;22;22;22;22;22;22;22;412;412;412;412;412;412;412;412;412;412;412;412;1;1;1;1;1;1;1;1;1;1;1;22;401
2021-11-01;"alle";28;28;28;28;28;28;28;28;28;28;28;28;566;566;566;566;566;566;566;566;566;566;566;566;NA;NA;NA;NA;NA;NA;NA;NA;NA;NA;NA;28;542
2021-10-31;"0-60";18;18;18;18;18;18;18;18;18;18;18;18;156;156;156;156;156;156;156;156;156;156;156;156;1;1;1;1;1;1;1;1;1;1;1;16;142
2021-10-31;"60+";41;41;41;41;41;41;41;41;41;41;41;41;404;404;404;404;404;404;404;404;404;404;404;404;1;1;1;1;1;1;1;1;1;1;1;39;392
2021-10-31;"alle";59;59;59;59;59;59;59;59;59;59;59;59;560;560;560;560;560;560;560;560;560;560;560;560;NA;NA;NA;NA;NA;NA;NA;NA;NA;NA;NA;55;534
2021-10-30;"0-60";32;32;32;32;32;32;32;32;32;32;32;32;146;146;146;146;146;146;146;146;146;146;146;146;1;1;1;1;1;1;1;1;1;1;1;29;132
2021-10-30;"60+";49;49;49;49;49;49;49;49;49;49;49;49;388;388;388;388;388;388;388;388;388;388;388;388;1;1;1;1;1;1;1;1;1;1;1;46;378
2021-10-30;"alle";81;81;81;81;81;81;81;81;81;81;81;81;534;534;534;534;534;534;534;534;534;534;534;534;NA;NA;NA;NA;NA;NA;NA;NA;NA;NA;NA;75;510
2021-10-29;"0-60";23;23;23;23;23;23;23;23;23;23;23;23;128;128;128;128;128;128;128;128;128;128;128;128;1;1;1;1;1;1;1;1;1;1;1;20;117
2021-10-29;"60+";84;84;84;84;84;84;84;84;84;84;84;84;400;400;400;400;400;400;400;400;400;400;400;400;1;1;1;1;1;1;1;1;1;1;1;84;393
2021-10-29;"alle";107;107;107;107;107;107;107;107;107;107;107;107;528;528;528;528;528;528;528;528;528;528;528;528;NA;NA;NA;NA;NA;NA;NA;NA;NA;NA;NA;104;510
2021-10-28;"0-60";19;19;19;19;19;19;19;19;19;19;19;19;123;123;123;123;123;123;123;123;123;123;123;123;1;1;1;1;1;1;1;1;1;1;1;18;115
2021-10-28;"60+";72;72;72;72;72;72;72;72;72;72;72;72;365;365;365;365;365;365;365;365;365;365;365;365;1;1;1;1;1;1;1;1;1;1;1;71;358
2021-10-28;"alle";91;91;91;91;91;91;91;91;91;91;91;91;488;488;488;488;488;488;488;488;488;488;488;488;NA;NA;NA;NA;NA;NA;NA;NA;NA;NA;NA;89;473
2021-10-27;"0-60";29;29;29;29;29;29;29;29;29;29;29;29;116;116;116;116;116;116;116;116;116;116;116;116;1;1;1;1;1;1;1;1;1;1;1;27;109
2021-10-27;"60+";79;79;79;79;79;79;79;79;79;79;79;79;335;335;335;335;335;335;335;335;335;335;335;335;1;1;1;1;1;1;1;1;1;1;1;76;327
2021-10-27;"alle";108;108;108;108;108;108;108;108;108;108;108;108;451;451;451;451;451;451;451;451;451;451;451;451;NA;NA;NA;NA;NA;NA;NA;NA;NA;NA;NA;103;436
2021-10-26;"0-60";27;27;27;27;27;27;27;27;27;27;27;27;101;101;101;101;101;101;101;101;101;101;101;101;1;1;1;1;1;1;1;1;1;1;1;25;94
2021-10-26;"60+";65;65;65;65;65;65;65;65;65;65;65;65;290;290;290;290;290;290;290;290;290;290;290;290;1;1;1;1;1;1;1;1;1;1;1;63;285
2021-10-26;"alle";92;92;92;92;92;92;92;92;92;92;92;92;391;391;391;391;391;391;391;391;391;391;391;391;NA;NA;NA;NA;NA;NA;NA;NA;NA;NA;NA;88;379
2021-10-25;"0-60";8;8;8;8;8;8;8;8;8;8;8;8;97;97;97;97;97;97;97;97;97;97;97;97;1;1;1;1;1;1;1;1;1;1;1;7;92
2021-10-25;"60+";14;14;14;14;14;14;14;14;14;14;14;14;256;256;256;256;256;256;256;256;256;256;256;256;1;1;1;1;1;1;1;1;1;1;1;13;252
2021-10-25;"alle";22;22;22;22;22;22;22;22;22;22;22;22;353;353;353;353;353;353;353;353;353;353;353;353;NA;NA;NA;NA;NA;NA;NA;NA;NA;NA;NA;20;344
2021-10-24;"0-60";8;8;8;8;8;8;8;8;8;8;8;8;91;91;91;91;91;91;91;91;91;91;91;91;1;1;1;1;1;1;1;1;1;1;1;6;87
2021-10-24;"60+";25;25;25;25;25;25;25;25;25;25;25;25;252;252;252;252;252;252;252;252;252;252;252;252;1;1;1;1;1;1;1;1;1;1;1;25;249
2021-10-24;"alle";33;33;33;33;33;33;33;33;33;33;33;33;343;343;343;343;343;343;343;343;343;343;343;343;NA;NA;NA;NA;NA;NA;NA;NA;NA;NA;NA;31;336
2021-10-23;"0-60";14;14;14;14;14;14;14;14;14;14;14;14;90;90;90;90;90;90;90;90;90;90;90;90;1;1;1;1;1;1;1;1;1;1;1;14;87
2021-10-23;"60+";61;61;61;61;61;61;61;61;61;61;61;61;237;237;237;237;237;237;237;237;237;237;237;237;1;1;1;1;1;1;1;1;1;1;1;61;234
2021-10-23;"alle";75;75;75;75;75;75;75;75;75;75;75;75;327;327;327;327;327;327;327;327;327;327;327;327;NA;NA;NA;NA;NA;NA;NA;NA;NA;NA;NA;75;321
2021-10-22;"0-60";18;18;18;18;18;18;18;18;18;18;18;18;83;83;83;83;83;83;83;83;83;83;83;83;1;1;1;1;1;1;1;1;1;1;1;18;80
2021-10-22;"60+";49;49;49;49;49;49;49;49;49;49;49;49;196;196;196;196;196;196;196;196;196;196;196;196;1;1;1;1;1;1;1;1;1;1;1;49;193
2021-10-22;"alle";67;67;67;67;67;67;67;67;67;67;67;67;279;279;279;279;279;279;279;279;279;279;279;279;NA;NA;NA;NA;NA;NA;NA;NA;NA;NA;NA;67;273
2021-10-21;"0-60";12;12;12;12;12;12;12;12;12;12;12;12;75;75;75;75;75;75;75;75;75;75;75;75;1;1;1;1;1;1;1;1;1;1;1;12;72
2021-10-21;"60+";42;42;42;42;42;42;42;42;42;42;42;42;164;164;164;164;164;164;164;164;164;164;164;164;1;1;1;1;1;1;1;1;1;1;1;40;161
2021-10-21;"alle";54;54;54;54;54;54;54;54;54;54;54;54;239;239;239;239;239;239;239;239;239;239;239;239;NA;NA;NA;NA;NA;NA;NA;NA;NA;NA;NA;52;233
2021-10-20;"0-60";14;14;14;14;14;14;14;14;14;14;14;14;72;72;72;72;72;72;72;72;72;72;72;72;1;1;1;1;1;1;1;1;1;1;1;12;69
2021-10-20;"60+";34;34;34;34;34;34;34;34;34;34;34;34;148;148;148;148;148;148;148;148;148;148;148;148;1;1;1;1;1;1;1;1;1;1;1;34;146
2021-10-20;"alle";48;48;48;48;48;48;48;48;48;48;48;48;220;220;220;220;220;220;220;220;220;220;220;220;NA;NA;NA;NA;NA;NA;NA;NA;NA;NA;NA;46;215
2021-10-19;"0-60";23;23;23;23;23;23;23;23;23;23;23;23;67;67;67;67;67;67;67;67;67;67;67;67;1;1;1;1;1;1;1;1;1;1;1;23;66
2021-10-19;"60+";31;31;31;31;31;31;31;31;31;31;31;31;142;142;142;142;142;142;142;142;142;142;142;142;1;1;1;1;1;1;1;1;1;1;1;30;139
2021-10-19;"alle";54;54;54;54;54;54;54;54;54;54;54;54;209;209;209;209;209;209;209;209;209;209;209;209;NA;NA;NA;NA;NA;NA;NA;NA;NA;NA;NA;53;205
2021-10-18;"0-60";2;2;2;2;2;2;2;2;2;2;2;2;59;59;59;59;59;59;59;59;59;59;59;59;1;1;1;1;1;1;1;1;1;1;1;2;58
2021-10-18;"60+";10;10;10;10;10;10;10;10;10;10;10;10;142;142;142;142;142;142;142;142;142;142;142;142;1;1;1;1;1;1;1;1;1;1;1;10;140
2021-10-18;"alle";12;12;12;12;12;12;12;12;12;12;12;12;201;201;201;201;201;201;201;201;201;201;201;201;NA;NA;NA;NA;NA;NA;NA;NA;NA;NA;NA;12;198
2021-10-17;"0-60";7;7;7;7;7;7;7;7;7;7;7;7;59;59;59;59;59;59;59;59;59;59;59;59;1;1;1;1;1;1;1;1;1;1;1;6;58
2021-10-17;"60+";10;10;10;10;10;10;10;10;10;10;10;10;139;139;139;139;139;139;139;139;139;139;139;139;1;1;1;1;1;1;1;1;1;1;1;10;137
2021-10-17;"alle";17;17;17;17;17;17;17;17;17;17;17;17;198;198;198;198;198;198;198;198;198;198;198;198;NA;NA;NA;NA;NA;NA;NA;NA;NA;NA;NA;16;195
2021-10-16;"0-60";7;7;7;7;7;7;7;7;7;7;7;7;58;58;58;58;58;58;58;58;58;58;58;58;1;1;1;1;1;1;1;1;1;1;1;7;58
2021-10-16;"60+";20;20;20;20;20;20;20;20;20;20;20;20;141;141;141;141;141;141;141;141;141;141;141;141;1;1;1;1;1;1;1;1;1;1;1;20;139
2021-10-16;"alle";27;27;27;27;27;27;27;27;27;27;27;27;199;199;199;199;199;199;199;199;199;199;199;199;NA;NA;NA;NA;NA;NA;NA;NA;NA;NA;NA;27;197
2021-10-15;"0-60";10;10;10;10;10;10;10;10;10;10;10;10;64;64;64;64;64;64;64;64;64;64;64;64;1;1;1;1;1;1;1;1;1;1;1;10;64
2021-10-15;"60+";17;17;17;17;17;17;17;17;17;17;17;17;132;132;132;132;132;132;132;132;132;132;132;132;1;1;1;1;1;1;1;1;1;1;1;17;130
2021-10-15;"alle";27;27;27;27;27;27;27;27;27;27;27;27;196;196;196;196;196;196;196;196;196;196;196;196;NA;NA;NA;NA;NA;NA;NA;NA;NA;NA;NA;27;194
2021-10-14;"0-60";9;9;9;9;9;9;9;9;9;9;9;9;66;66;66;66;66;66;66;66;66;66;66;66;1;1;1;1;1;1;1;1;1;1;1;9;66
2021-10-14;"60+";26;26;26;26;26;26;26;26;26;26;26;26;128;128;128;128;128;128;128;128;128;128;128;128;1;1;1;1;1;1;1;1;1;1;1;25;126
2021-10-14;"alle";35;35;35;35;35;35;35;35;35;35;35;35;194;194;194;194;194;194;194;194;194;194;194;194;NA;NA;NA;NA;NA;NA;NA;NA;NA;NA;NA;34;192
2021-10-13;"0-60";9;9;9;9;9;9;9;9;9;9;9;9;68;68;68;68;68;68;68;68;68;68;68;68;1;1;1;1;1;1;1;1;1;1;1;9;68
2021-10-13;"60+";28;28;28;28;28;28;28;28;28;28;28;28;124;124;124;124;124;124;124;124;124;124;124;124;1;1;1;1;1;1;1;1;1;1;1;27;122
2021-10-13;"alle";37;37;37;37;37;37;37;37;37;37;37;37;192;192;192;192;192;192;192;192;192;192;192;192;NA;NA;NA;NA;NA;NA;NA;NA;NA;NA;NA;36;190
2021-10-12;"0-60";15;15;15;15;15;15;15;15;15;15;15;15;68;68;68;68;68;68;68;68;68;68;68;68;1;1;1;1;1;1;1;1;1;1;1;15;68
2021-10-12;"60+";31;31;31;31;31;31;31;31;31;31;31;31;118;118;118;118;118;118;118;118;118;118;118;118;1;1;1;1;1;1;1;1;1;1;1;31;116
2021-10-12;"alle";46;46;46;46;46;46;46;46;46;46;46;46;186;186;186;186;186;186;186;186;186;186;186;186;NA;NA;NA;NA;NA;NA;NA;NA;NA;NA;NA;46;184
2021-10-11;"0-60";2;2;2;2;2;2;2;2;2;2;2;2;57;57;57;57;57;57;57;57;57;57;57;57;1;1;1;1;1;1;1;1;1;1;1;2;57
2021-10-11;"60+";7;7;7;7;7;7;7;7;7;7;7;7;97;97;97;97;97;97;97;97;97;97;97;97;1;1;1;1;1;1;1;1;1;1;1;7;95
2021-10-11;"alle";9;9;9;9;9;9;9;9;9;9;9;9;154;154;154;154;154;154;154;154;154;154;154;154;NA;NA;NA;NA;NA;NA;NA;NA;NA;NA;NA;9;152
2021-10-10;"0-60";6;6;6;6;6;6;6;6;6;6;6;6;58;58;58;58;58;58;58;58;58;58;58;58;1;1;1;1;1;1;1;1;1;1;1;6;58
2021-10-10;"60+";12;12;12;12;12;12;12;12;12;12;12;12;91;91;91;91;91;91;91;91;91;91;91;91;1;1;1;1;1;1;1;1;1;1;1;12;89
2021-10-10;"alle";18;18;18;18;18;18;18;18;18;18;18;18;149;149;149;149;149;149;149;149;149;149;149;149;NA;NA;NA;NA;NA;NA;NA;NA;NA;NA;NA;18;147
2021-10-09;"0-60";13;13;13;13;13;13;13;13;13;13;13;13;55;55;55;55;55;55;55;55;55;55;55;55;1;1;1;1;1;1;1;1;1;1;1;13;55
2021-10-09;"60+";11;11;11;11;11;11;11;11;11;11;11;11;88;88;88;88;88;88;88;88;88;88;88;88;1;1;1;1;1;1;1;1;1;1;1;11;86
2021-10-09;"alle";24;24;24;24;24;24;24;24;24;24;24;24;143;143;143;143;143;143;143;143;143;143;143;143;NA;NA;NA;NA;NA;NA;NA;NA;NA;NA;NA;24;141
2021-10-08;"0-60";12;12;12;12;12;12;12;12;12;12;12;12;48;48;48;48;48;48;48;48;48;48;48;48;1;1;1;1;1;1;1;1;1;1;1;12;48
2021-10-08;"60+";13;13;13;13;13;13;13;13;13;13;13;13;89;89;89;89;89;89;89;89;89;89;89;89;1;1;1;1;1;1;1;1;1;1;1;13;86
2021-10-08;"alle";25;25;25;25;25;25;25;25;25;25;25;25;137;137;137;137;137;137;137;137;137;137;137;137;NA;NA;NA;NA;NA;NA;NA;NA;NA;NA;NA;25;134
2021-10-07;"0-60";11;11;11;11;11;11;11;11;11;11;11;11;43;43;43;43;43;43;43;43;43;43;43;43;1;1;1;1;1;1;1;1;1;1;1;11;43
2021-10-07;"60+";22;22;22;22;22;22;22;22;22;22;22;22;87;87;87;87;87;87;87;87;87;87;87;87;1;1;1;1;1;1;1;1;1;1;1;21;84
2021-10-07;"alle";33;33;33;33;33;33;33;33;33;33;33;33;130;130;130;130;130;130;130;130;130;130;130;130;NA;NA;NA;NA;NA;NA;NA;NA;NA;NA;NA;32;127
2021-10-06;"0-60";9;9;9;9;9;9;9;9;9;9;9;9;40;40;40;40;40;40;40;40;40;40;40;40;1;1;1;1;1;1;1;1;1;1;1;9;40
2021-10-06;"60+";22;22;22;22;22;22;22;22;22;22;22;22;74;74;74;74;74;74;74;74;74;74;74;74;1;1;1;1;1;1;1;1;1;1;1;21;71
2021-10-06;"alle";31;31;31;31;31;31;31;31;31;31;31;31;114;114;114;114;114;114;114;114;114;114;114;114;NA;NA;NA;NA;NA;NA;NA;NA;NA;NA;NA;30;111
2021-10-05;"0-60";4;4;4;4;4;4;4;4;4;4;4;4;41;41;41;41;41;41;41;41;41;41;41;41;1;1;1;1;1;1;1;1;1;1;1;4;41
2021-10-05;"60+";10;10;10;10;10;10;10;10;10;10;10;10;66;66;66;66;66;66;66;66;66;66;66;66;1;1;1;1;1;1;1;1;1;1;1;10;63
2021-10-05;"alle";14;14;14;14;14;14;14;14;14;14;14;14;107;107;107;107;107;107;107;107;107;107;107;107;NA;NA;NA;NA;NA;NA;NA;NA;NA;NA;NA;14;104
2021-10-04;"0-60";3;3;3;3;3;3;3;3;3;3;3;3;40;40;40;40;40;40;40;40;40;40;40;40;1;1;1;1;1;1;1;1;1;1;1;3;40
2021-10-04;"60+";1;1;1;1;1;1;1;1;1;1;1;1;61;61;61;61;61;61;61;61;61;61;61;61;1;1;1;1;1;1;1;1;1;1;1;1;58
2021-10-04;"alle";4;4;4;4;4;4;4;4;4;4;4;4;101;101;101;101;101;101;101;101;101;101;101;101;NA;NA;NA;NA;NA;NA;NA;NA;NA;NA;NA;4;98
2021-10-03;"0-60";3;3;3;3;3;3;3;3;3;3;3;3;39;39;39;39;39;39;39;39;39;39;39;39;1;1;1;1;1;1;1;1;1;1;1;3;39
2021-10-03;"60+";9;9;9;9;9;9;9;9;9;9;9;9;63;63;63;63;63;63;63;63;63;63;63;63;1;1;1;1;1;1;1;1;1;1;1;9;60
2021-10-03;"alle";12;12;12;12;12;12;12;12;12;12;12;12;102;102;102;102;102;102;102;102;102;102;102;102;NA;NA;NA;NA;NA;NA;NA;NA;NA;NA;NA;12;99
2021-10-02;"0-60";6;6;6;6;6;6;6;6;6;6;6;6;38;38;38;38;38;38;38;38;38;38;38;38;1;1;1;1;1;1;1;1;1;1;1;6;38
2021-10-02;"60+";12;12;12;12;12;12;12;12;12;12;12;12;60;60;60;60;60;60;60;60;60;60;60;60;1;1;1;1;1;1;1;1;1;1;1;11;57
2021-10-02;"alle";18;18;18;18;18;18;18;18;18;18;18;18;98;98;98;98;98;98;98;98;98;98;98;98;NA;NA;NA;NA;NA;NA;NA;NA;NA;NA;NA;17;95
2021-10-01;"0-60";7;7;7;7;7;7;7;7;7;7;7;7;38;38;38;38;38;38;38;38;38;38;38;38;1;1;1;1;1;1;1;1;1;1;1;7;38
2021-10-01;"60+";11;11;11;11;11;11;11;11;11;11;11;11;52;52;52;52;52;52;52;52;52;52;52;52;1;1;1;1;1;1;1;1;1;1;1;11;50
2021-10-01;"alle";18;18;18;18;18;18;18;18;18;18;18;18;90;90;90;90;90;90;90;90;90;90;90;90;NA;NA;NA;NA;NA;NA;NA;NA;NA;NA;NA;18;88
2021-09-30;"0-60";8;8;8;8;8;8;8;8;8;8;8;8;33;33;33;33;33;33;33;33;33;33;33;33;1;1;1;1;1;1;1;1;1;1;1;8;33
2021-09-30;"60+";9;9;9;9;9;9;9;9;9;9;9;9;47;47;47;47;47;47;47;47;47;47;47;47;1;1;1;1;1;1;1;1;1;1;1;8;45
2021-09-30;"alle";17;17;17;17;17;17;17;17;17;17;17;17;80;80;80;80;80;80;80;80;80;80;80;80;NA;NA;NA;NA;NA;NA;NA;NA;NA;NA;NA;16;78
2021-09-29;"0-60";10;10;10;10;10;10;10;10;10;10;10;10;29;29;29;29;29;29;29;29;29;29;29;29;1;1;1;1;1;1;1;1;1;1;1;10;29
2021-09-29;"60+";14;14;14;14;14;14;14;14;14;14;14;14;46;46;46;46;46;46;46;46;46;46;46;46;1;1;1;1;1;1;1;1;1;1;1;13;45
2021-09-29;"alle";24;24;24;24;24;24;24;24;24;24;24;24;75;75;75;75;75;75;75;75;75;75;75;75;NA;NA;NA;NA;NA;NA;NA;NA;NA;NA;NA;23;74
2021-09-28;"0-60";3;3;3;3;3;3;3;3;3;3;3;3;24;24;24;24;24;24;24;24;24;24;24;24;1;1;1;1;1;1;1;1;1;1;1;3;24
2021-09-28;"60+";5;5;5;5;5;5;5;5;5;5;5;5;41;41;41;41;41;41;41;41;41;41;41;41;1;1;1;1;1;1;1;1;1;1;1;5;41
2021-09-28;"alle";8;8;8;8;8;8;8;8;8;8;8;8;65;65;65;65;65;65;65;65;65;65;65;65;NA;NA;NA;NA;NA;NA;NA;NA;NA;NA;NA;8;65
2021-09-27;"0-60";2;2;2;2;2;2;2;2;2;2;2;2;27;27;27;27;27;27;27;27;27;27;27;27;1;1;1;1;1;1;1;1;1;1;1;2;27
2021-09-27;"60+";3;3;3;3;3;3;3;3;3;3;3;3;47;47;47;47;47;47;47;47;47;47;47;47;1;1;1;1;1;1;1;1;1;1;1;3;47
2021-09-27;"alle";5;5;5;5;5;5;5;5;5;5;5;5;74;74;74;74;74;74;74;74;74;74;74;74;NA;NA;NA;NA;NA;NA;NA;NA;NA;NA;NA;5;74
2021-09-26;"0-60";2;2;2;2;2;2;2;2;2;2;2;2;27;27;27;27;27;27;27;27;27;27;27;27;1;1;1;1;1;1;1;1;1;1;1;2;27
2021-09-26;"60+";6;6;6;6;6;6;6;6;6;6;6;6;45;45;45;45;45;45;45;45;45;45;45;45;1;1;1;1;1;1;1;1;1;1;1;6;45
2021-09-26;"alle";8;8;8;8;8;8;8;8;8;8;8;8;72;72;72;72;72;72;72;72;72;72;72;72;NA;NA;NA;NA;NA;NA;NA;NA;NA;NA;NA;8;72
2021-09-25;"0-60";6;6;6;6;6;6;6;6;6;6;6;6;29;29;29;29;29;29;29;29;29;29;29;29;1;1;1;1;1;1;1;1;1;1;1;6;29
2021-09-25;"60+";4;4;4;4;4;4;4;4;4;4;4;4;46;46;46;46;46;46;46;46;46;46;46;46;1;1;1;1;1;1;1;1;1;1;1;4;46
2021-09-25;"alle";10;10;10;10;10;10;10;10;10;10;10;10;75;75;75;75;75;75;75;75;75;75;75;75;NA;NA;NA;NA;NA;NA;NA;NA;NA;NA;NA;10;75
2021-09-24;"0-60";2;2;2;2;2;2;2;2;2;2;2;2;34;34;34;34;34;34;34;34;34;34;34;34;1;1;1;1;1;1;1;1;1;1;1;2;34
2021-09-24;"60+";6;6;6;6;6;6;6;6;6;6;6;6;49;49;49;49;49;49;49;49;49;49;49;49;1;1;1;1;1;1;1;1;1;1;1;6;49
2021-09-24;"alle";8;8;8;8;8;8;8;8;8;8;8;8;83;83;83;83;83;83;83;83;83;83;83;83;NA;NA;NA;NA;NA;NA;NA;NA;NA;NA;NA;8;83
2021-09-23;"0-60";4;4;4;4;4;4;4;4;4;4;4;4;38;38;38;38;38;38;38;38;38;38;38;38;1;1;1;1;1;1;1;1;1;1;1;4;38
2021-09-23;"60+";8;8;8;8;8;8;8;8;8;8;8;8;47;47;47;47;47;47;47;47;47;47;47;47;1;1;1;1;1;1;1;1;1;1;1;8;47
2021-09-23;"alle";12;12;12;12;12;12;12;12;12;12;12;12;85;85;85;85;85;85;85;85;85;85;85;85;NA;NA;NA;NA;NA;NA;NA;NA;NA;NA;NA;12;85
2021-09-22;"0-60";5;5;5;5;5;5;5;5;5;5;5;5;40;40;40;40;40;40;40;40;40;40;40;40;1;1;1;1;1;1;1;1;1;1;1;5;40
2021-09-22;"60+";9;9;9;9;9;9;9;9;9;9;9;9;46;46;46;46;46;46;46;46;46;46;46;46;1;1;1;1;1;1;1;1;1;1;1;9;46
2021-09-22;"alle";14;14;14;14;14;14;14;14;14;14;14;14;86;86;86;86;86;86;86;86;86;86;86;86;NA;NA;NA;NA;NA;NA;NA;NA;NA;NA;NA;14;86
2021-09-21;"0-60";6;6;6;6;6;6;6;6;6;6;6;6;45;45;45;45;45;45;45;45;45;45;45;45;1;1;1;1;1;1;1;1;1;1;1;6;45
2021-09-21;"60+";11;11;11;11;11;11;11;11;11;11;11;11;49;49;49;49;49;49;49;49;49;49;49;49;1;1;1;1;1;1;1;1;1;1;1;11;49
2021-09-21;"alle";17;17;17;17;17;17;17;17;17;17;17;17;94;94;94;94;94;94;94;94;94;94;94;94;NA;NA;NA;NA;NA;NA;NA;NA;NA;NA;NA;17;94
2021-09-20;"0-60";2;2;2;2;2;2;2;2;2;2;2;2;42;42;42;42;42;42;42;42;42;42;42;42;1;1;1;1;1;1;1;1;1;1;1;2;42
2021-09-20;"60+";1;1;1;1;1;1;1;1;1;1;1;1;42;42;42;42;42;42;42;42;42;42;42;42;1;1;1;1;1;1;1;1;1;1;1;1;42
2021-09-20;"alle";3;3;3;3;3;3;3;3;3;3;3;3;84;84;84;84;84;84;84;84;84;84;84;84;NA;NA;NA;NA;NA;NA;NA;NA;NA;NA;NA;3;84
2021-09-19;"0-60";4;4;4;4;4;4;4;4;4;4;4;4;42;42;42;42;42;42;42;42;42;42;42;42;1;1;1;1;1;1;1;1;1;1;1;4;42
2021-09-19;"60+";7;7;7;7;7;7;7;7;7;7;7;7;42;42;42;42;42;42;42;42;42;42;42;42;1;1;1;1;1;1;1;1;1;1;1;7;42
2021-09-19;"alle";11;11;11;11;11;11;11;11;11;11;11;11;84;84;84;84;84;84;84;84;84;84;84;84;NA;NA;NA;NA;NA;NA;NA;NA;NA;NA;NA;11;84
2021-09-18;"0-60";11;11;11;11;11;11;11;11;11;11;11;11;41;41;41;41;41;41;41;41;41;41;41;41;1;1;1;1;1;1;1;1;1;1;1;11;41
2021-09-18;"60+";7;7;7;7;7;7;7;7;7;7;7;7;38;38;38;38;38;38;38;38;38;38;38;38;1;1;1;1;1;1;1;1;1;1;1;7;37
2021-09-18;"alle";18;18;18;18;18;18;18;18;18;18;18;18;79;79;79;79;79;79;79;79;79;79;79;79;NA;NA;NA;NA;NA;NA;NA;NA;NA;NA;NA;18;78
2021-09-17;"0-60";6;6;6;6;6;6;6;6;6;6;6;6;38;38;38;38;38;38;38;38;38;38;38;38;1;1;1;1;1;1;1;1;1;1;1;6;38
2021-09-17;"60+";4;4;4;4;4;4;4;4;4;4;4;4;38;38;38;38;38;38;38;38;38;38;38;38;1;1;1;1;1;1;1;1;1;1;1;4;37
2021-09-17;"alle";10;10;10;10;10;10;10;10;10;10;10;10;76;76;76;76;76;76;76;76;76;76;76;76;NA;NA;NA;NA;NA;NA;NA;NA;NA;NA;NA;10;75
2021-09-16;"0-60";6;6;6;6;6;6;6;6;6;6;6;6;37;37;37;37;37;37;37;37;37;37;37;37;1;1;1;1;1;1;1;1;1;1;1;6;37
2021-09-16;"60+";7;7;7;7;7;7;7;7;7;7;7;7;37;37;37;37;37;37;37;37;37;37;37;37;1;1;1;1;1;1;1;1;1;1;1;7;36
2021-09-16;"alle";13;13;13;13;13;13;13;13;13;13;13;13;74;74;74;74;74;74;74;74;74;74;74;74;NA;NA;NA;NA;NA;NA;NA;NA;NA;NA;NA;13;73
2021-09-15;"0-60";10;10;10;10;10;10;10;10;10;10;10;10;39;39;39;39;39;39;39;39;39;39;39;39;1;1;1;1;1;1;1;1;1;1;1;10;39
2021-09-15;"60+";12;12;12;12;12;12;12;12;12;12;12;12;34;34;34;34;34;34;34;34;34;34;34;34;1;1;1;1;1;1;1;1;1;1;1;12;33
2021-09-15;"alle";22;22;22;22;22;22;22;22;22;22;22;22;73;73;73;73;73;73;73;73;73;73;73;73;NA;NA;NA;NA;NA;NA;NA;NA;NA;NA;NA;22;72
2021-09-14;"0-60";3;3;3;3;3;3;3;3;3;3;3;3;31;31;31;31;31;31;31;31;31;31;31;31;1;1;1;1;1;1;1;1;1;1;1;3;31
2021-09-14;"60+";4;4;4;4;4;4;4;4;4;4;4;4;31;31;31;31;31;31;31;31;31;31;31;31;1;1;1;1;1;1;1;1;1;1;1;4;29
2021-09-14;"alle";7;7;7;7;7;7;7;7;7;7;7;7;62;62;62;62;62;62;62;62;62;62;62;62;NA;NA;NA;NA;NA;NA;NA;NA;NA;NA;NA;7;60
2021-09-13;"0-60";2;2;2;2;2;2;2;2;2;2;2;2;34;34;34;34;34;34;34;34;34;34;34;34;1;1;1;1;1;1;1;1;1;1;1;2;34
2021-09-13;"60+";1;1;1;1;1;1;1;1;1;1;1;1;33;33;33;33;33;33;33;33;33;33;33;33;1;1;1;1;1;1;1;1;1;1;1;1;31
2021-09-13;"alle";3;3;3;3;3;3;3;3;3;3;3;3;67;67;67;67;67;67;67;67;67;67;67;67;NA;NA;NA;NA;NA;NA;NA;NA;NA;NA;NA;3;65
2021-09-12;"0-60";3;3;3;3;3;3;3;3;3;3;3;3;33;33;33;33;33;33;33;33;33;33;33;33;1;1;1;1;1;1;1;1;1;1;1;3;33
2021-09-12;"60+";3;3;3;3;3;3;3;3;3;3;3;3;34;34;34;34;34;34;34;34;34;34;34;34;1;1;1;1;1;1;1;1;1;1;1;2;32
2021-09-12;"alle";6;6;6;6;6;6;6;6;6;6;6;6;67;67;67;67;67;67;67;67;67;67;67;67;NA;NA;NA;NA;NA;NA;NA;NA;NA;NA;NA;5;65
2021-09-11;"0-60";8;8;8;8;8;8;8;8;8;8;8;8;34;34;34;34;34;34;34;34;34;34;34;34;1;1;1;1;1;1;1;1;1;1;1;8;34
2021-09-11;"60+";7;7;7;7;7;7;7;7;7;7;7;7;33;33;33;33;33;33;33;33;33;33;33;33;1;1;1;1;1;1;1;1;1;1;1;7;32
2021-09-11;"alle";15;15;15;15;15;15;15;15;15;15;15;15;67;67;67;67;67;67;67;67;67;67;67;67;NA;NA;NA;NA;NA;NA;NA;NA;NA;NA;NA;15;66
2021-09-10;"0-60";5;5;5;5;5;5;5;5;5;5;5;5;32;32;32;32;32;32;32;32;32;32;32;32;1;1;1;1;1;1;1;1;1;1;1;5;32
2021-09-10;"60+";3;3;3;3;3;3;3;3;3;3;3;3;32;32;32;32;32;32;32;32;32;32;32;32;1;1;1;1;1;1;1;1;1;1;1;3;31
2021-09-10;"alle";8;8;8;8;8;8;8;8;8;8;8;8;64;64;64;64;64;64;64;64;64;64;64;64;NA;NA;NA;NA;NA;NA;NA;NA;NA;NA;NA;8;63
2021-09-09;"0-60";8;8;8;8;8;8;8;8;8;8;8;8;31;31;31;31;31;31;31;31;31;31;31;31;1;1;1;1;1;1;1;1;1;1;1;8;31
2021-09-09;"60+";4;4;4;4;4;4;4;4;4;4;4;4;33;33;33;33;33;33;33;33;33;33;33;33;1;1;1;1;1;1;1;1;1;1;1;4;30
2021-09-09;"alle";12;12;12;12;12;12;12;12;12;12;12;12;64;64;64;64;64;64;64;64;64;64;64;64;NA;NA;NA;NA;NA;NA;NA;NA;NA;NA;NA;12;61
2021-09-08;"0-60";2;2;2;2;2;2;2;2;2;2;2;2;26;26;26;26;26;26;26;26;26;26;26;26;1;1;1;1;1;1;1;1;1;1;1;2;26
2021-09-08;"60+";9;9;9;9;9;9;9;9;9;9;9;9;37;37;37;37;37;37;37;37;37;37;37;37;1;1;1;1;1;1;1;1;1;1;1;8;33
2021-09-08;"alle";11;11;11;11;11;11;11;11;11;11;11;11;63;63;63;63;63;63;63;63;63;63;63;63;NA;NA;NA;NA;NA;NA;NA;NA;NA;NA;NA;10;59
2021-09-07;"0-60";6;6;6;6;6;6;6;6;6;6;6;6;28;28;28;28;28;28;28;28;28;28;28;28;1;1;1;1;1;1;1;1;1;1;1;6;28
2021-09-07;"60+";6;6;6;6;6;6;6;6;6;6;6;6;32;32;32;32;32;32;32;32;32;32;32;32;1;1;1;1;1;1;1;1;1;1;1;6;29
2021-09-07;"alle";12;12;12;12;12;12;12;12;12;12;12;12;60;60;60;60;60;60;60;60;60;60;60;60;NA;NA;NA;NA;NA;NA;NA;NA;NA;NA;NA;12;57
2021-09-06;"0-60";1;1;1;1;1;1;1;1;1;1;1;1;29;29;29;29;29;29;29;29;29;29;29;29;1;1;1;1;1;1;1;1;1;1;1;1;29
2021-09-06;"60+";2;2;2;2;2;2;2;2;2;2;2;2;30;30;30;30;30;30;30;30;30;30;30;30;1;1;1;1;1;1;1;1;1;1;1;2;27
2021-09-06;"alle";3;3;3;3;3;3;3;3;3;3;3;3;59;59;59;59;59;59;59;59;59;59;59;59;NA;NA;NA;NA;NA;NA;NA;NA;NA;NA;NA;3;56
2021-09-05;"0-60";4;4;4;4;4;4;4;4;4;4;4;4;28;28;28;28;28;28;28;28;28;28;28;28;1;1;1;1;1;1;1;1;1;1;1;4;28
2021-09-05;"60+";2;2;2;2;2;2;2;2;2;2;2;2;28;28;28;28;28;28;28;28;28;28;28;28;1;1;1;1;1;1;1;1;1;1;1;2;25
2021-09-05;"alle";6;6;6;6;6;6;6;6;6;6;6;6;56;56;56;56;56;56;56;56;56;56;56;56;NA;NA;NA;NA;NA;NA;NA;NA;NA;NA;NA;6;53
2021-09-04;"0-60";6;6;6;6;6;6;6;6;6;6;6;6;25;25;25;25;25;25;25;25;25;25;25;25;1;1;1;1;1;1;1;1;1;1;1;6;25
2021-09-04;"60+";6;6;6;6;6;6;6;6;6;6;6;6;27;27;27;27;27;27;27;27;27;27;27;27;1;1;1;1;1;1;1;1;1;1;1;6;24
2021-09-04;"alle";12;12;12;12;12;12;12;12;12;12;12;12;52;52;52;52;52;52;52;52;52;52;52;52;NA;NA;NA;NA;NA;NA;NA;NA;NA;NA;NA;12;49
2021-09-03;"0-60";4;4;4;4;4;4;4;4;4;4;4;4;23;23;23;23;23;23;23;23;23;23;23;23;1;1;1;1;1;1;1;1;1;1;1;4;23
2021-09-03;"60+";4;4;4;4;4;4;4;4;4;4;4;4;23;23;23;23;23;23;23;23;23;23;23;23;1;1;1;1;1;1;1;1;1;1;1;2;20
2021-09-03;"alle";8;8;8;8;8;8;8;8;8;8;8;8;46;46;46;46;46;46;46;46;46;46;46;46;NA;NA;NA;NA;NA;NA;NA;NA;NA;NA;NA;6;43
2021-09-02;"0-60";3;3;3;3;3;3;3;3;3;3;3;3;26;26;26;26;26;26;26;26;26;26;26;26;1;1;1;1;1;1;1;1;1;1;1;3;26
2021-09-02;"60+";8;8;8;8;8;8;8;8;8;8;8;8;20;20;20;20;20;20;20;20;20;20;20;20;1;1;1;1;1;1;1;1;1;1;1;7;19
2021-09-02;"alle";11;11;11;11;11;11;11;11;11;11;11;11;46;46;46;46;46;46;46;46;46;46;46;46;NA;NA;NA;NA;NA;NA;NA;NA;NA;NA;NA;10;45
2021-09-01;"0-60";4;4;4;4;4;4;4;4;4;4;4;4;24;24;24;24;24;24;24;24;24;24;24;24;1;1;1;1;1;1;1;1;1;1;1;4;24
2021-09-01;"60+";4;4;4;4;4;4;4;4;4;4;4;4;16;16;16;16;16;16;16;16;16;16;16;16;1;1;1;1;1;1;1;1;1;1;1;4;15
2021-09-01;"alle";8;8;8;8;8;8;8;8;8;8;8;8;40;40;40;40;40;40;40;40;40;40;40;40;NA;NA;NA;NA;NA;NA;NA;NA;NA;NA;NA;8;39
2021-08-31;"0-60";7;7;7;7;7;7;7;7;7;7;7;7;27;27;27;27;27;27;27;27;27;27;27;27;1;1;1;1;1;1;1;1;1;1;1;7;27
2021-08-31;"60+";4;4;4;4;4;4;4;4;4;4;4;4;18;18;18;18;18;18;18;18;18;18;18;18;1;1;1;1;1;1;1;1;1;1;1;4;17
2021-08-31;"alle";11;11;11;11;11;11;11;11;11;11;11;11;45;45;45;45;45;45;45;45;45;45;45;45;NA;NA;NA;NA;NA;NA;NA;NA;NA;NA;NA;11;44
2021-08-30;"0-60";0;0;0;0;0;0;0;0;0;0;0;0;24;24;24;24;24;24;24;24;24;24;24;24;1;1;1;1;1;1;1;1;1;1;1;0;24
2021-08-30;"60+";0;0;0;0;0;0;0;0;0;0;0;0;15;15;15;15;15;15;15;15;15;15;15;15;1;1;1;1;1;1;1;1;1;1;1;0;14
2021-08-30;"alle";0;0;0;0;0;0;0;0;0;0;0;0;39;39;39;39;39;39;39;39;39;39;39;39;NA;NA;NA;NA;NA;NA;NA;NA;NA;NA;NA;0;38
2021-08-29;"0-60";1;1;1;1;1;1;1;1;1;1;1;1;25;25;25;25;25;25;25;25;25;25;25;25;1;1;1;1;1;1;1;1;1;1;1;1;25
2021-08-29;"60+";1;1;1;1;1;1;1;1;1;1;1;1;15;15;15;15;15;15;15;15;15;15;15;15;1;1;1;1;1;1;1;1;1;1;1;1;14
2021-08-29;"alle";2;2;2;2;2;2;2;2;2;2;2;2;40;40;40;40;40;40;40;40;40;40;40;40;NA;NA;NA;NA;NA;NA;NA;NA;NA;NA;NA;2;39
2021-08-28;"0-60";4;4;4;4;4;4;4;4;4;4;4;4;30;30;30;30;30;30;30;30;30;30;30;30;1;1;1;1;1;1;1;1;1;1;1;4;30
2021-08-28;"60+";2;2;2;2;2;2;2;2;2;2;2;2;17;17;17;17;17;17;17;17;17;17;17;17;1;1;1;1;1;1;1;1;1;1;1;2;16
2021-08-28;"alle";6;6;6;6;6;6;6;6;6;6;6;6;47;47;47;47;47;47;47;47;47;47;47;47;NA;NA;NA;NA;NA;NA;NA;NA;NA;NA;NA;6;46
2021-08-27;"0-60";7;7;7;7;7;7;7;7;7;7;7;7;28;28;28;28;28;28;28;28;28;28;28;28;1;1;1;1;1;1;1;1;1;1;1;7;28
2021-08-27;"60+";1;1;1;1;1;1;1;1;1;1;1;1;18;18;18;18;18;18;18;18;18;18;18;18;1;1;1;1;1;1;1;1;1;1;1;1;17
2021-08-27;"alle";8;8;8;8;8;8;8;8;8;8;8;8;46;46;46;46;46;46;46;46;46;46;46;46;NA;NA;NA;NA;NA;NA;NA;NA;NA;NA;NA;8;45
2021-08-26;"0-60";1;1;1;1;1;1;1;1;1;1;1;1;23;23;23;23;23;23;23;23;23;23;23;23;1;1;1;1;1;1;1;1;1;1;1;1;23
2021-08-26;"60+";4;4;4;4;4;4;4;4;4;4;4;4;20;20;20;20;20;20;20;20;20;20;20;20;1;1;1;1;1;1;1;1;1;1;1;3;19
2021-08-26;"alle";5;5;5;5;5;5;5;5;5;5;5;5;43;43;43;43;43;43;43;43;43;43;43;43;NA;NA;NA;NA;NA;NA;NA;NA;NA;NA;NA;4;42
2021-08-25;"0-60";7;7;7;7;7;7;7;7;7;7;7;7;29;29;29;29;29;29;29;29;29;29;29;29;1;1;1;1;1;1;1;1;1;1;1;7;29
2021-08-25;"60+";6;6;6;6;6;6;6;6;6;6;6;6;19;19;19;19;19;19;19;19;19;19;19;19;1;1;1;1;1;1;1;1;1;1;1;6;19
2021-08-25;"alle";13;13;13;13;13;13;13;13;13;13;13;13;48;48;48;48;48;48;48;48;48;48;48;48;NA;NA;NA;NA;NA;NA;NA;NA;NA;NA;NA;13;48
2021-08-24;"0-60";4;4;4;4;4;4;4;4;4;4;4;4;28;28;28;28;28;28;28;28;28;28;28;28;1;1;1;1;1;1;1;1;1;1;1;4;28
2021-08-24;"60+";1;1;1;1;1;1;1;1;1;1;1;1;17;17;17;17;17;17;17;17;17;17;17;17;1;1;1;1;1;1;1;1;1;1;1;1;17
2021-08-24;"alle";5;5;5;5;5;5;5;5;5;5;5;5;45;45;45;45;45;45;45;45;45;45;45;45;NA;NA;NA;NA;NA;NA;NA;NA;NA;NA;NA;5;45
2021-08-23;"0-60";1;1;1;1;1;1;1;1;1;1;1;1;26;26;26;26;26;26;26;26;26;26;26;26;1;1;1;1;1;1;1;1;1;1;1;1;26
2021-08-23;"60+";0;0;0;0;0;0;0;0;0;0;0;0;18;18;18;18;18;18;18;18;18;18;18;18;1;1;1;1;1;1;1;1;1;1;1;0;18
2021-08-23;"alle";1;1;1;1;1;1;1;1;1;1;1;1;44;44;44;44;44;44;44;44;44;44;44;44;NA;NA;NA;NA;NA;NA;NA;NA;NA;NA;NA;1;44
2021-08-22;"0-60";6;6;6;6;6;6;6;6;6;6;6;6;26;26;26;26;26;26;26;26;26;26;26;26;1;1;1;1;1;1;1;1;1;1;1;6;26
2021-08-22;"60+";3;3;3;3;3;3;3;3;3;3;3;3;18;18;18;18;18;18;18;18;18;18;18;18;1;1;1;1;1;1;1;1;1;1;1;3;18
2021-08-22;"alle";9;9;9;9;9;9;9;9;9;9;9;9;44;44;44;44;44;44;44;44;44;44;44;44;NA;NA;NA;NA;NA;NA;NA;NA;NA;NA;NA;9;44
2021-08-21;"0-60";2;2;2;2;2;2;2;2;2;2;2;2;21;21;21;21;21;21;21;21;21;21;21;21;1;1;1;1;1;1;1;1;1;1;1;2;21
2021-08-21;"60+";3;3;3;3;3;3;3;3;3;3;3;3;16;16;16;16;16;16;16;16;16;16;16;16;1;1;1;1;1;1;1;1;1;1;1;3;16
2021-08-21;"alle";5;5;5;5;5;5;5;5;5;5;5;5;37;37;37;37;37;37;37;37;37;37;37;37;NA;NA;NA;NA;NA;NA;NA;NA;NA;NA;NA;5;37
2021-08-20;"0-60";2;2;2;2;2;2;2;2;2;2;2;2;22;22;22;22;22;22;22;22;22;22;22;22;1;1;1;1;1;1;1;1;1;1;1;2;22
2021-08-20;"60+";3;3;3;3;3;3;3;3;3;3;3;3;16;16;16;16;16;16;16;16;16;16;16;16;1;1;1;1;1;1;1;1;1;1;1;3;16
2021-08-20;"alle";5;5;5;5;5;5;5;5;5;5;5;5;38;38;38;38;38;38;38;38;38;38;38;38;NA;NA;NA;NA;NA;NA;NA;NA;NA;NA;NA;5;38
2021-08-19;"0-60";7;7;7;7;7;7;7;7;7;7;7;7;25;25;25;25;25;25;25;25;25;25;25;25;1;1;1;1;1;1;1;1;1;1;1;7;25
2021-08-19;"60+";3;3;3;3;3;3;3;3;3;3;3;3;16;16;16;16;16;16;16;16;16;16;16;16;1;1;1;1;1;1;1;1;1;1;1;3;16
2021-08-19;"alle";10;10;10;10;10;10;10;10;10;10;10;10;41;41;41;41;41;41;41;41;41;41;41;41;NA;NA;NA;NA;NA;NA;NA;NA;NA;NA;NA;10;41
2021-08-18;"0-60";6;6;6;6;6;6;6;6;6;6;6;6;21;21;21;21;21;21;21;21;21;21;21;21;1;1;1;1;1;1;1;1;1;1;1;6;21
2021-08-18;"60+";4;4;4;4;4;4;4;4;4;4;4;4;15;15;15;15;15;15;15;15;15;15;15;15;1;1;1;1;1;1;1;1;1;1;1;4;15
2021-08-18;"alle";10;10;10;10;10;10;10;10;10;10;10;10;36;36;36;36;36;36;36;36;36;36;36;36;NA;NA;NA;NA;NA;NA;NA;NA;NA;NA;NA;10;36
2021-08-17;"0-60";2;2;2;2;2;2;2;2;2;2;2;2;17;17;17;17;17;17;17;17;17;17;17;17;1;1;1;1;1;1;1;1;1;1;1;2;17
2021-08-17;"60+";2;2;2;2;2;2;2;2;2;2;2;2;14;14;14;14;14;14;14;14;14;14;14;14;1;1;1;1;1;1;1;1;1;1;1;2;14
2021-08-17;"alle";4;4;4;4;4;4;4;4;4;4;4;4;31;31;31;31;31;31;31;31;31;31;31;31;NA;NA;NA;NA;NA;NA;NA;NA;NA;NA;NA;4;31
2021-08-16;"0-60";1;1;1;1;1;1;1;1;1;1;1;1;15;15;15;15;15;15;15;15;15;15;15;15;1;1;1;1;1;1;1;1;1;1;1;1;15
2021-08-16;"60+";0;0;0;0;0;0;0;0;0;0;0;0;14;14;14;14;14;14;14;14;14;14;14;14;1;1;1;1;1;1;1;1;1;1;1;0;14
2021-08-16;"alle";1;1;1;1;1;1;1;1;1;1;1;1;29;29;29;29;29;29;29;29;29;29;29;29;NA;NA;NA;NA;NA;NA;NA;NA;NA;NA;NA;1;29
2021-08-15;"0-60";1;1;1;1;1;1;1;1;1;1;1;1;14;14;14;14;14;14;14;14;14;14;14;14;1;1;1;1;1;1;1;1;1;1;1;1;14
2021-08-15;"60+";1;1;1;1;1;1;1;1;1;1;1;1;15;15;15;15;15;15;15;15;15;15;15;15;1;1;1;1;1;1;1;1;1;1;1;1;15
2021-08-15;"alle";2;2;2;2;2;2;2;2;2;2;2;2;29;29;29;29;29;29;29;29;29;29;29;29;NA;NA;NA;NA;NA;NA;NA;NA;NA;NA;NA;2;29
2021-08-14;"0-60";3;3;3;3;3;3;3;3;3;3;3;3;15;15;15;15;15;15;15;15;15;15;15;15;1;1;1;1;1;1;1;1;1;1;1;3;15
2021-08-14;"60+";3;3;3;3;3;3;3;3;3;3;3;3;16;16;16;16;16;16;16;16;16;16;16;16;1;1;1;1;1;1;1;1;1;1;1;3;16
2021-08-14;"alle";6;6;6;6;6;6;6;6;6;6;6;6;31;31;31;31;31;31;31;31;31;31;31;31;NA;NA;NA;NA;NA;NA;NA;NA;NA;NA;NA;6;31
2021-08-13;"0-60";5;5;5;5;5;5;5;5;5;5;5;5;15;15;15;15;15;15;15;15;15;15;15;15;1;1;1;1;1;1;1;1;1;1;1;5;15
2021-08-13;"60+";3;3;3;3;3;3;3;3;3;3;3;3;14;14;14;14;14;14;14;14;14;14;14;14;1;1;1;1;1;1;1;1;1;1;1;3;14
2021-08-13;"alle";8;8;8;8;8;8;8;8;8;8;8;8;29;29;29;29;29;29;29;29;29;29;29;29;NA;NA;NA;NA;NA;NA;NA;NA;NA;NA;NA;8;29
2021-08-12;"0-60";3;3;3;3;3;3;3;3;3;3;3;3;11;11;11;11;11;11;11;11;11;11;11;11;1;1;1;1;1;1;1;1;1;1;1;3;11
2021-08-12;"60+";2;2;2;2;2;2;2;2;2;2;2;2;14;14;14;14;14;14;14;14;14;14;14;14;1;1;1;1;1;1;1;1;1;1;1;2;14
2021-08-12;"alle";5;5;5;5;5;5;5;5;5;5;5;5;25;25;25;25;25;25;25;25;25;25;25;25;NA;NA;NA;NA;NA;NA;NA;NA;NA;NA;NA;5;25
2021-08-11;"0-60";2;2;2;2;2;2;2;2;2;2;2;2;9;9;9;9;9;9;9;9;9;9;9;9;1;1;1;1;1;1;1;1;1;1;1;2;9
2021-08-11;"60+";3;3;3;3;3;3;3;3;3;3;3;3;12;12;12;12;12;12;12;12;12;12;12;12;1;1;1;1;1;1;1;1;1;1;1;3;12
2021-08-11;"alle";5;5;5;5;5;5;5;5;5;5;5;5;21;21;21;21;21;21;21;21;21;21;21;21;NA;NA;NA;NA;NA;NA;NA;NA;NA;NA;NA;5;21
2021-08-10;"0-60";0;0;0;0;0;0;0;0;0;0;0;0;10;10;10;10;10;10;10;10;10;10;10;10;1;1;1;1;1;1;1;1;1;1;1;0;10
2021-08-10;"60+";2;2;2;2;2;2;2;2;2;2;2;2;11;11;11;11;11;11;11;11;11;11;11;11;1;1;1;1;1;1;1;1;1;1;1;2;11
2021-08-10;"alle";2;2;2;2;2;2;2;2;2;2;2;2;21;21;21;21;21;21;21;21;21;21;21;21;NA;NA;NA;NA;NA;NA;NA;NA;NA;NA;NA;2;21
2021-08-09;"0-60";0;0;0;0;0;0;0;0;0;0;0;0;15;15;15;15;15;15;15;15;15;15;15;15;1;1;1;1;1;1;1;1;1;1;1;0;15
2021-08-09;"60+";1;1;1;1;1;1;1;1;1;1;1;1;11;11;11;11;11;11;11;11;11;11;11;11;1;1;1;1;1;1;1;1;1;1;1;1;11
2021-08-09;"alle";1;1;1;1;1;1;1;1;1;1;1;1;26;26;26;26;26;26;26;26;26;26;26;26;NA;NA;NA;NA;NA;NA;NA;NA;NA;NA;NA;1;26
2021-08-08;"0-60";2;2;2;2;2;2;2;2;2;2;2;2;15;15;15;15;15;15;15;15;15;15;15;15;1;1;1;1;1;1;1;1;1;1;1;2;15
2021-08-08;"60+";2;2;2;2;2;2;2;2;2;2;2;2;10;10;10;10;10;10;10;10;10;10;10;10;1;1;1;1;1;1;1;1;1;1;1;2;10
2021-08-08;"alle";4;4;4;4;4;4;4;4;4;4;4;4;25;25;25;25;25;25;25;25;25;25;25;25;NA;NA;NA;NA;NA;NA;NA;NA;NA;NA;NA;4;25
2021-08-07;"0-60";3;3;3;3;3;3;3;3;3;3;3;3;13;13;13;13;13;13;13;13;13;13;13;13;1;1;1;1;1;1;1;1;1;1;1;3;13
2021-08-07;"60+";1;1;1;1;1;1;1;1;1;1;1;1;8;8;8;8;8;8;8;8;8;8;8;8;1;1;1;1;1;1;1;1;1;1;1;1;8
2021-08-07;"alle";4;4;4;4;4;4;4;4;4;4;4;4;21;21;21;21;21;21;21;21;21;21;21;21;NA;NA;NA;NA;NA;NA;NA;NA;NA;NA;NA;4;21
2021-08-06;"0-60";1;1;1;1;1;1;1;1;1;1;1;1;10;10;10;10;10;10;10;10;10;10;10;10;1;1;1;1;1;1;1;1;1;1;1;1;10
2021-08-06;"60+";3;3;3;3;3;3;3;3;3;3;3;3;10;10;10;10;10;10;10;10;10;10;10;10;1;1;1;1;1;1;1;1;1;1;1;3;10
2021-08-06;"alle";4;4;4;4;4;4;4;4;4;4;4;4;20;20;20;20;20;20;20;20;20;20;20;20;NA;NA;NA;NA;NA;NA;NA;NA;NA;NA;NA;4;20
2021-08-05;"0-60";1;1;1;1;1;1;1;1;1;1;1;1;10;10;10;10;10;10;10;10;10;10;10;10;1;1;1;1;1;1;1;1;1;1;1;1;10
2021-08-05;"60+";0;0;0;0;0;0;0;0;0;0;0;0;11;11;11;11;11;11;11;11;11;11;11;11;1;1;1;1;1;1;1;1;1;1;1;0;10
2021-08-05;"alle";1;1;1;1;1;1;1;1;1;1;1;1;21;21;21;21;21;21;21;21;21;21;21;21;NA;NA;NA;NA;NA;NA;NA;NA;NA;NA;NA;1;20
2021-08-04;"0-60";3;3;3;3;3;3;3;3;3;3;3;3;10;10;10;10;10;10;10;10;10;10;10;10;1;1;1;1;1;1;1;1;1;1;1;3;10
2021-08-04;"60+";2;2;2;2;2;2;2;2;2;2;2;2;12;12;12;12;12;12;12;12;12;12;12;12;1;1;1;1;1;1;1;1;1;1;1;2;11
2021-08-04;"alle";5;5;5;5;5;5;5;5;5;5;5;5;22;22;22;22;22;22;22;22;22;22;22;22;NA;NA;NA;NA;NA;NA;NA;NA;NA;NA;NA;5;21
2021-08-03;"0-60";5;5;5;5;5;5;5;5;5;5;5;5;10;10;10;10;10;10;10;10;10;10;10;10;1;1;1;1;1;1;1;1;1;1;1;5;10
2021-08-03;"60+";2;2;2;2;2;2;2;2;2;2;2;2;10;10;10;10;10;10;10;10;10;10;10;10;1;1;1;1;1;1;1;1;1;1;1;2;9
2021-08-03;"alle";7;7;7;7;7;7;7;7;7;7;7;7;20;20;20;20;20;20;20;20;20;20;20;20;NA;NA;NA;NA;NA;NA;NA;NA;NA;NA;NA;7;19
2021-08-02;"0-60";0;0;0;0;0;0;0;0;0;0;0;0;5;5;5;5;5;5;5;5;5;5;5;5;1;1;1;1;1;1;1;1;1;1;1;0;5
2021-08-02;"60+";0;0;0;0;0;0;0;0;0;0;0;0;9;9;9;9;9;9;9;9;9;9;9;9;1;1;1;1;1;1;1;1;1;1;1;0;8
2021-08-02;"alle";0;0;0;0;0;0;0;0;0;0;0;0;14;14;14;14;14;14;14;14;14;14;14;14;NA;NA;NA;NA;NA;NA;NA;NA;NA;NA;NA;0;13
2021-08-01;"0-60";0;0;0;0;0;0;0;0;0;0;0;0;5;5;5;5;5;5;5;5;5;5;5;5;1;1;1;1;1;1;1;1;1;1;1;0;5
2021-08-01;"60+";0;0;0;0;0;0;0;0;0;0;0;0;10;10;10;10;10;10;10;10;10;10;10;10;1;1;1;1;1;1;1;1;1;1;1;0;9
2021-08-01;"alle";0;0;0;0;0;0;0;0;0;0;0;0;15;15;15;15;15;15;15;15;15;15;15;15;NA;NA;NA;NA;NA;NA;NA;NA;NA;NA;NA;0;14
2021-07-31;"0-60";0;0;0;0;0;0;0;0;0;0;0;0;5;5;5;5;5;5;5;5;5;5;5;5;1;1;1;1;1;1;1;1;1;1;1;0;5
2021-07-31;"60+";3;3;3;3;3;3;3;3;3;3;3;3;10;10;10;10;10;10;10;10;10;10;10;10;1;1;1;1;1;1;1;1;1;1;1;3;9
2021-07-31;"alle";3;3;3;3;3;3;3;3;3;3;3;3;15;15;15;15;15;15;15;15;15;15;15;15;NA;NA;NA;NA;NA;NA;NA;NA;NA;NA;NA;3;14
2021-07-30;"0-60";1;1;1;1;1;1;1;1;1;1;1;1;8;8;8;8;8;8;8;8;8;8;8;8;1;1;1;1;1;1;1;1;1;1;1;1;8
2021-07-30;"60+";4;4;4;4;4;4;4;4;4;4;4;4;8;8;8;8;8;8;8;8;8;8;8;8;1;1;1;1;1;1;1;1;1;1;1;3;7
2021-07-30;"alle";5;5;5;5;5;5;5;5;5;5;5;5;16;16;16;16;16;16;16;16;16;16;16;16;NA;NA;NA;NA;NA;NA;NA;NA;NA;NA;NA;4;15
2021-07-29;"0-60";1;1;1;1;1;1;1;1;1;1;1;1;7;7;7;7;7;7;7;7;7;7;7;7;1;1;1;1;1;1;1;1;1;1;1;1;7
2021-07-29;"60+";1;1;1;1;1;1;1;1;1;1;1;1;5;5;5;5;5;5;5;5;5;5;5;5;1;1;1;1;1;1;1;1;1;1;1;1;5
2021-07-29;"alle";2;2;2;2;2;2;2;2;2;2;2;2;12;12;12;12;12;12;12;12;12;12;12;12;NA;NA;NA;NA;NA;NA;NA;NA;NA;NA;NA;2;12
2021-07-28;"0-60";3;3;3;3;3;3;3;3;3;3;3;3;6;6;6;6;6;6;6;6;6;6;6;6;1;1;1;1;1;1;1;1;1;1;1;3;6
2021-07-28;"60+";0;0;0;0;0;0;0;0;0;0;0;0;5;5;5;5;5;5;5;5;5;5;5;5;1;1;1;1;1;1;1;1;1;1;1;0;5
2021-07-28;"alle";3;3;3;3;3;3;3;3;3;3;3;3;11;11;11;11;11;11;11;11;11;11;11;11;NA;NA;NA;NA;NA;NA;NA;NA;NA;NA;NA;3;11
2021-07-27;"0-60";0;0;0;0;0;0;0;0;0;0;0;0;5;5;5;5;5;5;5;5;5;5;5;5;1;1;1;1;1;1;1;1;1;1;1;0;5
2021-07-27;"60+";1;1;1;1;1;1;1;1;1;1;1;1;6;6;6;6;6;6;6;6;6;6;6;6;1;1;1;1;1;1;1;1;1;1;1;1;6
2021-07-27;"alle";1;1;1;1;1;1;1;1;1;1;1;1;11;11;11;11;11;11;11;11;11;11;11;11;NA;NA;NA;NA;NA;NA;NA;NA;NA;NA;NA;1;11
2021-07-26;"0-60";0;0;0;0;0;0;0;0;0;0;0;0;6;6;6;6;6;6;6;6;6;6;6;6;1;1;1;1;1;1;1;1;1;1;1;0;6
2021-07-26;"60+";1;1;1;1;1;1;1;1;1;1;1;1;7;7;7;7;7;7;7;7;7;7;7;7;1;1;1;1;1;1;1;1;1;1;1;1;6
2021-07-26;"alle";1;1;1;1;1;1;1;1;1;1;1;1;13;13;13;13;13;13;13;13;13;13;13;13;NA;NA;NA;NA;NA;NA;NA;NA;NA;NA;NA;1;12
2021-07-25;"0-60";0;0;0;0;0;0;0;0;0;0;0;0;6;6;6;6;6;6;6;6;6;6;6;6;1;1;1;1;1;1;1;1;1;1;1;0;6
2021-07-25;"60+";0;0;0;0;0;0;0;0;0;0;0;0;6;6;6;6;6;6;6;6;6;6;6;6;1;1;1;1;1;1;1;1;1;1;1;0;5
2021-07-25;"alle";0;0;0;0;0;0;0;0;0;0;0;0;12;12;12;12;12;12;12;12;12;12;12;12;NA;NA;NA;NA;NA;NA;NA;NA;NA;NA;NA;0;11
2021-07-24;"0-60";3;3;3;3;3;3;3;3;3;3;3;3;7;7;7;7;7;7;7;7;7;7;7;7;1;1;1;1;1;1;1;1;1;1;1;3;7
2021-07-24;"60+";1;1;1;1;1;1;1;1;1;1;1;1;7;7;7;7;7;7;7;7;7;7;7;7;1;1;1;1;1;1;1;1;1;1;1;1;6
2021-07-24;"alle";4;4;4;4;4;4;4;4;4;4;4;4;14;14;14;14;14;14;14;14;14;14;14;14;NA;NA;NA;NA;NA;NA;NA;NA;NA;NA;NA;4;13
2021-07-23;"0-60";0;0;0;0;0;0;0;0;0;0;0;0;4;4;4;4;4;4;4;4;4;4;4;4;1;1;1;1;1;1;1;1;1;1;1;0;4
2021-07-23;"60+";1;1;1;1;1;1;1;1;1;1;1;1;8;8;8;8;8;8;8;8;8;8;8;8;1;1;1;1;1;1;1;1;1;1;1;1;7
2021-07-23;"alle";1;1;1;1;1;1;1;1;1;1;1;1;12;12;12;12;12;12;12;12;12;12;12;12;NA;NA;NA;NA;NA;NA;NA;NA;NA;NA;NA;1;11
2021-07-22;"0-60";0;0;0;0;0;0;0;0;0;0;0;0;5;5;5;5;5;5;5;5;5;5;5;5;1;1;1;1;1;1;1;1;1;1;1;0;5
2021-07-22;"60+";1;1;1;1;1;1;1;1;1;1;1;1;7;7;7;7;7;7;7;7;7;7;7;7;1;1;1;1;1;1;1;1;1;1;1;1;6
2021-07-22;"alle";1;1;1;1;1;1;1;1;1;1;1;1;12;12;12;12;12;12;12;12;12;12;12;12;NA;NA;NA;NA;NA;NA;NA;NA;NA;NA;NA;1;11
2021-07-21;"0-60";2;2;2;2;2;2;2;2;2;2;2;2;6;6;6;6;6;6;6;6;6;6;6;6;1;1;1;1;1;1;1;1;1;1;1;2;6
2021-07-21;"60+";1;1;1;1;1;1;1;1;1;1;1;1;6;6;6;6;6;6;6;6;6;6;6;6;1;1;1;1;1;1;1;1;1;1;1;1;5
2021-07-21;"alle";3;3;3;3;3;3;3;3;3;3;3;3;12;12;12;12;12;12;12;12;12;12;12;12;NA;NA;NA;NA;NA;NA;NA;NA;NA;NA;NA;3;11
2021-07-20;"0-60";1;1;1;1;1;1;1;1;1;1;1;1;4;4;4;4;4;4;4;4;4;4;4;4;1;1;1;1;1;1;1;1;1;1;1;1;4
2021-07-20;"60+";2;2;2;2;2;2;2;2;2;2;2;2;9;9;9;9;9;9;9;9;9;9;9;9;1;1;1;1;1;1;1;1;1;1;1;1;8
2021-07-20;"alle";3;3;3;3;3;3;3;3;3;3;3;3;13;13;13;13;13;13;13;13;13;13;13;13;NA;NA;NA;NA;NA;NA;NA;NA;NA;NA;NA;2;12
2021-07-19;"0-60";0;0;0;0;0;0;0;0;0;0;0;0;7;7;7;7;7;7;7;7;7;7;7;7;1;1;1;1;1;1;1;1;1;1;1;0;7
2021-07-19;"60+";0;0;0;0;0;0;0;0;0;0;0;0;9;9;9;9;9;9;9;9;9;9;9;9;1;1;1;1;1;1;1;1;1;1;1;0;9
2021-07-19;"alle";0;0;0;0;0;0;0;0;0;0;0;0;16;16;16;16;16;16;16;16;16;16;16;16;NA;NA;NA;NA;NA;NA;NA;NA;NA;NA;NA;0;16
2021-07-18;"0-60";1;1;1;1;1;1;1;1;1;1;1;1;7;7;7;7;7;7;7;7;7;7;7;7;1;1;1;1;1;1;1;1;1;1;1;1;7
2021-07-18;"60+";1;1;1;1;1;1;1;1;1;1;1;1;9;9;9;9;9;9;9;9;9;9;9;9;1;1;1;1;1;1;1;1;1;1;1;1;9
2021-07-18;"alle";2;2;2;2;2;2;2;2;2;2;2;2;16;16;16;16;16;16;16;16;16;16;16;16;NA;NA;NA;NA;NA;NA;NA;NA;NA;NA;NA;2;16
2021-07-17;"0-60";0;0;0;0;0;0;0;0;0;0;0;0;7;7;7;7;7;7;7;7;7;7;7;7;1;1;1;1;1;1;1;1;1;1;1;0;7
2021-07-17;"60+";2;2;2;2;2;2;2;2;2;2;2;2;9;9;9;9;9;9;9;9;9;9;9;9;1;1;1;1;1;1;1;1;1;1;1;2;9
2021-07-17;"alle";2;2;2;2;2;2;2;2;2;2;2;2;16;16;16;16;16;16;16;16;16;16;16;16;NA;NA;NA;NA;NA;NA;NA;NA;NA;NA;NA;2;16
2021-07-16;"0-60";1;1;1;1;1;1;1;1;1;1;1;1;7;7;7;7;7;7;7;7;7;7;7;7;1;1;1;1;1;1;1;1;1;1;1;1;7
2021-07-16;"60+";0;0;0;0;0;0;0;0;0;0;0;0;7;7;7;7;7;7;7;7;7;7;7;7;1;1;1;1;1;1;1;1;1;1;1;0;7
2021-07-16;"alle";1;1;1;1;1;1;1;1;1;1;1;1;14;14;14;14;14;14;14;14;14;14;14;14;NA;NA;NA;NA;NA;NA;NA;NA;NA;NA;NA;1;14
2021-07-15;"0-60";1;1;1;1;1;1;1;1;1;1;1;1;6;6;6;6;6;6;6;6;6;6;6;6;1;1;1;1;1;1;1;1;1;1;1;1;6
2021-07-15;"60+";0;0;0;0;0;0;0;0;0;0;0;0;9;9;9;9;9;9;9;9;9;9;9;9;1;1;1;1;1;1;1;1;1;1;1;0;9
2021-07-15;"alle";1;1;1;1;1;1;1;1;1;1;1;1;15;15;15;15;15;15;15;15;15;15;15;15;NA;NA;NA;NA;NA;NA;NA;NA;NA;NA;NA;1;15
2021-07-14;"0-60";0;0;0;0;0;0;0;0;0;0;0;0;6;6;6;6;6;6;6;6;6;6;6;6;1;1;1;1;1;1;1;1;1;1;1;0;6
2021-07-14;"60+";4;4;4;4;4;4;4;4;4;4;4;4;10;10;10;10;10;10;10;10;10;10;10;10;1;1;1;1;1;1;1;1;1;1;1;4;10
2021-07-14;"alle";4;4;4;4;4;4;4;4;4;4;4;4;16;16;16;16;16;16;16;16;16;16;16;16;NA;NA;NA;NA;NA;NA;NA;NA;NA;NA;NA;4;16
2021-07-13;"0-60";4;4;4;4;4;4;4;4;4;4;4;4;7;7;7;7;7;7;7;7;7;7;7;7;1;1;1;1;1;1;1;1;1;1;1;4;7
2021-07-13;"60+";2;2;2;2;2;2;2;2;2;2;2;2;7;7;7;7;7;7;7;7;7;7;7;7;1;1;1;1;1;1;1;1;1;1;1;2;7
2021-07-13;"alle";6;6;6;6;6;6;6;6;6;6;6;6;14;14;14;14;14;14;14;14;14;14;14;14;NA;NA;NA;NA;NA;NA;NA;NA;NA;NA;NA;6;14
2021-07-12;"0-60";0;0;0;0;0;0;0;0;0;0;0;0;6;6;6;6;6;6;6;6;6;6;6;6;1;1;1;1;1;1;1;1;1;1;1;0;6
2021-07-12;"60+";0;0;0;0;0;0;0;0;0;0;0;0;6;6;6;6;6;6;6;6;6;6;6;6;1;1;1;1;1;1;1;1;1;1;1;0;6
2021-07-12;"alle";0;0;0;0;0;0;0;0;0;0;0;0;12;12;12;12;12;12;12;12;12;12;12;12;NA;NA;NA;NA;NA;NA;NA;NA;NA;NA;NA;0;12
2021-07-11;"0-60";1;1;1;1;1;1;1;1;1;1;1;1;6;6;6;6;6;6;6;6;6;6;6;6;1;1;1;1;1;1;1;1;1;1;1;1;6
2021-07-11;"60+";1;1;1;1;1;1;1;1;1;1;1;1;6;6;6;6;6;6;6;6;6;6;6;6;1;1;1;1;1;1;1;1;1;1;1;1;6
2021-07-11;"alle";2;2;2;2;2;2;2;2;2;2;2;2;12;12;12;12;12;12;12;12;12;12;12;12;NA;NA;NA;NA;NA;NA;NA;NA;NA;NA;NA;2;12
2021-07-10;"0-60";0;0;0;0;0;0;0;0;0;0;0;0;5;5;5;5;5;5;5;5;5;5;5;5;1;1;1;1;1;1;1;1;1;1;1;0;5
2021-07-10;"60+";0;0;0;0;0;0;0;0;0;0;0;0;5;5;5;5;5;5;5;5;5;5;5;5;1;1;1;1;1;1;1;1;1;1;1;0;5
2021-07-10;"alle";0;0;0;0;0;0;0;0;0;0;0;0;10;10;10;10;10;10;10;10;10;10;10;10;NA;NA;NA;NA;NA;NA;NA;NA;NA;NA;NA;0;10
2021-07-09;"0-60";0;0;0;0;0;0;0;0;0;0;0;0;5;5;5;5;5;5;5;5;5;5;5;5;1;1;1;1;1;1;1;1;1;1;1;0;5
2021-07-09;"60+";2;2;2;2;2;2;2;2;2;2;2;2;6;6;6;6;6;6;6;6;6;6;6;6;1;1;1;1;1;1;1;1;1;1;1;2;6
2021-07-09;"alle";2;2;2;2;2;2;2;2;2;2;2;2;11;11;11;11;11;11;11;11;11;11;11;11;NA;NA;NA;NA;NA;NA;NA;NA;NA;NA;NA;2;11
2021-07-08;"0-60";1;1;1;1;1;1;1;1;1;1;1;1;5;5;5;5;5;5;5;5;5;5;5;5;1;1;1;1;1;1;1;1;1;1;1;1;5
2021-07-08;"60+";1;1;1;1;1;1;1;1;1;1;1;1;6;6;6;6;6;6;6;6;6;6;6;6;1;1;1;1;1;1;1;1;1;1;1;1;6
2021-07-08;"alle";2;2;2;2;2;2;2;2;2;2;2;2;11;11;11;11;11;11;11;11;11;11;11;11;NA;NA;NA;NA;NA;NA;NA;NA;NA;NA;NA;2;11
2021-07-07;"0-60";1;1;1;1;1;1;1;1;1;1;1;1;4;4;4;4;4;4;4;4;4;4;4;4;1;1;1;1;1;1;1;1;1;1;1;1;4
2021-07-07;"60+";1;1;1;1;1;1;1;1;1;1;1;1;5;5;5;5;5;5;5;5;5;5;5;5;1;1;1;1;1;1;1;1;1;1;1;1;5
2021-07-07;"alle";2;2;2;2;2;2;2;2;2;2;2;2;9;9;9;9;9;9;9;9;9;9;9;9;NA;NA;NA;NA;NA;NA;NA;NA;NA;NA;NA;2;9
2021-07-06;"0-60";3;3;3;3;3;3;3;3;3;3;3;3;3;3;3;3;3;3;3;3;3;3;3;3;1;1;1;1;1;1;1;1;1;1;1;3;3
2021-07-06;"60+";1;1;1;1;1;1;1;1;1;1;1;1;4;4;4;4;4;4;4;4;4;4;4;4;1;1;1;1;1;1;1;1;1;1;1;1;4
2021-07-06;"alle";4;4;4;4;4;4;4;4;4;4;4;4;7;7;7;7;7;7;7;7;7;7;7;7;NA;NA;NA;NA;NA;NA;NA;NA;NA;NA;NA;4;7
2021-07-05;"0-60";0;0;0;0;0;0;0;0;0;0;0;0;0;0;0;0;0;0;0;0;0;0;0;0;1;1;1;1;1;1;1;1;1;1;1;0;0
2021-07-05;"60+";0;0;0;0;0;0;0;0;0;0;0;0;4;4;4;4;4;4;4;4;4;4;4;4;1;1;1;1;1;1;1;1;1;1;1;0;4
2021-07-05;"alle";0;0;0;0;0;0;0;0;0;0;0;0;4;4;4;4;4;4;4;4;4;4;4;4;NA;NA;NA;NA;NA;NA;NA;NA;NA;NA;NA;0;4
2021-07-04;"0-60";0;0;0;0;0;0;0;0;0;0;0;0;0;0;0;0;0;0;0;0;0;0;0;0;1;1;1;1;1;1;1;1;1;1;1;0;0
2021-07-04;"60+";0;0;0;0;0;0;0;0;0;0;0;0;5;5;5;5;5;5;5;5;5;5;5;5;1;1;1;1;1;1;1;1;1;1;1;0;5
2021-07-04;"alle";0;0;0;0;0;0;0;0;0;0;0;0;5;5;5;5;5;5;5;5;5;5;5;5;NA;NA;NA;NA;NA;NA;NA;NA;NA;NA;NA;0;5
2021-07-03;"0-60";0;0;0;0;0;0;0;0;0;0;0;0;0;0;0;0;0;0;0;0;0;0;0;0;1;1;1;1;1;1;1;1;1;1;1;0;0
2021-07-03;"60+";1;1;1;1;1;1;1;1;1;1;1;1;6;6;6;6;6;6;6;6;6;6;6;6;1;1;1;1;1;1;1;1;1;1;1;1;6
2021-07-03;"alle";1;1;1;1;1;1;1;1;1;1;1;1;6;6;6;6;6;6;6;6;6;6;6;6;NA;NA;NA;NA;NA;NA;NA;NA;NA;NA;NA;1;6
2021-07-02;"0-60";0;0;0;0;0;0;0;0;0;0;0;0;2;2;2;2;2;2;2;2;2;2;2;2;1;1;1;1;1;1;1;1;1;1;1;0;2
2021-07-02;"60+";2;2;2;2;2;2;2;2;2;2;2;2;5;5;5;5;5;5;5;5;5;5;5;5;1;1;1;1;1;1;1;1;1;1;1;2;5
2021-07-02;"alle";2;2;2;2;2;2;2;2;2;2;2;2;7;7;7;7;7;7;7;7;7;7;7;7;NA;NA;NA;NA;NA;NA;NA;NA;NA;NA;NA;2;7
2021-07-01;"0-60";0;0;0;0;0;0;0;0;0;0;0;0;4;4;4;4;4;4;4;4;4;4;4;4;1;1;1;1;1;1;1;1;1;1;1;0;4
2021-07-01;"60+";0;0;0;0;0;0;0;0;0;0;0;0;4;4;4;4;4;4;4;4;4;4;4;4;1;1;1;1;1;1;1;1;1;1;1;0;4
2021-07-01;"alle";0;0;0;0;0;0;0;0;0;0;0;0;8;8;8;8;8;8;8;8;8;8;8;8;NA;NA;NA;NA;NA;NA;NA;NA;NA;NA;NA;0;8
2021-06-30;"0-60";0;0;0;0;0;0;0;0;0;0;0;0;6;6;6;6;6;6;6;6;6;6;6;6;1;1;1;1;1;1;1;1;1;1;1;0;6
2021-06-30;"60+";0;0;0;0;0;0;0;0;0;0;0;0;5;5;5;5;5;5;5;5;5;5;5;5;1;1;1;1;1;1;1;1;1;1;1;0;5
2021-06-30;"alle";0;0;0;0;0;0;0;0;0;0;0;0;11;11;11;11;11;11;11;11;11;11;11;11;NA;NA;NA;NA;NA;NA;NA;NA;NA;NA;NA;0;11
2021-06-29;"0-60";0;0;0;0;0;0;0;0;0;0;0;0;7;7;7;7;7;7;7;7;7;7;7;7;1;1;1;1;1;1;1;1;1;1;1;0;7
2021-06-29;"60+";1;1;1;1;1;1;1;1;1;1;1;1;9;9;9;9;9;9;9;9;9;9;9;9;1;1;1;1;1;1;1;1;1;1;1;1;9
2021-06-29;"alle";1;1;1;1;1;1;1;1;1;1;1;1;16;16;16;16;16;16;16;16;16;16;16;16;NA;NA;NA;NA;NA;NA;NA;NA;NA;NA;NA;1;16
2021-06-28;"0-60";0;0;0;0;0;0;0;0;0;0;0;0;11;11;11;11;11;11;11;11;11;11;11;11;1;1;1;1;1;1;1;1;1;1;1;0;11
2021-06-28;"60+";1;1;1;1;1;1;1;1;1;1;1;1;10;10;10;10;10;10;10;10;10;10;10;10;1;1;1;1;1;1;1;1;1;1;1;1;10
2021-06-28;"alle";1;1;1;1;1;1;1;1;1;1;1;1;21;21;21;21;21;21;21;21;21;21;21;21;NA;NA;NA;NA;NA;NA;NA;NA;NA;NA;NA;1;21
2021-06-27;"0-60";0;0;0;0;0;0;0;0;0;0;0;0;11;11;11;11;11;11;11;11;11;11;11;11;1;1;1;1;1;1;1;1;1;1;1;0;11
2021-06-27;"60+";1;1;1;1;1;1;1;1;1;1;1;1;9;9;9;9;9;9;9;9;9;9;9;9;1;1;1;1;1;1;1;1;1;1;1;1;9
2021-06-27;"alle";1;1;1;1;1;1;1;1;1;1;1;1;20;20;20;20;20;20;20;20;20;20;20;20;NA;NA;NA;NA;NA;NA;NA;NA;NA;NA;NA;1;20
2021-06-26;"0-60";2;2;2;2;2;2;2;2;2;2;2;2;11;11;11;11;11;11;11;11;11;11;11;11;1;1;1;1;1;1;1;1;1;1;1;2;11
2021-06-26;"60+";0;0;0;0;0;0;0;0;0;0;0;0;9;9;9;9;9;9;9;9;9;9;9;9;1;1;1;1;1;1;1;1;1;1;1;0;9
2021-06-26;"alle";2;2;2;2;2;2;2;2;2;2;2;2;20;20;20;20;20;20;20;20;20;20;20;20;NA;NA;NA;NA;NA;NA;NA;NA;NA;NA;NA;2;20
2021-06-25;"0-60";2;2;2;2;2;2;2;2;2;2;2;2;10;10;10;10;10;10;10;10;10;10;10;10;1;1;1;1;1;1;1;1;1;1;1;2;10
2021-06-25;"60+";1;1;1;1;1;1;1;1;1;1;1;1;11;11;11;11;11;11;11;11;11;11;11;11;1;1;1;1;1;1;1;1;1;1;1;1;11
2021-06-25;"alle";3;3;3;3;3;3;3;3;3;3;3;3;21;21;21;21;21;21;21;21;21;21;21;21;NA;NA;NA;NA;NA;NA;NA;NA;NA;NA;NA;3;21
2021-06-24;"0-60";2;2;2;2;2;2;2;2;2;2;2;2;9;9;9;9;9;9;9;9;9;9;9;9;1;1;1;1;1;1;1;1;1;1;1;2;9
2021-06-24;"60+";1;1;1;1;1;1;1;1;1;1;1;1;13;13;13;13;13;13;13;13;13;13;13;13;1;1;1;1;1;1;1;1;1;1;1;1;13
2021-06-24;"alle";3;3;3;3;3;3;3;3;3;3;3;3;22;22;22;22;22;22;22;22;22;22;22;22;NA;NA;NA;NA;NA;NA;NA;NA;NA;NA;NA;3;22
2021-06-23;"0-60";1;1;1;1;1;1;1;1;1;1;1;1;7;7;7;7;7;7;7;7;7;7;7;7;1;1;1;1;1;1;1;1;1;1;1;1;7
2021-06-23;"60+";4;4;4;4;4;4;4;4;4;4;4;4;14;14;14;14;14;14;14;14;14;14;14;14;1;1;1;1;1;1;1;1;1;1;1;4;14
2021-06-23;"alle";5;5;5;5;5;5;5;5;5;5;5;5;21;21;21;21;21;21;21;21;21;21;21;21;NA;NA;NA;NA;NA;NA;NA;NA;NA;NA;NA;5;21
2021-06-22;"0-60";4;4;4;4;4;4;4;4;4;4;4;4;10;10;10;10;10;10;10;10;10;10;10;10;1;1;1;1;1;1;1;1;1;1;1;4;10
2021-06-22;"60+";2;2;2;2;2;2;2;2;2;2;2;2;13;13;13;13;13;13;13;13;13;13;13;13;1;1;1;1;1;1;1;1;1;1;1;2;13
2021-06-22;"alle";6;6;6;6;6;6;6;6;6;6;6;6;23;23;23;23;23;23;23;23;23;23;23;23;NA;NA;NA;NA;NA;NA;NA;NA;NA;NA;NA;6;23
2021-06-21;"0-60";0;0;0;0;0;0;0;0;0;0;0;0;9;9;9;9;9;9;9;9;9;9;9;9;1;1;1;1;1;1;1;1;1;1;1;0;9
2021-06-21;"60+";0;0;0;0;0;0;0;0;0;0;0;0;17;17;17;17;17;17;17;17;17;17;17;17;1;1;1;1;1;1;1;1;1;1;1;0;17
2021-06-21;"alle";0;0;0;0;0;0;0;0;0;0;0;0;26;26;26;26;26;26;26;26;26;26;26;26;NA;NA;NA;NA;NA;NA;NA;NA;NA;NA;NA;0;26
2021-06-20;"0-60";0;0;0;0;0;0;0;0;0;0;0;0;10;10;10;10;10;10;10;10;10;10;10;10;1;1;1;1;1;1;1;1;1;1;1;0;10
2021-06-20;"60+";1;1;1;1;1;1;1;1;1;1;1;1;19;19;19;19;19;19;19;19;19;19;19;19;1;1;1;1;1;1;1;1;1;1;1;1;18
2021-06-20;"alle";1;1;1;1;1;1;1;1;1;1;1;1;29;29;29;29;29;29;29;29;29;29;29;29;NA;NA;NA;NA;NA;NA;NA;NA;NA;NA;NA;1;28
2021-06-19;"0-60";1;1;1;1;1;1;1;1;1;1;1;1;11;11;11;11;11;11;11;11;11;11;11;11;1;1;1;1;1;1;1;1;1;1;1;1;11
2021-06-19;"60+";2;2;2;2;2;2;2;2;2;2;2;2;18;18;18;18;18;18;18;18;18;18;18;18;1;1;1;1;1;1;1;1;1;1;1;2;17
2021-06-19;"alle";3;3;3;3;3;3;3;3;3;3;3;3;29;29;29;29;29;29;29;29;29;29;29;29;NA;NA;NA;NA;NA;NA;NA;NA;NA;NA;NA;3;28
2021-06-18;"0-60";1;1;1;1;1;1;1;1;1;1;1;1;11;11;11;11;11;11;11;11;11;11;11;11;1;1;1;1;1;1;1;1;1;1;1;1;11
2021-06-18;"60+";3;3;3;3;3;3;3;3;3;3;3;3;21;21;21;21;21;21;21;21;21;21;21;21;1;1;1;1;1;1;1;1;1;1;1;3;20
2021-06-18;"alle";4;4;4;4;4;4;4;4;4;4;4;4;32;32;32;32;32;32;32;32;32;32;32;32;NA;NA;NA;NA;NA;NA;NA;NA;NA;NA;NA;4;31
2021-06-17;"0-60";0;0;0;0;0;0;0;0;0;0;0;0;12;12;12;12;12;12;12;12;12;12;12;12;1;1;1;1;1;1;1;1;1;1;1;0;12
2021-06-17;"60+";2;2;2;2;2;2;2;2;2;2;2;2;22;22;22;22;22;22;22;22;22;22;22;22;1;1;1;1;1;1;1;1;1;1;1;2;21
2021-06-17;"alle";2;2;2;2;2;2;2;2;2;2;2;2;34;34;34;34;34;34;34;34;34;34;34;34;NA;NA;NA;NA;NA;NA;NA;NA;NA;NA;NA;2;33
2021-06-16;"0-60";4;4;4;4;4;4;4;4;4;4;4;4;14;14;14;14;14;14;14;14;14;14;14;14;1;1;1;1;1;1;1;1;1;1;1;4;14
2021-06-16;"60+";3;3;3;3;3;3;3;3;3;3;3;3;28;28;28;28;28;28;28;28;28;28;28;28;1;1;1;1;1;1;1;1;1;1;1;3;27
2021-06-16;"alle";7;7;7;7;7;7;7;7;7;7;7;7;42;42;42;42;42;42;42;42;42;42;42;42;NA;NA;NA;NA;NA;NA;NA;NA;NA;NA;NA;7;41
2021-06-15;"0-60";3;3;3;3;3;3;3;3;3;3;3;3;12;12;12;12;12;12;12;12;12;12;12;12;1;1;1;1;1;1;1;1;1;1;1;3;12
2021-06-15;"60+";6;6;6;6;6;6;6;6;6;6;6;6;30;30;30;30;30;30;30;30;30;30;30;30;1;1;1;1;1;1;1;1;1;1;1;6;29
2021-06-15;"alle";9;9;9;9;9;9;9;9;9;9;9;9;42;42;42;42;42;42;42;42;42;42;42;42;NA;NA;NA;NA;NA;NA;NA;NA;NA;NA;NA;9;41
2021-06-14;"0-60";1;1;1;1;1;1;1;1;1;1;1;1;13;13;13;13;13;13;13;13;13;13;13;13;1;1;1;1;1;1;1;1;1;1;1;1;13
2021-06-14;"60+";2;2;2;2;2;2;2;2;2;2;2;2;30;30;30;30;30;30;30;30;30;30;30;30;1;1;1;1;1;1;1;1;1;1;1;1;29
2021-06-14;"alle";3;3;3;3;3;3;3;3;3;3;3;3;43;43;43;43;43;43;43;43;43;43;43;43;NA;NA;NA;NA;NA;NA;NA;NA;NA;NA;NA;2;42
2021-06-13;"0-60";1;1;1;1;1;1;1;1;1;1;1;1;12;12;12;12;12;12;12;12;12;12;12;12;1;1;1;1;1;1;1;1;1;1;1;1;12
2021-06-13;"60+";0;0;0;0;0;0;0;0;0;0;0;0;31;31;31;31;31;31;31;31;31;31;31;31;1;1;1;1;1;1;1;1;1;1;1;0;31
2021-06-13;"alle";1;1;1;1;1;1;1;1;1;1;1;1;43;43;43;43;43;43;43;43;43;43;43;43;NA;NA;NA;NA;NA;NA;NA;NA;NA;NA;NA;1;43
2021-06-12;"0-60";1;1;1;1;1;1;1;1;1;1;1;1;12;12;12;12;12;12;12;12;12;12;12;12;1;1;1;1;1;1;1;1;1;1;1;1;12
2021-06-12;"60+";5;5;5;5;5;5;5;5;5;5;5;5;38;38;38;38;38;38;38;38;38;38;38;38;1;1;1;1;1;1;1;1;1;1;1;5;37
2021-06-12;"alle";6;6;6;6;6;6;6;6;6;6;6;6;50;50;50;50;50;50;50;50;50;50;50;50;NA;NA;NA;NA;NA;NA;NA;NA;NA;NA;NA;6;49
2021-06-11;"0-60";2;2;2;2;2;2;2;2;2;2;2;2;12;12;12;12;12;12;12;12;12;12;12;12;1;1;1;1;1;1;1;1;1;1;1;2;12
2021-06-11;"60+";4;4;4;4;4;4;4;4;4;4;4;4;37;37;37;37;37;37;37;37;37;37;37;37;1;1;1;1;1;1;1;1;1;1;1;4;36
2021-06-11;"alle";6;6;6;6;6;6;6;6;6;6;6;6;49;49;49;49;49;49;49;49;49;49;49;49;NA;NA;NA;NA;NA;NA;NA;NA;NA;NA;NA;6;48
2021-06-10;"0-60";2;2;2;2;2;2;2;2;2;2;2;2;12;12;12;12;12;12;12;12;12;12;12;12;1;1;1;1;1;1;1;1;1;1;1;2;12
2021-06-10;"60+";8;8;8;8;8;8;8;8;8;8;8;8;40;40;40;40;40;40;40;40;40;40;40;40;1;1;1;1;1;1;1;1;1;1;1;8;39
2021-06-10;"alle";10;10;10;10;10;10;10;10;10;10;10;10;52;52;52;52;52;52;52;52;52;52;52;52;NA;NA;NA;NA;NA;NA;NA;NA;NA;NA;NA;10;51
2021-06-09;"0-60";2;2;2;2;2;2;2;2;2;2;2;2;13;13;13;13;13;13;13;13;13;13;13;13;1;1;1;1;1;1;1;1;1;1;1;2;13
2021-06-09;"60+";5;5;5;5;5;5;5;5;5;5;5;5;43;43;43;43;43;43;43;43;43;43;43;43;1;1;1;1;1;1;1;1;1;1;1;5;42
2021-06-09;"alle";7;7;7;7;7;7;7;7;7;7;7;7;56;56;56;56;56;56;56;56;56;56;56;56;NA;NA;NA;NA;NA;NA;NA;NA;NA;NA;NA;7;55
2021-06-08;"0-60";4;4;4;4;4;4;4;4;4;4;4;4;18;18;18;18;18;18;18;18;18;18;18;18;1;1;1;1;1;1;1;1;1;1;1;4;18
2021-06-08;"60+";6;6;6;6;6;6;6;6;6;6;6;6;48;48;48;48;48;48;48;48;48;48;48;48;1;1;1;1;1;1;1;1;1;1;1;6;47
2021-06-08;"alle";10;10;10;10;10;10;10;10;10;10;10;10;66;66;66;66;66;66;66;66;66;66;66;66;NA;NA;NA;NA;NA;NA;NA;NA;NA;NA;NA;10;65
2021-06-07;"0-60";0;0;0;0;0;0;0;0;0;0;0;0;22;22;22;22;22;22;22;22;22;22;22;22;1;1;1;1;1;1;1;1;1;1;1;0;22
2021-06-07;"60+";3;3;3;3;3;3;3;3;3;3;3;3;61;61;61;61;61;61;61;61;61;61;61;61;1;1;1;1;1;1;1;1;1;1;1;3;57
2021-06-07;"alle";3;3;3;3;3;3;3;3;3;3;3;3;83;83;83;83;83;83;83;83;83;83;83;83;NA;NA;NA;NA;NA;NA;NA;NA;NA;NA;NA;3;79
2021-06-06;"0-60";1;1;1;1;1;1;1;1;1;1;1;1;22;22;22;22;22;22;22;22;22;22;22;22;1;1;1;1;1;1;1;1;1;1;1;1;22
2021-06-06;"60+";7;7;7;7;7;7;7;7;7;7;7;7;61;61;61;61;61;61;61;61;61;61;61;61;1;1;1;1;1;1;1;1;1;1;1;6;57
2021-06-06;"alle";8;8;8;8;8;8;8;8;8;8;8;8;83;83;83;83;83;83;83;83;83;83;83;83;NA;NA;NA;NA;NA;NA;NA;NA;NA;NA;NA;7;79
2021-06-05;"0-60";1;1;1;1;1;1;1;1;1;1;1;1;22;22;22;22;22;22;22;22;22;22;22;22;1;1;1;1;1;1;1;1;1;1;1;1;22
2021-06-05;"60+";4;4;4;4;4;4;4;4;4;4;4;4;64;64;64;64;64;64;64;64;64;64;64;64;1;1;1;1;1;1;1;1;1;1;1;4;61
2021-06-05;"alle";5;5;5;5;5;5;5;5;5;5;5;5;86;86;86;86;86;86;86;86;86;86;86;86;NA;NA;NA;NA;NA;NA;NA;NA;NA;NA;NA;5;83
2021-06-04;"0-60";2;2;2;2;2;2;2;2;2;2;2;2;24;24;24;24;24;24;24;24;24;24;24;24;1;1;1;1;1;1;1;1;1;1;1;2;24
2021-06-04;"60+";7;7;7;7;7;7;7;7;7;7;7;7;72;72;72;72;72;72;72;72;72;72;72;72;1;1;1;1;1;1;1;1;1;1;1;7;68
2021-06-04;"alle";9;9;9;9;9;9;9;9;9;9;9;9;96;96;96;96;96;96;96;96;96;96;96;96;NA;NA;NA;NA;NA;NA;NA;NA;NA;NA;NA;9;92
2021-06-03;"0-60";3;3;3;3;3;3;3;3;3;3;3;3;27;27;27;27;27;27;27;27;27;27;27;27;1;1;1;1;1;1;1;1;1;1;1;3;27
2021-06-03;"60+";11;11;11;11;11;11;11;11;11;11;11;11;79;79;79;79;79;79;79;79;79;79;79;79;1;1;1;1;1;1;1;1;1;1;1;11;75
2021-06-03;"alle";14;14;14;14;14;14;14;14;14;14;14;14;106;106;106;106;106;106;106;106;106;106;106;106;NA;NA;NA;NA;NA;NA;NA;NA;NA;NA;NA;14;102
2021-06-02;"0-60";7;7;7;7;7;7;7;7;7;7;7;7;31;31;31;31;31;31;31;31;31;31;31;31;1;1;1;1;1;1;1;1;1;1;1;7;30
2021-06-02;"60+";10;10;10;10;10;10;10;10;10;10;10;10;92;92;92;92;92;92;92;92;92;92;92;92;1;1;1;1;1;1;1;1;1;1;1;10;88
2021-06-02;"alle";17;17;17;17;17;17;17;17;17;17;17;17;123;123;123;123;123;123;123;123;123;123;123;123;NA;NA;NA;NA;NA;NA;NA;NA;NA;NA;NA;17;118
2021-06-01;"0-60";8;8;8;8;8;8;8;8;8;8;8;8;41;41;41;41;41;41;41;41;41;41;41;41;1;1;1;1;1;1;1;1;1;1;1;8;40
2021-06-01;"60+";19;19;19;19;19;19;19;19;19;19;19;19;113;113;113;113;113;113;113;113;113;113;113;113;1;1;1;1;1;1;1;1;1;1;1;16;106
2021-06-01;"alle";27;27;27;27;27;27;27;27;27;27;27;27;154;154;154;154;154;154;154;154;154;154;154;154;NA;NA;NA;NA;NA;NA;NA;NA;NA;NA;NA;24;146
2021-05-31;"0-60";0;0;0;0;0;0;0;0;0;0;0;0;34;34;34;34;34;34;34;34;34;34;34;34;1;1;1;1;1;1;1;1;1;1;1;0;33
2021-05-31;"60+";3;3;3;3;3;3;3;3;3;3;3;3;103;103;103;103;103;103;103;103;103;103;103;103;1;1;1;1;1;1;1;1;1;1;1;3;99
2021-05-31;"alle";3;3;3;3;3;3;3;3;3;3;3;3;137;137;137;137;137;137;137;137;137;137;137;137;NA;NA;NA;NA;NA;NA;NA;NA;NA;NA;NA;3;132
2021-05-30;"0-60";1;1;1;1;1;1;1;1;1;1;1;1;36;36;36;36;36;36;36;36;36;36;36;36;1;1;1;1;1;1;1;1;1;1;1;1;35
2021-05-30;"60+";10;10;10;10;10;10;10;10;10;10;10;10;110;110;110;110;110;110;110;110;110;110;110;110;1;1;1;1;1;1;1;1;1;1;1;10;105
2021-05-30;"alle";11;11;11;11;11;11;11;11;11;11;11;11;146;146;146;146;146;146;146;146;146;146;146;146;NA;NA;NA;NA;NA;NA;NA;NA;NA;NA;NA;11;141
2021-05-29;"0-60";3;3;3;3;3;3;3;3;3;3;3;3;45;45;45;45;45;45;45;45;45;45;45;45;1;1;1;1;1;1;1;1;1;1;1;3;43
2021-05-29;"60+";12;12;12;12;12;12;12;12;12;12;12;12;107;107;107;107;107;107;107;107;107;107;107;107;1;1;1;1;1;1;1;1;1;1;1;11;102
2021-05-29;"alle";15;15;15;15;15;15;15;15;15;15;15;15;152;152;152;152;152;152;152;152;152;152;152;152;NA;NA;NA;NA;NA;NA;NA;NA;NA;NA;NA;14;146
2021-05-28;"0-60";5;5;5;5;5;5;5;5;5;5;5;5;49;49;49;49;49;49;49;49;49;49;49;49;1;1;1;1;1;1;1;1;1;1;1;5;47
2021-05-28;"60+";14;14;14;14;14;14;14;14;14;14;14;14;129;129;129;129;129;129;129;129;129;129;129;129;1;1;1;1;1;1;1;1;1;1;1;14;124
2021-05-28;"alle";19;19;19;19;19;19;19;19;19;19;19;19;178;178;178;178;178;178;178;178;178;178;178;178;NA;NA;NA;NA;NA;NA;NA;NA;NA;NA;NA;19;172
2021-05-27;"0-60";7;7;7;7;7;7;7;7;7;7;7;7;54;54;54;54;54;54;54;54;54;54;54;54;1;1;1;1;1;1;1;1;1;1;1;6;52
2021-05-27;"60+";24;24;24;24;24;24;24;24;24;24;24;24;133;133;133;133;133;133;133;133;133;133;133;133;1;1;1;1;1;1;1;1;1;1;1;24;128
2021-05-27;"alle";31;31;31;31;31;31;31;31;31;31;31;31;187;187;187;187;187;187;187;187;187;187;187;187;NA;NA;NA;NA;NA;NA;NA;NA;NA;NA;NA;30;181
2021-05-26;"0-60";17;17;17;17;17;17;17;17;17;17;17;17;56;56;56;56;56;56;56;56;56;56;56;56;1;1;1;1;1;1;1;1;1;1;1;17;55
2021-05-26;"60+";31;31;31;31;31;31;31;31;31;31;31;31;148;148;148;148;148;148;148;148;148;148;148;148;1;1;1;1;1;1;1;1;1;1;1;28;141
2021-05-26;"alle";48;48;48;48;48;48;48;48;48;48;48;48;204;204;204;204;204;204;204;204;204;204;204;204;NA;NA;NA;NA;NA;NA;NA;NA;NA;NA;NA;45;197
2021-05-25;"0-60";1;1;1;1;1;1;1;1;1;1;1;1;55;55;55;55;55;55;55;55;55;55;55;55;1;1;1;1;1;1;1;1;1;1;1;1;53
2021-05-25;"60+";9;9;9;9;9;9;9;9;9;9;9;9;150;150;150;150;150;150;150;150;150;150;150;150;1;1;1;1;1;1;1;1;1;1;1;9;142
2021-05-25;"alle";10;10;10;10;10;10;10;10;10;10;10;10;205;205;205;205;205;205;205;205;205;205;205;205;NA;NA;NA;NA;NA;NA;NA;NA;NA;NA;NA;10;196
2021-05-24;"0-60";2;2;2;2;2;2;2;2;2;2;2;2;67;67;67;67;67;67;67;67;67;67;67;67;1;1;1;1;1;1;1;1;1;1;1;2;65
2021-05-24;"60+";10;10;10;10;10;10;10;10;10;10;10;10;182;182;182;182;182;182;182;182;182;182;182;182;1;1;1;1;1;1;1;1;1;1;1;9;172
2021-05-24;"alle";12;12;12;12;12;12;12;12;12;12;12;12;249;249;249;249;249;249;249;249;249;249;249;249;NA;NA;NA;NA;NA;NA;NA;NA;NA;NA;NA;12;238
2021-05-23;"0-60";10;10;10;10;10;10;10;10;10;10;10;10;73;73;73;73;73;73;73;73;73;73;73;73;1;1;1;1;1;1;1;1;1;1;1;9;71
2021-05-23;"60+";7;7;7;7;7;7;7;7;7;7;7;7;189;189;189;189;189;189;189;189;189;189;189;189;1;1;1;1;1;1;1;1;1;1;1;7;178
2021-05-23;"alle";17;17;17;17;17;17;17;17;17;17;17;17;262;262;262;262;262;262;262;262;262;262;262;262;NA;NA;NA;NA;NA;NA;NA;NA;NA;NA;NA;16;249
2021-05-22;"0-60";7;7;7;7;7;7;7;7;7;7;7;7;74;74;74;74;74;74;74;74;74;74;74;74;1;1;1;1;1;1;1;1;1;1;1;7;73
2021-05-22;"60+";34;34;34;34;34;34;34;34;34;34;34;34;204;204;204;204;204;204;204;204;204;204;204;204;1;1;1;1;1;1;1;1;1;1;1;33;190
2021-05-22;"alle";41;41;41;41;41;41;41;41;41;41;41;41;278;278;278;278;278;278;278;278;278;278;278;278;NA;NA;NA;NA;NA;NA;NA;NA;NA;NA;NA;40;263
2021-05-21;"0-60";10;10;10;10;10;10;10;10;10;10;10;10;79;79;79;79;79;79;79;79;79;79;79;79;1;1;1;1;1;1;1;1;1;1;1;10;77
2021-05-21;"60+";18;18;18;18;18;18;18;18;18;18;18;18;200;200;200;200;200;200;200;200;200;200;200;200;1;1;1;1;1;1;1;1;1;1;1;18;185
2021-05-21;"alle";28;28;28;28;28;28;28;28;28;28;28;28;279;279;279;279;279;279;279;279;279;279;279;279;NA;NA;NA;NA;NA;NA;NA;NA;NA;NA;NA;28;262
2021-05-20;"0-60";9;9;9;9;9;9;9;9;9;9;9;9;80;80;80;80;80;80;80;80;80;80;80;80;1;1;1;1;1;1;1;1;1;1;1;9;77
2021-05-20;"60+";39;39;39;39;39;39;39;39;39;39;39;39;213;213;213;213;213;213;213;213;213;213;213;213;1;1;1;1;1;1;1;1;1;1;1;37;197
2021-05-20;"alle";48;48;48;48;48;48;48;48;48;48;48;48;293;293;293;293;293;293;293;293;293;293;293;293;NA;NA;NA;NA;NA;NA;NA;NA;NA;NA;NA;46;274
2021-05-19;"0-60";16;16;16;16;16;16;16;16;16;16;16;16;90;90;90;90;90;90;90;90;90;90;90;90;1;1;1;1;1;1;1;1;1;1;1;15;87
2021-05-19;"60+";33;33;33;33;33;33;33;33;33;33;33;33;231;231;231;231;231;231;231;231;231;231;231;231;1;1;1;1;1;1;1;1;1;1;1;29;216
2021-05-19;"alle";49;49;49;49;49;49;49;49;49;49;49;49;321;321;321;321;321;321;321;321;321;321;321;321;NA;NA;NA;NA;NA;NA;NA;NA;NA;NA;NA;44;303
2021-05-18;"0-60";13;13;13;13;13;13;13;13;13;13;13;13;91;91;91;91;91;91;91;91;91;91;91;91;1;1;1;1;1;1;1;1;1;1;1;13;88
2021-05-18;"60+";41;41;41;41;41;41;41;41;41;41;41;41;239;239;239;239;239;239;239;239;239;239;239;239;1;1;1;1;1;1;1;1;1;1;1;39;222
2021-05-18;"alle";54;54;54;54;54;54;54;54;54;54;54;54;330;330;330;330;330;330;330;330;330;330;330;330;NA;NA;NA;NA;NA;NA;NA;NA;NA;NA;NA;52;310
2021-05-17;"0-60";8;8;8;8;8;8;8;8;8;8;8;8;98;98;98;98;98;98;98;98;98;98;98;98;1;1;1;1;1;1;1;1;1;1;1;8;93
2021-05-17;"60+";17;17;17;17;17;17;17;17;17;17;17;17;239;239;239;239;239;239;239;239;239;239;239;239;1;1;1;1;1;1;1;1;1;1;1;15;221
2021-05-17;"alle";25;25;25;25;25;25;25;25;25;25;25;25;337;337;337;337;337;337;337;337;337;337;337;337;NA;NA;NA;NA;NA;NA;NA;NA;NA;NA;NA;23;314
2021-05-16;"0-60";11;11;11;11;11;11;11;11;11;11;11;11;96;96;96;96;96;96;96;96;96;96;96;96;1;1;1;1;1;1;1;1;1;1;1;11;91
2021-05-16;"60+";22;22;22;22;22;22;22;22;22;22;22;22;243;243;243;243;243;243;243;243;243;243;243;243;1;1;1;1;1;1;1;1;1;1;1;19;222
2021-05-16;"alle";33;33;33;33;33;33;33;33;33;33;33;33;339;339;339;339;339;339;339;339;339;339;339;339;NA;NA;NA;NA;NA;NA;NA;NA;NA;NA;NA;30;313
2021-05-15;"0-60";12;12;12;12;12;12;12;12;12;12;12;12;97;97;97;97;97;97;97;97;97;97;97;97;1;1;1;1;1;1;1;1;1;1;1;11;90
2021-05-15;"60+";30;30;30;30;30;30;30;30;30;30;30;30;253;253;253;253;253;253;253;253;253;253;253;253;1;1;1;1;1;1;1;1;1;1;1;28;234
2021-05-15;"alle";42;42;42;42;42;42;42;42;42;42;42;42;350;350;350;350;350;350;350;350;350;350;350;350;NA;NA;NA;NA;NA;NA;NA;NA;NA;NA;NA;39;324
2021-05-14;"0-60";11;11;11;11;11;11;11;11;11;11;11;11;102;102;102;102;102;102;102;102;102;102;102;102;1;1;1;1;1;1;1;1;1;1;1;10;93
2021-05-14;"60+";31;31;31;31;31;31;31;31;31;31;31;31;268;268;268;268;268;268;268;268;268;268;268;268;1;1;1;1;1;1;1;1;1;1;1;30;247
2021-05-14;"alle";42;42;42;42;42;42;42;42;42;42;42;42;370;370;370;370;370;370;370;370;370;370;370;370;NA;NA;NA;NA;NA;NA;NA;NA;NA;NA;NA;40;340
2021-05-13;"0-60";19;19;19;19;19;19;19;19;19;19;19;19;106;106;106;106;106;106;106;106;106;106;106;106;1;1;1;1;1;1;1;1;1;1;1;19;97
2021-05-13;"60+";57;57;57;57;57;57;57;57;57;57;57;57;278;278;278;278;278;278;278;278;278;278;278;278;1;1;1;1;1;1;1;1;1;1;1;56;254
2021-05-13;"alle";76;76;76;76;76;76;76;76;76;76;76;76;384;384;384;384;384;384;384;384;384;384;384;384;NA;NA;NA;NA;NA;NA;NA;NA;NA;NA;NA;75;351
2021-05-12;"0-60";17;17;17;17;17;17;17;17;17;17;17;17;124;124;124;124;124;124;124;124;124;124;124;124;1;1;1;1;1;1;1;1;1;1;1;16;108
2021-05-12;"60+";41;41;41;41;41;41;41;41;41;41;41;41;271;271;271;271;271;271;271;271;271;271;271;271;1;1;1;1;1;1;1;1;1;1;1;35;245
2021-05-12;"alle";58;58;58;58;58;58;58;58;58;58;58;58;395;395;395;395;395;395;395;395;395;395;395;395;NA;NA;NA;NA;NA;NA;NA;NA;NA;NA;NA;51;353
2021-05-11;"0-60";20;20;20;20;20;20;20;20;20;20;20;20;137;137;137;137;137;137;137;137;137;137;137;137;1;1;1;1;1;1;1;1;1;1;1;18;119
2021-05-11;"60+";41;41;41;41;41;41;41;41;41;41;41;41;280;280;280;280;280;280;280;280;280;280;280;280;1;1;1;1;1;1;1;1;1;1;1;38;255
2021-05-11;"alle";61;61;61;61;61;61;61;61;61;61;61;61;417;417;417;417;417;417;417;417;417;417;417;417;NA;NA;NA;NA;NA;NA;NA;NA;NA;NA;NA;56;374
2021-05-10;"0-60";6;6;6;6;6;6;6;6;6;6;6;6;146;146;146;146;146;146;146;146;146;146;146;146;1;1;1;1;1;1;1;1;1;1;1;6;128
2021-05-10;"60+";21;21;21;21;21;21;21;21;21;21;21;21;299;299;299;299;299;299;299;299;299;299;299;299;1;1;1;1;1;1;1;1;1;1;1;16;272
2021-05-10;"alle";27;27;27;27;27;27;27;27;27;27;27;27;445;445;445;445;445;445;445;445;445;445;445;445;NA;NA;NA;NA;NA;NA;NA;NA;NA;NA;NA;22;400
2021-05-09;"0-60";12;12;12;12;12;12;12;12;12;12;12;12;150;150;150;150;150;150;150;150;150;150;150;150;1;1;1;1;1;1;1;1;1;1;1;10;132
2021-05-09;"60+";32;32;32;32;32;32;32;32;32;32;32;32;304;304;304;304;304;304;304;304;304;304;304;304;1;1;1;1;1;1;1;1;1;1;1;31;282
2021-05-09;"alle";44;44;44;44;44;44;44;44;44;44;44;44;454;454;454;454;454;454;454;454;454;454;454;454;NA;NA;NA;NA;NA;NA;NA;NA;NA;NA;NA;41;414
2021-05-08;"0-60";17;17;17;17;17;17;17;17;17;17;17;17;153;153;153;153;153;153;153;153;153;153;153;153;1;1;1;1;1;1;1;1;1;1;1;14;136
2021-05-08;"60+";45;45;45;45;45;45;45;45;45;45;45;45;313;313;313;313;313;313;313;313;313;313;313;313;1;1;1;1;1;1;1;1;1;1;1;41;289
2021-05-08;"alle";62;62;62;62;62;62;62;62;62;62;62;62;466;466;466;466;466;466;466;466;466;466;466;466;NA;NA;NA;NA;NA;NA;NA;NA;NA;NA;NA;55;425
2021-05-07;"0-60";15;15;15;15;15;15;15;15;15;15;15;15;155;155;155;155;155;155;155;155;155;155;155;155;1;1;1;1;1;1;1;1;1;1;1;14;139
2021-05-07;"60+";41;41;41;41;41;41;41;41;41;41;41;41;317;317;317;317;317;317;317;317;317;317;317;317;1;1;1;1;1;1;1;1;1;1;1;37;292
2021-05-07;"alle";56;56;56;56;56;56;56;56;56;56;56;56;472;472;472;472;472;472;472;472;472;472;472;472;NA;NA;NA;NA;NA;NA;NA;NA;NA;NA;NA;51;431
2021-05-06;"0-60";37;37;37;37;37;37;37;37;37;37;37;37;158;158;158;158;158;158;158;158;158;158;158;158;1;1;1;1;1;1;1;1;1;1;1;30;142
2021-05-06;"60+";50;50;50;50;50;50;50;50;50;50;50;50;327;327;327;327;327;327;327;327;327;327;327;327;1;1;1;1;1;1;1;1;1;1;1;47;303
2021-05-06;"alle";87;87;87;87;87;87;87;87;87;87;87;87;485;485;485;485;485;485;485;485;485;485;485;485;NA;NA;NA;NA;NA;NA;NA;NA;NA;NA;NA;77;445
2021-05-05;"0-60";30;30;30;30;30;30;30;30;30;30;30;30;140;140;140;140;140;140;140;140;140;140;140;140;1;1;1;1;1;1;1;1;1;1;1;27;127
2021-05-05;"60+";50;50;50;50;50;50;50;50;50;50;50;50;327;327;327;327;327;327;327;327;327;327;327;327;1;1;1;1;1;1;1;1;1;1;1;45;300
2021-05-05;"alle";80;80;80;80;80;80;80;80;80;80;80;80;467;467;467;467;467;467;467;467;467;467;467;467;NA;NA;NA;NA;NA;NA;NA;NA;NA;NA;NA;72;427
2021-05-04;"0-60";29;29;29;29;29;29;29;29;29;29;29;29;135;135;135;135;135;135;135;135;135;135;135;135;1;1;1;1;1;1;1;1;1;1;1;27;123
2021-05-04;"60+";60;60;60;60;60;60;60;60;60;60;60;60;343;343;343;343;343;343;343;343;343;343;343;343;1;1;1;1;1;1;1;1;1;1;1;55;310
2021-05-04;"alle";89;89;89;89;89;89;89;89;89;89;89;89;478;478;478;478;478;478;478;478;478;478;478;478;NA;NA;NA;NA;NA;NA;NA;NA;NA;NA;NA;82;433
2021-05-03;"0-60";10;10;10;10;10;10;10;10;10;10;10;10;125;125;125;125;125;125;125;125;125;125;125;125;1;1;1;1;1;1;1;1;1;1;1;10;111
2021-05-03;"60+";26;26;26;26;26;26;26;26;26;26;26;26;343;343;343;343;343;343;343;343;343;343;343;343;1;1;1;1;1;1;1;1;1;1;1;26;307
2021-05-03;"alle";36;36;36;36;36;36;36;36;36;36;36;36;468;468;468;468;468;468;468;468;468;468;468;468;NA;NA;NA;NA;NA;NA;NA;NA;NA;NA;NA;36;418
2021-05-02;"0-60";15;15;15;15;15;15;15;15;15;15;15;15;130;130;130;130;130;130;130;130;130;130;130;130;1;1;1;1;1;1;1;1;1;1;1;14;116
2021-05-02;"60+";41;41;41;41;41;41;41;41;41;41;41;41;342;342;342;342;342;342;342;342;342;342;342;342;1;1;1;1;1;1;1;1;1;1;1;38;305
2021-05-02;"alle";56;56;56;56;56;56;56;56;56;56;56;56;472;472;472;472;472;472;472;472;472;472;472;472;NA;NA;NA;NA;NA;NA;NA;NA;NA;NA;NA;52;421
2021-05-01;"0-60";19;19;19;19;19;19;19;19;19;19;19;19;132;132;132;132;132;132;132;132;132;132;132;132;1;1;1;1;1;1;1;1;1;1;1;17;118
2021-05-01;"60+";49;49;49;49;49;49;49;49;49;49;49;49;339;339;339;339;339;339;339;339;339;339;339;339;1;1;1;1;1;1;1;1;1;1;1;44;302
2021-05-01;"alle";68;68;68;68;68;68;68;68;68;68;68;68;471;471;471;471;471;471;471;471;471;471;471;471;NA;NA;NA;NA;NA;NA;NA;NA;NA;NA;NA;61;420
2021-04-30;"0-60";18;18;18;18;18;18;18;18;18;18;18;18;133;133;133;133;133;133;133;133;133;133;133;133;1;1;1;1;1;1;1;1;1;1;1;17;119
2021-04-30;"60+";51;51;51;51;51;51;51;51;51;51;51;51;355;355;355;355;355;355;355;355;355;355;355;355;1;1;1;1;1;1;1;1;1;1;1;48;317
2021-04-30;"alle";69;69;69;69;69;69;69;69;69;69;69;69;488;488;488;488;488;488;488;488;488;488;488;488;NA;NA;NA;NA;NA;NA;NA;NA;NA;NA;NA;65;436
2021-04-29;"0-60";19;19;19;19;19;19;19;19;19;19;19;19;137;137;137;137;137;137;137;137;137;137;137;137;1;1;1;1;1;1;1;1;1;1;1;15;120
2021-04-29;"60+";50;50;50;50;50;50;50;50;50;50;50;50;362;362;362;362;362;362;362;362;362;362;362;362;1;1;1;1;1;1;1;1;1;1;1;44;322
2021-04-29;"alle";69;69;69;69;69;69;69;69;69;69;69;69;499;499;499;499;499;499;499;499;499;499;499;499;NA;NA;NA;NA;NA;NA;NA;NA;NA;NA;NA;59;442
2021-04-28;"0-60";25;25;25;25;25;25;25;25;25;25;25;25;139;139;139;139;139;139;139;139;139;139;139;139;1;1;1;1;1;1;1;1;1;1;1;23;125
2021-04-28;"60+";66;66;66;66;66;66;66;66;66;66;66;66;372;372;372;372;372;372;372;372;372;372;372;372;1;1;1;1;1;1;1;1;1;1;1;55;334
2021-04-28;"alle";91;91;91;91;91;91;91;91;91;91;91;91;511;511;511;511;511;511;511;511;511;511;511;511;NA;NA;NA;NA;NA;NA;NA;NA;NA;NA;NA;78;459
2021-04-27;"0-60";19;19;19;19;19;19;19;19;19;19;19;19;152;152;152;152;152;152;152;152;152;152;152;152;1;1;1;1;1;1;1;1;1;1;1;15;138
2021-04-27;"60+";60;60;60;60;60;60;60;60;60;60;60;60;384;384;384;384;384;384;384;384;384;384;384;384;1;1;1;1;1;1;1;1;1;1;1;52;353
2021-04-27;"alle";79;79;79;79;79;79;79;79;79;79;79;79;536;536;536;536;536;536;536;536;536;536;536;536;NA;NA;NA;NA;NA;NA;NA;NA;NA;NA;NA;67;491
2021-04-26;"0-60";15;15;15;15;15;15;15;15;15;15;15;15;156;156;156;156;156;156;156;156;156;156;156;156;1;1;1;1;1;1;1;1;1;1;1;15;141
2021-04-26;"60+";25;25;25;25;25;25;25;25;25;25;25;25;400;400;400;400;400;400;400;400;400;400;400;400;1;1;1;1;1;1;1;1;1;1;1;24;371
2021-04-26;"alle";40;40;40;40;40;40;40;40;40;40;40;40;556;556;556;556;556;556;556;556;556;556;556;556;NA;NA;NA;NA;NA;NA;NA;NA;NA;NA;NA;39;512
2021-04-25;"0-60";17;17;17;17;17;17;17;17;17;17;17;17;145;145;145;145;145;145;145;145;145;145;145;145;1;1;1;1;1;1;1;1;1;1;1;16;130
2021-04-25;"60+";38;38;38;38;38;38;38;38;38;38;38;38;410;410;410;410;410;410;410;410;410;410;410;410;1;1;1;1;1;1;1;1;1;1;1;35;380
2021-04-25;"alle";55;55;55;55;55;55;55;55;55;55;55;55;555;555;555;555;555;555;555;555;555;555;555;555;NA;NA;NA;NA;NA;NA;NA;NA;NA;NA;NA;51;510
2021-04-24;"0-60";20;20;20;20;20;20;20;20;20;20;20;20;146;146;146;146;146;146;146;146;146;146;146;146;1;1;1;1;1;1;1;1;1;1;1;18;129
2021-04-24;"60+";65;65;65;65;65;65;65;65;65;65;65;65;408;408;408;408;408;408;408;408;408;408;408;408;1;1;1;1;1;1;1;1;1;1;1;59;378
2021-04-24;"alle";85;85;85;85;85;85;85;85;85;85;85;85;554;554;554;554;554;554;554;554;554;554;554;554;NA;NA;NA;NA;NA;NA;NA;NA;NA;NA;NA;77;507
2021-04-23;"0-60";22;22;22;22;22;22;22;22;22;22;22;22;149;149;149;149;149;149;149;149;149;149;149;149;1;1;1;1;1;1;1;1;1;1;1;18;132
2021-04-23;"60+";58;58;58;58;58;58;58;58;58;58;58;58;396;396;396;396;396;396;396;396;396;396;396;396;1;1;1;1;1;1;1;1;1;1;1;53;367
2021-04-23;"alle";80;80;80;80;80;80;80;80;80;80;80;80;545;545;545;545;545;545;545;545;545;545;545;545;NA;NA;NA;NA;NA;NA;NA;NA;NA;NA;NA;71;499
2021-04-22;"0-60";21;21;21;21;21;21;21;21;21;21;21;21;151;151;151;151;151;151;151;151;151;151;151;151;1;1;1;1;1;1;1;1;1;1;1;20;135
2021-04-22;"60+";60;60;60;60;60;60;60;60;60;60;60;60;395;395;395;395;395;395;395;395;395;395;395;395;1;1;1;1;1;1;1;1;1;1;1;56;369
2021-04-22;"alle";81;81;81;81;81;81;81;81;81;81;81;81;546;546;546;546;546;546;546;546;546;546;546;546;NA;NA;NA;NA;NA;NA;NA;NA;NA;NA;NA;76;504
2021-04-21;"0-60";38;38;38;38;38;38;38;38;38;38;38;38;159;159;159;159;159;159;159;159;159;159;159;159;1;1;1;1;1;1;1;1;1;1;1;36;141
2021-04-21;"60+";78;78;78;78;78;78;78;78;78;78;78;78;425;425;425;425;425;425;425;425;425;425;425;425;1;1;1;1;1;1;1;1;1;1;1;74;393
2021-04-21;"alle";116;116;116;116;116;116;116;116;116;116;116;116;584;584;584;584;584;584;584;584;584;584;584;584;NA;NA;NA;NA;NA;NA;NA;NA;NA;NA;NA;110;534
2021-04-20;"0-60";23;23;23;23;23;23;23;23;23;23;23;23;158;158;158;158;158;158;158;158;158;158;158;158;1;1;1;1;1;1;1;1;1;1;1;18;137
2021-04-20;"60+";76;76;76;76;76;76;76;76;76;76;76;76;423;423;423;423;423;423;423;423;423;423;423;423;1;1;1;1;1;1;1;1;1;1;1;70;389
2021-04-20;"alle";99;99;99;99;99;99;99;99;99;99;99;99;581;581;581;581;581;581;581;581;581;581;581;581;NA;NA;NA;NA;NA;NA;NA;NA;NA;NA;NA;88;526
2021-04-19;"0-60";4;4;4;4;4;4;4;4;4;4;4;4;163;163;163;163;163;163;163;163;163;163;163;163;1;1;1;1;1;1;1;1;1;1;1;4;143
2021-04-19;"60+";35;35;35;35;35;35;35;35;35;35;35;35;415;415;415;415;415;415;415;415;415;415;415;415;1;1;1;1;1;1;1;1;1;1;1;33;380
2021-04-19;"alle";39;39;39;39;39;39;39;39;39;39;39;39;578;578;578;578;578;578;578;578;578;578;578;578;NA;NA;NA;NA;NA;NA;NA;NA;NA;NA;NA;37;523
2021-04-18;"0-60";18;18;18;18;18;18;18;18;18;18;18;18;172;172;172;172;172;172;172;172;172;172;172;172;1;1;1;1;1;1;1;1;1;1;1;15;152
2021-04-18;"60+";36;36;36;36;36;36;36;36;36;36;36;36;422;422;422;422;422;422;422;422;422;422;422;422;1;1;1;1;1;1;1;1;1;1;1;33;388
2021-04-18;"alle";54;54;54;54;54;54;54;54;54;54;54;54;594;594;594;594;594;594;594;594;594;594;594;594;NA;NA;NA;NA;NA;NA;NA;NA;NA;NA;NA;48;541
2021-04-17;"0-60";23;23;23;23;23;23;23;23;23;23;23;23;166;166;166;166;166;166;166;166;166;166;166;166;1;1;1;1;1;1;1;1;1;1;1;21;149
2021-04-17;"60+";53;53;53;53;53;53;53;53;53;53;53;53;427;427;427;427;427;427;427;427;427;427;427;427;1;1;1;1;1;1;1;1;1;1;1;48;394
2021-04-17;"alle";76;76;76;76;76;76;76;76;76;76;76;76;593;593;593;593;593;593;593;593;593;593;593;593;NA;NA;NA;NA;NA;NA;NA;NA;NA;NA;NA;69;544
2021-04-16;"0-60";24;24;24;24;24;24;24;24;24;24;24;24;172;172;172;172;172;172;172;172;172;172;172;172;1;1;1;1;1;1;1;1;1;1;1;21;155
2021-04-16;"60+";57;57;57;57;57;57;57;57;57;57;57;57;441;441;441;441;441;441;441;441;441;441;441;441;1;1;1;1;1;1;1;1;1;1;1;55;408
2021-04-16;"alle";81;81;81;81;81;81;81;81;81;81;81;81;613;613;613;613;613;613;613;613;613;613;613;613;NA;NA;NA;NA;NA;NA;NA;NA;NA;NA;NA;76;564
2021-04-15;"0-60";29;29;29;29;29;29;29;29;29;29;29;29;180;180;180;180;180;180;180;180;180;180;180;180;1;1;1;1;1;1;1;1;1;1;1;26;165
2021-04-15;"60+";90;90;90;90;90;90;90;90;90;90;90;90;467;467;467;467;467;467;467;467;467;467;467;467;1;1;1;1;1;1;1;1;1;1;1;80;427
2021-04-15;"alle";119;119;119;119;119;119;119;119;119;119;119;119;647;647;647;647;647;647;647;647;647;647;647;647;NA;NA;NA;NA;NA;NA;NA;NA;NA;NA;NA;106;593
2021-04-14;"0-60";37;37;37;37;37;37;37;37;37;37;37;37;196;196;196;196;196;196;196;196;196;196;196;196;1;1;1;1;1;1;1;1;1;1;1;32;177
2021-04-14;"60+";76;76;76;76;76;76;76;76;76;76;76;76;462;462;462;462;462;462;462;462;462;462;462;462;1;1;1;1;1;1;1;1;1;1;1;70;424
2021-04-14;"alle";113;113;113;113;113;113;113;113;113;113;113;113;658;658;658;658;658;658;658;658;658;658;658;658;NA;NA;NA;NA;NA;NA;NA;NA;NA;NA;NA;102;602
2021-04-13;"0-60";28;28;28;28;28;28;28;28;28;28;28;28;178;178;178;178;178;178;178;178;178;178;178;178;1;1;1;1;1;1;1;1;1;1;1;24;161
2021-04-13;"60+";68;68;68;68;68;68;68;68;68;68;68;68;455;455;455;455;455;455;455;455;455;455;455;455;1;1;1;1;1;1;1;1;1;1;1;61;417
2021-04-13;"alle";96;96;96;96;96;96;96;96;96;96;96;96;633;633;633;633;633;633;633;633;633;633;633;633;NA;NA;NA;NA;NA;NA;NA;NA;NA;NA;NA;85;580
2021-04-12;"0-60";13;13;13;13;13;13;13;13;13;13;13;13;167;167;167;167;167;167;167;167;167;167;167;167;1;1;1;1;1;1;1;1;1;1;1;13;153
2021-04-12;"60+";42;42;42;42;42;42;42;42;42;42;42;42;435;435;435;435;435;435;435;435;435;435;435;435;1;1;1;1;1;1;1;1;1;1;1;41;402
2021-04-12;"alle";55;55;55;55;55;55;55;55;55;55;55;55;602;602;602;602;602;602;602;602;602;602;602;602;NA;NA;NA;NA;NA;NA;NA;NA;NA;NA;NA;55;557
2021-04-11;"0-60";12;12;12;12;12;12;12;12;12;12;12;12;NA;NA;NA;NA;NA;NA;NA;NA;NA;NA;NA;NA;1;1;1;1;1;1;1;1;1;1;1;12;NA
2021-04-11;"60+";41;41;41;41;41;41;41;41;41;41;41;41;NA;NA;NA;NA;NA;NA;NA;NA;NA;NA;NA;NA;1;1;1;1;1;1;1;1;1;1;1;39;NA
2021-04-11;"alle";53;53;53;53;53;53;53;53;53;53;53;53;NA;NA;NA;NA;NA;NA;NA;NA;NA;NA;NA;NA;NA;NA;NA;NA;NA;NA;NA;NA;NA;NA;NA;51;NA
2021-04-10;"0-60";29;29;29;29;29;29;29;29;29;29;29;29;NA;NA;NA;NA;NA;NA;NA;NA;NA;NA;NA;NA;1;1;1;1;1;1;1;1;1;1;1;27;NA
2021-04-10;"60+";67;67;67;67;67;67;67;67;67;67;67;67;NA;NA;NA;NA;NA;NA;NA;NA;NA;NA;NA;NA;1;1;1;1;1;1;1;1;1;1;1;62;NA
2021-04-10;"alle";96;96;96;96;96;96;96;96;96;96;96;96;NA;NA;NA;NA;NA;NA;NA;NA;NA;NA;NA;NA;NA;NA;NA;NA;NA;NA;NA;NA;NA;NA;NA;89;NA
2021-04-09;"0-60";32;32;32;32;32;32;32;32;32;32;32;32;NA;NA;NA;NA;NA;NA;NA;NA;NA;NA;NA;NA;1;1;1;1;1;1;1;1;1;1;1;31;NA
2021-04-09;"60+";83;83;83;83;83;83;83;83;83;83;83;83;NA;NA;NA;NA;NA;NA;NA;NA;NA;NA;NA;NA;1;1;1;1;1;1;1;1;1;1;1;74;NA
2021-04-09;"alle";115;115;115;115;115;115;115;115;115;115;115;115;NA;NA;NA;NA;NA;NA;NA;NA;NA;NA;NA;NA;NA;NA;NA;NA;NA;NA;NA;NA;NA;NA;NA;105;NA
2021-04-08;"0-60";45;45;45;45;45;45;45;45;45;45;45;45;NA;NA;NA;NA;NA;NA;NA;NA;NA;NA;NA;NA;1;1;1;1;1;1;1;1;1;1;1;38;NA
2021-04-08;"60+";85;85;85;85;85;85;85;85;85;85;85;85;NA;NA;NA;NA;NA;NA;NA;NA;NA;NA;NA;NA;1;1;1;1;1;1;1;1;1;1;1;77;NA
2021-04-08;"alle";130;130;130;130;130;130;130;130;130;130;130;130;NA;NA;NA;NA;NA;NA;NA;NA;NA;NA;NA;NA;NA;NA;NA;NA;NA;NA;NA;NA;NA;NA;NA;115;NA
2021-04-07;"0-60";19;19;19;19;19;19;19;19;19;19;19;19;NA;NA;NA;NA;NA;NA;NA;NA;NA;NA;NA;NA;1;1;1;1;1;1;1;1;1;1;1;16;NA
2021-04-07;"60+";69;69;69;69;69;69;69;69;69;69;69;69;NA;NA;NA;NA;NA;NA;NA;NA;NA;NA;NA;NA;1;1;1;1;1;1;1;1;1;1;1;63;NA
2021-04-07;"alle";88;88;88;88;88;88;88;88;88;88;88;88;NA;NA;NA;NA;NA;NA;NA;NA;NA;NA;NA;NA;NA;NA;NA;NA;NA;NA;NA;NA;NA;NA;NA;80;NA
2021-04-06;"0-60";17;17;17;17;17;17;17;17;17;17;17;17;NA;NA;NA;NA;NA;NA;NA;NA;NA;NA;NA;NA;1;1;1;1;1;1;1;1;1;1;1;16;NA
2021-04-06;"60+";48;48;48;48;48;48;48;48;48;48;48;48;NA;NA;NA;NA;NA;NA;NA;NA;NA;NA;NA;NA;1;1;1;1;1;1;1;1;1;1;1;46;NA
2021-04-06;"alle";65;65;65;65;65;65;65;65;65;65;65;65;NA;NA;NA;NA;NA;NA;NA;NA;NA;NA;NA;NA;NA;NA;NA;NA;NA;NA;NA;NA;NA;NA;NA;62;NA
