date;age60;reported;nowcast_est;nowcast_0.025;nowcast_0.1;nowcast_0.25;nowcast_0.5;nowcast_0.75;nowcast_0.8;nowcast_0.85;nowcast_0.9;nowcast_0.95;nowcast_0.975;reported7;nowcast7_est;nowcast7_0.025;nowcast7_0.1;nowcast7_0.25;nowcast7_0.5;nowcast7_0.75;nowcast7_0.8;nowcast7_0.85;nowcast7_0.9;nowcast7_0.95;nowcast7_0.975;F_est;F_0.025;F_0.1;F_0.25;F_0.5;F_0.75;F_0.8;F_0.85;F_0.9;F_0.95;F_0.975
2023-01-24;0-60;8;34,7;21;26;30;35;41;42;44;47;51,0;55;31;75,8;58;63;69;76;84;87;89;93;98,0;103,0;0,230722592766393;0,320729332364285;0,288023891345930;0,260153534997950;0,230860020566604;0,202574571694101;0,195869831875315;0,187979056894240;0,178517769690750;0,1653948801599152;0,1537248759171327
2023-01-24;60+;13;49,5;34;38;43;49;57;59;61;64;69,0;74;96;181,8;153;162;171;182;195;198;202;208;216,0;224,0;0,262479235061588;0,347248241100589;0,317181544540001;0,291252557134927;0,262674629025842;0,235166415207405;0,228273950792217;0,220991126120565;0,211452384395571;0,1970217836546337;0,1851577803860796
2023-01-24;alle;21;84,2;59;67;74;84;96;99;103;109;117,0;125;127;257,5;216;229;242;258;277;282;288;297;310,5;322,0;NA;NA;NA;NA;NA;NA;NA;NA;NA;NA;NA
2023-01-23;0-60;0;0,0;0;0;0;0;0;0;0;0;0,0;0;38;59,6;50;53;56;60;64;65;66;68;70,0;73,0;0,554433260936646;0,931702322776634;0,860889816996019;0,748075570768903;0,554553883369765;0,311824250418682;0,254033637447394;0,192046751991514;0,126424979699528;0,0621492608242694;0,0271731313329396
2023-01-23;60+;0;0,0;0;0;0;0;0;0;0;0;0,0;0;136;195,4;176;182;188;196;204;206;208;212;217,0;223,0;0,596865528915356;0,940689217278756;0,877234943508122;0,775702028854655;0,598509814732676;0,357859697839659;0,298307814235791;0,234142860583635;0,161325071137793;0,0859879803930393;0,0416365812815727
2023-01-23;alle;0;0,0;0;0;0;0;0;0;0;0;0,0;0;174;255,0;230;238;246;256;266;269;272;276;283,0;290,0;NA;NA;NA;NA;NA;NA;NA;NA;NA;NA;NA
2023-01-22;0-60;0;0,0;0;0;0;0;0;0;0;0;0,0;0;38;59,6;50;53;56;60;64;65;66;68;70,0;73,0;0,247555975663422;0,489018229044378;0,402617357123169;0,329045869703777;0,248265588655567;0,176412451708331;0,160673523254838;0,143485129935755;0,121877615469415;0,0933851927904868;0,0736816742452657
2023-01-22;60+;0;0,0;0;0;0;0;0;0;0;0;0,0;0;136;195,4;176;182;188;196;204;206;208;212;217,0;223,0;0,302026742690173;0,537885365192784;0,457486940448433;0,384937496959882;0,303372707471686;0,225958842906915;0,208284639956464;0,188463081028113;0,163634122003752;0,1316186470626565;0,1068255198425163
2023-01-22;alle;0;0,0;0;0;0;0;0;0;0;0;0,0;0;174;255,0;230;238;246;256;266;269;272;276;283,0;290,0;NA;NA;NA;NA;NA;NA;NA;NA;NA;NA;NA
2023-01-21;0-60;3;7,8;4;5;6;8;9;10;10;11;12,0;13;41;63,7;54;57;60;64;68;69;70;72;75,0;77,0;0,386499280457320;0,481017392901858;0,448661272847070;0,419036684207612;0,385710156900871;0,352581369470176;0,344003962779540;0,334867695050859;0,323923581133286;0,3061204779606151;0,2906900222368837
2023-01-21;60+;15;33,3;24;27;30;33;37;38;40;41;44,0;46;140;200,5;181;187;193;201;209;211;214;217;223,0;228,0;0,450620181747756;0,538318252768703;0,508857903680194;0,481385695860065;0,450320950734799;0,418120297375474;0,410850660740183;0,401647006790468;0,389917156564280;0,3723755196165305;0,3560783516531822
2023-01-21;alle;18;41,0;30;33;37;41;46;47;49;51;54,0;57;181;264,2;239;247;255;265;276;278;282;286;293,0;300,0;NA;NA;NA;NA;NA;NA;NA;NA;NA;NA;NA
2023-01-20;0-60;9;16,7;12;13;15;17;19;20;20;21;23,0;24;46;66,0;57;60;63;66;70;71;72;74;76,0;78,0;0,537424004825208;0,620144034629179;0,592378697904130;0,565984527501878;0,536286903751715;0,505822858913392;0,498309113477612;0,488940215413324;0,477810956012250;0,4604355212213802;0,4454744793357093
2023-01-20;60+;15;25,1;19;21;23;25;28;28;29;30;32,0;33;147;194,0;178;183;188;194;201;203;205;207;211,0;215,0;0,598749513929576;0,672176733958959;0,646934169378185;0,624068624351121;0,597520594384948;0,570857547473066;0,564234295124031;0,555544323855321;0,545620318201722;0,5296512332083042;0,5156217038676100
2023-01-20;alle;24;41,8;33;36;38;42;46;47;48;49;51,5;54;193;260,0;240;246;253;261;269;271;274;277;282,0;287,0;NA;NA;NA;NA;NA;NA;NA;NA;NA;NA;NA
2023-01-19;0-60;4;6,5;4;5;5;6;8;8;8;9;10,0;10;47;61,0;54;56;58;61;64;65;66;67;69,0;70,0;0,612300502883514;0,683324477454770;0,659894999775543;0,637276540319005;0,611024641109493;0,584029443863972;0,576774137684755;0,568599332261656;0,558594662727388;0,5422760296498497;0,5304587034442431
2023-01-19;60+;18;26,9;21;23;25;27;29;30;31;32;33,0;34;157;197,8;184;188;193;198;204;205;207;209;213,0;216,0;0,668821544726431;0,730073938442280;0,709911731556137;0,690354402941251;0,668220716765103;0,644626880861708;0,638892836165268;0,631729420602491;0,621961010252355;0,6075141864272613;0,5970120493323138
2023-01-19;alle;22;33,4;27;29;31;33;36;37;38;39;41,0;42;204;258,8;242;247;253;259;266;268;270;273;277,0;281,0;NA;NA;NA;NA;NA;NA;NA;NA;NA;NA;NA
2023-01-18;0-60;7;10,0;7;8;9;10;11;12;12;13;13,0;14;50;62,5;56;58;60;63;65;66;67;68;70,0;71,0;0,697323866674100;0,757208092309885;0,736707787354014;0,717542486230529;0,696422589984468;0,673652654103852;0,667880085984222;0,661018024670149;0,652616797783163;0,6390174132360771;0,6271680828658475
2023-01-18;60+;35;47,0;40;42;44;47;50;50;51;52;54,0;56;172;208,4;195;200;204;209;214;215;217;219;222,0;224,0;0,744979340225022;0,794018732545932;0,777981371527156;0,762273251889902;0,744348480906800;0,725703372637157;0,720736488102357;0,715474438188004;0,708138048805512;0,6971332218525759;0,6872280388039669
2023-01-18;alle;42;57,0;49;52;54;57;60;61;62;63;65,0;67;222;270,9;255;261;266;271;278;279;281;284;287,0;291,0;NA;NA;NA;NA;NA;NA;NA;NA;NA;NA;NA
2023-01-17;0-60;15;18,6;15;16;17;18;20;20;21;21;22,0;23;56;67,1;61;63;65;67;70;70;71;72;74,0;75,0;0,808284088120803;0,846735001072302;0,833825487604774;0,821535661909361;0,807507876048398;0,791937864184231;0,787950695226271;0,783258153491173;0,777286718279997;0,7681148535242887;0,7601603179933810
2023-01-17;60+;53;63,1;57;59;61;63;65;66;67;68;69,0;71;177;205,6;195;199;202;206;210;211;213;214;217,0;219,0;0,839283044085283;0,869568736647845;0,859519668787725;0,850066372303633;0,839001586964580;0,826843606788654;0,823905876756519;0,819893787398467;0,815041390830486;0,8073970260740233;0,8009144492978433
2023-01-17;alle;68;81,7;75;77;79;82;84;85;86;87;89,0;90;233;272,6;259;264;268;273;278;280;282;284;287,0;289,0;NA;NA;NA;NA;NA;NA;NA;NA;NA;NA;NA
2023-01-16;0-60;0;0,0;0;0;0;0;0;0;0;0;0,0;0;64;73,2;68;69;71;73;76;76;77;78;79,0;81,0;0,907718752263907;0,989004465018985;0,976461435760589;0,954170459794185;0,907186027428100;0,815512803982725;0,781733155886958;0,740304632700344;0,676194361572051;0,5734371420534115;0,4558689840258057
2023-01-16;60+;0;0,0;0;0;0;0;0;0;0;0;0,0;0;179;201,1;192;195;198;201;205;206;207;209;211,0;213,0;0,922274329989452;0,990789908272676;0,980410490449437;0,961832202822813;0,922103816131632;0,843304745999814;0,814679097634828;0,777358490451921;0,720787236388785;0,6262294290769115;0,5191620839858466
2023-01-16;alle;0;0,0;0;0;0;0;0;0;0;0;0,0;0;243;274,3;263;267;270;275;279;281;282;284;287,0;289,0;NA;NA;NA;NA;NA;NA;NA;NA;NA;NA;NA
2023-01-15;0-60;3;4,0;3;3;3;4;5;5;5;6;6,0;7;64;73,2;68;69;71;73;76;76;77;78;79,0;81,0;0,743208709773402;0,864118417131825;0,828520744107918;0,791811035159248;0,742948587076816;0,682459435875879;0,666505809393194;0,647737202793373;0,622129956464599;0,5819021760681862;0,5458889974644441
2023-01-15;60+;4;5,2;4;4;4;5;6;6;6;7;8,0;8;179;201,1;192;195;198;201;205;206;207;209;211,0;213,0;0,776552755436138;0,881044271951333;0,850953343097859;0,819740498409743;0,776211854120680;0,723621104469403;0,709313958549024;0,692248143289466;0,668577934723233;0,6316513968816422;0,5979338425231754
2023-01-15;alle;7;9,2;7;7;8;9;10;11;11;12;13,0;14;243;274,3;263;267;270;275;279;281;282;284;287,0;289,0;NA;NA;NA;NA;NA;NA;NA;NA;NA;NA;NA
2023-01-14;0-60;8;10,0;8;8;9;10;11;11;12;12;13,0;13;61;69,2;64;66;67;69;71;72;73;73;75,0;76,0;0,796863477785598;0,838206372541775;0,824893648236009;0,811522965907570;0,795526143953526;0,777851815667770;0,773271097387022;0,767648689233252;0,760813914856942;0,7500617471988544;0,7421005904391420
2023-01-14;60+;22;26,8;23;24;25;27;28;29;29;30;31,0;32;175;195,9;187;190;193;196;200;201;202;203;205,0;207,0;0,821802692519958;0,855562823815087;0,844069431751335;0,833371169302558;0,820141385540086;0,806756821167940;0,803158429527806;0,798833466811014;0,793274022968701;0,7845928432574454;0,7769199091508692
2023-01-14;alle;30;36,8;32;34;35;37;39;39;40;41;42,0;43;236;265,1;254;258;261;265;270;271;272;274;276,0;278,0;NA;NA;NA;NA;NA;NA;NA;NA;NA;NA;NA
2023-01-13;0-60;10;11,8;10;10;11;12;13;13;13;14;14,0;15;67;74,3;69;71;72;74;76;77;77;78;80,0;81,0;0,848189889262933;0,880657297825391;0,869833642772244;0,859373542103503;0,846567438474834;0,833354505395819;0,829738580023014;0,825537707044688;0,820064698015960;0,8114155726524868;0,8045055293837231
2023-01-13;60+;25;28,9;26;26;27;29;30;31;31;32;33,0;34;189;208,2;200;203;205;208;212;213;214;215;217,0;219,0;0,865887692279214;0,891514917437255;0,882712828103859;0,874475133472400;0,864508873578476;0,853965033172725;0,851354981952539;0,847994684972421;0,843748682455246;0,8374789926596412;0,8314910664801419
2023-01-13;alle;35;40,7;36;38;39;41;42;43;43;44;45,0;46;256;282,6;272;276;279;283;287;288;289;291;293,0;295,0;NA;NA;NA;NA;NA;NA;NA;NA;NA;NA;NA
2023-01-12;0-60;7;8,1;7;7;7;8;9;9;9;10;10,0;10;73;79,5;75;76;78;79;81;82;83;83;84,5;86,0;0,866630065004068;0,895264974515382;0,885914410508796;0,876591891295756;0,865670334303966;0,853263043037372;0,850060643171813;0,846365026964451;0,841779619244045;0,8352164440044989;0,8282567446451838
2023-01-12;60+;33;37,4;34;35;36;37;39;39;40;40;41,0;42;215;233,6;225;228;231;234;237;238;239;240;242,0;244,0;0,881503550592728;0,903952319827698;0,896105567233207;0,888902932728719;0,880378576091663;0,871371512645352;0,868852413241648;0,866211827136003;0,862570081618138;0,8568676328795553;0,8515917423094459
2023-01-12;alle;40;45,5;41;43;44;45;47;48;48;49;50,0;51;288;313,1;303;307;310;313;317;318;320;321;323,0;325,0;NA;NA;NA;NA;NA;NA;NA;NA;NA;NA;NA
2023-01-11;0-60;13;14,6;13;13;14;14;15;16;16;16;17,0;18;81;87,2;83;84;85;87;89;90;90;91;92,0;93,0;0,892830759386340;0,916343696685955;0,908735259073800;0,901000548510477;0,892061653775102;0,882076780027200;0,879544930177409;0,876594365826926;0,872481177261335;0,8661647710052227;0,8607425083913347
2023-01-11;60+;40;44,2;41;42;43;44;46;46;46;47;48,0;49;229;245,6;238;240;243;246;249;250;251;252;254,0;256,0;0,904819408326184;0,922765052672919;0,916654554254929;0,911089629994130;0,904072763193526;0,897031088318792;0,895225962997804;0,893058361057644;0,890233545660445;0,8857296441840401;0,8819213377558678
2023-01-11;alle;53;58,8;55;56;57;59;60;61;61;62;63,0;64;310;332,9;324;327;330;333;337;338;339;340;343,0;345,0;NA;NA;NA;NA;NA;NA;NA;NA;NA;NA;NA
2023-01-10;0-60;23;24,7;23;23;24;25;26;26;26;26;27,0;28;97;102,9;99;100;101;103;105;105;106;106;108,0;109,0;0,931646552292971;0,946954674670583;0,941771568605819;0,936865354043352;0,930914470703500;0,924365972353572;0,922632119584837;0,920564922650662;0,917839264688633;0,9135762882352599;0,9097656328203423
2023-01-10;60+;55;58,6;55;56;57;59;60;60;61;61;62,0;63;263;278,5;271;273;276;279;282;283;283;285;287,0;288,0;0,937785671394445;0,949575621554537;0,945583134571030;0,941797473896323;0,937276476199531;0,932356464201351;0,931121276996590;0,929606143361676;0,927803361600421;0,9246887168998985;0,9219669661445219
2023-01-10;alle;78;83,3;79;80;82;83;85;85;86;87;88,0;89;360;381,3;372;375;378;382;385;386;387;389;391,0;393,0;NA;NA;NA;NA;NA;NA;NA;NA;NA;NA;NA
2023-01-09;0-60;0;0,0;0;0;0;0;0;0;0;0;0,0;0;103;107,9;104;105;106;108;110;110;111;111;112,0;113,0;0,966998334584179;0,996119430176704;0,991814910755176;0,983825017509453;0,966589172253622;0,930883386096791;0,917318892972918;0,898967818170601;0,871541258577161;0,8182723623316190;0,7552074573121150
2023-01-09;60+;0;0,0;0;0;0;0;0;0;0;0;0,0;0;322;336,8;330;332;334;337;340;341;342;343;345,0;347,0;0,968910798317607;0,996390401224710;0,992288782028322;0,984740315722744;0,968566165980204;0,934988238824512;0,922253271506342;0,905373614706758;0,877481822087761;0,8311384862541706;0,7689887535257052
2023-01-09;alle;0;0,0;0;0;0;0;0;0;0;0;0,0;0;425;444,7;436;439;442;445;449;450;451;452;454,0;456,0;NA;NA;NA;NA;NA;NA;NA;NA;NA;NA;NA
2023-01-08;0-60;0;0,0;0;0;0;0;0;0;0;0;0,0;0;103;107,9;104;105;106;108;110;110;111;111;112,0;113,0;0,898697329835517;0,948674201948900;0,934978684896533;0,919039736928338;0,897298800667577;0,869773837991820;0,861876444279943;0,852407538444977;0,839903564235834;0,8197053241257349;0,7991016978074916
2023-01-08;60+;0;0,0;0;0;0;0;0;0;0;0;0,0;0;322;336,8;330;332;334;337;340;341;342;343;345,0;347,0;0,901592255578069;0,950015156627991;0,935897571818985;0,921489069979198;0,900451966846310;0,874125819169006;0,866663469947199;0,857374469861258;0,845221272029506;0,8266662978796078;0,8060824094544481
2023-01-08;alle;0;0,0;0;0;0;0;0;0;0;0;0,0;0;425;444,7;436;439;442;445;449;450;451;452;454,0;456,0;NA;NA;NA;NA;NA;NA;NA;NA;NA;NA;NA
2023-01-07;0-60;14;15,2;14;14;14;15;16;16;16;17;17,0;18;103;107,9;104;105;106;108;110;110;111;111;112,0;113,0;0,920578541810511;0,938392994930093;0,932579653594834;0,926591332132354;0,919223542306594;0,910858910179331;0,908745120143372;0,906020816330704;0,902575720438911;0,8976439616902145;0,8928082353291729
2023-01-07;60+;36;39,1;36;37;38;39;40;41;41;42;42,0;43;322;336,8;330;332;334;337;340;341;342;343;345,0;347,0;0,921155458106855;0,937112922176934;0,931655185971756;0,926281830663837;0,919723056463480;0,912526983238016;0,910776859254383;0,908472787540215;0,905430393571854;0,9006665674015266;0,8961722679155461
2023-01-07;alle;50;54,3;51;52;53;54;56;56;57;57;58,0;59;425;444,7;436;439;442;445;449;450;451;452;454,0;456,0;NA;NA;NA;NA;NA;NA;NA;NA;NA;NA;NA
2023-01-06;0-60;16;17,0;16;16;16;17;18;18;18;18;19,0;19;115;119,4;116;117;118;119;121;121;122;123;124,0;124,2;0,941740707720997;0,955314759460820;0,950917837303150;0,946249308079250;0,940543582926999;0,934371233152035;0,932785206615097;0,930798830157242;0,928215914792559;0,9242546080181548;0,9201081151147223
2023-01-06;60+;51;54,2;51;52;53;54;55;56;56;57;58,0;58;345;358,8;352;354;356;359;362;363;364;365;367,0;368,0;0,941268426768907;0,953517486185099;0,949310238464299;0,945223335400754;0,940124147617600;0,934539479119697;0,933011086750138;0,931308238339701;0,928861419786644;0,9251453622658278;0,9215471820167080
2023-01-06;alle;67;71,2;68;69;70;71;73;73;74;74;75,0;76;460;478,2;470;473;475;479;482;483;484;485;487,0;489,0;NA;NA;NA;NA;NA;NA;NA;NA;NA;NA;NA
2023-01-05;0-60;15;15,8;15;15;15;16;16;17;17;17;17,0;18;113;116,6;113;114;115;117;118;118;119;120;120,0;121,0;0,949624629832345;0,961715007222223;0,957611912452652;0,953702591197718;0,948718923703877;0,943152345073351;0,941457968651463;0,939668363335599;0,937680988719968;0,9341972208493503;0,9306787538797777
2023-01-05;60+;47;49,5;47;48;48;49;51;51;51;52;53,0;53;385;398,0;391;393;396;398;401;402;403;404;406,0;408,0;0,949019957518667;0,959911470043941;0,956158274701823;0,952527907847458;0,948142008105641;0,943236628074742;0,941873012720417;0,940172408986293;0,938043305120452;0,9349253453568523;0,9319432590282138
2023-01-05;alle;62;65,3;62;63;64;65;67;67;67;68;69,0;70;498;514,6;507;509;512;515;518;519;520;522;524,0;526,0;NA;NA;NA;NA;NA;NA;NA;NA;NA;NA;NA
2023-01-04;0-60;29;30,2;29;29;29;30;31;31;31;32;32,0;33;126;129,3;126;127;128;129;131;131;131;132;133,0;134,0;0,960656366107342;0,970780206445987;0,967427641033763;0,964140562241835;0,960029005235134;0,955535716409169;0,954335441671466;0,952715021959922;0,950866752160704;0,9478546489764903;0,9452498341914217
2023-01-04;60+;74;77,0;74;75;76;77;78;79;79;79;80,0;81;435;447,6;441;443;445;448;451;452;453;454;456,0;457,0;0,960596612408941;0,969725539728035;0,966719745865733;0,963813735904449;0,960265229548459;0,956323065891442;0,955377543846878;0,954088803712611;0,952481985409836;0,9500826061183429;0,9478099689783662
2023-01-04;alle;103;107,2;104;105;106;107;109;109;110;110;111,0;112;561;576,8;569;572;574;577;581;581;583;584;586,0;588,0;NA;NA;NA;NA;NA;NA;NA;NA;NA;NA;NA
2023-01-03;0-60;29;29,7;29;29;29;30;30;30;31;31;31,0;32;147;149,6;147;148;149;150;151;151;152;152;153,0;154,0;0,975823291818776;0,982148340834780;0,980103249204378;0,977953311034784;0,975293188300725;0,972291266802414;0,971440583706757;0,970541750774610;0,969309103998016;0,9673655372558958;0,9655915195162675
2023-01-03;60+;114;117,0;114;115;116;117;118;119;119;120;120,0;121;520;532,0;525;527;530;532;535;536;537;538;540,0;542,0;0,974215749233367;0,980540071074126;0,978487504017461;0,976504358631728;0,973867648628497;0,970978277972045;0,970206161384506;0,969231053179344;0,968072240750432;0,9662128034952400;0,9646827481924146
2023-01-03;alle;143;146,7;144;144;145;147;148;148;149;150;150,0;151;667;681,7;674;677;679;682;685;686;687;689;691,0;693,0;NA;NA;NA;NA;NA;NA;NA;NA;NA;NA;NA
2023-01-02;0-60;0;0,0;0;0;0;0;0;0;0;0;0,0;0;118;119,9;118;118;119;120;121;121;122;122;123,0;123,0;0,988800899472528;0,998704832106129;0,997225913961580;0,994512899895841;0,988460531759218;0,975879769229940;0,970786862832013;0,964306111579957;0,953425032884480;0,9327911675366285;0,9082334979969950
2023-01-02;60+;0;0,0;0;0;0;0;0;0;0;0;0,0;0;407;416,0;410;412;414;416;419;419;420;421;423,0;425,0;0,986923046257637;0,998485536190039;0,996743068721100;0,993551333063178;0,986681318841749;0,971965779115218;0,966427946804733;0,958802876359655;0,945766442298119;0,9228001077796932;0,8932529450992133
2023-01-02;alle;0;0,0;0;0;0;0;0;0;0;0;0,0;0;525;535,9;529;532;534;536;539;540;541;542;544,0;546,0;NA;NA;NA;NA;NA;NA;NA;NA;NA;NA;NA
2023-01-01;0-60;0;0,0;0;0;0;0;0;0;0;0;0,0;0;118;119,9;118;118;119;120;121;121;122;122;123,0;123,0;0,965882157383180;0,983333715695185;0,978387925482735;0,972828128779768;0,964691946449915;0,954200047835319;0,951302605173892;0,947559491108389;0,942333538490449;0,9336410224849767;0,9257192397115879
2023-01-01;60+;0;0,0;0;0;0;0;0;0;0;0;0,0;0;407;416,0;410;412;414;416;419;419;420;421;423,0;425,0;0,957236610084111;0,979593719855439;0,973119930350714;0,966107461765176;0,956209321098108;0,942956099859567;0,939199040192648;0,934537190915070;0,928242390872125;0,9170882461993659;0,9068598341590930
2023-01-01;alle;0;0,0;0;0;0;0;0;0;0;0;0,0;0;525;535,9;529;532;534;536;539;540;541;542;544,0;546,0;NA;NA;NA;NA;NA;NA;NA;NA;NA;NA;NA
2022-12-31;0-60;26;26,7;26;26;26;27;27;27;28;28;28,0;29;118;119,9;118;118;119;120;121;121;122;122;123,0;123,0;0,974497871281208;0,982036662980754;0,979503952158070;0,976921545560180;0,973504856935446;0,969557551403459;0,968484936297595;0,967117401624797;0,965403559098563;0,9628633933616855;0,9604116938262318
2022-12-31;60+;59;61,1;59;59;60;61;62;62;63;63;64,0;65;407;416,0;410;412;414;416;419;419;420;421;423,0;425,0;0,965913891832533;0,976060079914953;0,972947152683820;0,969449425759323;0,965015700315238;0,959656701578875;0,958170601868302;0,956372349808370;0,953657760670999;0,9497244311711446;0,9455593259340183
2022-12-31;alle;85;87,8;85;86;87;88;89;89;90;90;91,0;92;525;535,9;529;532;534;536;539;540;541;542;544,0;546,0;NA;NA;NA;NA;NA;NA;NA;NA;NA;NA;NA
2022-12-30;0-60;14;14,3;14;14;14;14;14;15;15;15;15,0;16;114;115,4;114;114;115;115;116;116;117;117;118,0;118,0;0,982215250010763;0,987954595443705;0,985978669857879;0,984012453839067;0,981535194096237;0,978462848545049;0,977642199939702;0,976639981282417;0,975232253846235;0,9730893118627826;0,9709393901848253
2022-12-30;60+;91;93,3;91;92;92;93;94;95;95;96;96,0;97;417;425,1;420;421;423;425;428;428;429;430;432,0;434,0;0,974963634267683;0,982907809526275;0,980398763066946;0,977758150244850;0,974261205884994;0,969988208669718;0,968743978570064;0,967344282250917;0,965325945327661;0,9619315995419333;0,9584183520857887
2022-12-30;alle;105;107,6;105;106;106;108;109;109;110;110;111,0;112;531;540,5;535;536;538;541;543;544;545;546;548,0;550,0;NA;NA;NA;NA;NA;NA;NA;NA;NA;NA;NA
2022-12-29;0-60;28;28,4;28;28;28;28;29;29;29;29;30,0;30;122;123,2;122;122;122;123;124;124;124;125;126,0;126,0;0,985332264968843;0,990358272760812;0,988766248932974;0,987065465021223;0,984819992507947;0,982039755626407;0,981307782449341;0,980421528447388;0,979209013499726;0,9771092327930471;0,9753589229859275
2022-12-29;60+;97;99,1;97;97;98;99;100;100;101;101;102,0;103;417;423,9;419;420;422;424;426;427;428;429;431,0;432,0;0,978855698987618;0,985826649144169;0,983679019456412;0,981425794520208;0,978272498698797;0,974578748693434;0,973558982129305;0,972415567678512;0,970647114895527;0,9676260505455418;0,9650149538386279
2022-12-29;alle;125;127,5;125;126;126;127;129;129;129;130;131,0;132;539;547,1;542;543;545;547;550;551;551;553;554,0;556,0;NA;NA;NA;NA;NA;NA;NA;NA;NA;NA;NA
2022-12-28;0-60;50;50,6;50;50;50;50;51;51;51;52;52,0;52;117;117,8;117;117;117;118;118;119;119;119;120,0;120,0;0,989094805854844;0,993214150134132;0,991936950749317;0,990579186012921;0,988803966660544;0,986661105854252;0,986089827824671;0,985313520936634;0,984311323569085;0,9827640421494996;0,9815013358023086
2022-12-28;60+;159;161,5;159;160;160;161;163;163;163;164;165,0;166;411;416,7;412;414;415;417;419;419;420;421;423,0;424,0;0,984511810441527;0,989892949527902;0,988275000689624;0,986567763206162;0,984354195970671;0,981785133937271;0,981075889079636;0,980211456477608;0,979131503487966;0,9773123426846592;0,9758259082991313
2022-12-28;alle;209;212,1;209;210;211;212;213;214;214;215;216,0;217;528;534,5;530;531;533;535;537;538;538;539;541,0;543,0;NA;NA;NA;NA;NA;NA;NA;NA;NA;NA;NA
2022-12-27;0-60;0;0,0;0;0;0;0;0;0;0;0;0,0;0;114;114,4;114;114;114;114;115;115;115;115;116,0;116,0;0,993514749469964;0,996105601346805;0,995289318519373;0,994441081893374;0,993287263359190;0,991830805306556;0,991413759435149;0,990888370462795;0,990160475941619;0,9889811725615576;0,9879806566828915
2022-12-27;60+;1;1,0;1;1;1;1;1;1;1;1;1,0;1;422;426,1;423;423;425;426;428;429;429;430;432,0;433,0;0,988999475931489;0,993043655753620;0,991896411000609;0,990603446623425;0,988844772701405;0,986715020377091;0,986150610849459;0,985472134968122;0,984467032187628;0,9829199697187656;0,9815101863373943
2022-12-27;alle;1;1,0;1;1;1;1;1;1;1;1;1,0;1;536;540,5;537;538;539;541;543;543;544;545;546,0;548,0;NA;NA;NA;NA;NA;NA;NA;NA;NA;NA;NA
2022-12-26;0-60;0;0,0;0;0;0;0;0;0;0;0;0,0;0;144;144,4;144;144;144;144;145;145;145;145;146,0;146,0;0,997080144584050;0,999677267690369;0,999282143466077;0,998560516945776;0,996908460233676;0,993336050938244;0,991990658237468;0,989844509594028;0,986684648732092;0,9806711651914463;0,9729739329834105
2022-12-26;60+;0;0,0;0;0;0;0;0;0;0;0;0,0;0;554;558,7;555;556;557;559;561;561;562;563;565,0;566,0;0,993803755015122;0,999328298962065;0,998527148936755;0,997014537528524;0,993667878097836;0,986379367307509;0,983759255296397;0,979581422852608;0,973155387088944;0,9604691773732088;0,9446695800143372
2022-12-26;alle;0;0,0;0;0;0;0;0;0;0;0;0,0;0;698;703,1;699;700;701;703;705;706;707;708;710,0;711,0;NA;NA;NA;NA;NA;NA;NA;NA;NA;NA;NA
2022-12-25;0-60;0;0,0;0;0;0;0;0;0;0;0;0,0;0;144;144,4;144;144;144;144;145;145;145;145;146,0;146,0;0,991505756346816;0,996558253999362;0,995200480185443;0,993563938147178;0,991021821252611;0,987398633704092;0,986223539171758;0,984889804346143;0,982746377875057;0,9785471146348577;0,9743677799579529
2022-12-25;60+;0;0,0;0;0;0;0;0;0;0;0;0,0;0;556;560,7;557;558;559;561;563;563;564;565;567,0;568,0;0,978793315183824;0,991493750668263;0,988001522499003;0,984139901561695;0,978379283815699;0,970308026385834;0,967744795189730;0,964667303663678;0,959994081553310;0,9518643866400995;0,9426434829005192
2022-12-25;alle;0;0,0;0;0;0;0;0;0;0;0;0,0;0;700;705,1;701;702;703;705;707;708;709;710;712,0;713,0;NA;NA;NA;NA;NA;NA;NA;NA;NA;NA;NA
2022-12-24;0-60;22;22,1;22;22;22;22;22;22;22;23;23,0;23;144;144,4;144;144;144;144;145;145;145;145;146,0;146,0;0,994078676376371;0,997037813050456;0,996241128899762;0,995276899162707;0,993808961178104;0,991725505538320;0,991058159599251;0,990147061241768;0,988913552935066;0,9864021114026174;0,9834973782012412
2022-12-24;60+;69;70,2;69;69;69;70;71;71;72;72;73,0;73;561;565,8;562;563;564;566;568;568;569;570;572,0;573,0;0,983023034864341;0,990900985331195;0,988848304389769;0,986426355966147;0,982864217936361;0,977850477723379;0,976432585682699;0,974624186052224;0,972053775119464;0,9673669748579412;0,9628963485055397
2022-12-24;alle;91;92,3;91;91;91;92;93;93;94;94;95,0;96;705;710,2;706;707;708;710;713;713;714;715;717,0;718,0;NA;NA;NA;NA;NA;NA;NA;NA;NA;NA;NA
2022-12-23;0-60;22;22,1;22;22;22;22;22;22;22;22;23,0;23;139;139,3;139;139;139;139;140;140;140;140;141,0;141,0;0,996197048962783;0,998288819483078;0,997744695661016;0,997082666093608;0,996058505401322;0,994480046308823;0,994045238889980;0,993370655235970;0,992387317226515;0,9905245457007512;0,9883451050178286
2022-12-23;60+;91;92,1;91;91;91;92;93;93;93;94;95,0;95;604;608,3;604;605;607;608;610;611;612;613;614,0;616,0;0,987890481568994;0,993773300573002;0,992219508300622;0,990442968686465;0,987732335691508;0,983946296400144;0,982890751854028;0,981443133616338;0,979530740664453;0,9760036578462687;0,9722193191850643
2022-12-23;alle;113;114,2;113;113;113;114;115;115;116;116;117,0;117;743;747,6;744;745;746;748;750;750;751;752;754,0;756,0;NA;NA;NA;NA;NA;NA;NA;NA;NA;NA;NA
2022-12-22;0-60;23;23,1;23;23;23;23;23;23;23;23;24,0;24;135;135,2;135;135;135;135;135;136;136;136;136,0;137,0;0,997162438895174;0,998874274429149;0,998434153321172;0,997921355368974;0,997094200295352;0,995826261100129;0,995411667115843;0,994903356181096;0,994101115332799;0,9926537381431153;0,9909250565513179
2022-12-22;60+;91;91,9;91;91;91;92;92;93;93;93;94,0;94;598;601,5;598;599;600;601;603;604;604;605;607,0;608,0;0,990618330333096;0,995095038424966;0,993974643103749;0,992595751923725;0,990547463699471;0,987637391018731;0,986820479969495;0,985757507101590;0,984169142637416;0,9814997170912205;0,9788223574916104
2022-12-22;alle;114;114,9;114;114;114;115;116;116;116;116;117,0;118;733;736,7;733;734;735;737;739;739;740;741;742,0;744,0;NA;NA;NA;NA;NA;NA;NA;NA;NA;NA;NA
2022-12-21;0-60;47;47,1;47;47;47;47;47;47;47;48;48,0;48;141;141,1;141;141;141;141;141;141;142;142;142,0;142,0;0,998135253683358;0,999337553098112;0,999052444577577;0,998701739453968;0,998130051724494;0,997292342990454;0,997026823640361;0,996718837972257;0,996208743638445;0,9953615819986056;0,9943991659562970
2022-12-21;60+;170;171,0;170;170;170;171;172;172;172;172;173,0;174;600;602,6;600;601;601;603;604;605;605;606;607,0;608,0;0,994332708900294;0,996892511588228;0,996244680424013;0,995434495261249;0,994337256361011;0,992995947580303;0,992623865907600;0,992092691299223;0,991424567288961;0,9903744550916634;0,9894093210884333
2022-12-21;alle;217;218,1;217;217;217;218;219;219;219;220;220,0;221;741;743,8;741;742;742;744;745;746;746;747;748,0;749,0;NA;NA;NA;NA;NA;NA;NA;NA;NA;NA;NA
2022-12-20;0-60;30;30,0;30;30;30;30;30;30;30;30;30,0;31;145;145,0;145;145;145;145;145;145;145;145;146,0;146,0;0,998923388379660;0,999696616511068;0,999534261563359;0,999308897279476;0,998919652265913;0,998287872416169;0,998079781443961;0,997810808021102;0,997386962766823;0,9966271032738369;0,9957798351100848
2022-12-20;60+;133;133,6;133;133;133;133;134;134;134;135;135,0;136;567;568,7;567;567;568;569;570;570;571;571;572,0;573,0;0,995587798989792;0,997843424371709;0,997286376721203;0,996604979467446;0,995613622489075;0,994272681839458;0,993916334420849;0,993439089319922;0,992776718795732;0,9916008687898021;0,9905594803410853
2022-12-20;alle;163;163,6;163;163;163;163;164;164;165;165;165,0;166;712;713,7;712;712;713;714;715;715;716;716;717,0;718,0;NA;NA;NA;NA;NA;NA;NA;NA;NA;NA;NA
2022-12-19;0-60;0;0,0;0;0;0;0;0;0;0;0;0,0;0;150;150,0;150;150;150;150;150;150;150;150;150,0;151,0;0,999527666402544;0,999966989661303;0,999917735256184;0,999811474487784;0,999521125037552;0,998790769769601;0,998480205913419;0,997997971512583;0,997223833785636;0,9953744940231810;0,9927936660984318
2022-12-19;60+;2;2,0;2;2;2;2;2;2;2;2;2,0;2;583;584,1;583;583;583;584;585;585;586;586;587,0;588,0;0,997270411867616;0,999732976228396;0,999412185489864;0,998772224404971;0,997271163374513;0,993878642115983;0,992594009115431;0,990650034816754;0,987732476274952;0,9811685462585022;0,9724426493579270
2022-12-19;alle;2;2,0;2;2;2;2;2;2;2;2;2,0;2;733;734,1;733;733;733;734;735;735;736;736;737,0;738,0;NA;NA;NA;NA;NA;NA;NA;NA;NA;NA;NA
2022-12-18;0-60;0;0,0;0;0;0;0;0;0;0;0;0,0;0;150;150,0;150;150;150;150;150;150;150;150;150,0;151,0;0,998742648716722;0,999828147603488;0,999659526141761;0,999362881557538;0,998732808767626;0,997483098778075;0,996976792425673;0,996303933609443;0,995277261662213;0,9930544874684606;0,9903453509783278
2022-12-18;60+;5;5,0;5;5;5;5;5;5;5;5;6,0;6;581;582,1;581;581;581;582;583;583;584;584;585,0;586,0;0,990746007091683;0,997293534275649;0,995815203712861;0,993920584932699;0,990768398426689;0,986109112834881;0,984410662610331;0,982469960984935;0,979343770568295;0,9735445671408498;0,9674971226398776
2022-12-18;alle;5;5,0;5;5;5;5;5;5;5;5;6,0;6;731;732,1;731;731;731;732;733;733;734;734;735,0;736,0;NA;NA;NA;NA;NA;NA;NA;NA;NA;NA;NA
2022-12-17;0-60;17;17,0;17;17;17;17;17;17;17;17;17,0;17;150;150,0;150;150;150;150;150;150;150;150;150,0;151,0;0,999289397966079;0,999917950921184;0,999831566322441;0,999661644520969;0,999292987082759;0,998504391690195;0,998191457833891;0,997710401246284;0,997037618018656;0,9955398520935930;0,9937976215237725
2022-12-17;60+;112;112,7;112;112;112;113;113;114;114;114;115,0;116;584;585,0;584;584;584;585;586;586;586;587;588,0;589,0;0,993461810607394;0,997878522079809;0,996908301643992;0,995623777646279;0,993518485312187;0,990378162448655;0,989391987747587;0,987982979999646;0,986295204064390;0,9829726918763224;0,9794951842205475
2022-12-17;alle;129;129,7;129;129;129;130;130;131;131;131;132,0;133;734;735,0;734;734;734;735;736;736;736;737;738,0;739,0;NA;NA;NA;NA;NA;NA;NA;NA;NA;NA;NA
2022-12-16;0-60;18;18,0;18;18;18;18;18;18;18;18;18,0;18;158;158,0;158;158;158;158;158;158;158;158;158,0;158,0;0,999718185630516;0,999975776408202;0,999942892588820;0,999879225969138;0,999720403273614;0,999348494180269;0,999199371404902;0,998969707046655;0,998609143979401;0,9978444588442267;0,9968587322981708
2022-12-16;60+;85;85,3;85;85;85;85;86;86;86;86;87,0;87;550;550,3;550;550;550;550;551;551;551;551;552,0;552,0;0,996765435593040;0,999071804464343;0,998601214774736;0,997924779588104;0,996785336993907;0,995022520400943;0,994465458852026;0,993729215376492;0,992722713136040;0,9906268671137051;0,9885773000791269
2022-12-16;alle;103;103,3;103;103;103;103;104;104;104;104;105,0;105;708;708,3;708;708;708;708;709;709;709;709;710,0;710,0;NA;NA;NA;NA;NA;NA;NA;NA;NA;NA;NA
2022-12-15;0-60;29;29,0;29;29;29;29;29;29;29;29;29,0;29;164;164,0;164;164;164;164;164;164;164;164;164,0;164,0;1,000000000000000;1,000000000000000;1,000000000000000;1,000000000000000;1,000000000000000;1,000000000000000;1,000000000000000;1,000000000000000;1,000000000000000;1,0000000000000000;1,0000000000000000
2022-12-15;60+;93;93,0;93;93;93;93;93;93;93;93;93,0;93;565;565,0;565;565;565;565;565;565;565;565;565,0;565,0;1,000000000000000;1,000000000000000;1,000000000000000;1,000000000000000;1,000000000000000;1,000000000000000;1,000000000000000;1,000000000000000;1,000000000000000;1,0000000000000000;1,0000000000000000
2022-12-15;alle;122;122,0;122;122;122;122;122;122;122;122;122,0;122;729;729,0;729;729;729;729;729;729;729;729;729,0;729,0;1,000000000000000;1,000000000000000;1,000000000000000;1,000000000000000;1,000000000000000;1,000000000000000;1,000000000000000;1,000000000000000;1,000000000000000;1,0000000000000000;1,0000000000000000
2022-12-14;0-60;51;51,0;51;51;51;51;51;51;51;51;51,0;51;167;167,0;167;167;167;167;167;167;167;167;167,0;167,0;1,000000000000000;1,000000000000000;1,000000000000000;1,000000000000000;1,000000000000000;1,000000000000000;1,000000000000000;1,000000000000000;1,000000000000000;1,0000000000000000;1,0000000000000000
2022-12-14;60+;137;137,0;137;137;137;137;137;137;137;137;137,0;137;574;574,0;574;574;574;574;574;574;574;574;574,0;574,0;1,000000000000000;1,000000000000000;1,000000000000000;1,000000000000000;1,000000000000000;1,000000000000000;1,000000000000000;1,000000000000000;1,000000000000000;1,0000000000000000;1,0000000000000000
2022-12-14;alle;188;188,0;188;188;188;188;188;188;188;188;188,0;188;741;741,0;741;741;741;741;741;741;741;741;741,0;741,0;1,000000000000000;1,000000000000000;1,000000000000000;1,000000000000000;1,000000000000000;1,000000000000000;1,000000000000000;1,000000000000000;1,000000000000000;1,0000000000000000;1,0000000000000000
2022-12-13;0-60;35;35,0;35;35;35;35;35;35;35;35;35,0;35;146;146,0;146;146;146;146;146;146;146;146;146,0;146,0;1,000000000000000;1,000000000000000;1,000000000000000;1,000000000000000;1,000000000000000;1,000000000000000;1,000000000000000;1,000000000000000;1,000000000000000;1,0000000000000000;1,0000000000000000
2022-12-13;60+;149;149,0;149;149;149;149;149;149;149;149;149,0;149;551;551,0;551;551;551;551;551;551;551;551;551,0;551,0;1,000000000000000;1,000000000000000;1,000000000000000;1,000000000000000;1,000000000000000;1,000000000000000;1,000000000000000;1,000000000000000;1,000000000000000;1,0000000000000000;1,0000000000000000
2022-12-13;alle;184;184,0;184;184;184;184;184;184;184;184;184,0;184;697;697,0;697;697;697;697;697;697;697;697;697,0;697,0;1,000000000000000;1,000000000000000;1,000000000000000;1,000000000000000;1,000000000000000;1,000000000000000;1,000000000000000;1,000000000000000;1,000000000000000;1,0000000000000000;1,0000000000000000
2022-12-12;0-60;0;0,0;0;0;0;0;0;0;0;0;0,0;0;146;146,0;146;146;146;146;146;146;146;146;146,0;146,0;1,000000000000000;1,000000000000000;1,000000000000000;1,000000000000000;1,000000000000000;1,000000000000000;1,000000000000000;1,000000000000000;1,000000000000000;1,0000000000000000;1,0000000000000000
2022-12-12;60+;0;0,0;0;0;0;0;0;0;0;0;0,0;0;533;533,0;533;533;533;533;533;533;533;533;533,0;533,0;1,000000000000000;1,000000000000000;1,000000000000000;1,000000000000000;1,000000000000000;1,000000000000000;1,000000000000000;1,000000000000000;1,000000000000000;1,0000000000000000;1,0000000000000000
2022-12-12;alle;0;0,0;0;0;0;0;0;0;0;0;0,0;0;679;679,0;679;679;679;679;679;679;679;679;679,0;679,0;1,000000000000000;1,000000000000000;1,000000000000000;1,000000000000000;1,000000000000000;1,000000000000000;1,000000000000000;1,000000000000000;1,000000000000000;1,0000000000000000;1,0000000000000000
2022-12-11;0-60;0;0,0;0;0;0;0;0;0;0;0;0,0;0;146;146,0;146;146;146;146;146;146;146;146;146,0;146,0;1,000000000000000;1,000000000000000;1,000000000000000;1,000000000000000;1,000000000000000;1,000000000000000;1,000000000000000;1,000000000000000;1,000000000000000;1,0000000000000000;1,0000000000000000
2022-12-11;60+;8;8,0;8;8;8;8;8;8;8;8;8,0;8;533;533,0;533;533;533;533;533;533;533;533;533,0;533,0;1,000000000000000;1,000000000000000;1,000000000000000;1,000000000000000;1,000000000000000;1,000000000000000;1,000000000000000;1,000000000000000;1,000000000000000;1,0000000000000000;1,0000000000000000
2022-12-11;alle;8;8,0;8;8;8;8;8;8;8;8;8,0;8;679;679,0;679;679;679;679;679;679;679;679;679,0;679,0;1,000000000000000;1,000000000000000;1,000000000000000;1,000000000000000;1,000000000000000;1,000000000000000;1,000000000000000;1,000000000000000;1,000000000000000;1,0000000000000000;1,0000000000000000
2022-12-10;0-60;25;25,0;25;25;25;25;25;25;25;25;25,0;25;146;146,0;146;146;146;146;146;146;146;146;146,0;146,0;1,000000000000000;1,000000000000000;1,000000000000000;1,000000000000000;1,000000000000000;1,000000000000000;1,000000000000000;1,000000000000000;1,000000000000000;1,0000000000000000;1,0000000000000000
2022-12-10;60+;78;78,0;78;78;78;78;78;78;78;78;78,0;78;525;525,0;525;525;525;525;525;525;525;525;525,0;525,0;1,000000000000000;1,000000000000000;1,000000000000000;1,000000000000000;1,000000000000000;1,000000000000000;1,000000000000000;1,000000000000000;1,000000000000000;1,0000000000000000;1,0000000000000000
2022-12-10;alle;103;103,0;103;103;103;103;103;103;103;103;103,0;103;671;671,0;671;671;671;671;671;671;671;671;671,0;671,0;1,000000000000000;1,000000000000000;1,000000000000000;1,000000000000000;1,000000000000000;1,000000000000000;1,000000000000000;1,000000000000000;1,000000000000000;1,0000000000000000;1,0000000000000000
2022-12-09;0-60;24;24,0;24;24;24;24;24;24;24;24;24,0;24;138;138,0;138;138;138;138;138;138;138;138;138,0;138,0;1,000000000000000;1,000000000000000;1,000000000000000;1,000000000000000;1,000000000000000;1,000000000000000;1,000000000000000;1,000000000000000;1,000000000000000;1,0000000000000000;1,0000000000000000
2022-12-09;60+;100;100,0;100;100;100;100;100;100;100;100;100,0;100;501;501,0;501;501;501;501;501;501;501;501;501,0;501,0;1,000000000000000;1,000000000000000;1,000000000000000;1,000000000000000;1,000000000000000;1,000000000000000;1,000000000000000;1,000000000000000;1,000000000000000;1,0000000000000000;1,0000000000000000
2022-12-09;alle;124;124,0;124;124;124;124;124;124;124;124;124,0;124;639;639,0;639;639;639;639;639;639;639;639;639,0;639,0;1,000000000000000;1,000000000000000;1,000000000000000;1,000000000000000;1,000000000000000;1,000000000000000;1,000000000000000;1,000000000000000;1,000000000000000;1,0000000000000000;1,0000000000000000
2022-12-08;0-60;32;32,0;32;32;32;32;32;32;32;32;32,0;32;139;139,0;139;139;139;139;139;139;139;139;139,0;139,0;1,000000000000000;1,000000000000000;1,000000000000000;1,000000000000000;1,000000000000000;1,000000000000000;1,000000000000000;1,000000000000000;1,000000000000000;1,0000000000000000;1,0000000000000000
2022-12-08;60+;102;102,0;102;102;102;102;102;102;102;102;102,0;102;484;484,0;484;484;484;484;484;484;484;484;484,0;484,0;1,000000000000000;1,000000000000000;1,000000000000000;1,000000000000000;1,000000000000000;1,000000000000000;1,000000000000000;1,000000000000000;1,000000000000000;1,0000000000000000;1,0000000000000000
2022-12-08;alle;134;134,0;134;134;134;134;134;134;134;134;134,0;134;623;623,0;623;623;623;623;623;623;623;623;623,0;623,0;1,000000000000000;1,000000000000000;1,000000000000000;1,000000000000000;1,000000000000000;1,000000000000000;1,000000000000000;1,000000000000000;1,000000000000000;1,0000000000000000;1,0000000000000000
2022-12-07;0-60;30;30,0;30;30;30;30;30;30;30;30;30,0;30;128;128,0;128;128;128;128;128;128;128;128;128,0;128,0;1,000000000000000;1,000000000000000;1,000000000000000;1,000000000000000;1,000000000000000;1,000000000000000;1,000000000000000;1,000000000000000;1,000000000000000;1,0000000000000000;1,0000000000000000
2022-12-07;60+;114;114,0;114;114;114;114;114;114;114;114;114,0;114;472;472,0;472;472;472;472;472;472;472;472;472,0;472,0;1,000000000000000;1,000000000000000;1,000000000000000;1,000000000000000;1,000000000000000;1,000000000000000;1,000000000000000;1,000000000000000;1,000000000000000;1,0000000000000000;1,0000000000000000
2022-12-07;alle;144;144,0;144;144;144;144;144;144;144;144;144,0;144;600;600,0;600;600;600;600;600;600;600;600;600,0;600,0;1,000000000000000;1,000000000000000;1,000000000000000;1,000000000000000;1,000000000000000;1,000000000000000;1,000000000000000;1,000000000000000;1,000000000000000;1,0000000000000000;1,0000000000000000
2022-12-06;0-60;35;35,0;35;35;35;35;35;35;35;35;35,0;35;146;146,0;146;146;146;146;146;146;146;146;146,0;146,0;1,000000000000000;1,000000000000000;1,000000000000000;1,000000000000000;1,000000000000000;1,000000000000000;1,000000000000000;1,000000000000000;1,000000000000000;1,0000000000000000;1,0000000000000000
2022-12-06;60+;131;131,0;131;131;131;131;131;131;131;131;131,0;131;454;454,0;454;454;454;454;454;454;454;454;454,0;454,0;1,000000000000000;1,000000000000000;1,000000000000000;1,000000000000000;1,000000000000000;1,000000000000000;1,000000000000000;1,000000000000000;1,000000000000000;1,0000000000000000;1,0000000000000000
2022-12-06;alle;166;166,0;166;166;166;166;166;166;166;166;166,0;166;600;600,0;600;600;600;600;600;600;600;600;600,0;600,0;1,000000000000000;1,000000000000000;1,000000000000000;1,000000000000000;1,000000000000000;1,000000000000000;1,000000000000000;1,000000000000000;1,000000000000000;1,0000000000000000;1,0000000000000000
2022-12-05;0-60;0;0,0;0;0;0;0;0;0;0;0;0,0;0;155;155,0;155;155;155;155;155;155;155;155;155,0;155,0;1,000000000000000;1,000000000000000;1,000000000000000;1,000000000000000;1,000000000000000;1,000000000000000;1,000000000000000;1,000000000000000;1,000000000000000;1,0000000000000000;1,0000000000000000
2022-12-05;60+;0;0,0;0;0;0;0;0;0;0;0;0,0;0;444;444,0;444;444;444;444;444;444;444;444;444,0;444,0;1,000000000000000;1,000000000000000;1,000000000000000;1,000000000000000;1,000000000000000;1,000000000000000;1,000000000000000;1,000000000000000;1,000000000000000;1,0000000000000000;1,0000000000000000
2022-12-05;alle;0;0,0;0;0;0;0;0;0;0;0;0,0;0;599;599,0;599;599;599;599;599;599;599;599;599,0;599,0;1,000000000000000;1,000000000000000;1,000000000000000;1,000000000000000;1,000000000000000;1,000000000000000;1,000000000000000;1,000000000000000;1,000000000000000;1,0000000000000000;1,0000000000000000
2022-12-04;0-60;0;0,0;0;0;0;0;0;0;0;0;0,0;0;155;155,0;155;155;155;155;155;155;155;155;155,0;155,0;1,000000000000000;1,000000000000000;1,000000000000000;1,000000000000000;1,000000000000000;1,000000000000000;1,000000000000000;1,000000000000000;1,000000000000000;1,0000000000000000;1,0000000000000000
2022-12-04;60+;0;0,0;0;0;0;0;0;0;0;0;0,0;0;444;444,0;444;444;444;444;444;444;444;444;444,0;444,0;1,000000000000000;1,000000000000000;1,000000000000000;1,000000000000000;1,000000000000000;1,000000000000000;1,000000000000000;1,000000000000000;1,000000000000000;1,0000000000000000;1,0000000000000000
2022-12-04;alle;0;0,0;0;0;0;0;0;0;0;0;0,0;0;599;599,0;599;599;599;599;599;599;599;599;599,0;599,0;1,000000000000000;1,000000000000000;1,000000000000000;1,000000000000000;1,000000000000000;1,000000000000000;1,000000000000000;1,000000000000000;1,000000000000000;1,0000000000000000;1,0000000000000000
2022-12-03;0-60;17;17,0;17;17;17;17;17;17;17;17;17,0;17;155;155,0;155;155;155;155;155;155;155;155;155,0;155,0;1,000000000000000;1,000000000000000;1,000000000000000;1,000000000000000;1,000000000000000;1,000000000000000;1,000000000000000;1,000000000000000;1,000000000000000;1,0000000000000000;1,0000000000000000
2022-12-03;60+;54;54,0;54;54;54;54;54;54;54;54;54,0;54;444;444,0;444;444;444;444;444;444;444;444;444,0;444,0;1,000000000000000;1,000000000000000;1,000000000000000;1,000000000000000;1,000000000000000;1,000000000000000;1,000000000000000;1,000000000000000;1,000000000000000;1,0000000000000000;1,0000000000000000
2022-12-03;alle;71;71,0;71;71;71;71;71;71;71;71;71,0;71;599;599,0;599;599;599;599;599;599;599;599;599,0;599,0;1,000000000000000;1,000000000000000;1,000000000000000;1,000000000000000;1,000000000000000;1,000000000000000;1,000000000000000;1,000000000000000;1,000000000000000;1,0000000000000000;1,0000000000000000
2022-12-02;0-60;25;25,0;25;25;25;25;25;25;25;25;25,0;25;147;147,0;147;147;147;147;147;147;147;147;147,0;147,0;1,000000000000000;1,000000000000000;1,000000000000000;1,000000000000000;1,000000000000000;1,000000000000000;1,000000000000000;1,000000000000000;1,000000000000000;1,0000000000000000;1,0000000000000000
2022-12-02;60+;83;83,0;83;83;83;83;83;83;83;83;83,0;83;441;441,0;441;441;441;441;441;441;441;441;441,0;441,0;1,000000000000000;1,000000000000000;1,000000000000000;1,000000000000000;1,000000000000000;1,000000000000000;1,000000000000000;1,000000000000000;1,000000000000000;1,0000000000000000;1,0000000000000000
2022-12-02;alle;108;108,0;108;108;108;108;108;108;108;108;108,0;108;588;588,0;588;588;588;588;588;588;588;588;588,0;588,0;1,000000000000000;1,000000000000000;1,000000000000000;1,000000000000000;1,000000000000000;1,000000000000000;1,000000000000000;1,000000000000000;1,000000000000000;1,0000000000000000;1,0000000000000000
2022-12-01;0-60;21;21,0;21;21;21;21;21;21;21;21;21,0;21;136;136,0;136;136;136;136;136;136;136;136;136,0;136,0;1,000000000000000;1,000000000000000;1,000000000000000;1,000000000000000;1,000000000000000;1,000000000000000;1,000000000000000;1,000000000000000;1,000000000000000;1,0000000000000000;1,0000000000000000
2022-12-01;60+;90;90,0;90;90;90;90;90;90;90;90;90,0;90;410;410,0;410;410;410;410;410;410;410;410;410,0;410,0;1,000000000000000;1,000000000000000;1,000000000000000;1,000000000000000;1,000000000000000;1,000000000000000;1,000000000000000;1,000000000000000;1,000000000000000;1,0000000000000000;1,0000000000000000
2022-12-01;alle;111;111,0;111;111;111;111;111;111;111;111;111,0;111;546;546,0;546;546;546;546;546;546;546;546;546,0;546,0;1,000000000000000;1,000000000000000;1,000000000000000;1,000000000000000;1,000000000000000;1,000000000000000;1,000000000000000;1,000000000000000;1,000000000000000;1,0000000000000000;1,0000000000000000
2022-11-30;0-60;48;48,0;48;48;48;48;48;48;48;48;48,0;48;134;134,0;134;134;134;134;134;134;134;134;134,0;134,0;1,000000000000000;1,000000000000000;1,000000000000000;1,000000000000000;1,000000000000000;1,000000000000000;1,000000000000000;1,000000000000000;1,000000000000000;1,0000000000000000;1,0000000000000000
2022-11-30;60+;96;96,0;96;96;96;96;96;96;96;96;96,0;96;363;363,0;363;363;363;363;363;363;363;363;363,0;363,0;1,000000000000000;1,000000000000000;1,000000000000000;1,000000000000000;1,000000000000000;1,000000000000000;1,000000000000000;1,000000000000000;1,000000000000000;1,0000000000000000;1,0000000000000000
2022-11-30;alle;144;144,0;144;144;144;144;144;144;144;144;144,0;144;497;497,0;497;497;497;497;497;497;497;497;497,0;497,0;1,000000000000000;1,000000000000000;1,000000000000000;1,000000000000000;1,000000000000000;1,000000000000000;1,000000000000000;1,000000000000000;1,000000000000000;1,0000000000000000;1,0000000000000000
2022-11-29;0-60;44;44,0;44;44;44;44;44;44;44;44;44,0;44;111;111,0;111;111;111;111;111;111;111;111;111,0;111,0;1,000000000000000;1,000000000000000;1,000000000000000;1,000000000000000;1,000000000000000;1,000000000000000;1,000000000000000;1,000000000000000;1,000000000000000;1,0000000000000000;1,0000000000000000
2022-11-29;60+;121;121,0;121;121;121;121;121;121;121;121;121,0;121;324;324,0;324;324;324;324;324;324;324;324;324,0;324,0;1,000000000000000;1,000000000000000;1,000000000000000;1,000000000000000;1,000000000000000;1,000000000000000;1,000000000000000;1,000000000000000;1,000000000000000;1,0000000000000000;1,0000000000000000
2022-11-29;alle;165;165,0;165;165;165;165;165;165;165;165;165,0;165;435;435,0;435;435;435;435;435;435;435;435;435,0;435,0;1,000000000000000;1,000000000000000;1,000000000000000;1,000000000000000;1,000000000000000;1,000000000000000;1,000000000000000;1,000000000000000;1,000000000000000;1,0000000000000000;1,0000000000000000
2022-11-28;0-60;0;0,0;0;0;0;0;0;0;0;0;0,0;0;96;96,0;96;96;96;96;96;96;96;96;96,0;96,0;1,000000000000000;1,000000000000000;1,000000000000000;1,000000000000000;1,000000000000000;1,000000000000000;1,000000000000000;1,000000000000000;1,000000000000000;1,0000000000000000;1,0000000000000000
2022-11-28;60+;0;0,0;0;0;0;0;0;0;0;0;0,0;0;285;285,0;285;285;285;285;285;285;285;285;285,0;285,0;1,000000000000000;1,000000000000000;1,000000000000000;1,000000000000000;1,000000000000000;1,000000000000000;1,000000000000000;1,000000000000000;1,000000000000000;1,0000000000000000;1,0000000000000000
2022-11-28;alle;0;0,0;0;0;0;0;0;0;0;0;0,0;0;381;381,0;381;381;381;381;381;381;381;381;381,0;381,0;NA;NA;NA;NA;NA;NA;NA;NA;NA;NA;NA
2022-11-27;0-60;0;0,0;0;0;0;0;0;0;0;0;0,0;0;97;97,0;97;97;97;97;97;97;97;97;97,0;97,0;1,000000000000000;1,000000000000000;1,000000000000000;1,000000000000000;1,000000000000000;1,000000000000000;1,000000000000000;1,000000000000000;1,000000000000000;1,0000000000000000;1,0000000000000000
2022-11-27;60+;0;0,0;0;0;0;0;0;0;0;0;0,0;0;287;287,0;287;287;287;287;287;287;287;287;287,0;287,0;1,000000000000000;1,000000000000000;1,000000000000000;1,000000000000000;1,000000000000000;1,000000000000000;1,000000000000000;1,000000000000000;1,000000000000000;1,0000000000000000;1,0000000000000000
2022-11-27;alle;0;0,0;0;0;0;0;0;0;0;0;0,0;0;384;384,0;384;384;384;384;384;384;384;384;384,0;384,0;NA;NA;NA;NA;NA;NA;NA;NA;NA;NA;NA
2022-11-26;0-60;9;9,0;9;9;9;9;9;9;9;9;9,0;9;99;99,0;99;99;99;99;99;99;99;99;99,0;99,0;1,000000000000000;1,000000000000000;1,000000000000000;1,000000000000000;1,000000000000000;1,000000000000000;1,000000000000000;1,000000000000000;1,000000000000000;1,0000000000000000;1,0000000000000000
2022-11-26;60+;51;51,0;51;51;51;51;51;51;51;51;51,0;51;287;287,0;287;287;287;287;287;287;287;287;287,0;287,0;1,000000000000000;1,000000000000000;1,000000000000000;1,000000000000000;1,000000000000000;1,000000000000000;1,000000000000000;1,000000000000000;1,000000000000000;1,0000000000000000;1,0000000000000000
2022-11-26;alle;60;60,0;60;60;60;60;60;60;60;60;60,0;60;386;386,0;386;386;386;386;386;386;386;386;386,0;386,0;NA;NA;NA;NA;NA;NA;NA;NA;NA;NA;NA
2022-11-25;0-60;14;14,0;14;14;14;14;14;14;14;14;14,0;14;96;96,0;96;96;96;96;96;96;96;96;96,0;96,0;1,000000000000000;1,000000000000000;1,000000000000000;1,000000000000000;1,000000000000000;1,000000000000000;1,000000000000000;1,000000000000000;1,000000000000000;1,0000000000000000;1,0000000000000000
2022-11-25;60+;52;52,0;52;52;52;52;52;52;52;52;52,0;52;274;274,0;274;274;274;274;274;274;274;274;274,0;274,0;1,000000000000000;1,000000000000000;1,000000000000000;1,000000000000000;1,000000000000000;1,000000000000000;1,000000000000000;1,000000000000000;1,000000000000000;1,0000000000000000;1,0000000000000000
2022-11-25;alle;66;66,0;66;66;66;66;66;66;66;66;66,0;66;370;370,0;370;370;370;370;370;370;370;370;370,0;370,0;NA;NA;NA;NA;NA;NA;NA;NA;NA;NA;NA
2022-11-24;0-60;19;19,0;19;19;19;19;19;19;19;19;19,0;19;90;90,0;90;90;90;90;90;90;90;90;90,0;90,0;1,000000000000000;1,000000000000000;1,000000000000000;1,000000000000000;1,000000000000000;1,000000000000000;1,000000000000000;1,000000000000000;1,000000000000000;1,0000000000000000;1,0000000000000000
2022-11-24;60+;43;43,0;43;43;43;43;43;43;43;43;43,0;43;252;252,0;252;252;252;252;252;252;252;252;252,0;252,0;1,000000000000000;1,000000000000000;1,000000000000000;1,000000000000000;1,000000000000000;1,000000000000000;1,000000000000000;1,000000000000000;1,000000000000000;1,0000000000000000;1,0000000000000000
2022-11-24;alle;62;62,0;62;62;62;62;62;62;62;62;62,0;62;342;342,0;342;342;342;342;342;342;342;342;342,0;342,0;NA;NA;NA;NA;NA;NA;NA;NA;NA;NA;NA
2022-11-23;0-60;25;25,0;25;25;25;25;25;25;25;25;25,0;25;81;81,0;81;81;81;81;81;81;81;81;81,0;81,0;1,000000000000000;1,000000000000000;1,000000000000000;1,000000000000000;1,000000000000000;1,000000000000000;1,000000000000000;1,000000000000000;1,000000000000000;1,0000000000000000;1,0000000000000000
2022-11-23;60+;57;57,0;57;57;57;57;57;57;57;57;57,0;57;257;257,0;257;257;257;257;257;257;257;257;257,0;257,0;1,000000000000000;1,000000000000000;1,000000000000000;1,000000000000000;1,000000000000000;1,000000000000000;1,000000000000000;1,000000000000000;1,000000000000000;1,0000000000000000;1,0000000000000000
2022-11-23;alle;82;82,0;82;82;82;82;82;82;82;82;82,0;82;338;338,0;338;338;338;338;338;338;338;338;338,0;338,0;NA;NA;NA;NA;NA;NA;NA;NA;NA;NA;NA
2022-11-22;0-60;29;29,0;29;29;29;29;29;29;29;29;29,0;29;74;74,0;74;74;74;74;74;74;74;74;74,0;74,0;1,000000000000000;1,000000000000000;1,000000000000000;1,000000000000000;1,000000000000000;1,000000000000000;1,000000000000000;1,000000000000000;1,000000000000000;1,0000000000000000;1,0000000000000000
2022-11-22;60+;82;82,0;82;82;82;82;82;82;82;82;82,0;82;261;261,0;261;261;261;261;261;261;261;261;261,0;261,0;1,000000000000000;1,000000000000000;1,000000000000000;1,000000000000000;1,000000000000000;1,000000000000000;1,000000000000000;1,000000000000000;1,000000000000000;1,0000000000000000;1,0000000000000000
2022-11-22;alle;111;111,0;111;111;111;111;111;111;111;111;111,0;111;335;335,0;335;335;335;335;335;335;335;335;335,0;335,0;NA;NA;NA;NA;NA;NA;NA;NA;NA;NA;NA
2022-11-21;0-60;1;1,0;1;1;1;1;1;1;1;1;1,0;1;79;79,0;79;79;79;79;79;79;79;79;79,0;79,0;1,000000000000000;1,000000000000000;1,000000000000000;1,000000000000000;1,000000000000000;1,000000000000000;1,000000000000000;1,000000000000000;1,000000000000000;1,0000000000000000;1,0000000000000000
2022-11-21;60+;2;2,0;2;2;2;2;2;2;2;2;2,0;2;258;258,0;258;258;258;258;258;258;258;258;258,0;258,0;1,000000000000000;1,000000000000000;1,000000000000000;1,000000000000000;1,000000000000000;1,000000000000000;1,000000000000000;1,000000000000000;1,000000000000000;1,0000000000000000;1,0000000000000000
2022-11-21;alle;3;3,0;3;3;3;3;3;3;3;3;3,0;3;337;337,0;337;337;337;337;337;337;337;337;337,0;337,0;NA;NA;NA;NA;NA;NA;NA;NA;NA;NA;NA
2022-11-20;0-60;2;2,0;2;2;2;2;2;2;2;2;2,0;2;79;79,0;79;79;79;79;79;79;79;79;79,0;79,0;1,000000000000000;1,000000000000000;1,000000000000000;1,000000000000000;1,000000000000000;1,000000000000000;1,000000000000000;1,000000000000000;1,000000000000000;1,0000000000000000;1,0000000000000000
2022-11-20;60+;0;0,0;0;0;0;0;0;0;0;0;0,0;0;256;256,0;256;256;256;256;256;256;256;256;256,0;256,0;1,000000000000000;1,000000000000000;1,000000000000000;1,000000000000000;1,000000000000000;1,000000000000000;1,000000000000000;1,000000000000000;1,000000000000000;1,0000000000000000;1,0000000000000000
2022-11-20;alle;2;2,0;2;2;2;2;2;2;2;2;2,0;2;335;335,0;335;335;335;335;335;335;335;335;335,0;335,0;NA;NA;NA;NA;NA;NA;NA;NA;NA;NA;NA
2022-11-19;0-60;6;6,0;6;6;6;6;6;6;6;6;6,0;6;77;77,0;77;77;77;77;77;77;77;77;77,0;77,0;1,000000000000000;1,000000000000000;1,000000000000000;1,000000000000000;1,000000000000000;1,000000000000000;1,000000000000000;1,000000000000000;1,000000000000000;1,0000000000000000;1,0000000000000000
2022-11-19;60+;38;38,0;38;38;38;38;38;38;38;38;38,0;38;258;258,0;258;258;258;258;258;258;258;258;258,0;258,0;1,000000000000000;1,000000000000000;1,000000000000000;1,000000000000000;1,000000000000000;1,000000000000000;1,000000000000000;1,000000000000000;1,000000000000000;1,0000000000000000;1,0000000000000000
2022-11-19;alle;44;44,0;44;44;44;44;44;44;44;44;44,0;44;335;335,0;335;335;335;335;335;335;335;335;335,0;335,0;NA;NA;NA;NA;NA;NA;NA;NA;NA;NA;NA
2022-11-18;0-60;8;8,0;8;8;8;8;8;8;8;8;8,0;8;85;85,0;85;85;85;85;85;85;85;85;85,0;85,0;1,000000000000000;1,000000000000000;1,000000000000000;1,000000000000000;1,000000000000000;1,000000000000000;1,000000000000000;1,000000000000000;1,000000000000000;1,0000000000000000;1,0000000000000000
2022-11-18;60+;30;30,0;30;30;30;30;30;30;30;30;30,0;30;269;269,0;269;269;269;269;269;269;269;269;269,0;269,0;1,000000000000000;1,000000000000000;1,000000000000000;1,000000000000000;1,000000000000000;1,000000000000000;1,000000000000000;1,000000000000000;1,000000000000000;1,0000000000000000;1,0000000000000000
2022-11-18;alle;38;38,0;38;38;38;38;38;38;38;38;38,0;38;354;354,0;354;354;354;354;354;354;354;354;354,0;354,0;NA;NA;NA;NA;NA;NA;NA;NA;NA;NA;NA
2022-11-17;0-60;10;10,0;10;10;10;10;10;10;10;10;10,0;10;85;85,0;85;85;85;85;85;85;85;85;85,0;85,0;1,000000000000000;1,000000000000000;1,000000000000000;1,000000000000000;1,000000000000000;1,000000000000000;1,000000000000000;1,000000000000000;1,000000000000000;1,0000000000000000;1,0000000000000000
2022-11-17;60+;48;48,0;48;48;48;48;48;48;48;48;48,0;48;286;286,0;286;286;286;286;286;286;286;286;286,0;286,0;1,000000000000000;1,000000000000000;1,000000000000000;1,000000000000000;1,000000000000000;1,000000000000000;1,000000000000000;1,000000000000000;1,000000000000000;1,0000000000000000;1,0000000000000000
2022-11-17;alle;58;58,0;58;58;58;58;58;58;58;58;58,0;58;371;371,0;371;371;371;371;371;371;371;371;371,0;371,0;NA;NA;NA;NA;NA;NA;NA;NA;NA;NA;NA
2022-11-16;0-60;18;18,0;18;18;18;18;18;18;18;18;18,0;18;91;91,0;91;91;91;91;91;91;91;91;91,0;91,0;1,000000000000000;1,000000000000000;1,000000000000000;1,000000000000000;1,000000000000000;1,000000000000000;1,000000000000000;1,000000000000000;1,000000000000000;1,0000000000000000;1,0000000000000000
2022-11-16;60+;61;61,0;61;61;61;61;61;61;61;61;61,0;61;278;278,0;278;278;278;278;278;278;278;278;278,0;278,0;1,000000000000000;1,000000000000000;1,000000000000000;1,000000000000000;1,000000000000000;1,000000000000000;1,000000000000000;1,000000000000000;1,000000000000000;1,0000000000000000;1,0000000000000000
2022-11-16;alle;79;79,0;79;79;79;79;79;79;79;79;79,0;79;369;369,0;369;369;369;369;369;369;369;369;369,0;369,0;NA;NA;NA;NA;NA;NA;NA;NA;NA;NA;NA
2022-11-15;0-60;34;34,0;34;34;34;34;34;34;34;34;34,0;34;95;95,0;95;95;95;95;95;95;95;95;95,0;95,0;1,000000000000000;1,000000000000000;1,000000000000000;1,000000000000000;1,000000000000000;1,000000000000000;1,000000000000000;1,000000000000000;1,000000000000000;1,0000000000000000;1,0000000000000000
2022-11-15;60+;79;79,0;79;79;79;79;79;79;79;79;79,0;79;258;258,0;258;258;258;258;258;258;258;258;258,0;258,0;1,000000000000000;1,000000000000000;1,000000000000000;1,000000000000000;1,000000000000000;1,000000000000000;1,000000000000000;1,000000000000000;1,000000000000000;1,0000000000000000;1,0000000000000000
2022-11-15;alle;113;113,0;113;113;113;113;113;113;113;113;113,0;113;353;353,0;353;353;353;353;353;353;353;353;353,0;353,0;NA;NA;NA;NA;NA;NA;NA;NA;NA;NA;NA
2022-11-14;0-60;1;1,0;1;1;1;1;1;1;1;1;1,0;1;85;85,0;85;85;85;85;85;85;85;85;85,0;85,0;1,000000000000000;1,000000000000000;1,000000000000000;1,000000000000000;1,000000000000000;1,000000000000000;1,000000000000000;1,000000000000000;1,000000000000000;1,0000000000000000;1,0000000000000000
2022-11-14;60+;0;0,0;0;0;0;0;0;0;0;0;0,0;0;248;248,0;248;248;248;248;248;248;248;248;248,0;248,0;1,000000000000000;1,000000000000000;1,000000000000000;1,000000000000000;1,000000000000000;1,000000000000000;1,000000000000000;1,000000000000000;1,000000000000000;1,0000000000000000;1,0000000000000000
2022-11-14;alle;1;1,0;1;1;1;1;1;1;1;1;1,0;1;333;333,0;333;333;333;333;333;333;333;333;333,0;333,0;NA;NA;NA;NA;NA;NA;NA;NA;NA;NA;NA
2022-11-13;0-60;0;0,0;0;0;0;0;0;0;0;0;0,0;0;84;84,0;84;84;84;84;84;84;84;84;84,0;84,0;1,000000000000000;1,000000000000000;1,000000000000000;1,000000000000000;1,000000000000000;1,000000000000000;1,000000000000000;1,000000000000000;1,000000000000000;1,0000000000000000;1,0000000000000000
2022-11-13;60+;2;2,0;2;2;2;2;2;2;2;2;2,0;2;249;249,0;249;249;249;249;249;249;249;249;249,0;249,0;1,000000000000000;1,000000000000000;1,000000000000000;1,000000000000000;1,000000000000000;1,000000000000000;1,000000000000000;1,000000000000000;1,000000000000000;1,0000000000000000;1,0000000000000000
2022-11-13;alle;2;2,0;2;2;2;2;2;2;2;2;2,0;2;333;333,0;333;333;333;333;333;333;333;333;333,0;333,0;NA;NA;NA;NA;NA;NA;NA;NA;NA;NA;NA
2022-11-12;0-60;14;14,0;14;14;14;14;14;14;14;14;14,0;14;85;85,0;85;85;85;85;85;85;85;85;85,0;85,0;1,000000000000000;1,000000000000000;1,000000000000000;1,000000000000000;1,000000000000000;1,000000000000000;1,000000000000000;1,000000000000000;1,000000000000000;1,0000000000000000;1,0000000000000000
2022-11-12;60+;49;49,0;49;49;49;49;49;49;49;49;49,0;49;251;251,0;251;251;251;251;251;251;251;251;251,0;251,0;1,000000000000000;1,000000000000000;1,000000000000000;1,000000000000000;1,000000000000000;1,000000000000000;1,000000000000000;1,000000000000000;1,000000000000000;1,0000000000000000;1,0000000000000000
2022-11-12;alle;63;63,0;63;63;63;63;63;63;63;63;63,0;63;336;336,0;336;336;336;336;336;336;336;336;336,0;336,0;NA;NA;NA;NA;NA;NA;NA;NA;NA;NA;NA
2022-11-11;0-60;8;8,0;8;8;8;8;8;8;8;8;8,0;8;82;82,0;82;82;82;82;82;82;82;82;82,0;82,0;1,000000000000000;1,000000000000000;1,000000000000000;1,000000000000000;1,000000000000000;1,000000000000000;1,000000000000000;1,000000000000000;1,000000000000000;1,0000000000000000;1,0000000000000000
2022-11-11;60+;47;47,0;47;47;47;47;47;47;47;47;47,0;47;236;236,0;236;236;236;236;236;236;236;236;236,0;236,0;1,000000000000000;1,000000000000000;1,000000000000000;1,000000000000000;1,000000000000000;1,000000000000000;1,000000000000000;1,000000000000000;1,000000000000000;1,0000000000000000;1,0000000000000000
2022-11-11;alle;55;55,0;55;55;55;55;55;55;55;55;55,0;55;318;318,0;318;318;318;318;318;318;318;318;318,0;318,0;NA;NA;NA;NA;NA;NA;NA;NA;NA;NA;NA
2022-11-10;0-60;16;16,0;16;16;16;16;16;16;16;16;16,0;16;83;83,0;83;83;83;83;83;83;83;83;83,0;83,0;1,000000000000000;1,000000000000000;1,000000000000000;1,000000000000000;1,000000000000000;1,000000000000000;1,000000000000000;1,000000000000000;1,000000000000000;1,0000000000000000;1,0000000000000000
2022-11-10;60+;40;40,0;40;40;40;40;40;40;40;40;40,0;40;229;229,0;229;229;229;229;229;229;229;229;229,0;229,0;1,000000000000000;1,000000000000000;1,000000000000000;1,000000000000000;1,000000000000000;1,000000000000000;1,000000000000000;1,000000000000000;1,000000000000000;1,0000000000000000;1,0000000000000000
2022-11-10;alle;56;56,0;56;56;56;56;56;56;56;56;56,0;56;312;312,0;312;312;312;312;312;312;312;312;312,0;312,0;NA;NA;NA;NA;NA;NA;NA;NA;NA;NA;NA
2022-11-09;0-60;22;22,0;22;22;22;22;22;22;22;22;22,0;22;88;88,0;88;88;88;88;88;88;88;88;88,0;88,0;1,000000000000000;1,000000000000000;1,000000000000000;1,000000000000000;1,000000000000000;1,000000000000000;1,000000000000000;1,000000000000000;1,000000000000000;1,0000000000000000;1,0000000000000000
2022-11-09;60+;41;41,0;41;41;41;41;41;41;41;41;41,0;41;242;242,0;242;242;242;242;242;242;242;242;242,0;242,0;1,000000000000000;1,000000000000000;1,000000000000000;1,000000000000000;1,000000000000000;1,000000000000000;1,000000000000000;1,000000000000000;1,000000000000000;1,0000000000000000;1,0000000000000000
2022-11-09;alle;63;63,0;63;63;63;63;63;63;63;63;63,0;63;330;330,0;330;330;330;330;330;330;330;330;330,0;330,0;NA;NA;NA;NA;NA;NA;NA;NA;NA;NA;NA
2022-11-08;0-60;24;24,0;24;24;24;24;24;24;24;24;24,0;24;89;89,0;89;89;89;89;89;89;89;89;89,0;89,0;1,000000000000000;1,000000000000000;1,000000000000000;1,000000000000000;1,000000000000000;1,000000000000000;1,000000000000000;1,000000000000000;1,000000000000000;1,0000000000000000;1,0000000000000000
2022-11-08;60+;69;69,0;69;69;69;69;69;69;69;69;69,0;69;258;258,0;258;258;258;258;258;258;258;258;258,0;258,0;1,000000000000000;1,000000000000000;1,000000000000000;1,000000000000000;1,000000000000000;1,000000000000000;1,000000000000000;1,000000000000000;1,000000000000000;1,0000000000000000;1,0000000000000000
2022-11-08;alle;93;93,0;93;93;93;93;93;93;93;93;93,0;93;347;347,0;347;347;347;347;347;347;347;347;347,0;347,0;NA;NA;NA;NA;NA;NA;NA;NA;NA;NA;NA
2022-11-07;0-60;0;0,0;0;0;0;0;0;0;0;0;0,0;0;95;95,0;95;95;95;95;95;95;95;95;95,0;95,0;1,000000000000000;1,000000000000000;1,000000000000000;1,000000000000000;1,000000000000000;1,000000000000000;1,000000000000000;1,000000000000000;1,000000000000000;1,0000000000000000;1,0000000000000000
2022-11-07;60+;1;1,0;1;1;1;1;1;1;1;1;1,0;1;275;275,0;275;275;275;275;275;275;275;275;275,0;275,0;1,000000000000000;1,000000000000000;1,000000000000000;1,000000000000000;1,000000000000000;1,000000000000000;1,000000000000000;1,000000000000000;1,000000000000000;1,0000000000000000;1,0000000000000000
2022-11-07;alle;1;1,0;1;1;1;1;1;1;1;1;1,0;1;370;370,0;370;370;370;370;370;370;370;370;370,0;370,0;NA;NA;NA;NA;NA;NA;NA;NA;NA;NA;NA
2022-11-06;0-60;1;1,0;1;1;1;1;1;1;1;1;1,0;1;95;95,0;95;95;95;95;95;95;95;95;95,0;95,0;1,000000000000000;1,000000000000000;1,000000000000000;1,000000000000000;1,000000000000000;1,000000000000000;1,000000000000000;1,000000000000000;1,000000000000000;1,0000000000000000;1,0000000000000000
2022-11-06;60+;4;4,0;4;4;4;4;4;4;4;4;4,0;4;274;274,0;274;274;274;274;274;274;274;274;274,0;274,0;1,000000000000000;1,000000000000000;1,000000000000000;1,000000000000000;1,000000000000000;1,000000000000000;1,000000000000000;1,000000000000000;1,000000000000000;1,0000000000000000;1,0000000000000000
2022-11-06;alle;5;5,0;5;5;5;5;5;5;5;5;5,0;5;369;369,0;369;369;369;369;369;369;369;369;369,0;369,0;NA;NA;NA;NA;NA;NA;NA;NA;NA;NA;NA
2022-11-05;0-60;11;11,0;11;11;11;11;11;11;11;11;11,0;11;96;96,0;96;96;96;96;96;96;96;96;96,0;96,0;1,000000000000000;1,000000000000000;1,000000000000000;1,000000000000000;1,000000000000000;1,000000000000000;1,000000000000000;1,000000000000000;1,000000000000000;1,0000000000000000;1,0000000000000000
2022-11-05;60+;34;34,0;34;34;34;34;34;34;34;34;34,0;34;272;272,0;272;272;272;272;272;272;272;272;272,0;272,0;1,000000000000000;1,000000000000000;1,000000000000000;1,000000000000000;1,000000000000000;1,000000000000000;1,000000000000000;1,000000000000000;1,000000000000000;1,0000000000000000;1,0000000000000000
2022-11-05;alle;45;45,0;45;45;45;45;45;45;45;45;45,0;45;368;368,0;368;368;368;368;368;368;368;368;368,0;368,0;NA;NA;NA;NA;NA;NA;NA;NA;NA;NA;NA
2022-11-04;0-60;9;9,0;9;9;9;9;9;9;9;9;9,0;9;98;98,0;98;98;98;98;98;98;98;98;98,0;98,0;1,000000000000000;1,000000000000000;1,000000000000000;1,000000000000000;1,000000000000000;1,000000000000000;1,000000000000000;1,000000000000000;1,000000000000000;1,0000000000000000;1,0000000000000000
2022-11-04;60+;40;40,0;40;40;40;40;40;40;40;40;40,0;40;274;274,0;274;274;274;274;274;274;274;274;274,0;274,0;1,000000000000000;1,000000000000000;1,000000000000000;1,000000000000000;1,000000000000000;1,000000000000000;1,000000000000000;1,000000000000000;1,000000000000000;1,0000000000000000;1,0000000000000000
2022-11-04;alle;49;49,0;49;49;49;49;49;49;49;49;49,0;49;372;372,0;372;372;372;372;372;372;372;372;372,0;372,0;NA;NA;NA;NA;NA;NA;NA;NA;NA;NA;NA
2022-11-03;0-60;21;21,0;21;21;21;21;21;21;21;21;21,0;21;102;102,0;102;102;102;102;102;102;102;102;102,0;102,0;1,000000000000000;1,000000000000000;1,000000000000000;1,000000000000000;1,000000000000000;1,000000000000000;1,000000000000000;1,000000000000000;1,000000000000000;1,0000000000000000;1,0000000000000000
2022-11-03;60+;53;53,0;53;53;53;53;53;53;53;53;53,0;53;308;308,0;308;308;308;308;308;308;308;308;308,0;308,0;1,000000000000000;1,000000000000000;1,000000000000000;1,000000000000000;1,000000000000000;1,000000000000000;1,000000000000000;1,000000000000000;1,000000000000000;1,0000000000000000;1,0000000000000000
2022-11-03;alle;74;74,0;74;74;74;74;74;74;74;74;74,0;74;410;410,0;410;410;410;410;410;410;410;410;410,0;410,0;NA;NA;NA;NA;NA;NA;NA;NA;NA;NA;NA
2022-11-02;0-60;23;23,0;23;23;23;23;23;23;23;23;23,0;23;110;110,0;110;110;110;110;110;110;110;110;110,0;110,0;1,000000000000000;1,000000000000000;1,000000000000000;1,000000000000000;1,000000000000000;1,000000000000000;1,000000000000000;1,000000000000000;1,000000000000000;1,0000000000000000;1,0000000000000000
2022-11-02;60+;57;57,0;57;57;57;57;57;57;57;57;57,0;57;302;302,0;302;302;302;302;302;302;302;302;302,0;302,0;1,000000000000000;1,000000000000000;1,000000000000000;1,000000000000000;1,000000000000000;1,000000000000000;1,000000000000000;1,000000000000000;1,000000000000000;1,0000000000000000;1,0000000000000000
2022-11-02;alle;80;80,0;80;80;80;80;80;80;80;80;80,0;80;412;412,0;412;412;412;412;412;412;412;412;412,0;412,0;NA;NA;NA;NA;NA;NA;NA;NA;NA;NA;NA
2022-11-01;0-60;30;30,0;30;30;30;30;30;30;30;30;30,0;30;112;112,0;112;112;112;112;112;112;112;112;112,0;112,0;1,000000000000000;1,000000000000000;1,000000000000000;1,000000000000000;1,000000000000000;1,000000000000000;1,000000000000000;1,000000000000000;1,000000000000000;1,0000000000000000;1,0000000000000000
2022-11-01;60+;86;86,0;86;86;86;86;86;86;86;86;86,0;86;325;325,0;325;325;325;325;325;325;325;325;325,0;325,0;1,000000000000000;1,000000000000000;1,000000000000000;1,000000000000000;1,000000000000000;1,000000000000000;1,000000000000000;1,000000000000000;1,000000000000000;1,0000000000000000;1,0000000000000000
2022-11-01;alle;116;116,0;116;116;116;116;116;116;116;116;116,0;116;437;437,0;437;437;437;437;437;437;437;437;437,0;437,0;NA;NA;NA;NA;NA;NA;NA;NA;NA;NA;NA
2022-10-31;0-60;0;0,0;0;0;0;0;0;0;0;0;0,0;0;110;110,0;110;110;110;110;110;110;110;110;110,0;110,0;1,000000000000000;1,000000000000000;1,000000000000000;1,000000000000000;1,000000000000000;1,000000000000000;1,000000000000000;1,000000000000000;1,000000000000000;1,0000000000000000;1,0000000000000000
2022-10-31;60+;0;0,0;0;0;0;0;0;0;0;0;0,0;0;332;332,0;332;332;332;332;332;332;332;332;332,0;332,0;1,000000000000000;1,000000000000000;1,000000000000000;1,000000000000000;1,000000000000000;1,000000000000000;1,000000000000000;1,000000000000000;1,000000000000000;1,0000000000000000;1,0000000000000000
2022-10-31;alle;0;0,0;0;0;0;0;0;0;0;0;0,0;0;442;442,0;442;442;442;442;442;442;442;442;442,0;442,0;NA;NA;NA;NA;NA;NA;NA;NA;NA;NA;NA
2022-10-30;0-60;2;2,0;2;2;2;2;2;2;2;2;2,0;2;113;113,0;113;113;113;113;113;113;113;113;113,0;113,0;1,000000000000000;1,000000000000000;1,000000000000000;1,000000000000000;1,000000000000000;1,000000000000000;1,000000000000000;1,000000000000000;1,000000000000000;1,0000000000000000;1,0000000000000000
2022-10-30;60+;2;2,0;2;2;2;2;2;2;2;2;2,0;2;337;337,0;337;337;337;337;337;337;337;337;337,0;337,0;1,000000000000000;1,000000000000000;1,000000000000000;1,000000000000000;1,000000000000000;1,000000000000000;1,000000000000000;1,000000000000000;1,000000000000000;1,0000000000000000;1,0000000000000000
2022-10-30;alle;4;4,0;4;4;4;4;4;4;4;4;4,0;4;450;450,0;450;450;450;450;450;450;450;450;450,0;450,0;NA;NA;NA;NA;NA;NA;NA;NA;NA;NA;NA
2022-10-29;0-60;13;13,0;13;13;13;13;13;13;13;13;13,0;13;112;112,0;112;112;112;112;112;112;112;112;112,0;112,0;1,000000000000000;1,000000000000000;1,000000000000000;1,000000000000000;1,000000000000000;1,000000000000000;1,000000000000000;1,000000000000000;1,000000000000000;1,0000000000000000;1,0000000000000000
2022-10-29;60+;36;36,0;36;36;36;36;36;36;36;36;36,0;36;338;338,0;338;338;338;338;338;338;338;338;338,0;338,0;1,000000000000000;1,000000000000000;1,000000000000000;1,000000000000000;1,000000000000000;1,000000000000000;1,000000000000000;1,000000000000000;1,000000000000000;1,0000000000000000;1,0000000000000000
2022-10-29;alle;49;49,0;49;49;49;49;49;49;49;49;49,0;49;450;450,0;450;450;450;450;450;450;450;450;450,0;450,0;NA;NA;NA;NA;NA;NA;NA;NA;NA;NA;NA
2022-10-28;0-60;13;13,0;13;13;13;13;13;13;13;13;13,0;13;114;114,0;114;114;114;114;114;114;114;114;114,0;114,0;1,000000000000000;1,000000000000000;1,000000000000000;1,000000000000000;1,000000000000000;1,000000000000000;1,000000000000000;1,000000000000000;1,000000000000000;1,0000000000000000;1,0000000000000000
2022-10-28;60+;74;74,0;74;74;74;74;74;74;74;74;74,0;74;367;367,0;367;367;367;367;367;367;367;367;367,0;367,0;1,000000000000000;1,000000000000000;1,000000000000000;1,000000000000000;1,000000000000000;1,000000000000000;1,000000000000000;1,000000000000000;1,000000000000000;1,0000000000000000;1,0000000000000000
2022-10-28;alle;87;87,0;87;87;87;87;87;87;87;87;87,0;87;481;481,0;481;481;481;481;481;481;481;481;481,0;481,0;NA;NA;NA;NA;NA;NA;NA;NA;NA;NA;NA
2022-10-27;0-60;29;29,0;29;29;29;29;29;29;29;29;29,0;29;117;117,0;117;117;117;117;117;117;117;117;117,0;117,0;1,000000000000000;1,000000000000000;1,000000000000000;1,000000000000000;1,000000000000000;1,000000000000000;1,000000000000000;1,000000000000000;1,000000000000000;1,0000000000000000;1,0000000000000000
2022-10-27;60+;47;47,0;47;47;47;47;47;47;47;47;47,0;47;365;365,0;365;365;365;365;365;365;365;365;365,0;365,0;1,000000000000000;1,000000000000000;1,000000000000000;1,000000000000000;1,000000000000000;1,000000000000000;1,000000000000000;1,000000000000000;1,000000000000000;1,0000000000000000;1,0000000000000000
2022-10-27;alle;76;76,0;76;76;76;76;76;76;76;76;76,0;76;482;482,0;482;482;482;482;482;482;482;482;482,0;482,0;NA;NA;NA;NA;NA;NA;NA;NA;NA;NA;NA
2022-10-26;0-60;25;25,0;25;25;25;25;25;25;25;25;25,0;25;105;105,0;105;105;105;105;105;105;105;105;105,0;105,0;1,000000000000000;1,000000000000000;1,000000000000000;1,000000000000000;1,000000000000000;1,000000000000000;1,000000000000000;1,000000000000000;1,000000000000000;1,0000000000000000;1,0000000000000000
2022-10-26;60+;80;80,0;80;80;80;80;80;80;80;80;80,0;80;387;387,0;387;387;387;387;387;387;387;387;387,0;387,0;1,000000000000000;1,000000000000000;1,000000000000000;1,000000000000000;1,000000000000000;1,000000000000000;1,000000000000000;1,000000000000000;1,000000000000000;1,0000000000000000;1,0000000000000000
2022-10-26;alle;105;105,0;105;105;105;105;105;105;105;105;105,0;105;492;492,0;492;492;492;492;492;492;492;492;492,0;492,0;NA;NA;NA;NA;NA;NA;NA;NA;NA;NA;NA
2022-10-25;0-60;28;28,0;28;28;28;28;28;28;28;28;28,0;28;106;106,0;106;106;106;106;106;106;106;106;106,0;106,0;1,000000000000000;1,000000000000000;1,000000000000000;1,000000000000000;1,000000000000000;1,000000000000000;1,000000000000000;1,000000000000000;1,000000000000000;1,0000000000000000;1,0000000000000000
2022-10-25;60+;93;93,0;93;93;93;93;93;93;93;93;93,0;93;406;406,0;406;406;406;406;406;406;406;406;406,0;406,0;1,000000000000000;1,000000000000000;1,000000000000000;1,000000000000000;1,000000000000000;1,000000000000000;1,000000000000000;1,000000000000000;1,000000000000000;1,0000000000000000;1,0000000000000000
2022-10-25;alle;121;121,0;121;121;121;121;121;121;121;121;121,0;121;512;512,0;512;512;512;512;512;512;512;512;512,0;512,0;NA;NA;NA;NA;NA;NA;NA;NA;NA;NA;NA
2022-10-24;0-60;3;3,0;3;3;3;3;3;3;3;3;3,0;3;107;107,0;107;107;107;107;107;107;107;107;107,0;107,0;1,000000000000000;1,000000000000000;1,000000000000000;1,000000000000000;1,000000000000000;1,000000000000000;1,000000000000000;1,000000000000000;1,000000000000000;1,0000000000000000;1,0000000000000000
2022-10-24;60+;5;5,0;5;5;5;5;5;5;5;5;5,0;5;466;466,0;466;466;466;466;466;466;466;466;466,0;466,0;1,000000000000000;1,000000000000000;1,000000000000000;1,000000000000000;1,000000000000000;1,000000000000000;1,000000000000000;1,000000000000000;1,000000000000000;1,0000000000000000;1,0000000000000000
2022-10-24;alle;8;8,0;8;8;8;8;8;8;8;8;8,0;8;573;573,0;573;573;573;573;573;573;573;573;573,0;573,0;NA;NA;NA;NA;NA;NA;NA;NA;NA;NA;NA
2022-10-23;0-60;1;1,0;1;1;1;1;1;1;1;1;1,0;1;104;104,0;104;104;104;104;104;104;104;104;104,0;104,0;1,000000000000000;1,000000000000000;1,000000000000000;1,000000000000000;1,000000000000000;1,000000000000000;1,000000000000000;1,000000000000000;1,000000000000000;1,0000000000000000;1,0000000000000000
2022-10-23;60+;3;3,0;3;3;3;3;3;3;3;3;3,0;3;463;463,0;463;463;463;463;463;463;463;463;463,0;463,0;1,000000000000000;1,000000000000000;1,000000000000000;1,000000000000000;1,000000000000000;1,000000000000000;1,000000000000000;1,000000000000000;1,000000000000000;1,0000000000000000;1,0000000000000000
2022-10-23;alle;4;4,0;4;4;4;4;4;4;4;4;4,0;4;567;567,0;567;567;567;567;567;567;567;567;567,0;567,0;NA;NA;NA;NA;NA;NA;NA;NA;NA;NA;NA
2022-10-22;0-60;15;15,0;15;15;15;15;15;15;15;15;15,0;15;103;103,0;103;103;103;103;103;103;103;103;103,0;103,0;1,000000000000000;1,000000000000000;1,000000000000000;1,000000000000000;1,000000000000000;1,000000000000000;1,000000000000000;1,000000000000000;1,000000000000000;1,0000000000000000;1,0000000000000000
2022-10-22;60+;65;65,0;65;65;65;65;65;65;65;65;65,0;65;466;466,0;466;466;466;466;466;466;466;466;466,0;466,0;1,000000000000000;1,000000000000000;1,000000000000000;1,000000000000000;1,000000000000000;1,000000000000000;1,000000000000000;1,000000000000000;1,000000000000000;1,0000000000000000;1,0000000000000000
2022-10-22;alle;80;80,0;80;80;80;80;80;80;80;80;80,0;80;569;569,0;569;569;569;569;569;569;569;569;569,0;569,0;NA;NA;NA;NA;NA;NA;NA;NA;NA;NA;NA
2022-10-21;0-60;16;16,0;16;16;16;16;16;16;16;16;16,0;16;103;103,0;103;103;103;103;103;103;103;103;103,0;103,0;1,000000000000000;1,000000000000000;1,000000000000000;1,000000000000000;1,000000000000000;1,000000000000000;1,000000000000000;1,000000000000000;1,000000000000000;1,0000000000000000;1,0000000000000000
2022-10-21;60+;72;72,0;72;72;72;72;72;72;72;72;72,0;72;478;478,0;478;478;478;478;478;478;478;478;478,0;478,0;1,000000000000000;1,000000000000000;1,000000000000000;1,000000000000000;1,000000000000000;1,000000000000000;1,000000000000000;1,000000000000000;1,000000000000000;1,0000000000000000;1,0000000000000000
2022-10-21;alle;88;88,0;88;88;88;88;88;88;88;88;88,0;88;581;581,0;581;581;581;581;581;581;581;581;581,0;581,0;NA;NA;NA;NA;NA;NA;NA;NA;NA;NA;NA
2022-10-20;0-60;17;17,0;17;17;17;17;17;17;17;17;17,0;17;96;96,0;96;96;96;96;96;96;96;96;96,0;96,0;1,000000000000000;1,000000000000000;1,000000000000000;1,000000000000000;1,000000000000000;1,000000000000000;1,000000000000000;1,000000000000000;1,000000000000000;1,0000000000000000;1,0000000000000000
2022-10-20;60+;69;69,0;69;69;69;69;69;69;69;69;69,0;69;492;492,0;492;492;492;492;492;492;492;492;492,0;492,0;1,000000000000000;1,000000000000000;1,000000000000000;1,000000000000000;1,000000000000000;1,000000000000000;1,000000000000000;1,000000000000000;1,000000000000000;1,0000000000000000;1,0000000000000000
2022-10-20;alle;86;86,0;86;86;86;86;86;86;86;86;86,0;86;588;588,0;588;588;588;588;588;588;588;588;588,0;588,0;NA;NA;NA;NA;NA;NA;NA;NA;NA;NA;NA
2022-10-19;0-60;26;26,0;26;26;26;26;26;26;26;26;26,0;26;100;100,0;100;100;100;100;100;100;100;100;100,0;100,0;1,000000000000000;1,000000000000000;1,000000000000000;1,000000000000000;1,000000000000000;1,000000000000000;1,000000000000000;1,000000000000000;1,000000000000000;1,0000000000000000;1,0000000000000000
2022-10-19;60+;99;99,0;99;99;99;99;99;99;99;99;99,0;99;489;489,0;489;489;489;489;489;489;489;489;489,0;489,0;1,000000000000000;1,000000000000000;1,000000000000000;1,000000000000000;1,000000000000000;1,000000000000000;1,000000000000000;1,000000000000000;1,000000000000000;1,0000000000000000;1,0000000000000000
2022-10-19;alle;125;125,0;125;125;125;125;125;125;125;125;125,0;125;589;589,0;589;589;589;589;589;589;589;589;589,0;589,0;NA;NA;NA;NA;NA;NA;NA;NA;NA;NA;NA
2022-10-18;0-60;29;29,0;29;29;29;29;29;29;29;29;29,0;29;89;89,0;89;89;89;89;89;89;89;89;89,0;89,0;1,000000000000000;1,000000000000000;1,000000000000000;1,000000000000000;1,000000000000000;1,000000000000000;1,000000000000000;1,000000000000000;1,000000000000000;1,0000000000000000;1,0000000000000000
2022-10-18;60+;153;153,0;153;153;153;153;153;153;153;153;153,0;153;472;472,0;472;472;472;472;472;472;472;472;472,0;472,0;1,000000000000000;1,000000000000000;1,000000000000000;1,000000000000000;1,000000000000000;1,000000000000000;1,000000000000000;1,000000000000000;1,000000000000000;1,0000000000000000;1,0000000000000000
2022-10-18;alle;182;182,0;182;182;182;182;182;182;182;182;182,0;182;561;561,0;561;561;561;561;561;561;561;561;561,0;561,0;NA;NA;NA;NA;NA;NA;NA;NA;NA;NA;NA
2022-10-17;0-60;0;0,0;0;0;0;0;0;0;0;0;0,0;0;76;76,0;76;76;76;76;76;76;76;76;76,0;76,0;1,000000000000000;1,000000000000000;1,000000000000000;1,000000000000000;1,000000000000000;1,000000000000000;1,000000000000000;1,000000000000000;1,000000000000000;1,0000000000000000;1,0000000000000000
2022-10-17;60+;2;2,0;2;2;2;2;2;2;2;2;2,0;2;451;451,0;451;451;451;451;451;451;451;451;451,0;451,0;1,000000000000000;1,000000000000000;1,000000000000000;1,000000000000000;1,000000000000000;1,000000000000000;1,000000000000000;1,000000000000000;1,000000000000000;1,0000000000000000;1,0000000000000000
2022-10-17;alle;2;2,0;2;2;2;2;2;2;2;2;2,0;2;527;527,0;527;527;527;527;527;527;527;527;527,0;527,0;NA;NA;NA;NA;NA;NA;NA;NA;NA;NA;NA
2022-10-16;0-60;0;0,0;0;0;0;0;0;0;0;0;0,0;0;76;76,0;76;76;76;76;76;76;76;76;76,0;76,0;1,000000000000000;1,000000000000000;1,000000000000000;1,000000000000000;1,000000000000000;1,000000000000000;1,000000000000000;1,000000000000000;1,000000000000000;1,0000000000000000;1,0000000000000000
2022-10-16;60+;6;6,0;6;6;6;6;6;6;6;6;6,0;6;450;450,0;450;450;450;450;450;450;450;450;450,0;450,0;1,000000000000000;1,000000000000000;1,000000000000000;1,000000000000000;1,000000000000000;1,000000000000000;1,000000000000000;1,000000000000000;1,000000000000000;1,0000000000000000;1,0000000000000000
2022-10-16;alle;6;6,0;6;6;6;6;6;6;6;6;6,0;6;526;526,0;526;526;526;526;526;526;526;526;526,0;526,0;NA;NA;NA;NA;NA;NA;NA;NA;NA;NA;NA
2022-10-15;0-60;15;15,0;15;15;15;15;15;15;15;15;15,0;15;76;76,0;76;76;76;76;76;76;76;76;76,0;76,0;1,000000000000000;1,000000000000000;1,000000000000000;1,000000000000000;1,000000000000000;1,000000000000000;1,000000000000000;1,000000000000000;1,000000000000000;1,0000000000000000;1,0000000000000000
2022-10-15;60+;77;77,0;77;77;77;77;77;77;77;77;77,0;77;444;444,0;444;444;444;444;444;444;444;444;444,0;444,0;1,000000000000000;1,000000000000000;1,000000000000000;1,000000000000000;1,000000000000000;1,000000000000000;1,000000000000000;1,000000000000000;1,000000000000000;1,0000000000000000;1,0000000000000000
2022-10-15;alle;92;92,0;92;92;92;92;92;92;92;92;92,0;92;520;520,0;520;520;520;520;520;520;520;520;520,0;520,0;NA;NA;NA;NA;NA;NA;NA;NA;NA;NA;NA
2022-10-14;0-60;9;9,0;9;9;9;9;9;9;9;9;9,0;9;85;85,0;85;85;85;85;85;85;85;85;85,0;85,0;1,000000000000000;1,000000000000000;1,000000000000000;1,000000000000000;1,000000000000000;1,000000000000000;1,000000000000000;1,000000000000000;1,000000000000000;1,0000000000000000;1,0000000000000000
2022-10-14;60+;86;86,0;86;86;86;86;86;86;86;86;86,0;86;427;427,0;427;427;427;427;427;427;427;427;427,0;427,0;1,000000000000000;1,000000000000000;1,000000000000000;1,000000000000000;1,000000000000000;1,000000000000000;1,000000000000000;1,000000000000000;1,000000000000000;1,0000000000000000;1,0000000000000000
2022-10-14;alle;95;95,0;95;95;95;95;95;95;95;95;95,0;95;512;512,0;512;512;512;512;512;512;512;512;512,0;512,0;NA;NA;NA;NA;NA;NA;NA;NA;NA;NA;NA
2022-10-13;0-60;21;21,0;21;21;21;21;21;21;21;21;21,0;21;92;92,0;92;92;92;92;92;92;92;92;92,0;92,0;1,000000000000000;1,000000000000000;1,000000000000000;1,000000000000000;1,000000000000000;1,000000000000000;1,000000000000000;1,000000000000000;1,000000000000000;1,0000000000000000;1,0000000000000000
2022-10-13;60+;66;66,0;66;66;66;66;66;66;66;66;66,0;66;397;397,0;397;397;397;397;397;397;397;397;397,0;397,0;1,000000000000000;1,000000000000000;1,000000000000000;1,000000000000000;1,000000000000000;1,000000000000000;1,000000000000000;1,000000000000000;1,000000000000000;1,0000000000000000;1,0000000000000000
2022-10-13;alle;87;87,0;87;87;87;87;87;87;87;87;87,0;87;489;489,0;489;489;489;489;489;489;489;489;489,0;489,0;NA;NA;NA;NA;NA;NA;NA;NA;NA;NA;NA
2022-10-12;0-60;15;15,0;15;15;15;15;15;15;15;15;15,0;15;95;95,0;95;95;95;95;95;95;95;95;95,0;95,0;1,000000000000000;1,000000000000000;1,000000000000000;1,000000000000000;1,000000000000000;1,000000000000000;1,000000000000000;1,000000000000000;1,000000000000000;1,0000000000000000;1,0000000000000000
2022-10-12;60+;82;82,0;82;82;82;82;82;82;82;82;82,0;82;400;400,0;400;400;400;400;400;400;400;400;400,0;400,0;1,000000000000000;1,000000000000000;1,000000000000000;1,000000000000000;1,000000000000000;1,000000000000000;1,000000000000000;1,000000000000000;1,000000000000000;1,0000000000000000;1,0000000000000000
2022-10-12;alle;97;97,0;97;97;97;97;97;97;97;97;97,0;97;495;495,0;495;495;495;495;495;495;495;495;495,0;495,0;NA;NA;NA;NA;NA;NA;NA;NA;NA;NA;NA
2022-10-11;0-60;16;16,0;16;16;16;16;16;16;16;16;16,0;16;115;115,0;115;115;115;115;115;115;115;115;115,0;115,0;1,000000000000000;1,000000000000000;1,000000000000000;1,000000000000000;1,000000000000000;1,000000000000000;1,000000000000000;1,000000000000000;1,000000000000000;1,0000000000000000;1,0000000000000000
2022-10-11;60+;132;132,0;132;132;132;132;132;132;132;132;132,0;132;431;431,0;431;431;431;431;431;431;431;431;431,0;431,0;1,000000000000000;1,000000000000000;1,000000000000000;1,000000000000000;1,000000000000000;1,000000000000000;1,000000000000000;1,000000000000000;1,000000000000000;1,0000000000000000;1,0000000000000000
2022-10-11;alle;148;148,0;148;148;148;148;148;148;148;148;148,0;148;546;546,0;546;546;546;546;546;546;546;546;546,0;546,0;NA;NA;NA;NA;NA;NA;NA;NA;NA;NA;NA
2022-10-10;0-60;0;0,0;0;0;0;0;0;0;0;0;0,0;0;99;99,0;99;99;99;99;99;99;99;99;99,0;99,0;1,000000000000000;1,000000000000000;1,000000000000000;1,000000000000000;1,000000000000000;1,000000000000000;1,000000000000000;1,000000000000000;1,000000000000000;1,0000000000000000;1,0000000000000000
2022-10-10;60+;1;1,0;1;1;1;1;1;1;1;1;1,0;1;304;304,0;304;304;304;304;304;304;304;304;304,0;304,0;1,000000000000000;1,000000000000000;1,000000000000000;1,000000000000000;1,000000000000000;1,000000000000000;1,000000000000000;1,000000000000000;1,000000000000000;1,0000000000000000;1,0000000000000000
2022-10-10;alle;1;1,0;1;1;1;1;1;1;1;1;1,0;1;403;403,0;403;403;403;403;403;403;403;403;403,0;403,0;NA;NA;NA;NA;NA;NA;NA;NA;NA;NA;NA
2022-10-09;0-60;0;0,0;0;0;0;0;0;0;0;0;0,0;0;99;99,0;99;99;99;99;99;99;99;99;99,0;99,0;1,000000000000000;1,000000000000000;1,000000000000000;1,000000000000000;1,000000000000000;1,000000000000000;1,000000000000000;1,000000000000000;1,000000000000000;1,0000000000000000;1,0000000000000000
2022-10-09;60+;0;0,0;0;0;0;0;0;0;0;0;0,0;0;305;305,0;305;305;305;305;305;305;305;305;305,0;305,0;1,000000000000000;1,000000000000000;1,000000000000000;1,000000000000000;1,000000000000000;1,000000000000000;1,000000000000000;1,000000000000000;1,000000000000000;1,0000000000000000;1,0000000000000000
2022-10-09;alle;0;0,0;0;0;0;0;0;0;0;0;0,0;0;404;404,0;404;404;404;404;404;404;404;404;404,0;404,0;NA;NA;NA;NA;NA;NA;NA;NA;NA;NA;NA
2022-10-08;0-60;24;24,0;24;24;24;24;24;24;24;24;24,0;24;100;100,0;100;100;100;100;100;100;100;100;100,0;100,0;1,000000000000000;1,000000000000000;1,000000000000000;1,000000000000000;1,000000000000000;1,000000000000000;1,000000000000000;1,000000000000000;1,000000000000000;1,0000000000000000;1,0000000000000000
2022-10-08;60+;60;60,0;60;60;60;60;60;60;60;60;60,0;60;308;308,0;308;308;308;308;308;308;308;308;308,0;308,0;1,000000000000000;1,000000000000000;1,000000000000000;1,000000000000000;1,000000000000000;1,000000000000000;1,000000000000000;1,000000000000000;1,000000000000000;1,0000000000000000;1,0000000000000000
2022-10-08;alle;84;84,0;84;84;84;84;84;84;84;84;84,0;84;408;408,0;408;408;408;408;408;408;408;408;408,0;408,0;NA;NA;NA;NA;NA;NA;NA;NA;NA;NA;NA
2022-10-07;0-60;16;16,0;16;16;16;16;16;16;16;16;16,0;16;89;89,0;89;89;89;89;89;89;89;89;89,0;89,0;1,000000000000000;1,000000000000000;1,000000000000000;1,000000000000000;1,000000000000000;1,000000000000000;1,000000000000000;1,000000000000000;1,000000000000000;1,0000000000000000;1,0000000000000000
2022-10-07;60+;56;56,0;56;56;56;56;56;56;56;56;56,0;56;282;282,0;282;282;282;282;282;282;282;282;282,0;282,0;1,000000000000000;1,000000000000000;1,000000000000000;1,000000000000000;1,000000000000000;1,000000000000000;1,000000000000000;1,000000000000000;1,000000000000000;1,0000000000000000;1,0000000000000000
2022-10-07;alle;72;72,0;72;72;72;72;72;72;72;72;72,0;72;371;371,0;371;371;371;371;371;371;371;371;371,0;371,0;NA;NA;NA;NA;NA;NA;NA;NA;NA;NA;NA
2022-10-06;0-60;24;24,0;24;24;24;24;24;24;24;24;24,0;24;88;88,0;88;88;88;88;88;88;88;88;88,0;88,0;1,000000000000000;1,000000000000000;1,000000000000000;1,000000000000000;1,000000000000000;1,000000000000000;1,000000000000000;1,000000000000000;1,000000000000000;1,0000000000000000;1,0000000000000000
2022-10-06;60+;69;69,0;69;69;69;69;69;69;69;69;69,0;69;253;253,0;253;253;253;253;253;253;253;253;253,0;253,0;1,000000000000000;1,000000000000000;1,000000000000000;1,000000000000000;1,000000000000000;1,000000000000000;1,000000000000000;1,000000000000000;1,000000000000000;1,0000000000000000;1,0000000000000000
2022-10-06;alle;93;93,0;93;93;93;93;93;93;93;93;93,0;93;341;341,0;341;341;341;341;341;341;341;341;341,0;341,0;NA;NA;NA;NA;NA;NA;NA;NA;NA;NA;NA
2022-10-05;0-60;35;35,0;35;35;35;35;35;35;35;35;35,0;35;74;74,0;74;74;74;74;74;74;74;74;74,0;74,0;1,000000000000000;1,000000000000000;1,000000000000000;1,000000000000000;1,000000000000000;1,000000000000000;1,000000000000000;1,000000000000000;1,000000000000000;1,0000000000000000;1,0000000000000000
2022-10-05;60+;113;113,0;113;113;113;113;113;113;113;113;113,0;113;225;225,0;225;225;225;225;225;225;225;225;225,0;225,0;1,000000000000000;1,000000000000000;1,000000000000000;1,000000000000000;1,000000000000000;1,000000000000000;1,000000000000000;1,000000000000000;1,000000000000000;1,0000000000000000;1,0000000000000000
2022-10-05;alle;148;148,0;148;148;148;148;148;148;148;148;148,0;148;299;299,0;299;299;299;299;299;299;299;299;299,0;299,0;NA;NA;NA;NA;NA;NA;NA;NA;NA;NA;NA
2022-10-04;0-60;0;0,0;0;0;0;0;0;0;0;0;0,0;0;61;61,0;61;61;61;61;61;61;61;61;61,0;61,0;1,000000000000000;1,000000000000000;1,000000000000000;1,000000000000000;1,000000000000000;1,000000000000000;1,000000000000000;1,000000000000000;1,000000000000000;1,0000000000000000;1,0000000000000000
2022-10-04;60+;5;5,0;5;5;5;5;5;5;5;5;5,0;5;167;167,0;167;167;167;167;167;167;167;167;167,0;167,0;1,000000000000000;1,000000000000000;1,000000000000000;1,000000000000000;1,000000000000000;1,000000000000000;1,000000000000000;1,000000000000000;1,000000000000000;1,0000000000000000;1,0000000000000000
2022-10-04;alle;5;5,0;5;5;5;5;5;5;5;5;5,0;5;228;228,0;228;228;228;228;228;228;228;228;228,0;228,0;NA;NA;NA;NA;NA;NA;NA;NA;NA;NA;NA
2022-10-03;0-60;0;0,0;0;0;0;0;0;0;0;0;0,0;0;86;86,0;86;86;86;86;86;86;86;86;86,0;86,0;1,000000000000000;1,000000000000000;1,000000000000000;1,000000000000000;1,000000000000000;1,000000000000000;1,000000000000000;1,000000000000000;1,000000000000000;1,0000000000000000;1,0000000000000000
2022-10-03;60+;2;2,0;2;2;2;2;2;2;2;2;2,0;2;234;234,0;234;234;234;234;234;234;234;234;234,0;234,0;1,000000000000000;1,000000000000000;1,000000000000000;1,000000000000000;1,000000000000000;1,000000000000000;1,000000000000000;1,000000000000000;1,000000000000000;1,0000000000000000;1,0000000000000000
2022-10-03;alle;2;2,0;2;2;2;2;2;2;2;2;2,0;2;320;320,0;320;320;320;320;320;320;320;320;320,0;320,0;NA;NA;NA;NA;NA;NA;NA;NA;NA;NA;NA
2022-10-02;0-60;1;1,0;1;1;1;1;1;1;1;1;1,0;1;86;86,0;86;86;86;86;86;86;86;86;86,0;86,0;1,000000000000000;1,000000000000000;1,000000000000000;1,000000000000000;1,000000000000000;1,000000000000000;1,000000000000000;1,000000000000000;1,000000000000000;1,0000000000000000;1,0000000000000000
2022-10-02;60+;3;3,0;3;3;3;3;3;3;3;3;3,0;3;234;234,0;234;234;234;234;234;234;234;234;234,0;234,0;1,000000000000000;1,000000000000000;1,000000000000000;1,000000000000000;1,000000000000000;1,000000000000000;1,000000000000000;1,000000000000000;1,000000000000000;1,0000000000000000;1,0000000000000000
2022-10-02;alle;4;4,0;4;4;4;4;4;4;4;4;4,0;4;320;320,0;320;320;320;320;320;320;320;320;320,0;320,0;NA;NA;NA;NA;NA;NA;NA;NA;NA;NA;NA
2022-10-01;0-60;13;13,0;13;13;13;13;13;13;13;13;13,0;13;85;85,0;85;85;85;85;85;85;85;85;85,0;85,0;1,000000000000000;1,000000000000000;1,000000000000000;1,000000000000000;1,000000000000000;1,000000000000000;1,000000000000000;1,000000000000000;1,000000000000000;1,0000000000000000;1,0000000000000000
2022-10-01;60+;34;34,0;34;34;34;34;34;34;34;34;34,0;34;232;232,0;232;232;232;232;232;232;232;232;232,0;232,0;1,000000000000000;1,000000000000000;1,000000000000000;1,000000000000000;1,000000000000000;1,000000000000000;1,000000000000000;1,000000000000000;1,000000000000000;1,0000000000000000;1,0000000000000000
2022-10-01;alle;47;47,0;47;47;47;47;47;47;47;47;47,0;47;317;317,0;317;317;317;317;317;317;317;317;317,0;317,0;NA;NA;NA;NA;NA;NA;NA;NA;NA;NA;NA
2022-09-30;0-60;15;15,0;15;15;15;15;15;15;15;15;15,0;15;83;83,0;83;83;83;83;83;83;83;83;83,0;83,0;1,000000000000000;1,000000000000000;1,000000000000000;1,000000000000000;1,000000000000000;1,000000000000000;1,000000000000000;1,000000000000000;1,000000000000000;1,0000000000000000;1,0000000000000000
2022-09-30;60+;27;27,0;27;27;27;27;27;27;27;27;27,0;27;228;228,0;228;228;228;228;228;228;228;228;228,0;228,0;1,000000000000000;1,000000000000000;1,000000000000000;1,000000000000000;1,000000000000000;1,000000000000000;1,000000000000000;1,000000000000000;1,000000000000000;1,0000000000000000;1,0000000000000000
2022-09-30;alle;42;42,0;42;42;42;42;42;42;42;42;42,0;42;311;311,0;311;311;311;311;311;311;311;311;311,0;311,0;NA;NA;NA;NA;NA;NA;NA;NA;NA;NA;NA
2022-09-29;0-60;10;10,0;10;10;10;10;10;10;10;10;10,0;10;74;74,0;74;74;74;74;74;74;74;74;74,0;74,0;1,000000000000000;1,000000000000000;1,000000000000000;1,000000000000000;1,000000000000000;1,000000000000000;1,000000000000000;1,000000000000000;1,000000000000000;1,0000000000000000;1,0000000000000000
2022-09-29;60+;41;41,0;41;41;41;41;41;41;41;41;41,0;41;241;241,0;241;241;241;241;241;241;241;241;241,0;241,0;1,000000000000000;1,000000000000000;1,000000000000000;1,000000000000000;1,000000000000000;1,000000000000000;1,000000000000000;1,000000000000000;1,000000000000000;1,0000000000000000;1,0000000000000000
2022-09-29;alle;51;51,0;51;51;51;51;51;51;51;51;51,0;51;315;315,0;315;315;315;315;315;315;315;315;315,0;315,0;NA;NA;NA;NA;NA;NA;NA;NA;NA;NA;NA
2022-09-28;0-60;22;22,0;22;22;22;22;22;22;22;22;22,0;22;76;76,0;76;76;76;76;76;76;76;76;76,0;76,0;1,000000000000000;1,000000000000000;1,000000000000000;1,000000000000000;1,000000000000000;1,000000000000000;1,000000000000000;1,000000000000000;1,000000000000000;1,0000000000000000;1,0000000000000000
2022-09-28;60+;55;55,0;55;55;55;55;55;55;55;55;55,0;55;238;238,0;238;238;238;238;238;238;238;238;238,0;238,0;1,000000000000000;1,000000000000000;1,000000000000000;1,000000000000000;1,000000000000000;1,000000000000000;1,000000000000000;1,000000000000000;1,000000000000000;1,0000000000000000;1,0000000000000000
2022-09-28;alle;77;77,0;77;77;77;77;77;77;77;77;77,0;77;314;314,0;314;314;314;314;314;314;314;314;314,0;314,0;NA;NA;NA;NA;NA;NA;NA;NA;NA;NA;NA
2022-09-27;0-60;25;25,0;25;25;25;25;25;25;25;25;25,0;25;66;66,0;66;66;66;66;66;66;66;66;66,0;66,0;1,000000000000000;1,000000000000000;1,000000000000000;1,000000000000000;1,000000000000000;1,000000000000000;1,000000000000000;1,000000000000000;1,000000000000000;1,0000000000000000;1,0000000000000000
2022-09-27;60+;72;72,0;72;72;72;72;72;72;72;72;72,0;72;206;206,0;206;206;206;206;206;206;206;206;206,0;206,0;1,000000000000000;1,000000000000000;1,000000000000000;1,000000000000000;1,000000000000000;1,000000000000000;1,000000000000000;1,000000000000000;1,000000000000000;1,0000000000000000;1,0000000000000000
2022-09-27;alle;97;97,0;97;97;97;97;97;97;97;97;97,0;97;272;272,0;272;272;272;272;272;272;272;272;272,0;272,0;NA;NA;NA;NA;NA;NA;NA;NA;NA;NA;NA
2022-09-26;0-60;0;0,0;0;0;0;0;0;0;0;0;0,0;0;64;64,0;64;64;64;64;64;64;64;64;64,0;64,0;1,000000000000000;1,000000000000000;1,000000000000000;1,000000000000000;1,000000000000000;1,000000000000000;1,000000000000000;1,000000000000000;1,000000000000000;1,0000000000000000;1,0000000000000000
2022-09-26;60+;2;2,0;2;2;2;2;2;2;2;2;2,0;2;172;172,0;172;172;172;172;172;172;172;172;172,0;172,0;1,000000000000000;1,000000000000000;1,000000000000000;1,000000000000000;1,000000000000000;1,000000000000000;1,000000000000000;1,000000000000000;1,000000000000000;1,0000000000000000;1,0000000000000000
2022-09-26;alle;2;2,0;2;2;2;2;2;2;2;2;2,0;2;236;236,0;236;236;236;236;236;236;236;236;236,0;236,0;NA;NA;NA;NA;NA;NA;NA;NA;NA;NA;NA
2022-09-25;0-60;0;0,0;0;0;0;0;0;0;0;0;0,0;0;64;64,0;64;64;64;64;64;64;64;64;64,0;64,0;1,000000000000000;1,000000000000000;1,000000000000000;1,000000000000000;1,000000000000000;1,000000000000000;1,000000000000000;1,000000000000000;1,000000000000000;1,0000000000000000;1,0000000000000000
2022-09-25;60+;1;1,0;1;1;1;1;1;1;1;1;1,0;1;171;171,0;171;171;171;171;171;171;171;171;171,0;171,0;1,000000000000000;1,000000000000000;1,000000000000000;1,000000000000000;1,000000000000000;1,000000000000000;1,000000000000000;1,000000000000000;1,000000000000000;1,0000000000000000;1,0000000000000000
2022-09-25;alle;1;1,0;1;1;1;1;1;1;1;1;1,0;1;235;235,0;235;235;235;235;235;235;235;235;235,0;235,0;NA;NA;NA;NA;NA;NA;NA;NA;NA;NA;NA
2022-09-24;0-60;11;11,0;11;11;11;11;11;11;11;11;11,0;11;66;66,0;66;66;66;66;66;66;66;66;66,0;66,0;1,000000000000000;1,000000000000000;1,000000000000000;1,000000000000000;1,000000000000000;1,000000000000000;1,000000000000000;1,000000000000000;1,000000000000000;1,0000000000000000;1,0000000000000000
2022-09-24;60+;30;30,0;30;30;30;30;30;30;30;30;30,0;30;173;173,0;173;173;173;173;173;173;173;173;173,0;173,0;1,000000000000000;1,000000000000000;1,000000000000000;1,000000000000000;1,000000000000000;1,000000000000000;1,000000000000000;1,000000000000000;1,000000000000000;1,0000000000000000;1,0000000000000000
2022-09-24;alle;41;41,0;41;41;41;41;41;41;41;41;41,0;41;239;239,0;239;239;239;239;239;239;239;239;239,0;239,0;NA;NA;NA;NA;NA;NA;NA;NA;NA;NA;NA
2022-09-23;0-60;6;6,0;6;6;6;6;6;6;6;6;6,0;6;65;65,0;65;65;65;65;65;65;65;65;65,0;65,0;1,000000000000000;1,000000000000000;1,000000000000000;1,000000000000000;1,000000000000000;1,000000000000000;1,000000000000000;1,000000000000000;1,000000000000000;1,0000000000000000;1,0000000000000000
2022-09-23;60+;40;40,0;40;40;40;40;40;40;40;40;40,0;40;163;163,0;163;163;163;163;163;163;163;163;163,0;163,0;1,000000000000000;1,000000000000000;1,000000000000000;1,000000000000000;1,000000000000000;1,000000000000000;1,000000000000000;1,000000000000000;1,000000000000000;1,0000000000000000;1,0000000000000000
2022-09-23;alle;46;46,0;46;46;46;46;46;46;46;46;46,0;46;228;228,0;228;228;228;228;228;228;228;228;228,0;228,0;NA;NA;NA;NA;NA;NA;NA;NA;NA;NA;NA
2022-09-22;0-60;12;12,0;12;12;12;12;12;12;12;12;12,0;12;68;68,0;68;68;68;68;68;68;68;68;68,0;68,0;1,000000000000000;1,000000000000000;1,000000000000000;1,000000000000000;1,000000000000000;1,000000000000000;1,000000000000000;1,000000000000000;1,000000000000000;1,0000000000000000;1,0000000000000000
2022-09-22;60+;38;38,0;38;38;38;38;38;38;38;38;38,0;38;139;139,0;139;139;139;139;139;139;139;139;139,0;139,0;1,000000000000000;1,000000000000000;1,000000000000000;1,000000000000000;1,000000000000000;1,000000000000000;1,000000000000000;1,000000000000000;1,000000000000000;1,0000000000000000;1,0000000000000000
2022-09-22;alle;50;50,0;50;50;50;50;50;50;50;50;50,0;50;207;207,0;207;207;207;207;207;207;207;207;207,0;207,0;NA;NA;NA;NA;NA;NA;NA;NA;NA;NA;NA
2022-09-21;0-60;12;12,0;12;12;12;12;12;12;12;12;12,0;12;61;61,0;61;61;61;61;61;61;61;61;61,0;61,0;1,000000000000000;1,000000000000000;1,000000000000000;1,000000000000000;1,000000000000000;1,000000000000000;1,000000000000000;1,000000000000000;1,000000000000000;1,0000000000000000;1,0000000000000000
2022-09-21;60+;23;23,0;23;23;23;23;23;23;23;23;23,0;23;124;124,0;124;124;124;124;124;124;124;124;124,0;124,0;1,000000000000000;1,000000000000000;1,000000000000000;1,000000000000000;1,000000000000000;1,000000000000000;1,000000000000000;1,000000000000000;1,000000000000000;1,0000000000000000;1,0000000000000000
2022-09-21;alle;35;35,0;35;35;35;35;35;35;35;35;35,0;35;185;185,0;185;185;185;185;185;185;185;185;185,0;185,0;NA;NA;NA;NA;NA;NA;NA;NA;NA;NA;NA
2022-09-20;0-60;23;23,0;23;23;23;23;23;23;23;23;23,0;23;56;56,0;56;56;56;56;56;56;56;56;56,0;56,0;1,000000000000000;1,000000000000000;1,000000000000000;1,000000000000000;1,000000000000000;1,000000000000000;1,000000000000000;1,000000000000000;1,000000000000000;1,0000000000000000;1,0000000000000000
2022-09-20;60+;38;38,0;38;38;38;38;38;38;38;38;38,0;38;115;115,0;115;115;115;115;115;115;115;115;115,0;115,0;1,000000000000000;1,000000000000000;1,000000000000000;1,000000000000000;1,000000000000000;1,000000000000000;1,000000000000000;1,000000000000000;1,000000000000000;1,0000000000000000;1,0000000000000000
2022-09-20;alle;61;61,0;61;61;61;61;61;61;61;61;61,0;61;171;171,0;171;171;171;171;171;171;171;171;171,0;171,0;NA;NA;NA;NA;NA;NA;NA;NA;NA;NA;NA
2022-09-19;0-60;0;0,0;0;0;0;0;0;0;0;0;0,0;0;40;40,0;40;40;40;40;40;40;40;40;40,0;40,0;1,000000000000000;1,000000000000000;1,000000000000000;1,000000000000000;1,000000000000000;1,000000000000000;1,000000000000000;1,000000000000000;1,000000000000000;1,0000000000000000;1,0000000000000000
2022-09-19;60+;1;1,0;1;1;1;1;1;1;1;1;1,0;1;103;103,0;103;103;103;103;103;103;103;103;103,0;103,0;1,000000000000000;1,000000000000000;1,000000000000000;1,000000000000000;1,000000000000000;1,000000000000000;1,000000000000000;1,000000000000000;1,000000000000000;1,0000000000000000;1,0000000000000000
2022-09-19;alle;1;1,0;1;1;1;1;1;1;1;1;1,0;1;143;143,0;143;143;143;143;143;143;143;143;143,0;143,0;NA;NA;NA;NA;NA;NA;NA;NA;NA;NA;NA
2022-09-18;0-60;2;2,0;2;2;2;2;2;2;2;2;2,0;2;41;41,0;41;41;41;41;41;41;41;41;41,0;41,0;1,000000000000000;1,000000000000000;1,000000000000000;1,000000000000000;1,000000000000000;1,000000000000000;1,000000000000000;1,000000000000000;1,000000000000000;1,0000000000000000;1,0000000000000000
2022-09-18;60+;3;3,0;3;3;3;3;3;3;3;3;3,0;3;103;103,0;103;103;103;103;103;103;103;103;103,0;103,0;1,000000000000000;1,000000000000000;1,000000000000000;1,000000000000000;1,000000000000000;1,000000000000000;1,000000000000000;1,000000000000000;1,000000000000000;1,0000000000000000;1,0000000000000000
2022-09-18;alle;5;5,0;5;5;5;5;5;5;5;5;5,0;5;144;144,0;144;144;144;144;144;144;144;144;144,0;144,0;NA;NA;NA;NA;NA;NA;NA;NA;NA;NA;NA
2022-09-17;0-60;10;10,0;10;10;10;10;10;10;10;10;10,0;10;40;40,0;40;40;40;40;40;40;40;40;40,0;40,0;1,000000000000000;1,000000000000000;1,000000000000000;1,000000000000000;1,000000000000000;1,000000000000000;1,000000000000000;1,000000000000000;1,000000000000000;1,0000000000000000;1,0000000000000000
2022-09-17;60+;20;20,0;20;20;20;20;20;20;20;20;20,0;20;102;102,0;102;102;102;102;102;102;102;102;102,0;102,0;1,000000000000000;1,000000000000000;1,000000000000000;1,000000000000000;1,000000000000000;1,000000000000000;1,000000000000000;1,000000000000000;1,000000000000000;1,0000000000000000;1,0000000000000000
2022-09-17;alle;30;30,0;30;30;30;30;30;30;30;30;30,0;30;142;142,0;142;142;142;142;142;142;142;142;142,0;142,0;NA;NA;NA;NA;NA;NA;NA;NA;NA;NA;NA
2022-09-16;0-60;9;9,0;9;9;9;9;9;9;9;9;9,0;9;34;34,0;34;34;34;34;34;34;34;34;34,0;34,0;1,000000000000000;1,000000000000000;1,000000000000000;1,000000000000000;1,000000000000000;1,000000000000000;1,000000000000000;1,000000000000000;1,000000000000000;1,0000000000000000;1,0000000000000000
2022-09-16;60+;16;16,0;16;16;16;16;16;16;16;16;16,0;16;96;96,0;96;96;96;96;96;96;96;96;96,0;96,0;1,000000000000000;1,000000000000000;1,000000000000000;1,000000000000000;1,000000000000000;1,000000000000000;1,000000000000000;1,000000000000000;1,000000000000000;1,0000000000000000;1,0000000000000000
2022-09-16;alle;25;25,0;25;25;25;25;25;25;25;25;25,0;25;130;130,0;130;130;130;130;130;130;130;130;130,0;130,0;NA;NA;NA;NA;NA;NA;NA;NA;NA;NA;NA
2022-09-15;0-60;5;5,0;5;5;5;5;5;5;5;5;5,0;5;33;33,0;33;33;33;33;33;33;33;33;33,0;33,0;1,000000000000000;1,000000000000000;1,000000000000000;1,000000000000000;1,000000000000000;1,000000000000000;1,000000000000000;1,000000000000000;1,000000000000000;1,0000000000000000;1,0000000000000000
2022-09-15;60+;23;23,0;23;23;23;23;23;23;23;23;23,0;23;97;97,0;97;97;97;97;97;97;97;97;97,0;97,0;1,000000000000000;1,000000000000000;1,000000000000000;1,000000000000000;1,000000000000000;1,000000000000000;1,000000000000000;1,000000000000000;1,000000000000000;1,0000000000000000;1,0000000000000000
2022-09-15;alle;28;28,0;28;28;28;28;28;28;28;28;28,0;28;130;130,0;130;130;130;130;130;130;130;130;130,0;130,0;NA;NA;NA;NA;NA;NA;NA;NA;NA;NA;NA
2022-09-14;0-60;7;7,0;7;7;7;7;7;7;7;7;7,0;7;34;34,0;34;34;34;34;34;34;34;34;34,0;34,0;1,000000000000000;1,000000000000000;1,000000000000000;1,000000000000000;1,000000000000000;1,000000000000000;1,000000000000000;1,000000000000000;1,000000000000000;1,0000000000000000;1,0000000000000000
2022-09-14;60+;14;14,0;14;14;14;14;14;14;14;14;14,0;14;89;89,0;89;89;89;89;89;89;89;89;89,0;89,0;1,000000000000000;1,000000000000000;1,000000000000000;1,000000000000000;1,000000000000000;1,000000000000000;1,000000000000000;1,000000000000000;1,000000000000000;1,0000000000000000;1,0000000000000000
2022-09-14;alle;21;21,0;21;21;21;21;21;21;21;21;21,0;21;123;123,0;123;123;123;123;123;123;123;123;123,0;123,0;NA;NA;NA;NA;NA;NA;NA;NA;NA;NA;NA
2022-09-13;0-60;7;7,0;7;7;7;7;7;7;7;7;7,0;7;34;34,0;34;34;34;34;34;34;34;34;34,0;34,0;1,000000000000000;1,000000000000000;1,000000000000000;1,000000000000000;1,000000000000000;1,000000000000000;1,000000000000000;1,000000000000000;1,000000000000000;1,0000000000000000;1,0000000000000000
2022-09-13;60+;26;26,0;26;26;26;26;26;26;26;26;26,0;26;98;98,0;98;98;98;98;98;98;98;98;98,0;98,0;1,000000000000000;1,000000000000000;1,000000000000000;1,000000000000000;1,000000000000000;1,000000000000000;1,000000000000000;1,000000000000000;1,000000000000000;1,0000000000000000;1,0000000000000000
2022-09-13;alle;33;33,0;33;33;33;33;33;33;33;33;33,0;33;132;132,0;132;132;132;132;132;132;132;132;132,0;132,0;NA;NA;NA;NA;NA;NA;NA;NA;NA;NA;NA
2022-09-12;0-60;1;1,0;1;1;1;1;1;1;1;1;1,0;1;41;41,0;41;41;41;41;41;41;41;41;41,0;41,0;1,000000000000000;1,000000000000000;1,000000000000000;1,000000000000000;1,000000000000000;1,000000000000000;1,000000000000000;1,000000000000000;1,000000000000000;1,0000000000000000;1,0000000000000000
2022-09-12;60+;1;1,0;1;1;1;1;1;1;1;1;1,0;1;92;92,0;92;92;92;92;92;92;92;92;92,0;92,0;1,000000000000000;1,000000000000000;1,000000000000000;1,000000000000000;1,000000000000000;1,000000000000000;1,000000000000000;1,000000000000000;1,000000000000000;1,0000000000000000;1,0000000000000000
2022-09-12;alle;2;2,0;2;2;2;2;2;2;2;2;2,0;2;133;133,0;133;133;133;133;133;133;133;133;133,0;133,0;NA;NA;NA;NA;NA;NA;NA;NA;NA;NA;NA
2022-09-11;0-60;1;1,0;1;1;1;1;1;1;1;1;1,0;1;42;42,0;42;42;42;42;42;42;42;42;42,0;42,0;1,000000000000000;1,000000000000000;1,000000000000000;1,000000000000000;1,000000000000000;1,000000000000000;1,000000000000000;1,000000000000000;1,000000000000000;1,0000000000000000;1,0000000000000000
2022-09-11;60+;2;2,0;2;2;2;2;2;2;2;2;2,0;2;92;92,0;92;92;92;92;92;92;92;92;92,0;92,0;1,000000000000000;1,000000000000000;1,000000000000000;1,000000000000000;1,000000000000000;1,000000000000000;1,000000000000000;1,000000000000000;1,000000000000000;1,0000000000000000;1,0000000000000000
2022-09-11;alle;3;3,0;3;3;3;3;3;3;3;3;3,0;3;134;134,0;134;134;134;134;134;134;134;134;134,0;134,0;NA;NA;NA;NA;NA;NA;NA;NA;NA;NA;NA
2022-09-10;0-60;4;4,0;4;4;4;4;4;4;4;4;4,0;4;43;43,0;43;43;43;43;43;43;43;43;43,0;43,0;1,000000000000000;1,000000000000000;1,000000000000000;1,000000000000000;1,000000000000000;1,000000000000000;1,000000000000000;1,000000000000000;1,000000000000000;1,0000000000000000;1,0000000000000000
2022-09-10;60+;14;14,0;14;14;14;14;14;14;14;14;14,0;14;97;97,0;97;97;97;97;97;97;97;97;97,0;97,0;1,000000000000000;1,000000000000000;1,000000000000000;1,000000000000000;1,000000000000000;1,000000000000000;1,000000000000000;1,000000000000000;1,000000000000000;1,0000000000000000;1,0000000000000000
2022-09-10;alle;18;18,0;18;18;18;18;18;18;18;18;18,0;18;140;140,0;140;140;140;140;140;140;140;140;140,0;140,0;NA;NA;NA;NA;NA;NA;NA;NA;NA;NA;NA
2022-09-09;0-60;8;8,0;8;8;8;8;8;8;8;8;8,0;8;51;51,0;51;51;51;51;51;51;51;51;51,0;51,0;1,000000000000000;1,000000000000000;1,000000000000000;1,000000000000000;1,000000000000000;1,000000000000000;1,000000000000000;1,000000000000000;1,000000000000000;1,0000000000000000;1,0000000000000000
2022-09-09;60+;17;17,0;17;17;17;17;17;17;17;17;17,0;17;95;95,0;95;95;95;95;95;95;95;95;95,0;95,0;1,000000000000000;1,000000000000000;1,000000000000000;1,000000000000000;1,000000000000000;1,000000000000000;1,000000000000000;1,000000000000000;1,000000000000000;1,0000000000000000;1,0000000000000000
2022-09-09;alle;25;25,0;25;25;25;25;25;25;25;25;25,0;25;146;146,0;146;146;146;146;146;146;146;146;146,0;146,0;NA;NA;NA;NA;NA;NA;NA;NA;NA;NA;NA
2022-09-08;0-60;6;6,0;6;6;6;6;6;6;6;6;6,0;6;56;56,0;56;56;56;56;56;56;56;56;56,0;56,0;1,000000000000000;1,000000000000000;1,000000000000000;1,000000000000000;1,000000000000000;1,000000000000000;1,000000000000000;1,000000000000000;1,000000000000000;1,0000000000000000;1,0000000000000000
2022-09-08;60+;15;15,0;15;15;15;15;15;15;15;15;15,0;15;89;89,0;89;89;89;89;89;89;89;89;89,0;89,0;1,000000000000000;1,000000000000000;1,000000000000000;1,000000000000000;1,000000000000000;1,000000000000000;1,000000000000000;1,000000000000000;1,000000000000000;1,0000000000000000;1,0000000000000000
2022-09-08;alle;21;21,0;21;21;21;21;21;21;21;21;21,0;21;145;145,0;145;145;145;145;145;145;145;145;145,0;145,0;NA;NA;NA;NA;NA;NA;NA;NA;NA;NA;NA
2022-09-07;0-60;7;7,0;7;7;7;7;7;7;7;7;7,0;7;57;57,0;57;57;57;57;57;57;57;57;57,0;57,0;1,000000000000000;1,000000000000000;1,000000000000000;1,000000000000000;1,000000000000000;1,000000000000000;1,000000000000000;1,000000000000000;1,000000000000000;1,0000000000000000;1,0000000000000000
2022-09-07;60+;23;23,0;23;23;23;23;23;23;23;23;23,0;23;90;90,0;90;90;90;90;90;90;90;90;90,0;90,0;1,000000000000000;1,000000000000000;1,000000000000000;1,000000000000000;1,000000000000000;1,000000000000000;1,000000000000000;1,000000000000000;1,000000000000000;1,0000000000000000;1,0000000000000000
2022-09-07;alle;30;30,0;30;30;30;30;30;30;30;30;30,0;30;147;147,0;147;147;147;147;147;147;147;147;147,0;147,0;NA;NA;NA;NA;NA;NA;NA;NA;NA;NA;NA
2022-09-06;0-60;14;14,0;14;14;14;14;14;14;14;14;14,0;14;59;59,0;59;59;59;59;59;59;59;59;59,0;59,0;1,000000000000000;1,000000000000000;1,000000000000000;1,000000000000000;1,000000000000000;1,000000000000000;1,000000000000000;1,000000000000000;1,000000000000000;1,0000000000000000;1,0000000000000000
2022-09-06;60+;20;20,0;20;20;20;20;20;20;20;20;20,0;20;81;81,0;81;81;81;81;81;81;81;81;81,0;81,0;1,000000000000000;1,000000000000000;1,000000000000000;1,000000000000000;1,000000000000000;1,000000000000000;1,000000000000000;1,000000000000000;1,000000000000000;1,0000000000000000;1,0000000000000000
2022-09-06;alle;34;34,0;34;34;34;34;34;34;34;34;34,0;34;140;140,0;140;140;140;140;140;140;140;140;140,0;140,0;NA;NA;NA;NA;NA;NA;NA;NA;NA;NA;NA
2022-09-05;0-60;2;2,0;2;2;2;2;2;2;2;2;2,0;2;56;56,0;56;56;56;56;56;56;56;56;56,0;56,0;1,000000000000000;1,000000000000000;1,000000000000000;1,000000000000000;1,000000000000000;1,000000000000000;1,000000000000000;1,000000000000000;1,000000000000000;1,0000000000000000;1,0000000000000000
2022-09-05;60+;1;1,0;1;1;1;1;1;1;1;1;1,0;1;83;83,0;83;83;83;83;83;83;83;83;83,0;83,0;1,000000000000000;1,000000000000000;1,000000000000000;1,000000000000000;1,000000000000000;1,000000000000000;1,000000000000000;1,000000000000000;1,000000000000000;1,0000000000000000;1,0000000000000000
2022-09-05;alle;3;3,0;3;3;3;3;3;3;3;3;3,0;3;139;139,0;139;139;139;139;139;139;139;139;139,0;139,0;NA;NA;NA;NA;NA;NA;NA;NA;NA;NA;NA
2022-09-04;0-60;2;2,0;2;2;2;2;2;2;2;2;2,0;2;56;56,0;56;56;56;56;56;56;56;56;56,0;56,0;1,000000000000000;1,000000000000000;1,000000000000000;1,000000000000000;1,000000000000000;1,000000000000000;1,000000000000000;1,000000000000000;1,000000000000000;1,0000000000000000;1,0000000000000000
2022-09-04;60+;7;7,0;7;7;7;7;7;7;7;7;7,0;7;82;82,0;82;82;82;82;82;82;82;82;82,0;82,0;1,000000000000000;1,000000000000000;1,000000000000000;1,000000000000000;1,000000000000000;1,000000000000000;1,000000000000000;1,000000000000000;1,000000000000000;1,0000000000000000;1,0000000000000000
2022-09-04;alle;9;9,0;9;9;9;9;9;9;9;9;9,0;9;138;138,0;138;138;138;138;138;138;138;138;138,0;138,0;NA;NA;NA;NA;NA;NA;NA;NA;NA;NA;NA
2022-09-03;0-60;12;12,0;12;12;12;12;12;12;12;12;12,0;12;54;54,0;54;54;54;54;54;54;54;54;54,0;54,0;1,000000000000000;1,000000000000000;1,000000000000000;1,000000000000000;1,000000000000000;1,000000000000000;1,000000000000000;1,000000000000000;1,000000000000000;1,0000000000000000;1,0000000000000000
2022-09-03;60+;12;12,0;12;12;12;12;12;12;12;12;12,0;12;79;79,0;79;79;79;79;79;79;79;79;79,0;79,0;1,000000000000000;1,000000000000000;1,000000000000000;1,000000000000000;1,000000000000000;1,000000000000000;1,000000000000000;1,000000000000000;1,000000000000000;1,0000000000000000;1,0000000000000000
2022-09-03;alle;24;24,0;24;24;24;24;24;24;24;24;24,0;24;133;133,0;133;133;133;133;133;133;133;133;133,0;133,0;NA;NA;NA;NA;NA;NA;NA;NA;NA;NA;NA
2022-09-02;0-60;13;13,0;13;13;13;13;13;13;13;13;13,0;13;52;52,0;52;52;52;52;52;52;52;52;52,0;52,0;1,000000000000000;1,000000000000000;1,000000000000000;1,000000000000000;1,000000000000000;1,000000000000000;1,000000000000000;1,000000000000000;1,000000000000000;1,0000000000000000;1,0000000000000000
2022-09-02;60+;11;11,0;11;11;11;11;11;11;11;11;11,0;11;80;80,0;80;80;80;80;80;80;80;80;80,0;80,0;1,000000000000000;1,000000000000000;1,000000000000000;1,000000000000000;1,000000000000000;1,000000000000000;1,000000000000000;1,000000000000000;1,000000000000000;1,0000000000000000;1,0000000000000000
2022-09-02;alle;24;24,0;24;24;24;24;24;24;24;24;24,0;24;132;132,0;132;132;132;132;132;132;132;132;132,0;132,0;NA;NA;NA;NA;NA;NA;NA;NA;NA;NA;NA
2022-09-01;0-60;7;7,0;7;7;7;7;7;7;7;7;7,0;7;49;49,0;49;49;49;49;49;49;49;49;49,0;49,0;1,000000000000000;1,000000000000000;1,000000000000000;1,000000000000000;1,000000000000000;1,000000000000000;1,000000000000000;1,000000000000000;1,000000000000000;1,0000000000000000;1,0000000000000000
2022-09-01;60+;16;16,0;16;16;16;16;16;16;16;16;16,0;16;80;80,0;80;80;80;80;80;80;80;80;80,0;80,0;1,000000000000000;1,000000000000000;1,000000000000000;1,000000000000000;1,000000000000000;1,000000000000000;1,000000000000000;1,000000000000000;1,000000000000000;1,0000000000000000;1,0000000000000000
2022-09-01;alle;23;23,0;23;23;23;23;23;23;23;23;23,0;23;129;129,0;129;129;129;129;129;129;129;129;129,0;129,0;NA;NA;NA;NA;NA;NA;NA;NA;NA;NA;NA
2022-08-31;0-60;9;9,0;9;9;9;9;9;9;9;9;9,0;9;62;62,0;62;62;62;62;62;62;62;62;62,0;62,0;1,000000000000000;1,000000000000000;1,000000000000000;1,000000000000000;1,000000000000000;1,000000000000000;1,000000000000000;1,000000000000000;1,000000000000000;1,0000000000000000;1,0000000000000000
2022-08-31;60+;14;14,0;14;14;14;14;14;14;14;14;14,0;14;88;88,0;88;88;88;88;88;88;88;88;88,0;88,0;1,000000000000000;1,000000000000000;1,000000000000000;1,000000000000000;1,000000000000000;1,000000000000000;1,000000000000000;1,000000000000000;1,000000000000000;1,0000000000000000;1,0000000000000000
2022-08-31;alle;23;23,0;23;23;23;23;23;23;23;23;23,0;23;150;150,0;150;150;150;150;150;150;150;150;150,0;150,0;NA;NA;NA;NA;NA;NA;NA;NA;NA;NA;NA
2022-08-30;0-60;11;11,0;11;11;11;11;11;11;11;11;11,0;11;67;67,0;67;67;67;67;67;67;67;67;67,0;67,0;1,000000000000000;1,000000000000000;1,000000000000000;1,000000000000000;1,000000000000000;1,000000000000000;1,000000000000000;1,000000000000000;1,000000000000000;1,0000000000000000;1,0000000000000000
2022-08-30;60+;22;22,0;22;22;22;22;22;22;22;22;22,0;22;95;95,0;95;95;95;95;95;95;95;95;95,0;95,0;1,000000000000000;1,000000000000000;1,000000000000000;1,000000000000000;1,000000000000000;1,000000000000000;1,000000000000000;1,000000000000000;1,000000000000000;1,0000000000000000;1,0000000000000000
2022-08-30;alle;33;33,0;33;33;33;33;33;33;33;33;33,0;33;162;162,0;162;162;162;162;162;162;162;162;162,0;162,0;NA;NA;NA;NA;NA;NA;NA;NA;NA;NA;NA
2022-08-29;0-60;2;2,0;2;2;2;2;2;2;2;2;2,0;2;69;69,0;69;69;69;69;69;69;69;69;69,0;69,0;1,000000000000000;1,000000000000000;1,000000000000000;1,000000000000000;1,000000000000000;1,000000000000000;1,000000000000000;1,000000000000000;1,000000000000000;1,0000000000000000;1,0000000000000000
2022-08-29;60+;0;0,0;0;0;0;0;0;0;0;0;0,0;0;104;104,0;104;104;104;104;104;104;104;104;104,0;104,0;1,000000000000000;1,000000000000000;1,000000000000000;1,000000000000000;1,000000000000000;1,000000000000000;1,000000000000000;1,000000000000000;1,000000000000000;1,0000000000000000;1,0000000000000000
2022-08-29;alle;2;2,0;2;2;2;2;2;2;2;2;2,0;2;173;173,0;173;173;173;173;173;173;173;173;173,0;173,0;NA;NA;NA;NA;NA;NA;NA;NA;NA;NA;NA
2022-08-28;0-60;0;0,0;0;0;0;0;0;0;0;0;0,0;0;68;68,0;68;68;68;68;68;68;68;68;68,0;68,0;1,000000000000000;1,000000000000000;1,000000000000000;1,000000000000000;1,000000000000000;1,000000000000000;1,000000000000000;1,000000000000000;1,000000000000000;1,0000000000000000;1,0000000000000000
2022-08-28;60+;4;4,0;4;4;4;4;4;4;4;4;4,0;4;109;109,0;109;109;109;109;109;109;109;109;109,0;109,0;1,000000000000000;1,000000000000000;1,000000000000000;1,000000000000000;1,000000000000000;1,000000000000000;1,000000000000000;1,000000000000000;1,000000000000000;1,0000000000000000;1,0000000000000000
2022-08-28;alle;4;4,0;4;4;4;4;4;4;4;4;4,0;4;177;177,0;177;177;177;177;177;177;177;177;177,0;177,0;NA;NA;NA;NA;NA;NA;NA;NA;NA;NA;NA
2022-08-27;0-60;10;10,0;10;10;10;10;10;10;10;10;10,0;10;69;69,0;69;69;69;69;69;69;69;69;69,0;69,0;1,000000000000000;1,000000000000000;1,000000000000000;1,000000000000000;1,000000000000000;1,000000000000000;1,000000000000000;1,000000000000000;1,000000000000000;1,0000000000000000;1,0000000000000000
2022-08-27;60+;13;13,0;13;13;13;13;13;13;13;13;13,0;13;111;111,0;111;111;111;111;111;111;111;111;111,0;111,0;1,000000000000000;1,000000000000000;1,000000000000000;1,000000000000000;1,000000000000000;1,000000000000000;1,000000000000000;1,000000000000000;1,000000000000000;1,0000000000000000;1,0000000000000000
2022-08-27;alle;23;23,0;23;23;23;23;23;23;23;23;23,0;23;180;180,0;180;180;180;180;180;180;180;180;180,0;180,0;NA;NA;NA;NA;NA;NA;NA;NA;NA;NA;NA
2022-08-26;0-60;10;10,0;10;10;10;10;10;10;10;10;10,0;10;67;67,0;67;67;67;67;67;67;67;67;67,0;67,0;1,000000000000000;1,000000000000000;1,000000000000000;1,000000000000000;1,000000000000000;1,000000000000000;1,000000000000000;1,000000000000000;1,000000000000000;1,0000000000000000;1,0000000000000000
2022-08-26;60+;11;11,0;11;11;11;11;11;11;11;11;11,0;11;116;116,0;116;116;116;116;116;116;116;116;116,0;116,0;1,000000000000000;1,000000000000000;1,000000000000000;1,000000000000000;1,000000000000000;1,000000000000000;1,000000000000000;1,000000000000000;1,000000000000000;1,0000000000000000;1,0000000000000000
2022-08-26;alle;21;21,0;21;21;21;21;21;21;21;21;21,0;21;183;183,0;183;183;183;183;183;183;183;183;183,0;183,0;NA;NA;NA;NA;NA;NA;NA;NA;NA;NA;NA
2022-08-25;0-60;20;20,0;20;20;20;20;20;20;20;20;20,0;20;62;62,0;62;62;62;62;62;62;62;62;62,0;62,0;1,000000000000000;1,000000000000000;1,000000000000000;1,000000000000000;1,000000000000000;1,000000000000000;1,000000000000000;1,000000000000000;1,000000000000000;1,0000000000000000;1,0000000000000000
2022-08-25;60+;24;24,0;24;24;24;24;24;24;24;24;24,0;24;127;127,0;127;127;127;127;127;127;127;127;127,0;127,0;1,000000000000000;1,000000000000000;1,000000000000000;1,000000000000000;1,000000000000000;1,000000000000000;1,000000000000000;1,000000000000000;1,000000000000000;1,0000000000000000;1,0000000000000000
2022-08-25;alle;44;44,0;44;44;44;44;44;44;44;44;44,0;44;189;189,0;189;189;189;189;189;189;189;189;189,0;189,0;NA;NA;NA;NA;NA;NA;NA;NA;NA;NA;NA
2022-08-24;0-60;14;14,0;14;14;14;14;14;14;14;14;14,0;14;55;55,0;55;55;55;55;55;55;55;55;55,0;55,0;1,000000000000000;1,000000000000000;1,000000000000000;1,000000000000000;1,000000000000000;1,000000000000000;1,000000000000000;1,000000000000000;1,000000000000000;1,0000000000000000;1,0000000000000000
2022-08-24;60+;21;21,0;21;21;21;21;21;21;21;21;21,0;21;142;142,0;142;142;142;142;142;142;142;142;142,0;142,0;1,000000000000000;1,000000000000000;1,000000000000000;1,000000000000000;1,000000000000000;1,000000000000000;1,000000000000000;1,000000000000000;1,000000000000000;1,0000000000000000;1,0000000000000000
2022-08-24;alle;35;35,0;35;35;35;35;35;35;35;35;35,0;35;197;197,0;197;197;197;197;197;197;197;197;197,0;197,0;NA;NA;NA;NA;NA;NA;NA;NA;NA;NA;NA
2022-08-23;0-60;13;13,0;13;13;13;13;13;13;13;13;13,0;13;60;60,0;60;60;60;60;60;60;60;60;60,0;60,0;1,000000000000000;1,000000000000000;1,000000000000000;1,000000000000000;1,000000000000000;1,000000000000000;1,000000000000000;1,000000000000000;1,000000000000000;1,0000000000000000;1,0000000000000000
2022-08-23;60+;31;31,0;31;31;31;31;31;31;31;31;31,0;31;163;163,0;163;163;163;163;163;163;163;163;163,0;163,0;1,000000000000000;1,000000000000000;1,000000000000000;1,000000000000000;1,000000000000000;1,000000000000000;1,000000000000000;1,000000000000000;1,000000000000000;1,0000000000000000;1,0000000000000000
2022-08-23;alle;44;44,0;44;44;44;44;44;44;44;44;44,0;44;223;223,0;223;223;223;223;223;223;223;223;223,0;223,0;NA;NA;NA;NA;NA;NA;NA;NA;NA;NA;NA
2022-08-22;0-60;1;1,0;1;1;1;1;1;1;1;1;1,0;1;70;70,0;70;70;70;70;70;70;70;70;70,0;70,0;1,000000000000000;1,000000000000000;1,000000000000000;1,000000000000000;1,000000000000000;1,000000000000000;1,000000000000000;1,000000000000000;1,000000000000000;1,0000000000000000;1,0000000000000000
2022-08-22;60+;5;5,0;5;5;5;5;5;5;5;5;5,0;5;178;178,0;178;178;178;178;178;178;178;178;178,0;178,0;1,000000000000000;1,000000000000000;1,000000000000000;1,000000000000000;1,000000000000000;1,000000000000000;1,000000000000000;1,000000000000000;1,000000000000000;1,0000000000000000;1,0000000000000000
2022-08-22;alle;6;6,0;6;6;6;6;6;6;6;6;6,0;6;248;248,0;248;248;248;248;248;248;248;248;248,0;248,0;NA;NA;NA;NA;NA;NA;NA;NA;NA;NA;NA
2022-08-21;0-60;1;1,0;1;1;1;1;1;1;1;1;1,0;1;73;73,0;73;73;73;73;73;73;73;73;73,0;73,0;1,000000000000000;1,000000000000000;1,000000000000000;1,000000000000000;1,000000000000000;1,000000000000000;1,000000000000000;1,000000000000000;1,000000000000000;1,0000000000000000;1,0000000000000000
2022-08-21;60+;6;6,0;6;6;6;6;6;6;6;6;6,0;6;180;180,0;180;180;180;180;180;180;180;180;180,0;180,0;1,000000000000000;1,000000000000000;1,000000000000000;1,000000000000000;1,000000000000000;1,000000000000000;1,000000000000000;1,000000000000000;1,000000000000000;1,0000000000000000;1,0000000000000000
2022-08-21;alle;7;7,0;7;7;7;7;7;7;7;7;7,0;7;253;253,0;253;253;253;253;253;253;253;253;253,0;253,0;NA;NA;NA;NA;NA;NA;NA;NA;NA;NA;NA
2022-08-20;0-60;8;8,0;8;8;8;8;8;8;8;8;8,0;8;73;73,0;73;73;73;73;73;73;73;73;73,0;73,0;1,000000000000000;1,000000000000000;1,000000000000000;1,000000000000000;1,000000000000000;1,000000000000000;1,000000000000000;1,000000000000000;1,000000000000000;1,0000000000000000;1,0000000000000000
2022-08-20;60+;18;18,0;18;18;18;18;18;18;18;18;18,0;18;175;175,0;175;175;175;175;175;175;175;175;175,0;175,0;1,000000000000000;1,000000000000000;1,000000000000000;1,000000000000000;1,000000000000000;1,000000000000000;1,000000000000000;1,000000000000000;1,000000000000000;1,0000000000000000;1,0000000000000000
2022-08-20;alle;26;26,0;26;26;26;26;26;26;26;26;26,0;26;248;248,0;248;248;248;248;248;248;248;248;248,0;248,0;NA;NA;NA;NA;NA;NA;NA;NA;NA;NA;NA
2022-08-19;0-60;5;5,0;5;5;5;5;5;5;5;5;5,0;5;81;81,0;81;81;81;81;81;81;81;81;81,0;81,0;1,000000000000000;1,000000000000000;1,000000000000000;1,000000000000000;1,000000000000000;1,000000000000000;1,000000000000000;1,000000000000000;1,000000000000000;1,0000000000000000;1,0000000000000000
2022-08-19;60+;22;22,0;22;22;22;22;22;22;22;22;22,0;22;186;186,0;186;186;186;186;186;186;186;186;186,0;186,0;1,000000000000000;1,000000000000000;1,000000000000000;1,000000000000000;1,000000000000000;1,000000000000000;1,000000000000000;1,000000000000000;1,000000000000000;1,0000000000000000;1,0000000000000000
2022-08-19;alle;27;27,0;27;27;27;27;27;27;27;27;27,0;27;267;267,0;267;267;267;267;267;267;267;267;267,0;267,0;NA;NA;NA;NA;NA;NA;NA;NA;NA;NA;NA
2022-08-18;0-60;13;13,0;13;13;13;13;13;13;13;13;13,0;13;88;88,0;88;88;88;88;88;88;88;88;88,0;88,0;1,000000000000000;1,000000000000000;1,000000000000000;1,000000000000000;1,000000000000000;1,000000000000000;1,000000000000000;1,000000000000000;1,000000000000000;1,0000000000000000;1,0000000000000000
2022-08-18;60+;39;39,0;39;39;39;39;39;39;39;39;39,0;39;199;199,0;199;199;199;199;199;199;199;199;199,0;199,0;1,000000000000000;1,000000000000000;1,000000000000000;1,000000000000000;1,000000000000000;1,000000000000000;1,000000000000000;1,000000000000000;1,000000000000000;1,0000000000000000;1,0000000000000000
2022-08-18;alle;52;52,0;52;52;52;52;52;52;52;52;52,0;52;287;287,0;287;287;287;287;287;287;287;287;287,0;287,0;NA;NA;NA;NA;NA;NA;NA;NA;NA;NA;NA
2022-08-17;0-60;19;19,0;19;19;19;19;19;19;19;19;19,0;19;97;97,0;97;97;97;97;97;97;97;97;97,0;97,0;1,000000000000000;1,000000000000000;1,000000000000000;1,000000000000000;1,000000000000000;1,000000000000000;1,000000000000000;1,000000000000000;1,000000000000000;1,0000000000000000;1,0000000000000000
2022-08-17;60+;42;42,0;42;42;42;42;42;42;42;42;42,0;42;200;200,0;200;200;200;200;200;200;200;200;200,0;200,0;1,000000000000000;1,000000000000000;1,000000000000000;1,000000000000000;1,000000000000000;1,000000000000000;1,000000000000000;1,000000000000000;1,000000000000000;1,0000000000000000;1,0000000000000000
2022-08-17;alle;61;61,0;61;61;61;61;61;61;61;61;61,0;61;297;297,0;297;297;297;297;297;297;297;297;297,0;297,0;NA;NA;NA;NA;NA;NA;NA;NA;NA;NA;NA
2022-08-16;0-60;23;23,0;23;23;23;23;23;23;23;23;23,0;23;96;96,0;96;96;96;96;96;96;96;96;96,0;96,0;1,000000000000000;1,000000000000000;1,000000000000000;1,000000000000000;1,000000000000000;1,000000000000000;1,000000000000000;1,000000000000000;1,000000000000000;1,0000000000000000;1,0000000000000000
2022-08-16;60+;46;46,0;46;46;46;46;46;46;46;46;46,0;46;192;192,0;192;192;192;192;192;192;192;192;192,0;192,0;1,000000000000000;1,000000000000000;1,000000000000000;1,000000000000000;1,000000000000000;1,000000000000000;1,000000000000000;1,000000000000000;1,000000000000000;1,0000000000000000;1,0000000000000000
2022-08-16;alle;69;69,0;69;69;69;69;69;69;69;69;69,0;69;288;288,0;288;288;288;288;288;288;288;288;288,0;288,0;NA;NA;NA;NA;NA;NA;NA;NA;NA;NA;NA
2022-08-15;0-60;4;4,0;4;4;4;4;4;4;4;4;4,0;4;83;83,0;83;83;83;83;83;83;83;83;83,0;83,0;1,000000000000000;1,000000000000000;1,000000000000000;1,000000000000000;1,000000000000000;1,000000000000000;1,000000000000000;1,000000000000000;1,000000000000000;1,0000000000000000;1,0000000000000000
2022-08-15;60+;7;7,0;7;7;7;7;7;7;7;7;7,0;7;187;187,0;187;187;187;187;187;187;187;187;187,0;187,0;1,000000000000000;1,000000000000000;1,000000000000000;1,000000000000000;1,000000000000000;1,000000000000000;1,000000000000000;1,000000000000000;1,000000000000000;1,0000000000000000;1,0000000000000000
2022-08-15;alle;11;11,0;11;11;11;11;11;11;11;11;11,0;11;270;270,0;270;270;270;270;270;270;270;270;270,0;270,0;NA;NA;NA;NA;NA;NA;NA;NA;NA;NA;NA
2022-08-14;0-60;1;1,0;1;1;1;1;1;1;1;1;1,0;1;80;80,0;80;80;80;80;80;80;80;80;80,0;80,0;1,000000000000000;1,000000000000000;1,000000000000000;1,000000000000000;1,000000000000000;1,000000000000000;1,000000000000000;1,000000000000000;1,000000000000000;1,0000000000000000;1,0000000000000000
2022-08-14;60+;1;1,0;1;1;1;1;1;1;1;1;1,0;1;181;181,0;181;181;181;181;181;181;181;181;181,0;181,0;1,000000000000000;1,000000000000000;1,000000000000000;1,000000000000000;1,000000000000000;1,000000000000000;1,000000000000000;1,000000000000000;1,000000000000000;1,0000000000000000;1,0000000000000000
2022-08-14;alle;2;2,0;2;2;2;2;2;2;2;2;2,0;2;261;261,0;261;261;261;261;261;261;261;261;261,0;261,0;NA;NA;NA;NA;NA;NA;NA;NA;NA;NA;NA
2022-08-13;0-60;16;16,0;16;16;16;16;16;16;16;16;16,0;16;81;81,0;81;81;81;81;81;81;81;81;81,0;81,0;1,000000000000000;1,000000000000000;1,000000000000000;1,000000000000000;1,000000000000000;1,000000000000000;1,000000000000000;1,000000000000000;1,000000000000000;1,0000000000000000;1,0000000000000000
2022-08-13;60+;29;29,0;29;29;29;29;29;29;29;29;29,0;29;183;183,0;183;183;183;183;183;183;183;183;183,0;183,0;1,000000000000000;1,000000000000000;1,000000000000000;1,000000000000000;1,000000000000000;1,000000000000000;1,000000000000000;1,000000000000000;1,000000000000000;1,0000000000000000;1,0000000000000000
2022-08-13;alle;45;45,0;45;45;45;45;45;45;45;45;45,0;45;264;264,0;264;264;264;264;264;264;264;264;264,0;264,0;NA;NA;NA;NA;NA;NA;NA;NA;NA;NA;NA
2022-08-12;0-60;12;12,0;12;12;12;12;12;12;12;12;12,0;12;74;74,0;74;74;74;74;74;74;74;74;74,0;74,0;1,000000000000000;1,000000000000000;1,000000000000000;1,000000000000000;1,000000000000000;1,000000000000000;1,000000000000000;1,000000000000000;1,000000000000000;1,0000000000000000;1,0000000000000000
2022-08-12;60+;35;35,0;35;35;35;35;35;35;35;35;35,0;35;186;186,0;186;186;186;186;186;186;186;186;186,0;186,0;1,000000000000000;1,000000000000000;1,000000000000000;1,000000000000000;1,000000000000000;1,000000000000000;1,000000000000000;1,000000000000000;1,000000000000000;1,0000000000000000;1,0000000000000000
2022-08-12;alle;47;47,0;47;47;47;47;47;47;47;47;47,0;47;260;260,0;260;260;260;260;260;260;260;260;260,0;260,0;NA;NA;NA;NA;NA;NA;NA;NA;NA;NA;NA
2022-08-11;0-60;22;22,0;22;22;22;22;22;22;22;22;22,0;22;78;78,0;78;78;78;78;78;78;78;78;78,0;78,0;1,000000000000000;1,000000000000000;1,000000000000000;1,000000000000000;1,000000000000000;1,000000000000000;1,000000000000000;1,000000000000000;1,000000000000000;1,0000000000000000;1,0000000000000000
2022-08-11;60+;40;40,0;40;40;40;40;40;40;40;40;40,0;40;179;179,0;179;179;179;179;179;179;179;179;179,0;179,0;1,000000000000000;1,000000000000000;1,000000000000000;1,000000000000000;1,000000000000000;1,000000000000000;1,000000000000000;1,000000000000000;1,000000000000000;1,0000000000000000;1,0000000000000000
2022-08-11;alle;62;62,0;62;62;62;62;62;62;62;62;62,0;62;257;257,0;257;257;257;257;257;257;257;257;257,0;257,0;NA;NA;NA;NA;NA;NA;NA;NA;NA;NA;NA
2022-08-10;0-60;18;18,0;18;18;18;18;18;18;18;18;18,0;18;75;75,0;75;75;75;75;75;75;75;75;75,0;75,0;1,000000000000000;1,000000000000000;1,000000000000000;1,000000000000000;1,000000000000000;1,000000000000000;1,000000000000000;1,000000000000000;1,000000000000000;1,0000000000000000;1,0000000000000000
2022-08-10;60+;34;34,0;34;34;34;34;34;34;34;34;34,0;34;174;174,0;174;174;174;174;174;174;174;174;174,0;174,0;1,000000000000000;1,000000000000000;1,000000000000000;1,000000000000000;1,000000000000000;1,000000000000000;1,000000000000000;1,000000000000000;1,000000000000000;1,0000000000000000;1,0000000000000000
2022-08-10;alle;52;52,0;52;52;52;52;52;52;52;52;52,0;52;249;249,0;249;249;249;249;249;249;249;249;249,0;249,0;NA;NA;NA;NA;NA;NA;NA;NA;NA;NA;NA
2022-08-09;0-60;10;10,0;10;10;10;10;10;10;10;10;10,0;10;76;76,0;76;76;76;76;76;76;76;76;76,0;76,0;1,000000000000000;1,000000000000000;1,000000000000000;1,000000000000000;1,000000000000000;1,000000000000000;1,000000000000000;1,000000000000000;1,000000000000000;1,0000000000000000;1,0000000000000000
2022-08-09;60+;41;41,0;41;41;41;41;41;41;41;41;41,0;41;190;190,0;190;190;190;190;190;190;190;190;190,0;190,0;1,000000000000000;1,000000000000000;1,000000000000000;1,000000000000000;1,000000000000000;1,000000000000000;1,000000000000000;1,000000000000000;1,000000000000000;1,0000000000000000;1,0000000000000000
2022-08-09;alle;51;51,0;51;51;51;51;51;51;51;51;51,0;51;266;266,0;266;266;266;266;266;266;266;266;266,0;266,0;NA;NA;NA;NA;NA;NA;NA;NA;NA;NA;NA
2022-08-08;0-60;1;1,0;1;1;1;1;1;1;1;1;1,0;1;81;81,0;81;81;81;81;81;81;81;81;81,0;81,0;1,000000000000000;1,000000000000000;1,000000000000000;1,000000000000000;1,000000000000000;1,000000000000000;1,000000000000000;1,000000000000000;1,000000000000000;1,0000000000000000;1,0000000000000000
2022-08-08;60+;1;1,0;1;1;1;1;1;1;1;1;1,0;1;198;198,0;198;198;198;198;198;198;198;198;198,0;198,0;1,000000000000000;1,000000000000000;1,000000000000000;1,000000000000000;1,000000000000000;1,000000000000000;1,000000000000000;1,000000000000000;1,000000000000000;1,0000000000000000;1,0000000000000000
2022-08-08;alle;2;2,0;2;2;2;2;2;2;2;2;2,0;2;279;279,0;279;279;279;279;279;279;279;279;279,0;279,0;NA;NA;NA;NA;NA;NA;NA;NA;NA;NA;NA
2022-08-07;0-60;2;2,0;2;2;2;2;2;2;2;2;2,0;2;80;80,0;80;80;80;80;80;80;80;80;80,0;80,0;1,000000000000000;1,000000000000000;1,000000000000000;1,000000000000000;1,000000000000000;1,000000000000000;1,000000000000000;1,000000000000000;1,000000000000000;1,0000000000000000;1,0000000000000000
2022-08-07;60+;3;3,0;3;3;3;3;3;3;3;3;3,0;3;203;203,0;203;203;203;203;203;203;203;203;203,0;203,0;1,000000000000000;1,000000000000000;1,000000000000000;1,000000000000000;1,000000000000000;1,000000000000000;1,000000000000000;1,000000000000000;1,000000000000000;1,0000000000000000;1,0000000000000000
2022-08-07;alle;5;5,0;5;5;5;5;5;5;5;5;5,0;5;283;283,0;283;283;283;283;283;283;283;283;283,0;283,0;NA;NA;NA;NA;NA;NA;NA;NA;NA;NA;NA
2022-08-06;0-60;9;9,0;9;9;9;9;9;9;9;9;9,0;9;79;79,0;79;79;79;79;79;79;79;79;79,0;79,0;1,000000000000000;1,000000000000000;1,000000000000000;1,000000000000000;1,000000000000000;1,000000000000000;1,000000000000000;1,000000000000000;1,000000000000000;1,0000000000000000;1,0000000000000000
2022-08-06;60+;32;32,0;32;32;32;32;32;32;32;32;32,0;32;203;203,0;203;203;203;203;203;203;203;203;203,0;203,0;1,000000000000000;1,000000000000000;1,000000000000000;1,000000000000000;1,000000000000000;1,000000000000000;1,000000000000000;1,000000000000000;1,000000000000000;1,0000000000000000;1,0000000000000000
2022-08-06;alle;41;41,0;41;41;41;41;41;41;41;41;41,0;41;282;282,0;282;282;282;282;282;282;282;282;282,0;282,0;NA;NA;NA;NA;NA;NA;NA;NA;NA;NA;NA
2022-08-05;0-60;16;16,0;16;16;16;16;16;16;16;16;16,0;16;82;82,0;82;82;82;82;82;82;82;82;82,0;82,0;1,000000000000000;1,000000000000000;1,000000000000000;1,000000000000000;1,000000000000000;1,000000000000000;1,000000000000000;1,000000000000000;1,000000000000000;1,0000000000000000;1,0000000000000000
2022-08-05;60+;28;28,0;28;28;28;28;28;28;28;28;28,0;28;201;201,0;201;201;201;201;201;201;201;201;201,0;201,0;1,000000000000000;1,000000000000000;1,000000000000000;1,000000000000000;1,000000000000000;1,000000000000000;1,000000000000000;1,000000000000000;1,000000000000000;1,0000000000000000;1,0000000000000000
2022-08-05;alle;44;44,0;44;44;44;44;44;44;44;44;44,0;44;283;283,0;283;283;283;283;283;283;283;283;283,0;283,0;NA;NA;NA;NA;NA;NA;NA;NA;NA;NA;NA
2022-08-04;0-60;19;19,0;19;19;19;19;19;19;19;19;19,0;19;80;80,0;80;80;80;80;80;80;80;80;80,0;80,0;1,000000000000000;1,000000000000000;1,000000000000000;1,000000000000000;1,000000000000000;1,000000000000000;1,000000000000000;1,000000000000000;1,000000000000000;1,0000000000000000;1,0000000000000000
2022-08-04;60+;35;35,0;35;35;35;35;35;35;35;35;35,0;35;208;208,0;208;208;208;208;208;208;208;208;208,0;208,0;1,000000000000000;1,000000000000000;1,000000000000000;1,000000000000000;1,000000000000000;1,000000000000000;1,000000000000000;1,000000000000000;1,000000000000000;1,0000000000000000;1,0000000000000000
2022-08-04;alle;54;54,0;54;54;54;54;54;54;54;54;54,0;54;288;288,0;288;288;288;288;288;288;288;288;288,0;288,0;NA;NA;NA;NA;NA;NA;NA;NA;NA;NA;NA
2022-08-03;0-60;19;19,0;19;19;19;19;19;19;19;19;19,0;19;75;75,0;75;75;75;75;75;75;75;75;75,0;75,0;1,000000000000000;1,000000000000000;1,000000000000000;1,000000000000000;1,000000000000000;1,000000000000000;1,000000000000000;1,000000000000000;1,000000000000000;1,0000000000000000;1,0000000000000000
2022-08-03;60+;50;50,0;50;50;50;50;50;50;50;50;50,0;50;211;211,0;211;211;211;211;211;211;211;211;211,0;211,0;1,000000000000000;1,000000000000000;1,000000000000000;1,000000000000000;1,000000000000000;1,000000000000000;1,000000000000000;1,000000000000000;1,000000000000000;1,0000000000000000;1,0000000000000000
2022-08-03;alle;69;69,0;69;69;69;69;69;69;69;69;69,0;69;286;286,0;286;286;286;286;286;286;286;286;286,0;286,0;NA;NA;NA;NA;NA;NA;NA;NA;NA;NA;NA
2022-08-02;0-60;15;15,0;15;15;15;15;15;15;15;15;15,0;15;73;73,0;73;73;73;73;73;73;73;73;73,0;73,0;1,000000000000000;1,000000000000000;1,000000000000000;1,000000000000000;1,000000000000000;1,000000000000000;1,000000000000000;1,000000000000000;1,000000000000000;1,0000000000000000;1,0000000000000000
2022-08-02;60+;49;49,0;49;49;49;49;49;49;49;49;49,0;49;218;218,0;218;218;218;218;218;218;218;218;218,0;218,0;1,000000000000000;1,000000000000000;1,000000000000000;1,000000000000000;1,000000000000000;1,000000000000000;1,000000000000000;1,000000000000000;1,000000000000000;1,0000000000000000;1,0000000000000000
2022-08-02;alle;64;64,0;64;64;64;64;64;64;64;64;64,0;64;291;291,0;291;291;291;291;291;291;291;291;291,0;291,0;NA;NA;NA;NA;NA;NA;NA;NA;NA;NA;NA
2022-08-01;0-60;0;0,0;0;0;0;0;0;0;0;0;0,0;0;78;78,0;78;78;78;78;78;78;78;78;78,0;78,0;1,000000000000000;1,000000000000000;1,000000000000000;1,000000000000000;1,000000000000000;1,000000000000000;1,000000000000000;1,000000000000000;1,000000000000000;1,0000000000000000;1,0000000000000000
2022-08-01;60+;6;6,0;6;6;6;6;6;6;6;6;6,0;6;218;218,0;218;218;218;218;218;218;218;218;218,0;218,0;1,000000000000000;1,000000000000000;1,000000000000000;1,000000000000000;1,000000000000000;1,000000000000000;1,000000000000000;1,000000000000000;1,000000000000000;1,0000000000000000;1,0000000000000000
2022-08-01;alle;6;6,0;6;6;6;6;6;6;6;6;6,0;6;296;296,0;296;296;296;296;296;296;296;296;296,0;296,0;NA;NA;NA;NA;NA;NA;NA;NA;NA;NA;NA
2022-07-31;0-60;1;1,0;1;1;1;1;1;1;1;1;1,0;1;86;86,0;86;86;86;86;86;86;86;86;86,0;86,0;1,000000000000000;1,000000000000000;1,000000000000000;1,000000000000000;1,000000000000000;1,000000000000000;1,000000000000000;1,000000000000000;1,000000000000000;1,0000000000000000;1,0000000000000000
2022-07-31;60+;3;3,0;3;3;3;3;3;3;3;3;3,0;3;215;215,0;215;215;215;215;215;215;215;215;215,0;215,0;1,000000000000000;1,000000000000000;1,000000000000000;1,000000000000000;1,000000000000000;1,000000000000000;1,000000000000000;1,000000000000000;1,000000000000000;1,0000000000000000;1,0000000000000000
2022-07-31;alle;4;4,0;4;4;4;4;4;4;4;4;4,0;4;301;301,0;301;301;301;301;301;301;301;301;301,0;301,0;NA;NA;NA;NA;NA;NA;NA;NA;NA;NA;NA
2022-07-30;0-60;12;12,0;12;12;12;12;12;12;12;12;12,0;12;87;87,0;87;87;87;87;87;87;87;87;87,0;87,0;1,000000000000000;1,000000000000000;1,000000000000000;1,000000000000000;1,000000000000000;1,000000000000000;1,000000000000000;1,000000000000000;1,000000000000000;1,0000000000000000;1,0000000000000000
2022-07-30;60+;30;30,0;30;30;30;30;30;30;30;30;30,0;30;216;216,0;216;216;216;216;216;216;216;216;216,0;216,0;1,000000000000000;1,000000000000000;1,000000000000000;1,000000000000000;1,000000000000000;1,000000000000000;1,000000000000000;1,000000000000000;1,000000000000000;1,0000000000000000;1,0000000000000000
2022-07-30;alle;42;42,0;42;42;42;42;42;42;42;42;42,0;42;303;303,0;303;303;303;303;303;303;303;303;303,0;303,0;NA;NA;NA;NA;NA;NA;NA;NA;NA;NA;NA
2022-07-29;0-60;14;14,0;14;14;14;14;14;14;14;14;14,0;14;91;91,0;91;91;91;91;91;91;91;91;91,0;91,0;1,000000000000000;1,000000000000000;1,000000000000000;1,000000000000000;1,000000000000000;1,000000000000000;1,000000000000000;1,000000000000000;1,000000000000000;1,0000000000000000;1,0000000000000000
2022-07-29;60+;35;35,0;35;35;35;35;35;35;35;35;35,0;35;230;230,0;230;230;230;230;230;230;230;230;230,0;230,0;1,000000000000000;1,000000000000000;1,000000000000000;1,000000000000000;1,000000000000000;1,000000000000000;1,000000000000000;1,000000000000000;1,000000000000000;1,0000000000000000;1,0000000000000000
2022-07-29;alle;49;49,0;49;49;49;49;49;49;49;49;49,0;49;321;321,0;321;321;321;321;321;321;321;321;321,0;321,0;NA;NA;NA;NA;NA;NA;NA;NA;NA;NA;NA
2022-07-28;0-60;14;14,0;14;14;14;14;14;14;14;14;14,0;14;91;91,0;91;91;91;91;91;91;91;91;91,0;91,0;1,000000000000000;1,000000000000000;1,000000000000000;1,000000000000000;1,000000000000000;1,000000000000000;1,000000000000000;1,000000000000000;1,000000000000000;1,0000000000000000;1,0000000000000000
2022-07-28;60+;38;38,0;38;38;38;38;38;38;38;38;38,0;38;258;258,0;258;258;258;258;258;258;258;258;258,0;258,0;1,000000000000000;1,000000000000000;1,000000000000000;1,000000000000000;1,000000000000000;1,000000000000000;1,000000000000000;1,000000000000000;1,000000000000000;1,0000000000000000;1,0000000000000000
2022-07-28;alle;52;52,0;52;52;52;52;52;52;52;52;52,0;52;349;349,0;349;349;349;349;349;349;349;349;349,0;349,0;NA;NA;NA;NA;NA;NA;NA;NA;NA;NA;NA
2022-07-27;0-60;17;17,0;17;17;17;17;17;17;17;17;17,0;17;88;88,0;88;88;88;88;88;88;88;88;88,0;88,0;1,000000000000000;1,000000000000000;1,000000000000000;1,000000000000000;1,000000000000000;1,000000000000000;1,000000000000000;1,000000000000000;1,000000000000000;1,0000000000000000;1,0000000000000000
2022-07-27;60+;57;57,0;57;57;57;57;57;57;57;57;57,0;57;260;260,0;260;260;260;260;260;260;260;260;260,0;260,0;1,000000000000000;1,000000000000000;1,000000000000000;1,000000000000000;1,000000000000000;1,000000000000000;1,000000000000000;1,000000000000000;1,000000000000000;1,0000000000000000;1,0000000000000000
2022-07-27;alle;74;74,0;74;74;74;74;74;74;74;74;74,0;74;348;348,0;348;348;348;348;348;348;348;348;348,0;348,0;NA;NA;NA;NA;NA;NA;NA;NA;NA;NA;NA
2022-07-26;0-60;20;20,0;20;20;20;20;20;20;20;20;20,0;20;83;83,0;83;83;83;83;83;83;83;83;83,0;83,0;1,000000000000000;1,000000000000000;1,000000000000000;1,000000000000000;1,000000000000000;1,000000000000000;1,000000000000000;1,000000000000000;1,000000000000000;1,0000000000000000;1,0000000000000000
2022-07-26;60+;49;49,0;49;49;49;49;49;49;49;49;49,0;49;236;236,0;236;236;236;236;236;236;236;236;236,0;236,0;1,000000000000000;1,000000000000000;1,000000000000000;1,000000000000000;1,000000000000000;1,000000000000000;1,000000000000000;1,000000000000000;1,000000000000000;1,0000000000000000;1,0000000000000000
2022-07-26;alle;69;69,0;69;69;69;69;69;69;69;69;69,0;69;319;319,0;319;319;319;319;319;319;319;319;319,0;319,0;NA;NA;NA;NA;NA;NA;NA;NA;NA;NA;NA
2022-07-25;0-60;8;8,0;8;8;8;8;8;8;8;8;8,0;8;75;75,0;75;75;75;75;75;75;75;75;75,0;75,0;1,000000000000000;1,000000000000000;1,000000000000000;1,000000000000000;1,000000000000000;1,000000000000000;1,000000000000000;1,000000000000000;1,000000000000000;1,0000000000000000;1,0000000000000000
2022-07-25;60+;3;3,0;3;3;3;3;3;3;3;3;3,0;3;238;238,0;238;238;238;238;238;238;238;238;238,0;238,0;1,000000000000000;1,000000000000000;1,000000000000000;1,000000000000000;1,000000000000000;1,000000000000000;1,000000000000000;1,000000000000000;1,000000000000000;1,0000000000000000;1,0000000000000000
2022-07-25;alle;11;11,0;11;11;11;11;11;11;11;11;11,0;11;313;313,0;313;313;313;313;313;313;313;313;313,0;313,0;NA;NA;NA;NA;NA;NA;NA;NA;NA;NA;NA
2022-07-24;0-60;2;2,0;2;2;2;2;2;2;2;2;2,0;2;72;72,0;72;72;72;72;72;72;72;72;72,0;72,0;1,000000000000000;1,000000000000000;1,000000000000000;1,000000000000000;1,000000000000000;1,000000000000000;1,000000000000000;1,000000000000000;1,000000000000000;1,0000000000000000;1,0000000000000000
2022-07-24;60+;4;4,0;4;4;4;4;4;4;4;4;4,0;4;239;239,0;239;239;239;239;239;239;239;239;239,0;239,0;1,000000000000000;1,000000000000000;1,000000000000000;1,000000000000000;1,000000000000000;1,000000000000000;1,000000000000000;1,000000000000000;1,000000000000000;1,0000000000000000;1,0000000000000000
2022-07-24;alle;6;6,0;6;6;6;6;6;6;6;6;6,0;6;311;311,0;311;311;311;311;311;311;311;311;311,0;311,0;NA;NA;NA;NA;NA;NA;NA;NA;NA;NA;NA
2022-07-23;0-60;16;16,0;16;16;16;16;16;16;16;16;16,0;16;70;70,0;70;70;70;70;70;70;70;70;70,0;70,0;1,000000000000000;1,000000000000000;1,000000000000000;1,000000000000000;1,000000000000000;1,000000000000000;1,000000000000000;1,000000000000000;1,000000000000000;1,0000000000000000;1,0000000000000000
2022-07-23;60+;44;44,0;44;44;44;44;44;44;44;44;44,0;44;242;242,0;242;242;242;242;242;242;242;242;242,0;242,0;1,000000000000000;1,000000000000000;1,000000000000000;1,000000000000000;1,000000000000000;1,000000000000000;1,000000000000000;1,000000000000000;1,000000000000000;1,0000000000000000;1,0000000000000000
2022-07-23;alle;60;60,0;60;60;60;60;60;60;60;60;60,0;60;312;312,0;312;312;312;312;312;312;312;312;312,0;312,0;NA;NA;NA;NA;NA;NA;NA;NA;NA;NA;NA
2022-07-22;0-60;14;14,0;14;14;14;14;14;14;14;14;14,0;14;67;67,0;67;67;67;67;67;67;67;67;67,0;67,0;1,000000000000000;1,000000000000000;1,000000000000000;1,000000000000000;1,000000000000000;1,000000000000000;1,000000000000000;1,000000000000000;1,000000000000000;1,0000000000000000;1,0000000000000000
2022-07-22;60+;63;63,0;63;63;63;63;63;63;63;63;63,0;63;233;233,0;233;233;233;233;233;233;233;233;233,0;233,0;1,000000000000000;1,000000000000000;1,000000000000000;1,000000000000000;1,000000000000000;1,000000000000000;1,000000000000000;1,000000000000000;1,000000000000000;1,0000000000000000;1,0000000000000000
2022-07-22;alle;77;77,0;77;77;77;77;77;77;77;77;77,0;77;300;300,0;300;300;300;300;300;300;300;300;300,0;300,0;NA;NA;NA;NA;NA;NA;NA;NA;NA;NA;NA
2022-07-21;0-60;11;11,0;11;11;11;11;11;11;11;11;11,0;11;64;64,0;64;64;64;64;64;64;64;64;64,0;64,0;1,000000000000000;1,000000000000000;1,000000000000000;1,000000000000000;1,000000000000000;1,000000000000000;1,000000000000000;1,000000000000000;1,000000000000000;1,0000000000000000;1,0000000000000000
2022-07-21;60+;40;40,0;40;40;40;40;40;40;40;40;40,0;40;209;209,0;209;209;209;209;209;209;209;209;209,0;209,0;1,000000000000000;1,000000000000000;1,000000000000000;1,000000000000000;1,000000000000000;1,000000000000000;1,000000000000000;1,000000000000000;1,000000000000000;1,0000000000000000;1,0000000000000000
2022-07-21;alle;51;51,0;51;51;51;51;51;51;51;51;51,0;51;273;273,0;273;273;273;273;273;273;273;273;273,0;273,0;NA;NA;NA;NA;NA;NA;NA;NA;NA;NA;NA
2022-07-20;0-60;12;12,0;12;12;12;12;12;12;12;12;12,0;12;69;69,0;69;69;69;69;69;69;69;69;69,0;69,0;1,000000000000000;1,000000000000000;1,000000000000000;1,000000000000000;1,000000000000000;1,000000000000000;1,000000000000000;1,000000000000000;1,000000000000000;1,0000000000000000;1,0000000000000000
2022-07-20;60+;33;33,0;33;33;33;33;33;33;33;33;33,0;33;207;207,0;207;207;207;207;207;207;207;207;207,0;207,0;1,000000000000000;1,000000000000000;1,000000000000000;1,000000000000000;1,000000000000000;1,000000000000000;1,000000000000000;1,000000000000000;1,000000000000000;1,0000000000000000;1,0000000000000000
2022-07-20;alle;45;45,0;45;45;45;45;45;45;45;45;45,0;45;276;276,0;276;276;276;276;276;276;276;276;276,0;276,0;NA;NA;NA;NA;NA;NA;NA;NA;NA;NA;NA
2022-07-19;0-60;12;12,0;12;12;12;12;12;12;12;12;12,0;12;71;71,0;71;71;71;71;71;71;71;71;71,0;71,0;1,000000000000000;1,000000000000000;1,000000000000000;1,000000000000000;1,000000000000000;1,000000000000000;1,000000000000000;1,000000000000000;1,000000000000000;1,0000000000000000;1,0000000000000000
2022-07-19;60+;51;51,0;51;51;51;51;51;51;51;51;51,0;51;199;199,0;199;199;199;199;199;199;199;199;199,0;199,0;1,000000000000000;1,000000000000000;1,000000000000000;1,000000000000000;1,000000000000000;1,000000000000000;1,000000000000000;1,000000000000000;1,000000000000000;1,0000000000000000;1,0000000000000000
2022-07-19;alle;63;63,0;63;63;63;63;63;63;63;63;63,0;63;270;270,0;270;270;270;270;270;270;270;270;270,0;270,0;NA;NA;NA;NA;NA;NA;NA;NA;NA;NA;NA
2022-07-18;0-60;5;5,0;5;5;5;5;5;5;5;5;5,0;5;74;74,0;74;74;74;74;74;74;74;74;74,0;74,0;1,000000000000000;1,000000000000000;1,000000000000000;1,000000000000000;1,000000000000000;1,000000000000000;1,000000000000000;1,000000000000000;1,000000000000000;1,0000000000000000;1,0000000000000000
2022-07-18;60+;4;4,0;4;4;4;4;4;4;4;4;4,0;4;172;172,0;172;172;172;172;172;172;172;172;172,0;172,0;1,000000000000000;1,000000000000000;1,000000000000000;1,000000000000000;1,000000000000000;1,000000000000000;1,000000000000000;1,000000000000000;1,000000000000000;1,0000000000000000;1,0000000000000000
2022-07-18;alle;9;9,0;9;9;9;9;9;9;9;9;9,0;9;246;246,0;246;246;246;246;246;246;246;246;246,0;246,0;NA;NA;NA;NA;NA;NA;NA;NA;NA;NA;NA
2022-07-17;0-60;0;0,0;0;0;0;0;0;0;0;0;0,0;0;74;74,0;74;74;74;74;74;74;74;74;74,0;74,0;1,000000000000000;1,000000000000000;1,000000000000000;1,000000000000000;1,000000000000000;1,000000000000000;1,000000000000000;1,000000000000000;1,000000000000000;1,0000000000000000;1,0000000000000000
2022-07-17;60+;7;7,0;7;7;7;7;7;7;7;7;7,0;7;173;173,0;173;173;173;173;173;173;173;173;173,0;173,0;1,000000000000000;1,000000000000000;1,000000000000000;1,000000000000000;1,000000000000000;1,000000000000000;1,000000000000000;1,000000000000000;1,000000000000000;1,0000000000000000;1,0000000000000000
2022-07-17;alle;7;7,0;7;7;7;7;7;7;7;7;7,0;7;247;247,0;247;247;247;247;247;247;247;247;247,0;247,0;NA;NA;NA;NA;NA;NA;NA;NA;NA;NA;NA
2022-07-16;0-60;13;13,0;13;13;13;13;13;13;13;13;13,0;13;75;75,0;75;75;75;75;75;75;75;75;75,0;75,0;1,000000000000000;1,000000000000000;1,000000000000000;1,000000000000000;1,000000000000000;1,000000000000000;1,000000000000000;1,000000000000000;1,000000000000000;1,0000000000000000;1,0000000000000000
2022-07-16;60+;35;35,0;35;35;35;35;35;35;35;35;35,0;35;168;168,0;168;168;168;168;168;168;168;168;168,0;168,0;1,000000000000000;1,000000000000000;1,000000000000000;1,000000000000000;1,000000000000000;1,000000000000000;1,000000000000000;1,000000000000000;1,000000000000000;1,0000000000000000;1,0000000000000000
2022-07-16;alle;48;48,0;48;48;48;48;48;48;48;48;48,0;48;243;243,0;243;243;243;243;243;243;243;243;243,0;243,0;NA;NA;NA;NA;NA;NA;NA;NA;NA;NA;NA
2022-07-15;0-60;11;11,0;11;11;11;11;11;11;11;11;11,0;11;74;74,0;74;74;74;74;74;74;74;74;74,0;74,0;1,000000000000000;1,000000000000000;1,000000000000000;1,000000000000000;1,000000000000000;1,000000000000000;1,000000000000000;1,000000000000000;1,000000000000000;1,0000000000000000;1,0000000000000000
2022-07-15;60+;39;39,0;39;39;39;39;39;39;39;39;39,0;39;155;155,0;155;155;155;155;155;155;155;155;155,0;155,0;1,000000000000000;1,000000000000000;1,000000000000000;1,000000000000000;1,000000000000000;1,000000000000000;1,000000000000000;1,000000000000000;1,000000000000000;1,0000000000000000;1,0000000000000000
2022-07-15;alle;50;50,0;50;50;50;50;50;50;50;50;50,0;50;229;229,0;229;229;229;229;229;229;229;229;229,0;229,0;NA;NA;NA;NA;NA;NA;NA;NA;NA;NA;NA
2022-07-14;0-60;16;16,0;16;16;16;16;16;16;16;16;16,0;16;74;74,0;74;74;74;74;74;74;74;74;74,0;74,0;1,000000000000000;1,000000000000000;1,000000000000000;1,000000000000000;1,000000000000000;1,000000000000000;1,000000000000000;1,000000000000000;1,000000000000000;1,0000000000000000;1,0000000000000000
2022-07-14;60+;38;38,0;38;38;38;38;38;38;38;38;38,0;38;133;133,0;133;133;133;133;133;133;133;133;133,0;133,0;1,000000000000000;1,000000000000000;1,000000000000000;1,000000000000000;1,000000000000000;1,000000000000000;1,000000000000000;1,000000000000000;1,000000000000000;1,0000000000000000;1,0000000000000000
2022-07-14;alle;54;54,0;54;54;54;54;54;54;54;54;54,0;54;207;207,0;207;207;207;207;207;207;207;207;207,0;207,0;NA;NA;NA;NA;NA;NA;NA;NA;NA;NA;NA
2022-07-13;0-60;14;14,0;14;14;14;14;14;14;14;14;14,0;14;70;70,0;70;70;70;70;70;70;70;70;70,0;70,0;1,000000000000000;1,000000000000000;1,000000000000000;1,000000000000000;1,000000000000000;1,000000000000000;1,000000000000000;1,000000000000000;1,000000000000000;1,0000000000000000;1,0000000000000000
2022-07-13;60+;25;25,0;25;25;25;25;25;25;25;25;25,0;25;116;116,0;116;116;116;116;116;116;116;116;116,0;116,0;1,000000000000000;1,000000000000000;1,000000000000000;1,000000000000000;1,000000000000000;1,000000000000000;1,000000000000000;1,000000000000000;1,000000000000000;1,0000000000000000;1,0000000000000000
2022-07-13;alle;39;39,0;39;39;39;39;39;39;39;39;39,0;39;186;186,0;186;186;186;186;186;186;186;186;186,0;186,0;NA;NA;NA;NA;NA;NA;NA;NA;NA;NA;NA
2022-07-12;0-60;15;15,0;15;15;15;15;15;15;15;15;15,0;15;65;65,0;65;65;65;65;65;65;65;65;65,0;65,0;1,000000000000000;1,000000000000000;1,000000000000000;1,000000000000000;1,000000000000000;1,000000000000000;1,000000000000000;1,000000000000000;1,000000000000000;1,0000000000000000;1,0000000000000000
2022-07-12;60+;24;24,0;24;24;24;24;24;24;24;24;24,0;24;107;107,0;107;107;107;107;107;107;107;107;107,0;107,0;1,000000000000000;1,000000000000000;1,000000000000000;1,000000000000000;1,000000000000000;1,000000000000000;1,000000000000000;1,000000000000000;1,000000000000000;1,0000000000000000;1,0000000000000000
2022-07-12;alle;39;39,0;39;39;39;39;39;39;39;39;39,0;39;172;172,0;172;172;172;172;172;172;172;172;172,0;172,0;NA;NA;NA;NA;NA;NA;NA;NA;NA;NA;NA
2022-07-11;0-60;5;5,0;5;5;5;5;5;5;5;5;5,0;5;68;68,0;68;68;68;68;68;68;68;68;68,0;68,0;1,000000000000000;1,000000000000000;1,000000000000000;1,000000000000000;1,000000000000000;1,000000000000000;1,000000000000000;1,000000000000000;1,000000000000000;1,0000000000000000;1,0000000000000000
2022-07-11;60+;5;5,0;5;5;5;5;5;5;5;5;5,0;5;113;113,0;113;113;113;113;113;113;113;113;113,0;113,0;1,000000000000000;1,000000000000000;1,000000000000000;1,000000000000000;1,000000000000000;1,000000000000000;1,000000000000000;1,000000000000000;1,000000000000000;1,0000000000000000;1,0000000000000000
2022-07-11;alle;10;10,0;10;10;10;10;10;10;10;10;10,0;10;181;181,0;181;181;181;181;181;181;181;181;181,0;181,0;NA;NA;NA;NA;NA;NA;NA;NA;NA;NA;NA
2022-07-10;0-60;1;1,0;1;1;1;1;1;1;1;1;1,0;1;65;65,0;65;65;65;65;65;65;65;65;65,0;65,0;1,000000000000000;1,000000000000000;1,000000000000000;1,000000000000000;1,000000000000000;1,000000000000000;1,000000000000000;1,000000000000000;1,000000000000000;1,0000000000000000;1,0000000000000000
2022-07-10;60+;2;2,0;2;2;2;2;2;2;2;2;2,0;2;109;109,0;109;109;109;109;109;109;109;109;109,0;109,0;1,000000000000000;1,000000000000000;1,000000000000000;1,000000000000000;1,000000000000000;1,000000000000000;1,000000000000000;1,000000000000000;1,000000000000000;1,0000000000000000;1,0000000000000000
2022-07-10;alle;3;3,0;3;3;3;3;3;3;3;3;3,0;3;174;174,0;174;174;174;174;174;174;174;174;174,0;174,0;NA;NA;NA;NA;NA;NA;NA;NA;NA;NA;NA
2022-07-09;0-60;12;12,0;12;12;12;12;12;12;12;12;12,0;12;65;65,0;65;65;65;65;65;65;65;65;65,0;65,0;1,000000000000000;1,000000000000000;1,000000000000000;1,000000000000000;1,000000000000000;1,000000000000000;1,000000000000000;1,000000000000000;1,000000000000000;1,0000000000000000;1,0000000000000000
2022-07-09;60+;22;22,0;22;22;22;22;22;22;22;22;22,0;22;107;107,0;107;107;107;107;107;107;107;107;107,0;107,0;1,000000000000000;1,000000000000000;1,000000000000000;1,000000000000000;1,000000000000000;1,000000000000000;1,000000000000000;1,000000000000000;1,000000000000000;1,0000000000000000;1,0000000000000000
2022-07-09;alle;34;34,0;34;34;34;34;34;34;34;34;34,0;34;172;172,0;172;172;172;172;172;172;172;172;172,0;172,0;NA;NA;NA;NA;NA;NA;NA;NA;NA;NA;NA
2022-07-08;0-60;11;11,0;11;11;11;11;11;11;11;11;11,0;11;60;60,0;60;60;60;60;60;60;60;60;60,0;60,0;1,000000000000000;1,000000000000000;1,000000000000000;1,000000000000000;1,000000000000000;1,000000000000000;1,000000000000000;1,000000000000000;1,000000000000000;1,0000000000000000;1,0000000000000000
2022-07-08;60+;17;17,0;17;17;17;17;17;17;17;17;17,0;17;101;101,0;101;101;101;101;101;101;101;101;101,0;101,0;1,000000000000000;1,000000000000000;1,000000000000000;1,000000000000000;1,000000000000000;1,000000000000000;1,000000000000000;1,000000000000000;1,000000000000000;1,0000000000000000;1,0000000000000000
2022-07-08;alle;28;28,0;28;28;28;28;28;28;28;28;28,0;28;161;161,0;161;161;161;161;161;161;161;161;161,0;161,0;NA;NA;NA;NA;NA;NA;NA;NA;NA;NA;NA
2022-07-07;0-60;12;12,0;12;12;12;12;12;12;12;12;12,0;12;57;57,0;57;57;57;57;57;57;57;57;57,0;57,0;1,000000000000000;1,000000000000000;1,000000000000000;1,000000000000000;1,000000000000000;1,000000000000000;1,000000000000000;1,000000000000000;1,000000000000000;1,0000000000000000;1,0000000000000000
2022-07-07;60+;21;21,0;21;21;21;21;21;21;21;21;21,0;21;100;100,0;100;100;100;100;100;100;100;100;100,0;100,0;1,000000000000000;1,000000000000000;1,000000000000000;1,000000000000000;1,000000000000000;1,000000000000000;1,000000000000000;1,000000000000000;1,000000000000000;1,0000000000000000;1,0000000000000000
2022-07-07;alle;33;33,0;33;33;33;33;33;33;33;33;33,0;33;157;157,0;157;157;157;157;157;157;157;157;157,0;157,0;NA;NA;NA;NA;NA;NA;NA;NA;NA;NA;NA
2022-07-06;0-60;9;9,0;9;9;9;9;9;9;9;9;9,0;9;58;58,0;58;58;58;58;58;58;58;58;58,0;58,0;1,000000000000000;1,000000000000000;1,000000000000000;1,000000000000000;1,000000000000000;1,000000000000000;1,000000000000000;1,000000000000000;1,000000000000000;1,0000000000000000;1,0000000000000000
2022-07-06;60+;16;16,0;16;16;16;16;16;16;16;16;16,0;16;97;97,0;97;97;97;97;97;97;97;97;97,0;97,0;1,000000000000000;1,000000000000000;1,000000000000000;1,000000000000000;1,000000000000000;1,000000000000000;1,000000000000000;1,000000000000000;1,000000000000000;1,0000000000000000;1,0000000000000000
2022-07-06;alle;25;25,0;25;25;25;25;25;25;25;25;25,0;25;155;155,0;155;155;155;155;155;155;155;155;155,0;155,0;NA;NA;NA;NA;NA;NA;NA;NA;NA;NA;NA
2022-07-05;0-60;18;18,0;18;18;18;18;18;18;18;18;18,0;18;62;62,0;62;62;62;62;62;62;62;62;62,0;62,0;1,000000000000000;1,000000000000000;1,000000000000000;1,000000000000000;1,000000000000000;1,000000000000000;1,000000000000000;1,000000000000000;1,000000000000000;1,0000000000000000;1,0000000000000000
2022-07-05;60+;30;30,0;30;30;30;30;30;30;30;30;30,0;30;108;108,0;108;108;108;108;108;108;108;108;108,0;108,0;1,000000000000000;1,000000000000000;1,000000000000000;1,000000000000000;1,000000000000000;1,000000000000000;1,000000000000000;1,000000000000000;1,000000000000000;1,0000000000000000;1,0000000000000000
2022-07-05;alle;48;48,0;48;48;48;48;48;48;48;48;48,0;48;170;170,0;170;170;170;170;170;170;170;170;170,0;170,0;NA;NA;NA;NA;NA;NA;NA;NA;NA;NA;NA
2022-07-04;0-60;2;2,0;2;2;2;2;2;2;2;2;2,0;2;54;54,0;54;54;54;54;54;54;54;54;54,0;54,0;1,000000000000000;1,000000000000000;1,000000000000000;1,000000000000000;1,000000000000000;1,000000000000000;1,000000000000000;1,000000000000000;1,000000000000000;1,0000000000000000;1,0000000000000000
2022-07-04;60+;1;1,0;1;1;1;1;1;1;1;1;1,0;1;93;93,0;93;93;93;93;93;93;93;93;93,0;93,0;1,000000000000000;1,000000000000000;1,000000000000000;1,000000000000000;1,000000000000000;1,000000000000000;1,000000000000000;1,000000000000000;1,000000000000000;1,0000000000000000;1,0000000000000000
2022-07-04;alle;3;3,0;3;3;3;3;3;3;3;3;3,0;3;147;147,0;147;147;147;147;147;147;147;147;147,0;147,0;NA;NA;NA;NA;NA;NA;NA;NA;NA;NA;NA
2022-07-03;0-60;1;1,0;1;1;1;1;1;1;1;1;1,0;1;53;53,0;53;53;53;53;53;53;53;53;53,0;53,0;1,000000000000000;1,000000000000000;1,000000000000000;1,000000000000000;1,000000000000000;1,000000000000000;1,000000000000000;1,000000000000000;1,000000000000000;1,0000000000000000;1,0000000000000000
2022-07-03;60+;0;0,0;0;0;0;0;0;0;0;0;0,0;0;93;93,0;93;93;93;93;93;93;93;93;93,0;93,0;1,000000000000000;1,000000000000000;1,000000000000000;1,000000000000000;1,000000000000000;1,000000000000000;1,000000000000000;1,000000000000000;1,000000000000000;1,0000000000000000;1,0000000000000000
2022-07-03;alle;1;1,0;1;1;1;1;1;1;1;1;1,0;1;146;146,0;146;146;146;146;146;146;146;146;146,0;146,0;NA;NA;NA;NA;NA;NA;NA;NA;NA;NA;NA
2022-07-02;0-60;7;7,0;7;7;7;7;7;7;7;7;7,0;7;52;52,0;52;52;52;52;52;52;52;52;52,0;52,0;1,000000000000000;1,000000000000000;1,000000000000000;1,000000000000000;1,000000000000000;1,000000000000000;1,000000000000000;1,000000000000000;1,000000000000000;1,0000000000000000;1,0000000000000000
2022-07-02;60+;16;16,0;16;16;16;16;16;16;16;16;16,0;16;94;94,0;94;94;94;94;94;94;94;94;94,0;94,0;1,000000000000000;1,000000000000000;1,000000000000000;1,000000000000000;1,000000000000000;1,000000000000000;1,000000000000000;1,000000000000000;1,000000000000000;1,0000000000000000;1,0000000000000000
2022-07-02;alle;23;23,0;23;23;23;23;23;23;23;23;23,0;23;146;146,0;146;146;146;146;146;146;146;146;146,0;146,0;NA;NA;NA;NA;NA;NA;NA;NA;NA;NA;NA
2022-07-01;0-60;8;8,0;8;8;8;8;8;8;8;8;8,0;8;52;52,0;52;52;52;52;52;52;52;52;52,0;52,0;1,000000000000000;1,000000000000000;1,000000000000000;1,000000000000000;1,000000000000000;1,000000000000000;1,000000000000000;1,000000000000000;1,000000000000000;1,0000000000000000;1,0000000000000000
2022-07-01;60+;16;16,0;16;16;16;16;16;16;16;16;16,0;16;91;91,0;91;91;91;91;91;91;91;91;91,0;91,0;1,000000000000000;1,000000000000000;1,000000000000000;1,000000000000000;1,000000000000000;1,000000000000000;1,000000000000000;1,000000000000000;1,000000000000000;1,0000000000000000;1,0000000000000000
2022-07-01;alle;24;24,0;24;24;24;24;24;24;24;24;24,0;24;143;143,0;143;143;143;143;143;143;143;143;143,0;143,0;NA;NA;NA;NA;NA;NA;NA;NA;NA;NA;NA
2022-06-30;0-60;13;13,0;13;13;13;13;13;13;13;13;13,0;13;54;54,0;54;54;54;54;54;54;54;54;54,0;54,0;1,000000000000000;1,000000000000000;1,000000000000000;1,000000000000000;1,000000000000000;1,000000000000000;1,000000000000000;1,000000000000000;1,000000000000000;1,0000000000000000;1,0000000000000000
2022-06-30;60+;18;18,0;18;18;18;18;18;18;18;18;18,0;18;89;89,0;89;89;89;89;89;89;89;89;89,0;89,0;1,000000000000000;1,000000000000000;1,000000000000000;1,000000000000000;1,000000000000000;1,000000000000000;1,000000000000000;1,000000000000000;1,000000000000000;1,0000000000000000;1,0000000000000000
2022-06-30;alle;31;31,0;31;31;31;31;31;31;31;31;31,0;31;143;143,0;143;143;143;143;143;143;143;143;143,0;143,0;NA;NA;NA;NA;NA;NA;NA;NA;NA;NA;NA
2022-06-29;0-60;13;13,0;13;13;13;13;13;13;13;13;13,0;13;50;50,0;50;50;50;50;50;50;50;50;50,0;50,0;1,000000000000000;1,000000000000000;1,000000000000000;1,000000000000000;1,000000000000000;1,000000000000000;1,000000000000000;1,000000000000000;1,000000000000000;1,0000000000000000;1,0000000000000000
2022-06-29;60+;27;27,0;27;27;27;27;27;27;27;27;27,0;27;89;89,0;89;89;89;89;89;89;89;89;89,0;89,0;1,000000000000000;1,000000000000000;1,000000000000000;1,000000000000000;1,000000000000000;1,000000000000000;1,000000000000000;1,000000000000000;1,000000000000000;1,0000000000000000;1,0000000000000000
2022-06-29;alle;40;40,0;40;40;40;40;40;40;40;40;40,0;40;139;139,0;139;139;139;139;139;139;139;139;139,0;139,0;NA;NA;NA;NA;NA;NA;NA;NA;NA;NA;NA
2022-06-28;0-60;10;10,0;10;10;10;10;10;10;10;10;10,0;10;42;42,0;42;42;42;42;42;42;42;42;42,0;42,0;1,000000000000000;1,000000000000000;1,000000000000000;1,000000000000000;1,000000000000000;1,000000000000000;1,000000000000000;1,000000000000000;1,000000000000000;1,0000000000000000;1,0000000000000000
2022-06-28;60+;15;15,0;15;15;15;15;15;15;15;15;15,0;15;83;83,0;83;83;83;83;83;83;83;83;83,0;83,0;1,000000000000000;1,000000000000000;1,000000000000000;1,000000000000000;1,000000000000000;1,000000000000000;1,000000000000000;1,000000000000000;1,000000000000000;1,0000000000000000;1,0000000000000000
2022-06-28;alle;25;25,0;25;25;25;25;25;25;25;25;25,0;25;125;125,0;125;125;125;125;125;125;125;125;125,0;125,0;NA;NA;NA;NA;NA;NA;NA;NA;NA;NA;NA
2022-06-27;0-60;1;1,0;1;1;1;1;1;1;1;1;1,0;1;40;40,0;40;40;40;40;40;40;40;40;40,0;40,0;1,000000000000000;1,000000000000000;1,000000000000000;1,000000000000000;1,000000000000000;1,000000000000000;1,000000000000000;1,000000000000000;1,000000000000000;1,0000000000000000;1,0000000000000000
2022-06-27;60+;1;1,0;1;1;1;1;1;1;1;1;1,0;1;85;85,0;85;85;85;85;85;85;85;85;85,0;85,0;1,000000000000000;1,000000000000000;1,000000000000000;1,000000000000000;1,000000000000000;1,000000000000000;1,000000000000000;1,000000000000000;1,000000000000000;1,0000000000000000;1,0000000000000000
2022-06-27;alle;2;2,0;2;2;2;2;2;2;2;2;2,0;2;125;125,0;125;125;125;125;125;125;125;125;125,0;125,0;NA;NA;NA;NA;NA;NA;NA;NA;NA;NA;NA
2022-06-26;0-60;0;0,0;0;0;0;0;0;0;0;0;0,0;0;39;39,0;39;39;39;39;39;39;39;39;39,0;39,0;1,000000000000000;1,000000000000000;1,000000000000000;1,000000000000000;1,000000000000000;1,000000000000000;1,000000000000000;1,000000000000000;1,000000000000000;1,0000000000000000;1,0000000000000000
2022-06-26;60+;1;1,0;1;1;1;1;1;1;1;1;1,0;1;86;86,0;86;86;86;86;86;86;86;86;86,0;86,0;1,000000000000000;1,000000000000000;1,000000000000000;1,000000000000000;1,000000000000000;1,000000000000000;1,000000000000000;1,000000000000000;1,000000000000000;1,0000000000000000;1,0000000000000000
2022-06-26;alle;1;1,0;1;1;1;1;1;1;1;1;1,0;1;125;125,0;125;125;125;125;125;125;125;125;125,0;125,0;NA;NA;NA;NA;NA;NA;NA;NA;NA;NA;NA
2022-06-25;0-60;7;7,0;7;7;7;7;7;7;7;7;7,0;7;41;41,0;41;41;41;41;41;41;41;41;41,0;41,0;1,000000000000000;1,000000000000000;1,000000000000000;1,000000000000000;1,000000000000000;1,000000000000000;1,000000000000000;1,000000000000000;1,000000000000000;1,0000000000000000;1,0000000000000000
2022-06-25;60+;13;13,0;13;13;13;13;13;13;13;13;13,0;13;86;86,0;86;86;86;86;86;86;86;86;86,0;86,0;1,000000000000000;1,000000000000000;1,000000000000000;1,000000000000000;1,000000000000000;1,000000000000000;1,000000000000000;1,000000000000000;1,000000000000000;1,0000000000000000;1,0000000000000000
2022-06-25;alle;20;20,0;20;20;20;20;20;20;20;20;20,0;20;127;127,0;127;127;127;127;127;127;127;127;127,0;127,0;NA;NA;NA;NA;NA;NA;NA;NA;NA;NA;NA
2022-06-24;0-60;10;10,0;10;10;10;10;10;10;10;10;10,0;10;42;42,0;42;42;42;42;42;42;42;42;42,0;42,0;1,000000000000000;1,000000000000000;1,000000000000000;1,000000000000000;1,000000000000000;1,000000000000000;1,000000000000000;1,000000000000000;1,000000000000000;1,0000000000000000;1,0000000000000000
2022-06-24;60+;14;14,0;14;14;14;14;14;14;14;14;14,0;14;91;91,0;91;91;91;91;91;91;91;91;91,0;91,0;1,000000000000000;1,000000000000000;1,000000000000000;1,000000000000000;1,000000000000000;1,000000000000000;1,000000000000000;1,000000000000000;1,000000000000000;1,0000000000000000;1,0000000000000000
2022-06-24;alle;24;24,0;24;24;24;24;24;24;24;24;24,0;24;133;133,0;133;133;133;133;133;133;133;133;133,0;133,0;NA;NA;NA;NA;NA;NA;NA;NA;NA;NA;NA
2022-06-23;0-60;9;9,0;9;9;9;9;9;9;9;9;9,0;9;43;43,0;43;43;43;43;43;43;43;43;43,0;43,0;1,000000000000000;1,000000000000000;1,000000000000000;1,000000000000000;1,000000000000000;1,000000000000000;1,000000000000000;1,000000000000000;1,000000000000000;1,0000000000000000;1,0000000000000000
2022-06-23;60+;18;18,0;18;18;18;18;18;18;18;18;18,0;18;90;90,0;90;90;90;90;90;90;90;90;90,0;90,0;1,000000000000000;1,000000000000000;1,000000000000000;1,000000000000000;1,000000000000000;1,000000000000000;1,000000000000000;1,000000000000000;1,000000000000000;1,0000000000000000;1,0000000000000000
2022-06-23;alle;27;27,0;27;27;27;27;27;27;27;27;27,0;27;133;133,0;133;133;133;133;133;133;133;133;133,0;133,0;NA;NA;NA;NA;NA;NA;NA;NA;NA;NA;NA
2022-06-22;0-60;5;5,0;5;5;5;5;5;5;5;5;5,0;5;43;43,0;43;43;43;43;43;43;43;43;43,0;43,0;1,000000000000000;1,000000000000000;1,000000000000000;1,000000000000000;1,000000000000000;1,000000000000000;1,000000000000000;1,000000000000000;1,000000000000000;1,0000000000000000;1,0000000000000000
2022-06-22;60+;21;21,0;21;21;21;21;21;21;21;21;21,0;21;91;91,0;91;91;91;91;91;91;91;91;91,0;91,0;1,000000000000000;1,000000000000000;1,000000000000000;1,000000000000000;1,000000000000000;1,000000000000000;1,000000000000000;1,000000000000000;1,000000000000000;1,0000000000000000;1,0000000000000000
2022-06-22;alle;26;26,0;26;26;26;26;26;26;26;26;26,0;26;134;134,0;134;134;134;134;134;134;134;134;134,0;134,0;NA;NA;NA;NA;NA;NA;NA;NA;NA;NA;NA
2022-06-21;0-60;8;8,0;8;8;8;8;8;8;8;8;8,0;8;44;44,0;44;44;44;44;44;44;44;44;44,0;44,0;1,000000000000000;1,000000000000000;1,000000000000000;1,000000000000000;1,000000000000000;1,000000000000000;1,000000000000000;1,000000000000000;1,000000000000000;1,0000000000000000;1,0000000000000000
2022-06-21;60+;17;17,0;17;17;17;17;17;17;17;17;17,0;17;93;93,0;93;93;93;93;93;93;93;93;93,0;93,0;1,000000000000000;1,000000000000000;1,000000000000000;1,000000000000000;1,000000000000000;1,000000000000000;1,000000000000000;1,000000000000000;1,000000000000000;1,0000000000000000;1,0000000000000000
2022-06-21;alle;25;25,0;25;25;25;25;25;25;25;25;25,0;25;137;137,0;137;137;137;137;137;137;137;137;137,0;137,0;NA;NA;NA;NA;NA;NA;NA;NA;NA;NA;NA
2022-06-20;0-60;0;0,0;0;0;0;0;0;0;0;0;0,0;0;47;47,0;47;47;47;47;47;47;47;47;47,0;47,0;1,000000000000000;1,000000000000000;1,000000000000000;1,000000000000000;1,000000000000000;1,000000000000000;1,000000000000000;1,000000000000000;1,000000000000000;1,0000000000000000;1,0000000000000000
2022-06-20;60+;2;2,0;2;2;2;2;2;2;2;2;2,0;2;94;94,0;94;94;94;94;94;94;94;94;94,0;94,0;1,000000000000000;1,000000000000000;1,000000000000000;1,000000000000000;1,000000000000000;1,000000000000000;1,000000000000000;1,000000000000000;1,000000000000000;1,0000000000000000;1,0000000000000000
2022-06-20;alle;2;2,0;2;2;2;2;2;2;2;2;2,0;2;141;141,0;141;141;141;141;141;141;141;141;141,0;141,0;NA;NA;NA;NA;NA;NA;NA;NA;NA;NA;NA
2022-06-19;0-60;2;2,0;2;2;2;2;2;2;2;2;2,0;2;48;48,0;48;48;48;48;48;48;48;48;48,0;48,0;1,000000000000000;1,000000000000000;1,000000000000000;1,000000000000000;1,000000000000000;1,000000000000000;1,000000000000000;1,000000000000000;1,000000000000000;1,0000000000000000;1,0000000000000000
2022-06-19;60+;1;1,0;1;1;1;1;1;1;1;1;1,0;1;93;93,0;93;93;93;93;93;93;93;93;93,0;93,0;1,000000000000000;1,000000000000000;1,000000000000000;1,000000000000000;1,000000000000000;1,000000000000000;1,000000000000000;1,000000000000000;1,000000000000000;1,0000000000000000;1,0000000000000000
2022-06-19;alle;3;3,0;3;3;3;3;3;3;3;3;3,0;3;141;141,0;141;141;141;141;141;141;141;141;141,0;141,0;NA;NA;NA;NA;NA;NA;NA;NA;NA;NA;NA
2022-06-18;0-60;8;8,0;8;8;8;8;8;8;8;8;8,0;8;46;46,0;46;46;46;46;46;46;46;46;46,0;46,0;1,000000000000000;1,000000000000000;1,000000000000000;1,000000000000000;1,000000000000000;1,000000000000000;1,000000000000000;1,000000000000000;1,000000000000000;1,0000000000000000;1,0000000000000000
2022-06-18;60+;18;18,0;18;18;18;18;18;18;18;18;18,0;18;93;93,0;93;93;93;93;93;93;93;93;93,0;93,0;1,000000000000000;1,000000000000000;1,000000000000000;1,000000000000000;1,000000000000000;1,000000000000000;1,000000000000000;1,000000000000000;1,000000000000000;1,0000000000000000;1,0000000000000000
2022-06-18;alle;26;26,0;26;26;26;26;26;26;26;26;26,0;26;139;139,0;139;139;139;139;139;139;139;139;139,0;139,0;NA;NA;NA;NA;NA;NA;NA;NA;NA;NA;NA
2022-06-17;0-60;11;11,0;11;11;11;11;11;11;11;11;11,0;11;46;46,0;46;46;46;46;46;46;46;46;46,0;46,0;1,000000000000000;1,000000000000000;1,000000000000000;1,000000000000000;1,000000000000000;1,000000000000000;1,000000000000000;1,000000000000000;1,000000000000000;1,0000000000000000;1,0000000000000000
2022-06-17;60+;13;13,0;13;13;13;13;13;13;13;13;13,0;13;81;81,0;81;81;81;81;81;81;81;81;81,0;81,0;1,000000000000000;1,000000000000000;1,000000000000000;1,000000000000000;1,000000000000000;1,000000000000000;1,000000000000000;1,000000000000000;1,000000000000000;1,0000000000000000;1,0000000000000000
2022-06-17;alle;24;24,0;24;24;24;24;24;24;24;24;24,0;24;127;127,0;127;127;127;127;127;127;127;127;127,0;127,0;NA;NA;NA;NA;NA;NA;NA;NA;NA;NA;NA
2022-06-16;0-60;9;9,0;9;9;9;9;9;9;9;9;9,0;9;48;48,0;48;48;48;48;48;48;48;48;48,0;48,0;1,000000000000000;1,000000000000000;1,000000000000000;1,000000000000000;1,000000000000000;1,000000000000000;1,000000000000000;1,000000000000000;1,000000000000000;1,0000000000000000;1,0000000000000000
2022-06-16;60+;19;19,0;19;19;19;19;19;19;19;19;19,0;19;76;76,0;76;76;76;76;76;76;76;76;76,0;76,0;1,000000000000000;1,000000000000000;1,000000000000000;1,000000000000000;1,000000000000000;1,000000000000000;1,000000000000000;1,000000000000000;1,000000000000000;1,0000000000000000;1,0000000000000000
2022-06-16;alle;28;28,0;28;28;28;28;28;28;28;28;28,0;28;124;124,0;124;124;124;124;124;124;124;124;124,0;124,0;NA;NA;NA;NA;NA;NA;NA;NA;NA;NA;NA
2022-06-15;0-60;6;6,0;6;6;6;6;6;6;6;6;6,0;6;46;46,0;46;46;46;46;46;46;46;46;46,0;46,0;1,000000000000000;1,000000000000000;1,000000000000000;1,000000000000000;1,000000000000000;1,000000000000000;1,000000000000000;1,000000000000000;1,000000000000000;1,0000000000000000;1,0000000000000000
2022-06-15;60+;23;23,0;23;23;23;23;23;23;23;23;23,0;23;81;81,0;81;81;81;81;81;81;81;81;81,0;81,0;1,000000000000000;1,000000000000000;1,000000000000000;1,000000000000000;1,000000000000000;1,000000000000000;1,000000000000000;1,000000000000000;1,000000000000000;1,0000000000000000;1,0000000000000000
2022-06-15;alle;29;29,0;29;29;29;29;29;29;29;29;29,0;29;127;127,0;127;127;127;127;127;127;127;127;127,0;127,0;NA;NA;NA;NA;NA;NA;NA;NA;NA;NA;NA
2022-06-14;0-60;11;11,0;11;11;11;11;11;11;11;11;11,0;11;51;51,0;51;51;51;51;51;51;51;51;51,0;51,0;1,000000000000000;1,000000000000000;1,000000000000000;1,000000000000000;1,000000000000000;1,000000000000000;1,000000000000000;1,000000000000000;1,000000000000000;1,0000000000000000;1,0000000000000000
2022-06-14;60+;18;18,0;18;18;18;18;18;18;18;18;18,0;18;93;93,0;93;93;93;93;93;93;93;93;93,0;93,0;1,000000000000000;1,000000000000000;1,000000000000000;1,000000000000000;1,000000000000000;1,000000000000000;1,000000000000000;1,000000000000000;1,000000000000000;1,0000000000000000;1,0000000000000000
2022-06-14;alle;29;29,0;29;29;29;29;29;29;29;29;29,0;29;144;144,0;144;144;144;144;144;144;144;144;144,0;144,0;NA;NA;NA;NA;NA;NA;NA;NA;NA;NA;NA
2022-06-13;0-60;1;1,0;1;1;1;1;1;1;1;1;1,0;1;40;40,0;40;40;40;40;40;40;40;40;40,0;40,0;1,000000000000000;1,000000000000000;1,000000000000000;1,000000000000000;1,000000000000000;1,000000000000000;1,000000000000000;1,000000000000000;1,000000000000000;1,0000000000000000;1,0000000000000000
2022-06-13;60+;1;1,0;1;1;1;1;1;1;1;1;1,0;1;78;78,0;78;78;78;78;78;78;78;78;78,0;78,0;1,000000000000000;1,000000000000000;1,000000000000000;1,000000000000000;1,000000000000000;1,000000000000000;1,000000000000000;1,000000000000000;1,000000000000000;1,0000000000000000;1,0000000000000000
2022-06-13;alle;2;2,0;2;2;2;2;2;2;2;2;2,0;2;118;118,0;118;118;118;118;118;118;118;118;118,0;118,0;NA;NA;NA;NA;NA;NA;NA;NA;NA;NA;NA
2022-06-12;0-60;0;0,0;0;0;0;0;0;0;0;0;0,0;0;40;40,0;40;40;40;40;40;40;40;40;40,0;40,0;1,000000000000000;1,000000000000000;1,000000000000000;1,000000000000000;1,000000000000000;1,000000000000000;1,000000000000000;1,000000000000000;1,000000000000000;1,0000000000000000;1,0000000000000000
2022-06-12;60+;1;1,0;1;1;1;1;1;1;1;1;1,0;1;80;80,0;80;80;80;80;80;80;80;80;80,0;80,0;1,000000000000000;1,000000000000000;1,000000000000000;1,000000000000000;1,000000000000000;1,000000000000000;1,000000000000000;1,000000000000000;1,000000000000000;1,0000000000000000;1,0000000000000000
2022-06-12;alle;1;1,0;1;1;1;1;1;1;1;1;1,0;1;120;120,0;120;120;120;120;120;120;120;120;120,0;120,0;NA;NA;NA;NA;NA;NA;NA;NA;NA;NA;NA
2022-06-11;0-60;8;8,0;8;8;8;8;8;8;8;8;8,0;8;40;40,0;40;40;40;40;40;40;40;40;40,0;40,0;1,000000000000000;1,000000000000000;1,000000000000000;1,000000000000000;1,000000000000000;1,000000000000000;1,000000000000000;1,000000000000000;1,000000000000000;1,0000000000000000;1,0000000000000000
2022-06-11;60+;6;6,0;6;6;6;6;6;6;6;6;6,0;6;80;80,0;80;80;80;80;80;80;80;80;80,0;80,0;1,000000000000000;1,000000000000000;1,000000000000000;1,000000000000000;1,000000000000000;1,000000000000000;1,000000000000000;1,000000000000000;1,000000000000000;1,0000000000000000;1,0000000000000000
2022-06-11;alle;14;14,0;14;14;14;14;14;14;14;14;14,0;14;120;120,0;120;120;120;120;120;120;120;120;120,0;120,0;NA;NA;NA;NA;NA;NA;NA;NA;NA;NA;NA
2022-06-10;0-60;13;13,0;13;13;13;13;13;13;13;13;13,0;13;36;36,0;36;36;36;36;36;36;36;36;36,0;36,0;1,000000000000000;1,000000000000000;1,000000000000000;1,000000000000000;1,000000000000000;1,000000000000000;1,000000000000000;1,000000000000000;1,000000000000000;1,0000000000000000;1,0000000000000000
2022-06-10;60+;8;8,0;8;8;8;8;8;8;8;8;8,0;8;76;76,0;76;76;76;76;76;76;76;76;76,0;76,0;1,000000000000000;1,000000000000000;1,000000000000000;1,000000000000000;1,000000000000000;1,000000000000000;1,000000000000000;1,000000000000000;1,000000000000000;1,0000000000000000;1,0000000000000000
2022-06-10;alle;21;21,0;21;21;21;21;21;21;21;21;21,0;21;112;112,0;112;112;112;112;112;112;112;112;112,0;112,0;NA;NA;NA;NA;NA;NA;NA;NA;NA;NA;NA
2022-06-09;0-60;7;7,0;7;7;7;7;7;7;7;7;7,0;7;27;27,0;27;27;27;27;27;27;27;27;27,0;27,0;1,000000000000000;1,000000000000000;1,000000000000000;1,000000000000000;1,000000000000000;1,000000000000000;1,000000000000000;1,000000000000000;1,000000000000000;1,0000000000000000;1,0000000000000000
2022-06-09;60+;24;24,0;24;24;24;24;24;24;24;24;24,0;24;77;77,0;77;77;77;77;77;77;77;77;77,0;77,0;1,000000000000000;1,000000000000000;1,000000000000000;1,000000000000000;1,000000000000000;1,000000000000000;1,000000000000000;1,000000000000000;1,000000000000000;1,0000000000000000;1,0000000000000000
2022-06-09;alle;31;31,0;31;31;31;31;31;31;31;31;31,0;31;104;104,0;104;104;104;104;104;104;104;104;104,0;104,0;NA;NA;NA;NA;NA;NA;NA;NA;NA;NA;NA
2022-06-08;0-60;11;11,0;11;11;11;11;11;11;11;11;11,0;11;28;28,0;28;28;28;28;28;28;28;28;28,0;28,0;1,000000000000000;1,000000000000000;1,000000000000000;1,000000000000000;1,000000000000000;1,000000000000000;1,000000000000000;1,000000000000000;1,000000000000000;1,0000000000000000;1,0000000000000000
2022-06-08;60+;35;35,0;35;35;35;35;35;35;35;35;35,0;35;64;64,0;64;64;64;64;64;64;64;64;64,0;64,0;1,000000000000000;1,000000000000000;1,000000000000000;1,000000000000000;1,000000000000000;1,000000000000000;1,000000000000000;1,000000000000000;1,000000000000000;1,0000000000000000;1,0000000000000000
2022-06-08;alle;46;46,0;46;46;46;46;46;46;46;46;46,0;46;92;92,0;92;92;92;92;92;92;92;92;92,0;92,0;NA;NA;NA;NA;NA;NA;NA;NA;NA;NA;NA
2022-06-07;0-60;0;0,0;0;0;0;0;0;0;0;0;0,0;0;22;22,0;22;22;22;22;22;22;22;22;22,0;22,0;1,000000000000000;1,000000000000000;1,000000000000000;1,000000000000000;1,000000000000000;1,000000000000000;1,000000000000000;1,000000000000000;1,000000000000000;1,0000000000000000;1,0000000000000000
2022-06-07;60+;3;3,0;3;3;3;3;3;3;3;3;3,0;3;38;38,0;38;38;38;38;38;38;38;38;38,0;38,0;1,000000000000000;1,000000000000000;1,000000000000000;1,000000000000000;1,000000000000000;1,000000000000000;1,000000000000000;1,000000000000000;1,000000000000000;1,0000000000000000;1,0000000000000000
2022-06-07;alle;3;3,0;3;3;3;3;3;3;3;3;3,0;3;60;60,0;60;60;60;60;60;60;60;60;60,0;60,0;NA;NA;NA;NA;NA;NA;NA;NA;NA;NA;NA
2022-06-06;0-60;1;1,0;1;1;1;1;1;1;1;1;1,0;1;29;29,0;29;29;29;29;29;29;29;29;29,0;29,0;1,000000000000000;1,000000000000000;1,000000000000000;1,000000000000000;1,000000000000000;1,000000000000000;1,000000000000000;1,000000000000000;1,000000000000000;1,0000000000000000;1,0000000000000000
2022-06-06;60+;3;3,0;3;3;3;3;3;3;3;3;3,0;3;50;50,0;50;50;50;50;50;50;50;50;50,0;50,0;1,000000000000000;1,000000000000000;1,000000000000000;1,000000000000000;1,000000000000000;1,000000000000000;1,000000000000000;1,000000000000000;1,000000000000000;1,0000000000000000;1,0000000000000000
2022-06-06;alle;4;4,0;4;4;4;4;4;4;4;4;4,0;4;79;79,0;79;79;79;79;79;79;79;79;79,0;79,0;NA;NA;NA;NA;NA;NA;NA;NA;NA;NA;NA
2022-06-05;0-60;0;0,0;0;0;0;0;0;0;0;0;0,0;0;28;28,0;28;28;28;28;28;28;28;28;28,0;28,0;1,000000000000000;1,000000000000000;1,000000000000000;1,000000000000000;1,000000000000000;1,000000000000000;1,000000000000000;1,000000000000000;1,000000000000000;1,0000000000000000;1,0000000000000000
2022-06-05;60+;1;1,0;1;1;1;1;1;1;1;1;1,0;1;47;47,0;47;47;47;47;47;47;47;47;47,0;47,0;1,000000000000000;1,000000000000000;1,000000000000000;1,000000000000000;1,000000000000000;1,000000000000000;1,000000000000000;1,000000000000000;1,000000000000000;1,0000000000000000;1,0000000000000000
2022-06-05;alle;1;1,0;1;1;1;1;1;1;1;1;1,0;1;75;75,0;75;75;75;75;75;75;75;75;75,0;75,0;NA;NA;NA;NA;NA;NA;NA;NA;NA;NA;NA
2022-06-04;0-60;4;4,0;4;4;4;4;4;4;4;4;4,0;4;28;28,0;28;28;28;28;28;28;28;28;28,0;28,0;1,000000000000000;1,000000000000000;1,000000000000000;1,000000000000000;1,000000000000000;1,000000000000000;1,000000000000000;1,000000000000000;1,000000000000000;1,0000000000000000;1,0000000000000000
2022-06-04;60+;2;2,0;2;2;2;2;2;2;2;2;2,0;2;47;47,0;47;47;47;47;47;47;47;47;47,0;47,0;1,000000000000000;1,000000000000000;1,000000000000000;1,000000000000000;1,000000000000000;1,000000000000000;1,000000000000000;1,000000000000000;1,000000000000000;1,0000000000000000;1,0000000000000000
2022-06-04;alle;6;6,0;6;6;6;6;6;6;6;6;6,0;6;75;75,0;75;75;75;75;75;75;75;75;75,0;75,0;NA;NA;NA;NA;NA;NA;NA;NA;NA;NA;NA
2022-06-03;0-60;4;4,0;4;4;4;4;4;4;4;4;4,0;4;28;28,0;28;28;28;28;28;28;28;28;28,0;28,0;1,000000000000000;1,000000000000000;1,000000000000000;1,000000000000000;1,000000000000000;1,000000000000000;1,000000000000000;1,000000000000000;1,000000000000000;1,0000000000000000;1,0000000000000000
2022-06-03;60+;9;9,0;9;9;9;9;9;9;9;9;9,0;9;53;53,0;53;53;53;53;53;53;53;53;53,0;53,0;1,000000000000000;1,000000000000000;1,000000000000000;1,000000000000000;1,000000000000000;1,000000000000000;1,000000000000000;1,000000000000000;1,000000000000000;1,0000000000000000;1,0000000000000000
2022-06-03;alle;13;13,0;13;13;13;13;13;13;13;13;13,0;13;81;81,0;81;81;81;81;81;81;81;81;81,0;81,0;NA;NA;NA;NA;NA;NA;NA;NA;NA;NA;NA
2022-06-02;0-60;8;8,0;8;8;8;8;8;8;8;8;8,0;8;27;27,0;27;27;27;27;27;27;27;27;27,0;27,0;1,000000000000000;1,000000000000000;1,000000000000000;1,000000000000000;1,000000000000000;1,000000000000000;1,000000000000000;1,000000000000000;1,000000000000000;1,0000000000000000;1,0000000000000000
2022-06-02;60+;11;11,0;11;11;11;11;11;11;11;11;11,0;11;47;47,0;47;47;47;47;47;47;47;47;47,0;47,0;1,000000000000000;1,000000000000000;1,000000000000000;1,000000000000000;1,000000000000000;1,000000000000000;1,000000000000000;1,000000000000000;1,000000000000000;1,0000000000000000;1,0000000000000000
2022-06-02;alle;19;19,0;19;19;19;19;19;19;19;19;19,0;19;74;74,0;74;74;74;74;74;74;74;74;74,0;74,0;NA;NA;NA;NA;NA;NA;NA;NA;NA;NA;NA
2022-06-01;0-60;5;5,0;5;5;5;5;5;5;5;5;5,0;5;23;23,0;23;23;23;23;23;23;23;23;23,0;23,0;1,000000000000000;1,000000000000000;1,000000000000000;1,000000000000000;1,000000000000000;1,000000000000000;1,000000000000000;1,000000000000000;1,000000000000000;1,0000000000000000;1,0000000000000000
2022-06-01;60+;9;9,0;9;9;9;9;9;9;9;9;9,0;9;44;44,0;44;44;44;44;44;44;44;44;44,0;44,0;1,000000000000000;1,000000000000000;1,000000000000000;1,000000000000000;1,000000000000000;1,000000000000000;1,000000000000000;1,000000000000000;1,000000000000000;1,0000000000000000;1,0000000000000000
2022-06-01;alle;14;14,0;14;14;14;14;14;14;14;14;14,0;14;67;67,0;67;67;67;67;67;67;67;67;67,0;67,0;NA;NA;NA;NA;NA;NA;NA;NA;NA;NA;NA
2022-05-31;0-60;7;7,0;7;7;7;7;7;7;7;7;7,0;7;26;26,0;26;26;26;26;26;26;26;26;26,0;26,0;1,000000000000000;1,000000000000000;1,000000000000000;1,000000000000000;1,000000000000000;1,000000000000000;1,000000000000000;1,000000000000000;1,000000000000000;1,0000000000000000;1,0000000000000000
2022-05-31;60+;15;15,0;15;15;15;15;15;15;15;15;15,0;15;45;45,0;45;45;45;45;45;45;45;45;45,0;45,0;1,000000000000000;1,000000000000000;1,000000000000000;1,000000000000000;1,000000000000000;1,000000000000000;1,000000000000000;1,000000000000000;1,000000000000000;1,0000000000000000;1,0000000000000000
2022-05-31;alle;22;22,0;22;22;22;22;22;22;22;22;22,0;22;71;71,0;71;71;71;71;71;71;71;71;71,0;71,0;NA;NA;NA;NA;NA;NA;NA;NA;NA;NA;NA
2022-05-30;0-60;0;0,0;0;0;0;0;0;0;0;0;0,0;0;25;25,0;25;25;25;25;25;25;25;25;25,0;25,0;1,000000000000000;1,000000000000000;1,000000000000000;1,000000000000000;1,000000000000000;1,000000000000000;1,000000000000000;1,000000000000000;1,000000000000000;1,0000000000000000;1,0000000000000000
2022-05-30;60+;0;0,0;0;0;0;0;0;0;0;0;0,0;0;46;46,0;46;46;46;46;46;46;46;46;46,0;46,0;1,000000000000000;1,000000000000000;1,000000000000000;1,000000000000000;1,000000000000000;1,000000000000000;1,000000000000000;1,000000000000000;1,000000000000000;1,0000000000000000;1,0000000000000000
2022-05-30;alle;0;0,0;0;0;0;0;0;0;0;0;0,0;0;71;71,0;71;71;71;71;71;71;71;71;71,0;71,0;NA;NA;NA;NA;NA;NA;NA;NA;NA;NA;NA
2022-05-29;0-60;0;0,0;0;0;0;0;0;0;0;0;0,0;0;25;25,0;25;25;25;25;25;25;25;25;25,0;25,0;1,000000000000000;1,000000000000000;1,000000000000000;1,000000000000000;1,000000000000000;1,000000000000000;1,000000000000000;1,000000000000000;1,000000000000000;1,0000000000000000;1,0000000000000000
2022-05-29;60+;1;1,0;1;1;1;1;1;1;1;1;1,0;1;48;48,0;48;48;48;48;48;48;48;48;48,0;48,0;1,000000000000000;1,000000000000000;1,000000000000000;1,000000000000000;1,000000000000000;1,000000000000000;1,000000000000000;1,000000000000000;1,000000000000000;1,0000000000000000;1,0000000000000000
2022-05-29;alle;1;1,0;1;1;1;1;1;1;1;1;1,0;1;73;73,0;73;73;73;73;73;73;73;73;73,0;73,0;NA;NA;NA;NA;NA;NA;NA;NA;NA;NA;NA
2022-05-28;0-60;4;4,0;4;4;4;4;4;4;4;4;4,0;4;27;27,0;27;27;27;27;27;27;27;27;27,0;27,0;1,000000000000000;1,000000000000000;1,000000000000000;1,000000000000000;1,000000000000000;1,000000000000000;1,000000000000000;1,000000000000000;1,000000000000000;1,0000000000000000;1,0000000000000000
2022-05-28;60+;8;8,0;8;8;8;8;8;8;8;8;8,0;8;48;48,0;48;48;48;48;48;48;48;48;48,0;48,0;1,000000000000000;1,000000000000000;1,000000000000000;1,000000000000000;1,000000000000000;1,000000000000000;1,000000000000000;1,000000000000000;1,000000000000000;1,0000000000000000;1,0000000000000000
2022-05-28;alle;12;12,0;12;12;12;12;12;12;12;12;12,0;12;75;75,0;75;75;75;75;75;75;75;75;75,0;75,0;NA;NA;NA;NA;NA;NA;NA;NA;NA;NA;NA
2022-05-27;0-60;3;3,0;3;3;3;3;3;3;3;3;3,0;3;28;28,0;28;28;28;28;28;28;28;28;28,0;28,0;1,000000000000000;1,000000000000000;1,000000000000000;1,000000000000000;1,000000000000000;1,000000000000000;1,000000000000000;1,000000000000000;1,000000000000000;1,0000000000000000;1,0000000000000000
2022-05-27;60+;3;3,0;3;3;3;3;3;3;3;3;3,0;3;49;49,0;49;49;49;49;49;49;49;49;49,0;49,0;1,000000000000000;1,000000000000000;1,000000000000000;1,000000000000000;1,000000000000000;1,000000000000000;1,000000000000000;1,000000000000000;1,000000000000000;1,0000000000000000;1,0000000000000000
2022-05-27;alle;6;6,0;6;6;6;6;6;6;6;6;6,0;6;77;77,0;77;77;77;77;77;77;77;77;77,0;77,0;NA;NA;NA;NA;NA;NA;NA;NA;NA;NA;NA
2022-05-26;0-60;4;4,0;4;4;4;4;4;4;4;4;4,0;4;31;31,0;31;31;31;31;31;31;31;31;31,0;31,0;1,000000000000000;1,000000000000000;1,000000000000000;1,000000000000000;1,000000000000000;1,000000000000000;1,000000000000000;1,000000000000000;1,000000000000000;1,0000000000000000;1,0000000000000000
2022-05-26;60+;8;8,0;8;8;8;8;8;8;8;8;8,0;8;52;52,0;52;52;52;52;52;52;52;52;52,0;52,0;1,000000000000000;1,000000000000000;1,000000000000000;1,000000000000000;1,000000000000000;1,000000000000000;1,000000000000000;1,000000000000000;1,000000000000000;1,0000000000000000;1,0000000000000000
2022-05-26;alle;12;12,0;12;12;12;12;12;12;12;12;12,0;12;83;83,0;83;83;83;83;83;83;83;83;83,0;83,0;NA;NA;NA;NA;NA;NA;NA;NA;NA;NA;NA
2022-05-25;0-60;8;8,0;8;8;8;8;8;8;8;8;8,0;8;37;37,0;37;37;37;37;37;37;37;37;37,0;37,0;1,000000000000000;1,000000000000000;1,000000000000000;1,000000000000000;1,000000000000000;1,000000000000000;1,000000000000000;1,000000000000000;1,000000000000000;1,0000000000000000;1,0000000000000000
2022-05-25;60+;10;10,0;10;10;10;10;10;10;10;10;10,0;10;53;53,0;53;53;53;53;53;53;53;53;53,0;53,0;1,000000000000000;1,000000000000000;1,000000000000000;1,000000000000000;1,000000000000000;1,000000000000000;1,000000000000000;1,000000000000000;1,000000000000000;1,0000000000000000;1,0000000000000000
2022-05-25;alle;18;18,0;18;18;18;18;18;18;18;18;18,0;18;90;90,0;90;90;90;90;90;90;90;90;90,0;90,0;NA;NA;NA;NA;NA;NA;NA;NA;NA;NA;NA
2022-05-24;0-60;6;6,0;6;6;6;6;6;6;6;6;6,0;6;35;35,0;35;35;35;35;35;35;35;35;35,0;35,0;1,000000000000000;1,000000000000000;1,000000000000000;1,000000000000000;1,000000000000000;1,000000000000000;1,000000000000000;1,000000000000000;1,000000000000000;1,0000000000000000;1,0000000000000000
2022-05-24;60+;16;16,0;16;16;16;16;16;16;16;16;16,0;16;56;56,0;56;56;56;56;56;56;56;56;56,0;56,0;1,000000000000000;1,000000000000000;1,000000000000000;1,000000000000000;1,000000000000000;1,000000000000000;1,000000000000000;1,000000000000000;1,000000000000000;1,0000000000000000;1,0000000000000000
2022-05-24;alle;22;22,0;22;22;22;22;22;22;22;22;22,0;22;91;91,0;91;91;91;91;91;91;91;91;91,0;91,0;NA;NA;NA;NA;NA;NA;NA;NA;NA;NA;NA
2022-05-23;0-60;0;0,0;0;0;0;0;0;0;0;0;0,0;0;37;37,0;37;37;37;37;37;37;37;37;37,0;37,0;1,000000000000000;1,000000000000000;1,000000000000000;1,000000000000000;1,000000000000000;1,000000000000000;1,000000000000000;1,000000000000000;1,000000000000000;1,0000000000000000;1,0000000000000000
2022-05-23;60+;2;2,0;2;2;2;2;2;2;2;2;2,0;2;58;58,0;58;58;58;58;58;58;58;58;58,0;58,0;1,000000000000000;1,000000000000000;1,000000000000000;1,000000000000000;1,000000000000000;1,000000000000000;1,000000000000000;1,000000000000000;1,000000000000000;1,0000000000000000;1,0000000000000000
2022-05-23;alle;2;2,0;2;2;2;2;2;2;2;2;2,0;2;95;95,0;95;95;95;95;95;95;95;95;95,0;95,0;NA;NA;NA;NA;NA;NA;NA;NA;NA;NA;NA
2022-05-22;0-60;2;2,0;2;2;2;2;2;2;2;2;2,0;2;37;37,0;37;37;37;37;37;37;37;37;37,0;37,0;1,000000000000000;1,000000000000000;1,000000000000000;1,000000000000000;1,000000000000000;1,000000000000000;1,000000000000000;1,000000000000000;1,000000000000000;1,0000000000000000;1,0000000000000000
2022-05-22;60+;1;1,0;1;1;1;1;1;1;1;1;1,0;1;57;57,0;57;57;57;57;57;57;57;57;57,0;57,0;1,000000000000000;1,000000000000000;1,000000000000000;1,000000000000000;1,000000000000000;1,000000000000000;1,000000000000000;1,000000000000000;1,000000000000000;1,0000000000000000;1,0000000000000000
2022-05-22;alle;3;3,0;3;3;3;3;3;3;3;3;3,0;3;94;94,0;94;94;94;94;94;94;94;94;94,0;94,0;NA;NA;NA;NA;NA;NA;NA;NA;NA;NA;NA
2022-05-21;0-60;5;5,0;5;5;5;5;5;5;5;5;5,0;5;36;36,0;36;36;36;36;36;36;36;36;36,0;36,0;1,000000000000000;1,000000000000000;1,000000000000000;1,000000000000000;1,000000000000000;1,000000000000000;1,000000000000000;1,000000000000000;1,000000000000000;1,0000000000000000;1,0000000000000000
2022-05-21;60+;9;9,0;9;9;9;9;9;9;9;9;9,0;9;59;59,0;59;59;59;59;59;59;59;59;59,0;59,0;1,000000000000000;1,000000000000000;1,000000000000000;1,000000000000000;1,000000000000000;1,000000000000000;1,000000000000000;1,000000000000000;1,000000000000000;1,0000000000000000;1,0000000000000000
2022-05-21;alle;14;14,0;14;14;14;14;14;14;14;14;14,0;14;95;95,0;95;95;95;95;95;95;95;95;95,0;95,0;NA;NA;NA;NA;NA;NA;NA;NA;NA;NA;NA
2022-05-20;0-60;6;6,0;6;6;6;6;6;6;6;6;6,0;6;36;36,0;36;36;36;36;36;36;36;36;36,0;36,0;1,000000000000000;1,000000000000000;1,000000000000000;1,000000000000000;1,000000000000000;1,000000000000000;1,000000000000000;1,000000000000000;1,000000000000000;1,0000000000000000;1,0000000000000000
2022-05-20;60+;6;6,0;6;6;6;6;6;6;6;6;6,0;6;66;66,0;66;66;66;66;66;66;66;66;66,0;66,0;1,000000000000000;1,000000000000000;1,000000000000000;1,000000000000000;1,000000000000000;1,000000000000000;1,000000000000000;1,000000000000000;1,000000000000000;1,0000000000000000;1,0000000000000000
2022-05-20;alle;12;12,0;12;12;12;12;12;12;12;12;12,0;12;102;102,0;102;102;102;102;102;102;102;102;102,0;102,0;NA;NA;NA;NA;NA;NA;NA;NA;NA;NA;NA
2022-05-19;0-60;10;10,0;10;10;10;10;10;10;10;10;10,0;10;33;33,0;33;33;33;33;33;33;33;33;33,0;33,0;1,000000000000000;1,000000000000000;1,000000000000000;1,000000000000000;1,000000000000000;1,000000000000000;1,000000000000000;1,000000000000000;1,000000000000000;1,0000000000000000;1,0000000000000000
2022-05-19;60+;9;9,0;9;9;9;9;9;9;9;9;9,0;9;72;72,0;72;72;72;72;72;72;72;72;72,0;72,0;1,000000000000000;1,000000000000000;1,000000000000000;1,000000000000000;1,000000000000000;1,000000000000000;1,000000000000000;1,000000000000000;1,000000000000000;1,0000000000000000;1,0000000000000000
2022-05-19;alle;19;19,0;19;19;19;19;19;19;19;19;19,0;19;105;105,0;105;105;105;105;105;105;105;105;105,0;105,0;NA;NA;NA;NA;NA;NA;NA;NA;NA;NA;NA
2022-05-18;0-60;6;6,0;6;6;6;6;6;6;6;6;6,0;6;31;31,0;31;31;31;31;31;31;31;31;31,0;31,0;1,000000000000000;1,000000000000000;1,000000000000000;1,000000000000000;1,000000000000000;1,000000000000000;1,000000000000000;1,000000000000000;1,000000000000000;1,0000000000000000;1,0000000000000000
2022-05-18;60+;13;13,0;13;13;13;13;13;13;13;13;13,0;13;78;78,0;78;78;78;78;78;78;78;78;78,0;78,0;1,000000000000000;1,000000000000000;1,000000000000000;1,000000000000000;1,000000000000000;1,000000000000000;1,000000000000000;1,000000000000000;1,000000000000000;1,0000000000000000;1,0000000000000000
2022-05-18;alle;19;19,0;19;19;19;19;19;19;19;19;19,0;19;109;109,0;109;109;109;109;109;109;109;109;109,0;109,0;NA;NA;NA;NA;NA;NA;NA;NA;NA;NA;NA
2022-05-17;0-60;8;8,0;8;8;8;8;8;8;8;8;8,0;8;29;29,0;29;29;29;29;29;29;29;29;29,0;29,0;1,000000000000000;1,000000000000000;1,000000000000000;1,000000000000000;1,000000000000000;1,000000000000000;1,000000000000000;1,000000000000000;1,000000000000000;1,0000000000000000;1,0000000000000000
2022-05-17;60+;18;18,0;18;18;18;18;18;18;18;18;18,0;18;80;80,0;80;80;80;80;80;80;80;80;80,0;80,0;1,000000000000000;1,000000000000000;1,000000000000000;1,000000000000000;1,000000000000000;1,000000000000000;1,000000000000000;1,000000000000000;1,000000000000000;1,0000000000000000;1,0000000000000000
2022-05-17;alle;26;26,0;26;26;26;26;26;26;26;26;26,0;26;109;109,0;109;109;109;109;109;109;109;109;109,0;109,0;NA;NA;NA;NA;NA;NA;NA;NA;NA;NA;NA
2022-05-16;0-60;0;0,0;0;0;0;0;0;0;0;0;0,0;0;29;29,0;29;29;29;29;29;29;29;29;29,0;29,0;1,000000000000000;1,000000000000000;1,000000000000000;1,000000000000000;1,000000000000000;1,000000000000000;1,000000000000000;1,000000000000000;1,000000000000000;1,0000000000000000;1,0000000000000000
2022-05-16;60+;1;1,0;1;1;1;1;1;1;1;1;1,0;1;89;89,0;89;89;89;89;89;89;89;89;89,0;89,0;1,000000000000000;1,000000000000000;1,000000000000000;1,000000000000000;1,000000000000000;1,000000000000000;1,000000000000000;1,000000000000000;1,000000000000000;1,0000000000000000;1,0000000000000000
2022-05-16;alle;1;1,0;1;1;1;1;1;1;1;1;1,0;1;118;118,0;118;118;118;118;118;118;118;118;118,0;118,0;NA;NA;NA;NA;NA;NA;NA;NA;NA;NA;NA
2022-05-15;0-60;1;1,0;1;1;1;1;1;1;1;1;1,0;1;29;29,0;29;29;29;29;29;29;29;29;29,0;29,0;1,000000000000000;1,000000000000000;1,000000000000000;1,000000000000000;1,000000000000000;1,000000000000000;1,000000000000000;1,000000000000000;1,000000000000000;1,0000000000000000;1,0000000000000000
2022-05-15;60+;3;3,0;3;3;3;3;3;3;3;3;3,0;3;89;89,0;89;89;89;89;89;89;89;89;89,0;89,0;1,000000000000000;1,000000000000000;1,000000000000000;1,000000000000000;1,000000000000000;1,000000000000000;1,000000000000000;1,000000000000000;1,000000000000000;1,0000000000000000;1,0000000000000000
2022-05-15;alle;4;4,0;4;4;4;4;4;4;4;4;4,0;4;118;118,0;118;118;118;118;118;118;118;118;118,0;118,0;NA;NA;NA;NA;NA;NA;NA;NA;NA;NA;NA
2022-05-14;0-60;5;5,0;5;5;5;5;5;5;5;5;5,0;5;28;28,0;28;28;28;28;28;28;28;28;28,0;28,0;1,000000000000000;1,000000000000000;1,000000000000000;1,000000000000000;1,000000000000000;1,000000000000000;1,000000000000000;1,000000000000000;1,000000000000000;1,0000000000000000;1,0000000000000000
2022-05-14;60+;16;16,0;16;16;16;16;16;16;16;16;16,0;16;86;86,0;86;86;86;86;86;86;86;86;86,0;86,0;1,000000000000000;1,000000000000000;1,000000000000000;1,000000000000000;1,000000000000000;1,000000000000000;1,000000000000000;1,000000000000000;1,000000000000000;1,0000000000000000;1,0000000000000000
2022-05-14;alle;21;21,0;21;21;21;21;21;21;21;21;21,0;21;114;114,0;114;114;114;114;114;114;114;114;114,0;114,0;NA;NA;NA;NA;NA;NA;NA;NA;NA;NA;NA
2022-05-13;0-60;3;3,0;3;3;3;3;3;3;3;3;3,0;3;26;26,0;26;26;26;26;26;26;26;26;26,0;26,0;1,000000000000000;1,000000000000000;1,000000000000000;1,000000000000000;1,000000000000000;1,000000000000000;1,000000000000000;1,000000000000000;1,000000000000000;1,0000000000000000;1,0000000000000000
2022-05-13;60+;12;12,0;12;12;12;12;12;12;12;12;12,0;12;78;78,0;78;78;78;78;78;78;78;78;78,0;78,0;1,000000000000000;1,000000000000000;1,000000000000000;1,000000000000000;1,000000000000000;1,000000000000000;1,000000000000000;1,000000000000000;1,000000000000000;1,0000000000000000;1,0000000000000000
2022-05-13;alle;15;15,0;15;15;15;15;15;15;15;15;15,0;15;104;104,0;104;104;104;104;104;104;104;104;104,0;104,0;NA;NA;NA;NA;NA;NA;NA;NA;NA;NA;NA
2022-05-12;0-60;8;8,0;8;8;8;8;8;8;8;8;8,0;8;28;28,0;28;28;28;28;28;28;28;28;28,0;28,0;1,000000000000000;1,000000000000000;1,000000000000000;1,000000000000000;1,000000000000000;1,000000000000000;1,000000000000000;1,000000000000000;1,000000000000000;1,0000000000000000;1,0000000000000000
2022-05-12;60+;15;15,0;15;15;15;15;15;15;15;15;15,0;15;85;85,0;85;85;85;85;85;85;85;85;85,0;85,0;1,000000000000000;1,000000000000000;1,000000000000000;1,000000000000000;1,000000000000000;1,000000000000000;1,000000000000000;1,000000000000000;1,000000000000000;1,0000000000000000;1,0000000000000000
2022-05-12;alle;23;23,0;23;23;23;23;23;23;23;23;23,0;23;113;113,0;113;113;113;113;113;113;113;113;113,0;113,0;NA;NA;NA;NA;NA;NA;NA;NA;NA;NA;NA
2022-05-11;0-60;4;4,0;4;4;4;4;4;4;4;4;4,0;4;27;27,0;27;27;27;27;27;27;27;27;27,0;27,0;1,000000000000000;1,000000000000000;1,000000000000000;1,000000000000000;1,000000000000000;1,000000000000000;1,000000000000000;1,000000000000000;1,000000000000000;1,0000000000000000;1,0000000000000000
2022-05-11;60+;15;15,0;15;15;15;15;15;15;15;15;15,0;15;82;82,0;82;82;82;82;82;82;82;82;82,0;82,0;1,000000000000000;1,000000000000000;1,000000000000000;1,000000000000000;1,000000000000000;1,000000000000000;1,000000000000000;1,000000000000000;1,000000000000000;1,0000000000000000;1,0000000000000000
2022-05-11;alle;19;19,0;19;19;19;19;19;19;19;19;19,0;19;109;109,0;109;109;109;109;109;109;109;109;109,0;109,0;NA;NA;NA;NA;NA;NA;NA;NA;NA;NA;NA
2022-05-10;0-60;8;8,0;8;8;8;8;8;8;8;8;8,0;8;29;29,0;29;29;29;29;29;29;29;29;29,0;29,0;1,000000000000000;1,000000000000000;1,000000000000000;1,000000000000000;1,000000000000000;1,000000000000000;1,000000000000000;1,000000000000000;1,000000000000000;1,0000000000000000;1,0000000000000000
2022-05-10;60+;27;27,0;27;27;27;27;27;27;27;27;27,0;27;90;90,0;90;90;90;90;90;90;90;90;90,0;90,0;1,000000000000000;1,000000000000000;1,000000000000000;1,000000000000000;1,000000000000000;1,000000000000000;1,000000000000000;1,000000000000000;1,000000000000000;1,0000000000000000;1,0000000000000000
2022-05-10;alle;35;35,0;35;35;35;35;35;35;35;35;35,0;35;119;119,0;119;119;119;119;119;119;119;119;119,0;119,0;NA;NA;NA;NA;NA;NA;NA;NA;NA;NA;NA
2022-05-09;0-60;0;0,0;0;0;0;0;0;0;0;0;0,0;0;30;30,0;30;30;30;30;30;30;30;30;30,0;30,0;1,000000000000000;1,000000000000000;1,000000000000000;1,000000000000000;1,000000000000000;1,000000000000000;1,000000000000000;1,000000000000000;1,000000000000000;1,0000000000000000;1,0000000000000000
2022-05-09;60+;1;1,0;1;1;1;1;1;1;1;1;1,0;1;92;92,0;92;92;92;92;92;92;92;92;92,0;92,0;1,000000000000000;1,000000000000000;1,000000000000000;1,000000000000000;1,000000000000000;1,000000000000000;1,000000000000000;1,000000000000000;1,000000000000000;1,0000000000000000;1,0000000000000000
2022-05-09;alle;1;1,0;1;1;1;1;1;1;1;1;1,0;1;122;122,0;122;122;122;122;122;122;122;122;122,0;122,0;NA;NA;NA;NA;NA;NA;NA;NA;NA;NA;NA
2022-05-08;0-60;0;0,0;0;0;0;0;0;0;0;0;0,0;0;31;31,0;31;31;31;31;31;31;31;31;31,0;31,0;1,000000000000000;1,000000000000000;1,000000000000000;1,000000000000000;1,000000000000000;1,000000000000000;1,000000000000000;1,000000000000000;1,000000000000000;1,0000000000000000;1,0000000000000000
2022-05-08;60+;0;0,0;0;0;0;0;0;0;0;0;0,0;0;100;100,0;100;100;100;100;100;100;100;100;100,0;100,0;1,000000000000000;1,000000000000000;1,000000000000000;1,000000000000000;1,000000000000000;1,000000000000000;1,000000000000000;1,000000000000000;1,000000000000000;1,0000000000000000;1,0000000000000000
2022-05-08;alle;0;0,0;0;0;0;0;0;0;0;0;0,0;0;131;131,0;131;131;131;131;131;131;131;131;131,0;131,0;NA;NA;NA;NA;NA;NA;NA;NA;NA;NA;NA
2022-05-07;0-60;3;3,0;3;3;3;3;3;3;3;3;3,0;3;31;31,0;31;31;31;31;31;31;31;31;31,0;31,0;1,000000000000000;1,000000000000000;1,000000000000000;1,000000000000000;1,000000000000000;1,000000000000000;1,000000000000000;1,000000000000000;1,000000000000000;1,0000000000000000;1,0000000000000000
2022-05-07;60+;8;8,0;8;8;8;8;8;8;8;8;8,0;8;102;102,0;102;102;102;102;102;102;102;102;102,0;102,0;1,000000000000000;1,000000000000000;1,000000000000000;1,000000000000000;1,000000000000000;1,000000000000000;1,000000000000000;1,000000000000000;1,000000000000000;1,0000000000000000;1,0000000000000000
2022-05-07;alle;11;11,0;11;11;11;11;11;11;11;11;11,0;11;133;133,0;133;133;133;133;133;133;133;133;133,0;133,0;NA;NA;NA;NA;NA;NA;NA;NA;NA;NA;NA
2022-05-06;0-60;5;5,0;5;5;5;5;5;5;5;5;5,0;5;31;31,0;31;31;31;31;31;31;31;31;31,0;31,0;1,000000000000000;1,000000000000000;1,000000000000000;1,000000000000000;1,000000000000000;1,000000000000000;1,000000000000000;1,000000000000000;1,000000000000000;1,0000000000000000;1,0000000000000000
2022-05-06;60+;19;19,0;19;19;19;19;19;19;19;19;19,0;19;116;116,0;116;116;116;116;116;116;116;116;116,0;116,0;1,000000000000000;1,000000000000000;1,000000000000000;1,000000000000000;1,000000000000000;1,000000000000000;1,000000000000000;1,000000000000000;1,000000000000000;1,0000000000000000;1,0000000000000000
2022-05-06;alle;24;24,0;24;24;24;24;24;24;24;24;24,0;24;147;147,0;147;147;147;147;147;147;147;147;147,0;147,0;NA;NA;NA;NA;NA;NA;NA;NA;NA;NA;NA
2022-05-05;0-60;7;7,0;7;7;7;7;7;7;7;7;7,0;7;28;28,0;28;28;28;28;28;28;28;28;28,0;28,0;1,000000000000000;1,000000000000000;1,000000000000000;1,000000000000000;1,000000000000000;1,000000000000000;1,000000000000000;1,000000000000000;1,000000000000000;1,0000000000000000;1,0000000000000000
2022-05-05;60+;12;12,0;12;12;12;12;12;12;12;12;12,0;12;115;115,0;115;115;115;115;115;115;115;115;115,0;115,0;1,000000000000000;1,000000000000000;1,000000000000000;1,000000000000000;1,000000000000000;1,000000000000000;1,000000000000000;1,000000000000000;1,000000000000000;1,0000000000000000;1,0000000000000000
2022-05-05;alle;19;19,0;19;19;19;19;19;19;19;19;19,0;19;143;143,0;143;143;143;143;143;143;143;143;143,0;143,0;NA;NA;NA;NA;NA;NA;NA;NA;NA;NA;NA
2022-05-04;0-60;6;6,0;6;6;6;6;6;6;6;6;6,0;6;24;24,0;24;24;24;24;24;24;24;24;24,0;24,0;1,000000000000000;1,000000000000000;1,000000000000000;1,000000000000000;1,000000000000000;1,000000000000000;1,000000000000000;1,000000000000000;1,000000000000000;1,0000000000000000;1,0000000000000000
2022-05-04;60+;23;23,0;23;23;23;23;23;23;23;23;23,0;23;124;124,0;124;124;124;124;124;124;124;124;124,0;124,0;1,000000000000000;1,000000000000000;1,000000000000000;1,000000000000000;1,000000000000000;1,000000000000000;1,000000000000000;1,000000000000000;1,000000000000000;1,0000000000000000;1,0000000000000000
2022-05-04;alle;29;29,0;29;29;29;29;29;29;29;29;29,0;29;148;148,0;148;148;148;148;148;148;148;148;148,0;148,0;NA;NA;NA;NA;NA;NA;NA;NA;NA;NA;NA
2022-05-03;0-60;9;9,0;9;9;9;9;9;9;9;9;9,0;9;21;21,0;21;21;21;21;21;21;21;21;21,0;21,0;1,000000000000000;1,000000000000000;1,000000000000000;1,000000000000000;1,000000000000000;1,000000000000000;1,000000000000000;1,000000000000000;1,000000000000000;1,0000000000000000;1,0000000000000000
2022-05-03;60+;29;29,0;29;29;29;29;29;29;29;29;29,0;29;121;121,0;121;121;121;121;121;121;121;121;121,0;121,0;1,000000000000000;1,000000000000000;1,000000000000000;1,000000000000000;1,000000000000000;1,000000000000000;1,000000000000000;1,000000000000000;1,000000000000000;1,0000000000000000;1,0000000000000000
2022-05-03;alle;38;38,0;38;38;38;38;38;38;38;38;38,0;38;142;142,0;142;142;142;142;142;142;142;142;142,0;142,0;NA;NA;NA;NA;NA;NA;NA;NA;NA;NA;NA
2022-05-02;0-60;1;1,0;1;1;1;1;1;1;1;1;1,0;1;19;19,0;19;19;19;19;19;19;19;19;19,0;19,0;1,000000000000000;1,000000000000000;1,000000000000000;1,000000000000000;1,000000000000000;1,000000000000000;1,000000000000000;1,000000000000000;1,000000000000000;1,0000000000000000;1,0000000000000000
2022-05-02;60+;9;9,0;9;9;9;9;9;9;9;9;9,0;9;107;107,0;107;107;107;107;107;107;107;107;107,0;107,0;1,000000000000000;1,000000000000000;1,000000000000000;1,000000000000000;1,000000000000000;1,000000000000000;1,000000000000000;1,000000000000000;1,000000000000000;1,0000000000000000;1,0000000000000000
2022-05-02;alle;10;10,0;10;10;10;10;10;10;10;10;10,0;10;126;126,0;126;126;126;126;126;126;126;126;126,0;126,0;NA;NA;NA;NA;NA;NA;NA;NA;NA;NA;NA
2022-05-01;0-60;0;0,0;0;0;0;0;0;0;0;0;0,0;0;18;18,0;18;18;18;18;18;18;18;18;18,0;18,0;1,000000000000000;1,000000000000000;1,000000000000000;1,000000000000000;1,000000000000000;1,000000000000000;1,000000000000000;1,000000000000000;1,000000000000000;1,0000000000000000;1,0000000000000000
2022-05-01;60+;2;2,0;2;2;2;2;2;2;2;2;2,0;2;102;102,0;102;102;102;102;102;102;102;102;102,0;102,0;1,000000000000000;1,000000000000000;1,000000000000000;1,000000000000000;1,000000000000000;1,000000000000000;1,000000000000000;1,000000000000000;1,000000000000000;1,0000000000000000;1,0000000000000000
2022-05-01;alle;2;2,0;2;2;2;2;2;2;2;2;2,0;2;120;120,0;120;120;120;120;120;120;120;120;120,0;120,0;NA;NA;NA;NA;NA;NA;NA;NA;NA;NA;NA
2022-04-30;0-60;3;3,0;3;3;3;3;3;3;3;3;3,0;3;18;18,0;18;18;18;18;18;18;18;18;18,0;18,0;1,000000000000000;1,000000000000000;1,000000000000000;1,000000000000000;1,000000000000000;1,000000000000000;1,000000000000000;1,000000000000000;1,000000000000000;1,0000000000000000;1,0000000000000000
2022-04-30;60+;22;22,0;22;22;22;22;22;22;22;22;22,0;22;103;103,0;103;103;103;103;103;103;103;103;103,0;103,0;1,000000000000000;1,000000000000000;1,000000000000000;1,000000000000000;1,000000000000000;1,000000000000000;1,000000000000000;1,000000000000000;1,000000000000000;1,0000000000000000;1,0000000000000000
2022-04-30;alle;25;25,0;25;25;25;25;25;25;25;25;25,0;25;121;121,0;121;121;121;121;121;121;121;121;121,0;121,0;NA;NA;NA;NA;NA;NA;NA;NA;NA;NA;NA
2022-04-29;0-60;2;2,0;2;2;2;2;2;2;2;2;2,0;2;23;23,0;23;23;23;23;23;23;23;23;23,0;23,0;1,000000000000000;1,000000000000000;1,000000000000000;1,000000000000000;1,000000000000000;1,000000000000000;1,000000000000000;1,000000000000000;1,000000000000000;1,0000000000000000;1,0000000000000000
2022-04-29;60+;18;18,0;18;18;18;18;18;18;18;18;18,0;18;97;97,0;97;97;97;97;97;97;97;97;97,0;97,0;1,000000000000000;1,000000000000000;1,000000000000000;1,000000000000000;1,000000000000000;1,000000000000000;1,000000000000000;1,000000000000000;1,000000000000000;1,0000000000000000;1,0000000000000000
2022-04-29;alle;20;20,0;20;20;20;20;20;20;20;20;20,0;20;120;120,0;120;120;120;120;120;120;120;120;120,0;120,0;NA;NA;NA;NA;NA;NA;NA;NA;NA;NA;NA
2022-04-28;0-60;3;3,0;3;3;3;3;3;3;3;3;3,0;3;27;27,0;27;27;27;27;27;27;27;27;27,0;27,0;1,000000000000000;1,000000000000000;1,000000000000000;1,000000000000000;1,000000000000000;1,000000000000000;1,000000000000000;1,000000000000000;1,000000000000000;1,0000000000000000;1,0000000000000000
2022-04-28;60+;21;21,0;21;21;21;21;21;21;21;21;21,0;21;94;94,0;94;94;94;94;94;94;94;94;94,0;94,0;1,000000000000000;1,000000000000000;1,000000000000000;1,000000000000000;1,000000000000000;1,000000000000000;1,000000000000000;1,000000000000000;1,000000000000000;1,0000000000000000;1,0000000000000000
2022-04-28;alle;24;24,0;24;24;24;24;24;24;24;24;24,0;24;121;121,0;121;121;121;121;121;121;121;121;121,0;121,0;NA;NA;NA;NA;NA;NA;NA;NA;NA;NA;NA
2022-04-27;0-60;3;3,0;3;3;3;3;3;3;3;3;3,0;3;31;31,0;31;31;31;31;31;31;31;31;31,0;31,0;1,000000000000000;1,000000000000000;1,000000000000000;1,000000000000000;1,000000000000000;1,000000000000000;1,000000000000000;1,000000000000000;1,000000000000000;1,0000000000000000;1,0000000000000000
2022-04-27;60+;20;20,0;20;20;20;20;20;20;20;20;20,0;20;85;85,0;85;85;85;85;85;85;85;85;85,0;85,0;1,000000000000000;1,000000000000000;1,000000000000000;1,000000000000000;1,000000000000000;1,000000000000000;1,000000000000000;1,000000000000000;1,000000000000000;1,0000000000000000;1,0000000000000000
2022-04-27;alle;23;23,0;23;23;23;23;23;23;23;23;23,0;23;116;116,0;116;116;116;116;116;116;116;116;116,0;116,0;NA;NA;NA;NA;NA;NA;NA;NA;NA;NA;NA
2022-04-26;0-60;7;7,0;7;7;7;7;7;7;7;7;7,0;7;41;41,0;41;41;41;41;41;41;41;41;41,0;41,0;1,000000000000000;1,000000000000000;1,000000000000000;1,000000000000000;1,000000000000000;1,000000000000000;1,000000000000000;1,000000000000000;1,000000000000000;1,0000000000000000;1,0000000000000000
2022-04-26;60+;15;15,0;15;15;15;15;15;15;15;15;15,0;15;103;103,0;103;103;103;103;103;103;103;103;103,0;103,0;1,000000000000000;1,000000000000000;1,000000000000000;1,000000000000000;1,000000000000000;1,000000000000000;1,000000000000000;1,000000000000000;1,000000000000000;1,0000000000000000;1,0000000000000000
2022-04-26;alle;22;22,0;22;22;22;22;22;22;22;22;22,0;22;144;144,0;144;144;144;144;144;144;144;144;144,0;144,0;NA;NA;NA;NA;NA;NA;NA;NA;NA;NA;NA
2022-04-25;0-60;0;0,0;0;0;0;0;0;0;0;0;0,0;0;36;36,0;36;36;36;36;36;36;36;36;36,0;36,0;1,000000000000000;1,000000000000000;1,000000000000000;1,000000000000000;1,000000000000000;1,000000000000000;1,000000000000000;1,000000000000000;1,000000000000000;1,0000000000000000;1,0000000000000000
2022-04-25;60+;4;4,0;4;4;4;4;4;4;4;4;4,0;4;91;91,0;91;91;91;91;91;91;91;91;91,0;91,0;1,000000000000000;1,000000000000000;1,000000000000000;1,000000000000000;1,000000000000000;1,000000000000000;1,000000000000000;1,000000000000000;1,000000000000000;1,0000000000000000;1,0000000000000000
2022-04-25;alle;4;4,0;4;4;4;4;4;4;4;4;4,0;4;127;127,0;127;127;127;127;127;127;127;127;127,0;127,0;NA;NA;NA;NA;NA;NA;NA;NA;NA;NA;NA
2022-04-24;0-60;0;0,0;0;0;0;0;0;0;0;0;0,0;0;38;38,0;38;38;38;38;38;38;38;38;38,0;38,0;1,000000000000000;1,000000000000000;1,000000000000000;1,000000000000000;1,000000000000000;1,000000000000000;1,000000000000000;1,000000000000000;1,000000000000000;1,0000000000000000;1,0000000000000000
2022-04-24;60+;3;3,0;3;3;3;3;3;3;3;3;3,0;3;92;92,0;92;92;92;92;92;92;92;92;92,0;92,0;1,000000000000000;1,000000000000000;1,000000000000000;1,000000000000000;1,000000000000000;1,000000000000000;1,000000000000000;1,000000000000000;1,000000000000000;1,0000000000000000;1,0000000000000000
2022-04-24;alle;3;3,0;3;3;3;3;3;3;3;3;3,0;3;130;130,0;130;130;130;130;130;130;130;130;130,0;130,0;NA;NA;NA;NA;NA;NA;NA;NA;NA;NA;NA
2022-04-23;0-60;8;8,0;8;8;8;8;8;8;8;8;8,0;8;39;39,0;39;39;39;39;39;39;39;39;39,0;39,0;1,000000000000000;1,000000000000000;1,000000000000000;1,000000000000000;1,000000000000000;1,000000000000000;1,000000000000000;1,000000000000000;1,000000000000000;1,0000000000000000;1,0000000000000000
2022-04-23;60+;16;16,0;16;16;16;16;16;16;16;16;16,0;16;91;91,0;91;91;91;91;91;91;91;91;91,0;91,0;1,000000000000000;1,000000000000000;1,000000000000000;1,000000000000000;1,000000000000000;1,000000000000000;1,000000000000000;1,000000000000000;1,000000000000000;1,0000000000000000;1,0000000000000000
2022-04-23;alle;24;24,0;24;24;24;24;24;24;24;24;24,0;24;130;130,0;130;130;130;130;130;130;130;130;130,0;130,0;NA;NA;NA;NA;NA;NA;NA;NA;NA;NA;NA
2022-04-22;0-60;6;6,0;6;6;6;6;6;6;6;6;6,0;6;34;34,0;34;34;34;34;34;34;34;34;34,0;34,0;1,000000000000000;1,000000000000000;1,000000000000000;1,000000000000000;1,000000000000000;1,000000000000000;1,000000000000000;1,000000000000000;1,000000000000000;1,0000000000000000;1,0000000000000000
2022-04-22;60+;15;15,0;15;15;15;15;15;15;15;15;15,0;15;81;81,0;81;81;81;81;81;81;81;81;81,0;81,0;1,000000000000000;1,000000000000000;1,000000000000000;1,000000000000000;1,000000000000000;1,000000000000000;1,000000000000000;1,000000000000000;1,000000000000000;1,0000000000000000;1,0000000000000000
2022-04-22;alle;21;21,0;21;21;21;21;21;21;21;21;21,0;21;115;115,0;115;115;115;115;115;115;115;115;115,0;115,0;NA;NA;NA;NA;NA;NA;NA;NA;NA;NA;NA
2022-04-21;0-60;7;7,0;7;7;7;7;7;7;7;7;7,0;7;40;40,0;40;40;40;40;40;40;40;40;40,0;40,0;1,000000000000000;1,000000000000000;1,000000000000000;1,000000000000000;1,000000000000000;1,000000000000000;1,000000000000000;1,000000000000000;1,000000000000000;1,0000000000000000;1,0000000000000000
2022-04-21;60+;12;12,0;12;12;12;12;12;12;12;12;12,0;12;79;79,0;79;79;79;79;79;79;79;79;79,0;79,0;1,000000000000000;1,000000000000000;1,000000000000000;1,000000000000000;1,000000000000000;1,000000000000000;1,000000000000000;1,000000000000000;1,000000000000000;1,0000000000000000;1,0000000000000000
2022-04-21;alle;19;19,0;19;19;19;19;19;19;19;19;19,0;19;119;119,0;119;119;119;119;119;119;119;119;119,0;119,0;NA;NA;NA;NA;NA;NA;NA;NA;NA;NA;NA
2022-04-20;0-60;13;13,0;13;13;13;13;13;13;13;13;13,0;13;39;39,0;39;39;39;39;39;39;39;39;39,0;39,0;1,000000000000000;1,000000000000000;1,000000000000000;1,000000000000000;1,000000000000000;1,000000000000000;1,000000000000000;1,000000000000000;1,000000000000000;1,0000000000000000;1,0000000000000000
2022-04-20;60+;38;38,0;38;38;38;38;38;38;38;38;38,0;38;86;86,0;86;86;86;86;86;86;86;86;86,0;86,0;1,000000000000000;1,000000000000000;1,000000000000000;1,000000000000000;1,000000000000000;1,000000000000000;1,000000000000000;1,000000000000000;1,000000000000000;1,0000000000000000;1,0000000000000000
2022-04-20;alle;51;51,0;51;51;51;51;51;51;51;51;51,0;51;125;125,0;125;125;125;125;125;125;125;125;125,0;125,0;NA;NA;NA;NA;NA;NA;NA;NA;NA;NA;NA
2022-04-19;0-60;2;2,0;2;2;2;2;2;2;2;2;2,0;2;36;36,0;36;36;36;36;36;36;36;36;36,0;36,0;1,000000000000000;1,000000000000000;1,000000000000000;1,000000000000000;1,000000000000000;1,000000000000000;1,000000000000000;1,000000000000000;1,000000000000000;1,0000000000000000;1,0000000000000000
2022-04-19;60+;3;3,0;3;3;3;3;3;3;3;3;3,0;3;79;79,0;79;79;79;79;79;79;79;79;79,0;79,0;1,000000000000000;1,000000000000000;1,000000000000000;1,000000000000000;1,000000000000000;1,000000000000000;1,000000000000000;1,000000000000000;1,000000000000000;1,0000000000000000;1,0000000000000000
2022-04-19;alle;5;5,0;5;5;5;5;5;5;5;5;5,0;5;115;115,0;115;115;115;115;115;115;115;115;115,0;115,0;NA;NA;NA;NA;NA;NA;NA;NA;NA;NA;NA
2022-04-18;0-60;2;2,0;2;2;2;2;2;2;2;2;2,0;2;46;46,0;46;46;46;46;46;46;46;46;46,0;46,0;1,000000000000000;1,000000000000000;1,000000000000000;1,000000000000000;1,000000000000000;1,000000000000000;1,000000000000000;1,000000000000000;1,000000000000000;1,0000000000000000;1,0000000000000000
2022-04-18;60+;5;5,0;5;5;5;5;5;5;5;5;5,0;5;103;103,0;103;103;103;103;103;103;103;103;103,0;103,0;1,000000000000000;1,000000000000000;1,000000000000000;1,000000000000000;1,000000000000000;1,000000000000000;1,000000000000000;1,000000000000000;1,000000000000000;1,0000000000000000;1,0000000000000000
2022-04-18;alle;7;7,0;7;7;7;7;7;7;7;7;7,0;7;149;149,0;149;149;149;149;149;149;149;149;149,0;149,0;NA;NA;NA;NA;NA;NA;NA;NA;NA;NA;NA
2022-04-17;0-60;1;1,0;1;1;1;1;1;1;1;1;1,0;1;49;49,0;49;49;49;49;49;49;49;49;49,0;49,0;1,000000000000000;1,000000000000000;1,000000000000000;1,000000000000000;1,000000000000000;1,000000000000000;1,000000000000000;1,000000000000000;1,000000000000000;1,0000000000000000;1,0000000000000000
2022-04-17;60+;2;2,0;2;2;2;2;2;2;2;2;2,0;2;101;101,0;101;101;101;101;101;101;101;101;101,0;101,0;1,000000000000000;1,000000000000000;1,000000000000000;1,000000000000000;1,000000000000000;1,000000000000000;1,000000000000000;1,000000000000000;1,000000000000000;1,0000000000000000;1,0000000000000000
2022-04-17;alle;3;3,0;3;3;3;3;3;3;3;3;3,0;3;150;150,0;150;150;150;150;150;150;150;150;150,0;150,0;NA;NA;NA;NA;NA;NA;NA;NA;NA;NA;NA
2022-04-16;0-60;3;3,0;3;3;3;3;3;3;3;3;3,0;3;48;48,0;48;48;48;48;48;48;48;48;48,0;48,0;1,000000000000000;1,000000000000000;1,000000000000000;1,000000000000000;1,000000000000000;1,000000000000000;1,000000000000000;1,000000000000000;1,000000000000000;1,0000000000000000;1,0000000000000000
2022-04-16;60+;6;6,0;6;6;6;6;6;6;6;6;6,0;6;99;99,0;99;99;99;99;99;99;99;99;99,0;99,0;1,000000000000000;1,000000000000000;1,000000000000000;1,000000000000000;1,000000000000000;1,000000000000000;1,000000000000000;1,000000000000000;1,000000000000000;1,0000000000000000;1,0000000000000000
2022-04-16;alle;9;9,0;9;9;9;9;9;9;9;9;9,0;9;147;147,0;147;147;147;147;147;147;147;147;147,0;147,0;NA;NA;NA;NA;NA;NA;NA;NA;NA;NA;NA
2022-04-15;0-60;12;12,0;12;12;12;12;12;12;12;12;12,0;12;59;59,0;59;59;59;59;59;59;59;59;59,0;59,0;1,000000000000000;1,000000000000000;1,000000000000000;1,000000000000000;1,000000000000000;1,000000000000000;1,000000000000000;1,000000000000000;1,000000000000000;1,0000000000000000;1,0000000000000000
2022-04-15;60+;13;13,0;13;13;13;13;13;13;13;13;13,0;13;119;119,0;119;119;119;119;119;119;119;119;119,0;119,0;1,000000000000000;1,000000000000000;1,000000000000000;1,000000000000000;1,000000000000000;1,000000000000000;1,000000000000000;1,000000000000000;1,000000000000000;1,0000000000000000;1,0000000000000000
2022-04-15;alle;25;25,0;25;25;25;25;25;25;25;25;25,0;25;178;178,0;178;178;178;178;178;178;178;178;178,0;178,0;NA;NA;NA;NA;NA;NA;NA;NA;NA;NA;NA
2022-04-14;0-60;6;6,0;6;6;6;6;6;6;6;6;6,0;6;61;61,0;61;61;61;61;61;61;61;61;61,0;61,0;1,000000000000000;1,000000000000000;1,000000000000000;1,000000000000000;1,000000000000000;1,000000000000000;1,000000000000000;1,000000000000000;1,000000000000000;1,0000000000000000;1,0000000000000000
2022-04-14;60+;19;19,0;19;19;19;19;19;19;19;19;19,0;19;134;134,0;134;134;134;134;134;134;134;134;134,0;134,0;1,000000000000000;1,000000000000000;1,000000000000000;1,000000000000000;1,000000000000000;1,000000000000000;1,000000000000000;1,000000000000000;1,000000000000000;1,0000000000000000;1,0000000000000000
2022-04-14;alle;25;25,0;25;25;25;25;25;25;25;25;25,0;25;195;195,0;195;195;195;195;195;195;195;195;195,0;195,0;NA;NA;NA;NA;NA;NA;NA;NA;NA;NA;NA
2022-04-13;0-60;10;10,0;10;10;10;10;10;10;10;10;10,0;10;62;62,0;62;62;62;62;62;62;62;62;62,0;62,0;1,000000000000000;1,000000000000000;1,000000000000000;1,000000000000000;1,000000000000000;1,000000000000000;1,000000000000000;1,000000000000000;1,000000000000000;1,0000000000000000;1,0000000000000000
2022-04-13;60+;31;31,0;31;31;31;31;31;31;31;31;31,0;31;137;137,0;137;137;137;137;137;137;137;137;137,0;137,0;1,000000000000000;1,000000000000000;1,000000000000000;1,000000000000000;1,000000000000000;1,000000000000000;1,000000000000000;1,000000000000000;1,000000000000000;1,0000000000000000;1,0000000000000000
2022-04-13;alle;41;41,0;41;41;41;41;41;41;41;41;41,0;41;199;199,0;199;199;199;199;199;199;199;199;199,0;199,0;NA;NA;NA;NA;NA;NA;NA;NA;NA;NA;NA
2022-04-12;0-60;12;12,0;12;12;12;12;12;12;12;12;12,0;12;62;62,0;62;62;62;62;62;62;62;62;62,0;62,0;1,000000000000000;1,000000000000000;1,000000000000000;1,000000000000000;1,000000000000000;1,000000000000000;1,000000000000000;1,000000000000000;1,000000000000000;1,0000000000000000;1,0000000000000000
2022-04-12;60+;27;27,0;27;27;27;27;27;27;27;27;27,0;27;134;134,0;134;134;134;134;134;134;134;134;134,0;134,0;1,000000000000000;1,000000000000000;1,000000000000000;1,000000000000000;1,000000000000000;1,000000000000000;1,000000000000000;1,000000000000000;1,000000000000000;1,0000000000000000;1,0000000000000000
2022-04-12;alle;39;39,0;39;39;39;39;39;39;39;39;39,0;39;196;196,0;196;196;196;196;196;196;196;196;196,0;196,0;NA;NA;NA;NA;NA;NA;NA;NA;NA;NA;NA
2022-04-11;0-60;5;5,0;5;5;5;5;5;5;5;5;5,0;5;61;61,0;61;61;61;61;61;61;61;61;61,0;61,0;1,000000000000000;1,000000000000000;1,000000000000000;1,000000000000000;1,000000000000000;1,000000000000000;1,000000000000000;1,000000000000000;1,000000000000000;1,0000000000000000;1,0000000000000000
2022-04-11;60+;3;3,0;3;3;3;3;3;3;3;3;3,0;3;134;134,0;134;134;134;134;134;134;134;134;134,0;134,0;1,000000000000000;1,000000000000000;1,000000000000000;1,000000000000000;1,000000000000000;1,000000000000000;1,000000000000000;1,000000000000000;1,000000000000000;1,0000000000000000;1,0000000000000000
2022-04-11;alle;8;8,0;8;8;8;8;8;8;8;8;8,0;8;195;195,0;195;195;195;195;195;195;195;195;195,0;195,0;NA;NA;NA;NA;NA;NA;NA;NA;NA;NA;NA
2022-04-10;0-60;0;0,0;0;0;0;0;0;0;0;0;0,0;0;56;56,0;56;56;56;56;56;56;56;56;56,0;56,0;1,000000000000000;1,000000000000000;1,000000000000000;1,000000000000000;1,000000000000000;1,000000000000000;1,000000000000000;1,000000000000000;1,000000000000000;1,0000000000000000;1,0000000000000000
2022-04-10;60+;0;0,0;0;0;0;0;0;0;0;0;0,0;0;134;134,0;134;134;134;134;134;134;134;134;134,0;134,0;1,000000000000000;1,000000000000000;1,000000000000000;1,000000000000000;1,000000000000000;1,000000000000000;1,000000000000000;1,000000000000000;1,000000000000000;1,0000000000000000;1,0000000000000000
2022-04-10;alle;0;0,0;0;0;0;0;0;0;0;0;0,0;0;190;190,0;190;190;190;190;190;190;190;190;190,0;190,0;NA;NA;NA;NA;NA;NA;NA;NA;NA;NA;NA
2022-04-09;0-60;14;14,0;14;14;14;14;14;14;14;14;14,0;14;58;58,0;58;58;58;58;58;58;58;58;58,0;58,0;1,000000000000000;1,000000000000000;1,000000000000000;1,000000000000000;1,000000000000000;1,000000000000000;1,000000000000000;1,000000000000000;1,000000000000000;1,0000000000000000;1,0000000000000000
2022-04-09;60+;26;26,0;26;26;26;26;26;26;26;26;26,0;26;136;136,0;136;136;136;136;136;136;136;136;136,0;136,0;1,000000000000000;1,000000000000000;1,000000000000000;1,000000000000000;1,000000000000000;1,000000000000000;1,000000000000000;1,000000000000000;1,000000000000000;1,0000000000000000;1,0000000000000000
2022-04-09;alle;40;40,0;40;40;40;40;40;40;40;40;40,0;40;194;194,0;194;194;194;194;194;194;194;194;194,0;194,0;NA;NA;NA;NA;NA;NA;NA;NA;NA;NA;NA
2022-04-08;0-60;14;14,0;14;14;14;14;14;14;14;14;14,0;14;51;51,0;51;51;51;51;51;51;51;51;51,0;51,0;1,000000000000000;1,000000000000000;1,000000000000000;1,000000000000000;1,000000000000000;1,000000000000000;1,000000000000000;1,000000000000000;1,000000000000000;1,0000000000000000;1,0000000000000000
2022-04-08;60+;28;28,0;28;28;28;28;28;28;28;28;28,0;28;124;124,0;124;124;124;124;124;124;124;124;124,0;124,0;1,000000000000000;1,000000000000000;1,000000000000000;1,000000000000000;1,000000000000000;1,000000000000000;1,000000000000000;1,000000000000000;1,000000000000000;1,0000000000000000;1,0000000000000000
2022-04-08;alle;42;42,0;42;42;42;42;42;42;42;42;42,0;42;175;175,0;175;175;175;175;175;175;175;175;175,0;175,0;NA;NA;NA;NA;NA;NA;NA;NA;NA;NA;NA
2022-04-07;0-60;7;7,0;7;7;7;7;7;7;7;7;7,0;7;47;47,0;47;47;47;47;47;47;47;47;47,0;47,0;1,000000000000000;1,000000000000000;1,000000000000000;1,000000000000000;1,000000000000000;1,000000000000000;1,000000000000000;1,000000000000000;1,000000000000000;1,0000000000000000;1,0000000000000000
2022-04-07;60+;22;22,0;22;22;22;22;22;22;22;22;22,0;22;125;125,0;125;125;125;125;125;125;125;125;125,0;125,0;1,000000000000000;1,000000000000000;1,000000000000000;1,000000000000000;1,000000000000000;1,000000000000000;1,000000000000000;1,000000000000000;1,000000000000000;1,0000000000000000;1,0000000000000000
2022-04-07;alle;29;29,0;29;29;29;29;29;29;29;29;29,0;29;172;172,0;172;172;172;172;172;172;172;172;172,0;172,0;NA;NA;NA;NA;NA;NA;NA;NA;NA;NA;NA
2022-04-06;0-60;10;10,0;10;10;10;10;10;10;10;10;10,0;10;51;51,0;51;51;51;51;51;51;51;51;51,0;51,0;1,000000000000000;1,000000000000000;1,000000000000000;1,000000000000000;1,000000000000000;1,000000000000000;1,000000000000000;1,000000000000000;1,000000000000000;1,0000000000000000;1,0000000000000000
2022-04-06;60+;28;28,0;28;28;28;28;28;28;28;28;28,0;28;119;119,0;119;119;119;119;119;119;119;119;119,0;119,0;1,000000000000000;1,000000000000000;1,000000000000000;1,000000000000000;1,000000000000000;1,000000000000000;1,000000000000000;1,000000000000000;1,000000000000000;1,0000000000000000;1,0000000000000000
2022-04-06;alle;38;38,0;38;38;38;38;38;38;38;38;38,0;38;170;170,0;170;170;170;170;170;170;170;170;170,0;170,0;NA;NA;NA;NA;NA;NA;NA;NA;NA;NA;NA
2022-04-05;0-60;11;11,0;11;11;11;11;11;11;11;11;11,0;11;48;48,0;48;48;48;48;48;48;48;48;48,0;48,0;1,000000000000000;1,000000000000000;1,000000000000000;1,000000000000000;1,000000000000000;1,000000000000000;1,000000000000000;1,000000000000000;1,000000000000000;1,0000000000000000;1,0000000000000000
2022-04-05;60+;27;27,0;27;27;27;27;27;27;27;27;27,0;27;115;115,0;115;115;115;115;115;115;115;115;115,0;115,0;1,000000000000000;1,000000000000000;1,000000000000000;1,000000000000000;1,000000000000000;1,000000000000000;1,000000000000000;1,000000000000000;1,000000000000000;1,0000000000000000;1,0000000000000000
2022-04-05;alle;38;38,0;38;38;38;38;38;38;38;38;38,0;38;163;163,0;163;163;163;163;163;163;163;163;163,0;163,0;NA;NA;NA;NA;NA;NA;NA;NA;NA;NA;NA
2022-04-04;0-60;0;0,0;0;0;0;0;0;0;0;0;0,0;0;48;48,0;48;48;48;48;48;48;48;48;48,0;48,0;1,000000000000000;1,000000000000000;1,000000000000000;1,000000000000000;1,000000000000000;1,000000000000000;1,000000000000000;1,000000000000000;1,000000000000000;1,0000000000000000;1,0000000000000000
2022-04-04;60+;3;3,0;3;3;3;3;3;3;3;3;3,0;3;128;128,0;128;128;128;128;128;128;128;128;128,0;128,0;1,000000000000000;1,000000000000000;1,000000000000000;1,000000000000000;1,000000000000000;1,000000000000000;1,000000000000000;1,000000000000000;1,000000000000000;1,0000000000000000;1,0000000000000000
2022-04-04;alle;3;3,0;3;3;3;3;3;3;3;3;3,0;3;176;176,0;176;176;176;176;176;176;176;176;176,0;176,0;NA;NA;NA;NA;NA;NA;NA;NA;NA;NA;NA
2022-04-03;0-60;2;2,0;2;2;2;2;2;2;2;2;2,0;2;49;49,0;49;49;49;49;49;49;49;49;49,0;49,0;1,000000000000000;1,000000000000000;1,000000000000000;1,000000000000000;1,000000000000000;1,000000000000000;1,000000000000000;1,000000000000000;1,000000000000000;1,0000000000000000;1,0000000000000000
2022-04-03;60+;2;2,0;2;2;2;2;2;2;2;2;2,0;2;130;130,0;130;130;130;130;130;130;130;130;130,0;130,0;1,000000000000000;1,000000000000000;1,000000000000000;1,000000000000000;1,000000000000000;1,000000000000000;1,000000000000000;1,000000000000000;1,000000000000000;1,0000000000000000;1,0000000000000000
2022-04-03;alle;4;4,0;4;4;4;4;4;4;4;4;4,0;4;179;179,0;179;179;179;179;179;179;179;179;179,0;179,0;NA;NA;NA;NA;NA;NA;NA;NA;NA;NA;NA
2022-04-02;0-60;7;7,0;7;7;7;7;7;7;7;7;7,0;7;49;49,0;49;49;49;49;49;49;49;49;49,0;49,0;1,000000000000000;1,000000000000000;1,000000000000000;1,000000000000000;1,000000000000000;1,000000000000000;1,000000000000000;1,000000000000000;1,000000000000000;1,0000000000000000;1,0000000000000000
2022-04-02;60+;14;14,0;14;14;14;14;14;14;14;14;14,0;14;131;131,0;131;131;131;131;131;131;131;131;131,0;131,0;1,000000000000000;1,000000000000000;1,000000000000000;1,000000000000000;1,000000000000000;1,000000000000000;1,000000000000000;1,000000000000000;1,000000000000000;1,0000000000000000;1,0000000000000000
2022-04-02;alle;21;21,0;21;21;21;21;21;21;21;21;21,0;21;180;180,0;180;180;180;180;180;180;180;180;180,0;180,0;NA;NA;NA;NA;NA;NA;NA;NA;NA;NA;NA
2022-04-01;0-60;10;10,0;10;10;10;10;10;10;10;10;10,0;10;51;51,0;51;51;51;51;51;51;51;51;51,0;51,0;1,000000000000000;1,000000000000000;1,000000000000000;1,000000000000000;1,000000000000000;1,000000000000000;1,000000000000000;1,000000000000000;1,000000000000000;1,0000000000000000;1,0000000000000000
2022-04-01;60+;29;29,0;29;29;29;29;29;29;29;29;29,0;29;142;142,0;142;142;142;142;142;142;142;142;142,0;142,0;1,000000000000000;1,000000000000000;1,000000000000000;1,000000000000000;1,000000000000000;1,000000000000000;1,000000000000000;1,000000000000000;1,000000000000000;1,0000000000000000;1,0000000000000000
2022-04-01;alle;39;39,0;39;39;39;39;39;39;39;39;39,0;39;193;193,0;193;193;193;193;193;193;193;193;193,0;193,0;NA;NA;NA;NA;NA;NA;NA;NA;NA;NA;NA
2022-03-31;0-60;11;11,0;11;11;11;11;11;11;11;11;11,0;11;50;50,0;50;50;50;50;50;50;50;50;50,0;50,0;1,000000000000000;1,000000000000000;1,000000000000000;1,000000000000000;1,000000000000000;1,000000000000000;1,000000000000000;1,000000000000000;1,000000000000000;1,0000000000000000;1,0000000000000000
2022-03-31;60+;16;16,0;16;16;16;16;16;16;16;16;16,0;16;140;140,0;140;140;140;140;140;140;140;140;140,0;140,0;1,000000000000000;1,000000000000000;1,000000000000000;1,000000000000000;1,000000000000000;1,000000000000000;1,000000000000000;1,000000000000000;1,000000000000000;1,0000000000000000;1,0000000000000000
2022-03-31;alle;27;27,0;27;27;27;27;27;27;27;27;27,0;27;190;190,0;190;190;190;190;190;190;190;190;190,0;190,0;NA;NA;NA;NA;NA;NA;NA;NA;NA;NA;NA
2022-03-30;0-60;7;7,0;7;7;7;7;7;7;7;7;7,0;7;52;52,0;52;52;52;52;52;52;52;52;52,0;52,0;1,000000000000000;1,000000000000000;1,000000000000000;1,000000000000000;1,000000000000000;1,000000000000000;1,000000000000000;1,000000000000000;1,000000000000000;1,0000000000000000;1,0000000000000000
2022-03-30;60+;24;24,0;24;24;24;24;24;24;24;24;24,0;24;155;155,0;155;155;155;155;155;155;155;155;155,0;155,0;1,000000000000000;1,000000000000000;1,000000000000000;1,000000000000000;1,000000000000000;1,000000000000000;1,000000000000000;1,000000000000000;1,000000000000000;1,0000000000000000;1,0000000000000000
2022-03-30;alle;31;31,0;31;31;31;31;31;31;31;31;31,0;31;207;207,0;207;207;207;207;207;207;207;207;207,0;207,0;NA;NA;NA;NA;NA;NA;NA;NA;NA;NA;NA
2022-03-29;0-60;11;11,0;11;11;11;11;11;11;11;11;11,0;11;64;64,0;64;64;64;64;64;64;64;64;64,0;64,0;1,000000000000000;1,000000000000000;1,000000000000000;1,000000000000000;1,000000000000000;1,000000000000000;1,000000000000000;1,000000000000000;1,000000000000000;1,0000000000000000;1,0000000000000000
2022-03-29;60+;40;40,0;40;40;40;40;40;40;40;40;40,0;40;175;175,0;175;175;175;175;175;175;175;175;175,0;175,0;1,000000000000000;1,000000000000000;1,000000000000000;1,000000000000000;1,000000000000000;1,000000000000000;1,000000000000000;1,000000000000000;1,000000000000000;1,0000000000000000;1,0000000000000000
2022-03-29;alle;51;51,0;51;51;51;51;51;51;51;51;51,0;51;239;239,0;239;239;239;239;239;239;239;239;239,0;239,0;NA;NA;NA;NA;NA;NA;NA;NA;NA;NA;NA
2022-03-28;0-60;1;1,0;1;1;1;1;1;1;1;1;1,0;1;62;62,0;62;62;62;62;62;62;62;62;62,0;62,0;1,000000000000000;1,000000000000000;1,000000000000000;1,000000000000000;1,000000000000000;1,000000000000000;1,000000000000000;1,000000000000000;1,000000000000000;1,0000000000000000;1,0000000000000000
2022-03-28;60+;5;5,0;5;5;5;5;5;5;5;5;5,0;5;163;163,0;163;163;163;163;163;163;163;163;163,0;163,0;1,000000000000000;1,000000000000000;1,000000000000000;1,000000000000000;1,000000000000000;1,000000000000000;1,000000000000000;1,000000000000000;1,000000000000000;1,0000000000000000;1,0000000000000000
2022-03-28;alle;6;6,0;6;6;6;6;6;6;6;6;6,0;6;225;225,0;225;225;225;225;225;225;225;225;225,0;225,0;NA;NA;NA;NA;NA;NA;NA;NA;NA;NA;NA
2022-03-27;0-60;2;2,0;2;2;2;2;2;2;2;2;2,0;2;62;62,0;62;62;62;62;62;62;62;62;62,0;62,0;1,000000000000000;1,000000000000000;1,000000000000000;1,000000000000000;1,000000000000000;1,000000000000000;1,000000000000000;1,000000000000000;1,000000000000000;1,0000000000000000;1,0000000000000000
2022-03-27;60+;3;3,0;3;3;3;3;3;3;3;3;3,0;3;158;158,0;158;158;158;158;158;158;158;158;158,0;158,0;1,000000000000000;1,000000000000000;1,000000000000000;1,000000000000000;1,000000000000000;1,000000000000000;1,000000000000000;1,000000000000000;1,000000000000000;1,0000000000000000;1,0000000000000000
2022-03-27;alle;5;5,0;5;5;5;5;5;5;5;5;5,0;5;220;220,0;220;220;220;220;220;220;220;220;220,0;220,0;NA;NA;NA;NA;NA;NA;NA;NA;NA;NA;NA
2022-03-26;0-60;9;9,0;9;9;9;9;9;9;9;9;9,0;9;69;69,0;69;69;69;69;69;69;69;69;69,0;69,0;1,000000000000000;1,000000000000000;1,000000000000000;1,000000000000000;1,000000000000000;1,000000000000000;1,000000000000000;1,000000000000000;1,000000000000000;1,0000000000000000;1,0000000000000000
2022-03-26;60+;25;25,0;25;25;25;25;25;25;25;25;25,0;25;156;156,0;156;156;156;156;156;156;156;156;156,0;156,0;1,000000000000000;1,000000000000000;1,000000000000000;1,000000000000000;1,000000000000000;1,000000000000000;1,000000000000000;1,000000000000000;1,000000000000000;1,0000000000000000;1,0000000000000000
2022-03-26;alle;34;34,0;34;34;34;34;34;34;34;34;34,0;34;225;225,0;225;225;225;225;225;225;225;225;225,0;225,0;NA;NA;NA;NA;NA;NA;NA;NA;NA;NA;NA
2022-03-25;0-60;9;9,0;9;9;9;9;9;9;9;9;9,0;9;76;76,0;76;76;76;76;76;76;76;76;76,0;76,0;1,000000000000000;1,000000000000000;1,000000000000000;1,000000000000000;1,000000000000000;1,000000000000000;1,000000000000000;1,000000000000000;1,000000000000000;1,0000000000000000;1,0000000000000000
2022-03-25;60+;27;27,0;27;27;27;27;27;27;27;27;27,0;27;157;157,0;157;157;157;157;157;157;157;157;157,0;157,0;1,000000000000000;1,000000000000000;1,000000000000000;1,000000000000000;1,000000000000000;1,000000000000000;1,000000000000000;1,000000000000000;1,000000000000000;1,0000000000000000;1,0000000000000000
2022-03-25;alle;36;36,0;36;36;36;36;36;36;36;36;36,0;36;233;233,0;233;233;233;233;233;233;233;233;233,0;233,0;NA;NA;NA;NA;NA;NA;NA;NA;NA;NA;NA
2022-03-24;0-60;13;13,0;13;13;13;13;13;13;13;13;13,0;13;84;84,0;84;84;84;84;84;84;84;84;84,0;84,0;1,000000000000000;1,000000000000000;1,000000000000000;1,000000000000000;1,000000000000000;1,000000000000000;1,000000000000000;1,000000000000000;1,000000000000000;1,0000000000000000;1,0000000000000000
2022-03-24;60+;31;31,0;31;31;31;31;31;31;31;31;31,0;31;156;156,0;156;156;156;156;156;156;156;156;156,0;156,0;1,000000000000000;1,000000000000000;1,000000000000000;1,000000000000000;1,000000000000000;1,000000000000000;1,000000000000000;1,000000000000000;1,000000000000000;1,0000000000000000;1,0000000000000000
2022-03-24;alle;44;44,0;44;44;44;44;44;44;44;44;44,0;44;240;240,0;240;240;240;240;240;240;240;240;240,0;240,0;NA;NA;NA;NA;NA;NA;NA;NA;NA;NA;NA
2022-03-23;0-60;19;19,0;19;19;19;19;19;19;19;19;19,0;19;83;83,0;83;83;83;83;83;83;83;83;83,0;83,0;1,000000000000000;1,000000000000000;1,000000000000000;1,000000000000000;1,000000000000000;1,000000000000000;1,000000000000000;1,000000000000000;1,000000000000000;1,0000000000000000;1,0000000000000000
2022-03-23;60+;44;44,0;44;44;44;44;44;44;44;44;44,0;44;161;161,0;161;161;161;161;161;161;161;161;161,0;161,0;1,000000000000000;1,000000000000000;1,000000000000000;1,000000000000000;1,000000000000000;1,000000000000000;1,000000000000000;1,000000000000000;1,000000000000000;1,0000000000000000;1,0000000000000000
2022-03-23;alle;63;63,0;63;63;63;63;63;63;63;63;63,0;63;244;244,0;244;244;244;244;244;244;244;244;244,0;244,0;NA;NA;NA;NA;NA;NA;NA;NA;NA;NA;NA
2022-03-22;0-60;9;9,0;9;9;9;9;9;9;9;9;9,0;9;83;83,0;83;83;83;83;83;83;83;83;83,0;83,0;1,000000000000000;1,000000000000000;1,000000000000000;1,000000000000000;1,000000000000000;1,000000000000000;1,000000000000000;1,000000000000000;1,000000000000000;1,0000000000000000;1,0000000000000000
2022-03-22;60+;28;28,0;28;28;28;28;28;28;28;28;28,0;28;147;147,0;147;147;147;147;147;147;147;147;147,0;147,0;1,000000000000000;1,000000000000000;1,000000000000000;1,000000000000000;1,000000000000000;1,000000000000000;1,000000000000000;1,000000000000000;1,000000000000000;1,0000000000000000;1,0000000000000000
2022-03-22;alle;37;37,0;37;37;37;37;37;37;37;37;37,0;37;230;230,0;230;230;230;230;230;230;230;230;230,0;230,0;NA;NA;NA;NA;NA;NA;NA;NA;NA;NA;NA
2022-03-21;0-60;1;1,0;1;1;1;1;1;1;1;1;1,0;1;93;93,0;93;93;93;93;93;93;93;93;93,0;93,0;1,000000000000000;1,000000000000000;1,000000000000000;1,000000000000000;1,000000000000000;1,000000000000000;1,000000000000000;1,000000000000000;1,000000000000000;1,0000000000000000;1,0000000000000000
2022-03-21;60+;0;0,0;0;0;0;0;0;0;0;0;0,0;0;146;146,0;146;146;146;146;146;146;146;146;146,0;146,0;1,000000000000000;1,000000000000000;1,000000000000000;1,000000000000000;1,000000000000000;1,000000000000000;1,000000000000000;1,000000000000000;1,000000000000000;1,0000000000000000;1,0000000000000000
2022-03-21;alle;1;1,0;1;1;1;1;1;1;1;1;1,0;1;239;239,0;239;239;239;239;239;239;239;239;239,0;239,0;NA;NA;NA;NA;NA;NA;NA;NA;NA;NA;NA
2022-03-20;0-60;9;9,0;9;9;9;9;9;9;9;9;9,0;9;94;94,0;94;94;94;94;94;94;94;94;94,0;94,0;1,000000000000000;1,000000000000000;1,000000000000000;1,000000000000000;1,000000000000000;1,000000000000000;1,000000000000000;1,000000000000000;1,000000000000000;1,0000000000000000;1,0000000000000000
2022-03-20;60+;1;1,0;1;1;1;1;1;1;1;1;1,0;1;147;147,0;147;147;147;147;147;147;147;147;147,0;147,0;1,000000000000000;1,000000000000000;1,000000000000000;1,000000000000000;1,000000000000000;1,000000000000000;1,000000000000000;1,000000000000000;1,000000000000000;1,0000000000000000;1,0000000000000000
2022-03-20;alle;10;10,0;10;10;10;10;10;10;10;10;10,0;10;241;241,0;241;241;241;241;241;241;241;241;241,0;241,0;NA;NA;NA;NA;NA;NA;NA;NA;NA;NA;NA
2022-03-19;0-60;16;16,0;16;16;16;16;16;16;16;16;16,0;16;91;91,0;91;91;91;91;91;91;91;91;91,0;91,0;1,000000000000000;1,000000000000000;1,000000000000000;1,000000000000000;1,000000000000000;1,000000000000000;1,000000000000000;1,000000000000000;1,000000000000000;1,0000000000000000;1,0000000000000000
2022-03-19;60+;26;26,0;26;26;26;26;26;26;26;26;26,0;26;154;154,0;154;154;154;154;154;154;154;154;154,0;154,0;1,000000000000000;1,000000000000000;1,000000000000000;1,000000000000000;1,000000000000000;1,000000000000000;1,000000000000000;1,000000000000000;1,000000000000000;1,0000000000000000;1,0000000000000000
2022-03-19;alle;42;42,0;42;42;42;42;42;42;42;42;42,0;42;245;245,0;245;245;245;245;245;245;245;245;245,0;245,0;NA;NA;NA;NA;NA;NA;NA;NA;NA;NA;NA
2022-03-18;0-60;17;17,0;17;17;17;17;17;17;17;17;17,0;17;92;92,0;92;92;92;92;92;92;92;92;92,0;92,0;1,000000000000000;1,000000000000000;1,000000000000000;1,000000000000000;1,000000000000000;1,000000000000000;1,000000000000000;1,000000000000000;1,000000000000000;1,0000000000000000;1,0000000000000000
2022-03-18;60+;26;26,0;26;26;26;26;26;26;26;26;26,0;26;154;154,0;154;154;154;154;154;154;154;154;154,0;154,0;1,000000000000000;1,000000000000000;1,000000000000000;1,000000000000000;1,000000000000000;1,000000000000000;1,000000000000000;1,000000000000000;1,000000000000000;1,0000000000000000;1,0000000000000000
2022-03-18;alle;43;43,0;43;43;43;43;43;43;43;43;43,0;43;246;246,0;246;246;246;246;246;246;246;246;246,0;246,0;NA;NA;NA;NA;NA;NA;NA;NA;NA;NA;NA
2022-03-17;0-60;12;12,0;12;12;12;12;12;12;12;12;12,0;12;91;91,0;91;91;91;91;91;91;91;91;91,0;91,0;1,000000000000000;1,000000000000000;1,000000000000000;1,000000000000000;1,000000000000000;1,000000000000000;1,000000000000000;1,000000000000000;1,000000000000000;1,0000000000000000;1,0000000000000000
2022-03-17;60+;36;36,0;36;36;36;36;36;36;36;36;36,0;36;167;167,0;167;167;167;167;167;167;167;167;167,0;167,0;1,000000000000000;1,000000000000000;1,000000000000000;1,000000000000000;1,000000000000000;1,000000000000000;1,000000000000000;1,000000000000000;1,000000000000000;1,0000000000000000;1,0000000000000000
2022-03-17;alle;48;48,0;48;48;48;48;48;48;48;48;48,0;48;258;258,0;258;258;258;258;258;258;258;258;258,0;258,0;NA;NA;NA;NA;NA;NA;NA;NA;NA;NA;NA
2022-03-16;0-60;19;19,0;19;19;19;19;19;19;19;19;19,0;19;96;96,0;96;96;96;96;96;96;96;96;96,0;96,0;1,000000000000000;1,000000000000000;1,000000000000000;1,000000000000000;1,000000000000000;1,000000000000000;1,000000000000000;1,000000000000000;1,000000000000000;1,0000000000000000;1,0000000000000000
2022-03-16;60+;30;30,0;30;30;30;30;30;30;30;30;30,0;30;191;191,0;191;191;191;191;191;191;191;191;191,0;191,0;1,000000000000000;1,000000000000000;1,000000000000000;1,000000000000000;1,000000000000000;1,000000000000000;1,000000000000000;1,000000000000000;1,000000000000000;1,0000000000000000;1,0000000000000000
2022-03-16;alle;49;49,0;49;49;49;49;49;49;49;49;49,0;49;287;287,0;287;287;287;287;287;287;287;287;287,0;287,0;NA;NA;NA;NA;NA;NA;NA;NA;NA;NA;NA
2022-03-15;0-60;19;19,0;19;19;19;19;19;19;19;19;19,0;19;79;79,0;79;79;79;79;79;79;79;79;79,0;79,0;1,000000000000000;1,000000000000000;1,000000000000000;1,000000000000000;1,000000000000000;1,000000000000000;1,000000000000000;1,000000000000000;1,000000000000000;1,0000000000000000;1,0000000000000000
2022-03-15;60+;27;27,0;27;27;27;27;27;27;27;27;27,0;27;163;163,0;163;163;163;163;163;163;163;163;163,0;163,0;1,000000000000000;1,000000000000000;1,000000000000000;1,000000000000000;1,000000000000000;1,000000000000000;1,000000000000000;1,000000000000000;1,000000000000000;1,0000000000000000;1,0000000000000000
2022-03-15;alle;46;46,0;46;46;46;46;46;46;46;46;46,0;46;242;242,0;242;242;242;242;242;242;242;242;242,0;242,0;NA;NA;NA;NA;NA;NA;NA;NA;NA;NA;NA
2022-03-14;0-60;2;2,0;2;2;2;2;2;2;2;2;2,0;2;69;69,0;69;69;69;69;69;69;69;69;69,0;69,0;1,000000000000000;1,000000000000000;1,000000000000000;1,000000000000000;1,000000000000000;1,000000000000000;1,000000000000000;1,000000000000000;1,000000000000000;1,0000000000000000;1,0000000000000000
2022-03-14;60+;1;1,0;1;1;1;1;1;1;1;1;1,0;1;162;162,0;162;162;162;162;162;162;162;162;162,0;162,0;1,000000000000000;1,000000000000000;1,000000000000000;1,000000000000000;1,000000000000000;1,000000000000000;1,000000000000000;1,000000000000000;1,000000000000000;1,0000000000000000;1,0000000000000000
2022-03-14;alle;3;3,0;3;3;3;3;3;3;3;3;3,0;3;231;231,0;231;231;231;231;231;231;231;231;231,0;231,0;NA;NA;NA;NA;NA;NA;NA;NA;NA;NA;NA
2022-03-13;0-60;6;6,0;6;6;6;6;6;6;6;6;6,0;6;70;70,0;70;70;70;70;70;70;70;70;70,0;70,0;1,000000000000000;1,000000000000000;1,000000000000000;1,000000000000000;1,000000000000000;1,000000000000000;1,000000000000000;1,000000000000000;1,000000000000000;1,0000000000000000;1,0000000000000000
2022-03-13;60+;8;8,0;8;8;8;8;8;8;8;8;8,0;8;163;163,0;163;163;163;163;163;163;163;163;163,0;163,0;1,000000000000000;1,000000000000000;1,000000000000000;1,000000000000000;1,000000000000000;1,000000000000000;1,000000000000000;1,000000000000000;1,000000000000000;1,0000000000000000;1,0000000000000000
2022-03-13;alle;14;14,0;14;14;14;14;14;14;14;14;14,0;14;233;233,0;233;233;233;233;233;233;233;233;233,0;233,0;NA;NA;NA;NA;NA;NA;NA;NA;NA;NA;NA
2022-03-12;0-60;17;17,0;17;17;17;17;17;17;17;17;17,0;17;67;67,0;67;67;67;67;67;67;67;67;67,0;67,0;1,000000000000000;1,000000000000000;1,000000000000000;1,000000000000000;1,000000000000000;1,000000000000000;1,000000000000000;1,000000000000000;1,000000000000000;1,0000000000000000;1,0000000000000000
2022-03-12;60+;26;26,0;26;26;26;26;26;26;26;26;26,0;26;161;161,0;161;161;161;161;161;161;161;161;161,0;161,0;1,000000000000000;1,000000000000000;1,000000000000000;1,000000000000000;1,000000000000000;1,000000000000000;1,000000000000000;1,000000000000000;1,000000000000000;1,0000000000000000;1,0000000000000000
2022-03-12;alle;43;43,0;43;43;43;43;43;43;43;43;43,0;43;228;228,0;228;228;228;228;228;228;228;228;228,0;228,0;NA;NA;NA;NA;NA;NA;NA;NA;NA;NA;NA
2022-03-11;0-60;16;16,0;16;16;16;16;16;16;16;16;16,0;16;62;62,0;62;62;62;62;62;62;62;62;62,0;62,0;1,000000000000000;1,000000000000000;1,000000000000000;1,000000000000000;1,000000000000000;1,000000000000000;1,000000000000000;1,000000000000000;1,000000000000000;1,0000000000000000;1,0000000000000000
2022-03-11;60+;39;39,0;39;39;39;39;39;39;39;39;39,0;39;152;152,0;152;152;152;152;152;152;152;152;152,0;152,0;1,000000000000000;1,000000000000000;1,000000000000000;1,000000000000000;1,000000000000000;1,000000000000000;1,000000000000000;1,000000000000000;1,000000000000000;1,0000000000000000;1,0000000000000000
2022-03-11;alle;55;55,0;55;55;55;55;55;55;55;55;55,0;55;214;214,0;214;214;214;214;214;214;214;214;214,0;214,0;NA;NA;NA;NA;NA;NA;NA;NA;NA;NA;NA
2022-03-10;0-60;17;17,0;17;17;17;17;17;17;17;17;17,0;17;60;60,0;60;60;60;60;60;60;60;60;60,0;60,0;1,000000000000000;1,000000000000000;1,000000000000000;1,000000000000000;1,000000000000000;1,000000000000000;1,000000000000000;1,000000000000000;1,000000000000000;1,0000000000000000;1,0000000000000000
2022-03-10;60+;60;60,0;60;60;60;60;60;60;60;60;60,0;60;134;134,0;134;134;134;134;134;134;134;134;134,0;134,0;1,000000000000000;1,000000000000000;1,000000000000000;1,000000000000000;1,000000000000000;1,000000000000000;1,000000000000000;1,000000000000000;1,000000000000000;1,0000000000000000;1,0000000000000000
2022-03-10;alle;77;77,0;77;77;77;77;77;77;77;77;77,0;77;194;194,0;194;194;194;194;194;194;194;194;194,0;194,0;NA;NA;NA;NA;NA;NA;NA;NA;NA;NA;NA
2022-03-09;0-60;2;2,0;2;2;2;2;2;2;2;2;2,0;2;63;63,0;63;63;63;63;63;63;63;63;63,0;63,0;1,000000000000000;1,000000000000000;1,000000000000000;1,000000000000000;1,000000000000000;1,000000000000000;1,000000000000000;1,000000000000000;1,000000000000000;1,0000000000000000;1,0000000000000000
2022-03-09;60+;2;2,0;2;2;2;2;2;2;2;2;2,0;2;99;99,0;99;99;99;99;99;99;99;99;99,0;99,0;1,000000000000000;1,000000000000000;1,000000000000000;1,000000000000000;1,000000000000000;1,000000000000000;1,000000000000000;1,000000000000000;1,000000000000000;1,0000000000000000;1,0000000000000000
2022-03-09;alle;4;4,0;4;4;4;4;4;4;4;4;4,0;4;162;162,0;162;162;162;162;162;162;162;162;162,0;162,0;NA;NA;NA;NA;NA;NA;NA;NA;NA;NA;NA
2022-03-08;0-60;9;9,0;9;9;9;9;9;9;9;9;9,0;9;77;77,0;77;77;77;77;77;77;77;77;77,0;77,0;1,000000000000000;1,000000000000000;1,000000000000000;1,000000000000000;1,000000000000000;1,000000000000000;1,000000000000000;1,000000000000000;1,000000000000000;1,0000000000000000;1,0000000000000000
2022-03-08;60+;26;26,0;26;26;26;26;26;26;26;26;26,0;26;117;117,0;117;117;117;117;117;117;117;117;117,0;117,0;1,000000000000000;1,000000000000000;1,000000000000000;1,000000000000000;1,000000000000000;1,000000000000000;1,000000000000000;1,000000000000000;1,000000000000000;1,0000000000000000;1,0000000000000000
2022-03-08;alle;35;35,0;35;35;35;35;35;35;35;35;35,0;35;194;194,0;194;194;194;194;194;194;194;194;194,0;194,0;NA;NA;NA;NA;NA;NA;NA;NA;NA;NA;NA
2022-03-07;0-60;3;3,0;3;3;3;3;3;3;3;3;3,0;3;78;78,0;78;78;78;78;78;78;78;78;78,0;78,0;1,000000000000000;1,000000000000000;1,000000000000000;1,000000000000000;1,000000000000000;1,000000000000000;1,000000000000000;1,000000000000000;1,000000000000000;1,0000000000000000;1,0000000000000000
2022-03-07;60+;2;2,0;2;2;2;2;2;2;2;2;2,0;2;125;125,0;125;125;125;125;125;125;125;125;125,0;125,0;1,000000000000000;1,000000000000000;1,000000000000000;1,000000000000000;1,000000000000000;1,000000000000000;1,000000000000000;1,000000000000000;1,000000000000000;1,0000000000000000;1,0000000000000000
2022-03-07;alle;5;5,0;5;5;5;5;5;5;5;5;5,0;5;203;203,0;203;203;203;203;203;203;203;203;203,0;203,0;NA;NA;NA;NA;NA;NA;NA;NA;NA;NA;NA
2022-03-06;0-60;3;3,0;3;3;3;3;3;3;3;3;3,0;3;75;75,0;75;75;75;75;75;75;75;75;75,0;75,0;1,000000000000000;1,000000000000000;1,000000000000000;1,000000000000000;1,000000000000000;1,000000000000000;1,000000000000000;1,000000000000000;1,000000000000000;1,0000000000000000;1,0000000000000000
2022-03-06;60+;6;6,0;6;6;6;6;6;6;6;6;6,0;6;125;125,0;125;125;125;125;125;125;125;125;125,0;125,0;1,000000000000000;1,000000000000000;1,000000000000000;1,000000000000000;1,000000000000000;1,000000000000000;1,000000000000000;1,000000000000000;1,000000000000000;1,0000000000000000;1,0000000000000000
2022-03-06;alle;9;9,0;9;9;9;9;9;9;9;9;9,0;9;200;200,0;200;200;200;200;200;200;200;200;200,0;200,0;NA;NA;NA;NA;NA;NA;NA;NA;NA;NA;NA
2022-03-05;0-60;12;12,0;12;12;12;12;12;12;12;12;12,0;12;75;75,0;75;75;75;75;75;75;75;75;75,0;75,0;1,000000000000000;1,000000000000000;1,000000000000000;1,000000000000000;1,000000000000000;1,000000000000000;1,000000000000000;1,000000000000000;1,000000000000000;1,0000000000000000;1,0000000000000000
2022-03-05;60+;17;17,0;17;17;17;17;17;17;17;17;17,0;17;123;123,0;123;123;123;123;123;123;123;123;123,0;123,0;1,000000000000000;1,000000000000000;1,000000000000000;1,000000000000000;1,000000000000000;1,000000000000000;1,000000000000000;1,000000000000000;1,000000000000000;1,0000000000000000;1,0000000000000000
2022-03-05;alle;29;29,0;29;29;29;29;29;29;29;29;29,0;29;198;198,0;198;198;198;198;198;198;198;198;198,0;198,0;NA;NA;NA;NA;NA;NA;NA;NA;NA;NA;NA
2022-03-04;0-60;14;14,0;14;14;14;14;14;14;14;14;14,0;14;82;82,0;82;82;82;82;82;82;82;82;82,0;82,0;1,000000000000000;1,000000000000000;1,000000000000000;1,000000000000000;1,000000000000000;1,000000000000000;1,000000000000000;1,000000000000000;1,000000000000000;1,0000000000000000;1,0000000000000000
2022-03-04;60+;21;21,0;21;21;21;21;21;21;21;21;21,0;21;127;127,0;127;127;127;127;127;127;127;127;127,0;127,0;1,000000000000000;1,000000000000000;1,000000000000000;1,000000000000000;1,000000000000000;1,000000000000000;1,000000000000000;1,000000000000000;1,000000000000000;1,0000000000000000;1,0000000000000000
2022-03-04;alle;35;35,0;35;35;35;35;35;35;35;35;35,0;35;209;209,0;209;209;209;209;209;209;209;209;209,0;209,0;NA;NA;NA;NA;NA;NA;NA;NA;NA;NA;NA
2022-03-03;0-60;20;20,0;20;20;20;20;20;20;20;20;20,0;20;84;84,0;84;84;84;84;84;84;84;84;84,0;84,0;1,000000000000000;1,000000000000000;1,000000000000000;1,000000000000000;1,000000000000000;1,000000000000000;1,000000000000000;1,000000000000000;1,000000000000000;1,0000000000000000;1,0000000000000000
2022-03-03;60+;25;25,0;25;25;25;25;25;25;25;25;25,0;25;141;141,0;141;141;141;141;141;141;141;141;141,0;141,0;1,000000000000000;1,000000000000000;1,000000000000000;1,000000000000000;1,000000000000000;1,000000000000000;1,000000000000000;1,000000000000000;1,000000000000000;1,0000000000000000;1,0000000000000000
2022-03-03;alle;45;45,0;45;45;45;45;45;45;45;45;45,0;45;225;225,0;225;225;225;225;225;225;225;225;225,0;225,0;NA;NA;NA;NA;NA;NA;NA;NA;NA;NA;NA
2022-03-02;0-60;16;16,0;16;16;16;16;16;16;16;16;16,0;16;76;76,0;76;76;76;76;76;76;76;76;76,0;76,0;1,000000000000000;1,000000000000000;1,000000000000000;1,000000000000000;1,000000000000000;1,000000000000000;1,000000000000000;1,000000000000000;1,000000000000000;1,0000000000000000;1,0000000000000000
2022-03-02;60+;20;20,0;20;20;20;20;20;20;20;20;20,0;20;144;144,0;144;144;144;144;144;144;144;144;144,0;144,0;1,000000000000000;1,000000000000000;1,000000000000000;1,000000000000000;1,000000000000000;1,000000000000000;1,000000000000000;1,000000000000000;1,000000000000000;1,0000000000000000;1,0000000000000000
2022-03-02;alle;36;36,0;36;36;36;36;36;36;36;36;36,0;36;220;220,0;220;220;220;220;220;220;220;220;220,0;220,0;NA;NA;NA;NA;NA;NA;NA;NA;NA;NA;NA
2022-03-01;0-60;10;10,0;10;10;10;10;10;10;10;10;10,0;10;79;79,0;79;79;79;79;79;79;79;79;79,0;79,0;1,000000000000000;1,000000000000000;1,000000000000000;1,000000000000000;1,000000000000000;1,000000000000000;1,000000000000000;1,000000000000000;1,000000000000000;1,0000000000000000;1,0000000000000000
2022-03-01;60+;34;34,0;34;34;34;34;34;34;34;34;34,0;34;168;168,0;168;168;168;168;168;168;168;168;168,0;168,0;1,000000000000000;1,000000000000000;1,000000000000000;1,000000000000000;1,000000000000000;1,000000000000000;1,000000000000000;1,000000000000000;1,000000000000000;1,0000000000000000;1,0000000000000000
2022-03-01;alle;44;44,0;44;44;44;44;44;44;44;44;44,0;44;247;247,0;247;247;247;247;247;247;247;247;247,0;247,0;NA;NA;NA;NA;NA;NA;NA;NA;NA;NA;NA
2022-02-28;0-60;0;0,0;0;0;0;0;0;0;0;0;0,0;0;80;80,0;80;80;80;80;80;80;80;80;80,0;80,0;1,000000000000000;1,000000000000000;1,000000000000000;1,000000000000000;1,000000000000000;1,000000000000000;1,000000000000000;1,000000000000000;1,000000000000000;1,0000000000000000;1,0000000000000000
2022-02-28;60+;2;2,0;2;2;2;2;2;2;2;2;2,0;2;161;161,0;161;161;161;161;161;161;161;161;161,0;161,0;1,000000000000000;1,000000000000000;1,000000000000000;1,000000000000000;1,000000000000000;1,000000000000000;1,000000000000000;1,000000000000000;1,000000000000000;1,0000000000000000;1,0000000000000000
2022-02-28;alle;2;2,0;2;2;2;2;2;2;2;2;2,0;2;241;241,0;241;241;241;241;241;241;241;241;241,0;241,0;NA;NA;NA;NA;NA;NA;NA;NA;NA;NA;NA
2022-02-27;0-60;3;3,0;3;3;3;3;3;3;3;3;3,0;3;81;81,0;81;81;81;81;81;81;81;81;81,0;81,0;1,000000000000000;1,000000000000000;1,000000000000000;1,000000000000000;1,000000000000000;1,000000000000000;1,000000000000000;1,000000000000000;1,000000000000000;1,0000000000000000;1,0000000000000000
2022-02-27;60+;4;4,0;4;4;4;4;4;4;4;4;4,0;4;160;160,0;160;160;160;160;160;160;160;160;160,0;160,0;1,000000000000000;1,000000000000000;1,000000000000000;1,000000000000000;1,000000000000000;1,000000000000000;1,000000000000000;1,000000000000000;1,000000000000000;1,0000000000000000;1,0000000000000000
2022-02-27;alle;7;7,0;7;7;7;7;7;7;7;7;7,0;7;241;241,0;241;241;241;241;241;241;241;241;241,0;241,0;NA;NA;NA;NA;NA;NA;NA;NA;NA;NA;NA
2022-02-26;0-60;19;19,0;19;19;19;19;19;19;19;19;19,0;19;80;80,0;80;80;80;80;80;80;80;80;80,0;80,0;1,000000000000000;1,000000000000000;1,000000000000000;1,000000000000000;1,000000000000000;1,000000000000000;1,000000000000000;1,000000000000000;1,000000000000000;1,0000000000000000;1,0000000000000000
2022-02-26;60+;21;21,0;21;21;21;21;21;21;21;21;21,0;21;156;156,0;156;156;156;156;156;156;156;156;156,0;156,0;1,000000000000000;1,000000000000000;1,000000000000000;1,000000000000000;1,000000000000000;1,000000000000000;1,000000000000000;1,000000000000000;1,000000000000000;1,0000000000000000;1,0000000000000000
2022-02-26;alle;40;40,0;40;40;40;40;40;40;40;40;40,0;40;236;236,0;236;236;236;236;236;236;236;236;236,0;236,0;NA;NA;NA;NA;NA;NA;NA;NA;NA;NA;NA
2022-02-25;0-60;16;16,0;16;16;16;16;16;16;16;16;16,0;16;78;78,0;78;78;78;78;78;78;78;78;78,0;78,0;1,000000000000000;1,000000000000000;1,000000000000000;1,000000000000000;1,000000000000000;1,000000000000000;1,000000000000000;1,000000000000000;1,000000000000000;1,0000000000000000;1,0000000000000000
2022-02-25;60+;35;35,0;35;35;35;35;35;35;35;35;35,0;35;162;162,0;162;162;162;162;162;162;162;162;162,0;162,0;1,000000000000000;1,000000000000000;1,000000000000000;1,000000000000000;1,000000000000000;1,000000000000000;1,000000000000000;1,000000000000000;1,000000000000000;1,0000000000000000;1,0000000000000000
2022-02-25;alle;51;51,0;51;51;51;51;51;51;51;51;51,0;51;240;240,0;240;240;240;240;240;240;240;240;240,0;240,0;NA;NA;NA;NA;NA;NA;NA;NA;NA;NA;NA
2022-02-24;0-60;12;12,0;12;12;12;12;12;12;12;12;12,0;12;73;73,0;73;73;73;73;73;73;73;73;73,0;73,0;1,000000000000000;1,000000000000000;1,000000000000000;1,000000000000000;1,000000000000000;1,000000000000000;1,000000000000000;1,000000000000000;1,000000000000000;1,0000000000000000;1,0000000000000000
2022-02-24;60+;28;28,0;28;28;28;28;28;28;28;28;28,0;28;143;143,0;143;143;143;143;143;143;143;143;143,0;143,0;1,000000000000000;1,000000000000000;1,000000000000000;1,000000000000000;1,000000000000000;1,000000000000000;1,000000000000000;1,000000000000000;1,000000000000000;1,0000000000000000;1,0000000000000000
2022-02-24;alle;40;40,0;40;40;40;40;40;40;40;40;40,0;40;216;216,0;216;216;216;216;216;216;216;216;216,0;216,0;NA;NA;NA;NA;NA;NA;NA;NA;NA;NA;NA
2022-02-23;0-60;19;19,0;19;19;19;19;19;19;19;19;19,0;19;77;77,0;77;77;77;77;77;77;77;77;77,0;77,0;1,000000000000000;1,000000000000000;1,000000000000000;1,000000000000000;1,000000000000000;1,000000000000000;1,000000000000000;1,000000000000000;1,000000000000000;1,0000000000000000;1,0000000000000000
2022-02-23;60+;44;44,0;44;44;44;44;44;44;44;44;44,0;44;137;137,0;137;137;137;137;137;137;137;137;137,0;137,0;1,000000000000000;1,000000000000000;1,000000000000000;1,000000000000000;1,000000000000000;1,000000000000000;1,000000000000000;1,000000000000000;1,000000000000000;1,0000000000000000;1,0000000000000000
2022-02-23;alle;63;63,0;63;63;63;63;63;63;63;63;63,0;63;214;214,0;214;214;214;214;214;214;214;214;214,0;214,0;NA;NA;NA;NA;NA;NA;NA;NA;NA;NA;NA
2022-02-22;0-60;11;11,0;11;11;11;11;11;11;11;11;11,0;11;82;82,0;82;82;82;82;82;82;82;82;82,0;82,0;1,000000000000000;1,000000000000000;1,000000000000000;1,000000000000000;1,000000000000000;1,000000000000000;1,000000000000000;1,000000000000000;1,000000000000000;1,0000000000000000;1,0000000000000000
2022-02-22;60+;27;27,0;27;27;27;27;27;27;27;27;27,0;27;123;123,0;123;123;123;123;123;123;123;123;123,0;123,0;1,000000000000000;1,000000000000000;1,000000000000000;1,000000000000000;1,000000000000000;1,000000000000000;1,000000000000000;1,000000000000000;1,000000000000000;1,0000000000000000;1,0000000000000000
2022-02-22;alle;38;38,0;38;38;38;38;38;38;38;38;38,0;38;205;205,0;205;205;205;205;205;205;205;205;205,0;205,0;NA;NA;NA;NA;NA;NA;NA;NA;NA;NA;NA
2022-02-21;0-60;1;1,0;1;1;1;1;1;1;1;1;1,0;1;88;88,0;88;88;88;88;88;88;88;88;88,0;88,0;1,000000000000000;1,000000000000000;1,000000000000000;1,000000000000000;1,000000000000000;1,000000000000000;1,000000000000000;1,000000000000000;1,000000000000000;1,0000000000000000;1,0000000000000000
2022-02-21;60+;1;1,0;1;1;1;1;1;1;1;1;1,0;1;132;132,0;132;132;132;132;132;132;132;132;132,0;132,0;1,000000000000000;1,000000000000000;1,000000000000000;1,000000000000000;1,000000000000000;1,000000000000000;1,000000000000000;1,000000000000000;1,000000000000000;1,0000000000000000;1,0000000000000000
2022-02-21;alle;2;2,0;2;2;2;2;2;2;2;2;2,0;2;220;220,0;220;220;220;220;220;220;220;220;220,0;220,0;NA;NA;NA;NA;NA;NA;NA;NA;NA;NA;NA
2022-02-20;0-60;2;2,0;2;2;2;2;2;2;2;2;2,0;2;90;90,0;90;90;90;90;90;90;90;90;90,0;90,0;1,000000000000000;1,000000000000000;1,000000000000000;1,000000000000000;1,000000000000000;1,000000000000000;1,000000000000000;1,000000000000000;1,000000000000000;1,0000000000000000;1,0000000000000000
2022-02-20;60+;0;0,0;0;0;0;0;0;0;0;0;0,0;0;133;133,0;133;133;133;133;133;133;133;133;133,0;133,0;1,000000000000000;1,000000000000000;1,000000000000000;1,000000000000000;1,000000000000000;1,000000000000000;1,000000000000000;1,000000000000000;1,000000000000000;1,0000000000000000;1,0000000000000000
2022-02-20;alle;2;2,0;2;2;2;2;2;2;2;2;2,0;2;223;223,0;223;223;223;223;223;223;223;223;223,0;223,0;NA;NA;NA;NA;NA;NA;NA;NA;NA;NA;NA
2022-02-19;0-60;17;17,0;17;17;17;17;17;17;17;17;17,0;17;90;90,0;90;90;90;90;90;90;90;90;90,0;90,0;1,000000000000000;1,000000000000000;1,000000000000000;1,000000000000000;1,000000000000000;1,000000000000000;1,000000000000000;1,000000000000000;1,000000000000000;1,0000000000000000;1,0000000000000000
2022-02-19;60+;27;27,0;27;27;27;27;27;27;27;27;27,0;27;134;134,0;134;134;134;134;134;134;134;134;134,0;134,0;1,000000000000000;1,000000000000000;1,000000000000000;1,000000000000000;1,000000000000000;1,000000000000000;1,000000000000000;1,000000000000000;1,000000000000000;1,0000000000000000;1,0000000000000000
2022-02-19;alle;44;44,0;44;44;44;44;44;44;44;44;44,0;44;224;224,0;224;224;224;224;224;224;224;224;224,0;224,0;NA;NA;NA;NA;NA;NA;NA;NA;NA;NA;NA
2022-02-18;0-60;11;11,0;11;11;11;11;11;11;11;11;11,0;11;97;97,0;97;97;97;97;97;97;97;97;97,0;97,0;1,000000000000000;1,000000000000000;1,000000000000000;1,000000000000000;1,000000000000000;1,000000000000000;1,000000000000000;1,000000000000000;1,000000000000000;1,0000000000000000;1,0000000000000000
2022-02-18;60+;16;16,0;16;16;16;16;16;16;16;16;16,0;16;133;133,0;133;133;133;133;133;133;133;133;133,0;133,0;1,000000000000000;1,000000000000000;1,000000000000000;1,000000000000000;1,000000000000000;1,000000000000000;1,000000000000000;1,000000000000000;1,000000000000000;1,0000000000000000;1,0000000000000000
2022-02-18;alle;27;27,0;27;27;27;27;27;27;27;27;27,0;27;230;230,0;230;230;230;230;230;230;230;230;230,0;230,0;NA;NA;NA;NA;NA;NA;NA;NA;NA;NA;NA
2022-02-17;0-60;16;16,0;16;16;16;16;16;16;16;16;16,0;16;104;104,0;104;104;104;104;104;104;104;104;104,0;104,0;1,000000000000000;1,000000000000000;1,000000000000000;1,000000000000000;1,000000000000000;1,000000000000000;1,000000000000000;1,000000000000000;1,000000000000000;1,0000000000000000;1,0000000000000000
2022-02-17;60+;22;22,0;22;22;22;22;22;22;22;22;22,0;22;137;137,0;137;137;137;137;137;137;137;137;137,0;137,0;1,000000000000000;1,000000000000000;1,000000000000000;1,000000000000000;1,000000000000000;1,000000000000000;1,000000000000000;1,000000000000000;1,000000000000000;1,0000000000000000;1,0000000000000000
2022-02-17;alle;38;38,0;38;38;38;38;38;38;38;38;38,0;38;241;241,0;241;241;241;241;241;241;241;241;241,0;241,0;NA;NA;NA;NA;NA;NA;NA;NA;NA;NA;NA
2022-02-16;0-60;24;24,0;24;24;24;24;24;24;24;24;24,0;24;117;117,0;117;117;117;117;117;117;117;117;117,0;117,0;1,000000000000000;1,000000000000000;1,000000000000000;1,000000000000000;1,000000000000000;1,000000000000000;1,000000000000000;1,000000000000000;1,000000000000000;1,0000000000000000;1,0000000000000000
2022-02-16;60+;30;30,0;30;30;30;30;30;30;30;30;30,0;30;154;154,0;154;154;154;154;154;154;154;154;154,0;154,0;1,000000000000000;1,000000000000000;1,000000000000000;1,000000000000000;1,000000000000000;1,000000000000000;1,000000000000000;1,000000000000000;1,000000000000000;1,0000000000000000;1,0000000000000000
2022-02-16;alle;54;54,0;54;54;54;54;54;54;54;54;54,0;54;271;271,0;271;271;271;271;271;271;271;271;271,0;271,0;NA;NA;NA;NA;NA;NA;NA;NA;NA;NA;NA
2022-02-15;0-60;17;17,0;17;17;17;17;17;17;17;17;17,0;17;119;119,0;119;119;119;119;119;119;119;119;119,0;119,0;1,000000000000000;1,000000000000000;1,000000000000000;1,000000000000000;1,000000000000000;1,000000000000000;1,000000000000000;1,000000000000000;1,000000000000000;1,0000000000000000;1,0000000000000000
2022-02-15;60+;36;36,0;36;36;36;36;36;36;36;36;36,0;36;174;174,0;174;174;174;174;174;174;174;174;174,0;174,0;1,000000000000000;1,000000000000000;1,000000000000000;1,000000000000000;1,000000000000000;1,000000000000000;1,000000000000000;1,000000000000000;1,000000000000000;1,0000000000000000;1,0000000000000000
2022-02-15;alle;53;53,0;53;53;53;53;53;53;53;53;53,0;53;293;293,0;293;293;293;293;293;293;293;293;293,0;293,0;NA;NA;NA;NA;NA;NA;NA;NA;NA;NA;NA
2022-02-14;0-60;3;3,0;3;3;3;3;3;3;3;3;3,0;3;124;124,0;124;124;124;124;124;124;124;124;124,0;124,0;1,000000000000000;1,000000000000000;1,000000000000000;1,000000000000000;1,000000000000000;1,000000000000000;1,000000000000000;1,000000000000000;1,000000000000000;1,0000000000000000;1,0000000000000000
2022-02-14;60+;2;2,0;2;2;2;2;2;2;2;2;2,0;2;187;187,0;187;187;187;187;187;187;187;187;187,0;187,0;1,000000000000000;1,000000000000000;1,000000000000000;1,000000000000000;1,000000000000000;1,000000000000000;1,000000000000000;1,000000000000000;1,000000000000000;1,0000000000000000;1,0000000000000000
2022-02-14;alle;5;5,0;5;5;5;5;5;5;5;5;5,0;5;311;311,0;311;311;311;311;311;311;311;311;311,0;311,0;NA;NA;NA;NA;NA;NA;NA;NA;NA;NA;NA
2022-02-13;0-60;2;2,0;2;2;2;2;2;2;2;2;2,0;2;122;122,0;122;122;122;122;122;122;122;122;122,0;122,0;1,000000000000000;1,000000000000000;1,000000000000000;1,000000000000000;1,000000000000000;1,000000000000000;1,000000000000000;1,000000000000000;1,000000000000000;1,0000000000000000;1,0000000000000000
2022-02-13;60+;1;1,0;1;1;1;1;1;1;1;1;1,0;1;188;188,0;188;188;188;188;188;188;188;188;188,0;188,0;1,000000000000000;1,000000000000000;1,000000000000000;1,000000000000000;1,000000000000000;1,000000000000000;1,000000000000000;1,000000000000000;1,000000000000000;1,0000000000000000;1,0000000000000000
2022-02-13;alle;3;3,0;3;3;3;3;3;3;3;3;3,0;3;310;310,0;310;310;310;310;310;310;310;310;310,0;310,0;NA;NA;NA;NA;NA;NA;NA;NA;NA;NA;NA
2022-02-12;0-60;24;24,0;24;24;24;24;24;24;24;24;24,0;24;120;120,0;120;120;120;120;120;120;120;120;120,0;120,0;1,000000000000000;1,000000000000000;1,000000000000000;1,000000000000000;1,000000000000000;1,000000000000000;1,000000000000000;1,000000000000000;1,000000000000000;1,0000000000000000;1,0000000000000000
2022-02-12;60+;26;26,0;26;26;26;26;26;26;26;26;26,0;26;192;192,0;192;192;192;192;192;192;192;192;192,0;192,0;1,000000000000000;1,000000000000000;1,000000000000000;1,000000000000000;1,000000000000000;1,000000000000000;1,000000000000000;1,000000000000000;1,000000000000000;1,0000000000000000;1,0000000000000000
2022-02-12;alle;50;50,0;50;50;50;50;50;50;50;50;50,0;50;312;312,0;312;312;312;312;312;312;312;312;312,0;312,0;NA;NA;NA;NA;NA;NA;NA;NA;NA;NA;NA
2022-02-11;0-60;18;18,0;18;18;18;18;18;18;18;18;18,0;18;112;112,0;112;112;112;112;112;112;112;112;112,0;112,0;1,000000000000000;1,000000000000000;1,000000000000000;1,000000000000000;1,000000000000000;1,000000000000000;1,000000000000000;1,000000000000000;1,000000000000000;1,0000000000000000;1,0000000000000000
2022-02-11;60+;20;20,0;20;20;20;20;20;20;20;20;20,0;20;186;186,0;186;186;186;186;186;186;186;186;186,0;186,0;1,000000000000000;1,000000000000000;1,000000000000000;1,000000000000000;1,000000000000000;1,000000000000000;1,000000000000000;1,000000000000000;1,000000000000000;1,0000000000000000;1,0000000000000000
2022-02-11;alle;38;38,0;38;38;38;38;38;38;38;38;38,0;38;298;298,0;298;298;298;298;298;298;298;298;298,0;298,0;NA;NA;NA;NA;NA;NA;NA;NA;NA;NA;NA
2022-02-10;0-60;29;29,0;29;29;29;29;29;29;29;29;29,0;29;138;138,0;138;138;138;138;138;138;138;138;138,0;138,0;1,000000000000000;1,000000000000000;1,000000000000000;1,000000000000000;1,000000000000000;1,000000000000000;1,000000000000000;1,000000000000000;1,000000000000000;1,0000000000000000;1,0000000000000000
2022-02-10;60+;39;39,0;39;39;39;39;39;39;39;39;39,0;39;215;215,0;215;215;215;215;215;215;215;215;215,0;215,0;1,000000000000000;1,000000000000000;1,000000000000000;1,000000000000000;1,000000000000000;1,000000000000000;1,000000000000000;1,000000000000000;1,000000000000000;1,0000000000000000;1,0000000000000000
2022-02-10;alle;68;68,0;68;68;68;68;68;68;68;68;68,0;68;353;353,0;353;353;353;353;353;353;353;353;353,0;353,0;NA;NA;NA;NA;NA;NA;NA;NA;NA;NA;NA
2022-02-09;0-60;26;26,0;26;26;26;26;26;26;26;26;26,0;26;122;122,0;122;122;122;122;122;122;122;122;122,0;122,0;1,000000000000000;1,000000000000000;1,000000000000000;1,000000000000000;1,000000000000000;1,000000000000000;1,000000000000000;1,000000000000000;1,000000000000000;1,0000000000000000;1,0000000000000000
2022-02-09;60+;50;50,0;50;50;50;50;50;50;50;50;50,0;50;209;209,0;209;209;209;209;209;209;209;209;209,0;209,0;1,000000000000000;1,000000000000000;1,000000000000000;1,000000000000000;1,000000000000000;1,000000000000000;1,000000000000000;1,000000000000000;1,000000000000000;1,0000000000000000;1,0000000000000000
2022-02-09;alle;76;76,0;76;76;76;76;76;76;76;76;76,0;76;331;331,0;331;331;331;331;331;331;331;331;331,0;331,0;NA;NA;NA;NA;NA;NA;NA;NA;NA;NA;NA
2022-02-08;0-60;22;22,0;22;22;22;22;22;22;22;22;22,0;22;117;117,0;117;117;117;117;117;117;117;117;117,0;117,0;1,000000000000000;1,000000000000000;1,000000000000000;1,000000000000000;1,000000000000000;1,000000000000000;1,000000000000000;1,000000000000000;1,000000000000000;1,0000000000000000;1,0000000000000000
2022-02-08;60+;49;49,0;49;49;49;49;49;49;49;49;49,0;49;185;185,0;185;185;185;185;185;185;185;185;185,0;185,0;1,000000000000000;1,000000000000000;1,000000000000000;1,000000000000000;1,000000000000000;1,000000000000000;1,000000000000000;1,000000000000000;1,000000000000000;1,0000000000000000;1,0000000000000000
2022-02-08;alle;71;71,0;71;71;71;71;71;71;71;71;71,0;71;302;302,0;302;302;302;302;302;302;302;302;302,0;302,0;NA;NA;NA;NA;NA;NA;NA;NA;NA;NA;NA
2022-02-07;0-60;1;1,0;1;1;1;1;1;1;1;1;1,0;1;110;110,0;110;110;110;110;110;110;110;110;110,0;110,0;1,000000000000000;1,000000000000000;1,000000000000000;1,000000000000000;1,000000000000000;1,000000000000000;1,000000000000000;1,000000000000000;1,000000000000000;1,0000000000000000;1,0000000000000000
2022-02-07;60+;3;3,0;3;3;3;3;3;3;3;3;3,0;3;155;155,0;155;155;155;155;155;155;155;155;155,0;155,0;1,000000000000000;1,000000000000000;1,000000000000000;1,000000000000000;1,000000000000000;1,000000000000000;1,000000000000000;1,000000000000000;1,000000000000000;1,0000000000000000;1,0000000000000000
2022-02-07;alle;4;4,0;4;4;4;4;4;4;4;4;4,0;4;265;265,0;265;265;265;265;265;265;265;265;265,0;265,0;NA;NA;NA;NA;NA;NA;NA;NA;NA;NA;NA
2022-02-06;0-60;0;0,0;0;0;0;0;0;0;0;0;0,0;0;111;111,0;111;111;111;111;111;111;111;111;111,0;111,0;1,000000000000000;1,000000000000000;1,000000000000000;1,000000000000000;1,000000000000000;1,000000000000000;1,000000000000000;1,000000000000000;1,000000000000000;1,0000000000000000;1,0000000000000000
2022-02-06;60+;5;5,0;5;5;5;5;5;5;5;5;5,0;5;154;154,0;154;154;154;154;154;154;154;154;154,0;154,0;1,000000000000000;1,000000000000000;1,000000000000000;1,000000000000000;1,000000000000000;1,000000000000000;1,000000000000000;1,000000000000000;1,000000000000000;1,0000000000000000;1,0000000000000000
2022-02-06;alle;5;5,0;5;5;5;5;5;5;5;5;5,0;5;265;265,0;265;265;265;265;265;265;265;265;265,0;265,0;NA;NA;NA;NA;NA;NA;NA;NA;NA;NA;NA
2022-02-05;0-60;16;16,0;16;16;16;16;16;16;16;16;16,0;16;114;114,0;114;114;114;114;114;114;114;114;114,0;114,0;1,000000000000000;1,000000000000000;1,000000000000000;1,000000000000000;1,000000000000000;1,000000000000000;1,000000000000000;1,000000000000000;1,000000000000000;1,0000000000000000;1,0000000000000000
2022-02-05;60+;20;20,0;20;20;20;20;20;20;20;20;20,0;20;150;150,0;150;150;150;150;150;150;150;150;150,0;150,0;1,000000000000000;1,000000000000000;1,000000000000000;1,000000000000000;1,000000000000000;1,000000000000000;1,000000000000000;1,000000000000000;1,000000000000000;1,0000000000000000;1,0000000000000000
2022-02-05;alle;36;36,0;36;36;36;36;36;36;36;36;36,0;36;264;264,0;264;264;264;264;264;264;264;264;264,0;264,0;NA;NA;NA;NA;NA;NA;NA;NA;NA;NA;NA
2022-02-04;0-60;44;44,0;44;44;44;44;44;44;44;44;44,0;44;114;114,0;114;114;114;114;114;114;114;114;114,0;114,0;1,000000000000000;1,000000000000000;1,000000000000000;1,000000000000000;1,000000000000000;1,000000000000000;1,000000000000000;1,000000000000000;1,000000000000000;1,0000000000000000;1,0000000000000000
2022-02-04;60+;49;49,0;49;49;49;49;49;49;49;49;49,0;49;139;139,0;139;139;139;139;139;139;139;139;139,0;139,0;1,000000000000000;1,000000000000000;1,000000000000000;1,000000000000000;1,000000000000000;1,000000000000000;1,000000000000000;1,000000000000000;1,000000000000000;1,0000000000000000;1,0000000000000000
2022-02-04;alle;93;93,0;93;93;93;93;93;93;93;93;93,0;93;253;253,0;253;253;253;253;253;253;253;253;253,0;253,0;NA;NA;NA;NA;NA;NA;NA;NA;NA;NA;NA
2022-02-03;0-60;13;13,0;13;13;13;13;13;13;13;13;13,0;13;96;96,0;96;96;96;96;96;96;96;96;96,0;96,0;1,000000000000000;1,000000000000000;1,000000000000000;1,000000000000000;1,000000000000000;1,000000000000000;1,000000000000000;1,000000000000000;1,000000000000000;1,0000000000000000;1,0000000000000000
2022-02-03;60+;33;33,0;33;33;33;33;33;33;33;33;33,0;33;117;117,0;117;117;117;117;117;117;117;117;117,0;117,0;1,000000000000000;1,000000000000000;1,000000000000000;1,000000000000000;1,000000000000000;1,000000000000000;1,000000000000000;1,000000000000000;1,000000000000000;1,0000000000000000;1,0000000000000000
2022-02-03;alle;46;46,0;46;46;46;46;46;46;46;46;46,0;46;213;213,0;213;213;213;213;213;213;213;213;213,0;213,0;NA;NA;NA;NA;NA;NA;NA;NA;NA;NA;NA
2022-02-02;0-60;21;21,0;21;21;21;21;21;21;21;21;21,0;21;107;107,0;107;107;107;107;107;107;107;107;107,0;107,0;1,000000000000000;1,000000000000000;1,000000000000000;1,000000000000000;1,000000000000000;1,000000000000000;1,000000000000000;1,000000000000000;1,000000000000000;1,0000000000000000;1,0000000000000000
2022-02-02;60+;26;26,0;26;26;26;26;26;26;26;26;26,0;26;106;106,0;106;106;106;106;106;106;106;106;106,0;106,0;1,000000000000000;1,000000000000000;1,000000000000000;1,000000000000000;1,000000000000000;1,000000000000000;1,000000000000000;1,000000000000000;1,000000000000000;1,0000000000000000;1,0000000000000000
2022-02-02;alle;47;47,0;47;47;47;47;47;47;47;47;47,0;47;213;213,0;213;213;213;213;213;213;213;213;213,0;213,0;NA;NA;NA;NA;NA;NA;NA;NA;NA;NA;NA
2022-02-01;0-60;15;15,0;15;15;15;15;15;15;15;15;15,0;15;111;111,0;111;111;111;111;111;111;111;111;111,0;111,0;1,000000000000000;1,000000000000000;1,000000000000000;1,000000000000000;1,000000000000000;1,000000000000000;1,000000000000000;1,000000000000000;1,000000000000000;1,0000000000000000;1,0000000000000000
2022-02-01;60+;19;19,0;19;19;19;19;19;19;19;19;19,0;19;109;109,0;109;109;109;109;109;109;109;109;109,0;109,0;1,000000000000000;1,000000000000000;1,000000000000000;1,000000000000000;1,000000000000000;1,000000000000000;1,000000000000000;1,000000000000000;1,000000000000000;1,0000000000000000;1,0000000000000000
2022-02-01;alle;34;34,0;34;34;34;34;34;34;34;34;34,0;34;220;220,0;220;220;220;220;220;220;220;220;220,0;220,0;NA;NA;NA;NA;NA;NA;NA;NA;NA;NA;NA
2022-01-31;0-60;2;2,0;2;2;2;2;2;2;2;2;2,0;2;116;116,0;116;116;116;116;116;116;116;116;116,0;116,0;1,000000000000000;1,000000000000000;1,000000000000000;1,000000000000000;1,000000000000000;1,000000000000000;1,000000000000000;1,000000000000000;1,000000000000000;1,0000000000000000;1,0000000000000000
2022-01-31;60+;2;2,0;2;2;2;2;2;2;2;2;2,0;2;131;131,0;131;131;131;131;131;131;131;131;131,0;131,0;1,000000000000000;1,000000000000000;1,000000000000000;1,000000000000000;1,000000000000000;1,000000000000000;1,000000000000000;1,000000000000000;1,000000000000000;1,0000000000000000;1,0000000000000000
2022-01-31;alle;4;4,0;4;4;4;4;4;4;4;4;4,0;4;247;247,0;247;247;247;247;247;247;247;247;247,0;247,0;NA;NA;NA;NA;NA;NA;NA;NA;NA;NA;NA
2022-01-30;0-60;3;3,0;3;3;3;3;3;3;3;3;3,0;3;115;115,0;115;115;115;115;115;115;115;115;115,0;115,0;1,000000000000000;1,000000000000000;1,000000000000000;1,000000000000000;1,000000000000000;1,000000000000000;1,000000000000000;1,000000000000000;1,000000000000000;1,0000000000000000;1,0000000000000000
2022-01-30;60+;1;1,0;1;1;1;1;1;1;1;1;1,0;1;132;132,0;132;132;132;132;132;132;132;132;132,0;132,0;1,000000000000000;1,000000000000000;1,000000000000000;1,000000000000000;1,000000000000000;1,000000000000000;1,000000000000000;1,000000000000000;1,000000000000000;1,0000000000000000;1,0000000000000000
2022-01-30;alle;4;4,0;4;4;4;4;4;4;4;4;4,0;4;247;247,0;247;247;247;247;247;247;247;247;247,0;247,0;NA;NA;NA;NA;NA;NA;NA;NA;NA;NA;NA
2022-01-29;0-60;16;16,0;16;16;16;16;16;16;16;16;16,0;16;117;117,0;117;117;117;117;117;117;117;117;117,0;117,0;1,000000000000000;1,000000000000000;1,000000000000000;1,000000000000000;1,000000000000000;1,000000000000000;1,000000000000000;1,000000000000000;1,000000000000000;1,0000000000000000;1,0000000000000000
2022-01-29;60+;9;9,0;9;9;9;9;9;9;9;9;9,0;9;140;140,0;140;140;140;140;140;140;140;140;140,0;140,0;1,000000000000000;1,000000000000000;1,000000000000000;1,000000000000000;1,000000000000000;1,000000000000000;1,000000000000000;1,000000000000000;1,000000000000000;1,0000000000000000;1,0000000000000000
2022-01-29;alle;25;25,0;25;25;25;25;25;25;25;25;25,0;25;257;257,0;257;257;257;257;257;257;257;257;257,0;257,0;NA;NA;NA;NA;NA;NA;NA;NA;NA;NA;NA
2022-01-28;0-60;26;26,0;26;26;26;26;26;26;26;26;26,0;26;124;124,0;124;124;124;124;124;124;124;124;124,0;124,0;1,000000000000000;1,000000000000000;1,000000000000000;1,000000000000000;1,000000000000000;1,000000000000000;1,000000000000000;1,000000000000000;1,000000000000000;1,0000000000000000;1,0000000000000000
2022-01-28;60+;27;27,0;27;27;27;27;27;27;27;27;27,0;27;148;148,0;148;148;148;148;148;148;148;148;148,0;148,0;1,000000000000000;1,000000000000000;1,000000000000000;1,000000000000000;1,000000000000000;1,000000000000000;1,000000000000000;1,000000000000000;1,000000000000000;1,0000000000000000;1,0000000000000000
2022-01-28;alle;53;53,0;53;53;53;53;53;53;53;53;53,0;53;272;272,0;272;272;272;272;272;272;272;272;272,0;272,0;NA;NA;NA;NA;NA;NA;NA;NA;NA;NA;NA
2022-01-27;0-60;24;24,0;24;24;24;24;24;24;24;24;24,0;24;117;117,0;117;117;117;117;117;117;117;117;117,0;117,0;1,000000000000000;1,000000000000000;1,000000000000000;1,000000000000000;1,000000000000000;1,000000000000000;1,000000000000000;1,000000000000000;1,000000000000000;1,0000000000000000;1,0000000000000000
2022-01-27;60+;22;22,0;22;22;22;22;22;22;22;22;22,0;22;139;139,0;139;139;139;139;139;139;139;139;139,0;139,0;1,000000000000000;1,000000000000000;1,000000000000000;1,000000000000000;1,000000000000000;1,000000000000000;1,000000000000000;1,000000000000000;1,000000000000000;1,0000000000000000;1,0000000000000000
2022-01-27;alle;46;46,0;46;46;46;46;46;46;46;46;46,0;46;256;256,0;256;256;256;256;256;256;256;256;256,0;256,0;NA;NA;NA;NA;NA;NA;NA;NA;NA;NA;NA
2022-01-26;0-60;25;25,0;25;25;25;25;25;25;25;25;25,0;25;121;121,0;121;121;121;121;121;121;121;121;121,0;121,0;1,000000000000000;1,000000000000000;1,000000000000000;1,000000000000000;1,000000000000000;1,000000000000000;1,000000000000000;1,000000000000000;1,000000000000000;1,0000000000000000;1,0000000000000000
2022-01-26;60+;29;29,0;29;29;29;29;29;29;29;29;29,0;29;138;138,0;138;138;138;138;138;138;138;138;138,0;138,0;1,000000000000000;1,000000000000000;1,000000000000000;1,000000000000000;1,000000000000000;1,000000000000000;1,000000000000000;1,000000000000000;1,000000000000000;1,0000000000000000;1,0000000000000000
2022-01-26;alle;54;54,0;54;54;54;54;54;54;54;54;54,0;54;259;259,0;259;259;259;259;259;259;259;259;259,0;259,0;NA;NA;NA;NA;NA;NA;NA;NA;NA;NA;NA
2022-01-25;0-60;20;20,0;20;20;20;20;20;20;20;20;20,0;20;107;107,0;107;107;107;107;107;107;107;107;107,0;107,0;1,000000000000000;1,000000000000000;1,000000000000000;1,000000000000000;1,000000000000000;1,000000000000000;1,000000000000000;1,000000000000000;1,000000000000000;1,0000000000000000;1,0000000000000000
2022-01-25;60+;41;41,0;41;41;41;41;41;41;41;41;41,0;41;132;132,0;132;132;132;132;132;132;132;132;132,0;132,0;1,000000000000000;1,000000000000000;1,000000000000000;1,000000000000000;1,000000000000000;1,000000000000000;1,000000000000000;1,000000000000000;1,000000000000000;1,0000000000000000;1,0000000000000000
2022-01-25;alle;61;61,0;61;61;61;61;61;61;61;61;61,0;61;239;239,0;239;239;239;239;239;239;239;239;239,0;239,0;NA;NA;NA;NA;NA;NA;NA;NA;NA;NA;NA
2022-01-24;0-60;1;1,0;1;1;1;1;1;1;1;1;1,0;1;116;116,0;116;116;116;116;116;116;116;116;116,0;116,0;1,000000000000000;1,000000000000000;1,000000000000000;1,000000000000000;1,000000000000000;1,000000000000000;1,000000000000000;1,000000000000000;1,000000000000000;1,0000000000000000;1,0000000000000000
2022-01-24;60+;3;3,0;3;3;3;3;3;3;3;3;3,0;3;116;116,0;116;116;116;116;116;116;116;116;116,0;116,0;1,000000000000000;1,000000000000000;1,000000000000000;1,000000000000000;1,000000000000000;1,000000000000000;1,000000000000000;1,000000000000000;1,000000000000000;1,0000000000000000;1,0000000000000000
2022-01-24;alle;4;4,0;4;4;4;4;4;4;4;4;4,0;4;232;232,0;232;232;232;232;232;232;232;232;232,0;232,0;NA;NA;NA;NA;NA;NA;NA;NA;NA;NA;NA
2022-01-23;0-60;5;5,0;5;5;5;5;5;5;5;5;5,0;5;116;116,0;116;116;116;116;116;116;116;116;116,0;116,0;1,000000000000000;1,000000000000000;1,000000000000000;1,000000000000000;1,000000000000000;1,000000000000000;1,000000000000000;1,000000000000000;1,000000000000000;1,0000000000000000;1,0000000000000000
2022-01-23;60+;9;9,0;9;9;9;9;9;9;9;9;9,0;9;118;118,0;118;118;118;118;118;118;118;118;118,0;118,0;1,000000000000000;1,000000000000000;1,000000000000000;1,000000000000000;1,000000000000000;1,000000000000000;1,000000000000000;1,000000000000000;1,000000000000000;1,0000000000000000;1,0000000000000000
2022-01-23;alle;14;14,0;14;14;14;14;14;14;14;14;14,0;14;234;234,0;234;234;234;234;234;234;234;234;234,0;234,0;NA;NA;NA;NA;NA;NA;NA;NA;NA;NA;NA
2022-01-22;0-60;23;23,0;23;23;23;23;23;23;23;23;23,0;23;120;120,0;120;120;120;120;120;120;120;120;120,0;120,0;1,000000000000000;1,000000000000000;1,000000000000000;1,000000000000000;1,000000000000000;1,000000000000000;1,000000000000000;1,000000000000000;1,000000000000000;1,0000000000000000;1,0000000000000000
2022-01-22;60+;17;17,0;17;17;17;17;17;17;17;17;17,0;17;113;113,0;113;113;113;113;113;113;113;113;113,0;113,0;1,000000000000000;1,000000000000000;1,000000000000000;1,000000000000000;1,000000000000000;1,000000000000000;1,000000000000000;1,000000000000000;1,000000000000000;1,0000000000000000;1,0000000000000000
2022-01-22;alle;40;40,0;40;40;40;40;40;40;40;40;40,0;40;233;233,0;233;233;233;233;233;233;233;233;233,0;233,0;NA;NA;NA;NA;NA;NA;NA;NA;NA;NA;NA
2022-01-21;0-60;19;19,0;19;19;19;19;19;19;19;19;19,0;19;114;114,0;114;114;114;114;114;114;114;114;114,0;114,0;1,000000000000000;1,000000000000000;1,000000000000000;1,000000000000000;1,000000000000000;1,000000000000000;1,000000000000000;1,000000000000000;1,000000000000000;1,0000000000000000;1,0000000000000000
2022-01-21;60+;18;18,0;18;18;18;18;18;18;18;18;18,0;18;110;110,0;110;110;110;110;110;110;110;110;110,0;110,0;1,000000000000000;1,000000000000000;1,000000000000000;1,000000000000000;1,000000000000000;1,000000000000000;1,000000000000000;1,000000000000000;1,000000000000000;1,0000000000000000;1,0000000000000000
2022-01-21;alle;37;37,0;37;37;37;37;37;37;37;37;37,0;37;224;224,0;224;224;224;224;224;224;224;224;224,0;224,0;NA;NA;NA;NA;NA;NA;NA;NA;NA;NA;NA
2022-01-20;0-60;28;28,0;28;28;28;28;28;28;28;28;28,0;28;116;116,0;116;116;116;116;116;116;116;116;116,0;116,0;1,000000000000000;1,000000000000000;1,000000000000000;1,000000000000000;1,000000000000000;1,000000000000000;1,000000000000000;1,000000000000000;1,000000000000000;1,0000000000000000;1,0000000000000000
2022-01-20;60+;21;21,0;21;21;21;21;21;21;21;21;21,0;21;113;113,0;113;113;113;113;113;113;113;113;113,0;113,0;1,000000000000000;1,000000000000000;1,000000000000000;1,000000000000000;1,000000000000000;1,000000000000000;1,000000000000000;1,000000000000000;1,000000000000000;1,0000000000000000;1,0000000000000000
2022-01-20;alle;49;49,0;49;49;49;49;49;49;49;49;49,0;49;229;229,0;229;229;229;229;229;229;229;229;229,0;229,0;NA;NA;NA;NA;NA;NA;NA;NA;NA;NA;NA
2022-01-19;0-60;11;11,0;11;11;11;11;11;11;11;11;11,0;11;123;123,0;123;123;123;123;123;123;123;123;123,0;123,0;1,000000000000000;1,000000000000000;1,000000000000000;1,000000000000000;1,000000000000000;1,000000000000000;1,000000000000000;1,000000000000000;1,000000000000000;1,0000000000000000;1,0000000000000000
2022-01-19;60+;23;23,0;23;23;23;23;23;23;23;23;23,0;23;117;117,0;117;117;117;117;117;117;117;117;117,0;117,0;1,000000000000000;1,000000000000000;1,000000000000000;1,000000000000000;1,000000000000000;1,000000000000000;1,000000000000000;1,000000000000000;1,000000000000000;1,0000000000000000;1,0000000000000000
2022-01-19;alle;34;34,0;34;34;34;34;34;34;34;34;34,0;34;240;240,0;240;240;240;240;240;240;240;240;240,0;240,0;NA;NA;NA;NA;NA;NA;NA;NA;NA;NA;NA
2022-01-18;0-60;29;29,0;29;29;29;29;29;29;29;29;29,0;29;146;146,0;146;146;146;146;146;146;146;146;146,0;146,0;1,000000000000000;1,000000000000000;1,000000000000000;1,000000000000000;1,000000000000000;1,000000000000000;1,000000000000000;1,000000000000000;1,000000000000000;1,0000000000000000;1,0000000000000000
2022-01-18;60+;25;25,0;25;25;25;25;25;25;25;25;25,0;25;118;118,0;118;118;118;118;118;118;118;118;118,0;118,0;1,000000000000000;1,000000000000000;1,000000000000000;1,000000000000000;1,000000000000000;1,000000000000000;1,000000000000000;1,000000000000000;1,000000000000000;1,0000000000000000;1,0000000000000000
2022-01-18;alle;54;54,0;54;54;54;54;54;54;54;54;54,0;54;264;264,0;264;264;264;264;264;264;264;264;264,0;264,0;NA;NA;NA;NA;NA;NA;NA;NA;NA;NA;NA
2022-01-17;0-60;1;1,0;1;1;1;1;1;1;1;1;1,0;1;150;150,0;150;150;150;150;150;150;150;150;150,0;150,0;1,000000000000000;1,000000000000000;1,000000000000000;1,000000000000000;1,000000000000000;1,000000000000000;1,000000000000000;1,000000000000000;1,000000000000000;1,0000000000000000;1,0000000000000000
2022-01-17;60+;5;5,0;5;5;5;5;5;5;5;5;5,0;5;123;123,0;123;123;123;123;123;123;123;123;123,0;123,0;1,000000000000000;1,000000000000000;1,000000000000000;1,000000000000000;1,000000000000000;1,000000000000000;1,000000000000000;1,000000000000000;1,000000000000000;1,0000000000000000;1,0000000000000000
2022-01-17;alle;6;6,0;6;6;6;6;6;6;6;6;6,0;6;273;273,0;273;273;273;273;273;273;273;273;273,0;273,0;NA;NA;NA;NA;NA;NA;NA;NA;NA;NA;NA
2022-01-16;0-60;9;9,0;9;9;9;9;9;9;9;9;9,0;9;149;149,0;149;149;149;149;149;149;149;149;149,0;149,0;1,000000000000000;1,000000000000000;1,000000000000000;1,000000000000000;1,000000000000000;1,000000000000000;1,000000000000000;1,000000000000000;1,000000000000000;1,0000000000000000;1,0000000000000000
2022-01-16;60+;4;4,0;4;4;4;4;4;4;4;4;4,0;4;118;118,0;118;118;118;118;118;118;118;118;118,0;118,0;1,000000000000000;1,000000000000000;1,000000000000000;1,000000000000000;1,000000000000000;1,000000000000000;1,000000000000000;1,000000000000000;1,000000000000000;1,0000000000000000;1,0000000000000000
2022-01-16;alle;13;13,0;13;13;13;13;13;13;13;13;13,0;13;267;267,0;267;267;267;267;267;267;267;267;267,0;267,0;NA;NA;NA;NA;NA;NA;NA;NA;NA;NA;NA
2022-01-15;0-60;17;17,0;17;17;17;17;17;17;17;17;17,0;17;155;155,0;155;155;155;155;155;155;155;155;155,0;155,0;1,000000000000000;1,000000000000000;1,000000000000000;1,000000000000000;1,000000000000000;1,000000000000000;1,000000000000000;1,000000000000000;1,000000000000000;1,0000000000000000;1,0000000000000000
2022-01-15;60+;14;14,0;14;14;14;14;14;14;14;14;14,0;14;123;123,0;123;123;123;123;123;123;123;123;123,0;123,0;1,000000000000000;1,000000000000000;1,000000000000000;1,000000000000000;1,000000000000000;1,000000000000000;1,000000000000000;1,000000000000000;1,000000000000000;1,0000000000000000;1,0000000000000000
2022-01-15;alle;31;31,0;31;31;31;31;31;31;31;31;31,0;31;278;278,0;278;278;278;278;278;278;278;278;278,0;278,0;NA;NA;NA;NA;NA;NA;NA;NA;NA;NA;NA
2022-01-14;0-60;21;21,0;21;21;21;21;21;21;21;21;21,0;21;168;168,0;168;168;168;168;168;168;168;168;168,0;168,0;1,000000000000000;1,000000000000000;1,000000000000000;1,000000000000000;1,000000000000000;1,000000000000000;1,000000000000000;1,000000000000000;1,000000000000000;1,0000000000000000;1,0000000000000000
2022-01-14;60+;21;21,0;21;21;21;21;21;21;21;21;21,0;21;126;126,0;126;126;126;126;126;126;126;126;126,0;126,0;1,000000000000000;1,000000000000000;1,000000000000000;1,000000000000000;1,000000000000000;1,000000000000000;1,000000000000000;1,000000000000000;1,000000000000000;1,0000000000000000;1,0000000000000000
2022-01-14;alle;42;42,0;42;42;42;42;42;42;42;42;42,0;42;294;294,0;294;294;294;294;294;294;294;294;294,0;294,0;NA;NA;NA;NA;NA;NA;NA;NA;NA;NA;NA
2022-01-13;0-60;35;35,0;35;35;35;35;35;35;35;35;35,0;35;177;177,0;177;177;177;177;177;177;177;177;177,0;177,0;1,000000000000000;1,000000000000000;1,000000000000000;1,000000000000000;1,000000000000000;1,000000000000000;1,000000000000000;1,000000000000000;1,000000000000000;1,0000000000000000;1,0000000000000000
2022-01-13;60+;25;25,0;25;25;25;25;25;25;25;25;25,0;25;120;120,0;120;120;120;120;120;120;120;120;120,0;120,0;1,000000000000000;1,000000000000000;1,000000000000000;1,000000000000000;1,000000000000000;1,000000000000000;1,000000000000000;1,000000000000000;1,000000000000000;1,0000000000000000;1,0000000000000000
2022-01-13;alle;60;60,0;60;60;60;60;60;60;60;60;60,0;60;297;297,0;297;297;297;297;297;297;297;297;297,0;297,0;NA;NA;NA;NA;NA;NA;NA;NA;NA;NA;NA
2022-01-12;0-60;34;34,0;34;34;34;34;34;34;34;34;34,0;34;164;164,0;164;164;164;164;164;164;164;164;164,0;164,0;1,000000000000000;1,000000000000000;1,000000000000000;1,000000000000000;1,000000000000000;1,000000000000000;1,000000000000000;1,000000000000000;1,000000000000000;1,0000000000000000;1,0000000000000000
2022-01-12;60+;24;24,0;24;24;24;24;24;24;24;24;24,0;24;119;119,0;119;119;119;119;119;119;119;119;119,0;119,0;1,000000000000000;1,000000000000000;1,000000000000000;1,000000000000000;1,000000000000000;1,000000000000000;1,000000000000000;1,000000000000000;1,000000000000000;1,0000000000000000;1,0000000000000000
2022-01-12;alle;58;58,0;58;58;58;58;58;58;58;58;58,0;58;283;283,0;283;283;283;283;283;283;283;283;283,0;283,0;NA;NA;NA;NA;NA;NA;NA;NA;NA;NA;NA
2022-01-11;0-60;33;33,0;33;33;33;33;33;33;33;33;33,0;33;169;169,0;169;169;169;169;169;169;169;169;169,0;169,0;1,000000000000000;1,000000000000000;1,000000000000000;1,000000000000000;1,000000000000000;1,000000000000000;1,000000000000000;1,000000000000000;1,000000000000000;1,0000000000000000;1,0000000000000000
2022-01-11;60+;30;30,0;30;30;30;30;30;30;30;30;30,0;30;115;115,0;115;115;115;115;115;115;115;115;115,0;115,0;1,000000000000000;1,000000000000000;1,000000000000000;1,000000000000000;1,000000000000000;1,000000000000000;1,000000000000000;1,000000000000000;1,000000000000000;1,0000000000000000;1,0000000000000000
2022-01-11;alle;63;63,0;63;63;63;63;63;63;63;63;63,0;63;284;284,0;284;284;284;284;284;284;284;284;284,0;284,0;NA;NA;NA;NA;NA;NA;NA;NA;NA;NA;NA
2022-01-10;0-60;0;0,0;0;0;0;0;0;0;0;0;0,0;0;160;160,0;160;160;160;160;160;160;160;160;160,0;160,0;1,000000000000000;1,000000000000000;1,000000000000000;1,000000000000000;1,000000000000000;1,000000000000000;1,000000000000000;1,000000000000000;1,000000000000000;1,0000000000000000;1,0000000000000000
2022-01-10;60+;0;0,0;0;0;0;0;0;0;0;0;0,0;0;114;114,0;114;114;114;114;114;114;114;114;114,0;114,0;1,000000000000000;1,000000000000000;1,000000000000000;1,000000000000000;1,000000000000000;1,000000000000000;1,000000000000000;1,000000000000000;1,000000000000000;1,0000000000000000;1,0000000000000000
2022-01-10;alle;0;0,0;0;0;0;0;0;0;0;0;0,0;0;274;274,0;274;274;274;274;274;274;274;274;274,0;274,0;NA;NA;NA;NA;NA;NA;NA;NA;NA;NA;NA
2022-01-09;0-60;15;15,0;15;15;15;15;15;15;15;15;15,0;15;167;167,0;167;167;167;167;167;167;167;167;167,0;167,0;1,000000000000000;1,000000000000000;1,000000000000000;1,000000000000000;1,000000000000000;1,000000000000000;1,000000000000000;1,000000000000000;1,000000000000000;1,0000000000000000;1,0000000000000000
2022-01-09;60+;9;9,0;9;9;9;9;9;9;9;9;9,0;9;117;117,0;117;117;117;117;117;117;117;117;117,0;117,0;1,000000000000000;1,000000000000000;1,000000000000000;1,000000000000000;1,000000000000000;1,000000000000000;1,000000000000000;1,000000000000000;1,000000000000000;1,0000000000000000;1,0000000000000000
2022-01-09;alle;24;24,0;24;24;24;24;24;24;24;24;24,0;24;284;284,0;284;284;284;284;284;284;284;284;284,0;284,0;NA;NA;NA;NA;NA;NA;NA;NA;NA;NA;NA
2022-01-08;0-60;30;30,0;30;30;30;30;30;30;30;30;30,0;30;153;153,0;153;153;153;153;153;153;153;153;153,0;153,0;1,000000000000000;1,000000000000000;1,000000000000000;1,000000000000000;1,000000000000000;1,000000000000000;1,000000000000000;1,000000000000000;1,000000000000000;1,0000000000000000;1,0000000000000000
2022-01-08;60+;17;17,0;17;17;17;17;17;17;17;17;17,0;17;113;113,0;113;113;113;113;113;113;113;113;113,0;113,0;1,000000000000000;1,000000000000000;1,000000000000000;1,000000000000000;1,000000000000000;1,000000000000000;1,000000000000000;1,000000000000000;1,000000000000000;1,0000000000000000;1,0000000000000000
2022-01-08;alle;47;47,0;47;47;47;47;47;47;47;47;47,0;47;266;266,0;266;266;266;266;266;266;266;266;266,0;266,0;NA;NA;NA;NA;NA;NA;NA;NA;NA;NA;NA
2022-01-07;0-60;30;30,0;30;30;30;30;30;30;30;30;30,0;30;132;132,0;132;132;132;132;132;132;132;132;132,0;132,0;1,000000000000000;1,000000000000000;1,000000000000000;1,000000000000000;1,000000000000000;1,000000000000000;1,000000000000000;1,000000000000000;1,000000000000000;1,0000000000000000;1,0000000000000000
2022-01-07;60+;15;15,0;15;15;15;15;15;15;15;15;15,0;15;104;104,0;104;104;104;104;104;104;104;104;104,0;104,0;1,000000000000000;1,000000000000000;1,000000000000000;1,000000000000000;1,000000000000000;1,000000000000000;1,000000000000000;1,000000000000000;1,000000000000000;1,0000000000000000;1,0000000000000000
2022-01-07;alle;45;45,0;45;45;45;45;45;45;45;45;45,0;45;236;236,0;236;236;236;236;236;236;236;236;236,0;236,0;NA;NA;NA;NA;NA;NA;NA;NA;NA;NA;NA
2022-01-06;0-60;22;22,0;22;22;22;22;22;22;22;22;22,0;22;116;116,0;116;116;116;116;116;116;116;116;116,0;116,0;1,000000000000000;1,000000000000000;1,000000000000000;1,000000000000000;1,000000000000000;1,000000000000000;1,000000000000000;1,000000000000000;1,000000000000000;1,0000000000000000;1,0000000000000000
2022-01-06;60+;24;24,0;24;24;24;24;24;24;24;24;24,0;24;105;105,0;105;105;105;105;105;105;105;105;105,0;105,0;1,000000000000000;1,000000000000000;1,000000000000000;1,000000000000000;1,000000000000000;1,000000000000000;1,000000000000000;1,000000000000000;1,000000000000000;1,0000000000000000;1,0000000000000000
2022-01-06;alle;46;46,0;46;46;46;46;46;46;46;46;46,0;46;221;221,0;221;221;221;221;221;221;221;221;221,0;221,0;NA;NA;NA;NA;NA;NA;NA;NA;NA;NA;NA
2022-01-05;0-60;39;39,0;39;39;39;39;39;39;39;39;39,0;39;115;115,0;115;115;115;115;115;115;115;115;115,0;115,0;1,000000000000000;1,000000000000000;1,000000000000000;1,000000000000000;1,000000000000000;1,000000000000000;1,000000000000000;1,000000000000000;1,000000000000000;1,0000000000000000;1,0000000000000000
2022-01-05;60+;20;20,0;20;20;20;20;20;20;20;20;20,0;20;97;97,0;97;97;97;97;97;97;97;97;97,0;97,0;1,000000000000000;1,000000000000000;1,000000000000000;1,000000000000000;1,000000000000000;1,000000000000000;1,000000000000000;1,000000000000000;1,000000000000000;1,0000000000000000;1,0000000000000000
2022-01-05;alle;59;59,0;59;59;59;59;59;59;59;59;59,0;59;212;212,0;212;212;212;212;212;212;212;212;212,0;212,0;NA;NA;NA;NA;NA;NA;NA;NA;NA;NA;NA
2022-01-04;0-60;24;24,0;24;24;24;24;24;24;24;24;24,0;24;95;95,0;95;95;95;95;95;95;95;95;95,0;95,0;1,000000000000000;1,000000000000000;1,000000000000000;1,000000000000000;1,000000000000000;1,000000000000000;1,000000000000000;1,000000000000000;1,000000000000000;1,0000000000000000;1,0000000000000000
2022-01-04;60+;29;29,0;29;29;29;29;29;29;29;29;29,0;29;101;101,0;101;101;101;101;101;101;101;101;101,0;101,0;1,000000000000000;1,000000000000000;1,000000000000000;1,000000000000000;1,000000000000000;1,000000000000000;1,000000000000000;1,000000000000000;1,000000000000000;1,0000000000000000;1,0000000000000000
2022-01-04;alle;53;53,0;53;53;53;53;53;53;53;53;53,0;53;196;196,0;196;196;196;196;196;196;196;196;196,0;196,0;NA;NA;NA;NA;NA;NA;NA;NA;NA;NA;NA
2022-01-03;0-60;7;7,0;7;7;7;7;7;7;7;7;7,0;7;92;92,0;92;92;92;92;92;92;92;92;92,0;92,0;1,000000000000000;1,000000000000000;1,000000000000000;1,000000000000000;1,000000000000000;1,000000000000000;1,000000000000000;1,000000000000000;1,000000000000000;1,0000000000000000;1,0000000000000000
2022-01-03;60+;3;3,0;3;3;3;3;3;3;3;3;3,0;3;93;93,0;93;93;93;93;93;93;93;93;93,0;93,0;1,000000000000000;1,000000000000000;1,000000000000000;1,000000000000000;1,000000000000000;1,000000000000000;1,000000000000000;1,000000000000000;1,000000000000000;1,0000000000000000;1,0000000000000000
2022-01-03;alle;10;10,0;10;10;10;10;10;10;10;10;10,0;10;185;185,0;185;185;185;185;185;185;185;185;185,0;185,0;NA;NA;NA;NA;NA;NA;NA;NA;NA;NA;NA
2022-01-02;0-60;1;1,0;1;1;1;1;1;1;1;1;1,0;1;90;90,0;90;90;90;90;90;90;90;90;90,0;90,0;1,000000000000000;1,000000000000000;1,000000000000000;1,000000000000000;1,000000000000000;1,000000000000000;1,000000000000000;1,000000000000000;1,000000000000000;1,0000000000000000;1,0000000000000000
2022-01-02;60+;5;5,0;5;5;5;5;5;5;5;5;5,0;5;96;96,0;96;96;96;96;96;96;96;96;96,0;96,0;1,000000000000000;1,000000000000000;1,000000000000000;1,000000000000000;1,000000000000000;1,000000000000000;1,000000000000000;1,000000000000000;1,000000000000000;1,0000000000000000;1,0000000000000000
2022-01-02;alle;6;6,0;6;6;6;6;6;6;6;6;6,0;6;186;186,0;186;186;186;186;186;186;186;186;186,0;186,0;NA;NA;NA;NA;NA;NA;NA;NA;NA;NA;NA
2022-01-01;0-60;9;9,0;9;9;9;9;9;9;9;9;9,0;9;91;91,0;91;91;91;91;91;91;91;91;91,0;91,0;1,000000000000000;1,000000000000000;1,000000000000000;1,000000000000000;1,000000000000000;1,000000000000000;1,000000000000000;1,000000000000000;1,000000000000000;1,0000000000000000;1,0000000000000000
2022-01-01;60+;8;8,0;8;8;8;8;8;8;8;8;8,0;8;96;96,0;96;96;96;96;96;96;96;96;96,0;96,0;1,000000000000000;1,000000000000000;1,000000000000000;1,000000000000000;1,000000000000000;1,000000000000000;1,000000000000000;1,000000000000000;1,000000000000000;1,0000000000000000;1,0000000000000000
2022-01-01;alle;17;17,0;17;17;17;17;17;17;17;17;17,0;17;187;187,0;187;187;187;187;187;187;187;187;187,0;187,0;NA;NA;NA;NA;NA;NA;NA;NA;NA;NA;NA
2021-12-31;0-60;14;14,0;14;14;14;14;14;14;14;14;14,0;14;87;87,0;87;87;87;87;87;87;87;87;87,0;87,0;1,000000000000000;1,000000000000000;1,000000000000000;1,000000000000000;1,000000000000000;1,000000000000000;1,000000000000000;1,000000000000000;1,000000000000000;1,0000000000000000;1,0000000000000000
2021-12-31;60+;16;16,0;16;16;16;16;16;16;16;16;16,0;16;90;90,0;90;90;90;90;90;90;90;90;90,0;90,0;1,000000000000000;1,000000000000000;1,000000000000000;1,000000000000000;1,000000000000000;1,000000000000000;1,000000000000000;1,000000000000000;1,000000000000000;1,0000000000000000;1,0000000000000000
2021-12-31;alle;30;30,0;30;30;30;30;30;30;30;30;30,0;30;177;177,0;177;177;177;177;177;177;177;177;177,0;177,0;NA;NA;NA;NA;NA;NA;NA;NA;NA;NA;NA
2021-12-30;0-60;21;21,0;21;21;21;21;21;21;21;21;21,0;21;86;86,0;86;86;86;86;86;86;86;86;86,0;86,0;1,000000000000000;1,000000000000000;1,000000000000000;1,000000000000000;1,000000000000000;1,000000000000000;1,000000000000000;1,000000000000000;1,000000000000000;1,0000000000000000;1,0000000000000000
2021-12-30;60+;16;16,0;16;16;16;16;16;16;16;16;16,0;16;86;86,0;86;86;86;86;86;86;86;86;86,0;86,0;1,000000000000000;1,000000000000000;1,000000000000000;1,000000000000000;1,000000000000000;1,000000000000000;1,000000000000000;1,000000000000000;1,000000000000000;1,0000000000000000;1,0000000000000000
2021-12-30;alle;37;37,0;37;37;37;37;37;37;37;37;37,0;37;172;172,0;172;172;172;172;172;172;172;172;172,0;172,0;NA;NA;NA;NA;NA;NA;NA;NA;NA;NA;NA
2021-12-29;0-60;19;19,0;19;19;19;19;19;19;19;19;19,0;19;85;85,0;85;85;85;85;85;85;85;85;85,0;85,0;1,000000000000000;1,000000000000000;1,000000000000000;1,000000000000000;1,000000000000000;1,000000000000000;1,000000000000000;1,000000000000000;1,000000000000000;1,0000000000000000;1,0000000000000000
2021-12-29;60+;24;24,0;24;24;24;24;24;24;24;24;24,0;24;97;97,0;97;97;97;97;97;97;97;97;97,0;97,0;1,000000000000000;1,000000000000000;1,000000000000000;1,000000000000000;1,000000000000000;1,000000000000000;1,000000000000000;1,000000000000000;1,000000000000000;1,0000000000000000;1,0000000000000000
2021-12-29;alle;43;43,0;43;43;43;43;43;43;43;43;43,0;43;182;182,0;182;182;182;182;182;182;182;182;182,0;182,0;NA;NA;NA;NA;NA;NA;NA;NA;NA;NA;NA
2021-12-28;0-60;21;21,0;21;21;21;21;21;21;21;21;21,0;21;87;87,0;87;87;87;87;87;87;87;87;87,0;87,0;1,000000000000000;1,000000000000000;1,000000000000000;1,000000000000000;1,000000000000000;1,000000000000000;1,000000000000000;1,000000000000000;1,000000000000000;1,0000000000000000;1,0000000000000000
2021-12-28;60+;21;21,0;21;21;21;21;21;21;21;21;21,0;21;94;94,0;94;94;94;94;94;94;94;94;94,0;94,0;1,000000000000000;1,000000000000000;1,000000000000000;1,000000000000000;1,000000000000000;1,000000000000000;1,000000000000000;1,000000000000000;1,000000000000000;1,0000000000000000;1,0000000000000000
2021-12-28;alle;42;42,0;42;42;42;42;42;42;42;42;42,0;42;181;181,0;181;181;181;181;181;181;181;181;181,0;181,0;NA;NA;NA;NA;NA;NA;NA;NA;NA;NA;NA
2021-12-27;0-60;5;5,0;5;5;5;5;5;5;5;5;5,0;5;79;79,0;79;79;79;79;79;79;79;79;79,0;79,0;1,000000000000000;1,000000000000000;1,000000000000000;1,000000000000000;1,000000000000000;1,000000000000000;1,000000000000000;1,000000000000000;1,000000000000000;1,0000000000000000;1,0000000000000000
2021-12-27;60+;6;6,0;6;6;6;6;6;6;6;6;6,0;6;101;101,0;101;101;101;101;101;101;101;101;101,0;101,0;1,000000000000000;1,000000000000000;1,000000000000000;1,000000000000000;1,000000000000000;1,000000000000000;1,000000000000000;1,000000000000000;1,000000000000000;1,0000000000000000;1,0000000000000000
2021-12-27;alle;11;11,0;11;11;11;11;11;11;11;11;11,0;11;180;180,0;180;180;180;180;180;180;180;180;180,0;180,0;NA;NA;NA;NA;NA;NA;NA;NA;NA;NA;NA
2021-12-26;0-60;2;2,0;2;2;2;2;2;2;2;2;2,0;2;74;74,0;74;74;74;74;74;74;74;74;74,0;74,0;1,000000000000000;1,000000000000000;1,000000000000000;1,000000000000000;1,000000000000000;1,000000000000000;1,000000000000000;1,000000000000000;1,000000000000000;1,0000000000000000;1,0000000000000000
2021-12-26;60+;5;5,0;5;5;5;5;5;5;5;5;5,0;5;97;97,0;97;97;97;97;97;97;97;97;97,0;97,0;1,000000000000000;1,000000000000000;1,000000000000000;1,000000000000000;1,000000000000000;1,000000000000000;1,000000000000000;1,000000000000000;1,000000000000000;1,0000000000000000;1,0000000000000000
2021-12-26;alle;7;7,0;7;7;7;7;7;7;7;7;7,0;7;171;171,0;171;171;171;171;171;171;171;171;171,0;171,0;NA;NA;NA;NA;NA;NA;NA;NA;NA;NA;NA
2021-12-25;0-60;5;5,0;5;5;5;5;5;5;5;5;5,0;5;74;74,0;74;74;74;74;74;74;74;74;74,0;74,0;1,000000000000000;1,000000000000000;1,000000000000000;1,000000000000000;1,000000000000000;1,000000000000000;1,000000000000000;1,000000000000000;1,000000000000000;1,0000000000000000;1,0000000000000000
2021-12-25;60+;2;2,0;2;2;2;2;2;2;2;2;2,0;2;94;94,0;94;94;94;94;94;94;94;94;94,0;94,0;1,000000000000000;1,000000000000000;1,000000000000000;1,000000000000000;1,000000000000000;1,000000000000000;1,000000000000000;1,000000000000000;1,000000000000000;1,0000000000000000;1,0000000000000000
2021-12-25;alle;7;7,0;7;7;7;7;7;7;7;7;7,0;7;168;168,0;168;168;168;168;168;168;168;168;168,0;168,0;NA;NA;NA;NA;NA;NA;NA;NA;NA;NA;NA
2021-12-24;0-60;13;13,0;13;13;13;13;13;13;13;13;13,0;13;78;78,0;78;78;78;78;78;78;78;78;78,0;78,0;1,000000000000000;1,000000000000000;1,000000000000000;1,000000000000000;1,000000000000000;1,000000000000000;1,000000000000000;1,000000000000000;1,000000000000000;1,0000000000000000;1,0000000000000000
2021-12-24;60+;12;12,0;12;12;12;12;12;12;12;12;12,0;12;109;109,0;109;109;109;109;109;109;109;109;109,0;109,0;1,000000000000000;1,000000000000000;1,000000000000000;1,000000000000000;1,000000000000000;1,000000000000000;1,000000000000000;1,000000000000000;1,000000000000000;1,0000000000000000;1,0000000000000000
2021-12-24;alle;25;25,0;25;25;25;25;25;25;25;25;25,0;25;187;187,0;187;187;187;187;187;187;187;187;187,0;187,0;NA;NA;NA;NA;NA;NA;NA;NA;NA;NA;NA
2021-12-23;0-60;20;20,0;20;20;20;20;20;20;20;20;20,0;20;82;82,0;82;82;82;82;82;82;82;82;82,0;82,0;1,000000000000000;1,000000000000000;1,000000000000000;1,000000000000000;1,000000000000000;1,000000000000000;1,000000000000000;1,000000000000000;1,000000000000000;1,0000000000000000;1,0000000000000000
2021-12-23;60+;27;27,0;27;27;27;27;27;27;27;27;27,0;27;127;127,0;127;127;127;127;127;127;127;127;127,0;127,0;1,000000000000000;1,000000000000000;1,000000000000000;1,000000000000000;1,000000000000000;1,000000000000000;1,000000000000000;1,000000000000000;1,000000000000000;1,0000000000000000;1,0000000000000000
2021-12-23;alle;47;47,0;47;47;47;47;47;47;47;47;47,0;47;209;209,0;209;209;209;209;209;209;209;209;209,0;209,0;NA;NA;NA;NA;NA;NA;NA;NA;NA;NA;NA
2021-12-22;0-60;21;21,0;21;21;21;21;21;21;21;21;21,0;21;96;96,0;96;96;96;96;96;96;96;96;96,0;96,0;1,000000000000000;1,000000000000000;1,000000000000000;1,000000000000000;1,000000000000000;1,000000000000000;1,000000000000000;1,000000000000000;1,000000000000000;1,0000000000000000;1,0000000000000000
2021-12-22;60+;21;21,0;21;21;21;21;21;21;21;21;21,0;21;118;118,0;118;118;118;118;118;118;118;118;118,0;118,0;1,000000000000000;1,000000000000000;1,000000000000000;1,000000000000000;1,000000000000000;1,000000000000000;1,000000000000000;1,000000000000000;1,000000000000000;1,0000000000000000;1,0000000000000000
2021-12-22;alle;42;42,0;42;42;42;42;42;42;42;42;42,0;42;214;214,0;214;214;214;214;214;214;214;214;214,0;214,0;NA;NA;NA;NA;NA;NA;NA;NA;NA;NA;NA
2021-12-21;0-60;13;13,0;13;13;13;13;13;13;13;13;13,0;13;98;98,0;98;98;98;98;98;98;98;98;98,0;98,0;1,000000000000000;1,000000000000000;1,000000000000000;1,000000000000000;1,000000000000000;1,000000000000000;1,000000000000000;1,000000000000000;1,000000000000000;1,0000000000000000;1,0000000000000000
2021-12-21;60+;28;28,0;28;28;28;28;28;28;28;28;28,0;28;131;131,0;131;131;131;131;131;131;131;131;131,0;131,0;1,000000000000000;1,000000000000000;1,000000000000000;1,000000000000000;1,000000000000000;1,000000000000000;1,000000000000000;1,000000000000000;1,000000000000000;1,0000000000000000;1,0000000000000000
2021-12-21;alle;41;41,0;41;41;41;41;41;41;41;41;41,0;41;229;229,0;229;229;229;229;229;229;229;229;229,0;229,0;NA;NA;NA;NA;NA;NA;NA;NA;NA;NA;NA
2021-12-20;0-60;0;0,0;0;0;0;0;0;0;0;0;0,0;0;121;121,0;121;121;121;121;121;121;121;121;121,0;121,0;1,000000000000000;1,000000000000000;1,000000000000000;1,000000000000000;1,000000000000000;1,000000000000000;1,000000000000000;1,000000000000000;1,000000000000000;1,0000000000000000;1,0000000000000000
2021-12-20;60+;2;2,0;2;2;2;2;2;2;2;2;2,0;2;134;134,0;134;134;134;134;134;134;134;134;134,0;134,0;1,000000000000000;1,000000000000000;1,000000000000000;1,000000000000000;1,000000000000000;1,000000000000000;1,000000000000000;1,000000000000000;1,000000000000000;1,0000000000000000;1,0000000000000000
2021-12-20;alle;2;2,0;2;2;2;2;2;2;2;2;2,0;2;255;255,0;255;255;255;255;255;255;255;255;255,0;255,0;NA;NA;NA;NA;NA;NA;NA;NA;NA;NA;NA
2021-12-19;0-60;2;2,0;2;2;2;2;2;2;2;2;2,0;2;125;125,0;125;125;125;125;125;125;125;125;125,0;125,0;1,000000000000000;1,000000000000000;1,000000000000000;1,000000000000000;1,000000000000000;1,000000000000000;1,000000000000000;1,000000000000000;1,000000000000000;1,0000000000000000;1,0000000000000000
2021-12-19;60+;2;2,0;2;2;2;2;2;2;2;2;2,0;2;139;139,0;139;139;139;139;139;139;139;139;139,0;139,0;1,000000000000000;1,000000000000000;1,000000000000000;1,000000000000000;1,000000000000000;1,000000000000000;1,000000000000000;1,000000000000000;1,000000000000000;1,0000000000000000;1,0000000000000000
2021-12-19;alle;4;4,0;4;4;4;4;4;4;4;4;4,0;4;264;264,0;264;264;264;264;264;264;264;264;264,0;264,0;NA;NA;NA;NA;NA;NA;NA;NA;NA;NA;NA
2021-12-18;0-60;9;9,0;9;9;9;9;9;9;9;9;9,0;9;125;125,0;125;125;125;125;125;125;125;125;125,0;125,0;1,000000000000000;1,000000000000000;1,000000000000000;1,000000000000000;1,000000000000000;1,000000000000000;1,000000000000000;1,000000000000000;1,000000000000000;1,0000000000000000;1,0000000000000000
2021-12-18;60+;17;17,0;17;17;17;17;17;17;17;17;17,0;17;139;139,0;139;139;139;139;139;139;139;139;139,0;139,0;1,000000000000000;1,000000000000000;1,000000000000000;1,000000000000000;1,000000000000000;1,000000000000000;1,000000000000000;1,000000000000000;1,000000000000000;1,0000000000000000;1,0000000000000000
2021-12-18;alle;26;26,0;26;26;26;26;26;26;26;26;26,0;26;264;264,0;264;264;264;264;264;264;264;264;264,0;264,0;NA;NA;NA;NA;NA;NA;NA;NA;NA;NA;NA
2021-12-17;0-60;17;17,0;17;17;17;17;17;17;17;17;17,0;17;128;128,0;128;128;128;128;128;128;128;128;128,0;128,0;1,000000000000000;1,000000000000000;1,000000000000000;1,000000000000000;1,000000000000000;1,000000000000000;1,000000000000000;1,000000000000000;1,000000000000000;1,0000000000000000;1,0000000000000000
2021-12-17;60+;30;30,0;30;30;30;30;30;30;30;30;30,0;30;144;144,0;144;144;144;144;144;144;144;144;144,0;144,0;1,000000000000000;1,000000000000000;1,000000000000000;1,000000000000000;1,000000000000000;1,000000000000000;1,000000000000000;1,000000000000000;1,000000000000000;1,0000000000000000;1,0000000000000000
2021-12-17;alle;47;47,0;47;47;47;47;47;47;47;47;47,0;47;272;272,0;272;272;272;272;272;272;272;272;272,0;272,0;NA;NA;NA;NA;NA;NA;NA;NA;NA;NA;NA
2021-12-16;0-60;34;34,0;34;34;34;34;34;34;34;34;34,0;34;133;133,0;133;133;133;133;133;133;133;133;133,0;133,0;1,000000000000000;1,000000000000000;1,000000000000000;1,000000000000000;1,000000000000000;1,000000000000000;1,000000000000000;1,000000000000000;1,000000000000000;1,0000000000000000;1,0000000000000000
2021-12-16;60+;18;18,0;18;18;18;18;18;18;18;18;18,0;18;149;149,0;149;149;149;149;149;149;149;149;149,0;149,0;1,000000000000000;1,000000000000000;1,000000000000000;1,000000000000000;1,000000000000000;1,000000000000000;1,000000000000000;1,000000000000000;1,000000000000000;1,0000000000000000;1,0000000000000000
2021-12-16;alle;52;52,0;52;52;52;52;52;52;52;52;52,0;52;282;282,0;282;282;282;282;282;282;282;282;282,0;282,0;NA;NA;NA;NA;NA;NA;NA;NA;NA;NA;NA
2021-12-15;0-60;23;23,0;23;23;23;23;23;23;23;23;23,0;23;131;131,0;131;131;131;131;131;131;131;131;131,0;131,0;1,000000000000000;1,000000000000000;1,000000000000000;1,000000000000000;1,000000000000000;1,000000000000000;1,000000000000000;1,000000000000000;1,000000000000000;1,0000000000000000;1,0000000000000000
2021-12-15;60+;34;34,0;34;34;34;34;34;34;34;34;34,0;34;176;176,0;176;176;176;176;176;176;176;176;176,0;176,0;1,000000000000000;1,000000000000000;1,000000000000000;1,000000000000000;1,000000000000000;1,000000000000000;1,000000000000000;1,000000000000000;1,000000000000000;1,0000000000000000;1,0000000000000000
2021-12-15;alle;57;57,0;57;57;57;57;57;57;57;57;57,0;57;307;307,0;307;307;307;307;307;307;307;307;307,0;307,0;NA;NA;NA;NA;NA;NA;NA;NA;NA;NA;NA
2021-12-14;0-60;36;36,0;36;36;36;36;36;36;36;36;36,0;36;124;124,0;124;124;124;124;124;124;124;124;124,0;124,0;1,000000000000000;1,000000000000000;1,000000000000000;1,000000000000000;1,000000000000000;1,000000000000000;1,000000000000000;1,000000000000000;1,000000000000000;1,0000000000000000;1,0000000000000000
2021-12-14;60+;31;31,0;31;31;31;31;31;31;31;31;31,0;31;177;177,0;177;177;177;177;177;177;177;177;177,0;177,0;1,000000000000000;1,000000000000000;1,000000000000000;1,000000000000000;1,000000000000000;1,000000000000000;1,000000000000000;1,000000000000000;1,000000000000000;1,0000000000000000;1,0000000000000000
2021-12-14;alle;67;67,0;67;67;67;67;67;67;67;67;67,0;67;301;301,0;301;301;301;301;301;301;301;301;301,0;301,0;NA;NA;NA;NA;NA;NA;NA;NA;NA;NA;NA
2021-12-13;0-60;4;4,0;4;4;4;4;4;4;4;4;4,0;4;108;108,0;108;108;108;108;108;108;108;108;108,0;108,0;1,000000000000000;1,000000000000000;1,000000000000000;1,000000000000000;1,000000000000000;1,000000000000000;1,000000000000000;1,000000000000000;1,000000000000000;1,0000000000000000;1,0000000000000000
2021-12-13;60+;7;7,0;7;7;7;7;7;7;7;7;7,0;7;183;183,0;183;183;183;183;183;183;183;183;183,0;183,0;1,000000000000000;1,000000000000000;1,000000000000000;1,000000000000000;1,000000000000000;1,000000000000000;1,000000000000000;1,000000000000000;1,000000000000000;1,0000000000000000;1,0000000000000000
2021-12-13;alle;11;11,0;11;11;11;11;11;11;11;11;11,0;11;291;291,0;291;291;291;291;291;291;291;291;291,0;291,0;NA;NA;NA;NA;NA;NA;NA;NA;NA;NA;NA
2021-12-12;0-60;2;2,0;2;2;2;2;2;2;2;2;2,0;2;106;106,0;106;106;106;106;106;106;106;106;106,0;106,0;1,000000000000000;1,000000000000000;1,000000000000000;1,000000000000000;1,000000000000000;1,000000000000000;1,000000000000000;1,000000000000000;1,000000000000000;1,0000000000000000;1,0000000000000000
2021-12-12;60+;2;2,0;2;2;2;2;2;2;2;2;2,0;2;184;184,0;184;184;184;184;184;184;184;184;184,0;184,0;1,000000000000000;1,000000000000000;1,000000000000000;1,000000000000000;1,000000000000000;1,000000000000000;1,000000000000000;1,000000000000000;1,000000000000000;1,0000000000000000;1,0000000000000000
2021-12-12;alle;4;4,0;4;4;4;4;4;4;4;4;4,0;4;290;290,0;290;290;290;290;290;290;290;290;290,0;290,0;NA;NA;NA;NA;NA;NA;NA;NA;NA;NA;NA
2021-12-11;0-60;12;12,0;12;12;12;12;12;12;12;12;12,0;12;106;106,0;106;106;106;106;106;106;106;106;106,0;106,0;1,000000000000000;1,000000000000000;1,000000000000000;1,000000000000000;1,000000000000000;1,000000000000000;1,000000000000000;1,000000000000000;1,000000000000000;1,0000000000000000;1,0000000000000000
2021-12-11;60+;22;22,0;22;22;22;22;22;22;22;22;22,0;22;188;188,0;188;188;188;188;188;188;188;188;188,0;188,0;1,000000000000000;1,000000000000000;1,000000000000000;1,000000000000000;1,000000000000000;1,000000000000000;1,000000000000000;1,000000000000000;1,000000000000000;1,0000000000000000;1,0000000000000000
2021-12-11;alle;34;34,0;34;34;34;34;34;34;34;34;34,0;34;294;294,0;294;294;294;294;294;294;294;294;294,0;294,0;NA;NA;NA;NA;NA;NA;NA;NA;NA;NA;NA
2021-12-10;0-60;22;22,0;22;22;22;22;22;22;22;22;22,0;22;112;112,0;112;112;112;112;112;112;112;112;112,0;112,0;1,000000000000000;1,000000000000000;1,000000000000000;1,000000000000000;1,000000000000000;1,000000000000000;1,000000000000000;1,000000000000000;1,000000000000000;1,0000000000000000;1,0000000000000000
2021-12-10;60+;35;35,0;35;35;35;35;35;35;35;35;35,0;35;191;191,0;191;191;191;191;191;191;191;191;191,0;191,0;1,000000000000000;1,000000000000000;1,000000000000000;1,000000000000000;1,000000000000000;1,000000000000000;1,000000000000000;1,000000000000000;1,000000000000000;1,0000000000000000;1,0000000000000000
2021-12-10;alle;57;57,0;57;57;57;57;57;57;57;57;57,0;57;303;303,0;303;303;303;303;303;303;303;303;303,0;303,0;NA;NA;NA;NA;NA;NA;NA;NA;NA;NA;NA
2021-12-09;0-60;32;32,0;32;32;32;32;32;32;32;32;32,0;32;96;96,0;96;96;96;96;96;96;96;96;96,0;96,0;1,000000000000000;1,000000000000000;1,000000000000000;1,000000000000000;1,000000000000000;1,000000000000000;1,000000000000000;1,000000000000000;1,000000000000000;1,0000000000000000;1,0000000000000000
2021-12-09;60+;45;45,0;45;45;45;45;45;45;45;45;45,0;45;181;181,0;181;181;181;181;181;181;181;181;181,0;181,0;1,000000000000000;1,000000000000000;1,000000000000000;1,000000000000000;1,000000000000000;1,000000000000000;1,000000000000000;1,000000000000000;1,000000000000000;1,0000000000000000;1,0000000000000000
2021-12-09;alle;77;77,0;77;77;77;77;77;77;77;77;77,0;77;277;277,0;277;277;277;277;277;277;277;277;277,0;277,0;NA;NA;NA;NA;NA;NA;NA;NA;NA;NA;NA
2021-12-08;0-60;16;16,0;16;16;16;16;16;16;16;16;16,0;16;81;81,0;81;81;81;81;81;81;81;81;81,0;81,0;1,000000000000000;1,000000000000000;1,000000000000000;1,000000000000000;1,000000000000000;1,000000000000000;1,000000000000000;1,000000000000000;1,000000000000000;1,0000000000000000;1,0000000000000000
2021-12-08;60+;35;35,0;35;35;35;35;35;35;35;35;35,0;35;162;162,0;162;162;162;162;162;162;162;162;162,0;162,0;1,000000000000000;1,000000000000000;1,000000000000000;1,000000000000000;1,000000000000000;1,000000000000000;1,000000000000000;1,000000000000000;1,000000000000000;1,0000000000000000;1,0000000000000000
2021-12-08;alle;51;51,0;51;51;51;51;51;51;51;51;51,0;51;243;243,0;243;243;243;243;243;243;243;243;243,0;243,0;NA;NA;NA;NA;NA;NA;NA;NA;NA;NA;NA
2021-12-07;0-60;20;20,0;20;20;20;20;20;20;20;20;20,0;20;88;88,0;88;88;88;88;88;88;88;88;88,0;88,0;1,000000000000000;1,000000000000000;1,000000000000000;1,000000000000000;1,000000000000000;1,000000000000000;1,000000000000000;1,000000000000000;1,000000000000000;1,0000000000000000;1,0000000000000000
2021-12-07;60+;37;37,0;37;37;37;37;37;37;37;37;37,0;37;150;150,0;150;150;150;150;150;150;150;150;150,0;150,0;1,000000000000000;1,000000000000000;1,000000000000000;1,000000000000000;1,000000000000000;1,000000000000000;1,000000000000000;1,000000000000000;1,000000000000000;1,0000000000000000;1,0000000000000000
2021-12-07;alle;57;57,0;57;57;57;57;57;57;57;57;57,0;57;238;238,0;238;238;238;238;238;238;238;238;238,0;238,0;NA;NA;NA;NA;NA;NA;NA;NA;NA;NA;NA
2021-12-06;0-60;2;2,0;2;2;2;2;2;2;2;2;2,0;2;109;109,0;109;109;109;109;109;109;109;109;109,0;109,0;1,000000000000000;1,000000000000000;1,000000000000000;1,000000000000000;1,000000000000000;1,000000000000000;1,000000000000000;1,000000000000000;1,000000000000000;1,0000000000000000;1,0000000000000000
2021-12-06;60+;8;8,0;8;8;8;8;8;8;8;8;8,0;8;157;157,0;157;157;157;157;157;157;157;157;157,0;157,0;1,000000000000000;1,000000000000000;1,000000000000000;1,000000000000000;1,000000000000000;1,000000000000000;1,000000000000000;1,000000000000000;1,000000000000000;1,0000000000000000;1,0000000000000000
2021-12-06;alle;10;10,0;10;10;10;10;10;10;10;10;10,0;10;266;266,0;266;266;266;266;266;266;266;266;266,0;266,0;NA;NA;NA;NA;NA;NA;NA;NA;NA;NA;NA
2021-12-05;0-60;2;2,0;2;2;2;2;2;2;2;2;2,0;2;117;117,0;117;117;117;117;117;117;117;117;117,0;117,0;1,000000000000000;1,000000000000000;1,000000000000000;1,000000000000000;1,000000000000000;1,000000000000000;1,000000000000000;1,000000000000000;1,000000000000000;1,0000000000000000;1,0000000000000000
2021-12-05;60+;6;6,0;6;6;6;6;6;6;6;6;6,0;6;154;154,0;154;154;154;154;154;154;154;154;154,0;154,0;1,000000000000000;1,000000000000000;1,000000000000000;1,000000000000000;1,000000000000000;1,000000000000000;1,000000000000000;1,000000000000000;1,000000000000000;1,0000000000000000;1,0000000000000000
2021-12-05;alle;8;8,0;8;8;8;8;8;8;8;8;8,0;8;271;271,0;271;271;271;271;271;271;271;271;271,0;271,0;NA;NA;NA;NA;NA;NA;NA;NA;NA;NA;NA
2021-12-04;0-60;18;18,0;18;18;18;18;18;18;18;18;18,0;18;120;120,0;120;120;120;120;120;120;120;120;120,0;120,0;1,000000000000000;1,000000000000000;1,000000000000000;1,000000000000000;1,000000000000000;1,000000000000000;1,000000000000000;1,000000000000000;1,000000000000000;1,0000000000000000;1,0000000000000000
2021-12-04;60+;25;25,0;25;25;25;25;25;25;25;25;25,0;25;152;152,0;152;152;152;152;152;152;152;152;152,0;152,0;1,000000000000000;1,000000000000000;1,000000000000000;1,000000000000000;1,000000000000000;1,000000000000000;1,000000000000000;1,000000000000000;1,000000000000000;1,0000000000000000;1,0000000000000000
2021-12-04;alle;43;43,0;43;43;43;43;43;43;43;43;43,0;43;272;272,0;272;272;272;272;272;272;272;272;272,0;272,0;NA;NA;NA;NA;NA;NA;NA;NA;NA;NA;NA
2021-12-03;0-60;6;6,0;6;6;6;6;6;6;6;6;6,0;6;126;126,0;126;126;126;126;126;126;126;126;126,0;126,0;1,000000000000000;1,000000000000000;1,000000000000000;1,000000000000000;1,000000000000000;1,000000000000000;1,000000000000000;1,000000000000000;1,000000000000000;1,0000000000000000;1,0000000000000000
2021-12-03;60+;25;25,0;25;25;25;25;25;25;25;25;25,0;25;148;148,0;148;148;148;148;148;148;148;148;148,0;148,0;1,000000000000000;1,000000000000000;1,000000000000000;1,000000000000000;1,000000000000000;1,000000000000000;1,000000000000000;1,000000000000000;1,000000000000000;1,0000000000000000;1,0000000000000000
2021-12-03;alle;31;31,0;31;31;31;31;31;31;31;31;31,0;31;274;274,0;274;274;274;274;274;274;274;274;274,0;274,0;NA;NA;NA;NA;NA;NA;NA;NA;NA;NA;NA
2021-12-02;0-60;17;17,0;17;17;17;17;17;17;17;17;17,0;17;139;139,0;139;139;139;139;139;139;139;139;139,0;139,0;1,000000000000000;1,000000000000000;1,000000000000000;1,000000000000000;1,000000000000000;1,000000000000000;1,000000000000000;1,000000000000000;1,000000000000000;1,0000000000000000;1,0000000000000000
2021-12-02;60+;26;26,0;26;26;26;26;26;26;26;26;26,0;26;145;145,0;145;145;145;145;145;145;145;145;145,0;145,0;1,000000000000000;1,000000000000000;1,000000000000000;1,000000000000000;1,000000000000000;1,000000000000000;1,000000000000000;1,000000000000000;1,000000000000000;1,0000000000000000;1,0000000000000000
2021-12-02;alle;43;43,0;43;43;43;43;43;43;43;43;43,0;43;284;284,0;284;284;284;284;284;284;284;284;284,0;284,0;NA;NA;NA;NA;NA;NA;NA;NA;NA;NA;NA
2021-12-01;0-60;23;23,0;23;23;23;23;23;23;23;23;23,0;23;143;143,0;143;143;143;143;143;143;143;143;143,0;143,0;1,000000000000000;1,000000000000000;1,000000000000000;1,000000000000000;1,000000000000000;1,000000000000000;1,000000000000000;1,000000000000000;1,000000000000000;1,0000000000000000;1,0000000000000000
2021-12-01;60+;23;23,0;23;23;23;23;23;23;23;23;23,0;23;149;149,0;149;149;149;149;149;149;149;149;149,0;149,0;1,000000000000000;1,000000000000000;1,000000000000000;1,000000000000000;1,000000000000000;1,000000000000000;1,000000000000000;1,000000000000000;1,000000000000000;1,0000000000000000;1,0000000000000000
2021-12-01;alle;46;46,0;46;46;46;46;46;46;46;46;46,0;46;292;292,0;292;292;292;292;292;292;292;292;292,0;292,0;NA;NA;NA;NA;NA;NA;NA;NA;NA;NA;NA
2021-11-30;0-60;41;41,0;41;41;41;41;41;41;41;41;41,0;41;143;143,0;143;143;143;143;143;143;143;143;143,0;143,0;1,000000000000000;1,000000000000000;1,000000000000000;1,000000000000000;1,000000000000000;1,000000000000000;1,000000000000000;1,000000000000000;1,000000000000000;1,0000000000000000;1,0000000000000000
2021-11-30;60+;44;44,0;44;44;44;44;44;44;44;44;44,0;44;160;160,0;160;160;160;160;160;160;160;160;160,0;160,0;1,000000000000000;1,000000000000000;1,000000000000000;1,000000000000000;1,000000000000000;1,000000000000000;1,000000000000000;1,000000000000000;1,000000000000000;1,0000000000000000;1,0000000000000000
2021-11-30;alle;85;85,0;85;85;85;85;85;85;85;85;85,0;85;303;303,0;303;303;303;303;303;303;303;303;303,0;303,0;NA;NA;NA;NA;NA;NA;NA;NA;NA;NA;NA
2021-11-29;0-60;10;10,0;10;10;10;10;10;10;10;10;10,0;10;128;128,0;128;128;128;128;128;128;128;128;128,0;128,0;1,000000000000000;1,000000000000000;1,000000000000000;1,000000000000000;1,000000000000000;1,000000000000000;1,000000000000000;1,000000000000000;1,000000000000000;1,0000000000000000;1,0000000000000000
2021-11-29;60+;5;5,0;5;5;5;5;5;5;5;5;5,0;5;148;148,0;148;148;148;148;148;148;148;148;148,0;148,0;1,000000000000000;1,000000000000000;1,000000000000000;1,000000000000000;1,000000000000000;1,000000000000000;1,000000000000000;1,000000000000000;1,000000000000000;1,0000000000000000;1,0000000000000000
2021-11-29;alle;15;15,0;15;15;15;15;15;15;15;15;15,0;15;276;276,0;276;276;276;276;276;276;276;276;276,0;276,0;NA;NA;NA;NA;NA;NA;NA;NA;NA;NA;NA
2021-11-28;0-60;5;5,0;5;5;5;5;5;5;5;5;5,0;5;124;124,0;124;124;124;124;124;124;124;124;124,0;124,0;1,000000000000000;1,000000000000000;1,000000000000000;1,000000000000000;1,000000000000000;1,000000000000000;1,000000000000000;1,000000000000000;1,000000000000000;1,0000000000000000;1,0000000000000000
2021-11-28;60+;4;4,0;4;4;4;4;4;4;4;4;4,0;4;147;147,0;147;147;147;147;147;147;147;147;147,0;147,0;1,000000000000000;1,000000000000000;1,000000000000000;1,000000000000000;1,000000000000000;1,000000000000000;1,000000000000000;1,000000000000000;1,000000000000000;1,0000000000000000;1,0000000000000000
2021-11-28;alle;9;9,0;9;9;9;9;9;9;9;9;9,0;9;271;271,0;271;271;271;271;271;271;271;271;271,0;271,0;NA;NA;NA;NA;NA;NA;NA;NA;NA;NA;NA
2021-11-27;0-60;24;24,0;24;24;24;24;24;24;24;24;24,0;24;123;123,0;123;123;123;123;123;123;123;123;123,0;123,0;1,000000000000000;1,000000000000000;1,000000000000000;1,000000000000000;1,000000000000000;1,000000000000000;1,000000000000000;1,000000000000000;1,000000000000000;1,0000000000000000;1,0000000000000000
2021-11-27;60+;21;21,0;21;21;21;21;21;21;21;21;21,0;21;144;144,0;144;144;144;144;144;144;144;144;144,0;144,0;1,000000000000000;1,000000000000000;1,000000000000000;1,000000000000000;1,000000000000000;1,000000000000000;1,000000000000000;1,000000000000000;1,000000000000000;1,0000000000000000;1,0000000000000000
2021-11-27;alle;45;45,0;45;45;45;45;45;45;45;45;45,0;45;267;267,0;267;267;267;267;267;267;267;267;267,0;267,0;NA;NA;NA;NA;NA;NA;NA;NA;NA;NA;NA
2021-11-26;0-60;19;19,0;19;19;19;19;19;19;19;19;19,0;19;119;119,0;119;119;119;119;119;119;119;119;119,0;119,0;1,000000000000000;1,000000000000000;1,000000000000000;1,000000000000000;1,000000000000000;1,000000000000000;1,000000000000000;1,000000000000000;1,000000000000000;1,0000000000000000;1,0000000000000000
2021-11-26;60+;22;22,0;22;22;22;22;22;22;22;22;22,0;22;142;142,0;142;142;142;142;142;142;142;142;142,0;142,0;1,000000000000000;1,000000000000000;1,000000000000000;1,000000000000000;1,000000000000000;1,000000000000000;1,000000000000000;1,000000000000000;1,000000000000000;1,0000000000000000;1,0000000000000000
2021-11-26;alle;41;41,0;41;41;41;41;41;41;41;41;41,0;41;261;261,0;261;261;261;261;261;261;261;261;261,0;261,0;NA;NA;NA;NA;NA;NA;NA;NA;NA;NA;NA
2021-11-25;0-60;21;21,0;21;21;21;21;21;21;21;21;21,0;21;116;116,0;116;116;116;116;116;116;116;116;116,0;116,0;1,000000000000000;1,000000000000000;1,000000000000000;1,000000000000000;1,000000000000000;1,000000000000000;1,000000000000000;1,000000000000000;1,000000000000000;1,0000000000000000;1,0000000000000000
2021-11-25;60+;30;30,0;30;30;30;30;30;30;30;30;30,0;30;145;145,0;145;145;145;145;145;145;145;145;145,0;145,0;1,000000000000000;1,000000000000000;1,000000000000000;1,000000000000000;1,000000000000000;1,000000000000000;1,000000000000000;1,000000000000000;1,000000000000000;1,0000000000000000;1,0000000000000000
2021-11-25;alle;51;51,0;51;51;51;51;51;51;51;51;51,0;51;261;261,0;261;261;261;261;261;261;261;261;261,0;261,0;NA;NA;NA;NA;NA;NA;NA;NA;NA;NA;NA
2021-11-24;0-60;23;23,0;23;23;23;23;23;23;23;23;23,0;23;117;117,0;117;117;117;117;117;117;117;117;117,0;117,0;1,000000000000000;1,000000000000000;1,000000000000000;1,000000000000000;1,000000000000000;1,000000000000000;1,000000000000000;1,000000000000000;1,000000000000000;1,0000000000000000;1,0000000000000000
2021-11-24;60+;34;34,0;34;34;34;34;34;34;34;34;34,0;34;145;145,0;145;145;145;145;145;145;145;145;145,0;145,0;1,000000000000000;1,000000000000000;1,000000000000000;1,000000000000000;1,000000000000000;1,000000000000000;1,000000000000000;1,000000000000000;1,000000000000000;1,0000000000000000;1,0000000000000000
2021-11-24;alle;57;57,0;57;57;57;57;57;57;57;57;57,0;57;262;262,0;262;262;262;262;262;262;262;262;262,0;262,0;NA;NA;NA;NA;NA;NA;NA;NA;NA;NA;NA
2021-11-23;0-60;26;26,0;26;26;26;26;26;26;26;26;26,0;26;124;124,0;124;124;124;124;124;124;124;124;124,0;124,0;1,000000000000000;1,000000000000000;1,000000000000000;1,000000000000000;1,000000000000000;1,000000000000000;1,000000000000000;1,000000000000000;1,000000000000000;1,0000000000000000;1,0000000000000000
2021-11-23;60+;32;32,0;32;32;32;32;32;32;32;32;32,0;32;148;148,0;148;148;148;148;148;148;148;148;148,0;148,0;1,000000000000000;1,000000000000000;1,000000000000000;1,000000000000000;1,000000000000000;1,000000000000000;1,000000000000000;1,000000000000000;1,000000000000000;1,0000000000000000;1,0000000000000000
2021-11-23;alle;58;58,0;58;58;58;58;58;58;58;58;58,0;58;272;272,0;272;272;272;272;272;272;272;272;272,0;272,0;NA;NA;NA;NA;NA;NA;NA;NA;NA;NA;NA
2021-11-22;0-60;6;6,0;6;6;6;6;6;6;6;6;6,0;6;111;111,0;111;111;111;111;111;111;111;111;111,0;111,0;1,000000000000000;1,000000000000000;1,000000000000000;1,000000000000000;1,000000000000000;1,000000000000000;1,000000000000000;1,000000000000000;1,000000000000000;1,0000000000000000;1,0000000000000000
2021-11-22;60+;4;4,0;4;4;4;4;4;4;4;4;4,0;4;152;152,0;152;152;152;152;152;152;152;152;152,0;152,0;1,000000000000000;1,000000000000000;1,000000000000000;1,000000000000000;1,000000000000000;1,000000000000000;1,000000000000000;1,000000000000000;1,000000000000000;1,0000000000000000;1,0000000000000000
2021-11-22;alle;10;10,0;10;10;10;10;10;10;10;10;10,0;10;263;263,0;263;263;263;263;263;263;263;263;263,0;263,0;NA;NA;NA;NA;NA;NA;NA;NA;NA;NA;NA
2021-11-21;0-60;4;4,0;4;4;4;4;4;4;4;4;4,0;4;110;110,0;110;110;110;110;110;110;110;110;110,0;110,0;1,000000000000000;1,000000000000000;1,000000000000000;1,000000000000000;1,000000000000000;1,000000000000000;1,000000000000000;1,000000000000000;1,000000000000000;1,0000000000000000;1,0000000000000000
2021-11-21;60+;1;1,0;1;1;1;1;1;1;1;1;1,0;1;153;153,0;153;153;153;153;153;153;153;153;153,0;153,0;1,000000000000000;1,000000000000000;1,000000000000000;1,000000000000000;1,000000000000000;1,000000000000000;1,000000000000000;1,000000000000000;1,000000000000000;1,0000000000000000;1,0000000000000000
2021-11-21;alle;5;5,0;5;5;5;5;5;5;5;5;5,0;5;263;263,0;263;263;263;263;263;263;263;263;263,0;263,0;NA;NA;NA;NA;NA;NA;NA;NA;NA;NA;NA
2021-11-20;0-60;20;20,0;20;20;20;20;20;20;20;20;20,0;20;110;110,0;110;110;110;110;110;110;110;110;110,0;110,0;1,000000000000000;1,000000000000000;1,000000000000000;1,000000000000000;1,000000000000000;1,000000000000000;1,000000000000000;1,000000000000000;1,000000000000000;1,0000000000000000;1,0000000000000000
2021-11-20;60+;19;19,0;19;19;19;19;19;19;19;19;19,0;19;155;155,0;155;155;155;155;155;155;155;155;155,0;155,0;1,000000000000000;1,000000000000000;1,000000000000000;1,000000000000000;1,000000000000000;1,000000000000000;1,000000000000000;1,000000000000000;1,000000000000000;1,0000000000000000;1,0000000000000000
2021-11-20;alle;39;39,0;39;39;39;39;39;39;39;39;39,0;39;265;265,0;265;265;265;265;265;265;265;265;265,0;265,0;NA;NA;NA;NA;NA;NA;NA;NA;NA;NA;NA
2021-11-19;0-60;16;16,0;16;16;16;16;16;16;16;16;16,0;16;108;108,0;108;108;108;108;108;108;108;108;108,0;108,0;1,000000000000000;1,000000000000000;1,000000000000000;1,000000000000000;1,000000000000000;1,000000000000000;1,000000000000000;1,000000000000000;1,000000000000000;1,0000000000000000;1,0000000000000000
2021-11-19;60+;25;25,0;25;25;25;25;25;25;25;25;25,0;25;164;164,0;164;164;164;164;164;164;164;164;164,0;164,0;1,000000000000000;1,000000000000000;1,000000000000000;1,000000000000000;1,000000000000000;1,000000000000000;1,000000000000000;1,000000000000000;1,000000000000000;1,0000000000000000;1,0000000000000000
2021-11-19;alle;41;41,0;41;41;41;41;41;41;41;41;41,0;41;272;272,0;272;272;272;272;272;272;272;272;272,0;272,0;NA;NA;NA;NA;NA;NA;NA;NA;NA;NA;NA
2021-11-18;0-60;22;22,0;22;22;22;22;22;22;22;22;22,0;22;107;107,0;107;107;107;107;107;107;107;107;107,0;107,0;1,000000000000000;1,000000000000000;1,000000000000000;1,000000000000000;1,000000000000000;1,000000000000000;1,000000000000000;1,000000000000000;1,000000000000000;1,0000000000000000;1,0000000000000000
2021-11-18;60+;30;30,0;30;30;30;30;30;30;30;30;30,0;30;169;169,0;169;169;169;169;169;169;169;169;169,0;169,0;1,000000000000000;1,000000000000000;1,000000000000000;1,000000000000000;1,000000000000000;1,000000000000000;1,000000000000000;1,000000000000000;1,000000000000000;1,0000000000000000;1,0000000000000000
2021-11-18;alle;52;52,0;52;52;52;52;52;52;52;52;52,0;52;276;276,0;276;276;276;276;276;276;276;276;276,0;276,0;NA;NA;NA;NA;NA;NA;NA;NA;NA;NA;NA
2021-11-17;0-60;30;30,0;30;30;30;30;30;30;30;30;30,0;30;102;102,0;102;102;102;102;102;102;102;102;102,0;102,0;1,000000000000000;1,000000000000000;1,000000000000000;1,000000000000000;1,000000000000000;1,000000000000000;1,000000000000000;1,000000000000000;1,000000000000000;1,0000000000000000;1,0000000000000000
2021-11-17;60+;37;37,0;37;37;37;37;37;37;37;37;37,0;37;168;168,0;168;168;168;168;168;168;168;168;168,0;168,0;1,000000000000000;1,000000000000000;1,000000000000000;1,000000000000000;1,000000000000000;1,000000000000000;1,000000000000000;1,000000000000000;1,000000000000000;1,0000000000000000;1,0000000000000000
2021-11-17;alle;67;67,0;67;67;67;67;67;67;67;67;67,0;67;270;270,0;270;270;270;270;270;270;270;270;270,0;270,0;NA;NA;NA;NA;NA;NA;NA;NA;NA;NA;NA
2021-11-16;0-60;13;13,0;13;13;13;13;13;13;13;13;13,0;13;89;89,0;89;89;89;89;89;89;89;89;89,0;89,0;1,000000000000000;1,000000000000000;1,000000000000000;1,000000000000000;1,000000000000000;1,000000000000000;1,000000000000000;1,000000000000000;1,000000000000000;1,0000000000000000;1,0000000000000000
2021-11-16;60+;36;36,0;36;36;36;36;36;36;36;36;36,0;36;161;161,0;161;161;161;161;161;161;161;161;161,0;161,0;1,000000000000000;1,000000000000000;1,000000000000000;1,000000000000000;1,000000000000000;1,000000000000000;1,000000000000000;1,000000000000000;1,000000000000000;1,0000000000000000;1,0000000000000000
2021-11-16;alle;49;49,0;49;49;49;49;49;49;49;49;49,0;49;250;250,0;250;250;250;250;250;250;250;250;250,0;250,0;NA;NA;NA;NA;NA;NA;NA;NA;NA;NA;NA
2021-11-15;0-60;5;5,0;5;5;5;5;5;5;5;5;5,0;5;93;93,0;93;93;93;93;93;93;93;93;93,0;93,0;1,000000000000000;1,000000000000000;1,000000000000000;1,000000000000000;1,000000000000000;1,000000000000000;1,000000000000000;1,000000000000000;1,000000000000000;1,0000000000000000;1,0000000000000000
2021-11-15;60+;5;5,0;5;5;5;5;5;5;5;5;5,0;5;170;170,0;170;170;170;170;170;170;170;170;170,0;170,0;1,000000000000000;1,000000000000000;1,000000000000000;1,000000000000000;1,000000000000000;1,000000000000000;1,000000000000000;1,000000000000000;1,000000000000000;1,0000000000000000;1,0000000000000000
2021-11-15;alle;10;10,0;10;10;10;10;10;10;10;10;10,0;10;263;263,0;263;263;263;263;263;263;263;263;263,0;263,0;NA;NA;NA;NA;NA;NA;NA;NA;NA;NA;NA
2021-11-14;0-60;4;4,0;4;4;4;4;4;4;4;4;4,0;4;91;91,0;91;91;91;91;91;91;91;91;91,0;91,0;1,000000000000000;1,000000000000000;1,000000000000000;1,000000000000000;1,000000000000000;1,000000000000000;1,000000000000000;1,000000000000000;1,000000000000000;1,0000000000000000;1,0000000000000000
2021-11-14;60+;3;3,0;3;3;3;3;3;3;3;3;3,0;3;165;165,0;165;165;165;165;165;165;165;165;165,0;165,0;1,000000000000000;1,000000000000000;1,000000000000000;1,000000000000000;1,000000000000000;1,000000000000000;1,000000000000000;1,000000000000000;1,000000000000000;1,0000000000000000;1,0000000000000000
2021-11-14;alle;7;7,0;7;7;7;7;7;7;7;7;7,0;7;256;256,0;256;256;256;256;256;256;256;256;256,0;256,0;NA;NA;NA;NA;NA;NA;NA;NA;NA;NA;NA
2021-11-13;0-60;18;18,0;18;18;18;18;18;18;18;18;18,0;18;87;87,0;87;87;87;87;87;87;87;87;87,0;87,0;1,000000000000000;1,000000000000000;1,000000000000000;1,000000000000000;1,000000000000000;1,000000000000000;1,000000000000000;1,000000000000000;1,000000000000000;1,0000000000000000;1,0000000000000000
2021-11-13;60+;28;28,0;28;28;28;28;28;28;28;28;28,0;28;164;164,0;164;164;164;164;164;164;164;164;164,0;164,0;1,000000000000000;1,000000000000000;1,000000000000000;1,000000000000000;1,000000000000000;1,000000000000000;1,000000000000000;1,000000000000000;1,000000000000000;1,0000000000000000;1,0000000000000000
2021-11-13;alle;46;46,0;46;46;46;46;46;46;46;46;46,0;46;251;251,0;251;251;251;251;251;251;251;251;251,0;251,0;NA;NA;NA;NA;NA;NA;NA;NA;NA;NA;NA
2021-11-12;0-60;15;15,0;15;15;15;15;15;15;15;15;15,0;15;88;88,0;88;88;88;88;88;88;88;88;88,0;88,0;1,000000000000000;1,000000000000000;1,000000000000000;1,000000000000000;1,000000000000000;1,000000000000000;1,000000000000000;1,000000000000000;1,000000000000000;1,0000000000000000;1,0000000000000000
2021-11-12;60+;30;30,0;30;30;30;30;30;30;30;30;30,0;30;158;158,0;158;158;158;158;158;158;158;158;158,0;158,0;1,000000000000000;1,000000000000000;1,000000000000000;1,000000000000000;1,000000000000000;1,000000000000000;1,000000000000000;1,000000000000000;1,000000000000000;1,0000000000000000;1,0000000000000000
2021-11-12;alle;45;45,0;45;45;45;45;45;45;45;45;45,0;45;246;246,0;246;246;246;246;246;246;246;246;246,0;246,0;NA;NA;NA;NA;NA;NA;NA;NA;NA;NA;NA
2021-11-11;0-60;17;17,0;17;17;17;17;17;17;17;17;17,0;17;92;92,0;92;92;92;92;92;92;92;92;92,0;92,0;1,000000000000000;1,000000000000000;1,000000000000000;1,000000000000000;1,000000000000000;1,000000000000000;1,000000000000000;1,000000000000000;1,000000000000000;1,0000000000000000;1,0000000000000000
2021-11-11;60+;29;29,0;29;29;29;29;29;29;29;29;29,0;29;148;148,0;148;148;148;148;148;148;148;148;148,0;148,0;1,000000000000000;1,000000000000000;1,000000000000000;1,000000000000000;1,000000000000000;1,000000000000000;1,000000000000000;1,000000000000000;1,000000000000000;1,0000000000000000;1,0000000000000000
2021-11-11;alle;46;46,0;46;46;46;46;46;46;46;46;46,0;46;240;240,0;240;240;240;240;240;240;240;240;240,0;240,0;NA;NA;NA;NA;NA;NA;NA;NA;NA;NA;NA
2021-11-10;0-60;17;17,0;17;17;17;17;17;17;17;17;17,0;17;88;88,0;88;88;88;88;88;88;88;88;88,0;88,0;1,000000000000000;1,000000000000000;1,000000000000000;1,000000000000000;1,000000000000000;1,000000000000000;1,000000000000000;1,000000000000000;1,000000000000000;1,0000000000000000;1,0000000000000000
2021-11-10;60+;30;30,0;30;30;30;30;30;30;30;30;30,0;30;148;148,0;148;148;148;148;148;148;148;148;148,0;148,0;1,000000000000000;1,000000000000000;1,000000000000000;1,000000000000000;1,000000000000000;1,000000000000000;1,000000000000000;1,000000000000000;1,000000000000000;1,0000000000000000;1,0000000000000000
2021-11-10;alle;47;47,0;47;47;47;47;47;47;47;47;47,0;47;236;236,0;236;236;236;236;236;236;236;236;236,0;236,0;NA;NA;NA;NA;NA;NA;NA;NA;NA;NA;NA
2021-11-09;0-60;17;17,0;17;17;17;17;17;17;17;17;17,0;17;82;82,0;82;82;82;82;82;82;82;82;82,0;82,0;1,000000000000000;1,000000000000000;1,000000000000000;1,000000000000000;1,000000000000000;1,000000000000000;1,000000000000000;1,000000000000000;1,000000000000000;1,0000000000000000;1,0000000000000000
2021-11-09;60+;45;45,0;45;45;45;45;45;45;45;45;45,0;45;149;149,0;149;149;149;149;149;149;149;149;149,0;149,0;1,000000000000000;1,000000000000000;1,000000000000000;1,000000000000000;1,000000000000000;1,000000000000000;1,000000000000000;1,000000000000000;1,000000000000000;1,0000000000000000;1,0000000000000000
2021-11-09;alle;62;62,0;62;62;62;62;62;62;62;62;62,0;62;231;231,0;231;231;231;231;231;231;231;231;231,0;231,0;NA;NA;NA;NA;NA;NA;NA;NA;NA;NA;NA
2021-11-08;0-60;3;3,0;3;3;3;3;3;3;3;3;3,0;3;91;91,0;91;91;91;91;91;91;91;91;91,0;91,0;1,000000000000000;1,000000000000000;1,000000000000000;1,000000000000000;1,000000000000000;1,000000000000000;1,000000000000000;1,000000000000000;1,000000000000000;1,0000000000000000;1,0000000000000000
2021-11-08;60+;0;0,0;0;0;0;0;0;0;0;0;0,0;0;140;140,0;140;140;140;140;140;140;140;140;140,0;140,0;1,000000000000000;1,000000000000000;1,000000000000000;1,000000000000000;1,000000000000000;1,000000000000000;1,000000000000000;1,000000000000000;1,000000000000000;1,0000000000000000;1,0000000000000000
2021-11-08;alle;3;3,0;3;3;3;3;3;3;3;3;3,0;3;231;231,0;231;231;231;231;231;231;231;231;231,0;231,0;NA;NA;NA;NA;NA;NA;NA;NA;NA;NA;NA
2021-11-07;0-60;0;0,0;0;0;0;0;0;0;0;0;0,0;0;92;92,0;92;92;92;92;92;92;92;92;92,0;92,0;1,000000000000000;1,000000000000000;1,000000000000000;1,000000000000000;1,000000000000000;1,000000000000000;1,000000000000000;1,000000000000000;1,000000000000000;1,0000000000000000;1,0000000000000000
2021-11-07;60+;2;2,0;2;2;2;2;2;2;2;2;2,0;2;142;142,0;142;142;142;142;142;142;142;142;142,0;142,0;1,000000000000000;1,000000000000000;1,000000000000000;1,000000000000000;1,000000000000000;1,000000000000000;1,000000000000000;1,000000000000000;1,000000000000000;1,0000000000000000;1,0000000000000000
2021-11-07;alle;2;2,0;2;2;2;2;2;2;2;2;2,0;2;234;234,0;234;234;234;234;234;234;234;234;234,0;234,0;NA;NA;NA;NA;NA;NA;NA;NA;NA;NA;NA
2021-11-06;0-60;19;19,0;19;19;19;19;19;19;19;19;19,0;19;95;95,0;95;95;95;95;95;95;95;95;95,0;95,0;1,000000000000000;1,000000000000000;1,000000000000000;1,000000000000000;1,000000000000000;1,000000000000000;1,000000000000000;1,000000000000000;1,000000000000000;1,0000000000000000;1,0000000000000000
2021-11-06;60+;22;22,0;22;22;22;22;22;22;22;22;22,0;22;142;142,0;142;142;142;142;142;142;142;142;142,0;142,0;1,000000000000000;1,000000000000000;1,000000000000000;1,000000000000000;1,000000000000000;1,000000000000000;1,000000000000000;1,000000000000000;1,000000000000000;1,0000000000000000;1,0000000000000000
2021-11-06;alle;41;41,0;41;41;41;41;41;41;41;41;41,0;41;237;237,0;237;237;237;237;237;237;237;237;237,0;237,0;NA;NA;NA;NA;NA;NA;NA;NA;NA;NA;NA
2021-11-05;0-60;19;19,0;19;19;19;19;19;19;19;19;19,0;19;97;97,0;97;97;97;97;97;97;97;97;97,0;97,0;1,000000000000000;1,000000000000000;1,000000000000000;1,000000000000000;1,000000000000000;1,000000000000000;1,000000000000000;1,000000000000000;1,000000000000000;1,0000000000000000;1,0000000000000000
2021-11-05;60+;20;20,0;20;20;20;20;20;20;20;20;20,0;20;150;150,0;150;150;150;150;150;150;150;150;150,0;150,0;1,000000000000000;1,000000000000000;1,000000000000000;1,000000000000000;1,000000000000000;1,000000000000000;1,000000000000000;1,000000000000000;1,000000000000000;1,0000000000000000;1,0000000000000000
2021-11-05;alle;39;39,0;39;39;39;39;39;39;39;39;39,0;39;247;247,0;247;247;247;247;247;247;247;247;247,0;247,0;NA;NA;NA;NA;NA;NA;NA;NA;NA;NA;NA
2021-11-04;0-60;13;13,0;13;13;13;13;13;13;13;13;13,0;13;94;94,0;94;94;94;94;94;94;94;94;94,0;94,0;1,000000000000000;1,000000000000000;1,000000000000000;1,000000000000000;1,000000000000000;1,000000000000000;1,000000000000000;1,000000000000000;1,000000000000000;1,0000000000000000;1,0000000000000000
2021-11-04;60+;29;29,0;29;29;29;29;29;29;29;29;29,0;29;146;146,0;146;146;146;146;146;146;146;146;146,0;146,0;1,000000000000000;1,000000000000000;1,000000000000000;1,000000000000000;1,000000000000000;1,000000000000000;1,000000000000000;1,000000000000000;1,000000000000000;1,0000000000000000;1,0000000000000000
2021-11-04;alle;42;42,0;42;42;42;42;42;42;42;42;42,0;42;240;240,0;240;240;240;240;240;240;240;240;240,0;240,0;NA;NA;NA;NA;NA;NA;NA;NA;NA;NA;NA
2021-11-03;0-60;11;11,0;11;11;11;11;11;11;11;11;11,0;11;103;103,0;103;103;103;103;103;103;103;103;103,0;103,0;1,000000000000000;1,000000000000000;1,000000000000000;1,000000000000000;1,000000000000000;1,000000000000000;1,000000000000000;1,000000000000000;1,000000000000000;1,0000000000000000;1,0000000000000000
2021-11-03;60+;31;31,0;31;31;31;31;31;31;31;31;31,0;31;160;160,0;160;160;160;160;160;160;160;160;160,0;160,0;1,000000000000000;1,000000000000000;1,000000000000000;1,000000000000000;1,000000000000000;1,000000000000000;1,000000000000000;1,000000000000000;1,000000000000000;1,0000000000000000;1,0000000000000000
2021-11-03;alle;42;42,0;42;42;42;42;42;42;42;42;42,0;42;263;263,0;263;263;263;263;263;263;263;263;263,0;263,0;NA;NA;NA;NA;NA;NA;NA;NA;NA;NA;NA
2021-11-02;0-60;26;26,0;26;26;26;26;26;26;26;26;26,0;26;106;106,0;106;106;106;106;106;106;106;106;106,0;106,0;1,000000000000000;1,000000000000000;1,000000000000000;1,000000000000000;1,000000000000000;1,000000000000000;1,000000000000000;1,000000000000000;1,000000000000000;1,0000000000000000;1,0000000000000000
2021-11-02;60+;36;36,0;36;36;36;36;36;36;36;36;36,0;36;151;151,0;151;151;151;151;151;151;151;151;151,0;151,0;1,000000000000000;1,000000000000000;1,000000000000000;1,000000000000000;1,000000000000000;1,000000000000000;1,000000000000000;1,000000000000000;1,000000000000000;1,0000000000000000;1,0000000000000000
2021-11-02;alle;62;62,0;62;62;62;62;62;62;62;62;62,0;62;257;257,0;257;257;257;257;257;257;257;257;257,0;257,0;NA;NA;NA;NA;NA;NA;NA;NA;NA;NA;NA
2021-11-01;0-60;4;4,0;4;4;4;4;4;4;4;4;4,0;4;104;104,0;104;104;104;104;104;104;104;104;104,0;104,0;1,000000000000000;1,000000000000000;1,000000000000000;1,000000000000000;1,000000000000000;1,000000000000000;1,000000000000000;1,000000000000000;1,000000000000000;1,0000000000000000;1,0000000000000000
2021-11-01;60+;2;2,0;2;2;2;2;2;2;2;2;2,0;2;144;144,0;144;144;144;144;144;144;144;144;144,0;144,0;1,000000000000000;1,000000000000000;1,000000000000000;1,000000000000000;1,000000000000000;1,000000000000000;1,000000000000000;1,000000000000000;1,000000000000000;1,0000000000000000;1,0000000000000000
2021-11-01;alle;6;6,0;6;6;6;6;6;6;6;6;6,0;6;248;248,0;248;248;248;248;248;248;248;248;248,0;248,0;NA;NA;NA;NA;NA;NA;NA;NA;NA;NA;NA
2021-10-31;0-60;3;3,0;3;3;3;3;3;3;3;3;3,0;3;100;100,0;100;100;100;100;100;100;100;100;100,0;100,0;1,000000000000000;1,000000000000000;1,000000000000000;1,000000000000000;1,000000000000000;1,000000000000000;1,000000000000000;1,000000000000000;1,000000000000000;1,0000000000000000;1,0000000000000000
2021-10-31;60+;2;2,0;2;2;2;2;2;2;2;2;2,0;2;143;143,0;143;143;143;143;143;143;143;143;143,0;143,0;1,000000000000000;1,000000000000000;1,000000000000000;1,000000000000000;1,000000000000000;1,000000000000000;1,000000000000000;1,000000000000000;1,000000000000000;1,0000000000000000;1,0000000000000000
2021-10-31;alle;5;5,0;5;5;5;5;5;5;5;5;5,0;5;243;243,0;243;243;243;243;243;243;243;243;243,0;243,0;NA;NA;NA;NA;NA;NA;NA;NA;NA;NA;NA
2021-10-30;0-60;21;21,0;21;21;21;21;21;21;21;21;21,0;21;99;99,0;99;99;99;99;99;99;99;99;99,0;99,0;1,000000000000000;1,000000000000000;1,000000000000000;1,000000000000000;1,000000000000000;1,000000000000000;1,000000000000000;1,000000000000000;1,000000000000000;1,0000000000000000;1,0000000000000000
2021-10-30;60+;30;30,0;30;30;30;30;30;30;30;30;30,0;30;146;146,0;146;146;146;146;146;146;146;146;146,0;146,0;1,000000000000000;1,000000000000000;1,000000000000000;1,000000000000000;1,000000000000000;1,000000000000000;1,000000000000000;1,000000000000000;1,000000000000000;1,0000000000000000;1,0000000000000000
2021-10-30;alle;51;51,0;51;51;51;51;51;51;51;51;51,0;51;245;245,0;245;245;245;245;245;245;245;245;245,0;245,0;NA;NA;NA;NA;NA;NA;NA;NA;NA;NA;NA
2021-10-29;0-60;16;16,0;16;16;16;16;16;16;16;16;16,0;16;87;87,0;87;87;87;87;87;87;87;87;87,0;87,0;1,000000000000000;1,000000000000000;1,000000000000000;1,000000000000000;1,000000000000000;1,000000000000000;1,000000000000000;1,000000000000000;1,000000000000000;1,0000000000000000;1,0000000000000000
2021-10-29;60+;16;16,0;16;16;16;16;16;16;16;16;16,0;16;141;141,0;141;141;141;141;141;141;141;141;141,0;141,0;1,000000000000000;1,000000000000000;1,000000000000000;1,000000000000000;1,000000000000000;1,000000000000000;1,000000000000000;1,000000000000000;1,000000000000000;1,0000000000000000;1,0000000000000000
2021-10-29;alle;32;32,0;32;32;32;32;32;32;32;32;32,0;32;228;228,0;228;228;228;228;228;228;228;228;228,0;228,0;NA;NA;NA;NA;NA;NA;NA;NA;NA;NA;NA
2021-10-28;0-60;22;22,0;22;22;22;22;22;22;22;22;22,0;22;84;84,0;84;84;84;84;84;84;84;84;84,0;84,0;1,000000000000000;1,000000000000000;1,000000000000000;1,000000000000000;1,000000000000000;1,000000000000000;1,000000000000000;1,000000000000000;1,000000000000000;1,0000000000000000;1,0000000000000000
2021-10-28;60+;43;43,0;43;43;43;43;43;43;43;43;43,0;43;138;138,0;138;138;138;138;138;138;138;138;138,0;138,0;1,000000000000000;1,000000000000000;1,000000000000000;1,000000000000000;1,000000000000000;1,000000000000000;1,000000000000000;1,000000000000000;1,000000000000000;1,0000000000000000;1,0000000000000000
2021-10-28;alle;65;65,0;65;65;65;65;65;65;65;65;65,0;65;222;222,0;222;222;222;222;222;222;222;222;222,0;222,0;NA;NA;NA;NA;NA;NA;NA;NA;NA;NA;NA
2021-10-27;0-60;14;14,0;14;14;14;14;14;14;14;14;14,0;14;74;74,0;74;74;74;74;74;74;74;74;74,0;74,0;1,000000000000000;1,000000000000000;1,000000000000000;1,000000000000000;1,000000000000000;1,000000000000000;1,000000000000000;1,000000000000000;1,000000000000000;1,0000000000000000;1,0000000000000000
2021-10-27;60+;22;22,0;22;22;22;22;22;22;22;22;22,0;22;124;124,0;124;124;124;124;124;124;124;124;124,0;124,0;1,000000000000000;1,000000000000000;1,000000000000000;1,000000000000000;1,000000000000000;1,000000000000000;1,000000000000000;1,000000000000000;1,000000000000000;1,0000000000000000;1,0000000000000000
2021-10-27;alle;36;36,0;36;36;36;36;36;36;36;36;36,0;36;198;198,0;198;198;198;198;198;198;198;198;198,0;198,0;NA;NA;NA;NA;NA;NA;NA;NA;NA;NA;NA
2021-10-26;0-60;24;24,0;24;24;24;24;24;24;24;24;24,0;24;76;76,0;76;76;76;76;76;76;76;76;76,0;76,0;1,000000000000000;1,000000000000000;1,000000000000000;1,000000000000000;1,000000000000000;1,000000000000000;1,000000000000000;1,000000000000000;1,000000000000000;1,0000000000000000;1,0000000000000000
2021-10-26;60+;29;29,0;29;29;29;29;29;29;29;29;29,0;29;137;137,0;137;137;137;137;137;137;137;137;137,0;137,0;1,000000000000000;1,000000000000000;1,000000000000000;1,000000000000000;1,000000000000000;1,000000000000000;1,000000000000000;1,000000000000000;1,000000000000000;1,0000000000000000;1,0000000000000000
2021-10-26;alle;53;53,0;53;53;53;53;53;53;53;53;53,0;53;213;213,0;213;213;213;213;213;213;213;213;213,0;213,0;NA;NA;NA;NA;NA;NA;NA;NA;NA;NA;NA
2021-10-25;0-60;0;0,0;0;0;0;0;0;0;0;0;0,0;0;73;73,0;73;73;73;73;73;73;73;73;73,0;73,0;1,000000000000000;1,000000000000000;1,000000000000000;1,000000000000000;1,000000000000000;1,000000000000000;1,000000000000000;1,000000000000000;1,000000000000000;1,0000000000000000;1,0000000000000000
2021-10-25;60+;1;1,0;1;1;1;1;1;1;1;1;1,0;1;140;140,0;140;140;140;140;140;140;140;140;140,0;140,0;1,000000000000000;1,000000000000000;1,000000000000000;1,000000000000000;1,000000000000000;1,000000000000000;1,000000000000000;1,000000000000000;1,000000000000000;1,0000000000000000;1,0000000000000000
2021-10-25;alle;1;1,0;1;1;1;1;1;1;1;1;1,0;1;213;213,0;213;213;213;213;213;213;213;213;213,0;213,0;NA;NA;NA;NA;NA;NA;NA;NA;NA;NA;NA
2021-10-24;0-60;2;2,0;2;2;2;2;2;2;2;2;2,0;2;73;73,0;73;73;73;73;73;73;73;73;73,0;73,0;1,000000000000000;1,000000000000000;1,000000000000000;1,000000000000000;1,000000000000000;1,000000000000000;1,000000000000000;1,000000000000000;1,000000000000000;1,0000000000000000;1,0000000000000000
2021-10-24;60+;5;5,0;5;5;5;5;5;5;5;5;5,0;5;139;139,0;139;139;139;139;139;139;139;139;139,0;139,0;1,000000000000000;1,000000000000000;1,000000000000000;1,000000000000000;1,000000000000000;1,000000000000000;1,000000000000000;1,000000000000000;1,000000000000000;1,0000000000000000;1,0000000000000000
2021-10-24;alle;7;7,0;7;7;7;7;7;7;7;7;7,0;7;212;212,0;212;212;212;212;212;212;212;212;212,0;212,0;NA;NA;NA;NA;NA;NA;NA;NA;NA;NA;NA
2021-10-23;0-60;9;9,0;9;9;9;9;9;9;9;9;9,0;9;72;72,0;72;72;72;72;72;72;72;72;72,0;72,0;1,000000000000000;1,000000000000000;1,000000000000000;1,000000000000000;1,000000000000000;1,000000000000000;1,000000000000000;1,000000000000000;1,000000000000000;1,0000000000000000;1,0000000000000000
2021-10-23;60+;25;25,0;25;25;25;25;25;25;25;25;25,0;25;137;137,0;137;137;137;137;137;137;137;137;137,0;137,0;1,000000000000000;1,000000000000000;1,000000000000000;1,000000000000000;1,000000000000000;1,000000000000000;1,000000000000000;1,000000000000000;1,000000000000000;1,0000000000000000;1,0000000000000000
2021-10-23;alle;34;34,0;34;34;34;34;34;34;34;34;34,0;34;209;209,0;209;209;209;209;209;209;209;209;209,0;209,0;NA;NA;NA;NA;NA;NA;NA;NA;NA;NA;NA
2021-10-22;0-60;13;13,0;13;13;13;13;13;13;13;13;13,0;13;75;75,0;75;75;75;75;75;75;75;75;75,0;75,0;1,000000000000000;1,000000000000000;1,000000000000000;1,000000000000000;1,000000000000000;1,000000000000000;1,000000000000000;1,000000000000000;1,000000000000000;1,0000000000000000;1,0000000000000000
2021-10-22;60+;13;13,0;13;13;13;13;13;13;13;13;13,0;13;124;124,0;124;124;124;124;124;124;124;124;124,0;124,0;1,000000000000000;1,000000000000000;1,000000000000000;1,000000000000000;1,000000000000000;1,000000000000000;1,000000000000000;1,000000000000000;1,000000000000000;1,0000000000000000;1,0000000000000000
2021-10-22;alle;26;26,0;26;26;26;26;26;26;26;26;26,0;26;199;199,0;199;199;199;199;199;199;199;199;199,0;199,0;NA;NA;NA;NA;NA;NA;NA;NA;NA;NA;NA
2021-10-21;0-60;12;12,0;12;12;12;12;12;12;12;12;12,0;12;75;75,0;75;75;75;75;75;75;75;75;75,0;75,0;1,000000000000000;1,000000000000000;1,000000000000000;1,000000000000000;1,000000000000000;1,000000000000000;1,000000000000000;1,000000000000000;1,000000000000000;1,0000000000000000;1,0000000000000000
2021-10-21;60+;29;29,0;29;29;29;29;29;29;29;29;29,0;29;120;120,0;120;120;120;120;120;120;120;120;120,0;120,0;1,000000000000000;1,000000000000000;1,000000000000000;1,000000000000000;1,000000000000000;1,000000000000000;1,000000000000000;1,000000000000000;1,000000000000000;1,0000000000000000;1,0000000000000000
2021-10-21;alle;41;41,0;41;41;41;41;41;41;41;41;41,0;41;195;195,0;195;195;195;195;195;195;195;195;195,0;195,0;NA;NA;NA;NA;NA;NA;NA;NA;NA;NA;NA
2021-10-20;0-60;16;16,0;16;16;16;16;16;16;16;16;16,0;16;74;74,0;74;74;74;74;74;74;74;74;74,0;74,0;1,000000000000000;1,000000000000000;1,000000000000000;1,000000000000000;1,000000000000000;1,000000000000000;1,000000000000000;1,000000000000000;1,000000000000000;1,0000000000000000;1,0000000000000000
2021-10-20;60+;35;35,0;35;35;35;35;35;35;35;35;35,0;35;103;103,0;103;103;103;103;103;103;103;103;103,0;103,0;1,000000000000000;1,000000000000000;1,000000000000000;1,000000000000000;1,000000000000000;1,000000000000000;1,000000000000000;1,000000000000000;1,000000000000000;1,0000000000000000;1,0000000000000000
2021-10-20;alle;51;51,0;51;51;51;51;51;51;51;51;51,0;51;177;177,0;177;177;177;177;177;177;177;177;177,0;177,0;NA;NA;NA;NA;NA;NA;NA;NA;NA;NA;NA
2021-10-19;0-60;21;21,0;21;21;21;21;21;21;21;21;21,0;21;70;70,0;70;70;70;70;70;70;70;70;70,0;70,0;1,000000000000000;1,000000000000000;1,000000000000000;1,000000000000000;1,000000000000000;1,000000000000000;1,000000000000000;1,000000000000000;1,000000000000000;1,0000000000000000;1,0000000000000000
2021-10-19;60+;32;32,0;32;32;32;32;32;32;32;32;32,0;32;86;86,0;86;86;86;86;86;86;86;86;86,0;86,0;1,000000000000000;1,000000000000000;1,000000000000000;1,000000000000000;1,000000000000000;1,000000000000000;1,000000000000000;1,000000000000000;1,000000000000000;1,0000000000000000;1,0000000000000000
2021-10-19;alle;53;53,0;53;53;53;53;53;53;53;53;53,0;53;156;156,0;156;156;156;156;156;156;156;156;156,0;156,0;NA;NA;NA;NA;NA;NA;NA;NA;NA;NA;NA
2021-10-18;0-60;0;0,0;0;0;0;0;0;0;0;0;0,0;0;66;66,0;66;66;66;66;66;66;66;66;66,0;66,0;1,000000000000000;1,000000000000000;1,000000000000000;1,000000000000000;1,000000000000000;1,000000000000000;1,000000000000000;1,000000000000000;1,000000000000000;1,0000000000000000;1,0000000000000000
2021-10-18;60+;0;0,0;0;0;0;0;0;0;0;0;0,0;0;71;71,0;71;71;71;71;71;71;71;71;71,0;71,0;1,000000000000000;1,000000000000000;1,000000000000000;1,000000000000000;1,000000000000000;1,000000000000000;1,000000000000000;1,000000000000000;1,000000000000000;1,0000000000000000;1,0000000000000000
2021-10-18;alle;0;0,0;0;0;0;0;0;0;0;0;0,0;0;137;137,0;137;137;137;137;137;137;137;137;137,0;137,0;NA;NA;NA;NA;NA;NA;NA;NA;NA;NA;NA
2021-10-17;0-60;1;1,0;1;1;1;1;1;1;1;1;1,0;1;66;66,0;66;66;66;66;66;66;66;66;66,0;66,0;1,000000000000000;1,000000000000000;1,000000000000000;1,000000000000000;1,000000000000000;1,000000000000000;1,000000000000000;1,000000000000000;1,000000000000000;1,0000000000000000;1,0000000000000000
2021-10-17;60+;3;3,0;3;3;3;3;3;3;3;3;3,0;3;71;71,0;71;71;71;71;71;71;71;71;71,0;71,0;1,000000000000000;1,000000000000000;1,000000000000000;1,000000000000000;1,000000000000000;1,000000000000000;1,000000000000000;1,000000000000000;1,000000000000000;1,0000000000000000;1,0000000000000000
2021-10-17;alle;4;4,0;4;4;4;4;4;4;4;4;4,0;4;137;137,0;137;137;137;137;137;137;137;137;137,0;137,0;NA;NA;NA;NA;NA;NA;NA;NA;NA;NA;NA
2021-10-16;0-60;12;12,0;12;12;12;12;12;12;12;12;12,0;12;68;68,0;68;68;68;68;68;68;68;68;68,0;68,0;1,000000000000000;1,000000000000000;1,000000000000000;1,000000000000000;1,000000000000000;1,000000000000000;1,000000000000000;1,000000000000000;1,000000000000000;1,0000000000000000;1,0000000000000000
2021-10-16;60+;12;12,0;12;12;12;12;12;12;12;12;12,0;12;70;70,0;70;70;70;70;70;70;70;70;70,0;70,0;1,000000000000000;1,000000000000000;1,000000000000000;1,000000000000000;1,000000000000000;1,000000000000000;1,000000000000000;1,000000000000000;1,000000000000000;1,0000000000000000;1,0000000000000000
2021-10-16;alle;24;24,0;24;24;24;24;24;24;24;24;24,0;24;138;138,0;138;138;138;138;138;138;138;138;138,0;138,0;NA;NA;NA;NA;NA;NA;NA;NA;NA;NA;NA
2021-10-15;0-60;13;13,0;13;13;13;13;13;13;13;13;13,0;13;68;68,0;68;68;68;68;68;68;68;68;68,0;68,0;1,000000000000000;1,000000000000000;1,000000000000000;1,000000000000000;1,000000000000000;1,000000000000000;1,000000000000000;1,000000000000000;1,000000000000000;1,0000000000000000;1,0000000000000000
2021-10-15;60+;9;9,0;9;9;9;9;9;9;9;9;9,0;9;70;70,0;70;70;70;70;70;70;70;70;70,0;70,0;1,000000000000000;1,000000000000000;1,000000000000000;1,000000000000000;1,000000000000000;1,000000000000000;1,000000000000000;1,000000000000000;1,000000000000000;1,0000000000000000;1,0000000000000000
2021-10-15;alle;22;22,0;22;22;22;22;22;22;22;22;22,0;22;138;138,0;138;138;138;138;138;138;138;138;138,0;138,0;NA;NA;NA;NA;NA;NA;NA;NA;NA;NA;NA
2021-10-14;0-60;11;11,0;11;11;11;11;11;11;11;11;11,0;11;73;73,0;73;73;73;73;73;73;73;73;73,0;73,0;1,000000000000000;1,000000000000000;1,000000000000000;1,000000000000000;1,000000000000000;1,000000000000000;1,000000000000000;1,000000000000000;1,000000000000000;1,0000000000000000;1,0000000000000000
2021-10-14;60+;12;12,0;12;12;12;12;12;12;12;12;12,0;12;72;72,0;72;72;72;72;72;72;72;72;72,0;72,0;1,000000000000000;1,000000000000000;1,000000000000000;1,000000000000000;1,000000000000000;1,000000000000000;1,000000000000000;1,000000000000000;1,000000000000000;1,0000000000000000;1,0000000000000000
2021-10-14;alle;23;23,0;23;23;23;23;23;23;23;23;23,0;23;145;145,0;145;145;145;145;145;145;145;145;145,0;145,0;NA;NA;NA;NA;NA;NA;NA;NA;NA;NA;NA
2021-10-13;0-60;12;12,0;12;12;12;12;12;12;12;12;12,0;12;77;77,0;77;77;77;77;77;77;77;77;77,0;77,0;1,000000000000000;1,000000000000000;1,000000000000000;1,000000000000000;1,000000000000000;1,000000000000000;1,000000000000000;1,000000000000000;1,000000000000000;1,0000000000000000;1,0000000000000000
2021-10-13;60+;18;18,0;18;18;18;18;18;18;18;18;18,0;18;70;70,0;70;70;70;70;70;70;70;70;70,0;70,0;1,000000000000000;1,000000000000000;1,000000000000000;1,000000000000000;1,000000000000000;1,000000000000000;1,000000000000000;1,000000000000000;1,000000000000000;1,0000000000000000;1,0000000000000000
2021-10-13;alle;30;30,0;30;30;30;30;30;30;30;30;30,0;30;147;147,0;147;147;147;147;147;147;147;147;147,0;147,0;NA;NA;NA;NA;NA;NA;NA;NA;NA;NA;NA
2021-10-12;0-60;17;17,0;17;17;17;17;17;17;17;17;17,0;17;72;72,0;72;72;72;72;72;72;72;72;72,0;72,0;1,000000000000000;1,000000000000000;1,000000000000000;1,000000000000000;1,000000000000000;1,000000000000000;1,000000000000000;1,000000000000000;1,000000000000000;1,0000000000000000;1,0000000000000000
2021-10-12;60+;17;17,0;17;17;17;17;17;17;17;17;17,0;17;61;61,0;61;61;61;61;61;61;61;61;61,0;61,0;1,000000000000000;1,000000000000000;1,000000000000000;1,000000000000000;1,000000000000000;1,000000000000000;1,000000000000000;1,000000000000000;1,000000000000000;1,0000000000000000;1,0000000000000000
2021-10-12;alle;34;34,0;34;34;34;34;34;34;34;34;34,0;34;133;133,0;133;133;133;133;133;133;133;133;133,0;133,0;NA;NA;NA;NA;NA;NA;NA;NA;NA;NA;NA
2021-10-11;0-60;0;0,0;0;0;0;0;0;0;0;0;0,0;0;71;71,0;71;71;71;71;71;71;71;71;71,0;71,0;1,000000000000000;1,000000000000000;1,000000000000000;1,000000000000000;1,000000000000000;1,000000000000000;1,000000000000000;1,000000000000000;1,000000000000000;1,0000000000000000;1,0000000000000000
2021-10-11;60+;0;0,0;0;0;0;0;0;0;0;0;0,0;0;56;56,0;56;56;56;56;56;56;56;56;56,0;56,0;1,000000000000000;1,000000000000000;1,000000000000000;1,000000000000000;1,000000000000000;1,000000000000000;1,000000000000000;1,000000000000000;1,000000000000000;1,0000000000000000;1,0000000000000000
2021-10-11;alle;0;0,0;0;0;0;0;0;0;0;0;0,0;0;127;127,0;127;127;127;127;127;127;127;127;127,0;127,0;NA;NA;NA;NA;NA;NA;NA;NA;NA;NA;NA
2021-10-10;0-60;3;3,0;3;3;3;3;3;3;3;3;3,0;3;72;72,0;72;72;72;72;72;72;72;72;72,0;72,0;1,000000000000000;1,000000000000000;1,000000000000000;1,000000000000000;1,000000000000000;1,000000000000000;1,000000000000000;1,000000000000000;1,000000000000000;1,0000000000000000;1,0000000000000000
2021-10-10;60+;2;2,0;2;2;2;2;2;2;2;2;2,0;2;56;56,0;56;56;56;56;56;56;56;56;56,0;56,0;1,000000000000000;1,000000000000000;1,000000000000000;1,000000000000000;1,000000000000000;1,000000000000000;1,000000000000000;1,000000000000000;1,000000000000000;1,0000000000000000;1,0000000000000000
2021-10-10;alle;5;5,0;5;5;5;5;5;5;5;5;5,0;5;128;128,0;128;128;128;128;128;128;128;128;128,0;128,0;NA;NA;NA;NA;NA;NA;NA;NA;NA;NA;NA
2021-10-09;0-60;12;12,0;12;12;12;12;12;12;12;12;12,0;12;69;69,0;69;69;69;69;69;69;69;69;69,0;69,0;1,000000000000000;1,000000000000000;1,000000000000000;1,000000000000000;1,000000000000000;1,000000000000000;1,000000000000000;1,000000000000000;1,000000000000000;1,0000000000000000;1,0000000000000000
2021-10-09;60+;12;12,0;12;12;12;12;12;12;12;12;12,0;12;55;55,0;55;55;55;55;55;55;55;55;55,0;55,0;1,000000000000000;1,000000000000000;1,000000000000000;1,000000000000000;1,000000000000000;1,000000000000000;1,000000000000000;1,000000000000000;1,000000000000000;1,0000000000000000;1,0000000000000000
2021-10-09;alle;24;24,0;24;24;24;24;24;24;24;24;24,0;24;124;124,0;124;124;124;124;124;124;124;124;124,0;124,0;NA;NA;NA;NA;NA;NA;NA;NA;NA;NA;NA
2021-10-08;0-60;18;18,0;18;18;18;18;18;18;18;18;18,0;18;67;67,0;67;67;67;67;67;67;67;67;67,0;67,0;1,000000000000000;1,000000000000000;1,000000000000000;1,000000000000000;1,000000000000000;1,000000000000000;1,000000000000000;1,000000000000000;1,000000000000000;1,0000000000000000;1,0000000000000000
2021-10-08;60+;11;11,0;11;11;11;11;11;11;11;11;11,0;11;50;50,0;50;50;50;50;50;50;50;50;50,0;50,0;1,000000000000000;1,000000000000000;1,000000000000000;1,000000000000000;1,000000000000000;1,000000000000000;1,000000000000000;1,000000000000000;1,000000000000000;1,0000000000000000;1,0000000000000000
2021-10-08;alle;29;29,0;29;29;29;29;29;29;29;29;29,0;29;117;117,0;117;117;117;117;117;117;117;117;117,0;117,0;NA;NA;NA;NA;NA;NA;NA;NA;NA;NA;NA
2021-10-07;0-60;15;15,0;15;15;15;15;15;15;15;15;15,0;15;60;60,0;60;60;60;60;60;60;60;60;60,0;60,0;1,000000000000000;1,000000000000000;1,000000000000000;1,000000000000000;1,000000000000000;1,000000000000000;1,000000000000000;1,000000000000000;1,000000000000000;1,0000000000000000;1,0000000000000000
2021-10-07;60+;10;10,0;10;10;10;10;10;10;10;10;10,0;10;44;44,0;44;44;44;44;44;44;44;44;44,0;44,0;1,000000000000000;1,000000000000000;1,000000000000000;1,000000000000000;1,000000000000000;1,000000000000000;1,000000000000000;1,000000000000000;1,000000000000000;1,0000000000000000;1,0000000000000000
2021-10-07;alle;25;25,0;25;25;25;25;25;25;25;25;25,0;25;104;104,0;104;104;104;104;104;104;104;104;104,0;104,0;NA;NA;NA;NA;NA;NA;NA;NA;NA;NA;NA
2021-10-06;0-60;7;7,0;7;7;7;7;7;7;7;7;7,0;7;56;56,0;56;56;56;56;56;56;56;56;56,0;56,0;1,000000000000000;1,000000000000000;1,000000000000000;1,000000000000000;1,000000000000000;1,000000000000000;1,000000000000000;1,000000000000000;1,000000000000000;1,0000000000000000;1,0000000000000000
2021-10-06;60+;9;9,0;9;9;9;9;9;9;9;9;9,0;9;42;42,0;42;42;42;42;42;42;42;42;42,0;42,0;1,000000000000000;1,000000000000000;1,000000000000000;1,000000000000000;1,000000000000000;1,000000000000000;1,000000000000000;1,000000000000000;1,000000000000000;1,0000000000000000;1,0000000000000000
2021-10-06;alle;16;16,0;16;16;16;16;16;16;16;16;16,0;16;98;98,0;98;98;98;98;98;98;98;98;98,0;98,0;NA;NA;NA;NA;NA;NA;NA;NA;NA;NA;NA
2021-10-05;0-60;16;16,0;16;16;16;16;16;16;16;16;16,0;16;60;60,0;60;60;60;60;60;60;60;60;60,0;60,0;1,000000000000000;1,000000000000000;1,000000000000000;1,000000000000000;1,000000000000000;1,000000000000000;1,000000000000000;1,000000000000000;1,000000000000000;1,0000000000000000;1,0000000000000000
2021-10-05;60+;12;12,0;12;12;12;12;12;12;12;12;12,0;12;40;40,0;40;40;40;40;40;40;40;40;40,0;40,0;1,000000000000000;1,000000000000000;1,000000000000000;1,000000000000000;1,000000000000000;1,000000000000000;1,000000000000000;1,000000000000000;1,000000000000000;1,0000000000000000;1,0000000000000000
2021-10-05;alle;28;28,0;28;28;28;28;28;28;28;28;28,0;28;100;100,0;100;100;100;100;100;100;100;100;100,0;100,0;NA;NA;NA;NA;NA;NA;NA;NA;NA;NA;NA
2021-10-04;0-60;1;1,0;1;1;1;1;1;1;1;1;1,0;1;58;58,0;58;58;58;58;58;58;58;58;58,0;58,0;1,000000000000000;1,000000000000000;1,000000000000000;1,000000000000000;1,000000000000000;1,000000000000000;1,000000000000000;1,000000000000000;1,000000000000000;1,0000000000000000;1,0000000000000000
2021-10-04;60+;0;0,0;0;0;0;0;0;0;0;0;0,0;0;40;40,0;40;40;40;40;40;40;40;40;40,0;40,0;1,000000000000000;1,000000000000000;1,000000000000000;1,000000000000000;1,000000000000000;1,000000000000000;1,000000000000000;1,000000000000000;1,000000000000000;1,0000000000000000;1,0000000000000000
2021-10-04;alle;1;1,0;1;1;1;1;1;1;1;1;1,0;1;98;98,0;98;98;98;98;98;98;98;98;98,0;98,0;NA;NA;NA;NA;NA;NA;NA;NA;NA;NA;NA
2021-10-03;0-60;0;0,0;0;0;0;0;0;0;0;0;0,0;0;57;57,0;57;57;57;57;57;57;57;57;57,0;57,0;1,000000000000000;1,000000000000000;1,000000000000000;1,000000000000000;1,000000000000000;1,000000000000000;1,000000000000000;1,000000000000000;1,000000000000000;1,0000000000000000;1,0000000000000000
2021-10-03;60+;1;1,0;1;1;1;1;1;1;1;1;1,0;1;43;43,0;43;43;43;43;43;43;43;43;43,0;43,0;1,000000000000000;1,000000000000000;1,000000000000000;1,000000000000000;1,000000000000000;1,000000000000000;1,000000000000000;1,000000000000000;1,000000000000000;1,0000000000000000;1,0000000000000000
2021-10-03;alle;1;1,0;1;1;1;1;1;1;1;1;1,0;1;100;100,0;100;100;100;100;100;100;100;100;100,0;100,0;NA;NA;NA;NA;NA;NA;NA;NA;NA;NA;NA
2021-10-02;0-60;10;10,0;10;10;10;10;10;10;10;10;10,0;10;59;59,0;59;59;59;59;59;59;59;59;59,0;59,0;1,000000000000000;1,000000000000000;1,000000000000000;1,000000000000000;1,000000000000000;1,000000000000000;1,000000000000000;1,000000000000000;1,000000000000000;1,0000000000000000;1,0000000000000000
2021-10-02;60+;7;7,0;7;7;7;7;7;7;7;7;7,0;7;43;43,0;43;43;43;43;43;43;43;43;43,0;43,0;1,000000000000000;1,000000000000000;1,000000000000000;1,000000000000000;1,000000000000000;1,000000000000000;1,000000000000000;1,000000000000000;1,000000000000000;1,0000000000000000;1,0000000000000000
2021-10-02;alle;17;17,0;17;17;17;17;17;17;17;17;17,0;17;102;102,0;102;102;102;102;102;102;102;102;102,0;102,0;NA;NA;NA;NA;NA;NA;NA;NA;NA;NA;NA
2021-10-01;0-60;11;11,0;11;11;11;11;11;11;11;11;11,0;11;62;62,0;62;62;62;62;62;62;62;62;62,0;62,0;1,000000000000000;1,000000000000000;1,000000000000000;1,000000000000000;1,000000000000000;1,000000000000000;1,000000000000000;1,000000000000000;1,000000000000000;1,0000000000000000;1,0000000000000000
2021-10-01;60+;5;5,0;5;5;5;5;5;5;5;5;5,0;5;43;43,0;43;43;43;43;43;43;43;43;43,0;43,0;1,000000000000000;1,000000000000000;1,000000000000000;1,000000000000000;1,000000000000000;1,000000000000000;1,000000000000000;1,000000000000000;1,000000000000000;1,0000000000000000;1,0000000000000000
2021-10-01;alle;16;16,0;16;16;16;16;16;16;16;16;16,0;16;105;105,0;105;105;105;105;105;105;105;105;105,0;105,0;NA;NA;NA;NA;NA;NA;NA;NA;NA;NA;NA
2021-09-30;0-60;11;11,0;11;11;11;11;11;11;11;11;11,0;11;64;64,0;64;64;64;64;64;64;64;64;64,0;64,0;1,000000000000000;1,000000000000000;1,000000000000000;1,000000000000000;1,000000000000000;1,000000000000000;1,000000000000000;1,000000000000000;1,000000000000000;1,0000000000000000;1,0000000000000000
2021-09-30;60+;8;8,0;8;8;8;8;8;8;8;8;8,0;8;43;43,0;43;43;43;43;43;43;43;43;43,0;43,0;1,000000000000000;1,000000000000000;1,000000000000000;1,000000000000000;1,000000000000000;1,000000000000000;1,000000000000000;1,000000000000000;1,000000000000000;1,0000000000000000;1,0000000000000000
2021-09-30;alle;19;19,0;19;19;19;19;19;19;19;19;19,0;19;107;107,0;107;107;107;107;107;107;107;107;107,0;107,0;NA;NA;NA;NA;NA;NA;NA;NA;NA;NA;NA
2021-09-29;0-60;11;11,0;11;11;11;11;11;11;11;11;11,0;11;68;68,0;68;68;68;68;68;68;68;68;68,0;68,0;1,000000000000000;1,000000000000000;1,000000000000000;1,000000000000000;1,000000000000000;1,000000000000000;1,000000000000000;1,000000000000000;1,000000000000000;1,0000000000000000;1,0000000000000000
2021-09-29;60+;7;7,0;7;7;7;7;7;7;7;7;7,0;7;40;40,0;40;40;40;40;40;40;40;40;40,0;40,0;1,000000000000000;1,000000000000000;1,000000000000000;1,000000000000000;1,000000000000000;1,000000000000000;1,000000000000000;1,000000000000000;1,000000000000000;1,0000000000000000;1,0000000000000000
2021-09-29;alle;18;18,0;18;18;18;18;18;18;18;18;18,0;18;108;108,0;108;108;108;108;108;108;108;108;108,0;108,0;NA;NA;NA;NA;NA;NA;NA;NA;NA;NA;NA
2021-09-28;0-60;14;14,0;14;14;14;14;14;14;14;14;14,0;14;67;67,0;67;67;67;67;67;67;67;67;67,0;67,0;1,000000000000000;1,000000000000000;1,000000000000000;1,000000000000000;1,000000000000000;1,000000000000000;1,000000000000000;1,000000000000000;1,000000000000000;1,0000000000000000;1,0000000000000000
2021-09-28;60+;12;12,0;12;12;12;12;12;12;12;12;12,0;12;46;46,0;46;46;46;46;46;46;46;46;46,0;46,0;1,000000000000000;1,000000000000000;1,000000000000000;1,000000000000000;1,000000000000000;1,000000000000000;1,000000000000000;1,000000000000000;1,000000000000000;1,0000000000000000;1,0000000000000000
2021-09-28;alle;26;26,0;26;26;26;26;26;26;26;26;26,0;26;113;113,0;113;113;113;113;113;113;113;113;113,0;113,0;NA;NA;NA;NA;NA;NA;NA;NA;NA;NA;NA
2021-09-27;0-60;0;0,0;0;0;0;0;0;0;0;0;0,0;0;65;65,0;65;65;65;65;65;65;65;65;65,0;65,0;1,000000000000000;1,000000000000000;1,000000000000000;1,000000000000000;1,000000000000000;1,000000000000000;1,000000000000000;1,000000000000000;1,000000000000000;1,0000000000000000;1,0000000000000000
2021-09-27;60+;3;3,0;3;3;3;3;3;3;3;3;3,0;3;48;48,0;48;48;48;48;48;48;48;48;48,0;48,0;1,000000000000000;1,000000000000000;1,000000000000000;1,000000000000000;1,000000000000000;1,000000000000000;1,000000000000000;1,000000000000000;1,000000000000000;1,0000000000000000;1,0000000000000000
2021-09-27;alle;3;3,0;3;3;3;3;3;3;3;3;3,0;3;113;113,0;113;113;113;113;113;113;113;113;113,0;113,0;NA;NA;NA;NA;NA;NA;NA;NA;NA;NA;NA
2021-09-26;0-60;2;2,0;2;2;2;2;2;2;2;2;2,0;2;66;66,0;66;66;66;66;66;66;66;66;66,0;66,0;1,000000000000000;1,000000000000000;1,000000000000000;1,000000000000000;1,000000000000000;1,000000000000000;1,000000000000000;1,000000000000000;1,000000000000000;1,0000000000000000;1,0000000000000000
2021-09-26;60+;1;1,0;1;1;1;1;1;1;1;1;1,0;1;45;45,0;45;45;45;45;45;45;45;45;45,0;45,0;1,000000000000000;1,000000000000000;1,000000000000000;1,000000000000000;1,000000000000000;1,000000000000000;1,000000000000000;1,000000000000000;1,000000000000000;1,0000000000000000;1,0000000000000000
2021-09-26;alle;3;3,0;3;3;3;3;3;3;3;3;3,0;3;111;111,0;111;111;111;111;111;111;111;111;111,0;111,0;NA;NA;NA;NA;NA;NA;NA;NA;NA;NA;NA
2021-09-25;0-60;13;13,0;13;13;13;13;13;13;13;13;13,0;13;66;66,0;66;66;66;66;66;66;66;66;66,0;66,0;1,000000000000000;1,000000000000000;1,000000000000000;1,000000000000000;1,000000000000000;1,000000000000000;1,000000000000000;1,000000000000000;1,000000000000000;1,0000000000000000;1,0000000000000000
2021-09-25;60+;7;7,0;7;7;7;7;7;7;7;7;7,0;7;44;44,0;44;44;44;44;44;44;44;44;44,0;44,0;1,000000000000000;1,000000000000000;1,000000000000000;1,000000000000000;1,000000000000000;1,000000000000000;1,000000000000000;1,000000000000000;1,000000000000000;1,0000000000000000;1,0000000000000000
2021-09-25;alle;20;20,0;20;20;20;20;20;20;20;20;20,0;20;110;110,0;110;110;110;110;110;110;110;110;110,0;110,0;NA;NA;NA;NA;NA;NA;NA;NA;NA;NA;NA
2021-09-24;0-60;13;13,0;13;13;13;13;13;13;13;13;13,0;13;57;57,0;57;57;57;57;57;57;57;57;57,0;57,0;1,000000000000000;1,000000000000000;1,000000000000000;1,000000000000000;1,000000000000000;1,000000000000000;1,000000000000000;1,000000000000000;1,000000000000000;1,0000000000000000;1,0000000000000000
2021-09-24;60+;5;5,0;5;5;5;5;5;5;5;5;5,0;5;40;40,0;40;40;40;40;40;40;40;40;40,0;40,0;1,000000000000000;1,000000000000000;1,000000000000000;1,000000000000000;1,000000000000000;1,000000000000000;1,000000000000000;1,000000000000000;1,000000000000000;1,0000000000000000;1,0000000000000000
2021-09-24;alle;18;18,0;18;18;18;18;18;18;18;18;18,0;18;97;97,0;97;97;97;97;97;97;97;97;97,0;97,0;NA;NA;NA;NA;NA;NA;NA;NA;NA;NA;NA
2021-09-23;0-60;15;15,0;15;15;15;15;15;15;15;15;15,0;15;55;55,0;55;55;55;55;55;55;55;55;55,0;55,0;1,000000000000000;1,000000000000000;1,000000000000000;1,000000000000000;1,000000000000000;1,000000000000000;1,000000000000000;1,000000000000000;1,000000000000000;1,0000000000000000;1,0000000000000000
2021-09-23;60+;5;5,0;5;5;5;5;5;5;5;5;5,0;5;40;40,0;40;40;40;40;40;40;40;40;40,0;40,0;1,000000000000000;1,000000000000000;1,000000000000000;1,000000000000000;1,000000000000000;1,000000000000000;1,000000000000000;1,000000000000000;1,000000000000000;1,0000000000000000;1,0000000000000000
2021-09-23;alle;20;20,0;20;20;20;20;20;20;20;20;20,0;20;95;95,0;95;95;95;95;95;95;95;95;95,0;95,0;NA;NA;NA;NA;NA;NA;NA;NA;NA;NA;NA
2021-09-22;0-60;10;10,0;10;10;10;10;10;10;10;10;10,0;10;50;50,0;50;50;50;50;50;50;50;50;50,0;50,0;1,000000000000000;1,000000000000000;1,000000000000000;1,000000000000000;1,000000000000000;1,000000000000000;1,000000000000000;1,000000000000000;1,000000000000000;1,0000000000000000;1,0000000000000000
2021-09-22;60+;13;13,0;13;13;13;13;13;13;13;13;13,0;13;44;44,0;44;44;44;44;44;44;44;44;44,0;44,0;1,000000000000000;1,000000000000000;1,000000000000000;1,000000000000000;1,000000000000000;1,000000000000000;1,000000000000000;1,000000000000000;1,000000000000000;1,0000000000000000;1,0000000000000000
2021-09-22;alle;23;23,0;23;23;23;23;23;23;23;23;23,0;23;94;94,0;94;94;94;94;94;94;94;94;94,0;94,0;NA;NA;NA;NA;NA;NA;NA;NA;NA;NA;NA
2021-09-21;0-60;12;12,0;12;12;12;12;12;12;12;12;12,0;12;56;56,0;56;56;56;56;56;56;56;56;56,0;56,0;1,000000000000000;1,000000000000000;1,000000000000000;1,000000000000000;1,000000000000000;1,000000000000000;1,000000000000000;1,000000000000000;1,000000000000000;1,0000000000000000;1,0000000000000000
2021-09-21;60+;14;14,0;14;14;14;14;14;14;14;14;14,0;14;39;39,0;39;39;39;39;39;39;39;39;39,0;39,0;1,000000000000000;1,000000000000000;1,000000000000000;1,000000000000000;1,000000000000000;1,000000000000000;1,000000000000000;1,000000000000000;1,000000000000000;1,0000000000000000;1,0000000000000000
2021-09-21;alle;26;26,0;26;26;26;26;26;26;26;26;26,0;26;95;95,0;95;95;95;95;95;95;95;95;95,0;95,0;NA;NA;NA;NA;NA;NA;NA;NA;NA;NA;NA
2021-09-20;0-60;1;1,0;1;1;1;1;1;1;1;1;1,0;1;66;66,0;66;66;66;66;66;66;66;66;66,0;66,0;1,000000000000000;1,000000000000000;1,000000000000000;1,000000000000000;1,000000000000000;1,000000000000000;1,000000000000000;1,000000000000000;1,000000000000000;1,0000000000000000;1,0000000000000000
2021-09-20;60+;0;0,0;0;0;0;0;0;0;0;0;0,0;0;34;34,0;34;34;34;34;34;34;34;34;34,0;34,0;1,000000000000000;1,000000000000000;1,000000000000000;1,000000000000000;1,000000000000000;1,000000000000000;1,000000000000000;1,000000000000000;1,000000000000000;1,0000000000000000;1,0000000000000000
2021-09-20;alle;1;1,0;1;1;1;1;1;1;1;1;1,0;1;100;100,0;100;100;100;100;100;100;100;100;100,0;100,0;NA;NA;NA;NA;NA;NA;NA;NA;NA;NA;NA
2021-09-19;0-60;2;2,0;2;2;2;2;2;2;2;2;2,0;2;66;66,0;66;66;66;66;66;66;66;66;66,0;66,0;1,000000000000000;1,000000000000000;1,000000000000000;1,000000000000000;1,000000000000000;1,000000000000000;1,000000000000000;1,000000000000000;1,000000000000000;1,0000000000000000;1,0000000000000000
2021-09-19;60+;0;0,0;0;0;0;0;0;0;0;0;0,0;0;34;34,0;34;34;34;34;34;34;34;34;34,0;34,0;1,000000000000000;1,000000000000000;1,000000000000000;1,000000000000000;1,000000000000000;1,000000000000000;1,000000000000000;1,000000000000000;1,000000000000000;1,0000000000000000;1,0000000000000000
2021-09-19;alle;2;2,0;2;2;2;2;2;2;2;2;2,0;2;100;100,0;100;100;100;100;100;100;100;100;100,0;100,0;NA;NA;NA;NA;NA;NA;NA;NA;NA;NA;NA
2021-09-18;0-60;4;4,0;4;4;4;4;4;4;4;4;4,0;4;65;65,0;65;65;65;65;65;65;65;65;65,0;65,0;1,000000000000000;1,000000000000000;1,000000000000000;1,000000000000000;1,000000000000000;1,000000000000000;1,000000000000000;1,000000000000000;1,000000000000000;1,0000000000000000;1,0000000000000000
2021-09-18;60+;3;3,0;3;3;3;3;3;3;3;3;3,0;3;36;36,0;36;36;36;36;36;36;36;36;36,0;36,0;1,000000000000000;1,000000000000000;1,000000000000000;1,000000000000000;1,000000000000000;1,000000000000000;1,000000000000000;1,000000000000000;1,000000000000000;1,0000000000000000;1,0000000000000000
2021-09-18;alle;7;7,0;7;7;7;7;7;7;7;7;7,0;7;101;101,0;101;101;101;101;101;101;101;101;101,0;101,0;NA;NA;NA;NA;NA;NA;NA;NA;NA;NA;NA
2021-09-17;0-60;11;11,0;11;11;11;11;11;11;11;11;11,0;11;67;67,0;67;67;67;67;67;67;67;67;67,0;67,0;1,000000000000000;1,000000000000000;1,000000000000000;1,000000000000000;1,000000000000000;1,000000000000000;1,000000000000000;1,000000000000000;1,000000000000000;1,0000000000000000;1,0000000000000000
2021-09-17;60+;5;5,0;5;5;5;5;5;5;5;5;5,0;5;41;41,0;41;41;41;41;41;41;41;41;41,0;41,0;1,000000000000000;1,000000000000000;1,000000000000000;1,000000000000000;1,000000000000000;1,000000000000000;1,000000000000000;1,000000000000000;1,000000000000000;1,0000000000000000;1,0000000000000000
2021-09-17;alle;16;16,0;16;16;16;16;16;16;16;16;16,0;16;108;108,0;108;108;108;108;108;108;108;108;108,0;108,0;NA;NA;NA;NA;NA;NA;NA;NA;NA;NA;NA
2021-09-16;0-60;10;10,0;10;10;10;10;10;10;10;10;10,0;10;63;63,0;63;63;63;63;63;63;63;63;63,0;63,0;1,000000000000000;1,000000000000000;1,000000000000000;1,000000000000000;1,000000000000000;1,000000000000000;1,000000000000000;1,000000000000000;1,000000000000000;1,0000000000000000;1,0000000000000000
2021-09-16;60+;9;9,0;9;9;9;9;9;9;9;9;9,0;9;41;41,0;41;41;41;41;41;41;41;41;41,0;41,0;1,000000000000000;1,000000000000000;1,000000000000000;1,000000000000000;1,000000000000000;1,000000000000000;1,000000000000000;1,000000000000000;1,000000000000000;1,0000000000000000;1,0000000000000000
2021-09-16;alle;19;19,0;19;19;19;19;19;19;19;19;19,0;19;104;104,0;104;104;104;104;104;104;104;104;104,0;104,0;NA;NA;NA;NA;NA;NA;NA;NA;NA;NA;NA
2021-09-15;0-60;16;16,0;16;16;16;16;16;16;16;16;16,0;16;65;65,0;65;65;65;65;65;65;65;65;65,0;65,0;1,000000000000000;1,000000000000000;1,000000000000000;1,000000000000000;1,000000000000000;1,000000000000000;1,000000000000000;1,000000000000000;1,000000000000000;1,0000000000000000;1,0000000000000000
2021-09-15;60+;8;8,0;8;8;8;8;8;8;8;8;8,0;8;41;41,0;41;41;41;41;41;41;41;41;41,0;41,0;1,000000000000000;1,000000000000000;1,000000000000000;1,000000000000000;1,000000000000000;1,000000000000000;1,000000000000000;1,000000000000000;1,000000000000000;1,0000000000000000;1,0000000000000000
2021-09-15;alle;24;24,0;24;24;24;24;24;24;24;24;24,0;24;106;106,0;106;106;106;106;106;106;106;106;106,0;106,0;NA;NA;NA;NA;NA;NA;NA;NA;NA;NA;NA
2021-09-14;0-60;22;22,0;22;22;22;22;22;22;22;22;22,0;22;59;59,0;59;59;59;59;59;59;59;59;59,0;59,0;1,000000000000000;1,000000000000000;1,000000000000000;1,000000000000000;1,000000000000000;1,000000000000000;1,000000000000000;1,000000000000000;1,000000000000000;1,0000000000000000;1,0000000000000000
2021-09-14;60+;9;9,0;9;9;9;9;9;9;9;9;9,0;9;45;45,0;45;45;45;45;45;45;45;45;45,0;45,0;1,000000000000000;1,000000000000000;1,000000000000000;1,000000000000000;1,000000000000000;1,000000000000000;1,000000000000000;1,000000000000000;1,000000000000000;1,0000000000000000;1,0000000000000000
2021-09-14;alle;31;31,0;31;31;31;31;31;31;31;31;31,0;31;104;104,0;104;104;104;104;104;104;104;104;104,0;104,0;NA;NA;NA;NA;NA;NA;NA;NA;NA;NA;NA
2021-09-13;0-60;1;1,0;1;1;1;1;1;1;1;1;1,0;1;51;51,0;51;51;51;51;51;51;51;51;51,0;51,0;1,000000000000000;1,000000000000000;1,000000000000000;1,000000000000000;1,000000000000000;1,000000000000000;1,000000000000000;1,000000000000000;1,000000000000000;1,0000000000000000;1,0000000000000000
2021-09-13;60+;0;0,0;0;0;0;0;0;0;0;0;0,0;0;44;44,0;44;44;44;44;44;44;44;44;44,0;44,0;1,000000000000000;1,000000000000000;1,000000000000000;1,000000000000000;1,000000000000000;1,000000000000000;1,000000000000000;1,000000000000000;1,000000000000000;1,0000000000000000;1,0000000000000000
2021-09-13;alle;1;1,0;1;1;1;1;1;1;1;1;1,0;1;95;95,0;95;95;95;95;95;95;95;95;95,0;95,0;NA;NA;NA;NA;NA;NA;NA;NA;NA;NA;NA
2021-09-12;0-60;1;1,0;1;1;1;1;1;1;1;1;1,0;1;50;50,0;50;50;50;50;50;50;50;50;50,0;50,0;1,000000000000000;1,000000000000000;1,000000000000000;1,000000000000000;1,000000000000000;1,000000000000000;1,000000000000000;1,000000000000000;1,000000000000000;1,0000000000000000;1,0000000000000000
2021-09-12;60+;2;2,0;2;2;2;2;2;2;2;2;2,0;2;44;44,0;44;44;44;44;44;44;44;44;44,0;44,0;1,000000000000000;1,000000000000000;1,000000000000000;1,000000000000000;1,000000000000000;1,000000000000000;1,000000000000000;1,000000000000000;1,000000000000000;1,0000000000000000;1,0000000000000000
2021-09-12;alle;3;3,0;3;3;3;3;3;3;3;3;3,0;3;94;94,0;94;94;94;94;94;94;94;94;94,0;94,0;NA;NA;NA;NA;NA;NA;NA;NA;NA;NA;NA
2021-09-11;0-60;6;6,0;6;6;6;6;6;6;6;6;6,0;6;51;51,0;51;51;51;51;51;51;51;51;51,0;51,0;1,000000000000000;1,000000000000000;1,000000000000000;1,000000000000000;1,000000000000000;1,000000000000000;1,000000000000000;1,000000000000000;1,000000000000000;1,0000000000000000;1,0000000000000000
2021-09-11;60+;8;8,0;8;8;8;8;8;8;8;8;8,0;8;42;42,0;42;42;42;42;42;42;42;42;42,0;42,0;1,000000000000000;1,000000000000000;1,000000000000000;1,000000000000000;1,000000000000000;1,000000000000000;1,000000000000000;1,000000000000000;1,000000000000000;1,0000000000000000;1,0000000000000000
2021-09-11;alle;14;14,0;14;14;14;14;14;14;14;14;14,0;14;93;93,0;93;93;93;93;93;93;93;93;93,0;93,0;NA;NA;NA;NA;NA;NA;NA;NA;NA;NA;NA
2021-09-10;0-60;7;7,0;7;7;7;7;7;7;7;7;7,0;7;53;53,0;53;53;53;53;53;53;53;53;53,0;53,0;1,000000000000000;1,000000000000000;1,000000000000000;1,000000000000000;1,000000000000000;1,000000000000000;1,000000000000000;1,000000000000000;1,000000000000000;1,0000000000000000;1,0000000000000000
2021-09-10;60+;5;5,0;5;5;5;5;5;5;5;5;5,0;5;43;43,0;43;43;43;43;43;43;43;43;43,0;43,0;1,000000000000000;1,000000000000000;1,000000000000000;1,000000000000000;1,000000000000000;1,000000000000000;1,000000000000000;1,000000000000000;1,000000000000000;1,0000000000000000;1,0000000000000000
2021-09-10;alle;12;12,0;12;12;12;12;12;12;12;12;12,0;12;96;96,0;96;96;96;96;96;96;96;96;96,0;96,0;NA;NA;NA;NA;NA;NA;NA;NA;NA;NA;NA
2021-09-09;0-60;12;12,0;12;12;12;12;12;12;12;12;12,0;12;65;65,0;65;65;65;65;65;65;65;65;65,0;65,0;1,000000000000000;1,000000000000000;1,000000000000000;1,000000000000000;1,000000000000000;1,000000000000000;1,000000000000000;1,000000000000000;1,000000000000000;1,0000000000000000;1,0000000000000000
2021-09-09;60+;9;9,0;9;9;9;9;9;9;9;9;9,0;9;41;41,0;41;41;41;41;41;41;41;41;41,0;41,0;1,000000000000000;1,000000000000000;1,000000000000000;1,000000000000000;1,000000000000000;1,000000000000000;1,000000000000000;1,000000000000000;1,000000000000000;1,0000000000000000;1,0000000000000000
2021-09-09;alle;21;21,0;21;21;21;21;21;21;21;21;21,0;21;106;106,0;106;106;106;106;106;106;106;106;106,0;106,0;NA;NA;NA;NA;NA;NA;NA;NA;NA;NA;NA
2021-09-08;0-60;10;10,0;10;10;10;10;10;10;10;10;10,0;10;65;65,0;65;65;65;65;65;65;65;65;65,0;65,0;1,000000000000000;1,000000000000000;1,000000000000000;1,000000000000000;1,000000000000000;1,000000000000000;1,000000000000000;1,000000000000000;1,000000000000000;1,0000000000000000;1,0000000000000000
2021-09-08;60+;12;12,0;12;12;12;12;12;12;12;12;12,0;12;38;38,0;38;38;38;38;38;38;38;38;38,0;38,0;1,000000000000000;1,000000000000000;1,000000000000000;1,000000000000000;1,000000000000000;1,000000000000000;1,000000000000000;1,000000000000000;1,000000000000000;1,0000000000000000;1,0000000000000000
2021-09-08;alle;22;22,0;22;22;22;22;22;22;22;22;22,0;22;103;103,0;103;103;103;103;103;103;103;103;103,0;103,0;NA;NA;NA;NA;NA;NA;NA;NA;NA;NA;NA
2021-09-07;0-60;14;14,0;14;14;14;14;14;14;14;14;14,0;14;65;65,0;65;65;65;65;65;65;65;65;65,0;65,0;1,000000000000000;1,000000000000000;1,000000000000000;1,000000000000000;1,000000000000000;1,000000000000000;1,000000000000000;1,000000000000000;1,000000000000000;1,0000000000000000;1,0000000000000000
2021-09-07;60+;8;8,0;8;8;8;8;8;8;8;8;8,0;8;37;37,0;37;37;37;37;37;37;37;37;37,0;37,0;1,000000000000000;1,000000000000000;1,000000000000000;1,000000000000000;1,000000000000000;1,000000000000000;1,000000000000000;1,000000000000000;1,000000000000000;1,0000000000000000;1,0000000000000000
2021-09-07;alle;22;22,0;22;22;22;22;22;22;22;22;22,0;22;102;102,0;102;102;102;102;102;102;102;102;102,0;102,0;NA;NA;NA;NA;NA;NA;NA;NA;NA;NA;NA
2021-09-06;0-60;0;0,0;0;0;0;0;0;0;0;0;0,0;0;65;65,0;65;65;65;65;65;65;65;65;65,0;65,0;1,000000000000000;1,000000000000000;1,000000000000000;1,000000000000000;1,000000000000000;1,000000000000000;1,000000000000000;1,000000000000000;1,000000000000000;1,0000000000000000;1,0000000000000000
2021-09-06;60+;0;0,0;0;0;0;0;0;0;0;0;0,0;0;37;37,0;37;37;37;37;37;37;37;37;37,0;37,0;1,000000000000000;1,000000000000000;1,000000000000000;1,000000000000000;1,000000000000000;1,000000000000000;1,000000000000000;1,000000000000000;1,000000000000000;1,0000000000000000;1,0000000000000000
2021-09-06;alle;0;0,0;0;0;0;0;0;0;0;0;0,0;0;102;102,0;102;102;102;102;102;102;102;102;102,0;102,0;NA;NA;NA;NA;NA;NA;NA;NA;NA;NA;NA
2021-09-05;0-60;2;2,0;2;2;2;2;2;2;2;2;2,0;2;67;67,0;67;67;67;67;67;67;67;67;67,0;67,0;1,000000000000000;1,000000000000000;1,000000000000000;1,000000000000000;1,000000000000000;1,000000000000000;1,000000000000000;1,000000000000000;1,000000000000000;1,0000000000000000;1,0000000000000000
2021-09-05;60+;0;0,0;0;0;0;0;0;0;0;0;0,0;0;39;39,0;39;39;39;39;39;39;39;39;39,0;39,0;1,000000000000000;1,000000000000000;1,000000000000000;1,000000000000000;1,000000000000000;1,000000000000000;1,000000000000000;1,000000000000000;1,000000000000000;1,0000000000000000;1,0000000000000000
2021-09-05;alle;2;2,0;2;2;2;2;2;2;2;2;2,0;2;106;106,0;106;106;106;106;106;106;106;106;106,0;106,0;NA;NA;NA;NA;NA;NA;NA;NA;NA;NA;NA
2021-09-04;0-60;8;8,0;8;8;8;8;8;8;8;8;8,0;8;68;68,0;68;68;68;68;68;68;68;68;68,0;68,0;1,000000000000000;1,000000000000000;1,000000000000000;1,000000000000000;1,000000000000000;1,000000000000000;1,000000000000000;1,000000000000000;1,000000000000000;1,0000000000000000;1,0000000000000000
2021-09-04;60+;9;9,0;9;9;9;9;9;9;9;9;9,0;9;42;42,0;42;42;42;42;42;42;42;42;42,0;42,0;1,000000000000000;1,000000000000000;1,000000000000000;1,000000000000000;1,000000000000000;1,000000000000000;1,000000000000000;1,000000000000000;1,000000000000000;1,0000000000000000;1,0000000000000000
2021-09-04;alle;17;17,0;17;17;17;17;17;17;17;17;17,0;17;110;110,0;110;110;110;110;110;110;110;110;110,0;110,0;NA;NA;NA;NA;NA;NA;NA;NA;NA;NA;NA
2021-09-03;0-60;19;19,0;19;19;19;19;19;19;19;19;19,0;19;65;65,0;65;65;65;65;65;65;65;65;65,0;65,0;1,000000000000000;1,000000000000000;1,000000000000000;1,000000000000000;1,000000000000000;1,000000000000000;1,000000000000000;1,000000000000000;1,000000000000000;1,0000000000000000;1,0000000000000000
2021-09-03;60+;3;3,0;3;3;3;3;3;3;3;3;3,0;3;39;39,0;39;39;39;39;39;39;39;39;39,0;39,0;1,000000000000000;1,000000000000000;1,000000000000000;1,000000000000000;1,000000000000000;1,000000000000000;1,000000000000000;1,000000000000000;1,000000000000000;1,0000000000000000;1,0000000000000000
2021-09-03;alle;22;22,0;22;22;22;22;22;22;22;22;22,0;22;104;104,0;104;104;104;104;104;104;104;104;104,0;104,0;NA;NA;NA;NA;NA;NA;NA;NA;NA;NA;NA
2021-09-02;0-60;12;12,0;12;12;12;12;12;12;12;12;12,0;12;54;54,0;54;54;54;54;54;54;54;54;54,0;54,0;1,000000000000000;1,000000000000000;1,000000000000000;1,000000000000000;1,000000000000000;1,000000000000000;1,000000000000000;1,000000000000000;1,000000000000000;1,0000000000000000;1,0000000000000000
2021-09-02;60+;6;6,0;6;6;6;6;6;6;6;6;6,0;6;40;40,0;40;40;40;40;40;40;40;40;40,0;40,0;1,000000000000000;1,000000000000000;1,000000000000000;1,000000000000000;1,000000000000000;1,000000000000000;1,000000000000000;1,000000000000000;1,000000000000000;1,0000000000000000;1,0000000000000000
2021-09-02;alle;18;18,0;18;18;18;18;18;18;18;18;18,0;18;94;94,0;94;94;94;94;94;94;94;94;94,0;94,0;NA;NA;NA;NA;NA;NA;NA;NA;NA;NA;NA
2021-09-01;0-60;10;10,0;10;10;10;10;10;10;10;10;10,0;10;51;51,0;51;51;51;51;51;51;51;51;51,0;51,0;1,000000000000000;1,000000000000000;1,000000000000000;1,000000000000000;1,000000000000000;1,000000000000000;1,000000000000000;1,000000000000000;1,000000000000000;1,0000000000000000;1,0000000000000000
2021-09-01;60+;11;11,0;11;11;11;11;11;11;11;11;11,0;11;40;40,0;40;40;40;40;40;40;40;40;40,0;40,0;1,000000000000000;1,000000000000000;1,000000000000000;1,000000000000000;1,000000000000000;1,000000000000000;1,000000000000000;1,000000000000000;1,000000000000000;1,0000000000000000;1,0000000000000000
2021-09-01;alle;21;21,0;21;21;21;21;21;21;21;21;21,0;21;91;91,0;91;91;91;91;91;91;91;91;91,0;91,0;NA;NA;NA;NA;NA;NA;NA;NA;NA;NA;NA
2021-08-31;0-60;14;14,0;14;14;14;14;14;14;14;14;14,0;14;58;58,0;58;58;58;58;58;58;58;58;58,0;58,0;1,000000000000000;1,000000000000000;1,000000000000000;1,000000000000000;1,000000000000000;1,000000000000000;1,000000000000000;1,000000000000000;1,000000000000000;1,0000000000000000;1,0000000000000000
2021-08-31;60+;8;8,0;8;8;8;8;8;8;8;8;8,0;8;39;39,0;39;39;39;39;39;39;39;39;39,0;39,0;1,000000000000000;1,000000000000000;1,000000000000000;1,000000000000000;1,000000000000000;1,000000000000000;1,000000000000000;1,000000000000000;1,000000000000000;1,0000000000000000;1,0000000000000000
2021-08-31;alle;22;22,0;22;22;22;22;22;22;22;22;22,0;22;97;97,0;97;97;97;97;97;97;97;97;97,0;97,0;NA;NA;NA;NA;NA;NA;NA;NA;NA;NA;NA
2021-08-30;0-60;2;2,0;2;2;2;2;2;2;2;2;2,0;2;65;65,0;65;65;65;65;65;65;65;65;65,0;65,0;1,000000000000000;1,000000000000000;1,000000000000000;1,000000000000000;1,000000000000000;1,000000000000000;1,000000000000000;1,000000000000000;1,000000000000000;1,0000000000000000;1,0000000000000000
2021-08-30;60+;2;2,0;2;2;2;2;2;2;2;2;2,0;2;37;37,0;37;37;37;37;37;37;37;37;37,0;37,0;1,000000000000000;1,000000000000000;1,000000000000000;1,000000000000000;1,000000000000000;1,000000000000000;1,000000000000000;1,000000000000000;1,000000000000000;1,0000000000000000;1,0000000000000000
2021-08-30;alle;4;4,0;4;4;4;4;4;4;4;4;4,0;4;102;102,0;102;102;102;102;102;102;102;102;102,0;102,0;NA;NA;NA;NA;NA;NA;NA;NA;NA;NA;NA
2021-08-29;0-60;3;3,0;3;3;3;3;3;3;3;3;3,0;3;64;64,0;64;64;64;64;64;64;64;64;64,0;64,0;1,000000000000000;1,000000000000000;1,000000000000000;1,000000000000000;1,000000000000000;1,000000000000000;1,000000000000000;1,000000000000000;1,000000000000000;1,0000000000000000;1,0000000000000000
2021-08-29;60+;3;3,0;3;3;3;3;3;3;3;3;3,0;3;35;35,0;35;35;35;35;35;35;35;35;35,0;35,0;1,000000000000000;1,000000000000000;1,000000000000000;1,000000000000000;1,000000000000000;1,000000000000000;1,000000000000000;1,000000000000000;1,000000000000000;1,0000000000000000;1,0000000000000000
2021-08-29;alle;6;6,0;6;6;6;6;6;6;6;6;6,0;6;99;99,0;99;99;99;99;99;99;99;99;99,0;99,0;NA;NA;NA;NA;NA;NA;NA;NA;NA;NA;NA
2021-08-28;0-60;5;5,0;5;5;5;5;5;5;5;5;5,0;5;64;64,0;64;64;64;64;64;64;64;64;64,0;64,0;1,000000000000000;1,000000000000000;1,000000000000000;1,000000000000000;1,000000000000000;1,000000000000000;1,000000000000000;1,000000000000000;1,000000000000000;1,0000000000000000;1,0000000000000000
2021-08-28;60+;6;6,0;6;6;6;6;6;6;6;6;6,0;6;32;32,0;32;32;32;32;32;32;32;32;32,0;32,0;1,000000000000000;1,000000000000000;1,000000000000000;1,000000000000000;1,000000000000000;1,000000000000000;1,000000000000000;1,000000000000000;1,000000000000000;1,0000000000000000;1,0000000000000000
2021-08-28;alle;11;11,0;11;11;11;11;11;11;11;11;11,0;11;96;96,0;96;96;96;96;96;96;96;96;96,0;96,0;NA;NA;NA;NA;NA;NA;NA;NA;NA;NA;NA
2021-08-27;0-60;8;8,0;8;8;8;8;8;8;8;8;8,0;8;62;62,0;62;62;62;62;62;62;62;62;62,0;62,0;1,000000000000000;1,000000000000000;1,000000000000000;1,000000000000000;1,000000000000000;1,000000000000000;1,000000000000000;1,000000000000000;1,000000000000000;1,0000000000000000;1,0000000000000000
2021-08-27;60+;4;4,0;4;4;4;4;4;4;4;4;4,0;4;29;29,0;29;29;29;29;29;29;29;29;29,0;29,0;1,000000000000000;1,000000000000000;1,000000000000000;1,000000000000000;1,000000000000000;1,000000000000000;1,000000000000000;1,000000000000000;1,000000000000000;1,0000000000000000;1,0000000000000000
2021-08-27;alle;12;12,0;12;12;12;12;12;12;12;12;12,0;12;91;91,0;91;91;91;91;91;91;91;91;91,0;91,0;NA;NA;NA;NA;NA;NA;NA;NA;NA;NA;NA
2021-08-26;0-60;9;9,0;9;9;9;9;9;9;9;9;9,0;9;62;62,0;62;62;62;62;62;62;62;62;62,0;62,0;1,000000000000000;1,000000000000000;1,000000000000000;1,000000000000000;1,000000000000000;1,000000000000000;1,000000000000000;1,000000000000000;1,000000000000000;1,0000000000000000;1,0000000000000000
2021-08-26;60+;6;6,0;6;6;6;6;6;6;6;6;6,0;6;27;27,0;27;27;27;27;27;27;27;27;27,0;27,0;1,000000000000000;1,000000000000000;1,000000000000000;1,000000000000000;1,000000000000000;1,000000000000000;1,000000000000000;1,000000000000000;1,000000000000000;1,0000000000000000;1,0000000000000000
2021-08-26;alle;15;15,0;15;15;15;15;15;15;15;15;15,0;15;89;89,0;89;89;89;89;89;89;89;89;89,0;89,0;NA;NA;NA;NA;NA;NA;NA;NA;NA;NA;NA
2021-08-25;0-60;17;17,0;17;17;17;17;17;17;17;17;17,0;17;63;63,0;63;63;63;63;63;63;63;63;63,0;63,0;1,000000000000000;1,000000000000000;1,000000000000000;1,000000000000000;1,000000000000000;1,000000000000000;1,000000000000000;1,000000000000000;1,000000000000000;1,0000000000000000;1,0000000000000000
2021-08-25;60+;10;10,0;10;10;10;10;10;10;10;10;10,0;10;26;26,0;26;26;26;26;26;26;26;26;26,0;26,0;1,000000000000000;1,000000000000000;1,000000000000000;1,000000000000000;1,000000000000000;1,000000000000000;1,000000000000000;1,000000000000000;1,000000000000000;1,0000000000000000;1,0000000000000000
2021-08-25;alle;27;27,0;27;27;27;27;27;27;27;27;27,0;27;89;89,0;89;89;89;89;89;89;89;89;89,0;89,0;NA;NA;NA;NA;NA;NA;NA;NA;NA;NA;NA
2021-08-24;0-60;21;21,0;21;21;21;21;21;21;21;21;21,0;21;55;55,0;55;55;55;55;55;55;55;55;55,0;55,0;1,000000000000000;1,000000000000000;1,000000000000000;1,000000000000000;1,000000000000000;1,000000000000000;1,000000000000000;1,000000000000000;1,000000000000000;1,0000000000000000;1,0000000000000000
2021-08-24;60+;6;6,0;6;6;6;6;6;6;6;6;6,0;6;21;21,0;21;21;21;21;21;21;21;21;21,0;21,0;1,000000000000000;1,000000000000000;1,000000000000000;1,000000000000000;1,000000000000000;1,000000000000000;1,000000000000000;1,000000000000000;1,000000000000000;1,0000000000000000;1,0000000000000000
2021-08-24;alle;27;27,0;27;27;27;27;27;27;27;27;27,0;27;76;76,0;76;76;76;76;76;76;76;76;76,0;76,0;NA;NA;NA;NA;NA;NA;NA;NA;NA;NA;NA
2021-08-23;0-60;1;1,0;1;1;1;1;1;1;1;1;1,0;1;52;52,0;52;52;52;52;52;52;52;52;52,0;52,0;1,000000000000000;1,000000000000000;1,000000000000000;1,000000000000000;1,000000000000000;1,000000000000000;1,000000000000000;1,000000000000000;1,000000000000000;1,0000000000000000;1,0000000000000000
2021-08-23;60+;0;0,0;0;0;0;0;0;0;0;0;0,0;0;24;24,0;24;24;24;24;24;24;24;24;24,0;24,0;1,000000000000000;1,000000000000000;1,000000000000000;1,000000000000000;1,000000000000000;1,000000000000000;1,000000000000000;1,000000000000000;1,000000000000000;1,0000000000000000;1,0000000000000000
2021-08-23;alle;1;1,0;1;1;1;1;1;1;1;1;1,0;1;76;76,0;76;76;76;76;76;76;76;76;76,0;76,0;NA;NA;NA;NA;NA;NA;NA;NA;NA;NA;NA
2021-08-22;0-60;3;3,0;3;3;3;3;3;3;3;3;3,0;3;54;54,0;54;54;54;54;54;54;54;54;54,0;54,0;1,000000000000000;1,000000000000000;1,000000000000000;1,000000000000000;1,000000000000000;1,000000000000000;1,000000000000000;1,000000000000000;1,000000000000000;1,0000000000000000;1,0000000000000000
2021-08-22;60+;0;0,0;0;0;0;0;0;0;0;0;0,0;0;26;26,0;26;26;26;26;26;26;26;26;26,0;26,0;1,000000000000000;1,000000000000000;1,000000000000000;1,000000000000000;1,000000000000000;1,000000000000000;1,000000000000000;1,000000000000000;1,000000000000000;1,0000000000000000;1,0000000000000000
2021-08-22;alle;3;3,0;3;3;3;3;3;3;3;3;3,0;3;80;80,0;80;80;80;80;80;80;80;80;80,0;80,0;NA;NA;NA;NA;NA;NA;NA;NA;NA;NA;NA
2021-08-21;0-60;3;3,0;3;3;3;3;3;3;3;3;3,0;3;53;53,0;53;53;53;53;53;53;53;53;53,0;53,0;1,000000000000000;1,000000000000000;1,000000000000000;1,000000000000000;1,000000000000000;1,000000000000000;1,000000000000000;1,000000000000000;1,000000000000000;1,0000000000000000;1,0000000000000000
2021-08-21;60+;3;3,0;3;3;3;3;3;3;3;3;3,0;3;27;27,0;27;27;27;27;27;27;27;27;27,0;27,0;1,000000000000000;1,000000000000000;1,000000000000000;1,000000000000000;1,000000000000000;1,000000000000000;1,000000000000000;1,000000000000000;1,000000000000000;1,0000000000000000;1,0000000000000000
2021-08-21;alle;6;6,0;6;6;6;6;6;6;6;6;6,0;6;80;80,0;80;80;80;80;80;80;80;80;80,0;80,0;NA;NA;NA;NA;NA;NA;NA;NA;NA;NA;NA
2021-08-20;0-60;8;8,0;8;8;8;8;8;8;8;8;8,0;8;54;54,0;54;54;54;54;54;54;54;54;54,0;54,0;1,000000000000000;1,000000000000000;1,000000000000000;1,000000000000000;1,000000000000000;1,000000000000000;1,000000000000000;1,000000000000000;1,000000000000000;1,0000000000000000;1,0000000000000000
2021-08-20;60+;2;2,0;2;2;2;2;2;2;2;2;2,0;2;27;27,0;27;27;27;27;27;27;27;27;27,0;27,0;1,000000000000000;1,000000000000000;1,000000000000000;1,000000000000000;1,000000000000000;1,000000000000000;1,000000000000000;1,000000000000000;1,000000000000000;1,0000000000000000;1,0000000000000000
2021-08-20;alle;10;10,0;10;10;10;10;10;10;10;10;10,0;10;81;81,0;81;81;81;81;81;81;81;81;81,0;81,0;NA;NA;NA;NA;NA;NA;NA;NA;NA;NA;NA
2021-08-19;0-60;10;10,0;10;10;10;10;10;10;10;10;10,0;10;52;52,0;52;52;52;52;52;52;52;52;52,0;52,0;1,000000000000000;1,000000000000000;1,000000000000000;1,000000000000000;1,000000000000000;1,000000000000000;1,000000000000000;1,000000000000000;1,000000000000000;1,0000000000000000;1,0000000000000000
2021-08-19;60+;5;5,0;5;5;5;5;5;5;5;5;5,0;5;28;28,0;28;28;28;28;28;28;28;28;28,0;28,0;1,000000000000000;1,000000000000000;1,000000000000000;1,000000000000000;1,000000000000000;1,000000000000000;1,000000000000000;1,000000000000000;1,000000000000000;1,0000000000000000;1,0000000000000000
2021-08-19;alle;15;15,0;15;15;15;15;15;15;15;15;15,0;15;80;80,0;80;80;80;80;80;80;80;80;80,0;80,0;NA;NA;NA;NA;NA;NA;NA;NA;NA;NA;NA
2021-08-18;0-60;9;9,0;9;9;9;9;9;9;9;9;9,0;9;56;56,0;56;56;56;56;56;56;56;56;56,0;56,0;1,000000000000000;1,000000000000000;1,000000000000000;1,000000000000000;1,000000000000000;1,000000000000000;1,000000000000000;1,000000000000000;1,000000000000000;1,0000000000000000;1,0000000000000000
2021-08-18;60+;5;5,0;5;5;5;5;5;5;5;5;5,0;5;26;26,0;26;26;26;26;26;26;26;26;26,0;26,0;1,000000000000000;1,000000000000000;1,000000000000000;1,000000000000000;1,000000000000000;1,000000000000000;1,000000000000000;1,000000000000000;1,000000000000000;1,0000000000000000;1,0000000000000000
2021-08-18;alle;14;14,0;14;14;14;14;14;14;14;14;14,0;14;82;82,0;82;82;82;82;82;82;82;82;82,0;82,0;NA;NA;NA;NA;NA;NA;NA;NA;NA;NA;NA
2021-08-17;0-60;18;18,0;18;18;18;18;18;18;18;18;18,0;18;65;65,0;65;65;65;65;65;65;65;65;65,0;65,0;1,000000000000000;1,000000000000000;1,000000000000000;1,000000000000000;1,000000000000000;1,000000000000000;1,000000000000000;1,000000000000000;1,000000000000000;1,0000000000000000;1,0000000000000000
2021-08-17;60+;9;9,0;9;9;9;9;9;9;9;9;9,0;9;23;23,0;23;23;23;23;23;23;23;23;23,0;23,0;1,000000000000000;1,000000000000000;1,000000000000000;1,000000000000000;1,000000000000000;1,000000000000000;1,000000000000000;1,000000000000000;1,000000000000000;1,0000000000000000;1,0000000000000000
2021-08-17;alle;27;27,0;27;27;27;27;27;27;27;27;27,0;27;88;88,0;88;88;88;88;88;88;88;88;88,0;88,0;NA;NA;NA;NA;NA;NA;NA;NA;NA;NA;NA
2021-08-16;0-60;3;3,0;3;3;3;3;3;3;3;3;3,0;3;67;67,0;67;67;67;67;67;67;67;67;67,0;67,0;1,000000000000000;1,000000000000000;1,000000000000000;1,000000000000000;1,000000000000000;1,000000000000000;1,000000000000000;1,000000000000000;1,000000000000000;1,0000000000000000;1,0000000000000000
2021-08-16;60+;2;2,0;2;2;2;2;2;2;2;2;2,0;2;20;20,0;20;20;20;20;20;20;20;20;20,0;20,0;1,000000000000000;1,000000000000000;1,000000000000000;1,000000000000000;1,000000000000000;1,000000000000000;1,000000000000000;1,000000000000000;1,000000000000000;1,0000000000000000;1,0000000000000000
2021-08-16;alle;5;5,0;5;5;5;5;5;5;5;5;5,0;5;87;87,0;87;87;87;87;87;87;87;87;87,0;87,0;NA;NA;NA;NA;NA;NA;NA;NA;NA;NA;NA
2021-08-15;0-60;2;2,0;2;2;2;2;2;2;2;2;2,0;2;65;65,0;65;65;65;65;65;65;65;65;65,0;65,0;1,000000000000000;1,000000000000000;1,000000000000000;1,000000000000000;1,000000000000000;1,000000000000000;1,000000000000000;1,000000000000000;1,000000000000000;1,0000000000000000;1,0000000000000000
2021-08-15;60+;1;1,0;1;1;1;1;1;1;1;1;1,0;1;19;19,0;19;19;19;19;19;19;19;19;19,0;19,0;1,000000000000000;1,000000000000000;1,000000000000000;1,000000000000000;1,000000000000000;1,000000000000000;1,000000000000000;1,000000000000000;1,000000000000000;1,0000000000000000;1,0000000000000000
2021-08-15;alle;3;3,0;3;3;3;3;3;3;3;3;3,0;3;84;84,0;84;84;84;84;84;84;84;84;84,0;84,0;NA;NA;NA;NA;NA;NA;NA;NA;NA;NA;NA
2021-08-14;0-60;4;4,0;4;4;4;4;4;4;4;4;4,0;4;65;65,0;65;65;65;65;65;65;65;65;65,0;65,0;1,000000000000000;1,000000000000000;1,000000000000000;1,000000000000000;1,000000000000000;1,000000000000000;1,000000000000000;1,000000000000000;1,000000000000000;1,0000000000000000;1,0000000000000000
2021-08-14;60+;3;3,0;3;3;3;3;3;3;3;3;3,0;3;18;18,0;18;18;18;18;18;18;18;18;18,0;18,0;1,000000000000000;1,000000000000000;1,000000000000000;1,000000000000000;1,000000000000000;1,000000000000000;1,000000000000000;1,000000000000000;1,000000000000000;1,0000000000000000;1,0000000000000000
2021-08-14;alle;7;7,0;7;7;7;7;7;7;7;7;7,0;7;83;83,0;83;83;83;83;83;83;83;83;83,0;83,0;NA;NA;NA;NA;NA;NA;NA;NA;NA;NA;NA
2021-08-13;0-60;6;6,0;6;6;6;6;6;6;6;6;6,0;6;69;69,0;69;69;69;69;69;69;69;69;69,0;69,0;1,000000000000000;1,000000000000000;1,000000000000000;1,000000000000000;1,000000000000000;1,000000000000000;1,000000000000000;1,000000000000000;1,000000000000000;1,0000000000000000;1,0000000000000000
2021-08-13;60+;3;3,0;3;3;3;3;3;3;3;3;3,0;3;15;15,0;15;15;15;15;15;15;15;15;15,0;15,0;1,000000000000000;1,000000000000000;1,000000000000000;1,000000000000000;1,000000000000000;1,000000000000000;1,000000000000000;1,000000000000000;1,000000000000000;1,0000000000000000;1,0000000000000000
2021-08-13;alle;9;9,0;9;9;9;9;9;9;9;9;9,0;9;84;84,0;84;84;84;84;84;84;84;84;84,0;84,0;NA;NA;NA;NA;NA;NA;NA;NA;NA;NA;NA
2021-08-12;0-60;14;14,0;14;14;14;14;14;14;14;14;14,0;14;71;71,0;71;71;71;71;71;71;71;71;71,0;71,0;1,000000000000000;1,000000000000000;1,000000000000000;1,000000000000000;1,000000000000000;1,000000000000000;1,000000000000000;1,000000000000000;1,000000000000000;1,0000000000000000;1,0000000000000000
2021-08-12;60+;3;3,0;3;3;3;3;3;3;3;3;3,0;3;15;15,0;15;15;15;15;15;15;15;15;15,0;15,0;1,000000000000000;1,000000000000000;1,000000000000000;1,000000000000000;1,000000000000000;1,000000000000000;1,000000000000000;1,000000000000000;1,000000000000000;1,0000000000000000;1,0000000000000000
2021-08-12;alle;17;17,0;17;17;17;17;17;17;17;17;17,0;17;86;86,0;86;86;86;86;86;86;86;86;86,0;86,0;NA;NA;NA;NA;NA;NA;NA;NA;NA;NA;NA
2021-08-11;0-60;18;18,0;18;18;18;18;18;18;18;18;18,0;18;64;64,0;64;64;64;64;64;64;64;64;64,0;64,0;1,000000000000000;1,000000000000000;1,000000000000000;1,000000000000000;1,000000000000000;1,000000000000000;1,000000000000000;1,000000000000000;1,000000000000000;1,0000000000000000;1,0000000000000000
2021-08-11;60+;2;2,0;2;2;2;2;2;2;2;2;2,0;2;13;13,0;13;13;13;13;13;13;13;13;13,0;13,0;1,000000000000000;1,000000000000000;1,000000000000000;1,000000000000000;1,000000000000000;1,000000000000000;1,000000000000000;1,000000000000000;1,000000000000000;1,0000000000000000;1,0000000000000000
2021-08-11;alle;20;20,0;20;20;20;20;20;20;20;20;20,0;20;77;77,0;77;77;77;77;77;77;77;77;77,0;77,0;NA;NA;NA;NA;NA;NA;NA;NA;NA;NA;NA
2021-08-10;0-60;20;20,0;20;20;20;20;20;20;20;20;20,0;20;53;53,0;53;53;53;53;53;53;53;53;53,0;53,0;1,000000000000000;1,000000000000000;1,000000000000000;1,000000000000000;1,000000000000000;1,000000000000000;1,000000000000000;1,000000000000000;1,000000000000000;1,0000000000000000;1,0000000000000000
2021-08-10;60+;6;6,0;6;6;6;6;6;6;6;6;6,0;6;11;11,0;11;11;11;11;11;11;11;11;11,0;11,0;1,000000000000000;1,000000000000000;1,000000000000000;1,000000000000000;1,000000000000000;1,000000000000000;1,000000000000000;1,000000000000000;1,000000000000000;1,0000000000000000;1,0000000000000000
2021-08-10;alle;26;26,0;26;26;26;26;26;26;26;26;26,0;26;64;64,0;64;64;64;64;64;64;64;64;64,0;64,0;NA;NA;NA;NA;NA;NA;NA;NA;NA;NA;NA
2021-08-09;0-60;1;1,0;1;1;1;1;1;1;1;1;1,0;1;42;42,0;42;42;42;42;42;42;42;42;42,0;42,0;1,000000000000000;1,000000000000000;1,000000000000000;1,000000000000000;1,000000000000000;1,000000000000000;1,000000000000000;1,000000000000000;1,000000000000000;1,0000000000000000;1,0000000000000000
2021-08-09;60+;1;1,0;1;1;1;1;1;1;1;1;1,0;1;10;10,0;10;10;10;10;10;10;10;10;10,0;10,0;1,000000000000000;1,000000000000000;1,000000000000000;1,000000000000000;1,000000000000000;1,000000000000000;1,000000000000000;1,000000000000000;1,000000000000000;1,0000000000000000;1,0000000000000000
2021-08-09;alle;2;2,0;2;2;2;2;2;2;2;2;2,0;2;52;52,0;52;52;52;52;52;52;52;52;52,0;52,0;NA;NA;NA;NA;NA;NA;NA;NA;NA;NA;NA
2021-08-08;0-60;2;2,0;2;2;2;2;2;2;2;2;2,0;2;41;41,0;41;41;41;41;41;41;41;41;41,0;41,0;1,000000000000000;1,000000000000000;1,000000000000000;1,000000000000000;1,000000000000000;1,000000000000000;1,000000000000000;1,000000000000000;1,000000000000000;1,0000000000000000;1,0000000000000000
2021-08-08;60+;0;0,0;0;0;0;0;0;0;0;0;0,0;0;9;9,0;9;9;9;9;9;9;9;9;9,0;9,0;1,000000000000000;1,000000000000000;1,000000000000000;1,000000000000000;1,000000000000000;1,000000000000000;1,000000000000000;1,000000000000000;1,000000000000000;1,0000000000000000;1,0000000000000000
2021-08-08;alle;2;2,0;2;2;2;2;2;2;2;2;2,0;2;50;50,0;50;50;50;50;50;50;50;50;50,0;50,0;NA;NA;NA;NA;NA;NA;NA;NA;NA;NA;NA
2021-08-07;0-60;8;8,0;8;8;8;8;8;8;8;8;8,0;8;39;39,0;39;39;39;39;39;39;39;39;39,0;39,0;1,000000000000000;1,000000000000000;1,000000000000000;1,000000000000000;1,000000000000000;1,000000000000000;1,000000000000000;1,000000000000000;1,000000000000000;1,0000000000000000;1,0000000000000000
2021-08-07;60+;0;0,0;0;0;0;0;0;0;0;0;0,0;0;9;9,0;9;9;9;9;9;9;9;9;9,0;9,0;1,000000000000000;1,000000000000000;1,000000000000000;1,000000000000000;1,000000000000000;1,000000000000000;1,000000000000000;1,000000000000000;1,000000000000000;1,0000000000000000;1,0000000000000000
2021-08-07;alle;8;8,0;8;8;8;8;8;8;8;8;8,0;8;48;48,0;48;48;48;48;48;48;48;48;48,0;48,0;NA;NA;NA;NA;NA;NA;NA;NA;NA;NA;NA
2021-08-06;0-60;8;8,0;8;8;8;8;8;8;8;8;8,0;8;36;36,0;36;36;36;36;36;36;36;36;36,0;36,0;1,000000000000000;1,000000000000000;1,000000000000000;1,000000000000000;1,000000000000000;1,000000000000000;1,000000000000000;1,000000000000000;1,000000000000000;1,0000000000000000;1,0000000000000000
2021-08-06;60+;3;3,0;3;3;3;3;3;3;3;3;3,0;3;13;13,0;13;13;13;13;13;13;13;13;13,0;13,0;1,000000000000000;1,000000000000000;1,000000000000000;1,000000000000000;1,000000000000000;1,000000000000000;1,000000000000000;1,000000000000000;1,000000000000000;1,0000000000000000;1,0000000000000000
2021-08-06;alle;11;11,0;11;11;11;11;11;11;11;11;11,0;11;49;49,0;49;49;49;49;49;49;49;49;49,0;49,0;NA;NA;NA;NA;NA;NA;NA;NA;NA;NA;NA
2021-08-05;0-60;7;7,0;7;7;7;7;7;7;7;7;7,0;7;31;31,0;31;31;31;31;31;31;31;31;31,0;31,0;1,000000000000000;1,000000000000000;1,000000000000000;1,000000000000000;1,000000000000000;1,000000000000000;1,000000000000000;1,000000000000000;1,000000000000000;1,0000000000000000;1,0000000000000000
2021-08-05;60+;1;1,0;1;1;1;1;1;1;1;1;1,0;1;11;11,0;11;11;11;11;11;11;11;11;11,0;11,0;1,000000000000000;1,000000000000000;1,000000000000000;1,000000000000000;1,000000000000000;1,000000000000000;1,000000000000000;1,000000000000000;1,000000000000000;1,0000000000000000;1,0000000000000000
2021-08-05;alle;8;8,0;8;8;8;8;8;8;8;8;8,0;8;42;42,0;42;42;42;42;42;42;42;42;42,0;42,0;NA;NA;NA;NA;NA;NA;NA;NA;NA;NA;NA
2021-08-04;0-60;7;7,0;7;7;7;7;7;7;7;7;7,0;7;28;28,0;28;28;28;28;28;28;28;28;28,0;28,0;1,000000000000000;1,000000000000000;1,000000000000000;1,000000000000000;1,000000000000000;1,000000000000000;1,000000000000000;1,000000000000000;1,000000000000000;1,0000000000000000;1,0000000000000000
2021-08-04;60+;0;0,0;0;0;0;0;0;0;0;0;0,0;0;10;10,0;10;10;10;10;10;10;10;10;10,0;10,0;1,000000000000000;1,000000000000000;1,000000000000000;1,000000000000000;1,000000000000000;1,000000000000000;1,000000000000000;1,000000000000000;1,000000000000000;1,0000000000000000;1,0000000000000000
2021-08-04;alle;7;7,0;7;7;7;7;7;7;7;7;7,0;7;38;38,0;38;38;38;38;38;38;38;38;38,0;38,0;NA;NA;NA;NA;NA;NA;NA;NA;NA;NA;NA
2021-08-03;0-60;9;9,0;9;9;9;9;9;9;9;9;9,0;9;21;21,0;21;21;21;21;21;21;21;21;21,0;21,0;1,000000000000000;1,000000000000000;1,000000000000000;1,000000000000000;1,000000000000000;1,000000000000000;1,000000000000000;1,000000000000000;1,000000000000000;1,0000000000000000;1,0000000000000000
2021-08-03;60+;5;5,0;5;5;5;5;5;5;5;5;5,0;5;12;12,0;12;12;12;12;12;12;12;12;12,0;12,0;1,000000000000000;1,000000000000000;1,000000000000000;1,000000000000000;1,000000000000000;1,000000000000000;1,000000000000000;1,000000000000000;1,000000000000000;1,0000000000000000;1,0000000000000000
2021-08-03;alle;14;14,0;14;14;14;14;14;14;14;14;14,0;14;33;33,0;33;33;33;33;33;33;33;33;33,0;33,0;NA;NA;NA;NA;NA;NA;NA;NA;NA;NA;NA
2021-08-02;0-60;0;0,0;0;0;0;0;0;0;0;0;0,0;0;21;21,0;21;21;21;21;21;21;21;21;21,0;21,0;1,000000000000000;1,000000000000000;1,000000000000000;1,000000000000000;1,000000000000000;1,000000000000000;1,000000000000000;1,000000000000000;1,000000000000000;1,0000000000000000;1,0000000000000000
2021-08-02;60+;0;0,0;0;0;0;0;0;0;0;0;0,0;0;10;10,0;10;10;10;10;10;10;10;10;10,0;10,0;1,000000000000000;1,000000000000000;1,000000000000000;1,000000000000000;1,000000000000000;1,000000000000000;1,000000000000000;1,000000000000000;1,000000000000000;1,0000000000000000;1,0000000000000000
2021-08-02;alle;0;0,0;0;0;0;0;0;0;0;0;0,0;0;31;31,0;31;31;31;31;31;31;31;31;31,0;31,0;NA;NA;NA;NA;NA;NA;NA;NA;NA;NA;NA
2021-08-01;0-60;0;0,0;0;0;0;0;0;0;0;0;0,0;0;21;21,0;21;21;21;21;21;21;21;21;21,0;21,0;1,000000000000000;1,000000000000000;1,000000000000000;1,000000000000000;1,000000000000000;1,000000000000000;1,000000000000000;1,000000000000000;1,000000000000000;1,0000000000000000;1,0000000000000000
2021-08-01;60+;0;0,0;0;0;0;0;0;0;0;0;0,0;0;10;10,0;10;10;10;10;10;10;10;10;10,0;10,0;1,000000000000000;1,000000000000000;1,000000000000000;1,000000000000000;1,000000000000000;1,000000000000000;1,000000000000000;1,000000000000000;1,000000000000000;1,0000000000000000;1,0000000000000000
2021-08-01;alle;0;0,0;0;0;0;0;0;0;0;0;0,0;0;31;31,0;31;31;31;31;31;31;31;31;31,0;31,0;NA;NA;NA;NA;NA;NA;NA;NA;NA;NA;NA
2021-07-31;0-60;5;5,0;5;5;5;5;5;5;5;5;5,0;5;21;21,0;21;21;21;21;21;21;21;21;21,0;21,0;1,000000000000000;1,000000000000000;1,000000000000000;1,000000000000000;1,000000000000000;1,000000000000000;1,000000000000000;1,000000000000000;1,000000000000000;1,0000000000000000;1,0000000000000000
2021-07-31;60+;4;4,0;4;4;4;4;4;4;4;4;4,0;4;11;11,0;11;11;11;11;11;11;11;11;11,0;11,0;1,000000000000000;1,000000000000000;1,000000000000000;1,000000000000000;1,000000000000000;1,000000000000000;1,000000000000000;1,000000000000000;1,000000000000000;1,0000000000000000;1,0000000000000000
2021-07-31;alle;9;9,0;9;9;9;9;9;9;9;9;9,0;9;32;32,0;32;32;32;32;32;32;32;32;32,0;32,0;NA;NA;NA;NA;NA;NA;NA;NA;NA;NA;NA
2021-07-30;0-60;3;3,0;3;3;3;3;3;3;3;3;3,0;3;20;20,0;20;20;20;20;20;20;20;20;20,0;20,0;1,000000000000000;1,000000000000000;1,000000000000000;1,000000000000000;1,000000000000000;1,000000000000000;1,000000000000000;1,000000000000000;1,000000000000000;1,0000000000000000;1,0000000000000000
2021-07-30;60+;1;1,0;1;1;1;1;1;1;1;1;1,0;1;10;10,0;10;10;10;10;10;10;10;10;10,0;10,0;1,000000000000000;1,000000000000000;1,000000000000000;1,000000000000000;1,000000000000000;1,000000000000000;1,000000000000000;1,000000000000000;1,000000000000000;1,0000000000000000;1,0000000000000000
2021-07-30;alle;4;4,0;4;4;4;4;4;4;4;4;4,0;4;30;30,0;30;30;30;30;30;30;30;30;30,0;30,0;NA;NA;NA;NA;NA;NA;NA;NA;NA;NA;NA
2021-07-29;0-60;4;4,0;4;4;4;4;4;4;4;4;4,0;4;21;21,0;21;21;21;21;21;21;21;21;21,0;21,0;1,000000000000000;1,000000000000000;1,000000000000000;1,000000000000000;1,000000000000000;1,000000000000000;1,000000000000000;1,000000000000000;1,000000000000000;1,0000000000000000;1,0000000000000000
2021-07-29;60+;0;0,0;0;0;0;0;0;0;0;0;0,0;0;9;9,0;9;9;9;9;9;9;9;9;9,0;9,0;1,000000000000000;1,000000000000000;1,000000000000000;1,000000000000000;1,000000000000000;1,000000000000000;1,000000000000000;1,000000000000000;1,000000000000000;1,0000000000000000;1,0000000000000000
2021-07-29;alle;4;4,0;4;4;4;4;4;4;4;4;4,0;4;30;30,0;30;30;30;30;30;30;30;30;30,0;30,0;NA;NA;NA;NA;NA;NA;NA;NA;NA;NA;NA
2021-07-28;0-60;0;0,0;0;0;0;0;0;0;0;0;0,0;0;21;21,0;21;21;21;21;21;21;21;21;21,0;21,0;1,000000000000000;1,000000000000000;1,000000000000000;1,000000000000000;1,000000000000000;1,000000000000000;1,000000000000000;1,000000000000000;1,000000000000000;1,0000000000000000;1,0000000000000000
2021-07-28;60+;2;2,0;2;2;2;2;2;2;2;2;2,0;2;9;9,0;9;9;9;9;9;9;9;9;9,0;9,0;1,000000000000000;1,000000000000000;1,000000000000000;1,000000000000000;1,000000000000000;1,000000000000000;1,000000000000000;1,000000000000000;1,000000000000000;1,0000000000000000;1,0000000000000000
2021-07-28;alle;2;2,0;2;2;2;2;2;2;2;2;2,0;2;30;30,0;30;30;30;30;30;30;30;30;30,0;30,0;NA;NA;NA;NA;NA;NA;NA;NA;NA;NA;NA
2021-07-27;0-60;9;9,0;9;9;9;9;9;9;9;9;9,0;9;26;26,0;26;26;26;26;26;26;26;26;26,0;26,0;1,000000000000000;1,000000000000000;1,000000000000000;1,000000000000000;1,000000000000000;1,000000000000000;1,000000000000000;1,000000000000000;1,000000000000000;1,0000000000000000;1,0000000000000000
2021-07-27;60+;3;3,0;3;3;3;3;3;3;3;3;3,0;3;7;7,0;7;7;7;7;7;7;7;7;7,0;7,0;1,000000000000000;1,000000000000000;1,000000000000000;1,000000000000000;1,000000000000000;1,000000000000000;1,000000000000000;1,000000000000000;1,000000000000000;1,0000000000000000;1,0000000000000000
2021-07-27;alle;12;12,0;12;12;12;12;12;12;12;12;12,0;12;33;33,0;33;33;33;33;33;33;33;33;33,0;33,0;NA;NA;NA;NA;NA;NA;NA;NA;NA;NA;NA
2021-07-26;0-60;0;0,0;0;0;0;0;0;0;0;0;0,0;0;25;25,0;25;25;25;25;25;25;25;25;25,0;25,0;1,000000000000000;1,000000000000000;1,000000000000000;1,000000000000000;1,000000000000000;1,000000000000000;1,000000000000000;1,000000000000000;1,000000000000000;1,0000000000000000;1,0000000000000000
2021-07-26;60+;0;0,0;0;0;0;0;0;0;0;0;0,0;0;6;6,0;6;6;6;6;6;6;6;6;6,0;6,0;1,000000000000000;1,000000000000000;1,000000000000000;1,000000000000000;1,000000000000000;1,000000000000000;1,000000000000000;1,000000000000000;1,000000000000000;1,0000000000000000;1,0000000000000000
2021-07-26;alle;0;0,0;0;0;0;0;0;0;0;0;0,0;0;31;31,0;31;31;31;31;31;31;31;31;31,0;31,0;NA;NA;NA;NA;NA;NA;NA;NA;NA;NA;NA
2021-07-25;0-60;0;0,0;0;0;0;0;0;0;0;0;0,0;0;25;25,0;25;25;25;25;25;25;25;25;25,0;25,0;1,000000000000000;1,000000000000000;1,000000000000000;1,000000000000000;1,000000000000000;1,000000000000000;1,000000000000000;1,000000000000000;1,000000000000000;1,0000000000000000;1,0000000000000000
2021-07-25;60+;1;1,0;1;1;1;1;1;1;1;1;1,0;1;6;6,0;6;6;6;6;6;6;6;6;6,0;6,0;1,000000000000000;1,000000000000000;1,000000000000000;1,000000000000000;1,000000000000000;1,000000000000000;1,000000000000000;1,000000000000000;1,000000000000000;1,0000000000000000;1,0000000000000000
2021-07-25;alle;1;1,0;1;1;1;1;1;1;1;1;1,0;1;31;31,0;31;31;31;31;31;31;31;31;31,0;31,0;NA;NA;NA;NA;NA;NA;NA;NA;NA;NA;NA
2021-07-24;0-60;4;4,0;4;4;4;4;4;4;4;4;4,0;4;25;25,0;25;25;25;25;25;25;25;25;25,0;25,0;1,000000000000000;1,000000000000000;1,000000000000000;1,000000000000000;1,000000000000000;1,000000000000000;1,000000000000000;1,000000000000000;1,000000000000000;1,0000000000000000;1,0000000000000000
2021-07-24;60+;3;3,0;3;3;3;3;3;3;3;3;3,0;3;5;5,0;5;5;5;5;5;5;5;5;5,0;5,0;1,000000000000000;1,000000000000000;1,000000000000000;1,000000000000000;1,000000000000000;1,000000000000000;1,000000000000000;1,000000000000000;1,000000000000000;1,0000000000000000;1,0000000000000000
2021-07-24;alle;7;7,0;7;7;7;7;7;7;7;7;7,0;7;30;30,0;30;30;30;30;30;30;30;30;30,0;30,0;NA;NA;NA;NA;NA;NA;NA;NA;NA;NA;NA
2021-07-23;0-60;4;4,0;4;4;4;4;4;4;4;4;4,0;4;22;22,0;22;22;22;22;22;22;22;22;22,0;22,0;1,000000000000000;1,000000000000000;1,000000000000000;1,000000000000000;1,000000000000000;1,000000000000000;1,000000000000000;1,000000000000000;1,000000000000000;1,0000000000000000;1,0000000000000000
2021-07-23;60+;0;0,0;0;0;0;0;0;0;0;0;0,0;0;2;2,0;2;2;2;2;2;2;2;2;2,0;2,0;1,000000000000000;1,000000000000000;1,000000000000000;1,000000000000000;1,000000000000000;1,000000000000000;1,000000000000000;1,000000000000000;1,000000000000000;1,0000000000000000;1,0000000000000000
2021-07-23;alle;4;4,0;4;4;4;4;4;4;4;4;4,0;4;24;24,0;24;24;24;24;24;24;24;24;24,0;24,0;NA;NA;NA;NA;NA;NA;NA;NA;NA;NA;NA
2021-07-22;0-60;4;4,0;4;4;4;4;4;4;4;4;4,0;4;24;24,0;24;24;24;24;24;24;24;24;24,0;24,0;1,000000000000000;1,000000000000000;1,000000000000000;1,000000000000000;1,000000000000000;1,000000000000000;1,000000000000000;1,000000000000000;1,000000000000000;1,0000000000000000;1,0000000000000000
2021-07-22;60+;0;0,0;0;0;0;0;0;0;0;0;0,0;0;4;4,0;4;4;4;4;4;4;4;4;4,0;4,0;1,000000000000000;1,000000000000000;1,000000000000000;1,000000000000000;1,000000000000000;1,000000000000000;1,000000000000000;1,000000000000000;1,000000000000000;1,0000000000000000;1,0000000000000000
2021-07-22;alle;4;4,0;4;4;4;4;4;4;4;4;4,0;4;28;28,0;28;28;28;28;28;28;28;28;28,0;28,0;NA;NA;NA;NA;NA;NA;NA;NA;NA;NA;NA
2021-07-21;0-60;5;5,0;5;5;5;5;5;5;5;5;5,0;5;23;23,0;23;23;23;23;23;23;23;23;23,0;23,0;1,000000000000000;1,000000000000000;1,000000000000000;1,000000000000000;1,000000000000000;1,000000000000000;1,000000000000000;1,000000000000000;1,000000000000000;1,0000000000000000;1,0000000000000000
2021-07-21;60+;0;0,0;0;0;0;0;0;0;0;0;0,0;0;4;4,0;4;4;4;4;4;4;4;4;4,0;4,0;1,000000000000000;1,000000000000000;1,000000000000000;1,000000000000000;1,000000000000000;1,000000000000000;1,000000000000000;1,000000000000000;1,000000000000000;1,0000000000000000;1,0000000000000000
2021-07-21;alle;5;5,0;5;5;5;5;5;5;5;5;5,0;5;27;27,0;27;27;27;27;27;27;27;27;27,0;27,0;NA;NA;NA;NA;NA;NA;NA;NA;NA;NA;NA
2021-07-20;0-60;8;8,0;8;8;8;8;8;8;8;8;8,0;8;26;26,0;26;26;26;26;26;26;26;26;26,0;26,0;1,000000000000000;1,000000000000000;1,000000000000000;1,000000000000000;1,000000000000000;1,000000000000000;1,000000000000000;1,000000000000000;1,000000000000000;1,0000000000000000;1,0000000000000000
2021-07-20;60+;2;2,0;2;2;2;2;2;2;2;2;2,0;2;7;7,0;7;7;7;7;7;7;7;7;7,0;7,0;1,000000000000000;1,000000000000000;1,000000000000000;1,000000000000000;1,000000000000000;1,000000000000000;1,000000000000000;1,000000000000000;1,000000000000000;1,0000000000000000;1,0000000000000000
2021-07-20;alle;10;10,0;10;10;10;10;10;10;10;10;10,0;10;33;33,0;33;33;33;33;33;33;33;33;33,0;33,0;NA;NA;NA;NA;NA;NA;NA;NA;NA;NA;NA
2021-07-19;0-60;0;0,0;0;0;0;0;0;0;0;0;0,0;0;20;20,0;20;20;20;20;20;20;20;20;20,0;20,0;1,000000000000000;1,000000000000000;1,000000000000000;1,000000000000000;1,000000000000000;1,000000000000000;1,000000000000000;1,000000000000000;1,000000000000000;1,0000000000000000;1,0000000000000000
2021-07-19;60+;0;0,0;0;0;0;0;0;0;0;0;0,0;0;5;5,0;5;5;5;5;5;5;5;5;5,0;5,0;1,000000000000000;1,000000000000000;1,000000000000000;1,000000000000000;1,000000000000000;1,000000000000000;1,000000000000000;1,000000000000000;1,000000000000000;1,0000000000000000;1,0000000000000000
2021-07-19;alle;0;0,0;0;0;0;0;0;0;0;0;0,0;0;25;25,0;25;25;25;25;25;25;25;25;25,0;25,0;NA;NA;NA;NA;NA;NA;NA;NA;NA;NA;NA
2021-07-18;0-60;0;0,0;0;0;0;0;0;0;0;0;0,0;0;20;20,0;20;20;20;20;20;20;20;20;20,0;20,0;1,000000000000000;1,000000000000000;1,000000000000000;1,000000000000000;1,000000000000000;1,000000000000000;1,000000000000000;1,000000000000000;1,000000000000000;1,0000000000000000;1,0000000000000000
2021-07-18;60+;0;0,0;0;0;0;0;0;0;0;0;0,0;0;5;5,0;5;5;5;5;5;5;5;5;5,0;5,0;1,000000000000000;1,000000000000000;1,000000000000000;1,000000000000000;1,000000000000000;1,000000000000000;1,000000000000000;1,000000000000000;1,000000000000000;1,0000000000000000;1,0000000000000000
2021-07-18;alle;0;0,0;0;0;0;0;0;0;0;0;0,0;0;25;25,0;25;25;25;25;25;25;25;25;25,0;25,0;NA;NA;NA;NA;NA;NA;NA;NA;NA;NA;NA
2021-07-17;0-60;1;1,0;1;1;1;1;1;1;1;1;1,0;1;20;20,0;20;20;20;20;20;20;20;20;20,0;20,0;1,000000000000000;1,000000000000000;1,000000000000000;1,000000000000000;1,000000000000000;1,000000000000000;1,000000000000000;1,000000000000000;1,000000000000000;1,0000000000000000;1,0000000000000000
2021-07-17;60+;0;0,0;0;0;0;0;0;0;0;0;0,0;0;5;5,0;5;5;5;5;5;5;5;5;5,0;5,0;1,000000000000000;1,000000000000000;1,000000000000000;1,000000000000000;1,000000000000000;1,000000000000000;1,000000000000000;1,000000000000000;1,000000000000000;1,0000000000000000;1,0000000000000000
2021-07-17;alle;1;1,0;1;1;1;1;1;1;1;1;1,0;1;25;25,0;25;25;25;25;25;25;25;25;25,0;25,0;NA;NA;NA;NA;NA;NA;NA;NA;NA;NA;NA
2021-07-16;0-60;6;6,0;6;6;6;6;6;6;6;6;6,0;6;20;20,0;20;20;20;20;20;20;20;20;20,0;20,0;1,000000000000000;1,000000000000000;1,000000000000000;1,000000000000000;1,000000000000000;1,000000000000000;1,000000000000000;1,000000000000000;1,000000000000000;1,0000000000000000;1,0000000000000000
2021-07-16;60+;2;2,0;2;2;2;2;2;2;2;2;2,0;2;5;5,0;5;5;5;5;5;5;5;5;5,0;5,0;1,000000000000000;1,000000000000000;1,000000000000000;1,000000000000000;1,000000000000000;1,000000000000000;1,000000000000000;1,000000000000000;1,000000000000000;1,0000000000000000;1,0000000000000000
2021-07-16;alle;8;8,0;8;8;8;8;8;8;8;8;8,0;8;25;25,0;25;25;25;25;25;25;25;25;25,0;25,0;NA;NA;NA;NA;NA;NA;NA;NA;NA;NA;NA
2021-07-15;0-60;3;3,0;3;3;3;3;3;3;3;3;3,0;3;14;14,0;14;14;14;14;14;14;14;14;14,0;14,0;1,000000000000000;1,000000000000000;1,000000000000000;1,000000000000000;1,000000000000000;1,000000000000000;1,000000000000000;1,000000000000000;1,000000000000000;1,0000000000000000;1,0000000000000000
2021-07-15;60+;0;0,0;0;0;0;0;0;0;0;0;0,0;0;3;3,0;3;3;3;3;3;3;3;3;3,0;3,0;1,000000000000000;1,000000000000000;1,000000000000000;1,000000000000000;1,000000000000000;1,000000000000000;1,000000000000000;1,000000000000000;1,000000000000000;1,0000000000000000;1,0000000000000000
2021-07-15;alle;3;3,0;3;3;3;3;3;3;3;3;3,0;3;17;17,0;17;17;17;17;17;17;17;17;17,0;17,0;NA;NA;NA;NA;NA;NA;NA;NA;NA;NA;NA
2021-07-14;0-60;8;8,0;8;8;8;8;8;8;8;8;8,0;8;11;11,0;11;11;11;11;11;11;11;11;11,0;11,0;1,000000000000000;1,000000000000000;1,000000000000000;1,000000000000000;1,000000000000000;1,000000000000000;1,000000000000000;1,000000000000000;1,000000000000000;1,0000000000000000;1,0000000000000000
2021-07-14;60+;3;3,0;3;3;3;3;3;3;3;3;3,0;3;3;3,0;3;3;3;3;3;3;3;3;3,0;3,0;1,000000000000000;1,000000000000000;1,000000000000000;1,000000000000000;1,000000000000000;1,000000000000000;1,000000000000000;1,000000000000000;1,000000000000000;1,0000000000000000;1,0000000000000000
2021-07-14;alle;11;11,0;11;11;11;11;11;11;11;11;11,0;11;14;14,0;14;14;14;14;14;14;14;14;14,0;14,0;NA;NA;NA;NA;NA;NA;NA;NA;NA;NA;NA
2021-07-13;0-60;2;2,0;2;2;2;2;2;2;2;2;2,0;2;4;4,0;4;4;4;4;4;4;4;4;4,0;4,0;1,000000000000000;1,000000000000000;1,000000000000000;1,000000000000000;1,000000000000000;1,000000000000000;1,000000000000000;1,000000000000000;1,000000000000000;1,0000000000000000;1,0000000000000000
2021-07-13;60+;0;0,0;0;0;0;0;0;0;0;0;0,0;0;1;1,0;1;1;1;1;1;1;1;1;1,0;1,0;1,000000000000000;1,000000000000000;1,000000000000000;1,000000000000000;1,000000000000000;1,000000000000000;1,000000000000000;1,000000000000000;1,000000000000000;1,0000000000000000;1,0000000000000000
2021-07-13;alle;2;2,0;2;2;2;2;2;2;2;2;2,0;2;5;5,0;5;5;5;5;5;5;5;5;5,0;5,0;NA;NA;NA;NA;NA;NA;NA;NA;NA;NA;NA
2021-07-12;0-60;0;0,0;0;0;0;0;0;0;0;0;0,0;0;5;5,0;5;5;5;5;5;5;5;5;5,0;5,0;1,000000000000000;1,000000000000000;1,000000000000000;1,000000000000000;1,000000000000000;1,000000000000000;1,000000000000000;1,000000000000000;1,000000000000000;1,0000000000000000;1,0000000000000000
2021-07-12;60+;0;0,0;0;0;0;0;0;0;0;0;0,0;0;3;3,0;3;3;3;3;3;3;3;3;3,0;3,0;1,000000000000000;1,000000000000000;1,000000000000000;1,000000000000000;1,000000000000000;1,000000000000000;1,000000000000000;1,000000000000000;1,000000000000000;1,0000000000000000;1,0000000000000000
2021-07-12;alle;0;0,0;0;0;0;0;0;0;0;0;0,0;0;8;8,0;8;8;8;8;8;8;8;8;8,0;8,0;NA;NA;NA;NA;NA;NA;NA;NA;NA;NA;NA
2021-07-11;0-60;0;0,0;0;0;0;0;0;0;0;0;0,0;0;5;5,0;5;5;5;5;5;5;5;5;5,0;5,0;1,000000000000000;1,000000000000000;1,000000000000000;1,000000000000000;1,000000000000000;1,000000000000000;1,000000000000000;1,000000000000000;1,000000000000000;1,0000000000000000;1,0000000000000000
2021-07-11;60+;0;0,0;0;0;0;0;0;0;0;0;0,0;0;4;4,0;4;4;4;4;4;4;4;4;4,0;4,0;1,000000000000000;1,000000000000000;1,000000000000000;1,000000000000000;1,000000000000000;1,000000000000000;1,000000000000000;1,000000000000000;1,000000000000000;1,0000000000000000;1,0000000000000000
2021-07-11;alle;0;0,0;0;0;0;0;0;0;0;0;0,0;0;9;9,0;9;9;9;9;9;9;9;9;9,0;9,0;NA;NA;NA;NA;NA;NA;NA;NA;NA;NA;NA
2021-07-10;0-60;1;1,0;1;1;1;1;1;1;1;1;1,0;1;5;5,0;5;5;5;5;5;5;5;5;5,0;5,0;1,000000000000000;1,000000000000000;1,000000000000000;1,000000000000000;1,000000000000000;1,000000000000000;1,000000000000000;1,000000000000000;1,000000000000000;1,0000000000000000;1,0000000000000000
2021-07-10;60+;0;0,0;0;0;0;0;0;0;0;0;0,0;0;4;4,0;4;4;4;4;4;4;4;4;4,0;4,0;1,000000000000000;1,000000000000000;1,000000000000000;1,000000000000000;1,000000000000000;1,000000000000000;1,000000000000000;1,000000000000000;1,000000000000000;1,0000000000000000;1,0000000000000000
2021-07-10;alle;1;1,0;1;1;1;1;1;1;1;1;1,0;1;9;9,0;9;9;9;9;9;9;9;9;9,0;9,0;NA;NA;NA;NA;NA;NA;NA;NA;NA;NA;NA
2021-07-09;0-60;0;0,0;0;0;0;0;0;0;0;0;0,0;0;5;5,0;5;5;5;5;5;5;5;5;5,0;5,0;1,000000000000000;1,000000000000000;1,000000000000000;1,000000000000000;1,000000000000000;1,000000000000000;1,000000000000000;1,000000000000000;1,000000000000000;1,0000000000000000;1,0000000000000000
2021-07-09;60+;0;0,0;0;0;0;0;0;0;0;0;0,0;0;5;5,0;5;5;5;5;5;5;5;5;5,0;5,0;1,000000000000000;1,000000000000000;1,000000000000000;1,000000000000000;1,000000000000000;1,000000000000000;1,000000000000000;1,000000000000000;1,000000000000000;1,0000000000000000;1,0000000000000000
2021-07-09;alle;0;0,0;0;0;0;0;0;0;0;0;0,0;0;10;10,0;10;10;10;10;10;10;10;10;10,0;10,0;NA;NA;NA;NA;NA;NA;NA;NA;NA;NA;NA
2021-07-08;0-60;0;0,0;0;0;0;0;0;0;0;0;0,0;0;5;5,0;5;5;5;5;5;5;5;5;5,0;5,0;1,000000000000000;1,000000000000000;1,000000000000000;1,000000000000000;1,000000000000000;1,000000000000000;1,000000000000000;1,000000000000000;1,000000000000000;1,0000000000000000;1,0000000000000000
2021-07-08;60+;0;0,0;0;0;0;0;0;0;0;0;0,0;0;6;6,0;6;6;6;6;6;6;6;6;6,0;6,0;1,000000000000000;1,000000000000000;1,000000000000000;1,000000000000000;1,000000000000000;1,000000000000000;1,000000000000000;1,000000000000000;1,000000000000000;1,0000000000000000;1,0000000000000000
2021-07-08;alle;0;0,0;0;0;0;0;0;0;0;0;0,0;0;11;11,0;11;11;11;11;11;11;11;11;11,0;11,0;NA;NA;NA;NA;NA;NA;NA;NA;NA;NA;NA
2021-07-07;0-60;1;1,0;1;1;1;1;1;1;1;1;1,0;1;6;6,0;6;6;6;6;6;6;6;6;6,0;6,0;1,000000000000000;1,000000000000000;1,000000000000000;1,000000000000000;1,000000000000000;1,000000000000000;1,000000000000000;1,000000000000000;1,000000000000000;1,0000000000000000;1,0000000000000000
2021-07-07;60+;1;1,0;1;1;1;1;1;1;1;1;1,0;1;6;6,0;6;6;6;6;6;6;6;6;6,0;6,0;1,000000000000000;1,000000000000000;1,000000000000000;1,000000000000000;1,000000000000000;1,000000000000000;1,000000000000000;1,000000000000000;1,000000000000000;1,0000000000000000;1,0000000000000000
2021-07-07;alle;2;2,0;2;2;2;2;2;2;2;2;2,0;2;12;12,0;12;12;12;12;12;12;12;12;12,0;12,0;NA;NA;NA;NA;NA;NA;NA;NA;NA;NA;NA
2021-07-06;0-60;3;3,0;3;3;3;3;3;3;3;3;3,0;3;7;7,0;7;7;7;7;7;7;7;7;7,0;7,0;1,000000000000000;1,000000000000000;1,000000000000000;1,000000000000000;1,000000000000000;1,000000000000000;1,000000000000000;1,000000000000000;1,000000000000000;1,0000000000000000;1,0000000000000000
2021-07-06;60+;2;2,0;2;2;2;2;2;2;2;2;2,0;2;5;5,0;5;5;5;5;5;5;5;5;5,0;5,0;1,000000000000000;1,000000000000000;1,000000000000000;1,000000000000000;1,000000000000000;1,000000000000000;1,000000000000000;1,000000000000000;1,000000000000000;1,0000000000000000;1,0000000000000000
2021-07-06;alle;5;5,0;5;5;5;5;5;5;5;5;5,0;5;12;12,0;12;12;12;12;12;12;12;12;12,0;12,0;NA;NA;NA;NA;NA;NA;NA;NA;NA;NA;NA
2021-07-05;0-60;0;0,0;0;0;0;0;0;0;0;0;0,0;0;6;6,0;6;6;6;6;6;6;6;6;6,0;6,0;1,000000000000000;1,000000000000000;1,000000000000000;1,000000000000000;1,000000000000000;1,000000000000000;1,000000000000000;1,000000000000000;1,000000000000000;1,0000000000000000;1,0000000000000000
2021-07-05;60+;1;1,0;1;1;1;1;1;1;1;1;1,0;1;4;4,0;4;4;4;4;4;4;4;4;4,0;4,0;1,000000000000000;1,000000000000000;1,000000000000000;1,000000000000000;1,000000000000000;1,000000000000000;1,000000000000000;1,000000000000000;1,000000000000000;1,0000000000000000;1,0000000000000000
2021-07-05;alle;1;1,0;1;1;1;1;1;1;1;1;1,0;1;10;10,0;10;10;10;10;10;10;10;10;10,0;10,0;NA;NA;NA;NA;NA;NA;NA;NA;NA;NA;NA
2021-07-04;0-60;0;0,0;0;0;0;0;0;0;0;0;0,0;0;6;6,0;6;6;6;6;6;6;6;6;6,0;6,0;1,000000000000000;1,000000000000000;1,000000000000000;1,000000000000000;1,000000000000000;1,000000000000000;1,000000000000000;1,000000000000000;1,000000000000000;1,0000000000000000;1,0000000000000000
2021-07-04;60+;0;0,0;0;0;0;0;0;0;0;0;0,0;0;3;3,0;3;3;3;3;3;3;3;3;3,0;3,0;1,000000000000000;1,000000000000000;1,000000000000000;1,000000000000000;1,000000000000000;1,000000000000000;1,000000000000000;1,000000000000000;1,000000000000000;1,0000000000000000;1,0000000000000000
2021-07-04;alle;0;0,0;0;0;0;0;0;0;0;0;0,0;0;9;9,0;9;9;9;9;9;9;9;9;9,0;9,0;NA;NA;NA;NA;NA;NA;NA;NA;NA;NA;NA
2021-07-03;0-60;1;1,0;1;1;1;1;1;1;1;1;1,0;1;6;6,0;6;6;6;6;6;6;6;6;6,0;6,0;1,000000000000000;1,000000000000000;1,000000000000000;1,000000000000000;1,000000000000000;1,000000000000000;1,000000000000000;1,000000000000000;1,000000000000000;1,0000000000000000;1,0000000000000000
2021-07-03;60+;1;1,0;1;1;1;1;1;1;1;1;1,0;1;3;3,0;3;3;3;3;3;3;3;3;3,0;3,0;1,000000000000000;1,000000000000000;1,000000000000000;1,000000000000000;1,000000000000000;1,000000000000000;1,000000000000000;1,000000000000000;1,000000000000000;1,0000000000000000;1,0000000000000000
2021-07-03;alle;2;2,0;2;2;2;2;2;2;2;2;2,0;2;9;9,0;9;9;9;9;9;9;9;9;9,0;9,0;NA;NA;NA;NA;NA;NA;NA;NA;NA;NA;NA
2021-07-02;0-60;0;0,0;0;0;0;0;0;0;0;0;0,0;0;6;6,0;6;6;6;6;6;6;6;6;6,0;6,0;1,000000000000000;1,000000000000000;1,000000000000000;1,000000000000000;1,000000000000000;1,000000000000000;1,000000000000000;1,000000000000000;1,000000000000000;1,0000000000000000;1,0000000000000000
2021-07-02;60+;1;1,0;1;1;1;1;1;1;1;1;1,0;1;3;3,0;3;3;3;3;3;3;3;3;3,0;3,0;1,000000000000000;1,000000000000000;1,000000000000000;1,000000000000000;1,000000000000000;1,000000000000000;1,000000000000000;1,000000000000000;1,000000000000000;1,0000000000000000;1,0000000000000000
2021-07-02;alle;1;1,0;1;1;1;1;1;1;1;1;1,0;1;9;9,0;9;9;9;9;9;9;9;9;9,0;9,0;NA;NA;NA;NA;NA;NA;NA;NA;NA;NA;NA
2021-07-01;0-60;1;1,0;1;1;1;1;1;1;1;1;1,0;1;7;7,0;7;7;7;7;7;7;7;7;7,0;7,0;1,000000000000000;1,000000000000000;1,000000000000000;1,000000000000000;1,000000000000000;1,000000000000000;1,000000000000000;1,000000000000000;1,000000000000000;1,0000000000000000;1,0000000000000000
2021-07-01;60+;0;0,0;0;0;0;0;0;0;0;0;0,0;0;4;4,0;4;4;4;4;4;4;4;4;4,0;4,0;1,000000000000000;1,000000000000000;1,000000000000000;1,000000000000000;1,000000000000000;1,000000000000000;1,000000000000000;1,000000000000000;1,000000000000000;1,0000000000000000;1,0000000000000000
2021-07-01;alle;1;1,0;1;1;1;1;1;1;1;1;1,0;1;11;11,0;11;11;11;11;11;11;11;11;11,0;11,0;NA;NA;NA;NA;NA;NA;NA;NA;NA;NA;NA
2021-06-30;0-60;2;2,0;2;2;2;2;2;2;2;2;2,0;2;9;9,0;9;9;9;9;9;9;9;9;9,0;9,0;1,000000000000000;1,000000000000000;1,000000000000000;1,000000000000000;1,000000000000000;1,000000000000000;1,000000000000000;1,000000000000000;1,000000000000000;1,0000000000000000;1,0000000000000000
2021-06-30;60+;0;0,0;0;0;0;0;0;0;0;0;0,0;0;4;4,0;4;4;4;4;4;4;4;4;4,0;4,0;1,000000000000000;1,000000000000000;1,000000000000000;1,000000000000000;1,000000000000000;1,000000000000000;1,000000000000000;1,000000000000000;1,000000000000000;1,0000000000000000;1,0000000000000000
2021-06-30;alle;2;2,0;2;2;2;2;2;2;2;2;2,0;2;13;13,0;13;13;13;13;13;13;13;13;13,0;13,0;NA;NA;NA;NA;NA;NA;NA;NA;NA;NA;NA
2021-06-29;0-60;2;2,0;2;2;2;2;2;2;2;2;2,0;2;8;8,0;8;8;8;8;8;8;8;8;8,0;8,0;1,000000000000000;1,000000000000000;1,000000000000000;1,000000000000000;1,000000000000000;1,000000000000000;1,000000000000000;1,000000000000000;1,000000000000000;1,0000000000000000;1,0000000000000000
2021-06-29;60+;1;1,0;1;1;1;1;1;1;1;1;1,0;1;4;4,0;4;4;4;4;4;4;4;4;4,0;4,0;1,000000000000000;1,000000000000000;1,000000000000000;1,000000000000000;1,000000000000000;1,000000000000000;1,000000000000000;1,000000000000000;1,000000000000000;1,0000000000000000;1,0000000000000000
2021-06-29;alle;3;3,0;3;3;3;3;3;3;3;3;3,0;3;12;12,0;12;12;12;12;12;12;12;12;12,0;12,0;NA;NA;NA;NA;NA;NA;NA;NA;NA;NA;NA
2021-06-28;0-60;0;0,0;0;0;0;0;0;0;0;0;0,0;0;9;9,0;9;9;9;9;9;9;9;9;9,0;9,0;1,000000000000000;1,000000000000000;1,000000000000000;1,000000000000000;1,000000000000000;1,000000000000000;1,000000000000000;1,000000000000000;1,000000000000000;1,0000000000000000;1,0000000000000000
2021-06-28;60+;0;0,0;0;0;0;0;0;0;0;0;0,0;0;3;3,0;3;3;3;3;3;3;3;3;3,0;3,0;1,000000000000000;1,000000000000000;1,000000000000000;1,000000000000000;1,000000000000000;1,000000000000000;1,000000000000000;1,000000000000000;1,000000000000000;1,0000000000000000;1,0000000000000000
2021-06-28;alle;0;0,0;0;0;0;0;0;0;0;0;0,0;0;12;12,0;12;12;12;12;12;12;12;12;12,0;12,0;NA;NA;NA;NA;NA;NA;NA;NA;NA;NA;NA
2021-06-27;0-60;0;0,0;0;0;0;0;0;0;0;0;0,0;0;9;9,0;9;9;9;9;9;9;9;9;9,0;9,0;1,000000000000000;1,000000000000000;1,000000000000000;1,000000000000000;1,000000000000000;1,000000000000000;1,000000000000000;1,000000000000000;1,000000000000000;1,0000000000000000;1,0000000000000000
2021-06-27;60+;0;0,0;0;0;0;0;0;0;0;0;0,0;0;4;4,0;4;4;4;4;4;4;4;4;4,0;4,0;1,000000000000000;1,000000000000000;1,000000000000000;1,000000000000000;1,000000000000000;1,000000000000000;1,000000000000000;1,000000000000000;1,000000000000000;1,0000000000000000;1,0000000000000000
2021-06-27;alle;0;0,0;0;0;0;0;0;0;0;0;0,0;0;13;13,0;13;13;13;13;13;13;13;13;13,0;13,0;NA;NA;NA;NA;NA;NA;NA;NA;NA;NA;NA
2021-06-26;0-60;1;1,0;1;1;1;1;1;1;1;1;1,0;1;10;10,0;10;10;10;10;10;10;10;10;10,0;10,0;1,000000000000000;1,000000000000000;1,000000000000000;1,000000000000000;1,000000000000000;1,000000000000000;1,000000000000000;1,000000000000000;1,000000000000000;1,0000000000000000;1,0000000000000000
2021-06-26;60+;1;1,0;1;1;1;1;1;1;1;1;1,0;1;4;4,0;4;4;4;4;4;4;4;4;4,0;4,0;1,000000000000000;1,000000000000000;1,000000000000000;1,000000000000000;1,000000000000000;1,000000000000000;1,000000000000000;1,000000000000000;1,000000000000000;1,0000000000000000;1,0000000000000000
2021-06-26;alle;2;2,0;2;2;2;2;2;2;2;2;2,0;2;14;14,0;14;14;14;14;14;14;14;14;14,0;14,0;NA;NA;NA;NA;NA;NA;NA;NA;NA;NA;NA
2021-06-25;0-60;1;1,0;1;1;1;1;1;1;1;1;1,0;1;9;9,0;9;9;9;9;9;9;9;9;9,0;9,0;1,000000000000000;1,000000000000000;1,000000000000000;1,000000000000000;1,000000000000000;1,000000000000000;1,000000000000000;1,000000000000000;1,000000000000000;1,0000000000000000;1,0000000000000000
2021-06-25;60+;2;2,0;2;2;2;2;2;2;2;2;2,0;2;4;4,0;4;4;4;4;4;4;4;4;4,0;4,0;1,000000000000000;1,000000000000000;1,000000000000000;1,000000000000000;1,000000000000000;1,000000000000000;1,000000000000000;1,000000000000000;1,000000000000000;1,0000000000000000;1,0000000000000000
2021-06-25;alle;3;3,0;3;3;3;3;3;3;3;3;3,0;3;13;13,0;13;13;13;13;13;13;13;13;13,0;13,0;NA;NA;NA;NA;NA;NA;NA;NA;NA;NA;NA
2021-06-24;0-60;3;3,0;3;3;3;3;3;3;3;3;3,0;3;9;9,0;9;9;9;9;9;9;9;9;9,0;9,0;1,000000000000000;1,000000000000000;1,000000000000000;1,000000000000000;1,000000000000000;1,000000000000000;1,000000000000000;1,000000000000000;1,000000000000000;1,0000000000000000;1,0000000000000000
2021-06-24;60+;0;0,0;0;0;0;0;0;0;0;0;0,0;0;2;2,0;2;2;2;2;2;2;2;2;2,0;2,0;1,000000000000000;1,000000000000000;1,000000000000000;1,000000000000000;1,000000000000000;1,000000000000000;1,000000000000000;1,000000000000000;1,000000000000000;1,0000000000000000;1,0000000000000000
2021-06-24;alle;3;3,0;3;3;3;3;3;3;3;3;3,0;3;11;11,0;11;11;11;11;11;11;11;11;11,0;11,0;NA;NA;NA;NA;NA;NA;NA;NA;NA;NA;NA
2021-06-23;0-60;1;1,0;1;1;1;1;1;1;1;1;1,0;1;8;8,0;8;8;8;8;8;8;8;8;8,0;8,0;1,000000000000000;1,000000000000000;1,000000000000000;1,000000000000000;1,000000000000000;1,000000000000000;1,000000000000000;1,000000000000000;1,000000000000000;1,0000000000000000;1,0000000000000000
2021-06-23;60+;0;0,0;0;0;0;0;0;0;0;0;0,0;0;4;4,0;4;4;4;4;4;4;4;4;4,0;4,0;1,000000000000000;1,000000000000000;1,000000000000000;1,000000000000000;1,000000000000000;1,000000000000000;1,000000000000000;1,000000000000000;1,000000000000000;1,0000000000000000;1,0000000000000000
2021-06-23;alle;1;1,0;1;1;1;1;1;1;1;1;1,0;1;12;12,0;12;12;12;12;12;12;12;12;12,0;12,0;NA;NA;NA;NA;NA;NA;NA;NA;NA;NA;NA
2021-06-22;0-60;3;3,0;3;3;3;3;3;3;3;3;3,0;3;8;8,0;8;8;8;8;8;8;8;8;8,0;8,0;1,000000000000000;1,000000000000000;1,000000000000000;1,000000000000000;1,000000000000000;1,000000000000000;1,000000000000000;1,000000000000000;1,000000000000000;1,0000000000000000;1,0000000000000000
2021-06-22;60+;0;0,0;0;0;0;0;0;0;0;0;0,0;0;9;9,0;9;9;9;9;9;9;9;9;9,0;9,0;1,000000000000000;1,000000000000000;1,000000000000000;1,000000000000000;1,000000000000000;1,000000000000000;1,000000000000000;1,000000000000000;1,000000000000000;1,0000000000000000;1,0000000000000000
2021-06-22;alle;3;3,0;3;3;3;3;3;3;3;3;3,0;3;17;17,0;17;17;17;17;17;17;17;17;17,0;17,0;NA;NA;NA;NA;NA;NA;NA;NA;NA;NA;NA
2021-06-21;0-60;0;0,0;0;0;0;0;0;0;0;0;0,0;0;8;8,0;8;8;8;8;8;8;8;8;8,0;8,0;1,000000000000000;1,000000000000000;1,000000000000000;1,000000000000000;1,000000000000000;1,000000000000000;1,000000000000000;1,000000000000000;1,000000000000000;1,0000000000000000;1,0000000000000000
2021-06-21;60+;1;1,0;1;1;1;1;1;1;1;1;1,0;1;9;9,0;9;9;9;9;9;9;9;9;9,0;9,0;1,000000000000000;1,000000000000000;1,000000000000000;1,000000000000000;1,000000000000000;1,000000000000000;1,000000000000000;1,000000000000000;1,000000000000000;1,0000000000000000;1,0000000000000000
2021-06-21;alle;1;1,0;1;1;1;1;1;1;1;1;1,0;1;17;17,0;17;17;17;17;17;17;17;17;17,0;17,0;NA;NA;NA;NA;NA;NA;NA;NA;NA;NA;NA
2021-06-20;0-60;1;1,0;1;1;1;1;1;1;1;1;1,0;1;8;8,0;8;8;8;8;8;8;8;8;8,0;8,0;1,000000000000000;1,000000000000000;1,000000000000000;1,000000000000000;1,000000000000000;1,000000000000000;1,000000000000000;1,000000000000000;1,000000000000000;1,0000000000000000;1,0000000000000000
2021-06-20;60+;0;0,0;0;0;0;0;0;0;0;0;0,0;0;8;8,0;8;8;8;8;8;8;8;8;8,0;8,0;1,000000000000000;1,000000000000000;1,000000000000000;1,000000000000000;1,000000000000000;1,000000000000000;1,000000000000000;1,000000000000000;1,000000000000000;1,0000000000000000;1,0000000000000000
2021-06-20;alle;1;1,0;1;1;1;1;1;1;1;1;1,0;1;16;16,0;16;16;16;16;16;16;16;16;16,0;16,0;NA;NA;NA;NA;NA;NA;NA;NA;NA;NA;NA
2021-06-19;0-60;0;0,0;0;0;0;0;0;0;0;0;0,0;0;8;8,0;8;8;8;8;8;8;8;8;8,0;8,0;1,000000000000000;1,000000000000000;1,000000000000000;1,000000000000000;1,000000000000000;1,000000000000000;1,000000000000000;1,000000000000000;1,000000000000000;1,0000000000000000;1,0000000000000000
2021-06-19;60+;1;1,0;1;1;1;1;1;1;1;1;1,0;1;8;8,0;8;8;8;8;8;8;8;8;8,0;8,0;1,000000000000000;1,000000000000000;1,000000000000000;1,000000000000000;1,000000000000000;1,000000000000000;1,000000000000000;1,000000000000000;1,000000000000000;1,0000000000000000;1,0000000000000000
2021-06-19;alle;1;1,0;1;1;1;1;1;1;1;1;1,0;1;16;16,0;16;16;16;16;16;16;16;16;16,0;16,0;NA;NA;NA;NA;NA;NA;NA;NA;NA;NA;NA
2021-06-18;0-60;1;1,0;1;1;1;1;1;1;1;1;1,0;1;9;9,0;9;9;9;9;9;9;9;9;9,0;9,0;1,000000000000000;1,000000000000000;1,000000000000000;1,000000000000000;1,000000000000000;1,000000000000000;1,000000000000000;1,000000000000000;1,000000000000000;1,0000000000000000;1,0000000000000000
2021-06-18;60+;0;0,0;0;0;0;0;0;0;0;0;0,0;0;11;11,0;11;11;11;11;11;11;11;11;11,0;11,0;1,000000000000000;1,000000000000000;1,000000000000000;1,000000000000000;1,000000000000000;1,000000000000000;1,000000000000000;1,000000000000000;1,000000000000000;1,0000000000000000;1,0000000000000000
2021-06-18;alle;1;1,0;1;1;1;1;1;1;1;1;1,0;1;20;20,0;20;20;20;20;20;20;20;20;20,0;20,0;NA;NA;NA;NA;NA;NA;NA;NA;NA;NA;NA
2021-06-17;0-60;2;2,0;2;2;2;2;2;2;2;2;2,0;2;9;9,0;9;9;9;9;9;9;9;9;9,0;9,0;1,000000000000000;1,000000000000000;1,000000000000000;1,000000000000000;1,000000000000000;1,000000000000000;1,000000000000000;1,000000000000000;1,000000000000000;1,0000000000000000;1,0000000000000000
2021-06-17;60+;2;2,0;2;2;2;2;2;2;2;2;2,0;2;12;12,0;12;12;12;12;12;12;12;12;12,0;12,0;1,000000000000000;1,000000000000000;1,000000000000000;1,000000000000000;1,000000000000000;1,000000000000000;1,000000000000000;1,000000000000000;1,000000000000000;1,0000000000000000;1,0000000000000000
2021-06-17;alle;4;4,0;4;4;4;4;4;4;4;4;4,0;4;21;21,0;21;21;21;21;21;21;21;21;21,0;21,0;NA;NA;NA;NA;NA;NA;NA;NA;NA;NA;NA
2021-06-16;0-60;1;1,0;1;1;1;1;1;1;1;1;1,0;1;11;11,0;11;11;11;11;11;11;11;11;11,0;11,0;1,000000000000000;1,000000000000000;1,000000000000000;1,000000000000000;1,000000000000000;1,000000000000000;1,000000000000000;1,000000000000000;1,000000000000000;1,0000000000000000;1,0000000000000000
2021-06-16;60+;5;5,0;5;5;5;5;5;5;5;5;5,0;5;12;12,0;12;12;12;12;12;12;12;12;12,0;12,0;1,000000000000000;1,000000000000000;1,000000000000000;1,000000000000000;1,000000000000000;1,000000000000000;1,000000000000000;1,000000000000000;1,000000000000000;1,0000000000000000;1,0000000000000000
2021-06-16;alle;6;6,0;6;6;6;6;6;6;6;6;6,0;6;23;23,0;23;23;23;23;23;23;23;23;23,0;23,0;NA;NA;NA;NA;NA;NA;NA;NA;NA;NA;NA
2021-06-15;0-60;3;3,0;3;3;3;3;3;3;3;3;3,0;3;13;13,0;13;13;13;13;13;13;13;13;13,0;13,0;1,000000000000000;1,000000000000000;1,000000000000000;1,000000000000000;1,000000000000000;1,000000000000000;1,000000000000000;1,000000000000000;1,000000000000000;1,0000000000000000;1,0000000000000000
2021-06-15;60+;0;0,0;0;0;0;0;0;0;0;0;0,0;0;8;8,0;8;8;8;8;8;8;8;8;8,0;8,0;1,000000000000000;1,000000000000000;1,000000000000000;1,000000000000000;1,000000000000000;1,000000000000000;1,000000000000000;1,000000000000000;1,000000000000000;1,0000000000000000;1,0000000000000000
2021-06-15;alle;3;3,0;3;3;3;3;3;3;3;3;3,0;3;21;21,0;21;21;21;21;21;21;21;21;21,0;21,0;NA;NA;NA;NA;NA;NA;NA;NA;NA;NA;NA
2021-06-14;0-60;0;0,0;0;0;0;0;0;0;0;0;0,0;0;11;11,0;11;11;11;11;11;11;11;11;11,0;11,0;1,000000000000000;1,000000000000000;1,000000000000000;1,000000000000000;1,000000000000000;1,000000000000000;1,000000000000000;1,000000000000000;1,000000000000000;1,0000000000000000;1,0000000000000000
2021-06-14;60+;0;0,0;0;0;0;0;0;0;0;0;0,0;0;9;9,0;9;9;9;9;9;9;9;9;9,0;9,0;1,000000000000000;1,000000000000000;1,000000000000000;1,000000000000000;1,000000000000000;1,000000000000000;1,000000000000000;1,000000000000000;1,000000000000000;1,0000000000000000;1,0000000000000000
2021-06-14;alle;0;0,0;0;0;0;0;0;0;0;0;0,0;0;20;20,0;20;20;20;20;20;20;20;20;20,0;20,0;NA;NA;NA;NA;NA;NA;NA;NA;NA;NA;NA
2021-06-13;0-60;1;1,0;1;1;1;1;1;1;1;1;1,0;1;11;11,0;11;11;11;11;11;11;11;11;11,0;11,0;1,000000000000000;1,000000000000000;1,000000000000000;1,000000000000000;1,000000000000000;1,000000000000000;1,000000000000000;1,000000000000000;1,000000000000000;1,0000000000000000;1,0000000000000000
2021-06-13;60+;0;0,0;0;0;0;0;0;0;0;0;0,0;0;10;10,0;10;10;10;10;10;10;10;10;10,0;10,0;1,000000000000000;1,000000000000000;1,000000000000000;1,000000000000000;1,000000000000000;1,000000000000000;1,000000000000000;1,000000000000000;1,000000000000000;1,0000000000000000;1,0000000000000000
2021-06-13;alle;1;1,0;1;1;1;1;1;1;1;1;1,0;1;21;21,0;21;21;21;21;21;21;21;21;21,0;21,0;NA;NA;NA;NA;NA;NA;NA;NA;NA;NA;NA
2021-06-12;0-60;1;1,0;1;1;1;1;1;1;1;1;1,0;1;12;12,0;12;12;12;12;12;12;12;12;12,0;12,0;1,000000000000000;1,000000000000000;1,000000000000000;1,000000000000000;1,000000000000000;1,000000000000000;1,000000000000000;1,000000000000000;1,000000000000000;1,0000000000000000;1,0000000000000000
2021-06-12;60+;4;4,0;4;4;4;4;4;4;4;4;4,0;4;14;14,0;14;14;14;14;14;14;14;14;14,0;14,0;1,000000000000000;1,000000000000000;1,000000000000000;1,000000000000000;1,000000000000000;1,000000000000000;1,000000000000000;1,000000000000000;1,000000000000000;1,0000000000000000;1,0000000000000000
2021-06-12;alle;5;5,0;5;5;5;5;5;5;5;5;5,0;5;26;26,0;26;26;26;26;26;26;26;26;26,0;26,0;NA;NA;NA;NA;NA;NA;NA;NA;NA;NA;NA
2021-06-11;0-60;1;1,0;1;1;1;1;1;1;1;1;1,0;1;16;16,0;16;16;16;16;16;16;16;16;16,0;16,0;1,000000000000000;1,000000000000000;1,000000000000000;1,000000000000000;1,000000000000000;1,000000000000000;1,000000000000000;1,000000000000000;1,000000000000000;1,0000000000000000;1,0000000000000000
2021-06-11;60+;1;1,0;1;1;1;1;1;1;1;1;1,0;1;13;13,0;13;13;13;13;13;13;13;13;13,0;13,0;1,000000000000000;1,000000000000000;1,000000000000000;1,000000000000000;1,000000000000000;1,000000000000000;1,000000000000000;1,000000000000000;1,000000000000000;1,0000000000000000;1,0000000000000000
2021-06-11;alle;2;2,0;2;2;2;2;2;2;2;2;2,0;2;29;29,0;29;29;29;29;29;29;29;29;29,0;29,0;NA;NA;NA;NA;NA;NA;NA;NA;NA;NA;NA
2021-06-10;0-60;4;4,0;4;4;4;4;4;4;4;4;4,0;4;21;21,0;21;21;21;21;21;21;21;21;21,0;21,0;1,000000000000000;1,000000000000000;1,000000000000000;1,000000000000000;1,000000000000000;1,000000000000000;1,000000000000000;1,000000000000000;1,000000000000000;1,0000000000000000;1,0000000000000000
2021-06-10;60+;2;2,0;2;2;2;2;2;2;2;2;2,0;2;13;13,0;13;13;13;13;13;13;13;13;13,0;13,0;1,000000000000000;1,000000000000000;1,000000000000000;1,000000000000000;1,000000000000000;1,000000000000000;1,000000000000000;1,000000000000000;1,000000000000000;1,0000000000000000;1,0000000000000000
2021-06-10;alle;6;6,0;6;6;6;6;6;6;6;6;6,0;6;34;34,0;34;34;34;34;34;34;34;34;34,0;34,0;NA;NA;NA;NA;NA;NA;NA;NA;NA;NA;NA
2021-06-09;0-60;3;3,0;3;3;3;3;3;3;3;3;3,0;3;20;20,0;20;20;20;20;20;20;20;20;20,0;20,0;1,000000000000000;1,000000000000000;1,000000000000000;1,000000000000000;1,000000000000000;1,000000000000000;1,000000000000000;1,000000000000000;1,000000000000000;1,0000000000000000;1,0000000000000000
2021-06-09;60+;1;1,0;1;1;1;1;1;1;1;1;1,0;1;14;14,0;14;14;14;14;14;14;14;14;14,0;14,0;1,000000000000000;1,000000000000000;1,000000000000000;1,000000000000000;1,000000000000000;1,000000000000000;1,000000000000000;1,000000000000000;1,000000000000000;1,0000000000000000;1,0000000000000000
2021-06-09;alle;4;4,0;4;4;4;4;4;4;4;4;4,0;4;34;34,0;34;34;34;34;34;34;34;34;34,0;34,0;NA;NA;NA;NA;NA;NA;NA;NA;NA;NA;NA
2021-06-08;0-60;1;1,0;1;1;1;1;1;1;1;1;1,0;1;20;20,0;20;20;20;20;20;20;20;20;20,0;20,0;1,000000000000000;1,000000000000000;1,000000000000000;1,000000000000000;1,000000000000000;1,000000000000000;1,000000000000000;1,000000000000000;1,000000000000000;1,0000000000000000;1,0000000000000000
2021-06-08;60+;1;1,0;1;1;1;1;1;1;1;1;1,0;1;18;18,0;18;18;18;18;18;18;18;18;18,0;18,0;1,000000000000000;1,000000000000000;1,000000000000000;1,000000000000000;1,000000000000000;1,000000000000000;1,000000000000000;1,000000000000000;1,000000000000000;1,0000000000000000;1,0000000000000000
2021-06-08;alle;2;2,0;2;2;2;2;2;2;2;2;2,0;2;38;38,0;38;38;38;38;38;38;38;38;38,0;38,0;NA;NA;NA;NA;NA;NA;NA;NA;NA;NA;NA
2021-06-07;0-60;0;0,0;0;0;0;0;0;0;0;0;0,0;0;26;26,0;26;26;26;26;26;26;26;26;26,0;26,0;1,000000000000000;1,000000000000000;1,000000000000000;1,000000000000000;1,000000000000000;1,000000000000000;1,000000000000000;1,000000000000000;1,000000000000000;1,0000000000000000;1,0000000000000000
2021-06-07;60+;1;1,0;1;1;1;1;1;1;1;1;1,0;1;24;24,0;24;24;24;24;24;24;24;24;24,0;24,0;1,000000000000000;1,000000000000000;1,000000000000000;1,000000000000000;1,000000000000000;1,000000000000000;1,000000000000000;1,000000000000000;1,000000000000000;1,0000000000000000;1,0000000000000000
2021-06-07;alle;1;1,0;1;1;1;1;1;1;1;1;1,0;1;50;50,0;50;50;50;50;50;50;50;50;50,0;50,0;NA;NA;NA;NA;NA;NA;NA;NA;NA;NA;NA
2021-06-06;0-60;2;2,0;2;2;2;2;2;2;2;2;2,0;2;26;26,0;26;26;26;26;26;26;26;26;26,0;26,0;1,000000000000000;1,000000000000000;1,000000000000000;1,000000000000000;1,000000000000000;1,000000000000000;1,000000000000000;1,000000000000000;1,000000000000000;1,0000000000000000;1,0000000000000000
2021-06-06;60+;4;4,0;4;4;4;4;4;4;4;4;4,0;4;23;23,0;23;23;23;23;23;23;23;23;23,0;23,0;1,000000000000000;1,000000000000000;1,000000000000000;1,000000000000000;1,000000000000000;1,000000000000000;1,000000000000000;1,000000000000000;1,000000000000000;1,0000000000000000;1,0000000000000000
2021-06-06;alle;6;6,0;6;6;6;6;6;6;6;6;6,0;6;49;49,0;49;49;49;49;49;49;49;49;49,0;49,0;NA;NA;NA;NA;NA;NA;NA;NA;NA;NA;NA
2021-06-05;0-60;5;5,0;5;5;5;5;5;5;5;5;5,0;5;25;25,0;25;25;25;25;25;25;25;25;25,0;25,0;1,000000000000000;1,000000000000000;1,000000000000000;1,000000000000000;1,000000000000000;1,000000000000000;1,000000000000000;1,000000000000000;1,000000000000000;1,0000000000000000;1,0000000000000000
2021-06-05;60+;3;3,0;3;3;3;3;3;3;3;3;3,0;3;20;20,0;20;20;20;20;20;20;20;20;20,0;20,0;1,000000000000000;1,000000000000000;1,000000000000000;1,000000000000000;1,000000000000000;1,000000000000000;1,000000000000000;1,000000000000000;1,000000000000000;1,0000000000000000;1,0000000000000000
2021-06-05;alle;8;8,0;8;8;8;8;8;8;8;8;8,0;8;45;45,0;45;45;45;45;45;45;45;45;45,0;45,0;NA;NA;NA;NA;NA;NA;NA;NA;NA;NA;NA
2021-06-04;0-60;6;6,0;6;6;6;6;6;6;6;6;6,0;6;28;28,0;28;28;28;28;28;28;28;28;28,0;28,0;1,000000000000000;1,000000000000000;1,000000000000000;1,000000000000000;1,000000000000000;1,000000000000000;1,000000000000000;1,000000000000000;1,000000000000000;1,0000000000000000;1,0000000000000000
2021-06-04;60+;1;1,0;1;1;1;1;1;1;1;1;1,0;1;18;18,0;18;18;18;18;18;18;18;18;18,0;18,0;1,000000000000000;1,000000000000000;1,000000000000000;1,000000000000000;1,000000000000000;1,000000000000000;1,000000000000000;1,000000000000000;1,000000000000000;1,0000000000000000;1,0000000000000000
2021-06-04;alle;7;7,0;7;7;7;7;7;7;7;7;7,0;7;46;46,0;46;46;46;46;46;46;46;46;46,0;46,0;NA;NA;NA;NA;NA;NA;NA;NA;NA;NA;NA
2021-06-03;0-60;3;3,0;3;3;3;3;3;3;3;3;3,0;3;29;29,0;29;29;29;29;29;29;29;29;29,0;29,0;1,000000000000000;1,000000000000000;1,000000000000000;1,000000000000000;1,000000000000000;1,000000000000000;1,000000000000000;1,000000000000000;1,000000000000000;1,0000000000000000;1,0000000000000000
2021-06-03;60+;3;3,0;3;3;3;3;3;3;3;3;3,0;3;18;18,0;18;18;18;18;18;18;18;18;18,0;18,0;1,000000000000000;1,000000000000000;1,000000000000000;1,000000000000000;1,000000000000000;1,000000000000000;1,000000000000000;1,000000000000000;1,000000000000000;1,0000000000000000;1,0000000000000000
2021-06-03;alle;6;6,0;6;6;6;6;6;6;6;6;6,0;6;47;47,0;47;47;47;47;47;47;47;47;47,0;47,0;NA;NA;NA;NA;NA;NA;NA;NA;NA;NA;NA
2021-06-02;0-60;3;3,0;3;3;3;3;3;3;3;3;3,0;3;35;35,0;35;35;35;35;35;35;35;35;35,0;35,0;1,000000000000000;1,000000000000000;1,000000000000000;1,000000000000000;1,000000000000000;1,000000000000000;1,000000000000000;1,000000000000000;1,000000000000000;1,0000000000000000;1,0000000000000000
2021-06-02;60+;5;5,0;5;5;5;5;5;5;5;5;5,0;5;22;22,0;22;22;22;22;22;22;22;22;22,0;22,0;1,000000000000000;1,000000000000000;1,000000000000000;1,000000000000000;1,000000000000000;1,000000000000000;1,000000000000000;1,000000000000000;1,000000000000000;1,0000000000000000;1,0000000000000000
2021-06-02;alle;8;8,0;8;8;8;8;8;8;8;8;8,0;8;57;57,0;57;57;57;57;57;57;57;57;57,0;57,0;NA;NA;NA;NA;NA;NA;NA;NA;NA;NA;NA
2021-06-01;0-60;7;7,0;7;7;7;7;7;7;7;7;7,0;7;36;36,0;36;36;36;36;36;36;36;36;36,0;36,0;1,000000000000000;1,000000000000000;1,000000000000000;1,000000000000000;1,000000000000000;1,000000000000000;1,000000000000000;1,000000000000000;1,000000000000000;1,0000000000000000;1,0000000000000000
2021-06-01;60+;7;7,0;7;7;7;7;7;7;7;7;7,0;7;19;19,0;19;19;19;19;19;19;19;19;19,0;19,0;1,000000000000000;1,000000000000000;1,000000000000000;1,000000000000000;1,000000000000000;1,000000000000000;1,000000000000000;1,000000000000000;1,000000000000000;1,0000000000000000;1,0000000000000000
2021-06-01;alle;14;14,0;14;14;14;14;14;14;14;14;14,0;14;55;55,0;55;55;55;55;55;55;55;55;55,0;55,0;NA;NA;NA;NA;NA;NA;NA;NA;NA;NA;NA
2021-05-31;0-60;0;0,0;0;0;0;0;0;0;0;0;0,0;0;33;33,0;33;33;33;33;33;33;33;33;33,0;33,0;1,000000000000000;1,000000000000000;1,000000000000000;1,000000000000000;1,000000000000000;1,000000000000000;1,000000000000000;1,000000000000000;1,000000000000000;1,0000000000000000;1,0000000000000000
2021-05-31;60+;0;0,0;0;0;0;0;0;0;0;0;0,0;0;16;16,0;16;16;16;16;16;16;16;16;16,0;16,0;1,000000000000000;1,000000000000000;1,000000000000000;1,000000000000000;1,000000000000000;1,000000000000000;1,000000000000000;1,000000000000000;1,000000000000000;1,0000000000000000;1,0000000000000000
2021-05-31;alle;0;0,0;0;0;0;0;0;0;0;0;0,0;0;49;49,0;49;49;49;49;49;49;49;49;49,0;49,0;NA;NA;NA;NA;NA;NA;NA;NA;NA;NA;NA
2021-05-30;0-60;1;1,0;1;1;1;1;1;1;1;1;1,0;1;33;33,0;33;33;33;33;33;33;33;33;33,0;33,0;1,000000000000000;1,000000000000000;1,000000000000000;1,000000000000000;1,000000000000000;1,000000000000000;1,000000000000000;1,000000000000000;1,000000000000000;1,0000000000000000;1,0000000000000000
2021-05-30;60+;1;1,0;1;1;1;1;1;1;1;1;1,0;1;16;16,0;16;16;16;16;16;16;16;16;16,0;16,0;1,000000000000000;1,000000000000000;1,000000000000000;1,000000000000000;1,000000000000000;1,000000000000000;1,000000000000000;1,000000000000000;1,000000000000000;1,0000000000000000;1,0000000000000000
2021-05-30;alle;2;2,0;2;2;2;2;2;2;2;2;2,0;2;49;49,0;49;49;49;49;49;49;49;49;49,0;49,0;NA;NA;NA;NA;NA;NA;NA;NA;NA;NA;NA
2021-05-29;0-60;8;8,0;8;8;8;8;8;8;8;8;8,0;8;32;32,0;32;32;32;32;32;32;32;32;32,0;32,0;1,000000000000000;1,000000000000000;1,000000000000000;1,000000000000000;1,000000000000000;1,000000000000000;1,000000000000000;1,000000000000000;1,000000000000000;1,0000000000000000;1,0000000000000000
2021-05-29;60+;1;1,0;1;1;1;1;1;1;1;1;1,0;1;15;15,0;15;15;15;15;15;15;15;15;15,0;15,0;1,000000000000000;1,000000000000000;1,000000000000000;1,000000000000000;1,000000000000000;1,000000000000000;1,000000000000000;1,000000000000000;1,000000000000000;1,0000000000000000;1,0000000000000000
2021-05-29;alle;9;9,0;9;9;9;9;9;9;9;9;9,0;9;47;47,0;47;47;47;47;47;47;47;47;47,0;47,0;NA;NA;NA;NA;NA;NA;NA;NA;NA;NA;NA
2021-05-28;0-60;7;7,0;7;7;7;7;7;7;7;7;7,0;7;28;28,0;28;28;28;28;28;28;28;28;28,0;28,0;1,000000000000000;1,000000000000000;1,000000000000000;1,000000000000000;1,000000000000000;1,000000000000000;1,000000000000000;1,000000000000000;1,000000000000000;1,0000000000000000;1,0000000000000000
2021-05-28;60+;1;1,0;1;1;1;1;1;1;1;1;1,0;1;23;23,0;23;23;23;23;23;23;23;23;23,0;23,0;1,000000000000000;1,000000000000000;1,000000000000000;1,000000000000000;1,000000000000000;1,000000000000000;1,000000000000000;1,000000000000000;1,000000000000000;1,0000000000000000;1,0000000000000000
2021-05-28;alle;8;8,0;8;8;8;8;8;8;8;8;8,0;8;51;51,0;51;51;51;51;51;51;51;51;51,0;51,0;NA;NA;NA;NA;NA;NA;NA;NA;NA;NA;NA
2021-05-27;0-60;9;9,0;9;9;9;9;9;9;9;9;9,0;9;28;28,0;28;28;28;28;28;28;28;28;28,0;28,0;1,000000000000000;1,000000000000000;1,000000000000000;1,000000000000000;1,000000000000000;1,000000000000000;1,000000000000000;1,000000000000000;1,000000000000000;1,0000000000000000;1,0000000000000000
2021-05-27;60+;7;7,0;7;7;7;7;7;7;7;7;7,0;7;26;26,0;26;26;26;26;26;26;26;26;26,0;26,0;1,000000000000000;1,000000000000000;1,000000000000000;1,000000000000000;1,000000000000000;1,000000000000000;1,000000000000000;1,000000000000000;1,000000000000000;1,0000000000000000;1,0000000000000000
2021-05-27;alle;16;16,0;16;16;16;16;16;16;16;16;16,0;16;54;54,0;54;54;54;54;54;54;54;54;54,0;54,0;NA;NA;NA;NA;NA;NA;NA;NA;NA;NA;NA
2021-05-26;0-60;4;4,0;4;4;4;4;4;4;4;4;4,0;4;30;30,0;30;30;30;30;30;30;30;30;30,0;30,0;1,000000000000000;1,000000000000000;1,000000000000000;1,000000000000000;1,000000000000000;1,000000000000000;1,000000000000000;1,000000000000000;1,000000000000000;1,0000000000000000;1,0000000000000000
2021-05-26;60+;2;2,0;2;2;2;2;2;2;2;2;2,0;2;30;30,0;30;30;30;30;30;30;30;30;30,0;30,0;1,000000000000000;1,000000000000000;1,000000000000000;1,000000000000000;1,000000000000000;1,000000000000000;1,000000000000000;1,000000000000000;1,000000000000000;1,0000000000000000;1,0000000000000000
2021-05-26;alle;6;6,0;6;6;6;6;6;6;6;6;6,0;6;60;60,0;60;60;60;60;60;60;60;60;60,0;60,0;NA;NA;NA;NA;NA;NA;NA;NA;NA;NA;NA
2021-05-25;0-60;4;4,0;4;4;4;4;4;4;4;4;4,0;4;43;43,0;43;43;43;43;43;43;43;43;43,0;43,0;1,000000000000000;1,000000000000000;1,000000000000000;1,000000000000000;1,000000000000000;1,000000000000000;1,000000000000000;1,000000000000000;1,000000000000000;1,0000000000000000;1,0000000000000000
2021-05-25;60+;4;4,0;4;4;4;4;4;4;4;4;4,0;4;35;35,0;35;35;35;35;35;35;35;35;35,0;35,0;1,000000000000000;1,000000000000000;1,000000000000000;1,000000000000000;1,000000000000000;1,000000000000000;1,000000000000000;1,000000000000000;1,000000000000000;1,0000000000000000;1,0000000000000000
2021-05-25;alle;8;8,0;8;8;8;8;8;8;8;8;8,0;8;78;78,0;78;78;78;78;78;78;78;78;78,0;78,0;NA;NA;NA;NA;NA;NA;NA;NA;NA;NA;NA
2021-05-24;0-60;0;0,0;0;0;0;0;0;0;0;0;0,0;0;57;57,0;57;57;57;57;57;57;57;57;57,0;57,0;1,000000000000000;1,000000000000000;1,000000000000000;1,000000000000000;1,000000000000000;1,000000000000000;1,000000000000000;1,000000000000000;1,000000000000000;1,0000000000000000;1,0000000000000000
2021-05-24;60+;0;0,0;0;0;0;0;0;0;0;0;0,0;0;46;46,0;46;46;46;46;46;46;46;46;46,0;46,0;1,000000000000000;1,000000000000000;1,000000000000000;1,000000000000000;1,000000000000000;1,000000000000000;1,000000000000000;1,000000000000000;1,000000000000000;1,0000000000000000;1,0000000000000000
2021-05-24;alle;0;0,0;0;0;0;0;0;0;0;0;0,0;0;103;103,0;103;103;103;103;103;103;103;103;103,0;103,0;NA;NA;NA;NA;NA;NA;NA;NA;NA;NA;NA
2021-05-23;0-60;0;0,0;0;0;0;0;0;0;0;0;0,0;0;59;59,0;59;59;59;59;59;59;59;59;59,0;59,0;1,000000000000000;1,000000000000000;1,000000000000000;1,000000000000000;1,000000000000000;1,000000000000000;1,000000000000000;1,000000000000000;1,000000000000000;1,0000000000000000;1,0000000000000000
2021-05-23;60+;0;0,0;0;0;0;0;0;0;0;0;0,0;0;48;48,0;48;48;48;48;48;48;48;48;48,0;48,0;1,000000000000000;1,000000000000000;1,000000000000000;1,000000000000000;1,000000000000000;1,000000000000000;1,000000000000000;1,000000000000000;1,000000000000000;1,0000000000000000;1,0000000000000000
2021-05-23;alle;0;0,0;0;0;0;0;0;0;0;0;0,0;0;107;107,0;107;107;107;107;107;107;107;107;107,0;107,0;NA;NA;NA;NA;NA;NA;NA;NA;NA;NA;NA
2021-05-22;0-60;4;4,0;4;4;4;4;4;4;4;4;4,0;4;65;65,0;65;65;65;65;65;65;65;65;65,0;65,0;1,000000000000000;1,000000000000000;1,000000000000000;1,000000000000000;1,000000000000000;1,000000000000000;1,000000000000000;1,000000000000000;1,000000000000000;1,0000000000000000;1,0000000000000000
2021-05-22;60+;9;9,0;9;9;9;9;9;9;9;9;9,0;9;54;54,0;54;54;54;54;54;54;54;54;54,0;54,0;1,000000000000000;1,000000000000000;1,000000000000000;1,000000000000000;1,000000000000000;1,000000000000000;1,000000000000000;1,000000000000000;1,000000000000000;1,0000000000000000;1,0000000000000000
2021-05-22;alle;13;13,0;13;13;13;13;13;13;13;13;13,0;13;119;119,0;119;119;119;119;119;119;119;119;119,0;119,0;NA;NA;NA;NA;NA;NA;NA;NA;NA;NA;NA
2021-05-21;0-60;7;7,0;7;7;7;7;7;7;7;7;7,0;7;74;74,0;74;74;74;74;74;74;74;74;74,0;74,0;1,000000000000000;1,000000000000000;1,000000000000000;1,000000000000000;1,000000000000000;1,000000000000000;1,000000000000000;1,000000000000000;1,000000000000000;1,0000000000000000;1,0000000000000000
2021-05-21;60+;4;4,0;4;4;4;4;4;4;4;4;4,0;4;50;50,0;50;50;50;50;50;50;50;50;50,0;50,0;1,000000000000000;1,000000000000000;1,000000000000000;1,000000000000000;1,000000000000000;1,000000000000000;1,000000000000000;1,000000000000000;1,000000000000000;1,0000000000000000;1,0000000000000000
2021-05-21;alle;11;11,0;11;11;11;11;11;11;11;11;11,0;11;124;124,0;124;124;124;124;124;124;124;124;124,0;124,0;NA;NA;NA;NA;NA;NA;NA;NA;NA;NA;NA
2021-05-20;0-60;11;11,0;11;11;11;11;11;11;11;11;11,0;11;73;73,0;73;73;73;73;73;73;73;73;73,0;73,0;1,000000000000000;1,000000000000000;1,000000000000000;1,000000000000000;1,000000000000000;1,000000000000000;1,000000000000000;1,000000000000000;1,000000000000000;1,0000000000000000;1,0000000000000000
2021-05-20;60+;11;11,0;11;11;11;11;11;11;11;11;11,0;11;48;48,0;48;48;48;48;48;48;48;48;48,0;48,0;1,000000000000000;1,000000000000000;1,000000000000000;1,000000000000000;1,000000000000000;1,000000000000000;1,000000000000000;1,000000000000000;1,000000000000000;1,0000000000000000;1,0000000000000000
2021-05-20;alle;22;22,0;22;22;22;22;22;22;22;22;22,0;22;121;121,0;121;121;121;121;121;121;121;121;121,0;121,0;NA;NA;NA;NA;NA;NA;NA;NA;NA;NA;NA
2021-05-19;0-60;17;17,0;17;17;17;17;17;17;17;17;17,0;17;74;74,0;74;74;74;74;74;74;74;74;74,0;74,0;1,000000000000000;1,000000000000000;1,000000000000000;1,000000000000000;1,000000000000000;1,000000000000000;1,000000000000000;1,000000000000000;1,000000000000000;1,0000000000000000;1,0000000000000000
2021-05-19;60+;7;7,0;7;7;7;7;7;7;7;7;7,0;7;47;47,0;47;47;47;47;47;47;47;47;47,0;47,0;1,000000000000000;1,000000000000000;1,000000000000000;1,000000000000000;1,000000000000000;1,000000000000000;1,000000000000000;1,000000000000000;1,000000000000000;1,0000000000000000;1,0000000000000000
2021-05-19;alle;24;24,0;24;24;24;24;24;24;24;24;24,0;24;121;121,0;121;121;121;121;121;121;121;121;121,0;121,0;NA;NA;NA;NA;NA;NA;NA;NA;NA;NA;NA
2021-05-18;0-60;18;18,0;18;18;18;18;18;18;18;18;18,0;18;74;74,0;74;74;74;74;74;74;74;74;74,0;74,0;1,000000000000000;1,000000000000000;1,000000000000000;1,000000000000000;1,000000000000000;1,000000000000000;1,000000000000000;1,000000000000000;1,000000000000000;1,0000000000000000;1,0000000000000000
2021-05-18;60+;15;15,0;15;15;15;15;15;15;15;15;15,0;15;54;54,0;54;54;54;54;54;54;54;54;54,0;54,0;1,000000000000000;1,000000000000000;1,000000000000000;1,000000000000000;1,000000000000000;1,000000000000000;1,000000000000000;1,000000000000000;1,000000000000000;1,0000000000000000;1,0000000000000000
2021-05-18;alle;33;33,0;33;33;33;33;33;33;33;33;33,0;33;128;128,0;128;128;128;128;128;128;128;128;128,0;128,0;NA;NA;NA;NA;NA;NA;NA;NA;NA;NA;NA
2021-05-17;0-60;2;2,0;2;2;2;2;2;2;2;2;2,0;2;69;69,0;69;69;69;69;69;69;69;69;69,0;69,0;1,000000000000000;1,000000000000000;1,000000000000000;1,000000000000000;1,000000000000000;1,000000000000000;1,000000000000000;1,000000000000000;1,000000000000000;1,0000000000000000;1,0000000000000000
2021-05-17;60+;2;2,0;2;2;2;2;2;2;2;2;2,0;2;55;55,0;55;55;55;55;55;55;55;55;55,0;55,0;1,000000000000000;1,000000000000000;1,000000000000000;1,000000000000000;1,000000000000000;1,000000000000000;1,000000000000000;1,000000000000000;1,000000000000000;1,0000000000000000;1,0000000000000000
2021-05-17;alle;4;4,0;4;4;4;4;4;4;4;4;4,0;4;124;124,0;124;124;124;124;124;124;124;124;124,0;124,0;NA;NA;NA;NA;NA;NA;NA;NA;NA;NA;NA
2021-05-16;0-60;6;6,0;6;6;6;6;6;6;6;6;6,0;6;67;67,0;67;67;67;67;67;67;67;67;67,0;67,0;1,000000000000000;1,000000000000000;1,000000000000000;1,000000000000000;1,000000000000000;1,000000000000000;1,000000000000000;1,000000000000000;1,000000000000000;1,0000000000000000;1,0000000000000000
2021-05-16;60+;6;6,0;6;6;6;6;6;6;6;6;6,0;6;53;53,0;53;53;53;53;53;53;53;53;53,0;53,0;1,000000000000000;1,000000000000000;1,000000000000000;1,000000000000000;1,000000000000000;1,000000000000000;1,000000000000000;1,000000000000000;1,000000000000000;1,0000000000000000;1,0000000000000000
2021-05-16;alle;12;12,0;12;12;12;12;12;12;12;12;12,0;12;120;120,0;120;120;120;120;120;120;120;120;120,0;120,0;NA;NA;NA;NA;NA;NA;NA;NA;NA;NA;NA
2021-05-15;0-60;13;13,0;13;13;13;13;13;13;13;13;13,0;13;64;64,0;64;64;64;64;64;64;64;64;64,0;64,0;1,000000000000000;1,000000000000000;1,000000000000000;1,000000000000000;1,000000000000000;1,000000000000000;1,000000000000000;1,000000000000000;1,000000000000000;1,0000000000000000;1,0000000000000000
2021-05-15;60+;5;5,0;5;5;5;5;5;5;5;5;5,0;5;50;50,0;50;50;50;50;50;50;50;50;50,0;50,0;1,000000000000000;1,000000000000000;1,000000000000000;1,000000000000000;1,000000000000000;1,000000000000000;1,000000000000000;1,000000000000000;1,000000000000000;1,0000000000000000;1,0000000000000000
2021-05-15;alle;18;18,0;18;18;18;18;18;18;18;18;18,0;18;114;114,0;114;114;114;114;114;114;114;114;114,0;114,0;NA;NA;NA;NA;NA;NA;NA;NA;NA;NA;NA
2021-05-14;0-60;6;6,0;6;6;6;6;6;6;6;6;6,0;6;60;60,0;60;60;60;60;60;60;60;60;60,0;60,0;1,000000000000000;1,000000000000000;1,000000000000000;1,000000000000000;1,000000000000000;1,000000000000000;1,000000000000000;1,000000000000000;1,000000000000000;1,0000000000000000;1,0000000000000000
2021-05-14;60+;2;2,0;2;2;2;2;2;2;2;2;2,0;2;60;60,0;60;60;60;60;60;60;60;60;60,0;60,0;1,000000000000000;1,000000000000000;1,000000000000000;1,000000000000000;1,000000000000000;1,000000000000000;1,000000000000000;1,000000000000000;1,000000000000000;1,0000000000000000;1,0000000000000000
2021-05-14;alle;8;8,0;8;8;8;8;8;8;8;8;8,0;8;120;120,0;120;120;120;120;120;120;120;120;120,0;120,0;NA;NA;NA;NA;NA;NA;NA;NA;NA;NA;NA
2021-05-13;0-60;12;12,0;12;12;12;12;12;12;12;12;12,0;12;62;62,0;62;62;62;62;62;62;62;62;62,0;62,0;1,000000000000000;1,000000000000000;1,000000000000000;1,000000000000000;1,000000000000000;1,000000000000000;1,000000000000000;1,000000000000000;1,000000000000000;1,0000000000000000;1,0000000000000000
2021-05-13;60+;10;10,0;10;10;10;10;10;10;10;10;10,0;10;71;71,0;71;71;71;71;71;71;71;71;71,0;71,0;1,000000000000000;1,000000000000000;1,000000000000000;1,000000000000000;1,000000000000000;1,000000000000000;1,000000000000000;1,000000000000000;1,000000000000000;1,0000000000000000;1,0000000000000000
2021-05-13;alle;22;22,0;22;22;22;22;22;22;22;22;22,0;22;133;133,0;133;133;133;133;133;133;133;133;133,0;133,0;NA;NA;NA;NA;NA;NA;NA;NA;NA;NA;NA
2021-05-12;0-60;17;17,0;17;17;17;17;17;17;17;17;17,0;17;64;64,0;64;64;64;64;64;64;64;64;64,0;64,0;1,000000000000000;1,000000000000000;1,000000000000000;1,000000000000000;1,000000000000000;1,000000000000000;1,000000000000000;1,000000000000000;1,000000000000000;1,0000000000000000;1,0000000000000000
2021-05-12;60+;14;14,0;14;14;14;14;14;14;14;14;14,0;14;76;76,0;76;76;76;76;76;76;76;76;76,0;76,0;1,000000000000000;1,000000000000000;1,000000000000000;1,000000000000000;1,000000000000000;1,000000000000000;1,000000000000000;1,000000000000000;1,000000000000000;1,0000000000000000;1,0000000000000000
2021-05-12;alle;31;31,0;31;31;31;31;31;31;31;31;31,0;31;140;140,0;140;140;140;140;140;140;140;140;140,0;140,0;NA;NA;NA;NA;NA;NA;NA;NA;NA;NA;NA
2021-05-11;0-60;13;13,0;13;13;13;13;13;13;13;13;13,0;13;74;74,0;74;74;74;74;74;74;74;74;74,0;74,0;1,000000000000000;1,000000000000000;1,000000000000000;1,000000000000000;1,000000000000000;1,000000000000000;1,000000000000000;1,000000000000000;1,000000000000000;1,0000000000000000;1,0000000000000000
2021-05-11;60+;16;16,0;16;16;16;16;16;16;16;16;16,0;16;83;83,0;83;83;83;83;83;83;83;83;83,0;83,0;1,000000000000000;1,000000000000000;1,000000000000000;1,000000000000000;1,000000000000000;1,000000000000000;1,000000000000000;1,000000000000000;1,000000000000000;1,0000000000000000;1,0000000000000000
2021-05-11;alle;29;29,0;29;29;29;29;29;29;29;29;29,0;29;157;157,0;157;157;157;157;157;157;157;157;157,0;157,0;NA;NA;NA;NA;NA;NA;NA;NA;NA;NA;NA
2021-05-10;0-60;0;0,0;0;0;0;0;0;0;0;0;0,0;0;84;84,0;84;84;84;84;84;84;84;84;84,0;84,0;1,000000000000000;1,000000000000000;1,000000000000000;1,000000000000000;1,000000000000000;1,000000000000000;1,000000000000000;1,000000000000000;1,000000000000000;1,0000000000000000;1,0000000000000000
2021-05-10;60+;0;0,0;0;0;0;0;0;0;0;0;0,0;0;85;85,0;85;85;85;85;85;85;85;85;85,0;85,0;1,000000000000000;1,000000000000000;1,000000000000000;1,000000000000000;1,000000000000000;1,000000000000000;1,000000000000000;1,000000000000000;1,000000000000000;1,0000000000000000;1,0000000000000000
2021-05-10;alle;0;0,0;0;0;0;0;0;0;0;0;0,0;0;169;169,0;169;169;169;169;169;169;169;169;169,0;169,0;NA;NA;NA;NA;NA;NA;NA;NA;NA;NA;NA
2021-05-09;0-60;3;3,0;3;3;3;3;3;3;3;3;3,0;3;85;85,0;85;85;85;85;85;85;85;85;85,0;85,0;1,000000000000000;1,000000000000000;1,000000000000000;1,000000000000000;1,000000000000000;1,000000000000000;1,000000000000000;1,000000000000000;1,000000000000000;1,0000000000000000;1,0000000000000000
2021-05-09;60+;3;3,0;3;3;3;3;3;3;3;3;3,0;3;85;85,0;85;85;85;85;85;85;85;85;85,0;85,0;1,000000000000000;1,000000000000000;1,000000000000000;1,000000000000000;1,000000000000000;1,000000000000000;1,000000000000000;1,000000000000000;1,000000000000000;1,0000000000000000;1,0000000000000000
2021-05-09;alle;6;6,0;6;6;6;6;6;6;6;6;6,0;6;170;170,0;170;170;170;170;170;170;170;170;170,0;170,0;NA;NA;NA;NA;NA;NA;NA;NA;NA;NA;NA
2021-05-08;0-60;9;9,0;9;9;9;9;9;9;9;9;9,0;9;92;92,0;92;92;92;92;92;92;92;92;92,0;92,0;1,000000000000000;1,000000000000000;1,000000000000000;1,000000000000000;1,000000000000000;1,000000000000000;1,000000000000000;1,000000000000000;1,000000000000000;1,0000000000000000;1,0000000000000000
2021-05-08;60+;15;15,0;15;15;15;15;15;15;15;15;15,0;15;86;86,0;86;86;86;86;86;86;86;86;86,0;86,0;1,000000000000000;1,000000000000000;1,000000000000000;1,000000000000000;1,000000000000000;1,000000000000000;1,000000000000000;1,000000000000000;1,000000000000000;1,0000000000000000;1,0000000000000000
2021-05-08;alle;24;24,0;24;24;24;24;24;24;24;24;24,0;24;178;178,0;178;178;178;178;178;178;178;178;178,0;178,0;NA;NA;NA;NA;NA;NA;NA;NA;NA;NA;NA
2021-05-07;0-60;8;8,0;8;8;8;8;8;8;8;8;8,0;8;98;98,0;98;98;98;98;98;98;98;98;98,0;98,0;1,000000000000000;1,000000000000000;1,000000000000000;1,000000000000000;1,000000000000000;1,000000000000000;1,000000000000000;1,000000000000000;1,000000000000000;1,0000000000000000;1,0000000000000000
2021-05-07;60+;13;13,0;13;13;13;13;13;13;13;13;13,0;13;81;81,0;81;81;81;81;81;81;81;81;81,0;81,0;1,000000000000000;1,000000000000000;1,000000000000000;1,000000000000000;1,000000000000000;1,000000000000000;1,000000000000000;1,000000000000000;1,000000000000000;1,0000000000000000;1,0000000000000000
2021-05-07;alle;21;21,0;21;21;21;21;21;21;21;21;21,0;21;179;179,0;179;179;179;179;179;179;179;179;179,0;179,0;NA;NA;NA;NA;NA;NA;NA;NA;NA;NA;NA
2021-05-06;0-60;14;14,0;14;14;14;14;14;14;14;14;14,0;14;106;106,0;106;106;106;106;106;106;106;106;106,0;106,0;1,000000000000000;1,000000000000000;1,000000000000000;1,000000000000000;1,000000000000000;1,000000000000000;1,000000000000000;1,000000000000000;1,000000000000000;1,0000000000000000;1,0000000000000000
2021-05-06;60+;15;15,0;15;15;15;15;15;15;15;15;15,0;15;83;83,0;83;83;83;83;83;83;83;83;83,0;83,0;1,000000000000000;1,000000000000000;1,000000000000000;1,000000000000000;1,000000000000000;1,000000000000000;1,000000000000000;1,000000000000000;1,000000000000000;1,0000000000000000;1,0000000000000000
2021-05-06;alle;29;29,0;29;29;29;29;29;29;29;29;29,0;29;189;189,0;189;189;189;189;189;189;189;189;189,0;189,0;NA;NA;NA;NA;NA;NA;NA;NA;NA;NA;NA
2021-05-05;0-60;27;27,0;27;27;27;27;27;27;27;27;27,0;27;107;107,0;107;107;107;107;107;107;107;107;107,0;107,0;1,000000000000000;1,000000000000000;1,000000000000000;1,000000000000000;1,000000000000000;1,000000000000000;1,000000000000000;1,000000000000000;1,000000000000000;1,0000000000000000;1,0000000000000000
2021-05-05;60+;21;21,0;21;21;21;21;21;21;21;21;21,0;21;90;90,0;90;90;90;90;90;90;90;90;90,0;90,0;1,000000000000000;1,000000000000000;1,000000000000000;1,000000000000000;1,000000000000000;1,000000000000000;1,000000000000000;1,000000000000000;1,000000000000000;1,0000000000000000;1,0000000000000000
2021-05-05;alle;48;48,0;48;48;48;48;48;48;48;48;48,0;48;197;197,0;197;197;197;197;197;197;197;197;197,0;197,0;NA;NA;NA;NA;NA;NA;NA;NA;NA;NA;NA
2021-05-04;0-60;23;23,0;23;23;23;23;23;23;23;23;23,0;23;102;102,0;102;102;102;102;102;102;102;102;102,0;102,0;1,000000000000000;1,000000000000000;1,000000000000000;1,000000000000000;1,000000000000000;1,000000000000000;1,000000000000000;1,000000000000000;1,000000000000000;1,0000000000000000;1,0000000000000000
2021-05-04;60+;18;18,0;18;18;18;18;18;18;18;18;18,0;18;89;89,0;89;89;89;89;89;89;89;89;89,0;89,0;1,000000000000000;1,000000000000000;1,000000000000000;1,000000000000000;1,000000000000000;1,000000000000000;1,000000000000000;1,000000000000000;1,000000000000000;1,0000000000000000;1,0000000000000000
2021-05-04;alle;41;41,0;41;41;41;41;41;41;41;41;41,0;41;191;191,0;191;191;191;191;191;191;191;191;191,0;191,0;NA;NA;NA;NA;NA;NA;NA;NA;NA;NA;NA
2021-05-03;0-60;1;1,0;1;1;1;1;1;1;1;1;1,0;1;106;106,0;106;106;106;106;106;106;106;106;106,0;106,0;1,000000000000000;1,000000000000000;1,000000000000000;1,000000000000000;1,000000000000000;1,000000000000000;1,000000000000000;1,000000000000000;1,000000000000000;1,0000000000000000;1,0000000000000000
2021-05-03;60+;0;0,0;0;0;0;0;0;0;0;0;0,0;0;108;108,0;108;108;108;108;108;108;108;108;108,0;108,0;1,000000000000000;1,000000000000000;1,000000000000000;1,000000000000000;1,000000000000000;1,000000000000000;1,000000000000000;1,000000000000000;1,000000000000000;1,0000000000000000;1,0000000000000000
2021-05-03;alle;1;1,0;1;1;1;1;1;1;1;1;1,0;1;214;214,0;214;214;214;214;214;214;214;214;214,0;214,0;NA;NA;NA;NA;NA;NA;NA;NA;NA;NA;NA
2021-05-02;0-60;10;10,0;10;10;10;10;10;10;10;10;10,0;10;107;107,0;107;107;107;107;107;107;107;107;107,0;107,0;1,000000000000000;1,000000000000000;1,000000000000000;1,000000000000000;1,000000000000000;1,000000000000000;1,000000000000000;1,000000000000000;1,000000000000000;1,0000000000000000;1,0000000000000000
2021-05-02;60+;4;4,0;4;4;4;4;4;4;4;4;4,0;4;110;110,0;110;110;110;110;110;110;110;110;110,0;110,0;1,000000000000000;1,000000000000000;1,000000000000000;1,000000000000000;1,000000000000000;1,000000000000000;1,000000000000000;1,000000000000000;1,000000000000000;1,0000000000000000;1,0000000000000000
2021-05-02;alle;14;14,0;14;14;14;14;14;14;14;14;14,0;14;217;217,0;217;217;217;217;217;217;217;217;217,0;217,0;NA;NA;NA;NA;NA;NA;NA;NA;NA;NA;NA
2021-05-01;0-60;15;15,0;15;15;15;15;15;15;15;15;15,0;15;108;108,0;108;108;108;108;108;108;108;108;108,0;108,0;1,000000000000000;1,000000000000000;1,000000000000000;1,000000000000000;1,000000000000000;1,000000000000000;1,000000000000000;1,000000000000000;1,000000000000000;1,0000000000000000;1,0000000000000000
2021-05-01;60+;10;10,0;10;10;10;10;10;10;10;10;10,0;10;118;118,0;118;118;118;118;118;118;118;118;118,0;118,0;1,000000000000000;1,000000000000000;1,000000000000000;1,000000000000000;1,000000000000000;1,000000000000000;1,000000000000000;1,000000000000000;1,000000000000000;1,0000000000000000;1,0000000000000000
2021-05-01;alle;25;25,0;25;25;25;25;25;25;25;25;25,0;25;226;226,0;226;226;226;226;226;226;226;226;226,0;226,0;NA;NA;NA;NA;NA;NA;NA;NA;NA;NA;NA
2021-04-30;0-60;16;16,0;16;16;16;16;16;16;16;16;16,0;16;125;125,0;125;125;125;125;125;125;125;125;125,0;125,0;1,000000000000000;1,000000000000000;1,000000000000000;1,000000000000000;1,000000000000000;1,000000000000000;1,000000000000000;1,000000000000000;1,000000000000000;1,0000000000000000;1,0000000000000000
2021-04-30;60+;15;15,0;15;15;15;15;15;15;15;15;15,0;15;127;127,0;127;127;127;127;127;127;127;127;127,0;127,0;1,000000000000000;1,000000000000000;1,000000000000000;1,000000000000000;1,000000000000000;1,000000000000000;1,000000000000000;1,000000000000000;1,000000000000000;1,0000000000000000;1,0000000000000000
2021-04-30;alle;31;31,0;31;31;31;31;31;31;31;31;31,0;31;252;252,0;252;252;252;252;252;252;252;252;252,0;252,0;NA;NA;NA;NA;NA;NA;NA;NA;NA;NA;NA
2021-04-29;0-60;15;15,0;15;15;15;15;15;15;15;15;15,0;15;129;129,0;129;129;129;129;129;129;129;129;129,0;129,0;1,000000000000000;1,000000000000000;1,000000000000000;1,000000000000000;1,000000000000000;1,000000000000000;1,000000000000000;1,000000000000000;1,000000000000000;1,0000000000000000;1,0000000000000000
2021-04-29;60+;22;22,0;22;22;22;22;22;22;22;22;22,0;22;134;134,0;134;134;134;134;134;134;134;134;134,0;134,0;1,000000000000000;1,000000000000000;1,000000000000000;1,000000000000000;1,000000000000000;1,000000000000000;1,000000000000000;1,000000000000000;1,000000000000000;1,0000000000000000;1,0000000000000000
2021-04-29;alle;37;37,0;37;37;37;37;37;37;37;37;37,0;37;263;263,0;263;263;263;263;263;263;263;263;263,0;263,0;NA;NA;NA;NA;NA;NA;NA;NA;NA;NA;NA
2021-04-28;0-60;22;22,0;22;22;22;22;22;22;22;22;22,0;22;131;131,0;131;131;131;131;131;131;131;131;131,0;131,0;1,000000000000000;1,000000000000000;1,000000000000000;1,000000000000000;1,000000000000000;1,000000000000000;1,000000000000000;1,000000000000000;1,000000000000000;1,0000000000000000;1,0000000000000000
2021-04-28;60+;20;20,0;20;20;20;20;20;20;20;20;20,0;20;137;137,0;137;137;137;137;137;137;137;137;137,0;137,0;1,000000000000000;1,000000000000000;1,000000000000000;1,000000000000000;1,000000000000000;1,000000000000000;1,000000000000000;1,000000000000000;1,000000000000000;1,0000000000000000;1,0000000000000000
2021-04-28;alle;42;42,0;42;42;42;42;42;42;42;42;42,0;42;268;268,0;268;268;268;268;268;268;268;268;268,0;268,0;NA;NA;NA;NA;NA;NA;NA;NA;NA;NA;NA
2021-04-27;0-60;27;27,0;27;27;27;27;27;27;27;27;27,0;27;138;138,0;138;138;138;138;138;138;138;138;138,0;138,0;1,000000000000000;1,000000000000000;1,000000000000000;1,000000000000000;1,000000000000000;1,000000000000000;1,000000000000000;1,000000000000000;1,000000000000000;1,0000000000000000;1,0000000000000000
2021-04-27;60+;37;37,0;37;37;37;37;37;37;37;37;37,0;37;151;151,0;151;151;151;151;151;151;151;151;151,0;151,0;1,000000000000000;1,000000000000000;1,000000000000000;1,000000000000000;1,000000000000000;1,000000000000000;1,000000000000000;1,000000000000000;1,000000000000000;1,0000000000000000;1,0000000000000000
2021-04-27;alle;64;64,0;64;64;64;64;64;64;64;64;64,0;64;289;289,0;289;289;289;289;289;289;289;289;289,0;289,0;NA;NA;NA;NA;NA;NA;NA;NA;NA;NA;NA
2021-04-26;0-60;2;2,0;2;2;2;2;2;2;2;2;2,0;2;151;151,0;151;151;151;151;151;151;151;151;151,0;151,0;1,000000000000000;1,000000000000000;1,000000000000000;1,000000000000000;1,000000000000000;1,000000000000000;1,000000000000000;1,000000000000000;1,000000000000000;1,0000000000000000;1,0000000000000000
2021-04-26;60+;2;2,0;2;2;2;2;2;2;2;2;2,0;2;164;164,0;164;164;164;164;164;164;164;164;164,0;164,0;1,000000000000000;1,000000000000000;1,000000000000000;1,000000000000000;1,000000000000000;1,000000000000000;1,000000000000000;1,000000000000000;1,000000000000000;1,0000000000000000;1,0000000000000000
2021-04-26;alle;4;4,0;4;4;4;4;4;4;4;4;4,0;4;315;315,0;315;315;315;315;315;315;315;315;315,0;315,0;NA;NA;NA;NA;NA;NA;NA;NA;NA;NA;NA
2021-04-25;0-60;11;11,0;11;11;11;11;11;11;11;11;11,0;11;149;149,0;149;149;149;149;149;149;149;149;149,0;149,0;1,000000000000000;1,000000000000000;1,000000000000000;1,000000000000000;1,000000000000000;1,000000000000000;1,000000000000000;1,000000000000000;1,000000000000000;1,0000000000000000;1,0000000000000000
2021-04-25;60+;12;12,0;12;12;12;12;12;12;12;12;12,0;12;169;169,0;169;169;169;169;169;169;169;169;169,0;169,0;1,000000000000000;1,000000000000000;1,000000000000000;1,000000000000000;1,000000000000000;1,000000000000000;1,000000000000000;1,000000000000000;1,000000000000000;1,0000000000000000;1,0000000000000000
2021-04-25;alle;23;23,0;23;23;23;23;23;23;23;23;23,0;23;318;318,0;318;318;318;318;318;318;318;318;318,0;318,0;NA;NA;NA;NA;NA;NA;NA;NA;NA;NA;NA
2021-04-24;0-60;32;32,0;32;32;32;32;32;32;32;32;32,0;32;152;152,0;152;152;152;152;152;152;152;152;152,0;152,0;1,000000000000000;1,000000000000000;1,000000000000000;1,000000000000000;1,000000000000000;1,000000000000000;1,000000000000000;1,000000000000000;1,000000000000000;1,0000000000000000;1,0000000000000000
2021-04-24;60+;19;19,0;19;19;19;19;19;19;19;19;19,0;19;164;164,0;164;164;164;164;164;164;164;164;164,0;164,0;1,000000000000000;1,000000000000000;1,000000000000000;1,000000000000000;1,000000000000000;1,000000000000000;1,000000000000000;1,000000000000000;1,000000000000000;1,0000000000000000;1,0000000000000000
2021-04-24;alle;51;51,0;51;51;51;51;51;51;51;51;51,0;51;316;316,0;316;316;316;316;316;316;316;316;316,0;316,0;NA;NA;NA;NA;NA;NA;NA;NA;NA;NA;NA
2021-04-23;0-60;20;20,0;20;20;20;20;20;20;20;20;20,0;20;134;134,0;134;134;134;134;134;134;134;134;134,0;134,0;1,000000000000000;1,000000000000000;1,000000000000000;1,000000000000000;1,000000000000000;1,000000000000000;1,000000000000000;1,000000000000000;1,000000000000000;1,0000000000000000;1,0000000000000000
2021-04-23;60+;22;22,0;22;22;22;22;22;22;22;22;22,0;22;174;174,0;174;174;174;174;174;174;174;174;174,0;174,0;1,000000000000000;1,000000000000000;1,000000000000000;1,000000000000000;1,000000000000000;1,000000000000000;1,000000000000000;1,000000000000000;1,000000000000000;1,0000000000000000;1,0000000000000000
2021-04-23;alle;42;42,0;42;42;42;42;42;42;42;42;42,0;42;308;308,0;308;308;308;308;308;308;308;308;308,0;308,0;NA;NA;NA;NA;NA;NA;NA;NA;NA;NA;NA
2021-04-22;0-60;17;17,0;17;17;17;17;17;17;17;17;17,0;17;148;148,0;148;148;148;148;148;148;148;148;148,0;148,0;1,000000000000000;1,000000000000000;1,000000000000000;1,000000000000000;1,000000000000000;1,000000000000000;1,000000000000000;1,000000000000000;1,000000000000000;1,0000000000000000;1,0000000000000000
2021-04-22;60+;25;25,0;25;25;25;25;25;25;25;25;25,0;25;174;174,0;174;174;174;174;174;174;174;174;174,0;174,0;1,000000000000000;1,000000000000000;1,000000000000000;1,000000000000000;1,000000000000000;1,000000000000000;1,000000000000000;1,000000000000000;1,000000000000000;1,0000000000000000;1,0000000000000000
2021-04-22;alle;42;42,0;42;42;42;42;42;42;42;42;42,0;42;322;322,0;322;322;322;322;322;322;322;322;322,0;322,0;NA;NA;NA;NA;NA;NA;NA;NA;NA;NA;NA
2021-04-21;0-60;29;29,0;29;29;29;29;29;29;29;29;29,0;29;154;154,0;154;154;154;154;154;154;154;154;154,0;154,0;1,000000000000000;1,000000000000000;1,000000000000000;1,000000000000000;1,000000000000000;1,000000000000000;1,000000000000000;1,000000000000000;1,000000000000000;1,0000000000000000;1,0000000000000000
2021-04-21;60+;34;34,0;34;34;34;34;34;34;34;34;34,0;34;173;173,0;173;173;173;173;173;173;173;173;173,0;173,0;1,000000000000000;1,000000000000000;1,000000000000000;1,000000000000000;1,000000000000000;1,000000000000000;1,000000000000000;1,000000000000000;1,000000000000000;1,0000000000000000;1,0000000000000000
2021-04-21;alle;63;63,0;63;63;63;63;63;63;63;63;63,0;63;327;327,0;327;327;327;327;327;327;327;327;327,0;327,0;NA;NA;NA;NA;NA;NA;NA;NA;NA;NA;NA
2021-04-20;0-60;40;40,0;40;40;40;40;40;40;40;40;40,0;40;150;150,0;150;150;150;150;150;150;150;150;150,0;150,0;1,000000000000000;1,000000000000000;1,000000000000000;1,000000000000000;1,000000000000000;1,000000000000000;1,000000000000000;1,000000000000000;1,000000000000000;1,0000000000000000;1,0000000000000000
2021-04-20;60+;50;50,0;50;50;50;50;50;50;50;50;50,0;50;167;167,0;167;167;167;167;167;167;167;167;167,0;167,0;1,000000000000000;1,000000000000000;1,000000000000000;1,000000000000000;1,000000000000000;1,000000000000000;1,000000000000000;1,000000000000000;1,000000000000000;1,0000000000000000;1,0000000000000000
2021-04-20;alle;90;90,0;90;90;90;90;90;90;90;90;90,0;90;317;317,0;317;317;317;317;317;317;317;317;317,0;317,0;NA;NA;NA;NA;NA;NA;NA;NA;NA;NA;NA
2021-04-19;0-60;0;0,0;0;0;0;0;0;0;0;0;0,0;0;132;132,0;132;132;132;132;132;132;132;132;132,0;132,0;1,000000000000000;1,000000000000000;1,000000000000000;1,000000000000000;1,000000000000000;1,000000000000000;1,000000000000000;1,000000000000000;1,000000000000000;1,0000000000000000;1,0000000000000000
2021-04-19;60+;7;7,0;7;7;7;7;7;7;7;7;7,0;7;143;143,0;143;143;143;143;143;143;143;143;143,0;143,0;1,000000000000000;1,000000000000000;1,000000000000000;1,000000000000000;1,000000000000000;1,000000000000000;1,000000000000000;1,000000000000000;1,000000000000000;1,0000000000000000;1,0000000000000000
2021-04-19;alle;7;7,0;7;7;7;7;7;7;7;7;7,0;7;275;275,0;275;275;275;275;275;275;275;275;275,0;275,0;NA;NA;NA;NA;NA;NA;NA;NA;NA;NA;NA
2021-04-18;0-60;14;14,0;14;14;14;14;14;14;14;14;14,0;14;138;138,0;138;138;138;138;138;138;138;138;138,0;138,0;1,000000000000000;1,000000000000000;1,000000000000000;1,000000000000000;1,000000000000000;1,000000000000000;1,000000000000000;1,000000000000000;1,000000000000000;1,0000000000000000;1,0000000000000000
2021-04-18;60+;7;7,0;7;7;7;7;7;7;7;7;7,0;7;139;139,0;139;139;139;139;139;139;139;139;139,0;139,0;1,000000000000000;1,000000000000000;1,000000000000000;1,000000000000000;1,000000000000000;1,000000000000000;1,000000000000000;1,000000000000000;1,000000000000000;1,0000000000000000;1,0000000000000000
2021-04-18;alle;21;21,0;21;21;21;21;21;21;21;21;21,0;21;277;277,0;277;277;277;277;277;277;277;277;277,0;277,0;NA;NA;NA;NA;NA;NA;NA;NA;NA;NA;NA
2021-04-17;0-60;14;14,0;14;14;14;14;14;14;14;14;14,0;14;129;129,0;129;129;129;129;129;129;129;129;129,0;129,0;1,000000000000000;1,000000000000000;1,000000000000000;1,000000000000000;1,000000000000000;1,000000000000000;1,000000000000000;1,000000000000000;1,000000000000000;1,0000000000000000;1,0000000000000000
2021-04-17;60+;29;29,0;29;29;29;29;29;29;29;29;29,0;29;144;144,0;144;144;144;144;144;144;144;144;144,0;144,0;1,000000000000000;1,000000000000000;1,000000000000000;1,000000000000000;1,000000000000000;1,000000000000000;1,000000000000000;1,000000000000000;1,000000000000000;1,0000000000000000;1,0000000000000000
2021-04-17;alle;43;43,0;43;43;43;43;43;43;43;43;43,0;43;273;273,0;273;273;273;273;273;273;273;273;273,0;273,0;NA;NA;NA;NA;NA;NA;NA;NA;NA;NA;NA
2021-04-16;0-60;34;34,0;34;34;34;34;34;34;34;34;34,0;34;146;146,0;146;146;146;146;146;146;146;146;146,0;146,0;1,000000000000000;1,000000000000000;1,000000000000000;1,000000000000000;1,000000000000000;1,000000000000000;1,000000000000000;1,000000000000000;1,000000000000000;1,0000000000000000;1,0000000000000000
2021-04-16;60+;22;22,0;22;22;22;22;22;22;22;22;22,0;22;135;135,0;135;135;135;135;135;135;135;135;135,0;135,0;1,000000000000000;1,000000000000000;1,000000000000000;1,000000000000000;1,000000000000000;1,000000000000000;1,000000000000000;1,000000000000000;1,000000000000000;1,0000000000000000;1,0000000000000000
2021-04-16;alle;56;56,0;56;56;56;56;56;56;56;56;56,0;56;281;281,0;281;281;281;281;281;281;281;281;281,0;281,0;NA;NA;NA;NA;NA;NA;NA;NA;NA;NA;NA
2021-04-15;0-60;23;23,0;23;23;23;23;23;23;23;23;23,0;23;143;143,0;143;143;143;143;143;143;143;143;143,0;143,0;1,000000000000000;1,000000000000000;1,000000000000000;1,000000000000000;1,000000000000000;1,000000000000000;1,000000000000000;1,000000000000000;1,000000000000000;1,0000000000000000;1,0000000000000000
2021-04-15;60+;24;24,0;24;24;24;24;24;24;24;24;24,0;24;134;134,0;134;134;134;134;134;134;134;134;134,0;134,0;1,000000000000000;1,000000000000000;1,000000000000000;1,000000000000000;1,000000000000000;1,000000000000000;1,000000000000000;1,000000000000000;1,000000000000000;1,0000000000000000;1,0000000000000000
2021-04-15;alle;47;47,0;47;47;47;47;47;47;47;47;47,0;47;277;277,0;277;277;277;277;277;277;277;277;277,0;277,0;NA;NA;NA;NA;NA;NA;NA;NA;NA;NA;NA
2021-04-14;0-60;25;25,0;25;25;25;25;25;25;25;25;25,0;25;152;152,0;152;152;152;152;152;152;152;152;152,0;152,0;1,000000000000000;1,000000000000000;1,000000000000000;1,000000000000000;1,000000000000000;1,000000000000000;1,000000000000000;1,000000000000000;1,000000000000000;1,0000000000000000;1,0000000000000000
2021-04-14;60+;28;28,0;28;28;28;28;28;28;28;28;28,0;28;148;148,0;148;148;148;148;148;148;148;148;148,0;148,0;1,000000000000000;1,000000000000000;1,000000000000000;1,000000000000000;1,000000000000000;1,000000000000000;1,000000000000000;1,000000000000000;1,000000000000000;1,0000000000000000;1,0000000000000000
2021-04-14;alle;53;53,0;53;53;53;53;53;53;53;53;53,0;53;300;300,0;300;300;300;300;300;300;300;300;300,0;300,0;NA;NA;NA;NA;NA;NA;NA;NA;NA;NA;NA
2021-04-13;0-60;22;22,0;22;22;22;22;22;22;22;22;22,0;22;145;145,0;145;145;145;145;145;145;145;145;145,0;145,0;1,000000000000000;1,000000000000000;1,000000000000000;1,000000000000000;1,000000000000000;1,000000000000000;1,000000000000000;1,000000000000000;1,000000000000000;1,0000000000000000;1,0000000000000000
2021-04-13;60+;26;26,0;26;26;26;26;26;26;26;26;26,0;26;158;158,0;158;158;158;158;158;158;158;158;158,0;158,0;1,000000000000000;1,000000000000000;1,000000000000000;1,000000000000000;1,000000000000000;1,000000000000000;1,000000000000000;1,000000000000000;1,000000000000000;1,0000000000000000;1,0000000000000000
2021-04-13;alle;48;48,0;48;48;48;48;48;48;48;48;48,0;48;303;303,0;303;303;303;303;303;303;303;303;303,0;303,0;NA;NA;NA;NA;NA;NA;NA;NA;NA;NA;NA
2021-04-12;0-60;6;6,0;6;6;6;6;6;6;6;6;6,0;6;143;143,0;143;143;143;143;143;143;143;143;143,0;143,0;1,000000000000000;1,000000000000000;1,000000000000000;1,000000000000000;1,000000000000000;1,000000000000000;1,000000000000000;1,000000000000000;1,000000000000000;1,0000000000000000;1,0000000000000000
2021-04-12;60+;3;3,0;3;3;3;3;3;3;3;3;3,0;3;147;147,0;147;147;147;147;147;147;147;147;147,0;147,0;1,000000000000000;1,000000000000000;1,000000000000000;1,000000000000000;1,000000000000000;1,000000000000000;1,000000000000000;1,000000000000000;1,000000000000000;1,0000000000000000;1,0000000000000000
2021-04-12;alle;9;9,0;9;9;9;9;9;9;9;9;9,0;9;290;290,0;290;290;290;290;290;290;290;290;290,0;290,0;NA;NA;NA;NA;NA;NA;NA;NA;NA;NA;NA
2021-04-11;0-60;5;5,0;5;5;5;5;5;5;5;5;5,0;5;NA;NA;NA;NA;NA;NA;NA;NA;NA;NA;NA;NA;1,000000000000000;1,000000000000000;1,000000000000000;1,000000000000000;1,000000000000000;1,000000000000000;1,000000000000000;1,000000000000000;1,000000000000000;1,0000000000000000;1,0000000000000000
2021-04-11;60+;12;12,0;12;12;12;12;12;12;12;12;12,0;12;NA;NA;NA;NA;NA;NA;NA;NA;NA;NA;NA;NA;1,000000000000000;1,000000000000000;1,000000000000000;1,000000000000000;1,000000000000000;1,000000000000000;1,000000000000000;1,000000000000000;1,000000000000000;1,0000000000000000;1,0000000000000000
2021-04-11;alle;17;17,0;17;17;17;17;17;17;17;17;17,0;17;NA;NA;NA;NA;NA;NA;NA;NA;NA;NA;NA;NA;NA;NA;NA;NA;NA;NA;NA;NA;NA;NA;NA
2021-04-10;0-60;31;31,0;31;31;31;31;31;31;31;31;31,0;31;NA;NA;NA;NA;NA;NA;NA;NA;NA;NA;NA;NA;1,000000000000000;1,000000000000000;1,000000000000000;1,000000000000000;1,000000000000000;1,000000000000000;1,000000000000000;1,000000000000000;1,000000000000000;1,0000000000000000;1,0000000000000000
2021-04-10;60+;20;20,0;20;20;20;20;20;20;20;20;20,0;20;NA;NA;NA;NA;NA;NA;NA;NA;NA;NA;NA;NA;1,000000000000000;1,000000000000000;1,000000000000000;1,000000000000000;1,000000000000000;1,000000000000000;1,000000000000000;1,000000000000000;1,000000000000000;1,0000000000000000;1,0000000000000000
2021-04-10;alle;51;51,0;51;51;51;51;51;51;51;51;51,0;51;NA;NA;NA;NA;NA;NA;NA;NA;NA;NA;NA;NA;NA;NA;NA;NA;NA;NA;NA;NA;NA;NA;NA
2021-04-09;0-60;31;31,0;31;31;31;31;31;31;31;31;31,0;31;NA;NA;NA;NA;NA;NA;NA;NA;NA;NA;NA;NA;1,000000000000000;1,000000000000000;1,000000000000000;1,000000000000000;1,000000000000000;1,000000000000000;1,000000000000000;1,000000000000000;1,000000000000000;1,0000000000000000;1,0000000000000000
2021-04-09;60+;21;21,0;21;21;21;21;21;21;21;21;21,0;21;NA;NA;NA;NA;NA;NA;NA;NA;NA;NA;NA;NA;1,000000000000000;1,000000000000000;1,000000000000000;1,000000000000000;1,000000000000000;1,000000000000000;1,000000000000000;1,000000000000000;1,000000000000000;1,0000000000000000;1,0000000000000000
2021-04-09;alle;52;52,0;52;52;52;52;52;52;52;52;52,0;52;NA;NA;NA;NA;NA;NA;NA;NA;NA;NA;NA;NA;NA;NA;NA;NA;NA;NA;NA;NA;NA;NA;NA
2021-04-08;0-60;32;32,0;32;32;32;32;32;32;32;32;32,0;32;NA;NA;NA;NA;NA;NA;NA;NA;NA;NA;NA;NA;1,000000000000000;1,000000000000000;1,000000000000000;1,000000000000000;1,000000000000000;1,000000000000000;1,000000000000000;1,000000000000000;1,000000000000000;1,0000000000000000;1,0000000000000000
2021-04-08;60+;38;38,0;38;38;38;38;38;38;38;38;38,0;38;NA;NA;NA;NA;NA;NA;NA;NA;NA;NA;NA;NA;1,000000000000000;1,000000000000000;1,000000000000000;1,000000000000000;1,000000000000000;1,000000000000000;1,000000000000000;1,000000000000000;1,000000000000000;1,0000000000000000;1,0000000000000000
2021-04-08;alle;70;70,0;70;70;70;70;70;70;70;70;70,0;70;NA;NA;NA;NA;NA;NA;NA;NA;NA;NA;NA;NA;NA;NA;NA;NA;NA;NA;NA;NA;NA;NA;NA
2021-04-07;0-60;18;18,0;18;18;18;18;18;18;18;18;18,0;18;NA;NA;NA;NA;NA;NA;NA;NA;NA;NA;NA;NA;1,000000000000000;1,000000000000000;1,000000000000000;1,000000000000000;1,000000000000000;1,000000000000000;1,000000000000000;1,000000000000000;1,000000000000000;1,0000000000000000;1,0000000000000000
2021-04-07;60+;38;38,0;38;38;38;38;38;38;38;38;38,0;38;NA;NA;NA;NA;NA;NA;NA;NA;NA;NA;NA;NA;1,000000000000000;1,000000000000000;1,000000000000000;1,000000000000000;1,000000000000000;1,000000000000000;1,000000000000000;1,000000000000000;1,000000000000000;1,0000000000000000;1,0000000000000000
2021-04-07;alle;56;56,0;56;56;56;56;56;56;56;56;56,0;56;NA;NA;NA;NA;NA;NA;NA;NA;NA;NA;NA;NA;NA;NA;NA;NA;NA;NA;NA;NA;NA;NA;NA
2021-04-06;0-60;20;20,0;20;20;20;20;20;20;20;20;20,0;20;NA;NA;NA;NA;NA;NA;NA;NA;NA;NA;NA;NA;1,000000000000000;1,000000000000000;1,000000000000000;1,000000000000000;1,000000000000000;1,000000000000000;1,000000000000000;1,000000000000000;1,000000000000000;1,0000000000000000;1,0000000000000000
2021-04-06;60+;15;15,0;15;15;15;15;15;15;15;15;15,0;15;NA;NA;NA;NA;NA;NA;NA;NA;NA;NA;NA;NA;1,000000000000000;1,000000000000000;1,000000000000000;1,000000000000000;1,000000000000000;1,000000000000000;1,000000000000000;1,000000000000000;1,000000000000000;1,0000000000000000;1,0000000000000000
2021-04-06;alle;35;35,0;35;35;35;35;35;35;35;35;35,0;35;NA;NA;NA;NA;NA;NA;NA;NA;NA;NA;NA;NA;NA;NA;NA;NA;NA;NA;NA;NA;NA;NA;NA
