date;age60;reported;nowcast_est;nowcast_0.025;nowcast_0.1;nowcast_0.25;nowcast_0.5;nowcast_0.75;nowcast_0.8;nowcast_0.85;nowcast_0.9;nowcast_0.95;nowcast_0.975;reported7;nowcast7_est;nowcast7_0.025;nowcast7_0.1;nowcast7_0.25;nowcast7_0.5;nowcast7_0.75;nowcast7_0.8;nowcast7_0.85;nowcast7_0.9;nowcast7_0.95;nowcast7_0.975;F_est;F_0.025;F_0.1;F_0.25;F_0.5;F_0.75;F_0.8;F_0.85;F_0.9;F_0.95;F_0.975
2022-12-18;0-60;0;0,0;0;0;0;0;0;0;0;0;0,0;0,0;79;110,3;97;102;107;113;121;124;127;131;139,0;149,0;0,0851793495748908;0,187646733326760;0,144991010058559;0,110083573223749;0,0792476187801489;0,0539635502685199;0,0488174984111489;0,0429535989462062;0,0363420521658517;0,0277816955948451;0,0216439764334559
2022-12-18;60+;0;0,0;0;0;0;0;0;0;0;0;0,0;0,0;394;571,4;517;535;554;578;606;614;623;636;657,0;678,0;0,0797016045242833;0,175419085084927;0,136768445267730;0,106043142112125;0,0778314318385067;0,0558380113272261;0,0510687702096147;0,0460169600980016;0,0398712560695453;0,0323241084611831;0,0261389869787038
2022-12-18;alle;0;0,0;0;0;0;0;0;0;0;0;0,0;0,0;473;681,7;621;642;664;692;726;736;748;764;791,0;823,7;NA;NA;NA;NA;NA;NA;NA;NA;NA;NA;NA
2022-12-17;0-60;5;15,7;9;11;13;16;20;21;23;25;28,0;33,0;80;111,7;98;104;108;115;123;125;128;132;141,0;151,2;0,3189417695740065;0,439497357946019;0,392883035606727;0,351234715181067;0,3042345100938388;0,2569491101890000;0,2461170504695566;0,2333660713134196;0,2161003148280404;0,1889373578688917;0,1654675277475309
2022-12-17;60+;30;96,1;67;76;85;97;113;117;123;130;144,0;156,0;416;602,2;546;565;585;610;639;647;656;670;691,4;714,0;0,3120208121149596;0,423366846639474;0,386214128997940;0,349117859360512;0,3081340635991264;0,2681730873019065;0,2584940389389276;0,2477545735060492;0,2341167230681479;0,2141354959203134;0,1960561247014403
2022-12-17;alle;35;111,8;79;89;100;114;132;138;144;153;169,0;186,0;496;713,9;651;673;696;726;761;770;783;799;828,0;860,0;NA;NA;NA;NA;NA;NA;NA;NA;NA;NA;NA
2022-12-16;0-60;10;18,1;13;15;16;19;22;23;24;25;29,0;33,0;91;115,8;105;109;114;119;125;127;129;133;140,0;150,1;0,5538674274290341;0,656687462882570;0,618137852259222;0,579574507379188;0,5331950122280456;0,4792626860329668;0,4655257465564457;0,4487692239569316;0,4259928670415872;0,3850286698817268;0,3254072115361021
2022-12-16;60+;58;105,2;85;92;98;106;116;119;123;127;134,0;141,0;449;583,6;544;558;572;589;610;615;622;631;646,0;660,0;0,5511187214092504;0,653789187247219;0,616970868457542;0,583328762203505;0,5450239635928297;0,5031641390648393;0,4927324280607671;0,4802291609144984;0,4639375939075350;0,4400701450486439;0,4173077073953485
2022-12-16;alle;68;123,3;101;108;116;126;138;141;145;151;160,0;170,0;540;699,4;655;671;688;709;734;741;749;761;782,0;805,0;NA;NA;NA;NA;NA;NA;NA;NA;NA;NA;NA
2022-12-15;0-60;14;19,5;15;17;18;20;22;23;24;25;27,0;31,0;95;114,0;106;109;112;117;122;124;126;128;135,0;144,8;0,7172043610264106;0,791084438929621;0,762321132508840;0,734194487818230;0,6971006281555221;0,6541007109882370;0,6424851457861185;0,6272645176454992;0,6049454613429670;0,5613875888729480;0,4822848232464393
2022-12-15;60+;79;110,1;96;101;105;111;117;119;121;124;129,0;134,0;457;555,0;525;536;547;560;575;579;584;591;601,0;613,0;0,7177180167165068;0,788732731256481;0,764520741766576;0,741263606476698;0,7118208839882610;0,6801696221581340;0,6711092946910229;0,6609233218204731;0,6483299357037344;0,6285478390541007;0,6083597322944495
2022-12-15;alle;93;129,6;114;119;125;131;139;141;144;148;154,0;161,0;552;669,1;636;649;661;677;696;701;708;717;733,0;754,0;NA;NA;NA;NA;NA;NA;NA;NA;NA;NA;NA
2022-12-14;0-60;16;19,1;16;17;18;19;21;21;22;22;23,0;24,0;98;113,6;106;109;112;116;121;122;124;127;133,0;142,6;0,8363747757666814;0,886720461239274;0,868582799754771;0,851098798085676;0,8286878752931871;0,8024562750308959;0,7958129522971512;0,7880325974639987;0,7767079902844244;0,7597692413777212;0,7454372472760069
2022-12-14;60+;90;107,3;98;101;104;108;112;113;114;116;118,0;121,0;468;545,4;521;530;539;550;562;566;570;576;586,0;594,0;0,8384729117117276;0,885165215576530;0,869932556148347;0,855162572545874;0,8363443593197839;0,8158087043167901;0,8104265713826673;0,8034444235472082;0,7952367520094085;0,7819283211720323;0,7695476450230655
2022-12-14;alle;106;126,5;116;120;123;127;131;133;134;136;139,0;142,0;566;659,0;632;643;653;666;682;687;693;701;715,0;732,0;NA;NA;NA;NA;NA;NA;NA;NA;NA;NA;NA
2022-12-13;0-60;30;33,1;30;31;32;33;35;35;36;36;37,0;38,0;113;127,8;120;123;126;130;135;136;138;141;147,0;157,6;0,9065783288863000;0,934956711231602;0,924679932224350;0,913670923289043;0,8996185639910287;0,8831055833856192;0,8784517178832562;0,8727402434972540;0,8654504102024988;0,8535049293457095;0,8405807343343965
2022-12-13;60+;119;131,0;124;126;128;131;134;135;136;137;140,0;141,0;466;532,6;510;519;527;536;548;551;555;560;570,0;578,0;0,9081875151929176;0,934854533034399;0,926392400185558;0,917484137558730;0,9064487542096481;0,8938850194399972;0,8903048880132853;0,8857842747271030;0,8805048166565004;0,8723333722272522;0,8651095420635960
2022-12-13;alle;149;164,1;156;159;161;165;168;169;170;172;174,0;177,0;579;660,4;636;645;655;667;682;686;692;699;713,0;731,0;NA;NA;NA;NA;NA;NA;NA;NA;NA;NA;NA
2022-12-12;0-60;4;4,8;4;4;4;5;6;6;6;7;7,0;8,0;97;109,4;103;105;108;111;116;117;119;122;128,0;137,3;0,8303727007131956;0,891012704798834;0,868004507474560;0,844261856396700;0,8124634558375270;0,7729505902039774;0,7615125720761269;0,7474542294094568;0,7271200192408169;0,6910722807934785;0,6383624385493495
2022-12-12;60+;18;21,6;18;19;20;22;23;24;24;25;26,0;27,0;462;521,9;501;509;516;525;536;540;543;548;556,0;565,0;0,8332256613321639;0,893386947104981;0,874124263686467;0,853966999705074;0,8277730725310232;0,7980308436724052;0,7898253514671745;0,7797086403343386;0,7662289745091071;0,7462921755558956;0,7260113819949555
2022-12-12;alle;22;26,4;23;24;25;27;29;29;30;31;32,0;33,0;559;631,2;609;618;626;638;652;656;661;668;680,0;697,7;NA;NA;NA;NA;NA;NA;NA;NA;NA;NA;NA
2022-12-11;0-60;1;1,4;1;1;1;1;2;2;2;3;3,0;4,0;96;107,9;101;104;106;110;114;115;117;120;126,0;135,1;0,7100748143516259;0,806939773943764;0,769339513023104;0,729792362562539;0,6775714641947405;0,6147093317648340;0,5979154932467192;0,5736322207201212;0,5412748828535114;0,4771255857797726;0,3836373198816462
2022-12-11;60+;22;30,8;25;27;29;31;34;35;36;38;40,0;43,0;460;517,8;498;505;512;521;532;535;539;543;552,0;560,0;0,7145718018600051;0,813604183941379;0,778779759743976;0,746042358827997;0,7050963291523433;0,6576623208227635;0,6440673675765907;0,6297004220864169;0,6101766141411413;0,5784163759889275;0,5475088118790398
2022-12-11;alle;23;32,2;26;28;30;33;36;37;38;40;42,0;45,0;556;625,7;603;612;621;632;646;649;655;661;674,0;692,0;NA;NA;NA;NA;NA;NA;NA;NA;NA;NA;NA
2022-12-10;0-60;16;19,8;17;18;19;20;22;23;24;25;27,0;31,0;98;110,1;104;106;109;112;117;118;120;123;129,0;138,3;0,8088038110998671;0,865283426578952;0,841840197537571;0,816938644853825;0,7850318162281282;0,7443166341681858;0,7317960461966738;0,7159168475992602;0,6937047881835130;0,6398571754920261;0,5414745025927549
2022-12-10;60+;63;77,6;70;72;75;78;82;83;84;86;89,0;92,0;450;501,5;483;490;496;504;514;517;520;524;531,0;539,0;0,8121590336084447;0,865340482499152;0,846869291141057;0,828318799611075;0,8052950523606305;0,7779222855432439;0,7706117754935240;0,7614108058798701;0,7497438043712873;0,7311263596763762;0,7122635084986045
2022-12-10;alle;79;97,4;88;92;95;99;104;105;107;109;114,0;119,0;548;611,6;591;599;607;617;630;634;638;645;657,0;674,7;NA;NA;NA;NA;NA;NA;NA;NA;NA;NA;NA
2022-12-09;0-60;14;16,3;14;15;15;17;18;19;19;20;22,0;26,0;95;104,9;99;101;104;107;111;112;114;116;122,0;130,8;0,8588763203720536;0,901706647240363;0,884012274425721;0,863713851318738;0,8383299538290661;0,8032638263413909;0,7918881955590500;0,7766713737502421;0,7505339950915544;0,6757609689590124;0,5399754885527358
2022-12-09;60+;66;76,6;70;72;75;77;80;81;82;84;86,0;89,0;432;474,5;459;464;470;477;485;488;491;494;501,0;508,0;0,8611754361403445;0,901282982293975;0,887553146141926;0,872997279451480;0,8544945001174484;0,8328862876144851;0,8267943467531256;0,8195729522065667;0,8093134691612234;0,7924441610801620;0,7744992685289807
2022-12-09;alle;80;92,9;86;88;91;94;98;99;101;103;107,0;112,0;527;579,5;562;569;576;585;596;599;603;608;620,0;635,0;NA;NA;NA;NA;NA;NA;NA;NA;NA;NA;NA
2022-12-08;0-60;17;19,0;17;17;18;19;21;21;22;23;25,0;28,0;98;107,2;102;104;106;109;113;114;116;118;124,0;133,0;0,8937329537803254;0,926957279487556;0,913431519680876;0,897883414005472;0,8774523015486738;0,8492990112829594;0,8407838514435526;0,8272939327552645;0,8069376963023389;0,7387560264128145;0,6069376667294496
2022-12-08;60+;90;100,5;94;96;98;101;104;105;106;107;110,0;112,0;437;475,1;460;466;471;478;485;488;490;494;500,0;507,0;0,8957949073937919;0,926493454138864;0,915804711535751;0,904711371320855;0,8905898193000208;0,8738235141409857;0,8690751810122204;0,8634091235245408;0,8552865164580170;0,8414859946485576;0,8255443557269725
2022-12-08;alle;107;119,5;113;115;118;121;124;126;127;129;133,0;138,0;535;582,3;566;572;579;587;598;601;605;610;622,0;636,0;NA;NA;NA;NA;NA;NA;NA;NA;NA;NA;NA
2022-12-07;0-60;31;33,4;31;32;32;33;35;35;36;36;37,0;38,0;87;94,6;90;92;94;96;99;100;102;104;109,0;116,9;0,9291091063984922;0,955174970617384;0,945609078706004;0,936030169518375;0,9229686206927629;0,9075658055682534;0,9031129964105206;0,8972658213340116;0,8895561835616308;0,8774380272218005;0,8659704734609668
2022-12-07;60+;88;94,5;90;91;93;95;97;97;98;99;101,0;102,0;430;462,8;449;454;459;465;472;474;477;480;486,0;492,0;0,9313840044794132;0,953679367704295;0,946247843249046;0,939017116980471;0,9296297090697160;0,9188221165622087;0,9160648725178699;0,9126965325998863;0,9081028133425684;0,9008778115760820;0,8939933760486761
2022-12-07;alle;119;127,8;122;124;126;128;131;132;132;134;135,0;137,0;517;557,4;542;549;555;562;571;574;577;582;592,0;605,0;NA;NA;NA;NA;NA;NA;NA;NA;NA;NA;NA
2022-12-06;0-60;14;14,7;14;14;14;15;15;15;16;16;17,0;17,0;73;78,9;75;76;78;80;83;84;85;87;92,0;98,7;0,9544832033985633;0,970351126562047;0,964394329925335;0,958014897728690;0,9488278398535126;0,9376053516375428;0,9347192335729839;0,9307109643038118;0,9252422155687442;0,9157077688805320;0,9036286271286978
2022-12-06;60+;115;120,3;116;117;119;120;122;123;123;124;125,0;127,0;403;431,6;420;424;428;434;440;442;445;447;453,0;459,0;0,9559006694847914;0,970351764448471;0,965302210837457;0,960553230284121;0,9543513021104932;0,9471475260089463;0,9451002381710494;0,9427233764553601;0,9395024389780624;0,9344780491012261;0,9300627853945052
2022-12-06;alle;129;135,0;131;132;133;135;137;138;139;139;141,0;142,0;476;510,5;497;503;508;515;523;525;529;534;543,0;556,0;NA;NA;NA;NA;NA;NA;NA;NA;NA;NA;NA
2022-12-05;0-60;3;3,3;3;3;3;3;4;4;4;4;5,0;5,0;79;84,7;81;82;84;86;89;90;91;93;98,0;105,1;0,9072870503275718;0,943359886919879;0,929637488868279;0,913883706046843;0,8916226086309054;0,8628114431497449;0,8545641809723246;0,8422954694591409;0,8247683050617183;0,7864031841489211;0,7241011433233887
2022-12-05;60+;16;17,6;16;16;17;18;19;19;19;20;20,0;21,0;397;422,8;411;415;420;425;431;433;435;438;443,0;448,0;0,9097437338282793;0,945047341128595;0,933284374609854;0,921001031769464;0,9052246492354443;0,8859965786375948;0,8806488400081232;0,8736010231268569;0,8651171362906037;0,8501750580398411;0,8369437929715284
2022-12-05;alle;19;20,9;19;19;20;21;22;22;23;23;24,0;25,0;476;507,5;495;500;505;511;519;522;525;530;539,0;552,0;NA;NA;NA;NA;NA;NA;NA;NA;NA;NA;NA
2022-12-04;0-60;3;3,6;3;3;3;4;4;5;5;5;6,0;7,0;81;86,6;83;84;86;88;91;92;93;95;100,0;107,2;0,8271794971715997;0,891273890491980;0,865807999972837;0,836650249772195;0,7974614040377330;0,7434446193709761;0,7273135555219596;0,7065456411836231;0,6738498318198429;0,6000646974188224;0,4619313030610923
2022-12-04;60+;12;14,4;12;13;13;14;16;16;17;17;18,0;19,0;397;421,9;411;415;419;424;430;432;434;437;442,0;447,0;0,8312904373901715;0,895464408869507;0,873034525127334;0,851273284160772;0,8222026764968142;0,7871783448125313;0,7773330304719790;0,7653646597665479;0,7483986636626132;0,7220698322092873;0,6964721375524957
2022-12-04;alle;15;18,1;15;16;17;18;20;21;21;22;23,0;25,0;478;508,5;496;501;506;512;520;523;526;531;540,0;553,0;NA;NA;NA;NA;NA;NA;NA;NA;NA;NA;NA
2022-12-03;0-60;13;14,7;13;13;14;15;16;17;17;18;19,0;22,0;79;84,1;80;82;83;85;88;89;90;92;96,0;103,0;0,8866570379018434;0,925115462956561;0,908751153284665;0,890164511866704;0,8656401567902209;0,8318612565012112;0,8207514635954167;0,8060392229824795;0,7823384426349398;0,7259314344637207;0,6069908545097781
2022-12-03;60+;45;50,6;46;48;49;51;53;54;54;55;57,0;58,0;393;416,1;406;409;413;418;424;425;427;430;435,0;440,0;0,8896362891702578;0,925275416670649;0,912353718743844;0,899791282825842;0,8831499941213772;0,8630224649128101;0,8574299925381694;0,8507517023032429;0,8409705472895178;0,8254277883406073;0,8079992074777869
2022-12-03;alle;58;65,2;60;62;64;66;69;70;71;72;75,0;78,0;472;500,2;488;493;498;504;511;513;517;521;530,0;543,0;NA;NA;NA;NA;NA;NA;NA;NA;NA;NA;NA
2022-12-02;0-60;17;18,5;17;17;18;19;20;21;21;22;24,0;30,0;76;79,9;77;78;79;81;83;84;85;87;91,0;97,6;0,9171357680035996;0,945186354652365;0,932704001585706;0,918565004101679;0,8988086246497072;0,8712570024118361;0,8617560299536188;0,8477362298723286;0,8216470077232130;0,7365124306329939;0,5825475453607475
2022-12-02;60+;71;77,2;73;74;76;78;80;81;82;83;85,0;87,0;410;430,5;421;424;428;432;438;440;442;444;449,0;454,0;0,9191358136849855;0,945673154633809;0,936410071905776;0,926366249847915;0,9133353592341013;0,8970907528433484;0,8921015279830834;0,8867732095195628;0,8784280144374081;0,8637082232726103;0,8468827258864521
2022-12-02;alle;88;95,8;91;92;94;97;100;101;102;104;107,4;114,0;486;510,4;500;504;508;514;521;523;526;530;539,0;552,0;NA;NA;NA;NA;NA;NA;NA;NA;NA;NA;NA
2022-12-01;0-60;6;6,4;6;6;6;6;7;7;7;8;9,0;10,0;64;66,5;64;65;66;67;69;70;70;72;74,0;79,4;0,9393214156304914;0,960450617280047;0,951393615734360;0,940581269787089;0,9252242114043413;0,9034052954620894;0,8958814567272977;0,8844719762489268;0,8648646587837423;0,7869410405394868;0,6414259979147565
2022-12-01;60+;83;88,2;84;85;87;89;91;91;92;93;95,0;97,0;387;402,7;394;397;400;404;409;411;412;415;419,0;424,0;0,9411846868963682;0,960980941682415;0,954083533238663;0,946704191581759;0,9368126755036749;0,9242558051234083;0,9204964414495762;0,9158975039777931;0,9093212164201103;0,8977680791030178;0,8829195700498769
2022-12-01;alle;89;94,6;90;92;93;95;97;98;99;100;102,0;105,0;451;469,3;460;464;467;472;478;480;482;485;492,0;501,0;NA;NA;NA;NA;NA;NA;NA;NA;NA;NA;NA
2022-11-30;0-60;17;17,7;17;17;17;18;18;19;19;19;20,0;20,0;66;68,3;66;67;68;69;71;71;72;73;76,0;81,5;0,9616013377317821;0,977633553628152;0,972152397332571;0,965955962158606;0,9573808736494179;0,9459362372177649;0,9426869861011531;0,9384590784676814;0,9324634842529446;0,9223590249057488;0,9121373649551164
2022-11-30;60+;61;63,3;61;61;62;63;64;65;65;66;67,0;67,0;336;347,2;340;343;345;348;352;354;355;357;360,0;364,0;0,9637591371212038;0,977549087820600;0,973107494955067;0,968560983999626;0,9624644269954029;0,9553790155912063;0,9533770831456292;0,9510132556086649;0,9478407041232305;0,9424488425812416;0,9374411383789907
2022-11-30;alle;78;81,0;78;79;80;81;82;83;83;84;85,0;86,0;402;415,5;408;411;414;418;423;424;426;429;436,0;445,0;NA;NA;NA;NA;NA;NA;NA;NA;NA;NA;NA
2022-11-29;0-60;20;20,5;20;20;20;20;21;21;21;22;22,0;23,0;58;59,7;58;58;59;60;62;62;63;64;67,0;71,9;0,9767020542185803;0,986207829255308;0,982803262791572;0,978736009499957;0,9728478762932707;0,9648837352947098;0,9624162857479553;0,9590844894830288;0,9545594889846097;0,9462215394267972;0,9354383818845278
2022-11-29;60+;109;111,5;109;110;110;111;113;113;114;114;115,0;116,0;314;323,3;317;319;321;324;328;329;331;332;336,0;340,0;0,9780117189100125;0,986588598397978;0,983927228639880;0,980835468853436;0,9769935350541270;0,9721591859836174;0,9707856378838230;0,9690665839518464;0,9667859568387052;0,9632036459589730;0,9594771501289572
2022-11-29;alle;129;131,9;129;130;131;132;133;134;134;135;136,0;137,0;372;383,1;377;379;381;385;390;391;393;396;402,0;412,0;NA;NA;NA;NA;NA;NA;NA;NA;NA;NA;NA
2022-11-28;0-60;5;5,2;5;5;5;5;6;6;6;6;7,0;7,0;48;49,3;48;48;49;50;51;52;52;53;57,0;61,1;0,9548618958774790;0,974667410371512;0,966983000769670;0,958149015672169;0,9439666193245392;0,9236207958156385;0,9164790941757730;0,9069642740682731;0,8902919240688755;0,8496065095546976;0,7623746744780701
2022-11-28;60+;16;16,7;16;16;16;17;17;18;18;18;19,0;19,0;266;273,3;268;270;272;274;277;278;280;281;285,0;289,0;0,9570603980064454;0,976178746714466;0,970175143485320;0,963351769226391;0,9536060695093528;0,9414564422252266;0,9379013682727213;0,9333697948849882;0,9269593469825823;0,9157079372648842;0,9028417518784945
2022-11-28;alle;21;22,0;21;21;21;22;23;23;24;24;25,0;26,0;314;322,6;317;319;321;324;329;330;332;334;340,0;350,0;NA;NA;NA;NA;NA;NA;NA;NA;NA;NA;NA
2022-11-27;0-60;1;1,1;1;1;1;1;1;1;1;2;2,0;3,0;45;46,1;45;45;46;46;48;48;49;50;53,0;56,8;0,9200530238984437;0,955654444885452;0,941848655907172;0,924746179753439;0,8985416280748926;0,8571877646815943;0,8431616728834150;0,8238544044336927;0,7897473927567427;0,6896123870386259;0,5166972646240191
2022-11-27;60+;8;8,7;8;8;8;9;9;9;10;10;11,0;11,0;265;271,8;267;268;270;273;276;277;278;280;283,0;287,0;0,9235150332080022;0,959257968608647;0,947386148373070;0,934516126000760;0,9169043334099929;0,8930788658320449;0,8858139443102857;0,8758331549001337;0,8634737329791261;0,8388027807956886;0,8111385760085528
2022-11-27;alle;9;9,7;9;9;9;10;11;11;11;12;12,0;13,0;310;317,9;312;314;316;319;324;325;327;329;335,0;344,7;NA;NA;NA;NA;NA;NA;NA;NA;NA;NA;NA
2022-11-26;0-60;10;10,5;10;10;10;11;11;12;12;12;14,0;16,0;47;48,1;47;47;48;48;50;50;51;52;56,0;60,1;0,9529611247418280;0,974272048089151;0,965921681670597;0,955659234251993;0,9391538533302132;0,9126198172997588;0,9036343023216495;0,8899242201209138;0,8638150249303032;0,7853117432398172;0,6457462893371569
2022-11-26;60+;62;64,9;62;63;64;65;67;67;68;69;70,0;72,0;265;271,3;267;268;270;272;275;276;277;279;282,0;286,0;0,9550048390645843;0,975086964167402;0,968566540231630;0,961271380391615;0,9507589494198796;0,9363250135635950;0,9319809403459298;0,9266434954404658;0,9184643373185872;0,9027391601252077;0,8849004674604318
2022-11-26;alle;72;75,4;72;73;74;76;78;79;79;81;83,0;87,0;312;319,4;314;316;318;321;325;326;328;331;337,0;347,0;NA;NA;NA;NA;NA;NA;NA;NA;NA;NA;NA
2022-11-25;0-60;5;5,2;5;5;5;5;6;6;6;6;7,0;9,0;44;44,7;44;44;44;45;46;46;47;48;52,0;55,8;0,9687514182848703;0,983885879399049;0,978151558779500;0,970559531642573;0,9575708240571490;0,9348819068557433;0,9258390377601726;0,9115649532308983;0,8825941528964101;0,7742003681256662;0,6151406902313260
2022-11-25;60+;48;49,5;48;48;49;50;51;51;52;52;53,0;55,0;226;229,7;226;227;228;230;233;233;234;236;238,0;241,0;0,9695581439140325;0,984171165154679;0,979471709072059;0,973911403578955;0,9659011578285381;0,9542110345193687;0,9504017585144560;0,9451594555757618;0,9371177881909569;0,9206749334822404;0,9021858034323915
2022-11-25;alle;53;54,7;53;53;54;55;56;57;57;58;60,0;62,0;270;274,4;271;272;273;275;279;280;281;283;289,0;296,0;NA;NA;NA;NA;NA;NA;NA;NA;NA;NA;NA
2022-11-24;0-60;8;8,2;8;8;8;8;9;9;9;9;10,0;13,0;50;50,6;50;50;50;51;52;52;53;54;59,0;63,3;0,9793761894438235;0,990256383224422;0,986307536420591;0,980961348304163;0,9712982086371755;0,9540632574402090;0,9469589740096258;0,9335200280394684;0,9107751318611449;0,8168140417377016;0,6641629729932741
2022-11-24;60+;32;32,7;32;32;32;33;33;34;34;34;35,0;36,0;222;224,7;222;223;224;225;227;228;229;230;233,0;235,0;0,9798962321384223;0,990311534638572;0,986995020968247;0,983100220042143;0,9772965647411969;0,9683678848633021;0,9654464833097921;0,9614098273078208;0,9550298034320456;0,9423941142225807;0,9267666829578788
2022-11-24;alle;40;40,8;40;40;40;41;42;42;43;43;45,0;47,0;272;275,3;272;273;274;276;279;280;282;284;290,0;301,0;NA;NA;NA;NA;NA;NA;NA;NA;NA;NA;NA
2022-11-23;0-60;9;9,1;9;9;9;9;9;9;9;10;10,0;10,0;58;58,6;58;58;58;59;60;60;61;63;68,0;72,9;0,9885067037024371;0,996053245526298;0,993911749465192;0,991138337343065;0,9865968226480828;0,9793165011614741;0,9769926715095985;0,9740102750003735;0,9697753142916001;0,9614351432665453;0,9515087271777222
2022-11-23;60+;39;39,4;39;39;39;39;40;40;40;40;41,0;41,0;218;220,2;218;218;219;220;222;223;224;225;228,0;231,0;0,9894321824728204;0,995523719657556;0,993922629305456;0,991898449838294;0,9889273718970059;0,9848905962542114;0,9837416411131069;0,9821767769471506;0,9799420637506768;0,9761272207114966;0,9727465633049399
2022-11-23;alle;48;48,5;48;48;48;48;49;49;49;50;50,0;51,0;276;278,8;276;277;278;280;283;284;285;288;294,0;307,0;NA;NA;NA;NA;NA;NA;NA;NA;NA;NA;NA
2022-11-22;0-60;10;10,1;10;10;10;10;10;10;10;11;11,0;11,0;64;64,5;64;64;64;65;66;66;67;68;74,0;79,4;0,9933535032153132;0,997704433499688;0,996467201468128;0,994669823289772;0,9915759412681208;0,9863778831367848;0,9845881647440535;0,9818755360242623;0,9778477284583785;0,9684746624940912;0,9541587038745148
2022-11-22;60+;61;61,4;61;61;61;61;62;62;62;62;63,0;63,0;230;232,0;230;230;231;232;234;235;235;237;239,0;242,0;0,9936443433842685;0,997432056315727;0,996399266180973;0,995113496060052;0,9931193504688054;0,9903460413853677;0,9894819252488249;0,9883811682239848;0,9866821275141389;0,9838490773133131;0,9807707613952752
2022-11-22;alle;71;71,5;71;71;71;71;72;72;72;73;73,0;74,0;294;296,5;294;295;296;297;300;301;303;305;312,0;325,0;NA;NA;NA;NA;NA;NA;NA;NA;NA;NA;NA
2022-11-21;0-60;2;2,0;2;2;2;2;2;2;2;2;3,0;3,0;71;71,5;71;71;71;72;73;73;74;75;81,0;86,9;0,9871228385894557;0,995844108506086;0,993364895295558;0,989695330021138;0,9825551678448629;0,9676486399414407;0,9623453808470690;0,9530039855704838;0,9354022791920078;0,8811389415371051;0,7829894734410171
2022-11-21;60+;15;15,2;15;15;15;15;15;16;16;16;16,0;17,0;233;234,7;233;233;234;235;237;237;238;239;242,0;245,0;0,9868426068149471;0,995057112902146;0,992928319219049;0,990103816785685;0,9854018615696191;0,9780302716846879;0,9754609235416334;0,9721063351770749;0,9668384262418634;0,9558028174744595;0,9435397186872332
2022-11-21;alle;17;17,2;17;17;17;17;18;18;18;18;19,0;19,0;304;306,2;304;304;305;307;310;311;312;315;322,0;335,0;NA;NA;NA;NA;NA;NA;NA;NA;NA;NA;NA
2022-11-20;0-60;3;3,1;3;3;3;3;3;3;4;4;5,0;6,0;71;71,4;71;71;71;72;73;73;74;75;81,0;86,9;0,9769419573868980;0,993291522480658;0,988796670826219;0,982121235295770;0,9683389634552146;0,9380968799488897;0,9230884329179770;0,9004131083685439;0,8592317727011445;0,7222889972311990;0,5332031111789726
2022-11-20;60+;8;8,2;8;8;8;8;9;9;9;9;10,0;10,0;228;229,6;228;228;229;230;231;232;233;234;236,0;239,0;0,9751277839086155;0,991649294210462;0,987449597221703;0,981903892982748;0,9723128393001613;0,9563144704215462;0,9508275949291527;0,9432016372456743;0,9303567384027394;0,9033467837698290;0,8738621559910635
2022-11-20;alle;11;11,3;11;11;11;11;12;12;12;13;14,0;15,0;299;301,0;299;299;300;302;304;305;307;309;317,0;330,0;NA;NA;NA;NA;NA;NA;NA;NA;NA;NA;NA
2022-11-19;0-60;7;7,1;7;7;7;7;7;8;8;8;9,0;11,0;69;69,4;69;69;69;69;70;71;72;73;78,0;83,6;0,9867050670894875;0,996572661536799;0,994085892995288;0,990274313174774;0,9823131700001684;0,9624898712974155;0,9528945407655416;0,9372290748011561;0,9068169857432875;0,8052051749961231;0,6605229509526978
2022-11-19;60+;23;23,3;23;23;23;23;24;24;24;25;25,0;26,0;230;231,5;230;230;231;232;233;234;235;236;238,0;242,0;0,9850785414285557;0,995192291410098;0,992739148089174;0,989263429034908;0,9835737319240104;0,9733481304836215;0,9699001869398880;0,9644931493104378;0,9565620396522931;0,9391032102821588;0,9173902215950323
2022-11-19;alle;30;30,4;30;30;30;30;31;32;32;33;34,0;36,0;299;300,9;299;299;300;302;304;305;306;309;316,0;328,0;NA;NA;NA;NA;NA;NA;NA;NA;NA;NA;NA
2022-11-18;0-60;11;11,1;11;11;11;11;11;12;12;13;14,0;18,0;71;71,3;71;71;71;71;72;73;73;75;81,0;86,9;0,9909816823704437;0,998085845857714;0,996473637886722;0,993957405288042;0,9880653874662174;0,9700092108888908;0,9606874778960648;0,9430751500037744;0,9064889436469186;0,7834634641363132;0,6270696826296068
2022-11-18;60+;44;44,5;44;44;44;44;45;45;46;46;47,0;49,0;249;250,4;249;249;249;250;252;253;254;255;258,0;261,0;0,9890758500810417;0,996915248648806;0,995209592623121;0,992566380814328;0,9880924013465247;0,9789577057717304;0,9754289827065534;0,9705493554226998;0,9621440469137983;0,9435283926408617;0,9209365250608604
2022-11-18;alle;55;55,6;55;55;55;56;57;57;58;59;61,0;65,0;320;321,7;320;320;321;322;325;326;328;330;337,0;350,0;NA;NA;NA;NA;NA;NA;NA;NA;NA;NA;NA
2022-11-17;0-60;16;16,1;16;16;16;16;16;17;17;18;19,0;24,0;73;73,3;73;73;73;73;74;75;75;77;83,0;89,0;0,9942039452964898;0,998966917010883;0,998061590178635;0,996432405771296;0,9925353647529422;0,9794005496509712;0,9721570905811419;0,9582099993227363;0,9284380882208532;0,8246522183877857;0,6692196986530770
2022-11-17;60+;28;28,2;28;28;28;28;29;29;29;29;30,0;30,0;243;244,1;243;243;243;244;246;246;247;248;251,0;254,0;0,9927793625946016;0,998155737738177;0,997011544059203;0,995312297175352;0,9920548502426556;0,9856259943428195;0,9830456836512160;0,9792354668557444;0,9727699340895604;0,9579867583287904;0,9397863453136348
2022-11-17;alle;44;44,3;44;44;44;44;45;45;46;47;49,0;53,7;316;317,4;316;316;317;318;320;321;323;326;332,0;346,0;NA;NA;NA;NA;NA;NA;NA;NA;NA;NA;NA
2022-11-16;0-60;15;15,0;15;15;15;15;15;15;15;15;16,0;16,0;66;66,2;66;66;66;66;67;67;68;69;74,0;79,4;0,9972310875192479;0,999567868256324;0,999167028811935;0,998504437935490;0,9970707570977537;0,9939224184367800;0,9927000316141483;0,9908715981743236;0,9875805607546693;0,9815047788066862;0,9734943371901917
2022-11-16;60+;51;51,2;51;51;51;51;51;51;52;52;52,0;53,0;261;262,0;261;261;261;262;263;264;265;266;269,0;272,0;0,9969661243315405;0,999163004615576;0,998683240471045;0,998020879365349;0,9969128858707990;0,9950810122686229;0,9945026562059173;0,9936705525475810;0,9925556890403832;0,9903080875315982;0,9880152666061316
2022-11-16;alle;66;66,2;66;66;66;66;66;67;67;67;67,0;68,0;327;328,2;327;327;327;329;331;332;333;336;342,0;354,0;NA;NA;NA;NA;NA;NA;NA;NA;NA;NA;NA
2022-11-15;0-60;17;17,0;17;17;17;17;17;17;17;17;18,0;18,0;66;66,1;66;66;66;66;67;67;68;69;74,0;79,4;0,9982366608422564;0,999805891039680;0,999592988826345;0,999186176094988;0,9981185505127155;0,9951903728056910;0,9938517091790487;0,9918596056003199;0,9882767213480512;0,9789525747298572;0,9624681553762393
2022-11-15;60+;64;64,1;64;64;64;64;64;64;65;65;65,0;65,0;253;253,9;253;253;253;254;255;256;256;258;260,0;264,0;0,9978672949504840;0,999499653190116;0,999182128858201;0,998692357018095;0,9978268293337705;0,9962823348221321;0,9957439299816875;0,9949795232754640;0,9937807259759466;0,9914671425680573;0,9889718584551959
2022-11-15;alle;81;81,2;81;81;81;81;81;82;82;82;82,0;83,0;319;320,0;319;319;319;320;323;323;325;328;334,0;345,7;NA;NA;NA;NA;NA;NA;NA;NA;NA;NA;NA
2022-11-14;0-60;2;2,0;2;2;2;2;2;2;2;2;2,0;3,0;69;69,1;69;69;69;69;70;70;71;72;77,0;82,6;0,9961364198339182;0,999762230815859;0,999398679305478;0,998593694022564;0,9958652344725768;0,9859651766086129;0,9803979095532945;0,9715176958253245;0,9527040137051378;0,8936493129728379;0,7956912892459020
2022-11-14;60+;10;10,1;10;10;10;10;10;10;10;10;11,0;11,0;260;260,8;260;260;260;261;262;262;263;264;267,0;270,0;0,9947230081207775;0,999063915628249;0,998323901634264;0,997094969202258;0,9946296844738691;0,9894356992551877;0,9875216065789768;0,9847583554311757;0,9800089850455713;0,9699797092013975;0,9575775063340010
2022-11-14;alle;12;12,1;12;12;12;12;12;12;12;13;13,0;13,0;329;329,9;329;329;329;330;332;333;334;337;343,0;354,0;NA;NA;NA;NA;NA;NA;NA;NA;NA;NA;NA
2022-11-13;0-60;1;1,0;1;1;1;1;1;1;1;1;2,0;2,0;69;69,1;69;69;69;69;70;70;70;72;77,0;82,6;0,9926921946213393;0,999750009827364;0,999258892257498;0,997870981889731;0,9925739448951193;0,9690947467770648;0,9556682675473502;0,9313944708954488;0,8861807467712670;0,7472882598362021;0,5534076110986691
2022-11-13;60+;10;10,1;10;10;10;10;10;10;11;11;11,0;12,0;266;266,7;266;266;266;267;268;268;269;270;273,0;276,0;0,9891735268359648;0,998514402030104;0,997121118711088;0,994628825397015;0,9890786321023954;0,9769479334438423;0,9721332091802047;0,9653778907234378;0,9541762767436013;0,9272209292592477;0,8982946742816109
2022-11-13;alle;11;11,1;11;11;11;11;11;12;12;12;13,0;13,0;335;335,8;335;335;335;336;338;339;340;343;349,0;359,7;NA;NA;NA;NA;NA;NA;NA;NA;NA;NA;NA
2022-11-12;0-60;9;9,0;9;9;9;9;9;9;9;10;11,0;14,0;68;68,1;68;68;68;68;69;69;69;71;75,0;80,4;0,9958955728683574;0,999926831600485;0,999735402211931;0,999034042361373;0,9959092718733553;0,9809771909115916;0,9717458743157852;0,9567821665003130;0,9241785854157469;0,8241621774855985;0,6823352583157518
2022-11-12;60+;42;42,3;42;42;42;42;43;43;43;44;45,0;46,0;266;266,6;266;266;266;266;268;268;269;270;272,0;275,0;0,9935465724430944;0,999283398957188;0,998497981665123;0,996988580224943;0,9935806074586565;0,9857548146200916;0,9827755584132029;0,9785705917076154;0,9709763671180338;0,9547455570894492;0,9337704040947765
2022-11-12;alle;51;51,3;51;51;51;51;52;52;53;54;55,0;59,0;334;334,7;334;334;334;335;337;337;339;341;347,0;357,0;NA;NA;NA;NA;NA;NA;NA;NA;NA;NA;NA
2022-11-11;0-60;13;13,0;13;13;13;13;13;13;14;14;16,0;21,0;74;74,1;74;74;74;74;74;75;75;76;79,0;84,7;0,9971537145095447;0,999979097678267;0,999895748617389;0,999505411565325;0,9972159793675535;0,9833914739658779;0,9742198594140767;0,9576773485756677;0,9207666353743891;0,8062231771143163;0,6445810117101228
2022-11-11;60+;38;38,2;38;38;38;38;39;39;39;39;40,0;41,0;266;266,3;266;266;266;266;267;267;268;268;270,0;272,0;0,9950305408196830;0,999620405395826;0,999090684736239;0,997955764347780;0,9950801830343494;0,9879527885847799;0,9847313523218444;0,9805170039945521;0,9731868765983425;0,9557283475621738;0,9334995474252114
2022-11-11;alle;51;51,2;51;51;51;51;52;52;53;54;56,0;61,0;340;340,4;340;340;340;340;342;342;343;344;349,0;356,0;NA;NA;NA;NA;NA;NA;NA;NA;NA;NA;NA
2022-11-10;0-60;9;9,0;9;9;9;9;9;9;9;10;11,0;13,0;80;80,0;80;80;80;80;80;80;80;81;82,0;84,0;0,9985404023774420;0,999995090457923;0,999969094398061;0,999805120298635;0,9986120652419969;0,9896885794851888;0,9828839627516384;0,9711368492184180;0,9400817998586989;0,8435740258026276;0,6916703285502304
2022-11-10;60+;46;46,1;46;46;46;46;46;47;47;47;48,0;49,0;285;285,1;285;285;285;285;285;286;286;286;287,0;288,0;0,9972120324572037;0,999847954838307;0,999592030058792;0,998983158341029;0,9972817461529951;0,9925797702860216;0,9904994688481294;0,9874636246119374;0,9819739582650289;0,9691381896593128;0,9510890758347803
2022-11-10;alle;55;55,1;55;55;55;55;56;56;56;57;59,0;61,0;365;365,1;365;365;365;365;366;366;366;367;369,0;371,0;NA;NA;NA;NA;NA;NA;NA;NA;NA;NA;NA
2022-11-09;0-60;15;15,0;15;15;15;15;15;15;15;15;15,0;15,0;86;86,0;86;86;86;86;86;86;86;86;86,0;86,0;0,9999999999999998;1,000000000000000;1,000000000000000;1,000000000000000;1,0000000000000000;1,0000000000000000;1,0000000000000000;1,0000000000000000;1,0000000000000000;1,0000000000000000;1,0000000000000000
2022-11-09;60+;43;43,0;43;43;43;43;43;43;43;43;43,0;43,0;294;294,0;294;294;294;294;294;294;294;294;294,0;294,0;0,9999999999999998;1,000000000000000;1,000000000000000;1,000000000000000;1,0000000000000000;1,0000000000000000;1,0000000000000000;1,0000000000000000;1,0000000000000000;1,0000000000000000;1,0000000000000000
2022-11-09;alle;58;58,0;58;58;58;58;58;58;58;58;58,0;58,0;380;380,0;380;380;380;380;380;380;380;380;380,0;380,0;NA;NA;NA;NA;NA;NA;NA;NA;NA;NA;NA
2022-11-08;0-60;20;20,0;20;20;20;20;20;20;20;20;20,0;20,0;84;84,0;84;84;84;84;84;84;84;84;84,0;84,0;1,0000000000000000;1,000000000000000;1,000000000000000;1,000000000000000;1,0000000000000000;1,0000000000000000;1,0000000000000000;1,0000000000000000;1,0000000000000000;1,0000000000000000;1,0000000000000000
2022-11-08;60+;71;71,0;71;71;71;71;71;71;71;71;71,0;71,0;318;318,0;318;318;318;318;318;318;318;318;318,0;318,0;1,0000000000000000;1,000000000000000;1,000000000000000;1,000000000000000;1,0000000000000000;1,0000000000000000;1,0000000000000000;1,0000000000000000;1,0000000000000000;1,0000000000000000;1,0000000000000000
2022-11-08;alle;91;91,0;91;91;91;91;91;91;91;91;91,0;91,0;402;402,0;402;402;402;402;402;402;402;402;402,0;402,0;1,0000000000000000;1,000000000000000;1,000000000000000;1,000000000000000;1,0000000000000000;1,0000000000000000;1,0000000000000000;1,0000000000000000;1,0000000000000000;1,0000000000000000;1,0000000000000000
2022-11-07;0-60;2;2,0;2;2;2;2;2;2;2;2;2,0;2,0;71;71,0;71;71;71;71;71;71;71;71;71,0;71,0;1,0000000000000000;1,000000000000000;1,000000000000000;1,000000000000000;1,0000000000000000;1,0000000000000000;1,0000000000000000;1,0000000000000000;1,0000000000000000;1,0000000000000000;1,0000000000000000
2022-11-07;60+;16;16,0;16;16;16;16;16;16;16;16;16,0;16,0;262;262,0;262;262;262;262;262;262;262;262;262,0;262,0;1,0000000000000000;1,000000000000000;1,000000000000000;1,000000000000000;1,0000000000000000;1,0000000000000000;1,0000000000000000;1,0000000000000000;1,0000000000000000;1,0000000000000000;1,0000000000000000
2022-11-07;alle;18;18,0;18;18;18;18;18;18;18;18;18,0;18,0;333;333,0;333;333;333;333;333;333;333;333;333,0;333,0;1,0000000000000000;1,000000000000000;1,000000000000000;1,000000000000000;1,0000000000000000;1,0000000000000000;1,0000000000000000;1,0000000000000000;1,0000000000000000;1,0000000000000000;1,0000000000000000
2022-11-06;0-60;0;0,0;0;0;0;0;0;0;0;0;0,0;0,0;73;73,0;73;73;73;73;73;73;73;73;73,0;73,0;1,0000000000000000;1,000000000000000;1,000000000000000;1,000000000000000;1,0000000000000000;1,0000000000000000;1,0000000000000000;1,0000000000000000;1,0000000000000000;1,0000000000000000;1,0000000000000000
2022-11-06;60+;10;10,0;10;10;10;10;10;10;10;10;10,0;10,0;260;260,0;260;260;260;260;260;260;260;260;260,0;260,0;1,0000000000000000;1,000000000000000;1,000000000000000;1,000000000000000;1,0000000000000000;1,0000000000000000;1,0000000000000000;1,0000000000000000;1,0000000000000000;1,0000000000000000;1,0000000000000000
2022-11-06;alle;10;10,0;10;10;10;10;10;10;10;10;10,0;10,0;333;333,0;333;333;333;333;333;333;333;333;333,0;333,0;1,0000000000000000;1,000000000000000;1,000000000000000;1,000000000000000;1,0000000000000000;1,0000000000000000;1,0000000000000000;1,0000000000000000;1,0000000000000000;1,0000000000000000;1,0000000000000000
2022-11-05;0-60;15;15,0;15;15;15;15;15;15;15;15;15,0;15,0;79;79,0;79;79;79;79;79;79;79;79;79,0;79,0;1,0000000000000000;1,000000000000000;1,000000000000000;1,000000000000000;1,0000000000000000;1,0000000000000000;1,0000000000000000;1,0000000000000000;1,0000000000000000;1,0000000000000000;1,0000000000000000
2022-11-05;60+;42;42,0;42;42;42;42;42;42;42;42;42,0;42,0;265;265,0;265;265;265;265;265;265;265;265;265,0;265,0;1,0000000000000000;1,000000000000000;1,000000000000000;1,000000000000000;1,0000000000000000;1,0000000000000000;1,0000000000000000;1,0000000000000000;1,0000000000000000;1,0000000000000000;1,0000000000000000
2022-11-05;alle;57;57,0;57;57;57;57;57;57;57;57;57,0;57,0;344;344,0;344;344;344;344;344;344;344;344;344,0;344,0;1,0000000000000000;1,000000000000000;1,000000000000000;1,000000000000000;1,0000000000000000;1,0000000000000000;1,0000000000000000;1,0000000000000000;1,0000000000000000;1,0000000000000000;1,0000000000000000
2022-11-04;0-60;19;19,0;19;19;19;19;19;19;19;19;19,0;19,0;72;72,0;72;72;72;72;72;72;72;72;72,0;72,0;1,0000000000000000;1,000000000000000;1,000000000000000;1,000000000000000;1,0000000000000000;1,0000000000000000;1,0000000000000000;1,0000000000000000;1,0000000000000000;1,0000000000000000;1,0000000000000000
2022-11-04;60+;57;57,0;57;57;57;57;57;57;57;57;57,0;57,0;260;260,0;260;260;260;260;260;260;260;260;260,0;260,0;1,0000000000000000;1,000000000000000;1,000000000000000;1,000000000000000;1,0000000000000000;1,0000000000000000;1,0000000000000000;1,0000000000000000;1,0000000000000000;1,0000000000000000;1,0000000000000000
2022-11-04;alle;76;76,0;76;76;76;76;76;76;76;76;76,0;76,0;332;332,0;332;332;332;332;332;332;332;332;332,0;332,0;1,0000000000000000;1,000000000000000;1,000000000000000;1,000000000000000;1,0000000000000000;1,0000000000000000;1,0000000000000000;1,0000000000000000;1,0000000000000000;1,0000000000000000;1,0000000000000000
2022-11-03;0-60;15;15,0;15;15;15;15;15;15;15;15;15,0;15,0;63;63,0;63;63;63;63;63;63;63;63;63,0;63,0;1,0000000000000000;1,000000000000000;1,000000000000000;1,000000000000000;1,0000000000000000;1,0000000000000000;1,0000000000000000;1,0000000000000000;1,0000000000000000;1,0000000000000000;1,0000000000000000
2022-11-03;60+;55;55,0;55;55;55;55;55;55;55;55;55,0;55,0;254;254,0;254;254;254;254;254;254;254;254;254,0;254,0;1,0000000000000000;1,000000000000000;1,000000000000000;1,000000000000000;1,0000000000000000;1,0000000000000000;1,0000000000000000;1,0000000000000000;1,0000000000000000;1,0000000000000000;1,0000000000000000
2022-11-03;alle;70;70,0;70;70;70;70;70;70;70;70;70,0;70,0;317;317,0;317;317;317;317;317;317;317;317;317,0;317,0;1,0000000000000000;1,000000000000000;1,000000000000000;1,000000000000000;1,0000000000000000;1,0000000000000000;1,0000000000000000;1,0000000000000000;1,0000000000000000;1,0000000000000000;1,0000000000000000
2022-11-02;0-60;13;13,0;13;13;13;13;13;13;13;13;13,0;13,0;59;59,0;59;59;59;59;59;59;59;59;59,0;59,0;1,0000000000000000;1,000000000000000;1,000000000000000;1,000000000000000;1,0000000000000000;1,0000000000000000;1,0000000000000000;1,0000000000000000;1,0000000000000000;1,0000000000000000;1,0000000000000000
2022-11-02;60+;67;67,0;67;67;67;67;67;67;67;67;67,0;67,0;265;265,0;265;265;265;265;265;265;265;265;265,0;265,0;1,0000000000000000;1,000000000000000;1,000000000000000;1,000000000000000;1,0000000000000000;1,0000000000000000;1,0000000000000000;1,0000000000000000;1,0000000000000000;1,0000000000000000;1,0000000000000000
2022-11-02;alle;80;80,0;80;80;80;80;80;80;80;80;80,0;80,0;324;324,0;324;324;324;324;324;324;324;324;324,0;324,0;1,0000000000000000;1,000000000000000;1,000000000000000;1,000000000000000;1,0000000000000000;1,0000000000000000;1,0000000000000000;1,0000000000000000;1,0000000000000000;1,0000000000000000;1,0000000000000000
2022-11-01;0-60;7;7,0;7;7;7;7;7;7;7;7;7,0;7,0;64;64,0;64;64;64;64;64;64;64;64;64,0;64,0;1,0000000000000000;1,000000000000000;1,000000000000000;1,000000000000000;1,0000000000000000;1,0000000000000000;1,0000000000000000;1,0000000000000000;1,0000000000000000;1,0000000000000000;1,0000000000000000
2022-11-01;60+;15;15,0;15;15;15;15;15;15;15;15;15,0;15,0;270;270,0;270;270;270;270;270;270;270;270;270,0;270,0;1,0000000000000000;1,000000000000000;1,000000000000000;1,000000000000000;1,0000000000000000;1,0000000000000000;1,0000000000000000;1,0000000000000000;1,0000000000000000;1,0000000000000000;1,0000000000000000
2022-11-01;alle;22;22,0;22;22;22;22;22;22;22;22;22,0;22,0;334;334,0;334;334;334;334;334;334;334;334;334,0;334,0;1,0000000000000000;1,000000000000000;1,000000000000000;1,000000000000000;1,0000000000000000;1,0000000000000000;1,0000000000000000;1,0000000000000000;1,0000000000000000;1,0000000000000000;1,0000000000000000
2022-10-31;0-60;4;4,0;4;4;4;4;4;4;4;4;4,0;4,0;77;77,0;77;77;77;77;77;77;77;77;77,0;77,0;1,0000000000000000;1,000000000000000;1,000000000000000;1,000000000000000;1,0000000000000000;1,0000000000000000;1,0000000000000000;1,0000000000000000;1,0000000000000000;1,0000000000000000;1,0000000000000000
2022-10-31;60+;14;14,0;14;14;14;14;14;14;14;14;14,0;14,0;348;348,0;348;348;348;348;348;348;348;348;348,0;348,0;1,0000000000000000;1,000000000000000;1,000000000000000;1,000000000000000;1,0000000000000000;1,0000000000000000;1,0000000000000000;1,0000000000000000;1,0000000000000000;1,0000000000000000;1,0000000000000000
2022-10-31;alle;18;18,0;18;18;18;18;18;18;18;18;18,0;18,0;425;425,0;425;425;425;425;425;425;425;425;425,0;425,0;1,0000000000000000;1,000000000000000;1,000000000000000;1,000000000000000;1,0000000000000000;1,0000000000000000;1,0000000000000000;1,0000000000000000;1,0000000000000000;1,0000000000000000;1,0000000000000000
2022-10-30;0-60;6;6,0;6;6;6;6;6;6;6;6;6,0;6,0;79;79,0;79;79;79;79;79;79;79;79;79,0;79,0;1,0000000000000000;1,000000000000000;1,000000000000000;1,000000000000000;1,0000000000000000;1,0000000000000000;1,0000000000000000;1,0000000000000000;1,0000000000000000;1,0000000000000000;1,0000000000000000
2022-10-30;60+;15;15,0;15;15;15;15;15;15;15;15;15,0;15,0;358;358,0;358;358;358;358;358;358;358;358;358,0;358,0;1,0000000000000000;1,000000000000000;1,000000000000000;1,000000000000000;1,0000000000000000;1,0000000000000000;1,0000000000000000;1,0000000000000000;1,0000000000000000;1,0000000000000000;1,0000000000000000
2022-10-30;alle;21;21,0;21;21;21;21;21;21;21;21;21,0;21,0;437;437,0;437;437;437;437;437;437;437;437;437,0;437,0;1,0000000000000000;1,000000000000000;1,000000000000000;1,000000000000000;1,0000000000000000;1,0000000000000000;1,0000000000000000;1,0000000000000000;1,0000000000000000;1,0000000000000000;1,0000000000000000
2022-10-29;0-60;8;8,0;8;8;8;8;8;8;8;8;8,0;8,0;78;78,0;78;78;78;78;78;78;78;78;78,0;78,0;1,0000000000000000;1,000000000000000;1,000000000000000;1,000000000000000;1,0000000000000000;1,0000000000000000;1,0000000000000000;1,0000000000000000;1,0000000000000000;1,0000000000000000;1,0000000000000000
2022-10-29;60+;37;37,0;37;37;37;37;37;37;37;37;37,0;37,0;363;363,0;363;363;363;363;363;363;363;363;363,0;363,0;1,0000000000000000;1,000000000000000;1,000000000000000;1,000000000000000;1,0000000000000000;1,0000000000000000;1,0000000000000000;1,0000000000000000;1,0000000000000000;1,0000000000000000;1,0000000000000000
2022-10-29;alle;45;45,0;45;45;45;45;45;45;45;45;45,0;45,0;441;441,0;441;441;441;441;441;441;441;441;441,0;441,0;1,0000000000000000;1,000000000000000;1,000000000000000;1,000000000000000;1,0000000000000000;1,0000000000000000;1,0000000000000000;1,0000000000000000;1,0000000000000000;1,0000000000000000;1,0000000000000000
2022-10-28;0-60;10;10,0;10;10;10;10;10;10;10;10;10,0;10,0;87;87,0;87;87;87;87;87;87;87;87;87,0;87,0;1,0000000000000000;1,000000000000000;1,000000000000000;1,000000000000000;1,0000000000000000;1,0000000000000000;1,0000000000000000;1,0000000000000000;1,0000000000000000;1,0000000000000000;1,0000000000000000
2022-10-28;60+;51;51,0;51;51;51;51;51;51;51;51;51,0;51,0;388;388,0;388;388;388;388;388;388;388;388;388,0;388,0;1,0000000000000000;1,000000000000000;1,000000000000000;1,000000000000000;1,0000000000000000;1,0000000000000000;1,0000000000000000;1,0000000000000000;1,0000000000000000;1,0000000000000000;1,0000000000000000
2022-10-28;alle;61;61,0;61;61;61;61;61;61;61;61;61,0;61,0;475;475,0;475;475;475;475;475;475;475;475;475,0;475,0;1,0000000000000000;1,000000000000000;1,000000000000000;1,000000000000000;1,0000000000000000;1,0000000000000000;1,0000000000000000;1,0000000000000000;1,0000000000000000;1,0000000000000000;1,0000000000000000
2022-10-27;0-60;11;11,0;11;11;11;11;11;11;11;11;11,0;11,0;91;91,0;91;91;91;91;91;91;91;91;91,0;91,0;1,0000000000000000;1,000000000000000;1,000000000000000;1,000000000000000;1,0000000000000000;1,0000000000000000;1,0000000000000000;1,0000000000000000;1,0000000000000000;1,0000000000000000;1,0000000000000000
2022-10-27;60+;66;66,0;66;66;66;66;66;66;66;66;66,0;66,0;407;407,0;407;407;407;407;407;407;407;407;407,0;407,0;1,0000000000000000;1,000000000000000;1,000000000000000;1,000000000000000;1,0000000000000000;1,0000000000000000;1,0000000000000000;1,0000000000000000;1,0000000000000000;1,0000000000000000;1,0000000000000000
2022-10-27;alle;77;77,0;77;77;77;77;77;77;77;77;77,0;77,0;498;498,0;498;498;498;498;498;498;498;498;498,0;498,0;1,0000000000000000;1,000000000000000;1,000000000000000;1,000000000000000;1,0000000000000000;1,0000000000000000;1,0000000000000000;1,0000000000000000;1,0000000000000000;1,0000000000000000;1,0000000000000000
2022-10-26;0-60;18;18,0;18;18;18;18;18;18;18;18;18,0;18,0;97;97,0;97;97;97;97;97;97;97;97;97,0;97,0;1,0000000000000000;1,000000000000000;1,000000000000000;1,000000000000000;1,0000000000000000;1,0000000000000000;1,0000000000000000;1,0000000000000000;1,0000000000000000;1,0000000000000000;1,0000000000000000
2022-10-26;60+;72;72,0;72;72;72;72;72;72;72;72;72,0;72,0;418;418,0;418;418;418;418;418;418;418;418;418,0;418,0;1,0000000000000000;1,000000000000000;1,000000000000000;1,000000000000000;1,0000000000000000;1,0000000000000000;1,0000000000000000;1,0000000000000000;1,0000000000000000;1,0000000000000000;1,0000000000000000
2022-10-26;alle;90;90,0;90;90;90;90;90;90;90;90;90,0;90,0;515;515,0;515;515;515;515;515;515;515;515;515,0;515,0;1,0000000000000000;1,000000000000000;1,000000000000000;1,000000000000000;1,0000000000000000;1,0000000000000000;1,0000000000000000;1,0000000000000000;1,0000000000000000;1,0000000000000000;1,0000000000000000
2022-10-25;0-60;20;20,0;20;20;20;20;20;20;20;20;20,0;20,0;110;110,0;110;110;110;110;110;110;110;110;110,0;110,0;1,0000000000000000;1,000000000000000;1,000000000000000;1,000000000000000;1,0000000000000000;1,0000000000000000;1,0000000000000000;1,0000000000000000;1,0000000000000000;1,0000000000000000;1,0000000000000000
2022-10-25;60+;93;93,0;93;93;93;93;93;93;93;93;93,0;93,0;430;430,0;430;430;430;430;430;430;430;430;430,0;430,0;1,0000000000000000;1,000000000000000;1,000000000000000;1,000000000000000;1,0000000000000000;1,0000000000000000;1,0000000000000000;1,0000000000000000;1,0000000000000000;1,0000000000000000;1,0000000000000000
2022-10-25;alle;113;113,0;113;113;113;113;113;113;113;113;113,0;113,0;540;540,0;540;540;540;540;540;540;540;540;540,0;540,0;1,0000000000000000;1,000000000000000;1,000000000000000;1,000000000000000;1,0000000000000000;1,0000000000000000;1,0000000000000000;1,0000000000000000;1,0000000000000000;1,0000000000000000;1,0000000000000000
2022-10-24;0-60;6;6,0;6;6;6;6;6;6;6;6;6,0;6,0;121;121,0;121;121;121;121;121;121;121;121;121,0;121,0;1,0000000000000000;1,000000000000000;1,000000000000000;1,000000000000000;1,0000000000000000;1,0000000000000000;1,0000000000000000;1,0000000000000000;1,0000000000000000;1,0000000000000000;1,0000000000000000
2022-10-24;60+;24;24,0;24;24;24;24;24;24;24;24;24,0;24,0;462;462,0;462;462;462;462;462;462;462;462;462,0;462,0;1,0000000000000000;1,000000000000000;1,000000000000000;1,000000000000000;1,0000000000000000;1,0000000000000000;1,0000000000000000;1,0000000000000000;1,0000000000000000;1,0000000000000000;1,0000000000000000
2022-10-24;alle;30;30,0;30;30;30;30;30;30;30;30;30,0;30,0;583;583,0;583;583;583;583;583;583;583;583;583,0;583,0;1,0000000000000000;1,000000000000000;1,000000000000000;1,000000000000000;1,0000000000000000;1,0000000000000000;1,0000000000000000;1,0000000000000000;1,0000000000000000;1,0000000000000000;1,0000000000000000
2022-10-23;0-60;5;5,0;5;5;5;5;5;5;5;5;5,0;5,0;120;120,0;120;120;120;120;120;120;120;120;120,0;120,0;1,0000000000000000;1,000000000000000;1,000000000000000;1,000000000000000;1,0000000000000000;1,0000000000000000;1,0000000000000000;1,0000000000000000;1,0000000000000000;1,0000000000000000;1,0000000000000000
2022-10-23;60+;20;20,0;20;20;20;20;20;20;20;20;20,0;20,0;454;454,0;454;454;454;454;454;454;454;454;454,0;454,0;1,0000000000000000;1,000000000000000;1,000000000000000;1,000000000000000;1,0000000000000000;1,0000000000000000;1,0000000000000000;1,0000000000000000;1,0000000000000000;1,0000000000000000;1,0000000000000000
2022-10-23;alle;25;25,0;25;25;25;25;25;25;25;25;25,0;25,0;574;574,0;574;574;574;574;574;574;574;574;574,0;574,0;1,0000000000000000;1,000000000000000;1,000000000000000;1,000000000000000;1,0000000000000000;1,0000000000000000;1,0000000000000000;1,0000000000000000;1,0000000000000000;1,0000000000000000;1,0000000000000000
2022-10-22;0-60;17;17,0;17;17;17;17;17;17;17;17;17,0;17,0;123;123,0;123;123;123;123;123;123;123;123;123,0;123,0;1,0000000000000000;1,000000000000000;1,000000000000000;1,000000000000000;1,0000000000000000;1,0000000000000000;1,0000000000000000;1,0000000000000000;1,0000000000000000;1,0000000000000000;1,0000000000000000
2022-10-22;60+;62;62,0;62;62;62;62;62;62;62;62;62,0;62,0;456;456,0;456;456;456;456;456;456;456;456;456,0;456,0;1,0000000000000000;1,000000000000000;1,000000000000000;1,000000000000000;1,0000000000000000;1,0000000000000000;1,0000000000000000;1,0000000000000000;1,0000000000000000;1,0000000000000000;1,0000000000000000
2022-10-22;alle;79;79,0;79;79;79;79;79;79;79;79;79,0;79,0;579;579,0;579;579;579;579;579;579;579;579;579,0;579,0;NA;NA;NA;NA;NA;NA;NA;NA;NA;NA;NA
2022-10-21;0-60;14;14,0;14;14;14;14;14;14;14;14;14,0;14,0;124;124,0;124;124;124;124;124;124;124;124;124,0;124,0;1,0000000000000000;1,000000000000000;1,000000000000000;1,000000000000000;1,0000000000000000;1,0000000000000000;1,0000000000000000;1,0000000000000000;1,0000000000000000;1,0000000000000000;1,0000000000000000
2022-10-21;60+;70;70,0;70;70;70;70;70;70;70;70;70,0;70,0;458;458,0;458;458;458;458;458;458;458;458;458,0;458,0;1,0000000000000000;1,000000000000000;1,000000000000000;1,000000000000000;1,0000000000000000;1,0000000000000000;1,0000000000000000;1,0000000000000000;1,0000000000000000;1,0000000000000000;1,0000000000000000
2022-10-21;alle;84;84,0;84;84;84;84;84;84;84;84;84,0;84,0;582;582,0;582;582;582;582;582;582;582;582;582,0;582,0;NA;NA;NA;NA;NA;NA;NA;NA;NA;NA;NA
2022-10-20;0-60;17;17,0;17;17;17;17;17;17;17;17;17,0;17,0;132;132,0;132;132;132;132;132;132;132;132;132,0;132,0;1,0000000000000000;1,000000000000000;1,000000000000000;1,000000000000000;1,0000000000000000;1,0000000000000000;1,0000000000000000;1,0000000000000000;1,0000000000000000;1,0000000000000000;1,0000000000000000
2022-10-20;60+;77;77,0;77;77;77;77;77;77;77;77;77,0;77,0;461;461,0;461;461;461;461;461;461;461;461;461,0;461,0;1,0000000000000000;1,000000000000000;1,000000000000000;1,000000000000000;1,0000000000000000;1,0000000000000000;1,0000000000000000;1,0000000000000000;1,0000000000000000;1,0000000000000000;1,0000000000000000
2022-10-20;alle;94;94,0;94;94;94;94;94;94;94;94;94,0;94,0;593;593,0;593;593;593;593;593;593;593;593;593,0;593,0;NA;NA;NA;NA;NA;NA;NA;NA;NA;NA;NA
2022-10-19;0-60;31;31,0;31;31;31;31;31;31;31;31;31,0;31,0;128;128,0;128;128;128;128;128;128;128;128;128,0;128,0;1,0000000000000000;1,000000000000000;1,000000000000000;1,000000000000000;1,0000000000000000;1,0000000000000000;1,0000000000000000;1,0000000000000000;1,0000000000000000;1,0000000000000000;1,0000000000000000
2022-10-19;60+;84;84,0;84;84;84;84;84;84;84;84;84,0;84,0;467;467,0;467;467;467;467;467;467;467;467;467,0;467,0;1,0000000000000000;1,000000000000000;1,000000000000000;1,000000000000000;1,0000000000000000;1,0000000000000000;1,0000000000000000;1,0000000000000000;1,0000000000000000;1,0000000000000000;1,0000000000000000
2022-10-19;alle;115;115,0;115;115;115;115;115;115;115;115;115,0;115,0;595;595,0;595;595;595;595;595;595;595;595;595,0;595,0;NA;NA;NA;NA;NA;NA;NA;NA;NA;NA;NA
2022-10-18;0-60;31;31,0;31;31;31;31;31;31;31;31;31,0;31,0;114;114,0;114;114;114;114;114;114;114;114;114,0;114,0;1,0000000000000000;1,000000000000000;1,000000000000000;1,000000000000000;1,0000000000000000;1,0000000000000000;1,0000000000000000;1,0000000000000000;1,0000000000000000;1,0000000000000000;1,0000000000000000
2022-10-18;60+;125;125,0;125;125;125;125;125;125;125;125;125,0;125,0;452;452,0;452;452;452;452;452;452;452;452;452,0;452,0;1,0000000000000000;1,000000000000000;1,000000000000000;1,000000000000000;1,0000000000000000;1,0000000000000000;1,0000000000000000;1,0000000000000000;1,0000000000000000;1,0000000000000000;1,0000000000000000
2022-10-18;alle;156;156,0;156;156;156;156;156;156;156;156;156,0;156,0;566;566,0;566;566;566;566;566;566;566;566;566,0;566,0;NA;NA;NA;NA;NA;NA;NA;NA;NA;NA;NA
2022-10-17;0-60;5;5,0;5;5;5;5;5;5;5;5;5,0;5,0;114;114,0;114;114;114;114;114;114;114;114;114,0;114,0;1,0000000000000000;1,000000000000000;1,000000000000000;1,000000000000000;1,0000000000000000;1,0000000000000000;1,0000000000000000;1,0000000000000000;1,0000000000000000;1,0000000000000000;1,0000000000000000
2022-10-17;60+;16;16,0;16;16;16;16;16;16;16;16;16,0;16,0;436;436,0;436;436;436;436;436;436;436;436;436,0;436,0;1,0000000000000000;1,000000000000000;1,000000000000000;1,000000000000000;1,0000000000000000;1,0000000000000000;1,0000000000000000;1,0000000000000000;1,0000000000000000;1,0000000000000000;1,0000000000000000
2022-10-17;alle;21;21,0;21;21;21;21;21;21;21;21;21,0;21,0;550;550,0;550;550;550;550;550;550;550;550;550,0;550,0;NA;NA;NA;NA;NA;NA;NA;NA;NA;NA;NA
2022-10-16;0-60;8;8,0;8;8;8;8;8;8;8;8;8,0;8,0;112;112,0;112;112;112;112;112;112;112;112;112,0;112,0;1,0000000000000000;1,000000000000000;1,000000000000000;1,000000000000000;1,0000000000000000;1,0000000000000000;1,0000000000000000;1,0000000000000000;1,0000000000000000;1,0000000000000000;1,0000000000000000
2022-10-16;60+;22;22,0;22;22;22;22;22;22;22;22;22,0;22,0;437;437,0;437;437;437;437;437;437;437;437;437,0;437,0;1,0000000000000000;1,000000000000000;1,000000000000000;1,000000000000000;1,0000000000000000;1,0000000000000000;1,0000000000000000;1,0000000000000000;1,0000000000000000;1,0000000000000000;1,0000000000000000
2022-10-16;alle;30;30,0;30;30;30;30;30;30;30;30;30,0;30,0;549;549,0;549;549;549;549;549;549;549;549;549,0;549,0;NA;NA;NA;NA;NA;NA;NA;NA;NA;NA;NA
2022-10-15;0-60;18;18,0;18;18;18;18;18;18;18;18;18,0;18,0;113;113,0;113;113;113;113;113;113;113;113;113,0;113,0;1,0000000000000000;1,000000000000000;1,000000000000000;1,000000000000000;1,0000000000000000;1,0000000000000000;1,0000000000000000;1,0000000000000000;1,0000000000000000;1,0000000000000000;1,0000000000000000
2022-10-15;60+;64;64,0;64;64;64;64;64;64;64;64;64,0;64,0;435;435,0;435;435;435;435;435;435;435;435;435,0;435,0;1,0000000000000000;1,000000000000000;1,000000000000000;1,000000000000000;1,0000000000000000;1,0000000000000000;1,0000000000000000;1,0000000000000000;1,0000000000000000;1,0000000000000000;1,0000000000000000
2022-10-15;alle;82;82,0;82;82;82;82;82;82;82;82;82,0;82,0;548;548,0;548;548;548;548;548;548;548;548;548,0;548,0;NA;NA;NA;NA;NA;NA;NA;NA;NA;NA;NA
2022-10-14;0-60;22;22,0;22;22;22;22;22;22;22;22;22,0;22,0;105;105,0;105;105;105;105;105;105;105;105;105,0;105,0;1,0000000000000000;1,000000000000000;1,000000000000000;1,000000000000000;1,0000000000000000;1,0000000000000000;1,0000000000000000;1,0000000000000000;1,0000000000000000;1,0000000000000000;1,0000000000000000
2022-10-14;60+;73;73,0;73;73;73;73;73;73;73;73;73,0;73,0;440;440,0;440;440;440;440;440;440;440;440;440,0;440,0;1,0000000000000000;1,000000000000000;1,000000000000000;1,000000000000000;1,0000000000000000;1,0000000000000000;1,0000000000000000;1,0000000000000000;1,0000000000000000;1,0000000000000000;1,0000000000000000
2022-10-14;alle;95;95,0;95;95;95;95;95;95;95;95;95,0;95,0;545;545,0;545;545;545;545;545;545;545;545;545,0;545,0;NA;NA;NA;NA;NA;NA;NA;NA;NA;NA;NA
2022-10-13;0-60;13;13,0;13;13;13;13;13;13;13;13;13,0;13,0;101;101,0;101;101;101;101;101;101;101;101;101,0;101,0;1,0000000000000000;1,000000000000000;1,000000000000000;1,000000000000000;1,0000000000000000;1,0000000000000000;1,0000000000000000;1,0000000000000000;1,0000000000000000;1,0000000000000000;1,0000000000000000
2022-10-13;60+;83;83,0;83;83;83;83;83;83;83;83;83,0;83,0;453;453,0;453;453;453;453;453;453;453;453;453,0;453,0;1,0000000000000000;1,000000000000000;1,000000000000000;1,000000000000000;1,0000000000000000;1,0000000000000000;1,0000000000000000;1,0000000000000000;1,0000000000000000;1,0000000000000000;1,0000000000000000
2022-10-13;alle;96;96,0;96;96;96;96;96;96;96;96;96,0;96,0;554;554,0;554;554;554;554;554;554;554;554;554,0;554,0;NA;NA;NA;NA;NA;NA;NA;NA;NA;NA;NA
2022-10-12;0-60;17;17,0;17;17;17;17;17;17;17;17;17,0;17,0;110;110,0;110;110;110;110;110;110;110;110;110,0;110,0;1,0000000000000000;1,000000000000000;1,000000000000000;1,000000000000000;1,0000000000000000;1,0000000000000000;1,0000000000000000;1,0000000000000000;1,0000000000000000;1,0000000000000000;1,0000000000000000
2022-10-12;60+;69;69,0;69;69;69;69;69;69;69;69;69,0;69,0;469;469,0;469;469;469;469;469;469;469;469;469,0;469,0;1,0000000000000000;1,000000000000000;1,000000000000000;1,000000000000000;1,0000000000000000;1,0000000000000000;1,0000000000000000;1,0000000000000000;1,0000000000000000;1,0000000000000000;1,0000000000000000
2022-10-12;alle;86;86,0;86;86;86;86;86;86;86;86;86,0;86,0;579;579,0;579;579;579;579;579;579;579;579;579,0;579,0;NA;NA;NA;NA;NA;NA;NA;NA;NA;NA;NA
2022-10-11;0-60;31;31,0;31;31;31;31;31;31;31;31;31,0;31,0;121;121,0;121;121;121;121;121;121;121;121;121,0;121,0;1,0000000000000000;1,000000000000000;1,000000000000000;1,000000000000000;1,0000000000000000;1,0000000000000000;1,0000000000000000;1,0000000000000000;1,0000000000000000;1,0000000000000000;1,0000000000000000
2022-10-11;60+;109;109,0;109;109;109;109;109;109;109;109;109,0;109,0;534;534,0;534;534;534;534;534;534;534;534;534,0;534,0;1,0000000000000000;1,000000000000000;1,000000000000000;1,000000000000000;1,0000000000000000;1,0000000000000000;1,0000000000000000;1,0000000000000000;1,0000000000000000;1,0000000000000000;1,0000000000000000
2022-10-11;alle;140;140,0;140;140;140;140;140;140;140;140;140,0;140,0;655;655,0;655;655;655;655;655;655;655;655;655,0;655,0;NA;NA;NA;NA;NA;NA;NA;NA;NA;NA;NA
2022-10-10;0-60;3;3,0;3;3;3;3;3;3;3;3;3,0;3,0;92;92,0;92;92;92;92;92;92;92;92;92,0;92,0;1,0000000000000000;1,000000000000000;1,000000000000000;1,000000000000000;1,0000000000000000;1,0000000000000000;1,0000000000000000;1,0000000000000000;1,0000000000000000;1,0000000000000000;1,0000000000000000
2022-10-10;60+;17;17,0;17;17;17;17;17;17;17;17;17,0;17,0;451;451,0;451;451;451;451;451;451;451;451;451,0;451,0;1,0000000000000000;1,000000000000000;1,000000000000000;1,000000000000000;1,0000000000000000;1,0000000000000000;1,0000000000000000;1,0000000000000000;1,0000000000000000;1,0000000000000000;1,0000000000000000
2022-10-10;alle;20;20,0;20;20;20;20;20;20;20;20;20,0;20,0;543;543,0;543;543;543;543;543;543;543;543;543,0;543,0;NA;NA;NA;NA;NA;NA;NA;NA;NA;NA;NA
2022-10-09;0-60;9;9,0;9;9;9;9;9;9;9;9;9,0;9,0;98;98,0;98;98;98;98;98;98;98;98;98,0;98,0;1,0000000000000000;1,000000000000000;1,000000000000000;1,000000000000000;1,0000000000000000;1,0000000000000000;1,0000000000000000;1,0000000000000000;1,0000000000000000;1,0000000000000000;1,0000000000000000
2022-10-09;60+;20;20,0;20;20;20;20;20;20;20;20;20,0;20,0;454;454,0;454;454;454;454;454;454;454;454;454,0;454,0;1,0000000000000000;1,000000000000000;1,000000000000000;1,000000000000000;1,0000000000000000;1,0000000000000000;1,0000000000000000;1,0000000000000000;1,0000000000000000;1,0000000000000000;1,0000000000000000
2022-10-09;alle;29;29,0;29;29;29;29;29;29;29;29;29,0;29,0;552;552,0;552;552;552;552;552;552;552;552;552,0;552,0;NA;NA;NA;NA;NA;NA;NA;NA;NA;NA;NA
2022-10-08;0-60;10;10,0;10;10;10;10;10;10;10;10;10,0;10,0;93;93,0;93;93;93;93;93;93;93;93;93,0;93,0;1,0000000000000000;1,000000000000000;1,000000000000000;1,000000000000000;1,0000000000000000;1,0000000000000000;1,0000000000000000;1,0000000000000000;1,0000000000000000;1,0000000000000000;1,0000000000000000
2022-10-08;60+;69;69,0;69;69;69;69;69;69;69;69;69,0;69,0;452;452,0;452;452;452;452;452;452;452;452;452,0;452,0;1,0000000000000000;1,000000000000000;1,000000000000000;1,000000000000000;1,0000000000000000;1,0000000000000000;1,0000000000000000;1,0000000000000000;1,0000000000000000;1,0000000000000000;1,0000000000000000
2022-10-08;alle;79;79,0;79;79;79;79;79;79;79;79;79,0;79,0;545;545,0;545;545;545;545;545;545;545;545;545,0;545,0;NA;NA;NA;NA;NA;NA;NA;NA;NA;NA;NA
2022-10-07;0-60;18;18,0;18;18;18;18;18;18;18;18;18,0;18,0;94;94,0;94;94;94;94;94;94;94;94;94,0;94,0;1,0000000000000000;1,000000000000000;1,000000000000000;1,000000000000000;1,0000000000000000;1,0000000000000000;1,0000000000000000;1,0000000000000000;1,0000000000000000;1,0000000000000000;1,0000000000000000
2022-10-07;60+;86;86,0;86;86;86;86;86;86;86;86;86,0;86,0;441;441,0;441;441;441;441;441;441;441;441;441,0;441,0;1,0000000000000000;1,000000000000000;1,000000000000000;1,000000000000000;1,0000000000000000;1,0000000000000000;1,0000000000000000;1,0000000000000000;1,0000000000000000;1,0000000000000000;1,0000000000000000
2022-10-07;alle;104;104,0;104;104;104;104;104;104;104;104;104,0;104,0;535;535,0;535;535;535;535;535;535;535;535;535,0;535,0;NA;NA;NA;NA;NA;NA;NA;NA;NA;NA;NA
2022-10-06;0-60;22;22,0;22;22;22;22;22;22;22;22;22,0;22,0;92;92,0;92;92;92;92;92;92;92;92;92,0;92,0;1,0000000000000000;1,000000000000000;1,000000000000000;1,000000000000000;1,0000000000000000;1,0000000000000000;1,0000000000000000;1,0000000000000000;1,0000000000000000;1,0000000000000000;1,0000000000000000
2022-10-06;60+;99;99,0;99;99;99;99;99;99;99;99;99,0;99,0;424;424,0;424;424;424;424;424;424;424;424;424,0;424,0;1,0000000000000000;1,000000000000000;1,000000000000000;1,000000000000000;1,0000000000000000;1,0000000000000000;1,0000000000000000;1,0000000000000000;1,0000000000000000;1,0000000000000000;1,0000000000000000
2022-10-06;alle;121;121,0;121;121;121;121;121;121;121;121;121,0;121,0;516;516,0;516;516;516;516;516;516;516;516;516,0;516,0;NA;NA;NA;NA;NA;NA;NA;NA;NA;NA;NA
2022-10-05;0-60;28;28,0;28;28;28;28;28;28;28;28;28,0;28,0;77;77,0;77;77;77;77;77;77;77;77;77,0;77,0;1,0000000000000000;1,000000000000000;1,000000000000000;1,000000000000000;1,0000000000000000;1,0000000000000000;1,0000000000000000;1,0000000000000000;1,0000000000000000;1,0000000000000000;1,0000000000000000
2022-10-05;60+;134;134,0;134;134;134;134;134;134;134;134;134,0;134,0;383;383,0;383;383;383;383;383;383;383;383;383,0;383,0;1,0000000000000000;1,000000000000000;1,000000000000000;1,000000000000000;1,0000000000000000;1,0000000000000000;1,0000000000000000;1,0000000000000000;1,0000000000000000;1,0000000000000000;1,0000000000000000
2022-10-05;alle;162;162,0;162;162;162;162;162;162;162;162;162,0;162,0;460;460,0;460;460;460;460;460;460;460;460;460,0;460,0;NA;NA;NA;NA;NA;NA;NA;NA;NA;NA;NA
2022-10-04;0-60;2;2,0;2;2;2;2;2;2;2;2;2,0;2,0;70;70,0;70;70;70;70;70;70;70;70;70,0;70,0;1,0000000000000000;1,000000000000000;1,000000000000000;1,000000000000000;1,0000000000000000;1,0000000000000000;1,0000000000000000;1,0000000000000000;1,0000000000000000;1,0000000000000000;1,0000000000000000
2022-10-04;60+;26;26,0;26;26;26;26;26;26;26;26;26,0;26,0;335;335,0;335;335;335;335;335;335;335;335;335,0;335,0;1,0000000000000000;1,000000000000000;1,000000000000000;1,000000000000000;1,0000000000000000;1,0000000000000000;1,0000000000000000;1,0000000000000000;1,0000000000000000;1,0000000000000000;1,0000000000000000
2022-10-04;alle;28;28,0;28;28;28;28;28;28;28;28;28,0;28,0;405;405,0;405;405;405;405;405;405;405;405;405,0;405,0;NA;NA;NA;NA;NA;NA;NA;NA;NA;NA;NA
2022-10-03;0-60;9;9,0;9;9;9;9;9;9;9;9;9,0;9,0;89;89,0;89;89;89;89;89;89;89;89;89,0;89,0;1,0000000000000000;1,000000000000000;1,000000000000000;1,000000000000000;1,0000000000000000;1,0000000000000000;1,0000000000000000;1,0000000000000000;1,0000000000000000;1,0000000000000000;1,0000000000000000
2022-10-03;60+;20;20,0;20;20;20;20;20;20;20;20;20,0;20,0;408;408,0;408;408;408;408;408;408;408;408;408,0;408,0;1,0000000000000000;1,000000000000000;1,000000000000000;1,000000000000000;1,0000000000000000;1,0000000000000000;1,0000000000000000;1,0000000000000000;1,0000000000000000;1,0000000000000000;1,0000000000000000
2022-10-03;alle;29;29,0;29;29;29;29;29;29;29;29;29,0;29,0;497;497,0;497;497;497;497;497;497;497;497;497,0;497,0;NA;NA;NA;NA;NA;NA;NA;NA;NA;NA;NA
2022-10-02;0-60;4;4,0;4;4;4;4;4;4;4;4;4,0;4,0;85;85,0;85;85;85;85;85;85;85;85;85,0;85,0;1,0000000000000000;1,000000000000000;1,000000000000000;1,000000000000000;1,0000000000000000;1,0000000000000000;1,0000000000000000;1,0000000000000000;1,0000000000000000;1,0000000000000000;1,0000000000000000
2022-10-02;60+;18;18,0;18;18;18;18;18;18;18;18;18,0;18,0;418;418,0;418;418;418;418;418;418;418;418;418,0;418,0;1,0000000000000000;1,000000000000000;1,000000000000000;1,000000000000000;1,0000000000000000;1,0000000000000000;1,0000000000000000;1,0000000000000000;1,0000000000000000;1,0000000000000000;1,0000000000000000
2022-10-02;alle;22;22,0;22;22;22;22;22;22;22;22;22,0;22,0;503;503,0;503;503;503;503;503;503;503;503;503,0;503,0;NA;NA;NA;NA;NA;NA;NA;NA;NA;NA;NA
2022-10-01;0-60;11;11,0;11;11;11;11;11;11;11;11;11,0;11,0;85;85,0;85;85;85;85;85;85;85;85;85,0;85,0;1,0000000000000000;1,000000000000000;1,000000000000000;1,000000000000000;1,0000000000000000;1,0000000000000000;1,0000000000000000;1,0000000000000000;1,0000000000000000;1,0000000000000000;1,0000000000000000
2022-10-01;60+;58;58,0;58;58;58;58;58;58;58;58;58,0;58,0;414;414,0;414;414;414;414;414;414;414;414;414,0;414,0;1,0000000000000000;1,000000000000000;1,000000000000000;1,000000000000000;1,0000000000000000;1,0000000000000000;1,0000000000000000;1,0000000000000000;1,0000000000000000;1,0000000000000000;1,0000000000000000
2022-10-01;alle;69;69,0;69;69;69;69;69;69;69;69;69,0;69,0;499;499,0;499;499;499;499;499;499;499;499;499,0;499,0;NA;NA;NA;NA;NA;NA;NA;NA;NA;NA;NA
2022-09-30;0-60;16;16,0;16;16;16;16;16;16;16;16;16,0;16,0;83;83,0;83;83;83;83;83;83;83;83;83,0;83,0;1,0000000000000000;1,000000000000000;1,000000000000000;1,000000000000000;1,0000000000000000;1,0000000000000000;1,0000000000000000;1,0000000000000000;1,0000000000000000;1,0000000000000000;1,0000000000000000
2022-09-30;60+;69;69,0;69;69;69;69;69;69;69;69;69,0;69,0;397;397,0;397;397;397;397;397;397;397;397;397,0;397,0;1,0000000000000000;1,000000000000000;1,000000000000000;1,000000000000000;1,0000000000000000;1,0000000000000000;1,0000000000000000;1,0000000000000000;1,0000000000000000;1,0000000000000000;1,0000000000000000
2022-09-30;alle;85;85,0;85;85;85;85;85;85;85;85;85,0;85,0;480;480,0;480;480;480;480;480;480;480;480;480,0;480,0;NA;NA;NA;NA;NA;NA;NA;NA;NA;NA;NA
2022-09-29;0-60;7;7,0;7;7;7;7;7;7;7;7;7,0;7,0;72;72,0;72;72;72;72;72;72;72;72;72,0;72,0;1,0000000000000000;1,000000000000000;1,000000000000000;1,000000000000000;1,0000000000000000;1,0000000000000000;1,0000000000000000;1,0000000000000000;1,0000000000000000;1,0000000000000000;1,0000000000000000
2022-09-29;60+;58;58,0;58;58;58;58;58;58;58;58;58,0;58,0;357;357,0;357;357;357;357;357;357;357;357;357,0;357,0;1,0000000000000000;1,000000000000000;1,000000000000000;1,000000000000000;1,0000000000000000;1,0000000000000000;1,0000000000000000;1,0000000000000000;1,0000000000000000;1,0000000000000000;1,0000000000000000
2022-09-29;alle;65;65,0;65;65;65;65;65;65;65;65;65,0;65,0;429;429,0;429;429;429;429;429;429;429;429;429,0;429,0;NA;NA;NA;NA;NA;NA;NA;NA;NA;NA;NA
2022-09-28;0-60;21;21,0;21;21;21;21;21;21;21;21;21,0;21,0;76;76,0;76;76;76;76;76;76;76;76;76,0;76,0;1,0000000000000000;1,000000000000000;1,000000000000000;1,000000000000000;1,0000000000000000;1,0000000000000000;1,0000000000000000;1,0000000000000000;1,0000000000000000;1,0000000000000000;1,0000000000000000
2022-09-28;60+;86;86,0;86;86;86;86;86;86;86;86;86,0;86,0;327;327,0;327;327;327;327;327;327;327;327;327,0;327,0;1,0000000000000000;1,000000000000000;1,000000000000000;1,000000000000000;1,0000000000000000;1,0000000000000000;1,0000000000000000;1,0000000000000000;1,0000000000000000;1,0000000000000000;1,0000000000000000
2022-09-28;alle;107;107,0;107;107;107;107;107;107;107;107;107,0;107,0;403;403,0;403;403;403;403;403;403;403;403;403,0;403,0;NA;NA;NA;NA;NA;NA;NA;NA;NA;NA;NA
2022-09-27;0-60;21;21,0;21;21;21;21;21;21;21;21;21,0;21,0;68;68,0;68;68;68;68;68;68;68;68;68,0;68,0;1,0000000000000000;1,000000000000000;1,000000000000000;1,000000000000000;1,0000000000000000;1,0000000000000000;1,0000000000000000;1,0000000000000000;1,0000000000000000;1,0000000000000000;1,0000000000000000
2022-09-27;60+;99;99,0;99;99;99;99;99;99;99;99;99,0;99,0;277;277,0;277;277;277;277;277;277;277;277;277,0;277,0;1,0000000000000000;1,000000000000000;1,000000000000000;1,000000000000000;1,0000000000000000;1,0000000000000000;1,0000000000000000;1,0000000000000000;1,0000000000000000;1,0000000000000000;1,0000000000000000
2022-09-27;alle;120;120,0;120;120;120;120;120;120;120;120;120,0;120,0;345;345,0;345;345;345;345;345;345;345;345;345,0;345,0;NA;NA;NA;NA;NA;NA;NA;NA;NA;NA;NA
2022-09-26;0-60;5;5,0;5;5;5;5;5;5;5;5;5,0;5,0;50;50,0;50;50;50;50;50;50;50;50;50,0;50,0;1,0000000000000000;1,000000000000000;1,000000000000000;1,000000000000000;1,0000000000000000;1,0000000000000000;1,0000000000000000;1,0000000000000000;1,0000000000000000;1,0000000000000000;1,0000000000000000
2022-09-26;60+;30;30,0;30;30;30;30;30;30;30;30;30,0;30,0;222;222,0;222;222;222;222;222;222;222;222;222,0;222,0;1,0000000000000000;1,000000000000000;1,000000000000000;1,000000000000000;1,0000000000000000;1,0000000000000000;1,0000000000000000;1,0000000000000000;1,0000000000000000;1,0000000000000000;1,0000000000000000
2022-09-26;alle;35;35,0;35;35;35;35;35;35;35;35;35,0;35,0;272;272,0;272;272;272;272;272;272;272;272;272,0;272,0;NA;NA;NA;NA;NA;NA;NA;NA;NA;NA;NA
2022-09-25;0-60;4;4,0;4;4;4;4;4;4;4;4;4,0;4,0;47;47,0;47;47;47;47;47;47;47;47;47,0;47,0;1,0000000000000000;1,000000000000000;1,000000000000000;1,000000000000000;1,0000000000000000;1,0000000000000000;1,0000000000000000;1,0000000000000000;1,0000000000000000;1,0000000000000000;1,0000000000000000
2022-09-25;60+;14;14,0;14;14;14;14;14;14;14;14;14,0;14,0;200;200,0;200;200;200;200;200;200;200;200;200,0;200,0;1,0000000000000000;1,000000000000000;1,000000000000000;1,000000000000000;1,0000000000000000;1,0000000000000000;1,0000000000000000;1,0000000000000000;1,0000000000000000;1,0000000000000000;1,0000000000000000
2022-09-25;alle;18;18,0;18;18;18;18;18;18;18;18;18,0;18,0;247;247,0;247;247;247;247;247;247;247;247;247,0;247,0;NA;NA;NA;NA;NA;NA;NA;NA;NA;NA;NA
2022-09-24;0-60;9;9,0;9;9;9;9;9;9;9;9;9,0;9,0;48;48,0;48;48;48;48;48;48;48;48;48,0;48,0;1,0000000000000000;1,000000000000000;1,000000000000000;1,000000000000000;1,0000000000000000;1,0000000000000000;1,0000000000000000;1,0000000000000000;1,0000000000000000;1,0000000000000000;1,0000000000000000
2022-09-24;60+;41;41,0;41;41;41;41;41;41;41;41;41,0;41,0;194;194,0;194;194;194;194;194;194;194;194;194,0;194,0;1,0000000000000000;1,000000000000000;1,000000000000000;1,000000000000000;1,0000000000000000;1,0000000000000000;1,0000000000000000;1,0000000000000000;1,0000000000000000;1,0000000000000000;1,0000000000000000
2022-09-24;alle;50;50,0;50;50;50;50;50;50;50;50;50,0;50,0;242;242,0;242;242;242;242;242;242;242;242;242,0;242,0;NA;NA;NA;NA;NA;NA;NA;NA;NA;NA;NA
2022-09-23;0-60;5;5,0;5;5;5;5;5;5;5;5;5,0;5,0;46;46,0;46;46;46;46;46;46;46;46;46,0;46,0;1,0000000000000000;1,000000000000000;1,000000000000000;1,000000000000000;1,0000000000000000;1,0000000000000000;1,0000000000000000;1,0000000000000000;1,0000000000000000;1,0000000000000000;1,0000000000000000
2022-09-23;60+;29;29,0;29;29;29;29;29;29;29;29;29,0;29,0;171;171,0;171;171;171;171;171;171;171;171;171,0;171,0;1,0000000000000000;1,000000000000000;1,000000000000000;1,000000000000000;1,0000000000000000;1,0000000000000000;1,0000000000000000;1,0000000000000000;1,0000000000000000;1,0000000000000000;1,0000000000000000
2022-09-23;alle;34;34,0;34;34;34;34;34;34;34;34;34,0;34,0;217;217,0;217;217;217;217;217;217;217;217;217,0;217,0;NA;NA;NA;NA;NA;NA;NA;NA;NA;NA;NA
2022-09-22;0-60;11;11,0;11;11;11;11;11;11;11;11;11,0;11,0;48;48,0;48;48;48;48;48;48;48;48;48,0;48,0;1,0000000000000000;1,000000000000000;1,000000000000000;1,000000000000000;1,0000000000000000;1,0000000000000000;1,0000000000000000;1,0000000000000000;1,0000000000000000;1,0000000000000000;1,0000000000000000
2022-09-22;60+;28;28,0;28;28;28;28;28;28;28;28;28,0;28,0;157;157,0;157;157;157;157;157;157;157;157;157,0;157,0;1,0000000000000000;1,000000000000000;1,000000000000000;1,000000000000000;1,0000000000000000;1,0000000000000000;1,0000000000000000;1,0000000000000000;1,0000000000000000;1,0000000000000000;1,0000000000000000
2022-09-22;alle;39;39,0;39;39;39;39;39;39;39;39;39,0;39,0;205;205,0;205;205;205;205;205;205;205;205;205,0;205,0;NA;NA;NA;NA;NA;NA;NA;NA;NA;NA;NA
2022-09-21;0-60;13;13,0;13;13;13;13;13;13;13;13;13,0;13,0;41;41,0;41;41;41;41;41;41;41;41;41,0;41,0;1,0000000000000000;1,000000000000000;1,000000000000000;1,000000000000000;1,0000000000000000;1,0000000000000000;1,0000000000000000;1,0000000000000000;1,0000000000000000;1,0000000000000000;1,0000000000000000
2022-09-21;60+;36;36,0;36;36;36;36;36;36;36;36;36,0;36,0;145;145,0;145;145;145;145;145;145;145;145;145,0;145,0;1,0000000000000000;1,000000000000000;1,000000000000000;1,000000000000000;1,0000000000000000;1,0000000000000000;1,0000000000000000;1,0000000000000000;1,0000000000000000;1,0000000000000000;1,0000000000000000
2022-09-21;alle;49;49,0;49;49;49;49;49;49;49;49;49,0;49,0;186;186,0;186;186;186;186;186;186;186;186;186,0;186,0;NA;NA;NA;NA;NA;NA;NA;NA;NA;NA;NA
2022-09-20;0-60;3;3,0;3;3;3;3;3;3;3;3;3,0;3,0;41;41,0;41;41;41;41;41;41;41;41;41,0;41,0;1,0000000000000000;1,000000000000000;1,000000000000000;1,000000000000000;1,0000000000000000;1,0000000000000000;1,0000000000000000;1,0000000000000000;1,0000000000000000;1,0000000000000000;1,0000000000000000
2022-09-20;60+;44;44,0;44;44;44;44;44;44;44;44;44,0;44,0;143;143,0;143;143;143;143;143;143;143;143;143,0;143,0;1,0000000000000000;1,000000000000000;1,000000000000000;1,000000000000000;1,0000000000000000;1,0000000000000000;1,0000000000000000;1,0000000000000000;1,0000000000000000;1,0000000000000000;1,0000000000000000
2022-09-20;alle;47;47,0;47;47;47;47;47;47;47;47;47,0;47,0;184;184,0;184;184;184;184;184;184;184;184;184,0;184,0;NA;NA;NA;NA;NA;NA;NA;NA;NA;NA;NA
2022-09-19;0-60;2;2,0;2;2;2;2;2;2;2;2;2,0;2,0;48;48,0;48;48;48;48;48;48;48;48;48,0;48,0;1,0000000000000000;1,000000000000000;1,000000000000000;1,000000000000000;1,0000000000000000;1,0000000000000000;1,0000000000000000;1,0000000000000000;1,0000000000000000;1,0000000000000000;1,0000000000000000
2022-09-19;60+;8;8,0;8;8;8;8;8;8;8;8;8,0;8,0;132;132,0;132;132;132;132;132;132;132;132;132,0;132,0;1,0000000000000000;1,000000000000000;1,000000000000000;1,000000000000000;1,0000000000000000;1,0000000000000000;1,0000000000000000;1,0000000000000000;1,0000000000000000;1,0000000000000000;1,0000000000000000
2022-09-19;alle;10;10,0;10;10;10;10;10;10;10;10;10,0;10,0;180;180,0;180;180;180;180;180;180;180;180;180,0;180,0;NA;NA;NA;NA;NA;NA;NA;NA;NA;NA;NA
2022-09-18;0-60;5;5,0;5;5;5;5;5;5;5;5;5,0;5,0;49;49,0;49;49;49;49;49;49;49;49;49,0;49,0;1,0000000000000000;1,000000000000000;1,000000000000000;1,000000000000000;1,0000000000000000;1,0000000000000000;1,0000000000000000;1,0000000000000000;1,0000000000000000;1,0000000000000000;1,0000000000000000
2022-09-18;60+;8;8,0;8;8;8;8;8;8;8;8;8,0;8,0;125;125,0;125;125;125;125;125;125;125;125;125,0;125,0;1,0000000000000000;1,000000000000000;1,000000000000000;1,000000000000000;1,0000000000000000;1,0000000000000000;1,0000000000000000;1,0000000000000000;1,0000000000000000;1,0000000000000000;1,0000000000000000
2022-09-18;alle;13;13,0;13;13;13;13;13;13;13;13;13,0;13,0;174;174,0;174;174;174;174;174;174;174;174;174,0;174,0;NA;NA;NA;NA;NA;NA;NA;NA;NA;NA;NA
2022-09-17;0-60;7;7,0;7;7;7;7;7;7;7;7;7,0;7,0;45;45,0;45;45;45;45;45;45;45;45;45,0;45,0;1,0000000000000000;1,000000000000000;1,000000000000000;1,000000000000000;1,0000000000000000;1,0000000000000000;1,0000000000000000;1,0000000000000000;1,0000000000000000;1,0000000000000000;1,0000000000000000
2022-09-17;60+;18;18,0;18;18;18;18;18;18;18;18;18,0;18,0;127;127,0;127;127;127;127;127;127;127;127;127,0;127,0;1,0000000000000000;1,000000000000000;1,000000000000000;1,000000000000000;1,0000000000000000;1,0000000000000000;1,0000000000000000;1,0000000000000000;1,0000000000000000;1,0000000000000000;1,0000000000000000
2022-09-17;alle;25;25,0;25;25;25;25;25;25;25;25;25,0;25,0;172;172,0;172;172;172;172;172;172;172;172;172,0;172,0;NA;NA;NA;NA;NA;NA;NA;NA;NA;NA;NA
2022-09-16;0-60;7;7,0;7;7;7;7;7;7;7;7;7,0;7,0;40;40,0;40;40;40;40;40;40;40;40;40,0;40,0;1,0000000000000000;1,000000000000000;1,000000000000000;1,000000000000000;1,0000000000000000;1,0000000000000000;1,0000000000000000;1,0000000000000000;1,0000000000000000;1,0000000000000000;1,0000000000000000
2022-09-16;60+;15;15,0;15;15;15;15;15;15;15;15;15,0;15,0;127;127,0;127;127;127;127;127;127;127;127;127,0;127,0;1,0000000000000000;1,000000000000000;1,000000000000000;1,000000000000000;1,0000000000000000;1,0000000000000000;1,0000000000000000;1,0000000000000000;1,0000000000000000;1,0000000000000000;1,0000000000000000
2022-09-16;alle;22;22,0;22;22;22;22;22;22;22;22;22,0;22,0;167;167,0;167;167;167;167;167;167;167;167;167,0;167,0;NA;NA;NA;NA;NA;NA;NA;NA;NA;NA;NA
2022-09-15;0-60;4;4,0;4;4;4;4;4;4;4;4;4,0;4,0;39;39,0;39;39;39;39;39;39;39;39;39,0;39,0;1,0000000000000000;1,000000000000000;1,000000000000000;1,000000000000000;1,0000000000000000;1,0000000000000000;1,0000000000000000;1,0000000000000000;1,0000000000000000;1,0000000000000000;1,0000000000000000
2022-09-15;60+;16;16,0;16;16;16;16;16;16;16;16;16,0;16,0;125;125,0;125;125;125;125;125;125;125;125;125,0;125,0;1,0000000000000000;1,000000000000000;1,000000000000000;1,000000000000000;1,0000000000000000;1,0000000000000000;1,0000000000000000;1,0000000000000000;1,0000000000000000;1,0000000000000000;1,0000000000000000
2022-09-15;alle;20;20,0;20;20;20;20;20;20;20;20;20,0;20,0;164;164,0;164;164;164;164;164;164;164;164;164,0;164,0;NA;NA;NA;NA;NA;NA;NA;NA;NA;NA;NA
2022-09-14;0-60;13;13,0;13;13;13;13;13;13;13;13;13,0;13,0;38;38,0;38;38;38;38;38;38;38;38;38,0;38,0;1,0000000000000000;1,000000000000000;1,000000000000000;1,000000000000000;1,0000000000000000;1,0000000000000000;1,0000000000000000;1,0000000000000000;1,0000000000000000;1,0000000000000000;1,0000000000000000
2022-09-14;60+;34;34,0;34;34;34;34;34;34;34;34;34,0;34,0;126;126,0;126;126;126;126;126;126;126;126;126,0;126,0;1,0000000000000000;1,000000000000000;1,000000000000000;1,000000000000000;1,0000000000000000;1,0000000000000000;1,0000000000000000;1,0000000000000000;1,0000000000000000;1,0000000000000000;1,0000000000000000
2022-09-14;alle;47;47,0;47;47;47;47;47;47;47;47;47,0;47,0;164;164,0;164;164;164;164;164;164;164;164;164,0;164,0;NA;NA;NA;NA;NA;NA;NA;NA;NA;NA;NA
2022-09-13;0-60;10;10,0;10;10;10;10;10;10;10;10;10,0;10,0;37;37,0;37;37;37;37;37;37;37;37;37,0;37,0;1,0000000000000000;1,000000000000000;1,000000000000000;1,000000000000000;1,0000000000000000;1,0000000000000000;1,0000000000000000;1,0000000000000000;1,0000000000000000;1,0000000000000000;1,0000000000000000
2022-09-13;60+;33;33,0;33;33;33;33;33;33;33;33;33,0;33,0;112;112,0;112;112;112;112;112;112;112;112;112,0;112,0;1,0000000000000000;1,000000000000000;1,000000000000000;1,000000000000000;1,0000000000000000;1,0000000000000000;1,0000000000000000;1,0000000000000000;1,0000000000000000;1,0000000000000000;1,0000000000000000
2022-09-13;alle;43;43,0;43;43;43;43;43;43;43;43;43,0;43,0;149;149,0;149;149;149;149;149;149;149;149;149,0;149,0;NA;NA;NA;NA;NA;NA;NA;NA;NA;NA;NA
2022-09-12;0-60;3;3,0;3;3;3;3;3;3;3;3;3,0;3,0;39;39,0;39;39;39;39;39;39;39;39;39,0;39,0;1,0000000000000000;1,000000000000000;1,000000000000000;1,000000000000000;1,0000000000000000;1,0000000000000000;1,0000000000000000;1,0000000000000000;1,0000000000000000;1,0000000000000000;1,0000000000000000
2022-09-12;60+;1;1,0;1;1;1;1;1;1;1;1;1,0;1,0;107;107,0;107;107;107;107;107;107;107;107;107,0;107,0;1,0000000000000000;1,000000000000000;1,000000000000000;1,000000000000000;1,0000000000000000;1,0000000000000000;1,0000000000000000;1,0000000000000000;1,0000000000000000;1,0000000000000000;1,0000000000000000
2022-09-12;alle;4;4,0;4;4;4;4;4;4;4;4;4,0;4,0;146;146,0;146;146;146;146;146;146;146;146;146,0;146,0;NA;NA;NA;NA;NA;NA;NA;NA;NA;NA;NA
2022-09-11;0-60;1;1,0;1;1;1;1;1;1;1;1;1,0;1,0;37;37,0;37;37;37;37;37;37;37;37;37,0;37,0;1,0000000000000000;1,000000000000000;1,000000000000000;1,000000000000000;1,0000000000000000;1,0000000000000000;1,0000000000000000;1,0000000000000000;1,0000000000000000;1,0000000000000000;1,0000000000000000
2022-09-11;60+;10;10,0;10;10;10;10;10;10;10;10;10,0;10,0;112;112,0;112;112;112;112;112;112;112;112;112,0;112,0;1,0000000000000000;1,000000000000000;1,000000000000000;1,000000000000000;1,0000000000000000;1,0000000000000000;1,0000000000000000;1,0000000000000000;1,0000000000000000;1,0000000000000000;1,0000000000000000
2022-09-11;alle;11;11,0;11;11;11;11;11;11;11;11;11,0;11,0;149;149,0;149;149;149;149;149;149;149;149;149,0;149,0;NA;NA;NA;NA;NA;NA;NA;NA;NA;NA;NA
2022-09-10;0-60;2;2,0;2;2;2;2;2;2;2;2;2,0;2,0;40;40,0;40;40;40;40;40;40;40;40;40,0;40,0;1,0000000000000000;1,000000000000000;1,000000000000000;1,000000000000000;1,0000000000000000;1,0000000000000000;1,0000000000000000;1,0000000000000000;1,0000000000000000;1,0000000000000000;1,0000000000000000
2022-09-10;60+;18;18,0;18;18;18;18;18;18;18;18;18,0;18,0;105;105,0;105;105;105;105;105;105;105;105;105,0;105,0;1,0000000000000000;1,000000000000000;1,000000000000000;1,000000000000000;1,0000000000000000;1,0000000000000000;1,0000000000000000;1,0000000000000000;1,0000000000000000;1,0000000000000000;1,0000000000000000
2022-09-10;alle;20;20,0;20;20;20;20;20;20;20;20;20,0;20,0;145;145,0;145;145;145;145;145;145;145;145;145,0;145,0;NA;NA;NA;NA;NA;NA;NA;NA;NA;NA;NA
2022-09-09;0-60;6;6,0;6;6;6;6;6;6;6;6;6,0;6,0;44;44,0;44;44;44;44;44;44;44;44;44,0;44,0;1,0000000000000000;1,000000000000000;1,000000000000000;1,000000000000000;1,0000000000000000;1,0000000000000000;1,0000000000000000;1,0000000000000000;1,0000000000000000;1,0000000000000000;1,0000000000000000
2022-09-09;60+;13;13,0;13;13;13;13;13;13;13;13;13,0;13,0;106;106,0;106;106;106;106;106;106;106;106;106,0;106,0;1,0000000000000000;1,000000000000000;1,000000000000000;1,000000000000000;1,0000000000000000;1,0000000000000000;1,0000000000000000;1,0000000000000000;1,0000000000000000;1,0000000000000000;1,0000000000000000
2022-09-09;alle;19;19,0;19;19;19;19;19;19;19;19;19,0;19,0;150;150,0;150;150;150;150;150;150;150;150;150,0;150,0;NA;NA;NA;NA;NA;NA;NA;NA;NA;NA;NA
2022-09-08;0-60;3;3,0;3;3;3;3;3;3;3;3;3,0;3,0;42;42,0;42;42;42;42;42;42;42;42;42,0;42,0;1,0000000000000000;1,000000000000000;1,000000000000000;1,000000000000000;1,0000000000000000;1,0000000000000000;1,0000000000000000;1,0000000000000000;1,0000000000000000;1,0000000000000000;1,0000000000000000
2022-09-08;60+;17;17,0;17;17;17;17;17;17;17;17;17,0;17,0;107;107,0;107;107;107;107;107;107;107;107;107,0;107,0;1,0000000000000000;1,000000000000000;1,000000000000000;1,000000000000000;1,0000000000000000;1,0000000000000000;1,0000000000000000;1,0000000000000000;1,0000000000000000;1,0000000000000000;1,0000000000000000
2022-09-08;alle;20;20,0;20;20;20;20;20;20;20;20;20,0;20,0;149;149,0;149;149;149;149;149;149;149;149;149,0;149,0;NA;NA;NA;NA;NA;NA;NA;NA;NA;NA;NA
2022-09-07;0-60;12;12,0;12;12;12;12;12;12;12;12;12,0;12,0;45;45,0;45;45;45;45;45;45;45;45;45,0;45,0;1,0000000000000000;1,000000000000000;1,000000000000000;1,000000000000000;1,0000000000000000;1,0000000000000000;1,0000000000000000;1,0000000000000000;1,0000000000000000;1,0000000000000000;1,0000000000000000
2022-09-07;60+;20;20,0;20;20;20;20;20;20;20;20;20,0;20,0;118;118,0;118;118;118;118;118;118;118;118;118,0;118,0;1,0000000000000000;1,000000000000000;1,000000000000000;1,000000000000000;1,0000000000000000;1,0000000000000000;1,0000000000000000;1,0000000000000000;1,0000000000000000;1,0000000000000000;1,0000000000000000
2022-09-07;alle;32;32,0;32;32;32;32;32;32;32;32;32,0;32,0;163;163,0;163;163;163;163;163;163;163;163;163,0;163,0;NA;NA;NA;NA;NA;NA;NA;NA;NA;NA;NA
2022-09-06;0-60;12;12,0;12;12;12;12;12;12;12;12;12,0;12,0;36;36,0;36;36;36;36;36;36;36;36;36,0;36,0;1,0000000000000000;1,000000000000000;1,000000000000000;1,000000000000000;1,0000000000000000;1,0000000000000000;1,0000000000000000;1,0000000000000000;1,0000000000000000;1,0000000000000000;1,0000000000000000
2022-09-06;60+;28;28,0;28;28;28;28;28;28;28;28;28,0;28,0;127;127,0;127;127;127;127;127;127;127;127;127,0;127,0;1,0000000000000000;1,000000000000000;1,000000000000000;1,000000000000000;1,0000000000000000;1,0000000000000000;1,0000000000000000;1,0000000000000000;1,0000000000000000;1,0000000000000000;1,0000000000000000
2022-09-06;alle;40;40,0;40;40;40;40;40;40;40;40;40,0;40,0;163;163,0;163;163;163;163;163;163;163;163;163,0;163,0;NA;NA;NA;NA;NA;NA;NA;NA;NA;NA;NA
2022-09-05;0-60;1;1,0;1;1;1;1;1;1;1;1;1,0;1,0;35;35,0;35;35;35;35;35;35;35;35;35,0;35,0;1,0000000000000000;1,000000000000000;1,000000000000000;1,000000000000000;1,0000000000000000;1,0000000000000000;1,0000000000000000;1,0000000000000000;1,0000000000000000;1,0000000000000000;1,0000000000000000
2022-09-05;60+;6;6,0;6;6;6;6;6;6;6;6;6,0;6,0;127;127,0;127;127;127;127;127;127;127;127;127,0;127,0;1,0000000000000000;1,000000000000000;1,000000000000000;1,000000000000000;1,0000000000000000;1,0000000000000000;1,0000000000000000;1,0000000000000000;1,0000000000000000;1,0000000000000000;1,0000000000000000
2022-09-05;alle;7;7,0;7;7;7;7;7;7;7;7;7,0;7,0;162;162,0;162;162;162;162;162;162;162;162;162,0;162,0;NA;NA;NA;NA;NA;NA;NA;NA;NA;NA;NA
2022-09-04;0-60;4;4,0;4;4;4;4;4;4;4;4;4,0;4,0;37;37,0;37;37;37;37;37;37;37;37;37,0;37,0;1,0000000000000000;1,000000000000000;1,000000000000000;1,000000000000000;1,0000000000000000;1,0000000000000000;1,0000000000000000;1,0000000000000000;1,0000000000000000;1,0000000000000000;1,0000000000000000
2022-09-04;60+;3;3,0;3;3;3;3;3;3;3;3;3,0;3,0;128;128,0;128;128;128;128;128;128;128;128;128,0;128,0;1,0000000000000000;1,000000000000000;1,000000000000000;1,000000000000000;1,0000000000000000;1,0000000000000000;1,0000000000000000;1,0000000000000000;1,0000000000000000;1,0000000000000000;1,0000000000000000
2022-09-04;alle;7;7,0;7;7;7;7;7;7;7;7;7,0;7,0;165;165,0;165;165;165;165;165;165;165;165;165,0;165,0;NA;NA;NA;NA;NA;NA;NA;NA;NA;NA;NA
2022-09-03;0-60;6;6,0;6;6;6;6;6;6;6;6;6,0;6,0;38;38,0;38;38;38;38;38;38;38;38;38,0;38,0;1,0000000000000000;1,000000000000000;1,000000000000000;1,000000000000000;1,0000000000000000;1,0000000000000000;1,0000000000000000;1,0000000000000000;1,0000000000000000;1,0000000000000000;1,0000000000000000
2022-09-03;60+;19;19,0;19;19;19;19;19;19;19;19;19,0;19,0;140;140,0;140;140;140;140;140;140;140;140;140,0;140,0;1,0000000000000000;1,000000000000000;1,000000000000000;1,000000000000000;1,0000000000000000;1,0000000000000000;1,0000000000000000;1,0000000000000000;1,0000000000000000;1,0000000000000000;1,0000000000000000
2022-09-03;alle;25;25,0;25;25;25;25;25;25;25;25;25,0;25,0;178;178,0;178;178;178;178;178;178;178;178;178,0;178,0;NA;NA;NA;NA;NA;NA;NA;NA;NA;NA;NA
2022-09-02;0-60;4;4,0;4;4;4;4;4;4;4;4;4,0;4,0;41;41,0;41;41;41;41;41;41;41;41;41,0;41,0;1,0000000000000000;1,000000000000000;1,000000000000000;1,000000000000000;1,0000000000000000;1,0000000000000000;1,0000000000000000;1,0000000000000000;1,0000000000000000;1,0000000000000000;1,0000000000000000
2022-09-02;60+;14;14,0;14;14;14;14;14;14;14;14;14,0;14,0;135;135,0;135;135;135;135;135;135;135;135;135,0;135,0;1,0000000000000000;1,000000000000000;1,000000000000000;1,000000000000000;1,0000000000000000;1,0000000000000000;1,0000000000000000;1,0000000000000000;1,0000000000000000;1,0000000000000000;1,0000000000000000
2022-09-02;alle;18;18,0;18;18;18;18;18;18;18;18;18,0;18,0;176;176,0;176;176;176;176;176;176;176;176;176,0;176,0;NA;NA;NA;NA;NA;NA;NA;NA;NA;NA;NA
2022-09-01;0-60;6;6,0;6;6;6;6;6;6;6;6;6,0;6,0;38;38,0;38;38;38;38;38;38;38;38;38,0;38,0;1,0000000000000000;1,000000000000000;1,000000000000000;1,000000000000000;1,0000000000000000;1,0000000000000000;1,0000000000000000;1,0000000000000000;1,0000000000000000;1,0000000000000000;1,0000000000000000
2022-09-01;60+;28;28,0;28;28;28;28;28;28;28;28;28,0;28,0;146;146,0;146;146;146;146;146;146;146;146;146,0;146,0;1,0000000000000000;1,000000000000000;1,000000000000000;1,000000000000000;1,0000000000000000;1,0000000000000000;1,0000000000000000;1,0000000000000000;1,0000000000000000;1,0000000000000000;1,0000000000000000
2022-09-01;alle;34;34,0;34;34;34;34;34;34;34;34;34,0;34,0;184;184,0;184;184;184;184;184;184;184;184;184,0;184,0;NA;NA;NA;NA;NA;NA;NA;NA;NA;NA;NA
2022-08-31;0-60;3;3,0;3;3;3;3;3;3;3;3;3,0;3,0;40;40,0;40;40;40;40;40;40;40;40;40,0;40,0;1,0000000000000000;1,000000000000000;1,000000000000000;1,000000000000000;1,0000000000000000;1,0000000000000000;1,0000000000000000;1,0000000000000000;1,0000000000000000;1,0000000000000000;1,0000000000000000
2022-08-31;60+;29;29,0;29;29;29;29;29;29;29;29;29,0;29,0;141;141,0;141;141;141;141;141;141;141;141;141,0;141,0;1,0000000000000000;1,000000000000000;1,000000000000000;1,000000000000000;1,0000000000000000;1,0000000000000000;1,0000000000000000;1,0000000000000000;1,0000000000000000;1,0000000000000000;1,0000000000000000
2022-08-31;alle;32;32,0;32;32;32;32;32;32;32;32;32,0;32,0;181;181,0;181;181;181;181;181;181;181;181;181,0;181,0;NA;NA;NA;NA;NA;NA;NA;NA;NA;NA;NA
2022-08-30;0-60;11;11,0;11;11;11;11;11;11;11;11;11,0;11,0;46;46,0;46;46;46;46;46;46;46;46;46,0;46,0;1,0000000000000000;1,000000000000000;1,000000000000000;1,000000000000000;1,0000000000000000;1,0000000000000000;1,0000000000000000;1,0000000000000000;1,0000000000000000;1,0000000000000000;1,0000000000000000
2022-08-30;60+;28;28,0;28;28;28;28;28;28;28;28;28,0;28,0;139;139,0;139;139;139;139;139;139;139;139;139,0;139,0;1,0000000000000000;1,000000000000000;1,000000000000000;1,000000000000000;1,0000000000000000;1,0000000000000000;1,0000000000000000;1,0000000000000000;1,0000000000000000;1,0000000000000000;1,0000000000000000
2022-08-30;alle;39;39,0;39;39;39;39;39;39;39;39;39,0;39,0;185;185,0;185;185;185;185;185;185;185;185;185,0;185,0;NA;NA;NA;NA;NA;NA;NA;NA;NA;NA;NA
2022-08-29;0-60;3;3,0;3;3;3;3;3;3;3;3;3,0;3,0;49;49,0;49;49;49;49;49;49;49;49;49,0;49,0;1,0000000000000000;1,000000000000000;1,000000000000000;1,000000000000000;1,0000000000000000;1,0000000000000000;1,0000000000000000;1,0000000000000000;1,0000000000000000;1,0000000000000000;1,0000000000000000
2022-08-29;60+;7;7,0;7;7;7;7;7;7;7;7;7,0;7,0;155;155,0;155;155;155;155;155;155;155;155;155,0;155,0;1,0000000000000000;1,000000000000000;1,000000000000000;1,000000000000000;1,0000000000000000;1,0000000000000000;1,0000000000000000;1,0000000000000000;1,0000000000000000;1,0000000000000000;1,0000000000000000
2022-08-29;alle;10;10,0;10;10;10;10;10;10;10;10;10,0;10,0;204;204,0;204;204;204;204;204;204;204;204;204,0;204,0;NA;NA;NA;NA;NA;NA;NA;NA;NA;NA;NA
2022-08-28;0-60;5;5,0;5;5;5;5;5;5;5;5;5,0;5,0;49;49,0;49;49;49;49;49;49;49;49;49,0;49,0;1,0000000000000000;1,000000000000000;1,000000000000000;1,000000000000000;1,0000000000000000;1,0000000000000000;1,0000000000000000;1,0000000000000000;1,0000000000000000;1,0000000000000000;1,0000000000000000
2022-08-28;60+;15;15,0;15;15;15;15;15;15;15;15;15,0;15,0;157;157,0;157;157;157;157;157;157;157;157;157,0;157,0;1,0000000000000000;1,000000000000000;1,000000000000000;1,000000000000000;1,0000000000000000;1,0000000000000000;1,0000000000000000;1,0000000000000000;1,0000000000000000;1,0000000000000000;1,0000000000000000
2022-08-28;alle;20;20,0;20;20;20;20;20;20;20;20;20,0;20,0;206;206,0;206;206;206;206;206;206;206;206;206,0;206,0;NA;NA;NA;NA;NA;NA;NA;NA;NA;NA;NA
2022-08-27;0-60;9;9,0;9;9;9;9;9;9;9;9;9,0;9,0;47;47,0;47;47;47;47;47;47;47;47;47,0;47,0;1,0000000000000000;1,000000000000000;1,000000000000000;1,000000000000000;1,0000000000000000;1,0000000000000000;1,0000000000000000;1,0000000000000000;1,0000000000000000;1,0000000000000000;1,0000000000000000
2022-08-27;60+;14;14,0;14;14;14;14;14;14;14;14;14,0;14,0;152;152,0;152;152;152;152;152;152;152;152;152,0;152,0;1,0000000000000000;1,000000000000000;1,000000000000000;1,000000000000000;1,0000000000000000;1,0000000000000000;1,0000000000000000;1,0000000000000000;1,0000000000000000;1,0000000000000000;1,0000000000000000
2022-08-27;alle;23;23,0;23;23;23;23;23;23;23;23;23,0;23,0;199;199,0;199;199;199;199;199;199;199;199;199,0;199,0;NA;NA;NA;NA;NA;NA;NA;NA;NA;NA;NA
2022-08-26;0-60;1;1,0;1;1;1;1;1;1;1;1;1,0;1,0;44;44,0;44;44;44;44;44;44;44;44;44,0;44,0;1,0000000000000000;1,000000000000000;1,000000000000000;1,000000000000000;1,0000000000000000;1,0000000000000000;1,0000000000000000;1,0000000000000000;1,0000000000000000;1,0000000000000000;1,0000000000000000
2022-08-26;60+;25;25,0;25;25;25;25;25;25;25;25;25,0;25,0;155;155,0;155;155;155;155;155;155;155;155;155,0;155,0;1,0000000000000000;1,000000000000000;1,000000000000000;1,000000000000000;1,0000000000000000;1,0000000000000000;1,0000000000000000;1,0000000000000000;1,0000000000000000;1,0000000000000000;1,0000000000000000
2022-08-26;alle;26;26,0;26;26;26;26;26;26;26;26;26,0;26,0;199;199,0;199;199;199;199;199;199;199;199;199,0;199,0;NA;NA;NA;NA;NA;NA;NA;NA;NA;NA;NA
2022-08-25;0-60;8;8,0;8;8;8;8;8;8;8;8;8,0;8,0;56;56,0;56;56;56;56;56;56;56;56;56,0;56,0;1,0000000000000000;1,000000000000000;1,000000000000000;1,000000000000000;1,0000000000000000;1,0000000000000000;1,0000000000000000;1,0000000000000000;1,0000000000000000;1,0000000000000000;1,0000000000000000
2022-08-25;60+;23;23,0;23;23;23;23;23;23;23;23;23,0;23,0;172;172,0;172;172;172;172;172;172;172;172;172,0;172,0;1,0000000000000000;1,000000000000000;1,000000000000000;1,000000000000000;1,0000000000000000;1,0000000000000000;1,0000000000000000;1,0000000000000000;1,0000000000000000;1,0000000000000000;1,0000000000000000
2022-08-25;alle;31;31,0;31;31;31;31;31;31;31;31;31,0;31,0;228;228,0;228;228;228;228;228;228;228;228;228,0;228,0;NA;NA;NA;NA;NA;NA;NA;NA;NA;NA;NA
2022-08-24;0-60;9;9,0;9;9;9;9;9;9;9;9;9,0;9,0;64;64,0;64;64;64;64;64;64;64;64;64,0;64,0;1,0000000000000000;1,000000000000000;1,000000000000000;1,000000000000000;1,0000000000000000;1,0000000000000000;1,0000000000000000;1,0000000000000000;1,0000000000000000;1,0000000000000000;1,0000000000000000
2022-08-24;60+;27;27,0;27;27;27;27;27;27;27;27;27,0;27,0;180;180,0;180;180;180;180;180;180;180;180;180,0;180,0;1,0000000000000000;1,000000000000000;1,000000000000000;1,000000000000000;1,0000000000000000;1,0000000000000000;1,0000000000000000;1,0000000000000000;1,0000000000000000;1,0000000000000000;1,0000000000000000
2022-08-24;alle;36;36,0;36;36;36;36;36;36;36;36;36,0;36,0;244;244,0;244;244;244;244;244;244;244;244;244,0;244,0;NA;NA;NA;NA;NA;NA;NA;NA;NA;NA;NA
2022-08-23;0-60;14;14,0;14;14;14;14;14;14;14;14;14,0;14,0;64;64,0;64;64;64;64;64;64;64;64;64,0;64,0;1,0000000000000000;1,000000000000000;1,000000000000000;1,000000000000000;1,0000000000000000;1,0000000000000000;1,0000000000000000;1,0000000000000000;1,0000000000000000;1,0000000000000000;1,0000000000000000
2022-08-23;60+;44;44,0;44;44;44;44;44;44;44;44;44,0;44,0;198;198,0;198;198;198;198;198;198;198;198;198,0;198,0;1,0000000000000000;1,000000000000000;1,000000000000000;1,000000000000000;1,0000000000000000;1,0000000000000000;1,0000000000000000;1,0000000000000000;1,0000000000000000;1,0000000000000000;1,0000000000000000
2022-08-23;alle;58;58,0;58;58;58;58;58;58;58;58;58,0;58,0;262;262,0;262;262;262;262;262;262;262;262;262,0;262,0;NA;NA;NA;NA;NA;NA;NA;NA;NA;NA;NA
2022-08-22;0-60;3;3,0;3;3;3;3;3;3;3;3;3,0;3,0;68;68,0;68;68;68;68;68;68;68;68;68,0;68,0;1,0000000000000000;1,000000000000000;1,000000000000000;1,000000000000000;1,0000000000000000;1,0000000000000000;1,0000000000000000;1,0000000000000000;1,0000000000000000;1,0000000000000000;1,0000000000000000
2022-08-22;60+;9;9,0;9;9;9;9;9;9;9;9;9,0;9,0;198;198,0;198;198;198;198;198;198;198;198;198,0;198,0;1,0000000000000000;1,000000000000000;1,000000000000000;1,000000000000000;1,0000000000000000;1,0000000000000000;1,0000000000000000;1,0000000000000000;1,0000000000000000;1,0000000000000000;1,0000000000000000
2022-08-22;alle;12;12,0;12;12;12;12;12;12;12;12;12,0;12,0;266;266,0;266;266;266;266;266;266;266;266;266,0;266,0;NA;NA;NA;NA;NA;NA;NA;NA;NA;NA;NA
2022-08-21;0-60;3;3,0;3;3;3;3;3;3;3;3;3,0;3,0;70;70,0;70;70;70;70;70;70;70;70;70,0;70,0;1,0000000000000000;1,000000000000000;1,000000000000000;1,000000000000000;1,0000000000000000;1,0000000000000000;1,0000000000000000;1,0000000000000000;1,0000000000000000;1,0000000000000000;1,0000000000000000
2022-08-21;60+;10;10,0;10;10;10;10;10;10;10;10;10,0;10,0;206;206,0;206;206;206;206;206;206;206;206;206,0;206,0;1,0000000000000000;1,000000000000000;1,000000000000000;1,000000000000000;1,0000000000000000;1,0000000000000000;1,0000000000000000;1,0000000000000000;1,0000000000000000;1,0000000000000000;1,0000000000000000
2022-08-21;alle;13;13,0;13;13;13;13;13;13;13;13;13,0;13,0;276;276,0;276;276;276;276;276;276;276;276;276,0;276,0;NA;NA;NA;NA;NA;NA;NA;NA;NA;NA;NA
2022-08-20;0-60;6;6,0;6;6;6;6;6;6;6;6;6,0;6,0;69;69,0;69;69;69;69;69;69;69;69;69,0;69,0;1,0000000000000000;1,000000000000000;1,000000000000000;1,000000000000000;1,0000000000000000;1,0000000000000000;1,0000000000000000;1,0000000000000000;1,0000000000000000;1,0000000000000000;1,0000000000000000
2022-08-20;60+;17;17,0;17;17;17;17;17;17;17;17;17,0;17,0;202;202,0;202;202;202;202;202;202;202;202;202,0;202,0;1,0000000000000000;1,000000000000000;1,000000000000000;1,000000000000000;1,0000000000000000;1,0000000000000000;1,0000000000000000;1,0000000000000000;1,0000000000000000;1,0000000000000000;1,0000000000000000
2022-08-20;alle;23;23,0;23;23;23;23;23;23;23;23;23,0;23,0;271;271,0;271;271;271;271;271;271;271;271;271,0;271,0;NA;NA;NA;NA;NA;NA;NA;NA;NA;NA;NA
2022-08-19;0-60;13;13,0;13;13;13;13;13;13;13;13;13,0;13,0;74;74,0;74;74;74;74;74;74;74;74;74,0;74,0;1,0000000000000000;1,000000000000000;1,000000000000000;1,000000000000000;1,0000000000000000;1,0000000000000000;1,0000000000000000;1,0000000000000000;1,0000000000000000;1,0000000000000000;1,0000000000000000
2022-08-19;60+;42;42,0;42;42;42;42;42;42;42;42;42,0;42,0;217;217,0;217;217;217;217;217;217;217;217;217,0;217,0;1,0000000000000000;1,000000000000000;1,000000000000000;1,000000000000000;1,0000000000000000;1,0000000000000000;1,0000000000000000;1,0000000000000000;1,0000000000000000;1,0000000000000000;1,0000000000000000
2022-08-19;alle;55;55,0;55;55;55;55;55;55;55;55;55,0;55,0;291;291,0;291;291;291;291;291;291;291;291;291,0;291,0;NA;NA;NA;NA;NA;NA;NA;NA;NA;NA;NA
2022-08-18;0-60;16;16,0;16;16;16;16;16;16;16;16;16,0;16,0;78;78,0;78;78;78;78;78;78;78;78;78,0;78,0;1,0000000000000000;1,000000000000000;1,000000000000000;1,000000000000000;1,0000000000000000;1,0000000000000000;1,0000000000000000;1,0000000000000000;1,0000000000000000;1,0000000000000000;1,0000000000000000
2022-08-18;60+;31;31,0;31;31;31;31;31;31;31;31;31,0;31,0;209;209,0;209;209;209;209;209;209;209;209;209,0;209,0;1,0000000000000000;1,000000000000000;1,000000000000000;1,000000000000000;1,0000000000000000;1,0000000000000000;1,0000000000000000;1,0000000000000000;1,0000000000000000;1,0000000000000000;1,0000000000000000
2022-08-18;alle;47;47,0;47;47;47;47;47;47;47;47;47,0;47,0;287;287,0;287;287;287;287;287;287;287;287;287,0;287,0;NA;NA;NA;NA;NA;NA;NA;NA;NA;NA;NA
2022-08-17;0-60;9;9,0;9;9;9;9;9;9;9;9;9,0;9,0;76;76,0;76;76;76;76;76;76;76;76;76,0;76,0;1,0000000000000000;1,000000000000000;1,000000000000000;1,000000000000000;1,0000000000000000;1,0000000000000000;1,0000000000000000;1,0000000000000000;1,0000000000000000;1,0000000000000000;1,0000000000000000
2022-08-17;60+;45;45,0;45;45;45;45;45;45;45;45;45,0;45,0;207;207,0;207;207;207;207;207;207;207;207;207,0;207,0;1,0000000000000000;1,000000000000000;1,000000000000000;1,000000000000000;1,0000000000000000;1,0000000000000000;1,0000000000000000;1,0000000000000000;1,0000000000000000;1,0000000000000000;1,0000000000000000
2022-08-17;alle;54;54,0;54;54;54;54;54;54;54;54;54,0;54,0;283;283,0;283;283;283;283;283;283;283;283;283,0;283,0;NA;NA;NA;NA;NA;NA;NA;NA;NA;NA;NA
2022-08-16;0-60;18;18,0;18;18;18;18;18;18;18;18;18,0;18,0;77;77,0;77;77;77;77;77;77;77;77;77,0;77,0;1,0000000000000000;1,000000000000000;1,000000000000000;1,000000000000000;1,0000000000000000;1,0000000000000000;1,0000000000000000;1,0000000000000000;1,0000000000000000;1,0000000000000000;1,0000000000000000
2022-08-16;60+;44;44,0;44;44;44;44;44;44;44;44;44,0;44,0;189;189,0;189;189;189;189;189;189;189;189;189,0;189,0;1,0000000000000000;1,000000000000000;1,000000000000000;1,000000000000000;1,0000000000000000;1,0000000000000000;1,0000000000000000;1,0000000000000000;1,0000000000000000;1,0000000000000000;1,0000000000000000
2022-08-16;alle;62;62,0;62;62;62;62;62;62;62;62;62,0;62,0;266;266,0;266;266;266;266;266;266;266;266;266,0;266,0;NA;NA;NA;NA;NA;NA;NA;NA;NA;NA;NA
2022-08-15;0-60;5;5,0;5;5;5;5;5;5;5;5;5,0;5,0;79;79,0;79;79;79;79;79;79;79;79;79,0;79,0;1,0000000000000000;1,000000000000000;1,000000000000000;1,000000000000000;1,0000000000000000;1,0000000000000000;1,0000000000000000;1,0000000000000000;1,0000000000000000;1,0000000000000000;1,0000000000000000
2022-08-15;60+;17;17,0;17;17;17;17;17;17;17;17;17,0;17,0;196;196,0;196;196;196;196;196;196;196;196;196,0;196,0;1,0000000000000000;1,000000000000000;1,000000000000000;1,000000000000000;1,0000000000000000;1,0000000000000000;1,0000000000000000;1,0000000000000000;1,0000000000000000;1,0000000000000000;1,0000000000000000
2022-08-15;alle;22;22,0;22;22;22;22;22;22;22;22;22,0;22,0;275;275,0;275;275;275;275;275;275;275;275;275,0;275,0;NA;NA;NA;NA;NA;NA;NA;NA;NA;NA;NA
2022-08-14;0-60;2;2,0;2;2;2;2;2;2;2;2;2,0;2,0;80;80,0;80;80;80;80;80;80;80;80;80,0;80,0;1,0000000000000000;1,000000000000000;1,000000000000000;1,000000000000000;1,0000000000000000;1,0000000000000000;1,0000000000000000;1,0000000000000000;1,0000000000000000;1,0000000000000000;1,0000000000000000
2022-08-14;60+;6;6,0;6;6;6;6;6;6;6;6;6,0;6,0;196;196,0;196;196;196;196;196;196;196;196;196,0;196,0;1,0000000000000000;1,000000000000000;1,000000000000000;1,000000000000000;1,0000000000000000;1,0000000000000000;1,0000000000000000;1,0000000000000000;1,0000000000000000;1,0000000000000000;1,0000000000000000
2022-08-14;alle;8;8,0;8;8;8;8;8;8;8;8;8,0;8,0;276;276,0;276;276;276;276;276;276;276;276;276,0;276,0;NA;NA;NA;NA;NA;NA;NA;NA;NA;NA;NA
2022-08-13;0-60;11;11,0;11;11;11;11;11;11;11;11;11,0;11,0;81;81,0;81;81;81;81;81;81;81;81;81,0;81,0;1,0000000000000000;1,000000000000000;1,000000000000000;1,000000000000000;1,0000000000000000;1,0000000000000000;1,0000000000000000;1,0000000000000000;1,0000000000000000;1,0000000000000000;1,0000000000000000
2022-08-13;60+;32;32,0;32;32;32;32;32;32;32;32;32,0;32,0;203;203,0;203;203;203;203;203;203;203;203;203,0;203,0;1,0000000000000000;1,000000000000000;1,000000000000000;1,000000000000000;1,0000000000000000;1,0000000000000000;1,0000000000000000;1,0000000000000000;1,0000000000000000;1,0000000000000000;1,0000000000000000
2022-08-13;alle;43;43,0;43;43;43;43;43;43;43;43;43,0;43,0;284;284,0;284;284;284;284;284;284;284;284;284,0;284,0;NA;NA;NA;NA;NA;NA;NA;NA;NA;NA;NA
2022-08-12;0-60;17;17,0;17;17;17;17;17;17;17;17;17,0;17,0;82;82,0;82;82;82;82;82;82;82;82;82,0;82,0;1,0000000000000000;1,000000000000000;1,000000000000000;1,000000000000000;1,0000000000000000;1,0000000000000000;1,0000000000000000;1,0000000000000000;1,0000000000000000;1,0000000000000000;1,0000000000000000
2022-08-12;60+;34;34,0;34;34;34;34;34;34;34;34;34,0;34,0;202;202,0;202;202;202;202;202;202;202;202;202,0;202,0;1,0000000000000000;1,000000000000000;1,000000000000000;1,000000000000000;1,0000000000000000;1,0000000000000000;1,0000000000000000;1,0000000000000000;1,0000000000000000;1,0000000000000000;1,0000000000000000
2022-08-12;alle;51;51,0;51;51;51;51;51;51;51;51;51,0;51,0;284;284,0;284;284;284;284;284;284;284;284;284,0;284,0;NA;NA;NA;NA;NA;NA;NA;NA;NA;NA;NA
2022-08-11;0-60;14;14,0;14;14;14;14;14;14;14;14;14,0;14,0;74;74,0;74;74;74;74;74;74;74;74;74,0;74,0;1,0000000000000000;1,000000000000000;1,000000000000000;1,000000000000000;1,0000000000000000;1,0000000000000000;1,0000000000000000;1,0000000000000000;1,0000000000000000;1,0000000000000000;1,0000000000000000
2022-08-11;60+;29;29,0;29;29;29;29;29;29;29;29;29,0;29,0;200;200,0;200;200;200;200;200;200;200;200;200,0;200,0;1,0000000000000000;1,000000000000000;1,000000000000000;1,000000000000000;1,0000000000000000;1,0000000000000000;1,0000000000000000;1,0000000000000000;1,0000000000000000;1,0000000000000000;1,0000000000000000
2022-08-11;alle;43;43,0;43;43;43;43;43;43;43;43;43,0;43,0;274;274,0;274;274;274;274;274;274;274;274;274,0;274,0;NA;NA;NA;NA;NA;NA;NA;NA;NA;NA;NA
2022-08-10;0-60;10;10,0;10;10;10;10;10;10;10;10;10,0;10,0;77;77,0;77;77;77;77;77;77;77;77;77,0;77,0;1,0000000000000000;1,000000000000000;1,000000000000000;1,000000000000000;1,0000000000000000;1,0000000000000000;1,0000000000000000;1,0000000000000000;1,0000000000000000;1,0000000000000000;1,0000000000000000
2022-08-10;60+;27;27,0;27;27;27;27;27;27;27;27;27,0;27,0;198;198,0;198;198;198;198;198;198;198;198;198,0;198,0;1,0000000000000000;1,000000000000000;1,000000000000000;1,000000000000000;1,0000000000000000;1,0000000000000000;1,0000000000000000;1,0000000000000000;1,0000000000000000;1,0000000000000000;1,0000000000000000
2022-08-10;alle;37;37,0;37;37;37;37;37;37;37;37;37,0;37,0;275;275,0;275;275;275;275;275;275;275;275;275,0;275,0;NA;NA;NA;NA;NA;NA;NA;NA;NA;NA;NA
2022-08-09;0-60;20;20,0;20;20;20;20;20;20;20;20;20,0;20,0;84;84,0;84;84;84;84;84;84;84;84;84,0;84,0;1,0000000000000000;1,000000000000000;1,000000000000000;1,000000000000000;1,0000000000000000;1,0000000000000000;1,0000000000000000;1,0000000000000000;1,0000000000000000;1,0000000000000000;1,0000000000000000
2022-08-09;60+;51;51,0;51;51;51;51;51;51;51;51;51,0;51,0;201;201,0;201;201;201;201;201;201;201;201;201,0;201,0;1,0000000000000000;1,000000000000000;1,000000000000000;1,000000000000000;1,0000000000000000;1,0000000000000000;1,0000000000000000;1,0000000000000000;1,0000000000000000;1,0000000000000000;1,0000000000000000
2022-08-09;alle;71;71,0;71;71;71;71;71;71;71;71;71,0;71,0;285;285,0;285;285;285;285;285;285;285;285;285,0;285,0;NA;NA;NA;NA;NA;NA;NA;NA;NA;NA;NA
2022-08-08;0-60;6;6,0;6;6;6;6;6;6;6;6;6,0;6,0;72;72,0;72;72;72;72;72;72;72;72;72,0;72,0;1,0000000000000000;1,000000000000000;1,000000000000000;1,000000000000000;1,0000000000000000;1,0000000000000000;1,0000000000000000;1,0000000000000000;1,0000000000000000;1,0000000000000000;1,0000000000000000
2022-08-08;60+;17;17,0;17;17;17;17;17;17;17;17;17,0;17,0;202;202,0;202;202;202;202;202;202;202;202;202,0;202,0;1,0000000000000000;1,000000000000000;1,000000000000000;1,000000000000000;1,0000000000000000;1,0000000000000000;1,0000000000000000;1,0000000000000000;1,0000000000000000;1,0000000000000000;1,0000000000000000
2022-08-08;alle;23;23,0;23;23;23;23;23;23;23;23;23,0;23,0;274;274,0;274;274;274;274;274;274;274;274;274,0;274,0;NA;NA;NA;NA;NA;NA;NA;NA;NA;NA;NA
2022-08-07;0-60;3;3,0;3;3;3;3;3;3;3;3;3,0;3,0;70;70,0;70;70;70;70;70;70;70;70;70,0;70,0;1,0000000000000000;1,000000000000000;1,000000000000000;1,000000000000000;1,0000000000000000;1,0000000000000000;1,0000000000000000;1,0000000000000000;1,0000000000000000;1,0000000000000000;1,0000000000000000
2022-08-07;60+;13;13,0;13;13;13;13;13;13;13;13;13,0;13,0;200;200,0;200;200;200;200;200;200;200;200;200,0;200,0;1,0000000000000000;1,000000000000000;1,000000000000000;1,000000000000000;1,0000000000000000;1,0000000000000000;1,0000000000000000;1,0000000000000000;1,0000000000000000;1,0000000000000000;1,0000000000000000
2022-08-07;alle;16;16,0;16;16;16;16;16;16;16;16;16,0;16,0;270;270,0;270;270;270;270;270;270;270;270;270,0;270,0;NA;NA;NA;NA;NA;NA;NA;NA;NA;NA;NA
2022-08-06;0-60;12;12,0;12;12;12;12;12;12;12;12;12,0;12,0;71;71,0;71;71;71;71;71;71;71;71;71,0;71,0;1,0000000000000000;1,000000000000000;1,000000000000000;1,000000000000000;1,0000000000000000;1,0000000000000000;1,0000000000000000;1,0000000000000000;1,0000000000000000;1,0000000000000000;1,0000000000000000
2022-08-06;60+;31;31,0;31;31;31;31;31;31;31;31;31,0;31,0;200;200,0;200;200;200;200;200;200;200;200;200,0;200,0;1,0000000000000000;1,000000000000000;1,000000000000000;1,000000000000000;1,0000000000000000;1,0000000000000000;1,0000000000000000;1,0000000000000000;1,0000000000000000;1,0000000000000000;1,0000000000000000
2022-08-06;alle;43;43,0;43;43;43;43;43;43;43;43;43,0;43,0;271;271,0;271;271;271;271;271;271;271;271;271,0;271,0;NA;NA;NA;NA;NA;NA;NA;NA;NA;NA;NA
2022-08-05;0-60;9;9,0;9;9;9;9;9;9;9;9;9,0;9,0;64;64,0;64;64;64;64;64;64;64;64;64,0;64,0;1,0000000000000000;1,000000000000000;1,000000000000000;1,000000000000000;1,0000000000000000;1,0000000000000000;1,0000000000000000;1,0000000000000000;1,0000000000000000;1,0000000000000000;1,0000000000000000
2022-08-05;60+;32;32,0;32;32;32;32;32;32;32;32;32,0;32,0;187;187,0;187;187;187;187;187;187;187;187;187,0;187,0;1,0000000000000000;1,000000000000000;1,000000000000000;1,000000000000000;1,0000000000000000;1,0000000000000000;1,0000000000000000;1,0000000000000000;1,0000000000000000;1,0000000000000000;1,0000000000000000
2022-08-05;alle;41;41,0;41;41;41;41;41;41;41;41;41,0;41,0;251;251,0;251;251;251;251;251;251;251;251;251,0;251,0;NA;NA;NA;NA;NA;NA;NA;NA;NA;NA;NA
2022-08-04;0-60;17;17,0;17;17;17;17;17;17;17;17;17,0;17,0;68;68,0;68;68;68;68;68;68;68;68;68,0;68,0;1,0000000000000000;1,000000000000000;1,000000000000000;1,000000000000000;1,0000000000000000;1,0000000000000000;1,0000000000000000;1,0000000000000000;1,0000000000000000;1,0000000000000000;1,0000000000000000
2022-08-04;60+;27;27,0;27;27;27;27;27;27;27;27;27,0;27,0;183;183,0;183;183;183;183;183;183;183;183;183,0;183,0;1,0000000000000000;1,000000000000000;1,000000000000000;1,000000000000000;1,0000000000000000;1,0000000000000000;1,0000000000000000;1,0000000000000000;1,0000000000000000;1,0000000000000000;1,0000000000000000
2022-08-04;alle;44;44,0;44;44;44;44;44;44;44;44;44,0;44,0;251;251,0;251;251;251;251;251;251;251;251;251,0;251,0;NA;NA;NA;NA;NA;NA;NA;NA;NA;NA;NA
2022-08-03;0-60;17;17,0;17;17;17;17;17;17;17;17;17,0;17,0;69;69,0;69;69;69;69;69;69;69;69;69,0;69,0;1,0000000000000000;1,000000000000000;1,000000000000000;1,000000000000000;1,0000000000000000;1,0000000000000000;1,0000000000000000;1,0000000000000000;1,0000000000000000;1,0000000000000000;1,0000000000000000
2022-08-03;60+;30;30,0;30;30;30;30;30;30;30;30;30,0;30,0;189;189,0;189;189;189;189;189;189;189;189;189,0;189,0;1,0000000000000000;1,000000000000000;1,000000000000000;1,000000000000000;1,0000000000000000;1,0000000000000000;1,0000000000000000;1,0000000000000000;1,0000000000000000;1,0000000000000000;1,0000000000000000
2022-08-03;alle;47;47,0;47;47;47;47;47;47;47;47;47,0;47,0;258;258,0;258;258;258;258;258;258;258;258;258,0;258,0;NA;NA;NA;NA;NA;NA;NA;NA;NA;NA;NA
2022-08-02;0-60;8;8,0;8;8;8;8;8;8;8;8;8,0;8,0;66;66,0;66;66;66;66;66;66;66;66;66,0;66,0;1,0000000000000000;1,000000000000000;1,000000000000000;1,000000000000000;1,0000000000000000;1,0000000000000000;1,0000000000000000;1,0000000000000000;1,0000000000000000;1,0000000000000000;1,0000000000000000
2022-08-02;60+;52;52,0;52;52;52;52;52;52;52;52;52,0;52,0;213;213,0;213;213;213;213;213;213;213;213;213,0;213,0;1,0000000000000000;1,000000000000000;1,000000000000000;1,000000000000000;1,0000000000000000;1,0000000000000000;1,0000000000000000;1,0000000000000000;1,0000000000000000;1,0000000000000000;1,0000000000000000
2022-08-02;alle;60;60,0;60;60;60;60;60;60;60;60;60,0;60,0;279;279,0;279;279;279;279;279;279;279;279;279,0;279,0;NA;NA;NA;NA;NA;NA;NA;NA;NA;NA;NA
2022-08-01;0-60;4;4,0;4;4;4;4;4;4;4;4;4,0;4,0;79;79,0;79;79;79;79;79;79;79;79;79,0;79,0;1,0000000000000000;1,000000000000000;1,000000000000000;1,000000000000000;1,0000000000000000;1,0000000000000000;1,0000000000000000;1,0000000000000000;1,0000000000000000;1,0000000000000000;1,0000000000000000
2022-08-01;60+;15;15,0;15;15;15;15;15;15;15;15;15,0;15,0;206;206,0;206;206;206;206;206;206;206;206;206,0;206,0;1,0000000000000000;1,000000000000000;1,000000000000000;1,000000000000000;1,0000000000000000;1,0000000000000000;1,0000000000000000;1,0000000000000000;1,0000000000000000;1,0000000000000000;1,0000000000000000
2022-08-01;alle;19;19,0;19;19;19;19;19;19;19;19;19,0;19,0;285;285,0;285;285;285;285;285;285;285;285;285,0;285,0;NA;NA;NA;NA;NA;NA;NA;NA;NA;NA;NA
2022-07-31;0-60;4;4,0;4;4;4;4;4;4;4;4;4,0;4,0;80;80,0;80;80;80;80;80;80;80;80;80,0;80,0;1,0000000000000000;1,000000000000000;1,000000000000000;1,000000000000000;1,0000000000000000;1,0000000000000000;1,0000000000000000;1,0000000000000000;1,0000000000000000;1,0000000000000000;1,0000000000000000
2022-07-31;60+;13;13,0;13;13;13;13;13;13;13;13;13,0;13,0;201;201,0;201;201;201;201;201;201;201;201;201,0;201,0;1,0000000000000000;1,000000000000000;1,000000000000000;1,000000000000000;1,0000000000000000;1,0000000000000000;1,0000000000000000;1,0000000000000000;1,0000000000000000;1,0000000000000000;1,0000000000000000
2022-07-31;alle;17;17,0;17;17;17;17;17;17;17;17;17,0;17,0;281;281,0;281;281;281;281;281;281;281;281;281,0;281,0;NA;NA;NA;NA;NA;NA;NA;NA;NA;NA;NA
2022-07-30;0-60;5;5,0;5;5;5;5;5;5;5;5;5,0;5,0;79;79,0;79;79;79;79;79;79;79;79;79,0;79,0;1,0000000000000000;1,000000000000000;1,000000000000000;1,000000000000000;1,0000000000000000;1,0000000000000000;1,0000000000000000;1,0000000000000000;1,0000000000000000;1,0000000000000000;1,0000000000000000
2022-07-30;60+;18;18,0;18;18;18;18;18;18;18;18;18,0;18,0;208;208,0;208;208;208;208;208;208;208;208;208,0;208,0;1,0000000000000000;1,000000000000000;1,000000000000000;1,000000000000000;1,0000000000000000;1,0000000000000000;1,0000000000000000;1,0000000000000000;1,0000000000000000;1,0000000000000000;1,0000000000000000
2022-07-30;alle;23;23,0;23;23;23;23;23;23;23;23;23,0;23,0;287;287,0;287;287;287;287;287;287;287;287;287,0;287,0;NA;NA;NA;NA;NA;NA;NA;NA;NA;NA;NA
2022-07-29;0-60;13;13,0;13;13;13;13;13;13;13;13;13,0;13,0;85;85,0;85;85;85;85;85;85;85;85;85,0;85,0;1,0000000000000000;1,000000000000000;1,000000000000000;1,000000000000000;1,0000000000000000;1,0000000000000000;1,0000000000000000;1,0000000000000000;1,0000000000000000;1,0000000000000000;1,0000000000000000
2022-07-29;60+;28;28,0;28;28;28;28;28;28;28;28;28,0;28,0;228;228,0;228;228;228;228;228;228;228;228;228,0;228,0;1,0000000000000000;1,000000000000000;1,000000000000000;1,000000000000000;1,0000000000000000;1,0000000000000000;1,0000000000000000;1,0000000000000000;1,0000000000000000;1,0000000000000000;1,0000000000000000
2022-07-29;alle;41;41,0;41;41;41;41;41;41;41;41;41,0;41,0;313;313,0;313;313;313;313;313;313;313;313;313,0;313,0;NA;NA;NA;NA;NA;NA;NA;NA;NA;NA;NA
2022-07-28;0-60;18;18,0;18;18;18;18;18;18;18;18;18,0;18,0;88;88,0;88;88;88;88;88;88;88;88;88,0;88,0;1,0000000000000000;1,000000000000000;1,000000000000000;1,000000000000000;1,0000000000000000;1,0000000000000000;1,0000000000000000;1,0000000000000000;1,0000000000000000;1,0000000000000000;1,0000000000000000
2022-07-28;60+;33;33,0;33;33;33;33;33;33;33;33;33,0;33,0;246;246,0;246;246;246;246;246;246;246;246;246,0;246,0;1,0000000000000000;1,000000000000000;1,000000000000000;1,000000000000000;1,0000000000000000;1,0000000000000000;1,0000000000000000;1,0000000000000000;1,0000000000000000;1,0000000000000000;1,0000000000000000
2022-07-28;alle;51;51,0;51;51;51;51;51;51;51;51;51,0;51,0;334;334,0;334;334;334;334;334;334;334;334;334,0;334,0;NA;NA;NA;NA;NA;NA;NA;NA;NA;NA;NA
2022-07-27;0-60;14;14,0;14;14;14;14;14;14;14;14;14,0;14,0;88;88,0;88;88;88;88;88;88;88;88;88,0;88,0;1,0000000000000000;1,000000000000000;1,000000000000000;1,000000000000000;1,0000000000000000;1,0000000000000000;1,0000000000000000;1,0000000000000000;1,0000000000000000;1,0000000000000000;1,0000000000000000
2022-07-27;60+;54;54,0;54;54;54;54;54;54;54;54;54,0;54,0;257;257,0;257;257;257;257;257;257;257;257;257,0;257,0;1,0000000000000000;1,000000000000000;1,000000000000000;1,000000000000000;1,0000000000000000;1,0000000000000000;1,0000000000000000;1,0000000000000000;1,0000000000000000;1,0000000000000000;1,0000000000000000
2022-07-27;alle;68;68,0;68;68;68;68;68;68;68;68;68,0;68,0;345;345,0;345;345;345;345;345;345;345;345;345,0;345,0;NA;NA;NA;NA;NA;NA;NA;NA;NA;NA;NA
2022-07-26;0-60;21;21,0;21;21;21;21;21;21;21;21;21,0;21,0;98;98,0;98;98;98;98;98;98;98;98;98,0;98,0;1,0000000000000000;1,000000000000000;1,000000000000000;1,000000000000000;1,0000000000000000;1,0000000000000000;1,0000000000000000;1,0000000000000000;1,0000000000000000;1,0000000000000000;1,0000000000000000
2022-07-26;60+;45;45,0;45;45;45;45;45;45;45;45;45,0;45,0;275;275,0;275;275;275;275;275;275;275;275;275,0;275,0;1,0000000000000000;1,000000000000000;1,000000000000000;1,000000000000000;1,0000000000000000;1,0000000000000000;1,0000000000000000;1,0000000000000000;1,0000000000000000;1,0000000000000000;1,0000000000000000
2022-07-26;alle;66;66,0;66;66;66;66;66;66;66;66;66,0;66,0;373;373,0;373;373;373;373;373;373;373;373;373,0;373,0;NA;NA;NA;NA;NA;NA;NA;NA;NA;NA;NA
2022-07-25;0-60;5;5,0;5;5;5;5;5;5;5;5;5,0;5,0;102;102,0;102;102;102;102;102;102;102;102;102,0;102,0;1,0000000000000000;1,000000000000000;1,000000000000000;1,000000000000000;1,0000000000000000;1,0000000000000000;1,0000000000000000;1,0000000000000000;1,0000000000000000;1,0000000000000000;1,0000000000000000
2022-07-25;60+;10;10,0;10;10;10;10;10;10;10;10;10,0;10,0;304;304,0;304;304;304;304;304;304;304;304;304,0;304,0;1,0000000000000000;1,000000000000000;1,000000000000000;1,000000000000000;1,0000000000000000;1,0000000000000000;1,0000000000000000;1,0000000000000000;1,0000000000000000;1,0000000000000000;1,0000000000000000
2022-07-25;alle;15;15,0;15;15;15;15;15;15;15;15;15,0;15,0;406;406,0;406;406;406;406;406;406;406;406;406,0;406,0;NA;NA;NA;NA;NA;NA;NA;NA;NA;NA;NA
2022-07-24;0-60;3;3,0;3;3;3;3;3;3;3;3;3,0;3,0;100;100,0;100;100;100;100;100;100;100;100;100,0;100,0;1,0000000000000000;1,000000000000000;1,000000000000000;1,000000000000000;1,0000000000000000;1,0000000000000000;1,0000000000000000;1,0000000000000000;1,0000000000000000;1,0000000000000000;1,0000000000000000
2022-07-24;60+;20;20,0;20;20;20;20;20;20;20;20;20,0;20,0;304;304,0;304;304;304;304;304;304;304;304;304,0;304,0;1,0000000000000000;1,000000000000000;1,000000000000000;1,000000000000000;1,0000000000000000;1,0000000000000000;1,0000000000000000;1,0000000000000000;1,0000000000000000;1,0000000000000000;1,0000000000000000
2022-07-24;alle;23;23,0;23;23;23;23;23;23;23;23;23,0;23,0;404;404,0;404;404;404;404;404;404;404;404;404,0;404,0;NA;NA;NA;NA;NA;NA;NA;NA;NA;NA;NA
2022-07-23;0-60;11;11,0;11;11;11;11;11;11;11;11;11,0;11,0;108;108,0;108;108;108;108;108;108;108;108;108,0;108,0;1,0000000000000000;1,000000000000000;1,000000000000000;1,000000000000000;1,0000000000000000;1,0000000000000000;1,0000000000000000;1,0000000000000000;1,0000000000000000;1,0000000000000000;1,0000000000000000
2022-07-23;60+;38;38,0;38;38;38;38;38;38;38;38;38,0;38,0;298;298,0;298;298;298;298;298;298;298;298;298,0;298,0;1,0000000000000000;1,000000000000000;1,000000000000000;1,000000000000000;1,0000000000000000;1,0000000000000000;1,0000000000000000;1,0000000000000000;1,0000000000000000;1,0000000000000000;1,0000000000000000
2022-07-23;alle;49;49,0;49;49;49;49;49;49;49;49;49,0;49,0;406;406,0;406;406;406;406;406;406;406;406;406,0;406,0;NA;NA;NA;NA;NA;NA;NA;NA;NA;NA;NA
2022-07-22;0-60;16;16,0;16;16;16;16;16;16;16;16;16,0;16,0;115;115,0;115;115;115;115;115;115;115;115;115,0;115,0;1,0000000000000000;1,000000000000000;1,000000000000000;1,000000000000000;1,0000000000000000;1,0000000000000000;1,0000000000000000;1,0000000000000000;1,0000000000000000;1,0000000000000000;1,0000000000000000
2022-07-22;60+;46;46,0;46;46;46;46;46;46;46;46;46,0;46,0;295;295,0;295;295;295;295;295;295;295;295;295,0;295,0;1,0000000000000000;1,000000000000000;1,000000000000000;1,000000000000000;1,0000000000000000;1,0000000000000000;1,0000000000000000;1,0000000000000000;1,0000000000000000;1,0000000000000000;1,0000000000000000
2022-07-22;alle;62;62,0;62;62;62;62;62;62;62;62;62,0;62,0;410;410,0;410;410;410;410;410;410;410;410;410,0;410,0;NA;NA;NA;NA;NA;NA;NA;NA;NA;NA;NA
2022-07-21;0-60;18;18,0;18;18;18;18;18;18;18;18;18,0;18,0;111;111,0;111;111;111;111;111;111;111;111;111,0;111,0;1,0000000000000000;1,000000000000000;1,000000000000000;1,000000000000000;1,0000000000000000;1,0000000000000000;1,0000000000000000;1,0000000000000000;1,0000000000000000;1,0000000000000000;1,0000000000000000
2022-07-21;60+;44;44,0;44;44;44;44;44;44;44;44;44,0;44,0;292;292,0;292;292;292;292;292;292;292;292;292,0;292,0;1,0000000000000000;1,000000000000000;1,000000000000000;1,000000000000000;1,0000000000000000;1,0000000000000000;1,0000000000000000;1,0000000000000000;1,0000000000000000;1,0000000000000000;1,0000000000000000
2022-07-21;alle;62;62,0;62;62;62;62;62;62;62;62;62,0;62,0;403;403,0;403;403;403;403;403;403;403;403;403,0;403,0;NA;NA;NA;NA;NA;NA;NA;NA;NA;NA;NA
2022-07-20;0-60;24;24,0;24;24;24;24;24;24;24;24;24,0;24,0;111;111,0;111;111;111;111;111;111;111;111;111,0;111,0;1,0000000000000000;1,000000000000000;1,000000000000000;1,000000000000000;1,0000000000000000;1,0000000000000000;1,0000000000000000;1,0000000000000000;1,0000000000000000;1,0000000000000000;1,0000000000000000
2022-07-20;60+;72;72,0;72;72;72;72;72;72;72;72;72,0;72,0;292;292,0;292;292;292;292;292;292;292;292;292,0;292,0;1,0000000000000000;1,000000000000000;1,000000000000000;1,000000000000000;1,0000000000000000;1,0000000000000000;1,0000000000000000;1,0000000000000000;1,0000000000000000;1,0000000000000000;1,0000000000000000
2022-07-20;alle;96;96,0;96;96;96;96;96;96;96;96;96,0;96,0;403;403,0;403;403;403;403;403;403;403;403;403,0;403,0;NA;NA;NA;NA;NA;NA;NA;NA;NA;NA;NA
2022-07-19;0-60;25;25,0;25;25;25;25;25;25;25;25;25,0;25,0;95;95,0;95;95;95;95;95;95;95;95;95,0;95,0;1,0000000000000000;1,000000000000000;1,000000000000000;1,000000000000000;1,0000000000000000;1,0000000000000000;1,0000000000000000;1,0000000000000000;1,0000000000000000;1,0000000000000000;1,0000000000000000
2022-07-19;60+;74;74,0;74;74;74;74;74;74;74;74;74,0;74,0;270;270,0;270;270;270;270;270;270;270;270;270,0;270,0;1,0000000000000000;1,000000000000000;1,000000000000000;1,000000000000000;1,0000000000000000;1,0000000000000000;1,0000000000000000;1,0000000000000000;1,0000000000000000;1,0000000000000000;1,0000000000000000
2022-07-19;alle;99;99,0;99;99;99;99;99;99;99;99;99,0;99,0;365;365,0;365;365;365;365;365;365;365;365;365,0;365,0;NA;NA;NA;NA;NA;NA;NA;NA;NA;NA;NA
2022-07-18;0-60;3;3,0;3;3;3;3;3;3;3;3;3,0;3,0;89;89,0;89;89;89;89;89;89;89;89;89,0;89,0;1,0000000000000000;1,000000000000000;1,000000000000000;1,000000000000000;1,0000000000000000;1,0000000000000000;1,0000000000000000;1,0000000000000000;1,0000000000000000;1,0000000000000000;1,0000000000000000
2022-07-18;60+;10;10,0;10;10;10;10;10;10;10;10;10,0;10,0;264;264,0;264;264;264;264;264;264;264;264;264,0;264,0;1,0000000000000000;1,000000000000000;1,000000000000000;1,000000000000000;1,0000000000000000;1,0000000000000000;1,0000000000000000;1,0000000000000000;1,0000000000000000;1,0000000000000000;1,0000000000000000
2022-07-18;alle;13;13,0;13;13;13;13;13;13;13;13;13,0;13,0;353;353,0;353;353;353;353;353;353;353;353;353,0;353,0;NA;NA;NA;NA;NA;NA;NA;NA;NA;NA;NA
2022-07-17;0-60;11;11,0;11;11;11;11;11;11;11;11;11,0;11,0;89;89,0;89;89;89;89;89;89;89;89;89,0;89,0;1,0000000000000000;1,000000000000000;1,000000000000000;1,000000000000000;1,0000000000000000;1,0000000000000000;1,0000000000000000;1,0000000000000000;1,0000000000000000;1,0000000000000000;1,0000000000000000
2022-07-17;60+;14;14,0;14;14;14;14;14;14;14;14;14,0;14,0;270;270,0;270;270;270;270;270;270;270;270;270,0;270,0;1,0000000000000000;1,000000000000000;1,000000000000000;1,000000000000000;1,0000000000000000;1,0000000000000000;1,0000000000000000;1,0000000000000000;1,0000000000000000;1,0000000000000000;1,0000000000000000
2022-07-17;alle;25;25,0;25;25;25;25;25;25;25;25;25,0;25,0;359;359,0;359;359;359;359;359;359;359;359;359,0;359,0;NA;NA;NA;NA;NA;NA;NA;NA;NA;NA;NA
2022-07-16;0-60;18;18,0;18;18;18;18;18;18;18;18;18,0;18,0;89;89,0;89;89;89;89;89;89;89;89;89,0;89,0;1,0000000000000000;1,000000000000000;1,000000000000000;1,000000000000000;1,0000000000000000;1,0000000000000000;1,0000000000000000;1,0000000000000000;1,0000000000000000;1,0000000000000000;1,0000000000000000
2022-07-16;60+;35;35,0;35;35;35;35;35;35;35;35;35,0;35,0;275;275,0;275;275;275;275;275;275;275;275;275,0;275,0;1,0000000000000000;1,000000000000000;1,000000000000000;1,000000000000000;1,0000000000000000;1,0000000000000000;1,0000000000000000;1,0000000000000000;1,0000000000000000;1,0000000000000000;1,0000000000000000
2022-07-16;alle;53;53,0;53;53;53;53;53;53;53;53;53,0;53,0;364;364,0;364;364;364;364;364;364;364;364;364,0;364,0;NA;NA;NA;NA;NA;NA;NA;NA;NA;NA;NA
2022-07-15;0-60;12;12,0;12;12;12;12;12;12;12;12;12,0;12,0;89;89,0;89;89;89;89;89;89;89;89;89,0;89,0;1,0000000000000000;1,000000000000000;1,000000000000000;1,000000000000000;1,0000000000000000;1,0000000000000000;1,0000000000000000;1,0000000000000000;1,0000000000000000;1,0000000000000000;1,0000000000000000
2022-07-15;60+;43;43,0;43;43;43;43;43;43;43;43;43,0;43,0;277;277,0;277;277;277;277;277;277;277;277;277,0;277,0;1,0000000000000000;1,000000000000000;1,000000000000000;1,000000000000000;1,0000000000000000;1,0000000000000000;1,0000000000000000;1,0000000000000000;1,0000000000000000;1,0000000000000000;1,0000000000000000
2022-07-15;alle;55;55,0;55;55;55;55;55;55;55;55;55,0;55,0;366;366,0;366;366;366;366;366;366;366;366;366,0;366,0;NA;NA;NA;NA;NA;NA;NA;NA;NA;NA;NA
2022-07-14;0-60;18;18,0;18;18;18;18;18;18;18;18;18,0;18,0;97;97,0;97;97;97;97;97;97;97;97;97,0;97,0;1,0000000000000000;1,000000000000000;1,000000000000000;1,000000000000000;1,0000000000000000;1,0000000000000000;1,0000000000000000;1,0000000000000000;1,0000000000000000;1,0000000000000000;1,0000000000000000
2022-07-14;60+;44;44,0;44;44;44;44;44;44;44;44;44,0;44,0;266;266,0;266;266;266;266;266;266;266;266;266,0;266,0;1,0000000000000000;1,000000000000000;1,000000000000000;1,000000000000000;1,0000000000000000;1,0000000000000000;1,0000000000000000;1,0000000000000000;1,0000000000000000;1,0000000000000000;1,0000000000000000
2022-07-14;alle;62;62,0;62;62;62;62;62;62;62;62;62,0;62,0;363;363,0;363;363;363;363;363;363;363;363;363,0;363,0;NA;NA;NA;NA;NA;NA;NA;NA;NA;NA;NA
2022-07-13;0-60;8;8,0;8;8;8;8;8;8;8;8;8,0;8,0;99;99,0;99;99;99;99;99;99;99;99;99,0;99,0;1,0000000000000000;1,000000000000000;1,000000000000000;1,000000000000000;1,0000000000000000;1,0000000000000000;1,0000000000000000;1,0000000000000000;1,0000000000000000;1,0000000000000000;1,0000000000000000
2022-07-13;60+;50;50,0;50;50;50;50;50;50;50;50;50,0;50,0;265;265,0;265;265;265;265;265;265;265;265;265,0;265,0;1,0000000000000000;1,000000000000000;1,000000000000000;1,000000000000000;1,0000000000000000;1,0000000000000000;1,0000000000000000;1,0000000000000000;1,0000000000000000;1,0000000000000000;1,0000000000000000
2022-07-13;alle;58;58,0;58;58;58;58;58;58;58;58;58,0;58,0;364;364,0;364;364;364;364;364;364;364;364;364,0;364,0;NA;NA;NA;NA;NA;NA;NA;NA;NA;NA;NA
2022-07-12;0-60;19;19,0;19;19;19;19;19;19;19;19;19,0;19,0;128;128,0;128;128;128;128;128;128;128;128;128,0;128,0;1,0000000000000000;1,000000000000000;1,000000000000000;1,000000000000000;1,0000000000000000;1,0000000000000000;1,0000000000000000;1,0000000000000000;1,0000000000000000;1,0000000000000000;1,0000000000000000
2022-07-12;60+;68;68,0;68;68;68;68;68;68;68;68;68,0;68,0;282;282,0;282;282;282;282;282;282;282;282;282,0;282,0;1,0000000000000000;1,000000000000000;1,000000000000000;1,000000000000000;1,0000000000000000;1,0000000000000000;1,0000000000000000;1,0000000000000000;1,0000000000000000;1,0000000000000000;1,0000000000000000
2022-07-12;alle;87;87,0;87;87;87;87;87;87;87;87;87,0;87,0;410;410,0;410;410;410;410;410;410;410;410;410,0;410,0;NA;NA;NA;NA;NA;NA;NA;NA;NA;NA;NA
2022-07-11;0-60;3;3,0;3;3;3;3;3;3;3;3;3,0;3,0;134;134,0;134;134;134;134;134;134;134;134;134,0;134,0;1,0000000000000000;1,000000000000000;1,000000000000000;1,000000000000000;1,0000000000000000;1,0000000000000000;1,0000000000000000;1,0000000000000000;1,0000000000000000;1,0000000000000000;1,0000000000000000
2022-07-11;60+;16;16,0;16;16;16;16;16;16;16;16;16,0;16,0;311;311,0;311;311;311;311;311;311;311;311;311,0;311,0;1,0000000000000000;1,000000000000000;1,000000000000000;1,000000000000000;1,0000000000000000;1,0000000000000000;1,0000000000000000;1,0000000000000000;1,0000000000000000;1,0000000000000000;1,0000000000000000
2022-07-11;alle;19;19,0;19;19;19;19;19;19;19;19;19,0;19,0;445;445,0;445;445;445;445;445;445;445;445;445,0;445,0;NA;NA;NA;NA;NA;NA;NA;NA;NA;NA;NA
2022-07-10;0-60;11;11,0;11;11;11;11;11;11;11;11;11,0;11,0;136;136,0;136;136;136;136;136;136;136;136;136,0;136,0;1,0000000000000000;1,000000000000000;1,000000000000000;1,000000000000000;1,0000000000000000;1,0000000000000000;1,0000000000000000;1,0000000000000000;1,0000000000000000;1,0000000000000000;1,0000000000000000
2022-07-10;60+;19;19,0;19;19;19;19;19;19;19;19;19,0;19,0;312;312,0;312;312;312;312;312;312;312;312;312,0;312,0;1,0000000000000000;1,000000000000000;1,000000000000000;1,000000000000000;1,0000000000000000;1,0000000000000000;1,0000000000000000;1,0000000000000000;1,0000000000000000;1,0000000000000000;1,0000000000000000
2022-07-10;alle;30;30,0;30;30;30;30;30;30;30;30;30,0;30,0;448;448,0;448;448;448;448;448;448;448;448;448,0;448,0;NA;NA;NA;NA;NA;NA;NA;NA;NA;NA;NA
2022-07-09;0-60;18;18,0;18;18;18;18;18;18;18;18;18,0;18,0;127;127,0;127;127;127;127;127;127;127;127;127,0;127,0;1,0000000000000000;1,000000000000000;1,000000000000000;1,000000000000000;1,0000000000000000;1,0000000000000000;1,0000000000000000;1,0000000000000000;1,0000000000000000;1,0000000000000000;1,0000000000000000
2022-07-09;60+;37;37,0;37;37;37;37;37;37;37;37;37,0;37,0;302;302,0;302;302;302;302;302;302;302;302;302,0;302,0;1,0000000000000000;1,000000000000000;1,000000000000000;1,000000000000000;1,0000000000000000;1,0000000000000000;1,0000000000000000;1,0000000000000000;1,0000000000000000;1,0000000000000000;1,0000000000000000
2022-07-09;alle;55;55,0;55;55;55;55;55;55;55;55;55,0;55,0;429;429,0;429;429;429;429;429;429;429;429;429,0;429,0;NA;NA;NA;NA;NA;NA;NA;NA;NA;NA;NA
2022-07-08;0-60;20;20,0;20;20;20;20;20;20;20;20;20,0;20,0;134;134,0;134;134;134;134;134;134;134;134;134,0;134,0;1,0000000000000000;1,000000000000000;1,000000000000000;1,000000000000000;1,0000000000000000;1,0000000000000000;1,0000000000000000;1,0000000000000000;1,0000000000000000;1,0000000000000000;1,0000000000000000
2022-07-08;60+;32;32,0;32;32;32;32;32;32;32;32;32,0;32,0;305;305,0;305;305;305;305;305;305;305;305;305,0;305,0;1,0000000000000000;1,000000000000000;1,000000000000000;1,000000000000000;1,0000000000000000;1,0000000000000000;1,0000000000000000;1,0000000000000000;1,0000000000000000;1,0000000000000000;1,0000000000000000
2022-07-08;alle;52;52,0;52;52;52;52;52;52;52;52;52,0;52,0;439;439,0;439;439;439;439;439;439;439;439;439,0;439,0;NA;NA;NA;NA;NA;NA;NA;NA;NA;NA;NA
2022-07-07;0-60;20;20,0;20;20;20;20;20;20;20;20;20,0;20,0;131;131,0;131;131;131;131;131;131;131;131;131,0;131,0;1,0000000000000000;1,000000000000000;1,000000000000000;1,000000000000000;1,0000000000000000;1,0000000000000000;1,0000000000000000;1,0000000000000000;1,0000000000000000;1,0000000000000000;1,0000000000000000
2022-07-07;60+;43;43,0;43;43;43;43;43;43;43;43;43,0;43,0;314;314,0;314;314;314;314;314;314;314;314;314,0;314,0;1,0000000000000000;1,000000000000000;1,000000000000000;1,000000000000000;1,0000000000000000;1,0000000000000000;1,0000000000000000;1,0000000000000000;1,0000000000000000;1,0000000000000000;1,0000000000000000
2022-07-07;alle;63;63,0;63;63;63;63;63;63;63;63;63,0;63,0;445;445,0;445;445;445;445;445;445;445;445;445,0;445,0;NA;NA;NA;NA;NA;NA;NA;NA;NA;NA;NA
2022-07-06;0-60;37;37,0;37;37;37;37;37;37;37;37;37,0;37,0;129;129,0;129;129;129;129;129;129;129;129;129,0;129,0;1,0000000000000000;1,000000000000000;1,000000000000000;1,000000000000000;1,0000000000000000;1,0000000000000000;1,0000000000000000;1,0000000000000000;1,0000000000000000;1,0000000000000000;1,0000000000000000
2022-07-06;60+;67;67,0;67;67;67;67;67;67;67;67;67,0;67,0;306;306,0;306;306;306;306;306;306;306;306;306,0;306,0;1,0000000000000000;1,000000000000000;1,000000000000000;1,000000000000000;1,0000000000000000;1,0000000000000000;1,0000000000000000;1,0000000000000000;1,0000000000000000;1,0000000000000000;1,0000000000000000
2022-07-06;alle;104;104,0;104;104;104;104;104;104;104;104;104,0;104,0;435;435,0;435;435;435;435;435;435;435;435;435,0;435,0;NA;NA;NA;NA;NA;NA;NA;NA;NA;NA;NA
2022-07-05;0-60;25;25,0;25;25;25;25;25;25;25;25;25,0;25,0;119;119,0;119;119;119;119;119;119;119;119;119,0;119,0;1,0000000000000000;1,000000000000000;1,000000000000000;1,000000000000000;1,0000000000000000;1,0000000000000000;1,0000000000000000;1,0000000000000000;1,0000000000000000;1,0000000000000000;1,0000000000000000
2022-07-05;60+;97;97,0;97;97;97;97;97;97;97;97;97,0;97,0;294;294,0;294;294;294;294;294;294;294;294;294,0;294,0;1,0000000000000000;1,000000000000000;1,000000000000000;1,000000000000000;1,0000000000000000;1,0000000000000000;1,0000000000000000;1,0000000000000000;1,0000000000000000;1,0000000000000000;1,0000000000000000
2022-07-05;alle;122;122,0;122;122;122;122;122;122;122;122;122,0;122,0;413;413,0;413;413;413;413;413;413;413;413;413,0;413,0;NA;NA;NA;NA;NA;NA;NA;NA;NA;NA;NA
2022-07-04;0-60;5;5,0;5;5;5;5;5;5;5;5;5,0;5,0;125;125,0;125;125;125;125;125;125;125;125;125,0;125,0;1,0000000000000000;1,000000000000000;1,000000000000000;1,000000000000000;1,0000000000000000;1,0000000000000000;1,0000000000000000;1,0000000000000000;1,0000000000000000;1,0000000000000000;1,0000000000000000
2022-07-04;60+;17;17,0;17;17;17;17;17;17;17;17;17,0;17,0;247;247,0;247;247;247;247;247;247;247;247;247,0;247,0;1,0000000000000000;1,000000000000000;1,000000000000000;1,000000000000000;1,0000000000000000;1,0000000000000000;1,0000000000000000;1,0000000000000000;1,0000000000000000;1,0000000000000000;1,0000000000000000
2022-07-04;alle;22;22,0;22;22;22;22;22;22;22;22;22,0;22,0;372;372,0;372;372;372;372;372;372;372;372;372,0;372,0;NA;NA;NA;NA;NA;NA;NA;NA;NA;NA;NA
2022-07-03;0-60;2;2,0;2;2;2;2;2;2;2;2;2,0;2,0;126;126,0;126;126;126;126;126;126;126;126;126,0;126,0;1,0000000000000000;1,000000000000000;1,000000000000000;1,000000000000000;1,0000000000000000;1,0000000000000000;1,0000000000000000;1,0000000000000000;1,0000000000000000;1,0000000000000000;1,0000000000000000
2022-07-03;60+;9;9,0;9;9;9;9;9;9;9;9;9,0;9,0;249;249,0;249;249;249;249;249;249;249;249;249,0;249,0;1,0000000000000000;1,000000000000000;1,000000000000000;1,000000000000000;1,0000000000000000;1,0000000000000000;1,0000000000000000;1,0000000000000000;1,0000000000000000;1,0000000000000000;1,0000000000000000
2022-07-03;alle;11;11,0;11;11;11;11;11;11;11;11;11,0;11,0;375;375,0;375;375;375;375;375;375;375;375;375,0;375,0;NA;NA;NA;NA;NA;NA;NA;NA;NA;NA;NA
2022-07-02;0-60;25;25,0;25;25;25;25;25;25;25;25;25,0;25,0;128;128,0;128;128;128;128;128;128;128;128;128,0;128,0;1,0000000000000000;1,000000000000000;1,000000000000000;1,000000000000000;1,0000000000000000;1,0000000000000000;1,0000000000000000;1,0000000000000000;1,0000000000000000;1,0000000000000000;1,0000000000000000
2022-07-02;60+;40;40,0;40;40;40;40;40;40;40;40;40,0;40,0;256;256,0;256;256;256;256;256;256;256;256;256,0;256,0;1,0000000000000000;1,000000000000000;1,000000000000000;1,000000000000000;1,0000000000000000;1,0000000000000000;1,0000000000000000;1,0000000000000000;1,0000000000000000;1,0000000000000000;1,0000000000000000
2022-07-02;alle;65;65,0;65;65;65;65;65;65;65;65;65,0;65,0;384;384,0;384;384;384;384;384;384;384;384;384,0;384,0;NA;NA;NA;NA;NA;NA;NA;NA;NA;NA;NA
2022-07-01;0-60;17;17,0;17;17;17;17;17;17;17;17;17,0;17,0;127;127,0;127;127;127;127;127;127;127;127;127,0;127,0;1,0000000000000000;1,000000000000000;1,000000000000000;1,000000000000000;1,0000000000000000;1,0000000000000000;1,0000000000000000;1,0000000000000000;1,0000000000000000;1,0000000000000000;1,0000000000000000
2022-07-01;60+;41;41,0;41;41;41;41;41;41;41;41;41,0;41,0;237;237,0;237;237;237;237;237;237;237;237;237,0;237,0;1,0000000000000000;1,000000000000000;1,000000000000000;1,000000000000000;1,0000000000000000;1,0000000000000000;1,0000000000000000;1,0000000000000000;1,0000000000000000;1,0000000000000000;1,0000000000000000
2022-07-01;alle;58;58,0;58;58;58;58;58;58;58;58;58,0;58,0;364;364,0;364;364;364;364;364;364;364;364;364,0;364,0;NA;NA;NA;NA;NA;NA;NA;NA;NA;NA;NA
2022-06-30;0-60;18;18,0;18;18;18;18;18;18;18;18;18,0;18,0;132;132,0;132;132;132;132;132;132;132;132;132,0;132,0;1,0000000000000000;1,000000000000000;1,000000000000000;1,000000000000000;1,0000000000000000;1,0000000000000000;1,0000000000000000;1,0000000000000000;1,0000000000000000;1,0000000000000000;1,0000000000000000
2022-06-30;60+;35;35,0;35;35;35;35;35;35;35;35;35,0;35,0;234;234,0;234;234;234;234;234;234;234;234;234,0;234,0;1,0000000000000000;1,000000000000000;1,000000000000000;1,000000000000000;1,0000000000000000;1,0000000000000000;1,0000000000000000;1,0000000000000000;1,0000000000000000;1,0000000000000000;1,0000000000000000
2022-06-30;alle;53;53,0;53;53;53;53;53;53;53;53;53,0;53,0;366;366,0;366;366;366;366;366;366;366;366;366,0;366,0;NA;NA;NA;NA;NA;NA;NA;NA;NA;NA;NA
2022-06-29;0-60;27;27,0;27;27;27;27;27;27;27;27;27,0;27,0;137;137,0;137;137;137;137;137;137;137;137;137,0;137,0;1,0000000000000000;1,000000000000000;1,000000000000000;1,000000000000000;1,0000000000000000;1,0000000000000000;1,0000000000000000;1,0000000000000000;1,0000000000000000;1,0000000000000000;1,0000000000000000
2022-06-29;60+;55;55,0;55;55;55;55;55;55;55;55;55,0;55,0;241;241,0;241;241;241;241;241;241;241;241;241,0;241,0;1,0000000000000000;1,000000000000000;1,000000000000000;1,000000000000000;1,0000000000000000;1,0000000000000000;1,0000000000000000;1,0000000000000000;1,0000000000000000;1,0000000000000000;1,0000000000000000
2022-06-29;alle;82;82,0;82;82;82;82;82;82;82;82;82,0;82,0;378;378,0;378;378;378;378;378;378;378;378;378,0;378,0;NA;NA;NA;NA;NA;NA;NA;NA;NA;NA;NA
2022-06-28;0-60;31;31,0;31;31;31;31;31;31;31;31;31,0;31,0;128;128,0;128;128;128;128;128;128;128;128;128,0;128,0;1,0000000000000000;1,000000000000000;1,000000000000000;1,000000000000000;1,0000000000000000;1,0000000000000000;1,0000000000000000;1,0000000000000000;1,0000000000000000;1,0000000000000000;1,0000000000000000
2022-06-28;60+;50;50,0;50;50;50;50;50;50;50;50;50,0;50,0;224;224,0;224;224;224;224;224;224;224;224;224,0;224,0;1,0000000000000000;1,000000000000000;1,000000000000000;1,000000000000000;1,0000000000000000;1,0000000000000000;1,0000000000000000;1,0000000000000000;1,0000000000000000;1,0000000000000000;1,0000000000000000
2022-06-28;alle;81;81,0;81;81;81;81;81;81;81;81;81,0;81,0;352;352,0;352;352;352;352;352;352;352;352;352,0;352,0;NA;NA;NA;NA;NA;NA;NA;NA;NA;NA;NA
2022-06-27;0-60;6;6,0;6;6;6;6;6;6;6;6;6,0;6,0;118;118,0;118;118;118;118;118;118;118;118;118,0;118,0;1,0000000000000000;1,000000000000000;1,000000000000000;1,000000000000000;1,0000000000000000;1,0000000000000000;1,0000000000000000;1,0000000000000000;1,0000000000000000;1,0000000000000000;1,0000000000000000
2022-06-27;60+;19;19,0;19;19;19;19;19;19;19;19;19,0;19,0;214;214,0;214;214;214;214;214;214;214;214;214,0;214,0;1,0000000000000000;1,000000000000000;1,000000000000000;1,000000000000000;1,0000000000000000;1,0000000000000000;1,0000000000000000;1,0000000000000000;1,0000000000000000;1,0000000000000000;1,0000000000000000
2022-06-27;alle;25;25,0;25;25;25;25;25;25;25;25;25,0;25,0;332;332,0;332;332;332;332;332;332;332;332;332,0;332,0;NA;NA;NA;NA;NA;NA;NA;NA;NA;NA;NA
2022-06-26;0-60;4;4,0;4;4;4;4;4;4;4;4;4,0;4,0;117;117,0;117;117;117;117;117;117;117;117;117,0;117,0;1,0000000000000000;1,000000000000000;1,000000000000000;1,000000000000000;1,0000000000000000;1,0000000000000000;1,0000000000000000;1,0000000000000000;1,0000000000000000;1,0000000000000000;1,0000000000000000
2022-06-26;60+;16;16,0;16;16;16;16;16;16;16;16;16,0;16,0;204;204,0;204;204;204;204;204;204;204;204;204,0;204,0;1,0000000000000000;1,000000000000000;1,000000000000000;1,000000000000000;1,0000000000000000;1,0000000000000000;1,0000000000000000;1,0000000000000000;1,0000000000000000;1,0000000000000000;1,0000000000000000
2022-06-26;alle;20;20,0;20;20;20;20;20;20;20;20;20,0;20,0;321;321,0;321;321;321;321;321;321;321;321;321,0;321,0;NA;NA;NA;NA;NA;NA;NA;NA;NA;NA;NA
2022-06-25;0-60;24;24,0;24;24;24;24;24;24;24;24;24,0;24,0;115;115,0;115;115;115;115;115;115;115;115;115,0;115,0;1,0000000000000000;1,000000000000000;1,000000000000000;1,000000000000000;1,0000000000000000;1,0000000000000000;1,0000000000000000;1,0000000000000000;1,0000000000000000;1,0000000000000000;1,0000000000000000
2022-06-25;60+;21;21,0;21;21;21;21;21;21;21;21;21,0;21,0;203;203,0;203;203;203;203;203;203;203;203;203,0;203,0;1,0000000000000000;1,000000000000000;1,000000000000000;1,000000000000000;1,0000000000000000;1,0000000000000000;1,0000000000000000;1,0000000000000000;1,0000000000000000;1,0000000000000000;1,0000000000000000
2022-06-25;alle;45;45,0;45;45;45;45;45;45;45;45;45,0;45,0;318;318,0;318;318;318;318;318;318;318;318;318,0;318,0;NA;NA;NA;NA;NA;NA;NA;NA;NA;NA;NA
2022-06-24;0-60;22;22,0;22;22;22;22;22;22;22;22;22,0;22,0;105;105,0;105;105;105;105;105;105;105;105;105,0;105,0;1,0000000000000000;1,000000000000000;1,000000000000000;1,000000000000000;1,0000000000000000;1,0000000000000000;1,0000000000000000;1,0000000000000000;1,0000000000000000;1,0000000000000000;1,0000000000000000
2022-06-24;60+;38;38,0;38;38;38;38;38;38;38;38;38,0;38,0;206;206,0;206;206;206;206;206;206;206;206;206,0;206,0;1,0000000000000000;1,000000000000000;1,000000000000000;1,000000000000000;1,0000000000000000;1,0000000000000000;1,0000000000000000;1,0000000000000000;1,0000000000000000;1,0000000000000000;1,0000000000000000
2022-06-24;alle;60;60,0;60;60;60;60;60;60;60;60;60,0;60,0;311;311,0;311;311;311;311;311;311;311;311;311,0;311,0;NA;NA;NA;NA;NA;NA;NA;NA;NA;NA;NA
2022-06-23;0-60;23;23,0;23;23;23;23;23;23;23;23;23,0;23,0;94;94,0;94;94;94;94;94;94;94;94;94,0;94,0;1,0000000000000000;1,000000000000000;1,000000000000000;1,000000000000000;1,0000000000000000;1,0000000000000000;1,0000000000000000;1,0000000000000000;1,0000000000000000;1,0000000000000000;1,0000000000000000
2022-06-23;60+;42;42,0;42;42;42;42;42;42;42;42;42,0;42,0;191;191,0;191;191;191;191;191;191;191;191;191,0;191,0;1,0000000000000000;1,000000000000000;1,000000000000000;1,000000000000000;1,0000000000000000;1,0000000000000000;1,0000000000000000;1,0000000000000000;1,0000000000000000;1,0000000000000000;1,0000000000000000
2022-06-23;alle;65;65,0;65;65;65;65;65;65;65;65;65,0;65,0;285;285,0;285;285;285;285;285;285;285;285;285,0;285,0;NA;NA;NA;NA;NA;NA;NA;NA;NA;NA;NA
2022-06-22;0-60;18;18,0;18;18;18;18;18;18;18;18;18,0;18,0;82;82,0;82;82;82;82;82;82;82;82;82,0;82,0;1,0000000000000000;1,000000000000000;1,000000000000000;1,000000000000000;1,0000000000000000;1,0000000000000000;1,0000000000000000;1,0000000000000000;1,0000000000000000;1,0000000000000000;1,0000000000000000
2022-06-22;60+;38;38,0;38;38;38;38;38;38;38;38;38,0;38,0;168;168,0;168;168;168;168;168;168;168;168;168,0;168,0;1,0000000000000000;1,000000000000000;1,000000000000000;1,000000000000000;1,0000000000000000;1,0000000000000000;1,0000000000000000;1,0000000000000000;1,0000000000000000;1,0000000000000000;1,0000000000000000
2022-06-22;alle;56;56,0;56;56;56;56;56;56;56;56;56,0;56,0;250;250,0;250;250;250;250;250;250;250;250;250,0;250,0;NA;NA;NA;NA;NA;NA;NA;NA;NA;NA;NA
2022-06-21;0-60;21;21,0;21;21;21;21;21;21;21;21;21,0;21,0;85;85,0;85;85;85;85;85;85;85;85;85,0;85,0;1,0000000000000000;1,000000000000000;1,000000000000000;1,000000000000000;1,0000000000000000;1,0000000000000000;1,0000000000000000;1,0000000000000000;1,0000000000000000;1,0000000000000000;1,0000000000000000
2022-06-21;60+;40;40,0;40;40;40;40;40;40;40;40;40,0;40,0;172;172,0;172;172;172;172;172;172;172;172;172,0;172,0;1,0000000000000000;1,000000000000000;1,000000000000000;1,000000000000000;1,0000000000000000;1,0000000000000000;1,0000000000000000;1,0000000000000000;1,0000000000000000;1,0000000000000000;1,0000000000000000
2022-06-21;alle;61;61,0;61;61;61;61;61;61;61;61;61,0;61,0;257;257,0;257;257;257;257;257;257;257;257;257,0;257,0;NA;NA;NA;NA;NA;NA;NA;NA;NA;NA;NA
2022-06-20;0-60;5;5,0;5;5;5;5;5;5;5;5;5,0;5,0;79;79,0;79;79;79;79;79;79;79;79;79,0;79,0;1,0000000000000000;1,000000000000000;1,000000000000000;1,000000000000000;1,0000000000000000;1,0000000000000000;1,0000000000000000;1,0000000000000000;1,0000000000000000;1,0000000000000000;1,0000000000000000
2022-06-20;60+;9;9,0;9;9;9;9;9;9;9;9;9,0;9,0;155;155,0;155;155;155;155;155;155;155;155;155,0;155,0;1,0000000000000000;1,000000000000000;1,000000000000000;1,000000000000000;1,0000000000000000;1,0000000000000000;1,0000000000000000;1,0000000000000000;1,0000000000000000;1,0000000000000000;1,0000000000000000
2022-06-20;alle;14;14,0;14;14;14;14;14;14;14;14;14,0;14,0;234;234,0;234;234;234;234;234;234;234;234;234,0;234,0;NA;NA;NA;NA;NA;NA;NA;NA;NA;NA;NA
2022-06-19;0-60;2;2,0;2;2;2;2;2;2;2;2;2,0;2,0;75;75,0;75;75;75;75;75;75;75;75;75,0;75,0;1,0000000000000000;1,000000000000000;1,000000000000000;1,000000000000000;1,0000000000000000;1,0000000000000000;1,0000000000000000;1,0000000000000000;1,0000000000000000;1,0000000000000000;1,0000000000000000
2022-06-19;60+;15;15,0;15;15;15;15;15;15;15;15;15,0;15,0;152;152,0;152;152;152;152;152;152;152;152;152,0;152,0;1,0000000000000000;1,000000000000000;1,000000000000000;1,000000000000000;1,0000000000000000;1,0000000000000000;1,0000000000000000;1,0000000000000000;1,0000000000000000;1,0000000000000000;1,0000000000000000
2022-06-19;alle;17;17,0;17;17;17;17;17;17;17;17;17,0;17,0;227;227,0;227;227;227;227;227;227;227;227;227,0;227,0;NA;NA;NA;NA;NA;NA;NA;NA;NA;NA;NA
2022-06-18;0-60;14;14,0;14;14;14;14;14;14;14;14;14,0;14,0;76;76,0;76;76;76;76;76;76;76;76;76,0;76,0;1,0000000000000000;1,000000000000000;1,000000000000000;1,000000000000000;1,0000000000000000;1,0000000000000000;1,0000000000000000;1,0000000000000000;1,0000000000000000;1,0000000000000000;1,0000000000000000
2022-06-18;60+;24;24,0;24;24;24;24;24;24;24;24;24,0;24,0;151;151,0;151;151;151;151;151;151;151;151;151,0;151,0;1,0000000000000000;1,000000000000000;1,000000000000000;1,000000000000000;1,0000000000000000;1,0000000000000000;1,0000000000000000;1,0000000000000000;1,0000000000000000;1,0000000000000000;1,0000000000000000
2022-06-18;alle;38;38,0;38;38;38;38;38;38;38;38;38,0;38,0;227;227,0;227;227;227;227;227;227;227;227;227,0;227,0;NA;NA;NA;NA;NA;NA;NA;NA;NA;NA;NA
2022-06-17;0-60;11;11,0;11;11;11;11;11;11;11;11;11,0;11,0;74;74,0;74;74;74;74;74;74;74;74;74,0;74,0;1,0000000000000000;1,000000000000000;1,000000000000000;1,000000000000000;1,0000000000000000;1,0000000000000000;1,0000000000000000;1,0000000000000000;1,0000000000000000;1,0000000000000000;1,0000000000000000
2022-06-17;60+;23;23,0;23;23;23;23;23;23;23;23;23,0;23,0;140;140,0;140;140;140;140;140;140;140;140;140,0;140,0;1,0000000000000000;1,000000000000000;1,000000000000000;1,000000000000000;1,0000000000000000;1,0000000000000000;1,0000000000000000;1,0000000000000000;1,0000000000000000;1,0000000000000000;1,0000000000000000
2022-06-17;alle;34;34,0;34;34;34;34;34;34;34;34;34,0;34,0;214;214,0;214;214;214;214;214;214;214;214;214,0;214,0;NA;NA;NA;NA;NA;NA;NA;NA;NA;NA;NA
2022-06-16;0-60;11;11,0;11;11;11;11;11;11;11;11;11,0;11,0;78;78,0;78;78;78;78;78;78;78;78;78,0;78,0;1,0000000000000000;1,000000000000000;1,000000000000000;1,000000000000000;1,0000000000000000;1,0000000000000000;1,0000000000000000;1,0000000000000000;1,0000000000000000;1,0000000000000000;1,0000000000000000
2022-06-16;60+;19;19,0;19;19;19;19;19;19;19;19;19,0;19,0;132;132,0;132;132;132;132;132;132;132;132;132,0;132,0;1,0000000000000000;1,000000000000000;1,000000000000000;1,000000000000000;1,0000000000000000;1,0000000000000000;1,0000000000000000;1,0000000000000000;1,0000000000000000;1,0000000000000000;1,0000000000000000
2022-06-16;alle;30;30,0;30;30;30;30;30;30;30;30;30,0;30,0;210;210,0;210;210;210;210;210;210;210;210;210,0;210,0;NA;NA;NA;NA;NA;NA;NA;NA;NA;NA;NA
2022-06-15;0-60;21;21,0;21;21;21;21;21;21;21;21;21,0;21,0;82;82,0;82;82;82;82;82;82;82;82;82,0;82,0;1,0000000000000000;1,000000000000000;1,000000000000000;1,000000000000000;1,0000000000000000;1,0000000000000000;1,0000000000000000;1,0000000000000000;1,0000000000000000;1,0000000000000000;1,0000000000000000
2022-06-15;60+;42;42,0;42;42;42;42;42;42;42;42;42,0;42,0;132;132,0;132;132;132;132;132;132;132;132;132,0;132,0;1,0000000000000000;1,000000000000000;1,000000000000000;1,000000000000000;1,0000000000000000;1,0000000000000000;1,0000000000000000;1,0000000000000000;1,0000000000000000;1,0000000000000000;1,0000000000000000
2022-06-15;alle;63;63,0;63;63;63;63;63;63;63;63;63,0;63,0;214;214,0;214;214;214;214;214;214;214;214;214,0;214,0;NA;NA;NA;NA;NA;NA;NA;NA;NA;NA;NA
2022-06-14;0-60;15;15,0;15;15;15;15;15;15;15;15;15,0;15,0;74;74,0;74;74;74;74;74;74;74;74;74,0;74,0;1,0000000000000000;1,000000000000000;1,000000000000000;1,000000000000000;1,0000000000000000;1,0000000000000000;1,0000000000000000;1,0000000000000000;1,0000000000000000;1,0000000000000000;1,0000000000000000
2022-06-14;60+;23;23,0;23;23;23;23;23;23;23;23;23,0;23,0;117;117,0;117;117;117;117;117;117;117;117;117,0;117,0;1,0000000000000000;1,000000000000000;1,000000000000000;1,000000000000000;1,0000000000000000;1,0000000000000000;1,0000000000000000;1,0000000000000000;1,0000000000000000;1,0000000000000000;1,0000000000000000
2022-06-14;alle;38;38,0;38;38;38;38;38;38;38;38;38,0;38,0;191;191,0;191;191;191;191;191;191;191;191;191,0;191,0;NA;NA;NA;NA;NA;NA;NA;NA;NA;NA;NA
2022-06-13;0-60;1;1,0;1;1;1;1;1;1;1;1;1,0;1,0;61;61,0;61;61;61;61;61;61;61;61;61,0;61,0;1,0000000000000000;1,000000000000000;1,000000000000000;1,000000000000000;1,0000000000000000;1,0000000000000000;1,0000000000000000;1,0000000000000000;1,0000000000000000;1,0000000000000000;1,0000000000000000
2022-06-13;60+;6;6,0;6;6;6;6;6;6;6;6;6,0;6,0;101;101,0;101;101;101;101;101;101;101;101;101,0;101,0;1,0000000000000000;1,000000000000000;1,000000000000000;1,000000000000000;1,0000000000000000;1,0000000000000000;1,0000000000000000;1,0000000000000000;1,0000000000000000;1,0000000000000000;1,0000000000000000
2022-06-13;alle;7;7,0;7;7;7;7;7;7;7;7;7,0;7,0;162;162,0;162;162;162;162;162;162;162;162;162,0;162,0;NA;NA;NA;NA;NA;NA;NA;NA;NA;NA;NA
2022-06-12;0-60;3;3,0;3;3;3;3;3;3;3;3;3,0;3,0;62;62,0;62;62;62;62;62;62;62;62;62,0;62,0;1,0000000000000000;1,000000000000000;1,000000000000000;1,000000000000000;1,0000000000000000;1,0000000000000000;1,0000000000000000;1,0000000000000000;1,0000000000000000;1,0000000000000000;1,0000000000000000
2022-06-12;60+;14;14,0;14;14;14;14;14;14;14;14;14,0;14,0;102;102,0;102;102;102;102;102;102;102;102;102,0;102,0;1,0000000000000000;1,000000000000000;1,000000000000000;1,000000000000000;1,0000000000000000;1,0000000000000000;1,0000000000000000;1,0000000000000000;1,0000000000000000;1,0000000000000000;1,0000000000000000
2022-06-12;alle;17;17,0;17;17;17;17;17;17;17;17;17,0;17,0;164;164,0;164;164;164;164;164;164;164;164;164,0;164,0;NA;NA;NA;NA;NA;NA;NA;NA;NA;NA;NA
2022-06-11;0-60;12;12,0;12;12;12;12;12;12;12;12;12,0;12,0;63;63,0;63;63;63;63;63;63;63;63;63,0;63,0;1,0000000000000000;1,000000000000000;1,000000000000000;1,000000000000000;1,0000000000000000;1,0000000000000000;1,0000000000000000;1,0000000000000000;1,0000000000000000;1,0000000000000000;1,0000000000000000
2022-06-11;60+;13;13,0;13;13;13;13;13;13;13;13;13,0;13,0;96;96,0;96;96;96;96;96;96;96;96;96,0;96,0;1,0000000000000000;1,000000000000000;1,000000000000000;1,000000000000000;1,0000000000000000;1,0000000000000000;1,0000000000000000;1,0000000000000000;1,0000000000000000;1,0000000000000000;1,0000000000000000
2022-06-11;alle;25;25,0;25;25;25;25;25;25;25;25;25,0;25,0;159;159,0;159;159;159;159;159;159;159;159;159,0;159,0;NA;NA;NA;NA;NA;NA;NA;NA;NA;NA;NA
2022-06-10;0-60;15;15,0;15;15;15;15;15;15;15;15;15,0;15,0;62;62,0;62;62;62;62;62;62;62;62;62,0;62,0;1,0000000000000000;1,000000000000000;1,000000000000000;1,000000000000000;1,0000000000000000;1,0000000000000000;1,0000000000000000;1,0000000000000000;1,0000000000000000;1,0000000000000000;1,0000000000000000
2022-06-10;60+;15;15,0;15;15;15;15;15;15;15;15;15,0;15,0;91;91,0;91;91;91;91;91;91;91;91;91,0;91,0;1,0000000000000000;1,000000000000000;1,000000000000000;1,000000000000000;1,0000000000000000;1,0000000000000000;1,0000000000000000;1,0000000000000000;1,0000000000000000;1,0000000000000000;1,0000000000000000
2022-06-10;alle;30;30,0;30;30;30;30;30;30;30;30;30,0;30,0;153;153,0;153;153;153;153;153;153;153;153;153,0;153,0;NA;NA;NA;NA;NA;NA;NA;NA;NA;NA;NA
2022-06-09;0-60;15;15,0;15;15;15;15;15;15;15;15;15,0;15,0;63;63,0;63;63;63;63;63;63;63;63;63,0;63,0;1,0000000000000000;1,000000000000000;1,000000000000000;1,000000000000000;1,0000000000000000;1,0000000000000000;1,0000000000000000;1,0000000000000000;1,0000000000000000;1,0000000000000000;1,0000000000000000
2022-06-09;60+;19;19,0;19;19;19;19;19;19;19;19;19,0;19,0;88;88,0;88;88;88;88;88;88;88;88;88,0;88,0;1,0000000000000000;1,000000000000000;1,000000000000000;1,000000000000000;1,0000000000000000;1,0000000000000000;1,0000000000000000;1,0000000000000000;1,0000000000000000;1,0000000000000000;1,0000000000000000
2022-06-09;alle;34;34,0;34;34;34;34;34;34;34;34;34,0;34,0;151;151,0;151;151;151;151;151;151;151;151;151,0;151,0;NA;NA;NA;NA;NA;NA;NA;NA;NA;NA;NA
2022-06-08;0-60;13;13,0;13;13;13;13;13;13;13;13;13,0;13,0;57;57,0;57;57;57;57;57;57;57;57;57,0;57,0;1,0000000000000000;1,000000000000000;1,000000000000000;1,000000000000000;1,0000000000000000;1,0000000000000000;1,0000000000000000;1,0000000000000000;1,0000000000000000;1,0000000000000000;1,0000000000000000
2022-06-08;60+;27;27,0;27;27;27;27;27;27;27;27;27,0;27,0;82;82,0;82;82;82;82;82;82;82;82;82,0;82,0;1,0000000000000000;1,000000000000000;1,000000000000000;1,000000000000000;1,0000000000000000;1,0000000000000000;1,0000000000000000;1,0000000000000000;1,0000000000000000;1,0000000000000000;1,0000000000000000
2022-06-08;alle;40;40,0;40;40;40;40;40;40;40;40;40,0;40,0;139;139,0;139;139;139;139;139;139;139;139;139,0;139,0;NA;NA;NA;NA;NA;NA;NA;NA;NA;NA;NA
2022-06-07;0-60;2;2,0;2;2;2;2;2;2;2;2;2,0;2,0;52;52,0;52;52;52;52;52;52;52;52;52,0;52,0;1,0000000000000000;1,000000000000000;1,000000000000000;1,000000000000000;1,0000000000000000;1,0000000000000000;1,0000000000000000;1,0000000000000000;1,0000000000000000;1,0000000000000000;1,0000000000000000
2022-06-07;60+;7;7,0;7;7;7;7;7;7;7;7;7,0;7,0;77;77,0;77;77;77;77;77;77;77;77;77,0;77,0;1,0000000000000000;1,000000000000000;1,000000000000000;1,000000000000000;1,0000000000000000;1,0000000000000000;1,0000000000000000;1,0000000000000000;1,0000000000000000;1,0000000000000000;1,0000000000000000
2022-06-07;alle;9;9,0;9;9;9;9;9;9;9;9;9,0;9,0;129;129,0;129;129;129;129;129;129;129;129;129,0;129,0;NA;NA;NA;NA;NA;NA;NA;NA;NA;NA;NA
2022-06-06;0-60;2;2,0;2;2;2;2;2;2;2;2;2,0;2,0;57;57,0;57;57;57;57;57;57;57;57;57,0;57,0;1,0000000000000000;1,000000000000000;1,000000000000000;1,000000000000000;1,0000000000000000;1,0000000000000000;1,0000000000000000;1,0000000000000000;1,0000000000000000;1,0000000000000000;1,0000000000000000
2022-06-06;60+;7;7,0;7;7;7;7;7;7;7;7;7,0;7,0;87;87,0;87;87;87;87;87;87;87;87;87,0;87,0;1,0000000000000000;1,000000000000000;1,000000000000000;1,000000000000000;1,0000000000000000;1,0000000000000000;1,0000000000000000;1,0000000000000000;1,0000000000000000;1,0000000000000000;1,0000000000000000
2022-06-06;alle;9;9,0;9;9;9;9;9;9;9;9;9,0;9,0;144;144,0;144;144;144;144;144;144;144;144;144,0;144,0;NA;NA;NA;NA;NA;NA;NA;NA;NA;NA;NA
2022-06-05;0-60;4;4,0;4;4;4;4;4;4;4;4;4,0;4,0;55;55,0;55;55;55;55;55;55;55;55;55,0;55,0;1,0000000000000000;1,000000000000000;1,000000000000000;1,000000000000000;1,0000000000000000;1,0000000000000000;1,0000000000000000;1,0000000000000000;1,0000000000000000;1,0000000000000000;1,0000000000000000
2022-06-05;60+;8;8,0;8;8;8;8;8;8;8;8;8,0;8,0;85;85,0;85;85;85;85;85;85;85;85;85,0;85,0;1,0000000000000000;1,000000000000000;1,000000000000000;1,000000000000000;1,0000000000000000;1,0000000000000000;1,0000000000000000;1,0000000000000000;1,0000000000000000;1,0000000000000000;1,0000000000000000
2022-06-05;alle;12;12,0;12;12;12;12;12;12;12;12;12,0;12,0;140;140,0;140;140;140;140;140;140;140;140;140,0;140,0;NA;NA;NA;NA;NA;NA;NA;NA;NA;NA;NA
2022-06-04;0-60;11;11,0;11;11;11;11;11;11;11;11;11,0;11,0;53;53,0;53;53;53;53;53;53;53;53;53,0;53,0;1,0000000000000000;1,000000000000000;1,000000000000000;1,000000000000000;1,0000000000000000;1,0000000000000000;1,0000000000000000;1,0000000000000000;1,0000000000000000;1,0000000000000000;1,0000000000000000
2022-06-04;60+;8;8,0;8;8;8;8;8;8;8;8;8,0;8,0;84;84,0;84;84;84;84;84;84;84;84;84,0;84,0;1,0000000000000000;1,000000000000000;1,000000000000000;1,000000000000000;1,0000000000000000;1,0000000000000000;1,0000000000000000;1,0000000000000000;1,0000000000000000;1,0000000000000000;1,0000000000000000
2022-06-04;alle;19;19,0;19;19;19;19;19;19;19;19;19,0;19,0;137;137,0;137;137;137;137;137;137;137;137;137,0;137,0;NA;NA;NA;NA;NA;NA;NA;NA;NA;NA;NA
2022-06-03;0-60;16;16,0;16;16;16;16;16;16;16;16;16,0;16,0;46;46,0;46;46;46;46;46;46;46;46;46,0;46,0;1,0000000000000000;1,000000000000000;1,000000000000000;1,000000000000000;1,0000000000000000;1,0000000000000000;1,0000000000000000;1,0000000000000000;1,0000000000000000;1,0000000000000000;1,0000000000000000
2022-06-03;60+;12;12,0;12;12;12;12;12;12;12;12;12,0;12,0;85;85,0;85;85;85;85;85;85;85;85;85,0;85,0;1,0000000000000000;1,000000000000000;1,000000000000000;1,000000000000000;1,0000000000000000;1,0000000000000000;1,0000000000000000;1,0000000000000000;1,0000000000000000;1,0000000000000000;1,0000000000000000
2022-06-03;alle;28;28,0;28;28;28;28;28;28;28;28;28,0;28,0;131;131,0;131;131;131;131;131;131;131;131;131,0;131,0;NA;NA;NA;NA;NA;NA;NA;NA;NA;NA;NA
2022-06-02;0-60;9;9,0;9;9;9;9;9;9;9;9;9,0;9,0;32;32,0;32;32;32;32;32;32;32;32;32,0;32,0;1,0000000000000000;1,000000000000000;1,000000000000000;1,000000000000000;1,0000000000000000;1,0000000000000000;1,0000000000000000;1,0000000000000000;1,0000000000000000;1,0000000000000000;1,0000000000000000
2022-06-02;60+;13;13,0;13;13;13;13;13;13;13;13;13,0;13,0;80;80,0;80;80;80;80;80;80;80;80;80,0;80,0;1,0000000000000000;1,000000000000000;1,000000000000000;1,000000000000000;1,0000000000000000;1,0000000000000000;1,0000000000000000;1,0000000000000000;1,0000000000000000;1,0000000000000000;1,0000000000000000
2022-06-02;alle;22;22,0;22;22;22;22;22;22;22;22;22,0;22,0;112;112,0;112;112;112;112;112;112;112;112;112,0;112,0;NA;NA;NA;NA;NA;NA;NA;NA;NA;NA;NA
2022-06-01;0-60;8;8,0;8;8;8;8;8;8;8;8;8,0;8,0;28;28,0;28;28;28;28;28;28;28;28;28,0;28,0;1,0000000000000000;1,000000000000000;1,000000000000000;1,000000000000000;1,0000000000000000;1,0000000000000000;1,0000000000000000;1,0000000000000000;1,0000000000000000;1,0000000000000000;1,0000000000000000
2022-06-01;60+;22;22,0;22;22;22;22;22;22;22;22;22,0;22,0;87;87,0;87;87;87;87;87;87;87;87;87,0;87,0;1,0000000000000000;1,000000000000000;1,000000000000000;1,000000000000000;1,0000000000000000;1,0000000000000000;1,0000000000000000;1,0000000000000000;1,0000000000000000;1,0000000000000000;1,0000000000000000
2022-06-01;alle;30;30,0;30;30;30;30;30;30;30;30;30,0;30,0;115;115,0;115;115;115;115;115;115;115;115;115,0;115,0;NA;NA;NA;NA;NA;NA;NA;NA;NA;NA;NA
2022-05-31;0-60;7;7,0;7;7;7;7;7;7;7;7;7,0;7,0;31;31,0;31;31;31;31;31;31;31;31;31,0;31,0;1,0000000000000000;1,000000000000000;1,000000000000000;1,000000000000000;1,0000000000000000;1,0000000000000000;1,0000000000000000;1,0000000000000000;1,0000000000000000;1,0000000000000000;1,0000000000000000
2022-05-31;60+;17;17,0;17;17;17;17;17;17;17;17;17,0;17,0;85;85,0;85;85;85;85;85;85;85;85;85,0;85,0;1,0000000000000000;1,000000000000000;1,000000000000000;1,000000000000000;1,0000000000000000;1,0000000000000000;1,0000000000000000;1,0000000000000000;1,0000000000000000;1,0000000000000000;1,0000000000000000
2022-05-31;alle;24;24,0;24;24;24;24;24;24;24;24;24,0;24,0;116;116,0;116;116;116;116;116;116;116;116;116,0;116,0;NA;NA;NA;NA;NA;NA;NA;NA;NA;NA;NA
2022-05-30;0-60;0;0,0;0;0;0;0;0;0;0;0;0,0;0,0;38;38,0;38;38;38;38;38;38;38;38;38,0;38,0;1,0000000000000000;1,000000000000000;1,000000000000000;1,000000000000000;1,0000000000000000;1,0000000000000000;1,0000000000000000;1,0000000000000000;1,0000000000000000;1,0000000000000000;1,0000000000000000
2022-05-30;60+;5;5,0;5;5;5;5;5;5;5;5;5,0;5,0;94;94,0;94;94;94;94;94;94;94;94;94,0;94,0;1,0000000000000000;1,000000000000000;1,000000000000000;1,000000000000000;1,0000000000000000;1,0000000000000000;1,0000000000000000;1,0000000000000000;1,0000000000000000;1,0000000000000000;1,0000000000000000
2022-05-30;alle;5;5,0;5;5;5;5;5;5;5;5;5,0;5,0;132;132,0;132;132;132;132;132;132;132;132;132,0;132,0;NA;NA;NA;NA;NA;NA;NA;NA;NA;NA;NA
2022-05-29;0-60;2;2,0;2;2;2;2;2;2;2;2;2,0;2,0;43;43,0;43;43;43;43;43;43;43;43;43,0;43,0;1,0000000000000000;1,000000000000000;1,000000000000000;1,000000000000000;1,0000000000000000;1,0000000000000000;1,0000000000000000;1,0000000000000000;1,0000000000000000;1,0000000000000000;1,0000000000000000
2022-05-29;60+;7;7,0;7;7;7;7;7;7;7;7;7,0;7,0;94;94,0;94;94;94;94;94;94;94;94;94,0;94,0;1,0000000000000000;1,000000000000000;1,000000000000000;1,000000000000000;1,0000000000000000;1,0000000000000000;1,0000000000000000;1,0000000000000000;1,0000000000000000;1,0000000000000000;1,0000000000000000
2022-05-29;alle;9;9,0;9;9;9;9;9;9;9;9;9,0;9,0;137;137,0;137;137;137;137;137;137;137;137;137,0;137,0;NA;NA;NA;NA;NA;NA;NA;NA;NA;NA;NA
2022-05-28;0-60;4;4,0;4;4;4;4;4;4;4;4;4,0;4,0;45;45,0;45;45;45;45;45;45;45;45;45,0;45,0;1,0000000000000000;1,000000000000000;1,000000000000000;1,000000000000000;1,0000000000000000;1,0000000000000000;1,0000000000000000;1,0000000000000000;1,0000000000000000;1,0000000000000000;1,0000000000000000
2022-05-28;60+;9;9,0;9;9;9;9;9;9;9;9;9,0;9,0;90;90,0;90;90;90;90;90;90;90;90;90,0;90,0;1,0000000000000000;1,000000000000000;1,000000000000000;1,000000000000000;1,0000000000000000;1,0000000000000000;1,0000000000000000;1,0000000000000000;1,0000000000000000;1,0000000000000000;1,0000000000000000
2022-05-28;alle;13;13,0;13;13;13;13;13;13;13;13;13,0;13,0;135;135,0;135;135;135;135;135;135;135;135;135,0;135,0;NA;NA;NA;NA;NA;NA;NA;NA;NA;NA;NA
2022-05-27;0-60;2;2,0;2;2;2;2;2;2;2;2;2,0;2,0;47;47,0;47;47;47;47;47;47;47;47;47,0;47,0;1,0000000000000000;1,000000000000000;1,000000000000000;1,000000000000000;1,0000000000000000;1,0000000000000000;1,0000000000000000;1,0000000000000000;1,0000000000000000;1,0000000000000000;1,0000000000000000
2022-05-27;60+;7;7,0;7;7;7;7;7;7;7;7;7,0;7,0;95;95,0;95;95;95;95;95;95;95;95;95,0;95,0;1,0000000000000000;1,000000000000000;1,000000000000000;1,000000000000000;1,0000000000000000;1,0000000000000000;1,0000000000000000;1,0000000000000000;1,0000000000000000;1,0000000000000000;1,0000000000000000
2022-05-27;alle;9;9,0;9;9;9;9;9;9;9;9;9,0;9,0;142;142,0;142;142;142;142;142;142;142;142;142,0;142,0;NA;NA;NA;NA;NA;NA;NA;NA;NA;NA;NA
2022-05-26;0-60;5;5,0;5;5;5;5;5;5;5;5;5,0;5,0;51;51,0;51;51;51;51;51;51;51;51;51,0;51,0;1,0000000000000000;1,000000000000000;1,000000000000000;1,000000000000000;1,0000000000000000;1,0000000000000000;1,0000000000000000;1,0000000000000000;1,0000000000000000;1,0000000000000000;1,0000000000000000
2022-05-26;60+;20;20,0;20;20;20;20;20;20;20;20;20,0;20,0;107;107,0;107;107;107;107;107;107;107;107;107,0;107,0;1,0000000000000000;1,000000000000000;1,000000000000000;1,000000000000000;1,0000000000000000;1,0000000000000000;1,0000000000000000;1,0000000000000000;1,0000000000000000;1,0000000000000000;1,0000000000000000
2022-05-26;alle;25;25,0;25;25;25;25;25;25;25;25;25,0;25,0;158;158,0;158;158;158;158;158;158;158;158;158,0;158,0;NA;NA;NA;NA;NA;NA;NA;NA;NA;NA;NA
2022-05-25;0-60;11;11,0;11;11;11;11;11;11;11;11;11,0;11,0;50;50,0;50;50;50;50;50;50;50;50;50,0;50,0;1,0000000000000000;1,000000000000000;1,000000000000000;1,000000000000000;1,0000000000000000;1,0000000000000000;1,0000000000000000;1,0000000000000000;1,0000000000000000;1,0000000000000000;1,0000000000000000
2022-05-25;60+;20;20,0;20;20;20;20;20;20;20;20;20,0;20,0;105;105,0;105;105;105;105;105;105;105;105;105,0;105,0;1,0000000000000000;1,000000000000000;1,000000000000000;1,000000000000000;1,0000000000000000;1,0000000000000000;1,0000000000000000;1,0000000000000000;1,0000000000000000;1,0000000000000000;1,0000000000000000
2022-05-25;alle;31;31,0;31;31;31;31;31;31;31;31;31,0;31,0;155;155,0;155;155;155;155;155;155;155;155;155,0;155,0;NA;NA;NA;NA;NA;NA;NA;NA;NA;NA;NA
2022-05-24;0-60;14;14,0;14;14;14;14;14;14;14;14;14,0;14,0;44;44,0;44;44;44;44;44;44;44;44;44,0;44,0;1,0000000000000000;1,000000000000000;1,000000000000000;1,000000000000000;1,0000000000000000;1,0000000000000000;1,0000000000000000;1,0000000000000000;1,0000000000000000;1,0000000000000000;1,0000000000000000
2022-05-24;60+;26;26,0;26;26;26;26;26;26;26;26;26,0;26,0;99;99,0;99;99;99;99;99;99;99;99;99,0;99,0;1,0000000000000000;1,000000000000000;1,000000000000000;1,000000000000000;1,0000000000000000;1,0000000000000000;1,0000000000000000;1,0000000000000000;1,0000000000000000;1,0000000000000000;1,0000000000000000
2022-05-24;alle;40;40,0;40;40;40;40;40;40;40;40;40,0;40,0;143;143,0;143;143;143;143;143;143;143;143;143,0;143,0;NA;NA;NA;NA;NA;NA;NA;NA;NA;NA;NA
2022-05-23;0-60;5;5,0;5;5;5;5;5;5;5;5;5,0;5,0;41;41,0;41;41;41;41;41;41;41;41;41,0;41,0;1,0000000000000000;1,000000000000000;1,000000000000000;1,000000000000000;1,0000000000000000;1,0000000000000000;1,0000000000000000;1,0000000000000000;1,0000000000000000;1,0000000000000000;1,0000000000000000
2022-05-23;60+;5;5,0;5;5;5;5;5;5;5;5;5,0;5,0;95;95,0;95;95;95;95;95;95;95;95;95,0;95,0;1,0000000000000000;1,000000000000000;1,000000000000000;1,000000000000000;1,0000000000000000;1,0000000000000000;1,0000000000000000;1,0000000000000000;1,0000000000000000;1,0000000000000000;1,0000000000000000
2022-05-23;alle;10;10,0;10;10;10;10;10;10;10;10;10,0;10,0;136;136,0;136;136;136;136;136;136;136;136;136,0;136,0;NA;NA;NA;NA;NA;NA;NA;NA;NA;NA;NA
2022-05-22;0-60;4;4,0;4;4;4;4;4;4;4;4;4,0;4,0;37;37,0;37;37;37;37;37;37;37;37;37,0;37,0;1,0000000000000000;1,000000000000000;1,000000000000000;1,000000000000000;1,0000000000000000;1,0000000000000000;1,0000000000000000;1,0000000000000000;1,0000000000000000;1,0000000000000000;1,0000000000000000
2022-05-22;60+;3;3,0;3;3;3;3;3;3;3;3;3,0;3,0;94;94,0;94;94;94;94;94;94;94;94;94,0;94,0;1,0000000000000000;1,000000000000000;1,000000000000000;1,000000000000000;1,0000000000000000;1,0000000000000000;1,0000000000000000;1,0000000000000000;1,0000000000000000;1,0000000000000000;1,0000000000000000
2022-05-22;alle;7;7,0;7;7;7;7;7;7;7;7;7,0;7,0;131;131,0;131;131;131;131;131;131;131;131;131,0;131,0;NA;NA;NA;NA;NA;NA;NA;NA;NA;NA;NA
2022-05-21;0-60;6;6,0;6;6;6;6;6;6;6;6;6,0;6,0;35;35,0;35;35;35;35;35;35;35;35;35,0;35,0;1,0000000000000000;1,000000000000000;1,000000000000000;1,000000000000000;1,0000000000000000;1,0000000000000000;1,0000000000000000;1,0000000000000000;1,0000000000000000;1,0000000000000000;1,0000000000000000
2022-05-21;60+;14;14,0;14;14;14;14;14;14;14;14;14,0;14,0;95;95,0;95;95;95;95;95;95;95;95;95,0;95,0;1,0000000000000000;1,000000000000000;1,000000000000000;1,000000000000000;1,0000000000000000;1,0000000000000000;1,0000000000000000;1,0000000000000000;1,0000000000000000;1,0000000000000000;1,0000000000000000
2022-05-21;alle;20;20,0;20;20;20;20;20;20;20;20;20,0;20,0;130;130,0;130;130;130;130;130;130;130;130;130,0;130,0;NA;NA;NA;NA;NA;NA;NA;NA;NA;NA;NA
2022-05-20;0-60;6;6,0;6;6;6;6;6;6;6;6;6,0;6,0;39;39,0;39;39;39;39;39;39;39;39;39,0;39,0;1,0000000000000000;1,000000000000000;1,000000000000000;1,000000000000000;1,0000000000000000;1,0000000000000000;1,0000000000000000;1,0000000000000000;1,0000000000000000;1,0000000000000000;1,0000000000000000
2022-05-20;60+;19;19,0;19;19;19;19;19;19;19;19;19,0;19,0;96;96,0;96;96;96;96;96;96;96;96;96,0;96,0;1,0000000000000000;1,000000000000000;1,000000000000000;1,000000000000000;1,0000000000000000;1,0000000000000000;1,0000000000000000;1,0000000000000000;1,0000000000000000;1,0000000000000000;1,0000000000000000
2022-05-20;alle;25;25,0;25;25;25;25;25;25;25;25;25,0;25,0;135;135,0;135;135;135;135;135;135;135;135;135,0;135,0;NA;NA;NA;NA;NA;NA;NA;NA;NA;NA;NA
2022-05-19;0-60;4;4,0;4;4;4;4;4;4;4;4;4,0;4,0;44;44,0;44;44;44;44;44;44;44;44;44,0;44,0;1,0000000000000000;1,000000000000000;1,000000000000000;1,000000000000000;1,0000000000000000;1,0000000000000000;1,0000000000000000;1,0000000000000000;1,0000000000000000;1,0000000000000000;1,0000000000000000
2022-05-19;60+;18;18,0;18;18;18;18;18;18;18;18;18,0;18,0;97;97,0;97;97;97;97;97;97;97;97;97,0;97,0;1,0000000000000000;1,000000000000000;1,000000000000000;1,000000000000000;1,0000000000000000;1,0000000000000000;1,0000000000000000;1,0000000000000000;1,0000000000000000;1,0000000000000000;1,0000000000000000
2022-05-19;alle;22;22,0;22;22;22;22;22;22;22;22;22,0;22,0;141;141,0;141;141;141;141;141;141;141;141;141,0;141,0;NA;NA;NA;NA;NA;NA;NA;NA;NA;NA;NA
2022-05-18;0-60;5;5,0;5;5;5;5;5;5;5;5;5,0;5,0;52;52,0;52;52;52;52;52;52;52;52;52,0;52,0;1,0000000000000000;1,000000000000000;1,000000000000000;1,000000000000000;1,0000000000000000;1,0000000000000000;1,0000000000000000;1,0000000000000000;1,0000000000000000;1,0000000000000000;1,0000000000000000
2022-05-18;60+;14;14,0;14;14;14;14;14;14;14;14;14,0;14,0;98;98,0;98;98;98;98;98;98;98;98;98,0;98,0;1,0000000000000000;1,000000000000000;1,000000000000000;1,000000000000000;1,0000000000000000;1,0000000000000000;1,0000000000000000;1,0000000000000000;1,0000000000000000;1,0000000000000000;1,0000000000000000
2022-05-18;alle;19;19,0;19;19;19;19;19;19;19;19;19,0;19,0;150;150,0;150;150;150;150;150;150;150;150;150,0;150,0;NA;NA;NA;NA;NA;NA;NA;NA;NA;NA;NA
2022-05-17;0-60;11;11,0;11;11;11;11;11;11;11;11;11,0;11,0;64;64,0;64;64;64;64;64;64;64;64;64,0;64,0;1,0000000000000000;1,000000000000000;1,000000000000000;1,000000000000000;1,0000000000000000;1,0000000000000000;1,0000000000000000;1,0000000000000000;1,0000000000000000;1,0000000000000000;1,0000000000000000
2022-05-17;60+;22;22,0;22;22;22;22;22;22;22;22;22,0;22,0;112;112,0;112;112;112;112;112;112;112;112;112,0;112,0;1,0000000000000000;1,000000000000000;1,000000000000000;1,000000000000000;1,0000000000000000;1,0000000000000000;1,0000000000000000;1,0000000000000000;1,0000000000000000;1,0000000000000000;1,0000000000000000
2022-05-17;alle;33;33,0;33;33;33;33;33;33;33;33;33,0;33,0;176;176,0;176;176;176;176;176;176;176;176;176,0;176,0;NA;NA;NA;NA;NA;NA;NA;NA;NA;NA;NA
2022-05-16;0-60;1;1,0;1;1;1;1;1;1;1;1;1,0;1,0;85;85,0;85;85;85;85;85;85;85;85;85,0;85,0;1,0000000000000000;1,000000000000000;1,000000000000000;1,000000000000000;1,0000000000000000;1,0000000000000000;1,0000000000000000;1,0000000000000000;1,0000000000000000;1,0000000000000000;1,0000000000000000
2022-05-16;60+;4;4,0;4;4;4;4;4;4;4;4;4,0;4,0;119;119,0;119;119;119;119;119;119;119;119;119,0;119,0;1,0000000000000000;1,000000000000000;1,000000000000000;1,000000000000000;1,0000000000000000;1,0000000000000000;1,0000000000000000;1,0000000000000000;1,0000000000000000;1,0000000000000000;1,0000000000000000
2022-05-16;alle;5;5,0;5;5;5;5;5;5;5;5;5,0;5,0;204;204,0;204;204;204;204;204;204;204;204;204,0;204,0;NA;NA;NA;NA;NA;NA;NA;NA;NA;NA;NA
2022-05-15;0-60;2;2,0;2;2;2;2;2;2;2;2;2,0;2,0;85;85,0;85;85;85;85;85;85;85;85;85,0;85,0;1,0000000000000000;1,000000000000000;1,000000000000000;1,000000000000000;1,0000000000000000;1,0000000000000000;1,0000000000000000;1,0000000000000000;1,0000000000000000;1,0000000000000000;1,0000000000000000
2022-05-15;60+;4;4,0;4;4;4;4;4;4;4;4;4,0;4,0;118;118,0;118;118;118;118;118;118;118;118;118,0;118,0;1,0000000000000000;1,000000000000000;1,000000000000000;1,000000000000000;1,0000000000000000;1,0000000000000000;1,0000000000000000;1,0000000000000000;1,0000000000000000;1,0000000000000000;1,0000000000000000
2022-05-15;alle;6;6,0;6;6;6;6;6;6;6;6;6,0;6,0;203;203,0;203;203;203;203;203;203;203;203;203,0;203,0;NA;NA;NA;NA;NA;NA;NA;NA;NA;NA;NA
2022-05-14;0-60;10;10,0;10;10;10;10;10;10;10;10;10,0;10,0;87;87,0;87;87;87;87;87;87;87;87;87,0;87,0;1,0000000000000000;1,000000000000000;1,000000000000000;1,000000000000000;1,0000000000000000;1,0000000000000000;1,0000000000000000;1,0000000000000000;1,0000000000000000;1,0000000000000000;1,0000000000000000
2022-05-14;60+;15;15,0;15;15;15;15;15;15;15;15;15,0;15,0;116;116,0;116;116;116;116;116;116;116;116;116,0;116,0;1,0000000000000000;1,000000000000000;1,000000000000000;1,000000000000000;1,0000000000000000;1,0000000000000000;1,0000000000000000;1,0000000000000000;1,0000000000000000;1,0000000000000000;1,0000000000000000
2022-05-14;alle;25;25,0;25;25;25;25;25;25;25;25;25,0;25,0;203;203,0;203;203;203;203;203;203;203;203;203,0;203,0;NA;NA;NA;NA;NA;NA;NA;NA;NA;NA;NA
2022-05-13;0-60;11;11,0;11;11;11;11;11;11;11;11;11,0;11,0;83;83,0;83;83;83;83;83;83;83;83;83,0;83,0;1,0000000000000000;1,000000000000000;1,000000000000000;1,000000000000000;1,0000000000000000;1,0000000000000000;1,0000000000000000;1,0000000000000000;1,0000000000000000;1,0000000000000000;1,0000000000000000
2022-05-13;60+;20;20,0;20;20;20;20;20;20;20;20;20,0;20,0;124;124,0;124;124;124;124;124;124;124;124;124,0;124,0;1,0000000000000000;1,000000000000000;1,000000000000000;1,000000000000000;1,0000000000000000;1,0000000000000000;1,0000000000000000;1,0000000000000000;1,0000000000000000;1,0000000000000000;1,0000000000000000
2022-05-13;alle;31;31,0;31;31;31;31;31;31;31;31;31,0;31,0;207;207,0;207;207;207;207;207;207;207;207;207,0;207,0;NA;NA;NA;NA;NA;NA;NA;NA;NA;NA;NA
2022-05-12;0-60;12;12,0;12;12;12;12;12;12;12;12;12,0;12,0;83;83,0;83;83;83;83;83;83;83;83;83,0;83,0;1,0000000000000000;1,000000000000000;1,000000000000000;1,000000000000000;1,0000000000000000;1,0000000000000000;1,0000000000000000;1,0000000000000000;1,0000000000000000;1,0000000000000000;1,0000000000000000
2022-05-12;60+;19;19,0;19;19;19;19;19;19;19;19;19,0;19,0;118;118,0;118;118;118;118;118;118;118;118;118,0;118,0;1,0000000000000000;1,000000000000000;1,000000000000000;1,000000000000000;1,0000000000000000;1,0000000000000000;1,0000000000000000;1,0000000000000000;1,0000000000000000;1,0000000000000000;1,0000000000000000
2022-05-12;alle;31;31,0;31;31;31;31;31;31;31;31;31,0;31,0;201;201,0;201;201;201;201;201;201;201;201;201,0;201,0;NA;NA;NA;NA;NA;NA;NA;NA;NA;NA;NA
2022-05-11;0-60;17;17,0;17;17;17;17;17;17;17;17;17,0;17,0;79;79,0;79;79;79;79;79;79;79;79;79,0;79,0;1,0000000000000000;1,000000000000000;1,000000000000000;1,000000000000000;1,0000000000000000;1,0000000000000000;1,0000000000000000;1,0000000000000000;1,0000000000000000;1,0000000000000000;1,0000000000000000
2022-05-11;60+;28;28,0;28;28;28;28;28;28;28;28;28,0;28,0;115;115,0;115;115;115;115;115;115;115;115;115,0;115,0;1,0000000000000000;1,000000000000000;1,000000000000000;1,000000000000000;1,0000000000000000;1,0000000000000000;1,0000000000000000;1,0000000000000000;1,0000000000000000;1,0000000000000000;1,0000000000000000
2022-05-11;alle;45;45,0;45;45;45;45;45;45;45;45;45,0;45,0;194;194,0;194;194;194;194;194;194;194;194;194,0;194,0;NA;NA;NA;NA;NA;NA;NA;NA;NA;NA;NA
2022-05-10;0-60;32;32,0;32;32;32;32;32;32;32;32;32,0;32,0;76;76,0;76;76;76;76;76;76;76;76;76,0;76,0;1,0000000000000000;1,000000000000000;1,000000000000000;1,000000000000000;1,0000000000000000;1,0000000000000000;1,0000000000000000;1,0000000000000000;1,0000000000000000;1,0000000000000000;1,0000000000000000
2022-05-10;60+;29;29,0;29;29;29;29;29;29;29;29;29,0;29,0;108;108,0;108;108;108;108;108;108;108;108;108,0;108,0;1,0000000000000000;1,000000000000000;1,000000000000000;1,000000000000000;1,0000000000000000;1,0000000000000000;1,0000000000000000;1,0000000000000000;1,0000000000000000;1,0000000000000000;1,0000000000000000
2022-05-10;alle;61;61,0;61;61;61;61;61;61;61;61;61,0;61,0;184;184,0;184;184;184;184;184;184;184;184;184,0;184,0;NA;NA;NA;NA;NA;NA;NA;NA;NA;NA;NA
2022-05-09;0-60;1;1,0;1;1;1;1;1;1;1;1;1,0;1,0;57;57,0;57;57;57;57;57;57;57;57;57,0;57,0;1,0000000000000000;1,000000000000000;1,000000000000000;1,000000000000000;1,0000000000000000;1,0000000000000000;1,0000000000000000;1,0000000000000000;1,0000000000000000;1,0000000000000000;1,0000000000000000
2022-05-09;60+;3;3,0;3;3;3;3;3;3;3;3;3,0;3,0;115;115,0;115;115;115;115;115;115;115;115;115,0;115,0;1,0000000000000000;1,000000000000000;1,000000000000000;1,000000000000000;1,0000000000000000;1,0000000000000000;1,0000000000000000;1,0000000000000000;1,0000000000000000;1,0000000000000000;1,0000000000000000
2022-05-09;alle;4;4,0;4;4;4;4;4;4;4;4;4,0;4,0;172;172,0;172;172;172;172;172;172;172;172;172,0;172,0;NA;NA;NA;NA;NA;NA;NA;NA;NA;NA;NA
2022-05-08;0-60;4;4,0;4;4;4;4;4;4;4;4;4,0;4,0;58;58,0;58;58;58;58;58;58;58;58;58,0;58,0;1,0000000000000000;1,000000000000000;1,000000000000000;1,000000000000000;1,0000000000000000;1,0000000000000000;1,0000000000000000;1,0000000000000000;1,0000000000000000;1,0000000000000000;1,0000000000000000
2022-05-08;60+;2;2,0;2;2;2;2;2;2;2;2;2,0;2,0;114;114,0;114;114;114;114;114;114;114;114;114,0;114,0;1,0000000000000000;1,000000000000000;1,000000000000000;1,000000000000000;1,0000000000000000;1,0000000000000000;1,0000000000000000;1,0000000000000000;1,0000000000000000;1,0000000000000000;1,0000000000000000
2022-05-08;alle;6;6,0;6;6;6;6;6;6;6;6;6,0;6,0;172;172,0;172;172;172;172;172;172;172;172;172,0;172,0;NA;NA;NA;NA;NA;NA;NA;NA;NA;NA;NA
2022-05-07;0-60;6;6,0;6;6;6;6;6;6;6;6;6,0;6,0;55;55,0;55;55;55;55;55;55;55;55;55,0;55,0;1,0000000000000000;1,000000000000000;1,000000000000000;1,000000000000000;1,0000000000000000;1,0000000000000000;1,0000000000000000;1,0000000000000000;1,0000000000000000;1,0000000000000000;1,0000000000000000
2022-05-07;60+;23;23,0;23;23;23;23;23;23;23;23;23,0;23,0;116;116,0;116;116;116;116;116;116;116;116;116,0;116,0;1,0000000000000000;1,000000000000000;1,000000000000000;1,000000000000000;1,0000000000000000;1,0000000000000000;1,0000000000000000;1,0000000000000000;1,0000000000000000;1,0000000000000000;1,0000000000000000
2022-05-07;alle;29;29,0;29;29;29;29;29;29;29;29;29,0;29,0;171;171,0;171;171;171;171;171;171;171;171;171,0;171,0;NA;NA;NA;NA;NA;NA;NA;NA;NA;NA;NA
2022-05-06;0-60;11;11,0;11;11;11;11;11;11;11;11;11,0;11,0;54;54,0;54;54;54;54;54;54;54;54;54,0;54,0;1,0000000000000000;1,000000000000000;1,000000000000000;1,000000000000000;1,0000000000000000;1,0000000000000000;1,0000000000000000;1,0000000000000000;1,0000000000000000;1,0000000000000000;1,0000000000000000
2022-05-06;60+;14;14,0;14;14;14;14;14;14;14;14;14,0;14,0;114;114,0;114;114;114;114;114;114;114;114;114,0;114,0;1,0000000000000000;1,000000000000000;1,000000000000000;1,000000000000000;1,0000000000000000;1,0000000000000000;1,0000000000000000;1,0000000000000000;1,0000000000000000;1,0000000000000000;1,0000000000000000
2022-05-06;alle;25;25,0;25;25;25;25;25;25;25;25;25,0;25,0;168;168,0;168;168;168;168;168;168;168;168;168,0;168,0;NA;NA;NA;NA;NA;NA;NA;NA;NA;NA;NA
2022-05-05;0-60;8;8,0;8;8;8;8;8;8;8;8;8,0;8,0;57;57,0;57;57;57;57;57;57;57;57;57,0;57,0;1,0000000000000000;1,000000000000000;1,000000000000000;1,000000000000000;1,0000000000000000;1,0000000000000000;1,0000000000000000;1,0000000000000000;1,0000000000000000;1,0000000000000000;1,0000000000000000
2022-05-05;60+;16;16,0;16;16;16;16;16;16;16;16;16,0;16,0;120;120,0;120;120;120;120;120;120;120;120;120,0;120,0;1,0000000000000000;1,000000000000000;1,000000000000000;1,000000000000000;1,0000000000000000;1,0000000000000000;1,0000000000000000;1,0000000000000000;1,0000000000000000;1,0000000000000000;1,0000000000000000
2022-05-05;alle;24;24,0;24;24;24;24;24;24;24;24;24,0;24,0;177;177,0;177;177;177;177;177;177;177;177;177,0;177,0;NA;NA;NA;NA;NA;NA;NA;NA;NA;NA;NA
2022-05-04;0-60;14;14,0;14;14;14;14;14;14;14;14;14,0;14,0;66;66,0;66;66;66;66;66;66;66;66;66,0;66,0;1,0000000000000000;1,000000000000000;1,000000000000000;1,000000000000000;1,0000000000000000;1,0000000000000000;1,0000000000000000;1,0000000000000000;1,0000000000000000;1,0000000000000000;1,0000000000000000
2022-05-04;60+;21;21,0;21;21;21;21;21;21;21;21;21,0;21,0;126;126,0;126;126;126;126;126;126;126;126;126,0;126,0;1,0000000000000000;1,000000000000000;1,000000000000000;1,000000000000000;1,0000000000000000;1,0000000000000000;1,0000000000000000;1,0000000000000000;1,0000000000000000;1,0000000000000000;1,0000000000000000
2022-05-04;alle;35;35,0;35;35;35;35;35;35;35;35;35,0;35,0;192;192,0;192;192;192;192;192;192;192;192;192,0;192,0;NA;NA;NA;NA;NA;NA;NA;NA;NA;NA;NA
2022-05-03;0-60;13;13,0;13;13;13;13;13;13;13;13;13,0;13,0;69;69,0;69;69;69;69;69;69;69;69;69,0;69,0;1,0000000000000000;1,000000000000000;1,000000000000000;1,000000000000000;1,0000000000000000;1,0000000000000000;1,0000000000000000;1,0000000000000000;1,0000000000000000;1,0000000000000000;1,0000000000000000
2022-05-03;60+;36;36,0;36;36;36;36;36;36;36;36;36,0;36,0;144;144,0;144;144;144;144;144;144;144;144;144,0;144,0;1,0000000000000000;1,000000000000000;1,000000000000000;1,000000000000000;1,0000000000000000;1,0000000000000000;1,0000000000000000;1,0000000000000000;1,0000000000000000;1,0000000000000000;1,0000000000000000
2022-05-03;alle;49;49,0;49;49;49;49;49;49;49;49;49,0;49,0;213;213,0;213;213;213;213;213;213;213;213;213,0;213,0;NA;NA;NA;NA;NA;NA;NA;NA;NA;NA;NA
2022-05-02;0-60;2;2,0;2;2;2;2;2;2;2;2;2,0;2,0;79;79,0;79;79;79;79;79;79;79;79;79,0;79,0;1,0000000000000000;1,000000000000000;1,000000000000000;1,000000000000000;1,0000000000000000;1,0000000000000000;1,0000000000000000;1,0000000000000000;1,0000000000000000;1,0000000000000000;1,0000000000000000
2022-05-02;60+;2;2,0;2;2;2;2;2;2;2;2;2,0;2,0;149;149,0;149;149;149;149;149;149;149;149;149,0;149,0;1,0000000000000000;1,000000000000000;1,000000000000000;1,000000000000000;1,0000000000000000;1,0000000000000000;1,0000000000000000;1,0000000000000000;1,0000000000000000;1,0000000000000000;1,0000000000000000
2022-05-02;alle;4;4,0;4;4;4;4;4;4;4;4;4,0;4,0;228;228,0;228;228;228;228;228;228;228;228;228,0;228,0;NA;NA;NA;NA;NA;NA;NA;NA;NA;NA;NA
2022-05-01;0-60;1;1,0;1;1;1;1;1;1;1;1;1,0;1,0;78;78,0;78;78;78;78;78;78;78;78;78,0;78,0;1,0000000000000000;1,000000000000000;1,000000000000000;1,000000000000000;1,0000000000000000;1,0000000000000000;1,0000000000000000;1,0000000000000000;1,0000000000000000;1,0000000000000000;1,0000000000000000
2022-05-01;60+;4;4,0;4;4;4;4;4;4;4;4;4,0;4,0;152;152,0;152;152;152;152;152;152;152;152;152,0;152,0;1,0000000000000000;1,000000000000000;1,000000000000000;1,000000000000000;1,0000000000000000;1,0000000000000000;1,0000000000000000;1,0000000000000000;1,0000000000000000;1,0000000000000000;1,0000000000000000
2022-05-01;alle;5;5,0;5;5;5;5;5;5;5;5;5,0;5,0;230;230,0;230;230;230;230;230;230;230;230;230,0;230,0;NA;NA;NA;NA;NA;NA;NA;NA;NA;NA;NA
2022-04-30;0-60;5;5,0;5;5;5;5;5;5;5;5;5,0;5,0;82;82,0;82;82;82;82;82;82;82;82;82,0;82,0;1,0000000000000000;1,000000000000000;1,000000000000000;1,000000000000000;1,0000000000000000;1,0000000000000000;1,0000000000000000;1,0000000000000000;1,0000000000000000;1,0000000000000000;1,0000000000000000
2022-04-30;60+;21;21,0;21;21;21;21;21;21;21;21;21,0;21,0;159;159,0;159;159;159;159;159;159;159;159;159,0;159,0;1,0000000000000000;1,000000000000000;1,000000000000000;1,000000000000000;1,0000000000000000;1,0000000000000000;1,0000000000000000;1,0000000000000000;1,0000000000000000;1,0000000000000000;1,0000000000000000
2022-04-30;alle;26;26,0;26;26;26;26;26;26;26;26;26,0;26,0;241;241,0;241;241;241;241;241;241;241;241;241,0;241,0;NA;NA;NA;NA;NA;NA;NA;NA;NA;NA;NA
2022-04-29;0-60;14;14,0;14;14;14;14;14;14;14;14;14,0;14,0;87;87,0;87;87;87;87;87;87;87;87;87,0;87,0;1,0000000000000000;1,000000000000000;1,000000000000000;1,000000000000000;1,0000000000000000;1,0000000000000000;1,0000000000000000;1,0000000000000000;1,0000000000000000;1,0000000000000000;1,0000000000000000
2022-04-29;60+;20;20,0;20;20;20;20;20;20;20;20;20,0;20,0;177;177,0;177;177;177;177;177;177;177;177;177,0;177,0;1,0000000000000000;1,000000000000000;1,000000000000000;1,000000000000000;1,0000000000000000;1,0000000000000000;1,0000000000000000;1,0000000000000000;1,0000000000000000;1,0000000000000000;1,0000000000000000
2022-04-29;alle;34;34,0;34;34;34;34;34;34;34;34;34,0;34,0;264;264,0;264;264;264;264;264;264;264;264;264,0;264,0;NA;NA;NA;NA;NA;NA;NA;NA;NA;NA;NA
2022-04-28;0-60;17;17,0;17;17;17;17;17;17;17;17;17,0;17,0;97;97,0;97;97;97;97;97;97;97;97;97,0;97,0;1,0000000000000000;1,000000000000000;1,000000000000000;1,000000000000000;1,0000000000000000;1,0000000000000000;1,0000000000000000;1,0000000000000000;1,0000000000000000;1,0000000000000000;1,0000000000000000
2022-04-28;60+;22;22,0;22;22;22;22;22;22;22;22;22,0;22,0;194;194,0;194;194;194;194;194;194;194;194;194,0;194,0;1,0000000000000000;1,000000000000000;1,000000000000000;1,000000000000000;1,0000000000000000;1,0000000000000000;1,0000000000000000;1,0000000000000000;1,0000000000000000;1,0000000000000000;1,0000000000000000
2022-04-28;alle;39;39,0;39;39;39;39;39;39;39;39;39,0;39,0;291;291,0;291;291;291;291;291;291;291;291;291,0;291,0;NA;NA;NA;NA;NA;NA;NA;NA;NA;NA;NA
2022-04-27;0-60;17;17,0;17;17;17;17;17;17;17;17;17,0;17,0;105;105,0;105;105;105;105;105;105;105;105;105,0;105,0;1,0000000000000000;1,000000000000000;1,000000000000000;1,000000000000000;1,0000000000000000;1,0000000000000000;1,0000000000000000;1,0000000000000000;1,0000000000000000;1,0000000000000000;1,0000000000000000
2022-04-27;60+;39;39,0;39;39;39;39;39;39;39;39;39,0;39,0;261;261,0;261;261;261;261;261;261;261;261;261,0;261,0;1,0000000000000000;1,000000000000000;1,000000000000000;1,000000000000000;1,0000000000000000;1,0000000000000000;1,0000000000000000;1,0000000000000000;1,0000000000000000;1,0000000000000000;1,0000000000000000
2022-04-27;alle;56;56,0;56;56;56;56;56;56;56;56;56,0;56,0;366;366,0;366;366;366;366;366;366;366;366;366,0;366,0;NA;NA;NA;NA;NA;NA;NA;NA;NA;NA;NA
2022-04-26;0-60;23;23,0;23;23;23;23;23;23;23;23;23,0;23,0;109;109,0;109;109;109;109;109;109;109;109;109,0;109,0;1,0000000000000000;1,000000000000000;1,000000000000000;1,000000000000000;1,0000000000000000;1,0000000000000000;1,0000000000000000;1,0000000000000000;1,0000000000000000;1,0000000000000000;1,0000000000000000
2022-04-26;60+;41;41,0;41;41;41;41;41;41;41;41;41,0;41,0;274;274,0;274;274;274;274;274;274;274;274;274,0;274,0;1,0000000000000000;1,000000000000000;1,000000000000000;1,000000000000000;1,0000000000000000;1,0000000000000000;1,0000000000000000;1,0000000000000000;1,0000000000000000;1,0000000000000000;1,0000000000000000
2022-04-26;alle;64;64,0;64;64;64;64;64;64;64;64;64,0;64,0;383;383,0;383;383;383;383;383;383;383;383;383,0;383,0;NA;NA;NA;NA;NA;NA;NA;NA;NA;NA;NA
2022-04-25;0-60;1;1,0;1;1;1;1;1;1;1;1;1,0;1,0;88;88,0;88;88;88;88;88;88;88;88;88,0;88,0;1,0000000000000000;1,000000000000000;1,000000000000000;1,000000000000000;1,0000000000000000;1,0000000000000000;1,0000000000000000;1,0000000000000000;1,0000000000000000;1,0000000000000000;1,0000000000000000
2022-04-25;60+;5;5,0;5;5;5;5;5;5;5;5;5,0;5,0;243;243,0;243;243;243;243;243;243;243;243;243,0;243,0;1,0000000000000000;1,000000000000000;1,000000000000000;1,000000000000000;1,0000000000000000;1,0000000000000000;1,0000000000000000;1,0000000000000000;1,0000000000000000;1,0000000000000000;1,0000000000000000
2022-04-25;alle;6;6,0;6;6;6;6;6;6;6;6;6,0;6,0;331;331,0;331;331;331;331;331;331;331;331;331,0;331,0;NA;NA;NA;NA;NA;NA;NA;NA;NA;NA;NA
2022-04-24;0-60;5;5,0;5;5;5;5;5;5;5;5;5,0;5,0;91;91,0;91;91;91;91;91;91;91;91;91,0;91,0;1,0000000000000000;1,000000000000000;1,000000000000000;1,000000000000000;1,0000000000000000;1,0000000000000000;1,0000000000000000;1,0000000000000000;1,0000000000000000;1,0000000000000000;1,0000000000000000
2022-04-24;60+;11;11,0;11;11;11;11;11;11;11;11;11,0;11,0;244;244,0;244;244;244;244;244;244;244;244;244,0;244,0;1,0000000000000000;1,000000000000000;1,000000000000000;1,000000000000000;1,0000000000000000;1,0000000000000000;1,0000000000000000;1,0000000000000000;1,0000000000000000;1,0000000000000000;1,0000000000000000
2022-04-24;alle;16;16,0;16;16;16;16;16;16;16;16;16,0;16,0;335;335,0;335;335;335;335;335;335;335;335;335,0;335,0;NA;NA;NA;NA;NA;NA;NA;NA;NA;NA;NA
2022-04-23;0-60;10;10,0;10;10;10;10;10;10;10;10;10,0;10,0;88;88,0;88;88;88;88;88;88;88;88;88,0;88,0;1,0000000000000000;1,000000000000000;1,000000000000000;1,000000000000000;1,0000000000000000;1,0000000000000000;1,0000000000000000;1,0000000000000000;1,0000000000000000;1,0000000000000000;1,0000000000000000
2022-04-23;60+;39;39,0;39;39;39;39;39;39;39;39;39,0;39,0;238;238,0;238;238;238;238;238;238;238;238;238,0;238,0;1,0000000000000000;1,000000000000000;1,000000000000000;1,000000000000000;1,0000000000000000;1,0000000000000000;1,0000000000000000;1,0000000000000000;1,0000000000000000;1,0000000000000000;1,0000000000000000
2022-04-23;alle;49;49,0;49;49;49;49;49;49;49;49;49,0;49,0;326;326,0;326;326;326;326;326;326;326;326;326,0;326,0;NA;NA;NA;NA;NA;NA;NA;NA;NA;NA;NA
2022-04-22;0-60;24;24,0;24;24;24;24;24;24;24;24;24,0;24,0;84;84,0;84;84;84;84;84;84;84;84;84,0;84,0;1,0000000000000000;1,000000000000000;1,000000000000000;1,000000000000000;1,0000000000000000;1,0000000000000000;1,0000000000000000;1,0000000000000000;1,0000000000000000;1,0000000000000000;1,0000000000000000
2022-04-22;60+;37;37,0;37;37;37;37;37;37;37;37;37,0;37,0;210;210,0;210;210;210;210;210;210;210;210;210,0;210,0;1,0000000000000000;1,000000000000000;1,000000000000000;1,000000000000000;1,0000000000000000;1,0000000000000000;1,0000000000000000;1,0000000000000000;1,0000000000000000;1,0000000000000000;1,0000000000000000
2022-04-22;alle;61;61,0;61;61;61;61;61;61;61;61;61,0;61,0;294;294,0;294;294;294;294;294;294;294;294;294,0;294,0;NA;NA;NA;NA;NA;NA;NA;NA;NA;NA;NA
2022-04-21;0-60;25;25,0;25;25;25;25;25;25;25;25;25,0;25,0;79;79,0;79;79;79;79;79;79;79;79;79,0;79,0;1,0000000000000000;1,000000000000000;1,000000000000000;1,000000000000000;1,0000000000000000;1,0000000000000000;1,0000000000000000;1,0000000000000000;1,0000000000000000;1,0000000000000000;1,0000000000000000
2022-04-21;60+;89;89,0;89;89;89;89;89;89;89;89;89,0;89,0;211;211,0;211;211;211;211;211;211;211;211;211,0;211,0;1,0000000000000000;1,000000000000000;1,000000000000000;1,000000000000000;1,0000000000000000;1,0000000000000000;1,0000000000000000;1,0000000000000000;1,0000000000000000;1,0000000000000000;1,0000000000000000
2022-04-21;alle;114;114,0;114;114;114;114;114;114;114;114;114,0;114,0;290;290,0;290;290;290;290;290;290;290;290;290,0;290,0;NA;NA;NA;NA;NA;NA;NA;NA;NA;NA;NA
2022-04-20;0-60;21;21,0;21;21;21;21;21;21;21;21;21,0;21,0;71;71,0;71;71;71;71;71;71;71;71;71,0;71,0;1,0000000000000000;1,000000000000000;1,000000000000000;1,000000000000000;1,0000000000000000;1,0000000000000000;1,0000000000000000;1,0000000000000000;1,0000000000000000;1,0000000000000000;1,0000000000000000
2022-04-20;60+;52;52,0;52;52;52;52;52;52;52;52;52,0;52,0;167;167,0;167;167;167;167;167;167;167;167;167,0;167,0;1,0000000000000000;1,000000000000000;1,000000000000000;1,000000000000000;1,0000000000000000;1,0000000000000000;1,0000000000000000;1,0000000000000000;1,0000000000000000;1,0000000000000000;1,0000000000000000
2022-04-20;alle;73;73,0;73;73;73;73;73;73;73;73;73,0;73,0;238;238,0;238;238;238;238;238;238;238;238;238,0;238,0;NA;NA;NA;NA;NA;NA;NA;NA;NA;NA;NA
2022-04-19;0-60;2;2,0;2;2;2;2;2;2;2;2;2,0;2,0;71;71,0;71;71;71;71;71;71;71;71;71,0;71,0;1,0000000000000000;1,000000000000000;1,000000000000000;1,000000000000000;1,0000000000000000;1,0000000000000000;1,0000000000000000;1,0000000000000000;1,0000000000000000;1,0000000000000000;1,0000000000000000
2022-04-19;60+;10;10,0;10;10;10;10;10;10;10;10;10,0;10,0;161;161,0;161;161;161;161;161;161;161;161;161,0;161,0;1,0000000000000000;1,000000000000000;1,000000000000000;1,000000000000000;1,0000000000000000;1,0000000000000000;1,0000000000000000;1,0000000000000000;1,0000000000000000;1,0000000000000000;1,0000000000000000
2022-04-19;alle;12;12,0;12;12;12;12;12;12;12;12;12,0;12,0;232;232,0;232;232;232;232;232;232;232;232;232,0;232,0;NA;NA;NA;NA;NA;NA;NA;NA;NA;NA;NA
2022-04-18;0-60;4;4,0;4;4;4;4;4;4;4;4;4,0;4,0;83;83,0;83;83;83;83;83;83;83;83;83,0;83,0;1,0000000000000000;1,000000000000000;1,000000000000000;1,000000000000000;1,0000000000000000;1,0000000000000000;1,0000000000000000;1,0000000000000000;1,0000000000000000;1,0000000000000000;1,0000000000000000
2022-04-18;60+;6;6,0;6;6;6;6;6;6;6;6;6,0;6,0;205;205,0;205;205;205;205;205;205;205;205;205,0;205,0;1,0000000000000000;1,000000000000000;1,000000000000000;1,000000000000000;1,0000000000000000;1,0000000000000000;1,0000000000000000;1,0000000000000000;1,0000000000000000;1,0000000000000000;1,0000000000000000
2022-04-18;alle;10;10,0;10;10;10;10;10;10;10;10;10,0;10,0;288;288,0;288;288;288;288;288;288;288;288;288,0;288,0;NA;NA;NA;NA;NA;NA;NA;NA;NA;NA;NA
2022-04-17;0-60;2;2,0;2;2;2;2;2;2;2;2;2,0;2,0;81;81,0;81;81;81;81;81;81;81;81;81,0;81,0;1,0000000000000000;1,000000000000000;1,000000000000000;1,000000000000000;1,0000000000000000;1,0000000000000000;1,0000000000000000;1,0000000000000000;1,0000000000000000;1,0000000000000000;1,0000000000000000
2022-04-17;60+;5;5,0;5;5;5;5;5;5;5;5;5,0;5,0;205;205,0;205;205;205;205;205;205;205;205;205,0;205,0;1,0000000000000000;1,000000000000000;1,000000000000000;1,000000000000000;1,0000000000000000;1,0000000000000000;1,0000000000000000;1,0000000000000000;1,0000000000000000;1,0000000000000000;1,0000000000000000
2022-04-17;alle;7;7,0;7;7;7;7;7;7;7;7;7,0;7,0;286;286,0;286;286;286;286;286;286;286;286;286,0;286,0;NA;NA;NA;NA;NA;NA;NA;NA;NA;NA;NA
2022-04-16;0-60;6;6,0;6;6;6;6;6;6;6;6;6,0;6,0;87;87,0;87;87;87;87;87;87;87;87;87,0;87,0;1,0000000000000000;1,000000000000000;1,000000000000000;1,000000000000000;1,0000000000000000;1,0000000000000000;1,0000000000000000;1,0000000000000000;1,0000000000000000;1,0000000000000000;1,0000000000000000
2022-04-16;60+;11;11,0;11;11;11;11;11;11;11;11;11,0;11,0;214;214,0;214;214;214;214;214;214;214;214;214,0;214,0;1,0000000000000000;1,000000000000000;1,000000000000000;1,000000000000000;1,0000000000000000;1,0000000000000000;1,0000000000000000;1,0000000000000000;1,0000000000000000;1,0000000000000000;1,0000000000000000
2022-04-16;alle;17;17,0;17;17;17;17;17;17;17;17;17,0;17,0;301;301,0;301;301;301;301;301;301;301;301;301,0;301,0;NA;NA;NA;NA;NA;NA;NA;NA;NA;NA;NA
2022-04-15;0-60;19;19,0;19;19;19;19;19;19;19;19;19,0;19,0;102;102,0;102;102;102;102;102;102;102;102;102,0;102,0;1,0000000000000000;1,000000000000000;1,000000000000000;1,000000000000000;1,0000000000000000;1,0000000000000000;1,0000000000000000;1,0000000000000000;1,0000000000000000;1,0000000000000000;1,0000000000000000
2022-04-15;60+;38;38,0;38;38;38;38;38;38;38;38;38,0;38,0;242;242,0;242;242;242;242;242;242;242;242;242,0;242,0;1,0000000000000000;1,000000000000000;1,000000000000000;1,000000000000000;1,0000000000000000;1,0000000000000000;1,0000000000000000;1,0000000000000000;1,0000000000000000;1,0000000000000000;1,0000000000000000
2022-04-15;alle;57;57,0;57;57;57;57;57;57;57;57;57,0;57,0;344;344,0;344;344;344;344;344;344;344;344;344,0;344,0;NA;NA;NA;NA;NA;NA;NA;NA;NA;NA;NA
2022-04-14;0-60;17;17,0;17;17;17;17;17;17;17;17;17,0;17,0;102;102,0;102;102;102;102;102;102;102;102;102,0;102,0;1,0000000000000000;1,000000000000000;1,000000000000000;1,000000000000000;1,0000000000000000;1,0000000000000000;1,0000000000000000;1,0000000000000000;1,0000000000000000;1,0000000000000000;1,0000000000000000
2022-04-14;60+;45;45,0;45;45;45;45;45;45;45;45;45,0;45,0;252;252,0;252;252;252;252;252;252;252;252;252,0;252,0;1,0000000000000000;1,000000000000000;1,000000000000000;1,000000000000000;1,0000000000000000;1,0000000000000000;1,0000000000000000;1,0000000000000000;1,0000000000000000;1,0000000000000000;1,0000000000000000
2022-04-14;alle;62;62,0;62;62;62;62;62;62;62;62;62,0;62,0;354;354,0;354;354;354;354;354;354;354;354;354,0;354,0;NA;NA;NA;NA;NA;NA;NA;NA;NA;NA;NA
2022-04-13;0-60;21;21,0;21;21;21;21;21;21;21;21;21,0;21,0;108;108,0;108;108;108;108;108;108;108;108;108,0;108,0;1,0000000000000000;1,000000000000000;1,000000000000000;1,000000000000000;1,0000000000000000;1,0000000000000000;1,0000000000000000;1,0000000000000000;1,0000000000000000;1,0000000000000000;1,0000000000000000
2022-04-13;60+;46;46,0;46;46;46;46;46;46;46;46;46,0;46,0;254;254,0;254;254;254;254;254;254;254;254;254,0;254,0;1,0000000000000000;1,000000000000000;1,000000000000000;1,000000000000000;1,0000000000000000;1,0000000000000000;1,0000000000000000;1,0000000000000000;1,0000000000000000;1,0000000000000000;1,0000000000000000
2022-04-13;alle;67;67,0;67;67;67;67;67;67;67;67;67,0;67,0;362;362,0;362;362;362;362;362;362;362;362;362,0;362,0;NA;NA;NA;NA;NA;NA;NA;NA;NA;NA;NA
2022-04-12;0-60;14;14,0;14;14;14;14;14;14;14;14;14,0;14,0;114;114,0;114;114;114;114;114;114;114;114;114,0;114,0;1,0000000000000000;1,000000000000000;1,000000000000000;1,000000000000000;1,0000000000000000;1,0000000000000000;1,0000000000000000;1,0000000000000000;1,0000000000000000;1,0000000000000000;1,0000000000000000
2022-04-12;60+;54;54,0;54;54;54;54;54;54;54;54;54,0;54,0;268;268,0;268;268;268;268;268;268;268;268;268,0;268,0;1,0000000000000000;1,000000000000000;1,000000000000000;1,000000000000000;1,0000000000000000;1,0000000000000000;1,0000000000000000;1,0000000000000000;1,0000000000000000;1,0000000000000000;1,0000000000000000
2022-04-12;alle;68;68,0;68;68;68;68;68;68;68;68;68,0;68,0;382;382,0;382;382;382;382;382;382;382;382;382,0;382,0;NA;NA;NA;NA;NA;NA;NA;NA;NA;NA;NA
2022-04-11;0-60;2;2,0;2;2;2;2;2;2;2;2;2,0;2,0;114;114,0;114;114;114;114;114;114;114;114;114,0;114,0;1,0000000000000000;1,000000000000000;1,000000000000000;1,000000000000000;1,0000000000000000;1,0000000000000000;1,0000000000000000;1,0000000000000000;1,0000000000000000;1,0000000000000000;1,0000000000000000
2022-04-11;60+;6;6,0;6;6;6;6;6;6;6;6;6,0;6,0;270;270,0;270;270;270;270;270;270;270;270;270,0;270,0;1,0000000000000000;1,000000000000000;1,000000000000000;1,000000000000000;1,0000000000000000;1,0000000000000000;1,0000000000000000;1,0000000000000000;1,0000000000000000;1,0000000000000000;1,0000000000000000
2022-04-11;alle;8;8,0;8;8;8;8;8;8;8;8;8,0;8,0;384;384,0;384;384;384;384;384;384;384;384;384,0;384,0;NA;NA;NA;NA;NA;NA;NA;NA;NA;NA;NA
2022-04-10;0-60;8;8,0;8;8;8;8;8;8;8;8;8,0;8,0;119;119,0;119;119;119;119;119;119;119;119;119,0;119,0;1,0000000000000000;1,000000000000000;1,000000000000000;1,000000000000000;1,0000000000000000;1,0000000000000000;1,0000000000000000;1,0000000000000000;1,0000000000000000;1,0000000000000000;1,0000000000000000
2022-04-10;60+;14;14,0;14;14;14;14;14;14;14;14;14,0;14,0;276;276,0;276;276;276;276;276;276;276;276;276,0;276,0;1,0000000000000000;1,000000000000000;1,000000000000000;1,000000000000000;1,0000000000000000;1,0000000000000000;1,0000000000000000;1,0000000000000000;1,0000000000000000;1,0000000000000000;1,0000000000000000
2022-04-10;alle;22;22,0;22;22;22;22;22;22;22;22;22,0;22,0;395;395,0;395;395;395;395;395;395;395;395;395,0;395,0;NA;NA;NA;NA;NA;NA;NA;NA;NA;NA;NA
2022-04-09;0-60;21;21,0;21;21;21;21;21;21;21;21;21,0;21,0;114;114,0;114;114;114;114;114;114;114;114;114,0;114,0;1,0000000000000000;1,000000000000000;1,000000000000000;1,000000000000000;1,0000000000000000;1,0000000000000000;1,0000000000000000;1,0000000000000000;1,0000000000000000;1,0000000000000000;1,0000000000000000
2022-04-09;60+;39;39,0;39;39;39;39;39;39;39;39;39,0;39,0;270;270,0;270;270;270;270;270;270;270;270;270,0;270,0;1,0000000000000000;1,000000000000000;1,000000000000000;1,000000000000000;1,0000000000000000;1,0000000000000000;1,0000000000000000;1,0000000000000000;1,0000000000000000;1,0000000000000000;1,0000000000000000
2022-04-09;alle;60;60,0;60;60;60;60;60;60;60;60;60,0;60,0;384;384,0;384;384;384;384;384;384;384;384;384,0;384,0;NA;NA;NA;NA;NA;NA;NA;NA;NA;NA;NA
2022-04-08;0-60;19;19,0;19;19;19;19;19;19;19;19;19,0;19,0;106;106,0;106;106;106;106;106;106;106;106;106,0;106,0;1,0000000000000000;1,000000000000000;1,000000000000000;1,000000000000000;1,0000000000000000;1,0000000000000000;1,0000000000000000;1,0000000000000000;1,0000000000000000;1,0000000000000000;1,0000000000000000
2022-04-08;60+;48;48,0;48;48;48;48;48;48;48;48;48,0;48,0;280;280,0;280;280;280;280;280;280;280;280;280,0;280,0;1,0000000000000000;1,000000000000000;1,000000000000000;1,000000000000000;1,0000000000000000;1,0000000000000000;1,0000000000000000;1,0000000000000000;1,0000000000000000;1,0000000000000000;1,0000000000000000
2022-04-08;alle;67;67,0;67;67;67;67;67;67;67;67;67,0;67,0;386;386,0;386;386;386;386;386;386;386;386;386,0;386,0;NA;NA;NA;NA;NA;NA;NA;NA;NA;NA;NA
2022-04-07;0-60;23;23,0;23;23;23;23;23;23;23;23;23,0;23,0;107;107,0;107;107;107;107;107;107;107;107;107,0;107,0;1,0000000000000000;1,000000000000000;1,000000000000000;1,000000000000000;1,0000000000000000;1,0000000000000000;1,0000000000000000;1,0000000000000000;1,0000000000000000;1,0000000000000000;1,0000000000000000
2022-04-07;60+;47;47,0;47;47;47;47;47;47;47;47;47,0;47,0;272;272,0;272;272;272;272;272;272;272;272;272,0;272,0;1,0000000000000000;1,000000000000000;1,000000000000000;1,000000000000000;1,0000000000000000;1,0000000000000000;1,0000000000000000;1,0000000000000000;1,0000000000000000;1,0000000000000000;1,0000000000000000
2022-04-07;alle;70;70,0;70;70;70;70;70;70;70;70;70,0;70,0;379;379,0;379;379;379;379;379;379;379;379;379,0;379,0;NA;NA;NA;NA;NA;NA;NA;NA;NA;NA;NA
2022-04-06;0-60;27;27,0;27;27;27;27;27;27;27;27;27,0;27,0;106;106,0;106;106;106;106;106;106;106;106;106,0;106,0;1,0000000000000000;1,000000000000000;1,000000000000000;1,000000000000000;1,0000000000000000;1,0000000000000000;1,0000000000000000;1,0000000000000000;1,0000000000000000;1,0000000000000000;1,0000000000000000
2022-04-06;60+;60;60,0;60;60;60;60;60;60;60;60;60,0;60,0;262;262,0;262;262;262;262;262;262;262;262;262,0;262,0;1,0000000000000000;1,000000000000000;1,000000000000000;1,000000000000000;1,0000000000000000;1,0000000000000000;1,0000000000000000;1,0000000000000000;1,0000000000000000;1,0000000000000000;1,0000000000000000
2022-04-06;alle;87;87,0;87;87;87;87;87;87;87;87;87,0;87,0;368;368,0;368;368;368;368;368;368;368;368;368,0;368,0;NA;NA;NA;NA;NA;NA;NA;NA;NA;NA;NA
2022-04-05;0-60;14;14,0;14;14;14;14;14;14;14;14;14,0;14,0;112;112,0;112;112;112;112;112;112;112;112;112,0;112,0;1,0000000000000000;1,000000000000000;1,000000000000000;1,000000000000000;1,0000000000000000;1,0000000000000000;1,0000000000000000;1,0000000000000000;1,0000000000000000;1,0000000000000000;1,0000000000000000
2022-04-05;60+;56;56,0;56;56;56;56;56;56;56;56;56,0;56,0;250;250,0;250;250;250;250;250;250;250;250;250,0;250,0;1,0000000000000000;1,000000000000000;1,000000000000000;1,000000000000000;1,0000000000000000;1,0000000000000000;1,0000000000000000;1,0000000000000000;1,0000000000000000;1,0000000000000000;1,0000000000000000
2022-04-05;alle;70;70,0;70;70;70;70;70;70;70;70;70,0;70,0;362;362,0;362;362;362;362;362;362;362;362;362,0;362,0;NA;NA;NA;NA;NA;NA;NA;NA;NA;NA;NA
2022-04-04;0-60;7;7,0;7;7;7;7;7;7;7;7;7,0;7,0;127;127,0;127;127;127;127;127;127;127;127;127,0;127,0;1,0000000000000000;1,000000000000000;1,000000000000000;1,000000000000000;1,0000000000000000;1,0000000000000000;1,0000000000000000;1,0000000000000000;1,0000000000000000;1,0000000000000000;1,0000000000000000
2022-04-04;60+;12;12,0;12;12;12;12;12;12;12;12;12,0;12,0;258;258,0;258;258;258;258;258;258;258;258;258,0;258,0;1,0000000000000000;1,000000000000000;1,000000000000000;1,000000000000000;1,0000000000000000;1,0000000000000000;1,0000000000000000;1,0000000000000000;1,0000000000000000;1,0000000000000000;1,0000000000000000
2022-04-04;alle;19;19,0;19;19;19;19;19;19;19;19;19,0;19,0;385;385,0;385;385;385;385;385;385;385;385;385,0;385,0;NA;NA;NA;NA;NA;NA;NA;NA;NA;NA;NA
2022-04-03;0-60;3;3,0;3;3;3;3;3;3;3;3;3,0;3,0;125;125,0;125;125;125;125;125;125;125;125;125,0;125,0;1,0000000000000000;1,000000000000000;1,000000000000000;1,000000000000000;1,0000000000000000;1,0000000000000000;1,0000000000000000;1,0000000000000000;1,0000000000000000;1,0000000000000000;1,0000000000000000
2022-04-03;60+;8;8,0;8;8;8;8;8;8;8;8;8,0;8,0;258;258,0;258;258;258;258;258;258;258;258;258,0;258,0;1,0000000000000000;1,000000000000000;1,000000000000000;1,000000000000000;1,0000000000000000;1,0000000000000000;1,0000000000000000;1,0000000000000000;1,0000000000000000;1,0000000000000000;1,0000000000000000
2022-04-03;alle;11;11,0;11;11;11;11;11;11;11;11;11,0;11,0;383;383,0;383;383;383;383;383;383;383;383;383,0;383,0;NA;NA;NA;NA;NA;NA;NA;NA;NA;NA;NA
2022-04-02;0-60;13;13,0;13;13;13;13;13;13;13;13;13,0;13,0;131;131,0;131;131;131;131;131;131;131;131;131,0;131,0;1,0000000000000000;1,000000000000000;1,000000000000000;1,000000000000000;1,0000000000000000;1,0000000000000000;1,0000000000000000;1,0000000000000000;1,0000000000000000;1,0000000000000000;1,0000000000000000
2022-04-02;60+;49;49,0;49;49;49;49;49;49;49;49;49,0;49,0;268;268,0;268;268;268;268;268;268;268;268;268,0;268,0;1,0000000000000000;1,000000000000000;1,000000000000000;1,000000000000000;1,0000000000000000;1,0000000000000000;1,0000000000000000;1,0000000000000000;1,0000000000000000;1,0000000000000000;1,0000000000000000
2022-04-02;alle;62;62,0;62;62;62;62;62;62;62;62;62,0;62,0;399;399,0;399;399;399;399;399;399;399;399;399,0;399,0;NA;NA;NA;NA;NA;NA;NA;NA;NA;NA;NA
2022-04-01;0-60;20;20,0;20;20;20;20;20;20;20;20;20,0;20,0;131;131,0;131;131;131;131;131;131;131;131;131,0;131,0;1,0000000000000000;1,000000000000000;1,000000000000000;1,000000000000000;1,0000000000000000;1,0000000000000000;1,0000000000000000;1,0000000000000000;1,0000000000000000;1,0000000000000000;1,0000000000000000
2022-04-01;60+;40;40,0;40;40;40;40;40;40;40;40;40,0;40,0;273;273,0;273;273;273;273;273;273;273;273;273,0;273,0;1,0000000000000000;1,000000000000000;1,000000000000000;1,000000000000000;1,0000000000000000;1,0000000000000000;1,0000000000000000;1,0000000000000000;1,0000000000000000;1,0000000000000000;1,0000000000000000
2022-04-01;alle;60;60,0;60;60;60;60;60;60;60;60;60,0;60,0;404;404,0;404;404;404;404;404;404;404;404;404,0;404,0;NA;NA;NA;NA;NA;NA;NA;NA;NA;NA;NA
2022-03-31;0-60;22;22,0;22;22;22;22;22;22;22;22;22,0;22,0;129;129,0;129;129;129;129;129;129;129;129;129,0;129,0;1,0000000000000000;1,000000000000000;1,000000000000000;1,000000000000000;1,0000000000000000;1,0000000000000000;1,0000000000000000;1,0000000000000000;1,0000000000000000;1,0000000000000000;1,0000000000000000
2022-03-31;60+;37;37,0;37;37;37;37;37;37;37;37;37,0;37,0;274;274,0;274;274;274;274;274;274;274;274;274,0;274,0;1,0000000000000000;1,000000000000000;1,000000000000000;1,000000000000000;1,0000000000000000;1,0000000000000000;1,0000000000000000;1,0000000000000000;1,0000000000000000;1,0000000000000000;1,0000000000000000
2022-03-31;alle;59;59,0;59;59;59;59;59;59;59;59;59,0;59,0;403;403,0;403;403;403;403;403;403;403;403;403,0;403,0;NA;NA;NA;NA;NA;NA;NA;NA;NA;NA;NA
2022-03-30;0-60;33;33,0;33;33;33;33;33;33;33;33;33,0;33,0;125;125,0;125;125;125;125;125;125;125;125;125,0;125,0;1,0000000000000000;1,000000000000000;1,000000000000000;1,000000000000000;1,0000000000000000;1,0000000000000000;1,0000000000000000;1,0000000000000000;1,0000000000000000;1,0000000000000000;1,0000000000000000
2022-03-30;60+;48;48,0;48;48;48;48;48;48;48;48;48,0;48,0;287;287,0;287;287;287;287;287;287;287;287;287,0;287,0;1,0000000000000000;1,000000000000000;1,000000000000000;1,000000000000000;1,0000000000000000;1,0000000000000000;1,0000000000000000;1,0000000000000000;1,0000000000000000;1,0000000000000000;1,0000000000000000
2022-03-30;alle;81;81,0;81;81;81;81;81;81;81;81;81,0;81,0;412;412,0;412;412;412;412;412;412;412;412;412,0;412,0;NA;NA;NA;NA;NA;NA;NA;NA;NA;NA;NA
2022-03-29;0-60;29;29,0;29;29;29;29;29;29;29;29;29,0;29,0;121;121,0;121;121;121;121;121;121;121;121;121,0;121,0;1,0000000000000000;1,000000000000000;1,000000000000000;1,000000000000000;1,0000000000000000;1,0000000000000000;1,0000000000000000;1,0000000000000000;1,0000000000000000;1,0000000000000000;1,0000000000000000
2022-03-29;60+;64;64,0;64;64;64;64;64;64;64;64;64,0;64,0;308;308,0;308;308;308;308;308;308;308;308;308,0;308,0;1,0000000000000000;1,000000000000000;1,000000000000000;1,000000000000000;1,0000000000000000;1,0000000000000000;1,0000000000000000;1,0000000000000000;1,0000000000000000;1,0000000000000000;1,0000000000000000
2022-03-29;alle;93;93,0;93;93;93;93;93;93;93;93;93,0;93,0;429;429,0;429;429;429;429;429;429;429;429;429,0;429,0;NA;NA;NA;NA;NA;NA;NA;NA;NA;NA;NA
2022-03-28;0-60;5;5,0;5;5;5;5;5;5;5;5;5,0;5,0;115;115,0;115;115;115;115;115;115;115;115;115,0;115,0;1,0000000000000000;1,000000000000000;1,000000000000000;1,000000000000000;1,0000000000000000;1,0000000000000000;1,0000000000000000;1,0000000000000000;1,0000000000000000;1,0000000000000000;1,0000000000000000
2022-03-28;60+;12;12,0;12;12;12;12;12;12;12;12;12,0;12,0;299;299,0;299;299;299;299;299;299;299;299;299,0;299,0;1,0000000000000000;1,000000000000000;1,000000000000000;1,000000000000000;1,0000000000000000;1,0000000000000000;1,0000000000000000;1,0000000000000000;1,0000000000000000;1,0000000000000000;1,0000000000000000
2022-03-28;alle;17;17,0;17;17;17;17;17;17;17;17;17,0;17,0;414;414,0;414;414;414;414;414;414;414;414;414,0;414,0;NA;NA;NA;NA;NA;NA;NA;NA;NA;NA;NA
2022-03-27;0-60;9;9,0;9;9;9;9;9;9;9;9;9,0;9,0;119;119,0;119;119;119;119;119;119;119;119;119,0;119,0;1,0000000000000000;1,000000000000000;1,000000000000000;1,000000000000000;1,0000000000000000;1,0000000000000000;1,0000000000000000;1,0000000000000000;1,0000000000000000;1,0000000000000000;1,0000000000000000
2022-03-27;60+;18;18,0;18;18;18;18;18;18;18;18;18,0;18,0;300;300,0;300;300;300;300;300;300;300;300;300,0;300,0;1,0000000000000000;1,000000000000000;1,000000000000000;1,000000000000000;1,0000000000000000;1,0000000000000000;1,0000000000000000;1,0000000000000000;1,0000000000000000;1,0000000000000000;1,0000000000000000
2022-03-27;alle;27;27,0;27;27;27;27;27;27;27;27;27,0;27,0;419;419,0;419;419;419;419;419;419;419;419;419,0;419,0;NA;NA;NA;NA;NA;NA;NA;NA;NA;NA;NA
2022-03-26;0-60;13;13,0;13;13;13;13;13;13;13;13;13,0;13,0;114;114,0;114;114;114;114;114;114;114;114;114,0;114,0;1,0000000000000000;1,000000000000000;1,000000000000000;1,000000000000000;1,0000000000000000;1,0000000000000000;1,0000000000000000;1,0000000000000000;1,0000000000000000;1,0000000000000000;1,0000000000000000
2022-03-26;60+;54;54,0;54;54;54;54;54;54;54;54;54,0;54,0;300;300,0;300;300;300;300;300;300;300;300;300,0;300,0;1,0000000000000000;1,000000000000000;1,000000000000000;1,000000000000000;1,0000000000000000;1,0000000000000000;1,0000000000000000;1,0000000000000000;1,0000000000000000;1,0000000000000000;1,0000000000000000
2022-03-26;alle;67;67,0;67;67;67;67;67;67;67;67;67,0;67,0;414;414,0;414;414;414;414;414;414;414;414;414,0;414,0;NA;NA;NA;NA;NA;NA;NA;NA;NA;NA;NA
2022-03-25;0-60;18;18,0;18;18;18;18;18;18;18;18;18,0;18,0;121;121,0;121;121;121;121;121;121;121;121;121,0;121,0;1,0000000000000000;1,000000000000000;1,000000000000000;1,000000000000000;1,0000000000000000;1,0000000000000000;1,0000000000000000;1,0000000000000000;1,0000000000000000;1,0000000000000000;1,0000000000000000
2022-03-25;60+;41;41,0;41;41;41;41;41;41;41;41;41,0;41,0;279;279,0;279;279;279;279;279;279;279;279;279,0;279,0;1,0000000000000000;1,000000000000000;1,000000000000000;1,000000000000000;1,0000000000000000;1,0000000000000000;1,0000000000000000;1,0000000000000000;1,0000000000000000;1,0000000000000000;1,0000000000000000
2022-03-25;alle;59;59,0;59;59;59;59;59;59;59;59;59,0;59,0;400;400,0;400;400;400;400;400;400;400;400;400,0;400,0;NA;NA;NA;NA;NA;NA;NA;NA;NA;NA;NA
2022-03-24;0-60;18;18,0;18;18;18;18;18;18;18;18;18,0;18,0;120;120,0;120;120;120;120;120;120;120;120;120,0;120,0;1,0000000000000000;1,000000000000000;1,000000000000000;1,000000000000000;1,0000000000000000;1,0000000000000000;1,0000000000000000;1,0000000000000000;1,0000000000000000;1,0000000000000000;1,0000000000000000
2022-03-24;60+;50;50,0;50;50;50;50;50;50;50;50;50,0;50,0;278;278,0;278;278;278;278;278;278;278;278;278,0;278,0;1,0000000000000000;1,000000000000000;1,000000000000000;1,000000000000000;1,0000000000000000;1,0000000000000000;1,0000000000000000;1,0000000000000000;1,0000000000000000;1,0000000000000000;1,0000000000000000
2022-03-24;alle;68;68,0;68;68;68;68;68;68;68;68;68,0;68,0;398;398,0;398;398;398;398;398;398;398;398;398,0;398,0;NA;NA;NA;NA;NA;NA;NA;NA;NA;NA;NA
2022-03-23;0-60;29;29,0;29;29;29;29;29;29;29;29;29,0;29,0;121;121,0;121;121;121;121;121;121;121;121;121,0;121,0;1,0000000000000000;1,000000000000000;1,000000000000000;1,000000000000000;1,0000000000000000;1,0000000000000000;1,0000000000000000;1,0000000000000000;1,0000000000000000;1,0000000000000000;1,0000000000000000
2022-03-23;60+;69;69,0;69;69;69;69;69;69;69;69;69,0;69,0;278;278,0;278;278;278;278;278;278;278;278;278,0;278,0;1,0000000000000000;1,000000000000000;1,000000000000000;1,000000000000000;1,0000000000000000;1,0000000000000000;1,0000000000000000;1,0000000000000000;1,0000000000000000;1,0000000000000000;1,0000000000000000
2022-03-23;alle;98;98,0;98;98;98;98;98;98;98;98;98,0;98,0;399;399,0;399;399;399;399;399;399;399;399;399,0;399,0;NA;NA;NA;NA;NA;NA;NA;NA;NA;NA;NA
2022-03-22;0-60;23;23,0;23;23;23;23;23;23;23;23;23,0;23,0;124;124,0;124;124;124;124;124;124;124;124;124,0;124,0;1,0000000000000000;1,000000000000000;1,000000000000000;1,000000000000000;1,0000000000000000;1,0000000000000000;1,0000000000000000;1,0000000000000000;1,0000000000000000;1,0000000000000000;1,0000000000000000
2022-03-22;60+;55;55,0;55;55;55;55;55;55;55;55;55,0;55,0;259;259,0;259;259;259;259;259;259;259;259;259,0;259,0;1,0000000000000000;1,000000000000000;1,000000000000000;1,000000000000000;1,0000000000000000;1,0000000000000000;1,0000000000000000;1,0000000000000000;1,0000000000000000;1,0000000000000000;1,0000000000000000
2022-03-22;alle;78;78,0;78;78;78;78;78;78;78;78;78,0;78,0;383;383,0;383;383;383;383;383;383;383;383;383,0;383,0;NA;NA;NA;NA;NA;NA;NA;NA;NA;NA;NA
2022-03-21;0-60;9;9,0;9;9;9;9;9;9;9;9;9,0;9,0;126;126,0;126;126;126;126;126;126;126;126;126,0;126,0;1,0000000000000000;1,000000000000000;1,000000000000000;1,000000000000000;1,0000000000000000;1,0000000000000000;1,0000000000000000;1,0000000000000000;1,0000000000000000;1,0000000000000000;1,0000000000000000
2022-03-21;60+;13;13,0;13;13;13;13;13;13;13;13;13,0;13,0;250;250,0;250;250;250;250;250;250;250;250;250,0;250,0;1,0000000000000000;1,000000000000000;1,000000000000000;1,000000000000000;1,0000000000000000;1,0000000000000000;1,0000000000000000;1,0000000000000000;1,0000000000000000;1,0000000000000000;1,0000000000000000
2022-03-21;alle;22;22,0;22;22;22;22;22;22;22;22;22,0;22,0;376;376,0;376;376;376;376;376;376;376;376;376,0;376,0;NA;NA;NA;NA;NA;NA;NA;NA;NA;NA;NA
2022-03-20;0-60;4;4,0;4;4;4;4;4;4;4;4;4,0;4,0;122;122,0;122;122;122;122;122;122;122;122;122,0;122,0;1,0000000000000000;1,000000000000000;1,000000000000000;1,000000000000000;1,0000000000000000;1,0000000000000000;1,0000000000000000;1,0000000000000000;1,0000000000000000;1,0000000000000000;1,0000000000000000
2022-03-20;60+;18;18,0;18;18;18;18;18;18;18;18;18,0;18,0;247;247,0;247;247;247;247;247;247;247;247;247,0;247,0;1,0000000000000000;1,000000000000000;1,000000000000000;1,000000000000000;1,0000000000000000;1,0000000000000000;1,0000000000000000;1,0000000000000000;1,0000000000000000;1,0000000000000000;1,0000000000000000
2022-03-20;alle;22;22,0;22;22;22;22;22;22;22;22;22,0;22,0;369;369,0;369;369;369;369;369;369;369;369;369,0;369,0;NA;NA;NA;NA;NA;NA;NA;NA;NA;NA;NA
2022-03-19;0-60;20;20,0;20;20;20;20;20;20;20;20;20,0;20,0;128;128,0;128;128;128;128;128;128;128;128;128,0;128,0;1,0000000000000000;1,000000000000000;1,000000000000000;1,000000000000000;1,0000000000000000;1,0000000000000000;1,0000000000000000;1,0000000000000000;1,0000000000000000;1,0000000000000000;1,0000000000000000
2022-03-19;60+;33;33,0;33;33;33;33;33;33;33;33;33,0;33,0;242;242,0;242;242;242;242;242;242;242;242;242,0;242,0;1,0000000000000000;1,000000000000000;1,000000000000000;1,000000000000000;1,0000000000000000;1,0000000000000000;1,0000000000000000;1,0000000000000000;1,0000000000000000;1,0000000000000000;1,0000000000000000
2022-03-19;alle;53;53,0;53;53;53;53;53;53;53;53;53,0;53,0;370;370,0;370;370;370;370;370;370;370;370;370,0;370,0;NA;NA;NA;NA;NA;NA;NA;NA;NA;NA;NA
2022-03-18;0-60;17;17,0;17;17;17;17;17;17;17;17;17,0;17,0;119;119,0;119;119;119;119;119;119;119;119;119,0;119,0;1,0000000000000000;1,000000000000000;1,000000000000000;1,000000000000000;1,0000000000000000;1,0000000000000000;1,0000000000000000;1,0000000000000000;1,0000000000000000;1,0000000000000000;1,0000000000000000
2022-03-18;60+;40;40,0;40;40;40;40;40;40;40;40;40,0;40,0;232;232,0;232;232;232;232;232;232;232;232;232,0;232,0;1,0000000000000000;1,000000000000000;1,000000000000000;1,000000000000000;1,0000000000000000;1,0000000000000000;1,0000000000000000;1,0000000000000000;1,0000000000000000;1,0000000000000000;1,0000000000000000
2022-03-18;alle;57;57,0;57;57;57;57;57;57;57;57;57,0;57,0;351;351,0;351;351;351;351;351;351;351;351;351,0;351,0;NA;NA;NA;NA;NA;NA;NA;NA;NA;NA;NA
2022-03-17;0-60;19;19,0;19;19;19;19;19;19;19;19;19,0;19,0;123;123,0;123;123;123;123;123;123;123;123;123,0;123,0;1,0000000000000000;1,000000000000000;1,000000000000000;1,000000000000000;1,0000000000000000;1,0000000000000000;1,0000000000000000;1,0000000000000000;1,0000000000000000;1,0000000000000000;1,0000000000000000
2022-03-17;60+;50;50,0;50;50;50;50;50;50;50;50;50,0;50,0;226;226,0;226;226;226;226;226;226;226;226;226,0;226,0;1,0000000000000000;1,000000000000000;1,000000000000000;1,000000000000000;1,0000000000000000;1,0000000000000000;1,0000000000000000;1,0000000000000000;1,0000000000000000;1,0000000000000000;1,0000000000000000
2022-03-17;alle;69;69,0;69;69;69;69;69;69;69;69;69,0;69,0;349;349,0;349;349;349;349;349;349;349;349;349,0;349,0;NA;NA;NA;NA;NA;NA;NA;NA;NA;NA;NA
2022-03-16;0-60;32;32,0;32;32;32;32;32;32;32;32;32,0;32,0;131;131,0;131;131;131;131;131;131;131;131;131,0;131,0;1,0000000000000000;1,000000000000000;1,000000000000000;1,000000000000000;1,0000000000000000;1,0000000000000000;1,0000000000000000;1,0000000000000000;1,0000000000000000;1,0000000000000000;1,0000000000000000
2022-03-16;60+;50;50,0;50;50;50;50;50;50;50;50;50,0;50,0;208;208,0;208;208;208;208;208;208;208;208;208,0;208,0;1,0000000000000000;1,000000000000000;1,000000000000000;1,000000000000000;1,0000000000000000;1,0000000000000000;1,0000000000000000;1,0000000000000000;1,0000000000000000;1,0000000000000000;1,0000000000000000
2022-03-16;alle;82;82,0;82;82;82;82;82;82;82;82;82,0;82,0;339;339,0;339;339;339;339;339;339;339;339;339,0;339,0;NA;NA;NA;NA;NA;NA;NA;NA;NA;NA;NA
2022-03-15;0-60;25;25,0;25;25;25;25;25;25;25;25;25,0;25,0;119;119,0;119;119;119;119;119;119;119;119;119,0;119,0;1,0000000000000000;1,000000000000000;1,000000000000000;1,000000000000000;1,0000000000000000;1,0000000000000000;1,0000000000000000;1,0000000000000000;1,0000000000000000;1,0000000000000000;1,0000000000000000
2022-03-15;60+;46;46,0;46;46;46;46;46;46;46;46;46,0;46,0;195;195,0;195;195;195;195;195;195;195;195;195,0;195,0;1,0000000000000000;1,000000000000000;1,000000000000000;1,000000000000000;1,0000000000000000;1,0000000000000000;1,0000000000000000;1,0000000000000000;1,0000000000000000;1,0000000000000000;1,0000000000000000
2022-03-15;alle;71;71,0;71;71;71;71;71;71;71;71;71,0;71,0;314;314,0;314;314;314;314;314;314;314;314;314,0;314,0;NA;NA;NA;NA;NA;NA;NA;NA;NA;NA;NA
2022-03-14;0-60;5;5,0;5;5;5;5;5;5;5;5;5,0;5,0;112;112,0;112;112;112;112;112;112;112;112;112,0;112,0;1,0000000000000000;1,000000000000000;1,000000000000000;1,000000000000000;1,0000000000000000;1,0000000000000000;1,0000000000000000;1,0000000000000000;1,0000000000000000;1,0000000000000000;1,0000000000000000
2022-03-14;60+;10;10,0;10;10;10;10;10;10;10;10;10,0;10,0;181;181,0;181;181;181;181;181;181;181;181;181,0;181,0;1,0000000000000000;1,000000000000000;1,000000000000000;1,000000000000000;1,0000000000000000;1,0000000000000000;1,0000000000000000;1,0000000000000000;1,0000000000000000;1,0000000000000000;1,0000000000000000
2022-03-14;alle;15;15,0;15;15;15;15;15;15;15;15;15,0;15,0;293;293,0;293;293;293;293;293;293;293;293;293,0;293,0;NA;NA;NA;NA;NA;NA;NA;NA;NA;NA;NA
2022-03-13;0-60;10;10,0;10;10;10;10;10;10;10;10;10,0;10,0;117;117,0;117;117;117;117;117;117;117;117;117,0;117,0;1,0000000000000000;1,000000000000000;1,000000000000000;1,000000000000000;1,0000000000000000;1,0000000000000000;1,0000000000000000;1,0000000000000000;1,0000000000000000;1,0000000000000000;1,0000000000000000
2022-03-13;60+;13;13,0;13;13;13;13;13;13;13;13;13,0;13,0;181;181,0;181;181;181;181;181;181;181;181;181,0;181,0;1,0000000000000000;1,000000000000000;1,000000000000000;1,000000000000000;1,0000000000000000;1,0000000000000000;1,0000000000000000;1,0000000000000000;1,0000000000000000;1,0000000000000000;1,0000000000000000
2022-03-13;alle;23;23,0;23;23;23;23;23;23;23;23;23,0;23,0;298;298,0;298;298;298;298;298;298;298;298;298,0;298,0;NA;NA;NA;NA;NA;NA;NA;NA;NA;NA;NA
2022-03-12;0-60;11;11,0;11;11;11;11;11;11;11;11;11,0;11,0;111;111,0;111;111;111;111;111;111;111;111;111,0;111,0;1,0000000000000000;1,000000000000000;1,000000000000000;1,000000000000000;1,0000000000000000;1,0000000000000000;1,0000000000000000;1,0000000000000000;1,0000000000000000;1,0000000000000000;1,0000000000000000
2022-03-12;60+;23;23,0;23;23;23;23;23;23;23;23;23,0;23,0;176;176,0;176;176;176;176;176;176;176;176;176,0;176,0;1,0000000000000000;1,000000000000000;1,000000000000000;1,000000000000000;1,0000000000000000;1,0000000000000000;1,0000000000000000;1,0000000000000000;1,0000000000000000;1,0000000000000000;1,0000000000000000
2022-03-12;alle;34;34,0;34;34;34;34;34;34;34;34;34,0;34,0;287;287,0;287;287;287;287;287;287;287;287;287,0;287,0;NA;NA;NA;NA;NA;NA;NA;NA;NA;NA;NA
2022-03-11;0-60;21;21,0;21;21;21;21;21;21;21;21;21,0;21,0;110;110,0;110;110;110;110;110;110;110;110;110,0;110,0;1,0000000000000000;1,000000000000000;1,000000000000000;1,000000000000000;1,0000000000000000;1,0000000000000000;1,0000000000000000;1,0000000000000000;1,0000000000000000;1,0000000000000000;1,0000000000000000
2022-03-11;60+;34;34,0;34;34;34;34;34;34;34;34;34,0;34,0;192;192,0;192;192;192;192;192;192;192;192;192,0;192,0;1,0000000000000000;1,000000000000000;1,000000000000000;1,000000000000000;1,0000000000000000;1,0000000000000000;1,0000000000000000;1,0000000000000000;1,0000000000000000;1,0000000000000000;1,0000000000000000
2022-03-11;alle;55;55,0;55;55;55;55;55;55;55;55;55,0;55,0;302;302,0;302;302;302;302;302;302;302;302;302,0;302,0;NA;NA;NA;NA;NA;NA;NA;NA;NA;NA;NA
2022-03-10;0-60;27;27,0;27;27;27;27;27;27;27;27;27,0;27,0;100;100,0;100;100;100;100;100;100;100;100;100,0;100,0;1,0000000000000000;1,000000000000000;1,000000000000000;1,000000000000000;1,0000000000000000;1,0000000000000000;1,0000000000000000;1,0000000000000000;1,0000000000000000;1,0000000000000000;1,0000000000000000
2022-03-10;60+;32;32,0;32;32;32;32;32;32;32;32;32,0;32,0;188;188,0;188;188;188;188;188;188;188;188;188,0;188,0;1,0000000000000000;1,000000000000000;1,000000000000000;1,000000000000000;1,0000000000000000;1,0000000000000000;1,0000000000000000;1,0000000000000000;1,0000000000000000;1,0000000000000000;1,0000000000000000
2022-03-10;alle;59;59,0;59;59;59;59;59;59;59;59;59,0;59,0;288;288,0;288;288;288;288;288;288;288;288;288,0;288,0;NA;NA;NA;NA;NA;NA;NA;NA;NA;NA;NA
2022-03-09;0-60;20;20,0;20;20;20;20;20;20;20;20;20,0;20,0;87;87,0;87;87;87;87;87;87;87;87;87,0;87,0;1,0000000000000000;1,000000000000000;1,000000000000000;1,000000000000000;1,0000000000000000;1,0000000000000000;1,0000000000000000;1,0000000000000000;1,0000000000000000;1,0000000000000000;1,0000000000000000
2022-03-09;60+;37;37,0;37;37;37;37;37;37;37;37;37,0;37,0;180;180,0;180;180;180;180;180;180;180;180;180,0;180,0;1,0000000000000000;1,000000000000000;1,000000000000000;1,000000000000000;1,0000000000000000;1,0000000000000000;1,0000000000000000;1,0000000000000000;1,0000000000000000;1,0000000000000000;1,0000000000000000
2022-03-09;alle;57;57,0;57;57;57;57;57;57;57;57;57,0;57,0;267;267,0;267;267;267;267;267;267;267;267;267,0;267,0;NA;NA;NA;NA;NA;NA;NA;NA;NA;NA;NA
2022-03-08;0-60;18;18,0;18;18;18;18;18;18;18;18;18,0;18,0;88;88,0;88;88;88;88;88;88;88;88;88,0;88,0;1,0000000000000000;1,000000000000000;1,000000000000000;1,000000000000000;1,0000000000000000;1,0000000000000000;1,0000000000000000;1,0000000000000000;1,0000000000000000;1,0000000000000000;1,0000000000000000
2022-03-08;60+;32;32,0;32;32;32;32;32;32;32;32;32,0;32,0;176;176,0;176;176;176;176;176;176;176;176;176,0;176,0;1,0000000000000000;1,000000000000000;1,000000000000000;1,000000000000000;1,0000000000000000;1,0000000000000000;1,0000000000000000;1,0000000000000000;1,0000000000000000;1,0000000000000000;1,0000000000000000
2022-03-08;alle;50;50,0;50;50;50;50;50;50;50;50;50,0;50,0;264;264,0;264;264;264;264;264;264;264;264;264,0;264,0;NA;NA;NA;NA;NA;NA;NA;NA;NA;NA;NA
2022-03-07;0-60;10;10,0;10;10;10;10;10;10;10;10;10,0;10,0;90;90,0;90;90;90;90;90;90;90;90;90,0;90,0;1,0000000000000000;1,000000000000000;1,000000000000000;1,000000000000000;1,0000000000000000;1,0000000000000000;1,0000000000000000;1,0000000000000000;1,0000000000000000;1,0000000000000000;1,0000000000000000
2022-03-07;60+;10;10,0;10;10;10;10;10;10;10;10;10,0;10,0;170;170,0;170;170;170;170;170;170;170;170;170,0;170,0;1,0000000000000000;1,000000000000000;1,000000000000000;1,000000000000000;1,0000000000000000;1,0000000000000000;1,0000000000000000;1,0000000000000000;1,0000000000000000;1,0000000000000000;1,0000000000000000
2022-03-07;alle;20;20,0;20;20;20;20;20;20;20;20;20,0;20,0;260;260,0;260;260;260;260;260;260;260;260;260,0;260,0;NA;NA;NA;NA;NA;NA;NA;NA;NA;NA;NA
2022-03-06;0-60;4;4,0;4;4;4;4;4;4;4;4;4,0;4,0;82;82,0;82;82;82;82;82;82;82;82;82,0;82,0;1,0000000000000000;1,000000000000000;1,000000000000000;1,000000000000000;1,0000000000000000;1,0000000000000000;1,0000000000000000;1,0000000000000000;1,0000000000000000;1,0000000000000000;1,0000000000000000
2022-03-06;60+;8;8,0;8;8;8;8;8;8;8;8;8,0;8,0;173;173,0;173;173;173;173;173;173;173;173;173,0;173,0;1,0000000000000000;1,000000000000000;1,000000000000000;1,000000000000000;1,0000000000000000;1,0000000000000000;1,0000000000000000;1,0000000000000000;1,0000000000000000;1,0000000000000000;1,0000000000000000
2022-03-06;alle;12;12,0;12;12;12;12;12;12;12;12;12,0;12,0;255;255,0;255;255;255;255;255;255;255;255;255,0;255,0;NA;NA;NA;NA;NA;NA;NA;NA;NA;NA;NA
2022-03-05;0-60;10;10,0;10;10;10;10;10;10;10;10;10,0;10,0;90;90,0;90;90;90;90;90;90;90;90;90,0;90,0;1,0000000000000000;1,000000000000000;1,000000000000000;1,000000000000000;1,0000000000000000;1,0000000000000000;1,0000000000000000;1,0000000000000000;1,0000000000000000;1,0000000000000000;1,0000000000000000
2022-03-05;60+;39;39,0;39;39;39;39;39;39;39;39;39,0;39,0;182;182,0;182;182;182;182;182;182;182;182;182,0;182,0;1,0000000000000000;1,000000000000000;1,000000000000000;1,000000000000000;1,0000000000000000;1,0000000000000000;1,0000000000000000;1,0000000000000000;1,0000000000000000;1,0000000000000000;1,0000000000000000
2022-03-05;alle;49;49,0;49;49;49;49;49;49;49;49;49,0;49,0;272;272,0;272;272;272;272;272;272;272;272;272,0;272,0;NA;NA;NA;NA;NA;NA;NA;NA;NA;NA;NA
2022-03-04;0-60;11;11,0;11;11;11;11;11;11;11;11;11,0;11,0;89;89,0;89;89;89;89;89;89;89;89;89,0;89,0;1,0000000000000000;1,000000000000000;1,000000000000000;1,000000000000000;1,0000000000000000;1,0000000000000000;1,0000000000000000;1,0000000000000000;1,0000000000000000;1,0000000000000000;1,0000000000000000
2022-03-04;60+;30;30,0;30;30;30;30;30;30;30;30;30,0;30,0;175;175,0;175;175;175;175;175;175;175;175;175,0;175,0;1,0000000000000000;1,000000000000000;1,000000000000000;1,000000000000000;1,0000000000000000;1,0000000000000000;1,0000000000000000;1,0000000000000000;1,0000000000000000;1,0000000000000000;1,0000000000000000
2022-03-04;alle;41;41,0;41;41;41;41;41;41;41;41;41,0;41,0;264;264,0;264;264;264;264;264;264;264;264;264,0;264,0;NA;NA;NA;NA;NA;NA;NA;NA;NA;NA;NA
2022-03-03;0-60;14;14,0;14;14;14;14;14;14;14;14;14,0;14,0;91;91,0;91;91;91;91;91;91;91;91;91,0;91,0;1,0000000000000000;1,000000000000000;1,000000000000000;1,000000000000000;1,0000000000000000;1,0000000000000000;1,0000000000000000;1,0000000000000000;1,0000000000000000;1,0000000000000000;1,0000000000000000
2022-03-03;60+;24;24,0;24;24;24;24;24;24;24;24;24,0;24,0;184;184,0;184;184;184;184;184;184;184;184;184,0;184,0;1,0000000000000000;1,000000000000000;1,000000000000000;1,000000000000000;1,0000000000000000;1,0000000000000000;1,0000000000000000;1,0000000000000000;1,0000000000000000;1,0000000000000000;1,0000000000000000
2022-03-03;alle;38;38,0;38;38;38;38;38;38;38;38;38,0;38,0;275;275,0;275;275;275;275;275;275;275;275;275,0;275,0;NA;NA;NA;NA;NA;NA;NA;NA;NA;NA;NA
2022-03-02;0-60;21;21,0;21;21;21;21;21;21;21;21;21,0;21,0;95;95,0;95;95;95;95;95;95;95;95;95,0;95,0;1,0000000000000000;1,000000000000000;1,000000000000000;1,000000000000000;1,0000000000000000;1,0000000000000000;1,0000000000000000;1,0000000000000000;1,0000000000000000;1,0000000000000000;1,0000000000000000
2022-03-02;60+;33;33,0;33;33;33;33;33;33;33;33;33,0;33,0;187;187,0;187;187;187;187;187;187;187;187;187,0;187,0;1,0000000000000000;1,000000000000000;1,000000000000000;1,000000000000000;1,0000000000000000;1,0000000000000000;1,0000000000000000;1,0000000000000000;1,0000000000000000;1,0000000000000000;1,0000000000000000
2022-03-02;alle;54;54,0;54;54;54;54;54;54;54;54;54,0;54,0;282;282,0;282;282;282;282;282;282;282;282;282,0;282,0;NA;NA;NA;NA;NA;NA;NA;NA;NA;NA;NA
2022-03-01;0-60;20;20,0;20;20;20;20;20;20;20;20;20,0;20,0;89;89,0;89;89;89;89;89;89;89;89;89,0;89,0;1,0000000000000000;1,000000000000000;1,000000000000000;1,000000000000000;1,0000000000000000;1,0000000000000000;1,0000000000000000;1,0000000000000000;1,0000000000000000;1,0000000000000000;1,0000000000000000
2022-03-01;60+;26;26,0;26;26;26;26;26;26;26;26;26,0;26,0;188;188,0;188;188;188;188;188;188;188;188;188,0;188,0;1,0000000000000000;1,000000000000000;1,000000000000000;1,000000000000000;1,0000000000000000;1,0000000000000000;1,0000000000000000;1,0000000000000000;1,0000000000000000;1,0000000000000000;1,0000000000000000
2022-03-01;alle;46;46,0;46;46;46;46;46;46;46;46;46,0;46,0;277;277,0;277;277;277;277;277;277;277;277;277,0;277,0;NA;NA;NA;NA;NA;NA;NA;NA;NA;NA;NA
2022-02-28;0-60;2;2,0;2;2;2;2;2;2;2;2;2,0;2,0;93;93,0;93;93;93;93;93;93;93;93;93,0;93,0;1,0000000000000000;1,000000000000000;1,000000000000000;1,000000000000000;1,0000000000000000;1,0000000000000000;1,0000000000000000;1,0000000000000000;1,0000000000000000;1,0000000000000000;1,0000000000000000
2022-02-28;60+;13;13,0;13;13;13;13;13;13;13;13;13,0;13,0;192;192,0;192;192;192;192;192;192;192;192;192,0;192,0;1,0000000000000000;1,000000000000000;1,000000000000000;1,000000000000000;1,0000000000000000;1,0000000000000000;1,0000000000000000;1,0000000000000000;1,0000000000000000;1,0000000000000000;1,0000000000000000
2022-02-28;alle;15;15,0;15;15;15;15;15;15;15;15;15,0;15,0;285;285,0;285;285;285;285;285;285;285;285;285,0;285,0;NA;NA;NA;NA;NA;NA;NA;NA;NA;NA;NA
2022-02-27;0-60;12;12,0;12;12;12;12;12;12;12;12;12,0;12,0;95;95,0;95;95;95;95;95;95;95;95;95,0;95,0;1,0000000000000000;1,000000000000000;1,000000000000000;1,000000000000000;1,0000000000000000;1,0000000000000000;1,0000000000000000;1,0000000000000000;1,0000000000000000;1,0000000000000000;1,0000000000000000
2022-02-27;60+;17;17,0;17;17;17;17;17;17;17;17;17,0;17,0;183;183,0;183;183;183;183;183;183;183;183;183,0;183,0;1,0000000000000000;1,000000000000000;1,000000000000000;1,000000000000000;1,0000000000000000;1,0000000000000000;1,0000000000000000;1,0000000000000000;1,0000000000000000;1,0000000000000000;1,0000000000000000
2022-02-27;alle;29;29,0;29;29;29;29;29;29;29;29;29,0;29,0;278;278,0;278;278;278;278;278;278;278;278;278,0;278,0;NA;NA;NA;NA;NA;NA;NA;NA;NA;NA;NA
2022-02-26;0-60;9;9,0;9;9;9;9;9;9;9;9;9,0;9,0;89;89,0;89;89;89;89;89;89;89;89;89,0;89,0;1,0000000000000000;1,000000000000000;1,000000000000000;1,000000000000000;1,0000000000000000;1,0000000000000000;1,0000000000000000;1,0000000000000000;1,0000000000000000;1,0000000000000000;1,0000000000000000
2022-02-26;60+;32;32,0;32;32;32;32;32;32;32;32;32,0;32,0;181;181,0;181;181;181;181;181;181;181;181;181,0;181,0;1,0000000000000000;1,000000000000000;1,000000000000000;1,000000000000000;1,0000000000000000;1,0000000000000000;1,0000000000000000;1,0000000000000000;1,0000000000000000;1,0000000000000000;1,0000000000000000
2022-02-26;alle;41;41,0;41;41;41;41;41;41;41;41;41,0;41,0;270;270,0;270;270;270;270;270;270;270;270;270,0;270,0;NA;NA;NA;NA;NA;NA;NA;NA;NA;NA;NA
2022-02-25;0-60;13;13,0;13;13;13;13;13;13;13;13;13,0;13,0;101;101,0;101;101;101;101;101;101;101;101;101,0;101,0;1,0000000000000000;1,000000000000000;1,000000000000000;1,000000000000000;1,0000000000000000;1,0000000000000000;1,0000000000000000;1,0000000000000000;1,0000000000000000;1,0000000000000000;1,0000000000000000
2022-02-25;60+;39;39,0;39;39;39;39;39;39;39;39;39,0;39,0;182;182,0;182;182;182;182;182;182;182;182;182,0;182,0;1,0000000000000000;1,000000000000000;1,000000000000000;1,000000000000000;1,0000000000000000;1,0000000000000000;1,0000000000000000;1,0000000000000000;1,0000000000000000;1,0000000000000000;1,0000000000000000
2022-02-25;alle;52;52,0;52;52;52;52;52;52;52;52;52,0;52,0;283;283,0;283;283;283;283;283;283;283;283;283,0;283,0;NA;NA;NA;NA;NA;NA;NA;NA;NA;NA;NA
2022-02-24;0-60;18;18,0;18;18;18;18;18;18;18;18;18,0;18,0;102;102,0;102;102;102;102;102;102;102;102;102,0;102,0;1,0000000000000000;1,000000000000000;1,000000000000000;1,000000000000000;1,0000000000000000;1,0000000000000000;1,0000000000000000;1,0000000000000000;1,0000000000000000;1,0000000000000000;1,0000000000000000
2022-02-24;60+;27;27,0;27;27;27;27;27;27;27;27;27,0;27,0;175;175,0;175;175;175;175;175;175;175;175;175,0;175,0;1,0000000000000000;1,000000000000000;1,000000000000000;1,000000000000000;1,0000000000000000;1,0000000000000000;1,0000000000000000;1,0000000000000000;1,0000000000000000;1,0000000000000000;1,0000000000000000
2022-02-24;alle;45;45,0;45;45;45;45;45;45;45;45;45,0;45,0;277;277,0;277;277;277;277;277;277;277;277;277,0;277,0;NA;NA;NA;NA;NA;NA;NA;NA;NA;NA;NA
2022-02-23;0-60;15;15,0;15;15;15;15;15;15;15;15;15,0;15,0;105;105,0;105;105;105;105;105;105;105;105;105,0;105,0;1,0000000000000000;1,000000000000000;1,000000000000000;1,000000000000000;1,0000000000000000;1,0000000000000000;1,0000000000000000;1,0000000000000000;1,0000000000000000;1,0000000000000000;1,0000000000000000
2022-02-23;60+;34;34,0;34;34;34;34;34;34;34;34;34,0;34,0;176;176,0;176;176;176;176;176;176;176;176;176,0;176,0;1,0000000000000000;1,000000000000000;1,000000000000000;1,000000000000000;1,0000000000000000;1,0000000000000000;1,0000000000000000;1,0000000000000000;1,0000000000000000;1,0000000000000000;1,0000000000000000
2022-02-23;alle;49;49,0;49;49;49;49;49;49;49;49;49,0;49,0;281;281,0;281;281;281;281;281;281;281;281;281,0;281,0;NA;NA;NA;NA;NA;NA;NA;NA;NA;NA;NA
2022-02-22;0-60;24;24,0;24;24;24;24;24;24;24;24;24,0;24,0;117;117,0;117;117;117;117;117;117;117;117;117,0;117,0;1,0000000000000000;1,000000000000000;1,000000000000000;1,000000000000000;1,0000000000000000;1,0000000000000000;1,0000000000000000;1,0000000000000000;1,0000000000000000;1,0000000000000000;1,0000000000000000
2022-02-22;60+;30;30,0;30;30;30;30;30;30;30;30;30,0;30,0;174;174,0;174;174;174;174;174;174;174;174;174,0;174,0;1,0000000000000000;1,000000000000000;1,000000000000000;1,000000000000000;1,0000000000000000;1,0000000000000000;1,0000000000000000;1,0000000000000000;1,0000000000000000;1,0000000000000000;1,0000000000000000
2022-02-22;alle;54;54,0;54;54;54;54;54;54;54;54;54,0;54,0;291;291,0;291;291;291;291;291;291;291;291;291,0;291,0;NA;NA;NA;NA;NA;NA;NA;NA;NA;NA;NA
2022-02-21;0-60;4;4,0;4;4;4;4;4;4;4;4;4,0;4,0;111;111,0;111;111;111;111;111;111;111;111;111,0;111,0;1,0000000000000000;1,000000000000000;1,000000000000000;1,000000000000000;1,0000000000000000;1,0000000000000000;1,0000000000000000;1,0000000000000000;1,0000000000000000;1,0000000000000000;1,0000000000000000
2022-02-21;60+;4;4,0;4;4;4;4;4;4;4;4;4,0;4,0;178;178,0;178;178;178;178;178;178;178;178;178,0;178,0;1,0000000000000000;1,000000000000000;1,000000000000000;1,000000000000000;1,0000000000000000;1,0000000000000000;1,0000000000000000;1,0000000000000000;1,0000000000000000;1,0000000000000000;1,0000000000000000
2022-02-21;alle;8;8,0;8;8;8;8;8;8;8;8;8,0;8,0;289;289,0;289;289;289;289;289;289;289;289;289,0;289,0;NA;NA;NA;NA;NA;NA;NA;NA;NA;NA;NA
2022-02-20;0-60;6;6,0;6;6;6;6;6;6;6;6;6,0;6,0;110;110,0;110;110;110;110;110;110;110;110;110,0;110,0;1,0000000000000000;1,000000000000000;1,000000000000000;1,000000000000000;1,0000000000000000;1,0000000000000000;1,0000000000000000;1,0000000000000000;1,0000000000000000;1,0000000000000000;1,0000000000000000
2022-02-20;60+;15;15,0;15;15;15;15;15;15;15;15;15,0;15,0;181;181,0;181;181;181;181;181;181;181;181;181,0;181,0;1,0000000000000000;1,000000000000000;1,000000000000000;1,000000000000000;1,0000000000000000;1,0000000000000000;1,0000000000000000;1,0000000000000000;1,0000000000000000;1,0000000000000000;1,0000000000000000
2022-02-20;alle;21;21,0;21;21;21;21;21;21;21;21;21,0;21,0;291;291,0;291;291;291;291;291;291;291;291;291,0;291,0;NA;NA;NA;NA;NA;NA;NA;NA;NA;NA;NA
2022-02-19;0-60;21;21,0;21;21;21;21;21;21;21;21;21,0;21,0;112;112,0;112;112;112;112;112;112;112;112;112,0;112,0;1,0000000000000000;1,000000000000000;1,000000000000000;1,000000000000000;1,0000000000000000;1,0000000000000000;1,0000000000000000;1,0000000000000000;1,0000000000000000;1,0000000000000000;1,0000000000000000
2022-02-19;60+;33;33,0;33;33;33;33;33;33;33;33;33,0;33,0;170;170,0;170;170;170;170;170;170;170;170;170,0;170,0;1,0000000000000000;1,000000000000000;1,000000000000000;1,000000000000000;1,0000000000000000;1,0000000000000000;1,0000000000000000;1,0000000000000000;1,0000000000000000;1,0000000000000000;1,0000000000000000
2022-02-19;alle;54;54,0;54;54;54;54;54;54;54;54;54,0;54,0;282;282,0;282;282;282;282;282;282;282;282;282,0;282,0;NA;NA;NA;NA;NA;NA;NA;NA;NA;NA;NA
2022-02-18;0-60;14;14,0;14;14;14;14;14;14;14;14;14,0;14,0;115;115,0;115;115;115;115;115;115;115;115;115,0;115,0;1,0000000000000000;1,000000000000000;1,000000000000000;1,000000000000000;1,0000000000000000;1,0000000000000000;1,0000000000000000;1,0000000000000000;1,0000000000000000;1,0000000000000000;1,0000000000000000
2022-02-18;60+;32;32,0;32;32;32;32;32;32;32;32;32,0;32,0;152;152,0;152;152;152;152;152;152;152;152;152,0;152,0;1,0000000000000000;1,000000000000000;1,000000000000000;1,000000000000000;1,0000000000000000;1,0000000000000000;1,0000000000000000;1,0000000000000000;1,0000000000000000;1,0000000000000000;1,0000000000000000
2022-02-18;alle;46;46,0;46;46;46;46;46;46;46;46;46,0;46,0;267;267,0;267;267;267;267;267;267;267;267;267,0;267,0;NA;NA;NA;NA;NA;NA;NA;NA;NA;NA;NA
2022-02-17;0-60;21;21,0;21;21;21;21;21;21;21;21;21,0;21,0;122;122,0;122;122;122;122;122;122;122;122;122,0;122,0;1,0000000000000000;1,000000000000000;1,000000000000000;1,000000000000000;1,0000000000000000;1,0000000000000000;1,0000000000000000;1,0000000000000000;1,0000000000000000;1,0000000000000000;1,0000000000000000
2022-02-17;60+;28;28,0;28;28;28;28;28;28;28;28;28,0;28,0;146;146,0;146;146;146;146;146;146;146;146;146,0;146,0;1,0000000000000000;1,000000000000000;1,000000000000000;1,000000000000000;1,0000000000000000;1,0000000000000000;1,0000000000000000;1,0000000000000000;1,0000000000000000;1,0000000000000000;1,0000000000000000
2022-02-17;alle;49;49,0;49;49;49;49;49;49;49;49;49,0;49,0;268;268,0;268;268;268;268;268;268;268;268;268,0;268,0;NA;NA;NA;NA;NA;NA;NA;NA;NA;NA;NA
2022-02-16;0-60;27;27,0;27;27;27;27;27;27;27;27;27,0;27,0;111;111,0;111;111;111;111;111;111;111;111;111,0;111,0;1,0000000000000000;1,000000000000000;1,000000000000000;1,000000000000000;1,0000000000000000;1,0000000000000000;1,0000000000000000;1,0000000000000000;1,0000000000000000;1,0000000000000000;1,0000000000000000
2022-02-16;60+;32;32,0;32;32;32;32;32;32;32;32;32,0;32,0;149;149,0;149;149;149;149;149;149;149;149;149,0;149,0;1,0000000000000000;1,000000000000000;1,000000000000000;1,000000000000000;1,0000000000000000;1,0000000000000000;1,0000000000000000;1,0000000000000000;1,0000000000000000;1,0000000000000000;1,0000000000000000
2022-02-16;alle;59;59,0;59;59;59;59;59;59;59;59;59,0;59,0;260;260,0;260;260;260;260;260;260;260;260;260,0;260,0;NA;NA;NA;NA;NA;NA;NA;NA;NA;NA;NA
2022-02-15;0-60;18;18,0;18;18;18;18;18;18;18;18;18,0;18,0;108;108,0;108;108;108;108;108;108;108;108;108,0;108,0;1,0000000000000000;1,000000000000000;1,000000000000000;1,000000000000000;1,0000000000000000;1,0000000000000000;1,0000000000000000;1,0000000000000000;1,0000000000000000;1,0000000000000000;1,0000000000000000
2022-02-15;60+;34;34,0;34;34;34;34;34;34;34;34;34,0;34,0;164;164,0;164;164;164;164;164;164;164;164;164,0;164,0;1,0000000000000000;1,000000000000000;1,000000000000000;1,000000000000000;1,0000000000000000;1,0000000000000000;1,0000000000000000;1,0000000000000000;1,0000000000000000;1,0000000000000000;1,0000000000000000
2022-02-15;alle;52;52,0;52;52;52;52;52;52;52;52;52,0;52,0;272;272,0;272;272;272;272;272;272;272;272;272,0;272,0;NA;NA;NA;NA;NA;NA;NA;NA;NA;NA;NA
2022-02-14;0-60;3;3,0;3;3;3;3;3;3;3;3;3,0;3,0;110;110,0;110;110;110;110;110;110;110;110;110,0;110,0;1,0000000000000000;1,000000000000000;1,000000000000000;1,000000000000000;1,0000000000000000;1,0000000000000000;1,0000000000000000;1,0000000000000000;1,0000000000000000;1,0000000000000000;1,0000000000000000
2022-02-14;60+;7;7,0;7;7;7;7;7;7;7;7;7,0;7,0;165;165,0;165;165;165;165;165;165;165;165;165,0;165,0;1,0000000000000000;1,000000000000000;1,000000000000000;1,000000000000000;1,0000000000000000;1,0000000000000000;1,0000000000000000;1,0000000000000000;1,0000000000000000;1,0000000000000000;1,0000000000000000
2022-02-14;alle;10;10,0;10;10;10;10;10;10;10;10;10,0;10,0;275;275,0;275;275;275;275;275;275;275;275;275,0;275,0;NA;NA;NA;NA;NA;NA;NA;NA;NA;NA;NA
2022-02-13;0-60;8;8,0;8;8;8;8;8;8;8;8;8,0;8,0;114;114,0;114;114;114;114;114;114;114;114;114,0;114,0;1,0000000000000000;1,000000000000000;1,000000000000000;1,000000000000000;1,0000000000000000;1,0000000000000000;1,0000000000000000;1,0000000000000000;1,0000000000000000;1,0000000000000000;1,0000000000000000
2022-02-13;60+;4;4,0;4;4;4;4;4;4;4;4;4,0;4,0;165;165,0;165;165;165;165;165;165;165;165;165,0;165,0;1,0000000000000000;1,000000000000000;1,000000000000000;1,000000000000000;1,0000000000000000;1,0000000000000000;1,0000000000000000;1,0000000000000000;1,0000000000000000;1,0000000000000000;1,0000000000000000
2022-02-13;alle;12;12,0;12;12;12;12;12;12;12;12;12,0;12,0;279;279,0;279;279;279;279;279;279;279;279;279,0;279,0;NA;NA;NA;NA;NA;NA;NA;NA;NA;NA;NA
2022-02-12;0-60;24;24,0;24;24;24;24;24;24;24;24;24,0;24,0;122;122,0;122;122;122;122;122;122;122;122;122,0;122,0;1,0000000000000000;1,000000000000000;1,000000000000000;1,000000000000000;1,0000000000000000;1,0000000000000000;1,0000000000000000;1,0000000000000000;1,0000000000000000;1,0000000000000000;1,0000000000000000
2022-02-12;60+;15;15,0;15;15;15;15;15;15;15;15;15,0;15,0;173;173,0;173;173;173;173;173;173;173;173;173,0;173,0;1,0000000000000000;1,000000000000000;1,000000000000000;1,000000000000000;1,0000000000000000;1,0000000000000000;1,0000000000000000;1,0000000000000000;1,0000000000000000;1,0000000000000000;1,0000000000000000
2022-02-12;alle;39;39,0;39;39;39;39;39;39;39;39;39,0;39,0;295;295,0;295;295;295;295;295;295;295;295;295,0;295,0;NA;NA;NA;NA;NA;NA;NA;NA;NA;NA;NA
2022-02-11;0-60;21;21,0;21;21;21;21;21;21;21;21;21,0;21,0;113;113,0;113;113;113;113;113;113;113;113;113,0;113,0;1,0000000000000000;1,000000000000000;1,000000000000000;1,000000000000000;1,0000000000000000;1,0000000000000000;1,0000000000000000;1,0000000000000000;1,0000000000000000;1,0000000000000000;1,0000000000000000
2022-02-11;60+;26;26,0;26;26;26;26;26;26;26;26;26,0;26,0;188;188,0;188;188;188;188;188;188;188;188;188,0;188,0;1,0000000000000000;1,000000000000000;1,000000000000000;1,000000000000000;1,0000000000000000;1,0000000000000000;1,0000000000000000;1,0000000000000000;1,0000000000000000;1,0000000000000000;1,0000000000000000
2022-02-11;alle;47;47,0;47;47;47;47;47;47;47;47;47,0;47,0;301;301,0;301;301;301;301;301;301;301;301;301,0;301,0;NA;NA;NA;NA;NA;NA;NA;NA;NA;NA;NA
2022-02-10;0-60;10;10,0;10;10;10;10;10;10;10;10;10,0;10,0;111;111,0;111;111;111;111;111;111;111;111;111,0;111,0;1,0000000000000000;1,000000000000000;1,000000000000000;1,000000000000000;1,0000000000000000;1,0000000000000000;1,0000000000000000;1,0000000000000000;1,0000000000000000;1,0000000000000000;1,0000000000000000
2022-02-10;60+;31;31,0;31;31;31;31;31;31;31;31;31,0;31,0;194;194,0;194;194;194;194;194;194;194;194;194,0;194,0;1,0000000000000000;1,000000000000000;1,000000000000000;1,000000000000000;1,0000000000000000;1,0000000000000000;1,0000000000000000;1,0000000000000000;1,0000000000000000;1,0000000000000000;1,0000000000000000
2022-02-10;alle;41;41,0;41;41;41;41;41;41;41;41;41,0;41,0;305;305,0;305;305;305;305;305;305;305;305;305,0;305,0;NA;NA;NA;NA;NA;NA;NA;NA;NA;NA;NA
2022-02-09;0-60;24;24,0;24;24;24;24;24;24;24;24;24,0;24,0;122;122,0;122;122;122;122;122;122;122;122;122,0;122,0;1,0000000000000000;1,000000000000000;1,000000000000000;1,000000000000000;1,0000000000000000;1,0000000000000000;1,0000000000000000;1,0000000000000000;1,0000000000000000;1,0000000000000000;1,0000000000000000
2022-02-09;60+;47;47,0;47;47;47;47;47;47;47;47;47,0;47,0;188;188,0;188;188;188;188;188;188;188;188;188,0;188,0;1,0000000000000000;1,000000000000000;1,000000000000000;1,000000000000000;1,0000000000000000;1,0000000000000000;1,0000000000000000;1,0000000000000000;1,0000000000000000;1,0000000000000000;1,0000000000000000
2022-02-09;alle;71;71,0;71;71;71;71;71;71;71;71;71,0;71,0;310;310,0;310;310;310;310;310;310;310;310;310,0;310,0;NA;NA;NA;NA;NA;NA;NA;NA;NA;NA;NA
2022-02-08;0-60;20;20,0;20;20;20;20;20;20;20;20;20,0;20,0;125;125,0;125;125;125;125;125;125;125;125;125,0;125,0;1,0000000000000000;1,000000000000000;1,000000000000000;1,000000000000000;1,0000000000000000;1,0000000000000000;1,0000000000000000;1,0000000000000000;1,0000000000000000;1,0000000000000000;1,0000000000000000
2022-02-08;60+;35;35,0;35;35;35;35;35;35;35;35;35,0;35,0;178;178,0;178;178;178;178;178;178;178;178;178,0;178,0;1,0000000000000000;1,000000000000000;1,000000000000000;1,000000000000000;1,0000000000000000;1,0000000000000000;1,0000000000000000;1,0000000000000000;1,0000000000000000;1,0000000000000000;1,0000000000000000
2022-02-08;alle;55;55,0;55;55;55;55;55;55;55;55;55,0;55,0;303;303,0;303;303;303;303;303;303;303;303;303,0;303,0;NA;NA;NA;NA;NA;NA;NA;NA;NA;NA;NA
2022-02-07;0-60;7;7,0;7;7;7;7;7;7;7;7;7,0;7,0;126;126,0;126;126;126;126;126;126;126;126;126,0;126,0;1,0000000000000000;1,000000000000000;1,000000000000000;1,000000000000000;1,0000000000000000;1,0000000000000000;1,0000000000000000;1,0000000000000000;1,0000000000000000;1,0000000000000000;1,0000000000000000
2022-02-07;60+;7;7,0;7;7;7;7;7;7;7;7;7,0;7,0;176;176,0;176;176;176;176;176;176;176;176;176,0;176,0;1,0000000000000000;1,000000000000000;1,000000000000000;1,000000000000000;1,0000000000000000;1,0000000000000000;1,0000000000000000;1,0000000000000000;1,0000000000000000;1,0000000000000000;1,0000000000000000
2022-02-07;alle;14;14,0;14;14;14;14;14;14;14;14;14,0;14,0;302;302,0;302;302;302;302;302;302;302;302;302,0;302,0;NA;NA;NA;NA;NA;NA;NA;NA;NA;NA;NA
2022-02-06;0-60;16;16,0;16;16;16;16;16;16;16;16;16,0;16,0;125;125,0;125;125;125;125;125;125;125;125;125,0;125,0;1,0000000000000000;1,000000000000000;1,000000000000000;1,000000000000000;1,0000000000000000;1,0000000000000000;1,0000000000000000;1,0000000000000000;1,0000000000000000;1,0000000000000000;1,0000000000000000
2022-02-06;60+;12;12,0;12;12;12;12;12;12;12;12;12,0;12,0;172;172,0;172;172;172;172;172;172;172;172;172,0;172,0;1,0000000000000000;1,000000000000000;1,000000000000000;1,000000000000000;1,0000000000000000;1,0000000000000000;1,0000000000000000;1,0000000000000000;1,0000000000000000;1,0000000000000000;1,0000000000000000
2022-02-06;alle;28;28,0;28;28;28;28;28;28;28;28;28,0;28,0;297;297,0;297;297;297;297;297;297;297;297;297,0;297,0;NA;NA;NA;NA;NA;NA;NA;NA;NA;NA;NA
2022-02-05;0-60;15;15,0;15;15;15;15;15;15;15;15;15,0;15,0;117;117,0;117;117;117;117;117;117;117;117;117,0;117,0;1,0000000000000000;1,000000000000000;1,000000000000000;1,000000000000000;1,0000000000000000;1,0000000000000000;1,0000000000000000;1,0000000000000000;1,0000000000000000;1,0000000000000000;1,0000000000000000
2022-02-05;60+;30;30,0;30;30;30;30;30;30;30;30;30,0;30,0;169;169,0;169;169;169;169;169;169;169;169;169,0;169,0;1,0000000000000000;1,000000000000000;1,000000000000000;1,000000000000000;1,0000000000000000;1,0000000000000000;1,0000000000000000;1,0000000000000000;1,0000000000000000;1,0000000000000000;1,0000000000000000
2022-02-05;alle;45;45,0;45;45;45;45;45;45;45;45;45,0;45,0;286;286,0;286;286;286;286;286;286;286;286;286,0;286,0;NA;NA;NA;NA;NA;NA;NA;NA;NA;NA;NA
2022-02-04;0-60;19;19,0;19;19;19;19;19;19;19;19;19,0;19,0;112;112,0;112;112;112;112;112;112;112;112;112,0;112,0;1,0000000000000000;1,000000000000000;1,000000000000000;1,000000000000000;1,0000000000000000;1,0000000000000000;1,0000000000000000;1,0000000000000000;1,0000000000000000;1,0000000000000000;1,0000000000000000
2022-02-04;60+;32;32,0;32;32;32;32;32;32;32;32;32,0;32,0;159;159,0;159;159;159;159;159;159;159;159;159,0;159,0;1,0000000000000000;1,000000000000000;1,000000000000000;1,000000000000000;1,0000000000000000;1,0000000000000000;1,0000000000000000;1,0000000000000000;1,0000000000000000;1,0000000000000000;1,0000000000000000
2022-02-04;alle;51;51,0;51;51;51;51;51;51;51;51;51,0;51,0;271;271,0;271;271;271;271;271;271;271;271;271,0;271,0;NA;NA;NA;NA;NA;NA;NA;NA;NA;NA;NA
2022-02-03;0-60;21;21,0;21;21;21;21;21;21;21;21;21,0;21,0;117;117,0;117;117;117;117;117;117;117;117;117,0;117,0;1,0000000000000000;1,000000000000000;1,000000000000000;1,000000000000000;1,0000000000000000;1,0000000000000000;1,0000000000000000;1,0000000000000000;1,0000000000000000;1,0000000000000000;1,0000000000000000
2022-02-03;60+;25;25,0;25;25;25;25;25;25;25;25;25,0;25,0;157;157,0;157;157;157;157;157;157;157;157;157,0;157,0;1,0000000000000000;1,000000000000000;1,000000000000000;1,000000000000000;1,0000000000000000;1,0000000000000000;1,0000000000000000;1,0000000000000000;1,0000000000000000;1,0000000000000000;1,0000000000000000
2022-02-03;alle;46;46,0;46;46;46;46;46;46;46;46;46,0;46,0;274;274,0;274;274;274;274;274;274;274;274;274,0;274,0;NA;NA;NA;NA;NA;NA;NA;NA;NA;NA;NA
2022-02-02;0-60;27;27,0;27;27;27;27;27;27;27;27;27,0;27,0;121;121,0;121;121;121;121;121;121;121;121;121,0;121,0;1,0000000000000000;1,000000000000000;1,000000000000000;1,000000000000000;1,0000000000000000;1,0000000000000000;1,0000000000000000;1,0000000000000000;1,0000000000000000;1,0000000000000000;1,0000000000000000
2022-02-02;60+;37;37,0;37;37;37;37;37;37;37;37;37,0;37,0;162;162,0;162;162;162;162;162;162;162;162;162,0;162,0;1,0000000000000000;1,000000000000000;1,000000000000000;1,000000000000000;1,0000000000000000;1,0000000000000000;1,0000000000000000;1,0000000000000000;1,0000000000000000;1,0000000000000000;1,0000000000000000
2022-02-02;alle;64;64,0;64;64;64;64;64;64;64;64;64,0;64,0;283;283,0;283;283;283;283;283;283;283;283;283,0;283,0;NA;NA;NA;NA;NA;NA;NA;NA;NA;NA;NA
2022-02-01;0-60;21;21,0;21;21;21;21;21;21;21;21;21,0;21,0;126;126,0;126;126;126;126;126;126;126;126;126,0;126,0;1,0000000000000000;1,000000000000000;1,000000000000000;1,000000000000000;1,0000000000000000;1,0000000000000000;1,0000000000000000;1,0000000000000000;1,0000000000000000;1,0000000000000000;1,0000000000000000
2022-02-01;60+;33;33,0;33;33;33;33;33;33;33;33;33,0;33,0;154;154,0;154;154;154;154;154;154;154;154;154,0;154,0;1,0000000000000000;1,000000000000000;1,000000000000000;1,000000000000000;1,0000000000000000;1,0000000000000000;1,0000000000000000;1,0000000000000000;1,0000000000000000;1,0000000000000000;1,0000000000000000
2022-02-01;alle;54;54,0;54;54;54;54;54;54;54;54;54,0;54,0;280;280,0;280;280;280;280;280;280;280;280;280,0;280,0;NA;NA;NA;NA;NA;NA;NA;NA;NA;NA;NA
2022-01-31;0-60;6;6,0;6;6;6;6;6;6;6;6;6,0;6,0;134;134,0;134;134;134;134;134;134;134;134;134,0;134,0;1,0000000000000000;1,000000000000000;1,000000000000000;1,000000000000000;1,0000000000000000;1,0000000000000000;1,0000000000000000;1,0000000000000000;1,0000000000000000;1,0000000000000000;1,0000000000000000
2022-01-31;60+;3;3,0;3;3;3;3;3;3;3;3;3,0;3,0;155;155,0;155;155;155;155;155;155;155;155;155,0;155,0;1,0000000000000000;1,000000000000000;1,000000000000000;1,000000000000000;1,0000000000000000;1,0000000000000000;1,0000000000000000;1,0000000000000000;1,0000000000000000;1,0000000000000000;1,0000000000000000
2022-01-31;alle;9;9,0;9;9;9;9;9;9;9;9;9,0;9,0;289;289,0;289;289;289;289;289;289;289;289;289,0;289,0;NA;NA;NA;NA;NA;NA;NA;NA;NA;NA;NA
2022-01-30;0-60;8;8,0;8;8;8;8;8;8;8;8;8,0;8,0;139;139,0;139;139;139;139;139;139;139;139;139,0;139,0;1,0000000000000000;1,000000000000000;1,000000000000000;1,000000000000000;1,0000000000000000;1,0000000000000000;1,0000000000000000;1,0000000000000000;1,0000000000000000;1,0000000000000000;1,0000000000000000
2022-01-30;60+;9;9,0;9;9;9;9;9;9;9;9;9,0;9,0;161;161,0;161;161;161;161;161;161;161;161;161,0;161,0;1,0000000000000000;1,000000000000000;1,000000000000000;1,000000000000000;1,0000000000000000;1,0000000000000000;1,0000000000000000;1,0000000000000000;1,0000000000000000;1,0000000000000000;1,0000000000000000
2022-01-30;alle;17;17,0;17;17;17;17;17;17;17;17;17,0;17,0;300;300,0;300;300;300;300;300;300;300;300;300,0;300,0;NA;NA;NA;NA;NA;NA;NA;NA;NA;NA;NA
2022-01-29;0-60;10;10,0;10;10;10;10;10;10;10;10;10,0;10,0;140;140,0;140;140;140;140;140;140;140;140;140,0;140,0;1,0000000000000000;1,000000000000000;1,000000000000000;1,000000000000000;1,0000000000000000;1,0000000000000000;1,0000000000000000;1,0000000000000000;1,0000000000000000;1,0000000000000000;1,0000000000000000
2022-01-29;60+;20;20,0;20;20;20;20;20;20;20;20;20,0;20,0;168;168,0;168;168;168;168;168;168;168;168;168,0;168,0;1,0000000000000000;1,000000000000000;1,000000000000000;1,000000000000000;1,0000000000000000;1,0000000000000000;1,0000000000000000;1,0000000000000000;1,0000000000000000;1,0000000000000000;1,0000000000000000
2022-01-29;alle;30;30,0;30;30;30;30;30;30;30;30;30,0;30,0;308;308,0;308;308;308;308;308;308;308;308;308,0;308,0;NA;NA;NA;NA;NA;NA;NA;NA;NA;NA;NA
2022-01-28;0-60;24;24,0;24;24;24;24;24;24;24;24;24,0;24,0;147;147,0;147;147;147;147;147;147;147;147;147,0;147,0;1,0000000000000000;1,000000000000000;1,000000000000000;1,000000000000000;1,0000000000000000;1,0000000000000000;1,0000000000000000;1,0000000000000000;1,0000000000000000;1,0000000000000000;1,0000000000000000
2022-01-28;60+;30;30,0;30;30;30;30;30;30;30;30;30,0;30,0;181;181,0;181;181;181;181;181;181;181;181;181,0;181,0;1,0000000000000000;1,000000000000000;1,000000000000000;1,000000000000000;1,0000000000000000;1,0000000000000000;1,0000000000000000;1,0000000000000000;1,0000000000000000;1,0000000000000000;1,0000000000000000
2022-01-28;alle;54;54,0;54;54;54;54;54;54;54;54;54,0;54,0;328;328,0;328;328;328;328;328;328;328;328;328,0;328,0;NA;NA;NA;NA;NA;NA;NA;NA;NA;NA;NA
2022-01-27;0-60;25;25,0;25;25;25;25;25;25;25;25;25,0;25,0;159;159,0;159;159;159;159;159;159;159;159;159,0;159,0;1,0000000000000000;1,000000000000000;1,000000000000000;1,000000000000000;1,0000000000000000;1,0000000000000000;1,0000000000000000;1,0000000000000000;1,0000000000000000;1,0000000000000000;1,0000000000000000
2022-01-27;60+;30;30,0;30;30;30;30;30;30;30;30;30,0;30,0;177;177,0;177;177;177;177;177;177;177;177;177,0;177,0;1,0000000000000000;1,000000000000000;1,000000000000000;1,000000000000000;1,0000000000000000;1,0000000000000000;1,0000000000000000;1,0000000000000000;1,0000000000000000;1,0000000000000000;1,0000000000000000
2022-01-27;alle;55;55,0;55;55;55;55;55;55;55;55;55,0;55,0;336;336,0;336;336;336;336;336;336;336;336;336,0;336,0;NA;NA;NA;NA;NA;NA;NA;NA;NA;NA;NA
2022-01-26;0-60;32;32,0;32;32;32;32;32;32;32;32;32,0;32,0;165;165,0;165;165;165;165;165;165;165;165;165,0;165,0;1,0000000000000000;1,000000000000000;1,000000000000000;1,000000000000000;1,0000000000000000;1,0000000000000000;1,0000000000000000;1,0000000000000000;1,0000000000000000;1,0000000000000000;1,0000000000000000
2022-01-26;60+;29;29,0;29;29;29;29;29;29;29;29;29,0;29,0;170;170,0;170;170;170;170;170;170;170;170;170,0;170,0;1,0000000000000000;1,000000000000000;1,000000000000000;1,000000000000000;1,0000000000000000;1,0000000000000000;1,0000000000000000;1,0000000000000000;1,0000000000000000;1,0000000000000000;1,0000000000000000
2022-01-26;alle;61;61,0;61;61;61;61;61;61;61;61;61,0;61,0;335;335,0;335;335;335;335;335;335;335;335;335,0;335,0;NA;NA;NA;NA;NA;NA;NA;NA;NA;NA;NA
2022-01-25;0-60;29;29,0;29;29;29;29;29;29;29;29;29,0;29,0;158;158,0;158;158;158;158;158;158;158;158;158,0;158,0;1,0000000000000000;1,000000000000000;1,000000000000000;1,000000000000000;1,0000000000000000;1,0000000000000000;1,0000000000000000;1,0000000000000000;1,0000000000000000;1,0000000000000000;1,0000000000000000
2022-01-25;60+;34;34,0;34;34;34;34;34;34;34;34;34,0;34,0;171;171,0;171;171;171;171;171;171;171;171;171,0;171,0;1,0000000000000000;1,000000000000000;1,000000000000000;1,000000000000000;1,0000000000000000;1,0000000000000000;1,0000000000000000;1,0000000000000000;1,0000000000000000;1,0000000000000000;1,0000000000000000
2022-01-25;alle;63;63,0;63;63;63;63;63;63;63;63;63,0;63,0;329;329,0;329;329;329;329;329;329;329;329;329,0;329,0;NA;NA;NA;NA;NA;NA;NA;NA;NA;NA;NA
2022-01-24;0-60;11;11,0;11;11;11;11;11;11;11;11;11,0;11,0;153;153,0;153;153;153;153;153;153;153;153;153,0;153,0;1,0000000000000000;1,000000000000000;1,000000000000000;1,000000000000000;1,0000000000000000;1,0000000000000000;1,0000000000000000;1,0000000000000000;1,0000000000000000;1,0000000000000000;1,0000000000000000
2022-01-24;60+;9;9,0;9;9;9;9;9;9;9;9;9,0;9,0;161;161,0;161;161;161;161;161;161;161;161;161,0;161,0;1,0000000000000000;1,000000000000000;1,000000000000000;1,000000000000000;1,0000000000000000;1,0000000000000000;1,0000000000000000;1,0000000000000000;1,0000000000000000;1,0000000000000000;1,0000000000000000
2022-01-24;alle;20;20,0;20;20;20;20;20;20;20;20;20,0;20,0;314;314,0;314;314;314;314;314;314;314;314;314,0;314,0;NA;NA;NA;NA;NA;NA;NA;NA;NA;NA;NA
2022-01-23;0-60;9;9,0;9;9;9;9;9;9;9;9;9,0;9,0;154;154,0;154;154;154;154;154;154;154;154;154,0;154,0;1,0000000000000000;1,000000000000000;1,000000000000000;1,000000000000000;1,0000000000000000;1,0000000000000000;1,0000000000000000;1,0000000000000000;1,0000000000000000;1,0000000000000000;1,0000000000000000
2022-01-23;60+;16;16,0;16;16;16;16;16;16;16;16;16,0;16,0;161;161,0;161;161;161;161;161;161;161;161;161,0;161,0;1,0000000000000000;1,000000000000000;1,000000000000000;1,000000000000000;1,0000000000000000;1,0000000000000000;1,0000000000000000;1,0000000000000000;1,0000000000000000;1,0000000000000000;1,0000000000000000
2022-01-23;alle;25;25,0;25;25;25;25;25;25;25;25;25,0;25,0;315;315,0;315;315;315;315;315;315;315;315;315,0;315,0;NA;NA;NA;NA;NA;NA;NA;NA;NA;NA;NA
2022-01-22;0-60;17;17,0;17;17;17;17;17;17;17;17;17,0;17,0;161;161,0;161;161;161;161;161;161;161;161;161,0;161,0;1,0000000000000000;1,000000000000000;1,000000000000000;1,000000000000000;1,0000000000000000;1,0000000000000000;1,0000000000000000;1,0000000000000000;1,0000000000000000;1,0000000000000000;1,0000000000000000
2022-01-22;60+;33;33,0;33;33;33;33;33;33;33;33;33,0;33,0;156;156,0;156;156;156;156;156;156;156;156;156,0;156,0;1,0000000000000000;1,000000000000000;1,000000000000000;1,000000000000000;1,0000000000000000;1,0000000000000000;1,0000000000000000;1,0000000000000000;1,0000000000000000;1,0000000000000000;1,0000000000000000
2022-01-22;alle;50;50,0;50;50;50;50;50;50;50;50;50,0;50,0;317;317,0;317;317;317;317;317;317;317;317;317,0;317,0;NA;NA;NA;NA;NA;NA;NA;NA;NA;NA;NA
2022-01-21;0-60;36;36,0;36;36;36;36;36;36;36;36;36,0;36,0;176;176,0;176;176;176;176;176;176;176;176;176,0;176,0;1,0000000000000000;1,000000000000000;1,000000000000000;1,000000000000000;1,0000000000000000;1,0000000000000000;1,0000000000000000;1,0000000000000000;1,0000000000000000;1,0000000000000000;1,0000000000000000
2022-01-21;60+;26;26,0;26;26;26;26;26;26;26;26;26,0;26,0;143;143,0;143;143;143;143;143;143;143;143;143,0;143,0;1,0000000000000000;1,000000000000000;1,000000000000000;1,000000000000000;1,0000000000000000;1,0000000000000000;1,0000000000000000;1,0000000000000000;1,0000000000000000;1,0000000000000000;1,0000000000000000
2022-01-21;alle;62;62,0;62;62;62;62;62;62;62;62;62,0;62,0;319;319,0;319;319;319;319;319;319;319;319;319,0;319,0;NA;NA;NA;NA;NA;NA;NA;NA;NA;NA;NA
2022-01-20;0-60;31;31,0;31;31;31;31;31;31;31;31;31,0;31,0;165;165,0;165;165;165;165;165;165;165;165;165,0;165,0;1,0000000000000000;1,000000000000000;1,000000000000000;1,000000000000000;1,0000000000000000;1,0000000000000000;1,0000000000000000;1,0000000000000000;1,0000000000000000;1,0000000000000000;1,0000000000000000
2022-01-20;60+;23;23,0;23;23;23;23;23;23;23;23;23,0;23,0;144;144,0;144;144;144;144;144;144;144;144;144,0;144,0;1,0000000000000000;1,000000000000000;1,000000000000000;1,000000000000000;1,0000000000000000;1,0000000000000000;1,0000000000000000;1,0000000000000000;1,0000000000000000;1,0000000000000000;1,0000000000000000
2022-01-20;alle;54;54,0;54;54;54;54;54;54;54;54;54,0;54,0;309;309,0;309;309;309;309;309;309;309;309;309,0;309,0;NA;NA;NA;NA;NA;NA;NA;NA;NA;NA;NA
2022-01-19;0-60;25;25,0;25;25;25;25;25;25;25;25;25,0;25,0;152;152,0;152;152;152;152;152;152;152;152;152,0;152,0;1,0000000000000000;1,000000000000000;1,000000000000000;1,000000000000000;1,0000000000000000;1,0000000000000000;1,0000000000000000;1,0000000000000000;1,0000000000000000;1,0000000000000000;1,0000000000000000
2022-01-19;60+;30;30,0;30;30;30;30;30;30;30;30;30,0;30,0;133;133,0;133;133;133;133;133;133;133;133;133,0;133,0;1,0000000000000000;1,000000000000000;1,000000000000000;1,000000000000000;1,0000000000000000;1,0000000000000000;1,0000000000000000;1,0000000000000000;1,0000000000000000;1,0000000000000000;1,0000000000000000
2022-01-19;alle;55;55,0;55;55;55;55;55;55;55;55;55,0;55,0;285;285,0;285;285;285;285;285;285;285;285;285,0;285,0;NA;NA;NA;NA;NA;NA;NA;NA;NA;NA;NA
2022-01-18;0-60;24;24,0;24;24;24;24;24;24;24;24;24,0;24,0;150;150,0;150;150;150;150;150;150;150;150;150,0;150,0;1,0000000000000000;1,000000000000000;1,000000000000000;1,000000000000000;1,0000000000000000;1,0000000000000000;1,0000000000000000;1,0000000000000000;1,0000000000000000;1,0000000000000000;1,0000000000000000
2022-01-18;60+;24;24,0;24;24;24;24;24;24;24;24;24,0;24,0;119;119,0;119;119;119;119;119;119;119;119;119,0;119,0;1,0000000000000000;1,000000000000000;1,000000000000000;1,000000000000000;1,0000000000000000;1,0000000000000000;1,0000000000000000;1,0000000000000000;1,0000000000000000;1,0000000000000000;1,0000000000000000
2022-01-18;alle;48;48,0;48;48;48;48;48;48;48;48;48,0;48,0;269;269,0;269;269;269;269;269;269;269;269;269,0;269,0;NA;NA;NA;NA;NA;NA;NA;NA;NA;NA;NA
2022-01-17;0-60;12;12,0;12;12;12;12;12;12;12;12;12,0;12,0;151;151,0;151;151;151;151;151;151;151;151;151,0;151,0;1,0000000000000000;1,000000000000000;1,000000000000000;1,000000000000000;1,0000000000000000;1,0000000000000000;1,0000000000000000;1,0000000000000000;1,0000000000000000;1,0000000000000000;1,0000000000000000
2022-01-17;60+;9;9,0;9;9;9;9;9;9;9;9;9,0;9,0;112;112,0;112;112;112;112;112;112;112;112;112,0;112,0;1,0000000000000000;1,000000000000000;1,000000000000000;1,000000000000000;1,0000000000000000;1,0000000000000000;1,0000000000000000;1,0000000000000000;1,0000000000000000;1,0000000000000000;1,0000000000000000
2022-01-17;alle;21;21,0;21;21;21;21;21;21;21;21;21,0;21,0;263;263,0;263;263;263;263;263;263;263;263;263,0;263,0;NA;NA;NA;NA;NA;NA;NA;NA;NA;NA;NA
2022-01-16;0-60;16;16,0;16;16;16;16;16;16;16;16;16,0;16,0;151;151,0;151;151;151;151;151;151;151;151;151,0;151,0;1,0000000000000000;1,000000000000000;1,000000000000000;1,000000000000000;1,0000000000000000;1,0000000000000000;1,0000000000000000;1,0000000000000000;1,0000000000000000;1,0000000000000000;1,0000000000000000
2022-01-16;60+;11;11,0;11;11;11;11;11;11;11;11;11,0;11,0;106;106,0;106;106;106;106;106;106;106;106;106,0;106,0;1,0000000000000000;1,000000000000000;1,000000000000000;1,000000000000000;1,0000000000000000;1,0000000000000000;1,0000000000000000;1,0000000000000000;1,0000000000000000;1,0000000000000000;1,0000000000000000
2022-01-16;alle;27;27,0;27;27;27;27;27;27;27;27;27,0;27,0;257;257,0;257;257;257;257;257;257;257;257;257,0;257,0;NA;NA;NA;NA;NA;NA;NA;NA;NA;NA;NA
2022-01-15;0-60;32;32,0;32;32;32;32;32;32;32;32;32,0;32,0;143;143,0;143;143;143;143;143;143;143;143;143,0;143,0;1,0000000000000000;1,000000000000000;1,000000000000000;1,000000000000000;1,0000000000000000;1,0000000000000000;1,0000000000000000;1,0000000000000000;1,0000000000000000;1,0000000000000000;1,0000000000000000
2022-01-15;60+;20;20,0;20;20;20;20;20;20;20;20;20,0;20,0;103;103,0;103;103;103;103;103;103;103;103;103,0;103,0;1,0000000000000000;1,000000000000000;1,000000000000000;1,000000000000000;1,0000000000000000;1,0000000000000000;1,0000000000000000;1,0000000000000000;1,0000000000000000;1,0000000000000000;1,0000000000000000
2022-01-15;alle;52;52,0;52;52;52;52;52;52;52;52;52,0;52,0;246;246,0;246;246;246;246;246;246;246;246;246,0;246,0;NA;NA;NA;NA;NA;NA;NA;NA;NA;NA;NA
2022-01-14;0-60;25;25,0;25;25;25;25;25;25;25;25;25,0;25,0;134;134,0;134;134;134;134;134;134;134;134;134,0;134,0;1,0000000000000000;1,000000000000000;1,000000000000000;1,000000000000000;1,0000000000000000;1,0000000000000000;1,0000000000000000;1,0000000000000000;1,0000000000000000;1,0000000000000000;1,0000000000000000
2022-01-14;60+;27;27,0;27;27;27;27;27;27;27;27;27,0;27,0;93;93,0;93;93;93;93;93;93;93;93;93,0;93,0;1,0000000000000000;1,000000000000000;1,000000000000000;1,000000000000000;1,0000000000000000;1,0000000000000000;1,0000000000000000;1,0000000000000000;1,0000000000000000;1,0000000000000000;1,0000000000000000
2022-01-14;alle;52;52,0;52;52;52;52;52;52;52;52;52,0;52,0;227;227,0;227;227;227;227;227;227;227;227;227,0;227,0;NA;NA;NA;NA;NA;NA;NA;NA;NA;NA;NA
2022-01-13;0-60;18;18,0;18;18;18;18;18;18;18;18;18,0;18,0;135;135,0;135;135;135;135;135;135;135;135;135,0;135,0;1,0000000000000000;1,000000000000000;1,000000000000000;1,000000000000000;1,0000000000000000;1,0000000000000000;1,0000000000000000;1,0000000000000000;1,0000000000000000;1,0000000000000000;1,0000000000000000
2022-01-13;60+;12;12,0;12;12;12;12;12;12;12;12;12,0;12,0;85;85,0;85;85;85;85;85;85;85;85;85,0;85,0;1,0000000000000000;1,000000000000000;1,000000000000000;1,000000000000000;1,0000000000000000;1,0000000000000000;1,0000000000000000;1,0000000000000000;1,0000000000000000;1,0000000000000000;1,0000000000000000
2022-01-13;alle;30;30,0;30;30;30;30;30;30;30;30;30,0;30,0;220;220,0;220;220;220;220;220;220;220;220;220,0;220,0;NA;NA;NA;NA;NA;NA;NA;NA;NA;NA;NA
2022-01-12;0-60;23;23,0;23;23;23;23;23;23;23;23;23,0;23,0;131;131,0;131;131;131;131;131;131;131;131;131,0;131,0;1,0000000000000000;1,000000000000000;1,000000000000000;1,000000000000000;1,0000000000000000;1,0000000000000000;1,0000000000000000;1,0000000000000000;1,0000000000000000;1,0000000000000000;1,0000000000000000
2022-01-12;60+;16;16,0;16;16;16;16;16;16;16;16;16,0;16,0;89;89,0;89;89;89;89;89;89;89;89;89,0;89,0;1,0000000000000000;1,000000000000000;1,000000000000000;1,000000000000000;1,0000000000000000;1,0000000000000000;1,0000000000000000;1,0000000000000000;1,0000000000000000;1,0000000000000000;1,0000000000000000
2022-01-12;alle;39;39,0;39;39;39;39;39;39;39;39;39,0;39,0;220;220,0;220;220;220;220;220;220;220;220;220,0;220,0;NA;NA;NA;NA;NA;NA;NA;NA;NA;NA;NA
2022-01-11;0-60;25;25,0;25;25;25;25;25;25;25;25;25,0;25,0;129;129,0;129;129;129;129;129;129;129;129;129,0;129,0;1,0000000000000000;1,000000000000000;1,000000000000000;1,000000000000000;1,0000000000000000;1,0000000000000000;1,0000000000000000;1,0000000000000000;1,0000000000000000;1,0000000000000000;1,0000000000000000
2022-01-11;60+;17;17,0;17;17;17;17;17;17;17;17;17,0;17,0;91;91,0;91;91;91;91;91;91;91;91;91,0;91,0;1,0000000000000000;1,000000000000000;1,000000000000000;1,000000000000000;1,0000000000000000;1,0000000000000000;1,0000000000000000;1,0000000000000000;1,0000000000000000;1,0000000000000000;1,0000000000000000
2022-01-11;alle;42;42,0;42;42;42;42;42;42;42;42;42,0;42,0;220;220,0;220;220;220;220;220;220;220;220;220,0;220,0;NA;NA;NA;NA;NA;NA;NA;NA;NA;NA;NA
2022-01-10;0-60;12;12,0;12;12;12;12;12;12;12;12;12,0;12,0;130;130,0;130;130;130;130;130;130;130;130;130,0;130,0;1,0000000000000000;1,000000000000000;1,000000000000000;1,000000000000000;1,0000000000000000;1,0000000000000000;1,0000000000000000;1,0000000000000000;1,0000000000000000;1,0000000000000000;1,0000000000000000
2022-01-10;60+;3;3,0;3;3;3;3;3;3;3;3;3,0;3,0;89;89,0;89;89;89;89;89;89;89;89;89,0;89,0;1,0000000000000000;1,000000000000000;1,000000000000000;1,000000000000000;1,0000000000000000;1,0000000000000000;1,0000000000000000;1,0000000000000000;1,0000000000000000;1,0000000000000000;1,0000000000000000
2022-01-10;alle;15;15,0;15;15;15;15;15;15;15;15;15,0;15,0;219;219,0;219;219;219;219;219;219;219;219;219,0;219,0;NA;NA;NA;NA;NA;NA;NA;NA;NA;NA;NA
2022-01-09;0-60;8;8,0;8;8;8;8;8;8;8;8;8,0;8,0;130;130,0;130;130;130;130;130;130;130;130;130,0;130,0;1,0000000000000000;1,000000000000000;1,000000000000000;1,000000000000000;1,0000000000000000;1,0000000000000000;1,0000000000000000;1,0000000000000000;1,0000000000000000;1,0000000000000000;1,0000000000000000
2022-01-09;60+;8;8,0;8;8;8;8;8;8;8;8;8,0;8,0;98;98,0;98;98;98;98;98;98;98;98;98,0;98,0;1,0000000000000000;1,000000000000000;1,000000000000000;1,000000000000000;1,0000000000000000;1,0000000000000000;1,0000000000000000;1,0000000000000000;1,0000000000000000;1,0000000000000000;1,0000000000000000
2022-01-09;alle;16;16,0;16;16;16;16;16;16;16;16;16,0;16,0;228;228,0;228;228;228;228;228;228;228;228;228,0;228,0;NA;NA;NA;NA;NA;NA;NA;NA;NA;NA;NA
2022-01-08;0-60;23;23,0;23;23;23;23;23;23;23;23;23,0;23,0;134;134,0;134;134;134;134;134;134;134;134;134,0;134,0;1,0000000000000000;1,000000000000000;1,000000000000000;1,000000000000000;1,0000000000000000;1,0000000000000000;1,0000000000000000;1,0000000000000000;1,0000000000000000;1,0000000000000000;1,0000000000000000
2022-01-08;60+;10;10,0;10;10;10;10;10;10;10;10;10,0;10,0;96;96,0;96;96;96;96;96;96;96;96;96,0;96,0;1,0000000000000000;1,000000000000000;1,000000000000000;1,000000000000000;1,0000000000000000;1,0000000000000000;1,0000000000000000;1,0000000000000000;1,0000000000000000;1,0000000000000000;1,0000000000000000
2022-01-08;alle;33;33,0;33;33;33;33;33;33;33;33;33,0;33,0;230;230,0;230;230;230;230;230;230;230;230;230,0;230,0;NA;NA;NA;NA;NA;NA;NA;NA;NA;NA;NA
2022-01-07;0-60;26;26,0;26;26;26;26;26;26;26;26;26,0;26,0;124;124,0;124;124;124;124;124;124;124;124;124,0;124,0;1,0000000000000000;1,000000000000000;1,000000000000000;1,000000000000000;1,0000000000000000;1,0000000000000000;1,0000000000000000;1,0000000000000000;1,0000000000000000;1,0000000000000000;1,0000000000000000
2022-01-07;60+;19;19,0;19;19;19;19;19;19;19;19;19,0;19,0;94;94,0;94;94;94;94;94;94;94;94;94,0;94,0;1,0000000000000000;1,000000000000000;1,000000000000000;1,000000000000000;1,0000000000000000;1,0000000000000000;1,0000000000000000;1,0000000000000000;1,0000000000000000;1,0000000000000000;1,0000000000000000
2022-01-07;alle;45;45,0;45;45;45;45;45;45;45;45;45,0;45,0;218;218,0;218;218;218;218;218;218;218;218;218,0;218,0;NA;NA;NA;NA;NA;NA;NA;NA;NA;NA;NA
2022-01-06;0-60;14;14,0;14;14;14;14;14;14;14;14;14,0;14,0;115;115,0;115;115;115;115;115;115;115;115;115,0;115,0;1,0000000000000000;1,000000000000000;1,000000000000000;1,000000000000000;1,0000000000000000;1,0000000000000000;1,0000000000000000;1,0000000000000000;1,0000000000000000;1,0000000000000000;1,0000000000000000
2022-01-06;60+;16;16,0;16;16;16;16;16;16;16;16;16,0;16,0;85;85,0;85;85;85;85;85;85;85;85;85,0;85,0;1,0000000000000000;1,000000000000000;1,000000000000000;1,000000000000000;1,0000000000000000;1,0000000000000000;1,0000000000000000;1,0000000000000000;1,0000000000000000;1,0000000000000000;1,0000000000000000
2022-01-06;alle;30;30,0;30;30;30;30;30;30;30;30;30,0;30,0;200;200,0;200;200;200;200;200;200;200;200;200,0;200,0;NA;NA;NA;NA;NA;NA;NA;NA;NA;NA;NA
2022-01-05;0-60;21;21,0;21;21;21;21;21;21;21;21;21,0;21,0;124;124,0;124;124;124;124;124;124;124;124;124,0;124,0;1,0000000000000000;1,000000000000000;1,000000000000000;1,000000000000000;1,0000000000000000;1,0000000000000000;1,0000000000000000;1,0000000000000000;1,0000000000000000;1,0000000000000000;1,0000000000000000
2022-01-05;60+;18;18,0;18;18;18;18;18;18;18;18;18,0;18,0;83;83,0;83;83;83;83;83;83;83;83;83,0;83,0;1,0000000000000000;1,000000000000000;1,000000000000000;1,000000000000000;1,0000000000000000;1,0000000000000000;1,0000000000000000;1,0000000000000000;1,0000000000000000;1,0000000000000000;1,0000000000000000
2022-01-05;alle;39;39,0;39;39;39;39;39;39;39;39;39,0;39,0;207;207,0;207;207;207;207;207;207;207;207;207,0;207,0;NA;NA;NA;NA;NA;NA;NA;NA;NA;NA;NA
2022-01-04;0-60;26;26,0;26;26;26;26;26;26;26;26;26,0;26,0;111;111,0;111;111;111;111;111;111;111;111;111,0;111,0;1,0000000000000000;1,000000000000000;1,000000000000000;1,000000000000000;1,0000000000000000;1,0000000000000000;1,0000000000000000;1,0000000000000000;1,0000000000000000;1,0000000000000000;1,0000000000000000
2022-01-04;60+;15;15,0;15;15;15;15;15;15;15;15;15,0;15,0;78;78,0;78;78;78;78;78;78;78;78;78,0;78,0;1,0000000000000000;1,000000000000000;1,000000000000000;1,000000000000000;1,0000000000000000;1,0000000000000000;1,0000000000000000;1,0000000000000000;1,0000000000000000;1,0000000000000000;1,0000000000000000
2022-01-04;alle;41;41,0;41;41;41;41;41;41;41;41;41,0;41,0;189;189,0;189;189;189;189;189;189;189;189;189,0;189,0;NA;NA;NA;NA;NA;NA;NA;NA;NA;NA;NA
2022-01-03;0-60;12;12,0;12;12;12;12;12;12;12;12;12,0;12,0;100;100,0;100;100;100;100;100;100;100;100;100,0;100,0;1,0000000000000000;1,000000000000000;1,000000000000000;1,000000000000000;1,0000000000000000;1,0000000000000000;1,0000000000000000;1,0000000000000000;1,0000000000000000;1,0000000000000000;1,0000000000000000
2022-01-03;60+;12;12,0;12;12;12;12;12;12;12;12;12,0;12,0;69;69,0;69;69;69;69;69;69;69;69;69,0;69,0;1,0000000000000000;1,000000000000000;1,000000000000000;1,000000000000000;1,0000000000000000;1,0000000000000000;1,0000000000000000;1,0000000000000000;1,0000000000000000;1,0000000000000000;1,0000000000000000
2022-01-03;alle;24;24,0;24;24;24;24;24;24;24;24;24,0;24,0;169;169,0;169;169;169;169;169;169;169;169;169,0;169,0;NA;NA;NA;NA;NA;NA;NA;NA;NA;NA;NA
2022-01-02;0-60;12;12,0;12;12;12;12;12;12;12;12;12,0;12,0;96;96,0;96;96;96;96;96;96;96;96;96,0;96,0;1,0000000000000000;1,000000000000000;1,000000000000000;1,000000000000000;1,0000000000000000;1,0000000000000000;1,0000000000000000;1,0000000000000000;1,0000000000000000;1,0000000000000000;1,0000000000000000
2022-01-02;60+;6;6,0;6;6;6;6;6;6;6;6;6,0;6,0;58;58,0;58;58;58;58;58;58;58;58;58,0;58,0;1,0000000000000000;1,000000000000000;1,000000000000000;1,000000000000000;1,0000000000000000;1,0000000000000000;1,0000000000000000;1,0000000000000000;1,0000000000000000;1,0000000000000000;1,0000000000000000
2022-01-02;alle;18;18,0;18;18;18;18;18;18;18;18;18,0;18,0;154;154,0;154;154;154;154;154;154;154;154;154,0;154,0;NA;NA;NA;NA;NA;NA;NA;NA;NA;NA;NA
2022-01-01;0-60;13;13,0;13;13;13;13;13;13;13;13;13,0;13,0;86;86,0;86;86;86;86;86;86;86;86;86,0;86,0;1,0000000000000000;1,000000000000000;1,000000000000000;1,000000000000000;1,0000000000000000;1,0000000000000000;1,0000000000000000;1,0000000000000000;1,0000000000000000;1,0000000000000000;1,0000000000000000
2022-01-01;60+;8;8,0;8;8;8;8;8;8;8;8;8,0;8,0;55;55,0;55;55;55;55;55;55;55;55;55,0;55,0;1,0000000000000000;1,000000000000000;1,000000000000000;1,000000000000000;1,0000000000000000;1,0000000000000000;1,0000000000000000;1,0000000000000000;1,0000000000000000;1,0000000000000000;1,0000000000000000
2022-01-01;alle;21;21,0;21;21;21;21;21;21;21;21;21,0;21,0;141;141,0;141;141;141;141;141;141;141;141;141,0;141,0;NA;NA;NA;NA;NA;NA;NA;NA;NA;NA;NA
2021-12-31;0-60;17;17,0;17;17;17;17;17;17;17;17;17,0;17,0;78;78,0;78;78;78;78;78;78;78;78;78,0;78,0;1,0000000000000000;1,000000000000000;1,000000000000000;1,000000000000000;1,0000000000000000;1,0000000000000000;1,0000000000000000;1,0000000000000000;1,0000000000000000;1,0000000000000000;1,0000000000000000
2021-12-31;60+;10;10,0;10;10;10;10;10;10;10;10;10,0;10,0;50;50,0;50;50;50;50;50;50;50;50;50,0;50,0;1,0000000000000000;1,000000000000000;1,000000000000000;1,000000000000000;1,0000000000000000;1,0000000000000000;1,0000000000000000;1,0000000000000000;1,0000000000000000;1,0000000000000000;1,0000000000000000
2021-12-31;alle;27;27,0;27;27;27;27;27;27;27;27;27,0;27,0;128;128,0;128;128;128;128;128;128;128;128;128,0;128,0;NA;NA;NA;NA;NA;NA;NA;NA;NA;NA;NA
2021-12-30;0-60;23;23,0;23;23;23;23;23;23;23;23;23,0;23,0;75;75,0;75;75;75;75;75;75;75;75;75,0;75,0;1,0000000000000000;1,000000000000000;1,000000000000000;1,000000000000000;1,0000000000000000;1,0000000000000000;1,0000000000000000;1,0000000000000000;1,0000000000000000;1,0000000000000000;1,0000000000000000
2021-12-30;60+;14;14,0;14;14;14;14;14;14;14;14;14,0;14,0;56;56,0;56;56;56;56;56;56;56;56;56,0;56,0;1,0000000000000000;1,000000000000000;1,000000000000000;1,000000000000000;1,0000000000000000;1,0000000000000000;1,0000000000000000;1,0000000000000000;1,0000000000000000;1,0000000000000000;1,0000000000000000
2021-12-30;alle;37;37,0;37;37;37;37;37;37;37;37;37,0;37,0;131;131,0;131;131;131;131;131;131;131;131;131,0;131,0;NA;NA;NA;NA;NA;NA;NA;NA;NA;NA;NA
2021-12-29;0-60;8;8,0;8;8;8;8;8;8;8;8;8,0;8,0;69;69,0;69;69;69;69;69;69;69;69;69,0;69,0;1,0000000000000000;1,000000000000000;1,000000000000000;1,000000000000000;1,0000000000000000;1,0000000000000000;1,0000000000000000;1,0000000000000000;1,0000000000000000;1,0000000000000000;1,0000000000000000
2021-12-29;60+;13;13,0;13;13;13;13;13;13;13;13;13,0;13,0;54;54,0;54;54;54;54;54;54;54;54;54,0;54,0;1,0000000000000000;1,000000000000000;1,000000000000000;1,000000000000000;1,0000000000000000;1,0000000000000000;1,0000000000000000;1,0000000000000000;1,0000000000000000;1,0000000000000000;1,0000000000000000
2021-12-29;alle;21;21,0;21;21;21;21;21;21;21;21;21,0;21,0;123;123,0;123;123;123;123;123;123;123;123;123,0;123,0;NA;NA;NA;NA;NA;NA;NA;NA;NA;NA;NA
2021-12-28;0-60;15;15,0;15;15;15;15;15;15;15;15;15,0;15,0;70;70,0;70;70;70;70;70;70;70;70;70,0;70,0;1,0000000000000000;1,000000000000000;1,000000000000000;1,000000000000000;1,0000000000000000;1,0000000000000000;1,0000000000000000;1,0000000000000000;1,0000000000000000;1,0000000000000000;1,0000000000000000
2021-12-28;60+;6;6,0;6;6;6;6;6;6;6;6;6,0;6,0;53;53,0;53;53;53;53;53;53;53;53;53,0;53,0;1,0000000000000000;1,000000000000000;1,000000000000000;1,000000000000000;1,0000000000000000;1,0000000000000000;1,0000000000000000;1,0000000000000000;1,0000000000000000;1,0000000000000000;1,0000000000000000
2021-12-28;alle;21;21,0;21;21;21;21;21;21;21;21;21,0;21,0;123;123,0;123;123;123;123;123;123;123;123;123,0;123,0;NA;NA;NA;NA;NA;NA;NA;NA;NA;NA;NA
2021-12-27;0-60;8;8,0;8;8;8;8;8;8;8;8;8,0;8,0;65;65,0;65;65;65;65;65;65;65;65;65,0;65,0;1,0000000000000000;1,000000000000000;1,000000000000000;1,000000000000000;1,0000000000000000;1,0000000000000000;1,0000000000000000;1,0000000000000000;1,0000000000000000;1,0000000000000000;1,0000000000000000
2021-12-27;60+;1;1,0;1;1;1;1;1;1;1;1;1,0;1,0;59;59,0;59;59;59;59;59;59;59;59;59,0;59,0;1,0000000000000000;1,000000000000000;1,000000000000000;1,000000000000000;1,0000000000000000;1,0000000000000000;1,0000000000000000;1,0000000000000000;1,0000000000000000;1,0000000000000000;1,0000000000000000
2021-12-27;alle;9;9,0;9;9;9;9;9;9;9;9;9,0;9,0;124;124,0;124;124;124;124;124;124;124;124;124,0;124,0;NA;NA;NA;NA;NA;NA;NA;NA;NA;NA;NA
2021-12-26;0-60;2;2,0;2;2;2;2;2;2;2;2;2,0;2,0;60;60,0;60;60;60;60;60;60;60;60;60,0;60,0;1,0000000000000000;1,000000000000000;1,000000000000000;1,000000000000000;1,0000000000000000;1,0000000000000000;1,0000000000000000;1,0000000000000000;1,0000000000000000;1,0000000000000000;1,0000000000000000
2021-12-26;60+;3;3,0;3;3;3;3;3;3;3;3;3,0;3,0;62;62,0;62;62;62;62;62;62;62;62;62,0;62,0;1,0000000000000000;1,000000000000000;1,000000000000000;1,000000000000000;1,0000000000000000;1,0000000000000000;1,0000000000000000;1,0000000000000000;1,0000000000000000;1,0000000000000000;1,0000000000000000
2021-12-26;alle;5;5,0;5;5;5;5;5;5;5;5;5,0;5,0;122;122,0;122;122;122;122;122;122;122;122;122,0;122,0;NA;NA;NA;NA;NA;NA;NA;NA;NA;NA;NA
2021-12-25;0-60;5;5,0;5;5;5;5;5;5;5;5;5,0;5,0;65;65,0;65;65;65;65;65;65;65;65;65,0;65,0;1,0000000000000000;1,000000000000000;1,000000000000000;1,000000000000000;1,0000000000000000;1,0000000000000000;1,0000000000000000;1,0000000000000000;1,0000000000000000;1,0000000000000000;1,0000000000000000
2021-12-25;60+;3;3,0;3;3;3;3;3;3;3;3;3,0;3,0;64;64,0;64;64;64;64;64;64;64;64;64,0;64,0;1,0000000000000000;1,000000000000000;1,000000000000000;1,000000000000000;1,0000000000000000;1,0000000000000000;1,0000000000000000;1,0000000000000000;1,0000000000000000;1,0000000000000000;1,0000000000000000
2021-12-25;alle;8;8,0;8;8;8;8;8;8;8;8;8,0;8,0;129;129,0;129;129;129;129;129;129;129;129;129,0;129,0;NA;NA;NA;NA;NA;NA;NA;NA;NA;NA;NA
2021-12-24;0-60;14;14,0;14;14;14;14;14;14;14;14;14,0;14,0;72;72,0;72;72;72;72;72;72;72;72;72,0;72,0;1,0000000000000000;1,000000000000000;1,000000000000000;1,000000000000000;1,0000000000000000;1,0000000000000000;1,0000000000000000;1,0000000000000000;1,0000000000000000;1,0000000000000000;1,0000000000000000
2021-12-24;60+;16;16,0;16;16;16;16;16;16;16;16;16,0;16,0;84;84,0;84;84;84;84;84;84;84;84;84,0;84,0;1,0000000000000000;1,000000000000000;1,000000000000000;1,000000000000000;1,0000000000000000;1,0000000000000000;1,0000000000000000;1,0000000000000000;1,0000000000000000;1,0000000000000000;1,0000000000000000
2021-12-24;alle;30;30,0;30;30;30;30;30;30;30;30;30,0;30,0;156;156,0;156;156;156;156;156;156;156;156;156,0;156,0;NA;NA;NA;NA;NA;NA;NA;NA;NA;NA;NA
2021-12-23;0-60;17;17,0;17;17;17;17;17;17;17;17;17,0;17,0;72;72,0;72;72;72;72;72;72;72;72;72,0;72,0;1,0000000000000000;1,000000000000000;1,000000000000000;1,000000000000000;1,0000000000000000;1,0000000000000000;1,0000000000000000;1,0000000000000000;1,0000000000000000;1,0000000000000000;1,0000000000000000
2021-12-23;60+;12;12,0;12;12;12;12;12;12;12;12;12,0;12,0;89;89,0;89;89;89;89;89;89;89;89;89,0;89,0;1,0000000000000000;1,000000000000000;1,000000000000000;1,000000000000000;1,0000000000000000;1,0000000000000000;1,0000000000000000;1,0000000000000000;1,0000000000000000;1,0000000000000000;1,0000000000000000
2021-12-23;alle;29;29,0;29;29;29;29;29;29;29;29;29,0;29,0;161;161,0;161;161;161;161;161;161;161;161;161,0;161,0;NA;NA;NA;NA;NA;NA;NA;NA;NA;NA;NA
2021-12-22;0-60;9;9,0;9;9;9;9;9;9;9;9;9,0;9,0;74;74,0;74;74;74;74;74;74;74;74;74,0;74,0;1,0000000000000000;1,000000000000000;1,000000000000000;1,000000000000000;1,0000000000000000;1,0000000000000000;1,0000000000000000;1,0000000000000000;1,0000000000000000;1,0000000000000000;1,0000000000000000
2021-12-22;60+;12;12,0;12;12;12;12;12;12;12;12;12,0;12,0;100;100,0;100;100;100;100;100;100;100;100;100,0;100,0;1,0000000000000000;1,000000000000000;1,000000000000000;1,000000000000000;1,0000000000000000;1,0000000000000000;1,0000000000000000;1,0000000000000000;1,0000000000000000;1,0000000000000000;1,0000000000000000
2021-12-22;alle;21;21,0;21;21;21;21;21;21;21;21;21,0;21,0;174;174,0;174;174;174;174;174;174;174;174;174,0;174,0;NA;NA;NA;NA;NA;NA;NA;NA;NA;NA;NA
2021-12-21;0-60;10;10,0;10;10;10;10;10;10;10;10;10,0;10,0;77;77,0;77;77;77;77;77;77;77;77;77,0;77,0;1,0000000000000000;1,000000000000000;1,000000000000000;1,000000000000000;1,0000000000000000;1,0000000000000000;1,0000000000000000;1,0000000000000000;1,0000000000000000;1,0000000000000000;1,0000000000000000
2021-12-21;60+;12;12,0;12;12;12;12;12;12;12;12;12,0;12,0;107;107,0;107;107;107;107;107;107;107;107;107,0;107,0;1,0000000000000000;1,000000000000000;1,000000000000000;1,000000000000000;1,0000000000000000;1,0000000000000000;1,0000000000000000;1,0000000000000000;1,0000000000000000;1,0000000000000000;1,0000000000000000
2021-12-21;alle;22;22,0;22;22;22;22;22;22;22;22;22,0;22,0;184;184,0;184;184;184;184;184;184;184;184;184,0;184,0;NA;NA;NA;NA;NA;NA;NA;NA;NA;NA;NA
2021-12-20;0-60;3;3,0;3;3;3;3;3;3;3;3;3,0;3,0;75;75,0;75;75;75;75;75;75;75;75;75,0;75,0;1,0000000000000000;1,000000000000000;1,000000000000000;1,000000000000000;1,0000000000000000;1,0000000000000000;1,0000000000000000;1,0000000000000000;1,0000000000000000;1,0000000000000000;1,0000000000000000
2021-12-20;60+;4;4,0;4;4;4;4;4;4;4;4;4,0;4,0;113;113,0;113;113;113;113;113;113;113;113;113,0;113,0;1,0000000000000000;1,000000000000000;1,000000000000000;1,000000000000000;1,0000000000000000;1,0000000000000000;1,0000000000000000;1,0000000000000000;1,0000000000000000;1,0000000000000000;1,0000000000000000
2021-12-20;alle;7;7,0;7;7;7;7;7;7;7;7;7,0;7,0;188;188,0;188;188;188;188;188;188;188;188;188,0;188,0;NA;NA;NA;NA;NA;NA;NA;NA;NA;NA;NA
2021-12-19;0-60;7;7,0;7;7;7;7;7;7;7;7;7,0;7,0;75;75,0;75;75;75;75;75;75;75;75;75,0;75,0;1,0000000000000000;1,000000000000000;1,000000000000000;1,000000000000000;1,0000000000000000;1,0000000000000000;1,0000000000000000;1,0000000000000000;1,0000000000000000;1,0000000000000000;1,0000000000000000
2021-12-19;60+;5;5,0;5;5;5;5;5;5;5;5;5,0;5,0;113;113,0;113;113;113;113;113;113;113;113;113,0;113,0;1,0000000000000000;1,000000000000000;1,000000000000000;1,000000000000000;1,0000000000000000;1,0000000000000000;1,0000000000000000;1,0000000000000000;1,0000000000000000;1,0000000000000000;1,0000000000000000
2021-12-19;alle;12;12,0;12;12;12;12;12;12;12;12;12,0;12,0;188;188,0;188;188;188;188;188;188;188;188;188,0;188,0;NA;NA;NA;NA;NA;NA;NA;NA;NA;NA;NA
2021-12-18;0-60;12;12,0;12;12;12;12;12;12;12;12;12,0;12,0;77;77,0;77;77;77;77;77;77;77;77;77,0;77,0;1,0000000000000000;1,000000000000000;1,000000000000000;1,000000000000000;1,0000000000000000;1,0000000000000000;1,0000000000000000;1,0000000000000000;1,0000000000000000;1,0000000000000000;1,0000000000000000
2021-12-18;60+;23;23,0;23;23;23;23;23;23;23;23;23,0;23,0;119;119,0;119;119;119;119;119;119;119;119;119,0;119,0;1,0000000000000000;1,000000000000000;1,000000000000000;1,000000000000000;1,0000000000000000;1,0000000000000000;1,0000000000000000;1,0000000000000000;1,0000000000000000;1,0000000000000000;1,0000000000000000
2021-12-18;alle;35;35,0;35;35;35;35;35;35;35;35;35,0;35,0;196;196,0;196;196;196;196;196;196;196;196;196,0;196,0;NA;NA;NA;NA;NA;NA;NA;NA;NA;NA;NA
2021-12-17;0-60;14;14,0;14;14;14;14;14;14;14;14;14,0;14,0;75;75,0;75;75;75;75;75;75;75;75;75,0;75,0;1,0000000000000000;1,000000000000000;1,000000000000000;1,000000000000000;1,0000000000000000;1,0000000000000000;1,0000000000000000;1,0000000000000000;1,0000000000000000;1,0000000000000000;1,0000000000000000
2021-12-17;60+;21;21,0;21;21;21;21;21;21;21;21;21,0;21,0;109;109,0;109;109;109;109;109;109;109;109;109,0;109,0;1,0000000000000000;1,000000000000000;1,000000000000000;1,000000000000000;1,0000000000000000;1,0000000000000000;1,0000000000000000;1,0000000000000000;1,0000000000000000;1,0000000000000000;1,0000000000000000
2021-12-17;alle;35;35,0;35;35;35;35;35;35;35;35;35,0;35,0;184;184,0;184;184;184;184;184;184;184;184;184,0;184,0;NA;NA;NA;NA;NA;NA;NA;NA;NA;NA;NA
2021-12-16;0-60;19;19,0;19;19;19;19;19;19;19;19;19,0;19,0;75;75,0;75;75;75;75;75;75;75;75;75,0;75,0;1,0000000000000000;1,000000000000000;1,000000000000000;1,000000000000000;1,0000000000000000;1,0000000000000000;1,0000000000000000;1,0000000000000000;1,0000000000000000;1,0000000000000000;1,0000000000000000
2021-12-16;60+;23;23,0;23;23;23;23;23;23;23;23;23,0;23,0;97;97,0;97;97;97;97;97;97;97;97;97,0;97,0;1,0000000000000000;1,000000000000000;1,000000000000000;1,000000000000000;1,0000000000000000;1,0000000000000000;1,0000000000000000;1,0000000000000000;1,0000000000000000;1,0000000000000000;1,0000000000000000
2021-12-16;alle;42;42,0;42;42;42;42;42;42;42;42;42,0;42,0;172;172,0;172;172;172;172;172;172;172;172;172,0;172,0;NA;NA;NA;NA;NA;NA;NA;NA;NA;NA;NA
2021-12-15;0-60;12;12,0;12;12;12;12;12;12;12;12;12,0;12,0;65;65,0;65;65;65;65;65;65;65;65;65,0;65,0;1,0000000000000000;1,000000000000000;1,000000000000000;1,000000000000000;1,0000000000000000;1,0000000000000000;1,0000000000000000;1,0000000000000000;1,0000000000000000;1,0000000000000000;1,0000000000000000
2021-12-15;60+;19;19,0;19;19;19;19;19;19;19;19;19,0;19,0;84;84,0;84;84;84;84;84;84;84;84;84,0;84,0;1,0000000000000000;1,000000000000000;1,000000000000000;1,000000000000000;1,0000000000000000;1,0000000000000000;1,0000000000000000;1,0000000000000000;1,0000000000000000;1,0000000000000000;1,0000000000000000
2021-12-15;alle;31;31,0;31;31;31;31;31;31;31;31;31,0;31,0;149;149,0;149;149;149;149;149;149;149;149;149,0;149,0;NA;NA;NA;NA;NA;NA;NA;NA;NA;NA;NA
2021-12-14;0-60;8;8,0;8;8;8;8;8;8;8;8;8,0;8,0;69;69,0;69;69;69;69;69;69;69;69;69,0;69,0;1,0000000000000000;1,000000000000000;1,000000000000000;1,000000000000000;1,0000000000000000;1,0000000000000000;1,0000000000000000;1,0000000000000000;1,0000000000000000;1,0000000000000000;1,0000000000000000
2021-12-14;60+;18;18,0;18;18;18;18;18;18;18;18;18,0;18,0;86;86,0;86;86;86;86;86;86;86;86;86,0;86,0;1,0000000000000000;1,000000000000000;1,000000000000000;1,000000000000000;1,0000000000000000;1,0000000000000000;1,0000000000000000;1,0000000000000000;1,0000000000000000;1,0000000000000000;1,0000000000000000
2021-12-14;alle;26;26,0;26;26;26;26;26;26;26;26;26,0;26,0;155;155,0;155;155;155;155;155;155;155;155;155,0;155,0;NA;NA;NA;NA;NA;NA;NA;NA;NA;NA;NA
2021-12-13;0-60;3;3,0;3;3;3;3;3;3;3;3;3,0;3,0;74;74,0;74;74;74;74;74;74;74;74;74,0;74,0;1,0000000000000000;1,000000000000000;1,000000000000000;1,000000000000000;1,0000000000000000;1,0000000000000000;1,0000000000000000;1,0000000000000000;1,0000000000000000;1,0000000000000000;1,0000000000000000
2021-12-13;60+;4;4,0;4;4;4;4;4;4;4;4;4,0;4,0;83;83,0;83;83;83;83;83;83;83;83;83,0;83,0;1,0000000000000000;1,000000000000000;1,000000000000000;1,000000000000000;1,0000000000000000;1,0000000000000000;1,0000000000000000;1,0000000000000000;1,0000000000000000;1,0000000000000000;1,0000000000000000
2021-12-13;alle;7;7,0;7;7;7;7;7;7;7;7;7,0;7,0;157;157,0;157;157;157;157;157;157;157;157;157,0;157,0;NA;NA;NA;NA;NA;NA;NA;NA;NA;NA;NA
2021-12-12;0-60;9;9,0;9;9;9;9;9;9;9;9;9,0;9,0;78;78,0;78;78;78;78;78;78;78;78;78,0;78,0;1,0000000000000000;1,000000000000000;1,000000000000000;1,000000000000000;1,0000000000000000;1,0000000000000000;1,0000000000000000;1,0000000000000000;1,0000000000000000;1,0000000000000000;1,0000000000000000
2021-12-12;60+;11;11,0;11;11;11;11;11;11;11;11;11,0;11,0;87;87,0;87;87;87;87;87;87;87;87;87,0;87,0;1,0000000000000000;1,000000000000000;1,000000000000000;1,000000000000000;1,0000000000000000;1,0000000000000000;1,0000000000000000;1,0000000000000000;1,0000000000000000;1,0000000000000000;1,0000000000000000
2021-12-12;alle;20;20,0;20;20;20;20;20;20;20;20;20,0;20,0;165;165,0;165;165;165;165;165;165;165;165;165,0;165,0;NA;NA;NA;NA;NA;NA;NA;NA;NA;NA;NA
2021-12-11;0-60;10;10,0;10;10;10;10;10;10;10;10;10,0;10,0;77;77,0;77;77;77;77;77;77;77;77;77,0;77,0;1,0000000000000000;1,000000000000000;1,000000000000000;1,000000000000000;1,0000000000000000;1,0000000000000000;1,0000000000000000;1,0000000000000000;1,0000000000000000;1,0000000000000000;1,0000000000000000
2021-12-11;60+;13;13,0;13;13;13;13;13;13;13;13;13,0;13,0;88;88,0;88;88;88;88;88;88;88;88;88,0;88,0;1,0000000000000000;1,000000000000000;1,000000000000000;1,000000000000000;1,0000000000000000;1,0000000000000000;1,0000000000000000;1,0000000000000000;1,0000000000000000;1,0000000000000000;1,0000000000000000
2021-12-11;alle;23;23,0;23;23;23;23;23;23;23;23;23,0;23,0;165;165,0;165;165;165;165;165;165;165;165;165,0;165,0;NA;NA;NA;NA;NA;NA;NA;NA;NA;NA;NA
2021-12-10;0-60;14;14,0;14;14;14;14;14;14;14;14;14,0;14,0;76;76,0;76;76;76;76;76;76;76;76;76,0;76,0;1,0000000000000000;1,000000000000000;1,000000000000000;1,000000000000000;1,0000000000000000;1,0000000000000000;1,0000000000000000;1,0000000000000000;1,0000000000000000;1,0000000000000000;1,0000000000000000
2021-12-10;60+;9;9,0;9;9;9;9;9;9;9;9;9,0;9,0;90;90,0;90;90;90;90;90;90;90;90;90,0;90,0;1,0000000000000000;1,000000000000000;1,000000000000000;1,000000000000000;1,0000000000000000;1,0000000000000000;1,0000000000000000;1,0000000000000000;1,0000000000000000;1,0000000000000000;1,0000000000000000
2021-12-10;alle;23;23,0;23;23;23;23;23;23;23;23;23,0;23,0;166;166,0;166;166;166;166;166;166;166;166;166,0;166,0;NA;NA;NA;NA;NA;NA;NA;NA;NA;NA;NA
2021-12-09;0-60;9;9,0;9;9;9;9;9;9;9;9;9,0;9,0;83;83,0;83;83;83;83;83;83;83;83;83,0;83,0;1,0000000000000000;1,000000000000000;1,000000000000000;1,000000000000000;1,0000000000000000;1,0000000000000000;1,0000000000000000;1,0000000000000000;1,0000000000000000;1,0000000000000000;1,0000000000000000
2021-12-09;60+;10;10,0;10;10;10;10;10;10;10;10;10,0;10,0;88;88,0;88;88;88;88;88;88;88;88;88,0;88,0;1,0000000000000000;1,000000000000000;1,000000000000000;1,000000000000000;1,0000000000000000;1,0000000000000000;1,0000000000000000;1,0000000000000000;1,0000000000000000;1,0000000000000000;1,0000000000000000
2021-12-09;alle;19;19,0;19;19;19;19;19;19;19;19;19,0;19,0;171;171,0;171;171;171;171;171;171;171;171;171,0;171,0;NA;NA;NA;NA;NA;NA;NA;NA;NA;NA;NA
2021-12-08;0-60;16;16,0;16;16;16;16;16;16;16;16;16,0;16,0;85;85,0;85;85;85;85;85;85;85;85;85,0;85,0;1,0000000000000000;1,000000000000000;1,000000000000000;1,000000000000000;1,0000000000000000;1,0000000000000000;1,0000000000000000;1,0000000000000000;1,0000000000000000;1,0000000000000000;1,0000000000000000
2021-12-08;60+;21;21,0;21;21;21;21;21;21;21;21;21,0;21,0;93;93,0;93;93;93;93;93;93;93;93;93,0;93,0;1,0000000000000000;1,000000000000000;1,000000000000000;1,000000000000000;1,0000000000000000;1,0000000000000000;1,0000000000000000;1,0000000000000000;1,0000000000000000;1,0000000000000000;1,0000000000000000
2021-12-08;alle;37;37,0;37;37;37;37;37;37;37;37;37,0;37,0;178;178,0;178;178;178;178;178;178;178;178;178,0;178,0;NA;NA;NA;NA;NA;NA;NA;NA;NA;NA;NA
2021-12-07;0-60;13;13,0;13;13;13;13;13;13;13;13;13,0;13,0;79;79,0;79;79;79;79;79;79;79;79;79,0;79,0;1,0000000000000000;1,000000000000000;1,000000000000000;1,000000000000000;1,0000000000000000;1,0000000000000000;1,0000000000000000;1,0000000000000000;1,0000000000000000;1,0000000000000000;1,0000000000000000
2021-12-07;60+;15;15,0;15;15;15;15;15;15;15;15;15,0;15,0;86;86,0;86;86;86;86;86;86;86;86;86,0;86,0;1,0000000000000000;1,000000000000000;1,000000000000000;1,000000000000000;1,0000000000000000;1,0000000000000000;1,0000000000000000;1,0000000000000000;1,0000000000000000;1,0000000000000000;1,0000000000000000
2021-12-07;alle;28;28,0;28;28;28;28;28;28;28;28;28,0;28,0;165;165,0;165;165;165;165;165;165;165;165;165,0;165,0;NA;NA;NA;NA;NA;NA;NA;NA;NA;NA;NA
2021-12-06;0-60;7;7,0;7;7;7;7;7;7;7;7;7,0;7,0;89;89,0;89;89;89;89;89;89;89;89;89,0;89,0;1,0000000000000000;1,000000000000000;1,000000000000000;1,000000000000000;1,0000000000000000;1,0000000000000000;1,0000000000000000;1,0000000000000000;1,0000000000000000;1,0000000000000000;1,0000000000000000
2021-12-06;60+;8;8,0;8;8;8;8;8;8;8;8;8,0;8,0;84;84,0;84;84;84;84;84;84;84;84;84,0;84,0;1,0000000000000000;1,000000000000000;1,000000000000000;1,000000000000000;1,0000000000000000;1,0000000000000000;1,0000000000000000;1,0000000000000000;1,0000000000000000;1,0000000000000000;1,0000000000000000
2021-12-06;alle;15;15,0;15;15;15;15;15;15;15;15;15,0;15,0;173;173,0;173;173;173;173;173;173;173;173;173,0;173,0;NA;NA;NA;NA;NA;NA;NA;NA;NA;NA;NA
2021-12-05;0-60;8;8,0;8;8;8;8;8;8;8;8;8,0;8,0;87;87,0;87;87;87;87;87;87;87;87;87,0;87,0;1,0000000000000000;1,000000000000000;1,000000000000000;1,000000000000000;1,0000000000000000;1,0000000000000000;1,0000000000000000;1,0000000000000000;1,0000000000000000;1,0000000000000000;1,0000000000000000
2021-12-05;60+;12;12,0;12;12;12;12;12;12;12;12;12,0;12,0;77;77,0;77;77;77;77;77;77;77;77;77,0;77,0;1,0000000000000000;1,000000000000000;1,000000000000000;1,000000000000000;1,0000000000000000;1,0000000000000000;1,0000000000000000;1,0000000000000000;1,0000000000000000;1,0000000000000000;1,0000000000000000
2021-12-05;alle;20;20,0;20;20;20;20;20;20;20;20;20,0;20,0;164;164,0;164;164;164;164;164;164;164;164;164,0;164,0;NA;NA;NA;NA;NA;NA;NA;NA;NA;NA;NA
2021-12-04;0-60;9;9,0;9;9;9;9;9;9;9;9;9,0;9,0;81;81,0;81;81;81;81;81;81;81;81;81,0;81,0;1,0000000000000000;1,000000000000000;1,000000000000000;1,000000000000000;1,0000000000000000;1,0000000000000000;1,0000000000000000;1,0000000000000000;1,0000000000000000;1,0000000000000000;1,0000000000000000
2021-12-04;60+;15;15,0;15;15;15;15;15;15;15;15;15,0;15,0;79;79,0;79;79;79;79;79;79;79;79;79,0;79,0;1,0000000000000000;1,000000000000000;1,000000000000000;1,000000000000000;1,0000000000000000;1,0000000000000000;1,0000000000000000;1,0000000000000000;1,0000000000000000;1,0000000000000000;1,0000000000000000
2021-12-04;alle;24;24,0;24;24;24;24;24;24;24;24;24,0;24,0;160;160,0;160;160;160;160;160;160;160;160;160,0;160,0;NA;NA;NA;NA;NA;NA;NA;NA;NA;NA;NA
2021-12-03;0-60;21;21,0;21;21;21;21;21;21;21;21;21,0;21,0;78;78,0;78;78;78;78;78;78;78;78;78,0;78,0;1,0000000000000000;1,000000000000000;1,000000000000000;1,000000000000000;1,0000000000000000;1,0000000000000000;1,0000000000000000;1,0000000000000000;1,0000000000000000;1,0000000000000000;1,0000000000000000
2021-12-03;60+;7;7,0;7;7;7;7;7;7;7;7;7,0;7,0;77;77,0;77;77;77;77;77;77;77;77;77,0;77,0;1,0000000000000000;1,000000000000000;1,000000000000000;1,000000000000000;1,0000000000000000;1,0000000000000000;1,0000000000000000;1,0000000000000000;1,0000000000000000;1,0000000000000000;1,0000000000000000
2021-12-03;alle;28;28,0;28;28;28;28;28;28;28;28;28,0;28,0;155;155,0;155;155;155;155;155;155;155;155;155,0;155,0;NA;NA;NA;NA;NA;NA;NA;NA;NA;NA;NA
2021-12-02;0-60;11;11,0;11;11;11;11;11;11;11;11;11,0;11,0;71;71,0;71;71;71;71;71;71;71;71;71,0;71,0;1,0000000000000000;1,000000000000000;1,000000000000000;1,000000000000000;1,0000000000000000;1,0000000000000000;1,0000000000000000;1,0000000000000000;1,0000000000000000;1,0000000000000000;1,0000000000000000
2021-12-02;60+;15;15,0;15;15;15;15;15;15;15;15;15,0;15,0;91;91,0;91;91;91;91;91;91;91;91;91,0;91,0;1,0000000000000000;1,000000000000000;1,000000000000000;1,000000000000000;1,0000000000000000;1,0000000000000000;1,0000000000000000;1,0000000000000000;1,0000000000000000;1,0000000000000000;1,0000000000000000
2021-12-02;alle;26;26,0;26;26;26;26;26;26;26;26;26,0;26,0;162;162,0;162;162;162;162;162;162;162;162;162,0;162,0;NA;NA;NA;NA;NA;NA;NA;NA;NA;NA;NA
2021-12-01;0-60;10;10,0;10;10;10;10;10;10;10;10;10,0;10,0;82;82,0;82;82;82;82;82;82;82;82;82,0;82,0;1,0000000000000000;1,000000000000000;1,000000000000000;1,000000000000000;1,0000000000000000;1,0000000000000000;1,0000000000000000;1,0000000000000000;1,0000000000000000;1,0000000000000000;1,0000000000000000
2021-12-01;60+;14;14,0;14;14;14;14;14;14;14;14;14,0;14,0;93;93,0;93;93;93;93;93;93;93;93;93,0;93,0;1,0000000000000000;1,000000000000000;1,000000000000000;1,000000000000000;1,0000000000000000;1,0000000000000000;1,0000000000000000;1,0000000000000000;1,0000000000000000;1,0000000000000000;1,0000000000000000
2021-12-01;alle;24;24,0;24;24;24;24;24;24;24;24;24,0;24,0;175;175,0;175;175;175;175;175;175;175;175;175,0;175,0;NA;NA;NA;NA;NA;NA;NA;NA;NA;NA;NA
2021-11-30;0-60;23;23,0;23;23;23;23;23;23;23;23;23,0;23,0;93;93,0;93;93;93;93;93;93;93;93;93,0;93,0;1,0000000000000000;1,000000000000000;1,000000000000000;1,000000000000000;1,0000000000000000;1,0000000000000000;1,0000000000000000;1,0000000000000000;1,0000000000000000;1,0000000000000000;1,0000000000000000
2021-11-30;60+;13;13,0;13;13;13;13;13;13;13;13;13,0;13,0;101;101,0;101;101;101;101;101;101;101;101;101,0;101,0;1,0000000000000000;1,000000000000000;1,000000000000000;1,000000000000000;1,0000000000000000;1,0000000000000000;1,0000000000000000;1,0000000000000000;1,0000000000000000;1,0000000000000000;1,0000000000000000
2021-11-30;alle;36;36,0;36;36;36;36;36;36;36;36;36,0;36,0;194;194,0;194;194;194;194;194;194;194;194;194,0;194,0;NA;NA;NA;NA;NA;NA;NA;NA;NA;NA;NA
2021-11-29;0-60;5;5,0;5;5;5;5;5;5;5;5;5,0;5,0;86;86,0;86;86;86;86;86;86;86;86;86,0;86,0;1,0000000000000000;1,000000000000000;1,000000000000000;1,000000000000000;1,0000000000000000;1,0000000000000000;1,0000000000000000;1,0000000000000000;1,0000000000000000;1,0000000000000000;1,0000000000000000
2021-11-29;60+;1;1,0;1;1;1;1;1;1;1;1;1,0;1,0;104;104,0;104;104;104;104;104;104;104;104;104,0;104,0;1,0000000000000000;1,000000000000000;1,000000000000000;1,000000000000000;1,0000000000000000;1,0000000000000000;1,0000000000000000;1,0000000000000000;1,0000000000000000;1,0000000000000000;1,0000000000000000
2021-11-29;alle;6;6,0;6;6;6;6;6;6;6;6;6,0;6,0;190;190,0;190;190;190;190;190;190;190;190;190,0;190,0;NA;NA;NA;NA;NA;NA;NA;NA;NA;NA;NA
2021-11-28;0-60;2;2,0;2;2;2;2;2;2;2;2;2,0;2,0;91;91,0;91;91;91;91;91;91;91;91;91,0;91,0;1,0000000000000000;1,000000000000000;1,000000000000000;1,000000000000000;1,0000000000000000;1,0000000000000000;1,0000000000000000;1,0000000000000000;1,0000000000000000;1,0000000000000000;1,0000000000000000
2021-11-28;60+;14;14,0;14;14;14;14;14;14;14;14;14,0;14,0;106;106,0;106;106;106;106;106;106;106;106;106,0;106,0;1,0000000000000000;1,000000000000000;1,000000000000000;1,000000000000000;1,0000000000000000;1,0000000000000000;1,0000000000000000;1,0000000000000000;1,0000000000000000;1,0000000000000000;1,0000000000000000
2021-11-28;alle;16;16,0;16;16;16;16;16;16;16;16;16,0;16,0;197;197,0;197;197;197;197;197;197;197;197;197,0;197,0;NA;NA;NA;NA;NA;NA;NA;NA;NA;NA;NA
2021-11-27;0-60;6;6,0;6;6;6;6;6;6;6;6;6,0;6,0;96;96,0;96;96;96;96;96;96;96;96;96,0;96,0;1,0000000000000000;1,000000000000000;1,000000000000000;1,000000000000000;1,0000000000000000;1,0000000000000000;1,0000000000000000;1,0000000000000000;1,0000000000000000;1,0000000000000000;1,0000000000000000
2021-11-27;60+;13;13,0;13;13;13;13;13;13;13;13;13,0;13,0;104;104,0;104;104;104;104;104;104;104;104;104,0;104,0;1,0000000000000000;1,000000000000000;1,000000000000000;1,000000000000000;1,0000000000000000;1,0000000000000000;1,0000000000000000;1,0000000000000000;1,0000000000000000;1,0000000000000000;1,0000000000000000
2021-11-27;alle;19;19,0;19;19;19;19;19;19;19;19;19,0;19,0;200;200,0;200;200;200;200;200;200;200;200;200,0;200,0;NA;NA;NA;NA;NA;NA;NA;NA;NA;NA;NA
2021-11-26;0-60;14;14,0;14;14;14;14;14;14;14;14;14,0;14,0;106;106,0;106;106;106;106;106;106;106;106;106,0;106,0;1,0000000000000000;1,000000000000000;1,000000000000000;1,000000000000000;1,0000000000000000;1,0000000000000000;1,0000000000000000;1,0000000000000000;1,0000000000000000;1,0000000000000000;1,0000000000000000
2021-11-26;60+;21;21,0;21;21;21;21;21;21;21;21;21,0;21,0;111;111,0;111;111;111;111;111;111;111;111;111,0;111,0;1,0000000000000000;1,000000000000000;1,000000000000000;1,000000000000000;1,0000000000000000;1,0000000000000000;1,0000000000000000;1,0000000000000000;1,0000000000000000;1,0000000000000000;1,0000000000000000
2021-11-26;alle;35;35,0;35;35;35;35;35;35;35;35;35,0;35,0;217;217,0;217;217;217;217;217;217;217;217;217,0;217,0;NA;NA;NA;NA;NA;NA;NA;NA;NA;NA;NA
2021-11-25;0-60;22;22,0;22;22;22;22;22;22;22;22;22,0;22,0;108;108,0;108;108;108;108;108;108;108;108;108,0;108,0;1,0000000000000000;1,000000000000000;1,000000000000000;1,000000000000000;1,0000000000000000;1,0000000000000000;1,0000000000000000;1,0000000000000000;1,0000000000000000;1,0000000000000000;1,0000000000000000
2021-11-25;60+;17;17,0;17;17;17;17;17;17;17;17;17,0;17,0;110;110,0;110;110;110;110;110;110;110;110;110,0;110,0;1,0000000000000000;1,000000000000000;1,000000000000000;1,000000000000000;1,0000000000000000;1,0000000000000000;1,0000000000000000;1,0000000000000000;1,0000000000000000;1,0000000000000000;1,0000000000000000
2021-11-25;alle;39;39,0;39;39;39;39;39;39;39;39;39,0;39,0;218;218,0;218;218;218;218;218;218;218;218;218,0;218,0;NA;NA;NA;NA;NA;NA;NA;NA;NA;NA;NA
2021-11-24;0-60;21;21,0;21;21;21;21;21;21;21;21;21,0;21,0;96;96,0;96;96;96;96;96;96;96;96;96,0;96,0;1,0000000000000000;1,000000000000000;1,000000000000000;1,000000000000000;1,0000000000000000;1,0000000000000000;1,0000000000000000;1,0000000000000000;1,0000000000000000;1,0000000000000000;1,0000000000000000
2021-11-24;60+;22;22,0;22;22;22;22;22;22;22;22;22,0;22,0;117;117,0;117;117;117;117;117;117;117;117;117,0;117,0;1,0000000000000000;1,000000000000000;1,000000000000000;1,000000000000000;1,0000000000000000;1,0000000000000000;1,0000000000000000;1,0000000000000000;1,0000000000000000;1,0000000000000000;1,0000000000000000
2021-11-24;alle;43;43,0;43;43;43;43;43;43;43;43;43,0;43,0;213;213,0;213;213;213;213;213;213;213;213;213,0;213,0;NA;NA;NA;NA;NA;NA;NA;NA;NA;NA;NA
2021-11-23;0-60;16;16,0;16;16;16;16;16;16;16;16;16,0;16,0;83;83,0;83;83;83;83;83;83;83;83;83,0;83,0;1,0000000000000000;1,000000000000000;1,000000000000000;1,000000000000000;1,0000000000000000;1,0000000000000000;1,0000000000000000;1,0000000000000000;1,0000000000000000;1,0000000000000000;1,0000000000000000
2021-11-23;60+;16;16,0;16;16;16;16;16;16;16;16;16,0;16,0;116;116,0;116;116;116;116;116;116;116;116;116,0;116,0;1,0000000000000000;1,000000000000000;1,000000000000000;1,000000000000000;1,0000000000000000;1,0000000000000000;1,0000000000000000;1,0000000000000000;1,0000000000000000;1,0000000000000000;1,0000000000000000
2021-11-23;alle;32;32,0;32;32;32;32;32;32;32;32;32,0;32,0;199;199,0;199;199;199;199;199;199;199;199;199,0;199,0;NA;NA;NA;NA;NA;NA;NA;NA;NA;NA;NA
2021-11-22;0-60;10;10,0;10;10;10;10;10;10;10;10;10,0;10,0;73;73,0;73;73;73;73;73;73;73;73;73,0;73,0;1,0000000000000000;1,000000000000000;1,000000000000000;1,000000000000000;1,0000000000000000;1,0000000000000000;1,0000000000000000;1,0000000000000000;1,0000000000000000;1,0000000000000000;1,0000000000000000
2021-11-22;60+;3;3,0;3;3;3;3;3;3;3;3;3,0;3,0;114;114,0;114;114;114;114;114;114;114;114;114,0;114,0;1,0000000000000000;1,000000000000000;1,000000000000000;1,000000000000000;1,0000000000000000;1,0000000000000000;1,0000000000000000;1,0000000000000000;1,0000000000000000;1,0000000000000000;1,0000000000000000
2021-11-22;alle;13;13,0;13;13;13;13;13;13;13;13;13,0;13,0;187;187,0;187;187;187;187;187;187;187;187;187,0;187,0;NA;NA;NA;NA;NA;NA;NA;NA;NA;NA;NA
2021-11-21;0-60;7;7,0;7;7;7;7;7;7;7;7;7,0;7,0;63;63,0;63;63;63;63;63;63;63;63;63,0;63,0;1,0000000000000000;1,000000000000000;1,000000000000000;1,000000000000000;1,0000000000000000;1,0000000000000000;1,0000000000000000;1,0000000000000000;1,0000000000000000;1,0000000000000000;1,0000000000000000
2021-11-21;60+;12;12,0;12;12;12;12;12;12;12;12;12,0;12,0;116;116,0;116;116;116;116;116;116;116;116;116,0;116,0;1,0000000000000000;1,000000000000000;1,000000000000000;1,000000000000000;1,0000000000000000;1,0000000000000000;1,0000000000000000;1,0000000000000000;1,0000000000000000;1,0000000000000000;1,0000000000000000
2021-11-21;alle;19;19,0;19;19;19;19;19;19;19;19;19,0;19,0;179;179,0;179;179;179;179;179;179;179;179;179,0;179,0;NA;NA;NA;NA;NA;NA;NA;NA;NA;NA;NA
2021-11-20;0-60;16;16,0;16;16;16;16;16;16;16;16;16,0;16,0;59;59,0;59;59;59;59;59;59;59;59;59,0;59,0;1,0000000000000000;1,000000000000000;1,000000000000000;1,000000000000000;1,0000000000000000;1,0000000000000000;1,0000000000000000;1,0000000000000000;1,0000000000000000;1,0000000000000000;1,0000000000000000
2021-11-20;60+;20;20,0;20;20;20;20;20;20;20;20;20,0;20,0;113;113,0;113;113;113;113;113;113;113;113;113,0;113,0;1,0000000000000000;1,000000000000000;1,000000000000000;1,000000000000000;1,0000000000000000;1,0000000000000000;1,0000000000000000;1,0000000000000000;1,0000000000000000;1,0000000000000000;1,0000000000000000
2021-11-20;alle;36;36,0;36;36;36;36;36;36;36;36;36,0;36,0;172;172,0;172;172;172;172;172;172;172;172;172,0;172,0;NA;NA;NA;NA;NA;NA;NA;NA;NA;NA;NA
2021-11-19;0-60;16;16,0;16;16;16;16;16;16;16;16;16,0;16,0;55;55,0;55;55;55;55;55;55;55;55;55,0;55,0;1,0000000000000000;1,000000000000000;1,000000000000000;1,000000000000000;1,0000000000000000;1,0000000000000000;1,0000000000000000;1,0000000000000000;1,0000000000000000;1,0000000000000000;1,0000000000000000
2021-11-19;60+;20;20,0;20;20;20;20;20;20;20;20;20,0;20,0;108;108,0;108;108;108;108;108;108;108;108;108,0;108,0;1,0000000000000000;1,000000000000000;1,000000000000000;1,000000000000000;1,0000000000000000;1,0000000000000000;1,0000000000000000;1,0000000000000000;1,0000000000000000;1,0000000000000000;1,0000000000000000
2021-11-19;alle;36;36,0;36;36;36;36;36;36;36;36;36,0;36,0;163;163,0;163;163;163;163;163;163;163;163;163,0;163,0;NA;NA;NA;NA;NA;NA;NA;NA;NA;NA;NA
2021-11-18;0-60;10;10,0;10;10;10;10;10;10;10;10;10,0;10,0;47;47,0;47;47;47;47;47;47;47;47;47,0;47,0;1,0000000000000000;1,000000000000000;1,000000000000000;1,000000000000000;1,0000000000000000;1,0000000000000000;1,0000000000000000;1,0000000000000000;1,0000000000000000;1,0000000000000000;1,0000000000000000
2021-11-18;60+;24;24,0;24;24;24;24;24;24;24;24;24,0;24,0;99;99,0;99;99;99;99;99;99;99;99;99,0;99,0;1,0000000000000000;1,000000000000000;1,000000000000000;1,000000000000000;1,0000000000000000;1,0000000000000000;1,0000000000000000;1,0000000000000000;1,0000000000000000;1,0000000000000000;1,0000000000000000
2021-11-18;alle;34;34,0;34;34;34;34;34;34;34;34;34,0;34,0;146;146,0;146;146;146;146;146;146;146;146;146,0;146,0;NA;NA;NA;NA;NA;NA;NA;NA;NA;NA;NA
2021-11-17;0-60;8;8,0;8;8;8;8;8;8;8;8;8,0;8,0;55;55,0;55;55;55;55;55;55;55;55;55,0;55,0;1,0000000000000000;1,000000000000000;1,000000000000000;1,000000000000000;1,0000000000000000;1,0000000000000000;1,0000000000000000;1,0000000000000000;1,0000000000000000;1,0000000000000000;1,0000000000000000
2021-11-17;60+;21;21,0;21;21;21;21;21;21;21;21;21,0;21,0;89;89,0;89;89;89;89;89;89;89;89;89,0;89,0;1,0000000000000000;1,000000000000000;1,000000000000000;1,000000000000000;1,0000000000000000;1,0000000000000000;1,0000000000000000;1,0000000000000000;1,0000000000000000;1,0000000000000000;1,0000000000000000
2021-11-17;alle;29;29,0;29;29;29;29;29;29;29;29;29,0;29,0;144;144,0;144;144;144;144;144;144;144;144;144,0;144,0;NA;NA;NA;NA;NA;NA;NA;NA;NA;NA;NA
2021-11-16;0-60;6;6,0;6;6;6;6;6;6;6;6;6,0;6,0;63;63,0;63;63;63;63;63;63;63;63;63,0;63,0;1,0000000000000000;1,000000000000000;1,000000000000000;1,000000000000000;1,0000000000000000;1,0000000000000000;1,0000000000000000;1,0000000000000000;1,0000000000000000;1,0000000000000000;1,0000000000000000
2021-11-16;60+;14;14,0;14;14;14;14;14;14;14;14;14,0;14,0;90;90,0;90;90;90;90;90;90;90;90;90,0;90,0;1,0000000000000000;1,000000000000000;1,000000000000000;1,000000000000000;1,0000000000000000;1,0000000000000000;1,0000000000000000;1,0000000000000000;1,0000000000000000;1,0000000000000000;1,0000000000000000
2021-11-16;alle;20;20,0;20;20;20;20;20;20;20;20;20,0;20,0;153;153,0;153;153;153;153;153;153;153;153;153,0;153,0;NA;NA;NA;NA;NA;NA;NA;NA;NA;NA;NA
2021-11-15;0-60;0;0,0;0;0;0;0;0;0;0;0;0,0;0,0;68;68,0;68;68;68;68;68;68;68;68;68,0;68,0;1,0000000000000000;1,000000000000000;1,000000000000000;1,000000000000000;1,0000000000000000;1,0000000000000000;1,0000000000000000;1,0000000000000000;1,0000000000000000;1,0000000000000000;1,0000000000000000
2021-11-15;60+;5;5,0;5;5;5;5;5;5;5;5;5,0;5,0;80;80,0;80;80;80;80;80;80;80;80;80,0;80,0;1,0000000000000000;1,000000000000000;1,000000000000000;1,000000000000000;1,0000000000000000;1,0000000000000000;1,0000000000000000;1,0000000000000000;1,0000000000000000;1,0000000000000000;1,0000000000000000
2021-11-15;alle;5;5,0;5;5;5;5;5;5;5;5;5,0;5,0;148;148,0;148;148;148;148;148;148;148;148;148,0;148,0;NA;NA;NA;NA;NA;NA;NA;NA;NA;NA;NA
2021-11-14;0-60;3;3,0;3;3;3;3;3;3;3;3;3,0;3,0;72;72,0;72;72;72;72;72;72;72;72;72,0;72,0;1,0000000000000000;1,000000000000000;1,000000000000000;1,000000000000000;1,0000000000000000;1,0000000000000000;1,0000000000000000;1,0000000000000000;1,0000000000000000;1,0000000000000000;1,0000000000000000
2021-11-14;60+;9;9,0;9;9;9;9;9;9;9;9;9,0;9,0;79;79,0;79;79;79;79;79;79;79;79;79,0;79,0;1,0000000000000000;1,000000000000000;1,000000000000000;1,000000000000000;1,0000000000000000;1,0000000000000000;1,0000000000000000;1,0000000000000000;1,0000000000000000;1,0000000000000000;1,0000000000000000
2021-11-14;alle;12;12,0;12;12;12;12;12;12;12;12;12,0;12,0;151;151,0;151;151;151;151;151;151;151;151;151,0;151,0;NA;NA;NA;NA;NA;NA;NA;NA;NA;NA;NA
2021-11-13;0-60;12;12,0;12;12;12;12;12;12;12;12;12,0;12,0;74;74,0;74;74;74;74;74;74;74;74;74,0;74,0;1,0000000000000000;1,000000000000000;1,000000000000000;1,000000000000000;1,0000000000000000;1,0000000000000000;1,0000000000000000;1,0000000000000000;1,0000000000000000;1,0000000000000000;1,0000000000000000
2021-11-13;60+;15;15,0;15;15;15;15;15;15;15;15;15,0;15,0;74;74,0;74;74;74;74;74;74;74;74;74,0;74,0;1,0000000000000000;1,000000000000000;1,000000000000000;1,000000000000000;1,0000000000000000;1,0000000000000000;1,0000000000000000;1,0000000000000000;1,0000000000000000;1,0000000000000000;1,0000000000000000
2021-11-13;alle;27;27,0;27;27;27;27;27;27;27;27;27,0;27,0;148;148,0;148;148;148;148;148;148;148;148;148,0;148,0;NA;NA;NA;NA;NA;NA;NA;NA;NA;NA;NA
2021-11-12;0-60;8;8,0;8;8;8;8;8;8;8;8;8,0;8,0;71;71,0;71;71;71;71;71;71;71;71;71,0;71,0;1,0000000000000000;1,000000000000000;1,000000000000000;1,000000000000000;1,0000000000000000;1,0000000000000000;1,0000000000000000;1,0000000000000000;1,0000000000000000;1,0000000000000000;1,0000000000000000
2021-11-12;60+;11;11,0;11;11;11;11;11;11;11;11;11,0;11,0;70;70,0;70;70;70;70;70;70;70;70;70,0;70,0;1,0000000000000000;1,000000000000000;1,000000000000000;1,000000000000000;1,0000000000000000;1,0000000000000000;1,0000000000000000;1,0000000000000000;1,0000000000000000;1,0000000000000000;1,0000000000000000
2021-11-12;alle;19;19,0;19;19;19;19;19;19;19;19;19,0;19,0;141;141,0;141;141;141;141;141;141;141;141;141,0;141,0;NA;NA;NA;NA;NA;NA;NA;NA;NA;NA;NA
2021-11-11;0-60;18;18,0;18;18;18;18;18;18;18;18;18,0;18,0;70;70,0;70;70;70;70;70;70;70;70;70,0;70,0;1,0000000000000000;1,000000000000000;1,000000000000000;1,000000000000000;1,0000000000000000;1,0000000000000000;1,0000000000000000;1,0000000000000000;1,0000000000000000;1,0000000000000000;1,0000000000000000
2021-11-11;60+;14;14,0;14;14;14;14;14;14;14;14;14,0;14,0;69;69,0;69;69;69;69;69;69;69;69;69,0;69,0;1,0000000000000000;1,000000000000000;1,000000000000000;1,000000000000000;1,0000000000000000;1,0000000000000000;1,0000000000000000;1,0000000000000000;1,0000000000000000;1,0000000000000000;1,0000000000000000
2021-11-11;alle;32;32,0;32;32;32;32;32;32;32;32;32,0;32,0;139;139,0;139;139;139;139;139;139;139;139;139,0;139,0;NA;NA;NA;NA;NA;NA;NA;NA;NA;NA;NA
2021-11-10;0-60;16;16,0;16;16;16;16;16;16;16;16;16,0;16,0;53;53,0;53;53;53;53;53;53;53;53;53,0;53,0;1,0000000000000000;1,000000000000000;1,000000000000000;1,000000000000000;1,0000000000000000;1,0000000000000000;1,0000000000000000;1,0000000000000000;1,0000000000000000;1,0000000000000000;1,0000000000000000
2021-11-10;60+;22;22,0;22;22;22;22;22;22;22;22;22,0;22,0;63;63,0;63;63;63;63;63;63;63;63;63,0;63,0;1,0000000000000000;1,000000000000000;1,000000000000000;1,000000000000000;1,0000000000000000;1,0000000000000000;1,0000000000000000;1,0000000000000000;1,0000000000000000;1,0000000000000000;1,0000000000000000
2021-11-10;alle;38;38,0;38;38;38;38;38;38;38;38;38,0;38,0;116;116,0;116;116;116;116;116;116;116;116;116,0;116,0;NA;NA;NA;NA;NA;NA;NA;NA;NA;NA;NA
2021-11-09;0-60;11;11,0;11;11;11;11;11;11;11;11;11,0;11,0;43;43,0;43;43;43;43;43;43;43;43;43,0;43,0;1,0000000000000000;1,000000000000000;1,000000000000000;1,000000000000000;1,0000000000000000;1,0000000000000000;1,0000000000000000;1,0000000000000000;1,0000000000000000;1,0000000000000000;1,0000000000000000
2021-11-09;60+;4;4,0;4;4;4;4;4;4;4;4;4,0;4,0;51;51,0;51;51;51;51;51;51;51;51;51,0;51,0;1,0000000000000000;1,000000000000000;1,000000000000000;1,000000000000000;1,0000000000000000;1,0000000000000000;1,0000000000000000;1,0000000000000000;1,0000000000000000;1,0000000000000000;1,0000000000000000
2021-11-09;alle;15;15,0;15;15;15;15;15;15;15;15;15,0;15,0;94;94,0;94;94;94;94;94;94;94;94;94,0;94,0;NA;NA;NA;NA;NA;NA;NA;NA;NA;NA;NA
2021-11-08;0-60;4;4,0;4;4;4;4;4;4;4;4;4,0;4,0;35;35,0;35;35;35;35;35;35;35;35;35,0;35,0;1,0000000000000000;1,000000000000000;1,000000000000000;1,000000000000000;1,0000000000000000;1,0000000000000000;1,0000000000000000;1,0000000000000000;1,0000000000000000;1,0000000000000000;1,0000000000000000
2021-11-08;60+;4;4,0;4;4;4;4;4;4;4;4;4,0;4,0;53;53,0;53;53;53;53;53;53;53;53;53,0;53,0;1,0000000000000000;1,000000000000000;1,000000000000000;1,000000000000000;1,0000000000000000;1,0000000000000000;1,0000000000000000;1,0000000000000000;1,0000000000000000;1,0000000000000000;1,0000000000000000
2021-11-08;alle;8;8,0;8;8;8;8;8;8;8;8;8,0;8,0;88;88,0;88;88;88;88;88;88;88;88;88,0;88,0;NA;NA;NA;NA;NA;NA;NA;NA;NA;NA;NA
2021-11-07;0-60;5;5,0;5;5;5;5;5;5;5;5;5,0;5,0;35;35,0;35;35;35;35;35;35;35;35;35,0;35,0;1,0000000000000000;1,000000000000000;1,000000000000000;1,000000000000000;1,0000000000000000;1,0000000000000000;1,0000000000000000;1,0000000000000000;1,0000000000000000;1,0000000000000000;1,0000000000000000
2021-11-07;60+;4;4,0;4;4;4;4;4;4;4;4;4,0;4,0;50;50,0;50;50;50;50;50;50;50;50;50,0;50,0;1,0000000000000000;1,000000000000000;1,000000000000000;1,000000000000000;1,0000000000000000;1,0000000000000000;1,0000000000000000;1,0000000000000000;1,0000000000000000;1,0000000000000000;1,0000000000000000
2021-11-07;alle;9;9,0;9;9;9;9;9;9;9;9;9,0;9,0;85;85,0;85;85;85;85;85;85;85;85;85,0;85,0;NA;NA;NA;NA;NA;NA;NA;NA;NA;NA;NA
2021-11-06;0-60;9;9,0;9;9;9;9;9;9;9;9;9,0;9,0;36;36,0;36;36;36;36;36;36;36;36;36,0;36,0;1,0000000000000000;1,000000000000000;1,000000000000000;1,000000000000000;1,0000000000000000;1,0000000000000000;1,0000000000000000;1,0000000000000000;1,0000000000000000;1,0000000000000000;1,0000000000000000
2021-11-06;60+;11;11,0;11;11;11;11;11;11;11;11;11,0;11,0;49;49,0;49;49;49;49;49;49;49;49;49,0;49,0;1,0000000000000000;1,000000000000000;1,000000000000000;1,000000000000000;1,0000000000000000;1,0000000000000000;1,0000000000000000;1,0000000000000000;1,0000000000000000;1,0000000000000000;1,0000000000000000
2021-11-06;alle;20;20,0;20;20;20;20;20;20;20;20;20,0;20,0;85;85,0;85;85;85;85;85;85;85;85;85,0;85,0;NA;NA;NA;NA;NA;NA;NA;NA;NA;NA;NA
2021-11-05;0-60;7;7,0;7;7;7;7;7;7;7;7;7,0;7,0;36;36,0;36;36;36;36;36;36;36;36;36,0;36,0;1,0000000000000000;1,000000000000000;1,000000000000000;1,000000000000000;1,0000000000000000;1,0000000000000000;1,0000000000000000;1,0000000000000000;1,0000000000000000;1,0000000000000000;1,0000000000000000
2021-11-05;60+;10;10,0;10;10;10;10;10;10;10;10;10,0;10,0;45;45,0;45;45;45;45;45;45;45;45;45,0;45,0;1,0000000000000000;1,000000000000000;1,000000000000000;1,000000000000000;1,0000000000000000;1,0000000000000000;1,0000000000000000;1,0000000000000000;1,0000000000000000;1,0000000000000000;1,0000000000000000
2021-11-05;alle;17;17,0;17;17;17;17;17;17;17;17;17,0;17,0;81;81,0;81;81;81;81;81;81;81;81;81,0;81,0;NA;NA;NA;NA;NA;NA;NA;NA;NA;NA;NA
2021-11-04;0-60;1;1,0;1;1;1;1;1;1;1;1;1,0;1,0;37;37,0;37;37;37;37;37;37;37;37;37,0;37,0;1,0000000000000000;1,000000000000000;1,000000000000000;1,000000000000000;1,0000000000000000;1,0000000000000000;1,0000000000000000;1,0000000000000000;1,0000000000000000;1,0000000000000000;1,0000000000000000
2021-11-04;60+;8;8,0;8;8;8;8;8;8;8;8;8,0;8,0;44;44,0;44;44;44;44;44;44;44;44;44,0;44,0;1,0000000000000000;1,000000000000000;1,000000000000000;1,000000000000000;1,0000000000000000;1,0000000000000000;1,0000000000000000;1,0000000000000000;1,0000000000000000;1,0000000000000000;1,0000000000000000
2021-11-04;alle;9;9,0;9;9;9;9;9;9;9;9;9,0;9,0;81;81,0;81;81;81;81;81;81;81;81;81,0;81,0;NA;NA;NA;NA;NA;NA;NA;NA;NA;NA;NA
2021-11-03;0-60;6;6,0;6;6;6;6;6;6;6;6;6,0;6,0;46;46,0;46;46;46;46;46;46;46;46;46,0;46,0;1,0000000000000000;1,000000000000000;1,000000000000000;1,000000000000000;1,0000000000000000;1,0000000000000000;1,0000000000000000;1,0000000000000000;1,0000000000000000;1,0000000000000000;1,0000000000000000
2021-11-03;60+;10;10,0;10;10;10;10;10;10;10;10;10,0;10,0;42;42,0;42;42;42;42;42;42;42;42;42,0;42,0;1,0000000000000000;1,000000000000000;1,000000000000000;1,000000000000000;1,0000000000000000;1,0000000000000000;1,0000000000000000;1,0000000000000000;1,0000000000000000;1,0000000000000000;1,0000000000000000
2021-11-03;alle;16;16,0;16;16;16;16;16;16;16;16;16,0;16,0;88;88,0;88;88;88;88;88;88;88;88;88,0;88,0;NA;NA;NA;NA;NA;NA;NA;NA;NA;NA;NA
2021-11-02;0-60;3;3,0;3;3;3;3;3;3;3;3;3,0;3,0;51;51,0;51;51;51;51;51;51;51;51;51,0;51,0;1,0000000000000000;1,000000000000000;1,000000000000000;1,000000000000000;1,0000000000000000;1,0000000000000000;1,0000000000000000;1,0000000000000000;1,0000000000000000;1,0000000000000000;1,0000000000000000
2021-11-02;60+;6;6,0;6;6;6;6;6;6;6;6;6,0;6,0;38;38,0;38;38;38;38;38;38;38;38;38,0;38,0;1,0000000000000000;1,000000000000000;1,000000000000000;1,000000000000000;1,0000000000000000;1,0000000000000000;1,0000000000000000;1,0000000000000000;1,0000000000000000;1,0000000000000000;1,0000000000000000
2021-11-02;alle;9;9,0;9;9;9;9;9;9;9;9;9,0;9,0;89;89,0;89;89;89;89;89;89;89;89;89,0;89,0;NA;NA;NA;NA;NA;NA;NA;NA;NA;NA;NA
2021-11-01;0-60;4;4,0;4;4;4;4;4;4;4;4;4,0;4,0;51;51,0;51;51;51;51;51;51;51;51;51,0;51,0;1,0000000000000000;1,000000000000000;1,000000000000000;1,000000000000000;1,0000000000000000;1,0000000000000000;1,0000000000000000;1,0000000000000000;1,0000000000000000;1,0000000000000000;1,0000000000000000
2021-11-01;60+;1;1,0;1;1;1;1;1;1;1;1;1,0;1,0;37;37,0;37;37;37;37;37;37;37;37;37,0;37,0;1,0000000000000000;1,000000000000000;1,000000000000000;1,000000000000000;1,0000000000000000;1,0000000000000000;1,0000000000000000;1,0000000000000000;1,0000000000000000;1,0000000000000000;1,0000000000000000
2021-11-01;alle;5;5,0;5;5;5;5;5;5;5;5;5,0;5,0;88;88,0;88;88;88;88;88;88;88;88;88,0;88,0;NA;NA;NA;NA;NA;NA;NA;NA;NA;NA;NA
2021-10-31;0-60;6;6,0;6;6;6;6;6;6;6;6;6,0;6,0;50;50,0;50;50;50;50;50;50;50;50;50,0;50,0;1,0000000000000000;1,000000000000000;1,000000000000000;1,000000000000000;1,0000000000000000;1,0000000000000000;1,0000000000000000;1,0000000000000000;1,0000000000000000;1,0000000000000000;1,0000000000000000
2021-10-31;60+;3;3,0;3;3;3;3;3;3;3;3;3,0;3,0;36;36,0;36;36;36;36;36;36;36;36;36,0;36,0;1,0000000000000000;1,000000000000000;1,000000000000000;1,000000000000000;1,0000000000000000;1,0000000000000000;1,0000000000000000;1,0000000000000000;1,0000000000000000;1,0000000000000000;1,0000000000000000
2021-10-31;alle;9;9,0;9;9;9;9;9;9;9;9;9,0;9,0;86;86,0;86;86;86;86;86;86;86;86;86,0;86,0;NA;NA;NA;NA;NA;NA;NA;NA;NA;NA;NA
2021-10-30;0-60;9;9,0;9;9;9;9;9;9;9;9;9,0;9,0;49;49,0;49;49;49;49;49;49;49;49;49,0;49,0;1,0000000000000000;1,000000000000000;1,000000000000000;1,000000000000000;1,0000000000000000;1,0000000000000000;1,0000000000000000;1,0000000000000000;1,0000000000000000;1,0000000000000000;1,0000000000000000
2021-10-30;60+;7;7,0;7;7;7;7;7;7;7;7;7,0;7,0;38;38,0;38;38;38;38;38;38;38;38;38,0;38,0;1,0000000000000000;1,000000000000000;1,000000000000000;1,000000000000000;1,0000000000000000;1,0000000000000000;1,0000000000000000;1,0000000000000000;1,0000000000000000;1,0000000000000000;1,0000000000000000
2021-10-30;alle;16;16,0;16;16;16;16;16;16;16;16;16,0;16,0;87;87,0;87;87;87;87;87;87;87;87;87,0;87,0;NA;NA;NA;NA;NA;NA;NA;NA;NA;NA;NA
2021-10-29;0-60;8;8,0;8;8;8;8;8;8;8;8;8,0;8,0;48;48,0;48;48;48;48;48;48;48;48;48,0;48,0;1,0000000000000000;1,000000000000000;1,000000000000000;1,000000000000000;1,0000000000000000;1,0000000000000000;1,0000000000000000;1,0000000000000000;1,0000000000000000;1,0000000000000000;1,0000000000000000
2021-10-29;60+;9;9,0;9;9;9;9;9;9;9;9;9,0;9,0;40;40,0;40;40;40;40;40;40;40;40;40,0;40,0;1,0000000000000000;1,000000000000000;1,000000000000000;1,000000000000000;1,0000000000000000;1,0000000000000000;1,0000000000000000;1,0000000000000000;1,0000000000000000;1,0000000000000000;1,0000000000000000
2021-10-29;alle;17;17,0;17;17;17;17;17;17;17;17;17,0;17,0;88;88,0;88;88;88;88;88;88;88;88;88,0;88,0;NA;NA;NA;NA;NA;NA;NA;NA;NA;NA;NA
2021-10-28;0-60;10;10,0;10;10;10;10;10;10;10;10;10,0;10,0;52;52,0;52;52;52;52;52;52;52;52;52,0;52,0;1,0000000000000000;1,000000000000000;1,000000000000000;1,000000000000000;1,0000000000000000;1,0000000000000000;1,0000000000000000;1,0000000000000000;1,0000000000000000;1,0000000000000000;1,0000000000000000
2021-10-28;60+;6;6,0;6;6;6;6;6;6;6;6;6,0;6,0;37;37,0;37;37;37;37;37;37;37;37;37,0;37,0;1,0000000000000000;1,000000000000000;1,000000000000000;1,000000000000000;1,0000000000000000;1,0000000000000000;1,0000000000000000;1,0000000000000000;1,0000000000000000;1,0000000000000000;1,0000000000000000
2021-10-28;alle;16;16,0;16;16;16;16;16;16;16;16;16,0;16,0;89;89,0;89;89;89;89;89;89;89;89;89,0;89,0;NA;NA;NA;NA;NA;NA;NA;NA;NA;NA;NA
2021-10-27;0-60;11;11,0;11;11;11;11;11;11;11;11;11,0;11,0;53;53,0;53;53;53;53;53;53;53;53;53,0;53,0;1,0000000000000000;1,000000000000000;1,000000000000000;1,000000000000000;1,0000000000000000;1,0000000000000000;1,0000000000000000;1,0000000000000000;1,0000000000000000;1,0000000000000000;1,0000000000000000
2021-10-27;60+;6;6,0;6;6;6;6;6;6;6;6;6,0;6,0;34;34,0;34;34;34;34;34;34;34;34;34,0;34,0;1,0000000000000000;1,000000000000000;1,000000000000000;1,000000000000000;1,0000000000000000;1,0000000000000000;1,0000000000000000;1,0000000000000000;1,0000000000000000;1,0000000000000000;1,0000000000000000
2021-10-27;alle;17;17,0;17;17;17;17;17;17;17;17;17,0;17,0;87;87,0;87;87;87;87;87;87;87;87;87,0;87,0;NA;NA;NA;NA;NA;NA;NA;NA;NA;NA;NA
2021-10-26;0-60;3;3,0;3;3;3;3;3;3;3;3;3,0;3,0;52;52,0;52;52;52;52;52;52;52;52;52,0;52,0;1,0000000000000000;1,000000000000000;1,000000000000000;1,000000000000000;1,0000000000000000;1,0000000000000000;1,0000000000000000;1,0000000000000000;1,0000000000000000;1,0000000000000000;1,0000000000000000
2021-10-26;60+;5;5,0;5;5;5;5;5;5;5;5;5,0;5,0;39;39,0;39;39;39;39;39;39;39;39;39,0;39,0;1,0000000000000000;1,000000000000000;1,000000000000000;1,000000000000000;1,0000000000000000;1,0000000000000000;1,0000000000000000;1,0000000000000000;1,0000000000000000;1,0000000000000000;1,0000000000000000
2021-10-26;alle;8;8,0;8;8;8;8;8;8;8;8;8,0;8,0;91;91,0;91;91;91;91;91;91;91;91;91,0;91,0;NA;NA;NA;NA;NA;NA;NA;NA;NA;NA;NA
2021-10-25;0-60;3;3,0;3;3;3;3;3;3;3;3;3,0;3,0;57;57,0;57;57;57;57;57;57;57;57;57,0;57,0;1,0000000000000000;1,000000000000000;1,000000000000000;1,000000000000000;1,0000000000000000;1,0000000000000000;1,0000000000000000;1,0000000000000000;1,0000000000000000;1,0000000000000000;1,0000000000000000
2021-10-25;60+;0;0,0;0;0;0;0;0;0;0;0;0,0;0,0;43;43,0;43;43;43;43;43;43;43;43;43,0;43,0;1,0000000000000000;1,000000000000000;1,000000000000000;1,000000000000000;1,0000000000000000;1,0000000000000000;1,0000000000000000;1,0000000000000000;1,0000000000000000;1,0000000000000000;1,0000000000000000
2021-10-25;alle;3;3,0;3;3;3;3;3;3;3;3;3,0;3,0;100;100,0;100;100;100;100;100;100;100;100;100,0;100,0;NA;NA;NA;NA;NA;NA;NA;NA;NA;NA;NA
2021-10-24;0-60;5;5,0;5;5;5;5;5;5;5;5;5,0;5,0;55;55,0;55;55;55;55;55;55;55;55;55,0;55,0;1,0000000000000000;1,000000000000000;1,000000000000000;1,000000000000000;1,0000000000000000;1,0000000000000000;1,0000000000000000;1,0000000000000000;1,0000000000000000;1,0000000000000000;1,0000000000000000
2021-10-24;60+;5;5,0;5;5;5;5;5;5;5;5;5,0;5,0;44;44,0;44;44;44;44;44;44;44;44;44,0;44,0;1,0000000000000000;1,000000000000000;1,000000000000000;1,000000000000000;1,0000000000000000;1,0000000000000000;1,0000000000000000;1,0000000000000000;1,0000000000000000;1,0000000000000000;1,0000000000000000
2021-10-24;alle;10;10,0;10;10;10;10;10;10;10;10;10,0;10,0;99;99,0;99;99;99;99;99;99;99;99;99,0;99,0;NA;NA;NA;NA;NA;NA;NA;NA;NA;NA;NA
2021-10-23;0-60;8;8,0;8;8;8;8;8;8;8;8;8,0;8,0;53;53,0;53;53;53;53;53;53;53;53;53,0;53,0;1,0000000000000000;1,000000000000000;1,000000000000000;1,000000000000000;1,0000000000000000;1,0000000000000000;1,0000000000000000;1,0000000000000000;1,0000000000000000;1,0000000000000000;1,0000000000000000
2021-10-23;60+;9;9,0;9;9;9;9;9;9;9;9;9,0;9,0;41;41,0;41;41;41;41;41;41;41;41;41,0;41,0;1,0000000000000000;1,000000000000000;1,000000000000000;1,000000000000000;1,0000000000000000;1,0000000000000000;1,0000000000000000;1,0000000000000000;1,0000000000000000;1,0000000000000000;1,0000000000000000
2021-10-23;alle;17;17,0;17;17;17;17;17;17;17;17;17,0;17,0;94;94,0;94;94;94;94;94;94;94;94;94,0;94,0;NA;NA;NA;NA;NA;NA;NA;NA;NA;NA;NA
2021-10-22;0-60;12;12,0;12;12;12;12;12;12;12;12;12,0;12,0;46;46,0;46;46;46;46;46;46;46;46;46,0;46,0;1,0000000000000000;1,000000000000000;1,000000000000000;1,000000000000000;1,0000000000000000;1,0000000000000000;1,0000000000000000;1,0000000000000000;1,0000000000000000;1,0000000000000000;1,0000000000000000
2021-10-22;60+;6;6,0;6;6;6;6;6;6;6;6;6,0;6,0;42;42,0;42;42;42;42;42;42;42;42;42,0;42,0;1,0000000000000000;1,000000000000000;1,000000000000000;1,000000000000000;1,0000000000000000;1,0000000000000000;1,0000000000000000;1,0000000000000000;1,0000000000000000;1,0000000000000000;1,0000000000000000
2021-10-22;alle;18;18,0;18;18;18;18;18;18;18;18;18,0;18,0;88;88,0;88;88;88;88;88;88;88;88;88,0;88,0;NA;NA;NA;NA;NA;NA;NA;NA;NA;NA;NA
2021-10-21;0-60;11;11,0;11;11;11;11;11;11;11;11;11,0;11,0;37;37,0;37;37;37;37;37;37;37;37;37,0;37,0;1,0000000000000000;1,000000000000000;1,000000000000000;1,000000000000000;1,0000000000000000;1,0000000000000000;1,0000000000000000;1,0000000000000000;1,0000000000000000;1,0000000000000000;1,0000000000000000
2021-10-21;60+;3;3,0;3;3;3;3;3;3;3;3;3,0;3,0;40;40,0;40;40;40;40;40;40;40;40;40,0;40,0;1,0000000000000000;1,000000000000000;1,000000000000000;1,000000000000000;1,0000000000000000;1,0000000000000000;1,0000000000000000;1,0000000000000000;1,0000000000000000;1,0000000000000000;1,0000000000000000
2021-10-21;alle;14;14,0;14;14;14;14;14;14;14;14;14,0;14,0;77;77,0;77;77;77;77;77;77;77;77;77,0;77,0;NA;NA;NA;NA;NA;NA;NA;NA;NA;NA;NA
2021-10-20;0-60;10;10,0;10;10;10;10;10;10;10;10;10,0;10,0;30;30,0;30;30;30;30;30;30;30;30;30,0;30,0;1,0000000000000000;1,000000000000000;1,000000000000000;1,000000000000000;1,0000000000000000;1,0000000000000000;1,0000000000000000;1,0000000000000000;1,0000000000000000;1,0000000000000000;1,0000000000000000
2021-10-20;60+;11;11,0;11;11;11;11;11;11;11;11;11,0;11,0;40;40,0;40;40;40;40;40;40;40;40;40,0;40,0;1,0000000000000000;1,000000000000000;1,000000000000000;1,000000000000000;1,0000000000000000;1,0000000000000000;1,0000000000000000;1,0000000000000000;1,0000000000000000;1,0000000000000000;1,0000000000000000
2021-10-20;alle;21;21,0;21;21;21;21;21;21;21;21;21,0;21,0;70;70,0;70;70;70;70;70;70;70;70;70,0;70,0;NA;NA;NA;NA;NA;NA;NA;NA;NA;NA;NA
2021-10-19;0-60;8;8,0;8;8;8;8;8;8;8;8;8,0;8,0;23;23,0;23;23;23;23;23;23;23;23;23,0;23,0;1,0000000000000000;1,000000000000000;1,000000000000000;1,000000000000000;1,0000000000000000;1,0000000000000000;1,0000000000000000;1,0000000000000000;1,0000000000000000;1,0000000000000000;1,0000000000000000
2021-10-19;60+;9;9,0;9;9;9;9;9;9;9;9;9,0;9,0;34;34,0;34;34;34;34;34;34;34;34;34,0;34,0;1,0000000000000000;1,000000000000000;1,000000000000000;1,000000000000000;1,0000000000000000;1,0000000000000000;1,0000000000000000;1,0000000000000000;1,0000000000000000;1,0000000000000000;1,0000000000000000
2021-10-19;alle;17;17,0;17;17;17;17;17;17;17;17;17,0;17,0;57;57,0;57;57;57;57;57;57;57;57;57,0;57,0;NA;NA;NA;NA;NA;NA;NA;NA;NA;NA;NA
2021-10-18;0-60;1;1,0;1;1;1;1;1;1;1;1;1,0;1,0;20;20,0;20;20;20;20;20;20;20;20;20,0;20,0;1,0000000000000000;1,000000000000000;1,000000000000000;1,000000000000000;1,0000000000000000;1,0000000000000000;1,0000000000000000;1,0000000000000000;1,0000000000000000;1,0000000000000000;1,0000000000000000
2021-10-18;60+;1;1,0;1;1;1;1;1;1;1;1;1,0;1,0;31;31,0;31;31;31;31;31;31;31;31;31,0;31,0;1,0000000000000000;1,000000000000000;1,000000000000000;1,000000000000000;1,0000000000000000;1,0000000000000000;1,0000000000000000;1,0000000000000000;1,0000000000000000;1,0000000000000000;1,0000000000000000
2021-10-18;alle;2;2,0;2;2;2;2;2;2;2;2;2,0;2,0;51;51,0;51;51;51;51;51;51;51;51;51,0;51,0;NA;NA;NA;NA;NA;NA;NA;NA;NA;NA;NA
2021-10-17;0-60;3;3,0;3;3;3;3;3;3;3;3;3,0;3,0;20;20,0;20;20;20;20;20;20;20;20;20,0;20,0;1,0000000000000000;1,000000000000000;1,000000000000000;1,000000000000000;1,0000000000000000;1,0000000000000000;1,0000000000000000;1,0000000000000000;1,0000000000000000;1,0000000000000000;1,0000000000000000
2021-10-17;60+;2;2,0;2;2;2;2;2;2;2;2;2,0;2,0;32;32,0;32;32;32;32;32;32;32;32;32,0;32,0;1,0000000000000000;1,000000000000000;1,000000000000000;1,000000000000000;1,0000000000000000;1,0000000000000000;1,0000000000000000;1,0000000000000000;1,0000000000000000;1,0000000000000000;1,0000000000000000
2021-10-17;alle;5;5,0;5;5;5;5;5;5;5;5;5,0;5,0;52;52,0;52;52;52;52;52;52;52;52;52,0;52,0;NA;NA;NA;NA;NA;NA;NA;NA;NA;NA;NA
2021-10-16;0-60;1;1,0;1;1;1;1;1;1;1;1;1,0;1,0;19;19,0;19;19;19;19;19;19;19;19;19,0;19,0;1,0000000000000000;1,000000000000000;1,000000000000000;1,000000000000000;1,0000000000000000;1,0000000000000000;1,0000000000000000;1,0000000000000000;1,0000000000000000;1,0000000000000000;1,0000000000000000
2021-10-16;60+;10;10,0;10;10;10;10;10;10;10;10;10,0;10,0;35;35,0;35;35;35;35;35;35;35;35;35,0;35,0;1,0000000000000000;1,000000000000000;1,000000000000000;1,000000000000000;1,0000000000000000;1,0000000000000000;1,0000000000000000;1,0000000000000000;1,0000000000000000;1,0000000000000000;1,0000000000000000
2021-10-16;alle;11;11,0;11;11;11;11;11;11;11;11;11,0;11,0;54;54,0;54;54;54;54;54;54;54;54;54,0;54,0;NA;NA;NA;NA;NA;NA;NA;NA;NA;NA;NA
2021-10-15;0-60;3;3,0;3;3;3;3;3;3;3;3;3,0;3,0;24;24,0;24;24;24;24;24;24;24;24;24,0;24,0;1,0000000000000000;1,000000000000000;1,000000000000000;1,000000000000000;1,0000000000000000;1,0000000000000000;1,0000000000000000;1,0000000000000000;1,0000000000000000;1,0000000000000000;1,0000000000000000
2021-10-15;60+;4;4,0;4;4;4;4;4;4;4;4;4,0;4,0;29;29,0;29;29;29;29;29;29;29;29;29,0;29,0;1,0000000000000000;1,000000000000000;1,000000000000000;1,000000000000000;1,0000000000000000;1,0000000000000000;1,0000000000000000;1,0000000000000000;1,0000000000000000;1,0000000000000000;1,0000000000000000
2021-10-15;alle;7;7,0;7;7;7;7;7;7;7;7;7,0;7,0;53;53,0;53;53;53;53;53;53;53;53;53,0;53,0;NA;NA;NA;NA;NA;NA;NA;NA;NA;NA;NA
2021-10-14;0-60;4;4,0;4;4;4;4;4;4;4;4;4,0;4,0;25;25,0;25;25;25;25;25;25;25;25;25,0;25,0;1,0000000000000000;1,000000000000000;1,000000000000000;1,000000000000000;1,0000000000000000;1,0000000000000000;1,0000000000000000;1,0000000000000000;1,0000000000000000;1,0000000000000000;1,0000000000000000
2021-10-14;60+;3;3,0;3;3;3;3;3;3;3;3;3,0;3,0;31;31,0;31;31;31;31;31;31;31;31;31,0;31,0;1,0000000000000000;1,000000000000000;1,000000000000000;1,000000000000000;1,0000000000000000;1,0000000000000000;1,0000000000000000;1,0000000000000000;1,0000000000000000;1,0000000000000000;1,0000000000000000
2021-10-14;alle;7;7,0;7;7;7;7;7;7;7;7;7,0;7,0;56;56,0;56;56;56;56;56;56;56;56;56,0;56,0;NA;NA;NA;NA;NA;NA;NA;NA;NA;NA;NA
2021-10-13;0-60;3;3,0;3;3;3;3;3;3;3;3;3,0;3,0;22;22,0;22;22;22;22;22;22;22;22;22,0;22,0;1,0000000000000000;1,000000000000000;1,000000000000000;1,000000000000000;1,0000000000000000;1,0000000000000000;1,0000000000000000;1,0000000000000000;1,0000000000000000;1,0000000000000000;1,0000000000000000
2021-10-13;60+;5;5,0;5;5;5;5;5;5;5;5;5,0;5,0;30;30,0;30;30;30;30;30;30;30;30;30,0;30,0;1,0000000000000000;1,000000000000000;1,000000000000000;1,000000000000000;1,0000000000000000;1,0000000000000000;1,0000000000000000;1,0000000000000000;1,0000000000000000;1,0000000000000000;1,0000000000000000
2021-10-13;alle;8;8,0;8;8;8;8;8;8;8;8;8,0;8,0;52;52,0;52;52;52;52;52;52;52;52;52,0;52,0;NA;NA;NA;NA;NA;NA;NA;NA;NA;NA;NA
2021-10-12;0-60;5;5,0;5;5;5;5;5;5;5;5;5,0;5,0;23;23,0;23;23;23;23;23;23;23;23;23,0;23,0;1,0000000000000000;1,000000000000000;1,000000000000000;1,000000000000000;1,0000000000000000;1,0000000000000000;1,0000000000000000;1,0000000000000000;1,0000000000000000;1,0000000000000000;1,0000000000000000
2021-10-12;60+;6;6,0;6;6;6;6;6;6;6;6;6,0;6,0;33;33,0;33;33;33;33;33;33;33;33;33,0;33,0;1,0000000000000000;1,000000000000000;1,000000000000000;1,000000000000000;1,0000000000000000;1,0000000000000000;1,0000000000000000;1,0000000000000000;1,0000000000000000;1,0000000000000000;1,0000000000000000
2021-10-12;alle;11;11,0;11;11;11;11;11;11;11;11;11,0;11,0;56;56,0;56;56;56;56;56;56;56;56;56,0;56,0;NA;NA;NA;NA;NA;NA;NA;NA;NA;NA;NA
2021-10-11;0-60;1;1,0;1;1;1;1;1;1;1;1;1,0;1,0;22;22,0;22;22;22;22;22;22;22;22;22,0;22,0;1,0000000000000000;1,000000000000000;1,000000000000000;1,000000000000000;1,0000000000000000;1,0000000000000000;1,0000000000000000;1,0000000000000000;1,0000000000000000;1,0000000000000000;1,0000000000000000
2021-10-11;60+;2;2,0;2;2;2;2;2;2;2;2;2,0;2,0;32;32,0;32;32;32;32;32;32;32;32;32,0;32,0;1,0000000000000000;1,000000000000000;1,000000000000000;1,000000000000000;1,0000000000000000;1,0000000000000000;1,0000000000000000;1,0000000000000000;1,0000000000000000;1,0000000000000000;1,0000000000000000
2021-10-11;alle;3;3,0;3;3;3;3;3;3;3;3;3,0;3,0;54;54,0;54;54;54;54;54;54;54;54;54,0;54,0;NA;NA;NA;NA;NA;NA;NA;NA;NA;NA;NA
2021-10-10;0-60;2;2,0;2;2;2;2;2;2;2;2;2,0;2,0;23;23,0;23;23;23;23;23;23;23;23;23,0;23,0;1,0000000000000000;1,000000000000000;1,000000000000000;1,000000000000000;1,0000000000000000;1,0000000000000000;1,0000000000000000;1,0000000000000000;1,0000000000000000;1,0000000000000000;1,0000000000000000
2021-10-10;60+;5;5,0;5;5;5;5;5;5;5;5;5,0;5,0;32;32,0;32;32;32;32;32;32;32;32;32,0;32,0;1,0000000000000000;1,000000000000000;1,000000000000000;1,000000000000000;1,0000000000000000;1,0000000000000000;1,0000000000000000;1,0000000000000000;1,0000000000000000;1,0000000000000000;1,0000000000000000
2021-10-10;alle;7;7,0;7;7;7;7;7;7;7;7;7,0;7,0;55;55,0;55;55;55;55;55;55;55;55;55,0;55,0;NA;NA;NA;NA;NA;NA;NA;NA;NA;NA;NA
2021-10-09;0-60;6;6,0;6;6;6;6;6;6;6;6;6,0;6,0;24;24,0;24;24;24;24;24;24;24;24;24,0;24,0;1,0000000000000000;1,000000000000000;1,000000000000000;1,000000000000000;1,0000000000000000;1,0000000000000000;1,0000000000000000;1,0000000000000000;1,0000000000000000;1,0000000000000000;1,0000000000000000
2021-10-09;60+;4;4,0;4;4;4;4;4;4;4;4;4,0;4,0;33;33,0;33;33;33;33;33;33;33;33;33,0;33,0;1,0000000000000000;1,000000000000000;1,000000000000000;1,000000000000000;1,0000000000000000;1,0000000000000000;1,0000000000000000;1,0000000000000000;1,0000000000000000;1,0000000000000000;1,0000000000000000
2021-10-09;alle;10;10,0;10;10;10;10;10;10;10;10;10,0;10,0;57;57,0;57;57;57;57;57;57;57;57;57,0;57,0;NA;NA;NA;NA;NA;NA;NA;NA;NA;NA;NA
2021-10-08;0-60;4;4,0;4;4;4;4;4;4;4;4;4,0;4,0;24;24,0;24;24;24;24;24;24;24;24;24,0;24,0;1,0000000000000000;1,000000000000000;1,000000000000000;1,000000000000000;1,0000000000000000;1,0000000000000000;1,0000000000000000;1,0000000000000000;1,0000000000000000;1,0000000000000000;1,0000000000000000
2021-10-08;60+;6;6,0;6;6;6;6;6;6;6;6;6,0;6,0;33;33,0;33;33;33;33;33;33;33;33;33,0;33,0;1,0000000000000000;1,000000000000000;1,000000000000000;1,000000000000000;1,0000000000000000;1,0000000000000000;1,0000000000000000;1,0000000000000000;1,0000000000000000;1,0000000000000000;1,0000000000000000
2021-10-08;alle;10;10,0;10;10;10;10;10;10;10;10;10,0;10,0;57;57,0;57;57;57;57;57;57;57;57;57,0;57,0;NA;NA;NA;NA;NA;NA;NA;NA;NA;NA;NA
2021-10-07;0-60;1;1,0;1;1;1;1;1;1;1;1;1,0;1,0;27;27,0;27;27;27;27;27;27;27;27;27,0;27,0;1,0000000000000000;1,000000000000000;1,000000000000000;1,000000000000000;1,0000000000000000;1,0000000000000000;1,0000000000000000;1,0000000000000000;1,0000000000000000;1,0000000000000000;1,0000000000000000
2021-10-07;60+;2;2,0;2;2;2;2;2;2;2;2;2,0;2,0;34;34,0;34;34;34;34;34;34;34;34;34,0;34,0;1,0000000000000000;1,000000000000000;1,000000000000000;1,000000000000000;1,0000000000000000;1,0000000000000000;1,0000000000000000;1,0000000000000000;1,0000000000000000;1,0000000000000000;1,0000000000000000
2021-10-07;alle;3;3,0;3;3;3;3;3;3;3;3;3,0;3,0;61;61,0;61;61;61;61;61;61;61;61;61,0;61,0;NA;NA;NA;NA;NA;NA;NA;NA;NA;NA;NA
2021-10-06;0-60;4;4,0;4;4;4;4;4;4;4;4;4,0;4,0;29;29,0;29;29;29;29;29;29;29;29;29,0;29,0;1,0000000000000000;1,000000000000000;1,000000000000000;1,000000000000000;1,0000000000000000;1,0000000000000000;1,0000000000000000;1,0000000000000000;1,0000000000000000;1,0000000000000000;1,0000000000000000
2021-10-06;60+;8;8,0;8;8;8;8;8;8;8;8;8,0;8,0;36;36,0;36;36;36;36;36;36;36;36;36,0;36,0;1,0000000000000000;1,000000000000000;1,000000000000000;1,000000000000000;1,0000000000000000;1,0000000000000000;1,0000000000000000;1,0000000000000000;1,0000000000000000;1,0000000000000000;1,0000000000000000
2021-10-06;alle;12;12,0;12;12;12;12;12;12;12;12;12,0;12,0;65;65,0;65;65;65;65;65;65;65;65;65,0;65,0;NA;NA;NA;NA;NA;NA;NA;NA;NA;NA;NA
2021-10-05;0-60;4;4,0;4;4;4;4;4;4;4;4;4,0;4,0;28;28,0;28;28;28;28;28;28;28;28;28,0;28,0;1,0000000000000000;1,000000000000000;1,000000000000000;1,000000000000000;1,0000000000000000;1,0000000000000000;1,0000000000000000;1,0000000000000000;1,0000000000000000;1,0000000000000000;1,0000000000000000
2021-10-05;60+;5;5,0;5;5;5;5;5;5;5;5;5,0;5,0;31;31,0;31;31;31;31;31;31;31;31;31,0;31,0;1,0000000000000000;1,000000000000000;1,000000000000000;1,000000000000000;1,0000000000000000;1,0000000000000000;1,0000000000000000;1,0000000000000000;1,0000000000000000;1,0000000000000000;1,0000000000000000
2021-10-05;alle;9;9,0;9;9;9;9;9;9;9;9;9,0;9,0;59;59,0;59;59;59;59;59;59;59;59;59,0;59,0;NA;NA;NA;NA;NA;NA;NA;NA;NA;NA;NA
2021-10-04;0-60;2;2,0;2;2;2;2;2;2;2;2;2,0;2,0;28;28,0;28;28;28;28;28;28;28;28;28,0;28,0;1,0000000000000000;1,000000000000000;1,000000000000000;1,000000000000000;1,0000000000000000;1,0000000000000000;1,0000000000000000;1,0000000000000000;1,0000000000000000;1,0000000000000000;1,0000000000000000
2021-10-04;60+;2;2,0;2;2;2;2;2;2;2;2;2,0;2,0;31;31,0;31;31;31;31;31;31;31;31;31,0;31,0;1,0000000000000000;1,000000000000000;1,000000000000000;1,000000000000000;1,0000000000000000;1,0000000000000000;1,0000000000000000;1,0000000000000000;1,0000000000000000;1,0000000000000000;1,0000000000000000
2021-10-04;alle;4;4,0;4;4;4;4;4;4;4;4;4,0;4,0;59;59,0;59;59;59;59;59;59;59;59;59,0;59,0;NA;NA;NA;NA;NA;NA;NA;NA;NA;NA;NA
2021-10-03;0-60;3;3,0;3;3;3;3;3;3;3;3;3,0;3,0;29;29,0;29;29;29;29;29;29;29;29;29,0;29,0;1,0000000000000000;1,000000000000000;1,000000000000000;1,000000000000000;1,0000000000000000;1,0000000000000000;1,0000000000000000;1,0000000000000000;1,0000000000000000;1,0000000000000000;1,0000000000000000
2021-10-03;60+;6;6,0;6;6;6;6;6;6;6;6;6,0;6,0;29;29,0;29;29;29;29;29;29;29;29;29,0;29,0;1,0000000000000000;1,000000000000000;1,000000000000000;1,000000000000000;1,0000000000000000;1,0000000000000000;1,0000000000000000;1,0000000000000000;1,0000000000000000;1,0000000000000000;1,0000000000000000
2021-10-03;alle;9;9,0;9;9;9;9;9;9;9;9;9,0;9,0;58;58,0;58;58;58;58;58;58;58;58;58,0;58,0;NA;NA;NA;NA;NA;NA;NA;NA;NA;NA;NA
2021-10-02;0-60;6;6,0;6;6;6;6;6;6;6;6;6,0;6,0;28;28,0;28;28;28;28;28;28;28;28;28,0;28,0;1,0000000000000000;1,000000000000000;1,000000000000000;1,000000000000000;1,0000000000000000;1,0000000000000000;1,0000000000000000;1,0000000000000000;1,0000000000000000;1,0000000000000000;1,0000000000000000
2021-10-02;60+;4;4,0;4;4;4;4;4;4;4;4;4,0;4,0;25;25,0;25;25;25;25;25;25;25;25;25,0;25,0;1,0000000000000000;1,000000000000000;1,000000000000000;1,000000000000000;1,0000000000000000;1,0000000000000000;1,0000000000000000;1,0000000000000000;1,0000000000000000;1,0000000000000000;1,0000000000000000
2021-10-02;alle;10;10,0;10;10;10;10;10;10;10;10;10,0;10,0;53;53,0;53;53;53;53;53;53;53;53;53,0;53,0;NA;NA;NA;NA;NA;NA;NA;NA;NA;NA;NA
2021-10-01;0-60;7;7,0;7;7;7;7;7;7;7;7;7,0;7,0;32;32,0;32;32;32;32;32;32;32;32;32,0;32,0;1,0000000000000000;1,000000000000000;1,000000000000000;1,000000000000000;1,0000000000000000;1,0000000000000000;1,0000000000000000;1,0000000000000000;1,0000000000000000;1,0000000000000000;1,0000000000000000
2021-10-01;60+;7;7,0;7;7;7;7;7;7;7;7;7,0;7,0;23;23,0;23;23;23;23;23;23;23;23;23,0;23,0;1,0000000000000000;1,000000000000000;1,000000000000000;1,000000000000000;1,0000000000000000;1,0000000000000000;1,0000000000000000;1,0000000000000000;1,0000000000000000;1,0000000000000000;1,0000000000000000
2021-10-01;alle;14;14,0;14;14;14;14;14;14;14;14;14,0;14,0;55;55,0;55;55;55;55;55;55;55;55;55,0;55,0;NA;NA;NA;NA;NA;NA;NA;NA;NA;NA;NA
2021-09-30;0-60;3;3,0;3;3;3;3;3;3;3;3;3,0;3,0;32;32,0;32;32;32;32;32;32;32;32;32,0;32,0;1,0000000000000000;1,000000000000000;1,000000000000000;1,000000000000000;1,0000000000000000;1,0000000000000000;1,0000000000000000;1,0000000000000000;1,0000000000000000;1,0000000000000000;1,0000000000000000
2021-09-30;60+;4;4,0;4;4;4;4;4;4;4;4;4,0;4,0;17;17,0;17;17;17;17;17;17;17;17;17,0;17,0;1,0000000000000000;1,000000000000000;1,000000000000000;1,000000000000000;1,0000000000000000;1,0000000000000000;1,0000000000000000;1,0000000000000000;1,0000000000000000;1,0000000000000000;1,0000000000000000
2021-09-30;alle;7;7,0;7;7;7;7;7;7;7;7;7,0;7,0;49;49,0;49;49;49;49;49;49;49;49;49,0;49,0;NA;NA;NA;NA;NA;NA;NA;NA;NA;NA;NA
2021-09-29;0-60;3;3,0;3;3;3;3;3;3;3;3;3,0;3,0;37;37,0;37;37;37;37;37;37;37;37;37,0;37,0;1,0000000000000000;1,000000000000000;1,000000000000000;1,000000000000000;1,0000000000000000;1,0000000000000000;1,0000000000000000;1,0000000000000000;1,0000000000000000;1,0000000000000000;1,0000000000000000
2021-09-29;60+;3;3,0;3;3;3;3;3;3;3;3;3,0;3,0;17;17,0;17;17;17;17;17;17;17;17;17,0;17,0;1,0000000000000000;1,000000000000000;1,000000000000000;1,000000000000000;1,0000000000000000;1,0000000000000000;1,0000000000000000;1,0000000000000000;1,0000000000000000;1,0000000000000000;1,0000000000000000
2021-09-29;alle;6;6,0;6;6;6;6;6;6;6;6;6,0;6,0;54;54,0;54;54;54;54;54;54;54;54;54,0;54,0;NA;NA;NA;NA;NA;NA;NA;NA;NA;NA;NA
2021-09-28;0-60;4;4,0;4;4;4;4;4;4;4;4;4,0;4,0;41;41,0;41;41;41;41;41;41;41;41;41,0;41,0;1,0000000000000000;1,000000000000000;1,000000000000000;1,000000000000000;1,0000000000000000;1,0000000000000000;1,0000000000000000;1,0000000000000000;1,0000000000000000;1,0000000000000000;1,0000000000000000
2021-09-28;60+;5;5,0;5;5;5;5;5;5;5;5;5,0;5,0;18;18,0;18;18;18;18;18;18;18;18;18,0;18,0;1,0000000000000000;1,000000000000000;1,000000000000000;1,000000000000000;1,0000000000000000;1,0000000000000000;1,0000000000000000;1,0000000000000000;1,0000000000000000;1,0000000000000000;1,0000000000000000
2021-09-28;alle;9;9,0;9;9;9;9;9;9;9;9;9,0;9,0;59;59,0;59;59;59;59;59;59;59;59;59,0;59,0;NA;NA;NA;NA;NA;NA;NA;NA;NA;NA;NA
2021-09-27;0-60;3;3,0;3;3;3;3;3;3;3;3;3,0;3,0;43;43,0;43;43;43;43;43;43;43;43;43,0;43,0;1,0000000000000000;1,000000000000000;1,000000000000000;1,000000000000000;1,0000000000000000;1,0000000000000000;1,0000000000000000;1,0000000000000000;1,0000000000000000;1,0000000000000000;1,0000000000000000
2021-09-27;60+;0;0,0;0;0;0;0;0;0;0;0;0,0;0,0;16;16,0;16;16;16;16;16;16;16;16;16,0;16,0;1,0000000000000000;1,000000000000000;1,000000000000000;1,000000000000000;1,0000000000000000;1,0000000000000000;1,0000000000000000;1,0000000000000000;1,0000000000000000;1,0000000000000000;1,0000000000000000
2021-09-27;alle;3;3,0;3;3;3;3;3;3;3;3;3,0;3,0;59;59,0;59;59;59;59;59;59;59;59;59,0;59,0;NA;NA;NA;NA;NA;NA;NA;NA;NA;NA;NA
2021-09-26;0-60;2;2,0;2;2;2;2;2;2;2;2;2,0;2,0;43;43,0;43;43;43;43;43;43;43;43;43,0;43,0;1,0000000000000000;1,000000000000000;1,000000000000000;1,000000000000000;1,0000000000000000;1,0000000000000000;1,0000000000000000;1,0000000000000000;1,0000000000000000;1,0000000000000000;1,0000000000000000
2021-09-26;60+;2;2,0;2;2;2;2;2;2;2;2;2,0;2,0;16;16,0;16;16;16;16;16;16;16;16;16,0;16,0;1,0000000000000000;1,000000000000000;1,000000000000000;1,000000000000000;1,0000000000000000;1,0000000000000000;1,0000000000000000;1,0000000000000000;1,0000000000000000;1,0000000000000000;1,0000000000000000
2021-09-26;alle;4;4,0;4;4;4;4;4;4;4;4;4,0;4,0;59;59,0;59;59;59;59;59;59;59;59;59,0;59,0;NA;NA;NA;NA;NA;NA;NA;NA;NA;NA;NA
2021-09-25;0-60;10;10,0;10;10;10;10;10;10;10;10;10,0;10,0;44;44,0;44;44;44;44;44;44;44;44;44,0;44,0;1,0000000000000000;1,000000000000000;1,000000000000000;1,000000000000000;1,0000000000000000;1,0000000000000000;1,0000000000000000;1,0000000000000000;1,0000000000000000;1,0000000000000000;1,0000000000000000
2021-09-25;60+;2;2,0;2;2;2;2;2;2;2;2;2,0;2,0;16;16,0;16;16;16;16;16;16;16;16;16,0;16,0;1,0000000000000000;1,000000000000000;1,000000000000000;1,000000000000000;1,0000000000000000;1,0000000000000000;1,0000000000000000;1,0000000000000000;1,0000000000000000;1,0000000000000000;1,0000000000000000
2021-09-25;alle;12;12,0;12;12;12;12;12;12;12;12;12,0;12,0;60;60,0;60;60;60;60;60;60;60;60;60,0;60,0;NA;NA;NA;NA;NA;NA;NA;NA;NA;NA;NA
2021-09-24;0-60;7;7,0;7;7;7;7;7;7;7;7;7,0;7,0;40;40,0;40;40;40;40;40;40;40;40;40,0;40,0;1,0000000000000000;1,000000000000000;1,000000000000000;1,000000000000000;1,0000000000000000;1,0000000000000000;1,0000000000000000;1,0000000000000000;1,0000000000000000;1,0000000000000000;1,0000000000000000
2021-09-24;60+;1;1,0;1;1;1;1;1;1;1;1;1,0;1,0;18;18,0;18;18;18;18;18;18;18;18;18,0;18,0;1,0000000000000000;1,000000000000000;1,000000000000000;1,000000000000000;1,0000000000000000;1,0000000000000000;1,0000000000000000;1,0000000000000000;1,0000000000000000;1,0000000000000000;1,0000000000000000
2021-09-24;alle;8;8,0;8;8;8;8;8;8;8;8;8,0;8,0;58;58,0;58;58;58;58;58;58;58;58;58,0;58,0;NA;NA;NA;NA;NA;NA;NA;NA;NA;NA;NA
2021-09-23;0-60;8;8,0;8;8;8;8;8;8;8;8;8,0;8,0;36;36,0;36;36;36;36;36;36;36;36;36,0;36,0;1,0000000000000000;1,000000000000000;1,000000000000000;1,000000000000000;1,0000000000000000;1,0000000000000000;1,0000000000000000;1,0000000000000000;1,0000000000000000;1,0000000000000000;1,0000000000000000
2021-09-23;60+;4;4,0;4;4;4;4;4;4;4;4;4,0;4,0;22;22,0;22;22;22;22;22;22;22;22;22,0;22,0;1,0000000000000000;1,000000000000000;1,000000000000000;1,000000000000000;1,0000000000000000;1,0000000000000000;1,0000000000000000;1,0000000000000000;1,0000000000000000;1,0000000000000000;1,0000000000000000
2021-09-23;alle;12;12,0;12;12;12;12;12;12;12;12;12,0;12,0;58;58,0;58;58;58;58;58;58;58;58;58,0;58,0;NA;NA;NA;NA;NA;NA;NA;NA;NA;NA;NA
2021-09-22;0-60;7;7,0;7;7;7;7;7;7;7;7;7,0;7,0;38;38,0;38;38;38;38;38;38;38;38;38,0;38,0;1,0000000000000000;1,000000000000000;1,000000000000000;1,000000000000000;1,0000000000000000;1,0000000000000000;1,0000000000000000;1,0000000000000000;1,0000000000000000;1,0000000000000000;1,0000000000000000
2021-09-22;60+;4;4,0;4;4;4;4;4;4;4;4;4,0;4,0;25;25,0;25;25;25;25;25;25;25;25;25,0;25,0;1,0000000000000000;1,000000000000000;1,000000000000000;1,000000000000000;1,0000000000000000;1,0000000000000000;1,0000000000000000;1,0000000000000000;1,0000000000000000;1,0000000000000000;1,0000000000000000
2021-09-22;alle;11;11,0;11;11;11;11;11;11;11;11;11,0;11,0;63;63,0;63;63;63;63;63;63;63;63;63,0;63,0;NA;NA;NA;NA;NA;NA;NA;NA;NA;NA;NA
2021-09-21;0-60;6;6,0;6;6;6;6;6;6;6;6;6,0;6,0;39;39,0;39;39;39;39;39;39;39;39;39,0;39,0;1,0000000000000000;1,000000000000000;1,000000000000000;1,000000000000000;1,0000000000000000;1,0000000000000000;1,0000000000000000;1,0000000000000000;1,0000000000000000;1,0000000000000000;1,0000000000000000
2021-09-21;60+;3;3,0;3;3;3;3;3;3;3;3;3,0;3,0;26;26,0;26;26;26;26;26;26;26;26;26,0;26,0;1,0000000000000000;1,000000000000000;1,000000000000000;1,000000000000000;1,0000000000000000;1,0000000000000000;1,0000000000000000;1,0000000000000000;1,0000000000000000;1,0000000000000000;1,0000000000000000
2021-09-21;alle;9;9,0;9;9;9;9;9;9;9;9;9,0;9,0;65;65,0;65;65;65;65;65;65;65;65;65,0;65,0;NA;NA;NA;NA;NA;NA;NA;NA;NA;NA;NA
2021-09-20;0-60;3;3,0;3;3;3;3;3;3;3;3;3,0;3,0;38;38,0;38;38;38;38;38;38;38;38;38,0;38,0;1,0000000000000000;1,000000000000000;1,000000000000000;1,000000000000000;1,0000000000000000;1,0000000000000000;1,0000000000000000;1,0000000000000000;1,0000000000000000;1,0000000000000000;1,0000000000000000
2021-09-20;60+;0;0,0;0;0;0;0;0;0;0;0;0,0;0,0;28;28,0;28;28;28;28;28;28;28;28;28,0;28,0;1,0000000000000000;1,000000000000000;1,000000000000000;1,000000000000000;1,0000000000000000;1,0000000000000000;1,0000000000000000;1,0000000000000000;1,0000000000000000;1,0000000000000000;1,0000000000000000
2021-09-20;alle;3;3,0;3;3;3;3;3;3;3;3;3,0;3,0;66;66,0;66;66;66;66;66;66;66;66;66,0;66,0;NA;NA;NA;NA;NA;NA;NA;NA;NA;NA;NA
2021-09-19;0-60;3;3,0;3;3;3;3;3;3;3;3;3,0;3,0;38;38,0;38;38;38;38;38;38;38;38;38,0;38,0;1,0000000000000000;1,000000000000000;1,000000000000000;1,000000000000000;1,0000000000000000;1,0000000000000000;1,0000000000000000;1,0000000000000000;1,0000000000000000;1,0000000000000000;1,0000000000000000
2021-09-19;60+;2;2,0;2;2;2;2;2;2;2;2;2,0;2,0;32;32,0;32;32;32;32;32;32;32;32;32,0;32,0;1,0000000000000000;1,000000000000000;1,000000000000000;1,000000000000000;1,0000000000000000;1,0000000000000000;1,0000000000000000;1,0000000000000000;1,0000000000000000;1,0000000000000000;1,0000000000000000
2021-09-19;alle;5;5,0;5;5;5;5;5;5;5;5;5,0;5,0;70;70,0;70;70;70;70;70;70;70;70;70,0;70,0;NA;NA;NA;NA;NA;NA;NA;NA;NA;NA;NA
2021-09-18;0-60;6;6,0;6;6;6;6;6;6;6;6;6,0;6,0;41;41,0;41;41;41;41;41;41;41;41;41,0;41,0;1,0000000000000000;1,000000000000000;1,000000000000000;1,000000000000000;1,0000000000000000;1,0000000000000000;1,0000000000000000;1,0000000000000000;1,0000000000000000;1,0000000000000000;1,0000000000000000
2021-09-18;60+;4;4,0;4;4;4;4;4;4;4;4;4,0;4,0;32;32,0;32;32;32;32;32;32;32;32;32,0;32,0;1,0000000000000000;1,000000000000000;1,000000000000000;1,000000000000000;1,0000000000000000;1,0000000000000000;1,0000000000000000;1,0000000000000000;1,0000000000000000;1,0000000000000000;1,0000000000000000
2021-09-18;alle;10;10,0;10;10;10;10;10;10;10;10;10,0;10,0;73;73,0;73;73;73;73;73;73;73;73;73,0;73,0;NA;NA;NA;NA;NA;NA;NA;NA;NA;NA;NA
2021-09-17;0-60;3;3,0;3;3;3;3;3;3;3;3;3,0;3,0;43;43,0;43;43;43;43;43;43;43;43;43,0;43,0;1,0000000000000000;1,000000000000000;1,000000000000000;1,000000000000000;1,0000000000000000;1,0000000000000000;1,0000000000000000;1,0000000000000000;1,0000000000000000;1,0000000000000000;1,0000000000000000
2021-09-17;60+;5;5,0;5;5;5;5;5;5;5;5;5,0;5,0;33;33,0;33;33;33;33;33;33;33;33;33,0;33,0;1,0000000000000000;1,000000000000000;1,000000000000000;1,000000000000000;1,0000000000000000;1,0000000000000000;1,0000000000000000;1,0000000000000000;1,0000000000000000;1,0000000000000000;1,0000000000000000
2021-09-17;alle;8;8,0;8;8;8;8;8;8;8;8;8,0;8,0;76;76,0;76;76;76;76;76;76;76;76;76,0;76,0;NA;NA;NA;NA;NA;NA;NA;NA;NA;NA;NA
2021-09-16;0-60;10;10,0;10;10;10;10;10;10;10;10;10,0;10,0;50;50,0;50;50;50;50;50;50;50;50;50,0;50,0;1,0000000000000000;1,000000000000000;1,000000000000000;1,000000000000000;1,0000000000000000;1,0000000000000000;1,0000000000000000;1,0000000000000000;1,0000000000000000;1,0000000000000000;1,0000000000000000
2021-09-16;60+;7;7,0;7;7;7;7;7;7;7;7;7,0;7,0;33;33,0;33;33;33;33;33;33;33;33;33,0;33,0;1,0000000000000000;1,000000000000000;1,000000000000000;1,000000000000000;1,0000000000000000;1,0000000000000000;1,0000000000000000;1,0000000000000000;1,0000000000000000;1,0000000000000000;1,0000000000000000
2021-09-16;alle;17;17,0;17;17;17;17;17;17;17;17;17,0;17,0;83;83,0;83;83;83;83;83;83;83;83;83,0;83,0;NA;NA;NA;NA;NA;NA;NA;NA;NA;NA;NA
2021-09-15;0-60;8;8,0;8;8;8;8;8;8;8;8;8,0;8,0;52;52,0;52;52;52;52;52;52;52;52;52,0;52,0;1,0000000000000000;1,000000000000000;1,000000000000000;1,000000000000000;1,0000000000000000;1,0000000000000000;1,0000000000000000;1,0000000000000000;1,0000000000000000;1,0000000000000000;1,0000000000000000
2021-09-15;60+;5;5,0;5;5;5;5;5;5;5;5;5,0;5,0;33;33,0;33;33;33;33;33;33;33;33;33,0;33,0;1,0000000000000000;1,000000000000000;1,000000000000000;1,000000000000000;1,0000000000000000;1,0000000000000000;1,0000000000000000;1,0000000000000000;1,0000000000000000;1,0000000000000000;1,0000000000000000
2021-09-15;alle;13;13,0;13;13;13;13;13;13;13;13;13,0;13,0;85;85,0;85;85;85;85;85;85;85;85;85,0;85,0;NA;NA;NA;NA;NA;NA;NA;NA;NA;NA;NA
2021-09-14;0-60;5;5,0;5;5;5;5;5;5;5;5;5,0;5,0;53;53,0;53;53;53;53;53;53;53;53;53,0;53,0;1,0000000000000000;1,000000000000000;1,000000000000000;1,000000000000000;1,0000000000000000;1,0000000000000000;1,0000000000000000;1,0000000000000000;1,0000000000000000;1,0000000000000000;1,0000000000000000
2021-09-14;60+;5;5,0;5;5;5;5;5;5;5;5;5,0;5,0;35;35,0;35;35;35;35;35;35;35;35;35,0;35,0;1,0000000000000000;1,000000000000000;1,000000000000000;1,000000000000000;1,0000000000000000;1,0000000000000000;1,0000000000000000;1,0000000000000000;1,0000000000000000;1,0000000000000000;1,0000000000000000
2021-09-14;alle;10;10,0;10;10;10;10;10;10;10;10;10,0;10,0;88;88,0;88;88;88;88;88;88;88;88;88,0;88,0;NA;NA;NA;NA;NA;NA;NA;NA;NA;NA;NA
2021-09-13;0-60;3;3,0;3;3;3;3;3;3;3;3;3,0;3,0;57;57,0;57;57;57;57;57;57;57;57;57,0;57,0;1,0000000000000000;1,000000000000000;1,000000000000000;1,000000000000000;1,0000000000000000;1,0000000000000000;1,0000000000000000;1,0000000000000000;1,0000000000000000;1,0000000000000000;1,0000000000000000
2021-09-13;60+;4;4,0;4;4;4;4;4;4;4;4;4,0;4,0;31;31,0;31;31;31;31;31;31;31;31;31,0;31,0;1,0000000000000000;1,000000000000000;1,000000000000000;1,000000000000000;1,0000000000000000;1,0000000000000000;1,0000000000000000;1,0000000000000000;1,0000000000000000;1,0000000000000000;1,0000000000000000
2021-09-13;alle;7;7,0;7;7;7;7;7;7;7;7;7,0;7,0;88;88,0;88;88;88;88;88;88;88;88;88,0;88,0;NA;NA;NA;NA;NA;NA;NA;NA;NA;NA;NA
2021-09-12;0-60;6;6,0;6;6;6;6;6;6;6;6;6,0;6,0;56;56,0;56;56;56;56;56;56;56;56;56,0;56,0;1,0000000000000000;1,000000000000000;1,000000000000000;1,000000000000000;1,0000000000000000;1,0000000000000000;1,0000000000000000;1,0000000000000000;1,0000000000000000;1,0000000000000000;1,0000000000000000
2021-09-12;60+;2;2,0;2;2;2;2;2;2;2;2;2,0;2,0;27;27,0;27;27;27;27;27;27;27;27;27,0;27,0;1,0000000000000000;1,000000000000000;1,000000000000000;1,000000000000000;1,0000000000000000;1,0000000000000000;1,0000000000000000;1,0000000000000000;1,0000000000000000;1,0000000000000000;1,0000000000000000
2021-09-12;alle;8;8,0;8;8;8;8;8;8;8;8;8,0;8,0;83;83,0;83;83;83;83;83;83;83;83;83,0;83,0;NA;NA;NA;NA;NA;NA;NA;NA;NA;NA;NA
2021-09-11;0-60;8;8,0;8;8;8;8;8;8;8;8;8,0;8,0;57;57,0;57;57;57;57;57;57;57;57;57,0;57,0;1,0000000000000000;1,000000000000000;1,000000000000000;1,000000000000000;1,0000000000000000;1,0000000000000000;1,0000000000000000;1,0000000000000000;1,0000000000000000;1,0000000000000000;1,0000000000000000
2021-09-11;60+;5;5,0;5;5;5;5;5;5;5;5;5,0;5,0;28;28,0;28;28;28;28;28;28;28;28;28,0;28,0;1,0000000000000000;1,000000000000000;1,000000000000000;1,000000000000000;1,0000000000000000;1,0000000000000000;1,0000000000000000;1,0000000000000000;1,0000000000000000;1,0000000000000000;1,0000000000000000
2021-09-11;alle;13;13,0;13;13;13;13;13;13;13;13;13,0;13,0;85;85,0;85;85;85;85;85;85;85;85;85,0;85,0;NA;NA;NA;NA;NA;NA;NA;NA;NA;NA;NA
2021-09-10;0-60;10;10,0;10;10;10;10;10;10;10;10;10,0;10,0;60;60,0;60;60;60;60;60;60;60;60;60,0;60,0;1,0000000000000000;1,000000000000000;1,000000000000000;1,000000000000000;1,0000000000000000;1,0000000000000000;1,0000000000000000;1,0000000000000000;1,0000000000000000;1,0000000000000000;1,0000000000000000
2021-09-10;60+;5;5,0;5;5;5;5;5;5;5;5;5,0;5,0;26;26,0;26;26;26;26;26;26;26;26;26,0;26,0;1,0000000000000000;1,000000000000000;1,000000000000000;1,000000000000000;1,0000000000000000;1,0000000000000000;1,0000000000000000;1,0000000000000000;1,0000000000000000;1,0000000000000000;1,0000000000000000
2021-09-10;alle;15;15,0;15;15;15;15;15;15;15;15;15,0;15,0;86;86,0;86;86;86;86;86;86;86;86;86,0;86,0;NA;NA;NA;NA;NA;NA;NA;NA;NA;NA;NA
2021-09-09;0-60;12;12,0;12;12;12;12;12;12;12;12;12,0;12,0;56;56,0;56;56;56;56;56;56;56;56;56,0;56,0;1,0000000000000000;1,000000000000000;1,000000000000000;1,000000000000000;1,0000000000000000;1,0000000000000000;1,0000000000000000;1,0000000000000000;1,0000000000000000;1,0000000000000000;1,0000000000000000
2021-09-09;60+;7;7,0;7;7;7;7;7;7;7;7;7,0;7,0;27;27,0;27;27;27;27;27;27;27;27;27,0;27,0;1,0000000000000000;1,000000000000000;1,000000000000000;1,000000000000000;1,0000000000000000;1,0000000000000000;1,0000000000000000;1,0000000000000000;1,0000000000000000;1,0000000000000000;1,0000000000000000
2021-09-09;alle;19;19,0;19;19;19;19;19;19;19;19;19,0;19,0;83;83,0;83;83;83;83;83;83;83;83;83,0;83,0;NA;NA;NA;NA;NA;NA;NA;NA;NA;NA;NA
2021-09-08;0-60;9;9,0;9;9;9;9;9;9;9;9;9,0;9,0;53;53,0;53;53;53;53;53;53;53;53;53,0;53,0;1,0000000000000000;1,000000000000000;1,000000000000000;1,000000000000000;1,0000000000000000;1,0000000000000000;1,0000000000000000;1,0000000000000000;1,0000000000000000;1,0000000000000000;1,0000000000000000
2021-09-08;60+;7;7,0;7;7;7;7;7;7;7;7;7,0;7,0;24;24,0;24;24;24;24;24;24;24;24;24,0;24,0;1,0000000000000000;1,000000000000000;1,000000000000000;1,000000000000000;1,0000000000000000;1,0000000000000000;1,0000000000000000;1,0000000000000000;1,0000000000000000;1,0000000000000000;1,0000000000000000
2021-09-08;alle;16;16,0;16;16;16;16;16;16;16;16;16,0;16,0;77;77,0;77;77;77;77;77;77;77;77;77,0;77,0;NA;NA;NA;NA;NA;NA;NA;NA;NA;NA;NA
2021-09-07;0-60;9;9,0;9;9;9;9;9;9;9;9;9,0;9,0;53;53,0;53;53;53;53;53;53;53;53;53,0;53,0;1,0000000000000000;1,000000000000000;1,000000000000000;1,000000000000000;1,0000000000000000;1,0000000000000000;1,0000000000000000;1,0000000000000000;1,0000000000000000;1,0000000000000000;1,0000000000000000
2021-09-07;60+;1;1,0;1;1;1;1;1;1;1;1;1,0;1,0;22;22,0;22;22;22;22;22;22;22;22;22,0;22,0;1,0000000000000000;1,000000000000000;1,000000000000000;1,000000000000000;1,0000000000000000;1,0000000000000000;1,0000000000000000;1,0000000000000000;1,0000000000000000;1,0000000000000000;1,0000000000000000
2021-09-07;alle;10;10,0;10;10;10;10;10;10;10;10;10,0;10,0;75;75,0;75;75;75;75;75;75;75;75;75,0;75,0;NA;NA;NA;NA;NA;NA;NA;NA;NA;NA;NA
2021-09-06;0-60;2;2,0;2;2;2;2;2;2;2;2;2,0;2,0;51;51,0;51;51;51;51;51;51;51;51;51,0;51,0;1,0000000000000000;1,000000000000000;1,000000000000000;1,000000000000000;1,0000000000000000;1,0000000000000000;1,0000000000000000;1,0000000000000000;1,0000000000000000;1,0000000000000000;1,0000000000000000
2021-09-06;60+;0;0,0;0;0;0;0;0;0;0;0;0,0;0,0;29;29,0;29;29;29;29;29;29;29;29;29,0;29,0;1,0000000000000000;1,000000000000000;1,000000000000000;1,000000000000000;1,0000000000000000;1,0000000000000000;1,0000000000000000;1,0000000000000000;1,0000000000000000;1,0000000000000000;1,0000000000000000
2021-09-06;alle;2;2,0;2;2;2;2;2;2;2;2;2,0;2,0;80;80,0;80;80;80;80;80;80;80;80;80,0;80,0;NA;NA;NA;NA;NA;NA;NA;NA;NA;NA;NA
2021-09-05;0-60;7;7,0;7;7;7;7;7;7;7;7;7,0;7,0;50;50,0;50;50;50;50;50;50;50;50;50,0;50,0;1,0000000000000000;1,000000000000000;1,000000000000000;1,000000000000000;1,0000000000000000;1,0000000000000000;1,0000000000000000;1,0000000000000000;1,0000000000000000;1,0000000000000000;1,0000000000000000
2021-09-05;60+;3;3,0;3;3;3;3;3;3;3;3;3,0;3,0;29;29,0;29;29;29;29;29;29;29;29;29,0;29,0;1,0000000000000000;1,000000000000000;1,000000000000000;1,000000000000000;1,0000000000000000;1,0000000000000000;1,0000000000000000;1,0000000000000000;1,0000000000000000;1,0000000000000000;1,0000000000000000
2021-09-05;alle;10;10,0;10;10;10;10;10;10;10;10;10,0;10,0;79;79,0;79;79;79;79;79;79;79;79;79,0;79,0;NA;NA;NA;NA;NA;NA;NA;NA;NA;NA;NA
2021-09-04;0-60;11;11,0;11;11;11;11;11;11;11;11;11,0;11,0;48;48,0;48;48;48;48;48;48;48;48;48,0;48,0;1,0000000000000000;1,000000000000000;1,000000000000000;1,000000000000000;1,0000000000000000;1,0000000000000000;1,0000000000000000;1,0000000000000000;1,0000000000000000;1,0000000000000000;1,0000000000000000
2021-09-04;60+;3;3,0;3;3;3;3;3;3;3;3;3,0;3,0;29;29,0;29;29;29;29;29;29;29;29;29,0;29,0;1,0000000000000000;1,000000000000000;1,000000000000000;1,000000000000000;1,0000000000000000;1,0000000000000000;1,0000000000000000;1,0000000000000000;1,0000000000000000;1,0000000000000000;1,0000000000000000
2021-09-04;alle;14;14,0;14;14;14;14;14;14;14;14;14,0;14,0;77;77,0;77;77;77;77;77;77;77;77;77,0;77,0;NA;NA;NA;NA;NA;NA;NA;NA;NA;NA;NA
2021-09-03;0-60;6;6,0;6;6;6;6;6;6;6;6;6,0;6,0;43;43,0;43;43;43;43;43;43;43;43;43,0;43,0;1,0000000000000000;1,000000000000000;1,000000000000000;1,000000000000000;1,0000000000000000;1,0000000000000000;1,0000000000000000;1,0000000000000000;1,0000000000000000;1,0000000000000000;1,0000000000000000
2021-09-03;60+;6;6,0;6;6;6;6;6;6;6;6;6,0;6,0;26;26,0;26;26;26;26;26;26;26;26;26,0;26,0;1,0000000000000000;1,000000000000000;1,000000000000000;1,000000000000000;1,0000000000000000;1,0000000000000000;1,0000000000000000;1,0000000000000000;1,0000000000000000;1,0000000000000000;1,0000000000000000
2021-09-03;alle;12;12,0;12;12;12;12;12;12;12;12;12,0;12,0;69;69,0;69;69;69;69;69;69;69;69;69,0;69,0;NA;NA;NA;NA;NA;NA;NA;NA;NA;NA;NA
2021-09-02;0-60;9;9,0;9;9;9;9;9;9;9;9;9,0;9,0;46;46,0;46;46;46;46;46;46;46;46;46,0;46,0;1,0000000000000000;1,000000000000000;1,000000000000000;1,000000000000000;1,0000000000000000;1,0000000000000000;1,0000000000000000;1,0000000000000000;1,0000000000000000;1,0000000000000000;1,0000000000000000
2021-09-02;60+;4;4,0;4;4;4;4;4;4;4;4;4,0;4,0;21;21,0;21;21;21;21;21;21;21;21;21,0;21,0;1,0000000000000000;1,000000000000000;1,000000000000000;1,000000000000000;1,0000000000000000;1,0000000000000000;1,0000000000000000;1,0000000000000000;1,0000000000000000;1,0000000000000000;1,0000000000000000
2021-09-02;alle;13;13,0;13;13;13;13;13;13;13;13;13,0;13,0;67;67,0;67;67;67;67;67;67;67;67;67,0;67,0;NA;NA;NA;NA;NA;NA;NA;NA;NA;NA;NA
2021-09-01;0-60;9;9,0;9;9;9;9;9;9;9;9;9,0;9,0;49;49,0;49;49;49;49;49;49;49;49;49,0;49,0;1,0000000000000000;1,000000000000000;1,000000000000000;1,000000000000000;1,0000000000000000;1,0000000000000000;1,0000000000000000;1,0000000000000000;1,0000000000000000;1,0000000000000000;1,0000000000000000
2021-09-01;60+;5;5,0;5;5;5;5;5;5;5;5;5,0;5,0;21;21,0;21;21;21;21;21;21;21;21;21,0;21,0;1,0000000000000000;1,000000000000000;1,000000000000000;1,000000000000000;1,0000000000000000;1,0000000000000000;1,0000000000000000;1,0000000000000000;1,0000000000000000;1,0000000000000000;1,0000000000000000
2021-09-01;alle;14;14,0;14;14;14;14;14;14;14;14;14,0;14,0;70;70,0;70;70;70;70;70;70;70;70;70,0;70,0;NA;NA;NA;NA;NA;NA;NA;NA;NA;NA;NA
2021-08-31;0-60;7;7,0;7;7;7;7;7;7;7;7;7,0;7,0;51;51,0;51;51;51;51;51;51;51;51;51,0;51,0;1,0000000000000000;1,000000000000000;1,000000000000000;1,000000000000000;1,0000000000000000;1,0000000000000000;1,0000000000000000;1,0000000000000000;1,0000000000000000;1,0000000000000000;1,0000000000000000
2021-08-31;60+;8;8,0;8;8;8;8;8;8;8;8;8,0;8,0;22;22,0;22;22;22;22;22;22;22;22;22,0;22,0;1,0000000000000000;1,000000000000000;1,000000000000000;1,000000000000000;1,0000000000000000;1,0000000000000000;1,0000000000000000;1,0000000000000000;1,0000000000000000;1,0000000000000000;1,0000000000000000
2021-08-31;alle;15;15,0;15;15;15;15;15;15;15;15;15,0;15,0;73;73,0;73;73;73;73;73;73;73;73;73,0;73,0;NA;NA;NA;NA;NA;NA;NA;NA;NA;NA;NA
2021-08-30;0-60;1;1,0;1;1;1;1;1;1;1;1;1,0;1,0;55;55,0;55;55;55;55;55;55;55;55;55,0;55,0;1,0000000000000000;1,000000000000000;1,000000000000000;1,000000000000000;1,0000000000000000;1,0000000000000000;1,0000000000000000;1,0000000000000000;1,0000000000000000;1,0000000000000000;1,0000000000000000
2021-08-30;60+;0;0,0;0;0;0;0;0;0;0;0;0,0;0,0;20;20,0;20;20;20;20;20;20;20;20;20,0;20,0;1,0000000000000000;1,000000000000000;1,000000000000000;1,000000000000000;1,0000000000000000;1,0000000000000000;1,0000000000000000;1,0000000000000000;1,0000000000000000;1,0000000000000000;1,0000000000000000
2021-08-30;alle;1;1,0;1;1;1;1;1;1;1;1;1,0;1,0;75;75,0;75;75;75;75;75;75;75;75;75,0;75,0;NA;NA;NA;NA;NA;NA;NA;NA;NA;NA;NA
2021-08-29;0-60;5;5,0;5;5;5;5;5;5;5;5;5,0;5,0;55;55,0;55;55;55;55;55;55;55;55;55,0;55,0;1,0000000000000000;1,000000000000000;1,000000000000000;1,000000000000000;1,0000000000000000;1,0000000000000000;1,0000000000000000;1,0000000000000000;1,0000000000000000;1,0000000000000000;1,0000000000000000
2021-08-29;60+;3;3,0;3;3;3;3;3;3;3;3;3,0;3,0;21;21,0;21;21;21;21;21;21;21;21;21,0;21,0;1,0000000000000000;1,000000000000000;1,000000000000000;1,000000000000000;1,0000000000000000;1,0000000000000000;1,0000000000000000;1,0000000000000000;1,0000000000000000;1,0000000000000000;1,0000000000000000
2021-08-29;alle;8;8,0;8;8;8;8;8;8;8;8;8,0;8,0;76;76,0;76;76;76;76;76;76;76;76;76,0;76,0;NA;NA;NA;NA;NA;NA;NA;NA;NA;NA;NA
2021-08-28;0-60;6;6,0;6;6;6;6;6;6;6;6;6,0;6,0;55;55,0;55;55;55;55;55;55;55;55;55,0;55,0;1,0000000000000000;1,000000000000000;1,000000000000000;1,000000000000000;1,0000000000000000;1,0000000000000000;1,0000000000000000;1,0000000000000000;1,0000000000000000;1,0000000000000000;1,0000000000000000
2021-08-28;60+;0;0,0;0;0;0;0;0;0;0;0;0,0;0,0;20;20,0;20;20;20;20;20;20;20;20;20,0;20,0;1,0000000000000000;1,000000000000000;1,000000000000000;1,000000000000000;1,0000000000000000;1,0000000000000000;1,0000000000000000;1,0000000000000000;1,0000000000000000;1,0000000000000000;1,0000000000000000
2021-08-28;alle;6;6,0;6;6;6;6;6;6;6;6;6,0;6,0;75;75,0;75;75;75;75;75;75;75;75;75,0;75,0;NA;NA;NA;NA;NA;NA;NA;NA;NA;NA;NA
2021-08-27;0-60;9;9,0;9;9;9;9;9;9;9;9;9,0;9,0;56;56,0;56;56;56;56;56;56;56;56;56,0;56,0;1,0000000000000000;1,000000000000000;1,000000000000000;1,000000000000000;1,0000000000000000;1,0000000000000000;1,0000000000000000;1,0000000000000000;1,0000000000000000;1,0000000000000000;1,0000000000000000
2021-08-27;60+;1;1,0;1;1;1;1;1;1;1;1;1,0;1,0;22;22,0;22;22;22;22;22;22;22;22;22,0;22,0;1,0000000000000000;1,000000000000000;1,000000000000000;1,000000000000000;1,0000000000000000;1,0000000000000000;1,0000000000000000;1,0000000000000000;1,0000000000000000;1,0000000000000000;1,0000000000000000
2021-08-27;alle;10;10,0;10;10;10;10;10;10;10;10;10,0;10,0;78;78,0;78;78;78;78;78;78;78;78;78,0;78,0;NA;NA;NA;NA;NA;NA;NA;NA;NA;NA;NA
2021-08-26;0-60;12;12,0;12;12;12;12;12;12;12;12;12,0;12,0;55;55,0;55;55;55;55;55;55;55;55;55,0;55,0;1,0000000000000000;1,000000000000000;1,000000000000000;1,000000000000000;1,0000000000000000;1,0000000000000000;1,0000000000000000;1,0000000000000000;1,0000000000000000;1,0000000000000000;1,0000000000000000
2021-08-26;60+;4;4,0;4;4;4;4;4;4;4;4;4,0;4,0;23;23,0;23;23;23;23;23;23;23;23;23,0;23,0;1,0000000000000000;1,000000000000000;1,000000000000000;1,000000000000000;1,0000000000000000;1,0000000000000000;1,0000000000000000;1,0000000000000000;1,0000000000000000;1,0000000000000000;1,0000000000000000
2021-08-26;alle;16;16,0;16;16;16;16;16;16;16;16;16,0;16,0;78;78,0;78;78;78;78;78;78;78;78;78,0;78,0;NA;NA;NA;NA;NA;NA;NA;NA;NA;NA;NA
2021-08-25;0-60;11;11,0;11;11;11;11;11;11;11;11;11,0;11,0;55;55,0;55;55;55;55;55;55;55;55;55,0;55,0;1,0000000000000000;1,000000000000000;1,000000000000000;1,000000000000000;1,0000000000000000;1,0000000000000000;1,0000000000000000;1,0000000000000000;1,0000000000000000;1,0000000000000000;1,0000000000000000
2021-08-25;60+;6;6,0;6;6;6;6;6;6;6;6;6,0;6,0;29;29,0;29;29;29;29;29;29;29;29;29,0;29,0;1,0000000000000000;1,000000000000000;1,000000000000000;1,000000000000000;1,0000000000000000;1,0000000000000000;1,0000000000000000;1,0000000000000000;1,0000000000000000;1,0000000000000000;1,0000000000000000
2021-08-25;alle;17;17,0;17;17;17;17;17;17;17;17;17,0;17,0;84;84,0;84;84;84;84;84;84;84;84;84,0;84,0;NA;NA;NA;NA;NA;NA;NA;NA;NA;NA;NA
2021-08-24;0-60;11;11,0;11;11;11;11;11;11;11;11;11,0;11,0;50;50,0;50;50;50;50;50;50;50;50;50,0;50,0;1,0000000000000000;1,000000000000000;1,000000000000000;1,000000000000000;1,0000000000000000;1,0000000000000000;1,0000000000000000;1,0000000000000000;1,0000000000000000;1,0000000000000000;1,0000000000000000
2021-08-24;60+;6;6,0;6;6;6;6;6;6;6;6;6,0;6,0;26;26,0;26;26;26;26;26;26;26;26;26,0;26,0;1,0000000000000000;1,000000000000000;1,000000000000000;1,000000000000000;1,0000000000000000;1,0000000000000000;1,0000000000000000;1,0000000000000000;1,0000000000000000;1,0000000000000000;1,0000000000000000
2021-08-24;alle;17;17,0;17;17;17;17;17;17;17;17;17,0;17,0;76;76,0;76;76;76;76;76;76;76;76;76,0;76,0;NA;NA;NA;NA;NA;NA;NA;NA;NA;NA;NA
2021-08-23;0-60;1;1,0;1;1;1;1;1;1;1;1;1,0;1,0;47;47,0;47;47;47;47;47;47;47;47;47,0;47,0;1,0000000000000000;1,000000000000000;1,000000000000000;1,000000000000000;1,0000000000000000;1,0000000000000000;1,0000000000000000;1,0000000000000000;1,0000000000000000;1,0000000000000000;1,0000000000000000
2021-08-23;60+;1;1,0;1;1;1;1;1;1;1;1;1,0;1,0;26;26,0;26;26;26;26;26;26;26;26;26,0;26,0;1,0000000000000000;1,000000000000000;1,000000000000000;1,000000000000000;1,0000000000000000;1,0000000000000000;1,0000000000000000;1,0000000000000000;1,0000000000000000;1,0000000000000000;1,0000000000000000
2021-08-23;alle;2;2,0;2;2;2;2;2;2;2;2;2,0;2,0;73;73,0;73;73;73;73;73;73;73;73;73,0;73,0;NA;NA;NA;NA;NA;NA;NA;NA;NA;NA;NA
2021-08-22;0-60;5;5,0;5;5;5;5;5;5;5;5;5,0;5,0;48;48,0;48;48;48;48;48;48;48;48;48,0;48,0;1,0000000000000000;1,000000000000000;1,000000000000000;1,000000000000000;1,0000000000000000;1,0000000000000000;1,0000000000000000;1,0000000000000000;1,0000000000000000;1,0000000000000000;1,0000000000000000
2021-08-22;60+;2;2,0;2;2;2;2;2;2;2;2;2,0;2,0;25;25,0;25;25;25;25;25;25;25;25;25,0;25,0;1,0000000000000000;1,000000000000000;1,000000000000000;1,000000000000000;1,0000000000000000;1,0000000000000000;1,0000000000000000;1,0000000000000000;1,0000000000000000;1,0000000000000000;1,0000000000000000
2021-08-22;alle;7;7,0;7;7;7;7;7;7;7;7;7,0;7,0;73;73,0;73;73;73;73;73;73;73;73;73,0;73,0;NA;NA;NA;NA;NA;NA;NA;NA;NA;NA;NA
2021-08-21;0-60;7;7,0;7;7;7;7;7;7;7;7;7,0;7,0;46;46,0;46;46;46;46;46;46;46;46;46,0;46,0;1,0000000000000000;1,000000000000000;1,000000000000000;1,000000000000000;1,0000000000000000;1,0000000000000000;1,0000000000000000;1,0000000000000000;1,0000000000000000;1,0000000000000000;1,0000000000000000
2021-08-21;60+;2;2,0;2;2;2;2;2;2;2;2;2,0;2,0;25;25,0;25;25;25;25;25;25;25;25;25,0;25,0;1,0000000000000000;1,000000000000000;1,000000000000000;1,000000000000000;1,0000000000000000;1,0000000000000000;1,0000000000000000;1,0000000000000000;1,0000000000000000;1,0000000000000000;1,0000000000000000
2021-08-21;alle;9;9,0;9;9;9;9;9;9;9;9;9,0;9,0;71;71,0;71;71;71;71;71;71;71;71;71,0;71,0;NA;NA;NA;NA;NA;NA;NA;NA;NA;NA;NA
2021-08-20;0-60;8;8,0;8;8;8;8;8;8;8;8;8,0;8,0;48;48,0;48;48;48;48;48;48;48;48;48,0;48,0;1,0000000000000000;1,000000000000000;1,000000000000000;1,000000000000000;1,0000000000000000;1,0000000000000000;1,0000000000000000;1,0000000000000000;1,0000000000000000;1,0000000000000000;1,0000000000000000
2021-08-20;60+;2;2,0;2;2;2;2;2;2;2;2;2,0;2,0;27;27,0;27;27;27;27;27;27;27;27;27,0;27,0;1,0000000000000000;1,000000000000000;1,000000000000000;1,000000000000000;1,0000000000000000;1,0000000000000000;1,0000000000000000;1,0000000000000000;1,0000000000000000;1,0000000000000000;1,0000000000000000
2021-08-20;alle;10;10,0;10;10;10;10;10;10;10;10;10,0;10,0;75;75,0;75;75;75;75;75;75;75;75;75,0;75,0;NA;NA;NA;NA;NA;NA;NA;NA;NA;NA;NA
2021-08-19;0-60;12;12,0;12;12;12;12;12;12;12;12;12,0;12,0;49;49,0;49;49;49;49;49;49;49;49;49,0;49,0;1,0000000000000000;1,000000000000000;1,000000000000000;1,000000000000000;1,0000000000000000;1,0000000000000000;1,0000000000000000;1,0000000000000000;1,0000000000000000;1,0000000000000000;1,0000000000000000
2021-08-19;60+;10;10,0;10;10;10;10;10;10;10;10;10,0;10,0;29;29,0;29;29;29;29;29;29;29;29;29,0;29,0;1,0000000000000000;1,000000000000000;1,000000000000000;1,000000000000000;1,0000000000000000;1,0000000000000000;1,0000000000000000;1,0000000000000000;1,0000000000000000;1,0000000000000000;1,0000000000000000
2021-08-19;alle;22;22,0;22;22;22;22;22;22;22;22;22,0;22,0;78;78,0;78;78;78;78;78;78;78;78;78,0;78,0;NA;NA;NA;NA;NA;NA;NA;NA;NA;NA;NA
2021-08-18;0-60;6;6,0;6;6;6;6;6;6;6;6;6,0;6,0;48;48,0;48;48;48;48;48;48;48;48;48,0;48,0;1,0000000000000000;1,000000000000000;1,000000000000000;1,000000000000000;1,0000000000000000;1,0000000000000000;1,0000000000000000;1,0000000000000000;1,0000000000000000;1,0000000000000000;1,0000000000000000
2021-08-18;60+;3;3,0;3;3;3;3;3;3;3;3;3,0;3,0;22;22,0;22;22;22;22;22;22;22;22;22,0;22,0;1,0000000000000000;1,000000000000000;1,000000000000000;1,000000000000000;1,0000000000000000;1,0000000000000000;1,0000000000000000;1,0000000000000000;1,0000000000000000;1,0000000000000000;1,0000000000000000
2021-08-18;alle;9;9,0;9;9;9;9;9;9;9;9;9,0;9,0;70;70,0;70;70;70;70;70;70;70;70;70,0;70,0;NA;NA;NA;NA;NA;NA;NA;NA;NA;NA;NA
2021-08-17;0-60;8;8,0;8;8;8;8;8;8;8;8;8,0;8,0;51;51,0;51;51;51;51;51;51;51;51;51,0;51,0;1,0000000000000000;1,000000000000000;1,000000000000000;1,000000000000000;1,0000000000000000;1,0000000000000000;1,0000000000000000;1,0000000000000000;1,0000000000000000;1,0000000000000000;1,0000000000000000
2021-08-17;60+;6;6,0;6;6;6;6;6;6;6;6;6,0;6,0;24;24,0;24;24;24;24;24;24;24;24;24,0;24,0;1,0000000000000000;1,000000000000000;1,000000000000000;1,000000000000000;1,0000000000000000;1,0000000000000000;1,0000000000000000;1,0000000000000000;1,0000000000000000;1,0000000000000000;1,0000000000000000
2021-08-17;alle;14;14,0;14;14;14;14;14;14;14;14;14,0;14,0;75;75,0;75;75;75;75;75;75;75;75;75,0;75,0;NA;NA;NA;NA;NA;NA;NA;NA;NA;NA;NA
2021-08-16;0-60;2;2,0;2;2;2;2;2;2;2;2;2,0;2,0;48;48,0;48;48;48;48;48;48;48;48;48,0;48,0;1,0000000000000000;1,000000000000000;1,000000000000000;1,000000000000000;1,0000000000000000;1,0000000000000000;1,0000000000000000;1,0000000000000000;1,0000000000000000;1,0000000000000000;1,0000000000000000
2021-08-16;60+;0;0,0;0;0;0;0;0;0;0;0;0,0;0,0;21;21,0;21;21;21;21;21;21;21;21;21,0;21,0;1,0000000000000000;1,000000000000000;1,000000000000000;1,000000000000000;1,0000000000000000;1,0000000000000000;1,0000000000000000;1,0000000000000000;1,0000000000000000;1,0000000000000000;1,0000000000000000
2021-08-16;alle;2;2,0;2;2;2;2;2;2;2;2;2,0;2,0;69;69,0;69;69;69;69;69;69;69;69;69,0;69,0;NA;NA;NA;NA;NA;NA;NA;NA;NA;NA;NA
2021-08-15;0-60;3;3,0;3;3;3;3;3;3;3;3;3,0;3,0;52;52,0;52;52;52;52;52;52;52;52;52,0;52,0;1,0000000000000000;1,000000000000000;1,000000000000000;1,000000000000000;1,0000000000000000;1,0000000000000000;1,0000000000000000;1,0000000000000000;1,0000000000000000;1,0000000000000000;1,0000000000000000
2021-08-15;60+;2;2,0;2;2;2;2;2;2;2;2;2,0;2,0;21;21,0;21;21;21;21;21;21;21;21;21,0;21,0;1,0000000000000000;1,000000000000000;1,000000000000000;1,000000000000000;1,0000000000000000;1,0000000000000000;1,0000000000000000;1,0000000000000000;1,0000000000000000;1,0000000000000000;1,0000000000000000
2021-08-15;alle;5;5,0;5;5;5;5;5;5;5;5;5,0;5,0;73;73,0;73;73;73;73;73;73;73;73;73,0;73,0;NA;NA;NA;NA;NA;NA;NA;NA;NA;NA;NA
2021-08-14;0-60;9;9,0;9;9;9;9;9;9;9;9;9,0;9,0;55;55,0;55;55;55;55;55;55;55;55;55,0;55,0;1,0000000000000000;1,000000000000000;1,000000000000000;1,000000000000000;1,0000000000000000;1,0000000000000000;1,0000000000000000;1,0000000000000000;1,0000000000000000;1,0000000000000000;1,0000000000000000
2021-08-14;60+;4;4,0;4;4;4;4;4;4;4;4;4,0;4,0;20;20,0;20;20;20;20;20;20;20;20;20,0;20,0;1,0000000000000000;1,000000000000000;1,000000000000000;1,000000000000000;1,0000000000000000;1,0000000000000000;1,0000000000000000;1,0000000000000000;1,0000000000000000;1,0000000000000000;1,0000000000000000
2021-08-14;alle;13;13,0;13;13;13;13;13;13;13;13;13,0;13,0;75;75,0;75;75;75;75;75;75;75;75;75,0;75,0;NA;NA;NA;NA;NA;NA;NA;NA;NA;NA;NA
2021-08-13;0-60;9;9,0;9;9;9;9;9;9;9;9;9,0;9,0;56;56,0;56;56;56;56;56;56;56;56;56,0;56,0;1,0000000000000000;1,000000000000000;1,000000000000000;1,000000000000000;1,0000000000000000;1,0000000000000000;1,0000000000000000;1,0000000000000000;1,0000000000000000;1,0000000000000000;1,0000000000000000
2021-08-13;60+;4;4,0;4;4;4;4;4;4;4;4;4,0;4,0;17;17,0;17;17;17;17;17;17;17;17;17,0;17,0;1,0000000000000000;1,000000000000000;1,000000000000000;1,000000000000000;1,0000000000000000;1,0000000000000000;1,0000000000000000;1,0000000000000000;1,0000000000000000;1,0000000000000000;1,0000000000000000
2021-08-13;alle;13;13,0;13;13;13;13;13;13;13;13;13,0;13,0;73;73,0;73;73;73;73;73;73;73;73;73,0;73,0;NA;NA;NA;NA;NA;NA;NA;NA;NA;NA;NA
2021-08-12;0-60;11;11,0;11;11;11;11;11;11;11;11;11,0;11,0;52;52,0;52;52;52;52;52;52;52;52;52,0;52,0;1,0000000000000000;1,000000000000000;1,000000000000000;1,000000000000000;1,0000000000000000;1,0000000000000000;1,0000000000000000;1,0000000000000000;1,0000000000000000;1,0000000000000000;1,0000000000000000
2021-08-12;60+;3;3,0;3;3;3;3;3;3;3;3;3,0;3,0;17;17,0;17;17;17;17;17;17;17;17;17,0;17,0;1,0000000000000000;1,000000000000000;1,000000000000000;1,000000000000000;1,0000000000000000;1,0000000000000000;1,0000000000000000;1,0000000000000000;1,0000000000000000;1,0000000000000000;1,0000000000000000
2021-08-12;alle;14;14,0;14;14;14;14;14;14;14;14;14,0;14,0;69;69,0;69;69;69;69;69;69;69;69;69,0;69,0;NA;NA;NA;NA;NA;NA;NA;NA;NA;NA;NA
2021-08-11;0-60;9;9,0;9;9;9;9;9;9;9;9;9,0;9,0;43;43,0;43;43;43;43;43;43;43;43;43,0;43,0;1,0000000000000000;1,000000000000000;1,000000000000000;1,000000000000000;1,0000000000000000;1,0000000000000000;1,0000000000000000;1,0000000000000000;1,0000000000000000;1,0000000000000000;1,0000000000000000
2021-08-11;60+;5;5,0;5;5;5;5;5;5;5;5;5,0;5,0;15;15,0;15;15;15;15;15;15;15;15;15,0;15,0;1,0000000000000000;1,000000000000000;1,000000000000000;1,000000000000000;1,0000000000000000;1,0000000000000000;1,0000000000000000;1,0000000000000000;1,0000000000000000;1,0000000000000000;1,0000000000000000
2021-08-11;alle;14;14,0;14;14;14;14;14;14;14;14;14,0;14,0;58;58,0;58;58;58;58;58;58;58;58;58,0;58,0;NA;NA;NA;NA;NA;NA;NA;NA;NA;NA;NA
2021-08-10;0-60;5;5,0;5;5;5;5;5;5;5;5;5,0;5,0;46;46,0;46;46;46;46;46;46;46;46;46,0;46,0;1,0000000000000000;1,000000000000000;1,000000000000000;1,000000000000000;1,0000000000000000;1,0000000000000000;1,0000000000000000;1,0000000000000000;1,0000000000000000;1,0000000000000000;1,0000000000000000
2021-08-10;60+;3;3,0;3;3;3;3;3;3;3;3;3,0;3,0;12;12,0;12;12;12;12;12;12;12;12;12,0;12,0;1,0000000000000000;1,000000000000000;1,000000000000000;1,000000000000000;1,0000000000000000;1,0000000000000000;1,0000000000000000;1,0000000000000000;1,0000000000000000;1,0000000000000000;1,0000000000000000
2021-08-10;alle;8;8,0;8;8;8;8;8;8;8;8;8,0;8,0;58;58,0;58;58;58;58;58;58;58;58;58,0;58,0;NA;NA;NA;NA;NA;NA;NA;NA;NA;NA;NA
2021-08-09;0-60;6;6,0;6;6;6;6;6;6;6;6;6,0;6,0;45;45,0;45;45;45;45;45;45;45;45;45,0;45,0;1,0000000000000000;1,000000000000000;1,000000000000000;1,000000000000000;1,0000000000000000;1,0000000000000000;1,0000000000000000;1,0000000000000000;1,0000000000000000;1,0000000000000000;1,0000000000000000
2021-08-09;60+;0;0,0;0;0;0;0;0;0;0;0;0,0;0,0;10;10,0;10;10;10;10;10;10;10;10;10,0;10,0;1,0000000000000000;1,000000000000000;1,000000000000000;1,000000000000000;1,0000000000000000;1,0000000000000000;1,0000000000000000;1,0000000000000000;1,0000000000000000;1,0000000000000000;1,0000000000000000
2021-08-09;alle;6;6,0;6;6;6;6;6;6;6;6;6,0;6,0;55;55,0;55;55;55;55;55;55;55;55;55,0;55,0;NA;NA;NA;NA;NA;NA;NA;NA;NA;NA;NA
2021-08-08;0-60;6;6,0;6;6;6;6;6;6;6;6;6,0;6,0;40;40,0;40;40;40;40;40;40;40;40;40,0;40,0;1,0000000000000000;1,000000000000000;1,000000000000000;1,000000000000000;1,0000000000000000;1,0000000000000000;1,0000000000000000;1,0000000000000000;1,0000000000000000;1,0000000000000000;1,0000000000000000
2021-08-08;60+;1;1,0;1;1;1;1;1;1;1;1;1,0;1,0;12;12,0;12;12;12;12;12;12;12;12;12,0;12,0;1,0000000000000000;1,000000000000000;1,000000000000000;1,000000000000000;1,0000000000000000;1,0000000000000000;1,0000000000000000;1,0000000000000000;1,0000000000000000;1,0000000000000000;1,0000000000000000
2021-08-08;alle;7;7,0;7;7;7;7;7;7;7;7;7,0;7,0;52;52,0;52;52;52;52;52;52;52;52;52,0;52,0;NA;NA;NA;NA;NA;NA;NA;NA;NA;NA;NA
2021-08-07;0-60;10;10,0;10;10;10;10;10;10;10;10;10,0;10,0;36;36,0;36;36;36;36;36;36;36;36;36,0;36,0;1,0000000000000000;1,000000000000000;1,000000000000000;1,000000000000000;1,0000000000000000;1,0000000000000000;1,0000000000000000;1,0000000000000000;1,0000000000000000;1,0000000000000000;1,0000000000000000
2021-08-07;60+;1;1,0;1;1;1;1;1;1;1;1;1,0;1,0;11;11,0;11;11;11;11;11;11;11;11;11,0;11,0;1,0000000000000000;1,000000000000000;1,000000000000000;1,000000000000000;1,0000000000000000;1,0000000000000000;1,0000000000000000;1,0000000000000000;1,0000000000000000;1,0000000000000000;1,0000000000000000
2021-08-07;alle;11;11,0;11;11;11;11;11;11;11;11;11,0;11,0;47;47,0;47;47;47;47;47;47;47;47;47,0;47,0;NA;NA;NA;NA;NA;NA;NA;NA;NA;NA;NA
2021-08-06;0-60;5;5,0;5;5;5;5;5;5;5;5;5,0;5,0;35;35,0;35;35;35;35;35;35;35;35;35,0;35,0;1,0000000000000000;1,000000000000000;1,000000000000000;1,000000000000000;1,0000000000000000;1,0000000000000000;1,0000000000000000;1,0000000000000000;1,0000000000000000;1,0000000000000000;1,0000000000000000
2021-08-06;60+;4;4,0;4;4;4;4;4;4;4;4;4,0;4,0;12;12,0;12;12;12;12;12;12;12;12;12,0;12,0;1,0000000000000000;1,000000000000000;1,000000000000000;1,000000000000000;1,0000000000000000;1,0000000000000000;1,0000000000000000;1,0000000000000000;1,0000000000000000;1,0000000000000000;1,0000000000000000
2021-08-06;alle;9;9,0;9;9;9;9;9;9;9;9;9,0;9,0;47;47,0;47;47;47;47;47;47;47;47;47,0;47,0;NA;NA;NA;NA;NA;NA;NA;NA;NA;NA;NA
2021-08-05;0-60;2;2,0;2;2;2;2;2;2;2;2;2,0;2,0;34;34,0;34;34;34;34;34;34;34;34;34,0;34,0;1,0000000000000000;1,000000000000000;1,000000000000000;1,000000000000000;1,0000000000000000;1,0000000000000000;1,0000000000000000;1,0000000000000000;1,0000000000000000;1,0000000000000000;1,0000000000000000
2021-08-05;60+;1;1,0;1;1;1;1;1;1;1;1;1,0;1,0;10;10,0;10;10;10;10;10;10;10;10;10,0;10,0;1,0000000000000000;1,000000000000000;1,000000000000000;1,000000000000000;1,0000000000000000;1,0000000000000000;1,0000000000000000;1,0000000000000000;1,0000000000000000;1,0000000000000000;1,0000000000000000
2021-08-05;alle;3;3,0;3;3;3;3;3;3;3;3;3,0;3,0;44;44,0;44;44;44;44;44;44;44;44;44,0;44,0;NA;NA;NA;NA;NA;NA;NA;NA;NA;NA;NA
2021-08-04;0-60;12;12,0;12;12;12;12;12;12;12;12;12,0;12,0;33;33,0;33;33;33;33;33;33;33;33;33,0;33,0;1,0000000000000000;1,000000000000000;1,000000000000000;1,000000000000000;1,0000000000000000;1,0000000000000000;1,0000000000000000;1,0000000000000000;1,0000000000000000;1,0000000000000000;1,0000000000000000
2021-08-04;60+;2;2,0;2;2;2;2;2;2;2;2;2,0;2,0;10;10,0;10;10;10;10;10;10;10;10;10,0;10,0;1,0000000000000000;1,000000000000000;1,000000000000000;1,000000000000000;1,0000000000000000;1,0000000000000000;1,0000000000000000;1,0000000000000000;1,0000000000000000;1,0000000000000000;1,0000000000000000
2021-08-04;alle;14;14,0;14;14;14;14;14;14;14;14;14,0;14,0;43;43,0;43;43;43;43;43;43;43;43;43,0;43,0;NA;NA;NA;NA;NA;NA;NA;NA;NA;NA;NA
2021-08-03;0-60;4;4,0;4;4;4;4;4;4;4;4;4,0;4,0;30;30,0;30;30;30;30;30;30;30;30;30,0;30,0;1,0000000000000000;1,000000000000000;1,000000000000000;1,000000000000000;1,0000000000000000;1,0000000000000000;1,0000000000000000;1,0000000000000000;1,0000000000000000;1,0000000000000000;1,0000000000000000
2021-08-03;60+;1;1,0;1;1;1;1;1;1;1;1;1,0;1,0;12;12,0;12;12;12;12;12;12;12;12;12,0;12,0;1,0000000000000000;1,000000000000000;1,000000000000000;1,000000000000000;1,0000000000000000;1,0000000000000000;1,0000000000000000;1,0000000000000000;1,0000000000000000;1,0000000000000000;1,0000000000000000
2021-08-03;alle;5;5,0;5;5;5;5;5;5;5;5;5,0;5,0;42;42,0;42;42;42;42;42;42;42;42;42,0;42,0;NA;NA;NA;NA;NA;NA;NA;NA;NA;NA;NA
2021-08-02;0-60;1;1,0;1;1;1;1;1;1;1;1;1,0;1,0;31;31,0;31;31;31;31;31;31;31;31;31,0;31,0;1,0000000000000000;1,000000000000000;1,000000000000000;1,000000000000000;1,0000000000000000;1,0000000000000000;1,0000000000000000;1,0000000000000000;1,0000000000000000;1,0000000000000000;1,0000000000000000
2021-08-02;60+;2;2,0;2;2;2;2;2;2;2;2;2,0;2,0;12;12,0;12;12;12;12;12;12;12;12;12,0;12,0;1,0000000000000000;1,000000000000000;1,000000000000000;1,000000000000000;1,0000000000000000;1,0000000000000000;1,0000000000000000;1,0000000000000000;1,0000000000000000;1,0000000000000000;1,0000000000000000
2021-08-02;alle;3;3,0;3;3;3;3;3;3;3;3;3,0;3,0;43;43,0;43;43;43;43;43;43;43;43;43,0;43,0;NA;NA;NA;NA;NA;NA;NA;NA;NA;NA;NA
2021-08-01;0-60;2;2,0;2;2;2;2;2;2;2;2;2,0;2,0;33;33,0;33;33;33;33;33;33;33;33;33,0;33,0;1,0000000000000000;1,000000000000000;1,000000000000000;1,000000000000000;1,0000000000000000;1,0000000000000000;1,0000000000000000;1,0000000000000000;1,0000000000000000;1,0000000000000000;1,0000000000000000
2021-08-01;60+;0;0,0;0;0;0;0;0;0;0;0;0,0;0,0;11;11,0;11;11;11;11;11;11;11;11;11,0;11,0;1,0000000000000000;1,000000000000000;1,000000000000000;1,000000000000000;1,0000000000000000;1,0000000000000000;1,0000000000000000;1,0000000000000000;1,0000000000000000;1,0000000000000000;1,0000000000000000
2021-08-01;alle;2;2,0;2;2;2;2;2;2;2;2;2,0;2,0;44;44,0;44;44;44;44;44;44;44;44;44,0;44,0;NA;NA;NA;NA;NA;NA;NA;NA;NA;NA;NA
2021-07-31;0-60;9;9,0;9;9;9;9;9;9;9;9;9,0;9,0;36;36,0;36;36;36;36;36;36;36;36;36,0;36,0;1,0000000000000000;1,000000000000000;1,000000000000000;1,000000000000000;1,0000000000000000;1,0000000000000000;1,0000000000000000;1,0000000000000000;1,0000000000000000;1,0000000000000000;1,0000000000000000
2021-07-31;60+;2;2,0;2;2;2;2;2;2;2;2;2,0;2,0;12;12,0;12;12;12;12;12;12;12;12;12,0;12,0;1,0000000000000000;1,000000000000000;1,000000000000000;1,000000000000000;1,0000000000000000;1,0000000000000000;1,0000000000000000;1,0000000000000000;1,0000000000000000;1,0000000000000000;1,0000000000000000
2021-07-31;alle;11;11,0;11;11;11;11;11;11;11;11;11,0;11,0;48;48,0;48;48;48;48;48;48;48;48;48,0;48,0;NA;NA;NA;NA;NA;NA;NA;NA;NA;NA;NA
2021-07-30;0-60;4;4,0;4;4;4;4;4;4;4;4;4,0;4,0;29;29,0;29;29;29;29;29;29;29;29;29,0;29,0;1,0000000000000000;1,000000000000000;1,000000000000000;1,000000000000000;1,0000000000000000;1,0000000000000000;1,0000000000000000;1,0000000000000000;1,0000000000000000;1,0000000000000000;1,0000000000000000
2021-07-30;60+;2;2,0;2;2;2;2;2;2;2;2;2,0;2,0;12;12,0;12;12;12;12;12;12;12;12;12,0;12,0;1,0000000000000000;1,000000000000000;1,000000000000000;1,000000000000000;1,0000000000000000;1,0000000000000000;1,0000000000000000;1,0000000000000000;1,0000000000000000;1,0000000000000000;1,0000000000000000
2021-07-30;alle;6;6,0;6;6;6;6;6;6;6;6;6,0;6,0;41;41,0;41;41;41;41;41;41;41;41;41,0;41,0;NA;NA;NA;NA;NA;NA;NA;NA;NA;NA;NA
2021-07-29;0-60;1;1,0;1;1;1;1;1;1;1;1;1,0;1,0;28;28,0;28;28;28;28;28;28;28;28;28,0;28,0;1,0000000000000000;1,000000000000000;1,000000000000000;1,000000000000000;1,0000000000000000;1,0000000000000000;1,0000000000000000;1,0000000000000000;1,0000000000000000;1,0000000000000000;1,0000000000000000
2021-07-29;60+;1;1,0;1;1;1;1;1;1;1;1;1,0;1,0;11;11,0;11;11;11;11;11;11;11;11;11,0;11,0;1,0000000000000000;1,000000000000000;1,000000000000000;1,000000000000000;1,0000000000000000;1,0000000000000000;1,0000000000000000;1,0000000000000000;1,0000000000000000;1,0000000000000000;1,0000000000000000
2021-07-29;alle;2;2,0;2;2;2;2;2;2;2;2;2,0;2,0;39;39,0;39;39;39;39;39;39;39;39;39,0;39,0;NA;NA;NA;NA;NA;NA;NA;NA;NA;NA;NA
2021-07-28;0-60;9;9,0;9;9;9;9;9;9;9;9;9,0;9,0;30;30,0;30;30;30;30;30;30;30;30;30,0;30,0;1,0000000000000000;1,000000000000000;1,000000000000000;1,000000000000000;1,0000000000000000;1,0000000000000000;1,0000000000000000;1,0000000000000000;1,0000000000000000;1,0000000000000000;1,0000000000000000
2021-07-28;60+;4;4,0;4;4;4;4;4;4;4;4;4,0;4,0;10;10,0;10;10;10;10;10;10;10;10;10,0;10,0;1,0000000000000000;1,000000000000000;1,000000000000000;1,000000000000000;1,0000000000000000;1,0000000000000000;1,0000000000000000;1,0000000000000000;1,0000000000000000;1,0000000000000000;1,0000000000000000
2021-07-28;alle;13;13,0;13;13;13;13;13;13;13;13;13,0;13,0;40;40,0;40;40;40;40;40;40;40;40;40,0;40,0;NA;NA;NA;NA;NA;NA;NA;NA;NA;NA;NA
2021-07-27;0-60;5;5,0;5;5;5;5;5;5;5;5;5,0;5,0;23;23,0;23;23;23;23;23;23;23;23;23,0;23,0;1,0000000000000000;1,000000000000000;1,000000000000000;1,000000000000000;1,0000000000000000;1,0000000000000000;1,0000000000000000;1,0000000000000000;1,0000000000000000;1,0000000000000000;1,0000000000000000
2021-07-27;60+;1;1,0;1;1;1;1;1;1;1;1;1,0;1,0;7;7,0;7;7;7;7;7;7;7;7;7,0;7,0;1,0000000000000000;1,000000000000000;1,000000000000000;1,000000000000000;1,0000000000000000;1,0000000000000000;1,0000000000000000;1,0000000000000000;1,0000000000000000;1,0000000000000000;1,0000000000000000
2021-07-27;alle;6;6,0;6;6;6;6;6;6;6;6;6,0;6,0;30;30,0;30;30;30;30;30;30;30;30;30,0;30,0;NA;NA;NA;NA;NA;NA;NA;NA;NA;NA;NA
2021-07-26;0-60;3;3,0;3;3;3;3;3;3;3;3;3,0;3,0;18;18,0;18;18;18;18;18;18;18;18;18,0;18,0;1,0000000000000000;1,000000000000000;1,000000000000000;1,000000000000000;1,0000000000000000;1,0000000000000000;1,0000000000000000;1,0000000000000000;1,0000000000000000;1,0000000000000000;1,0000000000000000
2021-07-26;60+;1;1,0;1;1;1;1;1;1;1;1;1,0;1,0;10;10,0;10;10;10;10;10;10;10;10;10,0;10,0;1,0000000000000000;1,000000000000000;1,000000000000000;1,000000000000000;1,0000000000000000;1,0000000000000000;1,0000000000000000;1,0000000000000000;1,0000000000000000;1,0000000000000000;1,0000000000000000
2021-07-26;alle;4;4,0;4;4;4;4;4;4;4;4;4,0;4,0;28;28,0;28;28;28;28;28;28;28;28;28,0;28,0;NA;NA;NA;NA;NA;NA;NA;NA;NA;NA;NA
2021-07-25;0-60;5;5,0;5;5;5;5;5;5;5;5;5,0;5,0;15;15,0;15;15;15;15;15;15;15;15;15,0;15,0;1,0000000000000000;1,000000000000000;1,000000000000000;1,000000000000000;1,0000000000000000;1,0000000000000000;1,0000000000000000;1,0000000000000000;1,0000000000000000;1,0000000000000000;1,0000000000000000
2021-07-25;60+;1;1,0;1;1;1;1;1;1;1;1;1,0;1,0;9;9,0;9;9;9;9;9;9;9;9;9,0;9,0;1,0000000000000000;1,000000000000000;1,000000000000000;1,000000000000000;1,0000000000000000;1,0000000000000000;1,0000000000000000;1,0000000000000000;1,0000000000000000;1,0000000000000000;1,0000000000000000
2021-07-25;alle;6;6,0;6;6;6;6;6;6;6;6;6,0;6,0;24;24,0;24;24;24;24;24;24;24;24;24,0;24,0;NA;NA;NA;NA;NA;NA;NA;NA;NA;NA;NA
2021-07-24;0-60;2;2,0;2;2;2;2;2;2;2;2;2,0;2,0;10;10,0;10;10;10;10;10;10;10;10;10,0;10,0;1,0000000000000000;1,000000000000000;1,000000000000000;1,000000000000000;1,0000000000000000;1,0000000000000000;1,0000000000000000;1,0000000000000000;1,0000000000000000;1,0000000000000000;1,0000000000000000
2021-07-24;60+;2;2,0;2;2;2;2;2;2;2;2;2,0;2,0;9;9,0;9;9;9;9;9;9;9;9;9,0;9,0;1,0000000000000000;1,000000000000000;1,000000000000000;1,000000000000000;1,0000000000000000;1,0000000000000000;1,0000000000000000;1,0000000000000000;1,0000000000000000;1,0000000000000000;1,0000000000000000
2021-07-24;alle;4;4,0;4;4;4;4;4;4;4;4;4,0;4,0;19;19,0;19;19;19;19;19;19;19;19;19,0;19,0;NA;NA;NA;NA;NA;NA;NA;NA;NA;NA;NA
2021-07-23;0-60;3;3,0;3;3;3;3;3;3;3;3;3,0;3,0;9;9,0;9;9;9;9;9;9;9;9;9,0;9,0;1,0000000000000000;1,000000000000000;1,000000000000000;1,000000000000000;1,0000000000000000;1,0000000000000000;1,0000000000000000;1,0000000000000000;1,0000000000000000;1,0000000000000000;1,0000000000000000
2021-07-23;60+;1;1,0;1;1;1;1;1;1;1;1;1,0;1,0;7;7,0;7;7;7;7;7;7;7;7;7,0;7,0;1,0000000000000000;1,000000000000000;1,000000000000000;1,000000000000000;1,0000000000000000;1,0000000000000000;1,0000000000000000;1,0000000000000000;1,0000000000000000;1,0000000000000000;1,0000000000000000
2021-07-23;alle;4;4,0;4;4;4;4;4;4;4;4;4,0;4,0;16;16,0;16;16;16;16;16;16;16;16;16,0;16,0;NA;NA;NA;NA;NA;NA;NA;NA;NA;NA;NA
2021-07-22;0-60;3;3,0;3;3;3;3;3;3;3;3;3,0;3,0;6;6,0;6;6;6;6;6;6;6;6;6,0;6,0;1,0000000000000000;1,000000000000000;1,000000000000000;1,000000000000000;1,0000000000000000;1,0000000000000000;1,0000000000000000;1,0000000000000000;1,0000000000000000;1,0000000000000000;1,0000000000000000
2021-07-22;60+;0;0,0;0;0;0;0;0;0;0;0;0,0;0,0;7;7,0;7;7;7;7;7;7;7;7;7,0;7,0;1,0000000000000000;1,000000000000000;1,000000000000000;1,000000000000000;1,0000000000000000;1,0000000000000000;1,0000000000000000;1,0000000000000000;1,0000000000000000;1,0000000000000000;1,0000000000000000
2021-07-22;alle;3;3,0;3;3;3;3;3;3;3;3;3,0;3,0;13;13,0;13;13;13;13;13;13;13;13;13,0;13,0;NA;NA;NA;NA;NA;NA;NA;NA;NA;NA;NA
2021-07-21;0-60;2;2,0;2;2;2;2;2;2;2;2;2,0;2,0;3;3,0;3;3;3;3;3;3;3;3;3,0;3,0;1,0000000000000000;1,000000000000000;1,000000000000000;1,000000000000000;1,0000000000000000;1,0000000000000000;1,0000000000000000;1,0000000000000000;1,0000000000000000;1,0000000000000000;1,0000000000000000
2021-07-21;60+;1;1,0;1;1;1;1;1;1;1;1;1,0;1,0;7;7,0;7;7;7;7;7;7;7;7;7,0;7,0;1,0000000000000000;1,000000000000000;1,000000000000000;1,000000000000000;1,0000000000000000;1,0000000000000000;1,0000000000000000;1,0000000000000000;1,0000000000000000;1,0000000000000000;1,0000000000000000
2021-07-21;alle;3;3,0;3;3;3;3;3;3;3;3;3,0;3,0;10;10,0;10;10;10;10;10;10;10;10;10,0;10,0;NA;NA;NA;NA;NA;NA;NA;NA;NA;NA;NA
2021-07-20;0-60;0;0,0;0;0;0;0;0;0;0;0;0,0;0,0;2;2,0;2;2;2;2;2;2;2;2;2,0;2,0;1,0000000000000000;1,000000000000000;1,000000000000000;1,000000000000000;1,0000000000000000;1,0000000000000000;1,0000000000000000;1,0000000000000000;1,0000000000000000;1,0000000000000000;1,0000000000000000
2021-07-20;60+;4;4,0;4;4;4;4;4;4;4;4;4,0;4,0;6;6,0;6;6;6;6;6;6;6;6;6,0;6,0;1,0000000000000000;1,000000000000000;1,000000000000000;1,000000000000000;1,0000000000000000;1,0000000000000000;1,0000000000000000;1,0000000000000000;1,0000000000000000;1,0000000000000000;1,0000000000000000
2021-07-20;alle;4;4,0;4;4;4;4;4;4;4;4;4,0;4,0;8;8,0;8;8;8;8;8;8;8;8;8,0;8,0;NA;NA;NA;NA;NA;NA;NA;NA;NA;NA;NA
2021-07-19;0-60;0;0,0;0;0;0;0;0;0;0;0;0,0;0,0;4;4,0;4;4;4;4;4;4;4;4;4,0;4,0;1,0000000000000000;1,000000000000000;1,000000000000000;1,000000000000000;1,0000000000000000;1,0000000000000000;1,0000000000000000;1,0000000000000000;1,0000000000000000;1,0000000000000000;1,0000000000000000
2021-07-19;60+;0;0,0;0;0;0;0;0;0;0;0;0,0;0,0;2;2,0;2;2;2;2;2;2;2;2;2,0;2,0;1,0000000000000000;1,000000000000000;1,000000000000000;1,000000000000000;1,0000000000000000;1,0000000000000000;1,0000000000000000;1,0000000000000000;1,0000000000000000;1,0000000000000000;1,0000000000000000
2021-07-19;alle;0;0,0;0;0;0;0;0;0;0;0;0,0;0,0;6;6,0;6;6;6;6;6;6;6;6;6,0;6,0;NA;NA;NA;NA;NA;NA;NA;NA;NA;NA;NA
2021-07-18;0-60;0;0,0;0;0;0;0;0;0;0;0;0,0;0,0;5;5,0;5;5;5;5;5;5;5;5;5,0;5,0;1,0000000000000000;1,000000000000000;1,000000000000000;1,000000000000000;1,0000000000000000;1,0000000000000000;1,0000000000000000;1,0000000000000000;1,0000000000000000;1,0000000000000000;1,0000000000000000
2021-07-18;60+;1;1,0;1;1;1;1;1;1;1;1;1,0;1,0;2;2,0;2;2;2;2;2;2;2;2;2,0;2,0;1,0000000000000000;1,000000000000000;1,000000000000000;1,000000000000000;1,0000000000000000;1,0000000000000000;1,0000000000000000;1,0000000000000000;1,0000000000000000;1,0000000000000000;1,0000000000000000
2021-07-18;alle;1;1,0;1;1;1;1;1;1;1;1;1,0;1,0;7;7,0;7;7;7;7;7;7;7;7;7,0;7,0;NA;NA;NA;NA;NA;NA;NA;NA;NA;NA;NA
2021-07-17;0-60;1;1,0;1;1;1;1;1;1;1;1;1,0;1,0;5;5,0;5;5;5;5;5;5;5;5;5,0;5,0;1,0000000000000000;1,000000000000000;1,000000000000000;1,000000000000000;1,0000000000000000;1,0000000000000000;1,0000000000000000;1,0000000000000000;1,0000000000000000;1,0000000000000000;1,0000000000000000
2021-07-17;60+;0;0,0;0;0;0;0;0;0;0;0;0,0;0,0;1;1,0;1;1;1;1;1;1;1;1;1,0;1,0;1,0000000000000000;1,000000000000000;1,000000000000000;1,000000000000000;1,0000000000000000;1,0000000000000000;1,0000000000000000;1,0000000000000000;1,0000000000000000;1,0000000000000000;1,0000000000000000
2021-07-17;alle;1;1,0;1;1;1;1;1;1;1;1;1,0;1,0;6;6,0;6;6;6;6;6;6;6;6;6,0;6,0;NA;NA;NA;NA;NA;NA;NA;NA;NA;NA;NA
2021-07-16;0-60;0;0,0;0;0;0;0;0;0;0;0;0,0;0,0;4;4,0;4;4;4;4;4;4;4;4;4,0;4,0;1,0000000000000000;1,000000000000000;1,000000000000000;1,000000000000000;1,0000000000000000;1,0000000000000000;1,0000000000000000;1,0000000000000000;1,0000000000000000;1,0000000000000000;1,0000000000000000
2021-07-16;60+;1;1,0;1;1;1;1;1;1;1;1;1,0;1,0;2;2,0;2;2;2;2;2;2;2;2;2,0;2,0;1,0000000000000000;1,000000000000000;1,000000000000000;1,000000000000000;1,0000000000000000;1,0000000000000000;1,0000000000000000;1,0000000000000000;1,0000000000000000;1,0000000000000000;1,0000000000000000
2021-07-16;alle;1;1,0;1;1;1;1;1;1;1;1;1,0;1,0;6;6,0;6;6;6;6;6;6;6;6;6,0;6,0;NA;NA;NA;NA;NA;NA;NA;NA;NA;NA;NA
2021-07-15;0-60;0;0,0;0;0;0;0;0;0;0;0;0,0;0,0;6;6,0;6;6;6;6;6;6;6;6;6,0;6,0;1,0000000000000000;1,000000000000000;1,000000000000000;1,000000000000000;1,0000000000000000;1,0000000000000000;1,0000000000000000;1,0000000000000000;1,0000000000000000;1,0000000000000000;1,0000000000000000
2021-07-15;60+;0;0,0;0;0;0;0;0;0;0;0;0,0;0,0;1;1,0;1;1;1;1;1;1;1;1;1,0;1,0;1,0000000000000000;1,000000000000000;1,000000000000000;1,000000000000000;1,0000000000000000;1,0000000000000000;1,0000000000000000;1,0000000000000000;1,0000000000000000;1,0000000000000000;1,0000000000000000
2021-07-15;alle;0;0,0;0;0;0;0;0;0;0;0;0,0;0,0;7;7,0;7;7;7;7;7;7;7;7;7,0;7,0;NA;NA;NA;NA;NA;NA;NA;NA;NA;NA;NA
2021-07-14;0-60;1;1,0;1;1;1;1;1;1;1;1;1,0;1,0;6;6,0;6;6;6;6;6;6;6;6;6,0;6,0;1,0000000000000000;1,000000000000000;1,000000000000000;1,000000000000000;1,0000000000000000;1,0000000000000000;1,0000000000000000;1,0000000000000000;1,0000000000000000;1,0000000000000000;1,0000000000000000
2021-07-14;60+;0;0,0;0;0;0;0;0;0;0;0;0,0;0,0;2;2,0;2;2;2;2;2;2;2;2;2,0;2,0;1,0000000000000000;1,000000000000000;1,000000000000000;1,000000000000000;1,0000000000000000;1,0000000000000000;1,0000000000000000;1,0000000000000000;1,0000000000000000;1,0000000000000000;1,0000000000000000
2021-07-14;alle;1;1,0;1;1;1;1;1;1;1;1;1,0;1,0;8;8,0;8;8;8;8;8;8;8;8;8,0;8,0;NA;NA;NA;NA;NA;NA;NA;NA;NA;NA;NA
2021-07-13;0-60;2;2,0;2;2;2;2;2;2;2;2;2,0;2,0;6;6,0;6;6;6;6;6;6;6;6;6,0;6,0;1,0000000000000000;1,000000000000000;1,000000000000000;1,000000000000000;1,0000000000000000;1,0000000000000000;1,0000000000000000;1,0000000000000000;1,0000000000000000;1,0000000000000000;1,0000000000000000
2021-07-13;60+;0;0,0;0;0;0;0;0;0;0;0;0,0;0,0;2;2,0;2;2;2;2;2;2;2;2;2,0;2,0;1,0000000000000000;1,000000000000000;1,000000000000000;1,000000000000000;1,0000000000000000;1,0000000000000000;1,0000000000000000;1,0000000000000000;1,0000000000000000;1,0000000000000000;1,0000000000000000
2021-07-13;alle;2;2,0;2;2;2;2;2;2;2;2;2,0;2,0;8;8,0;8;8;8;8;8;8;8;8;8,0;8,0;NA;NA;NA;NA;NA;NA;NA;NA;NA;NA;NA
2021-07-12;0-60;1;1,0;1;1;1;1;1;1;1;1;1,0;1,0;5;5,0;5;5;5;5;5;5;5;5;5,0;5,0;1,0000000000000000;1,000000000000000;1,000000000000000;1,000000000000000;1,0000000000000000;1,0000000000000000;1,0000000000000000;1,0000000000000000;1,0000000000000000;1,0000000000000000;1,0000000000000000
2021-07-12;60+;0;0,0;0;0;0;0;0;0;0;0;0,0;0,0;3;3,0;3;3;3;3;3;3;3;3;3,0;3,0;1,0000000000000000;1,000000000000000;1,000000000000000;1,000000000000000;1,0000000000000000;1,0000000000000000;1,0000000000000000;1,0000000000000000;1,0000000000000000;1,0000000000000000;1,0000000000000000
2021-07-12;alle;1;1,0;1;1;1;1;1;1;1;1;1,0;1,0;8;8,0;8;8;8;8;8;8;8;8;8,0;8,0;NA;NA;NA;NA;NA;NA;NA;NA;NA;NA;NA
2021-07-11;0-60;0;0,0;0;0;0;0;0;0;0;0;0,0;0,0;4;4,0;4;4;4;4;4;4;4;4;4,0;4,0;1,0000000000000000;1,000000000000000;1,000000000000000;1,000000000000000;1,0000000000000000;1,0000000000000000;1,0000000000000000;1,0000000000000000;1,0000000000000000;1,0000000000000000;1,0000000000000000
2021-07-11;60+;0;0,0;0;0;0;0;0;0;0;0;0,0;0,0;3;3,0;3;3;3;3;3;3;3;3;3,0;3,0;1,0000000000000000;1,000000000000000;1,000000000000000;1,000000000000000;1,0000000000000000;1,0000000000000000;1,0000000000000000;1,0000000000000000;1,0000000000000000;1,0000000000000000;1,0000000000000000
2021-07-11;alle;0;0,0;0;0;0;0;0;0;0;0;0,0;0,0;7;7,0;7;7;7;7;7;7;7;7;7,0;7,0;NA;NA;NA;NA;NA;NA;NA;NA;NA;NA;NA
2021-07-10;0-60;0;0,0;0;0;0;0;0;0;0;0;0,0;0,0;5;5,0;5;5;5;5;5;5;5;5;5,0;5,0;1,0000000000000000;1,000000000000000;1,000000000000000;1,000000000000000;1,0000000000000000;1,0000000000000000;1,0000000000000000;1,0000000000000000;1,0000000000000000;1,0000000000000000;1,0000000000000000
2021-07-10;60+;1;1,0;1;1;1;1;1;1;1;1;1,0;1,0;5;5,0;5;5;5;5;5;5;5;5;5,0;5,0;1,0000000000000000;1,000000000000000;1,000000000000000;1,000000000000000;1,0000000000000000;1,0000000000000000;1,0000000000000000;1,0000000000000000;1,0000000000000000;1,0000000000000000;1,0000000000000000
2021-07-10;alle;1;1,0;1;1;1;1;1;1;1;1;1,0;1,0;10;10,0;10;10;10;10;10;10;10;10;10,0;10,0;NA;NA;NA;NA;NA;NA;NA;NA;NA;NA;NA
2021-07-09;0-60;2;2,0;2;2;2;2;2;2;2;2;2,0;2,0;5;5,0;5;5;5;5;5;5;5;5;5,0;5,0;1,0000000000000000;1,000000000000000;1,000000000000000;1,000000000000000;1,0000000000000000;1,0000000000000000;1,0000000000000000;1,0000000000000000;1,0000000000000000;1,0000000000000000;1,0000000000000000
2021-07-09;60+;0;0,0;0;0;0;0;0;0;0;0;0,0;0,0;4;4,0;4;4;4;4;4;4;4;4;4,0;4,0;1,0000000000000000;1,000000000000000;1,000000000000000;1,000000000000000;1,0000000000000000;1,0000000000000000;1,0000000000000000;1,0000000000000000;1,0000000000000000;1,0000000000000000;1,0000000000000000
2021-07-09;alle;2;2,0;2;2;2;2;2;2;2;2;2,0;2,0;9;9,0;9;9;9;9;9;9;9;9;9,0;9,0;NA;NA;NA;NA;NA;NA;NA;NA;NA;NA;NA
2021-07-08;0-60;0;0,0;0;0;0;0;0;0;0;0;0,0;0,0;5;5,0;5;5;5;5;5;5;5;5;5,0;5,0;1,0000000000000000;1,000000000000000;1,000000000000000;1,000000000000000;1,0000000000000000;1,0000000000000000;1,0000000000000000;1,0000000000000000;1,0000000000000000;1,0000000000000000;1,0000000000000000
2021-07-08;60+;1;1,0;1;1;1;1;1;1;1;1;1,0;1,0;4;4,0;4;4;4;4;4;4;4;4;4,0;4,0;1,0000000000000000;1,000000000000000;1,000000000000000;1,000000000000000;1,0000000000000000;1,0000000000000000;1,0000000000000000;1,0000000000000000;1,0000000000000000;1,0000000000000000;1,0000000000000000
2021-07-08;alle;1;1,0;1;1;1;1;1;1;1;1;1,0;1,0;9;9,0;9;9;9;9;9;9;9;9;9,0;9,0;NA;NA;NA;NA;NA;NA;NA;NA;NA;NA;NA
2021-07-07;0-60;1;1,0;1;1;1;1;1;1;1;1;1,0;1,0;6;6,0;6;6;6;6;6;6;6;6;6,0;6,0;1,0000000000000000;1,000000000000000;1,000000000000000;1,000000000000000;1,0000000000000000;1,0000000000000000;1,0000000000000000;1,0000000000000000;1,0000000000000000;1,0000000000000000;1,0000000000000000
2021-07-07;60+;0;0,0;0;0;0;0;0;0;0;0;0,0;0,0;3;3,0;3;3;3;3;3;3;3;3;3,0;3,0;1,0000000000000000;1,000000000000000;1,000000000000000;1,000000000000000;1,0000000000000000;1,0000000000000000;1,0000000000000000;1,0000000000000000;1,0000000000000000;1,0000000000000000;1,0000000000000000
2021-07-07;alle;1;1,0;1;1;1;1;1;1;1;1;1,0;1,0;9;9,0;9;9;9;9;9;9;9;9;9,0;9,0;NA;NA;NA;NA;NA;NA;NA;NA;NA;NA;NA
2021-07-06;0-60;1;1,0;1;1;1;1;1;1;1;1;1,0;1,0;5;5,0;5;5;5;5;5;5;5;5;5,0;5,0;1,0000000000000000;1,000000000000000;1,000000000000000;1,000000000000000;1,0000000000000000;1,0000000000000000;1,0000000000000000;1,0000000000000000;1,0000000000000000;1,0000000000000000;1,0000000000000000
2021-07-06;60+;1;1,0;1;1;1;1;1;1;1;1;1,0;1,0;4;4,0;4;4;4;4;4;4;4;4;4,0;4,0;1,0000000000000000;1,000000000000000;1,000000000000000;1,000000000000000;1,0000000000000000;1,0000000000000000;1,0000000000000000;1,0000000000000000;1,0000000000000000;1,0000000000000000;1,0000000000000000
2021-07-06;alle;2;2,0;2;2;2;2;2;2;2;2;2,0;2,0;9;9,0;9;9;9;9;9;9;9;9;9,0;9,0;NA;NA;NA;NA;NA;NA;NA;NA;NA;NA;NA
2021-07-05;0-60;0;0,0;0;0;0;0;0;0;0;0;0,0;0,0;4;4,0;4;4;4;4;4;4;4;4;4,0;4,0;1,0000000000000000;1,000000000000000;1,000000000000000;1,000000000000000;1,0000000000000000;1,0000000000000000;1,0000000000000000;1,0000000000000000;1,0000000000000000;1,0000000000000000;1,0000000000000000
2021-07-05;60+;0;0,0;0;0;0;0;0;0;0;0;0,0;0,0;3;3,0;3;3;3;3;3;3;3;3;3,0;3,0;1,0000000000000000;1,000000000000000;1,000000000000000;1,000000000000000;1,0000000000000000;1,0000000000000000;1,0000000000000000;1,0000000000000000;1,0000000000000000;1,0000000000000000;1,0000000000000000
2021-07-05;alle;0;0,0;0;0;0;0;0;0;0;0;0,0;0,0;7;7,0;7;7;7;7;7;7;7;7;7,0;7,0;NA;NA;NA;NA;NA;NA;NA;NA;NA;NA;NA
2021-07-04;0-60;1;1,0;1;1;1;1;1;1;1;1;1,0;1,0;4;4,0;4;4;4;4;4;4;4;4;4,0;4,0;1,0000000000000000;1,000000000000000;1,000000000000000;1,000000000000000;1,0000000000000000;1,0000000000000000;1,0000000000000000;1,0000000000000000;1,0000000000000000;1,0000000000000000;1,0000000000000000
2021-07-04;60+;2;2,0;2;2;2;2;2;2;2;2;2,0;2,0;3;3,0;3;3;3;3;3;3;3;3;3,0;3,0;1,0000000000000000;1,000000000000000;1,000000000000000;1,000000000000000;1,0000000000000000;1,0000000000000000;1,0000000000000000;1,0000000000000000;1,0000000000000000;1,0000000000000000;1,0000000000000000
2021-07-04;alle;3;3,0;3;3;3;3;3;3;3;3;3,0;3,0;7;7,0;7;7;7;7;7;7;7;7;7,0;7,0;NA;NA;NA;NA;NA;NA;NA;NA;NA;NA;NA
2021-07-03;0-60;0;0,0;0;0;0;0;0;0;0;0;0,0;0,0;4;4,0;4;4;4;4;4;4;4;4;4,0;4,0;1,0000000000000000;1,000000000000000;1,000000000000000;1,000000000000000;1,0000000000000000;1,0000000000000000;1,0000000000000000;1,0000000000000000;1,0000000000000000;1,0000000000000000;1,0000000000000000
2021-07-03;60+;0;0,0;0;0;0;0;0;0;0;0;0,0;0,0;1;1,0;1;1;1;1;1;1;1;1;1,0;1,0;1,0000000000000000;1,000000000000000;1,000000000000000;1,000000000000000;1,0000000000000000;1,0000000000000000;1,0000000000000000;1,0000000000000000;1,0000000000000000;1,0000000000000000;1,0000000000000000
2021-07-03;alle;0;0,0;0;0;0;0;0;0;0;0;0,0;0,0;5;5,0;5;5;5;5;5;5;5;5;5,0;5,0;NA;NA;NA;NA;NA;NA;NA;NA;NA;NA;NA
2021-07-02;0-60;2;2,0;2;2;2;2;2;2;2;2;2,0;2,0;7;7,0;7;7;7;7;7;7;7;7;7,0;7,0;1,0000000000000000;1,000000000000000;1,000000000000000;1,000000000000000;1,0000000000000000;1,0000000000000000;1,0000000000000000;1,0000000000000000;1,0000000000000000;1,0000000000000000;1,0000000000000000
2021-07-02;60+;0;0,0;0;0;0;0;0;0;0;0;0,0;0,0;3;3,0;3;3;3;3;3;3;3;3;3,0;3,0;1,0000000000000000;1,000000000000000;1,000000000000000;1,000000000000000;1,0000000000000000;1,0000000000000000;1,0000000000000000;1,0000000000000000;1,0000000000000000;1,0000000000000000;1,0000000000000000
2021-07-02;alle;2;2,0;2;2;2;2;2;2;2;2;2,0;2,0;10;10,0;10;10;10;10;10;10;10;10;10,0;10,0;NA;NA;NA;NA;NA;NA;NA;NA;NA;NA;NA
2021-07-01;0-60;1;1,0;1;1;1;1;1;1;1;1;1,0;1,0;6;6,0;6;6;6;6;6;6;6;6;6,0;6,0;1,0000000000000000;1,000000000000000;1,000000000000000;1,000000000000000;1,0000000000000000;1,0000000000000000;1,0000000000000000;1,0000000000000000;1,0000000000000000;1,0000000000000000;1,0000000000000000
2021-07-01;60+;0;0,0;0;0;0;0;0;0;0;0;0,0;0,0;4;4,0;4;4;4;4;4;4;4;4;4,0;4,0;1,0000000000000000;1,000000000000000;1,000000000000000;1,000000000000000;1,0000000000000000;1,0000000000000000;1,0000000000000000;1,0000000000000000;1,0000000000000000;1,0000000000000000;1,0000000000000000
2021-07-01;alle;1;1,0;1;1;1;1;1;1;1;1;1,0;1,0;10;10,0;10;10;10;10;10;10;10;10;10,0;10,0;NA;NA;NA;NA;NA;NA;NA;NA;NA;NA;NA
2021-06-30;0-60;0;0,0;0;0;0;0;0;0;0;0;0,0;0,0;6;6,0;6;6;6;6;6;6;6;6;6,0;6,0;1,0000000000000000;1,000000000000000;1,000000000000000;1,000000000000000;1,0000000000000000;1,0000000000000000;1,0000000000000000;1,0000000000000000;1,0000000000000000;1,0000000000000000;1,0000000000000000
2021-06-30;60+;1;1,0;1;1;1;1;1;1;1;1;1,0;1,0;5;5,0;5;5;5;5;5;5;5;5;5,0;5,0;1,0000000000000000;1,000000000000000;1,000000000000000;1,000000000000000;1,0000000000000000;1,0000000000000000;1,0000000000000000;1,0000000000000000;1,0000000000000000;1,0000000000000000;1,0000000000000000
2021-06-30;alle;1;1,0;1;1;1;1;1;1;1;1;1,0;1,0;11;11,0;11;11;11;11;11;11;11;11;11,0;11,0;NA;NA;NA;NA;NA;NA;NA;NA;NA;NA;NA
2021-06-29;0-60;0;0,0;0;0;0;0;0;0;0;0;0,0;0,0;6;6,0;6;6;6;6;6;6;6;6;6,0;6,0;1,0000000000000000;1,000000000000000;1,000000000000000;1,000000000000000;1,0000000000000000;1,0000000000000000;1,0000000000000000;1,0000000000000000;1,0000000000000000;1,0000000000000000;1,0000000000000000
2021-06-29;60+;0;0,0;0;0;0;0;0;0;0;0;0,0;0,0;6;6,0;6;6;6;6;6;6;6;6;6,0;6,0;1,0000000000000000;1,000000000000000;1,000000000000000;1,000000000000000;1,0000000000000000;1,0000000000000000;1,0000000000000000;1,0000000000000000;1,0000000000000000;1,0000000000000000;1,0000000000000000
2021-06-29;alle;0;0,0;0;0;0;0;0;0;0;0;0,0;0,0;12;12,0;12;12;12;12;12;12;12;12;12,0;12,0;NA;NA;NA;NA;NA;NA;NA;NA;NA;NA;NA
2021-06-28;0-60;0;0,0;0;0;0;0;0;0;0;0;0,0;0,0;7;7,0;7;7;7;7;7;7;7;7;7,0;7,0;1,0000000000000000;1,000000000000000;1,000000000000000;1,000000000000000;1,0000000000000000;1,0000000000000000;1,0000000000000000;1,0000000000000000;1,0000000000000000;1,0000000000000000;1,0000000000000000
2021-06-28;60+;0;0,0;0;0;0;0;0;0;0;0;0,0;0,0;6;6,0;6;6;6;6;6;6;6;6;6,0;6,0;1,0000000000000000;1,000000000000000;1,000000000000000;1,000000000000000;1,0000000000000000;1,0000000000000000;1,0000000000000000;1,0000000000000000;1,0000000000000000;1,0000000000000000;1,0000000000000000
2021-06-28;alle;0;0,0;0;0;0;0;0;0;0;0;0,0;0,0;13;13,0;13;13;13;13;13;13;13;13;13,0;13,0;NA;NA;NA;NA;NA;NA;NA;NA;NA;NA;NA
2021-06-27;0-60;1;1,0;1;1;1;1;1;1;1;1;1,0;1,0;9;9,0;9;9;9;9;9;9;9;9;9,0;9,0;1,0000000000000000;1,000000000000000;1,000000000000000;1,000000000000000;1,0000000000000000;1,0000000000000000;1,0000000000000000;1,0000000000000000;1,0000000000000000;1,0000000000000000;1,0000000000000000
2021-06-27;60+;0;0,0;0;0;0;0;0;0;0;0;0,0;0,0;7;7,0;7;7;7;7;7;7;7;7;7,0;7,0;1,0000000000000000;1,000000000000000;1,000000000000000;1,000000000000000;1,0000000000000000;1,0000000000000000;1,0000000000000000;1,0000000000000000;1,0000000000000000;1,0000000000000000;1,0000000000000000
2021-06-27;alle;1;1,0;1;1;1;1;1;1;1;1;1,0;1,0;16;16,0;16;16;16;16;16;16;16;16;16,0;16,0;NA;NA;NA;NA;NA;NA;NA;NA;NA;NA;NA
2021-06-26;0-60;3;3,0;3;3;3;3;3;3;3;3;3,0;3,0;11;11,0;11;11;11;11;11;11;11;11;11,0;11,0;1,0000000000000000;1,000000000000000;1,000000000000000;1,000000000000000;1,0000000000000000;1,0000000000000000;1,0000000000000000;1,0000000000000000;1,0000000000000000;1,0000000000000000;1,0000000000000000
2021-06-26;60+;2;2,0;2;2;2;2;2;2;2;2;2,0;2,0;7;7,0;7;7;7;7;7;7;7;7;7,0;7,0;1,0000000000000000;1,000000000000000;1,000000000000000;1,000000000000000;1,0000000000000000;1,0000000000000000;1,0000000000000000;1,0000000000000000;1,0000000000000000;1,0000000000000000;1,0000000000000000
2021-06-26;alle;5;5,0;5;5;5;5;5;5;5;5;5,0;5,0;18;18,0;18;18;18;18;18;18;18;18;18,0;18,0;NA;NA;NA;NA;NA;NA;NA;NA;NA;NA;NA
2021-06-25;0-60;1;1,0;1;1;1;1;1;1;1;1;1,0;1,0;9;9,0;9;9;9;9;9;9;9;9;9,0;9,0;1,0000000000000000;1,000000000000000;1,000000000000000;1,000000000000000;1,0000000000000000;1,0000000000000000;1,0000000000000000;1,0000000000000000;1,0000000000000000;1,0000000000000000;1,0000000000000000
2021-06-25;60+;1;1,0;1;1;1;1;1;1;1;1;1,0;1,0;6;6,0;6;6;6;6;6;6;6;6;6,0;6,0;1,0000000000000000;1,000000000000000;1,000000000000000;1,000000000000000;1,0000000000000000;1,0000000000000000;1,0000000000000000;1,0000000000000000;1,0000000000000000;1,0000000000000000;1,0000000000000000
2021-06-25;alle;2;2,0;2;2;2;2;2;2;2;2;2,0;2,0;15;15,0;15;15;15;15;15;15;15;15;15,0;15,0;NA;NA;NA;NA;NA;NA;NA;NA;NA;NA;NA
2021-06-24;0-60;1;1,0;1;1;1;1;1;1;1;1;1,0;1,0;10;10,0;10;10;10;10;10;10;10;10;10,0;10,0;1,0000000000000000;1,000000000000000;1,000000000000000;1,000000000000000;1,0000000000000000;1,0000000000000000;1,0000000000000000;1,0000000000000000;1,0000000000000000;1,0000000000000000;1,0000000000000000
2021-06-24;60+;1;1,0;1;1;1;1;1;1;1;1;1,0;1,0;5;5,0;5;5;5;5;5;5;5;5;5,0;5,0;1,0000000000000000;1,000000000000000;1,000000000000000;1,000000000000000;1,0000000000000000;1,0000000000000000;1,0000000000000000;1,0000000000000000;1,0000000000000000;1,0000000000000000;1,0000000000000000
2021-06-24;alle;2;2,0;2;2;2;2;2;2;2;2;2,0;2,0;15;15,0;15;15;15;15;15;15;15;15;15,0;15,0;NA;NA;NA;NA;NA;NA;NA;NA;NA;NA;NA
2021-06-23;0-60;0;0,0;0;0;0;0;0;0;0;0;0,0;0,0;10;10,0;10;10;10;10;10;10;10;10;10,0;10,0;1,0000000000000000;1,000000000000000;1,000000000000000;1,000000000000000;1,0000000000000000;1,0000000000000000;1,0000000000000000;1,0000000000000000;1,0000000000000000;1,0000000000000000;1,0000000000000000
2021-06-23;60+;2;2,0;2;2;2;2;2;2;2;2;2,0;2,0;6;6,0;6;6;6;6;6;6;6;6;6,0;6,0;1,0000000000000000;1,000000000000000;1,000000000000000;1,000000000000000;1,0000000000000000;1,0000000000000000;1,0000000000000000;1,0000000000000000;1,0000000000000000;1,0000000000000000;1,0000000000000000
2021-06-23;alle;2;2,0;2;2;2;2;2;2;2;2;2,0;2,0;16;16,0;16;16;16;16;16;16;16;16;16,0;16,0;NA;NA;NA;NA;NA;NA;NA;NA;NA;NA;NA
2021-06-22;0-60;1;1,0;1;1;1;1;1;1;1;1;1,0;1,0;12;12,0;12;12;12;12;12;12;12;12;12,0;12,0;1,0000000000000000;1,000000000000000;1,000000000000000;1,000000000000000;1,0000000000000000;1,0000000000000000;1,0000000000000000;1,0000000000000000;1,0000000000000000;1,0000000000000000;1,0000000000000000
2021-06-22;60+;0;0,0;0;0;0;0;0;0;0;0;0,0;0,0;4;4,0;4;4;4;4;4;4;4;4;4,0;4,0;1,0000000000000000;1,000000000000000;1,000000000000000;1,000000000000000;1,0000000000000000;1,0000000000000000;1,0000000000000000;1,0000000000000000;1,0000000000000000;1,0000000000000000;1,0000000000000000
2021-06-22;alle;1;1,0;1;1;1;1;1;1;1;1;1,0;1,0;16;16,0;16;16;16;16;16;16;16;16;16,0;16,0;NA;NA;NA;NA;NA;NA;NA;NA;NA;NA;NA
2021-06-21;0-60;2;2,0;2;2;2;2;2;2;2;2;2,0;2,0;12;12,0;12;12;12;12;12;12;12;12;12,0;12,0;1,0000000000000000;1,000000000000000;1,000000000000000;1,000000000000000;1,0000000000000000;1,0000000000000000;1,0000000000000000;1,0000000000000000;1,0000000000000000;1,0000000000000000;1,0000000000000000
2021-06-21;60+;1;1,0;1;1;1;1;1;1;1;1;1,0;1,0;5;5,0;5;5;5;5;5;5;5;5;5,0;5,0;1,0000000000000000;1,000000000000000;1,000000000000000;1,000000000000000;1,0000000000000000;1,0000000000000000;1,0000000000000000;1,0000000000000000;1,0000000000000000;1,0000000000000000;1,0000000000000000
2021-06-21;alle;3;3,0;3;3;3;3;3;3;3;3;3,0;3,0;17;17,0;17;17;17;17;17;17;17;17;17,0;17,0;NA;NA;NA;NA;NA;NA;NA;NA;NA;NA;NA
2021-06-20;0-60;3;3,0;3;3;3;3;3;3;3;3;3,0;3,0;10;10,0;10;10;10;10;10;10;10;10;10,0;10,0;1,0000000000000000;1,000000000000000;1,000000000000000;1,000000000000000;1,0000000000000000;1,0000000000000000;1,0000000000000000;1,0000000000000000;1,0000000000000000;1,0000000000000000;1,0000000000000000
2021-06-20;60+;0;0,0;0;0;0;0;0;0;0;0;0,0;0,0;4;4,0;4;4;4;4;4;4;4;4;4,0;4,0;1,0000000000000000;1,000000000000000;1,000000000000000;1,000000000000000;1,0000000000000000;1,0000000000000000;1,0000000000000000;1,0000000000000000;1,0000000000000000;1,0000000000000000;1,0000000000000000
2021-06-20;alle;3;3,0;3;3;3;3;3;3;3;3;3,0;3,0;14;14,0;14;14;14;14;14;14;14;14;14,0;14,0;NA;NA;NA;NA;NA;NA;NA;NA;NA;NA;NA
2021-06-19;0-60;1;1,0;1;1;1;1;1;1;1;1;1,0;1,0;9;9,0;9;9;9;9;9;9;9;9;9,0;9,0;1,0000000000000000;1,000000000000000;1,000000000000000;1,000000000000000;1,0000000000000000;1,0000000000000000;1,0000000000000000;1,0000000000000000;1,0000000000000000;1,0000000000000000;1,0000000000000000
2021-06-19;60+;1;1,0;1;1;1;1;1;1;1;1;1,0;1,0;5;5,0;5;5;5;5;5;5;5;5;5,0;5,0;1,0000000000000000;1,000000000000000;1,000000000000000;1,000000000000000;1,0000000000000000;1,0000000000000000;1,0000000000000000;1,0000000000000000;1,0000000000000000;1,0000000000000000;1,0000000000000000
2021-06-19;alle;2;2,0;2;2;2;2;2;2;2;2;2,0;2,0;14;14,0;14;14;14;14;14;14;14;14;14,0;14,0;NA;NA;NA;NA;NA;NA;NA;NA;NA;NA;NA
2021-06-18;0-60;2;2,0;2;2;2;2;2;2;2;2;2,0;2,0;11;11,0;11;11;11;11;11;11;11;11;11,0;11,0;1,0000000000000000;1,000000000000000;1,000000000000000;1,000000000000000;1,0000000000000000;1,0000000000000000;1,0000000000000000;1,0000000000000000;1,0000000000000000;1,0000000000000000;1,0000000000000000
2021-06-18;60+;0;0,0;0;0;0;0;0;0;0;0;0,0;0,0;5;5,0;5;5;5;5;5;5;5;5;5,0;5,0;1,0000000000000000;1,000000000000000;1,000000000000000;1,000000000000000;1,0000000000000000;1,0000000000000000;1,0000000000000000;1,0000000000000000;1,0000000000000000;1,0000000000000000;1,0000000000000000
2021-06-18;alle;2;2,0;2;2;2;2;2;2;2;2;2,0;2,0;16;16,0;16;16;16;16;16;16;16;16;16,0;16,0;NA;NA;NA;NA;NA;NA;NA;NA;NA;NA;NA
2021-06-17;0-60;1;1,0;1;1;1;1;1;1;1;1;1,0;1,0;13;13,0;13;13;13;13;13;13;13;13;13,0;13,0;1,0000000000000000;1,000000000000000;1,000000000000000;1,000000000000000;1,0000000000000000;1,0000000000000000;1,0000000000000000;1,0000000000000000;1,0000000000000000;1,0000000000000000;1,0000000000000000
2021-06-17;60+;2;2,0;2;2;2;2;2;2;2;2;2,0;2,0;6;6,0;6;6;6;6;6;6;6;6;6,0;6,0;1,0000000000000000;1,000000000000000;1,000000000000000;1,000000000000000;1,0000000000000000;1,0000000000000000;1,0000000000000000;1,0000000000000000;1,0000000000000000;1,0000000000000000;1,0000000000000000
2021-06-17;alle;3;3,0;3;3;3;3;3;3;3;3;3,0;3,0;19;19,0;19;19;19;19;19;19;19;19;19,0;19,0;NA;NA;NA;NA;NA;NA;NA;NA;NA;NA;NA
2021-06-16;0-60;2;2,0;2;2;2;2;2;2;2;2;2,0;2,0;15;15,0;15;15;15;15;15;15;15;15;15,0;15,0;1,0000000000000000;1,000000000000000;1,000000000000000;1,000000000000000;1,0000000000000000;1,0000000000000000;1,0000000000000000;1,0000000000000000;1,0000000000000000;1,0000000000000000;1,0000000000000000
2021-06-16;60+;0;0,0;0;0;0;0;0;0;0;0;0,0;0,0;5;5,0;5;5;5;5;5;5;5;5;5,0;5,0;1,0000000000000000;1,000000000000000;1,000000000000000;1,000000000000000;1,0000000000000000;1,0000000000000000;1,0000000000000000;1,0000000000000000;1,0000000000000000;1,0000000000000000;1,0000000000000000
2021-06-16;alle;2;2,0;2;2;2;2;2;2;2;2;2,0;2,0;20;20,0;20;20;20;20;20;20;20;20;20,0;20,0;NA;NA;NA;NA;NA;NA;NA;NA;NA;NA;NA
2021-06-15;0-60;1;1,0;1;1;1;1;1;1;1;1;1,0;1,0;20;20,0;20;20;20;20;20;20;20;20;20,0;20,0;1,0000000000000000;1,000000000000000;1,000000000000000;1,000000000000000;1,0000000000000000;1,0000000000000000;1,0000000000000000;1,0000000000000000;1,0000000000000000;1,0000000000000000;1,0000000000000000
2021-06-15;60+;1;1,0;1;1;1;1;1;1;1;1;1,0;1,0;5;5,0;5;5;5;5;5;5;5;5;5,0;5,0;1,0000000000000000;1,000000000000000;1,000000000000000;1,000000000000000;1,0000000000000000;1,0000000000000000;1,0000000000000000;1,0000000000000000;1,0000000000000000;1,0000000000000000;1,0000000000000000
2021-06-15;alle;2;2,0;2;2;2;2;2;2;2;2;2,0;2,0;25;25,0;25;25;25;25;25;25;25;25;25,0;25,0;NA;NA;NA;NA;NA;NA;NA;NA;NA;NA;NA
2021-06-14;0-60;0;0,0;0;0;0;0;0;0;0;0;0,0;0,0;20;20,0;20;20;20;20;20;20;20;20;20,0;20,0;1,0000000000000000;1,000000000000000;1,000000000000000;1,000000000000000;1,0000000000000000;1,0000000000000000;1,0000000000000000;1,0000000000000000;1,0000000000000000;1,0000000000000000;1,0000000000000000
2021-06-14;60+;0;0,0;0;0;0;0;0;0;0;0;0,0;0,0;5;5,0;5;5;5;5;5;5;5;5;5,0;5,0;1,0000000000000000;1,000000000000000;1,000000000000000;1,000000000000000;1,0000000000000000;1,0000000000000000;1,0000000000000000;1,0000000000000000;1,0000000000000000;1,0000000000000000;1,0000000000000000
2021-06-14;alle;0;0,0;0;0;0;0;0;0;0;0;0,0;0,0;25;25,0;25;25;25;25;25;25;25;25;25,0;25,0;NA;NA;NA;NA;NA;NA;NA;NA;NA;NA;NA
2021-06-13;0-60;2;2,0;2;2;2;2;2;2;2;2;2,0;2,0;20;20,0;20;20;20;20;20;20;20;20;20,0;20,0;1,0000000000000000;1,000000000000000;1,000000000000000;1,000000000000000;1,0000000000000000;1,0000000000000000;1,0000000000000000;1,0000000000000000;1,0000000000000000;1,0000000000000000;1,0000000000000000
2021-06-13;60+;1;1,0;1;1;1;1;1;1;1;1;1,0;1,0;5;5,0;5;5;5;5;5;5;5;5;5,0;5,0;1,0000000000000000;1,000000000000000;1,000000000000000;1,000000000000000;1,0000000000000000;1,0000000000000000;1,0000000000000000;1,0000000000000000;1,0000000000000000;1,0000000000000000;1,0000000000000000
2021-06-13;alle;3;3,0;3;3;3;3;3;3;3;3;3,0;3,0;25;25,0;25;25;25;25;25;25;25;25;25,0;25,0;NA;NA;NA;NA;NA;NA;NA;NA;NA;NA;NA
2021-06-12;0-60;3;3,0;3;3;3;3;3;3;3;3;3,0;3,0;20;20,0;20;20;20;20;20;20;20;20;20,0;20,0;1,0000000000000000;1,000000000000000;1,000000000000000;1,000000000000000;1,0000000000000000;1,0000000000000000;1,0000000000000000;1,0000000000000000;1,0000000000000000;1,0000000000000000;1,0000000000000000
2021-06-12;60+;1;1,0;1;1;1;1;1;1;1;1;1,0;1,0;4;4,0;4;4;4;4;4;4;4;4;4,0;4,0;1,0000000000000000;1,000000000000000;1,000000000000000;1,000000000000000;1,0000000000000000;1,0000000000000000;1,0000000000000000;1,0000000000000000;1,0000000000000000;1,0000000000000000;1,0000000000000000
2021-06-12;alle;4;4,0;4;4;4;4;4;4;4;4;4,0;4,0;24;24,0;24;24;24;24;24;24;24;24;24,0;24,0;NA;NA;NA;NA;NA;NA;NA;NA;NA;NA;NA
2021-06-11;0-60;4;4,0;4;4;4;4;4;4;4;4;4,0;4,0;18;18,0;18;18;18;18;18;18;18;18;18,0;18,0;1,0000000000000000;1,000000000000000;1,000000000000000;1,000000000000000;1,0000000000000000;1,0000000000000000;1,0000000000000000;1,0000000000000000;1,0000000000000000;1,0000000000000000;1,0000000000000000
2021-06-11;60+;1;1,0;1;1;1;1;1;1;1;1;1,0;1,0;3;3,0;3;3;3;3;3;3;3;3;3,0;3,0;1,0000000000000000;1,000000000000000;1,000000000000000;1,000000000000000;1,0000000000000000;1,0000000000000000;1,0000000000000000;1,0000000000000000;1,0000000000000000;1,0000000000000000;1,0000000000000000
2021-06-11;alle;5;5,0;5;5;5;5;5;5;5;5;5,0;5,0;21;21,0;21;21;21;21;21;21;21;21;21,0;21,0;NA;NA;NA;NA;NA;NA;NA;NA;NA;NA;NA
2021-06-10;0-60;3;3,0;3;3;3;3;3;3;3;3;3,0;3,0;16;16,0;16;16;16;16;16;16;16;16;16,0;16,0;1,0000000000000000;1,000000000000000;1,000000000000000;1,000000000000000;1,0000000000000000;1,0000000000000000;1,0000000000000000;1,0000000000000000;1,0000000000000000;1,0000000000000000;1,0000000000000000
2021-06-10;60+;1;1,0;1;1;1;1;1;1;1;1;1,0;1,0;4;4,0;4;4;4;4;4;4;4;4;4,0;4,0;1,0000000000000000;1,000000000000000;1,000000000000000;1,000000000000000;1,0000000000000000;1,0000000000000000;1,0000000000000000;1,0000000000000000;1,0000000000000000;1,0000000000000000;1,0000000000000000
2021-06-10;alle;4;4,0;4;4;4;4;4;4;4;4;4,0;4,0;20;20,0;20;20;20;20;20;20;20;20;20,0;20,0;NA;NA;NA;NA;NA;NA;NA;NA;NA;NA;NA
2021-06-09;0-60;7;7,0;7;7;7;7;7;7;7;7;7,0;7,0;14;14,0;14;14;14;14;14;14;14;14;14,0;14,0;1,0000000000000000;1,000000000000000;1,000000000000000;1,000000000000000;1,0000000000000000;1,0000000000000000;1,0000000000000000;1,0000000000000000;1,0000000000000000;1,0000000000000000;1,0000000000000000
2021-06-09;60+;0;0,0;0;0;0;0;0;0;0;0;0,0;0,0;7;7,0;7;7;7;7;7;7;7;7;7,0;7,0;1,0000000000000000;1,000000000000000;1,000000000000000;1,000000000000000;1,0000000000000000;1,0000000000000000;1,0000000000000000;1,0000000000000000;1,0000000000000000;1,0000000000000000;1,0000000000000000
2021-06-09;alle;7;7,0;7;7;7;7;7;7;7;7;7,0;7,0;21;21,0;21;21;21;21;21;21;21;21;21,0;21,0;NA;NA;NA;NA;NA;NA;NA;NA;NA;NA;NA
2021-06-08;0-60;1;1,0;1;1;1;1;1;1;1;1;1,0;1,0;8;8,0;8;8;8;8;8;8;8;8;8,0;8,0;1,0000000000000000;1,000000000000000;1,000000000000000;1,000000000000000;1,0000000000000000;1,0000000000000000;1,0000000000000000;1,0000000000000000;1,0000000000000000;1,0000000000000000;1,0000000000000000
2021-06-08;60+;1;1,0;1;1;1;1;1;1;1;1;1,0;1,0;8;8,0;8;8;8;8;8;8;8;8;8,0;8,0;1,0000000000000000;1,000000000000000;1,000000000000000;1,000000000000000;1,0000000000000000;1,0000000000000000;1,0000000000000000;1,0000000000000000;1,0000000000000000;1,0000000000000000;1,0000000000000000
2021-06-08;alle;2;2,0;2;2;2;2;2;2;2;2;2,0;2,0;16;16,0;16;16;16;16;16;16;16;16;16,0;16,0;NA;NA;NA;NA;NA;NA;NA;NA;NA;NA;NA
2021-06-07;0-60;0;0,0;0;0;0;0;0;0;0;0;0,0;0,0;8;8,0;8;8;8;8;8;8;8;8;8,0;8,0;1,0000000000000000;1,000000000000000;1,000000000000000;1,000000000000000;1,0000000000000000;1,0000000000000000;1,0000000000000000;1,0000000000000000;1,0000000000000000;1,0000000000000000;1,0000000000000000
2021-06-07;60+;0;0,0;0;0;0;0;0;0;0;0;0,0;0,0;7;7,0;7;7;7;7;7;7;7;7;7,0;7,0;1,0000000000000000;1,000000000000000;1,000000000000000;1,000000000000000;1,0000000000000000;1,0000000000000000;1,0000000000000000;1,0000000000000000;1,0000000000000000;1,0000000000000000;1,0000000000000000
2021-06-07;alle;0;0,0;0;0;0;0;0;0;0;0;0,0;0,0;15;15,0;15;15;15;15;15;15;15;15;15,0;15,0;NA;NA;NA;NA;NA;NA;NA;NA;NA;NA;NA
2021-06-06;0-60;2;2,0;2;2;2;2;2;2;2;2;2,0;2,0;13;13,0;13;13;13;13;13;13;13;13;13,0;13,0;1,0000000000000000;1,000000000000000;1,000000000000000;1,000000000000000;1,0000000000000000;1,0000000000000000;1,0000000000000000;1,0000000000000000;1,0000000000000000;1,0000000000000000;1,0000000000000000
2021-06-06;60+;0;0,0;0;0;0;0;0;0;0;0;0,0;0,0;8;8,0;8;8;8;8;8;8;8;8;8,0;8,0;1,0000000000000000;1,000000000000000;1,000000000000000;1,000000000000000;1,0000000000000000;1,0000000000000000;1,0000000000000000;1,0000000000000000;1,0000000000000000;1,0000000000000000;1,0000000000000000
2021-06-06;alle;2;2,0;2;2;2;2;2;2;2;2;2,0;2,0;21;21,0;21;21;21;21;21;21;21;21;21,0;21,0;NA;NA;NA;NA;NA;NA;NA;NA;NA;NA;NA
2021-06-05;0-60;1;1,0;1;1;1;1;1;1;1;1;1,0;1,0;13;13,0;13;13;13;13;13;13;13;13;13,0;13,0;1,0000000000000000;1,000000000000000;1,000000000000000;1,000000000000000;1,0000000000000000;1,0000000000000000;1,0000000000000000;1,0000000000000000;1,0000000000000000;1,0000000000000000;1,0000000000000000
2021-06-05;60+;0;0,0;0;0;0;0;0;0;0;0;0,0;0,0;8;8,0;8;8;8;8;8;8;8;8;8,0;8,0;1,0000000000000000;1,000000000000000;1,000000000000000;1,000000000000000;1,0000000000000000;1,0000000000000000;1,0000000000000000;1,0000000000000000;1,0000000000000000;1,0000000000000000;1,0000000000000000
2021-06-05;alle;1;1,0;1;1;1;1;1;1;1;1;1,0;1,0;21;21,0;21;21;21;21;21;21;21;21;21,0;21,0;NA;NA;NA;NA;NA;NA;NA;NA;NA;NA;NA
2021-06-04;0-60;2;2,0;2;2;2;2;2;2;2;2;2,0;2,0;16;16,0;16;16;16;16;16;16;16;16;16,0;16,0;1,0000000000000000;1,000000000000000;1,000000000000000;1,000000000000000;1,0000000000000000;1,0000000000000000;1,0000000000000000;1,0000000000000000;1,0000000000000000;1,0000000000000000;1,0000000000000000
2021-06-04;60+;2;2,0;2;2;2;2;2;2;2;2;2,0;2,0;10;10,0;10;10;10;10;10;10;10;10;10,0;10,0;1,0000000000000000;1,000000000000000;1,000000000000000;1,000000000000000;1,0000000000000000;1,0000000000000000;1,0000000000000000;1,0000000000000000;1,0000000000000000;1,0000000000000000;1,0000000000000000
2021-06-04;alle;4;4,0;4;4;4;4;4;4;4;4;4,0;4,0;26;26,0;26;26;26;26;26;26;26;26;26,0;26,0;NA;NA;NA;NA;NA;NA;NA;NA;NA;NA;NA
2021-06-03;0-60;1;1,0;1;1;1;1;1;1;1;1;1,0;1,0;18;18,0;18;18;18;18;18;18;18;18;18,0;18,0;1,0000000000000000;1,000000000000000;1,000000000000000;1,000000000000000;1,0000000000000000;1,0000000000000000;1,0000000000000000;1,0000000000000000;1,0000000000000000;1,0000000000000000;1,0000000000000000
2021-06-03;60+;4;4,0;4;4;4;4;4;4;4;4;4,0;4,0;10;10,0;10;10;10;10;10;10;10;10;10,0;10,0;1,0000000000000000;1,000000000000000;1,000000000000000;1,000000000000000;1,0000000000000000;1,0000000000000000;1,0000000000000000;1,0000000000000000;1,0000000000000000;1,0000000000000000;1,0000000000000000
2021-06-03;alle;5;5,0;5;5;5;5;5;5;5;5;5,0;5,0;28;28,0;28;28;28;28;28;28;28;28;28,0;28,0;NA;NA;NA;NA;NA;NA;NA;NA;NA;NA;NA
2021-06-02;0-60;1;1,0;1;1;1;1;1;1;1;1;1,0;1,0;19;19,0;19;19;19;19;19;19;19;19;19,0;19,0;1,0000000000000000;1,000000000000000;1,000000000000000;1,000000000000000;1,0000000000000000;1,0000000000000000;1,0000000000000000;1,0000000000000000;1,0000000000000000;1,0000000000000000;1,0000000000000000
2021-06-02;60+;1;1,0;1;1;1;1;1;1;1;1;1,0;1,0;6;6,0;6;6;6;6;6;6;6;6;6,0;6,0;1,0000000000000000;1,000000000000000;1,000000000000000;1,000000000000000;1,0000000000000000;1,0000000000000000;1,0000000000000000;1,0000000000000000;1,0000000000000000;1,0000000000000000;1,0000000000000000
2021-06-02;alle;2;2,0;2;2;2;2;2;2;2;2;2,0;2,0;25;25,0;25;25;25;25;25;25;25;25;25,0;25,0;NA;NA;NA;NA;NA;NA;NA;NA;NA;NA;NA
2021-06-01;0-60;1;1,0;1;1;1;1;1;1;1;1;1,0;1,0;22;22,0;22;22;22;22;22;22;22;22;22,0;22,0;1,0000000000000000;1,000000000000000;1,000000000000000;1,000000000000000;1,0000000000000000;1,0000000000000000;1,0000000000000000;1,0000000000000000;1,0000000000000000;1,0000000000000000;1,0000000000000000
2021-06-01;60+;0;0,0;0;0;0;0;0;0;0;0;0,0;0,0;6;6,0;6;6;6;6;6;6;6;6;6,0;6,0;1,0000000000000000;1,000000000000000;1,000000000000000;1,000000000000000;1,0000000000000000;1,0000000000000000;1,0000000000000000;1,0000000000000000;1,0000000000000000;1,0000000000000000;1,0000000000000000
2021-06-01;alle;1;1,0;1;1;1;1;1;1;1;1;1,0;1,0;28;28,0;28;28;28;28;28;28;28;28;28,0;28,0;NA;NA;NA;NA;NA;NA;NA;NA;NA;NA;NA
2021-05-31;0-60;5;5,0;5;5;5;5;5;5;5;5;5,0;5,0;22;22,0;22;22;22;22;22;22;22;22;22,0;22,0;1,0000000000000000;1,000000000000000;1,000000000000000;1,000000000000000;1,0000000000000000;1,0000000000000000;1,0000000000000000;1,0000000000000000;1,0000000000000000;1,0000000000000000;1,0000000000000000
2021-05-31;60+;1;1,0;1;1;1;1;1;1;1;1;1,0;1,0;7;7,0;7;7;7;7;7;7;7;7;7,0;7,0;1,0000000000000000;1,000000000000000;1,000000000000000;1,000000000000000;1,0000000000000000;1,0000000000000000;1,0000000000000000;1,0000000000000000;1,0000000000000000;1,0000000000000000;1,0000000000000000
2021-05-31;alle;6;6,0;6;6;6;6;6;6;6;6;6,0;6,0;29;29,0;29;29;29;29;29;29;29;29;29,0;29,0;NA;NA;NA;NA;NA;NA;NA;NA;NA;NA;NA
2021-05-30;0-60;2;2,0;2;2;2;2;2;2;2;2;2,0;2,0;19;19,0;19;19;19;19;19;19;19;19;19,0;19,0;1,0000000000000000;1,000000000000000;1,000000000000000;1,000000000000000;1,0000000000000000;1,0000000000000000;1,0000000000000000;1,0000000000000000;1,0000000000000000;1,0000000000000000;1,0000000000000000
2021-05-30;60+;0;0,0;0;0;0;0;0;0;0;0;0,0;0,0;8;8,0;8;8;8;8;8;8;8;8;8,0;8,0;1,0000000000000000;1,000000000000000;1,000000000000000;1,000000000000000;1,0000000000000000;1,0000000000000000;1,0000000000000000;1,0000000000000000;1,0000000000000000;1,0000000000000000;1,0000000000000000
2021-05-30;alle;2;2,0;2;2;2;2;2;2;2;2;2,0;2,0;27;27,0;27;27;27;27;27;27;27;27;27,0;27,0;NA;NA;NA;NA;NA;NA;NA;NA;NA;NA;NA
2021-05-29;0-60;4;4,0;4;4;4;4;4;4;4;4;4,0;4,0;25;25,0;25;25;25;25;25;25;25;25;25,0;25,0;1,0000000000000000;1,000000000000000;1,000000000000000;1,000000000000000;1,0000000000000000;1,0000000000000000;1,0000000000000000;1,0000000000000000;1,0000000000000000;1,0000000000000000;1,0000000000000000
2021-05-29;60+;2;2,0;2;2;2;2;2;2;2;2;2,0;2,0;10;10,0;10;10;10;10;10;10;10;10;10,0;10,0;1,0000000000000000;1,000000000000000;1,000000000000000;1,000000000000000;1,0000000000000000;1,0000000000000000;1,0000000000000000;1,0000000000000000;1,0000000000000000;1,0000000000000000;1,0000000000000000
2021-05-29;alle;6;6,0;6;6;6;6;6;6;6;6;6,0;6,0;35;35,0;35;35;35;35;35;35;35;35;35,0;35,0;NA;NA;NA;NA;NA;NA;NA;NA;NA;NA;NA
2021-05-28;0-60;4;4,0;4;4;4;4;4;4;4;4;4,0;4,0;27;27,0;27;27;27;27;27;27;27;27;27,0;27,0;1,0000000000000000;1,000000000000000;1,000000000000000;1,000000000000000;1,0000000000000000;1,0000000000000000;1,0000000000000000;1,0000000000000000;1,0000000000000000;1,0000000000000000;1,0000000000000000
2021-05-28;60+;2;2,0;2;2;2;2;2;2;2;2;2,0;2,0;11;11,0;11;11;11;11;11;11;11;11;11,0;11,0;1,0000000000000000;1,000000000000000;1,000000000000000;1,000000000000000;1,0000000000000000;1,0000000000000000;1,0000000000000000;1,0000000000000000;1,0000000000000000;1,0000000000000000;1,0000000000000000
2021-05-28;alle;6;6,0;6;6;6;6;6;6;6;6;6,0;6,0;38;38,0;38;38;38;38;38;38;38;38;38,0;38,0;NA;NA;NA;NA;NA;NA;NA;NA;NA;NA;NA
2021-05-27;0-60;2;2,0;2;2;2;2;2;2;2;2;2,0;2,0;25;25,0;25;25;25;25;25;25;25;25;25,0;25,0;1,0000000000000000;1,000000000000000;1,000000000000000;1,000000000000000;1,0000000000000000;1,0000000000000000;1,0000000000000000;1,0000000000000000;1,0000000000000000;1,0000000000000000;1,0000000000000000
2021-05-27;60+;0;0,0;0;0;0;0;0;0;0;0;0,0;0,0;10;10,0;10;10;10;10;10;10;10;10;10,0;10,0;1,0000000000000000;1,000000000000000;1,000000000000000;1,000000000000000;1,0000000000000000;1,0000000000000000;1,0000000000000000;1,0000000000000000;1,0000000000000000;1,0000000000000000;1,0000000000000000
2021-05-27;alle;2;2,0;2;2;2;2;2;2;2;2;2,0;2,0;35;35,0;35;35;35;35;35;35;35;35;35,0;35,0;NA;NA;NA;NA;NA;NA;NA;NA;NA;NA;NA
2021-05-26;0-60;4;4,0;4;4;4;4;4;4;4;4;4,0;4,0;30;30,0;30;30;30;30;30;30;30;30;30,0;30,0;1,0000000000000000;1,000000000000000;1,000000000000000;1,000000000000000;1,0000000000000000;1,0000000000000000;1,0000000000000000;1,0000000000000000;1,0000000000000000;1,0000000000000000;1,0000000000000000
2021-05-26;60+;1;1,0;1;1;1;1;1;1;1;1;1,0;1,0;16;16,0;16;16;16;16;16;16;16;16;16,0;16,0;1,0000000000000000;1,000000000000000;1,000000000000000;1,000000000000000;1,0000000000000000;1,0000000000000000;1,0000000000000000;1,0000000000000000;1,0000000000000000;1,0000000000000000;1,0000000000000000
2021-05-26;alle;5;5,0;5;5;5;5;5;5;5;5;5,0;5,0;46;46,0;46;46;46;46;46;46;46;46;46,0;46,0;NA;NA;NA;NA;NA;NA;NA;NA;NA;NA;NA
2021-05-25;0-60;1;1,0;1;1;1;1;1;1;1;1;1,0;1,0;31;31,0;31;31;31;31;31;31;31;31;31,0;31,0;1,0000000000000000;1,000000000000000;1,000000000000000;1,000000000000000;1,0000000000000000;1,0000000000000000;1,0000000000000000;1,0000000000000000;1,0000000000000000;1,0000000000000000;1,0000000000000000
2021-05-25;60+;1;1,0;1;1;1;1;1;1;1;1;1,0;1,0;18;18,0;18;18;18;18;18;18;18;18;18,0;18,0;1,0000000000000000;1,000000000000000;1,000000000000000;1,000000000000000;1,0000000000000000;1,0000000000000000;1,0000000000000000;1,0000000000000000;1,0000000000000000;1,0000000000000000;1,0000000000000000
2021-05-25;alle;2;2,0;2;2;2;2;2;2;2;2;2,0;2,0;49;49,0;49;49;49;49;49;49;49;49;49,0;49,0;NA;NA;NA;NA;NA;NA;NA;NA;NA;NA;NA
2021-05-24;0-60;2;2,0;2;2;2;2;2;2;2;2;2,0;2,0;35;35,0;35;35;35;35;35;35;35;35;35,0;35,0;1,0000000000000000;1,000000000000000;1,000000000000000;1,000000000000000;1,0000000000000000;1,0000000000000000;1,0000000000000000;1,0000000000000000;1,0000000000000000;1,0000000000000000;1,0000000000000000
2021-05-24;60+;2;2,0;2;2;2;2;2;2;2;2;2,0;2,0;19;19,0;19;19;19;19;19;19;19;19;19,0;19,0;1,0000000000000000;1,000000000000000;1,000000000000000;1,000000000000000;1,0000000000000000;1,0000000000000000;1,0000000000000000;1,0000000000000000;1,0000000000000000;1,0000000000000000;1,0000000000000000
2021-05-24;alle;4;4,0;4;4;4;4;4;4;4;4;4,0;4,0;54;54,0;54;54;54;54;54;54;54;54;54,0;54,0;NA;NA;NA;NA;NA;NA;NA;NA;NA;NA;NA
2021-05-23;0-60;8;8,0;8;8;8;8;8;8;8;8;8,0;8,0;36;36,0;36;36;36;36;36;36;36;36;36,0;36,0;1,0000000000000000;1,000000000000000;1,000000000000000;1,000000000000000;1,0000000000000000;1,0000000000000000;1,0000000000000000;1,0000000000000000;1,0000000000000000;1,0000000000000000;1,0000000000000000
2021-05-23;60+;2;2,0;2;2;2;2;2;2;2;2;2,0;2,0;19;19,0;19;19;19;19;19;19;19;19;19,0;19,0;1,0000000000000000;1,000000000000000;1,000000000000000;1,000000000000000;1,0000000000000000;1,0000000000000000;1,0000000000000000;1,0000000000000000;1,0000000000000000;1,0000000000000000;1,0000000000000000
2021-05-23;alle;10;10,0;10;10;10;10;10;10;10;10;10,0;10,0;55;55,0;55;55;55;55;55;55;55;55;55,0;55,0;NA;NA;NA;NA;NA;NA;NA;NA;NA;NA;NA
2021-05-22;0-60;6;6,0;6;6;6;6;6;6;6;6;6,0;6,0;34;34,0;34;34;34;34;34;34;34;34;34,0;34,0;1,0000000000000000;1,000000000000000;1,000000000000000;1,000000000000000;1,0000000000000000;1,0000000000000000;1,0000000000000000;1,0000000000000000;1,0000000000000000;1,0000000000000000;1,0000000000000000
2021-05-22;60+;3;3,0;3;3;3;3;3;3;3;3;3,0;3,0;21;21,0;21;21;21;21;21;21;21;21;21,0;21,0;1,0000000000000000;1,000000000000000;1,000000000000000;1,000000000000000;1,0000000000000000;1,0000000000000000;1,0000000000000000;1,0000000000000000;1,0000000000000000;1,0000000000000000;1,0000000000000000
2021-05-22;alle;9;9,0;9;9;9;9;9;9;9;9;9,0;9,0;55;55,0;55;55;55;55;55;55;55;55;55,0;55,0;NA;NA;NA;NA;NA;NA;NA;NA;NA;NA;NA
2021-05-21;0-60;2;2,0;2;2;2;2;2;2;2;2;2,0;2,0;33;33,0;33;33;33;33;33;33;33;33;33,0;33,0;1,0000000000000000;1,000000000000000;1,000000000000000;1,000000000000000;1,0000000000000000;1,0000000000000000;1,0000000000000000;1,0000000000000000;1,0000000000000000;1,0000000000000000;1,0000000000000000
2021-05-21;60+;1;1,0;1;1;1;1;1;1;1;1;1,0;1,0;22;22,0;22;22;22;22;22;22;22;22;22,0;22,0;1,0000000000000000;1,000000000000000;1,000000000000000;1,000000000000000;1,0000000000000000;1,0000000000000000;1,0000000000000000;1,0000000000000000;1,0000000000000000;1,0000000000000000;1,0000000000000000
2021-05-21;alle;3;3,0;3;3;3;3;3;3;3;3;3,0;3,0;55;55,0;55;55;55;55;55;55;55;55;55,0;55,0;NA;NA;NA;NA;NA;NA;NA;NA;NA;NA;NA
2021-05-20;0-60;7;7,0;7;7;7;7;7;7;7;7;7,0;7,0;39;39,0;39;39;39;39;39;39;39;39;39,0;39,0;1,0000000000000000;1,000000000000000;1,000000000000000;1,000000000000000;1,0000000000000000;1,0000000000000000;1,0000000000000000;1,0000000000000000;1,0000000000000000;1,0000000000000000;1,0000000000000000
2021-05-20;60+;6;6,0;6;6;6;6;6;6;6;6;6,0;6,0;28;28,0;28;28;28;28;28;28;28;28;28,0;28,0;1,0000000000000000;1,000000000000000;1,000000000000000;1,000000000000000;1,0000000000000000;1,0000000000000000;1,0000000000000000;1,0000000000000000;1,0000000000000000;1,0000000000000000;1,0000000000000000
2021-05-20;alle;13;13,0;13;13;13;13;13;13;13;13;13,0;13,0;67;67,0;67;67;67;67;67;67;67;67;67,0;67,0;NA;NA;NA;NA;NA;NA;NA;NA;NA;NA;NA
2021-05-19;0-60;5;5,0;5;5;5;5;5;5;5;5;5,0;5,0;39;39,0;39;39;39;39;39;39;39;39;39,0;39,0;1,0000000000000000;1,000000000000000;1,000000000000000;1,000000000000000;1,0000000000000000;1,0000000000000000;1,0000000000000000;1,0000000000000000;1,0000000000000000;1,0000000000000000;1,0000000000000000
2021-05-19;60+;3;3,0;3;3;3;3;3;3;3;3;3,0;3,0;31;31,0;31;31;31;31;31;31;31;31;31,0;31,0;1,0000000000000000;1,000000000000000;1,000000000000000;1,000000000000000;1,0000000000000000;1,0000000000000000;1,0000000000000000;1,0000000000000000;1,0000000000000000;1,0000000000000000;1,0000000000000000
2021-05-19;alle;8;8,0;8;8;8;8;8;8;8;8;8,0;8,0;70;70,0;70;70;70;70;70;70;70;70;70,0;70,0;NA;NA;NA;NA;NA;NA;NA;NA;NA;NA;NA
2021-05-18;0-60;5;5,0;5;5;5;5;5;5;5;5;5,0;5,0;40;40,0;40;40;40;40;40;40;40;40;40,0;40,0;1,0000000000000000;1,000000000000000;1,000000000000000;1,000000000000000;1,0000000000000000;1,0000000000000000;1,0000000000000000;1,0000000000000000;1,0000000000000000;1,0000000000000000;1,0000000000000000
2021-05-18;60+;2;2,0;2;2;2;2;2;2;2;2;2,0;2,0;33;33,0;33;33;33;33;33;33;33;33;33,0;33,0;1,0000000000000000;1,000000000000000;1,000000000000000;1,000000000000000;1,0000000000000000;1,0000000000000000;1,0000000000000000;1,0000000000000000;1,0000000000000000;1,0000000000000000;1,0000000000000000
2021-05-18;alle;7;7,0;7;7;7;7;7;7;7;7;7,0;7,0;73;73,0;73;73;73;73;73;73;73;73;73,0;73,0;NA;NA;NA;NA;NA;NA;NA;NA;NA;NA;NA
2021-05-17;0-60;3;3,0;3;3;3;3;3;3;3;3;3,0;3,0;38;38,0;38;38;38;38;38;38;38;38;38,0;38,0;1,0000000000000000;1,000000000000000;1,000000000000000;1,000000000000000;1,0000000000000000;1,0000000000000000;1,0000000000000000;1,0000000000000000;1,0000000000000000;1,0000000000000000;1,0000000000000000
2021-05-17;60+;2;2,0;2;2;2;2;2;2;2;2;2,0;2,0;39;39,0;39;39;39;39;39;39;39;39;39,0;39,0;1,0000000000000000;1,000000000000000;1,000000000000000;1,000000000000000;1,0000000000000000;1,0000000000000000;1,0000000000000000;1,0000000000000000;1,0000000000000000;1,0000000000000000;1,0000000000000000
2021-05-17;alle;5;5,0;5;5;5;5;5;5;5;5;5,0;5,0;77;77,0;77;77;77;77;77;77;77;77;77,0;77,0;NA;NA;NA;NA;NA;NA;NA;NA;NA;NA;NA
2021-05-16;0-60;6;6,0;6;6;6;6;6;6;6;6;6,0;6,0;40;40,0;40;40;40;40;40;40;40;40;40,0;40,0;1,0000000000000000;1,000000000000000;1,000000000000000;1,000000000000000;1,0000000000000000;1,0000000000000000;1,0000000000000000;1,0000000000000000;1,0000000000000000;1,0000000000000000;1,0000000000000000
2021-05-16;60+;4;4,0;4;4;4;4;4;4;4;4;4,0;4,0;39;39,0;39;39;39;39;39;39;39;39;39,0;39,0;1,0000000000000000;1,000000000000000;1,000000000000000;1,000000000000000;1,0000000000000000;1,0000000000000000;1,0000000000000000;1,0000000000000000;1,0000000000000000;1,0000000000000000;1,0000000000000000
2021-05-16;alle;10;10,0;10;10;10;10;10;10;10;10;10,0;10,0;79;79,0;79;79;79;79;79;79;79;79;79,0;79,0;NA;NA;NA;NA;NA;NA;NA;NA;NA;NA;NA
2021-05-15;0-60;5;5,0;5;5;5;5;5;5;5;5;5,0;5,0;41;41,0;41;41;41;41;41;41;41;41;41,0;41,0;1,0000000000000000;1,000000000000000;1,000000000000000;1,000000000000000;1,0000000000000000;1,0000000000000000;1,0000000000000000;1,0000000000000000;1,0000000000000000;1,0000000000000000;1,0000000000000000
2021-05-15;60+;4;4,0;4;4;4;4;4;4;4;4;4,0;4,0;44;44,0;44;44;44;44;44;44;44;44;44,0;44,0;1,0000000000000000;1,000000000000000;1,000000000000000;1,000000000000000;1,0000000000000000;1,0000000000000000;1,0000000000000000;1,0000000000000000;1,0000000000000000;1,0000000000000000;1,0000000000000000
2021-05-15;alle;9;9,0;9;9;9;9;9;9;9;9;9,0;9,0;85;85,0;85;85;85;85;85;85;85;85;85,0;85,0;NA;NA;NA;NA;NA;NA;NA;NA;NA;NA;NA
2021-05-14;0-60;8;8,0;8;8;8;8;8;8;8;8;8,0;8,0;40;40,0;40;40;40;40;40;40;40;40;40,0;40,0;1,0000000000000000;1,000000000000000;1,000000000000000;1,000000000000000;1,0000000000000000;1,0000000000000000;1,0000000000000000;1,0000000000000000;1,0000000000000000;1,0000000000000000;1,0000000000000000
2021-05-14;60+;7;7,0;7;7;7;7;7;7;7;7;7,0;7,0;48;48,0;48;48;48;48;48;48;48;48;48,0;48,0;1,0000000000000000;1,000000000000000;1,000000000000000;1,000000000000000;1,0000000000000000;1,0000000000000000;1,0000000000000000;1,0000000000000000;1,0000000000000000;1,0000000000000000;1,0000000000000000
2021-05-14;alle;15;15,0;15;15;15;15;15;15;15;15;15,0;15,0;88;88,0;88;88;88;88;88;88;88;88;88,0;88,0;NA;NA;NA;NA;NA;NA;NA;NA;NA;NA;NA
2021-05-13;0-60;7;7,0;7;7;7;7;7;7;7;7;7,0;7,0;45;45,0;45;45;45;45;45;45;45;45;45,0;45,0;1,0000000000000000;1,000000000000000;1,000000000000000;1,000000000000000;1,0000000000000000;1,0000000000000000;1,0000000000000000;1,0000000000000000;1,0000000000000000;1,0000000000000000;1,0000000000000000
2021-05-13;60+;9;9,0;9;9;9;9;9;9;9;9;9,0;9,0;50;50,0;50;50;50;50;50;50;50;50;50,0;50,0;1,0000000000000000;1,000000000000000;1,000000000000000;1,000000000000000;1,0000000000000000;1,0000000000000000;1,0000000000000000;1,0000000000000000;1,0000000000000000;1,0000000000000000;1,0000000000000000
2021-05-13;alle;16;16,0;16;16;16;16;16;16;16;16;16,0;16,0;95;95,0;95;95;95;95;95;95;95;95;95,0;95,0;NA;NA;NA;NA;NA;NA;NA;NA;NA;NA;NA
2021-05-12;0-60;6;6,0;6;6;6;6;6;6;6;6;6,0;6,0;47;47,0;47;47;47;47;47;47;47;47;47,0;47,0;1,0000000000000000;1,000000000000000;1,000000000000000;1,000000000000000;1,0000000000000000;1,0000000000000000;1,0000000000000000;1,0000000000000000;1,0000000000000000;1,0000000000000000;1,0000000000000000
2021-05-12;60+;5;5,0;5;5;5;5;5;5;5;5;5,0;5,0;48;48,0;48;48;48;48;48;48;48;48;48,0;48,0;1,0000000000000000;1,000000000000000;1,000000000000000;1,000000000000000;1,0000000000000000;1,0000000000000000;1,0000000000000000;1,0000000000000000;1,0000000000000000;1,0000000000000000;1,0000000000000000
2021-05-12;alle;11;11,0;11;11;11;11;11;11;11;11;11,0;11,0;95;95,0;95;95;95;95;95;95;95;95;95,0;95,0;NA;NA;NA;NA;NA;NA;NA;NA;NA;NA;NA
2021-05-11;0-60;3;3,0;3;3;3;3;3;3;3;3;3,0;3,0;47;47,0;47;47;47;47;47;47;47;47;47,0;47,0;1,0000000000000000;1,000000000000000;1,000000000000000;1,000000000000000;1,0000000000000000;1,0000000000000000;1,0000000000000000;1,0000000000000000;1,0000000000000000;1,0000000000000000;1,0000000000000000
2021-05-11;60+;8;8,0;8;8;8;8;8;8;8;8;8,0;8,0;56;56,0;56;56;56;56;56;56;56;56;56,0;56,0;1,0000000000000000;1,000000000000000;1,000000000000000;1,000000000000000;1,0000000000000000;1,0000000000000000;1,0000000000000000;1,0000000000000000;1,0000000000000000;1,0000000000000000;1,0000000000000000
2021-05-11;alle;11;11,0;11;11;11;11;11;11;11;11;11,0;11,0;103;103,0;103;103;103;103;103;103;103;103;103,0;103,0;NA;NA;NA;NA;NA;NA;NA;NA;NA;NA;NA
2021-05-10;0-60;5;5,0;5;5;5;5;5;5;5;5;5,0;5,0;54;54,0;54;54;54;54;54;54;54;54;54,0;54,0;1,0000000000000000;1,000000000000000;1,000000000000000;1,000000000000000;1,0000000000000000;1,0000000000000000;1,0000000000000000;1,0000000000000000;1,0000000000000000;1,0000000000000000;1,0000000000000000
2021-05-10;60+;2;2,0;2;2;2;2;2;2;2;2;2,0;2,0;54;54,0;54;54;54;54;54;54;54;54;54,0;54,0;1,0000000000000000;1,000000000000000;1,000000000000000;1,000000000000000;1,0000000000000000;1,0000000000000000;1,0000000000000000;1,0000000000000000;1,0000000000000000;1,0000000000000000;1,0000000000000000
2021-05-10;alle;7;7,0;7;7;7;7;7;7;7;7;7,0;7,0;108;108,0;108;108;108;108;108;108;108;108;108,0;108,0;NA;NA;NA;NA;NA;NA;NA;NA;NA;NA;NA
2021-05-09;0-60;7;7,0;7;7;7;7;7;7;7;7;7,0;7,0;55;55,0;55;55;55;55;55;55;55;55;55,0;55,0;1,0000000000000000;1,000000000000000;1,000000000000000;1,000000000000000;1,0000000000000000;1,0000000000000000;1,0000000000000000;1,0000000000000000;1,0000000000000000;1,0000000000000000;1,0000000000000000
2021-05-09;60+;9;9,0;9;9;9;9;9;9;9;9;9,0;9,0;54;54,0;54;54;54;54;54;54;54;54;54,0;54,0;1,0000000000000000;1,000000000000000;1,000000000000000;1,000000000000000;1,0000000000000000;1,0000000000000000;1,0000000000000000;1,0000000000000000;1,0000000000000000;1,0000000000000000;1,0000000000000000
2021-05-09;alle;16;16,0;16;16;16;16;16;16;16;16;16,0;16,0;109;109,0;109;109;109;109;109;109;109;109;109,0;109,0;NA;NA;NA;NA;NA;NA;NA;NA;NA;NA;NA
2021-05-08;0-60;4;4,0;4;4;4;4;4;4;4;4;4,0;4,0;56;56,0;56;56;56;56;56;56;56;56;56,0;56,0;1,0000000000000000;1,000000000000000;1,000000000000000;1,000000000000000;1,0000000000000000;1,0000000000000000;1,0000000000000000;1,0000000000000000;1,0000000000000000;1,0000000000000000;1,0000000000000000
2021-05-08;60+;8;8,0;8;8;8;8;8;8;8;8;8,0;8,0;51;51,0;51;51;51;51;51;51;51;51;51,0;51,0;1,0000000000000000;1,000000000000000;1,000000000000000;1,000000000000000;1,0000000000000000;1,0000000000000000;1,0000000000000000;1,0000000000000000;1,0000000000000000;1,0000000000000000;1,0000000000000000
2021-05-08;alle;12;12,0;12;12;12;12;12;12;12;12;12,0;12,0;107;107,0;107;107;107;107;107;107;107;107;107,0;107,0;NA;NA;NA;NA;NA;NA;NA;NA;NA;NA;NA
2021-05-07;0-60;13;13,0;13;13;13;13;13;13;13;13;13,0;13,0;62;62,0;62;62;62;62;62;62;62;62;62,0;62,0;1,0000000000000000;1,000000000000000;1,000000000000000;1,000000000000000;1,0000000000000000;1,0000000000000000;1,0000000000000000;1,0000000000000000;1,0000000000000000;1,0000000000000000;1,0000000000000000
2021-05-07;60+;9;9,0;9;9;9;9;9;9;9;9;9,0;9,0;52;52,0;52;52;52;52;52;52;52;52;52,0;52,0;1,0000000000000000;1,000000000000000;1,000000000000000;1,000000000000000;1,0000000000000000;1,0000000000000000;1,0000000000000000;1,0000000000000000;1,0000000000000000;1,0000000000000000;1,0000000000000000
2021-05-07;alle;22;22,0;22;22;22;22;22;22;22;22;22,0;22,0;114;114,0;114;114;114;114;114;114;114;114;114,0;114,0;NA;NA;NA;NA;NA;NA;NA;NA;NA;NA;NA
2021-05-06;0-60;9;9,0;9;9;9;9;9;9;9;9;9,0;9,0;61;61,0;61;61;61;61;61;61;61;61;61,0;61,0;1,0000000000000000;1,000000000000000;1,000000000000000;1,000000000000000;1,0000000000000000;1,0000000000000000;1,0000000000000000;1,0000000000000000;1,0000000000000000;1,0000000000000000;1,0000000000000000
2021-05-06;60+;7;7,0;7;7;7;7;7;7;7;7;7,0;7,0;49;49,0;49;49;49;49;49;49;49;49;49,0;49,0;1,0000000000000000;1,000000000000000;1,000000000000000;1,000000000000000;1,0000000000000000;1,0000000000000000;1,0000000000000000;1,0000000000000000;1,0000000000000000;1,0000000000000000;1,0000000000000000
2021-05-06;alle;16;16,0;16;16;16;16;16;16;16;16;16,0;16,0;110;110,0;110;110;110;110;110;110;110;110;110,0;110,0;NA;NA;NA;NA;NA;NA;NA;NA;NA;NA;NA
2021-05-05;0-60;6;6,0;6;6;6;6;6;6;6;6;6,0;6,0;61;61,0;61;61;61;61;61;61;61;61;61,0;61,0;1,0000000000000000;1,000000000000000;1,000000000000000;1,000000000000000;1,0000000000000000;1,0000000000000000;1,0000000000000000;1,0000000000000000;1,0000000000000000;1,0000000000000000;1,0000000000000000
2021-05-05;60+;13;13,0;13;13;13;13;13;13;13;13;13,0;13,0;50;50,0;50;50;50;50;50;50;50;50;50,0;50,0;1,0000000000000000;1,000000000000000;1,000000000000000;1,000000000000000;1,0000000000000000;1,0000000000000000;1,0000000000000000;1,0000000000000000;1,0000000000000000;1,0000000000000000;1,0000000000000000
2021-05-05;alle;19;19,0;19;19;19;19;19;19;19;19;19,0;19,0;111;111,0;111;111;111;111;111;111;111;111;111,0;111,0;NA;NA;NA;NA;NA;NA;NA;NA;NA;NA;NA
2021-05-04;0-60;10;10,0;10;10;10;10;10;10;10;10;10,0;10,0;70;70,0;70;70;70;70;70;70;70;70;70,0;70,0;1,0000000000000000;1,000000000000000;1,000000000000000;1,000000000000000;1,0000000000000000;1,0000000000000000;1,0000000000000000;1,0000000000000000;1,0000000000000000;1,0000000000000000;1,0000000000000000
2021-05-04;60+;6;6,0;6;6;6;6;6;6;6;6;6,0;6,0;48;48,0;48;48;48;48;48;48;48;48;48,0;48,0;1,0000000000000000;1,000000000000000;1,000000000000000;1,000000000000000;1,0000000000000000;1,0000000000000000;1,0000000000000000;1,0000000000000000;1,0000000000000000;1,0000000000000000;1,0000000000000000
2021-05-04;alle;16;16,0;16;16;16;16;16;16;16;16;16,0;16,0;118;118,0;118;118;118;118;118;118;118;118;118,0;118,0;NA;NA;NA;NA;NA;NA;NA;NA;NA;NA;NA
2021-05-03;0-60;6;6,0;6;6;6;6;6;6;6;6;6,0;6,0;65;65,0;65;65;65;65;65;65;65;65;65,0;65,0;1,0000000000000000;1,000000000000000;1,000000000000000;1,000000000000000;1,0000000000000000;1,0000000000000000;1,0000000000000000;1,0000000000000000;1,0000000000000000;1,0000000000000000;1,0000000000000000
2021-05-03;60+;2;2,0;2;2;2;2;2;2;2;2;2,0;2,0;47;47,0;47;47;47;47;47;47;47;47;47,0;47,0;1,0000000000000000;1,000000000000000;1,000000000000000;1,000000000000000;1,0000000000000000;1,0000000000000000;1,0000000000000000;1,0000000000000000;1,0000000000000000;1,0000000000000000;1,0000000000000000
2021-05-03;alle;8;8,0;8;8;8;8;8;8;8;8;8,0;8,0;112;112,0;112;112;112;112;112;112;112;112;112,0;112,0;NA;NA;NA;NA;NA;NA;NA;NA;NA;NA;NA
2021-05-02;0-60;8;8,0;8;8;8;8;8;8;8;8;8,0;8,0;71;71,0;71;71;71;71;71;71;71;71;71,0;71,0;1,0000000000000000;1,000000000000000;1,000000000000000;1,000000000000000;1,0000000000000000;1,0000000000000000;1,0000000000000000;1,0000000000000000;1,0000000000000000;1,0000000000000000;1,0000000000000000
2021-05-02;60+;6;6,0;6;6;6;6;6;6;6;6;6,0;6,0;47;47,0;47;47;47;47;47;47;47;47;47,0;47,0;1,0000000000000000;1,000000000000000;1,000000000000000;1,000000000000000;1,0000000000000000;1,0000000000000000;1,0000000000000000;1,0000000000000000;1,0000000000000000;1,0000000000000000;1,0000000000000000
2021-05-02;alle;14;14,0;14;14;14;14;14;14;14;14;14,0;14,0;118;118,0;118;118;118;118;118;118;118;118;118,0;118,0;NA;NA;NA;NA;NA;NA;NA;NA;NA;NA;NA
2021-05-01;0-60;10;10,0;10;10;10;10;10;10;10;10;10,0;10,0;73;73,0;73;73;73;73;73;73;73;73;73,0;73,0;1,0000000000000000;1,000000000000000;1,000000000000000;1,000000000000000;1,0000000000000000;1,0000000000000000;1,0000000000000000;1,0000000000000000;1,0000000000000000;1,0000000000000000;1,0000000000000000
2021-05-01;60+;9;9,0;9;9;9;9;9;9;9;9;9,0;9,0;57;57,0;57;57;57;57;57;57;57;57;57,0;57,0;1,0000000000000000;1,000000000000000;1,000000000000000;1,000000000000000;1,0000000000000000;1,0000000000000000;1,0000000000000000;1,0000000000000000;1,0000000000000000;1,0000000000000000;1,0000000000000000
2021-05-01;alle;19;19,0;19;19;19;19;19;19;19;19;19,0;19,0;130;130,0;130;130;130;130;130;130;130;130;130,0;130,0;NA;NA;NA;NA;NA;NA;NA;NA;NA;NA;NA
2021-04-30;0-60;12;12,0;12;12;12;12;12;12;12;12;12,0;12,0;71;71,0;71;71;71;71;71;71;71;71;71,0;71,0;1,0000000000000000;1,000000000000000;1,000000000000000;1,000000000000000;1,0000000000000000;1,0000000000000000;1,0000000000000000;1,0000000000000000;1,0000000000000000;1,0000000000000000;1,0000000000000000
2021-04-30;60+;6;6,0;6;6;6;6;6;6;6;6;6,0;6,0;57;57,0;57;57;57;57;57;57;57;57;57,0;57,0;1,0000000000000000;1,000000000000000;1,000000000000000;1,000000000000000;1,0000000000000000;1,0000000000000000;1,0000000000000000;1,0000000000000000;1,0000000000000000;1,0000000000000000;1,0000000000000000
2021-04-30;alle;18;18,0;18;18;18;18;18;18;18;18;18,0;18,0;128;128,0;128;128;128;128;128;128;128;128;128,0;128,0;NA;NA;NA;NA;NA;NA;NA;NA;NA;NA;NA
2021-04-29;0-60;9;9,0;9;9;9;9;9;9;9;9;9,0;9,0;73;73,0;73;73;73;73;73;73;73;73;73,0;73,0;1,0000000000000000;1,000000000000000;1,000000000000000;1,000000000000000;1,0000000000000000;1,0000000000000000;1,0000000000000000;1,0000000000000000;1,0000000000000000;1,0000000000000000;1,0000000000000000
2021-04-29;60+;8;8,0;8;8;8;8;8;8;8;8;8,0;8,0;65;65,0;65;65;65;65;65;65;65;65;65,0;65,0;1,0000000000000000;1,000000000000000;1,000000000000000;1,000000000000000;1,0000000000000000;1,0000000000000000;1,0000000000000000;1,0000000000000000;1,0000000000000000;1,0000000000000000;1,0000000000000000
2021-04-29;alle;17;17,0;17;17;17;17;17;17;17;17;17,0;17,0;138;138,0;138;138;138;138;138;138;138;138;138,0;138,0;NA;NA;NA;NA;NA;NA;NA;NA;NA;NA;NA
2021-04-28;0-60;15;15,0;15;15;15;15;15;15;15;15;15,0;15,0;77;77,0;77;77;77;77;77;77;77;77;77,0;77,0;1,0000000000000000;1,000000000000000;1,000000000000000;1,000000000000000;1,0000000000000000;1,0000000000000000;1,0000000000000000;1,0000000000000000;1,0000000000000000;1,0000000000000000;1,0000000000000000
2021-04-28;60+;11;11,0;11;11;11;11;11;11;11;11;11,0;11,0;65;65,0;65;65;65;65;65;65;65;65;65,0;65,0;1,0000000000000000;1,000000000000000;1,000000000000000;1,000000000000000;1,0000000000000000;1,0000000000000000;1,0000000000000000;1,0000000000000000;1,0000000000000000;1,0000000000000000;1,0000000000000000
2021-04-28;alle;26;26,0;26;26;26;26;26;26;26;26;26,0;26,0;142;142,0;142;142;142;142;142;142;142;142;142,0;142,0;NA;NA;NA;NA;NA;NA;NA;NA;NA;NA;NA
2021-04-27;0-60;5;5,0;5;5;5;5;5;5;5;5;5,0;5,0;73;73,0;73;73;73;73;73;73;73;73;73,0;73,0;1,0000000000000000;1,000000000000000;1,000000000000000;1,000000000000000;1,0000000000000000;1,0000000000000000;1,0000000000000000;1,0000000000000000;1,0000000000000000;1,0000000000000000;1,0000000000000000
2021-04-27;60+;5;5,0;5;5;5;5;5;5;5;5;5,0;5,0;64;64,0;64;64;64;64;64;64;64;64;64,0;64,0;1,0000000000000000;1,000000000000000;1,000000000000000;1,000000000000000;1,0000000000000000;1,0000000000000000;1,0000000000000000;1,0000000000000000;1,0000000000000000;1,0000000000000000;1,0000000000000000
2021-04-27;alle;10;10,0;10;10;10;10;10;10;10;10;10,0;10,0;137;137,0;137;137;137;137;137;137;137;137;137,0;137,0;NA;NA;NA;NA;NA;NA;NA;NA;NA;NA;NA
2021-04-26;0-60;12;12,0;12;12;12;12;12;12;12;12;12,0;12,0;75;75,0;75;75;75;75;75;75;75;75;75,0;75,0;1,0000000000000000;1,000000000000000;1,000000000000000;1,000000000000000;1,0000000000000000;1,0000000000000000;1,0000000000000000;1,0000000000000000;1,0000000000000000;1,0000000000000000;1,0000000000000000
2021-04-26;60+;2;2,0;2;2;2;2;2;2;2;2;2,0;2,0;69;69,0;69;69;69;69;69;69;69;69;69,0;69,0;1,0000000000000000;1,000000000000000;1,000000000000000;1,000000000000000;1,0000000000000000;1,0000000000000000;1,0000000000000000;1,0000000000000000;1,0000000000000000;1,0000000000000000;1,0000000000000000
2021-04-26;alle;14;14,0;14;14;14;14;14;14;14;14;14,0;14,0;144;144,0;144;144;144;144;144;144;144;144;144,0;144,0;NA;NA;NA;NA;NA;NA;NA;NA;NA;NA;NA
2021-04-25;0-60;10;10,0;10;10;10;10;10;10;10;10;10,0;10,0;69;69,0;69;69;69;69;69;69;69;69;69,0;69,0;1,0000000000000000;1,000000000000000;1,000000000000000;1,000000000000000;1,0000000000000000;1,0000000000000000;1,0000000000000000;1,0000000000000000;1,0000000000000000;1,0000000000000000;1,0000000000000000
2021-04-25;60+;16;16,0;16;16;16;16;16;16;16;16;16,0;16,0;75;75,0;75;75;75;75;75;75;75;75;75,0;75,0;1,0000000000000000;1,000000000000000;1,000000000000000;1,000000000000000;1,0000000000000000;1,0000000000000000;1,0000000000000000;1,0000000000000000;1,0000000000000000;1,0000000000000000;1,0000000000000000
2021-04-25;alle;26;26,0;26;26;26;26;26;26;26;26;26,0;26,0;144;144,0;144;144;144;144;144;144;144;144;144,0;144,0;NA;NA;NA;NA;NA;NA;NA;NA;NA;NA;NA
2021-04-24;0-60;8;8,0;8;8;8;8;8;8;8;8;8,0;8,0;65;65,0;65;65;65;65;65;65;65;65;65,0;65,0;1,0000000000000000;1,000000000000000;1,000000000000000;1,000000000000000;1,0000000000000000;1,0000000000000000;1,0000000000000000;1,0000000000000000;1,0000000000000000;1,0000000000000000;1,0000000000000000
2021-04-24;60+;9;9,0;9;9;9;9;9;9;9;9;9,0;9,0;69;69,0;69;69;69;69;69;69;69;69;69,0;69,0;1,0000000000000000;1,000000000000000;1,000000000000000;1,000000000000000;1,0000000000000000;1,0000000000000000;1,0000000000000000;1,0000000000000000;1,0000000000000000;1,0000000000000000;1,0000000000000000
2021-04-24;alle;17;17,0;17;17;17;17;17;17;17;17;17,0;17,0;134;134,0;134;134;134;134;134;134;134;134;134,0;134,0;NA;NA;NA;NA;NA;NA;NA;NA;NA;NA;NA
2021-04-23;0-60;14;14,0;14;14;14;14;14;14;14;14;14,0;14,0;70;70,0;70;70;70;70;70;70;70;70;70,0;70,0;1,0000000000000000;1,000000000000000;1,000000000000000;1,000000000000000;1,0000000000000000;1,0000000000000000;1,0000000000000000;1,0000000000000000;1,0000000000000000;1,0000000000000000;1,0000000000000000
2021-04-23;60+;14;14,0;14;14;14;14;14;14;14;14;14,0;14,0;68;68,0;68;68;68;68;68;68;68;68;68,0;68,0;1,0000000000000000;1,000000000000000;1,000000000000000;1,000000000000000;1,0000000000000000;1,0000000000000000;1,0000000000000000;1,0000000000000000;1,0000000000000000;1,0000000000000000;1,0000000000000000
2021-04-23;alle;28;28,0;28;28;28;28;28;28;28;28;28,0;28,0;138;138,0;138;138;138;138;138;138;138;138;138,0;138,0;NA;NA;NA;NA;NA;NA;NA;NA;NA;NA;NA
2021-04-22;0-60;13;13,0;13;13;13;13;13;13;13;13;13,0;13,0;70;70,0;70;70;70;70;70;70;70;70;70,0;70,0;1,0000000000000000;1,000000000000000;1,000000000000000;1,000000000000000;1,0000000000000000;1,0000000000000000;1,0000000000000000;1,0000000000000000;1,0000000000000000;1,0000000000000000;1,0000000000000000
2021-04-22;60+;8;8,0;8;8;8;8;8;8;8;8;8,0;8,0;62;62,0;62;62;62;62;62;62;62;62;62,0;62,0;1,0000000000000000;1,000000000000000;1,000000000000000;1,000000000000000;1,0000000000000000;1,0000000000000000;1,0000000000000000;1,0000000000000000;1,0000000000000000;1,0000000000000000;1,0000000000000000
2021-04-22;alle;21;21,0;21;21;21;21;21;21;21;21;21,0;21,0;132;132,0;132;132;132;132;132;132;132;132;132,0;132,0;NA;NA;NA;NA;NA;NA;NA;NA;NA;NA;NA
2021-04-21;0-60;11;11,0;11;11;11;11;11;11;11;11;11,0;11,0;70;70,0;70;70;70;70;70;70;70;70;70,0;70,0;1,0000000000000000;1,000000000000000;1,000000000000000;1,000000000000000;1,0000000000000000;1,0000000000000000;1,0000000000000000;1,0000000000000000;1,0000000000000000;1,0000000000000000;1,0000000000000000
2021-04-21;60+;10;10,0;10;10;10;10;10;10;10;10;10,0;10,0;67;67,0;67;67;67;67;67;67;67;67;67,0;67,0;1,0000000000000000;1,000000000000000;1,000000000000000;1,000000000000000;1,0000000000000000;1,0000000000000000;1,0000000000000000;1,0000000000000000;1,0000000000000000;1,0000000000000000;1,0000000000000000
2021-04-21;alle;21;21,0;21;21;21;21;21;21;21;21;21,0;21,0;137;137,0;137;137;137;137;137;137;137;137;137,0;137,0;NA;NA;NA;NA;NA;NA;NA;NA;NA;NA;NA
2021-04-20;0-60;7;7,0;7;7;7;7;7;7;7;7;7,0;7,0;75;75,0;75;75;75;75;75;75;75;75;75,0;75,0;1,0000000000000000;1,000000000000000;1,000000000000000;1,000000000000000;1,0000000000000000;1,0000000000000000;1,0000000000000000;1,0000000000000000;1,0000000000000000;1,0000000000000000;1,0000000000000000
2021-04-20;60+;10;10,0;10;10;10;10;10;10;10;10;10,0;10,0;72;72,0;72;72;72;72;72;72;72;72;72,0;72,0;1,0000000000000000;1,000000000000000;1,000000000000000;1,000000000000000;1,0000000000000000;1,0000000000000000;1,0000000000000000;1,0000000000000000;1,0000000000000000;1,0000000000000000;1,0000000000000000
2021-04-20;alle;17;17,0;17;17;17;17;17;17;17;17;17,0;17,0;147;147,0;147;147;147;147;147;147;147;147;147,0;147,0;NA;NA;NA;NA;NA;NA;NA;NA;NA;NA;NA
2021-04-19;0-60;6;6,0;6;6;6;6;6;6;6;6;6,0;6,0;77;77,0;77;77;77;77;77;77;77;77;77,0;77,0;1,0000000000000000;1,000000000000000;1,000000000000000;1,000000000000000;1,0000000000000000;1,0000000000000000;1,0000000000000000;1,0000000000000000;1,0000000000000000;1,0000000000000000;1,0000000000000000
2021-04-19;60+;8;8,0;8;8;8;8;8;8;8;8;8,0;8,0;69;69,0;69;69;69;69;69;69;69;69;69,0;69,0;1,0000000000000000;1,000000000000000;1,000000000000000;1,000000000000000;1,0000000000000000;1,0000000000000000;1,0000000000000000;1,0000000000000000;1,0000000000000000;1,0000000000000000;1,0000000000000000
2021-04-19;alle;14;14,0;14;14;14;14;14;14;14;14;14,0;14,0;146;146,0;146;146;146;146;146;146;146;146;146,0;146,0;NA;NA;NA;NA;NA;NA;NA;NA;NA;NA;NA
2021-04-18;0-60;6;6,0;6;6;6;6;6;6;6;6;6,0;6,0;75;75,0;75;75;75;75;75;75;75;75;75,0;75,0;1,0000000000000000;1,000000000000000;1,000000000000000;1,000000000000000;1,0000000000000000;1,0000000000000000;1,0000000000000000;1,0000000000000000;1,0000000000000000;1,0000000000000000;1,0000000000000000
2021-04-18;60+;10;10,0;10;10;10;10;10;10;10;10;10,0;10,0;69;69,0;69;69;69;69;69;69;69;69;69,0;69,0;1,0000000000000000;1,000000000000000;1,000000000000000;1,000000000000000;1,0000000000000000;1,0000000000000000;1,0000000000000000;1,0000000000000000;1,0000000000000000;1,0000000000000000;1,0000000000000000
2021-04-18;alle;16;16,0;16;16;16;16;16;16;16;16;16,0;16,0;144;144,0;144;144;144;144;144;144;144;144;144,0;144,0;NA;NA;NA;NA;NA;NA;NA;NA;NA;NA;NA
2021-04-17;0-60;13;13,0;13;13;13;13;13;13;13;13;13,0;13,0;80;80,0;80;80;80;80;80;80;80;80;80,0;80,0;1,0000000000000000;1,000000000000000;1,000000000000000;1,000000000000000;1,0000000000000000;1,0000000000000000;1,0000000000000000;1,0000000000000000;1,0000000000000000;1,0000000000000000;1,0000000000000000
2021-04-17;60+;8;8,0;8;8;8;8;8;8;8;8;8,0;8,0;64;64,0;64;64;64;64;64;64;64;64;64,0;64,0;1,0000000000000000;1,000000000000000;1,000000000000000;1,000000000000000;1,0000000000000000;1,0000000000000000;1,0000000000000000;1,0000000000000000;1,0000000000000000;1,0000000000000000;1,0000000000000000
2021-04-17;alle;21;21,0;21;21;21;21;21;21;21;21;21,0;21,0;144;144,0;144;144;144;144;144;144;144;144;144,0;144,0;NA;NA;NA;NA;NA;NA;NA;NA;NA;NA;NA
2021-04-16;0-60;14;14,0;14;14;14;14;14;14;14;14;14,0;14,0;77;77,0;77;77;77;77;77;77;77;77;77,0;77,0;1,0000000000000000;1,000000000000000;1,000000000000000;1,000000000000000;1,0000000000000000;1,0000000000000000;1,0000000000000000;1,0000000000000000;1,0000000000000000;1,0000000000000000;1,0000000000000000
2021-04-16;60+;8;8,0;8;8;8;8;8;8;8;8;8,0;8,0;67;67,0;67;67;67;67;67;67;67;67;67,0;67,0;1,0000000000000000;1,000000000000000;1,000000000000000;1,000000000000000;1,0000000000000000;1,0000000000000000;1,0000000000000000;1,0000000000000000;1,0000000000000000;1,0000000000000000;1,0000000000000000
2021-04-16;alle;22;22,0;22;22;22;22;22;22;22;22;22,0;22,0;144;144,0;144;144;144;144;144;144;144;144;144,0;144,0;NA;NA;NA;NA;NA;NA;NA;NA;NA;NA;NA
2021-04-15;0-60;13;13,0;13;13;13;13;13;13;13;13;13,0;13,0;76;76,0;76;76;76;76;76;76;76;76;76,0;76,0;1,0000000000000000;1,000000000000000;1,000000000000000;1,000000000000000;1,0000000000000000;1,0000000000000000;1,0000000000000000;1,0000000000000000;1,0000000000000000;1,0000000000000000;1,0000000000000000
2021-04-15;60+;13;13,0;13;13;13;13;13;13;13;13;13,0;13,0;68;68,0;68;68;68;68;68;68;68;68;68,0;68,0;1,0000000000000000;1,000000000000000;1,000000000000000;1,000000000000000;1,0000000000000000;1,0000000000000000;1,0000000000000000;1,0000000000000000;1,0000000000000000;1,0000000000000000;1,0000000000000000
2021-04-15;alle;26;26,0;26;26;26;26;26;26;26;26;26,0;26,0;144;144,0;144;144;144;144;144;144;144;144;144,0;144,0;NA;NA;NA;NA;NA;NA;NA;NA;NA;NA;NA
2021-04-14;0-60;16;16,0;16;16;16;16;16;16;16;16;16,0;16,0;79;79,0;79;79;79;79;79;79;79;79;79,0;79,0;1,0000000000000000;1,000000000000000;1,000000000000000;1,000000000000000;1,0000000000000000;1,0000000000000000;1,0000000000000000;1,0000000000000000;1,0000000000000000;1,0000000000000000;1,0000000000000000
2021-04-14;60+;15;15,0;15;15;15;15;15;15;15;15;15,0;15,0;72;72,0;72;72;72;72;72;72;72;72;72,0;72,0;1,0000000000000000;1,000000000000000;1,000000000000000;1,000000000000000;1,0000000000000000;1,0000000000000000;1,0000000000000000;1,0000000000000000;1,0000000000000000;1,0000000000000000;1,0000000000000000
2021-04-14;alle;31;31,0;31;31;31;31;31;31;31;31;31,0;31,0;151;151,0;151;151;151;151;151;151;151;151;151,0;151,0;NA;NA;NA;NA;NA;NA;NA;NA;NA;NA;NA
2021-04-13;0-60;9;9,0;9;9;9;9;9;9;9;9;9,0;9,0;69;69,0;69;69;69;69;69;69;69;69;69,0;69,0;1,0000000000000000;1,000000000000000;1,000000000000000;1,000000000000000;1,0000000000000000;1,0000000000000000;1,0000000000000000;1,0000000000000000;1,0000000000000000;1,0000000000000000;1,0000000000000000
2021-04-13;60+;7;7,0;7;7;7;7;7;7;7;7;7,0;7,0;76;76,0;76;76;76;76;76;76;76;76;76,0;76,0;1,0000000000000000;1,000000000000000;1,000000000000000;1,000000000000000;1,0000000000000000;1,0000000000000000;1,0000000000000000;1,0000000000000000;1,0000000000000000;1,0000000000000000;1,0000000000000000
2021-04-13;alle;16;16,0;16;16;16;16;16;16;16;16;16,0;16,0;145;145,0;145;145;145;145;145;145;145;145;145,0;145,0;NA;NA;NA;NA;NA;NA;NA;NA;NA;NA;NA
2021-04-12;0-60;4;4,0;4;4;4;4;4;4;4;4;4,0;4,0;67;67,0;67;67;67;67;67;67;67;67;67,0;67,0;1,0000000000000000;1,000000000000000;1,000000000000000;1,000000000000000;1,0000000000000000;1,0000000000000000;1,0000000000000000;1,0000000000000000;1,0000000000000000;1,0000000000000000;1,0000000000000000
2021-04-12;60+;8;8,0;8;8;8;8;8;8;8;8;8,0;8,0;78;78,0;78;78;78;78;78;78;78;78;78,0;78,0;1,0000000000000000;1,000000000000000;1,000000000000000;1,000000000000000;1,0000000000000000;1,0000000000000000;1,0000000000000000;1,0000000000000000;1,0000000000000000;1,0000000000000000;1,0000000000000000
2021-04-12;alle;12;12,0;12;12;12;12;12;12;12;12;12,0;12,0;145;145,0;145;145;145;145;145;145;145;145;145,0;145,0;NA;NA;NA;NA;NA;NA;NA;NA;NA;NA;NA
2021-04-11;0-60;11;11,0;11;11;11;11;11;11;11;11;11,0;11,0;NA;NA;NA;NA;NA;NA;NA;NA;NA;NA;NA;NA;1,0000000000000000;1,000000000000000;1,000000000000000;1,000000000000000;1,0000000000000000;1,0000000000000000;1,0000000000000000;1,0000000000000000;1,0000000000000000;1,0000000000000000;1,0000000000000000
2021-04-11;60+;5;5,0;5;5;5;5;5;5;5;5;5,0;5,0;NA;NA;NA;NA;NA;NA;NA;NA;NA;NA;NA;NA;1,0000000000000000;1,000000000000000;1,000000000000000;1,000000000000000;1,0000000000000000;1,0000000000000000;1,0000000000000000;1,0000000000000000;1,0000000000000000;1,0000000000000000;1,0000000000000000
2021-04-11;alle;16;16,0;16;16;16;16;16;16;16;16;16,0;16,0;NA;NA;NA;NA;NA;NA;NA;NA;NA;NA;NA;NA;NA;NA;NA;NA;NA;NA;NA;NA;NA;NA;NA
2021-04-10;0-60;10;10,0;10;10;10;10;10;10;10;10;10,0;10,0;NA;NA;NA;NA;NA;NA;NA;NA;NA;NA;NA;NA;1,0000000000000000;1,000000000000000;1,000000000000000;1,000000000000000;1,0000000000000000;1,0000000000000000;1,0000000000000000;1,0000000000000000;1,0000000000000000;1,0000000000000000;1,0000000000000000
2021-04-10;60+;11;11,0;11;11;11;11;11;11;11;11;11,0;11,0;NA;NA;NA;NA;NA;NA;NA;NA;NA;NA;NA;NA;1,0000000000000000;1,000000000000000;1,000000000000000;1,000000000000000;1,0000000000000000;1,0000000000000000;1,0000000000000000;1,0000000000000000;1,0000000000000000;1,0000000000000000;1,0000000000000000
2021-04-10;alle;21;21,0;21;21;21;21;21;21;21;21;21,0;21,0;NA;NA;NA;NA;NA;NA;NA;NA;NA;NA;NA;NA;NA;NA;NA;NA;NA;NA;NA;NA;NA;NA;NA
2021-04-09;0-60;13;13,0;13;13;13;13;13;13;13;13;13,0;13,0;NA;NA;NA;NA;NA;NA;NA;NA;NA;NA;NA;NA;1,0000000000000000;1,000000000000000;1,000000000000000;1,000000000000000;1,0000000000000000;1,0000000000000000;1,0000000000000000;1,0000000000000000;1,0000000000000000;1,0000000000000000;1,0000000000000000
2021-04-09;60+;9;9,0;9;9;9;9;9;9;9;9;9,0;9,0;NA;NA;NA;NA;NA;NA;NA;NA;NA;NA;NA;NA;1,0000000000000000;1,000000000000000;1,000000000000000;1,000000000000000;1,0000000000000000;1,0000000000000000;1,0000000000000000;1,0000000000000000;1,0000000000000000;1,0000000000000000;1,0000000000000000
2021-04-09;alle;22;22,0;22;22;22;22;22;22;22;22;22,0;22,0;NA;NA;NA;NA;NA;NA;NA;NA;NA;NA;NA;NA;NA;NA;NA;NA;NA;NA;NA;NA;NA;NA;NA
2021-04-08;0-60;16;16,0;16;16;16;16;16;16;16;16;16,0;16,0;NA;NA;NA;NA;NA;NA;NA;NA;NA;NA;NA;NA;1,0000000000000000;1,000000000000000;1,000000000000000;1,000000000000000;1,0000000000000000;1,0000000000000000;1,0000000000000000;1,0000000000000000;1,0000000000000000;1,0000000000000000;1,0000000000000000
2021-04-08;60+;17;17,0;17;17;17;17;17;17;17;17;17,0;17,0;NA;NA;NA;NA;NA;NA;NA;NA;NA;NA;NA;NA;1,0000000000000000;1,000000000000000;1,000000000000000;1,000000000000000;1,0000000000000000;1,0000000000000000;1,0000000000000000;1,0000000000000000;1,0000000000000000;1,0000000000000000;1,0000000000000000
2021-04-08;alle;33;33,0;33;33;33;33;33;33;33;33;33,0;33,0;NA;NA;NA;NA;NA;NA;NA;NA;NA;NA;NA;NA;NA;NA;NA;NA;NA;NA;NA;NA;NA;NA;NA
2021-04-07;0-60;6;6,0;6;6;6;6;6;6;6;6;6,0;6,0;NA;NA;NA;NA;NA;NA;NA;NA;NA;NA;NA;NA;1,0000000000000000;1,000000000000000;1,000000000000000;1,000000000000000;1,0000000000000000;1,0000000000000000;1,0000000000000000;1,0000000000000000;1,0000000000000000;1,0000000000000000;1,0000000000000000
2021-04-07;60+;19;19,0;19;19;19;19;19;19;19;19;19,0;19,0;NA;NA;NA;NA;NA;NA;NA;NA;NA;NA;NA;NA;1,0000000000000000;1,000000000000000;1,000000000000000;1,000000000000000;1,0000000000000000;1,0000000000000000;1,0000000000000000;1,0000000000000000;1,0000000000000000;1,0000000000000000;1,0000000000000000
2021-04-07;alle;25;25,0;25;25;25;25;25;25;25;25;25,0;25,0;NA;NA;NA;NA;NA;NA;NA;NA;NA;NA;NA;NA;NA;NA;NA;NA;NA;NA;NA;NA;NA;NA;NA
2021-04-06;0-60;7;7,0;7;7;7;7;7;7;7;7;7,0;7,0;NA;NA;NA;NA;NA;NA;NA;NA;NA;NA;NA;NA;1,0000000000000000;1,000000000000000;1,000000000000000;1,000000000000000;1,0000000000000000;1,0000000000000000;1,0000000000000000;1,0000000000000000;1,0000000000000000;1,0000000000000000;1,0000000000000000
2021-04-06;60+;9;9,0;9;9;9;9;9;9;9;9;9,0;9,0;NA;NA;NA;NA;NA;NA;NA;NA;NA;NA;NA;NA;1,0000000000000000;1,000000000000000;1,000000000000000;1,000000000000000;1,0000000000000000;1,0000000000000000;1,0000000000000000;1,0000000000000000;1,0000000000000000;1,0000000000000000;1,0000000000000000
2021-04-06;alle;16;16,0;16;16;16;16;16;16;16;16;16,0;16,0;NA;NA;NA;NA;NA;NA;NA;NA;NA;NA;NA;NA;NA;NA;NA;NA;NA;NA;NA;NA;NA;NA;NA
