date;age60;reported;nowcast_est;nowcast_0.025;nowcast_0.1;nowcast_0.25;nowcast_0.5;nowcast_0.75;nowcast_0.8;nowcast_0.85;nowcast_0.9;nowcast_0.95;nowcast_0.975;reported7;nowcast7_est;nowcast7_0.025;nowcast7_0.1;nowcast7_0.25;nowcast7_0.5;nowcast7_0.75;nowcast7_0.8;nowcast7_0.85;nowcast7_0.9;nowcast7_0.95;nowcast7_0.975;F_est;F_0.025;F_0.1;F_0.25;F_0.5;F_0.75;F_0.8;F_0.85;F_0.9;F_0.95;F_0.975
2023-04-17;0-60;0;0,0;0;0;0;0;0;0;0;0,0;0;0,0;71;98,6;88,0;91,0;94;99;103;104;106,0;107;110,0;113,0;0,128970207154525;0,191996282306685;0,168229408810271;0,148622032766010;0,128713138090832;0,110954607487947;0,106769887142828;0,101855971559540;0,0959252332801055;0,0880309450587241;0,0815263996888707
2023-04-17;60+;0;0,0;0;0;0;0;0;0;0;0,0;0;0,0;336;447,9;419,0;429,0;437;448;460;462;466,0;470;478,0;484,0;0,126376043476176;0,185637888276032;0,163632851581210;0,145127904834107;0,126378685247571;0,109598815336076;0,105641976896767;0,101256941556501;0,0956530981231568;0,0878365074627450;0,0811959573597460
2023-04-17;alle;0;0,0;0;0;0;0;0;0;0;0,0;0;0,0;407;546,5;512,0;523,0;534;547;561;564;568,6;574;582,0;590,0;NA;NA;NA;NA;NA;NA;NA;NA;NA;NA;NA
2023-04-16;0-60;0;0,0;0;0;0;0;0;0;0;0,0;0;0,0;74;102,0;91,0;94,0;98;102;106;108;109,0;111;114,0;116,0;0,143637124439359;0,216651880946606;0,190663707964785;0,167260415958676;0,143037470991226;0,121442715941815;0,116239638557233;0,110169859905704;0,1033486284124513;0,0936127052172635;0,0858455742087450
2023-04-16;60+;0;0,0;0;0;0;0;0;0;0;0,0;0;0,0;356;470,7;441,0;451,0;460;471;483;486;489,0;494;501,0;507,0;0,142665560384098;0,214169683734978;0,188275604497252;0,166311492973644;0,142644804741972;0,122082003898054;0,116835200140576;0,110931143768617;0,1041510216852997;0,0950946774874849;0,0869927074861283
2023-04-16;alle;0;0,0;0;0;0;0;0;0;0;0,0;0;0,0;430;572,7;538,0;550,0;560;573;587;591;595,0;601;609,0;616,3;NA;NA;NA;NA;NA;NA;NA;NA;NA;NA;NA
2023-04-15;0-60;6;15,8;10;12;13;16;18;19;20;21,0;22;24,0;76;104,4;93,0;97,0;100;104;109;110;112,0;113;116,0;119,0;0,378678377960322;0,449561242037138;0,425964882031914;0,403106048770123;0,377917612869995;0,352316335708424;0,346287664978845;0,338832065358961;0,3301351160891459;0,3160029126990158;0,3045415898288339
2023-04-15;60+;20;52,8;40;44;48;53;58;59;61;63,0;67;70,0;373;491,7;462,0;471,0;481;492;504;507;510,0;515;523,0;529,0;0,378625895312014;0,447688041913950;0,424338821653446;0,402624839297089;0,378665931083045;0,354852775930377;0,348995299715533;0,342098109077258;0,3336139054383696;0,3204658847310448;0,3096203147298424
2023-04-15;alle;26;68,7;53;58;63;69;75;77;79;81,0;86;89,0;449;596,2;560,0;572,0;583;597;611;615;619,0;625;633,0;641,0;NA;NA;NA;NA;NA;NA;NA;NA;NA;NA;NA
2023-04-14;0-60;15;23,8;18;20;22;24;26;27;27;28,0;30;31,0;75;94,3;86,0;88,0;91;94;98;99;100,0;101;103,0;105,0;0,631105386494355;0,688341988059294;0,669021122672403;0,650967705928337;0,629819824241847;0,607645270568545;0,602128347520914;0,595788181926448;0,5873230741853078;0,5743309904244480;0,5633285663959195
2023-04-14;60+;62;98,2;85;89;93;98;103;105;106;108,1;112;115,0;361;448,1;425,0;433,0;440;448;457;460;462,0;466;471,0;476,0;0,631259238873714;0,686307108374471;0,667758628979790;0,650954737070628;0,630858878643673;0,611240096531663;0,606257911942629;0,599944968321069;0,5926527863389804;0,5804082563951227;0,5690824348092869
2023-04-14;alle;77;122,0;106;111;116;122;128;130;132;134,0;138;141,0;436;542,5;516,0;525,0;533;543;553;556;559,0;564;569,0;574,0;NA;NA;NA;NA;NA;NA;NA;NA;NA;NA;NA
2023-04-13;0-60;16;19,7;17;17;18;20;21;21;22;22,0;23;24,0;84;96,8;90,0;92,0;94;97;100;100;101,0;102;104,0;105,0;0,810372801447088;0,843369585223571;0,832622682157535;0,821740364079689;0,809019420539416;0,795402274167810;0,791543829585877;0,787095574475743;0,7813189465047836;0,7738900038435916;0,7670816808334612
2023-04-13;60+;58;71,6;64;67;69;72;74;75;76;77,0;79;80,3;369;426,7;410,0;415,0;421;427;433;435;437,0;439;443,0;447,0;0,810077636111480;0,842267321976523;0,831588157563759;0,821400030644682;0,809755426083413;0,797515581096285;0,794081918867586;0,790294227047901;0,7857114586969848;0,7785888267268697;0,7722684555488646
2023-04-13;alle;74;91,3;83;86;88;91;95;95;96;98,0;100;102,0;453;523,5;504,0;511,0;517;524;531;533;535,0;538;543,0;547,0;NA;NA;NA;NA;NA;NA;NA;NA;NA;NA;NA
2023-04-12;0-60;34;39,2;35;36;38;39;41;41;42;42,0;44;44,0;90;100,3;95,0;96,0;98;100;103;103;104,0;105;107,0;108,0;0,867171827013788;0,891074499207250;0,883256690743414;0,875840647478858;0,866849550328686;0,857108289560162;0,854613293234583;0,851722111476715;0,8478392322566871;0,8419106767144824;0,8370232708940635
2023-04-12;60+;184;212,3;201;205;208;212;216;218;219;220,0;223;225,0;389;437,5;422,0;427,0;432;437;443;445;446,0;449;452,0;455,0;0,866746559889794;0,888896513877857;0,881621353286152;0,874756036586130;0,866864580257845;0,858399405090304;0,856131221294390;0,853614534307610;0,8502903589837019;0,8454038610484742;0,8411340309333065
2023-04-12;alle;218;251,5;239;243;247;251;256;257;259;261,0;263;266,0;479;537,7;521,0;526,0;532;538;544;546;548,0;551;554,0;558,0;NA;NA;NA;NA;NA;NA;NA;NA;NA;NA;NA
2023-04-11;0-60;0;0,0;0;0;0;0;0;0;0;0,0;0;0,0;91;97,6;93,0;95,0;96;98;100;100;101,0;102;103,0;104,0;0,924833067836259;0,938970138041059;0,934164695725476;0,929804219674818;0,924421347188120;0,918517959202117;0,916978358259268;0,915122995790701;0,9128850165947078;0,9094841517017844;0,9061047510959673
2023-04-11;60+;12;13,0;12;12;12;13;14;14;14;14,0;15;15,0;328;353,8;344,0;347,0;350;354;358;359;360,0;361;364,0;366,0;0,924208098172639;0,937260324986968;0,932876541534534;0,928866152505830;0,924057570106952;0,919091401013878;0,917846273931667;0,916290350756706;0,9142965359306287;0,9112478111077431;0,9085348860918465
2023-04-11;alle;12;13,0;12;12;12;13;14;14;14;14,0;15;15,0;419;451,4;440,0;444,0;447;452;456;457;459,0;460;463,0;465,0;NA;NA;NA;NA;NA;NA;NA;NA;NA;NA;NA
2023-04-10;0-60;3;3,4;3;3;3;3;4;4;4;4,0;5;5,0;136;143,9;139,0;140,9;142;144;146;147;147,0;148;150,0;151,0;0,877869856794652;0,905700044337641;0,896084098918390;0,887164604051268;0,876483246102349;0,864772690268109;0,861634125667601;0,857967118980472;0,8530576481039770;0,8457127681230039;0,8391589330228247
2023-04-10;60+;20;22,8;20;21;22;23;24;24;25;25,0;26;27,0;530;561,0;550,0;553,0;557;561;565;566;568,0;570;572,0;575,0;0,876140042564516;0,902379812408736;0,894006541446679;0,885858011918308;0,875719679819177;0,865112019722758;0,862094137491220;0,858817375212209;0,8546215805568592;0,8481064399779940;0,8424506983953629
2023-04-10;alle;23;26,2;23;24;25;26;27;28;28;29,0;30;30,0;666;704,8;692,0;696,0;700;705;710;711;713,0;715;718,0;721,0;NA;NA;NA;NA;NA;NA;NA;NA;NA;NA;NA
2023-04-09;0-60;2;2,5;2;2;2;2;3;3;3;3,0;4;4,0;137;144,7;140,0;141,0;143;145;147;147;148,0;149;150,0;151,0;0,813529381302468;0,856935235058449;0,843138296227333;0,828682139665158;0,810971796722814;0,791670503224539;0,786702678249674;0,780811771909108;0,7724687254922671;0,7603659298949470;0,7493849765806593
2023-04-09;60+;17;21,0;18;19;20;21;22;23;23;24,0;25;26,0;526;555,0;544,0;548,0;551;555;559;560;562,0;563;566,0;568,0;0,810049449910911;0,852645053735613;0,839069144948825;0,825572505246723;0,809409341545779;0,791664145474491;0,787096786434520;0,781790289214956;0,7746258477813128;0,7646742148898126;0,7550793568339945
2023-04-09;alle;19;23,4;20;21;22;23;25;25;26;27,0;28;28,0;663;699,7;687,0;692,0;695;700;705;706;708,0;710;713,0;715,0;NA;NA;NA;NA;NA;NA;NA;NA;NA;NA;NA
2023-04-08;0-60;5;5,7;5;5;5;6;6;6;7;7,0;7;8,0;141;148,8;144,0;145,0;147;149;151;152;152,0;153;154,0;156,0;0,870160622061916;0,894144716560707;0,886010839190610;0,877643127618772;0,867880234342918;0,857059168813209;0,854270640673554;0,850908938894319;0,8463721288426342;0,8395903572393432;0,8333206814043680
2023-04-08;60+;8;9,2;8;8;8;9;10;10;10;11,0;11;12,0;526;552,6;542,0;546,0;549;553;557;558;559,0;561;563,0;565,0;0,867035793580655;0,888613694387055;0,881464493601058;0,874545207415350;0,866392493366226;0,857636099182727;0,855269698907654;0,852569768507079;0,8491591413347533;0,8442724409993264;0,8395713016880217
2023-04-08;alle;13;15,0;13;13;14;15;16;16;16;17,0;18;18,0;667;701,4;690,0;694,0;697;702;706;708;709,0;711;714,0;716,0;NA;NA;NA;NA;NA;NA;NA;NA;NA;NA;NA
2023-04-07;0-60;24;26,2;24;25;25;26;27;28;28;28,0;29;30,0;158;166,4;161,0;163,0;164;166;169;169;170,0;171;172,0;174,0;0,914532442149109;0,931047032903996;0,925227408804723;0,919566898894215;0,912631942819011;0,904938075713138;0,902872273899386;0,900414400850523;0,8974236729229351;0,8921219430463158;0,8871302596439657
2023-04-07;60+;70;76,8;72;73;75;77;79;79;80;80,0;82;83,0;606;637,1;626,0;630,0;633;637;642;643;644,0;646;648,0;651,0;0,911997824540576;0,927030302911575;0,921799142038491;0,917060574337748;0,911543055487542;0,905443416550713;0,903849084536412;0,902007706528456;0,8996387552208563;0,8958205482561914;0,8925882159812767
2023-04-07;alle;94;103,0;98;99;101;103;105;106;107;107,0;109;110,0;764;803,5;791,0;795,0;799;804;809;810;812,0;814;817,0;819,0;NA;NA;NA;NA;NA;NA;NA;NA;NA;NA;NA
2023-04-06;0-60;22;23,2;22;22;22;23;24;24;24;25,0;25;26,0;158;165,1;160,0;162,0;163;165;167;168;168,0;169;170,0;172,0;0,948449153824694;0,958823430262440;0,955089479834104;0,951569901218780;0,947081248707300;0,942146497702518;0,940892413222945;0,939253761907679;0,9370027794533835;0,9337002545416931;0,9307928668507925
2023-04-06;60+;78;82,4;79;80;81;82;84;84;85;85,0;86;87,0;618;645,8;635,0;639,0;642;646;650;651;652,0;654;656,0;658,0;0,946739794859224;0,955958018191949;0,952826751862175;0,949809670340735;0,946323105005126;0,942511882806634;0,941572865248407;0,940401263836622;0,9388145864970587;0,9365174444795070;0,9345423626265995
2023-04-06;alle;100;105,6;101;103;104;106;107;108;108;109,0;110;111,0;776;810,9;799,0;803,0;807;811;816;817;819,0;821;823,0;826,0;NA;NA;NA;NA;NA;NA;NA;NA;NA;NA;NA
2023-04-05;0-60;35;36,5;35;35;36;36;37;38;38;38,0;39;39,0;162;168,5;164,0;165,0;167;169;171;171;172,0;172;174,0;175,0;0,957642848746260;0,966424762365565;0,963625439555846;0,960806918514290;0,957270626672442;0,953461534495145;0,952522893455632;0,951294522743357;0,9497348211868697;0,9474985965236427;0,9452815085443609
2023-04-05;60+;123;128,6;124;126;127;128;130;131;131;132,0;133;134,0;655;681,2;671,0;674,0;678;681;685;686;687,0;689;691,0;693,0;0,956491675892031;0,963948392065113;0,961415858364211;0,959123468798347;0,956430743217474;0,953459467903762;0,952739741531886;0,951881492888006;0,9507714647534199;0,9491658862072629;0,9476813832678512
2023-04-05;alle;158;165,1;160;162;163;165;167;168;168;169,0;170;171,0;817;849,7;838,0;842,0;846;850;855;856;857,0;859;862,0;864,0;NA;NA;NA;NA;NA;NA;NA;NA;NA;NA;NA
2023-04-04;0-60;45;46,3;45;45;45;46;47;47;47;48,0;48;49,0;165;170,6;167,0;168,0;169;171;173;173;174,0;174;175,0;176,0;0,972708763741430;0,978343139219949;0,976485012068270;0,974583957003196;0,972288238666660;0,969863598791749;0,969200705372710;0,968407753121118;0,9674332948573632;0,9658671648608173;0,9644194477181188
2023-04-04;60+;214;220,2;216;217;218;220;222;222;223;224,0;225;226,0;683;706,2;697,0;700,0;703;706;710;711;712,0;714;716,0;718,0;0,971920620553939;0,976816498605354;0,975120513992593;0,973569226178402;0,971773393761356;0,969919752048748;0,969453110233023;0,968886388751897;0,9680909813953307;0,9669494389524680;0,9659544334309828
2023-04-04;alle;259;266,4;262;263;265;266;268;269;269;270,0;272;273,0;848;876,9;866,0;870,0;873;877;881;883;884,0;885;888,0;890,0;NA;NA;NA;NA;NA;NA;NA;NA;NA;NA;NA
2023-04-03;0-60;4;4,2;4;4;4;4;4;4;5;5,0;5;5,0;181;186,0;182,0;183,0;185;186;188;188;189,0;189;191,0;191,0;0,949655831009250;0,961793945736442;0,957442745777092;0,953349990968236;0,948424975005562;0,942843822157244;0,941373277073188;0,939503117053983;0,9372471961449491;0,9333449347699467;0,9302467450261247
2023-04-03;60+;16;16,9;16;16;16;17;17;18;18;18,0;19;19,0;734;753,8;745,0;748,0;751;754;757;758;759,0;761;763,0;765,0;0,948067329091381;0,959612269785100;0,955699949304847;0,952128865255137;0,947632519298801;0,942885524449101;0,941690199130689;0,940095815042447;0,9381782577146353;0,9351535703749785;0,9325044862606779
2023-04-03;alle;20;21,1;20;20;20;21;22;22;22;23,0;23;24,0;915;939,9;930,0;933,0;937;940;944;945;946,0;948;950,0;952,0;NA;NA;NA;NA;NA;NA;NA;NA;NA;NA;NA
2023-04-02;0-60;6;6,5;6;6;6;6;7;7;7;8,0;8;8,0;182;186,9;183,0;184,0;185;187;189;189;190,0;190;191,0;192,0;0,916071757765875;0,937218244851290;0,929646423434243;0,922528483551877;0,913554412730485;0,903249881808054;0,900469082359381;0,897443927572831;0,8933362129695039;0,8865829937993646;0,8800780191105595
2023-04-02;60+;17;18,6;17;17;18;18;19;20;20;20,0;21;22,0;745;764,5;756,0;759,0;761;765;768;769;770,0;771;773,0;775,0;0,913379661325799;0,934087400082992;0,927116147585610;0,920545526359698;0,912644258262141;0,903745979301044;0,901461171676241;0,898600324531440;0,8950419752938915;0,8896214096973427;0,8845274359838429
2023-04-02;alle;23;25,2;23;23;24;25;26;26;27;27,0;28;29,0;927;951,4;942,0;945,0;948;952;956;957;958,0;959;961,0;964,0;NA;NA;NA;NA;NA;NA;NA;NA;NA;NA;NA
2023-04-01;0-60;22;23,4;22;22;23;23;24;24;25;25,0;26;26,0;182;186,5;183,0;184,0;185;187;188;189;189,0;190;191,0;192,0;0,940838593837822;0,952795298061790;0,948177638082193;0,943876168805046;0,938734025590298;0,932919932974641;0,931338634173301;0,929399292862851;0,9268483720246911;0,9227253450967834;0,9186348228977916
2023-04-01;60+;88;93,7;90;91;92;94;95;96;96;97,0;98;99,0;745;763,4;755,0;758,0;760;763;767;768;769,0;770;772,0;774,0;0,938884665863054;0,949437176770378;0,945853136828288;0,942392603127295;0,938239614232085;0,933673291796598;0,932482772358822;0,931102836250988;0,9291960203840002;0,9264810460144873;0,9239238809724519
2023-04-01;alle;110;117,1;112;114;115;117;119;120;120;121,0;122;123,0;927;949,9;941,0;944,0;947;950;954;955;956,0;958;960,0;962,0;NA;NA;NA;NA;NA;NA;NA;NA;NA;NA;NA
2023-03-31;0-60;24;25,0;24;24;24;25;26;26;26;26,0;27;27,0;190;193,8;191,0;191,0;192;194;195;196;196,0;197;198,0;199,0;0,961251853605486;0,969103763377184;0,966070034926278;0,963117181692411;0,959586498263792;0,955426575738564;0,954353587239568;0,953017112964047;0,9510829015222320;0,9478612932924101;0,9440289225106662
2023-03-31;60+;82;85,4;82;83;84;85;87;87;87;88,0;89;90,0;775;790,0;783,0;785,0;787;790;793;794;795,0;796;798,0;799,0;0,959913631320728;0,967119823913678;0,964664860681404;0,962285620429248;0,959445916374910;0,956219676869219;0,955404539415192;0,954392443261162;0,9530596765964765;0,9511083165426919;0,9492753138629837
2023-03-31;alle;106;110,4;107;108;109;110;112;112;113;113,0;114;115,0;965;983,8;975,7;978,0;981;984;987;988;989,0;991;993,0;995,0;NA;NA;NA;NA;NA;NA;NA;NA;NA;NA;NA
2023-03-30;0-60;26;26,6;26;26;26;26;27;27;27;28,0;28;29,0;199;202,2;199,0;200,0;201;202;204;204;205,0;205;206,0;207,0;0,977361966590947;0,981986711398664;0,980187818274490;0,978421568308352;0,976233116150917;0,973684778858224;0,973011900131945;0,972085446485103;0,9708714426176080;0,9687938231305868;0,9661191940111431
2023-03-30;60+;115;117,8;115;116;117;118;119;119;120;120,0;121;122,0;848;861,5;855,0;857,0;859;862;865;865;866,0;867;869,0;871,0;0,976641937201576;0,981133970741391;0,979559439079393;0,978049126349593;0,976309998982400;0,974309657307987;0,973768968982345;0,973109616670873;0,9723651571522274;0,9711160175467632;0,9698973609644328
2023-03-30;alle;141;144,4;141;142;143;144;146;146;146;147,0;148;149,0;1047;1063,7;1056,0;1059,0;1061;1064;1067;1068;1069,0;1071;1073,0;1075,0;NA;NA;NA;NA;NA;NA;NA;NA;NA;NA;NA
2023-03-29;0-60;38;38,7;38;38;38;38;39;39;40;40,0;40;41,0;214;216,9;214,0;215,0;216;217;218;219;219,0;220;221,0;221,0;0,982866489563841;0,986900332016315;0,985546028511790;0,984247526273915;0,982577489357580;0,980751444944871;0,980312536771837;0,979756608253538;0,9790218823672840;0,9778642711277721;0,9768383647246959
2023-03-29;60+;151;153,6;151;152;152;153;155;155;155;156,0;157;157,0;905;917,0;910,0;913,0;915;917;920;920;921,0;922;924,0;926,0;0,982753491151901;0,986229700428503;0,985112840523280;0,984009055142560;0,982668308447972;0,981251111417015;0,980868906231088;0,980425719866848;0,9798827343189218;0,9790164538488428;0,9782572303840285
2023-03-29;alle;189;192,3;189;190;191;192;194;194;194;195,0;196;197,0;1119;1133,8;1127,0;1129,0;1131;1134;1137;1138;1139,0;1140;1142,0;1144,0;NA;NA;NA;NA;NA;NA;NA;NA;NA;NA;NA
2023-03-28;0-60;61;61,6;61;61;61;61;62;62;63;63,0;63;64,0;227;229,4;227,0;228,0;228;229;231;231;231,0;232;233,0;234,0;0,989513696114321;0,991911080913507;0,991045925445475;0,990254637440036;0,989227584837244;0,988118909553880;0,987825446449265;0,987465089206815;0,9869901717460540;0,9862128339144427;0,9856133277705650
2023-03-28;60+;265;267,8;265;266;267;268;269;269;270;270,0;271;272,0;938;948,0;942,0;944,0;946;948;951;951;952,0;953;955,0;956,0;0,989514817980889;0,991744203607918;0,990991641483158;0,990265938143234;0,989445861058024;0,988478576840604;0,988253129095348;0,987978557932269;0,9876164429661359;0,9870566799061984;0,9864786605632447
2023-03-28;alle;326;329,5;326;327;328;329;331;331;331;332,0;333;334,0;1165;1177,5;1171,0;1173,0;1175;1178;1181;1182;1182,0;1184;1186,0;1187,0;NA;NA;NA;NA;NA;NA;NA;NA;NA;NA;NA
2023-03-27;0-60;5;5,1;5;5;5;5;5;5;5;5,0;6;6,0;240;242,0;240,0;240,0;241;242;243;243;244,0;244;245,0;246,0;0,981346209663939;0,986074827901815;0,984439747580242;0,982744848172842;0,980437029836398;0,977844889871096;0,977128278215616;0,976225098855611;0,9751115825137835;0,9731277025265879;0,9712934186033738
2023-03-27;60+;27;27,5;27;27;27;27;28;28;28;28,0;29;29,0;1021;1029,1;1024,0;1025,0;1027;1029;1032;1032;1033,0;1034;1035,0;1037,0;0,981350832646441;0,986153946467207;0,984623393824791;0,983042505916079;0,981052201405395;0,978862073122239;0,978263766830554;0,977566020563324;0,9766663693728177;0,9752139996480532;0,9737409048073657
2023-03-27;alle;32;32,6;32;32;32;32;33;33;33;34,0;34;35,0;1261;1271,1;1265,0;1267,0;1269;1271;1274;1275;1276,0;1277;1279,0;1281,0;NA;NA;NA;NA;NA;NA;NA;NA;NA;NA;NA
2023-03-26;0-60;6;6,2;6;6;6;6;6;6;7;7,0;7;7,0;242;243,9;242,0;242,0;243;244;245;245;246,0;246;247,0;248,0;0,970285061825222;0,978754348928858;0,975707954764866;0,972550421713272;0,968542117358075;0,963612507364842;0,962292897019437;0,960588794801060;0,9582308093308358;0,9539741286843333;0,9493796844322278
2023-03-26;60+;17;17,5;17;17;17;17;18;18;18;19,0;19;19,0;1025;1032,8;1028,0;1029,0;1031;1033;1035;1036;1037,0;1038;1039,0;1040,0;0,970361845155178;0,978915070162526;0,976125439177134;0,973323745414015;0,969875240842521;0,965706911362424;0,964584330092213;0,963260504302761;0,9615816786191624;0,9588056518060235;0,9561162920245366
2023-03-26;alle;23;23,7;23;23;23;24;24;24;25;25,0;25;26,0;1267;1276,7;1271,0;1273,0;1275;1277;1280;1280;1281,0;1282;1284,0;1286,0;NA;NA;NA;NA;NA;NA;NA;NA;NA;NA;NA
2023-03-25;0-60;30;30,6;30;30;30;30;31;31;31;32,0;32;33,0;241;242,8;241,0;241,0;242;243;244;244;245,0;245;246,0;247,0;0,980396834338799;0,985714294946624;0,983771194387641;0,981770169206143;0,979173749665909;0,975776396719790;0,974775917722185;0,973396187735513;0,9714793599790115;0,9679454063180437;0,9635140013799879
2023-03-25;60+;118;120,4;118;119;119;120;121;122;122;123,0;123;124,0;1031;1038,5;1033,0;1035,0;1037;1039;1041;1042;1042,0;1043;1045,0;1046,0;0,980448179098594;0,985702368833130;0,983996773438022;0,982176870008631;0,980054411467854;0,977504440508721;0,976751504324585;0,975924126965032;0,9747991086288761;0,9729662237552420;0,9712608727635424
2023-03-25;alle;148;151,0;148;149;150;151;152;153;153;154,0;154;155,0;1272;1281,3;1276,0;1277,0;1279;1282;1284;1285;1286,0;1287;1289,0;1290,0;NA;NA;NA;NA;NA;NA;NA;NA;NA;NA;NA
2023-03-24;0-60;33;33,4;33;33;33;33;34;34;34;34,0;35;35,0;252;253,5;252,0;252,0;253;253;255;255;255,0;256;257,0;257,0;0,987728020656590;0,991495238797044;0,990189857002135;0,988823456394887;0,986848440419343;0,984179798696696;0,983298187653241;0,982182460436637;0,9804412304667458;0,9767731871511001;0,9720202893731208
2023-03-24;60+;155;156,9;155;155;156;157;158;158;159;159,0;160;160,0;1088;1094,5;1090,0;1091,0;1093;1095;1097;1097;1098,0;1099;1101,0;1102,0;0,987645690622449;0,991366301512626;0,990137746482010;0,988919036013336;0,987367810866710;0,985465576052684;0,984931812929543;0,984248487686810;0,9833192367429809;0,9817803171293364;0,9801283991661549
2023-03-24;alle;188;190,3;188;189;189;190;192;192;192;193,0;194;194,0;1340;1348,0;1343,0;1344,0;1346;1348;1351;1352;1352,0;1353;1355,0;1357,0;NA;NA;NA;NA;NA;NA;NA;NA;NA;NA;NA
2023-03-23;0-60;41;41,3;41;41;41;41;42;42;42;42,0;42;43,0;273;274,4;273,0;273,0;274;274;275;276;276,0;277;278,0;278,0;0,993240478907165;0,995552336864685;0,994759651619262;0,993924063291757;0,992710620322604;0,990968329150045;0,990369148533023;0,989603319962037;0,9883624177384724;0,9857290993860859;0,9822894482767928
2023-03-23;60+;172;173,2;172;172;172;173;174;174;174;175,0;175;176,0;1113;1118,6;1114,0;1116,0;1117;1119;1121;1121;1122,0;1123;1124,0;1126,0;0,993172349400296;0,995422015110889;0,994694668137352;0,993941164309713;0,992983064328763;0,991783978597253;0,991420750097177;0,991002344611680;0,9904337412264221;0,9894009998005231;0,9883859952480900
2023-03-23;alle;213;214,5;213;213;214;214;215;216;216;216,0;217;218,0;1386;1393,0;1388,0;1390,0;1391;1393;1396;1396;1397,0;1398;1400,0;1402,0;NA;NA;NA;NA;NA;NA;NA;NA;NA;NA;NA
2023-03-22;0-60;51;51,2;51;51;51;51;51;51;52;52,0;52;52,0;274;275,2;274,0;274,0;274;275;276;277;277,0;277;278,0;279,0;0,995836488015975;0,997560669644486;0,997012947046689;0,996449696977088;0,995733304256298;0,994832743850318;0,994598725361036;0,994301767507853;0,9938988746626823;0,9932901692465653;0,9925908989280259
2023-03-22;60+;184;184,7;184;184;184;185;185;185;186;186,0;186;187,0;1135;1140,1;1136,0;1137,0;1138;1140;1142;1143;1143,0;1144;1146,0;1147,0;0,996120064921386;0,997511284872598;0,997075784309958;0,996642128238071;0,996089392351403;0,995448535088746;0,995282278711009;0,995076438697180;0,9947940158836281;0,9943215006415449;0,9939335717513510
2023-03-22;alle;235;235,9;235;235;235;236;237;237;237;237,0;238;238,0;1409;1415,3;1411,0;1412,0;1414;1416;1418;1419;1419,0;1420;1422,0;1424,0;NA;NA;NA;NA;NA;NA;NA;NA;NA;NA;NA
2023-03-21;0-60;74;74,2;74;74;74;74;74;74;75;75,0;75;75,0;277;278,1;277,0;277,0;277;278;279;279;280,0;280;281,0;282,0;0,997277923766103;0,998374314661170;0,998046381721092;0,997656659811327;0,997149177704435;0,996509878932213;0,996319352103510;0,996097141659315;0,9957856746049706;0,9952739799861052;0,9947697387091228
2023-03-21;60+;348;348,9;348;348;348;349;350;350;350;350,0;351;351,0;1187;1191,7;1188,0;1189,0;1190;1192;1194;1194;1195,0;1196;1197,0;1199,0;0,997414669567246;0,998341336012298;0,998071078563136;0,997762266309408;0,997373246004432;0,996923231373499;0,996796689315335;0,996636205771231;0,9964487384051818;0,9961291431347863;0,9958402716561514
2023-03-21;alle;422;423,1;422;422;422;423;424;424;424;425,0;425;426,0;1464;1469,8;1466,0;1467,0;1468;1470;1472;1473;1474,0;1475;1476,0;1478,0;NA;NA;NA;NA;NA;NA;NA;NA;NA;NA;NA
2023-03-20;0-60;7;7,0;7;7;7;7;7;7;7;7,0;7;8,0;292;293,0;292,0;292,0;292;293;294;294;294,0;295;296,0;297,0;0,994381758443369;0,996923253508865;0,996190000244865;0,995320821011954;0,994054355117267;0,992162304256768;0,991614407210562;0,990828195370448;0,9897494689206396;0,9877200417604759;0,9854133212761869
2023-03-20;60+;31;31,2;31;31;31;31;31;31;32;32,0;32;32,0;1231;1235,3;1232,0;1233,0;1234;1235;1237;1238;1238,0;1239;1241,0;1242,0;0,994414283714138;0,996644726087933;0,995988957654619;0,995256249835531;0,994319076637049;0,993106705329396;0,992766682011458;0,992298869259337;0,9917325002000622;0,9907067960669466;0,9897757965699467
2023-03-20;alle;38;38,2;38;38;38;38;38;39;39;39,0;39;40,0;1523;1528,3;1524,0;1525,0;1527;1528;1531;1531;1532,0;1533;1535,0;1536,0;NA;NA;NA;NA;NA;NA;NA;NA;NA;NA;NA
2023-03-19;0-60;5;5,1;5;5;5;5;5;5;5;5,0;6;6,0;298;299,0;298,0;298,0;298;299;300;300;301,0;301;302,0;303,0;0,989947865894650;0,995044586327762;0,993566355267536;0,991968376997924;0,989440787537326;0,985424087244108;0,984045597234071;0,982365118746128;0,9797487679285367;0,9750067361968517;0,9689871991416221
2023-03-19;60+;23;23,2;23;23;23;23;23;24;24;24,0;24;25,0;1238;1242,2;1239,0;1240,0;1241;1242;1244;1245;1245,0;1246;1248,0;1249,0;0,989733146156442;0,994273222635643;0,992944931047119;0,991540857757464;0,989534844852262;0,987000314760146;0,986231602275935;0,985365888425772;0,9840399584501637;0,9819034665760392;0,9796993933724520
2023-03-19;alle;28;28,3;28;28;28;28;29;29;29;29,0;29;30,0;1536;1541,2;1537,0;1538,0;1540;1541;1544;1544;1545,0;1546;1548,0;1549,0;NA;NA;NA;NA;NA;NA;NA;NA;NA;NA;NA
2023-03-18;0-60;41;41,3;41;41;41;41;42;42;42;42,0;43;43,0;303;304,0;303,0;303,0;303;304;305;305;306,0;306;307,0;308,0;0,992554332400005;0,996579950099358;0,995512960969651;0,994276055684523;0,992282108198471;0,988830345979380;0,987699344605295;0,986189209319811;0,9840436195227131;0,9795883315770979;0,9737492638633718
2023-03-18;60+;175;176,4;175;175;175;176;177;177;178;178,0;179;180,0;1239;1243,2;1240,0;1240,0;1242;1243;1245;1246;1246,0;1247;1249,0;1250,0;0,992207219234768;0,995694389060238;0,994708977676997;0,993584914837573;0,992098695332065;0,990122156323238;0,989471679376998;0,988731387586768;0,9876869651147007;0,9859112561551404;0,9842182586111515
2023-03-18;alle;216;217,7;216;216;217;218;219;219;219;220,0;221;221,0;1542;1547,2;1543,0;1544,0;1546;1547;1550;1550;1551,0;1552;1553,5;1555,0;NA;NA;NA;NA;NA;NA;NA;NA;NA;NA;NA
2023-03-17;0-60;54;54,3;54;54;54;54;55;55;55;55,0;56;56,0;313;313,9;313,0;313,0;313;314;315;315;316,0;316;317,0;318,0;0,994698991095545;0,997814486899479;0,997101281574323;0,996159779873739;0,994527959590805;0,991604004991793;0,990580509738520;0,989302348680248;0,9872267788750284;0,9828560751194495;0,9776458177187249
2023-03-17;60+;180;181,0;180;180;180;181;182;182;182;183,0;183;184,0;1262;1265,8;1262,0;1263,0;1264;1266;1268;1268;1269,0;1270;1271,0;1273,0;0,994261365206099;0,997027088776076;0,996299959375912;0,995440748430468;0,994216521520783;0,992514640049265;0,992017406221860;0,991375859148441;0,9904726460767660;0,9888868726435203;0,9871338896600601
2023-03-17;alle;234;235,3;234;234;235;235;236;237;237;237,0;238;239,0;1575;1579,8;1576,0;1577,0;1578;1580;1582;1583;1584,0;1585;1586,0;1588,0;NA;NA;NA;NA;NA;NA;NA;NA;NA;NA;NA
2023-03-16;0-60;42;42,1;42;42;42;42;42;42;43;43,0;43;43,0;322;322,9;322,0;322,0;322;323;324;324;324,0;325;326,0;327,0;0,996903846531155;0,998828182782768;0,998399080802230;0,997830754818102;0,996813114817924;0,994894396463421;0,994201607913192;0,993348715652606;0,9918726215674555;0,9887913252375048;0,9853555558064081
2023-03-16;60+;194;194,7;194;194;194;194;195;195;196;196,0;197;197,0;1274;1277,6;1274,0;1275,0;1276;1277;1279;1280;1280,0;1281;1283,0;1284,0;0,996582359186606;0,998319828441957;0,997875406591302;0,997319039215273;0,996566092691379;0,995454089184607;0,995101590819622;0,994690850834483;0,9940953010532592;0,9930201955079279;0,9919052676818069
2023-03-16;alle;236;236,8;236;236;236;237;237;238;238;238,0;239;239,0;1596;1600,4;1597,0;1598,0;1599;1601;1603;1603;1604,0;1605;1607,0;1608,0;NA;NA;NA;NA;NA;NA;NA;NA;NA;NA;NA
2023-03-15;0-60;54;54,1;54;54;54;54;54;54;54;54,0;55;55,0;347;347,8;347,0;347,0;347;348;349;349;349,0;350;351,0;352,0;0,998580392613305;0,999343999410054;0,999138937776214;0,998912649686496;0,998567128960936;0,998105686781833;0,997972712561928;0,997794132641123;0,9975392416253008;0,9971402849454283;0,9967538462546213
2023-03-15;60+;236;236,3;236;236;236;236;237;237;237;237,0;237;238,0;1280;1283,4;1280,0;1281,0;1282;1283;1285;1286;1286,0;1287;1289,0;1290,0;0,998632171700081;0,999231090016698;0,999060696714018;0,998872116666895;0,998630129641602;0,998331780923605;0,998245754956148;0,998143073644292;0,9979944639521052;0,9977857031696755;0,9975585849657221
2023-03-15;alle;290;290,4;290;290;290;290;291;291;291;291,0;292;292,0;1627;1631,2;1628,0;1628,0;1630;1631;1633;1634;1635,0;1636;1638,0;1639,0;NA;NA;NA;NA;NA;NA;NA;NA;NA;NA;NA
2023-03-14;0-60;89;89,1;89;89;89;89;89;89;89;90,0;90;90,0;360;360,8;360,0;360,0;360;361;362;362;362,0;363;364,0;365,0;0,998834721319096;0,999528482682427;0,999362366808985;0,999150560729140;0,998823931903009;0,998331402351371;0,998181678185126;0,997990885048873;0,9976974211677039;0,9972226970904219;0,9967290383433010
2023-03-14;60+;392;392,5;392;392;392;392;393;393;393;393,0;394;394,0;1302;1305,0;1302,0;1303,0;1304;1305;1307;1307;1308,0;1308;1310,0;1311,0;0,998818755985590;0,999364299930534;0,999214235539827;0,999043355982602;0,998818075638089;0,998518920212163;0,998435638774182;0,998335786575475;0,9982038543924898;0,9979689016038049;0,9977644924666670
2023-03-14;alle;481;481,6;481;481;481;481;482;482;482;483,0;483;484,0;1662;1665,8;1662,0;1663,0;1664;1666;1668;1669;1669,0;1670;1672,0;1674,0;NA;NA;NA;NA;NA;NA;NA;NA;NA;NA;NA
2023-03-13;0-60;13;13,0;13;13;13;13;13;13;13;13,0;14;14,0;379;379,7;379,0;379,0;379;380;380;381;381,0;382;383,0;384,0;0,996969041111505;0,999047042073505;0,998607170890273;0,998003174691016;0,996939549765517;0,995134428198667;0,994531413271086;0,993768861036202;0,9926002424510767;0,9902958841968256;0,9876653720471207
2023-03-13;60+;38;38,1;38;38;38;38;38;38;38;39,0;39;39,0;1334;1336,6;1334,0;1334,0;1335;1336;1338;1338;1339,0;1340;1341,0;1343,0;0,996712390287509;0,998441690352736;0,997989216984576;0,997460720957630;0,996712368719339;0,995691267854738;0,995398144300857;0,994998224636297;0,9944492432985603;0,9934845356018897;0,9925957551206259
2023-03-13;alle;51;51,2;51;51;51;51;51;51;52;52,0;52;52,0;1713;1716,2;1713,0;1714,0;1715;1716;1718;1719;1719,0;1720;1722,0;1724,0;NA;NA;NA;NA;NA;NA;NA;NA;NA;NA;NA
2023-03-12;0-60;10;10,1;10;10;10;10;10;10;10;10,0;11;11,0;376;376,6;376,0;376,0;376;376;377;378;378,0;379;380,0;381,0;0,994001692033171;0,998429116092576;0,997565653035082;0,996296995760585;0,994027371691557;0,989936627693268;0,988489079915473;0,986708025532857;0,9841085670553219;0,9785180703369792;0,9722689862959563
2023-03-12;60+;24;24,2;24;24;24;24;24;24;25;25,0;25;25,0;1332;1334,4;1332,0;1332,0;1333;1334;1336;1336;1337,0;1338;1339,0;1340,0;0,993290400024262;0,997028647106933;0,996110112023159;0,994971043131316;0,993287465932593;0,991014020063878;0,990289283147668;0,989427213341234;0,9881533193095960;0,9859581834213202;0,9838177002999473
2023-03-12;alle;34;34,2;34;34;34;34;34;35;35;35,0;35;36,0;1708;1711,1;1708,0;1709,0;1710;1711;1713;1714;1714,0;1715;1717,0;1718,0;NA;NA;NA;NA;NA;NA;NA;NA;NA;NA;NA
2023-03-11;0-60;51;51,2;51;51;51;51;52;52;52;52,0;53;53,0;367;367,6;367,0;367,0;367;367;368;368;369,0;369;370,0;371,0;0,995374842559428;0,998978735546204;0,998338713478615;0,997307646601649;0,995397300560871;0,991908189961517;0,990729936426152;0,989176484191028;0,9867777664133129;0,9819375646200094;0,9763577759098911
2023-03-11;60+;198;199,1;198;198;198;199;200;200;200;201,0;201;202,0;1343;1345,3;1343,0;1343,0;1344;1345;1347;1347;1348,0;1348;1349,0;1351,0;0,994681730870252;0,997808192965139;0,997013486055435;0,996068245160885;0,994701681614511;0,992806837438250;0,992247258374420;0,991490482051289;0,9905084325255447;0,9886553190033230;0,9869130617960408
2023-03-11;alle;249;250,3;249;249;249;250;251;251;252;252,0;253;254,0;1710;1712,8;1710,0;1711,0;1712;1713;1715;1715;1716,0;1717;1718,0;1720,0;NA;NA;NA;NA;NA;NA;NA;NA;NA;NA;NA
2023-03-10;0-60;63;63,2;63;63;63;63;63;64;64;64,0;65;65,0;362;362,3;362,0;362,0;362;362;363;363;363,0;364;364,0;365,0;0,996632180302807;0,999410957907692;0,998953445005329;0,998184670910712;0,996668605834216;0,993760726147140;0,992721509067639;0,991325960454168;0,9891628669749747;0,9846834407913756;0,9792135373249915
2023-03-10;60+;192;192,8;192;192;192;193;193;194;194;194,0;195;195,0;1330;1331,2;1330,0;1330,0;1330;1331;1332;1332;1333,0;1333;1334,0;1335,0;0,995972095711418;0,998478100418829;0,997882999551108;0,997131940074300;0,996010324268002;0,994396278261232;0,993862063180494;0,993292883530458;0,9923939611830095;0,9908340035814511;0,9891561835311042
2023-03-10;alle;255;256,0;255;255;255;256;257;257;257;258,0;259;259,0;1692;1693,6;1692,0;1692,0;1693;1694;1695;1695;1696,0;1696;1697,0;1698,0;NA;NA;NA;NA;NA;NA;NA;NA;NA;NA;NA
2023-03-09;0-60;67;67,1;67;67;67;67;67;67;68;68,0;68;69,0;385;385,1;385,0;385,0;385;385;385;385;386,0;386;386,0;387,0;0,998222874056943;0,999761332275700;0,999534324032827;0,999120889697375;0,998243851912884;0,996479460548232;0,995773771272795;0,994879125312872;0,9934215841076155;0,9903336942136107;0,9868873298176375
2023-03-09;60+;200;200,4;200;200;200;200;201;201;201;202,0;202;202,0;1371;1371,4;1371,0;1371,0;1371;1371;1372;1372;1372,0;1373;1373,0;1373,0;0,997782415155566;0,999249242452732;0,998920048643351;0,998473719364678;0,997802372403770;0,996811800890971;0,996481755265754;0,996074843892524;0,9955273990187417;0,9944640329863794;0,9934269413192935
2023-03-09;alle;267;267,6;267;267;267;267;268;268;269;269,0;269;270,0;1756;1756,6;1756,0;1756,0;1756;1756;1757;1757;1758,0;1758;1758,0;1759,0;NA;NA;NA;NA;NA;NA;NA;NA;NA;NA;NA
2023-03-08;0-60;67;67,0;67;67;67;67;67;67;67;67,0;67;67,0;397;397,0;397,0;397,0;397;397;397;397;397,0;397;397,0;397,0;1,000000000000000;1,000000000000000;1,000000000000000;1,000000000000000;1,000000000000000;1,000000000000000;1,000000000000000;1,000000000000000;1,0000000000000000;1,0000000000000000;1,0000000000000000
2023-03-08;60+;258;258,0;258;258;258;258;258;258;258;258,0;258;258,0;1398;1398,0;1398,0;1398,0;1398;1398;1398;1398;1398,0;1398;1398,0;1398,0;1,000000000000000;1,000000000000000;1,000000000000000;1,000000000000000;1,000000000000000;1,000000000000000;1,000000000000000;1,000000000000000;1,0000000000000000;1,0000000000000000;1,0000000000000000
2023-03-08;alle;325;325,0;325;325;325;325;325;325;325;325,0;325;325,0;1795;1795,0;1795,0;1795,0;1795;1795;1795;1795;1795,0;1795;1795,0;1795,0;1,000000000000000;1,000000000000000;1,000000000000000;1,000000000000000;1,000000000000000;1,000000000000000;1,000000000000000;1,000000000000000;1,0000000000000000;1,0000000000000000;1,0000000000000000
2023-03-07;0-60;108;108,0;108;108;108;108;108;108;108;108,0;108;108,0;462;462,0;462,0;462,0;462;462;462;462;462,0;462;462,0;462,0;1,000000000000000;1,000000000000000;1,000000000000000;1,000000000000000;1,000000000000000;1,000000000000000;1,000000000000000;1,000000000000000;1,0000000000000000;1,0000000000000000;1,0000000000000000
2023-03-07;60+;424;424,0;424;424;424;424;424;424;424;424,0;424;424,0;1428;1428,0;1428,0;1428,0;1428;1428;1428;1428;1428,0;1428;1428,0;1428,0;1,000000000000000;1,000000000000000;1,000000000000000;1,000000000000000;1,000000000000000;1,000000000000000;1,000000000000000;1,000000000000000;1,0000000000000000;1,0000000000000000;1,0000000000000000
2023-03-07;alle;532;532,0;532;532;532;532;532;532;532;532,0;532;532,0;1890;1890,0;1890,0;1890,0;1890;1890;1890;1890;1890,0;1890;1890,0;1890,0;1,000000000000000;1,000000000000000;1,000000000000000;1,000000000000000;1,000000000000000;1,000000000000000;1,000000000000000;1,000000000000000;1,0000000000000000;1,0000000000000000;1,0000000000000000
2023-03-06;0-60;10;10,0;10;10;10;10;10;10;10;10,0;10;10,0;544;544,0;544,0;544,0;544;544;544;544;544,0;544;544,0;544,0;1,000000000000000;1,000000000000000;1,000000000000000;1,000000000000000;1,000000000000000;1,000000000000000;1,000000000000000;1,000000000000000;1,0000000000000000;1,0000000000000000;1,0000000000000000
2023-03-06;60+;36;36,0;36;36;36;36;36;36;36;36,0;36;36,0;1488;1488,0;1488,0;1488,0;1488;1488;1488;1488;1488,0;1488;1488,0;1488,0;1,000000000000000;1,000000000000000;1,000000000000000;1,000000000000000;1,000000000000000;1,000000000000000;1,000000000000000;1,000000000000000;1,0000000000000000;1,0000000000000000;1,0000000000000000
2023-03-06;alle;46;46,0;46;46;46;46;46;46;46;46,0;46;46,0;2032;2032,0;2032,0;2032,0;2032;2032;2032;2032;2032,0;2032;2032,0;2032,0;1,000000000000000;1,000000000000000;1,000000000000000;1,000000000000000;1,000000000000000;1,000000000000000;1,000000000000000;1,000000000000000;1,0000000000000000;1,0000000000000000;1,0000000000000000
2023-03-05;0-60;1;1,0;1;1;1;1;1;1;1;1,0;1;1,0;553;553,0;553,0;553,0;553;553;553;553;553,0;553;553,0;553,0;1,000000000000000;1,000000000000000;1,000000000000000;1,000000000000000;1,000000000000000;1,000000000000000;1,000000000000000;1,000000000000000;1,0000000000000000;1,0000000000000000;1,0000000000000000
2023-03-05;60+;35;35,0;35;35;35;35;35;35;35;35,0;35;35,0;1503;1503,0;1503,0;1503,0;1503;1503;1503;1503;1503,0;1503;1503,0;1503,0;1,000000000000000;1,000000000000000;1,000000000000000;1,000000000000000;1,000000000000000;1,000000000000000;1,000000000000000;1,000000000000000;1,0000000000000000;1,0000000000000000;1,0000000000000000
2023-03-05;alle;36;36,0;36;36;36;36;36;36;36;36,0;36;36,0;2056;2056,0;2056,0;2056,0;2056;2056;2056;2056;2056,0;2056;2056,0;2056,0;1,000000000000000;1,000000000000000;1,000000000000000;1,000000000000000;1,000000000000000;1,000000000000000;1,000000000000000;1,000000000000000;1,0000000000000000;1,0000000000000000;1,0000000000000000
2023-03-04;0-60;46;46,0;46;46;46;46;46;46;46;46,0;46;46,0;560;560,0;560,0;560,0;560;560;560;560;560,0;560;560,0;560,0;1,000000000000000;1,000000000000000;1,000000000000000;1,000000000000000;1,000000000000000;1,000000000000000;1,000000000000000;1,000000000000000;1,0000000000000000;1,0000000000000000;1,0000000000000000
2023-03-04;60+;185;185,0;185;185;185;185;185;185;185;185,0;185;185,0;1510;1510,0;1510,0;1510,0;1510;1510;1510;1510;1510,0;1510;1510,0;1510,0;1,000000000000000;1,000000000000000;1,000000000000000;1,000000000000000;1,000000000000000;1,000000000000000;1,000000000000000;1,000000000000000;1,0000000000000000;1,0000000000000000;1,0000000000000000
2023-03-04;alle;231;231,0;231;231;231;231;231;231;231;231,0;231;231,0;2070;2070,0;2070,0;2070,0;2070;2070;2070;2070;2070,0;2070;2070,0;2070,0;1,000000000000000;1,000000000000000;1,000000000000000;1,000000000000000;1,000000000000000;1,000000000000000;1,000000000000000;1,000000000000000;1,0000000000000000;1,0000000000000000;1,0000000000000000
2023-03-03;0-60;86;86,0;86;86;86;86;86;86;86;86,0;86;86,0;599;599,0;599,0;599,0;599;599;599;599;599,0;599;599,0;599,0;1,000000000000000;1,000000000000000;1,000000000000000;1,000000000000000;1,000000000000000;1,000000000000000;1,000000000000000;1,000000000000000;1,0000000000000000;1,0000000000000000;1,0000000000000000
2023-03-03;60+;233;233,0;233;233;233;233;233;233;233;233,0;233;233,0;1578;1578,0;1578,0;1578,0;1578;1578;1578;1578;1578,0;1578;1578,0;1578,0;1,000000000000000;1,000000000000000;1,000000000000000;1,000000000000000;1,000000000000000;1,000000000000000;1,000000000000000;1,000000000000000;1,0000000000000000;1,0000000000000000;1,0000000000000000
2023-03-03;alle;319;319,0;319;319;319;319;319;319;319;319,0;319;319,0;2177;2177,0;2177,0;2177,0;2177;2177;2177;2177;2177,0;2177;2177,0;2177,0;1,000000000000000;1,000000000000000;1,000000000000000;1,000000000000000;1,000000000000000;1,000000000000000;1,000000000000000;1,000000000000000;1,0000000000000000;1,0000000000000000;1,0000000000000000
2023-03-02;0-60;79;79,0;79;79;79;79;79;79;79;79,0;79;79,0;601;601,0;601,0;601,0;601;601;601;601;601,0;601;601,0;601,0;1,000000000000000;1,000000000000000;1,000000000000000;1,000000000000000;1,000000000000000;1,000000000000000;1,000000000000000;1,000000000000000;1,0000000000000000;1,0000000000000000;1,0000000000000000
2023-03-02;60+;227;227,0;227;227;227;227;227;227;227;227,0;227;227,0;1646;1646,0;1646,0;1646,0;1646;1646;1646;1646;1646,0;1646;1646,0;1646,0;1,000000000000000;1,000000000000000;1,000000000000000;1,000000000000000;1,000000000000000;1,000000000000000;1,000000000000000;1,000000000000000;1,0000000000000000;1,0000000000000000;1,0000000000000000
2023-03-02;alle;306;306,0;306;306;306;306;306;306;306;306,0;306;306,0;2247;2247,0;2247,0;2247,0;2247;2247;2247;2247;2247,0;2247;2247,0;2247,0;1,000000000000000;1,000000000000000;1,000000000000000;1,000000000000000;1,000000000000000;1,000000000000000;1,000000000000000;1,000000000000000;1,0000000000000000;1,0000000000000000;1,0000000000000000
2023-03-01;0-60;132;132,0;132;132;132;132;132;132;132;132,0;132;132,0;648;648,0;648,0;648,0;648;648;648;648;648,0;648;648,0;648,0;1,000000000000000;1,000000000000000;1,000000000000000;1,000000000000000;1,000000000000000;1,000000000000000;1,000000000000000;1,000000000000000;1,0000000000000000;1,0000000000000000;1,0000000000000000
2023-03-01;60+;288;288,0;288;288;288;288;288;288;288;288,0;288;288,0;1854;1854,0;1854,0;1854,0;1854;1854;1854;1854;1854,0;1854;1854,0;1854,0;1,000000000000000;1,000000000000000;1,000000000000000;1,000000000000000;1,000000000000000;1,000000000000000;1,000000000000000;1,000000000000000;1,0000000000000000;1,0000000000000000;1,0000000000000000
2023-03-01;alle;420;420,0;420;420;420;420;420;420;420;420,0;420;420,0;2502;2502,0;2502,0;2502,0;2502;2502;2502;2502;2502,0;2502;2502,0;2502,0;1,000000000000000;1,000000000000000;1,000000000000000;1,000000000000000;1,000000000000000;1,000000000000000;1,000000000000000;1,000000000000000;1,0000000000000000;1,0000000000000000;1,0000000000000000
2023-02-28;0-60;190;190,0;190;190;190;190;190;190;190;190,0;190;190,0;590;590,0;590,0;590,0;590;590;590;590;590,0;590;590,0;590,0;1,000000000000000;1,000000000000000;1,000000000000000;1,000000000000000;1,000000000000000;1,000000000000000;1,000000000000000;1,000000000000000;1,0000000000000000;1,0000000000000000;1,0000000000000000
2023-02-28;60+;484;484,0;484;484;484;484;484;484;484;484,0;484;484,0;1845;1845,0;1845,0;1845,0;1845;1845;1845;1845;1845,0;1845;1845,0;1845,0;1,000000000000000;1,000000000000000;1,000000000000000;1,000000000000000;1,000000000000000;1,000000000000000;1,000000000000000;1,000000000000000;1,0000000000000000;1,0000000000000000;1,0000000000000000
2023-02-28;alle;674;674,0;674;674;674;674;674;674;674;674,0;674;674,0;2435;2435,0;2435,0;2435,0;2435;2435;2435;2435;2435,0;2435;2435,0;2435,0;1,000000000000000;1,000000000000000;1,000000000000000;1,000000000000000;1,000000000000000;1,000000000000000;1,000000000000000;1,000000000000000;1,0000000000000000;1,0000000000000000;1,0000000000000000
2023-02-27;0-60;19;19,0;19;19;19;19;19;19;19;19,0;19;19,0;558;558,0;558,0;558,0;558;558;558;558;558,0;558;558,0;558,0;1,000000000000000;1,000000000000000;1,000000000000000;1,000000000000000;1,000000000000000;1,000000000000000;1,000000000000000;1,000000000000000;1,0000000000000000;1,0000000000000000;1,0000000000000000
2023-02-27;60+;51;51,0;51;51;51;51;51;51;51;51,0;51;51,0;1926;1926,0;1926,0;1926,0;1926;1926;1926;1926;1926,0;1926;1926,0;1926,0;1,000000000000000;1,000000000000000;1,000000000000000;1,000000000000000;1,000000000000000;1,000000000000000;1,000000000000000;1,000000000000000;1,0000000000000000;1,0000000000000000;1,0000000000000000
2023-02-27;alle;70;70,0;70;70;70;70;70;70;70;70,0;70;70,0;2484;2484,0;2484,0;2484,0;2484;2484;2484;2484;2484,0;2484;2484,0;2484,0;1,000000000000000;1,000000000000000;1,000000000000000;1,000000000000000;1,000000000000000;1,000000000000000;1,000000000000000;1,000000000000000;1,0000000000000000;1,0000000000000000;1,0000000000000000
2023-02-26;0-60;8;8,0;8;8;8;8;8;8;8;8,0;8;8,0;545;545,0;545,0;545,0;545;545;545;545;545,0;545;545,0;545,0;1,000000000000000;1,000000000000000;1,000000000000000;1,000000000000000;1,000000000000000;1,000000000000000;1,000000000000000;1,000000000000000;1,0000000000000000;1,0000000000000000;1,0000000000000000
2023-02-26;60+;42;42,0;42;42;42;42;42;42;42;42,0;42;42,0;1941;1941,0;1941,0;1941,0;1941;1941;1941;1941;1941,0;1941;1941,0;1941,0;1,000000000000000;1,000000000000000;1,000000000000000;1,000000000000000;1,000000000000000;1,000000000000000;1,000000000000000;1,000000000000000;1,0000000000000000;1,0000000000000000;1,0000000000000000
2023-02-26;alle;50;50,0;50;50;50;50;50;50;50;50,0;50;50,0;2486;2486,0;2486,0;2486,0;2486;2486;2486;2486;2486,0;2486;2486,0;2486,0;1,000000000000000;1,000000000000000;1,000000000000000;1,000000000000000;1,000000000000000;1,000000000000000;1,000000000000000;1,000000000000000;1,0000000000000000;1,0000000000000000;1,0000000000000000
2023-02-25;0-60;85;85,0;85;85;85;85;85;85;85;85,0;85;85,0;551;551,0;551,0;551,0;551;551;551;551;551,0;551;551,0;551,0;1,000000000000000;1,000000000000000;1,000000000000000;1,000000000000000;1,000000000000000;1,000000000000000;1,000000000000000;1,000000000000000;1,0000000000000000;1,0000000000000000;1,0000000000000000
2023-02-25;60+;253;253,0;253;253;253;253;253;253;253;253,0;253;253,0;1940;1940,0;1940,0;1940,0;1940;1940;1940;1940;1940,0;1940;1940,0;1940,0;1,000000000000000;1,000000000000000;1,000000000000000;1,000000000000000;1,000000000000000;1,000000000000000;1,000000000000000;1,000000000000000;1,0000000000000000;1,0000000000000000;1,0000000000000000
2023-02-25;alle;338;338,0;338;338;338;338;338;338;338;338,0;338;338,0;2491;2491,0;2491,0;2491,0;2491;2491;2491;2491;2491,0;2491;2491,0;2491,0;1,000000000000000;1,000000000000000;1,000000000000000;1,000000000000000;1,000000000000000;1,000000000000000;1,000000000000000;1,000000000000000;1,0000000000000000;1,0000000000000000;1,0000000000000000
2023-02-24;0-60;88;88,0;88;88;88;88;88;88;88;88,0;88;88,0;538;538,0;538,0;538,0;538;538;538;538;538,0;538;538,0;538,0;1,000000000000000;1,000000000000000;1,000000000000000;1,000000000000000;1,000000000000000;1,000000000000000;1,000000000000000;1,000000000000000;1,0000000000000000;1,0000000000000000;1,0000000000000000
2023-02-24;60+;301;301,0;301;301;301;301;301;301;301;301,0;301;301,0;1958;1958,0;1958,0;1958,0;1958;1958;1958;1958;1958,0;1958;1958,0;1958,0;1,000000000000000;1,000000000000000;1,000000000000000;1,000000000000000;1,000000000000000;1,000000000000000;1,000000000000000;1,000000000000000;1,0000000000000000;1,0000000000000000;1,0000000000000000
2023-02-24;alle;389;389,0;389;389;389;389;389;389;389;389,0;389;389,0;2496;2496,0;2496,0;2496,0;2496;2496;2496;2496;2496,0;2496;2496,0;2496,0;1,000000000000000;1,000000000000000;1,000000000000000;1,000000000000000;1,000000000000000;1,000000000000000;1,000000000000000;1,000000000000000;1,0000000000000000;1,0000000000000000;1,0000000000000000
2023-02-23;0-60;126;126,0;126;126;126;126;126;126;126;126,0;126;126,0;538;538,0;538,0;538,0;538;538;538;538;538,0;538;538,0;538,0;1,000000000000000;1,000000000000000;1,000000000000000;1,000000000000000;1,000000000000000;1,000000000000000;1,000000000000000;1,000000000000000;1,0000000000000000;1,0000000000000000;1,0000000000000000
2023-02-23;60+;435;435,0;435;435;435;435;435;435;435;435,0;435;435,0;1938;1938,0;1938,0;1938,0;1938;1938;1938;1938;1938,0;1938;1938,0;1938,0;1,000000000000000;1,000000000000000;1,000000000000000;1,000000000000000;1,000000000000000;1,000000000000000;1,000000000000000;1,000000000000000;1,0000000000000000;1,0000000000000000;1,0000000000000000
2023-02-23;alle;561;561,0;561;561;561;561;561;561;561;561,0;561;561,0;2476;2476,0;2476,0;2476,0;2476;2476;2476;2476;2476,0;2476;2476,0;2476,0;1,000000000000000;1,000000000000000;1,000000000000000;1,000000000000000;1,000000000000000;1,000000000000000;1,000000000000000;1,000000000000000;1,0000000000000000;1,0000000000000000;1,0000000000000000
2023-02-22;0-60;74;74,0;74;74;74;74;74;74;74;74,0;74;74,0;515;515,0;515,0;515,0;515;515;515;515;515,0;515;515,0;515,0;1,000000000000000;1,000000000000000;1,000000000000000;1,000000000000000;1,000000000000000;1,000000000000000;1,000000000000000;1,000000000000000;1,0000000000000000;1,0000000000000000;1,0000000000000000
2023-02-22;60+;279;279,0;279;279;279;279;279;279;279;279,0;279;279,0;1794;1794,0;1794,0;1794,0;1794;1794;1794;1794;1794,0;1794;1794,0;1794,0;1,000000000000000;1,000000000000000;1,000000000000000;1,000000000000000;1,000000000000000;1,000000000000000;1,000000000000000;1,000000000000000;1,0000000000000000;1,0000000000000000;1,0000000000000000
2023-02-22;alle;353;353,0;353;353;353;353;353;353;353;353,0;353;353,0;2309;2309,0;2309,0;2309,0;2309;2309;2309;2309;2309,0;2309;2309,0;2309,0;1,000000000000000;1,000000000000000;1,000000000000000;1,000000000000000;1,000000000000000;1,000000000000000;1,000000000000000;1,000000000000000;1,0000000000000000;1,0000000000000000;1,0000000000000000
2023-02-21;0-60;158;158,0;158;158;158;158;158;158;158;158,0;158;158,0;558;558,0;558,0;558,0;558;558;558;558;558,0;558;558,0;558,0;1,000000000000000;1,000000000000000;1,000000000000000;1,000000000000000;1,000000000000000;1,000000000000000;1,000000000000000;1,000000000000000;1,0000000000000000;1,0000000000000000;1,0000000000000000
2023-02-21;60+;565;565,0;565;565;565;565;565;565;565;565,0;565;565,0;1816;1816,0;1816,0;1816,0;1816;1816;1816;1816;1816,0;1816;1816,0;1816,0;1,000000000000000;1,000000000000000;1,000000000000000;1,000000000000000;1,000000000000000;1,000000000000000;1,000000000000000;1,000000000000000;1,0000000000000000;1,0000000000000000;1,0000000000000000
2023-02-21;alle;723;723,0;723;723;723;723;723;723;723;723,0;723;723,0;2374;2374,0;2374,0;2374,0;2374;2374;2374;2374;2374,0;2374;2374,0;2374,0;1,000000000000000;1,000000000000000;1,000000000000000;1,000000000000000;1,000000000000000;1,000000000000000;1,000000000000000;1,000000000000000;1,0000000000000000;1,0000000000000000;1,0000000000000000
2023-02-20;0-60;6;6,0;6;6;6;6;6;6;6;6,0;6;6,0;583;583,0;583,0;583,0;583;583;583;583;583,0;583;583,0;583,0;1,000000000000000;1,000000000000000;1,000000000000000;1,000000000000000;1,000000000000000;1,000000000000000;1,000000000000000;1,000000000000000;1,0000000000000000;1,0000000000000000;1,0000000000000000
2023-02-20;60+;66;66,0;66;66;66;66;66;66;66;66,0;66;66,0;1712;1712,0;1712,0;1712,0;1712;1712;1712;1712;1712,0;1712;1712,0;1712,0;1,000000000000000;1,000000000000000;1,000000000000000;1,000000000000000;1,000000000000000;1,000000000000000;1,000000000000000;1,000000000000000;1,0000000000000000;1,0000000000000000;1,0000000000000000
2023-02-20;alle;72;72,0;72;72;72;72;72;72;72;72,0;72;72,0;2295;2295,0;2295,0;2295,0;2295;2295;2295;2295;2295,0;2295;2295,0;2295,0;1,000000000000000;1,000000000000000;1,000000000000000;1,000000000000000;1,000000000000000;1,000000000000000;1,000000000000000;1,000000000000000;1,0000000000000000;1,0000000000000000;1,0000000000000000
2023-02-19;0-60;14;14,0;14;14;14;14;14;14;14;14,0;14;14,0;596;596,0;596,0;596,0;596;596;596;596;596,0;596;596,0;596,0;1,000000000000000;1,000000000000000;1,000000000000000;1,000000000000000;1,000000000000000;1,000000000000000;1,000000000000000;1,000000000000000;1,0000000000000000;1,0000000000000000;1,0000000000000000
2023-02-19;60+;41;41,0;41;41;41;41;41;41;41;41,0;41;41,0;1693;1693,0;1693,0;1693,0;1693;1693;1693;1693;1693,0;1693;1693,0;1693,0;1,000000000000000;1,000000000000000;1,000000000000000;1,000000000000000;1,000000000000000;1,000000000000000;1,000000000000000;1,000000000000000;1,0000000000000000;1,0000000000000000;1,0000000000000000
2023-02-19;alle;55;55,0;55;55;55;55;55;55;55;55,0;55;55,0;2289;2289,0;2289,0;2289,0;2289;2289;2289;2289;2289,0;2289;2289,0;2289,0;NA;NA;NA;NA;NA;NA;NA;NA;NA;NA;NA
2023-02-18;0-60;72;72,0;72;72;72;72;72;72;72;72,0;72;72,0;595;595,0;595,0;595,0;595;595;595;595;595,0;595;595,0;595,0;1,000000000000000;1,000000000000000;1,000000000000000;1,000000000000000;1,000000000000000;1,000000000000000;1,000000000000000;1,000000000000000;1,0000000000000000;1,0000000000000000;1,0000000000000000
2023-02-18;60+;271;271,0;271;271;271;271;271;271;271;271,0;271;271,0;1697;1697,0;1697,0;1697,0;1697;1697;1697;1697;1697,0;1697;1697,0;1697,0;1,000000000000000;1,000000000000000;1,000000000000000;1,000000000000000;1,000000000000000;1,000000000000000;1,000000000000000;1,000000000000000;1,0000000000000000;1,0000000000000000;1,0000000000000000
2023-02-18;alle;343;343,0;343;343;343;343;343;343;343;343,0;343;343,0;2292;2292,0;2292,0;2292,0;2292;2292;2292;2292;2292,0;2292;2292,0;2292,0;NA;NA;NA;NA;NA;NA;NA;NA;NA;NA;NA
2023-02-17;0-60;88;88,0;88;88;88;88;88;88;88;88,0;88;88,0;595;595,0;595,0;595,0;595;595;595;595;595,0;595;595,0;595,0;1,000000000000000;1,000000000000000;1,000000000000000;1,000000000000000;1,000000000000000;1,000000000000000;1,000000000000000;1,000000000000000;1,0000000000000000;1,0000000000000000;1,0000000000000000
2023-02-17;60+;281;281,0;281;281;281;281;281;281;281;281,0;281;281,0;1626;1626,0;1626,0;1626,0;1626;1626;1626;1626;1626,0;1626;1626,0;1626,0;1,000000000000000;1,000000000000000;1,000000000000000;1,000000000000000;1,000000000000000;1,000000000000000;1,000000000000000;1,000000000000000;1,0000000000000000;1,0000000000000000;1,0000000000000000
2023-02-17;alle;369;369,0;369;369;369;369;369;369;369;369,0;369;369,0;2221;2221,0;2221,0;2221,0;2221;2221;2221;2221;2221,0;2221;2221,0;2221,0;NA;NA;NA;NA;NA;NA;NA;NA;NA;NA;NA
2023-02-16;0-60;103;103,0;103;103;103;103;103;103;103;103,0;103;103,0;597;597,0;597,0;597,0;597;597;597;597;597,0;597;597,0;597,0;1,000000000000000;1,000000000000000;1,000000000000000;1,000000000000000;1,000000000000000;1,000000000000000;1,000000000000000;1,000000000000000;1,0000000000000000;1,0000000000000000;1,0000000000000000
2023-02-16;60+;291;291,0;291;291;291;291;291;291;291;291,0;291;291,0;1575;1575,0;1575,0;1575,0;1575;1575;1575;1575;1575,0;1575;1575,0;1575,0;1,000000000000000;1,000000000000000;1,000000000000000;1,000000000000000;1,000000000000000;1,000000000000000;1,000000000000000;1,000000000000000;1,0000000000000000;1,0000000000000000;1,0000000000000000
2023-02-16;alle;394;394,0;394;394;394;394;394;394;394;394,0;394;394,0;2172;2172,0;2172,0;2172,0;2172;2172;2172;2172;2172,0;2172;2172,0;2172,0;NA;NA;NA;NA;NA;NA;NA;NA;NA;NA;NA
2023-02-15;0-60;117;117,0;117;117;117;117;117;117;117;117,0;117;117,0;567;567,0;567,0;567,0;567;567;567;567;567,0;567;567,0;567,0;1,000000000000000;1,000000000000000;1,000000000000000;1,000000000000000;1,000000000000000;1,000000000000000;1,000000000000000;1,000000000000000;1,0000000000000000;1,0000000000000000;1,0000000000000000
2023-02-15;60+;301;301,0;301;301;301;301;301;301;301;301,0;301;301,0;1529;1529,0;1529,0;1529,0;1529;1529;1529;1529;1529,0;1529;1529,0;1529,0;1,000000000000000;1,000000000000000;1,000000000000000;1,000000000000000;1,000000000000000;1,000000000000000;1,000000000000000;1,000000000000000;1,0000000000000000;1,0000000000000000;1,0000000000000000
2023-02-15;alle;418;418,0;418;418;418;418;418;418;418;418,0;418;418,0;2096;2096,0;2096,0;2096,0;2096;2096;2096;2096;2096,0;2096;2096,0;2096,0;NA;NA;NA;NA;NA;NA;NA;NA;NA;NA;NA
2023-02-14;0-60;183;183,0;183;183;183;183;183;183;183;183,0;183;183,0;549;549,0;549,0;549,0;549;549;549;549;549,0;549;549,0;549,0;1,000000000000000;1,000000000000000;1,000000000000000;1,000000000000000;1,000000000000000;1,000000000000000;1,000000000000000;1,000000000000000;1,0000000000000000;1,0000000000000000;1,0000000000000000
2023-02-14;60+;461;461,0;461;461;461;461;461;461;461;461,0;461;461,0;1507;1507,0;1507,0;1507,0;1507;1507;1507;1507;1507,0;1507;1507,0;1507,0;1,000000000000000;1,000000000000000;1,000000000000000;1,000000000000000;1,000000000000000;1,000000000000000;1,000000000000000;1,000000000000000;1,0000000000000000;1,0000000000000000;1,0000000000000000
2023-02-14;alle;644;644,0;644;644;644;644;644;644;644;644,0;644;644,0;2056;2056,0;2056,0;2056,0;2056;2056;2056;2056;2056,0;2056;2056,0;2056,0;NA;NA;NA;NA;NA;NA;NA;NA;NA;NA;NA
2023-02-13;0-60;19;19,0;19;19;19;19;19;19;19;19,0;19;19,0;505;505,0;505,0;505,0;505;505;505;505;505,0;505;505,0;505,0;1,000000000000000;1,000000000000000;1,000000000000000;1,000000000000000;1,000000000000000;1,000000000000000;1,000000000000000;1,000000000000000;1,0000000000000000;1,0000000000000000;1,0000000000000000
2023-02-13;60+;47;47,0;47;47;47;47;47;47;47;47,0;47;47,0;1433;1433,0;1433,0;1433,0;1433;1433;1433;1433;1433,0;1433;1433,0;1433,0;1,000000000000000;1,000000000000000;1,000000000000000;1,000000000000000;1,000000000000000;1,000000000000000;1,000000000000000;1,000000000000000;1,0000000000000000;1,0000000000000000;1,0000000000000000
2023-02-13;alle;66;66,0;66;66;66;66;66;66;66;66,0;66;66,0;1938;1938,0;1938,0;1938,0;1938;1938;1938;1938;1938,0;1938;1938,0;1938,0;NA;NA;NA;NA;NA;NA;NA;NA;NA;NA;NA
2023-02-12;0-60;13;13,0;13;13;13;13;13;13;13;13,0;13;13,0;499;499,0;499,0;499,0;499;499;499;499;499,0;499;499,0;499,0;1,000000000000000;1,000000000000000;1,000000000000000;1,000000000000000;1,000000000000000;1,000000000000000;1,000000000000000;1,000000000000000;1,0000000000000000;1,0000000000000000;1,0000000000000000
2023-02-12;60+;45;45,0;45;45;45;45;45;45;45;45,0;45;45,0;1415;1415,0;1415,0;1415,0;1415;1415;1415;1415;1415,0;1415;1415,0;1415,0;1,000000000000000;1,000000000000000;1,000000000000000;1,000000000000000;1,000000000000000;1,000000000000000;1,000000000000000;1,000000000000000;1,0000000000000000;1,0000000000000000;1,0000000000000000
2023-02-12;alle;58;58,0;58;58;58;58;58;58;58;58,0;58;58,0;1914;1914,0;1914,0;1914,0;1914;1914;1914;1914;1914,0;1914;1914,0;1914,0;NA;NA;NA;NA;NA;NA;NA;NA;NA;NA;NA
2023-02-11;0-60;72;72,0;72;72;72;72;72;72;72;72,0;72;72,0;497;497,0;497,0;497,0;497;497;497;497;497,0;497;497,0;497,0;1,000000000000000;1,000000000000000;1,000000000000000;1,000000000000000;1,000000000000000;1,000000000000000;1,000000000000000;1,000000000000000;1,0000000000000000;1,0000000000000000;1,0000000000000000
2023-02-11;60+;200;200,0;200;200;200;200;200;200;200;200,0;200;200,0;1396;1396,0;1396,0;1396,0;1396;1396;1396;1396;1396,0;1396;1396,0;1396,0;1,000000000000000;1,000000000000000;1,000000000000000;1,000000000000000;1,000000000000000;1,000000000000000;1,000000000000000;1,000000000000000;1,0000000000000000;1,0000000000000000;1,0000000000000000
2023-02-11;alle;272;272,0;272;272;272;272;272;272;272;272,0;272;272,0;1893;1893,0;1893,0;1893,0;1893;1893;1893;1893;1893,0;1893;1893,0;1893,0;NA;NA;NA;NA;NA;NA;NA;NA;NA;NA;NA
2023-02-10;0-60;90;90,0;90;90;90;90;90;90;90;90,0;90;90,0;496;496,0;496,0;496,0;496;496;496;496;496,0;496;496,0;496,0;1,000000000000000;1,000000000000000;1,000000000000000;1,000000000000000;1,000000000000000;1,000000000000000;1,000000000000000;1,000000000000000;1,0000000000000000;1,0000000000000000;1,0000000000000000
2023-02-10;60+;230;230,0;230;230;230;230;230;230;230;230,0;230;230,0;1378;1378,0;1378,0;1378,0;1378;1378;1378;1378;1378,0;1378;1378,0;1378,0;1,000000000000000;1,000000000000000;1,000000000000000;1,000000000000000;1,000000000000000;1,000000000000000;1,000000000000000;1,000000000000000;1,0000000000000000;1,0000000000000000;1,0000000000000000
2023-02-10;alle;320;320,0;320;320;320;320;320;320;320;320,0;320;320,0;1874;1874,0;1874,0;1874,0;1874;1874;1874;1874;1874,0;1874;1874,0;1874,0;NA;NA;NA;NA;NA;NA;NA;NA;NA;NA;NA
2023-02-09;0-60;73;73,0;73;73;73;73;73;73;73;73,0;73;73,0;469;469,0;469,0;469,0;469;469;469;469;469,0;469;469,0;469,0;1,000000000000000;1,000000000000000;1,000000000000000;1,000000000000000;1,000000000000000;1,000000000000000;1,000000000000000;1,000000000000000;1,0000000000000000;1,0000000000000000;1,0000000000000000
2023-02-09;60+;245;245,0;245;245;245;245;245;245;245;245,0;245;245,0;1310;1310,0;1310,0;1310,0;1310;1310;1310;1310;1310,0;1310;1310,0;1310,0;1,000000000000000;1,000000000000000;1,000000000000000;1,000000000000000;1,000000000000000;1,000000000000000;1,000000000000000;1,000000000000000;1,0000000000000000;1,0000000000000000;1,0000000000000000
2023-02-09;alle;318;318,0;318;318;318;318;318;318;318;318,0;318;318,0;1779;1779,0;1779,0;1779,0;1779;1779;1779;1779;1779,0;1779;1779,0;1779,0;NA;NA;NA;NA;NA;NA;NA;NA;NA;NA;NA
2023-02-08;0-60;99;99,0;99;99;99;99;99;99;99;99,0;99;99,0;477;477,0;477,0;477,0;477;477;477;477;477,0;477;477,0;477,0;1,000000000000000;1,000000000000000;1,000000000000000;1,000000000000000;1,000000000000000;1,000000000000000;1,000000000000000;1,000000000000000;1,0000000000000000;1,0000000000000000;1,0000000000000000
2023-02-08;60+;279;279,0;279;279;279;279;279;279;279;279,0;279;279,0;1271;1271,0;1271,0;1271,0;1271;1271;1271;1271;1271,0;1271;1271,0;1271,0;1,000000000000000;1,000000000000000;1,000000000000000;1,000000000000000;1,000000000000000;1,000000000000000;1,000000000000000;1,000000000000000;1,0000000000000000;1,0000000000000000;1,0000000000000000
2023-02-08;alle;378;378,0;378;378;378;378;378;378;378;378,0;378;378,0;1748;1748,0;1748,0;1748,0;1748;1748;1748;1748;1748,0;1748;1748,0;1748,0;NA;NA;NA;NA;NA;NA;NA;NA;NA;NA;NA
2023-02-07;0-60;139;139,0;139;139;139;139;139;139;139;139,0;139;139,0;460;460,0;460,0;460,0;460;460;460;460;460,0;460;460,0;460,0;1,000000000000000;1,000000000000000;1,000000000000000;1,000000000000000;1,000000000000000;1,000000000000000;1,000000000000000;1,000000000000000;1,0000000000000000;1,0000000000000000;1,0000000000000000
2023-02-07;60+;387;387,0;387;387;387;387;387;387;387;387,0;387;387,0;1205;1205,0;1205,0;1205,0;1205;1205;1205;1205;1205,0;1205;1205,0;1205,0;1,000000000000000;1,000000000000000;1,000000000000000;1,000000000000000;1,000000000000000;1,000000000000000;1,000000000000000;1,000000000000000;1,0000000000000000;1,0000000000000000;1,0000000000000000
2023-02-07;alle;526;526,0;526;526;526;526;526;526;526;526,0;526;526,0;1665;1665,0;1665,0;1665,0;1665;1665;1665;1665;1665,0;1665;1665,0;1665,0;NA;NA;NA;NA;NA;NA;NA;NA;NA;NA;NA
2023-02-06;0-60;13;13,0;13;13;13;13;13;13;13;13,0;13;13,0;433;433,0;433,0;433,0;433;433;433;433;433,0;433;433,0;433,0;1,000000000000000;1,000000000000000;1,000000000000000;1,000000000000000;1,000000000000000;1,000000000000000;1,000000000000000;1,000000000000000;1,0000000000000000;1,0000000000000000;1,0000000000000000
2023-02-06;60+;29;29,0;29;29;29;29;29;29;29;29,0;29;29,0;1098;1098,0;1098,0;1098,0;1098;1098;1098;1098;1098,0;1098;1098,0;1098,0;1,000000000000000;1,000000000000000;1,000000000000000;1,000000000000000;1,000000000000000;1,000000000000000;1,000000000000000;1,000000000000000;1,0000000000000000;1,0000000000000000;1,0000000000000000
2023-02-06;alle;42;42,0;42;42;42;42;42;42;42;42,0;42;42,0;1531;1531,0;1531,0;1531,0;1531;1531;1531;1531;1531,0;1531;1531,0;1531,0;NA;NA;NA;NA;NA;NA;NA;NA;NA;NA;NA
2023-02-05;0-60;11;11,0;11;11;11;11;11;11;11;11,0;11;11,0;429;429,0;429,0;429,0;429;429;429;429;429,0;429;429,0;429,0;1,000000000000000;1,000000000000000;1,000000000000000;1,000000000000000;1,000000000000000;1,000000000000000;1,000000000000000;1,000000000000000;1,0000000000000000;1,0000000000000000;1,0000000000000000
2023-02-05;60+;26;26,0;26;26;26;26;26;26;26;26,0;26;26,0;1105;1105,0;1105,0;1105,0;1105;1105;1105;1105;1105,0;1105;1105,0;1105,0;1,000000000000000;1,000000000000000;1,000000000000000;1,000000000000000;1,000000000000000;1,000000000000000;1,000000000000000;1,000000000000000;1,0000000000000000;1,0000000000000000;1,0000000000000000
2023-02-05;alle;37;37,0;37;37;37;37;37;37;37;37,0;37;37,0;1534;1534,0;1534,0;1534,0;1534;1534;1534;1534;1534,0;1534;1534,0;1534,0;NA;NA;NA;NA;NA;NA;NA;NA;NA;NA;NA
2023-02-04;0-60;71;71,0;71;71;71;71;71;71;71;71,0;71;71,0;428;428,0;428,0;428,0;428;428;428;428;428,0;428;428,0;428,0;1,000000000000000;1,000000000000000;1,000000000000000;1,000000000000000;1,000000000000000;1,000000000000000;1,000000000000000;1,000000000000000;1,0000000000000000;1,0000000000000000;1,0000000000000000
2023-02-04;60+;182;182,0;182;182;182;182;182;182;182;182,0;182;182,0;1108;1108,0;1108,0;1108,0;1108;1108;1108;1108;1108,0;1108;1108,0;1108,0;1,000000000000000;1,000000000000000;1,000000000000000;1,000000000000000;1,000000000000000;1,000000000000000;1,000000000000000;1,000000000000000;1,0000000000000000;1,0000000000000000;1,0000000000000000
2023-02-04;alle;253;253,0;253;253;253;253;253;253;253;253,0;253;253,0;1536;1536,0;1536,0;1536,0;1536;1536;1536;1536;1536,0;1536;1536,0;1536,0;NA;NA;NA;NA;NA;NA;NA;NA;NA;NA;NA
2023-02-03;0-60;63;63,0;63;63;63;63;63;63;63;63,0;63;63,0;415;415,0;415,0;415,0;415;415;415;415;415,0;415;415,0;415,0;1,000000000000000;1,000000000000000;1,000000000000000;1,000000000000000;1,000000000000000;1,000000000000000;1,000000000000000;1,000000000000000;1,0000000000000000;1,0000000000000000;1,0000000000000000
2023-02-03;60+;162;162,0;162;162;162;162;162;162;162;162,0;162;162,0;1091;1091,0;1091,0;1091,0;1091;1091;1091;1091;1091,0;1091;1091,0;1091,0;1,000000000000000;1,000000000000000;1,000000000000000;1,000000000000000;1,000000000000000;1,000000000000000;1,000000000000000;1,000000000000000;1,0000000000000000;1,0000000000000000;1,0000000000000000
2023-02-03;alle;225;225,0;225;225;225;225;225;225;225;225,0;225;225,0;1506;1506,0;1506,0;1506,0;1506;1506;1506;1506;1506,0;1506;1506,0;1506,0;NA;NA;NA;NA;NA;NA;NA;NA;NA;NA;NA
2023-02-02;0-60;81;81,0;81;81;81;81;81;81;81;81,0;81;81,0;422;422,0;422,0;422,0;422;422;422;422;422,0;422;422,0;422,0;1,000000000000000;1,000000000000000;1,000000000000000;1,000000000000000;1,000000000000000;1,000000000000000;1,000000000000000;1,000000000000000;1,0000000000000000;1,0000000000000000;1,0000000000000000
2023-02-02;60+;206;206,0;206;206;206;206;206;206;206;206,0;206;206,0;1081;1081,0;1081,0;1081,0;1081;1081;1081;1081;1081,0;1081;1081,0;1081,0;1,000000000000000;1,000000000000000;1,000000000000000;1,000000000000000;1,000000000000000;1,000000000000000;1,000000000000000;1,000000000000000;1,0000000000000000;1,0000000000000000;1,0000000000000000
2023-02-02;alle;287;287,0;287;287;287;287;287;287;287;287,0;287;287,0;1503;1503,0;1503,0;1503,0;1503;1503;1503;1503;1503,0;1503;1503,0;1503,0;NA;NA;NA;NA;NA;NA;NA;NA;NA;NA;NA
2023-02-01;0-60;82;82,0;82;82;82;82;82;82;82;82,0;82;82,0;388;388,0;388,0;388,0;388;388;388;388;388,0;388;388,0;388,0;1,000000000000000;1,000000000000000;1,000000000000000;1,000000000000000;1,000000000000000;1,000000000000000;1,000000000000000;1,000000000000000;1,0000000000000000;1,0000000000000000;1,0000000000000000
2023-02-01;60+;213;213,0;213;213;213;213;213;213;213;213,0;213;213,0;1009;1009,0;1009,0;1009,0;1009;1009;1009;1009;1009,0;1009;1009,0;1009,0;1,000000000000000;1,000000000000000;1,000000000000000;1,000000000000000;1,000000000000000;1,000000000000000;1,000000000000000;1,000000000000000;1,0000000000000000;1,0000000000000000;1,0000000000000000
2023-02-01;alle;295;295,0;295;295;295;295;295;295;295;295,0;295;295,0;1397;1397,0;1397,0;1397,0;1397;1397;1397;1397;1397,0;1397;1397,0;1397,0;NA;NA;NA;NA;NA;NA;NA;NA;NA;NA;NA
2023-01-31;0-60;112;112,0;112;112;112;112;112;112;112;112,0;112;112,0;370;370,0;370,0;370,0;370;370;370;370;370,0;370;370,0;370,0;1,000000000000000;1,000000000000000;1,000000000000000;1,000000000000000;1,000000000000000;1,000000000000000;1,000000000000000;1,000000000000000;1,0000000000000000;1,0000000000000000;1,0000000000000000
2023-01-31;60+;280;280,0;280;280;280;280;280;280;280;280,0;280;280,0;994;994,0;994,0;994,0;994;994;994;994;994,0;994;994,0;994,0;1,000000000000000;1,000000000000000;1,000000000000000;1,000000000000000;1,000000000000000;1,000000000000000;1,000000000000000;1,000000000000000;1,0000000000000000;1,0000000000000000;1,0000000000000000
2023-01-31;alle;392;392,0;392;392;392;392;392;392;392;392,0;392;392,0;1364;1364,0;1364,0;1364,0;1364;1364;1364;1364;1364,0;1364;1364,0;1364,0;NA;NA;NA;NA;NA;NA;NA;NA;NA;NA;NA
2023-01-30;0-60;9;9,0;9;9;9;9;9;9;9;9,0;9;9,0;360;360,0;360,0;360,0;360;360;360;360;360,0;360;360,0;360,0;1,000000000000000;1,000000000000000;1,000000000000000;1,000000000000000;1,000000000000000;1,000000000000000;1,000000000000000;1,000000000000000;1,0000000000000000;1,0000000000000000;1,0000000000000000
2023-01-30;60+;36;36,0;36;36;36;36;36;36;36;36,0;36;36,0;956;956,0;956,0;956,0;956;956;956;956;956,0;956;956,0;956,0;1,000000000000000;1,000000000000000;1,000000000000000;1,000000000000000;1,000000000000000;1,000000000000000;1,000000000000000;1,000000000000000;1,0000000000000000;1,0000000000000000;1,0000000000000000
2023-01-30;alle;45;45,0;45;45;45;45;45;45;45;45,0;45;45,0;1316;1316,0;1316,0;1316,0;1316;1316;1316;1316;1316,0;1316;1316,0;1316,0;NA;NA;NA;NA;NA;NA;NA;NA;NA;NA;NA
2023-01-29;0-60;10;10,0;10;10;10;10;10;10;10;10,0;10;10,0;364;364,0;364,0;364,0;364;364;364;364;364,0;364;364,0;364,0;1,000000000000000;1,000000000000000;1,000000000000000;1,000000000000000;1,000000000000000;1,000000000000000;1,000000000000000;1,000000000000000;1,0000000000000000;1,0000000000000000;1,0000000000000000
2023-01-29;60+;29;29,0;29;29;29;29;29;29;29;29,0;29;29,0;941;941,0;941,0;941,0;941;941;941;941;941,0;941;941,0;941,0;1,000000000000000;1,000000000000000;1,000000000000000;1,000000000000000;1,000000000000000;1,000000000000000;1,000000000000000;1,000000000000000;1,0000000000000000;1,0000000000000000;1,0000000000000000
2023-01-29;alle;39;39,0;39;39;39;39;39;39;39;39,0;39;39,0;1305;1305,0;1305,0;1305,0;1305;1305;1305;1305;1305,0;1305;1305,0;1305,0;NA;NA;NA;NA;NA;NA;NA;NA;NA;NA;NA
2023-01-28;0-60;58;58,0;58;58;58;58;58;58;58;58,0;58;58,0;364;364,0;364,0;364,0;364;364;364;364;364,0;364;364,0;364,0;1,000000000000000;1,000000000000000;1,000000000000000;1,000000000000000;1,000000000000000;1,000000000000000;1,000000000000000;1,000000000000000;1,0000000000000000;1,0000000000000000;1,0000000000000000
2023-01-28;60+;165;165,0;165;165;165;165;165;165;165;165,0;165;165,0;934;934,0;934,0;934,0;934;934;934;934;934,0;934;934,0;934,0;1,000000000000000;1,000000000000000;1,000000000000000;1,000000000000000;1,000000000000000;1,000000000000000;1,000000000000000;1,000000000000000;1,0000000000000000;1,0000000000000000;1,0000000000000000
2023-01-28;alle;223;223,0;223;223;223;223;223;223;223;223,0;223;223,0;1298;1298,0;1298,0;1298,0;1298;1298;1298;1298;1298,0;1298;1298,0;1298,0;NA;NA;NA;NA;NA;NA;NA;NA;NA;NA;NA
2023-01-27;0-60;70;70,0;70;70;70;70;70;70;70;70,0;70;70,0;346;346,0;346,0;346,0;346;346;346;346;346,0;346;346,0;346,0;1,000000000000000;1,000000000000000;1,000000000000000;1,000000000000000;1,000000000000000;1,000000000000000;1,000000000000000;1,000000000000000;1,0000000000000000;1,0000000000000000;1,0000000000000000
2023-01-27;60+;152;152,0;152;152;152;152;152;152;152;152,0;152;152,0;877;877,0;877,0;877,0;877;877;877;877;877,0;877;877,0;877,0;1,000000000000000;1,000000000000000;1,000000000000000;1,000000000000000;1,000000000000000;1,000000000000000;1,000000000000000;1,000000000000000;1,0000000000000000;1,0000000000000000;1,0000000000000000
2023-01-27;alle;222;222,0;222;222;222;222;222;222;222;222,0;222;222,0;1223;1223,0;1223,0;1223,0;1223;1223;1223;1223;1223,0;1223;1223,0;1223,0;NA;NA;NA;NA;NA;NA;NA;NA;NA;NA;NA
2023-01-26;0-60;47;47,0;47;47;47;47;47;47;47;47,0;47;47,0;327;327,0;327,0;327,0;327;327;327;327;327,0;327;327,0;327,0;1,000000000000000;1,000000000000000;1,000000000000000;1,000000000000000;1,000000000000000;1,000000000000000;1,000000000000000;1,000000000000000;1,0000000000000000;1,0000000000000000;1,0000000000000000
2023-01-26;60+;134;134,0;134;134;134;134;134;134;134;134,0;134;134,0;866;866,0;866,0;866,0;866;866;866;866;866,0;866;866,0;866,0;1,000000000000000;1,000000000000000;1,000000000000000;1,000000000000000;1,000000000000000;1,000000000000000;1,000000000000000;1,000000000000000;1,0000000000000000;1,0000000000000000;1,0000000000000000
2023-01-26;alle;181;181,0;181;181;181;181;181;181;181;181,0;181;181,0;1193;1193,0;1193,0;1193,0;1193;1193;1193;1193;1193,0;1193;1193,0;1193,0;NA;NA;NA;NA;NA;NA;NA;NA;NA;NA;NA
2023-01-25;0-60;64;64,0;64;64;64;64;64;64;64;64,0;64;64,0;329;329,0;329,0;329,0;329;329;329;329;329,0;329;329,0;329,0;1,000000000000000;1,000000000000000;1,000000000000000;1,000000000000000;1,000000000000000;1,000000000000000;1,000000000000000;1,000000000000000;1,0000000000000000;1,0000000000000000;1,0000000000000000
2023-01-25;60+;198;198,0;198;198;198;198;198;198;198;198,0;198;198,0;845;845,0;845,0;845,0;845;845;845;845;845,0;845;845,0;845,0;1,000000000000000;1,000000000000000;1,000000000000000;1,000000000000000;1,000000000000000;1,000000000000000;1,000000000000000;1,000000000000000;1,0000000000000000;1,0000000000000000;1,0000000000000000
2023-01-25;alle;262;262,0;262;262;262;262;262;262;262;262,0;262;262,0;1174;1174,0;1174,0;1174,0;1174;1174;1174;1174;1174,0;1174;1174,0;1174,0;NA;NA;NA;NA;NA;NA;NA;NA;NA;NA;NA
2023-01-24;0-60;102;102,0;102;102;102;102;102;102;102;102,0;102;102,0;299;299,0;299,0;299,0;299;299;299;299;299,0;299;299,0;299,0;1,000000000000000;1,000000000000000;1,000000000000000;1,000000000000000;1,000000000000000;1,000000000000000;1,000000000000000;1,000000000000000;1,0000000000000000;1,0000000000000000;1,0000000000000000
2023-01-24;60+;242;242,0;242;242;242;242;242;242;242;242,0;242;242,0;798;798,0;798,0;798,0;798;798;798;798;798,0;798;798,0;798,0;1,000000000000000;1,000000000000000;1,000000000000000;1,000000000000000;1,000000000000000;1,000000000000000;1,000000000000000;1,000000000000000;1,0000000000000000;1,0000000000000000;1,0000000000000000
2023-01-24;alle;344;344,0;344;344;344;344;344;344;344;344,0;344;344,0;1097;1097,0;1097,0;1097,0;1097;1097;1097;1097;1097,0;1097;1097,0;1097,0;NA;NA;NA;NA;NA;NA;NA;NA;NA;NA;NA
2023-01-23;0-60;13;13,0;13;13;13;13;13;13;13;13,0;13;13,0;275;275,0;275,0;275,0;275;275;275;275;275,0;275;275,0;275,0;1,000000000000000;1,000000000000000;1,000000000000000;1,000000000000000;1,000000000000000;1,000000000000000;1,000000000000000;1,000000000000000;1,0000000000000000;1,0000000000000000;1,0000000000000000
2023-01-23;60+;21;21,0;21;21;21;21;21;21;21;21,0;21;21,0;841;841,0;841,0;841,0;841;841;841;841;841,0;841;841,0;841,0;1,000000000000000;1,000000000000000;1,000000000000000;1,000000000000000;1,000000000000000;1,000000000000000;1,000000000000000;1,000000000000000;1,0000000000000000;1,0000000000000000;1,0000000000000000
2023-01-23;alle;34;34,0;34;34;34;34;34;34;34;34,0;34;34,0;1116;1116,0;1116,0;1116,0;1116;1116;1116;1116;1116,0;1116;1116,0;1116,0;NA;NA;NA;NA;NA;NA;NA;NA;NA;NA;NA
2023-01-22;0-60;10;10,0;10;10;10;10;10;10;10;10,0;10;10,0;272;272,0;272,0;272,0;272;272;272;272;272,0;272;272,0;272,0;1,000000000000000;1,000000000000000;1,000000000000000;1,000000000000000;1,000000000000000;1,000000000000000;1,000000000000000;1,000000000000000;1,0000000000000000;1,0000000000000000;1,0000000000000000
2023-01-22;60+;22;22,0;22;22;22;22;22;22;22;22,0;22;22,0;834;834,0;834,0;834,0;834;834;834;834;834,0;834;834,0;834,0;1,000000000000000;1,000000000000000;1,000000000000000;1,000000000000000;1,000000000000000;1,000000000000000;1,000000000000000;1,000000000000000;1,0000000000000000;1,0000000000000000;1,0000000000000000
2023-01-22;alle;32;32,0;32;32;32;32;32;32;32;32,0;32;32,0;1106;1106,0;1106,0;1106,0;1106;1106;1106;1106;1106,0;1106;1106,0;1106,0;NA;NA;NA;NA;NA;NA;NA;NA;NA;NA;NA
2023-01-21;0-60;40;40,0;40;40;40;40;40;40;40;40,0;40;40,0;267;267,0;267,0;267,0;267;267;267;267;267,0;267;267,0;267,0;1,000000000000000;1,000000000000000;1,000000000000000;1,000000000000000;1,000000000000000;1,000000000000000;1,000000000000000;1,000000000000000;1,0000000000000000;1,0000000000000000;1,0000000000000000
2023-01-21;60+;108;108,0;108;108;108;108;108;108;108;108,0;108;108,0;830;830,0;830,0;830,0;830;830;830;830;830,0;830;830,0;830,0;1,000000000000000;1,000000000000000;1,000000000000000;1,000000000000000;1,000000000000000;1,000000000000000;1,000000000000000;1,000000000000000;1,0000000000000000;1,0000000000000000;1,0000000000000000
2023-01-21;alle;148;148,0;148;148;148;148;148;148;148;148,0;148;148,0;1097;1097,0;1097,0;1097,0;1097;1097;1097;1097;1097,0;1097;1097,0;1097,0;NA;NA;NA;NA;NA;NA;NA;NA;NA;NA;NA
2023-01-20;0-60;51;51,0;51;51;51;51;51;51;51;51,0;51;51,0;263;263,0;263,0;263,0;263;263;263;263;263,0;263;263,0;263,0;1,000000000000000;1,000000000000000;1,000000000000000;1,000000000000000;1,000000000000000;1,000000000000000;1,000000000000000;1,000000000000000;1,0000000000000000;1,0000000000000000;1,0000000000000000
2023-01-20;60+;141;141,0;141;141;141;141;141;141;141;141,0;141;141,0;867;867,0;867,0;867,0;867;867;867;867;867,0;867;867,0;867,0;1,000000000000000;1,000000000000000;1,000000000000000;1,000000000000000;1,000000000000000;1,000000000000000;1,000000000000000;1,000000000000000;1,0000000000000000;1,0000000000000000;1,0000000000000000
2023-01-20;alle;192;192,0;192;192;192;192;192;192;192;192,0;192;192,0;1130;1130,0;1130,0;1130,0;1130;1130;1130;1130;1130,0;1130;1130,0;1130,0;NA;NA;NA;NA;NA;NA;NA;NA;NA;NA;NA
2023-01-19;0-60;49;49,0;49;49;49;49;49;49;49;49,0;49;49,0;248;248,0;248,0;248,0;248;248;248;248;248,0;248;248,0;248,0;1,000000000000000;1,000000000000000;1,000000000000000;1,000000000000000;1,000000000000000;1,000000000000000;1,000000000000000;1,000000000000000;1,0000000000000000;1,0000000000000000;1,0000000000000000
2023-01-19;60+;113;113,0;113;113;113;113;113;113;113;113,0;113;113,0;860;860,0;860,0;860,0;860;860;860;860;860,0;860;860,0;860,0;1,000000000000000;1,000000000000000;1,000000000000000;1,000000000000000;1,000000000000000;1,000000000000000;1,000000000000000;1,000000000000000;1,0000000000000000;1,0000000000000000;1,0000000000000000
2023-01-19;alle;162;162,0;162;162;162;162;162;162;162;162,0;162;162,0;1108;1108,0;1108,0;1108,0;1108;1108;1108;1108;1108,0;1108;1108,0;1108,0;NA;NA;NA;NA;NA;NA;NA;NA;NA;NA;NA
2023-01-18;0-60;34;34,0;34;34;34;34;34;34;34;34,0;34;34,0;234;234,0;234,0;234,0;234;234;234;234;234,0;234;234,0;234,0;1,000000000000000;1,000000000000000;1,000000000000000;1,000000000000000;1,000000000000000;1,000000000000000;1,000000000000000;1,000000000000000;1,0000000000000000;1,0000000000000000;1,0000000000000000
2023-01-18;60+;151;151,0;151;151;151;151;151;151;151;151,0;151;151,0;937;937,0;937,0;937,0;937;937;937;937;937,0;937;937,0;937,0;1,000000000000000;1,000000000000000;1,000000000000000;1,000000000000000;1,000000000000000;1,000000000000000;1,000000000000000;1,000000000000000;1,0000000000000000;1,0000000000000000;1,0000000000000000
2023-01-18;alle;185;185,0;185;185;185;185;185;185;185;185,0;185;185,0;1171;1171,0;1171,0;1171,0;1171;1171;1171;1171;1171,0;1171;1171,0;1171,0;NA;NA;NA;NA;NA;NA;NA;NA;NA;NA;NA
2023-01-17;0-60;78;78,0;78;78;78;78;78;78;78;78,0;78;78,0;266;266,0;266,0;266,0;266;266;266;266;266,0;266;266,0;266,0;1,000000000000000;1,000000000000000;1,000000000000000;1,000000000000000;1,000000000000000;1,000000000000000;1,000000000000000;1,000000000000000;1,0000000000000000;1,0000000000000000;1,0000000000000000
2023-01-17;60+;285;285,0;285;285;285;285;285;285;285;285,0;285;285,0;975;975,0;975,0;975,0;975;975;975;975;975,0;975;975,0;975,0;1,000000000000000;1,000000000000000;1,000000000000000;1,000000000000000;1,000000000000000;1,000000000000000;1,000000000000000;1,000000000000000;1,0000000000000000;1,0000000000000000;1,0000000000000000
2023-01-17;alle;363;363,0;363;363;363;363;363;363;363;363,0;363;363,0;1241;1241,0;1241,0;1241,0;1241;1241;1241;1241;1241,0;1241;1241,0;1241,0;NA;NA;NA;NA;NA;NA;NA;NA;NA;NA;NA
2023-01-16;0-60;10;10,0;10;10;10;10;10;10;10;10,0;10;10,0;311;311,0;311,0;311,0;311;311;311;311;311,0;311;311,0;311,0;1,000000000000000;1,000000000000000;1,000000000000000;1,000000000000000;1,000000000000000;1,000000000000000;1,000000000000000;1,000000000000000;1,0000000000000000;1,0000000000000000;1,0000000000000000
2023-01-16;60+;14;14,0;14;14;14;14;14;14;14;14,0;14;14,0;1089;1089,0;1089,0;1089,0;1089;1089;1089;1089;1089,0;1089;1089,0;1089,0;1,000000000000000;1,000000000000000;1,000000000000000;1,000000000000000;1,000000000000000;1,000000000000000;1,000000000000000;1,000000000000000;1,0000000000000000;1,0000000000000000;1,0000000000000000
2023-01-16;alle;24;24,0;24;24;24;24;24;24;24;24,0;24;24,0;1400;1400,0;1400,0;1400,0;1400;1400;1400;1400;1400,0;1400;1400,0;1400,0;NA;NA;NA;NA;NA;NA;NA;NA;NA;NA;NA
2023-01-15;0-60;5;5,0;5;5;5;5;5;5;5;5,0;5;5,0;309;309,0;309,0;309,0;309;309;309;309;309,0;309;309,0;309,0;1,000000000000000;1,000000000000000;1,000000000000000;1,000000000000000;1,000000000000000;1,000000000000000;1,000000000000000;1,000000000000000;1,0000000000000000;1,0000000000000000;1,0000000000000000
2023-01-15;60+;18;18,0;18;18;18;18;18;18;18;18,0;18;18,0;1110;1110,0;1110,0;1110,0;1110;1110;1110;1110;1110,0;1110;1110,0;1110,0;1,000000000000000;1,000000000000000;1,000000000000000;1,000000000000000;1,000000000000000;1,000000000000000;1,000000000000000;1,000000000000000;1,0000000000000000;1,0000000000000000;1,0000000000000000
2023-01-15;alle;23;23,0;23;23;23;23;23;23;23;23,0;23;23,0;1419;1419,0;1419,0;1419,0;1419;1419;1419;1419;1419,0;1419;1419,0;1419,0;NA;NA;NA;NA;NA;NA;NA;NA;NA;NA;NA
2023-01-14;0-60;36;36,0;36;36;36;36;36;36;36;36,0;36;36,0;314;314,0;314,0;314,0;314;314;314;314;314,0;314;314,0;314,0;1,000000000000000;1,000000000000000;1,000000000000000;1,000000000000000;1,000000000000000;1,000000000000000;1,000000000000000;1,000000000000000;1,0000000000000000;1,0000000000000000;1,0000000000000000
2023-01-14;60+;145;145,0;145;145;145;145;145;145;145;145,0;145;145,0;1122;1122,0;1122,0;1122,0;1122;1122;1122;1122;1122,0;1122;1122,0;1122,0;1,000000000000000;1,000000000000000;1,000000000000000;1,000000000000000;1,000000000000000;1,000000000000000;1,000000000000000;1,000000000000000;1,0000000000000000;1,0000000000000000;1,0000000000000000
2023-01-14;alle;181;181,0;181;181;181;181;181;181;181;181,0;181;181,0;1436;1436,0;1436,0;1436,0;1436;1436;1436;1436;1436,0;1436;1436,0;1436,0;NA;NA;NA;NA;NA;NA;NA;NA;NA;NA;NA
2023-01-13;0-60;36;36,0;36;36;36;36;36;36;36;36,0;36;36,0;290;290,0;290,0;290,0;290;290;290;290;290,0;290;290,0;290,0;1,000000000000000;1,000000000000000;1,000000000000000;1,000000000000000;1,000000000000000;1,000000000000000;1,000000000000000;1,000000000000000;1,0000000000000000;1,0000000000000000;1,0000000000000000
2023-01-13;60+;134;134,0;134;134;134;134;134;134;134;134,0;134;134,0;1007;1007,0;1007,0;1007,0;1007;1007;1007;1007;1007,0;1007;1007,0;1007,0;1,000000000000000;1,000000000000000;1,000000000000000;1,000000000000000;1,000000000000000;1,000000000000000;1,000000000000000;1,000000000000000;1,0000000000000000;1,0000000000000000;1,0000000000000000
2023-01-13;alle;170;170,0;170;170;170;170;170;170;170;170,0;170;170,0;1297;1297,0;1297,0;1297,0;1297;1297;1297;1297;1297,0;1297;1297,0;1297,0;NA;NA;NA;NA;NA;NA;NA;NA;NA;NA;NA
2023-01-12;0-60;35;35,0;35;35;35;35;35;35;35;35,0;35;35,0;311;311,0;311,0;311,0;311;311;311;311;311,0;311;311,0;311,0;1,000000000000000;1,000000000000000;1,000000000000000;1,000000000000000;1,000000000000000;1,000000000000000;1,000000000000000;1,000000000000000;1,0000000000000000;1,0000000000000000;1,0000000000000000
2023-01-12;60+;190;190,0;190;190;190;190;190;190;190;190,0;190;190,0;1075;1075,0;1075,0;1075,0;1075;1075;1075;1075;1075,0;1075;1075,0;1075,0;1,000000000000000;1,000000000000000;1,000000000000000;1,000000000000000;1,000000000000000;1,000000000000000;1,000000000000000;1,000000000000000;1,0000000000000000;1,0000000000000000;1,0000000000000000
2023-01-12;alle;225;225,0;225;225;225;225;225;225;225;225,0;225;225,0;1386;1386,0;1386,0;1386,0;1386;1386;1386;1386;1386,0;1386;1386,0;1386,0;NA;NA;NA;NA;NA;NA;NA;NA;NA;NA;NA
2023-01-11;0-60;66;66,0;66;66;66;66;66;66;66;66,0;66;66,0;333;333,0;333,0;333,0;333;333;333;333;333,0;333;333,0;333,0;1,000000000000000;1,000000000000000;1,000000000000000;1,000000000000000;1,000000000000000;1,000000000000000;1,000000000000000;1,000000000000000;1,0000000000000000;1,0000000000000000;1,0000000000000000
2023-01-11;60+;189;189,0;189;189;189;189;189;189;189;189,0;189;189,0;1089;1089,0;1089,0;1089,0;1089;1089;1089;1089;1089,0;1089;1089,0;1089,0;1,000000000000000;1,000000000000000;1,000000000000000;1,000000000000000;1,000000000000000;1,000000000000000;1,000000000000000;1,000000000000000;1,0000000000000000;1,0000000000000000;1,0000000000000000
2023-01-11;alle;255;255,0;255;255;255;255;255;255;255;255,0;255;255,0;1422;1422,0;1422,0;1422,0;1422;1422;1422;1422;1422,0;1422;1422,0;1422,0;NA;NA;NA;NA;NA;NA;NA;NA;NA;NA;NA
2023-01-10;0-60;123;123,0;123;123;123;123;123;123;123;123,0;123;123,0;308;308,0;308,0;308,0;308;308;308;308;308,0;308;308,0;308,0;1,000000000000000;1,000000000000000;1,000000000000000;1,000000000000000;1,000000000000000;1,000000000000000;1,000000000000000;1,000000000000000;1,0000000000000000;1,0000000000000000;1,0000000000000000
2023-01-10;60+;399;399,0;399;399;399;399;399;399;399;399,0;399;399,0;1141;1141,0;1141,0;1141,0;1141;1141;1141;1141;1141,0;1141;1141,0;1141,0;1,000000000000000;1,000000000000000;1,000000000000000;1,000000000000000;1,000000000000000;1,000000000000000;1,000000000000000;1,000000000000000;1,0000000000000000;1,0000000000000000;1,0000000000000000
2023-01-10;alle;522;522,0;522;522;522;522;522;522;522;522,0;522;522,0;1449;1449,0;1449,0;1449,0;1449;1449;1449;1449;1449,0;1449;1449,0;1449,0;NA;NA;NA;NA;NA;NA;NA;NA;NA;NA;NA
2023-01-09;0-60;8;8,0;8;8;8;8;8;8;8;8,0;8;8,0;275;275,0;275,0;275,0;275;275;275;275;275,0;275;275,0;275,0;1,000000000000000;1,000000000000000;1,000000000000000;1,000000000000000;1,000000000000000;1,000000000000000;1,000000000000000;1,000000000000000;1,0000000000000000;1,0000000000000000;1,0000000000000000
2023-01-09;60+;35;35,0;35;35;35;35;35;35;35;35,0;35;35,0;1072;1072,0;1072,0;1072,0;1072;1072;1072;1072;1072,0;1072;1072,0;1072,0;1,000000000000000;1,000000000000000;1,000000000000000;1,000000000000000;1,000000000000000;1,000000000000000;1,000000000000000;1,000000000000000;1,0000000000000000;1,0000000000000000;1,0000000000000000
2023-01-09;alle;43;43,0;43;43;43;43;43;43;43;43,0;43;43,0;1347;1347,0;1347,0;1347,0;1347;1347;1347;1347;1347,0;1347;1347,0;1347,0;NA;NA;NA;NA;NA;NA;NA;NA;NA;NA;NA
2023-01-08;0-60;10;10,0;10;10;10;10;10;10;10;10,0;10;10,0;279;279,0;279,0;279,0;279;279;279;279;279,0;279;279,0;279,0;1,000000000000000;1,000000000000000;1,000000000000000;1,000000000000000;1,000000000000000;1,000000000000000;1,000000000000000;1,000000000000000;1,0000000000000000;1,0000000000000000;1,0000000000000000
2023-01-08;60+;30;30,0;30;30;30;30;30;30;30;30,0;30;30,0;1063;1063,0;1063,0;1063,0;1063;1063;1063;1063;1063,0;1063;1063,0;1063,0;1,000000000000000;1,000000000000000;1,000000000000000;1,000000000000000;1,000000000000000;1,000000000000000;1,000000000000000;1,000000000000000;1,0000000000000000;1,0000000000000000;1,0000000000000000
2023-01-08;alle;40;40,0;40;40;40;40;40;40;40;40,0;40;40,0;1342;1342,0;1342,0;1342,0;1342;1342;1342;1342;1342,0;1342;1342,0;1342,0;NA;NA;NA;NA;NA;NA;NA;NA;NA;NA;NA
2023-01-07;0-60;12;12,0;12;12;12;12;12;12;12;12,0;12;12,0;281;281,0;281,0;281,0;281;281;281;281;281,0;281;281,0;281,0;1,000000000000000;1,000000000000000;1,000000000000000;1,000000000000000;1,000000000000000;1,000000000000000;1,000000000000000;1,000000000000000;1,0000000000000000;1,0000000000000000;1,0000000000000000
2023-01-07;60+;30;30,0;30;30;30;30;30;30;30;30,0;30;30,0;1058;1058,0;1058,0;1058,0;1058;1058;1058;1058;1058,0;1058;1058,0;1058,0;1,000000000000000;1,000000000000000;1,000000000000000;1,000000000000000;1,000000000000000;1,000000000000000;1,000000000000000;1,000000000000000;1,0000000000000000;1,0000000000000000;1,0000000000000000
2023-01-07;alle;42;42,0;42;42;42;42;42;42;42;42,0;42;42,0;1339;1339,0;1339,0;1339,0;1339;1339;1339;1339;1339,0;1339;1339,0;1339,0;NA;NA;NA;NA;NA;NA;NA;NA;NA;NA;NA
2023-01-06;0-60;57;57,0;57;57;57;57;57;57;57;57,0;57;57,0;304;304,0;304,0;304,0;304;304;304;304;304,0;304;304,0;304,0;1,000000000000000;1,000000000000000;1,000000000000000;1,000000000000000;1,000000000000000;1,000000000000000;1,000000000000000;1,000000000000000;1,0000000000000000;1,0000000000000000;1,0000000000000000
2023-01-06;60+;202;202,0;202;202;202;202;202;202;202;202,0;202;202,0;1207;1207,0;1207,0;1207,0;1207;1207;1207;1207;1207,0;1207;1207,0;1207,0;1,000000000000000;1,000000000000000;1,000000000000000;1,000000000000000;1,000000000000000;1,000000000000000;1,000000000000000;1,000000000000000;1,0000000000000000;1,0000000000000000;1,0000000000000000
2023-01-06;alle;259;259,0;259;259;259;259;259;259;259;259,0;259;259,0;1511;1511,0;1511,0;1511,0;1511;1511;1511;1511;1511,0;1511;1511,0;1511,0;NA;NA;NA;NA;NA;NA;NA;NA;NA;NA;NA
2023-01-05;0-60;57;57,0;57;57;57;57;57;57;57;57,0;57;57,0;319;319,0;319,0;319,0;319;319;319;319;319,0;319;319,0;319,0;1,000000000000000;1,000000000000000;1,000000000000000;1,000000000000000;1,000000000000000;1,000000000000000;1,000000000000000;1,000000000000000;1,0000000000000000;1,0000000000000000;1,0000000000000000
2023-01-05;60+;204;204,0;204;204;204;204;204;204;204;204,0;204;204,0;1229;1229,0;1229,0;1229,0;1229;1229;1229;1229;1229,0;1229;1229,0;1229,0;1,000000000000000;1,000000000000000;1,000000000000000;1,000000000000000;1,000000000000000;1,000000000000000;1,000000000000000;1,000000000000000;1,0000000000000000;1,0000000000000000;1,0000000000000000
2023-01-05;alle;261;261,0;261;261;261;261;261;261;261;261,0;261;261,0;1548;1548,0;1548,0;1548,0;1548;1548;1548;1548;1548,0;1548;1548,0;1548,0;NA;NA;NA;NA;NA;NA;NA;NA;NA;NA;NA
2023-01-04;0-60;41;41,0;41;41;41;41;41;41;41;41,0;41;41,0;344;344,0;344,0;344,0;344;344;344;344;344,0;344;344,0;344,0;1,000000000000000;1,000000000000000;1,000000000000000;1,000000000000000;1,000000000000000;1,000000000000000;1,000000000000000;1,000000000000000;1,0000000000000000;1,0000000000000000;1,0000000000000000
2023-01-04;60+;241;241,0;241;241;241;241;241;241;241;241,0;241;241,0;1293;1293,0;1293,0;1293,0;1293;1293;1293;1293;1293,0;1293;1293,0;1293,0;1,000000000000000;1,000000000000000;1,000000000000000;1,000000000000000;1,000000000000000;1,000000000000000;1,000000000000000;1,000000000000000;1,0000000000000000;1,0000000000000000;1,0000000000000000
2023-01-04;alle;282;282,0;282;282;282;282;282;282;282;282,0;282;282,0;1637;1637,0;1637,0;1637,0;1637;1637;1637;1637;1637,0;1637;1637,0;1637,0;NA;NA;NA;NA;NA;NA;NA;NA;NA;NA;NA
2023-01-03;0-60;90;90,0;90;90;90;90;90;90;90;90,0;90;90,0;432;432,0;432,0;432,0;432;432;432;432;432,0;432;432,0;432,0;1,000000000000000;1,000000000000000;1,000000000000000;1,000000000000000;1,000000000000000;1,000000000000000;1,000000000000000;1,000000000000000;1,0000000000000000;1,0000000000000000;1,0000000000000000
2023-01-03;60+;330;330,0;330;330;330;330;330;330;330;330,0;330;330,0;1489;1489,0;1489,0;1489,0;1489;1489;1489;1489;1489,0;1489;1489,0;1489,0;1,000000000000000;1,000000000000000;1,000000000000000;1,000000000000000;1,000000000000000;1,000000000000000;1,000000000000000;1,000000000000000;1,0000000000000000;1,0000000000000000;1,0000000000000000
2023-01-03;alle;420;420,0;420;420;420;420;420;420;420;420,0;420;420,0;1921;1921,0;1921,0;1921,0;1921;1921;1921;1921;1921,0;1921;1921,0;1921,0;NA;NA;NA;NA;NA;NA;NA;NA;NA;NA;NA
2023-01-02;0-60;12;12,0;12;12;12;12;12;12;12;12,0;12;12,0;349;349,0;349,0;349,0;349;349;349;349;349,0;349;349,0;349,0;1,000000000000000;1,000000000000000;1,000000000000000;1,000000000000000;1,000000000000000;1,000000000000000;1,000000000000000;1,000000000000000;1,0000000000000000;1,0000000000000000;1,0000000000000000
2023-01-02;60+;26;26,0;26;26;26;26;26;26;26;26,0;26;26,0;1194;1194,0;1194,0;1194,0;1194;1194;1194;1194;1194,0;1194;1194,0;1194,0;1,000000000000000;1,000000000000000;1,000000000000000;1,000000000000000;1,000000000000000;1,000000000000000;1,000000000000000;1,000000000000000;1,0000000000000000;1,0000000000000000;1,0000000000000000
2023-01-02;alle;38;38,0;38;38;38;38;38;38;38;38,0;38;38,0;1543;1543,0;1543,0;1543,0;1543;1543;1543;1543;1543,0;1543;1543,0;1543,0;NA;NA;NA;NA;NA;NA;NA;NA;NA;NA;NA
2023-01-01;0-60;12;12,0;12;12;12;12;12;12;12;12,0;12;12,0;340;340,0;340,0;340,0;340;340;340;340;340,0;340;340,0;340,0;1,000000000000000;1,000000000000000;1,000000000000000;1,000000000000000;1,000000000000000;1,000000000000000;1,000000000000000;1,000000000000000;1,0000000000000000;1,0000000000000000;1,0000000000000000
2023-01-01;60+;25;25,0;25;25;25;25;25;25;25;25,0;25;25,0;1202;1202,0;1202,0;1202,0;1202;1202;1202;1202;1202,0;1202;1202,0;1202,0;1,000000000000000;1,000000000000000;1,000000000000000;1,000000000000000;1,000000000000000;1,000000000000000;1,000000000000000;1,000000000000000;1,0000000000000000;1,0000000000000000;1,0000000000000000
2023-01-01;alle;37;37,0;37;37;37;37;37;37;37;37,0;37;37,0;1542;1542,0;1542,0;1542,0;1542;1542;1542;1542;1542,0;1542;1542,0;1542,0;NA;NA;NA;NA;NA;NA;NA;NA;NA;NA;NA
2022-12-31;0-60;35;35,0;35;35;35;35;35;35;35;35,0;35;35,0;333;333,0;333,0;333,0;333;333;333;333;333,0;333;333,0;333,0;1,000000000000000;1,000000000000000;1,000000000000000;1,000000000000000;1,000000000000000;1,000000000000000;1,000000000000000;1,000000000000000;1,0000000000000000;1,0000000000000000;1,0000000000000000
2022-12-31;60+;179;179,0;179;179;179;179;179;179;179;179,0;179;179,0;1207;1207,0;1207,0;1207,0;1207;1207;1207;1207;1207,0;1207;1207,0;1207,0;1,000000000000000;1,000000000000000;1,000000000000000;1,000000000000000;1,000000000000000;1,000000000000000;1,000000000000000;1,000000000000000;1,0000000000000000;1,0000000000000000;1,0000000000000000
2022-12-31;alle;214;214,0;214;214;214;214;214;214;214;214,0;214;214,0;1540;1540,0;1540,0;1540,0;1540;1540;1540;1540;1540,0;1540;1540,0;1540,0;NA;NA;NA;NA;NA;NA;NA;NA;NA;NA;NA
2022-12-30;0-60;72;72,0;72;72;72;72;72;72;72;72,0;72;72,0;345;345,0;345,0;345,0;345;345;345;345;345,0;345;345,0;345,0;1,000000000000000;1,000000000000000;1,000000000000000;1,000000000000000;1,000000000000000;1,000000000000000;1,000000000000000;1,000000000000000;1,0000000000000000;1,0000000000000000;1,0000000000000000
2022-12-30;60+;224;224,0;224;224;224;224;224;224;224;224,0;224;224,0;1217;1217,0;1217,0;1217,0;1217;1217;1217;1217;1217,0;1217;1217,0;1217,0;1,000000000000000;1,000000000000000;1,000000000000000;1,000000000000000;1,000000000000000;1,000000000000000;1,000000000000000;1,000000000000000;1,0000000000000000;1,0000000000000000;1,0000000000000000
2022-12-30;alle;296;296,0;296;296;296;296;296;296;296;296,0;296;296,0;1562;1562,0;1562,0;1562,0;1562;1562;1562;1562;1562,0;1562;1562,0;1562,0;NA;NA;NA;NA;NA;NA;NA;NA;NA;NA;NA
2022-12-29;0-60;82;82,0;82;82;82;82;82;82;82;82,0;82;82,0;338;338,0;338,0;338,0;338;338;338;338;338,0;338;338,0;338,0;1,000000000000000;1,000000000000000;1,000000000000000;1,000000000000000;1,000000000000000;1,000000000000000;1,000000000000000;1,000000000000000;1,0000000000000000;1,0000000000000000;1,0000000000000000
2022-12-29;60+;268;268,0;268;268;268;268;268;268;268;268,0;268;268,0;1230;1230,0;1230,0;1230,0;1230;1230;1230;1230;1230,0;1230;1230,0;1230,0;1,000000000000000;1,000000000000000;1,000000000000000;1,000000000000000;1,000000000000000;1,000000000000000;1,000000000000000;1,000000000000000;1,0000000000000000;1,0000000000000000;1,0000000000000000
2022-12-29;alle;350;350,0;350;350;350;350;350;350;350;350,0;350;350,0;1568;1568,0;1568,0;1568,0;1568;1568;1568;1568;1568,0;1568;1568,0;1568,0;NA;NA;NA;NA;NA;NA;NA;NA;NA;NA;NA
2022-12-28;0-60;129;129,0;129;129;129;129;129;129;129;129,0;129;129,0;335;335,0;335,0;335,0;335;335;335;335;335,0;335;335,0;335,0;1,000000000000000;1,000000000000000;1,000000000000000;1,000000000000000;1,000000000000000;1,000000000000000;1,000000000000000;1,000000000000000;1,0000000000000000;1,0000000000000000;1,0000000000000000
2022-12-28;60+;437;437,0;437;437;437;437;437;437;437;437,0;437;437,0;1204;1204,0;1204,0;1204,0;1204;1204;1204;1204;1204,0;1204;1204,0;1204,0;1,000000000000000;1,000000000000000;1,000000000000000;1,000000000000000;1,000000000000000;1,000000000000000;1,000000000000000;1,000000000000000;1,0000000000000000;1,0000000000000000;1,0000000000000000
2022-12-28;alle;566;566,0;566;566;566;566;566;566;566;566,0;566;566,0;1539;1539,0;1539,0;1539,0;1539;1539;1539;1539;1539,0;1539;1539,0;1539,0;NA;NA;NA;NA;NA;NA;NA;NA;NA;NA;NA
2022-12-27;0-60;7;7,0;7;7;7;7;7;7;7;7,0;7;7,0;299;299,0;299,0;299,0;299;299;299;299;299,0;299;299,0;299,0;1,000000000000000;1,000000000000000;1,000000000000000;1,000000000000000;1,000000000000000;1,000000000000000;1,000000000000000;1,000000000000000;1,0000000000000000;1,0000000000000000;1,0000000000000000
2022-12-27;60+;35;35,0;35;35;35;35;35;35;35;35,0;35;35,0;1088;1088,0;1088,0;1088,0;1088;1088;1088;1088;1088,0;1088;1088,0;1088,0;1,000000000000000;1,000000000000000;1,000000000000000;1,000000000000000;1,000000000000000;1,000000000000000;1,000000000000000;1,000000000000000;1,0000000000000000;1,0000000000000000;1,0000000000000000
2022-12-27;alle;42;42,0;42;42;42;42;42;42;42;42,0;42;42,0;1387;1387,0;1387,0;1387,0;1387;1387;1387;1387;1387,0;1387;1387,0;1387,0;NA;NA;NA;NA;NA;NA;NA;NA;NA;NA;NA
2022-12-26;0-60;3;3,0;3;3;3;3;3;3;3;3,0;3;3,0;384;384,0;384,0;384,0;384;384;384;384;384,0;384;384,0;384,0;1,000000000000000;1,000000000000000;1,000000000000000;1,000000000000000;1,000000000000000;1,000000000000000;1,000000000000000;1,000000000000000;1,0000000000000000;1,0000000000000000;1,0000000000000000
2022-12-26;60+;34;34,0;34;34;34;34;34;34;34;34,0;34;34,0;1512;1512,0;1512,0;1512,0;1512;1512;1512;1512;1512,0;1512;1512,0;1512,0;1,000000000000000;1,000000000000000;1,000000000000000;1,000000000000000;1,000000000000000;1,000000000000000;1,000000000000000;1,000000000000000;1,0000000000000000;1,0000000000000000;1,0000000000000000
2022-12-26;alle;37;37,0;37;37;37;37;37;37;37;37,0;37;37,0;1896;1896,0;1896,0;1896,0;1896;1896;1896;1896;1896,0;1896;1896,0;1896,0;NA;NA;NA;NA;NA;NA;NA;NA;NA;NA;NA
2022-12-25;0-60;5;5,0;5;5;5;5;5;5;5;5,0;5;5,0;392;392,0;392,0;392,0;392;392;392;392;392,0;392;392,0;392,0;1,000000000000000;1,000000000000000;1,000000000000000;1,000000000000000;1,000000000000000;1,000000000000000;1,000000000000000;1,000000000000000;1,0000000000000000;1,0000000000000000;1,0000000000000000
2022-12-25;60+;30;30,0;30;30;30;30;30;30;30;30,0;30;30,0;1528;1528,0;1528,0;1528,0;1528;1528;1528;1528;1528,0;1528;1528,0;1528,0;1,000000000000000;1,000000000000000;1,000000000000000;1,000000000000000;1,000000000000000;1,000000000000000;1,000000000000000;1,000000000000000;1,0000000000000000;1,0000000000000000;1,0000000000000000
2022-12-25;alle;35;35,0;35;35;35;35;35;35;35;35,0;35;35,0;1920;1920,0;1920,0;1920,0;1920;1920;1920;1920;1920,0;1920;1920,0;1920,0;NA;NA;NA;NA;NA;NA;NA;NA;NA;NA;NA
2022-12-24;0-60;47;47,0;47;47;47;47;47;47;47;47,0;47;47,0;397;397,0;397,0;397,0;397;397;397;397;397,0;397;397,0;397,0;1,000000000000000;1,000000000000000;1,000000000000000;1,000000000000000;1,000000000000000;1,000000000000000;1,000000000000000;1,000000000000000;1,0000000000000000;1,0000000000000000;1,0000000000000000
2022-12-24;60+;189;189,0;189;189;189;189;189;189;189;189,0;189;189,0;1531;1531,0;1531,0;1531,0;1531;1531;1531;1531;1531,0;1531;1531,0;1531,0;1,000000000000000;1,000000000000000;1,000000000000000;1,000000000000000;1,000000000000000;1,000000000000000;1,000000000000000;1,000000000000000;1,0000000000000000;1,0000000000000000;1,0000000000000000
2022-12-24;alle;236;236,0;236;236;236;236;236;236;236;236,0;236;236,0;1928;1928,0;1928,0;1928,0;1928;1928;1928;1928;1928,0;1928;1928,0;1928,0;NA;NA;NA;NA;NA;NA;NA;NA;NA;NA;NA
2022-12-23;0-60;65;65,0;65;65;65;65;65;65;65;65,0;65;65,0;391;391,0;391,0;391,0;391;391;391;391;391,0;391;391,0;391,0;1,000000000000000;1,000000000000000;1,000000000000000;1,000000000000000;1,000000000000000;1,000000000000000;1,000000000000000;1,000000000000000;1,0000000000000000;1,0000000000000000;1,0000000000000000
2022-12-23;60+;237;237,0;237;237;237;237;237;237;237;237,0;237;237,0;1524;1524,0;1524,0;1524,0;1524;1524;1524;1524;1524,0;1524;1524,0;1524,0;1,000000000000000;1,000000000000000;1,000000000000000;1,000000000000000;1,000000000000000;1,000000000000000;1,000000000000000;1,000000000000000;1,0000000000000000;1,0000000000000000;1,0000000000000000
2022-12-23;alle;302;302,0;302;302;302;302;302;302;302;302,0;302;302,0;1915;1915,0;1915,0;1915,0;1915;1915;1915;1915;1915,0;1915;1915,0;1915,0;NA;NA;NA;NA;NA;NA;NA;NA;NA;NA;NA
2022-12-22;0-60;79;79,0;79;79;79;79;79;79;79;79,0;79;79,0;387;387,0;387,0;387,0;387;387;387;387;387,0;387;387,0;387,0;1,000000000000000;1,000000000000000;1,000000000000000;1,000000000000000;1,000000000000000;1,000000000000000;1,000000000000000;1,000000000000000;1,0000000000000000;1,0000000000000000;1,0000000000000000
2022-12-22;60+;242;242,0;242;242;242;242;242;242;242;242,0;242;242,0;1496;1496,0;1496,0;1496,0;1496;1496;1496;1496;1496,0;1496;1496,0;1496,0;1,000000000000000;1,000000000000000;1,000000000000000;1,000000000000000;1,000000000000000;1,000000000000000;1,000000000000000;1,000000000000000;1,0000000000000000;1,0000000000000000;1,0000000000000000
2022-12-22;alle;321;321,0;321;321;321;321;321;321;321;321,0;321;321,0;1883;1883,0;1883,0;1883,0;1883;1883;1883;1883;1883,0;1883;1883,0;1883,0;NA;NA;NA;NA;NA;NA;NA;NA;NA;NA;NA
2022-12-21;0-60;93;93,0;93;93;93;93;93;93;93;93,0;93;93,0;361;361,0;361,0;361,0;361;361;361;361;361,0;361;361,0;361,0;1,000000000000000;1,000000000000000;1,000000000000000;1,000000000000000;1,000000000000000;1,000000000000000;1,000000000000000;1,000000000000000;1,0000000000000000;1,0000000000000000;1,0000000000000000
2022-12-21;60+;321;321,0;321;321;321;321;321;321;321;321,0;321;321,0;1512;1512,0;1512,0;1512,0;1512;1512;1512;1512;1512,0;1512;1512,0;1512,0;1,000000000000000;1,000000000000000;1,000000000000000;1,000000000000000;1,000000000000000;1,000000000000000;1,000000000000000;1,000000000000000;1,0000000000000000;1,0000000000000000;1,0000000000000000
2022-12-21;alle;414;414,0;414;414;414;414;414;414;414;414,0;414;414,0;1873;1873,0;1873,0;1873,0;1873;1873;1873;1873;1873,0;1873;1873,0;1873,0;NA;NA;NA;NA;NA;NA;NA;NA;NA;NA;NA
2022-12-20;0-60;92;92,0;92;92;92;92;92;92;92;92,0;92;92,0;336;336,0;336,0;336,0;336;336;336;336;336,0;336;336,0;336,0;1,000000000000000;1,000000000000000;1,000000000000000;1,000000000000000;1,000000000000000;1,000000000000000;1,000000000000000;1,000000000000000;1,0000000000000000;1,0000000000000000;1,0000000000000000
2022-12-20;60+;459;459,0;459;459;459;459;459;459;459;459,0;459;459,0;1452;1452,0;1452,0;1452,0;1452;1452;1452;1452;1452,0;1452;1452,0;1452,0;1,000000000000000;1,000000000000000;1,000000000000000;1,000000000000000;1,000000000000000;1,000000000000000;1,000000000000000;1,000000000000000;1,0000000000000000;1,0000000000000000;1,0000000000000000
2022-12-20;alle;551;551,0;551;551;551;551;551;551;551;551,0;551;551,0;1788;1788,0;1788,0;1788,0;1788;1788;1788;1788;1788,0;1788;1788,0;1788,0;NA;NA;NA;NA;NA;NA;NA;NA;NA;NA;NA
2022-12-19;0-60;11;11,0;11;11;11;11;11;11;11;11,0;11;11,0;333;333,0;333,0;333,0;333;333;333;333;333,0;333;333,0;333,0;1,000000000000000;1,000000000000000;1,000000000000000;1,000000000000000;1,000000000000000;1,000000000000000;1,000000000000000;1,000000000000000;1,0000000000000000;1,0000000000000000;1,0000000000000000
2022-12-19;60+;50;50,0;50;50;50;50;50;50;50;50,0;50;50,0;1386;1386,0;1386,0;1386,0;1386;1386;1386;1386;1386,0;1386;1386,0;1386,0;1,000000000000000;1,000000000000000;1,000000000000000;1,000000000000000;1,000000000000000;1,000000000000000;1,000000000000000;1,000000000000000;1,0000000000000000;1,0000000000000000;1,0000000000000000
2022-12-19;alle;61;61,0;61;61;61;61;61;61;61;61,0;61;61,0;1719;1719,0;1719,0;1719,0;1719;1719;1719;1719;1719,0;1719;1719,0;1719,0;NA;NA;NA;NA;NA;NA;NA;NA;NA;NA;NA
2022-12-18;0-60;10;10,0;10;10;10;10;10;10;10;10,0;10;10,0;329;329,0;329,0;329,0;329;329;329;329;329,0;329;329,0;329,0;1,000000000000000;1,000000000000000;1,000000000000000;1,000000000000000;1,000000000000000;1,000000000000000;1,000000000000000;1,000000000000000;1,0000000000000000;1,0000000000000000;1,0000000000000000
2022-12-18;60+;33;33,0;33;33;33;33;33;33;33;33,0;33;33,0;1363;1363,0;1363,0;1363,0;1363;1363;1363;1363;1363,0;1363;1363,0;1363,0;1,000000000000000;1,000000000000000;1,000000000000000;1,000000000000000;1,000000000000000;1,000000000000000;1,000000000000000;1,000000000000000;1,0000000000000000;1,0000000000000000;1,0000000000000000
2022-12-18;alle;43;43,0;43;43;43;43;43;43;43;43,0;43;43,0;1692;1692,0;1692,0;1692,0;1692;1692;1692;1692;1692,0;1692;1692,0;1692,0;NA;NA;NA;NA;NA;NA;NA;NA;NA;NA;NA
2022-12-17;0-60;41;41,0;41;41;41;41;41;41;41;41,0;41;41,0;327;327,0;327,0;327,0;327;327;327;327;327,0;327;327,0;327,0;1,000000000000000;1,000000000000000;1,000000000000000;1,000000000000000;1,000000000000000;1,000000000000000;1,000000000000000;1,000000000000000;1,0000000000000000;1,0000000000000000;1,0000000000000000
2022-12-17;60+;182;182,0;182;182;182;182;182;182;182;182,0;182;182,0;1360;1360,0;1360,0;1360,0;1360;1360;1360;1360;1360,0;1360;1360,0;1360,0;1,000000000000000;1,000000000000000;1,000000000000000;1,000000000000000;1,000000000000000;1,000000000000000;1,000000000000000;1,000000000000000;1,0000000000000000;1,0000000000000000;1,0000000000000000
2022-12-17;alle;223;223,0;223;223;223;223;223;223;223;223,0;223;223,0;1687;1687,0;1687,0;1687,0;1687;1687;1687;1687;1687,0;1687;1687,0;1687,0;NA;NA;NA;NA;NA;NA;NA;NA;NA;NA;NA
2022-12-16;0-60;61;61,0;61;61;61;61;61;61;61;61,0;61;61,0;324;324,0;324,0;324,0;324;324;324;324;324,0;324;324,0;324,0;1,000000000000000;1,000000000000000;1,000000000000000;1,000000000000000;1,000000000000000;1,000000000000000;1,000000000000000;1,000000000000000;1,0000000000000000;1,0000000000000000;1,0000000000000000
2022-12-16;60+;209;209,0;209;209;209;209;209;209;209;209,0;209;209,0;1329;1329,0;1329,0;1329,0;1329;1329;1329;1329;1329,0;1329;1329,0;1329,0;1,000000000000000;1,000000000000000;1,000000000000000;1,000000000000000;1,000000000000000;1,000000000000000;1,000000000000000;1,000000000000000;1,0000000000000000;1,0000000000000000;1,0000000000000000
2022-12-16;alle;270;270,0;270;270;270;270;270;270;270;270,0;270;270,0;1653;1653,0;1653,0;1653,0;1653;1653;1653;1653;1653,0;1653;1653,0;1653,0;NA;NA;NA;NA;NA;NA;NA;NA;NA;NA;NA
2022-12-15;0-60;53;53,0;53;53;53;53;53;53;53;53,0;53;53,0;298;298,0;298,0;298,0;298;298;298;298;298,0;298;298,0;298,0;1,000000000000000;1,000000000000000;1,000000000000000;1,000000000000000;1,000000000000000;1,000000000000000;1,000000000000000;1,000000000000000;1,0000000000000000;1,0000000000000000;1,0000000000000000
2022-12-15;60+;258;258,0;258;258;258;258;258;258;258;258,0;258;258,0;1248;1248,0;1248,0;1248,0;1248;1248;1248;1248;1248,0;1248;1248,0;1248,0;1,000000000000000;1,000000000000000;1,000000000000000;1,000000000000000;1,000000000000000;1,000000000000000;1,000000000000000;1,000000000000000;1,0000000000000000;1,0000000000000000;1,0000000000000000
2022-12-15;alle;311;311,0;311;311;311;311;311;311;311;311,0;311;311,0;1546;1546,0;1546,0;1546,0;1546;1546;1546;1546;1546,0;1546;1546,0;1546,0;NA;NA;NA;NA;NA;NA;NA;NA;NA;NA;NA
2022-12-14;0-60;68;68,0;68;68;68;68;68;68;68;68,0;68;68,0;291;291,0;291,0;291,0;291;291;291;291;291,0;291;291,0;291,0;1,000000000000000;1,000000000000000;1,000000000000000;1,000000000000000;1,000000000000000;1,000000000000000;1,000000000000000;1,000000000000000;1,0000000000000000;1,0000000000000000;1,0000000000000000
2022-12-14;60+;261;261,0;261;261;261;261;261;261;261;261,0;261;261,0;1161;1161,0;1161,0;1161,0;1161;1161;1161;1161;1161,0;1161;1161,0;1161,0;1,000000000000000;1,000000000000000;1,000000000000000;1,000000000000000;1,000000000000000;1,000000000000000;1,000000000000000;1,000000000000000;1,0000000000000000;1,0000000000000000;1,0000000000000000
2022-12-14;alle;329;329,0;329;329;329;329;329;329;329;329,0;329;329,0;1452;1452,0;1452,0;1452,0;1452;1452;1452;1452;1452,0;1452;1452,0;1452,0;NA;NA;NA;NA;NA;NA;NA;NA;NA;NA;NA
2022-12-13;0-60;89;89,0;89;89;89;89;89;89;89;89,0;89;89,0;269;269,0;269,0;269,0;269;269;269;269;269,0;269;269,0;269,0;1,000000000000000;1,000000000000000;1,000000000000000;1,000000000000000;1,000000000000000;1,000000000000000;1,000000000000000;1,000000000000000;1,0000000000000000;1,0000000000000000;1,0000000000000000
2022-12-13;60+;393;393,0;393;393;393;393;393;393;393;393,0;393;393,0;1108;1108,0;1108,0;1108,0;1108;1108;1108;1108;1108,0;1108;1108,0;1108,0;1,000000000000000;1,000000000000000;1,000000000000000;1,000000000000000;1,000000000000000;1,000000000000000;1,000000000000000;1,000000000000000;1,0000000000000000;1,0000000000000000;1,0000000000000000
2022-12-13;alle;482;482,0;482;482;482;482;482;482;482;482,0;482;482,0;1377;1377,0;1377,0;1377,0;1377;1377;1377;1377;1377,0;1377;1377,0;1377,0;NA;NA;NA;NA;NA;NA;NA;NA;NA;NA;NA
2022-12-12;0-60;7;7,0;7;7;7;7;7;7;7;7,0;7;7,0;265;265,0;265,0;265,0;265;265;265;265;265,0;265;265,0;265,0;1,000000000000000;1,000000000000000;1,000000000000000;1,000000000000000;1,000000000000000;1,000000000000000;1,000000000000000;1,000000000000000;1,0000000000000000;1,0000000000000000;1,0000000000000000
2022-12-12;60+;27;27,0;27;27;27;27;27;27;27;27,0;27;27,0;1032;1032,0;1032,0;1032,0;1032;1032;1032;1032;1032,0;1032;1032,0;1032,0;1,000000000000000;1,000000000000000;1,000000000000000;1,000000000000000;1,000000000000000;1,000000000000000;1,000000000000000;1,000000000000000;1,0000000000000000;1,0000000000000000;1,0000000000000000
2022-12-12;alle;34;34,0;34;34;34;34;34;34;34;34,0;34;34,0;1297;1297,0;1297,0;1297,0;1297;1297;1297;1297;1297,0;1297;1297,0;1297,0;NA;NA;NA;NA;NA;NA;NA;NA;NA;NA;NA
2022-12-11;0-60;8;8,0;8;8;8;8;8;8;8;8,0;8;8,0;265;265,0;265,0;265,0;265;265;265;265;265,0;265;265,0;265,0;1,000000000000000;1,000000000000000;1,000000000000000;1,000000000000000;1,000000000000000;1,000000000000000;1,000000000000000;1,000000000000000;1,0000000000000000;1,0000000000000000;1,0000000000000000
2022-12-11;60+;30;30,0;30;30;30;30;30;30;30;30,0;30;30,0;1037;1037,0;1037,0;1037,0;1037;1037;1037;1037;1037,0;1037;1037,0;1037,0;1,000000000000000;1,000000000000000;1,000000000000000;1,000000000000000;1,000000000000000;1,000000000000000;1,000000000000000;1,000000000000000;1,0000000000000000;1,0000000000000000;1,0000000000000000
2022-12-11;alle;38;38,0;38;38;38;38;38;38;38;38,0;38;38,0;1302;1302,0;1302,0;1302,0;1302;1302;1302;1302;1302,0;1302;1302,0;1302,0;NA;NA;NA;NA;NA;NA;NA;NA;NA;NA;NA
2022-12-10;0-60;38;38,0;38;38;38;38;38;38;38;38,0;38;38,0;264;264,0;264,0;264,0;264;264;264;264;264,0;264;264,0;264,0;1,000000000000000;1,000000000000000;1,000000000000000;1,000000000000000;1,000000000000000;1,000000000000000;1,000000000000000;1,000000000000000;1,0000000000000000;1,0000000000000000;1,0000000000000000
2022-12-10;60+;151;151,0;151;151;151;151;151;151;151;151,0;151;151,0;1039;1039,0;1039,0;1039,0;1039;1039;1039;1039;1039,0;1039;1039,0;1039,0;1,000000000000000;1,000000000000000;1,000000000000000;1,000000000000000;1,000000000000000;1,000000000000000;1,000000000000000;1,000000000000000;1,0000000000000000;1,0000000000000000;1,0000000000000000
2022-12-10;alle;189;189,0;189;189;189;189;189;189;189;189,0;189;189,0;1303;1303,0;1303,0;1303,0;1303;1303;1303;1303;1303,0;1303;1303,0;1303,0;NA;NA;NA;NA;NA;NA;NA;NA;NA;NA;NA
2022-12-09;0-60;35;35,0;35;35;35;35;35;35;35;35,0;35;35,0;251;251,0;251,0;251,0;251;251;251;251;251,0;251;251,0;251,0;1,000000000000000;1,000000000000000;1,000000000000000;1,000000000000000;1,000000000000000;1,000000000000000;1,000000000000000;1,000000000000000;1,0000000000000000;1,0000000000000000;1,0000000000000000
2022-12-09;60+;128;128,0;128;128;128;128;128;128;128;128,0;128;128,0;1024;1024,0;1024,0;1024,0;1024;1024;1024;1024;1024,0;1024;1024,0;1024,0;1,000000000000000;1,000000000000000;1,000000000000000;1,000000000000000;1,000000000000000;1,000000000000000;1,000000000000000;1,000000000000000;1,0000000000000000;1,0000000000000000;1,0000000000000000
2022-12-09;alle;163;163,0;163;163;163;163;163;163;163;163,0;163;163,0;1275;1275,0;1275,0;1275,0;1275;1275;1275;1275;1275,0;1275;1275,0;1275,0;NA;NA;NA;NA;NA;NA;NA;NA;NA;NA;NA
2022-12-08;0-60;46;46,0;46;46;46;46;46;46;46;46,0;46;46,0;264;264,0;264,0;264,0;264;264;264;264;264,0;264;264,0;264,0;1,000000000000000;1,000000000000000;1,000000000000000;1,000000000000000;1,000000000000000;1,000000000000000;1,000000000000000;1,000000000000000;1,0000000000000000;1,0000000000000000;1,0000000000000000
2022-12-08;60+;171;171,0;171;171;171;171;171;171;171;171,0;171;171,0;1060;1060,0;1060,0;1060,0;1060;1060;1060;1060;1060,0;1060;1060,0;1060,0;1,000000000000000;1,000000000000000;1,000000000000000;1,000000000000000;1,000000000000000;1,000000000000000;1,000000000000000;1,000000000000000;1,0000000000000000;1,0000000000000000;1,0000000000000000
2022-12-08;alle;217;217,0;217;217;217;217;217;217;217;217,0;217;217,0;1324;1324,0;1324,0;1324,0;1324;1324;1324;1324;1324,0;1324;1324,0;1324,0;NA;NA;NA;NA;NA;NA;NA;NA;NA;NA;NA
2022-12-07;0-60;46;46,0;46;46;46;46;46;46;46;46,0;46;46,0;263;263,0;263,0;263,0;263;263;263;263;263,0;263;263,0;263,0;1,000000000000000;1,000000000000000;1,000000000000000;1,000000000000000;1,000000000000000;1,000000000000000;1,000000000000000;1,000000000000000;1,0000000000000000;1,0000000000000000;1,0000000000000000
2022-12-07;60+;208;208,0;208;208;208;208;208;208;208;208,0;208;208,0;1048;1048,0;1048,0;1048,0;1048;1048;1048;1048;1048,0;1048;1048,0;1048,0;1,000000000000000;1,000000000000000;1,000000000000000;1,000000000000000;1,000000000000000;1,000000000000000;1,000000000000000;1,000000000000000;1,0000000000000000;1,0000000000000000;1,0000000000000000
2022-12-07;alle;254;254,0;254;254;254;254;254;254;254;254,0;254;254,0;1311;1311,0;1311,0;1311,0;1311;1311;1311;1311;1311,0;1311;1311,0;1311,0;NA;NA;NA;NA;NA;NA;NA;NA;NA;NA;NA
2022-12-06;0-60;85;85,0;85;85;85;85;85;85;85;85,0;85;85,0;273;273,0;273,0;273,0;273;273;273;273;273,0;273;273,0;273,0;1,000000000000000;1,000000000000000;1,000000000000000;1,000000000000000;1,000000000000000;1,000000000000000;1,000000000000000;1,000000000000000;1,0000000000000000;1,0000000000000000;1,0000000000000000
2022-12-06;60+;317;317,0;317;317;317;317;317;317;317;317,0;317;317,0;1002;1002,0;1002,0;1002,0;1002;1002;1002;1002;1002,0;1002;1002,0;1002,0;1,000000000000000;1,000000000000000;1,000000000000000;1,000000000000000;1,000000000000000;1,000000000000000;1,000000000000000;1,000000000000000;1,0000000000000000;1,0000000000000000;1,0000000000000000
2022-12-06;alle;402;402,0;402;402;402;402;402;402;402;402,0;402;402,0;1275;1275,0;1275,0;1275,0;1275;1275;1275;1275;1275,0;1275;1275,0;1275,0;NA;NA;NA;NA;NA;NA;NA;NA;NA;NA;NA
2022-12-05;0-60;7;7,0;7;7;7;7;7;7;7;7,0;7;7,0;261;261,0;261,0;261,0;261;261;261;261;261,0;261;261,0;261,0;1,000000000000000;1,000000000000000;1,000000000000000;1,000000000000000;1,000000000000000;1,000000000000000;1,000000000000000;1,000000000000000;1,0000000000000000;1,0000000000000000;1,0000000000000000
2022-12-05;60+;32;32,0;32;32;32;32;32;32;32;32,0;32;32,0;971;971,0;971,0;971,0;971;971;971;971;971,0;971;971,0;971,0;1,000000000000000;1,000000000000000;1,000000000000000;1,000000000000000;1,000000000000000;1,000000000000000;1,000000000000000;1,000000000000000;1,0000000000000000;1,0000000000000000;1,0000000000000000
2022-12-05;alle;39;39,0;39;39;39;39;39;39;39;39,0;39;39,0;1232;1232,0;1232,0;1232,0;1232;1232;1232;1232;1232,0;1232;1232,0;1232,0;NA;NA;NA;NA;NA;NA;NA;NA;NA;NA;NA
2022-12-04;0-60;7;7,0;7;7;7;7;7;7;7;7,0;7;7,0;259;259,0;259,0;259,0;259;259;259;259;259,0;259;259,0;259,0;1,000000000000000;1,000000000000000;1,000000000000000;1,000000000000000;1,000000000000000;1,000000000000000;1,000000000000000;1,000000000000000;1,0000000000000000;1,0000000000000000;1,0000000000000000
2022-12-04;60+;32;32,0;32;32;32;32;32;32;32;32,0;32;32,0;955;955,0;955,0;955,0;955;955;955;955;955,0;955;955,0;955,0;1,000000000000000;1,000000000000000;1,000000000000000;1,000000000000000;1,000000000000000;1,000000000000000;1,000000000000000;1,000000000000000;1,0000000000000000;1,0000000000000000;1,0000000000000000
2022-12-04;alle;39;39,0;39;39;39;39;39;39;39;39,0;39;39,0;1214;1214,0;1214,0;1214,0;1214;1214;1214;1214;1214,0;1214;1214,0;1214,0;NA;NA;NA;NA;NA;NA;NA;NA;NA;NA;NA
2022-12-03;0-60;25;25,0;25;25;25;25;25;25;25;25,0;25;25,0;257;257,0;257,0;257,0;257;257;257;257;257,0;257;257,0;257,0;1,000000000000000;1,000000000000000;1,000000000000000;1,000000000000000;1,000000000000000;1,000000000000000;1,000000000000000;1,000000000000000;1,0000000000000000;1,0000000000000000;1,0000000000000000
2022-12-03;60+;136;136,0;136;136;136;136;136;136;136;136,0;136;136,0;953;953,0;953,0;953,0;953;953;953;953;953,0;953;953,0;953,0;1,000000000000000;1,000000000000000;1,000000000000000;1,000000000000000;1,000000000000000;1,000000000000000;1,000000000000000;1,000000000000000;1,0000000000000000;1,0000000000000000;1,0000000000000000
2022-12-03;alle;161;161,0;161;161;161;161;161;161;161;161,0;161;161,0;1210;1210,0;1210,0;1210,0;1210;1210;1210;1210;1210,0;1210;1210,0;1210,0;NA;NA;NA;NA;NA;NA;NA;NA;NA;NA;NA
2022-12-02;0-60;48;48,0;48;48;48;48;48;48;48;48,0;48;48,0;269;269,0;269,0;269,0;269;269;269;269;269,0;269;269,0;269,0;1,000000000000000;1,000000000000000;1,000000000000000;1,000000000000000;1,000000000000000;1,000000000000000;1,000000000000000;1,000000000000000;1,0000000000000000;1,0000000000000000;1,0000000000000000
2022-12-02;60+;164;164,0;164;164;164;164;164;164;164;164,0;164;164,0;935;935,0;935,0;935,0;935;935;935;935;935,0;935;935,0;935,0;1,000000000000000;1,000000000000000;1,000000000000000;1,000000000000000;1,000000000000000;1,000000000000000;1,000000000000000;1,000000000000000;1,0000000000000000;1,0000000000000000;1,0000000000000000
2022-12-02;alle;212;212,0;212;212;212;212;212;212;212;212,0;212;212,0;1204;1204,0;1204,0;1204,0;1204;1204;1204;1204;1204,0;1204;1204,0;1204,0;NA;NA;NA;NA;NA;NA;NA;NA;NA;NA;NA
2022-12-01;0-60;45;45,0;45;45;45;45;45;45;45;45,0;45;45,0;261;261,0;261,0;261,0;261;261;261;261;261,0;261;261,0;261,0;1,000000000000000;1,000000000000000;1,000000000000000;1,000000000000000;1,000000000000000;1,000000000000000;1,000000000000000;1,000000000000000;1,0000000000000000;1,0000000000000000;1,0000000000000000
2022-12-01;60+;159;159,0;159;159;159;159;159;159;159;159,0;159;159,0;957;957,0;957,0;957,0;957;957;957;957;957,0;957;957,0;957,0;1,000000000000000;1,000000000000000;1,000000000000000;1,000000000000000;1,000000000000000;1,000000000000000;1,000000000000000;1,000000000000000;1,0000000000000000;1,0000000000000000;1,0000000000000000
2022-12-01;alle;204;204,0;204;204;204;204;204;204;204;204,0;204;204,0;1218;1218,0;1218,0;1218,0;1218;1218;1218;1218;1218,0;1218;1218,0;1218,0;NA;NA;NA;NA;NA;NA;NA;NA;NA;NA;NA
2022-11-30;0-60;56;56,0;56;56;56;56;56;56;56;56,0;56;56,0;265;265,0;265,0;265,0;265;265;265;265;265,0;265;265,0;265,0;1,000000000000000;1,000000000000000;1,000000000000000;1,000000000000000;1,000000000000000;1,000000000000000;1,000000000000000;1,000000000000000;1,0000000000000000;1,0000000000000000;1,0000000000000000
2022-11-30;60+;162;162,0;162;162;162;162;162;162;162;162,0;162;162,0;953;953,0;953,0;953,0;953;953;953;953;953,0;953;953,0;953,0;1,000000000000000;1,000000000000000;1,000000000000000;1,000000000000000;1,000000000000000;1,000000000000000;1,000000000000000;1,000000000000000;1,0000000000000000;1,0000000000000000;1,0000000000000000
2022-11-30;alle;218;218,0;218;218;218;218;218;218;218;218,0;218;218,0;1218;1218,0;1218,0;1218,0;1218;1218;1218;1218;1218,0;1218;1218,0;1218,0;NA;NA;NA;NA;NA;NA;NA;NA;NA;NA;NA
2022-11-29;0-60;73;73,0;73;73;73;73;73;73;73;73,0;73;73,0;268;268,0;268,0;268,0;268;268;268;268;268,0;268;268,0;268,0;1,000000000000000;1,000000000000000;1,000000000000000;1,000000000000000;1,000000000000000;1,000000000000000;1,000000000000000;1,000000000000000;1,0000000000000000;1,0000000000000000;1,0000000000000000
2022-11-29;60+;286;286,0;286;286;286;286;286;286;286;286,0;286;286,0;967;967,0;967,0;967,0;967;967;967;967;967,0;967;967,0;967,0;1,000000000000000;1,000000000000000;1,000000000000000;1,000000000000000;1,000000000000000;1,000000000000000;1,000000000000000;1,000000000000000;1,0000000000000000;1,0000000000000000;1,0000000000000000
2022-11-29;alle;359;359,0;359;359;359;359;359;359;359;359,0;359;359,0;1235;1235,0;1235,0;1235,0;1235;1235;1235;1235;1235,0;1235;1235,0;1235,0;NA;NA;NA;NA;NA;NA;NA;NA;NA;NA;NA
2022-11-28;0-60;5;5,0;5;5;5;5;5;5;5;5,0;5;5,0;255;255,0;255,0;255,0;255;255;255;255;255,0;255;255,0;255,0;1,000000000000000;1,000000000000000;1,000000000000000;1,000000000000000;1,000000000000000;1,000000000000000;1,000000000000000;1,000000000000000;1,0000000000000000;1,0000000000000000;1,0000000000000000
2022-11-28;60+;16;16,0;16;16;16;16;16;16;16;16,0;16;16,0;962;962,0;962,0;962,0;962;962;962;962;962,0;962;962,0;962,0;1,000000000000000;1,000000000000000;1,000000000000000;1,000000000000000;1,000000000000000;1,000000000000000;1,000000000000000;1,000000000000000;1,0000000000000000;1,0000000000000000;1,0000000000000000
2022-11-28;alle;21;21,0;21;21;21;21;21;21;21;21,0;21;21,0;1217;1217,0;1217,0;1217,0;1217;1217;1217;1217;1217,0;1217;1217,0;1217,0;NA;NA;NA;NA;NA;NA;NA;NA;NA;NA;NA
2022-11-27;0-60;5;5,0;5;5;5;5;5;5;5;5,0;5;5,0;256;256,0;256,0;256,0;256;256;256;256;256,0;256;256,0;256,0;1,000000000000000;1,000000000000000;1,000000000000000;1,000000000000000;1,000000000000000;1,000000000000000;1,000000000000000;1,000000000000000;1,0000000000000000;1,0000000000000000;1,0000000000000000
2022-11-27;60+;30;30,0;30;30;30;30;30;30;30;30,0;30;30,0;978;978,0;978,0;978,0;978;978;978;978;978,0;978;978,0;978,0;1,000000000000000;1,000000000000000;1,000000000000000;1,000000000000000;1,000000000000000;1,000000000000000;1,000000000000000;1,000000000000000;1,0000000000000000;1,0000000000000000;1,0000000000000000
2022-11-27;alle;35;35,0;35;35;35;35;35;35;35;35,0;35;35,0;1234;1234,0;1234,0;1234,0;1234;1234;1234;1234;1234,0;1234;1234,0;1234,0;NA;NA;NA;NA;NA;NA;NA;NA;NA;NA;NA
2022-11-26;0-60;37;37,0;37;37;37;37;37;37;37;37,0;37;37,0;256;256,0;256,0;256,0;256;256;256;256;256,0;256;256,0;256,0;1,000000000000000;1,000000000000000;1,000000000000000;1,000000000000000;1,000000000000000;1,000000000000000;1,000000000000000;1,000000000000000;1,0000000000000000;1,0000000000000000;1,0000000000000000
2022-11-26;60+;118;118,0;118;118;118;118;118;118;118;118,0;118;118,0;974;974,0;974,0;974,0;974;974;974;974;974,0;974;974,0;974,0;1,000000000000000;1,000000000000000;1,000000000000000;1,000000000000000;1,000000000000000;1,000000000000000;1,000000000000000;1,000000000000000;1,0000000000000000;1,0000000000000000;1,0000000000000000
2022-11-26;alle;155;155,0;155;155;155;155;155;155;155;155,0;155;155,0;1230;1230,0;1230,0;1230,0;1230;1230;1230;1230;1230,0;1230;1230,0;1230,0;NA;NA;NA;NA;NA;NA;NA;NA;NA;NA;NA
2022-11-25;0-60;40;40,0;40;40;40;40;40;40;40;40,0;40;40,0;261;261,0;261,0;261,0;261;261;261;261;261,0;261;261,0;261,0;1,000000000000000;1,000000000000000;1,000000000000000;1,000000000000000;1,000000000000000;1,000000000000000;1,000000000000000;1,000000000000000;1,0000000000000000;1,0000000000000000;1,0000000000000000
2022-11-25;60+;186;186,0;186;186;186;186;186;186;186;186,0;186;186,0;970;970,0;970,0;970,0;970;970;970;970;970,0;970;970,0;970,0;1,000000000000000;1,000000000000000;1,000000000000000;1,000000000000000;1,000000000000000;1,000000000000000;1,000000000000000;1,000000000000000;1,0000000000000000;1,0000000000000000;1,0000000000000000
2022-11-25;alle;226;226,0;226;226;226;226;226;226;226;226,0;226;226,0;1231;1231,0;1231,0;1231,0;1231;1231;1231;1231;1231,0;1231;1231,0;1231,0;NA;NA;NA;NA;NA;NA;NA;NA;NA;NA;NA
2022-11-24;0-60;49;49,0;49;49;49;49;49;49;49;49,0;49;49,0;257;257,0;257,0;257,0;257;257;257;257;257,0;257;257,0;257,0;1,000000000000000;1,000000000000000;1,000000000000000;1,000000000000000;1,000000000000000;1,000000000000000;1,000000000000000;1,000000000000000;1,0000000000000000;1,0000000000000000;1,0000000000000000
2022-11-24;60+;155;155,0;155;155;155;155;155;155;155;155,0;155;155,0;928;928,0;928,0;928,0;928;928;928;928;928,0;928;928,0;928,0;1,000000000000000;1,000000000000000;1,000000000000000;1,000000000000000;1,000000000000000;1,000000000000000;1,000000000000000;1,000000000000000;1,0000000000000000;1,0000000000000000;1,0000000000000000
2022-11-24;alle;204;204,0;204;204;204;204;204;204;204;204,0;204;204,0;1185;1185,0;1185,0;1185,0;1185;1185;1185;1185;1185,0;1185;1185,0;1185,0;NA;NA;NA;NA;NA;NA;NA;NA;NA;NA;NA
2022-11-23;0-60;59;59,0;59;59;59;59;59;59;59;59,0;59;59,0;243;243,0;243,0;243,0;243;243;243;243;243,0;243;243,0;243,0;1,000000000000000;1,000000000000000;1,000000000000000;1,000000000000000;1,000000000000000;1,000000000000000;1,000000000000000;1,000000000000000;1,0000000000000000;1,0000000000000000;1,0000000000000000
2022-11-23;60+;176;176,0;176;176;176;176;176;176;176;176,0;176;176,0;899;899,0;899,0;899,0;899;899;899;899;899,0;899;899,0;899,0;1,000000000000000;1,000000000000000;1,000000000000000;1,000000000000000;1,000000000000000;1,000000000000000;1,000000000000000;1,000000000000000;1,0000000000000000;1,0000000000000000;1,0000000000000000
2022-11-23;alle;235;235,0;235;235;235;235;235;235;235;235,0;235;235,0;1142;1142,0;1142,0;1142,0;1142;1142;1142;1142;1142,0;1142;1142,0;1142,0;NA;NA;NA;NA;NA;NA;NA;NA;NA;NA;NA
2022-11-22;0-60;60;60,0;60;60;60;60;60;60;60;60,0;60;60,0;234;234,0;234,0;234,0;234;234;234;234;234,0;234;234,0;234,0;1,000000000000000;1,000000000000000;1,000000000000000;1,000000000000000;1,000000000000000;1,000000000000000;1,000000000000000;1,000000000000000;1,0000000000000000;1,0000000000000000;1,0000000000000000
2022-11-22;60+;281;281,0;281;281;281;281;281;281;281;281,0;281;281,0;880;880,0;880,0;880,0;880;880;880;880;880,0;880;880,0;880,0;1,000000000000000;1,000000000000000;1,000000000000000;1,000000000000000;1,000000000000000;1,000000000000000;1,000000000000000;1,000000000000000;1,0000000000000000;1,0000000000000000;1,0000000000000000
2022-11-22;alle;341;341,0;341;341;341;341;341;341;341;341,0;341;341,0;1114;1114,0;1114,0;1114,0;1114;1114;1114;1114;1114,0;1114;1114,0;1114,0;NA;NA;NA;NA;NA;NA;NA;NA;NA;NA;NA
2022-11-21;0-60;6;6,0;6;6;6;6;6;6;6;6,0;6;6,0;250;250,0;250,0;250,0;250;250;250;250;250,0;250;250,0;250,0;1,000000000000000;1,000000000000000;1,000000000000000;1,000000000000000;1,000000000000000;1,000000000000000;1,000000000000000;1,000000000000000;1,0000000000000000;1,0000000000000000;1,0000000000000000
2022-11-21;60+;32;32,0;32;32;32;32;32;32;32;32,0;32;32,0;854;854,0;854,0;854,0;854;854;854;854;854,0;854;854,0;854,0;1,000000000000000;1,000000000000000;1,000000000000000;1,000000000000000;1,000000000000000;1,000000000000000;1,000000000000000;1,000000000000000;1,0000000000000000;1,0000000000000000;1,0000000000000000
2022-11-21;alle;38;38,0;38;38;38;38;38;38;38;38,0;38;38,0;1104;1104,0;1104,0;1104,0;1104;1104;1104;1104;1104,0;1104;1104,0;1104,0;NA;NA;NA;NA;NA;NA;NA;NA;NA;NA;NA
2022-11-20;0-60;5;5,0;5;5;5;5;5;5;5;5,0;5;5,0;249;249,0;249,0;249,0;249;249;249;249;249,0;249;249,0;249,0;1,000000000000000;1,000000000000000;1,000000000000000;1,000000000000000;1,000000000000000;1,000000000000000;1,000000000000000;1,000000000000000;1,0000000000000000;1,0000000000000000;1,0000000000000000
2022-11-20;60+;26;26,0;26;26;26;26;26;26;26;26,0;26;26,0;856;856,0;856,0;856,0;856;856;856;856;856,0;856;856,0;856,0;1,000000000000000;1,000000000000000;1,000000000000000;1,000000000000000;1,000000000000000;1,000000000000000;1,000000000000000;1,000000000000000;1,0000000000000000;1,0000000000000000;1,0000000000000000
2022-11-20;alle;31;31,0;31;31;31;31;31;31;31;31,0;31;31,0;1105;1105,0;1105,0;1105,0;1105;1105;1105;1105;1105,0;1105;1105,0;1105,0;NA;NA;NA;NA;NA;NA;NA;NA;NA;NA;NA
2022-11-19;0-60;42;42,0;42;42;42;42;42;42;42;42,0;42;42,0;252;252,0;252,0;252,0;252;252;252;252;252,0;252;252,0;252,0;1,000000000000000;1,000000000000000;1,000000000000000;1,000000000000000;1,000000000000000;1,000000000000000;1,000000000000000;1,000000000000000;1,0000000000000000;1,0000000000000000;1,0000000000000000
2022-11-19;60+;114;114,0;114;114;114;114;114;114;114;114,0;114;114,0;859;859,0;859,0;859,0;859;859;859;859;859,0;859;859,0;859,0;1,000000000000000;1,000000000000000;1,000000000000000;1,000000000000000;1,000000000000000;1,000000000000000;1,000000000000000;1,000000000000000;1,0000000000000000;1,0000000000000000;1,0000000000000000
2022-11-19;alle;156;156,0;156;156;156;156;156;156;156;156,0;156;156,0;1111;1111,0;1111,0;1111,0;1111;1111;1111;1111;1111,0;1111;1111,0;1111,0;NA;NA;NA;NA;NA;NA;NA;NA;NA;NA;NA
2022-11-18;0-60;36;36,0;36;36;36;36;36;36;36;36,0;36;36,0;240;240,0;240,0;240,0;240;240;240;240;240,0;240;240,0;240,0;1,000000000000000;1,000000000000000;1,000000000000000;1,000000000000000;1,000000000000000;1,000000000000000;1,000000000000000;1,000000000000000;1,0000000000000000;1,0000000000000000;1,0000000000000000
2022-11-18;60+;144;144,0;144;144;144;144;144;144;144;144,0;144;144,0;885;885,0;885,0;885,0;885;885;885;885;885,0;885;885,0;885,0;1,000000000000000;1,000000000000000;1,000000000000000;1,000000000000000;1,000000000000000;1,000000000000000;1,000000000000000;1,000000000000000;1,0000000000000000;1,0000000000000000;1,0000000000000000
2022-11-18;alle;180;180,0;180;180;180;180;180;180;180;180,0;180;180,0;1125;1125,0;1125,0;1125,0;1125;1125;1125;1125;1125,0;1125;1125,0;1125,0;NA;NA;NA;NA;NA;NA;NA;NA;NA;NA;NA
2022-11-17;0-60;35;35,0;35;35;35;35;35;35;35;35,0;35;35,0;246;246,0;246,0;246,0;246;246;246;246;246,0;246;246,0;246,0;1,000000000000000;1,000000000000000;1,000000000000000;1,000000000000000;1,000000000000000;1,000000000000000;1,000000000000000;1,000000000000000;1,0000000000000000;1,0000000000000000;1,0000000000000000
2022-11-17;60+;126;126,0;126;126;126;126;126;126;126;126,0;126;126,0;875;875,0;875,0;875,0;875;875;875;875;875,0;875;875,0;875,0;1,000000000000000;1,000000000000000;1,000000000000000;1,000000000000000;1,000000000000000;1,000000000000000;1,000000000000000;1,000000000000000;1,0000000000000000;1,0000000000000000;1,0000000000000000
2022-11-17;alle;161;161,0;161;161;161;161;161;161;161;161,0;161;161,0;1121;1121,0;1121,0;1121,0;1121;1121;1121;1121;1121,0;1121;1121,0;1121,0;NA;NA;NA;NA;NA;NA;NA;NA;NA;NA;NA
2022-11-16;0-60;50;50,0;50;50;50;50;50;50;50;50,0;50;50,0;256;256,0;256,0;256,0;256;256;256;256;256,0;256;256,0;256,0;1,000000000000000;1,000000000000000;1,000000000000000;1,000000000000000;1,000000000000000;1,000000000000000;1,000000000000000;1,000000000000000;1,0000000000000000;1,0000000000000000;1,0000000000000000
2022-11-16;60+;157;157,0;157;157;157;157;157;157;157;157,0;157;157,0;903;903,0;903,0;903,0;903;903;903;903;903,0;903;903,0;903,0;1,000000000000000;1,000000000000000;1,000000000000000;1,000000000000000;1,000000000000000;1,000000000000000;1,000000000000000;1,000000000000000;1,0000000000000000;1,0000000000000000;1,0000000000000000
2022-11-16;alle;207;207,0;207;207;207;207;207;207;207;207,0;207;207,0;1159;1159,0;1159,0;1159,0;1159;1159;1159;1159;1159,0;1159;1159,0;1159,0;NA;NA;NA;NA;NA;NA;NA;NA;NA;NA;NA
2022-11-15;0-60;76;76,0;76;76;76;76;76;76;76;76,0;76;76,0;255;255,0;255,0;255,0;255;255;255;255;255,0;255;255,0;255,0;1,000000000000000;1,000000000000000;1,000000000000000;1,000000000000000;1,000000000000000;1,000000000000000;1,000000000000000;1,000000000000000;1,0000000000000000;1,0000000000000000;1,0000000000000000
2022-11-15;60+;255;255,0;255;255;255;255;255;255;255;255,0;255;255,0;908;908,0;908,0;908,0;908;908;908;908;908,0;908;908,0;908,0;1,000000000000000;1,000000000000000;1,000000000000000;1,000000000000000;1,000000000000000;1,000000000000000;1,000000000000000;1,000000000000000;1,0000000000000000;1,0000000000000000;1,0000000000000000
2022-11-15;alle;331;331,0;331;331;331;331;331;331;331;331,0;331;331,0;1163;1163,0;1163,0;1163,0;1163;1163;1163;1163;1163,0;1163;1163,0;1163,0;NA;NA;NA;NA;NA;NA;NA;NA;NA;NA;NA
2022-11-14;0-60;5;5,0;5;5;5;5;5;5;5;5,0;5;5,0;252;252,0;252,0;252,0;252;252;252;252;252,0;252;252,0;252,0;1,000000000000000;1,000000000000000;1,000000000000000;1,000000000000000;1,000000000000000;1,000000000000000;1,000000000000000;1,000000000000000;1,0000000000000000;1,0000000000000000;1,0000000000000000
2022-11-14;60+;34;34,0;34;34;34;34;34;34;34;34,0;34;34,0;951;951,0;951,0;951,0;951;951;951;951;951,0;951;951,0;951,0;1,000000000000000;1,000000000000000;1,000000000000000;1,000000000000000;1,000000000000000;1,000000000000000;1,000000000000000;1,000000000000000;1,0000000000000000;1,0000000000000000;1,0000000000000000
2022-11-14;alle;39;39,0;39;39;39;39;39;39;39;39,0;39;39,0;1203;1203,0;1203,0;1203,0;1203;1203;1203;1203;1203,0;1203;1203,0;1203,0;NA;NA;NA;NA;NA;NA;NA;NA;NA;NA;NA
2022-11-13;0-60;8;8,0;8;8;8;8;8;8;8;8,0;8;8,0;254;254,0;254,0;254,0;254;254;254;254;254,0;254;254,0;254,0;1,000000000000000;1,000000000000000;1,000000000000000;1,000000000000000;1,000000000000000;1,000000000000000;1,000000000000000;1,000000000000000;1,0000000000000000;1,0000000000000000;1,0000000000000000
2022-11-13;60+;29;29,0;29;29;29;29;29;29;29;29,0;29;29,0;944;944,0;944,0;944,0;944;944;944;944;944,0;944;944,0;944,0;1,000000000000000;1,000000000000000;1,000000000000000;1,000000000000000;1,000000000000000;1,000000000000000;1,000000000000000;1,000000000000000;1,0000000000000000;1,0000000000000000;1,0000000000000000
2022-11-13;alle;37;37,0;37;37;37;37;37;37;37;37,0;37;37,0;1198;1198,0;1198,0;1198,0;1198;1198;1198;1198;1198,0;1198;1198,0;1198,0;NA;NA;NA;NA;NA;NA;NA;NA;NA;NA;NA
2022-11-12;0-60;30;30,0;30;30;30;30;30;30;30;30,0;30;30,0;261;261,0;261,0;261,0;261;261;261;261;261,0;261;261,0;261,0;1,000000000000000;1,000000000000000;1,000000000000000;1,000000000000000;1,000000000000000;1,000000000000000;1,000000000000000;1,000000000000000;1,0000000000000000;1,0000000000000000;1,0000000000000000
2022-11-12;60+;140;140,0;140;140;140;140;140;140;140;140,0;140;140,0;960;960,0;960,0;960,0;960;960;960;960;960,0;960;960,0;960,0;1,000000000000000;1,000000000000000;1,000000000000000;1,000000000000000;1,000000000000000;1,000000000000000;1,000000000000000;1,000000000000000;1,0000000000000000;1,0000000000000000;1,0000000000000000
2022-11-12;alle;170;170,0;170;170;170;170;170;170;170;170,0;170;170,0;1221;1221,0;1221,0;1221,0;1221;1221;1221;1221;1221,0;1221;1221,0;1221,0;NA;NA;NA;NA;NA;NA;NA;NA;NA;NA;NA
2022-11-11;0-60;42;42,0;42;42;42;42;42;42;42;42,0;42;42,0;265;265,0;265,0;265,0;265;265;265;265;265,0;265;265,0;265,0;1,000000000000000;1,000000000000000;1,000000000000000;1,000000000000000;1,000000000000000;1,000000000000000;1,000000000000000;1,000000000000000;1,0000000000000000;1,0000000000000000;1,0000000000000000
2022-11-11;60+;134;134,0;134;134;134;134;134;134;134;134,0;134;134,0;963;963,0;963,0;963,0;963;963;963;963;963,0;963;963,0;963,0;1,000000000000000;1,000000000000000;1,000000000000000;1,000000000000000;1,000000000000000;1,000000000000000;1,000000000000000;1,000000000000000;1,0000000000000000;1,0000000000000000;1,0000000000000000
2022-11-11;alle;176;176,0;176;176;176;176;176;176;176;176,0;176;176,0;1228;1228,0;1228,0;1228,0;1228;1228;1228;1228;1228,0;1228;1228,0;1228,0;NA;NA;NA;NA;NA;NA;NA;NA;NA;NA;NA
2022-11-10;0-60;45;45,0;45;45;45;45;45;45;45;45,0;45;45,0;264;264,0;264,0;264,0;264;264;264;264;264,0;264;264,0;264,0;1,000000000000000;1,000000000000000;1,000000000000000;1,000000000000000;1,000000000000000;1,000000000000000;1,000000000000000;1,000000000000000;1,0000000000000000;1,0000000000000000;1,0000000000000000
2022-11-10;60+;154;154,0;154;154;154;154;154;154;154;154,0;154;154,0;977;977,0;977,0;977,0;977;977;977;977;977,0;977;977,0;977,0;1,000000000000000;1,000000000000000;1,000000000000000;1,000000000000000;1,000000000000000;1,000000000000000;1,000000000000000;1,000000000000000;1,0000000000000000;1,0000000000000000;1,0000000000000000
2022-11-10;alle;199;199,0;199;199;199;199;199;199;199;199,0;199;199,0;1241;1241,0;1241,0;1241,0;1241;1241;1241;1241;1241,0;1241;1241,0;1241,0;NA;NA;NA;NA;NA;NA;NA;NA;NA;NA;NA
2022-11-09;0-60;49;49,0;49;49;49;49;49;49;49;49,0;49;49,0;295;295,0;295,0;295,0;295;295;295;295;295,0;295;295,0;295,0;1,000000000000000;1,000000000000000;1,000000000000000;1,000000000000000;1,000000000000000;1,000000000000000;1,000000000000000;1,000000000000000;1,0000000000000000;1,0000000000000000;1,0000000000000000
2022-11-09;60+;162;162,0;162;162;162;162;162;162;162;162,0;162;162,0;1141;1141,0;1141,0;1141,0;1141;1141;1141;1141;1141,0;1141;1141,0;1141,0;1,000000000000000;1,000000000000000;1,000000000000000;1,000000000000000;1,000000000000000;1,000000000000000;1,000000000000000;1,000000000000000;1,0000000000000000;1,0000000000000000;1,0000000000000000
2022-11-09;alle;211;211,0;211;211;211;211;211;211;211;211,0;211;211,0;1436;1436,0;1436,0;1436,0;1436;1436;1436;1436;1436,0;1436;1436,0;1436,0;NA;NA;NA;NA;NA;NA;NA;NA;NA;NA;NA
2022-11-08;0-60;73;73,0;73;73;73;73;73;73;73;73,0;73;73,0;258;258,0;258,0;258,0;258;258;258;258;258,0;258;258,0;258,0;1,000000000000000;1,000000000000000;1,000000000000000;1,000000000000000;1,000000000000000;1,000000000000000;1,000000000000000;1,000000000000000;1,0000000000000000;1,0000000000000000;1,0000000000000000
2022-11-08;60+;298;298,0;298;298;298;298;298;298;298;298,0;298;298,0;1013;1013,0;1013,0;1013,0;1013;1013;1013;1013;1013,0;1013;1013,0;1013,0;1,000000000000000;1,000000000000000;1,000000000000000;1,000000000000000;1,000000000000000;1,000000000000000;1,000000000000000;1,000000000000000;1,0000000000000000;1,0000000000000000;1,0000000000000000
2022-11-08;alle;371;371,0;371;371;371;371;371;371;371;371,0;371;371,0;1271;1271,0;1271,0;1271,0;1271;1271;1271;1271;1271,0;1271;1271,0;1271,0;NA;NA;NA;NA;NA;NA;NA;NA;NA;NA;NA
2022-11-07;0-60;7;7,0;7;7;7;7;7;7;7;7,0;7;7,0;261;261,0;261,0;261,0;261;261;261;261;261,0;261;261,0;261,0;1,000000000000000;1,000000000000000;1,000000000000000;1,000000000000000;1,000000000000000;1,000000000000000;1,000000000000000;1,000000000000000;1,0000000000000000;1,0000000000000000;1,0000000000000000
2022-11-07;60+;27;27,0;27;27;27;27;27;27;27;27,0;27;27,0;1041;1041,0;1041,0;1041,0;1041;1041;1041;1041;1041,0;1041;1041,0;1041,0;1,000000000000000;1,000000000000000;1,000000000000000;1,000000000000000;1,000000000000000;1,000000000000000;1,000000000000000;1,000000000000000;1,0000000000000000;1,0000000000000000;1,0000000000000000
2022-11-07;alle;34;34,0;34;34;34;34;34;34;34;34,0;34;34,0;1302;1302,0;1302,0;1302,0;1302;1302;1302;1302;1302,0;1302;1302,0;1302,0;NA;NA;NA;NA;NA;NA;NA;NA;NA;NA;NA
2022-11-06;0-60;15;15,0;15;15;15;15;15;15;15;15,0;15;15,0;262;262,0;262,0;262,0;262;262;262;262;262,0;262;262,0;262,0;1,000000000000000;1,000000000000000;1,000000000000000;1,000000000000000;1,000000000000000;1,000000000000000;1,000000000000000;1,000000000000000;1,0000000000000000;1,0000000000000000;1,0000000000000000
2022-11-06;60+;45;45,0;45;45;45;45;45;45;45;45,0;45;45,0;1056;1056,0;1056,0;1056,0;1056;1056;1056;1056;1056,0;1056;1056,0;1056,0;1,000000000000000;1,000000000000000;1,000000000000000;1,000000000000000;1,000000000000000;1,000000000000000;1,000000000000000;1,000000000000000;1,0000000000000000;1,0000000000000000;1,0000000000000000
2022-11-06;alle;60;60,0;60;60;60;60;60;60;60;60,0;60;60,0;1318;1318,0;1318,0;1318,0;1318;1318;1318;1318;1318,0;1318;1318,0;1318,0;NA;NA;NA;NA;NA;NA;NA;NA;NA;NA;NA
2022-11-05;0-60;34;34,0;34;34;34;34;34;34;34;34,0;34;34,0;261;261,0;261,0;261,0;261;261;261;261;261,0;261;261,0;261,0;1,000000000000000;1,000000000000000;1,000000000000000;1,000000000000000;1,000000000000000;1,000000000000000;1,000000000000000;1,000000000000000;1,0000000000000000;1,0000000000000000;1,0000000000000000
2022-11-05;60+;143;143,0;143;143;143;143;143;143;143;143,0;143;143,0;1055;1055,0;1055,0;1055,0;1055;1055;1055;1055;1055,0;1055;1055,0;1055,0;1,000000000000000;1,000000000000000;1,000000000000000;1,000000000000000;1,000000000000000;1,000000000000000;1,000000000000000;1,000000000000000;1,0000000000000000;1,0000000000000000;1,0000000000000000
2022-11-05;alle;177;177,0;177;177;177;177;177;177;177;177,0;177;177,0;1316;1316,0;1316,0;1316,0;1316;1316;1316;1316;1316,0;1316;1316,0;1316,0;NA;NA;NA;NA;NA;NA;NA;NA;NA;NA;NA
2022-11-04;0-60;41;41,0;41;41;41;41;41;41;41;41,0;41;41,0;279;279,0;279,0;279,0;279;279;279;279;279,0;279;279,0;279,0;1,000000000000000;1,000000000000000;1,000000000000000;1,000000000000000;1,000000000000000;1,000000000000000;1,000000000000000;1,000000000000000;1,0000000000000000;1,0000000000000000;1,0000000000000000
2022-11-04;60+;148;148,0;148;148;148;148;148;148;148;148,0;148;148,0;1106;1106,0;1106,0;1106,0;1106;1106;1106;1106;1106,0;1106;1106,0;1106,0;1,000000000000000;1,000000000000000;1,000000000000000;1,000000000000000;1,000000000000000;1,000000000000000;1,000000000000000;1,000000000000000;1,0000000000000000;1,0000000000000000;1,0000000000000000
2022-11-04;alle;189;189,0;189;189;189;189;189;189;189;189,0;189;189,0;1385;1385,0;1385,0;1385,0;1385;1385;1385;1385;1385,0;1385;1385,0;1385,0;NA;NA;NA;NA;NA;NA;NA;NA;NA;NA;NA
2022-11-03;0-60;76;76,0;76;76;76;76;76;76;76;76,0;76;76,0;292;292,0;292,0;292,0;292;292;292;292;292,0;292;292,0;292,0;1,000000000000000;1,000000000000000;1,000000000000000;1,000000000000000;1,000000000000000;1,000000000000000;1,000000000000000;1,000000000000000;1,0000000000000000;1,0000000000000000;1,0000000000000000
2022-11-03;60+;318;318,0;318;318;318;318;318;318;318;318,0;318;318,0;1183;1183,0;1183,0;1183,0;1183;1183;1183;1183;1183,0;1183;1183,0;1183,0;1,000000000000000;1,000000000000000;1,000000000000000;1,000000000000000;1,000000000000000;1,000000000000000;1,000000000000000;1,000000000000000;1,0000000000000000;1,0000000000000000;1,0000000000000000
2022-11-03;alle;394;394,0;394;394;394;394;394;394;394;394,0;394;394,0;1475;1475,0;1475,0;1475,0;1475;1475;1475;1475;1475,0;1475;1475,0;1475,0;NA;NA;NA;NA;NA;NA;NA;NA;NA;NA;NA
2022-11-02;0-60;12;12,0;12;12;12;12;12;12;12;12,0;12;12,0;264;264,0;264,0;264,0;264;264;264;264;264,0;264;264,0;264,0;1,000000000000000;1,000000000000000;1,000000000000000;1,000000000000000;1,000000000000000;1,000000000000000;1,000000000000000;1,000000000000000;1,0000000000000000;1,0000000000000000;1,0000000000000000
2022-11-02;60+;34;34,0;34;34;34;34;34;34;34;34,0;34;34,0;1116;1116,0;1116,0;1116,0;1116;1116;1116;1116;1116,0;1116;1116,0;1116,0;1,000000000000000;1,000000000000000;1,000000000000000;1,000000000000000;1,000000000000000;1,000000000000000;1,000000000000000;1,000000000000000;1,0000000000000000;1,0000000000000000;1,0000000000000000
2022-11-02;alle;46;46,0;46;46;46;46;46;46;46;46,0;46;46,0;1380;1380,0;1380,0;1380,0;1380;1380;1380;1380;1380,0;1380;1380,0;1380,0;NA;NA;NA;NA;NA;NA;NA;NA;NA;NA;NA
2022-11-01;0-60;76;76,0;76;76;76;76;76;76;76;76,0;76;76,0;337;337,0;337,0;337,0;337;337;337;337;337,0;337;337,0;337,0;1,000000000000000;1,000000000000000;1,000000000000000;1,000000000000000;1,000000000000000;1,000000000000000;1,000000000000000;1,000000000000000;1,0000000000000000;1,0000000000000000;1,0000000000000000
2022-11-01;60+;326;326,0;326;326;326;326;326;326;326;326,0;326;326,0;1406;1406,0;1406,0;1406,0;1406;1406;1406;1406;1406,0;1406;1406,0;1406,0;1,000000000000000;1,000000000000000;1,000000000000000;1,000000000000000;1,000000000000000;1,000000000000000;1,000000000000000;1,000000000000000;1,0000000000000000;1,0000000000000000;1,0000000000000000
2022-11-01;alle;402;402,0;402;402;402;402;402;402;402;402,0;402;402,0;1743;1743,0;1743,0;1743,0;1743;1743;1743;1743;1743,0;1743;1743,0;1743,0;NA;NA;NA;NA;NA;NA;NA;NA;NA;NA;NA
2022-10-31;0-60;8;8,0;8;8;8;8;8;8;8;8,0;8;8,0;380;380,0;380,0;380,0;380;380;380;380;380,0;380;380,0;380,0;1,000000000000000;1,000000000000000;1,000000000000000;1,000000000000000;1,000000000000000;1,000000000000000;1,000000000000000;1,000000000000000;1,0000000000000000;1,0000000000000000;1,0000000000000000
2022-10-31;60+;42;42,0;42;42;42;42;42;42;42;42,0;42;42,0;1597;1597,0;1597,0;1597,0;1597;1597;1597;1597;1597,0;1597;1597,0;1597,0;1,000000000000000;1,000000000000000;1,000000000000000;1,000000000000000;1,000000000000000;1,000000000000000;1,000000000000000;1,000000000000000;1,0000000000000000;1,0000000000000000;1,0000000000000000
2022-10-31;alle;50;50,0;50;50;50;50;50;50;50;50,0;50;50,0;1977;1977,0;1977,0;1977,0;1977;1977;1977;1977;1977,0;1977;1977,0;1977,0;NA;NA;NA;NA;NA;NA;NA;NA;NA;NA;NA
2022-10-30;0-60;14;14,0;14;14;14;14;14;14;14;14,0;14;14,0;379;379,0;379,0;379,0;379;379;379;379;379,0;379;379,0;379,0;1,000000000000000;1,000000000000000;1,000000000000000;1,000000000000000;1,000000000000000;1,000000000000000;1,000000000000000;1,000000000000000;1,0000000000000000;1,0000000000000000;1,0000000000000000
2022-10-30;60+;44;44,0;44;44;44;44;44;44;44;44,0;44;44,0;1594;1594,0;1594,0;1594,0;1594;1594;1594;1594;1594,0;1594;1594,0;1594,0;1,000000000000000;1,000000000000000;1,000000000000000;1,000000000000000;1,000000000000000;1,000000000000000;1,000000000000000;1,000000000000000;1,0000000000000000;1,0000000000000000;1,0000000000000000
2022-10-30;alle;58;58,0;58;58;58;58;58;58;58;58,0;58;58,0;1973;1973,0;1973,0;1973,0;1973;1973;1973;1973;1973,0;1973;1973,0;1973,0;NA;NA;NA;NA;NA;NA;NA;NA;NA;NA;NA
2022-10-29;0-60;52;52,0;52;52;52;52;52;52;52;52,0;52;52,0;382;382,0;382,0;382,0;382;382;382;382;382,0;382;382,0;382,0;1,000000000000000;1,000000000000000;1,000000000000000;1,000000000000000;1,000000000000000;1,000000000000000;1,000000000000000;1,000000000000000;1,0000000000000000;1,0000000000000000;1,0000000000000000
2022-10-29;60+;194;194,0;194;194;194;194;194;194;194;194,0;194;194,0;1626;1626,0;1626,0;1626,0;1626;1626;1626;1626;1626,0;1626;1626,0;1626,0;1,000000000000000;1,000000000000000;1,000000000000000;1,000000000000000;1,000000000000000;1,000000000000000;1,000000000000000;1,000000000000000;1,0000000000000000;1,0000000000000000;1,0000000000000000
2022-10-29;alle;246;246,0;246;246;246;246;246;246;246;246,0;246;246,0;2008;2008,0;2008,0;2008,0;2008;2008;2008;2008;2008,0;2008;2008,0;2008,0;NA;NA;NA;NA;NA;NA;NA;NA;NA;NA;NA
2022-10-28;0-60;54;54,0;54;54;54;54;54;54;54;54,0;54;54,0;408;408,0;408,0;408,0;408;408;408;408;408,0;408;408,0;408,0;1,000000000000000;1,000000000000000;1,000000000000000;1,000000000000000;1,000000000000000;1,000000000000000;1,000000000000000;1,000000000000000;1,0000000000000000;1,0000000000000000;1,0000000000000000
2022-10-28;60+;225;225,0;225;225;225;225;225;225;225;225,0;225;225,0;1711;1711,0;1711,0;1711,0;1711;1711;1711;1711;1711,0;1711;1711,0;1711,0;1,000000000000000;1,000000000000000;1,000000000000000;1,000000000000000;1,000000000000000;1,000000000000000;1,000000000000000;1,000000000000000;1,0000000000000000;1,0000000000000000;1,0000000000000000
2022-10-28;alle;279;279,0;279;279;279;279;279;279;279;279,0;279;279,0;2119;2119,0;2119,0;2119,0;2119;2119;2119;2119;2119,0;2119;2119,0;2119,0;NA;NA;NA;NA;NA;NA;NA;NA;NA;NA;NA
2022-10-27;0-60;48;48,0;48;48;48;48;48;48;48;48,0;48;48,0;450;450,0;450,0;450,0;450;450;450;450;450,0;450;450,0;450,0;1,000000000000000;1,000000000000000;1,000000000000000;1,000000000000000;1,000000000000000;1,000000000000000;1,000000000000000;1,000000000000000;1,0000000000000000;1,0000000000000000;1,0000000000000000
2022-10-27;60+;251;251,0;251;251;251;251;251;251;251;251,0;251;251,0;1837;1837,0;1837,0;1837,0;1837;1837;1837;1837;1837,0;1837;1837,0;1837,0;1,000000000000000;1,000000000000000;1,000000000000000;1,000000000000000;1,000000000000000;1,000000000000000;1,000000000000000;1,000000000000000;1,0000000000000000;1,0000000000000000;1,0000000000000000
2022-10-27;alle;299;299,0;299;299;299;299;299;299;299;299,0;299;299,0;2287;2287,0;2287,0;2287,0;2287;2287;2287;2287;2287,0;2287;2287,0;2287,0;NA;NA;NA;NA;NA;NA;NA;NA;NA;NA;NA
2022-10-26;0-60;85;85,0;85;85;85;85;85;85;85;85,0;85;85,0;507;507,0;507,0;507,0;507;507;507;507;507,0;507;507,0;507,0;1,000000000000000;1,000000000000000;1,000000000000000;1,000000000000000;1,000000000000000;1,000000000000000;1,000000000000000;1,000000000000000;1,0000000000000000;1,0000000000000000;1,0000000000000000
2022-10-26;60+;324;324,0;324;324;324;324;324;324;324;324,0;324;324,0;1950;1950,0;1950,0;1950,0;1950;1950;1950;1950;1950,0;1950;1950,0;1950,0;1,000000000000000;1,000000000000000;1,000000000000000;1,000000000000000;1,000000000000000;1,000000000000000;1,000000000000000;1,000000000000000;1,0000000000000000;1,0000000000000000;1,0000000000000000
2022-10-26;alle;409;409,0;409;409;409;409;409;409;409;409,0;409;409,0;2457;2457,0;2457,0;2457,0;2457;2457;2457;2457;2457,0;2457;2457,0;2457,0;NA;NA;NA;NA;NA;NA;NA;NA;NA;NA;NA
2022-10-25;0-60;119;119,0;119;119;119;119;119;119;119;119,0;119;119,0;541;541,0;541,0;541,0;541;541;541;541;541,0;541;541,0;541,0;1,000000000000000;1,000000000000000;1,000000000000000;1,000000000000000;1,000000000000000;1,000000000000000;1,000000000000000;1,000000000000000;1,0000000000000000;1,0000000000000000;1,0000000000000000
2022-10-25;60+;517;517,0;517;517;517;517;517;517;517;517,0;517;517,0;2160;2160,0;2160,0;2160,0;2160;2160;2160;2160;2160,0;2160;2160,0;2160,0;1,000000000000000;1,000000000000000;1,000000000000000;1,000000000000000;1,000000000000000;1,000000000000000;1,000000000000000;1,000000000000000;1,0000000000000000;1,0000000000000000;1,0000000000000000
2022-10-25;alle;636;636,0;636;636;636;636;636;636;636;636,0;636;636,0;2701;2701,0;2701,0;2701,0;2701;2701;2701;2701;2701,0;2701;2701,0;2701,0;NA;NA;NA;NA;NA;NA;NA;NA;NA;NA;NA
2022-10-24;0-60;7;7,0;7;7;7;7;7;7;7;7,0;7;7,0;606;606,0;606,0;606,0;606;606;606;606;606,0;606;606,0;606,0;1,000000000000000;1,000000000000000;1,000000000000000;1,000000000000000;1,000000000000000;1,000000000000000;1,000000000000000;1,000000000000000;1,0000000000000000;1,0000000000000000;1,0000000000000000
2022-10-24;60+;39;39,0;39;39;39;39;39;39;39;39,0;39;39,0;2384;2384,0;2384,0;2384,0;2384;2384;2384;2384;2384,0;2384;2384,0;2384,0;1,000000000000000;1,000000000000000;1,000000000000000;1,000000000000000;1,000000000000000;1,000000000000000;1,000000000000000;1,000000000000000;1,0000000000000000;1,0000000000000000;1,0000000000000000
2022-10-24;alle;46;46,0;46;46;46;46;46;46;46;46,0;46;46,0;2990;2990,0;2990,0;2990,0;2990;2990;2990;2990;2990,0;2990;2990,0;2990,0;NA;NA;NA;NA;NA;NA;NA;NA;NA;NA;NA
2022-10-23;0-60;17;17,0;17;17;17;17;17;17;17;17,0;17;17,0;614;614,0;614,0;614,0;614;614;614;614;614,0;614;614,0;614,0;1,000000000000000;1,000000000000000;1,000000000000000;1,000000000000000;1,000000000000000;1,000000000000000;1,000000000000000;1,000000000000000;1,0000000000000000;1,0000000000000000;1,0000000000000000
2022-10-23;60+;76;76,0;76;76;76;76;76;76;76;76,0;76;76,0;2425;2425,0;2425,0;2425,0;2425;2425;2425;2425;2425,0;2425;2425,0;2425,0;1,000000000000000;1,000000000000000;1,000000000000000;1,000000000000000;1,000000000000000;1,000000000000000;1,000000000000000;1,000000000000000;1,0000000000000000;1,0000000000000000;1,0000000000000000
2022-10-23;alle;93;93,0;93;93;93;93;93;93;93;93,0;93;93,0;3039;3039,0;3039,0;3039,0;3039;3039;3039;3039;3039,0;3039;3039,0;3039,0;NA;NA;NA;NA;NA;NA;NA;NA;NA;NA;NA
2022-10-22;0-60;78;78,0;78;78;78;78;78;78;78;78,0;78;78,0;629;629,0;629,0;629,0;629;629;629;629;629,0;629;629,0;629,0;1,000000000000000;1,000000000000000;1,000000000000000;1,000000000000000;1,000000000000000;1,000000000000000;1,000000000000000;1,000000000000000;1,0000000000000000;1,0000000000000000;1,0000000000000000
2022-10-22;60+;279;279,0;279;279;279;279;279;279;279;279,0;279;279,0;2438;2438,0;2438,0;2438,0;2438;2438;2438;2438;2438,0;2438;2438,0;2438,0;1,000000000000000;1,000000000000000;1,000000000000000;1,000000000000000;1,000000000000000;1,000000000000000;1,000000000000000;1,000000000000000;1,0000000000000000;1,0000000000000000;1,0000000000000000
2022-10-22;alle;357;357,0;357;357;357;357;357;357;357;357,0;357;357,0;3067;3067,0;3067,0;3067,0;3067;3067;3067;3067;3067,0;3067;3067,0;3067,0;NA;NA;NA;NA;NA;NA;NA;NA;NA;NA;NA
2022-10-21;0-60;96;96,0;96;96;96;96;96;96;96;96,0;96;96,0;643;643,0;643,0;643,0;643;643;643;643;643,0;643;643,0;643,0;1,000000000000000;1,000000000000000;1,000000000000000;1,000000000000000;1,000000000000000;1,000000000000000;1,000000000000000;1,000000000000000;1,0000000000000000;1,0000000000000000;1,0000000000000000
2022-10-21;60+;351;351,0;351;351;351;351;351;351;351;351,0;351;351,0;2541;2541,0;2541,0;2541,0;2541;2541;2541;2541;2541,0;2541;2541,0;2541,0;1,000000000000000;1,000000000000000;1,000000000000000;1,000000000000000;1,000000000000000;1,000000000000000;1,000000000000000;1,000000000000000;1,0000000000000000;1,0000000000000000;1,0000000000000000
2022-10-21;alle;447;447,0;447;447;447;447;447;447;447;447,0;447;447,0;3184;3184,0;3184,0;3184,0;3184;3184;3184;3184;3184,0;3184;3184,0;3184,0;NA;NA;NA;NA;NA;NA;NA;NA;NA;NA;NA
2022-10-20;0-60;105;105,0;105;105;105;105;105;105;105;105,0;105;105,0;694;694,0;694,0;694,0;694;694;694;694;694,0;694;694,0;694,0;1,000000000000000;1,000000000000000;1,000000000000000;1,000000000000000;1,000000000000000;1,000000000000000;1,000000000000000;1,000000000000000;1,0000000000000000;1,0000000000000000;1,0000000000000000
2022-10-20;60+;364;364,0;364;364;364;364;364;364;364;364,0;364;364,0;2657;2657,0;2657,0;2657,0;2657;2657;2657;2657;2657,0;2657;2657,0;2657,0;1,000000000000000;1,000000000000000;1,000000000000000;1,000000000000000;1,000000000000000;1,000000000000000;1,000000000000000;1,000000000000000;1,0000000000000000;1,0000000000000000;1,0000000000000000
2022-10-20;alle;469;469,0;469;469;469;469;469;469;469;469,0;469;469,0;3351;3351,0;3351,0;3351,0;3351;3351;3351;3351;3351,0;3351;3351,0;3351,0;NA;NA;NA;NA;NA;NA;NA;NA;NA;NA;NA
2022-10-19;0-60;119;119,0;119;119;119;119;119;119;119;119,0;119;119,0;732;732,0;732,0;732,0;732;732;732;732;732,0;732;732,0;732,0;1,000000000000000;1,000000000000000;1,000000000000000;1,000000000000000;1,000000000000000;1,000000000000000;1,000000000000000;1,000000000000000;1,0000000000000000;1,0000000000000000;1,0000000000000000
2022-10-19;60+;534;534,0;534;534;534;534;534;534;534;534,0;534;534,0;2800;2800,0;2800,0;2800,0;2800;2800;2800;2800;2800,0;2800;2800,0;2800,0;1,000000000000000;1,000000000000000;1,000000000000000;1,000000000000000;1,000000000000000;1,000000000000000;1,000000000000000;1,000000000000000;1,0000000000000000;1,0000000000000000;1,0000000000000000
2022-10-19;alle;653;653,0;653;653;653;653;653;653;653;653,0;653;653,0;3532;3532,0;3532,0;3532,0;3532;3532;3532;3532;3532,0;3532;3532,0;3532,0;NA;NA;NA;NA;NA;NA;NA;NA;NA;NA;NA
2022-10-18;0-60;184;184,0;184;184;184;184;184;184;184;184,0;184;184,0;762;762,0;762,0;762,0;762;762;762;762;762,0;762;762,0;762,0;1,000000000000000;1,000000000000000;1,000000000000000;1,000000000000000;1,000000000000000;1,000000000000000;1,000000000000000;1,000000000000000;1,0000000000000000;1,0000000000000000;1,0000000000000000
2022-10-18;60+;741;741,0;741;741;741;741;741;741;741;741,0;741;741,0;2828;2828,0;2828,0;2828,0;2828;2828;2828;2828;2828,0;2828;2828,0;2828,0;1,000000000000000;1,000000000000000;1,000000000000000;1,000000000000000;1,000000000000000;1,000000000000000;1,000000000000000;1,000000000000000;1,0000000000000000;1,0000000000000000;1,0000000000000000
2022-10-18;alle;925;925,0;925;925;925;925;925;925;925;925,0;925;925,0;3590;3590,0;3590,0;3590,0;3590;3590;3590;3590;3590,0;3590;3590,0;3590,0;NA;NA;NA;NA;NA;NA;NA;NA;NA;NA;NA
2022-10-17;0-60;15;15,0;15;15;15;15;15;15;15;15,0;15;15,0;802;802,0;802,0;802,0;802;802;802;802;802,0;802;802,0;802,0;1,000000000000000;1,000000000000000;1,000000000000000;1,000000000000000;1,000000000000000;1,000000000000000;1,000000000000000;1,000000000000000;1,0000000000000000;1,0000000000000000;1,0000000000000000
2022-10-17;60+;80;80,0;80;80;80;80;80;80;80;80,0;80;80,0;2881;2881,0;2881,0;2881,0;2881;2881;2881;2881;2881,0;2881;2881,0;2881,0;1,000000000000000;1,000000000000000;1,000000000000000;1,000000000000000;1,000000000000000;1,000000000000000;1,000000000000000;1,000000000000000;1,0000000000000000;1,0000000000000000;1,0000000000000000
2022-10-17;alle;95;95,0;95;95;95;95;95;95;95;95,0;95;95,0;3683;3683,0;3683,0;3683,0;3683;3683;3683;3683;3683,0;3683;3683,0;3683,0;NA;NA;NA;NA;NA;NA;NA;NA;NA;NA;NA
2022-10-16;0-60;32;32,0;32;32;32;32;32;32;32;32,0;32;32,0;804;804,0;804,0;804,0;804;804;804;804;804,0;804;804,0;804,0;1,000000000000000;1,000000000000000;1,000000000000000;1,000000000000000;1,000000000000000;1,000000000000000;1,000000000000000;1,000000000000000;1,0000000000000000;1,0000000000000000;1,0000000000000000
2022-10-16;60+;89;89,0;89;89;89;89;89;89;89;89,0;89;89,0;2900;2900,0;2900,0;2900,0;2900;2900;2900;2900;2900,0;2900;2900,0;2900,0;1,000000000000000;1,000000000000000;1,000000000000000;1,000000000000000;1,000000000000000;1,000000000000000;1,000000000000000;1,000000000000000;1,0000000000000000;1,0000000000000000;1,0000000000000000
2022-10-16;alle;121;121,0;121;121;121;121;121;121;121;121,0;121;121,0;3704;3704,0;3704,0;3704,0;3704;3704;3704;3704;3704,0;3704;3704,0;3704,0;NA;NA;NA;NA;NA;NA;NA;NA;NA;NA;NA
2022-10-15;0-60;92;92,0;92;92;92;92;92;92;92;92,0;92;92,0;803;803,0;803,0;803,0;803;803;803;803;803,0;803;803,0;803,0;1,000000000000000;1,000000000000000;1,000000000000000;1,000000000000000;1,000000000000000;1,000000000000000;1,000000000000000;1,000000000000000;1,0000000000000000;1,0000000000000000;1,0000000000000000
2022-10-15;60+;382;382,0;382;382;382;382;382;382;382;382,0;382;382,0;2933;2933,0;2933,0;2933,0;2933;2933;2933;2933;2933,0;2933;2933,0;2933,0;1,000000000000000;1,000000000000000;1,000000000000000;1,000000000000000;1,000000000000000;1,000000000000000;1,000000000000000;1,000000000000000;1,0000000000000000;1,0000000000000000;1,0000000000000000
2022-10-15;alle;474;474,0;474;474;474;474;474;474;474;474,0;474;474,0;3736;3736,0;3736,0;3736,0;3736;3736;3736;3736;3736,0;3736;3736,0;3736,0;NA;NA;NA;NA;NA;NA;NA;NA;NA;NA;NA
2022-10-14;0-60;147;147,0;147;147;147;147;147;147;147;147,0;147;147,0;822;822,0;822,0;822,0;822;822;822;822;822,0;822;822,0;822,0;1,000000000000000;1,000000000000000;1,000000000000000;1,000000000000000;1,000000000000000;1,000000000000000;1,000000000000000;1,000000000000000;1,0000000000000000;1,0000000000000000;1,0000000000000000
2022-10-14;60+;467;467,0;467;467;467;467;467;467;467;467,0;467;467,0;2912;2912,0;2912,0;2912,0;2912;2912;2912;2912;2912,0;2912;2912,0;2912,0;1,000000000000000;1,000000000000000;1,000000000000000;1,000000000000000;1,000000000000000;1,000000000000000;1,000000000000000;1,000000000000000;1,0000000000000000;1,0000000000000000;1,0000000000000000
2022-10-14;alle;614;614,0;614;614;614;614;614;614;614;614,0;614;614,0;3734;3734,0;3734,0;3734,0;3734;3734;3734;3734;3734,0;3734;3734,0;3734,0;NA;NA;NA;NA;NA;NA;NA;NA;NA;NA;NA
2022-10-13;0-60;143;143,0;143;143;143;143;143;143;143;143,0;143;143,0;795;795,0;795,0;795,0;795;795;795;795;795,0;795;795,0;795,0;1,000000000000000;1,000000000000000;1,000000000000000;1,000000000000000;1,000000000000000;1,000000000000000;1,000000000000000;1,000000000000000;1,0000000000000000;1,0000000000000000;1,0000000000000000
2022-10-13;60+;507;507,0;507;507;507;507;507;507;507;507,0;507;507,0;2888;2888,0;2888,0;2888,0;2888;2888;2888;2888;2888,0;2888;2888,0;2888,0;1,000000000000000;1,000000000000000;1,000000000000000;1,000000000000000;1,000000000000000;1,000000000000000;1,000000000000000;1,000000000000000;1,0000000000000000;1,0000000000000000;1,0000000000000000
2022-10-13;alle;650;650,0;650;650;650;650;650;650;650;650,0;650;650,0;3683;3683,0;3683,0;3683,0;3683;3683;3683;3683;3683,0;3683;3683,0;3683,0;NA;NA;NA;NA;NA;NA;NA;NA;NA;NA;NA
2022-10-12;0-60;149;149,0;149;149;149;149;149;149;149;149,0;149;149,0;845;845,0;845,0;845,0;845;845;845;845;845,0;845;845,0;845,0;1,000000000000000;1,000000000000000;1,000000000000000;1,000000000000000;1,000000000000000;1,000000000000000;1,000000000000000;1,000000000000000;1,0000000000000000;1,0000000000000000;1,0000000000000000
2022-10-12;60+;562;562,0;562;562;562;562;562;562;562;562,0;562;562,0;2965;2965,0;2965,0;2965,0;2965;2965;2965;2965;2965,0;2965;2965,0;2965,0;1,000000000000000;1,000000000000000;1,000000000000000;1,000000000000000;1,000000000000000;1,000000000000000;1,000000000000000;1,000000000000000;1,0000000000000000;1,0000000000000000;1,0000000000000000
2022-10-12;alle;711;711,0;711;711;711;711;711;711;711;711,0;711;711,0;3810;3810,0;3810,0;3810,0;3810;3810;3810;3810;3810,0;3810;3810,0;3810,0;NA;NA;NA;NA;NA;NA;NA;NA;NA;NA;NA
2022-10-11;0-60;224;224,0;224;224;224;224;224;224;224;224,0;224;224,0;934;934,0;934,0;934,0;934;934;934;934;934,0;934;934,0;934,0;1,000000000000000;1,000000000000000;1,000000000000000;1,000000000000000;1,000000000000000;1,000000000000000;1,000000000000000;1,000000000000000;1,0000000000000000;1,0000000000000000;1,0000000000000000
2022-10-11;60+;794;794,0;794;794;794;794;794;794;794;794,0;794;794,0;3178;3178,0;3178,0;3178,0;3178;3178;3178;3178;3178,0;3178;3178,0;3178,0;1,000000000000000;1,000000000000000;1,000000000000000;1,000000000000000;1,000000000000000;1,000000000000000;1,000000000000000;1,000000000000000;1,0000000000000000;1,0000000000000000;1,0000000000000000
2022-10-11;alle;1018;1018,0;1018;1018;1018;1018;1018;1018;1018;1018,0;1018;1018,0;4112;4112,0;4112,0;4112,0;4112;4112;4112;4112;4112,0;4112;4112,0;4112,0;NA;NA;NA;NA;NA;NA;NA;NA;NA;NA;NA
2022-10-10;0-60;17;17,0;17;17;17;17;17;17;17;17,0;17;17,0;733;733,0;733,0;733,0;733;733;733;733;733,0;733;733,0;733,0;1,000000000000000;1,000000000000000;1,000000000000000;1,000000000000000;1,000000000000000;1,000000000000000;1,000000000000000;1,000000000000000;1,0000000000000000;1,0000000000000000;1,0000000000000000
2022-10-10;60+;99;99,0;99;99;99;99;99;99;99;99,0;99;99,0;2492;2492,0;2492,0;2492,0;2492;2492;2492;2492;2492,0;2492;2492,0;2492,0;1,000000000000000;1,000000000000000;1,000000000000000;1,000000000000000;1,000000000000000;1,000000000000000;1,000000000000000;1,000000000000000;1,0000000000000000;1,0000000000000000;1,0000000000000000
2022-10-10;alle;116;116,0;116;116;116;116;116;116;116;116,0;116;116,0;3225;3225,0;3225,0;3225,0;3225;3225;3225;3225;3225,0;3225;3225,0;3225,0;NA;NA;NA;NA;NA;NA;NA;NA;NA;NA;NA
2022-10-09;0-60;31;31,0;31;31;31;31;31;31;31;31,0;31;31,0;738;738,0;738,0;738,0;738;738;738;738;738,0;738;738,0;738,0;1,000000000000000;1,000000000000000;1,000000000000000;1,000000000000000;1,000000000000000;1,000000000000000;1,000000000000000;1,000000000000000;1,0000000000000000;1,0000000000000000;1,0000000000000000
2022-10-09;60+;122;122,0;122;122;122;122;122;122;122;122,0;122;122,0;2469;2469,0;2469,0;2469,0;2469;2469;2469;2469;2469,0;2469;2469,0;2469,0;1,000000000000000;1,000000000000000;1,000000000000000;1,000000000000000;1,000000000000000;1,000000000000000;1,000000000000000;1,000000000000000;1,0000000000000000;1,0000000000000000;1,0000000000000000
2022-10-09;alle;153;153,0;153;153;153;153;153;153;153;153,0;153;153,0;3207;3207,0;3207,0;3207,0;3207;3207;3207;3207;3207,0;3207;3207,0;3207,0;NA;NA;NA;NA;NA;NA;NA;NA;NA;NA;NA
2022-10-08;0-60;111;111,0;111;111;111;111;111;111;111;111,0;111;111,0;726;726,0;726,0;726,0;726;726;726;726;726,0;726;726,0;726,0;1,000000000000000;1,000000000000000;1,000000000000000;1,000000000000000;1,000000000000000;1,000000000000000;1,000000000000000;1,000000000000000;1,0000000000000000;1,0000000000000000;1,0000000000000000
2022-10-08;60+;361;361,0;361;361;361;361;361;361;361;361,0;361;361,0;2438;2438,0;2438,0;2438,0;2438;2438;2438;2438;2438,0;2438;2438,0;2438,0;1,000000000000000;1,000000000000000;1,000000000000000;1,000000000000000;1,000000000000000;1,000000000000000;1,000000000000000;1,000000000000000;1,0000000000000000;1,0000000000000000;1,0000000000000000
2022-10-08;alle;472;472,0;472;472;472;472;472;472;472;472,0;472;472,0;3164;3164,0;3164,0;3164,0;3164;3164;3164;3164;3164,0;3164;3164,0;3164,0;NA;NA;NA;NA;NA;NA;NA;NA;NA;NA;NA
2022-10-07;0-60;120;120,0;120;120;120;120;120;120;120;120,0;120;120,0;684;684,0;684,0;684,0;684;684;684;684;684,0;684;684,0;684,0;1,000000000000000;1,000000000000000;1,000000000000000;1,000000000000000;1,000000000000000;1,000000000000000;1,000000000000000;1,000000000000000;1,0000000000000000;1,0000000000000000;1,0000000000000000
2022-10-07;60+;443;443,0;443;443;443;443;443;443;443;443,0;443;443,0;2340;2340,0;2340,0;2340,0;2340;2340;2340;2340;2340,0;2340;2340,0;2340,0;1,000000000000000;1,000000000000000;1,000000000000000;1,000000000000000;1,000000000000000;1,000000000000000;1,000000000000000;1,000000000000000;1,0000000000000000;1,0000000000000000;1,0000000000000000
2022-10-07;alle;563;563,0;563;563;563;563;563;563;563;563,0;563;563,0;3024;3024,0;3024,0;3024,0;3024;3024;3024;3024;3024,0;3024;3024,0;3024,0;NA;NA;NA;NA;NA;NA;NA;NA;NA;NA;NA
2022-10-06;0-60;193;193,0;193;193;193;193;193;193;193;193,0;193;193,0;641;641,0;641,0;641,0;641;641;641;641;641,0;641;641,0;641,0;1,000000000000000;1,000000000000000;1,000000000000000;1,000000000000000;1,000000000000000;1,000000000000000;1,000000000000000;1,000000000000000;1,0000000000000000;1,0000000000000000;1,0000000000000000
2022-10-06;60+;584;584,0;584;584;584;584;584;584;584;584,0;584;584,0;2210;2210,0;2210,0;2210,0;2210;2210;2210;2210;2210,0;2210;2210,0;2210,0;1,000000000000000;1,000000000000000;1,000000000000000;1,000000000000000;1,000000000000000;1,000000000000000;1,000000000000000;1,000000000000000;1,0000000000000000;1,0000000000000000;1,0000000000000000
2022-10-06;alle;777;777,0;777;777;777;777;777;777;777;777,0;777;777,0;2851;2851,0;2851,0;2851,0;2851;2851;2851;2851;2851,0;2851;2851,0;2851,0;NA;NA;NA;NA;NA;NA;NA;NA;NA;NA;NA
2022-10-05;0-60;238;238,0;238;238;238;238;238;238;238;238,0;238;238,0;543;543,0;543,0;543,0;543;543;543;543;543,0;543;543,0;543,0;1,000000000000000;1,000000000000000;1,000000000000000;1,000000000000000;1,000000000000000;1,000000000000000;1,000000000000000;1,000000000000000;1,0000000000000000;1,0000000000000000;1,0000000000000000
2022-10-05;60+;775;775,0;775;775;775;775;775;775;775;775,0;775;775,0;1947;1947,0;1947,0;1947,0;1947;1947;1947;1947;1947,0;1947;1947,0;1947,0;1,000000000000000;1,000000000000000;1,000000000000000;1,000000000000000;1,000000000000000;1,000000000000000;1,000000000000000;1,000000000000000;1,0000000000000000;1,0000000000000000;1,0000000000000000
2022-10-05;alle;1013;1013,0;1013;1013;1013;1013;1013;1013;1013;1013,0;1013;1013,0;2490;2490,0;2490,0;2490,0;2490;2490;2490;2490;2490,0;2490;2490,0;2490,0;NA;NA;NA;NA;NA;NA;NA;NA;NA;NA;NA
2022-10-04;0-60;23;23,0;23;23;23;23;23;23;23;23,0;23;23,0;401;401,0;401,0;401,0;401;401;401;401;401,0;401;401,0;401,0;1,000000000000000;1,000000000000000;1,000000000000000;1,000000000000000;1,000000000000000;1,000000000000000;1,000000000000000;1,000000000000000;1,0000000000000000;1,0000000000000000;1,0000000000000000
2022-10-04;60+;108;108,0;108;108;108;108;108;108;108;108,0;108;108,0;1489;1489,0;1489,0;1489,0;1489;1489;1489;1489;1489,0;1489;1489,0;1489,0;1,000000000000000;1,000000000000000;1,000000000000000;1,000000000000000;1,000000000000000;1,000000000000000;1,000000000000000;1,000000000000000;1,0000000000000000;1,0000000000000000;1,0000000000000000
2022-10-04;alle;131;131,0;131;131;131;131;131;131;131;131,0;131;131,0;1890;1890,0;1890,0;1890,0;1890;1890;1890;1890;1890,0;1890;1890,0;1890,0;NA;NA;NA;NA;NA;NA;NA;NA;NA;NA;NA
2022-10-03;0-60;22;22,0;22;22;22;22;22;22;22;22,0;22;22,0;515;515,0;515,0;515,0;515;515;515;515;515,0;515;515,0;515,0;1,000000000000000;1,000000000000000;1,000000000000000;1,000000000000000;1,000000000000000;1,000000000000000;1,000000000000000;1,000000000000000;1,0000000000000000;1,0000000000000000;1,0000000000000000
2022-10-03;60+;76;76,0;76;76;76;76;76;76;76;76,0;76;76,0;1803;1803,0;1803,0;1803,0;1803;1803;1803;1803;1803,0;1803;1803,0;1803,0;1,000000000000000;1,000000000000000;1,000000000000000;1,000000000000000;1,000000000000000;1,000000000000000;1,000000000000000;1,000000000000000;1,0000000000000000;1,0000000000000000;1,0000000000000000
2022-10-03;alle;98;98,0;98;98;98;98;98;98;98;98,0;98;98,0;2318;2318,0;2318,0;2318,0;2318;2318;2318;2318;2318,0;2318;2318,0;2318,0;NA;NA;NA;NA;NA;NA;NA;NA;NA;NA;NA
2022-10-02;0-60;19;19,0;19;19;19;19;19;19;19;19,0;19;19,0;507;507,0;507,0;507,0;507;507;507;507;507,0;507;507,0;507,0;1,000000000000000;1,000000000000000;1,000000000000000;1,000000000000000;1,000000000000000;1,000000000000000;1,000000000000000;1,000000000000000;1,0000000000000000;1,0000000000000000;1,0000000000000000
2022-10-02;60+;91;91,0;91;91;91;91;91;91;91;91,0;91;91,0;1779;1779,0;1779,0;1779,0;1779;1779;1779;1779;1779,0;1779;1779,0;1779,0;1,000000000000000;1,000000000000000;1,000000000000000;1,000000000000000;1,000000000000000;1,000000000000000;1,000000000000000;1,000000000000000;1,0000000000000000;1,0000000000000000;1,0000000000000000
2022-10-02;alle;110;110,0;110;110;110;110;110;110;110;110,0;110;110,0;2286;2286,0;2286,0;2286,0;2286;2286;2286;2286;2286,0;2286;2286,0;2286,0;NA;NA;NA;NA;NA;NA;NA;NA;NA;NA;NA
2022-10-01;0-60;69;69,0;69;69;69;69;69;69;69;69,0;69;69,0;507;507,0;507,0;507,0;507;507;507;507;507,0;507;507,0;507,0;1,000000000000000;1,000000000000000;1,000000000000000;1,000000000000000;1,000000000000000;1,000000000000000;1,000000000000000;1,000000000000000;1,0000000000000000;1,0000000000000000;1,0000000000000000
2022-10-01;60+;263;263,0;263;263;263;263;263;263;263;263,0;263;263,0;1746;1746,0;1746,0;1746,0;1746;1746;1746;1746;1746,0;1746;1746,0;1746,0;1,000000000000000;1,000000000000000;1,000000000000000;1,000000000000000;1,000000000000000;1,000000000000000;1,000000000000000;1,000000000000000;1,0000000000000000;1,0000000000000000;1,0000000000000000
2022-10-01;alle;332;332,0;332;332;332;332;332;332;332;332,0;332;332,0;2253;2253,0;2253,0;2253,0;2253;2253;2253;2253;2253,0;2253;2253,0;2253,0;NA;NA;NA;NA;NA;NA;NA;NA;NA;NA;NA
2022-09-30;0-60;77;77,0;77;77;77;77;77;77;77;77,0;77;77,0;484;484,0;484,0;484,0;484;484;484;484;484,0;484;484,0;484,0;1,000000000000000;1,000000000000000;1,000000000000000;1,000000000000000;1,000000000000000;1,000000000000000;1,000000000000000;1,000000000000000;1,0000000000000000;1,0000000000000000;1,0000000000000000
2022-09-30;60+;313;313,0;313;313;313;313;313;313;313;313,0;313;313,0;1663;1663,0;1663,0;1663,0;1663;1663;1663;1663;1663,0;1663;1663,0;1663,0;1,000000000000000;1,000000000000000;1,000000000000000;1,000000000000000;1,000000000000000;1,000000000000000;1,000000000000000;1,000000000000000;1,0000000000000000;1,0000000000000000;1,0000000000000000
2022-09-30;alle;390;390,0;390;390;390;390;390;390;390;390,0;390;390,0;2147;2147,0;2147,0;2147,0;2147;2147;2147;2147;2147,0;2147;2147,0;2147,0;NA;NA;NA;NA;NA;NA;NA;NA;NA;NA;NA
2022-09-29;0-60;95;95,0;95;95;95;95;95;95;95;95,0;95;95,0;466;466,0;466,0;466,0;466;466;466;466;466,0;466;466,0;466,0;1,000000000000000;1,000000000000000;1,000000000000000;1,000000000000000;1,000000000000000;1,000000000000000;1,000000000000000;1,000000000000000;1,0000000000000000;1,0000000000000000;1,0000000000000000
2022-09-29;60+;321;321,0;321;321;321;321;321;321;321;321,0;321;321,0;1519;1519,0;1519,0;1519,0;1519;1519;1519;1519;1519,0;1519;1519,0;1519,0;1,000000000000000;1,000000000000000;1,000000000000000;1,000000000000000;1,000000000000000;1,000000000000000;1,000000000000000;1,000000000000000;1,0000000000000000;1,0000000000000000;1,0000000000000000
2022-09-29;alle;416;416,0;416;416;416;416;416;416;416;416,0;416;416,0;1985;1985,0;1985,0;1985,0;1985;1985;1985;1985;1985,0;1985;1985,0;1985,0;NA;NA;NA;NA;NA;NA;NA;NA;NA;NA;NA
2022-09-28;0-60;96;96,0;96;96;96;96;96;96;96;96,0;96;96,0;430;430,0;430,0;430,0;430;430;430;430;430,0;430;430,0;430,0;1,000000000000000;1,000000000000000;1,000000000000000;1,000000000000000;1,000000000000000;1,000000000000000;1,000000000000000;1,000000000000000;1,0000000000000000;1,0000000000000000;1,0000000000000000
2022-09-28;60+;317;317,0;317;317;317;317;317;317;317;317,0;317;317,0;1401;1401,0;1401,0;1401,0;1401;1401;1401;1401;1401,0;1401;1401,0;1401,0;1,000000000000000;1,000000000000000;1,000000000000000;1,000000000000000;1,000000000000000;1,000000000000000;1,000000000000000;1,000000000000000;1,0000000000000000;1,0000000000000000;1,0000000000000000
2022-09-28;alle;413;413,0;413;413;413;413;413;413;413;413,0;413;413,0;1831;1831,0;1831,0;1831,0;1831;1831;1831;1831;1831,0;1831;1831,0;1831,0;NA;NA;NA;NA;NA;NA;NA;NA;NA;NA;NA
2022-09-27;0-60;137;137,0;137;137;137;137;137;137;137;137,0;137;137,0;398;398,0;398,0;398,0;398;398;398;398;398,0;398;398,0;398,0;1,000000000000000;1,000000000000000;1,000000000000000;1,000000000000000;1,000000000000000;1,000000000000000;1,000000000000000;1,000000000000000;1,0000000000000000;1,0000000000000000;1,0000000000000000
2022-09-27;60+;422;422,0;422;422;422;422;422;422;422;422,0;422;422,0;1231;1231,0;1231,0;1231,0;1231;1231;1231;1231;1231,0;1231;1231,0;1231,0;1,000000000000000;1,000000000000000;1,000000000000000;1,000000000000000;1,000000000000000;1,000000000000000;1,000000000000000;1,000000000000000;1,0000000000000000;1,0000000000000000;1,0000000000000000
2022-09-27;alle;559;559,0;559;559;559;559;559;559;559;559,0;559;559,0;1629;1629,0;1629,0;1629,0;1629;1629;1629;1629;1629,0;1629;1629,0;1629,0;NA;NA;NA;NA;NA;NA;NA;NA;NA;NA;NA
2022-09-26;0-60;14;14,0;14;14;14;14;14;14;14;14,0;14;14,0;371;371,0;371,0;371,0;371;371;371;371;371,0;371;371,0;371,0;1,000000000000000;1,000000000000000;1,000000000000000;1,000000000000000;1,000000000000000;1,000000000000000;1,000000000000000;1,000000000000000;1,0000000000000000;1,0000000000000000;1,0000000000000000
2022-09-26;60+;52;52,0;52;52;52;52;52;52;52;52,0;52;52,0;1061;1061,0;1061,0;1061,0;1061;1061;1061;1061;1061,0;1061;1061,0;1061,0;1,000000000000000;1,000000000000000;1,000000000000000;1,000000000000000;1,000000000000000;1,000000000000000;1,000000000000000;1,000000000000000;1,0000000000000000;1,0000000000000000;1,0000000000000000
2022-09-26;alle;66;66,0;66;66;66;66;66;66;66;66,0;66;66,0;1432;1432,0;1432,0;1432,0;1432;1432;1432;1432;1432,0;1432;1432,0;1432,0;NA;NA;NA;NA;NA;NA;NA;NA;NA;NA;NA
2022-09-25;0-60;19;19,0;19;19;19;19;19;19;19;19,0;19;19,0;365;365,0;365,0;365,0;365;365;365;365;365,0;365;365,0;365,0;1,000000000000000;1,000000000000000;1,000000000000000;1,000000000000000;1,000000000000000;1,000000000000000;1,000000000000000;1,000000000000000;1,0000000000000000;1,0000000000000000;1,0000000000000000
2022-09-25;60+;58;58,0;58;58;58;58;58;58;58;58,0;58;58,0;1038;1038,0;1038,0;1038,0;1038;1038;1038;1038;1038,0;1038;1038,0;1038,0;1,000000000000000;1,000000000000000;1,000000000000000;1,000000000000000;1,000000000000000;1,000000000000000;1,000000000000000;1,000000000000000;1,0000000000000000;1,0000000000000000;1,0000000000000000
2022-09-25;alle;77;77,0;77;77;77;77;77;77;77;77,0;77;77,0;1403;1403,0;1403,0;1403,0;1403;1403;1403;1403;1403,0;1403;1403,0;1403,0;NA;NA;NA;NA;NA;NA;NA;NA;NA;NA;NA
2022-09-24;0-60;46;46,0;46;46;46;46;46;46;46;46,0;46;46,0;354;354,0;354,0;354,0;354;354;354;354;354,0;354;354,0;354,0;1,000000000000000;1,000000000000000;1,000000000000000;1,000000000000000;1,000000000000000;1,000000000000000;1,000000000000000;1,000000000000000;1,0000000000000000;1,0000000000000000;1,0000000000000000
2022-09-24;60+;180;180,0;180;180;180;180;180;180;180;180,0;180;180,0;1007;1007,0;1007,0;1007,0;1007;1007;1007;1007;1007,0;1007;1007,0;1007,0;1,000000000000000;1,000000000000000;1,000000000000000;1,000000000000000;1,000000000000000;1,000000000000000;1,000000000000000;1,000000000000000;1,0000000000000000;1,0000000000000000;1,0000000000000000
2022-09-24;alle;226;226,0;226;226;226;226;226;226;226;226,0;226;226,0;1361;1361,0;1361,0;1361,0;1361;1361;1361;1361;1361,0;1361;1361,0;1361,0;NA;NA;NA;NA;NA;NA;NA;NA;NA;NA;NA
2022-09-23;0-60;59;59,0;59;59;59;59;59;59;59;59,0;59;59,0;354;354,0;354,0;354,0;354;354;354;354;354,0;354;354,0;354,0;1,000000000000000;1,000000000000000;1,000000000000000;1,000000000000000;1,000000000000000;1,000000000000000;1,000000000000000;1,000000000000000;1,0000000000000000;1,0000000000000000;1,0000000000000000
2022-09-23;60+;169;169,0;169;169;169;169;169;169;169;169,0;169;169,0;938;938,0;938,0;938,0;938;938;938;938;938,0;938;938,0;938,0;1,000000000000000;1,000000000000000;1,000000000000000;1,000000000000000;1,000000000000000;1,000000000000000;1,000000000000000;1,000000000000000;1,0000000000000000;1,0000000000000000;1,0000000000000000
2022-09-23;alle;228;228,0;228;228;228;228;228;228;228;228,0;228;228,0;1292;1292,0;1292,0;1292,0;1292;1292;1292;1292;1292,0;1292;1292,0;1292,0;NA;NA;NA;NA;NA;NA;NA;NA;NA;NA;NA
2022-09-22;0-60;59;59,0;59;59;59;59;59;59;59;59,0;59;59,0;332;332,0;332,0;332,0;332;332;332;332;332,0;332;332,0;332,0;1,000000000000000;1,000000000000000;1,000000000000000;1,000000000000000;1,000000000000000;1,000000000000000;1,000000000000000;1,000000000000000;1,0000000000000000;1,0000000000000000;1,0000000000000000
2022-09-22;60+;203;203,0;203;203;203;203;203;203;203;203,0;203;203,0;895;895,0;895,0;895,0;895;895;895;895;895,0;895;895,0;895,0;1,000000000000000;1,000000000000000;1,000000000000000;1,000000000000000;1,000000000000000;1,000000000000000;1,000000000000000;1,000000000000000;1,0000000000000000;1,0000000000000000;1,0000000000000000
2022-09-22;alle;262;262,0;262;262;262;262;262;262;262;262,0;262;262,0;1227;1227,0;1227,0;1227,0;1227;1227;1227;1227;1227,0;1227;1227,0;1227,0;NA;NA;NA;NA;NA;NA;NA;NA;NA;NA;NA
2022-09-21;0-60;64;64,0;64;64;64;64;64;64;64;64,0;64;64,0;323;323,0;323,0;323,0;323;323;323;323;323,0;323;323,0;323,0;1,000000000000000;1,000000000000000;1,000000000000000;1,000000000000000;1,000000000000000;1,000000000000000;1,000000000000000;1,000000000000000;1,0000000000000000;1,0000000000000000;1,0000000000000000
2022-09-21;60+;147;147,0;147;147;147;147;147;147;147;147,0;147;147,0;828;828,0;828,0;828,0;828;828;828;828;828,0;828;828,0;828,0;1,000000000000000;1,000000000000000;1,000000000000000;1,000000000000000;1,000000000000000;1,000000000000000;1,000000000000000;1,000000000000000;1,0000000000000000;1,0000000000000000;1,0000000000000000
2022-09-21;alle;211;211,0;211;211;211;211;211;211;211;211,0;211;211,0;1151;1151,0;1151,0;1151,0;1151;1151;1151;1151;1151,0;1151;1151,0;1151,0;NA;NA;NA;NA;NA;NA;NA;NA;NA;NA;NA
2022-09-20;0-60;110;110,0;110;110;110;110;110;110;110;110,0;110;110,0;321;321,0;321,0;321,0;321;321;321;321;321,0;321;321,0;321,0;1,000000000000000;1,000000000000000;1,000000000000000;1,000000000000000;1,000000000000000;1,000000000000000;1,000000000000000;1,000000000000000;1,0000000000000000;1,0000000000000000;1,0000000000000000
2022-09-20;60+;252;252,0;252;252;252;252;252;252;252;252,0;252;252,0;814;814,0;814,0;814,0;814;814;814;814;814,0;814;814,0;814,0;1,000000000000000;1,000000000000000;1,000000000000000;1,000000000000000;1,000000000000000;1,000000000000000;1,000000000000000;1,000000000000000;1,0000000000000000;1,0000000000000000;1,0000000000000000
2022-09-20;alle;362;362,0;362;362;362;362;362;362;362;362,0;362;362,0;1135;1135,0;1135,0;1135,0;1135;1135;1135;1135;1135,0;1135;1135,0;1135,0;NA;NA;NA;NA;NA;NA;NA;NA;NA;NA;NA
2022-09-19;0-60;8;8,0;8;8;8;8;8;8;8;8,0;8;8,0;276;276,0;276,0;276,0;276;276;276;276;276,0;276;276,0;276,0;1,000000000000000;1,000000000000000;1,000000000000000;1,000000000000000;1,000000000000000;1,000000000000000;1,000000000000000;1,000000000000000;1,0000000000000000;1,0000000000000000;1,0000000000000000
2022-09-19;60+;29;29,0;29;29;29;29;29;29;29;29,0;29;29,0;735;735,0;735,0;735,0;735;735;735;735;735,0;735;735,0;735,0;1,000000000000000;1,000000000000000;1,000000000000000;1,000000000000000;1,000000000000000;1,000000000000000;1,000000000000000;1,000000000000000;1,0000000000000000;1,0000000000000000;1,0000000000000000
2022-09-19;alle;37;37,0;37;37;37;37;37;37;37;37,0;37;37,0;1011;1011,0;1011,0;1011,0;1011;1011;1011;1011;1011,0;1011;1011,0;1011,0;NA;NA;NA;NA;NA;NA;NA;NA;NA;NA;NA
2022-09-18;0-60;8;8,0;8;8;8;8;8;8;8;8,0;8;8,0;276;276,0;276,0;276,0;276;276;276;276;276,0;276;276,0;276,0;1,000000000000000;1,000000000000000;1,000000000000000;1,000000000000000;1,000000000000000;1,000000000000000;1,000000000000000;1,000000000000000;1,0000000000000000;1,0000000000000000;1,0000000000000000
2022-09-18;60+;27;27,0;27;27;27;27;27;27;27;27,0;27;27,0;721;721,0;721,0;721,0;721;721;721;721;721,0;721;721,0;721,0;1,000000000000000;1,000000000000000;1,000000000000000;1,000000000000000;1,000000000000000;1,000000000000000;1,000000000000000;1,000000000000000;1,0000000000000000;1,0000000000000000;1,0000000000000000
2022-09-18;alle;35;35,0;35;35;35;35;35;35;35;35,0;35;35,0;997;997,0;997,0;997,0;997;997;997;997;997,0;997;997,0;997,0;NA;NA;NA;NA;NA;NA;NA;NA;NA;NA;NA
2022-09-17;0-60;46;46,0;46;46;46;46;46;46;46;46,0;46;46,0;278;278,0;278,0;278,0;278;278;278;278;278,0;278;278,0;278,0;1,000000000000000;1,000000000000000;1,000000000000000;1,000000000000000;1,000000000000000;1,000000000000000;1,000000000000000;1,000000000000000;1,0000000000000000;1,0000000000000000;1,0000000000000000
2022-09-17;60+;111;111,0;111;111;111;111;111;111;111;111,0;111;111,0;711;711,0;711,0;711,0;711;711;711;711;711,0;711;711,0;711,0;1,000000000000000;1,000000000000000;1,000000000000000;1,000000000000000;1,000000000000000;1,000000000000000;1,000000000000000;1,000000000000000;1,0000000000000000;1,0000000000000000;1,0000000000000000
2022-09-17;alle;157;157,0;157;157;157;157;157;157;157;157,0;157;157,0;989;989,0;989,0;989,0;989;989;989;989;989,0;989;989,0;989,0;NA;NA;NA;NA;NA;NA;NA;NA;NA;NA;NA
2022-09-16;0-60;37;37,0;37;37;37;37;37;37;37;37,0;37;37,0;257;257,0;257,0;257,0;257;257;257;257;257,0;257;257,0;257,0;1,000000000000000;1,000000000000000;1,000000000000000;1,000000000000000;1,000000000000000;1,000000000000000;1,000000000000000;1,000000000000000;1,0000000000000000;1,0000000000000000;1,0000000000000000
2022-09-16;60+;126;126,0;126;126;126;126;126;126;126;126,0;126;126,0;684;684,0;684,0;684,0;684;684;684;684;684,0;684;684,0;684,0;1,000000000000000;1,000000000000000;1,000000000000000;1,000000000000000;1,000000000000000;1,000000000000000;1,000000000000000;1,000000000000000;1,0000000000000000;1,0000000000000000;1,0000000000000000
2022-09-16;alle;163;163,0;163;163;163;163;163;163;163;163,0;163;163,0;941;941,0;941,0;941,0;941;941;941;941;941,0;941;941,0;941,0;NA;NA;NA;NA;NA;NA;NA;NA;NA;NA;NA
2022-09-15;0-60;50;50,0;50;50;50;50;50;50;50;50,0;50;50,0;256;256,0;256,0;256,0;256;256;256;256;256,0;256;256,0;256,0;1,000000000000000;1,000000000000000;1,000000000000000;1,000000000000000;1,000000000000000;1,000000000000000;1,000000000000000;1,000000000000000;1,0000000000000000;1,0000000000000000;1,0000000000000000
2022-09-15;60+;136;136,0;136;136;136;136;136;136;136;136,0;136;136,0;655;655,0;655,0;655,0;655;655;655;655;655,0;655;655,0;655,0;1,000000000000000;1,000000000000000;1,000000000000000;1,000000000000000;1,000000000000000;1,000000000000000;1,000000000000000;1,000000000000000;1,0000000000000000;1,0000000000000000;1,0000000000000000
2022-09-15;alle;186;186,0;186;186;186;186;186;186;186;186,0;186;186,0;911;911,0;911,0;911,0;911;911;911;911;911,0;911;911,0;911,0;NA;NA;NA;NA;NA;NA;NA;NA;NA;NA;NA
2022-09-14;0-60;62;62,0;62;62;62;62;62;62;62;62,0;62;62,0;255;255,0;255,0;255,0;255;255;255;255;255,0;255;255,0;255,0;1,000000000000000;1,000000000000000;1,000000000000000;1,000000000000000;1,000000000000000;1,000000000000000;1,000000000000000;1,000000000000000;1,0000000000000000;1,0000000000000000;1,0000000000000000
2022-09-14;60+;133;133,0;133;133;133;133;133;133;133;133,0;133;133,0;626;626,0;626,0;626,0;626;626;626;626;626,0;626;626,0;626,0;1,000000000000000;1,000000000000000;1,000000000000000;1,000000000000000;1,000000000000000;1,000000000000000;1,000000000000000;1,000000000000000;1,0000000000000000;1,0000000000000000;1,0000000000000000
2022-09-14;alle;195;195,0;195;195;195;195;195;195;195;195,0;195;195,0;881;881,0;881,0;881,0;881;881;881;881;881,0;881;881,0;881,0;NA;NA;NA;NA;NA;NA;NA;NA;NA;NA;NA
2022-09-13;0-60;65;65,0;65;65;65;65;65;65;65;65,0;65;65,0;226;226,0;226,0;226,0;226;226;226;226;226,0;226;226,0;226,0;1,000000000000000;1,000000000000000;1,000000000000000;1,000000000000000;1,000000000000000;1,000000000000000;1,000000000000000;1,000000000000000;1,0000000000000000;1,0000000000000000;1,0000000000000000
2022-09-13;60+;173;173,0;173;173;173;173;173;173;173;173,0;173;173,0;591;591,0;591,0;591,0;591;591;591;591;591,0;591;591,0;591,0;1,000000000000000;1,000000000000000;1,000000000000000;1,000000000000000;1,000000000000000;1,000000000000000;1,000000000000000;1,000000000000000;1,0000000000000000;1,0000000000000000;1,0000000000000000
2022-09-13;alle;238;238,0;238;238;238;238;238;238;238;238,0;238;238,0;817;817,0;817,0;817,0;817;817;817;817;817,0;817;817,0;817,0;NA;NA;NA;NA;NA;NA;NA;NA;NA;NA;NA
2022-09-12;0-60;8;8,0;8;8;8;8;8;8;8;8,0;8;8,0;232;232,0;232,0;232,0;232;232;232;232;232,0;232;232,0;232,0;1,000000000000000;1,000000000000000;1,000000000000000;1,000000000000000;1,000000000000000;1,000000000000000;1,000000000000000;1,000000000000000;1,0000000000000000;1,0000000000000000;1,0000000000000000
2022-09-12;60+;15;15,0;15;15;15;15;15;15;15;15,0;15;15,0;586;586,0;586,0;586,0;586;586;586;586;586,0;586;586,0;586,0;1,000000000000000;1,000000000000000;1,000000000000000;1,000000000000000;1,000000000000000;1,000000000000000;1,000000000000000;1,000000000000000;1,0000000000000000;1,0000000000000000;1,0000000000000000
2022-09-12;alle;23;23,0;23;23;23;23;23;23;23;23,0;23;23,0;818;818,0;818,0;818,0;818;818;818;818;818,0;818;818,0;818,0;NA;NA;NA;NA;NA;NA;NA;NA;NA;NA;NA
2022-09-11;0-60;10;10,0;10;10;10;10;10;10;10;10,0;10;10,0;230;230,0;230,0;230,0;230;230;230;230;230,0;230;230,0;230,0;1,000000000000000;1,000000000000000;1,000000000000000;1,000000000000000;1,000000000000000;1,000000000000000;1,000000000000000;1,000000000000000;1,0000000000000000;1,0000000000000000;1,0000000000000000
2022-09-11;60+;17;17,0;17;17;17;17;17;17;17;17,0;17;17,0;593;593,0;593,0;593,0;593;593;593;593;593,0;593;593,0;593,0;1,000000000000000;1,000000000000000;1,000000000000000;1,000000000000000;1,000000000000000;1,000000000000000;1,000000000000000;1,000000000000000;1,0000000000000000;1,0000000000000000;1,0000000000000000
2022-09-11;alle;27;27,0;27;27;27;27;27;27;27;27,0;27;27,0;823;823,0;823,0;823,0;823;823;823;823;823,0;823;823,0;823,0;NA;NA;NA;NA;NA;NA;NA;NA;NA;NA;NA
2022-09-10;0-60;25;25,0;25;25;25;25;25;25;25;25,0;25;25,0;224;224,0;224,0;224,0;224;224;224;224;224,0;224;224,0;224,0;1,000000000000000;1,000000000000000;1,000000000000000;1,000000000000000;1,000000000000000;1,000000000000000;1,000000000000000;1,000000000000000;1,0000000000000000;1,0000000000000000;1,0000000000000000
2022-09-10;60+;84;84,0;84;84;84;84;84;84;84;84,0;84;84,0;596;596,0;596,0;596,0;596;596;596;596;596,0;596;596,0;596,0;1,000000000000000;1,000000000000000;1,000000000000000;1,000000000000000;1,000000000000000;1,000000000000000;1,000000000000000;1,000000000000000;1,0000000000000000;1,0000000000000000;1,0000000000000000
2022-09-10;alle;109;109,0;109;109;109;109;109;109;109;109,0;109;109,0;820;820,0;820,0;820,0;820;820;820;820;820,0;820;820,0;820,0;NA;NA;NA;NA;NA;NA;NA;NA;NA;NA;NA
2022-09-09;0-60;36;36,0;36;36;36;36;36;36;36;36,0;36;36,0;225;225,0;225,0;225,0;225;225;225;225;225,0;225;225,0;225,0;1,000000000000000;1,000000000000000;1,000000000000000;1,000000000000000;1,000000000000000;1,000000000000000;1,000000000000000;1,000000000000000;1,0000000000000000;1,0000000000000000;1,0000000000000000
2022-09-09;60+;97;97,0;97;97;97;97;97;97;97;97,0;97;97,0;596;596,0;596,0;596,0;596;596;596;596;596,0;596;596,0;596,0;1,000000000000000;1,000000000000000;1,000000000000000;1,000000000000000;1,000000000000000;1,000000000000000;1,000000000000000;1,000000000000000;1,0000000000000000;1,0000000000000000;1,0000000000000000
2022-09-09;alle;133;133,0;133;133;133;133;133;133;133;133,0;133;133,0;821;821,0;821,0;821,0;821;821;821;821;821,0;821;821,0;821,0;NA;NA;NA;NA;NA;NA;NA;NA;NA;NA;NA
2022-09-08;0-60;49;49,0;49;49;49;49;49;49;49;49,0;49;49,0;224;224,0;224,0;224,0;224;224;224;224;224,0;224;224,0;224,0;1,000000000000000;1,000000000000000;1,000000000000000;1,000000000000000;1,000000000000000;1,000000000000000;1,000000000000000;1,000000000000000;1,0000000000000000;1,0000000000000000;1,0000000000000000
2022-09-08;60+;107;107,0;107;107;107;107;107;107;107;107,0;107;107,0;599;599,0;599,0;599,0;599;599;599;599;599,0;599;599,0;599,0;1,000000000000000;1,000000000000000;1,000000000000000;1,000000000000000;1,000000000000000;1,000000000000000;1,000000000000000;1,000000000000000;1,0000000000000000;1,0000000000000000;1,0000000000000000
2022-09-08;alle;156;156,0;156;156;156;156;156;156;156;156,0;156;156,0;823;823,0;823,0;823,0;823;823;823;823;823,0;823;823,0;823,0;NA;NA;NA;NA;NA;NA;NA;NA;NA;NA;NA
2022-09-07;0-60;33;33,0;33;33;33;33;33;33;33;33,0;33;33,0;211;211,0;211,0;211,0;211;211;211;211;211,0;211;211,0;211,0;1,000000000000000;1,000000000000000;1,000000000000000;1,000000000000000;1,000000000000000;1,000000000000000;1,000000000000000;1,000000000000000;1,0000000000000000;1,0000000000000000;1,0000000000000000
2022-09-07;60+;98;98,0;98;98;98;98;98;98;98;98,0;98;98,0;590;590,0;590,0;590,0;590;590;590;590;590,0;590;590,0;590,0;1,000000000000000;1,000000000000000;1,000000000000000;1,000000000000000;1,000000000000000;1,000000000000000;1,000000000000000;1,000000000000000;1,0000000000000000;1,0000000000000000;1,0000000000000000
2022-09-07;alle;131;131,0;131;131;131;131;131;131;131;131,0;131;131,0;801;801,0;801,0;801,0;801;801;801;801;801,0;801;801,0;801,0;NA;NA;NA;NA;NA;NA;NA;NA;NA;NA;NA
2022-09-06;0-60;71;71,0;71;71;71;71;71;71;71;71,0;71;71,0;228;228,0;228,0;228,0;228;228;228;228;228,0;228;228,0;228,0;1,000000000000000;1,000000000000000;1,000000000000000;1,000000000000000;1,000000000000000;1,000000000000000;1,000000000000000;1,000000000000000;1,0000000000000000;1,0000000000000000;1,0000000000000000
2022-09-06;60+;168;168,0;168;168;168;168;168;168;168;168,0;168;168,0;584;584,0;584,0;584,0;584;584;584;584;584,0;584;584,0;584,0;1,000000000000000;1,000000000000000;1,000000000000000;1,000000000000000;1,000000000000000;1,000000000000000;1,000000000000000;1,000000000000000;1,0000000000000000;1,0000000000000000;1,0000000000000000
2022-09-06;alle;239;239,0;239;239;239;239;239;239;239;239,0;239;239,0;812;812,0;812,0;812,0;812;812;812;812;812,0;812;812,0;812,0;NA;NA;NA;NA;NA;NA;NA;NA;NA;NA;NA
2022-09-05;0-60;6;6,0;6;6;6;6;6;6;6;6,0;6;6,0;221;221,0;221,0;221,0;221;221;221;221;221,0;221;221,0;221,0;1,000000000000000;1,000000000000000;1,000000000000000;1,000000000000000;1,000000000000000;1,000000000000000;1,000000000000000;1,000000000000000;1,0000000000000000;1,0000000000000000;1,0000000000000000
2022-09-05;60+;22;22,0;22;22;22;22;22;22;22;22,0;22;22,0;639;639,0;639,0;639,0;639;639;639;639;639,0;639;639,0;639,0;1,000000000000000;1,000000000000000;1,000000000000000;1,000000000000000;1,000000000000000;1,000000000000000;1,000000000000000;1,000000000000000;1,0000000000000000;1,0000000000000000;1,0000000000000000
2022-09-05;alle;28;28,0;28;28;28;28;28;28;28;28,0;28;28,0;860;860,0;860,0;860,0;860;860;860;860;860,0;860;860,0;860,0;NA;NA;NA;NA;NA;NA;NA;NA;NA;NA;NA
2022-09-04;0-60;4;4,0;4;4;4;4;4;4;4;4,0;4;4,0;220;220,0;220,0;220,0;220;220;220;220;220,0;220;220,0;220,0;1,000000000000000;1,000000000000000;1,000000000000000;1,000000000000000;1,000000000000000;1,000000000000000;1,000000000000000;1,000000000000000;1,0000000000000000;1,0000000000000000;1,0000000000000000
2022-09-04;60+;20;20,0;20;20;20;20;20;20;20;20,0;20;20,0;633;633,0;633,0;633,0;633;633;633;633;633,0;633;633,0;633,0;1,000000000000000;1,000000000000000;1,000000000000000;1,000000000000000;1,000000000000000;1,000000000000000;1,000000000000000;1,000000000000000;1,0000000000000000;1,0000000000000000;1,0000000000000000
2022-09-04;alle;24;24,0;24;24;24;24;24;24;24;24,0;24;24,0;853;853,0;853,0;853,0;853;853;853;853;853,0;853;853,0;853,0;NA;NA;NA;NA;NA;NA;NA;NA;NA;NA;NA
2022-09-03;0-60;26;26,0;26;26;26;26;26;26;26;26,0;26;26,0;228;228,0;228,0;228,0;228;228;228;228;228,0;228;228,0;228,0;1,000000000000000;1,000000000000000;1,000000000000000;1,000000000000000;1,000000000000000;1,000000000000000;1,000000000000000;1,000000000000000;1,0000000000000000;1,0000000000000000;1,0000000000000000
2022-09-03;60+;84;84,0;84;84;84;84;84;84;84;84,0;84;84,0;628;628,0;628,0;628,0;628;628;628;628;628,0;628;628,0;628,0;1,000000000000000;1,000000000000000;1,000000000000000;1,000000000000000;1,000000000000000;1,000000000000000;1,000000000000000;1,000000000000000;1,0000000000000000;1,0000000000000000;1,0000000000000000
2022-09-03;alle;110;110,0;110;110;110;110;110;110;110;110,0;110;110,0;856;856,0;856,0;856,0;856;856;856;856;856,0;856;856,0;856,0;NA;NA;NA;NA;NA;NA;NA;NA;NA;NA;NA
2022-09-02;0-60;35;35,0;35;35;35;35;35;35;35;35,0;35;35,0;234;234,0;234,0;234,0;234;234;234;234;234,0;234;234,0;234,0;1,000000000000000;1,000000000000000;1,000000000000000;1,000000000000000;1,000000000000000;1,000000000000000;1,000000000000000;1,000000000000000;1,0000000000000000;1,0000000000000000;1,0000000000000000
2022-09-02;60+;100;100,0;100;100;100;100;100;100;100;100,0;100;100,0;629;629,0;629,0;629,0;629;629;629;629;629,0;629;629,0;629,0;1,000000000000000;1,000000000000000;1,000000000000000;1,000000000000000;1,000000000000000;1,000000000000000;1,000000000000000;1,000000000000000;1,0000000000000000;1,0000000000000000;1,0000000000000000
2022-09-02;alle;135;135,0;135;135;135;135;135;135;135;135,0;135;135,0;863;863,0;863,0;863,0;863;863;863;863;863,0;863;863,0;863,0;NA;NA;NA;NA;NA;NA;NA;NA;NA;NA;NA
2022-09-01;0-60;36;36,0;36;36;36;36;36;36;36;36,0;36;36,0;254;254,0;254,0;254,0;254;254;254;254;254,0;254;254,0;254,0;1,000000000000000;1,000000000000000;1,000000000000000;1,000000000000000;1,000000000000000;1,000000000000000;1,000000000000000;1,000000000000000;1,0000000000000000;1,0000000000000000;1,0000000000000000
2022-09-01;60+;98;98,0;98;98;98;98;98;98;98;98,0;98;98,0;631;631,0;631,0;631,0;631;631;631;631;631,0;631;631,0;631,0;1,000000000000000;1,000000000000000;1,000000000000000;1,000000000000000;1,000000000000000;1,000000000000000;1,000000000000000;1,000000000000000;1,0000000000000000;1,0000000000000000;1,0000000000000000
2022-09-01;alle;134;134,0;134;134;134;134;134;134;134;134,0;134;134,0;885;885,0;885,0;885,0;885;885;885;885;885,0;885;885,0;885,0;NA;NA;NA;NA;NA;NA;NA;NA;NA;NA;NA
2022-08-31;0-60;50;50,0;50;50;50;50;50;50;50;50,0;50;50,0;264;264,0;264,0;264,0;264;264;264;264;264,0;264;264,0;264,0;1,000000000000000;1,000000000000000;1,000000000000000;1,000000000000000;1,000000000000000;1,000000000000000;1,000000000000000;1,000000000000000;1,0000000000000000;1,0000000000000000;1,0000000000000000
2022-08-31;60+;92;92,0;92;92;92;92;92;92;92;92,0;92;92,0;655;655,0;655,0;655,0;655;655;655;655;655,0;655;655,0;655,0;1,000000000000000;1,000000000000000;1,000000000000000;1,000000000000000;1,000000000000000;1,000000000000000;1,000000000000000;1,000000000000000;1,0000000000000000;1,0000000000000000;1,0000000000000000
2022-08-31;alle;142;142,0;142;142;142;142;142;142;142;142,0;142;142,0;919;919,0;919,0;919,0;919;919;919;919;919,0;919;919,0;919,0;NA;NA;NA;NA;NA;NA;NA;NA;NA;NA;NA
2022-08-30;0-60;64;64,0;64;64;64;64;64;64;64;64,0;64;64,0;274;274,0;274,0;274,0;274;274;274;274;274,0;274;274,0;274,0;1,000000000000000;1,000000000000000;1,000000000000000;1,000000000000000;1,000000000000000;1,000000000000000;1,000000000000000;1,000000000000000;1,0000000000000000;1,0000000000000000;1,0000000000000000
2022-08-30;60+;223;223,0;223;223;223;223;223;223;223;223,0;223;223,0;684;684,0;684,0;684,0;684;684;684;684;684,0;684;684,0;684,0;1,000000000000000;1,000000000000000;1,000000000000000;1,000000000000000;1,000000000000000;1,000000000000000;1,000000000000000;1,000000000000000;1,0000000000000000;1,0000000000000000;1,0000000000000000
2022-08-30;alle;287;287,0;287;287;287;287;287;287;287;287,0;287;287,0;958;958,0;958,0;958,0;958;958;958;958;958,0;958;958,0;958,0;NA;NA;NA;NA;NA;NA;NA;NA;NA;NA;NA
2022-08-29;0-60;5;5,0;5;5;5;5;5;5;5;5,0;5;5,0;279;279,0;279,0;279,0;279;279;279;279;279,0;279;279,0;279,0;1,000000000000000;1,000000000000000;1,000000000000000;1,000000000000000;1,000000000000000;1,000000000000000;1,000000000000000;1,000000000000000;1,0000000000000000;1,0000000000000000;1,0000000000000000
2022-08-29;60+;16;16,0;16;16;16;16;16;16;16;16,0;16;16,0;655;655,0;655,0;655,0;655;655;655;655;655,0;655;655,0;655,0;1,000000000000000;1,000000000000000;1,000000000000000;1,000000000000000;1,000000000000000;1,000000000000000;1,000000000000000;1,000000000000000;1,0000000000000000;1,0000000000000000;1,0000000000000000
2022-08-29;alle;21;21,0;21;21;21;21;21;21;21;21,0;21;21,0;934;934,0;934,0;934,0;934;934;934;934;934,0;934;934,0;934,0;NA;NA;NA;NA;NA;NA;NA;NA;NA;NA;NA
2022-08-28;0-60;12;12,0;12;12;12;12;12;12;12;12,0;12;12,0;279;279,0;279,0;279,0;279;279;279;279;279,0;279;279,0;279,0;1,000000000000000;1,000000000000000;1,000000000000000;1,000000000000000;1,000000000000000;1,000000000000000;1,000000000000000;1,000000000000000;1,0000000000000000;1,0000000000000000;1,0000000000000000
2022-08-28;60+;15;15,0;15;15;15;15;15;15;15;15,0;15;15,0;664;664,0;664,0;664,0;664;664;664;664;664,0;664;664,0;664,0;1,000000000000000;1,000000000000000;1,000000000000000;1,000000000000000;1,000000000000000;1,000000000000000;1,000000000000000;1,000000000000000;1,0000000000000000;1,0000000000000000;1,0000000000000000
2022-08-28;alle;27;27,0;27;27;27;27;27;27;27;27,0;27;27,0;943;943,0;943,0;943,0;943;943;943;943;943,0;943;943,0;943,0;NA;NA;NA;NA;NA;NA;NA;NA;NA;NA;NA
2022-08-27;0-60;32;32,0;32;32;32;32;32;32;32;32,0;32;32,0;273;273,0;273,0;273,0;273;273;273;273;273,0;273;273,0;273,0;1,000000000000000;1,000000000000000;1,000000000000000;1,000000000000000;1,000000000000000;1,000000000000000;1,000000000000000;1,000000000000000;1,0000000000000000;1,0000000000000000;1,0000000000000000
2022-08-27;60+;85;85,0;85;85;85;85;85;85;85;85,0;85;85,0;675;675,0;675,0;675,0;675;675;675;675;675,0;675;675,0;675,0;1,000000000000000;1,000000000000000;1,000000000000000;1,000000000000000;1,000000000000000;1,000000000000000;1,000000000000000;1,000000000000000;1,0000000000000000;1,0000000000000000;1,0000000000000000
2022-08-27;alle;117;117,0;117;117;117;117;117;117;117;117,0;117;117,0;948;948,0;948,0;948,0;948;948;948;948;948,0;948;948,0;948,0;NA;NA;NA;NA;NA;NA;NA;NA;NA;NA;NA
2022-08-26;0-60;55;55,0;55;55;55;55;55;55;55;55,0;55;55,0;295;295,0;295,0;295,0;295;295;295;295;295,0;295;295,0;295,0;1,000000000000000;1,000000000000000;1,000000000000000;1,000000000000000;1,000000000000000;1,000000000000000;1,000000000000000;1,000000000000000;1,0000000000000000;1,0000000000000000;1,0000000000000000
2022-08-26;60+;102;102,0;102;102;102;102;102;102;102;102,0;102;102,0;719;719,0;719,0;719,0;719;719;719;719;719,0;719;719,0;719,0;1,000000000000000;1,000000000000000;1,000000000000000;1,000000000000000;1,000000000000000;1,000000000000000;1,000000000000000;1,000000000000000;1,0000000000000000;1,0000000000000000;1,0000000000000000
2022-08-26;alle;157;157,0;157;157;157;157;157;157;157;157,0;157;157,0;1014;1014,0;1014,0;1014,0;1014;1014;1014;1014;1014,0;1014;1014,0;1014,0;NA;NA;NA;NA;NA;NA;NA;NA;NA;NA;NA
2022-08-25;0-60;46;46,0;46;46;46;46;46;46;46;46,0;46;46,0;286;286,0;286,0;286,0;286;286;286;286;286,0;286;286,0;286,0;1,000000000000000;1,000000000000000;1,000000000000000;1,000000000000000;1,000000000000000;1,000000000000000;1,000000000000000;1,000000000000000;1,0000000000000000;1,0000000000000000;1,0000000000000000
2022-08-25;60+;122;122,0;122;122;122;122;122;122;122;122,0;122;122,0;739;739,0;739,0;739,0;739;739;739;739;739,0;739;739,0;739,0;1,000000000000000;1,000000000000000;1,000000000000000;1,000000000000000;1,000000000000000;1,000000000000000;1,000000000000000;1,000000000000000;1,0000000000000000;1,0000000000000000;1,0000000000000000
2022-08-25;alle;168;168,0;168;168;168;168;168;168;168;168,0;168;168,0;1025;1025,0;1025,0;1025,0;1025;1025;1025;1025;1025,0;1025;1025,0;1025,0;NA;NA;NA;NA;NA;NA;NA;NA;NA;NA;NA
2022-08-24;0-60;60;60,0;60;60;60;60;60;60;60;60,0;60;60,0;300;300,0;300,0;300,0;300;300;300;300;300,0;300;300,0;300,0;1,000000000000000;1,000000000000000;1,000000000000000;1,000000000000000;1,000000000000000;1,000000000000000;1,000000000000000;1,000000000000000;1,0000000000000000;1,0000000000000000;1,0000000000000000
2022-08-24;60+;121;121,0;121;121;121;121;121;121;121;121,0;121;121,0;780;780,0;780,0;780,0;780;780;780;780;780,0;780;780,0;780,0;1,000000000000000;1,000000000000000;1,000000000000000;1,000000000000000;1,000000000000000;1,000000000000000;1,000000000000000;1,000000000000000;1,0000000000000000;1,0000000000000000;1,0000000000000000
2022-08-24;alle;181;181,0;181;181;181;181;181;181;181;181,0;181;181,0;1080;1080,0;1080,0;1080,0;1080;1080;1080;1080;1080,0;1080;1080,0;1080,0;NA;NA;NA;NA;NA;NA;NA;NA;NA;NA;NA
2022-08-23;0-60;69;69,0;69;69;69;69;69;69;69;69,0;69;69,0;333;333,0;333,0;333,0;333;333;333;333;333,0;333;333,0;333,0;1,000000000000000;1,000000000000000;1,000000000000000;1,000000000000000;1,000000000000000;1,000000000000000;1,000000000000000;1,000000000000000;1,0000000000000000;1,0000000000000000;1,0000000000000000
2022-08-23;60+;194;194,0;194;194;194;194;194;194;194;194,0;194;194,0;951;951,0;951,0;951,0;951;951;951;951;951,0;951;951,0;951,0;1,000000000000000;1,000000000000000;1,000000000000000;1,000000000000000;1,000000000000000;1,000000000000000;1,000000000000000;1,000000000000000;1,0000000000000000;1,0000000000000000;1,0000000000000000
2022-08-23;alle;263;263,0;263;263;263;263;263;263;263;263,0;263;263,0;1284;1284,0;1284,0;1284,0;1284;1284;1284;1284;1284,0;1284;1284,0;1284,0;NA;NA;NA;NA;NA;NA;NA;NA;NA;NA;NA
2022-08-22;0-60;5;5,0;5;5;5;5;5;5;5;5,0;5;5,0;289;289,0;289,0;289,0;289;289;289;289;289,0;289;289,0;289,0;1,000000000000000;1,000000000000000;1,000000000000000;1,000000000000000;1,000000000000000;1,000000000000000;1,000000000000000;1,000000000000000;1,0000000000000000;1,0000000000000000;1,0000000000000000
2022-08-22;60+;25;25,0;25;25;25;25;25;25;25;25,0;25;25,0;852;852,0;852,0;852,0;852;852;852;852;852,0;852;852,0;852,0;1,000000000000000;1,000000000000000;1,000000000000000;1,000000000000000;1,000000000000000;1,000000000000000;1,000000000000000;1,000000000000000;1,0000000000000000;1,0000000000000000;1,0000000000000000
2022-08-22;alle;30;30,0;30;30;30;30;30;30;30;30,0;30;30,0;1141;1141,0;1141,0;1141,0;1141;1141;1141;1141;1141,0;1141;1141,0;1141,0;NA;NA;NA;NA;NA;NA;NA;NA;NA;NA;NA
2022-08-21;0-60;6;6,0;6;6;6;6;6;6;6;6,0;6;6,0;288;288,0;288,0;288,0;288;288;288;288;288,0;288;288,0;288,0;1,000000000000000;1,000000000000000;1,000000000000000;1,000000000000000;1,000000000000000;1,000000000000000;1,000000000000000;1,000000000000000;1,0000000000000000;1,0000000000000000;1,0000000000000000
2022-08-21;60+;26;26,0;26;26;26;26;26;26;26;26,0;26;26,0;855;855,0;855,0;855,0;855;855;855;855;855,0;855;855,0;855,0;1,000000000000000;1,000000000000000;1,000000000000000;1,000000000000000;1,000000000000000;1,000000000000000;1,000000000000000;1,000000000000000;1,0000000000000000;1,0000000000000000;1,0000000000000000
2022-08-21;alle;32;32,0;32;32;32;32;32;32;32;32,0;32;32,0;1143;1143,0;1143,0;1143,0;1143;1143;1143;1143;1143,0;1143;1143,0;1143,0;NA;NA;NA;NA;NA;NA;NA;NA;NA;NA;NA
2022-08-20;0-60;54;54,0;54;54;54;54;54;54;54;54,0;54;54,0;293;293,0;293,0;293,0;293;293;293;293;293,0;293;293,0;293,0;1,000000000000000;1,000000000000000;1,000000000000000;1,000000000000000;1,000000000000000;1,000000000000000;1,000000000000000;1,000000000000000;1,0000000000000000;1,0000000000000000;1,0000000000000000
2022-08-20;60+;129;129,0;129;129;129;129;129;129;129;129,0;129;129,0;859;859,0;859,0;859,0;859;859;859;859;859,0;859;859,0;859,0;1,000000000000000;1,000000000000000;1,000000000000000;1,000000000000000;1,000000000000000;1,000000000000000;1,000000000000000;1,000000000000000;1,0000000000000000;1,0000000000000000;1,0000000000000000
2022-08-20;alle;183;183,0;183;183;183;183;183;183;183;183,0;183;183,0;1152;1152,0;1152,0;1152,0;1152;1152;1152;1152;1152,0;1152;1152,0;1152,0;NA;NA;NA;NA;NA;NA;NA;NA;NA;NA;NA
2022-08-19;0-60;46;46,0;46;46;46;46;46;46;46;46,0;46;46,0;278;278,0;278,0;278,0;278;278;278;278;278,0;278;278,0;278,0;1,000000000000000;1,000000000000000;1,000000000000000;1,000000000000000;1,000000000000000;1,000000000000000;1,000000000000000;1,000000000000000;1,0000000000000000;1,0000000000000000;1,0000000000000000
2022-08-19;60+;122;122,0;122;122;122;122;122;122;122;122,0;122;122,0;862;862,0;862,0;862,0;862;862;862;862;862,0;862;862,0;862,0;1,000000000000000;1,000000000000000;1,000000000000000;1,000000000000000;1,000000000000000;1,000000000000000;1,000000000000000;1,000000000000000;1,0000000000000000;1,0000000000000000;1,0000000000000000
2022-08-19;alle;168;168,0;168;168;168;168;168;168;168;168,0;168;168,0;1140;1140,0;1140,0;1140,0;1140;1140;1140;1140;1140,0;1140;1140,0;1140,0;NA;NA;NA;NA;NA;NA;NA;NA;NA;NA;NA
2022-08-18;0-60;60;60,0;60;60;60;60;60;60;60;60,0;60;60,0;285;285,0;285,0;285,0;285;285;285;285;285,0;285;285,0;285,0;1,000000000000000;1,000000000000000;1,000000000000000;1,000000000000000;1,000000000000000;1,000000000000000;1,000000000000000;1,000000000000000;1,0000000000000000;1,0000000000000000;1,0000000000000000
2022-08-18;60+;163;163,0;163;163;163;163;163;163;163;163,0;163;163,0;866;866,0;866,0;866,0;866;866;866;866;866,0;866;866,0;866,0;1,000000000000000;1,000000000000000;1,000000000000000;1,000000000000000;1,000000000000000;1,000000000000000;1,000000000000000;1,000000000000000;1,0000000000000000;1,0000000000000000;1,0000000000000000
2022-08-18;alle;223;223,0;223;223;223;223;223;223;223;223,0;223;223,0;1151;1151,0;1151,0;1151,0;1151;1151;1151;1151;1151,0;1151;1151,0;1151,0;NA;NA;NA;NA;NA;NA;NA;NA;NA;NA;NA
2022-08-17;0-60;93;93,0;93;93;93;93;93;93;93;93,0;93;93,0;275;275,0;275,0;275,0;275;275;275;275;275,0;275;275,0;275,0;1,000000000000000;1,000000000000000;1,000000000000000;1,000000000000000;1,000000000000000;1,000000000000000;1,000000000000000;1,000000000000000;1,0000000000000000;1,0000000000000000;1,0000000000000000
2022-08-17;60+;292;292,0;292;292;292;292;292;292;292;292,0;292;292,0;855;855,0;855,0;855,0;855;855;855;855;855,0;855;855,0;855,0;1,000000000000000;1,000000000000000;1,000000000000000;1,000000000000000;1,000000000000000;1,000000000000000;1,000000000000000;1,000000000000000;1,0000000000000000;1,0000000000000000;1,0000000000000000
2022-08-17;alle;385;385,0;385;385;385;385;385;385;385;385,0;385;385,0;1130;1130,0;1130,0;1130,0;1130;1130;1130;1130;1130,0;1130;1130,0;1130,0;NA;NA;NA;NA;NA;NA;NA;NA;NA;NA;NA
2022-08-16;0-60;25;25,0;25;25;25;25;25;25;25;25,0;25;25,0;247;247,0;247,0;247,0;247;247;247;247;247,0;247;247,0;247,0;1,000000000000000;1,000000000000000;1,000000000000000;1,000000000000000;1,000000000000000;1,000000000000000;1,000000000000000;1,000000000000000;1,0000000000000000;1,0000000000000000;1,0000000000000000
2022-08-16;60+;95;95,0;95;95;95;95;95;95;95;95,0;95;95,0;724;724,0;724,0;724,0;724;724;724;724;724,0;724;724,0;724,0;1,000000000000000;1,000000000000000;1,000000000000000;1,000000000000000;1,000000000000000;1,000000000000000;1,000000000000000;1,000000000000000;1,0000000000000000;1,0000000000000000;1,0000000000000000
2022-08-16;alle;120;120,0;120;120;120;120;120;120;120;120,0;120;120,0;971;971,0;971,0;971,0;971;971;971;971;971,0;971;971,0;971,0;NA;NA;NA;NA;NA;NA;NA;NA;NA;NA;NA
2022-08-15;0-60;4;4,0;4;4;4;4;4;4;4;4,0;4;4,0;316;316,0;316,0;316,0;316;316;316;316;316,0;316;316,0;316,0;1,000000000000000;1,000000000000000;1,000000000000000;1,000000000000000;1,000000000000000;1,000000000000000;1,000000000000000;1,000000000000000;1,0000000000000000;1,0000000000000000;1,0000000000000000
2022-08-15;60+;28;28,0;28;28;28;28;28;28;28;28,0;28;28,0;858;858,0;858,0;858,0;858;858;858;858;858,0;858;858,0;858,0;1,000000000000000;1,000000000000000;1,000000000000000;1,000000000000000;1,000000000000000;1,000000000000000;1,000000000000000;1,000000000000000;1,0000000000000000;1,0000000000000000;1,0000000000000000
2022-08-15;alle;32;32,0;32;32;32;32;32;32;32;32,0;32;32,0;1174;1174,0;1174,0;1174,0;1174;1174;1174;1174;1174,0;1174;1174,0;1174,0;NA;NA;NA;NA;NA;NA;NA;NA;NA;NA;NA
2022-08-14;0-60;11;11,0;11;11;11;11;11;11;11;11,0;11;11,0;317;317,0;317,0;317,0;317;317;317;317;317,0;317;317,0;317,0;1,000000000000000;1,000000000000000;1,000000000000000;1,000000000000000;1,000000000000000;1,000000000000000;1,000000000000000;1,000000000000000;1,0000000000000000;1,0000000000000000;1,0000000000000000
2022-08-14;60+;30;30,0;30;30;30;30;30;30;30;30,0;30;30,0;863;863,0;863,0;863,0;863;863;863;863;863,0;863;863,0;863,0;1,000000000000000;1,000000000000000;1,000000000000000;1,000000000000000;1,000000000000000;1,000000000000000;1,000000000000000;1,000000000000000;1,0000000000000000;1,0000000000000000;1,0000000000000000
2022-08-14;alle;41;41,0;41;41;41;41;41;41;41;41,0;41;41,0;1180;1180,0;1180,0;1180,0;1180;1180;1180;1180;1180,0;1180;1180,0;1180,0;NA;NA;NA;NA;NA;NA;NA;NA;NA;NA;NA
2022-08-13;0-60;39;39,0;39;39;39;39;39;39;39;39,0;39;39,0;319;319,0;319,0;319,0;319;319;319;319;319,0;319;319,0;319,0;1,000000000000000;1,000000000000000;1,000000000000000;1,000000000000000;1,000000000000000;1,000000000000000;1,000000000000000;1,000000000000000;1,0000000000000000;1,0000000000000000;1,0000000000000000
2022-08-13;60+;132;132,0;132;132;132;132;132;132;132;132,0;132;132,0;864;864,0;864,0;864,0;864;864;864;864;864,0;864;864,0;864,0;1,000000000000000;1,000000000000000;1,000000000000000;1,000000000000000;1,000000000000000;1,000000000000000;1,000000000000000;1,000000000000000;1,0000000000000000;1,0000000000000000;1,0000000000000000
2022-08-13;alle;171;171,0;171;171;171;171;171;171;171;171,0;171;171,0;1183;1183,0;1183,0;1183,0;1183;1183;1183;1183;1183,0;1183;1183,0;1183,0;NA;NA;NA;NA;NA;NA;NA;NA;NA;NA;NA
2022-08-12;0-60;53;53,0;53;53;53;53;53;53;53;53,0;53;53,0;331;331,0;331,0;331,0;331;331;331;331;331,0;331;331,0;331,0;1,000000000000000;1,000000000000000;1,000000000000000;1,000000000000000;1,000000000000000;1,000000000000000;1,000000000000000;1,000000000000000;1,0000000000000000;1,0000000000000000;1,0000000000000000
2022-08-12;60+;126;126,0;126;126;126;126;126;126;126;126,0;126;126,0;893;893,0;893,0;893,0;893;893;893;893;893,0;893;893,0;893,0;1,000000000000000;1,000000000000000;1,000000000000000;1,000000000000000;1,000000000000000;1,000000000000000;1,000000000000000;1,000000000000000;1,0000000000000000;1,0000000000000000;1,0000000000000000
2022-08-12;alle;179;179,0;179;179;179;179;179;179;179;179,0;179;179,0;1224;1224,0;1224,0;1224,0;1224;1224;1224;1224;1224,0;1224;1224,0;1224,0;NA;NA;NA;NA;NA;NA;NA;NA;NA;NA;NA
2022-08-11;0-60;50;50,0;50;50;50;50;50;50;50;50,0;50;50,0;334;334,0;334,0;334,0;334;334;334;334;334,0;334;334,0;334,0;1,000000000000000;1,000000000000000;1,000000000000000;1,000000000000000;1,000000000000000;1,000000000000000;1,000000000000000;1,000000000000000;1,0000000000000000;1,0000000000000000;1,0000000000000000
2022-08-11;60+;152;152,0;152;152;152;152;152;152;152;152,0;152;152,0;947;947,0;947,0;947,0;947;947;947;947;947,0;947;947,0;947,0;1,000000000000000;1,000000000000000;1,000000000000000;1,000000000000000;1,000000000000000;1,000000000000000;1,000000000000000;1,000000000000000;1,0000000000000000;1,0000000000000000;1,0000000000000000
2022-08-11;alle;202;202,0;202;202;202;202;202;202;202;202,0;202;202,0;1281;1281,0;1281,0;1281,0;1281;1281;1281;1281;1281,0;1281;1281,0;1281,0;NA;NA;NA;NA;NA;NA;NA;NA;NA;NA;NA
2022-08-10;0-60;65;65,0;65;65;65;65;65;65;65;65,0;65;65,0;361;361,0;361,0;361,0;361;361;361;361;361,0;361;361,0;361,0;1,000000000000000;1,000000000000000;1,000000000000000;1,000000000000000;1,000000000000000;1,000000000000000;1,000000000000000;1,000000000000000;1,0000000000000000;1,0000000000000000;1,0000000000000000
2022-08-10;60+;161;161,0;161;161;161;161;161;161;161;161,0;161;161,0;954;954,0;954,0;954,0;954;954;954;954;954,0;954;954,0;954,0;1,000000000000000;1,000000000000000;1,000000000000000;1,000000000000000;1,000000000000000;1,000000000000000;1,000000000000000;1,000000000000000;1,0000000000000000;1,0000000000000000;1,0000000000000000
2022-08-10;alle;226;226,0;226;226;226;226;226;226;226;226,0;226;226,0;1315;1315,0;1315,0;1315,0;1315;1315;1315;1315;1315,0;1315;1315,0;1315,0;NA;NA;NA;NA;NA;NA;NA;NA;NA;NA;NA
2022-08-09;0-60;94;94,0;94;94;94;94;94;94;94;94,0;94;94,0;368;368,0;368,0;368,0;368;368;368;368;368,0;368;368,0;368,0;1,000000000000000;1,000000000000000;1,000000000000000;1,000000000000000;1,000000000000000;1,000000000000000;1,000000000000000;1,000000000000000;1,0000000000000000;1,0000000000000000;1,0000000000000000
2022-08-09;60+;229;229,0;229;229;229;229;229;229;229;229,0;229;229,0;1003;1003,0;1003,0;1003,0;1003;1003;1003;1003;1003,0;1003;1003,0;1003,0;1,000000000000000;1,000000000000000;1,000000000000000;1,000000000000000;1,000000000000000;1,000000000000000;1,000000000000000;1,000000000000000;1,0000000000000000;1,0000000000000000;1,0000000000000000
2022-08-09;alle;323;323,0;323;323;323;323;323;323;323;323,0;323;323,0;1371;1371,0;1371,0;1371,0;1371;1371;1371;1371;1371,0;1371;1371,0;1371,0;NA;NA;NA;NA;NA;NA;NA;NA;NA;NA;NA
2022-08-08;0-60;5;5,0;5;5;5;5;5;5;5;5,0;5;5,0;398;398,0;398,0;398,0;398;398;398;398;398,0;398;398,0;398,0;1,000000000000000;1,000000000000000;1,000000000000000;1,000000000000000;1,000000000000000;1,000000000000000;1,000000000000000;1,000000000000000;1,0000000000000000;1,0000000000000000;1,0000000000000000
2022-08-08;60+;33;33,0;33;33;33;33;33;33;33;33,0;33;33,0;1089;1089,0;1089,0;1089,0;1089;1089;1089;1089;1089,0;1089;1089,0;1089,0;1,000000000000000;1,000000000000000;1,000000000000000;1,000000000000000;1,000000000000000;1,000000000000000;1,000000000000000;1,000000000000000;1,0000000000000000;1,0000000000000000;1,0000000000000000
2022-08-08;alle;38;38,0;38;38;38;38;38;38;38;38,0;38;38,0;1487;1487,0;1487,0;1487,0;1487;1487;1487;1487;1487,0;1487;1487,0;1487,0;NA;NA;NA;NA;NA;NA;NA;NA;NA;NA;NA
2022-08-07;0-60;13;13,0;13;13;13;13;13;13;13;13,0;13;13,0;404;404,0;404,0;404,0;404;404;404;404;404,0;404;404,0;404,0;1,000000000000000;1,000000000000000;1,000000000000000;1,000000000000000;1,000000000000000;1,000000000000000;1,000000000000000;1,000000000000000;1,0000000000000000;1,0000000000000000;1,0000000000000000
2022-08-07;60+;31;31,0;31;31;31;31;31;31;31;31,0;31;31,0;1082;1082,0;1082,0;1082,0;1082;1082;1082;1082;1082,0;1082;1082,0;1082,0;1,000000000000000;1,000000000000000;1,000000000000000;1,000000000000000;1,000000000000000;1,000000000000000;1,000000000000000;1,000000000000000;1,0000000000000000;1,0000000000000000;1,0000000000000000
2022-08-07;alle;44;44,0;44;44;44;44;44;44;44;44,0;44;44,0;1486;1486,0;1486,0;1486,0;1486;1486;1486;1486;1486,0;1486;1486,0;1486,0;NA;NA;NA;NA;NA;NA;NA;NA;NA;NA;NA
2022-08-06;0-60;51;51,0;51;51;51;51;51;51;51;51,0;51;51,0;403;403,0;403,0;403,0;403;403;403;403;403,0;403;403,0;403,0;1,000000000000000;1,000000000000000;1,000000000000000;1,000000000000000;1,000000000000000;1,000000000000000;1,000000000000000;1,000000000000000;1,0000000000000000;1,0000000000000000;1,0000000000000000
2022-08-06;60+;161;161,0;161;161;161;161;161;161;161;161,0;161;161,0;1088;1088,0;1088,0;1088,0;1088;1088;1088;1088;1088,0;1088;1088,0;1088,0;1,000000000000000;1,000000000000000;1,000000000000000;1,000000000000000;1,000000000000000;1,000000000000000;1,000000000000000;1,000000000000000;1,0000000000000000;1,0000000000000000;1,0000000000000000
2022-08-06;alle;212;212,0;212;212;212;212;212;212;212;212,0;212;212,0;1491;1491,0;1491,0;1491,0;1491;1491;1491;1491;1491,0;1491;1491,0;1491,0;NA;NA;NA;NA;NA;NA;NA;NA;NA;NA;NA
2022-08-05;0-60;56;56,0;56;56;56;56;56;56;56;56,0;56;56,0;424;424,0;424,0;424,0;424;424;424;424;424,0;424;424,0;424,0;1,000000000000000;1,000000000000000;1,000000000000000;1,000000000000000;1,000000000000000;1,000000000000000;1,000000000000000;1,000000000000000;1,0000000000000000;1,0000000000000000;1,0000000000000000
2022-08-05;60+;180;180,0;180;180;180;180;180;180;180;180,0;180;180,0;1111;1111,0;1111,0;1111,0;1111;1111;1111;1111;1111,0;1111;1111,0;1111,0;1,000000000000000;1,000000000000000;1,000000000000000;1,000000000000000;1,000000000000000;1,000000000000000;1,000000000000000;1,000000000000000;1,0000000000000000;1,0000000000000000;1,0000000000000000
2022-08-05;alle;236;236,0;236;236;236;236;236;236;236;236,0;236;236,0;1535;1535,0;1535,0;1535,0;1535;1535;1535;1535;1535,0;1535;1535,0;1535,0;NA;NA;NA;NA;NA;NA;NA;NA;NA;NA;NA
2022-08-04;0-60;77;77,0;77;77;77;77;77;77;77;77,0;77;77,0;447;447,0;447,0;447,0;447;447;447;447;447,0;447;447,0;447,0;1,000000000000000;1,000000000000000;1,000000000000000;1,000000000000000;1,000000000000000;1,000000000000000;1,000000000000000;1,000000000000000;1,0000000000000000;1,0000000000000000;1,0000000000000000
2022-08-04;60+;159;159,0;159;159;159;159;159;159;159;159,0;159;159,0;1119;1119,0;1119,0;1119,0;1119;1119;1119;1119;1119,0;1119;1119,0;1119,0;1,000000000000000;1,000000000000000;1,000000000000000;1,000000000000000;1,000000000000000;1,000000000000000;1,000000000000000;1,000000000000000;1,0000000000000000;1,0000000000000000;1,0000000000000000
2022-08-04;alle;236;236,0;236;236;236;236;236;236;236;236,0;236;236,0;1566;1566,0;1566,0;1566,0;1566;1566;1566;1566;1566,0;1566;1566,0;1566,0;NA;NA;NA;NA;NA;NA;NA;NA;NA;NA;NA
2022-08-03;0-60;72;72,0;72;72;72;72;72;72;72;72,0;72;72,0;483;483,0;483,0;483,0;483;483;483;483;483,0;483;483,0;483,0;1,000000000000000;1,000000000000000;1,000000000000000;1,000000000000000;1,000000000000000;1,000000000000000;1,000000000000000;1,000000000000000;1,0000000000000000;1,0000000000000000;1,0000000000000000
2022-08-03;60+;210;210,0;210;210;210;210;210;210;210;210,0;210;210,0;1190;1190,0;1190,0;1190,0;1190;1190;1190;1190;1190,0;1190;1190,0;1190,0;1,000000000000000;1,000000000000000;1,000000000000000;1,000000000000000;1,000000000000000;1,000000000000000;1,000000000000000;1,000000000000000;1,0000000000000000;1,0000000000000000;1,0000000000000000
2022-08-03;alle;282;282,0;282;282;282;282;282;282;282;282,0;282;282,0;1673;1673,0;1673,0;1673,0;1673;1673;1673;1673;1673,0;1673;1673,0;1673,0;NA;NA;NA;NA;NA;NA;NA;NA;NA;NA;NA
2022-08-02;0-60;124;124,0;124;124;124;124;124;124;124;124,0;124;124,0;539;539,0;539,0;539,0;539;539;539;539;539,0;539;539,0;539,0;1,000000000000000;1,000000000000000;1,000000000000000;1,000000000000000;1,000000000000000;1,000000000000000;1,000000000000000;1,000000000000000;1,0000000000000000;1,0000000000000000;1,0000000000000000
2022-08-02;60+;315;315,0;315;315;315;315;315;315;315;315,0;315;315,0;1269;1269,0;1269,0;1269,0;1269;1269;1269;1269;1269,0;1269;1269,0;1269,0;1,000000000000000;1,000000000000000;1,000000000000000;1,000000000000000;1,000000000000000;1,000000000000000;1,000000000000000;1,000000000000000;1,0000000000000000;1,0000000000000000;1,0000000000000000
2022-08-02;alle;439;439,0;439;439;439;439;439;439;439;439,0;439;439,0;1808;1808,0;1808,0;1808,0;1808;1808;1808;1808;1808,0;1808;1808,0;1808,0;NA;NA;NA;NA;NA;NA;NA;NA;NA;NA;NA
2022-08-01;0-60;11;11,0;11;11;11;11;11;11;11;11,0;11;11,0;609;609,0;609,0;609,0;609;609;609;609;609,0;609;609,0;609,0;1,000000000000000;1,000000000000000;1,000000000000000;1,000000000000000;1,000000000000000;1,000000000000000;1,000000000000000;1,000000000000000;1,0000000000000000;1,0000000000000000;1,0000000000000000
2022-08-01;60+;26;26,0;26;26;26;26;26;26;26;26,0;26;26,0;1411;1411,0;1411,0;1411,0;1411;1411;1411;1411;1411,0;1411;1411,0;1411,0;1,000000000000000;1,000000000000000;1,000000000000000;1,000000000000000;1,000000000000000;1,000000000000000;1,000000000000000;1,000000000000000;1,0000000000000000;1,0000000000000000;1,0000000000000000
2022-08-01;alle;37;37,0;37;37;37;37;37;37;37;37,0;37;37,0;2020;2020,0;2020,0;2020,0;2020;2020;2020;2020;2020,0;2020;2020,0;2020,0;NA;NA;NA;NA;NA;NA;NA;NA;NA;NA;NA
2022-07-31;0-60;12;12,0;12;12;12;12;12;12;12;12,0;12;12,0;620;620,0;620,0;620,0;620;620;620;620;620,0;620;620,0;620,0;1,000000000000000;1,000000000000000;1,000000000000000;1,000000000000000;1,000000000000000;1,000000000000000;1,000000000000000;1,000000000000000;1,0000000000000000;1,0000000000000000;1,0000000000000000
2022-07-31;60+;37;37,0;37;37;37;37;37;37;37;37,0;37;37,0;1447;1447,0;1447,0;1447,0;1447;1447;1447;1447;1447,0;1447;1447,0;1447,0;1,000000000000000;1,000000000000000;1,000000000000000;1,000000000000000;1,000000000000000;1,000000000000000;1,000000000000000;1,000000000000000;1,0000000000000000;1,0000000000000000;1,0000000000000000
2022-07-31;alle;49;49,0;49;49;49;49;49;49;49;49,0;49;49,0;2067;2067,0;2067,0;2067,0;2067;2067;2067;2067;2067,0;2067;2067,0;2067,0;NA;NA;NA;NA;NA;NA;NA;NA;NA;NA;NA
2022-07-30;0-60;72;72,0;72;72;72;72;72;72;72;72,0;72;72,0;617;617,0;617,0;617,0;617;617;617;617;617,0;617;617,0;617,0;1,000000000000000;1,000000000000000;1,000000000000000;1,000000000000000;1,000000000000000;1,000000000000000;1,000000000000000;1,000000000000000;1,0000000000000000;1,0000000000000000;1,0000000000000000
2022-07-30;60+;184;184,0;184;184;184;184;184;184;184;184,0;184;184,0;1465;1465,0;1465,0;1465,0;1465;1465;1465;1465;1465,0;1465;1465,0;1465,0;1,000000000000000;1,000000000000000;1,000000000000000;1,000000000000000;1,000000000000000;1,000000000000000;1,000000000000000;1,000000000000000;1,0000000000000000;1,0000000000000000;1,0000000000000000
2022-07-30;alle;256;256,0;256;256;256;256;256;256;256;256,0;256;256,0;2082;2082,0;2082,0;2082,0;2082;2082;2082;2082;2082,0;2082;2082,0;2082,0;NA;NA;NA;NA;NA;NA;NA;NA;NA;NA;NA
2022-07-29;0-60;79;79,0;79;79;79;79;79;79;79;79,0;79;79,0;630;630,0;630,0;630,0;630;630;630;630;630,0;630;630,0;630,0;1,000000000000000;1,000000000000000;1,000000000000000;1,000000000000000;1,000000000000000;1,000000000000000;1,000000000000000;1,000000000000000;1,0000000000000000;1,0000000000000000;1,0000000000000000
2022-07-29;60+;188;188,0;188;188;188;188;188;188;188;188,0;188;188,0;1505;1505,0;1505,0;1505,0;1505;1505;1505;1505;1505,0;1505;1505,0;1505,0;1,000000000000000;1,000000000000000;1,000000000000000;1,000000000000000;1,000000000000000;1,000000000000000;1,000000000000000;1,000000000000000;1,0000000000000000;1,0000000000000000;1,0000000000000000
2022-07-29;alle;267;267,0;267;267;267;267;267;267;267;267,0;267;267,0;2135;2135,0;2135,0;2135,0;2135;2135;2135;2135;2135,0;2135;2135,0;2135,0;NA;NA;NA;NA;NA;NA;NA;NA;NA;NA;NA
2022-07-28;0-60;113;113,0;113;113;113;113;113;113;113;113,0;113;113,0;683;683,0;683,0;683,0;683;683;683;683;683,0;683;683,0;683,0;1,000000000000000;1,000000000000000;1,000000000000000;1,000000000000000;1,000000000000000;1,000000000000000;1,000000000000000;1,000000000000000;1,0000000000000000;1,0000000000000000;1,0000000000000000
2022-07-28;60+;230;230,0;230;230;230;230;230;230;230;230,0;230;230,0;1617;1617,0;1617,0;1617,0;1617;1617;1617;1617;1617,0;1617;1617,0;1617,0;1,000000000000000;1,000000000000000;1,000000000000000;1,000000000000000;1,000000000000000;1,000000000000000;1,000000000000000;1,000000000000000;1,0000000000000000;1,0000000000000000;1,0000000000000000
2022-07-28;alle;343;343,0;343;343;343;343;343;343;343;343,0;343;343,0;2300;2300,0;2300,0;2300,0;2300;2300;2300;2300;2300,0;2300;2300,0;2300,0;NA;NA;NA;NA;NA;NA;NA;NA;NA;NA;NA
2022-07-27;0-60;128;128,0;128;128;128;128;128;128;128;128,0;128;128,0;691;691,0;691,0;691,0;691;691;691;691;691,0;691;691,0;691,0;1,000000000000000;1,000000000000000;1,000000000000000;1,000000000000000;1,000000000000000;1,000000000000000;1,000000000000000;1,000000000000000;1,0000000000000000;1,0000000000000000;1,0000000000000000
2022-07-27;60+;289;289,0;289;289;289;289;289;289;289;289,0;289;289,0;1658;1658,0;1658,0;1658,0;1658;1658;1658;1658;1658,0;1658;1658,0;1658,0;1,000000000000000;1,000000000000000;1,000000000000000;1,000000000000000;1,000000000000000;1,000000000000000;1,000000000000000;1,000000000000000;1,0000000000000000;1,0000000000000000;1,0000000000000000
2022-07-27;alle;417;417,0;417;417;417;417;417;417;417;417,0;417;417,0;2349;2349,0;2349,0;2349,0;2349;2349;2349;2349;2349,0;2349;2349,0;2349,0;NA;NA;NA;NA;NA;NA;NA;NA;NA;NA;NA
2022-07-26;0-60;194;194,0;194;194;194;194;194;194;194;194,0;194;194,0;703;703,0;703,0;703,0;703;703;703;703;703,0;703;703,0;703,0;1,000000000000000;1,000000000000000;1,000000000000000;1,000000000000000;1,000000000000000;1,000000000000000;1,000000000000000;1,000000000000000;1,0000000000000000;1,0000000000000000;1,0000000000000000
2022-07-26;60+;457;457,0;457;457;457;457;457;457;457;457,0;457;457,0;1684;1684,0;1684,0;1684,0;1684;1684;1684;1684;1684,0;1684;1684,0;1684,0;1,000000000000000;1,000000000000000;1,000000000000000;1,000000000000000;1,000000000000000;1,000000000000000;1,000000000000000;1,000000000000000;1,0000000000000000;1,0000000000000000;1,0000000000000000
2022-07-26;alle;651;651,0;651;651;651;651;651;651;651;651,0;651;651,0;2387;2387,0;2387,0;2387,0;2387;2387;2387;2387;2387,0;2387;2387,0;2387,0;NA;NA;NA;NA;NA;NA;NA;NA;NA;NA;NA
2022-07-25;0-60;22;22,0;22;22;22;22;22;22;22;22,0;22;22,0;676;676,0;676,0;676,0;676;676;676;676;676,0;676;676,0;676,0;1,000000000000000;1,000000000000000;1,000000000000000;1,000000000000000;1,000000000000000;1,000000000000000;1,000000000000000;1,000000000000000;1,0000000000000000;1,0000000000000000;1,0000000000000000
2022-07-25;60+;62;62,0;62;62;62;62;62;62;62;62,0;62;62,0;1657;1657,0;1657,0;1657,0;1657;1657;1657;1657;1657,0;1657;1657,0;1657,0;1,000000000000000;1,000000000000000;1,000000000000000;1,000000000000000;1,000000000000000;1,000000000000000;1,000000000000000;1,000000000000000;1,0000000000000000;1,0000000000000000;1,0000000000000000
2022-07-25;alle;84;84,0;84;84;84;84;84;84;84;84,0;84;84,0;2333;2333,0;2333,0;2333,0;2333;2333;2333;2333;2333,0;2333;2333,0;2333,0;NA;NA;NA;NA;NA;NA;NA;NA;NA;NA;NA
2022-07-24;0-60;9;9,0;9;9;9;9;9;9;9;9,0;9;9,0;677;677,0;677,0;677,0;677;677;677;677;677,0;677;677,0;677,0;1,000000000000000;1,000000000000000;1,000000000000000;1,000000000000000;1,000000000000000;1,000000000000000;1,000000000000000;1,000000000000000;1,0000000000000000;1,0000000000000000;1,0000000000000000
2022-07-24;60+;55;55,0;55;55;55;55;55;55;55;55,0;55;55,0;1652;1652,0;1652,0;1652,0;1652;1652;1652;1652;1652,0;1652;1652,0;1652,0;1,000000000000000;1,000000000000000;1,000000000000000;1,000000000000000;1,000000000000000;1,000000000000000;1,000000000000000;1,000000000000000;1,0000000000000000;1,0000000000000000;1,0000000000000000
2022-07-24;alle;64;64,0;64;64;64;64;64;64;64;64,0;64;64,0;2329;2329,0;2329,0;2329,0;2329;2329;2329;2329;2329,0;2329;2329,0;2329,0;NA;NA;NA;NA;NA;NA;NA;NA;NA;NA;NA
2022-07-23;0-60;85;85,0;85;85;85;85;85;85;85;85,0;85;85,0;691;691,0;691,0;691,0;691;691;691;691;691,0;691;691,0;691,0;1,000000000000000;1,000000000000000;1,000000000000000;1,000000000000000;1,000000000000000;1,000000000000000;1,000000000000000;1,000000000000000;1,0000000000000000;1,0000000000000000;1,0000000000000000
2022-07-23;60+;224;224,0;224;224;224;224;224;224;224;224,0;224;224,0;1648;1648,0;1648,0;1648,0;1648;1648;1648;1648;1648,0;1648;1648,0;1648,0;1,000000000000000;1,000000000000000;1,000000000000000;1,000000000000000;1,000000000000000;1,000000000000000;1,000000000000000;1,000000000000000;1,0000000000000000;1,0000000000000000;1,0000000000000000
2022-07-23;alle;309;309,0;309;309;309;309;309;309;309;309,0;309;309,0;2339;2339,0;2339,0;2339,0;2339;2339;2339;2339;2339,0;2339;2339,0;2339,0;NA;NA;NA;NA;NA;NA;NA;NA;NA;NA;NA
2022-07-22;0-60;132;132,0;132;132;132;132;132;132;132;132,0;132;132,0;699;699,0;699,0;699,0;699;699;699;699;699,0;699;699,0;699,0;1,000000000000000;1,000000000000000;1,000000000000000;1,000000000000000;1,000000000000000;1,000000000000000;1,000000000000000;1,000000000000000;1,0000000000000000;1,0000000000000000;1,0000000000000000
2022-07-22;60+;300;300,0;300;300;300;300;300;300;300;300,0;300;300,0;1647;1647,0;1647,0;1647,0;1647;1647;1647;1647;1647,0;1647;1647,0;1647,0;1,000000000000000;1,000000000000000;1,000000000000000;1,000000000000000;1,000000000000000;1,000000000000000;1,000000000000000;1,000000000000000;1,0000000000000000;1,0000000000000000;1,0000000000000000
2022-07-22;alle;432;432,0;432;432;432;432;432;432;432;432,0;432;432,0;2346;2346,0;2346,0;2346,0;2346;2346;2346;2346;2346,0;2346;2346,0;2346,0;NA;NA;NA;NA;NA;NA;NA;NA;NA;NA;NA
2022-07-21;0-60;121;121,0;121;121;121;121;121;121;121;121,0;121;121,0;665;665,0;665,0;665,0;665;665;665;665;665,0;665;665,0;665,0;1,000000000000000;1,000000000000000;1,000000000000000;1,000000000000000;1,000000000000000;1,000000000000000;1,000000000000000;1,000000000000000;1,0000000000000000;1,0000000000000000;1,0000000000000000
2022-07-21;60+;271;271,0;271;271;271;271;271;271;271;271,0;271;271,0;1596;1596,0;1596,0;1596,0;1596;1596;1596;1596;1596,0;1596;1596,0;1596,0;1,000000000000000;1,000000000000000;1,000000000000000;1,000000000000000;1,000000000000000;1,000000000000000;1,000000000000000;1,000000000000000;1,0000000000000000;1,0000000000000000;1,0000000000000000
2022-07-21;alle;392;392,0;392;392;392;392;392;392;392;392,0;392;392,0;2261;2261,0;2261,0;2261,0;2261;2261;2261;2261;2261,0;2261;2261,0;2261,0;NA;NA;NA;NA;NA;NA;NA;NA;NA;NA;NA
2022-07-20;0-60;140;140,0;140;140;140;140;140;140;140;140,0;140;140,0;650;650,0;650,0;650,0;650;650;650;650;650,0;650;650,0;650,0;1,000000000000000;1,000000000000000;1,000000000000000;1,000000000000000;1,000000000000000;1,000000000000000;1,000000000000000;1,000000000000000;1,0000000000000000;1,0000000000000000;1,0000000000000000
2022-07-20;60+;315;315,0;315;315;315;315;315;315;315;315,0;315;315,0;1534;1534,0;1534,0;1534,0;1534;1534;1534;1534;1534,0;1534;1534,0;1534,0;1,000000000000000;1,000000000000000;1,000000000000000;1,000000000000000;1,000000000000000;1,000000000000000;1,000000000000000;1,000000000000000;1,0000000000000000;1,0000000000000000;1,0000000000000000
2022-07-20;alle;455;455,0;455;455;455;455;455;455;455;455,0;455;455,0;2184;2184,0;2184,0;2184,0;2184;2184;2184;2184;2184,0;2184;2184,0;2184,0;NA;NA;NA;NA;NA;NA;NA;NA;NA;NA;NA
2022-07-19;0-60;167;167,0;167;167;167;167;167;167;167;167,0;167;167,0;613;613,0;613,0;613,0;613;613;613;613;613,0;613;613,0;613,0;1,000000000000000;1,000000000000000;1,000000000000000;1,000000000000000;1,000000000000000;1,000000000000000;1,000000000000000;1,000000000000000;1,0000000000000000;1,0000000000000000;1,0000000000000000
2022-07-19;60+;430;430,0;430;430;430;430;430;430;430;430,0;430;430,0;1457;1457,0;1457,0;1457,0;1457;1457;1457;1457;1457,0;1457;1457,0;1457,0;1,000000000000000;1,000000000000000;1,000000000000000;1,000000000000000;1,000000000000000;1,000000000000000;1,000000000000000;1,000000000000000;1,0000000000000000;1,0000000000000000;1,0000000000000000
2022-07-19;alle;597;597,0;597;597;597;597;597;597;597;597,0;597;597,0;2070;2070,0;2070,0;2070,0;2070;2070;2070;2070;2070,0;2070;2070,0;2070,0;NA;NA;NA;NA;NA;NA;NA;NA;NA;NA;NA
2022-07-18;0-60;23;23,0;23;23;23;23;23;23;23;23,0;23;23,0;611;611,0;611,0;611,0;611;611;611;611;611,0;611;611,0;611,0;1,000000000000000;1,000000000000000;1,000000000000000;1,000000000000000;1,000000000000000;1,000000000000000;1,000000000000000;1,000000000000000;1,0000000000000000;1,0000000000000000;1,0000000000000000
2022-07-18;60+;57;57,0;57;57;57;57;57;57;57;57,0;57;57,0;1378;1378,0;1378,0;1378,0;1378;1378;1378;1378;1378,0;1378;1378,0;1378,0;1,000000000000000;1,000000000000000;1,000000000000000;1,000000000000000;1,000000000000000;1,000000000000000;1,000000000000000;1,000000000000000;1,0000000000000000;1,0000000000000000;1,0000000000000000
2022-07-18;alle;80;80,0;80;80;80;80;80;80;80;80,0;80;80,0;1989;1989,0;1989,0;1989,0;1989;1989;1989;1989;1989,0;1989;1989,0;1989,0;NA;NA;NA;NA;NA;NA;NA;NA;NA;NA;NA
2022-07-17;0-60;23;23,0;23;23;23;23;23;23;23;23,0;23;23,0;601;601,0;601,0;601,0;601;601;601;601;601,0;601;601,0;601,0;1,000000000000000;1,000000000000000;1,000000000000000;1,000000000000000;1,000000000000000;1,000000000000000;1,000000000000000;1,000000000000000;1,0000000000000000;1,0000000000000000;1,0000000000000000
2022-07-17;60+;51;51,0;51;51;51;51;51;51;51;51,0;51;51,0;1345;1345,0;1345,0;1345,0;1345;1345;1345;1345;1345,0;1345;1345,0;1345,0;1,000000000000000;1,000000000000000;1,000000000000000;1,000000000000000;1,000000000000000;1,000000000000000;1,000000000000000;1,000000000000000;1,0000000000000000;1,0000000000000000;1,0000000000000000
2022-07-17;alle;74;74,0;74;74;74;74;74;74;74;74,0;74;74,0;1946;1946,0;1946,0;1946,0;1946;1946;1946;1946;1946,0;1946;1946,0;1946,0;NA;NA;NA;NA;NA;NA;NA;NA;NA;NA;NA
2022-07-16;0-60;93;93,0;93;93;93;93;93;93;93;93,0;93;93,0;606;606,0;606,0;606,0;606;606;606;606;606,0;606;606,0;606,0;1,000000000000000;1,000000000000000;1,000000000000000;1,000000000000000;1,000000000000000;1,000000000000000;1,000000000000000;1,000000000000000;1,0000000000000000;1,0000000000000000;1,0000000000000000
2022-07-16;60+;223;223,0;223;223;223;223;223;223;223;223,0;223;223,0;1327;1327,0;1327,0;1327,0;1327;1327;1327;1327;1327,0;1327;1327,0;1327,0;1,000000000000000;1,000000000000000;1,000000000000000;1,000000000000000;1,000000000000000;1,000000000000000;1,000000000000000;1,000000000000000;1,0000000000000000;1,0000000000000000;1,0000000000000000
2022-07-16;alle;316;316,0;316;316;316;316;316;316;316;316,0;316;316,0;1933;1933,0;1933,0;1933,0;1933;1933;1933;1933;1933,0;1933;1933,0;1933,0;NA;NA;NA;NA;NA;NA;NA;NA;NA;NA;NA
2022-07-15;0-60;98;98,0;98;98;98;98;98;98;98;98,0;98;98,0;585;585,0;585,0;585,0;585;585;585;585;585,0;585;585,0;585,0;1,000000000000000;1,000000000000000;1,000000000000000;1,000000000000000;1,000000000000000;1,000000000000000;1,000000000000000;1,000000000000000;1,0000000000000000;1,0000000000000000;1,0000000000000000
2022-07-15;60+;249;249,0;249;249;249;249;249;249;249;249,0;249;249,0;1255;1255,0;1255,0;1255,0;1255;1255;1255;1255;1255,0;1255;1255,0;1255,0;1,000000000000000;1,000000000000000;1,000000000000000;1,000000000000000;1,000000000000000;1,000000000000000;1,000000000000000;1,000000000000000;1,0000000000000000;1,0000000000000000;1,0000000000000000
2022-07-15;alle;347;347,0;347;347;347;347;347;347;347;347,0;347;347,0;1840;1840,0;1840,0;1840,0;1840;1840;1840;1840;1840,0;1840;1840,0;1840,0;NA;NA;NA;NA;NA;NA;NA;NA;NA;NA;NA
2022-07-14;0-60;106;106,0;106;106;106;106;106;106;106;106,0;106;106,0;575;575,0;575,0;575,0;575;575;575;575;575,0;575;575,0;575,0;1,000000000000000;1,000000000000000;1,000000000000000;1,000000000000000;1,000000000000000;1,000000000000000;1,000000000000000;1,000000000000000;1,0000000000000000;1,0000000000000000;1,0000000000000000
2022-07-14;60+;209;209,0;209;209;209;209;209;209;209;209,0;209;209,0;1178;1178,0;1178,0;1178,0;1178;1178;1178;1178;1178,0;1178;1178,0;1178,0;1,000000000000000;1,000000000000000;1,000000000000000;1,000000000000000;1,000000000000000;1,000000000000000;1,000000000000000;1,000000000000000;1,0000000000000000;1,0000000000000000;1,0000000000000000
2022-07-14;alle;315;315,0;315;315;315;315;315;315;315;315,0;315;315,0;1753;1753,0;1753,0;1753,0;1753;1753;1753;1753;1753,0;1753;1753,0;1753,0;NA;NA;NA;NA;NA;NA;NA;NA;NA;NA;NA
2022-07-13;0-60;103;103,0;103;103;103;103;103;103;103;103,0;103;103,0;555;555,0;555,0;555,0;555;555;555;555;555,0;555;555,0;555,0;1,000000000000000;1,000000000000000;1,000000000000000;1,000000000000000;1,000000000000000;1,000000000000000;1,000000000000000;1,000000000000000;1,0000000000000000;1,0000000000000000;1,0000000000000000
2022-07-13;60+;238;238,0;238;238;238;238;238;238;238;238,0;238;238,0;1118;1118,0;1118,0;1118,0;1118;1118;1118;1118;1118,0;1118;1118,0;1118,0;1,000000000000000;1,000000000000000;1,000000000000000;1,000000000000000;1,000000000000000;1,000000000000000;1,000000000000000;1,000000000000000;1,0000000000000000;1,0000000000000000;1,0000000000000000
2022-07-13;alle;341;341,0;341;341;341;341;341;341;341;341,0;341;341,0;1673;1673,0;1673,0;1673,0;1673;1673;1673;1673;1673,0;1673;1673,0;1673,0;NA;NA;NA;NA;NA;NA;NA;NA;NA;NA;NA
2022-07-12;0-60;165;165,0;165;165;165;165;165;165;165;165,0;165;165,0;538;538,0;538,0;538,0;538;538;538;538;538,0;538;538,0;538,0;1,000000000000000;1,000000000000000;1,000000000000000;1,000000000000000;1,000000000000000;1,000000000000000;1,000000000000000;1,000000000000000;1,0000000000000000;1,0000000000000000;1,0000000000000000
2022-07-12;60+;351;351,0;351;351;351;351;351;351;351;351,0;351;351,0;1054;1054,0;1054,0;1054,0;1054;1054;1054;1054;1054,0;1054;1054,0;1054,0;1,000000000000000;1,000000000000000;1,000000000000000;1,000000000000000;1,000000000000000;1,000000000000000;1,000000000000000;1,000000000000000;1,0000000000000000;1,0000000000000000;1,0000000000000000
2022-07-12;alle;516;516,0;516;516;516;516;516;516;516;516,0;516;516,0;1592;1592,0;1592,0;1592,0;1592;1592;1592;1592;1592,0;1592;1592,0;1592,0;NA;NA;NA;NA;NA;NA;NA;NA;NA;NA;NA
2022-07-11;0-60;13;13,0;13;13;13;13;13;13;13;13,0;13;13,0;516;516,0;516,0;516,0;516;516;516;516;516,0;516;516,0;516,0;1,000000000000000;1,000000000000000;1,000000000000000;1,000000000000000;1,000000000000000;1,000000000000000;1,000000000000000;1,000000000000000;1,0000000000000000;1,0000000000000000;1,0000000000000000
2022-07-11;60+;24;24,0;24;24;24;24;24;24;24;24,0;24;24,0;956;956,0;956,0;956,0;956;956;956;956;956,0;956;956,0;956,0;1,000000000000000;1,000000000000000;1,000000000000000;1,000000000000000;1,000000000000000;1,000000000000000;1,000000000000000;1,000000000000000;1,0000000000000000;1,0000000000000000;1,0000000000000000
2022-07-11;alle;37;37,0;37;37;37;37;37;37;37;37,0;37;37,0;1472;1472,0;1472,0;1472,0;1472;1472;1472;1472;1472,0;1472;1472,0;1472,0;NA;NA;NA;NA;NA;NA;NA;NA;NA;NA;NA
2022-07-10;0-60;28;28,0;28;28;28;28;28;28;28;28,0;28;28,0;509;509,0;509,0;509,0;509;509;509;509;509,0;509;509,0;509,0;1,000000000000000;1,000000000000000;1,000000000000000;1,000000000000000;1,000000000000000;1,000000000000000;1,000000000000000;1,000000000000000;1,0000000000000000;1,0000000000000000;1,0000000000000000
2022-07-10;60+;33;33,0;33;33;33;33;33;33;33;33,0;33;33,0;955;955,0;955,0;955,0;955;955;955;955;955,0;955;955,0;955,0;1,000000000000000;1,000000000000000;1,000000000000000;1,000000000000000;1,000000000000000;1,000000000000000;1,000000000000000;1,000000000000000;1,0000000000000000;1,0000000000000000;1,0000000000000000
2022-07-10;alle;61;61,0;61;61;61;61;61;61;61;61,0;61;61,0;1464;1464,0;1464,0;1464,0;1464;1464;1464;1464;1464,0;1464;1464,0;1464,0;NA;NA;NA;NA;NA;NA;NA;NA;NA;NA;NA
2022-07-09;0-60;72;72,0;72;72;72;72;72;72;72;72,0;72;72,0;496;496,0;496,0;496,0;496;496;496;496;496,0;496;496,0;496,0;1,000000000000000;1,000000000000000;1,000000000000000;1,000000000000000;1,000000000000000;1,000000000000000;1,000000000000000;1,000000000000000;1,0000000000000000;1,0000000000000000;1,0000000000000000
2022-07-09;60+;151;151,0;151;151;151;151;151;151;151;151,0;151;151,0;951;951,0;951,0;951,0;951;951;951;951;951,0;951;951,0;951,0;1,000000000000000;1,000000000000000;1,000000000000000;1,000000000000000;1,000000000000000;1,000000000000000;1,000000000000000;1,000000000000000;1,0000000000000000;1,0000000000000000;1,0000000000000000
2022-07-09;alle;223;223,0;223;223;223;223;223;223;223;223,0;223;223,0;1447;1447,0;1447,0;1447,0;1447;1447;1447;1447;1447,0;1447;1447,0;1447,0;NA;NA;NA;NA;NA;NA;NA;NA;NA;NA;NA
2022-07-08;0-60;88;88,0;88;88;88;88;88;88;88;88,0;88;88,0;489;489,0;489,0;489,0;489;489;489;489;489,0;489;489,0;489,0;1,000000000000000;1,000000000000000;1,000000000000000;1,000000000000000;1,000000000000000;1,000000000000000;1,000000000000000;1,000000000000000;1,0000000000000000;1,0000000000000000;1,0000000000000000
2022-07-08;60+;172;172,0;172;172;172;172;172;172;172;172,0;172;172,0;912;912,0;912,0;912,0;912;912;912;912;912,0;912;912,0;912,0;1,000000000000000;1,000000000000000;1,000000000000000;1,000000000000000;1,000000000000000;1,000000000000000;1,000000000000000;1,000000000000000;1,0000000000000000;1,0000000000000000;1,0000000000000000
2022-07-08;alle;260;260,0;260;260;260;260;260;260;260;260,0;260;260,0;1401;1401,0;1401,0;1401,0;1401;1401;1401;1401;1401,0;1401;1401,0;1401,0;NA;NA;NA;NA;NA;NA;NA;NA;NA;NA;NA
2022-07-07;0-60;86;86,0;86;86;86;86;86;86;86;86,0;86;86,0;479;479,0;479,0;479,0;479;479;479;479;479,0;479;479,0;479,0;1,000000000000000;1,000000000000000;1,000000000000000;1,000000000000000;1,000000000000000;1,000000000000000;1,000000000000000;1,000000000000000;1,0000000000000000;1,0000000000000000;1,0000000000000000
2022-07-07;60+;149;149,0;149;149;149;149;149;149;149;149,0;149;149,0;866;866,0;866,0;866,0;866;866;866;866;866,0;866;866,0;866,0;1,000000000000000;1,000000000000000;1,000000000000000;1,000000000000000;1,000000000000000;1,000000000000000;1,000000000000000;1,000000000000000;1,0000000000000000;1,0000000000000000;1,0000000000000000
2022-07-07;alle;235;235,0;235;235;235;235;235;235;235;235,0;235;235,0;1345;1345,0;1345,0;1345,0;1345;1345;1345;1345;1345,0;1345;1345,0;1345,0;NA;NA;NA;NA;NA;NA;NA;NA;NA;NA;NA
2022-07-06;0-60;86;86,0;86;86;86;86;86;86;86;86,0;86;86,0;467;467,0;467,0;467,0;467;467;467;467;467,0;467;467,0;467,0;1,000000000000000;1,000000000000000;1,000000000000000;1,000000000000000;1,000000000000000;1,000000000000000;1,000000000000000;1,000000000000000;1,0000000000000000;1,0000000000000000;1,0000000000000000
2022-07-06;60+;174;174,0;174;174;174;174;174;174;174;174,0;174;174,0;873;873,0;873,0;873,0;873;873;873;873;873,0;873;873,0;873,0;1,000000000000000;1,000000000000000;1,000000000000000;1,000000000000000;1,000000000000000;1,000000000000000;1,000000000000000;1,000000000000000;1,0000000000000000;1,0000000000000000;1,0000000000000000
2022-07-06;alle;260;260,0;260;260;260;260;260;260;260;260,0;260;260,0;1340;1340,0;1340,0;1340,0;1340;1340;1340;1340;1340,0;1340;1340,0;1340,0;NA;NA;NA;NA;NA;NA;NA;NA;NA;NA;NA
2022-07-05;0-60;143;143,0;143;143;143;143;143;143;143;143,0;143;143,0;466;466,0;466,0;466,0;466;466;466;466;466,0;466;466,0;466,0;1,000000000000000;1,000000000000000;1,000000000000000;1,000000000000000;1,000000000000000;1,000000000000000;1,000000000000000;1,000000000000000;1,0000000000000000;1,0000000000000000;1,0000000000000000
2022-07-05;60+;253;253,0;253;253;253;253;253;253;253;253,0;253;253,0;885;885,0;885,0;885,0;885;885;885;885;885,0;885;885,0;885,0;1,000000000000000;1,000000000000000;1,000000000000000;1,000000000000000;1,000000000000000;1,000000000000000;1,000000000000000;1,000000000000000;1,0000000000000000;1,0000000000000000;1,0000000000000000
2022-07-05;alle;396;396,0;396;396;396;396;396;396;396;396,0;396;396,0;1351;1351,0;1351,0;1351,0;1351;1351;1351;1351;1351,0;1351;1351,0;1351,0;NA;NA;NA;NA;NA;NA;NA;NA;NA;NA;NA
2022-07-04;0-60;6;6,0;6;6;6;6;6;6;6;6,0;6;6,0;469;469,0;469,0;469,0;469;469;469;469;469,0;469;469,0;469,0;1,000000000000000;1,000000000000000;1,000000000000000;1,000000000000000;1,000000000000000;1,000000000000000;1,000000000000000;1,000000000000000;1,0000000000000000;1,0000000000000000;1,0000000000000000
2022-07-04;60+;23;23,0;23;23;23;23;23;23;23;23,0;23;23,0;879;879,0;879,0;879,0;879;879;879;879;879,0;879;879,0;879,0;1,000000000000000;1,000000000000000;1,000000000000000;1,000000000000000;1,000000000000000;1,000000000000000;1,000000000000000;1,000000000000000;1,0000000000000000;1,0000000000000000;1,0000000000000000
2022-07-04;alle;29;29,0;29;29;29;29;29;29;29;29,0;29;29,0;1348;1348,0;1348,0;1348,0;1348;1348;1348;1348;1348,0;1348;1348,0;1348,0;NA;NA;NA;NA;NA;NA;NA;NA;NA;NA;NA
2022-07-03;0-60;15;15,0;15;15;15;15;15;15;15;15,0;15;15,0;477;477,0;477,0;477,0;477;477;477;477;477,0;477;477,0;477,0;1,000000000000000;1,000000000000000;1,000000000000000;1,000000000000000;1,000000000000000;1,000000000000000;1,000000000000000;1,000000000000000;1,0000000000000000;1,0000000000000000;1,0000000000000000
2022-07-03;60+;29;29,0;29;29;29;29;29;29;29;29,0;29;29,0;881;881,0;881,0;881,0;881;881;881;881;881,0;881;881,0;881,0;1,000000000000000;1,000000000000000;1,000000000000000;1,000000000000000;1,000000000000000;1,000000000000000;1,000000000000000;1,000000000000000;1,0000000000000000;1,0000000000000000;1,0000000000000000
2022-07-03;alle;44;44,0;44;44;44;44;44;44;44;44,0;44;44,0;1358;1358,0;1358,0;1358,0;1358;1358;1358;1358;1358,0;1358;1358,0;1358,0;NA;NA;NA;NA;NA;NA;NA;NA;NA;NA;NA
2022-07-02;0-60;65;65,0;65;65;65;65;65;65;65;65,0;65;65,0;482;482,0;482,0;482,0;482;482;482;482;482,0;482;482,0;482,0;1,000000000000000;1,000000000000000;1,000000000000000;1,000000000000000;1,000000000000000;1,000000000000000;1,000000000000000;1,000000000000000;1,0000000000000000;1,0000000000000000;1,0000000000000000
2022-07-02;60+;112;112,0;112;112;112;112;112;112;112;112,0;112;112,0;883;883,0;883,0;883,0;883;883;883;883;883,0;883;883,0;883,0;1,000000000000000;1,000000000000000;1,000000000000000;1,000000000000000;1,000000000000000;1,000000000000000;1,000000000000000;1,000000000000000;1,0000000000000000;1,0000000000000000;1,0000000000000000
2022-07-02;alle;177;177,0;177;177;177;177;177;177;177;177,0;177;177,0;1365;1365,0;1365,0;1365,0;1365;1365;1365;1365;1365,0;1365;1365,0;1365,0;NA;NA;NA;NA;NA;NA;NA;NA;NA;NA;NA
2022-07-01;0-60;78;78,0;78;78;78;78;78;78;78;78,0;78;78,0;484;484,0;484,0;484,0;484;484;484;484;484,0;484;484,0;484,0;1,000000000000000;1,000000000000000;1,000000000000000;1,000000000000000;1,000000000000000;1,000000000000000;1,000000000000000;1,000000000000000;1,0000000000000000;1,0000000000000000;1,0000000000000000
2022-07-01;60+;126;126,0;126;126;126;126;126;126;126;126,0;126;126,0;889;889,0;889,0;889,0;889;889;889;889;889,0;889;889,0;889,0;1,000000000000000;1,000000000000000;1,000000000000000;1,000000000000000;1,000000000000000;1,000000000000000;1,000000000000000;1,000000000000000;1,0000000000000000;1,0000000000000000;1,0000000000000000
2022-07-01;alle;204;204,0;204;204;204;204;204;204;204;204,0;204;204,0;1373;1373,0;1373,0;1373,0;1373;1373;1373;1373;1373,0;1373;1373,0;1373,0;NA;NA;NA;NA;NA;NA;NA;NA;NA;NA;NA
2022-06-30;0-60;74;74,0;74;74;74;74;74;74;74;74,0;74;74,0;485;485,0;485,0;485,0;485;485;485;485;485,0;485;485,0;485,0;1,000000000000000;1,000000000000000;1,000000000000000;1,000000000000000;1,000000000000000;1,000000000000000;1,000000000000000;1,000000000000000;1,0000000000000000;1,0000000000000000;1,0000000000000000
2022-06-30;60+;156;156,0;156;156;156;156;156;156;156;156,0;156;156,0;927;927,0;927,0;927,0;927;927;927;927;927,0;927;927,0;927,0;1,000000000000000;1,000000000000000;1,000000000000000;1,000000000000000;1,000000000000000;1,000000000000000;1,000000000000000;1,000000000000000;1,0000000000000000;1,0000000000000000;1,0000000000000000
2022-06-30;alle;230;230,0;230;230;230;230;230;230;230;230,0;230;230,0;1412;1412,0;1412,0;1412,0;1412;1412;1412;1412;1412,0;1412;1412,0;1412,0;NA;NA;NA;NA;NA;NA;NA;NA;NA;NA;NA
2022-06-29;0-60;85;85,0;85;85;85;85;85;85;85;85,0;85;85,0;466;466,0;466,0;466,0;466;466;466;466;466,0;466;466,0;466,0;1,000000000000000;1,000000000000000;1,000000000000000;1,000000000000000;1,000000000000000;1,000000000000000;1,000000000000000;1,000000000000000;1,0000000000000000;1,0000000000000000;1,0000000000000000
2022-06-29;60+;186;186,0;186;186;186;186;186;186;186;186,0;186;186,0;918;918,0;918,0;918,0;918;918;918;918;918,0;918;918,0;918,0;1,000000000000000;1,000000000000000;1,000000000000000;1,000000000000000;1,000000000000000;1,000000000000000;1,000000000000000;1,000000000000000;1,0000000000000000;1,0000000000000000;1,0000000000000000
2022-06-29;alle;271;271,0;271;271;271;271;271;271;271;271,0;271;271,0;1384;1384,0;1384,0;1384,0;1384;1384;1384;1384;1384,0;1384;1384,0;1384,0;NA;NA;NA;NA;NA;NA;NA;NA;NA;NA;NA
2022-06-28;0-60;146;146,0;146;146;146;146;146;146;146;146,0;146;146,0;462;462,0;462,0;462,0;462;462;462;462;462,0;462;462,0;462,0;1,000000000000000;1,000000000000000;1,000000000000000;1,000000000000000;1,000000000000000;1,000000000000000;1,000000000000000;1,000000000000000;1,0000000000000000;1,0000000000000000;1,0000000000000000
2022-06-28;60+;247;247,0;247;247;247;247;247;247;247;247,0;247;247,0;895;895,0;895,0;895,0;895;895;895;895;895,0;895;895,0;895,0;1,000000000000000;1,000000000000000;1,000000000000000;1,000000000000000;1,000000000000000;1,000000000000000;1,000000000000000;1,000000000000000;1,0000000000000000;1,0000000000000000;1,0000000000000000
2022-06-28;alle;393;393,0;393;393;393;393;393;393;393;393,0;393;393,0;1357;1357,0;1357,0;1357,0;1357;1357;1357;1357;1357,0;1357;1357,0;1357,0;NA;NA;NA;NA;NA;NA;NA;NA;NA;NA;NA
2022-06-27;0-60;14;14,0;14;14;14;14;14;14;14;14,0;14;14,0;442;442,0;442,0;442,0;442;442;442;442;442,0;442;442,0;442,0;1,000000000000000;1,000000000000000;1,000000000000000;1,000000000000000;1,000000000000000;1,000000000000000;1,000000000000000;1,000000000000000;1,0000000000000000;1,0000000000000000;1,0000000000000000
2022-06-27;60+;25;25,0;25;25;25;25;25;25;25;25,0;25;25,0;917;917,0;917,0;917,0;917;917;917;917;917,0;917;917,0;917,0;1,000000000000000;1,000000000000000;1,000000000000000;1,000000000000000;1,000000000000000;1,000000000000000;1,000000000000000;1,000000000000000;1,0000000000000000;1,0000000000000000;1,0000000000000000
2022-06-27;alle;39;39,0;39;39;39;39;39;39;39;39,0;39;39,0;1359;1359,0;1359,0;1359,0;1359;1359;1359;1359;1359,0;1359;1359,0;1359,0;NA;NA;NA;NA;NA;NA;NA;NA;NA;NA;NA
2022-06-26;0-60;20;20,0;20;20;20;20;20;20;20;20,0;20;20,0;434;434,0;434,0;434,0;434;434;434;434;434,0;434;434,0;434,0;1,000000000000000;1,000000000000000;1,000000000000000;1,000000000000000;1,000000000000000;1,000000000000000;1,000000000000000;1,000000000000000;1,0000000000000000;1,0000000000000000;1,0000000000000000
2022-06-26;60+;31;31,0;31;31;31;31;31;31;31;31,0;31;31,0;913;913,0;913,0;913,0;913;913;913;913;913,0;913;913,0;913,0;1,000000000000000;1,000000000000000;1,000000000000000;1,000000000000000;1,000000000000000;1,000000000000000;1,000000000000000;1,000000000000000;1,0000000000000000;1,0000000000000000;1,0000000000000000
2022-06-26;alle;51;51,0;51;51;51;51;51;51;51;51,0;51;51,0;1347;1347,0;1347,0;1347,0;1347;1347;1347;1347;1347,0;1347;1347,0;1347,0;NA;NA;NA;NA;NA;NA;NA;NA;NA;NA;NA
2022-06-25;0-60;67;67,0;67;67;67;67;67;67;67;67,0;67;67,0;429;429,0;429,0;429,0;429;429;429;429;429,0;429;429,0;429,0;1,000000000000000;1,000000000000000;1,000000000000000;1,000000000000000;1,000000000000000;1,000000000000000;1,000000000000000;1,000000000000000;1,0000000000000000;1,0000000000000000;1,0000000000000000
2022-06-25;60+;118;118,0;118;118;118;118;118;118;118;118,0;118;118,0;909;909,0;909,0;909,0;909;909;909;909;909,0;909;909,0;909,0;1,000000000000000;1,000000000000000;1,000000000000000;1,000000000000000;1,000000000000000;1,000000000000000;1,000000000000000;1,000000000000000;1,0000000000000000;1,0000000000000000;1,0000000000000000
2022-06-25;alle;185;185,0;185;185;185;185;185;185;185;185,0;185;185,0;1338;1338,0;1338,0;1338,0;1338;1338;1338;1338;1338,0;1338;1338,0;1338,0;NA;NA;NA;NA;NA;NA;NA;NA;NA;NA;NA
2022-06-24;0-60;79;79,0;79;79;79;79;79;79;79;79,0;79;79,0;442;442,0;442,0;442,0;442;442;442;442;442,0;442;442,0;442,0;1,000000000000000;1,000000000000000;1,000000000000000;1,000000000000000;1,000000000000000;1,000000000000000;1,000000000000000;1,000000000000000;1,0000000000000000;1,0000000000000000;1,0000000000000000
2022-06-24;60+;164;164,0;164;164;164;164;164;164;164;164,0;164;164,0;939;939,0;939,0;939,0;939;939;939;939;939,0;939;939,0;939,0;1,000000000000000;1,000000000000000;1,000000000000000;1,000000000000000;1,000000000000000;1,000000000000000;1,000000000000000;1,000000000000000;1,0000000000000000;1,0000000000000000;1,0000000000000000
2022-06-24;alle;243;243,0;243;243;243;243;243;243;243;243,0;243;243,0;1381;1381,0;1381,0;1381,0;1381;1381;1381;1381;1381,0;1381;1381,0;1381,0;NA;NA;NA;NA;NA;NA;NA;NA;NA;NA;NA
2022-06-23;0-60;55;55,0;55;55;55;55;55;55;55;55,0;55;55,0;372;372,0;372,0;372,0;372;372;372;372;372,0;372;372,0;372,0;1,000000000000000;1,000000000000000;1,000000000000000;1,000000000000000;1,000000000000000;1,000000000000000;1,000000000000000;1,000000000000000;1,0000000000000000;1,0000000000000000;1,0000000000000000
2022-06-23;60+;147;147,0;147;147;147;147;147;147;147;147,0;147;147,0;793;793,0;793,0;793,0;793;793;793;793;793,0;793;793,0;793,0;1,000000000000000;1,000000000000000;1,000000000000000;1,000000000000000;1,000000000000000;1,000000000000000;1,000000000000000;1,000000000000000;1,0000000000000000;1,0000000000000000;1,0000000000000000
2022-06-23;alle;202;202,0;202;202;202;202;202;202;202;202,0;202;202,0;1165;1165,0;1165,0;1165,0;1165;1165;1165;1165;1165,0;1165;1165,0;1165,0;NA;NA;NA;NA;NA;NA;NA;NA;NA;NA;NA
2022-06-22;0-60;81;81,0;81;81;81;81;81;81;81;81,0;81;81,0;383;383,0;383,0;383,0;383;383;383;383;383,0;383;383,0;383,0;1,000000000000000;1,000000000000000;1,000000000000000;1,000000000000000;1,000000000000000;1,000000000000000;1,000000000000000;1,000000000000000;1,0000000000000000;1,0000000000000000;1,0000000000000000
2022-06-22;60+;163;163,0;163;163;163;163;163;163;163;163,0;163;163,0;797;797,0;797,0;797,0;797;797;797;797;797,0;797;797,0;797,0;1,000000000000000;1,000000000000000;1,000000000000000;1,000000000000000;1,000000000000000;1,000000000000000;1,000000000000000;1,000000000000000;1,0000000000000000;1,0000000000000000;1,0000000000000000
2022-06-22;alle;244;244,0;244;244;244;244;244;244;244;244,0;244;244,0;1180;1180,0;1180,0;1180,0;1180;1180;1180;1180;1180,0;1180;1180,0;1180,0;NA;NA;NA;NA;NA;NA;NA;NA;NA;NA;NA
2022-06-21;0-60;126;126,0;126;126;126;126;126;126;126;126,0;126;126,0;377;377,0;377,0;377,0;377;377;377;377;377,0;377;377,0;377,0;1,000000000000000;1,000000000000000;1,000000000000000;1,000000000000000;1,000000000000000;1,000000000000000;1,000000000000000;1,000000000000000;1,0000000000000000;1,0000000000000000;1,0000000000000000
2022-06-21;60+;269;269,0;269;269;269;269;269;269;269;269,0;269;269,0;755;755,0;755,0;755,0;755;755;755;755;755,0;755;755,0;755,0;1,000000000000000;1,000000000000000;1,000000000000000;1,000000000000000;1,000000000000000;1,000000000000000;1,000000000000000;1,000000000000000;1,0000000000000000;1,0000000000000000;1,0000000000000000
2022-06-21;alle;395;395,0;395;395;395;395;395;395;395;395,0;395;395,0;1132;1132,0;1132,0;1132,0;1132;1132;1132;1132;1132,0;1132;1132,0;1132,0;NA;NA;NA;NA;NA;NA;NA;NA;NA;NA;NA
2022-06-20;0-60;6;6,0;6;6;6;6;6;6;6;6,0;6;6,0;369;369,0;369,0;369,0;369;369;369;369;369,0;369;369,0;369,0;1,000000000000000;1,000000000000000;1,000000000000000;1,000000000000000;1,000000000000000;1,000000000000000;1,000000000000000;1,000000000000000;1,0000000000000000;1,0000000000000000;1,0000000000000000
2022-06-20;60+;21;21,0;21;21;21;21;21;21;21;21,0;21;21,0;684;684,0;684,0;684,0;684;684;684;684;684,0;684;684,0;684,0;1,000000000000000;1,000000000000000;1,000000000000000;1,000000000000000;1,000000000000000;1,000000000000000;1,000000000000000;1,000000000000000;1,0000000000000000;1,0000000000000000;1,0000000000000000
2022-06-20;alle;27;27,0;27;27;27;27;27;27;27;27,0;27;27,0;1053;1053,0;1053,0;1053,0;1053;1053;1053;1053;1053,0;1053;1053,0;1053,0;NA;NA;NA;NA;NA;NA;NA;NA;NA;NA;NA
2022-06-19;0-60;15;15,0;15;15;15;15;15;15;15;15,0;15;15,0;375;375,0;375,0;375,0;375;375;375;375;375,0;375;375,0;375,0;1,000000000000000;1,000000000000000;1,000000000000000;1,000000000000000;1,000000000000000;1,000000000000000;1,000000000000000;1,000000000000000;1,0000000000000000;1,0000000000000000;1,0000000000000000
2022-06-19;60+;27;27,0;27;27;27;27;27;27;27;27,0;27;27,0;684;684,0;684,0;684,0;684;684;684;684;684,0;684;684,0;684,0;1,000000000000000;1,000000000000000;1,000000000000000;1,000000000000000;1,000000000000000;1,000000000000000;1,000000000000000;1,000000000000000;1,0000000000000000;1,0000000000000000;1,0000000000000000
2022-06-19;alle;42;42,0;42;42;42;42;42;42;42;42,0;42;42,0;1059;1059,0;1059,0;1059,0;1059;1059;1059;1059;1059,0;1059;1059,0;1059,0;NA;NA;NA;NA;NA;NA;NA;NA;NA;NA;NA
2022-06-18;0-60;80;80,0;80;80;80;80;80;80;80;80,0;80;80,0;369;369,0;369,0;369,0;369;369;369;369;369,0;369;369,0;369,0;1,000000000000000;1,000000000000000;1,000000000000000;1,000000000000000;1,000000000000000;1,000000000000000;1,000000000000000;1,000000000000000;1,0000000000000000;1,0000000000000000;1,0000000000000000
2022-06-18;60+;148;148,0;148;148;148;148;148;148;148;148,0;148;148,0;686;686,0;686,0;686,0;686;686;686;686;686,0;686;686,0;686,0;1,000000000000000;1,000000000000000;1,000000000000000;1,000000000000000;1,000000000000000;1,000000000000000;1,000000000000000;1,000000000000000;1,0000000000000000;1,0000000000000000;1,0000000000000000
2022-06-18;alle;228;228,0;228;228;228;228;228;228;228;228,0;228;228,0;1055;1055,0;1055,0;1055,0;1055;1055;1055;1055;1055,0;1055;1055,0;1055,0;NA;NA;NA;NA;NA;NA;NA;NA;NA;NA;NA
2022-06-17;0-60;9;9,0;9;9;9;9;9;9;9;9,0;9;9,0;324;324,0;324,0;324,0;324;324;324;324;324,0;324;324,0;324,0;1,000000000000000;1,000000000000000;1,000000000000000;1,000000000000000;1,000000000000000;1,000000000000000;1,000000000000000;1,000000000000000;1,0000000000000000;1,0000000000000000;1,0000000000000000
2022-06-17;60+;18;18,0;18;18;18;18;18;18;18;18,0;18;18,0;628;628,0;628,0;628,0;628;628;628;628;628,0;628;628,0;628,0;1,000000000000000;1,000000000000000;1,000000000000000;1,000000000000000;1,000000000000000;1,000000000000000;1,000000000000000;1,000000000000000;1,0000000000000000;1,0000000000000000;1,0000000000000000
2022-06-17;alle;27;27,0;27;27;27;27;27;27;27;27,0;27;27,0;952;952,0;952,0;952,0;952;952;952;952;952,0;952;952,0;952,0;NA;NA;NA;NA;NA;NA;NA;NA;NA;NA;NA
2022-06-16;0-60;66;66,0;66;66;66;66;66;66;66;66,0;66;66,0;370;370,0;370,0;370,0;370;370;370;370;370,0;370;370,0;370,0;1,000000000000000;1,000000000000000;1,000000000000000;1,000000000000000;1,000000000000000;1,000000000000000;1,000000000000000;1,000000000000000;1,0000000000000000;1,0000000000000000;1,0000000000000000
2022-06-16;60+;151;151,0;151;151;151;151;151;151;151;151,0;151;151,0;700;700,0;700,0;700,0;700;700;700;700;700,0;700;700,0;700,0;1,000000000000000;1,000000000000000;1,000000000000000;1,000000000000000;1,000000000000000;1,000000000000000;1,000000000000000;1,000000000000000;1,0000000000000000;1,0000000000000000;1,0000000000000000
2022-06-16;alle;217;217,0;217;217;217;217;217;217;217;217,0;217;217,0;1070;1070,0;1070,0;1070,0;1070;1070;1070;1070;1070,0;1070;1070,0;1070,0;NA;NA;NA;NA;NA;NA;NA;NA;NA;NA;NA
2022-06-15;0-60;75;75,0;75;75;75;75;75;75;75;75,0;75;75,0;355;355,0;355,0;355,0;355;355;355;355;355,0;355;355,0;355,0;1,000000000000000;1,000000000000000;1,000000000000000;1,000000000000000;1,000000000000000;1,000000000000000;1,000000000000000;1,000000000000000;1,0000000000000000;1,0000000000000000;1,0000000000000000
2022-06-15;60+;121;121,0;121;121;121;121;121;121;121;121,0;121;121,0;684;684,0;684,0;684,0;684;684;684;684;684,0;684;684,0;684,0;1,000000000000000;1,000000000000000;1,000000000000000;1,000000000000000;1,000000000000000;1,000000000000000;1,000000000000000;1,000000000000000;1,0000000000000000;1,0000000000000000;1,0000000000000000
2022-06-15;alle;196;196,0;196;196;196;196;196;196;196;196,0;196;196,0;1039;1039,0;1039,0;1039,0;1039;1039;1039;1039;1039,0;1039;1039,0;1039,0;NA;NA;NA;NA;NA;NA;NA;NA;NA;NA;NA
2022-06-14;0-60;118;118,0;118;118;118;118;118;118;118;118,0;118;118,0;362;362,0;362,0;362,0;362;362;362;362;362,0;362;362,0;362,0;1,000000000000000;1,000000000000000;1,000000000000000;1,000000000000000;1,000000000000000;1,000000000000000;1,000000000000000;1,000000000000000;1,0000000000000000;1,0000000000000000;1,0000000000000000
2022-06-14;60+;198;198,0;198;198;198;198;198;198;198;198,0;198;198,0;747;747,0;747,0;747,0;747;747;747;747;747,0;747;747,0;747,0;1,000000000000000;1,000000000000000;1,000000000000000;1,000000000000000;1,000000000000000;1,000000000000000;1,000000000000000;1,000000000000000;1,0000000000000000;1,0000000000000000;1,0000000000000000
2022-06-14;alle;316;316,0;316;316;316;316;316;316;316;316,0;316;316,0;1109;1109,0;1109,0;1109,0;1109;1109;1109;1109;1109,0;1109;1109,0;1109,0;NA;NA;NA;NA;NA;NA;NA;NA;NA;NA;NA
2022-06-13;0-60;12;12,0;12;12;12;12;12;12;12;12,0;12;12,0;251;251,0;251,0;251,0;251;251;251;251;251,0;251;251,0;251,0;1,000000000000000;1,000000000000000;1,000000000000000;1,000000000000000;1,000000000000000;1,000000000000000;1,000000000000000;1,000000000000000;1,0000000000000000;1,0000000000000000;1,0000000000000000
2022-06-13;60+;21;21,0;21;21;21;21;21;21;21;21,0;21;21,0;566;566,0;566,0;566,0;566;566;566;566;566,0;566;566,0;566,0;1,000000000000000;1,000000000000000;1,000000000000000;1,000000000000000;1,000000000000000;1,000000000000000;1,000000000000000;1,000000000000000;1,0000000000000000;1,0000000000000000;1,0000000000000000
2022-06-13;alle;33;33,0;33;33;33;33;33;33;33;33,0;33;33,0;817;817,0;817,0;817,0;817;817;817;817;817,0;817;817,0;817,0;NA;NA;NA;NA;NA;NA;NA;NA;NA;NA;NA
2022-06-12;0-60;9;9,0;9;9;9;9;9;9;9;9,0;9;9,0;244;244,0;244,0;244,0;244;244;244;244;244,0;244;244,0;244,0;1,000000000000000;1,000000000000000;1,000000000000000;1,000000000000000;1,000000000000000;1,000000000000000;1,000000000000000;1,000000000000000;1,0000000000000000;1,0000000000000000;1,0000000000000000
2022-06-12;60+;29;29,0;29;29;29;29;29;29;29;29,0;29;29,0;563;563,0;563,0;563,0;563;563;563;563;563,0;563;563,0;563,0;1,000000000000000;1,000000000000000;1,000000000000000;1,000000000000000;1,000000000000000;1,000000000000000;1,000000000000000;1,000000000000000;1,0000000000000000;1,0000000000000000;1,0000000000000000
2022-06-12;alle;38;38,0;38;38;38;38;38;38;38;38,0;38;38,0;807;807,0;807,0;807,0;807;807;807;807;807,0;807;807,0;807,0;NA;NA;NA;NA;NA;NA;NA;NA;NA;NA;NA
2022-06-11;0-60;35;35,0;35;35;35;35;35;35;35;35,0;35;35,0;248;248,0;248,0;248,0;248;248;248;248;248,0;248;248,0;248,0;1,000000000000000;1,000000000000000;1,000000000000000;1,000000000000000;1,000000000000000;1,000000000000000;1,000000000000000;1,000000000000000;1,0000000000000000;1,0000000000000000;1,0000000000000000
2022-06-11;60+;90;90,0;90;90;90;90;90;90;90;90,0;90;90,0;554;554,0;554,0;554,0;554;554;554;554;554,0;554;554,0;554,0;1,000000000000000;1,000000000000000;1,000000000000000;1,000000000000000;1,000000000000000;1,000000000000000;1,000000000000000;1,000000000000000;1,0000000000000000;1,0000000000000000;1,0000000000000000
2022-06-11;alle;125;125,0;125;125;125;125;125;125;125;125,0;125;125,0;802;802,0;802,0;802,0;802;802;802;802;802,0;802;802,0;802,0;NA;NA;NA;NA;NA;NA;NA;NA;NA;NA;NA
2022-06-10;0-60;55;55,0;55;55;55;55;55;55;55;55,0;55;55,0;239;239,0;239,0;239,0;239;239;239;239;239,0;239;239,0;239,0;1,000000000000000;1,000000000000000;1,000000000000000;1,000000000000000;1,000000000000000;1,000000000000000;1,000000000000000;1,000000000000000;1,0000000000000000;1,0000000000000000;1,0000000000000000
2022-06-10;60+;90;90,0;90;90;90;90;90;90;90;90,0;90;90,0;537;537,0;537,0;537,0;537;537;537;537;537,0;537;537,0;537,0;1,000000000000000;1,000000000000000;1,000000000000000;1,000000000000000;1,000000000000000;1,000000000000000;1,000000000000000;1,000000000000000;1,0000000000000000;1,0000000000000000;1,0000000000000000
2022-06-10;alle;145;145,0;145;145;145;145;145;145;145;145,0;145;145,0;776;776,0;776,0;776,0;776;776;776;776;776,0;776;776,0;776,0;NA;NA;NA;NA;NA;NA;NA;NA;NA;NA;NA
2022-06-09;0-60;51;51,0;51;51;51;51;51;51;51;51,0;51;51,0;216;216,0;216,0;216,0;216;216;216;216;216,0;216;216,0;216,0;1,000000000000000;1,000000000000000;1,000000000000000;1,000000000000000;1,000000000000000;1,000000000000000;1,000000000000000;1,000000000000000;1,0000000000000000;1,0000000000000000;1,0000000000000000
2022-06-09;60+;135;135,0;135;135;135;135;135;135;135;135,0;135;135,0;508;508,0;508,0;508,0;508;508;508;508;508,0;508;508,0;508,0;1,000000000000000;1,000000000000000;1,000000000000000;1,000000000000000;1,000000000000000;1,000000000000000;1,000000000000000;1,000000000000000;1,0000000000000000;1,0000000000000000;1,0000000000000000
2022-06-09;alle;186;186,0;186;186;186;186;186;186;186;186,0;186;186,0;724;724,0;724,0;724,0;724;724;724;724;724,0;724;724,0;724,0;NA;NA;NA;NA;NA;NA;NA;NA;NA;NA;NA
2022-06-08;0-60;82;82,0;82;82;82;82;82;82;82;82,0;82;82,0;203;203,0;203,0;203,0;203;203;203;203;203,0;203;203,0;203,0;1,000000000000000;1,000000000000000;1,000000000000000;1,000000000000000;1,000000000000000;1,000000000000000;1,000000000000000;1,000000000000000;1,0000000000000000;1,0000000000000000;1,0000000000000000
2022-06-08;60+;184;184,0;184;184;184;184;184;184;184;184,0;184;184,0;448;448,0;448,0;448,0;448;448;448;448;448,0;448;448,0;448,0;1,000000000000000;1,000000000000000;1,000000000000000;1,000000000000000;1,000000000000000;1,000000000000000;1,000000000000000;1,000000000000000;1,0000000000000000;1,0000000000000000;1,0000000000000000
2022-06-08;alle;266;266,0;266;266;266;266;266;266;266;266,0;266;266,0;651;651,0;651,0;651,0;651;651;651;651;651,0;651;651,0;651,0;NA;NA;NA;NA;NA;NA;NA;NA;NA;NA;NA
2022-06-07;0-60;7;7,0;7;7;7;7;7;7;7;7,0;7;7,0;157;157,0;157,0;157,0;157;157;157;157;157,0;157;157,0;157,0;1,000000000000000;1,000000000000000;1,000000000000000;1,000000000000000;1,000000000000000;1,000000000000000;1,000000000000000;1,000000000000000;1,0000000000000000;1,0000000000000000;1,0000000000000000
2022-06-07;60+;17;17,0;17;17;17;17;17;17;17;17,0;17;17,0;351;351,0;351,0;351,0;351;351;351;351;351,0;351;351,0;351,0;1,000000000000000;1,000000000000000;1,000000000000000;1,000000000000000;1,000000000000000;1,000000000000000;1,000000000000000;1,000000000000000;1,0000000000000000;1,0000000000000000;1,0000000000000000
2022-06-07;alle;24;24,0;24;24;24;24;24;24;24;24,0;24;24,0;508;508,0;508,0;508,0;508;508;508;508;508,0;508;508,0;508,0;NA;NA;NA;NA;NA;NA;NA;NA;NA;NA;NA
2022-06-06;0-60;5;5,0;5;5;5;5;5;5;5;5,0;5;5,0;196;196,0;196,0;196,0;196;196;196;196;196,0;196;196,0;196,0;1,000000000000000;1,000000000000000;1,000000000000000;1,000000000000000;1,000000000000000;1,000000000000000;1,000000000000000;1,000000000000000;1,0000000000000000;1,0000000000000000;1,0000000000000000
2022-06-06;60+;18;18,0;18;18;18;18;18;18;18;18,0;18;18,0;423;423,0;423,0;423,0;423;423;423;423;423,0;423;423,0;423,0;1,000000000000000;1,000000000000000;1,000000000000000;1,000000000000000;1,000000000000000;1,000000000000000;1,000000000000000;1,000000000000000;1,0000000000000000;1,0000000000000000;1,0000000000000000
2022-06-06;alle;23;23,0;23;23;23;23;23;23;23;23,0;23;23,0;619;619,0;619,0;619,0;619;619;619;619;619,0;619;619,0;619,0;NA;NA;NA;NA;NA;NA;NA;NA;NA;NA;NA
2022-06-05;0-60;13;13,0;13;13;13;13;13;13;13;13,0;13;13,0;198;198,0;198,0;198,0;198;198;198;198;198,0;198;198,0;198,0;1,000000000000000;1,000000000000000;1,000000000000000;1,000000000000000;1,000000000000000;1,000000000000000;1,000000000000000;1,000000000000000;1,0000000000000000;1,0000000000000000;1,0000000000000000
2022-06-05;60+;20;20,0;20;20;20;20;20;20;20;20,0;20;20,0;421;421,0;421,0;421,0;421;421;421;421;421,0;421;421,0;421,0;1,000000000000000;1,000000000000000;1,000000000000000;1,000000000000000;1,000000000000000;1,000000000000000;1,000000000000000;1,000000000000000;1,0000000000000000;1,0000000000000000;1,0000000000000000
2022-06-05;alle;33;33,0;33;33;33;33;33;33;33;33,0;33;33,0;619;619,0;619,0;619,0;619;619;619;619;619,0;619;619,0;619,0;NA;NA;NA;NA;NA;NA;NA;NA;NA;NA;NA
2022-06-04;0-60;26;26,0;26;26;26;26;26;26;26;26,0;26;26,0;195;195,0;195,0;195,0;195;195;195;195;195,0;195;195,0;195,0;1,000000000000000;1,000000000000000;1,000000000000000;1,000000000000000;1,000000000000000;1,000000000000000;1,000000000000000;1,000000000000000;1,0000000000000000;1,0000000000000000;1,0000000000000000
2022-06-04;60+;73;73,0;73;73;73;73;73;73;73;73,0;73;73,0;417;417,0;417,0;417,0;417;417;417;417;417,0;417;417,0;417,0;1,000000000000000;1,000000000000000;1,000000000000000;1,000000000000000;1,000000000000000;1,000000000000000;1,000000000000000;1,000000000000000;1,0000000000000000;1,0000000000000000;1,0000000000000000
2022-06-04;alle;99;99,0;99;99;99;99;99;99;99;99,0;99;99,0;612;612,0;612,0;612,0;612;612;612;612;612,0;612;612,0;612,0;NA;NA;NA;NA;NA;NA;NA;NA;NA;NA;NA
2022-06-03;0-60;32;32,0;32;32;32;32;32;32;32;32,0;32;32,0;209;209,0;209,0;209,0;209;209;209;209;209,0;209;209,0;209,0;1,000000000000000;1,000000000000000;1,000000000000000;1,000000000000000;1,000000000000000;1,000000000000000;1,000000000000000;1,000000000000000;1,0000000000000000;1,0000000000000000;1,0000000000000000
2022-06-03;60+;61;61,0;61;61;61;61;61;61;61;61,0;61;61,0;424;424,0;424,0;424,0;424;424;424;424;424,0;424;424,0;424,0;1,000000000000000;1,000000000000000;1,000000000000000;1,000000000000000;1,000000000000000;1,000000000000000;1,000000000000000;1,000000000000000;1,0000000000000000;1,0000000000000000;1,0000000000000000
2022-06-03;alle;93;93,0;93;93;93;93;93;93;93;93,0;93;93,0;633;633,0;633,0;633,0;633;633;633;633;633,0;633;633,0;633,0;NA;NA;NA;NA;NA;NA;NA;NA;NA;NA;NA
2022-06-02;0-60;38;38,0;38;38;38;38;38;38;38;38,0;38;38,0;192;192,0;192,0;192,0;192;192;192;192;192,0;192;192,0;192,0;1,000000000000000;1,000000000000000;1,000000000000000;1,000000000000000;1,000000000000000;1,000000000000000;1,000000000000000;1,000000000000000;1,0000000000000000;1,0000000000000000;1,0000000000000000
2022-06-02;60+;75;75,0;75;75;75;75;75;75;75;75,0;75;75,0;381;381,0;381,0;381,0;381;381;381;381;381,0;381;381,0;381,0;1,000000000000000;1,000000000000000;1,000000000000000;1,000000000000000;1,000000000000000;1,000000000000000;1,000000000000000;1,000000000000000;1,0000000000000000;1,0000000000000000;1,0000000000000000
2022-06-02;alle;113;113,0;113;113;113;113;113;113;113;113,0;113;113,0;573;573,0;573,0;573,0;573;573;573;573;573,0;573;573,0;573,0;NA;NA;NA;NA;NA;NA;NA;NA;NA;NA;NA
2022-06-01;0-60;36;36,0;36;36;36;36;36;36;36;36,0;36;36,0;190;190,0;190,0;190,0;190;190;190;190;190,0;190;190,0;190,0;1,000000000000000;1,000000000000000;1,000000000000000;1,000000000000000;1,000000000000000;1,000000000000000;1,000000000000000;1,000000000000000;1,0000000000000000;1,0000000000000000;1,0000000000000000
2022-06-01;60+;87;87,0;87;87;87;87;87;87;87;87,0;87;87,0;392;392,0;392,0;392,0;392;392;392;392;392,0;392;392,0;392,0;1,000000000000000;1,000000000000000;1,000000000000000;1,000000000000000;1,000000000000000;1,000000000000000;1,000000000000000;1,000000000000000;1,0000000000000000;1,0000000000000000;1,0000000000000000
2022-06-01;alle;123;123,0;123;123;123;123;123;123;123;123,0;123;123,0;582;582,0;582,0;582,0;582;582;582;582;582,0;582;582,0;582,0;NA;NA;NA;NA;NA;NA;NA;NA;NA;NA;NA
2022-05-31;0-60;46;46,0;46;46;46;46;46;46;46;46,0;46;46,0;196;196,0;196,0;196,0;196;196;196;196;196,0;196;196,0;196,0;1,000000000000000;1,000000000000000;1,000000000000000;1,000000000000000;1,000000000000000;1,000000000000000;1,000000000000000;1,000000000000000;1,0000000000000000;1,0000000000000000;1,0000000000000000
2022-05-31;60+;89;89,0;89;89;89;89;89;89;89;89,0;89;89,0;398;398,0;398,0;398,0;398;398;398;398;398,0;398;398,0;398,0;1,000000000000000;1,000000000000000;1,000000000000000;1,000000000000000;1,000000000000000;1,000000000000000;1,000000000000000;1,000000000000000;1,0000000000000000;1,0000000000000000;1,0000000000000000
2022-05-31;alle;135;135,0;135;135;135;135;135;135;135;135,0;135;135,0;594;594,0;594,0;594,0;594;594;594;594;594,0;594;594,0;594,0;NA;NA;NA;NA;NA;NA;NA;NA;NA;NA;NA
2022-05-30;0-60;7;7,0;7;7;7;7;7;7;7;7,0;7;7,0;197;197,0;197,0;197,0;197;197;197;197;197,0;197;197,0;197,0;1,000000000000000;1,000000000000000;1,000000000000000;1,000000000000000;1,000000000000000;1,000000000000000;1,000000000000000;1,000000000000000;1,0000000000000000;1,0000000000000000;1,0000000000000000
2022-05-30;60+;16;16,0;16;16;16;16;16;16;16;16,0;16;16,0;414;414,0;414,0;414,0;414;414;414;414;414,0;414;414,0;414,0;1,000000000000000;1,000000000000000;1,000000000000000;1,000000000000000;1,000000000000000;1,000000000000000;1,000000000000000;1,000000000000000;1,0000000000000000;1,0000000000000000;1,0000000000000000
2022-05-30;alle;23;23,0;23;23;23;23;23;23;23;23,0;23;23,0;611;611,0;611,0;611,0;611;611;611;611;611,0;611;611,0;611,0;NA;NA;NA;NA;NA;NA;NA;NA;NA;NA;NA
2022-05-29;0-60;10;10,0;10;10;10;10;10;10;10;10,0;10;10,0;198;198,0;198,0;198,0;198;198;198;198;198,0;198;198,0;198,0;1,000000000000000;1,000000000000000;1,000000000000000;1,000000000000000;1,000000000000000;1,000000000000000;1,000000000000000;1,000000000000000;1,0000000000000000;1,0000000000000000;1,0000000000000000
2022-05-29;60+;16;16,0;16;16;16;16;16;16;16;16,0;16;16,0;426;426,0;426,0;426,0;426;426;426;426;426,0;426;426,0;426,0;1,000000000000000;1,000000000000000;1,000000000000000;1,000000000000000;1,000000000000000;1,000000000000000;1,000000000000000;1,000000000000000;1,0000000000000000;1,0000000000000000;1,0000000000000000
2022-05-29;alle;26;26,0;26;26;26;26;26;26;26;26,0;26;26,0;624;624,0;624,0;624,0;624;624;624;624;624,0;624;624,0;624,0;NA;NA;NA;NA;NA;NA;NA;NA;NA;NA;NA
2022-05-28;0-60;40;40,0;40;40;40;40;40;40;40;40,0;40;40,0;201;201,0;201,0;201,0;201;201;201;201;201,0;201;201,0;201,0;1,000000000000000;1,000000000000000;1,000000000000000;1,000000000000000;1,000000000000000;1,000000000000000;1,000000000000000;1,000000000000000;1,0000000000000000;1,0000000000000000;1,0000000000000000
2022-05-28;60+;80;80,0;80;80;80;80;80;80;80;80,0;80;80,0;449;449,0;449,0;449,0;449;449;449;449;449,0;449;449,0;449,0;1,000000000000000;1,000000000000000;1,000000000000000;1,000000000000000;1,000000000000000;1,000000000000000;1,000000000000000;1,000000000000000;1,0000000000000000;1,0000000000000000;1,0000000000000000
2022-05-28;alle;120;120,0;120;120;120;120;120;120;120;120,0;120;120,0;650;650,0;650,0;650,0;650;650;650;650;650,0;650;650,0;650,0;NA;NA;NA;NA;NA;NA;NA;NA;NA;NA;NA
2022-05-27;0-60;15;15,0;15;15;15;15;15;15;15;15,0;15;15,0;190;190,0;190,0;190,0;190;190;190;190;190,0;190;190,0;190,0;1,000000000000000;1,000000000000000;1,000000000000000;1,000000000000000;1,000000000000000;1,000000000000000;1,000000000000000;1,000000000000000;1,0000000000000000;1,0000000000000000;1,0000000000000000
2022-05-27;60+;18;18,0;18;18;18;18;18;18;18;18,0;18;18,0;437;437,0;437,0;437,0;437;437;437;437;437,0;437;437,0;437,0;1,000000000000000;1,000000000000000;1,000000000000000;1,000000000000000;1,000000000000000;1,000000000000000;1,000000000000000;1,000000000000000;1,0000000000000000;1,0000000000000000;1,0000000000000000
2022-05-27;alle;33;33,0;33;33;33;33;33;33;33;33,0;33;33,0;627;627,0;627,0;627,0;627;627;627;627;627,0;627;627,0;627,0;NA;NA;NA;NA;NA;NA;NA;NA;NA;NA;NA
2022-05-26;0-60;36;36,0;36;36;36;36;36;36;36;36,0;36;36,0;206;206,0;206,0;206,0;206;206;206;206;206,0;206;206,0;206,0;1,000000000000000;1,000000000000000;1,000000000000000;1,000000000000000;1,000000000000000;1,000000000000000;1,000000000000000;1,000000000000000;1,0000000000000000;1,0000000000000000;1,0000000000000000
2022-05-26;60+;86;86,0;86;86;86;86;86;86;86;86,0;86;86,0;494;494,0;494,0;494,0;494;494;494;494;494,0;494;494,0;494,0;1,000000000000000;1,000000000000000;1,000000000000000;1,000000000000000;1,000000000000000;1,000000000000000;1,000000000000000;1,000000000000000;1,0000000000000000;1,0000000000000000;1,0000000000000000
2022-05-26;alle;122;122,0;122;122;122;122;122;122;122;122,0;122;122,0;700;700,0;700,0;700,0;700;700;700;700;700,0;700;700,0;700,0;NA;NA;NA;NA;NA;NA;NA;NA;NA;NA;NA
2022-05-25;0-60;42;42,0;42;42;42;42;42;42;42;42,0;42;42,0;209;209,0;209,0;209,0;209;209;209;209;209,0;209;209,0;209,0;1,000000000000000;1,000000000000000;1,000000000000000;1,000000000000000;1,000000000000000;1,000000000000000;1,000000000000000;1,000000000000000;1,0000000000000000;1,0000000000000000;1,0000000000000000
2022-05-25;60+;93;93,0;93;93;93;93;93;93;93;93,0;93;93,0;518;518,0;518,0;518,0;518;518;518;518;518,0;518;518,0;518,0;1,000000000000000;1,000000000000000;1,000000000000000;1,000000000000000;1,000000000000000;1,000000000000000;1,000000000000000;1,000000000000000;1,0000000000000000;1,0000000000000000;1,0000000000000000
2022-05-25;alle;135;135,0;135;135;135;135;135;135;135;135,0;135;135,0;727;727,0;727,0;727,0;727;727;727;727;727,0;727;727,0;727,0;NA;NA;NA;NA;NA;NA;NA;NA;NA;NA;NA
2022-05-24;0-60;47;47,0;47;47;47;47;47;47;47;47,0;47;47,0;213;213,0;213,0;213,0;213;213;213;213;213,0;213;213,0;213,0;1,000000000000000;1,000000000000000;1,000000000000000;1,000000000000000;1,000000000000000;1,000000000000000;1,000000000000000;1,000000000000000;1,0000000000000000;1,0000000000000000;1,0000000000000000
2022-05-24;60+;105;105,0;105;105;105;105;105;105;105;105,0;105;105,0;541;541,0;541,0;541,0;541;541;541;541;541,0;541;541,0;541,0;1,000000000000000;1,000000000000000;1,000000000000000;1,000000000000000;1,000000000000000;1,000000000000000;1,000000000000000;1,000000000000000;1,0000000000000000;1,0000000000000000;1,0000000000000000
2022-05-24;alle;152;152,0;152;152;152;152;152;152;152;152,0;152;152,0;754;754,0;754,0;754,0;754;754;754;754;754,0;754;754,0;754,0;NA;NA;NA;NA;NA;NA;NA;NA;NA;NA;NA
2022-05-23;0-60;8;8,0;8;8;8;8;8;8;8;8,0;8;8,0;219;219,0;219,0;219,0;219;219;219;219;219,0;219;219,0;219,0;1,000000000000000;1,000000000000000;1,000000000000000;1,000000000000000;1,000000000000000;1,000000000000000;1,000000000000000;1,000000000000000;1,0000000000000000;1,0000000000000000;1,0000000000000000
2022-05-23;60+;28;28,0;28;28;28;28;28;28;28;28,0;28;28,0;539;539,0;539,0;539,0;539;539;539;539;539,0;539;539,0;539,0;1,000000000000000;1,000000000000000;1,000000000000000;1,000000000000000;1,000000000000000;1,000000000000000;1,000000000000000;1,000000000000000;1,0000000000000000;1,0000000000000000;1,0000000000000000
2022-05-23;alle;36;36,0;36;36;36;36;36;36;36;36,0;36;36,0;758;758,0;758,0;758,0;758;758;758;758;758,0;758;758,0;758,0;NA;NA;NA;NA;NA;NA;NA;NA;NA;NA;NA
2022-05-22;0-60;13;13,0;13;13;13;13;13;13;13;13,0;13;13,0;226;226,0;226,0;226,0;226;226;226;226;226,0;226;226,0;226,0;1,000000000000000;1,000000000000000;1,000000000000000;1,000000000000000;1,000000000000000;1,000000000000000;1,000000000000000;1,000000000000000;1,0000000000000000;1,0000000000000000;1,0000000000000000
2022-05-22;60+;39;39,0;39;39;39;39;39;39;39;39,0;39;39,0;539;539,0;539,0;539,0;539;539;539;539;539,0;539;539,0;539,0;1,000000000000000;1,000000000000000;1,000000000000000;1,000000000000000;1,000000000000000;1,000000000000000;1,000000000000000;1,000000000000000;1,0000000000000000;1,0000000000000000;1,0000000000000000
2022-05-22;alle;52;52,0;52;52;52;52;52;52;52;52,0;52;52,0;765;765,0;765,0;765,0;765;765;765;765;765,0;765;765,0;765,0;NA;NA;NA;NA;NA;NA;NA;NA;NA;NA;NA
2022-05-21;0-60;29;29,0;29;29;29;29;29;29;29;29,0;29;29,0;228;228,0;228,0;228,0;228;228;228;228;228,0;228;228,0;228,0;1,000000000000000;1,000000000000000;1,000000000000000;1,000000000000000;1,000000000000000;1,000000000000000;1,000000000000000;1,000000000000000;1,0000000000000000;1,0000000000000000;1,0000000000000000
2022-05-21;60+;68;68,0;68;68;68;68;68;68;68;68,0;68;68,0;540;540,0;540,0;540,0;540;540;540;540;540,0;540;540,0;540,0;1,000000000000000;1,000000000000000;1,000000000000000;1,000000000000000;1,000000000000000;1,000000000000000;1,000000000000000;1,000000000000000;1,0000000000000000;1,0000000000000000;1,0000000000000000
2022-05-21;alle;97;97,0;97;97;97;97;97;97;97;97,0;97;97,0;768;768,0;768,0;768,0;768;768;768;768;768,0;768;768,0;768,0;NA;NA;NA;NA;NA;NA;NA;NA;NA;NA;NA
2022-05-20;0-60;31;31,0;31;31;31;31;31;31;31;31,0;31;31,0;252;252,0;252,0;252,0;252;252;252;252;252,0;252;252,0;252,0;1,000000000000000;1,000000000000000;1,000000000000000;1,000000000000000;1,000000000000000;1,000000000000000;1,000000000000000;1,000000000000000;1,0000000000000000;1,0000000000000000;1,0000000000000000
2022-05-20;60+;75;75,0;75;75;75;75;75;75;75;75,0;75;75,0;563;563,0;563,0;563,0;563;563;563;563;563,0;563;563,0;563,0;1,000000000000000;1,000000000000000;1,000000000000000;1,000000000000000;1,000000000000000;1,000000000000000;1,000000000000000;1,000000000000000;1,0000000000000000;1,0000000000000000;1,0000000000000000
2022-05-20;alle;106;106,0;106;106;106;106;106;106;106;106,0;106;106,0;815;815,0;815,0;815,0;815;815;815;815;815,0;815;815,0;815,0;NA;NA;NA;NA;NA;NA;NA;NA;NA;NA;NA
2022-05-19;0-60;39;39,0;39;39;39;39;39;39;39;39,0;39;39,0;267;267,0;267,0;267,0;267;267;267;267;267,0;267;267,0;267,0;1,000000000000000;1,000000000000000;1,000000000000000;1,000000000000000;1,000000000000000;1,000000000000000;1,000000000000000;1,000000000000000;1,0000000000000000;1,0000000000000000;1,0000000000000000
2022-05-19;60+;110;110,0;110;110;110;110;110;110;110;110,0;110;110,0;588;588,0;588,0;588,0;588;588;588;588;588,0;588;588,0;588,0;1,000000000000000;1,000000000000000;1,000000000000000;1,000000000000000;1,000000000000000;1,000000000000000;1,000000000000000;1,000000000000000;1,0000000000000000;1,0000000000000000;1,0000000000000000
2022-05-19;alle;149;149,0;149;149;149;149;149;149;149;149,0;149;149,0;855;855,0;855,0;855,0;855;855;855;855;855,0;855;855,0;855,0;NA;NA;NA;NA;NA;NA;NA;NA;NA;NA;NA
2022-05-18;0-60;46;46,0;46;46;46;46;46;46;46;46,0;46;46,0;282;282,0;282,0;282,0;282;282;282;282;282,0;282;282,0;282,0;1,000000000000000;1,000000000000000;1,000000000000000;1,000000000000000;1,000000000000000;1,000000000000000;1,000000000000000;1,000000000000000;1,0000000000000000;1,0000000000000000;1,0000000000000000
2022-05-18;60+;116;116,0;116;116;116;116;116;116;116;116,0;116;116,0;595;595,0;595,0;595,0;595;595;595;595;595,0;595;595,0;595,0;1,000000000000000;1,000000000000000;1,000000000000000;1,000000000000000;1,000000000000000;1,000000000000000;1,000000000000000;1,000000000000000;1,0000000000000000;1,0000000000000000;1,0000000000000000
2022-05-18;alle;162;162,0;162;162;162;162;162;162;162;162,0;162;162,0;877;877,0;877,0;877,0;877;877;877;877;877,0;877;877,0;877,0;NA;NA;NA;NA;NA;NA;NA;NA;NA;NA;NA
2022-05-17;0-60;53;53,0;53;53;53;53;53;53;53;53,0;53;53,0;318;318,0;318,0;318,0;318;318;318;318;318,0;318;318,0;318,0;1,000000000000000;1,000000000000000;1,000000000000000;1,000000000000000;1,000000000000000;1,000000000000000;1,000000000000000;1,000000000000000;1,0000000000000000;1,0000000000000000;1,0000000000000000
2022-05-17;60+;103;103,0;103;103;103;103;103;103;103;103,0;103;103,0;627;627,0;627,0;627,0;627;627;627;627;627,0;627;627,0;627,0;1,000000000000000;1,000000000000000;1,000000000000000;1,000000000000000;1,000000000000000;1,000000000000000;1,000000000000000;1,000000000000000;1,0000000000000000;1,0000000000000000;1,0000000000000000
2022-05-17;alle;156;156,0;156;156;156;156;156;156;156;156,0;156;156,0;945;945,0;945,0;945,0;945;945;945;945;945,0;945;945,0;945,0;NA;NA;NA;NA;NA;NA;NA;NA;NA;NA;NA
2022-05-16;0-60;15;15,0;15;15;15;15;15;15;15;15,0;15;15,0;333;333,0;333,0;333,0;333;333;333;333;333,0;333;333,0;333,0;1,000000000000000;1,000000000000000;1,000000000000000;1,000000000000000;1,000000000000000;1,000000000000000;1,000000000000000;1,000000000000000;1,0000000000000000;1,0000000000000000;1,0000000000000000
2022-05-16;60+;28;28,0;28;28;28;28;28;28;28;28,0;28;28,0;654;654,0;654,0;654,0;654;654;654;654;654,0;654;654,0;654,0;1,000000000000000;1,000000000000000;1,000000000000000;1,000000000000000;1,000000000000000;1,000000000000000;1,000000000000000;1,000000000000000;1,0000000000000000;1,0000000000000000;1,0000000000000000
2022-05-16;alle;43;43,0;43;43;43;43;43;43;43;43,0;43;43,0;987;987,0;987,0;987,0;987;987;987;987;987,0;987;987,0;987,0;NA;NA;NA;NA;NA;NA;NA;NA;NA;NA;NA
2022-05-15;0-60;15;15,0;15;15;15;15;15;15;15;15,0;15;15,0;332;332,0;332,0;332,0;332;332;332;332;332,0;332;332,0;332,0;1,000000000000000;1,000000000000000;1,000000000000000;1,000000000000000;1,000000000000000;1,000000000000000;1,000000000000000;1,000000000000000;1,0000000000000000;1,0000000000000000;1,0000000000000000
2022-05-15;60+;40;40,0;40;40;40;40;40;40;40;40,0;40;40,0;658;658,0;658,0;658,0;658;658;658;658;658,0;658;658,0;658,0;1,000000000000000;1,000000000000000;1,000000000000000;1,000000000000000;1,000000000000000;1,000000000000000;1,000000000000000;1,000000000000000;1,0000000000000000;1,0000000000000000;1,0000000000000000
2022-05-15;alle;55;55,0;55;55;55;55;55;55;55;55,0;55;55,0;990;990,0;990,0;990,0;990;990;990;990;990,0;990;990,0;990,0;NA;NA;NA;NA;NA;NA;NA;NA;NA;NA;NA
2022-05-14;0-60;53;53,0;53;53;53;53;53;53;53;53,0;53;53,0;348;348,0;348,0;348,0;348;348;348;348;348,0;348;348,0;348,0;1,000000000000000;1,000000000000000;1,000000000000000;1,000000000000000;1,000000000000000;1,000000000000000;1,000000000000000;1,000000000000000;1,0000000000000000;1,0000000000000000;1,0000000000000000
2022-05-14;60+;91;91,0;91;91;91;91;91;91;91;91,0;91;91,0;682;682,0;682,0;682,0;682;682;682;682;682,0;682;682,0;682,0;1,000000000000000;1,000000000000000;1,000000000000000;1,000000000000000;1,000000000000000;1,000000000000000;1,000000000000000;1,000000000000000;1,0000000000000000;1,0000000000000000;1,0000000000000000
2022-05-14;alle;144;144,0;144;144;144;144;144;144;144;144,0;144;144,0;1030;1030,0;1030,0;1030,0;1030;1030;1030;1030;1030,0;1030;1030,0;1030,0;NA;NA;NA;NA;NA;NA;NA;NA;NA;NA;NA
2022-05-13;0-60;46;46,0;46;46;46;46;46;46;46;46,0;46;46,0;351;351,0;351,0;351,0;351;351;351;351;351,0;351;351,0;351,0;1,000000000000000;1,000000000000000;1,000000000000000;1,000000000000000;1,000000000000000;1,000000000000000;1,000000000000000;1,000000000000000;1,0000000000000000;1,0000000000000000;1,0000000000000000
2022-05-13;60+;100;100,0;100;100;100;100;100;100;100;100,0;100;100,0;695;695,0;695,0;695,0;695;695;695;695;695,0;695;695,0;695,0;1,000000000000000;1,000000000000000;1,000000000000000;1,000000000000000;1,000000000000000;1,000000000000000;1,000000000000000;1,000000000000000;1,0000000000000000;1,0000000000000000;1,0000000000000000
2022-05-13;alle;146;146,0;146;146;146;146;146;146;146;146,0;146;146,0;1046;1046,0;1046,0;1046,0;1046;1046;1046;1046;1046,0;1046;1046,0;1046,0;NA;NA;NA;NA;NA;NA;NA;NA;NA;NA;NA
2022-05-12;0-60;54;54,0;54;54;54;54;54;54;54;54,0;54;54,0;376;376,0;376,0;376,0;376;376;376;376;376,0;376;376,0;376,0;1,000000000000000;1,000000000000000;1,000000000000000;1,000000000000000;1,000000000000000;1,000000000000000;1,000000000000000;1,000000000000000;1,0000000000000000;1,0000000000000000;1,0000000000000000
2022-05-12;60+;117;117,0;117;117;117;117;117;117;117;117,0;117;117,0;723;723,0;723,0;723,0;723;723;723;723;723,0;723;723,0;723,0;1,000000000000000;1,000000000000000;1,000000000000000;1,000000000000000;1,000000000000000;1,000000000000000;1,000000000000000;1,000000000000000;1,0000000000000000;1,0000000000000000;1,0000000000000000
2022-05-12;alle;171;171,0;171;171;171;171;171;171;171;171,0;171;171,0;1099;1099,0;1099,0;1099,0;1099;1099;1099;1099;1099,0;1099;1099,0;1099,0;NA;NA;NA;NA;NA;NA;NA;NA;NA;NA;NA
2022-05-11;0-60;82;82,0;82;82;82;82;82;82;82;82,0;82;82,0;377;377,0;377,0;377,0;377;377;377;377;377,0;377;377,0;377,0;1,000000000000000;1,000000000000000;1,000000000000000;1,000000000000000;1,000000000000000;1,000000000000000;1,000000000000000;1,000000000000000;1,0000000000000000;1,0000000000000000;1,0000000000000000
2022-05-11;60+;148;148,0;148;148;148;148;148;148;148;148,0;148;148,0;732;732,0;732,0;732,0;732;732;732;732;732,0;732;732,0;732,0;1,000000000000000;1,000000000000000;1,000000000000000;1,000000000000000;1,000000000000000;1,000000000000000;1,000000000000000;1,000000000000000;1,0000000000000000;1,0000000000000000;1,0000000000000000
2022-05-11;alle;230;230,0;230;230;230;230;230;230;230;230,0;230;230,0;1109;1109,0;1109,0;1109,0;1109;1109;1109;1109;1109,0;1109;1109,0;1109,0;NA;NA;NA;NA;NA;NA;NA;NA;NA;NA;NA
2022-05-10;0-60;68;68,0;68;68;68;68;68;68;68;68,0;68;68,0;363;363,0;363,0;363,0;363;363;363;363;363,0;363;363,0;363,0;1,000000000000000;1,000000000000000;1,000000000000000;1,000000000000000;1,000000000000000;1,000000000000000;1,000000000000000;1,000000000000000;1,0000000000000000;1,0000000000000000;1,0000000000000000
2022-05-10;60+;130;130,0;130;130;130;130;130;130;130;130,0;130;130,0;729;729,0;729,0;729,0;729;729;729;729;729,0;729;729,0;729,0;1,000000000000000;1,000000000000000;1,000000000000000;1,000000000000000;1,000000000000000;1,000000000000000;1,000000000000000;1,000000000000000;1,0000000000000000;1,0000000000000000;1,0000000000000000
2022-05-10;alle;198;198,0;198;198;198;198;198;198;198;198,0;198;198,0;1092;1092,0;1092,0;1092,0;1092;1092;1092;1092;1092,0;1092;1092,0;1092,0;NA;NA;NA;NA;NA;NA;NA;NA;NA;NA;NA
2022-05-09;0-60;14;14,0;14;14;14;14;14;14;14;14,0;14;14,0;367;367,0;367,0;367,0;367;367;367;367;367,0;367;367,0;367,0;1,000000000000000;1,000000000000000;1,000000000000000;1,000000000000000;1,000000000000000;1,000000000000000;1,000000000000000;1,000000000000000;1,0000000000000000;1,0000000000000000;1,0000000000000000
2022-05-09;60+;32;32,0;32;32;32;32;32;32;32;32,0;32;32,0;782;782,0;782,0;782,0;782;782;782;782;782,0;782;782,0;782,0;1,000000000000000;1,000000000000000;1,000000000000000;1,000000000000000;1,000000000000000;1,000000000000000;1,000000000000000;1,000000000000000;1,0000000000000000;1,0000000000000000;1,0000000000000000
2022-05-09;alle;46;46,0;46;46;46;46;46;46;46;46,0;46;46,0;1149;1149,0;1149,0;1149,0;1149;1149;1149;1149;1149,0;1149;1149,0;1149,0;NA;NA;NA;NA;NA;NA;NA;NA;NA;NA;NA
2022-05-08;0-60;31;31,0;31;31;31;31;31;31;31;31,0;31;31,0;369;369,0;369,0;369,0;369;369;369;369;369,0;369;369,0;369,0;1,000000000000000;1,000000000000000;1,000000000000000;1,000000000000000;1,000000000000000;1,000000000000000;1,000000000000000;1,000000000000000;1,0000000000000000;1,0000000000000000;1,0000000000000000
2022-05-08;60+;64;64,0;64;64;64;64;64;64;64;64,0;64;64,0;799;799,0;799,0;799,0;799;799;799;799;799,0;799;799,0;799,0;1,000000000000000;1,000000000000000;1,000000000000000;1,000000000000000;1,000000000000000;1,000000000000000;1,000000000000000;1,000000000000000;1,0000000000000000;1,0000000000000000;1,0000000000000000
2022-05-08;alle;95;95,0;95;95;95;95;95;95;95;95,0;95;95,0;1168;1168,0;1168,0;1168,0;1168;1168;1168;1168;1168,0;1168;1168,0;1168,0;NA;NA;NA;NA;NA;NA;NA;NA;NA;NA;NA
2022-05-07;0-60;56;56,0;56;56;56;56;56;56;56;56,0;56;56,0;360;360,0;360,0;360,0;360;360;360;360;360,0;360;360,0;360,0;1,000000000000000;1,000000000000000;1,000000000000000;1,000000000000000;1,000000000000000;1,000000000000000;1,000000000000000;1,000000000000000;1,0000000000000000;1,0000000000000000;1,0000000000000000
2022-05-07;60+;104;104,0;104;104;104;104;104;104;104;104,0;104;104,0;798;798,0;798,0;798,0;798;798;798;798;798,0;798;798,0;798,0;1,000000000000000;1,000000000000000;1,000000000000000;1,000000000000000;1,000000000000000;1,000000000000000;1,000000000000000;1,000000000000000;1,0000000000000000;1,0000000000000000;1,0000000000000000
2022-05-07;alle;160;160,0;160;160;160;160;160;160;160;160,0;160;160,0;1158;1158,0;1158,0;1158,0;1158;1158;1158;1158;1158,0;1158;1158,0;1158,0;NA;NA;NA;NA;NA;NA;NA;NA;NA;NA;NA
2022-05-06;0-60;71;71,0;71;71;71;71;71;71;71;71,0;71;71,0;359;359,0;359,0;359,0;359;359;359;359;359,0;359;359,0;359,0;1,000000000000000;1,000000000000000;1,000000000000000;1,000000000000000;1,000000000000000;1,000000000000000;1,000000000000000;1,000000000000000;1,0000000000000000;1,0000000000000000;1,0000000000000000
2022-05-06;60+;128;128,0;128;128;128;128;128;128;128;128,0;128;128,0;815;815,0;815,0;815,0;815;815;815;815;815,0;815;815,0;815,0;1,000000000000000;1,000000000000000;1,000000000000000;1,000000000000000;1,000000000000000;1,000000000000000;1,000000000000000;1,000000000000000;1,0000000000000000;1,0000000000000000;1,0000000000000000
2022-05-06;alle;199;199,0;199;199;199;199;199;199;199;199,0;199;199,0;1174;1174,0;1174,0;1174,0;1174;1174;1174;1174;1174,0;1174;1174,0;1174,0;NA;NA;NA;NA;NA;NA;NA;NA;NA;NA;NA
2022-05-05;0-60;55;55,0;55;55;55;55;55;55;55;55,0;55;55,0;340;340,0;340,0;340,0;340;340;340;340;340,0;340;340,0;340,0;1,000000000000000;1,000000000000000;1,000000000000000;1,000000000000000;1,000000000000000;1,000000000000000;1,000000000000000;1,000000000000000;1,0000000000000000;1,0000000000000000;1,0000000000000000
2022-05-05;60+;126;126,0;126;126;126;126;126;126;126;126,0;126;126,0;819;819,0;819,0;819,0;819;819;819;819;819,0;819;819,0;819,0;1,000000000000000;1,000000000000000;1,000000000000000;1,000000000000000;1,000000000000000;1,000000000000000;1,000000000000000;1,000000000000000;1,0000000000000000;1,0000000000000000;1,0000000000000000
2022-05-05;alle;181;181,0;181;181;181;181;181;181;181;181,0;181;181,0;1159;1159,0;1159,0;1159,0;1159;1159;1159;1159;1159,0;1159;1159,0;1159,0;NA;NA;NA;NA;NA;NA;NA;NA;NA;NA;NA
2022-05-04;0-60;68;68,0;68;68;68;68;68;68;68;68,0;68;68,0;341;341,0;341,0;341,0;341;341;341;341;341,0;341;341,0;341,0;1,000000000000000;1,000000000000000;1,000000000000000;1,000000000000000;1,000000000000000;1,000000000000000;1,000000000000000;1,000000000000000;1,0000000000000000;1,0000000000000000;1,0000000000000000
2022-05-04;60+;145;145,0;145;145;145;145;145;145;145;145,0;145;145,0;837;837,0;837,0;837,0;837;837;837;837;837,0;837;837,0;837,0;1,000000000000000;1,000000000000000;1,000000000000000;1,000000000000000;1,000000000000000;1,000000000000000;1,000000000000000;1,000000000000000;1,0000000000000000;1,0000000000000000;1,0000000000000000
2022-05-04;alle;213;213,0;213;213;213;213;213;213;213;213,0;213;213,0;1178;1178,0;1178,0;1178,0;1178;1178;1178;1178;1178,0;1178;1178,0;1178,0;NA;NA;NA;NA;NA;NA;NA;NA;NA;NA;NA
2022-05-03;0-60;72;72,0;72;72;72;72;72;72;72;72,0;72;72,0;354;354,0;354,0;354,0;354;354;354;354;354,0;354;354,0;354,0;1,000000000000000;1,000000000000000;1,000000000000000;1,000000000000000;1,000000000000000;1,000000000000000;1,000000000000000;1,000000000000000;1,0000000000000000;1,0000000000000000;1,0000000000000000
2022-05-03;60+;183;183,0;183;183;183;183;183;183;183;183,0;183;183,0;867;867,0;867,0;867,0;867;867;867;867;867,0;867;867,0;867,0;1,000000000000000;1,000000000000000;1,000000000000000;1,000000000000000;1,000000000000000;1,000000000000000;1,000000000000000;1,000000000000000;1,0000000000000000;1,0000000000000000;1,0000000000000000
2022-05-03;alle;255;255,0;255;255;255;255;255;255;255;255,0;255;255,0;1221;1221,0;1221,0;1221,0;1221;1221;1221;1221;1221,0;1221;1221,0;1221,0;NA;NA;NA;NA;NA;NA;NA;NA;NA;NA;NA
2022-05-02;0-60;16;16,0;16;16;16;16;16;16;16;16,0;16;16,0;355;355,0;355,0;355,0;355;355;355;355;355,0;355;355,0;355,0;1,000000000000000;1,000000000000000;1,000000000000000;1,000000000000000;1,000000000000000;1,000000000000000;1,000000000000000;1,000000000000000;1,0000000000000000;1,0000000000000000;1,0000000000000000
2022-05-02;60+;49;49,0;49;49;49;49;49;49;49;49,0;49;49,0;846;846,0;846,0;846,0;846;846;846;846;846,0;846;846,0;846,0;1,000000000000000;1,000000000000000;1,000000000000000;1,000000000000000;1,000000000000000;1,000000000000000;1,000000000000000;1,000000000000000;1,0000000000000000;1,0000000000000000;1,0000000000000000
2022-05-02;alle;65;65,0;65;65;65;65;65;65;65;65,0;65;65,0;1201;1201,0;1201,0;1201,0;1201;1201;1201;1201;1201,0;1201;1201,0;1201,0;NA;NA;NA;NA;NA;NA;NA;NA;NA;NA;NA
2022-05-01;0-60;22;22,0;22;22;22;22;22;22;22;22,0;22;22,0;377;377,0;377,0;377,0;377;377;377;377;377,0;377;377,0;377,0;1,000000000000000;1,000000000000000;1,000000000000000;1,000000000000000;1,000000000000000;1,000000000000000;1,000000000000000;1,000000000000000;1,0000000000000000;1,0000000000000000;1,0000000000000000
2022-05-01;60+;63;63,0;63;63;63;63;63;63;63;63,0;63;63,0;858;858,0;858,0;858,0;858;858;858;858;858,0;858;858,0;858,0;1,000000000000000;1,000000000000000;1,000000000000000;1,000000000000000;1,000000000000000;1,000000000000000;1,000000000000000;1,000000000000000;1,0000000000000000;1,0000000000000000;1,0000000000000000
2022-05-01;alle;85;85,0;85;85;85;85;85;85;85;85,0;85;85,0;1235;1235,0;1235,0;1235,0;1235;1235;1235;1235;1235,0;1235;1235,0;1235,0;NA;NA;NA;NA;NA;NA;NA;NA;NA;NA;NA
2022-04-30;0-60;55;55,0;55;55;55;55;55;55;55;55,0;55;55,0;394;394,0;394,0;394,0;394;394;394;394;394,0;394;394,0;394,0;1,000000000000000;1,000000000000000;1,000000000000000;1,000000000000000;1,000000000000000;1,000000000000000;1,000000000000000;1,000000000000000;1,0000000000000000;1,0000000000000000;1,0000000000000000
2022-04-30;60+;121;121,0;121;121;121;121;121;121;121;121,0;121;121,0;881;881,0;881,0;881,0;881;881;881;881;881,0;881;881,0;881,0;1,000000000000000;1,000000000000000;1,000000000000000;1,000000000000000;1,000000000000000;1,000000000000000;1,000000000000000;1,000000000000000;1,0000000000000000;1,0000000000000000;1,0000000000000000
2022-04-30;alle;176;176,0;176;176;176;176;176;176;176;176,0;176;176,0;1275;1275,0;1275,0;1275,0;1275;1275;1275;1275;1275,0;1275;1275,0;1275,0;NA;NA;NA;NA;NA;NA;NA;NA;NA;NA;NA
2022-04-29;0-60;52;52,0;52;52;52;52;52;52;52;52,0;52;52,0;411;411,0;411,0;411,0;411;411;411;411;411,0;411;411,0;411,0;1,000000000000000;1,000000000000000;1,000000000000000;1,000000000000000;1,000000000000000;1,000000000000000;1,000000000000000;1,000000000000000;1,0000000000000000;1,0000000000000000;1,0000000000000000
2022-04-29;60+;132;132,0;132;132;132;132;132;132;132;132,0;132;132,0;882;882,0;882,0;882,0;882;882;882;882;882,0;882;882,0;882,0;1,000000000000000;1,000000000000000;1,000000000000000;1,000000000000000;1,000000000000000;1,000000000000000;1,000000000000000;1,000000000000000;1,0000000000000000;1,0000000000000000;1,0000000000000000
2022-04-29;alle;184;184,0;184;184;184;184;184;184;184;184,0;184;184,0;1293;1293,0;1293,0;1293,0;1293;1293;1293;1293;1293,0;1293;1293,0;1293,0;NA;NA;NA;NA;NA;NA;NA;NA;NA;NA;NA
2022-04-28;0-60;56;56,0;56;56;56;56;56;56;56;56,0;56;56,0;444;444,0;444,0;444,0;444;444;444;444;444,0;444;444,0;444,0;1,000000000000000;1,000000000000000;1,000000000000000;1,000000000000000;1,000000000000000;1,000000000000000;1,000000000000000;1,000000000000000;1,0000000000000000;1,0000000000000000;1,0000000000000000
2022-04-28;60+;144;144,0;144;144;144;144;144;144;144;144,0;144;144,0;921;921,0;921,0;921,0;921;921;921;921;921,0;921;921,0;921,0;1,000000000000000;1,000000000000000;1,000000000000000;1,000000000000000;1,000000000000000;1,000000000000000;1,000000000000000;1,000000000000000;1,0000000000000000;1,0000000000000000;1,0000000000000000
2022-04-28;alle;200;200,0;200;200;200;200;200;200;200;200,0;200;200,0;1365;1365,0;1365,0;1365,0;1365;1365;1365;1365;1365,0;1365;1365,0;1365,0;NA;NA;NA;NA;NA;NA;NA;NA;NA;NA;NA
2022-04-27;0-60;81;81,0;81;81;81;81;81;81;81;81,0;81;81,0;478;478,0;478,0;478,0;478;478;478;478;478,0;478;478,0;478,0;1,000000000000000;1,000000000000000;1,000000000000000;1,000000000000000;1,000000000000000;1,000000000000000;1,000000000000000;1,000000000000000;1,0000000000000000;1,0000000000000000;1,0000000000000000
2022-04-27;60+;175;175,0;175;175;175;175;175;175;175;175,0;175;175,0;962;962,0;962,0;962,0;962;962;962;962;962,0;962;962,0;962,0;1,000000000000000;1,000000000000000;1,000000000000000;1,000000000000000;1,000000000000000;1,000000000000000;1,000000000000000;1,000000000000000;1,0000000000000000;1,0000000000000000;1,0000000000000000
2022-04-27;alle;256;256,0;256;256;256;256;256;256;256;256,0;256;256,0;1440;1440,0;1440,0;1440,0;1440;1440;1440;1440;1440,0;1440;1440,0;1440,0;NA;NA;NA;NA;NA;NA;NA;NA;NA;NA;NA
2022-04-26;0-60;73;73,0;73;73;73;73;73;73;73;73,0;73;73,0;506;506,0;506,0;506,0;506;506;506;506;506,0;506;506,0;506,0;1,000000000000000;1,000000000000000;1,000000000000000;1,000000000000000;1,000000000000000;1,000000000000000;1,000000000000000;1,000000000000000;1,0000000000000000;1,0000000000000000;1,0000000000000000
2022-04-26;60+;162;162,0;162;162;162;162;162;162;162;162,0;162;162,0;981;981,0;981,0;981,0;981;981;981;981;981,0;981;981,0;981,0;1,000000000000000;1,000000000000000;1,000000000000000;1,000000000000000;1,000000000000000;1,000000000000000;1,000000000000000;1,000000000000000;1,0000000000000000;1,0000000000000000;1,0000000000000000
2022-04-26;alle;235;235,0;235;235;235;235;235;235;235;235,0;235;235,0;1487;1487,0;1487,0;1487,0;1487;1487;1487;1487;1487,0;1487;1487,0;1487,0;NA;NA;NA;NA;NA;NA;NA;NA;NA;NA;NA
2022-04-25;0-60;38;38,0;38;38;38;38;38;38;38;38,0;38;38,0;465;465,0;465,0;465,0;465;465;465;465;465,0;465;465,0;465,0;1,000000000000000;1,000000000000000;1,000000000000000;1,000000000000000;1,000000000000000;1,000000000000000;1,000000000000000;1,000000000000000;1,0000000000000000;1,0000000000000000;1,0000000000000000
2022-04-25;60+;61;61,0;61;61;61;61;61;61;61;61,0;61;61,0;900;900,0;900,0;900,0;900;900;900;900;900,0;900;900,0;900,0;1,000000000000000;1,000000000000000;1,000000000000000;1,000000000000000;1,000000000000000;1,000000000000000;1,000000000000000;1,000000000000000;1,0000000000000000;1,0000000000000000;1,0000000000000000
2022-04-25;alle;99;99,0;99;99;99;99;99;99;99;99,0;99;99,0;1365;1365,0;1365,0;1365,0;1365;1365;1365;1365;1365,0;1365;1365,0;1365,0;NA;NA;NA;NA;NA;NA;NA;NA;NA;NA;NA
2022-04-24;0-60;39;39,0;39;39;39;39;39;39;39;39,0;39;39,0;453;453,0;453,0;453,0;453;453;453;453;453,0;453;453,0;453,0;1,000000000000000;1,000000000000000;1,000000000000000;1,000000000000000;1,000000000000000;1,000000000000000;1,000000000000000;1,000000000000000;1,0000000000000000;1,0000000000000000;1,0000000000000000
2022-04-24;60+;86;86,0;86;86;86;86;86;86;86;86,0;86;86,0;915;915,0;915,0;915,0;915;915;915;915;915,0;915;915,0;915,0;1,000000000000000;1,000000000000000;1,000000000000000;1,000000000000000;1,000000000000000;1,000000000000000;1,000000000000000;1,000000000000000;1,0000000000000000;1,0000000000000000;1,0000000000000000
2022-04-24;alle;125;125,0;125;125;125;125;125;125;125;125,0;125;125,0;1368;1368,0;1368,0;1368,0;1368;1368;1368;1368;1368,0;1368;1368,0;1368,0;NA;NA;NA;NA;NA;NA;NA;NA;NA;NA;NA
2022-04-23;0-60;72;72,0;72;72;72;72;72;72;72;72,0;72;72,0;442;442,0;442,0;442,0;442;442;442;442;442,0;442;442,0;442,0;1,000000000000000;1,000000000000000;1,000000000000000;1,000000000000000;1,000000000000000;1,000000000000000;1,000000000000000;1,000000000000000;1,0000000000000000;1,0000000000000000;1,0000000000000000
2022-04-23;60+;122;122,0;122;122;122;122;122;122;122;122,0;122;122,0;908;908,0;908,0;908,0;908;908;908;908;908,0;908;908,0;908,0;1,000000000000000;1,000000000000000;1,000000000000000;1,000000000000000;1,000000000000000;1,000000000000000;1,000000000000000;1,000000000000000;1,0000000000000000;1,0000000000000000;1,0000000000000000
2022-04-23;alle;194;194,0;194;194;194;194;194;194;194;194,0;194;194,0;1350;1350,0;1350,0;1350,0;1350;1350;1350;1350;1350,0;1350;1350,0;1350,0;NA;NA;NA;NA;NA;NA;NA;NA;NA;NA;NA
2022-04-22;0-60;85;85,0;85;85;85;85;85;85;85;85,0;85;85,0;410;410,0;410,0;410,0;410;410;410;410;410,0;410;410,0;410,0;1,000000000000000;1,000000000000000;1,000000000000000;1,000000000000000;1,000000000000000;1,000000000000000;1,000000000000000;1,000000000000000;1,0000000000000000;1,0000000000000000;1,0000000000000000
2022-04-22;60+;171;171,0;171;171;171;171;171;171;171;171,0;171;171,0;866;866,0;866,0;866,0;866;866;866;866;866,0;866;866,0;866,0;1,000000000000000;1,000000000000000;1,000000000000000;1,000000000000000;1,000000000000000;1,000000000000000;1,000000000000000;1,000000000000000;1,0000000000000000;1,0000000000000000;1,0000000000000000
2022-04-22;alle;256;256,0;256;256;256;256;256;256;256;256,0;256;256,0;1276;1276,0;1276,0;1276,0;1276;1276;1276;1276;1276,0;1276;1276,0;1276,0;NA;NA;NA;NA;NA;NA;NA;NA;NA;NA;NA
2022-04-21;0-60;90;90,0;90;90;90;90;90;90;90;90,0;90;90,0;416;416,0;416,0;416,0;416;416;416;416;416,0;416;416,0;416,0;1,000000000000000;1,000000000000000;1,000000000000000;1,000000000000000;1,000000000000000;1,000000000000000;1,000000000000000;1,000000000000000;1,0000000000000000;1,0000000000000000;1,0000000000000000
2022-04-21;60+;185;185,0;185;185;185;185;185;185;185;185,0;185;185,0;872;872,0;872,0;872,0;872;872;872;872;872,0;872;872,0;872,0;1,000000000000000;1,000000000000000;1,000000000000000;1,000000000000000;1,000000000000000;1,000000000000000;1,000000000000000;1,000000000000000;1,0000000000000000;1,0000000000000000;1,0000000000000000
2022-04-21;alle;275;275,0;275;275;275;275;275;275;275;275,0;275;275,0;1288;1288,0;1288,0;1288,0;1288;1288;1288;1288;1288,0;1288;1288,0;1288,0;NA;NA;NA;NA;NA;NA;NA;NA;NA;NA;NA
2022-04-20;0-60;109;109,0;109;109;109;109;109;109;109;109,0;109;109,0;389;389,0;389,0;389,0;389;389;389;389;389,0;389;389,0;389,0;1,000000000000000;1,000000000000000;1,000000000000000;1,000000000000000;1,000000000000000;1,000000000000000;1,000000000000000;1,000000000000000;1,0000000000000000;1,0000000000000000;1,0000000000000000
2022-04-20;60+;194;194,0;194;194;194;194;194;194;194;194,0;194;194,0;858;858,0;858,0;858,0;858;858;858;858;858,0;858;858,0;858,0;1,000000000000000;1,000000000000000;1,000000000000000;1,000000000000000;1,000000000000000;1,000000000000000;1,000000000000000;1,000000000000000;1,0000000000000000;1,0000000000000000;1,0000000000000000
2022-04-20;alle;303;303,0;303;303;303;303;303;303;303;303,0;303;303,0;1247;1247,0;1247,0;1247,0;1247;1247;1247;1247;1247,0;1247;1247,0;1247,0;NA;NA;NA;NA;NA;NA;NA;NA;NA;NA;NA
2022-04-19;0-60;32;32,0;32;32;32;32;32;32;32;32,0;32;32,0;380;380,0;380,0;380,0;380;380;380;380;380,0;380;380,0;380,0;1,000000000000000;1,000000000000000;1,000000000000000;1,000000000000000;1,000000000000000;1,000000000000000;1,000000000000000;1,000000000000000;1,0000000000000000;1,0000000000000000;1,0000000000000000
2022-04-19;60+;81;81,0;81;81;81;81;81;81;81;81,0;81;81,0;889;889,0;889,0;889,0;889;889;889;889;889,0;889;889,0;889,0;1,000000000000000;1,000000000000000;1,000000000000000;1,000000000000000;1,000000000000000;1,000000000000000;1,000000000000000;1,000000000000000;1,0000000000000000;1,0000000000000000;1,0000000000000000
2022-04-19;alle;113;113,0;113;113;113;113;113;113;113;113,0;113;113,0;1269;1269,0;1269,0;1269,0;1269;1269;1269;1269;1269,0;1269;1269,0;1269,0;NA;NA;NA;NA;NA;NA;NA;NA;NA;NA;NA
2022-04-18;0-60;26;26,0;26;26;26;26;26;26;26;26,0;26;26,0;424;424,0;424,0;424,0;424;424;424;424;424,0;424;424,0;424,0;1,000000000000000;1,000000000000000;1,000000000000000;1,000000000000000;1,000000000000000;1,000000000000000;1,000000000000000;1,000000000000000;1,0000000000000000;1,0000000000000000;1,0000000000000000
2022-04-18;60+;76;76,0;76;76;76;76;76;76;76;76,0;76;76,0;993;993,0;993,0;993,0;993;993;993;993;993,0;993;993,0;993,0;1,000000000000000;1,000000000000000;1,000000000000000;1,000000000000000;1,000000000000000;1,000000000000000;1,000000000000000;1,000000000000000;1,0000000000000000;1,0000000000000000;1,0000000000000000
2022-04-18;alle;102;102,0;102;102;102;102;102;102;102;102,0;102;102,0;1417;1417,0;1417,0;1417,0;1417;1417;1417;1417;1417,0;1417;1417,0;1417,0;NA;NA;NA;NA;NA;NA;NA;NA;NA;NA;NA
2022-04-17;0-60;28;28,0;28;28;28;28;28;28;28;28,0;28;28,0;444;444,0;444,0;444,0;444;444;444;444;444,0;444;444,0;444,0;1,000000000000000;1,000000000000000;1,000000000000000;1,000000000000000;1,000000000000000;1,000000000000000;1,000000000000000;1,000000000000000;1,0000000000000000;1,0000000000000000;1,0000000000000000
2022-04-17;60+;79;79,0;79;79;79;79;79;79;79;79,0;79;79,0;995;995,0;995,0;995,0;995;995;995;995;995,0;995;995,0;995,0;1,000000000000000;1,000000000000000;1,000000000000000;1,000000000000000;1,000000000000000;1,000000000000000;1,000000000000000;1,000000000000000;1,0000000000000000;1,0000000000000000;1,0000000000000000
2022-04-17;alle;107;107,0;107;107;107;107;107;107;107;107,0;107;107,0;1439;1439,0;1439,0;1439,0;1439;1439;1439;1439;1439,0;1439;1439,0;1439,0;NA;NA;NA;NA;NA;NA;NA;NA;NA;NA;NA
2022-04-16;0-60;40;40,0;40;40;40;40;40;40;40;40,0;40;40,0;455;455,0;455,0;455,0;455;455;455;455;455,0;455;455,0;455,0;1,000000000000000;1,000000000000000;1,000000000000000;1,000000000000000;1,000000000000000;1,000000000000000;1,000000000000000;1,000000000000000;1,0000000000000000;1,0000000000000000;1,0000000000000000
2022-04-16;60+;80;80,0;80;80;80;80;80;80;80;80,0;80;80,0;1022;1022,0;1022,0;1022,0;1022;1022;1022;1022;1022,0;1022;1022,0;1022,0;1,000000000000000;1,000000000000000;1,000000000000000;1,000000000000000;1,000000000000000;1,000000000000000;1,000000000000000;1,000000000000000;1,0000000000000000;1,0000000000000000;1,0000000000000000
2022-04-16;alle;120;120,0;120;120;120;120;120;120;120;120,0;120;120,0;1477;1477,0;1477,0;1477,0;1477;1477;1477;1477;1477,0;1477;1477,0;1477,0;NA;NA;NA;NA;NA;NA;NA;NA;NA;NA;NA
2022-04-15;0-60;91;91,0;91;91;91;91;91;91;91;91,0;91;91,0;499;499,0;499,0;499,0;499;499;499;499;499,0;499;499,0;499,0;1,000000000000000;1,000000000000000;1,000000000000000;1,000000000000000;1,000000000000000;1,000000000000000;1,000000000000000;1,000000000000000;1,0000000000000000;1,0000000000000000;1,0000000000000000
2022-04-15;60+;177;177,0;177;177;177;177;177;177;177;177,0;177;177,0;1131;1131,0;1131,0;1131,0;1131;1131;1131;1131;1131,0;1131;1131,0;1131,0;1,000000000000000;1,000000000000000;1,000000000000000;1,000000000000000;1,000000000000000;1,000000000000000;1,000000000000000;1,000000000000000;1,0000000000000000;1,0000000000000000;1,0000000000000000
2022-04-15;alle;268;268,0;268;268;268;268;268;268;268;268,0;268;268,0;1630;1630,0;1630,0;1630,0;1630;1630;1630;1630;1630,0;1630;1630,0;1630,0;NA;NA;NA;NA;NA;NA;NA;NA;NA;NA;NA
2022-04-14;0-60;63;63,0;63;63;63;63;63;63;63;63,0;63;63,0;480;480,0;480,0;480,0;480;480;480;480;480,0;480;480,0;480,0;1,000000000000000;1,000000000000000;1,000000000000000;1,000000000000000;1,000000000000000;1,000000000000000;1,000000000000000;1,000000000000000;1,0000000000000000;1,0000000000000000;1,0000000000000000
2022-04-14;60+;171;171,0;171;171;171;171;171;171;171;171,0;171;171,0;1147;1147,0;1147,0;1147,0;1147;1147;1147;1147;1147,0;1147;1147,0;1147,0;1,000000000000000;1,000000000000000;1,000000000000000;1,000000000000000;1,000000000000000;1,000000000000000;1,000000000000000;1,000000000000000;1,0000000000000000;1,0000000000000000;1,0000000000000000
2022-04-14;alle;234;234,0;234;234;234;234;234;234;234;234,0;234;234,0;1627;1627,0;1627,0;1627,0;1627;1627;1627;1627;1627,0;1627;1627,0;1627,0;NA;NA;NA;NA;NA;NA;NA;NA;NA;NA;NA
2022-04-13;0-60;100;100,0;100;100;100;100;100;100;100;100,0;100;100,0;505;505,0;505,0;505,0;505;505;505;505;505,0;505;505,0;505,0;1,000000000000000;1,000000000000000;1,000000000000000;1,000000000000000;1,000000000000000;1,000000000000000;1,000000000000000;1,000000000000000;1,0000000000000000;1,0000000000000000;1,0000000000000000
2022-04-13;60+;225;225,0;225;225;225;225;225;225;225;225,0;225;225,0;1176;1176,0;1176,0;1176,0;1176;1176;1176;1176;1176,0;1176;1176,0;1176,0;1,000000000000000;1,000000000000000;1,000000000000000;1,000000000000000;1,000000000000000;1,000000000000000;1,000000000000000;1,000000000000000;1,0000000000000000;1,0000000000000000;1,0000000000000000
2022-04-13;alle;325;325,0;325;325;325;325;325;325;325;325,0;325;325,0;1681;1681,0;1681,0;1681,0;1681;1681;1681;1681;1681,0;1681;1681,0;1681,0;NA;NA;NA;NA;NA;NA;NA;NA;NA;NA;NA
2022-04-12;0-60;76;76,0;76;76;76;76;76;76;76;76,0;76;76,0;504;504,0;504,0;504,0;504;504;504;504;504,0;504;504,0;504,0;1,000000000000000;1,000000000000000;1,000000000000000;1,000000000000000;1,000000000000000;1,000000000000000;1,000000000000000;1,000000000000000;1,0000000000000000;1,0000000000000000;1,0000000000000000
2022-04-12;60+;185;185,0;185;185;185;185;185;185;185;185,0;185;185,0;1158;1158,0;1158,0;1158,0;1158;1158;1158;1158;1158,0;1158;1158,0;1158,0;1,000000000000000;1,000000000000000;1,000000000000000;1,000000000000000;1,000000000000000;1,000000000000000;1,000000000000000;1,000000000000000;1,0000000000000000;1,0000000000000000;1,0000000000000000
2022-04-12;alle;261;261,0;261;261;261;261;261;261;261;261,0;261;261,0;1662;1662,0;1662,0;1662,0;1662;1662;1662;1662;1662,0;1662;1662,0;1662,0;NA;NA;NA;NA;NA;NA;NA;NA;NA;NA;NA
2022-04-11;0-60;46;46,0;46;46;46;46;46;46;46;46,0;46;46,0;509;509,0;509,0;509,0;509;509;509;509;509,0;509;509,0;509,0;1,000000000000000;1,000000000000000;1,000000000000000;1,000000000000000;1,000000000000000;1,000000000000000;1,000000000000000;1,000000000000000;1,0000000000000000;1,0000000000000000;1,0000000000000000
2022-04-11;60+;78;78,0;78;78;78;78;78;78;78;78,0;78;78,0;1189;1189,0;1189,0;1189,0;1189;1189;1189;1189;1189,0;1189;1189,0;1189,0;1,000000000000000;1,000000000000000;1,000000000000000;1,000000000000000;1,000000000000000;1,000000000000000;1,000000000000000;1,000000000000000;1,0000000000000000;1,0000000000000000;1,0000000000000000
2022-04-11;alle;124;124,0;124;124;124;124;124;124;124;124,0;124;124,0;1698;1698,0;1698,0;1698,0;1698;1698;1698;1698;1698,0;1698;1698,0;1698,0;NA;NA;NA;NA;NA;NA;NA;NA;NA;NA;NA
2022-04-10;0-60;39;39,0;39;39;39;39;39;39;39;39,0;39;39,0;497;497,0;497,0;497,0;497;497;497;497;497,0;497;497,0;497,0;1,000000000000000;1,000000000000000;1,000000000000000;1,000000000000000;1,000000000000000;1,000000000000000;1,000000000000000;1,000000000000000;1,0000000000000000;1,0000000000000000;1,0000000000000000
2022-04-10;60+;106;106,0;106;106;106;106;106;106;106;106,0;106;106,0;1203;1203,0;1203,0;1203,0;1203;1203;1203;1203;1203,0;1203;1203,0;1203,0;1,000000000000000;1,000000000000000;1,000000000000000;1,000000000000000;1,000000000000000;1,000000000000000;1,000000000000000;1,000000000000000;1,0000000000000000;1,0000000000000000;1,0000000000000000
2022-04-10;alle;145;145,0;145;145;145;145;145;145;145;145,0;145;145,0;1700;1700,0;1700,0;1700,0;1700;1700;1700;1700;1700,0;1700;1700,0;1700,0;NA;NA;NA;NA;NA;NA;NA;NA;NA;NA;NA
2022-04-09;0-60;84;84,0;84;84;84;84;84;84;84;84,0;84;84,0;515;515,0;515,0;515,0;515;515;515;515;515,0;515;515,0;515,0;1,000000000000000;1,000000000000000;1,000000000000000;1,000000000000000;1,000000000000000;1,000000000000000;1,000000000000000;1,000000000000000;1,0000000000000000;1,0000000000000000;1,0000000000000000
2022-04-09;60+;189;189,0;189;189;189;189;189;189;189;189,0;189;189,0;1218;1218,0;1218,0;1218,0;1218;1218;1218;1218;1218,0;1218;1218,0;1218,0;1,000000000000000;1,000000000000000;1,000000000000000;1,000000000000000;1,000000000000000;1,000000000000000;1,000000000000000;1,000000000000000;1,0000000000000000;1,0000000000000000;1,0000000000000000
2022-04-09;alle;273;273,0;273;273;273;273;273;273;273;273,0;273;273,0;1733;1733,0;1733,0;1733,0;1733;1733;1733;1733;1733,0;1733;1733,0;1733,0;NA;NA;NA;NA;NA;NA;NA;NA;NA;NA;NA
2022-04-08;0-60;72;72,0;72;72;72;72;72;72;72;72,0;72;72,0;511;511,0;511,0;511,0;511;511;511;511;511,0;511;511,0;511,0;1,000000000000000;1,000000000000000;1,000000000000000;1,000000000000000;1,000000000000000;1,000000000000000;1,000000000000000;1,000000000000000;1,0000000000000000;1,0000000000000000;1,0000000000000000
2022-04-08;60+;193;193,0;193;193;193;193;193;193;193;193,0;193;193,0;1211;1211,0;1211,0;1211,0;1211;1211;1211;1211;1211,0;1211;1211,0;1211,0;1,000000000000000;1,000000000000000;1,000000000000000;1,000000000000000;1,000000000000000;1,000000000000000;1,000000000000000;1,000000000000000;1,0000000000000000;1,0000000000000000;1,0000000000000000
2022-04-08;alle;265;265,0;265;265;265;265;265;265;265;265,0;265;265,0;1722;1722,0;1722,0;1722,0;1722;1722;1722;1722;1722,0;1722;1722,0;1722,0;NA;NA;NA;NA;NA;NA;NA;NA;NA;NA;NA
2022-04-07;0-60;88;88,0;88;88;88;88;88;88;88;88,0;88;88,0;567;567,0;567,0;567,0;567;567;567;567;567,0;567;567,0;567,0;1,000000000000000;1,000000000000000;1,000000000000000;1,000000000000000;1,000000000000000;1,000000000000000;1,000000000000000;1,000000000000000;1,0000000000000000;1,0000000000000000;1,0000000000000000
2022-04-07;60+;200;200,0;200;200;200;200;200;200;200;200,0;200;200,0;1222;1222,0;1222,0;1222,0;1222;1222;1222;1222;1222,0;1222;1222,0;1222,0;1,000000000000000;1,000000000000000;1,000000000000000;1,000000000000000;1,000000000000000;1,000000000000000;1,000000000000000;1,000000000000000;1,0000000000000000;1,0000000000000000;1,0000000000000000
2022-04-07;alle;288;288,0;288;288;288;288;288;288;288;288,0;288;288,0;1789;1789,0;1789,0;1789,0;1789;1789;1789;1789;1789,0;1789;1789,0;1789,0;NA;NA;NA;NA;NA;NA;NA;NA;NA;NA;NA
2022-04-06;0-60;99;99,0;99;99;99;99;99;99;99;99,0;99;99,0;605;605,0;605,0;605,0;605;605;605;605;605,0;605;605,0;605,0;1,000000000000000;1,000000000000000;1,000000000000000;1,000000000000000;1,000000000000000;1,000000000000000;1,000000000000000;1,000000000000000;1,0000000000000000;1,0000000000000000;1,0000000000000000
2022-04-06;60+;207;207,0;207;207;207;207;207;207;207;207,0;207;207,0;1286;1286,0;1286,0;1286,0;1286;1286;1286;1286;1286,0;1286;1286,0;1286,0;1,000000000000000;1,000000000000000;1,000000000000000;1,000000000000000;1,000000000000000;1,000000000000000;1,000000000000000;1,000000000000000;1,0000000000000000;1,0000000000000000;1,0000000000000000
2022-04-06;alle;306;306,0;306;306;306;306;306;306;306;306,0;306;306,0;1891;1891,0;1891,0;1891,0;1891;1891;1891;1891;1891,0;1891;1891,0;1891,0;NA;NA;NA;NA;NA;NA;NA;NA;NA;NA;NA
2022-04-05;0-60;81;81,0;81;81;81;81;81;81;81;81,0;81;81,0;630;630,0;630,0;630,0;630;630;630;630;630,0;630;630,0;630,0;1,000000000000000;1,000000000000000;1,000000000000000;1,000000000000000;1,000000000000000;1,000000000000000;1,000000000000000;1,000000000000000;1,0000000000000000;1,0000000000000000;1,0000000000000000
2022-04-05;60+;216;216,0;216;216;216;216;216;216;216;216,0;216;216,0;1368;1368,0;1368,0;1368,0;1368;1368;1368;1368;1368,0;1368;1368,0;1368,0;1,000000000000000;1,000000000000000;1,000000000000000;1,000000000000000;1,000000000000000;1,000000000000000;1,000000000000000;1,000000000000000;1,0000000000000000;1,0000000000000000;1,0000000000000000
2022-04-05;alle;297;297,0;297;297;297;297;297;297;297;297,0;297;297,0;1998;1998,0;1998,0;1998,0;1998;1998;1998;1998;1998,0;1998;1998,0;1998,0;NA;NA;NA;NA;NA;NA;NA;NA;NA;NA;NA
2022-04-04;0-60;34;34,0;34;34;34;34;34;34;34;34,0;34;34,0;679;679,0;679,0;679,0;679;679;679;679;679,0;679;679,0;679,0;1,000000000000000;1,000000000000000;1,000000000000000;1,000000000000000;1,000000000000000;1,000000000000000;1,000000000000000;1,000000000000000;1,0000000000000000;1,0000000000000000;1,0000000000000000
2022-04-04;60+;92;92,0;92;92;92;92;92;92;92;92,0;92;92,0;1377;1377,0;1377,0;1377,0;1377;1377;1377;1377;1377,0;1377;1377,0;1377,0;1,000000000000000;1,000000000000000;1,000000000000000;1,000000000000000;1,000000000000000;1,000000000000000;1,000000000000000;1,000000000000000;1,0000000000000000;1,0000000000000000;1,0000000000000000
2022-04-04;alle;126;126,0;126;126;126;126;126;126;126;126,0;126;126,0;2056;2056,0;2056,0;2056,0;2056;2056;2056;2056;2056,0;2056;2056,0;2056,0;NA;NA;NA;NA;NA;NA;NA;NA;NA;NA;NA
2022-04-03;0-60;57;57,0;57;57;57;57;57;57;57;57,0;57;57,0;707;707,0;707,0;707,0;707;707;707;707;707,0;707;707,0;707,0;1,000000000000000;1,000000000000000;1,000000000000000;1,000000000000000;1,000000000000000;1,000000000000000;1,000000000000000;1,000000000000000;1,0000000000000000;1,0000000000000000;1,0000000000000000
2022-04-03;60+;121;121,0;121;121;121;121;121;121;121;121,0;121;121,0;1412;1412,0;1412,0;1412,0;1412;1412;1412;1412;1412,0;1412;1412,0;1412,0;1,000000000000000;1,000000000000000;1,000000000000000;1,000000000000000;1,000000000000000;1,000000000000000;1,000000000000000;1,000000000000000;1,0000000000000000;1,0000000000000000;1,0000000000000000
2022-04-03;alle;178;178,0;178;178;178;178;178;178;178;178,0;178;178,0;2119;2119,0;2119,0;2119,0;2119;2119;2119;2119;2119,0;2119;2119,0;2119,0;NA;NA;NA;NA;NA;NA;NA;NA;NA;NA;NA
2022-04-02;0-60;80;80,0;80;80;80;80;80;80;80;80,0;80;80,0;699;699,0;699,0;699,0;699;699;699;699;699,0;699;699,0;699,0;1,000000000000000;1,000000000000000;1,000000000000000;1,000000000000000;1,000000000000000;1,000000000000000;1,000000000000000;1,000000000000000;1,0000000000000000;1,0000000000000000;1,0000000000000000
2022-04-02;60+;182;182,0;182;182;182;182;182;182;182;182,0;182;182,0;1446;1446,0;1446,0;1446,0;1446;1446;1446;1446;1446,0;1446;1446,0;1446,0;1,000000000000000;1,000000000000000;1,000000000000000;1,000000000000000;1,000000000000000;1,000000000000000;1,000000000000000;1,000000000000000;1,0000000000000000;1,0000000000000000;1,0000000000000000
2022-04-02;alle;262;262,0;262;262;262;262;262;262;262;262,0;262;262,0;2145;2145,0;2145,0;2145,0;2145;2145;2145;2145;2145,0;2145;2145,0;2145,0;NA;NA;NA;NA;NA;NA;NA;NA;NA;NA;NA
2022-04-01;0-60;128;128,0;128;128;128;128;128;128;128;128,0;128;128,0;720;720,0;720,0;720,0;720;720;720;720;720,0;720;720,0;720,0;1,000000000000000;1,000000000000000;1,000000000000000;1,000000000000000;1,000000000000000;1,000000000000000;1,000000000000000;1,000000000000000;1,0000000000000000;1,0000000000000000;1,0000000000000000
2022-04-01;60+;204;204,0;204;204;204;204;204;204;204;204,0;204;204,0;1485;1485,0;1485,0;1485,0;1485;1485;1485;1485;1485,0;1485;1485,0;1485,0;1,000000000000000;1,000000000000000;1,000000000000000;1,000000000000000;1,000000000000000;1,000000000000000;1,000000000000000;1,000000000000000;1,0000000000000000;1,0000000000000000;1,0000000000000000
2022-04-01;alle;332;332,0;332;332;332;332;332;332;332;332,0;332;332,0;2205;2205,0;2205,0;2205,0;2205;2205;2205;2205;2205,0;2205;2205,0;2205,0;NA;NA;NA;NA;NA;NA;NA;NA;NA;NA;NA
2022-03-31;0-60;126;126,0;126;126;126;126;126;126;126;126,0;126;126,0;713;713,0;713,0;713,0;713;713;713;713;713,0;713;713,0;713,0;1,000000000000000;1,000000000000000;1,000000000000000;1,000000000000000;1,000000000000000;1,000000000000000;1,000000000000000;1,000000000000000;1,0000000000000000;1,0000000000000000;1,0000000000000000
2022-03-31;60+;264;264,0;264;264;264;264;264;264;264;264,0;264;264,0;1539;1539,0;1539,0;1539,0;1539;1539;1539;1539;1539,0;1539;1539,0;1539,0;1,000000000000000;1,000000000000000;1,000000000000000;1,000000000000000;1,000000000000000;1,000000000000000;1,000000000000000;1,000000000000000;1,0000000000000000;1,0000000000000000;1,0000000000000000
2022-03-31;alle;390;390,0;390;390;390;390;390;390;390;390,0;390;390,0;2252;2252,0;2252,0;2252,0;2252;2252;2252;2252;2252,0;2252;2252,0;2252,0;NA;NA;NA;NA;NA;NA;NA;NA;NA;NA;NA
2022-03-30;0-60;124;124,0;124;124;124;124;124;124;124;124,0;124;124,0;697;697,0;697,0;697,0;697;697;697;697;697,0;697;697,0;697,0;1,000000000000000;1,000000000000000;1,000000000000000;1,000000000000000;1,000000000000000;1,000000000000000;1,000000000000000;1,000000000000000;1,0000000000000000;1,0000000000000000;1,0000000000000000
2022-03-30;60+;289;289,0;289;289;289;289;289;289;289;289,0;289;289,0;1558;1558,0;1558,0;1558,0;1558;1558;1558;1558;1558,0;1558;1558,0;1558,0;1,000000000000000;1,000000000000000;1,000000000000000;1,000000000000000;1,000000000000000;1,000000000000000;1,000000000000000;1,000000000000000;1,0000000000000000;1,0000000000000000;1,0000000000000000
2022-03-30;alle;413;413,0;413;413;413;413;413;413;413;413,0;413;413,0;2255;2255,0;2255,0;2255,0;2255;2255;2255;2255;2255,0;2255;2255,0;2255,0;NA;NA;NA;NA;NA;NA;NA;NA;NA;NA;NA
2022-03-29;0-60;130;130,0;130;130;130;130;130;130;130;130,0;130;130,0;713;713,0;713,0;713,0;713;713;713;713;713,0;713;713,0;713,0;1,000000000000000;1,000000000000000;1,000000000000000;1,000000000000000;1,000000000000000;1,000000000000000;1,000000000000000;1,000000000000000;1,0000000000000000;1,0000000000000000;1,0000000000000000
2022-03-29;60+;225;225,0;225;225;225;225;225;225;225;225,0;225;225,0;1572;1572,0;1572,0;1572,0;1572;1572;1572;1572;1572,0;1572;1572,0;1572,0;1,000000000000000;1,000000000000000;1,000000000000000;1,000000000000000;1,000000000000000;1,000000000000000;1,000000000000000;1,000000000000000;1,0000000000000000;1,0000000000000000;1,0000000000000000
2022-03-29;alle;355;355,0;355;355;355;355;355;355;355;355,0;355;355,0;2285;2285,0;2285,0;2285,0;2285;2285;2285;2285;2285,0;2285;2285,0;2285,0;NA;NA;NA;NA;NA;NA;NA;NA;NA;NA;NA
2022-03-28;0-60;62;62,0;62;62;62;62;62;62;62;62,0;62;62,0;698;698,0;698,0;698,0;698;698;698;698;698,0;698;698,0;698,0;1,000000000000000;1,000000000000000;1,000000000000000;1,000000000000000;1,000000000000000;1,000000000000000;1,000000000000000;1,000000000000000;1,0000000000000000;1,0000000000000000;1,0000000000000000
2022-03-28;60+;127;127,0;127;127;127;127;127;127;127;127,0;127;127,0;1609;1609,0;1609,0;1609,0;1609;1609;1609;1609;1609,0;1609;1609,0;1609,0;1,000000000000000;1,000000000000000;1,000000000000000;1,000000000000000;1,000000000000000;1,000000000000000;1,000000000000000;1,000000000000000;1,0000000000000000;1,0000000000000000;1,0000000000000000
2022-03-28;alle;189;189,0;189;189;189;189;189;189;189;189,0;189;189,0;2307;2307,0;2307,0;2307,0;2307;2307;2307;2307;2307,0;2307;2307,0;2307,0;NA;NA;NA;NA;NA;NA;NA;NA;NA;NA;NA
2022-03-27;0-60;49;49,0;49;49;49;49;49;49;49;49,0;49;49,0;686;686,0;686,0;686,0;686;686;686;686;686,0;686;686,0;686,0;1,000000000000000;1,000000000000000;1,000000000000000;1,000000000000000;1,000000000000000;1,000000000000000;1,000000000000000;1,000000000000000;1,0000000000000000;1,0000000000000000;1,0000000000000000
2022-03-27;60+;155;155,0;155;155;155;155;155;155;155;155,0;155;155,0;1597;1597,0;1597,0;1597,0;1597;1597;1597;1597;1597,0;1597;1597,0;1597,0;1,000000000000000;1,000000000000000;1,000000000000000;1,000000000000000;1,000000000000000;1,000000000000000;1,000000000000000;1,000000000000000;1,0000000000000000;1,0000000000000000;1,0000000000000000
2022-03-27;alle;204;204,0;204;204;204;204;204;204;204;204,0;204;204,0;2283;2283,0;2283,0;2283,0;2283;2283;2283;2283;2283,0;2283;2283,0;2283,0;NA;NA;NA;NA;NA;NA;NA;NA;NA;NA;NA
2022-03-26;0-60;101;101,0;101;101;101;101;101;101;101;101,0;101;101,0;708;708,0;708,0;708,0;708;708;708;708;708,0;708;708,0;708,0;1,000000000000000;1,000000000000000;1,000000000000000;1,000000000000000;1,000000000000000;1,000000000000000;1,000000000000000;1,000000000000000;1,0000000000000000;1,0000000000000000;1,0000000000000000
2022-03-26;60+;221;221,0;221;221;221;221;221;221;221;221,0;221;221,0;1616;1616,0;1616,0;1616,0;1616;1616;1616;1616;1616,0;1616;1616,0;1616,0;1,000000000000000;1,000000000000000;1,000000000000000;1,000000000000000;1,000000000000000;1,000000000000000;1,000000000000000;1,000000000000000;1,0000000000000000;1,0000000000000000;1,0000000000000000
2022-03-26;alle;322;322,0;322;322;322;322;322;322;322;322,0;322;322,0;2324;2324,0;2324,0;2324,0;2324;2324;2324;2324;2324,0;2324;2324,0;2324,0;NA;NA;NA;NA;NA;NA;NA;NA;NA;NA;NA
2022-03-25;0-60;121;121,0;121;121;121;121;121;121;121;121,0;121;121,0;715;715,0;715,0;715,0;715;715;715;715;715,0;715;715,0;715,0;1,000000000000000;1,000000000000000;1,000000000000000;1,000000000000000;1,000000000000000;1,000000000000000;1,000000000000000;1,000000000000000;1,0000000000000000;1,0000000000000000;1,0000000000000000
2022-03-25;60+;258;258,0;258;258;258;258;258;258;258;258,0;258;258,0;1634;1634,0;1634,0;1634,0;1634;1634;1634;1634;1634,0;1634;1634,0;1634,0;1,000000000000000;1,000000000000000;1,000000000000000;1,000000000000000;1,000000000000000;1,000000000000000;1,000000000000000;1,000000000000000;1,0000000000000000;1,0000000000000000;1,0000000000000000
2022-03-25;alle;379;379,0;379;379;379;379;379;379;379;379,0;379;379,0;2349;2349,0;2349,0;2349,0;2349;2349;2349;2349;2349,0;2349;2349,0;2349,0;NA;NA;NA;NA;NA;NA;NA;NA;NA;NA;NA
2022-03-24;0-60;110;110,0;110;110;110;110;110;110;110;110,0;110;110,0;711;711,0;711,0;711,0;711;711;711;711;711,0;711;711,0;711,0;1,000000000000000;1,000000000000000;1,000000000000000;1,000000000000000;1,000000000000000;1,000000000000000;1,000000000000000;1,000000000000000;1,0000000000000000;1,0000000000000000;1,0000000000000000
2022-03-24;60+;283;283,0;283;283;283;283;283;283;283;283,0;283;283,0;1630;1630,0;1630,0;1630,0;1630;1630;1630;1630;1630,0;1630;1630,0;1630,0;1,000000000000000;1,000000000000000;1,000000000000000;1,000000000000000;1,000000000000000;1,000000000000000;1,000000000000000;1,000000000000000;1,0000000000000000;1,0000000000000000;1,0000000000000000
2022-03-24;alle;393;393,0;393;393;393;393;393;393;393;393,0;393;393,0;2341;2341,0;2341,0;2341,0;2341;2341;2341;2341;2341,0;2341;2341,0;2341,0;NA;NA;NA;NA;NA;NA;NA;NA;NA;NA;NA
2022-03-23;0-60;140;140,0;140;140;140;140;140;140;140;140,0;140;140,0;717;717,0;717,0;717,0;717;717;717;717;717,0;717;717,0;717,0;1,000000000000000;1,000000000000000;1,000000000000000;1,000000000000000;1,000000000000000;1,000000000000000;1,000000000000000;1,000000000000000;1,0000000000000000;1,0000000000000000;1,0000000000000000
2022-03-23;60+;303;303,0;303;303;303;303;303;303;303;303,0;303;303,0;1655;1655,0;1655,0;1655,0;1655;1655;1655;1655;1655,0;1655;1655,0;1655,0;1,000000000000000;1,000000000000000;1,000000000000000;1,000000000000000;1,000000000000000;1,000000000000000;1,000000000000000;1,000000000000000;1,0000000000000000;1,0000000000000000;1,0000000000000000
2022-03-23;alle;443;443,0;443;443;443;443;443;443;443;443,0;443;443,0;2372;2372,0;2372,0;2372,0;2372;2372;2372;2372;2372,0;2372;2372,0;2372,0;NA;NA;NA;NA;NA;NA;NA;NA;NA;NA;NA
2022-03-22;0-60;115;115,0;115;115;115;115;115;115;115;115,0;115;115,0;693;693,0;693,0;693,0;693;693;693;693;693,0;693;693,0;693,0;1,000000000000000;1,000000000000000;1,000000000000000;1,000000000000000;1,000000000000000;1,000000000000000;1,000000000000000;1,000000000000000;1,0000000000000000;1,0000000000000000;1,0000000000000000
2022-03-22;60+;262;262,0;262;262;262;262;262;262;262;262,0;262;262,0;1635;1635,0;1635,0;1635,0;1635;1635;1635;1635;1635,0;1635;1635,0;1635,0;1,000000000000000;1,000000000000000;1,000000000000000;1,000000000000000;1,000000000000000;1,000000000000000;1,000000000000000;1,000000000000000;1,0000000000000000;1,0000000000000000;1,0000000000000000
2022-03-22;alle;377;377,0;377;377;377;377;377;377;377;377,0;377;377,0;2328;2328,0;2328,0;2328,0;2328;2328;2328;2328;2328,0;2328;2328,0;2328,0;NA;NA;NA;NA;NA;NA;NA;NA;NA;NA;NA
2022-03-21;0-60;50;50,0;50;50;50;50;50;50;50;50,0;50;50,0;715;715,0;715,0;715,0;715;715;715;715;715,0;715;715,0;715,0;1,000000000000000;1,000000000000000;1,000000000000000;1,000000000000000;1,000000000000000;1,000000000000000;1,000000000000000;1,000000000000000;1,0000000000000000;1,0000000000000000;1,0000000000000000
2022-03-21;60+;115;115,0;115;115;115;115;115;115;115;115,0;115;115,0;1634;1634,0;1634,0;1634,0;1634;1634;1634;1634;1634,0;1634;1634,0;1634,0;1,000000000000000;1,000000000000000;1,000000000000000;1,000000000000000;1,000000000000000;1,000000000000000;1,000000000000000;1,000000000000000;1,0000000000000000;1,0000000000000000;1,0000000000000000
2022-03-21;alle;165;165,0;165;165;165;165;165;165;165;165,0;165;165,0;2349;2349,0;2349,0;2349,0;2349;2349;2349;2349;2349,0;2349;2349,0;2349,0;NA;NA;NA;NA;NA;NA;NA;NA;NA;NA;NA
2022-03-20;0-60;71;71,0;71;71;71;71;71;71;71;71,0;71;71,0;715;715,0;715,0;715,0;715;715;715;715;715,0;715;715,0;715,0;1,000000000000000;1,000000000000000;1,000000000000000;1,000000000000000;1,000000000000000;1,000000000000000;1,000000000000000;1,000000000000000;1,0000000000000000;1,0000000000000000;1,0000000000000000
2022-03-20;60+;174;174,0;174;174;174;174;174;174;174;174,0;174;174,0;1665;1665,0;1665,0;1665,0;1665;1665;1665;1665;1665,0;1665;1665,0;1665,0;1,000000000000000;1,000000000000000;1,000000000000000;1,000000000000000;1,000000000000000;1,000000000000000;1,000000000000000;1,000000000000000;1,0000000000000000;1,0000000000000000;1,0000000000000000
2022-03-20;alle;245;245,0;245;245;245;245;245;245;245;245,0;245;245,0;2380;2380,0;2380,0;2380,0;2380;2380;2380;2380;2380,0;2380;2380,0;2380,0;NA;NA;NA;NA;NA;NA;NA;NA;NA;NA;NA
2022-03-19;0-60;108;108,0;108;108;108;108;108;108;108;108,0;108;108,0;718;718,0;718,0;718,0;718;718;718;718;718,0;718;718,0;718,0;1,000000000000000;1,000000000000000;1,000000000000000;1,000000000000000;1,000000000000000;1,000000000000000;1,000000000000000;1,000000000000000;1,0000000000000000;1,0000000000000000;1,0000000000000000
2022-03-19;60+;239;239,0;239;239;239;239;239;239;239;239,0;239;239,0;1651;1651,0;1651,0;1651,0;1651;1651;1651;1651;1651,0;1651;1651,0;1651,0;1,000000000000000;1,000000000000000;1,000000000000000;1,000000000000000;1,000000000000000;1,000000000000000;1,000000000000000;1,000000000000000;1,0000000000000000;1,0000000000000000;1,0000000000000000
2022-03-19;alle;347;347,0;347;347;347;347;347;347;347;347,0;347;347,0;2369;2369,0;2369,0;2369,0;2369;2369;2369;2369;2369,0;2369;2369,0;2369,0;NA;NA;NA;NA;NA;NA;NA;NA;NA;NA;NA
2022-03-18;0-60;117;117,0;117;117;117;117;117;117;117;117,0;117;117,0;724;724,0;724,0;724,0;724;724;724;724;724,0;724;724,0;724,0;1,000000000000000;1,000000000000000;1,000000000000000;1,000000000000000;1,000000000000000;1,000000000000000;1,000000000000000;1,000000000000000;1,0000000000000000;1,0000000000000000;1,0000000000000000
2022-03-18;60+;254;254,0;254;254;254;254;254;254;254;254,0;254;254,0;1649;1649,0;1649,0;1649,0;1649;1649;1649;1649;1649,0;1649;1649,0;1649,0;1,000000000000000;1,000000000000000;1,000000000000000;1,000000000000000;1,000000000000000;1,000000000000000;1,000000000000000;1,000000000000000;1,0000000000000000;1,0000000000000000;1,0000000000000000
2022-03-18;alle;371;371,0;371;371;371;371;371;371;371;371,0;371;371,0;2373;2373,0;2373,0;2373,0;2373;2373;2373;2373;2373,0;2373;2373,0;2373,0;NA;NA;NA;NA;NA;NA;NA;NA;NA;NA;NA
2022-03-17;0-60;116;116,0;116;116;116;116;116;116;116;116,0;116;116,0;722;722,0;722,0;722,0;722;722;722;722;722,0;722;722,0;722,0;1,000000000000000;1,000000000000000;1,000000000000000;1,000000000000000;1,000000000000000;1,000000000000000;1,000000000000000;1,000000000000000;1,0000000000000000;1,0000000000000000;1,0000000000000000
2022-03-17;60+;308;308,0;308;308;308;308;308;308;308;308,0;308;308,0;1655;1655,0;1655,0;1655,0;1655;1655;1655;1655;1655,0;1655;1655,0;1655,0;1,000000000000000;1,000000000000000;1,000000000000000;1,000000000000000;1,000000000000000;1,000000000000000;1,000000000000000;1,000000000000000;1,0000000000000000;1,0000000000000000;1,0000000000000000
2022-03-17;alle;424;424,0;424;424;424;424;424;424;424;424,0;424;424,0;2377;2377,0;2377,0;2377,0;2377;2377;2377;2377;2377,0;2377;2377,0;2377,0;NA;NA;NA;NA;NA;NA;NA;NA;NA;NA;NA
2022-03-16;0-60;116;116,0;116;116;116;116;116;116;116;116,0;116;116,0;714;714,0;714,0;714,0;714;714;714;714;714,0;714;714,0;714,0;1,000000000000000;1,000000000000000;1,000000000000000;1,000000000000000;1,000000000000000;1,000000000000000;1,000000000000000;1,000000000000000;1,0000000000000000;1,0000000000000000;1,0000000000000000
2022-03-16;60+;283;283,0;283;283;283;283;283;283;283;283,0;283;283,0;1625;1625,0;1625,0;1625,0;1625;1625;1625;1625;1625,0;1625;1625,0;1625,0;1,000000000000000;1,000000000000000;1,000000000000000;1,000000000000000;1,000000000000000;1,000000000000000;1,000000000000000;1,000000000000000;1,0000000000000000;1,0000000000000000;1,0000000000000000
2022-03-16;alle;399;399,0;399;399;399;399;399;399;399;399,0;399;399,0;2339;2339,0;2339,0;2339,0;2339;2339;2339;2339;2339,0;2339;2339,0;2339,0;NA;NA;NA;NA;NA;NA;NA;NA;NA;NA;NA
2022-03-15;0-60;137;137,0;137;137;137;137;137;137;137;137,0;137;137,0;748;748,0;748,0;748,0;748;748;748;748;748,0;748;748,0;748,0;1,000000000000000;1,000000000000000;1,000000000000000;1,000000000000000;1,000000000000000;1,000000000000000;1,000000000000000;1,000000000000000;1,0000000000000000;1,0000000000000000;1,0000000000000000
2022-03-15;60+;261;261,0;261;261;261;261;261;261;261;261,0;261;261,0;1612;1612,0;1612,0;1612,0;1612;1612;1612;1612;1612,0;1612;1612,0;1612,0;1,000000000000000;1,000000000000000;1,000000000000000;1,000000000000000;1,000000000000000;1,000000000000000;1,000000000000000;1,000000000000000;1,0000000000000000;1,0000000000000000;1,0000000000000000
2022-03-15;alle;398;398,0;398;398;398;398;398;398;398;398,0;398;398,0;2360;2360,0;2360,0;2360,0;2360;2360;2360;2360;2360,0;2360;2360,0;2360,0;NA;NA;NA;NA;NA;NA;NA;NA;NA;NA;NA
2022-03-14;0-60;50;50,0;50;50;50;50;50;50;50;50,0;50;50,0;735;735,0;735,0;735,0;735;735;735;735;735,0;735;735,0;735,0;1,000000000000000;1,000000000000000;1,000000000000000;1,000000000000000;1,000000000000000;1,000000000000000;1,000000000000000;1,000000000000000;1,0000000000000000;1,0000000000000000;1,0000000000000000
2022-03-14;60+;146;146,0;146;146;146;146;146;146;146;146,0;146;146,0;1554;1554,0;1554,0;1554,0;1554;1554;1554;1554;1554,0;1554;1554,0;1554,0;1,000000000000000;1,000000000000000;1,000000000000000;1,000000000000000;1,000000000000000;1,000000000000000;1,000000000000000;1,000000000000000;1,0000000000000000;1,0000000000000000;1,0000000000000000
2022-03-14;alle;196;196,0;196;196;196;196;196;196;196;196,0;196;196,0;2289;2289,0;2289,0;2289,0;2289;2289;2289;2289;2289,0;2289;2289,0;2289,0;NA;NA;NA;NA;NA;NA;NA;NA;NA;NA;NA
2022-03-13;0-60;74;74,0;74;74;74;74;74;74;74;74,0;74;74,0;741;741,0;741,0;741,0;741;741;741;741;741,0;741;741,0;741,0;1,000000000000000;1,000000000000000;1,000000000000000;1,000000000000000;1,000000000000000;1,000000000000000;1,000000000000000;1,000000000000000;1,0000000000000000;1,0000000000000000;1,0000000000000000
2022-03-13;60+;160;160,0;160;160;160;160;160;160;160;160,0;160;160,0;1498;1498,0;1498,0;1498,0;1498;1498;1498;1498;1498,0;1498;1498,0;1498,0;1,000000000000000;1,000000000000000;1,000000000000000;1,000000000000000;1,000000000000000;1,000000000000000;1,000000000000000;1,000000000000000;1,0000000000000000;1,0000000000000000;1,0000000000000000
2022-03-13;alle;234;234,0;234;234;234;234;234;234;234;234,0;234;234,0;2239;2239,0;2239,0;2239,0;2239;2239;2239;2239;2239,0;2239;2239,0;2239,0;NA;NA;NA;NA;NA;NA;NA;NA;NA;NA;NA
2022-03-12;0-60;114;114,0;114;114;114;114;114;114;114;114,0;114;114,0;734;734,0;734,0;734,0;734;734;734;734;734,0;734;734,0;734,0;1,000000000000000;1,000000000000000;1,000000000000000;1,000000000000000;1,000000000000000;1,000000000000000;1,000000000000000;1,000000000000000;1,0000000000000000;1,0000000000000000;1,0000000000000000
2022-03-12;60+;237;237,0;237;237;237;237;237;237;237;237,0;237;237,0;1466;1466,0;1466,0;1466,0;1466;1466;1466;1466;1466,0;1466;1466,0;1466,0;1,000000000000000;1,000000000000000;1,000000000000000;1,000000000000000;1,000000000000000;1,000000000000000;1,000000000000000;1,000000000000000;1,0000000000000000;1,0000000000000000;1,0000000000000000
2022-03-12;alle;351;351,0;351;351;351;351;351;351;351;351,0;351;351,0;2200;2200,0;2200,0;2200,0;2200;2200;2200;2200;2200,0;2200;2200,0;2200,0;NA;NA;NA;NA;NA;NA;NA;NA;NA;NA;NA
2022-03-11;0-60;115;115,0;115;115;115;115;115;115;115;115,0;115;115,0;718;718,0;718,0;718,0;718;718;718;718;718,0;718;718,0;718,0;1,000000000000000;1,000000000000000;1,000000000000000;1,000000000000000;1,000000000000000;1,000000000000000;1,000000000000000;1,000000000000000;1,0000000000000000;1,0000000000000000;1,0000000000000000
2022-03-11;60+;260;260,0;260;260;260;260;260;260;260;260,0;260;260,0;1418;1418,0;1418,0;1418,0;1418;1418;1418;1418;1418,0;1418;1418,0;1418,0;1,000000000000000;1,000000000000000;1,000000000000000;1,000000000000000;1,000000000000000;1,000000000000000;1,000000000000000;1,000000000000000;1,0000000000000000;1,0000000000000000;1,0000000000000000
2022-03-11;alle;375;375,0;375;375;375;375;375;375;375;375,0;375;375,0;2136;2136,0;2136,0;2136,0;2136;2136;2136;2136;2136,0;2136;2136,0;2136,0;NA;NA;NA;NA;NA;NA;NA;NA;NA;NA;NA
2022-03-10;0-60;108;108,0;108;108;108;108;108;108;108;108,0;108;108,0;709;709,0;709,0;709,0;709;709;709;709;709,0;709;709,0;709,0;1,000000000000000;1,000000000000000;1,000000000000000;1,000000000000000;1,000000000000000;1,000000000000000;1,000000000000000;1,000000000000000;1,0000000000000000;1,0000000000000000;1,0000000000000000
2022-03-10;60+;278;278,0;278;278;278;278;278;278;278;278,0;278;278,0;1342;1342,0;1342,0;1342,0;1342;1342;1342;1342;1342,0;1342;1342,0;1342,0;1,000000000000000;1,000000000000000;1,000000000000000;1,000000000000000;1,000000000000000;1,000000000000000;1,000000000000000;1,000000000000000;1,0000000000000000;1,0000000000000000;1,0000000000000000
2022-03-10;alle;386;386,0;386;386;386;386;386;386;386;386,0;386;386,0;2051;2051,0;2051,0;2051,0;2051;2051;2051;2051;2051,0;2051;2051,0;2051,0;NA;NA;NA;NA;NA;NA;NA;NA;NA;NA;NA
2022-03-09;0-60;150;150,0;150;150;150;150;150;150;150;150,0;150;150,0;730;730,0;730,0;730,0;730;730;730;730;730,0;730;730,0;730,0;1,000000000000000;1,000000000000000;1,000000000000000;1,000000000000000;1,000000000000000;1,000000000000000;1,000000000000000;1,000000000000000;1,0000000000000000;1,0000000000000000;1,0000000000000000
2022-03-09;60+;270;270,0;270;270;270;270;270;270;270;270,0;270;270,0;1312;1312,0;1312,0;1312,0;1312;1312;1312;1312;1312,0;1312;1312,0;1312,0;1,000000000000000;1,000000000000000;1,000000000000000;1,000000000000000;1,000000000000000;1,000000000000000;1,000000000000000;1,000000000000000;1,0000000000000000;1,0000000000000000;1,0000000000000000
2022-03-09;alle;420;420,0;420;420;420;420;420;420;420;420,0;420;420,0;2042;2042,0;2042,0;2042,0;2042;2042;2042;2042;2042,0;2042;2042,0;2042,0;NA;NA;NA;NA;NA;NA;NA;NA;NA;NA;NA
2022-03-08;0-60;124;124,0;124;124;124;124;124;124;124;124,0;124;124,0;677;677,0;677,0;677,0;677;677;677;677;677,0;677;677,0;677,0;1,000000000000000;1,000000000000000;1,000000000000000;1,000000000000000;1,000000000000000;1,000000000000000;1,000000000000000;1,000000000000000;1,0000000000000000;1,0000000000000000;1,0000000000000000
2022-03-08;60+;203;203,0;203;203;203;203;203;203;203;203,0;203;203,0;1271;1271,0;1271,0;1271,0;1271;1271;1271;1271;1271,0;1271;1271,0;1271,0;1,000000000000000;1,000000000000000;1,000000000000000;1,000000000000000;1,000000000000000;1,000000000000000;1,000000000000000;1,000000000000000;1,0000000000000000;1,0000000000000000;1,0000000000000000
2022-03-08;alle;327;327,0;327;327;327;327;327;327;327;327,0;327;327,0;1948;1948,0;1948,0;1948,0;1948;1948;1948;1948;1948,0;1948;1948,0;1948,0;NA;NA;NA;NA;NA;NA;NA;NA;NA;NA;NA
2022-03-07;0-60;56;56,0;56;56;56;56;56;56;56;56,0;56;56,0;664;664,0;664,0;664,0;664;664;664;664;664,0;664;664,0;664,0;1,000000000000000;1,000000000000000;1,000000000000000;1,000000000000000;1,000000000000000;1,000000000000000;1,000000000000000;1,000000000000000;1,0000000000000000;1,0000000000000000;1,0000000000000000
2022-03-07;60+;90;90,0;90;90;90;90;90;90;90;90,0;90;90,0;1273;1273,0;1273,0;1273,0;1273;1273;1273;1273;1273,0;1273;1273,0;1273,0;1,000000000000000;1,000000000000000;1,000000000000000;1,000000000000000;1,000000000000000;1,000000000000000;1,000000000000000;1,000000000000000;1,0000000000000000;1,0000000000000000;1,0000000000000000
2022-03-07;alle;146;146,0;146;146;146;146;146;146;146;146,0;146;146,0;1937;1937,0;1937,0;1937,0;1937;1937;1937;1937;1937,0;1937;1937,0;1937,0;NA;NA;NA;NA;NA;NA;NA;NA;NA;NA;NA
2022-03-06;0-60;67;67,0;67;67;67;67;67;67;67;67,0;67;67,0;659;659,0;659,0;659,0;659;659;659;659;659,0;659;659,0;659,0;1,000000000000000;1,000000000000000;1,000000000000000;1,000000000000000;1,000000000000000;1,000000000000000;1,000000000000000;1,000000000000000;1,0000000000000000;1,0000000000000000;1,0000000000000000
2022-03-06;60+;128;128,0;128;128;128;128;128;128;128;128,0;128;128,0;1276;1276,0;1276,0;1276,0;1276;1276;1276;1276;1276,0;1276;1276,0;1276,0;1,000000000000000;1,000000000000000;1,000000000000000;1,000000000000000;1,000000000000000;1,000000000000000;1,000000000000000;1,000000000000000;1,0000000000000000;1,0000000000000000;1,0000000000000000
2022-03-06;alle;195;195,0;195;195;195;195;195;195;195;195,0;195;195,0;1935;1935,0;1935,0;1935,0;1935;1935;1935;1935;1935,0;1935;1935,0;1935,0;NA;NA;NA;NA;NA;NA;NA;NA;NA;NA;NA
2022-03-05;0-60;98;98,0;98;98;98;98;98;98;98;98,0;98;98,0;670;670,0;670,0;670,0;670;670;670;670;670,0;670;670,0;670,0;1,000000000000000;1,000000000000000;1,000000000000000;1,000000000000000;1,000000000000000;1,000000000000000;1,000000000000000;1,000000000000000;1,0000000000000000;1,0000000000000000;1,0000000000000000
2022-03-05;60+;189;189,0;189;189;189;189;189;189;189;189,0;189;189,0;1282;1282,0;1282,0;1282,0;1282;1282;1282;1282;1282,0;1282;1282,0;1282,0;1,000000000000000;1,000000000000000;1,000000000000000;1,000000000000000;1,000000000000000;1,000000000000000;1,000000000000000;1,000000000000000;1,0000000000000000;1,0000000000000000;1,0000000000000000
2022-03-05;alle;287;287,0;287;287;287;287;287;287;287;287,0;287;287,0;1952;1952,0;1952,0;1952,0;1952;1952;1952;1952;1952,0;1952;1952,0;1952,0;NA;NA;NA;NA;NA;NA;NA;NA;NA;NA;NA
2022-03-04;0-60;106;106,0;106;106;106;106;106;106;106;106,0;106;106,0;666;666,0;666,0;666,0;666;666;666;666;666,0;666;666,0;666,0;1,000000000000000;1,000000000000000;1,000000000000000;1,000000000000000;1,000000000000000;1,000000000000000;1,000000000000000;1,000000000000000;1,0000000000000000;1,0000000000000000;1,0000000000000000
2022-03-04;60+;184;184,0;184;184;184;184;184;184;184;184,0;184;184,0;1273;1273,0;1273,0;1273,0;1273;1273;1273;1273;1273,0;1273;1273,0;1273,0;1,000000000000000;1,000000000000000;1,000000000000000;1,000000000000000;1,000000000000000;1,000000000000000;1,000000000000000;1,000000000000000;1,0000000000000000;1,0000000000000000;1,0000000000000000
2022-03-04;alle;290;290,0;290;290;290;290;290;290;290;290,0;290;290,0;1939;1939,0;1939,0;1939,0;1939;1939;1939;1939;1939,0;1939;1939,0;1939,0;NA;NA;NA;NA;NA;NA;NA;NA;NA;NA;NA
2022-03-03;0-60;129;129,0;129;129;129;129;129;129;129;129,0;129;129,0;680;680,0;680,0;680,0;680;680;680;680;680,0;680;680,0;680,0;1,000000000000000;1,000000000000000;1,000000000000000;1,000000000000000;1,000000000000000;1,000000000000000;1,000000000000000;1,000000000000000;1,0000000000000000;1,0000000000000000;1,0000000000000000
2022-03-03;60+;248;248,0;248;248;248;248;248;248;248;248,0;248;248,0;1248;1248,0;1248,0;1248,0;1248;1248;1248;1248;1248,0;1248;1248,0;1248,0;1,000000000000000;1,000000000000000;1,000000000000000;1,000000000000000;1,000000000000000;1,000000000000000;1,000000000000000;1,000000000000000;1,0000000000000000;1,0000000000000000;1,0000000000000000
2022-03-03;alle;377;377,0;377;377;377;377;377;377;377;377,0;377;377,0;1928;1928,0;1928,0;1928,0;1928;1928;1928;1928;1928,0;1928;1928,0;1928,0;NA;NA;NA;NA;NA;NA;NA;NA;NA;NA;NA
2022-03-02;0-60;97;97,0;97;97;97;97;97;97;97;97,0;97;97,0;688;688,0;688,0;688,0;688;688;688;688;688,0;688;688,0;688,0;1,000000000000000;1,000000000000000;1,000000000000000;1,000000000000000;1,000000000000000;1,000000000000000;1,000000000000000;1,000000000000000;1,0000000000000000;1,0000000000000000;1,0000000000000000
2022-03-02;60+;229;229,0;229;229;229;229;229;229;229;229,0;229;229,0;1227;1227,0;1227,0;1227,0;1227;1227;1227;1227;1227,0;1227;1227,0;1227,0;1,000000000000000;1,000000000000000;1,000000000000000;1,000000000000000;1,000000000000000;1,000000000000000;1,000000000000000;1,000000000000000;1,0000000000000000;1,0000000000000000;1,0000000000000000
2022-03-02;alle;326;326,0;326;326;326;326;326;326;326;326,0;326;326,0;1915;1915,0;1915,0;1915,0;1915;1915;1915;1915;1915,0;1915;1915,0;1915,0;NA;NA;NA;NA;NA;NA;NA;NA;NA;NA;NA
2022-03-01;0-60;111;111,0;111;111;111;111;111;111;111;111,0;111;111,0;728;728,0;728,0;728,0;728;728;728;728;728,0;728;728,0;728,0;1,000000000000000;1,000000000000000;1,000000000000000;1,000000000000000;1,000000000000000;1,000000000000000;1,000000000000000;1,000000000000000;1,0000000000000000;1,0000000000000000;1,0000000000000000
2022-03-01;60+;205;205,0;205;205;205;205;205;205;205;205,0;205;205,0;1248;1248,0;1248,0;1248,0;1248;1248;1248;1248;1248,0;1248;1248,0;1248,0;1,000000000000000;1,000000000000000;1,000000000000000;1,000000000000000;1,000000000000000;1,000000000000000;1,000000000000000;1,000000000000000;1,0000000000000000;1,0000000000000000;1,0000000000000000
2022-03-01;alle;316;316,0;316;316;316;316;316;316;316;316,0;316;316,0;1976;1976,0;1976,0;1976,0;1976;1976;1976;1976;1976,0;1976;1976,0;1976,0;NA;NA;NA;NA;NA;NA;NA;NA;NA;NA;NA
2022-02-28;0-60;51;51,0;51;51;51;51;51;51;51;51,0;51;51,0;734;734,0;734,0;734,0;734;734;734;734;734,0;734;734,0;734,0;1,000000000000000;1,000000000000000;1,000000000000000;1,000000000000000;1,000000000000000;1,000000000000000;1,000000000000000;1,000000000000000;1,0000000000000000;1,0000000000000000;1,0000000000000000
2022-02-28;60+;93;93,0;93;93;93;93;93;93;93;93,0;93;93,0;1258;1258,0;1258,0;1258,0;1258;1258;1258;1258;1258,0;1258;1258,0;1258,0;1,000000000000000;1,000000000000000;1,000000000000000;1,000000000000000;1,000000000000000;1,000000000000000;1,000000000000000;1,000000000000000;1,0000000000000000;1,0000000000000000;1,0000000000000000
2022-02-28;alle;144;144,0;144;144;144;144;144;144;144;144,0;144;144,0;1992;1992,0;1992,0;1992,0;1992;1992;1992;1992;1992,0;1992;1992,0;1992,0;NA;NA;NA;NA;NA;NA;NA;NA;NA;NA;NA
2022-02-27;0-60;78;78,0;78;78;78;78;78;78;78;78,0;78;78,0;756;756,0;756,0;756,0;756;756;756;756;756,0;756;756,0;756,0;1,000000000000000;1,000000000000000;1,000000000000000;1,000000000000000;1,000000000000000;1,000000000000000;1,000000000000000;1,000000000000000;1,0000000000000000;1,0000000000000000;1,0000000000000000
2022-02-27;60+;134;134,0;134;134;134;134;134;134;134;134,0;134;134,0;1263;1263,0;1263,0;1263,0;1263;1263;1263;1263;1263,0;1263;1263,0;1263,0;1,000000000000000;1,000000000000000;1,000000000000000;1,000000000000000;1,000000000000000;1,000000000000000;1,000000000000000;1,000000000000000;1,0000000000000000;1,0000000000000000;1,0000000000000000
2022-02-27;alle;212;212,0;212;212;212;212;212;212;212;212,0;212;212,0;2019;2019,0;2019,0;2019,0;2019;2019;2019;2019;2019,0;2019;2019,0;2019,0;NA;NA;NA;NA;NA;NA;NA;NA;NA;NA;NA
2022-02-26;0-60;94;94,0;94;94;94;94;94;94;94;94,0;94;94,0;764;764,0;764,0;764,0;764;764;764;764;764,0;764;764,0;764,0;1,000000000000000;1,000000000000000;1,000000000000000;1,000000000000000;1,000000000000000;1,000000000000000;1,000000000000000;1,000000000000000;1,0000000000000000;1,0000000000000000;1,0000000000000000
2022-02-26;60+;180;180,0;180;180;180;180;180;180;180;180,0;180;180,0;1268;1268,0;1268,0;1268,0;1268;1268;1268;1268;1268,0;1268;1268,0;1268,0;1,000000000000000;1,000000000000000;1,000000000000000;1,000000000000000;1,000000000000000;1,000000000000000;1,000000000000000;1,000000000000000;1,0000000000000000;1,0000000000000000;1,0000000000000000
2022-02-26;alle;274;274,0;274;274;274;274;274;274;274;274,0;274;274,0;2032;2032,0;2032,0;2032,0;2032;2032;2032;2032;2032,0;2032;2032,0;2032,0;NA;NA;NA;NA;NA;NA;NA;NA;NA;NA;NA
2022-02-25;0-60;120;120,0;120;120;120;120;120;120;120;120,0;120;120,0;779;779,0;779,0;779,0;779;779;779;779;779,0;779;779,0;779,0;1,000000000000000;1,000000000000000;1,000000000000000;1,000000000000000;1,000000000000000;1,000000000000000;1,000000000000000;1,000000000000000;1,0000000000000000;1,0000000000000000;1,0000000000000000
2022-02-25;60+;159;159,0;159;159;159;159;159;159;159;159,0;159;159,0;1233;1233,0;1233,0;1233,0;1233;1233;1233;1233;1233,0;1233;1233,0;1233,0;1,000000000000000;1,000000000000000;1,000000000000000;1,000000000000000;1,000000000000000;1,000000000000000;1,000000000000000;1,000000000000000;1,0000000000000000;1,0000000000000000;1,0000000000000000
2022-02-25;alle;279;279,0;279;279;279;279;279;279;279;279,0;279;279,0;2012;2012,0;2012,0;2012,0;2012;2012;2012;2012;2012,0;2012;2012,0;2012,0;NA;NA;NA;NA;NA;NA;NA;NA;NA;NA;NA
2022-02-24;0-60;137;137,0;137;137;137;137;137;137;137;137,0;137;137,0;796;796,0;796,0;796,0;796;796;796;796;796,0;796;796,0;796,0;1,000000000000000;1,000000000000000;1,000000000000000;1,000000000000000;1,000000000000000;1,000000000000000;1,000000000000000;1,000000000000000;1,0000000000000000;1,0000000000000000;1,0000000000000000
2022-02-24;60+;227;227,0;227;227;227;227;227;227;227;227,0;227;227,0;1283;1283,0;1283,0;1283,0;1283;1283;1283;1283;1283,0;1283;1283,0;1283,0;1,000000000000000;1,000000000000000;1,000000000000000;1,000000000000000;1,000000000000000;1,000000000000000;1,000000000000000;1,000000000000000;1,0000000000000000;1,0000000000000000;1,0000000000000000
2022-02-24;alle;364;364,0;364;364;364;364;364;364;364;364,0;364;364,0;2079;2079,0;2079,0;2079,0;2079;2079;2079;2079;2079,0;2079;2079,0;2079,0;NA;NA;NA;NA;NA;NA;NA;NA;NA;NA;NA
2022-02-23;0-60;137;137,0;137;137;137;137;137;137;137;137,0;137;137,0;832;832,0;832,0;832,0;832;832;832;832;832,0;832;832,0;832,0;1,000000000000000;1,000000000000000;1,000000000000000;1,000000000000000;1,000000000000000;1,000000000000000;1,000000000000000;1,000000000000000;1,0000000000000000;1,0000000000000000;1,0000000000000000
2022-02-23;60+;250;250,0;250;250;250;250;250;250;250;250,0;250;250,0;1274;1274,0;1274,0;1274,0;1274;1274;1274;1274;1274,0;1274;1274,0;1274,0;1,000000000000000;1,000000000000000;1,000000000000000;1,000000000000000;1,000000000000000;1,000000000000000;1,000000000000000;1,000000000000000;1,0000000000000000;1,0000000000000000;1,0000000000000000
2022-02-23;alle;387;387,0;387;387;387;387;387;387;387;387,0;387;387,0;2106;2106,0;2106,0;2106,0;2106;2106;2106;2106;2106,0;2106;2106,0;2106,0;NA;NA;NA;NA;NA;NA;NA;NA;NA;NA;NA
2022-02-22;0-60;117;117,0;117;117;117;117;117;117;117;117,0;117;117,0;838;838,0;838,0;838,0;838;838;838;838;838,0;838;838,0;838,0;1,000000000000000;1,000000000000000;1,000000000000000;1,000000000000000;1,000000000000000;1,000000000000000;1,000000000000000;1,000000000000000;1,0000000000000000;1,0000000000000000;1,0000000000000000
2022-02-22;60+;215;215,0;215;215;215;215;215;215;215;215,0;215;215,0;1246;1246,0;1246,0;1246,0;1246;1246;1246;1246;1246,0;1246;1246,0;1246,0;1,000000000000000;1,000000000000000;1,000000000000000;1,000000000000000;1,000000000000000;1,000000000000000;1,000000000000000;1,000000000000000;1,0000000000000000;1,0000000000000000;1,0000000000000000
2022-02-22;alle;332;332,0;332;332;332;332;332;332;332;332,0;332;332,0;2084;2084,0;2084,0;2084,0;2084;2084;2084;2084;2084,0;2084;2084,0;2084,0;NA;NA;NA;NA;NA;NA;NA;NA;NA;NA;NA
2022-02-21;0-60;73;73,0;73;73;73;73;73;73;73;73,0;73;73,0;846;846,0;846,0;846,0;846;846;846;846;846,0;846;846,0;846,0;1,000000000000000;1,000000000000000;1,000000000000000;1,000000000000000;1,000000000000000;1,000000000000000;1,000000000000000;1,000000000000000;1,0000000000000000;1,0000000000000000;1,0000000000000000
2022-02-21;60+;98;98,0;98;98;98;98;98;98;98;98,0;98;98,0;1196;1196,0;1196,0;1196,0;1196;1196;1196;1196;1196,0;1196;1196,0;1196,0;1,000000000000000;1,000000000000000;1,000000000000000;1,000000000000000;1,000000000000000;1,000000000000000;1,000000000000000;1,000000000000000;1,0000000000000000;1,0000000000000000;1,0000000000000000
2022-02-21;alle;171;171,0;171;171;171;171;171;171;171;171,0;171;171,0;2042;2042,0;2042,0;2042,0;2042;2042;2042;2042;2042,0;2042;2042,0;2042,0;NA;NA;NA;NA;NA;NA;NA;NA;NA;NA;NA
2022-02-20;0-60;86;86,0;86;86;86;86;86;86;86;86,0;86;86,0;828;828,0;828,0;828,0;828;828;828;828;828,0;828;828,0;828,0;1,000000000000000;1,000000000000000;1,000000000000000;1,000000000000000;1,000000000000000;1,000000000000000;1,000000000000000;1,000000000000000;1,0000000000000000;1,0000000000000000;1,0000000000000000
2022-02-20;60+;139;139,0;139;139;139;139;139;139;139;139,0;139;139,0;1184;1184,0;1184,0;1184,0;1184;1184;1184;1184;1184,0;1184;1184,0;1184,0;1,000000000000000;1,000000000000000;1,000000000000000;1,000000000000000;1,000000000000000;1,000000000000000;1,000000000000000;1,000000000000000;1,0000000000000000;1,0000000000000000;1,0000000000000000
2022-02-20;alle;225;225,0;225;225;225;225;225;225;225;225,0;225;225,0;2012;2012,0;2012,0;2012,0;2012;2012;2012;2012;2012,0;2012;2012,0;2012,0;NA;NA;NA;NA;NA;NA;NA;NA;NA;NA;NA
2022-02-19;0-60;109;109,0;109;109;109;109;109;109;109;109,0;109;109,0;810;810,0;810,0;810,0;810;810;810;810;810,0;810;810,0;810,0;1,000000000000000;1,000000000000000;1,000000000000000;1,000000000000000;1,000000000000000;1,000000000000000;1,000000000000000;1,000000000000000;1,0000000000000000;1,0000000000000000;1,0000000000000000
2022-02-19;60+;145;145,0;145;145;145;145;145;145;145;145,0;145;145,0;1146;1146,0;1146,0;1146,0;1146;1146;1146;1146;1146,0;1146;1146,0;1146,0;1,000000000000000;1,000000000000000;1,000000000000000;1,000000000000000;1,000000000000000;1,000000000000000;1,000000000000000;1,000000000000000;1,0000000000000000;1,0000000000000000;1,0000000000000000
2022-02-19;alle;254;254,0;254;254;254;254;254;254;254;254,0;254;254,0;1956;1956,0;1956,0;1956,0;1956;1956;1956;1956;1956,0;1956;1956,0;1956,0;NA;NA;NA;NA;NA;NA;NA;NA;NA;NA;NA
2022-02-18;0-60;137;137,0;137;137;137;137;137;137;137;137,0;137;137,0;809;809,0;809,0;809,0;809;809;809;809;809,0;809;809,0;809,0;1,000000000000000;1,000000000000000;1,000000000000000;1,000000000000000;1,000000000000000;1,000000000000000;1,000000000000000;1,000000000000000;1,0000000000000000;1,0000000000000000;1,0000000000000000
2022-02-18;60+;209;209,0;209;209;209;209;209;209;209;209,0;209;209,0;1156;1156,0;1156,0;1156,0;1156;1156;1156;1156;1156,0;1156;1156,0;1156,0;1,000000000000000;1,000000000000000;1,000000000000000;1,000000000000000;1,000000000000000;1,000000000000000;1,000000000000000;1,000000000000000;1,0000000000000000;1,0000000000000000;1,0000000000000000
2022-02-18;alle;346;346,0;346;346;346;346;346;346;346;346,0;346;346,0;1965;1965,0;1965,0;1965,0;1965;1965;1965;1965;1965,0;1965;1965,0;1965,0;NA;NA;NA;NA;NA;NA;NA;NA;NA;NA;NA
2022-02-17;0-60;173;173,0;173;173;173;173;173;173;173;173,0;173;173,0;789;789,0;789,0;789,0;789;789;789;789;789,0;789;789,0;789,0;1,000000000000000;1,000000000000000;1,000000000000000;1,000000000000000;1,000000000000000;1,000000000000000;1,000000000000000;1,000000000000000;1,0000000000000000;1,0000000000000000;1,0000000000000000
2022-02-17;60+;218;218,0;218;218;218;218;218;218;218;218,0;218;218,0;1145;1145,0;1145,0;1145,0;1145;1145;1145;1145;1145,0;1145;1145,0;1145,0;1,000000000000000;1,000000000000000;1,000000000000000;1,000000000000000;1,000000000000000;1,000000000000000;1,000000000000000;1,000000000000000;1,0000000000000000;1,0000000000000000;1,0000000000000000
2022-02-17;alle;391;391,0;391;391;391;391;391;391;391;391,0;391;391,0;1934;1934,0;1934,0;1934,0;1934;1934;1934;1934;1934,0;1934;1934,0;1934,0;NA;NA;NA;NA;NA;NA;NA;NA;NA;NA;NA
2022-02-16;0-60;143;143,0;143;143;143;143;143;143;143;143,0;143;143,0;767;767,0;767,0;767,0;767;767;767;767;767,0;767;767,0;767,0;1,000000000000000;1,000000000000000;1,000000000000000;1,000000000000000;1,000000000000000;1,000000000000000;1,000000000000000;1,000000000000000;1,0000000000000000;1,0000000000000000;1,0000000000000000
2022-02-16;60+;222;222,0;222;222;222;222;222;222;222;222,0;222;222,0;1088;1088,0;1088,0;1088,0;1088;1088;1088;1088;1088,0;1088;1088,0;1088,0;1,000000000000000;1,000000000000000;1,000000000000000;1,000000000000000;1,000000000000000;1,000000000000000;1,000000000000000;1,000000000000000;1,0000000000000000;1,0000000000000000;1,0000000000000000
2022-02-16;alle;365;365,0;365;365;365;365;365;365;365;365,0;365;365,0;1855;1855,0;1855,0;1855,0;1855;1855;1855;1855;1855,0;1855;1855,0;1855,0;NA;NA;NA;NA;NA;NA;NA;NA;NA;NA;NA
2022-02-15;0-60;125;125,0;125;125;125;125;125;125;125;125,0;125;125,0;777;777,0;777,0;777,0;777;777;777;777;777,0;777;777,0;777,0;1,000000000000000;1,000000000000000;1,000000000000000;1,000000000000000;1,000000000000000;1,000000000000000;1,000000000000000;1,000000000000000;1,0000000000000000;1,0000000000000000;1,0000000000000000
2022-02-15;60+;165;165,0;165;165;165;165;165;165;165;165,0;165;165,0;1079;1079,0;1079,0;1079,0;1079;1079;1079;1079;1079,0;1079;1079,0;1079,0;1,000000000000000;1,000000000000000;1,000000000000000;1,000000000000000;1,000000000000000;1,000000000000000;1,000000000000000;1,000000000000000;1,0000000000000000;1,0000000000000000;1,0000000000000000
2022-02-15;alle;290;290,0;290;290;290;290;290;290;290;290,0;290;290,0;1856;1856,0;1856,0;1856,0;1856;1856;1856;1856;1856,0;1856;1856,0;1856,0;NA;NA;NA;NA;NA;NA;NA;NA;NA;NA;NA
2022-02-14;0-60;55;55,0;55;55;55;55;55;55;55;55,0;55;55,0;788;788,0;788,0;788,0;788;788;788;788;788,0;788;788,0;788,0;1,000000000000000;1,000000000000000;1,000000000000000;1,000000000000000;1,000000000000000;1,000000000000000;1,000000000000000;1,000000000000000;1,0000000000000000;1,0000000000000000;1,0000000000000000
2022-02-14;60+;86;86,0;86;86;86;86;86;86;86;86,0;86;86,0;1087;1087,0;1087,0;1087,0;1087;1087;1087;1087;1087,0;1087;1087,0;1087,0;1,000000000000000;1,000000000000000;1,000000000000000;1,000000000000000;1,000000000000000;1,000000000000000;1,000000000000000;1,000000000000000;1,0000000000000000;1,0000000000000000;1,0000000000000000
2022-02-14;alle;141;141,0;141;141;141;141;141;141;141;141,0;141;141,0;1875;1875,0;1875,0;1875,0;1875;1875;1875;1875;1875,0;1875;1875,0;1875,0;NA;NA;NA;NA;NA;NA;NA;NA;NA;NA;NA
2022-02-13;0-60;68;68,0;68;68;68;68;68;68;68;68,0;68;68,0;804;804,0;804,0;804,0;804;804;804;804;804,0;804;804,0;804,0;1,000000000000000;1,000000000000000;1,000000000000000;1,000000000000000;1,000000000000000;1,000000000000000;1,000000000000000;1,000000000000000;1,0000000000000000;1,0000000000000000;1,0000000000000000
2022-02-13;60+;101;101,0;101;101;101;101;101;101;101;101,0;101;101,0;1082;1082,0;1082,0;1082,0;1082;1082;1082;1082;1082,0;1082;1082,0;1082,0;1,000000000000000;1,000000000000000;1,000000000000000;1,000000000000000;1,000000000000000;1,000000000000000;1,000000000000000;1,000000000000000;1,0000000000000000;1,0000000000000000;1,0000000000000000
2022-02-13;alle;169;169,0;169;169;169;169;169;169;169;169,0;169;169,0;1886;1886,0;1886,0;1886,0;1886;1886;1886;1886;1886,0;1886;1886,0;1886,0;NA;NA;NA;NA;NA;NA;NA;NA;NA;NA;NA
2022-02-12;0-60;108;108,0;108;108;108;108;108;108;108;108,0;108;108,0;810;810,0;810,0;810,0;810;810;810;810;810,0;810;810,0;810,0;1,000000000000000;1,000000000000000;1,000000000000000;1,000000000000000;1,000000000000000;1,000000000000000;1,000000000000000;1,000000000000000;1,0000000000000000;1,0000000000000000;1,0000000000000000
2022-02-12;60+;155;155,0;155;155;155;155;155;155;155;155,0;155;155,0;1101;1101,0;1101,0;1101,0;1101;1101;1101;1101;1101,0;1101;1101,0;1101,0;1,000000000000000;1,000000000000000;1,000000000000000;1,000000000000000;1,000000000000000;1,000000000000000;1,000000000000000;1,000000000000000;1,0000000000000000;1,0000000000000000;1,0000000000000000
2022-02-12;alle;263;263,0;263;263;263;263;263;263;263;263,0;263;263,0;1911;1911,0;1911,0;1911,0;1911;1911;1911;1911;1911,0;1911;1911,0;1911,0;NA;NA;NA;NA;NA;NA;NA;NA;NA;NA;NA
2022-02-11;0-60;117;117,0;117;117;117;117;117;117;117;117,0;117;117,0;833;833,0;833,0;833,0;833;833;833;833;833,0;833;833,0;833,0;1,000000000000000;1,000000000000000;1,000000000000000;1,000000000000000;1,000000000000000;1,000000000000000;1,000000000000000;1,000000000000000;1,0000000000000000;1,0000000000000000;1,0000000000000000
2022-02-11;60+;198;198,0;198;198;198;198;198;198;198;198,0;198;198,0;1098;1098,0;1098,0;1098,0;1098;1098;1098;1098;1098,0;1098;1098,0;1098,0;1,000000000000000;1,000000000000000;1,000000000000000;1,000000000000000;1,000000000000000;1,000000000000000;1,000000000000000;1,000000000000000;1,0000000000000000;1,0000000000000000;1,0000000000000000
2022-02-11;alle;315;315,0;315;315;315;315;315;315;315;315,0;315;315,0;1931;1931,0;1931,0;1931,0;1931;1931;1931;1931;1931,0;1931;1931,0;1931,0;NA;NA;NA;NA;NA;NA;NA;NA;NA;NA;NA
2022-02-10;0-60;151;151,0;151;151;151;151;151;151;151;151,0;151;151,0;857;857,0;857,0;857,0;857;857;857;857;857,0;857;857,0;857,0;1,000000000000000;1,000000000000000;1,000000000000000;1,000000000000000;1,000000000000000;1,000000000000000;1,000000000000000;1,000000000000000;1,0000000000000000;1,0000000000000000;1,0000000000000000
2022-02-10;60+;161;161,0;161;161;161;161;161;161;161;161,0;161;161,0;1101;1101,0;1101,0;1101,0;1101;1101;1101;1101;1101,0;1101;1101,0;1101,0;1,000000000000000;1,000000000000000;1,000000000000000;1,000000000000000;1,000000000000000;1,000000000000000;1,000000000000000;1,000000000000000;1,0000000000000000;1,0000000000000000;1,0000000000000000
2022-02-10;alle;312;312,0;312;312;312;312;312;312;312;312,0;312;312,0;1958;1958,0;1958,0;1958,0;1958;1958;1958;1958;1958,0;1958;1958,0;1958,0;NA;NA;NA;NA;NA;NA;NA;NA;NA;NA;NA
2022-02-09;0-60;153;153,0;153;153;153;153;153;153;153;153,0;153;153,0;865;865,0;865,0;865,0;865;865;865;865;865,0;865;865,0;865,0;1,000000000000000;1,000000000000000;1,000000000000000;1,000000000000000;1,000000000000000;1,000000000000000;1,000000000000000;1,000000000000000;1,0000000000000000;1,0000000000000000;1,0000000000000000
2022-02-09;60+;213;213,0;213;213;213;213;213;213;213;213,0;213;213,0;1109;1109,0;1109,0;1109,0;1109;1109;1109;1109;1109,0;1109;1109,0;1109,0;1,000000000000000;1,000000000000000;1,000000000000000;1,000000000000000;1,000000000000000;1,000000000000000;1,000000000000000;1,000000000000000;1,0000000000000000;1,0000000000000000;1,0000000000000000
2022-02-09;alle;366;366,0;366;366;366;366;366;366;366;366,0;366;366,0;1974;1974,0;1974,0;1974,0;1974;1974;1974;1974;1974,0;1974;1974,0;1974,0;NA;NA;NA;NA;NA;NA;NA;NA;NA;NA;NA
2022-02-08;0-60;136;136,0;136;136;136;136;136;136;136;136,0;136;136,0;837;837,0;837,0;837,0;837;837;837;837;837,0;837;837,0;837,0;1,000000000000000;1,000000000000000;1,000000000000000;1,000000000000000;1,000000000000000;1,000000000000000;1,000000000000000;1,000000000000000;1,0000000000000000;1,0000000000000000;1,0000000000000000
2022-02-08;60+;173;173,0;173;173;173;173;173;173;173;173,0;173;173,0;1075;1075,0;1075,0;1075,0;1075;1075;1075;1075;1075,0;1075;1075,0;1075,0;1,000000000000000;1,000000000000000;1,000000000000000;1,000000000000000;1,000000000000000;1,000000000000000;1,000000000000000;1,000000000000000;1,0000000000000000;1,0000000000000000;1,0000000000000000
2022-02-08;alle;309;309,0;309;309;309;309;309;309;309;309,0;309;309,0;1912;1912,0;1912,0;1912,0;1912;1912;1912;1912;1912,0;1912;1912,0;1912,0;NA;NA;NA;NA;NA;NA;NA;NA;NA;NA;NA
2022-02-07;0-60;71;71,0;71;71;71;71;71;71;71;71,0;71;71,0;834;834,0;834,0;834,0;834;834;834;834;834,0;834;834,0;834,0;1,000000000000000;1,000000000000000;1,000000000000000;1,000000000000000;1,000000000000000;1,000000000000000;1,000000000000000;1,000000000000000;1,0000000000000000;1,0000000000000000;1,0000000000000000
2022-02-07;60+;81;81,0;81;81;81;81;81;81;81;81,0;81;81,0;1041;1041,0;1041,0;1041,0;1041;1041;1041;1041;1041,0;1041;1041,0;1041,0;1,000000000000000;1,000000000000000;1,000000000000000;1,000000000000000;1,000000000000000;1,000000000000000;1,000000000000000;1,000000000000000;1,0000000000000000;1,0000000000000000;1,0000000000000000
2022-02-07;alle;152;152,0;152;152;152;152;152;152;152;152,0;152;152,0;1875;1875,0;1875,0;1875,0;1875;1875;1875;1875;1875,0;1875;1875,0;1875,0;NA;NA;NA;NA;NA;NA;NA;NA;NA;NA;NA
2022-02-06;0-60;74;74,0;74;74;74;74;74;74;74;74,0;74;74,0;828;828,0;828,0;828,0;828;828;828;828;828,0;828;828,0;828,0;1,000000000000000;1,000000000000000;1,000000000000000;1,000000000000000;1,000000000000000;1,000000000000000;1,000000000000000;1,000000000000000;1,0000000000000000;1,0000000000000000;1,0000000000000000
2022-02-06;60+;120;120,0;120;120;120;120;120;120;120;120,0;120;120,0;1025;1025,0;1025,0;1025,0;1025;1025;1025;1025;1025,0;1025;1025,0;1025,0;1,000000000000000;1,000000000000000;1,000000000000000;1,000000000000000;1,000000000000000;1,000000000000000;1,000000000000000;1,000000000000000;1,0000000000000000;1,0000000000000000;1,0000000000000000
2022-02-06;alle;194;194,0;194;194;194;194;194;194;194;194,0;194;194,0;1853;1853,0;1853,0;1853,0;1853;1853;1853;1853;1853,0;1853;1853,0;1853,0;NA;NA;NA;NA;NA;NA;NA;NA;NA;NA;NA
2022-02-05;0-60;131;131,0;131;131;131;131;131;131;131;131,0;131;131,0;841;841,0;841,0;841,0;841;841;841;841;841,0;841;841,0;841,0;1,000000000000000;1,000000000000000;1,000000000000000;1,000000000000000;1,000000000000000;1,000000000000000;1,000000000000000;1,000000000000000;1,0000000000000000;1,0000000000000000;1,0000000000000000
2022-02-05;60+;152;152,0;152;152;152;152;152;152;152;152,0;152;152,0;1010;1010,0;1010,0;1010,0;1010;1010;1010;1010;1010,0;1010;1010,0;1010,0;1,000000000000000;1,000000000000000;1,000000000000000;1,000000000000000;1,000000000000000;1,000000000000000;1,000000000000000;1,000000000000000;1,0000000000000000;1,0000000000000000;1,0000000000000000
2022-02-05;alle;283;283,0;283;283;283;283;283;283;283;283,0;283;283,0;1851;1851,0;1851,0;1851,0;1851;1851;1851;1851;1851,0;1851;1851,0;1851,0;NA;NA;NA;NA;NA;NA;NA;NA;NA;NA;NA
2022-02-04;0-60;141;141,0;141;141;141;141;141;141;141;141,0;141;141,0;848;848,0;848,0;848,0;848;848;848;848;848,0;848;848,0;848,0;1,000000000000000;1,000000000000000;1,000000000000000;1,000000000000000;1,000000000000000;1,000000000000000;1,000000000000000;1,000000000000000;1,0000000000000000;1,0000000000000000;1,0000000000000000
2022-02-04;60+;201;201,0;201;201;201;201;201;201;201;201,0;201;201,0;994;994,0;994,0;994,0;994;994;994;994;994,0;994;994,0;994,0;1,000000000000000;1,000000000000000;1,000000000000000;1,000000000000000;1,000000000000000;1,000000000000000;1,000000000000000;1,000000000000000;1,0000000000000000;1,0000000000000000;1,0000000000000000
2022-02-04;alle;342;342,0;342;342;342;342;342;342;342;342,0;342;342,0;1842;1842,0;1842,0;1842,0;1842;1842;1842;1842;1842,0;1842;1842,0;1842,0;NA;NA;NA;NA;NA;NA;NA;NA;NA;NA;NA
2022-02-03;0-60;159;159,0;159;159;159;159;159;159;159;159,0;159;159,0;821;821,0;821,0;821,0;821;821;821;821;821,0;821;821,0;821,0;1,000000000000000;1,000000000000000;1,000000000000000;1,000000000000000;1,000000000000000;1,000000000000000;1,000000000000000;1,000000000000000;1,0000000000000000;1,0000000000000000;1,0000000000000000
2022-02-03;60+;169;169,0;169;169;169;169;169;169;169;169,0;169;169,0;912;912,0;912,0;912,0;912;912;912;912;912,0;912;912,0;912,0;1,000000000000000;1,000000000000000;1,000000000000000;1,000000000000000;1,000000000000000;1,000000000000000;1,000000000000000;1,000000000000000;1,0000000000000000;1,0000000000000000;1,0000000000000000
2022-02-03;alle;328;328,0;328;328;328;328;328;328;328;328,0;328;328,0;1733;1733,0;1733,0;1733,0;1733;1733;1733;1733;1733,0;1733;1733,0;1733,0;NA;NA;NA;NA;NA;NA;NA;NA;NA;NA;NA
2022-02-02;0-60;125;125,0;125;125;125;125;125;125;125;125,0;125;125,0;816;816,0;816,0;816,0;816;816;816;816;816,0;816;816,0;816,0;1,000000000000000;1,000000000000000;1,000000000000000;1,000000000000000;1,000000000000000;1,000000000000000;1,000000000000000;1,000000000000000;1,0000000000000000;1,0000000000000000;1,0000000000000000
2022-02-02;60+;179;179,0;179;179;179;179;179;179;179;179,0;179;179,0;877;877,0;877,0;877,0;877;877;877;877;877,0;877;877,0;877,0;1,000000000000000;1,000000000000000;1,000000000000000;1,000000000000000;1,000000000000000;1,000000000000000;1,000000000000000;1,000000000000000;1,0000000000000000;1,0000000000000000;1,0000000000000000
2022-02-02;alle;304;304,0;304;304;304;304;304;304;304;304,0;304;304,0;1693;1693,0;1693,0;1693,0;1693;1693;1693;1693;1693,0;1693;1693,0;1693,0;NA;NA;NA;NA;NA;NA;NA;NA;NA;NA;NA
2022-02-01;0-60;133;133,0;133;133;133;133;133;133;133;133,0;133;133,0;830;830,0;830,0;830,0;830;830;830;830;830,0;830;830,0;830,0;1,000000000000000;1,000000000000000;1,000000000000000;1,000000000000000;1,000000000000000;1,000000000000000;1,000000000000000;1,000000000000000;1,0000000000000000;1,0000000000000000;1,0000000000000000
2022-02-01;60+;139;139,0;139;139;139;139;139;139;139;139,0;139;139,0;838;838,0;838,0;838,0;838;838;838;838;838,0;838;838,0;838,0;1,000000000000000;1,000000000000000;1,000000000000000;1,000000000000000;1,000000000000000;1,000000000000000;1,000000000000000;1,000000000000000;1,0000000000000000;1,0000000000000000;1,0000000000000000
2022-02-01;alle;272;272,0;272;272;272;272;272;272;272;272,0;272;272,0;1668;1668,0;1668,0;1668,0;1668;1668;1668;1668;1668,0;1668;1668,0;1668,0;NA;NA;NA;NA;NA;NA;NA;NA;NA;NA;NA
2022-01-31;0-60;65;65,0;65;65;65;65;65;65;65;65,0;65;65,0;811;811,0;811,0;811,0;811;811;811;811;811,0;811;811,0;811,0;1,000000000000000;1,000000000000000;1,000000000000000;1,000000000000000;1,000000000000000;1,000000000000000;1,000000000000000;1,000000000000000;1,0000000000000000;1,0000000000000000;1,0000000000000000
2022-01-31;60+;65;65,0;65;65;65;65;65;65;65;65,0;65;65,0;808;808,0;808,0;808,0;808;808;808;808;808,0;808;808,0;808,0;1,000000000000000;1,000000000000000;1,000000000000000;1,000000000000000;1,000000000000000;1,000000000000000;1,000000000000000;1,000000000000000;1,0000000000000000;1,0000000000000000;1,0000000000000000
2022-01-31;alle;130;130,0;130;130;130;130;130;130;130;130,0;130;130,0;1619;1619,0;1619,0;1619,0;1619;1619;1619;1619;1619,0;1619;1619,0;1619,0;NA;NA;NA;NA;NA;NA;NA;NA;NA;NA;NA
2022-01-30;0-60;87;87,0;87;87;87;87;87;87;87;87,0;87;87,0;808;808,0;808,0;808,0;808;808;808;808;808,0;808;808,0;808,0;1,000000000000000;1,000000000000000;1,000000000000000;1,000000000000000;1,000000000000000;1,000000000000000;1,000000000000000;1,000000000000000;1,0000000000000000;1,0000000000000000;1,0000000000000000
2022-01-30;60+;105;105,0;105;105;105;105;105;105;105;105,0;105;105,0;802;802,0;802,0;802,0;802;802;802;802;802,0;802;802,0;802,0;1,000000000000000;1,000000000000000;1,000000000000000;1,000000000000000;1,000000000000000;1,000000000000000;1,000000000000000;1,000000000000000;1,0000000000000000;1,0000000000000000;1,0000000000000000
2022-01-30;alle;192;192,0;192;192;192;192;192;192;192;192,0;192;192,0;1610;1610,0;1610,0;1610,0;1610;1610;1610;1610;1610,0;1610;1610,0;1610,0;NA;NA;NA;NA;NA;NA;NA;NA;NA;NA;NA
2022-01-29;0-60;138;138,0;138;138;138;138;138;138;138;138,0;138;138,0;795;795,0;795,0;795,0;795;795;795;795;795,0;795;795,0;795,0;1,000000000000000;1,000000000000000;1,000000000000000;1,000000000000000;1,000000000000000;1,000000000000000;1,000000000000000;1,000000000000000;1,0000000000000000;1,0000000000000000;1,0000000000000000
2022-01-29;60+;136;136,0;136;136;136;136;136;136;136;136,0;136;136,0;763;763,0;763,0;763,0;763;763;763;763;763,0;763;763,0;763,0;1,000000000000000;1,000000000000000;1,000000000000000;1,000000000000000;1,000000000000000;1,000000000000000;1,000000000000000;1,000000000000000;1,0000000000000000;1,0000000000000000;1,0000000000000000
2022-01-29;alle;274;274,0;274;274;274;274;274;274;274;274,0;274;274,0;1558;1558,0;1558,0;1558,0;1558;1558;1558;1558;1558,0;1558;1558,0;1558,0;NA;NA;NA;NA;NA;NA;NA;NA;NA;NA;NA
2022-01-28;0-60;114;114,0;114;114;114;114;114;114;114;114,0;114;114,0;759;759,0;759,0;759,0;759;759;759;759;759,0;759;759,0;759,0;1,000000000000000;1,000000000000000;1,000000000000000;1,000000000000000;1,000000000000000;1,000000000000000;1,000000000000000;1,000000000000000;1,0000000000000000;1,0000000000000000;1,0000000000000000
2022-01-28;60+;119;119,0;119;119;119;119;119;119;119;119,0;119;119,0;719;719,0;719,0;719,0;719;719;719;719;719,0;719;719,0;719,0;1,000000000000000;1,000000000000000;1,000000000000000;1,000000000000000;1,000000000000000;1,000000000000000;1,000000000000000;1,000000000000000;1,0000000000000000;1,0000000000000000;1,0000000000000000
2022-01-28;alle;233;233,0;233;233;233;233;233;233;233;233,0;233;233,0;1478;1478,0;1478,0;1478,0;1478;1478;1478;1478;1478,0;1478;1478,0;1478,0;NA;NA;NA;NA;NA;NA;NA;NA;NA;NA;NA
2022-01-27;0-60;154;154,0;154;154;154;154;154;154;154;154,0;154;154,0;739;739,0;739,0;739,0;739;739;739;739;739,0;739;739,0;739,0;1,000000000000000;1,000000000000000;1,000000000000000;1,000000000000000;1,000000000000000;1,000000000000000;1,000000000000000;1,000000000000000;1,0000000000000000;1,0000000000000000;1,0000000000000000
2022-01-27;60+;134;134,0;134;134;134;134;134;134;134;134,0;134;134,0;670;670,0;670,0;670,0;670;670;670;670;670,0;670;670,0;670,0;1,000000000000000;1,000000000000000;1,000000000000000;1,000000000000000;1,000000000000000;1,000000000000000;1,000000000000000;1,000000000000000;1,0000000000000000;1,0000000000000000;1,0000000000000000
2022-01-27;alle;288;288,0;288;288;288;288;288;288;288;288,0;288;288,0;1409;1409,0;1409,0;1409,0;1409;1409;1409;1409;1409,0;1409;1409,0;1409,0;NA;NA;NA;NA;NA;NA;NA;NA;NA;NA;NA
2022-01-26;0-60;139;139,0;139;139;139;139;139;139;139;139,0;139;139,0;691;691,0;691,0;691,0;691;691;691;691;691,0;691;691,0;691,0;1,000000000000000;1,000000000000000;1,000000000000000;1,000000000000000;1,000000000000000;1,000000000000000;1,000000000000000;1,000000000000000;1,0000000000000000;1,0000000000000000;1,0000000000000000
2022-01-26;60+;140;140,0;140;140;140;140;140;140;140;140,0;140;140,0;625;625,0;625,0;625,0;625;625;625;625;625,0;625;625,0;625,0;1,000000000000000;1,000000000000000;1,000000000000000;1,000000000000000;1,000000000000000;1,000000000000000;1,000000000000000;1,000000000000000;1,0000000000000000;1,0000000000000000;1,0000000000000000
2022-01-26;alle;279;279,0;279;279;279;279;279;279;279;279,0;279;279,0;1316;1316,0;1316,0;1316,0;1316;1316;1316;1316;1316,0;1316;1316,0;1316,0;NA;NA;NA;NA;NA;NA;NA;NA;NA;NA;NA
2022-01-25;0-60;114;114,0;114;114;114;114;114;114;114;114,0;114;114,0;648;648,0;648,0;648,0;648;648;648;648;648,0;648;648,0;648,0;1,000000000000000;1,000000000000000;1,000000000000000;1,000000000000000;1,000000000000000;1,000000000000000;1,000000000000000;1,000000000000000;1,0000000000000000;1,0000000000000000;1,0000000000000000
2022-01-25;60+;109;109,0;109;109;109;109;109;109;109;109,0;109;109,0;553;553,0;553,0;553,0;553;553;553;553;553,0;553;553,0;553,0;1,000000000000000;1,000000000000000;1,000000000000000;1,000000000000000;1,000000000000000;1,000000000000000;1,000000000000000;1,000000000000000;1,0000000000000000;1,0000000000000000;1,0000000000000000
2022-01-25;alle;223;223,0;223;223;223;223;223;223;223;223,0;223;223,0;1201;1201,0;1201,0;1201,0;1201;1201;1201;1201;1201,0;1201;1201,0;1201,0;NA;NA;NA;NA;NA;NA;NA;NA;NA;NA;NA
2022-01-24;0-60;62;62,0;62;62;62;62;62;62;62;62,0;62;62,0;606;606,0;606,0;606,0;606;606;606;606;606,0;606;606,0;606,0;1,000000000000000;1,000000000000000;1,000000000000000;1,000000000000000;1,000000000000000;1,000000000000000;1,000000000000000;1,000000000000000;1,0000000000000000;1,0000000000000000;1,0000000000000000
2022-01-24;60+;59;59,0;59;59;59;59;59;59;59;59,0;59;59,0;517;517,0;517,0;517,0;517;517;517;517;517,0;517;517,0;517,0;1,000000000000000;1,000000000000000;1,000000000000000;1,000000000000000;1,000000000000000;1,000000000000000;1,000000000000000;1,000000000000000;1,0000000000000000;1,0000000000000000;1,0000000000000000
2022-01-24;alle;121;121,0;121;121;121;121;121;121;121;121,0;121;121,0;1123;1123,0;1123,0;1123,0;1123;1123;1123;1123;1123,0;1123;1123,0;1123,0;NA;NA;NA;NA;NA;NA;NA;NA;NA;NA;NA
2022-01-23;0-60;74;74,0;74;74;74;74;74;74;74;74,0;74;74,0;576;576,0;576,0;576,0;576;576;576;576;576,0;576;576,0;576,0;1,000000000000000;1,000000000000000;1,000000000000000;1,000000000000000;1,000000000000000;1,000000000000000;1,000000000000000;1,000000000000000;1,0000000000000000;1,0000000000000000;1,0000000000000000
2022-01-23;60+;66;66,0;66;66;66;66;66;66;66;66,0;66;66,0;487;487,0;487,0;487,0;487;487;487;487;487,0;487;487,0;487,0;1,000000000000000;1,000000000000000;1,000000000000000;1,000000000000000;1,000000000000000;1,000000000000000;1,000000000000000;1,000000000000000;1,0000000000000000;1,0000000000000000;1,0000000000000000
2022-01-23;alle;140;140,0;140;140;140;140;140;140;140;140,0;140;140,0;1063;1063,0;1063,0;1063,0;1063;1063;1063;1063;1063,0;1063;1063,0;1063,0;NA;NA;NA;NA;NA;NA;NA;NA;NA;NA;NA
2022-01-22;0-60;102;102,0;102;102;102;102;102;102;102;102,0;102;102,0;551;551,0;551,0;551,0;551;551;551;551;551,0;551;551,0;551,0;1,000000000000000;1,000000000000000;1,000000000000000;1,000000000000000;1,000000000000000;1,000000000000000;1,000000000000000;1,000000000000000;1,0000000000000000;1,0000000000000000;1,0000000000000000
2022-01-22;60+;92;92,0;92;92;92;92;92;92;92;92,0;92;92,0;466;466,0;466,0;466,0;466;466;466;466;466,0;466;466,0;466,0;1,000000000000000;1,000000000000000;1,000000000000000;1,000000000000000;1,000000000000000;1,000000000000000;1,000000000000000;1,000000000000000;1,0000000000000000;1,0000000000000000;1,0000000000000000
2022-01-22;alle;194;194,0;194;194;194;194;194;194;194;194,0;194;194,0;1017;1017,0;1017,0;1017,0;1017;1017;1017;1017;1017,0;1017;1017,0;1017,0;NA;NA;NA;NA;NA;NA;NA;NA;NA;NA;NA
2022-01-21;0-60;94;94,0;94;94;94;94;94;94;94;94,0;94;94,0;500;500,0;500,0;500,0;500;500;500;500;500,0;500;500,0;500,0;1,000000000000000;1,000000000000000;1,000000000000000;1,000000000000000;1,000000000000000;1,000000000000000;1,000000000000000;1,000000000000000;1,0000000000000000;1,0000000000000000;1,0000000000000000
2022-01-21;60+;70;70,0;70;70;70;70;70;70;70;70,0;70;70,0;424;424,0;424,0;424,0;424;424;424;424;424,0;424;424,0;424,0;1,000000000000000;1,000000000000000;1,000000000000000;1,000000000000000;1,000000000000000;1,000000000000000;1,000000000000000;1,000000000000000;1,0000000000000000;1,0000000000000000;1,0000000000000000
2022-01-21;alle;164;164,0;164;164;164;164;164;164;164;164,0;164;164,0;924;924,0;924,0;924,0;924;924;924;924;924,0;924;924,0;924,0;NA;NA;NA;NA;NA;NA;NA;NA;NA;NA;NA
2022-01-20;0-60;106;106,0;106;106;106;106;106;106;106;106,0;106;106,0;472;472,0;472,0;472,0;472;472;472;472;472,0;472;472,0;472,0;1,000000000000000;1,000000000000000;1,000000000000000;1,000000000000000;1,000000000000000;1,000000000000000;1,000000000000000;1,000000000000000;1,0000000000000000;1,0000000000000000;1,0000000000000000
2022-01-20;60+;89;89,0;89;89;89;89;89;89;89;89,0;89;89,0;403;403,0;403,0;403,0;403;403;403;403;403,0;403;403,0;403,0;1,000000000000000;1,000000000000000;1,000000000000000;1,000000000000000;1,000000000000000;1,000000000000000;1,000000000000000;1,000000000000000;1,0000000000000000;1,0000000000000000;1,0000000000000000
2022-01-20;alle;195;195,0;195;195;195;195;195;195;195;195,0;195;195,0;875;875,0;875,0;875,0;875;875;875;875;875,0;875;875,0;875,0;NA;NA;NA;NA;NA;NA;NA;NA;NA;NA;NA
2022-01-19;0-60;96;96,0;96;96;96;96;96;96;96;96,0;96;96,0;427;427,0;427,0;427,0;427;427;427;427;427,0;427;427,0;427,0;1,000000000000000;1,000000000000000;1,000000000000000;1,000000000000000;1,000000000000000;1,000000000000000;1,000000000000000;1,000000000000000;1,0000000000000000;1,0000000000000000;1,0000000000000000
2022-01-19;60+;68;68,0;68;68;68;68;68;68;68;68,0;68;68,0;371;371,0;371,0;371,0;371;371;371;371;371,0;371;371,0;371,0;1,000000000000000;1,000000000000000;1,000000000000000;1,000000000000000;1,000000000000000;1,000000000000000;1,000000000000000;1,000000000000000;1,0000000000000000;1,0000000000000000;1,0000000000000000
2022-01-19;alle;164;164,0;164;164;164;164;164;164;164;164,0;164;164,0;798;798,0;798,0;798,0;798;798;798;798;798,0;798;798,0;798,0;NA;NA;NA;NA;NA;NA;NA;NA;NA;NA;NA
2022-01-18;0-60;72;72,0;72;72;72;72;72;72;72;72,0;72;72,0;399;399,0;399,0;399,0;399;399;399;399;399,0;399;399,0;399,0;1,000000000000000;1,000000000000000;1,000000000000000;1,000000000000000;1,000000000000000;1,000000000000000;1,000000000000000;1,000000000000000;1,0000000000000000;1,0000000000000000;1,0000000000000000
2022-01-18;60+;73;73,0;73;73;73;73;73;73;73;73,0;73;73,0;359;359,0;359,0;359,0;359;359;359;359;359,0;359;359,0;359,0;1,000000000000000;1,000000000000000;1,000000000000000;1,000000000000000;1,000000000000000;1,000000000000000;1,000000000000000;1,000000000000000;1,0000000000000000;1,0000000000000000;1,0000000000000000
2022-01-18;alle;145;145,0;145;145;145;145;145;145;145;145,0;145;145,0;758;758,0;758,0;758,0;758;758;758;758;758,0;758;758,0;758,0;NA;NA;NA;NA;NA;NA;NA;NA;NA;NA;NA
2022-01-17;0-60;32;32,0;32;32;32;32;32;32;32;32,0;32;32,0;380;380,0;380,0;380,0;380;380;380;380;380,0;380;380,0;380,0;1,000000000000000;1,000000000000000;1,000000000000000;1,000000000000000;1,000000000000000;1,000000000000000;1,000000000000000;1,000000000000000;1,0000000000000000;1,0000000000000000;1,0000000000000000
2022-01-17;60+;29;29,0;29;29;29;29;29;29;29;29,0;29;29,0;329;329,0;329,0;329,0;329;329;329;329;329,0;329;329,0;329,0;1,000000000000000;1,000000000000000;1,000000000000000;1,000000000000000;1,000000000000000;1,000000000000000;1,000000000000000;1,000000000000000;1,0000000000000000;1,0000000000000000;1,0000000000000000
2022-01-17;alle;61;61,0;61;61;61;61;61;61;61;61,0;61;61,0;709;709,0;709,0;709,0;709;709;709;709;709,0;709;709,0;709,0;NA;NA;NA;NA;NA;NA;NA;NA;NA;NA;NA
2022-01-16;0-60;49;49,0;49;49;49;49;49;49;49;49,0;49;49,0;380;380,0;380,0;380,0;380;380;380;380;380,0;380;380,0;380,0;1,000000000000000;1,000000000000000;1,000000000000000;1,000000000000000;1,000000000000000;1,000000000000000;1,000000000000000;1,000000000000000;1,0000000000000000;1,0000000000000000;1,0000000000000000
2022-01-16;60+;45;45,0;45;45;45;45;45;45;45;45,0;45;45,0;323;323,0;323,0;323,0;323;323;323;323;323,0;323;323,0;323,0;1,000000000000000;1,000000000000000;1,000000000000000;1,000000000000000;1,000000000000000;1,000000000000000;1,000000000000000;1,000000000000000;1,0000000000000000;1,0000000000000000;1,0000000000000000
2022-01-16;alle;94;94,0;94;94;94;94;94;94;94;94,0;94;94,0;703;703,0;703,0;703,0;703;703;703;703;703,0;703;703,0;703,0;NA;NA;NA;NA;NA;NA;NA;NA;NA;NA;NA
2022-01-15;0-60;51;51,0;51;51;51;51;51;51;51;51,0;51;51,0;368;368,0;368,0;368,0;368;368;368;368;368,0;368;368,0;368,0;1,000000000000000;1,000000000000000;1,000000000000000;1,000000000000000;1,000000000000000;1,000000000000000;1,000000000000000;1,000000000000000;1,0000000000000000;1,0000000000000000;1,0000000000000000
2022-01-15;60+;50;50,0;50;50;50;50;50;50;50;50,0;50;50,0;321;321,0;321,0;321,0;321;321;321;321;321,0;321;321,0;321,0;1,000000000000000;1,000000000000000;1,000000000000000;1,000000000000000;1,000000000000000;1,000000000000000;1,000000000000000;1,000000000000000;1,0000000000000000;1,0000000000000000;1,0000000000000000
2022-01-15;alle;101;101,0;101;101;101;101;101;101;101;101,0;101;101,0;689;689,0;689,0;689,0;689;689;689;689;689,0;689;689,0;689,0;NA;NA;NA;NA;NA;NA;NA;NA;NA;NA;NA
2022-01-14;0-60;66;66,0;66;66;66;66;66;66;66;66,0;66;66,0;367;367,0;367,0;367,0;367;367;367;367;367,0;367;367,0;367,0;1,000000000000000;1,000000000000000;1,000000000000000;1,000000000000000;1,000000000000000;1,000000000000000;1,000000000000000;1,000000000000000;1,0000000000000000;1,0000000000000000;1,0000000000000000
2022-01-14;60+;49;49,0;49;49;49;49;49;49;49;49,0;49;49,0;315;315,0;315,0;315,0;315;315;315;315;315,0;315;315,0;315,0;1,000000000000000;1,000000000000000;1,000000000000000;1,000000000000000;1,000000000000000;1,000000000000000;1,000000000000000;1,000000000000000;1,0000000000000000;1,0000000000000000;1,0000000000000000
2022-01-14;alle;115;115,0;115;115;115;115;115;115;115;115,0;115;115,0;682;682,0;682,0;682,0;682;682;682;682;682,0;682;682,0;682,0;NA;NA;NA;NA;NA;NA;NA;NA;NA;NA;NA
2022-01-13;0-60;61;61,0;61;61;61;61;61;61;61;61,0;61;61,0;326;326,0;326,0;326,0;326;326;326;326;326,0;326;326,0;326,0;1,000000000000000;1,000000000000000;1,000000000000000;1,000000000000000;1,000000000000000;1,000000000000000;1,000000000000000;1,000000000000000;1,0000000000000000;1,0000000000000000;1,0000000000000000
2022-01-13;60+;57;57,0;57;57;57;57;57;57;57;57,0;57;57,0;296;296,0;296,0;296,0;296;296;296;296;296,0;296;296,0;296,0;1,000000000000000;1,000000000000000;1,000000000000000;1,000000000000000;1,000000000000000;1,000000000000000;1,000000000000000;1,000000000000000;1,0000000000000000;1,0000000000000000;1,0000000000000000
2022-01-13;alle;118;118,0;118;118;118;118;118;118;118;118,0;118;118,0;622;622,0;622,0;622,0;622;622;622;622;622,0;622;622,0;622,0;NA;NA;NA;NA;NA;NA;NA;NA;NA;NA;NA
2022-01-12;0-60;68;68,0;68;68;68;68;68;68;68;68,0;68;68,0;313;313,0;313,0;313,0;313;313;313;313;313,0;313;313,0;313,0;1,000000000000000;1,000000000000000;1,000000000000000;1,000000000000000;1,000000000000000;1,000000000000000;1,000000000000000;1,000000000000000;1,0000000000000000;1,0000000000000000;1,0000000000000000
2022-01-12;60+;56;56,0;56;56;56;56;56;56;56;56,0;56;56,0;293;293,0;293,0;293,0;293;293;293;293;293,0;293;293,0;293,0;1,000000000000000;1,000000000000000;1,000000000000000;1,000000000000000;1,000000000000000;1,000000000000000;1,000000000000000;1,000000000000000;1,0000000000000000;1,0000000000000000;1,0000000000000000
2022-01-12;alle;124;124,0;124;124;124;124;124;124;124;124,0;124;124,0;606;606,0;606,0;606,0;606;606;606;606;606,0;606;606,0;606,0;NA;NA;NA;NA;NA;NA;NA;NA;NA;NA;NA
2022-01-11;0-60;53;53,0;53;53;53;53;53;53;53;53,0;53;53,0;314;314,0;314,0;314,0;314;314;314;314;314,0;314;314,0;314,0;1,000000000000000;1,000000000000000;1,000000000000000;1,000000000000000;1,000000000000000;1,000000000000000;1,000000000000000;1,000000000000000;1,0000000000000000;1,0000000000000000;1,0000000000000000
2022-01-11;60+;43;43,0;43;43;43;43;43;43;43;43,0;43;43,0;299;299,0;299,0;299,0;299;299;299;299;299,0;299;299,0;299,0;1,000000000000000;1,000000000000000;1,000000000000000;1,000000000000000;1,000000000000000;1,000000000000000;1,000000000000000;1,000000000000000;1,0000000000000000;1,0000000000000000;1,0000000000000000
2022-01-11;alle;96;96,0;96;96;96;96;96;96;96;96,0;96;96,0;613;613,0;613,0;613,0;613;613;613;613;613,0;613;613,0;613,0;NA;NA;NA;NA;NA;NA;NA;NA;NA;NA;NA
2022-01-10;0-60;32;32,0;32;32;32;32;32;32;32;32,0;32;32,0;303;303,0;303,0;303,0;303;303;303;303;303,0;303;303,0;303,0;1,000000000000000;1,000000000000000;1,000000000000000;1,000000000000000;1,000000000000000;1,000000000000000;1,000000000000000;1,000000000000000;1,0000000000000000;1,0000000000000000;1,0000000000000000
2022-01-10;60+;23;23,0;23;23;23;23;23;23;23;23,0;23;23,0;316;316,0;316,0;316,0;316;316;316;316;316,0;316;316,0;316,0;1,000000000000000;1,000000000000000;1,000000000000000;1,000000000000000;1,000000000000000;1,000000000000000;1,000000000000000;1,000000000000000;1,0000000000000000;1,0000000000000000;1,0000000000000000
2022-01-10;alle;55;55,0;55;55;55;55;55;55;55;55,0;55;55,0;619;619,0;619,0;619,0;619;619;619;619;619,0;619;619,0;619,0;NA;NA;NA;NA;NA;NA;NA;NA;NA;NA;NA
2022-01-09;0-60;37;37,0;37;37;37;37;37;37;37;37,0;37;37,0;297;297,0;297,0;297,0;297;297;297;297;297,0;297;297,0;297,0;1,000000000000000;1,000000000000000;1,000000000000000;1,000000000000000;1,000000000000000;1,000000000000000;1,000000000000000;1,000000000000000;1,0000000000000000;1,0000000000000000;1,0000000000000000
2022-01-09;60+;43;43,0;43;43;43;43;43;43;43;43,0;43;43,0;325;325,0;325,0;325,0;325;325;325;325;325,0;325;325,0;325,0;1,000000000000000;1,000000000000000;1,000000000000000;1,000000000000000;1,000000000000000;1,000000000000000;1,000000000000000;1,000000000000000;1,0000000000000000;1,0000000000000000;1,0000000000000000
2022-01-09;alle;80;80,0;80;80;80;80;80;80;80;80,0;80;80,0;622;622,0;622,0;622,0;622;622;622;622;622,0;622;622,0;622,0;NA;NA;NA;NA;NA;NA;NA;NA;NA;NA;NA
2022-01-08;0-60;50;50,0;50;50;50;50;50;50;50;50,0;50;50,0;290;290,0;290,0;290,0;290;290;290;290;290,0;290;290,0;290,0;1,000000000000000;1,000000000000000;1,000000000000000;1,000000000000000;1,000000000000000;1,000000000000000;1,000000000000000;1,000000000000000;1,0000000000000000;1,0000000000000000;1,0000000000000000
2022-01-08;60+;44;44,0;44;44;44;44;44;44;44;44,0;44;44,0;305;305,0;305,0;305,0;305;305;305;305;305,0;305;305,0;305,0;1,000000000000000;1,000000000000000;1,000000000000000;1,000000000000000;1,000000000000000;1,000000000000000;1,000000000000000;1,000000000000000;1,0000000000000000;1,0000000000000000;1,0000000000000000
2022-01-08;alle;94;94,0;94;94;94;94;94;94;94;94,0;94;94,0;595;595,0;595,0;595,0;595;595;595;595;595,0;595;595,0;595,0;NA;NA;NA;NA;NA;NA;NA;NA;NA;NA;NA
2022-01-07;0-60;25;25,0;25;25;25;25;25;25;25;25,0;25;25,0;266;266,0;266,0;266,0;266;266;266;266;266,0;266;266,0;266,0;1,000000000000000;1,000000000000000;1,000000000000000;1,000000000000000;1,000000000000000;1,000000000000000;1,000000000000000;1,000000000000000;1,0000000000000000;1,0000000000000000;1,0000000000000000
2022-01-07;60+;30;30,0;30;30;30;30;30;30;30;30,0;30;30,0;305;305,0;305,0;305,0;305;305;305;305;305,0;305;305,0;305,0;1,000000000000000;1,000000000000000;1,000000000000000;1,000000000000000;1,000000000000000;1,000000000000000;1,000000000000000;1,000000000000000;1,0000000000000000;1,0000000000000000;1,0000000000000000
2022-01-07;alle;55;55,0;55;55;55;55;55;55;55;55,0;55;55,0;571;571,0;571,0;571,0;571;571;571;571;571,0;571;571,0;571,0;NA;NA;NA;NA;NA;NA;NA;NA;NA;NA;NA
2022-01-06;0-60;48;48,0;48;48;48;48;48;48;48;48,0;48;48,0;281;281,0;281,0;281,0;281;281;281;281;281,0;281;281,0;281,0;1,000000000000000;1,000000000000000;1,000000000000000;1,000000000000000;1,000000000000000;1,000000000000000;1,000000000000000;1,000000000000000;1,0000000000000000;1,0000000000000000;1,0000000000000000
2022-01-06;60+;54;54,0;54;54;54;54;54;54;54;54,0;54;54,0;364;364,0;364,0;364,0;364;364;364;364;364,0;364;364,0;364,0;1,000000000000000;1,000000000000000;1,000000000000000;1,000000000000000;1,000000000000000;1,000000000000000;1,000000000000000;1,000000000000000;1,0000000000000000;1,0000000000000000;1,0000000000000000
2022-01-06;alle;102;102,0;102;102;102;102;102;102;102;102,0;102;102,0;645;645,0;645,0;645,0;645;645;645;645;645,0;645;645,0;645,0;NA;NA;NA;NA;NA;NA;NA;NA;NA;NA;NA
2022-01-05;0-60;69;69,0;69;69;69;69;69;69;69;69,0;69;69,0;284;284,0;284,0;284,0;284;284;284;284;284,0;284;284,0;284,0;1,000000000000000;1,000000000000000;1,000000000000000;1,000000000000000;1,000000000000000;1,000000000000000;1,000000000000000;1,000000000000000;1,0000000000000000;1,0000000000000000;1,0000000000000000
2022-01-05;60+;62;62,0;62;62;62;62;62;62;62;62,0;62;62,0;385;385,0;385,0;385,0;385;385;385;385;385,0;385;385,0;385,0;1,000000000000000;1,000000000000000;1,000000000000000;1,000000000000000;1,000000000000000;1,000000000000000;1,000000000000000;1,000000000000000;1,0000000000000000;1,0000000000000000;1,0000000000000000
2022-01-05;alle;131;131,0;131;131;131;131;131;131;131;131,0;131;131,0;669;669,0;669,0;669,0;669;669;669;669;669,0;669;669,0;669,0;NA;NA;NA;NA;NA;NA;NA;NA;NA;NA;NA
2022-01-04;0-60;42;42,0;42;42;42;42;42;42;42;42,0;42;42,0;274;274,0;274,0;274,0;274;274;274;274;274,0;274;274,0;274,0;1,000000000000000;1,000000000000000;1,000000000000000;1,000000000000000;1,000000000000000;1,000000000000000;1,000000000000000;1,000000000000000;1,0000000000000000;1,0000000000000000;1,0000000000000000
2022-01-04;60+;60;60,0;60;60;60;60;60;60;60;60,0;60;60,0;406;406,0;406,0;406,0;406;406;406;406;406,0;406;406,0;406,0;1,000000000000000;1,000000000000000;1,000000000000000;1,000000000000000;1,000000000000000;1,000000000000000;1,000000000000000;1,000000000000000;1,0000000000000000;1,0000000000000000;1,0000000000000000
2022-01-04;alle;102;102,0;102;102;102;102;102;102;102;102,0;102;102,0;680;680,0;680,0;680,0;680;680;680;680;680,0;680;680,0;680,0;NA;NA;NA;NA;NA;NA;NA;NA;NA;NA;NA
2022-01-03;0-60;26;26,0;26;26;26;26;26;26;26;26,0;26;26,0;269;269,0;269,0;269,0;269;269;269;269;269,0;269;269,0;269,0;1,000000000000000;1,000000000000000;1,000000000000000;1,000000000000000;1,000000000000000;1,000000000000000;1,000000000000000;1,000000000000000;1,0000000000000000;1,0000000000000000;1,0000000000000000
2022-01-03;60+;32;32,0;32;32;32;32;32;32;32;32,0;32;32,0;413;413,0;413,0;413,0;413;413;413;413;413,0;413;413,0;413,0;1,000000000000000;1,000000000000000;1,000000000000000;1,000000000000000;1,000000000000000;1,000000000000000;1,000000000000000;1,000000000000000;1,0000000000000000;1,0000000000000000;1,0000000000000000
2022-01-03;alle;58;58,0;58;58;58;58;58;58;58;58,0;58;58,0;682;682,0;682,0;682,0;682;682;682;682;682,0;682;682,0;682,0;NA;NA;NA;NA;NA;NA;NA;NA;NA;NA;NA
2022-01-02;0-60;30;30,0;30;30;30;30;30;30;30;30,0;30;30,0;269;269,0;269,0;269,0;269;269;269;269;269,0;269;269,0;269,0;1,000000000000000;1,000000000000000;1,000000000000000;1,000000000000000;1,000000000000000;1,000000000000000;1,000000000000000;1,000000000000000;1,0000000000000000;1,0000000000000000;1,0000000000000000
2022-01-02;60+;23;23,0;23;23;23;23;23;23;23;23,0;23;23,0;414;414,0;414,0;414,0;414;414;414;414;414,0;414;414,0;414,0;1,000000000000000;1,000000000000000;1,000000000000000;1,000000000000000;1,000000000000000;1,000000000000000;1,000000000000000;1,000000000000000;1,0000000000000000;1,0000000000000000;1,0000000000000000
2022-01-02;alle;53;53,0;53;53;53;53;53;53;53;53,0;53;53,0;683;683,0;683,0;683,0;683;683;683;683;683,0;683;683,0;683,0;NA;NA;NA;NA;NA;NA;NA;NA;NA;NA;NA
2022-01-01;0-60;26;26,0;26;26;26;26;26;26;26;26,0;26;26,0;262;262,0;262,0;262,0;262;262;262;262;262,0;262;262,0;262,0;1,000000000000000;1,000000000000000;1,000000000000000;1,000000000000000;1,000000000000000;1,000000000000000;1,000000000000000;1,000000000000000;1,0000000000000000;1,0000000000000000;1,0000000000000000
2022-01-01;60+;44;44,0;44;44;44;44;44;44;44;44,0;44;44,0;423;423,0;423,0;423,0;423;423;423;423;423,0;423;423,0;423,0;1,000000000000000;1,000000000000000;1,000000000000000;1,000000000000000;1,000000000000000;1,000000000000000;1,000000000000000;1,000000000000000;1,0000000000000000;1,0000000000000000;1,0000000000000000
2022-01-01;alle;70;70,0;70;70;70;70;70;70;70;70,0;70;70,0;685;685,0;685,0;685,0;685;685;685;685;685,0;685;685,0;685,0;NA;NA;NA;NA;NA;NA;NA;NA;NA;NA;NA
2021-12-31;0-60;40;40,0;40;40;40;40;40;40;40;40,0;40;40,0;263;263,0;263,0;263,0;263;263;263;263;263,0;263;263,0;263,0;1,000000000000000;1,000000000000000;1,000000000000000;1,000000000000000;1,000000000000000;1,000000000000000;1,000000000000000;1,000000000000000;1,0000000000000000;1,0000000000000000;1,0000000000000000
2021-12-31;60+;89;89,0;89;89;89;89;89;89;89;89,0;89;89,0;431;431,0;431,0;431,0;431;431;431;431;431,0;431;431,0;431,0;1,000000000000000;1,000000000000000;1,000000000000000;1,000000000000000;1,000000000000000;1,000000000000000;1,000000000000000;1,000000000000000;1,0000000000000000;1,0000000000000000;1,0000000000000000
2021-12-31;alle;129;129,0;129;129;129;129;129;129;129;129,0;129;129,0;694;694,0;694,0;694,0;694;694;694;694;694,0;694;694,0;694,0;NA;NA;NA;NA;NA;NA;NA;NA;NA;NA;NA
2021-12-30;0-60;51;51,0;51;51;51;51;51;51;51;51,0;51;51,0;282;282,0;282,0;282,0;282;282;282;282;282,0;282;282,0;282,0;1,000000000000000;1,000000000000000;1,000000000000000;1,000000000000000;1,000000000000000;1,000000000000000;1,000000000000000;1,000000000000000;1,0000000000000000;1,0000000000000000;1,0000000000000000
2021-12-30;60+;75;75,0;75;75;75;75;75;75;75;75,0;75;75,0;426;426,0;426,0;426,0;426;426;426;426;426,0;426;426,0;426,0;1,000000000000000;1,000000000000000;1,000000000000000;1,000000000000000;1,000000000000000;1,000000000000000;1,000000000000000;1,000000000000000;1,0000000000000000;1,0000000000000000;1,0000000000000000
2021-12-30;alle;126;126,0;126;126;126;126;126;126;126;126,0;126;126,0;708;708,0;708,0;708,0;708;708;708;708;708,0;708;708,0;708,0;NA;NA;NA;NA;NA;NA;NA;NA;NA;NA;NA
2021-12-29;0-60;59;59,0;59;59;59;59;59;59;59;59,0;59;59,0;270;270,0;270,0;270,0;270;270;270;270;270,0;270;270,0;270,0;1,000000000000000;1,000000000000000;1,000000000000000;1,000000000000000;1,000000000000000;1,000000000000000;1,000000000000000;1,000000000000000;1,0000000000000000;1,0000000000000000;1,0000000000000000
2021-12-29;60+;83;83,0;83;83;83;83;83;83;83;83,0;83;83,0;441;441,0;441,0;441,0;441;441;441;441;441,0;441;441,0;441,0;1,000000000000000;1,000000000000000;1,000000000000000;1,000000000000000;1,000000000000000;1,000000000000000;1,000000000000000;1,000000000000000;1,0000000000000000;1,0000000000000000;1,0000000000000000
2021-12-29;alle;142;142,0;142;142;142;142;142;142;142;142,0;142;142,0;711;711,0;711,0;711,0;711;711;711;711;711,0;711;711,0;711,0;NA;NA;NA;NA;NA;NA;NA;NA;NA;NA;NA
2021-12-28;0-60;37;37,0;37;37;37;37;37;37;37;37,0;37;37,0;272;272,0;272,0;272,0;272;272;272;272;272,0;272;272,0;272,0;1,000000000000000;1,000000000000000;1,000000000000000;1,000000000000000;1,000000000000000;1,000000000000000;1,000000000000000;1,000000000000000;1,0000000000000000;1,0000000000000000;1,0000000000000000
2021-12-28;60+;67;67,0;67;67;67;67;67;67;67;67,0;67;67,0;464;464,0;464,0;464,0;464;464;464;464;464,0;464;464,0;464,0;1,000000000000000;1,000000000000000;1,000000000000000;1,000000000000000;1,000000000000000;1,000000000000000;1,000000000000000;1,000000000000000;1,0000000000000000;1,0000000000000000;1,0000000000000000
2021-12-28;alle;104;104,0;104;104;104;104;104;104;104;104,0;104;104,0;736;736,0;736,0;736,0;736;736;736;736;736,0;736;736,0;736,0;NA;NA;NA;NA;NA;NA;NA;NA;NA;NA;NA
2021-12-27;0-60;26;26,0;26;26;26;26;26;26;26;26,0;26;26,0;262;262,0;262,0;262,0;262;262;262;262;262,0;262;262,0;262,0;1,000000000000000;1,000000000000000;1,000000000000000;1,000000000000000;1,000000000000000;1,000000000000000;1,000000000000000;1,000000000000000;1,0000000000000000;1,0000000000000000;1,0000000000000000
2021-12-27;60+;33;33,0;33;33;33;33;33;33;33;33,0;33;33,0;474;474,0;474,0;474,0;474;474;474;474;474,0;474;474,0;474,0;1,000000000000000;1,000000000000000;1,000000000000000;1,000000000000000;1,000000000000000;1,000000000000000;1,000000000000000;1,000000000000000;1,0000000000000000;1,0000000000000000;1,0000000000000000
2021-12-27;alle;59;59,0;59;59;59;59;59;59;59;59,0;59;59,0;736;736,0;736,0;736,0;736;736;736;736;736,0;736;736,0;736,0;NA;NA;NA;NA;NA;NA;NA;NA;NA;NA;NA
2021-12-26;0-60;23;23,0;23;23;23;23;23;23;23;23,0;23;23,0;256;256,0;256,0;256,0;256;256;256;256;256,0;256;256,0;256,0;1,000000000000000;1,000000000000000;1,000000000000000;1,000000000000000;1,000000000000000;1,000000000000000;1,000000000000000;1,000000000000000;1,0000000000000000;1,0000000000000000;1,0000000000000000
2021-12-26;60+;32;32,0;32;32;32;32;32;32;32;32,0;32;32,0;500;500,0;500,0;500,0;500;500;500;500;500,0;500;500,0;500,0;1,000000000000000;1,000000000000000;1,000000000000000;1,000000000000000;1,000000000000000;1,000000000000000;1,000000000000000;1,000000000000000;1,0000000000000000;1,0000000000000000;1,0000000000000000
2021-12-26;alle;55;55,0;55;55;55;55;55;55;55;55,0;55;55,0;756;756,0;756,0;756,0;756;756;756;756;756,0;756;756,0;756,0;NA;NA;NA;NA;NA;NA;NA;NA;NA;NA;NA
2021-12-25;0-60;27;27,0;27;27;27;27;27;27;27;27,0;27;27,0;268;268,0;268,0;268,0;268;268;268;268;268,0;268;268,0;268,0;1,000000000000000;1,000000000000000;1,000000000000000;1,000000000000000;1,000000000000000;1,000000000000000;1,000000000000000;1,000000000000000;1,0000000000000000;1,0000000000000000;1,0000000000000000
2021-12-25;60+;52;52,0;52;52;52;52;52;52;52;52,0;52;52,0;568;568,0;568,0;568,0;568;568;568;568;568,0;568;568,0;568,0;1,000000000000000;1,000000000000000;1,000000000000000;1,000000000000000;1,000000000000000;1,000000000000000;1,000000000000000;1,000000000000000;1,0000000000000000;1,0000000000000000;1,0000000000000000
2021-12-25;alle;79;79,0;79;79;79;79;79;79;79;79,0;79;79,0;836;836,0;836,0;836,0;836;836;836;836;836,0;836;836,0;836,0;NA;NA;NA;NA;NA;NA;NA;NA;NA;NA;NA
2021-12-24;0-60;59;59,0;59;59;59;59;59;59;59;59,0;59;59,0;283;283,0;283,0;283,0;283;283;283;283;283,0;283;283,0;283,0;1,000000000000000;1,000000000000000;1,000000000000000;1,000000000000000;1,000000000000000;1,000000000000000;1,000000000000000;1,000000000000000;1,0000000000000000;1,0000000000000000;1,0000000000000000
2021-12-24;60+;84;84,0;84;84;84;84;84;84;84;84,0;84;84,0;619;619,0;619,0;619,0;619;619;619;619;619,0;619;619,0;619,0;1,000000000000000;1,000000000000000;1,000000000000000;1,000000000000000;1,000000000000000;1,000000000000000;1,000000000000000;1,000000000000000;1,0000000000000000;1,0000000000000000;1,0000000000000000
2021-12-24;alle;143;143,0;143;143;143;143;143;143;143;143,0;143;143,0;902;902,0;902,0;902,0;902;902;902;902;902,0;902;902,0;902,0;NA;NA;NA;NA;NA;NA;NA;NA;NA;NA;NA
2021-12-23;0-60;39;39,0;39;39;39;39;39;39;39;39,0;39;39,0;301;301,0;301,0;301,0;301;301;301;301;301,0;301;301,0;301,0;1,000000000000000;1,000000000000000;1,000000000000000;1,000000000000000;1,000000000000000;1,000000000000000;1,000000000000000;1,000000000000000;1,0000000000000000;1,0000000000000000;1,0000000000000000
2021-12-23;60+;90;90,0;90;90;90;90;90;90;90;90,0;90;90,0;649;649,0;649,0;649,0;649;649;649;649;649,0;649;649,0;649,0;1,000000000000000;1,000000000000000;1,000000000000000;1,000000000000000;1,000000000000000;1,000000000000000;1,000000000000000;1,000000000000000;1,0000000000000000;1,0000000000000000;1,0000000000000000
2021-12-23;alle;129;129,0;129;129;129;129;129;129;129;129,0;129;129,0;950;950,0;950,0;950,0;950;950;950;950;950,0;950;950,0;950,0;NA;NA;NA;NA;NA;NA;NA;NA;NA;NA;NA
2021-12-22;0-60;61;61,0;61;61;61;61;61;61;61;61,0;61;61,0;343;343,0;343,0;343,0;343;343;343;343;343,0;343;343,0;343,0;1,000000000000000;1,000000000000000;1,000000000000000;1,000000000000000;1,000000000000000;1,000000000000000;1,000000000000000;1,000000000000000;1,0000000000000000;1,0000000000000000;1,0000000000000000
2021-12-22;60+;106;106,0;106;106;106;106;106;106;106;106,0;106;106,0;683;683,0;683,0;683,0;683;683;683;683;683,0;683;683,0;683,0;1,000000000000000;1,000000000000000;1,000000000000000;1,000000000000000;1,000000000000000;1,000000000000000;1,000000000000000;1,000000000000000;1,0000000000000000;1,0000000000000000;1,0000000000000000
2021-12-22;alle;167;167,0;167;167;167;167;167;167;167;167,0;167;167,0;1026;1026,0;1026,0;1026,0;1026;1026;1026;1026;1026,0;1026;1026,0;1026,0;NA;NA;NA;NA;NA;NA;NA;NA;NA;NA;NA
2021-12-21;0-60;27;27,0;27;27;27;27;27;27;27;27,0;27;27,0;374;374,0;374,0;374,0;374;374;374;374;374,0;374;374,0;374,0;1,000000000000000;1,000000000000000;1,000000000000000;1,000000000000000;1,000000000000000;1,000000000000000;1,000000000000000;1,000000000000000;1,0000000000000000;1,0000000000000000;1,0000000000000000
2021-12-21;60+;77;77,0;77;77;77;77;77;77;77;77,0;77;77,0;741;741,0;741,0;741,0;741;741;741;741;741,0;741;741,0;741,0;1,000000000000000;1,000000000000000;1,000000000000000;1,000000000000000;1,000000000000000;1,000000000000000;1,000000000000000;1,000000000000000;1,0000000000000000;1,0000000000000000;1,0000000000000000
2021-12-21;alle;104;104,0;104;104;104;104;104;104;104;104,0;104;104,0;1115;1115,0;1115,0;1115,0;1115;1115;1115;1115;1115,0;1115;1115,0;1115,0;NA;NA;NA;NA;NA;NA;NA;NA;NA;NA;NA
2021-12-20;0-60;20;20,0;20;20;20;20;20;20;20;20,0;20;20,0;401;401,0;401,0;401,0;401;401;401;401;401,0;401;401,0;401,0;1,000000000000000;1,000000000000000;1,000000000000000;1,000000000000000;1,000000000000000;1,000000000000000;1,000000000000000;1,000000000000000;1,0000000000000000;1,0000000000000000;1,0000000000000000
2021-12-20;60+;59;59,0;59;59;59;59;59;59;59;59,0;59;59,0;777;777,0;777,0;777,0;777;777;777;777;777,0;777;777,0;777,0;1,000000000000000;1,000000000000000;1,000000000000000;1,000000000000000;1,000000000000000;1,000000000000000;1,000000000000000;1,000000000000000;1,0000000000000000;1,0000000000000000;1,0000000000000000
2021-12-20;alle;79;79,0;79;79;79;79;79;79;79;79,0;79;79,0;1178;1178,0;1178,0;1178,0;1178;1178;1178;1178;1178,0;1178;1178,0;1178,0;NA;NA;NA;NA;NA;NA;NA;NA;NA;NA;NA
2021-12-19;0-60;35;35,0;35;35;35;35;35;35;35;35,0;35;35,0;432;432,0;432,0;432,0;432;432;432;432;432,0;432;432,0;432,0;1,000000000000000;1,000000000000000;1,000000000000000;1,000000000000000;1,000000000000000;1,000000000000000;1,000000000000000;1,000000000000000;1,0000000000000000;1,0000000000000000;1,0000000000000000
2021-12-19;60+;100;100,0;100;100;100;100;100;100;100;100,0;100;100,0;802;802,0;802,0;802,0;802;802;802;802;802,0;802;802,0;802,0;1,000000000000000;1,000000000000000;1,000000000000000;1,000000000000000;1,000000000000000;1,000000000000000;1,000000000000000;1,000000000000000;1,0000000000000000;1,0000000000000000;1,0000000000000000
2021-12-19;alle;135;135,0;135;135;135;135;135;135;135;135,0;135;135,0;1234;1234,0;1234,0;1234,0;1234;1234;1234;1234;1234,0;1234;1234,0;1234,0;NA;NA;NA;NA;NA;NA;NA;NA;NA;NA;NA
2021-12-18;0-60;42;42,0;42;42;42;42;42;42;42;42,0;42;42,0;467;467,0;467,0;467,0;467;467;467;467;467,0;467;467,0;467,0;1,000000000000000;1,000000000000000;1,000000000000000;1,000000000000000;1,000000000000000;1,000000000000000;1,000000000000000;1,000000000000000;1,0000000000000000;1,0000000000000000;1,0000000000000000
2021-12-18;60+;103;103,0;103;103;103;103;103;103;103;103,0;103;103,0;818;818,0;818,0;818,0;818;818;818;818;818,0;818;818,0;818,0;1,000000000000000;1,000000000000000;1,000000000000000;1,000000000000000;1,000000000000000;1,000000000000000;1,000000000000000;1,000000000000000;1,0000000000000000;1,0000000000000000;1,0000000000000000
2021-12-18;alle;145;145,0;145;145;145;145;145;145;145;145,0;145;145,0;1285;1285,0;1285,0;1285,0;1285;1285;1285;1285;1285,0;1285;1285,0;1285,0;NA;NA;NA;NA;NA;NA;NA;NA;NA;NA;NA
2021-12-17;0-60;77;77,0;77;77;77;77;77;77;77;77,0;77;77,0;491;491,0;491,0;491,0;491;491;491;491;491,0;491;491,0;491,0;1,000000000000000;1,000000000000000;1,000000000000000;1,000000000000000;1,000000000000000;1,000000000000000;1,000000000000000;1,000000000000000;1,0000000000000000;1,0000000000000000;1,0000000000000000
2021-12-17;60+;114;114,0;114;114;114;114;114;114;114;114,0;114;114,0;851;851,0;851,0;851,0;851;851;851;851;851,0;851;851,0;851,0;1,000000000000000;1,000000000000000;1,000000000000000;1,000000000000000;1,000000000000000;1,000000000000000;1,000000000000000;1,000000000000000;1,0000000000000000;1,0000000000000000;1,0000000000000000
2021-12-17;alle;191;191,0;191;191;191;191;191;191;191;191,0;191;191,0;1342;1342,0;1342,0;1342,0;1342;1342;1342;1342;1342,0;1342;1342,0;1342,0;NA;NA;NA;NA;NA;NA;NA;NA;NA;NA;NA
2021-12-16;0-60;81;81,0;81;81;81;81;81;81;81;81,0;81;81,0;520;520,0;520,0;520,0;520;520;520;520;520,0;520;520,0;520,0;1,000000000000000;1,000000000000000;1,000000000000000;1,000000000000000;1,000000000000000;1,000000000000000;1,000000000000000;1,000000000000000;1,0000000000000000;1,0000000000000000;1,0000000000000000
2021-12-16;60+;124;124,0;124;124;124;124;124;124;124;124,0;124;124,0;908;908,0;908,0;908,0;908;908;908;908;908,0;908;908,0;908,0;1,000000000000000;1,000000000000000;1,000000000000000;1,000000000000000;1,000000000000000;1,000000000000000;1,000000000000000;1,000000000000000;1,0000000000000000;1,0000000000000000;1,0000000000000000
2021-12-16;alle;205;205,0;205;205;205;205;205;205;205;205,0;205;205,0;1428;1428,0;1428,0;1428,0;1428;1428;1428;1428;1428,0;1428;1428,0;1428,0;NA;NA;NA;NA;NA;NA;NA;NA;NA;NA;NA
2021-12-15;0-60;92;92,0;92;92;92;92;92;92;92;92,0;92;92,0;549;549,0;549,0;549,0;549;549;549;549;549,0;549;549,0;549,0;1,000000000000000;1,000000000000000;1,000000000000000;1,000000000000000;1,000000000000000;1,000000000000000;1,000000000000000;1,000000000000000;1,0000000000000000;1,0000000000000000;1,0000000000000000
2021-12-15;60+;164;164,0;164;164;164;164;164;164;164;164,0;164;164,0;987;987,0;987,0;987,0;987;987;987;987;987,0;987;987,0;987,0;1,000000000000000;1,000000000000000;1,000000000000000;1,000000000000000;1,000000000000000;1,000000000000000;1,000000000000000;1,000000000000000;1,0000000000000000;1,0000000000000000;1,0000000000000000
2021-12-15;alle;256;256,0;256;256;256;256;256;256;256;256,0;256;256,0;1536;1536,0;1536,0;1536,0;1536;1536;1536;1536;1536,0;1536;1536,0;1536,0;NA;NA;NA;NA;NA;NA;NA;NA;NA;NA;NA
2021-12-14;0-60;54;54,0;54;54;54;54;54;54;54;54,0;54;54,0;594;594,0;594,0;594,0;594;594;594;594;594,0;594;594,0;594,0;1,000000000000000;1,000000000000000;1,000000000000000;1,000000000000000;1,000000000000000;1,000000000000000;1,000000000000000;1,000000000000000;1,0000000000000000;1,0000000000000000;1,0000000000000000
2021-12-14;60+;113;113,0;113;113;113;113;113;113;113;113,0;113;113,0;1043;1043,0;1043,0;1043,0;1043;1043;1043;1043;1043,0;1043;1043,0;1043,0;1,000000000000000;1,000000000000000;1,000000000000000;1,000000000000000;1,000000000000000;1,000000000000000;1,000000000000000;1,000000000000000;1,0000000000000000;1,0000000000000000;1,0000000000000000
2021-12-14;alle;167;167,0;167;167;167;167;167;167;167;167,0;167;167,0;1637;1637,0;1637,0;1637,0;1637;1637;1637;1637;1637,0;1637;1637,0;1637,0;NA;NA;NA;NA;NA;NA;NA;NA;NA;NA;NA
2021-12-13;0-60;51;51,0;51;51;51;51;51;51;51;51,0;51;51,0;604;604,0;604,0;604,0;604;604;604;604;604,0;604;604,0;604,0;1,000000000000000;1,000000000000000;1,000000000000000;1,000000000000000;1,000000000000000;1,000000000000000;1,000000000000000;1,000000000000000;1,0000000000000000;1,0000000000000000;1,0000000000000000
2021-12-13;60+;84;84,0;84;84;84;84;84;84;84;84,0;84;84,0;1089;1089,0;1089,0;1089,0;1089;1089;1089;1089;1089,0;1089;1089,0;1089,0;1,000000000000000;1,000000000000000;1,000000000000000;1,000000000000000;1,000000000000000;1,000000000000000;1,000000000000000;1,000000000000000;1,0000000000000000;1,0000000000000000;1,0000000000000000
2021-12-13;alle;135;135,0;135;135;135;135;135;135;135;135,0;135;135,0;1693;1693,0;1693,0;1693,0;1693;1693;1693;1693;1693,0;1693;1693,0;1693,0;NA;NA;NA;NA;NA;NA;NA;NA;NA;NA;NA
2021-12-12;0-60;70;70,0;70;70;70;70;70;70;70;70,0;70;70,0;616;616,0;616,0;616,0;616;616;616;616;616,0;616;616,0;616,0;1,000000000000000;1,000000000000000;1,000000000000000;1,000000000000000;1,000000000000000;1,000000000000000;1,000000000000000;1,000000000000000;1,0000000000000000;1,0000000000000000;1,0000000000000000
2021-12-12;60+;116;116,0;116;116;116;116;116;116;116;116,0;116;116,0;1133;1133,0;1133,0;1133,0;1133;1133;1133;1133;1133,0;1133;1133,0;1133,0;1,000000000000000;1,000000000000000;1,000000000000000;1,000000000000000;1,000000000000000;1,000000000000000;1,000000000000000;1,000000000000000;1,0000000000000000;1,0000000000000000;1,0000000000000000
2021-12-12;alle;186;186,0;186;186;186;186;186;186;186;186,0;186;186,0;1749;1749,0;1749,0;1749,0;1749;1749;1749;1749;1749,0;1749;1749,0;1749,0;NA;NA;NA;NA;NA;NA;NA;NA;NA;NA;NA
2021-12-11;0-60;66;66,0;66;66;66;66;66;66;66;66,0;66;66,0;638;638,0;638,0;638,0;638;638;638;638;638,0;638;638,0;638,0;1,000000000000000;1,000000000000000;1,000000000000000;1,000000000000000;1,000000000000000;1,000000000000000;1,000000000000000;1,000000000000000;1,0000000000000000;1,0000000000000000;1,0000000000000000
2021-12-11;60+;136;136,0;136;136;136;136;136;136;136;136,0;136;136,0;1154;1154,0;1154,0;1154,0;1154;1154;1154;1154;1154,0;1154;1154,0;1154,0;1,000000000000000;1,000000000000000;1,000000000000000;1,000000000000000;1,000000000000000;1,000000000000000;1,000000000000000;1,000000000000000;1,0000000000000000;1,0000000000000000;1,0000000000000000
2021-12-11;alle;202;202,0;202;202;202;202;202;202;202;202,0;202;202,0;1792;1792,0;1792,0;1792,0;1792;1792;1792;1792;1792,0;1792;1792,0;1792,0;NA;NA;NA;NA;NA;NA;NA;NA;NA;NA;NA
2021-12-10;0-60;106;106,0;106;106;106;106;106;106;106;106,0;106;106,0;678;678,0;678,0;678,0;678;678;678;678;678,0;678;678,0;678,0;1,000000000000000;1,000000000000000;1,000000000000000;1,000000000000000;1,000000000000000;1,000000000000000;1,000000000000000;1,000000000000000;1,0000000000000000;1,0000000000000000;1,0000000000000000
2021-12-10;60+;171;171,0;171;171;171;171;171;171;171;171,0;171;171,0;1214;1214,0;1214,0;1214,0;1214;1214;1214;1214;1214,0;1214;1214,0;1214,0;1,000000000000000;1,000000000000000;1,000000000000000;1,000000000000000;1,000000000000000;1,000000000000000;1,000000000000000;1,000000000000000;1,0000000000000000;1,0000000000000000;1,0000000000000000
2021-12-10;alle;277;277,0;277;277;277;277;277;277;277;277,0;277;277,0;1892;1892,0;1892,0;1892,0;1892;1892;1892;1892;1892,0;1892;1892,0;1892,0;NA;NA;NA;NA;NA;NA;NA;NA;NA;NA;NA
2021-12-09;0-60;110;110,0;110;110;110;110;110;110;110;110,0;110;110,0;691;691,0;691,0;691,0;691;691;691;691;691,0;691;691,0;691,0;1,000000000000000;1,000000000000000;1,000000000000000;1,000000000000000;1,000000000000000;1,000000000000000;1,000000000000000;1,000000000000000;1,0000000000000000;1,0000000000000000;1,0000000000000000
2021-12-09;60+;203;203,0;203;203;203;203;203;203;203;203,0;203;203,0;1286;1286,0;1286,0;1286,0;1286;1286;1286;1286;1286,0;1286;1286,0;1286,0;1,000000000000000;1,000000000000000;1,000000000000000;1,000000000000000;1,000000000000000;1,000000000000000;1,000000000000000;1,000000000000000;1,0000000000000000;1,0000000000000000;1,0000000000000000
2021-12-09;alle;313;313,0;313;313;313;313;313;313;313;313,0;313;313,0;1977;1977,0;1977,0;1977,0;1977;1977;1977;1977;1977,0;1977;1977,0;1977,0;NA;NA;NA;NA;NA;NA;NA;NA;NA;NA;NA
2021-12-08;0-60;137;137,0;137;137;137;137;137;137;137;137,0;137;137,0;711;711,0;711,0;711,0;711;711;711;711;711,0;711;711,0;711,0;1,000000000000000;1,000000000000000;1,000000000000000;1,000000000000000;1,000000000000000;1,000000000000000;1,000000000000000;1,000000000000000;1,0000000000000000;1,0000000000000000;1,0000000000000000
2021-12-08;60+;220;220,0;220;220;220;220;220;220;220;220,0;220;220,0;1365;1365,0;1365,0;1365,0;1365;1365;1365;1365;1365,0;1365;1365,0;1365,0;1,000000000000000;1,000000000000000;1,000000000000000;1,000000000000000;1,000000000000000;1,000000000000000;1,000000000000000;1,000000000000000;1,0000000000000000;1,0000000000000000;1,0000000000000000
2021-12-08;alle;357;357,0;357;357;357;357;357;357;357;357,0;357;357,0;2076;2076,0;2076,0;2076,0;2076;2076;2076;2076;2076,0;2076;2076,0;2076,0;NA;NA;NA;NA;NA;NA;NA;NA;NA;NA;NA
2021-12-07;0-60;64;64,0;64;64;64;64;64;64;64;64,0;64;64,0;701;701,0;701,0;701,0;701;701;701;701;701,0;701;701,0;701,0;1,000000000000000;1,000000000000000;1,000000000000000;1,000000000000000;1,000000000000000;1,000000000000000;1,000000000000000;1,000000000000000;1,0000000000000000;1,0000000000000000;1,0000000000000000
2021-12-07;60+;159;159,0;159;159;159;159;159;159;159;159,0;159;159,0;1422;1422,0;1422,0;1422,0;1422;1422;1422;1422;1422,0;1422;1422,0;1422,0;1,000000000000000;1,000000000000000;1,000000000000000;1,000000000000000;1,000000000000000;1,000000000000000;1,000000000000000;1,000000000000000;1,0000000000000000;1,0000000000000000;1,0000000000000000
2021-12-07;alle;223;223,0;223;223;223;223;223;223;223;223,0;223;223,0;2123;2123,0;2123,0;2123,0;2123;2123;2123;2123;2123,0;2123;2123,0;2123,0;NA;NA;NA;NA;NA;NA;NA;NA;NA;NA;NA
2021-12-06;0-60;63;63,0;63;63;63;63;63;63;63;63,0;63;63,0;729;729,0;729,0;729,0;729;729;729;729;729,0;729;729,0;729,0;1,000000000000000;1,000000000000000;1,000000000000000;1,000000000000000;1,000000000000000;1,000000000000000;1,000000000000000;1,000000000000000;1,0000000000000000;1,0000000000000000;1,0000000000000000
2021-12-06;60+;128;128,0;128;128;128;128;128;128;128;128,0;128;128,0;1482;1482,0;1482,0;1482,0;1482;1482;1482;1482;1482,0;1482;1482,0;1482,0;1,000000000000000;1,000000000000000;1,000000000000000;1,000000000000000;1,000000000000000;1,000000000000000;1,000000000000000;1,000000000000000;1,0000000000000000;1,0000000000000000;1,0000000000000000
2021-12-06;alle;191;191,0;191;191;191;191;191;191;191;191,0;191;191,0;2211;2211,0;2211,0;2211,0;2211;2211;2211;2211;2211,0;2211;2211,0;2211,0;NA;NA;NA;NA;NA;NA;NA;NA;NA;NA;NA
2021-12-05;0-60;92;92,0;92;92;92;92;92;92;92;92,0;92;92,0;741;741,0;741,0;741,0;741;741;741;741;741,0;741;741,0;741,0;1,000000000000000;1,000000000000000;1,000000000000000;1,000000000000000;1,000000000000000;1,000000000000000;1,000000000000000;1,000000000000000;1,0000000000000000;1,0000000000000000;1,0000000000000000
2021-12-05;60+;137;137,0;137;137;137;137;137;137;137;137,0;137;137,0;1493;1493,0;1493,0;1493,0;1493;1493;1493;1493;1493,0;1493;1493,0;1493,0;1,000000000000000;1,000000000000000;1,000000000000000;1,000000000000000;1,000000000000000;1,000000000000000;1,000000000000000;1,000000000000000;1,0000000000000000;1,0000000000000000;1,0000000000000000
2021-12-05;alle;229;229,0;229;229;229;229;229;229;229;229,0;229;229,0;2234;2234,0;2234,0;2234,0;2234;2234;2234;2234;2234,0;2234;2234,0;2234,0;NA;NA;NA;NA;NA;NA;NA;NA;NA;NA;NA
2021-12-04;0-60;106;106,0;106;106;106;106;106;106;106;106,0;106;106,0;740;740,0;740,0;740,0;740;740;740;740;740,0;740;740,0;740,0;1,000000000000000;1,000000000000000;1,000000000000000;1,000000000000000;1,000000000000000;1,000000000000000;1,000000000000000;1,000000000000000;1,0000000000000000;1,0000000000000000;1,0000000000000000
2021-12-04;60+;196;196,0;196;196;196;196;196;196;196;196,0;196;196,0;1546;1546,0;1546,0;1546,0;1546;1546;1546;1546;1546,0;1546;1546,0;1546,0;1,000000000000000;1,000000000000000;1,000000000000000;1,000000000000000;1,000000000000000;1,000000000000000;1,000000000000000;1,000000000000000;1,0000000000000000;1,0000000000000000;1,0000000000000000
2021-12-04;alle;302;302,0;302;302;302;302;302;302;302;302,0;302;302,0;2286;2286,0;2286,0;2286,0;2286;2286;2286;2286;2286,0;2286;2286,0;2286,0;NA;NA;NA;NA;NA;NA;NA;NA;NA;NA;NA
2021-12-03;0-60;119;119,0;119;119;119;119;119;119;119;119,0;119;119,0;746;746,0;746,0;746,0;746;746;746;746;746,0;746;746,0;746,0;1,000000000000000;1,000000000000000;1,000000000000000;1,000000000000000;1,000000000000000;1,000000000000000;1,000000000000000;1,000000000000000;1,0000000000000000;1,0000000000000000;1,0000000000000000
2021-12-03;60+;243;243,0;243;243;243;243;243;243;243;243,0;243;243,0;1579;1579,0;1579,0;1579,0;1579;1579;1579;1579;1579,0;1579;1579,0;1579,0;1,000000000000000;1,000000000000000;1,000000000000000;1,000000000000000;1,000000000000000;1,000000000000000;1,000000000000000;1,000000000000000;1,0000000000000000;1,0000000000000000;1,0000000000000000
2021-12-03;alle;362;362,0;362;362;362;362;362;362;362;362,0;362;362,0;2325;2325,0;2325,0;2325,0;2325;2325;2325;2325;2325,0;2325;2325,0;2325,0;NA;NA;NA;NA;NA;NA;NA;NA;NA;NA;NA
2021-12-02;0-60;130;130,0;130;130;130;130;130;130;130;130,0;130;130,0;767;767,0;767,0;767,0;767;767;767;767;767,0;767;767,0;767,0;1,000000000000000;1,000000000000000;1,000000000000000;1,000000000000000;1,000000000000000;1,000000000000000;1,000000000000000;1,000000000000000;1,0000000000000000;1,0000000000000000;1,0000000000000000
2021-12-02;60+;282;282,0;282;282;282;282;282;282;282;282,0;282;282,0;1608;1608,0;1608,0;1608,0;1608;1608;1608;1608;1608,0;1608;1608,0;1608,0;1,000000000000000;1,000000000000000;1,000000000000000;1,000000000000000;1,000000000000000;1,000000000000000;1,000000000000000;1,000000000000000;1,0000000000000000;1,0000000000000000;1,0000000000000000
2021-12-02;alle;412;412,0;412;412;412;412;412;412;412;412,0;412;412,0;2375;2375,0;2375,0;2375,0;2375;2375;2375;2375;2375,0;2375;2375,0;2375,0;NA;NA;NA;NA;NA;NA;NA;NA;NA;NA;NA
2021-12-01;0-60;127;127,0;127;127;127;127;127;127;127;127,0;127;127,0;779;779,0;779,0;779,0;779;779;779;779;779,0;779;779,0;779,0;1,000000000000000;1,000000000000000;1,000000000000000;1,000000000000000;1,000000000000000;1,000000000000000;1,000000000000000;1,000000000000000;1,0000000000000000;1,0000000000000000;1,0000000000000000
2021-12-01;60+;277;277,0;277;277;277;277;277;277;277;277,0;277;277,0;1641;1641,0;1641,0;1641,0;1641;1641;1641;1641;1641,0;1641;1641,0;1641,0;1,000000000000000;1,000000000000000;1,000000000000000;1,000000000000000;1,000000000000000;1,000000000000000;1,000000000000000;1,000000000000000;1,0000000000000000;1,0000000000000000;1,0000000000000000
2021-12-01;alle;404;404,0;404;404;404;404;404;404;404;404,0;404;404,0;2420;2420,0;2420,0;2420,0;2420;2420;2420;2420;2420,0;2420;2420,0;2420,0;NA;NA;NA;NA;NA;NA;NA;NA;NA;NA;NA
2021-11-30;0-60;92;92,0;92;92;92;92;92;92;92;92,0;92;92,0;812;812,0;812,0;812,0;812;812;812;812;812,0;812;812,0;812,0;1,000000000000000;1,000000000000000;1,000000000000000;1,000000000000000;1,000000000000000;1,000000000000000;1,000000000000000;1,000000000000000;1,0000000000000000;1,0000000000000000;1,0000000000000000
2021-11-30;60+;219;219,0;219;219;219;219;219;219;219;219,0;219;219,0;1709;1709,0;1709,0;1709,0;1709;1709;1709;1709;1709,0;1709;1709,0;1709,0;1,000000000000000;1,000000000000000;1,000000000000000;1,000000000000000;1,000000000000000;1,000000000000000;1,000000000000000;1,000000000000000;1,0000000000000000;1,0000000000000000;1,0000000000000000
2021-11-30;alle;311;311,0;311;311;311;311;311;311;311;311,0;311;311,0;2521;2521,0;2521,0;2521,0;2521;2521;2521;2521;2521,0;2521;2521,0;2521,0;NA;NA;NA;NA;NA;NA;NA;NA;NA;NA;NA
2021-11-29;0-60;75;75,0;75;75;75;75;75;75;75;75,0;75;75,0;816;816,0;816,0;816,0;816;816;816;816;816,0;816;816,0;816,0;1,000000000000000;1,000000000000000;1,000000000000000;1,000000000000000;1,000000000000000;1,000000000000000;1,000000000000000;1,000000000000000;1,0000000000000000;1,0000000000000000;1,0000000000000000
2021-11-29;60+;139;139,0;139;139;139;139;139;139;139;139,0;139;139,0;1758;1758,0;1758,0;1758,0;1758;1758;1758;1758;1758,0;1758;1758,0;1758,0;1,000000000000000;1,000000000000000;1,000000000000000;1,000000000000000;1,000000000000000;1,000000000000000;1,000000000000000;1,000000000000000;1,0000000000000000;1,0000000000000000;1,0000000000000000
2021-11-29;alle;214;214,0;214;214;214;214;214;214;214;214,0;214;214,0;2574;2574,0;2574,0;2574,0;2574;2574;2574;2574;2574,0;2574;2574,0;2574,0;NA;NA;NA;NA;NA;NA;NA;NA;NA;NA;NA
2021-11-28;0-60;91;91,0;91;91;91;91;91;91;91;91,0;91;91,0;817;817,0;817,0;817,0;817;817;817;817;817,0;817;817,0;817,0;1,000000000000000;1,000000000000000;1,000000000000000;1,000000000000000;1,000000000000000;1,000000000000000;1,000000000000000;1,000000000000000;1,0000000000000000;1,0000000000000000;1,0000000000000000
2021-11-28;60+;190;190,0;190;190;190;190;190;190;190;190,0;190;190,0;1799;1799,0;1799,0;1799,0;1799;1799;1799;1799;1799,0;1799;1799,0;1799,0;1,000000000000000;1,000000000000000;1,000000000000000;1,000000000000000;1,000000000000000;1,000000000000000;1,000000000000000;1,000000000000000;1,0000000000000000;1,0000000000000000;1,0000000000000000
2021-11-28;alle;281;281,0;281;281;281;281;281;281;281;281,0;281;281,0;2616;2616,0;2616,0;2616,0;2616;2616;2616;2616;2616,0;2616;2616,0;2616,0;NA;NA;NA;NA;NA;NA;NA;NA;NA;NA;NA
2021-11-27;0-60;112;112,0;112;112;112;112;112;112;112;112,0;112;112,0;795;795,0;795,0;795,0;795;795;795;795;795,0;795;795,0;795,0;1,000000000000000;1,000000000000000;1,000000000000000;1,000000000000000;1,000000000000000;1,000000000000000;1,000000000000000;1,000000000000000;1,0000000000000000;1,0000000000000000;1,0000000000000000
2021-11-27;60+;229;229,0;229;229;229;229;229;229;229;229,0;229;229,0;1779;1779,0;1779,0;1779,0;1779;1779;1779;1779;1779,0;1779;1779,0;1779,0;1,000000000000000;1,000000000000000;1,000000000000000;1,000000000000000;1,000000000000000;1,000000000000000;1,000000000000000;1,000000000000000;1,0000000000000000;1,0000000000000000;1,0000000000000000
2021-11-27;alle;341;341,0;341;341;341;341;341;341;341;341,0;341;341,0;2574;2574,0;2574,0;2574,0;2574;2574;2574;2574;2574,0;2574;2574,0;2574,0;NA;NA;NA;NA;NA;NA;NA;NA;NA;NA;NA
2021-11-26;0-60;140;140,0;140;140;140;140;140;140;140;140,0;140;140,0;830;830,0;830,0;830,0;830;830;830;830;830,0;830;830,0;830,0;1,000000000000000;1,000000000000000;1,000000000000000;1,000000000000000;1,000000000000000;1,000000000000000;1,000000000000000;1,000000000000000;1,0000000000000000;1,0000000000000000;1,0000000000000000
2021-11-26;60+;272;272,0;272;272;272;272;272;272;272;272,0;272;272,0;1820;1820,0;1820,0;1820,0;1820;1820;1820;1820;1820,0;1820;1820,0;1820,0;1,000000000000000;1,000000000000000;1,000000000000000;1,000000000000000;1,000000000000000;1,000000000000000;1,000000000000000;1,000000000000000;1,0000000000000000;1,0000000000000000;1,0000000000000000
2021-11-26;alle;412;412,0;412;412;412;412;412;412;412;412,0;412;412,0;2650;2650,0;2650,0;2650,0;2650;2650;2650;2650;2650,0;2650;2650,0;2650,0;NA;NA;NA;NA;NA;NA;NA;NA;NA;NA;NA
2021-11-25;0-60;142;142,0;142;142;142;142;142;142;142;142,0;142;142,0;841;841,0;841,0;841,0;841;841;841;841;841,0;841;841,0;841,0;1,000000000000000;1,000000000000000;1,000000000000000;1,000000000000000;1,000000000000000;1,000000000000000;1,000000000000000;1,000000000000000;1,0000000000000000;1,0000000000000000;1,0000000000000000
2021-11-25;60+;315;315,0;315;315;315;315;315;315;315;315,0;315;315,0;1860;1860,0;1860,0;1860,0;1860;1860;1860;1860;1860,0;1860;1860,0;1860,0;1,000000000000000;1,000000000000000;1,000000000000000;1,000000000000000;1,000000000000000;1,000000000000000;1,000000000000000;1,000000000000000;1,0000000000000000;1,0000000000000000;1,0000000000000000
2021-11-25;alle;457;457,0;457;457;457;457;457;457;457;457,0;457;457,0;2701;2701,0;2701,0;2701,0;2701;2701;2701;2701;2701,0;2701;2701,0;2701,0;NA;NA;NA;NA;NA;NA;NA;NA;NA;NA;NA
2021-11-24;0-60;160;160,0;160;160;160;160;160;160;160;160,0;160;160,0;883;883,0;883,0;883,0;883;883;883;883;883,0;883;883,0;883,0;1,000000000000000;1,000000000000000;1,000000000000000;1,000000000000000;1,000000000000000;1,000000000000000;1,000000000000000;1,000000000000000;1,0000000000000000;1,0000000000000000;1,0000000000000000
2021-11-24;60+;345;345,0;345;345;345;345;345;345;345;345,0;345;345,0;1869;1869,0;1869,0;1869,0;1869;1869;1869;1869;1869,0;1869;1869,0;1869,0;1,000000000000000;1,000000000000000;1,000000000000000;1,000000000000000;1,000000000000000;1,000000000000000;1,000000000000000;1,000000000000000;1,0000000000000000;1,0000000000000000;1,0000000000000000
2021-11-24;alle;505;505,0;505;505;505;505;505;505;505;505,0;505;505,0;2752;2752,0;2752,0;2752,0;2752;2752;2752;2752;2752,0;2752;2752,0;2752,0;NA;NA;NA;NA;NA;NA;NA;NA;NA;NA;NA
2021-11-23;0-60;96;96,0;96;96;96;96;96;96;96;96,0;96;96,0;892;892,0;892,0;892,0;892;892;892;892;892,0;892;892,0;892,0;1,000000000000000;1,000000000000000;1,000000000000000;1,000000000000000;1,000000000000000;1,000000000000000;1,000000000000000;1,000000000000000;1,0000000000000000;1,0000000000000000;1,0000000000000000
2021-11-23;60+;268;268,0;268;268;268;268;268;268;268;268,0;268;268,0;1893;1893,0;1893,0;1893,0;1893;1893;1893;1893;1893,0;1893;1893,0;1893,0;1,000000000000000;1,000000000000000;1,000000000000000;1,000000000000000;1,000000000000000;1,000000000000000;1,000000000000000;1,000000000000000;1,0000000000000000;1,0000000000000000;1,0000000000000000
2021-11-23;alle;364;364,0;364;364;364;364;364;364;364;364,0;364;364,0;2785;2785,0;2785,0;2785,0;2785;2785;2785;2785;2785,0;2785;2785,0;2785,0;NA;NA;NA;NA;NA;NA;NA;NA;NA;NA;NA
2021-11-22;0-60;76;76,0;76;76;76;76;76;76;76;76,0;76;76,0;914;914,0;914,0;914,0;914;914;914;914;914,0;914;914,0;914,0;1,000000000000000;1,000000000000000;1,000000000000000;1,000000000000000;1,000000000000000;1,000000000000000;1,000000000000000;1,000000000000000;1,0000000000000000;1,0000000000000000;1,0000000000000000
2021-11-22;60+;180;180,0;180;180;180;180;180;180;180;180,0;180;180,0;1849;1849,0;1849,0;1849,0;1849;1849;1849;1849;1849,0;1849;1849,0;1849,0;1,000000000000000;1,000000000000000;1,000000000000000;1,000000000000000;1,000000000000000;1,000000000000000;1,000000000000000;1,000000000000000;1,0000000000000000;1,0000000000000000;1,0000000000000000
2021-11-22;alle;256;256,0;256;256;256;256;256;256;256;256,0;256;256,0;2763;2763,0;2763,0;2763,0;2763;2763;2763;2763;2763,0;2763;2763,0;2763,0;NA;NA;NA;NA;NA;NA;NA;NA;NA;NA;NA
2021-11-21;0-60;69;69,0;69;69;69;69;69;69;69;69,0;69;69,0;912;912,0;912,0;912,0;912;912;912;912;912,0;912;912,0;912,0;1,000000000000000;1,000000000000000;1,000000000000000;1,000000000000000;1,000000000000000;1,000000000000000;1,000000000000000;1,000000000000000;1,0000000000000000;1,0000000000000000;1,0000000000000000
2021-11-21;60+;170;170,0;170;170;170;170;170;170;170;170,0;170;170,0;1873;1873,0;1873,0;1873,0;1873;1873;1873;1873;1873,0;1873;1873,0;1873,0;1,000000000000000;1,000000000000000;1,000000000000000;1,000000000000000;1,000000000000000;1,000000000000000;1,000000000000000;1,000000000000000;1,0000000000000000;1,0000000000000000;1,0000000000000000
2021-11-21;alle;239;239,0;239;239;239;239;239;239;239;239,0;239;239,0;2785;2785,0;2785,0;2785,0;2785;2785;2785;2785;2785,0;2785;2785,0;2785,0;NA;NA;NA;NA;NA;NA;NA;NA;NA;NA;NA
2021-11-20;0-60;147;147,0;147;147;147;147;147;147;147;147,0;147;147,0;945;945,0;945,0;945,0;945;945;945;945;945,0;945;945,0;945,0;1,000000000000000;1,000000000000000;1,000000000000000;1,000000000000000;1,000000000000000;1,000000000000000;1,000000000000000;1,000000000000000;1,0000000000000000;1,0000000000000000;1,0000000000000000
2021-11-20;60+;270;270,0;270;270;270;270;270;270;270;270,0;270;270,0;1871;1871,0;1871,0;1871,0;1871;1871;1871;1871;1871,0;1871;1871,0;1871,0;1,000000000000000;1,000000000000000;1,000000000000000;1,000000000000000;1,000000000000000;1,000000000000000;1,000000000000000;1,000000000000000;1,0000000000000000;1,0000000000000000;1,0000000000000000
2021-11-20;alle;417;417,0;417;417;417;417;417;417;417;417,0;417;417,0;2816;2816,0;2816,0;2816,0;2816;2816;2816;2816;2816,0;2816;2816,0;2816,0;NA;NA;NA;NA;NA;NA;NA;NA;NA;NA;NA
2021-11-19;0-60;151;151,0;151;151;151;151;151;151;151;151,0;151;151,0;943;943,0;943,0;943,0;943;943;943;943;943,0;943;943,0;943,0;1,000000000000000;1,000000000000000;1,000000000000000;1,000000000000000;1,000000000000000;1,000000000000000;1,000000000000000;1,000000000000000;1,0000000000000000;1,0000000000000000;1,0000000000000000
2021-11-19;60+;312;312,0;312;312;312;312;312;312;312;312,0;312;312,0;1848;1848,0;1848,0;1848,0;1848;1848;1848;1848;1848,0;1848;1848,0;1848,0;1,000000000000000;1,000000000000000;1,000000000000000;1,000000000000000;1,000000000000000;1,000000000000000;1,000000000000000;1,000000000000000;1,0000000000000000;1,0000000000000000;1,0000000000000000
2021-11-19;alle;463;463,0;463;463;463;463;463;463;463;463,0;463;463,0;2791;2791,0;2791,0;2791,0;2791;2791;2791;2791;2791,0;2791;2791,0;2791,0;NA;NA;NA;NA;NA;NA;NA;NA;NA;NA;NA
2021-11-18;0-60;184;184,0;184;184;184;184;184;184;184;184,0;184;184,0;934;934,0;934,0;934,0;934;934;934;934;934,0;934;934,0;934,0;1,000000000000000;1,000000000000000;1,000000000000000;1,000000000000000;1,000000000000000;1,000000000000000;1,000000000000000;1,000000000000000;1,0000000000000000;1,0000000000000000;1,0000000000000000
2021-11-18;60+;324;324,0;324;324;324;324;324;324;324;324,0;324;324,0;1782;1782,0;1782,0;1782,0;1782;1782;1782;1782;1782,0;1782;1782,0;1782,0;1,000000000000000;1,000000000000000;1,000000000000000;1,000000000000000;1,000000000000000;1,000000000000000;1,000000000000000;1,000000000000000;1,0000000000000000;1,0000000000000000;1,0000000000000000
2021-11-18;alle;508;508,0;508;508;508;508;508;508;508;508,0;508;508,0;2716;2716,0;2716,0;2716,0;2716;2716;2716;2716;2716,0;2716;2716,0;2716,0;NA;NA;NA;NA;NA;NA;NA;NA;NA;NA;NA
2021-11-17;0-60;169;169,0;169;169;169;169;169;169;169;169,0;169;169,0;884;884,0;884,0;884,0;884;884;884;884;884,0;884;884,0;884,0;1,000000000000000;1,000000000000000;1,000000000000000;1,000000000000000;1,000000000000000;1,000000000000000;1,000000000000000;1,000000000000000;1,0000000000000000;1,0000000000000000;1,0000000000000000
2021-11-17;60+;369;369,0;369;369;369;369;369;369;369;369,0;369;369,0;1708;1708,0;1708,0;1708,0;1708;1708;1708;1708;1708,0;1708;1708,0;1708,0;1,000000000000000;1,000000000000000;1,000000000000000;1,000000000000000;1,000000000000000;1,000000000000000;1,000000000000000;1,000000000000000;1,0000000000000000;1,0000000000000000;1,0000000000000000
2021-11-17;alle;538;538,0;538;538;538;538;538;538;538;538,0;538;538,0;2592;2592,0;2592,0;2592,0;2592;2592;2592;2592;2592,0;2592;2592,0;2592,0;NA;NA;NA;NA;NA;NA;NA;NA;NA;NA;NA
2021-11-16;0-60;118;118,0;118;118;118;118;118;118;118;118,0;118;118,0;854;854,0;854,0;854,0;854;854;854;854;854,0;854;854,0;854,0;1,000000000000000;1,000000000000000;1,000000000000000;1,000000000000000;1,000000000000000;1,000000000000000;1,000000000000000;1,000000000000000;1,0000000000000000;1,0000000000000000;1,0000000000000000
2021-11-16;60+;224;224,0;224;224;224;224;224;224;224;224,0;224;224,0;1587;1587,0;1587,0;1587,0;1587;1587;1587;1587;1587,0;1587;1587,0;1587,0;1,000000000000000;1,000000000000000;1,000000000000000;1,000000000000000;1,000000000000000;1,000000000000000;1,000000000000000;1,000000000000000;1,0000000000000000;1,0000000000000000;1,0000000000000000
2021-11-16;alle;342;342,0;342;342;342;342;342;342;342;342,0;342;342,0;2441;2441,0;2441,0;2441,0;2441;2441;2441;2441;2441,0;2441;2441,0;2441,0;NA;NA;NA;NA;NA;NA;NA;NA;NA;NA;NA
2021-11-15;0-60;74;74,0;74;74;74;74;74;74;74;74,0;74;74,0;812;812,0;812,0;812,0;812;812;812;812;812,0;812;812,0;812,0;1,000000000000000;1,000000000000000;1,000000000000000;1,000000000000000;1,000000000000000;1,000000000000000;1,000000000000000;1,000000000000000;1,0000000000000000;1,0000000000000000;1,0000000000000000
2021-11-15;60+;204;204,0;204;204;204;204;204;204;204;204,0;204;204,0;1564;1564,0;1564,0;1564,0;1564;1564;1564;1564;1564,0;1564;1564,0;1564,0;1,000000000000000;1,000000000000000;1,000000000000000;1,000000000000000;1,000000000000000;1,000000000000000;1,000000000000000;1,000000000000000;1,0000000000000000;1,0000000000000000;1,0000000000000000
2021-11-15;alle;278;278,0;278;278;278;278;278;278;278;278,0;278;278,0;2376;2376,0;2376,0;2376,0;2376;2376;2376;2376;2376,0;2376;2376,0;2376,0;NA;NA;NA;NA;NA;NA;NA;NA;NA;NA;NA
2021-11-14;0-60;102;102,0;102;102;102;102;102;102;102;102,0;102;102,0;789;789,0;789,0;789,0;789;789;789;789;789,0;789;789,0;789,0;1,000000000000000;1,000000000000000;1,000000000000000;1,000000000000000;1,000000000000000;1,000000000000000;1,000000000000000;1,000000000000000;1,0000000000000000;1,0000000000000000;1,0000000000000000
2021-11-14;60+;168;168,0;168;168;168;168;168;168;168;168,0;168;168,0;1451;1451,0;1451,0;1451,0;1451;1451;1451;1451;1451,0;1451;1451,0;1451,0;1,000000000000000;1,000000000000000;1,000000000000000;1,000000000000000;1,000000000000000;1,000000000000000;1,000000000000000;1,000000000000000;1,0000000000000000;1,0000000000000000;1,0000000000000000
2021-11-14;alle;270;270,0;270;270;270;270;270;270;270;270,0;270;270,0;2240;2240,0;2240,0;2240,0;2240;2240;2240;2240;2240,0;2240;2240,0;2240,0;NA;NA;NA;NA;NA;NA;NA;NA;NA;NA;NA
2021-11-13;0-60;145;145,0;145;145;145;145;145;145;145;145,0;145;145,0;762;762,0;762,0;762,0;762;762;762;762;762,0;762;762,0;762,0;1,000000000000000;1,000000000000000;1,000000000000000;1,000000000000000;1,000000000000000;1,000000000000000;1,000000000000000;1,000000000000000;1,0000000000000000;1,0000000000000000;1,0000000000000000
2021-11-13;60+;247;247,0;247;247;247;247;247;247;247;247,0;247;247,0;1417;1417,0;1417,0;1417,0;1417;1417;1417;1417;1417,0;1417;1417,0;1417,0;1,000000000000000;1,000000000000000;1,000000000000000;1,000000000000000;1,000000000000000;1,000000000000000;1,000000000000000;1,000000000000000;1,0000000000000000;1,0000000000000000;1,0000000000000000
2021-11-13;alle;392;392,0;392;392;392;392;392;392;392;392,0;392;392,0;2179;2179,0;2179,0;2179,0;2179;2179;2179;2179;2179,0;2179;2179,0;2179,0;NA;NA;NA;NA;NA;NA;NA;NA;NA;NA;NA
2021-11-12;0-60;142;142,0;142;142;142;142;142;142;142;142,0;142;142,0;742;742,0;742,0;742,0;742;742;742;742;742,0;742;742,0;742,0;1,000000000000000;1,000000000000000;1,000000000000000;1,000000000000000;1,000000000000000;1,000000000000000;1,000000000000000;1,000000000000000;1,0000000000000000;1,0000000000000000;1,0000000000000000
2021-11-12;60+;246;246,0;246;246;246;246;246;246;246;246,0;246;246,0;1373;1373,0;1373,0;1373,0;1373;1373;1373;1373;1373,0;1373;1373,0;1373,0;1,000000000000000;1,000000000000000;1,000000000000000;1,000000000000000;1,000000000000000;1,000000000000000;1,000000000000000;1,000000000000000;1,0000000000000000;1,0000000000000000;1,0000000000000000
2021-11-12;alle;388;388,0;388;388;388;388;388;388;388;388,0;388;388,0;2115;2115,0;2115,0;2115,0;2115;2115;2115;2115;2115,0;2115;2115,0;2115,0;NA;NA;NA;NA;NA;NA;NA;NA;NA;NA;NA
2021-11-11;0-60;134;134,0;134;134;134;134;134;134;134;134,0;134;134,0;716;716,0;716,0;716,0;716;716;716;716;716,0;716;716,0;716,0;1,000000000000000;1,000000000000000;1,000000000000000;1,000000000000000;1,000000000000000;1,000000000000000;1,000000000000000;1,000000000000000;1,0000000000000000;1,0000000000000000;1,0000000000000000
2021-11-11;60+;250;250,0;250;250;250;250;250;250;250;250,0;250;250,0;1315;1315,0;1315,0;1315,0;1315;1315;1315;1315;1315,0;1315;1315,0;1315,0;1,000000000000000;1,000000000000000;1,000000000000000;1,000000000000000;1,000000000000000;1,000000000000000;1,000000000000000;1,000000000000000;1,0000000000000000;1,0000000000000000;1,0000000000000000
2021-11-11;alle;384;384,0;384;384;384;384;384;384;384;384,0;384;384,0;2031;2031,0;2031,0;2031,0;2031;2031;2031;2031;2031,0;2031;2031,0;2031,0;NA;NA;NA;NA;NA;NA;NA;NA;NA;NA;NA
2021-11-10;0-60;139;139,0;139;139;139;139;139;139;139;139,0;139;139,0;712;712,0;712,0;712,0;712;712;712;712;712,0;712;712,0;712,0;1,000000000000000;1,000000000000000;1,000000000000000;1,000000000000000;1,000000000000000;1,000000000000000;1,000000000000000;1,000000000000000;1,0000000000000000;1,0000000000000000;1,0000000000000000
2021-11-10;60+;248;248,0;248;248;248;248;248;248;248;248,0;248;248,0;1281;1281,0;1281,0;1281,0;1281;1281;1281;1281;1281,0;1281;1281,0;1281,0;1,000000000000000;1,000000000000000;1,000000000000000;1,000000000000000;1,000000000000000;1,000000000000000;1,000000000000000;1,000000000000000;1,0000000000000000;1,0000000000000000;1,0000000000000000
2021-11-10;alle;387;387,0;387;387;387;387;387;387;387;387,0;387;387,0;1993;1993,0;1993,0;1993,0;1993;1993;1993;1993;1993,0;1993;1993,0;1993,0;NA;NA;NA;NA;NA;NA;NA;NA;NA;NA;NA
2021-11-09;0-60;76;76,0;76;76;76;76;76;76;76;76,0;76;76,0;642;642,0;642,0;642,0;642;642;642;642;642,0;642;642,0;642,0;1,000000000000000;1,000000000000000;1,000000000000000;1,000000000000000;1,000000000000000;1,000000000000000;1,000000000000000;1,000000000000000;1,0000000000000000;1,0000000000000000;1,0000000000000000
2021-11-09;60+;201;201,0;201;201;201;201;201;201;201;201,0;201;201,0;1213;1213,0;1213,0;1213,0;1213;1213;1213;1213;1213,0;1213;1213,0;1213,0;1,000000000000000;1,000000000000000;1,000000000000000;1,000000000000000;1,000000000000000;1,000000000000000;1,000000000000000;1,000000000000000;1,0000000000000000;1,0000000000000000;1,0000000000000000
2021-11-09;alle;277;277,0;277;277;277;277;277;277;277;277,0;277;277,0;1855;1855,0;1855,0;1855,0;1855;1855;1855;1855;1855,0;1855;1855,0;1855,0;NA;NA;NA;NA;NA;NA;NA;NA;NA;NA;NA
2021-11-08;0-60;51;51,0;51;51;51;51;51;51;51;51,0;51;51,0;604;604,0;604,0;604,0;604;604;604;604;604,0;604;604,0;604,0;1,000000000000000;1,000000000000000;1,000000000000000;1,000000000000000;1,000000000000000;1,000000000000000;1,000000000000000;1,000000000000000;1,0000000000000000;1,0000000000000000;1,0000000000000000
2021-11-08;60+;91;91,0;91;91;91;91;91;91;91;91,0;91;91,0;1082;1082,0;1082,0;1082,0;1082;1082;1082;1082;1082,0;1082;1082,0;1082,0;1,000000000000000;1,000000000000000;1,000000000000000;1,000000000000000;1,000000000000000;1,000000000000000;1,000000000000000;1,000000000000000;1,0000000000000000;1,0000000000000000;1,0000000000000000
2021-11-08;alle;142;142,0;142;142;142;142;142;142;142;142,0;142;142,0;1686;1686,0;1686,0;1686,0;1686;1686;1686;1686;1686,0;1686;1686,0;1686,0;NA;NA;NA;NA;NA;NA;NA;NA;NA;NA;NA
2021-11-07;0-60;75;75,0;75;75;75;75;75;75;75;75,0;75;75,0;602;602,0;602,0;602,0;602;602;602;602;602,0;602;602,0;602,0;1,000000000000000;1,000000000000000;1,000000000000000;1,000000000000000;1,000000000000000;1,000000000000000;1,000000000000000;1,000000000000000;1,0000000000000000;1,0000000000000000;1,0000000000000000
2021-11-07;60+;134;134,0;134;134;134;134;134;134;134;134,0;134;134,0;1091;1091,0;1091,0;1091,0;1091;1091;1091;1091;1091,0;1091;1091,0;1091,0;1,000000000000000;1,000000000000000;1,000000000000000;1,000000000000000;1,000000000000000;1,000000000000000;1,000000000000000;1,000000000000000;1,0000000000000000;1,0000000000000000;1,0000000000000000
2021-11-07;alle;209;209,0;209;209;209;209;209;209;209;209,0;209;209,0;1693;1693,0;1693,0;1693,0;1693;1693;1693;1693;1693,0;1693;1693,0;1693,0;NA;NA;NA;NA;NA;NA;NA;NA;NA;NA;NA
2021-11-06;0-60;125;125,0;125;125;125;125;125;125;125;125,0;125;125,0;592;592,0;592,0;592,0;592;592;592;592;592,0;592;592,0;592,0;1,000000000000000;1,000000000000000;1,000000000000000;1,000000000000000;1,000000000000000;1,000000000000000;1,000000000000000;1,000000000000000;1,0000000000000000;1,0000000000000000;1,0000000000000000
2021-11-06;60+;203;203,0;203;203;203;203;203;203;203;203,0;203;203,0;1072;1072,0;1072,0;1072,0;1072;1072;1072;1072;1072,0;1072;1072,0;1072,0;1,000000000000000;1,000000000000000;1,000000000000000;1,000000000000000;1,000000000000000;1,000000000000000;1,000000000000000;1,000000000000000;1,0000000000000000;1,0000000000000000;1,0000000000000000
2021-11-06;alle;328;328,0;328;328;328;328;328;328;328;328,0;328;328,0;1664;1664,0;1664,0;1664,0;1664;1664;1664;1664;1664,0;1664;1664,0;1664,0;NA;NA;NA;NA;NA;NA;NA;NA;NA;NA;NA
2021-11-05;0-60;116;116,0;116;116;116;116;116;116;116;116,0;116;116,0;531;531,0;531,0;531,0;531;531;531;531;531,0;531;531,0;531,0;1,000000000000000;1,000000000000000;1,000000000000000;1,000000000000000;1,000000000000000;1,000000000000000;1,000000000000000;1,000000000000000;1,0000000000000000;1,0000000000000000;1,0000000000000000
2021-11-05;60+;188;188,0;188;188;188;188;188;188;188;188,0;188;188,0;1006;1006,0;1006,0;1006,0;1006;1006;1006;1006;1006,0;1006;1006,0;1006,0;1,000000000000000;1,000000000000000;1,000000000000000;1,000000000000000;1,000000000000000;1,000000000000000;1,000000000000000;1,000000000000000;1,0000000000000000;1,0000000000000000;1,0000000000000000
2021-11-05;alle;304;304,0;304;304;304;304;304;304;304;304,0;304;304,0;1537;1537,0;1537,0;1537,0;1537;1537;1537;1537;1537,0;1537;1537,0;1537,0;NA;NA;NA;NA;NA;NA;NA;NA;NA;NA;NA
2021-11-04;0-60;130;130,0;130;130;130;130;130;130;130;130,0;130;130,0;497;497,0;497,0;497,0;497;497;497;497;497,0;497;497,0;497,0;1,000000000000000;1,000000000000000;1,000000000000000;1,000000000000000;1,000000000000000;1,000000000000000;1,000000000000000;1,000000000000000;1,0000000000000000;1,0000000000000000;1,0000000000000000
2021-11-04;60+;216;216,0;216;216;216;216;216;216;216;216,0;216;216,0;949;949,0;949,0;949,0;949;949;949;949;949,0;949;949,0;949,0;1,000000000000000;1,000000000000000;1,000000000000000;1,000000000000000;1,000000000000000;1,000000000000000;1,000000000000000;1,000000000000000;1,0000000000000000;1,0000000000000000;1,0000000000000000
2021-11-04;alle;346;346,0;346;346;346;346;346;346;346;346,0;346;346,0;1446;1446,0;1446,0;1446,0;1446;1446;1446;1446;1446,0;1446;1446,0;1446,0;NA;NA;NA;NA;NA;NA;NA;NA;NA;NA;NA
2021-11-03;0-60;69;69,0;69;69;69;69;69;69;69;69,0;69;69,0;455;455,0;455,0;455,0;455;455;455;455;455,0;455;455,0;455,0;1,000000000000000;1,000000000000000;1,000000000000000;1,000000000000000;1,000000000000000;1,000000000000000;1,000000000000000;1,000000000000000;1,0000000000000000;1,0000000000000000;1,0000000000000000
2021-11-03;60+;180;180,0;180;180;180;180;180;180;180;180,0;180;180,0;858;858,0;858,0;858,0;858;858;858;858;858,0;858;858,0;858,0;1,000000000000000;1,000000000000000;1,000000000000000;1,000000000000000;1,000000000000000;1,000000000000000;1,000000000000000;1,000000000000000;1,0000000000000000;1,0000000000000000;1,0000000000000000
2021-11-03;alle;249;249,0;249;249;249;249;249;249;249;249,0;249;249,0;1313;1313,0;1313,0;1313,0;1313;1313;1313;1313;1313,0;1313;1313,0;1313,0;NA;NA;NA;NA;NA;NA;NA;NA;NA;NA;NA
2021-11-02;0-60;38;38,0;38;38;38;38;38;38;38;38,0;38;38,0;487;487,0;487,0;487,0;487;487;487;487;487,0;487;487,0;487,0;1,000000000000000;1,000000000000000;1,000000000000000;1,000000000000000;1,000000000000000;1,000000000000000;1,000000000000000;1,000000000000000;1,0000000000000000;1,0000000000000000;1,0000000000000000
2021-11-02;60+;70;70,0;70;70;70;70;70;70;70;70,0;70;70,0;796;796,0;796,0;796,0;796;796;796;796;796,0;796;796,0;796,0;1,000000000000000;1,000000000000000;1,000000000000000;1,000000000000000;1,000000000000000;1,000000000000000;1,000000000000000;1,000000000000000;1,0000000000000000;1,0000000000000000;1,0000000000000000
2021-11-02;alle;108;108,0;108;108;108;108;108;108;108;108,0;108;108,0;1283;1283,0;1283,0;1283,0;1283;1283;1283;1283;1283,0;1283;1283,0;1283,0;NA;NA;NA;NA;NA;NA;NA;NA;NA;NA;NA
2021-11-01;0-60;49;49,0;49;49;49;49;49;49;49;49,0;49;49,0;500;500,0;500,0;500,0;500;500;500;500;500,0;500;500,0;500,0;1,000000000000000;1,000000000000000;1,000000000000000;1,000000000000000;1,000000000000000;1,000000000000000;1,000000000000000;1,000000000000000;1,0000000000000000;1,0000000000000000;1,0000000000000000
2021-11-01;60+;100;100,0;100;100;100;100;100;100;100;100,0;100;100,0;805;805,0;805,0;805,0;805;805;805;805;805,0;805;805,0;805,0;1,000000000000000;1,000000000000000;1,000000000000000;1,000000000000000;1,000000000000000;1,000000000000000;1,000000000000000;1,000000000000000;1,0000000000000000;1,0000000000000000;1,0000000000000000
2021-11-01;alle;149;149,0;149;149;149;149;149;149;149;149,0;149;149,0;1305;1305,0;1305,0;1305,0;1305;1305;1305;1305;1305,0;1305;1305,0;1305,0;NA;NA;NA;NA;NA;NA;NA;NA;NA;NA;NA
2021-10-31;0-60;65;65,0;65;65;65;65;65;65;65;65,0;65;65,0;483;483,0;483,0;483,0;483;483;483;483;483,0;483;483,0;483,0;1,000000000000000;1,000000000000000;1,000000000000000;1,000000000000000;1,000000000000000;1,000000000000000;1,000000000000000;1,000000000000000;1,0000000000000000;1,0000000000000000;1,0000000000000000
2021-10-31;60+;115;115,0;115;115;115;115;115;115;115;115,0;115;115,0;766;766,0;766,0;766,0;766;766;766;766;766,0;766;766,0;766,0;1,000000000000000;1,000000000000000;1,000000000000000;1,000000000000000;1,000000000000000;1,000000000000000;1,000000000000000;1,000000000000000;1,0000000000000000;1,0000000000000000;1,0000000000000000
2021-10-31;alle;180;180,0;180;180;180;180;180;180;180;180,0;180;180,0;1249;1249,0;1249,0;1249,0;1249;1249;1249;1249;1249,0;1249;1249,0;1249,0;NA;NA;NA;NA;NA;NA;NA;NA;NA;NA;NA
2021-10-30;0-60;64;64,0;64;64;64;64;64;64;64;64,0;64;64,0;476;476,0;476,0;476,0;476;476;476;476;476,0;476;476,0;476,0;1,000000000000000;1,000000000000000;1,000000000000000;1,000000000000000;1,000000000000000;1,000000000000000;1,000000000000000;1,000000000000000;1,0000000000000000;1,0000000000000000;1,0000000000000000
2021-10-30;60+;137;137,0;137;137;137;137;137;137;137;137,0;137;137,0;709;709,0;709,0;709,0;709;709;709;709;709,0;709;709,0;709,0;1,000000000000000;1,000000000000000;1,000000000000000;1,000000000000000;1,000000000000000;1,000000000000000;1,000000000000000;1,000000000000000;1,0000000000000000;1,0000000000000000;1,0000000000000000
2021-10-30;alle;201;201,0;201;201;201;201;201;201;201;201,0;201;201,0;1185;1185,0;1185,0;1185,0;1185;1185;1185;1185;1185,0;1185;1185,0;1185,0;NA;NA;NA;NA;NA;NA;NA;NA;NA;NA;NA
2021-10-29;0-60;82;82,0;82;82;82;82;82;82;82;82,0;82;82,0;474;474,0;474,0;474,0;474;474;474;474;474,0;474;474,0;474,0;1,000000000000000;1,000000000000000;1,000000000000000;1,000000000000000;1,000000000000000;1,000000000000000;1,000000000000000;1,000000000000000;1,0000000000000000;1,0000000000000000;1,0000000000000000
2021-10-29;60+;131;131,0;131;131;131;131;131;131;131;131,0;131;131,0;664;664,0;664,0;664,0;664;664;664;664;664,0;664;664,0;664,0;1,000000000000000;1,000000000000000;1,000000000000000;1,000000000000000;1,000000000000000;1,000000000000000;1,000000000000000;1,000000000000000;1,0000000000000000;1,0000000000000000;1,0000000000000000
2021-10-29;alle;213;213,0;213;213;213;213;213;213;213;213,0;213;213,0;1138;1138,0;1138,0;1138,0;1138;1138;1138;1138;1138,0;1138;1138,0;1138,0;NA;NA;NA;NA;NA;NA;NA;NA;NA;NA;NA
2021-10-28;0-60;88;88,0;88;88;88;88;88;88;88;88,0;88;88,0;445;445,0;445,0;445,0;445;445;445;445;445,0;445;445,0;445,0;1,000000000000000;1,000000000000000;1,000000000000000;1,000000000000000;1,000000000000000;1,000000000000000;1,000000000000000;1,000000000000000;1,0000000000000000;1,0000000000000000;1,0000000000000000
2021-10-28;60+;125;125,0;125;125;125;125;125;125;125;125,0;125;125,0;626;626,0;626,0;626,0;626;626;626;626;626,0;626;626,0;626,0;1,000000000000000;1,000000000000000;1,000000000000000;1,000000000000000;1,000000000000000;1,000000000000000;1,000000000000000;1,000000000000000;1,0000000000000000;1,0000000000000000;1,0000000000000000
2021-10-28;alle;213;213,0;213;213;213;213;213;213;213;213,0;213;213,0;1071;1071,0;1071,0;1071,0;1071;1071;1071;1071;1071,0;1071;1071,0;1071,0;NA;NA;NA;NA;NA;NA;NA;NA;NA;NA;NA
2021-10-27;0-60;101;101,0;101;101;101;101;101;101;101;101,0;101;101,0;428;428,0;428,0;428,0;428;428;428;428;428,0;428;428,0;428,0;1,000000000000000;1,000000000000000;1,000000000000000;1,000000000000000;1,000000000000000;1,000000000000000;1,000000000000000;1,000000000000000;1,0000000000000000;1,0000000000000000;1,0000000000000000
2021-10-27;60+;118;118,0;118;118;118;118;118;118;118;118,0;118;118,0;601;601,0;601,0;601,0;601;601;601;601;601,0;601;601,0;601,0;1,000000000000000;1,000000000000000;1,000000000000000;1,000000000000000;1,000000000000000;1,000000000000000;1,000000000000000;1,000000000000000;1,0000000000000000;1,0000000000000000;1,0000000000000000
2021-10-27;alle;219;219,0;219;219;219;219;219;219;219;219,0;219;219,0;1029;1029,0;1029,0;1029,0;1029;1029;1029;1029;1029,0;1029;1029,0;1029,0;NA;NA;NA;NA;NA;NA;NA;NA;NA;NA;NA
2021-10-26;0-60;51;51,0;51;51;51;51;51;51;51;51,0;51;51,0;414;414,0;414,0;414,0;414;414;414;414;414,0;414;414,0;414,0;1,000000000000000;1,000000000000000;1,000000000000000;1,000000000000000;1,000000000000000;1,000000000000000;1,000000000000000;1,000000000000000;1,0000000000000000;1,0000000000000000;1,0000000000000000
2021-10-26;60+;79;79,0;79;79;79;79;79;79;79;79,0;79;79,0;584;584,0;584,0;584,0;584;584;584;584;584,0;584;584,0;584,0;1,000000000000000;1,000000000000000;1,000000000000000;1,000000000000000;1,000000000000000;1,000000000000000;1,000000000000000;1,000000000000000;1,0000000000000000;1,0000000000000000;1,0000000000000000
2021-10-26;alle;130;130,0;130;130;130;130;130;130;130;130,0;130;130,0;998;998,0;998,0;998,0;998;998;998;998;998,0;998;998,0;998,0;NA;NA;NA;NA;NA;NA;NA;NA;NA;NA;NA
2021-10-25;0-60;32;32,0;32;32;32;32;32;32;32;32,0;32;32,0;401;401,0;401,0;401,0;401;401;401;401;401,0;401;401,0;401,0;1,000000000000000;1,000000000000000;1,000000000000000;1,000000000000000;1,000000000000000;1,000000000000000;1,000000000000000;1,000000000000000;1,0000000000000000;1,0000000000000000;1,0000000000000000
2021-10-25;60+;61;61,0;61;61;61;61;61;61;61;61,0;61;61,0;584;584,0;584,0;584,0;584;584;584;584;584,0;584;584,0;584,0;1,000000000000000;1,000000000000000;1,000000000000000;1,000000000000000;1,000000000000000;1,000000000000000;1,000000000000000;1,000000000000000;1,0000000000000000;1,0000000000000000;1,0000000000000000
2021-10-25;alle;93;93,0;93;93;93;93;93;93;93;93,0;93;93,0;985;985,0;985,0;985,0;985;985;985;985;985,0;985;985,0;985,0;NA;NA;NA;NA;NA;NA;NA;NA;NA;NA;NA
2021-10-24;0-60;58;58,0;58;58;58;58;58;58;58;58,0;58;58,0;389;389,0;389,0;389,0;389;389;389;389;389,0;389;389,0;389,0;1,000000000000000;1,000000000000000;1,000000000000000;1,000000000000000;1,000000000000000;1,000000000000000;1,000000000000000;1,000000000000000;1,0000000000000000;1,0000000000000000;1,0000000000000000
2021-10-24;60+;58;58,0;58;58;58;58;58;58;58;58,0;58;58,0;560;560,0;560,0;560,0;560;560;560;560;560,0;560;560,0;560,0;1,000000000000000;1,000000000000000;1,000000000000000;1,000000000000000;1,000000000000000;1,000000000000000;1,000000000000000;1,000000000000000;1,0000000000000000;1,0000000000000000;1,0000000000000000
2021-10-24;alle;116;116,0;116;116;116;116;116;116;116;116,0;116;116,0;949;949,0;949,0;949,0;949;949;949;949;949,0;949;949,0;949,0;NA;NA;NA;NA;NA;NA;NA;NA;NA;NA;NA
2021-10-23;0-60;62;62,0;62;62;62;62;62;62;62;62,0;62;62,0;360;360,0;360,0;360,0;360;360;360;360;360,0;360;360,0;360,0;1,000000000000000;1,000000000000000;1,000000000000000;1,000000000000000;1,000000000000000;1,000000000000000;1,000000000000000;1,000000000000000;1,0000000000000000;1,0000000000000000;1,0000000000000000
2021-10-23;60+;92;92,0;92;92;92;92;92;92;92;92,0;92;92,0;549;549,0;549,0;549,0;549;549;549;549;549,0;549;549,0;549,0;1,000000000000000;1,000000000000000;1,000000000000000;1,000000000000000;1,000000000000000;1,000000000000000;1,000000000000000;1,000000000000000;1,0000000000000000;1,0000000000000000;1,0000000000000000
2021-10-23;alle;154;154,0;154;154;154;154;154;154;154;154,0;154;154,0;909;909,0;909,0;909,0;909;909;909;909;909,0;909;909,0;909,0;NA;NA;NA;NA;NA;NA;NA;NA;NA;NA;NA
2021-10-22;0-60;53;53,0;53;53;53;53;53;53;53;53,0;53;53,0;337;337,0;337,0;337,0;337;337;337;337;337,0;337;337,0;337,0;1,000000000000000;1,000000000000000;1,000000000000000;1,000000000000000;1,000000000000000;1,000000000000000;1,000000000000000;1,000000000000000;1,0000000000000000;1,0000000000000000;1,0000000000000000
2021-10-22;60+;93;93,0;93;93;93;93;93;93;93;93,0;93;93,0;514;514,0;514,0;514,0;514;514;514;514;514,0;514;514,0;514,0;1,000000000000000;1,000000000000000;1,000000000000000;1,000000000000000;1,000000000000000;1,000000000000000;1,000000000000000;1,000000000000000;1,0000000000000000;1,0000000000000000;1,0000000000000000
2021-10-22;alle;146;146,0;146;146;146;146;146;146;146;146,0;146;146,0;851;851,0;851,0;851,0;851;851;851;851;851,0;851;851,0;851,0;NA;NA;NA;NA;NA;NA;NA;NA;NA;NA;NA
2021-10-21;0-60;71;71,0;71;71;71;71;71;71;71;71,0;71;71,0;335;335,0;335,0;335,0;335;335;335;335;335,0;335;335,0;335,0;1,000000000000000;1,000000000000000;1,000000000000000;1,000000000000000;1,000000000000000;1,000000000000000;1,000000000000000;1,000000000000000;1,0000000000000000;1,0000000000000000;1,0000000000000000
2021-10-21;60+;100;100,0;100;100;100;100;100;100;100;100,0;100;100,0;479;479,0;479,0;479,0;479;479;479;479;479,0;479;479,0;479,0;1,000000000000000;1,000000000000000;1,000000000000000;1,000000000000000;1,000000000000000;1,000000000000000;1,000000000000000;1,000000000000000;1,0000000000000000;1,0000000000000000;1,0000000000000000
2021-10-21;alle;171;171,0;171;171;171;171;171;171;171;171,0;171;171,0;814;814,0;814,0;814,0;814;814;814;814;814,0;814;814,0;814,0;NA;NA;NA;NA;NA;NA;NA;NA;NA;NA;NA
2021-10-20;0-60;87;87,0;87;87;87;87;87;87;87;87,0;87;87,0;315;315,0;315,0;315,0;315;315;315;315;315,0;315;315,0;315,0;1,000000000000000;1,000000000000000;1,000000000000000;1,000000000000000;1,000000000000000;1,000000000000000;1,000000000000000;1,000000000000000;1,0000000000000000;1,0000000000000000;1,0000000000000000
2021-10-20;60+;101;101,0;101;101;101;101;101;101;101;101,0;101;101,0;439;439,0;439,0;439,0;439;439;439;439;439,0;439;439,0;439,0;1,000000000000000;1,000000000000000;1,000000000000000;1,000000000000000;1,000000000000000;1,000000000000000;1,000000000000000;1,000000000000000;1,0000000000000000;1,0000000000000000;1,0000000000000000
2021-10-20;alle;188;188,0;188;188;188;188;188;188;188;188,0;188;188,0;754;754,0;754,0;754,0;754;754;754;754;754,0;754;754,0;754,0;NA;NA;NA;NA;NA;NA;NA;NA;NA;NA;NA
2021-10-19;0-60;38;38,0;38;38;38;38;38;38;38;38,0;38;38,0;272;272,0;272,0;272,0;272;272;272;272;272,0;272;272,0;272,0;1,000000000000000;1,000000000000000;1,000000000000000;1,000000000000000;1,000000000000000;1,000000000000000;1,000000000000000;1,000000000000000;1,0000000000000000;1,0000000000000000;1,0000000000000000
2021-10-19;60+;79;79,0;79;79;79;79;79;79;79;79,0;79;79,0;390;390,0;390,0;390,0;390;390;390;390;390,0;390;390,0;390,0;1,000000000000000;1,000000000000000;1,000000000000000;1,000000000000000;1,000000000000000;1,000000000000000;1,000000000000000;1,000000000000000;1,0000000000000000;1,0000000000000000;1,0000000000000000
2021-10-19;alle;117;117,0;117;117;117;117;117;117;117;117,0;117;117,0;662;662,0;662,0;662,0;662;662;662;662;662,0;662;662,0;662,0;NA;NA;NA;NA;NA;NA;NA;NA;NA;NA;NA
2021-10-18;0-60;20;20,0;20;20;20;20;20;20;20;20,0;20;20,0;264;264,0;264,0;264,0;264;264;264;264;264,0;264;264,0;264,0;1,000000000000000;1,000000000000000;1,000000000000000;1,000000000000000;1,000000000000000;1,000000000000000;1,000000000000000;1,000000000000000;1,0000000000000000;1,0000000000000000;1,0000000000000000
2021-10-18;60+;37;37,0;37;37;37;37;37;37;37;37,0;37;37,0;349;349,0;349,0;349,0;349;349;349;349;349,0;349;349,0;349,0;1,000000000000000;1,000000000000000;1,000000000000000;1,000000000000000;1,000000000000000;1,000000000000000;1,000000000000000;1,000000000000000;1,0000000000000000;1,0000000000000000;1,0000000000000000
2021-10-18;alle;57;57,0;57;57;57;57;57;57;57;57,0;57;57,0;613;613,0;613,0;613,0;613;613;613;613;613,0;613;613,0;613,0;NA;NA;NA;NA;NA;NA;NA;NA;NA;NA;NA
2021-10-17;0-60;29;29,0;29;29;29;29;29;29;29;29,0;29;29,0;264;264,0;264,0;264,0;264;264;264;264;264,0;264;264,0;264,0;1,000000000000000;1,000000000000000;1,000000000000000;1,000000000000000;1,000000000000000;1,000000000000000;1,000000000000000;1,000000000000000;1,0000000000000000;1,0000000000000000;1,0000000000000000
2021-10-17;60+;47;47,0;47;47;47;47;47;47;47;47,0;47;47,0;342;342,0;342,0;342,0;342;342;342;342;342,0;342;342,0;342,0;1,000000000000000;1,000000000000000;1,000000000000000;1,000000000000000;1,000000000000000;1,000000000000000;1,000000000000000;1,000000000000000;1,0000000000000000;1,0000000000000000;1,0000000000000000
2021-10-17;alle;76;76,0;76;76;76;76;76;76;76;76,0;76;76,0;606;606,0;606,0;606,0;606;606;606;606;606,0;606;606,0;606,0;NA;NA;NA;NA;NA;NA;NA;NA;NA;NA;NA
2021-10-16;0-60;39;39,0;39;39;39;39;39;39;39;39,0;39;39,0;268;268,0;268,0;268,0;268;268;268;268;268,0;268;268,0;268,0;1,000000000000000;1,000000000000000;1,000000000000000;1,000000000000000;1,000000000000000;1,000000000000000;1,000000000000000;1,000000000000000;1,0000000000000000;1,0000000000000000;1,0000000000000000
2021-10-16;60+;57;57,0;57;57;57;57;57;57;57;57,0;57;57,0;325;325,0;325,0;325,0;325;325;325;325;325,0;325;325,0;325,0;1,000000000000000;1,000000000000000;1,000000000000000;1,000000000000000;1,000000000000000;1,000000000000000;1,000000000000000;1,000000000000000;1,0000000000000000;1,0000000000000000;1,0000000000000000
2021-10-16;alle;96;96,0;96;96;96;96;96;96;96;96,0;96;96,0;593;593,0;593,0;593,0;593;593;593;593;593,0;593;593,0;593,0;NA;NA;NA;NA;NA;NA;NA;NA;NA;NA;NA
2021-10-15;0-60;51;51,0;51;51;51;51;51;51;51;51,0;51;51,0;270;270,0;270,0;270,0;270;270;270;270;270,0;270;270,0;270,0;1,000000000000000;1,000000000000000;1,000000000000000;1,000000000000000;1,000000000000000;1,000000000000000;1,000000000000000;1,000000000000000;1,0000000000000000;1,0000000000000000;1,0000000000000000
2021-10-15;60+;58;58,0;58;58;58;58;58;58;58;58,0;58;58,0;312;312,0;312,0;312,0;312;312;312;312;312,0;312;312,0;312,0;1,000000000000000;1,000000000000000;1,000000000000000;1,000000000000000;1,000000000000000;1,000000000000000;1,000000000000000;1,000000000000000;1,0000000000000000;1,0000000000000000;1,0000000000000000
2021-10-15;alle;109;109,0;109;109;109;109;109;109;109;109,0;109;109,0;582;582,0;582,0;582,0;582;582;582;582;582,0;582;582,0;582,0;NA;NA;NA;NA;NA;NA;NA;NA;NA;NA;NA
2021-10-14;0-60;51;51,0;51;51;51;51;51;51;51;51,0;51;51,0;242;242,0;242,0;242,0;242;242;242;242;242,0;242;242,0;242,0;1,000000000000000;1,000000000000000;1,000000000000000;1,000000000000000;1,000000000000000;1,000000000000000;1,000000000000000;1,000000000000000;1,0000000000000000;1,0000000000000000;1,0000000000000000
2021-10-14;60+;60;60,0;60;60;60;60;60;60;60;60,0;60;60,0;311;311,0;311,0;311,0;311;311;311;311;311,0;311;311,0;311,0;1,000000000000000;1,000000000000000;1,000000000000000;1,000000000000000;1,000000000000000;1,000000000000000;1,000000000000000;1,000000000000000;1,0000000000000000;1,0000000000000000;1,0000000000000000
2021-10-14;alle;111;111,0;111;111;111;111;111;111;111;111,0;111;111,0;553;553,0;553,0;553,0;553;553;553;553;553,0;553;553,0;553,0;NA;NA;NA;NA;NA;NA;NA;NA;NA;NA;NA
2021-10-13;0-60;44;44,0;44;44;44;44;44;44;44;44,0;44;44,0;234;234,0;234,0;234,0;234;234;234;234;234,0;234;234,0;234,0;1,000000000000000;1,000000000000000;1,000000000000000;1,000000000000000;1,000000000000000;1,000000000000000;1,000000000000000;1,000000000000000;1,0000000000000000;1,0000000000000000;1,0000000000000000
2021-10-13;60+;52;52,0;52;52;52;52;52;52;52;52,0;52;52,0;299;299,0;299,0;299,0;299;299;299;299;299,0;299;299,0;299,0;1,000000000000000;1,000000000000000;1,000000000000000;1,000000000000000;1,000000000000000;1,000000000000000;1,000000000000000;1,000000000000000;1,0000000000000000;1,0000000000000000;1,0000000000000000
2021-10-13;alle;96;96,0;96;96;96;96;96;96;96;96,0;96;96,0;533;533,0;533,0;533,0;533;533;533;533;533,0;533;533,0;533,0;NA;NA;NA;NA;NA;NA;NA;NA;NA;NA;NA
2021-10-12;0-60;30;30,0;30;30;30;30;30;30;30;30,0;30;30,0;228;228,0;228,0;228,0;228;228;228;228;228,0;228;228,0;228,0;1,000000000000000;1,000000000000000;1,000000000000000;1,000000000000000;1,000000000000000;1,000000000000000;1,000000000000000;1,000000000000000;1,0000000000000000;1,0000000000000000;1,0000000000000000
2021-10-12;60+;38;38,0;38;38;38;38;38;38;38;38,0;38;38,0;300;300,0;300,0;300,0;300;300;300;300;300,0;300;300,0;300,0;1,000000000000000;1,000000000000000;1,000000000000000;1,000000000000000;1,000000000000000;1,000000000000000;1,000000000000000;1,000000000000000;1,0000000000000000;1,0000000000000000;1,0000000000000000
2021-10-12;alle;68;68,0;68;68;68;68;68;68;68;68,0;68;68,0;528;528,0;528,0;528,0;528;528;528;528;528,0;528;528,0;528,0;NA;NA;NA;NA;NA;NA;NA;NA;NA;NA;NA
2021-10-11;0-60;20;20,0;20;20;20;20;20;20;20;20,0;20;20,0;217;217,0;217,0;217,0;217;217;217;217;217,0;217;217,0;217,0;1,000000000000000;1,000000000000000;1,000000000000000;1,000000000000000;1,000000000000000;1,000000000000000;1,000000000000000;1,000000000000000;1,0000000000000000;1,0000000000000000;1,0000000000000000
2021-10-11;60+;30;30,0;30;30;30;30;30;30;30;30,0;30;30,0;299;299,0;299,0;299,0;299;299;299;299;299,0;299;299,0;299,0;1,000000000000000;1,000000000000000;1,000000000000000;1,000000000000000;1,000000000000000;1,000000000000000;1,000000000000000;1,000000000000000;1,0000000000000000;1,0000000000000000;1,0000000000000000
2021-10-11;alle;50;50,0;50;50;50;50;50;50;50;50,0;50;50,0;516;516,0;516,0;516,0;516;516;516;516;516,0;516;516,0;516,0;NA;NA;NA;NA;NA;NA;NA;NA;NA;NA;NA
2021-10-10;0-60;33;33,0;33;33;33;33;33;33;33;33,0;33;33,0;217;217,0;217,0;217,0;217;217;217;217;217,0;217;217,0;217,0;1,000000000000000;1,000000000000000;1,000000000000000;1,000000000000000;1,000000000000000;1,000000000000000;1,000000000000000;1,000000000000000;1,0000000000000000;1,0000000000000000;1,0000000000000000
2021-10-10;60+;30;30,0;30;30;30;30;30;30;30;30,0;30;30,0;288;288,0;288,0;288,0;288;288;288;288;288,0;288;288,0;288,0;1,000000000000000;1,000000000000000;1,000000000000000;1,000000000000000;1,000000000000000;1,000000000000000;1,000000000000000;1,000000000000000;1,0000000000000000;1,0000000000000000;1,0000000000000000
2021-10-10;alle;63;63,0;63;63;63;63;63;63;63;63,0;63;63,0;505;505,0;505,0;505,0;505;505;505;505;505,0;505;505,0;505,0;NA;NA;NA;NA;NA;NA;NA;NA;NA;NA;NA
2021-10-09;0-60;41;41,0;41;41;41;41;41;41;41;41,0;41;41,0;209;209,0;209,0;209,0;209;209;209;209;209,0;209;209,0;209,0;1,000000000000000;1,000000000000000;1,000000000000000;1,000000000000000;1,000000000000000;1,000000000000000;1,000000000000000;1,000000000000000;1,0000000000000000;1,0000000000000000;1,0000000000000000
2021-10-09;60+;44;44,0;44;44;44;44;44;44;44;44,0;44;44,0;288;288,0;288,0;288,0;288;288;288;288;288,0;288;288,0;288,0;1,000000000000000;1,000000000000000;1,000000000000000;1,000000000000000;1,000000000000000;1,000000000000000;1,000000000000000;1,000000000000000;1,0000000000000000;1,0000000000000000;1,0000000000000000
2021-10-09;alle;85;85,0;85;85;85;85;85;85;85;85,0;85;85,0;497;497,0;497,0;497,0;497;497;497;497;497,0;497;497,0;497,0;NA;NA;NA;NA;NA;NA;NA;NA;NA;NA;NA
2021-10-08;0-60;23;23,0;23;23;23;23;23;23;23;23,0;23;23,0;212;212,0;212,0;212,0;212;212;212;212;212,0;212;212,0;212,0;1,000000000000000;1,000000000000000;1,000000000000000;1,000000000000000;1,000000000000000;1,000000000000000;1,000000000000000;1,000000000000000;1,0000000000000000;1,0000000000000000;1,0000000000000000
2021-10-08;60+;57;57,0;57;57;57;57;57;57;57;57,0;57;57,0;291;291,0;291,0;291,0;291;291;291;291;291,0;291;291,0;291,0;1,000000000000000;1,000000000000000;1,000000000000000;1,000000000000000;1,000000000000000;1,000000000000000;1,000000000000000;1,000000000000000;1,0000000000000000;1,0000000000000000;1,0000000000000000
2021-10-08;alle;80;80,0;80;80;80;80;80;80;80;80,0;80;80,0;503;503,0;503,0;503,0;503;503;503;503;503,0;503;503,0;503,0;NA;NA;NA;NA;NA;NA;NA;NA;NA;NA;NA
2021-10-07;0-60;43;43,0;43;43;43;43;43;43;43;43,0;43;43,0;219;219,0;219,0;219,0;219;219;219;219;219,0;219;219,0;219,0;1,000000000000000;1,000000000000000;1,000000000000000;1,000000000000000;1,000000000000000;1,000000000000000;1,000000000000000;1,000000000000000;1,0000000000000000;1,0000000000000000;1,0000000000000000
2021-10-07;60+;48;48,0;48;48;48;48;48;48;48;48,0;48;48,0;270;270,0;270,0;270,0;270;270;270;270;270,0;270;270,0;270,0;1,000000000000000;1,000000000000000;1,000000000000000;1,000000000000000;1,000000000000000;1,000000000000000;1,000000000000000;1,000000000000000;1,0000000000000000;1,0000000000000000;1,0000000000000000
2021-10-07;alle;91;91,0;91;91;91;91;91;91;91;91,0;91;91,0;489;489,0;489,0;489,0;489;489;489;489;489,0;489;489,0;489,0;NA;NA;NA;NA;NA;NA;NA;NA;NA;NA;NA
2021-10-06;0-60;38;38,0;38;38;38;38;38;38;38;38,0;38;38,0;227;227,0;227,0;227,0;227;227;227;227;227,0;227;227,0;227,0;1,000000000000000;1,000000000000000;1,000000000000000;1,000000000000000;1,000000000000000;1,000000000000000;1,000000000000000;1,000000000000000;1,0000000000000000;1,0000000000000000;1,0000000000000000
2021-10-06;60+;53;53,0;53;53;53;53;53;53;53;53,0;53;53,0;253;253,0;253,0;253,0;253;253;253;253;253,0;253;253,0;253,0;1,000000000000000;1,000000000000000;1,000000000000000;1,000000000000000;1,000000000000000;1,000000000000000;1,000000000000000;1,000000000000000;1,0000000000000000;1,0000000000000000;1,0000000000000000
2021-10-06;alle;91;91,0;91;91;91;91;91;91;91;91,0;91;91,0;480;480,0;480,0;480,0;480;480;480;480;480,0;480;480,0;480,0;NA;NA;NA;NA;NA;NA;NA;NA;NA;NA;NA
2021-10-05;0-60;19;19,0;19;19;19;19;19;19;19;19,0;19;19,0;260;260,0;260,0;260,0;260;260;260;260;260,0;260;260,0;260,0;1,000000000000000;1,000000000000000;1,000000000000000;1,000000000000000;1,000000000000000;1,000000000000000;1,000000000000000;1,000000000000000;1,0000000000000000;1,0000000000000000;1,0000000000000000
2021-10-05;60+;37;37,0;37;37;37;37;37;37;37;37,0;37;37,0;263;263,0;263,0;263,0;263;263;263;263;263,0;263;263,0;263,0;1,000000000000000;1,000000000000000;1,000000000000000;1,000000000000000;1,000000000000000;1,000000000000000;1,000000000000000;1,000000000000000;1,0000000000000000;1,0000000000000000;1,0000000000000000
2021-10-05;alle;56;56,0;56;56;56;56;56;56;56;56,0;56;56,0;523;523,0;523,0;523,0;523;523;523;523;523,0;523;523,0;523,0;NA;NA;NA;NA;NA;NA;NA;NA;NA;NA;NA
2021-10-04;0-60;20;20,0;20;20;20;20;20;20;20;20,0;20;20,0;273;273,0;273,0;273,0;273;273;273;273;273,0;273;273,0;273,0;1,000000000000000;1,000000000000000;1,000000000000000;1,000000000000000;1,000000000000000;1,000000000000000;1,000000000000000;1,000000000000000;1,0000000000000000;1,0000000000000000;1,0000000000000000
2021-10-04;60+;19;19,0;19;19;19;19;19;19;19;19,0;19;19,0;275;275,0;275,0;275,0;275;275;275;275;275,0;275;275,0;275,0;1,000000000000000;1,000000000000000;1,000000000000000;1,000000000000000;1,000000000000000;1,000000000000000;1,000000000000000;1,000000000000000;1,0000000000000000;1,0000000000000000;1,0000000000000000
2021-10-04;alle;39;39,0;39;39;39;39;39;39;39;39,0;39;39,0;548;548,0;548,0;548,0;548;548;548;548;548,0;548;548,0;548,0;NA;NA;NA;NA;NA;NA;NA;NA;NA;NA;NA
2021-10-03;0-60;25;25,0;25;25;25;25;25;25;25;25,0;25;25,0;274;274,0;274,0;274,0;274;274;274;274;274,0;274;274,0;274,0;1,000000000000000;1,000000000000000;1,000000000000000;1,000000000000000;1,000000000000000;1,000000000000000;1,000000000000000;1,000000000000000;1,0000000000000000;1,0000000000000000;1,0000000000000000
2021-10-03;60+;30;30,0;30;30;30;30;30;30;30;30,0;30;30,0;276;276,0;276,0;276,0;276;276;276;276;276,0;276;276,0;276,0;1,000000000000000;1,000000000000000;1,000000000000000;1,000000000000000;1,000000000000000;1,000000000000000;1,000000000000000;1,000000000000000;1,0000000000000000;1,0000000000000000;1,0000000000000000
2021-10-03;alle;55;55,0;55;55;55;55;55;55;55;55,0;55;55,0;550;550,0;550,0;550,0;550;550;550;550;550,0;550;550,0;550,0;NA;NA;NA;NA;NA;NA;NA;NA;NA;NA;NA
2021-10-02;0-60;44;44,0;44;44;44;44;44;44;44;44,0;44;44,0;279;279,0;279,0;279,0;279;279;279;279;279,0;279;279,0;279,0;1,000000000000000;1,000000000000000;1,000000000000000;1,000000000000000;1,000000000000000;1,000000000000000;1,000000000000000;1,000000000000000;1,0000000000000000;1,0000000000000000;1,0000000000000000
2021-10-02;60+;47;47,0;47;47;47;47;47;47;47;47,0;47;47,0;265;265,0;265,0;265,0;265;265;265;265;265,0;265;265,0;265,0;1,000000000000000;1,000000000000000;1,000000000000000;1,000000000000000;1,000000000000000;1,000000000000000;1,000000000000000;1,000000000000000;1,0000000000000000;1,0000000000000000;1,0000000000000000
2021-10-02;alle;91;91,0;91;91;91;91;91;91;91;91,0;91;91,0;544;544,0;544,0;544,0;544;544;544;544;544,0;544;544,0;544,0;NA;NA;NA;NA;NA;NA;NA;NA;NA;NA;NA
2021-10-01;0-60;30;30,0;30;30;30;30;30;30;30;30,0;30;30,0;277;277,0;277,0;277,0;277;277;277;277;277,0;277;277,0;277,0;1,000000000000000;1,000000000000000;1,000000000000000;1,000000000000000;1,000000000000000;1,000000000000000;1,000000000000000;1,000000000000000;1,0000000000000000;1,0000000000000000;1,0000000000000000
2021-10-01;60+;36;36,0;36;36;36;36;36;36;36;36,0;36;36,0;250;250,0;250,0;250,0;250;250;250;250;250,0;250;250,0;250,0;1,000000000000000;1,000000000000000;1,000000000000000;1,000000000000000;1,000000000000000;1,000000000000000;1,000000000000000;1,000000000000000;1,0000000000000000;1,0000000000000000;1,0000000000000000
2021-10-01;alle;66;66,0;66;66;66;66;66;66;66;66,0;66;66,0;527;527,0;527,0;527,0;527;527;527;527;527,0;527;527,0;527,0;NA;NA;NA;NA;NA;NA;NA;NA;NA;NA;NA
2021-09-30;0-60;51;51,0;51;51;51;51;51;51;51;51,0;51;51,0;285;285,0;285,0;285,0;285;285;285;285;285,0;285;285,0;285,0;1,000000000000000;1,000000000000000;1,000000000000000;1,000000000000000;1,000000000000000;1,000000000000000;1,000000000000000;1,000000000000000;1,0000000000000000;1,0000000000000000;1,0000000000000000
2021-09-30;60+;31;31,0;31;31;31;31;31;31;31;31,0;31;31,0;251;251,0;251,0;251,0;251;251;251;251;251,0;251;251,0;251,0;1,000000000000000;1,000000000000000;1,000000000000000;1,000000000000000;1,000000000000000;1,000000000000000;1,000000000000000;1,000000000000000;1,0000000000000000;1,0000000000000000;1,0000000000000000
2021-09-30;alle;82;82,0;82;82;82;82;82;82;82;82,0;82;82,0;536;536,0;536,0;536,0;536;536;536;536;536,0;536;536,0;536,0;NA;NA;NA;NA;NA;NA;NA;NA;NA;NA;NA
2021-09-29;0-60;71;71,0;71;71;71;71;71;71;71;71,0;71;71,0;277;277,0;277,0;277,0;277;277;277;277;277,0;277;277,0;277,0;1,000000000000000;1,000000000000000;1,000000000000000;1,000000000000000;1,000000000000000;1,000000000000000;1,000000000000000;1,000000000000000;1,0000000000000000;1,0000000000000000;1,0000000000000000
2021-09-29;60+;63;63,0;63;63;63;63;63;63;63;63,0;63;63,0;271;271,0;271,0;271,0;271;271;271;271;271,0;271;271,0;271,0;1,000000000000000;1,000000000000000;1,000000000000000;1,000000000000000;1,000000000000000;1,000000000000000;1,000000000000000;1,000000000000000;1,0000000000000000;1,0000000000000000;1,0000000000000000
2021-09-29;alle;134;134,0;134;134;134;134;134;134;134;134,0;134;134,0;548;548,0;548,0;548,0;548;548;548;548;548,0;548;548,0;548,0;NA;NA;NA;NA;NA;NA;NA;NA;NA;NA;NA
2021-09-28;0-60;32;32,0;32;32;32;32;32;32;32;32,0;32;32,0;247;247,0;247,0;247,0;247;247;247;247;247,0;247;247,0;247,0;1,000000000000000;1,000000000000000;1,000000000000000;1,000000000000000;1,000000000000000;1,000000000000000;1,000000000000000;1,000000000000000;1,0000000000000000;1,0000000000000000;1,0000000000000000
2021-09-28;60+;49;49,0;49;49;49;49;49;49;49;49,0;49;49,0;243;243,0;243,0;243,0;243;243;243;243;243,0;243;243,0;243,0;1,000000000000000;1,000000000000000;1,000000000000000;1,000000000000000;1,000000000000000;1,000000000000000;1,000000000000000;1,000000000000000;1,0000000000000000;1,0000000000000000;1,0000000000000000
2021-09-28;alle;81;81,0;81;81;81;81;81;81;81;81,0;81;81,0;490;490,0;490,0;490,0;490;490;490;490;490,0;490;490,0;490,0;NA;NA;NA;NA;NA;NA;NA;NA;NA;NA;NA
2021-09-27;0-60;21;21,0;21;21;21;21;21;21;21;21,0;21;21,0;247;247,0;247,0;247,0;247;247;247;247;247,0;247;247,0;247,0;1,000000000000000;1,000000000000000;1,000000000000000;1,000000000000000;1,000000000000000;1,000000000000000;1,000000000000000;1,000000000000000;1,0000000000000000;1,0000000000000000;1,0000000000000000
2021-09-27;60+;20;20,0;20;20;20;20;20;20;20;20,0;20;20,0;227;227,0;227,0;227,0;227;227;227;227;227,0;227;227,0;227,0;1,000000000000000;1,000000000000000;1,000000000000000;1,000000000000000;1,000000000000000;1,000000000000000;1,000000000000000;1,000000000000000;1,0000000000000000;1,0000000000000000;1,0000000000000000
2021-09-27;alle;41;41,0;41;41;41;41;41;41;41;41,0;41;41,0;474;474,0;474,0;474,0;474;474;474;474;474,0;474;474,0;474,0;NA;NA;NA;NA;NA;NA;NA;NA;NA;NA;NA
2021-09-26;0-60;30;30,0;30;30;30;30;30;30;30;30,0;30;30,0;251;251,0;251,0;251,0;251;251;251;251;251,0;251;251,0;251,0;1,000000000000000;1,000000000000000;1,000000000000000;1,000000000000000;1,000000000000000;1,000000000000000;1,000000000000000;1,000000000000000;1,0000000000000000;1,0000000000000000;1,0000000000000000
2021-09-26;60+;19;19,0;19;19;19;19;19;19;19;19,0;19;19,0;229;229,0;229,0;229,0;229;229;229;229;229,0;229;229,0;229,0;1,000000000000000;1,000000000000000;1,000000000000000;1,000000000000000;1,000000000000000;1,000000000000000;1,000000000000000;1,000000000000000;1,0000000000000000;1,0000000000000000;1,0000000000000000
2021-09-26;alle;49;49,0;49;49;49;49;49;49;49;49,0;49;49,0;480;480,0;480,0;480,0;480;480;480;480;480,0;480;480,0;480,0;NA;NA;NA;NA;NA;NA;NA;NA;NA;NA;NA
2021-09-25;0-60;42;42,0;42;42;42;42;42;42;42;42,0;42;42,0;262;262,0;262,0;262,0;262;262;262;262;262,0;262;262,0;262,0;1,000000000000000;1,000000000000000;1,000000000000000;1,000000000000000;1,000000000000000;1,000000000000000;1,000000000000000;1,000000000000000;1,0000000000000000;1,0000000000000000;1,0000000000000000
2021-09-25;60+;32;32,0;32;32;32;32;32;32;32;32,0;32;32,0;240;240,0;240,0;240,0;240;240;240;240;240,0;240;240,0;240,0;1,000000000000000;1,000000000000000;1,000000000000000;1,000000000000000;1,000000000000000;1,000000000000000;1,000000000000000;1,000000000000000;1,0000000000000000;1,0000000000000000;1,0000000000000000
2021-09-25;alle;74;74,0;74;74;74;74;74;74;74;74,0;74;74,0;502;502,0;502,0;502,0;502;502;502;502;502,0;502;502,0;502,0;NA;NA;NA;NA;NA;NA;NA;NA;NA;NA;NA
2021-09-24;0-60;38;38,0;38;38;38;38;38;38;38;38,0;38;38,0;248;248,0;248,0;248,0;248;248;248;248;248,0;248;248,0;248,0;1,000000000000000;1,000000000000000;1,000000000000000;1,000000000000000;1,000000000000000;1,000000000000000;1,000000000000000;1,000000000000000;1,0000000000000000;1,0000000000000000;1,0000000000000000
2021-09-24;60+;37;37,0;37;37;37;37;37;37;37;37,0;37;37,0;239;239,0;239,0;239,0;239;239;239;239;239,0;239;239,0;239,0;1,000000000000000;1,000000000000000;1,000000000000000;1,000000000000000;1,000000000000000;1,000000000000000;1,000000000000000;1,000000000000000;1,0000000000000000;1,0000000000000000;1,0000000000000000
2021-09-24;alle;75;75,0;75;75;75;75;75;75;75;75,0;75;75,0;487;487,0;487,0;487,0;487;487;487;487;487,0;487;487,0;487,0;NA;NA;NA;NA;NA;NA;NA;NA;NA;NA;NA
2021-09-23;0-60;43;43,0;43;43;43;43;43;43;43;43,0;43;43,0;258;258,0;258,0;258,0;258;258;258;258;258,0;258;258,0;258,0;1,000000000000000;1,000000000000000;1,000000000000000;1,000000000000000;1,000000000000000;1,000000000000000;1,000000000000000;1,000000000000000;1,0000000000000000;1,0000000000000000;1,0000000000000000
2021-09-23;60+;51;51,0;51;51;51;51;51;51;51;51,0;51;51,0;239;239,0;239,0;239,0;239;239;239;239;239,0;239;239,0;239,0;1,000000000000000;1,000000000000000;1,000000000000000;1,000000000000000;1,000000000000000;1,000000000000000;1,000000000000000;1,000000000000000;1,0000000000000000;1,0000000000000000;1,0000000000000000
2021-09-23;alle;94;94,0;94;94;94;94;94;94;94;94,0;94;94,0;497;497,0;497,0;497,0;497;497;497;497;497,0;497;497,0;497,0;NA;NA;NA;NA;NA;NA;NA;NA;NA;NA;NA
2021-09-22;0-60;41;41,0;41;41;41;41;41;41;41;41,0;41;41,0;261;261,0;261,0;261,0;261;261;261;261;261,0;261;261,0;261,0;1,000000000000000;1,000000000000000;1,000000000000000;1,000000000000000;1,000000000000000;1,000000000000000;1,000000000000000;1,000000000000000;1,0000000000000000;1,0000000000000000;1,0000000000000000
2021-09-22;60+;35;35,0;35;35;35;35;35;35;35;35,0;35;35,0;249;249,0;249,0;249,0;249;249;249;249;249,0;249;249,0;249,0;1,000000000000000;1,000000000000000;1,000000000000000;1,000000000000000;1,000000000000000;1,000000000000000;1,000000000000000;1,000000000000000;1,0000000000000000;1,0000000000000000;1,0000000000000000
2021-09-22;alle;76;76,0;76;76;76;76;76;76;76;76,0;76;76,0;510;510,0;510,0;510,0;510;510;510;510;510,0;510;510,0;510,0;NA;NA;NA;NA;NA;NA;NA;NA;NA;NA;NA
2021-09-21;0-60;32;32,0;32;32;32;32;32;32;32;32,0;32;32,0;275;275,0;275,0;275,0;275;275;275;275;275,0;275;275,0;275,0;1,000000000000000;1,000000000000000;1,000000000000000;1,000000000000000;1,000000000000000;1,000000000000000;1,000000000000000;1,000000000000000;1,0000000000000000;1,0000000000000000;1,0000000000000000
2021-09-21;60+;33;33,0;33;33;33;33;33;33;33;33,0;33;33,0;263;263,0;263,0;263,0;263;263;263;263;263,0;263;263,0;263,0;1,000000000000000;1,000000000000000;1,000000000000000;1,000000000000000;1,000000000000000;1,000000000000000;1,000000000000000;1,000000000000000;1,0000000000000000;1,0000000000000000;1,0000000000000000
2021-09-21;alle;65;65,0;65;65;65;65;65;65;65;65,0;65;65,0;538;538,0;538,0;538,0;538;538;538;538;538,0;538;538,0;538,0;NA;NA;NA;NA;NA;NA;NA;NA;NA;NA;NA
2021-09-20;0-60;25;25,0;25;25;25;25;25;25;25;25,0;25;25,0;283;283,0;283,0;283,0;283;283;283;283;283,0;283;283,0;283,0;1,000000000000000;1,000000000000000;1,000000000000000;1,000000000000000;1,000000000000000;1,000000000000000;1,000000000000000;1,000000000000000;1,0000000000000000;1,0000000000000000;1,0000000000000000
2021-09-20;60+;22;22,0;22;22;22;22;22;22;22;22,0;22;22,0;267;267,0;267,0;267,0;267;267;267;267;267,0;267;267,0;267,0;1,000000000000000;1,000000000000000;1,000000000000000;1,000000000000000;1,000000000000000;1,000000000000000;1,000000000000000;1,000000000000000;1,0000000000000000;1,0000000000000000;1,0000000000000000
2021-09-20;alle;47;47,0;47;47;47;47;47;47;47;47,0;47;47,0;550;550,0;550,0;550,0;550;550;550;550;550,0;550;550,0;550,0;NA;NA;NA;NA;NA;NA;NA;NA;NA;NA;NA
2021-09-19;0-60;41;41,0;41;41;41;41;41;41;41;41,0;41;41,0;291;291,0;291,0;291,0;291;291;291;291;291,0;291;291,0;291,0;1,000000000000000;1,000000000000000;1,000000000000000;1,000000000000000;1,000000000000000;1,000000000000000;1,000000000000000;1,000000000000000;1,0000000000000000;1,0000000000000000;1,0000000000000000
2021-09-19;60+;30;30,0;30;30;30;30;30;30;30;30,0;30;30,0;272;272,0;272,0;272,0;272;272;272;272;272,0;272;272,0;272,0;1,000000000000000;1,000000000000000;1,000000000000000;1,000000000000000;1,000000000000000;1,000000000000000;1,000000000000000;1,000000000000000;1,0000000000000000;1,0000000000000000;1,0000000000000000
2021-09-19;alle;71;71,0;71;71;71;71;71;71;71;71,0;71;71,0;563;563,0;563,0;563,0;563;563;563;563;563,0;563;563,0;563,0;NA;NA;NA;NA;NA;NA;NA;NA;NA;NA;NA
2021-09-18;0-60;28;28,0;28;28;28;28;28;28;28;28,0;28;28,0;301;301,0;301,0;301,0;301;301;301;301;301,0;301;301,0;301,0;1,000000000000000;1,000000000000000;1,000000000000000;1,000000000000000;1,000000000000000;1,000000000000000;1,000000000000000;1,000000000000000;1,0000000000000000;1,0000000000000000;1,0000000000000000
2021-09-18;60+;31;31,0;31;31;31;31;31;31;31;31,0;31;31,0;282;282,0;282,0;282,0;282;282;282;282;282,0;282;282,0;282,0;1,000000000000000;1,000000000000000;1,000000000000000;1,000000000000000;1,000000000000000;1,000000000000000;1,000000000000000;1,000000000000000;1,0000000000000000;1,0000000000000000;1,0000000000000000
2021-09-18;alle;59;59,0;59;59;59;59;59;59;59;59,0;59;59,0;583;583,0;583,0;583,0;583;583;583;583;583,0;583;583,0;583,0;NA;NA;NA;NA;NA;NA;NA;NA;NA;NA;NA
2021-09-17;0-60;48;48,0;48;48;48;48;48;48;48;48,0;48;48,0;330;330,0;330,0;330,0;330;330;330;330;330,0;330;330,0;330,0;1,000000000000000;1,000000000000000;1,000000000000000;1,000000000000000;1,000000000000000;1,000000000000000;1,000000000000000;1,000000000000000;1,0000000000000000;1,0000000000000000;1,0000000000000000
2021-09-17;60+;37;37,0;37;37;37;37;37;37;37;37,0;37;37,0;290;290,0;290,0;290,0;290;290;290;290;290,0;290;290,0;290,0;1,000000000000000;1,000000000000000;1,000000000000000;1,000000000000000;1,000000000000000;1,000000000000000;1,000000000000000;1,000000000000000;1,0000000000000000;1,0000000000000000;1,0000000000000000
2021-09-17;alle;85;85,0;85;85;85;85;85;85;85;85,0;85;85,0;620;620,0;620,0;620,0;620;620;620;620;620,0;620;620,0;620,0;NA;NA;NA;NA;NA;NA;NA;NA;NA;NA;NA
2021-09-16;0-60;46;46,0;46;46;46;46;46;46;46;46,0;46;46,0;332;332,0;332,0;332,0;332;332;332;332;332,0;332;332,0;332,0;1,000000000000000;1,000000000000000;1,000000000000000;1,000000000000000;1,000000000000000;1,000000000000000;1,000000000000000;1,000000000000000;1,0000000000000000;1,0000000000000000;1,0000000000000000
2021-09-16;60+;61;61,0;61;61;61;61;61;61;61;61,0;61;61,0;290;290,0;290,0;290,0;290;290;290;290;290,0;290;290,0;290,0;1,000000000000000;1,000000000000000;1,000000000000000;1,000000000000000;1,000000000000000;1,000000000000000;1,000000000000000;1,000000000000000;1,0000000000000000;1,0000000000000000;1,0000000000000000
2021-09-16;alle;107;107,0;107;107;107;107;107;107;107;107,0;107;107,0;622;622,0;622,0;622,0;622;622;622;622;622,0;622;622,0;622,0;NA;NA;NA;NA;NA;NA;NA;NA;NA;NA;NA
2021-09-15;0-60;55;55,0;55;55;55;55;55;55;55;55,0;55;55,0;342;342,0;342,0;342,0;342;342;342;342;342,0;342;342,0;342,0;1,000000000000000;1,000000000000000;1,000000000000000;1,000000000000000;1,000000000000000;1,000000000000000;1,000000000000000;1,000000000000000;1,0000000000000000;1,0000000000000000;1,0000000000000000
2021-09-15;60+;49;49,0;49;49;49;49;49;49;49;49,0;49;49,0;288;288,0;288,0;288,0;288;288;288;288;288,0;288;288,0;288,0;1,000000000000000;1,000000000000000;1,000000000000000;1,000000000000000;1,000000000000000;1,000000000000000;1,000000000000000;1,000000000000000;1,0000000000000000;1,0000000000000000;1,0000000000000000
2021-09-15;alle;104;104,0;104;104;104;104;104;104;104;104,0;104;104,0;630;630,0;630,0;630,0;630;630;630;630;630,0;630;630,0;630,0;NA;NA;NA;NA;NA;NA;NA;NA;NA;NA;NA
2021-09-14;0-60;40;40,0;40;40;40;40;40;40;40;40,0;40;40,0;353;353,0;353,0;353,0;353;353;353;353;353,0;353;353,0;353,0;1,000000000000000;1,000000000000000;1,000000000000000;1,000000000000000;1,000000000000000;1,000000000000000;1,000000000000000;1,000000000000000;1,0000000000000000;1,0000000000000000;1,0000000000000000
2021-09-14;60+;37;37,0;37;37;37;37;37;37;37;37,0;37;37,0;298;298,0;298,0;298,0;298;298;298;298;298,0;298;298,0;298,0;1,000000000000000;1,000000000000000;1,000000000000000;1,000000000000000;1,000000000000000;1,000000000000000;1,000000000000000;1,000000000000000;1,0000000000000000;1,0000000000000000;1,0000000000000000
2021-09-14;alle;77;77,0;77;77;77;77;77;77;77;77,0;77;77,0;651;651,0;651,0;651,0;651;651;651;651;651,0;651;651,0;651,0;NA;NA;NA;NA;NA;NA;NA;NA;NA;NA;NA
2021-09-13;0-60;33;33,0;33;33;33;33;33;33;33;33,0;33;33,0;374;374,0;374,0;374,0;374;374;374;374;374,0;374;374,0;374,0;1,000000000000000;1,000000000000000;1,000000000000000;1,000000000000000;1,000000000000000;1,000000000000000;1,000000000000000;1,000000000000000;1,0000000000000000;1,0000000000000000;1,0000000000000000
2021-09-13;60+;27;27,0;27;27;27;27;27;27;27;27,0;27;27,0;287;287,0;287,0;287,0;287;287;287;287;287,0;287;287,0;287,0;1,000000000000000;1,000000000000000;1,000000000000000;1,000000000000000;1,000000000000000;1,000000000000000;1,000000000000000;1,000000000000000;1,0000000000000000;1,0000000000000000;1,0000000000000000
2021-09-13;alle;60;60,0;60;60;60;60;60;60;60;60,0;60;60,0;661;661,0;661,0;661,0;661;661;661;661;661,0;661;661,0;661,0;NA;NA;NA;NA;NA;NA;NA;NA;NA;NA;NA
2021-09-12;0-60;51;51,0;51;51;51;51;51;51;51;51,0;51;51,0;372;372,0;372,0;372,0;372;372;372;372;372,0;372;372,0;372,0;1,000000000000000;1,000000000000000;1,000000000000000;1,000000000000000;1,000000000000000;1,000000000000000;1,000000000000000;1,000000000000000;1,0000000000000000;1,0000000000000000;1,0000000000000000
2021-09-12;60+;40;40,0;40;40;40;40;40;40;40;40,0;40;40,0;277;277,0;277,0;277,0;277;277;277;277;277,0;277;277,0;277,0;1,000000000000000;1,000000000000000;1,000000000000000;1,000000000000000;1,000000000000000;1,000000000000000;1,000000000000000;1,000000000000000;1,0000000000000000;1,0000000000000000;1,0000000000000000
2021-09-12;alle;91;91,0;91;91;91;91;91;91;91;91,0;91;91,0;649;649,0;649,0;649,0;649;649;649;649;649,0;649;649,0;649,0;NA;NA;NA;NA;NA;NA;NA;NA;NA;NA;NA
2021-09-11;0-60;57;57,0;57;57;57;57;57;57;57;57,0;57;57,0;370;370,0;370,0;370,0;370;370;370;370;370,0;370;370,0;370,0;1,000000000000000;1,000000000000000;1,000000000000000;1,000000000000000;1,000000000000000;1,000000000000000;1,000000000000000;1,000000000000000;1,0000000000000000;1,0000000000000000;1,0000000000000000
2021-09-11;60+;39;39,0;39;39;39;39;39;39;39;39,0;39;39,0;263;263,0;263,0;263,0;263;263;263;263;263,0;263;263,0;263,0;1,000000000000000;1,000000000000000;1,000000000000000;1,000000000000000;1,000000000000000;1,000000000000000;1,000000000000000;1,000000000000000;1,0000000000000000;1,0000000000000000;1,0000000000000000
2021-09-11;alle;96;96,0;96;96;96;96;96;96;96;96,0;96;96,0;633;633,0;633,0;633,0;633;633;633;633;633,0;633;633,0;633,0;NA;NA;NA;NA;NA;NA;NA;NA;NA;NA;NA
2021-09-10;0-60;50;50,0;50;50;50;50;50;50;50;50,0;50;50,0;368;368,0;368,0;368,0;368;368;368;368;368,0;368;368,0;368,0;1,000000000000000;1,000000000000000;1,000000000000000;1,000000000000000;1,000000000000000;1,000000000000000;1,000000000000000;1,000000000000000;1,0000000000000000;1,0000000000000000;1,0000000000000000
2021-09-10;60+;37;37,0;37;37;37;37;37;37;37;37,0;37;37,0;271;271,0;271,0;271,0;271;271;271;271;271,0;271;271,0;271,0;1,000000000000000;1,000000000000000;1,000000000000000;1,000000000000000;1,000000000000000;1,000000000000000;1,000000000000000;1,000000000000000;1,0000000000000000;1,0000000000000000;1,0000000000000000
2021-09-10;alle;87;87,0;87;87;87;87;87;87;87;87,0;87;87,0;639;639,0;639,0;639,0;639;639;639;639;639,0;639;639,0;639,0;NA;NA;NA;NA;NA;NA;NA;NA;NA;NA;NA
2021-09-09;0-60;56;56,0;56;56;56;56;56;56;56;56,0;56;56,0;375;375,0;375,0;375,0;375;375;375;375;375,0;375;375,0;375,0;1,000000000000000;1,000000000000000;1,000000000000000;1,000000000000000;1,000000000000000;1,000000000000000;1,000000000000000;1,000000000000000;1,0000000000000000;1,0000000000000000;1,0000000000000000
2021-09-09;60+;59;59,0;59;59;59;59;59;59;59;59,0;59;59,0;266;266,0;266,0;266,0;266;266;266;266;266,0;266;266,0;266,0;1,000000000000000;1,000000000000000;1,000000000000000;1,000000000000000;1,000000000000000;1,000000000000000;1,000000000000000;1,000000000000000;1,0000000000000000;1,0000000000000000;1,0000000000000000
2021-09-09;alle;115;115,0;115;115;115;115;115;115;115;115,0;115;115,0;641;641,0;641,0;641,0;641;641;641;641;641,0;641;641,0;641,0;NA;NA;NA;NA;NA;NA;NA;NA;NA;NA;NA
2021-09-08;0-60;66;66,0;66;66;66;66;66;66;66;66,0;66;66,0;386;386,0;386,0;386,0;386;386;386;386;386,0;386;386,0;386,0;1,000000000000000;1,000000000000000;1,000000000000000;1,000000000000000;1,000000000000000;1,000000000000000;1,000000000000000;1,000000000000000;1,0000000000000000;1,0000000000000000;1,0000000000000000
2021-09-08;60+;59;59,0;59;59;59;59;59;59;59;59,0;59;59,0;240;240,0;240,0;240,0;240;240;240;240;240,0;240;240,0;240,0;1,000000000000000;1,000000000000000;1,000000000000000;1,000000000000000;1,000000000000000;1,000000000000000;1,000000000000000;1,000000000000000;1,0000000000000000;1,0000000000000000;1,0000000000000000
2021-09-08;alle;125;125,0;125;125;125;125;125;125;125;125,0;125;125,0;626;626,0;626,0;626,0;626;626;626;626;626,0;626;626,0;626,0;NA;NA;NA;NA;NA;NA;NA;NA;NA;NA;NA
2021-09-07;0-60;61;61,0;61;61;61;61;61;61;61;61,0;61;61,0;389;389,0;389,0;389,0;389;389;389;389;389,0;389;389,0;389,0;1,000000000000000;1,000000000000000;1,000000000000000;1,000000000000000;1,000000000000000;1,000000000000000;1,000000000000000;1,000000000000000;1,0000000000000000;1,0000000000000000;1,0000000000000000
2021-09-07;60+;26;26,0;26;26;26;26;26;26;26;26,0;26;26,0;217;217,0;217,0;217,0;217;217;217;217;217,0;217;217,0;217,0;1,000000000000000;1,000000000000000;1,000000000000000;1,000000000000000;1,000000000000000;1,000000000000000;1,000000000000000;1,000000000000000;1,0000000000000000;1,0000000000000000;1,0000000000000000
2021-09-07;alle;87;87,0;87;87;87;87;87;87;87;87,0;87;87,0;606;606,0;606,0;606,0;606;606;606;606;606,0;606;606,0;606,0;NA;NA;NA;NA;NA;NA;NA;NA;NA;NA;NA
2021-09-06;0-60;31;31,0;31;31;31;31;31;31;31;31,0;31;31,0;373;373,0;373,0;373,0;373;373;373;373;373,0;373;373,0;373,0;1,000000000000000;1,000000000000000;1,000000000000000;1,000000000000000;1,000000000000000;1,000000000000000;1,000000000000000;1,000000000000000;1,0000000000000000;1,0000000000000000;1,0000000000000000
2021-09-06;60+;17;17,0;17;17;17;17;17;17;17;17,0;17;17,0;220;220,0;220,0;220,0;220;220;220;220;220,0;220;220,0;220,0;1,000000000000000;1,000000000000000;1,000000000000000;1,000000000000000;1,000000000000000;1,000000000000000;1,000000000000000;1,000000000000000;1,0000000000000000;1,0000000000000000;1,0000000000000000
2021-09-06;alle;48;48,0;48;48;48;48;48;48;48;48,0;48;48,0;593;593,0;593,0;593,0;593;593;593;593;593,0;593;593,0;593,0;NA;NA;NA;NA;NA;NA;NA;NA;NA;NA;NA
2021-09-05;0-60;49;49,0;49;49;49;49;49;49;49;49,0;49;49,0;369;369,0;369,0;369,0;369;369;369;369;369,0;369;369,0;369,0;1,000000000000000;1,000000000000000;1,000000000000000;1,000000000000000;1,000000000000000;1,000000000000000;1,000000000000000;1,000000000000000;1,0000000000000000;1,0000000000000000;1,0000000000000000
2021-09-05;60+;26;26,0;26;26;26;26;26;26;26;26,0;26;26,0;220;220,0;220,0;220,0;220;220;220;220;220,0;220;220,0;220,0;1,000000000000000;1,000000000000000;1,000000000000000;1,000000000000000;1,000000000000000;1,000000000000000;1,000000000000000;1,000000000000000;1,0000000000000000;1,0000000000000000;1,0000000000000000
2021-09-05;alle;75;75,0;75;75;75;75;75;75;75;75,0;75;75,0;589;589,0;589,0;589,0;589;589;589;589;589,0;589;589,0;589,0;NA;NA;NA;NA;NA;NA;NA;NA;NA;NA;NA
2021-09-04;0-60;55;55,0;55;55;55;55;55;55;55;55,0;55;55,0;376;376,0;376,0;376,0;376;376;376;376;376,0;376;376,0;376,0;1,000000000000000;1,000000000000000;1,000000000000000;1,000000000000000;1,000000000000000;1,000000000000000;1,000000000000000;1,000000000000000;1,0000000000000000;1,0000000000000000;1,0000000000000000
2021-09-04;60+;47;47,0;47;47;47;47;47;47;47;47,0;47;47,0;213;213,0;213,0;213,0;213;213;213;213;213,0;213;213,0;213,0;1,000000000000000;1,000000000000000;1,000000000000000;1,000000000000000;1,000000000000000;1,000000000000000;1,000000000000000;1,000000000000000;1,0000000000000000;1,0000000000000000;1,0000000000000000
2021-09-04;alle;102;102,0;102;102;102;102;102;102;102;102,0;102;102,0;589;589,0;589,0;589,0;589;589;589;589;589,0;589;589,0;589,0;NA;NA;NA;NA;NA;NA;NA;NA;NA;NA;NA
2021-09-03;0-60;57;57,0;57;57;57;57;57;57;57;57,0;57;57,0;360;360,0;360,0;360,0;360;360;360;360;360,0;360;360,0;360,0;1,000000000000000;1,000000000000000;1,000000000000000;1,000000000000000;1,000000000000000;1,000000000000000;1,000000000000000;1,000000000000000;1,0000000000000000;1,0000000000000000;1,0000000000000000
2021-09-03;60+;32;32,0;32;32;32;32;32;32;32;32,0;32;32,0;188;188,0;188,0;188,0;188;188;188;188;188,0;188;188,0;188,0;1,000000000000000;1,000000000000000;1,000000000000000;1,000000000000000;1,000000000000000;1,000000000000000;1,000000000000000;1,000000000000000;1,0000000000000000;1,0000000000000000;1,0000000000000000
2021-09-03;alle;89;89,0;89;89;89;89;89;89;89;89,0;89;89,0;548;548,0;548,0;548,0;548;548;548;548;548,0;548;548,0;548,0;NA;NA;NA;NA;NA;NA;NA;NA;NA;NA;NA
2021-09-02;0-60;67;67,0;67;67;67;67;67;67;67;67,0;67;67,0;352;352,0;352,0;352,0;352;352;352;352;352,0;352;352,0;352,0;1,000000000000000;1,000000000000000;1,000000000000000;1,000000000000000;1,000000000000000;1,000000000000000;1,000000000000000;1,000000000000000;1,0000000000000000;1,0000000000000000;1,0000000000000000
2021-09-02;60+;33;33,0;33;33;33;33;33;33;33;33,0;33;33,0;177;177,0;177,0;177,0;177;177;177;177;177,0;177;177,0;177,0;1,000000000000000;1,000000000000000;1,000000000000000;1,000000000000000;1,000000000000000;1,000000000000000;1,000000000000000;1,000000000000000;1,0000000000000000;1,0000000000000000;1,0000000000000000
2021-09-02;alle;100;100,0;100;100;100;100;100;100;100;100,0;100;100,0;529;529,0;529,0;529,0;529;529;529;529;529,0;529;529,0;529,0;NA;NA;NA;NA;NA;NA;NA;NA;NA;NA;NA
2021-09-01;0-60;69;69,0;69;69;69;69;69;69;69;69,0;69;69,0;337;337,0;337,0;337,0;337;337;337;337;337,0;337;337,0;337,0;1,000000000000000;1,000000000000000;1,000000000000000;1,000000000000000;1,000000000000000;1,000000000000000;1,000000000000000;1,000000000000000;1,0000000000000000;1,0000000000000000;1,0000000000000000
2021-09-01;60+;36;36,0;36;36;36;36;36;36;36;36,0;36;36,0;176;176,0;176,0;176,0;176;176;176;176;176,0;176;176,0;176,0;1,000000000000000;1,000000000000000;1,000000000000000;1,000000000000000;1,000000000000000;1,000000000000000;1,000000000000000;1,000000000000000;1,0000000000000000;1,0000000000000000;1,0000000000000000
2021-09-01;alle;105;105,0;105;105;105;105;105;105;105;105,0;105;105,0;513;513,0;513,0;513,0;513;513;513;513;513,0;513;513,0;513,0;NA;NA;NA;NA;NA;NA;NA;NA;NA;NA;NA
2021-08-31;0-60;45;45,0;45;45;45;45;45;45;45;45,0;45;45,0;345;345,0;345,0;345,0;345;345;345;345;345,0;345;345,0;345,0;1,000000000000000;1,000000000000000;1,000000000000000;1,000000000000000;1,000000000000000;1,000000000000000;1,000000000000000;1,000000000000000;1,0000000000000000;1,0000000000000000;1,0000000000000000
2021-08-31;60+;29;29,0;29;29;29;29;29;29;29;29,0;29;29,0;163;163,0;163,0;163,0;163;163;163;163;163,0;163;163,0;163,0;1,000000000000000;1,000000000000000;1,000000000000000;1,000000000000000;1,000000000000000;1,000000000000000;1,000000000000000;1,000000000000000;1,0000000000000000;1,0000000000000000;1,0000000000000000
2021-08-31;alle;74;74,0;74;74;74;74;74;74;74;74,0;74;74,0;508;508,0;508,0;508,0;508;508;508;508;508,0;508;508,0;508,0;NA;NA;NA;NA;NA;NA;NA;NA;NA;NA;NA
2021-08-30;0-60;27;27,0;27;27;27;27;27;27;27;27,0;27;27,0;358;358,0;358,0;358,0;358;358;358;358;358,0;358;358,0;358,0;1,000000000000000;1,000000000000000;1,000000000000000;1,000000000000000;1,000000000000000;1,000000000000000;1,000000000000000;1,000000000000000;1,0000000000000000;1,0000000000000000;1,0000000000000000
2021-08-30;60+;17;17,0;17;17;17;17;17;17;17;17,0;17;17,0;150;150,0;150,0;150,0;150;150;150;150;150,0;150;150,0;150,0;1,000000000000000;1,000000000000000;1,000000000000000;1,000000000000000;1,000000000000000;1,000000000000000;1,000000000000000;1,000000000000000;1,0000000000000000;1,0000000000000000;1,0000000000000000
2021-08-30;alle;44;44,0;44;44;44;44;44;44;44;44,0;44;44,0;508;508,0;508,0;508,0;508;508;508;508;508,0;508;508,0;508,0;NA;NA;NA;NA;NA;NA;NA;NA;NA;NA;NA
2021-08-29;0-60;56;56,0;56;56;56;56;56;56;56;56,0;56;56,0;370;370,0;370,0;370,0;370;370;370;370;370,0;370;370,0;370,0;1,000000000000000;1,000000000000000;1,000000000000000;1,000000000000000;1,000000000000000;1,000000000000000;1,000000000000000;1,000000000000000;1,0000000000000000;1,0000000000000000;1,0000000000000000
2021-08-29;60+;19;19,0;19;19;19;19;19;19;19;19,0;19;19,0;150;150,0;150,0;150,0;150;150;150;150;150,0;150;150,0;150,0;1,000000000000000;1,000000000000000;1,000000000000000;1,000000000000000;1,000000000000000;1,000000000000000;1,000000000000000;1,000000000000000;1,0000000000000000;1,0000000000000000;1,0000000000000000
2021-08-29;alle;75;75,0;75;75;75;75;75;75;75;75,0;75;75,0;520;520,0;520,0;520,0;520;520;520;520;520,0;520;520,0;520,0;NA;NA;NA;NA;NA;NA;NA;NA;NA;NA;NA
2021-08-28;0-60;39;39,0;39;39;39;39;39;39;39;39,0;39;39,0;346;346,0;346,0;346,0;346;346;346;346;346,0;346;346,0;346,0;1,000000000000000;1,000000000000000;1,000000000000000;1,000000000000000;1,000000000000000;1,000000000000000;1,000000000000000;1,000000000000000;1,0000000000000000;1,0000000000000000;1,0000000000000000
2021-08-28;60+;22;22,0;22;22;22;22;22;22;22;22,0;22;22,0;142;142,0;142,0;142,0;142;142;142;142;142,0;142;142,0;142,0;1,000000000000000;1,000000000000000;1,000000000000000;1,000000000000000;1,000000000000000;1,000000000000000;1,000000000000000;1,000000000000000;1,0000000000000000;1,0000000000000000;1,0000000000000000
2021-08-28;alle;61;61,0;61;61;61;61;61;61;61;61,0;61;61,0;488;488,0;488,0;488,0;488;488;488;488;488,0;488;488,0;488,0;NA;NA;NA;NA;NA;NA;NA;NA;NA;NA;NA
2021-08-27;0-60;49;49,0;49;49;49;49;49;49;49;49,0;49;49,0;340;340,0;340,0;340,0;340;340;340;340;340,0;340;340,0;340,0;1,000000000000000;1,000000000000000;1,000000000000000;1,000000000000000;1,000000000000000;1,000000000000000;1,000000000000000;1,000000000000000;1,0000000000000000;1,0000000000000000;1,0000000000000000
2021-08-27;60+;21;21,0;21;21;21;21;21;21;21;21,0;21;21,0;137;137,0;137,0;137,0;137;137;137;137;137,0;137;137,0;137,0;1,000000000000000;1,000000000000000;1,000000000000000;1,000000000000000;1,000000000000000;1,000000000000000;1,000000000000000;1,000000000000000;1,0000000000000000;1,0000000000000000;1,0000000000000000
2021-08-27;alle;70;70,0;70;70;70;70;70;70;70;70,0;70;70,0;477;477,0;477,0;477,0;477;477;477;477;477,0;477;477,0;477,0;NA;NA;NA;NA;NA;NA;NA;NA;NA;NA;NA
2021-08-26;0-60;52;52,0;52;52;52;52;52;52;52;52,0;52;52,0;322;322,0;322,0;322,0;322;322;322;322;322,0;322;322,0;322,0;1,000000000000000;1,000000000000000;1,000000000000000;1,000000000000000;1,000000000000000;1,000000000000000;1,000000000000000;1,000000000000000;1,0000000000000000;1,0000000000000000;1,0000000000000000
2021-08-26;60+;32;32,0;32;32;32;32;32;32;32;32,0;32;32,0;126;126,0;126,0;126,0;126;126;126;126;126,0;126;126,0;126,0;1,000000000000000;1,000000000000000;1,000000000000000;1,000000000000000;1,000000000000000;1,000000000000000;1,000000000000000;1,000000000000000;1,0000000000000000;1,0000000000000000;1,0000000000000000
2021-08-26;alle;84;84,0;84;84;84;84;84;84;84;84,0;84;84,0;448;448,0;448,0;448,0;448;448;448;448;448,0;448;448,0;448,0;NA;NA;NA;NA;NA;NA;NA;NA;NA;NA;NA
2021-08-25;0-60;77;77,0;77;77;77;77;77;77;77;77,0;77;77,0;298;298,0;298,0;298,0;298;298;298;298;298,0;298;298,0;298,0;1,000000000000000;1,000000000000000;1,000000000000000;1,000000000000000;1,000000000000000;1,000000000000000;1,000000000000000;1,000000000000000;1,0000000000000000;1,0000000000000000;1,0000000000000000
2021-08-25;60+;23;23,0;23;23;23;23;23;23;23;23,0;23;23,0;113;113,0;113,0;113,0;113;113;113;113;113,0;113;113,0;113,0;1,000000000000000;1,000000000000000;1,000000000000000;1,000000000000000;1,000000000000000;1,000000000000000;1,000000000000000;1,000000000000000;1,0000000000000000;1,0000000000000000;1,0000000000000000
2021-08-25;alle;100;100,0;100;100;100;100;100;100;100;100,0;100;100,0;411;411,0;411,0;411,0;411;411;411;411;411,0;411;411,0;411,0;NA;NA;NA;NA;NA;NA;NA;NA;NA;NA;NA
2021-08-24;0-60;58;58,0;58;58;58;58;58;58;58;58,0;58;58,0;254;254,0;254,0;254,0;254;254;254;254;254,0;254;254,0;254,0;1,000000000000000;1,000000000000000;1,000000000000000;1,000000000000000;1,000000000000000;1,000000000000000;1,000000000000000;1,000000000000000;1,0000000000000000;1,0000000000000000;1,0000000000000000
2021-08-24;60+;16;16,0;16;16;16;16;16;16;16;16,0;16;16,0;114;114,0;114,0;114,0;114;114;114;114;114,0;114;114,0;114,0;1,000000000000000;1,000000000000000;1,000000000000000;1,000000000000000;1,000000000000000;1,000000000000000;1,000000000000000;1,000000000000000;1,0000000000000000;1,0000000000000000;1,0000000000000000
2021-08-24;alle;74;74,0;74;74;74;74;74;74;74;74,0;74;74,0;368;368,0;368,0;368,0;368;368;368;368;368,0;368;368,0;368,0;NA;NA;NA;NA;NA;NA;NA;NA;NA;NA;NA
2021-08-23;0-60;39;39,0;39;39;39;39;39;39;39;39,0;39;39,0;226;226,0;226,0;226,0;226;226;226;226;226,0;226;226,0;226,0;1,000000000000000;1,000000000000000;1,000000000000000;1,000000000000000;1,000000000000000;1,000000000000000;1,000000000000000;1,000000000000000;1,0000000000000000;1,0000000000000000;1,0000000000000000
2021-08-23;60+;17;17,0;17;17;17;17;17;17;17;17,0;17;17,0;109;109,0;109,0;109,0;109;109;109;109;109,0;109;109,0;109,0;1,000000000000000;1,000000000000000;1,000000000000000;1,000000000000000;1,000000000000000;1,000000000000000;1,000000000000000;1,000000000000000;1,0000000000000000;1,0000000000000000;1,0000000000000000
2021-08-23;alle;56;56,0;56;56;56;56;56;56;56;56,0;56;56,0;335;335,0;335,0;335,0;335;335;335;335;335,0;335;335,0;335,0;NA;NA;NA;NA;NA;NA;NA;NA;NA;NA;NA
2021-08-22;0-60;32;32,0;32;32;32;32;32;32;32;32,0;32;32,0;203;203,0;203,0;203,0;203;203;203;203;203,0;203;203,0;203,0;1,000000000000000;1,000000000000000;1,000000000000000;1,000000000000000;1,000000000000000;1,000000000000000;1,000000000000000;1,000000000000000;1,0000000000000000;1,0000000000000000;1,0000000000000000
2021-08-22;60+;11;11,0;11;11;11;11;11;11;11;11,0;11;11,0;99;99,0;99,0;99,0;99;99;99;99;99,0;99;99,0;99,0;1,000000000000000;1,000000000000000;1,000000000000000;1,000000000000000;1,000000000000000;1,000000000000000;1,000000000000000;1,000000000000000;1,0000000000000000;1,0000000000000000;1,0000000000000000
2021-08-22;alle;43;43,0;43;43;43;43;43;43;43;43,0;43;43,0;302;302,0;302,0;302,0;302;302;302;302;302,0;302;302,0;302,0;NA;NA;NA;NA;NA;NA;NA;NA;NA;NA;NA
2021-08-21;0-60;33;33,0;33;33;33;33;33;33;33;33,0;33;33,0;183;183,0;183,0;183,0;183;183;183;183;183,0;183;183,0;183,0;1,000000000000000;1,000000000000000;1,000000000000000;1,000000000000000;1,000000000000000;1,000000000000000;1,000000000000000;1,000000000000000;1,0000000000000000;1,0000000000000000;1,0000000000000000
2021-08-21;60+;17;17,0;17;17;17;17;17;17;17;17,0;17;17,0;97;97,0;97,0;97,0;97;97;97;97;97,0;97;97,0;97,0;1,000000000000000;1,000000000000000;1,000000000000000;1,000000000000000;1,000000000000000;1,000000000000000;1,000000000000000;1,000000000000000;1,0000000000000000;1,0000000000000000;1,0000000000000000
2021-08-21;alle;50;50,0;50;50;50;50;50;50;50;50,0;50;50,0;280;280,0;280,0;280,0;280;280;280;280;280,0;280;280,0;280,0;NA;NA;NA;NA;NA;NA;NA;NA;NA;NA;NA
2021-08-20;0-60;31;31,0;31;31;31;31;31;31;31;31,0;31;31,0;168;168,0;168,0;168,0;168;168;168;168;168,0;168;168,0;168,0;1,000000000000000;1,000000000000000;1,000000000000000;1,000000000000000;1,000000000000000;1,000000000000000;1,000000000000000;1,000000000000000;1,0000000000000000;1,0000000000000000;1,0000000000000000
2021-08-20;60+;10;10,0;10;10;10;10;10;10;10;10,0;10;10,0;87;87,0;87,0;87,0;87;87;87;87;87,0;87;87,0;87,0;1,000000000000000;1,000000000000000;1,000000000000000;1,000000000000000;1,000000000000000;1,000000000000000;1,000000000000000;1,000000000000000;1,0000000000000000;1,0000000000000000;1,0000000000000000
2021-08-20;alle;41;41,0;41;41;41;41;41;41;41;41,0;41;41,0;255;255,0;255,0;255,0;255;255;255;255;255,0;255;255,0;255,0;NA;NA;NA;NA;NA;NA;NA;NA;NA;NA;NA
2021-08-19;0-60;28;28,0;28;28;28;28;28;28;28;28,0;28;28,0;160;160,0;160,0;160,0;160;160;160;160;160,0;160;160,0;160,0;1,000000000000000;1,000000000000000;1,000000000000000;1,000000000000000;1,000000000000000;1,000000000000000;1,000000000000000;1,000000000000000;1,0000000000000000;1,0000000000000000;1,0000000000000000
2021-08-19;60+;19;19,0;19;19;19;19;19;19;19;19,0;19;19,0;87;87,0;87,0;87,0;87;87;87;87;87,0;87;87,0;87,0;1,000000000000000;1,000000000000000;1,000000000000000;1,000000000000000;1,000000000000000;1,000000000000000;1,000000000000000;1,000000000000000;1,0000000000000000;1,0000000000000000;1,0000000000000000
2021-08-19;alle;47;47,0;47;47;47;47;47;47;47;47,0;47;47,0;247;247,0;247,0;247,0;247;247;247;247;247,0;247;247,0;247,0;NA;NA;NA;NA;NA;NA;NA;NA;NA;NA;NA
2021-08-18;0-60;33;33,0;33;33;33;33;33;33;33;33,0;33;33,0;154;154,0;154,0;154,0;154;154;154;154;154,0;154;154,0;154,0;1,000000000000000;1,000000000000000;1,000000000000000;1,000000000000000;1,000000000000000;1,000000000000000;1,000000000000000;1,000000000000000;1,0000000000000000;1,0000000000000000;1,0000000000000000
2021-08-18;60+;24;24,0;24;24;24;24;24;24;24;24,0;24;24,0;82;82,0;82,0;82,0;82;82;82;82;82,0;82;82,0;82,0;1,000000000000000;1,000000000000000;1,000000000000000;1,000000000000000;1,000000000000000;1,000000000000000;1,000000000000000;1,000000000000000;1,0000000000000000;1,0000000000000000;1,0000000000000000
2021-08-18;alle;57;57,0;57;57;57;57;57;57;57;57,0;57;57,0;236;236,0;236,0;236,0;236;236;236;236;236,0;236;236,0;236,0;NA;NA;NA;NA;NA;NA;NA;NA;NA;NA;NA
2021-08-17;0-60;30;30,0;30;30;30;30;30;30;30;30,0;30;30,0;140;140,0;140,0;140,0;140;140;140;140;140,0;140;140,0;140,0;1,000000000000000;1,000000000000000;1,000000000000000;1,000000000000000;1,000000000000000;1,000000000000000;1,000000000000000;1,000000000000000;1,0000000000000000;1,0000000000000000;1,0000000000000000
2021-08-17;60+;11;11,0;11;11;11;11;11;11;11;11,0;11;11,0;70;70,0;70,0;70,0;70;70;70;70;70,0;70;70,0;70,0;1,000000000000000;1,000000000000000;1,000000000000000;1,000000000000000;1,000000000000000;1,000000000000000;1,000000000000000;1,000000000000000;1,0000000000000000;1,0000000000000000;1,0000000000000000
2021-08-17;alle;41;41,0;41;41;41;41;41;41;41;41,0;41;41,0;210;210,0;210,0;210,0;210;210;210;210;210,0;210;210,0;210,0;NA;NA;NA;NA;NA;NA;NA;NA;NA;NA;NA
2021-08-16;0-60;16;16,0;16;16;16;16;16;16;16;16,0;16;16,0;116;116,0;116,0;116,0;116;116;116;116;116,0;116;116,0;116,0;1,000000000000000;1,000000000000000;1,000000000000000;1,000000000000000;1,000000000000000;1,000000000000000;1,000000000000000;1,000000000000000;1,0000000000000000;1,0000000000000000;1,0000000000000000
2021-08-16;60+;7;7,0;7;7;7;7;7;7;7;7,0;7;7,0;71;71,0;71,0;71,0;71;71;71;71;71,0;71;71,0;71,0;1,000000000000000;1,000000000000000;1,000000000000000;1,000000000000000;1,000000000000000;1,000000000000000;1,000000000000000;1,000000000000000;1,0000000000000000;1,0000000000000000;1,0000000000000000
2021-08-16;alle;23;23,0;23;23;23;23;23;23;23;23,0;23;23,0;187;187,0;187,0;187,0;187;187;187;187;187,0;187;187,0;187,0;NA;NA;NA;NA;NA;NA;NA;NA;NA;NA;NA
2021-08-15;0-60;12;12,0;12;12;12;12;12;12;12;12,0;12;12,0;109;109,0;109,0;109,0;109;109;109;109;109,0;109;109,0;109,0;1,000000000000000;1,000000000000000;1,000000000000000;1,000000000000000;1,000000000000000;1,000000000000000;1,000000000000000;1,000000000000000;1,0000000000000000;1,0000000000000000;1,0000000000000000
2021-08-15;60+;9;9,0;9;9;9;9;9;9;9;9,0;9;9,0;69;69,0;69,0;69,0;69;69;69;69;69,0;69;69,0;69,0;1,000000000000000;1,000000000000000;1,000000000000000;1,000000000000000;1,000000000000000;1,000000000000000;1,000000000000000;1,000000000000000;1,0000000000000000;1,0000000000000000;1,0000000000000000
2021-08-15;alle;21;21,0;21;21;21;21;21;21;21;21,0;21;21,0;178;178,0;178,0;178,0;178;178;178;178;178,0;178;178,0;178,0;NA;NA;NA;NA;NA;NA;NA;NA;NA;NA;NA
2021-08-14;0-60;18;18,0;18;18;18;18;18;18;18;18,0;18;18,0;105;105,0;105,0;105,0;105;105;105;105;105,0;105;105,0;105,0;1,000000000000000;1,000000000000000;1,000000000000000;1,000000000000000;1,000000000000000;1,000000000000000;1,000000000000000;1,000000000000000;1,0000000000000000;1,0000000000000000;1,0000000000000000
2021-08-14;60+;7;7,0;7;7;7;7;7;7;7;7,0;7;7,0;67;67,0;67,0;67,0;67;67;67;67;67,0;67;67,0;67,0;1,000000000000000;1,000000000000000;1,000000000000000;1,000000000000000;1,000000000000000;1,000000000000000;1,000000000000000;1,000000000000000;1,0000000000000000;1,0000000000000000;1,0000000000000000
2021-08-14;alle;25;25,0;25;25;25;25;25;25;25;25,0;25;25,0;172;172,0;172,0;172,0;172;172;172;172;172,0;172;172,0;172,0;NA;NA;NA;NA;NA;NA;NA;NA;NA;NA;NA
2021-08-13;0-60;23;23,0;23;23;23;23;23;23;23;23,0;23;23,0;95;95,0;95,0;95,0;95;95;95;95;95,0;95;95,0;95,0;1,000000000000000;1,000000000000000;1,000000000000000;1,000000000000000;1,000000000000000;1,000000000000000;1,000000000000000;1,000000000000000;1,0000000000000000;1,0000000000000000;1,0000000000000000
2021-08-13;60+;10;10,0;10;10;10;10;10;10;10;10,0;10;10,0;72;72,0;72,0;72,0;72;72;72;72;72,0;72;72,0;72,0;1,000000000000000;1,000000000000000;1,000000000000000;1,000000000000000;1,000000000000000;1,000000000000000;1,000000000000000;1,000000000000000;1,0000000000000000;1,0000000000000000;1,0000000000000000
2021-08-13;alle;33;33,0;33;33;33;33;33;33;33;33,0;33;33,0;167;167,0;167,0;167,0;167;167;167;167;167,0;167;167,0;167,0;NA;NA;NA;NA;NA;NA;NA;NA;NA;NA;NA
2021-08-12;0-60;22;22,0;22;22;22;22;22;22;22;22,0;22;22,0;83;83,0;83,0;83,0;83;83;83;83;83,0;83;83,0;83,0;1,000000000000000;1,000000000000000;1,000000000000000;1,000000000000000;1,000000000000000;1,000000000000000;1,000000000000000;1,000000000000000;1,0000000000000000;1,0000000000000000;1,0000000000000000
2021-08-12;60+;14;14,0;14;14;14;14;14;14;14;14,0;14;14,0;70;70,0;70,0;70,0;70;70;70;70;70,0;70;70,0;70,0;1,000000000000000;1,000000000000000;1,000000000000000;1,000000000000000;1,000000000000000;1,000000000000000;1,000000000000000;1,000000000000000;1,0000000000000000;1,0000000000000000;1,0000000000000000
2021-08-12;alle;36;36,0;36;36;36;36;36;36;36;36,0;36;36,0;153;153,0;153,0;153,0;153;153;153;153;153,0;153;153,0;153,0;NA;NA;NA;NA;NA;NA;NA;NA;NA;NA;NA
2021-08-11;0-60;19;19,0;19;19;19;19;19;19;19;19,0;19;19,0;65;65,0;65,0;65,0;65;65;65;65;65,0;65;65,0;65,0;1,000000000000000;1,000000000000000;1,000000000000000;1,000000000000000;1,000000000000000;1,000000000000000;1,000000000000000;1,000000000000000;1,0000000000000000;1,0000000000000000;1,0000000000000000
2021-08-11;60+;12;12,0;12;12;12;12;12;12;12;12,0;12;12,0;66;66,0;66,0;66,0;66;66;66;66;66,0;66;66,0;66,0;1,000000000000000;1,000000000000000;1,000000000000000;1,000000000000000;1,000000000000000;1,000000000000000;1,000000000000000;1,000000000000000;1,0000000000000000;1,0000000000000000;1,0000000000000000
2021-08-11;alle;31;31,0;31;31;31;31;31;31;31;31,0;31;31,0;131;131,0;131,0;131,0;131;131;131;131;131,0;131;131,0;131,0;NA;NA;NA;NA;NA;NA;NA;NA;NA;NA;NA
2021-08-10;0-60;6;6,0;6;6;6;6;6;6;6;6,0;6;6,0;58;58,0;58,0;58,0;58;58;58;58;58,0;58;58,0;58,0;1,000000000000000;1,000000000000000;1,000000000000000;1,000000000000000;1,000000000000000;1,000000000000000;1,000000000000000;1,000000000000000;1,0000000000000000;1,0000000000000000;1,0000000000000000
2021-08-10;60+;12;12,0;12;12;12;12;12;12;12;12,0;12;12,0;60;60,0;60,0;60,0;60;60;60;60;60,0;60;60,0;60,0;1,000000000000000;1,000000000000000;1,000000000000000;1,000000000000000;1,000000000000000;1,000000000000000;1,000000000000000;1,000000000000000;1,0000000000000000;1,0000000000000000;1,0000000000000000
2021-08-10;alle;18;18,0;18;18;18;18;18;18;18;18,0;18;18,0;118;118,0;118,0;118,0;118;118;118;118;118,0;118;118,0;118,0;NA;NA;NA;NA;NA;NA;NA;NA;NA;NA;NA
2021-08-09;0-60;9;9,0;9;9;9;9;9;9;9;9,0;9;9,0;58;58,0;58,0;58,0;58;58;58;58;58,0;58;58,0;58,0;1,000000000000000;1,000000000000000;1,000000000000000;1,000000000000000;1,000000000000000;1,000000000000000;1,000000000000000;1,000000000000000;1,0000000000000000;1,0000000000000000;1,0000000000000000
2021-08-09;60+;5;5,0;5;5;5;5;5;5;5;5,0;5;5,0;57;57,0;57,0;57,0;57;57;57;57;57,0;57;57,0;57,0;1,000000000000000;1,000000000000000;1,000000000000000;1,000000000000000;1,000000000000000;1,000000000000000;1,000000000000000;1,000000000000000;1,0000000000000000;1,0000000000000000;1,0000000000000000
2021-08-09;alle;14;14,0;14;14;14;14;14;14;14;14,0;14;14,0;115;115,0;115,0;115,0;115;115;115;115;115,0;115;115,0;115,0;NA;NA;NA;NA;NA;NA;NA;NA;NA;NA;NA
2021-08-08;0-60;8;8,0;8;8;8;8;8;8;8;8,0;8;8,0;52;52,0;52,0;52,0;52;52;52;52;52,0;52;52,0;52,0;1,000000000000000;1,000000000000000;1,000000000000000;1,000000000000000;1,000000000000000;1,000000000000000;1,000000000000000;1,000000000000000;1,0000000000000000;1,0000000000000000;1,0000000000000000
2021-08-08;60+;7;7,0;7;7;7;7;7;7;7;7,0;7;7,0;54;54,0;54,0;54,0;54;54;54;54;54,0;54;54,0;54,0;1,000000000000000;1,000000000000000;1,000000000000000;1,000000000000000;1,000000000000000;1,000000000000000;1,000000000000000;1,000000000000000;1,0000000000000000;1,0000000000000000;1,0000000000000000
2021-08-08;alle;15;15,0;15;15;15;15;15;15;15;15,0;15;15,0;106;106,0;106,0;106,0;106;106;106;106;106,0;106;106,0;106,0;NA;NA;NA;NA;NA;NA;NA;NA;NA;NA;NA
2021-08-07;0-60;8;8,0;8;8;8;8;8;8;8;8,0;8;8,0;59;59,0;59,0;59,0;59;59;59;59;59,0;59;59,0;59,0;1,000000000000000;1,000000000000000;1,000000000000000;1,000000000000000;1,000000000000000;1,000000000000000;1,000000000000000;1,000000000000000;1,0000000000000000;1,0000000000000000;1,0000000000000000
2021-08-07;60+;12;12,0;12;12;12;12;12;12;12;12,0;12;12,0;51;51,0;51,0;51,0;51;51;51;51;51,0;51;51,0;51,0;1,000000000000000;1,000000000000000;1,000000000000000;1,000000000000000;1,000000000000000;1,000000000000000;1,000000000000000;1,000000000000000;1,0000000000000000;1,0000000000000000;1,0000000000000000
2021-08-07;alle;20;20,0;20;20;20;20;20;20;20;20,0;20;20,0;110;110,0;110,0;110,0;110;110;110;110;110,0;110;110,0;110,0;NA;NA;NA;NA;NA;NA;NA;NA;NA;NA;NA
2021-08-06;0-60;11;11,0;11;11;11;11;11;11;11;11,0;11;11,0;58;58,0;58,0;58,0;58;58;58;58;58,0;58;58,0;58,0;1,000000000000000;1,000000000000000;1,000000000000000;1,000000000000000;1,000000000000000;1,000000000000000;1,000000000000000;1,000000000000000;1,0000000000000000;1,0000000000000000;1,0000000000000000
2021-08-06;60+;8;8,0;8;8;8;8;8;8;8;8,0;8;8,0;45;45,0;45,0;45,0;45;45;45;45;45,0;45;45,0;45,0;1,000000000000000;1,000000000000000;1,000000000000000;1,000000000000000;1,000000000000000;1,000000000000000;1,000000000000000;1,000000000000000;1,0000000000000000;1,0000000000000000;1,0000000000000000
2021-08-06;alle;19;19,0;19;19;19;19;19;19;19;19,0;19;19,0;103;103,0;103,0;103,0;103;103;103;103;103,0;103;103,0;103,0;NA;NA;NA;NA;NA;NA;NA;NA;NA;NA;NA
2021-08-05;0-60;4;4,0;4;4;4;4;4;4;4;4,0;4;4,0;60;60,0;60,0;60,0;60;60;60;60;60,0;60;60,0;60,0;1,000000000000000;1,000000000000000;1,000000000000000;1,000000000000000;1,000000000000000;1,000000000000000;1,000000000000000;1,000000000000000;1,0000000000000000;1,0000000000000000;1,0000000000000000
2021-08-05;60+;10;10,0;10;10;10;10;10;10;10;10,0;10;10,0;44;44,0;44,0;44,0;44;44;44;44;44,0;44;44,0;44,0;1,000000000000000;1,000000000000000;1,000000000000000;1,000000000000000;1,000000000000000;1,000000000000000;1,000000000000000;1,000000000000000;1,0000000000000000;1,0000000000000000;1,0000000000000000
2021-08-05;alle;14;14,0;14;14;14;14;14;14;14;14,0;14;14,0;104;104,0;104,0;104,0;104;104;104;104;104,0;104;104,0;104,0;NA;NA;NA;NA;NA;NA;NA;NA;NA;NA;NA
2021-08-04;0-60;12;12,0;12;12;12;12;12;12;12;12,0;12;12,0;64;64,0;64,0;64,0;64;64;64;64;64,0;64;64,0;64,0;1,000000000000000;1,000000000000000;1,000000000000000;1,000000000000000;1,000000000000000;1,000000000000000;1,000000000000000;1,000000000000000;1,0000000000000000;1,0000000000000000;1,0000000000000000
2021-08-04;60+;6;6,0;6;6;6;6;6;6;6;6,0;6;6,0;43;43,0;43,0;43,0;43;43;43;43;43,0;43;43,0;43,0;1,000000000000000;1,000000000000000;1,000000000000000;1,000000000000000;1,000000000000000;1,000000000000000;1,000000000000000;1,000000000000000;1,0000000000000000;1,0000000000000000;1,0000000000000000
2021-08-04;alle;18;18,0;18;18;18;18;18;18;18;18,0;18;18,0;107;107,0;107,0;107,0;107;107;107;107;107,0;107;107,0;107,0;NA;NA;NA;NA;NA;NA;NA;NA;NA;NA;NA
2021-08-03;0-60;6;6,0;6;6;6;6;6;6;6;6,0;6;6,0;67;67,0;67,0;67,0;67;67;67;67;67,0;67;67,0;67,0;1,000000000000000;1,000000000000000;1,000000000000000;1,000000000000000;1,000000000000000;1,000000000000000;1,000000000000000;1,000000000000000;1,0000000000000000;1,0000000000000000;1,0000000000000000
2021-08-03;60+;9;9,0;9;9;9;9;9;9;9;9,0;9;9,0;48;48,0;48,0;48,0;48;48;48;48;48,0;48;48,0;48,0;1,000000000000000;1,000000000000000;1,000000000000000;1,000000000000000;1,000000000000000;1,000000000000000;1,000000000000000;1,000000000000000;1,0000000000000000;1,0000000000000000;1,0000000000000000
2021-08-03;alle;15;15,0;15;15;15;15;15;15;15;15,0;15;15,0;115;115,0;115,0;115,0;115;115;115;115;115,0;115;115,0;115,0;NA;NA;NA;NA;NA;NA;NA;NA;NA;NA;NA
2021-08-02;0-60;3;3,0;3;3;3;3;3;3;3;3,0;3;3,0;66;66,0;66,0;66,0;66;66;66;66;66,0;66;66,0;66,0;1,000000000000000;1,000000000000000;1,000000000000000;1,000000000000000;1,000000000000000;1,000000000000000;1,000000000000000;1,000000000000000;1,0000000000000000;1,0000000000000000;1,0000000000000000
2021-08-02;60+;2;2,0;2;2;2;2;2;2;2;2,0;2;2,0;44;44,0;44,0;44,0;44;44;44;44;44,0;44;44,0;44,0;1,000000000000000;1,000000000000000;1,000000000000000;1,000000000000000;1,000000000000000;1,000000000000000;1,000000000000000;1,000000000000000;1,0000000000000000;1,0000000000000000;1,0000000000000000
2021-08-02;alle;5;5,0;5;5;5;5;5;5;5;5,0;5;5,0;110;110,0;110,0;110,0;110;110;110;110;110,0;110;110,0;110,0;NA;NA;NA;NA;NA;NA;NA;NA;NA;NA;NA
2021-08-01;0-60;15;15,0;15;15;15;15;15;15;15;15,0;15;15,0;65;65,0;65,0;65,0;65;65;65;65;65,0;65;65,0;65,0;1,000000000000000;1,000000000000000;1,000000000000000;1,000000000000000;1,000000000000000;1,000000000000000;1,000000000000000;1,000000000000000;1,0000000000000000;1,0000000000000000;1,0000000000000000
2021-08-01;60+;4;4,0;4;4;4;4;4;4;4;4,0;4;4,0;43;43,0;43,0;43,0;43;43;43;43;43,0;43;43,0;43,0;1,000000000000000;1,000000000000000;1,000000000000000;1,000000000000000;1,000000000000000;1,000000000000000;1,000000000000000;1,000000000000000;1,0000000000000000;1,0000000000000000;1,0000000000000000
2021-08-01;alle;19;19,0;19;19;19;19;19;19;19;19,0;19;19,0;108;108,0;108,0;108,0;108;108;108;108;108,0;108;108,0;108,0;NA;NA;NA;NA;NA;NA;NA;NA;NA;NA;NA
2021-07-31;0-60;7;7,0;7;7;7;7;7;7;7;7,0;7;7,0;56;56,0;56,0;56,0;56;56;56;56;56,0;56;56,0;56,0;1,000000000000000;1,000000000000000;1,000000000000000;1,000000000000000;1,000000000000000;1,000000000000000;1,000000000000000;1,000000000000000;1,0000000000000000;1,0000000000000000;1,0000000000000000
2021-07-31;60+;6;6,0;6;6;6;6;6;6;6;6,0;6;6,0;45;45,0;45,0;45,0;45;45;45;45;45,0;45;45,0;45,0;1,000000000000000;1,000000000000000;1,000000000000000;1,000000000000000;1,000000000000000;1,000000000000000;1,000000000000000;1,000000000000000;1,0000000000000000;1,0000000000000000;1,0000000000000000
2021-07-31;alle;13;13,0;13;13;13;13;13;13;13;13,0;13;13,0;101;101,0;101,0;101,0;101;101;101;101;101,0;101;101,0;101,0;NA;NA;NA;NA;NA;NA;NA;NA;NA;NA;NA
2021-07-30;0-60;13;13,0;13;13;13;13;13;13;13;13,0;13;13,0;57;57,0;57,0;57,0;57;57;57;57;57,0;57;57,0;57,0;1,000000000000000;1,000000000000000;1,000000000000000;1,000000000000000;1,000000000000000;1,000000000000000;1,000000000000000;1,000000000000000;1,0000000000000000;1,0000000000000000;1,0000000000000000
2021-07-30;60+;7;7,0;7;7;7;7;7;7;7;7,0;7;7,0;41;41,0;41,0;41,0;41;41;41;41;41,0;41;41,0;41,0;1,000000000000000;1,000000000000000;1,000000000000000;1,000000000000000;1,000000000000000;1,000000000000000;1,000000000000000;1,000000000000000;1,0000000000000000;1,0000000000000000;1,0000000000000000
2021-07-30;alle;20;20,0;20;20;20;20;20;20;20;20,0;20;20,0;98;98,0;98,0;98,0;98;98;98;98;98,0;98;98,0;98,0;NA;NA;NA;NA;NA;NA;NA;NA;NA;NA;NA
2021-07-29;0-60;8;8,0;8;8;8;8;8;8;8;8,0;8;8,0;50;50,0;50,0;50,0;50;50;50;50;50,0;50;50,0;50,0;1,000000000000000;1,000000000000000;1,000000000000000;1,000000000000000;1,000000000000000;1,000000000000000;1,000000000000000;1,000000000000000;1,0000000000000000;1,0000000000000000;1,0000000000000000
2021-07-29;60+;9;9,0;9;9;9;9;9;9;9;9,0;9;9,0;37;37,0;37,0;37,0;37;37;37;37;37,0;37;37,0;37,0;1,000000000000000;1,000000000000000;1,000000000000000;1,000000000000000;1,000000000000000;1,000000000000000;1,000000000000000;1,000000000000000;1,0000000000000000;1,0000000000000000;1,0000000000000000
2021-07-29;alle;17;17,0;17;17;17;17;17;17;17;17,0;17;17,0;87;87,0;87,0;87,0;87;87;87;87;87,0;87;87,0;87,0;NA;NA;NA;NA;NA;NA;NA;NA;NA;NA;NA
2021-07-28;0-60;15;15,0;15;15;15;15;15;15;15;15,0;15;15,0;48;48,0;48,0;48,0;48;48;48;48;48,0;48;48,0;48,0;1,000000000000000;1,000000000000000;1,000000000000000;1,000000000000000;1,000000000000000;1,000000000000000;1,000000000000000;1,000000000000000;1,0000000000000000;1,0000000000000000;1,0000000000000000
2021-07-28;60+;11;11,0;11;11;11;11;11;11;11;11,0;11;11,0;37;37,0;37,0;37,0;37;37;37;37;37,0;37;37,0;37,0;1,000000000000000;1,000000000000000;1,000000000000000;1,000000000000000;1,000000000000000;1,000000000000000;1,000000000000000;1,000000000000000;1,0000000000000000;1,0000000000000000;1,0000000000000000
2021-07-28;alle;26;26,0;26;26;26;26;26;26;26;26,0;26;26,0;85;85,0;85,0;85,0;85;85;85;85;85,0;85;85,0;85,0;NA;NA;NA;NA;NA;NA;NA;NA;NA;NA;NA
2021-07-27;0-60;5;5,0;5;5;5;5;5;5;5;5,0;5;5,0;43;43,0;43,0;43,0;43;43;43;43;43,0;43;43,0;43,0;1,000000000000000;1,000000000000000;1,000000000000000;1,000000000000000;1,000000000000000;1,000000000000000;1,000000000000000;1,000000000000000;1,0000000000000000;1,0000000000000000;1,0000000000000000
2021-07-27;60+;5;5,0;5;5;5;5;5;5;5;5,0;5;5,0;29;29,0;29,0;29,0;29;29;29;29;29,0;29;29,0;29,0;1,000000000000000;1,000000000000000;1,000000000000000;1,000000000000000;1,000000000000000;1,000000000000000;1,000000000000000;1,000000000000000;1,0000000000000000;1,0000000000000000;1,0000000000000000
2021-07-27;alle;10;10,0;10;10;10;10;10;10;10;10,0;10;10,0;72;72,0;72,0;72,0;72;72;72;72;72,0;72;72,0;72,0;NA;NA;NA;NA;NA;NA;NA;NA;NA;NA;NA
2021-07-26;0-60;2;2,0;2;2;2;2;2;2;2;2,0;2;2,0;45;45,0;45,0;45,0;45;45;45;45;45,0;45;45,0;45,0;1,000000000000000;1,000000000000000;1,000000000000000;1,000000000000000;1,000000000000000;1,000000000000000;1,000000000000000;1,000000000000000;1,0000000000000000;1,0000000000000000;1,0000000000000000
2021-07-26;60+;1;1,0;1;1;1;1;1;1;1;1,0;1;1,0;27;27,0;27,0;27,0;27;27;27;27;27,0;27;27,0;27,0;1,000000000000000;1,000000000000000;1,000000000000000;1,000000000000000;1,000000000000000;1,000000000000000;1,000000000000000;1,000000000000000;1,0000000000000000;1,0000000000000000;1,0000000000000000
2021-07-26;alle;3;3,0;3;3;3;3;3;3;3;3,0;3;3,0;72;72,0;72,0;72,0;72;72;72;72;72,0;72;72,0;72,0;NA;NA;NA;NA;NA;NA;NA;NA;NA;NA;NA
2021-07-25;0-60;6;6,0;6;6;6;6;6;6;6;6,0;6;6,0;48;48,0;48,0;48,0;48;48;48;48;48,0;48;48,0;48,0;1,000000000000000;1,000000000000000;1,000000000000000;1,000000000000000;1,000000000000000;1,000000000000000;1,000000000000000;1,000000000000000;1,0000000000000000;1,0000000000000000;1,0000000000000000
2021-07-25;60+;6;6,0;6;6;6;6;6;6;6;6,0;6;6,0;28;28,0;28,0;28,0;28;28;28;28;28,0;28;28,0;28,0;1,000000000000000;1,000000000000000;1,000000000000000;1,000000000000000;1,000000000000000;1,000000000000000;1,000000000000000;1,000000000000000;1,0000000000000000;1,0000000000000000;1,0000000000000000
2021-07-25;alle;12;12,0;12;12;12;12;12;12;12;12,0;12;12,0;76;76,0;76,0;76,0;76;76;76;76;76,0;76;76,0;76,0;NA;NA;NA;NA;NA;NA;NA;NA;NA;NA;NA
2021-07-24;0-60;8;8,0;8;8;8;8;8;8;8;8,0;8;8,0;52;52,0;52,0;52,0;52;52;52;52;52,0;52;52,0;52,0;1,000000000000000;1,000000000000000;1,000000000000000;1,000000000000000;1,000000000000000;1,000000000000000;1,000000000000000;1,000000000000000;1,0000000000000000;1,0000000000000000;1,0000000000000000
2021-07-24;60+;2;2,0;2;2;2;2;2;2;2;2,0;2;2,0;24;24,0;24,0;24,0;24;24;24;24;24,0;24;24,0;24,0;1,000000000000000;1,000000000000000;1,000000000000000;1,000000000000000;1,000000000000000;1,000000000000000;1,000000000000000;1,000000000000000;1,0000000000000000;1,0000000000000000;1,0000000000000000
2021-07-24;alle;10;10,0;10;10;10;10;10;10;10;10,0;10;10,0;76;76,0;76,0;76,0;76;76;76;76;76,0;76;76,0;76,0;NA;NA;NA;NA;NA;NA;NA;NA;NA;NA;NA
2021-07-23;0-60;6;6,0;6;6;6;6;6;6;6;6,0;6;6,0;51;51,0;51,0;51,0;51;51;51;51;51,0;51;51,0;51,0;1,000000000000000;1,000000000000000;1,000000000000000;1,000000000000000;1,000000000000000;1,000000000000000;1,000000000000000;1,000000000000000;1,0000000000000000;1,0000000000000000;1,0000000000000000
2021-07-23;60+;3;3,0;3;3;3;3;3;3;3;3,0;3;3,0;26;26,0;26,0;26,0;26;26;26;26;26,0;26;26,0;26,0;1,000000000000000;1,000000000000000;1,000000000000000;1,000000000000000;1,000000000000000;1,000000000000000;1,000000000000000;1,000000000000000;1,0000000000000000;1,0000000000000000;1,0000000000000000
2021-07-23;alle;9;9,0;9;9;9;9;9;9;9;9,0;9;9,0;77;77,0;77,0;77,0;77;77;77;77;77,0;77;77,0;77,0;NA;NA;NA;NA;NA;NA;NA;NA;NA;NA;NA
2021-07-22;0-60;6;6,0;6;6;6;6;6;6;6;6,0;6;6,0;50;50,0;50,0;50,0;50;50;50;50;50,0;50;50,0;50,0;1,000000000000000;1,000000000000000;1,000000000000000;1,000000000000000;1,000000000000000;1,000000000000000;1,000000000000000;1,000000000000000;1,0000000000000000;1,0000000000000000;1,0000000000000000
2021-07-22;60+;9;9,0;9;9;9;9;9;9;9;9,0;9;9,0;25;25,0;25,0;25,0;25;25;25;25;25,0;25;25,0;25,0;1,000000000000000;1,000000000000000;1,000000000000000;1,000000000000000;1,000000000000000;1,000000000000000;1,000000000000000;1,000000000000000;1,0000000000000000;1,0000000000000000;1,0000000000000000
2021-07-22;alle;15;15,0;15;15;15;15;15;15;15;15,0;15;15,0;75;75,0;75,0;75,0;75;75;75;75;75,0;75;75,0;75,0;NA;NA;NA;NA;NA;NA;NA;NA;NA;NA;NA
2021-07-21;0-60;10;10,0;10;10;10;10;10;10;10;10,0;10;10,0;46;46,0;46,0;46,0;46;46;46;46;46,0;46;46,0;46,0;1,000000000000000;1,000000000000000;1,000000000000000;1,000000000000000;1,000000000000000;1,000000000000000;1,000000000000000;1,000000000000000;1,0000000000000000;1,0000000000000000;1,0000000000000000
2021-07-21;60+;3;3,0;3;3;3;3;3;3;3;3,0;3;3,0;22;22,0;22,0;22,0;22;22;22;22;22,0;22;22,0;22,0;1,000000000000000;1,000000000000000;1,000000000000000;1,000000000000000;1,000000000000000;1,000000000000000;1,000000000000000;1,000000000000000;1,0000000000000000;1,0000000000000000;1,0000000000000000
2021-07-21;alle;13;13,0;13;13;13;13;13;13;13;13,0;13;13,0;68;68,0;68,0;68,0;68;68;68;68;68,0;68;68,0;68,0;NA;NA;NA;NA;NA;NA;NA;NA;NA;NA;NA
2021-07-20;0-60;7;7,0;7;7;7;7;7;7;7;7,0;7;7,0;42;42,0;42,0;42,0;42;42;42;42;42,0;42;42,0;42,0;1,000000000000000;1,000000000000000;1,000000000000000;1,000000000000000;1,000000000000000;1,000000000000000;1,000000000000000;1,000000000000000;1,0000000000000000;1,0000000000000000;1,0000000000000000
2021-07-20;60+;3;3,0;3;3;3;3;3;3;3;3,0;3;3,0;23;23,0;23,0;23,0;23;23;23;23;23,0;23;23,0;23,0;1,000000000000000;1,000000000000000;1,000000000000000;1,000000000000000;1,000000000000000;1,000000000000000;1,000000000000000;1,000000000000000;1,0000000000000000;1,0000000000000000;1,0000000000000000
2021-07-20;alle;10;10,0;10;10;10;10;10;10;10;10,0;10;10,0;65;65,0;65,0;65,0;65;65;65;65;65,0;65;65,0;65,0;NA;NA;NA;NA;NA;NA;NA;NA;NA;NA;NA
2021-07-19;0-60;5;5,0;5;5;5;5;5;5;5;5,0;5;5,0;39;39,0;39,0;39,0;39;39;39;39;39,0;39;39,0;39,0;1,000000000000000;1,000000000000000;1,000000000000000;1,000000000000000;1,000000000000000;1,000000000000000;1,000000000000000;1,000000000000000;1,0000000000000000;1,0000000000000000;1,0000000000000000
2021-07-19;60+;2;2,0;2;2;2;2;2;2;2;2,0;2;2,0;22;22,0;22,0;22,0;22;22;22;22;22,0;22;22,0;22,0;1,000000000000000;1,000000000000000;1,000000000000000;1,000000000000000;1,000000000000000;1,000000000000000;1,000000000000000;1,000000000000000;1,0000000000000000;1,0000000000000000;1,0000000000000000
2021-07-19;alle;7;7,0;7;7;7;7;7;7;7;7,0;7;7,0;61;61,0;61,0;61,0;61;61;61;61;61,0;61;61,0;61,0;NA;NA;NA;NA;NA;NA;NA;NA;NA;NA;NA
2021-07-18;0-60;10;10,0;10;10;10;10;10;10;10;10,0;10;10,0;36;36,0;36,0;36,0;36;36;36;36;36,0;36;36,0;36,0;1,000000000000000;1,000000000000000;1,000000000000000;1,000000000000000;1,000000000000000;1,000000000000000;1,000000000000000;1,000000000000000;1,0000000000000000;1,0000000000000000;1,0000000000000000
2021-07-18;60+;2;2,0;2;2;2;2;2;2;2;2,0;2;2,0;21;21,0;21,0;21,0;21;21;21;21;21,0;21;21,0;21,0;1,000000000000000;1,000000000000000;1,000000000000000;1,000000000000000;1,000000000000000;1,000000000000000;1,000000000000000;1,000000000000000;1,0000000000000000;1,0000000000000000;1,0000000000000000
2021-07-18;alle;12;12,0;12;12;12;12;12;12;12;12,0;12;12,0;57;57,0;57,0;57,0;57;57;57;57;57,0;57;57,0;57,0;NA;NA;NA;NA;NA;NA;NA;NA;NA;NA;NA
2021-07-17;0-60;7;7,0;7;7;7;7;7;7;7;7,0;7;7,0;36;36,0;36,0;36,0;36;36;36;36;36,0;36;36,0;36,0;1,000000000000000;1,000000000000000;1,000000000000000;1,000000000000000;1,000000000000000;1,000000000000000;1,000000000000000;1,000000000000000;1,0000000000000000;1,0000000000000000;1,0000000000000000
2021-07-17;60+;4;4,0;4;4;4;4;4;4;4;4,0;4;4,0;21;21,0;21,0;21,0;21;21;21;21;21,0;21;21,0;21,0;1,000000000000000;1,000000000000000;1,000000000000000;1,000000000000000;1,000000000000000;1,000000000000000;1,000000000000000;1,000000000000000;1,0000000000000000;1,0000000000000000;1,0000000000000000
2021-07-17;alle;11;11,0;11;11;11;11;11;11;11;11,0;11;11,0;57;57,0;57,0;57,0;57;57;57;57;57,0;57;57,0;57,0;NA;NA;NA;NA;NA;NA;NA;NA;NA;NA;NA
2021-07-16;0-60;5;5,0;5;5;5;5;5;5;5;5,0;5;5,0;33;33,0;33,0;33,0;33;33;33;33;33,0;33;33,0;33,0;1,000000000000000;1,000000000000000;1,000000000000000;1,000000000000000;1,000000000000000;1,000000000000000;1,000000000000000;1,000000000000000;1,0000000000000000;1,0000000000000000;1,0000000000000000
2021-07-16;60+;2;2,0;2;2;2;2;2;2;2;2,0;2;2,0;24;24,0;24,0;24,0;24;24;24;24;24,0;24;24,0;24,0;1,000000000000000;1,000000000000000;1,000000000000000;1,000000000000000;1,000000000000000;1,000000000000000;1,000000000000000;1,000000000000000;1,0000000000000000;1,0000000000000000;1,0000000000000000
2021-07-16;alle;7;7,0;7;7;7;7;7;7;7;7,0;7;7,0;57;57,0;57,0;57,0;57;57;57;57;57,0;57;57,0;57,0;NA;NA;NA;NA;NA;NA;NA;NA;NA;NA;NA
2021-07-15;0-60;2;2,0;2;2;2;2;2;2;2;2,0;2;2,0;35;35,0;35,0;35,0;35;35;35;35;35,0;35;35,0;35,0;1,000000000000000;1,000000000000000;1,000000000000000;1,000000000000000;1,000000000000000;1,000000000000000;1,000000000000000;1,000000000000000;1,0000000000000000;1,0000000000000000;1,0000000000000000
2021-07-15;60+;6;6,0;6;6;6;6;6;6;6;6,0;6;6,0;25;25,0;25,0;25,0;25;25;25;25;25,0;25;25,0;25,0;1,000000000000000;1,000000000000000;1,000000000000000;1,000000000000000;1,000000000000000;1,000000000000000;1,000000000000000;1,000000000000000;1,0000000000000000;1,0000000000000000;1,0000000000000000
2021-07-15;alle;8;8,0;8;8;8;8;8;8;8;8,0;8;8,0;60;60,0;60,0;60,0;60;60;60;60;60,0;60;60,0;60,0;NA;NA;NA;NA;NA;NA;NA;NA;NA;NA;NA
2021-07-14;0-60;6;6,0;6;6;6;6;6;6;6;6,0;6;6,0;37;37,0;37,0;37,0;37;37;37;37;37,0;37;37,0;37,0;1,000000000000000;1,000000000000000;1,000000000000000;1,000000000000000;1,000000000000000;1,000000000000000;1,000000000000000;1,000000000000000;1,0000000000000000;1,0000000000000000;1,0000000000000000
2021-07-14;60+;4;4,0;4;4;4;4;4;4;4;4,0;4;4,0;26;26,0;26,0;26,0;26;26;26;26;26,0;26;26,0;26,0;1,000000000000000;1,000000000000000;1,000000000000000;1,000000000000000;1,000000000000000;1,000000000000000;1,000000000000000;1,000000000000000;1,0000000000000000;1,0000000000000000;1,0000000000000000
2021-07-14;alle;10;10,0;10;10;10;10;10;10;10;10,0;10;10,0;63;63,0;63,0;63,0;63;63;63;63;63,0;63;63,0;63,0;NA;NA;NA;NA;NA;NA;NA;NA;NA;NA;NA
2021-07-13;0-60;4;4,0;4;4;4;4;4;4;4;4,0;4;4,0;40;40,0;40,0;40,0;40;40;40;40;40,0;40;40,0;40,0;1,000000000000000;1,000000000000000;1,000000000000000;1,000000000000000;1,000000000000000;1,000000000000000;1,000000000000000;1,000000000000000;1,0000000000000000;1,0000000000000000;1,0000000000000000
2021-07-13;60+;2;2,0;2;2;2;2;2;2;2;2,0;2;2,0;24;24,0;24,0;24,0;24;24;24;24;24,0;24;24,0;24,0;1,000000000000000;1,000000000000000;1,000000000000000;1,000000000000000;1,000000000000000;1,000000000000000;1,000000000000000;1,000000000000000;1,0000000000000000;1,0000000000000000;1,0000000000000000
2021-07-13;alle;6;6,0;6;6;6;6;6;6;6;6,0;6;6,0;64;64,0;64,0;64,0;64;64;64;64;64,0;64;64,0;64,0;NA;NA;NA;NA;NA;NA;NA;NA;NA;NA;NA
2021-07-12;0-60;2;2,0;2;2;2;2;2;2;2;2,0;2;2,0;40;40,0;40,0;40,0;40;40;40;40;40,0;40;40,0;40,0;1,000000000000000;1,000000000000000;1,000000000000000;1,000000000000000;1,000000000000000;1,000000000000000;1,000000000000000;1,000000000000000;1,0000000000000000;1,0000000000000000;1,0000000000000000
2021-07-12;60+;1;1,0;1;1;1;1;1;1;1;1,0;1;1,0;26;26,0;26,0;26,0;26;26;26;26;26,0;26;26,0;26,0;1,000000000000000;1,000000000000000;1,000000000000000;1,000000000000000;1,000000000000000;1,000000000000000;1,000000000000000;1,000000000000000;1,0000000000000000;1,0000000000000000;1,0000000000000000
2021-07-12;alle;3;3,0;3;3;3;3;3;3;3;3,0;3;3,0;66;66,0;66,0;66,0;66;66;66;66;66,0;66;66,0;66,0;NA;NA;NA;NA;NA;NA;NA;NA;NA;NA;NA
2021-07-11;0-60;10;10,0;10;10;10;10;10;10;10;10,0;10;10,0;39;39,0;39,0;39,0;39;39;39;39;39,0;39;39,0;39,0;1,000000000000000;1,000000000000000;1,000000000000000;1,000000000000000;1,000000000000000;1,000000000000000;1,000000000000000;1,000000000000000;1,0000000000000000;1,0000000000000000;1,0000000000000000
2021-07-11;60+;2;2,0;2;2;2;2;2;2;2;2,0;2;2,0;27;27,0;27,0;27,0;27;27;27;27;27,0;27;27,0;27,0;1,000000000000000;1,000000000000000;1,000000000000000;1,000000000000000;1,000000000000000;1,000000000000000;1,000000000000000;1,000000000000000;1,0000000000000000;1,0000000000000000;1,0000000000000000
2021-07-11;alle;12;12,0;12;12;12;12;12;12;12;12,0;12;12,0;66;66,0;66,0;66,0;66;66;66;66;66,0;66;66,0;66,0;NA;NA;NA;NA;NA;NA;NA;NA;NA;NA;NA
2021-07-10;0-60;4;4,0;4;4;4;4;4;4;4;4,0;4;4,0;34;34,0;34,0;34,0;34;34;34;34;34,0;34;34,0;34,0;1,000000000000000;1,000000000000000;1,000000000000000;1,000000000000000;1,000000000000000;1,000000000000000;1,000000000000000;1,000000000000000;1,0000000000000000;1,0000000000000000;1,0000000000000000
2021-07-10;60+;7;7,0;7;7;7;7;7;7;7;7,0;7;7,0;28;28,0;28,0;28,0;28;28;28;28;28,0;28;28,0;28,0;1,000000000000000;1,000000000000000;1,000000000000000;1,000000000000000;1,000000000000000;1,000000000000000;1,000000000000000;1,000000000000000;1,0000000000000000;1,0000000000000000;1,0000000000000000
2021-07-10;alle;11;11,0;11;11;11;11;11;11;11;11,0;11;11,0;62;62,0;62,0;62,0;62;62;62;62;62,0;62;62,0;62,0;NA;NA;NA;NA;NA;NA;NA;NA;NA;NA;NA
2021-07-09;0-60;7;7,0;7;7;7;7;7;7;7;7,0;7;7,0;34;34,0;34,0;34,0;34;34;34;34;34,0;34;34,0;34,0;1,000000000000000;1,000000000000000;1,000000000000000;1,000000000000000;1,000000000000000;1,000000000000000;1,000000000000000;1,000000000000000;1,0000000000000000;1,0000000000000000;1,0000000000000000
2021-07-09;60+;3;3,0;3;3;3;3;3;3;3;3,0;3;3,0;24;24,0;24,0;24,0;24;24;24;24;24,0;24;24,0;24,0;1,000000000000000;1,000000000000000;1,000000000000000;1,000000000000000;1,000000000000000;1,000000000000000;1,000000000000000;1,000000000000000;1,0000000000000000;1,0000000000000000;1,0000000000000000
2021-07-09;alle;10;10,0;10;10;10;10;10;10;10;10,0;10;10,0;58;58,0;58,0;58,0;58;58;58;58;58,0;58;58,0;58,0;NA;NA;NA;NA;NA;NA;NA;NA;NA;NA;NA
2021-07-08;0-60;4;4,0;4;4;4;4;4;4;4;4,0;4;4,0;33;33,0;33,0;33,0;33;33;33;33;33,0;33;33,0;33,0;1,000000000000000;1,000000000000000;1,000000000000000;1,000000000000000;1,000000000000000;1,000000000000000;1,000000000000000;1,000000000000000;1,0000000000000000;1,0000000000000000;1,0000000000000000
2021-07-08;60+;7;7,0;7;7;7;7;7;7;7;7,0;7;7,0;24;24,0;24,0;24,0;24;24;24;24;24,0;24;24,0;24,0;1,000000000000000;1,000000000000000;1,000000000000000;1,000000000000000;1,000000000000000;1,000000000000000;1,000000000000000;1,000000000000000;1,0000000000000000;1,0000000000000000;1,0000000000000000
2021-07-08;alle;11;11,0;11;11;11;11;11;11;11;11,0;11;11,0;57;57,0;57,0;57,0;57;57;57;57;57,0;57;57,0;57,0;NA;NA;NA;NA;NA;NA;NA;NA;NA;NA;NA
2021-07-07;0-60;9;9,0;9;9;9;9;9;9;9;9,0;9;9,0;31;31,0;31,0;31,0;31;31;31;31;31,0;31;31,0;31,0;1,000000000000000;1,000000000000000;1,000000000000000;1,000000000000000;1,000000000000000;1,000000000000000;1,000000000000000;1,000000000000000;1,0000000000000000;1,0000000000000000;1,0000000000000000
2021-07-07;60+;2;2,0;2;2;2;2;2;2;2;2,0;2;2,0;22;22,0;22,0;22,0;22;22;22;22;22,0;22;22,0;22,0;1,000000000000000;1,000000000000000;1,000000000000000;1,000000000000000;1,000000000000000;1,000000000000000;1,000000000000000;1,000000000000000;1,0000000000000000;1,0000000000000000;1,0000000000000000
2021-07-07;alle;11;11,0;11;11;11;11;11;11;11;11,0;11;11,0;53;53,0;53,0;53,0;53;53;53;53;53,0;53;53,0;53,0;NA;NA;NA;NA;NA;NA;NA;NA;NA;NA;NA
2021-07-06;0-60;4;4,0;4;4;4;4;4;4;4;4,0;4;4,0;27;27,0;27,0;27,0;27;27;27;27;27,0;27;27,0;27,0;1,000000000000000;1,000000000000000;1,000000000000000;1,000000000000000;1,000000000000000;1,000000000000000;1,000000000000000;1,000000000000000;1,0000000000000000;1,0000000000000000;1,0000000000000000
2021-07-06;60+;4;4,0;4;4;4;4;4;4;4;4,0;4;4,0;27;27,0;27,0;27,0;27;27;27;27;27,0;27;27,0;27,0;1,000000000000000;1,000000000000000;1,000000000000000;1,000000000000000;1,000000000000000;1,000000000000000;1,000000000000000;1,000000000000000;1,0000000000000000;1,0000000000000000;1,0000000000000000
2021-07-06;alle;8;8,0;8;8;8;8;8;8;8;8,0;8;8,0;54;54,0;54,0;54,0;54;54;54;54;54,0;54;54,0;54,0;NA;NA;NA;NA;NA;NA;NA;NA;NA;NA;NA
2021-07-05;0-60;1;1,0;1;1;1;1;1;1;1;1,0;1;1,0;33;33,0;33,0;33,0;33;33;33;33;33,0;33;33,0;33,0;1,000000000000000;1,000000000000000;1,000000000000000;1,000000000000000;1,000000000000000;1,000000000000000;1,000000000000000;1,000000000000000;1,0000000000000000;1,0000000000000000;1,0000000000000000
2021-07-05;60+;2;2,0;2;2;2;2;2;2;2;2,0;2;2,0;27;27,0;27,0;27,0;27;27;27;27;27,0;27;27,0;27,0;1,000000000000000;1,000000000000000;1,000000000000000;1,000000000000000;1,000000000000000;1,000000000000000;1,000000000000000;1,000000000000000;1,0000000000000000;1,0000000000000000;1,0000000000000000
2021-07-05;alle;3;3,0;3;3;3;3;3;3;3;3,0;3;3,0;60;60,0;60,0;60,0;60;60;60;60;60,0;60;60,0;60,0;NA;NA;NA;NA;NA;NA;NA;NA;NA;NA;NA
2021-07-04;0-60;5;5,0;5;5;5;5;5;5;5;5,0;5;5,0;34;34,0;34,0;34,0;34;34;34;34;34,0;34;34,0;34,0;1,000000000000000;1,000000000000000;1,000000000000000;1,000000000000000;1,000000000000000;1,000000000000000;1,000000000000000;1,000000000000000;1,0000000000000000;1,0000000000000000;1,0000000000000000
2021-07-04;60+;3;3,0;3;3;3;3;3;3;3;3,0;3;3,0;28;28,0;28,0;28,0;28;28;28;28;28,0;28;28,0;28,0;1,000000000000000;1,000000000000000;1,000000000000000;1,000000000000000;1,000000000000000;1,000000000000000;1,000000000000000;1,000000000000000;1,0000000000000000;1,0000000000000000;1,0000000000000000
2021-07-04;alle;8;8,0;8;8;8;8;8;8;8;8,0;8;8,0;62;62,0;62,0;62,0;62;62;62;62;62,0;62;62,0;62,0;NA;NA;NA;NA;NA;NA;NA;NA;NA;NA;NA
2021-07-03;0-60;4;4,0;4;4;4;4;4;4;4;4,0;4;4,0;37;37,0;37,0;37,0;37;37;37;37;37,0;37;37,0;37,0;1,000000000000000;1,000000000000000;1,000000000000000;1,000000000000000;1,000000000000000;1,000000000000000;1,000000000000000;1,000000000000000;1,0000000000000000;1,0000000000000000;1,0000000000000000
2021-07-03;60+;3;3,0;3;3;3;3;3;3;3;3,0;3;3,0;29;29,0;29,0;29,0;29;29;29;29;29,0;29;29,0;29,0;1,000000000000000;1,000000000000000;1,000000000000000;1,000000000000000;1,000000000000000;1,000000000000000;1,000000000000000;1,000000000000000;1,0000000000000000;1,0000000000000000;1,0000000000000000
2021-07-03;alle;7;7,0;7;7;7;7;7;7;7;7,0;7;7,0;66;66,0;66,0;66,0;66;66;66;66;66,0;66;66,0;66,0;NA;NA;NA;NA;NA;NA;NA;NA;NA;NA;NA
2021-07-02;0-60;6;6,0;6;6;6;6;6;6;6;6,0;6;6,0;37;37,0;37,0;37,0;37;37;37;37;37,0;37;37,0;37,0;1,000000000000000;1,000000000000000;1,000000000000000;1,000000000000000;1,000000000000000;1,000000000000000;1,000000000000000;1,000000000000000;1,0000000000000000;1,0000000000000000;1,0000000000000000
2021-07-02;60+;3;3,0;3;3;3;3;3;3;3;3,0;3;3,0;32;32,0;32,0;32,0;32;32;32;32;32,0;32;32,0;32,0;1,000000000000000;1,000000000000000;1,000000000000000;1,000000000000000;1,000000000000000;1,000000000000000;1,000000000000000;1,000000000000000;1,0000000000000000;1,0000000000000000;1,0000000000000000
2021-07-02;alle;9;9,0;9;9;9;9;9;9;9;9,0;9;9,0;69;69,0;69,0;69,0;69;69;69;69;69,0;69;69,0;69,0;NA;NA;NA;NA;NA;NA;NA;NA;NA;NA;NA
2021-07-01;0-60;2;2,0;2;2;2;2;2;2;2;2,0;2;2,0;36;36,0;36,0;36,0;36;36;36;36;36,0;36;36,0;36,0;1,000000000000000;1,000000000000000;1,000000000000000;1,000000000000000;1,000000000000000;1,000000000000000;1,000000000000000;1,000000000000000;1,0000000000000000;1,0000000000000000;1,0000000000000000
2021-07-01;60+;5;5,0;5;5;5;5;5;5;5;5,0;5;5,0;35;35,0;35,0;35,0;35;35;35;35;35,0;35;35,0;35,0;1,000000000000000;1,000000000000000;1,000000000000000;1,000000000000000;1,000000000000000;1,000000000000000;1,000000000000000;1,000000000000000;1,0000000000000000;1,0000000000000000;1,0000000000000000
2021-07-01;alle;7;7,0;7;7;7;7;7;7;7;7,0;7;7,0;71;71,0;71,0;71,0;71;71;71;71;71,0;71;71,0;71,0;NA;NA;NA;NA;NA;NA;NA;NA;NA;NA;NA
2021-06-30;0-60;5;5,0;5;5;5;5;5;5;5;5,0;5;5,0;39;39,0;39,0;39,0;39;39;39;39;39,0;39;39,0;39,0;1,000000000000000;1,000000000000000;1,000000000000000;1,000000000000000;1,000000000000000;1,000000000000000;1,000000000000000;1,000000000000000;1,0000000000000000;1,0000000000000000;1,0000000000000000
2021-06-30;60+;7;7,0;7;7;7;7;7;7;7;7,0;7;7,0;36;36,0;36,0;36,0;36;36;36;36;36,0;36;36,0;36,0;1,000000000000000;1,000000000000000;1,000000000000000;1,000000000000000;1,000000000000000;1,000000000000000;1,000000000000000;1,000000000000000;1,0000000000000000;1,0000000000000000;1,0000000000000000
2021-06-30;alle;12;12,0;12;12;12;12;12;12;12;12,0;12;12,0;75;75,0;75,0;75,0;75;75;75;75;75,0;75;75,0;75,0;NA;NA;NA;NA;NA;NA;NA;NA;NA;NA;NA
2021-06-29;0-60;10;10,0;10;10;10;10;10;10;10;10,0;10;10,0;43;43,0;43,0;43,0;43;43;43;43;43,0;43;43,0;43,0;1,000000000000000;1,000000000000000;1,000000000000000;1,000000000000000;1,000000000000000;1,000000000000000;1,000000000000000;1,000000000000000;1,0000000000000000;1,0000000000000000;1,0000000000000000
2021-06-29;60+;4;4,0;4;4;4;4;4;4;4;4,0;4;4,0;36;36,0;36,0;36,0;36;36;36;36;36,0;36;36,0;36,0;1,000000000000000;1,000000000000000;1,000000000000000;1,000000000000000;1,000000000000000;1,000000000000000;1,000000000000000;1,000000000000000;1,0000000000000000;1,0000000000000000;1,0000000000000000
2021-06-29;alle;14;14,0;14;14;14;14;14;14;14;14,0;14;14,0;79;79,0;79,0;79,0;79;79;79;79;79,0;79;79,0;79,0;NA;NA;NA;NA;NA;NA;NA;NA;NA;NA;NA
2021-06-28;0-60;2;2,0;2;2;2;2;2;2;2;2,0;2;2,0;43;43,0;43,0;43,0;43;43;43;43;43,0;43;43,0;43,0;1,000000000000000;1,000000000000000;1,000000000000000;1,000000000000000;1,000000000000000;1,000000000000000;1,000000000000000;1,000000000000000;1,0000000000000000;1,0000000000000000;1,0000000000000000
2021-06-28;60+;3;3,0;3;3;3;3;3;3;3;3,0;3;3,0;34;34,0;34,0;34,0;34;34;34;34;34,0;34;34,0;34,0;1,000000000000000;1,000000000000000;1,000000000000000;1,000000000000000;1,000000000000000;1,000000000000000;1,000000000000000;1,000000000000000;1,0000000000000000;1,0000000000000000;1,0000000000000000
2021-06-28;alle;5;5,0;5;5;5;5;5;5;5;5,0;5;5,0;77;77,0;77,0;77,0;77;77;77;77;77,0;77;77,0;77,0;NA;NA;NA;NA;NA;NA;NA;NA;NA;NA;NA
2021-06-27;0-60;8;8,0;8;8;8;8;8;8;8;8,0;8;8,0;43;43,0;43,0;43,0;43;43;43;43;43,0;43;43,0;43,0;1,000000000000000;1,000000000000000;1,000000000000000;1,000000000000000;1,000000000000000;1,000000000000000;1,000000000000000;1,000000000000000;1,0000000000000000;1,0000000000000000;1,0000000000000000
2021-06-27;60+;4;4,0;4;4;4;4;4;4;4;4,0;4;4,0;32;32,0;32,0;32,0;32;32;32;32;32,0;32;32,0;32,0;1,000000000000000;1,000000000000000;1,000000000000000;1,000000000000000;1,000000000000000;1,000000000000000;1,000000000000000;1,000000000000000;1,0000000000000000;1,0000000000000000;1,0000000000000000
2021-06-27;alle;12;12,0;12;12;12;12;12;12;12;12,0;12;12,0;75;75,0;75,0;75,0;75;75;75;75;75,0;75;75,0;75,0;NA;NA;NA;NA;NA;NA;NA;NA;NA;NA;NA
2021-06-26;0-60;4;4,0;4;4;4;4;4;4;4;4,0;4;4,0;42;42,0;42,0;42,0;42;42;42;42;42,0;42;42,0;42,0;1,000000000000000;1,000000000000000;1,000000000000000;1,000000000000000;1,000000000000000;1,000000000000000;1,000000000000000;1,000000000000000;1,0000000000000000;1,0000000000000000;1,0000000000000000
2021-06-26;60+;6;6,0;6;6;6;6;6;6;6;6,0;6;6,0;30;30,0;30,0;30,0;30;30;30;30;30,0;30;30,0;30,0;1,000000000000000;1,000000000000000;1,000000000000000;1,000000000000000;1,000000000000000;1,000000000000000;1,000000000000000;1,000000000000000;1,0000000000000000;1,0000000000000000;1,0000000000000000
2021-06-26;alle;10;10,0;10;10;10;10;10;10;10;10,0;10;10,0;72;72,0;72,0;72,0;72;72;72;72;72,0;72;72,0;72,0;NA;NA;NA;NA;NA;NA;NA;NA;NA;NA;NA
2021-06-25;0-60;5;5,0;5;5;5;5;5;5;5;5,0;5;5,0;48;48,0;48,0;48,0;48;48;48;48;48,0;48;48,0;48,0;1,000000000000000;1,000000000000000;1,000000000000000;1,000000000000000;1,000000000000000;1,000000000000000;1,000000000000000;1,000000000000000;1,0000000000000000;1,0000000000000000;1,0000000000000000
2021-06-25;60+;6;6,0;6;6;6;6;6;6;6;6,0;6;6,0;28;28,0;28,0;28,0;28;28;28;28;28,0;28;28,0;28,0;1,000000000000000;1,000000000000000;1,000000000000000;1,000000000000000;1,000000000000000;1,000000000000000;1,000000000000000;1,000000000000000;1,0000000000000000;1,0000000000000000;1,0000000000000000
2021-06-25;alle;11;11,0;11;11;11;11;11;11;11;11,0;11;11,0;76;76,0;76,0;76,0;76;76;76;76;76,0;76;76,0;76,0;NA;NA;NA;NA;NA;NA;NA;NA;NA;NA;NA
2021-06-24;0-60;5;5,0;5;5;5;5;5;5;5;5,0;5;5,0;50;50,0;50,0;50,0;50;50;50;50;50,0;50;50,0;50,0;1,000000000000000;1,000000000000000;1,000000000000000;1,000000000000000;1,000000000000000;1,000000000000000;1,000000000000000;1,000000000000000;1,0000000000000000;1,0000000000000000;1,0000000000000000
2021-06-24;60+;6;6,0;6;6;6;6;6;6;6;6,0;6;6,0;25;25,0;25,0;25,0;25;25;25;25;25,0;25;25,0;25,0;1,000000000000000;1,000000000000000;1,000000000000000;1,000000000000000;1,000000000000000;1,000000000000000;1,000000000000000;1,000000000000000;1,0000000000000000;1,0000000000000000;1,0000000000000000
2021-06-24;alle;11;11,0;11;11;11;11;11;11;11;11,0;11;11,0;75;75,0;75,0;75,0;75;75;75;75;75,0;75;75,0;75,0;NA;NA;NA;NA;NA;NA;NA;NA;NA;NA;NA
2021-06-23;0-60;9;9,0;9;9;9;9;9;9;9;9,0;9;9,0;50;50,0;50,0;50,0;50;50;50;50;50,0;50;50,0;50,0;1,000000000000000;1,000000000000000;1,000000000000000;1,000000000000000;1,000000000000000;1,000000000000000;1,000000000000000;1,000000000000000;1,0000000000000000;1,0000000000000000;1,0000000000000000
2021-06-23;60+;7;7,0;7;7;7;7;7;7;7;7,0;7;7,0;30;30,0;30,0;30,0;30;30;30;30;30,0;30;30,0;30,0;1,000000000000000;1,000000000000000;1,000000000000000;1,000000000000000;1,000000000000000;1,000000000000000;1,000000000000000;1,000000000000000;1,0000000000000000;1,0000000000000000;1,0000000000000000
2021-06-23;alle;16;16,0;16;16;16;16;16;16;16;16,0;16;16,0;80;80,0;80,0;80,0;80;80;80;80;80,0;80;80,0;80,0;NA;NA;NA;NA;NA;NA;NA;NA;NA;NA;NA
2021-06-22;0-60;10;10,0;10;10;10;10;10;10;10;10,0;10;10,0;54;54,0;54,0;54,0;54;54;54;54;54,0;54;54,0;54,0;1,000000000000000;1,000000000000000;1,000000000000000;1,000000000000000;1,000000000000000;1,000000000000000;1,000000000000000;1,000000000000000;1,0000000000000000;1,0000000000000000;1,0000000000000000
2021-06-22;60+;2;2,0;2;2;2;2;2;2;2;2,0;2;2,0;31;31,0;31,0;31,0;31;31;31;31;31,0;31;31,0;31,0;1,000000000000000;1,000000000000000;1,000000000000000;1,000000000000000;1,000000000000000;1,000000000000000;1,000000000000000;1,000000000000000;1,0000000000000000;1,0000000000000000;1,0000000000000000
2021-06-22;alle;12;12,0;12;12;12;12;12;12;12;12,0;12;12,0;85;85,0;85,0;85,0;85;85;85;85;85,0;85;85,0;85,0;NA;NA;NA;NA;NA;NA;NA;NA;NA;NA;NA
2021-06-21;0-60;2;2,0;2;2;2;2;2;2;2;2,0;2;2,0;51;51,0;51,0;51,0;51;51;51;51;51,0;51;51,0;51,0;1,000000000000000;1,000000000000000;1,000000000000000;1,000000000000000;1,000000000000000;1,000000000000000;1,000000000000000;1,000000000000000;1,0000000000000000;1,0000000000000000;1,0000000000000000
2021-06-21;60+;1;1,0;1;1;1;1;1;1;1;1,0;1;1,0;37;37,0;37,0;37,0;37;37;37;37;37,0;37;37,0;37,0;1,000000000000000;1,000000000000000;1,000000000000000;1,000000000000000;1,000000000000000;1,000000000000000;1,000000000000000;1,000000000000000;1,0000000000000000;1,0000000000000000;1,0000000000000000
2021-06-21;alle;3;3,0;3;3;3;3;3;3;3;3,0;3;3,0;88;88,0;88,0;88,0;88;88;88;88;88,0;88;88,0;88,0;NA;NA;NA;NA;NA;NA;NA;NA;NA;NA;NA
2021-06-20;0-60;7;7,0;7;7;7;7;7;7;7;7,0;7;7,0;52;52,0;52,0;52,0;52;52;52;52;52,0;52;52,0;52,0;1,000000000000000;1,000000000000000;1,000000000000000;1,000000000000000;1,000000000000000;1,000000000000000;1,000000000000000;1,000000000000000;1,0000000000000000;1,0000000000000000;1,0000000000000000
2021-06-20;60+;2;2,0;2;2;2;2;2;2;2;2,0;2;2,0;44;44,0;44,0;44,0;44;44;44;44;44,0;44;44,0;44,0;1,000000000000000;1,000000000000000;1,000000000000000;1,000000000000000;1,000000000000000;1,000000000000000;1,000000000000000;1,000000000000000;1,0000000000000000;1,0000000000000000;1,0000000000000000
2021-06-20;alle;9;9,0;9;9;9;9;9;9;9;9,0;9;9,0;96;96,0;96,0;96,0;96;96;96;96;96,0;96;96,0;96,0;NA;NA;NA;NA;NA;NA;NA;NA;NA;NA;NA
2021-06-19;0-60;10;10,0;10;10;10;10;10;10;10;10,0;10;10,0;54;54,0;54,0;54,0;54;54;54;54;54,0;54;54,0;54,0;1,000000000000000;1,000000000000000;1,000000000000000;1,000000000000000;1,000000000000000;1,000000000000000;1,000000000000000;1,000000000000000;1,0000000000000000;1,0000000000000000;1,0000000000000000
2021-06-19;60+;4;4,0;4;4;4;4;4;4;4;4,0;4;4,0;47;47,0;47,0;47,0;47;47;47;47;47,0;47;47,0;47,0;1,000000000000000;1,000000000000000;1,000000000000000;1,000000000000000;1,000000000000000;1,000000000000000;1,000000000000000;1,000000000000000;1,0000000000000000;1,0000000000000000;1,0000000000000000
2021-06-19;alle;14;14,0;14;14;14;14;14;14;14;14,0;14;14,0;101;101,0;101,0;101,0;101;101;101;101;101,0;101;101,0;101,0;NA;NA;NA;NA;NA;NA;NA;NA;NA;NA;NA
2021-06-18;0-60;7;7,0;7;7;7;7;7;7;7;7,0;7;7,0;55;55,0;55,0;55,0;55;55;55;55;55,0;55;55,0;55,0;1,000000000000000;1,000000000000000;1,000000000000000;1,000000000000000;1,000000000000000;1,000000000000000;1,000000000000000;1,000000000000000;1,0000000000000000;1,0000000000000000;1,0000000000000000
2021-06-18;60+;3;3,0;3;3;3;3;3;3;3;3,0;3;3,0;48;48,0;48,0;48,0;48;48;48;48;48,0;48;48,0;48,0;1,000000000000000;1,000000000000000;1,000000000000000;1,000000000000000;1,000000000000000;1,000000000000000;1,000000000000000;1,000000000000000;1,0000000000000000;1,0000000000000000;1,0000000000000000
2021-06-18;alle;10;10,0;10;10;10;10;10;10;10;10,0;10;10,0;103;103,0;103,0;103,0;103;103;103;103;103,0;103;103,0;103,0;NA;NA;NA;NA;NA;NA;NA;NA;NA;NA;NA
2021-06-17;0-60;5;5,0;5;5;5;5;5;5;5;5,0;5;5,0;61;61,0;61,0;61,0;61;61;61;61;61,0;61;61,0;61,0;1,000000000000000;1,000000000000000;1,000000000000000;1,000000000000000;1,000000000000000;1,000000000000000;1,000000000000000;1,000000000000000;1,0000000000000000;1,0000000000000000;1,0000000000000000
2021-06-17;60+;11;11,0;11;11;11;11;11;11;11;11,0;11;11,0;53;53,0;53,0;53,0;53;53;53;53;53,0;53;53,0;53,0;1,000000000000000;1,000000000000000;1,000000000000000;1,000000000000000;1,000000000000000;1,000000000000000;1,000000000000000;1,000000000000000;1,0000000000000000;1,0000000000000000;1,0000000000000000
2021-06-17;alle;16;16,0;16;16;16;16;16;16;16;16,0;16;16,0;114;114,0;114,0;114,0;114;114;114;114;114,0;114;114,0;114,0;NA;NA;NA;NA;NA;NA;NA;NA;NA;NA;NA
2021-06-16;0-60;13;13,0;13;13;13;13;13;13;13;13,0;13;13,0;64;64,0;64,0;64,0;64;64;64;64;64,0;64;64,0;64,0;1,000000000000000;1,000000000000000;1,000000000000000;1,000000000000000;1,000000000000000;1,000000000000000;1,000000000000000;1,000000000000000;1,0000000000000000;1,0000000000000000;1,0000000000000000
2021-06-16;60+;8;8,0;8;8;8;8;8;8;8;8,0;8;8,0;49;49,0;49,0;49,0;49;49;49;49;49,0;49;49,0;49,0;1,000000000000000;1,000000000000000;1,000000000000000;1,000000000000000;1,000000000000000;1,000000000000000;1,000000000000000;1,000000000000000;1,0000000000000000;1,0000000000000000;1,0000000000000000
2021-06-16;alle;21;21,0;21;21;21;21;21;21;21;21,0;21;21,0;113;113,0;113,0;113,0;113;113;113;113;113,0;113;113,0;113,0;NA;NA;NA;NA;NA;NA;NA;NA;NA;NA;NA
2021-06-15;0-60;7;7,0;7;7;7;7;7;7;7;7,0;7;7,0;73;73,0;73,0;73,0;73;73;73;73;73,0;73;73,0;73,0;1,000000000000000;1,000000000000000;1,000000000000000;1,000000000000000;1,000000000000000;1,000000000000000;1,000000000000000;1,000000000000000;1,0000000000000000;1,0000000000000000;1,0000000000000000
2021-06-15;60+;8;8,0;8;8;8;8;8;8;8;8,0;8;8,0;49;49,0;49,0;49,0;49;49;49;49;49,0;49;49,0;49,0;1,000000000000000;1,000000000000000;1,000000000000000;1,000000000000000;1,000000000000000;1,000000000000000;1,000000000000000;1,000000000000000;1,0000000000000000;1,0000000000000000;1,0000000000000000
2021-06-15;alle;15;15,0;15;15;15;15;15;15;15;15,0;15;15,0;122;122,0;122,0;122,0;122;122;122;122;122,0;122;122,0;122,0;NA;NA;NA;NA;NA;NA;NA;NA;NA;NA;NA
2021-06-14;0-60;3;3,0;3;3;3;3;3;3;3;3,0;3;3,0;74;74,0;74,0;74,0;74;74;74;74;74,0;74;74,0;74,0;1,000000000000000;1,000000000000000;1,000000000000000;1,000000000000000;1,000000000000000;1,000000000000000;1,000000000000000;1,000000000000000;1,0000000000000000;1,0000000000000000;1,0000000000000000
2021-06-14;60+;8;8,0;8;8;8;8;8;8;8;8,0;8;8,0;53;53,0;53,0;53,0;53;53;53;53;53,0;53;53,0;53,0;1,000000000000000;1,000000000000000;1,000000000000000;1,000000000000000;1,000000000000000;1,000000000000000;1,000000000000000;1,000000000000000;1,0000000000000000;1,0000000000000000;1,0000000000000000
2021-06-14;alle;11;11,0;11;11;11;11;11;11;11;11,0;11;11,0;127;127,0;127,0;127,0;127;127;127;127;127,0;127;127,0;127,0;NA;NA;NA;NA;NA;NA;NA;NA;NA;NA;NA
2021-06-13;0-60;9;9,0;9;9;9;9;9;9;9;9,0;9;9,0;75;75,0;75,0;75,0;75;75;75;75;75,0;75;75,0;75,0;1,000000000000000;1,000000000000000;1,000000000000000;1,000000000000000;1,000000000000000;1,000000000000000;1,000000000000000;1,000000000000000;1,0000000000000000;1,0000000000000000;1,0000000000000000
2021-06-13;60+;5;5,0;5;5;5;5;5;5;5;5,0;5;5,0;58;58,0;58,0;58,0;58;58;58;58;58,0;58;58,0;58,0;1,000000000000000;1,000000000000000;1,000000000000000;1,000000000000000;1,000000000000000;1,000000000000000;1,000000000000000;1,000000000000000;1,0000000000000000;1,0000000000000000;1,0000000000000000
2021-06-13;alle;14;14,0;14;14;14;14;14;14;14;14,0;14;14,0;133;133,0;133,0;133,0;133;133;133;133;133,0;133;133,0;133,0;NA;NA;NA;NA;NA;NA;NA;NA;NA;NA;NA
2021-06-12;0-60;11;11,0;11;11;11;11;11;11;11;11,0;11;11,0;79;79,0;79,0;79,0;79;79;79;79;79,0;79;79,0;79,0;1,000000000000000;1,000000000000000;1,000000000000000;1,000000000000000;1,000000000000000;1,000000000000000;1,000000000000000;1,000000000000000;1,0000000000000000;1,0000000000000000;1,0000000000000000
2021-06-12;60+;5;5,0;5;5;5;5;5;5;5;5,0;5;5,0;64;64,0;64,0;64,0;64;64;64;64;64,0;64;64,0;64,0;1,000000000000000;1,000000000000000;1,000000000000000;1,000000000000000;1,000000000000000;1,000000000000000;1,000000000000000;1,000000000000000;1,0000000000000000;1,0000000000000000;1,0000000000000000
2021-06-12;alle;16;16,0;16;16;16;16;16;16;16;16,0;16;16,0;143;143,0;143,0;143,0;143;143;143;143;143,0;143;143,0;143,0;NA;NA;NA;NA;NA;NA;NA;NA;NA;NA;NA
2021-06-11;0-60;13;13,0;13;13;13;13;13;13;13;13,0;13;13,0;79;79,0;79,0;79,0;79;79;79;79;79,0;79;79,0;79,0;1,000000000000000;1,000000000000000;1,000000000000000;1,000000000000000;1,000000000000000;1,000000000000000;1,000000000000000;1,000000000000000;1,0000000000000000;1,0000000000000000;1,0000000000000000
2021-06-11;60+;8;8,0;8;8;8;8;8;8;8;8,0;8;8,0;67;67,0;67,0;67,0;67;67;67;67;67,0;67;67,0;67,0;1,000000000000000;1,000000000000000;1,000000000000000;1,000000000000000;1,000000000000000;1,000000000000000;1,000000000000000;1,000000000000000;1,0000000000000000;1,0000000000000000;1,0000000000000000
2021-06-11;alle;21;21,0;21;21;21;21;21;21;21;21,0;21;21,0;146;146,0;146,0;146,0;146;146;146;146;146,0;146;146,0;146,0;NA;NA;NA;NA;NA;NA;NA;NA;NA;NA;NA
2021-06-10;0-60;8;8,0;8;8;8;8;8;8;8;8,0;8;8,0;78;78,0;78,0;78,0;78;78;78;78;78,0;78;78,0;78,0;1,000000000000000;1,000000000000000;1,000000000000000;1,000000000000000;1,000000000000000;1,000000000000000;1,000000000000000;1,000000000000000;1,0000000000000000;1,0000000000000000;1,0000000000000000
2021-06-10;60+;7;7,0;7;7;7;7;7;7;7;7,0;7;7,0;69;69,0;69,0;69,0;69;69;69;69;69,0;69;69,0;69,0;1,000000000000000;1,000000000000000;1,000000000000000;1,000000000000000;1,000000000000000;1,000000000000000;1,000000000000000;1,000000000000000;1,0000000000000000;1,0000000000000000;1,0000000000000000
2021-06-10;alle;15;15,0;15;15;15;15;15;15;15;15,0;15;15,0;147;147,0;147,0;147,0;147;147;147;147;147,0;147;147,0;147,0;NA;NA;NA;NA;NA;NA;NA;NA;NA;NA;NA
2021-06-09;0-60;22;22,0;22;22;22;22;22;22;22;22,0;22;22,0;89;89,0;89,0;89,0;89;89;89;89;89,0;89;89,0;89,0;1,000000000000000;1,000000000000000;1,000000000000000;1,000000000000000;1,000000000000000;1,000000000000000;1,000000000000000;1,000000000000000;1,0000000000000000;1,0000000000000000;1,0000000000000000
2021-06-09;60+;8;8,0;8;8;8;8;8;8;8;8,0;8;8,0;75;75,0;75,0;75,0;75;75;75;75;75,0;75;75,0;75,0;1,000000000000000;1,000000000000000;1,000000000000000;1,000000000000000;1,000000000000000;1,000000000000000;1,000000000000000;1,000000000000000;1,0000000000000000;1,0000000000000000;1,0000000000000000
2021-06-09;alle;30;30,0;30;30;30;30;30;30;30;30,0;30;30,0;164;164,0;164,0;164,0;164;164;164;164;164,0;164;164,0;164,0;NA;NA;NA;NA;NA;NA;NA;NA;NA;NA;NA
2021-06-08;0-60;8;8,0;8;8;8;8;8;8;8;8,0;8;8,0;90;90,0;90,0;90,0;90;90;90;90;90,0;90;90,0;90,0;1,000000000000000;1,000000000000000;1,000000000000000;1,000000000000000;1,000000000000000;1,000000000000000;1,000000000000000;1,000000000000000;1,0000000000000000;1,0000000000000000;1,0000000000000000
2021-06-08;60+;12;12,0;12;12;12;12;12;12;12;12,0;12;12,0;78;78,0;78,0;78,0;78;78;78;78;78,0;78;78,0;78,0;1,000000000000000;1,000000000000000;1,000000000000000;1,000000000000000;1,000000000000000;1,000000000000000;1,000000000000000;1,000000000000000;1,0000000000000000;1,0000000000000000;1,0000000000000000
2021-06-08;alle;20;20,0;20;20;20;20;20;20;20;20,0;20;20,0;168;168,0;168,0;168,0;168;168;168;168;168,0;168;168,0;168,0;NA;NA;NA;NA;NA;NA;NA;NA;NA;NA;NA
2021-06-07;0-60;4;4,0;4;4;4;4;4;4;4;4,0;4;4,0;95;95,0;95,0;95,0;95;95;95;95;95,0;95;95,0;95,0;1,000000000000000;1,000000000000000;1,000000000000000;1,000000000000000;1,000000000000000;1,000000000000000;1,000000000000000;1,000000000000000;1,0000000000000000;1,0000000000000000;1,0000000000000000
2021-06-07;60+;13;13,0;13;13;13;13;13;13;13;13,0;13;13,0;78;78,0;78,0;78,0;78;78;78;78;78,0;78;78,0;78,0;1,000000000000000;1,000000000000000;1,000000000000000;1,000000000000000;1,000000000000000;1,000000000000000;1,000000000000000;1,000000000000000;1,0000000000000000;1,0000000000000000;1,0000000000000000
2021-06-07;alle;17;17,0;17;17;17;17;17;17;17;17,0;17;17,0;173;173,0;173,0;173,0;173;173;173;173;173,0;173;173,0;173,0;NA;NA;NA;NA;NA;NA;NA;NA;NA;NA;NA
2021-06-06;0-60;13;13,0;13;13;13;13;13;13;13;13,0;13;13,0;101;101,0;101,0;101,0;101;101;101;101;101,0;101;101,0;101,0;1,000000000000000;1,000000000000000;1,000000000000000;1,000000000000000;1,000000000000000;1,000000000000000;1,000000000000000;1,000000000000000;1,0000000000000000;1,0000000000000000;1,0000000000000000
2021-06-06;60+;11;11,0;11;11;11;11;11;11;11;11,0;11;11,0;77;77,0;77,0;77,0;77;77;77;77;77,0;77;77,0;77,0;1,000000000000000;1,000000000000000;1,000000000000000;1,000000000000000;1,000000000000000;1,000000000000000;1,000000000000000;1,000000000000000;1,0000000000000000;1,0000000000000000;1,0000000000000000
2021-06-06;alle;24;24,0;24;24;24;24;24;24;24;24,0;24;24,0;178;178,0;178,0;178,0;178;178;178;178;178,0;178;178,0;178,0;NA;NA;NA;NA;NA;NA;NA;NA;NA;NA;NA
2021-06-05;0-60;11;11,0;11;11;11;11;11;11;11;11,0;11;11,0;102;102,0;102,0;102,0;102;102;102;102;102,0;102;102,0;102,0;1,000000000000000;1,000000000000000;1,000000000000000;1,000000000000000;1,000000000000000;1,000000000000000;1,000000000000000;1,000000000000000;1,0000000000000000;1,0000000000000000;1,0000000000000000
2021-06-05;60+;8;8,0;8;8;8;8;8;8;8;8,0;8;8,0;79;79,0;79,0;79,0;79;79;79;79;79,0;79;79,0;79,0;1,000000000000000;1,000000000000000;1,000000000000000;1,000000000000000;1,000000000000000;1,000000000000000;1,000000000000000;1,000000000000000;1,0000000000000000;1,0000000000000000;1,0000000000000000
2021-06-05;alle;19;19,0;19;19;19;19;19;19;19;19,0;19;19,0;181;181,0;181,0;181,0;181;181;181;181;181,0;181;181,0;181,0;NA;NA;NA;NA;NA;NA;NA;NA;NA;NA;NA
2021-06-04;0-60;12;12,0;12;12;12;12;12;12;12;12,0;12;12,0;108;108,0;108,0;108,0;108;108;108;108;108,0;108;108,0;108,0;1,000000000000000;1,000000000000000;1,000000000000000;1,000000000000000;1,000000000000000;1,000000000000000;1,000000000000000;1,000000000000000;1,0000000000000000;1,0000000000000000;1,0000000000000000
2021-06-04;60+;10;10,0;10;10;10;10;10;10;10;10,0;10;10,0;93;93,0;93,0;93,0;93;93;93;93;93,0;93;93,0;93,0;1,000000000000000;1,000000000000000;1,000000000000000;1,000000000000000;1,000000000000000;1,000000000000000;1,000000000000000;1,000000000000000;1,0000000000000000;1,0000000000000000;1,0000000000000000
2021-06-04;alle;22;22,0;22;22;22;22;22;22;22;22,0;22;22,0;201;201,0;201,0;201,0;201;201;201;201;201,0;201;201,0;201,0;NA;NA;NA;NA;NA;NA;NA;NA;NA;NA;NA
2021-06-03;0-60;19;19,0;19;19;19;19;19;19;19;19,0;19;19,0;117;117,0;117,0;117,0;117;117;117;117;117,0;117;117,0;117,0;1,000000000000000;1,000000000000000;1,000000000000000;1,000000000000000;1,000000000000000;1,000000000000000;1,000000000000000;1,000000000000000;1,0000000000000000;1,0000000000000000;1,0000000000000000
2021-06-03;60+;13;13,0;13;13;13;13;13;13;13;13,0;13;13,0;100;100,0;100,0;100,0;100;100;100;100;100,0;100;100,0;100,0;1,000000000000000;1,000000000000000;1,000000000000000;1,000000000000000;1,000000000000000;1,000000000000000;1,000000000000000;1,000000000000000;1,0000000000000000;1,0000000000000000;1,0000000000000000
2021-06-03;alle;32;32,0;32;32;32;32;32;32;32;32,0;32;32,0;217;217,0;217,0;217,0;217;217;217;217;217,0;217;217,0;217,0;NA;NA;NA;NA;NA;NA;NA;NA;NA;NA;NA
2021-06-02;0-60;23;23,0;23;23;23;23;23;23;23;23,0;23;23,0;131;131,0;131,0;131,0;131;131;131;131;131,0;131;131,0;131,0;1,000000000000000;1,000000000000000;1,000000000000000;1,000000000000000;1,000000000000000;1,000000000000000;1,000000000000000;1,000000000000000;1,0000000000000000;1,0000000000000000;1,0000000000000000
2021-06-02;60+;11;11,0;11;11;11;11;11;11;11;11,0;11;11,0;121;121,0;121,0;121,0;121;121;121;121;121,0;121;121,0;121,0;1,000000000000000;1,000000000000000;1,000000000000000;1,000000000000000;1,000000000000000;1,000000000000000;1,000000000000000;1,000000000000000;1,0000000000000000;1,0000000000000000;1,0000000000000000
2021-06-02;alle;34;34,0;34;34;34;34;34;34;34;34,0;34;34,0;252;252,0;252,0;252,0;252;252;252;252;252,0;252;252,0;252,0;NA;NA;NA;NA;NA;NA;NA;NA;NA;NA;NA
2021-06-01;0-60;13;13,0;13;13;13;13;13;13;13;13,0;13;13,0;126;126,0;126,0;126,0;126;126;126;126;126,0;126;126,0;126,0;1,000000000000000;1,000000000000000;1,000000000000000;1,000000000000000;1,000000000000000;1,000000000000000;1,000000000000000;1,000000000000000;1,0000000000000000;1,0000000000000000;1,0000000000000000
2021-06-01;60+;12;12,0;12;12;12;12;12;12;12;12,0;12;12,0;130;130,0;130,0;130,0;130;130;130;130;130,0;130;130,0;130,0;1,000000000000000;1,000000000000000;1,000000000000000;1,000000000000000;1,000000000000000;1,000000000000000;1,000000000000000;1,000000000000000;1,0000000000000000;1,0000000000000000;1,0000000000000000
2021-06-01;alle;25;25,0;25;25;25;25;25;25;25;25,0;25;25,0;256;256,0;256,0;256,0;256;256;256;256;256,0;256;256,0;256,0;NA;NA;NA;NA;NA;NA;NA;NA;NA;NA;NA
2021-05-31;0-60;10;10,0;10;10;10;10;10;10;10;10,0;10;10,0;123;123,0;123,0;123,0;123;123;123;123;123,0;123;123,0;123,0;1,000000000000000;1,000000000000000;1,000000000000000;1,000000000000000;1,000000000000000;1,000000000000000;1,000000000000000;1,000000000000000;1,0000000000000000;1,0000000000000000;1,0000000000000000
2021-05-31;60+;12;12,0;12;12;12;12;12;12;12;12,0;12;12,0;129;129,0;129,0;129,0;129;129;129;129;129,0;129;129,0;129,0;1,000000000000000;1,000000000000000;1,000000000000000;1,000000000000000;1,000000000000000;1,000000000000000;1,000000000000000;1,000000000000000;1,0000000000000000;1,0000000000000000;1,0000000000000000
2021-05-31;alle;22;22,0;22;22;22;22;22;22;22;22,0;22;22,0;252;252,0;252,0;252,0;252;252;252;252;252,0;252;252,0;252,0;NA;NA;NA;NA;NA;NA;NA;NA;NA;NA;NA
2021-05-30;0-60;14;14,0;14;14;14;14;14;14;14;14,0;14;14,0;125;125,0;125,0;125,0;125;125;125;125;125,0;125;125,0;125,0;1,000000000000000;1,000000000000000;1,000000000000000;1,000000000000000;1,000000000000000;1,000000000000000;1,000000000000000;1,000000000000000;1,0000000000000000;1,0000000000000000;1,0000000000000000
2021-05-30;60+;13;13,0;13;13;13;13;13;13;13;13,0;13;13,0;129;129,0;129,0;129,0;129;129;129;129;129,0;129;129,0;129,0;1,000000000000000;1,000000000000000;1,000000000000000;1,000000000000000;1,000000000000000;1,000000000000000;1,000000000000000;1,000000000000000;1,0000000000000000;1,0000000000000000;1,0000000000000000
2021-05-30;alle;27;27,0;27;27;27;27;27;27;27;27,0;27;27,0;254;254,0;254,0;254,0;254;254;254;254;254,0;254;254,0;254,0;NA;NA;NA;NA;NA;NA;NA;NA;NA;NA;NA
2021-05-29;0-60;17;17,0;17;17;17;17;17;17;17;17,0;17;17,0;130;130,0;130,0;130,0;130;130;130;130;130,0;130;130,0;130,0;1,000000000000000;1,000000000000000;1,000000000000000;1,000000000000000;1,000000000000000;1,000000000000000;1,000000000000000;1,000000000000000;1,0000000000000000;1,0000000000000000;1,0000000000000000
2021-05-29;60+;22;22,0;22;22;22;22;22;22;22;22,0;22;22,0;125;125,0;125,0;125,0;125;125;125;125;125,0;125;125,0;125,0;1,000000000000000;1,000000000000000;1,000000000000000;1,000000000000000;1,000000000000000;1,000000000000000;1,000000000000000;1,000000000000000;1,0000000000000000;1,0000000000000000;1,0000000000000000
2021-05-29;alle;39;39,0;39;39;39;39;39;39;39;39,0;39;39,0;255;255,0;255,0;255,0;255;255;255;255;255,0;255;255,0;255,0;NA;NA;NA;NA;NA;NA;NA;NA;NA;NA;NA
2021-05-28;0-60;21;21,0;21;21;21;21;21;21;21;21,0;21;21,0;136;136,0;136,0;136,0;136;136;136;136;136,0;136;136,0;136,0;1,000000000000000;1,000000000000000;1,000000000000000;1,000000000000000;1,000000000000000;1,000000000000000;1,000000000000000;1,000000000000000;1,0000000000000000;1,0000000000000000;1,0000000000000000
2021-05-28;60+;17;17,0;17;17;17;17;17;17;17;17,0;17;17,0;139;139,0;139,0;139,0;139;139;139;139;139,0;139;139,0;139,0;1,000000000000000;1,000000000000000;1,000000000000000;1,000000000000000;1,000000000000000;1,000000000000000;1,000000000000000;1,000000000000000;1,0000000000000000;1,0000000000000000;1,0000000000000000
2021-05-28;alle;38;38,0;38;38;38;38;38;38;38;38,0;38;38,0;275;275,0;275,0;275,0;275;275;275;275;275,0;275;275,0;275,0;NA;NA;NA;NA;NA;NA;NA;NA;NA;NA;NA
2021-05-27;0-60;33;33,0;33;33;33;33;33;33;33;33,0;33;33,0;149;149,0;149,0;149,0;149;149;149;149;149,0;149;149,0;149,0;1,000000000000000;1,000000000000000;1,000000000000000;1,000000000000000;1,000000000000000;1,000000000000000;1,000000000000000;1,000000000000000;1,0000000000000000;1,0000000000000000;1,0000000000000000
2021-05-27;60+;34;34,0;34;34;34;34;34;34;34;34,0;34;34,0;156;156,0;156,0;156,0;156;156;156;156;156,0;156;156,0;156,0;1,000000000000000;1,000000000000000;1,000000000000000;1,000000000000000;1,000000000000000;1,000000000000000;1,000000000000000;1,000000000000000;1,0000000000000000;1,0000000000000000;1,0000000000000000
2021-05-27;alle;67;67,0;67;67;67;67;67;67;67;67,0;67;67,0;305;305,0;305,0;305,0;305;305;305;305;305,0;305;305,0;305,0;NA;NA;NA;NA;NA;NA;NA;NA;NA;NA;NA
2021-05-26;0-60;18;18,0;18;18;18;18;18;18;18;18,0;18;18,0;137;137,0;137,0;137,0;137;137;137;137;137,0;137;137,0;137,0;1,000000000000000;1,000000000000000;1,000000000000000;1,000000000000000;1,000000000000000;1,000000000000000;1,000000000000000;1,000000000000000;1,0000000000000000;1,0000000000000000;1,0000000000000000
2021-05-26;60+;20;20,0;20;20;20;20;20;20;20;20,0;20;20,0;157;157,0;157,0;157,0;157;157;157;157;157,0;157;157,0;157,0;1,000000000000000;1,000000000000000;1,000000000000000;1,000000000000000;1,000000000000000;1,000000000000000;1,000000000000000;1,000000000000000;1,0000000000000000;1,0000000000000000;1,0000000000000000
2021-05-26;alle;38;38,0;38;38;38;38;38;38;38;38,0;38;38,0;294;294,0;294,0;294,0;294;294;294;294;294,0;294;294,0;294,0;NA;NA;NA;NA;NA;NA;NA;NA;NA;NA;NA
2021-05-25;0-60;10;10,0;10;10;10;10;10;10;10;10,0;10;10,0;153;153,0;153,0;153,0;153;153;153;153;153,0;153;153,0;153,0;1,000000000000000;1,000000000000000;1,000000000000000;1,000000000000000;1,000000000000000;1,000000000000000;1,000000000000000;1,000000000000000;1,0000000000000000;1,0000000000000000;1,0000000000000000
2021-05-25;60+;11;11,0;11;11;11;11;11;11;11;11,0;11;11,0;165;165,0;165,0;165,0;165;165;165;165;165,0;165;165,0;165,0;1,000000000000000;1,000000000000000;1,000000000000000;1,000000000000000;1,000000000000000;1,000000000000000;1,000000000000000;1,000000000000000;1,0000000000000000;1,0000000000000000;1,0000000000000000
2021-05-25;alle;21;21,0;21;21;21;21;21;21;21;21,0;21;21,0;318;318,0;318,0;318,0;318;318;318;318;318,0;318;318,0;318,0;NA;NA;NA;NA;NA;NA;NA;NA;NA;NA;NA
2021-05-24;0-60;12;12,0;12;12;12;12;12;12;12;12,0;12;12,0;168;168,0;168,0;168,0;168;168;168;168;168,0;168;168,0;168,0;1,000000000000000;1,000000000000000;1,000000000000000;1,000000000000000;1,000000000000000;1,000000000000000;1,000000000000000;1,000000000000000;1,0000000000000000;1,0000000000000000;1,0000000000000000
2021-05-24;60+;12;12,0;12;12;12;12;12;12;12;12,0;12;12,0;191;191,0;191,0;191,0;191;191;191;191;191,0;191;191,0;191,0;1,000000000000000;1,000000000000000;1,000000000000000;1,000000000000000;1,000000000000000;1,000000000000000;1,000000000000000;1,000000000000000;1,0000000000000000;1,0000000000000000;1,0000000000000000
2021-05-24;alle;24;24,0;24;24;24;24;24;24;24;24,0;24;24,0;359;359,0;359,0;359,0;359;359;359;359;359,0;359;359,0;359,0;NA;NA;NA;NA;NA;NA;NA;NA;NA;NA;NA
2021-05-23;0-60;19;19,0;19;19;19;19;19;19;19;19,0;19;19,0;180;180,0;180,0;180,0;180;180;180;180;180,0;180;180,0;180,0;1,000000000000000;1,000000000000000;1,000000000000000;1,000000000000000;1,000000000000000;1,000000000000000;1,000000000000000;1,000000000000000;1,0000000000000000;1,0000000000000000;1,0000000000000000
2021-05-23;60+;9;9,0;9;9;9;9;9;9;9;9,0;9;9,0;204;204,0;204,0;204,0;204;204;204;204;204,0;204;204,0;204,0;1,000000000000000;1,000000000000000;1,000000000000000;1,000000000000000;1,000000000000000;1,000000000000000;1,000000000000000;1,000000000000000;1,0000000000000000;1,0000000000000000;1,0000000000000000
2021-05-23;alle;28;28,0;28;28;28;28;28;28;28;28,0;28;28,0;384;384,0;384,0;384,0;384;384;384;384;384,0;384;384,0;384,0;NA;NA;NA;NA;NA;NA;NA;NA;NA;NA;NA
2021-05-22;0-60;23;23,0;23;23;23;23;23;23;23;23,0;23;23,0;202;202,0;202,0;202,0;202;202;202;202;202,0;202;202,0;202,0;1,000000000000000;1,000000000000000;1,000000000000000;1,000000000000000;1,000000000000000;1,000000000000000;1,000000000000000;1,000000000000000;1,0000000000000000;1,0000000000000000;1,0000000000000000
2021-05-22;60+;36;36,0;36;36;36;36;36;36;36;36,0;36;36,0;234;234,0;234,0;234,0;234;234;234;234;234,0;234;234,0;234,0;1,000000000000000;1,000000000000000;1,000000000000000;1,000000000000000;1,000000000000000;1,000000000000000;1,000000000000000;1,000000000000000;1,0000000000000000;1,0000000000000000;1,0000000000000000
2021-05-22;alle;59;59,0;59;59;59;59;59;59;59;59,0;59;59,0;436;436,0;436,0;436,0;436;436;436;436;436,0;436;436,0;436,0;NA;NA;NA;NA;NA;NA;NA;NA;NA;NA;NA
2021-05-21;0-60;34;34,0;34;34;34;34;34;34;34;34,0;34;34,0;213;213,0;213,0;213,0;213;213;213;213;213,0;213;213,0;213,0;1,000000000000000;1,000000000000000;1,000000000000000;1,000000000000000;1,000000000000000;1,000000000000000;1,000000000000000;1,000000000000000;1,0000000000000000;1,0000000000000000;1,0000000000000000
2021-05-21;60+;34;34,0;34;34;34;34;34;34;34;34,0;34;34,0;225;225,0;225,0;225,0;225;225;225;225;225,0;225;225,0;225,0;1,000000000000000;1,000000000000000;1,000000000000000;1,000000000000000;1,000000000000000;1,000000000000000;1,000000000000000;1,000000000000000;1,0000000000000000;1,0000000000000000;1,0000000000000000
2021-05-21;alle;68;68,0;68;68;68;68;68;68;68;68,0;68;68,0;438;438,0;438,0;438,0;438;438;438;438;438,0;438;438,0;438,0;NA;NA;NA;NA;NA;NA;NA;NA;NA;NA;NA
2021-05-20;0-60;21;21,0;21;21;21;21;21;21;21;21,0;21;21,0;206;206,0;206,0;206,0;206;206;206;206;206,0;206;206,0;206,0;1,000000000000000;1,000000000000000;1,000000000000000;1,000000000000000;1,000000000000000;1,000000000000000;1,000000000000000;1,000000000000000;1,0000000000000000;1,0000000000000000;1,0000000000000000
2021-05-20;60+;35;35,0;35;35;35;35;35;35;35;35,0;35;35,0;230;230,0;230,0;230,0;230;230;230;230;230,0;230;230,0;230,0;1,000000000000000;1,000000000000000;1,000000000000000;1,000000000000000;1,000000000000000;1,000000000000000;1,000000000000000;1,000000000000000;1,0000000000000000;1,0000000000000000;1,0000000000000000
2021-05-20;alle;56;56,0;56;56;56;56;56;56;56;56,0;56;56,0;436;436,0;436,0;436,0;436;436;436;436;436,0;436;436,0;436,0;NA;NA;NA;NA;NA;NA;NA;NA;NA;NA;NA
2021-05-19;0-60;34;34,0;34;34;34;34;34;34;34;34,0;34;34,0;234;234,0;234,0;234,0;234;234;234;234;234,0;234;234,0;234,0;1,000000000000000;1,000000000000000;1,000000000000000;1,000000000000000;1,000000000000000;1,000000000000000;1,000000000000000;1,000000000000000;1,0000000000000000;1,0000000000000000;1,0000000000000000
2021-05-19;60+;28;28,0;28;28;28;28;28;28;28;28,0;28;28,0;258;258,0;258,0;258,0;258;258;258;258;258,0;258;258,0;258,0;1,000000000000000;1,000000000000000;1,000000000000000;1,000000000000000;1,000000000000000;1,000000000000000;1,000000000000000;1,000000000000000;1,0000000000000000;1,0000000000000000;1,0000000000000000
2021-05-19;alle;62;62,0;62;62;62;62;62;62;62;62,0;62;62,0;492;492,0;492,0;492,0;492;492;492;492;492,0;492;492,0;492,0;NA;NA;NA;NA;NA;NA;NA;NA;NA;NA;NA
2021-05-18;0-60;25;25,0;25;25;25;25;25;25;25;25,0;25;25,0;249;249,0;249,0;249,0;249;249;249;249;249,0;249;249,0;249,0;1,000000000000000;1,000000000000000;1,000000000000000;1,000000000000000;1,000000000000000;1,000000000000000;1,000000000000000;1,000000000000000;1,0000000000000000;1,0000000000000000;1,0000000000000000
2021-05-18;60+;37;37,0;37;37;37;37;37;37;37;37,0;37;37,0;286;286,0;286,0;286,0;286;286;286;286;286,0;286;286,0;286,0;1,000000000000000;1,000000000000000;1,000000000000000;1,000000000000000;1,000000000000000;1,000000000000000;1,000000000000000;1,000000000000000;1,0000000000000000;1,0000000000000000;1,0000000000000000
2021-05-18;alle;62;62,0;62;62;62;62;62;62;62;62,0;62;62,0;535;535,0;535,0;535,0;535;535;535;535;535,0;535;535,0;535,0;NA;NA;NA;NA;NA;NA;NA;NA;NA;NA;NA
2021-05-17;0-60;24;24,0;24;24;24;24;24;24;24;24,0;24;24,0;262;262,0;262,0;262,0;262;262;262;262;262,0;262;262,0;262,0;1,000000000000000;1,000000000000000;1,000000000000000;1,000000000000000;1,000000000000000;1,000000000000000;1,000000000000000;1,000000000000000;1,0000000000000000;1,0000000000000000;1,0000000000000000
2021-05-17;60+;25;25,0;25;25;25;25;25;25;25;25,0;25;25,0;294;294,0;294,0;294,0;294;294;294;294;294,0;294;294,0;294,0;1,000000000000000;1,000000000000000;1,000000000000000;1,000000000000000;1,000000000000000;1,000000000000000;1,000000000000000;1,000000000000000;1,0000000000000000;1,0000000000000000;1,0000000000000000
2021-05-17;alle;49;49,0;49;49;49;49;49;49;49;49,0;49;49,0;556;556,0;556,0;556,0;556;556;556;556;556,0;556;556,0;556,0;NA;NA;NA;NA;NA;NA;NA;NA;NA;NA;NA
2021-05-16;0-60;41;41,0;41;41;41;41;41;41;41;41,0;41;41,0;262;262,0;262,0;262,0;262;262;262;262;262,0;262;262,0;262,0;1,000000000000000;1,000000000000000;1,000000000000000;1,000000000000000;1,000000000000000;1,000000000000000;1,000000000000000;1,000000000000000;1,0000000000000000;1,0000000000000000;1,0000000000000000
2021-05-16;60+;39;39,0;39;39;39;39;39;39;39;39,0;39;39,0;307;307,0;307,0;307,0;307;307;307;307;307,0;307;307,0;307,0;1,000000000000000;1,000000000000000;1,000000000000000;1,000000000000000;1,000000000000000;1,000000000000000;1,000000000000000;1,000000000000000;1,0000000000000000;1,0000000000000000;1,0000000000000000
2021-05-16;alle;80;80,0;80;80;80;80;80;80;80;80,0;80;80,0;569;569,0;569,0;569,0;569;569;569;569;569,0;569;569,0;569,0;NA;NA;NA;NA;NA;NA;NA;NA;NA;NA;NA
2021-05-15;0-60;34;34,0;34;34;34;34;34;34;34;34,0;34;34,0;261;261,0;261,0;261,0;261;261;261;261;261,0;261;261,0;261,0;1,000000000000000;1,000000000000000;1,000000000000000;1,000000000000000;1,000000000000000;1,000000000000000;1,000000000000000;1,000000000000000;1,0000000000000000;1,0000000000000000;1,0000000000000000
2021-05-15;60+;27;27,0;27;27;27;27;27;27;27;27,0;27;27,0;314;314,0;314,0;314,0;314;314;314;314;314,0;314;314,0;314,0;1,000000000000000;1,000000000000000;1,000000000000000;1,000000000000000;1,000000000000000;1,000000000000000;1,000000000000000;1,000000000000000;1,0000000000000000;1,0000000000000000;1,0000000000000000
2021-05-15;alle;61;61,0;61;61;61;61;61;61;61;61,0;61;61,0;575;575,0;575,0;575,0;575;575;575;575;575,0;575;575,0;575,0;NA;NA;NA;NA;NA;NA;NA;NA;NA;NA;NA
2021-05-14;0-60;27;27,0;27;27;27;27;27;27;27;27,0;27;27,0;269;269,0;269,0;269,0;269;269;269;269;269,0;269;269,0;269,0;1,000000000000000;1,000000000000000;1,000000000000000;1,000000000000000;1,000000000000000;1,000000000000000;1,000000000000000;1,000000000000000;1,0000000000000000;1,0000000000000000;1,0000000000000000
2021-05-14;60+;39;39,0;39;39;39;39;39;39;39;39,0;39;39,0;360;360,0;360,0;360,0;360;360;360;360;360,0;360;360,0;360,0;1,000000000000000;1,000000000000000;1,000000000000000;1,000000000000000;1,000000000000000;1,000000000000000;1,000000000000000;1,000000000000000;1,0000000000000000;1,0000000000000000;1,0000000000000000
2021-05-14;alle;66;66,0;66;66;66;66;66;66;66;66,0;66;66,0;629;629,0;629,0;629,0;629;629;629;629;629,0;629;629,0;629,0;NA;NA;NA;NA;NA;NA;NA;NA;NA;NA;NA
2021-05-13;0-60;49;49,0;49;49;49;49;49;49;49;49,0;49;49,0;286;286,0;286,0;286,0;286;286;286;286;286,0;286;286,0;286,0;1,000000000000000;1,000000000000000;1,000000000000000;1,000000000000000;1,000000000000000;1,000000000000000;1,000000000000000;1,000000000000000;1,0000000000000000;1,0000000000000000;1,0000000000000000
2021-05-13;60+;63;63,0;63;63;63;63;63;63;63;63,0;63;63,0;392;392,0;392,0;392,0;392;392;392;392;392,0;392;392,0;392,0;1,000000000000000;1,000000000000000;1,000000000000000;1,000000000000000;1,000000000000000;1,000000000000000;1,000000000000000;1,000000000000000;1,0000000000000000;1,0000000000000000;1,0000000000000000
2021-05-13;alle;112;112,0;112;112;112;112;112;112;112;112,0;112;112,0;678;678,0;678,0;678,0;678;678;678;678;678,0;678;678,0;678,0;NA;NA;NA;NA;NA;NA;NA;NA;NA;NA;NA
2021-05-12;0-60;49;49,0;49;49;49;49;49;49;49;49,0;49;49,0;303;303,0;303,0;303,0;303;303;303;303;303,0;303;303,0;303,0;1,000000000000000;1,000000000000000;1,000000000000000;1,000000000000000;1,000000000000000;1,000000000000000;1,000000000000000;1,000000000000000;1,0000000000000000;1,0000000000000000;1,0000000000000000
2021-05-12;60+;56;56,0;56;56;56;56;56;56;56;56,0;56;56,0;415;415,0;415,0;415,0;415;415;415;415;415,0;415;415,0;415,0;1,000000000000000;1,000000000000000;1,000000000000000;1,000000000000000;1,000000000000000;1,000000000000000;1,000000000000000;1,000000000000000;1,0000000000000000;1,0000000000000000;1,0000000000000000
2021-05-12;alle;105;105,0;105;105;105;105;105;105;105;105,0;105;105,0;718;718,0;718,0;718,0;718;718;718;718;718,0;718;718,0;718,0;NA;NA;NA;NA;NA;NA;NA;NA;NA;NA;NA
2021-05-11;0-60;38;38,0;38;38;38;38;38;38;38;38,0;38;38,0;315;315,0;315,0;315,0;315;315;315;315;315,0;315;315,0;315,0;1,000000000000000;1,000000000000000;1,000000000000000;1,000000000000000;1,000000000000000;1,000000000000000;1,000000000000000;1,000000000000000;1,0000000000000000;1,0000000000000000;1,0000000000000000
2021-05-11;60+;45;45,0;45;45;45;45;45;45;45;45,0;45;45,0;438;438,0;438,0;438,0;438;438;438;438;438,0;438;438,0;438,0;1,000000000000000;1,000000000000000;1,000000000000000;1,000000000000000;1,000000000000000;1,000000000000000;1,000000000000000;1,000000000000000;1,0000000000000000;1,0000000000000000;1,0000000000000000
2021-05-11;alle;83;83,0;83;83;83;83;83;83;83;83,0;83;83,0;753;753,0;753,0;753,0;753;753;753;753;753,0;753;753,0;753,0;NA;NA;NA;NA;NA;NA;NA;NA;NA;NA;NA
2021-05-10;0-60;24;24,0;24;24;24;24;24;24;24;24,0;24;24,0;311;311,0;311,0;311,0;311;311;311;311;311,0;311;311,0;311,0;1,000000000000000;1,000000000000000;1,000000000000000;1,000000000000000;1,000000000000000;1,000000000000000;1,000000000000000;1,000000000000000;1,0000000000000000;1,0000000000000000;1,0000000000000000
2021-05-10;60+;38;38,0;38;38;38;38;38;38;38;38,0;38;38,0;447;447,0;447,0;447,0;447;447;447;447;447,0;447;447,0;447,0;1,000000000000000;1,000000000000000;1,000000000000000;1,000000000000000;1,000000000000000;1,000000000000000;1,000000000000000;1,000000000000000;1,0000000000000000;1,0000000000000000;1,0000000000000000
2021-05-10;alle;62;62,0;62;62;62;62;62;62;62;62,0;62;62,0;758;758,0;758,0;758,0;758;758;758;758;758,0;758;758,0;758,0;NA;NA;NA;NA;NA;NA;NA;NA;NA;NA;NA
2021-05-09;0-60;40;40,0;40;40;40;40;40;40;40;40,0;40;40,0;328;328,0;328,0;328,0;328;328;328;328;328,0;328;328,0;328,0;1,000000000000000;1,000000000000000;1,000000000000000;1,000000000000000;1,000000000000000;1,000000000000000;1,000000000000000;1,000000000000000;1,0000000000000000;1,0000000000000000;1,0000000000000000
2021-05-09;60+;46;46,0;46;46;46;46;46;46;46;46,0;46;46,0;447;447,0;447,0;447,0;447;447;447;447;447,0;447;447,0;447,0;1,000000000000000;1,000000000000000;1,000000000000000;1,000000000000000;1,000000000000000;1,000000000000000;1,000000000000000;1,000000000000000;1,0000000000000000;1,0000000000000000;1,0000000000000000
2021-05-09;alle;86;86,0;86;86;86;86;86;86;86;86,0;86;86,0;775;775,0;775,0;775,0;775;775;775;775;775,0;775;775,0;775,0;NA;NA;NA;NA;NA;NA;NA;NA;NA;NA;NA
2021-05-08;0-60;42;42,0;42;42;42;42;42;42;42;42,0;42;42,0;333;333,0;333,0;333,0;333;333;333;333;333,0;333;333,0;333,0;1,000000000000000;1,000000000000000;1,000000000000000;1,000000000000000;1,000000000000000;1,000000000000000;1,000000000000000;1,000000000000000;1,0000000000000000;1,0000000000000000;1,0000000000000000
2021-05-08;60+;73;73,0;73;73;73;73;73;73;73;73,0;73;73,0;460;460,0;460,0;460,0;460;460;460;460;460,0;460;460,0;460,0;1,000000000000000;1,000000000000000;1,000000000000000;1,000000000000000;1,000000000000000;1,000000000000000;1,000000000000000;1,000000000000000;1,0000000000000000;1,0000000000000000;1,0000000000000000
2021-05-08;alle;115;115,0;115;115;115;115;115;115;115;115,0;115;115,0;793;793,0;793,0;793,0;793;793;793;793;793,0;793;793,0;793,0;NA;NA;NA;NA;NA;NA;NA;NA;NA;NA;NA
2021-05-07;0-60;44;44,0;44;44;44;44;44;44;44;44,0;44;44,0;336;336,0;336,0;336,0;336;336;336;336;336,0;336;336,0;336,0;1,000000000000000;1,000000000000000;1,000000000000000;1,000000000000000;1,000000000000000;1,000000000000000;1,000000000000000;1,000000000000000;1,0000000000000000;1,0000000000000000;1,0000000000000000
2021-05-07;60+;71;71,0;71;71;71;71;71;71;71;71,0;71;71,0;469;469,0;469,0;469,0;469;469;469;469;469,0;469;469,0;469,0;1,000000000000000;1,000000000000000;1,000000000000000;1,000000000000000;1,000000000000000;1,000000000000000;1,000000000000000;1,000000000000000;1,0000000000000000;1,0000000000000000;1,0000000000000000
2021-05-07;alle;115;115,0;115;115;115;115;115;115;115;115,0;115;115,0;805;805,0;805,0;805,0;805;805;805;805;805,0;805;805,0;805,0;NA;NA;NA;NA;NA;NA;NA;NA;NA;NA;NA
2021-05-06;0-60;66;66,0;66;66;66;66;66;66;66;66,0;66;66,0;356;356,0;356,0;356,0;356;356;356;356;356,0;356;356,0;356,0;1,000000000000000;1,000000000000000;1,000000000000000;1,000000000000000;1,000000000000000;1,000000000000000;1,000000000000000;1,000000000000000;1,0000000000000000;1,0000000000000000;1,0000000000000000
2021-05-06;60+;86;86,0;86;86;86;86;86;86;86;86,0;86;86,0;488;488,0;488,0;488,0;488;488;488;488;488,0;488;488,0;488,0;1,000000000000000;1,000000000000000;1,000000000000000;1,000000000000000;1,000000000000000;1,000000000000000;1,000000000000000;1,000000000000000;1,0000000000000000;1,0000000000000000;1,0000000000000000
2021-05-06;alle;152;152,0;152;152;152;152;152;152;152;152,0;152;152,0;844;844,0;844,0;844,0;844;844;844;844;844,0;844;844,0;844,0;NA;NA;NA;NA;NA;NA;NA;NA;NA;NA;NA
2021-05-05;0-60;61;61,0;61;61;61;61;61;61;61;61,0;61;61,0;357;357,0;357,0;357,0;357;357;357;357;357,0;357;357,0;357,0;1,000000000000000;1,000000000000000;1,000000000000000;1,000000000000000;1,000000000000000;1,000000000000000;1,000000000000000;1,000000000000000;1,0000000000000000;1,0000000000000000;1,0000000000000000
2021-05-05;60+;79;79,0;79;79;79;79;79;79;79;79,0;79;79,0;516;516,0;516,0;516,0;516;516;516;516;516,0;516;516,0;516,0;1,000000000000000;1,000000000000000;1,000000000000000;1,000000000000000;1,000000000000000;1,000000000000000;1,000000000000000;1,000000000000000;1,0000000000000000;1,0000000000000000;1,0000000000000000
2021-05-05;alle;140;140,0;140;140;140;140;140;140;140;140,0;140;140,0;873;873,0;873,0;873,0;873;873;873;873;873,0;873;873,0;873,0;NA;NA;NA;NA;NA;NA;NA;NA;NA;NA;NA
2021-05-04;0-60;34;34,0;34;34;34;34;34;34;34;34,0;34;34,0;377;377,0;377,0;377,0;377;377;377;377;377,0;377;377,0;377,0;1,000000000000000;1,000000000000000;1,000000000000000;1,000000000000000;1,000000000000000;1,000000000000000;1,000000000000000;1,000000000000000;1,0000000000000000;1,0000000000000000;1,0000000000000000
2021-05-04;60+;54;54,0;54;54;54;54;54;54;54;54,0;54;54,0;531;531,0;531,0;531,0;531;531;531;531;531,0;531;531,0;531,0;1,000000000000000;1,000000000000000;1,000000000000000;1,000000000000000;1,000000000000000;1,000000000000000;1,000000000000000;1,000000000000000;1,0000000000000000;1,0000000000000000;1,0000000000000000
2021-05-04;alle;88;88,0;88;88;88;88;88;88;88;88,0;88;88,0;908;908,0;908,0;908,0;908;908;908;908;908,0;908;908,0;908,0;NA;NA;NA;NA;NA;NA;NA;NA;NA;NA;NA
2021-05-03;0-60;41;41,0;41;41;41;41;41;41;41;41,0;41;41,0;396;396,0;396,0;396,0;396;396;396;396;396,0;396;396,0;396,0;1,000000000000000;1,000000000000000;1,000000000000000;1,000000000000000;1,000000000000000;1,000000000000000;1,000000000000000;1,000000000000000;1,0000000000000000;1,0000000000000000;1,0000000000000000
2021-05-03;60+;38;38,0;38;38;38;38;38;38;38;38,0;38;38,0;534;534,0;534,0;534,0;534;534;534;534;534,0;534;534,0;534,0;1,000000000000000;1,000000000000000;1,000000000000000;1,000000000000000;1,000000000000000;1,000000000000000;1,000000000000000;1,000000000000000;1,0000000000000000;1,0000000000000000;1,0000000000000000
2021-05-03;alle;79;79,0;79;79;79;79;79;79;79;79,0;79;79,0;930;930,0;930,0;930,0;930;930;930;930;930,0;930;930,0;930,0;NA;NA;NA;NA;NA;NA;NA;NA;NA;NA;NA
2021-05-02;0-60;45;45,0;45;45;45;45;45;45;45;45,0;45;45,0;390;390,0;390,0;390,0;390;390;390;390;390,0;390;390,0;390,0;1,000000000000000;1,000000000000000;1,000000000000000;1,000000000000000;1,000000000000000;1,000000000000000;1,000000000000000;1,000000000000000;1,0000000000000000;1,0000000000000000;1,0000000000000000
2021-05-02;60+;59;59,0;59;59;59;59;59;59;59;59,0;59;59,0;542;542,0;542,0;542,0;542;542;542;542;542,0;542;542,0;542,0;1,000000000000000;1,000000000000000;1,000000000000000;1,000000000000000;1,000000000000000;1,000000000000000;1,000000000000000;1,000000000000000;1,0000000000000000;1,0000000000000000;1,0000000000000000
2021-05-02;alle;104;104,0;104;104;104;104;104;104;104;104,0;104;104,0;932;932,0;932,0;932,0;932;932;932;932;932,0;932;932,0;932,0;NA;NA;NA;NA;NA;NA;NA;NA;NA;NA;NA
2021-05-01;0-60;45;45,0;45;45;45;45;45;45;45;45,0;45;45,0;395;395,0;395,0;395,0;395;395;395;395;395,0;395;395,0;395,0;1,000000000000000;1,000000000000000;1,000000000000000;1,000000000000000;1,000000000000000;1,000000000000000;1,000000000000000;1,000000000000000;1,0000000000000000;1,0000000000000000;1,0000000000000000
2021-05-01;60+;82;82,0;82;82;82;82;82;82;82;82,0;82;82,0;554;554,0;554,0;554,0;554;554;554;554;554,0;554;554,0;554,0;1,000000000000000;1,000000000000000;1,000000000000000;1,000000000000000;1,000000000000000;1,000000000000000;1,000000000000000;1,000000000000000;1,0000000000000000;1,0000000000000000;1,0000000000000000
2021-05-01;alle;127;127,0;127;127;127;127;127;127;127;127,0;127;127,0;949;949,0;949,0;949,0;949;949;949;949;949,0;949;949,0;949,0;NA;NA;NA;NA;NA;NA;NA;NA;NA;NA;NA
2021-04-30;0-60;64;64,0;64;64;64;64;64;64;64;64,0;64;64,0;411;411,0;411,0;411,0;411;411;411;411;411,0;411;411,0;411,0;1,000000000000000;1,000000000000000;1,000000000000000;1,000000000000000;1,000000000000000;1,000000000000000;1,000000000000000;1,000000000000000;1,0000000000000000;1,0000000000000000;1,0000000000000000
2021-04-30;60+;90;90,0;90;90;90;90;90;90;90;90,0;90;90,0;557;557,0;557,0;557,0;557;557;557;557;557,0;557;557,0;557,0;1,000000000000000;1,000000000000000;1,000000000000000;1,000000000000000;1,000000000000000;1,000000000000000;1,000000000000000;1,000000000000000;1,0000000000000000;1,0000000000000000;1,0000000000000000
2021-04-30;alle;154;154,0;154;154;154;154;154;154;154;154,0;154;154,0;968;968,0;968,0;968,0;968;968;968;968;968,0;968;968,0;968,0;NA;NA;NA;NA;NA;NA;NA;NA;NA;NA;NA
2021-04-29;0-60;67;67,0;67;67;67;67;67;67;67;67,0;67;67,0;421;421,0;421,0;421,0;421;421;421;421;421,0;421;421,0;421,0;1,000000000000000;1,000000000000000;1,000000000000000;1,000000000000000;1,000000000000000;1,000000000000000;1,000000000000000;1,000000000000000;1,0000000000000000;1,0000000000000000;1,0000000000000000
2021-04-29;60+;114;114,0;114;114;114;114;114;114;114;114,0;114;114,0;563;563,0;563,0;563,0;563;563;563;563;563,0;563;563,0;563,0;1,000000000000000;1,000000000000000;1,000000000000000;1,000000000000000;1,000000000000000;1,000000000000000;1,000000000000000;1,000000000000000;1,0000000000000000;1,0000000000000000;1,0000000000000000
2021-04-29;alle;181;181,0;181;181;181;181;181;181;181;181,0;181;181,0;984;984,0;984,0;984,0;984;984;984;984;984,0;984;984,0;984,0;NA;NA;NA;NA;NA;NA;NA;NA;NA;NA;NA
2021-04-28;0-60;81;81,0;81;81;81;81;81;81;81;81,0;81;81,0;442;442,0;442,0;442,0;442;442;442;442;442,0;442;442,0;442,0;1,000000000000000;1,000000000000000;1,000000000000000;1,000000000000000;1,000000000000000;1,000000000000000;1,000000000000000;1,000000000000000;1,0000000000000000;1,0000000000000000;1,0000000000000000
2021-04-28;60+;94;94,0;94;94;94;94;94;94;94;94,0;94;94,0;568;568,0;568,0;568,0;568;568;568;568;568,0;568;568,0;568,0;1,000000000000000;1,000000000000000;1,000000000000000;1,000000000000000;1,000000000000000;1,000000000000000;1,000000000000000;1,000000000000000;1,0000000000000000;1,0000000000000000;1,0000000000000000
2021-04-28;alle;175;175,0;175;175;175;175;175;175;175;175,0;175;175,0;1010;1010,0;1010,0;1010,0;1010;1010;1010;1010;1010,0;1010;1010,0;1010,0;NA;NA;NA;NA;NA;NA;NA;NA;NA;NA;NA
2021-04-27;0-60;53;53,0;53;53;53;53;53;53;53;53,0;53;53,0;455;455,0;455,0;455,0;455;455;455;455;455,0;455;455,0;455,0;1,000000000000000;1,000000000000000;1,000000000000000;1,000000000000000;1,000000000000000;1,000000000000000;1,000000000000000;1,000000000000000;1,0000000000000000;1,0000000000000000;1,0000000000000000
2021-04-27;60+;57;57,0;57;57;57;57;57;57;57;57,0;57;57,0;588;588,0;588,0;588,0;588;588;588;588;588,0;588;588,0;588,0;1,000000000000000;1,000000000000000;1,000000000000000;1,000000000000000;1,000000000000000;1,000000000000000;1,000000000000000;1,000000000000000;1,0000000000000000;1,0000000000000000;1,0000000000000000
2021-04-27;alle;110;110,0;110;110;110;110;110;110;110;110,0;110;110,0;1043;1043,0;1043,0;1043,0;1043;1043;1043;1043;1043,0;1043;1043,0;1043,0;NA;NA;NA;NA;NA;NA;NA;NA;NA;NA;NA
2021-04-26;0-60;35;35,0;35;35;35;35;35;35;35;35,0;35;35,0;464;464,0;464,0;464,0;464;464;464;464;464,0;464;464,0;464,0;1,000000000000000;1,000000000000000;1,000000000000000;1,000000000000000;1,000000000000000;1,000000000000000;1,000000000000000;1,000000000000000;1,0000000000000000;1,0000000000000000;1,0000000000000000
2021-04-26;60+;46;46,0;46;46;46;46;46;46;46;46,0;46;46,0;624;624,0;624,0;624,0;624;624;624;624;624,0;624;624,0;624,0;1,000000000000000;1,000000000000000;1,000000000000000;1,000000000000000;1,000000000000000;1,000000000000000;1,000000000000000;1,000000000000000;1,0000000000000000;1,0000000000000000;1,0000000000000000
2021-04-26;alle;81;81,0;81;81;81;81;81;81;81;81,0;81;81,0;1088;1088,0;1088,0;1088,0;1088;1088;1088;1088;1088,0;1088;1088,0;1088,0;NA;NA;NA;NA;NA;NA;NA;NA;NA;NA;NA
2021-04-25;0-60;50;50,0;50;50;50;50;50;50;50;50,0;50;50,0;473;473,0;473,0;473,0;473;473;473;473;473,0;473;473,0;473,0;1,000000000000000;1,000000000000000;1,000000000000000;1,000000000000000;1,000000000000000;1,000000000000000;1,000000000000000;1,000000000000000;1,0000000000000000;1,0000000000000000;1,0000000000000000
2021-04-25;60+;71;71,0;71;71;71;71;71;71;71;71,0;71;71,0;637;637,0;637,0;637,0;637;637;637;637;637,0;637;637,0;637,0;1,000000000000000;1,000000000000000;1,000000000000000;1,000000000000000;1,000000000000000;1,000000000000000;1,000000000000000;1,000000000000000;1,0000000000000000;1,0000000000000000;1,0000000000000000
2021-04-25;alle;121;121,0;121;121;121;121;121;121;121;121,0;121;121,0;1110;1110,0;1110,0;1110,0;1110;1110;1110;1110;1110,0;1110;1110,0;1110,0;NA;NA;NA;NA;NA;NA;NA;NA;NA;NA;NA
2021-04-24;0-60;61;61,0;61;61;61;61;61;61;61;61,0;61;61,0;479;479,0;479,0;479,0;479;479;479;479;479,0;479;479,0;479,0;1,000000000000000;1,000000000000000;1,000000000000000;1,000000000000000;1,000000000000000;1,000000000000000;1,000000000000000;1,000000000000000;1,0000000000000000;1,0000000000000000;1,0000000000000000
2021-04-24;60+;85;85,0;85;85;85;85;85;85;85;85,0;85;85,0;635;635,0;635,0;635,0;635;635;635;635;635,0;635;635,0;635,0;1,000000000000000;1,000000000000000;1,000000000000000;1,000000000000000;1,000000000000000;1,000000000000000;1,000000000000000;1,000000000000000;1,0000000000000000;1,0000000000000000;1,0000000000000000
2021-04-24;alle;146;146,0;146;146;146;146;146;146;146;146,0;146;146,0;1114;1114,0;1114,0;1114,0;1114;1114;1114;1114;1114,0;1114;1114,0;1114,0;NA;NA;NA;NA;NA;NA;NA;NA;NA;NA;NA
2021-04-23;0-60;74;74,0;74;74;74;74;74;74;74;74,0;74;74,0;480;480,0;480,0;480,0;480;480;480;480;480,0;480;480,0;480,0;1,000000000000000;1,000000000000000;1,000000000000000;1,000000000000000;1,000000000000000;1,000000000000000;1,000000000000000;1,000000000000000;1,0000000000000000;1,0000000000000000;1,0000000000000000
2021-04-23;60+;96;96,0;96;96;96;96;96;96;96;96,0;96;96,0;628;628,0;628,0;628,0;628;628;628;628;628,0;628;628,0;628,0;1,000000000000000;1,000000000000000;1,000000000000000;1,000000000000000;1,000000000000000;1,000000000000000;1,000000000000000;1,000000000000000;1,0000000000000000;1,0000000000000000;1,0000000000000000
2021-04-23;alle;170;170,0;170;170;170;170;170;170;170;170,0;170;170,0;1108;1108,0;1108,0;1108,0;1108;1108;1108;1108;1108,0;1108;1108,0;1108,0;NA;NA;NA;NA;NA;NA;NA;NA;NA;NA;NA
2021-04-22;0-60;88;88,0;88;88;88;88;88;88;88;88,0;88;88,0;487;487,0;487,0;487,0;487;487;487;487;487,0;487;487,0;487,0;1,000000000000000;1,000000000000000;1,000000000000000;1,000000000000000;1,000000000000000;1,000000000000000;1,000000000000000;1,000000000000000;1,0000000000000000;1,0000000000000000;1,0000000000000000
2021-04-22;60+;119;119,0;119;119;119;119;119;119;119;119,0;119;119,0;619;619,0;619,0;619,0;619;619;619;619;619,0;619;619,0;619,0;1,000000000000000;1,000000000000000;1,000000000000000;1,000000000000000;1,000000000000000;1,000000000000000;1,000000000000000;1,000000000000000;1,0000000000000000;1,0000000000000000;1,0000000000000000
2021-04-22;alle;207;207,0;207;207;207;207;207;207;207;207,0;207;207,0;1106;1106,0;1106,0;1106,0;1106;1106;1106;1106;1106,0;1106;1106,0;1106,0;NA;NA;NA;NA;NA;NA;NA;NA;NA;NA;NA
2021-04-21;0-60;94;94,0;94;94;94;94;94;94;94;94,0;94;94,0;464;464,0;464,0;464,0;464;464;464;464;464,0;464;464,0;464,0;1,000000000000000;1,000000000000000;1,000000000000000;1,000000000000000;1,000000000000000;1,000000000000000;1,000000000000000;1,000000000000000;1,0000000000000000;1,0000000000000000;1,0000000000000000
2021-04-21;60+;114;114,0;114;114;114;114;114;114;114;114,0;114;114,0;609;609,0;609,0;609,0;609;609;609;609;609,0;609;609,0;609,0;1,000000000000000;1,000000000000000;1,000000000000000;1,000000000000000;1,000000000000000;1,000000000000000;1,000000000000000;1,000000000000000;1,0000000000000000;1,0000000000000000;1,0000000000000000
2021-04-21;alle;208;208,0;208;208;208;208;208;208;208;208,0;208;208,0;1073;1073,0;1073,0;1073,0;1073;1073;1073;1073;1073,0;1073;1073,0;1073,0;NA;NA;NA;NA;NA;NA;NA;NA;NA;NA;NA
2021-04-20;0-60;62;62,0;62;62;62;62;62;62;62;62,0;62;62,0;460;460,0;460,0;460,0;460;460;460;460;460,0;460;460,0;460,0;1,000000000000000;1,000000000000000;1,000000000000000;1,000000000000000;1,000000000000000;1,000000000000000;1,000000000000000;1,000000000000000;1,0000000000000000;1,0000000000000000;1,0000000000000000
2021-04-20;60+;93;93,0;93;93;93;93;93;93;93;93,0;93;93,0;609;609,0;609,0;609,0;609;609;609;609;609,0;609;609,0;609,0;1,000000000000000;1,000000000000000;1,000000000000000;1,000000000000000;1,000000000000000;1,000000000000000;1,000000000000000;1,000000000000000;1,0000000000000000;1,0000000000000000;1,0000000000000000
2021-04-20;alle;155;155,0;155;155;155;155;155;155;155;155,0;155;155,0;1069;1069,0;1069,0;1069,0;1069;1069;1069;1069;1069,0;1069;1069,0;1069,0;NA;NA;NA;NA;NA;NA;NA;NA;NA;NA;NA
2021-04-19;0-60;44;44,0;44;44;44;44;44;44;44;44,0;44;44,0;471;471,0;471,0;471,0;471;471;471;471;471,0;471;471,0;471,0;1,000000000000000;1,000000000000000;1,000000000000000;1,000000000000000;1,000000000000000;1,000000000000000;1,000000000000000;1,000000000000000;1,0000000000000000;1,0000000000000000;1,0000000000000000
2021-04-19;60+;59;59,0;59;59;59;59;59;59;59;59,0;59;59,0;597;597,0;597,0;597,0;597;597;597;597;597,0;597;597,0;597,0;1,000000000000000;1,000000000000000;1,000000000000000;1,000000000000000;1,000000000000000;1,000000000000000;1,000000000000000;1,000000000000000;1,0000000000000000;1,0000000000000000;1,0000000000000000
2021-04-19;alle;103;103,0;103;103;103;103;103;103;103;103,0;103;103,0;1068;1068,0;1068,0;1068,0;1068;1068;1068;1068;1068,0;1068;1068,0;1068,0;NA;NA;NA;NA;NA;NA;NA;NA;NA;NA;NA
2021-04-18;0-60;56;56,0;56;56;56;56;56;56;56;56,0;56;56,0;481;481,0;481,0;481,0;481;481;481;481;481,0;481;481,0;481,0;1,000000000000000;1,000000000000000;1,000000000000000;1,000000000000000;1,000000000000000;1,000000000000000;1,000000000000000;1,000000000000000;1,0000000000000000;1,0000000000000000;1,0000000000000000
2021-04-18;60+;69;69,0;69;69;69;69;69;69;69;69,0;69;69,0;595;595,0;595,0;595,0;595;595;595;595;595,0;595;595,0;595,0;1,000000000000000;1,000000000000000;1,000000000000000;1,000000000000000;1,000000000000000;1,000000000000000;1,000000000000000;1,000000000000000;1,0000000000000000;1,0000000000000000;1,0000000000000000
2021-04-18;alle;125;125,0;125;125;125;125;125;125;125;125,0;125;125,0;1076;1076,0;1076,0;1076,0;1076;1076;1076;1076;1076,0;1076;1076,0;1076,0;NA;NA;NA;NA;NA;NA;NA;NA;NA;NA;NA
2021-04-17;0-60;62;62,0;62;62;62;62;62;62;62;62,0;62;62,0;472;472,0;472,0;472,0;472;472;472;472;472,0;472;472,0;472,0;1,000000000000000;1,000000000000000;1,000000000000000;1,000000000000000;1,000000000000000;1,000000000000000;1,000000000000000;1,000000000000000;1,0000000000000000;1,0000000000000000;1,0000000000000000
2021-04-17;60+;78;78,0;78;78;78;78;78;78;78;78,0;78;78,0;609;609,0;609,0;609,0;609;609;609;609;609,0;609;609,0;609,0;1,000000000000000;1,000000000000000;1,000000000000000;1,000000000000000;1,000000000000000;1,000000000000000;1,000000000000000;1,000000000000000;1,0000000000000000;1,0000000000000000;1,0000000000000000
2021-04-17;alle;140;140,0;140;140;140;140;140;140;140;140,0;140;140,0;1081;1081,0;1081,0;1081,0;1081;1081;1081;1081;1081,0;1081;1081,0;1081,0;NA;NA;NA;NA;NA;NA;NA;NA;NA;NA;NA
2021-04-16;0-60;81;81,0;81;81;81;81;81;81;81;81,0;81;81,0;482;482,0;482,0;482,0;482;482;482;482;482,0;482;482,0;482,0;1,000000000000000;1,000000000000000;1,000000000000000;1,000000000000000;1,000000000000000;1,000000000000000;1,000000000000000;1,000000000000000;1,0000000000000000;1,0000000000000000;1,0000000000000000
2021-04-16;60+;87;87,0;87;87;87;87;87;87;87;87,0;87;87,0;624;624,0;624,0;624,0;624;624;624;624;624,0;624;624,0;624,0;1,000000000000000;1,000000000000000;1,000000000000000;1,000000000000000;1,000000000000000;1,000000000000000;1,000000000000000;1,000000000000000;1,0000000000000000;1,0000000000000000;1,0000000000000000
2021-04-16;alle;168;168,0;168;168;168;168;168;168;168;168,0;168;168,0;1106;1106,0;1106,0;1106,0;1106;1106;1106;1106;1106,0;1106;1106,0;1106,0;NA;NA;NA;NA;NA;NA;NA;NA;NA;NA;NA
2021-04-15;0-60;65;65,0;65;65;65;65;65;65;65;65,0;65;65,0;483;483,0;483,0;483,0;483;483;483;483;483,0;483;483,0;483,0;1,000000000000000;1,000000000000000;1,000000000000000;1,000000000000000;1,000000000000000;1,000000000000000;1,000000000000000;1,000000000000000;1,0000000000000000;1,0000000000000000;1,0000000000000000
2021-04-15;60+;109;109,0;109;109;109;109;109;109;109;109,0;109;109,0;638;638,0;638,0;638,0;638;638;638;638;638,0;638;638,0;638,0;1,000000000000000;1,000000000000000;1,000000000000000;1,000000000000000;1,000000000000000;1,000000000000000;1,000000000000000;1,000000000000000;1,0000000000000000;1,0000000000000000;1,0000000000000000
2021-04-15;alle;174;174,0;174;174;174;174;174;174;174;174,0;174;174,0;1121;1121,0;1121,0;1121,0;1121;1121;1121;1121;1121,0;1121;1121,0;1121,0;NA;NA;NA;NA;NA;NA;NA;NA;NA;NA;NA
2021-04-14;0-60;90;90,0;90;90;90;90;90;90;90;90,0;90;90,0;511;511,0;511,0;511,0;511;511;511;511;511,0;511;511,0;511,0;1,000000000000000;1,000000000000000;1,000000000000000;1,000000000000000;1,000000000000000;1,000000000000000;1,000000000000000;1,000000000000000;1,0000000000000000;1,0000000000000000;1,0000000000000000
2021-04-14;60+;114;114,0;114;114;114;114;114;114;114;114,0;114;114,0;647;647,0;647,0;647,0;647;647;647;647;647,0;647;647,0;647,0;1,000000000000000;1,000000000000000;1,000000000000000;1,000000000000000;1,000000000000000;1,000000000000000;1,000000000000000;1,000000000000000;1,0000000000000000;1,0000000000000000;1,0000000000000000
2021-04-14;alle;204;204,0;204;204;204;204;204;204;204;204,0;204;204,0;1158;1158,0;1158,0;1158,0;1158;1158;1158;1158;1158,0;1158;1158,0;1158,0;NA;NA;NA;NA;NA;NA;NA;NA;NA;NA;NA
2021-04-13;0-60;73;73,0;73;73;73;73;73;73;73;73,0;73;73,0;492;492,0;492,0;492,0;492;492;492;492;492,0;492;492,0;492,0;1,000000000000000;1,000000000000000;1,000000000000000;1,000000000000000;1,000000000000000;1,000000000000000;1,000000000000000;1,000000000000000;1,0000000000000000;1,0000000000000000;1,0000000000000000
2021-04-13;60+;81;81,0;81;81;81;81;81;81;81;81,0;81;81,0;634;634,0;634,0;634,0;634;634;634;634;634,0;634;634,0;634,0;1,000000000000000;1,000000000000000;1,000000000000000;1,000000000000000;1,000000000000000;1,000000000000000;1,000000000000000;1,000000000000000;1,0000000000000000;1,0000000000000000;1,0000000000000000
2021-04-13;alle;154;154,0;154;154;154;154;154;154;154;154,0;154;154,0;1126;1126,0;1126,0;1126,0;1126;1126;1126;1126;1126,0;1126;1126,0;1126,0;NA;NA;NA;NA;NA;NA;NA;NA;NA;NA;NA
2021-04-12;0-60;54;54,0;54;54;54;54;54;54;54;54,0;54;54,0;445;445,0;445,0;445,0;445;445;445;445;445,0;445;445,0;445,0;1,000000000000000;1,000000000000000;1,000000000000000;1,000000000000000;1,000000000000000;1,000000000000000;1,000000000000000;1,000000000000000;1,0000000000000000;1,0000000000000000;1,0000000000000000
2021-04-12;60+;57;57,0;57;57;57;57;57;57;57;57,0;57;57,0;605;605,0;605,0;605,0;605;605;605;605;605,0;605;605,0;605,0;1,000000000000000;1,000000000000000;1,000000000000000;1,000000000000000;1,000000000000000;1,000000000000000;1,000000000000000;1,000000000000000;1,0000000000000000;1,0000000000000000;1,0000000000000000
2021-04-12;alle;111;111,0;111;111;111;111;111;111;111;111,0;111;111,0;1050;1050,0;1050,0;1050,0;1050;1050;1050;1050;1050,0;1050;1050,0;1050,0;NA;NA;NA;NA;NA;NA;NA;NA;NA;NA;NA
2021-04-11;0-60;47;47,0;47;47;47;47;47;47;47;47,0;47;47,0;NA;NA;NA;NA;NA;NA;NA;NA;NA;NA;NA;NA;1,000000000000000;1,000000000000000;1,000000000000000;1,000000000000000;1,000000000000000;1,000000000000000;1,000000000000000;1,000000000000000;1,0000000000000000;1,0000000000000000;1,0000000000000000
2021-04-11;60+;83;83,0;83;83;83;83;83;83;83;83,0;83;83,0;NA;NA;NA;NA;NA;NA;NA;NA;NA;NA;NA;NA;1,000000000000000;1,000000000000000;1,000000000000000;1,000000000000000;1,000000000000000;1,000000000000000;1,000000000000000;1,000000000000000;1,0000000000000000;1,0000000000000000;1,0000000000000000
2021-04-11;alle;130;130,0;130;130;130;130;130;130;130;130,0;130;130,0;NA;NA;NA;NA;NA;NA;NA;NA;NA;NA;NA;NA;NA;NA;NA;NA;NA;NA;NA;NA;NA;NA;NA
2021-04-10;0-60;72;72,0;72;72;72;72;72;72;72;72,0;72;72,0;NA;NA;NA;NA;NA;NA;NA;NA;NA;NA;NA;NA;1,000000000000000;1,000000000000000;1,000000000000000;1,000000000000000;1,000000000000000;1,000000000000000;1,000000000000000;1,000000000000000;1,0000000000000000;1,0000000000000000;1,0000000000000000
2021-04-10;60+;93;93,0;93;93;93;93;93;93;93;93,0;93;93,0;NA;NA;NA;NA;NA;NA;NA;NA;NA;NA;NA;NA;1,000000000000000;1,000000000000000;1,000000000000000;1,000000000000000;1,000000000000000;1,000000000000000;1,000000000000000;1,000000000000000;1,0000000000000000;1,0000000000000000;1,0000000000000000
2021-04-10;alle;165;165,0;165;165;165;165;165;165;165;165,0;165;165,0;NA;NA;NA;NA;NA;NA;NA;NA;NA;NA;NA;NA;NA;NA;NA;NA;NA;NA;NA;NA;NA;NA;NA
2021-04-09;0-60;82;82,0;82;82;82;82;82;82;82;82,0;82;82,0;NA;NA;NA;NA;NA;NA;NA;NA;NA;NA;NA;NA;1,000000000000000;1,000000000000000;1,000000000000000;1,000000000000000;1,000000000000000;1,000000000000000;1,000000000000000;1,000000000000000;1,0000000000000000;1,0000000000000000;1,0000000000000000
2021-04-09;60+;101;101,0;101;101;101;101;101;101;101;101,0;101;101,0;NA;NA;NA;NA;NA;NA;NA;NA;NA;NA;NA;NA;1,000000000000000;1,000000000000000;1,000000000000000;1,000000000000000;1,000000000000000;1,000000000000000;1,000000000000000;1,000000000000000;1,0000000000000000;1,0000000000000000;1,0000000000000000
2021-04-09;alle;183;183,0;183;183;183;183;183;183;183;183,0;183;183,0;NA;NA;NA;NA;NA;NA;NA;NA;NA;NA;NA;NA;NA;NA;NA;NA;NA;NA;NA;NA;NA;NA;NA
2021-04-08;0-60;93;93,0;93;93;93;93;93;93;93;93,0;93;93,0;NA;NA;NA;NA;NA;NA;NA;NA;NA;NA;NA;NA;1,000000000000000;1,000000000000000;1,000000000000000;1,000000000000000;1,000000000000000;1,000000000000000;1,000000000000000;1,000000000000000;1,0000000000000000;1,0000000000000000;1,0000000000000000
2021-04-08;60+;118;118,0;118;118;118;118;118;118;118;118,0;118;118,0;NA;NA;NA;NA;NA;NA;NA;NA;NA;NA;NA;NA;1,000000000000000;1,000000000000000;1,000000000000000;1,000000000000000;1,000000000000000;1,000000000000000;1,000000000000000;1,000000000000000;1,0000000000000000;1,0000000000000000;1,0000000000000000
2021-04-08;alle;211;211,0;211;211;211;211;211;211;211;211,0;211;211,0;NA;NA;NA;NA;NA;NA;NA;NA;NA;NA;NA;NA;NA;NA;NA;NA;NA;NA;NA;NA;NA;NA;NA
2021-04-07;0-60;71;71,0;71;71;71;71;71;71;71;71,0;71;71,0;NA;NA;NA;NA;NA;NA;NA;NA;NA;NA;NA;NA;1,000000000000000;1,000000000000000;1,000000000000000;1,000000000000000;1,000000000000000;1,000000000000000;1,000000000000000;1,000000000000000;1,0000000000000000;1,0000000000000000;1,0000000000000000
2021-04-07;60+;101;101,0;101;101;101;101;101;101;101;101,0;101;101,0;NA;NA;NA;NA;NA;NA;NA;NA;NA;NA;NA;NA;1,000000000000000;1,000000000000000;1,000000000000000;1,000000000000000;1,000000000000000;1,000000000000000;1,000000000000000;1,000000000000000;1,0000000000000000;1,0000000000000000;1,0000000000000000
2021-04-07;alle;172;172,0;172;172;172;172;172;172;172;172,0;172;172,0;NA;NA;NA;NA;NA;NA;NA;NA;NA;NA;NA;NA;NA;NA;NA;NA;NA;NA;NA;NA;NA;NA;NA
2021-04-06;0-60;26;26,0;26;26;26;26;26;26;26;26,0;26;26,0;NA;NA;NA;NA;NA;NA;NA;NA;NA;NA;NA;NA;1,000000000000000;1,000000000000000;1,000000000000000;1,000000000000000;1,000000000000000;1,000000000000000;1,000000000000000;1,000000000000000;1,0000000000000000;1,0000000000000000;1,0000000000000000
2021-04-06;60+;52;52,0;52;52;52;52;52;52;52;52,0;52;52,0;NA;NA;NA;NA;NA;NA;NA;NA;NA;NA;NA;NA;1,000000000000000;1,000000000000000;1,000000000000000;1,000000000000000;1,000000000000000;1,000000000000000;1,000000000000000;1,000000000000000;1,0000000000000000;1,0000000000000000;1,0000000000000000
2021-04-06;alle;78;78,0;78;78;78;78;78;78;78;78,0;78;78,0;NA;NA;NA;NA;NA;NA;NA;NA;NA;NA;NA;NA;NA;NA;NA;NA;NA;NA;NA;NA;NA;NA;NA
