date;age60;reported;nowcast_est;nowcast_0.025;nowcast_0.1;nowcast_0.25;nowcast_0.5;nowcast_0.75;nowcast_0.8;nowcast_0.85;nowcast_0.9;nowcast_0.95;nowcast_0.975;reported7;nowcast7_est;nowcast7_0.025;nowcast7_0.1;nowcast7_0.25;nowcast7_0.5;nowcast7_0.75;nowcast7_0.8;nowcast7_0.85;nowcast7_0.9;nowcast7_0.95;nowcast7_0.975;F_est;F_0.025;F_0.1;F_0.25;F_0.5;F_0.75;F_0.8;F_0.85;F_0.9;F_0.95;F_0.975
2022-06-01;0-60;2;5,3;2;3;4;5;7;7;8;8;9;10;46;68,7;58;61;65;69;74;75;77;79;82;85;0,379297761485183;0,511839341125507;0,465028517616610;0,424278244931506;0,378797947545140;0,331745396010824;0,320151515944465;0,307230184782242;0,291634073312620;0,268838232871093;0,250088456418021
2022-06-01;60+;8;22,8;14;16;19;23;27;28;30;32;35;38;69;110,2;92;98;103;111;119;122;124;128;134;139;0,350285167698516;0,479182823059509;0,434720024915019;0,394765902535671;0,350052279686937;0,305604167083172;0,294395498074826;0,282542244577440;0,267505324463373;0,247241847243171;0,228891667452437
2022-06-01;alle;10;28,1;18;21;24;28;33;34;36;39;42;45;115;178,9;154;161;170;180;192;195;199;204;213;221;NA;NA;NA;NA;NA;NA;NA;NA;NA;NA;NA
2022-05-31;0-60;25;38,8;31;33;36;39;43;44;45;46;49;51;56;77,0;67;70;73;77;82;83;85;87;90;93;0,643598645196958;0,737304659660924;0,707299106854741;0,678217291696763;0,642256610086234;0,604234240406696;0,594688367602002;0,583232016580730;0,568724298985744;0,545070370891278;0,525043415244468
2022-05-31;60+;27;42,3;34;36;39;42;46;47;48;50;53;55;77;105,4;92;97;101;106;112;113;115;118;122;125;0,637810214819678;0,732999262935951;0,701226958308331;0,672710985485412;0,636924407571733;0,599081191787734;0,589832632295249;0,578170367339912;0,563201876763246;0,541560268101797;0,520586498786831
2022-05-31;alle;52;81,2;67;71;76;82;88;89;92;94;99;103;133;182,4;163;169;175;183;192;195;198;202;208;214;NA;NA;NA;NA;NA;NA;NA;NA;NA;NA;NA
2022-05-30;0-60;0;0,0;0;0;0;0;0;0;0;0;0;0;53;61,9;56;58;60;62;65;65;66;67;69;70;0,523352612122947;0,675003994230466;0,625898199733765;0,578451353920537;0,519206427866951;0,459604715152017;0,445013185865322;0,426850440402916;0,403255808512623;0,369671100386261;0,339574284537422
2022-05-30;60+;1;1,9;1;1;1;2;3;3;3;3;4;4;104;121,5;113;115;118;122;126;127;128;130;132;135;0,532021118052524;0,680909175823431;0,634724729773542;0,587625385478306;0,529596576337563;0,470025327392561;0,454618550807313;0,437278234270485;0,415603655801175;0,380424343611933;0,353013767602943
2022-05-30;alle;1;1,9;1;1;1;2;3;3;3;3;4;4;157;183,3;172;175;179;184;189;190;192;194;198;201;NA;NA;NA;NA;NA;NA;NA;NA;NA;NA;NA
2022-05-29;0-60;0;0,0;0;0;0;0;0;0;0;0;0;0;57;66,6;61;62;64;67;69;70;71;72;74;75;0,571177284950531;0,694072256505212;0,654907226551632;0,614644362649489;0,566835608093798;0,516965112432072;0,503582655493526;0,487495255459513;0,469341525936574;0,440165082700375;0,418323279216603
2022-05-29;60+;0;0,0;0;0;0;0;0;0;0;0;0;0;104;120,7;112;115;118;121;125;126;127;129;131;133;0,585744387046851;0,708127603354362;0,667461027344289;0,630022183282883;0,583627244482514;0,534225743412741;0,521686068409097;0,506563526033758;0,487970660097530;0,459069568115606;0,435862802360193
2022-05-29;alle;0;0,0;0;0;0;0;0;0;0;0;0;0;161;187,3;176;179;183;188;193;194;196;198;202;205;NA;NA;NA;NA;NA;NA;NA;NA;NA;NA;NA
2022-05-28;0-60;8;11,4;8;9;10;11;13;13;14;14;15;16;60;70,1;64;66;68;70;73;74;75;76;77;79;0,701341240802701;0,786703477674519;0,758693267101385;0,729306741203917;0,695934624996360;0,660773556255903;0,650942973357737;0,639469551254544;0,625045983071931;0,603689307292891;0,584684536328486
2022-05-28;60+;18;25,2;20;22;23;25;28;28;29;30;31;33;113;131,6;122;125;128;132;136;137;138;140;142;145;0,713500921600470;0,795731364626298;0,769767973047855;0,741680495220946;0,709957124820310;0,675849439510167;0,666821967661498;0,654944883060936;0,641688852357228;0,621912750644027;0,603561903989802
2022-05-28;alle;26;36,6;30;32;34;37;40;41;42;43;45;47;173;201,7;189;194;197;202;208;209;211;213;217;220;NA;NA;NA;NA;NA;NA;NA;NA;NA;NA;NA
2022-05-27;0-60;0;0,0;0;0;0;0;0;0;0;0;0;0;60;67,9;63;64;66;68;70;71;72;73;74;76;0,767382515662867;0,832756489448810;0,811308648354620;0,789588573297665;0,762340288966121;0,733087806398222;0,725565066310517;0,716478779797181;0,704763983418083;0,685759692618728;0,669100778802715
2022-05-27;60+;1;1,3;1;1;1;1;2;2;2;2;2;3;110;123,6;116;119;121;124;127;128;129;130;132;134;0,775531546286565;0,839566711539513;0,819032545810212;0,798022026637090;0,772739830945980;0,744023945130563;0,736650723609316;0,728503843406329;0,716378154909309;0,698432947111498;0,683140142224801
2022-05-27;alle;1;1,3;1;1;1;1;2;2;2;2;2;3;170;191,5;182;185;188;192;196;198;199;200;203;206;NA;NA;NA;NA;NA;NA;NA;NA;NA;NA;NA
2022-05-26;0-60;11;13,1;11;11;12;13;14;14;15;15;16;17;78;88,2;82;84;86;89;91;92;93;94;96;97;0,836603256748491;0,882606782502701;0,866733640783209;0,851449850675409;0,833242895872309;0,812026686301311;0,806540945199868;0,800194830317577;0,792159740213555;0,779585269803320;0,766411797420190
2022-05-26;60+;14;16,7;14;15;15;17;18;18;19;19;20;21;134;150,6;142;145;148;151;154;155;157;158;160;162;0,840305394924471;0,885991246160240;0,870557547095261;0,855852108799323;0,838265863069390;0,817853088177675;0,812728571785105;0,806232263069345;0,798245231971219;0,786189913599831;0,773914256425064
2022-05-26;alle;25;29,8;26;27;28;30;32;32;33;33;34;36;212;238,8;228;231;235;240;244;246;247;250;253;256;NA;NA;NA;NA;NA;NA;NA;NA;NA;NA;NA
2022-05-25;0-60;12;13,6;12;12;13;13;14;15;15;15;16;17;86;95,8;90;92;94;96;99;99;100;101;103;105;0,885214782457878;0,917061387125299;0,906839527274964;0,896367473585963;0,883292086334107;0,868006889536906;0,864244231785094;0,859680472442912;0,853472514040740;0,843684399574726;0,835607210658474
2022-05-25;60+;16;18,1;16;16;17;18;19;19;20;20;21;22;143;159,2;151;154;156;159;163;164;165;167;169;171;0,885925759634334;0,917573284591239;0,907986161050477;0,897487371835168;0,884671267327240;0,869932570330567;0,866033175618729;0,861358390971960;0,855898175067883;0,846046628065654;0,837377151079278
2022-05-25;alle;28;31,6;28;29;30;31;33;33;34;35;36;36;229;255,0;244;248;251;256;261;262;264;265;269;271;NA;NA;NA;NA;NA;NA;NA;NA;NA;NA;NA
2022-05-24;0-60;22;23,8;22;22;23;24;25;25;25;26;26;27;101;111,0;105;107;109;111;114;115;116;117;118;120;0,926113337744462;0,946622853509261;0,939952686502169;0,932906208252937;0,924274955151081;0,914748223292576;0,912036549444595;0,908937176550092;0,905112610567542;0,898877800197279;0,892956244903568
2022-05-24;60+;54;58,3;55;56;57;58;60;60;61;62;63;64;169;186,1;178;181;183;186;190;191;192;194;196;198;0,925705860804148;0,946706795862654;0,939835685661780;0,933154028813590;0,924555842066497;0,915066058684716;0,912626287594948;0,909509431934940;0,905641851906210;0,898934273178732;0,893075140344112
2022-05-24;alle;76;82,1;78;79;80;82;84;85;85;86;87;88;270;297,2;286;290;294;298;303;304;306;308;311;314;NA;NA;NA;NA;NA;NA;NA;NA;NA;NA;NA
2022-05-23;0-60;4;4,7;4;4;4;5;5;5;6;6;6;7;102;111,3;106;108;109;112;114;115;116;117;118;120;0,851913381377818;0,904241360181412;0,887655799098086;0,870184231707387;0,847096457935705;0,821183940258545;0,814002313954615;0,805463259806241;0,793840749401634;0,777284030563648;0,759685145504097
2022-05-23;60+;1;1,2;1;1;1;1;1;1;2;2;2;2;160;174,9;168;170;172;175;179;179;181;182;184;186;0,849755917436016;0,903467442204774;0,887362194016501;0,869695425490539;0,846733951436955;0,821075924265315;0,813577590342340;0,805484043266037;0,794023649311773;0,775765851135917;0,760048804698875
2022-05-23;alle;5;5,9;5;5;5;6;6;7;7;7;8;8;262;286,3;276;280;283;287;292;293;294;296;299;302;NA;NA;NA;NA;NA;NA;NA;NA;NA;NA;NA
2022-05-22;0-60;3;3,6;3;3;3;3;4;4;4;5;5;6;101;109,9;104;106;108;110;113;113;114;115;117;118;0,836775631618680;0,888225657364428;0,870603278217202;0,853031607646991;0,831361757803048;0,807226839314267;0,800890354703649;0,792651492868805;0,782603692453460;0,766830480231729;0,750855582451363
2022-05-22;60+;9;10,8;9;9;10;11;12;12;12;13;14;14;164;179,3;172;174;177;180;183;184;185;186;189;190;0,832901574415115;0,885121551210410;0,868081352611363;0,851015562039114;0,829528099101511;0,805828943976521;0,798861767422160;0,791581103928597;0,781512278941204;0,765861193986348;0,752469726771375
2022-05-22;alle;12;14,4;12;13;13;14;16;16;16;17;18;19;265;289,2;279;282;286;290;295;296;297;299;302;305;NA;NA;NA;NA;NA;NA;NA;NA;NA;NA;NA
2022-05-21;0-60;8;9,2;8;8;8;9;10;10;10;11;11;12;101;109,7;104;106;108;110;112;113;114;115;116;118;0,872396031838073;0,908485106697277;0,896154031533823;0,883211883581707;0,867460957789995;0,849842244753775;0,845255188839787;0,839089711187577;0,832588070105311;0,820856143976457;0,810571624387752
2022-05-21;60+;15;17,3;15;15;16;17;18;19;19;20;20;21;161;175,2;168;170;173;176;179;180;181;182;184;186;0,868221641443950;0,905932628998476;0,893328324619662;0,880469526673578;0,865110992885480;0,847969912054092;0,843352217057791;0,837779216430159;0,830810447209549;0,819487181137309;0,809235008485750
2022-05-21;alle;23;26,4;23;24;25;26;28;28;29;29;30;31;262;284,9;275;278;282;286;290;291;293;295;297;300;NA;NA;NA;NA;NA;NA;NA;NA;NA;NA;NA
2022-05-20;0-60;18;20,3;18;19;19;20;21;22;22;23;23;24;107;115,8;110;112;114;116;119;119;120;121;123;124;0,888613151851981;0,919057186472933;0,908997725950525;0,897820072687884;0,884270663346788;0,868477147872276;0,864429470687572;0,859627236163607;0,852852135526003;0,843268844806565;0,833216837914996
2022-05-20;60+;25;28,3;25;26;27;28;30;30;31;31;32;33;179;194,0;186;189;191;194;198;199;200;201;203;205;0,884028084561273;0,916098020701586;0,905416712486984;0,894986916386876;0,880907015127149;0,865785108622883;0,861866912237401;0,857451150906474;0,851154095426401;0,841772389113413;0,832449798067571
2022-05-20;alle;43;48,5;44;46;47;49;51;51;52;53;54;55;286;309,8;300;303;306;311;315;316;318;320;323;325;NA;NA;NA;NA;NA;NA;NA;NA;NA;NA;NA
2022-05-19;0-60;19;20,8;19;19;20;21;22;22;22;23;23;24;94;100,9;96;98;99;101;103;104;104;105;107;108;0,915229348174976;0,938489780455956;0,929922185527972;0,922109052336155;0,912379799711178;0,900717802280783;0,897607735604859;0,893899596784742;0,889196220359342;0,881609569191756;0,874999458190051
2022-05-19;60+;23;25,2;23;23;24;25;26;27;27;27;28;29;177;190,5;183;186;188;191;194;195;196;197;199;201;0,911031278620944;0,935213041507469;0,926883117280740;0,919043185570642;0,909059553131581;0,897782219323022;0,894835727708439;0,891524175606488;0,886581281463804;0,879130027259589;0,872854268575460
2022-05-19;alle;42;46,0;43;44;45;46;48;48;49;49;50;51;271;291,5;282;286;288;292;296;297;299;300;303;305;NA;NA;NA;NA;NA;NA;NA;NA;NA;NA;NA
2022-05-18;0-60;27;28,8;27;27;28;29;30;30;30;31;32;32;90;96,1;92;93;94;96;98;99;99;100;101;103;0,936773436330760;0,954607547219733;0,948629167471881;0,942791322675793;0,935251286714482;0,926616158591307;0,924143712565925;0,921471703418782;0,917898834834714;0,911878352923397;0,906376334929625
2022-05-18;60+;42;45,0;42;43;44;45;46;47;47;48;48;49;188;201,3;194;196;199;202;205;205;206;208;210;211;0,933188355399090;0,951839294029126;0,945483428943133;0,939502664928014;0,932220709064778;0,923868814652103;0,921272065028663;0,918386266050349;0,914966791997306;0,909612203041477;0,904953652915561
2022-05-18;alle;69;73,8;70;71;72;74;75;76;77;77;78;79;278;297,3;288;291;294;298;302;303;304;306;308;310;NA;NA;NA;NA;NA;NA;NA;NA;NA;NA;NA
2022-05-17;0-60;23;24,0;23;23;23;24;25;25;25;26;26;27;90;95,3;91;93;94;96;97;98;98;99;100;102;0,956775328636980;0,968978546529796;0,964773981364913;0,960668466758643;0,955357197648922;0,949284004648916;0,947623327282267;0,945673811552951;0,943205446483696;0,939139339237784;0,934913929980897
2022-05-17;60+;45;47,1;45;45;46;47;48;48;49;49;50;51;181;192,7;186;188;190;193;196;197;197;199;201;202;0,954661897445071;0,967158004744040;0,962959313920120;0,958849665808477;0,953735428545138;0,947924600330318;0,946371587750914;0,944463917049507;0,942069575509784;0,938086966247999;0,934429575111070
2022-05-17;alle;68;71,2;68;69;70;71;72;73;73;74;75;76;271;288,1;280;283;285;289;292;293;295;296;298;300;NA;NA;NA;NA;NA;NA;NA;NA;NA;NA;NA
2022-05-16;0-60;3;3,3;3;3;3;3;4;4;4;4;5;5;99;104,2;100;101;103;104;106;107;107;108;109;111;0,907300474729244;0,940960594229314;0,930384027524389;0,918556190974641;0,903584842684775;0,885659587506155;0,880802722783030;0,874788362269184;0,867431814925598;0,855008311762447;0,843005765846812
2022-05-16;60+;5;5,5;5;5;5;5;6;6;6;7;7;7;186;196,9;191;193;195;197;200;201;202;203;205;206;0,903872627103974;0,938108917204852;0,927474711446450;0,916084702101652;0,901450211968409;0,884395386332523;0,879956403395715;0,874124242219062;0,866320840128683;0,854380088409035;0,843159496771250
2022-05-16;alle;8;8,8;8;8;8;9;9;10;10;10;11;11;285;301,1;293;296;299;302;305;306;307;309;311;313;NA;NA;NA;NA;NA;NA;NA;NA;NA;NA;NA
2022-05-15;0-60;3;3,4;3;3;3;3;4;4;4;4;5;5;99;104,1;100;101;103;104;106;107;107;108;109;110;0,894478941192712;0,928879258873027;0,916825412445285;0,905036800136077;0,890407321241694;0,872511278528280;0,867698098935040;0,862002841818317;0,854460174937097;0,841307583062617;0,828607276296477
2022-05-15;60+;6;6,7;6;6;6;7;7;7;8;8;8;9;187;197,7;191;194;196;198;201;202;202;203;205;207;0,891446880607058;0,925789771095352;0,914572083397783;0,902939816846599;0,888643898906260;0,872017498421713;0,867538895464569;0,862125133723970;0,855356401868192;0,844870294160903;0,834299810226747
2022-05-15;alle;9;10,1;9;9;9;10;11;11;11;12;12;13;286;301,8;294;297;299;302;306;307;308;309;312;314;NA;NA;NA;NA;NA;NA;NA;NA;NA;NA;NA
2022-05-14;0-60;14;15,3;14;14;14;15;16;16;17;17;18;18;98;102,9;99;100;101;103;105;105;106;107;108;109;0,916805152554865;0,942144939430940;0,933701913169298;0,924312887939713;0,912976270015810;0,899641862841695;0,896028176193929;0,891910152544848;0,885516852276953;0,875647569029285;0,865378905215275
2022-05-14;60+;33;36,1;33;34;35;36;37;38;38;39;40;41;186;196,3;190;192;194;197;199;200;201;202;204;205;0,915098182904681;0,939664399938094;0,931457377157603;0,923096387481110;0,912615359623996;0,900564399913988;0,897456867470561;0,893441384296823;0,888400578488931;0,880408375180920;0,872171590942249
2022-05-14;alle;47;51,3;48;49;50;51;53;54;54;55;56;57;284;299,2;292;294;297;300;303;304;305;307;309;311;NA;NA;NA;NA;NA;NA;NA;NA;NA;NA;NA
2022-05-13;0-60;5;5,4;5;5;5;5;6;6;6;6;7;7;107;111,8;108;109;110;112;114;114;115;116;117;118;0,927339975224111;0,949159133679150;0,942003763646912;0,934066657914023;0,923906254488303;0,912056218318955;0,908736568101151;0,904670687146658;0,899639885643779;0,890754618789625;0,880982668797784
2022-05-13;60+;23;24,8;23;23;24;25;26;26;26;27;28;28;179;187,5;182;184;186;188;190;191;192;193;194;196;0,926451929085554;0,947820923917893;0,940791185386320;0,933394664595871;0,923773919991097;0,913688874569427;0,911004983209652;0,907626682366942;0,903191433774211;0,896095802730276;0,889243664448711
2022-05-13;alle;28;30,2;28;28;29;30;31;32;32;33;33;34;286;299,4;292;295;297;300;303;304;305;306;308;310;NA;NA;NA;NA;NA;NA;NA;NA;NA;NA;NA
2022-05-12;0-60;15;15,9;15;15;15;16;16;17;17;17;18;18;120;125,3;121;122;124;125;127;128;129;129;131;132;0,945385941907532;0,962305480507035;0,956473607263415;0,950700884095974;0,943158596183642;0,934319748253340;0,932022812058187;0,928840143975729;0,924579506920852;0,917683685573421;0,911109549959062
2022-05-12;60+;34;36,0;34;34;35;36;37;37;38;38;39;40;187;194,9;190;191;193;195;197;198;199;200;202;203;0,945188894397438;0,961200635168021;0,955782487991649;0,950331409359569;0,943723699801371;0,935906008916279;0,933777148983505;0,931285421097867;0,927887732446573;0,922529061931834;0,917445555472818
2022-05-12;alle;49;51,8;49;50;51;52;53;53;54;54;55;56;307;320,2;313;315;318;321;324;325;326;327;329;332;NA;NA;NA;NA;NA;NA;NA;NA;NA;NA;NA
2022-05-11;0-60;27;28,1;27;27;27;28;29;29;29;30;30;31;130;135,2;131;132;134;135;137;138;139;139;141;142;0,960123230306565;0,973426330126320;0,969256155401859;0,964935077658687;0,959280360400102;0,952462714196565;0,950545353863951;0,948256422663148;0,945010691267161;0,940071467031515;0,935460117982335
2022-05-11;60+;35;36,4;35;35;36;36;37;37;38;38;39;39;201;208,3;203;205;206;208;211;211;212;213;215;216;0,960370321412893;0,972856899698938;0,968599568567265;0,964777813489386;0,959786853589344;0,953879948031597;0,952225870736146;0,950189667438093;0,947692687941123;0,943542817407322;0,939702586808743
2022-05-11;alle;62;64,6;62;63;63;65;66;66;67;67;68;69;331;343,5;337;339;341;344;347;348;349;351;353;355;NA;NA;NA;NA;NA;NA;NA;NA;NA;NA;NA
2022-05-10;0-60;32;32,9;32;32;32;33;33;34;34;34;35;35;121;125,5;122;123;124;126;127;128;129;129;131;132;0,972751784971188;0,982256947696093;0,979159448486783;0,976037270196473;0,971838278217397;0,966897000614718;0,965516625103013;0,963760861930475;0,961447513352084;0,957820325111206;0,954274707328712
2022-05-10;60+;50;51,4;50;50;50;51;52;52;53;53;54;54;232;239,1;234;236;237;239;242;242;243;244;245;247;0,973652959690910;0,981965513917480;0,979445521472698;0,976555924620919;0,973110210456527;0,969025904598559;0,967794399655777;0,966411726415727;0,964516716366314;0,961453938670477;0,958903819574688
2022-05-10;alle;82;84,2;82;82;83;84;85;86;86;87;87;88;353;364,5;358;360;362;365;368;369;370;371;373;375;NA;NA;NA;NA;NA;NA;NA;NA;NA;NA;NA
2022-05-09;0-60;3;3,2;3;3;3;3;3;3;4;4;4;4;116;120,0;117;118;119;120;122;122;123;124;125;126;0,941000768100134;0,965696432205350;0,957900502575640;0,949718154462908;0,938343038647652;0,924340140270261;0,920582248882351;0,915730504030827;0,909382713633938;0,898354430348329;0,888207226921869
2022-05-09;60+;6;6,4;6;6;6;6;7;7;7;7;8;8;237;243,4;239;240;242;244;246;246;247;248;250;251;0,944426638744908;0,966271279643103;0,959412751239093;0,952216594063096;0,942730434014784;0,931249717693656;0,928208436034792;0,924474101629199;0,919071602872246;0,909749088033175;0,901664765707425
2022-05-09;alle;9;9,5;9;9;9;9;10;10;10;11;11;11;353;363,3;357;359;361;364;367;368;369;370;372;373;NA;NA;NA;NA;NA;NA;NA;NA;NA;NA;NA
2022-05-08;0-60;2;2,1;2;2;2;2;2;2;2;3;3;3;118;121,9;119;119;121;122;124;124;125;126;127;128;0,933551637359525;0,959656650051241;0,951726376547613;0,942534842582654;0,930689524356282;0,915550510460672;0,911451003751323;0,906714108841942;0,899125560505598;0,887046928991554;0,874814719405301
2022-05-08;60+;5;5,3;5;5;5;5;6;6;6;6;7;7;237;243,2;239;240;241;243;246;246;247;248;249;251;0,938736165064499;0,961095359081396;0,954215683063744;0,946658988486480;0,936956429981655;0,924934196739996;0,921780440265932;0,917827958299740;0,912257239548049;0,903576595685941;0,895438078939097
2022-05-08;alle;7;7,5;7;7;7;7;8;8;8;8;9;9;355;365,1;359;361;363;366;369;369;370;372;373;375;NA;NA;NA;NA;NA;NA;NA;NA;NA;NA;NA
2022-05-07;0-60;23;24,2;23;23;23;24;25;25;26;26;27;27;125;129,1;126;127;128;129;131;132;132;133;134;136;0,948896506595240;0,969063380608597;0,962864721235345;0,955837639118100;0,946303759045048;0,934401852148733;0,931137398647473;0,927317466688669;0,921110234822700;0,910583177728712;0,900689991557154
2022-05-07;60+;26;27,3;26;26;26;27;28;28;29;29;30;30;244;250,2;246;247;248;250;253;253;254;255;256;258;0,953865871606655;0,970388653541262;0,965196729388543;0,959635714067824;0,952313021249773;0,943487130903162;0,940893445476791;0,937920400851970;0,933526017782639;0,926483789569019;0,919735404876371
2022-05-07;alle;49;51,5;49;50;50;52;53;53;54;54;55;56;369;379,3;373;375;377;380;383;384;385;386;388;390;NA;NA;NA;NA;NA;NA;NA;NA;NA;NA;NA
2022-05-06;0-60;18;18,8;18;18;18;19;19;20;20;20;21;21;124;127,4;124;125;126;128;129;130;130;131;132;134;0,956833945467613;0,974431363859200;0,968851433159382;0,962856486788834;0,954542194873787;0,944100004547469;0,941207200288020;0,937250477278717;0,932584502679388;0,923563598176220;0,912944715876451
2022-05-06;60+;31;32,2;31;31;31;32;33;33;34;34;35;35;256;261,7;257;259;260;262;264;265;265;266;268;269;0,961744779194874;0,975976917783806;0,971466087306301;0,966718685906732;0,960212102091205;0,952575060952218;0,950472500687735;0,947778221969692;0,944019268142349;0,937712043986772;0,931454455983681
2022-05-06;alle;49;51,0;49;49;50;51;52;53;53;53;54;55;380;389,1;383;385;387;390;392;393;394;395;397;399;NA;NA;NA;NA;NA;NA;NA;NA;NA;NA;NA
2022-05-05;0-60;25;25,8;25;25;25;26;26;27;27;27;28;28;130;133,1;130;131;132;133;135;135;136;137;138;139;0,969095493932776;0,982250038562418;0,978084138924906;0,973661970939283;0,967741110241231;0,959973651081879;0,957885269999699;0,955111963058138;0,951372612918033;0,945378861341597;0,938356905909384
2022-05-05;60+;48;49,3;48;48;48;49;50;50;51;51;52;52;270;275,1;271;272;274;275;277;278;279;280;281;282;0,973079754681205;0,983351253260768;0,980173858593041;0,976720352038955;0,972086330185723;0,966623558369060;0,965022878396344;0,963166001936765;0,960662066185690;0,956432509490468;0,951852625644860
2022-05-05;alle;73;75,1;73;73;74;75;76;77;77;77;78;79;400;408,2;403;405;406;409;411;412;413;414;416;418;NA;NA;NA;NA;NA;NA;NA;NA;NA;NA;NA
2022-05-04;0-60;18;18,4;18;18;18;18;19;19;19;19;20;20;135;137,6;135;136;136;138;139;140;140;141;142;144;0,978852481611226;0,988233476375389;0,985561875948293;0,982517055790698;0,978398548046318;0,973193252416748;0,971786226111983;0,969916731719641;0,967503691752611;0,963414740780397;0,959387890300039
2022-05-04;60+;66;67,2;66;66;66;67;68;68;68;69;69;70;287;291,4;288;289;290;292;293;294;295;296;297;299;0,981888115286401;0,989314346114943;0,987036491407079;0,984718190743056;0,981575272270349;0,977869053394767;0,976793583334963;0,975424048010605;0,973757157786829;0,970736485278998;0,967970131330020
2022-05-04;alle;84;85,6;84;84;85;85;86;87;87;88;88;89;422;429,1;424;426;427;429;432;433;434;435;437;438;NA;NA;NA;NA;NA;NA;NA;NA;NA;NA;NA
2022-05-03;0-60;27;27,4;27;27;27;27;28;28;28;28;29;29;145;147,4;145;145;146;147;149;149;150;151;152;153;0,985686421116528;0,992493086866000;0,990480821320431;0,988313818602698;0,985214310343639;0,981341349897292;0,980177320997343;0,978767440919043;0,976841952429203;0,973600474169403;0,970148940746039
2022-05-03;60+;55;55,7;55;55;55;56;56;56;57;57;57;58;276;279,5;276;277;278;279;281;282;282;283;285;286;0,988094506263320;0,993227831272569;0,991706859726352;0,990030793187456;0,987840901981397;0,985055796904694;0,984292318497779;0,983337152609922;0,982022502321944;0,979880415936674;0,977649801845876
2022-05-03;alle;82;83,1;82;82;82;83;84;84;84;85;85;86;421;426,9;422;424;425;427;430;430;431;432;434;436;NA;NA;NA;NA;NA;NA;NA;NA;NA;NA;NA
2022-05-02;0-60;5;5,2;5;5;5;5;5;5;6;6;6;6;160;162,2;160;160;161;162;164;164;165;165;167;168;0,968886956396515;0,985396793548756;0,980784374703583;0,975549865696662;0,967517472761011;0,957177265959155;0,954175451420679;0,950018769178394;0,944469762284066;0,934607220147891;0,924991422914470
2022-05-02;60+;6;6,2;6;6;6;6;6;6;7;7;7;7;291;294,0;291;292;293;294;296;296;297;298;299;300;0,974682652364485;0,986767541573621;0,983489040242308;0,979649706343622;0,973981782517947;0,966606858266277;0,964495696631597;0,961800866718093;0,958093797541205;0,951602487794774;0,945461980455997
2022-05-02;alle;11;11,3;11;11;11;11;12;12;12;12;13;13;451;456,2;452;453;455;457;459;459;460;461;463;465;NA;NA;NA;NA;NA;NA;NA;NA;NA;NA;NA
2022-05-01;0-60;9;9,3;9;9;9;9;10;10;10;10;11;11;162;164,1;162;162;163;164;166;166;166;167;168;170;0,966020557688112;0,983997957323811;0,979391553963181;0,973370405153249;0,964996295342890;0,952763330047524;0,949279621699666;0,944395380052690;0,938459690416011;0,925546427069440;0,913285049665509
2022-05-01;60+;12;12,3;12;12;12;12;13;13;13;13;14;14;295;297,9;295;296;297;298;300;300;301;301;303;304;0,972795425506362;0,986034416599857;0,982446159934122;0,978214992159123;0,972303183236801;0,964032490364108;0,961416201027542;0,958441808152494;0,953970286283619;0,946322173124111;0,938868704352646
2022-05-01;alle;21;21,7;21;21;21;22;22;22;23;23;23;24;457;462,0;458;459;461;462;465;465;466;467;469;471;NA;NA;NA;NA;NA;NA;NA;NA;NA;NA;NA
2022-04-30;0-60;22;22,6;22;22;22;22;23;23;23;24;24;25;168;169,9;168;168;169;170;171;172;172;173;174;175;0,975239647137112;0,988952398333119;0,985225699296933;0,981106551098232;0,974455200771263;0,964535621538518;0,961484419266250;0,957536386544027;0,952010924104622;0,942221977190567;0,932041268139463
2022-04-30;60+;38;38,8;38;38;38;39;39;40;40;40;41;41;309;311,7;309;310;310;312;313;314;314;315;317;318;0,980448629061137;0,990472326766488;0,987704383311012;0,984626154483569;0,980059340059509;0,973625198576084;0,971662777691175;0,969294584249799;0,965308733522610;0,959212962502022;0,952433934050097
2022-04-30;alle;60;61,3;60;60;61;61;62;63;63;63;64;65;477;481,7;478;479;480;482;484;485;486;487;488;490;NA;NA;NA;NA;NA;NA;NA;NA;NA;NA;NA
2022-04-29;0-60;24;24,5;24;24;24;24;25;25;25;26;26;27;173;174,5;173;173;174;174;176;176;176;177;178;179;0,980844461513666;0,991770850694197;0,989026445273892;0,985590378749941;0,980332054476576;0,971981965642847;0,969493309524270;0,966132898460109;0,961278293134941;0,952867736930555;0,942892979021350
2022-04-29;60+;45;45,7;45;45;45;46;46;46;47;47;48;48;317;319,1;317;317;318;319;320;321;321;322;323;325;0,985023753516374;0,992962611793195;0,990863808135699;0,988478819533940;0,984754898521227;0,979245196857546;0,977693762150911;0,975317576571571;0,972351530807502;0,966893453897331;0,961094091733224
2022-04-29;alle;69;70,2;69;69;69;70;71;71;72;72;73;73;490;493,6;490;491;492;494;496;496;497;498;499;501;NA;NA;NA;NA;NA;NA;NA;NA;NA;NA;NA
2022-04-28;0-60;30;30,4;30;30;30;30;31;31;31;31;32;32;167;168,0;167;167;167;168;169;169;169;170;171;172;0,988187211693910;0,995118580699679;0,993356758863568;0,991212677836881;0,987809352524564;0,982570314082156;0,980981099020118;0,978927254152291;0,976127621849702;0,970568576704826;0,965007221923741
2022-04-28;60+;65;65,6;65;65;65;65;66;66;67;67;67;68;325;326,4;325;325;326;326;327;328;328;329;330;331;0,990843444590834;0,995862136483889;0,994565911157603;0,993034142051367;0,990660674249370;0,987322777745752;0,986249027792502;0,984874912191948;0,982829182362564;0,979628265357443;0,976011059180498
2022-04-28;alle;95;96,0;95;95;95;96;97;97;97;98;98;99;492;494,4;492;493;493;495;496;496;497;498;499;500;NA;NA;NA;NA;NA;NA;NA;NA;NA;NA;NA
2022-04-27;0-60;28;28,2;28;28;28;28;28;28;29;29;29;29;182;182,6;182;182;182;182;183;183;184;184;185;185;0,993802507600150;0,997413899482202;0,996489859052951;0,995381603379421;0,993750880000567;0,991386885095010;0,990704668852499;0,989836471537278;0,988677030433904;0,986671886340472;0,984566775201504
2022-04-27;60+;55;55,3;55;55;55;55;55;56;56;56;56;57;334;334,8;334;334;334;335;336;336;336;336;337;338;0,995251653198887;0,997806910050896;0,997129371392987;0,996372612837863;0,995241828195575;0,993731028502602;0,993260796610300;0,992679629918749;0,991893827643051;0,990645739812080;0,989404649669127
2022-04-27;alle;83;83,4;83;83;83;83;84;84;84;84;85;85;516;517,5;516;516;517;517;519;519;519;520;521;522;NA;NA;NA;NA;NA;NA;NA;NA;NA;NA;NA
2022-04-26;0-60;42;42,2;42;42;42;42;42;42;43;43;43;44;200;200,5;200;200;200;200;201;201;201;202;202;203;0,995852898675843;0,998521622398794;0,997894933124592;0,997089254739069;0,995808385763650;0,993854464524973;0,993307956503750;0,992556855047454;0,991449035921905;0,989523573456060;0,987546074417781
2022-04-26;60+;70;70,2;70;70;70;70;70;71;71;71;71;72;365;365,6;365;365;365;365;366;366;367;367;368;368;0,996856881726133;0,998767292935470;0,998294443243158;0,997747163674825;0,996869381097226;0,995593983927036;0,995237594948925;0,994727017340765;0,994019988264545;0,992868180649784;0,991673602518863
2022-04-26;alle;112;112,4;112;112;112;112;113;113;113;113;114;114;565;566,0;565;565;565;566;567;567;568;568;569;570;NA;NA;NA;NA;NA;NA;NA;NA;NA;NA;NA
2022-04-25;0-60;7;7,1;7;7;7;7;7;7;7;7;8;8;180;180,3;180;180;180;180;181;181;181;181;182;182;0,991161987843626;0,997568461056117;0,996213337363244;0,994290833751498;0,991032965482859;0,985692259184861;0,984021372456433;0,981884725324223;0,978572000861737;0,972153980918110;0,965564336752901
2022-04-25;60+;10;10,1;10;10;10;10;10;10;10;10;11;11;320;320,4;320;320;320;320;321;321;321;321;322;322;0,993310841590266;0,997917277623805;0,996898871470378;0,995570664273554;0,993349813022559;0,989845394168215;0,988660826301059;0,987221668716038;0,985140919650964;0,981422483404652;0,977531253670697
2022-04-25;alle;17;17,1;17;17;17;17;17;17;17;18;18;18;500;500,6;500;500;500;501;501;502;502;502;503;503;NA;NA;NA;NA;NA;NA;NA;NA;NA;NA;NA
2022-04-24;0-60;15;15,1;15;15;15;15;15;15;15;16;16;16;183;183,2;183;183;183;183;183;184;184;184;184;185;0,992134279757017;0,998141314588443;0,996982233615100;0,995196084817697;0,992065256422783;0,986649616127943;0,984918433043226;0,982499151348862;0,979187052156026;0,972434124765588;0,964788293202908
2022-04-24;60+;26;26,2;26;26;26;26;26;26;27;27;27;27;326;326,3;326;326;326;326;327;327;327;327;328;328;0,994036610789156;0,998385945165908;0,997520642970038;0,996255334016575;0,994106896447312;0,990603800499680;0,989387856339573;0,987838611005999;0,985659017135656;0,981583908005872;0,977145874619309
2022-04-24;alle;41;41,3;41;41;41;41;42;42;42;42;43;43;509;509,5;509;509;509;509;510;510;511;511;511;512;NA;NA;NA;NA;NA;NA;NA;NA;NA;NA;NA
2022-04-23;0-60;27;27,1;27;27;27;27;27;27;27;28;28;28;193;193,1;193;193;193;193;193;193;193;194;194;194;0,996314340338098;0,999291742434925;0,998762208606048;0,997897649685430;0,996291008518244;0,993326673433361;0,992343271148182;0,990983171879972;0,988976055359629;0,984982302198802;0,980701972390618
2022-04-23;60+;46;46,1;46;46;46;46;46;46;47;47;47;47;330;330,1;330;330;330;330;330;330;331;331;331;331;0,997190351061279;0,999377311921033;0,998964891266544;0,998358590359323;0,997229503868602;0,995301556708908;0,994669257340885;0,993774564225983;0,992458089437653;0,990135621665962;0,987517511215061
2022-04-23;alle;73;73,2;73;73;73;73;74;74;74;74;75;75;523;523,2;523;523;523;523;524;524;524;524;525;525;NA;NA;NA;NA;NA;NA;NA;NA;NA;NA;NA
2022-04-22;0-60;18;18,0;18;18;18;18;18;18;18;18;18;18;177;177,0;177;177;177;177;177;177;177;177;177;177;1,000000000000000;1,000000000000000;1,000000000000000;1,000000000000000;1,000000000000000;1,000000000000000;1,000000000000000;1,000000000000000;1,000000000000000;1,000000000000000;1,000000000000000
2022-04-22;60+;53;53,0;53;53;53;53;53;53;53;53;53;53;312;312,0;312;312;312;312;312;312;312;312;312;312;1,000000000000000;1,000000000000000;1,000000000000000;1,000000000000000;1,000000000000000;1,000000000000000;1,000000000000000;1,000000000000000;1,000000000000000;1,000000000000000;1,000000000000000
2022-04-22;alle;71;71,0;71;71;71;71;71;71;71;71;71;71;489;489,0;489;489;489;489;489;489;489;489;489;489;1,000000000000000;1,000000000000000;1,000000000000000;1,000000000000000;1,000000000000000;1,000000000000000;1,000000000000000;1,000000000000000;1,000000000000000;1,000000000000000;1,000000000000000
2022-04-21;0-60;45;45,0;45;45;45;45;45;45;45;45;45;45;186;186,0;186;186;186;186;186;186;186;186;186;186;1,000000000000000;1,000000000000000;1,000000000000000;1,000000000000000;1,000000000000000;1,000000000000000;1,000000000000000;1,000000000000000;1,000000000000000;1,000000000000000;1,000000000000000
2022-04-21;60+;74;74,0;74;74;74;74;74;74;74;74;74;74;321;321,0;321;321;321;321;321;321;321;321;321;321;1,000000000000000;1,000000000000000;1,000000000000000;1,000000000000000;1,000000000000000;1,000000000000000;1,000000000000000;1,000000000000000;1,000000000000000;1,000000000000000;1,000000000000000
2022-04-21;alle;119;119,0;119;119;119;119;119;119;119;119;119;119;507;507,0;507;507;507;507;507;507;507;507;507;507;1,000000000000000;1,000000000000000;1,000000000000000;1,000000000000000;1,000000000000000;1,000000000000000;1,000000000000000;1,000000000000000;1,000000000000000;1,000000000000000;1,000000000000000
2022-04-20;0-60;46;46,0;46;46;46;46;46;46;46;46;46;46;167;167,0;167;167;167;167;167;167;167;167;167;167;1,000000000000000;1,000000000000000;1,000000000000000;1,000000000000000;1,000000000000000;1,000000000000000;1,000000000000000;1,000000000000000;1,000000000000000;1,000000000000000;1,000000000000000
2022-04-20;60+;86;86,0;86;86;86;86;86;86;86;86;86;86;298;298,0;298;298;298;298;298;298;298;298;298;298;1,000000000000000;1,000000000000000;1,000000000000000;1,000000000000000;1,000000000000000;1,000000000000000;1,000000000000000;1,000000000000000;1,000000000000000;1,000000000000000;1,000000000000000
2022-04-20;alle;132;132,0;132;132;132;132;132;132;132;132;132;132;465;465,0;465;465;465;465;465;465;465;465;465;465;1,000000000000000;1,000000000000000;1,000000000000000;1,000000000000000;1,000000000000000;1,000000000000000;1,000000000000000;1,000000000000000;1,000000000000000;1,000000000000000;1,000000000000000
2022-04-19;0-60;22;22,0;22;22;22;22;22;22;22;22;22;22;153;153,0;153;153;153;153;153;153;153;153;153;153;1,000000000000000;1,000000000000000;1,000000000000000;1,000000000000000;1,000000000000000;1,000000000000000;1,000000000000000;1,000000000000000;1,000000000000000;1,000000000000000;1,000000000000000
2022-04-19;60+;25;25,0;25;25;25;25;25;25;25;25;25;25;277;277,0;277;277;277;277;277;277;277;277;277;277;1,000000000000000;1,000000000000000;1,000000000000000;1,000000000000000;1,000000000000000;1,000000000000000;1,000000000000000;1,000000000000000;1,000000000000000;1,000000000000000;1,000000000000000
2022-04-19;alle;47;47,0;47;47;47;47;47;47;47;47;47;47;430;430,0;430;430;430;430;430;430;430;430;430;430;1,000000000000000;1,000000000000000;1,000000000000000;1,000000000000000;1,000000000000000;1,000000000000000;1,000000000000000;1,000000000000000;1,000000000000000;1,000000000000000;1,000000000000000
2022-04-18;0-60;10;10,0;10;10;10;10;10;10;10;10;10;10;181;181,0;181;181;181;181;181;181;181;181;181;181;1,000000000000000;1,000000000000000;1,000000000000000;1,000000000000000;1,000000000000000;1,000000000000000;1,000000000000000;1,000000000000000;1,000000000000000;1,000000000000000;1,000000000000000
2022-04-18;60+;16;16,0;16;16;16;16;16;16;16;16;16;16;313;313,0;313;313;313;313;313;313;313;313;313;313;1,000000000000000;1,000000000000000;1,000000000000000;1,000000000000000;1,000000000000000;1,000000000000000;1,000000000000000;1,000000000000000;1,000000000000000;1,000000000000000;1,000000000000000
2022-04-18;alle;26;26,0;26;26;26;26;26;26;26;26;26;26;494;494,0;494;494;494;494;494;494;494;494;494;494;1,000000000000000;1,000000000000000;1,000000000000000;1,000000000000000;1,000000000000000;1,000000000000000;1,000000000000000;1,000000000000000;1,000000000000000;1,000000000000000;1,000000000000000
2022-04-17;0-60;25;25,0;25;25;25;25;25;25;25;25;25;25;180;180,0;180;180;180;180;180;180;180;180;180;180;1,000000000000000;1,000000000000000;1,000000000000000;1,000000000000000;1,000000000000000;1,000000000000000;1,000000000000000;1,000000000000000;1,000000000000000;1,000000000000000;1,000000000000000
2022-04-17;60+;30;30,0;30;30;30;30;30;30;30;30;30;30;324;324,0;324;324;324;324;324;324;324;324;324;324;1,000000000000000;1,000000000000000;1,000000000000000;1,000000000000000;1,000000000000000;1,000000000000000;1,000000000000000;1,000000000000000;1,000000000000000;1,000000000000000;1,000000000000000
2022-04-17;alle;55;55,0;55;55;55;55;55;55;55;55;55;55;504;504,0;504;504;504;504;504;504;504;504;504;504;1,000000000000000;1,000000000000000;1,000000000000000;1,000000000000000;1,000000000000000;1,000000000000000;1,000000000000000;1,000000000000000;1,000000000000000;1,000000000000000;1,000000000000000
2022-04-16;0-60;11;11,0;11;11;11;11;11;11;11;11;11;11;182;182,0;182;182;182;182;182;182;182;182;182;182;1,000000000000000;1,000000000000000;1,000000000000000;1,000000000000000;1,000000000000000;1,000000000000000;1,000000000000000;1,000000000000000;1,000000000000000;1,000000000000000;1,000000000000000
2022-04-16;60+;28;28,0;28;28;28;28;28;28;28;28;28;28;326;326,0;326;326;326;326;326;326;326;326;326;326;1,000000000000000;1,000000000000000;1,000000000000000;1,000000000000000;1,000000000000000;1,000000000000000;1,000000000000000;1,000000000000000;1,000000000000000;1,000000000000000;1,000000000000000
2022-04-16;alle;39;39,0;39;39;39;39;39;39;39;39;39;39;508;508,0;508;508;508;508;508;508;508;508;508;508;1,000000000000000;1,000000000000000;1,000000000000000;1,000000000000000;1,000000000000000;1,000000000000000;1,000000000000000;1,000000000000000;1,000000000000000;1,000000000000000;1,000000000000000
2022-04-15;0-60;27;27,0;27;27;27;27;27;27;27;27;27;27;207;207,0;207;207;207;207;207;207;207;207;207;207;1,000000000000000;1,000000000000000;1,000000000000000;1,000000000000000;1,000000000000000;1,000000000000000;1,000000000000000;1,000000000000000;1,000000000000000;1,000000000000000;1,000000000000000
2022-04-15;60+;62;62,0;62;62;62;62;62;62;62;62;62;62;345;345,0;345;345;345;345;345;345;345;345;345;345;1,000000000000000;1,000000000000000;1,000000000000000;1,000000000000000;1,000000000000000;1,000000000000000;1,000000000000000;1,000000000000000;1,000000000000000;1,000000000000000;1,000000000000000
2022-04-15;alle;89;89,0;89;89;89;89;89;89;89;89;89;89;552;552,0;552;552;552;552;552;552;552;552;552;552;1,000000000000000;1,000000000000000;1,000000000000000;1,000000000000000;1,000000000000000;1,000000000000000;1,000000000000000;1,000000000000000;1,000000000000000;1,000000000000000;1,000000000000000
2022-04-14;0-60;26;26,0;26;26;26;26;26;26;26;26;26;26;221;221,0;221;221;221;221;221;221;221;221;221;221;1,000000000000000;1,000000000000000;1,000000000000000;1,000000000000000;1,000000000000000;1,000000000000000;1,000000000000000;1,000000000000000;1,000000000000000;1,000000000000000;1,000000000000000
2022-04-14;60+;51;51,0;51;51;51;51;51;51;51;51;51;51;347;347,0;347;347;347;347;347;347;347;347;347;347;1,000000000000000;1,000000000000000;1,000000000000000;1,000000000000000;1,000000000000000;1,000000000000000;1,000000000000000;1,000000000000000;1,000000000000000;1,000000000000000;1,000000000000000
2022-04-14;alle;77;77,0;77;77;77;77;77;77;77;77;77;77;568;568,0;568;568;568;568;568;568;568;568;568;568;1,000000000000000;1,000000000000000;1,000000000000000;1,000000000000000;1,000000000000000;1,000000000000000;1,000000000000000;1,000000000000000;1,000000000000000;1,000000000000000;1,000000000000000
2022-04-13;0-60;32;32,0;32;32;32;32;32;32;32;32;32;32;226;226,0;226;226;226;226;226;226;226;226;226;226;1,000000000000000;1,000000000000000;1,000000000000000;1,000000000000000;1,000000000000000;1,000000000000000;1,000000000000000;1,000000000000000;1,000000000000000;1,000000000000000;1,000000000000000
2022-04-13;60+;65;65,0;65;65;65;65;65;65;65;65;65;65;381;381,0;381;381;381;381;381;381;381;381;381;381;1,000000000000000;1,000000000000000;1,000000000000000;1,000000000000000;1,000000000000000;1,000000000000000;1,000000000000000;1,000000000000000;1,000000000000000;1,000000000000000;1,000000000000000
2022-04-13;alle;97;97,0;97;97;97;97;97;97;97;97;97;97;607;607,0;607;607;607;607;607;607;607;607;607;607;1,000000000000000;1,000000000000000;1,000000000000000;1,000000000000000;1,000000000000000;1,000000000000000;1,000000000000000;1,000000000000000;1,000000000000000;1,000000000000000;1,000000000000000
2022-04-12;0-60;50;50,0;50;50;50;50;50;50;50;50;50;50;238;238,0;238;238;238;238;238;238;238;238;238;238;1,000000000000000;1,000000000000000;1,000000000000000;1,000000000000000;1,000000000000000;1,000000000000000;1,000000000000000;1,000000000000000;1,000000000000000;1,000000000000000;1,000000000000000
2022-04-12;60+;61;61,0;61;61;61;61;61;61;61;61;61;61;377;377,0;377;377;377;377;377;377;377;377;377;377;1,000000000000000;1,000000000000000;1,000000000000000;1,000000000000000;1,000000000000000;1,000000000000000;1,000000000000000;1,000000000000000;1,000000000000000;1,000000000000000;1,000000000000000
2022-04-12;alle;111;111,0;111;111;111;111;111;111;111;111;111;111;615;615,0;615;615;615;615;615;615;615;615;615;615;1,000000000000000;1,000000000000000;1,000000000000000;1,000000000000000;1,000000000000000;1,000000000000000;1,000000000000000;1,000000000000000;1,000000000000000;1,000000000000000;1,000000000000000
2022-04-11;0-60;9;9,0;9;9;9;9;9;9;9;9;9;9;225;225,0;225;225;225;225;225;225;225;225;225;225;1,000000000000000;1,000000000000000;1,000000000000000;1,000000000000000;1,000000000000000;1,000000000000000;1,000000000000000;1,000000000000000;1,000000000000000;1,000000000000000;1,000000000000000
2022-04-11;60+;27;27,0;27;27;27;27;27;27;27;27;27;27;374;374,0;374;374;374;374;374;374;374;374;374;374;1,000000000000000;1,000000000000000;1,000000000000000;1,000000000000000;1,000000000000000;1,000000000000000;1,000000000000000;1,000000000000000;1,000000000000000;1,000000000000000;1,000000000000000
2022-04-11;alle;36;36,0;36;36;36;36;36;36;36;36;36;36;599;599,0;599;599;599;599;599;599;599;599;599;599;1,000000000000000;1,000000000000000;1,000000000000000;1,000000000000000;1,000000000000000;1,000000000000000;1,000000000000000;1,000000000000000;1,000000000000000;1,000000000000000;1,000000000000000
2022-04-10;0-60;27;27,0;27;27;27;27;27;27;27;27;27;27;228;228,0;228;228;228;228;228;228;228;228;228;228;1,000000000000000;1,000000000000000;1,000000000000000;1,000000000000000;1,000000000000000;1,000000000000000;1,000000000000000;1,000000000000000;1,000000000000000;1,000000000000000;1,000000000000000
2022-04-10;60+;32;32,0;32;32;32;32;32;32;32;32;32;32;364;364,0;364;364;364;364;364;364;364;364;364;364;1,000000000000000;1,000000000000000;1,000000000000000;1,000000000000000;1,000000000000000;1,000000000000000;1,000000000000000;1,000000000000000;1,000000000000000;1,000000000000000;1,000000000000000
2022-04-10;alle;59;59,0;59;59;59;59;59;59;59;59;59;59;592;592,0;592;592;592;592;592;592;592;592;592;592;1,000000000000000;1,000000000000000;1,000000000000000;1,000000000000000;1,000000000000000;1,000000000000000;1,000000000000000;1,000000000000000;1,000000000000000;1,000000000000000;1,000000000000000
2022-04-09;0-60;36;36,0;36;36;36;36;36;36;36;36;36;36;227;227,0;227;227;227;227;227;227;227;227;227;227;1,000000000000000;1,000000000000000;1,000000000000000;1,000000000000000;1,000000000000000;1,000000000000000;1,000000000000000;1,000000000000000;1,000000000000000;1,000000000000000;1,000000000000000
2022-04-09;60+;47;47,0;47;47;47;47;47;47;47;47;47;47;369;369,0;369;369;369;369;369;369;369;369;369;369;1,000000000000000;1,000000000000000;1,000000000000000;1,000000000000000;1,000000000000000;1,000000000000000;1,000000000000000;1,000000000000000;1,000000000000000;1,000000000000000;1,000000000000000
2022-04-09;alle;83;83,0;83;83;83;83;83;83;83;83;83;83;596;596,0;596;596;596;596;596;596;596;596;596;596;1,000000000000000;1,000000000000000;1,000000000000000;1,000000000000000;1,000000000000000;1,000000000000000;1,000000000000000;1,000000000000000;1,000000000000000;1,000000000000000;1,000000000000000
2022-04-08;0-60;41;41,0;41;41;41;41;41;41;41;41;41;41;232;232,0;232;232;232;232;232;232;232;232;232;232;1,000000000000000;1,000000000000000;1,000000000000000;1,000000000000000;1,000000000000000;1,000000000000000;1,000000000000000;1,000000000000000;1,000000000000000;1,000000000000000;1,000000000000000
2022-04-08;60+;64;64,0;64;64;64;64;64;64;64;64;64;64;387;387,0;387;387;387;387;387;387;387;387;387;387;1,000000000000000;1,000000000000000;1,000000000000000;1,000000000000000;1,000000000000000;1,000000000000000;1,000000000000000;1,000000000000000;1,000000000000000;1,000000000000000;1,000000000000000
2022-04-08;alle;105;105,0;105;105;105;105;105;105;105;105;105;105;619;619,0;619;619;619;619;619;619;619;619;619;619;1,000000000000000;1,000000000000000;1,000000000000000;1,000000000000000;1,000000000000000;1,000000000000000;1,000000000000000;1,000000000000000;1,000000000000000;1,000000000000000;1,000000000000000
2022-04-07;0-60;31;31,0;31;31;31;31;31;31;31;31;31;31;241;241,0;241;241;241;241;241;241;241;241;241;241;1,000000000000000;1,000000000000000;1,000000000000000;1,000000000000000;1,000000000000000;1,000000000000000;1,000000000000000;1,000000000000000;1,000000000000000;1,000000000000000;1,000000000000000
2022-04-07;60+;85;85,0;85;85;85;85;85;85;85;85;85;85;405;405,0;405;405;405;405;405;405;405;405;405;405;1,000000000000000;1,000000000000000;1,000000000000000;1,000000000000000;1,000000000000000;1,000000000000000;1,000000000000000;1,000000000000000;1,000000000000000;1,000000000000000;1,000000000000000
2022-04-07;alle;116;116,0;116;116;116;116;116;116;116;116;116;116;646;646,0;646;646;646;646;646;646;646;646;646;646;1,000000000000000;1,000000000000000;1,000000000000000;1,000000000000000;1,000000000000000;1,000000000000000;1,000000000000000;1,000000000000000;1,000000000000000;1,000000000000000;1,000000000000000
2022-04-06;0-60;44;44,0;44;44;44;44;44;44;44;44;44;44;255;255,0;255;255;255;255;255;255;255;255;255;255;1,000000000000000;1,000000000000000;1,000000000000000;1,000000000000000;1,000000000000000;1,000000000000000;1,000000000000000;1,000000000000000;1,000000000000000;1,000000000000000;1,000000000000000
2022-04-06;60+;61;61,0;61;61;61;61;61;61;61;61;61;61;403;403,0;403;403;403;403;403;403;403;403;403;403;1,000000000000000;1,000000000000000;1,000000000000000;1,000000000000000;1,000000000000000;1,000000000000000;1,000000000000000;1,000000000000000;1,000000000000000;1,000000000000000;1,000000000000000
2022-04-06;alle;105;105,0;105;105;105;105;105;105;105;105;105;105;658;658,0;658;658;658;658;658;658;658;658;658;658;1,000000000000000;1,000000000000000;1,000000000000000;1,000000000000000;1,000000000000000;1,000000000000000;1,000000000000000;1,000000000000000;1,000000000000000;1,000000000000000;1,000000000000000
2022-04-05;0-60;37;37,0;37;37;37;37;37;37;37;37;37;37;258;258,0;258;258;258;258;258;258;258;258;258;258;1,000000000000000;1,000000000000000;1,000000000000000;1,000000000000000;1,000000000000000;1,000000000000000;1,000000000000000;1,000000000000000;1,000000000000000;1,000000000000000;1,000000000000000
2022-04-05;60+;58;58,0;58;58;58;58;58;58;58;58;58;58;431;431,0;431;431;431;431;431;431;431;431;431;431;1,000000000000000;1,000000000000000;1,000000000000000;1,000000000000000;1,000000000000000;1,000000000000000;1,000000000000000;1,000000000000000;1,000000000000000;1,000000000000000;1,000000000000000
2022-04-05;alle;95;95,0;95;95;95;95;95;95;95;95;95;95;689;689,0;689;689;689;689;689;689;689;689;689;689;NA;NA;NA;NA;NA;NA;NA;NA;NA;NA;NA
2022-04-04;0-60;12;12,0;12;12;12;12;12;12;12;12;12;12;276;276,0;276;276;276;276;276;276;276;276;276;276;1,000000000000000;1,000000000000000;1,000000000000000;1,000000000000000;1,000000000000000;1,000000000000000;1,000000000000000;1,000000000000000;1,000000000000000;1,000000000000000;1,000000000000000
2022-04-04;60+;17;17,0;17;17;17;17;17;17;17;17;17;17;475;475,0;475;475;475;475;475;475;475;475;475;475;1,000000000000000;1,000000000000000;1,000000000000000;1,000000000000000;1,000000000000000;1,000000000000000;1,000000000000000;1,000000000000000;1,000000000000000;1,000000000000000;1,000000000000000
2022-04-04;alle;29;29,0;29;29;29;29;29;29;29;29;29;29;751;751,0;751;751;751;751;751;751;751;751;751;751;NA;NA;NA;NA;NA;NA;NA;NA;NA;NA;NA
2022-04-03;0-60;26;26,0;26;26;26;26;26;26;26;26;26;26;278;278,0;278;278;278;278;278;278;278;278;278;278;1,000000000000000;1,000000000000000;1,000000000000000;1,000000000000000;1,000000000000000;1,000000000000000;1,000000000000000;1,000000000000000;1,000000000000000;1,000000000000000;1,000000000000000
2022-04-03;60+;37;37,0;37;37;37;37;37;37;37;37;37;37;487;487,0;487;487;487;487;487;487;487;487;487;487;1,000000000000000;1,000000000000000;1,000000000000000;1,000000000000000;1,000000000000000;1,000000000000000;1,000000000000000;1,000000000000000;1,000000000000000;1,000000000000000;1,000000000000000
2022-04-03;alle;63;63,0;63;63;63;63;63;63;63;63;63;63;765;765,0;765;765;765;765;765;765;765;765;765;765;NA;NA;NA;NA;NA;NA;NA;NA;NA;NA;NA
2022-04-02;0-60;41;41,0;41;41;41;41;41;41;41;41;41;41;287;287,0;287;287;287;287;287;287;287;287;287;287;1,000000000000000;1,000000000000000;1,000000000000000;1,000000000000000;1,000000000000000;1,000000000000000;1,000000000000000;1,000000000000000;1,000000000000000;1,000000000000000;1,000000000000000
2022-04-02;60+;65;65,0;65;65;65;65;65;65;65;65;65;65;517;517,0;517;517;517;517;517;517;517;517;517;517;1,000000000000000;1,000000000000000;1,000000000000000;1,000000000000000;1,000000000000000;1,000000000000000;1,000000000000000;1,000000000000000;1,000000000000000;1,000000000000000;1,000000000000000
2022-04-02;alle;106;106,0;106;106;106;106;106;106;106;106;106;106;804;804,0;804;804;804;804;804;804;804;804;804;804;NA;NA;NA;NA;NA;NA;NA;NA;NA;NA;NA
2022-04-01;0-60;50;50,0;50;50;50;50;50;50;50;50;50;50;306;306,0;306;306;306;306;306;306;306;306;306;306;1,000000000000000;1,000000000000000;1,000000000000000;1,000000000000000;1,000000000000000;1,000000000000000;1,000000000000000;1,000000000000000;1,000000000000000;1,000000000000000;1,000000000000000
2022-04-01;60+;82;82,0;82;82;82;82;82;82;82;82;82;82;518;518,0;518;518;518;518;518;518;518;518;518;518;1,000000000000000;1,000000000000000;1,000000000000000;1,000000000000000;1,000000000000000;1,000000000000000;1,000000000000000;1,000000000000000;1,000000000000000;1,000000000000000;1,000000000000000
2022-04-01;alle;132;132,0;132;132;132;132;132;132;132;132;132;132;824;824,0;824;824;824;824;824;824;824;824;824;824;NA;NA;NA;NA;NA;NA;NA;NA;NA;NA;NA
2022-03-31;0-60;45;45,0;45;45;45;45;45;45;45;45;45;45;304;304,0;304;304;304;304;304;304;304;304;304;304;1,000000000000000;1,000000000000000;1,000000000000000;1,000000000000000;1,000000000000000;1,000000000000000;1,000000000000000;1,000000000000000;1,000000000000000;1,000000000000000;1,000000000000000
2022-03-31;60+;83;83,0;83;83;83;83;83;83;83;83;83;83;526;526,0;526;526;526;526;526;526;526;526;526;526;1,000000000000000;1,000000000000000;1,000000000000000;1,000000000000000;1,000000000000000;1,000000000000000;1,000000000000000;1,000000000000000;1,000000000000000;1,000000000000000;1,000000000000000
2022-03-31;alle;128;128,0;128;128;128;128;128;128;128;128;128;128;830;830,0;830;830;830;830;830;830;830;830;830;830;NA;NA;NA;NA;NA;NA;NA;NA;NA;NA;NA
2022-03-30;0-60;47;47,0;47;47;47;47;47;47;47;47;47;47;310;310,0;310;310;310;310;310;310;310;310;310;310;1,000000000000000;1,000000000000000;1,000000000000000;1,000000000000000;1,000000000000000;1,000000000000000;1,000000000000000;1,000000000000000;1,000000000000000;1,000000000000000;1,000000000000000
2022-03-30;60+;89;89,0;89;89;89;89;89;89;89;89;89;89;530;530,0;530;530;530;530;530;530;530;530;530;530;1,000000000000000;1,000000000000000;1,000000000000000;1,000000000000000;1,000000000000000;1,000000000000000;1,000000000000000;1,000000000000000;1,000000000000000;1,000000000000000;1,000000000000000
2022-03-30;alle;136;136,0;136;136;136;136;136;136;136;136;136;136;840;840,0;840;840;840;840;840;840;840;840;840;840;NA;NA;NA;NA;NA;NA;NA;NA;NA;NA;NA
2022-03-29;0-60;55;55,0;55;55;55;55;55;55;55;55;55;55;317;317,0;317;317;317;317;317;317;317;317;317;317;1,000000000000000;1,000000000000000;1,000000000000000;1,000000000000000;1,000000000000000;1,000000000000000;1,000000000000000;1,000000000000000;1,000000000000000;1,000000000000000;1,000000000000000
2022-03-29;60+;102;102,0;102;102;102;102;102;102;102;102;102;102;526;526,0;526;526;526;526;526;526;526;526;526;526;1,000000000000000;1,000000000000000;1,000000000000000;1,000000000000000;1,000000000000000;1,000000000000000;1,000000000000000;1,000000000000000;1,000000000000000;1,000000000000000;1,000000000000000
2022-03-29;alle;157;157,0;157;157;157;157;157;157;157;157;157;157;843;843,0;843;843;843;843;843;843;843;843;843;843;NA;NA;NA;NA;NA;NA;NA;NA;NA;NA;NA
2022-03-28;0-60;14;14,0;14;14;14;14;14;14;14;14;14;14;328;328,0;328;328;328;328;328;328;328;328;328;328;1,000000000000000;1,000000000000000;1,000000000000000;1,000000000000000;1,000000000000000;1,000000000000000;1,000000000000000;1,000000000000000;1,000000000000000;1,000000000000000;1,000000000000000
2022-03-28;60+;29;29,0;29;29;29;29;29;29;29;29;29;29;495;495,0;495;495;495;495;495;495;495;495;495;495;1,000000000000000;1,000000000000000;1,000000000000000;1,000000000000000;1,000000000000000;1,000000000000000;1,000000000000000;1,000000000000000;1,000000000000000;1,000000000000000;1,000000000000000
2022-03-28;alle;43;43,0;43;43;43;43;43;43;43;43;43;43;823;823,0;823;823;823;823;823;823;823;823;823;823;NA;NA;NA;NA;NA;NA;NA;NA;NA;NA;NA
2022-03-27;0-60;35;35,0;35;35;35;35;35;35;35;35;35;35;330;330,0;330;330;330;330;330;330;330;330;330;330;1,000000000000000;1,000000000000000;1,000000000000000;1,000000000000000;1,000000000000000;1,000000000000000;1,000000000000000;1,000000000000000;1,000000000000000;1,000000000000000;1,000000000000000
2022-03-27;60+;67;67,0;67;67;67;67;67;67;67;67;67;67;500;500,0;500;500;500;500;500;500;500;500;500;500;1,000000000000000;1,000000000000000;1,000000000000000;1,000000000000000;1,000000000000000;1,000000000000000;1,000000000000000;1,000000000000000;1,000000000000000;1,000000000000000;1,000000000000000
2022-03-27;alle;102;102,0;102;102;102;102;102;102;102;102;102;102;830;830,0;830;830;830;830;830;830;830;830;830;830;NA;NA;NA;NA;NA;NA;NA;NA;NA;NA;NA
2022-03-26;0-60;60;60,0;60;60;60;60;60;60;60;60;60;60;308;308,0;308;308;308;308;308;308;308;308;308;308;1,000000000000000;1,000000000000000;1,000000000000000;1,000000000000000;1,000000000000000;1,000000000000000;1,000000000000000;1,000000000000000;1,000000000000000;1,000000000000000;1,000000000000000
2022-03-26;60+;66;66,0;66;66;66;66;66;66;66;66;66;66;470;470,0;470;470;470;470;470;470;470;470;470;470;1,000000000000000;1,000000000000000;1,000000000000000;1,000000000000000;1,000000000000000;1,000000000000000;1,000000000000000;1,000000000000000;1,000000000000000;1,000000000000000;1,000000000000000
2022-03-26;alle;126;126,0;126;126;126;126;126;126;126;126;126;126;778;778,0;778;778;778;778;778;778;778;778;778;778;NA;NA;NA;NA;NA;NA;NA;NA;NA;NA;NA
2022-03-25;0-60;48;48,0;48;48;48;48;48;48;48;48;48;48;292;292,0;292;292;292;292;292;292;292;292;292;292;1,000000000000000;1,000000000000000;1,000000000000000;1,000000000000000;1,000000000000000;1,000000000000000;1,000000000000000;1,000000000000000;1,000000000000000;1,000000000000000;1,000000000000000
2022-03-25;60+;90;90,0;90;90;90;90;90;90;90;90;90;90;488;488,0;488;488;488;488;488;488;488;488;488;488;1,000000000000000;1,000000000000000;1,000000000000000;1,000000000000000;1,000000000000000;1,000000000000000;1,000000000000000;1,000000000000000;1,000000000000000;1,000000000000000;1,000000000000000
2022-03-25;alle;138;138,0;138;138;138;138;138;138;138;138;138;138;780;780,0;780;780;780;780;780;780;780;780;780;780;NA;NA;NA;NA;NA;NA;NA;NA;NA;NA;NA
2022-03-24;0-60;51;51,0;51;51;51;51;51;51;51;51;51;51;274;274,0;274;274;274;274;274;274;274;274;274;274;1,000000000000000;1,000000000000000;1,000000000000000;1,000000000000000;1,000000000000000;1,000000000000000;1,000000000000000;1,000000000000000;1,000000000000000;1,000000000000000;1,000000000000000
2022-03-24;60+;87;87,0;87;87;87;87;87;87;87;87;87;87;487;487,0;487;487;487;487;487;487;487;487;487;487;1,000000000000000;1,000000000000000;1,000000000000000;1,000000000000000;1,000000000000000;1,000000000000000;1,000000000000000;1,000000000000000;1,000000000000000;1,000000000000000;1,000000000000000
2022-03-24;alle;138;138,0;138;138;138;138;138;138;138;138;138;138;761;761,0;761;761;761;761;761;761;761;761;761;761;NA;NA;NA;NA;NA;NA;NA;NA;NA;NA;NA
2022-03-23;0-60;54;54,0;54;54;54;54;54;54;54;54;54;54;278;278,0;278;278;278;278;278;278;278;278;278;278;1,000000000000000;1,000000000000000;1,000000000000000;1,000000000000000;1,000000000000000;1,000000000000000;1,000000000000000;1,000000000000000;1,000000000000000;1,000000000000000;1,000000000000000
2022-03-23;60+;85;85,0;85;85;85;85;85;85;85;85;85;85;484;484,0;484;484;484;484;484;484;484;484;484;484;1,000000000000000;1,000000000000000;1,000000000000000;1,000000000000000;1,000000000000000;1,000000000000000;1,000000000000000;1,000000000000000;1,000000000000000;1,000000000000000;1,000000000000000
2022-03-23;alle;139;139,0;139;139;139;139;139;139;139;139;139;139;762;762,0;762;762;762;762;762;762;762;762;762;762;NA;NA;NA;NA;NA;NA;NA;NA;NA;NA;NA
2022-03-22;0-60;66;66,0;66;66;66;66;66;66;66;66;66;66;280;280,0;280;280;280;280;280;280;280;280;280;280;1,000000000000000;1,000000000000000;1,000000000000000;1,000000000000000;1,000000000000000;1,000000000000000;1,000000000000000;1,000000000000000;1,000000000000000;1,000000000000000;1,000000000000000
2022-03-22;60+;71;71,0;71;71;71;71;71;71;71;71;71;71;478;478,0;478;478;478;478;478;478;478;478;478;478;1,000000000000000;1,000000000000000;1,000000000000000;1,000000000000000;1,000000000000000;1,000000000000000;1,000000000000000;1,000000000000000;1,000000000000000;1,000000000000000;1,000000000000000
2022-03-22;alle;137;137,0;137;137;137;137;137;137;137;137;137;137;758;758,0;758;758;758;758;758;758;758;758;758;758;NA;NA;NA;NA;NA;NA;NA;NA;NA;NA;NA
2022-03-21;0-60;16;16,0;16;16;16;16;16;16;16;16;16;16;272;272,0;272;272;272;272;272;272;272;272;272;272;1,000000000000000;1,000000000000000;1,000000000000000;1,000000000000000;1,000000000000000;1,000000000000000;1,000000000000000;1,000000000000000;1,000000000000000;1,000000000000000;1,000000000000000
2022-03-21;60+;34;34,0;34;34;34;34;34;34;34;34;34;34;490;490,0;490;490;490;490;490;490;490;490;490;490;1,000000000000000;1,000000000000000;1,000000000000000;1,000000000000000;1,000000000000000;1,000000000000000;1,000000000000000;1,000000000000000;1,000000000000000;1,000000000000000;1,000000000000000
2022-03-21;alle;50;50,0;50;50;50;50;50;50;50;50;50;50;762;762,0;762;762;762;762;762;762;762;762;762;762;NA;NA;NA;NA;NA;NA;NA;NA;NA;NA;NA
2022-03-20;0-60;13;13,0;13;13;13;13;13;13;13;13;13;13;272;272,0;272;272;272;272;272;272;272;272;272;272;1,000000000000000;1,000000000000000;1,000000000000000;1,000000000000000;1,000000000000000;1,000000000000000;1,000000000000000;1,000000000000000;1,000000000000000;1,000000000000000;1,000000000000000
2022-03-20;60+;37;37,0;37;37;37;37;37;37;37;37;37;37;482;482,0;482;482;482;482;482;482;482;482;482;482;1,000000000000000;1,000000000000000;1,000000000000000;1,000000000000000;1,000000000000000;1,000000000000000;1,000000000000000;1,000000000000000;1,000000000000000;1,000000000000000;1,000000000000000
2022-03-20;alle;50;50,0;50;50;50;50;50;50;50;50;50;50;754;754,0;754;754;754;754;754;754;754;754;754;754;NA;NA;NA;NA;NA;NA;NA;NA;NA;NA;NA
2022-03-19;0-60;44;44,0;44;44;44;44;44;44;44;44;44;44;285;285,0;285;285;285;285;285;285;285;285;285;285;1,000000000000000;1,000000000000000;1,000000000000000;1,000000000000000;1,000000000000000;1,000000000000000;1,000000000000000;1,000000000000000;1,000000000000000;1,000000000000000;1,000000000000000
2022-03-19;60+;84;84,0;84;84;84;84;84;84;84;84;84;84;473;473,0;473;473;473;473;473;473;473;473;473;473;1,000000000000000;1,000000000000000;1,000000000000000;1,000000000000000;1,000000000000000;1,000000000000000;1,000000000000000;1,000000000000000;1,000000000000000;1,000000000000000;1,000000000000000
2022-03-19;alle;128;128,0;128;128;128;128;128;128;128;128;128;128;758;758,0;758;758;758;758;758;758;758;758;758;758;NA;NA;NA;NA;NA;NA;NA;NA;NA;NA;NA
2022-03-18;0-60;30;30,0;30;30;30;30;30;30;30;30;30;30;277;277,0;277;277;277;277;277;277;277;277;277;277;1,000000000000000;1,000000000000000;1,000000000000000;1,000000000000000;1,000000000000000;1,000000000000000;1,000000000000000;1,000000000000000;1,000000000000000;1,000000000000000;1,000000000000000
2022-03-18;60+;89;89,0;89;89;89;89;89;89;89;89;89;89;485;485,0;485;485;485;485;485;485;485;485;485;485;1,000000000000000;1,000000000000000;1,000000000000000;1,000000000000000;1,000000000000000;1,000000000000000;1,000000000000000;1,000000000000000;1,000000000000000;1,000000000000000;1,000000000000000
2022-03-18;alle;119;119,0;119;119;119;119;119;119;119;119;119;119;762;762,0;762;762;762;762;762;762;762;762;762;762;NA;NA;NA;NA;NA;NA;NA;NA;NA;NA;NA
2022-03-17;0-60;55;55,0;55;55;55;55;55;55;55;55;55;55;288;288,0;288;288;288;288;288;288;288;288;288;288;1,000000000000000;1,000000000000000;1,000000000000000;1,000000000000000;1,000000000000000;1,000000000000000;1,000000000000000;1,000000000000000;1,000000000000000;1,000000000000000;1,000000000000000
2022-03-17;60+;84;84,0;84;84;84;84;84;84;84;84;84;84;461;461,0;461;461;461;461;461;461;461;461;461;461;1,000000000000000;1,000000000000000;1,000000000000000;1,000000000000000;1,000000000000000;1,000000000000000;1,000000000000000;1,000000000000000;1,000000000000000;1,000000000000000;1,000000000000000
2022-03-17;alle;139;139,0;139;139;139;139;139;139;139;139;139;139;749;749,0;749;749;749;749;749;749;749;749;749;749;NA;NA;NA;NA;NA;NA;NA;NA;NA;NA;NA
2022-03-16;0-60;56;56,0;56;56;56;56;56;56;56;56;56;56;281;281,0;281;281;281;281;281;281;281;281;281;281;1,000000000000000;1,000000000000000;1,000000000000000;1,000000000000000;1,000000000000000;1,000000000000000;1,000000000000000;1,000000000000000;1,000000000000000;1,000000000000000;1,000000000000000
2022-03-16;60+;79;79,0;79;79;79;79;79;79;79;79;79;79;434;434,0;434;434;434;434;434;434;434;434;434;434;1,000000000000000;1,000000000000000;1,000000000000000;1,000000000000000;1,000000000000000;1,000000000000000;1,000000000000000;1,000000000000000;1,000000000000000;1,000000000000000;1,000000000000000
2022-03-16;alle;135;135,0;135;135;135;135;135;135;135;135;135;135;715;715,0;715;715;715;715;715;715;715;715;715;715;NA;NA;NA;NA;NA;NA;NA;NA;NA;NA;NA
2022-03-15;0-60;58;58,0;58;58;58;58;58;58;58;58;58;58;260;260,0;260;260;260;260;260;260;260;260;260;260;1,000000000000000;1,000000000000000;1,000000000000000;1,000000000000000;1,000000000000000;1,000000000000000;1,000000000000000;1,000000000000000;1,000000000000000;1,000000000000000;1,000000000000000
2022-03-15;60+;83;83,0;83;83;83;83;83;83;83;83;83;83;434;434,0;434;434;434;434;434;434;434;434;434;434;1,000000000000000;1,000000000000000;1,000000000000000;1,000000000000000;1,000000000000000;1,000000000000000;1,000000000000000;1,000000000000000;1,000000000000000;1,000000000000000;1,000000000000000
2022-03-15;alle;141;141,0;141;141;141;141;141;141;141;141;141;141;694;694,0;694;694;694;694;694;694;694;694;694;694;NA;NA;NA;NA;NA;NA;NA;NA;NA;NA;NA
2022-03-14;0-60;16;16,0;16;16;16;16;16;16;16;16;16;16;251;251,0;251;251;251;251;251;251;251;251;251;251;1,000000000000000;1,000000000000000;1,000000000000000;1,000000000000000;1,000000000000000;1,000000000000000;1,000000000000000;1,000000000000000;1,000000000000000;1,000000000000000;1,000000000000000
2022-03-14;60+;26;26,0;26;26;26;26;26;26;26;26;26;26;426;426,0;426;426;426;426;426;426;426;426;426;426;1,000000000000000;1,000000000000000;1,000000000000000;1,000000000000000;1,000000000000000;1,000000000000000;1,000000000000000;1,000000000000000;1,000000000000000;1,000000000000000;1,000000000000000
2022-03-14;alle;42;42,0;42;42;42;42;42;42;42;42;42;42;677;677,0;677;677;677;677;677;677;677;677;677;677;NA;NA;NA;NA;NA;NA;NA;NA;NA;NA;NA
2022-03-13;0-60;26;26,0;26;26;26;26;26;26;26;26;26;26;248;248,0;248;248;248;248;248;248;248;248;248;248;1,000000000000000;1,000000000000000;1,000000000000000;1,000000000000000;1,000000000000000;1,000000000000000;1,000000000000000;1,000000000000000;1,000000000000000;1,000000000000000;1,000000000000000
2022-03-13;60+;28;28,0;28;28;28;28;28;28;28;28;28;28;429;429,0;429;429;429;429;429;429;429;429;429;429;1,000000000000000;1,000000000000000;1,000000000000000;1,000000000000000;1,000000000000000;1,000000000000000;1,000000000000000;1,000000000000000;1,000000000000000;1,000000000000000;1,000000000000000
2022-03-13;alle;54;54,0;54;54;54;54;54;54;54;54;54;54;677;677,0;677;677;677;677;677;677;677;677;677;677;NA;NA;NA;NA;NA;NA;NA;NA;NA;NA;NA
2022-03-12;0-60;36;36,0;36;36;36;36;36;36;36;36;36;36;245;245,0;245;245;245;245;245;245;245;245;245;245;1,000000000000000;1,000000000000000;1,000000000000000;1,000000000000000;1,000000000000000;1,000000000000000;1,000000000000000;1,000000000000000;1,000000000000000;1,000000000000000;1,000000000000000
2022-03-12;60+;96;96,0;96;96;96;96;96;96;96;96;96;96;437;437,0;437;437;437;437;437;437;437;437;437;437;1,000000000000000;1,000000000000000;1,000000000000000;1,000000000000000;1,000000000000000;1,000000000000000;1,000000000000000;1,000000000000000;1,000000000000000;1,000000000000000;1,000000000000000
2022-03-12;alle;132;132,0;132;132;132;132;132;132;132;132;132;132;682;682,0;682;682;682;682;682;682;682;682;682;682;NA;NA;NA;NA;NA;NA;NA;NA;NA;NA;NA
2022-03-11;0-60;41;41,0;41;41;41;41;41;41;41;41;41;41;255;255,0;255;255;255;255;255;255;255;255;255;255;1,000000000000000;1,000000000000000;1,000000000000000;1,000000000000000;1,000000000000000;1,000000000000000;1,000000000000000;1,000000000000000;1,000000000000000;1,000000000000000;1,000000000000000
2022-03-11;60+;65;65,0;65;65;65;65;65;65;65;65;65;65;423;423,0;423;423;423;423;423;423;423;423;423;423;1,000000000000000;1,000000000000000;1,000000000000000;1,000000000000000;1,000000000000000;1,000000000000000;1,000000000000000;1,000000000000000;1,000000000000000;1,000000000000000;1,000000000000000
2022-03-11;alle;106;106,0;106;106;106;106;106;106;106;106;106;106;678;678,0;678;678;678;678;678;678;678;678;678;678;NA;NA;NA;NA;NA;NA;NA;NA;NA;NA;NA
2022-03-10;0-60;48;48,0;48;48;48;48;48;48;48;48;48;48;248;248,0;248;248;248;248;248;248;248;248;248;248;1,000000000000000;1,000000000000000;1,000000000000000;1,000000000000000;1,000000000000000;1,000000000000000;1,000000000000000;1,000000000000000;1,000000000000000;1,000000000000000;1,000000000000000
2022-03-10;60+;57;57,0;57;57;57;57;57;57;57;57;57;57;422;422,0;422;422;422;422;422;422;422;422;422;422;1,000000000000000;1,000000000000000;1,000000000000000;1,000000000000000;1,000000000000000;1,000000000000000;1,000000000000000;1,000000000000000;1,000000000000000;1,000000000000000;1,000000000000000
2022-03-10;alle;105;105,0;105;105;105;105;105;105;105;105;105;105;670;670,0;670;670;670;670;670;670;670;670;670;670;NA;NA;NA;NA;NA;NA;NA;NA;NA;NA;NA
2022-03-09;0-60;35;35,0;35;35;35;35;35;35;35;35;35;35;234;234,0;234;234;234;234;234;234;234;234;234;234;1,000000000000000;1,000000000000000;1,000000000000000;1,000000000000000;1,000000000000000;1,000000000000000;1,000000000000000;1,000000000000000;1,000000000000000;1,000000000000000;1,000000000000000
2022-03-09;60+;79;79,0;79;79;79;79;79;79;79;79;79;79;428;428,0;428;428;428;428;428;428;428;428;428;428;1,000000000000000;1,000000000000000;1,000000000000000;1,000000000000000;1,000000000000000;1,000000000000000;1,000000000000000;1,000000000000000;1,000000000000000;1,000000000000000;1,000000000000000
2022-03-09;alle;114;114,0;114;114;114;114;114;114;114;114;114;114;662;662,0;662;662;662;662;662;662;662;662;662;662;NA;NA;NA;NA;NA;NA;NA;NA;NA;NA;NA
2022-03-08;0-60;49;49,0;49;49;49;49;49;49;49;49;49;49;231;231,0;231;231;231;231;231;231;231;231;231;231;1,000000000000000;1,000000000000000;1,000000000000000;1,000000000000000;1,000000000000000;1,000000000000000;1,000000000000000;1,000000000000000;1,000000000000000;1,000000000000000;1,000000000000000
2022-03-08;60+;75;75,0;75;75;75;75;75;75;75;75;75;75;425;425,0;425;425;425;425;425;425;425;425;425;425;1,000000000000000;1,000000000000000;1,000000000000000;1,000000000000000;1,000000000000000;1,000000000000000;1,000000000000000;1,000000000000000;1,000000000000000;1,000000000000000;1,000000000000000
2022-03-08;alle;124;124,0;124;124;124;124;124;124;124;124;124;124;656;656,0;656;656;656;656;656;656;656;656;656;656;NA;NA;NA;NA;NA;NA;NA;NA;NA;NA;NA
2022-03-07;0-60;13;13,0;13;13;13;13;13;13;13;13;13;13;232;232,0;232;232;232;232;232;232;232;232;232;232;1,000000000000000;1,000000000000000;1,000000000000000;1,000000000000000;1,000000000000000;1,000000000000000;1,000000000000000;1,000000000000000;1,000000000000000;1,000000000000000;1,000000000000000
2022-03-07;60+;29;29,0;29;29;29;29;29;29;29;29;29;29;401;401,0;401;401;401;401;401;401;401;401;401;401;1,000000000000000;1,000000000000000;1,000000000000000;1,000000000000000;1,000000000000000;1,000000000000000;1,000000000000000;1,000000000000000;1,000000000000000;1,000000000000000;1,000000000000000
2022-03-07;alle;42;42,0;42;42;42;42;42;42;42;42;42;42;633;633,0;633;633;633;633;633;633;633;633;633;633;NA;NA;NA;NA;NA;NA;NA;NA;NA;NA;NA
2022-03-06;0-60;23;23,0;23;23;23;23;23;23;23;23;23;23;229;229,0;229;229;229;229;229;229;229;229;229;229;1,000000000000000;1,000000000000000;1,000000000000000;1,000000000000000;1,000000000000000;1,000000000000000;1,000000000000000;1,000000000000000;1,000000000000000;1,000000000000000;1,000000000000000
2022-03-06;60+;36;36,0;36;36;36;36;36;36;36;36;36;36;399;399,0;399;399;399;399;399;399;399;399;399;399;1,000000000000000;1,000000000000000;1,000000000000000;1,000000000000000;1,000000000000000;1,000000000000000;1,000000000000000;1,000000000000000;1,000000000000000;1,000000000000000;1,000000000000000
2022-03-06;alle;59;59,0;59;59;59;59;59;59;59;59;59;59;628;628,0;628;628;628;628;628;628;628;628;628;628;NA;NA;NA;NA;NA;NA;NA;NA;NA;NA;NA
2022-03-05;0-60;46;46,0;46;46;46;46;46;46;46;46;46;46;236;236,0;236;236;236;236;236;236;236;236;236;236;1,000000000000000;1,000000000000000;1,000000000000000;1,000000000000000;1,000000000000000;1,000000000000000;1,000000000000000;1,000000000000000;1,000000000000000;1,000000000000000;1,000000000000000
2022-03-05;60+;82;82,0;82;82;82;82;82;82;82;82;82;82;414;414,0;414;414;414;414;414;414;414;414;414;414;1,000000000000000;1,000000000000000;1,000000000000000;1,000000000000000;1,000000000000000;1,000000000000000;1,000000000000000;1,000000000000000;1,000000000000000;1,000000000000000;1,000000000000000
2022-03-05;alle;128;128,0;128;128;128;128;128;128;128;128;128;128;650;650,0;650;650;650;650;650;650;650;650;650;650;NA;NA;NA;NA;NA;NA;NA;NA;NA;NA;NA
2022-03-04;0-60;34;34,0;34;34;34;34;34;34;34;34;34;34;224;224,0;224;224;224;224;224;224;224;224;224;224;1,000000000000000;1,000000000000000;1,000000000000000;1,000000000000000;1,000000000000000;1,000000000000000;1,000000000000000;1,000000000000000;1,000000000000000;1,000000000000000;1,000000000000000
2022-03-04;60+;64;64,0;64;64;64;64;64;64;64;64;64;64;401;401,0;401;401;401;401;401;401;401;401;401;401;1,000000000000000;1,000000000000000;1,000000000000000;1,000000000000000;1,000000000000000;1,000000000000000;1,000000000000000;1,000000000000000;1,000000000000000;1,000000000000000;1,000000000000000
2022-03-04;alle;98;98,0;98;98;98;98;98;98;98;98;98;98;625;625,0;625;625;625;625;625;625;625;625;625;625;NA;NA;NA;NA;NA;NA;NA;NA;NA;NA;NA
2022-03-03;0-60;34;34,0;34;34;34;34;34;34;34;34;34;34;239;239,0;239;239;239;239;239;239;239;239;239;239;1,000000000000000;1,000000000000000;1,000000000000000;1,000000000000000;1,000000000000000;1,000000000000000;1,000000000000000;1,000000000000000;1,000000000000000;1,000000000000000;1,000000000000000
2022-03-03;60+;63;63,0;63;63;63;63;63;63;63;63;63;63;417;417,0;417;417;417;417;417;417;417;417;417;417;1,000000000000000;1,000000000000000;1,000000000000000;1,000000000000000;1,000000000000000;1,000000000000000;1,000000000000000;1,000000000000000;1,000000000000000;1,000000000000000;1,000000000000000
2022-03-03;alle;97;97,0;97;97;97;97;97;97;97;97;97;97;656;656,0;656;656;656;656;656;656;656;656;656;656;NA;NA;NA;NA;NA;NA;NA;NA;NA;NA;NA
2022-03-02;0-60;32;32,0;32;32;32;32;32;32;32;32;32;32;251;251,0;251;251;251;251;251;251;251;251;251;251;1,000000000000000;1,000000000000000;1,000000000000000;1,000000000000000;1,000000000000000;1,000000000000000;1,000000000000000;1,000000000000000;1,000000000000000;1,000000000000000;1,000000000000000
2022-03-02;60+;76;76,0;76;76;76;76;76;76;76;76;76;76;444;444,0;444;444;444;444;444;444;444;444;444;444;1,000000000000000;1,000000000000000;1,000000000000000;1,000000000000000;1,000000000000000;1,000000000000000;1,000000000000000;1,000000000000000;1,000000000000000;1,000000000000000;1,000000000000000
2022-03-02;alle;108;108,0;108;108;108;108;108;108;108;108;108;108;695;695,0;695;695;695;695;695;695;695;695;695;695;NA;NA;NA;NA;NA;NA;NA;NA;NA;NA;NA
2022-03-01;0-60;50;50,0;50;50;50;50;50;50;50;50;50;50;257;257,0;257;257;257;257;257;257;257;257;257;257;1,000000000000000;1,000000000000000;1,000000000000000;1,000000000000000;1,000000000000000;1,000000000000000;1,000000000000000;1,000000000000000;1,000000000000000;1,000000000000000;1,000000000000000
2022-03-01;60+;51;51,0;51;51;51;51;51;51;51;51;51;51;450;450,0;450;450;450;450;450;450;450;450;450;450;1,000000000000000;1,000000000000000;1,000000000000000;1,000000000000000;1,000000000000000;1,000000000000000;1,000000000000000;1,000000000000000;1,000000000000000;1,000000000000000;1,000000000000000
2022-03-01;alle;101;101,0;101;101;101;101;101;101;101;101;101;101;707;707,0;707;707;707;707;707;707;707;707;707;707;NA;NA;NA;NA;NA;NA;NA;NA;NA;NA;NA
2022-02-28;0-60;10;10,0;10;10;10;10;10;10;10;10;10;10;257;257,0;257;257;257;257;257;257;257;257;257;257;1,000000000000000;1,000000000000000;1,000000000000000;1,000000000000000;1,000000000000000;1,000000000000000;1,000000000000000;1,000000000000000;1,000000000000000;1,000000000000000;1,000000000000000
2022-02-28;60+;27;27,0;27;27;27;27;27;27;27;27;27;27;481;481,0;481;481;481;481;481;481;481;481;481;481;1,000000000000000;1,000000000000000;1,000000000000000;1,000000000000000;1,000000000000000;1,000000000000000;1,000000000000000;1,000000000000000;1,000000000000000;1,000000000000000;1,000000000000000
2022-02-28;alle;37;37,0;37;37;37;37;37;37;37;37;37;37;738;738,0;738;738;738;738;738;738;738;738;738;738;NA;NA;NA;NA;NA;NA;NA;NA;NA;NA;NA
2022-02-27;0-60;30;30,0;30;30;30;30;30;30;30;30;30;30;257;257,0;257;257;257;257;257;257;257;257;257;257;1,000000000000000;1,000000000000000;1,000000000000000;1,000000000000000;1,000000000000000;1,000000000000000;1,000000000000000;1,000000000000000;1,000000000000000;1,000000000000000;1,000000000000000
2022-02-27;60+;51;51,0;51;51;51;51;51;51;51;51;51;51;491;491,0;491;491;491;491;491;491;491;491;491;491;1,000000000000000;1,000000000000000;1,000000000000000;1,000000000000000;1,000000000000000;1,000000000000000;1,000000000000000;1,000000000000000;1,000000000000000;1,000000000000000;1,000000000000000
2022-02-27;alle;81;81,0;81;81;81;81;81;81;81;81;81;81;748;748,0;748;748;748;748;748;748;748;748;748;748;NA;NA;NA;NA;NA;NA;NA;NA;NA;NA;NA
2022-02-26;0-60;34;34,0;34;34;34;34;34;34;34;34;34;34;246;246,0;246;246;246;246;246;246;246;246;246;246;1,000000000000000;1,000000000000000;1,000000000000000;1,000000000000000;1,000000000000000;1,000000000000000;1,000000000000000;1,000000000000000;1,000000000000000;1,000000000000000;1,000000000000000
2022-02-26;60+;69;69,0;69;69;69;69;69;69;69;69;69;69;480;480,0;480;480;480;480;480;480;480;480;480;480;1,000000000000000;1,000000000000000;1,000000000000000;1,000000000000000;1,000000000000000;1,000000000000000;1,000000000000000;1,000000000000000;1,000000000000000;1,000000000000000;1,000000000000000
2022-02-26;alle;103;103,0;103;103;103;103;103;103;103;103;103;103;726;726,0;726;726;726;726;726;726;726;726;726;726;NA;NA;NA;NA;NA;NA;NA;NA;NA;NA;NA
2022-02-25;0-60;49;49,0;49;49;49;49;49;49;49;49;49;49;250;250,0;250;250;250;250;250;250;250;250;250;250;1,000000000000000;1,000000000000000;1,000000000000000;1,000000000000000;1,000000000000000;1,000000000000000;1,000000000000000;1,000000000000000;1,000000000000000;1,000000000000000;1,000000000000000
2022-02-25;60+;80;80,0;80;80;80;80;80;80;80;80;80;80;473;473,0;473;473;473;473;473;473;473;473;473;473;1,000000000000000;1,000000000000000;1,000000000000000;1,000000000000000;1,000000000000000;1,000000000000000;1,000000000000000;1,000000000000000;1,000000000000000;1,000000000000000;1,000000000000000
2022-02-25;alle;129;129,0;129;129;129;129;129;129;129;129;129;129;723;723,0;723;723;723;723;723;723;723;723;723;723;NA;NA;NA;NA;NA;NA;NA;NA;NA;NA;NA
2022-02-24;0-60;46;46,0;46;46;46;46;46;46;46;46;46;46;259;259,0;259;259;259;259;259;259;259;259;259;259;1,000000000000000;1,000000000000000;1,000000000000000;1,000000000000000;1,000000000000000;1,000000000000000;1,000000000000000;1,000000000000000;1,000000000000000;1,000000000000000;1,000000000000000
2022-02-24;60+;90;90,0;90;90;90;90;90;90;90;90;90;90;468;468,0;468;468;468;468;468;468;468;468;468;468;1,000000000000000;1,000000000000000;1,000000000000000;1,000000000000000;1,000000000000000;1,000000000000000;1,000000000000000;1,000000000000000;1,000000000000000;1,000000000000000;1,000000000000000
2022-02-24;alle;136;136,0;136;136;136;136;136;136;136;136;136;136;727;727,0;727;727;727;727;727;727;727;727;727;727;NA;NA;NA;NA;NA;NA;NA;NA;NA;NA;NA
2022-02-23;0-60;38;38,0;38;38;38;38;38;38;38;38;38;38;243;243,0;243;243;243;243;243;243;243;243;243;243;1,000000000000000;1,000000000000000;1,000000000000000;1,000000000000000;1,000000000000000;1,000000000000000;1,000000000000000;1,000000000000000;1,000000000000000;1,000000000000000;1,000000000000000
2022-02-23;60+;82;82,0;82;82;82;82;82;82;82;82;82;82;455;455,0;455;455;455;455;455;455;455;455;455;455;1,000000000000000;1,000000000000000;1,000000000000000;1,000000000000000;1,000000000000000;1,000000000000000;1,000000000000000;1,000000000000000;1,000000000000000;1,000000000000000;1,000000000000000
2022-02-23;alle;120;120,0;120;120;120;120;120;120;120;120;120;120;698;698,0;698;698;698;698;698;698;698;698;698;698;NA;NA;NA;NA;NA;NA;NA;NA;NA;NA;NA
2022-02-22;0-60;50;50,0;50;50;50;50;50;50;50;50;50;50;255;255,0;255;255;255;255;255;255;255;255;255;255;1,000000000000000;1,000000000000000;1,000000000000000;1,000000000000000;1,000000000000000;1,000000000000000;1,000000000000000;1,000000000000000;1,000000000000000;1,000000000000000;1,000000000000000
2022-02-22;60+;82;82,0;82;82;82;82;82;82;82;82;82;82;474;474,0;474;474;474;474;474;474;474;474;474;474;1,000000000000000;1,000000000000000;1,000000000000000;1,000000000000000;1,000000000000000;1,000000000000000;1,000000000000000;1,000000000000000;1,000000000000000;1,000000000000000;1,000000000000000
2022-02-22;alle;132;132,0;132;132;132;132;132;132;132;132;132;132;729;729,0;729;729;729;729;729;729;729;729;729;729;NA;NA;NA;NA;NA;NA;NA;NA;NA;NA;NA
2022-02-21;0-60;10;10,0;10;10;10;10;10;10;10;10;10;10;266;266,0;266;266;266;266;266;266;266;266;266;266;1,000000000000000;1,000000000000000;1,000000000000000;1,000000000000000;1,000000000000000;1,000000000000000;1,000000000000000;1,000000000000000;1,000000000000000;1,000000000000000;1,000000000000000
2022-02-21;60+;37;37,0;37;37;37;37;37;37;37;37;37;37;484;484,0;484;484;484;484;484;484;484;484;484;484;1,000000000000000;1,000000000000000;1,000000000000000;1,000000000000000;1,000000000000000;1,000000000000000;1,000000000000000;1,000000000000000;1,000000000000000;1,000000000000000;1,000000000000000
2022-02-21;alle;47;47,0;47;47;47;47;47;47;47;47;47;47;750;750,0;750;750;750;750;750;750;750;750;750;750;NA;NA;NA;NA;NA;NA;NA;NA;NA;NA;NA
2022-02-20;0-60;19;19,0;19;19;19;19;19;19;19;19;19;19;275;275,0;275;275;275;275;275;275;275;275;275;275;1,000000000000000;1,000000000000000;1,000000000000000;1,000000000000000;1,000000000000000;1,000000000000000;1,000000000000000;1,000000000000000;1,000000000000000;1,000000000000000;1,000000000000000
2022-02-20;60+;40;40,0;40;40;40;40;40;40;40;40;40;40;478;478,0;478;478;478;478;478;478;478;478;478;478;1,000000000000000;1,000000000000000;1,000000000000000;1,000000000000000;1,000000000000000;1,000000000000000;1,000000000000000;1,000000000000000;1,000000000000000;1,000000000000000;1,000000000000000
2022-02-20;alle;59;59,0;59;59;59;59;59;59;59;59;59;59;753;753,0;753;753;753;753;753;753;753;753;753;753;NA;NA;NA;NA;NA;NA;NA;NA;NA;NA;NA
2022-02-19;0-60;38;38,0;38;38;38;38;38;38;38;38;38;38;281;281,0;281;281;281;281;281;281;281;281;281;281;1,000000000000000;1,000000000000000;1,000000000000000;1,000000000000000;1,000000000000000;1,000000000000000;1,000000000000000;1,000000000000000;1,000000000000000;1,000000000000000;1,000000000000000
2022-02-19;60+;62;62,0;62;62;62;62;62;62;62;62;62;62;481;481,0;481;481;481;481;481;481;481;481;481;481;1,000000000000000;1,000000000000000;1,000000000000000;1,000000000000000;1,000000000000000;1,000000000000000;1,000000000000000;1,000000000000000;1,000000000000000;1,000000000000000;1,000000000000000
2022-02-19;alle;100;100,0;100;100;100;100;100;100;100;100;100;100;762;762,0;762;762;762;762;762;762;762;762;762;762;NA;NA;NA;NA;NA;NA;NA;NA;NA;NA;NA
2022-02-18;0-60;58;58,0;58;58;58;58;58;58;58;58;58;58;296;296,0;296;296;296;296;296;296;296;296;296;296;1,000000000000000;1,000000000000000;1,000000000000000;1,000000000000000;1,000000000000000;1,000000000000000;1,000000000000000;1,000000000000000;1,000000000000000;1,000000000000000;1,000000000000000
2022-02-18;60+;75;75,0;75;75;75;75;75;75;75;75;75;75;501;501,0;501;501;501;501;501;501;501;501;501;501;1,000000000000000;1,000000000000000;1,000000000000000;1,000000000000000;1,000000000000000;1,000000000000000;1,000000000000000;1,000000000000000;1,000000000000000;1,000000000000000;1,000000000000000
2022-02-18;alle;133;133,0;133;133;133;133;133;133;133;133;133;133;797;797,0;797;797;797;797;797;797;797;797;797;797;NA;NA;NA;NA;NA;NA;NA;NA;NA;NA;NA
2022-02-17;0-60;30;30,0;30;30;30;30;30;30;30;30;30;30;291;291,0;291;291;291;291;291;291;291;291;291;291;1,000000000000000;1,000000000000000;1,000000000000000;1,000000000000000;1,000000000000000;1,000000000000000;1,000000000000000;1,000000000000000;1,000000000000000;1,000000000000000;1,000000000000000
2022-02-17;60+;77;77,0;77;77;77;77;77;77;77;77;77;77;506;506,0;506;506;506;506;506;506;506;506;506;506;1,000000000000000;1,000000000000000;1,000000000000000;1,000000000000000;1,000000000000000;1,000000000000000;1,000000000000000;1,000000000000000;1,000000000000000;1,000000000000000;1,000000000000000
2022-02-17;alle;107;107,0;107;107;107;107;107;107;107;107;107;107;797;797,0;797;797;797;797;797;797;797;797;797;797;NA;NA;NA;NA;NA;NA;NA;NA;NA;NA;NA
2022-02-16;0-60;50;50,0;50;50;50;50;50;50;50;50;50;50;339;339,0;339;339;339;339;339;339;339;339;339;339;1,000000000000000;1,000000000000000;1,000000000000000;1,000000000000000;1,000000000000000;1,000000000000000;1,000000000000000;1,000000000000000;1,000000000000000;1,000000000000000;1,000000000000000
2022-02-16;60+;101;101,0;101;101;101;101;101;101;101;101;101;101;523;523,0;523;523;523;523;523;523;523;523;523;523;1,000000000000000;1,000000000000000;1,000000000000000;1,000000000000000;1,000000000000000;1,000000000000000;1,000000000000000;1,000000000000000;1,000000000000000;1,000000000000000;1,000000000000000
2022-02-16;alle;151;151,0;151;151;151;151;151;151;151;151;151;151;862;862,0;862;862;862;862;862;862;862;862;862;862;NA;NA;NA;NA;NA;NA;NA;NA;NA;NA;NA
2022-02-15;0-60;61;61,0;61;61;61;61;61;61;61;61;61;61;370;370,0;370;370;370;370;370;370;370;370;370;370;1,000000000000000;1,000000000000000;1,000000000000000;1,000000000000000;1,000000000000000;1,000000000000000;1,000000000000000;1,000000000000000;1,000000000000000;1,000000000000000;1,000000000000000
2022-02-15;60+;92;92,0;92;92;92;92;92;92;92;92;92;92;515;515,0;515;515;515;515;515;515;515;515;515;515;1,000000000000000;1,000000000000000;1,000000000000000;1,000000000000000;1,000000000000000;1,000000000000000;1,000000000000000;1,000000000000000;1,000000000000000;1,000000000000000;1,000000000000000
2022-02-15;alle;153;153,0;153;153;153;153;153;153;153;153;153;153;885;885,0;885;885;885;885;885;885;885;885;885;885;NA;NA;NA;NA;NA;NA;NA;NA;NA;NA;NA
2022-02-14;0-60;19;19,0;19;19;19;19;19;19;19;19;19;19;388;388,0;388;388;388;388;388;388;388;388;388;388;1,000000000000000;1,000000000000000;1,000000000000000;1,000000000000000;1,000000000000000;1,000000000000000;1,000000000000000;1,000000000000000;1,000000000000000;1,000000000000000;1,000000000000000
2022-02-14;60+;31;31,0;31;31;31;31;31;31;31;31;31;31;509;509,0;509;509;509;509;509;509;509;509;509;509;1,000000000000000;1,000000000000000;1,000000000000000;1,000000000000000;1,000000000000000;1,000000000000000;1,000000000000000;1,000000000000000;1,000000000000000;1,000000000000000;1,000000000000000
2022-02-14;alle;50;50,0;50;50;50;50;50;50;50;50;50;50;897;897,0;897;897;897;897;897;897;897;897;897;897;NA;NA;NA;NA;NA;NA;NA;NA;NA;NA;NA
2022-02-13;0-60;25;25,0;25;25;25;25;25;25;25;25;25;25;387;387,0;387;387;387;387;387;387;387;387;387;387;1,000000000000000;1,000000000000000;1,000000000000000;1,000000000000000;1,000000000000000;1,000000000000000;1,000000000000000;1,000000000000000;1,000000000000000;1,000000000000000;1,000000000000000
2022-02-13;60+;43;43,0;43;43;43;43;43;43;43;43;43;43;501;501,0;501;501;501;501;501;501;501;501;501;501;1,000000000000000;1,000000000000000;1,000000000000000;1,000000000000000;1,000000000000000;1,000000000000000;1,000000000000000;1,000000000000000;1,000000000000000;1,000000000000000;1,000000000000000
2022-02-13;alle;68;68,0;68;68;68;68;68;68;68;68;68;68;888;888,0;888;888;888;888;888;888;888;888;888;888;NA;NA;NA;NA;NA;NA;NA;NA;NA;NA;NA
2022-02-12;0-60;53;53,0;53;53;53;53;53;53;53;53;53;53;402;402,0;402;402;402;402;402;402;402;402;402;402;1,000000000000000;1,000000000000000;1,000000000000000;1,000000000000000;1,000000000000000;1,000000000000000;1,000000000000000;1,000000000000000;1,000000000000000;1,000000000000000;1,000000000000000
2022-02-12;60+;82;82,0;82;82;82;82;82;82;82;82;82;82;502;502,0;502;502;502;502;502;502;502;502;502;502;1,000000000000000;1,000000000000000;1,000000000000000;1,000000000000000;1,000000000000000;1,000000000000000;1,000000000000000;1,000000000000000;1,000000000000000;1,000000000000000;1,000000000000000
2022-02-12;alle;135;135,0;135;135;135;135;135;135;135;135;135;135;904;904,0;904;904;904;904;904;904;904;904;904;904;NA;NA;NA;NA;NA;NA;NA;NA;NA;NA;NA
2022-02-11;0-60;53;53,0;53;53;53;53;53;53;53;53;53;53;406;406,0;406;406;406;406;406;406;406;406;406;406;1,000000000000000;1,000000000000000;1,000000000000000;1,000000000000000;1,000000000000000;1,000000000000000;1,000000000000000;1,000000000000000;1,000000000000000;1,000000000000000;1,000000000000000
2022-02-11;60+;80;80,0;80;80;80;80;80;80;80;80;80;80;504;504,0;504;504;504;504;504;504;504;504;504;504;1,000000000000000;1,000000000000000;1,000000000000000;1,000000000000000;1,000000000000000;1,000000000000000;1,000000000000000;1,000000000000000;1,000000000000000;1,000000000000000;1,000000000000000
2022-02-11;alle;133;133,0;133;133;133;133;133;133;133;133;133;133;910;910,0;910;910;910;910;910;910;910;910;910;910;NA;NA;NA;NA;NA;NA;NA;NA;NA;NA;NA
2022-02-10;0-60;78;78,0;78;78;78;78;78;78;78;78;78;78;427;427,0;427;427;427;427;427;427;427;427;427;427;1,000000000000000;1,000000000000000;1,000000000000000;1,000000000000000;1,000000000000000;1,000000000000000;1,000000000000000;1,000000000000000;1,000000000000000;1,000000000000000;1,000000000000000
2022-02-10;60+;94;94,0;94;94;94;94;94;94;94;94;94;94;503;503,0;503;503;503;503;503;503;503;503;503;503;1,000000000000000;1,000000000000000;1,000000000000000;1,000000000000000;1,000000000000000;1,000000000000000;1,000000000000000;1,000000000000000;1,000000000000000;1,000000000000000;1,000000000000000
2022-02-10;alle;172;172,0;172;172;172;172;172;172;172;172;172;172;930;930,0;930;930;930;930;930;930;930;930;930;930;NA;NA;NA;NA;NA;NA;NA;NA;NA;NA;NA
2022-02-09;0-60;81;81,0;81;81;81;81;81;81;81;81;81;81;425;425,0;425;425;425;425;425;425;425;425;425;425;1,000000000000000;1,000000000000000;1,000000000000000;1,000000000000000;1,000000000000000;1,000000000000000;1,000000000000000;1,000000000000000;1,000000000000000;1,000000000000000;1,000000000000000
2022-02-09;60+;93;93,0;93;93;93;93;93;93;93;93;93;93;504;504,0;504;504;504;504;504;504;504;504;504;504;1,000000000000000;1,000000000000000;1,000000000000000;1,000000000000000;1,000000000000000;1,000000000000000;1,000000000000000;1,000000000000000;1,000000000000000;1,000000000000000;1,000000000000000
2022-02-09;alle;174;174,0;174;174;174;174;174;174;174;174;174;174;929;929,0;929;929;929;929;929;929;929;929;929;929;NA;NA;NA;NA;NA;NA;NA;NA;NA;NA;NA
2022-02-08;0-60;79;79,0;79;79;79;79;79;79;79;79;79;79;412;412,0;412;412;412;412;412;412;412;412;412;412;1,000000000000000;1,000000000000000;1,000000000000000;1,000000000000000;1,000000000000000;1,000000000000000;1,000000000000000;1,000000000000000;1,000000000000000;1,000000000000000;1,000000000000000
2022-02-08;60+;86;86,0;86;86;86;86;86;86;86;86;86;86;485;485,0;485;485;485;485;485;485;485;485;485;485;1,000000000000000;1,000000000000000;1,000000000000000;1,000000000000000;1,000000000000000;1,000000000000000;1,000000000000000;1,000000000000000;1,000000000000000;1,000000000000000;1,000000000000000
2022-02-08;alle;165;165,0;165;165;165;165;165;165;165;165;165;165;897;897,0;897;897;897;897;897;897;897;897;897;897;NA;NA;NA;NA;NA;NA;NA;NA;NA;NA;NA
2022-02-07;0-60;18;18,0;18;18;18;18;18;18;18;18;18;18;400;400,0;400;400;400;400;400;400;400;400;400;400;1,000000000000000;1,000000000000000;1,000000000000000;1,000000000000000;1,000000000000000;1,000000000000000;1,000000000000000;1,000000000000000;1,000000000000000;1,000000000000000;1,000000000000000
2022-02-07;60+;23;23,0;23;23;23;23;23;23;23;23;23;23;451;451,0;451;451;451;451;451;451;451;451;451;451;1,000000000000000;1,000000000000000;1,000000000000000;1,000000000000000;1,000000000000000;1,000000000000000;1,000000000000000;1,000000000000000;1,000000000000000;1,000000000000000;1,000000000000000
2022-02-07;alle;41;41,0;41;41;41;41;41;41;41;41;41;41;851;851,0;851;851;851;851;851;851;851;851;851;851;NA;NA;NA;NA;NA;NA;NA;NA;NA;NA;NA
2022-02-06;0-60;40;40,0;40;40;40;40;40;40;40;40;40;40;422;422,0;422;422;422;422;422;422;422;422;422;422;1,000000000000000;1,000000000000000;1,000000000000000;1,000000000000000;1,000000000000000;1,000000000000000;1,000000000000000;1,000000000000000;1,000000000000000;1,000000000000000;1,000000000000000
2022-02-06;60+;44;44,0;44;44;44;44;44;44;44;44;44;44;457;457,0;457;457;457;457;457;457;457;457;457;457;1,000000000000000;1,000000000000000;1,000000000000000;1,000000000000000;1,000000000000000;1,000000000000000;1,000000000000000;1,000000000000000;1,000000000000000;1,000000000000000;1,000000000000000
2022-02-06;alle;84;84,0;84;84;84;84;84;84;84;84;84;84;879;879,0;879;879;879;879;879;879;879;879;879;879;NA;NA;NA;NA;NA;NA;NA;NA;NA;NA;NA
2022-02-05;0-60;57;57,0;57;57;57;57;57;57;57;57;57;57;435;435,0;435;435;435;435;435;435;435;435;435;435;1,000000000000000;1,000000000000000;1,000000000000000;1,000000000000000;1,000000000000000;1,000000000000000;1,000000000000000;1,000000000000000;1,000000000000000;1,000000000000000;1,000000000000000
2022-02-05;60+;84;84,0;84;84;84;84;84;84;84;84;84;84;439;439,0;439;439;439;439;439;439;439;439;439;439;1,000000000000000;1,000000000000000;1,000000000000000;1,000000000000000;1,000000000000000;1,000000000000000;1,000000000000000;1,000000000000000;1,000000000000000;1,000000000000000;1,000000000000000
2022-02-05;alle;141;141,0;141;141;141;141;141;141;141;141;141;141;874;874,0;874;874;874;874;874;874;874;874;874;874;NA;NA;NA;NA;NA;NA;NA;NA;NA;NA;NA
2022-02-04;0-60;74;74,0;74;74;74;74;74;74;74;74;74;74;443;443,0;443;443;443;443;443;443;443;443;443;443;1,000000000000000;1,000000000000000;1,000000000000000;1,000000000000000;1,000000000000000;1,000000000000000;1,000000000000000;1,000000000000000;1,000000000000000;1,000000000000000;1,000000000000000
2022-02-04;60+;79;79,0;79;79;79;79;79;79;79;79;79;79;425;425,0;425;425;425;425;425;425;425;425;425;425;1,000000000000000;1,000000000000000;1,000000000000000;1,000000000000000;1,000000000000000;1,000000000000000;1,000000000000000;1,000000000000000;1,000000000000000;1,000000000000000;1,000000000000000
2022-02-04;alle;153;153,0;153;153;153;153;153;153;153;153;153;153;868;868,0;868;868;868;868;868;868;868;868;868;868;NA;NA;NA;NA;NA;NA;NA;NA;NA;NA;NA
2022-02-03;0-60;76;76,0;76;76;76;76;76;76;76;76;76;76;448;448,0;448;448;448;448;448;448;448;448;448;448;1,000000000000000;1,000000000000000;1,000000000000000;1,000000000000000;1,000000000000000;1,000000000000000;1,000000000000000;1,000000000000000;1,000000000000000;1,000000000000000;1,000000000000000
2022-02-03;60+;95;95,0;95;95;95;95;95;95;95;95;95;95;393;393,0;393;393;393;393;393;393;393;393;393;393;1,000000000000000;1,000000000000000;1,000000000000000;1,000000000000000;1,000000000000000;1,000000000000000;1,000000000000000;1,000000000000000;1,000000000000000;1,000000000000000;1,000000000000000
2022-02-03;alle;171;171,0;171;171;171;171;171;171;171;171;171;171;841;841,0;841;841;841;841;841;841;841;841;841;841;NA;NA;NA;NA;NA;NA;NA;NA;NA;NA;NA
2022-02-02;0-60;68;68,0;68;68;68;68;68;68;68;68;68;68;431;431,0;431;431;431;431;431;431;431;431;431;431;1,000000000000000;1,000000000000000;1,000000000000000;1,000000000000000;1,000000000000000;1,000000000000000;1,000000000000000;1,000000000000000;1,000000000000000;1,000000000000000;1,000000000000000
2022-02-02;60+;74;74,0;74;74;74;74;74;74;74;74;74;74;353;353,0;353;353;353;353;353;353;353;353;353;353;1,000000000000000;1,000000000000000;1,000000000000000;1,000000000000000;1,000000000000000;1,000000000000000;1,000000000000000;1,000000000000000;1,000000000000000;1,000000000000000;1,000000000000000
2022-02-02;alle;142;142,0;142;142;142;142;142;142;142;142;142;142;784;784,0;784;784;784;784;784;784;784;784;784;784;NA;NA;NA;NA;NA;NA;NA;NA;NA;NA;NA
2022-02-01;0-60;67;67,0;67;67;67;67;67;67;67;67;67;67;432;432,0;432;432;432;432;432;432;432;432;432;432;1,000000000000000;1,000000000000000;1,000000000000000;1,000000000000000;1,000000000000000;1,000000000000000;1,000000000000000;1,000000000000000;1,000000000000000;1,000000000000000;1,000000000000000
2022-02-01;60+;52;52,0;52;52;52;52;52;52;52;52;52;52;316;316,0;316;316;316;316;316;316;316;316;316;316;1,000000000000000;1,000000000000000;1,000000000000000;1,000000000000000;1,000000000000000;1,000000000000000;1,000000000000000;1,000000000000000;1,000000000000000;1,000000000000000;1,000000000000000
2022-02-01;alle;119;119,0;119;119;119;119;119;119;119;119;119;119;748;748,0;748;748;748;748;748;748;748;748;748;748;NA;NA;NA;NA;NA;NA;NA;NA;NA;NA;NA
2022-01-31;0-60;40;40,0;40;40;40;40;40;40;40;40;40;40;444;444,0;444;444;444;444;444;444;444;444;444;444;1,000000000000000;1,000000000000000;1,000000000000000;1,000000000000000;1,000000000000000;1,000000000000000;1,000000000000000;1,000000000000000;1,000000000000000;1,000000000000000;1,000000000000000
2022-01-31;60+;29;29,0;29;29;29;29;29;29;29;29;29;29;324;324,0;324;324;324;324;324;324;324;324;324;324;1,000000000000000;1,000000000000000;1,000000000000000;1,000000000000000;1,000000000000000;1,000000000000000;1,000000000000000;1,000000000000000;1,000000000000000;1,000000000000000;1,000000000000000
2022-01-31;alle;69;69,0;69;69;69;69;69;69;69;69;69;69;768;768,0;768;768;768;768;768;768;768;768;768;768;NA;NA;NA;NA;NA;NA;NA;NA;NA;NA;NA
2022-01-30;0-60;53;53,0;53;53;53;53;53;53;53;53;53;53;424;424,0;424;424;424;424;424;424;424;424;424;424;1,000000000000000;1,000000000000000;1,000000000000000;1,000000000000000;1,000000000000000;1,000000000000000;1,000000000000000;1,000000000000000;1,000000000000000;1,000000000000000;1,000000000000000
2022-01-30;60+;26;26,0;26;26;26;26;26;26;26;26;26;26;316;316,0;316;316;316;316;316;316;316;316;316;316;1,000000000000000;1,000000000000000;1,000000000000000;1,000000000000000;1,000000000000000;1,000000000000000;1,000000000000000;1,000000000000000;1,000000000000000;1,000000000000000;1,000000000000000
2022-01-30;alle;79;79,0;79;79;79;79;79;79;79;79;79;79;740;740,0;740;740;740;740;740;740;740;740;740;740;NA;NA;NA;NA;NA;NA;NA;NA;NA;NA;NA
2022-01-29;0-60;65;65,0;65;65;65;65;65;65;65;65;65;65;395;395,0;395;395;395;395;395;395;395;395;395;395;1,000000000000000;1,000000000000000;1,000000000000000;1,000000000000000;1,000000000000000;1,000000000000000;1,000000000000000;1,000000000000000;1,000000000000000;1,000000000000000;1,000000000000000
2022-01-29;60+;70;70,0;70;70;70;70;70;70;70;70;70;70;318;318,0;318;318;318;318;318;318;318;318;318;318;1,000000000000000;1,000000000000000;1,000000000000000;1,000000000000000;1,000000000000000;1,000000000000000;1,000000000000000;1,000000000000000;1,000000000000000;1,000000000000000;1,000000000000000
2022-01-29;alle;135;135,0;135;135;135;135;135;135;135;135;135;135;713;713,0;713;713;713;713;713;713;713;713;713;713;NA;NA;NA;NA;NA;NA;NA;NA;NA;NA;NA
2022-01-28;0-60;79;79,0;79;79;79;79;79;79;79;79;79;79;385;385,0;385;385;385;385;385;385;385;385;385;385;1,000000000000000;1,000000000000000;1,000000000000000;1,000000000000000;1,000000000000000;1,000000000000000;1,000000000000000;1,000000000000000;1,000000000000000;1,000000000000000;1,000000000000000
2022-01-28;60+;47;47,0;47;47;47;47;47;47;47;47;47;47;287;287,0;287;287;287;287;287;287;287;287;287;287;1,000000000000000;1,000000000000000;1,000000000000000;1,000000000000000;1,000000000000000;1,000000000000000;1,000000000000000;1,000000000000000;1,000000000000000;1,000000000000000;1,000000000000000
2022-01-28;alle;126;126,0;126;126;126;126;126;126;126;126;126;126;672;672,0;672;672;672;672;672;672;672;672;672;672;NA;NA;NA;NA;NA;NA;NA;NA;NA;NA;NA
2022-01-27;0-60;59;59,0;59;59;59;59;59;59;59;59;59;59;364;364,0;364;364;364;364;364;364;364;364;364;364;1,000000000000000;1,000000000000000;1,000000000000000;1,000000000000000;1,000000000000000;1,000000000000000;1,000000000000000;1,000000000000000;1,000000000000000;1,000000000000000;1,000000000000000
2022-01-27;60+;55;55,0;55;55;55;55;55;55;55;55;55;55;274;274,0;274;274;274;274;274;274;274;274;274;274;1,000000000000000;1,000000000000000;1,000000000000000;1,000000000000000;1,000000000000000;1,000000000000000;1,000000000000000;1,000000000000000;1,000000000000000;1,000000000000000;1,000000000000000
2022-01-27;alle;114;114,0;114;114;114;114;114;114;114;114;114;114;638;638,0;638;638;638;638;638;638;638;638;638;638;NA;NA;NA;NA;NA;NA;NA;NA;NA;NA;NA
2022-01-26;0-60;69;69,0;69;69;69;69;69;69;69;69;69;69;351;351,0;351;351;351;351;351;351;351;351;351;351;1,000000000000000;1,000000000000000;1,000000000000000;1,000000000000000;1,000000000000000;1,000000000000000;1,000000000000000;1,000000000000000;1,000000000000000;1,000000000000000;1,000000000000000
2022-01-26;60+;37;37,0;37;37;37;37;37;37;37;37;37;37;253;253,0;253;253;253;253;253;253;253;253;253;253;1,000000000000000;1,000000000000000;1,000000000000000;1,000000000000000;1,000000000000000;1,000000000000000;1,000000000000000;1,000000000000000;1,000000000000000;1,000000000000000;1,000000000000000
2022-01-26;alle;106;106,0;106;106;106;106;106;106;106;106;106;106;604;604,0;604;604;604;604;604;604;604;604;604;604;NA;NA;NA;NA;NA;NA;NA;NA;NA;NA;NA
2022-01-25;0-60;79;79,0;79;79;79;79;79;79;79;79;79;79;333;333,0;333;333;333;333;333;333;333;333;333;333;1,000000000000000;1,000000000000000;1,000000000000000;1,000000000000000;1,000000000000000;1,000000000000000;1,000000000000000;1,000000000000000;1,000000000000000;1,000000000000000;1,000000000000000
2022-01-25;60+;60;60,0;60;60;60;60;60;60;60;60;60;60;255;255,0;255;255;255;255;255;255;255;255;255;255;1,000000000000000;1,000000000000000;1,000000000000000;1,000000000000000;1,000000000000000;1,000000000000000;1,000000000000000;1,000000000000000;1,000000000000000;1,000000000000000;1,000000000000000
2022-01-25;alle;139;139,0;139;139;139;139;139;139;139;139;139;139;588;588,0;588;588;588;588;588;588;588;588;588;588;NA;NA;NA;NA;NA;NA;NA;NA;NA;NA;NA
2022-01-24;0-60;20;20,0;20;20;20;20;20;20;20;20;20;20;314;314,0;314;314;314;314;314;314;314;314;314;314;1,000000000000000;1,000000000000000;1,000000000000000;1,000000000000000;1,000000000000000;1,000000000000000;1,000000000000000;1,000000000000000;1,000000000000000;1,000000000000000;1,000000000000000
2022-01-24;60+;21;21,0;21;21;21;21;21;21;21;21;21;21;244;244,0;244;244;244;244;244;244;244;244;244;244;1,000000000000000;1,000000000000000;1,000000000000000;1,000000000000000;1,000000000000000;1,000000000000000;1,000000000000000;1,000000000000000;1,000000000000000;1,000000000000000;1,000000000000000
2022-01-24;alle;41;41,0;41;41;41;41;41;41;41;41;41;41;558;558,0;558;558;558;558;558;558;558;558;558;558;NA;NA;NA;NA;NA;NA;NA;NA;NA;NA;NA
2022-01-23;0-60;24;24,0;24;24;24;24;24;24;24;24;24;24;319;319,0;319;319;319;319;319;319;319;319;319;319;1,000000000000000;1,000000000000000;1,000000000000000;1,000000000000000;1,000000000000000;1,000000000000000;1,000000000000000;1,000000000000000;1,000000000000000;1,000000000000000;1,000000000000000
2022-01-23;60+;28;28,0;28;28;28;28;28;28;28;28;28;28;239;239,0;239;239;239;239;239;239;239;239;239;239;1,000000000000000;1,000000000000000;1,000000000000000;1,000000000000000;1,000000000000000;1,000000000000000;1,000000000000000;1,000000000000000;1,000000000000000;1,000000000000000;1,000000000000000
2022-01-23;alle;52;52,0;52;52;52;52;52;52;52;52;52;52;558;558,0;558;558;558;558;558;558;558;558;558;558;NA;NA;NA;NA;NA;NA;NA;NA;NA;NA;NA
2022-01-22;0-60;55;55,0;55;55;55;55;55;55;55;55;55;55;321;321,0;321;321;321;321;321;321;321;321;321;321;1,000000000000000;1,000000000000000;1,000000000000000;1,000000000000000;1,000000000000000;1,000000000000000;1,000000000000000;1,000000000000000;1,000000000000000;1,000000000000000;1,000000000000000
2022-01-22;60+;39;39,0;39;39;39;39;39;39;39;39;39;39;236;236,0;236;236;236;236;236;236;236;236;236;236;1,000000000000000;1,000000000000000;1,000000000000000;1,000000000000000;1,000000000000000;1,000000000000000;1,000000000000000;1,000000000000000;1,000000000000000;1,000000000000000;1,000000000000000
2022-01-22;alle;94;94,0;94;94;94;94;94;94;94;94;94;94;557;557,0;557;557;557;557;557;557;557;557;557;557;NA;NA;NA;NA;NA;NA;NA;NA;NA;NA;NA
2022-01-21;0-60;58;58,0;58;58;58;58;58;58;58;58;58;58;327;327,0;327;327;327;327;327;327;327;327;327;327;1,000000000000000;1,000000000000000;1,000000000000000;1,000000000000000;1,000000000000000;1,000000000000000;1,000000000000000;1,000000000000000;1,000000000000000;1,000000000000000;1,000000000000000
2022-01-21;60+;34;34,0;34;34;34;34;34;34;34;34;34;34;234;234,0;234;234;234;234;234;234;234;234;234;234;1,000000000000000;1,000000000000000;1,000000000000000;1,000000000000000;1,000000000000000;1,000000000000000;1,000000000000000;1,000000000000000;1,000000000000000;1,000000000000000;1,000000000000000
2022-01-21;alle;92;92,0;92;92;92;92;92;92;92;92;92;92;561;561,0;561;561;561;561;561;561;561;561;561;561;NA;NA;NA;NA;NA;NA;NA;NA;NA;NA;NA
2022-01-20;0-60;46;46,0;46;46;46;46;46;46;46;46;46;46;305;305,0;305;305;305;305;305;305;305;305;305;305;1,000000000000000;1,000000000000000;1,000000000000000;1,000000000000000;1,000000000000000;1,000000000000000;1,000000000000000;1,000000000000000;1,000000000000000;1,000000000000000;1,000000000000000
2022-01-20;60+;34;34,0;34;34;34;34;34;34;34;34;34;34;229;229,0;229;229;229;229;229;229;229;229;229;229;1,000000000000000;1,000000000000000;1,000000000000000;1,000000000000000;1,000000000000000;1,000000000000000;1,000000000000000;1,000000000000000;1,000000000000000;1,000000000000000;1,000000000000000
2022-01-20;alle;80;80,0;80;80;80;80;80;80;80;80;80;80;534;534,0;534;534;534;534;534;534;534;534;534;534;NA;NA;NA;NA;NA;NA;NA;NA;NA;NA;NA
2022-01-19;0-60;51;51,0;51;51;51;51;51;51;51;51;51;51;299;299,0;299;299;299;299;299;299;299;299;299;299;1,000000000000000;1,000000000000000;1,000000000000000;1,000000000000000;1,000000000000000;1,000000000000000;1,000000000000000;1,000000000000000;1,000000000000000;1,000000000000000;1,000000000000000
2022-01-19;60+;39;39,0;39;39;39;39;39;39;39;39;39;39;226;226,0;226;226;226;226;226;226;226;226;226;226;1,000000000000000;1,000000000000000;1,000000000000000;1,000000000000000;1,000000000000000;1,000000000000000;1,000000000000000;1,000000000000000;1,000000000000000;1,000000000000000;1,000000000000000
2022-01-19;alle;90;90,0;90;90;90;90;90;90;90;90;90;90;525;525,0;525;525;525;525;525;525;525;525;525;525;NA;NA;NA;NA;NA;NA;NA;NA;NA;NA;NA
2022-01-18;0-60;60;60,0;60;60;60;60;60;60;60;60;60;60;299;299,0;299;299;299;299;299;299;299;299;299;299;1,000000000000000;1,000000000000000;1,000000000000000;1,000000000000000;1,000000000000000;1,000000000000000;1,000000000000000;1,000000000000000;1,000000000000000;1,000000000000000;1,000000000000000
2022-01-18;60+;49;49,0;49;49;49;49;49;49;49;49;49;49;208;208,0;208;208;208;208;208;208;208;208;208;208;1,000000000000000;1,000000000000000;1,000000000000000;1,000000000000000;1,000000000000000;1,000000000000000;1,000000000000000;1,000000000000000;1,000000000000000;1,000000000000000;1,000000000000000
2022-01-18;alle;109;109,0;109;109;109;109;109;109;109;109;109;109;507;507,0;507;507;507;507;507;507;507;507;507;507;NA;NA;NA;NA;NA;NA;NA;NA;NA;NA;NA
2022-01-17;0-60;25;25,0;25;25;25;25;25;25;25;25;25;25;284;284,0;284;284;284;284;284;284;284;284;284;284;1,000000000000000;1,000000000000000;1,000000000000000;1,000000000000000;1,000000000000000;1,000000000000000;1,000000000000000;1,000000000000000;1,000000000000000;1,000000000000000;1,000000000000000
2022-01-17;60+;16;16,0;16;16;16;16;16;16;16;16;16;16;178;178,0;178;178;178;178;178;178;178;178;178;178;1,000000000000000;1,000000000000000;1,000000000000000;1,000000000000000;1,000000000000000;1,000000000000000;1,000000000000000;1,000000000000000;1,000000000000000;1,000000000000000;1,000000000000000
2022-01-17;alle;41;41,0;41;41;41;41;41;41;41;41;41;41;462;462,0;462;462;462;462;462;462;462;462;462;462;NA;NA;NA;NA;NA;NA;NA;NA;NA;NA;NA
2022-01-16;0-60;26;26,0;26;26;26;26;26;26;26;26;26;26;270;270,0;270;270;270;270;270;270;270;270;270;270;1,000000000000000;1,000000000000000;1,000000000000000;1,000000000000000;1,000000000000000;1,000000000000000;1,000000000000000;1,000000000000000;1,000000000000000;1,000000000000000;1,000000000000000
2022-01-16;60+;25;25,0;25;25;25;25;25;25;25;25;25;25;174;174,0;174;174;174;174;174;174;174;174;174;174;1,000000000000000;1,000000000000000;1,000000000000000;1,000000000000000;1,000000000000000;1,000000000000000;1,000000000000000;1,000000000000000;1,000000000000000;1,000000000000000;1,000000000000000
2022-01-16;alle;51;51,0;51;51;51;51;51;51;51;51;51;51;444;444,0;444;444;444;444;444;444;444;444;444;444;NA;NA;NA;NA;NA;NA;NA;NA;NA;NA;NA
2022-01-15;0-60;61;61,0;61;61;61;61;61;61;61;61;61;61;263;263,0;263;263;263;263;263;263;263;263;263;263;1,000000000000000;1,000000000000000;1,000000000000000;1,000000000000000;1,000000000000000;1,000000000000000;1,000000000000000;1,000000000000000;1,000000000000000;1,000000000000000;1,000000000000000
2022-01-15;60+;37;37,0;37;37;37;37;37;37;37;37;37;37;164;164,0;164;164;164;164;164;164;164;164;164;164;1,000000000000000;1,000000000000000;1,000000000000000;1,000000000000000;1,000000000000000;1,000000000000000;1,000000000000000;1,000000000000000;1,000000000000000;1,000000000000000;1,000000000000000
2022-01-15;alle;98;98,0;98;98;98;98;98;98;98;98;98;98;427;427,0;427;427;427;427;427;427;427;427;427;427;NA;NA;NA;NA;NA;NA;NA;NA;NA;NA;NA
2022-01-14;0-60;36;36,0;36;36;36;36;36;36;36;36;36;36;227;227,0;227;227;227;227;227;227;227;227;227;227;1,000000000000000;1,000000000000000;1,000000000000000;1,000000000000000;1,000000000000000;1,000000000000000;1,000000000000000;1,000000000000000;1,000000000000000;1,000000000000000;1,000000000000000
2022-01-14;60+;29;29,0;29;29;29;29;29;29;29;29;29;29;155;155,0;155;155;155;155;155;155;155;155;155;155;1,000000000000000;1,000000000000000;1,000000000000000;1,000000000000000;1,000000000000000;1,000000000000000;1,000000000000000;1,000000000000000;1,000000000000000;1,000000000000000;1,000000000000000
2022-01-14;alle;65;65,0;65;65;65;65;65;65;65;65;65;65;382;382,0;382;382;382;382;382;382;382;382;382;382;NA;NA;NA;NA;NA;NA;NA;NA;NA;NA;NA
2022-01-13;0-60;40;40,0;40;40;40;40;40;40;40;40;40;40;236;236,0;236;236;236;236;236;236;236;236;236;236;1,000000000000000;1,000000000000000;1,000000000000000;1,000000000000000;1,000000000000000;1,000000000000000;1,000000000000000;1,000000000000000;1,000000000000000;1,000000000000000;1,000000000000000
2022-01-13;60+;31;31,0;31;31;31;31;31;31;31;31;31;31;152;152,0;152;152;152;152;152;152;152;152;152;152;1,000000000000000;1,000000000000000;1,000000000000000;1,000000000000000;1,000000000000000;1,000000000000000;1,000000000000000;1,000000000000000;1,000000000000000;1,000000000000000;1,000000000000000
2022-01-13;alle;71;71,0;71;71;71;71;71;71;71;71;71;71;388;388,0;388;388;388;388;388;388;388;388;388;388;NA;NA;NA;NA;NA;NA;NA;NA;NA;NA;NA
2022-01-12;0-60;51;51,0;51;51;51;51;51;51;51;51;51;51;232;232,0;232;232;232;232;232;232;232;232;232;232;1,000000000000000;1,000000000000000;1,000000000000000;1,000000000000000;1,000000000000000;1,000000000000000;1,000000000000000;1,000000000000000;1,000000000000000;1,000000000000000;1,000000000000000
2022-01-12;60+;21;21,0;21;21;21;21;21;21;21;21;21;21;166;166,0;166;166;166;166;166;166;166;166;166;166;1,000000000000000;1,000000000000000;1,000000000000000;1,000000000000000;1,000000000000000;1,000000000000000;1,000000000000000;1,000000000000000;1,000000000000000;1,000000000000000;1,000000000000000
2022-01-12;alle;72;72,0;72;72;72;72;72;72;72;72;72;72;398;398,0;398;398;398;398;398;398;398;398;398;398;NA;NA;NA;NA;NA;NA;NA;NA;NA;NA;NA
2022-01-11;0-60;45;45,0;45;45;45;45;45;45;45;45;45;45;221;221,0;221;221;221;221;221;221;221;221;221;221;1,000000000000000;1,000000000000000;1,000000000000000;1,000000000000000;1,000000000000000;1,000000000000000;1,000000000000000;1,000000000000000;1,000000000000000;1,000000000000000;1,000000000000000
2022-01-11;60+;19;19,0;19;19;19;19;19;19;19;19;19;19;174;174,0;174;174;174;174;174;174;174;174;174;174;1,000000000000000;1,000000000000000;1,000000000000000;1,000000000000000;1,000000000000000;1,000000000000000;1,000000000000000;1,000000000000000;1,000000000000000;1,000000000000000;1,000000000000000
2022-01-11;alle;64;64,0;64;64;64;64;64;64;64;64;64;64;395;395,0;395;395;395;395;395;395;395;395;395;395;NA;NA;NA;NA;NA;NA;NA;NA;NA;NA;NA
2022-01-10;0-60;11;11,0;11;11;11;11;11;11;11;11;11;11;210;210,0;210;210;210;210;210;210;210;210;210;210;1,000000000000000;1,000000000000000;1,000000000000000;1,000000000000000;1,000000000000000;1,000000000000000;1,000000000000000;1,000000000000000;1,000000000000000;1,000000000000000;1,000000000000000
2022-01-10;60+;12;12,0;12;12;12;12;12;12;12;12;12;12;187;187,0;187;187;187;187;187;187;187;187;187;187;1,000000000000000;1,000000000000000;1,000000000000000;1,000000000000000;1,000000000000000;1,000000000000000;1,000000000000000;1,000000000000000;1,000000000000000;1,000000000000000;1,000000000000000
2022-01-10;alle;23;23,0;23;23;23;23;23;23;23;23;23;23;397;397,0;397;397;397;397;397;397;397;397;397;397;NA;NA;NA;NA;NA;NA;NA;NA;NA;NA;NA
2022-01-09;0-60;19;19,0;19;19;19;19;19;19;19;19;19;19;212;212,0;212;212;212;212;212;212;212;212;212;212;1,000000000000000;1,000000000000000;1,000000000000000;1,000000000000000;1,000000000000000;1,000000000000000;1,000000000000000;1,000000000000000;1,000000000000000;1,000000000000000;1,000000000000000
2022-01-09;60+;15;15,0;15;15;15;15;15;15;15;15;15;15;193;193,0;193;193;193;193;193;193;193;193;193;193;1,000000000000000;1,000000000000000;1,000000000000000;1,000000000000000;1,000000000000000;1,000000000000000;1,000000000000000;1,000000000000000;1,000000000000000;1,000000000000000;1,000000000000000
2022-01-09;alle;34;34,0;34;34;34;34;34;34;34;34;34;34;405;405,0;405;405;405;405;405;405;405;405;405;405;NA;NA;NA;NA;NA;NA;NA;NA;NA;NA;NA
2022-01-08;0-60;25;25,0;25;25;25;25;25;25;25;25;25;25;208;208,0;208;208;208;208;208;208;208;208;208;208;1,000000000000000;1,000000000000000;1,000000000000000;1,000000000000000;1,000000000000000;1,000000000000000;1,000000000000000;1,000000000000000;1,000000000000000;1,000000000000000;1,000000000000000
2022-01-08;60+;28;28,0;28;28;28;28;28;28;28;28;28;28;189;189,0;189;189;189;189;189;189;189;189;189;189;1,000000000000000;1,000000000000000;1,000000000000000;1,000000000000000;1,000000000000000;1,000000000000000;1,000000000000000;1,000000000000000;1,000000000000000;1,000000000000000;1,000000000000000
2022-01-08;alle;53;53,0;53;53;53;53;53;53;53;53;53;53;397;397,0;397;397;397;397;397;397;397;397;397;397;NA;NA;NA;NA;NA;NA;NA;NA;NA;NA;NA
2022-01-07;0-60;45;45,0;45;45;45;45;45;45;45;45;45;45;200;200,0;200;200;200;200;200;200;200;200;200;200;1,000000000000000;1,000000000000000;1,000000000000000;1,000000000000000;1,000000000000000;1,000000000000000;1,000000000000000;1,000000000000000;1,000000000000000;1,000000000000000;1,000000000000000
2022-01-07;60+;26;26,0;26;26;26;26;26;26;26;26;26;26;182;182,0;182;182;182;182;182;182;182;182;182;182;1,000000000000000;1,000000000000000;1,000000000000000;1,000000000000000;1,000000000000000;1,000000000000000;1,000000000000000;1,000000000000000;1,000000000000000;1,000000000000000;1,000000000000000
2022-01-07;alle;71;71,0;71;71;71;71;71;71;71;71;71;71;382;382,0;382;382;382;382;382;382;382;382;382;382;NA;NA;NA;NA;NA;NA;NA;NA;NA;NA;NA
2022-01-06;0-60;36;36,0;36;36;36;36;36;36;36;36;36;36;188;188,0;188;188;188;188;188;188;188;188;188;188;1,000000000000000;1,000000000000000;1,000000000000000;1,000000000000000;1,000000000000000;1,000000000000000;1,000000000000000;1,000000000000000;1,000000000000000;1,000000000000000;1,000000000000000
2022-01-06;60+;45;45,0;45;45;45;45;45;45;45;45;45;45;193;193,0;193;193;193;193;193;193;193;193;193;193;1,000000000000000;1,000000000000000;1,000000000000000;1,000000000000000;1,000000000000000;1,000000000000000;1,000000000000000;1,000000000000000;1,000000000000000;1,000000000000000;1,000000000000000
2022-01-06;alle;81;81,0;81;81;81;81;81;81;81;81;81;81;381;381,0;381;381;381;381;381;381;381;381;381;381;NA;NA;NA;NA;NA;NA;NA;NA;NA;NA;NA
2022-01-05;0-60;40;40,0;40;40;40;40;40;40;40;40;40;40;188;188,0;188;188;188;188;188;188;188;188;188;188;1,000000000000000;1,000000000000000;1,000000000000000;1,000000000000000;1,000000000000000;1,000000000000000;1,000000000000000;1,000000000000000;1,000000000000000;1,000000000000000;1,000000000000000
2022-01-05;60+;29;29,0;29;29;29;29;29;29;29;29;29;29;194;194,0;194;194;194;194;194;194;194;194;194;194;1,000000000000000;1,000000000000000;1,000000000000000;1,000000000000000;1,000000000000000;1,000000000000000;1,000000000000000;1,000000000000000;1,000000000000000;1,000000000000000;1,000000000000000
2022-01-05;alle;69;69,0;69;69;69;69;69;69;69;69;69;69;382;382,0;382;382;382;382;382;382;382;382;382;382;NA;NA;NA;NA;NA;NA;NA;NA;NA;NA;NA
2022-01-04;0-60;34;34,0;34;34;34;34;34;34;34;34;34;34;190;190,0;190;190;190;190;190;190;190;190;190;190;1,000000000000000;1,000000000000000;1,000000000000000;1,000000000000000;1,000000000000000;1,000000000000000;1,000000000000000;1,000000000000000;1,000000000000000;1,000000000000000;1,000000000000000
2022-01-04;60+;32;32,0;32;32;32;32;32;32;32;32;32;32;195;195,0;195;195;195;195;195;195;195;195;195;195;1,000000000000000;1,000000000000000;1,000000000000000;1,000000000000000;1,000000000000000;1,000000000000000;1,000000000000000;1,000000000000000;1,000000000000000;1,000000000000000;1,000000000000000
2022-01-04;alle;66;66,0;66;66;66;66;66;66;66;66;66;66;385;385,0;385;385;385;385;385;385;385;385;385;385;NA;NA;NA;NA;NA;NA;NA;NA;NA;NA;NA
2022-01-03;0-60;13;13,0;13;13;13;13;13;13;13;13;13;13;183;183,0;183;183;183;183;183;183;183;183;183;183;1,000000000000000;1,000000000000000;1,000000000000000;1,000000000000000;1,000000000000000;1,000000000000000;1,000000000000000;1,000000000000000;1,000000000000000;1,000000000000000;1,000000000000000
2022-01-03;60+;18;18,0;18;18;18;18;18;18;18;18;18;18;186;186,0;186;186;186;186;186;186;186;186;186;186;1,000000000000000;1,000000000000000;1,000000000000000;1,000000000000000;1,000000000000000;1,000000000000000;1,000000000000000;1,000000000000000;1,000000000000000;1,000000000000000;1,000000000000000
2022-01-03;alle;31;31,0;31;31;31;31;31;31;31;31;31;31;369;369,0;369;369;369;369;369;369;369;369;369;369;NA;NA;NA;NA;NA;NA;NA;NA;NA;NA;NA
2022-01-02;0-60;15;15,0;15;15;15;15;15;15;15;15;15;15;177;177,0;177;177;177;177;177;177;177;177;177;177;1,000000000000000;1,000000000000000;1,000000000000000;1,000000000000000;1,000000000000000;1,000000000000000;1,000000000000000;1,000000000000000;1,000000000000000;1,000000000000000;1,000000000000000
2022-01-02;60+;11;11,0;11;11;11;11;11;11;11;11;11;11;181;181,0;181;181;181;181;181;181;181;181;181;181;1,000000000000000;1,000000000000000;1,000000000000000;1,000000000000000;1,000000000000000;1,000000000000000;1,000000000000000;1,000000000000000;1,000000000000000;1,000000000000000;1,000000000000000
2022-01-02;alle;26;26,0;26;26;26;26;26;26;26;26;26;26;358;358,0;358;358;358;358;358;358;358;358;358;358;NA;NA;NA;NA;NA;NA;NA;NA;NA;NA;NA
2022-01-01;0-60;17;17,0;17;17;17;17;17;17;17;17;17;17;176;176,0;176;176;176;176;176;176;176;176;176;176;1,000000000000000;1,000000000000000;1,000000000000000;1,000000000000000;1,000000000000000;1,000000000000000;1,000000000000000;1,000000000000000;1,000000000000000;1,000000000000000;1,000000000000000
2022-01-01;60+;21;21,0;21;21;21;21;21;21;21;21;21;21;183;183,0;183;183;183;183;183;183;183;183;183;183;1,000000000000000;1,000000000000000;1,000000000000000;1,000000000000000;1,000000000000000;1,000000000000000;1,000000000000000;1,000000000000000;1,000000000000000;1,000000000000000;1,000000000000000
2022-01-01;alle;38;38,0;38;38;38;38;38;38;38;38;38;38;359;359,0;359;359;359;359;359;359;359;359;359;359;NA;NA;NA;NA;NA;NA;NA;NA;NA;NA;NA
2021-12-31;0-60;33;33,0;33;33;33;33;33;33;33;33;33;33;179;179,0;179;179;179;179;179;179;179;179;179;179;1,000000000000000;1,000000000000000;1,000000000000000;1,000000000000000;1,000000000000000;1,000000000000000;1,000000000000000;1,000000000000000;1,000000000000000;1,000000000000000;1,000000000000000
2021-12-31;60+;37;37,0;37;37;37;37;37;37;37;37;37;37;183;183,0;183;183;183;183;183;183;183;183;183;183;1,000000000000000;1,000000000000000;1,000000000000000;1,000000000000000;1,000000000000000;1,000000000000000;1,000000000000000;1,000000000000000;1,000000000000000;1,000000000000000;1,000000000000000
2021-12-31;alle;70;70,0;70;70;70;70;70;70;70;70;70;70;362;362,0;362;362;362;362;362;362;362;362;362;362;NA;NA;NA;NA;NA;NA;NA;NA;NA;NA;NA
2021-12-30;0-60;36;36,0;36;36;36;36;36;36;36;36;36;36;167;167,0;167;167;167;167;167;167;167;167;167;167;1,000000000000000;1,000000000000000;1,000000000000000;1,000000000000000;1,000000000000000;1,000000000000000;1,000000000000000;1,000000000000000;1,000000000000000;1,000000000000000;1,000000000000000
2021-12-30;60+;46;46,0;46;46;46;46;46;46;46;46;46;46;170;170,0;170;170;170;170;170;170;170;170;170;170;1,000000000000000;1,000000000000000;1,000000000000000;1,000000000000000;1,000000000000000;1,000000000000000;1,000000000000000;1,000000000000000;1,000000000000000;1,000000000000000;1,000000000000000
2021-12-30;alle;82;82,0;82;82;82;82;82;82;82;82;82;82;337;337,0;337;337;337;337;337;337;337;337;337;337;NA;NA;NA;NA;NA;NA;NA;NA;NA;NA;NA
2021-12-29;0-60;42;42,0;42;42;42;42;42;42;42;42;42;42;156;156,0;156;156;156;156;156;156;156;156;156;156;1,000000000000000;1,000000000000000;1,000000000000000;1,000000000000000;1,000000000000000;1,000000000000000;1,000000000000000;1,000000000000000;1,000000000000000;1,000000000000000;1,000000000000000
2021-12-29;60+;30;30,0;30;30;30;30;30;30;30;30;30;30;169;169,0;169;169;169;169;169;169;169;169;169;169;1,000000000000000;1,000000000000000;1,000000000000000;1,000000000000000;1,000000000000000;1,000000000000000;1,000000000000000;1,000000000000000;1,000000000000000;1,000000000000000;1,000000000000000
2021-12-29;alle;72;72,0;72;72;72;72;72;72;72;72;72;72;325;325,0;325;325;325;325;325;325;325;325;325;325;NA;NA;NA;NA;NA;NA;NA;NA;NA;NA;NA
2021-12-28;0-60;27;27,0;27;27;27;27;27;27;27;27;27;27;138;138,0;138;138;138;138;138;138;138;138;138;138;1,000000000000000;1,000000000000000;1,000000000000000;1,000000000000000;1,000000000000000;1,000000000000000;1,000000000000000;1,000000000000000;1,000000000000000;1,000000000000000;1,000000000000000
2021-12-28;60+;23;23,0;23;23;23;23;23;23;23;23;23;23;174;174,0;174;174;174;174;174;174;174;174;174;174;1,000000000000000;1,000000000000000;1,000000000000000;1,000000000000000;1,000000000000000;1,000000000000000;1,000000000000000;1,000000000000000;1,000000000000000;1,000000000000000;1,000000000000000
2021-12-28;alle;50;50,0;50;50;50;50;50;50;50;50;50;50;312;312,0;312;312;312;312;312;312;312;312;312;312;NA;NA;NA;NA;NA;NA;NA;NA;NA;NA;NA
2021-12-27;0-60;7;7,0;7;7;7;7;7;7;7;7;7;7;132;132,0;132;132;132;132;132;132;132;132;132;132;1,000000000000000;1,000000000000000;1,000000000000000;1,000000000000000;1,000000000000000;1,000000000000000;1,000000000000000;1,000000000000000;1,000000000000000;1,000000000000000;1,000000000000000
2021-12-27;60+;13;13,0;13;13;13;13;13;13;13;13;13;13;180;180,0;180;180;180;180;180;180;180;180;180;180;1,000000000000000;1,000000000000000;1,000000000000000;1,000000000000000;1,000000000000000;1,000000000000000;1,000000000000000;1,000000000000000;1,000000000000000;1,000000000000000;1,000000000000000
2021-12-27;alle;20;20,0;20;20;20;20;20;20;20;20;20;20;312;312,0;312;312;312;312;312;312;312;312;312;312;NA;NA;NA;NA;NA;NA;NA;NA;NA;NA;NA
2021-12-26;0-60;14;14,0;14;14;14;14;14;14;14;14;14;14;135;135,0;135;135;135;135;135;135;135;135;135;135;1,000000000000000;1,000000000000000;1,000000000000000;1,000000000000000;1,000000000000000;1,000000000000000;1,000000000000000;1,000000000000000;1,000000000000000;1,000000000000000;1,000000000000000
2021-12-26;60+;13;13,0;13;13;13;13;13;13;13;13;13;13;180;180,0;180;180;180;180;180;180;180;180;180;180;1,000000000000000;1,000000000000000;1,000000000000000;1,000000000000000;1,000000000000000;1,000000000000000;1,000000000000000;1,000000000000000;1,000000000000000;1,000000000000000;1,000000000000000
2021-12-26;alle;27;27,0;27;27;27;27;27;27;27;27;27;27;315;315,0;315;315;315;315;315;315;315;315;315;315;NA;NA;NA;NA;NA;NA;NA;NA;NA;NA;NA
2021-12-25;0-60;20;20,0;20;20;20;20;20;20;20;20;20;20;141;141,0;141;141;141;141;141;141;141;141;141;141;1,000000000000000;1,000000000000000;1,000000000000000;1,000000000000000;1,000000000000000;1,000000000000000;1,000000000000000;1,000000000000000;1,000000000000000;1,000000000000000;1,000000000000000
2021-12-25;60+;21;21,0;21;21;21;21;21;21;21;21;21;21;195;195,0;195;195;195;195;195;195;195;195;195;195;1,000000000000000;1,000000000000000;1,000000000000000;1,000000000000000;1,000000000000000;1,000000000000000;1,000000000000000;1,000000000000000;1,000000000000000;1,000000000000000;1,000000000000000
2021-12-25;alle;41;41,0;41;41;41;41;41;41;41;41;41;41;336;336,0;336;336;336;336;336;336;336;336;336;336;NA;NA;NA;NA;NA;NA;NA;NA;NA;NA;NA
2021-12-24;0-60;21;21,0;21;21;21;21;21;21;21;21;21;21;145;145,0;145;145;145;145;145;145;145;145;145;145;1,000000000000000;1,000000000000000;1,000000000000000;1,000000000000000;1,000000000000000;1,000000000000000;1,000000000000000;1,000000000000000;1,000000000000000;1,000000000000000;1,000000000000000
2021-12-24;60+;24;24,0;24;24;24;24;24;24;24;24;24;24;204;204,0;204;204;204;204;204;204;204;204;204;204;1,000000000000000;1,000000000000000;1,000000000000000;1,000000000000000;1,000000000000000;1,000000000000000;1,000000000000000;1,000000000000000;1,000000000000000;1,000000000000000;1,000000000000000
2021-12-24;alle;45;45,0;45;45;45;45;45;45;45;45;45;45;349;349,0;349;349;349;349;349;349;349;349;349;349;NA;NA;NA;NA;NA;NA;NA;NA;NA;NA;NA
2021-12-23;0-60;25;25,0;25;25;25;25;25;25;25;25;25;25;159;159,0;159;159;159;159;159;159;159;159;159;159;1,000000000000000;1,000000000000000;1,000000000000000;1,000000000000000;1,000000000000000;1,000000000000000;1,000000000000000;1,000000000000000;1,000000000000000;1,000000000000000;1,000000000000000
2021-12-23;60+;45;45,0;45;45;45;45;45;45;45;45;45;45;213;213,0;213;213;213;213;213;213;213;213;213;213;1,000000000000000;1,000000000000000;1,000000000000000;1,000000000000000;1,000000000000000;1,000000000000000;1,000000000000000;1,000000000000000;1,000000000000000;1,000000000000000;1,000000000000000
2021-12-23;alle;70;70,0;70;70;70;70;70;70;70;70;70;70;372;372,0;372;372;372;372;372;372;372;372;372;372;NA;NA;NA;NA;NA;NA;NA;NA;NA;NA;NA
2021-12-22;0-60;24;24,0;24;24;24;24;24;24;24;24;24;24;162;162,0;162;162;162;162;162;162;162;162;162;162;1,000000000000000;1,000000000000000;1,000000000000000;1,000000000000000;1,000000000000000;1,000000000000000;1,000000000000000;1,000000000000000;1,000000000000000;1,000000000000000;1,000000000000000
2021-12-22;60+;35;35,0;35;35;35;35;35;35;35;35;35;35;222;222,0;222;222;222;222;222;222;222;222;222;222;1,000000000000000;1,000000000000000;1,000000000000000;1,000000000000000;1,000000000000000;1,000000000000000;1,000000000000000;1,000000000000000;1,000000000000000;1,000000000000000;1,000000000000000
2021-12-22;alle;59;59,0;59;59;59;59;59;59;59;59;59;59;384;384,0;384;384;384;384;384;384;384;384;384;384;NA;NA;NA;NA;NA;NA;NA;NA;NA;NA;NA
2021-12-21;0-60;21;21,0;21;21;21;21;21;21;21;21;21;21;174;174,0;174;174;174;174;174;174;174;174;174;174;1,000000000000000;1,000000000000000;1,000000000000000;1,000000000000000;1,000000000000000;1,000000000000000;1,000000000000000;1,000000000000000;1,000000000000000;1,000000000000000;1,000000000000000
2021-12-21;60+;29;29,0;29;29;29;29;29;29;29;29;29;29;232;232,0;232;232;232;232;232;232;232;232;232;232;1,000000000000000;1,000000000000000;1,000000000000000;1,000000000000000;1,000000000000000;1,000000000000000;1,000000000000000;1,000000000000000;1,000000000000000;1,000000000000000;1,000000000000000
2021-12-21;alle;50;50,0;50;50;50;50;50;50;50;50;50;50;406;406,0;406;406;406;406;406;406;406;406;406;406;NA;NA;NA;NA;NA;NA;NA;NA;NA;NA;NA
2021-12-20;0-60;10;10,0;10;10;10;10;10;10;10;10;10;10;180;180,0;180;180;180;180;180;180;180;180;180;180;1,000000000000000;1,000000000000000;1,000000000000000;1,000000000000000;1,000000000000000;1,000000000000000;1,000000000000000;1,000000000000000;1,000000000000000;1,000000000000000;1,000000000000000
2021-12-20;60+;13;13,0;13;13;13;13;13;13;13;13;13;13;247;247,0;247;247;247;247;247;247;247;247;247;247;1,000000000000000;1,000000000000000;1,000000000000000;1,000000000000000;1,000000000000000;1,000000000000000;1,000000000000000;1,000000000000000;1,000000000000000;1,000000000000000;1,000000000000000
2021-12-20;alle;23;23,0;23;23;23;23;23;23;23;23;23;23;427;427,0;427;427;427;427;427;427;427;427;427;427;NA;NA;NA;NA;NA;NA;NA;NA;NA;NA;NA
2021-12-19;0-60;20;20,0;20;20;20;20;20;20;20;20;20;20;179;179,0;179;179;179;179;179;179;179;179;179;179;1,000000000000000;1,000000000000000;1,000000000000000;1,000000000000000;1,000000000000000;1,000000000000000;1,000000000000000;1,000000000000000;1,000000000000000;1,000000000000000;1,000000000000000
2021-12-19;60+;28;28,0;28;28;28;28;28;28;28;28;28;28;254;254,0;254;254;254;254;254;254;254;254;254;254;1,000000000000000;1,000000000000000;1,000000000000000;1,000000000000000;1,000000000000000;1,000000000000000;1,000000000000000;1,000000000000000;1,000000000000000;1,000000000000000;1,000000000000000
2021-12-19;alle;48;48,0;48;48;48;48;48;48;48;48;48;48;433;433,0;433;433;433;433;433;433;433;433;433;433;NA;NA;NA;NA;NA;NA;NA;NA;NA;NA;NA
2021-12-18;0-60;24;24,0;24;24;24;24;24;24;24;24;24;24;184;184,0;184;184;184;184;184;184;184;184;184;184;1,000000000000000;1,000000000000000;1,000000000000000;1,000000000000000;1,000000000000000;1,000000000000000;1,000000000000000;1,000000000000000;1,000000000000000;1,000000000000000;1,000000000000000
2021-12-18;60+;30;30,0;30;30;30;30;30;30;30;30;30;30;265;265,0;265;265;265;265;265;265;265;265;265;265;1,000000000000000;1,000000000000000;1,000000000000000;1,000000000000000;1,000000000000000;1,000000000000000;1,000000000000000;1,000000000000000;1,000000000000000;1,000000000000000;1,000000000000000
2021-12-18;alle;54;54,0;54;54;54;54;54;54;54;54;54;54;449;449,0;449;449;449;449;449;449;449;449;449;449;NA;NA;NA;NA;NA;NA;NA;NA;NA;NA;NA
2021-12-17;0-60;35;35,0;35;35;35;35;35;35;35;35;35;35;188;188,0;188;188;188;188;188;188;188;188;188;188;1,000000000000000;1,000000000000000;1,000000000000000;1,000000000000000;1,000000000000000;1,000000000000000;1,000000000000000;1,000000000000000;1,000000000000000;1,000000000000000;1,000000000000000
2021-12-17;60+;33;33,0;33;33;33;33;33;33;33;33;33;33;280;280,0;280;280;280;280;280;280;280;280;280;280;1,000000000000000;1,000000000000000;1,000000000000000;1,000000000000000;1,000000000000000;1,000000000000000;1,000000000000000;1,000000000000000;1,000000000000000;1,000000000000000;1,000000000000000
2021-12-17;alle;68;68,0;68;68;68;68;68;68;68;68;68;68;468;468,0;468;468;468;468;468;468;468;468;468;468;NA;NA;NA;NA;NA;NA;NA;NA;NA;NA;NA
2021-12-16;0-60;28;28,0;28;28;28;28;28;28;28;28;28;28;182;182,0;182;182;182;182;182;182;182;182;182;182;1,000000000000000;1,000000000000000;1,000000000000000;1,000000000000000;1,000000000000000;1,000000000000000;1,000000000000000;1,000000000000000;1,000000000000000;1,000000000000000;1,000000000000000
2021-12-16;60+;54;54,0;54;54;54;54;54;54;54;54;54;54;311;311,0;311;311;311;311;311;311;311;311;311;311;1,000000000000000;1,000000000000000;1,000000000000000;1,000000000000000;1,000000000000000;1,000000000000000;1,000000000000000;1,000000000000000;1,000000000000000;1,000000000000000;1,000000000000000
2021-12-16;alle;82;82,0;82;82;82;82;82;82;82;82;82;82;493;493,0;493;493;493;493;493;493;493;493;493;493;NA;NA;NA;NA;NA;NA;NA;NA;NA;NA;NA
2021-12-15;0-60;36;36,0;36;36;36;36;36;36;36;36;36;36;186;186,0;186;186;186;186;186;186;186;186;186;186;1,000000000000000;1,000000000000000;1,000000000000000;1,000000000000000;1,000000000000000;1,000000000000000;1,000000000000000;1,000000000000000;1,000000000000000;1,000000000000000;1,000000000000000
2021-12-15;60+;45;45,0;45;45;45;45;45;45;45;45;45;45;316;316,0;316;316;316;316;316;316;316;316;316;316;1,000000000000000;1,000000000000000;1,000000000000000;1,000000000000000;1,000000000000000;1,000000000000000;1,000000000000000;1,000000000000000;1,000000000000000;1,000000000000000;1,000000000000000
2021-12-15;alle;81;81,0;81;81;81;81;81;81;81;81;81;81;502;502,0;502;502;502;502;502;502;502;502;502;502;NA;NA;NA;NA;NA;NA;NA;NA;NA;NA;NA
2021-12-14;0-60;27;27,0;27;27;27;27;27;27;27;27;27;27;197;197,0;197;197;197;197;197;197;197;197;197;197;1,000000000000000;1,000000000000000;1,000000000000000;1,000000000000000;1,000000000000000;1,000000000000000;1,000000000000000;1,000000000000000;1,000000000000000;1,000000000000000;1,000000000000000
2021-12-14;60+;44;44,0;44;44;44;44;44;44;44;44;44;44;330;330,0;330;330;330;330;330;330;330;330;330;330;1,000000000000000;1,000000000000000;1,000000000000000;1,000000000000000;1,000000000000000;1,000000000000000;1,000000000000000;1,000000000000000;1,000000000000000;1,000000000000000;1,000000000000000
2021-12-14;alle;71;71,0;71;71;71;71;71;71;71;71;71;71;527;527,0;527;527;527;527;527;527;527;527;527;527;NA;NA;NA;NA;NA;NA;NA;NA;NA;NA;NA
2021-12-13;0-60;9;9,0;9;9;9;9;9;9;9;9;9;9;202;202,0;202;202;202;202;202;202;202;202;202;202;1,000000000000000;1,000000000000000;1,000000000000000;1,000000000000000;1,000000000000000;1,000000000000000;1,000000000000000;1,000000000000000;1,000000000000000;1,000000000000000;1,000000000000000
2021-12-13;60+;20;20,0;20;20;20;20;20;20;20;20;20;20;345;345,0;345;345;345;345;345;345;345;345;345;345;1,000000000000000;1,000000000000000;1,000000000000000;1,000000000000000;1,000000000000000;1,000000000000000;1,000000000000000;1,000000000000000;1,000000000000000;1,000000000000000;1,000000000000000
2021-12-13;alle;29;29,0;29;29;29;29;29;29;29;29;29;29;547;547,0;547;547;547;547;547;547;547;547;547;547;NA;NA;NA;NA;NA;NA;NA;NA;NA;NA;NA
2021-12-12;0-60;25;25,0;25;25;25;25;25;25;25;25;25;25;207;207,0;207;207;207;207;207;207;207;207;207;207;1,000000000000000;1,000000000000000;1,000000000000000;1,000000000000000;1,000000000000000;1,000000000000000;1,000000000000000;1,000000000000000;1,000000000000000;1,000000000000000;1,000000000000000
2021-12-12;60+;39;39,0;39;39;39;39;39;39;39;39;39;39;353;353,0;353;353;353;353;353;353;353;353;353;353;1,000000000000000;1,000000000000000;1,000000000000000;1,000000000000000;1,000000000000000;1,000000000000000;1,000000000000000;1,000000000000000;1,000000000000000;1,000000000000000;1,000000000000000
2021-12-12;alle;64;64,0;64;64;64;64;64;64;64;64;64;64;560;560,0;560;560;560;560;560;560;560;560;560;560;NA;NA;NA;NA;NA;NA;NA;NA;NA;NA;NA
2021-12-11;0-60;28;28,0;28;28;28;28;28;28;28;28;28;28;213;213,0;213;213;213;213;213;213;213;213;213;213;1,000000000000000;1,000000000000000;1,000000000000000;1,000000000000000;1,000000000000000;1,000000000000000;1,000000000000000;1,000000000000000;1,000000000000000;1,000000000000000;1,000000000000000
2021-12-11;60+;45;45,0;45;45;45;45;45;45;45;45;45;45;360;360,0;360;360;360;360;360;360;360;360;360;360;1,000000000000000;1,000000000000000;1,000000000000000;1,000000000000000;1,000000000000000;1,000000000000000;1,000000000000000;1,000000000000000;1,000000000000000;1,000000000000000;1,000000000000000
2021-12-11;alle;73;73,0;73;73;73;73;73;73;73;73;73;73;573;573,0;573;573;573;573;573;573;573;573;573;573;NA;NA;NA;NA;NA;NA;NA;NA;NA;NA;NA
2021-12-10;0-60;29;29,0;29;29;29;29;29;29;29;29;29;29;214;214,0;214;214;214;214;214;214;214;214;214;214;1,000000000000000;1,000000000000000;1,000000000000000;1,000000000000000;1,000000000000000;1,000000000000000;1,000000000000000;1,000000000000000;1,000000000000000;1,000000000000000;1,000000000000000
2021-12-10;60+;64;64,0;64;64;64;64;64;64;64;64;64;64;380;380,0;380;380;380;380;380;380;380;380;380;380;1,000000000000000;1,000000000000000;1,000000000000000;1,000000000000000;1,000000000000000;1,000000000000000;1,000000000000000;1,000000000000000;1,000000000000000;1,000000000000000;1,000000000000000
2021-12-10;alle;93;93,0;93;93;93;93;93;93;93;93;93;93;594;594,0;594;594;594;594;594;594;594;594;594;594;NA;NA;NA;NA;NA;NA;NA;NA;NA;NA;NA
2021-12-09;0-60;32;32,0;32;32;32;32;32;32;32;32;32;32;222;222,0;222;222;222;222;222;222;222;222;222;222;1,000000000000000;1,000000000000000;1,000000000000000;1,000000000000000;1,000000000000000;1,000000000000000;1,000000000000000;1,000000000000000;1,000000000000000;1,000000000000000;1,000000000000000
2021-12-09;60+;59;59,0;59;59;59;59;59;59;59;59;59;59;350;350,0;350;350;350;350;350;350;350;350;350;350;1,000000000000000;1,000000000000000;1,000000000000000;1,000000000000000;1,000000000000000;1,000000000000000;1,000000000000000;1,000000000000000;1,000000000000000;1,000000000000000;1,000000000000000
2021-12-09;alle;91;91,0;91;91;91;91;91;91;91;91;91;91;572;572,0;572;572;572;572;572;572;572;572;572;572;NA;NA;NA;NA;NA;NA;NA;NA;NA;NA;NA
2021-12-08;0-60;47;47,0;47;47;47;47;47;47;47;47;47;47;233;233,0;233;233;233;233;233;233;233;233;233;233;1,000000000000000;1,000000000000000;1,000000000000000;1,000000000000000;1,000000000000000;1,000000000000000;1,000000000000000;1,000000000000000;1,000000000000000;1,000000000000000;1,000000000000000
2021-12-08;60+;59;59,0;59;59;59;59;59;59;59;59;59;59;348;348,0;348;348;348;348;348;348;348;348;348;348;1,000000000000000;1,000000000000000;1,000000000000000;1,000000000000000;1,000000000000000;1,000000000000000;1,000000000000000;1,000000000000000;1,000000000000000;1,000000000000000;1,000000000000000
2021-12-08;alle;106;106,0;106;106;106;106;106;106;106;106;106;106;581;581,0;581;581;581;581;581;581;581;581;581;581;NA;NA;NA;NA;NA;NA;NA;NA;NA;NA;NA
2021-12-07;0-60;32;32,0;32;32;32;32;32;32;32;32;32;32;221;221,0;221;221;221;221;221;221;221;221;221;221;1,000000000000000;1,000000000000000;1,000000000000000;1,000000000000000;1,000000000000000;1,000000000000000;1,000000000000000;1,000000000000000;1,000000000000000;1,000000000000000;1,000000000000000
2021-12-07;60+;59;59,0;59;59;59;59;59;59;59;59;59;59;345;345,0;345;345;345;345;345;345;345;345;345;345;1,000000000000000;1,000000000000000;1,000000000000000;1,000000000000000;1,000000000000000;1,000000000000000;1,000000000000000;1,000000000000000;1,000000000000000;1,000000000000000;1,000000000000000
2021-12-07;alle;91;91,0;91;91;91;91;91;91;91;91;91;91;566;566,0;566;566;566;566;566;566;566;566;566;566;NA;NA;NA;NA;NA;NA;NA;NA;NA;NA;NA
2021-12-06;0-60;14;14,0;14;14;14;14;14;14;14;14;14;14;220;220,0;220;220;220;220;220;220;220;220;220;220;1,000000000000000;1,000000000000000;1,000000000000000;1,000000000000000;1,000000000000000;1,000000000000000;1,000000000000000;1,000000000000000;1,000000000000000;1,000000000000000;1,000000000000000
2021-12-06;60+;28;28,0;28;28;28;28;28;28;28;28;28;28;327;327,0;327;327;327;327;327;327;327;327;327;327;1,000000000000000;1,000000000000000;1,000000000000000;1,000000000000000;1,000000000000000;1,000000000000000;1,000000000000000;1,000000000000000;1,000000000000000;1,000000000000000;1,000000000000000
2021-12-06;alle;42;42,0;42;42;42;42;42;42;42;42;42;42;547;547,0;547;547;547;547;547;547;547;547;547;547;NA;NA;NA;NA;NA;NA;NA;NA;NA;NA;NA
2021-12-05;0-60;31;31,0;31;31;31;31;31;31;31;31;31;31;222;222,0;222;222;222;222;222;222;222;222;222;222;1,000000000000000;1,000000000000000;1,000000000000000;1,000000000000000;1,000000000000000;1,000000000000000;1,000000000000000;1,000000000000000;1,000000000000000;1,000000000000000;1,000000000000000
2021-12-05;60+;46;46,0;46;46;46;46;46;46;46;46;46;46;332;332,0;332;332;332;332;332;332;332;332;332;332;1,000000000000000;1,000000000000000;1,000000000000000;1,000000000000000;1,000000000000000;1,000000000000000;1,000000000000000;1,000000000000000;1,000000000000000;1,000000000000000;1,000000000000000
2021-12-05;alle;77;77,0;77;77;77;77;77;77;77;77;77;77;554;554,0;554;554;554;554;554;554;554;554;554;554;NA;NA;NA;NA;NA;NA;NA;NA;NA;NA;NA
2021-12-04;0-60;29;29,0;29;29;29;29;29;29;29;29;29;29;206;206,0;206;206;206;206;206;206;206;206;206;206;1,000000000000000;1,000000000000000;1,000000000000000;1,000000000000000;1,000000000000000;1,000000000000000;1,000000000000000;1,000000000000000;1,000000000000000;1,000000000000000;1,000000000000000
2021-12-04;60+;65;65,0;65;65;65;65;65;65;65;65;65;65;319;319,0;319;319;319;319;319;319;319;319;319;319;1,000000000000000;1,000000000000000;1,000000000000000;1,000000000000000;1,000000000000000;1,000000000000000;1,000000000000000;1,000000000000000;1,000000000000000;1,000000000000000;1,000000000000000
2021-12-04;alle;94;94,0;94;94;94;94;94;94;94;94;94;94;525;525,0;525;525;525;525;525;525;525;525;525;525;NA;NA;NA;NA;NA;NA;NA;NA;NA;NA;NA
2021-12-03;0-60;37;37,0;37;37;37;37;37;37;37;37;37;37;220;220,0;220;220;220;220;220;220;220;220;220;220;1,000000000000000;1,000000000000000;1,000000000000000;1,000000000000000;1,000000000000000;1,000000000000000;1,000000000000000;1,000000000000000;1,000000000000000;1,000000000000000;1,000000000000000
2021-12-03;60+;34;34,0;34;34;34;34;34;34;34;34;34;34;289;289,0;289;289;289;289;289;289;289;289;289;289;1,000000000000000;1,000000000000000;1,000000000000000;1,000000000000000;1,000000000000000;1,000000000000000;1,000000000000000;1,000000000000000;1,000000000000000;1,000000000000000;1,000000000000000
2021-12-03;alle;71;71,0;71;71;71;71;71;71;71;71;71;71;509;509,0;509;509;509;509;509;509;509;509;509;509;NA;NA;NA;NA;NA;NA;NA;NA;NA;NA;NA
2021-12-02;0-60;43;43,0;43;43;43;43;43;43;43;43;43;43;214;214,0;214;214;214;214;214;214;214;214;214;214;1,000000000000000;1,000000000000000;1,000000000000000;1,000000000000000;1,000000000000000;1,000000000000000;1,000000000000000;1,000000000000000;1,000000000000000;1,000000000000000;1,000000000000000
2021-12-02;60+;57;57,0;57;57;57;57;57;57;57;57;57;57;307;307,0;307;307;307;307;307;307;307;307;307;307;1,000000000000000;1,000000000000000;1,000000000000000;1,000000000000000;1,000000000000000;1,000000000000000;1,000000000000000;1,000000000000000;1,000000000000000;1,000000000000000;1,000000000000000
2021-12-02;alle;100;100,0;100;100;100;100;100;100;100;100;100;100;521;521,0;521;521;521;521;521;521;521;521;521;521;NA;NA;NA;NA;NA;NA;NA;NA;NA;NA;NA
2021-12-01;0-60;35;35,0;35;35;35;35;35;35;35;35;35;35;215;215,0;215;215;215;215;215;215;215;215;215;215;1,000000000000000;1,000000000000000;1,000000000000000;1,000000000000000;1,000000000000000;1,000000000000000;1,000000000000000;1,000000000000000;1,000000000000000;1,000000000000000;1,000000000000000
2021-12-01;60+;56;56,0;56;56;56;56;56;56;56;56;56;56;308;308,0;308;308;308;308;308;308;308;308;308;308;1,000000000000000;1,000000000000000;1,000000000000000;1,000000000000000;1,000000000000000;1,000000000000000;1,000000000000000;1,000000000000000;1,000000000000000;1,000000000000000;1,000000000000000
2021-12-01;alle;91;91,0;91;91;91;91;91;91;91;91;91;91;523;523,0;523;523;523;523;523;523;523;523;523;523;NA;NA;NA;NA;NA;NA;NA;NA;NA;NA;NA
2021-11-30;0-60;31;31,0;31;31;31;31;31;31;31;31;31;31;211;211,0;211;211;211;211;211;211;211;211;211;211;1,000000000000000;1,000000000000000;1,000000000000000;1,000000000000000;1,000000000000000;1,000000000000000;1,000000000000000;1,000000000000000;1,000000000000000;1,000000000000000;1,000000000000000
2021-11-30;60+;41;41,0;41;41;41;41;41;41;41;41;41;41;312;312,0;312;312;312;312;312;312;312;312;312;312;1,000000000000000;1,000000000000000;1,000000000000000;1,000000000000000;1,000000000000000;1,000000000000000;1,000000000000000;1,000000000000000;1,000000000000000;1,000000000000000;1,000000000000000
2021-11-30;alle;72;72,0;72;72;72;72;72;72;72;72;72;72;523;523,0;523;523;523;523;523;523;523;523;523;523;NA;NA;NA;NA;NA;NA;NA;NA;NA;NA;NA
2021-11-29;0-60;16;16,0;16;16;16;16;16;16;16;16;16;16;216;216,0;216;216;216;216;216;216;216;216;216;216;1,000000000000000;1,000000000000000;1,000000000000000;1,000000000000000;1,000000000000000;1,000000000000000;1,000000000000000;1,000000000000000;1,000000000000000;1,000000000000000;1,000000000000000
2021-11-29;60+;33;33,0;33;33;33;33;33;33;33;33;33;33;319;319,0;319;319;319;319;319;319;319;319;319;319;1,000000000000000;1,000000000000000;1,000000000000000;1,000000000000000;1,000000000000000;1,000000000000000;1,000000000000000;1,000000000000000;1,000000000000000;1,000000000000000;1,000000000000000
2021-11-29;alle;49;49,0;49;49;49;49;49;49;49;49;49;49;535;535,0;535;535;535;535;535;535;535;535;535;535;NA;NA;NA;NA;NA;NA;NA;NA;NA;NA;NA
2021-11-28;0-60;15;15,0;15;15;15;15;15;15;15;15;15;15;209;209,0;209;209;209;209;209;209;209;209;209;209;1,000000000000000;1,000000000000000;1,000000000000000;1,000000000000000;1,000000000000000;1,000000000000000;1,000000000000000;1,000000000000000;1,000000000000000;1,000000000000000;1,000000000000000
2021-11-28;60+;33;33,0;33;33;33;33;33;33;33;33;33;33;314;314,0;314;314;314;314;314;314;314;314;314;314;1,000000000000000;1,000000000000000;1,000000000000000;1,000000000000000;1,000000000000000;1,000000000000000;1,000000000000000;1,000000000000000;1,000000000000000;1,000000000000000;1,000000000000000
2021-11-28;alle;48;48,0;48;48;48;48;48;48;48;48;48;48;523;523,0;523;523;523;523;523;523;523;523;523;523;NA;NA;NA;NA;NA;NA;NA;NA;NA;NA;NA
2021-11-27;0-60;43;43,0;43;43;43;43;43;43;43;43;43;43;226;226,0;226;226;226;226;226;226;226;226;226;226;1,000000000000000;1,000000000000000;1,000000000000000;1,000000000000000;1,000000000000000;1,000000000000000;1,000000000000000;1,000000000000000;1,000000000000000;1,000000000000000;1,000000000000000
2021-11-27;60+;35;35,0;35;35;35;35;35;35;35;35;35;35;322;322,0;322;322;322;322;322;322;322;322;322;322;1,000000000000000;1,000000000000000;1,000000000000000;1,000000000000000;1,000000000000000;1,000000000000000;1,000000000000000;1,000000000000000;1,000000000000000;1,000000000000000;1,000000000000000
2021-11-27;alle;78;78,0;78;78;78;78;78;78;78;78;78;78;548;548,0;548;548;548;548;548;548;548;548;548;548;NA;NA;NA;NA;NA;NA;NA;NA;NA;NA;NA
2021-11-26;0-60;31;31,0;31;31;31;31;31;31;31;31;31;31;210;210,0;210;210;210;210;210;210;210;210;210;210;1,000000000000000;1,000000000000000;1,000000000000000;1,000000000000000;1,000000000000000;1,000000000000000;1,000000000000000;1,000000000000000;1,000000000000000;1,000000000000000;1,000000000000000
2021-11-26;60+;52;52,0;52;52;52;52;52;52;52;52;52;52;338;338,0;338;338;338;338;338;338;338;338;338;338;1,000000000000000;1,000000000000000;1,000000000000000;1,000000000000000;1,000000000000000;1,000000000000000;1,000000000000000;1,000000000000000;1,000000000000000;1,000000000000000;1,000000000000000
2021-11-26;alle;83;83,0;83;83;83;83;83;83;83;83;83;83;548;548,0;548;548;548;548;548;548;548;548;548;548;NA;NA;NA;NA;NA;NA;NA;NA;NA;NA;NA
2021-11-25;0-60;44;44,0;44;44;44;44;44;44;44;44;44;44;217;217,0;217;217;217;217;217;217;217;217;217;217;1,000000000000000;1,000000000000000;1,000000000000000;1,000000000000000;1,000000000000000;1,000000000000000;1,000000000000000;1,000000000000000;1,000000000000000;1,000000000000000;1,000000000000000
2021-11-25;60+;58;58,0;58;58;58;58;58;58;58;58;58;58;343;343,0;343;343;343;343;343;343;343;343;343;343;1,000000000000000;1,000000000000000;1,000000000000000;1,000000000000000;1,000000000000000;1,000000000000000;1,000000000000000;1,000000000000000;1,000000000000000;1,000000000000000;1,000000000000000
2021-11-25;alle;102;102,0;102;102;102;102;102;102;102;102;102;102;560;560,0;560;560;560;560;560;560;560;560;560;560;NA;NA;NA;NA;NA;NA;NA;NA;NA;NA;NA
2021-11-24;0-60;31;31,0;31;31;31;31;31;31;31;31;31;31;206;206,0;206;206;206;206;206;206;206;206;206;206;1,000000000000000;1,000000000000000;1,000000000000000;1,000000000000000;1,000000000000000;1,000000000000000;1,000000000000000;1,000000000000000;1,000000000000000;1,000000000000000;1,000000000000000
2021-11-24;60+;60;60,0;60;60;60;60;60;60;60;60;60;60;338;338,0;338;338;338;338;338;338;338;338;338;338;1,000000000000000;1,000000000000000;1,000000000000000;1,000000000000000;1,000000000000000;1,000000000000000;1,000000000000000;1,000000000000000;1,000000000000000;1,000000000000000;1,000000000000000
2021-11-24;alle;91;91,0;91;91;91;91;91;91;91;91;91;91;544;544,0;544;544;544;544;544;544;544;544;544;544;NA;NA;NA;NA;NA;NA;NA;NA;NA;NA;NA
2021-11-23;0-60;36;36,0;36;36;36;36;36;36;36;36;36;36;227;227,0;227;227;227;227;227;227;227;227;227;227;1,000000000000000;1,000000000000000;1,000000000000000;1,000000000000000;1,000000000000000;1,000000000000000;1,000000000000000;1,000000000000000;1,000000000000000;1,000000000000000;1,000000000000000
2021-11-23;60+;48;48,0;48;48;48;48;48;48;48;48;48;48;327;327,0;327;327;327;327;327;327;327;327;327;327;1,000000000000000;1,000000000000000;1,000000000000000;1,000000000000000;1,000000000000000;1,000000000000000;1,000000000000000;1,000000000000000;1,000000000000000;1,000000000000000;1,000000000000000
2021-11-23;alle;84;84,0;84;84;84;84;84;84;84;84;84;84;554;554,0;554;554;554;554;554;554;554;554;554;554;NA;NA;NA;NA;NA;NA;NA;NA;NA;NA;NA
2021-11-22;0-60;9;9,0;9;9;9;9;9;9;9;9;9;9;221;221,0;221;221;221;221;221;221;221;221;221;221;1,000000000000000;1,000000000000000;1,000000000000000;1,000000000000000;1,000000000000000;1,000000000000000;1,000000000000000;1,000000000000000;1,000000000000000;1,000000000000000;1,000000000000000
2021-11-22;60+;28;28,0;28;28;28;28;28;28;28;28;28;28;325;325,0;325;325;325;325;325;325;325;325;325;325;1,000000000000000;1,000000000000000;1,000000000000000;1,000000000000000;1,000000000000000;1,000000000000000;1,000000000000000;1,000000000000000;1,000000000000000;1,000000000000000;1,000000000000000
2021-11-22;alle;37;37,0;37;37;37;37;37;37;37;37;37;37;546;546,0;546;546;546;546;546;546;546;546;546;546;NA;NA;NA;NA;NA;NA;NA;NA;NA;NA;NA
2021-11-21;0-60;32;32,0;32;32;32;32;32;32;32;32;32;32;228;228,0;228;228;228;228;228;228;228;228;228;228;1,000000000000000;1,000000000000000;1,000000000000000;1,000000000000000;1,000000000000000;1,000000000000000;1,000000000000000;1,000000000000000;1,000000000000000;1,000000000000000;1,000000000000000
2021-11-21;60+;41;41,0;41;41;41;41;41;41;41;41;41;41;315;315,0;315;315;315;315;315;315;315;315;315;315;1,000000000000000;1,000000000000000;1,000000000000000;1,000000000000000;1,000000000000000;1,000000000000000;1,000000000000000;1,000000000000000;1,000000000000000;1,000000000000000;1,000000000000000
2021-11-21;alle;73;73,0;73;73;73;73;73;73;73;73;73;73;543;543,0;543;543;543;543;543;543;543;543;543;543;NA;NA;NA;NA;NA;NA;NA;NA;NA;NA;NA
2021-11-20;0-60;27;27,0;27;27;27;27;27;27;27;27;27;27;214;214,0;214;214;214;214;214;214;214;214;214;214;1,000000000000000;1,000000000000000;1,000000000000000;1,000000000000000;1,000000000000000;1,000000000000000;1,000000000000000;1,000000000000000;1,000000000000000;1,000000000000000;1,000000000000000
2021-11-20;60+;51;51,0;51;51;51;51;51;51;51;51;51;51;298;298,0;298;298;298;298;298;298;298;298;298;298;1,000000000000000;1,000000000000000;1,000000000000000;1,000000000000000;1,000000000000000;1,000000000000000;1,000000000000000;1,000000000000000;1,000000000000000;1,000000000000000;1,000000000000000
2021-11-20;alle;78;78,0;78;78;78;78;78;78;78;78;78;78;512;512,0;512;512;512;512;512;512;512;512;512;512;NA;NA;NA;NA;NA;NA;NA;NA;NA;NA;NA
2021-11-19;0-60;38;38,0;38;38;38;38;38;38;38;38;38;38;227;227,0;227;227;227;227;227;227;227;227;227;227;1,000000000000000;1,000000000000000;1,000000000000000;1,000000000000000;1,000000000000000;1,000000000000000;1,000000000000000;1,000000000000000;1,000000000000000;1,000000000000000;1,000000000000000
2021-11-19;60+;57;57,0;57;57;57;57;57;57;57;57;57;57;287;287,0;287;287;287;287;287;287;287;287;287;287;1,000000000000000;1,000000000000000;1,000000000000000;1,000000000000000;1,000000000000000;1,000000000000000;1,000000000000000;1,000000000000000;1,000000000000000;1,000000000000000;1,000000000000000
2021-11-19;alle;95;95,0;95;95;95;95;95;95;95;95;95;95;514;514,0;514;514;514;514;514;514;514;514;514;514;NA;NA;NA;NA;NA;NA;NA;NA;NA;NA;NA
2021-11-18;0-60;33;33,0;33;33;33;33;33;33;33;33;33;33;220;220,0;220;220;220;220;220;220;220;220;220;220;1,000000000000000;1,000000000000000;1,000000000000000;1,000000000000000;1,000000000000000;1,000000000000000;1,000000000000000;1,000000000000000;1,000000000000000;1,000000000000000;1,000000000000000
2021-11-18;60+;53;53,0;53;53;53;53;53;53;53;53;53;53;286;286,0;286;286;286;286;286;286;286;286;286;286;1,000000000000000;1,000000000000000;1,000000000000000;1,000000000000000;1,000000000000000;1,000000000000000;1,000000000000000;1,000000000000000;1,000000000000000;1,000000000000000;1,000000000000000
2021-11-18;alle;86;86,0;86;86;86;86;86;86;86;86;86;86;506;506,0;506;506;506;506;506;506;506;506;506;506;NA;NA;NA;NA;NA;NA;NA;NA;NA;NA;NA
2021-11-17;0-60;52;52,0;52;52;52;52;52;52;52;52;52;52;217;217,0;217;217;217;217;217;217;217;217;217;217;1,000000000000000;1,000000000000000;1,000000000000000;1,000000000000000;1,000000000000000;1,000000000000000;1,000000000000000;1,000000000000000;1,000000000000000;1,000000000000000;1,000000000000000
2021-11-17;60+;49;49,0;49;49;49;49;49;49;49;49;49;49;275;275,0;275;275;275;275;275;275;275;275;275;275;1,000000000000000;1,000000000000000;1,000000000000000;1,000000000000000;1,000000000000000;1,000000000000000;1,000000000000000;1,000000000000000;1,000000000000000;1,000000000000000;1,000000000000000
2021-11-17;alle;101;101,0;101;101;101;101;101;101;101;101;101;101;492;492,0;492;492;492;492;492;492;492;492;492;492;NA;NA;NA;NA;NA;NA;NA;NA;NA;NA;NA
2021-11-16;0-60;30;30,0;30;30;30;30;30;30;30;30;30;30;199;199,0;199;199;199;199;199;199;199;199;199;199;1,000000000000000;1,000000000000000;1,000000000000000;1,000000000000000;1,000000000000000;1,000000000000000;1,000000000000000;1,000000000000000;1,000000000000000;1,000000000000000;1,000000000000000
2021-11-16;60+;46;46,0;46;46;46;46;46;46;46;46;46;46;280;280,0;280;280;280;280;280;280;280;280;280;280;1,000000000000000;1,000000000000000;1,000000000000000;1,000000000000000;1,000000000000000;1,000000000000000;1,000000000000000;1,000000000000000;1,000000000000000;1,000000000000000;1,000000000000000
2021-11-16;alle;76;76,0;76;76;76;76;76;76;76;76;76;76;479;479,0;479;479;479;479;479;479;479;479;479;479;NA;NA;NA;NA;NA;NA;NA;NA;NA;NA;NA
2021-11-15;0-60;16;16,0;16;16;16;16;16;16;16;16;16;16;196;196,0;196;196;196;196;196;196;196;196;196;196;1,000000000000000;1,000000000000000;1,000000000000000;1,000000000000000;1,000000000000000;1,000000000000000;1,000000000000000;1,000000000000000;1,000000000000000;1,000000000000000;1,000000000000000
2021-11-15;60+;18;18,0;18;18;18;18;18;18;18;18;18;18;269;269,0;269;269;269;269;269;269;269;269;269;269;1,000000000000000;1,000000000000000;1,000000000000000;1,000000000000000;1,000000000000000;1,000000000000000;1,000000000000000;1,000000000000000;1,000000000000000;1,000000000000000;1,000000000000000
2021-11-15;alle;34;34,0;34;34;34;34;34;34;34;34;34;34;465;465,0;465;465;465;465;465;465;465;465;465;465;NA;NA;NA;NA;NA;NA;NA;NA;NA;NA;NA
2021-11-14;0-60;18;18,0;18;18;18;18;18;18;18;18;18;18;190;190,0;190;190;190;190;190;190;190;190;190;190;1,000000000000000;1,000000000000000;1,000000000000000;1,000000000000000;1,000000000000000;1,000000000000000;1,000000000000000;1,000000000000000;1,000000000000000;1,000000000000000;1,000000000000000
2021-11-14;60+;24;24,0;24;24;24;24;24;24;24;24;24;24;262;262,0;262;262;262;262;262;262;262;262;262;262;1,000000000000000;1,000000000000000;1,000000000000000;1,000000000000000;1,000000000000000;1,000000000000000;1,000000000000000;1,000000000000000;1,000000000000000;1,000000000000000;1,000000000000000
2021-11-14;alle;42;42,0;42;42;42;42;42;42;42;42;42;42;452;452,0;452;452;452;452;452;452;452;452;452;452;NA;NA;NA;NA;NA;NA;NA;NA;NA;NA;NA
2021-11-13;0-60;40;40,0;40;40;40;40;40;40;40;40;40;40;189;189,0;189;189;189;189;189;189;189;189;189;189;1,000000000000000;1,000000000000000;1,000000000000000;1,000000000000000;1,000000000000000;1,000000000000000;1,000000000000000;1,000000000000000;1,000000000000000;1,000000000000000;1,000000000000000
2021-11-13;60+;40;40,0;40;40;40;40;40;40;40;40;40;40;259;259,0;259;259;259;259;259;259;259;259;259;259;1,000000000000000;1,000000000000000;1,000000000000000;1,000000000000000;1,000000000000000;1,000000000000000;1,000000000000000;1,000000000000000;1,000000000000000;1,000000000000000;1,000000000000000
2021-11-13;alle;80;80,0;80;80;80;80;80;80;80;80;80;80;448;448,0;448;448;448;448;448;448;448;448;448;448;NA;NA;NA;NA;NA;NA;NA;NA;NA;NA;NA
2021-11-12;0-60;31;31,0;31;31;31;31;31;31;31;31;31;31;177;177,0;177;177;177;177;177;177;177;177;177;177;1,000000000000000;1,000000000000000;1,000000000000000;1,000000000000000;1,000000000000000;1,000000000000000;1,000000000000000;1,000000000000000;1,000000000000000;1,000000000000000;1,000000000000000
2021-11-12;60+;56;56,0;56;56;56;56;56;56;56;56;56;56;276;276,0;276;276;276;276;276;276;276;276;276;276;1,000000000000000;1,000000000000000;1,000000000000000;1,000000000000000;1,000000000000000;1,000000000000000;1,000000000000000;1,000000000000000;1,000000000000000;1,000000000000000;1,000000000000000
2021-11-12;alle;87;87,0;87;87;87;87;87;87;87;87;87;87;453;453,0;453;453;453;453;453;453;453;453;453;453;NA;NA;NA;NA;NA;NA;NA;NA;NA;NA;NA
2021-11-11;0-60;30;30,0;30;30;30;30;30;30;30;30;30;30;174;174,0;174;174;174;174;174;174;174;174;174;174;1,000000000000000;1,000000000000000;1,000000000000000;1,000000000000000;1,000000000000000;1,000000000000000;1,000000000000000;1,000000000000000;1,000000000000000;1,000000000000000;1,000000000000000
2021-11-11;60+;42;42,0;42;42;42;42;42;42;42;42;42;42;265;265,0;265;265;265;265;265;265;265;265;265;265;1,000000000000000;1,000000000000000;1,000000000000000;1,000000000000000;1,000000000000000;1,000000000000000;1,000000000000000;1,000000000000000;1,000000000000000;1,000000000000000;1,000000000000000
2021-11-11;alle;72;72,0;72;72;72;72;72;72;72;72;72;72;439;439,0;439;439;439;439;439;439;439;439;439;439;NA;NA;NA;NA;NA;NA;NA;NA;NA;NA;NA
2021-11-10;0-60;34;34,0;34;34;34;34;34;34;34;34;34;34;180;180,0;180;180;180;180;180;180;180;180;180;180;1,000000000000000;1,000000000000000;1,000000000000000;1,000000000000000;1,000000000000000;1,000000000000000;1,000000000000000;1,000000000000000;1,000000000000000;1,000000000000000;1,000000000000000
2021-11-10;60+;54;54,0;54;54;54;54;54;54;54;54;54;54;288;288,0;288;288;288;288;288;288;288;288;288;288;1,000000000000000;1,000000000000000;1,000000000000000;1,000000000000000;1,000000000000000;1,000000000000000;1,000000000000000;1,000000000000000;1,000000000000000;1,000000000000000;1,000000000000000
2021-11-10;alle;88;88,0;88;88;88;88;88;88;88;88;88;88;468;468,0;468;468;468;468;468;468;468;468;468;468;NA;NA;NA;NA;NA;NA;NA;NA;NA;NA;NA
2021-11-09;0-60;27;27,0;27;27;27;27;27;27;27;27;27;27;172;172,0;172;172;172;172;172;172;172;172;172;172;1,000000000000000;1,000000000000000;1,000000000000000;1,000000000000000;1,000000000000000;1,000000000000000;1,000000000000000;1,000000000000000;1,000000000000000;1,000000000000000;1,000000000000000
2021-11-09;60+;35;35,0;35;35;35;35;35;35;35;35;35;35;280;280,0;280;280;280;280;280;280;280;280;280;280;1,000000000000000;1,000000000000000;1,000000000000000;1,000000000000000;1,000000000000000;1,000000000000000;1,000000000000000;1,000000000000000;1,000000000000000;1,000000000000000;1,000000000000000
2021-11-09;alle;62;62,0;62;62;62;62;62;62;62;62;62;62;452;452,0;452;452;452;452;452;452;452;452;452;452;NA;NA;NA;NA;NA;NA;NA;NA;NA;NA;NA
2021-11-08;0-60;10;10,0;10;10;10;10;10;10;10;10;10;10;168;168,0;168;168;168;168;168;168;168;168;168;168;1,000000000000000;1,000000000000000;1,000000000000000;1,000000000000000;1,000000000000000;1,000000000000000;1,000000000000000;1,000000000000000;1,000000000000000;1,000000000000000;1,000000000000000
2021-11-08;60+;11;11,0;11;11;11;11;11;11;11;11;11;11;289;289,0;289;289;289;289;289;289;289;289;289;289;1,000000000000000;1,000000000000000;1,000000000000000;1,000000000000000;1,000000000000000;1,000000000000000;1,000000000000000;1,000000000000000;1,000000000000000;1,000000000000000;1,000000000000000
2021-11-08;alle;21;21,0;21;21;21;21;21;21;21;21;21;21;457;457,0;457;457;457;457;457;457;457;457;457;457;NA;NA;NA;NA;NA;NA;NA;NA;NA;NA;NA
2021-11-07;0-60;17;17,0;17;17;17;17;17;17;17;17;17;17;167;167,0;167;167;167;167;167;167;167;167;167;167;1,000000000000000;1,000000000000000;1,000000000000000;1,000000000000000;1,000000000000000;1,000000000000000;1,000000000000000;1,000000000000000;1,000000000000000;1,000000000000000;1,000000000000000
2021-11-07;60+;21;21,0;21;21;21;21;21;21;21;21;21;21;297;297,0;297;297;297;297;297;297;297;297;297;297;1,000000000000000;1,000000000000000;1,000000000000000;1,000000000000000;1,000000000000000;1,000000000000000;1,000000000000000;1,000000000000000;1,000000000000000;1,000000000000000;1,000000000000000
2021-11-07;alle;38;38,0;38;38;38;38;38;38;38;38;38;38;464;464,0;464;464;464;464;464;464;464;464;464;464;NA;NA;NA;NA;NA;NA;NA;NA;NA;NA;NA
2021-11-06;0-60;28;28,0;28;28;28;28;28;28;28;28;28;28;168;168,0;168;168;168;168;168;168;168;168;168;168;1,000000000000000;1,000000000000000;1,000000000000000;1,000000000000000;1,000000000000000;1,000000000000000;1,000000000000000;1,000000000000000;1,000000000000000;1,000000000000000;1,000000000000000
2021-11-06;60+;57;57,0;57;57;57;57;57;57;57;57;57;57;307;307,0;307;307;307;307;307;307;307;307;307;307;1,000000000000000;1,000000000000000;1,000000000000000;1,000000000000000;1,000000000000000;1,000000000000000;1,000000000000000;1,000000000000000;1,000000000000000;1,000000000000000;1,000000000000000
2021-11-06;alle;85;85,0;85;85;85;85;85;85;85;85;85;85;475;475,0;475;475;475;475;475;475;475;475;475;475;NA;NA;NA;NA;NA;NA;NA;NA;NA;NA;NA
2021-11-05;0-60;28;28,0;28;28;28;28;28;28;28;28;28;28;171;171,0;171;171;171;171;171;171;171;171;171;171;1,000000000000000;1,000000000000000;1,000000000000000;1,000000000000000;1,000000000000000;1,000000000000000;1,000000000000000;1,000000000000000;1,000000000000000;1,000000000000000;1,000000000000000
2021-11-05;60+;45;45,0;45;45;45;45;45;45;45;45;45;45;280;280,0;280;280;280;280;280;280;280;280;280;280;1,000000000000000;1,000000000000000;1,000000000000000;1,000000000000000;1,000000000000000;1,000000000000000;1,000000000000000;1,000000000000000;1,000000000000000;1,000000000000000;1,000000000000000
2021-11-05;alle;73;73,0;73;73;73;73;73;73;73;73;73;73;451;451,0;451;451;451;451;451;451;451;451;451;451;NA;NA;NA;NA;NA;NA;NA;NA;NA;NA;NA
2021-11-04;0-60;36;36,0;36;36;36;36;36;36;36;36;36;36;168;168,0;168;168;168;168;168;168;168;168;168;168;1,000000000000000;1,000000000000000;1,000000000000000;1,000000000000000;1,000000000000000;1,000000000000000;1,000000000000000;1,000000000000000;1,000000000000000;1,000000000000000;1,000000000000000
2021-11-04;60+;65;65,0;65;65;65;65;65;65;65;65;65;65;272;272,0;272;272;272;272;272;272;272;272;272;272;1,000000000000000;1,000000000000000;1,000000000000000;1,000000000000000;1,000000000000000;1,000000000000000;1,000000000000000;1,000000000000000;1,000000000000000;1,000000000000000;1,000000000000000
2021-11-04;alle;101;101,0;101;101;101;101;101;101;101;101;101;101;440;440,0;440;440;440;440;440;440;440;440;440;440;NA;NA;NA;NA;NA;NA;NA;NA;NA;NA;NA
2021-11-03;0-60;26;26,0;26;26;26;26;26;26;26;26;26;26;156;156,0;156;156;156;156;156;156;156;156;156;156;1,000000000000000;1,000000000000000;1,000000000000000;1,000000000000000;1,000000000000000;1,000000000000000;1,000000000000000;1,000000000000000;1,000000000000000;1,000000000000000;1,000000000000000
2021-11-03;60+;46;46,0;46;46;46;46;46;46;46;46;46;46;237;237,0;237;237;237;237;237;237;237;237;237;237;1,000000000000000;1,000000000000000;1,000000000000000;1,000000000000000;1,000000000000000;1,000000000000000;1,000000000000000;1,000000000000000;1,000000000000000;1,000000000000000;1,000000000000000
2021-11-03;alle;72;72,0;72;72;72;72;72;72;72;72;72;72;393;393,0;393;393;393;393;393;393;393;393;393;393;NA;NA;NA;NA;NA;NA;NA;NA;NA;NA;NA
2021-11-02;0-60;23;23,0;23;23;23;23;23;23;23;23;23;23;155;155,0;155;155;155;155;155;155;155;155;155;155;1,000000000000000;1,000000000000000;1,000000000000000;1,000000000000000;1,000000000000000;1,000000000000000;1,000000000000000;1,000000000000000;1,000000000000000;1,000000000000000;1,000000000000000
2021-11-02;60+;44;44,0;44;44;44;44;44;44;44;44;44;44;223;223,0;223;223;223;223;223;223;223;223;223;223;1,000000000000000;1,000000000000000;1,000000000000000;1,000000000000000;1,000000000000000;1,000000000000000;1,000000000000000;1,000000000000000;1,000000000000000;1,000000000000000;1,000000000000000
2021-11-02;alle;67;67,0;67;67;67;67;67;67;67;67;67;67;378;378,0;378;378;378;378;378;378;378;378;378;378;NA;NA;NA;NA;NA;NA;NA;NA;NA;NA;NA
2021-11-01;0-60;9;9,0;9;9;9;9;9;9;9;9;9;9;171;171,0;171;171;171;171;171;171;171;171;171;171;1,000000000000000;1,000000000000000;1,000000000000000;1,000000000000000;1,000000000000000;1,000000000000000;1,000000000000000;1,000000000000000;1,000000000000000;1,000000000000000;1,000000000000000
2021-11-01;60+;19;19,0;19;19;19;19;19;19;19;19;19;19;227;227,0;227;227;227;227;227;227;227;227;227;227;1,000000000000000;1,000000000000000;1,000000000000000;1,000000000000000;1,000000000000000;1,000000000000000;1,000000000000000;1,000000000000000;1,000000000000000;1,000000000000000;1,000000000000000
2021-11-01;alle;28;28,0;28;28;28;28;28;28;28;28;28;28;398;398,0;398;398;398;398;398;398;398;398;398;398;NA;NA;NA;NA;NA;NA;NA;NA;NA;NA;NA
2021-10-31;0-60;18;18,0;18;18;18;18;18;18;18;18;18;18;170;170,0;170;170;170;170;170;170;170;170;170;170;1,000000000000000;1,000000000000000;1,000000000000000;1,000000000000000;1,000000000000000;1,000000000000000;1,000000000000000;1,000000000000000;1,000000000000000;1,000000000000000;1,000000000000000
2021-10-31;60+;31;31,0;31;31;31;31;31;31;31;31;31;31;218;218,0;218;218;218;218;218;218;218;218;218;218;1,000000000000000;1,000000000000000;1,000000000000000;1,000000000000000;1,000000000000000;1,000000000000000;1,000000000000000;1,000000000000000;1,000000000000000;1,000000000000000;1,000000000000000
2021-10-31;alle;49;49,0;49;49;49;49;49;49;49;49;49;49;388;388,0;388;388;388;388;388;388;388;388;388;388;NA;NA;NA;NA;NA;NA;NA;NA;NA;NA;NA
2021-10-30;0-60;31;31,0;31;31;31;31;31;31;31;31;31;31;175;175,0;175;175;175;175;175;175;175;175;175;175;1,000000000000000;1,000000000000000;1,000000000000000;1,000000000000000;1,000000000000000;1,000000000000000;1,000000000000000;1,000000000000000;1,000000000000000;1,000000000000000;1,000000000000000
2021-10-30;60+;30;30,0;30;30;30;30;30;30;30;30;30;30;200;200,0;200;200;200;200;200;200;200;200;200;200;1,000000000000000;1,000000000000000;1,000000000000000;1,000000000000000;1,000000000000000;1,000000000000000;1,000000000000000;1,000000000000000;1,000000000000000;1,000000000000000;1,000000000000000
2021-10-30;alle;61;61,0;61;61;61;61;61;61;61;61;61;61;375;375,0;375;375;375;375;375;375;375;375;375;375;NA;NA;NA;NA;NA;NA;NA;NA;NA;NA;NA
2021-10-29;0-60;25;25,0;25;25;25;25;25;25;25;25;25;25;165;165,0;165;165;165;165;165;165;165;165;165;165;1,000000000000000;1,000000000000000;1,000000000000000;1,000000000000000;1,000000000000000;1,000000000000000;1,000000000000000;1,000000000000000;1,000000000000000;1,000000000000000;1,000000000000000
2021-10-29;60+;37;37,0;37;37;37;37;37;37;37;37;37;37;204;204,0;204;204;204;204;204;204;204;204;204;204;1,000000000000000;1,000000000000000;1,000000000000000;1,000000000000000;1,000000000000000;1,000000000000000;1,000000000000000;1,000000000000000;1,000000000000000;1,000000000000000;1,000000000000000
2021-10-29;alle;62;62,0;62;62;62;62;62;62;62;62;62;62;369;369,0;369;369;369;369;369;369;369;369;369;369;NA;NA;NA;NA;NA;NA;NA;NA;NA;NA;NA
2021-10-28;0-60;24;24,0;24;24;24;24;24;24;24;24;24;24;163;163,0;163;163;163;163;163;163;163;163;163;163;1,000000000000000;1,000000000000000;1,000000000000000;1,000000000000000;1,000000000000000;1,000000000000000;1,000000000000000;1,000000000000000;1,000000000000000;1,000000000000000;1,000000000000000
2021-10-28;60+;30;30,0;30;30;30;30;30;30;30;30;30;30;196;196,0;196;196;196;196;196;196;196;196;196;196;1,000000000000000;1,000000000000000;1,000000000000000;1,000000000000000;1,000000000000000;1,000000000000000;1,000000000000000;1,000000000000000;1,000000000000000;1,000000000000000;1,000000000000000
2021-10-28;alle;54;54,0;54;54;54;54;54;54;54;54;54;54;359;359,0;359;359;359;359;359;359;359;359;359;359;NA;NA;NA;NA;NA;NA;NA;NA;NA;NA;NA
2021-10-27;0-60;25;25,0;25;25;25;25;25;25;25;25;25;25;158;158,0;158;158;158;158;158;158;158;158;158;158;1,000000000000000;1,000000000000000;1,000000000000000;1,000000000000000;1,000000000000000;1,000000000000000;1,000000000000000;1,000000000000000;1,000000000000000;1,000000000000000;1,000000000000000
2021-10-27;60+;32;32,0;32;32;32;32;32;32;32;32;32;32;190;190,0;190;190;190;190;190;190;190;190;190;190;1,000000000000000;1,000000000000000;1,000000000000000;1,000000000000000;1,000000000000000;1,000000000000000;1,000000000000000;1,000000000000000;1,000000000000000;1,000000000000000;1,000000000000000
2021-10-27;alle;57;57,0;57;57;57;57;57;57;57;57;57;57;348;348,0;348;348;348;348;348;348;348;348;348;348;NA;NA;NA;NA;NA;NA;NA;NA;NA;NA;NA
2021-10-26;0-60;39;39,0;39;39;39;39;39;39;39;39;39;39;162;162,0;162;162;162;162;162;162;162;162;162;162;1,000000000000000;1,000000000000000;1,000000000000000;1,000000000000000;1,000000000000000;1,000000000000000;1,000000000000000;1,000000000000000;1,000000000000000;1,000000000000000;1,000000000000000
2021-10-26;60+;48;48,0;48;48;48;48;48;48;48;48;48;48;193;193,0;193;193;193;193;193;193;193;193;193;193;1,000000000000000;1,000000000000000;1,000000000000000;1,000000000000000;1,000000000000000;1,000000000000000;1,000000000000000;1,000000000000000;1,000000000000000;1,000000000000000;1,000000000000000
2021-10-26;alle;87;87,0;87;87;87;87;87;87;87;87;87;87;355;355,0;355;355;355;355;355;355;355;355;355;355;NA;NA;NA;NA;NA;NA;NA;NA;NA;NA;NA
2021-10-25;0-60;8;8,0;8;8;8;8;8;8;8;8;8;8;139;139,0;139;139;139;139;139;139;139;139;139;139;1,000000000000000;1,000000000000000;1,000000000000000;1,000000000000000;1,000000000000000;1,000000000000000;1,000000000000000;1,000000000000000;1,000000000000000;1,000000000000000;1,000000000000000
2021-10-25;60+;10;10,0;10;10;10;10;10;10;10;10;10;10;161;161,0;161;161;161;161;161;161;161;161;161;161;1,000000000000000;1,000000000000000;1,000000000000000;1,000000000000000;1,000000000000000;1,000000000000000;1,000000000000000;1,000000000000000;1,000000000000000;1,000000000000000;1,000000000000000
2021-10-25;alle;18;18,0;18;18;18;18;18;18;18;18;18;18;300;300,0;300;300;300;300;300;300;300;300;300;300;NA;NA;NA;NA;NA;NA;NA;NA;NA;NA;NA
2021-10-24;0-60;23;23,0;23;23;23;23;23;23;23;23;23;23;135;135,0;135;135;135;135;135;135;135;135;135;135;1,000000000000000;1,000000000000000;1,000000000000000;1,000000000000000;1,000000000000000;1,000000000000000;1,000000000000000;1,000000000000000;1,000000000000000;1,000000000000000;1,000000000000000
2021-10-24;60+;13;13,0;13;13;13;13;13;13;13;13;13;13;154;154,0;154;154;154;154;154;154;154;154;154;154;1,000000000000000;1,000000000000000;1,000000000000000;1,000000000000000;1,000000000000000;1,000000000000000;1,000000000000000;1,000000000000000;1,000000000000000;1,000000000000000;1,000000000000000
2021-10-24;alle;36;36,0;36;36;36;36;36;36;36;36;36;36;289;289,0;289;289;289;289;289;289;289;289;289;289;NA;NA;NA;NA;NA;NA;NA;NA;NA;NA;NA
2021-10-23;0-60;21;21,0;21;21;21;21;21;21;21;21;21;21;122;122,0;122;122;122;122;122;122;122;122;122;122;1,000000000000000;1,000000000000000;1,000000000000000;1,000000000000000;1,000000000000000;1,000000000000000;1,000000000000000;1,000000000000000;1,000000000000000;1,000000000000000;1,000000000000000
2021-10-23;60+;34;34,0;34;34;34;34;34;34;34;34;34;34;154;154,0;154;154;154;154;154;154;154;154;154;154;1,000000000000000;1,000000000000000;1,000000000000000;1,000000000000000;1,000000000000000;1,000000000000000;1,000000000000000;1,000000000000000;1,000000000000000;1,000000000000000;1,000000000000000
2021-10-23;alle;55;55,0;55;55;55;55;55;55;55;55;55;55;276;276,0;276;276;276;276;276;276;276;276;276;276;NA;NA;NA;NA;NA;NA;NA;NA;NA;NA;NA
2021-10-22;0-60;23;23,0;23;23;23;23;23;23;23;23;23;23;117;117,0;117;117;117;117;117;117;117;117;117;117;1,000000000000000;1,000000000000000;1,000000000000000;1,000000000000000;1,000000000000000;1,000000000000000;1,000000000000000;1,000000000000000;1,000000000000000;1,000000000000000;1,000000000000000
2021-10-22;60+;29;29,0;29;29;29;29;29;29;29;29;29;29;135;135,0;135;135;135;135;135;135;135;135;135;135;1,000000000000000;1,000000000000000;1,000000000000000;1,000000000000000;1,000000000000000;1,000000000000000;1,000000000000000;1,000000000000000;1,000000000000000;1,000000000000000;1,000000000000000
2021-10-22;alle;52;52,0;52;52;52;52;52;52;52;52;52;52;252;252,0;252;252;252;252;252;252;252;252;252;252;NA;NA;NA;NA;NA;NA;NA;NA;NA;NA;NA
2021-10-21;0-60;19;19,0;19;19;19;19;19;19;19;19;19;19;113;113,0;113;113;113;113;113;113;113;113;113;113;1,000000000000000;1,000000000000000;1,000000000000000;1,000000000000000;1,000000000000000;1,000000000000000;1,000000000000000;1,000000000000000;1,000000000000000;1,000000000000000;1,000000000000000
2021-10-21;60+;24;24,0;24;24;24;24;24;24;24;24;24;24;129;129,0;129;129;129;129;129;129;129;129;129;129;1,000000000000000;1,000000000000000;1,000000000000000;1,000000000000000;1,000000000000000;1,000000000000000;1,000000000000000;1,000000000000000;1,000000000000000;1,000000000000000;1,000000000000000
2021-10-21;alle;43;43,0;43;43;43;43;43;43;43;43;43;43;242;242,0;242;242;242;242;242;242;242;242;242;242;NA;NA;NA;NA;NA;NA;NA;NA;NA;NA;NA
2021-10-20;0-60;29;29,0;29;29;29;29;29;29;29;29;29;29;115;115,0;115;115;115;115;115;115;115;115;115;115;1,000000000000000;1,000000000000000;1,000000000000000;1,000000000000000;1,000000000000000;1,000000000000000;1,000000000000000;1,000000000000000;1,000000000000000;1,000000000000000;1,000000000000000
2021-10-20;60+;35;35,0;35;35;35;35;35;35;35;35;35;35;121;121,0;121;121;121;121;121;121;121;121;121;121;1,000000000000000;1,000000000000000;1,000000000000000;1,000000000000000;1,000000000000000;1,000000000000000;1,000000000000000;1,000000000000000;1,000000000000000;1,000000000000000;1,000000000000000
2021-10-20;alle;64;64,0;64;64;64;64;64;64;64;64;64;64;236;236,0;236;236;236;236;236;236;236;236;236;236;NA;NA;NA;NA;NA;NA;NA;NA;NA;NA;NA
2021-10-19;0-60;16;16,0;16;16;16;16;16;16;16;16;16;16;102;102,0;102;102;102;102;102;102;102;102;102;102;1,000000000000000;1,000000000000000;1,000000000000000;1,000000000000000;1,000000000000000;1,000000000000000;1,000000000000000;1,000000000000000;1,000000000000000;1,000000000000000;1,000000000000000
2021-10-19;60+;16;16,0;16;16;16;16;16;16;16;16;16;16;108;108,0;108;108;108;108;108;108;108;108;108;108;1,000000000000000;1,000000000000000;1,000000000000000;1,000000000000000;1,000000000000000;1,000000000000000;1,000000000000000;1,000000000000000;1,000000000000000;1,000000000000000;1,000000000000000
2021-10-19;alle;32;32,0;32;32;32;32;32;32;32;32;32;32;210;210,0;210;210;210;210;210;210;210;210;210;210;NA;NA;NA;NA;NA;NA;NA;NA;NA;NA;NA
2021-10-18;0-60;4;4,0;4;4;4;4;4;4;4;4;4;4;107;107,0;107;107;107;107;107;107;107;107;107;107;1,000000000000000;1,000000000000000;1,000000000000000;1,000000000000000;1,000000000000000;1,000000000000000;1,000000000000000;1,000000000000000;1,000000000000000;1,000000000000000;1,000000000000000
2021-10-18;60+;3;3,0;3;3;3;3;3;3;3;3;3;3;113;113,0;113;113;113;113;113;113;113;113;113;113;1,000000000000000;1,000000000000000;1,000000000000000;1,000000000000000;1,000000000000000;1,000000000000000;1,000000000000000;1,000000000000000;1,000000000000000;1,000000000000000;1,000000000000000
2021-10-18;alle;7;7,0;7;7;7;7;7;7;7;7;7;7;220;220,0;220;220;220;220;220;220;220;220;220;220;NA;NA;NA;NA;NA;NA;NA;NA;NA;NA;NA
2021-10-17;0-60;10;10,0;10;10;10;10;10;10;10;10;10;10;108;108,0;108;108;108;108;108;108;108;108;108;108;1,000000000000000;1,000000000000000;1,000000000000000;1,000000000000000;1,000000000000000;1,000000000000000;1,000000000000000;1,000000000000000;1,000000000000000;1,000000000000000;1,000000000000000
2021-10-17;60+;13;13,0;13;13;13;13;13;13;13;13;13;13;115;115,0;115;115;115;115;115;115;115;115;115;115;1,000000000000000;1,000000000000000;1,000000000000000;1,000000000000000;1,000000000000000;1,000000000000000;1,000000000000000;1,000000000000000;1,000000000000000;1,000000000000000;1,000000000000000
2021-10-17;alle;23;23,0;23;23;23;23;23;23;23;23;23;23;223;223,0;223;223;223;223;223;223;223;223;223;223;NA;NA;NA;NA;NA;NA;NA;NA;NA;NA;NA
2021-10-16;0-60;16;16,0;16;16;16;16;16;16;16;16;16;16;117;117,0;117;117;117;117;117;117;117;117;117;117;1,000000000000000;1,000000000000000;1,000000000000000;1,000000000000000;1,000000000000000;1,000000000000000;1,000000000000000;1,000000000000000;1,000000000000000;1,000000000000000;1,000000000000000
2021-10-16;60+;15;15,0;15;15;15;15;15;15;15;15;15;15;114;114,0;114;114;114;114;114;114;114;114;114;114;1,000000000000000;1,000000000000000;1,000000000000000;1,000000000000000;1,000000000000000;1,000000000000000;1,000000000000000;1,000000000000000;1,000000000000000;1,000000000000000;1,000000000000000
2021-10-16;alle;31;31,0;31;31;31;31;31;31;31;31;31;31;231;231,0;231;231;231;231;231;231;231;231;231;231;NA;NA;NA;NA;NA;NA;NA;NA;NA;NA;NA
2021-10-15;0-60;19;19,0;19;19;19;19;19;19;19;19;19;19;121;121,0;121;121;121;121;121;121;121;121;121;121;1,000000000000000;1,000000000000000;1,000000000000000;1,000000000000000;1,000000000000000;1,000000000000000;1,000000000000000;1,000000000000000;1,000000000000000;1,000000000000000;1,000000000000000
2021-10-15;60+;23;23,0;23;23;23;23;23;23;23;23;23;23;110;110,0;110;110;110;110;110;110;110;110;110;110;1,000000000000000;1,000000000000000;1,000000000000000;1,000000000000000;1,000000000000000;1,000000000000000;1,000000000000000;1,000000000000000;1,000000000000000;1,000000000000000;1,000000000000000
2021-10-15;alle;42;42,0;42;42;42;42;42;42;42;42;42;42;231;231,0;231;231;231;231;231;231;231;231;231;231;NA;NA;NA;NA;NA;NA;NA;NA;NA;NA;NA
2021-10-14;0-60;21;21,0;21;21;21;21;21;21;21;21;21;21;121;121,0;121;121;121;121;121;121;121;121;121;121;1,000000000000000;1,000000000000000;1,000000000000000;1,000000000000000;1,000000000000000;1,000000000000000;1,000000000000000;1,000000000000000;1,000000000000000;1,000000000000000;1,000000000000000
2021-10-14;60+;16;16,0;16;16;16;16;16;16;16;16;16;16;102;102,0;102;102;102;102;102;102;102;102;102;102;1,000000000000000;1,000000000000000;1,000000000000000;1,000000000000000;1,000000000000000;1,000000000000000;1,000000000000000;1,000000000000000;1,000000000000000;1,000000000000000;1,000000000000000
2021-10-14;alle;37;37,0;37;37;37;37;37;37;37;37;37;37;223;223,0;223;223;223;223;223;223;223;223;223;223;NA;NA;NA;NA;NA;NA;NA;NA;NA;NA;NA
2021-10-13;0-60;16;16,0;16;16;16;16;16;16;16;16;16;16;111;111,0;111;111;111;111;111;111;111;111;111;111;1,000000000000000;1,000000000000000;1,000000000000000;1,000000000000000;1,000000000000000;1,000000000000000;1,000000000000000;1,000000000000000;1,000000000000000;1,000000000000000;1,000000000000000
2021-10-13;60+;22;22,0;22;22;22;22;22;22;22;22;22;22;98;98,0;98;98;98;98;98;98;98;98;98;98;1,000000000000000;1,000000000000000;1,000000000000000;1,000000000000000;1,000000000000000;1,000000000000000;1,000000000000000;1,000000000000000;1,000000000000000;1,000000000000000;1,000000000000000
2021-10-13;alle;38;38,0;38;38;38;38;38;38;38;38;38;38;209;209,0;209;209;209;209;209;209;209;209;209;209;NA;NA;NA;NA;NA;NA;NA;NA;NA;NA;NA
2021-10-12;0-60;21;21,0;21;21;21;21;21;21;21;21;21;21;113;113,0;113;113;113;113;113;113;113;113;113;113;1,000000000000000;1,000000000000000;1,000000000000000;1,000000000000000;1,000000000000000;1,000000000000000;1,000000000000000;1,000000000000000;1,000000000000000;1,000000000000000;1,000000000000000
2021-10-12;60+;21;21,0;21;21;21;21;21;21;21;21;21;21;89;89,0;89;89;89;89;89;89;89;89;89;89;1,000000000000000;1,000000000000000;1,000000000000000;1,000000000000000;1,000000000000000;1,000000000000000;1,000000000000000;1,000000000000000;1,000000000000000;1,000000000000000;1,000000000000000
2021-10-12;alle;42;42,0;42;42;42;42;42;42;42;42;42;42;202;202,0;202;202;202;202;202;202;202;202;202;202;NA;NA;NA;NA;NA;NA;NA;NA;NA;NA;NA
2021-10-11;0-60;5;5,0;5;5;5;5;5;5;5;5;5;5;113;113,0;113;113;113;113;113;113;113;113;113;113;1,000000000000000;1,000000000000000;1,000000000000000;1,000000000000000;1,000000000000000;1,000000000000000;1,000000000000000;1,000000000000000;1,000000000000000;1,000000000000000;1,000000000000000
2021-10-11;60+;5;5,0;5;5;5;5;5;5;5;5;5;5;83;83,0;83;83;83;83;83;83;83;83;83;83;1,000000000000000;1,000000000000000;1,000000000000000;1,000000000000000;1,000000000000000;1,000000000000000;1,000000000000000;1,000000000000000;1,000000000000000;1,000000000000000;1,000000000000000
2021-10-11;alle;10;10,0;10;10;10;10;10;10;10;10;10;10;196;196,0;196;196;196;196;196;196;196;196;196;196;NA;NA;NA;NA;NA;NA;NA;NA;NA;NA;NA
2021-10-10;0-60;19;19,0;19;19;19;19;19;19;19;19;19;19;114;114,0;114;114;114;114;114;114;114;114;114;114;1,000000000000000;1,000000000000000;1,000000000000000;1,000000000000000;1,000000000000000;1,000000000000000;1,000000000000000;1,000000000000000;1,000000000000000;1,000000000000000;1,000000000000000
2021-10-10;60+;12;12,0;12;12;12;12;12;12;12;12;12;12;80;80,0;80;80;80;80;80;80;80;80;80;80;1,000000000000000;1,000000000000000;1,000000000000000;1,000000000000000;1,000000000000000;1,000000000000000;1,000000000000000;1,000000000000000;1,000000000000000;1,000000000000000;1,000000000000000
2021-10-10;alle;31;31,0;31;31;31;31;31;31;31;31;31;31;194;194,0;194;194;194;194;194;194;194;194;194;194;NA;NA;NA;NA;NA;NA;NA;NA;NA;NA;NA
2021-10-09;0-60;20;20,0;20;20;20;20;20;20;20;20;20;20;101;101,0;101;101;101;101;101;101;101;101;101;101;1,000000000000000;1,000000000000000;1,000000000000000;1,000000000000000;1,000000000000000;1,000000000000000;1,000000000000000;1,000000000000000;1,000000000000000;1,000000000000000;1,000000000000000
2021-10-09;60+;11;11,0;11;11;11;11;11;11;11;11;11;11;81;81,0;81;81;81;81;81;81;81;81;81;81;1,000000000000000;1,000000000000000;1,000000000000000;1,000000000000000;1,000000000000000;1,000000000000000;1,000000000000000;1,000000000000000;1,000000000000000;1,000000000000000;1,000000000000000
2021-10-09;alle;31;31,0;31;31;31;31;31;31;31;31;31;31;182;182,0;182;182;182;182;182;182;182;182;182;182;NA;NA;NA;NA;NA;NA;NA;NA;NA;NA;NA
2021-10-08;0-60;19;19,0;19;19;19;19;19;19;19;19;19;19;97;97,0;97;97;97;97;97;97;97;97;97;97;1,000000000000000;1,000000000000000;1,000000000000000;1,000000000000000;1,000000000000000;1,000000000000000;1,000000000000000;1,000000000000000;1,000000000000000;1,000000000000000;1,000000000000000
2021-10-08;60+;15;15,0;15;15;15;15;15;15;15;15;15;15;78;78,0;78;78;78;78;78;78;78;78;78;78;1,000000000000000;1,000000000000000;1,000000000000000;1,000000000000000;1,000000000000000;1,000000000000000;1,000000000000000;1,000000000000000;1,000000000000000;1,000000000000000;1,000000000000000
2021-10-08;alle;34;34,0;34;34;34;34;34;34;34;34;34;34;175;175,0;175;175;175;175;175;175;175;175;175;175;NA;NA;NA;NA;NA;NA;NA;NA;NA;NA;NA
2021-10-07;0-60;11;11,0;11;11;11;11;11;11;11;11;11;11;101;101,0;101;101;101;101;101;101;101;101;101;101;1,000000000000000;1,000000000000000;1,000000000000000;1,000000000000000;1,000000000000000;1,000000000000000;1,000000000000000;1,000000000000000;1,000000000000000;1,000000000000000;1,000000000000000
2021-10-07;60+;12;12,0;12;12;12;12;12;12;12;12;12;12;77;77,0;77;77;77;77;77;77;77;77;77;77;1,000000000000000;1,000000000000000;1,000000000000000;1,000000000000000;1,000000000000000;1,000000000000000;1,000000000000000;1,000000000000000;1,000000000000000;1,000000000000000;1,000000000000000
2021-10-07;alle;23;23,0;23;23;23;23;23;23;23;23;23;23;178;178,0;178;178;178;178;178;178;178;178;178;178;NA;NA;NA;NA;NA;NA;NA;NA;NA;NA;NA
2021-10-06;0-60;18;18,0;18;18;18;18;18;18;18;18;18;18;114;114,0;114;114;114;114;114;114;114;114;114;114;1,000000000000000;1,000000000000000;1,000000000000000;1,000000000000000;1,000000000000000;1,000000000000000;1,000000000000000;1,000000000000000;1,000000000000000;1,000000000000000;1,000000000000000
2021-10-06;60+;13;13,0;13;13;13;13;13;13;13;13;13;13;82;82,0;82;82;82;82;82;82;82;82;82;82;1,000000000000000;1,000000000000000;1,000000000000000;1,000000000000000;1,000000000000000;1,000000000000000;1,000000000000000;1,000000000000000;1,000000000000000;1,000000000000000;1,000000000000000
2021-10-06;alle;31;31,0;31;31;31;31;31;31;31;31;31;31;196;196,0;196;196;196;196;196;196;196;196;196;196;NA;NA;NA;NA;NA;NA;NA;NA;NA;NA;NA
2021-10-05;0-60;21;21,0;21;21;21;21;21;21;21;21;21;21;117;117,0;117;117;117;117;117;117;117;117;117;117;1,000000000000000;1,000000000000000;1,000000000000000;1,000000000000000;1,000000000000000;1,000000000000000;1,000000000000000;1,000000000000000;1,000000000000000;1,000000000000000;1,000000000000000
2021-10-05;60+;15;15,0;15;15;15;15;15;15;15;15;15;15;89;89,0;89;89;89;89;89;89;89;89;89;89;1,000000000000000;1,000000000000000;1,000000000000000;1,000000000000000;1,000000000000000;1,000000000000000;1,000000000000000;1,000000000000000;1,000000000000000;1,000000000000000;1,000000000000000
2021-10-05;alle;36;36,0;36;36;36;36;36;36;36;36;36;36;206;206,0;206;206;206;206;206;206;206;206;206;206;NA;NA;NA;NA;NA;NA;NA;NA;NA;NA;NA
2021-10-04;0-60;6;6,0;6;6;6;6;6;6;6;6;6;6;118;118,0;118;118;118;118;118;118;118;118;118;118;1,000000000000000;1,000000000000000;1,000000000000000;1,000000000000000;1,000000000000000;1,000000000000000;1,000000000000000;1,000000000000000;1,000000000000000;1,000000000000000;1,000000000000000
2021-10-04;60+;2;2,0;2;2;2;2;2;2;2;2;2;2;96;96,0;96;96;96;96;96;96;96;96;96;96;1,000000000000000;1,000000000000000;1,000000000000000;1,000000000000000;1,000000000000000;1,000000000000000;1,000000000000000;1,000000000000000;1,000000000000000;1,000000000000000;1,000000000000000
2021-10-04;alle;8;8,0;8;8;8;8;8;8;8;8;8;8;214;214,0;214;214;214;214;214;214;214;214;214;214;NA;NA;NA;NA;NA;NA;NA;NA;NA;NA;NA
2021-10-03;0-60;6;6,0;6;6;6;6;6;6;6;6;6;6;118;118,0;118;118;118;118;118;118;118;118;118;118;1,000000000000000;1,000000000000000;1,000000000000000;1,000000000000000;1,000000000000000;1,000000000000000;1,000000000000000;1,000000000000000;1,000000000000000;1,000000000000000;1,000000000000000
2021-10-03;60+;13;13,0;13;13;13;13;13;13;13;13;13;13;97;97,0;97;97;97;97;97;97;97;97;97;97;1,000000000000000;1,000000000000000;1,000000000000000;1,000000000000000;1,000000000000000;1,000000000000000;1,000000000000000;1,000000000000000;1,000000000000000;1,000000000000000;1,000000000000000
2021-10-03;alle;19;19,0;19;19;19;19;19;19;19;19;19;19;215;215,0;215;215;215;215;215;215;215;215;215;215;NA;NA;NA;NA;NA;NA;NA;NA;NA;NA;NA
2021-10-02;0-60;16;16,0;16;16;16;16;16;16;16;16;16;16;119;119,0;119;119;119;119;119;119;119;119;119;119;1,000000000000000;1,000000000000000;1,000000000000000;1,000000000000000;1,000000000000000;1,000000000000000;1,000000000000000;1,000000000000000;1,000000000000000;1,000000000000000;1,000000000000000
2021-10-02;60+;8;8,0;8;8;8;8;8;8;8;8;8;8;91;91,0;91;91;91;91;91;91;91;91;91;91;1,000000000000000;1,000000000000000;1,000000000000000;1,000000000000000;1,000000000000000;1,000000000000000;1,000000000000000;1,000000000000000;1,000000000000000;1,000000000000000;1,000000000000000
2021-10-02;alle;24;24,0;24;24;24;24;24;24;24;24;24;24;210;210,0;210;210;210;210;210;210;210;210;210;210;NA;NA;NA;NA;NA;NA;NA;NA;NA;NA;NA
2021-10-01;0-60;23;23,0;23;23;23;23;23;23;23;23;23;23;119;119,0;119;119;119;119;119;119;119;119;119;119;1,000000000000000;1,000000000000000;1,000000000000000;1,000000000000000;1,000000000000000;1,000000000000000;1,000000000000000;1,000000000000000;1,000000000000000;1,000000000000000;1,000000000000000
2021-10-01;60+;14;14,0;14;14;14;14;14;14;14;14;14;14;92;92,0;92;92;92;92;92;92;92;92;92;92;1,000000000000000;1,000000000000000;1,000000000000000;1,000000000000000;1,000000000000000;1,000000000000000;1,000000000000000;1,000000000000000;1,000000000000000;1,000000000000000;1,000000000000000
2021-10-01;alle;37;37,0;37;37;37;37;37;37;37;37;37;37;211;211,0;211;211;211;211;211;211;211;211;211;211;NA;NA;NA;NA;NA;NA;NA;NA;NA;NA;NA
2021-09-30;0-60;24;24,0;24;24;24;24;24;24;24;24;24;24;128;128,0;128;128;128;128;128;128;128;128;128;128;1,000000000000000;1,000000000000000;1,000000000000000;1,000000000000000;1,000000000000000;1,000000000000000;1,000000000000000;1,000000000000000;1,000000000000000;1,000000000000000;1,000000000000000
2021-09-30;60+;17;17,0;17;17;17;17;17;17;17;17;17;17;84;84,0;84;84;84;84;84;84;84;84;84;84;1,000000000000000;1,000000000000000;1,000000000000000;1,000000000000000;1,000000000000000;1,000000000000000;1,000000000000000;1,000000000000000;1,000000000000000;1,000000000000000;1,000000000000000
2021-09-30;alle;41;41,0;41;41;41;41;41;41;41;41;41;41;212;212,0;212;212;212;212;212;212;212;212;212;212;NA;NA;NA;NA;NA;NA;NA;NA;NA;NA;NA
2021-09-29;0-60;21;21,0;21;21;21;21;21;21;21;21;21;21;119;119,0;119;119;119;119;119;119;119;119;119;119;1,000000000000000;1,000000000000000;1,000000000000000;1,000000000000000;1,000000000000000;1,000000000000000;1,000000000000000;1,000000000000000;1,000000000000000;1,000000000000000;1,000000000000000
2021-09-29;60+;20;20,0;20;20;20;20;20;20;20;20;20;20;89;89,0;89;89;89;89;89;89;89;89;89;89;1,000000000000000;1,000000000000000;1,000000000000000;1,000000000000000;1,000000000000000;1,000000000000000;1,000000000000000;1,000000000000000;1,000000000000000;1,000000000000000;1,000000000000000
2021-09-29;alle;41;41,0;41;41;41;41;41;41;41;41;41;41;208;208,0;208;208;208;208;208;208;208;208;208;208;NA;NA;NA;NA;NA;NA;NA;NA;NA;NA;NA
2021-09-28;0-60;22;22,0;22;22;22;22;22;22;22;22;22;22;125;125,0;125;125;125;125;125;125;125;125;125;125;1,000000000000000;1,000000000000000;1,000000000000000;1,000000000000000;1,000000000000000;1,000000000000000;1,000000000000000;1,000000000000000;1,000000000000000;1,000000000000000;1,000000000000000
2021-09-28;60+;22;22,0;22;22;22;22;22;22;22;22;22;22;83;83,0;83;83;83;83;83;83;83;83;83;83;1,000000000000000;1,000000000000000;1,000000000000000;1,000000000000000;1,000000000000000;1,000000000000000;1,000000000000000;1,000000000000000;1,000000000000000;1,000000000000000;1,000000000000000
2021-09-28;alle;44;44,0;44;44;44;44;44;44;44;44;44;44;208;208,0;208;208;208;208;208;208;208;208;208;208;NA;NA;NA;NA;NA;NA;NA;NA;NA;NA;NA
2021-09-27;0-60;6;6,0;6;6;6;6;6;6;6;6;6;6;116;116,0;116;116;116;116;116;116;116;116;116;116;1,000000000000000;1,000000000000000;1,000000000000000;1,000000000000000;1,000000000000000;1,000000000000000;1,000000000000000;1,000000000000000;1,000000000000000;1,000000000000000;1,000000000000000
2021-09-27;60+;3;3,0;3;3;3;3;3;3;3;3;3;3;82;82,0;82;82;82;82;82;82;82;82;82;82;1,000000000000000;1,000000000000000;1,000000000000000;1,000000000000000;1,000000000000000;1,000000000000000;1,000000000000000;1,000000000000000;1,000000000000000;1,000000000000000;1,000000000000000
2021-09-27;alle;9;9,0;9;9;9;9;9;9;9;9;9;9;198;198,0;198;198;198;198;198;198;198;198;198;198;NA;NA;NA;NA;NA;NA;NA;NA;NA;NA;NA
2021-09-26;0-60;7;7,0;7;7;7;7;7;7;7;7;7;7;115;115,0;115;115;115;115;115;115;115;115;115;115;1,000000000000000;1,000000000000000;1,000000000000000;1,000000000000000;1,000000000000000;1,000000000000000;1,000000000000000;1,000000000000000;1,000000000000000;1,000000000000000;1,000000000000000
2021-09-26;60+;7;7,0;7;7;7;7;7;7;7;7;7;7;84;84,0;84;84;84;84;84;84;84;84;84;84;1,000000000000000;1,000000000000000;1,000000000000000;1,000000000000000;1,000000000000000;1,000000000000000;1,000000000000000;1,000000000000000;1,000000000000000;1,000000000000000;1,000000000000000
2021-09-26;alle;14;14,0;14;14;14;14;14;14;14;14;14;14;199;199,0;199;199;199;199;199;199;199;199;199;199;NA;NA;NA;NA;NA;NA;NA;NA;NA;NA;NA
2021-09-25;0-60;16;16,0;16;16;16;16;16;16;16;16;16;16;123;123,0;123;123;123;123;123;123;123;123;123;123;1,000000000000000;1,000000000000000;1,000000000000000;1,000000000000000;1,000000000000000;1,000000000000000;1,000000000000000;1,000000000000000;1,000000000000000;1,000000000000000;1,000000000000000
2021-09-25;60+;9;9,0;9;9;9;9;9;9;9;9;9;9;80;80,0;80;80;80;80;80;80;80;80;80;80;1,000000000000000;1,000000000000000;1,000000000000000;1,000000000000000;1,000000000000000;1,000000000000000;1,000000000000000;1,000000000000000;1,000000000000000;1,000000000000000;1,000000000000000
2021-09-25;alle;25;25,0;25;25;25;25;25;25;25;25;25;25;203;203,0;203;203;203;203;203;203;203;203;203;203;NA;NA;NA;NA;NA;NA;NA;NA;NA;NA;NA
2021-09-24;0-60;32;32,0;32;32;32;32;32;32;32;32;32;32;129;129,0;129;129;129;129;129;129;129;129;129;129;1,000000000000000;1,000000000000000;1,000000000000000;1,000000000000000;1,000000000000000;1,000000000000000;1,000000000000000;1,000000000000000;1,000000000000000;1,000000000000000;1,000000000000000
2021-09-24;60+;6;6,0;6;6;6;6;6;6;6;6;6;6;86;86,0;86;86;86;86;86;86;86;86;86;86;1,000000000000000;1,000000000000000;1,000000000000000;1,000000000000000;1,000000000000000;1,000000000000000;1,000000000000000;1,000000000000000;1,000000000000000;1,000000000000000;1,000000000000000
2021-09-24;alle;38;38,0;38;38;38;38;38;38;38;38;38;38;215;215,0;215;215;215;215;215;215;215;215;215;215;NA;NA;NA;NA;NA;NA;NA;NA;NA;NA;NA
2021-09-23;0-60;15;15,0;15;15;15;15;15;15;15;15;15;15;130;130,0;130;130;130;130;130;130;130;130;130;130;1,000000000000000;1,000000000000000;1,000000000000000;1,000000000000000;1,000000000000000;1,000000000000000;1,000000000000000;1,000000000000000;1,000000000000000;1,000000000000000;1,000000000000000
2021-09-23;60+;22;22,0;22;22;22;22;22;22;22;22;22;22;101;101,0;101;101;101;101;101;101;101;101;101;101;1,000000000000000;1,000000000000000;1,000000000000000;1,000000000000000;1,000000000000000;1,000000000000000;1,000000000000000;1,000000000000000;1,000000000000000;1,000000000000000;1,000000000000000
2021-09-23;alle;37;37,0;37;37;37;37;37;37;37;37;37;37;231;231,0;231;231;231;231;231;231;231;231;231;231;NA;NA;NA;NA;NA;NA;NA;NA;NA;NA;NA
2021-09-22;0-60;27;27,0;27;27;27;27;27;27;27;27;27;27;148;148,0;148;148;148;148;148;148;148;148;148;148;1,000000000000000;1,000000000000000;1,000000000000000;1,000000000000000;1,000000000000000;1,000000000000000;1,000000000000000;1,000000000000000;1,000000000000000;1,000000000000000;1,000000000000000
2021-09-22;60+;14;14,0;14;14;14;14;14;14;14;14;14;14;101;101,0;101;101;101;101;101;101;101;101;101;101;1,000000000000000;1,000000000000000;1,000000000000000;1,000000000000000;1,000000000000000;1,000000000000000;1,000000000000000;1,000000000000000;1,000000000000000;1,000000000000000;1,000000000000000
2021-09-22;alle;41;41,0;41;41;41;41;41;41;41;41;41;41;249;249,0;249;249;249;249;249;249;249;249;249;249;NA;NA;NA;NA;NA;NA;NA;NA;NA;NA;NA
2021-09-21;0-60;13;13,0;13;13;13;13;13;13;13;13;13;13;149;149,0;149;149;149;149;149;149;149;149;149;149;1,000000000000000;1,000000000000000;1,000000000000000;1,000000000000000;1,000000000000000;1,000000000000000;1,000000000000000;1,000000000000000;1,000000000000000;1,000000000000000;1,000000000000000
2021-09-21;60+;21;21,0;21;21;21;21;21;21;21;21;21;21;107;107,0;107;107;107;107;107;107;107;107;107;107;1,000000000000000;1,000000000000000;1,000000000000000;1,000000000000000;1,000000000000000;1,000000000000000;1,000000000000000;1,000000000000000;1,000000000000000;1,000000000000000;1,000000000000000
2021-09-21;alle;34;34,0;34;34;34;34;34;34;34;34;34;34;256;256,0;256;256;256;256;256;256;256;256;256;256;NA;NA;NA;NA;NA;NA;NA;NA;NA;NA;NA
2021-09-20;0-60;5;5,0;5;5;5;5;5;5;5;5;5;5;165;165,0;165;165;165;165;165;165;165;165;165;165;1,000000000000000;1,000000000000000;1,000000000000000;1,000000000000000;1,000000000000000;1,000000000000000;1,000000000000000;1,000000000000000;1,000000000000000;1,000000000000000;1,000000000000000
2021-09-20;60+;5;5,0;5;5;5;5;5;5;5;5;5;5;108;108,0;108;108;108;108;108;108;108;108;108;108;1,000000000000000;1,000000000000000;1,000000000000000;1,000000000000000;1,000000000000000;1,000000000000000;1,000000000000000;1,000000000000000;1,000000000000000;1,000000000000000;1,000000000000000
2021-09-20;alle;10;10,0;10;10;10;10;10;10;10;10;10;10;273;273,0;273;273;273;273;273;273;273;273;273;273;NA;NA;NA;NA;NA;NA;NA;NA;NA;NA;NA
2021-09-19;0-60;15;15,0;15;15;15;15;15;15;15;15;15;15;171;171,0;171;171;171;171;171;171;171;171;171;171;1,000000000000000;1,000000000000000;1,000000000000000;1,000000000000000;1,000000000000000;1,000000000000000;1,000000000000000;1,000000000000000;1,000000000000000;1,000000000000000;1,000000000000000
2021-09-19;60+;3;3,0;3;3;3;3;3;3;3;3;3;3;111;111,0;111;111;111;111;111;111;111;111;111;111;1,000000000000000;1,000000000000000;1,000000000000000;1,000000000000000;1,000000000000000;1,000000000000000;1,000000000000000;1,000000000000000;1,000000000000000;1,000000000000000;1,000000000000000
2021-09-19;alle;18;18,0;18;18;18;18;18;18;18;18;18;18;282;282,0;282;282;282;282;282;282;282;282;282;282;NA;NA;NA;NA;NA;NA;NA;NA;NA;NA;NA
2021-09-18;0-60;22;22,0;22;22;22;22;22;22;22;22;22;22;166;166,0;166;166;166;166;166;166;166;166;166;166;1,000000000000000;1,000000000000000;1,000000000000000;1,000000000000000;1,000000000000000;1,000000000000000;1,000000000000000;1,000000000000000;1,000000000000000;1,000000000000000;1,000000000000000
2021-09-18;60+;15;15,0;15;15;15;15;15;15;15;15;15;15;122;122,0;122;122;122;122;122;122;122;122;122;122;1,000000000000000;1,000000000000000;1,000000000000000;1,000000000000000;1,000000000000000;1,000000000000000;1,000000000000000;1,000000000000000;1,000000000000000;1,000000000000000;1,000000000000000
2021-09-18;alle;37;37,0;37;37;37;37;37;37;37;37;37;37;288;288,0;288;288;288;288;288;288;288;288;288;288;NA;NA;NA;NA;NA;NA;NA;NA;NA;NA;NA
2021-09-17;0-60;33;33,0;33;33;33;33;33;33;33;33;33;33;170;170,0;170;170;170;170;170;170;170;170;170;170;1,000000000000000;1,000000000000000;1,000000000000000;1,000000000000000;1,000000000000000;1,000000000000000;1,000000000000000;1,000000000000000;1,000000000000000;1,000000000000000;1,000000000000000
2021-09-17;60+;21;21,0;21;21;21;21;21;21;21;21;21;21;127;127,0;127;127;127;127;127;127;127;127;127;127;1,000000000000000;1,000000000000000;1,000000000000000;1,000000000000000;1,000000000000000;1,000000000000000;1,000000000000000;1,000000000000000;1,000000000000000;1,000000000000000;1,000000000000000
2021-09-17;alle;54;54,0;54;54;54;54;54;54;54;54;54;54;297;297,0;297;297;297;297;297;297;297;297;297;297;NA;NA;NA;NA;NA;NA;NA;NA;NA;NA;NA
2021-09-16;0-60;33;33,0;33;33;33;33;33;33;33;33;33;33;171;171,0;171;171;171;171;171;171;171;171;171;171;1,000000000000000;1,000000000000000;1,000000000000000;1,000000000000000;1,000000000000000;1,000000000000000;1,000000000000000;1,000000000000000;1,000000000000000;1,000000000000000;1,000000000000000
2021-09-16;60+;22;22,0;22;22;22;22;22;22;22;22;22;22;125;125,0;125;125;125;125;125;125;125;125;125;125;1,000000000000000;1,000000000000000;1,000000000000000;1,000000000000000;1,000000000000000;1,000000000000000;1,000000000000000;1,000000000000000;1,000000000000000;1,000000000000000;1,000000000000000
2021-09-16;alle;55;55,0;55;55;55;55;55;55;55;55;55;55;296;296,0;296;296;296;296;296;296;296;296;296;296;NA;NA;NA;NA;NA;NA;NA;NA;NA;NA;NA
2021-09-15;0-60;28;28,0;28;28;28;28;28;28;28;28;28;28;172;172,0;172;172;172;172;172;172;172;172;172;172;1,000000000000000;1,000000000000000;1,000000000000000;1,000000000000000;1,000000000000000;1,000000000000000;1,000000000000000;1,000000000000000;1,000000000000000;1,000000000000000;1,000000000000000
2021-09-15;60+;20;20,0;20;20;20;20;20;20;20;20;20;20;124;124,0;124;124;124;124;124;124;124;124;124;124;1,000000000000000;1,000000000000000;1,000000000000000;1,000000000000000;1,000000000000000;1,000000000000000;1,000000000000000;1,000000000000000;1,000000000000000;1,000000000000000;1,000000000000000
2021-09-15;alle;48;48,0;48;48;48;48;48;48;48;48;48;48;296;296,0;296;296;296;296;296;296;296;296;296;296;NA;NA;NA;NA;NA;NA;NA;NA;NA;NA;NA
2021-09-14;0-60;29;29,0;29;29;29;29;29;29;29;29;29;29;171;171,0;171;171;171;171;171;171;171;171;171;171;1,000000000000000;1,000000000000000;1,000000000000000;1,000000000000000;1,000000000000000;1,000000000000000;1,000000000000000;1,000000000000000;1,000000000000000;1,000000000000000;1,000000000000000
2021-09-14;60+;22;22,0;22;22;22;22;22;22;22;22;22;22;131;131,0;131;131;131;131;131;131;131;131;131;131;1,000000000000000;1,000000000000000;1,000000000000000;1,000000000000000;1,000000000000000;1,000000000000000;1,000000000000000;1,000000000000000;1,000000000000000;1,000000000000000;1,000000000000000
2021-09-14;alle;51;51,0;51;51;51;51;51;51;51;51;51;51;302;302,0;302;302;302;302;302;302;302;302;302;302;NA;NA;NA;NA;NA;NA;NA;NA;NA;NA;NA
2021-09-13;0-60;11;11,0;11;11;11;11;11;11;11;11;11;11;175;175,0;175;175;175;175;175;175;175;175;175;175;1,000000000000000;1,000000000000000;1,000000000000000;1,000000000000000;1,000000000000000;1,000000000000000;1,000000000000000;1,000000000000000;1,000000000000000;1,000000000000000;1,000000000000000
2021-09-13;60+;8;8,0;8;8;8;8;8;8;8;8;8;8;129;129,0;129;129;129;129;129;129;129;129;129;129;1,000000000000000;1,000000000000000;1,000000000000000;1,000000000000000;1,000000000000000;1,000000000000000;1,000000000000000;1,000000000000000;1,000000000000000;1,000000000000000;1,000000000000000
2021-09-13;alle;19;19,0;19;19;19;19;19;19;19;19;19;19;304;304,0;304;304;304;304;304;304;304;304;304;304;NA;NA;NA;NA;NA;NA;NA;NA;NA;NA;NA
2021-09-12;0-60;10;10,0;10;10;10;10;10;10;10;10;10;10;185;185,0;185;185;185;185;185;185;185;185;185;185;1,000000000000000;1,000000000000000;1,000000000000000;1,000000000000000;1,000000000000000;1,000000000000000;1,000000000000000;1,000000000000000;1,000000000000000;1,000000000000000;1,000000000000000
2021-09-12;60+;14;14,0;14;14;14;14;14;14;14;14;14;14;130;130,0;130;130;130;130;130;130;130;130;130;130;1,000000000000000;1,000000000000000;1,000000000000000;1,000000000000000;1,000000000000000;1,000000000000000;1,000000000000000;1,000000000000000;1,000000000000000;1,000000000000000;1,000000000000000
2021-09-12;alle;24;24,0;24;24;24;24;24;24;24;24;24;24;315;315,0;315;315;315;315;315;315;315;315;315;315;NA;NA;NA;NA;NA;NA;NA;NA;NA;NA;NA
2021-09-11;0-60;26;26,0;26;26;26;26;26;26;26;26;26;26;192;192,0;192;192;192;192;192;192;192;192;192;192;1,000000000000000;1,000000000000000;1,000000000000000;1,000000000000000;1,000000000000000;1,000000000000000;1,000000000000000;1,000000000000000;1,000000000000000;1,000000000000000;1,000000000000000
2021-09-11;60+;20;20,0;20;20;20;20;20;20;20;20;20;20;132;132,0;132;132;132;132;132;132;132;132;132;132;1,000000000000000;1,000000000000000;1,000000000000000;1,000000000000000;1,000000000000000;1,000000000000000;1,000000000000000;1,000000000000000;1,000000000000000;1,000000000000000;1,000000000000000
2021-09-11;alle;46;46,0;46;46;46;46;46;46;46;46;46;46;324;324,0;324;324;324;324;324;324;324;324;324;324;NA;NA;NA;NA;NA;NA;NA;NA;NA;NA;NA
2021-09-10;0-60;34;34,0;34;34;34;34;34;34;34;34;34;34;208;208,0;208;208;208;208;208;208;208;208;208;208;1,000000000000000;1,000000000000000;1,000000000000000;1,000000000000000;1,000000000000000;1,000000000000000;1,000000000000000;1,000000000000000;1,000000000000000;1,000000000000000;1,000000000000000
2021-09-10;60+;19;19,0;19;19;19;19;19;19;19;19;19;19;130;130,0;130;130;130;130;130;130;130;130;130;130;1,000000000000000;1,000000000000000;1,000000000000000;1,000000000000000;1,000000000000000;1,000000000000000;1,000000000000000;1,000000000000000;1,000000000000000;1,000000000000000;1,000000000000000
2021-09-10;alle;53;53,0;53;53;53;53;53;53;53;53;53;53;338;338,0;338;338;338;338;338;338;338;338;338;338;NA;NA;NA;NA;NA;NA;NA;NA;NA;NA;NA
2021-09-09;0-60;34;34,0;34;34;34;34;34;34;34;34;34;34;207;207,0;207;207;207;207;207;207;207;207;207;207;1,000000000000000;1,000000000000000;1,000000000000000;1,000000000000000;1,000000000000000;1,000000000000000;1,000000000000000;1,000000000000000;1,000000000000000;1,000000000000000;1,000000000000000
2021-09-09;60+;21;21,0;21;21;21;21;21;21;21;21;21;21;124;124,0;124;124;124;124;124;124;124;124;124;124;1,000000000000000;1,000000000000000;1,000000000000000;1,000000000000000;1,000000000000000;1,000000000000000;1,000000000000000;1,000000000000000;1,000000000000000;1,000000000000000;1,000000000000000
2021-09-09;alle;55;55,0;55;55;55;55;55;55;55;55;55;55;331;331,0;331;331;331;331;331;331;331;331;331;331;NA;NA;NA;NA;NA;NA;NA;NA;NA;NA;NA
2021-09-08;0-60;27;27,0;27;27;27;27;27;27;27;27;27;27;205;205,0;205;205;205;205;205;205;205;205;205;205;1,000000000000000;1,000000000000000;1,000000000000000;1,000000000000000;1,000000000000000;1,000000000000000;1,000000000000000;1,000000000000000;1,000000000000000;1,000000000000000;1,000000000000000
2021-09-08;60+;27;27,0;27;27;27;27;27;27;27;27;27;27;120;120,0;120;120;120;120;120;120;120;120;120;120;1,000000000000000;1,000000000000000;1,000000000000000;1,000000000000000;1,000000000000000;1,000000000000000;1,000000000000000;1,000000000000000;1,000000000000000;1,000000000000000;1,000000000000000
2021-09-08;alle;54;54,0;54;54;54;54;54;54;54;54;54;54;325;325,0;325;325;325;325;325;325;325;325;325;325;NA;NA;NA;NA;NA;NA;NA;NA;NA;NA;NA
2021-09-07;0-60;33;33,0;33;33;33;33;33;33;33;33;33;33;218;218,0;218;218;218;218;218;218;218;218;218;218;1,000000000000000;1,000000000000000;1,000000000000000;1,000000000000000;1,000000000000000;1,000000000000000;1,000000000000000;1,000000000000000;1,000000000000000;1,000000000000000;1,000000000000000
2021-09-07;60+;20;20,0;20;20;20;20;20;20;20;20;20;20;104;104,0;104;104;104;104;104;104;104;104;104;104;1,000000000000000;1,000000000000000;1,000000000000000;1,000000000000000;1,000000000000000;1,000000000000000;1,000000000000000;1,000000000000000;1,000000000000000;1,000000000000000;1,000000000000000
2021-09-07;alle;53;53,0;53;53;53;53;53;53;53;53;53;53;322;322,0;322;322;322;322;322;322;322;322;322;322;NA;NA;NA;NA;NA;NA;NA;NA;NA;NA;NA
2021-09-06;0-60;21;21,0;21;21;21;21;21;21;21;21;21;21;213;213,0;213;213;213;213;213;213;213;213;213;213;1,000000000000000;1,000000000000000;1,000000000000000;1,000000000000000;1,000000000000000;1,000000000000000;1,000000000000000;1,000000000000000;1,000000000000000;1,000000000000000;1,000000000000000
2021-09-06;60+;9;9,0;9;9;9;9;9;9;9;9;9;9;101;101,0;101;101;101;101;101;101;101;101;101;101;1,000000000000000;1,000000000000000;1,000000000000000;1,000000000000000;1,000000000000000;1,000000000000000;1,000000000000000;1,000000000000000;1,000000000000000;1,000000000000000;1,000000000000000
2021-09-06;alle;30;30,0;30;30;30;30;30;30;30;30;30;30;314;314,0;314;314;314;314;314;314;314;314;314;314;NA;NA;NA;NA;NA;NA;NA;NA;NA;NA;NA
2021-09-05;0-60;17;17,0;17;17;17;17;17;17;17;17;17;17;204;204,0;204;204;204;204;204;204;204;204;204;204;1,000000000000000;1,000000000000000;1,000000000000000;1,000000000000000;1,000000000000000;1,000000000000000;1,000000000000000;1,000000000000000;1,000000000000000;1,000000000000000;1,000000000000000
2021-09-05;60+;16;16,0;16;16;16;16;16;16;16;16;16;16;98;98,0;98;98;98;98;98;98;98;98;98;98;1,000000000000000;1,000000000000000;1,000000000000000;1,000000000000000;1,000000000000000;1,000000000000000;1,000000000000000;1,000000000000000;1,000000000000000;1,000000000000000;1,000000000000000
2021-09-05;alle;33;33,0;33;33;33;33;33;33;33;33;33;33;302;302,0;302;302;302;302;302;302;302;302;302;302;NA;NA;NA;NA;NA;NA;NA;NA;NA;NA;NA
2021-09-04;0-60;42;42,0;42;42;42;42;42;42;42;42;42;42;207;207,0;207;207;207;207;207;207;207;207;207;207;1,000000000000000;1,000000000000000;1,000000000000000;1,000000000000000;1,000000000000000;1,000000000000000;1,000000000000000;1,000000000000000;1,000000000000000;1,000000000000000;1,000000000000000
2021-09-04;60+;18;18,0;18;18;18;18;18;18;18;18;18;18;91;91,0;91;91;91;91;91;91;91;91;91;91;1,000000000000000;1,000000000000000;1,000000000000000;1,000000000000000;1,000000000000000;1,000000000000000;1,000000000000000;1,000000000000000;1,000000000000000;1,000000000000000;1,000000000000000
2021-09-04;alle;60;60,0;60;60;60;60;60;60;60;60;60;60;298;298,0;298;298;298;298;298;298;298;298;298;298;NA;NA;NA;NA;NA;NA;NA;NA;NA;NA;NA
2021-09-03;0-60;33;33,0;33;33;33;33;33;33;33;33;33;33;195;195,0;195;195;195;195;195;195;195;195;195;195;1,000000000000000;1,000000000000000;1,000000000000000;1,000000000000000;1,000000000000000;1,000000000000000;1,000000000000000;1,000000000000000;1,000000000000000;1,000000000000000;1,000000000000000
2021-09-03;60+;13;13,0;13;13;13;13;13;13;13;13;13;13;87;87,0;87;87;87;87;87;87;87;87;87;87;1,000000000000000;1,000000000000000;1,000000000000000;1,000000000000000;1,000000000000000;1,000000000000000;1,000000000000000;1,000000000000000;1,000000000000000;1,000000000000000;1,000000000000000
2021-09-03;alle;46;46,0;46;46;46;46;46;46;46;46;46;46;282;282,0;282;282;282;282;282;282;282;282;282;282;NA;NA;NA;NA;NA;NA;NA;NA;NA;NA;NA
2021-09-02;0-60;32;32,0;32;32;32;32;32;32;32;32;32;32;194;194,0;194;194;194;194;194;194;194;194;194;194;1,000000000000000;1,000000000000000;1,000000000000000;1,000000000000000;1,000000000000000;1,000000000000000;1,000000000000000;1,000000000000000;1,000000000000000;1,000000000000000;1,000000000000000
2021-09-02;60+;17;17,0;17;17;17;17;17;17;17;17;17;17;89;89,0;89;89;89;89;89;89;89;89;89;89;1,000000000000000;1,000000000000000;1,000000000000000;1,000000000000000;1,000000000000000;1,000000000000000;1,000000000000000;1,000000000000000;1,000000000000000;1,000000000000000;1,000000000000000
2021-09-02;alle;49;49,0;49;49;49;49;49;49;49;49;49;49;283;283,0;283;283;283;283;283;283;283;283;283;283;NA;NA;NA;NA;NA;NA;NA;NA;NA;NA;NA
2021-09-01;0-60;40;40,0;40;40;40;40;40;40;40;40;40;40;192;192,0;192;192;192;192;192;192;192;192;192;192;1,000000000000000;1,000000000000000;1,000000000000000;1,000000000000000;1,000000000000000;1,000000000000000;1,000000000000000;1,000000000000000;1,000000000000000;1,000000000000000;1,000000000000000
2021-09-01;60+;11;11,0;11;11;11;11;11;11;11;11;11;11;85;85,0;85;85;85;85;85;85;85;85;85;85;1,000000000000000;1,000000000000000;1,000000000000000;1,000000000000000;1,000000000000000;1,000000000000000;1,000000000000000;1,000000000000000;1,000000000000000;1,000000000000000;1,000000000000000
2021-09-01;alle;51;51,0;51;51;51;51;51;51;51;51;51;51;277;277,0;277;277;277;277;277;277;277;277;277;277;NA;NA;NA;NA;NA;NA;NA;NA;NA;NA;NA
2021-08-31;0-60;28;28,0;28;28;28;28;28;28;28;28;28;28;181;181,0;181;181;181;181;181;181;181;181;181;181;1,000000000000000;1,000000000000000;1,000000000000000;1,000000000000000;1,000000000000000;1,000000000000000;1,000000000000000;1,000000000000000;1,000000000000000;1,000000000000000;1,000000000000000
2021-08-31;60+;17;17,0;17;17;17;17;17;17;17;17;17;17;91;91,0;91;91;91;91;91;91;91;91;91;91;1,000000000000000;1,000000000000000;1,000000000000000;1,000000000000000;1,000000000000000;1,000000000000000;1,000000000000000;1,000000000000000;1,000000000000000;1,000000000000000;1,000000000000000
2021-08-31;alle;45;45,0;45;45;45;45;45;45;45;45;45;45;272;272,0;272;272;272;272;272;272;272;272;272;272;NA;NA;NA;NA;NA;NA;NA;NA;NA;NA;NA
2021-08-30;0-60;12;12,0;12;12;12;12;12;12;12;12;12;12;182;182,0;182;182;182;182;182;182;182;182;182;182;1,000000000000000;1,000000000000000;1,000000000000000;1,000000000000000;1,000000000000000;1,000000000000000;1,000000000000000;1,000000000000000;1,000000000000000;1,000000000000000;1,000000000000000
2021-08-30;60+;6;6,0;6;6;6;6;6;6;6;6;6;6;88;88,0;88;88;88;88;88;88;88;88;88;88;1,000000000000000;1,000000000000000;1,000000000000000;1,000000000000000;1,000000000000000;1,000000000000000;1,000000000000000;1,000000000000000;1,000000000000000;1,000000000000000;1,000000000000000
2021-08-30;alle;18;18,0;18;18;18;18;18;18;18;18;18;18;270;270,0;270;270;270;270;270;270;270;270;270;270;NA;NA;NA;NA;NA;NA;NA;NA;NA;NA;NA
2021-08-29;0-60;20;20,0;20;20;20;20;20;20;20;20;20;20;174;174,0;174;174;174;174;174;174;174;174;174;174;1,000000000000000;1,000000000000000;1,000000000000000;1,000000000000000;1,000000000000000;1,000000000000000;1,000000000000000;1,000000000000000;1,000000000000000;1,000000000000000;1,000000000000000
2021-08-29;60+;9;9,0;9;9;9;9;9;9;9;9;9;9;85;85,0;85;85;85;85;85;85;85;85;85;85;1,000000000000000;1,000000000000000;1,000000000000000;1,000000000000000;1,000000000000000;1,000000000000000;1,000000000000000;1,000000000000000;1,000000000000000;1,000000000000000;1,000000000000000
2021-08-29;alle;29;29,0;29;29;29;29;29;29;29;29;29;29;259;259,0;259;259;259;259;259;259;259;259;259;259;NA;NA;NA;NA;NA;NA;NA;NA;NA;NA;NA
2021-08-28;0-60;30;30,0;30;30;30;30;30;30;30;30;30;30;173;173,0;173;173;173;173;173;173;173;173;173;173;1,000000000000000;1,000000000000000;1,000000000000000;1,000000000000000;1,000000000000000;1,000000000000000;1,000000000000000;1,000000000000000;1,000000000000000;1,000000000000000;1,000000000000000
2021-08-28;60+;14;14,0;14;14;14;14;14;14;14;14;14;14;86;86,0;86;86;86;86;86;86;86;86;86;86;1,000000000000000;1,000000000000000;1,000000000000000;1,000000000000000;1,000000000000000;1,000000000000000;1,000000000000000;1,000000000000000;1,000000000000000;1,000000000000000;1,000000000000000
2021-08-28;alle;44;44,0;44;44;44;44;44;44;44;44;44;44;259;259,0;259;259;259;259;259;259;259;259;259;259;NA;NA;NA;NA;NA;NA;NA;NA;NA;NA;NA
2021-08-27;0-60;32;32,0;32;32;32;32;32;32;32;32;32;32;164;164,0;164;164;164;164;164;164;164;164;164;164;1,000000000000000;1,000000000000000;1,000000000000000;1,000000000000000;1,000000000000000;1,000000000000000;1,000000000000000;1,000000000000000;1,000000000000000;1,000000000000000;1,000000000000000
2021-08-27;60+;15;15,0;15;15;15;15;15;15;15;15;15;15;80;80,0;80;80;80;80;80;80;80;80;80;80;1,000000000000000;1,000000000000000;1,000000000000000;1,000000000000000;1,000000000000000;1,000000000000000;1,000000000000000;1,000000000000000;1,000000000000000;1,000000000000000;1,000000000000000
2021-08-27;alle;47;47,0;47;47;47;47;47;47;47;47;47;47;244;244,0;244;244;244;244;244;244;244;244;244;244;NA;NA;NA;NA;NA;NA;NA;NA;NA;NA;NA
2021-08-26;0-60;30;30,0;30;30;30;30;30;30;30;30;30;30;171;171,0;171;171;171;171;171;171;171;171;171;171;1,000000000000000;1,000000000000000;1,000000000000000;1,000000000000000;1,000000000000000;1,000000000000000;1,000000000000000;1,000000000000000;1,000000000000000;1,000000000000000;1,000000000000000
2021-08-26;60+;13;13,0;13;13;13;13;13;13;13;13;13;13;72;72,0;72;72;72;72;72;72;72;72;72;72;1,000000000000000;1,000000000000000;1,000000000000000;1,000000000000000;1,000000000000000;1,000000000000000;1,000000000000000;1,000000000000000;1,000000000000000;1,000000000000000;1,000000000000000
2021-08-26;alle;43;43,0;43;43;43;43;43;43;43;43;43;43;243;243,0;243;243;243;243;243;243;243;243;243;243;NA;NA;NA;NA;NA;NA;NA;NA;NA;NA;NA
2021-08-25;0-60;29;29,0;29;29;29;29;29;29;29;29;29;29;155;155,0;155;155;155;155;155;155;155;155;155;155;1,000000000000000;1,000000000000000;1,000000000000000;1,000000000000000;1,000000000000000;1,000000000000000;1,000000000000000;1,000000000000000;1,000000000000000;1,000000000000000;1,000000000000000
2021-08-25;60+;17;17,0;17;17;17;17;17;17;17;17;17;17;73;73,0;73;73;73;73;73;73;73;73;73;73;1,000000000000000;1,000000000000000;1,000000000000000;1,000000000000000;1,000000000000000;1,000000000000000;1,000000000000000;1,000000000000000;1,000000000000000;1,000000000000000;1,000000000000000
2021-08-25;alle;46;46,0;46;46;46;46;46;46;46;46;46;46;228;228,0;228;228;228;228;228;228;228;228;228;228;NA;NA;NA;NA;NA;NA;NA;NA;NA;NA;NA
2021-08-24;0-60;29;29,0;29;29;29;29;29;29;29;29;29;29;158;158,0;158;158;158;158;158;158;158;158;158;158;1,000000000000000;1,000000000000000;1,000000000000000;1,000000000000000;1,000000000000000;1,000000000000000;1,000000000000000;1,000000000000000;1,000000000000000;1,000000000000000;1,000000000000000
2021-08-24;60+;14;14,0;14;14;14;14;14;14;14;14;14;14;70;70,0;70;70;70;70;70;70;70;70;70;70;1,000000000000000;1,000000000000000;1,000000000000000;1,000000000000000;1,000000000000000;1,000000000000000;1,000000000000000;1,000000000000000;1,000000000000000;1,000000000000000;1,000000000000000
2021-08-24;alle;43;43,0;43;43;43;43;43;43;43;43;43;43;228;228,0;228;228;228;228;228;228;228;228;228;228;NA;NA;NA;NA;NA;NA;NA;NA;NA;NA;NA
2021-08-23;0-60;4;4,0;4;4;4;4;4;4;4;4;4;4;154;154,0;154;154;154;154;154;154;154;154;154;154;1,000000000000000;1,000000000000000;1,000000000000000;1,000000000000000;1,000000000000000;1,000000000000000;1,000000000000000;1,000000000000000;1,000000000000000;1,000000000000000;1,000000000000000
2021-08-23;60+;3;3,0;3;3;3;3;3;3;3;3;3;3;61;61,0;61;61;61;61;61;61;61;61;61;61;1,000000000000000;1,000000000000000;1,000000000000000;1,000000000000000;1,000000000000000;1,000000000000000;1,000000000000000;1,000000000000000;1,000000000000000;1,000000000000000;1,000000000000000
2021-08-23;alle;7;7,0;7;7;7;7;7;7;7;7;7;7;215;215,0;215;215;215;215;215;215;215;215;215;215;NA;NA;NA;NA;NA;NA;NA;NA;NA;NA;NA
2021-08-22;0-60;19;19,0;19;19;19;19;19;19;19;19;19;19;158;158,0;158;158;158;158;158;158;158;158;158;158;1,000000000000000;1,000000000000000;1,000000000000000;1,000000000000000;1,000000000000000;1,000000000000000;1,000000000000000;1,000000000000000;1,000000000000000;1,000000000000000;1,000000000000000
2021-08-22;60+;10;10,0;10;10;10;10;10;10;10;10;10;10;60;60,0;60;60;60;60;60;60;60;60;60;60;1,000000000000000;1,000000000000000;1,000000000000000;1,000000000000000;1,000000000000000;1,000000000000000;1,000000000000000;1,000000000000000;1,000000000000000;1,000000000000000;1,000000000000000
2021-08-22;alle;29;29,0;29;29;29;29;29;29;29;29;29;29;218;218,0;218;218;218;218;218;218;218;218;218;218;NA;NA;NA;NA;NA;NA;NA;NA;NA;NA;NA
2021-08-21;0-60;21;21,0;21;21;21;21;21;21;21;21;21;21;153;153,0;153;153;153;153;153;153;153;153;153;153;1,000000000000000;1,000000000000000;1,000000000000000;1,000000000000000;1,000000000000000;1,000000000000000;1,000000000000000;1,000000000000000;1,000000000000000;1,000000000000000;1,000000000000000
2021-08-21;60+;8;8,0;8;8;8;8;8;8;8;8;8;8;52;52,0;52;52;52;52;52;52;52;52;52;52;1,000000000000000;1,000000000000000;1,000000000000000;1,000000000000000;1,000000000000000;1,000000000000000;1,000000000000000;1,000000000000000;1,000000000000000;1,000000000000000;1,000000000000000
2021-08-21;alle;29;29,0;29;29;29;29;29;29;29;29;29;29;205;205,0;205;205;205;205;205;205;205;205;205;205;NA;NA;NA;NA;NA;NA;NA;NA;NA;NA;NA
2021-08-20;0-60;39;39,0;39;39;39;39;39;39;39;39;39;39;146;146,0;146;146;146;146;146;146;146;146;146;146;1,000000000000000;1,000000000000000;1,000000000000000;1,000000000000000;1,000000000000000;1,000000000000000;1,000000000000000;1,000000000000000;1,000000000000000;1,000000000000000;1,000000000000000
2021-08-20;60+;7;7,0;7;7;7;7;7;7;7;7;7;7;51;51,0;51;51;51;51;51;51;51;51;51;51;1,000000000000000;1,000000000000000;1,000000000000000;1,000000000000000;1,000000000000000;1,000000000000000;1,000000000000000;1,000000000000000;1,000000000000000;1,000000000000000;1,000000000000000
2021-08-20;alle;46;46,0;46;46;46;46;46;46;46;46;46;46;197;197,0;197;197;197;197;197;197;197;197;197;197;NA;NA;NA;NA;NA;NA;NA;NA;NA;NA;NA
2021-08-19;0-60;14;14,0;14;14;14;14;14;14;14;14;14;14;131;131,0;131;131;131;131;131;131;131;131;131;131;1,000000000000000;1,000000000000000;1,000000000000000;1,000000000000000;1,000000000000000;1,000000000000000;1,000000000000000;1,000000000000000;1,000000000000000;1,000000000000000;1,000000000000000
2021-08-19;60+;14;14,0;14;14;14;14;14;14;14;14;14;14;51;51,0;51;51;51;51;51;51;51;51;51;51;1,000000000000000;1,000000000000000;1,000000000000000;1,000000000000000;1,000000000000000;1,000000000000000;1,000000000000000;1,000000000000000;1,000000000000000;1,000000000000000;1,000000000000000
2021-08-19;alle;28;28,0;28;28;28;28;28;28;28;28;28;28;182;182,0;182;182;182;182;182;182;182;182;182;182;NA;NA;NA;NA;NA;NA;NA;NA;NA;NA;NA
2021-08-18;0-60;32;32,0;32;32;32;32;32;32;32;32;32;32;132;132,0;132;132;132;132;132;132;132;132;132;132;1,000000000000000;1,000000000000000;1,000000000000000;1,000000000000000;1,000000000000000;1,000000000000000;1,000000000000000;1,000000000000000;1,000000000000000;1,000000000000000;1,000000000000000
2021-08-18;60+;14;14,0;14;14;14;14;14;14;14;14;14;14;49;49,0;49;49;49;49;49;49;49;49;49;49;1,000000000000000;1,000000000000000;1,000000000000000;1,000000000000000;1,000000000000000;1,000000000000000;1,000000000000000;1,000000000000000;1,000000000000000;1,000000000000000;1,000000000000000
2021-08-18;alle;46;46,0;46;46;46;46;46;46;46;46;46;46;181;181,0;181;181;181;181;181;181;181;181;181;181;NA;NA;NA;NA;NA;NA;NA;NA;NA;NA;NA
2021-08-17;0-60;25;25,0;25;25;25;25;25;25;25;25;25;25;118;118,0;118;118;118;118;118;118;118;118;118;118;1,000000000000000;1,000000000000000;1,000000000000000;1,000000000000000;1,000000000000000;1,000000000000000;1,000000000000000;1,000000000000000;1,000000000000000;1,000000000000000;1,000000000000000
2021-08-17;60+;5;5,0;5;5;5;5;5;5;5;5;5;5;42;42,0;42;42;42;42;42;42;42;42;42;42;1,000000000000000;1,000000000000000;1,000000000000000;1,000000000000000;1,000000000000000;1,000000000000000;1,000000000000000;1,000000000000000;1,000000000000000;1,000000000000000;1,000000000000000
2021-08-17;alle;30;30,0;30;30;30;30;30;30;30;30;30;30;160;160,0;160;160;160;160;160;160;160;160;160;160;NA;NA;NA;NA;NA;NA;NA;NA;NA;NA;NA
2021-08-16;0-60;8;8,0;8;8;8;8;8;8;8;8;8;8;104;104,0;104;104;104;104;104;104;104;104;104;104;1,000000000000000;1,000000000000000;1,000000000000000;1,000000000000000;1,000000000000000;1,000000000000000;1,000000000000000;1,000000000000000;1,000000000000000;1,000000000000000;1,000000000000000
2021-08-16;60+;2;2,0;2;2;2;2;2;2;2;2;2;2;38;38,0;38;38;38;38;38;38;38;38;38;38;1,000000000000000;1,000000000000000;1,000000000000000;1,000000000000000;1,000000000000000;1,000000000000000;1,000000000000000;1,000000000000000;1,000000000000000;1,000000000000000;1,000000000000000
2021-08-16;alle;10;10,0;10;10;10;10;10;10;10;10;10;10;142;142,0;142;142;142;142;142;142;142;142;142;142;NA;NA;NA;NA;NA;NA;NA;NA;NA;NA;NA
2021-08-15;0-60;14;14,0;14;14;14;14;14;14;14;14;14;14;99;99,0;99;99;99;99;99;99;99;99;99;99;1,000000000000000;1,000000000000000;1,000000000000000;1,000000000000000;1,000000000000000;1,000000000000000;1,000000000000000;1,000000000000000;1,000000000000000;1,000000000000000;1,000000000000000
2021-08-15;60+;2;2,0;2;2;2;2;2;2;2;2;2;2;38;38,0;38;38;38;38;38;38;38;38;38;38;1,000000000000000;1,000000000000000;1,000000000000000;1,000000000000000;1,000000000000000;1,000000000000000;1,000000000000000;1,000000000000000;1,000000000000000;1,000000000000000;1,000000000000000
2021-08-15;alle;16;16,0;16;16;16;16;16;16;16;16;16;16;137;137,0;137;137;137;137;137;137;137;137;137;137;NA;NA;NA;NA;NA;NA;NA;NA;NA;NA;NA
2021-08-14;0-60;14;14,0;14;14;14;14;14;14;14;14;14;14;97;97,0;97;97;97;97;97;97;97;97;97;97;1,000000000000000;1,000000000000000;1,000000000000000;1,000000000000000;1,000000000000000;1,000000000000000;1,000000000000000;1,000000000000000;1,000000000000000;1,000000000000000;1,000000000000000
2021-08-14;60+;7;7,0;7;7;7;7;7;7;7;7;7;7;38;38,0;38;38;38;38;38;38;38;38;38;38;1,000000000000000;1,000000000000000;1,000000000000000;1,000000000000000;1,000000000000000;1,000000000000000;1,000000000000000;1,000000000000000;1,000000000000000;1,000000000000000;1,000000000000000
2021-08-14;alle;21;21,0;21;21;21;21;21;21;21;21;21;21;135;135,0;135;135;135;135;135;135;135;135;135;135;NA;NA;NA;NA;NA;NA;NA;NA;NA;NA;NA
2021-08-13;0-60;24;24,0;24;24;24;24;24;24;24;24;24;24;91;91,0;91;91;91;91;91;91;91;91;91;91;1,000000000000000;1,000000000000000;1,000000000000000;1,000000000000000;1,000000000000000;1,000000000000000;1,000000000000000;1,000000000000000;1,000000000000000;1,000000000000000;1,000000000000000
2021-08-13;60+;7;7,0;7;7;7;7;7;7;7;7;7;7;37;37,0;37;37;37;37;37;37;37;37;37;37;1,000000000000000;1,000000000000000;1,000000000000000;1,000000000000000;1,000000000000000;1,000000000000000;1,000000000000000;1,000000000000000;1,000000000000000;1,000000000000000;1,000000000000000
2021-08-13;alle;31;31,0;31;31;31;31;31;31;31;31;31;31;128;128,0;128;128;128;128;128;128;128;128;128;128;NA;NA;NA;NA;NA;NA;NA;NA;NA;NA;NA
2021-08-12;0-60;15;15,0;15;15;15;15;15;15;15;15;15;15;80;80,0;80;80;80;80;80;80;80;80;80;80;1,000000000000000;1,000000000000000;1,000000000000000;1,000000000000000;1,000000000000000;1,000000000000000;1,000000000000000;1,000000000000000;1,000000000000000;1,000000000000000;1,000000000000000
2021-08-12;60+;12;12,0;12;12;12;12;12;12;12;12;12;12;39;39,0;39;39;39;39;39;39;39;39;39;39;1,000000000000000;1,000000000000000;1,000000000000000;1,000000000000000;1,000000000000000;1,000000000000000;1,000000000000000;1,000000000000000;1,000000000000000;1,000000000000000;1,000000000000000
2021-08-12;alle;27;27,0;27;27;27;27;27;27;27;27;27;27;119;119,0;119;119;119;119;119;119;119;119;119;119;NA;NA;NA;NA;NA;NA;NA;NA;NA;NA;NA
2021-08-11;0-60;18;18,0;18;18;18;18;18;18;18;18;18;18;78;78,0;78;78;78;78;78;78;78;78;78;78;1,000000000000000;1,000000000000000;1,000000000000000;1,000000000000000;1,000000000000000;1,000000000000000;1,000000000000000;1,000000000000000;1,000000000000000;1,000000000000000;1,000000000000000
2021-08-11;60+;7;7,0;7;7;7;7;7;7;7;7;7;7;33;33,0;33;33;33;33;33;33;33;33;33;33;1,000000000000000;1,000000000000000;1,000000000000000;1,000000000000000;1,000000000000000;1,000000000000000;1,000000000000000;1,000000000000000;1,000000000000000;1,000000000000000;1,000000000000000
2021-08-11;alle;25;25,0;25;25;25;25;25;25;25;25;25;25;111;111,0;111;111;111;111;111;111;111;111;111;111;NA;NA;NA;NA;NA;NA;NA;NA;NA;NA;NA
2021-08-10;0-60;11;11,0;11;11;11;11;11;11;11;11;11;11;73;73,0;73;73;73;73;73;73;73;73;73;73;1,000000000000000;1,000000000000000;1,000000000000000;1,000000000000000;1,000000000000000;1,000000000000000;1,000000000000000;1,000000000000000;1,000000000000000;1,000000000000000;1,000000000000000
2021-08-10;60+;1;1,0;1;1;1;1;1;1;1;1;1;1;32;32,0;32;32;32;32;32;32;32;32;32;32;1,000000000000000;1,000000000000000;1,000000000000000;1,000000000000000;1,000000000000000;1,000000000000000;1,000000000000000;1,000000000000000;1,000000000000000;1,000000000000000;1,000000000000000
2021-08-10;alle;12;12,0;12;12;12;12;12;12;12;12;12;12;105;105,0;105;105;105;105;105;105;105;105;105;105;NA;NA;NA;NA;NA;NA;NA;NA;NA;NA;NA
2021-08-09;0-60;3;3,0;3;3;3;3;3;3;3;3;3;3;72;72,0;72;72;72;72;72;72;72;72;72;72;1,000000000000000;1,000000000000000;1,000000000000000;1,000000000000000;1,000000000000000;1,000000000000000;1,000000000000000;1,000000000000000;1,000000000000000;1,000000000000000;1,000000000000000
2021-08-09;60+;2;2,0;2;2;2;2;2;2;2;2;2;2;37;37,0;37;37;37;37;37;37;37;37;37;37;1,000000000000000;1,000000000000000;1,000000000000000;1,000000000000000;1,000000000000000;1,000000000000000;1,000000000000000;1,000000000000000;1,000000000000000;1,000000000000000;1,000000000000000
2021-08-09;alle;5;5,0;5;5;5;5;5;5;5;5;5;5;109;109,0;109;109;109;109;109;109;109;109;109;109;NA;NA;NA;NA;NA;NA;NA;NA;NA;NA;NA
2021-08-08;0-60;12;12,0;12;12;12;12;12;12;12;12;12;12;72;72,0;72;72;72;72;72;72;72;72;72;72;1,000000000000000;1,000000000000000;1,000000000000000;1,000000000000000;1,000000000000000;1,000000000000000;1,000000000000000;1,000000000000000;1,000000000000000;1,000000000000000;1,000000000000000
2021-08-08;60+;2;2,0;2;2;2;2;2;2;2;2;2;2;38;38,0;38;38;38;38;38;38;38;38;38;38;1,000000000000000;1,000000000000000;1,000000000000000;1,000000000000000;1,000000000000000;1,000000000000000;1,000000000000000;1,000000000000000;1,000000000000000;1,000000000000000;1,000000000000000
2021-08-08;alle;14;14,0;14;14;14;14;14;14;14;14;14;14;110;110,0;110;110;110;110;110;110;110;110;110;110;NA;NA;NA;NA;NA;NA;NA;NA;NA;NA;NA
2021-08-07;0-60;8;8,0;8;8;8;8;8;8;8;8;8;8;66;66,0;66;66;66;66;66;66;66;66;66;66;1,000000000000000;1,000000000000000;1,000000000000000;1,000000000000000;1,000000000000000;1,000000000000000;1,000000000000000;1,000000000000000;1,000000000000000;1,000000000000000;1,000000000000000
2021-08-07;60+;6;6,0;6;6;6;6;6;6;6;6;6;6;38;38,0;38;38;38;38;38;38;38;38;38;38;1,000000000000000;1,000000000000000;1,000000000000000;1,000000000000000;1,000000000000000;1,000000000000000;1,000000000000000;1,000000000000000;1,000000000000000;1,000000000000000;1,000000000000000
2021-08-07;alle;14;14,0;14;14;14;14;14;14;14;14;14;14;104;104,0;104;104;104;104;104;104;104;104;104;104;NA;NA;NA;NA;NA;NA;NA;NA;NA;NA;NA
2021-08-06;0-60;13;13,0;13;13;13;13;13;13;13;13;13;13;70;70,0;70;70;70;70;70;70;70;70;70;70;1,000000000000000;1,000000000000000;1,000000000000000;1,000000000000000;1,000000000000000;1,000000000000000;1,000000000000000;1,000000000000000;1,000000000000000;1,000000000000000;1,000000000000000
2021-08-06;60+;9;9,0;9;9;9;9;9;9;9;9;9;9;34;34,0;34;34;34;34;34;34;34;34;34;34;1,000000000000000;1,000000000000000;1,000000000000000;1,000000000000000;1,000000000000000;1,000000000000000;1,000000000000000;1,000000000000000;1,000000000000000;1,000000000000000;1,000000000000000
2021-08-06;alle;22;22,0;22;22;22;22;22;22;22;22;22;22;104;104,0;104;104;104;104;104;104;104;104;104;104;NA;NA;NA;NA;NA;NA;NA;NA;NA;NA;NA
2021-08-05;0-60;13;13,0;13;13;13;13;13;13;13;13;13;13;61;61,0;61;61;61;61;61;61;61;61;61;61;1,000000000000000;1,000000000000000;1,000000000000000;1,000000000000000;1,000000000000000;1,000000000000000;1,000000000000000;1,000000000000000;1,000000000000000;1,000000000000000;1,000000000000000
2021-08-05;60+;6;6,0;6;6;6;6;6;6;6;6;6;6;29;29,0;29;29;29;29;29;29;29;29;29;29;1,000000000000000;1,000000000000000;1,000000000000000;1,000000000000000;1,000000000000000;1,000000000000000;1,000000000000000;1,000000000000000;1,000000000000000;1,000000000000000;1,000000000000000
2021-08-05;alle;19;19,0;19;19;19;19;19;19;19;19;19;19;90;90,0;90;90;90;90;90;90;90;90;90;90;NA;NA;NA;NA;NA;NA;NA;NA;NA;NA;NA
2021-08-04;0-60;13;13,0;13;13;13;13;13;13;13;13;13;13;63;63,0;63;63;63;63;63;63;63;63;63;63;1,000000000000000;1,000000000000000;1,000000000000000;1,000000000000000;1,000000000000000;1,000000000000000;1,000000000000000;1,000000000000000;1,000000000000000;1,000000000000000;1,000000000000000
2021-08-04;60+;6;6,0;6;6;6;6;6;6;6;6;6;6;32;32,0;32;32;32;32;32;32;32;32;32;32;1,000000000000000;1,000000000000000;1,000000000000000;1,000000000000000;1,000000000000000;1,000000000000000;1,000000000000000;1,000000000000000;1,000000000000000;1,000000000000000;1,000000000000000
2021-08-04;alle;19;19,0;19;19;19;19;19;19;19;19;19;19;95;95,0;95;95;95;95;95;95;95;95;95;95;NA;NA;NA;NA;NA;NA;NA;NA;NA;NA;NA
2021-08-03;0-60;10;10,0;10;10;10;10;10;10;10;10;10;10;62;62,0;62;62;62;62;62;62;62;62;62;62;1,000000000000000;1,000000000000000;1,000000000000000;1,000000000000000;1,000000000000000;1,000000000000000;1,000000000000000;1,000000000000000;1,000000000000000;1,000000000000000;1,000000000000000
2021-08-03;60+;6;6,0;6;6;6;6;6;6;6;6;6;6;32;32,0;32;32;32;32;32;32;32;32;32;32;1,000000000000000;1,000000000000000;1,000000000000000;1,000000000000000;1,000000000000000;1,000000000000000;1,000000000000000;1,000000000000000;1,000000000000000;1,000000000000000;1,000000000000000
2021-08-03;alle;16;16,0;16;16;16;16;16;16;16;16;16;16;94;94,0;94;94;94;94;94;94;94;94;94;94;NA;NA;NA;NA;NA;NA;NA;NA;NA;NA;NA
2021-08-02;0-60;3;3,0;3;3;3;3;3;3;3;3;3;3;56;56,0;56;56;56;56;56;56;56;56;56;56;1,000000000000000;1,000000000000000;1,000000000000000;1,000000000000000;1,000000000000000;1,000000000000000;1,000000000000000;1,000000000000000;1,000000000000000;1,000000000000000;1,000000000000000
2021-08-02;60+;3;3,0;3;3;3;3;3;3;3;3;3;3;27;27,0;27;27;27;27;27;27;27;27;27;27;1,000000000000000;1,000000000000000;1,000000000000000;1,000000000000000;1,000000000000000;1,000000000000000;1,000000000000000;1,000000000000000;1,000000000000000;1,000000000000000;1,000000000000000
2021-08-02;alle;6;6,0;6;6;6;6;6;6;6;6;6;6;83;83,0;83;83;83;83;83;83;83;83;83;83;NA;NA;NA;NA;NA;NA;NA;NA;NA;NA;NA
2021-08-01;0-60;6;6,0;6;6;6;6;6;6;6;6;6;6;55;55,0;55;55;55;55;55;55;55;55;55;55;1,000000000000000;1,000000000000000;1,000000000000000;1,000000000000000;1,000000000000000;1,000000000000000;1,000000000000000;1,000000000000000;1,000000000000000;1,000000000000000;1,000000000000000
2021-08-01;60+;2;2,0;2;2;2;2;2;2;2;2;2;2;24;24,0;24;24;24;24;24;24;24;24;24;24;1,000000000000000;1,000000000000000;1,000000000000000;1,000000000000000;1,000000000000000;1,000000000000000;1,000000000000000;1,000000000000000;1,000000000000000;1,000000000000000;1,000000000000000
2021-08-01;alle;8;8,0;8;8;8;8;8;8;8;8;8;8;79;79,0;79;79;79;79;79;79;79;79;79;79;NA;NA;NA;NA;NA;NA;NA;NA;NA;NA;NA
2021-07-31;0-60;12;12,0;12;12;12;12;12;12;12;12;12;12;60;60,0;60;60;60;60;60;60;60;60;60;60;1,000000000000000;1,000000000000000;1,000000000000000;1,000000000000000;1,000000000000000;1,000000000000000;1,000000000000000;1,000000000000000;1,000000000000000;1,000000000000000;1,000000000000000
2021-07-31;60+;2;2,0;2;2;2;2;2;2;2;2;2;2;25;25,0;25;25;25;25;25;25;25;25;25;25;1,000000000000000;1,000000000000000;1,000000000000000;1,000000000000000;1,000000000000000;1,000000000000000;1,000000000000000;1,000000000000000;1,000000000000000;1,000000000000000;1,000000000000000
2021-07-31;alle;14;14,0;14;14;14;14;14;14;14;14;14;14;85;85,0;85;85;85;85;85;85;85;85;85;85;NA;NA;NA;NA;NA;NA;NA;NA;NA;NA;NA
2021-07-30;0-60;4;4,0;4;4;4;4;4;4;4;4;4;4;52;52,0;52;52;52;52;52;52;52;52;52;52;1,000000000000000;1,000000000000000;1,000000000000000;1,000000000000000;1,000000000000000;1,000000000000000;1,000000000000000;1,000000000000000;1,000000000000000;1,000000000000000;1,000000000000000
2021-07-30;60+;4;4,0;4;4;4;4;4;4;4;4;4;4;28;28,0;28;28;28;28;28;28;28;28;28;28;1,000000000000000;1,000000000000000;1,000000000000000;1,000000000000000;1,000000000000000;1,000000000000000;1,000000000000000;1,000000000000000;1,000000000000000;1,000000000000000;1,000000000000000
2021-07-30;alle;8;8,0;8;8;8;8;8;8;8;8;8;8;80;80,0;80;80;80;80;80;80;80;80;80;80;NA;NA;NA;NA;NA;NA;NA;NA;NA;NA;NA
2021-07-29;0-60;15;15,0;15;15;15;15;15;15;15;15;15;15;56;56,0;56;56;56;56;56;56;56;56;56;56;1,000000000000000;1,000000000000000;1,000000000000000;1,000000000000000;1,000000000000000;1,000000000000000;1,000000000000000;1,000000000000000;1,000000000000000;1,000000000000000;1,000000000000000
2021-07-29;60+;9;9,0;9;9;9;9;9;9;9;9;9;9;27;27,0;27;27;27;27;27;27;27;27;27;27;1,000000000000000;1,000000000000000;1,000000000000000;1,000000000000000;1,000000000000000;1,000000000000000;1,000000000000000;1,000000000000000;1,000000000000000;1,000000000000000;1,000000000000000
2021-07-29;alle;24;24,0;24;24;24;24;24;24;24;24;24;24;83;83,0;83;83;83;83;83;83;83;83;83;83;NA;NA;NA;NA;NA;NA;NA;NA;NA;NA;NA
2021-07-28;0-60;12;12,0;12;12;12;12;12;12;12;12;12;12;48;48,0;48;48;48;48;48;48;48;48;48;48;1,000000000000000;1,000000000000000;1,000000000000000;1,000000000000000;1,000000000000000;1,000000000000000;1,000000000000000;1,000000000000000;1,000000000000000;1,000000000000000;1,000000000000000
2021-07-28;60+;6;6,0;6;6;6;6;6;6;6;6;6;6;22;22,0;22;22;22;22;22;22;22;22;22;22;1,000000000000000;1,000000000000000;1,000000000000000;1,000000000000000;1,000000000000000;1,000000000000000;1,000000000000000;1,000000000000000;1,000000000000000;1,000000000000000;1,000000000000000
2021-07-28;alle;18;18,0;18;18;18;18;18;18;18;18;18;18;70;70,0;70;70;70;70;70;70;70;70;70;70;NA;NA;NA;NA;NA;NA;NA;NA;NA;NA;NA
2021-07-27;0-60;4;4,0;4;4;4;4;4;4;4;4;4;4;42;42,0;42;42;42;42;42;42;42;42;42;42;1,000000000000000;1,000000000000000;1,000000000000000;1,000000000000000;1,000000000000000;1,000000000000000;1,000000000000000;1,000000000000000;1,000000000000000;1,000000000000000;1,000000000000000
2021-07-27;60+;1;1,0;1;1;1;1;1;1;1;1;1;1;21;21,0;21;21;21;21;21;21;21;21;21;21;1,000000000000000;1,000000000000000;1,000000000000000;1,000000000000000;1,000000000000000;1,000000000000000;1,000000000000000;1,000000000000000;1,000000000000000;1,000000000000000;1,000000000000000
2021-07-27;alle;5;5,0;5;5;5;5;5;5;5;5;5;5;63;63,0;63;63;63;63;63;63;63;63;63;63;NA;NA;NA;NA;NA;NA;NA;NA;NA;NA;NA
2021-07-26;0-60;2;2,0;2;2;2;2;2;2;2;2;2;2;40;40,0;40;40;40;40;40;40;40;40;40;40;1,000000000000000;1,000000000000000;1,000000000000000;1,000000000000000;1,000000000000000;1,000000000000000;1,000000000000000;1,000000000000000;1,000000000000000;1,000000000000000;1,000000000000000
2021-07-26;60+;0;0,0;0;0;0;0;0;0;0;0;0;0;20;20,0;20;20;20;20;20;20;20;20;20;20;1,000000000000000;1,000000000000000;1,000000000000000;1,000000000000000;1,000000000000000;1,000000000000000;1,000000000000000;1,000000000000000;1,000000000000000;1,000000000000000;1,000000000000000
2021-07-26;alle;2;2,0;2;2;2;2;2;2;2;2;2;2;60;60,0;60;60;60;60;60;60;60;60;60;60;NA;NA;NA;NA;NA;NA;NA;NA;NA;NA;NA
2021-07-25;0-60;11;11,0;11;11;11;11;11;11;11;11;11;11;40;40,0;40;40;40;40;40;40;40;40;40;40;1,000000000000000;1,000000000000000;1,000000000000000;1,000000000000000;1,000000000000000;1,000000000000000;1,000000000000000;1,000000000000000;1,000000000000000;1,000000000000000;1,000000000000000
2021-07-25;60+;3;3,0;3;3;3;3;3;3;3;3;3;3;21;21,0;21;21;21;21;21;21;21;21;21;21;1,000000000000000;1,000000000000000;1,000000000000000;1,000000000000000;1,000000000000000;1,000000000000000;1,000000000000000;1,000000000000000;1,000000000000000;1,000000000000000;1,000000000000000
2021-07-25;alle;14;14,0;14;14;14;14;14;14;14;14;14;14;61;61,0;61;61;61;61;61;61;61;61;61;61;NA;NA;NA;NA;NA;NA;NA;NA;NA;NA;NA
2021-07-24;0-60;4;4,0;4;4;4;4;4;4;4;4;4;4;31;31,0;31;31;31;31;31;31;31;31;31;31;1,000000000000000;1,000000000000000;1,000000000000000;1,000000000000000;1,000000000000000;1,000000000000000;1,000000000000000;1,000000000000000;1,000000000000000;1,000000000000000;1,000000000000000
2021-07-24;60+;5;5,0;5;5;5;5;5;5;5;5;5;5;19;19,0;19;19;19;19;19;19;19;19;19;19;1,000000000000000;1,000000000000000;1,000000000000000;1,000000000000000;1,000000000000000;1,000000000000000;1,000000000000000;1,000000000000000;1,000000000000000;1,000000000000000;1,000000000000000
2021-07-24;alle;9;9,0;9;9;9;9;9;9;9;9;9;9;50;50,0;50;50;50;50;50;50;50;50;50;50;NA;NA;NA;NA;NA;NA;NA;NA;NA;NA;NA
2021-07-23;0-60;8;8,0;8;8;8;8;8;8;8;8;8;8;31;31,0;31;31;31;31;31;31;31;31;31;31;1,000000000000000;1,000000000000000;1,000000000000000;1,000000000000000;1,000000000000000;1,000000000000000;1,000000000000000;1,000000000000000;1,000000000000000;1,000000000000000;1,000000000000000
2021-07-23;60+;3;3,0;3;3;3;3;3;3;3;3;3;3;16;16,0;16;16;16;16;16;16;16;16;16;16;1,000000000000000;1,000000000000000;1,000000000000000;1,000000000000000;1,000000000000000;1,000000000000000;1,000000000000000;1,000000000000000;1,000000000000000;1,000000000000000;1,000000000000000
2021-07-23;alle;11;11,0;11;11;11;11;11;11;11;11;11;11;47;47,0;47;47;47;47;47;47;47;47;47;47;NA;NA;NA;NA;NA;NA;NA;NA;NA;NA;NA
2021-07-22;0-60;7;7,0;7;7;7;7;7;7;7;7;7;7;26;26,0;26;26;26;26;26;26;26;26;26;26;1,000000000000000;1,000000000000000;1,000000000000000;1,000000000000000;1,000000000000000;1,000000000000000;1,000000000000000;1,000000000000000;1,000000000000000;1,000000000000000;1,000000000000000
2021-07-22;60+;4;4,0;4;4;4;4;4;4;4;4;4;4;13;13,0;13;13;13;13;13;13;13;13;13;13;1,000000000000000;1,000000000000000;1,000000000000000;1,000000000000000;1,000000000000000;1,000000000000000;1,000000000000000;1,000000000000000;1,000000000000000;1,000000000000000;1,000000000000000
2021-07-22;alle;11;11,0;11;11;11;11;11;11;11;11;11;11;39;39,0;39;39;39;39;39;39;39;39;39;39;NA;NA;NA;NA;NA;NA;NA;NA;NA;NA;NA
2021-07-21;0-60;6;6,0;6;6;6;6;6;6;6;6;6;6;23;23,0;23;23;23;23;23;23;23;23;23;23;1,000000000000000;1,000000000000000;1,000000000000000;1,000000000000000;1,000000000000000;1,000000000000000;1,000000000000000;1,000000000000000;1,000000000000000;1,000000000000000;1,000000000000000
2021-07-21;60+;5;5,0;5;5;5;5;5;5;5;5;5;5;11;11,0;11;11;11;11;11;11;11;11;11;11;1,000000000000000;1,000000000000000;1,000000000000000;1,000000000000000;1,000000000000000;1,000000000000000;1,000000000000000;1,000000000000000;1,000000000000000;1,000000000000000;1,000000000000000
2021-07-21;alle;11;11,0;11;11;11;11;11;11;11;11;11;11;34;34,0;34;34;34;34;34;34;34;34;34;34;NA;NA;NA;NA;NA;NA;NA;NA;NA;NA;NA
2021-07-20;0-60;2;2,0;2;2;2;2;2;2;2;2;2;2;23;23,0;23;23;23;23;23;23;23;23;23;23;1,000000000000000;1,000000000000000;1,000000000000000;1,000000000000000;1,000000000000000;1,000000000000000;1,000000000000000;1,000000000000000;1,000000000000000;1,000000000000000;1,000000000000000
2021-07-20;60+;0;0,0;0;0;0;0;0;0;0;0;0;0;6;6,0;6;6;6;6;6;6;6;6;6;6;1,000000000000000;1,000000000000000;1,000000000000000;1,000000000000000;1,000000000000000;1,000000000000000;1,000000000000000;1,000000000000000;1,000000000000000;1,000000000000000;1,000000000000000
2021-07-20;alle;2;2,0;2;2;2;2;2;2;2;2;2;2;29;29,0;29;29;29;29;29;29;29;29;29;29;NA;NA;NA;NA;NA;NA;NA;NA;NA;NA;NA
2021-07-19;0-60;2;2,0;2;2;2;2;2;2;2;2;2;2;23;23,0;23;23;23;23;23;23;23;23;23;23;1,000000000000000;1,000000000000000;1,000000000000000;1,000000000000000;1,000000000000000;1,000000000000000;1,000000000000000;1,000000000000000;1,000000000000000;1,000000000000000;1,000000000000000
2021-07-19;60+;1;1,0;1;1;1;1;1;1;1;1;1;1;8;8,0;8;8;8;8;8;8;8;8;8;8;1,000000000000000;1,000000000000000;1,000000000000000;1,000000000000000;1,000000000000000;1,000000000000000;1,000000000000000;1,000000000000000;1,000000000000000;1,000000000000000;1,000000000000000
2021-07-19;alle;3;3,0;3;3;3;3;3;3;3;3;3;3;31;31,0;31;31;31;31;31;31;31;31;31;31;NA;NA;NA;NA;NA;NA;NA;NA;NA;NA;NA
2021-07-18;0-60;2;2,0;2;2;2;2;2;2;2;2;2;2;21;21,0;21;21;21;21;21;21;21;21;21;21;1,000000000000000;1,000000000000000;1,000000000000000;1,000000000000000;1,000000000000000;1,000000000000000;1,000000000000000;1,000000000000000;1,000000000000000;1,000000000000000;1,000000000000000
2021-07-18;60+;1;1,0;1;1;1;1;1;1;1;1;1;1;7;7,0;7;7;7;7;7;7;7;7;7;7;1,000000000000000;1,000000000000000;1,000000000000000;1,000000000000000;1,000000000000000;1,000000000000000;1,000000000000000;1,000000000000000;1,000000000000000;1,000000000000000;1,000000000000000
2021-07-18;alle;3;3,0;3;3;3;3;3;3;3;3;3;3;28;28,0;28;28;28;28;28;28;28;28;28;28;NA;NA;NA;NA;NA;NA;NA;NA;NA;NA;NA
2021-07-17;0-60;4;4,0;4;4;4;4;4;4;4;4;4;4;22;22,0;22;22;22;22;22;22;22;22;22;22;1,000000000000000;1,000000000000000;1,000000000000000;1,000000000000000;1,000000000000000;1,000000000000000;1,000000000000000;1,000000000000000;1,000000000000000;1,000000000000000;1,000000000000000
2021-07-17;60+;2;2,0;2;2;2;2;2;2;2;2;2;2;6;6,0;6;6;6;6;6;6;6;6;6;6;1,000000000000000;1,000000000000000;1,000000000000000;1,000000000000000;1,000000000000000;1,000000000000000;1,000000000000000;1,000000000000000;1,000000000000000;1,000000000000000;1,000000000000000
2021-07-17;alle;6;6,0;6;6;6;6;6;6;6;6;6;6;28;28,0;28;28;28;28;28;28;28;28;28;28;NA;NA;NA;NA;NA;NA;NA;NA;NA;NA;NA
2021-07-16;0-60;3;3,0;3;3;3;3;3;3;3;3;3;3;24;24,0;24;24;24;24;24;24;24;24;24;24;1,000000000000000;1,000000000000000;1,000000000000000;1,000000000000000;1,000000000000000;1,000000000000000;1,000000000000000;1,000000000000000;1,000000000000000;1,000000000000000;1,000000000000000
2021-07-16;60+;0;0,0;0;0;0;0;0;0;0;0;0;0;6;6,0;6;6;6;6;6;6;6;6;6;6;1,000000000000000;1,000000000000000;1,000000000000000;1,000000000000000;1,000000000000000;1,000000000000000;1,000000000000000;1,000000000000000;1,000000000000000;1,000000000000000;1,000000000000000
2021-07-16;alle;3;3,0;3;3;3;3;3;3;3;3;3;3;30;30,0;30;30;30;30;30;30;30;30;30;30;NA;NA;NA;NA;NA;NA;NA;NA;NA;NA;NA
2021-07-15;0-60;4;4,0;4;4;4;4;4;4;4;4;4;4;22;22,0;22;22;22;22;22;22;22;22;22;22;1,000000000000000;1,000000000000000;1,000000000000000;1,000000000000000;1,000000000000000;1,000000000000000;1,000000000000000;1,000000000000000;1,000000000000000;1,000000000000000;1,000000000000000
2021-07-15;60+;2;2,0;2;2;2;2;2;2;2;2;2;2;9;9,0;9;9;9;9;9;9;9;9;9;9;1,000000000000000;1,000000000000000;1,000000000000000;1,000000000000000;1,000000000000000;1,000000000000000;1,000000000000000;1,000000000000000;1,000000000000000;1,000000000000000;1,000000000000000
2021-07-15;alle;6;6,0;6;6;6;6;6;6;6;6;6;6;31;31,0;31;31;31;31;31;31;31;31;31;31;NA;NA;NA;NA;NA;NA;NA;NA;NA;NA;NA
2021-07-14;0-60;6;6,0;6;6;6;6;6;6;6;6;6;6;22;22,0;22;22;22;22;22;22;22;22;22;22;1,000000000000000;1,000000000000000;1,000000000000000;1,000000000000000;1,000000000000000;1,000000000000000;1,000000000000000;1,000000000000000;1,000000000000000;1,000000000000000;1,000000000000000
2021-07-14;60+;0;0,0;0;0;0;0;0;0;0;0;0;0;7;7,0;7;7;7;7;7;7;7;7;7;7;1,000000000000000;1,000000000000000;1,000000000000000;1,000000000000000;1,000000000000000;1,000000000000000;1,000000000000000;1,000000000000000;1,000000000000000;1,000000000000000;1,000000000000000
2021-07-14;alle;6;6,0;6;6;6;6;6;6;6;6;6;6;29;29,0;29;29;29;29;29;29;29;29;29;29;NA;NA;NA;NA;NA;NA;NA;NA;NA;NA;NA
2021-07-13;0-60;2;2,0;2;2;2;2;2;2;2;2;2;2;19;19,0;19;19;19;19;19;19;19;19;19;19;1,000000000000000;1,000000000000000;1,000000000000000;1,000000000000000;1,000000000000000;1,000000000000000;1,000000000000000;1,000000000000000;1,000000000000000;1,000000000000000;1,000000000000000
2021-07-13;60+;2;2,0;2;2;2;2;2;2;2;2;2;2;8;8,0;8;8;8;8;8;8;8;8;8;8;1,000000000000000;1,000000000000000;1,000000000000000;1,000000000000000;1,000000000000000;1,000000000000000;1,000000000000000;1,000000000000000;1,000000000000000;1,000000000000000;1,000000000000000
2021-07-13;alle;4;4,0;4;4;4;4;4;4;4;4;4;4;27;27,0;27;27;27;27;27;27;27;27;27;27;NA;NA;NA;NA;NA;NA;NA;NA;NA;NA;NA
2021-07-12;0-60;0;0,0;0;0;0;0;0;0;0;0;0;0;19;19,0;19;19;19;19;19;19;19;19;19;19;1,000000000000000;1,000000000000000;1,000000000000000;1,000000000000000;1,000000000000000;1,000000000000000;1,000000000000000;1,000000000000000;1,000000000000000;1,000000000000000;1,000000000000000
2021-07-12;60+;0;0,0;0;0;0;0;0;0;0;0;0;0;9;9,0;9;9;9;9;9;9;9;9;9;9;1,000000000000000;1,000000000000000;1,000000000000000;1,000000000000000;1,000000000000000;1,000000000000000;1,000000000000000;1,000000000000000;1,000000000000000;1,000000000000000;1,000000000000000
2021-07-12;alle;0;0,0;0;0;0;0;0;0;0;0;0;0;28;28,0;28;28;28;28;28;28;28;28;28;28;NA;NA;NA;NA;NA;NA;NA;NA;NA;NA;NA
2021-07-11;0-60;3;3,0;3;3;3;3;3;3;3;3;3;3;21;21,0;21;21;21;21;21;21;21;21;21;21;1,000000000000000;1,000000000000000;1,000000000000000;1,000000000000000;1,000000000000000;1,000000000000000;1,000000000000000;1,000000000000000;1,000000000000000;1,000000000000000;1,000000000000000
2021-07-11;60+;0;0,0;0;0;0;0;0;0;0;0;0;0;9;9,0;9;9;9;9;9;9;9;9;9;9;1,000000000000000;1,000000000000000;1,000000000000000;1,000000000000000;1,000000000000000;1,000000000000000;1,000000000000000;1,000000000000000;1,000000000000000;1,000000000000000;1,000000000000000
2021-07-11;alle;3;3,0;3;3;3;3;3;3;3;3;3;3;30;30,0;30;30;30;30;30;30;30;30;30;30;NA;NA;NA;NA;NA;NA;NA;NA;NA;NA;NA
2021-07-10;0-60;6;6,0;6;6;6;6;6;6;6;6;6;6;20;20,0;20;20;20;20;20;20;20;20;20;20;1,000000000000000;1,000000000000000;1,000000000000000;1,000000000000000;1,000000000000000;1,000000000000000;1,000000000000000;1,000000000000000;1,000000000000000;1,000000000000000;1,000000000000000
2021-07-10;60+;2;2,0;2;2;2;2;2;2;2;2;2;2;11;11,0;11;11;11;11;11;11;11;11;11;11;1,000000000000000;1,000000000000000;1,000000000000000;1,000000000000000;1,000000000000000;1,000000000000000;1,000000000000000;1,000000000000000;1,000000000000000;1,000000000000000;1,000000000000000
2021-07-10;alle;8;8,0;8;8;8;8;8;8;8;8;8;8;31;31,0;31;31;31;31;31;31;31;31;31;31;NA;NA;NA;NA;NA;NA;NA;NA;NA;NA;NA
2021-07-09;0-60;1;1,0;1;1;1;1;1;1;1;1;1;1;20;20,0;20;20;20;20;20;20;20;20;20;20;1,000000000000000;1,000000000000000;1,000000000000000;1,000000000000000;1,000000000000000;1,000000000000000;1,000000000000000;1,000000000000000;1,000000000000000;1,000000000000000;1,000000000000000
2021-07-09;60+;3;3,0;3;3;3;3;3;3;3;3;3;3;10;10,0;10;10;10;10;10;10;10;10;10;10;1,000000000000000;1,000000000000000;1,000000000000000;1,000000000000000;1,000000000000000;1,000000000000000;1,000000000000000;1,000000000000000;1,000000000000000;1,000000000000000;1,000000000000000
2021-07-09;alle;4;4,0;4;4;4;4;4;4;4;4;4;4;30;30,0;30;30;30;30;30;30;30;30;30;30;NA;NA;NA;NA;NA;NA;NA;NA;NA;NA;NA
2021-07-08;0-60;4;4,0;4;4;4;4;4;4;4;4;4;4;24;24,0;24;24;24;24;24;24;24;24;24;24;1,000000000000000;1,000000000000000;1,000000000000000;1,000000000000000;1,000000000000000;1,000000000000000;1,000000000000000;1,000000000000000;1,000000000000000;1,000000000000000;1,000000000000000
2021-07-08;60+;0;0,0;0;0;0;0;0;0;0;0;0;0;8;8,0;8;8;8;8;8;8;8;8;8;8;1,000000000000000;1,000000000000000;1,000000000000000;1,000000000000000;1,000000000000000;1,000000000000000;1,000000000000000;1,000000000000000;1,000000000000000;1,000000000000000;1,000000000000000
2021-07-08;alle;4;4,0;4;4;4;4;4;4;4;4;4;4;32;32,0;32;32;32;32;32;32;32;32;32;32;NA;NA;NA;NA;NA;NA;NA;NA;NA;NA;NA
2021-07-07;0-60;3;3,0;3;3;3;3;3;3;3;3;3;3;23;23,0;23;23;23;23;23;23;23;23;23;23;1,000000000000000;1,000000000000000;1,000000000000000;1,000000000000000;1,000000000000000;1,000000000000000;1,000000000000000;1,000000000000000;1,000000000000000;1,000000000000000;1,000000000000000
2021-07-07;60+;1;1,0;1;1;1;1;1;1;1;1;1;1;9;9,0;9;9;9;9;9;9;9;9;9;9;1,000000000000000;1,000000000000000;1,000000000000000;1,000000000000000;1,000000000000000;1,000000000000000;1,000000000000000;1,000000000000000;1,000000000000000;1,000000000000000;1,000000000000000
2021-07-07;alle;4;4,0;4;4;4;4;4;4;4;4;4;4;32;32,0;32;32;32;32;32;32;32;32;32;32;NA;NA;NA;NA;NA;NA;NA;NA;NA;NA;NA
2021-07-06;0-60;2;2,0;2;2;2;2;2;2;2;2;2;2;24;24,0;24;24;24;24;24;24;24;24;24;24;1,000000000000000;1,000000000000000;1,000000000000000;1,000000000000000;1,000000000000000;1,000000000000000;1,000000000000000;1,000000000000000;1,000000000000000;1,000000000000000;1,000000000000000
2021-07-06;60+;3;3,0;3;3;3;3;3;3;3;3;3;3;11;11,0;11;11;11;11;11;11;11;11;11;11;1,000000000000000;1,000000000000000;1,000000000000000;1,000000000000000;1,000000000000000;1,000000000000000;1,000000000000000;1,000000000000000;1,000000000000000;1,000000000000000;1,000000000000000
2021-07-06;alle;5;5,0;5;5;5;5;5;5;5;5;5;5;35;35,0;35;35;35;35;35;35;35;35;35;35;NA;NA;NA;NA;NA;NA;NA;NA;NA;NA;NA
2021-07-05;0-60;2;2,0;2;2;2;2;2;2;2;2;2;2;24;24,0;24;24;24;24;24;24;24;24;24;24;1,000000000000000;1,000000000000000;1,000000000000000;1,000000000000000;1,000000000000000;1,000000000000000;1,000000000000000;1,000000000000000;1,000000000000000;1,000000000000000;1,000000000000000
2021-07-05;60+;0;0,0;0;0;0;0;0;0;0;0;0;0;8;8,0;8;8;8;8;8;8;8;8;8;8;1,000000000000000;1,000000000000000;1,000000000000000;1,000000000000000;1,000000000000000;1,000000000000000;1,000000000000000;1,000000000000000;1,000000000000000;1,000000000000000;1,000000000000000
2021-07-05;alle;2;2,0;2;2;2;2;2;2;2;2;2;2;32;32,0;32;32;32;32;32;32;32;32;32;32;NA;NA;NA;NA;NA;NA;NA;NA;NA;NA;NA
2021-07-04;0-60;2;2,0;2;2;2;2;2;2;2;2;2;2;22;22,0;22;22;22;22;22;22;22;22;22;22;1,000000000000000;1,000000000000000;1,000000000000000;1,000000000000000;1,000000000000000;1,000000000000000;1,000000000000000;1,000000000000000;1,000000000000000;1,000000000000000;1,000000000000000
2021-07-04;60+;2;2,0;2;2;2;2;2;2;2;2;2;2;8;8,0;8;8;8;8;8;8;8;8;8;8;1,000000000000000;1,000000000000000;1,000000000000000;1,000000000000000;1,000000000000000;1,000000000000000;1,000000000000000;1,000000000000000;1,000000000000000;1,000000000000000;1,000000000000000
2021-07-04;alle;4;4,0;4;4;4;4;4;4;4;4;4;4;30;30,0;30;30;30;30;30;30;30;30;30;30;NA;NA;NA;NA;NA;NA;NA;NA;NA;NA;NA
2021-07-03;0-60;6;6,0;6;6;6;6;6;6;6;6;6;6;22;22,0;22;22;22;22;22;22;22;22;22;22;1,000000000000000;1,000000000000000;1,000000000000000;1,000000000000000;1,000000000000000;1,000000000000000;1,000000000000000;1,000000000000000;1,000000000000000;1,000000000000000;1,000000000000000
2021-07-03;60+;1;1,0;1;1;1;1;1;1;1;1;1;1;7;7,0;7;7;7;7;7;7;7;7;7;7;1,000000000000000;1,000000000000000;1,000000000000000;1,000000000000000;1,000000000000000;1,000000000000000;1,000000000000000;1,000000000000000;1,000000000000000;1,000000000000000;1,000000000000000
2021-07-03;alle;7;7,0;7;7;7;7;7;7;7;7;7;7;29;29,0;29;29;29;29;29;29;29;29;29;29;NA;NA;NA;NA;NA;NA;NA;NA;NA;NA;NA
2021-07-02;0-60;5;5,0;5;5;5;5;5;5;5;5;5;5;19;19,0;19;19;19;19;19;19;19;19;19;19;1,000000000000000;1,000000000000000;1,000000000000000;1,000000000000000;1,000000000000000;1,000000000000000;1,000000000000000;1,000000000000000;1,000000000000000;1,000000000000000;1,000000000000000
2021-07-02;60+;1;1,0;1;1;1;1;1;1;1;1;1;1;8;8,0;8;8;8;8;8;8;8;8;8;8;1,000000000000000;1,000000000000000;1,000000000000000;1,000000000000000;1,000000000000000;1,000000000000000;1,000000000000000;1,000000000000000;1,000000000000000;1,000000000000000;1,000000000000000
2021-07-02;alle;6;6,0;6;6;6;6;6;6;6;6;6;6;27;27,0;27;27;27;27;27;27;27;27;27;27;NA;NA;NA;NA;NA;NA;NA;NA;NA;NA;NA
2021-07-01;0-60;3;3,0;3;3;3;3;3;3;3;3;3;3;17;17,0;17;17;17;17;17;17;17;17;17;17;1,000000000000000;1,000000000000000;1,000000000000000;1,000000000000000;1,000000000000000;1,000000000000000;1,000000000000000;1,000000000000000;1,000000000000000;1,000000000000000;1,000000000000000
2021-07-01;60+;1;1,0;1;1;1;1;1;1;1;1;1;1;9;9,0;9;9;9;9;9;9;9;9;9;9;1,000000000000000;1,000000000000000;1,000000000000000;1,000000000000000;1,000000000000000;1,000000000000000;1,000000000000000;1,000000000000000;1,000000000000000;1,000000000000000;1,000000000000000
2021-07-01;alle;4;4,0;4;4;4;4;4;4;4;4;4;4;26;26,0;26;26;26;26;26;26;26;26;26;26;NA;NA;NA;NA;NA;NA;NA;NA;NA;NA;NA
2021-06-30;0-60;4;4,0;4;4;4;4;4;4;4;4;4;4;20;20,0;20;20;20;20;20;20;20;20;20;20;1,000000000000000;1,000000000000000;1,000000000000000;1,000000000000000;1,000000000000000;1,000000000000000;1,000000000000000;1,000000000000000;1,000000000000000;1,000000000000000;1,000000000000000
2021-06-30;60+;3;3,0;3;3;3;3;3;3;3;3;3;3;10;10,0;10;10;10;10;10;10;10;10;10;10;1,000000000000000;1,000000000000000;1,000000000000000;1,000000000000000;1,000000000000000;1,000000000000000;1,000000000000000;1,000000000000000;1,000000000000000;1,000000000000000;1,000000000000000
2021-06-30;alle;7;7,0;7;7;7;7;7;7;7;7;7;7;30;30,0;30;30;30;30;30;30;30;30;30;30;NA;NA;NA;NA;NA;NA;NA;NA;NA;NA;NA
2021-06-29;0-60;2;2,0;2;2;2;2;2;2;2;2;2;2;23;23,0;23;23;23;23;23;23;23;23;23;23;1,000000000000000;1,000000000000000;1,000000000000000;1,000000000000000;1,000000000000000;1,000000000000000;1,000000000000000;1,000000000000000;1,000000000000000;1,000000000000000;1,000000000000000
2021-06-29;60+;0;0,0;0;0;0;0;0;0;0;0;0;0;10;10,0;10;10;10;10;10;10;10;10;10;10;1,000000000000000;1,000000000000000;1,000000000000000;1,000000000000000;1,000000000000000;1,000000000000000;1,000000000000000;1,000000000000000;1,000000000000000;1,000000000000000;1,000000000000000
2021-06-29;alle;2;2,0;2;2;2;2;2;2;2;2;2;2;33;33,0;33;33;33;33;33;33;33;33;33;33;NA;NA;NA;NA;NA;NA;NA;NA;NA;NA;NA
2021-06-28;0-60;0;0,0;0;0;0;0;0;0;0;0;0;0;25;25,0;25;25;25;25;25;25;25;25;25;25;1,000000000000000;1,000000000000000;1,000000000000000;1,000000000000000;1,000000000000000;1,000000000000000;1,000000000000000;1,000000000000000;1,000000000000000;1,000000000000000;1,000000000000000
2021-06-28;60+;0;0,0;0;0;0;0;0;0;0;0;0;0;12;12,0;12;12;12;12;12;12;12;12;12;12;1,000000000000000;1,000000000000000;1,000000000000000;1,000000000000000;1,000000000000000;1,000000000000000;1,000000000000000;1,000000000000000;1,000000000000000;1,000000000000000;1,000000000000000
2021-06-28;alle;0;0,0;0;0;0;0;0;0;0;0;0;0;37;37,0;37;37;37;37;37;37;37;37;37;37;NA;NA;NA;NA;NA;NA;NA;NA;NA;NA;NA
2021-06-27;0-60;2;2,0;2;2;2;2;2;2;2;2;2;2;29;29,0;29;29;29;29;29;29;29;29;29;29;1,000000000000000;1,000000000000000;1,000000000000000;1,000000000000000;1,000000000000000;1,000000000000000;1,000000000000000;1,000000000000000;1,000000000000000;1,000000000000000;1,000000000000000
2021-06-27;60+;1;1,0;1;1;1;1;1;1;1;1;1;1;12;12,0;12;12;12;12;12;12;12;12;12;12;1,000000000000000;1,000000000000000;1,000000000000000;1,000000000000000;1,000000000000000;1,000000000000000;1,000000000000000;1,000000000000000;1,000000000000000;1,000000000000000;1,000000000000000
2021-06-27;alle;3;3,0;3;3;3;3;3;3;3;3;3;3;41;41,0;41;41;41;41;41;41;41;41;41;41;NA;NA;NA;NA;NA;NA;NA;NA;NA;NA;NA
2021-06-26;0-60;3;3,0;3;3;3;3;3;3;3;3;3;3;28;28,0;28;28;28;28;28;28;28;28;28;28;1,000000000000000;1,000000000000000;1,000000000000000;1,000000000000000;1,000000000000000;1,000000000000000;1,000000000000000;1,000000000000000;1,000000000000000;1,000000000000000;1,000000000000000
2021-06-26;60+;2;2,0;2;2;2;2;2;2;2;2;2;2;14;14,0;14;14;14;14;14;14;14;14;14;14;1,000000000000000;1,000000000000000;1,000000000000000;1,000000000000000;1,000000000000000;1,000000000000000;1,000000000000000;1,000000000000000;1,000000000000000;1,000000000000000;1,000000000000000
2021-06-26;alle;5;5,0;5;5;5;5;5;5;5;5;5;5;42;42,0;42;42;42;42;42;42;42;42;42;42;NA;NA;NA;NA;NA;NA;NA;NA;NA;NA;NA
2021-06-25;0-60;3;3,0;3;3;3;3;3;3;3;3;3;3;32;32,0;32;32;32;32;32;32;32;32;32;32;1,000000000000000;1,000000000000000;1,000000000000000;1,000000000000000;1,000000000000000;1,000000000000000;1,000000000000000;1,000000000000000;1,000000000000000;1,000000000000000;1,000000000000000
2021-06-25;60+;2;2,0;2;2;2;2;2;2;2;2;2;2;15;15,0;15;15;15;15;15;15;15;15;15;15;1,000000000000000;1,000000000000000;1,000000000000000;1,000000000000000;1,000000000000000;1,000000000000000;1,000000000000000;1,000000000000000;1,000000000000000;1,000000000000000;1,000000000000000
2021-06-25;alle;5;5,0;5;5;5;5;5;5;5;5;5;5;47;47,0;47;47;47;47;47;47;47;47;47;47;NA;NA;NA;NA;NA;NA;NA;NA;NA;NA;NA
2021-06-24;0-60;6;6,0;6;6;6;6;6;6;6;6;6;6;36;36,0;36;36;36;36;36;36;36;36;36;36;1,000000000000000;1,000000000000000;1,000000000000000;1,000000000000000;1,000000000000000;1,000000000000000;1,000000000000000;1,000000000000000;1,000000000000000;1,000000000000000;1,000000000000000
2021-06-24;60+;2;2,0;2;2;2;2;2;2;2;2;2;2;14;14,0;14;14;14;14;14;14;14;14;14;14;1,000000000000000;1,000000000000000;1,000000000000000;1,000000000000000;1,000000000000000;1,000000000000000;1,000000000000000;1,000000000000000;1,000000000000000;1,000000000000000;1,000000000000000
2021-06-24;alle;8;8,0;8;8;8;8;8;8;8;8;8;8;50;50,0;50;50;50;50;50;50;50;50;50;50;NA;NA;NA;NA;NA;NA;NA;NA;NA;NA;NA
2021-06-23;0-60;7;7,0;7;7;7;7;7;7;7;7;7;7;37;37,0;37;37;37;37;37;37;37;37;37;37;1,000000000000000;1,000000000000000;1,000000000000000;1,000000000000000;1,000000000000000;1,000000000000000;1,000000000000000;1,000000000000000;1,000000000000000;1,000000000000000;1,000000000000000
2021-06-23;60+;3;3,0;3;3;3;3;3;3;3;3;3;3;13;13,0;13;13;13;13;13;13;13;13;13;13;1,000000000000000;1,000000000000000;1,000000000000000;1,000000000000000;1,000000000000000;1,000000000000000;1,000000000000000;1,000000000000000;1,000000000000000;1,000000000000000;1,000000000000000
2021-06-23;alle;10;10,0;10;10;10;10;10;10;10;10;10;10;50;50,0;50;50;50;50;50;50;50;50;50;50;NA;NA;NA;NA;NA;NA;NA;NA;NA;NA;NA
2021-06-22;0-60;4;4,0;4;4;4;4;4;4;4;4;4;4;33;33,0;33;33;33;33;33;33;33;33;33;33;1,000000000000000;1,000000000000000;1,000000000000000;1,000000000000000;1,000000000000000;1,000000000000000;1,000000000000000;1,000000000000000;1,000000000000000;1,000000000000000;1,000000000000000
2021-06-22;60+;2;2,0;2;2;2;2;2;2;2;2;2;2;13;13,0;13;13;13;13;13;13;13;13;13;13;1,000000000000000;1,000000000000000;1,000000000000000;1,000000000000000;1,000000000000000;1,000000000000000;1,000000000000000;1,000000000000000;1,000000000000000;1,000000000000000;1,000000000000000
2021-06-22;alle;6;6,0;6;6;6;6;6;6;6;6;6;6;46;46,0;46;46;46;46;46;46;46;46;46;46;NA;NA;NA;NA;NA;NA;NA;NA;NA;NA;NA
2021-06-21;0-60;4;4,0;4;4;4;4;4;4;4;4;4;4;36;36,0;36;36;36;36;36;36;36;36;36;36;1,000000000000000;1,000000000000000;1,000000000000000;1,000000000000000;1,000000000000000;1,000000000000000;1,000000000000000;1,000000000000000;1,000000000000000;1,000000000000000;1,000000000000000
2021-06-21;60+;0;0,0;0;0;0;0;0;0;0;0;0;0;17;17,0;17;17;17;17;17;17;17;17;17;17;1,000000000000000;1,000000000000000;1,000000000000000;1,000000000000000;1,000000000000000;1,000000000000000;1,000000000000000;1,000000000000000;1,000000000000000;1,000000000000000;1,000000000000000
2021-06-21;alle;4;4,0;4;4;4;4;4;4;4;4;4;4;53;53,0;53;53;53;53;53;53;53;53;53;53;NA;NA;NA;NA;NA;NA;NA;NA;NA;NA;NA
2021-06-20;0-60;1;1,0;1;1;1;1;1;1;1;1;1;1;34;34,0;34;34;34;34;34;34;34;34;34;34;1,000000000000000;1,000000000000000;1,000000000000000;1,000000000000000;1,000000000000000;1,000000000000000;1,000000000000000;1,000000000000000;1,000000000000000;1,000000000000000;1,000000000000000
2021-06-20;60+;3;3,0;3;3;3;3;3;3;3;3;3;3;20;20,0;20;20;20;20;20;20;20;20;20;20;1,000000000000000;1,000000000000000;1,000000000000000;1,000000000000000;1,000000000000000;1,000000000000000;1,000000000000000;1,000000000000000;1,000000000000000;1,000000000000000;1,000000000000000
2021-06-20;alle;4;4,0;4;4;4;4;4;4;4;4;4;4;54;54,0;54;54;54;54;54;54;54;54;54;54;NA;NA;NA;NA;NA;NA;NA;NA;NA;NA;NA
2021-06-19;0-60;7;7,0;7;7;7;7;7;7;7;7;7;7;38;38,0;38;38;38;38;38;38;38;38;38;38;1,000000000000000;1,000000000000000;1,000000000000000;1,000000000000000;1,000000000000000;1,000000000000000;1,000000000000000;1,000000000000000;1,000000000000000;1,000000000000000;1,000000000000000
2021-06-19;60+;3;3,0;3;3;3;3;3;3;3;3;3;3;20;20,0;20;20;20;20;20;20;20;20;20;20;1,000000000000000;1,000000000000000;1,000000000000000;1,000000000000000;1,000000000000000;1,000000000000000;1,000000000000000;1,000000000000000;1,000000000000000;1,000000000000000;1,000000000000000
2021-06-19;alle;10;10,0;10;10;10;10;10;10;10;10;10;10;58;58,0;58;58;58;58;58;58;58;58;58;58;NA;NA;NA;NA;NA;NA;NA;NA;NA;NA;NA
2021-06-18;0-60;7;7,0;7;7;7;7;7;7;7;7;7;7;34;34,0;34;34;34;34;34;34;34;34;34;34;1,000000000000000;1,000000000000000;1,000000000000000;1,000000000000000;1,000000000000000;1,000000000000000;1,000000000000000;1,000000000000000;1,000000000000000;1,000000000000000;1,000000000000000
2021-06-18;60+;1;1,0;1;1;1;1;1;1;1;1;1;1;21;21,0;21;21;21;21;21;21;21;21;21;21;1,000000000000000;1,000000000000000;1,000000000000000;1,000000000000000;1,000000000000000;1,000000000000000;1,000000000000000;1,000000000000000;1,000000000000000;1,000000000000000;1,000000000000000
2021-06-18;alle;8;8,0;8;8;8;8;8;8;8;8;8;8;55;55,0;55;55;55;55;55;55;55;55;55;55;NA;NA;NA;NA;NA;NA;NA;NA;NA;NA;NA
2021-06-17;0-60;7;7,0;7;7;7;7;7;7;7;7;7;7;35;35,0;35;35;35;35;35;35;35;35;35;35;1,000000000000000;1,000000000000000;1,000000000000000;1,000000000000000;1,000000000000000;1,000000000000000;1,000000000000000;1,000000000000000;1,000000000000000;1,000000000000000;1,000000000000000
2021-06-17;60+;1;1,0;1;1;1;1;1;1;1;1;1;1;27;27,0;27;27;27;27;27;27;27;27;27;27;1,000000000000000;1,000000000000000;1,000000000000000;1,000000000000000;1,000000000000000;1,000000000000000;1,000000000000000;1,000000000000000;1,000000000000000;1,000000000000000;1,000000000000000
2021-06-17;alle;8;8,0;8;8;8;8;8;8;8;8;8;8;62;62,0;62;62;62;62;62;62;62;62;62;62;NA;NA;NA;NA;NA;NA;NA;NA;NA;NA;NA
2021-06-16;0-60;3;3,0;3;3;3;3;3;3;3;3;3;3;34;34,0;34;34;34;34;34;34;34;34;34;34;1,000000000000000;1,000000000000000;1,000000000000000;1,000000000000000;1,000000000000000;1,000000000000000;1,000000000000000;1,000000000000000;1,000000000000000;1,000000000000000;1,000000000000000
2021-06-16;60+;3;3,0;3;3;3;3;3;3;3;3;3;3;29;29,0;29;29;29;29;29;29;29;29;29;29;1,000000000000000;1,000000000000000;1,000000000000000;1,000000000000000;1,000000000000000;1,000000000000000;1,000000000000000;1,000000000000000;1,000000000000000;1,000000000000000;1,000000000000000
2021-06-16;alle;6;6,0;6;6;6;6;6;6;6;6;6;6;63;63,0;63;63;63;63;63;63;63;63;63;63;NA;NA;NA;NA;NA;NA;NA;NA;NA;NA;NA
2021-06-15;0-60;7;7,0;7;7;7;7;7;7;7;7;7;7;40;40,0;40;40;40;40;40;40;40;40;40;40;1,000000000000000;1,000000000000000;1,000000000000000;1,000000000000000;1,000000000000000;1,000000000000000;1,000000000000000;1,000000000000000;1,000000000000000;1,000000000000000;1,000000000000000
2021-06-15;60+;6;6,0;6;6;6;6;6;6;6;6;6;6;28;28,0;28;28;28;28;28;28;28;28;28;28;1,000000000000000;1,000000000000000;1,000000000000000;1,000000000000000;1,000000000000000;1,000000000000000;1,000000000000000;1,000000000000000;1,000000000000000;1,000000000000000;1,000000000000000
2021-06-15;alle;13;13,0;13;13;13;13;13;13;13;13;13;13;68;68,0;68;68;68;68;68;68;68;68;68;68;NA;NA;NA;NA;NA;NA;NA;NA;NA;NA;NA
2021-06-14;0-60;2;2,0;2;2;2;2;2;2;2;2;2;2;38;38,0;38;38;38;38;38;38;38;38;38;38;1,000000000000000;1,000000000000000;1,000000000000000;1,000000000000000;1,000000000000000;1,000000000000000;1,000000000000000;1,000000000000000;1,000000000000000;1,000000000000000;1,000000000000000
2021-06-14;60+;3;3,0;3;3;3;3;3;3;3;3;3;3;28;28,0;28;28;28;28;28;28;28;28;28;28;1,000000000000000;1,000000000000000;1,000000000000000;1,000000000000000;1,000000000000000;1,000000000000000;1,000000000000000;1,000000000000000;1,000000000000000;1,000000000000000;1,000000000000000
2021-06-14;alle;5;5,0;5;5;5;5;5;5;5;5;5;5;66;66,0;66;66;66;66;66;66;66;66;66;66;NA;NA;NA;NA;NA;NA;NA;NA;NA;NA;NA
2021-06-13;0-60;5;5,0;5;5;5;5;5;5;5;5;5;5;39;39,0;39;39;39;39;39;39;39;39;39;39;1,000000000000000;1,000000000000000;1,000000000000000;1,000000000000000;1,000000000000000;1,000000000000000;1,000000000000000;1,000000000000000;1,000000000000000;1,000000000000000;1,000000000000000
2021-06-13;60+;3;3,0;3;3;3;3;3;3;3;3;3;3;26;26,0;26;26;26;26;26;26;26;26;26;26;1,000000000000000;1,000000000000000;1,000000000000000;1,000000000000000;1,000000000000000;1,000000000000000;1,000000000000000;1,000000000000000;1,000000000000000;1,000000000000000;1,000000000000000
2021-06-13;alle;8;8,0;8;8;8;8;8;8;8;8;8;8;65;65,0;65;65;65;65;65;65;65;65;65;65;NA;NA;NA;NA;NA;NA;NA;NA;NA;NA;NA
2021-06-12;0-60;3;3,0;3;3;3;3;3;3;3;3;3;3;46;46,0;46;46;46;46;46;46;46;46;46;46;1,000000000000000;1,000000000000000;1,000000000000000;1,000000000000000;1,000000000000000;1,000000000000000;1,000000000000000;1,000000000000000;1,000000000000000;1,000000000000000;1,000000000000000
2021-06-12;60+;4;4,0;4;4;4;4;4;4;4;4;4;4;28;28,0;28;28;28;28;28;28;28;28;28;28;1,000000000000000;1,000000000000000;1,000000000000000;1,000000000000000;1,000000000000000;1,000000000000000;1,000000000000000;1,000000000000000;1,000000000000000;1,000000000000000;1,000000000000000
2021-06-12;alle;7;7,0;7;7;7;7;7;7;7;7;7;7;74;74,0;74;74;74;74;74;74;74;74;74;74;NA;NA;NA;NA;NA;NA;NA;NA;NA;NA;NA
2021-06-11;0-60;8;8,0;8;8;8;8;8;8;8;8;8;8;49;49,0;49;49;49;49;49;49;49;49;49;49;1,000000000000000;1,000000000000000;1,000000000000000;1,000000000000000;1,000000000000000;1,000000000000000;1,000000000000000;1,000000000000000;1,000000000000000;1,000000000000000;1,000000000000000
2021-06-11;60+;7;7,0;7;7;7;7;7;7;7;7;7;7;34;34,0;34;34;34;34;34;34;34;34;34;34;1,000000000000000;1,000000000000000;1,000000000000000;1,000000000000000;1,000000000000000;1,000000000000000;1,000000000000000;1,000000000000000;1,000000000000000;1,000000000000000;1,000000000000000
2021-06-11;alle;15;15,0;15;15;15;15;15;15;15;15;15;15;83;83,0;83;83;83;83;83;83;83;83;83;83;NA;NA;NA;NA;NA;NA;NA;NA;NA;NA;NA
2021-06-10;0-60;6;6,0;6;6;6;6;6;6;6;6;6;6;48;48,0;48;48;48;48;48;48;48;48;48;48;1,000000000000000;1,000000000000000;1,000000000000000;1,000000000000000;1,000000000000000;1,000000000000000;1,000000000000000;1,000000000000000;1,000000000000000;1,000000000000000;1,000000000000000
2021-06-10;60+;3;3,0;3;3;3;3;3;3;3;3;3;3;31;31,0;31;31;31;31;31;31;31;31;31;31;1,000000000000000;1,000000000000000;1,000000000000000;1,000000000000000;1,000000000000000;1,000000000000000;1,000000000000000;1,000000000000000;1,000000000000000;1,000000000000000;1,000000000000000
2021-06-10;alle;9;9,0;9;9;9;9;9;9;9;9;9;9;79;79,0;79;79;79;79;79;79;79;79;79;79;NA;NA;NA;NA;NA;NA;NA;NA;NA;NA;NA
2021-06-09;0-60;9;9,0;9;9;9;9;9;9;9;9;9;9;52;52,0;52;52;52;52;52;52;52;52;52;52;1,000000000000000;1,000000000000000;1,000000000000000;1,000000000000000;1,000000000000000;1,000000000000000;1,000000000000000;1,000000000000000;1,000000000000000;1,000000000000000;1,000000000000000
2021-06-09;60+;2;2,0;2;2;2;2;2;2;2;2;2;2;36;36,0;36;36;36;36;36;36;36;36;36;36;1,000000000000000;1,000000000000000;1,000000000000000;1,000000000000000;1,000000000000000;1,000000000000000;1,000000000000000;1,000000000000000;1,000000000000000;1,000000000000000;1,000000000000000
2021-06-09;alle;11;11,0;11;11;11;11;11;11;11;11;11;11;88;88,0;88;88;88;88;88;88;88;88;88;88;NA;NA;NA;NA;NA;NA;NA;NA;NA;NA;NA
2021-06-08;0-60;5;5,0;5;5;5;5;5;5;5;5;5;5;52;52,0;52;52;52;52;52;52;52;52;52;52;1,000000000000000;1,000000000000000;1,000000000000000;1,000000000000000;1,000000000000000;1,000000000000000;1,000000000000000;1,000000000000000;1,000000000000000;1,000000000000000;1,000000000000000
2021-06-08;60+;6;6,0;6;6;6;6;6;6;6;6;6;6;44;44,0;44;44;44;44;44;44;44;44;44;44;1,000000000000000;1,000000000000000;1,000000000000000;1,000000000000000;1,000000000000000;1,000000000000000;1,000000000000000;1,000000000000000;1,000000000000000;1,000000000000000;1,000000000000000
2021-06-08;alle;11;11,0;11;11;11;11;11;11;11;11;11;11;96;96,0;96;96;96;96;96;96;96;96;96;96;NA;NA;NA;NA;NA;NA;NA;NA;NA;NA;NA
2021-06-07;0-60;3;3,0;3;3;3;3;3;3;3;3;3;3;58;58,0;58;58;58;58;58;58;58;58;58;58;1,000000000000000;1,000000000000000;1,000000000000000;1,000000000000000;1,000000000000000;1,000000000000000;1,000000000000000;1,000000000000000;1,000000000000000;1,000000000000000;1,000000000000000
2021-06-07;60+;1;1,0;1;1;1;1;1;1;1;1;1;1;42;42,0;42;42;42;42;42;42;42;42;42;42;1,000000000000000;1,000000000000000;1,000000000000000;1,000000000000000;1,000000000000000;1,000000000000000;1,000000000000000;1,000000000000000;1,000000000000000;1,000000000000000;1,000000000000000
2021-06-07;alle;4;4,0;4;4;4;4;4;4;4;4;4;4;100;100,0;100;100;100;100;100;100;100;100;100;100;NA;NA;NA;NA;NA;NA;NA;NA;NA;NA;NA
2021-06-06;0-60;12;12,0;12;12;12;12;12;12;12;12;12;12;61;61,0;61;61;61;61;61;61;61;61;61;61;1,000000000000000;1,000000000000000;1,000000000000000;1,000000000000000;1,000000000000000;1,000000000000000;1,000000000000000;1,000000000000000;1,000000000000000;1,000000000000000;1,000000000000000
2021-06-06;60+;5;5,0;5;5;5;5;5;5;5;5;5;5;49;49,0;49;49;49;49;49;49;49;49;49;49;1,000000000000000;1,000000000000000;1,000000000000000;1,000000000000000;1,000000000000000;1,000000000000000;1,000000000000000;1,000000000000000;1,000000000000000;1,000000000000000;1,000000000000000
2021-06-06;alle;17;17,0;17;17;17;17;17;17;17;17;17;17;110;110,0;110;110;110;110;110;110;110;110;110;110;NA;NA;NA;NA;NA;NA;NA;NA;NA;NA;NA
2021-06-05;0-60;6;6,0;6;6;6;6;6;6;6;6;6;6;58;58,0;58;58;58;58;58;58;58;58;58;58;1,000000000000000;1,000000000000000;1,000000000000000;1,000000000000000;1,000000000000000;1,000000000000000;1,000000000000000;1,000000000000000;1,000000000000000;1,000000000000000;1,000000000000000
2021-06-05;60+;10;10,0;10;10;10;10;10;10;10;10;10;10;56;56,0;56;56;56;56;56;56;56;56;56;56;1,000000000000000;1,000000000000000;1,000000000000000;1,000000000000000;1,000000000000000;1,000000000000000;1,000000000000000;1,000000000000000;1,000000000000000;1,000000000000000;1,000000000000000
2021-06-05;alle;16;16,0;16;16;16;16;16;16;16;16;16;16;114;114,0;114;114;114;114;114;114;114;114;114;114;NA;NA;NA;NA;NA;NA;NA;NA;NA;NA;NA
2021-06-04;0-60;7;7,0;7;7;7;7;7;7;7;7;7;7;68;68,0;68;68;68;68;68;68;68;68;68;68;1,000000000000000;1,000000000000000;1,000000000000000;1,000000000000000;1,000000000000000;1,000000000000000;1,000000000000000;1,000000000000000;1,000000000000000;1,000000000000000;1,000000000000000
2021-06-04;60+;4;4,0;4;4;4;4;4;4;4;4;4;4;65;65,0;65;65;65;65;65;65;65;65;65;65;1,000000000000000;1,000000000000000;1,000000000000000;1,000000000000000;1,000000000000000;1,000000000000000;1,000000000000000;1,000000000000000;1,000000000000000;1,000000000000000;1,000000000000000
2021-06-04;alle;11;11,0;11;11;11;11;11;11;11;11;11;11;133;133,0;133;133;133;133;133;133;133;133;133;133;NA;NA;NA;NA;NA;NA;NA;NA;NA;NA;NA
2021-06-03;0-60;10;10,0;10;10;10;10;10;10;10;10;10;10;69;69,0;69;69;69;69;69;69;69;69;69;69;1,000000000000000;1,000000000000000;1,000000000000000;1,000000000000000;1,000000000000000;1,000000000000000;1,000000000000000;1,000000000000000;1,000000000000000;1,000000000000000;1,000000000000000
2021-06-03;60+;8;8,0;8;8;8;8;8;8;8;8;8;8;74;74,0;74;74;74;74;74;74;74;74;74;74;1,000000000000000;1,000000000000000;1,000000000000000;1,000000000000000;1,000000000000000;1,000000000000000;1,000000000000000;1,000000000000000;1,000000000000000;1,000000000000000;1,000000000000000
2021-06-03;alle;18;18,0;18;18;18;18;18;18;18;18;18;18;143;143,0;143;143;143;143;143;143;143;143;143;143;NA;NA;NA;NA;NA;NA;NA;NA;NA;NA;NA
2021-06-02;0-60;9;9,0;9;9;9;9;9;9;9;9;9;9;78;78,0;78;78;78;78;78;78;78;78;78;78;1,000000000000000;1,000000000000000;1,000000000000000;1,000000000000000;1,000000000000000;1,000000000000000;1,000000000000000;1,000000000000000;1,000000000000000;1,000000000000000;1,000000000000000
2021-06-02;60+;10;10,0;10;10;10;10;10;10;10;10;10;10;90;90,0;90;90;90;90;90;90;90;90;90;90;1,000000000000000;1,000000000000000;1,000000000000000;1,000000000000000;1,000000000000000;1,000000000000000;1,000000000000000;1,000000000000000;1,000000000000000;1,000000000000000;1,000000000000000
2021-06-02;alle;19;19,0;19;19;19;19;19;19;19;19;19;19;168;168,0;168;168;168;168;168;168;168;168;168;168;NA;NA;NA;NA;NA;NA;NA;NA;NA;NA;NA
2021-06-01;0-60;11;11,0;11;11;11;11;11;11;11;11;11;11;87;87,0;87;87;87;87;87;87;87;87;87;87;1,000000000000000;1,000000000000000;1,000000000000000;1,000000000000000;1,000000000000000;1,000000000000000;1,000000000000000;1,000000000000000;1,000000000000000;1,000000000000000;1,000000000000000
2021-06-01;60+;4;4,0;4;4;4;4;4;4;4;4;4;4;92;92,0;92;92;92;92;92;92;92;92;92;92;1,000000000000000;1,000000000000000;1,000000000000000;1,000000000000000;1,000000000000000;1,000000000000000;1,000000000000000;1,000000000000000;1,000000000000000;1,000000000000000;1,000000000000000
2021-06-01;alle;15;15,0;15;15;15;15;15;15;15;15;15;15;179;179,0;179;179;179;179;179;179;179;179;179;179;NA;NA;NA;NA;NA;NA;NA;NA;NA;NA;NA
2021-05-31;0-60;6;6,0;6;6;6;6;6;6;6;6;6;6;83;83,0;83;83;83;83;83;83;83;83;83;83;1,000000000000000;1,000000000000000;1,000000000000000;1,000000000000000;1,000000000000000;1,000000000000000;1,000000000000000;1,000000000000000;1,000000000000000;1,000000000000000;1,000000000000000
2021-05-31;60+;8;8,0;8;8;8;8;8;8;8;8;8;8;97;97,0;97;97;97;97;97;97;97;97;97;97;1,000000000000000;1,000000000000000;1,000000000000000;1,000000000000000;1,000000000000000;1,000000000000000;1,000000000000000;1,000000000000000;1,000000000000000;1,000000000000000;1,000000000000000
2021-05-31;alle;14;14,0;14;14;14;14;14;14;14;14;14;14;180;180,0;180;180;180;180;180;180;180;180;180;180;NA;NA;NA;NA;NA;NA;NA;NA;NA;NA;NA
2021-05-30;0-60;9;9,0;9;9;9;9;9;9;9;9;9;9;85;85,0;85;85;85;85;85;85;85;85;85;85;1,000000000000000;1,000000000000000;1,000000000000000;1,000000000000000;1,000000000000000;1,000000000000000;1,000000000000000;1,000000000000000;1,000000000000000;1,000000000000000;1,000000000000000
2021-05-30;60+;12;12,0;12;12;12;12;12;12;12;12;12;12;93;93,0;93;93;93;93;93;93;93;93;93;93;1,000000000000000;1,000000000000000;1,000000000000000;1,000000000000000;1,000000000000000;1,000000000000000;1,000000000000000;1,000000000000000;1,000000000000000;1,000000000000000;1,000000000000000
2021-05-30;alle;21;21,0;21;21;21;21;21;21;21;21;21;21;178;178,0;178;178;178;178;178;178;178;178;178;178;NA;NA;NA;NA;NA;NA;NA;NA;NA;NA;NA
2021-05-29;0-60;16;16,0;16;16;16;16;16;16;16;16;16;16;98;98,0;98;98;98;98;98;98;98;98;98;98;1,000000000000000;1,000000000000000;1,000000000000000;1,000000000000000;1,000000000000000;1,000000000000000;1,000000000000000;1,000000000000000;1,000000000000000;1,000000000000000;1,000000000000000
2021-05-29;60+;19;19,0;19;19;19;19;19;19;19;19;19;19;95;95,0;95;95;95;95;95;95;95;95;95;95;1,000000000000000;1,000000000000000;1,000000000000000;1,000000000000000;1,000000000000000;1,000000000000000;1,000000000000000;1,000000000000000;1,000000000000000;1,000000000000000;1,000000000000000
2021-05-29;alle;35;35,0;35;35;35;35;35;35;35;35;35;35;193;193,0;193;193;193;193;193;193;193;193;193;193;NA;NA;NA;NA;NA;NA;NA;NA;NA;NA;NA
2021-05-28;0-60;8;8,0;8;8;8;8;8;8;8;8;8;8;106;106,0;106;106;106;106;106;106;106;106;106;106;1,000000000000000;1,000000000000000;1,000000000000000;1,000000000000000;1,000000000000000;1,000000000000000;1,000000000000000;1,000000000000000;1,000000000000000;1,000000000000000;1,000000000000000
2021-05-28;60+;13;13,0;13;13;13;13;13;13;13;13;13;13;94;94,0;94;94;94;94;94;94;94;94;94;94;1,000000000000000;1,000000000000000;1,000000000000000;1,000000000000000;1,000000000000000;1,000000000000000;1,000000000000000;1,000000000000000;1,000000000000000;1,000000000000000;1,000000000000000
2021-05-28;alle;21;21,0;21;21;21;21;21;21;21;21;21;21;200;200,0;200;200;200;200;200;200;200;200;200;200;NA;NA;NA;NA;NA;NA;NA;NA;NA;NA;NA
2021-05-27;0-60;19;19,0;19;19;19;19;19;19;19;19;19;19;121;121,0;121;121;121;121;121;121;121;121;121;121;1,000000000000000;1,000000000000000;1,000000000000000;1,000000000000000;1,000000000000000;1,000000000000000;1,000000000000000;1,000000000000000;1,000000000000000;1,000000000000000;1,000000000000000
2021-05-27;60+;24;24,0;24;24;24;24;24;24;24;24;24;24;103;103,0;103;103;103;103;103;103;103;103;103;103;1,000000000000000;1,000000000000000;1,000000000000000;1,000000000000000;1,000000000000000;1,000000000000000;1,000000000000000;1,000000000000000;1,000000000000000;1,000000000000000;1,000000000000000
2021-05-27;alle;43;43,0;43;43;43;43;43;43;43;43;43;43;224;224,0;224;224;224;224;224;224;224;224;224;224;NA;NA;NA;NA;NA;NA;NA;NA;NA;NA;NA
2021-05-26;0-60;18;18,0;18;18;18;18;18;18;18;18;18;18;125;125,0;125;125;125;125;125;125;125;125;125;125;1,000000000000000;1,000000000000000;1,000000000000000;1,000000000000000;1,000000000000000;1,000000000000000;1,000000000000000;1,000000000000000;1,000000000000000;1,000000000000000;1,000000000000000
2021-05-26;60+;12;12,0;12;12;12;12;12;12;12;12;12;12;106;106,0;106;106;106;106;106;106;106;106;106;106;1,000000000000000;1,000000000000000;1,000000000000000;1,000000000000000;1,000000000000000;1,000000000000000;1,000000000000000;1,000000000000000;1,000000000000000;1,000000000000000;1,000000000000000
2021-05-26;alle;30;30,0;30;30;30;30;30;30;30;30;30;30;231;231,0;231;231;231;231;231;231;231;231;231;231;NA;NA;NA;NA;NA;NA;NA;NA;NA;NA;NA
2021-05-25;0-60;7;7,0;7;7;7;7;7;7;7;7;7;7;140;140,0;140;140;140;140;140;140;140;140;140;140;1,000000000000000;1,000000000000000;1,000000000000000;1,000000000000000;1,000000000000000;1,000000000000000;1,000000000000000;1,000000000000000;1,000000000000000;1,000000000000000;1,000000000000000
2021-05-25;60+;9;9,0;9;9;9;9;9;9;9;9;9;9;112;112,0;112;112;112;112;112;112;112;112;112;112;1,000000000000000;1,000000000000000;1,000000000000000;1,000000000000000;1,000000000000000;1,000000000000000;1,000000000000000;1,000000000000000;1,000000000000000;1,000000000000000;1,000000000000000
2021-05-25;alle;16;16,0;16;16;16;16;16;16;16;16;16;16;252;252,0;252;252;252;252;252;252;252;252;252;252;NA;NA;NA;NA;NA;NA;NA;NA;NA;NA;NA
2021-05-24;0-60;8;8,0;8;8;8;8;8;8;8;8;8;8;152;152,0;152;152;152;152;152;152;152;152;152;152;1,000000000000000;1,000000000000000;1,000000000000000;1,000000000000000;1,000000000000000;1,000000000000000;1,000000000000000;1,000000000000000;1,000000000000000;1,000000000000000;1,000000000000000
2021-05-24;60+;4;4,0;4;4;4;4;4;4;4;4;4;4;123;123,0;123;123;123;123;123;123;123;123;123;123;1,000000000000000;1,000000000000000;1,000000000000000;1,000000000000000;1,000000000000000;1,000000000000000;1,000000000000000;1,000000000000000;1,000000000000000;1,000000000000000;1,000000000000000
2021-05-24;alle;12;12,0;12;12;12;12;12;12;12;12;12;12;275;275,0;275;275;275;275;275;275;275;275;275;275;NA;NA;NA;NA;NA;NA;NA;NA;NA;NA;NA
2021-05-23;0-60;22;22,0;22;22;22;22;22;22;22;22;22;22;155;155,0;155;155;155;155;155;155;155;155;155;155;1,000000000000000;1,000000000000000;1,000000000000000;1,000000000000000;1,000000000000000;1,000000000000000;1,000000000000000;1,000000000000000;1,000000000000000;1,000000000000000;1,000000000000000
2021-05-23;60+;14;14,0;14;14;14;14;14;14;14;14;14;14;128;128,0;128;128;128;128;128;128;128;128;128;128;1,000000000000000;1,000000000000000;1,000000000000000;1,000000000000000;1,000000000000000;1,000000000000000;1,000000000000000;1,000000000000000;1,000000000000000;1,000000000000000;1,000000000000000
2021-05-23;alle;36;36,0;36;36;36;36;36;36;36;36;36;36;283;283,0;283;283;283;283;283;283;283;283;283;283;NA;NA;NA;NA;NA;NA;NA;NA;NA;NA;NA
2021-05-22;0-60;24;24,0;24;24;24;24;24;24;24;24;24;24;148;148,0;148;148;148;148;148;148;148;148;148;148;1,000000000000000;1,000000000000000;1,000000000000000;1,000000000000000;1,000000000000000;1,000000000000000;1,000000000000000;1,000000000000000;1,000000000000000;1,000000000000000;1,000000000000000
2021-05-22;60+;18;18,0;18;18;18;18;18;18;18;18;18;18;134;134,0;134;134;134;134;134;134;134;134;134;134;1,000000000000000;1,000000000000000;1,000000000000000;1,000000000000000;1,000000000000000;1,000000000000000;1,000000000000000;1,000000000000000;1,000000000000000;1,000000000000000;1,000000000000000
2021-05-22;alle;42;42,0;42;42;42;42;42;42;42;42;42;42;282;282,0;282;282;282;282;282;282;282;282;282;282;NA;NA;NA;NA;NA;NA;NA;NA;NA;NA;NA
2021-05-21;0-60;23;23,0;23;23;23;23;23;23;23;23;23;23;140;140,0;140;140;140;140;140;140;140;140;140;140;1,000000000000000;1,000000000000000;1,000000000000000;1,000000000000000;1,000000000000000;1,000000000000000;1,000000000000000;1,000000000000000;1,000000000000000;1,000000000000000;1,000000000000000
2021-05-21;60+;22;22,0;22;22;22;22;22;22;22;22;22;22;133;133,0;133;133;133;133;133;133;133;133;133;133;1,000000000000000;1,000000000000000;1,000000000000000;1,000000000000000;1,000000000000000;1,000000000000000;1,000000000000000;1,000000000000000;1,000000000000000;1,000000000000000;1,000000000000000
2021-05-21;alle;45;45,0;45;45;45;45;45;45;45;45;45;45;273;273,0;273;273;273;273;273;273;273;273;273;273;NA;NA;NA;NA;NA;NA;NA;NA;NA;NA;NA
2021-05-20;0-60;23;23,0;23;23;23;23;23;23;23;23;23;23;140;140,0;140;140;140;140;140;140;140;140;140;140;1,000000000000000;1,000000000000000;1,000000000000000;1,000000000000000;1,000000000000000;1,000000000000000;1,000000000000000;1,000000000000000;1,000000000000000;1,000000000000000;1,000000000000000
2021-05-20;60+;27;27,0;27;27;27;27;27;27;27;27;27;27;131;131,0;131;131;131;131;131;131;131;131;131;131;1,000000000000000;1,000000000000000;1,000000000000000;1,000000000000000;1,000000000000000;1,000000000000000;1,000000000000000;1,000000000000000;1,000000000000000;1,000000000000000;1,000000000000000
2021-05-20;alle;50;50,0;50;50;50;50;50;50;50;50;50;50;271;271,0;271;271;271;271;271;271;271;271;271;271;NA;NA;NA;NA;NA;NA;NA;NA;NA;NA;NA
2021-05-19;0-60;33;33,0;33;33;33;33;33;33;33;33;33;33;151;151,0;151;151;151;151;151;151;151;151;151;151;1,000000000000000;1,000000000000000;1,000000000000000;1,000000000000000;1,000000000000000;1,000000000000000;1,000000000000000;1,000000000000000;1,000000000000000;1,000000000000000;1,000000000000000
2021-05-19;60+;18;18,0;18;18;18;18;18;18;18;18;18;18;142;142,0;142;142;142;142;142;142;142;142;142;142;1,000000000000000;1,000000000000000;1,000000000000000;1,000000000000000;1,000000000000000;1,000000000000000;1,000000000000000;1,000000000000000;1,000000000000000;1,000000000000000;1,000000000000000
2021-05-19;alle;51;51,0;51;51;51;51;51;51;51;51;51;51;293;293,0;293;293;293;293;293;293;293;293;293;293;NA;NA;NA;NA;NA;NA;NA;NA;NA;NA;NA
2021-05-18;0-60;19;19,0;19;19;19;19;19;19;19;19;19;19;164;164,0;164;164;164;164;164;164;164;164;164;164;1,000000000000000;1,000000000000000;1,000000000000000;1,000000000000000;1,000000000000000;1,000000000000000;1,000000000000000;1,000000000000000;1,000000000000000;1,000000000000000;1,000000000000000
2021-05-18;60+;20;20,0;20;20;20;20;20;20;20;20;20;20;173;173,0;173;173;173;173;173;173;173;173;173;173;1,000000000000000;1,000000000000000;1,000000000000000;1,000000000000000;1,000000000000000;1,000000000000000;1,000000000000000;1,000000000000000;1,000000000000000;1,000000000000000;1,000000000000000
2021-05-18;alle;39;39,0;39;39;39;39;39;39;39;39;39;39;337;337,0;337;337;337;337;337;337;337;337;337;337;NA;NA;NA;NA;NA;NA;NA;NA;NA;NA;NA
2021-05-17;0-60;11;11,0;11;11;11;11;11;11;11;11;11;11;178;178,0;178;178;178;178;178;178;178;178;178;178;1,000000000000000;1,000000000000000;1,000000000000000;1,000000000000000;1,000000000000000;1,000000000000000;1,000000000000000;1,000000000000000;1,000000000000000;1,000000000000000;1,000000000000000
2021-05-17;60+;9;9,0;9;9;9;9;9;9;9;9;9;9;179;179,0;179;179;179;179;179;179;179;179;179;179;1,000000000000000;1,000000000000000;1,000000000000000;1,000000000000000;1,000000000000000;1,000000000000000;1,000000000000000;1,000000000000000;1,000000000000000;1,000000000000000;1,000000000000000
2021-05-17;alle;20;20,0;20;20;20;20;20;20;20;20;20;20;357;357,0;357;357;357;357;357;357;357;357;357;357;NA;NA;NA;NA;NA;NA;NA;NA;NA;NA;NA
2021-05-16;0-60;15;15,0;15;15;15;15;15;15;15;15;15;15;176;176,0;176;176;176;176;176;176;176;176;176;176;1,000000000000000;1,000000000000000;1,000000000000000;1,000000000000000;1,000000000000000;1,000000000000000;1,000000000000000;1,000000000000000;1,000000000000000;1,000000000000000;1,000000000000000
2021-05-16;60+;20;20,0;20;20;20;20;20;20;20;20;20;20;185;185,0;185;185;185;185;185;185;185;185;185;185;1,000000000000000;1,000000000000000;1,000000000000000;1,000000000000000;1,000000000000000;1,000000000000000;1,000000000000000;1,000000000000000;1,000000000000000;1,000000000000000;1,000000000000000
2021-05-16;alle;35;35,0;35;35;35;35;35;35;35;35;35;35;361;361,0;361;361;361;361;361;361;361;361;361;361;NA;NA;NA;NA;NA;NA;NA;NA;NA;NA;NA
2021-05-15;0-60;16;16,0;16;16;16;16;16;16;16;16;16;16;197;197,0;197;197;197;197;197;197;197;197;197;197;1,000000000000000;1,000000000000000;1,000000000000000;1,000000000000000;1,000000000000000;1,000000000000000;1,000000000000000;1,000000000000000;1,000000000000000;1,000000000000000;1,000000000000000
2021-05-15;60+;17;17,0;17;17;17;17;17;17;17;17;17;17;183;183,0;183;183;183;183;183;183;183;183;183;183;1,000000000000000;1,000000000000000;1,000000000000000;1,000000000000000;1,000000000000000;1,000000000000000;1,000000000000000;1,000000000000000;1,000000000000000;1,000000000000000;1,000000000000000
2021-05-15;alle;33;33,0;33;33;33;33;33;33;33;33;33;33;380;380,0;380;380;380;380;380;380;380;380;380;380;NA;NA;NA;NA;NA;NA;NA;NA;NA;NA;NA
2021-05-14;0-60;23;23,0;23;23;23;23;23;23;23;23;23;23;210;210,0;210;210;210;210;210;210;210;210;210;210;1,000000000000000;1,000000000000000;1,000000000000000;1,000000000000000;1,000000000000000;1,000000000000000;1,000000000000000;1,000000000000000;1,000000000000000;1,000000000000000;1,000000000000000
2021-05-14;60+;20;20,0;20;20;20;20;20;20;20;20;20;20;193;193,0;193;193;193;193;193;193;193;193;193;193;1,000000000000000;1,000000000000000;1,000000000000000;1,000000000000000;1,000000000000000;1,000000000000000;1,000000000000000;1,000000000000000;1,000000000000000;1,000000000000000;1,000000000000000
2021-05-14;alle;43;43,0;43;43;43;43;43;43;43;43;43;43;403;403,0;403;403;403;403;403;403;403;403;403;403;NA;NA;NA;NA;NA;NA;NA;NA;NA;NA;NA
2021-05-13;0-60;34;34,0;34;34;34;34;34;34;34;34;34;34;227;227,0;227;227;227;227;227;227;227;227;227;227;1,000000000000000;1,000000000000000;1,000000000000000;1,000000000000000;1,000000000000000;1,000000000000000;1,000000000000000;1,000000000000000;1,000000000000000;1,000000000000000;1,000000000000000
2021-05-13;60+;38;38,0;38;38;38;38;38;38;38;38;38;38;226;226,0;226;226;226;226;226;226;226;226;226;226;1,000000000000000;1,000000000000000;1,000000000000000;1,000000000000000;1,000000000000000;1,000000000000000;1,000000000000000;1,000000000000000;1,000000000000000;1,000000000000000;1,000000000000000
2021-05-13;alle;72;72,0;72;72;72;72;72;72;72;72;72;72;453;453,0;453;453;453;453;453;453;453;453;453;453;NA;NA;NA;NA;NA;NA;NA;NA;NA;NA;NA
2021-05-12;0-60;46;46,0;46;46;46;46;46;46;46;46;46;46;223;223,0;223;223;223;223;223;223;223;223;223;223;1,000000000000000;1,000000000000000;1,000000000000000;1,000000000000000;1,000000000000000;1,000000000000000;1,000000000000000;1,000000000000000;1,000000000000000;1,000000000000000;1,000000000000000
2021-05-12;60+;49;49,0;49;49;49;49;49;49;49;49;49;49;230;230,0;230;230;230;230;230;230;230;230;230;230;1,000000000000000;1,000000000000000;1,000000000000000;1,000000000000000;1,000000000000000;1,000000000000000;1,000000000000000;1,000000000000000;1,000000000000000;1,000000000000000;1,000000000000000
2021-05-12;alle;95;95,0;95;95;95;95;95;95;95;95;95;95;453;453,0;453;453;453;453;453;453;453;453;453;453;NA;NA;NA;NA;NA;NA;NA;NA;NA;NA;NA
2021-05-11;0-60;33;33,0;33;33;33;33;33;33;33;33;33;33;225;225,0;225;225;225;225;225;225;225;225;225;225;1,000000000000000;1,000000000000000;1,000000000000000;1,000000000000000;1,000000000000000;1,000000000000000;1,000000000000000;1,000000000000000;1,000000000000000;1,000000000000000;1,000000000000000
2021-05-11;60+;26;26,0;26;26;26;26;26;26;26;26;26;26;232;232,0;232;232;232;232;232;232;232;232;232;232;1,000000000000000;1,000000000000000;1,000000000000000;1,000000000000000;1,000000000000000;1,000000000000000;1,000000000000000;1,000000000000000;1,000000000000000;1,000000000000000;1,000000000000000
2021-05-11;alle;59;59,0;59;59;59;59;59;59;59;59;59;59;457;457,0;457;457;457;457;457;457;457;457;457;457;NA;NA;NA;NA;NA;NA;NA;NA;NA;NA;NA
2021-05-10;0-60;9;9,0;9;9;9;9;9;9;9;9;9;9;227;227,0;227;227;227;227;227;227;227;227;227;227;1,000000000000000;1,000000000000000;1,000000000000000;1,000000000000000;1,000000000000000;1,000000000000000;1,000000000000000;1,000000000000000;1,000000000000000;1,000000000000000;1,000000000000000
2021-05-10;60+;15;15,0;15;15;15;15;15;15;15;15;15;15;249;249,0;249;249;249;249;249;249;249;249;249;249;1,000000000000000;1,000000000000000;1,000000000000000;1,000000000000000;1,000000000000000;1,000000000000000;1,000000000000000;1,000000000000000;1,000000000000000;1,000000000000000;1,000000000000000
2021-05-10;alle;24;24,0;24;24;24;24;24;24;24;24;24;24;476;476,0;476;476;476;476;476;476;476;476;476;476;NA;NA;NA;NA;NA;NA;NA;NA;NA;NA;NA
2021-05-09;0-60;36;36,0;36;36;36;36;36;36;36;36;36;36;242;242,0;242;242;242;242;242;242;242;242;242;242;1,000000000000000;1,000000000000000;1,000000000000000;1,000000000000000;1,000000000000000;1,000000000000000;1,000000000000000;1,000000000000000;1,000000000000000;1,000000000000000;1,000000000000000
2021-05-09;60+;18;18,0;18;18;18;18;18;18;18;18;18;18;254;254,0;254;254;254;254;254;254;254;254;254;254;1,000000000000000;1,000000000000000;1,000000000000000;1,000000000000000;1,000000000000000;1,000000000000000;1,000000000000000;1,000000000000000;1,000000000000000;1,000000000000000;1,000000000000000
2021-05-09;alle;54;54,0;54;54;54;54;54;54;54;54;54;54;496;496,0;496;496;496;496;496;496;496;496;496;496;NA;NA;NA;NA;NA;NA;NA;NA;NA;NA;NA
2021-05-08;0-60;29;29,0;29;29;29;29;29;29;29;29;29;29;247;247,0;247;247;247;247;247;247;247;247;247;247;1,000000000000000;1,000000000000000;1,000000000000000;1,000000000000000;1,000000000000000;1,000000000000000;1,000000000000000;1,000000000000000;1,000000000000000;1,000000000000000;1,000000000000000
2021-05-08;60+;27;27,0;27;27;27;27;27;27;27;27;27;27;276;276,0;276;276;276;276;276;276;276;276;276;276;1,000000000000000;1,000000000000000;1,000000000000000;1,000000000000000;1,000000000000000;1,000000000000000;1,000000000000000;1,000000000000000;1,000000000000000;1,000000000000000;1,000000000000000
2021-05-08;alle;56;56,0;56;56;56;56;56;56;56;56;56;56;523;523,0;523;523;523;523;523;523;523;523;523;523;NA;NA;NA;NA;NA;NA;NA;NA;NA;NA;NA
2021-05-07;0-60;40;40,0;40;40;40;40;40;40;40;40;40;40;256;256,0;256;256;256;256;256;256;256;256;256;256;1,000000000000000;1,000000000000000;1,000000000000000;1,000000000000000;1,000000000000000;1,000000000000000;1,000000000000000;1,000000000000000;1,000000000000000;1,000000000000000;1,000000000000000
2021-05-07;60+;53;53,0;53;53;53;53;53;53;53;53;53;53;303;303,0;303;303;303;303;303;303;303;303;303;303;1,000000000000000;1,000000000000000;1,000000000000000;1,000000000000000;1,000000000000000;1,000000000000000;1,000000000000000;1,000000000000000;1,000000000000000;1,000000000000000;1,000000000000000
2021-05-07;alle;93;93,0;93;93;93;93;93;93;93;93;93;93;559;559,0;559;559;559;559;559;559;559;559;559;559;NA;NA;NA;NA;NA;NA;NA;NA;NA;NA;NA
2021-05-06;0-60;30;30,0;30;30;30;30;30;30;30;30;30;30;252;252,0;252;252;252;252;252;252;252;252;252;252;1,000000000000000;1,000000000000000;1,000000000000000;1,000000000000000;1,000000000000000;1,000000000000000;1,000000000000000;1,000000000000000;1,000000000000000;1,000000000000000;1,000000000000000
2021-05-06;60+;42;42,0;42;42;42;42;42;42;42;42;42;42;297;297,0;297;297;297;297;297;297;297;297;297;297;1,000000000000000;1,000000000000000;1,000000000000000;1,000000000000000;1,000000000000000;1,000000000000000;1,000000000000000;1,000000000000000;1,000000000000000;1,000000000000000;1,000000000000000
2021-05-06;alle;72;72,0;72;72;72;72;72;72;72;72;72;72;549;549,0;549;549;549;549;549;549;549;549;549;549;NA;NA;NA;NA;NA;NA;NA;NA;NA;NA;NA
2021-05-05;0-60;48;48,0;48;48;48;48;48;48;48;48;48;48;283;283,0;283;283;283;283;283;283;283;283;283;283;1,000000000000000;1,000000000000000;1,000000000000000;1,000000000000000;1,000000000000000;1,000000000000000;1,000000000000000;1,000000000000000;1,000000000000000;1,000000000000000;1,000000000000000
2021-05-05;60+;51;51,0;51;51;51;51;51;51;51;51;51;51;315;315,0;315;315;315;315;315;315;315;315;315;315;1,000000000000000;1,000000000000000;1,000000000000000;1,000000000000000;1,000000000000000;1,000000000000000;1,000000000000000;1,000000000000000;1,000000000000000;1,000000000000000;1,000000000000000
2021-05-05;alle;99;99,0;99;99;99;99;99;99;99;99;99;99;598;598,0;598;598;598;598;598;598;598;598;598;598;NA;NA;NA;NA;NA;NA;NA;NA;NA;NA;NA
2021-05-04;0-60;35;35,0;35;35;35;35;35;35;35;35;35;35;296;296,0;296;296;296;296;296;296;296;296;296;296;1,000000000000000;1,000000000000000;1,000000000000000;1,000000000000000;1,000000000000000;1,000000000000000;1,000000000000000;1,000000000000000;1,000000000000000;1,000000000000000;1,000000000000000
2021-05-04;60+;43;43,0;43;43;43;43;43;43;43;43;43;43;315;315,0;315;315;315;315;315;315;315;315;315;315;1,000000000000000;1,000000000000000;1,000000000000000;1,000000000000000;1,000000000000000;1,000000000000000;1,000000000000000;1,000000000000000;1,000000000000000;1,000000000000000;1,000000000000000
2021-05-04;alle;78;78,0;78;78;78;78;78;78;78;78;78;78;611;611,0;611;611;611;611;611;611;611;611;611;611;NA;NA;NA;NA;NA;NA;NA;NA;NA;NA;NA
2021-05-03;0-60;24;24,0;24;24;24;24;24;24;24;24;24;24;300;300,0;300;300;300;300;300;300;300;300;300;300;1,000000000000000;1,000000000000000;1,000000000000000;1,000000000000000;1,000000000000000;1,000000000000000;1,000000000000000;1,000000000000000;1,000000000000000;1,000000000000000;1,000000000000000
2021-05-03;60+;20;20,0;20;20;20;20;20;20;20;20;20;20;338;338,0;338;338;338;338;338;338;338;338;338;338;1,000000000000000;1,000000000000000;1,000000000000000;1,000000000000000;1,000000000000000;1,000000000000000;1,000000000000000;1,000000000000000;1,000000000000000;1,000000000000000;1,000000000000000
2021-05-03;alle;44;44,0;44;44;44;44;44;44;44;44;44;44;638;638,0;638;638;638;638;638;638;638;638;638;638;NA;NA;NA;NA;NA;NA;NA;NA;NA;NA;NA
2021-05-02;0-60;41;41,0;41;41;41;41;41;41;41;41;41;41;300;300,0;300;300;300;300;300;300;300;300;300;300;1,000000000000000;1,000000000000000;1,000000000000000;1,000000000000000;1,000000000000000;1,000000000000000;1,000000000000000;1,000000000000000;1,000000000000000;1,000000000000000;1,000000000000000
2021-05-02;60+;40;40,0;40;40;40;40;40;40;40;40;40;40;346;346,0;346;346;346;346;346;346;346;346;346;346;1,000000000000000;1,000000000000000;1,000000000000000;1,000000000000000;1,000000000000000;1,000000000000000;1,000000000000000;1,000000000000000;1,000000000000000;1,000000000000000;1,000000000000000
2021-05-02;alle;81;81,0;81;81;81;81;81;81;81;81;81;81;646;646,0;646;646;646;646;646;646;646;646;646;646;NA;NA;NA;NA;NA;NA;NA;NA;NA;NA;NA
2021-05-01;0-60;38;38,0;38;38;38;38;38;38;38;38;38;38;294;294,0;294;294;294;294;294;294;294;294;294;294;1,000000000000000;1,000000000000000;1,000000000000000;1,000000000000000;1,000000000000000;1,000000000000000;1,000000000000000;1,000000000000000;1,000000000000000;1,000000000000000;1,000000000000000
2021-05-01;60+;54;54,0;54;54;54;54;54;54;54;54;54;54;352;352,0;352;352;352;352;352;352;352;352;352;352;1,000000000000000;1,000000000000000;1,000000000000000;1,000000000000000;1,000000000000000;1,000000000000000;1,000000000000000;1,000000000000000;1,000000000000000;1,000000000000000;1,000000000000000
2021-05-01;alle;92;92,0;92;92;92;92;92;92;92;92;92;92;646;646,0;646;646;646;646;646;646;646;646;646;646;NA;NA;NA;NA;NA;NA;NA;NA;NA;NA;NA
2021-04-30;0-60;36;36,0;36;36;36;36;36;36;36;36;36;36;308;308,0;308;308;308;308;308;308;308;308;308;308;1,000000000000000;1,000000000000000;1,000000000000000;1,000000000000000;1,000000000000000;1,000000000000000;1,000000000000000;1,000000000000000;1,000000000000000;1,000000000000000;1,000000000000000
2021-04-30;60+;47;47,0;47;47;47;47;47;47;47;47;47;47;352;352,0;352;352;352;352;352;352;352;352;352;352;1,000000000000000;1,000000000000000;1,000000000000000;1,000000000000000;1,000000000000000;1,000000000000000;1,000000000000000;1,000000000000000;1,000000000000000;1,000000000000000;1,000000000000000
2021-04-30;alle;83;83,0;83;83;83;83;83;83;83;83;83;83;660;660,0;660;660;660;660;660;660;660;660;660;660;NA;NA;NA;NA;NA;NA;NA;NA;NA;NA;NA
2021-04-29;0-60;61;61,0;61;61;61;61;61;61;61;61;61;61;335;335,0;335;335;335;335;335;335;335;335;335;335;1,000000000000000;1,000000000000000;1,000000000000000;1,000000000000000;1,000000000000000;1,000000000000000;1,000000000000000;1,000000000000000;1,000000000000000;1,000000000000000;1,000000000000000
2021-04-29;60+;60;60,0;60;60;60;60;60;60;60;60;60;60;374;374,0;374;374;374;374;374;374;374;374;374;374;1,000000000000000;1,000000000000000;1,000000000000000;1,000000000000000;1,000000000000000;1,000000000000000;1,000000000000000;1,000000000000000;1,000000000000000;1,000000000000000;1,000000000000000
2021-04-29;alle;121;121,0;121;121;121;121;121;121;121;121;121;121;709;709,0;709;709;709;709;709;709;709;709;709;709;NA;NA;NA;NA;NA;NA;NA;NA;NA;NA;NA
2021-04-28;0-60;61;61,0;61;61;61;61;61;61;61;61;61;61;343;343,0;343;343;343;343;343;343;343;343;343;343;1,000000000000000;1,000000000000000;1,000000000000000;1,000000000000000;1,000000000000000;1,000000000000000;1,000000000000000;1,000000000000000;1,000000000000000;1,000000000000000;1,000000000000000
2021-04-28;60+;51;51,0;51;51;51;51;51;51;51;51;51;51;385;385,0;385;385;385;385;385;385;385;385;385;385;1,000000000000000;1,000000000000000;1,000000000000000;1,000000000000000;1,000000000000000;1,000000000000000;1,000000000000000;1,000000000000000;1,000000000000000;1,000000000000000;1,000000000000000
2021-04-28;alle;112;112,0;112;112;112;112;112;112;112;112;112;112;728;728,0;728;728;728;728;728;728;728;728;728;728;NA;NA;NA;NA;NA;NA;NA;NA;NA;NA;NA
2021-04-27;0-60;39;39,0;39;39;39;39;39;39;39;39;39;39;338;338,0;338;338;338;338;338;338;338;338;338;338;1,000000000000000;1,000000000000000;1,000000000000000;1,000000000000000;1,000000000000000;1,000000000000000;1,000000000000000;1,000000000000000;1,000000000000000;1,000000000000000;1,000000000000000
2021-04-27;60+;66;66,0;66;66;66;66;66;66;66;66;66;66;392;392,0;392;392;392;392;392;392;392;392;392;392;1,000000000000000;1,000000000000000;1,000000000000000;1,000000000000000;1,000000000000000;1,000000000000000;1,000000000000000;1,000000000000000;1,000000000000000;1,000000000000000;1,000000000000000
2021-04-27;alle;105;105,0;105;105;105;105;105;105;105;105;105;105;730;730,0;730;730;730;730;730;730;730;730;730;730;NA;NA;NA;NA;NA;NA;NA;NA;NA;NA;NA
2021-04-26;0-60;24;24,0;24;24;24;24;24;24;24;24;24;24;359;359,0;359;359;359;359;359;359;359;359;359;359;1,000000000000000;1,000000000000000;1,000000000000000;1,000000000000000;1,000000000000000;1,000000000000000;1,000000000000000;1,000000000000000;1,000000000000000;1,000000000000000;1,000000000000000
2021-04-26;60+;28;28,0;28;28;28;28;28;28;28;28;28;28;375;375,0;375;375;375;375;375;375;375;375;375;375;1,000000000000000;1,000000000000000;1,000000000000000;1,000000000000000;1,000000000000000;1,000000000000000;1,000000000000000;1,000000000000000;1,000000000000000;1,000000000000000;1,000000000000000
2021-04-26;alle;52;52,0;52;52;52;52;52;52;52;52;52;52;734;734,0;734;734;734;734;734;734;734;734;734;734;NA;NA;NA;NA;NA;NA;NA;NA;NA;NA;NA
2021-04-25;0-60;35;35,0;35;35;35;35;35;35;35;35;35;35;357;357,0;357;357;357;357;357;357;357;357;357;357;1,000000000000000;1,000000000000000;1,000000000000000;1,000000000000000;1,000000000000000;1,000000000000000;1,000000000000000;1,000000000000000;1,000000000000000;1,000000000000000;1,000000000000000
2021-04-25;60+;46;46,0;46;46;46;46;46;46;46;46;46;46;376;376,0;376;376;376;376;376;376;376;376;376;376;1,000000000000000;1,000000000000000;1,000000000000000;1,000000000000000;1,000000000000000;1,000000000000000;1,000000000000000;1,000000000000000;1,000000000000000;1,000000000000000;1,000000000000000
2021-04-25;alle;81;81,0;81;81;81;81;81;81;81;81;81;81;733;733,0;733;733;733;733;733;733;733;733;733;733;NA;NA;NA;NA;NA;NA;NA;NA;NA;NA;NA
2021-04-24;0-60;52;52,0;52;52;52;52;52;52;52;52;52;52;366;366,0;366;366;366;366;366;366;366;366;366;366;1,000000000000000;1,000000000000000;1,000000000000000;1,000000000000000;1,000000000000000;1,000000000000000;1,000000000000000;1,000000000000000;1,000000000000000;1,000000000000000;1,000000000000000
2021-04-24;60+;54;54,0;54;54;54;54;54;54;54;54;54;54;360;360,0;360;360;360;360;360;360;360;360;360;360;1,000000000000000;1,000000000000000;1,000000000000000;1,000000000000000;1,000000000000000;1,000000000000000;1,000000000000000;1,000000000000000;1,000000000000000;1,000000000000000;1,000000000000000
2021-04-24;alle;106;106,0;106;106;106;106;106;106;106;106;106;106;726;726,0;726;726;726;726;726;726;726;726;726;726;NA;NA;NA;NA;NA;NA;NA;NA;NA;NA;NA
2021-04-23;0-60;63;63,0;63;63;63;63;63;63;63;63;63;63;368;368,0;368;368;368;368;368;368;368;368;368;368;1,000000000000000;1,000000000000000;1,000000000000000;1,000000000000000;1,000000000000000;1,000000000000000;1,000000000000000;1,000000000000000;1,000000000000000;1,000000000000000;1,000000000000000
2021-04-23;60+;69;69,0;69;69;69;69;69;69;69;69;69;69;357;357,0;357;357;357;357;357;357;357;357;357;357;1,000000000000000;1,000000000000000;1,000000000000000;1,000000000000000;1,000000000000000;1,000000000000000;1,000000000000000;1,000000000000000;1,000000000000000;1,000000000000000;1,000000000000000
2021-04-23;alle;132;132,0;132;132;132;132;132;132;132;132;132;132;725;725,0;725;725;725;725;725;725;725;725;725;725;NA;NA;NA;NA;NA;NA;NA;NA;NA;NA;NA
2021-04-22;0-60;69;69,0;69;69;69;69;69;69;69;69;69;69;357;357,0;357;357;357;357;357;357;357;357;357;357;1,000000000000000;1,000000000000000;1,000000000000000;1,000000000000000;1,000000000000000;1,000000000000000;1,000000000000000;1,000000000000000;1,000000000000000;1,000000000000000;1,000000000000000
2021-04-22;60+;71;71,0;71;71;71;71;71;71;71;71;71;71;356;356,0;356;356;356;356;356;356;356;356;356;356;1,000000000000000;1,000000000000000;1,000000000000000;1,000000000000000;1,000000000000000;1,000000000000000;1,000000000000000;1,000000000000000;1,000000000000000;1,000000000000000;1,000000000000000
2021-04-22;alle;140;140,0;140;140;140;140;140;140;140;140;140;140;713;713,0;713;713;713;713;713;713;713;713;713;713;NA;NA;NA;NA;NA;NA;NA;NA;NA;NA;NA
2021-04-21;0-60;56;56,0;56;56;56;56;56;56;56;56;56;56;353;353,0;353;353;353;353;353;353;353;353;353;353;1,000000000000000;1,000000000000000;1,000000000000000;1,000000000000000;1,000000000000000;1,000000000000000;1,000000000000000;1,000000000000000;1,000000000000000;1,000000000000000;1,000000000000000
2021-04-21;60+;58;58,0;58;58;58;58;58;58;58;58;58;58;341;341,0;341;341;341;341;341;341;341;341;341;341;1,000000000000000;1,000000000000000;1,000000000000000;1,000000000000000;1,000000000000000;1,000000000000000;1,000000000000000;1,000000000000000;1,000000000000000;1,000000000000000;1,000000000000000
2021-04-21;alle;114;114,0;114;114;114;114;114;114;114;114;114;114;694;694,0;694;694;694;694;694;694;694;694;694;694;NA;NA;NA;NA;NA;NA;NA;NA;NA;NA;NA
2021-04-20;0-60;60;60,0;60;60;60;60;60;60;60;60;60;60;364;364,0;364;364;364;364;364;364;364;364;364;364;1,000000000000000;1,000000000000000;1,000000000000000;1,000000000000000;1,000000000000000;1,000000000000000;1,000000000000000;1,000000000000000;1,000000000000000;1,000000000000000;1,000000000000000
2021-04-20;60+;49;49,0;49;49;49;49;49;49;49;49;49;49;329;329,0;329;329;329;329;329;329;329;329;329;329;1,000000000000000;1,000000000000000;1,000000000000000;1,000000000000000;1,000000000000000;1,000000000000000;1,000000000000000;1,000000000000000;1,000000000000000;1,000000000000000;1,000000000000000
2021-04-20;alle;109;109,0;109;109;109;109;109;109;109;109;109;109;693;693,0;693;693;693;693;693;693;693;693;693;693;NA;NA;NA;NA;NA;NA;NA;NA;NA;NA;NA
2021-04-19;0-60;22;22,0;22;22;22;22;22;22;22;22;22;22;340;340,0;340;340;340;340;340;340;340;340;340;340;1,000000000000000;1,000000000000000;1,000000000000000;1,000000000000000;1,000000000000000;1,000000000000000;1,000000000000000;1,000000000000000;1,000000000000000;1,000000000000000;1,000000000000000
2021-04-19;60+;29;29,0;29;29;29;29;29;29;29;29;29;29;328;328,0;328;328;328;328;328;328;328;328;328;328;1,000000000000000;1,000000000000000;1,000000000000000;1,000000000000000;1,000000000000000;1,000000000000000;1,000000000000000;1,000000000000000;1,000000000000000;1,000000000000000;1,000000000000000
2021-04-19;alle;51;51,0;51;51;51;51;51;51;51;51;51;51;668;668,0;668;668;668;668;668;668;668;668;668;668;NA;NA;NA;NA;NA;NA;NA;NA;NA;NA;NA
2021-04-18;0-60;44;44,0;44;44;44;44;44;44;44;44;44;44;332;332,0;332;332;332;332;332;332;332;332;332;332;1,000000000000000;1,000000000000000;1,000000000000000;1,000000000000000;1,000000000000000;1,000000000000000;1,000000000000000;1,000000000000000;1,000000000000000;1,000000000000000;1,000000000000000
2021-04-18;60+;30;30,0;30;30;30;30;30;30;30;30;30;30;314;314,0;314;314;314;314;314;314;314;314;314;314;1,000000000000000;1,000000000000000;1,000000000000000;1,000000000000000;1,000000000000000;1,000000000000000;1,000000000000000;1,000000000000000;1,000000000000000;1,000000000000000;1,000000000000000
2021-04-18;alle;74;74,0;74;74;74;74;74;74;74;74;74;74;646;646,0;646;646;646;646;646;646;646;646;646;646;NA;NA;NA;NA;NA;NA;NA;NA;NA;NA;NA
2021-04-17;0-60;54;54,0;54;54;54;54;54;54;54;54;54;54;325;325,0;325;325;325;325;325;325;325;325;325;325;1,000000000000000;1,000000000000000;1,000000000000000;1,000000000000000;1,000000000000000;1,000000000000000;1,000000000000000;1,000000000000000;1,000000000000000;1,000000000000000;1,000000000000000
2021-04-17;60+;51;51,0;51;51;51;51;51;51;51;51;51;51;323;323,0;323;323;323;323;323;323;323;323;323;323;1,000000000000000;1,000000000000000;1,000000000000000;1,000000000000000;1,000000000000000;1,000000000000000;1,000000000000000;1,000000000000000;1,000000000000000;1,000000000000000;1,000000000000000
2021-04-17;alle;105;105,0;105;105;105;105;105;105;105;105;105;105;648;648,0;648;648;648;648;648;648;648;648;648;648;NA;NA;NA;NA;NA;NA;NA;NA;NA;NA;NA
2021-04-16;0-60;52;52,0;52;52;52;52;52;52;52;52;52;52;338;338,0;338;338;338;338;338;338;338;338;338;338;1,000000000000000;1,000000000000000;1,000000000000000;1,000000000000000;1,000000000000000;1,000000000000000;1,000000000000000;1,000000000000000;1,000000000000000;1,000000000000000;1,000000000000000
2021-04-16;60+;68;68,0;68;68;68;68;68;68;68;68;68;68;326;326,0;326;326;326;326;326;326;326;326;326;326;1,000000000000000;1,000000000000000;1,000000000000000;1,000000000000000;1,000000000000000;1,000000000000000;1,000000000000000;1,000000000000000;1,000000000000000;1,000000000000000;1,000000000000000
2021-04-16;alle;120;120,0;120;120;120;120;120;120;120;120;120;120;664;664,0;664;664;664;664;664;664;664;664;664;664;NA;NA;NA;NA;NA;NA;NA;NA;NA;NA;NA
2021-04-15;0-60;65;65,0;65;65;65;65;65;65;65;65;65;65;378;378,0;378;378;378;378;378;378;378;378;378;378;1,000000000000000;1,000000000000000;1,000000000000000;1,000000000000000;1,000000000000000;1,000000000000000;1,000000000000000;1,000000000000000;1,000000000000000;1,000000000000000;1,000000000000000
2021-04-15;60+;56;56,0;56;56;56;56;56;56;56;56;56;56;336;336,0;336;336;336;336;336;336;336;336;336;336;1,000000000000000;1,000000000000000;1,000000000000000;1,000000000000000;1,000000000000000;1,000000000000000;1,000000000000000;1,000000000000000;1,000000000000000;1,000000000000000;1,000000000000000
2021-04-15;alle;121;121,0;121;121;121;121;121;121;121;121;121;121;714;714,0;714;714;714;714;714;714;714;714;714;714;NA;NA;NA;NA;NA;NA;NA;NA;NA;NA;NA
2021-04-14;0-60;67;67,0;67;67;67;67;67;67;67;67;67;67;359;359,0;359;359;359;359;359;359;359;359;359;359;1,000000000000000;1,000000000000000;1,000000000000000;1,000000000000000;1,000000000000000;1,000000000000000;1,000000000000000;1,000000000000000;1,000000000000000;1,000000000000000;1,000000000000000
2021-04-14;60+;46;46,0;46;46;46;46;46;46;46;46;46;46;353;353,0;353;353;353;353;353;353;353;353;353;353;1,000000000000000;1,000000000000000;1,000000000000000;1,000000000000000;1,000000000000000;1,000000000000000;1,000000000000000;1,000000000000000;1,000000000000000;1,000000000000000;1,000000000000000
2021-04-14;alle;113;113,0;113;113;113;113;113;113;113;113;113;113;712;712,0;712;712;712;712;712;712;712;712;712;712;NA;NA;NA;NA;NA;NA;NA;NA;NA;NA;NA
2021-04-13;0-60;36;36,0;36;36;36;36;36;36;36;36;36;36;343;343,0;343;343;343;343;343;343;343;343;343;343;1,000000000000000;1,000000000000000;1,000000000000000;1,000000000000000;1,000000000000000;1,000000000000000;1,000000000000000;1,000000000000000;1,000000000000000;1,000000000000000;1,000000000000000
2021-04-13;60+;48;48,0;48;48;48;48;48;48;48;48;48;48;373;373,0;373;373;373;373;373;373;373;373;373;373;1,000000000000000;1,000000000000000;1,000000000000000;1,000000000000000;1,000000000000000;1,000000000000000;1,000000000000000;1,000000000000000;1,000000000000000;1,000000000000000;1,000000000000000
2021-04-13;alle;84;84,0;84;84;84;84;84;84;84;84;84;84;716;716,0;716;716;716;716;716;716;716;716;716;716;NA;NA;NA;NA;NA;NA;NA;NA;NA;NA;NA
2021-04-12;0-60;14;14,0;14;14;14;14;14;14;14;14;14;14;346;346,0;346;346;346;346;346;346;346;346;346;346;1,000000000000000;1,000000000000000;1,000000000000000;1,000000000000000;1,000000000000000;1,000000000000000;1,000000000000000;1,000000000000000;1,000000000000000;1,000000000000000;1,000000000000000
2021-04-12;60+;15;15,0;15;15;15;15;15;15;15;15;15;15;358;358,0;358;358;358;358;358;358;358;358;358;358;1,000000000000000;1,000000000000000;1,000000000000000;1,000000000000000;1,000000000000000;1,000000000000000;1,000000000000000;1,000000000000000;1,000000000000000;1,000000000000000;1,000000000000000
2021-04-12;alle;29;29,0;29;29;29;29;29;29;29;29;29;29;704;704,0;704;704;704;704;704;704;704;704;704;704;NA;NA;NA;NA;NA;NA;NA;NA;NA;NA;NA
2021-04-11;0-60;37;37,0;37;37;37;37;37;37;37;37;37;37;NA;NA;NA;NA;NA;NA;NA;NA;NA;NA;NA;NA;1,000000000000000;1,000000000000000;1,000000000000000;1,000000000000000;1,000000000000000;1,000000000000000;1,000000000000000;1,000000000000000;1,000000000000000;1,000000000000000;1,000000000000000
2021-04-11;60+;39;39,0;39;39;39;39;39;39;39;39;39;39;NA;NA;NA;NA;NA;NA;NA;NA;NA;NA;NA;NA;1,000000000000000;1,000000000000000;1,000000000000000;1,000000000000000;1,000000000000000;1,000000000000000;1,000000000000000;1,000000000000000;1,000000000000000;1,000000000000000;1,000000000000000
2021-04-11;alle;76;76,0;76;76;76;76;76;76;76;76;76;76;NA;NA;NA;NA;NA;NA;NA;NA;NA;NA;NA;NA;NA;NA;NA;NA;NA;NA;NA;NA;NA;NA;NA
2021-04-10;0-60;67;67,0;67;67;67;67;67;67;67;67;67;67;NA;NA;NA;NA;NA;NA;NA;NA;NA;NA;NA;NA;1,000000000000000;1,000000000000000;1,000000000000000;1,000000000000000;1,000000000000000;1,000000000000000;1,000000000000000;1,000000000000000;1,000000000000000;1,000000000000000;1,000000000000000
2021-04-10;60+;54;54,0;54;54;54;54;54;54;54;54;54;54;NA;NA;NA;NA;NA;NA;NA;NA;NA;NA;NA;NA;1,000000000000000;1,000000000000000;1,000000000000000;1,000000000000000;1,000000000000000;1,000000000000000;1,000000000000000;1,000000000000000;1,000000000000000;1,000000000000000;1,000000000000000
2021-04-10;alle;121;121,0;121;121;121;121;121;121;121;121;121;121;NA;NA;NA;NA;NA;NA;NA;NA;NA;NA;NA;NA;NA;NA;NA;NA;NA;NA;NA;NA;NA;NA;NA
2021-04-09;0-60;92;92,0;92;92;92;92;92;92;92;92;92;92;NA;NA;NA;NA;NA;NA;NA;NA;NA;NA;NA;NA;1,000000000000000;1,000000000000000;1,000000000000000;1,000000000000000;1,000000000000000;1,000000000000000;1,000000000000000;1,000000000000000;1,000000000000000;1,000000000000000;1,000000000000000
2021-04-09;60+;78;78,0;78;78;78;78;78;78;78;78;78;78;NA;NA;NA;NA;NA;NA;NA;NA;NA;NA;NA;NA;1,000000000000000;1,000000000000000;1,000000000000000;1,000000000000000;1,000000000000000;1,000000000000000;1,000000000000000;1,000000000000000;1,000000000000000;1,000000000000000;1,000000000000000
2021-04-09;alle;170;170,0;170;170;170;170;170;170;170;170;170;170;NA;NA;NA;NA;NA;NA;NA;NA;NA;NA;NA;NA;NA;NA;NA;NA;NA;NA;NA;NA;NA;NA;NA
2021-04-08;0-60;46;46,0;46;46;46;46;46;46;46;46;46;46;NA;NA;NA;NA;NA;NA;NA;NA;NA;NA;NA;NA;1,000000000000000;1,000000000000000;1,000000000000000;1,000000000000000;1,000000000000000;1,000000000000000;1,000000000000000;1,000000000000000;1,000000000000000;1,000000000000000;1,000000000000000
2021-04-08;60+;73;73,0;73;73;73;73;73;73;73;73;73;73;NA;NA;NA;NA;NA;NA;NA;NA;NA;NA;NA;NA;1,000000000000000;1,000000000000000;1,000000000000000;1,000000000000000;1,000000000000000;1,000000000000000;1,000000000000000;1,000000000000000;1,000000000000000;1,000000000000000;1,000000000000000
2021-04-08;alle;119;119,0;119;119;119;119;119;119;119;119;119;119;NA;NA;NA;NA;NA;NA;NA;NA;NA;NA;NA;NA;NA;NA;NA;NA;NA;NA;NA;NA;NA;NA;NA
2021-04-07;0-60;51;51,0;51;51;51;51;51;51;51;51;51;51;NA;NA;NA;NA;NA;NA;NA;NA;NA;NA;NA;NA;1,000000000000000;1,000000000000000;1,000000000000000;1,000000000000000;1,000000000000000;1,000000000000000;1,000000000000000;1,000000000000000;1,000000000000000;1,000000000000000;1,000000000000000
2021-04-07;60+;66;66,0;66;66;66;66;66;66;66;66;66;66;NA;NA;NA;NA;NA;NA;NA;NA;NA;NA;NA;NA;1,000000000000000;1,000000000000000;1,000000000000000;1,000000000000000;1,000000000000000;1,000000000000000;1,000000000000000;1,000000000000000;1,000000000000000;1,000000000000000;1,000000000000000
2021-04-07;alle;117;117,0;117;117;117;117;117;117;117;117;117;117;NA;NA;NA;NA;NA;NA;NA;NA;NA;NA;NA;NA;NA;NA;NA;NA;NA;NA;NA;NA;NA;NA;NA
2021-04-06;0-60;39;39,0;39;39;39;39;39;39;39;39;39;39;NA;NA;NA;NA;NA;NA;NA;NA;NA;NA;NA;NA;1,000000000000000;1,000000000000000;1,000000000000000;1,000000000000000;1,000000000000000;1,000000000000000;1,000000000000000;1,000000000000000;1,000000000000000;1,000000000000000;1,000000000000000
2021-04-06;60+;33;33,0;33;33;33;33;33;33;33;33;33;33;NA;NA;NA;NA;NA;NA;NA;NA;NA;NA;NA;NA;1,000000000000000;1,000000000000000;1,000000000000000;1,000000000000000;1,000000000000000;1,000000000000000;1,000000000000000;1,000000000000000;1,000000000000000;1,000000000000000;1,000000000000000
2021-04-06;alle;72;72,0;72;72;72;72;72;72;72;72;72;72;NA;NA;NA;NA;NA;NA;NA;NA;NA;NA;NA;NA;NA;NA;NA;NA;NA;NA;NA;NA;NA;NA;NA
