"date";"age60";"reported";"nowcast_est";"nowcast_0.025";"nowcast_0.1";"nowcast_0.25";"nowcast_0.5";"nowcast_0.75";"nowcast_0.8";"nowcast_0.85";"nowcast_0.9";"nowcast_0.95";"nowcast_0.975";"reported7";"nowcast7_est";"nowcast7_0.025";"nowcast7_0.1";"nowcast7_0.25";"nowcast7_0.5";"nowcast7_0.75";"nowcast7_0.8";"nowcast7_0.85";"nowcast7_0.9";"nowcast7_0.95";"nowcast7_0.975";"F_est";"F_0.025";"F_0.1";"F_0.25";"F_0.5";"F_0.75";"F_0.8";"F_0.85";"F_0.9";"F_0.95";"F_0.975";"realized";"realized7"
2022-11-29;"0-60";6;7,2;6;6;6;7;8;9;9;10;11;12;13;14,9;13;13;14;15;16;17;17;21,1;20;27,1;0,831934328588972;0,945962786396292;0,919649724875381;0,884519727943397;0,829492909276374;0,756013369607193;0,73390965677712;0,706132015016471;0,667473745598066;0,599185869284079;0,531721784241942;NA;NA
2022-11-29;"60+";12;15,1;12;13;14;15;17;18;19;20;23;26;47;54,2;47;47;49,5424430641822;54;61,1863354037267;60;61;73,8;69;93,8;0,794829093582582;0,930702241880371;0,899793436036528;0,857971054780686;0,793859740359433;0,711960031171851;0,689500991071036;0,658809283707287;0,61644802119599;0,545524655422761;0,479105092522485;NA;NA
2022-11-29;"alle";18;22,3;18;19;20;22;25;26;28;29;33;37;60;69;60;60;64,6335403726708;69;76,2774327122153;76;78;93;87;117,6;NA;NA;NA;NA;NA;NA;NA;NA;NA;NA;NA;NA;NA
2022-11-28;"0-60";0;0;0;0;0;0;0;0;0;0;0;0;16;17,1;16;16;16;17;18;18;19;20,9;20;24,9;0,596574069247988;0,995935518543569;0,98022698718375;0,91731558372954;0,658905988260243;0,188392498196155;0,105119481612289;0,0485773579947594;0,013912338218723;0,00153326040226988;0,00032304440562132;NA;NA
2022-11-28;"60+";0;0;0;0;0;0;0;0;0;0;0;0;60;65,3;60;60;60,7;65;70,7;69;70;78,7;75;90,7;0,547559646883315;0,995290468381495;0,976125391481628;0,903659949546746;0,614747250650018;0,15405291719392;0,0825466137697134;0,0367251788066634;0,00981207776631358;0,00113014735522584;0,00021683731808009;NA;NA
2022-11-28;"alle";0;0;0;0;0;0;0;0;0;0;0;0;76;82,5;76;76;78,4313725490196;83;88,1960784313725;87;88;99,5;94;111,5;NA;NA;NA;NA;NA;NA;NA;NA;NA;NA;NA;NA;NA
2022-11-27;"0-60";0;0;0;0;0;0;0;0;0;0;0;0;16;17,1;16;16;16;17;18;18;19;20,9;20;24,9;0,889286901065599;0,962496150913137;0,945388823131502;0,922780555524019;0,888197250746872;0,839239356879929;0,822306178078252;0,803097833479695;0,774213692144017;0,730049130741775;0,68474099810802;NA;NA
2022-11-27;"60+";0;0;0;0;0;0;0;0;0;0;0;0;60;65,3;60;60;60,6394736842105;65;70,771052631579;69;70;78,7;75;90,7;0,876596114377895;0,957304747991955;0,938258700881672;0,913954868946371;0,875771141230275;0,823233804760564;0,806960309066906;0,787429130689628;0,758051091758928;0,707828688636592;0,666885016724285;NA;NA
2022-11-27;"alle";0;0;0;0;0;0;0;0;0;0;0;0;76;82,5;76;76;77,9967948717949;83;88,8044871794872;87;88;99,5;94;111,5;NA;NA;NA;NA;NA;NA;NA;NA;NA;NA;NA;NA;NA
2022-11-26;"0-60";0;0;0;0;0;0;0;0;0;0;0;0;16;17,1;16;16;16;17;18;18;19;20,9;20;24,9;0,857795085168432;0,950830251168177;0,928997177054637;0,89942240535356;0,854596507424806;0,791657790295757;0,773180998199916;0,750720151143118;0,719353794526088;0,660930857679206;0,606259738864153;NA;NA
2022-11-26;"60+";4;4,7;4;4;4;5;5;6;6;6;7;8;60;65,3;60;60;61,1130030959752;65;70,2151702786378;69;70;78,7;75;90,7;0,848134875089512;0,94635081147073;0,923475283402558;0,892441554668025;0,846143708900509;0,781695553406916;0,764036518886722;0,74018701920087;0,706795564075497;0,652120846219079;0,5970727173242;NA;NA
2022-11-26;"alle";4;4,7;4;4;4;5;5;6;6;6;7;8;76;82,5;76;76;78,3718487394958;83;88,2794117647059;87;88;99,5;94;111,5;NA;NA;NA;NA;NA;NA;NA;NA;NA;NA;NA;NA;NA
2022-11-25;"0-60";2;2,3;2;2;2;2;3;3;3;3;4;4;19;20,3;19;19;19;20;21;22;22;23;24;24,9;0,875575886060005;0,954960093863609;0,935263163056079;0,910737894867968;0,873072495088891;0,821187257280497;0,805574370030311;0,784117313234606;0,756148129666865;0,711475796649799;0,66976751369724;NA;NA
2022-11-25;"60+";14;16,1;14;14;15;16;17;18;19;19;21;22;65;70,1;65;65,3142857142857;66,3846153846154;70;75,2307692307692;74;75;79,2082949308756;79;93,9;0,871000461010739;0,952909853986231;0,932813384716371;0,90810593583283;0,869748419713313;0,816718025424036;0,801206362868714;0,781168992947812;0,755147559235662;0,707083868340403;0,664258390491525;NA;NA
2022-11-25;"alle";16;18,4;16;16;17;18;20;20;21;22;24;25;84;90,4;84;84,0429366084706;86,3056478405316;91;96,5415282392026;95;96;101,380382221733;101;117,6;NA;NA;NA;NA;NA;NA;NA;NA;NA;NA;NA;NA;NA
2022-11-24;"0-60";2;2,2;2;2;2;2;2;3;3;3;3;4;17;18;17;17;17;18;19;19;19;20;21;22;0,909268986937466;0,966498719040045;0,952145155474543;0,934307321663947;0,907865641835389;0,869931541784724;0,857719027102402;0,844102226267508;0,825909389624031;0,791463007854329;0,757733365303025;NA;NA
2022-11-24;"60+";7;7,7;7;7;7;8;8;9;9;9;10;10;56;59,2;56;56;57,2077922077922;59;62,1883116883117;62;62;64,7272727272727;65;74,6;0,908255577865266;0,965963968435992;0,951747601954271;0,933721651736063;0,906579113767198;0,870539523802632;0,859935900644536;0,845037469139796;0,825558698910273;0,792156121914096;0,761184000444681;NA;NA
2022-11-24;"alle";9;9,9;9;9;9;10;11;11;11;12;12;13;73;77,3;73;73,05;75,2926470588235;77;82,7;80;81;83,3530303030303;84;94,7;NA;NA;NA;NA;NA;NA;NA;NA;NA;NA;NA;NA;NA
2022-11-23;"0-60";3;3,2;3;3;3;3;3;3;4;4;4;4;16;16,8;16;16;16;17;18;18;18;19;19;20;0,944617510535133;0,97874905703492;0,970379428122229;0,959618235796926;0,943601683943677;0,920398926906351;0,913832685667241;0,904126310818243;0,890939446595197;0,869210429507856;0,850113368746275;NA;NA
2022-11-23;"60+";10;10,6;10;10;10;10;11;11;12;12;12;13;54;56,7;54;54,2272727272727;54,2490601503759;57;58,5742481203008;59;60;61,5;62;69,3;0,945176234320229;0,978880731308437;0,970877434758836;0,960365229905299;0,9444480220599;0,921979975708138;0,915832262311484;0,907266693312564;0,894386576033471;0,874199737908091;0,855204208008691;NA;NA
2022-11-23;"alle";13;13,8;13;13;13;14;14;15;15;15;16;17;70;73,6;70;70,2022727272727;72;74;76;76;77;79,35;80;88,4;NA;NA;NA;NA;NA;NA;NA;NA;NA;NA;NA;NA;NA
2022-11-22;"0-60";9;9,5;9;9;9;9;10;10;10;11;11;12;16;16,7;16;16;16;17;17;18;18;18;19;19;0,950223465914708;0,980101619258143;0,972265654254958;0,962577013943841;0,948453545178878;0,92901650700857;0,923592225801295;0,91602808857092;0,90530621434693;0,886583136550301;0,869039071287127;NA;NA
2022-11-22;"60+";25;26,3;25;25;25;26;27;27;28;28;29;30;60;62,5;60;60,4692307692308;60;63;65,1538461538462;64;65;69,5;67;73,5;0,951752368352304;0,9805900647118;0,973261084967108;0,964017340695467;0,950405700280489;0,932213942567325;0,926322769747443;0,919661597600519;0,909966890201638;0,894364583845521;0,875374508435188;NA;NA
2022-11-22;"alle";34;35,7;34;34;35;36;37;37;38;38;39;40;76;79,2;76,1850411861615;76,8455357142857;78;79;81;82;82;83,2668019480519;85;92,8;NA;NA;NA;NA;NA;NA;NA;NA;NA;NA;NA;NA;NA
2022-11-21;"0-60";0;0;0;0;0;0;0;0;0;0;0;0;14;14,4;14;14;14;14;15;15;15;16;16;16;0,853059316777173;0,998712944293761;0,993510459528272;0,973103731524462;0,876123669566498;0,568513090752903;0,462498020700059;0,335834989113045;0,194624104762197;0,0692416360365088;0,0298455217842657;NA;NA
2022-11-21;"60+";0;0;0;0;0;0;0;0;0;0;0;0;53;54,6;53;53;54;55;56;56;56;59,4;58;63,4;0,859759952171979;0,998798322051918;0,993912236330767;0,975058070137318;0,883951990469686;0,589432541540997;0,475017730149105;0,353507892882159;0,213747075527851;0,0821466519591837;0,0371950118022066;NA;NA
2022-11-21;"alle";0;0;0;0;0;0;0;0;0;0;0;0;67;69,1;67;67;68;69;70;71;71;74,9;73;74;NA;NA;NA;NA;NA;NA;NA;NA;NA;NA;NA;NA;NA
2022-11-20;"0-60";0;0;0;0;0;0;0;0;0;0;0;0;14;14,4;14;14;14;14;15;15;15;16;16;16;0,96290288641549;0,984135686686498;0,978339779657124;0,971366945622874;0,960753243523505;0,946361871460631;0,941520986485712;0,935963580773488;0,927535383830078;0,914785871324694;0,901138732800752;NA;NA
2022-11-20;"60+";0;0;0;0;0;0;0;0;0;0;0;0;53;54,6;53;53;54;55;56;56;56;59,4;58;59;0,965133338161585;0,984996268664155;0,979897363442121;0,973399173604412;0,963672307511633;0,950214569862229;0,946403464728426;0,940981867079708;0,93379588738634;0,921633056926544;0,909929370207494;NA;NA
2022-11-20;"alle";0;0;0;0;0;0;0;0;0;0;0;0;67;69,1;67,1605882352941;67;68;69;70;71;71;72;73;78,9;NA;NA;NA;NA;NA;NA;NA;NA;NA;NA;NA;NA;NA
2022-11-19;"0-60";3;3,2;3;3;3;3;3;3;4;4;4;4;14;14,4;14;14;14;14;15;15;15;16;16;16;0,948048160614678;0,977806389859637;0,969576399393981;0,959213944561965;0,944415669077204;0,923618296842494;0,917534235228382;0,909818238542935;0,899189491477798;0,880512246148874;0,85787022769377;NA;NA
2022-11-19;"60+";9;9,5;9;9;9;9;10;10;10;11;11;12;53;54,6;53;53;54;55;56;56;56;59,4;58;59;0,951550503350333;0,979426421886847;0,971790938127095;0,962531545499008;0,948849866932409;0,929669373015133;0,924324697279878;0,917715060915643;0,907337893066134;0,889777541595219;0,870347244251454;NA;NA
2022-11-19;"alle";12;12,6;12;12;12;13;13;13;14;14;15;15;67;69,1;67,3329268292683;67;68;69;70;71;71;72;73;78,9;NA;NA;NA;NA;NA;NA;NA;NA;NA;NA;NA;NA;NA
2022-11-18;"0-60";0;0;0;0;0;0;0;0;0;0;0;0;13;13,3;13;13;13;13;14;14;14;14;15;15;0,952245457490001;0,978580840700684;0,97107186228958;0,962029537360636;0,949435189093222;0,931344575934047;0,9258870469375;0,919634136305988;0,910140297354903;0,895859609714813;0,879289401043992;NA;NA
2022-11-18;"60+";5;5,2;5;5;5;5;5;6;6;6;6;7;51;52,4;51;51;52;52;53;54;54;57,6;55;56;0,955135752259275;0,980018227311207;0,972987948136928;0,96483227383846;0,952742698109418;0,93675356430701;0,931935124335576;0,92577275245716;0,916673801039949;0,903596146112322;0,889697921291368;NA;NA
2022-11-18;"alle";5;5,2;5;5;5;5;5;6;6;6;6;7;64;65,7;64,2302083333333;64;65;66;67;67;68;68;69;74,3;NA;NA;NA;NA;NA;NA;NA;NA;NA;NA;NA;NA;NA
2022-11-17;"0-60";1;1;1;1;1;1;1;1;1;1;1;2;17;17,4;17;17;17;17;18;18;18;19;19;19;0,963489439437793;0,983125740214006;0,977573735199106;0,970972122796344;0,961300454709451;0,948520320311197;0,944816502291505;0,93976574353331;0,933068706372507;0,922075343669762;0,911621272024759;NA;NA
2022-11-17;"60+";5;5,2;5;5;5;5;5;5;6;6;6;6;56;57,4;56;56;56,9701492537313;57;58,044776119403;59;59;62,6;60;61;0,965479749954162;0,984221632348734;0,978982350418844;0,972613683405039;0,963981199116854;0,951897514125967;0,948378153285218;0,943765033836387;0,937918049720575;0,928136246644448;0,917795277255938;NA;NA
2022-11-17;"alle";6;6,2;6;6;6;6;6;7;7;7;7;8;73;74,8;73;73;74;75;76;76;77;77;78;79;NA;NA;NA;NA;NA;NA;NA;NA;NA;NA;NA;NA;NA
2022-11-16;"0-60";3;3,1;3;3;3;3;3;3;3;3;4;4;23;23,6;23;23;23;23;24;24;24;25;25;26;0,976565197951282;0,98909045035461;0,985574784894882;0,981373786670902;0,975202356776807;0,967045206119061;0,96431253754733;0,961411085853366;0,957189585330841;0,949941731258374;0,943081483609389;NA;NA
2022-11-16;"60+";16;16,4;16;16;16;16;17;17;17;17;18;18;65;66,5;65;65;66;67;68;68;68;69;70;70;0,977729157611053;0,989633339858584;0,986376559745523;0,98255368500789;0,976738336171767;0,969080139678873;0,966887239943228;0,964039647283192;0,959963462038494;0,95363870890833;0,94735549987693;NA;NA
2022-11-16;"alle";19;19,4;19;19;19;19;20;20;20;20;21;21;88;90,1;88,5121951219512;88;89,2735557615076;90;90,7761816496756;92;92;93;94;99,9;NA;NA;NA;NA;NA;NA;NA;NA;NA;NA;NA;NA;NA
2022-11-15;"0-60";7;7,2;7;7;7;7;7;7;8;8;8;8;20;20,5;20;20;20;20;21;21;21;22;22;23;0,977346980423605;0,988883213688699;0,985394475095725;0,981401033834719;0,975647830508513;0,96815327646937;0,966065903549388;0,963158293492597;0,959400944020104;0,952698756052369;0,946160763902239;NA;NA
2022-11-15;"60+";18;18,4;18;18;18;18;19;19;19;19;20;20;64;65,3;64;64;65;65;66;67;67;67;68;69;0,978626187265403;0,989562839924538;0,986276715274787;0,982677953594429;0,977319226345259;0,97047124646985;0,968297242578903;0,96594364563996;0,962539367016996;0,957035259755139;0,951440517521051;NA;NA
2022-11-15;"alle";25;25,6;25;25;25;25;26;26;26;27;27;28;84;85,8;84,2853658536585;84;85;86;87;87;88;88;89;94,2;NA;NA;NA;NA;NA;NA;NA;NA;NA;NA;NA;NA;NA
2022-11-14;"0-60";0;0;0;0;0;0;0;0;0;0;0;0;20;20,4;20;20;20;20;21;21;21;22;22;22;0,925761142558657;0,999347907563598;0,996730212488922;0,986236383670635;0,935178720018466;0,753774448962206;0,672310895575678;0,561666332075086;0,418563709632117;0,233305430088902;0,128343522179815;NA;NA
2022-11-14;"60+";0;0;0;0;0;0;0;0;0;0;0;0;63;64,2;63;63;63;64;65;65;66;66;67;68;0,930568173747002;0,999401332086307;0,99696959042193;0,987474283051778;0,940784673288325;0,768242978765942;0,692236311015483;0,593009554776903;0,447272306677202;0,2670778489886;0,153283487649657;NA;NA
2022-11-14;"alle";0;0;0;0;0;0;0;0;0;0;0;0;83;84,6;83;83;84;85;86;86;87;87;88;89;NA;NA;NA;NA;NA;NA;NA;NA;NA;NA;NA;NA;NA
2022-11-13;"0-60";0;0;0;0;0;0;0;0;0;0;0;0;20;20,4;20;20;20;20;21;21;21;22;22;22;0,980760552351228;0,990606223095693;0,987631924733428;0,984272345000689;0,978959207288713;0,971472646900399;0,969368579439544;0,966691764388566;0,962841116022835;0,95554695395174;0,947576082328199;NA;NA
2022-11-13;"60+";0;0;0;0;0;0;0;0;0;0;0;0;64;65,2;64;64;65;65;66;67;67;68;69;70;0,982125098531798;0,991143385070377;0,988442843548241;0,98525214299352;0,980533309726504;0,9741827540877;0,972283724929602;0,96980635325599;0,966301568975869;0,96091947808722;0,955081430294405;NA;NA
2022-11-13;"alle";0;0;0;0;0;0;0;0;0;0;0;0;84;85,7;84;84;85;86;87;88;88;89;90;91;NA;NA;NA;NA;NA;NA;NA;NA;NA;NA;NA;NA;NA
2022-11-12;"0-60";2;2,1;2;2;2;2;2;2;2;2;3;3;20;20,4;20;20;20;20;21;21;21;22;22;22;0,971423099143892;0,986317161694509;0,981901700062097;0,976509581437785;0,968347618742515;0,957034925343371;0,953689401216777;0,949307191687301;0,94262870363675;0,930854347400759;0,916051424972485;NA;NA
2022-11-12;"60+";7;7,2;7;7;7;7;7;8;8;8;8;9;64;65,2;64;64;65;65;66;67;67;68;69;70;0,973524015158066;0,987199426945855;0,983069154327379;0,977888941741819;0,970752477788264;0,960787854954469;0,957862969310332;0,954389241073389;0,94868944443916;0,938699947123551;0,927912933348996;NA;NA
2022-11-12;"alle";9;9,2;9;9;9;9;10;10;10;10;10;11;84;85,7;84;84;85;86;87;88;88;89;90;91;NA;NA;NA;NA;NA;NA;NA;NA;NA;NA;NA;NA;NA
2022-11-11;"0-60";4;4,1;4;4;4;4;4;4;4;5;5;5;22;22,4;22;22;22;22;23;23;23;24;24;25;0,973102915182712;0,986854137621654;0,982684801452973;0,977974697069612;0,970594047822695;0,960861194611131;0,95789164078009;0,953903704432978;0,948521359310329;0,938886209641162;0,926977501034644;NA;NA
2022-11-11;"60+";10;10,3;10;10;10;10;11;11;11;11;11;12;67;68,2;67;67;68;68;69;70;70;71;72;73;0,974414777349015;0,987199469832415;0,983274635770568;0,978665649249827;0,972068950571752;0,963432100795462;0,96092187830798;0,9574874832969;0,953244842113736;0,944713135763952;0,935943631973998;NA;NA
2022-11-11;"alle";14;14,4;14;14;14;14;15;15;15;15;16;16;89;90,7;89;89;90;91;92;93;93;94;95;96;NA;NA;NA;NA;NA;NA;NA;NA;NA;NA;NA;NA;NA
2022-11-10;"0-60";7;7,2;7;7;7;7;7;7;8;8;8;8;22;22,4;22;22;22;22;23;23;23;23;24;24;0,978841165251933;0,989623165776162;0,98642414747178;0,982783490038031;0,977093807351771;0,969988081213417;0,967767416550808;0,964595804425369;0,960378262301459;0,95332018565912;0,945578216664466;NA;NA
2022-11-10;"60+";14;14,3;14;14;14;14;15;15;15;15;16;16;72;73,2;72;72;73;73;74;75;75;76;77;78;0,97952748412951;0,989884706357659;0,98658517719917;0,982993820065393;0,977928795431559;0,971208844148089;0,969292683224893;0,967070520438913;0,963658393561619;0,957293413522597;0,95186958121262;NA;NA
2022-11-10;"alle";21;21,4;21;21;21;21;22;22;22;23;23;23;94;95,6;94;94;95;96;97;98;98;99;100;102;NA;NA;NA;NA;NA;NA;NA;NA;NA;NA;NA;NA;NA
2022-11-09;"0-60";0;0;0;0;0;0;0;0;0;0;0;0;22;22,4;22;22;22;22;23;23;23;23;24;24;0,985980427204145;0,993399002746794;0,991288354091941;0,988791311046135;0,985038331807247;0,979874217677217;0,978290297380536;0,976406286426397;0,973662933665951;0,969175900162087;0,963777250187231;NA;NA
2022-11-09;"60+";15;15,2;15;15;15;15;15;16;16;16;16;17;77;78,2;77;77;78;78;79;80;80;81;82;83;0,986322394419597;0,993327196354231;0,991294475880422;0,988954223371224;0,985501621538585;0,980840647464495;0,979560460336712;0,977804739678194;0,975646249452931;0,971585826746562;0,9675218024215;NA;NA
2022-11-09;"alle";15;15,2;15;15;15;15;15;16;16;16;16;17;99;100,5;99;99;100;101;102;102;103;104;105;106,9;NA;NA;NA;NA;NA;NA;NA;NA;NA;NA;NA;NA;NA
2022-11-08;"0-60";7;7,1;7;7;7;7;7;7;7;8;8;8;22;22,4;22;22;22;22;23;23;23;23;24;24;0,985719181132881;0,993062254603033;0,991039815273144;0,988435239289409;0,984714744432801;0,979516990079084;0,977797890983062;0,975664236956756;0,972522577935673;0,966355654766116;0,960460852203289;NA;NA
2022-11-08;"60+";17;17,2;17;17;17;17;17;18;18;18;18;19;62;63;62;62;62;63;64;64;65;65;67;68;0,986376255612647;0,993088454953265;0,991055748013202;0,988680216328958;0,985263080574335;0,980843408220976;0,979459395741891;0,977804587961525;0,975648930272624;0,971735057914863;0,967878557852877;NA;NA
2022-11-08;"alle";24;24,3;24;24;24;24;25;25;25;25;26;26;84;85,3;84;84;85;86;87;87;88;88;90;91;NA;NA;NA;NA;NA;NA;NA;NA;NA;NA;NA;NA;NA
2022-11-07;"0-60";0;0;0;0;0;0;0;0;0;0;0;0;22;22,3;22;22;22;22;23;23;23;23;24;24;0,950384856047689;0,99958506387436;0,997904761222222;0,991106753601665;0,957215474619339;0,824111642296837;0,769519876418615;0,675378786846151;0,545298223355042;0,355898968604157;0,215487115855972;NA;NA
2022-11-07;"60+";1;1;1;1;1;1;1;1;2;2;3;5;81;82,1;81;81;81;82;83;84;84;85;86;88;0,95402822936994;0,99959449277327;0,997983532181684;0,991629084639207;0,960040211486414;0,838024160233719;0,782054909922594;0,701620961952372;0,577424557272648;0,394646486020722;0,250727298373192;NA;NA
2022-11-07;"alle";1;1;1;1;1;1;1;1;2;2;3;5;103;104,4;103;103;104;105;106;106;107;107;109;111;NA;NA;NA;NA;NA;NA;NA;NA;NA;NA;NA;NA;NA
2022-11-06;"0-60";0;0;0;0;0;0;0;0;0;0;0;0;22;22,3;22;22;22;22;23;23;23;23;24;24;0,986876384369803;0,994526861281743;0,992501718651807;0,989986488133566;0,985834577850516;0,979539682680576;0,977481068569723;0,974506855992763;0,96988262729104;0,96114822502706;0,951730260759596;NA;NA
2022-11-06;"60+";0;0;0;0;0;0;0;0;0;0;0;0;80;81;80;80;80;81;82;82;83;83;84;85;0,988093629335066;0,994402189064631;0,992424645809601;0,990171271949934;0,986734035611414;0,981762145286562;0,980244049846642;0,978295994588286;0,975414659993137;0,970026374723672;0,964198656505217;NA;NA
2022-11-06;"alle";0;0;0;0;0;0;0;0;0;0;0;0;102;103,3;102;102;103;103;105;105;105;106;107;108;NA;NA;NA;NA;NA;NA;NA;NA;NA;NA;NA;NA;NA
2022-11-05;"0-60";4;4,1;4;4;4;4;4;4;4;5;5;5;22;22,3;22;22;22;22;23;23;23;23;24;24;0,980039453605355;0,992145694087462;0,989138412344253;0,985107916025133;0,978517129470798;0,968046872942838;0,964552044875606;0,959709794239107;0,951698918175147;0,936816628260588;0,918000696197743;NA;NA
2022-11-05;"60+";10;10,2;10;10;10;10;10;11;11;11;11;12;80;81;80;80;80;81;82;82;83;83;84;85;0,982220997195376;0,991915943243533;0,988988826234321;0,985380712479604;0,979933189109666;0,971988283880905;0,969498704257175;0,966231055432112;0,960934323610505;0,952227593267896;0,939194681548052;NA;NA
2022-11-05;"alle";14;14,3;14;14;14;14;15;15;15;15;16;16;102;103,3;102;102;103;103;105;105;105;106;107;108;NA;NA;NA;NA;NA;NA;NA;NA;NA;NA;NA;NA;NA
2022-11-04;"0-60";4;4,1;4;4;4;4;4;4;4;4;5;5;19;19,3;19;19;19;19;20;20;20;20;21;21;0,98160871531022;0,992772171168108;0,989976820034669;0,986369007069278;0,980451625490439;0,971292595184765;0,968268939842672;0,964002804150179;0,957648409669611;0,945203522139252;0,93197625329302;NA;NA
2022-11-04;"60+";15;15,3;15;15;15;15;16;16;16;16;17;17;86;87;86;86;86;87;88;88;89;89;90;91;0,983077424659781;0,992504966393119;0,989613414415912;0,986348911637882;0,981174266506253;0,974021050652663;0,971875771850193;0,969136220519599;0,964809991261405;0,956876399834736;0,948365174535257;NA;NA
2022-11-04;"alle";19;19,3;19;19;19;19;20;20;20;20;21;21;105;106,2;105;105;105;106;107;108;108;109;110;111;NA;NA;NA;NA;NA;NA;NA;NA;NA;NA;NA;NA;NA
2022-11-03;"0-60";7;7,1;7;7;7;7;7;7;7;8;8;8;24;24,3;24;24;24;24;25;25;25;25;26;26;0,985705215858852;0,994610772751798;0,992377265071253;0,989565120318783;0,984955957249996;0,978128976243281;0,9757683062363;0,972676188008584;0,967883955375316;0,95925882354271;0,948953310360559;NA;NA
2022-11-03;"60+";19;19,3;19;19;19;19;20;20;20;20;21;21;99;100;99;99;99;100;101;101;102;102;103;104;0,986665359613669;0,994260404459259;0,992119381997713;0,989487864060051;0,98554141398324;0,979871535052507;0,978115145268132;0,975856848276585;0,972666127453448;0,966954919827618;0,961130207751041;NA;NA
2022-11-03;"alle";26;26,4;26;26;26;26;27;27;27;27;28;28;123;124,3;123;123;123;124;126;126;126;127;128;129;NA;NA;NA;NA;NA;NA;NA;NA;NA;NA;NA;NA;NA
2022-11-02;"0-60";0;0;0;0;0;0;0;0;0;0;0;0;24;24,2;24;24;24;24;25;25;25;25;26;26;0,990580999921905;0,996712912210734;0,99530969163904;0,993378417891056;0,99024450539007;0,985365310464354;0,983748751652048;0,981665286963359;0,978702300458804;0,973023538710542;0,967071013883464;NA;NA
2022-11-02;"60+";0;0;0;0;0;0;0;0;0;0;0;0;112;112,9;112;112;112;113;114;114;115;115;116;117;0,991250501698964;0,996555244745397;0,995121924530564;0,993370683435916;0,990708004261313;0,98673615418158;0,9855725415679;0,984068487812045;0,982009176294234;0,978516547673091;0,974594543061541;NA;NA
2022-11-02;"alle";0;0;0;0;0;0;0;0;0;0;0;0;136;137,1;136;136;136;137;138;139;139;140;141;142;NA;NA;NA;NA;NA;NA;NA;NA;NA;NA;NA;NA;NA
2022-11-01;"0-60";7;7,1;7;7;7;7;7;7;7;7;8;8;37;37,3;37;37;37;37;38;38;38;38;39;40;0,990131968135984;0,996790307813752;0,995223814572452;0,993238082163818;0,989810340087023;0,984233738259073;0,982241094647762;0,979701603059553;0,975781776967731;0,96863828625827;0,96024533177978;NA;NA
2022-11-01;"60+";36;36,3;36;36;36;36;37;37;37;37;38;38;144;145;144;144;144,5;145;145,5;146;147;147;149;150;0,991375675284719;0,996591331434853;0,995204400128801;0,993416233771271;0,990621960532436;0,986488733552314;0,985351316967385;0,983771287084459;0,981381431064678;0,976926913609334;0,972820070651549;NA;NA
2022-11-01;"alle";43;43,4;43;43;43;43;44;44;44;45;45;45;181;182,3;181;181;182;182;184;184;185;185;187;188;NA;NA;NA;NA;NA;NA;NA;NA;NA;NA;NA;NA;NA
2022-10-31;"0-60";0;0;0;0;0;0;0;0;0;0;0;0;43;43,3;43;43;43;43;44;44;44;44;45;46;0,964666625693568;0,999754045497509;0,998663170070673;0,994280856880933;0,970565291364247;0,873034364895573;0,826747009036529;0,754612737578333;0,642275744299881;0,451956771325646;0,275216281625506;NA;NA
2022-10-31;"60+";0;0;0;0;0;0;0;0;0;0;0;0;168;168,9;168;168;168,9;169;168,9;170;171;171;172;174;0,971256731960696;0,999774770315754;0,998767186717476;0,994815792009488;0,97515075191102;0,892712810050963;0,854710206145507;0,79359203357337;0,694141158512079;0,524640469227578;0,364288011786166;NA;NA
2022-10-31;"alle";0;0;0;0;0;0;0;0;0;0;0;0;211;212,2;211;211;211;212;214;214;214;215;217;218;NA;NA;NA;NA;NA;NA;NA;NA;NA;NA;NA;NA;NA
2022-10-30;"0-60";0;0;0;0;0;0;0;0;0;0;0;0;43;43,3;43;43;43;43;44;44;44;44;45;46;0,990795949593879;0,997654228103065;0,996275503440408;0,994291049021848;0,99048906473062;0,983369851031583;0,981043514369153;0,977838204695367;0,972012947776709;0,96093707263182;0,948994506074698;NA;NA
2022-10-30;"60+";0;0;0;0;0;0;0;0;0;0;0;0;168;168,9;168;168;168,9;169;168,9;170;171;171;172;174;0,992947618108793;0,997622667389313;0,996440531040153;0,994829809988201;0,992070599316159;0,987640940836905;0,986118602072766;0,984013820853865;0,980817392925732;0,974014002634194;0,966188290844785;NA;NA
2022-10-30;"alle";0;0;0;0;0;0;0;0;0;0;0;0;211;212,2;211;211;211;212;214;214;214;215;217;218;NA;NA;NA;NA;NA;NA;NA;NA;NA;NA;NA;NA;NA
2022-10-29;"0-60";1;1;1;1;1;1;1;1;1;1;1;1;43;43,3;43;43;43;43;44;44;44;44;45;46;0,986289362963909;0,99681822578591;0,994775204723031;0,991801733347771;0,98592312583156;0,974709089232747;0,970539641730969;0,96453356699424;0,955249165196964;0,937113757305709;0,914641767311428;NA;NA
2022-10-29;"60+";16;16,2;16;16;16;16;16;17;17;17;17;18;168;168,9;168;168,9;168,9;169;168,9;170;171;173,1;172;174;0,99007752033916;0,996811611981522;0,995215937152248;0,99297529329032;0,988893957658769;0,981923890961726;0,979352373668596;0,975545366945441;0,970403340257285;0,957829713567825;0,941918602027792;NA;NA
2022-10-29;"alle";17;17,2;17;17;17;17;17;18;18;18;18;19;211;212,2;211;211;211;212;214;214;214;215;217;218;NA;NA;NA;NA;NA;NA;NA;NA;NA;NA;NA;NA;NA
2022-10-28;"0-60";9;9,1;9;9;9;9;9;9;9;10;10;10;54;54,4;54;54;54,4;54;54,4;55;55;56;57;57;0,98865206694951;0,997351977584975;0,995720538541365;0,993202779713639;0,988331289978358;0,979345612154155;0,97604480696098;0,971551936327419;0,96480568181214;0,950467412166442;0,934438221583959;NA;NA
2022-10-28;"60+";28;28,2;28;28;28;28;29;29;29;29;30;30;195;195,8;195;195,536470588235;195,8;196;195,8;197;198;201;200;202;0,991574038376995;0,997433674872121;0,996038130615474;0,994157548134418;0,990640450829715;0,985150067490988;0,983103014886077;0,98042602505692;0,976353810995524;0,968002380215104;0,954967899947252;NA;NA
2022-10-28;"alle";37;37,3;37;37;37;37;38;38;38;39;39;40;249;250,2;249;249;249;250;252;252;253;254;255;257;NA;NA;NA;NA;NA;NA;NA;NA;NA;NA;NA;NA;NA
2022-10-27;"0-60";7;7,1;7;7;7;7;7;7;7;7;8;8;64;64,3;64;64;64,3;64;65,7;65;65;66;66;67;0,992019052615138;0,998228846222389;0,997058604597511;0,995282480063941;0,991928608458829;0,985771596010139;0,983487647846207;0,980661024677668;0,976021021715821;0,966870955110286;0,956220651377137;NA;NA
2022-10-27;"60+";32;32,2;32;32;32;32;32;33;33;33;33;34;205;205,6;205;205,451764705882;205,6;206;208,4;207;207;210,4;209;211;0,994054865019347;0,998319017240945;0,997383624197215;0,996018151465686;0,993703885983761;0,989900047852164;0,988460301661101;0,986549340440915;0,983623790970334;0,978274579842319;0,971567346479401;NA;NA
2022-10-27;"alle";39;39,2;39;39;39;39;40;40;40;40;41;41;269;269,9;269;269;269,9;270;269,9;272;272;273;275;277;NA;NA;NA;NA;NA;NA;NA;NA;NA;NA;NA;NA;NA
2022-10-26;"0-60";13;13,1;13;13;13;13;13;13;13;13;14;14;72;72,2;72;72;72,2;72;73,8;73;73;73;74;75;0,995205678827682;0,999031925856194;0,998314943368624;0,997249319715147;0,995176901706945;0,991480403278734;0,990290113417004;0,98864020847057;0,985826088771972;0,980768596558133;0,975547274202834;NA;NA
2022-10-26;"60+";32;32,1;32;32;32;32;32;32;32;33;33;33;231;231,5;231;231,5;231,5;231;231,5;232;233;234,5;235;236;0,996504456126212;0,999153490100537;0,998638368840995;0,997866308064806;0,996421845705732;0,994161131728631;0,993323526898882;0,992304735579383;0,990731409609377;0,987711602185954;0,984759770563559;NA;NA
2022-10-26;"alle";45;45,2;45;45;45;45;45;46;46;46;46;47;303;303,7;303;303;303,7;304;303,7;305;306;306;308;310;NA;NA;NA;NA;NA;NA;NA;NA;NA;NA;NA;NA;NA
2022-10-25;"0-60";13;13,1;13;13;13;13;13;13;13;13;14;14;76;76,2;76;76,2;76,2;76;76,2;77;77;77,8;78;78;0,994953170335725;0,999141512232319;0,998383782285378;0,997276292242573;0,994971694824503;0,990683206461943;0,989155562350633;0,986705167855852;0,983443594728047;0,976471909681955;0,968516855446295;NA;NA
2022-10-25;"60+";60;60,2;60;60;60;60;60;61;61;61;61;62;253;253,3;253;253,3;253,3;253;254,7;254;255;256,7;256;258;0,996763600857577;0,999364756129955;0,998907802770596;0,998183595291229;0,996732577801272;0,994033508733443;0,99306021232954;0,991764255576251;0,98974787990952;0,985745546890108;0,981037042646859;NA;NA
2022-10-25;"alle";73;73,3;73;73;73;73;74;74;74;74;75;75;329;329,5;329;329;329,5;330;329,5;331;331;332;333;335;NA;NA;NA;NA;NA;NA;NA;NA;NA;NA;NA;NA;NA
2022-10-24;"0-60";0;0;0;0;0;0;0;0;0;0;0;0;89;89,1;89;89,1;89,1;89;89,1;89;90;90,9;90;91;0,98177142503915;0,999902976104775;0,999447865078541;0,997441615140905;0,985646277769861;0,932593321592983;0,904778665690884;0,860263403874991;0,787210091668032;0,627373299022323;0,440053783529544;NA;NA
2022-10-24;"60+";0;0;0;0;0;0;0;0;0;0;0;0;301;301,1;301;301,1;301,1;301;301,1;302;302;302,9;303;305;0,989900942370327;0,999943665100519;0,999685220206836;0,998529325406966;0,992353113610428;0,960690147967602;0,942919148613038;0,918857772605298;0,866002624534379;0,748844545044905;0,591262393605086;NA;NA
2022-10-24;"alle";0;0;0;0;0;0;0;0;0;0;0;0;390;390,3;390;390,06;390,3;390;391,7;391;391;393,7;393;395;NA;NA;NA;NA;NA;NA;NA;NA;NA;NA;NA;NA;NA
2022-10-23;"0-60";0;0;0;0;0;0;0;0;0;0;0;0;89;89,1;89,1;89,1;89,1;89;89,1;89;90;90,9;90;92,9;0,995570373394846;0,999503732822605;0,998937450831395;0,997931220361737;0,995583282915168;0,990515830225037;0,988533688994748;0,985721092273522;0,98089284610597;0,971631811682666;0,960322050376175;NA;NA
2022-10-23;"60+";0;0;0;0;0;0;0;0;0;0;0;0;301;301,1;301,065;301,1;301,1;301;301,1;302;302;302,9;303;308,9;0,997851602517667;0,999808260153106;0,999555869508675;0,999074885225466;0,997835020169602;0,994868571102641;0,993780133906941;0,991828712646477;0,988916487835655;0,98240838021836;0,972849629691836;NA;NA
2022-10-23;"alle";0;0;0;0;0;0;0;0;0;0;0;0;390;390,3;390;390,3;390,3;390;391,7;391;391;393,7;393;395;NA;NA;NA;NA;NA;NA;NA;NA;NA;NA;NA;NA;NA
2022-10-22;"0-60";12;12,1;12;12;12;12;12;12;12;13;13;13;89;89,1;89,1;89,1;89,1;89;89,1;89;90;90,9;90;92,9;0,994084049014315;0,99945998497107;0,998753186007475;0,997394051588638;0,994232417175148;0,986476106738157;0,983415014575965;0,978921739633535;0,971481272871222;0,956433643391401;0,937181575013902;NA;NA
2022-10-22;"60+";43;43,1;43;43;43;43;43;43;44;44;45;46;301;301,1;301,1;301,1;301,1;301;301,1;302;302;302,9;303;308,9;0,997516702357334;0,999864319984303;0,999610855359685;0,999084154760278;0,997550374176858;0,993261160625721;0,991329764922105;0,988393442431562;0,983021756071114;0,971301313181696;0,953705246484535;NA;NA
2022-10-22;"alle";55;55,2;55;55;55;55;56;56;56;56;57;58;390;390,3;390;390,3;390,3;390;391,7;391;391;393,7;393;395;NA;NA;NA;NA;NA;NA;NA;NA;NA;NA;NA;NA;NA
2022-10-21;"0-60";19;19;19;19;19;19;19;19;19;19;20;20;87;87;87;87;87;87;87;87;87;87;88;89;0,997485128718071;0,999794841146025;0,999517098566639;0,998963766491864;0,997567500332283;0,994116131285362;0,992637101809762;0,990552491101091;0,987013871257522;0,979290267862666;0,969431903135678;19;87
2022-10-21;"60+";38;38;38;38;38;38;38;38;38;38;39;39;305;305;305;305;305;305;305;305;305;305;306;307;0,9990307218112;0,999961584000714;0,999878007396788;0,999677829306485;0,999050189528974;0,997166499177584;0,996244234668245;0,994872329709856;0,992387758854953;0,986403971900536;0,977518978663024;38;305
2022-10-21;"alle";57;57,1;57;57;57;57;57;57;58;58;58;59;392;392,1;392,05;392,1;392,1;392;392,1;392;393;393,9;393;395,9;NA;NA;NA;NA;NA;NA;NA;NA;NA;NA;NA;57;392
2022-10-20;"0-60";15;15;15;15;15;15;15;15;15;15;15;15;76;76;76;76;76;76;76;76;76;76;76;76;1;1;1;1;1;1;1;1;1;1;1;15;76
2022-10-20;"60+";58;58;58;58;58;58;58;58;58;58;58;58;316;316;316;316;316;316;316;316;316;316;316;316;1;1;1;1;1;1;1;1;1;1;1;58;316
2022-10-20;"alle";73;73;73;73;73;73;73;73;73;73;73;73;392;392;392;392;392;392;392;392;392;392;392;392;1;1;1;1;1;1;1;1;1;1;1;73;392
2022-10-19;"0-60";17;17;17;17;17;17;17;17;17;17;17;17;77;77;77;77;77;77;77;77;77;77;77;77;1;1;1;1;1;1;1;1;1;1;1;17;77
2022-10-19;"60+";54;54;54;54;54;54;54;54;54;54;54;54;302;302;302;302;302;302;302;302;302;302;302;302;1;1;1;1;1;1;1;1;1;1;1;54;302
2022-10-19;"alle";71;71;71;71;71;71;71;71;71;71;71;71;379;379;379;379;379;379;379;379;379;379;379;379;1;1;1;1;1;1;1;1;1;1;1;71;379
2022-10-18;"0-60";26;26;26;26;26;26;26;26;26;26;26;26;85;85;85;85;85;85;85;85;85;85;85;85;1;1;1;1;1;1;1;1;1;1;1;26;85
2022-10-18;"60+";108;108;108;108;108;108;108;108;108;108;108;108;299;299;299;299;299;299;299;299;299;299;299;299;1;1;1;1;1;1;1;1;1;1;1;108;299
2022-10-18;"alle";134;134;134;134;134;134;134;134;134;134;134;134;384;384;384;384;384;384;384;384;384;384;384;384;1;1;1;1;1;1;1;1;1;1;1;134;384
2022-10-17;"0-60";0;0;0;0;0;0;0;0;0;0;0;0;91;91;91;91;91;91;91;91;91;91;91;91;1;1;1;1;1;1;1;1;1;1;1;0;91
2022-10-17;"60+";0;0;0;0;0;0;0;0;0;0;0;0;301;301;301;301;301;301;301;301;301;301;301;301;1;1;1;1;1;1;1;1;1;1;1;0;301
2022-10-17;"alle";0;0;0;0;0;0;0;0;0;0;0;0;392;392;392;392;392;392;392;392;392;392;392;392;1;1;1;1;1;1;1;1;1;1;1;0;392
2022-10-16;"0-60";0;0;0;0;0;0;0;0;0;0;0;0;91;91;91;91;91;91;91;91;91;91;91;91;1;1;1;1;1;1;1;1;1;1;1;0;91
2022-10-16;"60+";0;0;0;0;0;0;0;0;0;0;0;0;301;301;301;301;301;301;301;301;301;301;301;301;1;1;1;1;1;1;1;1;1;1;1;0;301
2022-10-16;"alle";0;0;0;0;0;0;0;0;0;0;0;0;392;392;392;392;392;392;392;392;392;392;392;392;1;1;1;1;1;1;1;1;1;1;1;0;392
2022-10-15;"0-60";10;10;10;10;10;10;10;10;10;10;10;10;91;91;91;91;91;91;91;91;91;91;91;91;1;1;1;1;1;1;1;1;1;1;1;10;91
2022-10-15;"60+";47;47;47;47;47;47;47;47;47;47;47;47;301;301;301;301;301;301;301;301;301;301;301;301;1;1;1;1;1;1;1;1;1;1;1;47;301
2022-10-15;"alle";57;57;57;57;57;57;57;57;57;57;57;57;392;392;392;392;392;392;392;392;392;392;392;392;1;1;1;1;1;1;1;1;1;1;1;57;392
2022-10-14;"0-60";8;8;8;8;8;8;8;8;8;8;8;8;95;95;95;95;95;95;95;95;95;95;95;95;1;1;1;1;1;1;1;1;1;1;1;8;95
2022-10-14;"60+";49;49;49;49;49;49;49;49;49;49;49;49;288;288;288;288;288;288;288;288;288;288;288;288;1;1;1;1;1;1;1;1;1;1;1;49;288
2022-10-14;"alle";57;57;57;57;57;57;57;57;57;57;57;57;383;383;383;383;383;383;383;383;383;383;383;383;1;1;1;1;1;1;1;1;1;1;1;57;383
2022-10-13;"0-60";16;16;16;16;16;16;16;16;16;16;16;16;119;119;119;119;119;119;119;119;119;119;119;119;1;1;1;1;1;1;1;1;1;1;1;16;119
2022-10-13;"60+";44;44;44;44;44;44;44;44;44;44;44;44;294;294;294;294;294;294;294;294;294;294;294;294;1;1;1;1;1;1;1;1;1;1;1;44;294
2022-10-13;"alle";60;60;60;60;60;60;60;60;60;60;60;60;413;413;413;413;413;413;413;413;413;413;413;413;1;1;1;1;1;1;1;1;1;1;1;60;413
2022-10-12;"0-60";25;25;25;25;25;25;25;25;25;25;25;25;147;147;147;147;147;147;147;147;147;147;147;147;1;1;1;1;1;1;1;1;1;1;1;25;147
2022-10-12;"60+";51;51;51;51;51;51;51;51;51;51;51;51;342;342;342;342;342;342;342;342;342;342;342;342;1;1;1;1;1;1;1;1;1;1;1;51;341
2022-10-12;"alle";76;76;76;76;76;76;76;76;76;76;76;76;489;489;489;489;489;489;489;489;489;489;489;489;1;1;1;1;1;1;1;1;1;1;1;76;488
2022-10-11;"0-60";32;32;32;32;32;32;32;32;32;32;32;32;174;174;174;174;174;174;174;174;174;174;174;174;1;1;1;1;1;1;1;1;1;1;1;32;174
2022-10-11;"60+";110;110;110;110;110;110;110;110;110;110;110;110;410;410;410;410;410;410;410;410;410;410;410;410;1;1;1;1;1;1;1;1;1;1;1;110;409
2022-10-11;"alle";142;142;142;142;142;142;142;142;142;142;142;142;584;584;584;584;584;584;584;584;584;584;584;584;1;1;1;1;1;1;1;1;1;1;1;142;583
2022-10-10;"0-60";0;0;0;0;0;0;0;0;0;0;0;0;142;142;142;142;142;142;142;142;142;142;142;142;1;1;1;1;1;1;1;1;1;1;1;0;142
2022-10-10;"60+";0;0;0;0;0;0;0;0;0;0;0;0;300;300;300;300;300;300;300;300;300;300;300;300;1;1;1;1;1;1;1;1;1;1;1;0;299
2022-10-10;"alle";0;0;0;0;0;0;0;0;0;0;0;0;442;442;442;442;442;442;442;442;442;442;442;442;1;1;1;1;1;1;1;1;1;1;1;0;441
2022-10-09;"0-60";0;0;0;0;0;0;0;0;0;0;0;0;142;142;142;142;142;142;142;142;142;142;142;142;1;1;1;1;1;1;1;1;1;1;1;0;142
2022-10-09;"60+";0;0;0;0;0;0;0;0;0;0;0;0;300;300;300;300;300;300;300;300;300;300;300;300;1;1;1;1;1;1;1;1;1;1;1;0;299
2022-10-09;"alle";0;0;0;0;0;0;0;0;0;0;0;0;442;442;442;442;442;442;442;442;442;442;442;442;1;1;1;1;1;1;1;1;1;1;1;0;441
2022-10-08;"0-60";14;14;14;14;14;14;14;14;14;14;14;14;142;142;142;142;142;142;142;142;142;142;142;142;1;1;1;1;1;1;1;1;1;1;1;14;142
2022-10-08;"60+";34;34;34;34;34;34;34;34;34;34;34;34;300;300;300;300;300;300;300;300;300;300;300;300;1;1;1;1;1;1;1;1;1;1;1;34;299
2022-10-08;"alle";48;48;48;48;48;48;48;48;48;48;48;48;442;442;442;442;442;442;442;442;442;442;442;442;1;1;1;1;1;1;1;1;1;1;1;48;441
2022-10-07;"0-60";32;32;32;32;32;32;32;32;32;32;32;32;146;146;146;146;146;146;146;146;146;146;146;146;1;1;1;1;1;1;1;1;1;1;1;32;146
2022-10-07;"60+";55;55;55;55;55;55;55;55;55;55;55;55;297;297;297;297;297;297;297;297;297;297;297;297;1;1;1;1;1;1;1;1;1;1;1;55;296
2022-10-07;"alle";87;87;87;87;87;87;87;87;87;87;87;87;443;443;443;443;443;443;443;443;443;443;443;443;1;1;1;1;1;1;1;1;1;1;1;87;442
2022-10-06;"0-60";44;44;44;44;44;44;44;44;44;44;44;44;125;125;125;125;125;125;125;125;125;125;125;125;1;1;1;1;1;1;1;1;1;1;1;44;125
2022-10-06;"60+";92;92;92;92;92;92;92;92;92;92;92;92;279;279;279;279;279;279;279;279;279;279;279;279;1;1;1;1;1;1;1;1;1;1;1;91;278
2022-10-06;"alle";136;136;136;136;136;136;136;136;136;136;136;136;404;404;404;404;404;404;404;404;404;404;404;404;1;1;1;1;1;1;1;1;1;1;1;135;403
2022-10-05;"0-60";52;52;52;52;52;52;52;52;52;52;52;52;101;101;101;101;101;101;101;101;101;101;101;101;1;1;1;1;1;1;1;1;1;1;1;52;101
2022-10-05;"60+";119;119;119;119;119;119;119;119;119;119;119;119;226;226;226;226;226;226;226;226;226;226;226;226;1;1;1;1;1;1;1;1;1;1;1;119;226
2022-10-05;"alle";171;171;171;171;171;171;171;171;171;171;171;171;327;327;327;327;327;327;327;327;327;327;327;327;1;1;1;1;1;1;1;1;1;1;1;171;327
2022-10-04;"0-60";0;0;0;0;0;0;0;0;0;0;0;0;63;63;63;63;63;63;63;63;63;63;63;63;1;1;1;1;1;1;1;1;1;1;1;0;63
2022-10-04;"60+";0;0;0;0;0;0;0;0;0;0;0;0;137;137;137;137;137;137;137;137;137;137;137;137;1;1;1;1;1;1;1;1;1;1;1;0;137
2022-10-04;"alle";0;0;0;0;0;0;0;0;0;0;0;0;200;200;200;200;200;200;200;200;200;200;200;200;1;1;1;1;1;1;1;1;1;1;1;0;200
2022-10-03;"0-60";0;0;0;0;0;0;0;0;0;0;0;0;88;88;88;88;88;88;88;88;88;88;88;88;1;1;1;1;1;1;1;1;1;1;1;0;88
2022-10-03;"60+";0;0;0;0;0;0;0;0;0;0;0;0;179;179;179;179;179;179;179;179;179;179;179;179;1;1;1;1;1;1;1;1;1;1;1;0;178
2022-10-03;"alle";0;0;0;0;0;0;0;0;0;0;0;0;267;267;267;267;267;267;267;267;267;267;267;267;NA;NA;NA;NA;NA;NA;NA;NA;NA;NA;NA;0;266
2022-10-02;"0-60";0;0;0;0;0;0;0;0;0;0;0;0;88;88;88;88;88;88;88;88;88;88;88;88;1;1;1;1;1;1;1;1;1;1;1;0;88
2022-10-02;"60+";0;0;0;0;0;0;0;0;0;0;0;0;179;179;179;179;179;179;179;179;179;179;179;179;1;1;1;1;1;1;1;1;1;1;1;0;178
2022-10-02;"alle";0;0;0;0;0;0;0;0;0;0;0;0;267;267;267;267;267;267;267;267;267;267;267;267;NA;NA;NA;NA;NA;NA;NA;NA;NA;NA;NA;0;266
2022-10-01;"0-60";18;18;18;18;18;18;18;18;18;18;18;18;88;88;88;88;88;88;88;88;88;88;88;88;1;1;1;1;1;1;1;1;1;1;1;18;88
2022-10-01;"60+";31;31;31;31;31;31;31;31;31;31;31;31;179;179;179;179;179;179;179;179;179;179;179;179;1;1;1;1;1;1;1;1;1;1;1;31;178
2022-10-01;"alle";49;49;49;49;49;49;49;49;49;49;49;49;267;267;267;267;267;267;267;267;267;267;267;267;NA;NA;NA;NA;NA;NA;NA;NA;NA;NA;NA;49;266
2022-09-30;"0-60";11;11;11;11;11;11;11;11;11;11;11;11;81;81;81;81;81;81;81;81;81;81;81;81;1;1;1;1;1;1;1;1;1;1;1;11;81
2022-09-30;"60+";37;37;37;37;37;37;37;37;37;37;37;37;165;165;165;165;165;165;165;165;165;165;165;165;1;1;1;1;1;1;1;1;1;1;1;37;164
2022-09-30;"alle";48;48;48;48;48;48;48;48;48;48;48;48;246;246;246;246;246;246;246;246;246;246;246;246;NA;NA;NA;NA;NA;NA;NA;NA;NA;NA;NA;48;245
2022-09-29;"0-60";20;20;20;20;20;20;20;20;20;20;20;20;77;77;77;77;77;77;77;77;77;77;77;77;1;1;1;1;1;1;1;1;1;1;1;20;77
2022-09-29;"60+";39;39;39;39;39;39;39;39;39;39;39;39;152;152;152;152;152;152;152;152;152;152;152;152;1;1;1;1;1;1;1;1;1;1;1;39;150
2022-09-29;"alle";59;59;59;59;59;59;59;59;59;59;59;59;229;229;229;229;229;229;229;229;229;229;229;229;NA;NA;NA;NA;NA;NA;NA;NA;NA;NA;NA;59;227
2022-09-28;"0-60";14;14;14;14;14;14;14;14;14;14;14;14;67;67;67;67;67;67;67;67;67;67;67;67;1;1;1;1;1;1;1;1;1;1;1;14;67
2022-09-28;"60+";30;30;30;30;30;30;30;30;30;30;30;30;130;130;130;130;130;130;130;130;130;130;130;130;1;1;1;1;1;1;1;1;1;1;1;30;128
2022-09-28;"alle";44;44;44;44;44;44;44;44;44;44;44;44;197;197;197;197;197;197;197;197;197;197;197;197;NA;NA;NA;NA;NA;NA;NA;NA;NA;NA;NA;44;195
2022-09-27;"0-60";25;25;25;25;25;25;25;25;25;25;25;25;57;57;57;57;57;57;57;57;57;57;57;57;1;1;1;1;1;1;1;1;1;1;1;25;57
2022-09-27;"60+";42;42;42;42;42;42;42;42;42;42;42;42;124;124;124;124;124;124;124;124;124;124;124;124;1;1;1;1;1;1;1;1;1;1;1;41;122
2022-09-27;"alle";67;67;67;67;67;67;67;67;67;67;67;67;181;181;181;181;181;181;181;181;181;181;181;181;NA;NA;NA;NA;NA;NA;NA;NA;NA;NA;NA;66;179
2022-09-26;"0-60";0;0;0;0;0;0;0;0;0;0;0;0;40;40;40;40;40;40;40;40;40;40;40;40;1;1;1;1;1;1;1;1;1;1;1;0;40
2022-09-26;"60+";0;0;0;0;0;0;0;0;0;0;0;0;113;113;113;113;113;113;113;113;113;113;113;113;1;1;1;1;1;1;1;1;1;1;1;0;111
2022-09-26;"alle";0;0;0;0;0;0;0;0;0;0;0;0;153;153;153;153;153;153;153;153;153;153;153;153;NA;NA;NA;NA;NA;NA;NA;NA;NA;NA;NA;0;151
2022-09-25;"0-60";0;0;0;0;0;0;0;0;0;0;0;0;40;40;40;40;40;40;40;40;40;40;40;40;1;1;1;1;1;1;1;1;1;1;1;0;40
2022-09-25;"60+";0;0;0;0;0;0;0;0;0;0;0;0;113;113;113;113;113;113;113;113;113;113;113;113;1;1;1;1;1;1;1;1;1;1;1;0;111
2022-09-25;"alle";0;0;0;0;0;0;0;0;0;0;0;0;153;153;153;153;153;153;153;153;153;153;153;153;NA;NA;NA;NA;NA;NA;NA;NA;NA;NA;NA;0;151
2022-09-24;"0-60";11;11;11;11;11;11;11;11;11;11;11;11;40;40;40;40;40;40;40;40;40;40;40;40;1;1;1;1;1;1;1;1;1;1;1;11;40
2022-09-24;"60+";17;17;17;17;17;17;17;17;17;17;17;17;113;113;113;113;113;113;113;113;113;113;113;113;1;1;1;1;1;1;1;1;1;1;1;17;111
2022-09-24;"alle";28;28;28;28;28;28;28;28;28;28;28;28;153;153;153;153;153;153;153;153;153;153;153;153;NA;NA;NA;NA;NA;NA;NA;NA;NA;NA;NA;28;151
2022-09-23;"0-60";7;7;7;7;7;7;7;7;7;7;7;7;32;32;32;32;32;32;32;32;32;32;32;32;1;1;1;1;1;1;1;1;1;1;1;7;32
2022-09-23;"60+";24;24;24;24;24;24;24;24;24;24;24;24;101;101;101;101;101;101;101;101;101;101;101;101;1;1;1;1;1;1;1;1;1;1;1;23;99
2022-09-23;"alle";31;31;31;31;31;31;31;31;31;31;31;31;133;133;133;133;133;133;133;133;133;133;133;133;NA;NA;NA;NA;NA;NA;NA;NA;NA;NA;NA;30;131
2022-09-22;"0-60";10;10;10;10;10;10;10;10;10;10;10;10;29;29;29;29;29;29;29;29;29;29;29;29;1;1;1;1;1;1;1;1;1;1;1;10;29
2022-09-22;"60+";17;17;17;17;17;17;17;17;17;17;17;17;86;86;86;86;86;86;86;86;86;86;86;86;1;1;1;1;1;1;1;1;1;1;1;17;85
2022-09-22;"alle";27;27;27;27;27;27;27;27;27;27;27;27;115;115;115;115;115;115;115;115;115;115;115;115;NA;NA;NA;NA;NA;NA;NA;NA;NA;NA;NA;27;114
2022-09-21;"0-60";4;4;4;4;4;4;4;4;4;4;4;4;23;23;23;23;23;23;23;23;23;23;23;23;1;1;1;1;1;1;1;1;1;1;1;4;23
2022-09-21;"60+";24;24;24;24;24;24;24;24;24;24;24;24;76;76;76;76;76;76;76;76;76;76;76;76;1;1;1;1;1;1;1;1;1;1;1;24;75
2022-09-21;"alle";28;28;28;28;28;28;28;28;28;28;28;28;99;99;99;99;99;99;99;99;99;99;99;99;NA;NA;NA;NA;NA;NA;NA;NA;NA;NA;NA;28;98
2022-09-20;"0-60";8;8;8;8;8;8;8;8;8;8;8;8;23;23;23;23;23;23;23;23;23;23;23;23;1;1;1;1;1;1;1;1;1;1;1;8;23
2022-09-20;"60+";31;31;31;31;31;31;31;31;31;31;31;31;65;65;65;65;65;65;65;65;65;65;65;65;1;1;1;1;1;1;1;1;1;1;1;30;64
2022-09-20;"alle";39;39;39;39;39;39;39;39;39;39;39;39;88;88;88;88;88;88;88;88;88;88;88;88;NA;NA;NA;NA;NA;NA;NA;NA;NA;NA;NA;38;87
2022-09-19;"0-60";0;0;0;0;0;0;0;0;0;0;0;0;23;23;23;23;23;23;23;23;23;23;23;23;1;1;1;1;1;1;1;1;1;1;1;0;23
2022-09-19;"60+";0;0;0;0;0;0;0;0;0;0;0;0;49;49;49;49;49;49;49;49;49;49;49;49;1;1;1;1;1;1;1;1;1;1;1;0;49
2022-09-19;"alle";0;0;0;0;0;0;0;0;0;0;0;0;72;72;72;72;72;72;72;72;72;72;72;72;NA;NA;NA;NA;NA;NA;NA;NA;NA;NA;NA;0;72
2022-09-18;"0-60";0;0;0;0;0;0;0;0;0;0;0;0;23;23;23;23;23;23;23;23;23;23;23;23;1;1;1;1;1;1;1;1;1;1;1;0;23
2022-09-18;"60+";0;0;0;0;0;0;0;0;0;0;0;0;49;49;49;49;49;49;49;49;49;49;49;49;1;1;1;1;1;1;1;1;1;1;1;0;49
2022-09-18;"alle";0;0;0;0;0;0;0;0;0;0;0;0;72;72;72;72;72;72;72;72;72;72;72;72;NA;NA;NA;NA;NA;NA;NA;NA;NA;NA;NA;0;72
2022-09-17;"0-60";3;3;3;3;3;3;3;3;3;3;3;3;23;23;23;23;23;23;23;23;23;23;23;23;1;1;1;1;1;1;1;1;1;1;1;3;23
2022-09-17;"60+";5;5;5;5;5;5;5;5;5;5;5;5;49;49;49;49;49;49;49;49;49;49;49;49;1;1;1;1;1;1;1;1;1;1;1;5;49
2022-09-17;"alle";8;8;8;8;8;8;8;8;8;8;8;8;72;72;72;72;72;72;72;72;72;72;72;72;NA;NA;NA;NA;NA;NA;NA;NA;NA;NA;NA;8;72
2022-09-16;"0-60";4;4;4;4;4;4;4;4;4;4;4;4;23;23;23;23;23;23;23;23;23;23;23;23;1;1;1;1;1;1;1;1;1;1;1;4;23
2022-09-16;"60+";9;9;9;9;9;9;9;9;9;9;9;9;53;53;53;53;53;53;53;53;53;53;53;53;1;1;1;1;1;1;1;1;1;1;1;9;53
2022-09-16;"alle";13;13;13;13;13;13;13;13;13;13;13;13;76;76;76;76;76;76;76;76;76;76;76;76;NA;NA;NA;NA;NA;NA;NA;NA;NA;NA;NA;13;76
2022-09-15;"0-60";4;4;4;4;4;4;4;4;4;4;4;4;22;22;22;22;22;22;22;22;22;22;22;22;1;1;1;1;1;1;1;1;1;1;1;4;22
2022-09-15;"60+";7;7;7;7;7;7;7;7;7;7;7;7;47;47;47;47;47;47;47;47;47;47;47;47;1;1;1;1;1;1;1;1;1;1;1;7;47
2022-09-15;"alle";11;11;11;11;11;11;11;11;11;11;11;11;69;69;69;69;69;69;69;69;69;69;69;69;NA;NA;NA;NA;NA;NA;NA;NA;NA;NA;NA;11;69
2022-09-14;"0-60";4;4;4;4;4;4;4;4;4;4;4;4;21;21;21;21;21;21;21;21;21;21;21;21;1;1;1;1;1;1;1;1;1;1;1;4;21
2022-09-14;"60+";13;13;13;13;13;13;13;13;13;13;13;13;46;46;46;46;46;46;46;46;46;46;46;46;1;1;1;1;1;1;1;1;1;1;1;13;46
2022-09-14;"alle";17;17;17;17;17;17;17;17;17;17;17;17;67;67;67;67;67;67;67;67;67;67;67;67;NA;NA;NA;NA;NA;NA;NA;NA;NA;NA;NA;17;67
2022-09-13;"0-60";8;8;8;8;8;8;8;8;8;8;8;8;21;21;21;21;21;21;21;21;21;21;21;21;1;1;1;1;1;1;1;1;1;1;1;8;21
2022-09-13;"60+";15;15;15;15;15;15;15;15;15;15;15;15;39;39;39;39;39;39;39;39;39;39;39;39;1;1;1;1;1;1;1;1;1;1;1;15;39
2022-09-13;"alle";23;23;23;23;23;23;23;23;23;23;23;23;60;60;60;60;60;60;60;60;60;60;60;60;NA;NA;NA;NA;NA;NA;NA;NA;NA;NA;NA;23;60
2022-09-12;"0-60";0;0;0;0;0;0;0;0;0;0;0;0;24;24;24;24;24;24;24;24;24;24;24;24;1;1;1;1;1;1;1;1;1;1;1;0;24
2022-09-12;"60+";0;0;0;0;0;0;0;0;0;0;0;0;40;40;40;40;40;40;40;40;40;40;40;40;1;1;1;1;1;1;1;1;1;1;1;0;40
2022-09-12;"alle";0;0;0;0;0;0;0;0;0;0;0;0;64;64;64;64;64;64;64;64;64;64;64;64;NA;NA;NA;NA;NA;NA;NA;NA;NA;NA;NA;0;64
2022-09-11;"0-60";0;0;0;0;0;0;0;0;0;0;0;0;24;24;24;24;24;24;24;24;24;24;24;24;1;1;1;1;1;1;1;1;1;1;1;0;24
2022-09-11;"60+";0;0;0;0;0;0;0;0;0;0;0;0;40;40;40;40;40;40;40;40;40;40;40;40;1;1;1;1;1;1;1;1;1;1;1;0;40
2022-09-11;"alle";0;0;0;0;0;0;0;0;0;0;0;0;64;64;64;64;64;64;64;64;64;64;64;64;NA;NA;NA;NA;NA;NA;NA;NA;NA;NA;NA;0;64
2022-09-10;"0-60";3;3;3;3;3;3;3;3;3;3;3;3;24;24;24;24;24;24;24;24;24;24;24;24;1;1;1;1;1;1;1;1;1;1;1;3;24
2022-09-10;"60+";9;9;9;9;9;9;9;9;9;9;9;9;40;40;40;40;40;40;40;40;40;40;40;40;1;1;1;1;1;1;1;1;1;1;1;9;40
2022-09-10;"alle";12;12;12;12;12;12;12;12;12;12;12;12;64;64;64;64;64;64;64;64;64;64;64;64;NA;NA;NA;NA;NA;NA;NA;NA;NA;NA;NA;12;64
2022-09-09;"0-60";3;3;3;3;3;3;3;3;3;3;3;3;25;25;25;25;25;25;25;25;25;25;25;25;1;1;1;1;1;1;1;1;1;1;1;3;25
2022-09-09;"60+";3;3;3;3;3;3;3;3;3;3;3;3;38;38;38;38;38;38;38;38;38;38;38;38;1;1;1;1;1;1;1;1;1;1;1;3;37
2022-09-09;"alle";6;6;6;6;6;6;6;6;6;6;6;6;63;63;63;63;63;63;63;63;63;63;63;63;NA;NA;NA;NA;NA;NA;NA;NA;NA;NA;NA;6;62
2022-09-08;"0-60";3;3;3;3;3;3;3;3;3;3;3;3;25;25;25;25;25;25;25;25;25;25;25;25;1;1;1;1;1;1;1;1;1;1;1;3;25
2022-09-08;"60+";6;6;6;6;6;6;6;6;6;6;6;6;38;38;38;38;38;38;38;38;38;38;38;38;1;1;1;1;1;1;1;1;1;1;1;6;37
2022-09-08;"alle";9;9;9;9;9;9;9;9;9;9;9;9;63;63;63;63;63;63;63;63;63;63;63;63;NA;NA;NA;NA;NA;NA;NA;NA;NA;NA;NA;9;62
2022-09-07;"0-60";4;4;4;4;4;4;4;4;4;4;4;4;23;23;23;23;23;23;23;23;23;23;23;23;1;1;1;1;1;1;1;1;1;1;1;4;23
2022-09-07;"60+";6;6;6;6;6;6;6;6;6;6;6;6;39;39;39;39;39;39;39;39;39;39;39;39;1;1;1;1;1;1;1;1;1;1;1;6;38
2022-09-07;"alle";10;10;10;10;10;10;10;10;10;10;10;10;62;62;62;62;62;62;62;62;62;62;62;62;NA;NA;NA;NA;NA;NA;NA;NA;NA;NA;NA;10;61
2022-09-06;"0-60";11;11;11;11;11;11;11;11;11;11;11;11;26;26;26;26;26;26;26;26;26;26;26;26;1;1;1;1;1;1;1;1;1;1;1;11;26
2022-09-06;"60+";16;16;16;16;16;16;16;16;16;16;16;16;41;41;41;41;41;41;41;41;41;41;41;41;1;1;1;1;1;1;1;1;1;1;1;16;39
2022-09-06;"alle";27;27;27;27;27;27;27;27;27;27;27;27;67;67;67;67;67;67;67;67;67;67;67;67;NA;NA;NA;NA;NA;NA;NA;NA;NA;NA;NA;27;65
2022-09-05;"0-60";0;0;0;0;0;0;0;0;0;0;0;0;21;21;21;21;21;21;21;21;21;21;21;21;1;1;1;1;1;1;1;1;1;1;1;0;21
2022-09-05;"60+";0;0;0;0;0;0;0;0;0;0;0;0;36;36;36;36;36;36;36;36;36;36;36;36;1;1;1;1;1;1;1;1;1;1;1;0;34
2022-09-05;"alle";0;0;0;0;0;0;0;0;0;0;0;0;57;57;57;57;57;57;57;57;57;57;57;57;NA;NA;NA;NA;NA;NA;NA;NA;NA;NA;NA;0;56
2022-09-04;"0-60";0;0;0;0;0;0;0;0;0;0;0;0;21;21;21;21;21;21;21;21;21;21;21;21;1;1;1;1;1;1;1;1;1;1;1;0;21
2022-09-04;"60+";0;0;0;0;0;0;0;0;0;0;0;0;36;36;36;36;36;36;36;36;36;36;36;36;1;1;1;1;1;1;1;1;1;1;1;0;34
2022-09-04;"alle";0;0;0;0;0;0;0;0;0;0;0;0;57;57;57;57;57;57;57;57;57;57;57;57;NA;NA;NA;NA;NA;NA;NA;NA;NA;NA;NA;0;56
2022-09-03;"0-60";4;4;4;4;4;4;4;4;4;4;4;4;21;21;21;21;21;21;21;21;21;21;21;21;1;1;1;1;1;1;1;1;1;1;1;4;21
2022-09-03;"60+";7;7;7;7;7;7;7;7;7;7;7;7;36;36;36;36;36;36;36;36;36;36;36;36;1;1;1;1;1;1;1;1;1;1;1;6;34
2022-09-03;"alle";11;11;11;11;11;11;11;11;11;11;11;11;57;57;57;57;57;57;57;57;57;57;57;57;NA;NA;NA;NA;NA;NA;NA;NA;NA;NA;NA;10;56
2022-09-02;"0-60";3;3;3;3;3;3;3;3;3;3;3;3;20;20;20;20;20;20;20;20;20;20;20;20;1;1;1;1;1;1;1;1;1;1;1;3;20
2022-09-02;"60+";3;3;3;3;3;3;3;3;3;3;3;3;34;34;34;34;34;34;34;34;34;34;34;34;1;1;1;1;1;1;1;1;1;1;1;3;33
2022-09-02;"alle";6;6;6;6;6;6;6;6;6;6;6;6;54;54;54;54;54;54;54;54;54;54;54;54;NA;NA;NA;NA;NA;NA;NA;NA;NA;NA;NA;6;54
2022-09-01;"0-60";1;1;1;1;1;1;1;1;1;1;1;1;20;20;20;20;20;20;20;20;20;20;20;20;1;1;1;1;1;1;1;1;1;1;1;1;20
2022-09-01;"60+";7;7;7;7;7;7;7;7;7;7;7;7;41;41;41;41;41;41;41;41;41;41;41;41;1;1;1;1;1;1;1;1;1;1;1;7;40
2022-09-01;"alle";8;8;8;8;8;8;8;8;8;8;8;8;61;61;61;61;61;61;61;61;61;61;61;61;NA;NA;NA;NA;NA;NA;NA;NA;NA;NA;NA;8;61
2022-08-31;"0-60";7;7;7;7;7;7;7;7;7;7;7;7;23;23;23;23;23;23;23;23;23;23;23;23;1;1;1;1;1;1;1;1;1;1;1;7;23
2022-08-31;"60+";8;8;8;8;8;8;8;8;8;8;8;8;42;42;42;42;42;42;42;42;42;42;42;42;1;1;1;1;1;1;1;1;1;1;1;7;41
2022-08-31;"alle";15;15;15;15;15;15;15;15;15;15;15;15;65;65;65;65;65;65;65;65;65;65;65;65;NA;NA;NA;NA;NA;NA;NA;NA;NA;NA;NA;14;65
2022-08-30;"0-60";6;6;6;6;6;6;6;6;6;6;6;6;18;18;18;18;18;18;18;18;18;18;18;18;1;1;1;1;1;1;1;1;1;1;1;6;18
2022-08-30;"60+";11;11;11;11;11;11;11;11;11;11;11;11;42;42;42;42;42;42;42;42;42;42;42;42;1;1;1;1;1;1;1;1;1;1;1;11;42
2022-08-30;"alle";17;17;17;17;17;17;17;17;17;17;17;17;60;60;60;60;60;60;60;60;60;60;60;60;NA;NA;NA;NA;NA;NA;NA;NA;NA;NA;NA;18;61
2022-08-29;"0-60";0;0;0;0;0;0;0;0;0;0;0;0;25;25;25;25;25;25;25;25;25;25;25;25;1;1;1;1;1;1;1;1;1;1;1;0;25
2022-08-29;"60+";0;0;0;0;0;0;0;0;0;0;0;0;46;46;46;46;46;46;46;46;46;46;46;46;1;1;1;1;1;1;1;1;1;1;1;0;46
2022-08-29;"alle";0;0;0;0;0;0;0;0;0;0;0;0;71;71;71;71;71;71;71;71;71;71;71;71;NA;NA;NA;NA;NA;NA;NA;NA;NA;NA;NA;0;71
2022-08-28;"0-60";0;0;0;0;0;0;0;0;0;0;0;0;25;25;25;25;25;25;25;25;25;25;25;25;1;1;1;1;1;1;1;1;1;1;1;0;25
2022-08-28;"60+";0;0;0;0;0;0;0;0;0;0;0;0;46;46;46;46;46;46;46;46;46;46;46;46;1;1;1;1;1;1;1;1;1;1;1;0;46
2022-08-28;"alle";0;0;0;0;0;0;0;0;0;0;0;0;71;71;71;71;71;71;71;71;71;71;71;71;NA;NA;NA;NA;NA;NA;NA;NA;NA;NA;NA;0;71
2022-08-27;"0-60";3;3;3;3;3;3;3;3;3;3;3;3;25;25;25;25;25;25;25;25;25;25;25;25;1;1;1;1;1;1;1;1;1;1;1;3;25
2022-08-27;"60+";5;5;5;5;5;5;5;5;5;5;5;5;46;46;46;46;46;46;46;46;46;46;46;46;1;1;1;1;1;1;1;1;1;1;1;5;46
2022-08-27;"alle";8;8;8;8;8;8;8;8;8;8;8;8;71;71;71;71;71;71;71;71;71;71;71;71;NA;NA;NA;NA;NA;NA;NA;NA;NA;NA;NA;8;71
2022-08-26;"0-60";3;3;3;3;3;3;3;3;3;3;3;3;30;30;30;30;30;30;30;30;30;30;30;30;1;1;1;1;1;1;1;1;1;1;1;3;30
2022-08-26;"60+";10;10;10;10;10;10;10;10;10;10;10;10;52;52;52;52;52;52;52;52;52;52;52;52;1;1;1;1;1;1;1;1;1;1;1;10;52
2022-08-26;"alle";13;13;13;13;13;13;13;13;13;13;13;13;82;82;82;82;82;82;82;82;82;82;82;82;NA;NA;NA;NA;NA;NA;NA;NA;NA;NA;NA;13;82
2022-08-25;"0-60";4;4;4;4;4;4;4;4;4;4;4;4;35;35;35;35;35;35;35;35;35;35;35;35;1;1;1;1;1;1;1;1;1;1;1;4;35
2022-08-25;"60+";8;8;8;8;8;8;8;8;8;8;8;8;50;50;50;50;50;50;50;50;50;50;50;50;1;1;1;1;1;1;1;1;1;1;1;8;49
2022-08-25;"alle";12;12;12;12;12;12;12;12;12;12;12;12;85;85;85;85;85;85;85;85;85;85;85;85;NA;NA;NA;NA;NA;NA;NA;NA;NA;NA;NA;12;84
2022-08-24;"0-60";2;2;2;2;2;2;2;2;2;2;2;2;36;36;36;36;36;36;36;36;36;36;36;36;1;1;1;1;1;1;1;1;1;1;1;2;36
2022-08-24;"60+";8;8;8;8;8;8;8;8;8;8;8;8;54;54;54;54;54;54;54;54;54;54;54;54;1;1;1;1;1;1;1;1;1;1;1;8;53
2022-08-24;"alle";10;10;10;10;10;10;10;10;10;10;10;10;90;90;90;90;90;90;90;90;90;90;90;90;NA;NA;NA;NA;NA;NA;NA;NA;NA;NA;NA;10;89
2022-08-23;"0-60";13;13;13;13;13;13;13;13;13;13;13;13;41;41;41;41;41;41;41;41;41;41;41;41;1;1;1;1;1;1;1;1;1;1;1;13;41
2022-08-23;"60+";15;15;15;15;15;15;15;15;15;15;15;15;77;77;77;77;77;77;77;77;77;77;77;77;1;1;1;1;1;1;1;1;1;1;1;15;76
2022-08-23;"alle";28;28;28;28;28;28;28;28;28;28;28;28;118;118;118;118;118;118;118;118;118;118;118;118;NA;NA;NA;NA;NA;NA;NA;NA;NA;NA;NA;28;117
2022-08-22;"0-60";0;0;0;0;0;0;0;0;0;0;0;0;28;28;28;28;28;28;28;28;28;28;28;28;1;1;1;1;1;1;1;1;1;1;1;0;28
2022-08-22;"60+";0;0;0;0;0;0;0;0;0;0;0;0;62;62;62;62;62;62;62;62;62;62;62;62;1;1;1;1;1;1;1;1;1;1;1;0;61
2022-08-22;"alle";0;0;0;0;0;0;0;0;0;0;0;0;90;90;90;90;90;90;90;90;90;90;90;90;NA;NA;NA;NA;NA;NA;NA;NA;NA;NA;NA;0;89
2022-08-21;"0-60";0;0;0;0;0;0;0;0;0;0;0;0;28;28;28;28;28;28;28;28;28;28;28;28;1;1;1;1;1;1;1;1;1;1;1;0;28
2022-08-21;"60+";0;0;0;0;0;0;0;0;0;0;0;0;62;62;62;62;62;62;62;62;62;62;62;62;1;1;1;1;1;1;1;1;1;1;1;0;61
2022-08-21;"alle";0;0;0;0;0;0;0;0;0;0;0;0;90;90;90;90;90;90;90;90;90;90;90;90;NA;NA;NA;NA;NA;NA;NA;NA;NA;NA;NA;0;89
2022-08-20;"0-60";8;8;8;8;8;8;8;8;8;8;8;8;28;28;28;28;28;28;28;28;28;28;28;28;1;1;1;1;1;1;1;1;1;1;1;8;28
2022-08-20;"60+";11;11;11;11;11;11;11;11;11;11;11;11;62;62;62;62;62;62;62;62;62;62;62;62;1;1;1;1;1;1;1;1;1;1;1;11;61
2022-08-20;"alle";19;19;19;19;19;19;19;19;19;19;19;19;90;90;90;90;90;90;90;90;90;90;90;90;NA;NA;NA;NA;NA;NA;NA;NA;NA;NA;NA;19;89
2022-08-19;"0-60";8;8;8;8;8;8;8;8;8;8;8;8;25;25;25;25;25;25;25;25;25;25;25;25;1;1;1;1;1;1;1;1;1;1;1;8;25
2022-08-19;"60+";8;8;8;8;8;8;8;8;8;8;8;8;62;62;62;62;62;62;62;62;62;62;62;62;1;1;1;1;1;1;1;1;1;1;1;7;61
2022-08-19;"alle";16;16;16;16;16;16;16;16;16;16;16;16;87;87;87;87;87;87;87;87;87;87;87;87;NA;NA;NA;NA;NA;NA;NA;NA;NA;NA;NA;15;86
2022-08-18;"0-60";5;5;5;5;5;5;5;5;5;5;5;5;21;21;21;21;21;21;21;21;21;21;21;21;1;1;1;1;1;1;1;1;1;1;1;5;21
2022-08-18;"60+";12;12;12;12;12;12;12;12;12;12;12;12;65;65;65;65;65;65;65;65;65;65;65;65;1;1;1;1;1;1;1;1;1;1;1;12;65
2022-08-18;"alle";17;17;17;17;17;17;17;17;17;17;17;17;86;86;86;86;86;86;86;86;86;86;86;86;NA;NA;NA;NA;NA;NA;NA;NA;NA;NA;NA;17;86
2022-08-17;"0-60";7;7;7;7;7;7;7;7;7;7;7;7;17;17;17;17;17;17;17;17;17;17;17;17;1;1;1;1;1;1;1;1;1;1;1;7;17
2022-08-17;"60+";31;31;31;31;31;31;31;31;31;31;31;31;63;63;63;63;63;63;63;63;63;63;63;63;1;1;1;1;1;1;1;1;1;1;1;31;62
2022-08-17;"alle";38;38;38;38;38;38;38;38;38;38;38;38;80;80;80;80;80;80;80;80;80;80;80;80;NA;NA;NA;NA;NA;NA;NA;NA;NA;NA;NA;38;79
2022-08-16;"0-60";0;0;0;0;0;0;0;0;0;0;0;0;14;14;14;14;14;14;14;14;14;14;14;14;1;1;1;1;1;1;1;1;1;1;1;0;14
2022-08-16;"60+";0;0;0;0;0;0;0;0;0;0;0;0;42;42;42;42;42;42;42;42;42;42;42;42;1;1;1;1;1;1;1;1;1;1;1;0;41
2022-08-16;"alle";0;0;0;0;0;0;0;0;0;0;0;0;56;56;56;56;56;56;56;56;56;56;56;56;NA;NA;NA;NA;NA;NA;NA;NA;NA;NA;NA;0;55
2022-08-15;"0-60";0;0;0;0;0;0;0;0;0;0;0;0;27;27;27;27;27;27;27;27;27;27;27;27;1;1;1;1;1;1;1;1;1;1;1;0;27
2022-08-15;"60+";0;0;0;0;0;0;0;0;0;0;0;0;54;54;54;54;54;54;54;54;54;54;54;54;1;1;1;1;1;1;1;1;1;1;1;0;53
2022-08-15;"alle";0;0;0;0;0;0;0;0;0;0;0;0;81;81;81;81;81;81;81;81;81;81;81;81;NA;NA;NA;NA;NA;NA;NA;NA;NA;NA;NA;0;80
2022-08-14;"0-60";0;0;0;0;0;0;0;0;0;0;0;0;27;27;27;27;27;27;27;27;27;27;27;27;1;1;1;1;1;1;1;1;1;1;1;0;27
2022-08-14;"60+";0;0;0;0;0;0;0;0;0;0;0;0;54;54;54;54;54;54;54;54;54;54;54;54;1;1;1;1;1;1;1;1;1;1;1;0;53
2022-08-14;"alle";0;0;0;0;0;0;0;0;0;0;0;0;81;81;81;81;81;81;81;81;81;81;81;81;NA;NA;NA;NA;NA;NA;NA;NA;NA;NA;NA;0;80
2022-08-13;"0-60";5;5;5;5;5;5;5;5;5;5;5;5;27;27;27;27;27;27;27;27;27;27;27;27;1;1;1;1;1;1;1;1;1;1;1;5;27
2022-08-13;"60+";11;11;11;11;11;11;11;11;11;11;11;11;54;54;54;54;54;54;54;54;54;54;54;54;1;1;1;1;1;1;1;1;1;1;1;11;53
2022-08-13;"alle";16;16;16;16;16;16;16;16;16;16;16;16;81;81;81;81;81;81;81;81;81;81;81;81;NA;NA;NA;NA;NA;NA;NA;NA;NA;NA;NA;16;80
2022-08-12;"0-60";4;4;4;4;4;4;4;4;4;4;4;4;24;24;24;24;24;24;24;24;24;24;24;24;1;1;1;1;1;1;1;1;1;1;1;4;24
2022-08-12;"60+";11;11;11;11;11;11;11;11;11;11;11;11;50;50;50;50;50;50;50;50;50;50;50;50;1;1;1;1;1;1;1;1;1;1;1;11;49
2022-08-12;"alle";15;15;15;15;15;15;15;15;15;15;15;15;74;74;74;74;74;74;74;74;74;74;74;74;NA;NA;NA;NA;NA;NA;NA;NA;NA;NA;NA;15;73
2022-08-11;"0-60";1;1;1;1;1;1;1;1;1;1;1;1;25;25;25;25;25;25;25;25;25;25;25;25;1;1;1;1;1;1;1;1;1;1;1;1;25
2022-08-11;"60+";10;10;10;10;10;10;10;10;10;10;10;10;42;42;42;42;42;42;42;42;42;42;42;42;1;1;1;1;1;1;1;1;1;1;1;9;41
2022-08-11;"alle";11;11;11;11;11;11;11;11;11;11;11;11;67;67;67;67;67;67;67;67;67;67;67;67;NA;NA;NA;NA;NA;NA;NA;NA;NA;NA;NA;10;66
2022-08-10;"0-60";4;4;4;4;4;4;4;4;4;4;4;4;31;31;31;31;31;31;31;31;31;31;31;31;1;1;1;1;1;1;1;1;1;1;1;4;31
2022-08-10;"60+";10;10;10;10;10;10;10;10;10;10;10;10;38;38;38;38;38;38;38;38;38;38;38;38;1;1;1;1;1;1;1;1;1;1;1;10;38
2022-08-10;"alle";14;14;14;14;14;14;14;14;14;14;14;14;69;69;69;69;69;69;69;69;69;69;69;69;NA;NA;NA;NA;NA;NA;NA;NA;NA;NA;NA;14;69
2022-08-09;"0-60";13;13;13;13;13;13;13;13;13;13;13;13;38;38;38;38;38;38;38;38;38;38;38;38;1;1;1;1;1;1;1;1;1;1;1;13;38
2022-08-09;"60+";12;12;12;12;12;12;12;12;12;12;12;12;42;42;42;42;42;42;42;42;42;42;42;42;1;1;1;1;1;1;1;1;1;1;1;12;42
2022-08-09;"alle";25;25;25;25;25;25;25;25;25;25;25;25;80;80;80;80;80;80;80;80;80;80;80;80;NA;NA;NA;NA;NA;NA;NA;NA;NA;NA;NA;25;80
2022-08-08;"0-60";0;0;0;0;0;0;0;0;0;0;0;0;35;35;35;35;35;35;35;35;35;35;35;35;1;1;1;1;1;1;1;1;1;1;1;0;35
2022-08-08;"60+";0;0;0;0;0;0;0;0;0;0;0;0;50;50;50;50;50;50;50;50;50;50;50;50;1;1;1;1;1;1;1;1;1;1;1;0;49
2022-08-08;"alle";0;0;0;0;0;0;0;0;0;0;0;0;85;85;85;85;85;85;85;85;85;85;85;85;NA;NA;NA;NA;NA;NA;NA;NA;NA;NA;NA;0;84
2022-08-07;"0-60";0;0;0;0;0;0;0;0;0;0;0;0;35;35;35;35;35;35;35;35;35;35;35;35;1;1;1;1;1;1;1;1;1;1;1;0;35
2022-08-07;"60+";0;0;0;0;0;0;0;0;0;0;0;0;50;50;50;50;50;50;50;50;50;50;50;50;1;1;1;1;1;1;1;1;1;1;1;0;49
2022-08-07;"alle";0;0;0;0;0;0;0;0;0;0;0;0;85;85;85;85;85;85;85;85;85;85;85;85;NA;NA;NA;NA;NA;NA;NA;NA;NA;NA;NA;0;84
2022-08-06;"0-60";2;2;2;2;2;2;2;2;2;2;2;2;35;35;35;35;35;35;35;35;35;35;35;35;1;1;1;1;1;1;1;1;1;1;1;2;35
2022-08-06;"60+";7;7;7;7;7;7;7;7;7;7;7;7;50;50;50;50;50;50;50;50;50;50;50;50;1;1;1;1;1;1;1;1;1;1;1;7;49
2022-08-06;"alle";9;9;9;9;9;9;9;9;9;9;9;9;85;85;85;85;85;85;85;85;85;85;85;85;NA;NA;NA;NA;NA;NA;NA;NA;NA;NA;NA;9;84
2022-08-05;"0-60";5;5;5;5;5;5;5;5;5;5;5;5;39;39;39;39;39;39;39;39;39;39;39;39;1;1;1;1;1;1;1;1;1;1;1;5;39
2022-08-05;"60+";3;3;3;3;3;3;3;3;3;3;3;3;52;52;52;52;52;52;52;52;52;52;52;52;1;1;1;1;1;1;1;1;1;1;1;3;51
2022-08-05;"alle";8;8;8;8;8;8;8;8;8;8;8;8;91;91;91;91;91;91;91;91;91;91;91;91;NA;NA;NA;NA;NA;NA;NA;NA;NA;NA;NA;8;90
2022-08-04;"0-60";7;7;7;7;7;7;7;7;7;7;7;7;41;41;41;41;41;41;41;41;41;41;41;41;1;1;1;1;1;1;1;1;1;1;1;7;41
2022-08-04;"60+";6;6;6;6;6;6;6;6;6;6;6;6;63;63;63;63;63;63;63;63;63;63;63;63;1;1;1;1;1;1;1;1;1;1;1;6;62
2022-08-04;"alle";13;13;13;13;13;13;13;13;13;13;13;13;104;104;104;104;104;104;104;104;104;104;104;104;NA;NA;NA;NA;NA;NA;NA;NA;NA;NA;NA;13;103
2022-08-03;"0-60";11;11;11;11;11;11;11;11;11;11;11;11;41;41;41;41;41;41;41;41;41;41;41;41;1;1;1;1;1;1;1;1;1;1;1;11;41
2022-08-03;"60+";14;14;14;14;14;14;14;14;14;14;14;14;67;67;67;67;67;67;67;67;67;67;67;67;1;1;1;1;1;1;1;1;1;1;1;14;66
2022-08-03;"alle";25;25;25;25;25;25;25;25;25;25;25;25;108;108;108;108;108;108;108;108;108;108;108;108;NA;NA;NA;NA;NA;NA;NA;NA;NA;NA;NA;25;107
2022-08-02;"0-60";10;10;10;10;10;10;10;10;10;10;10;10;38;38;38;38;38;38;38;38;38;38;38;38;1;1;1;1;1;1;1;1;1;1;1;10;38
2022-08-02;"60+";20;20;20;20;20;20;20;20;20;20;20;20;79;79;79;79;79;79;79;79;79;79;79;79;1;1;1;1;1;1;1;1;1;1;1;19;77
2022-08-02;"alle";30;30;30;30;30;30;30;30;30;30;30;30;117;117;117;117;117;117;117;117;117;117;117;117;NA;NA;NA;NA;NA;NA;NA;NA;NA;NA;NA;29;115
2022-08-01;"0-60";0;0;0;0;0;0;0;0;0;0;0;0;39;39;39;39;39;39;39;39;39;39;39;39;1;1;1;1;1;1;1;1;1;1;1;0;39
2022-08-01;"60+";0;0;0;0;0;0;0;0;0;0;0;0;90;90;90;90;90;90;90;90;90;90;90;90;1;1;1;1;1;1;1;1;1;1;1;0;89
2022-08-01;"alle";0;0;0;0;0;0;0;0;0;0;0;0;129;129;129;129;129;129;129;129;129;129;129;129;NA;NA;NA;NA;NA;NA;NA;NA;NA;NA;NA;0;128
2022-07-31;"0-60";0;0;0;0;0;0;0;0;0;0;0;0;39;39;39;39;39;39;39;39;39;39;39;39;1;1;1;1;1;1;1;1;1;1;1;0;39
2022-07-31;"60+";0;0;0;0;0;0;0;0;0;0;0;0;91;91;91;91;91;91;91;91;91;91;91;91;1;1;1;1;1;1;1;1;1;1;1;0;90
2022-07-31;"alle";0;0;0;0;0;0;0;0;0;0;0;0;130;130;130;130;130;130;130;130;130;130;130;130;NA;NA;NA;NA;NA;NA;NA;NA;NA;NA;NA;0;129
2022-07-30;"0-60";6;6;6;6;6;6;6;6;6;6;6;6;39;39;39;39;39;39;39;39;39;39;39;39;1;1;1;1;1;1;1;1;1;1;1;6;39
2022-07-30;"60+";9;9;9;9;9;9;9;9;9;9;9;9;91;91;91;91;91;91;91;91;91;91;91;91;1;1;1;1;1;1;1;1;1;1;1;9;90
2022-07-30;"alle";15;15;15;15;15;15;15;15;15;15;15;15;130;130;130;130;130;130;130;130;130;130;130;130;NA;NA;NA;NA;NA;NA;NA;NA;NA;NA;NA;15;129
2022-07-29;"0-60";7;7;7;7;7;7;7;7;7;7;7;7;40;40;40;40;40;40;40;40;40;40;40;40;1;1;1;1;1;1;1;1;1;1;1;7;40
2022-07-29;"60+";14;14;14;14;14;14;14;14;14;14;14;14;98;98;98;98;98;98;98;98;98;98;98;98;1;1;1;1;1;1;1;1;1;1;1;14;97
2022-07-29;"alle";21;21;21;21;21;21;21;21;21;21;21;21;138;138;138;138;138;138;138;138;138;138;138;138;NA;NA;NA;NA;NA;NA;NA;NA;NA;NA;NA;21;137
2022-07-28;"0-60";7;7;7;7;7;7;7;7;7;7;7;7;44;44;44;44;44;44;44;44;44;44;44;44;1;1;1;1;1;1;1;1;1;1;1;7;44
2022-07-28;"60+";10;10;10;10;10;10;10;10;10;10;10;10;104;104;104;104;104;104;104;104;104;104;104;104;1;1;1;1;1;1;1;1;1;1;1;10;102
2022-07-28;"alle";17;17;17;17;17;17;17;17;17;17;17;17;148;148;148;148;148;148;148;148;148;148;148;148;NA;NA;NA;NA;NA;NA;NA;NA;NA;NA;NA;17;146
2022-07-27;"0-60";8;8;8;8;8;8;8;8;8;8;8;8;45;45;45;45;45;45;45;45;45;45;45;45;1;1;1;1;1;1;1;1;1;1;1;8;45
2022-07-27;"60+";26;26;26;26;26;26;26;26;26;26;26;26;112;112;112;112;112;112;112;112;112;112;112;112;1;1;1;1;1;1;1;1;1;1;1;25;110
2022-07-27;"alle";34;34;34;34;34;34;34;34;34;34;34;34;157;157;157;157;157;157;157;157;157;157;157;157;NA;NA;NA;NA;NA;NA;NA;NA;NA;NA;NA;33;155
2022-07-26;"0-60";11;11;11;11;11;11;11;11;11;11;11;11;51;51;51;51;51;51;51;51;51;51;51;51;1;1;1;1;1;1;1;1;1;1;1;11;50
2022-07-26;"60+";31;31;31;31;31;31;31;31;31;31;31;31;107;107;107;107;107;107;107;107;107;107;107;107;1;1;1;1;1;1;1;1;1;1;1;31;106
2022-07-26;"alle";42;42;42;42;42;42;42;42;42;42;42;42;158;158;158;158;158;158;158;158;158;158;158;158;NA;NA;NA;NA;NA;NA;NA;NA;NA;NA;NA;42;156
2022-07-25;"0-60";0;0;0;0;0;0;0;0;0;0;0;0;61;61;61;61;61;61;61;61;61;61;61;61;1;1;1;1;1;1;1;1;1;1;1;0;60
2022-07-25;"60+";1;1;1;1;1;1;1;1;1;1;1;1;103;103;103;103;103;103;103;103;103;103;103;103;1;1;1;1;1;1;1;1;1;1;1;1;101
2022-07-25;"alle";1;1;1;1;1;1;1;1;1;1;1;1;164;164;164;164;164;164;164;164;164;164;164;164;NA;NA;NA;NA;NA;NA;NA;NA;NA;NA;NA;1;161
2022-07-24;"0-60";0;0;0;0;0;0;0;0;0;0;0;0;61;61;61;61;61;61;61;61;61;61;61;61;1;1;1;1;1;1;1;1;1;1;1;0;60
2022-07-24;"60+";0;0;0;0;0;0;0;0;0;0;0;0;102;102;102;102;102;102;102;102;102;102;102;102;1;1;1;1;1;1;1;1;1;1;1;0;100
2022-07-24;"alle";0;0;0;0;0;0;0;0;0;0;0;0;163;163;163;163;163;163;163;163;163;163;163;163;NA;NA;NA;NA;NA;NA;NA;NA;NA;NA;NA;0;160
2022-07-23;"0-60";7;7;7;7;7;7;7;7;7;7;7;7;61;61;61;61;61;61;61;61;61;61;61;61;1;1;1;1;1;1;1;1;1;1;1;7;60
2022-07-23;"60+";16;16;16;16;16;16;16;16;16;16;16;16;102;102;102;102;102;102;102;102;102;102;102;102;1;1;1;1;1;1;1;1;1;1;1;16;100
2022-07-23;"alle";23;23;23;23;23;23;23;23;23;23;23;23;163;163;163;163;163;163;163;163;163;163;163;163;NA;NA;NA;NA;NA;NA;NA;NA;NA;NA;NA;23;160
2022-07-22;"0-60";11;11;11;11;11;11;11;11;11;11;11;11;65;65;65;65;65;65;65;65;65;65;65;65;1;1;1;1;1;1;1;1;1;1;1;11;64
2022-07-22;"60+";20;20;20;20;20;20;20;20;20;20;20;20;100;100;100;100;100;100;100;100;100;100;100;100;1;1;1;1;1;1;1;1;1;1;1;19;98
2022-07-22;"alle";31;31;31;31;31;31;31;31;31;31;31;31;165;165;165;165;165;165;165;165;165;165;165;165;NA;NA;NA;NA;NA;NA;NA;NA;NA;NA;NA;30;162
2022-07-21;"0-60";8;8;8;8;8;8;8;8;8;8;8;8;65;65;65;65;65;65;65;65;65;65;65;65;1;1;1;1;1;1;1;1;1;1;1;8;64
2022-07-21;"60+";18;18;18;18;18;18;18;18;18;18;18;18;97;97;97;97;97;97;97;97;97;97;97;97;1;1;1;1;1;1;1;1;1;1;1;18;95
2022-07-21;"alle";26;26;26;26;26;26;26;26;26;26;26;26;162;162;162;162;162;162;162;162;162;162;162;162;NA;NA;NA;NA;NA;NA;NA;NA;NA;NA;NA;26;159
2022-07-20;"0-60";14;14;14;14;14;14;14;14;14;14;14;14;68;68;68;68;68;68;68;68;68;68;68;68;1;1;1;1;1;1;1;1;1;1;1;13;67
2022-07-20;"60+";21;21;21;21;21;21;21;21;21;21;21;21;103;103;103;103;103;103;103;103;103;103;103;103;1;1;1;1;1;1;1;1;1;1;1;21;101
2022-07-20;"alle";35;35;35;35;35;35;35;35;35;35;35;35;171;171;171;171;171;171;171;171;171;171;171;171;NA;NA;NA;NA;NA;NA;NA;NA;NA;NA;NA;34;168
2022-07-19;"0-60";21;21;21;21;21;21;21;21;21;21;21;21;63;63;63;63;63;63;63;63;63;63;63;63;1;1;1;1;1;1;1;1;1;1;1;21;63
2022-07-19;"60+";27;27;27;27;27;27;27;27;27;27;27;27;94;94;94;94;94;94;94;94;94;94;94;94;1;1;1;1;1;1;1;1;1;1;1;26;92
2022-07-19;"alle";48;48;48;48;48;48;48;48;48;48;48;48;157;157;157;157;157;157;157;157;157;157;157;157;NA;NA;NA;NA;NA;NA;NA;NA;NA;NA;NA;47;155
2022-07-18;"0-60";0;0;0;0;0;0;0;0;0;0;0;0;49;49;49;49;49;49;49;49;49;49;49;49;1;1;1;1;1;1;1;1;1;1;1;0;49
2022-07-18;"60+";0;0;0;0;0;0;0;0;0;0;0;0;96;96;96;96;96;96;96;96;96;96;96;96;1;1;1;1;1;1;1;1;1;1;1;0;95
2022-07-18;"alle";0;0;0;0;0;0;0;0;0;0;0;0;145;145;145;145;145;145;145;145;145;145;145;145;NA;NA;NA;NA;NA;NA;NA;NA;NA;NA;NA;0;144
2022-07-17;"0-60";0;0;0;0;0;0;0;0;0;0;0;0;49;49;49;49;49;49;49;49;49;49;49;49;1;1;1;1;1;1;1;1;1;1;1;0;49
2022-07-17;"60+";0;0;0;0;0;0;0;0;0;0;0;0;96;96;96;96;96;96;96;96;96;96;96;96;1;1;1;1;1;1;1;1;1;1;1;0;95
2022-07-17;"alle";0;0;0;0;0;0;0;0;0;0;0;0;145;145;145;145;145;145;145;145;145;145;145;145;NA;NA;NA;NA;NA;NA;NA;NA;NA;NA;NA;0;144
2022-07-16;"0-60";11;11;11;11;11;11;11;11;11;11;11;11;49;49;49;49;49;49;49;49;49;49;49;49;1;1;1;1;1;1;1;1;1;1;1;11;49
2022-07-16;"60+";14;14;14;14;14;14;14;14;14;14;14;14;96;96;96;96;96;96;96;96;96;96;96;96;1;1;1;1;1;1;1;1;1;1;1;14;95
2022-07-16;"alle";25;25;25;25;25;25;25;25;25;25;25;25;145;145;145;145;145;145;145;145;145;145;145;145;NA;NA;NA;NA;NA;NA;NA;NA;NA;NA;NA;25;144
2022-07-15;"0-60";11;11;11;11;11;11;11;11;11;11;11;11;50;50;50;50;50;50;50;50;50;50;50;50;1;1;1;1;1;1;1;1;1;1;1;11;50
2022-07-15;"60+";17;17;17;17;17;17;17;17;17;17;17;17;93;93;93;93;93;93;93;93;93;93;93;93;1;1;1;1;1;1;1;1;1;1;1;16;92
2022-07-15;"alle";28;28;28;28;28;28;28;28;28;28;28;28;143;143;143;143;143;143;143;143;143;143;143;143;NA;NA;NA;NA;NA;NA;NA;NA;NA;NA;NA;27;142
2022-07-14;"0-60";11;11;11;11;11;11;11;11;11;11;11;11;49;49;49;49;49;49;49;49;49;49;49;49;1;1;1;1;1;1;1;1;1;1;1;11;49
2022-07-14;"60+";24;24;24;24;24;24;24;24;24;24;24;24;88;88;88;88;88;88;88;88;88;88;88;88;1;1;1;1;1;1;1;1;1;1;1;24;88
2022-07-14;"alle";35;35;35;35;35;35;35;35;35;35;35;35;137;137;137;137;137;137;137;137;137;137;137;137;NA;NA;NA;NA;NA;NA;NA;NA;NA;NA;NA;35;137
2022-07-13;"0-60";9;9;9;9;9;9;9;9;9;9;9;9;45;45;45;45;45;45;45;45;45;45;45;45;1;1;1;1;1;1;1;1;1;1;1;9;44
2022-07-13;"60+";12;12;12;12;12;12;12;12;12;12;12;12;81;81;81;81;81;81;81;81;81;81;81;81;1;1;1;1;1;1;1;1;1;1;1;12;81
2022-07-13;"alle";21;21;21;21;21;21;21;21;21;21;21;21;126;126;126;126;126;126;126;126;126;126;126;126;NA;NA;NA;NA;NA;NA;NA;NA;NA;NA;NA;21;125
2022-07-12;"0-60";7;7;7;7;7;7;7;7;7;7;7;7;41;41;41;41;41;41;41;41;41;41;41;41;1;1;1;1;1;1;1;1;1;1;1;7;40
2022-07-12;"60+";29;29;29;29;29;29;29;29;29;29;29;29;86;86;86;86;86;86;86;86;86;86;86;86;1;1;1;1;1;1;1;1;1;1;1;29;86
2022-07-12;"alle";36;36;36;36;36;36;36;36;36;36;36;36;127;127;127;127;127;127;127;127;127;127;127;127;NA;NA;NA;NA;NA;NA;NA;NA;NA;NA;NA;36;126
2022-07-11;"0-60";0;0;0;0;0;0;0;0;0;0;0;0;44;44;44;44;44;44;44;44;44;44;44;44;1;1;1;1;1;1;1;1;1;1;1;0;43
2022-07-11;"60+";0;0;0;0;0;0;0;0;0;0;0;0;73;73;73;73;73;73;73;73;73;73;73;73;1;1;1;1;1;1;1;1;1;1;1;0;73
2022-07-11;"alle";0;0;0;0;0;0;0;0;0;0;0;0;117;117;117;117;117;117;117;117;117;117;117;117;NA;NA;NA;NA;NA;NA;NA;NA;NA;NA;NA;0;116
2022-07-10;"0-60";0;0;0;0;0;0;0;0;0;0;0;0;44;44;44;44;44;44;44;44;44;44;44;44;1;1;1;1;1;1;1;1;1;1;1;0;43
2022-07-10;"60+";0;0;0;0;0;0;0;0;0;0;0;0;73;73;73;73;73;73;73;73;73;73;73;73;1;1;1;1;1;1;1;1;1;1;1;0;73
2022-07-10;"alle";0;0;0;0;0;0;0;0;0;0;0;0;117;117;117;117;117;117;117;117;117;117;117;117;NA;NA;NA;NA;NA;NA;NA;NA;NA;NA;NA;0;116
2022-07-09;"0-60";12;12;12;12;12;12;12;12;12;12;12;12;44;44;44;44;44;44;44;44;44;44;44;44;1;1;1;1;1;1;1;1;1;1;1;12;43
2022-07-09;"60+";11;11;11;11;11;11;11;11;11;11;11;11;73;73;73;73;73;73;73;73;73;73;73;73;1;1;1;1;1;1;1;1;1;1;1;11;73
2022-07-09;"alle";23;23;23;23;23;23;23;23;23;23;23;23;117;117;117;117;117;117;117;117;117;117;117;117;NA;NA;NA;NA;NA;NA;NA;NA;NA;NA;NA;23;116
2022-07-08;"0-60";10;10;10;10;10;10;10;10;10;10;10;10;40;40;40;40;40;40;40;40;40;40;40;40;1;1;1;1;1;1;1;1;1;1;1;10;39
2022-07-08;"60+";12;12;12;12;12;12;12;12;12;12;12;12;64;64;64;64;64;64;64;64;64;64;64;64;1;1;1;1;1;1;1;1;1;1;1;12;64
2022-07-08;"alle";22;22;22;22;22;22;22;22;22;22;22;22;104;104;104;104;104;104;104;104;104;104;104;104;NA;NA;NA;NA;NA;NA;NA;NA;NA;NA;NA;22;103
2022-07-07;"0-60";7;7;7;7;7;7;7;7;7;7;7;7;38;38;38;38;38;38;38;38;38;38;38;38;1;1;1;1;1;1;1;1;1;1;1;6;36
2022-07-07;"60+";17;17;17;17;17;17;17;17;17;17;17;17;58;58;58;58;58;58;58;58;58;58;58;58;1;1;1;1;1;1;1;1;1;1;1;17;58
2022-07-07;"alle";24;24;24;24;24;24;24;24;24;24;24;24;96;96;96;96;96;96;96;96;96;96;96;96;NA;NA;NA;NA;NA;NA;NA;NA;NA;NA;NA;23;94
2022-07-06;"0-60";5;5;5;5;5;5;5;5;5;5;5;5;37;37;37;37;37;37;37;37;37;37;37;37;1;1;1;1;1;1;1;1;1;1;1;5;36
2022-07-06;"60+";17;17;17;17;17;17;17;17;17;17;17;17;51;51;51;51;51;51;51;51;51;51;51;51;1;1;1;1;1;1;1;1;1;1;1;17;51
2022-07-06;"alle";22;22;22;22;22;22;22;22;22;22;22;22;88;88;88;88;88;88;88;88;88;88;88;88;NA;NA;NA;NA;NA;NA;NA;NA;NA;NA;NA;22;87
2022-07-05;"0-60";10;10;10;10;10;10;10;10;10;10;10;10;37;37;37;37;37;37;37;37;37;37;37;37;1;1;1;1;1;1;1;1;1;1;1;10;36
2022-07-05;"60+";16;16;16;16;16;16;16;16;16;16;16;16;43;43;43;43;43;43;43;43;43;43;43;43;1;1;1;1;1;1;1;1;1;1;1;16;43
2022-07-05;"alle";26;26;26;26;26;26;26;26;26;26;26;26;80;80;80;80;80;80;80;80;80;80;80;80;NA;NA;NA;NA;NA;NA;NA;NA;NA;NA;NA;26;79
2022-07-04;"0-60";0;0;0;0;0;0;0;0;0;0;0;0;37;37;37;37;37;37;37;37;37;37;37;37;1;1;1;1;1;1;1;1;1;1;1;0;36
2022-07-04;"60+";0;0;0;0;0;0;0;0;0;0;0;0;40;40;40;40;40;40;40;40;40;40;40;40;1;1;1;1;1;1;1;1;1;1;1;0;40
2022-07-04;"alle";0;0;0;0;0;0;0;0;0;0;0;0;77;77;77;77;77;77;77;77;77;77;77;77;NA;NA;NA;NA;NA;NA;NA;NA;NA;NA;NA;0;76
2022-07-03;"0-60";0;0;0;0;0;0;0;0;0;0;0;0;37;37;37;37;37;37;37;37;37;37;37;37;1;1;1;1;1;1;1;1;1;1;1;0;36
2022-07-03;"60+";0;0;0;0;0;0;0;0;0;0;0;0;41;41;41;41;41;41;41;41;41;41;41;41;1;1;1;1;1;1;1;1;1;1;1;0;41
2022-07-03;"alle";0;0;0;0;0;0;0;0;0;0;0;0;78;78;78;78;78;78;78;78;78;78;78;78;NA;NA;NA;NA;NA;NA;NA;NA;NA;NA;NA;0;77
2022-07-02;"0-60";8;8;8;8;8;8;8;8;8;8;8;8;37;37;37;37;37;37;37;37;37;37;37;37;1;1;1;1;1;1;1;1;1;1;1;8;36
2022-07-02;"60+";2;2;2;2;2;2;2;2;2;2;2;2;41;41;41;41;41;41;41;41;41;41;41;41;1;1;1;1;1;1;1;1;1;1;1;2;41
2022-07-02;"alle";10;10;10;10;10;10;10;10;10;10;10;10;78;78;78;78;78;78;78;78;78;78;78;78;NA;NA;NA;NA;NA;NA;NA;NA;NA;NA;NA;10;77
2022-07-01;"0-60";8;8;8;8;8;8;8;8;8;8;8;8;37;37;37;37;37;37;37;37;37;37;37;37;1;1;1;1;1;1;1;1;1;1;1;7;36
2022-07-01;"60+";6;6;6;6;6;6;6;6;6;6;6;6;46;46;46;46;46;46;46;46;46;46;46;46;1;1;1;1;1;1;1;1;1;1;1;6;46
2022-07-01;"alle";14;14;14;14;14;14;14;14;14;14;14;14;83;83;83;83;83;83;83;83;83;83;83;83;NA;NA;NA;NA;NA;NA;NA;NA;NA;NA;NA;13;82
2022-06-30;"0-60";6;6;6;6;6;6;6;6;6;6;6;6;38;38;38;38;38;38;38;38;38;38;38;38;1;1;1;1;1;1;1;1;1;1;1;6;38
2022-06-30;"60+";10;10;10;10;10;10;10;10;10;10;10;10;51;51;51;51;51;51;51;51;51;51;51;51;1;1;1;1;1;1;1;1;1;1;1;10;51
2022-06-30;"alle";16;16;16;16;16;16;16;16;16;16;16;16;89;89;89;89;89;89;89;89;89;89;89;89;NA;NA;NA;NA;NA;NA;NA;NA;NA;NA;NA;16;89
2022-06-29;"0-60";5;5;5;5;5;5;5;5;5;5;5;5;44;44;44;44;44;44;44;44;44;44;44;44;1;1;1;1;1;1;1;1;1;1;1;5;44
2022-06-29;"60+";9;9;9;9;9;9;9;9;9;9;9;9;51;51;51;51;51;51;51;51;51;51;51;51;1;1;1;1;1;1;1;1;1;1;1;9;51
2022-06-29;"alle";14;14;14;14;14;14;14;14;14;14;14;14;95;95;95;95;95;95;95;95;95;95;95;95;NA;NA;NA;NA;NA;NA;NA;NA;NA;NA;NA;14;95
2022-06-28;"0-60";10;10;10;10;10;10;10;10;10;10;10;10;50;50;50;50;50;50;50;50;50;50;50;50;1;1;1;1;1;1;1;1;1;1;1;10;50
2022-06-28;"60+";13;13;13;13;13;13;13;13;13;13;13;13;50;50;50;50;50;50;50;50;50;50;50;50;1;1;1;1;1;1;1;1;1;1;1;13;49
2022-06-28;"alle";23;23;23;23;23;23;23;23;23;23;23;23;100;100;100;100;100;100;100;100;100;100;100;100;NA;NA;NA;NA;NA;NA;NA;NA;NA;NA;NA;23;99
2022-06-27;"0-60";0;0;0;0;0;0;0;0;0;0;0;0;54;54;54;54;54;54;54;54;54;54;54;54;1;1;1;1;1;1;1;1;1;1;1;0;54
2022-06-27;"60+";1;1;1;1;1;1;1;1;1;1;1;1;49;49;49;49;49;49;49;49;49;49;49;49;1;1;1;1;1;1;1;1;1;1;1;1;48
2022-06-27;"alle";1;1;1;1;1;1;1;1;1;1;1;1;103;103;103;103;103;103;103;103;103;103;103;103;NA;NA;NA;NA;NA;NA;NA;NA;NA;NA;NA;1;102
2022-06-26;"0-60";0;0;0;0;0;0;0;0;0;0;0;0;54;54;54;54;54;54;54;54;54;54;54;54;1;1;1;1;1;1;1;1;1;1;1;0;54
2022-06-26;"60+";0;0;0;0;0;0;0;0;0;0;0;0;48;48;48;48;48;48;48;48;48;48;48;48;1;1;1;1;1;1;1;1;1;1;1;0;47
2022-06-26;"alle";0;0;0;0;0;0;0;0;0;0;0;0;102;102;102;102;102;102;102;102;102;102;102;102;NA;NA;NA;NA;NA;NA;NA;NA;NA;NA;NA;0;101
2022-06-25;"0-60";8;8;8;8;8;8;8;8;8;8;8;8;54;54;54;54;54;54;54;54;54;54;54;54;1;1;1;1;1;1;1;1;1;1;1;8;54
2022-06-25;"60+";7;7;7;7;7;7;7;7;7;7;7;7;48;48;48;48;48;48;48;48;48;48;48;48;1;1;1;1;1;1;1;1;1;1;1;7;47
2022-06-25;"alle";15;15;15;15;15;15;15;15;15;15;15;15;102;102;102;102;102;102;102;102;102;102;102;102;NA;NA;NA;NA;NA;NA;NA;NA;NA;NA;NA;15;101
2022-06-24;"0-60";9;9;9;9;9;9;9;9;9;9;9;9;51;51;51;51;51;51;51;51;51;51;51;51;1;1;1;1;1;1;1;1;1;1;1;9;51
2022-06-24;"60+";11;11;11;11;11;11;11;11;11;11;11;11;46;46;46;46;46;46;46;46;46;46;46;46;1;1;1;1;1;1;1;1;1;1;1;11;45
2022-06-24;"alle";20;20;20;20;20;20;20;20;20;20;20;20;97;97;97;97;97;97;97;97;97;97;97;97;NA;NA;NA;NA;NA;NA;NA;NA;NA;NA;NA;20;96
2022-06-23;"0-60";12;12;12;12;12;12;12;12;12;12;12;12;42;42;42;42;42;42;42;42;42;42;42;42;1;1;1;1;1;1;1;1;1;1;1;12;42
2022-06-23;"60+";10;10;10;10;10;10;10;10;10;10;10;10;35;35;35;35;35;35;35;35;35;35;35;35;1;1;1;1;1;1;1;1;1;1;1;10;34
2022-06-23;"alle";22;22;22;22;22;22;22;22;22;22;22;22;77;77;77;77;77;77;77;77;77;77;77;77;NA;NA;NA;NA;NA;NA;NA;NA;NA;NA;NA;22;76
2022-06-22;"0-60";11;11;11;11;11;11;11;11;11;11;11;11;34;34;34;34;34;34;34;34;34;34;34;34;1;1;1;1;1;1;1;1;1;1;1;11;34
2022-06-22;"60+";8;8;8;8;8;8;8;8;8;8;8;8;30;30;30;30;30;30;30;30;30;30;30;30;1;1;1;1;1;1;1;1;1;1;1;7;29
2022-06-22;"alle";19;19;19;19;19;19;19;19;19;19;19;19;64;64;64;64;64;64;64;64;64;64;64;64;NA;NA;NA;NA;NA;NA;NA;NA;NA;NA;NA;18;63
2022-06-21;"0-60";14;14;14;14;14;14;14;14;14;14;14;14;25;25;25;25;25;25;25;25;25;25;25;25;1;1;1;1;1;1;1;1;1;1;1;14;25
2022-06-21;"60+";12;12;12;12;12;12;12;12;12;12;12;12;25;25;25;25;25;25;25;25;25;25;25;25;1;1;1;1;1;1;1;1;1;1;1;12;25
2022-06-21;"alle";26;26;26;26;26;26;26;26;26;26;26;26;50;50;50;50;50;50;50;50;50;50;50;50;NA;NA;NA;NA;NA;NA;NA;NA;NA;NA;NA;26;50
2022-06-20;"0-60";0;0;0;0;0;0;0;0;0;0;0;0;20;20;20;20;20;20;20;20;20;20;20;20;1;1;1;1;1;1;1;1;1;1;1;0;20
2022-06-20;"60+";0;0;0;0;0;0;0;0;0;0;0;0;24;24;24;24;24;24;24;24;24;24;24;24;1;1;1;1;1;1;1;1;1;1;1;0;24
2022-06-20;"alle";0;0;0;0;0;0;0;0;0;0;0;0;44;44;44;44;44;44;44;44;44;44;44;44;NA;NA;NA;NA;NA;NA;NA;NA;NA;NA;NA;0;44
2022-06-19;"0-60";0;0;0;0;0;0;0;0;0;0;0;0;20;20;20;20;20;20;20;20;20;20;20;20;1;1;1;1;1;1;1;1;1;1;1;0;20
2022-06-19;"60+";0;0;0;0;0;0;0;0;0;0;0;0;24;24;24;24;24;24;24;24;24;24;24;24;1;1;1;1;1;1;1;1;1;1;1;0;24
2022-06-19;"alle";0;0;0;0;0;0;0;0;0;0;0;0;44;44;44;44;44;44;44;44;44;44;44;44;NA;NA;NA;NA;NA;NA;NA;NA;NA;NA;NA;0;44
2022-06-18;"0-60";5;5;5;5;5;5;5;5;5;5;5;5;20;20;20;20;20;20;20;20;20;20;20;20;1;1;1;1;1;1;1;1;1;1;1;5;20
2022-06-18;"60+";5;5;5;5;5;5;5;5;5;5;5;5;24;24;24;24;24;24;24;24;24;24;24;24;1;1;1;1;1;1;1;1;1;1;1;5;24
2022-06-18;"alle";10;10;10;10;10;10;10;10;10;10;10;10;44;44;44;44;44;44;44;44;44;44;44;44;NA;NA;NA;NA;NA;NA;NA;NA;NA;NA;NA;10;44
2022-06-17;"0-60";0;0;0;0;0;0;0;0;0;0;0;0;18;18;18;18;18;18;18;18;18;18;18;18;1;1;1;1;1;1;1;1;1;1;1;0;17
2022-06-17;"60+";0;0;0;0;0;0;0;0;0;0;0;0;22;22;22;22;22;22;22;22;22;22;22;22;1;1;1;1;1;1;1;1;1;1;1;0;22
2022-06-17;"alle";0;0;0;0;0;0;0;0;0;0;0;0;40;40;40;40;40;40;40;40;40;40;40;40;NA;NA;NA;NA;NA;NA;NA;NA;NA;NA;NA;0;39
2022-06-16;"0-60";4;4;4;4;4;4;4;4;4;4;4;4;19;19;19;19;19;19;19;19;19;19;19;19;1;1;1;1;1;1;1;1;1;1;1;4;18
2022-06-16;"60+";5;5;5;5;5;5;5;5;5;5;5;5;29;29;29;29;29;29;29;29;29;29;29;29;1;1;1;1;1;1;1;1;1;1;1;5;28
2022-06-16;"alle";9;9;9;9;9;9;9;9;9;9;9;9;48;48;48;48;48;48;48;48;48;48;48;48;NA;NA;NA;NA;NA;NA;NA;NA;NA;NA;NA;9;46
2022-06-15;"0-60";2;2;2;2;2;2;2;2;2;2;2;2;19;19;19;19;19;19;19;19;19;19;19;19;1;1;1;1;1;1;1;1;1;1;1;2;18
2022-06-15;"60+";3;3;3;3;3;3;3;3;3;3;3;3;30;30;30;30;30;30;30;30;30;30;30;30;1;1;1;1;1;1;1;1;1;1;1;3;28
2022-06-15;"alle";5;5;5;5;5;5;5;5;5;5;5;5;49;49;49;49;49;49;49;49;49;49;49;49;NA;NA;NA;NA;NA;NA;NA;NA;NA;NA;NA;5;46
2022-06-14;"0-60";9;9;9;9;9;9;9;9;9;9;9;9;19;19;19;19;19;19;19;19;19;19;19;19;1;1;1;1;1;1;1;1;1;1;1;9;18
2022-06-14;"60+";11;11;11;11;11;11;11;11;11;11;11;11;41;41;41;41;41;41;41;41;41;41;41;41;1;1;1;1;1;1;1;1;1;1;1;11;39
2022-06-14;"alle";20;20;20;20;20;20;20;20;20;20;20;20;60;60;60;60;60;60;60;60;60;60;60;60;NA;NA;NA;NA;NA;NA;NA;NA;NA;NA;NA;20;57
2022-06-13;"0-60";0;0;0;0;0;0;0;0;0;0;0;0;10;10;10;10;10;10;10;10;10;10;10;10;1;1;1;1;1;1;1;1;1;1;1;0;9
2022-06-13;"60+";0;0;0;0;0;0;0;0;0;0;0;0;30;30;30;30;30;30;30;30;30;30;30;30;1;1;1;1;1;1;1;1;1;1;1;0;28
2022-06-13;"alle";0;0;0;0;0;0;0;0;0;0;0;0;40;40;40;40;40;40;40;40;40;40;40;40;NA;NA;NA;NA;NA;NA;NA;NA;NA;NA;NA;0;37
2022-06-12;"0-60";0;0;0;0;0;0;0;0;0;0;0;0;10;10;10;10;10;10;10;10;10;10;10;10;1;1;1;1;1;1;1;1;1;1;1;0;9
2022-06-12;"60+";0;0;0;0;0;0;0;0;0;0;0;0;30;30;30;30;30;30;30;30;30;30;30;30;1;1;1;1;1;1;1;1;1;1;1;0;28
2022-06-12;"alle";0;0;0;0;0;0;0;0;0;0;0;0;40;40;40;40;40;40;40;40;40;40;40;40;NA;NA;NA;NA;NA;NA;NA;NA;NA;NA;NA;0;37
2022-06-11;"0-60";3;3;3;3;3;3;3;3;3;3;3;3;10;10;10;10;10;10;10;10;10;10;10;10;1;1;1;1;1;1;1;1;1;1;1;2;9
2022-06-11;"60+";3;3;3;3;3;3;3;3;3;3;3;3;30;30;30;30;30;30;30;30;30;30;30;30;1;1;1;1;1;1;1;1;1;1;1;3;28
2022-06-11;"alle";6;6;6;6;6;6;6;6;6;6;6;6;40;40;40;40;40;40;40;40;40;40;40;40;NA;NA;NA;NA;NA;NA;NA;NA;NA;NA;NA;5;37
2022-06-10;"0-60";1;1;1;1;1;1;1;1;1;1;1;1;12;12;12;12;12;12;12;12;12;12;12;12;1;1;1;1;1;1;1;1;1;1;1;1;12
2022-06-10;"60+";7;7;7;7;7;7;7;7;7;7;7;7;28;28;28;28;28;28;28;28;28;28;28;28;1;1;1;1;1;1;1;1;1;1;1;6;26
2022-06-10;"alle";8;8;8;8;8;8;8;8;8;8;8;8;40;40;40;40;40;40;40;40;40;40;40;40;NA;NA;NA;NA;NA;NA;NA;NA;NA;NA;NA;7;38
2022-06-09;"0-60";4;4;4;4;4;4;4;4;4;4;4;4;12;12;12;12;12;12;12;12;12;12;12;12;1;1;1;1;1;1;1;1;1;1;1;4;12
2022-06-09;"60+";6;6;6;6;6;6;6;6;6;6;6;6;24;24;24;24;24;24;24;24;24;24;24;24;1;1;1;1;1;1;1;1;1;1;1;5;23
2022-06-09;"alle";10;10;10;10;10;10;10;10;10;10;10;10;36;36;36;36;36;36;36;36;36;36;36;36;NA;NA;NA;NA;NA;NA;NA;NA;NA;NA;NA;9;35
2022-06-08;"0-60";2;2;2;2;2;2;2;2;2;2;2;2;9;9;9;9;9;9;9;9;9;9;9;9;1;1;1;1;1;1;1;1;1;1;1;2;9
2022-06-08;"60+";14;14;14;14;14;14;14;14;14;14;14;14;24;24;24;24;24;24;24;24;24;24;24;24;1;1;1;1;1;1;1;1;1;1;1;14;24
2022-06-08;"alle";16;16;16;16;16;16;16;16;16;16;16;16;33;33;33;33;33;33;33;33;33;33;33;33;NA;NA;NA;NA;NA;NA;NA;NA;NA;NA;NA;16;33
2022-06-07;"0-60";0;0;0;0;0;0;0;0;0;0;0;0;8;8;8;8;8;8;8;8;8;8;8;8;1;1;1;1;1;1;1;1;1;1;1;0;8
2022-06-07;"60+";0;0;0;0;0;0;0;0;0;0;0;0;15;15;15;15;15;15;15;15;15;15;15;15;1;1;1;1;1;1;1;1;1;1;1;0;15
2022-06-07;"alle";0;0;0;0;0;0;0;0;0;0;0;0;23;23;23;23;23;23;23;23;23;23;23;23;NA;NA;NA;NA;NA;NA;NA;NA;NA;NA;NA;0;23
2022-06-06;"0-60";0;0;0;0;0;0;0;0;0;0;0;0;11;11;11;11;11;11;11;11;11;11;11;11;1;1;1;1;1;1;1;1;1;1;1;0;11
2022-06-06;"60+";0;0;0;0;0;0;0;0;0;0;0;0;24;24;24;24;24;24;24;24;24;24;24;24;1;1;1;1;1;1;1;1;1;1;1;0;24
2022-06-06;"alle";0;0;0;0;0;0;0;0;0;0;0;0;35;35;35;35;35;35;35;35;35;35;35;35;NA;NA;NA;NA;NA;NA;NA;NA;NA;NA;NA;0;35
2022-06-05;"0-60";0;0;0;0;0;0;0;0;0;0;0;0;11;11;11;11;11;11;11;11;11;11;11;11;1;1;1;1;1;1;1;1;1;1;1;0;11
2022-06-05;"60+";0;0;0;0;0;0;0;0;0;0;0;0;24;24;24;24;24;24;24;24;24;24;24;24;1;1;1;1;1;1;1;1;1;1;1;0;24
2022-06-05;"alle";0;0;0;0;0;0;0;0;0;0;0;0;35;35;35;35;35;35;35;35;35;35;35;35;NA;NA;NA;NA;NA;NA;NA;NA;NA;NA;NA;0;35
2022-06-04;"0-60";5;5;5;5;5;5;5;5;5;5;5;5;11;11;11;11;11;11;11;11;11;11;11;11;1;1;1;1;1;1;1;1;1;1;1;5;11
2022-06-04;"60+";1;1;1;1;1;1;1;1;1;1;1;1;24;24;24;24;24;24;24;24;24;24;24;24;1;1;1;1;1;1;1;1;1;1;1;1;24
2022-06-04;"alle";6;6;6;6;6;6;6;6;6;6;6;6;35;35;35;35;35;35;35;35;35;35;35;35;NA;NA;NA;NA;NA;NA;NA;NA;NA;NA;NA;6;35
2022-06-03;"0-60";1;1;1;1;1;1;1;1;1;1;1;1;8;8;8;8;8;8;8;8;8;8;8;8;1;1;1;1;1;1;1;1;1;1;1;1;8
2022-06-03;"60+";3;3;3;3;3;3;3;3;3;3;3;3;25;25;25;25;25;25;25;25;25;25;25;25;1;1;1;1;1;1;1;1;1;1;1;3;25
2022-06-03;"alle";4;4;4;4;4;4;4;4;4;4;4;4;33;33;33;33;33;33;33;33;33;33;33;33;NA;NA;NA;NA;NA;NA;NA;NA;NA;NA;NA;4;33
2022-06-02;"0-60";1;1;1;1;1;1;1;1;1;1;1;1;7;7;7;7;7;7;7;7;7;7;7;7;1;1;1;1;1;1;1;1;1;1;1;1;7
2022-06-02;"60+";6;6;6;6;6;6;6;6;6;6;6;6;22;22;22;22;22;22;22;22;22;22;22;22;1;1;1;1;1;1;1;1;1;1;1;6;22
2022-06-02;"alle";7;7;7;7;7;7;7;7;7;7;7;7;29;29;29;29;29;29;29;29;29;29;29;29;NA;NA;NA;NA;NA;NA;NA;NA;NA;NA;NA;7;29
2022-06-01;"0-60";1;1;1;1;1;1;1;1;1;1;1;1;6;6;6;6;6;6;6;6;6;6;6;6;1;1;1;1;1;1;1;1;1;1;1;1;6
2022-06-01;"60+";5;5;5;5;5;5;5;5;5;5;5;5;18;18;18;18;18;18;18;18;18;18;18;18;1;1;1;1;1;1;1;1;1;1;1;5;18
2022-06-01;"alle";6;6;6;6;6;6;6;6;6;6;6;6;24;24;24;24;24;24;24;24;24;24;24;24;NA;NA;NA;NA;NA;NA;NA;NA;NA;NA;NA;6;24
2022-05-31;"0-60";3;3;3;3;3;3;3;3;3;3;3;3;6;6;6;6;6;6;6;6;6;6;6;6;1;1;1;1;1;1;1;1;1;1;1;3;6
2022-05-31;"60+";9;9;9;9;9;9;9;9;9;9;9;9;18;18;18;18;18;18;18;18;18;18;18;18;1;1;1;1;1;1;1;1;1;1;1;9;18
2022-05-31;"alle";12;12;12;12;12;12;12;12;12;12;12;12;24;24;24;24;24;24;24;24;24;24;24;24;NA;NA;NA;NA;NA;NA;NA;NA;NA;NA;NA;12;24
2022-05-30;"0-60";0;0;0;0;0;0;0;0;0;0;0;0;6;6;6;6;6;6;6;6;6;6;6;6;1;1;1;1;1;1;1;1;1;1;1;0;6
2022-05-30;"60+";0;0;0;0;0;0;0;0;0;0;0;0;14;14;14;14;14;14;14;14;14;14;14;14;1;1;1;1;1;1;1;1;1;1;1;0;13
2022-05-30;"alle";0;0;0;0;0;0;0;0;0;0;0;0;20;20;20;20;20;20;20;20;20;20;20;20;NA;NA;NA;NA;NA;NA;NA;NA;NA;NA;NA;0;19
2022-05-29;"0-60";0;0;0;0;0;0;0;0;0;0;0;0;6;6;6;6;6;6;6;6;6;6;6;6;1;1;1;1;1;1;1;1;1;1;1;0;6
2022-05-29;"60+";0;0;0;0;0;0;0;0;0;0;0;0;14;14;14;14;14;14;14;14;14;14;14;14;1;1;1;1;1;1;1;1;1;1;1;0;13
2022-05-29;"alle";0;0;0;0;0;0;0;0;0;0;0;0;20;20;20;20;20;20;20;20;20;20;20;20;NA;NA;NA;NA;NA;NA;NA;NA;NA;NA;NA;0;19
2022-05-28;"0-60";2;2;2;2;2;2;2;2;2;2;2;2;6;6;6;6;6;6;6;6;6;6;6;6;1;1;1;1;1;1;1;1;1;1;1;2;6
2022-05-28;"60+";2;2;2;2;2;2;2;2;2;2;2;2;14;14;14;14;14;14;14;14;14;14;14;14;1;1;1;1;1;1;1;1;1;1;1;2;13
2022-05-28;"alle";4;4;4;4;4;4;4;4;4;4;4;4;20;20;20;20;20;20;20;20;20;20;20;20;NA;NA;NA;NA;NA;NA;NA;NA;NA;NA;NA;4;19
2022-05-27;"0-60";0;0;0;0;0;0;0;0;0;0;0;0;5;5;5;5;5;5;5;5;5;5;5;5;1;1;1;1;1;1;1;1;1;1;1;0;5
2022-05-27;"60+";0;0;0;0;0;0;0;0;0;0;0;0;14;14;14;14;14;14;14;14;14;14;14;14;1;1;1;1;1;1;1;1;1;1;1;0;13
2022-05-27;"alle";0;0;0;0;0;0;0;0;0;0;0;0;19;19;19;19;19;19;19;19;19;19;19;19;NA;NA;NA;NA;NA;NA;NA;NA;NA;NA;NA;0;18
2022-05-26;"0-60";0;0;0;0;0;0;0;0;0;0;0;0;8;8;8;8;8;8;8;8;8;8;8;8;1;1;1;1;1;1;1;1;1;1;1;0;8
2022-05-26;"60+";2;2;2;2;2;2;2;2;2;2;2;2;20;20;20;20;20;20;20;20;20;20;20;20;1;1;1;1;1;1;1;1;1;1;1;2;19
2022-05-26;"alle";2;2;2;2;2;2;2;2;2;2;2;2;28;28;28;28;28;28;28;28;28;28;28;28;NA;NA;NA;NA;NA;NA;NA;NA;NA;NA;NA;2;27
2022-05-25;"0-60";1;1;1;1;1;1;1;1;1;1;1;1;9;9;9;9;9;9;9;9;9;9;9;9;1;1;1;1;1;1;1;1;1;1;1;1;9
2022-05-25;"60+";5;5;5;5;5;5;5;5;5;5;5;5;20;20;20;20;20;20;20;20;20;20;20;20;1;1;1;1;1;1;1;1;1;1;1;5;19
2022-05-25;"alle";6;6;6;6;6;6;6;6;6;6;6;6;29;29;29;29;29;29;29;29;29;29;29;29;NA;NA;NA;NA;NA;NA;NA;NA;NA;NA;NA;6;28
2022-05-24;"0-60";3;3;3;3;3;3;3;3;3;3;3;3;10;10;10;10;10;10;10;10;10;10;10;10;1;1;1;1;1;1;1;1;1;1;1;3;10
2022-05-24;"60+";5;5;5;5;5;5;5;5;5;5;5;5;18;18;18;18;18;18;18;18;18;18;18;18;1;1;1;1;1;1;1;1;1;1;1;4;17
2022-05-24;"alle";8;8;8;8;8;8;8;8;8;8;8;8;28;28;28;28;28;28;28;28;28;28;28;28;NA;NA;NA;NA;NA;NA;NA;NA;NA;NA;NA;7;27
2022-05-23;"0-60";0;0;0;0;0;0;0;0;0;0;0;0;9;9;9;9;9;9;9;9;9;9;9;9;1;1;1;1;1;1;1;1;1;1;1;0;9
2022-05-23;"60+";0;0;0;0;0;0;0;0;0;0;0;0;16;16;16;16;16;16;16;16;16;16;16;16;1;1;1;1;1;1;1;1;1;1;1;0;16
2022-05-23;"alle";0;0;0;0;0;0;0;0;0;0;0;0;25;25;25;25;25;25;25;25;25;25;25;25;NA;NA;NA;NA;NA;NA;NA;NA;NA;NA;NA;0;25
2022-05-22;"0-60";0;0;0;0;0;0;0;0;0;0;0;0;9;9;9;9;9;9;9;9;9;9;9;9;1;1;1;1;1;1;1;1;1;1;1;0;9
2022-05-22;"60+";0;0;0;0;0;0;0;0;0;0;0;0;16;16;16;16;16;16;16;16;16;16;16;16;1;1;1;1;1;1;1;1;1;1;1;0;16
2022-05-22;"alle";0;0;0;0;0;0;0;0;0;0;0;0;25;25;25;25;25;25;25;25;25;25;25;25;NA;NA;NA;NA;NA;NA;NA;NA;NA;NA;NA;0;25
2022-05-21;"0-60";1;1;1;1;1;1;1;1;1;1;1;1;11;11;11;11;11;11;11;11;11;11;11;11;1;1;1;1;1;1;1;1;1;1;1;1;11
2022-05-21;"60+";2;2;2;2;2;2;2;2;2;2;2;2;17;17;17;17;17;17;17;17;17;17;17;17;1;1;1;1;1;1;1;1;1;1;1;2;17
2022-05-21;"alle";3;3;3;3;3;3;3;3;3;3;3;3;28;28;28;28;28;28;28;28;28;28;28;28;NA;NA;NA;NA;NA;NA;NA;NA;NA;NA;NA;3;28
2022-05-20;"0-60";3;3;3;3;3;3;3;3;3;3;3;3;13;13;13;13;13;13;13;13;13;13;13;13;1;1;1;1;1;1;1;1;1;1;1;3;13
2022-05-20;"60+";6;6;6;6;6;6;6;6;6;6;6;6;18;18;18;18;18;18;18;18;18;18;18;18;1;1;1;1;1;1;1;1;1;1;1;6;18
2022-05-20;"alle";9;9;9;9;9;9;9;9;9;9;9;9;31;31;31;31;31;31;31;31;31;31;31;31;NA;NA;NA;NA;NA;NA;NA;NA;NA;NA;NA;9;31
2022-05-19;"0-60";1;1;1;1;1;1;1;1;1;1;1;1;11;11;11;11;11;11;11;11;11;11;11;11;1;1;1;1;1;1;1;1;1;1;1;1;11
2022-05-19;"60+";2;2;2;2;2;2;2;2;2;2;2;2;18;18;18;18;18;18;18;18;18;18;18;18;1;1;1;1;1;1;1;1;1;1;1;2;18
2022-05-19;"alle";3;3;3;3;3;3;3;3;3;3;3;3;29;29;29;29;29;29;29;29;29;29;29;29;NA;NA;NA;NA;NA;NA;NA;NA;NA;NA;NA;3;29
2022-05-18;"0-60";2;2;2;2;2;2;2;2;2;2;2;2;13;13;13;13;13;13;13;13;13;13;13;13;1;1;1;1;1;1;1;1;1;1;1;2;13
2022-05-18;"60+";3;3;3;3;3;3;3;3;3;3;3;3;18;18;18;18;18;18;18;18;18;18;18;18;1;1;1;1;1;1;1;1;1;1;1;3;18
2022-05-18;"alle";5;5;5;5;5;5;5;5;5;5;5;5;31;31;31;31;31;31;31;31;31;31;31;31;NA;NA;NA;NA;NA;NA;NA;NA;NA;NA;NA;5;31
2022-05-17;"0-60";2;2;2;2;2;2;2;2;2;2;2;2;14;14;14;14;14;14;14;14;14;14;14;14;1;1;1;1;1;1;1;1;1;1;1;2;14
2022-05-17;"60+";3;3;3;3;3;3;3;3;3;3;3;3;20;20;20;20;20;20;20;20;20;20;20;20;1;1;1;1;1;1;1;1;1;1;1;3;20
2022-05-17;"alle";5;5;5;5;5;5;5;5;5;5;5;5;34;34;34;34;34;34;34;34;34;34;34;34;NA;NA;NA;NA;NA;NA;NA;NA;NA;NA;NA;5;34
2022-05-16;"0-60";0;0;0;0;0;0;0;0;0;0;0;0;14;14;14;14;14;14;14;14;14;14;14;14;1;1;1;1;1;1;1;1;1;1;1;0;14
2022-05-16;"60+";0;0;0;0;0;0;0;0;0;0;0;0;19;19;19;19;19;19;19;19;19;19;19;19;1;1;1;1;1;1;1;1;1;1;1;0;18
2022-05-16;"alle";0;0;0;0;0;0;0;0;0;0;0;0;33;33;33;33;33;33;33;33;33;33;33;33;NA;NA;NA;NA;NA;NA;NA;NA;NA;NA;NA;0;32
2022-05-15;"0-60";2;2;2;2;2;2;2;2;2;2;2;2;14;14;14;14;14;14;14;14;14;14;14;14;1;1;1;1;1;1;1;1;1;1;1;2;14
2022-05-15;"60+";1;1;1;1;1;1;1;1;1;1;1;1;19;19;19;19;19;19;19;19;19;19;19;19;1;1;1;1;1;1;1;1;1;1;1;1;18
2022-05-15;"alle";3;3;3;3;3;3;3;3;3;3;3;3;33;33;33;33;33;33;33;33;33;33;33;33;NA;NA;NA;NA;NA;NA;NA;NA;NA;NA;NA;3;32
2022-05-14;"0-60";3;3;3;3;3;3;3;3;3;3;3;3;14;14;14;14;14;14;14;14;14;14;14;14;1;1;1;1;1;1;1;1;1;1;1;3;14
2022-05-14;"60+";3;3;3;3;3;3;3;3;3;3;3;3;20;20;20;20;20;20;20;20;20;20;20;20;1;1;1;1;1;1;1;1;1;1;1;3;19
2022-05-14;"alle";6;6;6;6;6;6;6;6;6;6;6;6;34;34;34;34;34;34;34;34;34;34;34;34;NA;NA;NA;NA;NA;NA;NA;NA;NA;NA;NA;6;33
2022-05-13;"0-60";1;1;1;1;1;1;1;1;1;1;1;1;13;13;13;13;13;13;13;13;13;13;13;13;1;1;1;1;1;1;1;1;1;1;1;1;13
2022-05-13;"60+";6;6;6;6;6;6;6;6;6;6;6;6;23;23;23;23;23;23;23;23;23;23;23;23;1;1;1;1;1;1;1;1;1;1;1;6;22
2022-05-13;"alle";7;7;7;7;7;7;7;7;7;7;7;7;36;36;36;36;36;36;36;36;36;36;36;36;NA;NA;NA;NA;NA;NA;NA;NA;NA;NA;NA;7;35
2022-05-12;"0-60";3;3;3;3;3;3;3;3;3;3;3;3;15;15;15;15;15;15;15;15;15;15;15;15;1;1;1;1;1;1;1;1;1;1;1;3;15
2022-05-12;"60+";2;2;2;2;2;2;2;2;2;2;2;2;22;22;22;22;22;22;22;22;22;22;22;22;1;1;1;1;1;1;1;1;1;1;1;2;21
2022-05-12;"alle";5;5;5;5;5;5;5;5;5;5;5;5;37;37;37;37;37;37;37;37;37;37;37;37;NA;NA;NA;NA;NA;NA;NA;NA;NA;NA;NA;5;36
2022-05-11;"0-60";3;3;3;3;3;3;3;3;3;3;3;3;13;13;13;13;13;13;13;13;13;13;13;13;1;1;1;1;1;1;1;1;1;1;1;3;13
2022-05-11;"60+";5;5;5;5;5;5;5;5;5;5;5;5;25;25;25;25;25;25;25;25;25;25;25;25;1;1;1;1;1;1;1;1;1;1;1;5;24
2022-05-11;"alle";8;8;8;8;8;8;8;8;8;8;8;8;38;38;38;38;38;38;38;38;38;38;38;38;NA;NA;NA;NA;NA;NA;NA;NA;NA;NA;NA;8;37
2022-05-10;"0-60";2;2;2;2;2;2;2;2;2;2;2;2;15;15;15;15;15;15;15;15;15;15;15;15;1;1;1;1;1;1;1;1;1;1;1;2;15
2022-05-10;"60+";2;2;2;2;2;2;2;2;2;2;2;2;30;30;30;30;30;30;30;30;30;30;30;30;1;1;1;1;1;1;1;1;1;1;1;1;29
2022-05-10;"alle";4;4;4;4;4;4;4;4;4;4;4;4;45;45;45;45;45;45;45;45;45;45;45;45;NA;NA;NA;NA;NA;NA;NA;NA;NA;NA;NA;3;44
2022-05-09;"0-60";0;0;0;0;0;0;0;0;0;0;0;0;16;16;16;16;16;16;16;16;16;16;16;16;1;1;1;1;1;1;1;1;1;1;1;0;16
2022-05-09;"60+";0;0;0;0;0;0;0;0;0;0;0;0;38;38;38;38;38;38;38;38;38;38;38;38;1;1;1;1;1;1;1;1;1;1;1;0;38
2022-05-09;"alle";0;0;0;0;0;0;0;0;0;0;0;0;54;54;54;54;54;54;54;54;54;54;54;54;NA;NA;NA;NA;NA;NA;NA;NA;NA;NA;NA;0;54
2022-05-08;"0-60";2;2;2;2;2;2;2;2;2;2;2;2;16;16;16;16;16;16;16;16;16;16;16;16;1;1;1;1;1;1;1;1;1;1;1;2;16
2022-05-08;"60+";2;2;2;2;2;2;2;2;2;2;2;2;38;38;38;38;38;38;38;38;38;38;38;38;1;1;1;1;1;1;1;1;1;1;1;2;38
2022-05-08;"alle";4;4;4;4;4;4;4;4;4;4;4;4;54;54;54;54;54;54;54;54;54;54;54;54;NA;NA;NA;NA;NA;NA;NA;NA;NA;NA;NA;4;54
2022-05-07;"0-60";2;2;2;2;2;2;2;2;2;2;2;2;15;15;15;15;15;15;15;15;15;15;15;15;1;1;1;1;1;1;1;1;1;1;1;2;15
2022-05-07;"60+";6;6;6;6;6;6;6;6;6;6;6;6;37;37;37;37;37;37;37;37;37;37;37;37;1;1;1;1;1;1;1;1;1;1;1;6;37
2022-05-07;"alle";8;8;8;8;8;8;8;8;8;8;8;8;52;52;52;52;52;52;52;52;52;52;52;52;NA;NA;NA;NA;NA;NA;NA;NA;NA;NA;NA;8;52
2022-05-06;"0-60";3;3;3;3;3;3;3;3;3;3;3;3;17;17;17;17;17;17;17;17;17;17;17;17;1;1;1;1;1;1;1;1;1;1;1;3;17
2022-05-06;"60+";5;5;5;5;5;5;5;5;5;5;5;5;38;38;38;38;38;38;38;38;38;38;38;38;1;1;1;1;1;1;1;1;1;1;1;5;38
2022-05-06;"alle";8;8;8;8;8;8;8;8;8;8;8;8;55;55;55;55;55;55;55;55;55;55;55;55;NA;NA;NA;NA;NA;NA;NA;NA;NA;NA;NA;8;55
2022-05-05;"0-60";1;1;1;1;1;1;1;1;1;1;1;1;19;19;19;19;19;19;19;19;19;19;19;19;1;1;1;1;1;1;1;1;1;1;1;1;19
2022-05-05;"60+";5;5;5;5;5;5;5;5;5;5;5;5;44;44;44;44;44;44;44;44;44;44;44;44;1;1;1;1;1;1;1;1;1;1;1;5;44
2022-05-05;"alle";6;6;6;6;6;6;6;6;6;6;6;6;63;63;63;63;63;63;63;63;63;63;63;63;NA;NA;NA;NA;NA;NA;NA;NA;NA;NA;NA;6;63
2022-05-04;"0-60";5;5;5;5;5;5;5;5;5;5;5;5;18;18;18;18;18;18;18;18;18;18;18;18;1;1;1;1;1;1;1;1;1;1;1;5;18
2022-05-04;"60+";10;10;10;10;10;10;10;10;10;10;10;10;42;42;42;42;42;42;42;42;42;42;42;42;1;1;1;1;1;1;1;1;1;1;1;10;42
2022-05-04;"alle";15;15;15;15;15;15;15;15;15;15;15;15;60;60;60;60;60;60;60;60;60;60;60;60;NA;NA;NA;NA;NA;NA;NA;NA;NA;NA;NA;15;60
2022-05-03;"0-60";3;3;3;3;3;3;3;3;3;3;3;3;16;16;16;16;16;16;16;16;16;16;16;16;1;1;1;1;1;1;1;1;1;1;1;3;15
2022-05-03;"60+";10;10;10;10;10;10;10;10;10;10;10;10;49;49;49;49;49;49;49;49;49;49;49;49;1;1;1;1;1;1;1;1;1;1;1;10;49
2022-05-03;"alle";13;13;13;13;13;13;13;13;13;13;13;13;65;65;65;65;65;65;65;65;65;65;65;65;NA;NA;NA;NA;NA;NA;NA;NA;NA;NA;NA;13;65
2022-05-02;"0-60";0;0;0;0;0;0;0;0;0;0;0;0;22;22;22;22;22;22;22;22;22;22;22;22;1;1;1;1;1;1;1;1;1;1;1;0;20
2022-05-02;"60+";0;0;0;0;0;0;0;0;0;0;0;0;44;44;44;44;44;44;44;44;44;44;44;44;1;1;1;1;1;1;1;1;1;1;1;0;44
2022-05-02;"alle";0;0;0;0;0;0;0;0;0;0;0;0;66;66;66;66;66;66;66;66;66;66;66;66;NA;NA;NA;NA;NA;NA;NA;NA;NA;NA;NA;0;65
2022-05-01;"0-60";1;1;1;1;1;1;1;1;1;1;1;1;22;22;22;22;22;22;22;22;22;22;22;22;1;1;1;1;1;1;1;1;1;1;1;1;20
2022-05-01;"60+";1;1;1;1;1;1;1;1;1;1;1;1;44;44;44;44;44;44;44;44;44;44;44;44;1;1;1;1;1;1;1;1;1;1;1;1;44
2022-05-01;"alle";2;2;2;2;2;2;2;2;2;2;2;2;66;66;66;66;66;66;66;66;66;66;66;66;NA;NA;NA;NA;NA;NA;NA;NA;NA;NA;NA;2;65
2022-04-30;"0-60";4;4;4;4;4;4;4;4;4;4;4;4;24;24;24;24;24;24;24;24;24;24;24;24;1;1;1;1;1;1;1;1;1;1;1;4;22
2022-04-30;"60+";7;7;7;7;7;7;7;7;7;7;7;7;50;50;50;50;50;50;50;50;50;50;50;50;1;1;1;1;1;1;1;1;1;1;1;7;50
2022-04-30;"alle";11;11;11;11;11;11;11;11;11;11;11;11;74;74;74;74;74;74;74;74;74;74;74;74;NA;NA;NA;NA;NA;NA;NA;NA;NA;NA;NA;11;73
2022-04-29;"0-60";5;5;5;5;5;5;5;5;5;5;5;5;23;23;23;23;23;23;23;23;23;23;23;23;1;1;1;1;1;1;1;1;1;1;1;5;21
2022-04-29;"60+";11;11;11;11;11;11;11;11;11;11;11;11;49;49;49;49;49;49;49;49;49;49;49;49;1;1;1;1;1;1;1;1;1;1;1;11;49
2022-04-29;"alle";16;16;16;16;16;16;16;16;16;16;16;16;72;72;72;72;72;72;72;72;72;72;72;72;NA;NA;NA;NA;NA;NA;NA;NA;NA;NA;NA;16;71
2022-04-28;"0-60";0;0;0;0;0;0;0;0;0;0;0;0;20;20;20;20;20;20;20;20;20;20;20;20;1;1;1;1;1;1;1;1;1;1;1;0;18
2022-04-28;"60+";3;3;3;3;3;3;3;3;3;3;3;3;45;45;45;45;45;45;45;45;45;45;45;45;1;1;1;1;1;1;1;1;1;1;1;3;45
2022-04-28;"alle";3;3;3;3;3;3;3;3;3;3;3;3;65;65;65;65;65;65;65;65;65;65;65;65;NA;NA;NA;NA;NA;NA;NA;NA;NA;NA;NA;3;64
2022-04-27;"0-60";3;3;3;3;3;3;3;3;3;3;3;3;25;25;25;25;25;25;25;25;25;25;25;25;1;1;1;1;1;1;1;1;1;1;1;2;23
2022-04-27;"60+";17;17;17;17;17;17;17;17;17;17;17;17;54;54;54;54;54;54;54;54;54;54;54;54;1;1;1;1;1;1;1;1;1;1;1;17;54
2022-04-27;"alle";20;20;20;20;20;20;20;20;20;20;20;20;79;79;79;79;79;79;79;79;79;79;79;79;NA;NA;NA;NA;NA;NA;NA;NA;NA;NA;NA;20;78
2022-04-26;"0-60";9;9;9;9;9;9;9;9;9;9;9;9;30;30;30;30;30;30;30;30;30;30;30;30;1;1;1;1;1;1;1;1;1;1;1;8;29
2022-04-26;"60+";5;5;5;5;5;5;5;5;5;5;5;5;51;51;51;51;51;51;51;51;51;51;51;51;1;1;1;1;1;1;1;1;1;1;1;5;51
2022-04-26;"alle";14;14;14;14;14;14;14;14;14;14;14;14;81;81;81;81;81;81;81;81;81;81;81;81;NA;NA;NA;NA;NA;NA;NA;NA;NA;NA;NA;13;80
2022-04-25;"0-60";0;0;0;0;0;0;0;0;0;0;0;0;21;21;21;21;21;21;21;21;21;21;21;21;1;1;1;1;1;1;1;1;1;1;1;0;21
2022-04-25;"60+";0;0;0;0;0;0;0;0;0;0;0;0;46;46;46;46;46;46;46;46;46;46;46;46;1;1;1;1;1;1;1;1;1;1;1;0;46
2022-04-25;"alle";0;0;0;0;0;0;0;0;0;0;0;0;67;67;67;67;67;67;67;67;67;67;67;67;NA;NA;NA;NA;NA;NA;NA;NA;NA;NA;NA;0;67
2022-04-24;"0-60";3;3;3;3;3;3;3;3;3;3;3;3;21;21;21;21;21;21;21;21;21;21;21;21;1;1;1;1;1;1;1;1;1;1;1;3;21
2022-04-24;"60+";7;7;7;7;7;7;7;7;7;7;7;7;46;46;46;46;46;46;46;46;46;46;46;46;1;1;1;1;1;1;1;1;1;1;1;7;46
2022-04-24;"alle";10;10;10;10;10;10;10;10;10;10;10;10;67;67;67;67;67;67;67;67;67;67;67;67;NA;NA;NA;NA;NA;NA;NA;NA;NA;NA;NA;10;67
2022-04-23;"0-60";3;3;3;3;3;3;3;3;3;3;3;3;21;21;21;21;21;21;21;21;21;21;21;21;1;1;1;1;1;1;1;1;1;1;1;3;21
2022-04-23;"60+";6;6;6;6;6;6;6;6;6;6;6;6;48;48;48;48;48;48;48;48;48;48;48;48;1;1;1;1;1;1;1;1;1;1;1;6;47
2022-04-23;"alle";9;9;9;9;9;9;9;9;9;9;9;9;69;69;69;69;69;69;69;69;69;69;69;69;NA;NA;NA;NA;NA;NA;NA;NA;NA;NA;NA;9;68
2022-04-22;"0-60";2;2;2;2;2;2;2;2;2;2;2;2;18;18;18;18;18;18;18;18;18;18;18;18;1;1;1;1;1;1;1;1;1;1;1;2;18
2022-04-22;"60+";7;7;7;7;7;7;7;7;7;7;7;7;42;42;42;42;42;42;42;42;42;42;42;42;1;1;1;1;1;1;1;1;1;1;1;7;41
2022-04-22;"alle";9;9;9;9;9;9;9;9;9;9;9;9;60;60;60;60;60;60;60;60;60;60;60;60;NA;NA;NA;NA;NA;NA;NA;NA;NA;NA;NA;9;59
2022-04-21;"0-60";5;5;5;5;5;5;5;5;5;5;5;5;18;18;18;18;18;18;18;18;18;18;18;18;1;1;1;1;1;1;1;1;1;1;1;5;18
2022-04-21;"60+";12;12;12;12;12;12;12;12;12;12;12;12;47;47;47;47;47;47;47;47;47;47;47;47;1;1;1;1;1;1;1;1;1;1;1;12;46
2022-04-21;"alle";17;17;17;17;17;17;17;17;17;17;17;17;65;65;65;65;65;65;65;65;65;65;65;65;NA;NA;NA;NA;NA;NA;NA;NA;NA;NA;NA;17;64
2022-04-20;"0-60";8;8;8;8;8;8;8;8;8;8;8;8;18;18;18;18;18;18;18;18;18;18;18;18;1;1;1;1;1;1;1;1;1;1;1;8;18
2022-04-20;"60+";14;14;14;14;14;14;14;14;14;14;14;14;52;52;52;52;52;52;52;52;52;52;52;52;1;1;1;1;1;1;1;1;1;1;1;14;51
2022-04-20;"alle";22;22;22;22;22;22;22;22;22;22;22;22;70;70;70;70;70;70;70;70;70;70;70;70;NA;NA;NA;NA;NA;NA;NA;NA;NA;NA;NA;22;69
2022-04-19;"0-60";0;0;0;0;0;0;0;0;0;0;0;0;17;17;17;17;17;17;17;17;17;17;17;17;1;1;1;1;1;1;1;1;1;1;1;0;17
2022-04-19;"60+";0;0;0;0;0;0;0;0;0;0;0;0;54;54;54;54;54;54;54;54;54;54;54;54;1;1;1;1;1;1;1;1;1;1;1;0;52
2022-04-19;"alle";0;0;0;0;0;0;0;0;0;0;0;0;71;71;71;71;71;71;71;71;71;71;71;71;NA;NA;NA;NA;NA;NA;NA;NA;NA;NA;NA;0;69
2022-04-18;"0-60";0;0;0;0;0;0;0;0;0;0;0;0;24;24;24;24;24;24;24;24;24;24;24;24;1;1;1;1;1;1;1;1;1;1;1;0;24
2022-04-18;"60+";0;0;0;0;0;0;0;0;0;0;0;0;71;71;71;71;71;71;71;71;71;71;71;71;1;1;1;1;1;1;1;1;1;1;1;0;69
2022-04-18;"alle";0;0;0;0;0;0;0;0;0;0;0;0;95;95;95;95;95;95;95;95;95;95;95;95;NA;NA;NA;NA;NA;NA;NA;NA;NA;NA;NA;0;93
2022-04-17;"0-60";3;3;3;3;3;3;3;3;3;3;3;3;24;24;24;24;24;24;24;24;24;24;24;24;1;1;1;1;1;1;1;1;1;1;1;3;24
2022-04-17;"60+";9;9;9;9;9;9;9;9;9;9;9;9;71;71;71;71;71;71;71;71;71;71;71;71;1;1;1;1;1;1;1;1;1;1;1;8;69
2022-04-17;"alle";12;12;12;12;12;12;12;12;12;12;12;12;95;95;95;95;95;95;95;95;95;95;95;95;NA;NA;NA;NA;NA;NA;NA;NA;NA;NA;NA;11;93
2022-04-16;"0-60";0;0;0;0;0;0;0;0;0;0;0;0;28;28;28;28;28;28;28;28;28;28;28;28;1;1;1;1;1;1;1;1;1;1;1;0;28
2022-04-16;"60+";0;0;0;0;0;0;0;0;0;0;0;0;69;69;69;69;69;69;69;69;69;69;69;69;1;1;1;1;1;1;1;1;1;1;1;0;67
2022-04-16;"alle";0;0;0;0;0;0;0;0;0;0;0;0;97;97;97;97;97;97;97;97;97;97;97;97;NA;NA;NA;NA;NA;NA;NA;NA;NA;NA;NA;0;95
2022-04-15;"0-60";2;2;2;2;2;2;2;2;2;2;2;2;40;40;40;40;40;40;40;40;40;40;40;40;1;1;1;1;1;1;1;1;1;1;1;2;40
2022-04-15;"60+";12;12;12;12;12;12;12;12;12;12;12;12;86;86;86;86;86;86;86;86;86;86;86;86;1;1;1;1;1;1;1;1;1;1;1;12;83
2022-04-15;"alle";14;14;14;14;14;14;14;14;14;14;14;14;126;126;126;126;126;126;126;126;126;126;126;126;NA;NA;NA;NA;NA;NA;NA;NA;NA;NA;NA;14;123
2022-04-14;"0-60";5;5;5;5;5;5;5;5;5;5;5;5;43;43;43;43;43;43;43;43;43;43;43;43;1;1;1;1;1;1;1;1;1;1;1;5;43
2022-04-14;"60+";17;17;17;17;17;17;17;17;17;17;17;17;84;84;84;84;84;84;84;84;84;84;84;84;1;1;1;1;1;1;1;1;1;1;1;17;80
2022-04-14;"alle";22;22;22;22;22;22;22;22;22;22;22;22;127;127;127;127;127;127;127;127;127;127;127;127;NA;NA;NA;NA;NA;NA;NA;NA;NA;NA;NA;22;124
2022-04-13;"0-60";7;7;7;7;7;7;7;7;7;7;7;7;50;50;50;50;50;50;50;50;50;50;50;50;1;1;1;1;1;1;1;1;1;1;1;7;50
2022-04-13;"60+";16;16;16;16;16;16;16;16;16;16;16;16;83;83;83;83;83;83;83;83;83;83;83;83;1;1;1;1;1;1;1;1;1;1;1;15;78
2022-04-13;"alle";23;23;23;23;23;23;23;23;23;23;23;23;133;133;133;133;133;133;133;133;133;133;133;133;NA;NA;NA;NA;NA;NA;NA;NA;NA;NA;NA;22;129
2022-04-12;"0-60";7;7;7;7;7;7;7;7;7;7;7;7;51;51;51;51;51;51;51;51;51;51;51;51;1;1;1;1;1;1;1;1;1;1;1;7;50
2022-04-12;"60+";17;17;17;17;17;17;17;17;17;17;17;17;73;73;73;73;73;73;73;73;73;73;73;73;1;1;1;1;1;1;1;1;1;1;1;17;69
2022-04-12;"alle";24;24;24;24;24;24;24;24;24;24;24;24;124;124;124;124;124;124;124;124;124;124;124;124;NA;NA;NA;NA;NA;NA;NA;NA;NA;NA;NA;24;120
2022-04-11;"0-60";0;0;0;0;0;0;0;0;0;0;0;0;48;48;48;48;48;48;48;48;48;48;48;48;1;1;1;1;1;1;1;1;1;1;1;0;46
2022-04-11;"60+";0;0;0;0;0;0;0;0;0;0;0;0;66;66;66;66;66;66;66;66;66;66;66;66;1;1;1;1;1;1;1;1;1;1;1;0;62
2022-04-11;"alle";0;0;0;0;0;0;0;0;0;0;0;0;114;114;114;114;114;114;114;114;114;114;114;114;NA;NA;NA;NA;NA;NA;NA;NA;NA;NA;NA;0;109
2022-04-10;"0-60";7;7;7;7;7;7;7;7;7;7;7;7;50;50;50;50;50;50;50;50;50;50;50;50;1;1;1;1;1;1;1;1;1;1;1;7;48
2022-04-10;"60+";7;7;7;7;7;7;7;7;7;7;7;7;67;67;67;67;67;67;67;67;67;67;67;67;1;1;1;1;1;1;1;1;1;1;1;6;63
2022-04-10;"alle";14;14;14;14;14;14;14;14;14;14;14;14;117;117;117;117;117;117;117;117;117;117;117;117;NA;NA;NA;NA;NA;NA;NA;NA;NA;NA;NA;13;112
2022-04-09;"0-60";12;12;12;12;12;12;12;12;12;12;12;12;45;45;45;45;45;45;45;45;45;45;45;45;1;1;1;1;1;1;1;1;1;1;1;12;42
2022-04-09;"60+";17;17;17;17;17;17;17;17;17;17;17;17;69;69;69;69;69;69;69;69;69;69;69;69;1;1;1;1;1;1;1;1;1;1;1;16;65
2022-04-09;"alle";29;29;29;29;29;29;29;29;29;29;29;29;114;114;114;114;114;114;114;114;114;114;114;114;NA;NA;NA;NA;NA;NA;NA;NA;NA;NA;NA;28;108
2022-04-08;"0-60";5;5;5;5;5;5;5;5;5;5;5;5;35;35;35;35;35;35;35;35;35;35;35;35;1;1;1;1;1;1;1;1;1;1;1;5;32
2022-04-08;"60+";10;10;10;10;10;10;10;10;10;10;10;10;63;63;63;63;63;63;63;63;63;63;63;63;1;1;1;1;1;1;1;1;1;1;1;9;60
2022-04-08;"alle";15;15;15;15;15;15;15;15;15;15;15;15;98;98;98;98;98;98;98;98;98;98;98;98;NA;NA;NA;NA;NA;NA;NA;NA;NA;NA;NA;15;93
2022-04-07;"0-60";12;12;12;12;12;12;12;12;12;12;12;12;34;34;34;34;34;34;34;34;34;34;34;34;1;1;1;1;1;1;1;1;1;1;1;12;30
2022-04-07;"60+";16;16;16;16;16;16;16;16;16;16;16;16;69;69;69;69;69;69;69;69;69;69;69;69;1;1;1;1;1;1;1;1;1;1;1;15;67
2022-04-07;"alle";28;28;28;28;28;28;28;28;28;28;28;28;103;103;103;103;103;103;103;103;103;103;103;103;NA;NA;NA;NA;NA;NA;NA;NA;NA;NA;NA;27;97
2022-04-06;"0-60";8;8;8;8;8;8;8;8;8;8;8;8;28;28;28;28;28;28;28;28;28;28;28;28;1;1;1;1;1;1;1;1;1;1;1;7;24
2022-04-06;"60+";6;6;6;6;6;6;6;6;6;6;6;6;67;67;67;67;67;67;67;67;67;67;67;67;1;1;1;1;1;1;1;1;1;1;1;6;65
2022-04-06;"alle";14;14;14;14;14;14;14;14;14;14;14;14;95;95;95;95;95;95;95;95;95;95;95;95;NA;NA;NA;NA;NA;NA;NA;NA;NA;NA;NA;13;89
2022-04-05;"0-60";4;4;4;4;4;4;4;4;4;4;4;4;29;29;29;29;29;29;29;29;29;29;29;29;1;1;1;1;1;1;1;1;1;1;1;3;25
2022-04-05;"60+";10;10;10;10;10;10;10;10;10;10;10;10;79;79;79;79;79;79;79;79;79;79;79;79;1;1;1;1;1;1;1;1;1;1;1;10;77
2022-04-05;"alle";14;14;14;14;14;14;14;14;14;14;14;14;108;108;108;108;108;108;108;108;108;108;108;108;NA;NA;NA;NA;NA;NA;NA;NA;NA;NA;NA;13;102
2022-04-04;"0-60";2;2;2;2;2;2;2;2;2;2;2;2;27;27;27;27;27;27;27;27;27;27;27;27;1;1;1;1;1;1;1;1;1;1;1;2;24
2022-04-04;"60+";1;1;1;1;1;1;1;1;1;1;1;1;79;79;79;79;79;79;79;79;79;79;79;79;1;1;1;1;1;1;1;1;1;1;1;1;75
2022-04-04;"alle";3;3;3;3;3;3;3;3;3;3;3;3;106;106;106;106;106;106;106;106;106;106;106;106;NA;NA;NA;NA;NA;NA;NA;NA;NA;NA;NA;3;99
2022-04-03;"0-60";2;2;2;2;2;2;2;2;2;2;2;2;26;26;26;26;26;26;26;26;26;26;26;26;1;1;1;1;1;1;1;1;1;1;1;1;23
2022-04-03;"60+";9;9;9;9;9;9;9;9;9;9;9;9;85;85;85;85;85;85;85;85;85;85;85;85;1;1;1;1;1;1;1;1;1;1;1;8;80
2022-04-03;"alle";11;11;11;11;11;11;11;11;11;11;11;11;111;111;111;111;111;111;111;111;111;111;111;111;NA;NA;NA;NA;NA;NA;NA;NA;NA;NA;NA;9;103
2022-04-02;"0-60";2;2;2;2;2;2;2;2;2;2;2;2;31;31;31;31;31;31;31;31;31;31;31;31;1;1;1;1;1;1;1;1;1;1;1;2;27
2022-04-02;"60+";11;11;11;11;11;11;11;11;11;11;11;11;91;91;91;91;91;91;91;91;91;91;91;91;1;1;1;1;1;1;1;1;1;1;1;11;85
2022-04-02;"alle";13;13;13;13;13;13;13;13;13;13;13;13;122;122;122;122;122;122;122;122;122;122;122;122;NA;NA;NA;NA;NA;NA;NA;NA;NA;NA;NA;13;112
2022-04-01;"0-60";4;4;4;4;4;4;4;4;4;4;4;4;31;31;31;31;31;31;31;31;31;31;31;31;1;1;1;1;1;1;1;1;1;1;1;3;27
2022-04-01;"60+";16;16;16;16;16;16;16;16;16;16;16;16;102;102;102;102;102;102;102;102;102;102;102;102;1;1;1;1;1;1;1;1;1;1;1;16;94
2022-04-01;"alle";20;20;20;20;20;20;20;20;20;20;20;20;133;133;133;133;133;133;133;133;133;133;133;133;NA;NA;NA;NA;NA;NA;NA;NA;NA;NA;NA;19;121
2022-03-31;"0-60";6;6;6;6;6;6;6;6;6;6;6;6;32;32;32;32;32;32;32;32;32;32;32;32;1;1;1;1;1;1;1;1;1;1;1;6;29
2022-03-31;"60+";14;14;14;14;14;14;14;14;14;14;14;14;105;105;105;105;105;105;105;105;105;105;105;105;1;1;1;1;1;1;1;1;1;1;1;13;97
2022-03-31;"alle";20;20;20;20;20;20;20;20;20;20;20;20;137;137;137;137;137;137;137;137;137;137;137;137;NA;NA;NA;NA;NA;NA;NA;NA;NA;NA;NA;19;126
2022-03-30;"0-60";9;9;9;9;9;9;9;9;9;9;9;9;31;31;31;31;31;31;31;31;31;31;31;31;1;1;1;1;1;1;1;1;1;1;1;8;27
2022-03-30;"60+";18;18;18;18;18;18;18;18;18;18;18;18;120;120;120;120;120;120;120;120;120;120;120;120;1;1;1;1;1;1;1;1;1;1;1;18;111
2022-03-30;"alle";27;27;27;27;27;27;27;27;27;27;27;27;151;151;151;151;151;151;151;151;151;151;151;151;NA;NA;NA;NA;NA;NA;NA;NA;NA;NA;NA;26;138
2022-03-29;"0-60";2;2;2;2;2;2;2;2;2;2;2;2;33;33;33;33;33;33;33;33;33;33;33;33;1;1;1;1;1;1;1;1;1;1;1;2;30
2022-03-29;"60+";10;10;10;10;10;10;10;10;10;10;10;10;124;124;124;124;124;124;124;124;124;124;124;124;1;1;1;1;1;1;1;1;1;1;1;8;112
2022-03-29;"alle";12;12;12;12;12;12;12;12;12;12;12;12;157;157;157;157;157;157;157;157;157;157;157;157;NA;NA;NA;NA;NA;NA;NA;NA;NA;NA;NA;10;142
2022-03-28;"0-60";1;1;1;1;1;1;1;1;1;1;1;1;34;34;34;34;34;34;34;34;34;34;34;34;1;1;1;1;1;1;1;1;1;1;1;1;31
2022-03-28;"60+";7;7;7;7;7;7;7;7;7;7;7;7;124;124;124;124;124;124;124;124;124;124;124;124;1;1;1;1;1;1;1;1;1;1;1;6;113
2022-03-28;"alle";8;8;8;8;8;8;8;8;8;8;8;8;158;158;158;158;158;158;158;158;158;158;158;158;NA;NA;NA;NA;NA;NA;NA;NA;NA;NA;NA;7;145
2022-03-27;"0-60";7;7;7;7;7;7;7;7;7;7;7;7;35;35;35;35;35;35;35;35;35;35;35;35;1;1;1;1;1;1;1;1;1;1;1;5;32
2022-03-27;"60+";15;15;15;15;15;15;15;15;15;15;15;15;120;120;120;120;120;120;120;120;120;120;120;120;1;1;1;1;1;1;1;1;1;1;1;13;109
2022-03-27;"alle";22;22;22;22;22;22;22;22;22;22;22;22;155;155;155;155;155;155;155;155;155;155;155;155;NA;NA;NA;NA;NA;NA;NA;NA;NA;NA;NA;18;142
2022-03-26;"0-60";2;2;2;2;2;2;2;2;2;2;2;2;35;35;35;35;35;35;35;35;35;35;35;35;1;1;1;1;1;1;1;1;1;1;1;2;30
2022-03-26;"60+";22;22;22;22;22;22;22;22;22;22;22;22;122;122;122;122;122;122;122;122;122;122;122;122;1;1;1;1;1;1;1;1;1;1;1;20;111
2022-03-26;"alle";24;24;24;24;24;24;24;24;24;24;24;24;157;157;157;157;157;157;157;157;157;157;157;157;NA;NA;NA;NA;NA;NA;NA;NA;NA;NA;NA;22;142
2022-03-25;"0-60";5;5;5;5;5;5;5;5;5;5;5;5;42;42;42;42;42;42;42;42;42;42;42;42;1;1;1;1;1;1;1;1;1;1;1;5;35
2022-03-25;"60+";19;19;19;19;19;19;19;19;19;19;19;19;119;119;119;119;119;119;119;119;119;119;119;119;1;1;1;1;1;1;1;1;1;1;1;19;109
2022-03-25;"alle";24;24;24;24;24;24;24;24;24;24;24;24;161;161;161;161;161;161;161;161;161;161;161;161;NA;NA;NA;NA;NA;NA;NA;NA;NA;NA;NA;24;145
2022-03-24;"0-60";5;5;5;5;5;5;5;5;5;5;5;5;51;51;51;51;51;51;51;51;51;51;51;51;1;1;1;1;1;1;1;1;1;1;1;4;41
2022-03-24;"60+";29;29;29;29;29;29;29;29;29;29;29;29;118;118;118;118;118;118;118;118;118;118;118;118;1;1;1;1;1;1;1;1;1;1;1;27;107
2022-03-24;"alle";34;34;34;34;34;34;34;34;34;34;34;34;169;169;169;169;169;169;169;169;169;169;169;169;NA;NA;NA;NA;NA;NA;NA;NA;NA;NA;NA;31;149
2022-03-23;"0-60";11;11;11;11;11;11;11;11;11;11;11;11;51;51;51;51;51;51;51;51;51;51;51;51;1;1;1;1;1;1;1;1;1;1;1;11;40
2022-03-23;"60+";22;22;22;22;22;22;22;22;22;22;22;22;107;107;107;107;107;107;107;107;107;107;107;107;1;1;1;1;1;1;1;1;1;1;1;19;97
2022-03-23;"alle";33;33;33;33;33;33;33;33;33;33;33;33;158;158;158;158;158;158;158;158;158;158;158;158;NA;NA;NA;NA;NA;NA;NA;NA;NA;NA;NA;30;138
2022-03-22;"0-60";3;3;3;3;3;3;3;3;3;3;3;3;46;46;46;46;46;46;46;46;46;46;46;46;1;1;1;1;1;1;1;1;1;1;1;3;34
2022-03-22;"60+";10;10;10;10;10;10;10;10;10;10;10;10;111;111;111;111;111;111;111;111;111;111;111;111;1;1;1;1;1;1;1;1;1;1;1;9;102
2022-03-22;"alle";13;13;13;13;13;13;13;13;13;13;13;13;157;157;157;157;157;157;157;157;157;157;157;157;NA;NA;NA;NA;NA;NA;NA;NA;NA;NA;NA;13;137
2022-03-21;"0-60";2;2;2;2;2;2;2;2;2;2;2;2;49;49;49;49;49;49;49;49;49;49;49;49;1;1;1;1;1;1;1;1;1;1;1;2;36
2022-03-21;"60+";3;3;3;3;3;3;3;3;3;3;3;3;111;111;111;111;111;111;111;111;111;111;111;111;1;1;1;1;1;1;1;1;1;1;1;2;103
2022-03-21;"alle";5;5;5;5;5;5;5;5;5;5;5;5;160;160;160;160;160;160;160;160;160;160;160;160;NA;NA;NA;NA;NA;NA;NA;NA;NA;NA;NA;4;139
2022-03-20;"0-60";7;7;7;7;7;7;7;7;7;7;7;7;51;51;51;51;51;51;51;51;51;51;51;51;1;1;1;1;1;1;1;1;1;1;1;3;38
2022-03-20;"60+";17;17;17;17;17;17;17;17;17;17;17;17;120;120;120;120;120;120;120;120;120;120;120;120;1;1;1;1;1;1;1;1;1;1;1;15;112
2022-03-20;"alle";24;24;24;24;24;24;24;24;24;24;24;24;171;171;171;171;171;171;171;171;171;171;171;171;NA;NA;NA;NA;NA;NA;NA;NA;NA;NA;NA;18;150
2022-03-19;"0-60";9;9;9;9;9;9;9;9;9;9;9;9;52;52;52;52;52;52;52;52;52;52;52;52;1;1;1;1;1;1;1;1;1;1;1;7;42
2022-03-19;"60+";19;19;19;19;19;19;19;19;19;19;19;19;116;116;116;116;116;116;116;116;116;116;116;116;1;1;1;1;1;1;1;1;1;1;1;18;109
2022-03-19;"alle";28;28;28;28;28;28;28;28;28;28;28;28;168;168;168;168;168;168;168;168;168;168;168;168;NA;NA;NA;NA;NA;NA;NA;NA;NA;NA;NA;25;151
2022-03-18;"0-60";14;14;14;14;14;14;14;14;14;14;14;14;47;47;47;47;47;47;47;47;47;47;47;47;1;1;1;1;1;1;1;1;1;1;1;11;38
2022-03-18;"60+";18;18;18;18;18;18;18;18;18;18;18;18;114;114;114;114;114;114;114;114;114;114;114;114;1;1;1;1;1;1;1;1;1;1;1;17;108
2022-03-18;"alle";32;32;32;32;32;32;32;32;32;32;32;32;161;161;161;161;161;161;161;161;161;161;161;161;NA;NA;NA;NA;NA;NA;NA;NA;NA;NA;NA;28;146
2022-03-17;"0-60";5;5;5;5;5;5;5;5;5;5;5;5;43;43;43;43;43;43;43;43;43;43;43;43;1;1;1;1;1;1;1;1;1;1;1;3;36
2022-03-17;"60+";18;18;18;18;18;18;18;18;18;18;18;18;115;115;115;115;115;115;115;115;115;115;115;115;1;1;1;1;1;1;1;1;1;1;1;17;108
2022-03-17;"alle";23;23;23;23;23;23;23;23;23;23;23;23;158;158;158;158;158;158;158;158;158;158;158;158;NA;NA;NA;NA;NA;NA;NA;NA;NA;NA;NA;20;144
2022-03-16;"0-60";6;6;6;6;6;6;6;6;6;6;6;6;44;44;44;44;44;44;44;44;44;44;44;44;1;1;1;1;1;1;1;1;1;1;1;5;37
2022-03-16;"60+";26;26;26;26;26;26;26;26;26;26;26;26;117;117;117;117;117;117;117;117;117;117;117;117;1;1;1;1;1;1;1;1;1;1;1;24;107
2022-03-16;"alle";32;32;32;32;32;32;32;32;32;32;32;32;161;161;161;161;161;161;161;161;161;161;161;161;NA;NA;NA;NA;NA;NA;NA;NA;NA;NA;NA;29;144
2022-03-15;"0-60";6;6;6;6;6;6;6;6;6;6;6;6;46;46;46;46;46;46;46;46;46;46;46;46;1;1;1;1;1;1;1;1;1;1;1;5;40
2022-03-15;"60+";10;10;10;10;10;10;10;10;10;10;10;10;109;109;109;109;109;109;109;109;109;109;109;109;1;1;1;1;1;1;1;1;1;1;1;10;101
2022-03-15;"alle";16;16;16;16;16;16;16;16;16;16;16;16;155;155;155;155;155;155;155;155;155;155;155;155;NA;NA;NA;NA;NA;NA;NA;NA;NA;NA;NA;15;141
2022-03-14;"0-60";4;4;4;4;4;4;4;4;4;4;4;4;41;41;41;41;41;41;41;41;41;41;41;41;1;1;1;1;1;1;1;1;1;1;1;4;35
2022-03-14;"60+";12;12;12;12;12;12;12;12;12;12;12;12;104;104;104;104;104;104;104;104;104;104;104;104;1;1;1;1;1;1;1;1;1;1;1;11;96
2022-03-14;"alle";16;16;16;16;16;16;16;16;16;16;16;16;145;145;145;145;145;145;145;145;145;145;145;145;NA;NA;NA;NA;NA;NA;NA;NA;NA;NA;NA;15;131
2022-03-13;"0-60";8;8;8;8;8;8;8;8;8;8;8;8;39;39;39;39;39;39;39;39;39;39;39;39;1;1;1;1;1;1;1;1;1;1;1;7;33
2022-03-13;"60+";13;13;13;13;13;13;13;13;13;13;13;13;92;92;92;92;92;92;92;92;92;92;92;92;1;1;1;1;1;1;1;1;1;1;1;12;85
2022-03-13;"alle";21;21;21;21;21;21;21;21;21;21;21;21;131;131;131;131;131;131;131;131;131;131;131;131;NA;NA;NA;NA;NA;NA;NA;NA;NA;NA;NA;19;118
2022-03-12;"0-60";4;4;4;4;4;4;4;4;4;4;4;4;33;33;33;33;33;33;33;33;33;33;33;33;1;1;1;1;1;1;1;1;1;1;1;3;27
2022-03-12;"60+";17;17;17;17;17;17;17;17;17;17;17;17;87;87;87;87;87;87;87;87;87;87;87;87;1;1;1;1;1;1;1;1;1;1;1;17;78
2022-03-12;"alle";21;21;21;21;21;21;21;21;21;21;21;21;120;120;120;120;120;120;120;120;120;120;120;120;NA;NA;NA;NA;NA;NA;NA;NA;NA;NA;NA;20;105
2022-03-11;"0-60";10;10;10;10;10;10;10;10;10;10;10;10;33;33;33;33;33;33;33;33;33;33;33;33;1;1;1;1;1;1;1;1;1;1;1;9;27
2022-03-11;"60+";19;19;19;19;19;19;19;19;19;19;19;19;81;81;81;81;81;81;81;81;81;81;81;81;1;1;1;1;1;1;1;1;1;1;1;17;71
2022-03-11;"alle";29;29;29;29;29;29;29;29;29;29;29;29;114;114;114;114;114;114;114;114;114;114;114;114;NA;NA;NA;NA;NA;NA;NA;NA;NA;NA;NA;26;98
2022-03-10;"0-60";6;6;6;6;6;6;6;6;6;6;6;6;25;25;25;25;25;25;25;25;25;25;25;25;1;1;1;1;1;1;1;1;1;1;1;4;19
2022-03-10;"60+";20;20;20;20;20;20;20;20;20;20;20;20;70;70;70;70;70;70;70;70;70;70;70;70;1;1;1;1;1;1;1;1;1;1;1;16;61
2022-03-10;"alle";26;26;26;26;26;26;26;26;26;26;26;26;95;95;95;95;95;95;95;95;95;95;95;95;NA;NA;NA;NA;NA;NA;NA;NA;NA;NA;NA;20;80
2022-03-09;"0-60";8;8;8;8;8;8;8;8;8;8;8;8;23;23;23;23;23;23;23;23;23;23;23;23;1;1;1;1;1;1;1;1;1;1;1;8;18
2022-03-09;"60+";18;18;18;18;18;18;18;18;18;18;18;18;58;58;58;58;58;58;58;58;58;58;58;58;1;1;1;1;1;1;1;1;1;1;1;18;52
2022-03-09;"alle";26;26;26;26;26;26;26;26;26;26;26;26;81;81;81;81;81;81;81;81;81;81;81;81;NA;NA;NA;NA;NA;NA;NA;NA;NA;NA;NA;26;70
2022-03-08;"0-60";1;1;1;1;1;1;1;1;1;1;1;1;25;25;25;25;25;25;25;25;25;25;25;25;1;1;1;1;1;1;1;1;1;1;1;0;19
2022-03-08;"60+";5;5;5;5;5;5;5;5;5;5;5;5;49;49;49;49;49;49;49;49;49;49;49;49;1;1;1;1;1;1;1;1;1;1;1;5;42
2022-03-08;"alle";6;6;6;6;6;6;6;6;6;6;6;6;74;74;74;74;74;74;74;74;74;74;74;74;NA;NA;NA;NA;NA;NA;NA;NA;NA;NA;NA;5;61
2022-03-07;"0-60";2;2;2;2;2;2;2;2;2;2;2;2;24;24;24;24;24;24;24;24;24;24;24;24;1;1;1;1;1;1;1;1;1;1;1;2;19
2022-03-07;"60+";0;0;0;0;0;0;0;0;0;0;0;0;47;47;47;47;47;47;47;47;47;47;47;47;1;1;1;1;1;1;1;1;1;1;1;0;40
2022-03-07;"alle";2;2;2;2;2;2;2;2;2;2;2;2;71;71;71;71;71;71;71;71;71;71;71;71;NA;NA;NA;NA;NA;NA;NA;NA;NA;NA;NA;2;59
2022-03-06;"0-60";2;2;2;2;2;2;2;2;2;2;2;2;22;22;22;22;22;22;22;22;22;22;22;22;1;1;1;1;1;1;1;1;1;1;1;1;17
2022-03-06;"60+";8;8;8;8;8;8;8;8;8;8;8;8;50;50;50;50;50;50;50;50;50;50;50;50;1;1;1;1;1;1;1;1;1;1;1;5;42
2022-03-06;"alle";10;10;10;10;10;10;10;10;10;10;10;10;72;72;72;72;72;72;72;72;72;72;72;72;NA;NA;NA;NA;NA;NA;NA;NA;NA;NA;NA;6;59
2022-03-05;"0-60";4;4;4;4;4;4;4;4;4;4;4;4;22;22;22;22;22;22;22;22;22;22;22;22;1;1;1;1;1;1;1;1;1;1;1;3;16
2022-03-05;"60+";11;11;11;11;11;11;11;11;11;11;11;11;47;47;47;47;47;47;47;47;47;47;47;47;1;1;1;1;1;1;1;1;1;1;1;10;42
2022-03-05;"alle";15;15;15;15;15;15;15;15;15;15;15;15;69;69;69;69;69;69;69;69;69;69;69;69;NA;NA;NA;NA;NA;NA;NA;NA;NA;NA;NA;13;58
2022-03-04;"0-60";2;2;2;2;2;2;2;2;2;2;2;2;19;19;19;19;19;19;19;19;19;19;19;19;1;1;1;1;1;1;1;1;1;1;1;1;14
2022-03-04;"60+";8;8;8;8;8;8;8;8;8;8;8;8;41;41;41;41;41;41;41;41;41;41;41;41;1;1;1;1;1;1;1;1;1;1;1;7;36
2022-03-04;"alle";10;10;10;10;10;10;10;10;10;10;10;10;60;60;60;60;60;60;60;60;60;60;60;60;NA;NA;NA;NA;NA;NA;NA;NA;NA;NA;NA;8;50
2022-03-03;"0-60";4;4;4;4;4;4;4;4;4;4;4;4;21;21;21;21;21;21;21;21;21;21;21;21;1;1;1;1;1;1;1;1;1;1;1;3;16
2022-03-03;"60+";8;8;8;8;8;8;8;8;8;8;8;8;36;36;36;36;36;36;36;36;36;36;36;36;1;1;1;1;1;1;1;1;1;1;1;7;31
2022-03-03;"alle";12;12;12;12;12;12;12;12;12;12;12;12;57;57;57;57;57;57;57;57;57;57;57;57;NA;NA;NA;NA;NA;NA;NA;NA;NA;NA;NA;10;47
2022-03-02;"0-60";10;10;10;10;10;10;10;10;10;10;10;10;18;18;18;18;18;18;18;18;18;18;18;18;1;1;1;1;1;1;1;1;1;1;1;9;14
2022-03-02;"60+";9;9;9;9;9;9;9;9;9;9;9;9;35;35;35;35;35;35;35;35;35;35;35;35;1;1;1;1;1;1;1;1;1;1;1;8;29
2022-03-02;"alle";19;19;19;19;19;19;19;19;19;19;19;19;53;53;53;53;53;53;53;53;53;53;53;53;NA;NA;NA;NA;NA;NA;NA;NA;NA;NA;NA;17;43
2022-03-01;"0-60";0;0;0;0;0;0;0;0;0;0;0;0;10;10;10;10;10;10;10;10;10;10;10;10;1;1;1;1;1;1;1;1;1;1;1;0;6
2022-03-01;"60+";3;3;3;3;3;3;3;3;3;3;3;3;32;32;32;32;32;32;32;32;32;32;32;32;1;1;1;1;1;1;1;1;1;1;1;3;27
2022-03-01;"alle";3;3;3;3;3;3;3;3;3;3;3;3;42;42;42;42;42;42;42;42;42;42;42;42;NA;NA;NA;NA;NA;NA;NA;NA;NA;NA;NA;3;33
2022-02-28;"0-60";0;0;0;0;0;0;0;0;0;0;0;0;12;12;12;12;12;12;12;12;12;12;12;12;1;1;1;1;1;1;1;1;1;1;1;0;8
2022-02-28;"60+";3;3;3;3;3;3;3;3;3;3;3;3;32;32;32;32;32;32;32;32;32;32;32;32;1;1;1;1;1;1;1;1;1;1;1;2;27
2022-02-28;"alle";3;3;3;3;3;3;3;3;3;3;3;3;44;44;44;44;44;44;44;44;44;44;44;44;NA;NA;NA;NA;NA;NA;NA;NA;NA;NA;NA;2;35
2022-02-27;"0-60";2;2;2;2;2;2;2;2;2;2;2;2;13;13;13;13;13;13;13;13;13;13;13;13;1;1;1;1;1;1;1;1;1;1;1;0;9
2022-02-27;"60+";5;5;5;5;5;5;5;5;5;5;5;5;31;31;31;31;31;31;31;31;31;31;31;31;1;1;1;1;1;1;1;1;1;1;1;5;27
2022-02-27;"alle";7;7;7;7;7;7;7;7;7;7;7;7;44;44;44;44;44;44;44;44;44;44;44;44;NA;NA;NA;NA;NA;NA;NA;NA;NA;NA;NA;5;36
2022-02-26;"0-60";1;1;1;1;1;1;1;1;1;1;1;1;13;13;13;13;13;13;13;13;13;13;13;13;1;1;1;1;1;1;1;1;1;1;1;1;11
2022-02-26;"60+";5;5;5;5;5;5;5;5;5;5;5;5;32;32;32;32;32;32;32;32;32;32;32;32;1;1;1;1;1;1;1;1;1;1;1;4;27
2022-02-26;"alle";6;6;6;6;6;6;6;6;6;6;6;6;45;45;45;45;45;45;45;45;45;45;45;45;NA;NA;NA;NA;NA;NA;NA;NA;NA;NA;NA;5;38
2022-02-25;"0-60";4;4;4;4;4;4;4;4;4;4;4;4;14;14;14;14;14;14;14;14;14;14;14;14;1;1;1;1;1;1;1;1;1;1;1;3;12
2022-02-25;"60+";3;3;3;3;3;3;3;3;3;3;3;3;36;36;36;36;36;36;36;36;36;36;36;36;1;1;1;1;1;1;1;1;1;1;1;2;31
2022-02-25;"alle";7;7;7;7;7;7;7;7;7;7;7;7;50;50;50;50;50;50;50;50;50;50;50;50;NA;NA;NA;NA;NA;NA;NA;NA;NA;NA;NA;5;43
2022-02-24;"0-60";1;1;1;1;1;1;1;1;1;1;1;1;16;16;16;16;16;16;16;16;16;16;16;16;1;1;1;1;1;1;1;1;1;1;1;1;14
2022-02-24;"60+";7;7;7;7;7;7;7;7;7;7;7;7;39;39;39;39;39;39;39;39;39;39;39;39;1;1;1;1;1;1;1;1;1;1;1;5;35
2022-02-24;"alle";8;8;8;8;8;8;8;8;8;8;8;8;55;55;55;55;55;55;55;55;55;55;55;55;NA;NA;NA;NA;NA;NA;NA;NA;NA;NA;NA;6;49
2022-02-23;"0-60";2;2;2;2;2;2;2;2;2;2;2;2;26;26;26;26;26;26;26;26;26;26;26;26;1;1;1;1;1;1;1;1;1;1;1;1;24
2022-02-23;"60+";6;6;6;6;6;6;6;6;6;6;6;6;45;45;45;45;45;45;45;45;45;45;45;45;1;1;1;1;1;1;1;1;1;1;1;6;41
2022-02-23;"alle";8;8;8;8;8;8;8;8;8;8;8;8;71;71;71;71;71;71;71;71;71;71;71;71;NA;NA;NA;NA;NA;NA;NA;NA;NA;NA;NA;7;65
2022-02-22;"0-60";2;2;2;2;2;2;2;2;2;2;2;2;27;27;27;27;27;27;27;27;27;27;27;27;1;1;1;1;1;1;1;1;1;1;1;2;24
2022-02-22;"60+";3;3;3;3;3;3;3;3;3;3;3;3;58;58;58;58;58;58;58;58;58;58;58;58;1;1;1;1;1;1;1;1;1;1;1;3;52
2022-02-22;"alle";5;5;5;5;5;5;5;5;5;5;5;5;85;85;85;85;85;85;85;85;85;85;85;85;NA;NA;NA;NA;NA;NA;NA;NA;NA;NA;NA;5;76
2022-02-21;"0-60";1;1;1;1;1;1;1;1;1;1;1;1;30;30;30;30;30;30;30;30;30;30;30;30;1;1;1;1;1;1;1;1;1;1;1;1;27
2022-02-21;"60+";2;2;2;2;2;2;2;2;2;2;2;2;59;59;59;59;59;59;59;59;59;59;59;59;1;1;1;1;1;1;1;1;1;1;1;2;53
2022-02-21;"alle";3;3;3;3;3;3;3;3;3;3;3;3;89;89;89;89;89;89;89;89;89;89;89;89;NA;NA;NA;NA;NA;NA;NA;NA;NA;NA;NA;3;80
2022-02-20;"0-60";2;2;2;2;2;2;2;2;2;2;2;2;32;32;32;32;32;32;32;32;32;32;32;32;1;1;1;1;1;1;1;1;1;1;1;2;28
2022-02-20;"60+";6;6;6;6;6;6;6;6;6;6;6;6;61;61;61;61;61;61;61;61;61;61;61;61;1;1;1;1;1;1;1;1;1;1;1;5;55
2022-02-20;"alle";8;8;8;8;8;8;8;8;8;8;8;8;93;93;93;93;93;93;93;93;93;93;93;93;NA;NA;NA;NA;NA;NA;NA;NA;NA;NA;NA;7;83
2022-02-19;"0-60";2;2;2;2;2;2;2;2;2;2;2;2;31;31;31;31;31;31;31;31;31;31;31;31;1;1;1;1;1;1;1;1;1;1;1;2;27
2022-02-19;"60+";9;9;9;9;9;9;9;9;9;9;9;9;63;63;63;63;63;63;63;63;63;63;63;63;1;1;1;1;1;1;1;1;1;1;1;8;57
2022-02-19;"alle";11;11;11;11;11;11;11;11;11;11;11;11;94;94;94;94;94;94;94;94;94;94;94;94;NA;NA;NA;NA;NA;NA;NA;NA;NA;NA;NA;10;84
2022-02-18;"0-60";6;6;6;6;6;6;6;6;6;6;6;6;33;33;33;33;33;33;33;33;33;33;33;33;1;1;1;1;1;1;1;1;1;1;1;5;29
2022-02-18;"60+";6;6;6;6;6;6;6;6;6;6;6;6;67;67;67;67;67;67;67;67;67;67;67;67;1;1;1;1;1;1;1;1;1;1;1;6;59
2022-02-18;"alle";12;12;12;12;12;12;12;12;12;12;12;12;100;100;100;100;100;100;100;100;100;100;100;100;NA;NA;NA;NA;NA;NA;NA;NA;NA;NA;NA;11;88
2022-02-17;"0-60";11;11;11;11;11;11;11;11;11;11;11;11;34;34;34;34;34;34;34;34;34;34;34;34;1;1;1;1;1;1;1;1;1;1;1;11;29
2022-02-17;"60+";13;13;13;13;13;13;13;13;13;13;13;13;67;67;67;67;67;67;67;67;67;67;67;67;1;1;1;1;1;1;1;1;1;1;1;11;58
2022-02-17;"alle";24;24;24;24;24;24;24;24;24;24;24;24;101;101;101;101;101;101;101;101;101;101;101;101;NA;NA;NA;NA;NA;NA;NA;NA;NA;NA;NA;22;87
2022-02-16;"0-60";3;3;3;3;3;3;3;3;3;3;3;3;25;25;25;25;25;25;25;25;25;25;25;25;1;1;1;1;1;1;1;1;1;1;1;1;19
2022-02-16;"60+";19;19;19;19;19;19;19;19;19;19;19;19;60;60;60;60;60;60;60;60;60;60;60;60;1;1;1;1;1;1;1;1;1;1;1;17;52
2022-02-16;"alle";22;22;22;22;22;22;22;22;22;22;22;22;85;85;85;85;85;85;85;85;85;85;85;85;NA;NA;NA;NA;NA;NA;NA;NA;NA;NA;NA;18;71
2022-02-15;"0-60";5;5;5;5;5;5;5;5;5;5;5;5;28;28;28;28;28;28;28;28;28;28;28;28;1;1;1;1;1;1;1;1;1;1;1;5;22
2022-02-15;"60+";4;4;4;4;4;4;4;4;4;4;4;4;48;48;48;48;48;48;48;48;48;48;48;48;1;1;1;1;1;1;1;1;1;1;1;4;41
2022-02-15;"alle";9;9;9;9;9;9;9;9;9;9;9;9;76;76;76;76;76;76;76;76;76;76;76;76;NA;NA;NA;NA;NA;NA;NA;NA;NA;NA;NA;9;63
2022-02-14;"0-60";3;3;3;3;3;3;3;3;3;3;3;3;30;30;30;30;30;30;30;30;30;30;30;30;1;1;1;1;1;1;1;1;1;1;1;2;24
2022-02-14;"60+";4;4;4;4;4;4;4;4;4;4;4;4;50;50;50;50;50;50;50;50;50;50;50;50;1;1;1;1;1;1;1;1;1;1;1;4;43
2022-02-14;"alle";7;7;7;7;7;7;7;7;7;7;7;7;80;80;80;80;80;80;80;80;80;80;80;80;NA;NA;NA;NA;NA;NA;NA;NA;NA;NA;NA;6;67
2022-02-13;"0-60";1;1;1;1;1;1;1;1;1;1;1;1;30;30;30;30;30;30;30;30;30;30;30;30;1;1;1;1;1;1;1;1;1;1;1;1;22
2022-02-13;"60+";8;8;8;8;8;8;8;8;8;8;8;8;49;49;49;49;49;49;49;49;49;49;49;49;1;1;1;1;1;1;1;1;1;1;1;7;41
2022-02-13;"alle";9;9;9;9;9;9;9;9;9;9;9;9;79;79;79;79;79;79;79;79;79;79;79;79;NA;NA;NA;NA;NA;NA;NA;NA;NA;NA;NA;8;63
2022-02-12;"0-60";4;4;4;4;4;4;4;4;4;4;4;4;33;33;33;33;33;33;33;33;33;33;33;33;1;1;1;1;1;1;1;1;1;1;1;4;25
2022-02-12;"60+";13;13;13;13;13;13;13;13;13;13;13;13;50;50;50;50;50;50;50;50;50;50;50;50;1;1;1;1;1;1;1;1;1;1;1;10;40
2022-02-12;"alle";17;17;17;17;17;17;17;17;17;17;17;17;83;83;83;83;83;83;83;83;83;83;83;83;NA;NA;NA;NA;NA;NA;NA;NA;NA;NA;NA;14;65
2022-02-11;"0-60";7;7;7;7;7;7;7;7;7;7;7;7;35;35;35;35;35;35;35;35;35;35;35;35;1;1;1;1;1;1;1;1;1;1;1;5;27
2022-02-11;"60+";6;6;6;6;6;6;6;6;6;6;6;6;43;43;43;43;43;43;43;43;43;43;43;43;1;1;1;1;1;1;1;1;1;1;1;5;34
2022-02-11;"alle";13;13;13;13;13;13;13;13;13;13;13;13;78;78;78;78;78;78;78;78;78;78;78;78;NA;NA;NA;NA;NA;NA;NA;NA;NA;NA;NA;10;61
2022-02-10;"0-60";2;2;2;2;2;2;2;2;2;2;2;2;35;35;35;35;35;35;35;35;35;35;35;35;1;1;1;1;1;1;1;1;1;1;1;1;28
2022-02-10;"60+";6;6;6;6;6;6;6;6;6;6;6;6;47;47;47;47;47;47;47;47;47;47;47;47;1;1;1;1;1;1;1;1;1;1;1;5;39
2022-02-10;"alle";8;8;8;8;8;8;8;8;8;8;8;8;82;82;82;82;82;82;82;82;82;82;82;82;NA;NA;NA;NA;NA;NA;NA;NA;NA;NA;NA;6;67
2022-02-09;"0-60";6;6;6;6;6;6;6;6;6;6;6;6;43;43;43;43;43;43;43;43;43;43;43;43;1;1;1;1;1;1;1;1;1;1;1;4;36
2022-02-09;"60+";7;7;7;7;7;7;7;7;7;7;7;7;48;48;48;48;48;48;48;48;48;48;48;48;1;1;1;1;1;1;1;1;1;1;1;6;38
2022-02-09;"alle";13;13;13;13;13;13;13;13;13;13;13;13;91;91;91;91;91;91;91;91;91;91;91;91;NA;NA;NA;NA;NA;NA;NA;NA;NA;NA;NA;10;74
2022-02-08;"0-60";7;7;7;7;7;7;7;7;7;7;7;7;45;45;45;45;45;45;45;45;45;45;45;45;1;1;1;1;1;1;1;1;1;1;1;7;40
2022-02-08;"60+";6;6;6;6;6;6;6;6;6;6;6;6;49;49;49;49;49;49;49;49;49;49;49;49;1;1;1;1;1;1;1;1;1;1;1;6;40
2022-02-08;"alle";13;13;13;13;13;13;13;13;13;13;13;13;94;94;94;94;94;94;94;94;94;94;94;94;NA;NA;NA;NA;NA;NA;NA;NA;NA;NA;NA;13;80
2022-02-07;"0-60";3;3;3;3;3;3;3;3;3;3;3;3;44;44;44;44;44;44;44;44;44;44;44;44;1;1;1;1;1;1;1;1;1;1;1;0;39
2022-02-07;"60+";3;3;3;3;3;3;3;3;3;3;3;3;47;47;47;47;47;47;47;47;47;47;47;47;1;1;1;1;1;1;1;1;1;1;1;2;37
2022-02-07;"alle";6;6;6;6;6;6;6;6;6;6;6;6;91;91;91;91;91;91;91;91;91;91;91;91;NA;NA;NA;NA;NA;NA;NA;NA;NA;NA;NA;2;76
2022-02-06;"0-60";4;4;4;4;4;4;4;4;4;4;4;4;44;44;44;44;44;44;44;44;44;44;44;44;1;1;1;1;1;1;1;1;1;1;1;4;41
2022-02-06;"60+";9;9;9;9;9;9;9;9;9;9;9;9;46;46;46;46;46;46;46;46;46;46;46;46;1;1;1;1;1;1;1;1;1;1;1;6;37
2022-02-06;"alle";13;13;13;13;13;13;13;13;13;13;13;13;90;90;90;90;90;90;90;90;90;90;90;90;NA;NA;NA;NA;NA;NA;NA;NA;NA;NA;NA;10;78
2022-02-05;"0-60";6;6;6;6;6;6;6;6;6;6;6;6;44;44;44;44;44;44;44;44;44;44;44;44;1;1;1;1;1;1;1;1;1;1;1;6;40
2022-02-05;"60+";6;6;6;6;6;6;6;6;6;6;6;6;39;39;39;39;39;39;39;39;39;39;39;39;1;1;1;1;1;1;1;1;1;1;1;4;33
2022-02-05;"alle";12;12;12;12;12;12;12;12;12;12;12;12;83;83;83;83;83;83;83;83;83;83;83;83;NA;NA;NA;NA;NA;NA;NA;NA;NA;NA;NA;10;73
2022-02-04;"0-60";7;7;7;7;7;7;7;7;7;7;7;7;48;48;48;48;48;48;48;48;48;48;48;48;1;1;1;1;1;1;1;1;1;1;1;6;43
2022-02-04;"60+";10;10;10;10;10;10;10;10;10;10;10;10;41;41;41;41;41;41;41;41;41;41;41;41;1;1;1;1;1;1;1;1;1;1;1;10;36
2022-02-04;"alle";17;17;17;17;17;17;17;17;17;17;17;17;89;89;89;89;89;89;89;89;89;89;89;89;NA;NA;NA;NA;NA;NA;NA;NA;NA;NA;NA;16;79
2022-02-03;"0-60";10;10;10;10;10;10;10;10;10;10;10;10;46;46;46;46;46;46;46;46;46;46;46;46;1;1;1;1;1;1;1;1;1;1;1;9;41
2022-02-03;"60+";7;7;7;7;7;7;7;7;7;7;7;7;36;36;36;36;36;36;36;36;36;36;36;36;1;1;1;1;1;1;1;1;1;1;1;4;30
2022-02-03;"alle";17;17;17;17;17;17;17;17;17;17;17;17;82;82;82;82;82;82;82;82;82;82;82;82;NA;NA;NA;NA;NA;NA;NA;NA;NA;NA;NA;13;71
2022-02-02;"0-60";8;8;8;8;8;8;8;8;8;8;8;8;41;41;41;41;41;41;41;41;41;41;41;41;1;1;1;1;1;1;1;1;1;1;1;8;36
2022-02-02;"60+";8;8;8;8;8;8;8;8;8;8;8;8;32;32;32;32;32;32;32;32;32;32;32;32;1;1;1;1;1;1;1;1;1;1;1;8;28
2022-02-02;"alle";16;16;16;16;16;16;16;16;16;16;16;16;73;73;73;73;73;73;73;73;73;73;73;73;NA;NA;NA;NA;NA;NA;NA;NA;NA;NA;NA;16;65
2022-02-01;"0-60";6;6;6;6;6;6;6;6;6;6;6;6;39;39;39;39;39;39;39;39;39;39;39;39;1;1;1;1;1;1;1;1;1;1;1;6;32
2022-02-01;"60+";4;4;4;4;4;4;4;4;4;4;4;4;33;33;33;33;33;33;33;33;33;33;33;33;1;1;1;1;1;1;1;1;1;1;1;3;29
2022-02-01;"alle";10;10;10;10;10;10;10;10;10;10;10;10;72;72;72;72;72;72;72;72;72;72;72;72;NA;NA;NA;NA;NA;NA;NA;NA;NA;NA;NA;9;62
2022-01-31;"0-60";3;3;3;3;3;3;3;3;3;3;3;3;34;34;34;34;34;34;34;34;34;34;34;34;1;1;1;1;1;1;1;1;1;1;1;2;26
2022-01-31;"60+";2;2;2;2;2;2;2;2;2;2;2;2;32;32;32;32;32;32;32;32;32;32;32;32;1;1;1;1;1;1;1;1;1;1;1;2;29
2022-01-31;"alle";5;5;5;5;5;5;5;5;5;5;5;5;66;66;66;66;66;66;66;66;66;66;66;66;NA;NA;NA;NA;NA;NA;NA;NA;NA;NA;NA;4;56
2022-01-30;"0-60";4;4;4;4;4;4;4;4;4;4;4;4;32;32;32;32;32;32;32;32;32;32;32;32;1;1;1;1;1;1;1;1;1;1;1;3;25
2022-01-30;"60+";2;2;2;2;2;2;2;2;2;2;2;2;31;31;31;31;31;31;31;31;31;31;31;31;1;1;1;1;1;1;1;1;1;1;1;2;28
2022-01-30;"alle";6;6;6;6;6;6;6;6;6;6;6;6;63;63;63;63;63;63;63;63;63;63;63;63;NA;NA;NA;NA;NA;NA;NA;NA;NA;NA;NA;5;54
2022-01-29;"0-60";10;10;10;10;10;10;10;10;10;10;10;10;32;32;32;32;32;32;32;32;32;32;32;32;1;1;1;1;1;1;1;1;1;1;1;9;24
2022-01-29;"60+";8;8;8;8;8;8;8;8;8;8;8;8;31;31;31;31;31;31;31;31;31;31;31;31;1;1;1;1;1;1;1;1;1;1;1;7;28
2022-01-29;"alle";18;18;18;18;18;18;18;18;18;18;18;18;63;63;63;63;63;63;63;63;63;63;63;63;NA;NA;NA;NA;NA;NA;NA;NA;NA;NA;NA;16;53
2022-01-28;"0-60";5;5;5;5;5;5;5;5;5;5;5;5;25;25;25;25;25;25;25;25;25;25;25;25;1;1;1;1;1;1;1;1;1;1;1;4;18
2022-01-28;"60+";5;5;5;5;5;5;5;5;5;5;5;5;31;31;31;31;31;31;31;31;31;31;31;31;1;1;1;1;1;1;1;1;1;1;1;4;29
2022-01-28;"alle";10;10;10;10;10;10;10;10;10;10;10;10;56;56;56;56;56;56;56;56;56;56;56;56;NA;NA;NA;NA;NA;NA;NA;NA;NA;NA;NA;8;48
2022-01-27;"0-60";5;5;5;5;5;5;5;5;5;5;5;5;27;27;27;27;27;27;27;27;27;27;27;27;1;1;1;1;1;1;1;1;1;1;1;4;19
2022-01-27;"60+";3;3;3;3;3;3;3;3;3;3;3;3;30;30;30;30;30;30;30;30;30;30;30;30;1;1;1;1;1;1;1;1;1;1;1;2;29
2022-01-27;"alle";8;8;8;8;8;8;8;8;8;8;8;8;57;57;57;57;57;57;57;57;57;57;57;57;NA;NA;NA;NA;NA;NA;NA;NA;NA;NA;NA;7;49
2022-01-26;"0-60";6;6;6;6;6;6;6;6;6;6;6;6;25;25;25;25;25;25;25;25;25;25;25;25;1;1;1;1;1;1;1;1;1;1;1;4;17
2022-01-26;"60+";9;9;9;9;9;9;9;9;9;9;9;9;29;29;29;29;29;29;29;29;29;29;29;29;1;1;1;1;1;1;1;1;1;1;1;9;28
2022-01-26;"alle";15;15;15;15;15;15;15;15;15;15;15;15;54;54;54;54;54;54;54;54;54;54;54;54;NA;NA;NA;NA;NA;NA;NA;NA;NA;NA;NA;13;45
2022-01-25;"0-60";1;1;1;1;1;1;1;1;1;1;1;1;20;20;20;20;20;20;20;20;20;20;20;20;1;1;1;1;1;1;1;1;1;1;1;0;14
2022-01-25;"60+";3;3;3;3;3;3;3;3;3;3;3;3;25;25;25;25;25;25;25;25;25;25;25;25;1;1;1;1;1;1;1;1;1;1;1;3;24
2022-01-25;"alle";4;4;4;4;4;4;4;4;4;4;4;4;45;45;45;45;45;45;45;45;45;45;45;45;NA;NA;NA;NA;NA;NA;NA;NA;NA;NA;NA;3;38
2022-01-24;"0-60";1;1;1;1;1;1;1;1;1;1;1;1;23;23;23;23;23;23;23;23;23;23;23;23;1;1;1;1;1;1;1;1;1;1;1;1;18
2022-01-24;"60+";1;1;1;1;1;1;1;1;1;1;1;1;24;24;24;24;24;24;24;24;24;24;24;24;1;1;1;1;1;1;1;1;1;1;1;1;23
2022-01-24;"alle";2;2;2;2;2;2;2;2;2;2;2;2;47;47;47;47;47;47;47;47;47;47;47;47;NA;NA;NA;NA;NA;NA;NA;NA;NA;NA;NA;2;41
2022-01-23;"0-60";4;4;4;4;4;4;4;4;4;4;4;4;23;23;23;23;23;23;23;23;23;23;23;23;1;1;1;1;1;1;1;1;1;1;1;2;17
2022-01-23;"60+";2;2;2;2;2;2;2;2;2;2;2;2;25;25;25;25;25;25;25;25;25;25;25;25;1;1;1;1;1;1;1;1;1;1;1;2;24
2022-01-23;"alle";6;6;6;6;6;6;6;6;6;6;6;6;48;48;48;48;48;48;48;48;48;48;48;48;NA;NA;NA;NA;NA;NA;NA;NA;NA;NA;NA;4;41
2022-01-22;"0-60";3;3;3;3;3;3;3;3;3;3;3;3;20;20;20;20;20;20;20;20;20;20;20;20;1;1;1;1;1;1;1;1;1;1;1;3;16
2022-01-22;"60+";8;8;8;8;8;8;8;8;8;8;8;8;24;24;24;24;24;24;24;24;24;24;24;24;1;1;1;1;1;1;1;1;1;1;1;8;23
2022-01-22;"alle";11;11;11;11;11;11;11;11;11;11;11;11;44;44;44;44;44;44;44;44;44;44;44;44;NA;NA;NA;NA;NA;NA;NA;NA;NA;NA;NA;11;39
2022-01-21;"0-60";7;7;7;7;7;7;7;7;7;7;7;7;19;19;19;19;19;19;19;19;19;19;19;19;1;1;1;1;1;1;1;1;1;1;1;5;15
2022-01-21;"60+";4;4;4;4;4;4;4;4;4;4;4;4;22;22;22;22;22;22;22;22;22;22;22;22;1;1;1;1;1;1;1;1;1;1;1;4;21
2022-01-21;"alle";11;11;11;11;11;11;11;11;11;11;11;11;41;41;41;41;41;41;41;41;41;41;41;41;NA;NA;NA;NA;NA;NA;NA;NA;NA;NA;NA;9;36
2022-01-20;"0-60";3;3;3;3;3;3;3;3;3;3;3;3;14;14;14;14;14;14;14;14;14;14;14;14;1;1;1;1;1;1;1;1;1;1;1;2;12
2022-01-20;"60+";2;2;2;2;2;2;2;2;2;2;2;2;22;22;22;22;22;22;22;22;22;22;22;22;1;1;1;1;1;1;1;1;1;1;1;1;20
2022-01-20;"alle";5;5;5;5;5;5;5;5;5;5;5;5;36;36;36;36;36;36;36;36;36;36;36;36;NA;NA;NA;NA;NA;NA;NA;NA;NA;NA;NA;3;32
2022-01-19;"0-60";1;1;1;1;1;1;1;1;1;1;1;1;13;13;13;13;13;13;13;13;13;13;13;13;1;1;1;1;1;1;1;1;1;1;1;1;12
2022-01-19;"60+";5;5;5;5;5;5;5;5;5;5;5;5;21;21;21;21;21;21;21;21;21;21;21;21;1;1;1;1;1;1;1;1;1;1;1;5;20
2022-01-19;"alle";6;6;6;6;6;6;6;6;6;6;6;6;34;34;34;34;34;34;34;34;34;34;34;34;NA;NA;NA;NA;NA;NA;NA;NA;NA;NA;NA;6;32
2022-01-18;"0-60";4;4;4;4;4;4;4;4;4;4;4;4;18;18;18;18;18;18;18;18;18;18;18;18;1;1;1;1;1;1;1;1;1;1;1;4;15
2022-01-18;"60+";2;2;2;2;2;2;2;2;2;2;2;2;22;22;22;22;22;22;22;22;22;22;22;22;1;1;1;1;1;1;1;1;1;1;1;2;18
2022-01-18;"alle";6;6;6;6;6;6;6;6;6;6;6;6;40;40;40;40;40;40;40;40;40;40;40;40;NA;NA;NA;NA;NA;NA;NA;NA;NA;NA;NA;6;33
2022-01-17;"0-60";1;1;1;1;1;1;1;1;1;1;1;1;17;17;17;17;17;17;17;17;17;17;17;17;1;1;1;1;1;1;1;1;1;1;1;0;14
2022-01-17;"60+";2;2;2;2;2;2;2;2;2;2;2;2;23;23;23;23;23;23;23;23;23;23;23;23;1;1;1;1;1;1;1;1;1;1;1;2;19
2022-01-17;"alle";3;3;3;3;3;3;3;3;3;3;3;3;40;40;40;40;40;40;40;40;40;40;40;40;NA;NA;NA;NA;NA;NA;NA;NA;NA;NA;NA;2;33
2022-01-16;"0-60";1;1;1;1;1;1;1;1;1;1;1;1;18;18;18;18;18;18;18;18;18;18;18;18;1;1;1;1;1;1;1;1;1;1;1;1;15
2022-01-16;"60+";1;1;1;1;1;1;1;1;1;1;1;1;23;23;23;23;23;23;23;23;23;23;23;23;1;1;1;1;1;1;1;1;1;1;1;1;19
2022-01-16;"alle";2;2;2;2;2;2;2;2;2;2;2;2;41;41;41;41;41;41;41;41;41;41;41;41;NA;NA;NA;NA;NA;NA;NA;NA;NA;NA;NA;2;34
2022-01-15;"0-60";2;2;2;2;2;2;2;2;2;2;2;2;20;20;20;20;20;20;20;20;20;20;20;20;1;1;1;1;1;1;1;1;1;1;1;2;17
2022-01-15;"60+";6;6;6;6;6;6;6;6;6;6;6;6;23;23;23;23;23;23;23;23;23;23;23;23;1;1;1;1;1;1;1;1;1;1;1;6;18
2022-01-15;"alle";8;8;8;8;8;8;8;8;8;8;8;8;43;43;43;43;43;43;43;43;43;43;43;43;NA;NA;NA;NA;NA;NA;NA;NA;NA;NA;NA;8;35
2022-01-14;"0-60";2;2;2;2;2;2;2;2;2;2;2;2;19;19;19;19;19;19;19;19;19;19;19;19;1;1;1;1;1;1;1;1;1;1;1;2;16
2022-01-14;"60+";4;4;4;4;4;4;4;4;4;4;4;4;22;22;22;22;22;22;22;22;22;22;22;22;1;1;1;1;1;1;1;1;1;1;1;3;17
2022-01-14;"alle";6;6;6;6;6;6;6;6;6;6;6;6;41;41;41;41;41;41;41;41;41;41;41;41;NA;NA;NA;NA;NA;NA;NA;NA;NA;NA;NA;5;33
2022-01-13;"0-60";2;2;2;2;2;2;2;2;2;2;2;2;20;20;20;20;20;20;20;20;20;20;20;20;1;1;1;1;1;1;1;1;1;1;1;2;17
2022-01-13;"60+";1;1;1;1;1;1;1;1;1;1;1;1;22;22;22;22;22;22;22;22;22;22;22;22;1;1;1;1;1;1;1;1;1;1;1;1;16
2022-01-13;"alle";3;3;3;3;3;3;3;3;3;3;3;3;42;42;42;42;42;42;42;42;42;42;42;42;NA;NA;NA;NA;NA;NA;NA;NA;NA;NA;NA;3;33
2022-01-12;"0-60";6;6;6;6;6;6;6;6;6;6;6;6;24;24;24;24;24;24;24;24;24;24;24;24;1;1;1;1;1;1;1;1;1;1;1;4;20
2022-01-12;"60+";6;6;6;6;6;6;6;6;6;6;6;6;22;22;22;22;22;22;22;22;22;22;22;22;1;1;1;1;1;1;1;1;1;1;1;3;16
2022-01-12;"alle";12;12;12;12;12;12;12;12;12;12;12;12;46;46;46;46;46;46;46;46;46;46;46;46;NA;NA;NA;NA;NA;NA;NA;NA;NA;NA;NA;7;36
2022-01-11;"0-60";3;3;3;3;3;3;3;3;3;3;3;3;24;24;24;24;24;24;24;24;24;24;24;24;1;1;1;1;1;1;1;1;1;1;1;3;21
2022-01-11;"60+";3;3;3;3;3;3;3;3;3;3;3;3;23;23;23;23;23;23;23;23;23;23;23;23;1;1;1;1;1;1;1;1;1;1;1;3;20
2022-01-11;"alle";6;6;6;6;6;6;6;6;6;6;6;6;47;47;47;47;47;47;47;47;47;47;47;47;NA;NA;NA;NA;NA;NA;NA;NA;NA;NA;NA;6;41
2022-01-10;"0-60";2;2;2;2;2;2;2;2;2;2;2;2;23;23;23;23;23;23;23;23;23;23;23;23;1;1;1;1;1;1;1;1;1;1;1;1;19
2022-01-10;"60+";2;2;2;2;2;2;2;2;2;2;2;2;24;24;24;24;24;24;24;24;24;24;24;24;1;1;1;1;1;1;1;1;1;1;1;2;21
2022-01-10;"alle";4;4;4;4;4;4;4;4;4;4;4;4;47;47;47;47;47;47;47;47;47;47;47;47;NA;NA;NA;NA;NA;NA;NA;NA;NA;NA;NA;3;40
2022-01-09;"0-60";3;3;3;3;3;3;3;3;3;3;3;3;21;21;21;21;21;21;21;21;21;21;21;21;1;1;1;1;1;1;1;1;1;1;1;3;18
2022-01-09;"60+";1;1;1;1;1;1;1;1;1;1;1;1;23;23;23;23;23;23;23;23;23;23;23;23;1;1;1;1;1;1;1;1;1;1;1;0;20
2022-01-09;"alle";4;4;4;4;4;4;4;4;4;4;4;4;44;44;44;44;44;44;44;44;44;44;44;44;NA;NA;NA;NA;NA;NA;NA;NA;NA;NA;NA;3;38
2022-01-08;"0-60";1;1;1;1;1;1;1;1;1;1;1;1;21;21;21;21;21;21;21;21;21;21;21;21;1;1;1;1;1;1;1;1;1;1;1;1;18
2022-01-08;"60+";5;5;5;5;5;5;5;5;5;5;5;5;22;22;22;22;22;22;22;22;22;22;22;22;1;1;1;1;1;1;1;1;1;1;1;5;20
2022-01-08;"alle";6;6;6;6;6;6;6;6;6;6;6;6;43;43;43;43;43;43;43;43;43;43;43;43;NA;NA;NA;NA;NA;NA;NA;NA;NA;NA;NA;6;38
2022-01-07;"0-60";3;3;3;3;3;3;3;3;3;3;3;3;20;20;20;20;20;20;20;20;20;20;20;20;1;1;1;1;1;1;1;1;1;1;1;3;17
2022-01-07;"60+";4;4;4;4;4;4;4;4;4;4;4;4;19;19;19;19;19;19;19;19;19;19;19;19;1;1;1;1;1;1;1;1;1;1;1;2;17
2022-01-07;"alle";7;7;7;7;7;7;7;7;7;7;7;7;39;39;39;39;39;39;39;39;39;39;39;39;NA;NA;NA;NA;NA;NA;NA;NA;NA;NA;NA;5;34
2022-01-06;"0-60";6;6;6;6;6;6;6;6;6;6;6;6;18;18;18;18;18;18;18;18;18;18;18;18;1;1;1;1;1;1;1;1;1;1;1;5;15
2022-01-06;"60+";1;1;1;1;1;1;1;1;1;1;1;1;16;16;16;16;16;16;16;16;16;16;16;16;1;1;1;1;1;1;1;1;1;1;1;1;16
2022-01-06;"alle";7;7;7;7;7;7;7;7;7;7;7;7;34;34;34;34;34;34;34;34;34;34;34;34;NA;NA;NA;NA;NA;NA;NA;NA;NA;NA;NA;6;31
2022-01-05;"0-60";6;6;6;6;6;6;6;6;6;6;6;6;13;13;13;13;13;13;13;13;13;13;13;13;1;1;1;1;1;1;1;1;1;1;1;5;11
2022-01-05;"60+";7;7;7;7;7;7;7;7;7;7;7;7;17;17;17;17;17;17;17;17;17;17;17;17;1;1;1;1;1;1;1;1;1;1;1;7;17
2022-01-05;"alle";13;13;13;13;13;13;13;13;13;13;13;13;30;30;30;30;30;30;30;30;30;30;30;30;NA;NA;NA;NA;NA;NA;NA;NA;NA;NA;NA;12;28
2022-01-04;"0-60";2;2;2;2;2;2;2;2;2;2;2;2;11;11;11;11;11;11;11;11;11;11;11;11;1;1;1;1;1;1;1;1;1;1;1;1;10
2022-01-04;"60+";4;4;4;4;4;4;4;4;4;4;4;4;16;16;16;16;16;16;16;16;16;16;16;16;1;1;1;1;1;1;1;1;1;1;1;4;16
2022-01-04;"alle";6;6;6;6;6;6;6;6;6;6;6;6;27;27;27;27;27;27;27;27;27;27;27;27;NA;NA;NA;NA;NA;NA;NA;NA;NA;NA;NA;5;26
2022-01-03;"0-60";0;0;0;0;0;0;0;0;0;0;0;0;9;9;9;9;9;9;9;9;9;9;9;9;1;1;1;1;1;1;1;1;1;1;1;0;9
2022-01-03;"60+";1;1;1;1;1;1;1;1;1;1;1;1;19;19;19;19;19;19;19;19;19;19;19;19;1;1;1;1;1;1;1;1;1;1;1;1;19
2022-01-03;"alle";1;1;1;1;1;1;1;1;1;1;1;1;28;28;28;28;28;28;28;28;28;28;28;28;NA;NA;NA;NA;NA;NA;NA;NA;NA;NA;NA;1;28
2022-01-02;"0-60";3;3;3;3;3;3;3;3;3;3;3;3;10;10;10;10;10;10;10;10;10;10;10;10;1;1;1;1;1;1;1;1;1;1;1;3;10
2022-01-02;"60+";0;0;0;0;0;0;0;0;0;0;0;0;20;20;20;20;20;20;20;20;20;20;20;20;1;1;1;1;1;1;1;1;1;1;1;0;20
2022-01-02;"alle";3;3;3;3;3;3;3;3;3;3;3;3;30;30;30;30;30;30;30;30;30;30;30;30;NA;NA;NA;NA;NA;NA;NA;NA;NA;NA;NA;3;30
2022-01-01;"0-60";0;0;0;0;0;0;0;0;0;0;0;0;9;9;9;9;9;9;9;9;9;9;9;9;1;1;1;1;1;1;1;1;1;1;1;0;9
2022-01-01;"60+";2;2;2;2;2;2;2;2;2;2;2;2;23;23;23;23;23;23;23;23;23;23;23;23;1;1;1;1;1;1;1;1;1;1;1;2;23
2022-01-01;"alle";2;2;2;2;2;2;2;2;2;2;2;2;32;32;32;32;32;32;32;32;32;32;32;32;NA;NA;NA;NA;NA;NA;NA;NA;NA;NA;NA;2;32
2021-12-31;"0-60";1;1;1;1;1;1;1;1;1;1;1;1;10;10;10;10;10;10;10;10;10;10;10;10;1;1;1;1;1;1;1;1;1;1;1;1;10
2021-12-31;"60+";1;1;1;1;1;1;1;1;1;1;1;1;22;22;22;22;22;22;22;22;22;22;22;22;1;1;1;1;1;1;1;1;1;1;1;1;22
2021-12-31;"alle";2;2;2;2;2;2;2;2;2;2;2;2;32;32;32;32;32;32;32;32;32;32;32;32;NA;NA;NA;NA;NA;NA;NA;NA;NA;NA;NA;2;32
2021-12-30;"0-60";1;1;1;1;1;1;1;1;1;1;1;1;13;13;13;13;13;13;13;13;13;13;13;13;1;1;1;1;1;1;1;1;1;1;1;1;13
2021-12-30;"60+";2;2;2;2;2;2;2;2;2;2;2;2;27;27;27;27;27;27;27;27;27;27;27;27;1;1;1;1;1;1;1;1;1;1;1;2;27
2021-12-30;"alle";3;3;3;3;3;3;3;3;3;3;3;3;40;40;40;40;40;40;40;40;40;40;40;40;NA;NA;NA;NA;NA;NA;NA;NA;NA;NA;NA;3;40
2021-12-29;"0-60";4;4;4;4;4;4;4;4;4;4;4;4;13;13;13;13;13;13;13;13;13;13;13;13;1;1;1;1;1;1;1;1;1;1;1;4;13
2021-12-29;"60+";6;6;6;6;6;6;6;6;6;6;6;6;31;31;31;31;31;31;31;31;31;31;31;31;1;1;1;1;1;1;1;1;1;1;1;6;31
2021-12-29;"alle";10;10;10;10;10;10;10;10;10;10;10;10;44;44;44;44;44;44;44;44;44;44;44;44;NA;NA;NA;NA;NA;NA;NA;NA;NA;NA;NA;10;44
2021-12-28;"0-60";0;0;0;0;0;0;0;0;0;0;0;0;14;14;14;14;14;14;14;14;14;14;14;14;1;1;1;1;1;1;1;1;1;1;1;0;14
2021-12-28;"60+";7;7;7;7;7;7;7;7;7;7;7;7;37;37;37;37;37;37;37;37;37;37;37;37;1;1;1;1;1;1;1;1;1;1;1;7;37
2021-12-28;"alle";7;7;7;7;7;7;7;7;7;7;7;7;51;51;51;51;51;51;51;51;51;51;51;51;NA;NA;NA;NA;NA;NA;NA;NA;NA;NA;NA;7;51
2021-12-27;"0-60";1;1;1;1;1;1;1;1;1;1;1;1;16;16;16;16;16;16;16;16;16;16;16;16;1;1;1;1;1;1;1;1;1;1;1;1;16
2021-12-27;"60+";2;2;2;2;2;2;2;2;2;2;2;2;35;35;35;35;35;35;35;35;35;35;35;35;1;1;1;1;1;1;1;1;1;1;1;2;35
2021-12-27;"alle";3;3;3;3;3;3;3;3;3;3;3;3;51;51;51;51;51;51;51;51;51;51;51;51;NA;NA;NA;NA;NA;NA;NA;NA;NA;NA;NA;3;51
2021-12-26;"0-60";2;2;2;2;2;2;2;2;2;2;2;2;16;16;16;16;16;16;16;16;16;16;16;16;1;1;1;1;1;1;1;1;1;1;1;2;16
2021-12-26;"60+";3;3;3;3;3;3;3;3;3;3;3;3;35;35;35;35;35;35;35;35;35;35;35;35;1;1;1;1;1;1;1;1;1;1;1;3;35
2021-12-26;"alle";5;5;5;5;5;5;5;5;5;5;5;5;51;51;51;51;51;51;51;51;51;51;51;51;NA;NA;NA;NA;NA;NA;NA;NA;NA;NA;NA;5;51
2021-12-25;"0-60";1;1;1;1;1;1;1;1;1;1;1;1;15;15;15;15;15;15;15;15;15;15;15;15;1;1;1;1;1;1;1;1;1;1;1;1;15
2021-12-25;"60+";1;1;1;1;1;1;1;1;1;1;1;1;37;37;37;37;37;37;37;37;37;37;37;37;1;1;1;1;1;1;1;1;1;1;1;1;37
2021-12-25;"alle";2;2;2;2;2;2;2;2;2;2;2;2;52;52;52;52;52;52;52;52;52;52;52;52;NA;NA;NA;NA;NA;NA;NA;NA;NA;NA;NA;2;52
2021-12-24;"0-60";4;4;4;4;4;4;4;4;4;4;4;4;14;14;14;14;14;14;14;14;14;14;14;14;1;1;1;1;1;1;1;1;1;1;1;4;14
2021-12-24;"60+";6;6;6;6;6;6;6;6;6;6;6;6;42;42;42;42;42;42;42;42;42;42;42;42;1;1;1;1;1;1;1;1;1;1;1;6;41
2021-12-24;"alle";10;10;10;10;10;10;10;10;10;10;10;10;56;56;56;56;56;56;56;56;56;56;56;56;NA;NA;NA;NA;NA;NA;NA;NA;NA;NA;NA;10;55
2021-12-23;"0-60";1;1;1;1;1;1;1;1;1;1;1;1;13;13;13;13;13;13;13;13;13;13;13;13;1;1;1;1;1;1;1;1;1;1;1;1;13
2021-12-23;"60+";6;6;6;6;6;6;6;6;6;6;6;6;44;44;44;44;44;44;44;44;44;44;44;44;1;1;1;1;1;1;1;1;1;1;1;6;43
2021-12-23;"alle";7;7;7;7;7;7;7;7;7;7;7;7;57;57;57;57;57;57;57;57;57;57;57;57;NA;NA;NA;NA;NA;NA;NA;NA;NA;NA;NA;7;56
2021-12-22;"0-60";5;5;5;5;5;5;5;5;5;5;5;5;13;13;13;13;13;13;13;13;13;13;13;13;1;1;1;1;1;1;1;1;1;1;1;5;13
2021-12-22;"60+";12;12;12;12;12;12;12;12;12;12;12;12;47;47;47;47;47;47;47;47;47;47;47;47;1;1;1;1;1;1;1;1;1;1;1;12;45
2021-12-22;"alle";17;17;17;17;17;17;17;17;17;17;17;17;60;60;60;60;60;60;60;60;60;60;60;60;NA;NA;NA;NA;NA;NA;NA;NA;NA;NA;NA;17;58
2021-12-21;"0-60";2;2;2;2;2;2;2;2;2;2;2;2;14;14;14;14;14;14;14;14;14;14;14;14;1;1;1;1;1;1;1;1;1;1;1;2;14
2021-12-21;"60+";5;5;5;5;5;5;5;5;5;5;5;5;46;46;46;46;46;46;46;46;46;46;46;46;1;1;1;1;1;1;1;1;1;1;1;5;44
2021-12-21;"alle";7;7;7;7;7;7;7;7;7;7;7;7;60;60;60;60;60;60;60;60;60;60;60;60;NA;NA;NA;NA;NA;NA;NA;NA;NA;NA;NA;7;58
2021-12-20;"0-60";1;1;1;1;1;1;1;1;1;1;1;1;15;15;15;15;15;15;15;15;15;15;15;15;1;1;1;1;1;1;1;1;1;1;1;1;15
2021-12-20;"60+";2;2;2;2;2;2;2;2;2;2;2;2;51;51;51;51;51;51;51;51;51;51;51;51;1;1;1;1;1;1;1;1;1;1;1;2;49
2021-12-20;"alle";3;3;3;3;3;3;3;3;3;3;3;3;66;66;66;66;66;66;66;66;66;66;66;66;NA;NA;NA;NA;NA;NA;NA;NA;NA;NA;NA;3;64
2021-12-19;"0-60";1;1;1;1;1;1;1;1;1;1;1;1;16;16;16;16;16;16;16;16;16;16;16;16;1;1;1;1;1;1;1;1;1;1;1;1;16
2021-12-19;"60+";5;5;5;5;5;5;5;5;5;5;5;5;55;55;55;55;55;55;55;55;55;55;55;55;1;1;1;1;1;1;1;1;1;1;1;5;53
2021-12-19;"alle";6;6;6;6;6;6;6;6;6;6;6;6;71;71;71;71;71;71;71;71;71;71;71;71;NA;NA;NA;NA;NA;NA;NA;NA;NA;NA;NA;6;69
2021-12-18;"0-60";0;0;0;0;0;0;0;0;0;0;0;0;15;15;15;15;15;15;15;15;15;15;15;15;1;1;1;1;1;1;1;1;1;1;1;0;15
2021-12-18;"60+";6;6;6;6;6;6;6;6;6;6;6;6;59;59;59;59;59;59;59;59;59;59;59;59;1;1;1;1;1;1;1;1;1;1;1;5;57
2021-12-18;"alle";6;6;6;6;6;6;6;6;6;6;6;6;74;74;74;74;74;74;74;74;74;74;74;74;NA;NA;NA;NA;NA;NA;NA;NA;NA;NA;NA;5;72
2021-12-17;"0-60";3;3;3;3;3;3;3;3;3;3;3;3;16;16;16;16;16;16;16;16;16;16;16;16;1;1;1;1;1;1;1;1;1;1;1;3;16
2021-12-17;"60+";8;8;8;8;8;8;8;8;8;8;8;8;61;61;61;61;61;61;61;61;61;61;61;61;1;1;1;1;1;1;1;1;1;1;1;8;60
2021-12-17;"alle";11;11;11;11;11;11;11;11;11;11;11;11;77;77;77;77;77;77;77;77;77;77;77;77;NA;NA;NA;NA;NA;NA;NA;NA;NA;NA;NA;11;76
2021-12-16;"0-60";1;1;1;1;1;1;1;1;1;1;1;1;17;17;17;17;17;17;17;17;17;17;17;17;1;1;1;1;1;1;1;1;1;1;1;1;17
2021-12-16;"60+";9;9;9;9;9;9;9;9;9;9;9;9;60;60;60;60;60;60;60;60;60;60;60;60;1;1;1;1;1;1;1;1;1;1;1;8;59
2021-12-16;"alle";10;10;10;10;10;10;10;10;10;10;10;10;77;77;77;77;77;77;77;77;77;77;77;77;NA;NA;NA;NA;NA;NA;NA;NA;NA;NA;NA;9;76
2021-12-15;"0-60";6;6;6;6;6;6;6;6;6;6;6;6;21;21;21;21;21;21;21;21;21;21;21;21;1;1;1;1;1;1;1;1;1;1;1;6;21
2021-12-15;"60+";11;11;11;11;11;11;11;11;11;11;11;11;67;67;67;67;67;67;67;67;67;67;67;67;1;1;1;1;1;1;1;1;1;1;1;11;67
2021-12-15;"alle";17;17;17;17;17;17;17;17;17;17;17;17;88;88;88;88;88;88;88;88;88;88;88;88;NA;NA;NA;NA;NA;NA;NA;NA;NA;NA;NA;17;88
2021-12-14;"0-60";3;3;3;3;3;3;3;3;3;3;3;3;19;19;19;19;19;19;19;19;19;19;19;19;1;1;1;1;1;1;1;1;1;1;1;3;19
2021-12-14;"60+";10;10;10;10;10;10;10;10;10;10;10;10;70;70;70;70;70;70;70;70;70;70;70;70;1;1;1;1;1;1;1;1;1;1;1;10;70
2021-12-14;"alle";13;13;13;13;13;13;13;13;13;13;13;13;89;89;89;89;89;89;89;89;89;89;89;89;NA;NA;NA;NA;NA;NA;NA;NA;NA;NA;NA;13;89
2021-12-13;"0-60";2;2;2;2;2;2;2;2;2;2;2;2;17;17;17;17;17;17;17;17;17;17;17;17;1;1;1;1;1;1;1;1;1;1;1;2;17
2021-12-13;"60+";6;6;6;6;6;6;6;6;6;6;6;6;72;72;72;72;72;72;72;72;72;72;72;72;1;1;1;1;1;1;1;1;1;1;1;6;72
2021-12-13;"alle";8;8;8;8;8;8;8;8;8;8;8;8;89;89;89;89;89;89;89;89;89;89;89;89;NA;NA;NA;NA;NA;NA;NA;NA;NA;NA;NA;8;89
2021-12-12;"0-60";0;0;0;0;0;0;0;0;0;0;0;0;17;17;17;17;17;17;17;17;17;17;17;17;1;1;1;1;1;1;1;1;1;1;1;0;17
2021-12-12;"60+";9;9;9;9;9;9;9;9;9;9;9;9;76;76;76;76;76;76;76;76;76;76;76;76;1;1;1;1;1;1;1;1;1;1;1;9;76
2021-12-12;"alle";9;9;9;9;9;9;9;9;9;9;9;9;93;93;93;93;93;93;93;93;93;93;93;93;NA;NA;NA;NA;NA;NA;NA;NA;NA;NA;NA;9;93
2021-12-11;"0-60";1;1;1;1;1;1;1;1;1;1;1;1;19;19;19;19;19;19;19;19;19;19;19;19;1;1;1;1;1;1;1;1;1;1;1;1;19
2021-12-11;"60+";8;8;8;8;8;8;8;8;8;8;8;8;72;72;72;72;72;72;72;72;72;72;72;72;1;1;1;1;1;1;1;1;1;1;1;8;72
2021-12-11;"alle";9;9;9;9;9;9;9;9;9;9;9;9;91;91;91;91;91;91;91;91;91;91;91;91;NA;NA;NA;NA;NA;NA;NA;NA;NA;NA;NA;9;91
2021-12-10;"0-60";4;4;4;4;4;4;4;4;4;4;4;4;19;19;19;19;19;19;19;19;19;19;19;19;1;1;1;1;1;1;1;1;1;1;1;4;19
2021-12-10;"60+";7;7;7;7;7;7;7;7;7;7;7;7;71;71;71;71;71;71;71;71;71;71;71;71;1;1;1;1;1;1;1;1;1;1;1;7;71
2021-12-10;"alle";11;11;11;11;11;11;11;11;11;11;11;11;90;90;90;90;90;90;90;90;90;90;90;90;NA;NA;NA;NA;NA;NA;NA;NA;NA;NA;NA;11;90
2021-12-09;"0-60";5;5;5;5;5;5;5;5;5;5;5;5;19;19;19;19;19;19;19;19;19;19;19;19;1;1;1;1;1;1;1;1;1;1;1;5;19
2021-12-09;"60+";16;16;16;16;16;16;16;16;16;16;16;16;74;74;74;74;74;74;74;74;74;74;74;74;1;1;1;1;1;1;1;1;1;1;1;16;74
2021-12-09;"alle";21;21;21;21;21;21;21;21;21;21;21;21;93;93;93;93;93;93;93;93;93;93;93;93;NA;NA;NA;NA;NA;NA;NA;NA;NA;NA;NA;21;93
2021-12-08;"0-60";4;4;4;4;4;4;4;4;4;4;4;4;18;18;18;18;18;18;18;18;18;18;18;18;1;1;1;1;1;1;1;1;1;1;1;4;18
2021-12-08;"60+";14;14;14;14;14;14;14;14;14;14;14;14;72;72;72;72;72;72;72;72;72;72;72;72;1;1;1;1;1;1;1;1;1;1;1;14;72
2021-12-08;"alle";18;18;18;18;18;18;18;18;18;18;18;18;90;90;90;90;90;90;90;90;90;90;90;90;NA;NA;NA;NA;NA;NA;NA;NA;NA;NA;NA;18;90
2021-12-07;"0-60";1;1;1;1;1;1;1;1;1;1;1;1;19;19;19;19;19;19;19;19;19;19;19;19;1;1;1;1;1;1;1;1;1;1;1;1;19
2021-12-07;"60+";12;12;12;12;12;12;12;12;12;12;12;12;69;69;69;69;69;69;69;69;69;69;69;69;1;1;1;1;1;1;1;1;1;1;1;12;69
2021-12-07;"alle";13;13;13;13;13;13;13;13;13;13;13;13;88;88;88;88;88;88;88;88;88;88;88;88;NA;NA;NA;NA;NA;NA;NA;NA;NA;NA;NA;13;88
2021-12-06;"0-60";2;2;2;2;2;2;2;2;2;2;2;2;20;20;20;20;20;20;20;20;20;20;20;20;1;1;1;1;1;1;1;1;1;1;1;2;20
2021-12-06;"60+";10;10;10;10;10;10;10;10;10;10;10;10;66;66;66;66;66;66;66;66;66;66;66;66;1;1;1;1;1;1;1;1;1;1;1;10;66
2021-12-06;"alle";12;12;12;12;12;12;12;12;12;12;12;12;86;86;86;86;86;86;86;86;86;86;86;86;NA;NA;NA;NA;NA;NA;NA;NA;NA;NA;NA;12;86
2021-12-05;"0-60";2;2;2;2;2;2;2;2;2;2;2;2;19;19;19;19;19;19;19;19;19;19;19;19;1;1;1;1;1;1;1;1;1;1;1;2;19
2021-12-05;"60+";5;5;5;5;5;5;5;5;5;5;5;5;58;58;58;58;58;58;58;58;58;58;58;58;1;1;1;1;1;1;1;1;1;1;1;5;58
2021-12-05;"alle";7;7;7;7;7;7;7;7;7;7;7;7;77;77;77;77;77;77;77;77;77;77;77;77;NA;NA;NA;NA;NA;NA;NA;NA;NA;NA;NA;7;77
2021-12-04;"0-60";1;1;1;1;1;1;1;1;1;1;1;1;18;18;18;18;18;18;18;18;18;18;18;18;1;1;1;1;1;1;1;1;1;1;1;1;18
2021-12-04;"60+";7;7;7;7;7;7;7;7;7;7;7;7;61;61;61;61;61;61;61;61;61;61;61;61;1;1;1;1;1;1;1;1;1;1;1;7;60
2021-12-04;"alle";8;8;8;8;8;8;8;8;8;8;8;8;79;79;79;79;79;79;79;79;79;79;79;79;NA;NA;NA;NA;NA;NA;NA;NA;NA;NA;NA;8;78
2021-12-03;"0-60";4;4;4;4;4;4;4;4;4;4;4;4;22;22;22;22;22;22;22;22;22;22;22;22;1;1;1;1;1;1;1;1;1;1;1;4;22
2021-12-03;"60+";10;10;10;10;10;10;10;10;10;10;10;10;60;60;60;60;60;60;60;60;60;60;60;60;1;1;1;1;1;1;1;1;1;1;1;10;59
2021-12-03;"alle";14;14;14;14;14;14;14;14;14;14;14;14;82;82;82;82;82;82;82;82;82;82;82;82;NA;NA;NA;NA;NA;NA;NA;NA;NA;NA;NA;14;81
2021-12-02;"0-60";4;4;4;4;4;4;4;4;4;4;4;4;21;21;21;21;21;21;21;21;21;21;21;21;1;1;1;1;1;1;1;1;1;1;1;4;21
2021-12-02;"60+";14;14;14;14;14;14;14;14;14;14;14;14;64;64;64;64;64;64;64;64;64;64;64;64;1;1;1;1;1;1;1;1;1;1;1;14;63
2021-12-02;"alle";18;18;18;18;18;18;18;18;18;18;18;18;85;85;85;85;85;85;85;85;85;85;85;85;NA;NA;NA;NA;NA;NA;NA;NA;NA;NA;NA;18;84
2021-12-01;"0-60";5;5;5;5;5;5;5;5;5;5;5;5;21;21;21;21;21;21;21;21;21;21;21;21;1;1;1;1;1;1;1;1;1;1;1;5;21
2021-12-01;"60+";11;11;11;11;11;11;11;11;11;11;11;11;57;57;57;57;57;57;57;57;57;57;57;57;1;1;1;1;1;1;1;1;1;1;1;11;56
2021-12-01;"alle";16;16;16;16;16;16;16;16;16;16;16;16;78;78;78;78;78;78;78;78;78;78;78;78;NA;NA;NA;NA;NA;NA;NA;NA;NA;NA;NA;16;77
2021-11-30;"0-60";2;2;2;2;2;2;2;2;2;2;2;2;25;25;25;25;25;25;25;25;25;25;25;25;1;1;1;1;1;1;1;1;1;1;1;2;25
2021-11-30;"60+";9;9;9;9;9;9;9;9;9;9;9;9;56;56;56;56;56;56;56;56;56;56;56;56;1;1;1;1;1;1;1;1;1;1;1;9;55
2021-11-30;"alle";11;11;11;11;11;11;11;11;11;11;11;11;81;81;81;81;81;81;81;81;81;81;81;81;NA;NA;NA;NA;NA;NA;NA;NA;NA;NA;NA;11;80
2021-11-29;"0-60";1;1;1;1;1;1;1;1;1;1;1;1;23;23;23;23;23;23;23;23;23;23;23;23;1;1;1;1;1;1;1;1;1;1;1;1;23
2021-11-29;"60+";2;2;2;2;2;2;2;2;2;2;2;2;52;52;52;52;52;52;52;52;52;52;52;52;1;1;1;1;1;1;1;1;1;1;1;2;51
2021-11-29;"alle";3;3;3;3;3;3;3;3;3;3;3;3;75;75;75;75;75;75;75;75;75;75;75;75;NA;NA;NA;NA;NA;NA;NA;NA;NA;NA;NA;3;74
2021-11-28;"0-60";1;1;1;1;1;1;1;1;1;1;1;1;22;22;22;22;22;22;22;22;22;22;22;22;1;1;1;1;1;1;1;1;1;1;1;1;22
2021-11-28;"60+";8;8;8;8;8;8;8;8;8;8;8;8;50;50;50;50;50;50;50;50;50;50;50;50;1;1;1;1;1;1;1;1;1;1;1;7;49
2021-11-28;"alle";9;9;9;9;9;9;9;9;9;9;9;9;72;72;72;72;72;72;72;72;72;72;72;72;NA;NA;NA;NA;NA;NA;NA;NA;NA;NA;NA;8;71
2021-11-27;"0-60";5;5;5;5;5;5;5;5;5;5;5;5;22;22;22;22;22;22;22;22;22;22;22;22;1;1;1;1;1;1;1;1;1;1;1;5;22
2021-11-27;"60+";6;6;6;6;6;6;6;6;6;6;6;6;44;44;44;44;44;44;44;44;44;44;44;44;1;1;1;1;1;1;1;1;1;1;1;6;44
2021-11-27;"alle";11;11;11;11;11;11;11;11;11;11;11;11;66;66;66;66;66;66;66;66;66;66;66;66;NA;NA;NA;NA;NA;NA;NA;NA;NA;NA;NA;11;66
2021-11-26;"0-60";3;3;3;3;3;3;3;3;3;3;3;3;18;18;18;18;18;18;18;18;18;18;18;18;1;1;1;1;1;1;1;1;1;1;1;3;18
2021-11-26;"60+";14;14;14;14;14;14;14;14;14;14;14;14;41;41;41;41;41;41;41;41;41;41;41;41;1;1;1;1;1;1;1;1;1;1;1;14;41
2021-11-26;"alle";17;17;17;17;17;17;17;17;17;17;17;17;59;59;59;59;59;59;59;59;59;59;59;59;NA;NA;NA;NA;NA;NA;NA;NA;NA;NA;NA;17;59
2021-11-25;"0-60";4;4;4;4;4;4;4;4;4;4;4;4;19;19;19;19;19;19;19;19;19;19;19;19;1;1;1;1;1;1;1;1;1;1;1;4;19
2021-11-25;"60+";7;7;7;7;7;7;7;7;7;7;7;7;34;34;34;34;34;34;34;34;34;34;34;34;1;1;1;1;1;1;1;1;1;1;1;7;34
2021-11-25;"alle";11;11;11;11;11;11;11;11;11;11;11;11;53;53;53;53;53;53;53;53;53;53;53;53;NA;NA;NA;NA;NA;NA;NA;NA;NA;NA;NA;11;53
2021-11-24;"0-60";9;9;9;9;9;9;9;9;9;9;9;9;16;16;16;16;16;16;16;16;16;16;16;16;1;1;1;1;1;1;1;1;1;1;1;9;16
2021-11-24;"60+";10;10;10;10;10;10;10;10;10;10;10;10;31;31;31;31;31;31;31;31;31;31;31;31;1;1;1;1;1;1;1;1;1;1;1;10;31
2021-11-24;"alle";19;19;19;19;19;19;19;19;19;19;19;19;47;47;47;47;47;47;47;47;47;47;47;47;NA;NA;NA;NA;NA;NA;NA;NA;NA;NA;NA;19;47
2021-11-23;"0-60";0;0;0;0;0;0;0;0;0;0;0;0;10;10;10;10;10;10;10;10;10;10;10;10;1;1;1;1;1;1;1;1;1;1;1;0;10
2021-11-23;"60+";5;5;5;5;5;5;5;5;5;5;5;5;29;29;29;29;29;29;29;29;29;29;29;29;1;1;1;1;1;1;1;1;1;1;1;5;29
2021-11-23;"alle";5;5;5;5;5;5;5;5;5;5;5;5;39;39;39;39;39;39;39;39;39;39;39;39;NA;NA;NA;NA;NA;NA;NA;NA;NA;NA;NA;5;39
2021-11-22;"0-60";0;0;0;0;0;0;0;0;0;0;0;0;12;12;12;12;12;12;12;12;12;12;12;12;1;1;1;1;1;1;1;1;1;1;1;0;12
2021-11-22;"60+";0;0;0;0;0;0;0;0;0;0;0;0;27;27;27;27;27;27;27;27;27;27;27;27;1;1;1;1;1;1;1;1;1;1;1;0;27
2021-11-22;"alle";0;0;0;0;0;0;0;0;0;0;0;0;39;39;39;39;39;39;39;39;39;39;39;39;NA;NA;NA;NA;NA;NA;NA;NA;NA;NA;NA;0;39
2021-11-21;"0-60";1;1;1;1;1;1;1;1;1;1;1;1;12;12;12;12;12;12;12;12;12;12;12;12;1;1;1;1;1;1;1;1;1;1;1;1;12
2021-11-21;"60+";2;2;2;2;2;2;2;2;2;2;2;2;27;27;27;27;27;27;27;27;27;27;27;27;1;1;1;1;1;1;1;1;1;1;1;2;27
2021-11-21;"alle";3;3;3;3;3;3;3;3;3;3;3;3;39;39;39;39;39;39;39;39;39;39;39;39;NA;NA;NA;NA;NA;NA;NA;NA;NA;NA;NA;3;39
2021-11-20;"0-60";1;1;1;1;1;1;1;1;1;1;1;1;14;14;14;14;14;14;14;14;14;14;14;14;1;1;1;1;1;1;1;1;1;1;1;1;13
2021-11-20;"60+";3;3;3;3;3;3;3;3;3;3;3;3;26;26;26;26;26;26;26;26;26;26;26;26;1;1;1;1;1;1;1;1;1;1;1;3;26
2021-11-20;"alle";4;4;4;4;4;4;4;4;4;4;4;4;40;40;40;40;40;40;40;40;40;40;40;40;NA;NA;NA;NA;NA;NA;NA;NA;NA;NA;NA;4;39
2021-11-19;"0-60";4;4;4;4;4;4;4;4;4;4;4;4;16;16;16;16;16;16;16;16;16;16;16;16;1;1;1;1;1;1;1;1;1;1;1;4;15
2021-11-19;"60+";7;7;7;7;7;7;7;7;7;7;7;7;27;27;27;27;27;27;27;27;27;27;27;27;1;1;1;1;1;1;1;1;1;1;1;7;27
2021-11-19;"alle";11;11;11;11;11;11;11;11;11;11;11;11;43;43;43;43;43;43;43;43;43;43;43;43;NA;NA;NA;NA;NA;NA;NA;NA;NA;NA;NA;11;42
2021-11-18;"0-60";1;1;1;1;1;1;1;1;1;1;1;1;13;13;13;13;13;13;13;13;13;13;13;13;1;1;1;1;1;1;1;1;1;1;1;1;12
2021-11-18;"60+";4;4;4;4;4;4;4;4;4;4;4;4;22;22;22;22;22;22;22;22;22;22;22;22;1;1;1;1;1;1;1;1;1;1;1;4;22
2021-11-18;"alle";5;5;5;5;5;5;5;5;5;5;5;5;35;35;35;35;35;35;35;35;35;35;35;35;NA;NA;NA;NA;NA;NA;NA;NA;NA;NA;NA;5;34
2021-11-17;"0-60";3;3;3;3;3;3;3;3;3;3;3;3;15;15;15;15;15;15;15;15;15;15;15;15;1;1;1;1;1;1;1;1;1;1;1;3;14
2021-11-17;"60+";8;8;8;8;8;8;8;8;8;8;8;8;23;23;23;23;23;23;23;23;23;23;23;23;1;1;1;1;1;1;1;1;1;1;1;8;23
2021-11-17;"alle";11;11;11;11;11;11;11;11;11;11;11;11;38;38;38;38;38;38;38;38;38;38;38;38;NA;NA;NA;NA;NA;NA;NA;NA;NA;NA;NA;11;37
2021-11-16;"0-60";2;2;2;2;2;2;2;2;2;2;2;2;15;15;15;15;15;15;15;15;15;15;15;15;1;1;1;1;1;1;1;1;1;1;1;2;14
2021-11-16;"60+";3;3;3;3;3;3;3;3;3;3;3;3;24;24;24;24;24;24;24;24;24;24;24;24;1;1;1;1;1;1;1;1;1;1;1;3;24
2021-11-16;"alle";5;5;5;5;5;5;5;5;5;5;5;5;39;39;39;39;39;39;39;39;39;39;39;39;NA;NA;NA;NA;NA;NA;NA;NA;NA;NA;NA;5;38
2021-11-15;"0-60";0;0;0;0;0;0;0;0;0;0;0;0;14;14;14;14;14;14;14;14;14;14;14;14;1;1;1;1;1;1;1;1;1;1;1;0;13
2021-11-15;"60+";0;0;0;0;0;0;0;0;0;0;0;0;25;25;25;25;25;25;25;25;25;25;25;25;1;1;1;1;1;1;1;1;1;1;1;0;24
2021-11-15;"alle";0;0;0;0;0;0;0;0;0;0;0;0;39;39;39;39;39;39;39;39;39;39;39;39;NA;NA;NA;NA;NA;NA;NA;NA;NA;NA;NA;0;37
2021-11-14;"0-60";3;3;3;3;3;3;3;3;3;3;3;3;16;16;16;16;16;16;16;16;16;16;16;16;1;1;1;1;1;1;1;1;1;1;1;2;15
2021-11-14;"60+";1;1;1;1;1;1;1;1;1;1;1;1;25;25;25;25;25;25;25;25;25;25;25;25;1;1;1;1;1;1;1;1;1;1;1;1;24
2021-11-14;"alle";4;4;4;4;4;4;4;4;4;4;4;4;41;41;41;41;41;41;41;41;41;41;41;41;NA;NA;NA;NA;NA;NA;NA;NA;NA;NA;NA;3;39
2021-11-13;"0-60";3;3;3;3;3;3;3;3;3;3;3;3;15;15;15;15;15;15;15;15;15;15;15;15;1;1;1;1;1;1;1;1;1;1;1;3;15
2021-11-13;"60+";4;4;4;4;4;4;4;4;4;4;4;4;26;26;26;26;26;26;26;26;26;26;26;26;1;1;1;1;1;1;1;1;1;1;1;4;25
2021-11-13;"alle";7;7;7;7;7;7;7;7;7;7;7;7;41;41;41;41;41;41;41;41;41;41;41;41;NA;NA;NA;NA;NA;NA;NA;NA;NA;NA;NA;7;40
2021-11-12;"0-60";1;1;1;1;1;1;1;1;1;1;1;1;13;13;13;13;13;13;13;13;13;13;13;13;1;1;1;1;1;1;1;1;1;1;1;1;13
2021-11-12;"60+";2;2;2;2;2;2;2;2;2;2;2;2;25;25;25;25;25;25;25;25;25;25;25;25;1;1;1;1;1;1;1;1;1;1;1;2;24
2021-11-12;"alle";3;3;3;3;3;3;3;3;3;3;3;3;38;38;38;38;38;38;38;38;38;38;38;38;NA;NA;NA;NA;NA;NA;NA;NA;NA;NA;NA;3;37
2021-11-11;"0-60";3;3;3;3;3;3;3;3;3;3;3;3;13;13;13;13;13;13;13;13;13;13;13;13;1;1;1;1;1;1;1;1;1;1;1;3;13
2021-11-11;"60+";5;5;5;5;5;5;5;5;5;5;5;5;26;26;26;26;26;26;26;26;26;26;26;26;1;1;1;1;1;1;1;1;1;1;1;5;25
2021-11-11;"alle";8;8;8;8;8;8;8;8;8;8;8;8;39;39;39;39;39;39;39;39;39;39;39;39;NA;NA;NA;NA;NA;NA;NA;NA;NA;NA;NA;8;38
2021-11-10;"0-60";3;3;3;3;3;3;3;3;3;3;3;3;12;12;12;12;12;12;12;12;12;12;12;12;1;1;1;1;1;1;1;1;1;1;1;3;12
2021-11-10;"60+";9;9;9;9;9;9;9;9;9;9;9;9;23;23;23;23;23;23;23;23;23;23;23;23;1;1;1;1;1;1;1;1;1;1;1;9;22
2021-11-10;"alle";12;12;12;12;12;12;12;12;12;12;12;12;35;35;35;35;35;35;35;35;35;35;35;35;NA;NA;NA;NA;NA;NA;NA;NA;NA;NA;NA;12;34
2021-11-09;"0-60";1;1;1;1;1;1;1;1;1;1;1;1;11;11;11;11;11;11;11;11;11;11;11;11;1;1;1;1;1;1;1;1;1;1;1;1;11
2021-11-09;"60+";4;4;4;4;4;4;4;4;4;4;4;4;19;19;19;19;19;19;19;19;19;19;19;19;1;1;1;1;1;1;1;1;1;1;1;3;18
2021-11-09;"alle";5;5;5;5;5;5;5;5;5;5;5;5;30;30;30;30;30;30;30;30;30;30;30;30;NA;NA;NA;NA;NA;NA;NA;NA;NA;NA;NA;4;29
2021-11-08;"0-60";2;2;2;2;2;2;2;2;2;2;2;2;10;10;10;10;10;10;10;10;10;10;10;10;1;1;1;1;1;1;1;1;1;1;1;2;10
2021-11-08;"60+";0;0;0;0;0;0;0;0;0;0;0;0;16;16;16;16;16;16;16;16;16;16;16;16;1;1;1;1;1;1;1;1;1;1;1;0;16
2021-11-08;"alle";2;2;2;2;2;2;2;2;2;2;2;2;26;26;26;26;26;26;26;26;26;26;26;26;NA;NA;NA;NA;NA;NA;NA;NA;NA;NA;NA;2;26
2021-11-07;"0-60";2;2;2;2;2;2;2;2;2;2;2;2;8;8;8;8;8;8;8;8;8;8;8;8;1;1;1;1;1;1;1;1;1;1;1;2;8
2021-11-07;"60+";2;2;2;2;2;2;2;2;2;2;2;2;16;16;16;16;16;16;16;16;16;16;16;16;1;1;1;1;1;1;1;1;1;1;1;2;16
2021-11-07;"alle";4;4;4;4;4;4;4;4;4;4;4;4;24;24;24;24;24;24;24;24;24;24;24;24;NA;NA;NA;NA;NA;NA;NA;NA;NA;NA;NA;4;24
2021-11-06;"0-60";1;1;1;1;1;1;1;1;1;1;1;1;8;8;8;8;8;8;8;8;8;8;8;8;1;1;1;1;1;1;1;1;1;1;1;1;8
2021-11-06;"60+";3;3;3;3;3;3;3;3;3;3;3;3;16;16;16;16;16;16;16;16;16;16;16;16;1;1;1;1;1;1;1;1;1;1;1;3;16
2021-11-06;"alle";4;4;4;4;4;4;4;4;4;4;4;4;24;24;24;24;24;24;24;24;24;24;24;24;NA;NA;NA;NA;NA;NA;NA;NA;NA;NA;NA;4;24
2021-11-05;"0-60";1;1;1;1;1;1;1;1;1;1;1;1;10;10;10;10;10;10;10;10;10;10;10;10;1;1;1;1;1;1;1;1;1;1;1;1;10
2021-11-05;"60+";3;3;3;3;3;3;3;3;3;3;3;3;14;14;14;14;14;14;14;14;14;14;14;14;1;1;1;1;1;1;1;1;1;1;1;3;14
2021-11-05;"alle";4;4;4;4;4;4;4;4;4;4;4;4;24;24;24;24;24;24;24;24;24;24;24;24;NA;NA;NA;NA;NA;NA;NA;NA;NA;NA;NA;4;24
2021-11-04;"0-60";2;2;2;2;2;2;2;2;2;2;2;2;9;9;9;9;9;9;9;9;9;9;9;9;1;1;1;1;1;1;1;1;1;1;1;2;9
2021-11-04;"60+";2;2;2;2;2;2;2;2;2;2;2;2;12;12;12;12;12;12;12;12;12;12;12;12;1;1;1;1;1;1;1;1;1;1;1;2;12
2021-11-04;"alle";4;4;4;4;4;4;4;4;4;4;4;4;21;21;21;21;21;21;21;21;21;21;21;21;NA;NA;NA;NA;NA;NA;NA;NA;NA;NA;NA;4;21
2021-11-03;"0-60";2;2;2;2;2;2;2;2;2;2;2;2;9;9;9;9;9;9;9;9;9;9;9;9;1;1;1;1;1;1;1;1;1;1;1;2;9
2021-11-03;"60+";5;5;5;5;5;5;5;5;5;5;5;5;10;10;10;10;10;10;10;10;10;10;10;10;1;1;1;1;1;1;1;1;1;1;1;5;10
2021-11-03;"alle";7;7;7;7;7;7;7;7;7;7;7;7;19;19;19;19;19;19;19;19;19;19;19;19;NA;NA;NA;NA;NA;NA;NA;NA;NA;NA;NA;7;19
2021-11-02;"0-60";0;0;0;0;0;0;0;0;0;0;0;0;8;8;8;8;8;8;8;8;8;8;8;8;1;1;1;1;1;1;1;1;1;1;1;0;8
2021-11-02;"60+";1;1;1;1;1;1;1;1;1;1;1;1;8;8;8;8;8;8;8;8;8;8;8;8;1;1;1;1;1;1;1;1;1;1;1;1;8
2021-11-02;"alle";1;1;1;1;1;1;1;1;1;1;1;1;16;16;16;16;16;16;16;16;16;16;16;16;NA;NA;NA;NA;NA;NA;NA;NA;NA;NA;NA;1;16
2021-11-01;"0-60";0;0;0;0;0;0;0;0;0;0;0;0;9;9;9;9;9;9;9;9;9;9;9;9;1;1;1;1;1;1;1;1;1;1;1;0;9
2021-11-01;"60+";0;0;0;0;0;0;0;0;0;0;0;0;8;8;8;8;8;8;8;8;8;8;8;8;1;1;1;1;1;1;1;1;1;1;1;0;8
2021-11-01;"alle";0;0;0;0;0;0;0;0;0;0;0;0;17;17;17;17;17;17;17;17;17;17;17;17;NA;NA;NA;NA;NA;NA;NA;NA;NA;NA;NA;0;17
2021-10-31;"0-60";2;2;2;2;2;2;2;2;2;2;2;2;10;10;10;10;10;10;10;10;10;10;10;10;1;1;1;1;1;1;1;1;1;1;1;2;10
2021-10-31;"60+";2;2;2;2;2;2;2;2;2;2;2;2;8;8;8;8;8;8;8;8;8;8;8;8;1;1;1;1;1;1;1;1;1;1;1;2;8
2021-10-31;"alle";4;4;4;4;4;4;4;4;4;4;4;4;18;18;18;18;18;18;18;18;18;18;18;18;NA;NA;NA;NA;NA;NA;NA;NA;NA;NA;NA;4;18
2021-10-30;"0-60";3;3;3;3;3;3;3;3;3;3;3;3;10;10;10;10;10;10;10;10;10;10;10;10;1;1;1;1;1;1;1;1;1;1;1;3;10
2021-10-30;"60+";1;1;1;1;1;1;1;1;1;1;1;1;9;9;9;9;9;9;9;9;9;9;9;9;1;1;1;1;1;1;1;1;1;1;1;1;9
2021-10-30;"alle";4;4;4;4;4;4;4;4;4;4;4;4;19;19;19;19;19;19;19;19;19;19;19;19;NA;NA;NA;NA;NA;NA;NA;NA;NA;NA;NA;4;19
2021-10-29;"0-60";0;0;0;0;0;0;0;0;0;0;0;0;8;8;8;8;8;8;8;8;8;8;8;8;1;1;1;1;1;1;1;1;1;1;1;0;8
2021-10-29;"60+";1;1;1;1;1;1;1;1;1;1;1;1;8;8;8;8;8;8;8;8;8;8;8;8;1;1;1;1;1;1;1;1;1;1;1;1;8
2021-10-29;"alle";1;1;1;1;1;1;1;1;1;1;1;1;16;16;16;16;16;16;16;16;16;16;16;16;NA;NA;NA;NA;NA;NA;NA;NA;NA;NA;NA;1;16
2021-10-28;"0-60";2;2;2;2;2;2;2;2;2;2;2;2;9;9;9;9;9;9;9;9;9;9;9;9;1;1;1;1;1;1;1;1;1;1;1;2;9
2021-10-28;"60+";0;0;0;0;0;0;0;0;0;0;0;0;9;9;9;9;9;9;9;9;9;9;9;9;1;1;1;1;1;1;1;1;1;1;1;0;9
2021-10-28;"alle";2;2;2;2;2;2;2;2;2;2;2;2;18;18;18;18;18;18;18;18;18;18;18;18;NA;NA;NA;NA;NA;NA;NA;NA;NA;NA;NA;2;18
2021-10-27;"0-60";1;1;1;1;1;1;1;1;1;1;1;1;9;9;9;9;9;9;9;9;9;9;9;9;1;1;1;1;1;1;1;1;1;1;1;1;9
2021-10-27;"60+";3;3;3;3;3;3;3;3;3;3;3;3;12;12;12;12;12;12;12;12;12;12;12;12;1;1;1;1;1;1;1;1;1;1;1;3;12
2021-10-27;"alle";4;4;4;4;4;4;4;4;4;4;4;4;21;21;21;21;21;21;21;21;21;21;21;21;NA;NA;NA;NA;NA;NA;NA;NA;NA;NA;NA;4;21
2021-10-26;"0-60";1;1;1;1;1;1;1;1;1;1;1;1;10;10;10;10;10;10;10;10;10;10;10;10;1;1;1;1;1;1;1;1;1;1;1;1;10
2021-10-26;"60+";1;1;1;1;1;1;1;1;1;1;1;1;10;10;10;10;10;10;10;10;10;10;10;10;1;1;1;1;1;1;1;1;1;1;1;1;10
2021-10-26;"alle";2;2;2;2;2;2;2;2;2;2;2;2;20;20;20;20;20;20;20;20;20;20;20;20;NA;NA;NA;NA;NA;NA;NA;NA;NA;NA;NA;2;20
2021-10-25;"0-60";1;1;1;1;1;1;1;1;1;1;1;1;10;10;10;10;10;10;10;10;10;10;10;10;1;1;1;1;1;1;1;1;1;1;1;1;10
2021-10-25;"60+";0;0;0;0;0;0;0;0;0;0;0;0;12;12;12;12;12;12;12;12;12;12;12;12;1;1;1;1;1;1;1;1;1;1;1;0;12
2021-10-25;"alle";1;1;1;1;1;1;1;1;1;1;1;1;22;22;22;22;22;22;22;22;22;22;22;22;NA;NA;NA;NA;NA;NA;NA;NA;NA;NA;NA;1;22
2021-10-24;"0-60";2;2;2;2;2;2;2;2;2;2;2;2;9;9;9;9;9;9;9;9;9;9;9;9;1;1;1;1;1;1;1;1;1;1;1;2;9
2021-10-24;"60+";3;3;3;3;3;3;3;3;3;3;3;3;12;12;12;12;12;12;12;12;12;12;12;12;1;1;1;1;1;1;1;1;1;1;1;3;12
2021-10-24;"alle";5;5;5;5;5;5;5;5;5;5;5;5;21;21;21;21;21;21;21;21;21;21;21;21;NA;NA;NA;NA;NA;NA;NA;NA;NA;NA;NA;5;21
2021-10-23;"0-60";1;1;1;1;1;1;1;1;1;1;1;1;9;9;9;9;9;9;9;9;9;9;9;9;1;1;1;1;1;1;1;1;1;1;1;1;9
2021-10-23;"60+";0;0;0;0;0;0;0;0;0;0;0;0;11;11;11;11;11;11;11;11;11;11;11;11;1;1;1;1;1;1;1;1;1;1;1;0;11
2021-10-23;"alle";1;1;1;1;1;1;1;1;1;1;1;1;20;20;20;20;20;20;20;20;20;20;20;20;NA;NA;NA;NA;NA;NA;NA;NA;NA;NA;NA;1;20
2021-10-22;"0-60";1;1;1;1;1;1;1;1;1;1;1;1;9;9;9;9;9;9;9;9;9;9;9;9;1;1;1;1;1;1;1;1;1;1;1;1;9
2021-10-22;"60+";2;2;2;2;2;2;2;2;2;2;2;2;14;14;14;14;14;14;14;14;14;14;14;14;1;1;1;1;1;1;1;1;1;1;1;2;14
2021-10-22;"alle";3;3;3;3;3;3;3;3;3;3;3;3;23;23;23;23;23;23;23;23;23;23;23;23;NA;NA;NA;NA;NA;NA;NA;NA;NA;NA;NA;3;23
2021-10-21;"0-60";2;2;2;2;2;2;2;2;2;2;2;2;9;9;9;9;9;9;9;9;9;9;9;9;1;1;1;1;1;1;1;1;1;1;1;2;9
2021-10-21;"60+";3;3;3;3;3;3;3;3;3;3;3;3;14;14;14;14;14;14;14;14;14;14;14;14;1;1;1;1;1;1;1;1;1;1;1;3;14
2021-10-21;"alle";5;5;5;5;5;5;5;5;5;5;5;5;23;23;23;23;23;23;23;23;23;23;23;23;NA;NA;NA;NA;NA;NA;NA;NA;NA;NA;NA;5;23
2021-10-20;"0-60";2;2;2;2;2;2;2;2;2;2;2;2;10;10;10;10;10;10;10;10;10;10;10;10;1;1;1;1;1;1;1;1;1;1;1;2;10
2021-10-20;"60+";1;1;1;1;1;1;1;1;1;1;1;1;11;11;11;11;11;11;11;11;11;11;11;11;1;1;1;1;1;1;1;1;1;1;1;1;11
2021-10-20;"alle";3;3;3;3;3;3;3;3;3;3;3;3;21;21;21;21;21;21;21;21;21;21;21;21;NA;NA;NA;NA;NA;NA;NA;NA;NA;NA;NA;3;21
2021-10-19;"0-60";1;1;1;1;1;1;1;1;1;1;1;1;10;10;10;10;10;10;10;10;10;10;10;10;1;1;1;1;1;1;1;1;1;1;1;1;10
2021-10-19;"60+";3;3;3;3;3;3;3;3;3;3;3;3;10;10;10;10;10;10;10;10;10;10;10;10;1;1;1;1;1;1;1;1;1;1;1;3;10
2021-10-19;"alle";4;4;4;4;4;4;4;4;4;4;4;4;20;20;20;20;20;20;20;20;20;20;20;20;NA;NA;NA;NA;NA;NA;NA;NA;NA;NA;NA;4;20
2021-10-18;"0-60";0;0;0;0;0;0;0;0;0;0;0;0;11;11;11;11;11;11;11;11;11;11;11;11;1;1;1;1;1;1;1;1;1;1;1;0;11
2021-10-18;"60+";0;0;0;0;0;0;0;0;0;0;0;0;8;8;8;8;8;8;8;8;8;8;8;8;1;1;1;1;1;1;1;1;1;1;1;0;8
2021-10-18;"alle";0;0;0;0;0;0;0;0;0;0;0;0;19;19;19;19;19;19;19;19;19;19;19;19;NA;NA;NA;NA;NA;NA;NA;NA;NA;NA;NA;0;19
2021-10-17;"0-60";2;2;2;2;2;2;2;2;2;2;2;2;12;12;12;12;12;12;12;12;12;12;12;12;1;1;1;1;1;1;1;1;1;1;1;2;12
2021-10-17;"60+";2;2;2;2;2;2;2;2;2;2;2;2;9;9;9;9;9;9;9;9;9;9;9;9;1;1;1;1;1;1;1;1;1;1;1;2;9
2021-10-17;"alle";4;4;4;4;4;4;4;4;4;4;4;4;21;21;21;21;21;21;21;21;21;21;21;21;NA;NA;NA;NA;NA;NA;NA;NA;NA;NA;NA;4;21
2021-10-16;"0-60";1;1;1;1;1;1;1;1;1;1;1;1;11;11;11;11;11;11;11;11;11;11;11;11;1;1;1;1;1;1;1;1;1;1;1;1;11
2021-10-16;"60+";3;3;3;3;3;3;3;3;3;3;3;3;9;9;9;9;9;9;9;9;9;9;9;9;1;1;1;1;1;1;1;1;1;1;1;3;9
2021-10-16;"alle";4;4;4;4;4;4;4;4;4;4;4;4;20;20;20;20;20;20;20;20;20;20;20;20;NA;NA;NA;NA;NA;NA;NA;NA;NA;NA;NA;4;20
2021-10-15;"0-60";1;1;1;1;1;1;1;1;1;1;1;1;11;11;11;11;11;11;11;11;11;11;11;11;1;1;1;1;1;1;1;1;1;1;1;1;11
2021-10-15;"60+";2;2;2;2;2;2;2;2;2;2;2;2;9;9;9;9;9;9;9;9;9;9;9;9;1;1;1;1;1;1;1;1;1;1;1;2;9
2021-10-15;"alle";3;3;3;3;3;3;3;3;3;3;3;3;20;20;20;20;20;20;20;20;20;20;20;20;NA;NA;NA;NA;NA;NA;NA;NA;NA;NA;NA;3;20
2021-10-14;"0-60";3;3;3;3;3;3;3;3;3;3;3;3;11;11;11;11;11;11;11;11;11;11;11;11;1;1;1;1;1;1;1;1;1;1;1;3;11
2021-10-14;"60+";0;0;0;0;0;0;0;0;0;0;0;0;7;7;7;7;7;7;7;7;7;7;7;7;1;1;1;1;1;1;1;1;1;1;1;0;7
2021-10-14;"alle";3;3;3;3;3;3;3;3;3;3;3;3;18;18;18;18;18;18;18;18;18;18;18;18;NA;NA;NA;NA;NA;NA;NA;NA;NA;NA;NA;3;18
2021-10-13;"0-60";2;2;2;2;2;2;2;2;2;2;2;2;9;9;9;9;9;9;9;9;9;9;9;9;1;1;1;1;1;1;1;1;1;1;1;2;9
2021-10-13;"60+";0;0;0;0;0;0;0;0;0;0;0;0;9;9;9;9;9;9;9;9;9;9;9;9;1;1;1;1;1;1;1;1;1;1;1;0;9
2021-10-13;"alle";2;2;2;2;2;2;2;2;2;2;2;2;18;18;18;18;18;18;18;18;18;18;18;18;NA;NA;NA;NA;NA;NA;NA;NA;NA;NA;NA;2;18
2021-10-12;"0-60";2;2;2;2;2;2;2;2;2;2;2;2;11;11;11;11;11;11;11;11;11;11;11;11;1;1;1;1;1;1;1;1;1;1;1;2;11
2021-10-12;"60+";1;1;1;1;1;1;1;1;1;1;1;1;10;10;10;10;10;10;10;10;10;10;10;10;1;1;1;1;1;1;1;1;1;1;1;1;10
2021-10-12;"alle";3;3;3;3;3;3;3;3;3;3;3;3;21;21;21;21;21;21;21;21;21;21;21;21;NA;NA;NA;NA;NA;NA;NA;NA;NA;NA;NA;3;21
2021-10-11;"0-60";1;1;1;1;1;1;1;1;1;1;1;1;11;11;11;11;11;11;11;11;11;11;11;11;1;1;1;1;1;1;1;1;1;1;1;1;11
2021-10-11;"60+";1;1;1;1;1;1;1;1;1;1;1;1;9;9;9;9;9;9;9;9;9;9;9;9;1;1;1;1;1;1;1;1;1;1;1;1;9
2021-10-11;"alle";2;2;2;2;2;2;2;2;2;2;2;2;20;20;20;20;20;20;20;20;20;20;20;20;NA;NA;NA;NA;NA;NA;NA;NA;NA;NA;NA;2;20
2021-10-10;"0-60";1;1;1;1;1;1;1;1;1;1;1;1;10;10;10;10;10;10;10;10;10;10;10;10;1;1;1;1;1;1;1;1;1;1;1;1;10
2021-10-10;"60+";2;2;2;2;2;2;2;2;2;2;2;2;9;9;9;9;9;9;9;9;9;9;9;9;1;1;1;1;1;1;1;1;1;1;1;2;9
2021-10-10;"alle";3;3;3;3;3;3;3;3;3;3;3;3;19;19;19;19;19;19;19;19;19;19;19;19;NA;NA;NA;NA;NA;NA;NA;NA;NA;NA;NA;3;19
2021-10-09;"0-60";1;1;1;1;1;1;1;1;1;1;1;1;10;10;10;10;10;10;10;10;10;10;10;10;1;1;1;1;1;1;1;1;1;1;1;1;10
2021-10-09;"60+";3;3;3;3;3;3;3;3;3;3;3;3;8;8;8;8;8;8;8;8;8;8;8;8;1;1;1;1;1;1;1;1;1;1;1;3;8
2021-10-09;"alle";4;4;4;4;4;4;4;4;4;4;4;4;18;18;18;18;18;18;18;18;18;18;18;18;NA;NA;NA;NA;NA;NA;NA;NA;NA;NA;NA;4;18
2021-10-08;"0-60";1;1;1;1;1;1;1;1;1;1;1;1;9;9;9;9;9;9;9;9;9;9;9;9;1;1;1;1;1;1;1;1;1;1;1;1;9
2021-10-08;"60+";0;0;0;0;0;0;0;0;0;0;0;0;9;9;9;9;9;9;9;9;9;9;9;9;1;1;1;1;1;1;1;1;1;1;1;0;9
2021-10-08;"alle";1;1;1;1;1;1;1;1;1;1;1;1;18;18;18;18;18;18;18;18;18;18;18;18;NA;NA;NA;NA;NA;NA;NA;NA;NA;NA;NA;1;18
2021-10-07;"0-60";1;1;1;1;1;1;1;1;1;1;1;1;9;9;9;9;9;9;9;9;9;9;9;9;1;1;1;1;1;1;1;1;1;1;1;1;9
2021-10-07;"60+";2;2;2;2;2;2;2;2;2;2;2;2;10;10;10;10;10;10;10;10;10;10;10;10;1;1;1;1;1;1;1;1;1;1;1;2;10
2021-10-07;"alle";3;3;3;3;3;3;3;3;3;3;3;3;19;19;19;19;19;19;19;19;19;19;19;19;NA;NA;NA;NA;NA;NA;NA;NA;NA;NA;NA;3;19
2021-10-06;"0-60";4;4;4;4;4;4;4;4;4;4;4;4;8;8;8;8;8;8;8;8;8;8;8;8;1;1;1;1;1;1;1;1;1;1;1;4;8
2021-10-06;"60+";1;1;1;1;1;1;1;1;1;1;1;1;9;9;9;9;9;9;9;9;9;9;9;9;1;1;1;1;1;1;1;1;1;1;1;1;9
2021-10-06;"alle";5;5;5;5;5;5;5;5;5;5;5;5;17;17;17;17;17;17;17;17;17;17;17;17;NA;NA;NA;NA;NA;NA;NA;NA;NA;NA;NA;5;17
2021-10-05;"0-60";2;2;2;2;2;2;2;2;2;2;2;2;8;8;8;8;8;8;8;8;8;8;8;8;1;1;1;1;1;1;1;1;1;1;1;2;8
2021-10-05;"60+";0;0;0;0;0;0;0;0;0;0;0;0;12;12;12;12;12;12;12;12;12;12;12;12;1;1;1;1;1;1;1;1;1;1;1;0;12
2021-10-05;"alle";2;2;2;2;2;2;2;2;2;2;2;2;20;20;20;20;20;20;20;20;20;20;20;20;NA;NA;NA;NA;NA;NA;NA;NA;NA;NA;NA;2;20
2021-10-04;"0-60";0;0;0;0;0;0;0;0;0;0;0;0;6;6;6;6;6;6;6;6;6;6;6;6;1;1;1;1;1;1;1;1;1;1;1;0;6
2021-10-04;"60+";1;1;1;1;1;1;1;1;1;1;1;1;15;15;15;15;15;15;15;15;15;15;15;15;1;1;1;1;1;1;1;1;1;1;1;1;15
2021-10-04;"alle";1;1;1;1;1;1;1;1;1;1;1;1;21;21;21;21;21;21;21;21;21;21;21;21;NA;NA;NA;NA;NA;NA;NA;NA;NA;NA;NA;1;21
2021-10-03;"0-60";1;1;1;1;1;1;1;1;1;1;1;1;6;6;6;6;6;6;6;6;6;6;6;6;1;1;1;1;1;1;1;1;1;1;1;1;6
2021-10-03;"60+";1;1;1;1;1;1;1;1;1;1;1;1;14;14;14;14;14;14;14;14;14;14;14;14;1;1;1;1;1;1;1;1;1;1;1;1;14
2021-10-03;"alle";2;2;2;2;2;2;2;2;2;2;2;2;20;20;20;20;20;20;20;20;20;20;20;20;NA;NA;NA;NA;NA;NA;NA;NA;NA;NA;NA;2;20
2021-10-02;"0-60";0;0;0;0;0;0;0;0;0;0;0;0;5;5;5;5;5;5;5;5;5;5;5;5;1;1;1;1;1;1;1;1;1;1;1;0;5
2021-10-02;"60+";4;4;4;4;4;4;4;4;4;4;4;4;13;13;13;13;13;13;13;13;13;13;13;13;1;1;1;1;1;1;1;1;1;1;1;4;13
2021-10-02;"alle";4;4;4;4;4;4;4;4;4;4;4;4;18;18;18;18;18;18;18;18;18;18;18;18;NA;NA;NA;NA;NA;NA;NA;NA;NA;NA;NA;4;18
2021-10-01;"0-60";1;1;1;1;1;1;1;1;1;1;1;1;6;6;6;6;6;6;6;6;6;6;6;6;1;1;1;1;1;1;1;1;1;1;1;1;6
2021-10-01;"60+";1;1;1;1;1;1;1;1;1;1;1;1;10;10;10;10;10;10;10;10;10;10;10;10;1;1;1;1;1;1;1;1;1;1;1;1;10
2021-10-01;"alle";2;2;2;2;2;2;2;2;2;2;2;2;16;16;16;16;16;16;16;16;16;16;16;16;NA;NA;NA;NA;NA;NA;NA;NA;NA;NA;NA;2;16
2021-09-30;"0-60";0;0;0;0;0;0;0;0;0;0;0;0;7;7;7;7;7;7;7;7;7;7;7;7;1;1;1;1;1;1;1;1;1;1;1;0;7
2021-09-30;"60+";1;1;1;1;1;1;1;1;1;1;1;1;11;11;11;11;11;11;11;11;11;11;11;11;1;1;1;1;1;1;1;1;1;1;1;1;11
2021-09-30;"alle";1;1;1;1;1;1;1;1;1;1;1;1;18;18;18;18;18;18;18;18;18;18;18;18;NA;NA;NA;NA;NA;NA;NA;NA;NA;NA;NA;1;18
2021-09-29;"0-60";4;4;4;4;4;4;4;4;4;4;4;4;8;8;8;8;8;8;8;8;8;8;8;8;1;1;1;1;1;1;1;1;1;1;1;4;8
2021-09-29;"60+";4;4;4;4;4;4;4;4;4;4;4;4;11;11;11;11;11;11;11;11;11;11;11;11;1;1;1;1;1;1;1;1;1;1;1;4;11
2021-09-29;"alle";8;8;8;8;8;8;8;8;8;8;8;8;19;19;19;19;19;19;19;19;19;19;19;19;NA;NA;NA;NA;NA;NA;NA;NA;NA;NA;NA;8;19
2021-09-28;"0-60";0;0;0;0;0;0;0;0;0;0;0;0;6;6;6;6;6;6;6;6;6;6;6;6;1;1;1;1;1;1;1;1;1;1;1;0;6
2021-09-28;"60+";3;3;3;3;3;3;3;3;3;3;3;3;10;10;10;10;10;10;10;10;10;10;10;10;1;1;1;1;1;1;1;1;1;1;1;3;10
2021-09-28;"alle";3;3;3;3;3;3;3;3;3;3;3;3;16;16;16;16;16;16;16;16;16;16;16;16;NA;NA;NA;NA;NA;NA;NA;NA;NA;NA;NA;3;16
2021-09-27;"0-60";0;0;0;0;0;0;0;0;0;0;0;0;6;6;6;6;6;6;6;6;6;6;6;6;1;1;1;1;1;1;1;1;1;1;1;0;6
2021-09-27;"60+";0;0;0;0;0;0;0;0;0;0;0;0;8;8;8;8;8;8;8;8;8;8;8;8;1;1;1;1;1;1;1;1;1;1;1;0;8
2021-09-27;"alle";0;0;0;0;0;0;0;0;0;0;0;0;14;14;14;14;14;14;14;14;14;14;14;14;NA;NA;NA;NA;NA;NA;NA;NA;NA;NA;NA;0;14
2021-09-26;"0-60";0;0;0;0;0;0;0;0;0;0;0;0;6;6;6;6;6;6;6;6;6;6;6;6;1;1;1;1;1;1;1;1;1;1;1;0;6
2021-09-26;"60+";0;0;0;0;0;0;0;0;0;0;0;0;8;8;8;8;8;8;8;8;8;8;8;8;1;1;1;1;1;1;1;1;1;1;1;0;8
2021-09-26;"alle";0;0;0;0;0;0;0;0;0;0;0;0;14;14;14;14;14;14;14;14;14;14;14;14;NA;NA;NA;NA;NA;NA;NA;NA;NA;NA;NA;0;14
2021-09-25;"0-60";1;1;1;1;1;1;1;1;1;1;1;1;7;7;7;7;7;7;7;7;7;7;7;7;1;1;1;1;1;1;1;1;1;1;1;1;7
2021-09-25;"60+";1;1;1;1;1;1;1;1;1;1;1;1;8;8;8;8;8;8;8;8;8;8;8;8;1;1;1;1;1;1;1;1;1;1;1;1;8
2021-09-25;"alle";2;2;2;2;2;2;2;2;2;2;2;2;15;15;15;15;15;15;15;15;15;15;15;15;NA;NA;NA;NA;NA;NA;NA;NA;NA;NA;NA;2;15
2021-09-24;"0-60";2;2;2;2;2;2;2;2;2;2;2;2;6;6;6;6;6;6;6;6;6;6;6;6;1;1;1;1;1;1;1;1;1;1;1;2;6
2021-09-24;"60+";2;2;2;2;2;2;2;2;2;2;2;2;9;9;9;9;9;9;9;9;9;9;9;9;1;1;1;1;1;1;1;1;1;1;1;2;9
2021-09-24;"alle";4;4;4;4;4;4;4;4;4;4;4;4;15;15;15;15;15;15;15;15;15;15;15;15;NA;NA;NA;NA;NA;NA;NA;NA;NA;NA;NA;4;15
2021-09-23;"0-60";1;1;1;1;1;1;1;1;1;1;1;1;5;5;5;5;5;5;5;5;5;5;5;5;1;1;1;1;1;1;1;1;1;1;1;1;5
2021-09-23;"60+";1;1;1;1;1;1;1;1;1;1;1;1;8;8;8;8;8;8;8;8;8;8;8;8;1;1;1;1;1;1;1;1;1;1;1;1;8
2021-09-23;"alle";2;2;2;2;2;2;2;2;2;2;2;2;13;13;13;13;13;13;13;13;13;13;13;13;NA;NA;NA;NA;NA;NA;NA;NA;NA;NA;NA;2;13
2021-09-22;"0-60";2;2;2;2;2;2;2;2;2;2;2;2;6;6;6;6;6;6;6;6;6;6;6;6;1;1;1;1;1;1;1;1;1;1;1;2;6
2021-09-22;"60+";3;3;3;3;3;3;3;3;3;3;3;3;8;8;8;8;8;8;8;8;8;8;8;8;1;1;1;1;1;1;1;1;1;1;1;3;8
2021-09-22;"alle";5;5;5;5;5;5;5;5;5;5;5;5;14;14;14;14;14;14;14;14;14;14;14;14;NA;NA;NA;NA;NA;NA;NA;NA;NA;NA;NA;5;14
2021-09-21;"0-60";0;0;0;0;0;0;0;0;0;0;0;0;6;6;6;6;6;6;6;6;6;6;6;6;1;1;1;1;1;1;1;1;1;1;1;0;6
2021-09-21;"60+";1;1;1;1;1;1;1;1;1;1;1;1;5;5;5;5;5;5;5;5;5;5;5;5;1;1;1;1;1;1;1;1;1;1;1;1;5
2021-09-21;"alle";1;1;1;1;1;1;1;1;1;1;1;1;11;11;11;11;11;11;11;11;11;11;11;11;NA;NA;NA;NA;NA;NA;NA;NA;NA;NA;NA;1;11
2021-09-20;"0-60";0;0;0;0;0;0;0;0;0;0;0;0;6;6;6;6;6;6;6;6;6;6;6;6;1;1;1;1;1;1;1;1;1;1;1;0;6
2021-09-20;"60+";0;0;0;0;0;0;0;0;0;0;0;0;4;4;4;4;4;4;4;4;4;4;4;4;1;1;1;1;1;1;1;1;1;1;1;0;4
2021-09-20;"alle";0;0;0;0;0;0;0;0;0;0;0;0;10;10;10;10;10;10;10;10;10;10;10;10;NA;NA;NA;NA;NA;NA;NA;NA;NA;NA;NA;0;10
2021-09-19;"0-60";1;1;1;1;1;1;1;1;1;1;1;1;6;6;6;6;6;6;6;6;6;6;6;6;1;1;1;1;1;1;1;1;1;1;1;1;6
2021-09-19;"60+";0;0;0;0;0;0;0;0;0;0;0;0;5;5;5;5;5;5;5;5;5;5;5;5;1;1;1;1;1;1;1;1;1;1;1;0;5
2021-09-19;"alle";1;1;1;1;1;1;1;1;1;1;1;1;11;11;11;11;11;11;11;11;11;11;11;11;NA;NA;NA;NA;NA;NA;NA;NA;NA;NA;NA;1;11
2021-09-18;"0-60";0;0;0;0;0;0;0;0;0;0;0;0;5;5;5;5;5;5;5;5;5;5;5;5;1;1;1;1;1;1;1;1;1;1;1;0;5
2021-09-18;"60+";2;2;2;2;2;2;2;2;2;2;2;2;5;5;5;5;5;5;5;5;5;5;5;5;1;1;1;1;1;1;1;1;1;1;1;2;5
2021-09-18;"alle";2;2;2;2;2;2;2;2;2;2;2;2;10;10;10;10;10;10;10;10;10;10;10;10;NA;NA;NA;NA;NA;NA;NA;NA;NA;NA;NA;2;10
2021-09-17;"0-60";1;1;1;1;1;1;1;1;1;1;1;1;6;6;6;6;6;6;6;6;6;6;6;6;1;1;1;1;1;1;1;1;1;1;1;1;6
2021-09-17;"60+";1;1;1;1;1;1;1;1;1;1;1;1;4;4;4;4;4;4;4;4;4;4;4;4;1;1;1;1;1;1;1;1;1;1;1;1;4
2021-09-17;"alle";2;2;2;2;2;2;2;2;2;2;2;2;10;10;10;10;10;10;10;10;10;10;10;10;NA;NA;NA;NA;NA;NA;NA;NA;NA;NA;NA;2;10
2021-09-16;"0-60";2;2;2;2;2;2;2;2;2;2;2;2;6;6;6;6;6;6;6;6;6;6;6;6;1;1;1;1;1;1;1;1;1;1;1;2;6
2021-09-16;"60+";1;1;1;1;1;1;1;1;1;1;1;1;6;6;6;6;6;6;6;6;6;6;6;6;1;1;1;1;1;1;1;1;1;1;1;1;6
2021-09-16;"alle";3;3;3;3;3;3;3;3;3;3;3;3;12;12;12;12;12;12;12;12;12;12;12;12;NA;NA;NA;NA;NA;NA;NA;NA;NA;NA;NA;3;12
2021-09-15;"0-60";2;2;2;2;2;2;2;2;2;2;2;2;7;7;7;7;7;7;7;7;7;7;7;7;1;1;1;1;1;1;1;1;1;1;1;2;7
2021-09-15;"60+";0;0;0;0;0;0;0;0;0;0;0;0;8;8;8;8;8;8;8;8;8;8;8;8;1;1;1;1;1;1;1;1;1;1;1;0;8
2021-09-15;"alle";2;2;2;2;2;2;2;2;2;2;2;2;15;15;15;15;15;15;15;15;15;15;15;15;NA;NA;NA;NA;NA;NA;NA;NA;NA;NA;NA;2;15
2021-09-14;"0-60";0;0;0;0;0;0;0;0;0;0;0;0;7;7;7;7;7;7;7;7;7;7;7;7;1;1;1;1;1;1;1;1;1;1;1;0;7
2021-09-14;"60+";0;0;0;0;0;0;0;0;0;0;0;0;11;11;11;11;11;11;11;11;11;11;11;11;1;1;1;1;1;1;1;1;1;1;1;0;11
2021-09-14;"alle";0;0;0;0;0;0;0;0;0;0;0;0;18;18;18;18;18;18;18;18;18;18;18;18;NA;NA;NA;NA;NA;NA;NA;NA;NA;NA;NA;0;18
2021-09-13;"0-60";0;0;0;0;0;0;0;0;0;0;0;0;11;11;11;11;11;11;11;11;11;11;11;11;1;1;1;1;1;1;1;1;1;1;1;0;11
2021-09-13;"60+";1;1;1;1;1;1;1;1;1;1;1;1;13;13;13;13;13;13;13;13;13;13;13;13;1;1;1;1;1;1;1;1;1;1;1;1;13
2021-09-13;"alle";1;1;1;1;1;1;1;1;1;1;1;1;24;24;24;24;24;24;24;24;24;24;24;24;NA;NA;NA;NA;NA;NA;NA;NA;NA;NA;NA;1;24
2021-09-12;"0-60";0;0;0;0;0;0;0;0;0;0;0;0;11;11;11;11;11;11;11;11;11;11;11;11;1;1;1;1;1;1;1;1;1;1;1;0;11
2021-09-12;"60+";0;0;0;0;0;0;0;0;0;0;0;0;12;12;12;12;12;12;12;12;12;12;12;12;1;1;1;1;1;1;1;1;1;1;1;0;12
2021-09-12;"alle";0;0;0;0;0;0;0;0;0;0;0;0;23;23;23;23;23;23;23;23;23;23;23;23;NA;NA;NA;NA;NA;NA;NA;NA;NA;NA;NA;0;23
2021-09-11;"0-60";1;1;1;1;1;1;1;1;1;1;1;1;13;13;13;13;13;13;13;13;13;13;13;13;1;1;1;1;1;1;1;1;1;1;1;1;13
2021-09-11;"60+";1;1;1;1;1;1;1;1;1;1;1;1;16;16;16;16;16;16;16;16;16;16;16;16;1;1;1;1;1;1;1;1;1;1;1;1;16
2021-09-11;"alle";2;2;2;2;2;2;2;2;2;2;2;2;29;29;29;29;29;29;29;29;29;29;29;29;NA;NA;NA;NA;NA;NA;NA;NA;NA;NA;NA;2;29
2021-09-10;"0-60";1;1;1;1;1;1;1;1;1;1;1;1;14;14;14;14;14;14;14;14;14;14;14;14;1;1;1;1;1;1;1;1;1;1;1;1;14
2021-09-10;"60+";3;3;3;3;3;3;3;3;3;3;3;3;15;15;15;15;15;15;15;15;15;15;15;15;1;1;1;1;1;1;1;1;1;1;1;3;15
2021-09-10;"alle";4;4;4;4;4;4;4;4;4;4;4;4;29;29;29;29;29;29;29;29;29;29;29;29;NA;NA;NA;NA;NA;NA;NA;NA;NA;NA;NA;4;29
2021-09-09;"0-60";3;3;3;3;3;3;3;3;3;3;3;3;18;18;18;18;18;18;18;18;18;18;18;18;1;1;1;1;1;1;1;1;1;1;1;3;18
2021-09-09;"60+";3;3;3;3;3;3;3;3;3;3;3;3;14;14;14;14;14;14;14;14;14;14;14;14;1;1;1;1;1;1;1;1;1;1;1;3;14
2021-09-09;"alle";6;6;6;6;6;6;6;6;6;6;6;6;32;32;32;32;32;32;32;32;32;32;32;32;NA;NA;NA;NA;NA;NA;NA;NA;NA;NA;NA;6;32
2021-09-08;"0-60";2;2;2;2;2;2;2;2;2;2;2;2;16;16;16;16;16;16;16;16;16;16;16;16;1;1;1;1;1;1;1;1;1;1;1;2;16
2021-09-08;"60+";3;3;3;3;3;3;3;3;3;3;3;3;12;12;12;12;12;12;12;12;12;12;12;12;1;1;1;1;1;1;1;1;1;1;1;3;12
2021-09-08;"alle";5;5;5;5;5;5;5;5;5;5;5;5;28;28;28;28;28;28;28;28;28;28;28;28;NA;NA;NA;NA;NA;NA;NA;NA;NA;NA;NA;5;28
2021-09-07;"0-60";4;4;4;4;4;4;4;4;4;4;4;4;16;16;16;16;16;16;16;16;16;16;16;16;1;1;1;1;1;1;1;1;1;1;1;4;16
2021-09-07;"60+";2;2;2;2;2;2;2;2;2;2;2;2;12;12;12;12;12;12;12;12;12;12;12;12;1;1;1;1;1;1;1;1;1;1;1;2;12
2021-09-07;"alle";6;6;6;6;6;6;6;6;6;6;6;6;28;28;28;28;28;28;28;28;28;28;28;28;NA;NA;NA;NA;NA;NA;NA;NA;NA;NA;NA;6;28
2021-09-06;"0-60";0;0;0;0;0;0;0;0;0;0;0;0;12;12;12;12;12;12;12;12;12;12;12;12;1;1;1;1;1;1;1;1;1;1;1;0;12
2021-09-06;"60+";0;0;0;0;0;0;0;0;0;0;0;0;11;11;11;11;11;11;11;11;11;11;11;11;1;1;1;1;1;1;1;1;1;1;1;0;11
2021-09-06;"alle";0;0;0;0;0;0;0;0;0;0;0;0;23;23;23;23;23;23;23;23;23;23;23;23;NA;NA;NA;NA;NA;NA;NA;NA;NA;NA;NA;0;23
2021-09-05;"0-60";2;2;2;2;2;2;2;2;2;2;2;2;14;14;14;14;14;14;14;14;14;14;14;14;1;1;1;1;1;1;1;1;1;1;1;2;14
2021-09-05;"60+";4;4;4;4;4;4;4;4;4;4;4;4;12;12;12;12;12;12;12;12;12;12;12;12;1;1;1;1;1;1;1;1;1;1;1;4;12
2021-09-05;"alle";6;6;6;6;6;6;6;6;6;6;6;6;26;26;26;26;26;26;26;26;26;26;26;26;NA;NA;NA;NA;NA;NA;NA;NA;NA;NA;NA;6;26
2021-09-04;"0-60";2;2;2;2;2;2;2;2;2;2;2;2;15;15;15;15;15;15;15;15;15;15;15;15;1;1;1;1;1;1;1;1;1;1;1;2;15
2021-09-04;"60+";0;0;0;0;0;0;0;0;0;0;0;0;10;10;10;10;10;10;10;10;10;10;10;10;1;1;1;1;1;1;1;1;1;1;1;0;10
2021-09-04;"alle";2;2;2;2;2;2;2;2;2;2;2;2;25;25;25;25;25;25;25;25;25;25;25;25;NA;NA;NA;NA;NA;NA;NA;NA;NA;NA;NA;2;25
2021-09-03;"0-60";5;5;5;5;5;5;5;5;5;5;5;5;16;16;16;16;16;16;16;16;16;16;16;16;1;1;1;1;1;1;1;1;1;1;1;5;16
2021-09-03;"60+";2;2;2;2;2;2;2;2;2;2;2;2;12;12;12;12;12;12;12;12;12;12;12;12;1;1;1;1;1;1;1;1;1;1;1;2;12
2021-09-03;"alle";7;7;7;7;7;7;7;7;7;7;7;7;28;28;28;28;28;28;28;28;28;28;28;28;NA;NA;NA;NA;NA;NA;NA;NA;NA;NA;NA;7;28
2021-09-02;"0-60";1;1;1;1;1;1;1;1;1;1;1;1;15;15;15;15;15;15;15;15;15;15;15;15;1;1;1;1;1;1;1;1;1;1;1;1;15
2021-09-02;"60+";1;1;1;1;1;1;1;1;1;1;1;1;13;13;13;13;13;13;13;13;13;13;13;13;1;1;1;1;1;1;1;1;1;1;1;1;13
2021-09-02;"alle";2;2;2;2;2;2;2;2;2;2;2;2;28;28;28;28;28;28;28;28;28;28;28;28;NA;NA;NA;NA;NA;NA;NA;NA;NA;NA;NA;2;28
2021-09-01;"0-60";2;2;2;2;2;2;2;2;2;2;2;2;17;17;17;17;17;17;17;17;17;17;17;17;1;1;1;1;1;1;1;1;1;1;1;2;17
2021-09-01;"60+";3;3;3;3;3;3;3;3;3;3;3;3;16;16;16;16;16;16;16;16;16;16;16;16;1;1;1;1;1;1;1;1;1;1;1;3;16
2021-09-01;"alle";5;5;5;5;5;5;5;5;5;5;5;5;33;33;33;33;33;33;33;33;33;33;33;33;NA;NA;NA;NA;NA;NA;NA;NA;NA;NA;NA;5;33
2021-08-31;"0-60";0;0;0;0;0;0;0;0;0;0;0;0;17;17;17;17;17;17;17;17;17;17;17;17;1;1;1;1;1;1;1;1;1;1;1;0;17
2021-08-31;"60+";1;1;1;1;1;1;1;1;1;1;1;1;17;17;17;17;17;17;17;17;17;17;17;17;1;1;1;1;1;1;1;1;1;1;1;1;17
2021-08-31;"alle";1;1;1;1;1;1;1;1;1;1;1;1;34;34;34;34;34;34;34;34;34;34;34;34;NA;NA;NA;NA;NA;NA;NA;NA;NA;NA;NA;1;34
2021-08-30;"0-60";2;2;2;2;2;2;2;2;2;2;2;2;21;21;21;21;21;21;21;21;21;21;21;21;1;1;1;1;1;1;1;1;1;1;1;2;21
2021-08-30;"60+";1;1;1;1;1;1;1;1;1;1;1;1;16;16;16;16;16;16;16;16;16;16;16;16;1;1;1;1;1;1;1;1;1;1;1;1;16
2021-08-30;"alle";3;3;3;3;3;3;3;3;3;3;3;3;37;37;37;37;37;37;37;37;37;37;37;37;NA;NA;NA;NA;NA;NA;NA;NA;NA;NA;NA;3;37
2021-08-29;"0-60";3;3;3;3;3;3;3;3;3;3;3;3;22;22;22;22;22;22;22;22;22;22;22;22;1;1;1;1;1;1;1;1;1;1;1;3;22
2021-08-29;"60+";2;2;2;2;2;2;2;2;2;2;2;2;16;16;16;16;16;16;16;16;16;16;16;16;1;1;1;1;1;1;1;1;1;1;1;2;16
2021-08-29;"alle";5;5;5;5;5;5;5;5;5;5;5;5;38;38;38;38;38;38;38;38;38;38;38;38;NA;NA;NA;NA;NA;NA;NA;NA;NA;NA;NA;5;38
2021-08-28;"0-60";3;3;3;3;3;3;3;3;3;3;3;3;20;20;20;20;20;20;20;20;20;20;20;20;1;1;1;1;1;1;1;1;1;1;1;3;20
2021-08-28;"60+";2;2;2;2;2;2;2;2;2;2;2;2;14;14;14;14;14;14;14;14;14;14;14;14;1;1;1;1;1;1;1;1;1;1;1;2;14
2021-08-28;"alle";5;5;5;5;5;5;5;5;5;5;5;5;34;34;34;34;34;34;34;34;34;34;34;34;NA;NA;NA;NA;NA;NA;NA;NA;NA;NA;NA;5;34
2021-08-27;"0-60";4;4;4;4;4;4;4;4;4;4;4;4;18;18;18;18;18;18;18;18;18;18;18;18;1;1;1;1;1;1;1;1;1;1;1;4;18
2021-08-27;"60+";3;3;3;3;3;3;3;3;3;3;3;3;14;14;14;14;14;14;14;14;14;14;14;14;1;1;1;1;1;1;1;1;1;1;1;3;14
2021-08-27;"alle";7;7;7;7;7;7;7;7;7;7;7;7;32;32;32;32;32;32;32;32;32;32;32;32;NA;NA;NA;NA;NA;NA;NA;NA;NA;NA;NA;7;32
2021-08-26;"0-60";3;3;3;3;3;3;3;3;3;3;3;3;15;15;15;15;15;15;15;15;15;15;15;15;1;1;1;1;1;1;1;1;1;1;1;3;15
2021-08-26;"60+";4;4;4;4;4;4;4;4;4;4;4;4;12;12;12;12;12;12;12;12;12;12;12;12;1;1;1;1;1;1;1;1;1;1;1;4;12
2021-08-26;"alle";7;7;7;7;7;7;7;7;7;7;7;7;27;27;27;27;27;27;27;27;27;27;27;27;NA;NA;NA;NA;NA;NA;NA;NA;NA;NA;NA;7;27
2021-08-25;"0-60";2;2;2;2;2;2;2;2;2;2;2;2;14;14;14;14;14;14;14;14;14;14;14;14;1;1;1;1;1;1;1;1;1;1;1;2;14
2021-08-25;"60+";4;4;4;4;4;4;4;4;4;4;4;4;8;8;8;8;8;8;8;8;8;8;8;8;1;1;1;1;1;1;1;1;1;1;1;4;8
2021-08-25;"alle";6;6;6;6;6;6;6;6;6;6;6;6;22;22;22;22;22;22;22;22;22;22;22;22;NA;NA;NA;NA;NA;NA;NA;NA;NA;NA;NA;6;22
2021-08-24;"0-60";4;4;4;4;4;4;4;4;4;4;4;4;17;17;17;17;17;17;17;17;17;17;17;17;1;1;1;1;1;1;1;1;1;1;1;4;17
2021-08-24;"60+";0;0;0;0;0;0;0;0;0;0;0;0;5;5;5;5;5;5;5;5;5;5;5;5;1;1;1;1;1;1;1;1;1;1;1;0;5
2021-08-24;"alle";4;4;4;4;4;4;4;4;4;4;4;4;22;22;22;22;22;22;22;22;22;22;22;22;NA;NA;NA;NA;NA;NA;NA;NA;NA;NA;NA;4;22
2021-08-23;"0-60";3;3;3;3;3;3;3;3;3;3;3;3;14;14;14;14;14;14;14;14;14;14;14;14;1;1;1;1;1;1;1;1;1;1;1;3;14
2021-08-23;"60+";1;1;1;1;1;1;1;1;1;1;1;1;7;7;7;7;7;7;7;7;7;7;7;7;1;1;1;1;1;1;1;1;1;1;1;1;7
2021-08-23;"alle";4;4;4;4;4;4;4;4;4;4;4;4;21;21;21;21;21;21;21;21;21;21;21;21;NA;NA;NA;NA;NA;NA;NA;NA;NA;NA;NA;4;21
2021-08-22;"0-60";1;1;1;1;1;1;1;1;1;1;1;1;13;13;13;13;13;13;13;13;13;13;13;13;1;1;1;1;1;1;1;1;1;1;1;1;13
2021-08-22;"60+";0;0;0;0;0;0;0;0;0;0;0;0;6;6;6;6;6;6;6;6;6;6;6;6;1;1;1;1;1;1;1;1;1;1;1;0;6
2021-08-22;"alle";1;1;1;1;1;1;1;1;1;1;1;1;19;19;19;19;19;19;19;19;19;19;19;19;NA;NA;NA;NA;NA;NA;NA;NA;NA;NA;NA;1;19
2021-08-21;"0-60";1;1;1;1;1;1;1;1;1;1;1;1;13;13;13;13;13;13;13;13;13;13;13;13;1;1;1;1;1;1;1;1;1;1;1;1;13
2021-08-21;"60+";2;2;2;2;2;2;2;2;2;2;2;2;6;6;6;6;6;6;6;6;6;6;6;6;1;1;1;1;1;1;1;1;1;1;1;2;6
2021-08-21;"alle";3;3;3;3;3;3;3;3;3;3;3;3;19;19;19;19;19;19;19;19;19;19;19;19;NA;NA;NA;NA;NA;NA;NA;NA;NA;NA;NA;3;19
2021-08-20;"0-60";1;1;1;1;1;1;1;1;1;1;1;1;15;15;15;15;15;15;15;15;15;15;15;15;1;1;1;1;1;1;1;1;1;1;1;1;15
2021-08-20;"60+";1;1;1;1;1;1;1;1;1;1;1;1;4;4;4;4;4;4;4;4;4;4;4;4;1;1;1;1;1;1;1;1;1;1;1;1;4
2021-08-20;"alle";2;2;2;2;2;2;2;2;2;2;2;2;19;19;19;19;19;19;19;19;19;19;19;19;NA;NA;NA;NA;NA;NA;NA;NA;NA;NA;NA;2;19
2021-08-19;"0-60";2;2;2;2;2;2;2;2;2;2;2;2;14;14;14;14;14;14;14;14;14;14;14;14;1;1;1;1;1;1;1;1;1;1;1;2;14
2021-08-19;"60+";0;0;0;0;0;0;0;0;0;0;0;0;3;3;3;3;3;3;3;3;3;3;3;3;1;1;1;1;1;1;1;1;1;1;1;0;3
2021-08-19;"alle";2;2;2;2;2;2;2;2;2;2;2;2;17;17;17;17;17;17;17;17;17;17;17;17;NA;NA;NA;NA;NA;NA;NA;NA;NA;NA;NA;2;17
2021-08-18;"0-60";5;5;5;5;5;5;5;5;5;5;5;5;14;14;14;14;14;14;14;14;14;14;14;14;1;1;1;1;1;1;1;1;1;1;1;5;14
2021-08-18;"60+";1;1;1;1;1;1;1;1;1;1;1;1;4;4;4;4;4;4;4;4;4;4;4;4;1;1;1;1;1;1;1;1;1;1;1;1;4
2021-08-18;"alle";6;6;6;6;6;6;6;6;6;6;6;6;18;18;18;18;18;18;18;18;18;18;18;18;NA;NA;NA;NA;NA;NA;NA;NA;NA;NA;NA;6;18
2021-08-17;"0-60";1;1;1;1;1;1;1;1;1;1;1;1;12;12;12;12;12;12;12;12;12;12;12;12;1;1;1;1;1;1;1;1;1;1;1;1;12
2021-08-17;"60+";2;2;2;2;2;2;2;2;2;2;2;2;4;4;4;4;4;4;4;4;4;4;4;4;1;1;1;1;1;1;1;1;1;1;1;2;4
2021-08-17;"alle";3;3;3;3;3;3;3;3;3;3;3;3;16;16;16;16;16;16;16;16;16;16;16;16;NA;NA;NA;NA;NA;NA;NA;NA;NA;NA;NA;3;16
2021-08-16;"0-60";2;2;2;2;2;2;2;2;2;2;2;2;11;11;11;11;11;11;11;11;11;11;11;11;1;1;1;1;1;1;1;1;1;1;1;2;11
2021-08-16;"60+";0;0;0;0;0;0;0;0;0;0;0;0;3;3;3;3;3;3;3;3;3;3;3;3;1;1;1;1;1;1;1;1;1;1;1;0;3
2021-08-16;"alle";2;2;2;2;2;2;2;2;2;2;2;2;14;14;14;14;14;14;14;14;14;14;14;14;NA;NA;NA;NA;NA;NA;NA;NA;NA;NA;NA;2;14
2021-08-15;"0-60";1;1;1;1;1;1;1;1;1;1;1;1;9;9;9;9;9;9;9;9;9;9;9;9;1;1;1;1;1;1;1;1;1;1;1;1;9
2021-08-15;"60+";0;0;0;0;0;0;0;0;0;0;0;0;3;3;3;3;3;3;3;3;3;3;3;3;1;1;1;1;1;1;1;1;1;1;1;0;3
2021-08-15;"alle";1;1;1;1;1;1;1;1;1;1;1;1;12;12;12;12;12;12;12;12;12;12;12;12;NA;NA;NA;NA;NA;NA;NA;NA;NA;NA;NA;1;12
2021-08-14;"0-60";3;3;3;3;3;3;3;3;3;3;3;3;8;8;8;8;8;8;8;8;8;8;8;8;1;1;1;1;1;1;1;1;1;1;1;3;8
2021-08-14;"60+";0;0;0;0;0;0;0;0;0;0;0;0;3;3;3;3;3;3;3;3;3;3;3;3;1;1;1;1;1;1;1;1;1;1;1;0;3
2021-08-14;"alle";3;3;3;3;3;3;3;3;3;3;3;3;11;11;11;11;11;11;11;11;11;11;11;11;NA;NA;NA;NA;NA;NA;NA;NA;NA;NA;NA;3;11
2021-08-13;"0-60";0;0;0;0;0;0;0;0;0;0;0;0;7;7;7;7;7;7;7;7;7;7;7;7;1;1;1;1;1;1;1;1;1;1;1;0;7
2021-08-13;"60+";0;0;0;0;0;0;0;0;0;0;0;0;4;4;4;4;4;4;4;4;4;4;4;4;1;1;1;1;1;1;1;1;1;1;1;0;4
2021-08-13;"alle";0;0;0;0;0;0;0;0;0;0;0;0;11;11;11;11;11;11;11;11;11;11;11;11;NA;NA;NA;NA;NA;NA;NA;NA;NA;NA;NA;0;11
2021-08-12;"0-60";2;2;2;2;2;2;2;2;2;2;2;2;7;7;7;7;7;7;7;7;7;7;7;7;1;1;1;1;1;1;1;1;1;1;1;2;7
2021-08-12;"60+";1;1;1;1;1;1;1;1;1;1;1;1;4;4;4;4;4;4;4;4;4;4;4;4;1;1;1;1;1;1;1;1;1;1;1;1;4
2021-08-12;"alle";3;3;3;3;3;3;3;3;3;3;3;3;11;11;11;11;11;11;11;11;11;11;11;11;NA;NA;NA;NA;NA;NA;NA;NA;NA;NA;NA;3;11
2021-08-11;"0-60";3;3;3;3;3;3;3;3;3;3;3;3;8;8;8;8;8;8;8;8;8;8;8;8;1;1;1;1;1;1;1;1;1;1;1;3;8
2021-08-11;"60+";1;1;1;1;1;1;1;1;1;1;1;1;3;3;3;3;3;3;3;3;3;3;3;3;1;1;1;1;1;1;1;1;1;1;1;1;3
2021-08-11;"alle";4;4;4;4;4;4;4;4;4;4;4;4;11;11;11;11;11;11;11;11;11;11;11;11;NA;NA;NA;NA;NA;NA;NA;NA;NA;NA;NA;4;11
2021-08-10;"0-60";0;0;0;0;0;0;0;0;0;0;0;0;6;6;6;6;6;6;6;6;6;6;6;6;1;1;1;1;1;1;1;1;1;1;1;0;6
2021-08-10;"60+";1;1;1;1;1;1;1;1;1;1;1;1;2;2;2;2;2;2;2;2;2;2;2;2;1;1;1;1;1;1;1;1;1;1;1;1;2
2021-08-10;"alle";1;1;1;1;1;1;1;1;1;1;1;1;8;8;8;8;8;8;8;8;8;8;8;8;NA;NA;NA;NA;NA;NA;NA;NA;NA;NA;NA;1;8
2021-08-09;"0-60";0;0;0;0;0;0;0;0;0;0;0;0;7;7;7;7;7;7;7;7;7;7;7;7;1;1;1;1;1;1;1;1;1;1;1;0;7
2021-08-09;"60+";0;0;0;0;0;0;0;0;0;0;0;0;2;2;2;2;2;2;2;2;2;2;2;2;1;1;1;1;1;1;1;1;1;1;1;0;2
2021-08-09;"alle";0;0;0;0;0;0;0;0;0;0;0;0;9;9;9;9;9;9;9;9;9;9;9;9;NA;NA;NA;NA;NA;NA;NA;NA;NA;NA;NA;0;9
2021-08-08;"0-60";0;0;0;0;0;0;0;0;0;0;0;0;7;7;7;7;7;7;7;7;7;7;7;7;1;1;1;1;1;1;1;1;1;1;1;0;7
2021-08-08;"60+";0;0;0;0;0;0;0;0;0;0;0;0;2;2;2;2;2;2;2;2;2;2;2;2;1;1;1;1;1;1;1;1;1;1;1;0;2
2021-08-08;"alle";0;0;0;0;0;0;0;0;0;0;0;0;9;9;9;9;9;9;9;9;9;9;9;9;NA;NA;NA;NA;NA;NA;NA;NA;NA;NA;NA;0;9
2021-08-07;"0-60";2;2;2;2;2;2;2;2;2;2;2;2;7;7;7;7;7;7;7;7;7;7;7;7;1;1;1;1;1;1;1;1;1;1;1;2;7
2021-08-07;"60+";1;1;1;1;1;1;1;1;1;1;1;1;4;4;4;4;4;4;4;4;4;4;4;4;1;1;1;1;1;1;1;1;1;1;1;1;4
2021-08-07;"alle";3;3;3;3;3;3;3;3;3;3;3;3;11;11;11;11;11;11;11;11;11;11;11;11;NA;NA;NA;NA;NA;NA;NA;NA;NA;NA;NA;3;11
2021-08-06;"0-60";0;0;0;0;0;0;0;0;0;0;0;0;7;7;7;7;7;7;7;7;7;7;7;7;1;1;1;1;1;1;1;1;1;1;1;0;7
2021-08-06;"60+";0;0;0;0;0;0;0;0;0;0;0;0;5;5;5;5;5;5;5;5;5;5;5;5;1;1;1;1;1;1;1;1;1;1;1;0;5
2021-08-06;"alle";0;0;0;0;0;0;0;0;0;0;0;0;12;12;12;12;12;12;12;12;12;12;12;12;NA;NA;NA;NA;NA;NA;NA;NA;NA;NA;NA;0;12
2021-08-05;"0-60";3;3;3;3;3;3;3;3;3;3;3;3;8;8;8;8;8;8;8;8;8;8;8;8;1;1;1;1;1;1;1;1;1;1;1;3;8
2021-08-05;"60+";0;0;0;0;0;0;0;0;0;0;0;0;5;5;5;5;5;5;5;5;5;5;5;5;1;1;1;1;1;1;1;1;1;1;1;0;5
2021-08-05;"alle";3;3;3;3;3;3;3;3;3;3;3;3;13;13;13;13;13;13;13;13;13;13;13;13;NA;NA;NA;NA;NA;NA;NA;NA;NA;NA;NA;3;13
2021-08-04;"0-60";1;1;1;1;1;1;1;1;1;1;1;1;6;6;6;6;6;6;6;6;6;6;6;6;1;1;1;1;1;1;1;1;1;1;1;1;6
2021-08-04;"60+";0;0;0;0;0;0;0;0;0;0;0;0;6;6;6;6;6;6;6;6;6;6;6;6;1;1;1;1;1;1;1;1;1;1;1;0;6
2021-08-04;"alle";1;1;1;1;1;1;1;1;1;1;1;1;12;12;12;12;12;12;12;12;12;12;12;12;NA;NA;NA;NA;NA;NA;NA;NA;NA;NA;NA;1;12
2021-08-03;"0-60";1;1;1;1;1;1;1;1;1;1;1;1;6;6;6;6;6;6;6;6;6;6;6;6;1;1;1;1;1;1;1;1;1;1;1;1;6
2021-08-03;"60+";1;1;1;1;1;1;1;1;1;1;1;1;6;6;6;6;6;6;6;6;6;6;6;6;1;1;1;1;1;1;1;1;1;1;1;1;6
2021-08-03;"alle";2;2;2;2;2;2;2;2;2;2;2;2;12;12;12;12;12;12;12;12;12;12;12;12;NA;NA;NA;NA;NA;NA;NA;NA;NA;NA;NA;2;12
2021-08-02;"0-60";0;0;0;0;0;0;0;0;0;0;0;0;5;5;5;5;5;5;5;5;5;5;5;5;1;1;1;1;1;1;1;1;1;1;1;0;5
2021-08-02;"60+";0;0;0;0;0;0;0;0;0;0;0;0;5;5;5;5;5;5;5;5;5;5;5;5;1;1;1;1;1;1;1;1;1;1;1;0;5
2021-08-02;"alle";0;0;0;0;0;0;0;0;0;0;0;0;10;10;10;10;10;10;10;10;10;10;10;10;NA;NA;NA;NA;NA;NA;NA;NA;NA;NA;NA;0;10
2021-08-01;"0-60";0;0;0;0;0;0;0;0;0;0;0;0;6;6;6;6;6;6;6;6;6;6;6;6;1;1;1;1;1;1;1;1;1;1;1;0;6
2021-08-01;"60+";2;2;2;2;2;2;2;2;2;2;2;2;5;5;5;5;5;5;5;5;5;5;5;5;1;1;1;1;1;1;1;1;1;1;1;2;5
2021-08-01;"alle";2;2;2;2;2;2;2;2;2;2;2;2;11;11;11;11;11;11;11;11;11;11;11;11;NA;NA;NA;NA;NA;NA;NA;NA;NA;NA;NA;2;11
2021-07-31;"0-60";2;2;2;2;2;2;2;2;2;2;2;2;8;8;8;8;8;8;8;8;8;8;8;8;1;1;1;1;1;1;1;1;1;1;1;2;8
2021-07-31;"60+";2;2;2;2;2;2;2;2;2;2;2;2;3;3;3;3;3;3;3;3;3;3;3;3;1;1;1;1;1;1;1;1;1;1;1;2;3
2021-07-31;"alle";4;4;4;4;4;4;4;4;4;4;4;4;11;11;11;11;11;11;11;11;11;11;11;11;NA;NA;NA;NA;NA;NA;NA;NA;NA;NA;NA;4;11
2021-07-30;"0-60";1;1;1;1;1;1;1;1;1;1;1;1;6;6;6;6;6;6;6;6;6;6;6;6;1;1;1;1;1;1;1;1;1;1;1;1;6
2021-07-30;"60+";0;0;0;0;0;0;0;0;0;0;0;0;1;1;1;1;1;1;1;1;1;1;1;1;1;1;1;1;1;1;1;1;1;1;1;0;1
2021-07-30;"alle";1;1;1;1;1;1;1;1;1;1;1;1;7;7;7;7;7;7;7;7;7;7;7;7;NA;NA;NA;NA;NA;NA;NA;NA;NA;NA;NA;1;7
2021-07-29;"0-60";1;1;1;1;1;1;1;1;1;1;1;1;5;5;5;5;5;5;5;5;5;5;5;5;1;1;1;1;1;1;1;1;1;1;1;1;5
2021-07-29;"60+";1;1;1;1;1;1;1;1;1;1;1;1;1;1;1;1;1;1;1;1;1;1;1;1;1;1;1;1;1;1;1;1;1;1;1;1;1
2021-07-29;"alle";2;2;2;2;2;2;2;2;2;2;2;2;6;6;6;6;6;6;6;6;6;6;6;6;NA;NA;NA;NA;NA;NA;NA;NA;NA;NA;NA;2;6
2021-07-28;"0-60";1;1;1;1;1;1;1;1;1;1;1;1;4;4;4;4;4;4;4;4;4;4;4;4;1;1;1;1;1;1;1;1;1;1;1;1;4
2021-07-28;"60+";0;0;0;0;0;0;0;0;0;0;0;0;1;1;1;1;1;1;1;1;1;1;1;1;1;1;1;1;1;1;1;1;1;1;1;0;1
2021-07-28;"alle";1;1;1;1;1;1;1;1;1;1;1;1;5;5;5;5;5;5;5;5;5;5;5;5;NA;NA;NA;NA;NA;NA;NA;NA;NA;NA;NA;1;5
2021-07-27;"0-60";0;0;0;0;0;0;0;0;0;0;0;0;4;4;4;4;4;4;4;4;4;4;4;4;1;1;1;1;1;1;1;1;1;1;1;0;4
2021-07-27;"60+";0;0;0;0;0;0;0;0;0;0;0;0;1;1;1;1;1;1;1;1;1;1;1;1;1;1;1;1;1;1;1;1;1;1;1;0;1
2021-07-27;"alle";0;0;0;0;0;0;0;0;0;0;0;0;5;5;5;5;5;5;5;5;5;5;5;5;NA;NA;NA;NA;NA;NA;NA;NA;NA;NA;NA;0;5
2021-07-26;"0-60";1;1;1;1;1;1;1;1;1;1;1;1;5;5;5;5;5;5;5;5;5;5;5;5;1;1;1;1;1;1;1;1;1;1;1;1;5
2021-07-26;"60+";0;0;0;0;0;0;0;0;0;0;0;0;2;2;2;2;2;2;2;2;2;2;2;2;1;1;1;1;1;1;1;1;1;1;1;0;2
2021-07-26;"alle";1;1;1;1;1;1;1;1;1;1;1;1;7;7;7;7;7;7;7;7;7;7;7;7;NA;NA;NA;NA;NA;NA;NA;NA;NA;NA;NA;1;7
2021-07-25;"0-60";2;2;2;2;2;2;2;2;2;2;2;2;4;4;4;4;4;4;4;4;4;4;4;4;1;1;1;1;1;1;1;1;1;1;1;2;4
2021-07-25;"60+";0;0;0;0;0;0;0;0;0;0;0;0;2;2;2;2;2;2;2;2;2;2;2;2;1;1;1;1;1;1;1;1;1;1;1;0;2
2021-07-25;"alle";2;2;2;2;2;2;2;2;2;2;2;2;6;6;6;6;6;6;6;6;6;6;6;6;NA;NA;NA;NA;NA;NA;NA;NA;NA;NA;NA;2;6
2021-07-24;"0-60";0;0;0;0;0;0;0;0;0;0;0;0;2;2;2;2;2;2;2;2;2;2;2;2;1;1;1;1;1;1;1;1;1;1;1;0;2
2021-07-24;"60+";0;0;0;0;0;0;0;0;0;0;0;0;2;2;2;2;2;2;2;2;2;2;2;2;1;1;1;1;1;1;1;1;1;1;1;0;2
2021-07-24;"alle";0;0;0;0;0;0;0;0;0;0;0;0;4;4;4;4;4;4;4;4;4;4;4;4;NA;NA;NA;NA;NA;NA;NA;NA;NA;NA;NA;0;4
2021-07-23;"0-60";0;0;0;0;0;0;0;0;0;0;0;0;3;3;3;3;3;3;3;3;3;3;3;3;1;1;1;1;1;1;1;1;1;1;1;0;3
2021-07-23;"60+";0;0;0;0;0;0;0;0;0;0;0;0;3;3;3;3;3;3;3;3;3;3;3;3;1;1;1;1;1;1;1;1;1;1;1;0;3
2021-07-23;"alle";0;0;0;0;0;0;0;0;0;0;0;0;6;6;6;6;6;6;6;6;6;6;6;6;NA;NA;NA;NA;NA;NA;NA;NA;NA;NA;NA;0;6
2021-07-22;"0-60";0;0;0;0;0;0;0;0;0;0;0;0;3;3;3;3;3;3;3;3;3;3;3;3;1;1;1;1;1;1;1;1;1;1;1;0;3
2021-07-22;"60+";1;1;1;1;1;1;1;1;1;1;1;1;3;3;3;3;3;3;3;3;3;3;3;3;1;1;1;1;1;1;1;1;1;1;1;1;3
2021-07-22;"alle";1;1;1;1;1;1;1;1;1;1;1;1;6;6;6;6;6;6;6;6;6;6;6;6;NA;NA;NA;NA;NA;NA;NA;NA;NA;NA;NA;1;6
2021-07-21;"0-60";1;1;1;1;1;1;1;1;1;1;1;1;3;3;3;3;3;3;3;3;3;3;3;3;1;1;1;1;1;1;1;1;1;1;1;1;3
2021-07-21;"60+";0;0;0;0;0;0;0;0;0;0;0;0;3;3;3;3;3;3;3;3;3;3;3;3;1;1;1;1;1;1;1;1;1;1;1;0;3
2021-07-21;"alle";1;1;1;1;1;1;1;1;1;1;1;1;6;6;6;6;6;6;6;6;6;6;6;6;NA;NA;NA;NA;NA;NA;NA;NA;NA;NA;NA;1;6
2021-07-20;"0-60";1;1;1;1;1;1;1;1;1;1;1;1;2;2;2;2;2;2;2;2;2;2;2;2;1;1;1;1;1;1;1;1;1;1;1;1;2
2021-07-20;"60+";1;1;1;1;1;1;1;1;1;1;1;1;3;3;3;3;3;3;3;3;3;3;3;3;1;1;1;1;1;1;1;1;1;1;1;1;3
2021-07-20;"alle";2;2;2;2;2;2;2;2;2;2;2;2;5;5;5;5;5;5;5;5;5;5;5;5;NA;NA;NA;NA;NA;NA;NA;NA;NA;NA;NA;2;5
2021-07-19;"0-60";0;0;0;0;0;0;0;0;0;0;0;0;1;1;1;1;1;1;1;1;1;1;1;1;1;1;1;1;1;1;1;1;1;1;1;0;1
2021-07-19;"60+";0;0;0;0;0;0;0;0;0;0;0;0;3;3;3;3;3;3;3;3;3;3;3;3;1;1;1;1;1;1;1;1;1;1;1;0;3
2021-07-19;"alle";0;0;0;0;0;0;0;0;0;0;0;0;4;4;4;4;4;4;4;4;4;4;4;4;NA;NA;NA;NA;NA;NA;NA;NA;NA;NA;NA;0;4
2021-07-18;"0-60";0;0;0;0;0;0;0;0;0;0;0;0;1;1;1;1;1;1;1;1;1;1;1;1;1;1;1;1;1;1;1;1;1;1;1;0;1
2021-07-18;"60+";0;0;0;0;0;0;0;0;0;0;0;0;3;3;3;3;3;3;3;3;3;3;3;3;1;1;1;1;1;1;1;1;1;1;1;0;3
2021-07-18;"alle";0;0;0;0;0;0;0;0;0;0;0;0;4;4;4;4;4;4;4;4;4;4;4;4;NA;NA;NA;NA;NA;NA;NA;NA;NA;NA;NA;0;4
2021-07-17;"0-60";1;1;1;1;1;1;1;1;1;1;1;1;2;2;2;2;2;2;2;2;2;2;2;2;1;1;1;1;1;1;1;1;1;1;1;1;2
2021-07-17;"60+";1;1;1;1;1;1;1;1;1;1;1;1;3;3;3;3;3;3;3;3;3;3;3;3;1;1;1;1;1;1;1;1;1;1;1;1;3
2021-07-17;"alle";2;2;2;2;2;2;2;2;2;2;2;2;5;5;5;5;5;5;5;5;5;5;5;5;NA;NA;NA;NA;NA;NA;NA;NA;NA;NA;NA;2;5
2021-07-16;"0-60";0;0;0;0;0;0;0;0;0;0;0;0;1;1;1;1;1;1;1;1;1;1;1;1;1;1;1;1;1;1;1;1;1;1;1;0;1
2021-07-16;"60+";0;0;0;0;0;0;0;0;0;0;0;0;2;2;2;2;2;2;2;2;2;2;2;2;1;1;1;1;1;1;1;1;1;1;1;0;2
2021-07-16;"alle";0;0;0;0;0;0;0;0;0;0;0;0;3;3;3;3;3;3;3;3;3;3;3;3;NA;NA;NA;NA;NA;NA;NA;NA;NA;NA;NA;0;3
2021-07-15;"0-60";0;0;0;0;0;0;0;0;0;0;0;0;1;1;1;1;1;1;1;1;1;1;1;1;1;1;1;1;1;1;1;1;1;1;1;0;1
2021-07-15;"60+";1;1;1;1;1;1;1;1;1;1;1;1;2;2;2;2;2;2;2;2;2;2;2;2;1;1;1;1;1;1;1;1;1;1;1;1;2
2021-07-15;"alle";1;1;1;1;1;1;1;1;1;1;1;1;3;3;3;3;3;3;3;3;3;3;3;3;NA;NA;NA;NA;NA;NA;NA;NA;NA;NA;NA;1;3
2021-07-14;"0-60";0;0;0;0;0;0;0;0;0;0;0;0;2;2;2;2;2;2;2;2;2;2;2;2;1;1;1;1;1;1;1;1;1;1;1;0;2
2021-07-14;"60+";0;0;0;0;0;0;0;0;0;0;0;0;2;2;2;2;2;2;2;2;2;2;2;2;1;1;1;1;1;1;1;1;1;1;1;0;2
2021-07-14;"alle";0;0;0;0;0;0;0;0;0;0;0;0;4;4;4;4;4;4;4;4;4;4;4;4;NA;NA;NA;NA;NA;NA;NA;NA;NA;NA;NA;0;4
2021-07-13;"0-60";0;0;0;0;0;0;0;0;0;0;0;0;3;3;3;3;3;3;3;3;3;3;3;3;1;1;1;1;1;1;1;1;1;1;1;0;3
2021-07-13;"60+";1;1;1;1;1;1;1;1;1;1;1;1;2;2;2;2;2;2;2;2;2;2;2;2;1;1;1;1;1;1;1;1;1;1;1;1;2
2021-07-13;"alle";1;1;1;1;1;1;1;1;1;1;1;1;5;5;5;5;5;5;5;5;5;5;5;5;NA;NA;NA;NA;NA;NA;NA;NA;NA;NA;NA;1;5
2021-07-12;"0-60";0;0;0;0;0;0;0;0;0;0;0;0;4;4;4;4;4;4;4;4;4;4;4;4;1;1;1;1;1;1;1;1;1;1;1;0;4
2021-07-12;"60+";0;0;0;0;0;0;0;0;0;0;0;0;1;1;1;1;1;1;1;1;1;1;1;1;1;1;1;1;1;1;1;1;1;1;1;0;1
2021-07-12;"alle";0;0;0;0;0;0;0;0;0;0;0;0;5;5;5;5;5;5;5;5;5;5;5;5;NA;NA;NA;NA;NA;NA;NA;NA;NA;NA;NA;0;5
2021-07-11;"0-60";1;1;1;1;1;1;1;1;1;1;1;1;4;4;4;4;4;4;4;4;4;4;4;4;1;1;1;1;1;1;1;1;1;1;1;1;4
2021-07-11;"60+";0;0;0;0;0;0;0;0;0;0;0;0;1;1;1;1;1;1;1;1;1;1;1;1;1;1;1;1;1;1;1;1;1;1;1;0;1
2021-07-11;"alle";1;1;1;1;1;1;1;1;1;1;1;1;5;5;5;5;5;5;5;5;5;5;5;5;NA;NA;NA;NA;NA;NA;NA;NA;NA;NA;NA;1;5
2021-07-10;"0-60";0;0;0;0;0;0;0;0;0;0;0;0;3;3;3;3;3;3;3;3;3;3;3;3;1;1;1;1;1;1;1;1;1;1;1;0;3
2021-07-10;"60+";0;0;0;0;0;0;0;0;0;0;0;0;1;1;1;1;1;1;1;1;1;1;1;1;1;1;1;1;1;1;1;1;1;1;1;0;1
2021-07-10;"alle";0;0;0;0;0;0;0;0;0;0;0;0;4;4;4;4;4;4;4;4;4;4;4;4;NA;NA;NA;NA;NA;NA;NA;NA;NA;NA;NA;0;4
2021-07-09;"0-60";0;0;0;0;0;0;0;0;0;0;0;0;3;3;3;3;3;3;3;3;3;3;3;3;1;1;1;1;1;1;1;1;1;1;1;0;3
2021-07-09;"60+";0;0;0;0;0;0;0;0;0;0;0;0;3;3;3;3;3;3;3;3;3;3;3;3;1;1;1;1;1;1;1;1;1;1;1;0;3
2021-07-09;"alle";0;0;0;0;0;0;0;0;0;0;0;0;6;6;6;6;6;6;6;6;6;6;6;6;NA;NA;NA;NA;NA;NA;NA;NA;NA;NA;NA;0;6
2021-07-08;"0-60";1;1;1;1;1;1;1;1;1;1;1;1;3;3;3;3;3;3;3;3;3;3;3;3;1;1;1;1;1;1;1;1;1;1;1;1;3
2021-07-08;"60+";1;1;1;1;1;1;1;1;1;1;1;1;3;3;3;3;3;3;3;3;3;3;3;3;1;1;1;1;1;1;1;1;1;1;1;1;3
2021-07-08;"alle";2;2;2;2;2;2;2;2;2;2;2;2;6;6;6;6;6;6;6;6;6;6;6;6;NA;NA;NA;NA;NA;NA;NA;NA;NA;NA;NA;2;6
2021-07-07;"0-60";1;1;1;1;1;1;1;1;1;1;1;1;2;2;2;2;2;2;2;2;2;2;2;2;1;1;1;1;1;1;1;1;1;1;1;1;2
2021-07-07;"60+";0;0;0;0;0;0;0;0;0;0;0;0;2;2;2;2;2;2;2;2;2;2;2;2;1;1;1;1;1;1;1;1;1;1;1;0;2
2021-07-07;"alle";1;1;1;1;1;1;1;1;1;1;1;1;4;4;4;4;4;4;4;4;4;4;4;4;NA;NA;NA;NA;NA;NA;NA;NA;NA;NA;NA;1;4
2021-07-06;"0-60";1;1;1;1;1;1;1;1;1;1;1;1;1;1;1;1;1;1;1;1;1;1;1;1;1;1;1;1;1;1;1;1;1;1;1;1;1
2021-07-06;"60+";0;0;0;0;0;0;0;0;0;0;0;0;2;2;2;2;2;2;2;2;2;2;2;2;1;1;1;1;1;1;1;1;1;1;1;0;2
2021-07-06;"alle";1;1;1;1;1;1;1;1;1;1;1;1;3;3;3;3;3;3;3;3;3;3;3;3;NA;NA;NA;NA;NA;NA;NA;NA;NA;NA;NA;1;3
2021-07-05;"0-60";0;0;0;0;0;0;0;0;0;0;0;0;1;1;1;1;1;1;1;1;1;1;1;1;1;1;1;1;1;1;1;1;1;1;1;0;1
2021-07-05;"60+";0;0;0;0;0;0;0;0;0;0;0;0;3;3;3;3;3;3;3;3;3;3;3;3;1;1;1;1;1;1;1;1;1;1;1;0;3
2021-07-05;"alle";0;0;0;0;0;0;0;0;0;0;0;0;4;4;4;4;4;4;4;4;4;4;4;4;NA;NA;NA;NA;NA;NA;NA;NA;NA;NA;NA;0;4
2021-07-04;"0-60";0;0;0;0;0;0;0;0;0;0;0;0;2;2;2;2;2;2;2;2;2;2;2;2;1;1;1;1;1;1;1;1;1;1;1;0;2
2021-07-04;"60+";0;0;0;0;0;0;0;0;0;0;0;0;3;3;3;3;3;3;3;3;3;3;3;3;1;1;1;1;1;1;1;1;1;1;1;0;3
2021-07-04;"alle";0;0;0;0;0;0;0;0;0;0;0;0;5;5;5;5;5;5;5;5;5;5;5;5;NA;NA;NA;NA;NA;NA;NA;NA;NA;NA;NA;0;5
2021-07-03;"0-60";0;0;0;0;0;0;0;0;0;0;0;0;2;2;2;2;2;2;2;2;2;2;2;2;1;1;1;1;1;1;1;1;1;1;1;0;2
2021-07-03;"60+";2;2;2;2;2;2;2;2;2;2;2;2;3;3;3;3;3;3;3;3;3;3;3;3;1;1;1;1;1;1;1;1;1;1;1;2;3
2021-07-03;"alle";2;2;2;2;2;2;2;2;2;2;2;2;5;5;5;5;5;5;5;5;5;5;5;5;NA;NA;NA;NA;NA;NA;NA;NA;NA;NA;NA;2;5
2021-07-02;"0-60";0;0;0;0;0;0;0;0;0;0;0;0;2;2;2;2;2;2;2;2;2;2;2;2;1;1;1;1;1;1;1;1;1;1;1;0;2
2021-07-02;"60+";0;0;0;0;0;0;0;0;0;0;0;0;1;1;1;1;1;1;1;1;1;1;1;1;1;1;1;1;1;1;1;1;1;1;1;0;1
2021-07-02;"alle";0;0;0;0;0;0;0;0;0;0;0;0;3;3;3;3;3;3;3;3;3;3;3;3;NA;NA;NA;NA;NA;NA;NA;NA;NA;NA;NA;0;3
2021-07-01;"0-60";0;0;0;0;0;0;0;0;0;0;0;0;2;2;2;2;2;2;2;2;2;2;2;2;1;1;1;1;1;1;1;1;1;1;1;0;2
2021-07-01;"60+";0;0;0;0;0;0;0;0;0;0;0;0;3;3;3;3;3;3;3;3;3;3;3;3;1;1;1;1;1;1;1;1;1;1;1;0;3
2021-07-01;"alle";0;0;0;0;0;0;0;0;0;0;0;0;5;5;5;5;5;5;5;5;5;5;5;5;NA;NA;NA;NA;NA;NA;NA;NA;NA;NA;NA;0;5
2021-06-30;"0-60";0;0;0;0;0;0;0;0;0;0;0;0;2;2;2;2;2;2;2;2;2;2;2;2;1;1;1;1;1;1;1;1;1;1;1;0;2
2021-06-30;"60+";0;0;0;0;0;0;0;0;0;0;0;0;3;3;3;3;3;3;3;3;3;3;3;3;1;1;1;1;1;1;1;1;1;1;1;0;3
2021-06-30;"alle";0;0;0;0;0;0;0;0;0;0;0;0;5;5;5;5;5;5;5;5;5;5;5;5;NA;NA;NA;NA;NA;NA;NA;NA;NA;NA;NA;0;5
2021-06-29;"0-60";1;1;1;1;1;1;1;1;1;1;1;1;2;2;2;2;2;2;2;2;2;2;2;2;1;1;1;1;1;1;1;1;1;1;1;1;2
2021-06-29;"60+";1;1;1;1;1;1;1;1;1;1;1;1;4;4;4;4;4;4;4;4;4;4;4;4;1;1;1;1;1;1;1;1;1;1;1;1;4
2021-06-29;"alle";2;2;2;2;2;2;2;2;2;2;2;2;6;6;6;6;6;6;6;6;6;6;6;6;NA;NA;NA;NA;NA;NA;NA;NA;NA;NA;NA;2;6
2021-06-28;"0-60";1;1;1;1;1;1;1;1;1;1;1;1;1;1;1;1;1;1;1;1;1;1;1;1;1;1;1;1;1;1;1;1;1;1;1;1;1
2021-06-28;"60+";0;0;0;0;0;0;0;0;0;0;0;0;3;3;3;3;3;3;3;3;3;3;3;3;1;1;1;1;1;1;1;1;1;1;1;0;3
2021-06-28;"alle";1;1;1;1;1;1;1;1;1;1;1;1;4;4;4;4;4;4;4;4;4;4;4;4;NA;NA;NA;NA;NA;NA;NA;NA;NA;NA;NA;1;4
2021-06-27;"0-60";0;0;0;0;0;0;0;0;0;0;0;0;0;0;0;0;0;0;0;NA;NA;NA;NA;NA;1;1;1;1;1;1;1;1;1;1;1;0;0
2021-06-27;"60+";0;0;0;0;0;0;0;0;0;0;0;0;3;3;3;3;3;3;3;3;3;3;3;3;1;1;1;1;1;1;1;1;1;1;1;0;3
2021-06-27;"alle";0;0;0;0;0;0;0;0;0;0;0;0;3;3;3;3;3;3;3;3;3;3;3;3;NA;NA;NA;NA;NA;NA;NA;NA;NA;NA;NA;0;3
2021-06-26;"0-60";0;0;0;0;0;0;0;0;0;0;0;0;0;0;0;0;0;0;0;NA;NA;NA;NA;NA;1;1;1;1;1;1;1;1;1;1;1;0;0
2021-06-26;"60+";0;0;0;0;0;0;0;0;0;0;0;0;3;3;3;3;3;3;3;3;3;3;3;3;1;1;1;1;1;1;1;1;1;1;1;0;3
2021-06-26;"alle";0;0;0;0;0;0;0;0;0;0;0;0;3;3;3;3;3;3;3;3;3;3;3;3;NA;NA;NA;NA;NA;NA;NA;NA;NA;NA;NA;0;3
2021-06-25;"0-60";0;0;0;0;0;0;0;0;0;0;0;0;0;0;0;0;0;0;0;NA;NA;NA;NA;NA;1;1;1;1;1;1;1;1;1;1;1;0;0
2021-06-25;"60+";2;2;2;2;2;2;2;2;2;2;2;2;4;4;4;4;4;4;4;4;4;4;4;4;1;1;1;1;1;1;1;1;1;1;1;2;4
2021-06-25;"alle";2;2;2;2;2;2;2;2;2;2;2;2;4;4;4;4;4;4;4;4;4;4;4;4;NA;NA;NA;NA;NA;NA;NA;NA;NA;NA;NA;2;4
2021-06-24;"0-60";0;0;0;0;0;0;0;0;0;0;0;0;1;1;1;1;1;1;1;1;1;1;1;1;1;1;1;1;1;1;1;1;1;1;1;0;1
2021-06-24;"60+";0;0;0;0;0;0;0;0;0;0;0;0;2;2;2;2;2;2;2;2;2;2;2;2;1;1;1;1;1;1;1;1;1;1;1;0;2
2021-06-24;"alle";0;0;0;0;0;0;0;0;0;0;0;0;3;3;3;3;3;3;3;3;3;3;3;3;NA;NA;NA;NA;NA;NA;NA;NA;NA;NA;NA;0;3
2021-06-23;"0-60";0;0;0;0;0;0;0;0;0;0;0;0;1;1;1;1;1;1;1;1;1;1;1;1;1;1;1;1;1;1;1;1;1;1;1;0;1
2021-06-23;"60+";1;1;1;1;1;1;1;1;1;1;1;1;3;3;3;3;3;3;3;3;3;3;3;3;1;1;1;1;1;1;1;1;1;1;1;1;3
2021-06-23;"alle";1;1;1;1;1;1;1;1;1;1;1;1;4;4;4;4;4;4;4;4;4;4;4;4;NA;NA;NA;NA;NA;NA;NA;NA;NA;NA;NA;1;4
2021-06-22;"0-60";0;0;0;0;0;0;0;0;0;0;0;0;4;4;4;4;4;4;4;4;4;4;4;4;1;1;1;1;1;1;1;1;1;1;1;0;4
2021-06-22;"60+";0;0;0;0;0;0;0;0;0;0;0;0;3;3;3;3;3;3;3;3;3;3;3;3;1;1;1;1;1;1;1;1;1;1;1;0;3
2021-06-22;"alle";0;0;0;0;0;0;0;0;0;0;0;0;7;7;7;7;7;7;7;7;7;7;7;7;NA;NA;NA;NA;NA;NA;NA;NA;NA;NA;NA;0;7
2021-06-21;"0-60";0;0;0;0;0;0;0;0;0;0;0;0;5;5;5;5;5;5;5;5;5;5;5;5;1;1;1;1;1;1;1;1;1;1;1;0;5
2021-06-21;"60+";0;0;0;0;0;0;0;0;0;0;0;0;4;4;4;4;4;4;4;4;4;4;4;4;1;1;1;1;1;1;1;1;1;1;1;0;4
2021-06-21;"alle";0;0;0;0;0;0;0;0;0;0;0;0;9;9;9;9;9;9;9;9;9;9;9;9;NA;NA;NA;NA;NA;NA;NA;NA;NA;NA;NA;0;9
2021-06-20;"0-60";0;0;0;0;0;0;0;0;0;0;0;0;5;5;5;5;5;5;5;5;5;5;5;5;1;1;1;1;1;1;1;1;1;1;1;0;5
2021-06-20;"60+";0;0;0;0;0;0;0;0;0;0;0;0;4;4;4;4;4;4;4;4;4;4;4;4;1;1;1;1;1;1;1;1;1;1;1;0;4
2021-06-20;"alle";0;0;0;0;0;0;0;0;0;0;0;0;9;9;9;9;9;9;9;9;9;9;9;9;NA;NA;NA;NA;NA;NA;NA;NA;NA;NA;NA;0;9
2021-06-19;"0-60";0;0;0;0;0;0;0;0;0;0;0;0;5;5;5;5;5;5;5;5;5;5;5;5;1;1;1;1;1;1;1;1;1;1;1;0;5
2021-06-19;"60+";1;1;1;1;1;1;1;1;1;1;1;1;4;4;4;4;4;4;4;4;4;4;4;4;1;1;1;1;1;1;1;1;1;1;1;1;4
2021-06-19;"alle";1;1;1;1;1;1;1;1;1;1;1;1;9;9;9;9;9;9;9;9;9;9;9;9;NA;NA;NA;NA;NA;NA;NA;NA;NA;NA;NA;1;9
2021-06-18;"0-60";1;1;1;1;1;1;1;1;1;1;1;1;5;5;5;5;5;5;5;5;5;5;5;5;1;1;1;1;1;1;1;1;1;1;1;1;5
2021-06-18;"60+";0;0;0;0;0;0;0;0;0;0;0;0;3;3;3;3;3;3;3;3;3;3;3;3;1;1;1;1;1;1;1;1;1;1;1;0;3
2021-06-18;"alle";1;1;1;1;1;1;1;1;1;1;1;1;8;8;8;8;8;8;8;8;8;8;8;8;NA;NA;NA;NA;NA;NA;NA;NA;NA;NA;NA;1;8
2021-06-17;"0-60";0;0;0;0;0;0;0;0;0;0;0;0;6;6;6;6;6;6;6;6;6;6;6;6;1;1;1;1;1;1;1;1;1;1;1;0;6
2021-06-17;"60+";1;1;1;1;1;1;1;1;1;1;1;1;3;3;3;3;3;3;3;3;3;3;3;3;1;1;1;1;1;1;1;1;1;1;1;1;3
2021-06-17;"alle";1;1;1;1;1;1;1;1;1;1;1;1;9;9;9;9;9;9;9;9;9;9;9;9;NA;NA;NA;NA;NA;NA;NA;NA;NA;NA;NA;1;9
2021-06-16;"0-60";3;3;3;3;3;3;3;3;3;3;3;3;7;7;7;7;7;7;7;7;7;7;7;7;1;1;1;1;1;1;1;1;1;1;1;3;7
2021-06-16;"60+";1;1;1;1;1;1;1;1;1;1;1;1;3;3;3;3;3;3;3;3;3;3;3;3;1;1;1;1;1;1;1;1;1;1;1;1;3
2021-06-16;"alle";4;4;4;4;4;4;4;4;4;4;4;4;10;10;10;10;10;10;10;10;10;10;10;10;NA;NA;NA;NA;NA;NA;NA;NA;NA;NA;NA;4;10
2021-06-15;"0-60";1;1;1;1;1;1;1;1;1;1;1;1;5;5;5;5;5;5;5;5;5;5;5;5;1;1;1;1;1;1;1;1;1;1;1;1;5
2021-06-15;"60+";1;1;1;1;1;1;1;1;1;1;1;1;4;4;4;4;4;4;4;4;4;4;4;4;1;1;1;1;1;1;1;1;1;1;1;1;4
2021-06-15;"alle";2;2;2;2;2;2;2;2;2;2;2;2;9;9;9;9;9;9;9;9;9;9;9;9;NA;NA;NA;NA;NA;NA;NA;NA;NA;NA;NA;2;9
2021-06-14;"0-60";0;0;0;0;0;0;0;0;0;0;0;0;5;5;5;5;5;5;5;5;5;5;5;5;1;1;1;1;1;1;1;1;1;1;1;0;5
2021-06-14;"60+";0;0;0;0;0;0;0;0;0;0;0;0;4;4;4;4;4;4;4;4;4;4;4;4;1;1;1;1;1;1;1;1;1;1;1;0;4
2021-06-14;"alle";0;0;0;0;0;0;0;0;0;0;0;0;9;9;9;9;9;9;9;9;9;9;9;9;NA;NA;NA;NA;NA;NA;NA;NA;NA;NA;NA;0;9
2021-06-13;"0-60";0;0;0;0;0;0;0;0;0;0;0;0;5;5;5;5;5;5;5;5;5;5;5;5;1;1;1;1;1;1;1;1;1;1;1;0;5
2021-06-13;"60+";0;0;0;0;0;0;0;0;0;0;0;0;4;4;4;4;4;4;4;4;4;4;4;4;1;1;1;1;1;1;1;1;1;1;1;0;4
2021-06-13;"alle";0;0;0;0;0;0;0;0;0;0;0;0;9;9;9;9;9;9;9;9;9;9;9;9;NA;NA;NA;NA;NA;NA;NA;NA;NA;NA;NA;0;9
2021-06-12;"0-60";0;0;0;0;0;0;0;0;0;0;0;0;6;6;6;6;6;6;6;6;6;6;6;6;1;1;1;1;1;1;1;1;1;1;1;0;6
2021-06-12;"60+";0;0;0;0;0;0;0;0;0;0;0;0;5;5;5;5;5;5;5;5;5;5;5;5;1;1;1;1;1;1;1;1;1;1;1;0;5
2021-06-12;"alle";0;0;0;0;0;0;0;0;0;0;0;0;11;11;11;11;11;11;11;11;11;11;11;11;NA;NA;NA;NA;NA;NA;NA;NA;NA;NA;NA;0;11
2021-06-11;"0-60";2;2;2;2;2;2;2;2;2;2;2;2;6;6;6;6;6;6;6;6;6;6;6;6;1;1;1;1;1;1;1;1;1;1;1;2;6
2021-06-11;"60+";0;0;0;0;0;0;0;0;0;0;0;0;6;6;6;6;6;6;6;6;6;6;6;6;1;1;1;1;1;1;1;1;1;1;1;0;6
2021-06-11;"alle";2;2;2;2;2;2;2;2;2;2;2;2;12;12;12;12;12;12;12;12;12;12;12;12;NA;NA;NA;NA;NA;NA;NA;NA;NA;NA;NA;2;13
2021-06-10;"0-60";1;1;1;1;1;1;1;1;1;1;1;1;5;5;5;5;5;5;5;5;5;5;5;5;1;1;1;1;1;1;1;1;1;1;1;1;5
2021-06-10;"60+";1;1;1;1;1;1;1;1;1;1;1;1;6;6;6;6;6;6;6;6;6;6;6;6;1;1;1;1;1;1;1;1;1;1;1;1;6
2021-06-10;"alle";2;2;2;2;2;2;2;2;2;2;2;2;11;11;11;11;11;11;11;11;11;11;11;11;NA;NA;NA;NA;NA;NA;NA;NA;NA;NA;NA;2;12
2021-06-09;"0-60";1;1;1;1;1;1;1;1;1;1;1;1;5;5;5;5;5;5;5;5;5;5;5;5;1;1;1;1;1;1;1;1;1;1;1;1;5
2021-06-09;"60+";2;2;2;2;2;2;2;2;2;2;2;2;6;6;6;6;6;6;6;6;6;6;6;6;1;1;1;1;1;1;1;1;1;1;1;2;6
2021-06-09;"alle";3;3;3;3;3;3;3;3;3;3;3;3;11;11;11;11;11;11;11;11;11;11;11;11;NA;NA;NA;NA;NA;NA;NA;NA;NA;NA;NA;3;12
2021-06-08;"0-60";1;1;1;1;1;1;1;1;1;1;1;1;5;5;5;5;5;5;5;5;5;5;5;5;1;1;1;1;1;1;1;1;1;1;1;1;5
2021-06-08;"60+";1;1;1;1;1;1;1;1;1;1;1;1;4;4;4;4;4;4;4;4;4;4;4;4;1;1;1;1;1;1;1;1;1;1;1;1;4
2021-06-08;"alle";2;2;2;2;2;2;2;2;2;2;2;2;9;9;9;9;9;9;9;9;9;9;9;9;NA;NA;NA;NA;NA;NA;NA;NA;NA;NA;NA;2;10
2021-06-07;"0-60";0;0;0;0;0;0;0;0;0;0;0;0;4;4;4;4;4;4;4;4;4;4;4;4;1;1;1;1;1;1;1;1;1;1;1;0;4
2021-06-07;"60+";0;0;0;0;0;0;0;0;0;0;0;0;4;4;4;4;4;4;4;4;4;4;4;4;1;1;1;1;1;1;1;1;1;1;1;0;4
2021-06-07;"alle";0;0;0;0;0;0;0;0;0;0;0;0;8;8;8;8;8;8;8;8;8;8;8;8;NA;NA;NA;NA;NA;NA;NA;NA;NA;NA;NA;0;9
2021-06-06;"0-60";1;1;1;1;1;1;1;1;1;1;1;1;4;4;4;4;4;4;4;4;4;4;4;4;1;1;1;1;1;1;1;1;1;1;1;1;4
2021-06-06;"60+";1;1;1;1;1;1;1;1;1;1;1;1;4;4;4;4;4;4;4;4;4;4;4;4;1;1;1;1;1;1;1;1;1;1;1;1;4
2021-06-06;"alle";2;2;2;2;2;2;2;2;2;2;2;2;8;8;8;8;8;8;8;8;8;8;8;8;NA;NA;NA;NA;NA;NA;NA;NA;NA;NA;NA;2;9
2021-06-05;"0-60";0;0;0;0;0;0;0;0;0;0;0;0;4;4;4;4;4;4;4;4;4;4;4;4;1;1;1;1;1;1;1;1;1;1;1;0;4
2021-06-05;"60+";1;1;1;1;1;1;1;1;1;1;1;1;5;5;5;5;5;5;5;5;5;5;5;5;1;1;1;1;1;1;1;1;1;1;1;1;5
2021-06-05;"alle";1;1;1;1;1;1;1;1;1;1;1;1;9;9;9;9;9;9;9;9;9;9;9;9;NA;NA;NA;NA;NA;NA;NA;NA;NA;NA;NA;2;10
2021-06-04;"0-60";1;1;1;1;1;1;1;1;1;1;1;1;5;5;5;5;5;5;5;5;5;5;5;5;1;1;1;1;1;1;1;1;1;1;1;1;5
2021-06-04;"60+";0;0;0;0;0;0;0;0;0;0;0;0;5;5;5;5;5;5;5;5;5;5;5;5;1;1;1;1;1;1;1;1;1;1;1;0;5
2021-06-04;"alle";1;1;1;1;1;1;1;1;1;1;1;1;10;10;10;10;10;10;10;10;10;10;10;10;NA;NA;NA;NA;NA;NA;NA;NA;NA;NA;NA;1;10
2021-06-03;"0-60";1;1;1;1;1;1;1;1;1;1;1;1;5;5;5;5;5;5;5;5;5;5;5;5;1;1;1;1;1;1;1;1;1;1;1;1;5
2021-06-03;"60+";1;1;1;1;1;1;1;1;1;1;1;1;7;7;7;7;7;7;7;7;7;7;7;7;1;1;1;1;1;1;1;1;1;1;1;1;7
2021-06-03;"alle";2;2;2;2;2;2;2;2;2;2;2;2;12;12;12;12;12;12;12;12;12;12;12;12;NA;NA;NA;NA;NA;NA;NA;NA;NA;NA;NA;2;12
2021-06-02;"0-60";1;1;1;1;1;1;1;1;1;1;1;1;6;6;6;6;6;6;6;6;6;6;6;6;1;1;1;1;1;1;1;1;1;1;1;1;6
2021-06-02;"60+";0;0;0;0;0;0;0;0;0;0;0;0;8;8;8;8;8;8;8;8;8;8;8;8;1;1;1;1;1;1;1;1;1;1;1;0;8
2021-06-02;"alle";1;1;1;1;1;1;1;1;1;1;1;1;14;14;14;14;14;14;14;14;14;14;14;14;NA;NA;NA;NA;NA;NA;NA;NA;NA;NA;NA;1;14
2021-06-01;"0-60";0;0;0;0;0;0;0;0;0;0;0;0;7;7;7;7;7;7;7;7;7;7;7;7;1;1;1;1;1;1;1;1;1;1;1;0;7
2021-06-01;"60+";1;1;1;1;1;1;1;1;1;1;1;1;9;9;9;9;9;9;9;9;9;9;9;9;1;1;1;1;1;1;1;1;1;1;1;1;9
2021-06-01;"alle";1;1;1;1;1;1;1;1;1;1;1;1;16;16;16;16;16;16;16;16;16;16;16;16;NA;NA;NA;NA;NA;NA;NA;NA;NA;NA;NA;1;16
2021-05-31;"0-60";0;0;0;0;0;0;0;0;0;0;0;0;7;7;7;7;7;7;7;7;7;7;7;7;1;1;1;1;1;1;1;1;1;1;1;0;7
2021-05-31;"60+";0;0;0;0;0;0;0;0;0;0;0;0;9;9;9;9;9;9;9;9;9;9;9;9;1;1;1;1;1;1;1;1;1;1;1;0;9
2021-05-31;"alle";0;0;0;0;0;0;0;0;0;0;0;0;16;16;16;16;16;16;16;16;16;16;16;16;NA;NA;NA;NA;NA;NA;NA;NA;NA;NA;NA;0;16
2021-05-30;"0-60";1;1;1;1;1;1;1;1;1;1;1;1;7;7;7;7;7;7;7;7;7;7;7;7;1;1;1;1;1;1;1;1;1;1;1;1;7
2021-05-30;"60+";2;2;2;2;2;2;2;2;2;2;2;2;9;9;9;9;9;9;9;9;9;9;9;9;1;1;1;1;1;1;1;1;1;1;1;2;9
2021-05-30;"alle";3;3;3;3;3;3;3;3;3;3;3;3;16;16;16;16;16;16;16;16;16;16;16;16;NA;NA;NA;NA;NA;NA;NA;NA;NA;NA;NA;3;16
2021-05-29;"0-60";1;1;1;1;1;1;1;1;1;1;1;1;7;7;7;7;7;7;7;7;7;7;7;7;1;1;1;1;1;1;1;1;1;1;1;1;7
2021-05-29;"60+";1;1;1;1;1;1;1;1;1;1;1;1;7;7;7;7;7;7;7;7;7;7;7;7;1;1;1;1;1;1;1;1;1;1;1;1;7
2021-05-29;"alle";2;2;2;2;2;2;2;2;2;2;2;2;14;14;14;14;14;14;14;14;14;14;14;14;NA;NA;NA;NA;NA;NA;NA;NA;NA;NA;NA;2;14
2021-05-28;"0-60";1;1;1;1;1;1;1;1;1;1;1;1;7;7;7;7;7;7;7;7;7;7;7;7;1;1;1;1;1;1;1;1;1;1;1;1;7
2021-05-28;"60+";2;2;2;2;2;2;2;2;2;2;2;2;8;8;8;8;8;8;8;8;8;8;8;8;1;1;1;1;1;1;1;1;1;1;1;2;8
2021-05-28;"alle";3;3;3;3;3;3;3;3;3;3;3;3;15;15;15;15;15;15;15;15;15;15;15;15;NA;NA;NA;NA;NA;NA;NA;NA;NA;NA;NA;3;15
2021-05-27;"0-60";2;2;2;2;2;2;2;2;2;2;2;2;8;8;8;8;8;8;8;8;8;8;8;8;1;1;1;1;1;1;1;1;1;1;1;2;8
2021-05-27;"60+";2;2;2;2;2;2;2;2;2;2;2;2;6;6;6;6;6;6;6;6;6;6;6;6;1;1;1;1;1;1;1;1;1;1;1;2;6
2021-05-27;"alle";4;4;4;4;4;4;4;4;4;4;4;4;14;14;14;14;14;14;14;14;14;14;14;14;NA;NA;NA;NA;NA;NA;NA;NA;NA;NA;NA;4;14
2021-05-26;"0-60";2;2;2;2;2;2;2;2;2;2;2;2;10;10;10;10;10;10;10;10;10;10;10;10;1;1;1;1;1;1;1;1;1;1;1;2;10
2021-05-26;"60+";1;1;1;1;1;1;1;1;1;1;1;1;10;10;10;10;10;10;10;10;10;10;10;10;1;1;1;1;1;1;1;1;1;1;1;1;10
2021-05-26;"alle";3;3;3;3;3;3;3;3;3;3;3;3;20;20;20;20;20;20;20;20;20;20;20;20;NA;NA;NA;NA;NA;NA;NA;NA;NA;NA;NA;3;20
2021-05-25;"0-60";0;0;0;0;0;0;0;0;0;0;0;0;10;10;10;10;10;10;10;10;10;10;10;10;1;1;1;1;1;1;1;1;1;1;1;0;10
2021-05-25;"60+";1;1;1;1;1;1;1;1;1;1;1;1;13;13;13;13;13;13;13;13;13;13;13;13;1;1;1;1;1;1;1;1;1;1;1;1;12
2021-05-25;"alle";1;1;1;1;1;1;1;1;1;1;1;1;23;23;23;23;23;23;23;23;23;23;23;23;NA;NA;NA;NA;NA;NA;NA;NA;NA;NA;NA;1;22
2021-05-24;"0-60";0;0;0;0;0;0;0;0;0;0;0;0;11;11;11;11;11;11;11;11;11;11;11;11;1;1;1;1;1;1;1;1;1;1;1;0;11
2021-05-24;"60+";0;0;0;0;0;0;0;0;0;0;0;0;13;13;13;13;13;13;13;13;13;13;13;13;1;1;1;1;1;1;1;1;1;1;1;0;12
2021-05-24;"alle";0;0;0;0;0;0;0;0;0;0;0;0;24;24;24;24;24;24;24;24;24;24;24;24;NA;NA;NA;NA;NA;NA;NA;NA;NA;NA;NA;0;23
2021-05-23;"0-60";1;1;1;1;1;1;1;1;1;1;1;1;12;12;12;12;12;12;12;12;12;12;12;12;1;1;1;1;1;1;1;1;1;1;1;1;12
2021-05-23;"60+";0;0;0;0;0;0;0;0;0;0;0;0;14;14;14;14;14;14;14;14;14;14;14;14;1;1;1;1;1;1;1;1;1;1;1;0;13
2021-05-23;"alle";1;1;1;1;1;1;1;1;1;1;1;1;26;26;26;26;26;26;26;26;26;26;26;26;NA;NA;NA;NA;NA;NA;NA;NA;NA;NA;NA;1;25
2021-05-22;"0-60";1;1;1;1;1;1;1;1;1;1;1;1;11;11;11;11;11;11;11;11;11;11;11;11;1;1;1;1;1;1;1;1;1;1;1;1;11
2021-05-22;"60+";2;2;2;2;2;2;2;2;2;2;2;2;18;18;18;18;18;18;18;18;18;18;18;18;1;1;1;1;1;1;1;1;1;1;1;2;17
2021-05-22;"alle";3;3;3;3;3;3;3;3;3;3;3;3;29;29;29;29;29;29;29;29;29;29;29;29;NA;NA;NA;NA;NA;NA;NA;NA;NA;NA;NA;3;28
2021-05-21;"0-60";2;2;2;2;2;2;2;2;2;2;2;2;12;12;12;12;12;12;12;12;12;12;12;12;1;1;1;1;1;1;1;1;1;1;1;2;12
2021-05-21;"60+";0;0;0;0;0;0;0;0;0;0;0;0;20;20;20;20;20;20;20;20;20;20;20;20;1;1;1;1;1;1;1;1;1;1;1;0;19
2021-05-21;"alle";2;2;2;2;2;2;2;2;2;2;2;2;32;32;32;32;32;32;32;32;32;32;32;32;NA;NA;NA;NA;NA;NA;NA;NA;NA;NA;NA;2;31
2021-05-20;"0-60";4;4;4;4;4;4;4;4;4;4;4;4;15;15;15;15;15;15;15;15;15;15;15;15;1;1;1;1;1;1;1;1;1;1;1;4;15
2021-05-20;"60+";6;6;6;6;6;6;6;6;6;6;6;6;24;24;24;24;24;24;24;24;24;24;24;24;1;1;1;1;1;1;1;1;1;1;1;6;23
2021-05-20;"alle";10;10;10;10;10;10;10;10;10;10;10;10;39;39;39;39;39;39;39;39;39;39;39;39;NA;NA;NA;NA;NA;NA;NA;NA;NA;NA;NA;10;38
2021-05-19;"0-60";2;2;2;2;2;2;2;2;2;2;2;2;18;18;18;18;18;18;18;18;18;18;18;18;1;1;1;1;1;1;1;1;1;1;1;2;17
2021-05-19;"60+";4;4;4;4;4;4;4;4;4;4;4;4;23;23;23;23;23;23;23;23;23;23;23;23;1;1;1;1;1;1;1;1;1;1;1;3;22
2021-05-19;"alle";6;6;6;6;6;6;6;6;6;6;6;6;41;41;41;41;41;41;41;41;41;41;41;41;NA;NA;NA;NA;NA;NA;NA;NA;NA;NA;NA;5;39
2021-05-18;"0-60";1;1;1;1;1;1;1;1;1;1;1;1;18;18;18;18;18;18;18;18;18;18;18;18;1;1;1;1;1;1;1;1;1;1;1;1;17
2021-05-18;"60+";1;1;1;1;1;1;1;1;1;1;1;1;19;19;19;19;19;19;19;19;19;19;19;19;1;1;1;1;1;1;1;1;1;1;1;1;19
2021-05-18;"alle";2;2;2;2;2;2;2;2;2;2;2;2;37;37;37;37;37;37;37;37;37;37;37;37;NA;NA;NA;NA;NA;NA;NA;NA;NA;NA;NA;2;36
2021-05-17;"0-60";1;1;1;1;1;1;1;1;1;1;1;1;17;17;17;17;17;17;17;17;17;17;17;17;1;1;1;1;1;1;1;1;1;1;1;1;16
2021-05-17;"60+";1;1;1;1;1;1;1;1;1;1;1;1;20;20;20;20;20;20;20;20;20;20;20;20;1;1;1;1;1;1;1;1;1;1;1;1;20
2021-05-17;"alle";2;2;2;2;2;2;2;2;2;2;2;2;37;37;37;37;37;37;37;37;37;37;37;37;NA;NA;NA;NA;NA;NA;NA;NA;NA;NA;NA;2;36
2021-05-16;"0-60";0;0;0;0;0;0;0;0;0;0;0;0;16;16;16;16;16;16;16;16;16;16;16;16;1;1;1;1;1;1;1;1;1;1;1;0;15
2021-05-16;"60+";4;4;4;4;4;4;4;4;4;4;4;4;20;20;20;20;20;20;20;20;20;20;20;20;1;1;1;1;1;1;1;1;1;1;1;4;20
2021-05-16;"alle";4;4;4;4;4;4;4;4;4;4;4;4;36;36;36;36;36;36;36;36;36;36;36;36;NA;NA;NA;NA;NA;NA;NA;NA;NA;NA;NA;4;35
2021-05-15;"0-60";2;2;2;2;2;2;2;2;2;2;2;2;18;18;18;18;18;18;18;18;18;18;18;18;1;1;1;1;1;1;1;1;1;1;1;2;16
2021-05-15;"60+";4;4;4;4;4;4;4;4;4;4;4;4;17;17;17;17;17;17;17;17;17;17;17;17;1;1;1;1;1;1;1;1;1;1;1;4;17
2021-05-15;"alle";6;6;6;6;6;6;6;6;6;6;6;6;35;35;35;35;35;35;35;35;35;35;35;35;NA;NA;NA;NA;NA;NA;NA;NA;NA;NA;NA;6;33
2021-05-14;"0-60";5;5;5;5;5;5;5;5;5;5;5;5;20;20;20;20;20;20;20;20;20;20;20;20;1;1;1;1;1;1;1;1;1;1;1;5;18
2021-05-14;"60+";4;4;4;4;4;4;4;4;4;4;4;4;16;16;16;16;16;16;16;16;16;16;16;16;1;1;1;1;1;1;1;1;1;1;1;4;16
2021-05-14;"alle";9;9;9;9;9;9;9;9;9;9;9;9;36;36;36;36;36;36;36;36;36;36;36;36;NA;NA;NA;NA;NA;NA;NA;NA;NA;NA;NA;9;34
2021-05-13;"0-60";7;7;7;7;7;7;7;7;7;7;7;7;17;17;17;17;17;17;17;17;17;17;17;17;1;1;1;1;1;1;1;1;1;1;1;6;15
2021-05-13;"60+";5;5;5;5;5;5;5;5;5;5;5;5;14;14;14;14;14;14;14;14;14;14;14;14;1;1;1;1;1;1;1;1;1;1;1;5;14
2021-05-13;"alle";12;12;12;12;12;12;12;12;12;12;12;12;31;31;31;31;31;31;31;31;31;31;31;31;NA;NA;NA;NA;NA;NA;NA;NA;NA;NA;NA;11;29
2021-05-12;"0-60";2;2;2;2;2;2;2;2;2;2;2;2;12;12;12;12;12;12;12;12;12;12;12;12;1;1;1;1;1;1;1;1;1;1;1;2;11
2021-05-12;"60+";0;0;0;0;0;0;0;0;0;0;0;0;10;10;10;10;10;10;10;10;10;10;10;10;1;1;1;1;1;1;1;1;1;1;1;0;10
2021-05-12;"alle";2;2;2;2;2;2;2;2;2;2;2;2;22;22;22;22;22;22;22;22;22;22;22;22;NA;NA;NA;NA;NA;NA;NA;NA;NA;NA;NA;2;21
2021-05-11;"0-60";0;0;0;0;0;0;0;0;0;0;0;0;13;13;13;13;13;13;13;13;13;13;13;13;1;1;1;1;1;1;1;1;1;1;1;0;12
2021-05-11;"60+";2;2;2;2;2;2;2;2;2;2;2;2;11;11;11;11;11;11;11;11;11;11;11;11;1;1;1;1;1;1;1;1;1;1;1;2;11
2021-05-11;"alle";2;2;2;2;2;2;2;2;2;2;2;2;24;24;24;24;24;24;24;24;24;24;24;24;NA;NA;NA;NA;NA;NA;NA;NA;NA;NA;NA;2;23
2021-05-10;"0-60";0;0;0;0;0;0;0;0;0;0;0;0;13;13;13;13;13;13;13;13;13;13;13;13;1;1;1;1;1;1;1;1;1;1;1;0;12
2021-05-10;"60+";1;1;1;1;1;1;1;1;1;1;1;1;10;10;10;10;10;10;10;10;10;10;10;10;1;1;1;1;1;1;1;1;1;1;1;1;10
2021-05-10;"alle";1;1;1;1;1;1;1;1;1;1;1;1;23;23;23;23;23;23;23;23;23;23;23;23;NA;NA;NA;NA;NA;NA;NA;NA;NA;NA;NA;1;22
2021-05-09;"0-60";2;2;2;2;2;2;2;2;2;2;2;2;14;14;14;14;14;14;14;14;14;14;14;14;1;1;1;1;1;1;1;1;1;1;1;1;13
2021-05-09;"60+";1;1;1;1;1;1;1;1;1;1;1;1;9;9;9;9;9;9;9;9;9;9;9;9;1;1;1;1;1;1;1;1;1;1;1;1;9
2021-05-09;"alle";3;3;3;3;3;3;3;3;3;3;3;3;23;23;23;23;23;23;23;23;23;23;23;23;NA;NA;NA;NA;NA;NA;NA;NA;NA;NA;NA;2;22
2021-05-08;"0-60";4;4;4;4;4;4;4;4;4;4;4;4;13;13;13;13;13;13;13;13;13;13;13;13;1;1;1;1;1;1;1;1;1;1;1;4;13
2021-05-08;"60+";3;3;3;3;3;3;3;3;3;3;3;3;11;11;11;11;11;11;11;11;11;11;11;11;1;1;1;1;1;1;1;1;1;1;1;3;11
2021-05-08;"alle";7;7;7;7;7;7;7;7;7;7;7;7;24;24;24;24;24;24;24;24;24;24;24;24;NA;NA;NA;NA;NA;NA;NA;NA;NA;NA;NA;7;24
2021-05-07;"0-60";2;2;2;2;2;2;2;2;2;2;2;2;11;11;11;11;11;11;11;11;11;11;11;11;1;1;1;1;1;1;1;1;1;1;1;2;11
2021-05-07;"60+";2;2;2;2;2;2;2;2;2;2;2;2;11;11;11;11;11;11;11;11;11;11;11;11;1;1;1;1;1;1;1;1;1;1;1;2;11
2021-05-07;"alle";4;4;4;4;4;4;4;4;4;4;4;4;22;22;22;22;22;22;22;22;22;22;22;22;NA;NA;NA;NA;NA;NA;NA;NA;NA;NA;NA;4;22
2021-05-06;"0-60";2;2;2;2;2;2;2;2;2;2;2;2;10;10;10;10;10;10;10;10;10;10;10;10;1;1;1;1;1;1;1;1;1;1;1;2;10
2021-05-06;"60+";1;1;1;1;1;1;1;1;1;1;1;1;13;13;13;13;13;13;13;13;13;13;13;13;1;1;1;1;1;1;1;1;1;1;1;1;12
2021-05-06;"alle";3;3;3;3;3;3;3;3;3;3;3;3;23;23;23;23;23;23;23;23;23;23;23;23;NA;NA;NA;NA;NA;NA;NA;NA;NA;NA;NA;3;22
2021-05-05;"0-60";3;3;3;3;3;3;3;3;3;3;3;3;9;9;9;9;9;9;9;9;9;9;9;9;1;1;1;1;1;1;1;1;1;1;1;3;9
2021-05-05;"60+";1;1;1;1;1;1;1;1;1;1;1;1;13;13;13;13;13;13;13;13;13;13;13;13;1;1;1;1;1;1;1;1;1;1;1;1;12
2021-05-05;"alle";4;4;4;4;4;4;4;4;4;4;4;4;22;22;22;22;22;22;22;22;22;22;22;22;NA;NA;NA;NA;NA;NA;NA;NA;NA;NA;NA;4;21
2021-05-04;"0-60";0;0;0;0;0;0;0;0;0;0;0;0;6;6;6;6;6;6;6;6;6;6;6;6;1;1;1;1;1;1;1;1;1;1;1;0;6
2021-05-04;"60+";1;1;1;1;1;1;1;1;1;1;1;1;14;14;14;14;14;14;14;14;14;14;14;14;1;1;1;1;1;1;1;1;1;1;1;1;12
2021-05-04;"alle";1;1;1;1;1;1;1;1;1;1;1;1;20;20;20;20;20;20;20;20;20;20;20;20;NA;NA;NA;NA;NA;NA;NA;NA;NA;NA;NA;1;18
2021-05-03;"0-60";1;1;1;1;1;1;1;1;1;1;1;1;8;8;8;8;8;8;8;8;8;8;8;8;1;1;1;1;1;1;1;1;1;1;1;1;7
2021-05-03;"60+";0;0;0;0;0;0;0;0;0;0;0;0;15;15;15;15;15;15;15;15;15;15;15;15;1;1;1;1;1;1;1;1;1;1;1;0;13
2021-05-03;"alle";1;1;1;1;1;1;1;1;1;1;1;1;23;23;23;23;23;23;23;23;23;23;23;23;NA;NA;NA;NA;NA;NA;NA;NA;NA;NA;NA;1;20
2021-05-02;"0-60";1;1;1;1;1;1;1;1;1;1;1;1;9;9;9;9;9;9;9;9;9;9;9;9;1;1;1;1;1;1;1;1;1;1;1;1;8
2021-05-02;"60+";3;3;3;3;3;3;3;3;3;3;3;3;16;16;16;16;16;16;16;16;16;16;16;16;1;1;1;1;1;1;1;1;1;1;1;3;13
2021-05-02;"alle";4;4;4;4;4;4;4;4;4;4;4;4;25;25;25;25;25;25;25;25;25;25;25;25;NA;NA;NA;NA;NA;NA;NA;NA;NA;NA;NA;4;21
2021-05-01;"0-60";2;2;2;2;2;2;2;2;2;2;2;2;9;9;9;9;9;9;9;9;9;9;9;9;1;1;1;1;1;1;1;1;1;1;1;2;8
2021-05-01;"60+";3;3;3;3;3;3;3;3;3;3;3;3;14;14;14;14;14;14;14;14;14;14;14;14;1;1;1;1;1;1;1;1;1;1;1;3;10
2021-05-01;"alle";5;5;5;5;5;5;5;5;5;5;5;5;23;23;23;23;23;23;23;23;23;23;23;23;NA;NA;NA;NA;NA;NA;NA;NA;NA;NA;NA;5;18
2021-04-30;"0-60";1;1;1;1;1;1;1;1;1;1;1;1;10;10;10;10;10;10;10;10;10;10;10;10;1;1;1;1;1;1;1;1;1;1;1;1;9
2021-04-30;"60+";4;4;4;4;4;4;4;4;4;4;4;4;14;14;14;14;14;14;14;14;14;14;14;14;1;1;1;1;1;1;1;1;1;1;1;3;10
2021-04-30;"alle";5;5;5;5;5;5;5;5;5;5;5;5;24;24;24;24;24;24;24;24;24;24;24;24;NA;NA;NA;NA;NA;NA;NA;NA;NA;NA;NA;4;19
2021-04-29;"0-60";1;1;1;1;1;1;1;1;1;1;1;1;11;11;11;11;11;11;11;11;11;11;11;11;1;1;1;1;1;1;1;1;1;1;1;1;10
2021-04-29;"60+";1;1;1;1;1;1;1;1;1;1;1;1;13;13;13;13;13;13;13;13;13;13;13;13;1;1;1;1;1;1;1;1;1;1;1;1;9
2021-04-29;"alle";2;2;2;2;2;2;2;2;2;2;2;2;24;24;24;24;24;24;24;24;24;24;24;24;NA;NA;NA;NA;NA;NA;NA;NA;NA;NA;NA;2;19
2021-04-28;"0-60";0;0;0;0;0;0;0;0;0;0;0;0;13;13;13;13;13;13;13;13;13;13;13;13;1;1;1;1;1;1;1;1;1;1;1;0;12
2021-04-28;"60+";2;2;2;2;2;2;2;2;2;2;2;2;14;14;14;14;14;14;14;14;14;14;14;14;1;1;1;1;1;1;1;1;1;1;1;1;10
2021-04-28;"alle";2;2;2;2;2;2;2;2;2;2;2;2;27;27;27;27;27;27;27;27;27;27;27;27;NA;NA;NA;NA;NA;NA;NA;NA;NA;NA;NA;1;22
2021-04-27;"0-60";2;2;2;2;2;2;2;2;2;2;2;2;17;17;17;17;17;17;17;17;17;17;17;17;1;1;1;1;1;1;1;1;1;1;1;1;15
2021-04-27;"60+";2;2;2;2;2;2;2;2;2;2;2;2;21;21;21;21;21;21;21;21;21;21;21;21;1;1;1;1;1;1;1;1;1;1;1;2;16
2021-04-27;"alle";4;4;4;4;4;4;4;4;4;4;4;4;38;38;38;38;38;38;38;38;38;38;38;38;NA;NA;NA;NA;NA;NA;NA;NA;NA;NA;NA;3;31
2021-04-26;"0-60";2;2;2;2;2;2;2;2;2;2;2;2;15;15;15;15;15;15;15;15;15;15;15;15;1;1;1;1;1;1;1;1;1;1;1;2;14
2021-04-26;"60+";1;1;1;1;1;1;1;1;1;1;1;1;21;21;21;21;21;21;21;21;21;21;21;21;1;1;1;1;1;1;1;1;1;1;1;0;16
2021-04-26;"alle";3;3;3;3;3;3;3;3;3;3;3;3;36;36;36;36;36;36;36;36;36;36;36;36;NA;NA;NA;NA;NA;NA;NA;NA;NA;NA;NA;2;30
2021-04-25;"0-60";1;1;1;1;1;1;1;1;1;1;1;1;14;14;14;14;14;14;14;14;14;14;14;14;1;1;1;1;1;1;1;1;1;1;1;1;13
2021-04-25;"60+";1;1;1;1;1;1;1;1;1;1;1;1;22;22;22;22;22;22;22;22;22;22;22;22;1;1;1;1;1;1;1;1;1;1;1;0;18
2021-04-25;"alle";2;2;2;2;2;2;2;2;2;2;2;2;36;36;36;36;36;36;36;36;36;36;36;36;NA;NA;NA;NA;NA;NA;NA;NA;NA;NA;NA;1;31
2021-04-24;"0-60";3;3;3;3;3;3;3;3;3;3;3;3;17;17;17;17;17;17;17;17;17;17;17;17;1;1;1;1;1;1;1;1;1;1;1;3;14
2021-04-24;"60+";3;3;3;3;3;3;3;3;3;3;3;3;23;23;23;23;23;23;23;23;23;23;23;23;1;1;1;1;1;1;1;1;1;1;1;3;20
2021-04-24;"alle";6;6;6;6;6;6;6;6;6;6;6;6;40;40;40;40;40;40;40;40;40;40;40;40;NA;NA;NA;NA;NA;NA;NA;NA;NA;NA;NA;6;34
2021-04-23;"0-60";2;2;2;2;2;2;2;2;2;2;2;2;17;17;17;17;17;17;17;17;17;17;17;17;1;1;1;1;1;1;1;1;1;1;1;2;14
2021-04-23;"60+";3;3;3;3;3;3;3;3;3;3;3;3;25;25;25;25;25;25;25;25;25;25;25;25;1;1;1;1;1;1;1;1;1;1;1;2;22
2021-04-23;"alle";5;5;5;5;5;5;5;5;5;5;5;5;42;42;42;42;42;42;42;42;42;42;42;42;NA;NA;NA;NA;NA;NA;NA;NA;NA;NA;NA;4;36
2021-04-22;"0-60";3;3;3;3;3;3;3;3;3;3;3;3;22;22;22;22;22;22;22;22;22;22;22;22;1;1;1;1;1;1;1;1;1;1;1;3;18
2021-04-22;"60+";2;2;2;2;2;2;2;2;2;2;2;2;24;24;24;24;24;24;24;24;24;24;24;24;1;1;1;1;1;1;1;1;1;1;1;2;22
2021-04-22;"alle";5;5;5;5;5;5;5;5;5;5;5;5;46;46;46;46;46;46;46;46;46;46;46;46;NA;NA;NA;NA;NA;NA;NA;NA;NA;NA;NA;5;40
2021-04-21;"0-60";4;4;4;4;4;4;4;4;4;4;4;4;23;23;23;23;23;23;23;23;23;23;23;23;1;1;1;1;1;1;1;1;1;1;1;3;18
2021-04-21;"60+";9;9;9;9;9;9;9;9;9;9;9;9;29;29;29;29;29;29;29;29;29;29;29;29;1;1;1;1;1;1;1;1;1;1;1;7;27
2021-04-21;"alle";13;13;13;13;13;13;13;13;13;13;13;13;52;52;52;52;52;52;52;52;52;52;52;52;NA;NA;NA;NA;NA;NA;NA;NA;NA;NA;NA;10;45
2021-04-20;"0-60";0;0;0;0;0;0;0;0;0;0;0;0;21;21;21;21;21;21;21;21;21;21;21;21;1;1;1;1;1;1;1;1;1;1;1;0;16
2021-04-20;"60+";2;2;2;2;2;2;2;2;2;2;2;2;21;21;21;21;21;21;21;21;21;21;21;21;1;1;1;1;1;1;1;1;1;1;1;2;21
2021-04-20;"alle";2;2;2;2;2;2;2;2;2;2;2;2;42;42;42;42;42;42;42;42;42;42;42;42;NA;NA;NA;NA;NA;NA;NA;NA;NA;NA;NA;2;37
2021-04-19;"0-60";1;1;1;1;1;1;1;1;1;1;1;1;24;24;24;24;24;24;24;24;24;24;24;24;1;1;1;1;1;1;1;1;1;1;1;1;19
2021-04-19;"60+";2;2;2;2;2;2;2;2;2;2;2;2;23;23;23;23;23;23;23;23;23;23;23;23;1;1;1;1;1;1;1;1;1;1;1;2;21
2021-04-19;"alle";3;3;3;3;3;3;3;3;3;3;3;3;47;47;47;47;47;47;47;47;47;47;47;47;NA;NA;NA;NA;NA;NA;NA;NA;NA;NA;NA;3;40
2021-04-18;"0-60";4;4;4;4;4;4;4;4;4;4;4;4;25;25;25;25;25;25;25;25;25;25;25;25;1;1;1;1;1;1;1;1;1;1;1;2;20
2021-04-18;"60+";2;2;2;2;2;2;2;2;2;2;2;2;22;22;22;22;22;22;22;22;22;22;22;22;1;1;1;1;1;1;1;1;1;1;1;2;20
2021-04-18;"alle";6;6;6;6;6;6;6;6;6;6;6;6;47;47;47;47;47;47;47;47;47;47;47;47;NA;NA;NA;NA;NA;NA;NA;NA;NA;NA;NA;4;40
2021-04-17;"0-60";3;3;3;3;3;3;3;3;3;3;3;3;25;25;25;25;25;25;25;25;25;25;25;25;1;1;1;1;1;1;1;1;1;1;1;3;20
2021-04-17;"60+";5;5;5;5;5;5;5;5;5;5;5;5;25;25;25;25;25;25;25;25;25;25;25;25;1;1;1;1;1;1;1;1;1;1;1;5;23
2021-04-17;"alle";8;8;8;8;8;8;8;8;8;8;8;8;50;50;50;50;50;50;50;50;50;50;50;50;NA;NA;NA;NA;NA;NA;NA;NA;NA;NA;NA;8;43
2021-04-16;"0-60";7;7;7;7;7;7;7;7;7;7;7;7;28;28;28;28;28;28;28;28;28;28;28;28;1;1;1;1;1;1;1;1;1;1;1;6;22
2021-04-16;"60+";2;2;2;2;2;2;2;2;2;2;2;2;25;25;25;25;25;25;25;25;25;25;25;25;1;1;1;1;1;1;1;1;1;1;1;2;23
2021-04-16;"alle";9;9;9;9;9;9;9;9;9;9;9;9;53;53;53;53;53;53;53;53;53;53;53;53;NA;NA;NA;NA;NA;NA;NA;NA;NA;NA;NA;8;45
2021-04-15;"0-60";4;4;4;4;4;4;4;4;4;4;4;4;24;24;24;24;24;24;24;24;24;24;24;24;1;1;1;1;1;1;1;1;1;1;1;3;17
2021-04-15;"60+";7;7;7;7;7;7;7;7;7;7;7;7;30;30;30;30;30;30;30;30;30;30;30;30;1;1;1;1;1;1;1;1;1;1;1;7;28
2021-04-15;"alle";11;11;11;11;11;11;11;11;11;11;11;11;54;54;54;54;54;54;54;54;54;54;54;54;NA;NA;NA;NA;NA;NA;NA;NA;NA;NA;NA;10;45
2021-04-14;"0-60";2;2;2;2;2;2;2;2;2;2;2;2;25;25;25;25;25;25;25;25;25;25;25;25;1;1;1;1;1;1;1;1;1;1;1;1;19
2021-04-14;"60+";1;1;1;1;1;1;1;1;1;1;1;1;32;32;32;32;32;32;32;32;32;32;32;32;1;1;1;1;1;1;1;1;1;1;1;1;30
2021-04-14;"alle";3;3;3;3;3;3;3;3;3;3;3;3;57;57;57;57;57;57;57;57;57;57;57;57;NA;NA;NA;NA;NA;NA;NA;NA;NA;NA;NA;2;49
2021-04-13;"0-60";3;3;3;3;3;3;3;3;3;3;3;3;27;27;27;27;27;27;27;27;27;27;27;27;1;1;1;1;1;1;1;1;1;1;1;3;21
2021-04-13;"60+";4;4;4;4;4;4;4;4;4;4;4;4;33;33;33;33;33;33;33;33;33;33;33;33;1;1;1;1;1;1;1;1;1;1;1;2;31
2021-04-13;"alle";7;7;7;7;7;7;7;7;7;7;7;7;60;60;60;60;60;60;60;60;60;60;60;60;NA;NA;NA;NA;NA;NA;NA;NA;NA;NA;NA;5;52
2021-04-12;"0-60";2;2;2;2;2;2;2;2;2;2;2;2;25;25;25;25;25;25;25;25;25;25;25;25;1;1;1;1;1;1;1;1;1;1;1;2;19
2021-04-12;"60+";1;1;1;1;1;1;1;1;1;1;1;1;31;31;31;31;31;31;31;31;31;31;31;31;1;1;1;1;1;1;1;1;1;1;1;1;31
2021-04-12;"alle";3;3;3;3;3;3;3;3;3;3;3;3;56;56;56;56;56;56;56;56;56;56;56;56;NA;NA;NA;NA;NA;NA;NA;NA;NA;NA;NA;3;50
2021-04-11;"0-60";4;4;4;4;4;4;4;4;4;4;4;4;NA;NA;NA;NA;NA;NA;NA;NA;NA;NA;NA;NA;1;1;1;1;1;1;1;1;1;1;1;2;NA
2021-04-11;"60+";5;5;5;5;5;5;5;5;5;5;5;5;NA;NA;NA;NA;NA;NA;NA;NA;NA;NA;NA;NA;1;1;1;1;1;1;1;1;1;1;1;5;NA
2021-04-11;"alle";9;9;9;9;9;9;9;9;9;9;9;9;NA;NA;NA;NA;NA;NA;NA;NA;NA;NA;NA;NA;NA;NA;NA;NA;NA;NA;NA;NA;NA;NA;NA;7;NA
2021-04-10;"0-60";6;6;6;6;6;6;6;6;6;6;6;6;NA;NA;NA;NA;NA;NA;NA;NA;NA;NA;NA;NA;1;1;1;1;1;1;1;1;1;1;1;5;NA
2021-04-10;"60+";5;5;5;5;5;5;5;5;5;5;5;5;NA;NA;NA;NA;NA;NA;NA;NA;NA;NA;NA;NA;1;1;1;1;1;1;1;1;1;1;1;5;NA
2021-04-10;"alle";11;11;11;11;11;11;11;11;11;11;11;11;NA;NA;NA;NA;NA;NA;NA;NA;NA;NA;NA;NA;NA;NA;NA;NA;NA;NA;NA;NA;NA;NA;NA;10;NA
2021-04-09;"0-60";3;3;3;3;3;3;3;3;3;3;3;3;NA;NA;NA;NA;NA;NA;NA;NA;NA;NA;NA;NA;1;1;1;1;1;1;1;1;1;1;1;1;NA
2021-04-09;"60+";7;7;7;7;7;7;7;7;7;7;7;7;NA;NA;NA;NA;NA;NA;NA;NA;NA;NA;NA;NA;1;1;1;1;1;1;1;1;1;1;1;7;NA
2021-04-09;"alle";10;10;10;10;10;10;10;10;10;10;10;10;NA;NA;NA;NA;NA;NA;NA;NA;NA;NA;NA;NA;NA;NA;NA;NA;NA;NA;NA;NA;NA;NA;NA;8;NA
2021-04-08;"0-60";5;5;5;5;5;5;5;5;5;5;5;5;NA;NA;NA;NA;NA;NA;NA;NA;NA;NA;NA;NA;1;1;1;1;1;1;1;1;1;1;1;5;NA
2021-04-08;"60+";9;9;9;9;9;9;9;9;9;9;9;9;NA;NA;NA;NA;NA;NA;NA;NA;NA;NA;NA;NA;1;1;1;1;1;1;1;1;1;1;1;9;NA
2021-04-08;"alle";14;14;14;14;14;14;14;14;14;14;14;14;NA;NA;NA;NA;NA;NA;NA;NA;NA;NA;NA;NA;NA;NA;NA;NA;NA;NA;NA;NA;NA;NA;NA;14;NA
2021-04-07;"0-60";4;4;4;4;4;4;4;4;4;4;4;4;NA;NA;NA;NA;NA;NA;NA;NA;NA;NA;NA;NA;1;1;1;1;1;1;1;1;1;1;1;3;NA
2021-04-07;"60+";2;2;2;2;2;2;2;2;2;2;2;2;NA;NA;NA;NA;NA;NA;NA;NA;NA;NA;NA;NA;1;1;1;1;1;1;1;1;1;1;1;2;NA
2021-04-07;"alle";6;6;6;6;6;6;6;6;6;6;6;6;NA;NA;NA;NA;NA;NA;NA;NA;NA;NA;NA;NA;NA;NA;NA;NA;NA;NA;NA;NA;NA;NA;NA;5;NA
2021-04-06;"0-60";1;1;1;1;1;1;1;1;1;1;1;1;NA;NA;NA;NA;NA;NA;NA;NA;NA;NA;NA;NA;1;1;1;1;1;1;1;1;1;1;1;1;NA
2021-04-06;"60+";2;2;2;2;2;2;2;2;2;2;2;2;NA;NA;NA;NA;NA;NA;NA;NA;NA;NA;NA;NA;1;1;1;1;1;1;1;1;1;1;1;2;NA
2021-04-06;"alle";3;3;3;3;3;3;3;3;3;3;3;3;NA;NA;NA;NA;NA;NA;NA;NA;NA;NA;NA;NA;NA;NA;NA;NA;NA;NA;NA;NA;NA;NA;NA;3;NA
