"date";"age60";"reported";"nowcast_est";"nowcast_0.025";"nowcast_0.1";"nowcast_0.25";"nowcast_0.5";"nowcast_0.75";"nowcast_0.8";"nowcast_0.85";"nowcast_0.9";"nowcast_0.95";"nowcast_0.975";"reported7";"nowcast7_est";"nowcast7_0.025";"nowcast7_0.1";"nowcast7_0.25";"nowcast7_0.5";"nowcast7_0.75";"nowcast7_0.8";"nowcast7_0.85";"nowcast7_0.9";"nowcast7_0.95";"nowcast7_0.975";"F_est";"F_0.025";"F_0.1";"F_0.25";"F_0.5";"F_0.75";"F_0.8";"F_0.85";"F_0.9";"F_0.95";"F_0.975";"realized";"realized7"
2022-08-23;"0-60";8;26,2;14;17;21;27;35;38;41;46;55;65;40;80,4;52,8315304557605;59,5649034791144;69,0178571428571;84;121,6;106;113;167,6;143,2;226,8;0,304846317498037;0,51086316283812;0,435041956767047;0,370793953231057;0,299565624006236;0,232442423843912;0,216733128223334;0,199382960875593;0,178193566880404;0,148411093398473;0,123816816436745;NA;NA
2022-08-23;"60+";10;37,1;19;24;30;38;49;52;57;64;76;89;88;159,2;109,625649847095;117,140963855422;131,423688394277;163;214,8;194;203;272,8;238;351,2;0,269685949637479;0,460751318383784;0,39130822420157;0,33139134138803;0,268231240412737;0,207476590630793;0,194681305272297;0,178310582109706;0,160132041801387;0,134710141270919;0,114648755601762;NA;NA
2022-08-23;"alle";18;63,3;36;43;52;65;83;89;96;107;129;149;128;239,7;162,481886709602;187,407475729698;202,559722222222;248;336,3;300;315;436,3;377;568,9;NA;NA;NA;NA;NA;NA;NA;NA;NA;NA;NA;NA;NA
2022-08-22;"0-60";1;4,8;1;2;3;5;9;10;12;16;25;37;47;71,9;51,1515975775295;58,7962450592885;65,4109653233365;75;98,1;88;92;126,1;112;168,3;0,2090964949539;0,511788818645603;0,41041004650999;0,305351291942507;0,201375725739893;0,118328185206467;0,102572543153877;0,083905893812305;0,0642799652495486;0,0411513910336869;0,0266252359315345;NA;NA
2022-08-22;"60+";0;0;0;0;0;0;0;0;0;0;0;0;129;182,5;142,501776944947;152,673283705542;166,884807596202;186;221,5;206;212;257,5;234;313,5;0,195614368665644;0,495715061302956;0,389050381062225;0,29148515432425;0,190324260627366;0,112909893335932;0,0971151128824223;0,0800157050987959;0,062087325592293;0,0400652191961506;0,0264632163140308;NA;NA
2022-08-22;"alle";1;4,8;1;2;3;5;9;10;12;16;25;37;176;254,4;202,507638985941;214,405764337852;234,538888888889;261;317,6;294;303;380,8;342;479,2;NA;NA;NA;NA;NA;NA;NA;NA;NA;NA;NA;NA;NA
2022-08-21;"0-60";0;0;0;0;0;0;0;0;0;0;0;0;47;68,5;49,3901911995809;53,7850911974623;63,1257159221077;70;87,5;80;83;105,5;93;130,9;0,245885624599998;0,545156696021327;0,440993736973441;0,339621286776835;0,234964805074731;0,143803540900195;0,125489909309944;0,104971309796;0,0829547690444072;0,0553943149598822;0,0376853964375486;NA;NA
2022-08-21;"60+";0;0;0;0;0;0;0;0;0;0;0;0;132;186,5;147,677902120368;157,695014662757;171,085317460317;190;225,5;211;217;263,5;239;321,5;0,242075046131319;0,542366373461608;0,436220489199146;0,336671370682875;0,234487537951923;0,145691636439412;0,128509715906446;0,107464214604646;0,0859037819943404;0,0577255239062641;0,0405673822969235;NA;NA
2022-08-21;"alle";0;0;0;0;0;0;0;0;0;0;0;0;179;255;200,208507721172;213,640350877193;233,833431603774;261;311;290;298;365;329;443;NA;NA;NA;NA;NA;NA;NA;NA;NA;NA;NA;NA;NA
2022-08-20;"0-60";7;14,2;9;10;12;15;18;19;21;22;26;29;49;71,2;51,0173640968882;55,8170542635659;64,6454545454545;73;90,8;84;86;108,8;97;136,8;0,492753323777753;0,675047792845271;0,614909140358554;0,550934345627413;0,477690304324373;0,398735067337137;0,378473284699267;0,356581276526602;0,330980961582922;0,290686639010561;0,256130436492698;NA;NA
2022-08-20;"60+";13;26,3;17;20;23;27;32;34;36;39;45;51;138;194,9;153,446119514009;167,022517534145;177,901654411765;199;237,1;221;227;275,1;250;337,1;0,495016427169515;0,673894678303299;0,616691837725633;0,557028556239588;0,483984374538054;0,408924523137434;0,391609121992719;0,368856844509871;0,343726863664838;0,302936726135995;0,266857553980293;NA;NA
2022-08-20;"alle";20;40,5;27;31;35;42;50;52;55;60;69;78;187;266,1;208,725700483092;220,098065802592;245,562581699346;273;325,9;303;311;379,9;344,3;465,9;NA;NA;NA;NA;NA;NA;NA;NA;NA;NA;NA;NA;NA
2022-08-19;"0-60";7;12,1;8;9;10;12;15;16;17;18;20;23;48;64,2;49,4375202638493;51,9774647887324;60,9427917620137;66;77,8;73;75;91,8;83;111,8;0,577594822875199;0,731023126346549;0,677415069051834;0,625855691733909;0,561167853005506;0,489062866453684;0,470699759380433;0,450538742154674;0,421151984021055;0,378723716370513;0,337636209493523;NA;NA
2022-08-19;"60+";23;39,5;29;32;36;40;47;49;51;54;61;67;155;205;174,668047963322;180,257266140194;192,331243469175;209;241;227;232;273;251;327;0,581704490742045;0,733866764557474;0,681897388645099;0,632369626780339;0,570508943957397;0,50319589934198;0,485061036359554;0,46480976724141;0,43735418670542;0,393057356742394;0,352188333506894;NA;NA
2022-08-19;"alle";30;51,7;39;43;47;53;61;63;66;71;79;87,1;203;269,2;223,678716717591;231,082721342032;252,926153846154;275;318,8;299;306;360,8;332;428,8;NA;NA;NA;NA;NA;NA;NA;NA;NA;NA;NA;NA;NA
2022-08-18;"0-60";8;11,7;8;9;10;12;14;14;15;16;18;19;52;65,1;52,6785800726099;55,3652173913043;61,1704545454546;67;76,9;72;74;86,9;80;104,9;0,682836689354539;0,801558918405892;0,76315976335607;0,720765904013926;0,667772593374229;0,607376570423299;0,591890802878403;0,570586947193181;0,545219309573008;0,506329789464538;0,467364930325972;NA;NA
2022-08-18;"60+";17;24,8;19;21;23;25;28;29;30;32;34;37;154;191,7;171,389303861789;174,3050789586;183,429807692308;195;220,3;208;212;242,3;225;278,3;0,685496885459325;0,806257339539516;0,766566936707721;0,724882551806126;0,674386443647432;0,617497119705648;0,601899640662252;0,584771298329311;0,559961250569403;0,522575014105347;0,490123634867904;NA;NA
2022-08-18;"alle";25;36,5;29;31;34;37;41;43;45;47;50;54;206;256,8;220,067123094297;229,23805783052;243,363132363132;262;295,2;280;284;325,2;303,3;375,2;NA;NA;NA;NA;NA;NA;NA;NA;NA;NA;NA;NA;NA
2022-08-17;"0-60";9;11,4;9;9;10;11;13;13;13;14;15;16;65;77,3;65,8430555555556;68,2222222222222;71,275;79;88,7;84;86;98,7;92;114,7;0,792214123640101;0,875552418499074;0,848380180185088;0,82041626483473;0,782528018679946;0,741179585189165;0,729808780084168;0,715304305877757;0,696512273917211;0,667897479687517;0,64187762468917;NA;NA
2022-08-17;"60+";25;31,5;27;28;30;32;34;35;36;37;39;40;164;197,9;179,127323991798;182,716085989622;190,879445234708;201;224,1;213;216;244,1;228;276,1;0,792551745906019;0,875168574761396;0,849478069297832;0,822370642498817;0,787487409500655;0,746148388122726;0,735466689092616;0,722586733891948;0,704866859124191;0,679928416363856;0,654976882301634;NA;NA
2022-08-17;"alle";34;42,9;37;39;40;43;46;47;48;50;52;54;229;275,2;239,952941176471;252,010479375697;264,616152450091;281;310,8;296;301;338,8;318;384,8;NA;NA;NA;NA;NA;NA;NA;NA;NA;NA;NA;NA;NA
2022-08-16;"0-60";15;17,7;15;16;17;18;19;20;20;21;22;23;74;85,6;75,3598461538462;75,9632323232323;81,2753623188406;87;98,4;93;94;106,4;100;122,4;0,846863905371893;0,904809010685737;0,884612987683398;0,864608314900913;0,837428060091696;0,806211806417561;0,797095072306402;0,786002823574414;0,772536913877627;0,748720929500952;0,7246574692356;NA;NA
2022-08-16;"60+";51;60,3;54;56;58;61;64;65;66;67;70;72;170;200,4;183,782936507937;185,618241758242;193,217032967033;203;223,6;214;217;243,6;229;273,6;0,845491258316902;0,90389958442215;0,884587590478205;0,865029898167051;0,839934241273434;0,810405424346315;0,802009867849738;0,791597001469426;0,778741918761419;0,756947023342178;0,736578243704801;NA;NA
2022-08-16;"alle";66;78;71;73;75;79;82;83;85;87;90;93;244;286;257,16475315729;265,242303543274;274,336956521739;291;320;306;310;346;327;388;NA;NA;NA;NA;NA;NA;NA;NA;NA;NA;NA;NA;NA
2022-08-15;"0-60";1;1,3;1;1;1;1;2;2;2;2;3;3;90;101,1;92,0432225913621;93,2297202797203;98,2583333333333;103;112,9;108;110;122,9;116;138,9;0,7457640084789;0,882949329051281;0,842016181369011;0,795383079273768;0,725120954990753;0,639169818580548;0,614160994317041;0,585883306823277;0,54655638665134;0,488174713857728;0,430295229735652;NA;NA
2022-08-15;"60+";3;4;3;3;3;4;5;5;6;6;7;8;175;200,3;183,942802197802;189,372696438666;194,96875;203;221,7;213;215;237,7;226;267,7;0,740803487630952;0,881438166747476;0,841357001636067;0,795293299627872;0,726400275355352;0,643845017298275;0,619786008854125;0,59041786148528;0,551680657550679;0,496945011375847;0,44105086471714;NA;NA
2022-08-15;"alle";4;5,4;4;4;5;5;7;7;8;8;9;11;265;301,5;277,996163204192;283,893932874355;290,537878787879;307;332,5;320;324;356,5;339;396,5;NA;NA;NA;NA;NA;NA;NA;NA;NA;NA;NA;NA;NA
2022-08-14;"0-60";2;2,8;2;2;2;3;4;4;4;5;6;6;91;102,1;91,1068873668189;94,3251851851852;96,8181818181818;104;113,9;109;110;123,9;117;139,9;0,725635061854092;0,868597139659902;0,823964448086836;0,774032850465159;0,700771797866258;0,611112536955485;0,584913643954577;0,555568785752037;0,515006839023356;0,449209422092496;0,388189381630998;NA;NA
2022-08-14;"60+";6;8,4;6;6;7;9;10;11;11;12;14;16;178;203,2;187,050945494994;192,96;198,357894736842;206;222,8;215;218;240,8;229;270,8;0,717491241770117;0,864871392765001;0,821785022255233;0,771827759313371;0,700162266034359;0,613281909287033;0,589738799360374;0,561223956792083;0,520497545202169;0,458489686852781;0,397649793664982;NA;NA
2022-08-14;"alle";8;11,1;8;9;10;11;14;14;15;17;19;22;269;305,3;281,971995192308;288,706045678459;295,526923076923;310;334,7;323;327;360,7;343;400,7;NA;NA;NA;NA;NA;NA;NA;NA;NA;NA;NA;NA;NA
2022-08-13;"0-60";6;7,2;6;6;6;7;8;9;9;9;10;11;90;100,5;90,7125;91,7799043062201;97,0625;102;111,5;107;108;119,5;114;137,5;0,831462230825611;0,896358209796155;0,873553561825003;0,847556077235528;0,813991991601054;0,770716088551362;0,757511677945583;0,743071847318338;0,723511434878123;0,685200211345453;0,640554321081167;NA;NA
2022-08-13;"60+";30;36,4;32;33;35;37;40;41;42;43;45;48;176;199,5;184,867609797297;189,91683991684;195,360215053763;202;218,5;211;213;234,5;223;260,5;0,824360495655457;0,893294134082644;0,869212825695763;0,845140592311233;0,811698691763575;0,772015275877502;0,76074717467094;0,746405668438937;0,727187596149596;0,693125365509069;0,661982750986968;NA;NA
2022-08-13;"alle";36;43,6;38;40;42;44;48;49;50;51;54;57;266;300;278,027777777778;283,058823529412;291,545454545455;305;328;317;320;350;334,3;388;NA;NA;NA;NA;NA;NA;NA;NA;NA;NA;NA;NA;NA
2022-08-12;"0-60";11;13;11;11;12;13;15;15;15;16;17;19;98;108,7;98,4338709677419;102,10641025641;104,369047619048;110;119,3;115;117;129,3;123;147,3;0,846532549190071;0,903758660230948;0,882419327195509;0,859763705507605;0,829231695181756;0,790051945073845;0,779001283673043;0,76452541296458;0,743363017666624;0,702739550405293;0,660345848400302;NA;NA
2022-08-12;"60+";22;26,2;23;24;25;27;29;29;30;31;33;35;175;195;182,801449275362;187,483720930233;190,180147058824;197;211;205;207;225;216;249;0,838809060415276;0,898015570706098;0,877843257977039;0,855706642931064;0,827119033458858;0,790922826958569;0,780111351227904;0,767277798341972;0,748921450552297;0,71303199858244;0,671522851857128;NA;NA
2022-08-12;"alle";33;39,2;35;36;38;40;43;44;45;46;48;51;273;303,7;282,635192175704;288,123653846154;295,857142857143;308;330,3;319,2;323;350,3;337;388,3;NA;NA;NA;NA;NA;NA;NA;NA;NA;NA;NA;NA;NA
2022-08-11;"0-60";21;23,9;21;22;23;24;26;26;27;28;29;31;105;115,3;105,254411764706;107,033702882483;112,411111111111;117;126,7;122;124;136,7;130;156,7;0,877389010758893;0,924505057988153;0,907393967074567;0,888525956400772;0,863284864318428;0,831259198104493;0,822364366886707;0,810915571762305;0,794617714134726;0,766680191506373;0,731238114517741;NA;NA
2022-08-11;"60+";27;31;28;29;30;31;33;34;35;35;37;39;197;216,8;205,302840259245;209,129939393939;212,218181818182;219;233,2;227;229;247,2;238;277,2;0,870522706779697;0,919914815815087;0,902503969954975;0,884531397066853;0,860600856599507;0,831115512451224;0,822839864268866;0,812669582389722;0,799367441063795;0,773271195700961;0,743894716010203;NA;NA
2022-08-11;"alle";48;55;50;52;53;56;59;59;61;62;64;67;302;332,1;311,576558834424;317,463157894737;326,340909090909;337;359,9;349;352;381,9;367;423,9;NA;NA;NA;NA;NA;NA;NA;NA;NA;NA;NA;NA;NA
2022-08-10;"0-60";18;19,7;18;18;19;20;21;21;22;22;23;24;104;112,8;104;105,033550792171;109,2;114;123,2;119;120,9;133,2;127;153,2;0,915465136466217;0,94933646835106;0,9378621915903;0,925502995495796;0,908428905015844;0,88733620254509;0,88142260671633;0,873924236006758;0,864383781811355;0,848403676508045;0,833793095015771;NA;NA
2022-08-10;"60+";31;34;31;32;33;34;36;36;37;37;38;39;213;231,8;221,165037037037;224,019892473118;227,17304964539;234;248,2;242;244;262,2;254;294,2;0,910665130753602;0,94530244706154;0,934422665311031;0,922178365877686;0,90604322738589;0,887031985778695;0,881865995640991;0,874812559747293;0,866312512790805;0,853252476537617;0,83985890944676;NA;NA
2022-08-10;"alle";49;53,7;50;51;52;54;56;56;57;58;60;61;317;344,6;326,002682896535;330,274100087796;338,09022556391;349;371,4;360;364;393,4;379;439,4;NA;NA;NA;NA;NA;NA;NA;NA;NA;NA;NA;NA;NA
2022-08-09;"0-60";31;33,2;31;31;32;33;35;35;36;36;37;38;106;114,1;106,23674145844;108;111,428571428571;116;123,9;120;122;133,9;128;153,9;0,93269900230543;0,958972882140799;0,949461559204238;0,939102560013241;0,925689412511016;0,907582761345319;0,902752142865254;0,896607623010586;0,887893837660943;0,872869353402123;0,855858052884426;NA;NA
2022-08-09;"60+";56;60,3;57;58;59;60;62;63;63;64;66;67;233;251,1;238,468181818182;241,8068698597;247,764705882353;253;266,9;261;263;282,9;273;312,9;0,929294888093137;0,955607282619989;0,946435052507747;0,937076568600754;0,924708371525166;0,909189092381028;0,904841362856037;0,899333115179034;0,891606172830168;0,88042425381421;0,868624563739906;NA;NA
2022-08-09;"alle";87;93,5;89;90;92;94;97;97;98;99;101;103;339;365,2;345,796276991809;351,608556149733;359,575806451613;369;390,8;381;384;412,8;400;460,8;NA;NA;NA;NA;NA;NA;NA;NA;NA;NA;NA;NA;NA
2022-08-08;"0-60";2;2,3;2;2;2;2;3;3;3;3;4;4;107;114,1;107;108,266734074823;111,472222222222;115;123,9;120;121;131,9;127;151,9;0,874324583008684;0,944512163260755;0,923093245333493;0,897036594430695;0,856761519046011;0,800919807126346;0,784055675542431;0,762496177255564;0,733150819709276;0,678168730457677;0,621070154213601;NA;NA
2022-08-08;"60+";6;6,9;6;6;6;7;8;8;8;9;10;11;269;286,1;273,687845117845;276,598322851153;282,317307692308;289;301,9;296;299;317,9;309;351,9;0,869360498754329;0,941508597854139;0,920662335346194;0,895472602207226;0,856374344965855;0,804298910603965;0,788627514104743;0,770486973474497;0,742436908265133;0,697564490645654;0,653667209492122;NA;NA
2022-08-08;"alle";8;9,2;8;8;8;9;10;11;11;12;13;14;376;400,2;382,124423963134;386,789413298566;394,117647058824;404;425,8;415;419;447,8;435;495,8;NA;NA;NA;NA;NA;NA;NA;NA;NA;NA;NA;NA;NA
2022-08-07;"0-60";1;1,2;1;1;1;1;1;2;2;2;2;3;108;115;108;108,968421052632;113,166666666667;116;125;121;122;133;129;153;0,855638352754481;0,933888738156117;0,908812021391588;0,879254569890254;0,833460777046937;0,772067407132179;0,753080716937634;0,727345504292267;0,68992734296579;0,628106165301356;0,554361022741001;NA;NA
2022-08-07;"60+";4;4,7;4;4;4;5;5;6;6;6;7;8;267;283,5;269,32504180602;274,99305019305;278,916666666667;286;300,5;293;296;314,5;306;346,5;0,851494171522291;0,931757066534965;0,907810042308836;0,878779167881049;0,835887530779602;0,776406540443114;0,760086467359411;0,737961003316032;0,708137993067571;0,652289077756186;0,59409147298074;NA;NA
2022-08-07;"alle";5;5,9;5;5;5;6;7;7;7;8;9;10;375;398,5;378,232962801511;387,350877192982;391,638945233266;403;423,5;413;417;445,5;433;493,5;NA;NA;NA;NA;NA;NA;NA;NA;NA;NA;NA;NA;NA
2022-08-06;"0-60";14;15,4;14;14;15;16;17;17;17;18;19;21;112;119,3;112;113,2;116,759090909091;121;128,7;125;127;138,7;134;160,7;0,910708503168805;0,947951460600307;0,934678143524278;0,919326810090421;0,896663645077786;0,866369776726907;0,857142613634732;0,844193039463366;0,823638339103063;0,779947266869866;0,722019612797052;NA;NA
2022-08-06;"60+";29;31,9;29;30;31;32;34;34;35;36;38;39;268;284,2;268;274,839491691105;280,526785714286;286;299,8;294;296;313,8;307;347,8;0,909198785486231;0,94545000250418;0,933461914021371;0,919123044802502;0,899019122910914;0,872664026114479;0,864151529196781;0,85416144658788;0,838809504943074;0,808095947939163;0,766859406455972;NA;NA
2022-08-06;"alle";43;47,3;44;45;46;48;50;51;52;53;55;58;380;403,5;383,280344600527;390,886904761905;397,585648148148;408;428,5;419;422;450,5;438;500,5;NA;NA;NA;NA;NA;NA;NA;NA;NA;NA;NA;NA;NA
2022-08-05;"0-60";18;19,6;18;18;19;20;21;22;22;23;24;26;122;129,2;122;123,538461538462;126,733333333333;131;138,8;136;137;150,8;145;176,8;0,916592362743916;0,950714880245565;0,9381701423621;0,923904723054375;0,903566097643857;0,87430740183495;0,86416733838372;0,850203864601768;0,831918374431535;0,786713865541425;0,722029988338123;NA;NA
2022-08-05;"60+";44;48;45;46;47;49;51;51;52;53;56;59;277;291,9;277;281,215277777778;288,90625;294;308,1;302;304;322,1;315;356,1;0,916548323401353;0,948561837202038;0,937651622170322;0,924695750130944;0,906713433740534;0,882790292691946;0,875087876998693;0,864523211134205;0,848160807079248;0,814499078774095;0,763634942267514;NA;NA
2022-08-05;"alle";62;67,6;63;65;66;69;72;72;74;75;79;83;399;421,2;399,414090909091;407,682213438735;416,239215686275;425;446,8;437;441;470,8;458;522,8;NA;NA;NA;NA;NA;NA;NA;NA;NA;NA;NA;NA;NA
2022-08-04;"0-60";20;21,4;20;20;21;22;23;23;24;24;25;27;127;133,7;127,086950642326;128,006811145511;129,9375;135;144,3;140;142;154,3;150;184,3;0,93305139814373;0,961860238521241;0,951753246953524;0,939948422473746;0,922398738065554;0,899544979378743;0,891895668223949;0,881435280808153;0,865934633358944;0,832967116442094;0,7897778104604;NA;NA
2022-08-04;"60+";43;46;43;44;45;46;48;49;49;50;52;54;294;307,4;294;294,498522167488;303,66253869969;309;322,6;317;320;338,6;331;376,8;0,934464972952367;0,961331118620463;0,951856387570065;0,941447152594047;0,926995498250199;0,906925554630845;0,900871276874204;0,892824241810662;0,880648135829351;0,859008280027998;0,827150505755948;NA;NA
2022-08-04;"alle";63;67,5;64;65;66;68;71;71;72;73;76;79;421;441,1;421;430,350810810811;437,090909090909;445;466,9;457;461;490,9;479;550,9;NA;NA;NA;NA;NA;NA;NA;NA;NA;NA;NA;NA;NA
2022-08-03;"0-60";20;21;20;20;20;21;22;22;22;23;23;24;130;136,1;130;131,246464646465;133,838888888889;137;145,9;142;144;157,9;153;187,9;0,954097188573577;0,975668945113137;0,968863199908479;0,960938969268994;0,949478703623645;0,934400643480186;0,930060704783353;0,924616002489853;0,916560004612268;0,90064644266443;0,885386719927045;NA;NA
2022-08-03;"60+";51;53,3;51;51;52;53;55;55;56;56;57;58;304;315,9;304;304,193103448276;313,019841269841;318;332,1;325;328;348,1;340;388,1;0,9564345004268;0,976010356008746;0,969693488029934;0,96315776267281;0,953543596965373;0,940989645902669;0,937403197372297;0,933138083089626;0,927145009345884;0,917097341362476;0,906320985988963;NA;NA
2022-08-03;"alle";71;74,3;71;72;73;74;76;77;77;78;79;81;434;452;434;441,079536679537;448,541666666667;456;478;468;472;504;491;566;NA;NA;NA;NA;NA;NA;NA;NA;NA;NA;NA;NA;NA
2022-08-02;"0-60";32;33,2;32;32;33;33;34;35;35;36;36;37;147;153,1;147;148,45;151,210256410256;154;162,9;160;161;174,9;171;206,9;0,962810765990537;0,980209308458783;0,974765432972245;0,968157420664572;0,958142867065447;0,944201246400512;0,939978821987002;0,934722803942703;0,926506128442276;0,909804534296223;0,88982563487482;NA;NA
2022-08-02;"60+";92;95,3;92;93;94;96;97;98;98;99;101;102;312;322,7;312;312;321;324;330;332;335;353,3;347;395,3;0,965844096665983;0,981091386908549;0,976273928028597;0,970606332653115;0,962648669879277;0,951855386483381;0,948620871812855;0,944637518687296;0,938520504501332;0,927569895296295;0,917370890585133;NA;NA
2022-08-02;"alle";124;128,5;125;126;127;129;131;132;133;134;136;138;459;475,7;459;465,634166241713;472,696022727273;480;500,3;491;495;528,3;515;590,3;NA;NA;NA;NA;NA;NA;NA;NA;NA;NA;NA;NA;NA
2022-08-01;"0-60";3;3,2;3;3;3;3;4;4;4;4;5;5;143;148,4;143;143;145,727272727273;149;157,6;154;156;169,6;166;203,6;0,928261848707888;0,972101619148987;0,959730830739332;0,943283293250631;0,916988837702282;0,873710472677013;0,858922690872536;0,840097718699079;0,813031246755779;0,755677521418754;0,692434242060357;NA;NA
2022-08-01;"60+";4;4,3;4;4;4;4;5;5;5;5;6;6;310;318,7;310;310;317;320;326;327;330;349,3;342;391,3;0,93587792448843;0,974296749098324;0,963544760803562;0,949354535834128;0,927135401086396;0,892632598696347;0,882265718678804;0,867190442813753;0,845336706945168;0,808231129351155;0,757053318065743;NA;NA
2022-08-01;"alle";7;7,5;7;7;7;7;8;8;9;9;10;11;453;467,1;453;456,538285714286;463,279264214047;471;490,9;482;486;516,9;506;578,9;NA;NA;NA;NA;NA;NA;NA;NA;NA;NA;NA;NA;NA
2022-07-31;"0-60";5;5,5;5;5;5;5;6;6;7;7;8;9;145;150,3;145;145;147,916666666667;151;159,7;156;158;173,7;168;205,7;0,917109503465958;0,967450612388972;0,953166747482693;0,934689611744878;0,903219318050527;0,852556761987655;0,836226836297374;0,813311013423811;0,77582481532645;0,704829495247638;0,62237007400772;NA;NA
2022-07-31;"60+";5;5,4;5;5;5;5;6;6;6;7;7;8;316;324,7;316;316;323;326;332;334;336;355,3;349;399,3;0,927900917773288;0,971616189361043;0,958888797971852;0,943064501590086;0,916903935829215;0,877069225986623;0,863263343528829;0,845846616028128;0,819559367019835;0,762962754483137;0,699166151693286;NA;NA
2022-07-31;"alle";10;10,8;10;10;10;11;12;12;13;13;14;16;461;475,1;461;463,401731601732;471,442307692308;479;498,9;490;494;526,9;515;588,9;NA;NA;NA;NA;NA;NA;NA;NA;NA;NA;NA;NA;NA
2022-07-30;"0-60";24;25,3;24;24;25;25;27;27;28;29;30;33;144;149,1;144;144;147,083333333333;150;158,9;155;157;170,9;166;204,9;0,949685660613476;0,976985741830393;0,968757899484829;0,958759177450481;0,941462266686108;0,913538244166089;0,903388524522621;0,889046202240929;0,867232619460878;0,812759642129272;0,747164485595091;NA;NA
2022-07-30;"60+";38;39,7;38;38;39;40;41;42;42;43;45;48;324;332,8;324;324;331;334;340;342;345;365,2;358;413,2;0,957485646250925;0,979885681243797;0,972987464338022;0,96452793911829;0,951169061536322;0,929971983547292;0,922436766401087;0,912477491481094;0,896231530251671;0,860829562418609;0,8110983247974;NA;NA
2022-07-30;"alle";62;65;62;63;64;66;68;69;70;71;74;79;468;481,8;468;468;478,664835164835;485;506,2;497;501;534,2;522;598,2;NA;NA;NA;NA;NA;NA;NA;NA;NA;NA;NA;NA;NA
2022-07-29;"0-60";23;24,1;23;23;23;24;25;26;26;27;29;32;145;149,4;145;145;146,522222222222;150;158,6;155;157;170,6;167;204,6;0,953628136180542;0,979645353069292;0,971951958442387;0,962291747263789;0,945725822074549;0,918560040549071;0,908362145869988;0,893401705356629;0,869662583977943;0,813944445662301;0,745066458712852;NA;NA
2022-07-29;"60+";61;63,4;61;62;62;64;66;66;67;69;72;77,1;349;357,3;349;349;354,361111111111;359;372,7;367;369;390,7;385;446,7;0,961822003277709;0,982389216469384;0,976231443371011;0,968087900820957;0,955915856684728;0,935285818693608;0,928283808366868;0,917842840864484;0,9018142646709;0,858958663880811;0,802771620168529;NA;NA
2022-07-29;"alle";84;87,5;84;85;87;88;91;92;93;96;101;107;494;506,7;494;494;503,454545454545;510;531,3;522;526;560,5;549;631,3;NA;NA;NA;NA;NA;NA;NA;NA;NA;NA;NA;NA;NA
2022-07-28;"0-60";23;23,9;23;23;23;24;25;25;26;26;28;29;159;163,1;159;159;161,083333333333;164;170,9;169;171;184,9;182;226,9;0,964053119369921;0,985517616051565;0,979438866136987;0,971420735718785;0,95825617474844;0,936720603816574;0,929347364443368;0,918091836771831;0,89957867598648;0,861802958524303;0,811665421185998;NA;NA
2022-07-28;"60+";53;54,6;53;53;54;55;56;57;57;58;60;63;348;354,8;348;348;351,615384615385;356;367,2;363;366;387,2;381;441,2;0,971431959764913;0,987904502917122;0,982967277063691;0,976579607328496;0,966992131105559;0,9511651833421;0,945575786679721;0,937820855362264;0,925217861452731;0,897636917590083;0,859685267536978;NA;NA
2022-07-28;"alle";76;78,4;76;77;78;79;81;82;83;84;87;90;507;517,9;507;507;515,145;521;542,1;533;537;572,1;560,3;646,3;NA;NA;NA;NA;NA;NA;NA;NA;NA;NA;NA;NA;NA
2022-07-27;"0-60";37;37,9;37;37;37;38;39;39;39;40;41;42;165;168,6;165;165;165,545454545455;169;177,4;174;176;191,4;188;231,4;0,976414893393403;0,991384567129957;0,987688698938639;0,982646893436597;0,974361268579289;0,961932567960755;0,957998865745647;0,952453112011768;0,94440186130703;0,929136278072081;0,912104432703973;NA;NA
2022-07-27;"60+";59;60,1;59;59;59;60;61;61;62;62;63;64;352;357,9;352;352;353,587301587302;359;370,1;366;369;388,1;384;444,3;0,98211115288882;0,993184607498255;0,99031280999615;0,986560443046135;0,980647476004691;0,97218108537719;0,969268830674734;0,96564720138338;0,960137138667462;0,951608857140804;0,942514917051945;NA;NA
2022-07-27;"alle";96;98;96;96;97;98;100;100;101;101;103;104;517;526,5;517;517;523,693181818182;529;549,5;541;545,9;579,5;570;655,5;NA;NA;NA;NA;NA;NA;NA;NA;NA;NA;NA;NA;NA
2022-07-26;"0-60";28;28,5;28;28;28;28;29;29;30;30;31;32;161;164;161;161;162,045454545455;164;172;169;171;186;182;226;0,980770838952674;0,993381038824641;0,990349583445926;0,986021854730506;0,97894933759976;0,966421131371935;0,962424494426156;0,956225942749118;0,947208919795294;0,929328022885278;0,908073907052464;NA;NA
2022-07-26;"60+";90;91,3;90;90;91;91;93;93;94;94;96;97;362;367,2;362;362;362,625;368;378,8;375;378;396,8;393;452,8;0,985614886382267;0,994797936119219;0,992403157933652;0,989231766274852;0,984042937221009;0,975787375574445;0,972995736542363;0,969469449191289;0,96385014112544;0,95224145041938;0,940295801351106;NA;NA
2022-07-26;"alle";118;119,9;118;118;119;120;122;122;123;124;125;127;523;531,2;523;523;527,402380952381;534;552,8;545;549;582,8;573;658,8;NA;NA;NA;NA;NA;NA;NA;NA;NA;NA;NA;NA;NA
2022-07-25;"0-60";5;5,2;5;5;5;5;6;6;6;6;7;8;179;181,8;179;179;179;182;190,2;187;189;202,2;200;246,2;0,96224968714171;0,990498608796132;0,984342176327476;0,974822271591461;0,957167484439863;0,922844472142549;0,908825386768871;0,889203995618421;0,862380081306398;0,801750767244473;0,720468488489383;NA;NA
2022-07-25;"60+";10;10,3;10;10;10;10;11;11;11;12;12;13;375;379,3;375;375;375,083333333333;380;390,7;386;389;408,7;404;464,9;0,971575504837041;0,99228159949319;0,987479225781335;0,980465450683575;0,967300884975986;0,943802299399333;0,93535394000441;0,922866748462373;0,902337596302416;0,860504354999273;0,800657155921487;NA;NA
2022-07-25;"alle";15;15,5;15;15;15;15;16;17;17;18;19;20;554;561,1;554;554;559;563;571;574;579;610,9;602;690,9;NA;NA;NA;NA;NA;NA;NA;NA;NA;NA;NA;NA;NA
2022-07-24;"0-60";4;4,2;4;4;4;4;5;5;5;5;6;7;178;180,6;178;178;178;181;187,4;186;188;201,4;199;243,4;0,957879634885203;0,990034855383269;0,983225330184307;0,9729235909275;0,95205794292081;0,911443181184967;0,895789461288884;0,871663708506932;0,834446267217795;0,753915590374777;0,658279848046565;NA;NA
2022-07-24;"60+";13;13,4;13;13;13;13;14;14;15;15;17;18;374;378,1;374;374;374;379;387,9;385;388;405,9;403;461,9;0,968285901774982;0,991917691540438;0,986666679268786;0,979135003830574;0,964274084807156;0,935514473336723;0,923408696099863;0,906643015794644;0,879499544443473;0,819464089615184;0,745748814034446;NA;NA
2022-07-24;"alle";17;17,6;17;17;17;18;19;19;19;20;22;24;552;558,7;552;552;555,763636363636;561;577,3;572;576;607,3;599;685,3;NA;NA;NA;NA;NA;NA;NA;NA;NA;NA;NA;NA;NA
2022-07-23;"0-60";25;25,6;25;25;25;26;27;27;28;28;31;33;177;179,5;177;177;177;180;186,5;184;186;198,5;197;240,5;0,975848454282064;0,994139698286316;0,99027561199569;0,984609779985624;0,973363884626773;0,948409752005491;0,938005546803791;0,921885035433989;0,899071044794931;0,840454703079883;0,770888154890013;NA;NA
2022-07-23;"60+";63;64,2;63;63;63;64;66;66;67;69;72;76;370;373,8;370;370;370;374;384,2;380;383;400,2;398;452,2;0,981761582199977;0,995233537956814;0,992277551958236;0,988052427795461;0,979701404553491;0,962426344107641;0,955899604368744;0,945463477712406;0,928163380932326;0,886600190607065;0,831225034217833;NA;NA
2022-07-23;"alle";88;89,8;88;88;89;90;93;94;95;97;101;107;547;553,3;547;547;550,477272727273;555;570,7;565;570;600,7;592;674,7;NA;NA;NA;NA;NA;NA;NA;NA;NA;NA;NA;NA;NA
2022-07-22;"0-60";37;37,8;37;37;37;38;39;40;40;42;44;49;168;169,9;168;168;168;170;176,1;174;176;186,1;185;222,1;0,979174167681968;0,995449038200422;0,99218962153461;0,987280146353981;0,976900557886126;0,953371391239927;0,943587129120452;0,928957917817509;0,903589969608886;0,845436321281689;0,76614842861283;NA;NA
2022-07-22;"60+";60;61;60;60;60;61;62;63;64;65;68;74;360;362,9;360;360;360;363;371,1;368;370;385,1;384;433,1;0,984157339470651;0,996205743965978;0,993831555305917;0,990128462178516;0,982496726098379;0,965612644530705;0,958340077575797;0,948264901513011;0,929816840180693;0,883587379040536;0,823436553564556;NA;NA
2022-07-22;"alle";97;98,8;97;97;98;99;102;103;104;107;112;119;528;532,8;528;528;531;534;541;543;547;573,2;567;639,2;NA;NA;NA;NA;NA;NA;NA;NA;NA;NA;NA;NA;NA
2022-07-21;"0-60";29;29,4;29;29;29;29;30;30;31;32;33;35;155;156,2;155;155;155;156;159,8;159;160;167,8;167;191,8;0,985764995624477;0,997153040987249;0,995054356118414;0,991659379616711;0,984509339009032;0,968392012589361;0,961278307903534;0,951465239034491;0,933536016613621;0,892769783795637;0,84015328562361;NA;NA
2022-07-21;"60+";57;57,6;57;57;57;58;59;59;59;60;62;66;369;371,2;369;369;369;371;376,8;376;378;390,8;390;434,8;0,989372467141763;0,997643216698451;0,996084232547966;0,99349175155731;0,988338521880978;0,976981331890205;0,972171175045303;0,965439209231763;0,953062148417755;0,923919929090716;0,882387509461947;NA;NA
2022-07-21;"alle";86;87;86;86;86;87;89;89;90;92;95;99;524;527,4;524;524;526;529;533;535;538;560,6;554;614,6;NA;NA;NA;NA;NA;NA;NA;NA;NA;NA;NA;NA;NA
2022-07-20;"0-60";33;33,3;33;33;33;33;34;34;34;34;35;36;154;154,8;154;154;154;155;157,2;157;158;163,2;163;181,2;0,99215021075505;0,998586656708212;0,997480132818022;0,995734971562211;0,992069214118984;0,984994947127664;0,982462322451754;0,978624249230333;0,972755057641536;0,96159879013855;0,949071696825735;NA;NA
2022-07-20;"60+";69;69,4;69;69;69;69;70;70;70;71;71;72;372;373,6;372;372;372;374;378,4;377;378;388,4;388;422,4;0,994454522499349;0,998836437955635;0,998021496383045;0,996725012679136;0,994340904901623;0,990064784068543;0,988499457766053;0,986312108600544;0,982900853258982;0,976452994162038;0,969361050066864;NA;NA
2022-07-20;"alle";102;102,6;102;102;102;103;103;104;104;105;105;106;526;528,4;526;526;527;529;533;534;537;551,6;548;591,6;NA;NA;NA;NA;NA;NA;NA;NA;NA;NA;NA;NA;NA
2022-07-19;"0-60";46;46,3;46;46;46;46;47;47;47;48;49;50;147;147,6;147;147;147;148;150,4;149;150;154,4;154;170,4;0,993675177497871;0,999154276846459;0,998352686024467;0,996896994326564;0,993624314970166;0,986022498805633;0,983347952077824;0,978856384776521;0,972036970699377;0,957327175483881;0,93806231750969;NA;NA
2022-07-19;"60+";103;103,5;103;103;103;103;104;104;105;105;107;108;376;377,2;376;376;376;377;380,8;380;382;390,8;390;422,8;0,995325100050197;0,999268750444184;0,9986458313536;0,997528888710233;0,995264063466281;0,990391141761641;0,988720611163712;0,986034695611093;0,981784545745612;0,972088494308439;0,961147874475079;NA;NA
2022-07-19;"alle";149;149,8;149;149;149;150;151;151;152;153;154;156;523;524,7;523;523;523,3125;525;533,3;530;532;545,3;543;583,3;NA;NA;NA;NA;NA;NA;NA;NA;NA;NA;NA;NA;NA
2022-07-18;"0-60";4;4,1;4;4;4;4;4;4;4;5;5;6;133;133,3;133;133;133;133;134,7;134;135;138,7;138;150,7;0,987628178236757;0,99902628228859;0,997750673314244;0,994940181865477;0,987411906097314;0,966827176275789;0,958180451594268;0,945155366624347;0,921785612733227;0,867958690073318;0,792601626323554;NA;NA
2022-07-18;"60+";9;9,1;9;9;9;9;9;9;10;10;10;11;362;362,7;362;362;362;363;365,3;365;366;373,3;373;401,3;0,990193647404143;0,999111291943386;0,997975138733489;0,99574053847118;0,990091779767016;0,975660932659042;0,969557622689335;0,96029395231215;0,942994435590693;0,906391962653074;0,853458344538701;NA;NA
2022-07-18;"alle";13;13,1;13;13;13;13;13;14;14;14;15;16;495;495,9;495;495;495;496;502,1;500;501;512,1;510;544,1;NA;NA;NA;NA;NA;NA;NA;NA;NA;NA;NA;NA;NA
2022-07-17;"0-60";3;3;3;3;3;3;3;3;3;3;4;4;133;133,2;133;133;133;133;134,8;134;135;136,8;138;148,8;0,987638439188659;0,999290634700055;0,998198692592007;0,995628001978565;0,987439256820254;0,963801205052818;0,953982935018328;0,937152590274854;0,909169953440774;0,841707818235724;0,751232006156144;NA;NA
2022-07-17;"60+";9;9,1;9;9;9;9;9;9;10;10;11;12;360;360,6;360;360;360;360;363,4;363;364;370,6;370;395,4;0,989741115893051;0,999328351536371;0,998273775000655;0,996046641208794;0,98982257834913;0,97197129601765;0,964033657388131;0,95271328467407;0,930947249974315;0,881594933593105;0,81381813577525;NA;NA
2022-07-17;"alle";12;12,1;12;12;12;12;13;13;13;13;14;15;493;493,8;493;493;493;494;498,2;497;499;508,2;507;538,2;NA;NA;NA;NA;NA;NA;NA;NA;NA;NA;NA;NA;NA
2022-07-16;"0-60";16;16,1;16;16;16;16;16;16;17;17;18;19;131;131,2;131;131;131;131;132,8;132;132;134,8;135;144,8;0,99413338026713;0,999761696508571;0,999342266445772;0,998124694489872;0,994187354644235;0,981315275968943;0,97530821950325;0,965510723305679;0,948940562399087;0,903841120981118;0,848683606214632;NA;NA
2022-07-16;"60+";53;53,3;53;53;53;53;54;54;55;56;57;61;356;356,5;356;356;356;356;359,5;358;359;365,5;365;387,5;0,994851911827912;0,999763321047406;0,99931829615079;0,998244352402501;0,994910330972384;0,984998396121292;0,980374707385371;0,973474187400263;0,960680760204327;0,92709589251425;0,884147584793824;NA;NA
2022-07-16;"alle";69;69,4;69;69;69;69;70;71;72;73;75;78;487;487,7;487;487;487;488;492,3;491;492;500,3;499;526,3;NA;NA;NA;NA;NA;NA;NA;NA;NA;NA;NA;NA;NA
2022-07-15;"0-60";24;24,1;24;24;24;24;24;24;25;25;26;28;128;128,1;128;128;128;128;128,3;128;129;129,9;130;135,9;0,996510716037777;0,999912611148947;0,999710495497912;0,999053697662335;0,996608237313173;0,987630603108845;0,982755744298226;0,975677750376293;0,960879374119471;0,924823362810937;0,871005829715059;24;128
2022-07-15;"60+";69;69,2;69;69;69;69;70;70;71;72;74;78;341;341,2;341;341;341;341;342,8;342;343;346,8;346;358,8;0,996721089299841;0,999905724763346;0,999674249885036;0,999041747723317;0,996803239244902;0,989125910331957;0,985378697978913;0,97980412749605;0,968552756831936;0,940103058528776;0,893709962389668;69;341
2022-07-15;"alle";93;93,3;93;93;93;93;94;95;96;97;100;104;469;469,3;469;469;469;469;470,7;471;472;476,7;476;490,7;NA;NA;NA;NA;NA;NA;NA;NA;NA;NA;NA;93;470
