"";"date";"age60";"reported";"nowcast_est";"nowcast_0.025";"nowcast_0.1";"nowcast_0.25";"nowcast_0.5";"nowcast_0.75";"nowcast_0.8";"nowcast_0.85";"nowcast_0.9";"nowcast_0.95";"nowcast_0.975";"reported7";"nowcast7_est";"nowcast7_0.025";"nowcast7_0.1";"nowcast7_0.25";"nowcast7_0.5";"nowcast7_0.75";"nowcast7_0.8";"nowcast7_0.85";"nowcast7_0.9";"nowcast7_0.95";"nowcast7_0.975";"F_est";"F_0.025";"F_0.1";"F_0.25";"F_0.5";"F_0.75";"F_0.8";"F_0.85";"F_0.9";"F_0.95";"F_0.975"
"1";"2021-11-26";"0-60";4;28,3;16;20;24;29;34;36;37,1;40;44;46;50;118,8;96;104;111;120;130;133;136;140;147;153;0,141117108765061;0,198653726177351;0,17826574952873;0,159198380023409;0,139701065944915;0,121939430772596;0,117910277845753;0,112529979329916;0,106470801692653;0,0983353610989367;0,091586159044053
"2";"2021-11-26";"60+";6;39,8;25;30;34;40;47;49;51;54;59;63;104;221,4;189;200;211;224;238;242;247;253;263;272;0,150630708521629;0,207265204255626;0,185578435633688;0,167648966161445;0,149049598840124;0,131102444370722;0,126984785555726;0,12220626211817;0,116153125639464;0,107987335292984;0,100664649975726
"3";"2021-11-26";"alle";10;68,2;45;52;60;69;80;83;86;91;99;106;154;340,3;292;309;324;344;366;372;379;388;402;417;NA;NA;NA;NA;NA;NA;NA;NA;NA;NA;NA
"4";"2021-11-25";"0-60";7;24,2;15;18;21;24;28;29;31;32;35;37;70;126,4;109;114;120;127;135;137;139;142;147;151;0,289022027020804;0,370720094454732;0,341404995755992;0,31568317331423;0,287189252386025;0,260440041512527;0,25373428204599;0,245793767176026;0,236073737401586;0,222426262228966;0,209448296748726
"5";"2021-11-25";"60+";15;48,2;34;39;43;49;55;56;58;61;65;69;126;220,8;195;204;212;223;234;237;241;246;253;260;0,311153629898896;0,390257375098703;0,361259207504213;0,336022787031092;0,309248715353467;0,282397790973871;0,275323319180514;0,267802942057574;0,258448448635105;0,244599859116738;0,232575633271765
"6";"2021-11-25";"alle";22;72,4;53;59;65;73;81;84;87;90;96;102;196;347,2;311;323;335;350;367;371;376;383;394;403;NA;NA;NA;NA;NA;NA;NA;NA;NA;NA;NA
"7";"2021-11-24";"0-60";12;22,7;16;18;20;23;25;26;27;28;30;31;78;122,8;108;113;118;124;130;131;133;136;139;143;0,529077045927256;0,601899364309511;0,576778612520832;0,554082989262712;0,528044472208345;0,499675822166194;0,49227756696402;0,484047409188635;0,473745540446344;0,459495531875104;0,445292608575954
"8";"2021-11-24";"60+";22;39,4;31;34;36;39;43;44;45;46;48;51;129;196,1;177;183;190;198;206;208;210;214;219;223;0,558868328257042;0,625869966130322;0,602422135328214;0,581342236760011;0,556810160422232;0,530981337326185;0,52478784192167;0,517086150282192;0,50748193766187;0,49290717085608;0,47974197057304
"9";"2021-11-24";"alle";34;62;51;54;58;62;67;68;70;72;75;78;207;318,9;292;301;310;321;333;336;340;345;352;359;NA;NA;NA;NA;NA;NA;NA;NA;NA;NA;NA
"10";"2021-11-23";"0-60";15;22,9;18;19;21;23;25;26;26;27;29;30;89;128,2;115;119;124;129;134;136;138;140;143;146;0,65494264500188;0,71695894459426;0,69656409807978;0,676590625229469;0,653451891846432;0,628193373331646;0,62178476301527;0,615049358813036;0,605919399810742;0,591466445477196;0,57879534782818
"11";"2021-11-23";"60+";26;37,9;31;33;35;38;41;41;42;43;45;47;131;185;169;174;180;186;193;195;198;200;205;209;0,685835399708591;0,742021197074005;0,722922473575191;0,70471978903597;0,683459143562454;0,660717598344876;0,655129755678849;0,648478982661056;0,639487392090894;0,62653749399617;0,614593127149954
"12";"2021-11-23";"alle";41;60,8;52;55;57;61;65;66;67;68;71;73;220;313,2;290;298;306;315;325;328;332;335;342;347;NA;NA;NA;NA;NA;NA;NA;NA;NA;NA;NA
"13";"2021-11-22";"0-60";5;8,7;6;6;7;9;10;11;11;12;13;14;92;126,2;114;118;122;127;132;133;135;137;140;143;0,572805435398865;0,65910116793748;0,629214918070366;0,601889570665456;0,56963920404201;0,536770956263909;0,527804000476999;0,517437781689238;0,502440023625049;0,483616333198441;0,466337789772613
"14";"2021-11-22";"60+";7;11,4;8;9;10;11;13;13;14;15;16;17;136;182,2;168;173;177;183;190;192;194;196;200;204;0,614042602420972;0,690980396393338;0,664164484998566;0,639877075914684;0,609957670717224;0,577880856839535;0,570279898634548;0,560822253954259;0,5482395896318;0,528241608028828;0,511350988309588
"15";"2021-11-22";"alle";12;20,1;15;16;18;20;22;23;24;25;26;28;228;308,4;288;295;302;311;320;322;325;328;334;339;NA;NA;NA;NA;NA;NA;NA;NA;NA;NA;NA
"16";"2021-11-21";"0-60";1;1,9;1;1;1;2;2;3;3;3;4;4;90;121,2;110;114;117;122;127;128;129;131;134;137;0,515547098154789;0,597452273880294;0,569887845760526;0,542462742780653;0,511811470885902;0,480114247498649;0,471975283280534;0,462464012619213;0,450958301705981;0,433217975240124;0,417130124187196
"17";"2021-11-21";"60+";6;10,6;7;8;9;11;12;13;13;14;15;16;141;185,2;171;176;181;186;193;194;196;199;203;206;0,564589682035467;0,640474814540638;0,612975855304667;0,588404147094685;0,559198041730885;0,527991593392429;0,520648042796413;0,511390535698896;0,500013954840381;0,481839766315348;0,465689377776405
"18";"2021-11-21";"alle";7;12,6;8;10;11;13;14;15;15;16;18;19;231;306,5;287;294;300,8;308;317;319;322;326;331;336;NA;NA;NA;NA;NA;NA;NA;NA;NA;NA;NA
"19";"2021-11-20";"0-60";6;10;7;8;9;10;11;12;12;13;14;15;95;127,2;116;119;123;128;133;134;136;137;141;143;0,598045349097049;0,662571502339326;0,639991778082876;0,6181441249125;0,593178441109296;0,568589528152708;0,562461824333161;0,554657890557763;0,544917271997552;0,529782654805744;0,517229252169357
"20";"2021-11-20";"60+";22;34,1;28;30;32;34;37;38;39;40;42;43;148;191;177;182;187;192;198;200;202;204;208;212;0,64592335001096;0,702100597468634;0,682834899238578;0,663363135940208;0,640328267617141;0,615335865874105;0,609173785077329;0,601639284789707;0,591626531503933;0,577329082529417;0,562576620578973
"21";"2021-11-20";"alle";28;44,1;36;39;41;44;48;49;50;51;53;55;243;318,2;298;306;312;320;329;331;334;337;342;348;NA;NA;NA;NA;NA;NA;NA;NA;NA;NA;NA
"22";"2021-11-19";"0-60";24;35,9;29;31;34;36;39;39;40;41;43;44;111;144,6;133;137;141;145;150;152;153;155;158;161;0,669424526810429;0,724372855483232;0,704668792148291;0,686495014939553;0,665914309403127;0,643467212228985;0,637728907424796;0,631351781731997;0,62318984319679;0,610553497802126;0,598353594128108
"23";"2021-11-19";"60+";28;39,2;33;35;37;39;42;43;44;45;46;48;146;181;169;173;177;182;187;189;190;192;196;199;0,71357259782707;0,760947787562255;0,743808456245117;0,727479654118694;0,708452379756959;0,687740903898626;0,682544487282068;0,675847423057611;0,66714194150841;0,653729979609974;0,641798398376098
"24";"2021-11-19";"alle";52;75,1;65;69;72;76;80;81;82;83;86;88;257;325,6;307;314;320;328;335;338;340;343;348;353;NA;NA;NA;NA;NA;NA;NA;NA;NA;NA;NA
"25";"2021-11-18";"0-60";15;20,7;16;18;19;21;22;23;24;24;25;27;104;128,9;119;122;125;129;134;135;136;138;140;142;0,724789229651149;0,775530124334892;0,757799230606316;0,741153176586792;0,722406606197638;0,701522216693381;0,69639427560182;0,689800957092432;0,682054717560401;0,669504652725015;0,657679789358415
"26";"2021-11-18";"60+";18;23,5;19;21;22;23;25;26;26;27;28;29;153;182,2;171;175;179;183;188;189;191;193;196;198;0,765716696534764;0,808947885461663;0,793491039389032;0,778998053064111;0,762005658138188;0,74348249841564;0,738651467722866;0,732504296932731;0,725263656559735;0,714148871689746;0,704084373942252
"27";"2021-11-18";"alle";33;44,2;38;40;42;44;47;48;48;49;51;52;257;311,1;295;301;307;313;320;321;324;326;331;334;NA;NA;NA;NA;NA;NA;NA;NA;NA;NA;NA
"28";"2021-11-17";"0-60";23;28;24;25;26;28;30;30;31;31;32;33;98;118,5;110;113;115;119;123;123;125;126;128;130;0,820322322724006;0,855831824039312;0,843613165806811;0,832175322693332;0,818615306084962;0,803964263735305;0,799898804118287;0,795390849679658;0,789749694040486;0,780432451378804;0,772015486048712
"29";"2021-11-17";"60+";24;28,2;25;26;27;28;30;30;31;31;32;33;149;174,4;164;168;171;175;180;181;182;184;187;190;0,849591471451676;0,87967398060274;0,868844606965429;0,859159863289317;0,847486147280506;0,834173594495023;0,830981655658002;0,82719203738759;0,821813463329999;0,813972893980241;0,80683239906775
"30";"2021-11-17";"alle";47;56,3;51;52;54;56;59;59;60;61;62;64;247;292,8;279;284;289;294;301;302;304;307;310;314;NA;NA;NA;NA;NA;NA;NA;NA;NA;NA;NA
"31";"2021-11-16";"0-60";18;20,9;18;19;20;21;22;23;23;23;24;25;95;112;104;107;109;112;116;117;118;119;121;123;0,859292739840623;0,889003555821019;0,878693983773488;0,869307725694766;0,857715958328718;0,844884139129122;0,841561026861883;0,837537798562604;0,832324418072635;0,824939814526272;0,817710727242704
"32";"2021-11-16";"60+";31;35,1;32;33;34;35;37;37;38;38;39;40;153;176;166;170;173;177;181;182;184;185;188;191;0,882467899177849;0,907694212153067;0,898902024729522;0,890553921571062;0,88022707505899;0,868567115798807;0,865613853264269;0,862376689913957;0,85778391315481;0,850705023084102;0,843391631090023
"33";"2021-11-16";"alle";49;56,1;51;53;54;56;58;59;59;60;62;63;248;288,1;275;280;284;290;295;297;299;301;304;308;NA;NA;NA;NA;NA;NA;NA;NA;NA;NA;NA
"34";"2021-11-15";"0-60";3;3,7;3;3;3;4;4;4;5;5;5;6;89;103,8;96;99;101;104;107;108;109;110;112;114;0,802147542060041;0,849456090837139;0,832964792578509;0,817525338135009;0,798874664106554;0,778391368387988;0,77317268214153;0,766667714587778;0,758062203246514;0,744221645197416;0,732742383363221
"35";"2021-11-15";"60+";12;14,4;12;13;13;14;16;16;16;17;18;18;146;166,1;157;160;163;167;171;172;173;175;177;180;0,832219741416786;0,872813467231165;0,858526961781907;0,844333554184994;0,827825009792608;0,80905075252548;0,803921407513237;0,797694314454896;0,789832249552267;0,776290544260052;0,764434979548888
"36";"2021-11-15";"alle";15;18,2;15;16;17;18;20;20;20;21;22;23;235;269,9;258;262;266;271;277;278;280;282;285;288;NA;NA;NA;NA;NA;NA;NA;NA;NA;NA;NA
"37";"2021-11-14";"0-60";6;7,9;6;6;7;8;9;9;10;10;11;11;88;102,2;95;97;100;103;105;106;107;108;110;112;0,757864106616179;0,80932344535866;0,790687777379084;0,774050541039642;0,753585456372169;0,731061888713073;0,725459769066001;0,718797403433881;0,710008077833559;0,697157637150238;0,684341965215202
"38";"2021-11-14";"60+";13;16,4;13;14;15;16;18;18;19;19;20;21;137;154,9;147;150;152;156;159;160;162;163;166;168;0,792206755042429;0,837772105181417;0,820557056565296;0,80520434598057;0,786262527569859;0,765136493071298;0,759372794387045;0,752159716030257;0,742214254375616;0,726506568675297;0,711778236919148
"39";"2021-11-14";"alle";19;24,3;20;22;23;24;26;27;27;28;29;30;225;257,1;246;250;254;258;263;265;266;269;272;274;NA;NA;NA;NA;NA;NA;NA;NA;NA;NA;NA
"40";"2021-11-13";"0-60";22;27,4;23;25;26;27;29;30;30;31;32;33;91;104,1;97;100;102;104;107;108;109;110;112;113;0,803020368432908;0,840804011666612;0,827716287344889;0,814708019046867;0,79895830621178;0,781873097616865;0,77747163397884;0,772105957794103;0,765544234791855;0,754241401564082;0,744294532838134
"41";"2021-11-13";"60+";20;24,1;21;22;23;24;26;26;27;27;28;29;143;159,2;151;154;157;160;163;164;165;167;169;172;0,831299104033432;0,865922101314301;0,852982047723263;0,841057570624022;0,825874289663237;0,8088335973572;0,804343642281705;0,798655630679953;0,791488803660581;0,778696652159782;0,765151854369879
"42";"2021-11-13";"alle";42;51,5;46;48;50;52;54;55;56;57;58;59;234;263,3;252;256;260;264;269;271;272;274;277;280;NA;NA;NA;NA;NA;NA;NA;NA;NA;NA;NA
"43";"2021-11-12";"0-60";17;20,2;17;18;19;20;21;22;22;23;24;24;85;93,7;88;90;92;94;96;97;97;98;100;101;0,843448960001189;0,874310089595563;0,863459862865103;0,852729505403811;0,839982797355223;0,826000869781401;0,822201946815897;0,817624849333155;0,812086117474314;0,802938687909754;0,794935481633047
"44";"2021-11-12";"60+";35;40,4;36;38;39;41;42;43;44;44;45;47;142;155,4;149;151;153;156;159;160;161;162;165;167;0,865527662023961;0,89347362280723;0,883418759458473;0,873209875277679;0,86082594468626;0,846773549374713;0,842854478039955;0,838062667222112;0,831810150179555;0,820451546735873;0,810069718121186
"45";"2021-11-12";"alle";52;60,6;55;57;59;61;63;64;64;65;67;68;227;249,1;240;243;246;250;254;255;257;258;261;264;NA;NA;NA;NA;NA;NA;NA;NA;NA;NA;NA
"46";"2021-11-11";"0-60";9;10,3;9;9;9;10;11;11;12;12;12;13;92;98,6;94;96;97;99;101;101;102;103;104;105;0,875869945508175;0,902326248159325;0,893139754944408;0,884710689293869;0,873288174365534;0,861736759027434;0,858485671657612;0,854717836083588;0,850011209029599;0,842629841288801;0,835414403763618
"47";"2021-11-11";"60+";14;15,7;14;14;15;16;17;17;17;18;18;19;137;146,3;141;143;144;147;149;150;151;152;154;156;0,893774036613813;0,917534671233824;0,909046614916748;0,900652967694625;0,890446572101388;0,878875894925895;0,875695105541999;0,871943998154689;0,867363423189862;0,859246331427072;0,851548681800991
"48";"2021-11-11";"alle";23;25,9;23;24;25;26;27;28;28;28;29;30;229;244,9;237;240;243;246;249;250;251;253;255;258;NA;NA;NA;NA;NA;NA;NA;NA;NA;NA;NA
"49";"2021-11-10";"0-60";20;21,6;20;20;21;21;22;23;23;23;24;25;110;116,1;112;113;115;116;118;119;119;120;122;123;0,925388527337273;0,942378028810596;0,936818677839861;0,930990817332371;0,923984720690842;0,91630248540939;0,914231669261331;0,911750364857196;0,908626870713248;0,903561966197058;0,899013102240732
"50";"2021-11-10";"60+";28;29,9;28;28;29;30;31;31;31;32;33;33;147;155,5;150;152;154;156;158;159;160;161;163;165;0,935653685859659;0,951249363374342;0,945963960685729;0,940414857391194;0,933649597170252;0,926304762038125;0,924265323751849;0,921913360458214;0,918571694237748;0,913358595011642;0,908608494846961
"51";"2021-11-10";"alle";48;51,5;48;49;50;51;53;53;54;54;55;56;257;271,6;264;267;269;272;276;277;278;279;282;284;NA;NA;NA;NA;NA;NA;NA;NA;NA;NA;NA
"52";"2021-11-09";"0-60";12;12,7;12;12;12;13;13;13;14;14;14;15;110;114,8;111;112;113;115;117;117;118;119;120;121;0,945955686656894;0,959047672763677;0,954790333553095;0,950370209514031;0,944727053252052;0,938468867185055;0,936815876872781;0,934688071617638;0,932180757691136;0,927934299931805;0,923376976177722
"53";"2021-11-09";"60+";24;25,2;24;24;24;25;26;26;26;27;27;28;152;159,2;154;156;157;160;162;163;164;165;167;168;0,951913212702726;0,964629819185048;0,960336069068041;0,955839193967335;0,950162822196903;0,943671759158428;0,94196701269566;0,939841663298468;0,936894290204662;0,932117316703218;0,927629903305621
"54";"2021-11-09";"alle";36;37,9;36;36;37;38;39;39;39;40;41;41;262;274;268;270;272;275;278;279;280;281;284;286;NA;NA;NA;NA;NA;NA;NA;NA;NA;NA;NA
"55";"2021-11-08";"0-60";2;2,2;2;2;2;2;2;2;3;3;3;3;100;104,2;101;102;103;104;106;106;107;108;109;110;0,928026809363397;0,947564197948624;0,941030096253036;0,93406011629415;0,925366652275851;0,915674989808245;0,912882973658687;0,909609555192418;0,905043727760784;0,897600958423411;0,891494298210061
"56";"2021-11-08";"60+";3;3,2;3;3;3;3;3;4;4;4;4;5;137;143,1;139;140;141;143;146;146;147;148;150;152;0,932481714981134;0,95258984004622;0,945838868595842;0,938383458628228;0,929008659384148;0,917856089768874;0,914575948283615;0,910851261335394;0,905429985394624;0,895542883723565;0,885083955542878
"57";"2021-11-08";"alle";5;5,4;5;5;5;5;6;6;6;6;7;7;237;247,2;241;243;245;248;251;252;253;254;257;259;NA;NA;NA;NA;NA;NA;NA;NA;NA;NA;NA
"58";"2021-11-07";"0-60";9;9,8;9;9;9;10;10;11;11;11;12;12;101;105;102;103;104;105;107;107;108;109;110;111;0,917868500143688;0,939943691044532;0,931840962960332;0,924105180465263;0,914472651952891;0,903054951309913;0,899867896153187;0,895826086981752;0,890648511712428;0,881653349591463;0,872808407326509
"59";"2021-11-07";"60+";19;20,7;19;19;20;21;22;22;22;23;24;24;147;153,1;149;150;152;154;156;156;157;158;160;162;0,918944419699806;0,943044408359577;0,934950147570932;0,925772342282309;0,914456554219397;0,90041712060542;0,896165104093297;0,890936021963001;0,882968840816942;0,86848216420776;0,851116121066059
"60";"2021-11-07";"alle";28;30,5;28;29;29;31;32;32;33;33;34;35;248;258,2;252;254;256;259;262;263;264;265;268;270;NA;NA;NA;NA;NA;NA;NA;NA;NA;NA;NA
"61";"2021-11-06";"0-60";16;17;16;16;16;17;18;18;18;19;19;20;101;104,4;101;102;103;104;106;106;107;108;109;110;0,940835015276948;0,956776082486287;0,950997270855076;0,945207927446605;0,937992478258352;0,929205114842943;0,92661853092123;0,923643128171644;0,919408636634346;0,912526914472946;0,905386842450001
"62";"2021-11-06";"60+";19;20,2;19;19;19;20;21;21;22;22;23;23;131;135,6;132;133;134;136;138;138;139;140;142;143;0,939161527742092;0,95778984269176;0,951465821534468;0,944373424298356;0,93542327028874;0,924002340383536;0,920498156939662;0,916204570960448;0,909610463275757;0,897948127242783;0,883844175229597
"63";"2021-11-06";"alle";35;37,2;35;36;36;37;38;39;39;40;41;41;232;239,9;235;237;238;240;243;244;245;246;248;250;NA;NA;NA;NA;NA;NA;NA;NA;NA;NA;NA
"64";"2021-11-05";"0-60";24;25;24;24;24;25;26;26;26;27;27;28;96;98,5;96;97;97;99;100;100;101;101;102;103;0,958429032587331;0,970302425065935;0,966024840005442;0,96177652406658;0,955971665114147;0,949377567320965;0,947212686781353;0,944680887237333;0,941468275348267;0,935649472456703;0,928596561639958
"65";"2021-11-05";"60+";30;31,4;30;30;31;31;32;33;33;33;34;35;134;137,8;134;135;137;138;140;140;141;142;143;145;0,954911457081487;0,969636972201286;0,964704259458813;0,959243423062252;0,951760076807956;0,942289494271159;0,93939080232289;0,935501499778207;0,929938677074677;0,91928543112542;0,907410751063454
"66";"2021-11-05";"alle";54;56,5;54;55;55;57;58;58;59;59;60;61;230;236,3;232;233;235;237;239;240;241;242;244;246;NA;NA;NA;NA;NA;NA;NA;NA;NA;NA;NA
"67";"2021-11-04";"0-60";27;27,8;27;27;27;28;28;29;29;29;30;30;88;89,6;88;88;89;90;91;91;91;92;93;93;0,970874086787641;0,980231709044562;0,97713603929787;0,973791590466262;0,9693810488276;0,964144647855796;0,962599503126269;0,960731085065442;0,958013474971317;0,954016660849513;0,9497254423291
"68";"2021-11-04";"60+";24;24,8;24;24;24;25;25;26;26;26;27;27;124;126,7;124;125;126;127;128;129;129;130;131;133;0,96754619729627;0,979333309752008;0,97537369875116;0,971240066346061;0,96546418781029;0,958245684492636;0,956224173726681;0,953639853248562;0,949836933221643;0,943097768860498;0,935419912961096
"69";"2021-11-04";"alle";51;52,6;51;51;52;53;54;54;54;55;55;56;212;216,2;213;214;215;217;219;219;220;221;222;224;NA;NA;NA;NA;NA;NA;NA;NA;NA;NA;NA
"70";"2021-11-03";"0-60";20;20,3;20;20;20;20;21;21;21;21;21;22;76;76,8;76;76;76;77;78;78;78;78;79;80;0,98442548637013;0,990006846762604;0,988237863086267;0,986222765932083;0,983621975817663;0,980469890120087;0,979589926402901;0,978451263351938;0,976887028059393;0,974471249625697;0,971999613627397
"71";"2021-11-03";"60+";33;33,6;33;33;33;33;34;34;35;35;35;36;129;131,2;129;129;130;131;133;133;134;134;136;137;0,98160699509525;0,989055451435778;0,986633409866804;0,984065841991792;0,980610736220529;0,976135938328926;0,974921931037005;0,973229713459971;0,97105612207557;0,967113922363156;0,963002867880958
"72";"2021-11-03";"alle";53;53,9;53;53;53;54;55;55;55;55;56;57;205;208;205;206;207;208;210;211;211;212;214;215;NA;NA;NA;NA;NA;NA;NA;NA;NA;NA;NA
"73";"2021-11-02";"0-60";2;2;2;2;2;2;2;2;2;2;2;3;75;75,6;75;75;75;75;76;76;77;77;78;78;0,989546596042899;0,99362774047872;0,992283594201016;0,990820811128957;0,98885894316377;0,986379161075775;0,985612273622316;0,98467514553873;0,983309593378714;0,981190422652579;0,978778937971079
"74";"2021-11-02";"60+";9;9,1;9;9;9;9;9;9;9;10;10;10;111;112,6;111;111;112;113;114;114;115;116;117;118;0,986212382315597;0,992245173361749;0,990427489469685;0,988299628515344;0,985316439534426;0,981458058848583;0,980363654103913;0,978806937427513;0,976693225985163;0,972786828215807;0,968785745083865
"75";"2021-11-02";"alle";11;11,1;11;11;11;11;11;11;12;12;12;12;186;188,2;186;186;187;188;190;190;191;192;193;195;NA;NA;NA;NA;NA;NA;NA;NA;NA;NA;NA
"76";"2021-11-01";"0-60";3;3;3;3;3;3;3;3;3;3;3;4;88;88,6;88;88;88;88;89;89;90;90;91;91;0,986452820484468;0,99225839414523;0,990295928083703;0,988241275741077;0,985235631145112;0,981082546857829;0,979891268589549;0,978234262857995;0,975965677612348;0,970877495937863;0,964378108979642
"77";"2021-11-01";"60+";13;13,3;13;13;13;13;14;14;14;14;15;15;120;121,6;120;120;121;122;123;123;124;125;126;127;0,979278677996312;0,989496973659289;0,98636467844714;0,983004892220507;0,977824042032079;0,97022979369211;0,967955583117079;0,964639887195962;0,959755418132366;0,950520219423297;0,939849200639702
"78";"2021-11-01";"alle";16;16,3;16;16;16;16;17;17;17;17;18;18;208;210,2;208;208;209;210;212;212;213;214;215;217;NA;NA;NA;NA;NA;NA;NA;NA;NA;NA;NA
"79";"2021-10-31";"0-60";9;9,1;9;9;9;9;9;9;10;10;10;10;95;95,6;95;95;95;95;96;96;97;97;98;99;0,98480699139815;0,991709409736132;0,989468018578403;0,987014790226847;0,983379757613428;0,977902195908737;0,976205638772598;0,973745100780439;0,969716961084351;0,961309140612763;0,949159186087859
"80";"2021-10-31";"60+";3;3,1;3;3;3;3;3;3;3;3;4;4;115;116,4;115;115;116;116;118;118;118;119;120;122;0,973715027303522;0,987203686425273;0,98367398178801;0,979069127977123;0,971922961749;0,960899502673873;0,957522804934837;0,952181289907147;0,944343019144646;0,928941605654554;0,910912379196077
"81";"2021-10-31";"alle";12;12,2;12;12;12;12;12;13;13;13;13;14;210;212;210;210;211;212;214;214;215;215;217;219;NA;NA;NA;NA;NA;NA;NA;NA;NA;NA;NA
"82";"2021-10-30";"0-60";11;11,1;11;11;11;11;11;11;11;12;12;12;91;91,5;91;91;91;91;92;92;92;93;93;94;0,989377530211357;0,994497484716728;0,992956625320618;0,991178036706421;0,98838067259075;0,98397471313928;0,982570629186995;0,980607045244937;0,977402365494069;0,970006191759877;0,959170880413861
"83";"2021-10-30";"60+";22;22,4;22;22;22;22;23;23;23;24;24;25;122;123,5;122;122;123;123;125;125;126;126;128;129;0,980031664671612;0,990849173842803;0,988009545517003;0,984460833234658;0,978588356618632;0,969752798943453;0,966649178661367;0,962645554844946;0,955719224854026;0,94303174578678;0,927263138610221
"84";"2021-10-30";"alle";33;33,6;33;33;33;33;34;34;35;35;36;36;213;214,9;213;213;214;215;217;217;218;219;220;222;NA;NA;NA;NA;NA;NA;NA;NA;NA;NA;NA
"85";"2021-10-29";"0-60";16;16,1;16;16;16;16;16;16;16;17;17;17;104;104,4;104;104;104;104;105;105;105;106;106;107;0,992563557909195;0,996416451638259;0,995329253312022;0,994034466138599;0,991907873309454;0,988322350530382;0,987116539553624;0,985550945706782;0,98254235715422;0,975770213892205;0,967352961416463
"86";"2021-10-29";"60+";20;20,3;20;20;20;20;21;21;21;21;22;22;115;116,2;115;115;115;116;117;118;118;119;120;121;0,984723784131465;0,993461625077432;0,991208173336982;0,988475868911177;0,983683613921002;0,976186573516004;0,973352743746171;0,96986102287393;0,963985091613997;0,952702415311542;0,940291547306966
"87";"2021-10-29";"alle";36;36,4;36;36;36;36;37;37;37;38;38;39;219;220,6;219;219;220;221;222;222;223;224;225;227;NA;NA;NA;NA;NA;NA;NA;NA;NA;NA;NA
"88";"2021-10-28";"0-60";15;15,1;15;15;15;15;15;15;15;15;16;16;99;99,3;99;99;99;99;100;100;100;100;101;102;0,994906532906615;0,997710823853987;0,99697201911946;0,996029185117663;0,994569953236709;0,992090266962867;0,991282496491504;0,990118473955371;0,988450199317298;0,984362810582839;0,979218046771132
"89";"2021-10-28";"60+";29;29,3;29;29;29;29;30;30;30;30;31;31;114;115;114;114;114;115;116;116;117;117;119;120;0,989436757095993;0,995557191264309;0,9939983520093;0,991999285655168;0,988795547576647;0,983892710530979;0,982164245990458;0,980051344822354;0,976595561114682;0,970049781951998;0,962067435181284
"90";"2021-10-28";"alle";44;44,4;44;44;44;44;45;45;45;46;46;47;213;214,3;213;213;213;214;216;216;217;217;219;220;NA;NA;NA;NA;NA;NA;NA;NA;NA;NA;NA
"91";"2021-10-27";"0-60";19;19,1;19;19;19;19;19;19;19;19;20;20;98;98,2;98;98;98;98;99;99;99;99;100;101;0,997189780182662;0,998880939321446;0,998450556025136;0,997918995139242;0,997058618902898;0,995564755638294;0,995077664288715;0,994475660201103;0,993465090040511;0,991351864643518;0,988879324262286
"92";"2021-10-27";"60+";15;15,1;15;15;15;15;15;15;15;16;16;16;101;101,7;101;101;101;102;103;103;103;104;105;106;0,993855920655389;0,997554273914651;0,996640815323295;0,995501764545339;0,993599116122119;0,9908011015675;0,98987210964075;0,988606076788137;0,986670028336116;0,983600169179797;0,97936420399107
"93";"2021-10-27";"alle";34;34,1;34;34;34;34;34;34;35;35;35;35;199;200;199;199;199;200;201;201;202;203;204;205;NA;NA;NA;NA;NA;NA;NA;NA;NA;NA;NA
"94";"2021-10-26";"0-60";15;15;15;15;15;15;15;15;15;15;15;16;100;100,2;100;100;100;100;101;101;101;101;102;103;0,997905292010911;0,999295990433188;0,998993020609241;0,99857407135638;0,997815232894027;0,996435508721176;0,995986333824269;0,995334796875733;0,994262584800361;0,992153059376383;0,989578765519963
"95";"2021-10-26";"60+";18;18,1;18;18;18;18;18;18;18;19;19;19;113;113,7;113;113;113;114;114;115;115;116;117;118;0,994774016144622;0,998165880820968;0,997406746363889;0,996394470686819;0,994611486750318;0,991866779407527;0,990902263194904;0,989664474089107;0,987622363450852;0,984263130085745;0,980120252631488
"96";"2021-10-26";"alle";33;33,1;33;33;33;33;33;33;33;34;34;34;213;213,9;213;213;213;214;215;215;216;216;218;219;NA;NA;NA;NA;NA;NA;NA;NA;NA;NA;NA
"97";"2021-10-25";"0-60";10;10;10;10;10;10;10;10;10;10;11;11;104;104,2;104;104;104;104;104;105;105;105;106;106;0,996856963531711;0,999185650579006;0,998740654739027;0,9980643347789;0,996702577100036;0,993961806048895;0,992978442037251;0,99153496042318;0,989042440355166;0,983820467402155;0,976595571626278
"98";"2021-10-25";"60+";8;8,1;8;8;8;8;8;8;8;8;9;9;111;111,6;111;111;111;111;112;113;113;113;115;116;0,990776387291671;0,997380185855793;0,996028581228749;0,994143262329363;0,990606734865047;0,984287066204828;0,982088131998385;0,979202440066956;0,974542289872316;0,965821963895048;0,955134784343358
"99";"2021-10-25";"alle";18;18,1;18;18;18;18;18;18;18;19;19;19;215;215,8;215;215;215;216;217;217;218;218;219;221;NA;NA;NA;NA;NA;NA;NA;NA;NA;NA;NA
"100";"2021-10-24";"0-60";5;5;5;5;5;5;5;5;5;5;5;6;98;98,1;98;98;98;98;98;99;99;99;100;100;0,996134437226435;0,999207811433234;0,998701418982714;0,997833112469578;0,995980344077873;0,991898921930077;0,990254410006909;0,9880364111484;0,984178934802859;0,975517167749077;0,963303982416793
"101";"2021-10-24";"60+";10;10,1;10;10;10;10;10;10;11;11;11;12;104;104,5;104;104;104;104;105;105;106;106;107;108;0,987322050532814;0,996978090937539;0,995142035873757;0,99246159692954;0,98699972936978;0,977425338309465;0,973974409720483;0,969278120583018;0,96165492299076;0,947238609307055;0,929128819311721
"102";"2021-10-24";"alle";15;15,1;15;15;15;15;15;15;16;16;16;17;202;202,7;202;202;202;203;204;204;204;205;206;207;NA;NA;NA;NA;NA;NA;NA;NA;NA;NA;NA
"103";"2021-10-23";"0-60";24;24,1;24;24;24;24;24;24;24;25;25;25;96;96,1;96;96;96;96;96;96;97;97;97;98;0,997284007831709;0,999544378903306;0,999195579684831;0,998579006475106;0,997168763756917;0,993956128019728;0,99267231906133;0,990861273945037;0,987861695411913;0,980619243632145;0,970095768042556
"104";"2021-10-23";"60+";15;15,1;15;15;15;15;15;15;16;16;16;17;96;96,4;96;96;96;96;97;97;97;98;99;100;0,990477589359937;0,997950069676936;0,996598234029723;0,994539610897204;0,99034159269352;0,98265818564017;0,979786452823191;0,975725084493448;0,969933876589796;0,957748866082404;0,943376634693314
"105";"2021-10-23";"alle";39;39,2;39;39;39;39;40;40;40;40;41;41;192;192,5;192;192;192;192;193;194;194;194;195;197;NA;NA;NA;NA;NA;NA;NA;NA;NA;NA;NA
"106";"2021-10-22";"0-60";11;11;11;11;11;11;11;11;11;11;11;12;79;79,1;79;79;79;79;79;79;79;80;80;80;0,998134944458582;0,999752662396749;0,999525941713122;0,999097763175585;0,998062251643706;0,9956163810547;0,994595068364606;0,993041359195586;0,990457043185916;0,984267121542608;0,976072288688575
"107";"2021-10-22";"60+";19;19,1;19;19;19;19;19;19;20;20;20;21;90;90,3;90;90;90;90;91;91;91;91;92;93;0,992931207391235;0,998698250537093;0,997732948143249;0,99615231770686;0,992859211543979;0,986410577658546;0,984046664282885;0,980670353127431;0,975755142220894;0,964967474541226;0,952420136375307
"108";"2021-10-22";"alle";30;30,2;30;30;30;30;30;31;31;31;31;32;169;169,3;169;169;169;169;170;170;170;171;171;172;NA;NA;NA;NA;NA;NA;NA;NA;NA;NA;NA
"109";"2021-10-21";"0-60";14;14;14;14;14;14;14;14;14;14;14;15;75;75;75;75;75;75;75;75;75;75;76;76;0,999003102627657;0,999879224530209;0,999756235166052;0,999521943565581;0,998963610468255;0,997636403241413;0,997135214793883;0,996321403337136;0,994950613266527;0,991707296224627;0,987204411190824
"110";"2021-10-21";"60+";16;16,1;16;16;16;16;16;16;16;16;17;17;82;82,1;82;82;82;82;82;82;83;83;83;84;0,996232324200734;0,999315559611812;0,998780491899453;0,997942018924804;0,996199356167863;0,992849297477709;0,991525858511658;0,989855122890215;0,987151250633;0,981324223789747;0,974380166166169
"111";"2021-10-21";"alle";30;30,1;30;30;30;30;30;30;30;31;31;31;157;157,2;157;157;157;157;157;158;158;158;158;159;NA;NA;NA;NA;NA;NA;NA;NA;NA;NA;NA
"112";"2021-10-20";"0-60";21;21;21;21;21;21;21;21;21;21;21;21;71;71;71;71;71;71;71;71;71;71;71;72;0,999582408728559;0,999954358754162;0,999905181185096;0,999803960049013;0,999569797872369;0,999022115359098;0,998797908726778;0,998481280900204;0,99796643442229;0,996742484342961;0,994966087965468
"113";"2021-10-20";"60+";27;27;27;27;27;27;27;27;27;27;28;28;76;76,1;76;76;76;76;76;76;76;76;77;77;0,998429275266604;0,99971778184029;0,999489478458895;0,999142242137832;0,998420756548448;0,997071899042101;0,996574701750788;0,995924108933643;0,994786086632251;0,992802198963343;0,990240553920256
"114";"2021-10-20";"alle";48;48,1;48;48;48;48;48;48;48;48;49;49;147;147,1;147;147;147;147;147;147;147;148;148;148;NA;NA;NA;NA;NA;NA;NA;NA;NA;NA;NA
"115";"2021-10-19";"0-60";19;19;19;19;19;19;19;19;19;19;19;19;65;65;65;65;65;65;65;65;65;65;65;65;0,999721132348768;0,999978128105755;0,999947456592211;0,999880403392334;0,999713513341423;0,999293469485898;0,999125724087763;0,998874471517316;0,998449835314439;0,997429519296095;0,995968100644122
"116";"2021-10-19";"60+";16;16;16;16;16;16;16;16;16;16;16;17;55;55;55;55;55;55;55;55;55;55;55;56;0,998857772547257;0,999830310749159;0,999674450636589;0,99941191357794;0,998860973902707;0,99777845217004;0,997385154954577;0,99682394673045;0,995931673307062;0,994155231625075;0,992018583182226
"117";"2021-10-19";"alle";35;35;35;35;35;35;35;35;35;35;35;36;120;120;120;120;120;120;120;120;120;120;120;121;NA;NA;NA;NA;NA;NA;NA;NA;NA;NA;NA
"118";"2021-10-18";"0-60";4;4;4;4;4;4;4;4;4;4;4;4;58;58;58;58;58;58;58;58;58;58;58;58;0,999621644367492;0,999981022381607;0,999946485953617;0,999857572804767;0,999615218999093;0,998904574698858;0,998606119630181;0,998112833879449;0,997269118727661;0,995167018923101;0,992000919195878
"119";"2021-10-18";"60+";1;1;1;1;1;1;1;1;1;1;1;1;43;43;43;43;43;43;43;43;43;43;43;43;0,998221641883368;0,999805783809049;0,999588320773058;0,999176854051229;0,998240620320894;0,996199464921077;0,995367853759296;0,994213642665956;0,992468225678401;0,988662554938486;0,983289797774591
"120";"2021-10-18";"alle";5;5;5;5;5;5;5;5;5;5;5;5;101;101;101;101;101;101;101;101;101;101;101;101;NA;NA;NA;NA;NA;NA;NA;NA;NA;NA;NA
"121";"2021-10-17";"0-60";3;3;3;3;3;3;3;3;3;3;3;3;57;57;57;57;57;57;57;57;57;57;57;57;1;1;1;1;1;1;1;1;1;1;1
"122";"2021-10-17";"60+";2;2;2;2;2;2;2;2;2;2;2;2;45;45;45;45;45;45;45;45;45;45;45;45;1;1;1;1;1;1;1;1;1;1;1
"123";"2021-10-17";"alle";5;5;5;5;5;5;5;5;5;5;5;5;102;102;102;102;102;102;102;102;102;102;102;102;1;1;1;1;1;1;1;1;1;1;1
"124";"2021-10-16";"0-60";7;7;7;7;7;7;7;7;7;7;7;7;66;66;66;66;66;66;66;66;66;66;66;66;1;1;1;1;1;1;1;1;1;1;1
"125";"2021-10-16";"60+";9;9;9;9;9;9;9;9;9;9;9;9;49;49;49;49;49;49;49;49;49;49;49;49;1;1;1;1;1;1;1;1;1;1;1
"126";"2021-10-16";"alle";16;16;16;16;16;16;16;16;16;16;16;16;115;115;115;115;115;115;115;115;115;115;115;115;1;1;1;1;1;1;1;1;1;1;1
"127";"2021-10-15";"0-60";7;7;7;7;7;7;7;7;7;7;7;7;66;66;66;66;66;66;66;66;66;66;66;66;1;1;1;1;1;1;1;1;1;1;1
"128";"2021-10-15";"60+";11;11;11;11;11;11;11;11;11;11;11;11;42;42;42;42;42;42;42;42;42;42;42;42;1;1;1;1;1;1;1;1;1;1;1
"129";"2021-10-15";"alle";18;18;18;18;18;18;18;18;18;18;18;18;108;108;108;108;108;108;108;108;108;108;108;108;1;1;1;1;1;1;1;1;1;1;1
"130";"2021-10-14";"0-60";10;10;10;10;10;10;10;10;10;10;10;10;70;70;70;70;70;70;70;70;70;70;70;70;1;1;1;1;1;1;1;1;1;1;1
"131";"2021-10-14";"60+";10;10;10;10;10;10;10;10;10;10;10;10;45;45;45;45;45;45;45;45;45;45;45;45;1;1;1;1;1;1;1;1;1;1;1
"132";"2021-10-14";"alle";20;20;20;20;20;20;20;20;20;20;20;20;115;115;115;115;115;115;115;115;115;115;115;115;1;1;1;1;1;1;1;1;1;1;1
"133";"2021-10-13";"0-60";15;15;15;15;15;15;15;15;15;15;15;15;72;72;72;72;72;72;72;72;72;72;72;72;1;1;1;1;1;1;1;1;1;1;1
"134";"2021-10-13";"60+";6;6;6;6;6;6;6;6;6;6;6;6;49;49;49;49;49;49;49;49;49;49;49;49;1;1;1;1;1;1;1;1;1;1;1
"135";"2021-10-13";"alle";21;21;21;21;21;21;21;21;21;21;21;21;121;121;121;121;121;121;121;121;121;121;121;121;1;1;1;1;1;1;1;1;1;1;1
"136";"2021-10-12";"0-60";12;12;12;12;12;12;12;12;12;12;12;12;67;67;67;67;67;67;67;67;67;67;67;67;1;1;1;1;1;1;1;1;1;1;1
"137";"2021-10-12";"60+";4;4;4;4;4;4;4;4;4;4;4;4;59;59;59;59;59;59;59;59;59;59;59;59;1;1;1;1;1;1;1;1;1;1;1
"138";"2021-10-12";"alle";16;16;16;16;16;16;16;16;16;16;16;16;126;126;126;126;126;126;126;126;126;126;126;126;1;1;1;1;1;1;1;1;1;1;1
"139";"2021-10-11";"0-60";3;3;3;3;3;3;3;3;3;3;3;3;60;60;60;60;60;60;60;60;60;60;60;60;1;1;1;1;1;1;1;1;1;1;1
"140";"2021-10-11";"60+";3;3;3;3;3;3;3;3;3;3;3;3;58;58;58;58;58;58;58;58;58;58;58;58;1;1;1;1;1;1;1;1;1;1;1
"141";"2021-10-11";"alle";6;6;6;6;6;6;6;6;6;6;6;6;118;118;118;118;118;118;118;118;118;118;118;118;1;1;1;1;1;1;1;1;1;1;1
"142";"2021-10-10";"0-60";12;12;12;12;12;12;12;12;12;12;12;12;62;62;62;62;62;62;62;62;62;62;62;62;1;1;1;1;1;1;1;1;1;1;1
"143";"2021-10-10";"60+";6;6;6;6;6;6;6;6;6;6;6;6;60;60;60;60;60;60;60;60;60;60;60;60;1;1;1;1;1;1;1;1;1;1;1
"144";"2021-10-10";"alle";18;18;18;18;18;18;18;18;18;18;18;18;122;122;122;122;122;122;122;122;122;122;122;122;1;1;1;1;1;1;1;1;1;1;1
"145";"2021-10-09";"0-60";7;7;7;7;7;7;7;7;7;7;7;7;59;59;59;59;59;59;59;59;59;59;59;59;1;1;1;1;1;1;1;1;1;1;1
"146";"2021-10-09";"60+";2;2;2;2;2;2;2;2;2;2;2;2;59;59;59;59;59;59;59;59;59;59;59;59;1;1;1;1;1;1;1;1;1;1;1
"147";"2021-10-09";"alle";9;9;9;9;9;9;9;9;9;9;9;9;118;118;118;118;118;118;118;118;118;118;118;118;1;1;1;1;1;1;1;1;1;1;1
"148";"2021-10-08";"0-60";11;11;11;11;11;11;11;11;11;11;11;11;69;69;69;69;69;69;69;69;69;69;69;69;1;1;1;1;1;1;1;1;1;1;1
"149";"2021-10-08";"60+";14;14;14;14;14;14;14;14;14;14;14;14;67;67;67;67;67;67;67;67;67;67;67;67;1;1;1;1;1;1;1;1;1;1;1
"150";"2021-10-08";"alle";25;25;25;25;25;25;25;25;25;25;25;25;136;136;136;136;136;136;136;136;136;136;136;136;1;1;1;1;1;1;1;1;1;1;1
"151";"2021-10-07";"0-60";12;12;12;12;12;12;12;12;12;12;12;12;74;74;74;74;74;74;74;74;74;74;74;74;1;1;1;1;1;1;1;1;1;1;1
"152";"2021-10-07";"60+";14;14;14;14;14;14;14;14;14;14;14;14;58;58;58;58;58;58;58;58;58;58;58;58;1;1;1;1;1;1;1;1;1;1;1
"153";"2021-10-07";"alle";26;26;26;26;26;26;26;26;26;26;26;26;132;132;132;132;132;132;132;132;132;132;132;132;1;1;1;1;1;1;1;1;1;1;1
"154";"2021-10-06";"0-60";10;10;10;10;10;10;10;10;10;10;10;10;76;76;76;76;76;76;76;76;76;76;76;76;1;1;1;1;1;1;1;1;1;1;1
"155";"2021-10-06";"60+";16;16;16;16;16;16;16;16;16;16;16;16;51;51;51;51;51;51;51;51;51;51;51;51;1;1;1;1;1;1;1;1;1;1;1
"156";"2021-10-06";"alle";26;26;26;26;26;26;26;26;26;26;26;26;127;127;127;127;127;127;127;127;127;127;127;127;1;1;1;1;1;1;1;1;1;1;1
"157";"2021-10-05";"0-60";5;5;5;5;5;5;5;5;5;5;5;5;77;77;77;77;77;77;77;77;77;77;77;77;1;1;1;1;1;1;1;1;1;1;1
"158";"2021-10-05";"60+";3;3;3;3;3;3;3;3;3;3;3;3;46;46;46;46;46;46;46;46;46;46;46;46;1;1;1;1;1;1;1;1;1;1;1
"159";"2021-10-05";"alle";8;8;8;8;8;8;8;8;8;8;8;8;123;123;123;123;123;123;123;123;123;123;123;123;1;1;1;1;1;1;1;1;1;1;1
"160";"2021-10-04";"0-60";5;5;5;5;5;5;5;5;5;5;5;5;78;78;78;78;78;78;78;78;78;78;78;78;1;1;1;1;1;1;1;1;1;1;1
"161";"2021-10-04";"60+";5;5;5;5;5;5;5;5;5;5;5;5;49;49;49;49;49;49;49;49;49;49;49;49;1;1;1;1;1;1;1;1;1;1;1
"162";"2021-10-04";"alle";10;10;10;10;10;10;10;10;10;10;10;10;127;127;127;127;127;127;127;127;127;127;127;127;1;1;1;1;1;1;1;1;1;1;1
"163";"2021-10-03";"0-60";9;9;9;9;9;9;9;9;9;9;9;9;78;78;78;78;78;78;78;78;78;78;78;78;1;1;1;1;1;1;1;1;1;1;1
"164";"2021-10-03";"60+";5;5;5;5;5;5;5;5;5;5;5;5;47;47;47;47;47;47;47;47;47;47;47;47;1;1;1;1;1;1;1;1;1;1;1
"165";"2021-10-03";"alle";14;14;14;14;14;14;14;14;14;14;14;14;125;125;125;125;125;125;125;125;125;125;125;125;1;1;1;1;1;1;1;1;1;1;1
"166";"2021-10-02";"0-60";17;17;17;17;17;17;17;17;17;17;17;17;70;70;70;70;70;70;70;70;70;70;70;70;1;1;1;1;1;1;1;1;1;1;1
"167";"2021-10-02";"60+";10;10;10;10;10;10;10;10;10;10;10;10;42;42;42;42;42;42;42;42;42;42;42;42;1;1;1;1;1;1;1;1;1;1;1
"168";"2021-10-02";"alle";27;27;27;27;27;27;27;27;27;27;27;27;112;112;112;112;112;112;112;112;112;112;112;112;1;1;1;1;1;1;1;1;1;1;1
"169";"2021-10-01";"0-60";16;16;16;16;16;16;16;16;16;16;16;16;65;65;65;65;65;65;65;65;65;65;65;65;1;1;1;1;1;1;1;1;1;1;1
"170";"2021-10-01";"60+";5;5;5;5;5;5;5;5;5;5;5;5;37;37;37;37;37;37;37;37;37;37;37;37;1;1;1;1;1;1;1;1;1;1;1
"171";"2021-10-01";"alle";21;21;21;21;21;21;21;21;21;21;21;21;102;102;102;102;102;102;102;102;102;102;102;102;1;1;1;1;1;1;1;1;1;1;1
"172";"2021-09-30";"0-60";14;14;14;14;14;14;14;14;14;14;14;14;63;63;63;63;63;63;63;63;63;63;63;63;1;1;1;1;1;1;1;1;1;1;1
"173";"2021-09-30";"60+";7;7;7;7;7;7;7;7;7;7;7;7;35;35;35;35;35;35;35;35;35;35;35;35;1;1;1;1;1;1;1;1;1;1;1
"174";"2021-09-30";"alle";21;21;21;21;21;21;21;21;21;21;21;21;98;98;98;98;98;98;98;98;98;98;98;98;NA;NA;NA;NA;NA;NA;NA;NA;NA;NA;NA
"175";"2021-09-29";"0-60";11;11;11;11;11;11;11;11;11;11;11;11;66;66;66;66;66;66;66;66;66;66;66;66;1;1;1;1;1;1;1;1;1;1;1
"176";"2021-09-29";"60+";11;11;11;11;11;11;11;11;11;11;11;11;42;42;42;42;42;42;42;42;42;42;42;42;1;1;1;1;1;1;1;1;1;1;1
"177";"2021-09-29";"alle";22;22;22;22;22;22;22;22;22;22;22;22;108;108;108;108;108;108;108;108;108;108;108;108;NA;NA;NA;NA;NA;NA;NA;NA;NA;NA;NA
"178";"2021-09-28";"0-60";6;6;6;6;6;6;6;6;6;6;6;6;77;77;77;77;77;77;77;77;77;77;77;77;1;1;1;1;1;1;1;1;1;1;1
"179";"2021-09-28";"60+";6;6;6;6;6;6;6;6;6;6;6;6;41;41;41;41;41;41;41;41;41;41;41;41;1;1;1;1;1;1;1;1;1;1;1
"180";"2021-09-28";"alle";12;12;12;12;12;12;12;12;12;12;12;12;118;118;118;118;118;118;118;118;118;118;118;118;NA;NA;NA;NA;NA;NA;NA;NA;NA;NA;NA
"181";"2021-09-27";"0-60";5;5;5;5;5;5;5;5;5;5;5;5;81;81;81;81;81;81;81;81;81;81;81;81;1;1;1;1;1;1;1;1;1;1;1
"182";"2021-09-27";"60+";3;3;3;3;3;3;3;3;3;3;3;3;49;49;49;49;49;49;49;49;49;49;49;49;1;1;1;1;1;1;1;1;1;1;1
"183";"2021-09-27";"alle";8;8;8;8;8;8;8;8;8;8;8;8;130;130;130;130;130;130;130;130;130;130;130;130;NA;NA;NA;NA;NA;NA;NA;NA;NA;NA;NA
"184";"2021-09-26";"0-60";1;1;1;1;1;1;1;1;1;1;1;1;80;80;80;80;80;80;80;80;80;80;80;80;1;1;1;1;1;1;1;1;1;1;1
"185";"2021-09-26";"60+";0;0;0;0;0;0;0;0;0;0;0;0;48;48;48;48;48;48;48;48;48;48;48;48;1;1;1;1;1;1;1;1;1;1;1
"186";"2021-09-26";"alle";1;1;1;1;1;1;1;1;1;1;1;1;128;128;128;128;128;128;128;128;128;128;128;128;NA;NA;NA;NA;NA;NA;NA;NA;NA;NA;NA
"187";"2021-09-25";"0-60";12;12;12;12;12;12;12;12;12;12;12;12;87;87;87;87;87;87;87;87;87;87;87;87;1;1;1;1;1;1;1;1;1;1;1
"188";"2021-09-25";"60+";5;5;5;5;5;5;5;5;5;5;5;5;53;53;53;53;53;53;53;53;53;53;53;53;1;1;1;1;1;1;1;1;1;1;1
"189";"2021-09-25";"alle";17;17;17;17;17;17;17;17;17;17;17;17;140;140;140;140;140;140;140;140;140;140;140;140;NA;NA;NA;NA;NA;NA;NA;NA;NA;NA;NA
"190";"2021-09-24";"0-60";14;14;14;14;14;14;14;14;14;14;14;14;87;87;87;87;87;87;87;87;87;87;87;87;1;1;1;1;1;1;1;1;1;1;1
"191";"2021-09-24";"60+";3;3;3;3;3;3;3;3;3;3;3;3;65;65;65;65;65;65;65;65;65;65;65;65;1;1;1;1;1;1;1;1;1;1;1
"192";"2021-09-24";"alle";17;17;17;17;17;17;17;17;17;17;17;17;152;152;152;152;152;152;152;152;152;152;152;152;NA;NA;NA;NA;NA;NA;NA;NA;NA;NA;NA
"193";"2021-09-23";"0-60";17;17;17;17;17;17;17;17;17;17;17;17;85;85;85;85;85;85;85;85;85;85;85;85;1;1;1;1;1;1;1;1;1;1;1
"194";"2021-09-23";"60+";14;14;14;14;14;14;14;14;14;14;14;14;73;73;73;73;73;73;73;73;73;73;73;73;1;1;1;1;1;1;1;1;1;1;1
"195";"2021-09-23";"alle";31;31;31;31;31;31;31;31;31;31;31;31;158;158;158;158;158;158;158;158;158;158;158;158;NA;NA;NA;NA;NA;NA;NA;NA;NA;NA;NA
"196";"2021-09-22";"0-60";22;22;22;22;22;22;22;22;22;22;22;22;77;77;77;77;77;77;77;77;77;77;77;77;1;1;1;1;1;1;1;1;1;1;1
"197";"2021-09-22";"60+";10;10;10;10;10;10;10;10;10;10;10;10;67;67;67;67;67;67;67;67;67;67;67;67;1;1;1;1;1;1;1;1;1;1;1
"198";"2021-09-22";"alle";32;32;32;32;32;32;32;32;32;32;32;32;144;144;144;144;144;144;144;144;144;144;144;144;NA;NA;NA;NA;NA;NA;NA;NA;NA;NA;NA
"199";"2021-09-21";"0-60";10;10;10;10;10;10;10;10;10;10;10;10;68;68;68;68;68;68;68;68;68;68;68;68;1;1;1;1;1;1;1;1;1;1;1
"200";"2021-09-21";"60+";14;14;14;14;14;14;14;14;14;14;14;14;77;77;77;77;77;77;77;77;77;77;77;77;1;1;1;1;1;1;1;1;1;1;1
"201";"2021-09-21";"alle";24;24;24;24;24;24;24;24;24;24;24;24;145;145;145;145;145;145;145;145;145;145;145;145;NA;NA;NA;NA;NA;NA;NA;NA;NA;NA;NA
"202";"2021-09-20";"0-60";4;4;4;4;4;4;4;4;4;4;4;4;78;78;78;78;78;78;78;78;78;78;78;78;1;1;1;1;1;1;1;1;1;1;1
"203";"2021-09-20";"60+";2;2;2;2;2;2;2;2;2;2;2;2;76;76;76;76;76;76;76;76;76;76;76;76;1;1;1;1;1;1;1;1;1;1;1
"204";"2021-09-20";"alle";6;6;6;6;6;6;6;6;6;6;6;6;154;154;154;154;154;154;154;154;154;154;154;154;NA;NA;NA;NA;NA;NA;NA;NA;NA;NA;NA
"205";"2021-09-19";"0-60";8;8;8;8;8;8;8;8;8;8;8;8;80;80;80;80;80;80;80;80;80;80;80;80;1;1;1;1;1;1;1;1;1;1;1
"206";"2021-09-19";"60+";5;5;5;5;5;5;5;5;5;5;5;5;74;74;74;74;74;74;74;74;74;74;74;74;1;1;1;1;1;1;1;1;1;1;1
"207";"2021-09-19";"alle";13;13;13;13;13;13;13;13;13;13;13;13;154;154;154;154;154;154;154;154;154;154;154;154;NA;NA;NA;NA;NA;NA;NA;NA;NA;NA;NA
"208";"2021-09-18";"0-60";12;12;12;12;12;12;12;12;12;12;12;12;90;90;90;90;90;90;90;90;90;90;90;90;1;1;1;1;1;1;1;1;1;1;1
"209";"2021-09-18";"60+";17;17;17;17;17;17;17;17;17;17;17;17;73;73;73;73;73;73;73;73;73;73;73;73;1;1;1;1;1;1;1;1;1;1;1
"210";"2021-09-18";"alle";29;29;29;29;29;29;29;29;29;29;29;29;163;163;163;163;163;163;163;163;163;163;163;163;NA;NA;NA;NA;NA;NA;NA;NA;NA;NA;NA
"211";"2021-09-17";"0-60";12;12;12;12;12;12;12;12;12;12;12;12;85;85;85;85;85;85;85;85;85;85;85;85;1;1;1;1;1;1;1;1;1;1;1
"212";"2021-09-17";"60+";11;11;11;11;11;11;11;11;11;11;11;11;67;67;67;67;67;67;67;67;67;67;67;67;1;1;1;1;1;1;1;1;1;1;1
"213";"2021-09-17";"alle";23;23;23;23;23;23;23;23;23;23;23;23;152;152;152;152;152;152;152;152;152;152;152;152;NA;NA;NA;NA;NA;NA;NA;NA;NA;NA;NA
"214";"2021-09-16";"0-60";9;9;9;9;9;9;9;9;9;9;9;9;92;92;92;92;92;92;92;92;92;92;92;92;1;1;1;1;1;1;1;1;1;1;1
"215";"2021-09-16";"60+";8;8;8;8;8;8;8;8;8;8;8;8;68;68;68;68;68;68;68;68;68;68;68;68;1;1;1;1;1;1;1;1;1;1;1
"216";"2021-09-16";"alle";17;17;17;17;17;17;17;17;17;17;17;17;160;160;160;160;160;160;160;160;160;160;160;160;NA;NA;NA;NA;NA;NA;NA;NA;NA;NA;NA
"217";"2021-09-15";"0-60";13;13;13;13;13;13;13;13;13;13;13;13;112;112;112;112;112;112;112;112;112;112;112;112;1;1;1;1;1;1;1;1;1;1;1
"218";"2021-09-15";"60+";20;20;20;20;20;20;20;20;20;20;20;20;75;75;75;75;75;75;75;75;75;75;75;75;1;1;1;1;1;1;1;1;1;1;1
"219";"2021-09-15";"alle";33;33;33;33;33;33;33;33;33;33;33;33;187;187;187;187;187;187;187;187;187;187;187;187;NA;NA;NA;NA;NA;NA;NA;NA;NA;NA;NA
"220";"2021-09-14";"0-60";20;20;20;20;20;20;20;20;20;20;20;20;126;126;126;126;126;126;126;126;126;126;126;126;1;1;1;1;1;1;1;1;1;1;1
"221";"2021-09-14";"60+";13;13;13;13;13;13;13;13;13;13;13;13;72;72;72;72;72;72;72;72;72;72;72;72;1;1;1;1;1;1;1;1;1;1;1
"222";"2021-09-14";"alle";33;33;33;33;33;33;33;33;33;33;33;33;198;198;198;198;198;198;198;198;198;198;198;198;NA;NA;NA;NA;NA;NA;NA;NA;NA;NA;NA
"223";"2021-09-13";"0-60";6;6;6;6;6;6;6;6;6;6;6;6;125;125;125;125;125;125;125;125;125;125;125;125;1;1;1;1;1;1;1;1;1;1;1
"224";"2021-09-13";"60+";0;0;0;0;0;0;0;0;0;0;0;0;74;74;74;74;74;74;74;74;74;74;74;74;1;1;1;1;1;1;1;1;1;1;1
"225";"2021-09-13";"alle";6;6;6;6;6;6;6;6;6;6;6;6;199;199;199;199;199;199;199;199;199;199;199;199;NA;NA;NA;NA;NA;NA;NA;NA;NA;NA;NA
"226";"2021-09-12";"0-60";18;18;18;18;18;18;18;18;18;18;18;18;123;123;123;123;123;123;123;123;123;123;123;123;1;1;1;1;1;1;1;1;1;1;1
"227";"2021-09-12";"60+";4;4;4;4;4;4;4;4;4;4;4;4;78;78;78;78;78;78;78;78;78;78;78;78;1;1;1;1;1;1;1;1;1;1;1
"228";"2021-09-12";"alle";22;22;22;22;22;22;22;22;22;22;22;22;201;201;201;201;201;201;201;201;201;201;201;201;NA;NA;NA;NA;NA;NA;NA;NA;NA;NA;NA
"229";"2021-09-11";"0-60";7;7;7;7;7;7;7;7;7;7;7;7;116;116;116;116;116;116;116;116;116;116;116;116;1;1;1;1;1;1;1;1;1;1;1
"230";"2021-09-11";"60+";11;11;11;11;11;11;11;11;11;11;11;11;82;82;82;82;82;82;82;82;82;82;82;82;1;1;1;1;1;1;1;1;1;1;1
"231";"2021-09-11";"alle";18;18;18;18;18;18;18;18;18;18;18;18;198;198;198;198;198;198;198;198;198;198;198;198;NA;NA;NA;NA;NA;NA;NA;NA;NA;NA;NA
"232";"2021-09-10";"0-60";19;19;19;19;19;19;19;19;19;19;19;19;124;124;124;124;124;124;124;124;124;124;124;124;1;1;1;1;1;1;1;1;1;1;1
"233";"2021-09-10";"60+";12;12;12;12;12;12;12;12;12;12;12;12;79;79;79;79;79;79;79;79;79;79;79;79;1;1;1;1;1;1;1;1;1;1;1
"234";"2021-09-10";"alle";31;31;31;31;31;31;31;31;31;31;31;31;203;203;203;203;203;203;203;203;203;203;203;203;NA;NA;NA;NA;NA;NA;NA;NA;NA;NA;NA
"235";"2021-09-09";"0-60";29;29;29;29;29;29;29;29;29;29;29;29;119;119;119;119;119;119;119;119;119;119;119;119;1;1;1;1;1;1;1;1;1;1;1
"236";"2021-09-09";"60+";15;15;15;15;15;15;15;15;15;15;15;15;75;75;75;75;75;75;75;75;75;75;75;75;1;1;1;1;1;1;1;1;1;1;1
"237";"2021-09-09";"alle";44;44;44;44;44;44;44;44;44;44;44;44;194;194;194;194;194;194;194;194;194;194;194;194;NA;NA;NA;NA;NA;NA;NA;NA;NA;NA;NA
"238";"2021-09-08";"0-60";27;27;27;27;27;27;27;27;27;27;27;27;110;110;110;110;110;110;110;110;110;110;110;110;1;1;1;1;1;1;1;1;1;1;1
"239";"2021-09-08";"60+";17;17;17;17;17;17;17;17;17;17;17;17;71;71;71;71;71;71;71;71;71;71;71;71;1;1;1;1;1;1;1;1;1;1;1
"240";"2021-09-08";"alle";44;44;44;44;44;44;44;44;44;44;44;44;181;181;181;181;181;181;181;181;181;181;181;181;NA;NA;NA;NA;NA;NA;NA;NA;NA;NA;NA
"241";"2021-09-07";"0-60";19;19;19;19;19;19;19;19;19;19;19;19;117;117;117;117;117;117;117;117;117;117;117;117;1;1;1;1;1;1;1;1;1;1;1
"242";"2021-09-07";"60+";15;15;15;15;15;15;15;15;15;15;15;15;67;67;67;67;67;67;67;67;67;67;67;67;1;1;1;1;1;1;1;1;1;1;1
"243";"2021-09-07";"alle";34;34;34;34;34;34;34;34;34;34;34;34;184;184;184;184;184;184;184;184;184;184;184;184;NA;NA;NA;NA;NA;NA;NA;NA;NA;NA;NA
"244";"2021-09-06";"0-60";4;4;4;4;4;4;4;4;4;4;4;4;117;117;117;117;117;117;117;117;117;117;117;117;1;1;1;1;1;1;1;1;1;1;1
"245";"2021-09-06";"60+";4;4;4;4;4;4;4;4;4;4;4;4;56;56;56;56;56;56;56;56;56;56;56;56;1;1;1;1;1;1;1;1;1;1;1
"246";"2021-09-06";"alle";8;8;8;8;8;8;8;8;8;8;8;8;173;173;173;173;173;173;173;173;173;173;173;173;NA;NA;NA;NA;NA;NA;NA;NA;NA;NA;NA
"247";"2021-09-05";"0-60";11;11;11;11;11;11;11;11;11;11;11;11;125;125;125;125;125;125;125;125;125;125;125;125;1;1;1;1;1;1;1;1;1;1;1
"248";"2021-09-05";"60+";8;8;8;8;8;8;8;8;8;8;8;8;56;56;56;56;56;56;56;56;56;56;56;56;1;1;1;1;1;1;1;1;1;1;1
"249";"2021-09-05";"alle";19;19;19;19;19;19;19;19;19;19;19;19;181;181;181;181;181;181;181;181;181;181;181;181;NA;NA;NA;NA;NA;NA;NA;NA;NA;NA;NA
"250";"2021-09-04";"0-60";15;15;15;15;15;15;15;15;15;15;15;15;122;122;122;122;122;122;122;122;122;122;122;122;1;1;1;1;1;1;1;1;1;1;1
"251";"2021-09-04";"60+";8;8;8;8;8;8;8;8;8;8;8;8;54;54;54;54;54;54;54;54;54;54;54;54;1;1;1;1;1;1;1;1;1;1;1
"252";"2021-09-04";"alle";23;23;23;23;23;23;23;23;23;23;23;23;176;176;176;176;176;176;176;176;176;176;176;176;NA;NA;NA;NA;NA;NA;NA;NA;NA;NA;NA
"253";"2021-09-03";"0-60";14;14;14;14;14;14;14;14;14;14;14;14;125;125;125;125;125;125;125;125;125;125;125;125;1;1;1;1;1;1;1;1;1;1;1
"254";"2021-09-03";"60+";8;8;8;8;8;8;8;8;8;8;8;8;54;54;54;54;54;54;54;54;54;54;54;54;1;1;1;1;1;1;1;1;1;1;1
"255";"2021-09-03";"alle";22;22;22;22;22;22;22;22;22;22;22;22;179;179;179;179;179;179;179;179;179;179;179;179;NA;NA;NA;NA;NA;NA;NA;NA;NA;NA;NA
"256";"2021-09-02";"0-60";20;20;20;20;20;20;20;20;20;20;20;20;129;129;129;129;129;129;129;129;129;129;129;129;1;1;1;1;1;1;1;1;1;1;1
"257";"2021-09-02";"60+";11;11;11;11;11;11;11;11;11;11;11;11;52;52;52;52;52;52;52;52;52;52;52;52;1;1;1;1;1;1;1;1;1;1;1
"258";"2021-09-02";"alle";31;31;31;31;31;31;31;31;31;31;31;31;181;181;181;181;181;181;181;181;181;181;181;181;NA;NA;NA;NA;NA;NA;NA;NA;NA;NA;NA
"259";"2021-09-01";"0-60";34;34;34;34;34;34;34;34;34;34;34;34;126;126;126;126;126;126;126;126;126;126;126;126;1;1;1;1;1;1;1;1;1;1;1
"260";"2021-09-01";"60+";13;13;13;13;13;13;13;13;13;13;13;13;46;46;46;46;46;46;46;46;46;46;46;46;1;1;1;1;1;1;1;1;1;1;1
"261";"2021-09-01";"alle";47;47;47;47;47;47;47;47;47;47;47;47;172;172;172;172;172;172;172;172;172;172;172;172;NA;NA;NA;NA;NA;NA;NA;NA;NA;NA;NA
"262";"2021-08-31";"0-60";19;19;19;19;19;19;19;19;19;19;19;19;110;110;110;110;110;110;110;110;110;110;110;110;1;1;1;1;1;1;1;1;1;1;1
"263";"2021-08-31";"60+";4;4;4;4;4;4;4;4;4;4;4;4;40;40;40;40;40;40;40;40;40;40;40;40;1;1;1;1;1;1;1;1;1;1;1
"264";"2021-08-31";"alle";23;23;23;23;23;23;23;23;23;23;23;23;150;150;150;150;150;150;150;150;150;150;150;150;NA;NA;NA;NA;NA;NA;NA;NA;NA;NA;NA
"265";"2021-08-30";"0-60";12;12;12;12;12;12;12;12;12;12;12;12;110;110;110;110;110;110;110;110;110;110;110;110;1;1;1;1;1;1;1;1;1;1;1
"266";"2021-08-30";"60+";4;4;4;4;4;4;4;4;4;4;4;4;43;43;43;43;43;43;43;43;43;43;43;43;1;1;1;1;1;1;1;1;1;1;1
"267";"2021-08-30";"alle";16;16;16;16;16;16;16;16;16;16;16;16;153;153;153;153;153;153;153;153;153;153;153;153;NA;NA;NA;NA;NA;NA;NA;NA;NA;NA;NA
"268";"2021-08-29";"0-60";8;8;8;8;8;8;8;8;8;8;8;8;102;102;102;102;102;102;102;102;102;102;102;102;1;1;1;1;1;1;1;1;1;1;1
"269";"2021-08-29";"60+";6;6;6;6;6;6;6;6;6;6;6;6;41;41;41;41;41;41;41;41;41;41;41;41;1;1;1;1;1;1;1;1;1;1;1
"270";"2021-08-29";"alle";14;14;14;14;14;14;14;14;14;14;14;14;143;143;143;143;143;143;143;143;143;143;143;143;NA;NA;NA;NA;NA;NA;NA;NA;NA;NA;NA
"271";"2021-08-28";"0-60";18;18;18;18;18;18;18;18;18;18;18;18;101;101;101;101;101;101;101;101;101;101;101;101;1;1;1;1;1;1;1;1;1;1;1
"272";"2021-08-28";"60+";8;8;8;8;8;8;8;8;8;8;8;8;38;38;38;38;38;38;38;38;38;38;38;38;1;1;1;1;1;1;1;1;1;1;1
"273";"2021-08-28";"alle";26;26;26;26;26;26;26;26;26;26;26;26;139;139;139;139;139;139;139;139;139;139;139;139;NA;NA;NA;NA;NA;NA;NA;NA;NA;NA;NA
"274";"2021-08-27";"0-60";18;18;18;18;18;18;18;18;18;18;18;18;96;96;96;96;96;96;96;96;96;96;96;96;1;1;1;1;1;1;1;1;1;1;1
"275";"2021-08-27";"60+";6;6;6;6;6;6;6;6;6;6;6;6;32;32;32;32;32;32;32;32;32;32;32;32;1;1;1;1;1;1;1;1;1;1;1
"276";"2021-08-27";"alle";24;24;24;24;24;24;24;24;24;24;24;24;128;128;128;128;128;128;128;128;128;128;128;128;NA;NA;NA;NA;NA;NA;NA;NA;NA;NA;NA
"277";"2021-08-26";"0-60";17;17;17;17;17;17;17;17;17;17;17;17;95;95;95;95;95;95;95;95;95;95;95;95;1;1;1;1;1;1;1;1;1;1;1
"278";"2021-08-26";"60+";5;5;5;5;5;5;5;5;5;5;5;5;34;34;34;34;34;34;34;34;34;34;34;34;1;1;1;1;1;1;1;1;1;1;1
"279";"2021-08-26";"alle";22;22;22;22;22;22;22;22;22;22;22;22;129;129;129;129;129;129;129;129;129;129;129;129;NA;NA;NA;NA;NA;NA;NA;NA;NA;NA;NA
"280";"2021-08-25";"0-60";18;18;18;18;18;18;18;18;18;18;18;18;101;101;101;101;101;101;101;101;101;101;101;101;1;1;1;1;1;1;1;1;1;1;1
"281";"2021-08-25";"60+";7;7;7;7;7;7;7;7;7;7;7;7;34;34;34;34;34;34;34;34;34;34;34;34;1;1;1;1;1;1;1;1;1;1;1
"282";"2021-08-25";"alle";25;25;25;25;25;25;25;25;25;25;25;25;135;135;135;135;135;135;135;135;135;135;135;135;NA;NA;NA;NA;NA;NA;NA;NA;NA;NA;NA
"283";"2021-08-24";"0-60";19;19;19;19;19;19;19;19;19;19;19;19;109;109;109;109;109;109;109;109;109;109;109;109;1;1;1;1;1;1;1;1;1;1;1
"284";"2021-08-24";"60+";7;7;7;7;7;7;7;7;7;7;7;7;32;32;32;32;32;32;32;32;32;32;32;32;1;1;1;1;1;1;1;1;1;1;1
"285";"2021-08-24";"alle";26;26;26;26;26;26;26;26;26;26;26;26;141;141;141;141;141;141;141;141;141;141;141;141;NA;NA;NA;NA;NA;NA;NA;NA;NA;NA;NA
"286";"2021-08-23";"0-60";4;4;4;4;4;4;4;4;4;4;4;4;108;108;108;108;108;108;108;108;108;108;108;108;1;1;1;1;1;1;1;1;1;1;1
"287";"2021-08-23";"60+";2;2;2;2;2;2;2;2;2;2;2;2;31;31;31;31;31;31;31;31;31;31;31;31;1;1;1;1;1;1;1;1;1;1;1
"288";"2021-08-23";"alle";6;6;6;6;6;6;6;6;6;6;6;6;139;139;139;139;139;139;139;139;139;139;139;139;NA;NA;NA;NA;NA;NA;NA;NA;NA;NA;NA
"289";"2021-08-22";"0-60";7;7;7;7;7;7;7;7;7;7;7;7;107;107;107;107;107;107;107;107;107;107;107;107;1;1;1;1;1;1;1;1;1;1;1
"290";"2021-08-22";"60+";3;3;3;3;3;3;3;3;3;3;3;3;34;34;34;34;34;34;34;34;34;34;34;34;1;1;1;1;1;1;1;1;1;1;1
"291";"2021-08-22";"alle";10;10;10;10;10;10;10;10;10;10;10;10;141;141;141;141;141;141;141;141;141;141;141;141;NA;NA;NA;NA;NA;NA;NA;NA;NA;NA;NA
"292";"2021-08-21";"0-60";13;13;13;13;13;13;13;13;13;13;13;13;105;105;105;105;105;105;105;105;105;105;105;105;1;1;1;1;1;1;1;1;1;1;1
"293";"2021-08-21";"60+";2;2;2;2;2;2;2;2;2;2;2;2;33;33;33;33;33;33;33;33;33;33;33;33;1;1;1;1;1;1;1;1;1;1;1
"294";"2021-08-21";"alle";15;15;15;15;15;15;15;15;15;15;15;15;138;138;138;138;138;138;138;138;138;138;138;138;NA;NA;NA;NA;NA;NA;NA;NA;NA;NA;NA
"295";"2021-08-20";"0-60";17;17;17;17;17;17;17;17;17;17;17;17;106;106;106;106;106;106;106;106;106;106;106;106;1;1;1;1;1;1;1;1;1;1;1
"296";"2021-08-20";"60+";8;8;8;8;8;8;8;8;8;8;8;8;33;33;33;33;33;33;33;33;33;33;33;33;1;1;1;1;1;1;1;1;1;1;1
"297";"2021-08-20";"alle";25;25;25;25;25;25;25;25;25;25;25;25;139;139;139;139;139;139;139;139;139;139;139;139;NA;NA;NA;NA;NA;NA;NA;NA;NA;NA;NA
"298";"2021-08-19";"0-60";23;23;23;23;23;23;23;23;23;23;23;23;92;92;92;92;92;92;92;92;92;92;92;92;1;1;1;1;1;1;1;1;1;1;1
"299";"2021-08-19";"60+";5;5;5;5;5;5;5;5;5;5;5;5;29;29;29;29;29;29;29;29;29;29;29;29;1;1;1;1;1;1;1;1;1;1;1
"300";"2021-08-19";"alle";28;28;28;28;28;28;28;28;28;28;28;28;121;121;121;121;121;121;121;121;121;121;121;121;NA;NA;NA;NA;NA;NA;NA;NA;NA;NA;NA
"301";"2021-08-18";"0-60";26;26;26;26;26;26;26;26;26;26;26;26;76;76;76;76;76;76;76;76;76;76;76;76;1;1;1;1;1;1;1;1;1;1;1
"302";"2021-08-18";"60+";5;5;5;5;5;5;5;5;5;5;5;5;27;27;27;27;27;27;27;27;27;27;27;27;1;1;1;1;1;1;1;1;1;1;1
"303";"2021-08-18";"alle";31;31;31;31;31;31;31;31;31;31;31;31;103;103;103;103;103;103;103;103;103;103;103;103;NA;NA;NA;NA;NA;NA;NA;NA;NA;NA;NA
"304";"2021-08-17";"0-60";18;18;18;18;18;18;18;18;18;18;18;18;55;55;55;55;55;55;55;55;55;55;55;55;1;1;1;1;1;1;1;1;1;1;1
"305";"2021-08-17";"60+";6;6;6;6;6;6;6;6;6;6;6;6;25;25;25;25;25;25;25;25;25;25;25;25;1;1;1;1;1;1;1;1;1;1;1
"306";"2021-08-17";"alle";24;24;24;24;24;24;24;24;24;24;24;24;80;80;80;80;80;80;80;80;80;80;80;80;NA;NA;NA;NA;NA;NA;NA;NA;NA;NA;NA
"307";"2021-08-16";"0-60";3;3;3;3;3;3;3;3;3;3;3;3;41;41;41;41;41;41;41;41;41;41;41;41;1;1;1;1;1;1;1;1;1;1;1
"308";"2021-08-16";"60+";5;5;5;5;5;5;5;5;5;5;5;5;23;23;23;23;23;23;23;23;23;23;23;23;1;1;1;1;1;1;1;1;1;1;1
"309";"2021-08-16";"alle";8;8;8;8;8;8;8;8;8;8;8;8;64;64;64;64;64;64;64;64;64;64;64;64;NA;NA;NA;NA;NA;NA;NA;NA;NA;NA;NA
"310";"2021-08-15";"0-60";5;5;5;5;5;5;5;5;5;5;5;5;40;40;40;40;40;40;40;40;40;40;40;40;1;1;1;1;1;1;1;1;1;1;1
"311";"2021-08-15";"60+";2;2;2;2;2;2;2;2;2;2;2;2;19;19;19;19;19;19;19;19;19;19;19;19;1;1;1;1;1;1;1;1;1;1;1
"312";"2021-08-15";"alle";7;7;7;7;7;7;7;7;7;7;7;7;59;59;59;59;59;59;59;59;59;59;59;59;NA;NA;NA;NA;NA;NA;NA;NA;NA;NA;NA
"313";"2021-08-14";"0-60";14;14;14;14;14;14;14;14;14;14;14;14;37;37;37;37;37;37;37;37;37;37;37;37;1;1;1;1;1;1;1;1;1;1;1
"314";"2021-08-14";"60+";2;2;2;2;2;2;2;2;2;2;2;2;19;19;19;19;19;19;19;19;19;19;19;19;1;1;1;1;1;1;1;1;1;1;1
"315";"2021-08-14";"alle";16;16;16;16;16;16;16;16;16;16;16;16;56;56;56;56;56;56;56;56;56;56;56;56;NA;NA;NA;NA;NA;NA;NA;NA;NA;NA;NA
"316";"2021-08-13";"0-60";3;3;3;3;3;3;3;3;3;3;3;3;28;28;28;28;28;28;28;28;28;28;28;28;1;1;1;1;1;1;1;1;1;1;1
"317";"2021-08-13";"60+";4;4;4;4;4;4;4;4;4;4;4;4;21;21;21;21;21;21;21;21;21;21;21;21;1;1;1;1;1;1;1;1;1;1;1
"318";"2021-08-13";"alle";7;7;7;7;7;7;7;7;7;7;7;7;49;49;49;49;49;49;49;49;49;49;49;49;NA;NA;NA;NA;NA;NA;NA;NA;NA;NA;NA
"319";"2021-08-12";"0-60";7;7;7;7;7;7;7;7;7;7;7;7;27;27;27;27;27;27;27;27;27;27;27;27;1;1;1;1;1;1;1;1;1;1;1
"320";"2021-08-12";"60+";3;3;3;3;3;3;3;3;3;3;3;3;17;17;17;17;17;17;17;17;17;17;17;17;1;1;1;1;1;1;1;1;1;1;1
"321";"2021-08-12";"alle";10;10;10;10;10;10;10;10;10;10;10;10;44;44;44;44;44;44;44;44;44;44;44;44;NA;NA;NA;NA;NA;NA;NA;NA;NA;NA;NA
"322";"2021-08-11";"0-60";5;5;5;5;5;5;5;5;5;5;5;5;25;25;25;25;25;25;25;25;25;25;25;25;1;1;1;1;1;1;1;1;1;1;1
"323";"2021-08-11";"60+";3;3;3;3;3;3;3;3;3;3;3;3;14;14;14;14;14;14;14;14;14;14;14;14;1;1;1;1;1;1;1;1;1;1;1
"324";"2021-08-11";"alle";8;8;8;8;8;8;8;8;8;8;8;8;39;39;39;39;39;39;39;39;39;39;39;39;NA;NA;NA;NA;NA;NA;NA;NA;NA;NA;NA
"325";"2021-08-10";"0-60";4;4;4;4;4;4;4;4;4;4;4;4;26;26;26;26;26;26;26;26;26;26;26;26;1;1;1;1;1;1;1;1;1;1;1
"326";"2021-08-10";"60+";4;4;4;4;4;4;4;4;4;4;4;4;13;13;13;13;13;13;13;13;13;13;13;13;1;1;1;1;1;1;1;1;1;1;1
"327";"2021-08-10";"alle";8;8;8;8;8;8;8;8;8;8;8;8;39;39;39;39;39;39;39;39;39;39;39;39;NA;NA;NA;NA;NA;NA;NA;NA;NA;NA;NA
"328";"2021-08-09";"0-60";2;2;2;2;2;2;2;2;2;2;2;2;26;26;26;26;26;26;26;26;26;26;26;26;1;1;1;1;1;1;1;1;1;1;1
"329";"2021-08-09";"60+";1;1;1;1;1;1;1;1;1;1;1;1;12;12;12;12;12;12;12;12;12;12;12;12;1;1;1;1;1;1;1;1;1;1;1
"330";"2021-08-09";"alle";3;3;3;3;3;3;3;3;3;3;3;3;38;38;38;38;38;38;38;38;38;38;38;38;NA;NA;NA;NA;NA;NA;NA;NA;NA;NA;NA
"331";"2021-08-08";"0-60";2;2;2;2;2;2;2;2;2;2;2;2;25;25;25;25;25;25;25;25;25;25;25;25;1;1;1;1;1;1;1;1;1;1;1
"332";"2021-08-08";"60+";2;2;2;2;2;2;2;2;2;2;2;2;12;12;12;12;12;12;12;12;12;12;12;12;1;1;1;1;1;1;1;1;1;1;1
"333";"2021-08-08";"alle";4;4;4;4;4;4;4;4;4;4;4;4;37;37;37;37;37;37;37;37;37;37;37;37;NA;NA;NA;NA;NA;NA;NA;NA;NA;NA;NA
"334";"2021-08-07";"0-60";5;5;5;5;5;5;5;5;5;5;5;5;26;26;26;26;26;26;26;26;26;26;26;26;1;1;1;1;1;1;1;1;1;1;1
"335";"2021-08-07";"60+";4;4;4;4;4;4;4;4;4;4;4;4;11;11;11;11;11;11;11;11;11;11;11;11;1;1;1;1;1;1;1;1;1;1;1
"336";"2021-08-07";"alle";9;9;9;9;9;9;9;9;9;9;9;9;37;37;37;37;37;37;37;37;37;37;37;37;NA;NA;NA;NA;NA;NA;NA;NA;NA;NA;NA
"337";"2021-08-06";"0-60";2;2;2;2;2;2;2;2;2;2;2;2;26;26;26;26;26;26;26;26;26;26;26;26;1;1;1;1;1;1;1;1;1;1;1
"338";"2021-08-06";"60+";0;0;0;0;0;0;0;0;0;0;0;0;11;11;11;11;11;11;11;11;11;11;11;11;1;1;1;1;1;1;1;1;1;1;1
"339";"2021-08-06";"alle";2;2;2;2;2;2;2;2;2;2;2;2;37;37;37;37;37;37;37;37;37;37;37;37;NA;NA;NA;NA;NA;NA;NA;NA;NA;NA;NA
"340";"2021-08-05";"0-60";5;5;5;5;5;5;5;5;5;5;5;5;27;27;27;27;27;27;27;27;27;27;27;27;1;1;1;1;1;1;1;1;1;1;1
"341";"2021-08-05";"60+";0;0;0;0;0;0;0;0;0;0;0;0;13;13;13;13;13;13;13;13;13;13;13;13;1;1;1;1;1;1;1;1;1;1;1
"342";"2021-08-05";"alle";5;5;5;5;5;5;5;5;5;5;5;5;40;40;40;40;40;40;40;40;40;40;40;40;NA;NA;NA;NA;NA;NA;NA;NA;NA;NA;NA
"343";"2021-08-04";"0-60";6;6;6;6;6;6;6;6;6;6;6;6;24;24;24;24;24;24;24;24;24;24;24;24;1;1;1;1;1;1;1;1;1;1;1
"344";"2021-08-04";"60+";2;2;2;2;2;2;2;2;2;2;2;2;14;14;14;14;14;14;14;14;14;14;14;14;1;1;1;1;1;1;1;1;1;1;1
"345";"2021-08-04";"alle";8;8;8;8;8;8;8;8;8;8;8;8;38;38;38;38;38;38;38;38;38;38;38;38;NA;NA;NA;NA;NA;NA;NA;NA;NA;NA;NA
"346";"2021-08-03";"0-60";4;4;4;4;4;4;4;4;4;4;4;4;28;28;28;28;28;28;28;28;28;28;28;28;1;1;1;1;1;1;1;1;1;1;1
"347";"2021-08-03";"60+";3;3;3;3;3;3;3;3;3;3;3;3;14;14;14;14;14;14;14;14;14;14;14;14;1;1;1;1;1;1;1;1;1;1;1
"348";"2021-08-03";"alle";7;7;7;7;7;7;7;7;7;7;7;7;42;42;42;42;42;42;42;42;42;42;42;42;NA;NA;NA;NA;NA;NA;NA;NA;NA;NA;NA
"349";"2021-08-02";"0-60";1;1;1;1;1;1;1;1;1;1;1;1;29;29;29;29;29;29;29;29;29;29;29;29;1;1;1;1;1;1;1;1;1;1;1
"350";"2021-08-02";"60+";1;1;1;1;1;1;1;1;1;1;1;1;13;13;13;13;13;13;13;13;13;13;13;13;1;1;1;1;1;1;1;1;1;1;1
"351";"2021-08-02";"alle";2;2;2;2;2;2;2;2;2;2;2;2;42;42;42;42;42;42;42;42;42;42;42;42;NA;NA;NA;NA;NA;NA;NA;NA;NA;NA;NA
"352";"2021-08-01";"0-60";3;3;3;3;3;3;3;3;3;3;3;3;29;29;29;29;29;29;29;29;29;29;29;29;1;1;1;1;1;1;1;1;1;1;1
"353";"2021-08-01";"60+";1;1;1;1;1;1;1;1;1;1;1;1;13;13;13;13;13;13;13;13;13;13;13;13;1;1;1;1;1;1;1;1;1;1;1
"354";"2021-08-01";"alle";4;4;4;4;4;4;4;4;4;4;4;4;42;42;42;42;42;42;42;42;42;42;42;42;NA;NA;NA;NA;NA;NA;NA;NA;NA;NA;NA
"355";"2021-07-31";"0-60";5;5;5;5;5;5;5;5;5;5;5;5;27;27;27;27;27;27;27;27;27;27;27;27;1;1;1;1;1;1;1;1;1;1;1
"356";"2021-07-31";"60+";4;4;4;4;4;4;4;4;4;4;4;4;13;13;13;13;13;13;13;13;13;13;13;13;1;1;1;1;1;1;1;1;1;1;1
"357";"2021-07-31";"alle";9;9;9;9;9;9;9;9;9;9;9;9;40;40;40;40;40;40;40;40;40;40;40;40;NA;NA;NA;NA;NA;NA;NA;NA;NA;NA;NA
"358";"2021-07-30";"0-60";3;3;3;3;3;3;3;3;3;3;3;3;25;25;25;25;25;25;25;25;25;25;25;25;1;1;1;1;1;1;1;1;1;1;1
"359";"2021-07-30";"60+";2;2;2;2;2;2;2;2;2;2;2;2;10;10;10;10;10;10;10;10;10;10;10;10;1;1;1;1;1;1;1;1;1;1;1
"360";"2021-07-30";"alle";5;5;5;5;5;5;5;5;5;5;5;5;35;35;35;35;35;35;35;35;35;35;35;35;NA;NA;NA;NA;NA;NA;NA;NA;NA;NA;NA
"361";"2021-07-29";"0-60";2;2;2;2;2;2;2;2;2;2;2;2;28;28;28;28;28;28;28;28;28;28;28;28;1;1;1;1;1;1;1;1;1;1;1
"362";"2021-07-29";"60+";1;1;1;1;1;1;1;1;1;1;1;1;9;9;9;9;9;9;9;9;9;9;9;9;1;1;1;1;1;1;1;1;1;1;1
"363";"2021-07-29";"alle";3;3;3;3;3;3;3;3;3;3;3;3;37;37;37;37;37;37;37;37;37;37;37;37;NA;NA;NA;NA;NA;NA;NA;NA;NA;NA;NA
"364";"2021-07-28";"0-60";10;10;10;10;10;10;10;10;10;10;10;10;28;28;28;28;28;28;28;28;28;28;28;28;1;1;1;1;1;1;1;1;1;1;1
"365";"2021-07-28";"60+";2;2;2;2;2;2;2;2;2;2;2;2;9;9;9;9;9;9;9;9;9;9;9;9;1;1;1;1;1;1;1;1;1;1;1
"366";"2021-07-28";"alle";12;12;12;12;12;12;12;12;12;12;12;12;37;37;37;37;37;37;37;37;37;37;37;37;NA;NA;NA;NA;NA;NA;NA;NA;NA;NA;NA
"367";"2021-07-27";"0-60";5;5;5;5;5;5;5;5;5;5;5;5;23;23;23;23;23;23;23;23;23;23;23;23;1;1;1;1;1;1;1;1;1;1;1
"368";"2021-07-27";"60+";2;2;2;2;2;2;2;2;2;2;2;2;9;9;9;9;9;9;9;9;9;9;9;9;1;1;1;1;1;1;1;1;1;1;1
"369";"2021-07-27";"alle";7;7;7;7;7;7;7;7;7;7;7;7;32;32;32;32;32;32;32;32;32;32;32;32;NA;NA;NA;NA;NA;NA;NA;NA;NA;NA;NA
"370";"2021-07-26";"0-60";1;1;1;1;1;1;1;1;1;1;1;1;22;22;22;22;22;22;22;22;22;22;22;22;1;1;1;1;1;1;1;1;1;1;1
"371";"2021-07-26";"60+";1;1;1;1;1;1;1;1;1;1;1;1;8;8;8;8;8;8;8;8;8;8;8;8;1;1;1;1;1;1;1;1;1;1;1
"372";"2021-07-26";"alle";2;2;2;2;2;2;2;2;2;2;2;2;30;30;30;30;30;30;30;30;30;30;30;30;NA;NA;NA;NA;NA;NA;NA;NA;NA;NA;NA
"373";"2021-07-25";"0-60";1;1;1;1;1;1;1;1;1;1;1;1;22;22;22;22;22;22;22;22;22;22;22;22;1;1;1;1;1;1;1;1;1;1;1
"374";"2021-07-25";"60+";1;1;1;1;1;1;1;1;1;1;1;1;7;7;7;7;7;7;7;7;7;7;7;7;1;1;1;1;1;1;1;1;1;1;1
"375";"2021-07-25";"alle";2;2;2;2;2;2;2;2;2;2;2;2;29;29;29;29;29;29;29;29;29;29;29;29;NA;NA;NA;NA;NA;NA;NA;NA;NA;NA;NA
"376";"2021-07-24";"0-60";3;3;3;3;3;3;3;3;3;3;3;3;21;21;21;21;21;21;21;21;21;21;21;21;1;1;1;1;1;1;1;1;1;1;1
"377";"2021-07-24";"60+";1;1;1;1;1;1;1;1;1;1;1;1;6;6;6;6;6;6;6;6;6;6;6;6;1;1;1;1;1;1;1;1;1;1;1
"378";"2021-07-24";"alle";4;4;4;4;4;4;4;4;4;4;4;4;27;27;27;27;27;27;27;27;27;27;27;27;NA;NA;NA;NA;NA;NA;NA;NA;NA;NA;NA
"379";"2021-07-23";"0-60";6;6;6;6;6;6;6;6;6;6;6;6;20;20;20;20;20;20;20;20;20;20;20;20;1;1;1;1;1;1;1;1;1;1;1
"380";"2021-07-23";"60+";1;1;1;1;1;1;1;1;1;1;1;1;8;8;8;8;8;8;8;8;8;8;8;8;1;1;1;1;1;1;1;1;1;1;1
"381";"2021-07-23";"alle";7;7;7;7;7;7;7;7;7;7;7;7;28;28;28;28;28;28;28;28;28;28;28;28;NA;NA;NA;NA;NA;NA;NA;NA;NA;NA;NA
"382";"2021-07-22";"0-60";2;2;2;2;2;2;2;2;2;2;2;2;15;15;15;15;15;15;15;15;15;15;15;15;1;1;1;1;1;1;1;1;1;1;1
"383";"2021-07-22";"60+";1;1;1;1;1;1;1;1;1;1;1;1;7;7;7;7;7;7;7;7;7;7;7;7;1;1;1;1;1;1;1;1;1;1;1
"384";"2021-07-22";"alle";3;3;3;3;3;3;3;3;3;3;3;3;22;22;22;22;22;22;22;22;22;22;22;22;NA;NA;NA;NA;NA;NA;NA;NA;NA;NA;NA
"385";"2021-07-21";"0-60";5;5;5;5;5;5;5;5;5;5;5;5;15;15;15;15;15;15;15;15;15;15;15;15;1;1;1;1;1;1;1;1;1;1;1
"386";"2021-07-21";"60+";2;2;2;2;2;2;2;2;2;2;2;2;6;6;6;6;6;6;6;6;6;6;6;6;1;1;1;1;1;1;1;1;1;1;1
"387";"2021-07-21";"alle";7;7;7;7;7;7;7;7;7;7;7;7;21;21;21;21;21;21;21;21;21;21;21;21;NA;NA;NA;NA;NA;NA;NA;NA;NA;NA;NA
"388";"2021-07-20";"0-60";4;4;4;4;4;4;4;4;4;4;4;4;12;12;12;12;12;12;12;12;12;12;12;12;1;1;1;1;1;1;1;1;1;1;1
"389";"2021-07-20";"60+";1;1;1;1;1;1;1;1;1;1;1;1;6;6;6;6;6;6;6;6;6;6;6;6;1;1;1;1;1;1;1;1;1;1;1
"390";"2021-07-20";"alle";5;5;5;5;5;5;5;5;5;5;5;5;18;18;18;18;18;18;18;18;18;18;18;18;NA;NA;NA;NA;NA;NA;NA;NA;NA;NA;NA
"391";"2021-07-19";"0-60";1;1;1;1;1;1;1;1;1;1;1;1;10;10;10;10;10;10;10;10;10;10;10;10;1;1;1;1;1;1;1;1;1;1;1
"392";"2021-07-19";"60+";0;0;0;0;0;0;0;0;0;0;0;0;6;6;6;6;6;6;6;6;6;6;6;6;1;1;1;1;1;1;1;1;1;1;1
"393";"2021-07-19";"alle";1;1;1;1;1;1;1;1;1;1;1;1;16;16;16;16;16;16;16;16;16;16;16;16;NA;NA;NA;NA;NA;NA;NA;NA;NA;NA;NA
"394";"2021-07-18";"0-60";0;0;0;0;0;0;0;0;0;0;0;0;9;9;9;9;9;9;9;9;9;9;9;9;1;1;1;1;1;1;1;1;1;1;1
"395";"2021-07-18";"60+";0;0;0;0;0;0;0;0;0;0;0;0;7;7;7;7;7;7;7;7;7;7;7;7;1;1;1;1;1;1;1;1;1;1;1
"396";"2021-07-18";"alle";0;0;0;0;0;0;0;0;0;0;0;0;16;16;16;16;16;16;16;16;16;16;16;16;NA;NA;NA;NA;NA;NA;NA;NA;NA;NA;NA
"397";"2021-07-17";"0-60";2;2;2;2;2;2;2;2;2;2;2;2;10;10;10;10;10;10;10;10;10;10;10;10;1;1;1;1;1;1;1;1;1;1;1
"398";"2021-07-17";"60+";3;3;3;3;3;3;3;3;3;3;3;3;9;9;9;9;9;9;9;9;9;9;9;9;1;1;1;1;1;1;1;1;1;1;1
"399";"2021-07-17";"alle";5;5;5;5;5;5;5;5;5;5;5;5;19;19;19;19;19;19;19;19;19;19;19;19;NA;NA;NA;NA;NA;NA;NA;NA;NA;NA;NA
"400";"2021-07-16";"0-60";1;1;1;1;1;1;1;1;1;1;1;1;12;12;12;12;12;12;12;12;12;12;12;12;1;1;1;1;1;1;1;1;1;1;1
"401";"2021-07-16";"60+";0;0;0;0;0;0;0;0;0;0;0;0;6;6;6;6;6;6;6;6;6;6;6;6;1;1;1;1;1;1;1;1;1;1;1
"402";"2021-07-16";"alle";1;1;1;1;1;1;1;1;1;1;1;1;18;18;18;18;18;18;18;18;18;18;18;18;NA;NA;NA;NA;NA;NA;NA;NA;NA;NA;NA
"403";"2021-07-15";"0-60";2;2;2;2;2;2;2;2;2;2;2;2;13;13;13;13;13;13;13;13;13;13;13;13;1;1;1;1;1;1;1;1;1;1;1
"404";"2021-07-15";"60+";0;0;0;0;0;0;0;0;0;0;0;0;7;7;7;7;7;7;7;7;7;7;7;7;1;1;1;1;1;1;1;1;1;1;1
"405";"2021-07-15";"alle";2;2;2;2;2;2;2;2;2;2;2;2;20;20;20;20;20;20;20;20;20;20;20;20;NA;NA;NA;NA;NA;NA;NA;NA;NA;NA;NA
"406";"2021-07-14";"0-60";2;2;2;2;2;2;2;2;2;2;2;2;14;14;14;14;14;14;14;14;14;14;14;14;1;1;1;1;1;1;1;1;1;1;1
"407";"2021-07-14";"60+";2;2;2;2;2;2;2;2;2;2;2;2;9;9;9;9;9;9;9;9;9;9;9;9;1;1;1;1;1;1;1;1;1;1;1
"408";"2021-07-14";"alle";4;4;4;4;4;4;4;4;4;4;4;4;23;23;23;23;23;23;23;23;23;23;23;23;NA;NA;NA;NA;NA;NA;NA;NA;NA;NA;NA
"409";"2021-07-13";"0-60";2;2;2;2;2;2;2;2;2;2;2;2;15;15;15;15;15;15;15;15;15;15;15;15;1;1;1;1;1;1;1;1;1;1;1
"410";"2021-07-13";"60+";1;1;1;1;1;1;1;1;1;1;1;1;9;9;9;9;9;9;9;9;9;9;9;9;1;1;1;1;1;1;1;1;1;1;1
"411";"2021-07-13";"alle";3;3;3;3;3;3;3;3;3;3;3;3;24;24;24;24;24;24;24;24;24;24;24;24;NA;NA;NA;NA;NA;NA;NA;NA;NA;NA;NA
"412";"2021-07-12";"0-60";0;0;0;0;0;0;0;0;0;0;0;0;14;14;14;14;14;14;14;14;14;14;14;14;1;1;1;1;1;1;1;1;1;1;1
"413";"2021-07-12";"60+";1;1;1;1;1;1;1;1;1;1;1;1;10;10;10;10;10;10;10;10;10;10;10;10;1;1;1;1;1;1;1;1;1;1;1
"414";"2021-07-12";"alle";1;1;1;1;1;1;1;1;1;1;1;1;24;24;24;24;24;24;24;24;24;24;24;24;NA;NA;NA;NA;NA;NA;NA;NA;NA;NA;NA
"415";"2021-07-11";"0-60";1;1;1;1;1;1;1;1;1;1;1;1;14;14;14;14;14;14;14;14;14;14;14;14;1;1;1;1;1;1;1;1;1;1;1
"416";"2021-07-11";"60+";2;2;2;2;2;2;2;2;2;2;2;2;10;10;10;10;10;10;10;10;10;10;10;10;1;1;1;1;1;1;1;1;1;1;1
"417";"2021-07-11";"alle";3;3;3;3;3;3;3;3;3;3;3;3;24;24;24;24;24;24;24;24;24;24;24;24;NA;NA;NA;NA;NA;NA;NA;NA;NA;NA;NA
"418";"2021-07-10";"0-60";4;4;4;4;4;4;4;4;4;4;4;4;16;16;16;16;16;16;16;16;16;16;16;16;1;1;1;1;1;1;1;1;1;1;1
"419";"2021-07-10";"60+";0;0;0;0;0;0;0;0;0;0;0;0;9;9;9;9;9;9;9;9;9;9;9;9;1;1;1;1;1;1;1;1;1;1;1
"420";"2021-07-10";"alle";4;4;4;4;4;4;4;4;4;4;4;4;25;25;25;25;25;25;25;25;25;25;25;25;NA;NA;NA;NA;NA;NA;NA;NA;NA;NA;NA
"421";"2021-07-09";"0-60";2;2;2;2;2;2;2;2;2;2;2;2;14;14;14;14;14;14;14;14;14;14;14;14;1;1;1;1;1;1;1;1;1;1;1
"422";"2021-07-09";"60+";1;1;1;1;1;1;1;1;1;1;1;1;9;9;9;9;9;9;9;9;9;9;9;9;1;1;1;1;1;1;1;1;1;1;1
"423";"2021-07-09";"alle";3;3;3;3;3;3;3;3;3;3;3;3;23;23;23;23;23;23;23;23;23;23;23;23;NA;NA;NA;NA;NA;NA;NA;NA;NA;NA;NA
"424";"2021-07-08";"0-60";3;3;3;3;3;3;3;3;3;3;3;3;15;15;15;15;15;15;15;15;15;15;15;15;1;1;1;1;1;1;1;1;1;1;1
"425";"2021-07-08";"60+";2;2;2;2;2;2;2;2;2;2;2;2;11;11;11;11;11;11;11;11;11;11;11;11;1;1;1;1;1;1;1;1;1;1;1
"426";"2021-07-08";"alle";5;5;5;5;5;5;5;5;5;5;5;5;26;26;26;26;26;26;26;26;26;26;26;26;NA;NA;NA;NA;NA;NA;NA;NA;NA;NA;NA
"427";"2021-07-07";"0-60";3;3;3;3;3;3;3;3;3;3;3;3;17;17;17;17;17;17;17;17;17;17;17;17;1;1;1;1;1;1;1;1;1;1;1
"428";"2021-07-07";"60+";2;2;2;2;2;2;2;2;2;2;2;2;10;10;10;10;10;10;10;10;10;10;10;10;1;1;1;1;1;1;1;1;1;1;1
"429";"2021-07-07";"alle";5;5;5;5;5;5;5;5;5;5;5;5;27;27;27;27;27;27;27;27;27;27;27;27;NA;NA;NA;NA;NA;NA;NA;NA;NA;NA;NA
"430";"2021-07-06";"0-60";1;1;1;1;1;1;1;1;1;1;1;1;14;14;14;14;14;14;14;14;14;14;14;14;1;1;1;1;1;1;1;1;1;1;1
"431";"2021-07-06";"60+";2;2;2;2;2;2;2;2;2;2;2;2;8;8;8;8;8;8;8;8;8;8;8;8;1;1;1;1;1;1;1;1;1;1;1
"432";"2021-07-06";"alle";3;3;3;3;3;3;3;3;3;3;3;3;22;22;22;22;22;22;22;22;22;22;22;22;NA;NA;NA;NA;NA;NA;NA;NA;NA;NA;NA
"433";"2021-07-05";"0-60";0;0;0;0;0;0;0;0;0;0;0;0;13;13;13;13;13;13;13;13;13;13;13;13;1;1;1;1;1;1;1;1;1;1;1
"434";"2021-07-05";"60+";1;1;1;1;1;1;1;1;1;1;1;1;7;7;7;7;7;7;7;7;7;7;7;7;1;1;1;1;1;1;1;1;1;1;1
"435";"2021-07-05";"alle";1;1;1;1;1;1;1;1;1;1;1;1;20;20;20;20;20;20;20;20;20;20;20;20;NA;NA;NA;NA;NA;NA;NA;NA;NA;NA;NA
"436";"2021-07-04";"0-60";3;3;3;3;3;3;3;3;3;3;3;3;14;14;14;14;14;14;14;14;14;14;14;14;1;1;1;1;1;1;1;1;1;1;1
"437";"2021-07-04";"60+";1;1;1;1;1;1;1;1;1;1;1;1;6;6;6;6;6;6;6;6;6;6;6;6;1;1;1;1;1;1;1;1;1;1;1
"438";"2021-07-04";"alle";4;4;4;4;4;4;4;4;4;4;4;4;20;20;20;20;20;20;20;20;20;20;20;20;NA;NA;NA;NA;NA;NA;NA;NA;NA;NA;NA
"439";"2021-07-03";"0-60";2;2;2;2;2;2;2;2;2;2;2;2;11;11;11;11;11;11;11;11;11;11;11;11;1;1;1;1;1;1;1;1;1;1;1
"440";"2021-07-03";"60+";0;0;0;0;0;0;0;0;0;0;0;0;5;5;5;5;5;5;5;5;5;5;5;5;1;1;1;1;1;1;1;1;1;1;1
"441";"2021-07-03";"alle";2;2;2;2;2;2;2;2;2;2;2;2;16;16;16;16;16;16;16;16;16;16;16;16;NA;NA;NA;NA;NA;NA;NA;NA;NA;NA;NA
"442";"2021-07-02";"0-60";3;3;3;3;3;3;3;3;3;3;3;3;11;11;11;11;11;11;11;11;11;11;11;11;1;1;1;1;1;1;1;1;1;1;1
"443";"2021-07-02";"60+";3;3;3;3;3;3;3;3;3;3;3;3;6;6;6;6;6;6;6;6;6;6;6;6;1;1;1;1;1;1;1;1;1;1;1
"444";"2021-07-02";"alle";6;6;6;6;6;6;6;6;6;6;6;6;17;17;17;17;17;17;17;17;17;17;17;17;NA;NA;NA;NA;NA;NA;NA;NA;NA;NA;NA
"445";"2021-07-01";"0-60";5;5;5;5;5;5;5;5;5;5;5;5;9;9;9;9;9;9;9;9;9;9;9;9;1;1;1;1;1;1;1;1;1;1;1
"446";"2021-07-01";"60+";1;1;1;1;1;1;1;1;1;1;1;1;4;4;4;4;4;4;4;4;4;4;4;4;1;1;1;1;1;1;1;1;1;1;1
"447";"2021-07-01";"alle";6;6;6;6;6;6;6;6;6;6;6;6;13;13;13;13;13;13;13;13;13;13;13;13;NA;NA;NA;NA;NA;NA;NA;NA;NA;NA;NA
"448";"2021-06-30";"0-60";0;0;0;0;0;0;0;0;0;0;0;0;10;10;10;10;10;10;10;10;10;10;10;10;1;1;1;1;1;1;1;1;1;1;1
"449";"2021-06-30";"60+";0;0;0;0;0;0;0;0;0;0;0;0;5;5;5;5;5;5;5;5;5;5;5;5;1;1;1;1;1;1;1;1;1;1;1
"450";"2021-06-30";"alle";0;0;0;0;0;0;0;0;0;0;0;0;15;15;15;15;15;15;15;15;15;15;15;15;NA;NA;NA;NA;NA;NA;NA;NA;NA;NA;NA
"451";"2021-06-29";"0-60";0;0;0;0;0;0;0;0;0;0;0;0;12;12;12;12;12;12;12;12;12;12;12;12;1;1;1;1;1;1;1;1;1;1;1
"452";"2021-06-29";"60+";1;1;1;1;1;1;1;1;1;1;1;1;5;5;5;5;5;5;5;5;5;5;5;5;1;1;1;1;1;1;1;1;1;1;1
"453";"2021-06-29";"alle";1;1;1;1;1;1;1;1;1;1;1;1;17;17;17;17;17;17;17;17;17;17;17;17;NA;NA;NA;NA;NA;NA;NA;NA;NA;NA;NA
"454";"2021-06-28";"0-60";1;1;1;1;1;1;1;1;1;1;1;1;12;12;12;12;12;12;12;12;12;12;12;12;1;1;1;1;1;1;1;1;1;1;1
"455";"2021-06-28";"60+";0;0;0;0;0;0;0;0;0;0;0;0;5;5;5;5;5;5;5;5;5;5;5;5;1;1;1;1;1;1;1;1;1;1;1
"456";"2021-06-28";"alle";1;1;1;1;1;1;1;1;1;1;1;1;17;17;17;17;17;17;17;17;17;17;17;17;NA;NA;NA;NA;NA;NA;NA;NA;NA;NA;NA
"457";"2021-06-27";"0-60";0;0;0;0;0;0;0;0;0;0;0;0;11;11;11;11;11;11;11;11;11;11;11;11;1;1;1;1;1;1;1;1;1;1;1
"458";"2021-06-27";"60+";0;0;0;0;0;0;0;0;0;0;0;0;6;6;6;6;6;6;6;6;6;6;6;6;1;1;1;1;1;1;1;1;1;1;1
"459";"2021-06-27";"alle";0;0;0;0;0;0;0;0;0;0;0;0;17;17;17;17;17;17;17;17;17;17;17;17;NA;NA;NA;NA;NA;NA;NA;NA;NA;NA;NA
"460";"2021-06-26";"0-60";2;2;2;2;2;2;2;2;2;2;2;2;12;12;12;12;12;12;12;12;12;12;12;12;1;1;1;1;1;1;1;1;1;1;1
"461";"2021-06-26";"60+";1;1;1;1;1;1;1;1;1;1;1;1;6;6;6;6;6;6;6;6;6;6;6;6;1;1;1;1;1;1;1;1;1;1;1
"462";"2021-06-26";"alle";3;3;3;3;3;3;3;3;3;3;3;3;18;18;18;18;18;18;18;18;18;18;18;18;NA;NA;NA;NA;NA;NA;NA;NA;NA;NA;NA
"463";"2021-06-25";"0-60";1;1;1;1;1;1;1;1;1;1;1;1;12;12;12;12;12;12;12;12;12;12;12;12;1;1;1;1;1;1;1;1;1;1;1
"464";"2021-06-25";"60+";1;1;1;1;1;1;1;1;1;1;1;1;6;6;6;6;6;6;6;6;6;6;6;6;1;1;1;1;1;1;1;1;1;1;1
"465";"2021-06-25";"alle";2;2;2;2;2;2;2;2;2;2;2;2;18;18;18;18;18;18;18;18;18;18;18;18;NA;NA;NA;NA;NA;NA;NA;NA;NA;NA;NA
"466";"2021-06-24";"0-60";6;6;6;6;6;6;6;6;6;6;6;6;15;15;15;15;15;15;15;15;15;15;15;15;1;1;1;1;1;1;1;1;1;1;1
"467";"2021-06-24";"60+";2;2;2;2;2;2;2;2;2;2;2;2;7;7;7;7;7;7;7;7;7;7;7;7;1;1;1;1;1;1;1;1;1;1;1
"468";"2021-06-24";"alle";8;8;8;8;8;8;8;8;8;8;8;8;22;22;22;22;22;22;22;22;22;22;22;22;NA;NA;NA;NA;NA;NA;NA;NA;NA;NA;NA
"469";"2021-06-23";"0-60";2;2;2;2;2;2;2;2;2;2;2;2;12;12;12;12;12;12;12;12;12;12;12;12;1;1;1;1;1;1;1;1;1;1;1
"470";"2021-06-23";"60+";0;0;0;0;0;0;0;0;0;0;0;0;6;6;6;6;6;6;6;6;6;6;6;6;1;1;1;1;1;1;1;1;1;1;1
"471";"2021-06-23";"alle";2;2;2;2;2;2;2;2;2;2;2;2;18;18;18;18;18;18;18;18;18;18;18;18;NA;NA;NA;NA;NA;NA;NA;NA;NA;NA;NA
"472";"2021-06-22";"0-60";0;0;0;0;0;0;0;0;0;0;0;0;14;14;14;14;14;14;14;14;14;14;14;14;1;1;1;1;1;1;1;1;1;1;1
"473";"2021-06-22";"60+";1;1;1;1;1;1;1;1;1;1;1;1;10;10;10;10;10;10;10;10;10;10;10;10;1;1;1;1;1;1;1;1;1;1;1
"474";"2021-06-22";"alle";1;1;1;1;1;1;1;1;1;1;1;1;24;24;24;24;24;24;24;24;24;24;24;24;NA;NA;NA;NA;NA;NA;NA;NA;NA;NA;NA
"475";"2021-06-21";"0-60";0;0;0;0;0;0;0;0;0;0;0;0;15;15;15;15;15;15;15;15;15;15;15;15;1;1;1;1;1;1;1;1;1;1;1
"476";"2021-06-21";"60+";1;1;1;1;1;1;1;1;1;1;1;1;9;9;9;9;9;9;9;9;9;9;9;9;1;1;1;1;1;1;1;1;1;1;1
"477";"2021-06-21";"alle";1;1;1;1;1;1;1;1;1;1;1;1;24;24;24;24;24;24;24;24;24;24;24;24;NA;NA;NA;NA;NA;NA;NA;NA;NA;NA;NA
"478";"2021-06-20";"0-60";1;1;1;1;1;1;1;1;1;1;1;1;19;19;19;19;19;19;19;19;19;19;19;19;1;1;1;1;1;1;1;1;1;1;1
"479";"2021-06-20";"60+";0;0;0;0;0;0;0;0;0;0;0;0;10;10;10;10;10;10;10;10;10;10;10;10;1;1;1;1;1;1;1;1;1;1;1
"480";"2021-06-20";"alle";1;1;1;1;1;1;1;1;1;1;1;1;29;29;29;29;29;29;29;29;29;29;29;29;NA;NA;NA;NA;NA;NA;NA;NA;NA;NA;NA
"481";"2021-06-19";"0-60";2;2;2;2;2;2;2;2;2;2;2;2;20;20;20;20;20;20;20;20;20;20;20;20;1;1;1;1;1;1;1;1;1;1;1
"482";"2021-06-19";"60+";1;1;1;1;1;1;1;1;1;1;1;1;10;10;10;10;10;10;10;10;10;10;10;10;1;1;1;1;1;1;1;1;1;1;1
"483";"2021-06-19";"alle";3;3;3;3;3;3;3;3;3;3;3;3;30;30;30;30;30;30;30;30;30;30;30;30;NA;NA;NA;NA;NA;NA;NA;NA;NA;NA;NA
"484";"2021-06-18";"0-60";4;4;4;4;4;4;4;4;4;4;4;4;20;20;20;20;20;20;20;20;20;20;20;20;1;1;1;1;1;1;1;1;1;1;1
"485";"2021-06-18";"60+";2;2;2;2;2;2;2;2;2;2;2;2;11;11;11;11;11;11;11;11;11;11;11;11;1;1;1;1;1;1;1;1;1;1;1
"486";"2021-06-18";"alle";6;6;6;6;6;6;6;6;6;6;6;6;31;31;31;31;31;31;31;31;31;31;31;31;NA;NA;NA;NA;NA;NA;NA;NA;NA;NA;NA
"487";"2021-06-17";"0-60";3;3;3;3;3;3;3;3;3;3;3;3;20;20;20;20;20;20;20;20;20;20;20;20;1;1;1;1;1;1;1;1;1;1;1
"488";"2021-06-17";"60+";1;1;1;1;1;1;1;1;1;1;1;1;14;14;14;14;14;14;14;14;14;14;14;14;1;1;1;1;1;1;1;1;1;1;1
"489";"2021-06-17";"alle";4;4;4;4;4;4;4;4;4;4;4;4;34;34;34;34;34;34;34;34;34;34;34;34;NA;NA;NA;NA;NA;NA;NA;NA;NA;NA;NA
"490";"2021-06-16";"0-60";4;4;4;4;4;4;4;4;4;4;4;4;24;24;24;24;24;24;24;24;24;24;24;24;1;1;1;1;1;1;1;1;1;1;1
"491";"2021-06-16";"60+";4;4;4;4;4;4;4;4;4;4;4;4;16;16;16;16;16;16;16;16;16;16;16;16;1;1;1;1;1;1;1;1;1;1;1
"492";"2021-06-16";"alle";8;8;8;8;8;8;8;8;8;8;8;8;40;40;40;40;40;40;40;40;40;40;40;40;NA;NA;NA;NA;NA;NA;NA;NA;NA;NA;NA
"493";"2021-06-15";"0-60";1;1;1;1;1;1;1;1;1;1;1;1;24;24;24;24;24;24;24;24;24;24;24;24;1;1;1;1;1;1;1;1;1;1;1
"494";"2021-06-15";"60+";0;0;0;0;0;0;0;0;0;0;0;0;14;14;14;14;14;14;14;14;14;14;14;14;1;1;1;1;1;1;1;1;1;1;1
"495";"2021-06-15";"alle";1;1;1;1;1;1;1;1;1;1;1;1;38;38;38;38;38;38;38;38;38;38;38;38;NA;NA;NA;NA;NA;NA;NA;NA;NA;NA;NA
"496";"2021-06-14";"0-60";4;4;4;4;4;4;4;4;4;4;4;4;27;27;27;27;27;27;27;27;27;27;27;27;1;1;1;1;1;1;1;1;1;1;1
"497";"2021-06-14";"60+";2;2;2;2;2;2;2;2;2;2;2;2;16;16;16;16;16;16;16;16;16;16;16;16;1;1;1;1;1;1;1;1;1;1;1
"498";"2021-06-14";"alle";6;6;6;6;6;6;6;6;6;6;6;6;43;43;43;43;43;43;43;43;43;43;43;43;NA;NA;NA;NA;NA;NA;NA;NA;NA;NA;NA
"499";"2021-06-13";"0-60";2;2;2;2;2;2;2;2;2;2;2;2;26;26;26;26;26;26;26;26;26;26;26;26;1;1;1;1;1;1;1;1;1;1;1
"500";"2021-06-13";"60+";0;0;0;0;0;0;0;0;0;0;0;0;14;14;14;14;14;14;14;14;14;14;14;14;1;1;1;1;1;1;1;1;1;1;1
"501";"2021-06-13";"alle";2;2;2;2;2;2;2;2;2;2;2;2;40;40;40;40;40;40;40;40;40;40;40;40;NA;NA;NA;NA;NA;NA;NA;NA;NA;NA;NA
"502";"2021-06-12";"0-60";2;2;2;2;2;2;2;2;2;2;2;2;27;27;27;27;27;27;27;27;27;27;27;27;1;1;1;1;1;1;1;1;1;1;1
"503";"2021-06-12";"60+";2;2;2;2;2;2;2;2;2;2;2;2;17;17;17;17;17;17;17;17;17;17;17;17;1;1;1;1;1;1;1;1;1;1;1
"504";"2021-06-12";"alle";4;4;4;4;4;4;4;4;4;4;4;4;44;44;44;44;44;44;44;44;44;44;44;44;NA;NA;NA;NA;NA;NA;NA;NA;NA;NA;NA
"505";"2021-06-11";"0-60";4;4;4;4;4;4;4;4;4;4;4;4;27;27;27;27;27;27;27;27;27;27;27;27;1;1;1;1;1;1;1;1;1;1;1
"506";"2021-06-11";"60+";5;5;5;5;5;5;5;5;5;5;5;5;16;16;16;16;16;16;16;16;16;16;16;16;1;1;1;1;1;1;1;1;1;1;1
"507";"2021-06-11";"alle";9;9;9;9;9;9;9;9;9;9;9;9;43;43;43;43;43;43;43;43;43;43;43;43;NA;NA;NA;NA;NA;NA;NA;NA;NA;NA;NA
"508";"2021-06-10";"0-60";7;7;7;7;7;7;7;7;7;7;7;7;29;29;29;29;29;29;29;29;29;29;29;29;1;1;1;1;1;1;1;1;1;1;1
"509";"2021-06-10";"60+";3;3;3;3;3;3;3;3;3;3;3;3;15;15;15;15;15;15;15;15;15;15;15;15;1;1;1;1;1;1;1;1;1;1;1
"510";"2021-06-10";"alle";10;10;10;10;10;10;10;10;10;10;10;10;44;44;44;44;44;44;44;44;44;44;44;44;NA;NA;NA;NA;NA;NA;NA;NA;NA;NA;NA
"511";"2021-06-09";"0-60";4;4;4;4;4;4;4;4;4;4;4;4;30;30;30;30;30;30;30;30;30;30;30;30;1;1;1;1;1;1;1;1;1;1;1
"512";"2021-06-09";"60+";2;2;2;2;2;2;2;2;2;2;2;2;18;18;18;18;18;18;18;18;18;18;18;18;1;1;1;1;1;1;1;1;1;1;1
"513";"2021-06-09";"alle";6;6;6;6;6;6;6;6;6;6;6;6;48;48;48;48;48;48;48;48;48;48;48;48;NA;NA;NA;NA;NA;NA;NA;NA;NA;NA;NA
"514";"2021-06-08";"0-60";4;4;4;4;4;4;4;4;4;4;4;4;37;37;37;37;37;37;37;37;37;37;37;37;1;1;1;1;1;1;1;1;1;1;1
"515";"2021-06-08";"60+";2;2;2;2;2;2;2;2;2;2;2;2;18;18;18;18;18;18;18;18;18;18;18;18;1;1;1;1;1;1;1;1;1;1;1
"516";"2021-06-08";"alle";6;6;6;6;6;6;6;6;6;6;6;6;55;55;55;55;55;55;55;55;55;55;55;55;NA;NA;NA;NA;NA;NA;NA;NA;NA;NA;NA
"517";"2021-06-07";"0-60";3;3;3;3;3;3;3;3;3;3;3;3;35;35;35;35;35;35;35;35;35;35;35;35;1;1;1;1;1;1;1;1;1;1;1
"518";"2021-06-07";"60+";0;0;0;0;0;0;0;0;0;0;0;0;18;18;18;18;18;18;18;18;18;18;18;18;1;1;1;1;1;1;1;1;1;1;1
"519";"2021-06-07";"alle";3;3;3;3;3;3;3;3;3;3;3;3;53;53;53;53;53;53;53;53;53;53;53;53;NA;NA;NA;NA;NA;NA;NA;NA;NA;NA;NA
"520";"2021-06-06";"0-60";3;3;3;3;3;3;3;3;3;3;3;3;34;34;34;34;34;34;34;34;34;34;34;34;1;1;1;1;1;1;1;1;1;1;1
"521";"2021-06-06";"60+";3;3;3;3;3;3;3;3;3;3;3;3;19;19;19;19;19;19;19;19;19;19;19;19;1;1;1;1;1;1;1;1;1;1;1
"522";"2021-06-06";"alle";6;6;6;6;6;6;6;6;6;6;6;6;53;53;53;53;53;53;53;53;53;53;53;53;NA;NA;NA;NA;NA;NA;NA;NA;NA;NA;NA
"523";"2021-06-05";"0-60";2;2;2;2;2;2;2;2;2;2;2;2;34;34;34;34;34;34;34;34;34;34;34;34;1;1;1;1;1;1;1;1;1;1;1
"524";"2021-06-05";"60+";1;1;1;1;1;1;1;1;1;1;1;1;17;17;17;17;17;17;17;17;17;17;17;17;1;1;1;1;1;1;1;1;1;1;1
"525";"2021-06-05";"alle";3;3;3;3;3;3;3;3;3;3;3;3;51;51;51;51;51;51;51;51;51;51;51;51;NA;NA;NA;NA;NA;NA;NA;NA;NA;NA;NA
"526";"2021-06-04";"0-60";6;6;6;6;6;6;6;6;6;6;6;6;43;43;43;43;43;43;43;43;43;43;43;43;1;1;1;1;1;1;1;1;1;1;1
"527";"2021-06-04";"60+";4;4;4;4;4;4;4;4;4;4;4;4;24;24;24;24;24;24;24;24;24;24;24;24;1;1;1;1;1;1;1;1;1;1;1
"528";"2021-06-04";"alle";10;10;10;10;10;10;10;10;10;10;10;10;67;67;67;67;67;67;67;67;67;67;67;67;NA;NA;NA;NA;NA;NA;NA;NA;NA;NA;NA
"529";"2021-06-03";"0-60";8;8;8;8;8;8;8;8;8;8;8;8;45;45;45;45;45;45;45;45;45;45;45;45;1;1;1;1;1;1;1;1;1;1;1
"530";"2021-06-03";"60+";6;6;6;6;6;6;6;6;6;6;6;6;26;26;26;26;26;26;26;26;26;26;26;26;1;1;1;1;1;1;1;1;1;1;1
"531";"2021-06-03";"alle";14;14;14;14;14;14;14;14;14;14;14;14;71;71;71;71;71;71;71;71;71;71;71;71;NA;NA;NA;NA;NA;NA;NA;NA;NA;NA;NA
"532";"2021-06-02";"0-60";11;11;11;11;11;11;11;11;11;11;11;11;50;50;50;50;50;50;50;50;50;50;50;50;1;1;1;1;1;1;1;1;1;1;1
"533";"2021-06-02";"60+";2;2;2;2;2;2;2;2;2;2;2;2;30;30;30;30;30;30;30;30;30;30;30;30;1;1;1;1;1;1;1;1;1;1;1
"534";"2021-06-02";"alle";13;13;13;13;13;13;13;13;13;13;13;13;80;80;80;80;80;80;80;80;80;80;80;80;NA;NA;NA;NA;NA;NA;NA;NA;NA;NA;NA
"535";"2021-06-01";"0-60";2;2;2;2;2;2;2;2;2;2;2;2;48;48;48;48;48;48;48;48;48;48;48;48;1;1;1;1;1;1;1;1;1;1;1
"536";"2021-06-01";"60+";2;2;2;2;2;2;2;2;2;2;2;2;35;35;35;35;35;35;35;35;35;35;35;35;1;1;1;1;1;1;1;1;1;1;1
"537";"2021-06-01";"alle";4;4;4;4;4;4;4;4;4;4;4;4;83;83;83;83;83;83;83;83;83;83;83;83;NA;NA;NA;NA;NA;NA;NA;NA;NA;NA;NA
"538";"2021-05-31";"0-60";2;2;2;2;2;2;2;2;2;2;2;2;51;51;51;51;51;51;51;51;51;51;51;51;1;1;1;1;1;1;1;1;1;1;1
"539";"2021-05-31";"60+";1;1;1;1;1;1;1;1;1;1;1;1;35;35;35;35;35;35;35;35;35;35;35;35;1;1;1;1;1;1;1;1;1;1;1
"540";"2021-05-31";"alle";3;3;3;3;3;3;3;3;3;3;3;3;86;86;86;86;86;86;86;86;86;86;86;86;NA;NA;NA;NA;NA;NA;NA;NA;NA;NA;NA
"541";"2021-05-30";"0-60";3;3;3;3;3;3;3;3;3;3;3;3;52;52;52;52;52;52;52;52;52;52;52;52;1;1;1;1;1;1;1;1;1;1;1
"542";"2021-05-30";"60+";1;1;1;1;1;1;1;1;1;1;1;1;38;38;38;38;38;38;38;38;38;38;38;38;1;1;1;1;1;1;1;1;1;1;1
"543";"2021-05-30";"alle";4;4;4;4;4;4;4;4;4;4;4;4;90;90;90;90;90;90;90;90;90;90;90;90;NA;NA;NA;NA;NA;NA;NA;NA;NA;NA;NA
"544";"2021-05-29";"0-60";11;11;11;11;11;11;11;11;11;11;11;11;50;50;50;50;50;50;50;50;50;50;50;50;1;1;1;1;1;1;1;1;1;1;1
"545";"2021-05-29";"60+";8;8;8;8;8;8;8;8;8;8;8;8;41;41;41;41;41;41;41;41;41;41;41;41;1;1;1;1;1;1;1;1;1;1;1
"546";"2021-05-29";"alle";19;19;19;19;19;19;19;19;19;19;19;19;91;91;91;91;91;91;91;91;91;91;91;91;NA;NA;NA;NA;NA;NA;NA;NA;NA;NA;NA
"547";"2021-05-28";"0-60";8;8;8;8;8;8;8;8;8;8;8;8;47;47;47;47;47;47;47;47;47;47;47;47;1;1;1;1;1;1;1;1;1;1;1
"548";"2021-05-28";"60+";6;6;6;6;6;6;6;6;6;6;6;6;45;45;45;45;45;45;45;45;45;45;45;45;1;1;1;1;1;1;1;1;1;1;1
"549";"2021-05-28";"alle";14;14;14;14;14;14;14;14;14;14;14;14;92;92;92;92;92;92;92;92;92;92;92;92;NA;NA;NA;NA;NA;NA;NA;NA;NA;NA;NA
"550";"2021-05-27";"0-60";13;13;13;13;13;13;13;13;13;13;13;13;48;48;48;48;48;48;48;48;48;48;48;48;1;1;1;1;1;1;1;1;1;1;1
"551";"2021-05-27";"60+";10;10;10;10;10;10;10;10;10;10;10;10;47;47;47;47;47;47;47;47;47;47;47;47;1;1;1;1;1;1;1;1;1;1;1
"552";"2021-05-27";"alle";23;23;23;23;23;23;23;23;23;23;23;23;95;95;95;95;95;95;95;95;95;95;95;95;NA;NA;NA;NA;NA;NA;NA;NA;NA;NA;NA
"553";"2021-05-26";"0-60";9;9;9;9;9;9;9;9;9;9;9;9;47;47;47;47;47;47;47;47;47;47;47;47;1;1;1;1;1;1;1;1;1;1;1
"554";"2021-05-26";"60+";7;7;7;7;7;7;7;7;7;7;7;7;43;43;43;43;43;43;43;43;43;43;43;43;1;1;1;1;1;1;1;1;1;1;1
"555";"2021-05-26";"alle";16;16;16;16;16;16;16;16;16;16;16;16;90;90;90;90;90;90;90;90;90;90;90;90;NA;NA;NA;NA;NA;NA;NA;NA;NA;NA;NA
"556";"2021-05-25";"0-60";5;5;5;5;5;5;5;5;5;5;5;5;56;56;56;56;56;56;56;56;56;56;56;56;1;1;1;1;1;1;1;1;1;1;1
"557";"2021-05-25";"60+";2;2;2;2;2;2;2;2;2;2;2;2;42;42;42;42;42;42;42;42;42;42;42;42;1;1;1;1;1;1;1;1;1;1;1
"558";"2021-05-25";"alle";7;7;7;7;7;7;7;7;7;7;7;7;98;98;98;98;98;98;98;98;98;98;98;98;NA;NA;NA;NA;NA;NA;NA;NA;NA;NA;NA
"559";"2021-05-24";"0-60";3;3;3;3;3;3;3;3;3;3;3;3;59;59;59;59;59;59;59;59;59;59;59;59;1;1;1;1;1;1;1;1;1;1;1
"560";"2021-05-24";"60+";4;4;4;4;4;4;4;4;4;4;4;4;44;44;44;44;44;44;44;44;44;44;44;44;1;1;1;1;1;1;1;1;1;1;1
"561";"2021-05-24";"alle";7;7;7;7;7;7;7;7;7;7;7;7;103;103;103;103;103;103;103;103;103;103;103;103;NA;NA;NA;NA;NA;NA;NA;NA;NA;NA;NA
"562";"2021-05-23";"0-60";1;1;1;1;1;1;1;1;1;1;1;1;60;60;60;60;60;60;60;60;60;60;60;60;1;1;1;1;1;1;1;1;1;1;1
"563";"2021-05-23";"60+";4;4;4;4;4;4;4;4;4;4;4;4;49;49;49;49;49;49;49;49;49;49;49;49;1;1;1;1;1;1;1;1;1;1;1
"564";"2021-05-23";"alle";5;5;5;5;5;5;5;5;5;5;5;5;109;109;109;109;109;109;109;109;109;109;109;109;NA;NA;NA;NA;NA;NA;NA;NA;NA;NA;NA
"565";"2021-05-22";"0-60";8;8;8;8;8;8;8;8;8;8;8;8;75;75;75;75;75;75;75;75;75;75;75;75;1;1;1;1;1;1;1;1;1;1;1
"566";"2021-05-22";"60+";12;12;12;12;12;12;12;12;12;12;12;12;53;53;53;53;53;53;53;53;53;53;53;53;1;1;1;1;1;1;1;1;1;1;1
"567";"2021-05-22";"alle";20;20;20;20;20;20;20;20;20;20;20;20;128;128;128;128;128;128;128;128;128;128;128;128;NA;NA;NA;NA;NA;NA;NA;NA;NA;NA;NA
"568";"2021-05-21";"0-60";9;9;9;9;9;9;9;9;9;9;9;9;74;74;74;74;74;74;74;74;74;74;74;74;1;1;1;1;1;1;1;1;1;1;1
"569";"2021-05-21";"60+";8;8;8;8;8;8;8;8;8;8;8;8;52;52;52;52;52;52;52;52;52;52;52;52;1;1;1;1;1;1;1;1;1;1;1
"570";"2021-05-21";"alle";17;17;17;17;17;17;17;17;17;17;17;17;126;126;126;126;126;126;126;126;126;126;126;126;NA;NA;NA;NA;NA;NA;NA;NA;NA;NA;NA
"571";"2021-05-20";"0-60";12;12;12;12;12;12;12;12;12;12;12;12;74;74;74;74;74;74;74;74;74;74;74;74;1;1;1;1;1;1;1;1;1;1;1
"572";"2021-05-20";"60+";6;6;6;6;6;6;6;6;6;6;6;6;49;49;49;49;49;49;49;49;49;49;49;49;1;1;1;1;1;1;1;1;1;1;1
"573";"2021-05-20";"alle";18;18;18;18;18;18;18;18;18;18;18;18;123;123;123;123;123;123;123;123;123;123;123;123;NA;NA;NA;NA;NA;NA;NA;NA;NA;NA;NA
"574";"2021-05-19";"0-60";18;18;18;18;18;18;18;18;18;18;18;18;78;78;78;78;78;78;78;78;78;78;78;78;1;1;1;1;1;1;1;1;1;1;1
"575";"2021-05-19";"60+";6;6;6;6;6;6;6;6;6;6;6;6;59;59;59;59;59;59;59;59;59;59;59;59;1;1;1;1;1;1;1;1;1;1;1
"576";"2021-05-19";"alle";24;24;24;24;24;24;24;24;24;24;24;24;137;137;137;137;137;137;137;137;137;137;137;137;NA;NA;NA;NA;NA;NA;NA;NA;NA;NA;NA
"577";"2021-05-18";"0-60";8;8;8;8;8;8;8;8;8;8;8;8;70;70;70;70;70;70;70;70;70;70;70;70;1;1;1;1;1;1;1;1;1;1;1
"578";"2021-05-18";"60+";4;4;4;4;4;4;4;4;4;4;4;4;66;66;66;66;66;66;66;66;66;66;66;66;1;1;1;1;1;1;1;1;1;1;1
"579";"2021-05-18";"alle";12;12;12;12;12;12;12;12;12;12;12;12;136;136;136;136;136;136;136;136;136;136;136;136;NA;NA;NA;NA;NA;NA;NA;NA;NA;NA;NA
"580";"2021-05-17";"0-60";4;4;4;4;4;4;4;4;4;4;4;4;75;75;75;75;75;75;75;75;75;75;75;75;1;1;1;1;1;1;1;1;1;1;1
"581";"2021-05-17";"60+";9;9;9;9;9;9;9;9;9;9;9;9;80;80;80;80;80;80;80;80;80;80;80;80;1;1;1;1;1;1;1;1;1;1;1
"582";"2021-05-17";"alle";13;13;13;13;13;13;13;13;13;13;13;13;155;155;155;155;155;155;155;155;155;155;155;155;NA;NA;NA;NA;NA;NA;NA;NA;NA;NA;NA
"583";"2021-05-16";"0-60";16;16;16;16;16;16;16;16;16;16;16;16;84;84;84;84;84;84;84;84;84;84;84;84;1;1;1;1;1;1;1;1;1;1;1
"584";"2021-05-16";"60+";8;8;8;8;8;8;8;8;8;8;8;8;79;79;79;79;79;79;79;79;79;79;79;79;1;1;1;1;1;1;1;1;1;1;1
"585";"2021-05-16";"alle";24;24;24;24;24;24;24;24;24;24;24;24;163;163;163;163;163;163;163;163;163;163;163;163;NA;NA;NA;NA;NA;NA;NA;NA;NA;NA;NA
"586";"2021-05-15";"0-60";7;7;7;7;7;7;7;7;7;7;7;7;81;81;81;81;81;81;81;81;81;81;81;81;1;1;1;1;1;1;1;1;1;1;1
"587";"2021-05-15";"60+";11;11;11;11;11;11;11;11;11;11;11;11;82;82;82;82;82;82;82;82;82;82;82;82;1;1;1;1;1;1;1;1;1;1;1
"588";"2021-05-15";"alle";18;18;18;18;18;18;18;18;18;18;18;18;163;163;163;163;163;163;163;163;163;163;163;163;NA;NA;NA;NA;NA;NA;NA;NA;NA;NA;NA
"589";"2021-05-14";"0-60";9;9;9;9;9;9;9;9;9;9;9;9;90;90;90;90;90;90;90;90;90;90;90;90;1;1;1;1;1;1;1;1;1;1;1
"590";"2021-05-14";"60+";5;5;5;5;5;5;5;5;5;5;5;5;87;87;87;87;87;87;87;87;87;87;87;87;1;1;1;1;1;1;1;1;1;1;1
"591";"2021-05-14";"alle";14;14;14;14;14;14;14;14;14;14;14;14;177;177;177;177;177;177;177;177;177;177;177;177;NA;NA;NA;NA;NA;NA;NA;NA;NA;NA;NA
"592";"2021-05-13";"0-60";16;16;16;16;16;16;16;16;16;16;16;16;92;92;92;92;92;92;92;92;92;92;92;92;1;1;1;1;1;1;1;1;1;1;1
"593";"2021-05-13";"60+";16;16;16;16;16;16;16;16;16;16;16;16;109;109;109;109;109;109;109;109;109;109;109;109;1;1;1;1;1;1;1;1;1;1;1
"594";"2021-05-13";"alle";32;32;32;32;32;32;32;32;32;32;32;32;201;201;201;201;201;201;201;201;201;201;201;201;NA;NA;NA;NA;NA;NA;NA;NA;NA;NA;NA
"595";"2021-05-12";"0-60";10;10;10;10;10;10;10;10;10;10;10;10;92;92;92;92;92;92;92;92;92;92;92;92;1;1;1;1;1;1;1;1;1;1;1
"596";"2021-05-12";"60+";13;13;13;13;13;13;13;13;13;13;13;13;108;108;108;108;108;108;108;108;108;108;108;108;1;1;1;1;1;1;1;1;1;1;1
"597";"2021-05-12";"alle";23;23;23;23;23;23;23;23;23;23;23;23;200;200;200;200;200;200;200;200;200;200;200;200;NA;NA;NA;NA;NA;NA;NA;NA;NA;NA;NA
"598";"2021-05-11";"0-60";13;13;13;13;13;13;13;13;13;13;13;13;105;105;105;105;105;105;105;105;105;105;105;105;1;1;1;1;1;1;1;1;1;1;1
"599";"2021-05-11";"60+";18;18;18;18;18;18;18;18;18;18;18;18;116;116;116;116;116;116;116;116;116;116;116;116;1;1;1;1;1;1;1;1;1;1;1
"600";"2021-05-11";"alle";31;31;31;31;31;31;31;31;31;31;31;31;221;221;221;221;221;221;221;221;221;221;221;221;NA;NA;NA;NA;NA;NA;NA;NA;NA;NA;NA
"601";"2021-05-10";"0-60";13;13;13;13;13;13;13;13;13;13;13;13;109;109;109;109;109;109;109;109;109;109;109;109;1;1;1;1;1;1;1;1;1;1;1
"602";"2021-05-10";"60+";8;8;8;8;8;8;8;8;8;8;8;8;111;111;111;111;111;111;111;111;111;111;111;111;1;1;1;1;1;1;1;1;1;1;1
"603";"2021-05-10";"alle";21;21;21;21;21;21;21;21;21;21;21;21;220;220;220;220;220;220;220;220;220;220;220;220;NA;NA;NA;NA;NA;NA;NA;NA;NA;NA;NA
"604";"2021-05-09";"0-60";13;13;13;13;13;13;13;13;13;13;13;13;106;106;106;106;106;106;106;106;106;106;106;106;1;1;1;1;1;1;1;1;1;1;1
"605";"2021-05-09";"60+";11;11;11;11;11;11;11;11;11;11;11;11;106;106;106;106;106;106;106;106;106;106;106;106;1;1;1;1;1;1;1;1;1;1;1
"606";"2021-05-09";"alle";24;24;24;24;24;24;24;24;24;24;24;24;212;212;212;212;212;212;212;212;212;212;212;212;NA;NA;NA;NA;NA;NA;NA;NA;NA;NA;NA
"607";"2021-05-08";"0-60";16;16;16;16;16;16;16;16;16;16;16;16;108;108;108;108;108;108;108;108;108;108;108;108;1;1;1;1;1;1;1;1;1;1;1
"608";"2021-05-08";"60+";16;16;16;16;16;16;16;16;16;16;16;16;110;110;110;110;110;110;110;110;110;110;110;110;1;1;1;1;1;1;1;1;1;1;1
"609";"2021-05-08";"alle";32;32;32;32;32;32;32;32;32;32;32;32;218;218;218;218;218;218;218;218;218;218;218;218;NA;NA;NA;NA;NA;NA;NA;NA;NA;NA;NA
"610";"2021-05-07";"0-60";11;11;11;11;11;11;11;11;11;11;11;11;105;105;105;105;105;105;105;105;105;105;105;105;1;1;1;1;1;1;1;1;1;1;1
"611";"2021-05-07";"60+";27;27;27;27;27;27;27;27;27;27;27;27;108;108;108;108;108;108;108;108;108;108;108;108;1;1;1;1;1;1;1;1;1;1;1
"612";"2021-05-07";"alle";38;38;38;38;38;38;38;38;38;38;38;38;213;213;213;213;213;213;213;213;213;213;213;213;NA;NA;NA;NA;NA;NA;NA;NA;NA;NA;NA
"613";"2021-05-06";"0-60";16;16;16;16;16;16;16;16;16;16;16;16;116;116;116;116;116;116;116;116;116;116;116;116;1;1;1;1;1;1;1;1;1;1;1
"614";"2021-05-06";"60+";15;15;15;15;15;15;15;15;15;15;15;15;110;110;110;110;110;110;110;110;110;110;110;110;1;1;1;1;1;1;1;1;1;1;1
"615";"2021-05-06";"alle";31;31;31;31;31;31;31;31;31;31;31;31;226;226;226;226;226;226;226;226;226;226;226;226;NA;NA;NA;NA;NA;NA;NA;NA;NA;NA;NA
"616";"2021-05-05";"0-60";23;23;23;23;23;23;23;23;23;23;23;23;128;128;128;128;128;128;128;128;128;128;128;128;1;1;1;1;1;1;1;1;1;1;1
"617";"2021-05-05";"60+";21;21;21;21;21;21;21;21;21;21;21;21;125;125;125;125;125;125;125;125;125;125;125;125;1;1;1;1;1;1;1;1;1;1;1
"618";"2021-05-05";"alle";44;44;44;44;44;44;44;44;44;44;44;44;253;253;253;253;253;253;253;253;253;253;253;253;NA;NA;NA;NA;NA;NA;NA;NA;NA;NA;NA
"619";"2021-05-04";"0-60";17;17;17;17;17;17;17;17;17;17;17;17;122;122;122;122;122;122;122;122;122;122;122;122;1;1;1;1;1;1;1;1;1;1;1
"620";"2021-05-04";"60+";13;13;13;13;13;13;13;13;13;13;13;13;132;132;132;132;132;132;132;132;132;132;132;132;1;1;1;1;1;1;1;1;1;1;1
"621";"2021-05-04";"alle";30;30;30;30;30;30;30;30;30;30;30;30;254;254;254;254;254;254;254;254;254;254;254;254;NA;NA;NA;NA;NA;NA;NA;NA;NA;NA;NA
"622";"2021-05-03";"0-60";10;10;10;10;10;10;10;10;10;10;10;10;120;120;120;120;120;120;120;120;120;120;120;120;1;1;1;1;1;1;1;1;1;1;1
"623";"2021-05-03";"60+";3;3;3;3;3;3;3;3;3;3;3;3;141;141;141;141;141;141;141;141;141;141;141;141;1;1;1;1;1;1;1;1;1;1;1
"624";"2021-05-03";"alle";13;13;13;13;13;13;13;13;13;13;13;13;261;261;261;261;261;261;261;261;261;261;261;261;NA;NA;NA;NA;NA;NA;NA;NA;NA;NA;NA
"625";"2021-05-02";"0-60";15;15;15;15;15;15;15;15;15;15;15;15;121;121;121;121;121;121;121;121;121;121;121;121;1;1;1;1;1;1;1;1;1;1;1
"626";"2021-05-02";"60+";15;15;15;15;15;15;15;15;15;15;15;15;147;147;147;147;147;147;147;147;147;147;147;147;1;1;1;1;1;1;1;1;1;1;1
"627";"2021-05-02";"alle";30;30;30;30;30;30;30;30;30;30;30;30;268;268;268;268;268;268;268;268;268;268;268;268;NA;NA;NA;NA;NA;NA;NA;NA;NA;NA;NA
"628";"2021-05-01";"0-60";13;13;13;13;13;13;13;13;13;13;13;13;118;118;118;118;118;118;118;118;118;118;118;118;1;1;1;1;1;1;1;1;1;1;1
"629";"2021-05-01";"60+";14;14;14;14;14;14;14;14;14;14;14;14;150;150;150;150;150;150;150;150;150;150;150;150;1;1;1;1;1;1;1;1;1;1;1
"630";"2021-05-01";"alle";27;27;27;27;27;27;27;27;27;27;27;27;268;268;268;268;268;268;268;268;268;268;268;268;NA;NA;NA;NA;NA;NA;NA;NA;NA;NA;NA
"631";"2021-04-30";"0-60";22;22;22;22;22;22;22;22;22;22;22;22;125;125;125;125;125;125;125;125;125;125;125;125;1;1;1;1;1;1;1;1;1;1;1
"632";"2021-04-30";"60+";29;29;29;29;29;29;29;29;29;29;29;29;165;165;165;165;165;165;165;165;165;165;165;165;1;1;1;1;1;1;1;1;1;1;1
"633";"2021-04-30";"alle";51;51;51;51;51;51;51;51;51;51;51;51;290;290;290;290;290;290;290;290;290;290;290;290;NA;NA;NA;NA;NA;NA;NA;NA;NA;NA;NA
"634";"2021-04-29";"0-60";28;28;28;28;28;28;28;28;28;28;28;28;129;129;129;129;129;129;129;129;129;129;129;129;1;1;1;1;1;1;1;1;1;1;1
"635";"2021-04-29";"60+";30;30;30;30;30;30;30;30;30;30;30;30;164;164;164;164;164;164;164;164;164;164;164;164;1;1;1;1;1;1;1;1;1;1;1
"636";"2021-04-29";"alle";58;58;58;58;58;58;58;58;58;58;58;58;293;293;293;293;293;293;293;293;293;293;293;293;NA;NA;NA;NA;NA;NA;NA;NA;NA;NA;NA
"637";"2021-04-28";"0-60";17;17;17;17;17;17;17;17;17;17;17;17;126;126;126;126;126;126;126;126;126;126;126;126;1;1;1;1;1;1;1;1;1;1;1
"638";"2021-04-28";"60+";28;28;28;28;28;28;28;28;28;28;28;28;158;158;158;158;158;158;158;158;158;158;158;158;1;1;1;1;1;1;1;1;1;1;1
"639";"2021-04-28";"alle";45;45;45;45;45;45;45;45;45;45;45;45;284;284;284;284;284;284;284;284;284;284;284;284;NA;NA;NA;NA;NA;NA;NA;NA;NA;NA;NA
"640";"2021-04-27";"0-60";15;15;15;15;15;15;15;15;15;15;15;15;133;133;133;133;133;133;133;133;133;133;133;133;1;1;1;1;1;1;1;1;1;1;1
"641";"2021-04-27";"60+";22;22;22;22;22;22;22;22;22;22;22;22;161;161;161;161;161;161;161;161;161;161;161;161;1;1;1;1;1;1;1;1;1;1;1
"642";"2021-04-27";"alle";37;37;37;37;37;37;37;37;37;37;37;37;294;294;294;294;294;294;294;294;294;294;294;294;NA;NA;NA;NA;NA;NA;NA;NA;NA;NA;NA
"643";"2021-04-26";"0-60";11;11;11;11;11;11;11;11;11;11;11;11;138;138;138;138;138;138;138;138;138;138;138;138;1;1;1;1;1;1;1;1;1;1;1
"644";"2021-04-26";"60+";9;9;9;9;9;9;9;9;9;9;9;9;158;158;158;158;158;158;158;158;158;158;158;158;1;1;1;1;1;1;1;1;1;1;1
"645";"2021-04-26";"alle";20;20;20;20;20;20;20;20;20;20;20;20;296;296;296;296;296;296;296;296;296;296;296;296;NA;NA;NA;NA;NA;NA;NA;NA;NA;NA;NA
"646";"2021-04-25";"0-60";12;12;12;12;12;12;12;12;12;12;12;12;142;142;142;142;142;142;142;142;142;142;142;142;1;1;1;1;1;1;1;1;1;1;1
"647";"2021-04-25";"60+";18;18;18;18;18;18;18;18;18;18;18;18;157;157;157;157;157;157;157;157;157;157;157;157;1;1;1;1;1;1;1;1;1;1;1
"648";"2021-04-25";"alle";30;30;30;30;30;30;30;30;30;30;30;30;299;299;299;299;299;299;299;299;299;299;299;299;NA;NA;NA;NA;NA;NA;NA;NA;NA;NA;NA
"649";"2021-04-24";"0-60";20;20;20;20;20;20;20;20;20;20;20;20;146;146;146;146;146;146;146;146;146;146;146;146;1;1;1;1;1;1;1;1;1;1;1
"650";"2021-04-24";"60+";29;29;29;29;29;29;29;29;29;29;29;29;152;152;152;152;152;152;152;152;152;152;152;152;1;1;1;1;1;1;1;1;1;1;1
"651";"2021-04-24";"alle";49;49;49;49;49;49;49;49;49;49;49;49;298;298;298;298;298;298;298;298;298;298;298;298;NA;NA;NA;NA;NA;NA;NA;NA;NA;NA;NA
"652";"2021-04-23";"0-60";26;26;26;26;26;26;26;26;26;26;26;26;150;150;150;150;150;150;150;150;150;150;150;150;1;1;1;1;1;1;1;1;1;1;1
"653";"2021-04-23";"60+";28;28;28;28;28;28;28;28;28;28;28;28;152;152;152;152;152;152;152;152;152;152;152;152;1;1;1;1;1;1;1;1;1;1;1
"654";"2021-04-23";"alle";54;54;54;54;54;54;54;54;54;54;54;54;302;302;302;302;302;302;302;302;302;302;302;302;NA;NA;NA;NA;NA;NA;NA;NA;NA;NA;NA
"655";"2021-04-22";"0-60";25;25;25;25;25;25;25;25;25;25;25;25;138;138;138;138;138;138;138;138;138;138;138;138;1;1;1;1;1;1;1;1;1;1;1
"656";"2021-04-22";"60+";24;24;24;24;24;24;24;24;24;24;24;24;159;159;159;159;159;159;159;159;159;159;159;159;1;1;1;1;1;1;1;1;1;1;1
"657";"2021-04-22";"alle";49;49;49;49;49;49;49;49;49;49;49;49;297;297;297;297;297;297;297;297;297;297;297;297;NA;NA;NA;NA;NA;NA;NA;NA;NA;NA;NA
"658";"2021-04-21";"0-60";24;24;24;24;24;24;24;24;24;24;24;24;138;138;138;138;138;138;138;138;138;138;138;138;1;1;1;1;1;1;1;1;1;1;1
"659";"2021-04-21";"60+";31;31;31;31;31;31;31;31;31;31;31;31;155;155;155;155;155;155;155;155;155;155;155;155;1;1;1;1;1;1;1;1;1;1;1
"660";"2021-04-21";"alle";55;55;55;55;55;55;55;55;55;55;55;55;293;293;293;293;293;293;293;293;293;293;293;293;NA;NA;NA;NA;NA;NA;NA;NA;NA;NA;NA
"661";"2021-04-20";"0-60";20;20;20;20;20;20;20;20;20;20;20;20;132;132;132;132;132;132;132;132;132;132;132;132;1;1;1;1;1;1;1;1;1;1;1
"662";"2021-04-20";"60+";19;19;19;19;19;19;19;19;19;19;19;19;164;164;164;164;164;164;164;164;164;164;164;164;1;1;1;1;1;1;1;1;1;1;1
"663";"2021-04-20";"alle";39;39;39;39;39;39;39;39;39;39;39;39;296;296;296;296;296;296;296;296;296;296;296;296;NA;NA;NA;NA;NA;NA;NA;NA;NA;NA;NA
"664";"2021-04-19";"0-60";15;15;15;15;15;15;15;15;15;15;15;15;132;132;132;132;132;132;132;132;132;132;132;132;1;1;1;1;1;1;1;1;1;1;1
"665";"2021-04-19";"60+";8;8;8;8;8;8;8;8;8;8;8;8;158;158;158;158;158;158;158;158;158;158;158;158;1;1;1;1;1;1;1;1;1;1;1
"666";"2021-04-19";"alle";23;23;23;23;23;23;23;23;23;23;23;23;290;290;290;290;290;290;290;290;290;290;290;290;NA;NA;NA;NA;NA;NA;NA;NA;NA;NA;NA
"667";"2021-04-18";"0-60";16;16;16;16;16;16;16;16;16;16;16;16;128;128;128;128;128;128;128;128;128;128;128;128;1;1;1;1;1;1;1;1;1;1;1
"668";"2021-04-18";"60+";13;13;13;13;13;13;13;13;13;13;13;13;163;163;163;163;163;163;163;163;163;163;163;163;1;1;1;1;1;1;1;1;1;1;1
"669";"2021-04-18";"alle";29;29;29;29;29;29;29;29;29;29;29;29;291;291;291;291;291;291;291;291;291;291;291;291;NA;NA;NA;NA;NA;NA;NA;NA;NA;NA;NA
"670";"2021-04-17";"0-60";24;24;24;24;24;24;24;24;24;24;24;24;121;121;121;121;121;121;121;121;121;121;121;121;1;1;1;1;1;1;1;1;1;1;1
"671";"2021-04-17";"60+";29;29;29;29;29;29;29;29;29;29;29;29;174;174;174;174;174;174;174;174;174;174;174;174;1;1;1;1;1;1;1;1;1;1;1
"672";"2021-04-17";"alle";53;53;53;53;53;53;53;53;53;53;53;53;295;295;295;295;295;295;295;295;295;295;295;295;NA;NA;NA;NA;NA;NA;NA;NA;NA;NA;NA
"673";"2021-04-16";"0-60";14;14;14;14;14;14;14;14;14;14;14;14;112;112;112;112;112;112;112;112;112;112;112;112;1;1;1;1;1;1;1;1;1;1;1
"674";"2021-04-16";"60+";35;35;35;35;35;35;35;35;35;35;35;35;156;156;156;156;156;156;156;156;156;156;156;156;1;1;1;1;1;1;1;1;1;1;1
"675";"2021-04-16";"alle";49;49;49;49;49;49;49;49;49;49;49;49;268;268;268;268;268;268;268;268;268;268;268;268;NA;NA;NA;NA;NA;NA;NA;NA;NA;NA;NA
"676";"2021-04-15";"0-60";25;25;25;25;25;25;25;25;25;25;25;25;117;117;117;117;117;117;117;117;117;117;117;117;1;1;1;1;1;1;1;1;1;1;1
"677";"2021-04-15";"60+";20;20;20;20;20;20;20;20;20;20;20;20;136;136;136;136;136;136;136;136;136;136;136;136;1;1;1;1;1;1;1;1;1;1;1
"678";"2021-04-15";"alle";45;45;45;45;45;45;45;45;45;45;45;45;253;253;253;253;253;253;253;253;253;253;253;253;NA;NA;NA;NA;NA;NA;NA;NA;NA;NA;NA
"679";"2021-04-14";"0-60";18;18;18;18;18;18;18;18;18;18;18;18;121;121;121;121;121;121;121;121;121;121;121;121;1;1;1;1;1;1;1;1;1;1;1
"680";"2021-04-14";"60+";40;40;40;40;40;40;40;40;40;40;40;40;140;140;140;140;140;140;140;140;140;140;140;140;1;1;1;1;1;1;1;1;1;1;1
"681";"2021-04-14";"alle";58;58;58;58;58;58;58;58;58;58;58;58;261;261;261;261;261;261;261;261;261;261;261;261;NA;NA;NA;NA;NA;NA;NA;NA;NA;NA;NA
"682";"2021-04-13";"0-60";20;20;20;20;20;20;20;20;20;20;20;20;119;119;119;119;119;119;119;119;119;119;119;119;1;1;1;1;1;1;1;1;1;1;1
"683";"2021-04-13";"60+";13;13;13;13;13;13;13;13;13;13;13;13;125;125;125;125;125;125;125;125;125;125;125;125;1;1;1;1;1;1;1;1;1;1;1
"684";"2021-04-13";"alle";33;33;33;33;33;33;33;33;33;33;33;33;244;244;244;244;244;244;244;244;244;244;244;244;NA;NA;NA;NA;NA;NA;NA;NA;NA;NA;NA
"685";"2021-04-12";"0-60";11;11;11;11;11;11;11;11;11;11;11;11;113;113;113;113;113;113;113;113;113;113;113;113;1;1;1;1;1;1;1;1;1;1;1
"686";"2021-04-12";"60+";13;13;13;13;13;13;13;13;13;13;13;13;123;123;123;123;123;123;123;123;123;123;123;123;1;1;1;1;1;1;1;1;1;1;1
"687";"2021-04-12";"alle";24;24;24;24;24;24;24;24;24;24;24;24;236;236;236;236;236;236;236;236;236;236;236;236;NA;NA;NA;NA;NA;NA;NA;NA;NA;NA;NA
"688";"2021-04-11";"0-60";9;9;9;9;9;9;9;9;9;9;9;9;NA;NA;NA;NA;NA;NA;NA;NA;NA;NA;NA;NA;1;1;1;1;1;1;1;1;1;1;1
"689";"2021-04-11";"60+";24;24;24;24;24;24;24;24;24;24;24;24;NA;NA;NA;NA;NA;NA;NA;NA;NA;NA;NA;NA;1;1;1;1;1;1;1;1;1;1;1
"690";"2021-04-11";"alle";33;33;33;33;33;33;33;33;33;33;33;33;NA;NA;NA;NA;NA;NA;NA;NA;NA;NA;NA;NA;NA;NA;NA;NA;NA;NA;NA;NA;NA;NA;NA
"691";"2021-04-10";"0-60";15;15;15;15;15;15;15;15;15;15;15;15;NA;NA;NA;NA;NA;NA;NA;NA;NA;NA;NA;NA;1;1;1;1;1;1;1;1;1;1;1
"692";"2021-04-10";"60+";11;11;11;11;11;11;11;11;11;11;11;11;NA;NA;NA;NA;NA;NA;NA;NA;NA;NA;NA;NA;1;1;1;1;1;1;1;1;1;1;1
"693";"2021-04-10";"alle";26;26;26;26;26;26;26;26;26;26;26;26;NA;NA;NA;NA;NA;NA;NA;NA;NA;NA;NA;NA;NA;NA;NA;NA;NA;NA;NA;NA;NA;NA;NA
"694";"2021-04-09";"0-60";19;19;19;19;19;19;19;19;19;19;19;19;NA;NA;NA;NA;NA;NA;NA;NA;NA;NA;NA;NA;1;1;1;1;1;1;1;1;1;1;1
"695";"2021-04-09";"60+";15;15;15;15;15;15;15;15;15;15;15;15;NA;NA;NA;NA;NA;NA;NA;NA;NA;NA;NA;NA;1;1;1;1;1;1;1;1;1;1;1
"696";"2021-04-09";"alle";34;34;34;34;34;34;34;34;34;34;34;34;NA;NA;NA;NA;NA;NA;NA;NA;NA;NA;NA;NA;NA;NA;NA;NA;NA;NA;NA;NA;NA;NA;NA
"697";"2021-04-08";"0-60";29;29;29;29;29;29;29;29;29;29;29;29;NA;NA;NA;NA;NA;NA;NA;NA;NA;NA;NA;NA;1;1;1;1;1;1;1;1;1;1;1
"698";"2021-04-08";"60+";24;24;24;24;24;24;24;24;24;24;24;24;NA;NA;NA;NA;NA;NA;NA;NA;NA;NA;NA;NA;1;1;1;1;1;1;1;1;1;1;1
"699";"2021-04-08";"alle";53;53;53;53;53;53;53;53;53;53;53;53;NA;NA;NA;NA;NA;NA;NA;NA;NA;NA;NA;NA;NA;NA;NA;NA;NA;NA;NA;NA;NA;NA;NA
"700";"2021-04-07";"0-60";16;16;16;16;16;16;16;16;16;16;16;16;NA;NA;NA;NA;NA;NA;NA;NA;NA;NA;NA;NA;1;1;1;1;1;1;1;1;1;1;1
"701";"2021-04-07";"60+";25;25;25;25;25;25;25;25;25;25;25;25;NA;NA;NA;NA;NA;NA;NA;NA;NA;NA;NA;NA;1;1;1;1;1;1;1;1;1;1;1
"702";"2021-04-07";"alle";41;41;41;41;41;41;41;41;41;41;41;41;NA;NA;NA;NA;NA;NA;NA;NA;NA;NA;NA;NA;NA;NA;NA;NA;NA;NA;NA;NA;NA;NA;NA
"703";"2021-04-06";"0-60";14;14;14;14;14;14;14;14;14;14;14;14;NA;NA;NA;NA;NA;NA;NA;NA;NA;NA;NA;NA;1;1;1;1;1;1;1;1;1;1;1
"704";"2021-04-06";"60+";11;11;11;11;11;11;11;11;11;11;11;11;NA;NA;NA;NA;NA;NA;NA;NA;NA;NA;NA;NA;1;1;1;1;1;1;1;1;1;1;1
"705";"2021-04-06";"alle";25;25;25;25;25;25;25;25;25;25;25;25;NA;NA;NA;NA;NA;NA;NA;NA;NA;NA;NA;NA;NA;NA;NA;NA;NA;NA;NA;NA;NA;NA;NA
