date;age60;reported;nowcast_est;nowcast_0.025;nowcast_0.1;nowcast_0.25;nowcast_0.5;nowcast_0.75;nowcast_0.8;nowcast_0.85;nowcast_0.9;nowcast_0.95;nowcast_0.975;reported7;nowcast7_est;nowcast7_0.025;nowcast7_0.1;nowcast7_0.25;nowcast7_0.5;nowcast7_0.75;nowcast7_0.8;nowcast7_0.85;nowcast7_0.9;nowcast7_0.95;nowcast7_0.975;F_est;F_0.025;F_0.1;F_0.25;F_0.5;F_0.75;F_0.8;F_0.85;F_0.9;F_0.95;F_0.975
2022-12-23;0-60;5;34,0;18;23;28;35;44;46;50;54;62;70,0;55;105,6;85;91,0;98;108,0;120;123;127;133,0;143,0;153,0;0,147024820197768;0,234736060227226;0,201498260840230;0,171325521458811;0,143097674565609;0,116639414408716;0,1109277603473528;0,1039426225128599;0,0954297745593914;0,0848894476861152;0,0749993380231755
2022-12-23;60+;8;66,4;38;47;56;67;81;85;90;97;108;119,0;313;493,9;438;456,0;475;498,0;526;533;542;555,0;575,0;593,0;0,120561135694143;0,188710045561689;0,162731222576386;0,141300164727069;0,119409887441954;0,100221002864274;0,0955323996515084;0,0903244380186085;0,0845163611796810;0,0763562289019402;0,0699161266646798
2022-12-23;alle;13;100,4;61;73;86;102;124;129;137;147;165;183,2;368;599,5;530;553,0;577;607,0;643;653;665;683,0;709,0;736,2;NA;NA;NA;NA;NA;NA;NA;NA;NA;NA;NA
2022-12-22;0-60;8;18,6;12;14;16;19;22;23;24;25;28;30,0;65;88,5;78;82,0;85;90,0;95;97;98;101,0;105,0;110,0;0,430977011564255;0,543036668013827;0,502129102529674;0,466196768260542;0,423798362485549;0,380553738642693;0,3702515316297866;0,3578999665113836;0,3424034094836036;0,3184649053239264;0,2970240410042791
2022-12-22;60+;38;90,3;68;75;82;91;101;104;107;112;119;126,0;384;517,4;479;492,0;505;521,0;540;545;551;559,0;572,0;585,0;0,420807822695940;0,525023115076166;0,488300919830355;0,455910812400766;0,418568868704412;0,381564648263175;0,3728474045255828;0,3622513470545833;0,3475053514519330;0,3280019726232576;0,3108473942185208
2022-12-22;alle;46;108,9;83;92;99;110;122;125;129;134;143;152,2;449;605,9;562;577,0;592;611,0;634;639;647;657,0;672,0;688,0;NA;NA;NA;NA;NA;NA;NA;NA;NA;NA;NA
2022-12-21;0-60;8;11,9;8;9;10;12;13;14;14;15;16;17,0;77;91,6;84;87,0;89;93,0;97;98;99;101,0;104,0;107,0;0,673882591944806;0,756805502909058;0,730153108204914;0,701677947035867;0,668994219478492;0,633374639159211;0,6239256220327440;0,6125422775014666;0,5983461096214342;0,5766761843641348;0,5590784220012425
2022-12-21;60+;66;95,9;83;87;91;96;102;103;105;108;112;116,0;426;514,0;488;497,0;506;517,0;530;533;538;543,0;552,0;560,0;0,688216984660810;0,763636428874777;0,739706365620787;0,715513345325215;0,687041644867788;0,656981873661494;0,6489947399036962;0,6395702410999489;0,6271217874791262;0,6089966384133016;0,5922706021045665
2022-12-21;alle;74;107,8;93;98;102;108;114;116;119;121;126;130,0;503;605,6;576;587,0;597;610,0;625;629;634;641,0;652,0;662,0;NA;NA;NA;NA;NA;NA;NA;NA;NA;NA;NA
2022-12-20;0-60;21;24,9;22;22;23;25;27;27;27;28;29;30,0;86;97,7;91;94,0;96;99,0;102;103;104;106,0;109,0;112,0;0,843818093987967;0,887881387623416;0,872520881316283;0,857272396779911;0,838865416771517;0,817079352490626;0,8111765947371946;0,8048258725029999;0,7956459608971500;0,7821834761532013;0,7695011565919317
2022-12-20;60+;98;114,4;106;109;111;115;118;119;120;122;124;127,0;460;524,2;503;511,0;518;527,0;537;540;543;548,0;555,0;562,0;0,856513666167653;0,894594919053758;0,882506998847646;0,869893951224234;0,854913848525587;0,838351588086088;0,8338977674495300;0,8286557595765902;0,8217115361641165;0,8113940764205498;0,8013382383685176
2022-12-20;alle;119;139,3;129;133;136;140;144;145;147;148;151;154,0;546;621,8;599;607,0;616;626,0;638;641;645;651,0;660,0;669,0;NA;NA;NA;NA;NA;NA;NA;NA;NA;NA;NA
2022-12-19;0-60;2;2,2;2;2;2;2;2;3;3;3;3;4,0;98;106,9;102;104,0;105;108,0;111;112;113;114,0;117,0;121,0;0,899425384733373;0,936778695020972;0,924436689117177;0,910952186895957;0,893372783425341;0,872321373365926;0,8669122990690766;0,8596772708312465;0,8495587073460020;0,8328568299425321;0,8170680350217578
2022-12-19;60+;17;18,7;17;17;18;19;20;20;20;21;22;22,0;505;558,2;540;546,0;553;561,0;570;572;576;580,0;586,0;592,0;0,906816464249717;0,941318188969262;0,931012442591007;0,919396756071252;0,904822051720157;0,887912463444868;0,8833886325196025;0,8775375954684552;0,8700857752626286;0,8582094399597007;0,8472736214707963
2022-12-19;alle;19;21,0;19;19;20;21;22;22;23;23;24;25,0;603;665,1;645;653,0;660;669,0;680;683;687;691,0;700,0;708,0;NA;NA;NA;NA;NA;NA;NA;NA;NA;NA;NA
2022-12-18;0-60;1;1,2;1;1;1;1;1;2;2;2;2;3,0;103;111,9;107;108,1;110;113,0;116;117;118;120,0;122,0;126,0;0,818885802550565;0,880827513763520;0,858551863557767;0,834495308440146;0,805090027963227;0,770567616194399;0,7604100400396298;0,7480038382093993;0,7315058259823436;0,7024772375670719;0,6711375456946462
2022-12-18;60+;30;36,3;32;33;34;36;39;39;40;41;43;44,0;514;566,3;548;554,0;561;569,0;578;581;584;587,9;594,0;600,0;0,825711441856423;0,884745467370179;0,865841155142838;0,845862752812115;0,821027515705740;0,792341125704253;0,7843049404247118;0,7746330553773717;0,7628308121771719;0,7430362581514753;0,7258442562224767
2022-12-18;alle;31;37,6;33;34;36;38;40;41;41;43;44;46,0;617;678,2;658;666,0;673;682,0;693;696;700;704,0;713,0;721,0;NA;NA;NA;NA;NA;NA;NA;NA;NA;NA;NA
2022-12-17;0-60;10;12,8;10;11;12;13;15;15;16;16;17;19,0;105;113,9;109;110,0;112;115,0;118;119;120;122,0;124,0;128,0;0,780850632405163;0,838947825119779;0,816321171892832;0,791927141431458;0,761494857734174;0,725568714023551;0,7155389454800656;0,7019136047776185;0,6832564892451396;0,6474762487935479;0,5998957206283578
2022-12-17;60+;56;71,8;63;66;69;73;77;78;79;81;83;86,0;514;562,4;545;551,0;557;565,0;574;576;579;583,0;589,0;595,0;0,779580635307411;0,837008780823374;0,817110060518404;0,797192215337910;0,771958704666890;0,744368475480259;0,7371045290228122;0,7275736383214986;0,7156240772732516;0,6964932233937444;0,6800942184818839
2022-12-17;alle;66;84,6;76;79;82;86;90;92;93;95;99;103,0;619;676,3;657;664,0;671;680,0;691;693;697;702,0;710,0;718,0;NA;NA;NA;NA;NA;NA;NA;NA;NA;NA;NA
2022-12-16;0-60;15;16,9;15;15;16;17;18;19;19;20;21;22,0;111;118,7;114;116,0;117;120,0;123;124;125;126,0;129,0;133,0;0,885163709603514;0,917546832784462;0,904588512376541;0,890967682217711;0,872416034780133;0,849652318093736;0,8431834689426621;0,8346829105130021;0,8222252869071737;0,7918105122487911;0,7381198946865574
2022-12-16;60+;79;89,8;84;86;88;90;93;94;95;97;99;101,0;529;570,1;555;560,0;566;572,0;580;582;585;589,0;594,0;600,0;0,879383894859247;0,912305299062083;0,900800652372094;0,889254349194931;0,874267225524684;0,856625355922361;0,8519038432243777;0,8457407380458607;0,8376893241096818;0,8239472072060492;0,8097885751674299
2022-12-16;alle;94;106,8;100;102;105;108;111;112;113;115;118;120,0;640;688,9;672;678,0;685;693,0;702;705;708;713,0;721,0;729,0;NA;NA;NA;NA;NA;NA;NA;NA;NA;NA;NA
2022-12-15;0-60;20;21,6;20;20;21;22;23;23;23;24;25;26,0;107;113,4;109;111,0;112;114,0;117;118;119;120,0;123,0;127,0;0,925353452463708;0,949319704382709;0,940013525119140;0,930001623147204;0,916745049047338;0,900427281855618;0,8961489026418936;0,8895846907675780;0,8806679453800896;0,8628568038024760;0,8358768275034965
2022-12-15;60+;80;86,9;82;84;85;87;90;90;91;92;93;95,0;542;578,3;564;569,0;574;581,0;588;590;592;596,0;601,0;607,0;0,920287162516406;0,944210263048740;0,935823974157103;0,927721438026458;0,916851512763192;0,904138753764216;0,9005373498594098;0,8964794683611235;0,8909273713543677;0,8809626502927717;0,8721267140405190
2022-12-15;alle;100;108,5;103;105;107;109;112;112;113;115;117;119,0;649;691,6;676;682,0;688;695,0;704;707;710;714,0;721,0;730,0;NA;NA;NA;NA;NA;NA;NA;NA;NA;NA;NA
2022-12-14;0-60;17;18,0;17;17;17;18;19;19;19;20;20;21,0;102;107,3;104;105,0;106;108,0;111;111;112;113,0;116,0;120,0;0,946254720035039;0,964890765808629;0,958217114102241;0,951402785698572;0,941740810445100;0,930306058332265;0,9270458861510633;0,9229827254630136;0,9177782949136797;0,9082658960542311;0,8989224373886823
2022-12-14;60+;100;106,1;102;103;104;106;108;109;109;110;111;113,0;525;556,9;544;548,0;553;559,0;566;568;570;573,0;579,0;584,0;0,942896612111337;0,961378362559882;0,955360245656460;0,949225842671785;0,941613623372548;0,932835681792583;0,9305863671435506;0,9279270862266074;0,9241690345631899;0,9180464402863431;0,9124877481060221
2022-12-14;alle;117;124,0;119;121;122;124;126;127;128;129;130;131,0;627;664,3;650;655,0;661;668,0;676;678;681;685,0;692,0;700,0;NA;NA;NA;NA;NA;NA;NA;NA;NA;NA;NA
2022-12-13;0-60;33;34,2;33;33;33;34;35;35;36;36;37;37,0;99;103,7;100;101,0;103;105,0;107;108;108;110,0;112,0;116,0;0,966227136682478;0,977880984606671;0,973370032426288;0,968719746876848;0,962393322474927;0,954511631356658;0,9523037353872441;0,9497906581756695;0,9457102299249605;0,9387026118958384;0,9308624975767363
2022-12-13;60+;143;148,5;144;145;147;149;150;151;152;152;154;155,0;465;492,0;480;484,0;489;494,0;500;502;504;507,0;512,0;516,0;0,963194734118142;0,974930930104911;0,970981399911685;0,967033809802564;0,962085928343811;0,956272804483875;0,9546611775706170;0,9527923563812374;0,9502820300995888;0,9463923820178881;0,9429553520456836
2022-12-13;alle;176;182,6;178;179;181;183;185;186;186;187;189;190,0;564;595,7;583;588,0;593;599,0;606;608;611;615,0;621,0;629,0;NA;NA;NA;NA;NA;NA;NA;NA;NA;NA;NA
2022-12-12;0-60;7;7,2;7;7;7;7;7;8;8;8;8;9,0;107;111,3;108;109,0;110;112,0;114;115;116;117,0;119,0;123,0;0,971615640672748;0,983027159180224;0,978778190330437;0,974096020158537;0,967339444146754;0,958711122424003;0,9561953379096432;0,9527724665876283;0,9477534744465906;0,9379199473696205;0,9264418089791762
2022-12-12;60+;26;26,9;26;26;26;27;27;28;28;28;29;29,0;448;471,7;461;465,0;469;473,0;479;481;483;486,0;490,0;495,0;0,968131485621341;0,980742987110869;0,976696938105980;0,972400736115974;0,966700417291120;0,959622768199378;0,9576747071723430;0,9552989138751126;0,9520176606366691;0,9466919682368884;0,9417471157608336
2022-12-12;alle;33;34,1;33;33;33;34;35;35;35;36;36;37,0;555;583,0;571;576,0;580;586,0;593;595;598;601,0;608,0;615,0;NA;NA;NA;NA;NA;NA;NA;NA;NA;NA;NA
2022-12-11;0-60;3;3,2;3;3;3;3;3;4;4;4;4;5,0;102;106,1;103;104,0;105;107,0;109;110;110;112,0;114,0;118,0;0,934517838289832;0,959563709531723;0,950165329912134;0,938959139685930;0,924049579197848;0,903741270140667;0,8976693794293835;0,8892394156392056;0,8779942837682901;0,8548070516803331;0,8196112086278124
2022-12-11;60+;30;32,4;30;31;31;32;34;34;35;35;36;37,0;443;466,1;455;459,0;463;468,0;474;475;477;480,0;485,0;489,0;0,925397751055788;0,954126007354345;0,944738711052803;0,934596257801782;0,921407565652285;0,905531593332788;0,9009068005880280;0,8953626496962470;0,8879050513550850;0,8756706736095463;0,8640006020099732
2022-12-11;alle;33;35,6;33;34;35;36;37;38;38;39;40;41,0;545;572,2;561;565,0;569;575,0;582;584;587;590,0;596,0;604,0;NA;NA;NA;NA;NA;NA;NA;NA;NA;NA;NA
2022-12-10;0-60;16;17,6;16;16;17;18;19;19;20;21;22;24,0;102;106,0;103;104,0;105;107,0;109;110;110;111,0;114,0;118,0;0,906916183168862;0,937689104370596;0,925309050172851;0,910398298106176;0,890422832201502;0,864608598620206;0,8570718461865556;0,8456110115753446;0,8305191972782611;0,7876974790171769;0,7144288667233710
2022-12-10;60+;71;79,6;74;76;78;80;83;84;85;86;88;90,0;428;449,2;439;443,0;446;451,0;456;458;460;462,0;467,0;471,0;0,892218005752776;0,926825131227736;0,914424305904563;0,901957905808052;0,885968196903146;0,866030089133206;0,8606377965885490;0,8535377128414776;0,8444504925567092;0,8286364478061619;0,8110625087948562
2022-12-10;alle;87;97,2;91;93;95;98;102;103;104;106;108;112,0;530;555,2;544;548,0;552;558,0;565;567;569;572,0;578,0;586,0;NA;NA;NA;NA;NA;NA;NA;NA;NA;NA;NA
2022-12-09;0-60;11;11,6;11;11;11;12;12;13;13;13;14;15,0;110;113,5;110;111,0;113;114,0;116;117;118;119,0;122,0;127,0;0,948221260866252;0,966049839965040;0,958620994277040;0,950098708749872;0,938361821589291;0,922020545499954;0,9164322423620896;0,9098871472144117;0,8986621971703213;0,8669854130644749;0,7988319237500823
2022-12-09;60+;92;98,0;94;95;96;98;101;101;102;103;105;107,0;419;434,5;426;429,0;432;436,0;440;442;443;446,0;449,0;454,0;0,939238129074423;0,959348393078120;0,952185249775630;0,944800126839898;0,935033357614527;0,922528212689001;0,9189061785717973;0,9141711739706251;0,9072376858106420;0,8954638181077030;0,8827160959990247
2022-12-09;alle;103;109,6;105;106;108;110;113;113;114;116;118;120,2;529;548,0;539;542,0;546;550,0;556;558;560;563,0;569,0;577,0;NA;NA;NA;NA;NA;NA;NA;NA;NA;NA;NA
2022-12-08;0-60;15;15,5;15;15;15;16;16;16;17;17;18;18,0;111;114,2;111;112,0;113;115,0;117;118;118;119,0;122,0;128,0;0,964648722408160;0,977853744686970;0,972704113105218;0,966722012134357;0,958239236234372;0,946765268329576;0,9432470554547526;0,9382991338807504;0,9310204693287006;0,9141117179320893;0,8806086557060399
2022-12-08;60+;63;65,6;63;64;65;66;67;67;68;68;70;70,0;373;383,6;377;379,0;381;385,0;388;389;391;392,0;396,0;399,0;0,960320970123218;0,974041210986537;0,969326474232553;0,964349159311274;0,957464642255935;0,949236505082506;0,9468418638096344;0,9436611687107095;0,9397509788962828;0,9323072610789276;0,9244026598108837
2022-12-08;alle;78;81,2;78;79;80;81;83;83;84;85;86;87,0;484;497,8;490;493,0;496;500,0;505;506;508;511,0;516,0;523,0;NA;NA;NA;NA;NA;NA;NA;NA;NA;NA;NA
2022-12-07;0-60;14;14,4;14;14;14;14;15;15;15;15;16;16,0;113;115,9;113;114,0;115;117,0;119;119;120;121,0;124,0;130,0;0,973791427374525;0,984747542275998;0,980906688151963;0,976779123246109;0,970605431145421;0,962686429717907;0,9602373872099915;0,9574475829655397;0,9531816924566680;0,9460637076550154;0,9392735251338665
2022-12-07;60+;40;41,1;40;40;40;41;42;42;42;43;43;44,0;371;379,9;374;376,0;378;381,0;384;385;386;388,0;391,0;395,0;0,973030116547005;0,983440202695983;0,980112912448671;0,976783631302355;0,972129117456971;0,966806741641699;0,9652150289859092;0,9633881320785117;0,9610437764660398;0,9568790071616933;0,9532226609779888
2022-12-07;alle;54;55,5;54;54;55;55;56;57;57;57;58;59,0;484;495,8;489;491,0;494;498,0;502;504;506;508,0;514,0;520,0;NA;NA;NA;NA;NA;NA;NA;NA;NA;NA;NA
2022-12-06;0-60;41;41,7;41;41;41;42;42;43;43;43;44;44,0;114;116,7;114;115,0;116;117,0;119;120;121;122,0;125,0;131,0;0,983308572420663;0,990225778522044;0,987686514905845;0,984818982015467;0,980728388781978;0,975089624915868;0,9734014257359206;0,9712933167217208;0,9681173562258107;0,9622347687047332;0,9553569611750760
2022-12-06;60+;126;128,2;126;126;127;128;129;130;130;131;131;132,0;393;401,2;396;397,0;399;402,0;405;406;408;409,0;412,4;416,0;0,983176753554990;0,989771393915472;0,987657752190549;0,985391980691337;0,982474185829115;0,978801213684760;0,9777833510694454;0,9766019966943695;0,9747996554740871;0,9720903264976484;0,9692652122837332
2022-12-06;alle;167;169,9;167;168;169;170;171;172;172;173;174;175,0;507;517,9;511;514,0;516;520,0;524;526;528;530,0;536,0;542,0;NA;NA;NA;NA;NA;NA;NA;NA;NA;NA;NA
2022-12-05;0-60;2;2,0;2;2;2;2;2;2;2;2;2;3,0;93;95,1;93;94,0;94;96,0;97;98;99;100,0;103,0;109,0;0,985971302551551;0,992363170044719;0,990077649342293;0,987325071806076;0,983191084603912;0,977284049602560;0,9754016731581165;0,9726890632410639;0,9689360159245640;0,9603692843675828;0,9446977796686122
2022-12-05;60+;21;21,3;21;21;21;21;22;22;22;22;23;23,0;365;371,6;367;368,0;370;372,0;375;376;377;379,0;382,0;385,0;0,985915408562446;0,992391608673069;0,990334005251212;0,988083331202777;0,984971123896738;0,980844244302792;0,9795639529944730;0,9780566658467560;0,9758517845813469;0,9723629997537069;0,9687572565002264
2022-12-05;alle;23;23,3;23;23;23;23;24;24;24;24;25;25,0;458;466,7;461;463,0;465;468,0;472;474;476;478,0;483,0;490,0;NA;NA;NA;NA;NA;NA;NA;NA;NA;NA;NA
2022-12-04;0-60;3;3,1;3;3;3;3;3;3;3;4;4;4,0;100;102,1;100;101,0;101;103,0;104;105;106;107,0;110,0;116,0;0,967765680863373;0,982577969730579;0,977305300707058;0,970919945457044;0,960921219700482;0,946302760677995;0,9417279912293126;0,9345196403628395;0,9239443830220206;0,8987776067647653;0,8502960678337803
2022-12-04;60+;15;15,5;15;15;15;15;16;16;16;17;17;18,0;362;368,3;364;365,0;367;369,0;372;373;374;376,0;379,0;382,0;0,968281135976887;0,982980323808646;0,978507853146221;0,973380510215804;0,965683057081821;0,955661296862958;0,9527504250904403;0,9488100139182252;0,9435073638312657;0,9336461164142904;0,9236328542585025
2022-12-04;alle;18;18,6;18;18;18;19;19;19;20;20;20;21,0;462;470,5;465;467,0;469;472,0;476;478;479;482,0;487,0;494,0;NA;NA;NA;NA;NA;NA;NA;NA;NA;NA;NA
2022-12-03;0-60;24;25,1;24;24;25;25;27;27;27;28;30;33,0;102;104,1;102;103,0;103;105,0;106;107;108;109,0;112,0;118,0;0,954974789858663;0,974726880280177;0,967573566105801;0,958645075099645;0,944607747989084;0,923787611719106;0,9170300486336107;0,9066531718185429;0,8888142079805724;0,8427223103646122;0,7443175296866331
2022-12-03;60+;62;64,9;62;63;64;65;67;67;68;69;70;72,0;361;367,0;362;364,0;365;368,0;371;371;373;374,0;378,0;381,0;0,955657710824788;0,975848345197301;0,969448672935224;0,961935619720362;0,951469380697917;0,937240278559297;0,9327808549396007;0,9264268087393722;0,9180907485046702;0,9015110946325182;0,8834262931644201
2022-12-03;alle;86;90,0;87;88;89;91;93;94;95;96;99;103,0;463;471,1;466;467,0;470;473,0;477;478;480;482,0;488,0;494,0;NA;NA;NA;NA;NA;NA;NA;NA;NA;NA;NA
2022-12-02;0-60;12;12,3;12;12;12;12;13;13;13;14;14;15,0;84;85,1;84;84,0;84;85,0;86;87;87;88,0;90,0;94,0;0,976146846119151;0,987630802982631;0,983367128327334;0,978319598459367;0,970357866130094;0,957569029670019;0,9529976339053788;0,9458636008203349;0,9332531557815431;0,8956040823719467;0,8180382073021859
2022-12-02;60+;46;47,1;46;46;46;47;48;48;49;49;50;51,0;350;354,1;350;351,0;353;354,5;357;358;359;360,0;363,0;366,0;0,976495323230394;0,988067755820369;0,984490679376212;0,980195815011167;0,973964103946582;0,964683372848934;0,9616024564173020;0,9573692605487187;0,9505654772609070;0,9382846661524773;0,9246271560071523
2022-12-02;alle;58;59,4;58;58;59;60;61;61;62;62;64;65,0;434;439,1;435;436,0;438;440,0;443;444;446;448,0;452,0;457,0;NA;NA;NA;NA;NA;NA;NA;NA;NA;NA;NA
2022-12-01;0-60;17;17,3;17;17;17;17;18;18;18;18;19;20,0;84;84,9;84;84,0;84;85,0;86;86;87;88,0;90,0;93,0;0,984570495786732;0,992841019129303;0,990063174646525;0,986608563922917;0,981054181082271;0,972434640403394;0,9694332782627924;0,9650671737154185;0,9573765232742203;0,9378811807469329;0,8962349409019843
2022-12-01;60+;61;61,8;61;61;61;62;63;63;63;64;64;65,0;383;386,8;383;384,0;385;387,0;390;391;392;393,0;396,0;400,0;0,986517769105454;0,993413728393840;0,991366136353459;0,988769029033057;0,984927379782875;0,979187266766648;0,9774644764069702;0,9750192969071424;0,9713623706372442;0,9644145922264600;0,9561224670630782
2022-12-01;alle;78;79,1;78;78;78;79;80;81;81;82;83;84,0;467;471,7;468;469,0;470;473,0;476;477;478;481,0;485,0;490,0;NA;NA;NA;NA;NA;NA;NA;NA;NA;NA;NA
2022-11-30;0-60;15;15,2;15;15;15;15;15;15;16;16;16;17,0;75;75,6;75;75,0;75;76,0;77;77;77;78,0;80,0;83,0;0,989178301047224;0,995721825940179;0,993834921171722;0,991479199500586;0,987770100127821;0,982166027908169;0,9804003338599151;0,9778970637378319;0,9742760310745330;0,9678077899881070;0,9600607169282065
2022-11-30;60+;62;62,5;62;62;62;62;63;63;63;64;64;65,0;358;361,2;358;359,0;360;362,0;364;365;366;367,0;370,0;374,0;0,992457625021776;0,996911310337504;0,995776181489909;0,994338080236589;0,992201936205235;0,989221807130292;0,9883055924466949;0,9871582326076643;0,9855053141605101;0,9828277041813844;0,9798220028328113
2022-11-30;alle;77;77,6;77;77;77;78;78;78;79;79;80;80,0;433;436,8;433;434,0;436;438,0;441;442;443;445,0;449,0;454,0;NA;NA;NA;NA;NA;NA;NA;NA;NA;NA;NA
2022-11-29;0-60;20;20,1;20;20;20;20;20;20;21;21;21;22,0;75;75,5;75;75,0;75;76,0;76;77;77;78,0;79,0;83,0;0,993397719188162;0,997469427636215;0,996310041110702;0,994791236259182;0,992225603147638;0,988171582479208;0,9867647075680132;0,9848333841120672;0,9818291600875437;0,9751274745733804;0,9671989689538536
2022-11-29;60+;98;98,5;98;98;98;98;99;99;99;100;100;101,0;344;346,9;344;345,0;346;347,0;350;350;351;353,0;355,0;359,0;0,995119911227834;0,998037855117231;0,997271858308138;0,996286088179081;0,994792872819749;0,992674262008127;0,9920143485311819;0,9912309752680533;0,9900476640869325;0,9880553054623591;0,9859751089498128
2022-11-29;alle;118;118,6;118;118;118;119;119;119;120;120;121;121,0;419;422,4;419;420,0;421;423,0;426;427;428;430,0;434,0;439,0;NA;NA;NA;NA;NA;NA;NA;NA;NA;NA;NA
2022-11-28;0-60;9;9,0;9;9;9;9;9;9;9;9;10;10,0;73;73,4;73;73,0;73;73,0;74;74;75;76,0;77,0;81,0;0,994673494273772;0,998166191714705;0,997189061018884;0,995861045054422;0,993476255245234;0,989300444433718;0,9877448240889571;0,9853334671833216;0,9812239274076919;0,9716288241271996;0,9523374042172246
2022-11-28;60+;18;18,1;18;18;18;18;18;18;18;19;19;19,0;319;321,5;319;319,0;320;322,0;324;325;326;327,0;330,0;333,0;0,995396140604706;0,998340485602064;0,997561393067054;0,996553049360882;0,994969255262593;0,992418822444035;0,9915936954468616;0,9905027465903582;0,9889345778917173;0,9858684012058803;0,9824766281991923
2022-11-28;alle;27;27,1;27;27;27;27;27;27;28;28;28;29,0;392;394,9;392;393,0;394;396,0;398;399;400;402,0;406,0;411,0;NA;NA;NA;NA;NA;NA;NA;NA;NA;NA;NA
2022-11-27;0-60;5;5,1;5;5;5;5;5;5;5;6;6;6,0;70;70,4;70;70,0;70;70,0;71;71;72;72,0;74,0;78,0;0,988248888982455;0,996235303193080;0,994171523572020;0,991132489141651;0,985636945197554;0,974532941181876;0,9704502746682677;0,9639283770076501;0,9522912022348267;0,9237050098298081;0,8675450241182232
2022-11-27;60+;14;14,2;14;14;14;14;14;14;15;15;15;16,0;314;316,5;314;314,0;315;317,0;319;320;321;322,0;325,0;328,0;0,988538540919706;0,996040142128481;0,994193869459448;0,991669266217254;0,987454182572932;0,980713491741032;0,9784487663421677;0,9752935636625177;0,9704981469158429;0,9608797552170834;0,9517843190849335
2022-11-27;alle;19;19,2;19;19;19;19;20;20;20;20;21;21,0;384;386,8;384;385,0;386;387,0;390;391;392;394,0;398,0;403,0;NA;NA;NA;NA;NA;NA;NA;NA;NA;NA;NA
2022-11-26;0-60;6;6,1;6;6;6;6;6;6;7;7;7;8,0;67;67,3;67;67,0;67;67,0;68;68;69;69,0;71,0;74,0;0,984296831386385;0,995331994129788;0,992564338519999;0,988440944623081;0,980612196301112;0,963823955788516;0,9572215676631599;0,9463622337471778;0,9260786708554902;0,8668482163950477;0,7603075279352159
2022-11-26;60+;51;51,9;51;51;51;52;53;53;54;54;56;57,0;314;316,4;314;314,0;315;317,0;319;319;320;322,0;325,0;328,0;0,981727693172101;0,994091907872372;0,991202488503205;0,986969247739916;0,980207860309769;0,968324736125271;0,9643029602182149;0,9585544521578602;0,9495942304103441;0,9329899338626885;0,9133974741735369
2022-11-26;alle;57;58,0;57;57;57;58;59;60;60;61;63;64,0;381;383,7;381;382,0;383;384,0;387;388;389;391,0;395,0;400,0;NA;NA;NA;NA;NA;NA;NA;NA;NA;NA;NA
2022-11-25;0-60;12;12,1;12;12;12;12;12;12;13;13;14;15,0;71;71,3;71;71,0;71;71,0;72;72;73;73,0;75,0;79,0;0,992210896279608;0,998015136934267;0,996648637696979;0,994615346161470;0,990511977227862;0,980373999266120;0,9760232420425001;0,9691269677412322;0,9551104946183475;0,9099199898077779;0,8270054559906007
2022-11-25;60+;79;79,9;79;79;79;80;81;81;82;82;84;85,0;312;314,0;312;312,0;313;314,0;316;317;318;319,0;322,0;325,0;0,989288015470201;0,996959331769724;0,995190982035617;0,992721510031956;0,988452500215584;0,980407374233476;0,9775993194609073;0,9733573541368250;0,9664547901461981;0,9525692795368859;0,9390669495707883
2022-11-25;alle;91;91,9;91;91;91;92;93;94;94;95;97;99,0;383;385,3;383;383,0;384;386,0;388;389;390;392,0;396,0;401,0;NA;NA;NA;NA;NA;NA;NA;NA;NA;NA;NA
2022-11-24;0-60;8;8,0;8;8;8;8;8;8;8;8;9;9,0;82;82,2;82;82,0;82;82,0;83;83;83;84,0;87,0;92,0;0,995393959174008;0,999012270908717;0,998230088865559;0,997086990975266;0,994606500729891;0,988718523143042;0,9859853783170349;0,9819106365913356;0,9745976932169385;0,9509292859151688;0,9051202831176929
2022-11-24;60+;36;36,2;36;36;36;36;37;37;37;37;38;38,0;295;296,6;295;295,0;296;297,0;298;299;300;301,0;303,0;307,0;0,994226417107346;0,998366362286666;0,997390816486290;0,996047127153062;0,993701549137987;0,989403561310916;0,9878229141818400;0,9856141069628730;0,9820642878135342;0,9748086729890211;0,9656897034323304
2022-11-24;alle;44;44,2;44;44;44;44;45;45;45;45;46;47,0;377;378,8;377;377,0;378;379,0;381;382;383;385,0;389,0;395,0;NA;NA;NA;NA;NA;NA;NA;NA;NA;NA;NA
2022-11-23;0-60;15;15,0;15;15;15;15;15;15;15;15;16;16,0;80;80,2;80;80,0;80;80,0;81;81;81;82,0;85,0;89,0;0,997059381809178;0,999465295179693;0,999035390733642;0,998354737419765;0,996933842782758;0,993936000215064;0,9927687770637085;0,9910366523686409;0,9882329200195711;0,9823358664124259;0,9756072276887866
2022-11-23;60+;48;48,1;48;48;48;48;48;48;48;49;49;49,0;267;268,4;267;267,0;267;268,0;270;270;271;272,0;275,0;277,0;0,997497569610501;0,999272132522559;0,998877104451855;0,998328737250187;0,997438759114437;0,996050821167605;0,9956231859155743;0,9950509461350350;0,9942175958928336;0,9926782371793785;0,9911586215910192
2022-11-23;alle;63;63,2;63;63;63;63;63;63;64;64;64;65,0;347;348,6;347;347,0;348;349,0;351;352;353;355,0;358,0;364,0;NA;NA;NA;NA;NA;NA;NA;NA;NA;NA;NA
2022-11-22;0-60;18;18,0;18;18;18;18;18;18;18;18;19;19,0;85;85,1;85;85,0;85;85,0;86;86;86;87,0;89,0;94,0;0,998263581679672;0,999755779184965;0,999523778924273;0,999120412156545;0,998155260309016;0,995757323421899;0,9948062897707586;0,9933273336849782;0,9906670809873691;0,9846400378691704;0,9747033448788673
2022-11-22;60+;73;73,1;73;73;73;73;73;73;74;74;74;74,0;260;261,3;260;260,0;260;261,0;263;263;264;265,0;267,0;270,0;0,997977923465862;0,999442253255496;0,999114578775632;0,998654340478457;0,997920958569144;0,996666198574605;0,9962491934808386;0,9957263173149694;0,9949612867795582;0,9935789357643741;0,9920804193934281
2022-11-22;alle;91;91,2;91;91;91;91;91;92;92;92;92;93,0;345;346,4;345;345,0;346;347,0;349;349;351;352,0;356,0;361,0;NA;NA;NA;NA;NA;NA;NA;NA;NA;NA;NA
2022-11-21;0-60;6;6,0;6;6;6;6;6;6;6;6;6;7,0;87;87,1;87;87,0;87;87,0;87;88;88;89,0;91,0;96,0;0,998640589768364;0,999858232853187;0,999709814615898;0,999401056203879;0,998559893365874;0,995946169176613;0,9946554119003506;0,9926871186807114;0,9891200708311476;0,9783204085970283;0,9591507827844992
2022-11-21;60+;13;13,0;13;13;13;13;13;13;13;13;13;14,0;265;266,2;265;265,0;265;266,0;268;268;269;270,0;272,0;275,0;0,997595402551219;0,999439091536680;0,999091768683989;0,998535127699975;0,997512087245826;0,995686850459613;0,9949918544113957;0,9940777076791329;0,9927557905259612;0,9899084106865698;0,9865047414437528
2022-11-21;alle;19;19,0;19;19;19;19;19;19;19;19;20;20,0;352;353,3;352;352,0;352;354,0;355;356;357;359,0;362,0;368,0;NA;NA;NA;NA;NA;NA;NA;NA;NA;NA;NA
2022-11-20;0-60;2;2,0;2;2;2;2;2;2;2;2;2;3,0;89;89,1;89;89,0;89;89,0;89;90;90;91,0;93,0;98,0;0,997179334976499;0,999797103811478;0,999537302725512;0,998938829242654;0,997022222930749;0,990376614884279;0,9867064752049749;0,9814135621664386;0,9709957150114499;0,9383148078965871;0,8806496410583110
2022-11-20;60+;14;14,1;14;14;14;14;14;14;14;15;15;15,0;265;266,2;265;265,0;265;266,0;268;268;269;270,0;272,0;275,0;0,993350621220150;0,998624318501234;0,997648142155626;0,996124105134957;0,993272306481060;0,987812548451187;0,9858969897442573;0,9832196315727242;0,9787160346399839;0,9700419867276866;0,9605821177652365
2022-11-20;alle;16;16,1;16;16;16;16;16;16;17;17;17;17,0;354;355,3;354;354,0;354;355,0;357;358;359;361,0;364,0;369,0;NA;NA;NA;NA;NA;NA;NA;NA;NA;NA;NA
2022-11-19;0-60;10;10,0;10;10;10;10;10;10;10;11;12;13,0;91;91,1;91;91,0;91;91,0;91;92;92;93,0;95,0;99,0;0,996516494524961;0,999827738472676;0,999570637700679;0,998900144282249;0,996392206020101;0,986126812803556;0,9800523649310457;0,9702165244654534;0,9500544121481178;0,8867148911342837;0,7826149735992146
2022-11-19;60+;49;49,6;49;49;49;49;50;51;51;51;53;54,0;260;261,1;260;260,0;260;261,0;262;263;263;264,0;267,0;269,0;0,988389534569402;0,997975824343239;0,996381589403303;0,993638514539757;0,988405347393078;0,977839844745575;0,9741292233400208;0,9688235177463647;0,9602205306927685;0,9433304057391352;0,9249591527612887
2022-11-19;alle;59;59,6;59;59;59;60;61;61;61;62;64;66,0;351;352,2;351;351,0;351;352,0;354;355;356;357,0;361,0;366,0;NA;NA;NA;NA;NA;NA;NA;NA;NA;NA;NA
2022-11-18;0-60;23;23,0;23;23;23;23;23;23;24;24;25;28,0;95;95,0;95;95,0;95;95,0;95;95;96;96,0;98,0;101,0;0,998509606504724;0,999952761888521;0,999868500724355;0,999601873927379;0,998470715273317;0,992816246604605;0,9893266590184365;0,9831058300763040;0,9698337696152799;0,9250809900183834;0,8438046144738733
2022-11-18;60+;62;62,4;62;62;62;62;63;63;64;64;65;67,0;250;250,5;250;250,0;250;250,0;251;251;252;252,0;254,0;255,0;0,992947287055884;0,998997865846136;0,998100687160725;0,996435770299981;0,993010536142593;0,985742460810753;0,9831459859148526;0,9792020938961320;0,9727669962225299;0,9594749886396718;0,9453668936527216
2022-11-18;alle;85;85,5;85;85;85;85;86;87;87;88;90;93,0;345;345,6;345;345,0;345;346,0;347;347;348;349,0;351,0;354,0;NA;NA;NA;NA;NA;NA;NA;NA;NA;NA;NA
2022-11-17;0-60;6;6,0;6;6;6;6;6;6;6;6;6;7,0;84;84,0;84;84,0;84;84,0;84;84;84;84,0;85,0;85,0;0,999421584039659;0,999985764147247;0,999955325237020;0,999853849048317;0,999411457868935;0,997060583898600;0,9955213773846101;0,9927340416377866;0,9863694510692803;0,9643623794663406;0,9215820958604221
2022-11-17;60+;8;8,0;8;8;8;8;8;8;8;8;8;9,0;227;227,1;227;227,0;227;227,0;227;227;227;227,0;228,0;228,0;0,996840901441818;0,999603646827526;0,999200892160796;0,998476977598468;0,996854771172388;0,993355721681210;0,9919642349685913;0,9902065009763730;0,9868507235155681;0,9798956889788566;0,9715294159377239
2022-11-17;alle;14;14,0;14;14;14;14;14;14;14;14;15;15,0;311;311,1;311;311,0;311;311,0;311;311;312;312,0;312,0;313,0;NA;NA;NA;NA;NA;NA;NA;NA;NA;NA;NA
2022-11-16;0-60;20;20,0;20;20;20;20;20;20;20;20;20;20,0;79;79,0;79;79,0;79;79,0;79;79;79;79,0;79,0;80,0;0,999858122671293;0,999996062806339;0,999986747806718;0,999959457875994;0,999860970402188;0,999515029286191;0,9993316721358628;0,9990609208335435;0,9985443218928703;0,9971542144107548;0,9945477140097573
2022-11-16;60+;41;41,0;41;41;41;41;41;41;41;41;41;41,0;257;257,0;257;257,0;257;257,0;257;257;257;257,0;258,0;258,0;0,999669006695103;0,999931571142453;0,999884497365393;0,999809658794641;0,999674485954196;0,999439059091660;0,9993555250946073;0,9992436412571927;0,9990888250969959;0,9987474621891996;0,9983745377776454
2022-11-16;alle;61;61,0;61;61;61;61;61;61;61;61;61;62,0;336;336,1;336;336,0;336;336,0;336;336;336;336,0;337,0;337,0;NA;NA;NA;NA;NA;NA;NA;NA;NA;NA;NA
2022-11-15;0-60;20;20,0;20;20;20;20;20;20;20;20;20;20,0;73;73,0;73;73,0;73;73,0;73;73;73;73,0;73,0;73,0;0,999917606795405;0,999998968063604;0,999995528869470;0,999982138282060;0,999919910746288;0,999620488889023;0,9994477124456843;0,9991558046979424;0,9985452739531064;0,9967271862996390;0,9930928249454621
2022-11-15;60+;78;78,0;78;78;78;78;78;78;78;78;78;79,0;265;265,0;265;265,0;265;265,0;265;265;265;265,0;266,0;266,0;0,999668221388775;0,999948778489627;0,999904074294697;0,999826263185571;0,999671692970093;0,999381803430093;0,9992636165641231;0,9991170049551018;0,9988730298174114;0,9983831475112939;0,9977979442298928
2022-11-15;alle;98;98,0;98;98;98;98;98;98;98;98;99;99,0;338;338,0;338;338,0;338;338,0;338;338;338;338,0;339,0;339,0;NA;NA;NA;NA;NA;NA;NA;NA;NA;NA;NA
2022-11-14;0-60;8;8,0;8;8;8;8;8;8;8;8;8;8,0;68;68,0;68;68,0;68;68,0;68;68;68;68,0;68,0;68,0;0,999936458433326;0,999999699043614;0,999998246936496;0,999990042432747;0,999938017709855;0,999591513801840;0,9993643348132155;0,9988984913439598;0,9978290077480534;0,9942137911994304;0,9857718482988211
2022-11-14;60+;13;13,0;13;13;13;13;13;13;13;13;13;13,0;264;264,0;264;264,0;264;264,0;264;264;264;264,0;264,0;264,0;0,999510331128815;0,999950431547205;0,999891302497036;0,999780950891392;0,999520367849671;0,998943835203094;0,9986934278151263;0,9983564166813041;0,9978323037325105;0,9965450935563043;0,9949920812056872
2022-11-14;alle;21;21,0;21;21;21;21;21;21;21;21;21;21,0;332;332,0;332;332,0;332;332,0;332;332;332;332,0;332,0;332,0;NA;NA;NA;NA;NA;NA;NA;NA;NA;NA;NA
2022-11-13;0-60;4;4,0;4;4;4;4;4;4;4;4;4;4,0;64;64,0;64;64,0;64;64,0;64;64;64;64,0;64,0;64,0;1,000000000000000;1,000000000000000;1,000000000000000;1,000000000000000;1,000000000000000;1,000000000000000;1,0000000000000000;1,0000000000000000;1,0000000000000000;1,0000000000000000;1,0000000000000000
2022-11-13;60+;9;9,0;9;9;9;9;9;9;9;9;9;9,0;264;264,0;264;264,0;264;264,0;264;264;264;264,0;264,0;264,0;1,000000000000000;1,000000000000000;1,000000000000000;1,000000000000000;1,000000000000000;1,000000000000000;1,0000000000000000;1,0000000000000000;1,0000000000000000;1,0000000000000000;1,0000000000000000
2022-11-13;alle;13;13,0;13;13;13;13;13;13;13;13;13;13,0;328;328,0;328;328,0;328;328,0;328;328;328;328,0;328,0;328,0;1,000000000000000;1,000000000000000;1,000000000000000;1,000000000000000;1,000000000000000;1,000000000000000;1,0000000000000000;1,0000000000000000;1,0000000000000000;1,0000000000000000;1,0000000000000000
2022-11-12;0-60;14;14,0;14;14;14;14;14;14;14;14;14;14,0;66;66,0;66;66,0;66;66,0;66;66;66;66,0;66,0;66,0;1,000000000000000;1,000000000000000;1,000000000000000;1,000000000000000;1,000000000000000;1,000000000000000;1,0000000000000000;1,0000000000000000;1,0000000000000000;1,0000000000000000;1,0000000000000000
2022-11-12;60+;39;39,0;39;39;39;39;39;39;39;39;39;39,0;271;271,0;271;271,0;271;271,0;271;271;271;271,0;271,0;271,0;1,000000000000000;1,000000000000000;1,000000000000000;1,000000000000000;1,000000000000000;1,000000000000000;1,0000000000000000;1,0000000000000000;1,0000000000000000;1,0000000000000000;1,0000000000000000
2022-11-12;alle;53;53,0;53;53;53;53;53;53;53;53;53;53,0;337;337,0;337;337,0;337;337,0;337;337;337;337,0;337,0;337,0;1,000000000000000;1,000000000000000;1,000000000000000;1,000000000000000;1,000000000000000;1,000000000000000;1,0000000000000000;1,0000000000000000;1,0000000000000000;1,0000000000000000;1,0000000000000000
2022-11-11;0-60;12;12,0;12;12;12;12;12;12;12;12;12;12,0;66;66,0;66;66,0;66;66,0;66;66;66;66,0;66,0;66,0;1,000000000000000;1,000000000000000;1,000000000000000;1,000000000000000;1,000000000000000;1,000000000000000;1,0000000000000000;1,0000000000000000;1,0000000000000000;1,0000000000000000;1,0000000000000000
2022-11-11;60+;39;39,0;39;39;39;39;39;39;39;39;39;39,0;263;263,0;263;263,0;263;263,0;263;263;263;263,0;263,0;263,0;1,000000000000000;1,000000000000000;1,000000000000000;1,000000000000000;1,000000000000000;1,000000000000000;1,0000000000000000;1,0000000000000000;1,0000000000000000;1,0000000000000000;1,0000000000000000
2022-11-11;alle;51;51,0;51;51;51;51;51;51;51;51;51;51,0;329;329,0;329;329,0;329;329,0;329;329;329;329,0;329,0;329,0;1,000000000000000;1,000000000000000;1,000000000000000;1,000000000000000;1,000000000000000;1,000000000000000;1,0000000000000000;1,0000000000000000;1,0000000000000000;1,0000000000000000;1,0000000000000000
2022-11-10;0-60;1;1,0;1;1;1;1;1;1;1;1;1;1,0;73;73,0;73;73,0;73;73,0;73;73;73;73,0;73,0;73,0;1,000000000000000;1,000000000000000;1,000000000000000;1,000000000000000;1,000000000000000;1,000000000000000;1,0000000000000000;1,0000000000000000;1,0000000000000000;1,0000000000000000;1,0000000000000000
2022-11-10;60+;38;38,0;38;38;38;38;38;38;38;38;38;38,0;322;322,0;322;322,0;322;322,0;322;322;322;322,0;322,0;322,0;1,000000000000000;1,000000000000000;1,000000000000000;1,000000000000000;1,000000000000000;1,000000000000000;1,0000000000000000;1,0000000000000000;1,0000000000000000;1,0000000000000000;1,0000000000000000
2022-11-10;alle;39;39,0;39;39;39;39;39;39;39;39;39;39,0;395;395,0;395;395,0;395;395,0;395;395;395;395,0;395,0;395,0;1,000000000000000;1,000000000000000;1,000000000000000;1,000000000000000;1,000000000000000;1,000000000000000;1,0000000000000000;1,0000000000000000;1,0000000000000000;1,0000000000000000;1,0000000000000000
2022-11-09;0-60;14;14,0;14;14;14;14;14;14;14;14;14;14,0;91;91,0;91;91,0;91;91,0;91;91;91;91,0;91,0;91,0;1,000000000000000;1,000000000000000;1,000000000000000;1,000000000000000;1,000000000000000;1,000000000000000;1,0000000000000000;1,0000000000000000;1,0000000000000000;1,0000000000000000;1,0000000000000000
2022-11-09;60+;49;49,0;49;49;49;49;49;49;49;49;49;49,0;343;343,0;343;343,0;343;343,0;343;343;343;343,0;343,0;343,0;1,000000000000000;1,000000000000000;1,000000000000000;1,000000000000000;1,000000000000000;1,000000000000000;1,0000000000000000;1,0000000000000000;1,0000000000000000;1,0000000000000000;1,0000000000000000
2022-11-09;alle;63;63,0;63;63;63;63;63;63;63;63;63;63,0;434;434,0;434;434,0;434;434,0;434;434;434;434,0;434,0;434,0;1,000000000000000;1,000000000000000;1,000000000000000;1,000000000000000;1,000000000000000;1,000000000000000;1,0000000000000000;1,0000000000000000;1,0000000000000000;1,0000000000000000;1,0000000000000000
2022-11-08;0-60;15;15,0;15;15;15;15;15;15;15;15;15;15,0;106;106,0;106;106,0;106;106,0;106;106;106;106,0;106,0;106,0;1,000000000000000;1,000000000000000;1,000000000000000;1,000000000000000;1,000000000000000;1,000000000000000;1,0000000000000000;1,0000000000000000;1,0000000000000000;1,0000000000000000;1,0000000000000000
2022-11-08;60+;77;77,0;77;77;77;77;77;77;77;77;77;77,0;421;421,0;421;421,0;421;421,0;421;421;421;421,0;421,0;421,0;1,000000000000000;1,000000000000000;1,000000000000000;1,000000000000000;1,000000000000000;1,000000000000000;1,0000000000000000;1,0000000000000000;1,0000000000000000;1,0000000000000000;1,0000000000000000
2022-11-08;alle;92;92,0;92;92;92;92;92;92;92;92;92;92,0;527;527,0;527;527,0;527;527,0;527;527;527;527,0;527,0;527,0;1,000000000000000;1,000000000000000;1,000000000000000;1,000000000000000;1,000000000000000;1,000000000000000;1,0000000000000000;1,0000000000000000;1,0000000000000000;1,0000000000000000;1,0000000000000000
2022-11-07;0-60;4;4,0;4;4;4;4;4;4;4;4;4;4,0;106;106,0;106;106,0;106;106,0;106;106;106;106,0;106,0;106,0;1,000000000000000;1,000000000000000;1,000000000000000;1,000000000000000;1,000000000000000;1,000000000000000;1,0000000000000000;1,0000000000000000;1,0000000000000000;1,0000000000000000;1,0000000000000000
2022-11-07;60+;13;13,0;13;13;13;13;13;13;13;13;13;13,0;390;390,0;390;390,0;390;390,0;390;390;390;390,0;390,0;390,0;1,000000000000000;1,000000000000000;1,000000000000000;1,000000000000000;1,000000000000000;1,000000000000000;1,0000000000000000;1,0000000000000000;1,0000000000000000;1,0000000000000000;1,0000000000000000
2022-11-07;alle;17;17,0;17;17;17;17;17;17;17;17;17;17,0;496;496,0;496;496,0;496;496,0;496;496;496;496,0;496,0;496,0;1,000000000000000;1,000000000000000;1,000000000000000;1,000000000000000;1,000000000000000;1,000000000000000;1,0000000000000000;1,0000000000000000;1,0000000000000000;1,0000000000000000;1,0000000000000000
2022-11-06;0-60;6;6,0;6;6;6;6;6;6;6;6;6;6,0;106;106,0;106;106,0;106;106,0;106;106;106;106,0;106,0;106,0;1,000000000000000;1,000000000000000;1,000000000000000;1,000000000000000;1,000000000000000;1,000000000000000;1,0000000000000000;1,0000000000000000;1,0000000000000000;1,0000000000000000;1,0000000000000000
2022-11-06;60+;16;16,0;16;16;16;16;16;16;16;16;16;16,0;396;396,0;396;396,0;396;396,0;396;396;396;396,0;396,0;396,0;1,000000000000000;1,000000000000000;1,000000000000000;1,000000000000000;1,000000000000000;1,000000000000000;1,0000000000000000;1,0000000000000000;1,0000000000000000;1,0000000000000000;1,0000000000000000
2022-11-06;alle;22;22,0;22;22;22;22;22;22;22;22;22;22,0;502;502,0;502;502,0;502;502,0;502;502;502;502,0;502,0;502,0;1,000000000000000;1,000000000000000;1,000000000000000;1,000000000000000;1,000000000000000;1,000000000000000;1,0000000000000000;1,0000000000000000;1,0000000000000000;1,0000000000000000;1,0000000000000000
2022-11-05;0-60;14;14,0;14;14;14;14;14;14;14;14;14;14,0;105;105,0;105;105,0;105;105,0;105;105;105;105,0;105,0;105,0;1,000000000000000;1,000000000000000;1,000000000000000;1,000000000000000;1,000000000000000;1,000000000000000;1,0000000000000000;1,0000000000000000;1,0000000000000000;1,0000000000000000;1,0000000000000000
2022-11-05;60+;31;31,0;31;31;31;31;31;31;31;31;31;31,0;403;403,0;403;403,0;403;403,0;403;403;403;403,0;403,0;403,0;1,000000000000000;1,000000000000000;1,000000000000000;1,000000000000000;1,000000000000000;1,000000000000000;1,0000000000000000;1,0000000000000000;1,0000000000000000;1,0000000000000000;1,0000000000000000
2022-11-05;alle;45;45,0;45;45;45;45;45;45;45;45;45;45,0;508;508,0;508;508,0;508;508,0;508;508;508;508,0;508,0;508,0;1,000000000000000;1,000000000000000;1,000000000000000;1,000000000000000;1,000000000000000;1,000000000000000;1,0000000000000000;1,0000000000000000;1,0000000000000000;1,0000000000000000;1,0000000000000000
2022-11-04;0-60;19;19,0;19;19;19;19;19;19;19;19;19;19,0;101;101,0;101;101,0;101;101,0;101;101;101;101,0;101,0;101,0;1,000000000000000;1,000000000000000;1,000000000000000;1,000000000000000;1,000000000000000;1,000000000000000;1,0000000000000000;1,0000000000000000;1,0000000000000000;1,0000000000000000;1,0000000000000000
2022-11-04;60+;98;98,0;98;98;98;98;98;98;98;98;98;98,0;425;425,0;425;425,0;425;425,0;425;425;425;425,0;425,0;425,0;1,000000000000000;1,000000000000000;1,000000000000000;1,000000000000000;1,000000000000000;1,000000000000000;1,0000000000000000;1,0000000000000000;1,0000000000000000;1,0000000000000000;1,0000000000000000
2022-11-04;alle;117;117,0;117;117;117;117;117;117;117;117;117;117,0;526;526,0;526;526,0;526;526,0;526;526;526;526,0;526,0;526,0;1,000000000000000;1,000000000000000;1,000000000000000;1,000000000000000;1,000000000000000;1,000000000000000;1,0000000000000000;1,0000000000000000;1,0000000000000000;1,0000000000000000;1,0000000000000000
2022-11-03;0-60;19;19,0;19;19;19;19;19;19;19;19;19;19,0;99;99,0;99;99,0;99;99,0;99;99;99;99,0;99,0;99,0;1,000000000000000;1,000000000000000;1,000000000000000;1,000000000000000;1,000000000000000;1,000000000000000;1,0000000000000000;1,0000000000000000;1,0000000000000000;1,0000000000000000;1,0000000000000000
2022-11-03;60+;59;59,0;59;59;59;59;59;59;59;59;59;59,0;412;412,0;412;412,0;412;412,0;412;412;412;412,0;412,0;412,0;1,000000000000000;1,000000000000000;1,000000000000000;1,000000000000000;1,000000000000000;1,000000000000000;1,0000000000000000;1,0000000000000000;1,0000000000000000;1,0000000000000000;1,0000000000000000
2022-11-03;alle;78;78,0;78;78;78;78;78;78;78;78;78;78,0;511;511,0;511;511,0;511;511,0;511;511;511;511,0;511,0;511,0;1,000000000000000;1,000000000000000;1,000000000000000;1,000000000000000;1,000000000000000;1,000000000000000;1,0000000000000000;1,0000000000000000;1,0000000000000000;1,0000000000000000;1,0000000000000000
2022-11-02;0-60;29;29,0;29;29;29;29;29;29;29;29;29;29,0;98;98,0;98;98,0;98;98,0;98;98;98;98,0;98,0;98,0;1,000000000000000;1,000000000000000;1,000000000000000;1,000000000000000;1,000000000000000;1,000000000000000;1,0000000000000000;1,0000000000000000;1,0000000000000000;1,0000000000000000;1,0000000000000000
2022-11-02;60+;127;127,0;127;127;127;127;127;127;127;127;127;127,0;436;436,0;436;436,0;436;436,0;436;436;436;436,0;436,0;436,0;1,000000000000000;1,000000000000000;1,000000000000000;1,000000000000000;1,000000000000000;1,000000000000000;1,0000000000000000;1,0000000000000000;1,0000000000000000;1,0000000000000000;1,0000000000000000
2022-11-02;alle;156;156,0;156;156;156;156;156;156;156;156;156;156,0;534;534,0;534;534,0;534;534,0;534;534;534;534,0;534,0;534,0;1,000000000000000;1,000000000000000;1,000000000000000;1,000000000000000;1,000000000000000;1,000000000000000;1,0000000000000000;1,0000000000000000;1,0000000000000000;1,0000000000000000;1,0000000000000000
2022-11-01;0-60;15;15,0;15;15;15;15;15;15;15;15;15;15,0;82;82,0;82;82,0;82;82,0;82;82;82;82,0;82,0;82,0;1,000000000000000;1,000000000000000;1,000000000000000;1,000000000000000;1,000000000000000;1,000000000000000;1,0000000000000000;1,0000000000000000;1,0000000000000000;1,0000000000000000;1,0000000000000000
2022-11-01;60+;46;46,0;46;46;46;46;46;46;46;46;46;46,0;400;400,0;400;400,0;400;400,0;400;400;400;400,0;400,0;400,0;1,000000000000000;1,000000000000000;1,000000000000000;1,000000000000000;1,000000000000000;1,000000000000000;1,0000000000000000;1,0000000000000000;1,0000000000000000;1,0000000000000000;1,0000000000000000
2022-11-01;alle;61;61,0;61;61;61;61;61;61;61;61;61;61,0;482;482,0;482;482,0;482;482,0;482;482;482;482,0;482,0;482,0;1,000000000000000;1,000000000000000;1,000000000000000;1,000000000000000;1,000000000000000;1,000000000000000;1,0000000000000000;1,0000000000000000;1,0000000000000000;1,0000000000000000;1,0000000000000000
2022-10-31;0-60;4;4,0;4;4;4;4;4;4;4;4;4;4,0;101;101,0;101;101,0;101;101,0;101;101;101;101,0;101,0;101,0;1,000000000000000;1,000000000000000;1,000000000000000;1,000000000000000;1,000000000000000;1,000000000000000;1,0000000000000000;1,0000000000000000;1,0000000000000000;1,0000000000000000;1,0000000000000000
2022-10-31;60+;19;19,0;19;19;19;19;19;19;19;19;19;19,0;503;503,0;503;503,0;503;503,0;503;503;503;503,0;503,0;503,0;1,000000000000000;1,000000000000000;1,000000000000000;1,000000000000000;1,000000000000000;1,000000000000000;1,0000000000000000;1,0000000000000000;1,0000000000000000;1,0000000000000000;1,0000000000000000
2022-10-31;alle;23;23,0;23;23;23;23;23;23;23;23;23;23,0;604;604,0;604;604,0;604;604,0;604;604;604;604,0;604,0;604,0;1,000000000000000;1,000000000000000;1,000000000000000;1,000000000000000;1,000000000000000;1,000000000000000;1,0000000000000000;1,0000000000000000;1,0000000000000000;1,0000000000000000;1,0000000000000000
2022-10-30;0-60;5;5,0;5;5;5;5;5;5;5;5;5;5,0;101;101,0;101;101,0;101;101,0;101;101;101;101,0;101,0;101,0;1,000000000000000;1,000000000000000;1,000000000000000;1,000000000000000;1,000000000000000;1,000000000000000;1,0000000000000000;1,0000000000000000;1,0000000000000000;1,0000000000000000;1,0000000000000000
2022-10-30;60+;23;23,0;23;23;23;23;23;23;23;23;23;23,0;518;518,0;518;518,0;518;518,0;518;518;518;518,0;518,0;518,0;1,000000000000000;1,000000000000000;1,000000000000000;1,000000000000000;1,000000000000000;1,000000000000000;1,0000000000000000;1,0000000000000000;1,0000000000000000;1,0000000000000000;1,0000000000000000
2022-10-30;alle;28;28,0;28;28;28;28;28;28;28;28;28;28,0;619;619,0;619;619,0;619;619,0;619;619;619;619,0;619,0;619,0;1,000000000000000;1,000000000000000;1,000000000000000;1,000000000000000;1,000000000000000;1,000000000000000;1,0000000000000000;1,0000000000000000;1,0000000000000000;1,0000000000000000;1,0000000000000000
2022-10-29;0-60;10;10,0;10;10;10;10;10;10;10;10;10;10,0;97;97,0;97;97,0;97;97,0;97;97;97;97,0;97,0;97,0;1,000000000000000;1,000000000000000;1,000000000000000;1,000000000000000;1,000000000000000;1,000000000000000;1,0000000000000000;1,0000000000000000;1,0000000000000000;1,0000000000000000;1,0000000000000000
2022-10-29;60+;53;53,0;53;53;53;53;53;53;53;53;53;53,0;524;524,0;524;524,0;524;524,0;524;524;524;524,0;524,0;524,0;1,000000000000000;1,000000000000000;1,000000000000000;1,000000000000000;1,000000000000000;1,000000000000000;1,0000000000000000;1,0000000000000000;1,0000000000000000;1,0000000000000000;1,0000000000000000
2022-10-29;alle;63;63,0;63;63;63;63;63;63;63;63;63;63,0;621;621,0;621;621,0;621;621,0;621;621;621;621,0;621,0;621,0;1,000000000000000;1,000000000000000;1,000000000000000;1,000000000000000;1,000000000000000;1,000000000000000;1,0000000000000000;1,0000000000000000;1,0000000000000000;1,0000000000000000;1,0000000000000000
2022-10-28;0-60;17;17,0;17;17;17;17;17;17;17;17;17;17,0;107;107,0;107;107,0;107;107,0;107;107;107;107,0;107,0;107,0;1,000000000000000;1,000000000000000;1,000000000000000;1,000000000000000;1,000000000000000;1,000000000000000;1,0000000000000000;1,0000000000000000;1,0000000000000000;1,0000000000000000;1,0000000000000000
2022-10-28;60+;85;85,0;85;85;85;85;85;85;85;85;85;85,0;558;558,0;558;558,0;558;558,0;558;558;558;558,0;558,0;558,0;1,000000000000000;1,000000000000000;1,000000000000000;1,000000000000000;1,000000000000000;1,000000000000000;1,0000000000000000;1,0000000000000000;1,0000000000000000;1,0000000000000000;1,0000000000000000
2022-10-28;alle;102;102,0;102;102;102;102;102;102;102;102;102;102,0;665;665,0;665;665,0;665;665,0;665;665;665;665,0;665,0;665,0;1,000000000000000;1,000000000000000;1,000000000000000;1,000000000000000;1,000000000000000;1,000000000000000;1,0000000000000000;1,0000000000000000;1,0000000000000000;1,0000000000000000;1,0000000000000000
2022-10-27;0-60;18;18,0;18;18;18;18;18;18;18;18;18;18,0;111;111,0;111;111,0;111;111,0;111;111;111;111,0;111,0;111,0;1,000000000000000;1,000000000000000;1,000000000000000;1,000000000000000;1,000000000000000;1,000000000000000;1,0000000000000000;1,0000000000000000;1,0000000000000000;1,0000000000000000;1,0000000000000000
2022-10-27;60+;83;83,0;83;83;83;83;83;83;83;83;83;83,0;582;582,0;582;582,0;582;582,0;582;582;582;582,0;582,0;582,0;1,000000000000000;1,000000000000000;1,000000000000000;1,000000000000000;1,000000000000000;1,000000000000000;1,0000000000000000;1,0000000000000000;1,0000000000000000;1,0000000000000000;1,0000000000000000
2022-10-27;alle;101;101,0;101;101;101;101;101;101;101;101;101;101,0;693;693,0;693;693,0;693;693,0;693;693;693;693,0;693,0;693,0;NA;NA;NA;NA;NA;NA;NA;NA;NA;NA;NA
2022-10-26;0-60;13;13,0;13;13;13;13;13;13;13;13;13;13,0;110;110,0;110;110,0;110;110,0;110;110;110;110,0;110,0;110,0;1,000000000000000;1,000000000000000;1,000000000000000;1,000000000000000;1,000000000000000;1,000000000000000;1,0000000000000000;1,0000000000000000;1,0000000000000000;1,0000000000000000;1,0000000000000000
2022-10-26;60+;91;91,0;91;91;91;91;91;91;91;91;91;91,0;600;600,0;600;600,0;600;600,0;600;600;600;600,0;600,0;600,0;1,000000000000000;1,000000000000000;1,000000000000000;1,000000000000000;1,000000000000000;1,000000000000000;1,0000000000000000;1,0000000000000000;1,0000000000000000;1,0000000000000000;1,0000000000000000
2022-10-26;alle;104;104,0;104;104;104;104;104;104;104;104;104;104,0;710;710,0;710;710,0;710;710,0;710;710;710;710,0;710,0;710,0;NA;NA;NA;NA;NA;NA;NA;NA;NA;NA;NA
2022-10-25;0-60;34;34,0;34;34;34;34;34;34;34;34;34;34,0;140;140,0;140;140,0;140;140,0;140;140;140;140,0;140,0;140,0;1,000000000000000;1,000000000000000;1,000000000000000;1,000000000000000;1,000000000000000;1,000000000000000;1,0000000000000000;1,0000000000000000;1,0000000000000000;1,0000000000000000;1,0000000000000000
2022-10-25;60+;149;149,0;149;149;149;149;149;149;149;149;149;149,0;657;657,0;657;657,0;657;657,0;657;657;657;657,0;657,0;657,0;1,000000000000000;1,000000000000000;1,000000000000000;1,000000000000000;1,000000000000000;1,000000000000000;1,0000000000000000;1,0000000000000000;1,0000000000000000;1,0000000000000000;1,0000000000000000
2022-10-25;alle;183;183,0;183;183;183;183;183;183;183;183;183;183,0;797;797,0;797;797,0;797;797,0;797;797;797;797,0;797,0;797,0;NA;NA;NA;NA;NA;NA;NA;NA;NA;NA;NA
2022-10-24;0-60;4;4,0;4;4;4;4;4;4;4;4;4;4,0;175;175,0;175;175,0;175;175,0;175;175;175;175,0;175,0;175,0;1,000000000000000;1,000000000000000;1,000000000000000;1,000000000000000;1,000000000000000;1,000000000000000;1,0000000000000000;1,0000000000000000;1,0000000000000000;1,0000000000000000;1,0000000000000000
2022-10-24;60+;34;34,0;34;34;34;34;34;34;34;34;34;34,0;776;776,0;776;776,0;776;776,0;776;776;776;776,0;776,0;776,0;1,000000000000000;1,000000000000000;1,000000000000000;1,000000000000000;1,000000000000000;1,000000000000000;1,0000000000000000;1,0000000000000000;1,0000000000000000;1,0000000000000000;1,0000000000000000
2022-10-24;alle;38;38,0;38;38;38;38;38;38;38;38;38;38,0;951;951,0;951;951,0;951;951,0;951;951;951;951,0;951,0;951,0;NA;NA;NA;NA;NA;NA;NA;NA;NA;NA;NA
2022-10-23;0-60;1;1,0;1;1;1;1;1;1;1;1;1;1,0;189;189,0;189;189,0;189;189,0;189;189;189;189,0;189,0;189,0;1,000000000000000;1,000000000000000;1,000000000000000;1,000000000000000;1,000000000000000;1,000000000000000;1,0000000000000000;1,0000000000000000;1,0000000000000000;1,0000000000000000;1,0000000000000000
2022-10-23;60+;29;29,0;29;29;29;29;29;29;29;29;29;29,0;787;787,0;787;787,0;787;787,0;787;787;787;787,0;787,0;787,0;1,000000000000000;1,000000000000000;1,000000000000000;1,000000000000000;1,000000000000000;1,000000000000000;1,0000000000000000;1,0000000000000000;1,0000000000000000;1,0000000000000000;1,0000000000000000
2022-10-23;alle;30;30,0;30;30;30;30;30;30;30;30;30;30,0;976;976,0;976;976,0;976;976,0;976;976;976;976,0;976,0;976,0;NA;NA;NA;NA;NA;NA;NA;NA;NA;NA;NA
2022-10-22;0-60;20;20,0;20;20;20;20;20;20;20;20;20;20,0;195;195,0;195;195,0;195;195,0;195;195;195;195,0;195,0;195,0;1,000000000000000;1,000000000000000;1,000000000000000;1,000000000000000;1,000000000000000;1,000000000000000;1,0000000000000000;1,0000000000000000;1,0000000000000000;1,0000000000000000;1,0000000000000000
2022-10-22;60+;87;87,0;87;87;87;87;87;87;87;87;87;87,0;797;797,0;797;797,0;797;797,0;797;797;797;797,0;797,0;797,0;1,000000000000000;1,000000000000000;1,000000000000000;1,000000000000000;1,000000000000000;1,000000000000000;1,0000000000000000;1,0000000000000000;1,0000000000000000;1,0000000000000000;1,0000000000000000
2022-10-22;alle;107;107,0;107;107;107;107;107;107;107;107;107;107,0;992;992,0;992;992,0;992;992,0;992;992;992;992,0;992,0;992,0;NA;NA;NA;NA;NA;NA;NA;NA;NA;NA;NA
2022-10-21;0-60;21;21,0;21;21;21;21;21;21;21;21;21;21,0;202;202,0;202;202,0;202;202,0;202;202;202;202,0;202,0;202,0;1,000000000000000;1,000000000000000;1,000000000000000;1,000000000000000;1,000000000000000;1,000000000000000;1,0000000000000000;1,0000000000000000;1,0000000000000000;1,0000000000000000;1,0000000000000000
2022-10-21;60+;109;109,0;109;109;109;109;109;109;109;109;109;109,0;817;817,0;817;817,0;817;817,0;817;817;817;817,0;817,0;817,0;1,000000000000000;1,000000000000000;1,000000000000000;1,000000000000000;1,000000000000000;1,000000000000000;1,0000000000000000;1,0000000000000000;1,0000000000000000;1,0000000000000000;1,0000000000000000
2022-10-21;alle;130;130,0;130;130;130;130;130;130;130;130;130;130,0;1019;1019,0;1019;1019,0;1019;1019,0;1019;1019;1019;1019,0;1019,0;1019,0;NA;NA;NA;NA;NA;NA;NA;NA;NA;NA;NA
2022-10-20;0-60;17;17,0;17;17;17;17;17;17;17;17;17;17,0;206;206,0;206;206,0;206;206,0;206;206;206;206,0;206,0;206,0;1,000000000000000;1,000000000000000;1,000000000000000;1,000000000000000;1,000000000000000;1,000000000000000;1,0000000000000000;1,0000000000000000;1,0000000000000000;1,0000000000000000;1,0000000000000000
2022-10-20;60+;101;101,0;101;101;101;101;101;101;101;101;101;101,0;846;846,0;846;846,0;846;846,0;846;846;846;846,0;846,0;846,0;1,000000000000000;1,000000000000000;1,000000000000000;1,000000000000000;1,000000000000000;1,000000000000000;1,0000000000000000;1,0000000000000000;1,0000000000000000;1,0000000000000000;1,0000000000000000
2022-10-20;alle;118;118,0;118;118;118;118;118;118;118;118;118;118,0;1052;1052,0;1052;1052,0;1052;1052,0;1052;1052;1052;1052,0;1052,0;1052,0;NA;NA;NA;NA;NA;NA;NA;NA;NA;NA;NA
2022-10-19;0-60;43;43,0;43;43;43;43;43;43;43;43;43;43,0;231;231,0;231;231,0;231;231,0;231;231;231;231,0;231,0;231,0;1,000000000000000;1,000000000000000;1,000000000000000;1,000000000000000;1,000000000000000;1,000000000000000;1,0000000000000000;1,0000000000000000;1,0000000000000000;1,0000000000000000;1,0000000000000000
2022-10-19;60+;148;148,0;148;148;148;148;148;148;148;148;148;148,0;882;882,0;882;882,0;882;882,0;882;882;882;882,0;882,0;882,0;1,000000000000000;1,000000000000000;1,000000000000000;1,000000000000000;1,000000000000000;1,000000000000000;1,0000000000000000;1,0000000000000000;1,0000000000000000;1,0000000000000000;1,0000000000000000
2022-10-19;alle;191;191,0;191;191;191;191;191;191;191;191;191;191,0;1113;1113,0;1113;1113,0;1113;1113,0;1113;1113;1113;1113,0;1113,0;1113,0;NA;NA;NA;NA;NA;NA;NA;NA;NA;NA;NA
2022-10-18;0-60;69;69,0;69;69;69;69;69;69;69;69;69;69,0;225;225,0;225;225,0;225;225,0;225;225;225;225,0;225,0;225,0;1,000000000000000;1,000000000000000;1,000000000000000;1,000000000000000;1,000000000000000;1,000000000000000;1,0000000000000000;1,0000000000000000;1,0000000000000000;1,0000000000000000;1,0000000000000000
2022-10-18;60+;268;268,0;268;268;268;268;268;268;268;268;268;268,0;878;878,0;878;878,0;878;878,0;878;878;878;878,0;878,0;878,0;1,000000000000000;1,000000000000000;1,000000000000000;1,000000000000000;1,000000000000000;1,000000000000000;1,0000000000000000;1,0000000000000000;1,0000000000000000;1,0000000000000000;1,0000000000000000
2022-10-18;alle;337;337,0;337;337;337;337;337;337;337;337;337;337,0;1103;1103,0;1103;1103,0;1103;1103,0;1103;1103;1103;1103,0;1103,0;1103,0;NA;NA;NA;NA;NA;NA;NA;NA;NA;NA;NA
2022-10-17;0-60;18;18,0;18;18;18;18;18;18;18;18;18;18,0;217;217,0;217;217,0;217;217,0;217;217;217;217,0;217,0;217,0;1,000000000000000;1,000000000000000;1,000000000000000;1,000000000000000;1,000000000000000;1,000000000000000;1,0000000000000000;1,0000000000000000;1,0000000000000000;1,0000000000000000;1,0000000000000000
2022-10-17;60+;45;45,0;45;45;45;45;45;45;45;45;45;45,0;880;880,0;880;880,0;880;880,0;880;880;880;880,0;880,0;880,0;1,000000000000000;1,000000000000000;1,000000000000000;1,000000000000000;1,000000000000000;1,000000000000000;1,0000000000000000;1,0000000000000000;1,0000000000000000;1,0000000000000000;1,0000000000000000
2022-10-17;alle;63;63,0;63;63;63;63;63;63;63;63;63;63,0;1097;1097,0;1097;1097,0;1097;1097,0;1097;1097;1097;1097,0;1097,0;1097,0;NA;NA;NA;NA;NA;NA;NA;NA;NA;NA;NA
2022-10-16;0-60;7;7,0;7;7;7;7;7;7;7;7;7;7,0;202;202,0;202;202,0;202;202,0;202;202;202;202,0;202,0;202,0;1,000000000000000;1,000000000000000;1,000000000000000;1,000000000000000;1,000000000000000;1,000000000000000;1,0000000000000000;1,0000000000000000;1,0000000000000000;1,0000000000000000;1,0000000000000000
2022-10-16;60+;39;39,0;39;39;39;39;39;39;39;39;39;39,0;879;879,0;879;879,0;879;879,0;879;879;879;879,0;879,0;879,0;1,000000000000000;1,000000000000000;1,000000000000000;1,000000000000000;1,000000000000000;1,000000000000000;1,0000000000000000;1,0000000000000000;1,0000000000000000;1,0000000000000000;1,0000000000000000
2022-10-16;alle;46;46,0;46;46;46;46;46;46;46;46;46;46,0;1081;1081,0;1081;1081,0;1081;1081,0;1081;1081;1081;1081,0;1081,0;1081,0;NA;NA;NA;NA;NA;NA;NA;NA;NA;NA;NA
2022-10-15;0-60;27;27,0;27;27;27;27;27;27;27;27;27;27,0;204;204,0;204;204,0;204;204,0;204;204;204;204,0;204,0;204,0;1,000000000000000;1,000000000000000;1,000000000000000;1,000000000000000;1,000000000000000;1,000000000000000;1,0000000000000000;1,0000000000000000;1,0000000000000000;1,0000000000000000;1,0000000000000000
2022-10-15;60+;107;107,0;107;107;107;107;107;107;107;107;107;107,0;876;876,0;876;876,0;876;876,0;876;876;876;876,0;876,0;876,0;1,000000000000000;1,000000000000000;1,000000000000000;1,000000000000000;1,000000000000000;1,000000000000000;1,0000000000000000;1,0000000000000000;1,0000000000000000;1,0000000000000000;1,0000000000000000
2022-10-15;alle;134;134,0;134;134;134;134;134;134;134;134;134;134,0;1080;1080,0;1080;1080,0;1080;1080,0;1080;1080;1080;1080,0;1080,0;1080,0;NA;NA;NA;NA;NA;NA;NA;NA;NA;NA;NA
2022-10-14;0-60;25;25,0;25;25;25;25;25;25;25;25;25;25,0;215;215,0;215;215,0;215;215,0;215;215;215;215,0;215,0;215,0;1,000000000000000;1,000000000000000;1,000000000000000;1,000000000000000;1,000000000000000;1,000000000000000;1,0000000000000000;1,0000000000000000;1,0000000000000000;1,0000000000000000;1,0000000000000000
2022-10-14;60+;138;138,0;138;138;138;138;138;138;138;138;138;138,0;888;888,0;888;888,0;888;888,0;888;888;888;888,0;888,0;888,0;1,000000000000000;1,000000000000000;1,000000000000000;1,000000000000000;1,000000000000000;1,000000000000000;1,0000000000000000;1,0000000000000000;1,0000000000000000;1,0000000000000000;1,0000000000000000
2022-10-14;alle;163;163,0;163;163;163;163;163;163;163;163;163;163,0;1103;1103,0;1103;1103,0;1103;1103,0;1103;1103;1103;1103,0;1103,0;1103,0;NA;NA;NA;NA;NA;NA;NA;NA;NA;NA;NA
2022-10-13;0-60;42;42,0;42;42;42;42;42;42;42;42;42;42,0;229;229,0;229;229,0;229;229,0;229;229;229;229,0;229,0;229,0;1,000000000000000;1,000000000000000;1,000000000000000;1,000000000000000;1,000000000000000;1,000000000000000;1,0000000000000000;1,0000000000000000;1,0000000000000000;1,0000000000000000;1,0000000000000000
2022-10-13;60+;137;137,0;137;137;137;137;137;137;137;137;137;137,0;884;884,0;884;884,0;884;884,0;884;884;884;884,0;884,0;884,0;1,000000000000000;1,000000000000000;1,000000000000000;1,000000000000000;1,000000000000000;1,000000000000000;1,0000000000000000;1,0000000000000000;1,0000000000000000;1,0000000000000000;1,0000000000000000
2022-10-13;alle;179;179,0;179;179;179;179;179;179;179;179;179;179,0;1113;1113,0;1113;1113,0;1113;1113,0;1113;1113;1113;1113,0;1113,0;1113,0;NA;NA;NA;NA;NA;NA;NA;NA;NA;NA;NA
2022-10-12;0-60;37;37,0;37;37;37;37;37;37;37;37;37;37,0;234;234,0;234;234,0;234;234,0;234;234;234;234,0;234,0;234,0;1,000000000000000;1,000000000000000;1,000000000000000;1,000000000000000;1,000000000000000;1,000000000000000;1,0000000000000000;1,0000000000000000;1,0000000000000000;1,0000000000000000;1,0000000000000000
2022-10-12;60+;144;144,0;144;144;144;144;144;144;144;144;144;144,0;910;910,0;910;910,0;910;910,0;910;910;910;910,0;910,0;910,0;1,000000000000000;1,000000000000000;1,000000000000000;1,000000000000000;1,000000000000000;1,000000000000000;1,0000000000000000;1,0000000000000000;1,0000000000000000;1,0000000000000000;1,0000000000000000
2022-10-12;alle;181;181,0;181;181;181;181;181;181;181;181;181;181,0;1144;1144,0;1144;1144,0;1144;1144,0;1144;1144;1144;1144,0;1144,0;1144,0;NA;NA;NA;NA;NA;NA;NA;NA;NA;NA;NA
2022-10-11;0-60;61;61,0;61;61;61;61;61;61;61;61;61;61,0;246;246,0;246;246,0;246;246,0;246;246;246;246,0;246,0;246,0;1,000000000000000;1,000000000000000;1,000000000000000;1,000000000000000;1,000000000000000;1,000000000000000;1,0000000000000000;1,0000000000000000;1,0000000000000000;1,0000000000000000;1,0000000000000000
2022-10-11;60+;270;270,0;270;270;270;270;270;270;270;270;270;270,0;976;976,0;976;976,0;976;976,0;976;976;976;976,0;976,0;976,0;1,000000000000000;1,000000000000000;1,000000000000000;1,000000000000000;1,000000000000000;1,000000000000000;1,0000000000000000;1,0000000000000000;1,0000000000000000;1,0000000000000000;1,0000000000000000
2022-10-11;alle;331;331,0;331;331;331;331;331;331;331;331;331;331,0;1222;1222,0;1222;1222,0;1222;1222,0;1222;1222;1222;1222,0;1222,0;1222,0;NA;NA;NA;NA;NA;NA;NA;NA;NA;NA;NA
2022-10-10;0-60;3;3,0;3;3;3;3;3;3;3;3;3;3,0;203;203,0;203;203,0;203;203,0;203;203;203;203,0;203,0;203,0;1,000000000000000;1,000000000000000;1,000000000000000;1,000000000000000;1,000000000000000;1,000000000000000;1,0000000000000000;1,0000000000000000;1,0000000000000000;1,0000000000000000;1,0000000000000000
2022-10-10;60+;44;44,0;44;44;44;44;44;44;44;44;44;44,0;759;759,0;759;759,0;759;759,0;759;759;759;759,0;759,0;759,0;1,000000000000000;1,000000000000000;1,000000000000000;1,000000000000000;1,000000000000000;1,000000000000000;1,0000000000000000;1,0000000000000000;1,0000000000000000;1,0000000000000000;1,0000000000000000
2022-10-10;alle;47;47,0;47;47;47;47;47;47;47;47;47;47,0;962;962,0;962;962,0;962;962,0;962;962;962;962,0;962,0;962,0;NA;NA;NA;NA;NA;NA;NA;NA;NA;NA;NA
2022-10-09;0-60;9;9,0;9;9;9;9;9;9;9;9;9;9,0;206;206,0;206;206,0;206;206,0;206;206;206;206,0;206,0;206,0;1,000000000000000;1,000000000000000;1,000000000000000;1,000000000000000;1,000000000000000;1,000000000000000;1,0000000000000000;1,0000000000000000;1,0000000000000000;1,0000000000000000;1,0000000000000000
2022-10-09;60+;36;36,0;36;36;36;36;36;36;36;36;36;36,0;749;749,0;749;749,0;749;749,0;749;749;749;749,0;749,0;749,0;1,000000000000000;1,000000000000000;1,000000000000000;1,000000000000000;1,000000000000000;1,000000000000000;1,0000000000000000;1,0000000000000000;1,0000000000000000;1,0000000000000000;1,0000000000000000
2022-10-09;alle;45;45,0;45;45;45;45;45;45;45;45;45;45,0;955;955,0;955;955,0;955;955,0;955;955;955;955,0;955,0;955,0;NA;NA;NA;NA;NA;NA;NA;NA;NA;NA;NA
2022-10-08;0-60;38;38,0;38;38;38;38;38;38;38;38;38;38,0;205;205,0;205;205,0;205;205,0;205;205;205;205,0;205,0;205,0;1,000000000000000;1,000000000000000;1,000000000000000;1,000000000000000;1,000000000000000;1,000000000000000;1,0000000000000000;1,0000000000000000;1,0000000000000000;1,0000000000000000;1,0000000000000000
2022-10-08;60+;119;119,0;119;119;119;119;119;119;119;119;119;119,0;740;740,0;740;740,0;740;740,0;740;740;740;740,0;740,0;740,0;1,000000000000000;1,000000000000000;1,000000000000000;1,000000000000000;1,000000000000000;1,000000000000000;1,0000000000000000;1,0000000000000000;1,0000000000000000;1,0000000000000000;1,0000000000000000
2022-10-08;alle;157;157,0;157;157;157;157;157;157;157;157;157;157,0;945;945,0;945;945,0;945;945,0;945;945;945;945,0;945,0;945,0;NA;NA;NA;NA;NA;NA;NA;NA;NA;NA;NA
2022-10-07;0-60;39;39,0;39;39;39;39;39;39;39;39;39;39,0;189;189,0;189;189,0;189;189,0;189;189;189;189,0;189,0;189,0;1,000000000000000;1,000000000000000;1,000000000000000;1,000000000000000;1,000000000000000;1,000000000000000;1,0000000000000000;1,0000000000000000;1,0000000000000000;1,0000000000000000;1,0000000000000000
2022-10-07;60+;134;134,0;134;134;134;134;134;134;134;134;134;134,0;704;704,0;704;704,0;704;704,0;704;704;704;704,0;704,0;704,0;1,000000000000000;1,000000000000000;1,000000000000000;1,000000000000000;1,000000000000000;1,000000000000000;1,0000000000000000;1,0000000000000000;1,0000000000000000;1,0000000000000000;1,0000000000000000
2022-10-07;alle;173;173,0;173;173;173;173;173;173;173;173;173;173,0;893;893,0;893;893,0;893;893,0;893;893;893;893,0;893,0;893,0;NA;NA;NA;NA;NA;NA;NA;NA;NA;NA;NA
2022-10-06;0-60;47;47,0;47;47;47;47;47;47;47;47;47;47,0;185;185,0;185;185,0;185;185,0;185;185;185;185,0;185,0;185,0;1,000000000000000;1,000000000000000;1,000000000000000;1,000000000000000;1,000000000000000;1,000000000000000;1,0000000000000000;1,0000000000000000;1,0000000000000000;1,0000000000000000;1,0000000000000000
2022-10-06;60+;163;163,0;163;163;163;163;163;163;163;163;163;163,0;663;663,0;663;663,0;663;663,0;663;663;663;663,0;663,0;663,0;1,000000000000000;1,000000000000000;1,000000000000000;1,000000000000000;1,000000000000000;1,000000000000000;1,0000000000000000;1,0000000000000000;1,0000000000000000;1,0000000000000000;1,0000000000000000
2022-10-06;alle;210;210,0;210;210;210;210;210;210;210;210;210;210,0;848;848,0;848;848,0;848;848,0;848;848;848;848,0;848,0;848,0;NA;NA;NA;NA;NA;NA;NA;NA;NA;NA;NA
2022-10-05;0-60;49;49,0;49;49;49;49;49;49;49;49;49;49,0;172;172,0;172;172,0;172;172,0;172;172;172;172,0;172,0;172,0;1,000000000000000;1,000000000000000;1,000000000000000;1,000000000000000;1,000000000000000;1,000000000000000;1,0000000000000000;1,0000000000000000;1,0000000000000000;1,0000000000000000;1,0000000000000000
2022-10-05;60+;210;210,0;210;210;210;210;210;210;210;210;210;210,0;601;601,0;601;601,0;601;601,0;601;601;601;601,0;601,0;601,0;1,000000000000000;1,000000000000000;1,000000000000000;1,000000000000000;1,000000000000000;1,000000000000000;1,0000000000000000;1,0000000000000000;1,0000000000000000;1,0000000000000000;1,0000000000000000
2022-10-05;alle;259;259,0;259;259;259;259;259;259;259;259;259;259,0;773;773,0;773;773,0;773;773,0;773;773;773;773,0;773,0;773,0;NA;NA;NA;NA;NA;NA;NA;NA;NA;NA;NA
2022-10-04;0-60;18;18,0;18;18;18;18;18;18;18;18;18;18,0;157;157,0;157;157,0;157;157,0;157;157;157;157,0;157,0;157,0;1,000000000000000;1,000000000000000;1,000000000000000;1,000000000000000;1,000000000000000;1,000000000000000;1,0000000000000000;1,0000000000000000;1,0000000000000000;1,0000000000000000;1,0000000000000000
2022-10-04;60+;53;53,0;53;53;53;53;53;53;53;53;53;53,0;485;485,0;485;485,0;485;485,0;485;485;485;485,0;485,0;485,0;1,000000000000000;1,000000000000000;1,000000000000000;1,000000000000000;1,000000000000000;1,000000000000000;1,0000000000000000;1,0000000000000000;1,0000000000000000;1,0000000000000000;1,0000000000000000
2022-10-04;alle;71;71,0;71;71;71;71;71;71;71;71;71;71,0;642;642,0;642;642,0;642;642,0;642;642;642;642,0;642,0;642,0;NA;NA;NA;NA;NA;NA;NA;NA;NA;NA;NA
2022-10-03;0-60;6;6,0;6;6;6;6;6;6;6;6;6;6,0;173;173,0;173;173,0;173;173,0;173;173;173;173,0;173,0;173,0;1,000000000000000;1,000000000000000;1,000000000000000;1,000000000000000;1,000000000000000;1,000000000000000;1,0000000000000000;1,0000000000000000;1,0000000000000000;1,0000000000000000;1,0000000000000000
2022-10-03;60+;34;34,0;34;34;34;34;34;34;34;34;34;34,0;568;568,0;568;568,0;568;568,0;568;568;568;568,0;568,0;568,0;1,000000000000000;1,000000000000000;1,000000000000000;1,000000000000000;1,000000000000000;1,000000000000000;1,0000000000000000;1,0000000000000000;1,0000000000000000;1,0000000000000000;1,0000000000000000
2022-10-03;alle;40;40,0;40;40;40;40;40;40;40;40;40;40,0;741;741,0;741;741,0;741;741,0;741;741;741;741,0;741,0;741,0;NA;NA;NA;NA;NA;NA;NA;NA;NA;NA;NA
2022-10-02;0-60;8;8,0;8;8;8;8;8;8;8;8;8;8,0;171;171,0;171;171,0;171;171,0;171;171;171;171,0;171,0;171,0;1,000000000000000;1,000000000000000;1,000000000000000;1,000000000000000;1,000000000000000;1,000000000000000;1,0000000000000000;1,0000000000000000;1,0000000000000000;1,0000000000000000;1,0000000000000000
2022-10-02;60+;27;27,0;27;27;27;27;27;27;27;27;27;27,0;553;553,0;553;553,0;553;553,0;553;553;553;553,0;553,0;553,0;1,000000000000000;1,000000000000000;1,000000000000000;1,000000000000000;1,000000000000000;1,000000000000000;1,0000000000000000;1,0000000000000000;1,0000000000000000;1,0000000000000000;1,0000000000000000
2022-10-02;alle;35;35,0;35;35;35;35;35;35;35;35;35;35,0;724;724,0;724;724,0;724;724,0;724;724;724;724,0;724,0;724,0;NA;NA;NA;NA;NA;NA;NA;NA;NA;NA;NA
2022-10-01;0-60;22;22,0;22;22;22;22;22;22;22;22;22;22,0;166;166,0;166;166,0;166;166,0;166;166;166;166,0;166,0;166,0;1,000000000000000;1,000000000000000;1,000000000000000;1,000000000000000;1,000000000000000;1,000000000000000;1,0000000000000000;1,0000000000000000;1,0000000000000000;1,0000000000000000;1,0000000000000000
2022-10-01;60+;83;83,0;83;83;83;83;83;83;83;83;83;83,0;570;570,0;570;570,0;570;570,0;570;570;570;570,0;570,0;570,0;1,000000000000000;1,000000000000000;1,000000000000000;1,000000000000000;1,000000000000000;1,000000000000000;1,0000000000000000;1,0000000000000000;1,0000000000000000;1,0000000000000000;1,0000000000000000
2022-10-01;alle;105;105,0;105;105;105;105;105;105;105;105;105;105,0;736;736,0;736;736,0;736;736,0;736;736;736;736,0;736,0;736,0;NA;NA;NA;NA;NA;NA;NA;NA;NA;NA;NA
2022-09-30;0-60;35;35,0;35;35;35;35;35;35;35;35;35;35,0;171;171,0;171;171,0;171;171,0;171;171;171;171,0;171,0;171,0;1,000000000000000;1,000000000000000;1,000000000000000;1,000000000000000;1,000000000000000;1,000000000000000;1,0000000000000000;1,0000000000000000;1,0000000000000000;1,0000000000000000;1,0000000000000000
2022-09-30;60+;93;93,0;93;93;93;93;93;93;93;93;93;93,0;541;541,0;541;541,0;541;541,0;541;541;541;541,0;541,0;541,0;1,000000000000000;1,000000000000000;1,000000000000000;1,000000000000000;1,000000000000000;1,000000000000000;1,0000000000000000;1,0000000000000000;1,0000000000000000;1,0000000000000000;1,0000000000000000
2022-09-30;alle;128;128,0;128;128;128;128;128;128;128;128;128;128,0;712;712,0;712;712,0;712;712,0;712;712;712;712,0;712,0;712,0;NA;NA;NA;NA;NA;NA;NA;NA;NA;NA;NA
2022-09-29;0-60;34;34,0;34;34;34;34;34;34;34;34;34;34,0;152;152,0;152;152,0;152;152,0;152;152;152;152,0;152,0;152,0;1,000000000000000;1,000000000000000;1,000000000000000;1,000000000000000;1,000000000000000;1,000000000000000;1,0000000000000000;1,0000000000000000;1,0000000000000000;1,0000000000000000;1,0000000000000000
2022-09-29;60+;101;101,0;101;101;101;101;101;101;101;101;101;101,0;518;518,0;518;518,0;518;518,0;518;518;518;518,0;518,0;518,0;1,000000000000000;1,000000000000000;1,000000000000000;1,000000000000000;1,000000000000000;1,000000000000000;1,0000000000000000;1,0000000000000000;1,0000000000000000;1,0000000000000000;1,0000000000000000
2022-09-29;alle;135;135,0;135;135;135;135;135;135;135;135;135;135,0;670;670,0;670;670,0;670;670,0;670;670;670;670,0;670,0;670,0;NA;NA;NA;NA;NA;NA;NA;NA;NA;NA;NA
2022-09-28;0-60;34;34,0;34;34;34;34;34;34;34;34;34;34,0;144;144,0;144;144,0;144;144,0;144;144;144;144,0;144,0;144,0;1,000000000000000;1,000000000000000;1,000000000000000;1,000000000000000;1,000000000000000;1,000000000000000;1,0000000000000000;1,0000000000000000;1,0000000000000000;1,0000000000000000;1,0000000000000000
2022-09-28;60+;94;94,0;94;94;94;94;94;94;94;94;94;94,0;470;470,0;470;470,0;470;470,0;470;470;470;470,0;470,0;470,0;1,000000000000000;1,000000000000000;1,000000000000000;1,000000000000000;1,000000000000000;1,000000000000000;1,0000000000000000;1,0000000000000000;1,0000000000000000;1,0000000000000000;1,0000000000000000
2022-09-28;alle;128;128,0;128;128;128;128;128;128;128;128;128;128,0;614;614,0;614;614,0;614;614,0;614;614;614;614,0;614,0;614,0;NA;NA;NA;NA;NA;NA;NA;NA;NA;NA;NA
2022-09-27;0-60;34;34,0;34;34;34;34;34;34;34;34;34;34,0;126;126,0;126;126,0;126;126,0;126;126;126;126,0;126,0;126,0;1,000000000000000;1,000000000000000;1,000000000000000;1,000000000000000;1,000000000000000;1,000000000000000;1,0000000000000000;1,0000000000000000;1,0000000000000000;1,0000000000000000;1,0000000000000000
2022-09-27;60+;136;136,0;136;136;136;136;136;136;136;136;136;136,0;443;443,0;443;443,0;443;443,0;443;443;443;443,0;443,0;443,0;1,000000000000000;1,000000000000000;1,000000000000000;1,000000000000000;1,000000000000000;1,000000000000000;1,0000000000000000;1,0000000000000000;1,0000000000000000;1,0000000000000000;1,0000000000000000
2022-09-27;alle;170;170,0;170;170;170;170;170;170;170;170;170;170,0;569;569,0;569;569,0;569;569,0;569;569;569;569,0;569,0;569,0;NA;NA;NA;NA;NA;NA;NA;NA;NA;NA;NA
2022-09-26;0-60;4;4,0;4;4;4;4;4;4;4;4;4;4,0;113;113,0;113;113,0;113;113,0;113;113;113;113,0;113,0;113,0;1,000000000000000;1,000000000000000;1,000000000000000;1,000000000000000;1,000000000000000;1,000000000000000;1,0000000000000000;1,0000000000000000;1,0000000000000000;1,0000000000000000;1,0000000000000000
2022-09-26;60+;19;19,0;19;19;19;19;19;19;19;19;19;19,0;400;400,0;400;400,0;400;400,0;400;400;400;400,0;400,0;400,0;1,000000000000000;1,000000000000000;1,000000000000000;1,000000000000000;1,000000000000000;1,000000000000000;1,0000000000000000;1,0000000000000000;1,0000000000000000;1,0000000000000000;1,0000000000000000
2022-09-26;alle;23;23,0;23;23;23;23;23;23;23;23;23;23,0;513;513,0;513;513,0;513;513,0;513;513;513;513,0;513,0;513,0;NA;NA;NA;NA;NA;NA;NA;NA;NA;NA;NA
2022-09-25;0-60;3;3,0;3;3;3;3;3;3;3;3;3;3,0;113;113,0;113;113,0;113;113,0;113;113;113;113,0;113,0;113,0;1,000000000000000;1,000000000000000;1,000000000000000;1,000000000000000;1,000000000000000;1,000000000000000;1,0000000000000000;1,0000000000000000;1,0000000000000000;1,0000000000000000;1,0000000000000000
2022-09-25;60+;44;44,0;44;44;44;44;44;44;44;44;44;44,0;394;394,0;394;394,0;394;394,0;394;394;394;394,0;394,0;394,0;1,000000000000000;1,000000000000000;1,000000000000000;1,000000000000000;1,000000000000000;1,000000000000000;1,0000000000000000;1,0000000000000000;1,0000000000000000;1,0000000000000000;1,0000000000000000
2022-09-25;alle;47;47,0;47;47;47;47;47;47;47;47;47;47,0;507;507,0;507;507,0;507;507,0;507;507;507;507,0;507,0;507,0;NA;NA;NA;NA;NA;NA;NA;NA;NA;NA;NA
2022-09-24;0-60;27;27,0;27;27;27;27;27;27;27;27;27;27,0;112;112,0;112;112,0;112;112,0;112;112;112;112,0;112,0;112,0;1,000000000000000;1,000000000000000;1,000000000000000;1,000000000000000;1,000000000000000;1,000000000000000;1,0000000000000000;1,0000000000000000;1,0000000000000000;1,0000000000000000;1,0000000000000000
2022-09-24;60+;54;54,0;54;54;54;54;54;54;54;54;54;54,0;362;362,0;362;362,0;362;362,0;362;362;362;362,0;362,0;362,0;1,000000000000000;1,000000000000000;1,000000000000000;1,000000000000000;1,000000000000000;1,000000000000000;1,0000000000000000;1,0000000000000000;1,0000000000000000;1,0000000000000000;1,0000000000000000
2022-09-24;alle;81;81,0;81;81;81;81;81;81;81;81;81;81,0;474;474,0;474;474,0;474;474,0;474;474;474;474,0;474,0;474,0;NA;NA;NA;NA;NA;NA;NA;NA;NA;NA;NA
2022-09-23;0-60;16;16,0;16;16;16;16;16;16;16;16;16;16,0;95;95,0;95;95,0;95;95,0;95;95;95;95,0;95,0;95,0;1,000000000000000;1,000000000000000;1,000000000000000;1,000000000000000;1,000000000000000;1,000000000000000;1,0000000000000000;1,0000000000000000;1,0000000000000000;1,0000000000000000;1,0000000000000000
2022-09-23;60+;70;70,0;70;70;70;70;70;70;70;70;70;70,0;337;337,0;337;337,0;337;337,0;337;337;337;337,0;337,0;337,0;1,000000000000000;1,000000000000000;1,000000000000000;1,000000000000000;1,000000000000000;1,000000000000000;1,0000000000000000;1,0000000000000000;1,0000000000000000;1,0000000000000000;1,0000000000000000
2022-09-23;alle;86;86,0;86;86;86;86;86;86;86;86;86;86,0;432;432,0;432;432,0;432;432,0;432;432;432;432,0;432,0;432,0;NA;NA;NA;NA;NA;NA;NA;NA;NA;NA;NA
2022-09-22;0-60;26;26,0;26;26;26;26;26;26;26;26;26;26,0;92;92,0;92;92,0;92;92,0;92;92;92;92,0;92,0;92,0;1,000000000000000;1,000000000000000;1,000000000000000;1,000000000000000;1,000000000000000;1,000000000000000;1,0000000000000000;1,0000000000000000;1,0000000000000000;1,0000000000000000;1,0000000000000000
2022-09-22;60+;53;53,0;53;53;53;53;53;53;53;53;53;53,0;296;296,0;296;296,0;296;296,0;296;296;296;296,0;296,0;296,0;1,000000000000000;1,000000000000000;1,000000000000000;1,000000000000000;1,000000000000000;1,000000000000000;1,0000000000000000;1,0000000000000000;1,0000000000000000;1,0000000000000000;1,0000000000000000
2022-09-22;alle;79;79,0;79;79;79;79;79;79;79;79;79;79,0;388;388,0;388;388,0;388;388,0;388;388;388;388,0;388,0;388,0;NA;NA;NA;NA;NA;NA;NA;NA;NA;NA;NA
2022-09-21;0-60;16;16,0;16;16;16;16;16;16;16;16;16;16,0;72;72,0;72;72,0;72;72,0;72;72;72;72,0;72,0;72,0;1,000000000000000;1,000000000000000;1,000000000000000;1,000000000000000;1,000000000000000;1,000000000000000;1,0000000000000000;1,0000000000000000;1,0000000000000000;1,0000000000000000;1,0000000000000000
2022-09-21;60+;67;67,0;67;67;67;67;67;67;67;67;67;67,0;278;278,0;278;278,0;278;278,0;278;278;278;278,0;278,0;278,0;1,000000000000000;1,000000000000000;1,000000000000000;1,000000000000000;1,000000000000000;1,000000000000000;1,0000000000000000;1,0000000000000000;1,0000000000000000;1,0000000000000000;1,0000000000000000
2022-09-21;alle;83;83,0;83;83;83;83;83;83;83;83;83;83,0;350;350,0;350;350,0;350;350,0;350;350;350;350,0;350,0;350,0;NA;NA;NA;NA;NA;NA;NA;NA;NA;NA;NA
2022-09-20;0-60;21;21,0;21;21;21;21;21;21;21;21;21;21,0;63;63,0;63;63,0;63;63,0;63;63;63;63,0;63,0;63,0;1,000000000000000;1,000000000000000;1,000000000000000;1,000000000000000;1,000000000000000;1,000000000000000;1,0000000000000000;1,0000000000000000;1,0000000000000000;1,0000000000000000;1,0000000000000000
2022-09-20;60+;93;93,0;93;93;93;93;93;93;93;93;93;93,0;229;229,0;229;229,0;229;229,0;229;229;229;229,0;229,0;229,0;1,000000000000000;1,000000000000000;1,000000000000000;1,000000000000000;1,000000000000000;1,000000000000000;1,0000000000000000;1,0000000000000000;1,0000000000000000;1,0000000000000000;1,0000000000000000
2022-09-20;alle;114;114,0;114;114;114;114;114;114;114;114;114;114,0;292;292,0;292;292,0;292;292,0;292;292;292;292,0;292,0;292,0;NA;NA;NA;NA;NA;NA;NA;NA;NA;NA;NA
2022-09-19;0-60;4;4,0;4;4;4;4;4;4;4;4;4;4,0;73;73,0;73;73,0;73;73,0;73;73;73;73,0;73,0;73,0;1,000000000000000;1,000000000000000;1,000000000000000;1,000000000000000;1,000000000000000;1,000000000000000;1,0000000000000000;1,0000000000000000;1,0000000000000000;1,0000000000000000;1,0000000000000000
2022-09-19;60+;13;13,0;13;13;13;13;13;13;13;13;13;13,0;201;201,0;201;201,0;201;201,0;201;201;201;201,0;201,0;201,0;1,000000000000000;1,000000000000000;1,000000000000000;1,000000000000000;1,000000000000000;1,000000000000000;1,0000000000000000;1,0000000000000000;1,0000000000000000;1,0000000000000000;1,0000000000000000
2022-09-19;alle;17;17,0;17;17;17;17;17;17;17;17;17;17,0;274;274,0;274;274,0;274;274,0;274;274;274;274,0;274,0;274,0;NA;NA;NA;NA;NA;NA;NA;NA;NA;NA;NA
2022-09-18;0-60;2;2,0;2;2;2;2;2;2;2;2;2;2,0;70;70,0;70;70,0;70;70,0;70;70;70;70,0;70,0;70,0;1,000000000000000;1,000000000000000;1,000000000000000;1,000000000000000;1,000000000000000;1,000000000000000;1,0000000000000000;1,0000000000000000;1,0000000000000000;1,0000000000000000;1,0000000000000000
2022-09-18;60+;12;12,0;12;12;12;12;12;12;12;12;12;12,0;192;192,0;192;192,0;192;192,0;192;192;192;192,0;192,0;192,0;1,000000000000000;1,000000000000000;1,000000000000000;1,000000000000000;1,000000000000000;1,000000000000000;1,0000000000000000;1,0000000000000000;1,0000000000000000;1,0000000000000000;1,0000000000000000
2022-09-18;alle;14;14,0;14;14;14;14;14;14;14;14;14;14,0;262;262,0;262;262,0;262;262,0;262;262;262;262,0;262,0;262,0;NA;NA;NA;NA;NA;NA;NA;NA;NA;NA;NA
2022-09-17;0-60;10;10,0;10;10;10;10;10;10;10;10;10;10,0;68;68,0;68;68,0;68;68,0;68;68;68;68,0;68,0;68,0;1,000000000000000;1,000000000000000;1,000000000000000;1,000000000000000;1,000000000000000;1,000000000000000;1,0000000000000000;1,0000000000000000;1,0000000000000000;1,0000000000000000;1,0000000000000000
2022-09-17;60+;29;29,0;29;29;29;29;29;29;29;29;29;29,0;187;187,0;187;187,0;187;187,0;187;187;187;187,0;187,0;187,0;1,000000000000000;1,000000000000000;1,000000000000000;1,000000000000000;1,000000000000000;1,000000000000000;1,0000000000000000;1,0000000000000000;1,0000000000000000;1,0000000000000000;1,0000000000000000
2022-09-17;alle;39;39,0;39;39;39;39;39;39;39;39;39;39,0;255;255,0;255;255,0;255;255,0;255;255;255;255,0;255,0;255,0;NA;NA;NA;NA;NA;NA;NA;NA;NA;NA;NA
2022-09-16;0-60;13;13,0;13;13;13;13;13;13;13;13;13;13,0;62;62,0;62;62,0;62;62,0;62;62;62;62,0;62,0;62,0;1,000000000000000;1,000000000000000;1,000000000000000;1,000000000000000;1,000000000000000;1,000000000000000;1,0000000000000000;1,0000000000000000;1,0000000000000000;1,0000000000000000;1,0000000000000000
2022-09-16;60+;29;29,0;29;29;29;29;29;29;29;29;29;29,0;189;189,0;189;189,0;189;189,0;189;189;189;189,0;189,0;189,0;1,000000000000000;1,000000000000000;1,000000000000000;1,000000000000000;1,000000000000000;1,000000000000000;1,0000000000000000;1,0000000000000000;1,0000000000000000;1,0000000000000000;1,0000000000000000
2022-09-16;alle;42;42,0;42;42;42;42;42;42;42;42;42;42,0;251;251,0;251;251,0;251;251,0;251;251;251;251,0;251,0;251,0;NA;NA;NA;NA;NA;NA;NA;NA;NA;NA;NA
2022-09-15;0-60;6;6,0;6;6;6;6;6;6;6;6;6;6,0;54;54,0;54;54,0;54;54,0;54;54;54;54,0;54,0;54,0;1,000000000000000;1,000000000000000;1,000000000000000;1,000000000000000;1,000000000000000;1,000000000000000;1,0000000000000000;1,0000000000000000;1,0000000000000000;1,0000000000000000;1,0000000000000000
2022-09-15;60+;35;35,0;35;35;35;35;35;35;35;35;35;35,0;187;187,0;187;187,0;187;187,0;187;187;187;187,0;187,0;187,0;1,000000000000000;1,000000000000000;1,000000000000000;1,000000000000000;1,000000000000000;1,000000000000000;1,0000000000000000;1,0000000000000000;1,0000000000000000;1,0000000000000000;1,0000000000000000
2022-09-15;alle;41;41,0;41;41;41;41;41;41;41;41;41;41,0;241;241,0;241;241,0;241;241,0;241;241;241;241,0;241,0;241,0;NA;NA;NA;NA;NA;NA;NA;NA;NA;NA;NA
2022-09-14;0-60;7;7,0;7;7;7;7;7;7;7;7;7;7,0;58;58,0;58;58,0;58;58,0;58;58;58;58,0;58,0;58,0;1,000000000000000;1,000000000000000;1,000000000000000;1,000000000000000;1,000000000000000;1,000000000000000;1,0000000000000000;1,0000000000000000;1,0000000000000000;1,0000000000000000;1,0000000000000000
2022-09-14;60+;18;18,0;18;18;18;18;18;18;18;18;18;18,0;182;182,0;182;182,0;182;182,0;182;182;182;182,0;182,0;182,0;1,000000000000000;1,000000000000000;1,000000000000000;1,000000000000000;1,000000000000000;1,000000000000000;1,0000000000000000;1,0000000000000000;1,0000000000000000;1,0000000000000000;1,0000000000000000
2022-09-14;alle;25;25,0;25;25;25;25;25;25;25;25;25;25,0;240;240,0;240;240,0;240;240,0;240;240;240;240,0;240,0;240,0;NA;NA;NA;NA;NA;NA;NA;NA;NA;NA;NA
2022-09-13;0-60;31;31,0;31;31;31;31;31;31;31;31;31;31,0;57;57,0;57;57,0;57;57,0;57;57;57;57,0;57,0;57,0;1,000000000000000;1,000000000000000;1,000000000000000;1,000000000000000;1,000000000000000;1,000000000000000;1,0000000000000000;1,0000000000000000;1,0000000000000000;1,0000000000000000;1,0000000000000000
2022-09-13;60+;65;65,0;65;65;65;65;65;65;65;65;65;65,0;198;198,0;198;198,0;198;198,0;198;198;198;198,0;198,0;198,0;1,000000000000000;1,000000000000000;1,000000000000000;1,000000000000000;1,000000000000000;1,000000000000000;1,0000000000000000;1,0000000000000000;1,0000000000000000;1,0000000000000000;1,0000000000000000
2022-09-13;alle;96;96,0;96;96;96;96;96;96;96;96;96;96,0;255;255,0;255;255,0;255;255,0;255;255;255;255,0;255,0;255,0;NA;NA;NA;NA;NA;NA;NA;NA;NA;NA;NA
2022-09-12;0-60;1;1,0;1;1;1;1;1;1;1;1;1;1,0;47;47,0;47;47,0;47;47,0;47;47;47;47,0;47,0;47,0;1,000000000000000;1,000000000000000;1,000000000000000;1,000000000000000;1,000000000000000;1,000000000000000;1,0000000000000000;1,0000000000000000;1,0000000000000000;1,0000000000000000;1,0000000000000000
2022-09-12;60+;4;4,0;4;4;4;4;4;4;4;4;4;4,0;172;172,0;172;172,0;172;172,0;172;172;172;172,0;172,0;172,0;1,000000000000000;1,000000000000000;1,000000000000000;1,000000000000000;1,000000000000000;1,000000000000000;1,0000000000000000;1,0000000000000000;1,0000000000000000;1,0000000000000000;1,0000000000000000
2022-09-12;alle;5;5,0;5;5;5;5;5;5;5;5;5;5,0;219;219,0;219;219,0;219;219,0;219;219;219;219,0;219,0;219,0;NA;NA;NA;NA;NA;NA;NA;NA;NA;NA;NA
2022-09-11;0-60;0;0,0;0;0;0;0;0;0;0;0;0;0,0;51;51,0;51;51,0;51;51,0;51;51;51;51,0;51,0;51,0;1,000000000000000;1,000000000000000;1,000000000000000;1,000000000000000;1,000000000000000;1,000000000000000;1,0000000000000000;1,0000000000000000;1,0000000000000000;1,0000000000000000;1,0000000000000000
2022-09-11;60+;7;7,0;7;7;7;7;7;7;7;7;7;7,0;180;180,0;180;180,0;180;180,0;180;180;180;180,0;180,0;180,0;1,000000000000000;1,000000000000000;1,000000000000000;1,000000000000000;1,000000000000000;1,000000000000000;1,0000000000000000;1,0000000000000000;1,0000000000000000;1,0000000000000000;1,0000000000000000
2022-09-11;alle;7;7,0;7;7;7;7;7;7;7;7;7;7,0;231;231,0;231;231,0;231;231,0;231;231;231;231,0;231,0;231,0;NA;NA;NA;NA;NA;NA;NA;NA;NA;NA;NA
2022-09-10;0-60;4;4,0;4;4;4;4;4;4;4;4;4;4,0;53;53,0;53;53,0;53;53,0;53;53;53;53,0;53,0;53,0;1,000000000000000;1,000000000000000;1,000000000000000;1,000000000000000;1,000000000000000;1,000000000000000;1,0000000000000000;1,0000000000000000;1,0000000000000000;1,0000000000000000;1,0000000000000000
2022-09-10;60+;31;31,0;31;31;31;31;31;31;31;31;31;31,0;179;179,0;179;179,0;179;179,0;179;179;179;179,0;179,0;179,0;1,000000000000000;1,000000000000000;1,000000000000000;1,000000000000000;1,000000000000000;1,000000000000000;1,0000000000000000;1,0000000000000000;1,0000000000000000;1,0000000000000000;1,0000000000000000
2022-09-10;alle;35;35,0;35;35;35;35;35;35;35;35;35;35,0;232;232,0;232;232,0;232;232,0;232;232;232;232,0;232,0;232,0;NA;NA;NA;NA;NA;NA;NA;NA;NA;NA;NA
2022-09-09;0-60;5;5,0;5;5;5;5;5;5;5;5;5;5,0;52;52,0;52;52,0;52;52,0;52;52;52;52,0;52,0;52,0;1,000000000000000;1,000000000000000;1,000000000000000;1,000000000000000;1,000000000000000;1,000000000000000;1,0000000000000000;1,0000000000000000;1,0000000000000000;1,0000000000000000;1,0000000000000000
2022-09-09;60+;27;27,0;27;27;27;27;27;27;27;27;27;27,0;163;163,0;163;163,0;163;163,0;163;163;163;163,0;163,0;163,0;1,000000000000000;1,000000000000000;1,000000000000000;1,000000000000000;1,000000000000000;1,000000000000000;1,0000000000000000;1,0000000000000000;1,0000000000000000;1,0000000000000000;1,0000000000000000
2022-09-09;alle;32;32,0;32;32;32;32;32;32;32;32;32;32,0;215;215,0;215;215,0;215;215,0;215;215;215;215,0;215,0;215,0;NA;NA;NA;NA;NA;NA;NA;NA;NA;NA;NA
2022-09-08;0-60;10;10,0;10;10;10;10;10;10;10;10;10;10,0;55;55,0;55;55,0;55;55,0;55;55;55;55,0;55,0;55,0;1,000000000000000;1,000000000000000;1,000000000000000;1,000000000000000;1,000000000000000;1,000000000000000;1,0000000000000000;1,0000000000000000;1,0000000000000000;1,0000000000000000;1,0000000000000000
2022-09-08;60+;30;30,0;30;30;30;30;30;30;30;30;30;30,0;154;154,0;154;154,0;154;154,0;154;154;154;154,0;154,0;154,0;1,000000000000000;1,000000000000000;1,000000000000000;1,000000000000000;1,000000000000000;1,000000000000000;1,0000000000000000;1,0000000000000000;1,0000000000000000;1,0000000000000000;1,0000000000000000
2022-09-08;alle;40;40,0;40;40;40;40;40;40;40;40;40;40,0;209;209,0;209;209,0;209;209,0;209;209;209;209,0;209,0;209,0;NA;NA;NA;NA;NA;NA;NA;NA;NA;NA;NA
2022-09-07;0-60;6;6,0;6;6;6;6;6;6;6;6;6;6,0;51;51,0;51;51,0;51;51,0;51;51;51;51,0;51,0;51,0;1,000000000000000;1,000000000000000;1,000000000000000;1,000000000000000;1,000000000000000;1,000000000000000;1,0000000000000000;1,0000000000000000;1,0000000000000000;1,0000000000000000;1,0000000000000000
2022-09-07;60+;34;34,0;34;34;34;34;34;34;34;34;34;34,0;149;149,0;149;149,0;149;149,0;149;149;149;149,0;149,0;149,0;1,000000000000000;1,000000000000000;1,000000000000000;1,000000000000000;1,000000000000000;1,000000000000000;1,0000000000000000;1,0000000000000000;1,0000000000000000;1,0000000000000000;1,0000000000000000
2022-09-07;alle;40;40,0;40;40;40;40;40;40;40;40;40;40,0;200;200,0;200;200,0;200;200,0;200;200;200;200,0;200,0;200,0;NA;NA;NA;NA;NA;NA;NA;NA;NA;NA;NA
2022-09-06;0-60;21;21,0;21;21;21;21;21;21;21;21;21;21,0;52;52,0;52;52,0;52;52,0;52;52;52;52,0;52,0;52,0;1,000000000000000;1,000000000000000;1,000000000000000;1,000000000000000;1,000000000000000;1,000000000000000;1,0000000000000000;1,0000000000000000;1,0000000000000000;1,0000000000000000;1,0000000000000000
2022-09-06;60+;39;39,0;39;39;39;39;39;39;39;39;39;39,0;137;137,0;137;137,0;137;137,0;137;137;137;137,0;137,0;137,0;1,000000000000000;1,000000000000000;1,000000000000000;1,000000000000000;1,000000000000000;1,000000000000000;1,0000000000000000;1,0000000000000000;1,0000000000000000;1,0000000000000000;1,0000000000000000
2022-09-06;alle;60;60,0;60;60;60;60;60;60;60;60;60;60,0;189;189,0;189;189,0;189;189,0;189;189;189;189,0;189,0;189,0;NA;NA;NA;NA;NA;NA;NA;NA;NA;NA;NA
2022-09-05;0-60;5;5,0;5;5;5;5;5;5;5;5;5;5,0;45;45,0;45;45,0;45;45,0;45;45;45;45,0;45,0;45,0;1,000000000000000;1,000000000000000;1,000000000000000;1,000000000000000;1,000000000000000;1,000000000000000;1,0000000000000000;1,0000000000000000;1,0000000000000000;1,0000000000000000;1,0000000000000000
2022-09-05;60+;12;12,0;12;12;12;12;12;12;12;12;12;12,0;134;134,0;134;134,0;134;134,0;134;134;134;134,0;134,0;134,0;1,000000000000000;1,000000000000000;1,000000000000000;1,000000000000000;1,000000000000000;1,000000000000000;1,0000000000000000;1,0000000000000000;1,0000000000000000;1,0000000000000000;1,0000000000000000
2022-09-05;alle;17;17,0;17;17;17;17;17;17;17;17;17;17,0;179;179,0;179;179,0;179;179,0;179;179;179;179,0;179,0;179,0;NA;NA;NA;NA;NA;NA;NA;NA;NA;NA;NA
2022-09-04;0-60;2;2,0;2;2;2;2;2;2;2;2;2;2,0;41;41,0;41;41,0;41;41,0;41;41;41;41,0;41,0;41,0;1,000000000000000;1,000000000000000;1,000000000000000;1,000000000000000;1,000000000000000;1,000000000000000;1,0000000000000000;1,0000000000000000;1,0000000000000000;1,0000000000000000;1,0000000000000000
2022-09-04;60+;6;6,0;6;6;6;6;6;6;6;6;6;6,0;133;133,0;133;133,0;133;133,0;133;133;133;133,0;133,0;133,0;1,000000000000000;1,000000000000000;1,000000000000000;1,000000000000000;1,000000000000000;1,000000000000000;1,0000000000000000;1,0000000000000000;1,0000000000000000;1,0000000000000000;1,0000000000000000
2022-09-04;alle;8;8,0;8;8;8;8;8;8;8;8;8;8,0;174;174,0;174;174,0;174;174,0;174;174;174;174,0;174,0;174,0;NA;NA;NA;NA;NA;NA;NA;NA;NA;NA;NA
2022-09-03;0-60;3;3,0;3;3;3;3;3;3;3;3;3;3,0;41;41,0;41;41,0;41;41,0;41;41;41;41,0;41,0;41,0;1,000000000000000;1,000000000000000;1,000000000000000;1,000000000000000;1,000000000000000;1,000000000000000;1,0000000000000000;1,0000000000000000;1,0000000000000000;1,0000000000000000;1,0000000000000000
2022-09-03;60+;15;15,0;15;15;15;15;15;15;15;15;15;15,0;139;139,0;139;139,0;139;139,0;139;139;139;139,0;139,0;139,0;1,000000000000000;1,000000000000000;1,000000000000000;1,000000000000000;1,000000000000000;1,000000000000000;1,0000000000000000;1,0000000000000000;1,0000000000000000;1,0000000000000000;1,0000000000000000
2022-09-03;alle;18;18,0;18;18;18;18;18;18;18;18;18;18,0;180;180,0;180;180,0;180;180,0;180;180;180;180,0;180,0;180,0;NA;NA;NA;NA;NA;NA;NA;NA;NA;NA;NA
2022-09-02;0-60;8;8,0;8;8;8;8;8;8;8;8;8;8,0;44;44,0;44;44,0;44;44,0;44;44;44;44,0;44,0;44,0;1,000000000000000;1,000000000000000;1,000000000000000;1,000000000000000;1,000000000000000;1,000000000000000;1,0000000000000000;1,0000000000000000;1,0000000000000000;1,0000000000000000;1,0000000000000000
2022-09-02;60+;18;18,0;18;18;18;18;18;18;18;18;18;18,0;142;142,0;142;142,0;142;142,0;142;142;142;142,0;142,0;142,0;1,000000000000000;1,000000000000000;1,000000000000000;1,000000000000000;1,000000000000000;1,000000000000000;1,0000000000000000;1,0000000000000000;1,0000000000000000;1,0000000000000000;1,0000000000000000
2022-09-02;alle;26;26,0;26;26;26;26;26;26;26;26;26;26,0;186;186,0;186;186,0;186;186,0;186;186;186;186,0;186,0;186,0;NA;NA;NA;NA;NA;NA;NA;NA;NA;NA;NA
2022-09-01;0-60;6;6,0;6;6;6;6;6;6;6;6;6;6,0;40;40,0;40;40,0;40;40,0;40;40;40;40,0;40,0;40,0;1,000000000000000;1,000000000000000;1,000000000000000;1,000000000000000;1,000000000000000;1,000000000000000;1,0000000000000000;1,0000000000000000;1,0000000000000000;1,0000000000000000;1,0000000000000000
2022-09-01;60+;25;25,0;25;25;25;25;25;25;25;25;25;25,0;147;147,0;147;147,0;147;147,0;147;147;147;147,0;147,0;147,0;1,000000000000000;1,000000000000000;1,000000000000000;1,000000000000000;1,000000000000000;1,000000000000000;1,0000000000000000;1,0000000000000000;1,0000000000000000;1,0000000000000000;1,0000000000000000
2022-09-01;alle;31;31,0;31;31;31;31;31;31;31;31;31;31,0;187;187,0;187;187,0;187;187,0;187;187;187;187,0;187,0;187,0;NA;NA;NA;NA;NA;NA;NA;NA;NA;NA;NA
2022-08-31;0-60;7;7,0;7;7;7;7;7;7;7;7;7;7,0;42;42,0;42;42,0;42;42,0;42;42;42;42,0;42,0;42,0;1,000000000000000;1,000000000000000;1,000000000000000;1,000000000000000;1,000000000000000;1,000000000000000;1,0000000000000000;1,0000000000000000;1,0000000000000000;1,0000000000000000;1,0000000000000000
2022-08-31;60+;22;22,0;22;22;22;22;22;22;22;22;22;22,0;138;138,0;138;138,0;138;138,0;138;138;138;138,0;138,0;138,0;1,000000000000000;1,000000000000000;1,000000000000000;1,000000000000000;1,000000000000000;1,000000000000000;1,0000000000000000;1,0000000000000000;1,0000000000000000;1,0000000000000000;1,0000000000000000
2022-08-31;alle;29;29,0;29;29;29;29;29;29;29;29;29;29,0;180;180,0;180;180,0;180;180,0;180;180;180;180,0;180,0;180,0;NA;NA;NA;NA;NA;NA;NA;NA;NA;NA;NA
2022-08-30;0-60;14;14,0;14;14;14;14;14;14;14;14;14;14,0;40;40,0;40;40,0;40;40,0;40;40;40;40,0;40,0;40,0;1,000000000000000;1,000000000000000;1,000000000000000;1,000000000000000;1,000000000000000;1,000000000000000;1,0000000000000000;1,0000000000000000;1,0000000000000000;1,0000000000000000;1,0000000000000000
2022-08-30;60+;36;36,0;36;36;36;36;36;36;36;36;36;36,0;147;147,0;147;147,0;147;147,0;147;147;147;147,0;147,0;147,0;1,000000000000000;1,000000000000000;1,000000000000000;1,000000000000000;1,000000000000000;1,000000000000000;1,0000000000000000;1,0000000000000000;1,0000000000000000;1,0000000000000000;1,0000000000000000
2022-08-30;alle;50;50,0;50;50;50;50;50;50;50;50;50;50,0;187;187,0;187;187,0;187;187,0;187;187;187;187,0;187,0;187,0;NA;NA;NA;NA;NA;NA;NA;NA;NA;NA;NA
2022-08-29;0-60;1;1,0;1;1;1;1;1;1;1;1;1;1,0;36;36,0;36;36,0;36;36,0;36;36;36;36,0;36,0;36,0;1,000000000000000;1,000000000000000;1,000000000000000;1,000000000000000;1,000000000000000;1,000000000000000;1,0000000000000000;1,0000000000000000;1,0000000000000000;1,0000000000000000;1,0000000000000000
2022-08-29;60+;11;11,0;11;11;11;11;11;11;11;11;11;11,0;164;164,0;164;164,0;164;164,0;164;164;164;164,0;164,0;164,0;1,000000000000000;1,000000000000000;1,000000000000000;1,000000000000000;1,000000000000000;1,000000000000000;1,0000000000000000;1,0000000000000000;1,0000000000000000;1,0000000000000000;1,0000000000000000
2022-08-29;alle;12;12,0;12;12;12;12;12;12;12;12;12;12,0;200;200,0;200;200,0;200;200,0;200;200;200;200,0;200,0;200,0;NA;NA;NA;NA;NA;NA;NA;NA;NA;NA;NA
2022-08-28;0-60;2;2,0;2;2;2;2;2;2;2;2;2;2,0;38;38,0;38;38,0;38;38,0;38;38;38;38,0;38,0;38,0;1,000000000000000;1,000000000000000;1,000000000000000;1,000000000000000;1,000000000000000;1,000000000000000;1,0000000000000000;1,0000000000000000;1,0000000000000000;1,0000000000000000;1,0000000000000000
2022-08-28;60+;12;12,0;12;12;12;12;12;12;12;12;12;12,0;162;162,0;162;162,0;162;162,0;162;162;162;162,0;162,0;162,0;1,000000000000000;1,000000000000000;1,000000000000000;1,000000000000000;1,000000000000000;1,000000000000000;1,0000000000000000;1,0000000000000000;1,0000000000000000;1,0000000000000000;1,0000000000000000
2022-08-28;alle;14;14,0;14;14;14;14;14;14;14;14;14;14,0;200;200,0;200;200,0;200;200,0;200;200;200;200,0;200,0;200,0;NA;NA;NA;NA;NA;NA;NA;NA;NA;NA;NA
2022-08-27;0-60;6;6,0;6;6;6;6;6;6;6;6;6;6,0;36;36,0;36;36,0;36;36,0;36;36;36;36,0;36,0;36,0;1,000000000000000;1,000000000000000;1,000000000000000;1,000000000000000;1,000000000000000;1,000000000000000;1,0000000000000000;1,0000000000000000;1,0000000000000000;1,0000000000000000;1,0000000000000000
2022-08-27;60+;18;18,0;18;18;18;18;18;18;18;18;18;18,0;160;160,0;160;160,0;160;160,0;160;160;160;160,0;160,0;160,0;1,000000000000000;1,000000000000000;1,000000000000000;1,000000000000000;1,000000000000000;1,000000000000000;1,0000000000000000;1,0000000000000000;1,0000000000000000;1,0000000000000000;1,0000000000000000
2022-08-27;alle;24;24,0;24;24;24;24;24;24;24;24;24;24,0;196;196,0;196;196,0;196;196,0;196;196;196;196,0;196,0;196,0;NA;NA;NA;NA;NA;NA;NA;NA;NA;NA;NA
2022-08-26;0-60;4;4,0;4;4;4;4;4;4;4;4;4;4,0;37;37,0;37;37,0;37;37,0;37;37;37;37,0;37,0;37,0;1,000000000000000;1,000000000000000;1,000000000000000;1,000000000000000;1,000000000000000;1,000000000000000;1,0000000000000000;1,0000000000000000;1,0000000000000000;1,0000000000000000;1,0000000000000000
2022-08-26;60+;23;23,0;23;23;23;23;23;23;23;23;23;23,0;161;161,0;161;161,0;161;161,0;161;161;161;161,0;161,0;161,0;1,000000000000000;1,000000000000000;1,000000000000000;1,000000000000000;1,000000000000000;1,000000000000000;1,0000000000000000;1,0000000000000000;1,0000000000000000;1,0000000000000000;1,0000000000000000
2022-08-26;alle;27;27,0;27;27;27;27;27;27;27;27;27;27,0;198;198,0;198;198,0;198;198,0;198;198;198;198,0;198,0;198,0;NA;NA;NA;NA;NA;NA;NA;NA;NA;NA;NA
2022-08-25;0-60;8;8,0;8;8;8;8;8;8;8;8;8;8,0;43;43,0;43;43,0;43;43,0;43;43;43;43,0;43,0;43,0;1,000000000000000;1,000000000000000;1,000000000000000;1,000000000000000;1,000000000000000;1,000000000000000;1,0000000000000000;1,0000000000000000;1,0000000000000000;1,0000000000000000;1,0000000000000000
2022-08-25;60+;16;16,0;16;16;16;16;16;16;16;16;16;16,0;177;177,0;177;177,0;177;177,0;177;177;177;177,0;177,0;177,0;1,000000000000000;1,000000000000000;1,000000000000000;1,000000000000000;1,000000000000000;1,000000000000000;1,0000000000000000;1,0000000000000000;1,0000000000000000;1,0000000000000000;1,0000000000000000
2022-08-25;alle;24;24,0;24;24;24;24;24;24;24;24;24;24,0;220;220,0;220;220,0;220;220,0;220;220;220;220,0;220,0;220,0;NA;NA;NA;NA;NA;NA;NA;NA;NA;NA;NA
2022-08-24;0-60;5;5,0;5;5;5;5;5;5;5;5;5;5,0;47;47,0;47;47,0;47;47,0;47;47;47;47,0;47,0;47,0;1,000000000000000;1,000000000000000;1,000000000000000;1,000000000000000;1,000000000000000;1,000000000000000;1,0000000000000000;1,0000000000000000;1,0000000000000000;1,0000000000000000;1,0000000000000000
2022-08-24;60+;31;31,0;31;31;31;31;31;31;31;31;31;31,0;195;195,0;195;195,0;195;195,0;195;195;195;195,0;195,0;195,0;1,000000000000000;1,000000000000000;1,000000000000000;1,000000000000000;1,000000000000000;1,000000000000000;1,0000000000000000;1,0000000000000000;1,0000000000000000;1,0000000000000000;1,0000000000000000
2022-08-24;alle;36;36,0;36;36;36;36;36;36;36;36;36;36,0;242;242,0;242;242,0;242;242,0;242;242;242;242,0;242,0;242,0;NA;NA;NA;NA;NA;NA;NA;NA;NA;NA;NA
2022-08-23;0-60;10;10,0;10;10;10;10;10;10;10;10;10;10,0;51;51,0;51;51,0;51;51,0;51;51;51;51,0;51,0;51,0;1,000000000000000;1,000000000000000;1,000000000000000;1,000000000000000;1,000000000000000;1,000000000000000;1,0000000000000000;1,0000000000000000;1,0000000000000000;1,0000000000000000;1,0000000000000000
2022-08-23;60+;53;53,0;53;53;53;53;53;53;53;53;53;53,0;201;201,0;201;201,0;201;201,0;201;201;201;201,0;201,0;201,0;1,000000000000000;1,000000000000000;1,000000000000000;1,000000000000000;1,000000000000000;1,000000000000000;1,0000000000000000;1,0000000000000000;1,0000000000000000;1,0000000000000000;1,0000000000000000
2022-08-23;alle;63;63,0;63;63;63;63;63;63;63;63;63;63,0;252;252,0;252;252,0;252;252,0;252;252;252;252,0;252,0;252,0;NA;NA;NA;NA;NA;NA;NA;NA;NA;NA;NA
2022-08-22;0-60;3;3,0;3;3;3;3;3;3;3;3;3;3,0;54;54,0;54;54,0;54;54,0;54;54;54;54,0;54,0;54,0;1,000000000000000;1,000000000000000;1,000000000000000;1,000000000000000;1,000000000000000;1,000000000000000;1,0000000000000000;1,0000000000000000;1,0000000000000000;1,0000000000000000;1,0000000000000000
2022-08-22;60+;9;9,0;9;9;9;9;9;9;9;9;9;9,0;202;202,0;202;202,0;202;202,0;202;202;202;202,0;202,0;202,0;1,000000000000000;1,000000000000000;1,000000000000000;1,000000000000000;1,000000000000000;1,000000000000000;1,0000000000000000;1,0000000000000000;1,0000000000000000;1,0000000000000000;1,0000000000000000
2022-08-22;alle;12;12,0;12;12;12;12;12;12;12;12;12;12,0;256;256,0;256;256,0;256;256,0;256;256;256;256,0;256,0;256,0;NA;NA;NA;NA;NA;NA;NA;NA;NA;NA;NA
2022-08-21;0-60;0;0,0;0;0;0;0;0;0;0;0;0;0,0;53;53,0;53;53,0;53;53,0;53;53;53;53,0;53,0;53,0;1,000000000000000;1,000000000000000;1,000000000000000;1,000000000000000;1,000000000000000;1,000000000000000;1,0000000000000000;1,0000000000000000;1,0000000000000000;1,0000000000000000;1,0000000000000000
2022-08-21;60+;10;10,0;10;10;10;10;10;10;10;10;10;10,0;208;208,0;208;208,0;208;208,0;208;208;208;208,0;208,0;208,0;1,000000000000000;1,000000000000000;1,000000000000000;1,000000000000000;1,000000000000000;1,000000000000000;1,0000000000000000;1,0000000000000000;1,0000000000000000;1,0000000000000000;1,0000000000000000
2022-08-21;alle;10;10,0;10;10;10;10;10;10;10;10;10;10,0;261;261,0;261;261,0;261;261,0;261;261;261;261,0;261,0;261,0;NA;NA;NA;NA;NA;NA;NA;NA;NA;NA;NA
2022-08-20;0-60;7;7,0;7;7;7;7;7;7;7;7;7;7,0;56;56,0;56;56,0;56;56,0;56;56;56;56,0;56,0;56,0;1,000000000000000;1,000000000000000;1,000000000000000;1,000000000000000;1,000000000000000;1,000000000000000;1,0000000000000000;1,0000000000000000;1,0000000000000000;1,0000000000000000;1,0000000000000000
2022-08-20;60+;19;19,0;19;19;19;19;19;19;19;19;19;19,0;207;207,0;207;207,0;207;207,0;207;207;207;207,0;207,0;207,0;1,000000000000000;1,000000000000000;1,000000000000000;1,000000000000000;1,000000000000000;1,000000000000000;1,0000000000000000;1,0000000000000000;1,0000000000000000;1,0000000000000000;1,0000000000000000
2022-08-20;alle;26;26,0;26;26;26;26;26;26;26;26;26;26,0;263;263,0;263;263,0;263;263,0;263;263;263;263,0;263,0;263,0;NA;NA;NA;NA;NA;NA;NA;NA;NA;NA;NA
2022-08-19;0-60;10;10,0;10;10;10;10;10;10;10;10;10;10,0;58;58,0;58;58,0;58;58,0;58;58;58;58,0;58,0;58,0;1,000000000000000;1,000000000000000;1,000000000000000;1,000000000000000;1,000000000000000;1,000000000000000;1,0000000000000000;1,0000000000000000;1,0000000000000000;1,0000000000000000;1,0000000000000000
2022-08-19;60+;39;39,0;39;39;39;39;39;39;39;39;39;39,0;220;220,0;220;220,0;220;220,0;220;220;220;220,0;220,0;220,0;1,000000000000000;1,000000000000000;1,000000000000000;1,000000000000000;1,000000000000000;1,000000000000000;1,0000000000000000;1,0000000000000000;1,0000000000000000;1,0000000000000000;1,0000000000000000
2022-08-19;alle;49;49,0;49;49;49;49;49;49;49;49;49;49,0;278;278,0;278;278,0;278;278,0;278;278;278;278,0;278,0;278,0;NA;NA;NA;NA;NA;NA;NA;NA;NA;NA;NA
2022-08-18;0-60;12;12,0;12;12;12;12;12;12;12;12;12;12,0;59;59,0;59;59,0;59;59,0;59;59;59;59,0;59,0;59,0;1,000000000000000;1,000000000000000;1,000000000000000;1,000000000000000;1,000000000000000;1,000000000000000;1,0000000000000000;1,0000000000000000;1,0000000000000000;1,0000000000000000;1,0000000000000000
2022-08-18;60+;34;34,0;34;34;34;34;34;34;34;34;34;34,0;207;207,0;207;207,0;207;207,0;207;207;207;207,0;207,0;207,0;1,000000000000000;1,000000000000000;1,000000000000000;1,000000000000000;1,000000000000000;1,000000000000000;1,0000000000000000;1,0000000000000000;1,0000000000000000;1,0000000000000000;1,0000000000000000
2022-08-18;alle;46;46,0;46;46;46;46;46;46;46;46;46;46,0;266;266,0;266;266,0;266;266,0;266;266;266;266,0;266,0;266,0;NA;NA;NA;NA;NA;NA;NA;NA;NA;NA;NA
2022-08-17;0-60;9;9,0;9;9;9;9;9;9;9;9;9;9,0;56;56,0;56;56,0;56;56,0;56;56;56;56,0;56,0;56,0;1,000000000000000;1,000000000000000;1,000000000000000;1,000000000000000;1,000000000000000;1,000000000000000;1,0000000000000000;1,0000000000000000;1,0000000000000000;1,0000000000000000;1,0000000000000000
2022-08-17;60+;37;37,0;37;37;37;37;37;37;37;37;37;37,0;195;195,0;195;195,0;195;195,0;195;195;195;195,0;195,0;195,0;1,000000000000000;1,000000000000000;1,000000000000000;1,000000000000000;1,000000000000000;1,000000000000000;1,0000000000000000;1,0000000000000000;1,0000000000000000;1,0000000000000000;1,0000000000000000
2022-08-17;alle;46;46,0;46;46;46;46;46;46;46;46;46;46,0;251;251,0;251;251,0;251;251,0;251;251;251;251,0;251,0;251,0;NA;NA;NA;NA;NA;NA;NA;NA;NA;NA;NA
2022-08-16;0-60;13;13,0;13;13;13;13;13;13;13;13;13;13,0;55;55,0;55;55,0;55;55,0;55;55;55;55,0;55,0;55,0;1,000000000000000;1,000000000000000;1,000000000000000;1,000000000000000;1,000000000000000;1,000000000000000;1,0000000000000000;1,0000000000000000;1,0000000000000000;1,0000000000000000;1,0000000000000000
2022-08-16;60+;54;54,0;54;54;54;54;54;54;54;54;54;54,0;182;182,0;182;182,0;182;182,0;182;182;182;182,0;182,0;182,0;1,000000000000000;1,000000000000000;1,000000000000000;1,000000000000000;1,000000000000000;1,000000000000000;1,0000000000000000;1,0000000000000000;1,0000000000000000;1,0000000000000000;1,0000000000000000
2022-08-16;alle;67;67,0;67;67;67;67;67;67;67;67;67;67,0;237;237,0;237;237,0;237;237,0;237;237;237;237,0;237,0;237,0;NA;NA;NA;NA;NA;NA;NA;NA;NA;NA;NA
2022-08-15;0-60;2;2,0;2;2;2;2;2;2;2;2;2;2,0;55;55,0;55;55,0;55;55,0;55;55;55;55,0;55,0;55,0;1,000000000000000;1,000000000000000;1,000000000000000;1,000000000000000;1,000000000000000;1,000000000000000;1,0000000000000000;1,0000000000000000;1,0000000000000000;1,0000000000000000;1,0000000000000000
2022-08-15;60+;15;15,0;15;15;15;15;15;15;15;15;15;15,0;193;193,0;193;193,0;193;193,0;193;193;193;193,0;193,0;193,0;1,000000000000000;1,000000000000000;1,000000000000000;1,000000000000000;1,000000000000000;1,000000000000000;1,0000000000000000;1,0000000000000000;1,0000000000000000;1,0000000000000000;1,0000000000000000
2022-08-15;alle;17;17,0;17;17;17;17;17;17;17;17;17;17,0;248;248,0;248;248,0;248;248,0;248;248;248;248,0;248,0;248,0;NA;NA;NA;NA;NA;NA;NA;NA;NA;NA;NA
2022-08-14;0-60;3;3,0;3;3;3;3;3;3;3;3;3;3,0;55;55,0;55;55,0;55;55,0;55;55;55;55,0;55,0;55,0;1,000000000000000;1,000000000000000;1,000000000000000;1,000000000000000;1,000000000000000;1,000000000000000;1,0000000000000000;1,0000000000000000;1,0000000000000000;1,0000000000000000;1,0000000000000000
2022-08-14;60+;9;9,0;9;9;9;9;9;9;9;9;9;9,0;185;185,0;185;185,0;185;185,0;185;185;185;185,0;185,0;185,0;1,000000000000000;1,000000000000000;1,000000000000000;1,000000000000000;1,000000000000000;1,000000000000000;1,0000000000000000;1,0000000000000000;1,0000000000000000;1,0000000000000000;1,0000000000000000
2022-08-14;alle;12;12,0;12;12;12;12;12;12;12;12;12;12,0;240;240,0;240;240,0;240;240,0;240;240;240;240,0;240,0;240,0;NA;NA;NA;NA;NA;NA;NA;NA;NA;NA;NA
2022-08-13;0-60;9;9,0;9;9;9;9;9;9;9;9;9;9,0;58;58,0;58;58,0;58;58,0;58;58;58;58,0;58,0;58,0;1,000000000000000;1,000000000000000;1,000000000000000;1,000000000000000;1,000000000000000;1,000000000000000;1,0000000000000000;1,0000000000000000;1,0000000000000000;1,0000000000000000;1,0000000000000000
2022-08-13;60+;32;32,0;32;32;32;32;32;32;32;32;32;32,0;194;194,0;194;194,0;194;194,0;194;194;194;194,0;194,0;194,0;1,000000000000000;1,000000000000000;1,000000000000000;1,000000000000000;1,000000000000000;1,000000000000000;1,0000000000000000;1,0000000000000000;1,0000000000000000;1,0000000000000000;1,0000000000000000
2022-08-13;alle;41;41,0;41;41;41;41;41;41;41;41;41;41,0;252;252,0;252;252,0;252;252,0;252;252;252;252,0;252,0;252,0;NA;NA;NA;NA;NA;NA;NA;NA;NA;NA;NA
2022-08-12;0-60;11;11,0;11;11;11;11;11;11;11;11;11;11,0;61;61,0;61;61,0;61;61,0;61;61;61;61,0;61,0;61,0;1,000000000000000;1,000000000000000;1,000000000000000;1,000000000000000;1,000000000000000;1,000000000000000;1,0000000000000000;1,0000000000000000;1,0000000000000000;1,0000000000000000;1,0000000000000000
2022-08-12;60+;26;26,0;26;26;26;26;26;26;26;26;26;26,0;201;201,0;201;201,0;201;201,0;201;201;201;201,0;201,0;201,0;1,000000000000000;1,000000000000000;1,000000000000000;1,000000000000000;1,000000000000000;1,000000000000000;1,0000000000000000;1,0000000000000000;1,0000000000000000;1,0000000000000000;1,0000000000000000
2022-08-12;alle;37;37,0;37;37;37;37;37;37;37;37;37;37,0;262;262,0;262;262,0;262;262,0;262;262;262;262,0;262,0;262,0;NA;NA;NA;NA;NA;NA;NA;NA;NA;NA;NA
2022-08-11;0-60;9;9,0;9;9;9;9;9;9;9;9;9;9,0;61;61,0;61;61,0;61;61,0;61;61;61;61,0;61,0;61,0;1,000000000000000;1,000000000000000;1,000000000000000;1,000000000000000;1,000000000000000;1,000000000000000;1,0000000000000000;1,0000000000000000;1,0000000000000000;1,0000000000000000;1,0000000000000000
2022-08-11;60+;22;22,0;22;22;22;22;22;22;22;22;22;22,0;221;221,0;221;221,0;221;221,0;221;221;221;221,0;221,0;221,0;1,000000000000000;1,000000000000000;1,000000000000000;1,000000000000000;1,000000000000000;1,000000000000000;1,0000000000000000;1,0000000000000000;1,0000000000000000;1,0000000000000000;1,0000000000000000
2022-08-11;alle;31;31,0;31;31;31;31;31;31;31;31;31;31,0;282;282,0;282;282,0;282;282,0;282;282;282;282,0;282,0;282,0;NA;NA;NA;NA;NA;NA;NA;NA;NA;NA;NA
2022-08-10;0-60;8;8,0;8;8;8;8;8;8;8;8;8;8,0;59;59,0;59;59,0;59;59,0;59;59;59;59,0;59,0;59,0;1,000000000000000;1,000000000000000;1,000000000000000;1,000000000000000;1,000000000000000;1,000000000000000;1,0000000000000000;1,0000000000000000;1,0000000000000000;1,0000000000000000;1,0000000000000000
2022-08-10;60+;24;24,0;24;24;24;24;24;24;24;24;24;24,0;248;248,0;248;248,0;248;248,0;248;248;248;248,0;248,0;248,0;1,000000000000000;1,000000000000000;1,000000000000000;1,000000000000000;1,000000000000000;1,000000000000000;1,0000000000000000;1,0000000000000000;1,0000000000000000;1,0000000000000000;1,0000000000000000
2022-08-10;alle;32;32,0;32;32;32;32;32;32;32;32;32;32,0;307;307,0;307;307,0;307;307,0;307;307;307;307,0;307,0;307,0;NA;NA;NA;NA;NA;NA;NA;NA;NA;NA;NA
2022-08-09;0-60;13;13,0;13;13;13;13;13;13;13;13;13;13,0;69;69,0;69;69,0;69;69,0;69;69;69;69,0;69,0;69,0;1,000000000000000;1,000000000000000;1,000000000000000;1,000000000000000;1,000000000000000;1,000000000000000;1,0000000000000000;1,0000000000000000;1,0000000000000000;1,0000000000000000;1,0000000000000000
2022-08-09;60+;65;65,0;65;65;65;65;65;65;65;65;65;65,0;294;294,0;294;294,0;294;294,0;294;294;294;294,0;294,0;294,0;1,000000000000000;1,000000000000000;1,000000000000000;1,000000000000000;1,000000000000000;1,000000000000000;1,0000000000000000;1,0000000000000000;1,0000000000000000;1,0000000000000000;1,0000000000000000
2022-08-09;alle;78;78,0;78;78;78;78;78;78;78;78;78;78,0;363;363,0;363;363,0;363;363,0;363;363;363;363,0;363,0;363,0;NA;NA;NA;NA;NA;NA;NA;NA;NA;NA;NA
2022-08-08;0-60;2;2,0;2;2;2;2;2;2;2;2;2;2,0;68;68,0;68;68,0;68;68,0;68;68;68;68,0;68,0;68,0;1,000000000000000;1,000000000000000;1,000000000000000;1,000000000000000;1,000000000000000;1,000000000000000;1,0000000000000000;1,0000000000000000;1,0000000000000000;1,0000000000000000;1,0000000000000000
2022-08-08;60+;7;7,0;7;7;7;7;7;7;7;7;7;7,0;281;281,0;281;281,0;281;281,0;281;281;281;281,0;281,0;281,0;1,000000000000000;1,000000000000000;1,000000000000000;1,000000000000000;1,000000000000000;1,000000000000000;1,0000000000000000;1,0000000000000000;1,0000000000000000;1,0000000000000000;1,0000000000000000
2022-08-08;alle;9;9,0;9;9;9;9;9;9;9;9;9;9,0;349;349,0;349;349,0;349;349,0;349;349;349;349,0;349,0;349,0;NA;NA;NA;NA;NA;NA;NA;NA;NA;NA;NA
2022-08-07;0-60;6;6,0;6;6;6;6;6;6;6;6;6;6,0;68;68,0;68;68,0;68;68,0;68;68;68;68,0;68,0;68,0;1,000000000000000;1,000000000000000;1,000000000000000;1,000000000000000;1,000000000000000;1,000000000000000;1,0000000000000000;1,0000000000000000;1,0000000000000000;1,0000000000000000;1,0000000000000000
2022-08-07;60+;18;18,0;18;18;18;18;18;18;18;18;18;18,0;282;282,0;282;282,0;282;282,0;282;282;282;282,0;282,0;282,0;1,000000000000000;1,000000000000000;1,000000000000000;1,000000000000000;1,000000000000000;1,000000000000000;1,0000000000000000;1,0000000000000000;1,0000000000000000;1,0000000000000000;1,0000000000000000
2022-08-07;alle;24;24,0;24;24;24;24;24;24;24;24;24;24,0;350;350,0;350;350,0;350;350,0;350;350;350;350,0;350,0;350,0;NA;NA;NA;NA;NA;NA;NA;NA;NA;NA;NA
2022-08-06;0-60;12;12,0;12;12;12;12;12;12;12;12;12;12,0;64;64,0;64;64,0;64;64,0;64;64;64;64,0;64,0;64,0;1,000000000000000;1,000000000000000;1,000000000000000;1,000000000000000;1,000000000000000;1,000000000000000;1,0000000000000000;1,0000000000000000;1,0000000000000000;1,0000000000000000;1,0000000000000000
2022-08-06;60+;39;39,0;39;39;39;39;39;39;39;39;39;39,0;278;278,0;278;278,0;278;278,0;278;278;278;278,0;278,0;278,0;1,000000000000000;1,000000000000000;1,000000000000000;1,000000000000000;1,000000000000000;1,000000000000000;1,0000000000000000;1,0000000000000000;1,0000000000000000;1,0000000000000000;1,0000000000000000
2022-08-06;alle;51;51,0;51;51;51;51;51;51;51;51;51;51,0;342;342,0;342;342,0;342;342,0;342;342;342;342,0;342,0;342,0;NA;NA;NA;NA;NA;NA;NA;NA;NA;NA;NA
2022-08-05;0-60;11;11,0;11;11;11;11;11;11;11;11;11;11,0;64;64,0;64;64,0;64;64,0;64;64;64;64,0;64,0;64,0;1,000000000000000;1,000000000000000;1,000000000000000;1,000000000000000;1,000000000000000;1,000000000000000;1,0000000000000000;1,0000000000000000;1,0000000000000000;1,0000000000000000;1,0000000000000000
2022-08-05;60+;46;46,0;46;46;46;46;46;46;46;46;46;46,0;291;291,0;291;291,0;291;291,0;291;291;291;291,0;291,0;291,0;1,000000000000000;1,000000000000000;1,000000000000000;1,000000000000000;1,000000000000000;1,000000000000000;1,0000000000000000;1,0000000000000000;1,0000000000000000;1,0000000000000000;1,0000000000000000
2022-08-05;alle;57;57,0;57;57;57;57;57;57;57;57;57;57,0;355;355,0;355;355,0;355;355,0;355;355;355;355,0;355,0;355,0;NA;NA;NA;NA;NA;NA;NA;NA;NA;NA;NA
2022-08-04;0-60;7;7,0;7;7;7;7;7;7;7;7;7;7,0;63;63,0;63;63,0;63;63,0;63;63;63;63,0;63,0;63,0;1,000000000000000;1,000000000000000;1,000000000000000;1,000000000000000;1,000000000000000;1,000000000000000;1,0000000000000000;1,0000000000000000;1,0000000000000000;1,0000000000000000;1,0000000000000000
2022-08-04;60+;49;49,0;49;49;49;49;49;49;49;49;49;49,0;300;300,0;300;300,0;300;300,0;300;300;300;300,0;300,0;300,0;1,000000000000000;1,000000000000000;1,000000000000000;1,000000000000000;1,000000000000000;1,000000000000000;1,0000000000000000;1,0000000000000000;1,0000000000000000;1,0000000000000000;1,0000000000000000
2022-08-04;alle;56;56,0;56;56;56;56;56;56;56;56;56;56,0;363;363,0;363;363,0;363;363,0;363;363;363;363,0;363,0;363,0;NA;NA;NA;NA;NA;NA;NA;NA;NA;NA;NA
2022-08-03;0-60;18;18,0;18;18;18;18;18;18;18;18;18;18,0;64;64,0;64;64,0;64;64,0;64;64;64;64,0;64,0;64,0;1,000000000000000;1,000000000000000;1,000000000000000;1,000000000000000;1,000000000000000;1,000000000000000;1,0000000000000000;1,0000000000000000;1,0000000000000000;1,0000000000000000;1,0000000000000000
2022-08-03;60+;70;70,0;70;70;70;70;70;70;70;70;70;70,0;303;303,0;303;303,0;303;303,0;303;303;303;303,0;303,0;303,0;1,000000000000000;1,000000000000000;1,000000000000000;1,000000000000000;1,000000000000000;1,000000000000000;1,0000000000000000;1,0000000000000000;1,0000000000000000;1,0000000000000000;1,0000000000000000
2022-08-03;alle;88;88,0;88;88;88;88;88;88;88;88;88;88,0;367;367,0;367;367,0;367;367,0;367;367;367;367,0;367,0;367,0;NA;NA;NA;NA;NA;NA;NA;NA;NA;NA;NA
2022-08-02;0-60;12;12,0;12;12;12;12;12;12;12;12;12;12,0;57;57,0;57;57,0;57;57,0;57;57;57;57,0;57,0;57,0;1,000000000000000;1,000000000000000;1,000000000000000;1,000000000000000;1,000000000000000;1,000000000000000;1,0000000000000000;1,0000000000000000;1,0000000000000000;1,0000000000000000;1,0000000000000000
2022-08-02;60+;52;52,0;52;52;52;52;52;52;52;52;52;52,0;311;311,0;311;311,0;311;311,0;311;311;311;311,0;311,0;311,0;1,000000000000000;1,000000000000000;1,000000000000000;1,000000000000000;1,000000000000000;1,000000000000000;1,0000000000000000;1,0000000000000000;1,0000000000000000;1,0000000000000000;1,0000000000000000
2022-08-02;alle;64;64,0;64;64;64;64;64;64;64;64;64;64,0;368;368,0;368;368,0;368;368,0;368;368;368;368,0;368,0;368,0;NA;NA;NA;NA;NA;NA;NA;NA;NA;NA;NA
2022-08-01;0-60;2;2,0;2;2;2;2;2;2;2;2;2;2,0;67;67,0;67;67,0;67;67,0;67;67;67;67,0;67,0;67,0;1,000000000000000;1,000000000000000;1,000000000000000;1,000000000000000;1,000000000000000;1,000000000000000;1,0000000000000000;1,0000000000000000;1,0000000000000000;1,0000000000000000;1,0000000000000000
2022-08-01;60+;8;8,0;8;8;8;8;8;8;8;8;8;8,0;377;377,0;377;377,0;377;377,0;377;377;377;377,0;377,0;377,0;1,000000000000000;1,000000000000000;1,000000000000000;1,000000000000000;1,000000000000000;1,000000000000000;1,0000000000000000;1,0000000000000000;1,0000000000000000;1,0000000000000000;1,0000000000000000
2022-08-01;alle;10;10,0;10;10;10;10;10;10;10;10;10;10,0;444;444,0;444;444,0;444;444,0;444;444;444;444,0;444,0;444,0;NA;NA;NA;NA;NA;NA;NA;NA;NA;NA;NA
2022-07-31;0-60;2;2,0;2;2;2;2;2;2;2;2;2;2,0;67;67,0;67;67,0;67;67,0;67;67;67;67,0;67,0;67,0;1,000000000000000;1,000000000000000;1,000000000000000;1,000000000000000;1,000000000000000;1,000000000000000;1,0000000000000000;1,0000000000000000;1,0000000000000000;1,0000000000000000;1,0000000000000000
2022-07-31;60+;14;14,0;14;14;14;14;14;14;14;14;14;14,0;401;401,0;401;401,0;401;401,0;401;401;401;401,0;401,0;401,0;1,000000000000000;1,000000000000000;1,000000000000000;1,000000000000000;1,000000000000000;1,000000000000000;1,0000000000000000;1,0000000000000000;1,0000000000000000;1,0000000000000000;1,0000000000000000
2022-07-31;alle;16;16,0;16;16;16;16;16;16;16;16;16;16,0;468;468,0;468;468,0;468;468,0;468;468;468;468,0;468,0;468,0;NA;NA;NA;NA;NA;NA;NA;NA;NA;NA;NA
2022-07-30;0-60;12;12,0;12;12;12;12;12;12;12;12;12;12,0;71;71,0;71;71,0;71;71,0;71;71;71;71,0;71,0;71,0;1,000000000000000;1,000000000000000;1,000000000000000;1,000000000000000;1,000000000000000;1,000000000000000;1,0000000000000000;1,0000000000000000;1,0000000000000000;1,0000000000000000;1,0000000000000000
2022-07-30;60+;52;52,0;52;52;52;52;52;52;52;52;52;52,0;403;403,0;403;403,0;403;403,0;403;403;403;403,0;403,0;403,0;1,000000000000000;1,000000000000000;1,000000000000000;1,000000000000000;1,000000000000000;1,000000000000000;1,0000000000000000;1,0000000000000000;1,0000000000000000;1,0000000000000000;1,0000000000000000
2022-07-30;alle;64;64,0;64;64;64;64;64;64;64;64;64;64,0;474;474,0;474;474,0;474;474,0;474;474;474;474,0;474,0;474,0;NA;NA;NA;NA;NA;NA;NA;NA;NA;NA;NA
2022-07-29;0-60;10;10,0;10;10;10;10;10;10;10;10;10;10,0;64;64,0;64;64,0;64;64,0;64;64;64;64,0;64,0;64,0;1,000000000000000;1,000000000000000;1,000000000000000;1,000000000000000;1,000000000000000;1,000000000000000;1,0000000000000000;1,0000000000000000;1,0000000000000000;1,0000000000000000;1,0000000000000000
2022-07-29;60+;55;55,0;55;55;55;55;55;55;55;55;55;55,0;392;392,0;392;392,0;392;392,0;392;392;392;392,0;392,0;392,0;1,000000000000000;1,000000000000000;1,000000000000000;1,000000000000000;1,000000000000000;1,000000000000000;1,0000000000000000;1,0000000000000000;1,0000000000000000;1,0000000000000000;1,0000000000000000
2022-07-29;alle;65;65,0;65;65;65;65;65;65;65;65;65;65,0;456;456,0;456;456,0;456;456,0;456;456;456;456,0;456,0;456,0;NA;NA;NA;NA;NA;NA;NA;NA;NA;NA;NA
2022-07-28;0-60;8;8,0;8;8;8;8;8;8;8;8;8;8,0;70;70,0;70;70,0;70;70,0;70;70;70;70,0;70,0;70,0;1,000000000000000;1,000000000000000;1,000000000000000;1,000000000000000;1,000000000000000;1,000000000000000;1,0000000000000000;1,0000000000000000;1,0000000000000000;1,0000000000000000;1,0000000000000000
2022-07-28;60+;52;52,0;52;52;52;52;52;52;52;52;52;52,0;388;388,0;388;388,0;388;388,0;388;388;388;388,0;388,0;388,0;1,000000000000000;1,000000000000000;1,000000000000000;1,000000000000000;1,000000000000000;1,000000000000000;1,0000000000000000;1,0000000000000000;1,0000000000000000;1,0000000000000000;1,0000000000000000
2022-07-28;alle;60;60,0;60;60;60;60;60;60;60;60;60;60,0;458;458,0;458;458,0;458;458,0;458;458;458;458,0;458,0;458,0;NA;NA;NA;NA;NA;NA;NA;NA;NA;NA;NA
2022-07-27;0-60;11;11,0;11;11;11;11;11;11;11;11;11;11,0;74;74,0;74;74,0;74;74,0;74;74;74;74,0;74,0;74,0;1,000000000000000;1,000000000000000;1,000000000000000;1,000000000000000;1,000000000000000;1,000000000000000;1,0000000000000000;1,0000000000000000;1,0000000000000000;1,0000000000000000;1,0000000000000000
2022-07-27;60+;78;78,0;78;78;78;78;78;78;78;78;78;78,0;382;382,0;382;382,0;382;382,0;382;382;382;382,0;382,0;382,0;1,000000000000000;1,000000000000000;1,000000000000000;1,000000000000000;1,000000000000000;1,000000000000000;1,0000000000000000;1,0000000000000000;1,0000000000000000;1,0000000000000000;1,0000000000000000
2022-07-27;alle;89;89,0;89;89;89;89;89;89;89;89;89;89,0;456;456,0;456;456,0;456;456,0;456;456;456;456,0;456,0;456,0;NA;NA;NA;NA;NA;NA;NA;NA;NA;NA;NA
2022-07-26;0-60;22;22,0;22;22;22;22;22;22;22;22;22;22,0;82;82,0;82;82,0;82;82,0;82;82;82;82,0;82,0;82,0;1,000000000000000;1,000000000000000;1,000000000000000;1,000000000000000;1,000000000000000;1,000000000000000;1,0000000000000000;1,0000000000000000;1,0000000000000000;1,0000000000000000;1,0000000000000000
2022-07-26;60+;118;118,0;118;118;118;118;118;118;118;118;118;118,0;351;351,0;351;351,0;351;351,0;351;351;351;351,0;351,0;351,0;1,000000000000000;1,000000000000000;1,000000000000000;1,000000000000000;1,000000000000000;1,000000000000000;1,0000000000000000;1,0000000000000000;1,0000000000000000;1,0000000000000000;1,0000000000000000
2022-07-26;alle;140;140,0;140;140;140;140;140;140;140;140;140;140,0;433;433,0;433;433,0;433;433,0;433;433;433;433,0;433,0;433,0;NA;NA;NA;NA;NA;NA;NA;NA;NA;NA;NA
2022-07-25;0-60;2;2,0;2;2;2;2;2;2;2;2;2;2,0;77;77,0;77;77,0;77;77,0;77;77;77;77,0;77,0;77,0;1,000000000000000;1,000000000000000;1,000000000000000;1,000000000000000;1,000000000000000;1,000000000000000;1,0000000000000000;1,0000000000000000;1,0000000000000000;1,0000000000000000;1,0000000000000000
2022-07-25;60+;32;32,0;32;32;32;32;32;32;32;32;32;32,0;290;290,0;290;290,0;290;290,0;290;290;290;290,0;290,0;290,0;1,000000000000000;1,000000000000000;1,000000000000000;1,000000000000000;1,000000000000000;1,000000000000000;1,0000000000000000;1,0000000000000000;1,0000000000000000;1,0000000000000000;1,0000000000000000
2022-07-25;alle;34;34,0;34;34;34;34;34;34;34;34;34;34,0;367;367,0;367;367,0;367;367,0;367;367;367;367,0;367,0;367,0;NA;NA;NA;NA;NA;NA;NA;NA;NA;NA;NA
2022-07-24;0-60;6;6,0;6;6;6;6;6;6;6;6;6;6,0;78;78,0;78;78,0;78;78,0;78;78;78;78,0;78,0;78,0;1,000000000000000;1,000000000000000;1,000000000000000;1,000000000000000;1,000000000000000;1,000000000000000;1,0000000000000000;1,0000000000000000;1,0000000000000000;1,0000000000000000;1,0000000000000000
2022-07-24;60+;16;16,0;16;16;16;16;16;16;16;16;16;16,0;268;268,0;268;268,0;268;268,0;268;268;268;268,0;268,0;268,0;1,000000000000000;1,000000000000000;1,000000000000000;1,000000000000000;1,000000000000000;1,000000000000000;1,0000000000000000;1,0000000000000000;1,0000000000000000;1,0000000000000000;1,0000000000000000
2022-07-24;alle;22;22,0;22;22;22;22;22;22;22;22;22;22,0;346;346,0;346;346,0;346;346,0;346;346;346;346,0;346,0;346,0;NA;NA;NA;NA;NA;NA;NA;NA;NA;NA;NA
2022-07-23;0-60;5;5,0;5;5;5;5;5;5;5;5;5;5,0;73;73,0;73;73,0;73;73,0;73;73;73;73,0;73,0;73,0;1,000000000000000;1,000000000000000;1,000000000000000;1,000000000000000;1,000000000000000;1,000000000000000;1,0000000000000000;1,0000000000000000;1,0000000000000000;1,0000000000000000;1,0000000000000000
2022-07-23;60+;41;41,0;41;41;41;41;41;41;41;41;41;41,0;261;261,0;261;261,0;261;261,0;261;261;261;261,0;261,0;261,0;1,000000000000000;1,000000000000000;1,000000000000000;1,000000000000000;1,000000000000000;1,000000000000000;1,0000000000000000;1,0000000000000000;1,0000000000000000;1,0000000000000000;1,0000000000000000
2022-07-23;alle;46;46,0;46;46;46;46;46;46;46;46;46;46,0;334;334,0;334;334,0;334;334,0;334;334;334;334,0;334,0;334,0;NA;NA;NA;NA;NA;NA;NA;NA;NA;NA;NA
2022-07-22;0-60;16;16,0;16;16;16;16;16;16;16;16;16;16,0;79;79,0;79;79,0;79;79,0;79;79;79;79,0;79,0;79,0;1,000000000000000;1,000000000000000;1,000000000000000;1,000000000000000;1,000000000000000;1,000000000000000;1,0000000000000000;1,0000000000000000;1,0000000000000000;1,0000000000000000;1,0000000000000000
2022-07-22;60+;51;51,0;51;51;51;51;51;51;51;51;51;51,0;271;271,0;271;271,0;271;271,0;271;271;271;271,0;271,0;271,0;1,000000000000000;1,000000000000000;1,000000000000000;1,000000000000000;1,000000000000000;1,000000000000000;1,0000000000000000;1,0000000000000000;1,0000000000000000;1,0000000000000000;1,0000000000000000
2022-07-22;alle;67;67,0;67;67;67;67;67;67;67;67;67;67,0;350;350,0;350;350,0;350;350,0;350;350;350;350,0;350,0;350,0;NA;NA;NA;NA;NA;NA;NA;NA;NA;NA;NA
2022-07-21;0-60;12;12,0;12;12;12;12;12;12;12;12;12;12,0;71;71,0;71;71,0;71;71,0;71;71;71;71,0;71,0;71,0;1,000000000000000;1,000000000000000;1,000000000000000;1,000000000000000;1,000000000000000;1,000000000000000;1,0000000000000000;1,0000000000000000;1,0000000000000000;1,0000000000000000;1,0000000000000000
2022-07-21;60+;46;46,0;46;46;46;46;46;46;46;46;46;46,0;238;238,0;238;238,0;238;238,0;238;238;238;238,0;238,0;238,0;1,000000000000000;1,000000000000000;1,000000000000000;1,000000000000000;1,000000000000000;1,000000000000000;1,0000000000000000;1,0000000000000000;1,0000000000000000;1,0000000000000000;1,0000000000000000
2022-07-21;alle;58;58,0;58;58;58;58;58;58;58;58;58;58,0;309;309,0;309;309,0;309;309,0;309;309;309;309,0;309,0;309,0;NA;NA;NA;NA;NA;NA;NA;NA;NA;NA;NA
2022-07-20;0-60;19;19,0;19;19;19;19;19;19;19;19;19;19,0;86;86,0;86;86,0;86;86,0;86;86;86;86,0;86,0;86,0;1,000000000000000;1,000000000000000;1,000000000000000;1,000000000000000;1,000000000000000;1,000000000000000;1,0000000000000000;1,0000000000000000;1,0000000000000000;1,0000000000000000;1,0000000000000000
2022-07-20;60+;47;47,0;47;47;47;47;47;47;47;47;47;47,0;229;229,0;229;229,0;229;229,0;229;229;229;229,0;229,0;229,0;1,000000000000000;1,000000000000000;1,000000000000000;1,000000000000000;1,000000000000000;1,000000000000000;1,0000000000000000;1,0000000000000000;1,0000000000000000;1,0000000000000000;1,0000000000000000
2022-07-20;alle;66;66,0;66;66;66;66;66;66;66;66;66;66,0;315;315,0;315;315,0;315;315,0;315;315;315;315,0;315,0;315,0;NA;NA;NA;NA;NA;NA;NA;NA;NA;NA;NA
2022-07-19;0-60;17;17,0;17;17;17;17;17;17;17;17;17;17,0;82;82,0;82;82,0;82;82,0;82;82;82;82,0;82,0;82,0;1,000000000000000;1,000000000000000;1,000000000000000;1,000000000000000;1,000000000000000;1,000000000000000;1,0000000000000000;1,0000000000000000;1,0000000000000000;1,0000000000000000;1,0000000000000000
2022-07-19;60+;57;57,0;57;57;57;57;57;57;57;57;57;57,0;225;225,0;225;225,0;225;225,0;225;225;225;225,0;225,0;225,0;1,000000000000000;1,000000000000000;1,000000000000000;1,000000000000000;1,000000000000000;1,000000000000000;1,0000000000000000;1,0000000000000000;1,0000000000000000;1,0000000000000000;1,0000000000000000
2022-07-19;alle;74;74,0;74;74;74;74;74;74;74;74;74;74,0;307;307,0;307;307,0;307;307,0;307;307;307;307,0;307,0;307,0;NA;NA;NA;NA;NA;NA;NA;NA;NA;NA;NA
2022-07-18;0-60;3;3,0;3;3;3;3;3;3;3;3;3;3,0;81;81,0;81;81,0;81;81,0;81;81;81;81,0;81,0;81,0;1,000000000000000;1,000000000000000;1,000000000000000;1,000000000000000;1,000000000000000;1,000000000000000;1,0000000000000000;1,0000000000000000;1,0000000000000000;1,0000000000000000;1,0000000000000000
2022-07-18;60+;10;10,0;10;10;10;10;10;10;10;10;10;10,0;241;241,0;241;241,0;241;241,0;241;241;241;241,0;241,0;241,0;1,000000000000000;1,000000000000000;1,000000000000000;1,000000000000000;1,000000000000000;1,000000000000000;1,0000000000000000;1,0000000000000000;1,0000000000000000;1,0000000000000000;1,0000000000000000
2022-07-18;alle;13;13,0;13;13;13;13;13;13;13;13;13;13,0;322;322,0;322;322,0;322;322,0;322;322;322;322,0;322,0;322,0;NA;NA;NA;NA;NA;NA;NA;NA;NA;NA;NA
2022-07-17;0-60;1;1,0;1;1;1;1;1;1;1;1;1;1,0;80;80,0;80;80,0;80;80,0;80;80;80;80,0;80,0;80,0;1,000000000000000;1,000000000000000;1,000000000000000;1,000000000000000;1,000000000000000;1,000000000000000;1,0000000000000000;1,0000000000000000;1,0000000000000000;1,0000000000000000;1,0000000000000000
2022-07-17;60+;9;9,0;9;9;9;9;9;9;9;9;9;9,0;246;246,0;246;246,0;246;246,0;246;246;246;246,0;246,0;246,0;1,000000000000000;1,000000000000000;1,000000000000000;1,000000000000000;1,000000000000000;1,000000000000000;1,0000000000000000;1,0000000000000000;1,0000000000000000;1,0000000000000000;1,0000000000000000
2022-07-17;alle;10;10,0;10;10;10;10;10;10;10;10;10;10,0;326;326,0;326;326,0;326;326,0;326;326;326;326,0;326,0;326,0;NA;NA;NA;NA;NA;NA;NA;NA;NA;NA;NA
2022-07-16;0-60;11;11,0;11;11;11;11;11;11;11;11;11;11,0;81;81,0;81;81,0;81;81,0;81;81;81;81,0;81,0;81,0;1,000000000000000;1,000000000000000;1,000000000000000;1,000000000000000;1,000000000000000;1,000000000000000;1,0000000000000000;1,0000000000000000;1,0000000000000000;1,0000000000000000;1,0000000000000000
2022-07-16;60+;51;51,0;51;51;51;51;51;51;51;51;51;51,0;251;251,0;251;251,0;251;251,0;251;251;251;251,0;251,0;251,0;1,000000000000000;1,000000000000000;1,000000000000000;1,000000000000000;1,000000000000000;1,000000000000000;1,0000000000000000;1,0000000000000000;1,0000000000000000;1,0000000000000000;1,0000000000000000
2022-07-16;alle;62;62,0;62;62;62;62;62;62;62;62;62;62,0;332;332,0;332;332,0;332;332,0;332;332;332;332,0;332,0;332,0;NA;NA;NA;NA;NA;NA;NA;NA;NA;NA;NA
2022-07-15;0-60;8;8,0;8;8;8;8;8;8;8;8;8;8,0;76;76,0;76;76,0;76;76,0;76;76;76;76,0;76,0;76,0;1,000000000000000;1,000000000000000;1,000000000000000;1,000000000000000;1,000000000000000;1,000000000000000;1,0000000000000000;1,0000000000000000;1,0000000000000000;1,0000000000000000;1,0000000000000000
2022-07-15;60+;18;18,0;18;18;18;18;18;18;18;18;18;18,0;227;227,0;227;227,0;227;227,0;227;227;227;227,0;227,0;227,0;1,000000000000000;1,000000000000000;1,000000000000000;1,000000000000000;1,000000000000000;1,000000000000000;1,0000000000000000;1,0000000000000000;1,0000000000000000;1,0000000000000000;1,0000000000000000
2022-07-15;alle;26;26,0;26;26;26;26;26;26;26;26;26;26,0;303;303,0;303;303,0;303;303,0;303;303;303;303,0;303,0;303,0;NA;NA;NA;NA;NA;NA;NA;NA;NA;NA;NA
2022-07-14;0-60;27;27,0;27;27;27;27;27;27;27;27;27;27,0;75;75,0;75;75,0;75;75,0;75;75;75;75,0;75,0;75,0;1,000000000000000;1,000000000000000;1,000000000000000;1,000000000000000;1,000000000000000;1,000000000000000;1,0000000000000000;1,0000000000000000;1,0000000000000000;1,0000000000000000;1,0000000000000000
2022-07-14;60+;37;37,0;37;37;37;37;37;37;37;37;37;37,0;238;238,0;238;238,0;238;238,0;238;238;238;238,0;238,0;238,0;1,000000000000000;1,000000000000000;1,000000000000000;1,000000000000000;1,000000000000000;1,000000000000000;1,0000000000000000;1,0000000000000000;1,0000000000000000;1,0000000000000000;1,0000000000000000
2022-07-14;alle;64;64,0;64;64;64;64;64;64;64;64;64;64,0;313;313,0;313;313,0;313;313,0;313;313;313;313,0;313,0;313,0;NA;NA;NA;NA;NA;NA;NA;NA;NA;NA;NA
2022-07-13;0-60;15;15,0;15;15;15;15;15;15;15;15;15;15,0;56;56,0;56;56,0;56;56,0;56;56;56;56,0;56,0;56,0;1,000000000000000;1,000000000000000;1,000000000000000;1,000000000000000;1,000000000000000;1,000000000000000;1,0000000000000000;1,0000000000000000;1,0000000000000000;1,0000000000000000;1,0000000000000000
2022-07-13;60+;43;43,0;43;43;43;43;43;43;43;43;43;43,0;230;230,0;230;230,0;230;230,0;230;230;230;230,0;230,0;230,0;1,000000000000000;1,000000000000000;1,000000000000000;1,000000000000000;1,000000000000000;1,000000000000000;1,0000000000000000;1,0000000000000000;1,0000000000000000;1,0000000000000000;1,0000000000000000
2022-07-13;alle;58;58,0;58;58;58;58;58;58;58;58;58;58,0;286;286,0;286;286,0;286;286,0;286;286;286;286,0;286,0;286,0;NA;NA;NA;NA;NA;NA;NA;NA;NA;NA;NA
2022-07-12;0-60;16;16,0;16;16;16;16;16;16;16;16;16;16,0;55;55,0;55;55,0;55;55,0;55;55;55;55,0;55,0;55,0;1,000000000000000;1,000000000000000;1,000000000000000;1,000000000000000;1,000000000000000;1,000000000000000;1,0000000000000000;1,0000000000000000;1,0000000000000000;1,0000000000000000;1,0000000000000000
2022-07-12;60+;73;73,0;73;73;73;73;73;73;73;73;73;73,0;211;211,0;211;211,0;211;211,0;211;211;211;211,0;211,0;211,0;1,000000000000000;1,000000000000000;1,000000000000000;1,000000000000000;1,000000000000000;1,000000000000000;1,0000000000000000;1,0000000000000000;1,0000000000000000;1,0000000000000000;1,0000000000000000
2022-07-12;alle;89;89,0;89;89;89;89;89;89;89;89;89;89,0;266;266,0;266;266,0;266;266,0;266;266;266;266,0;266,0;266,0;NA;NA;NA;NA;NA;NA;NA;NA;NA;NA;NA
2022-07-11;0-60;2;2,0;2;2;2;2;2;2;2;2;2;2,0;54;54,0;54;54,0;54;54,0;54;54;54;54,0;54,0;54,0;1,000000000000000;1,000000000000000;1,000000000000000;1,000000000000000;1,000000000000000;1,000000000000000;1,0000000000000000;1,0000000000000000;1,0000000000000000;1,0000000000000000;1,0000000000000000
2022-07-11;60+;15;15,0;15;15;15;15;15;15;15;15;15;15,0;171;171,0;171;171,0;171;171,0;171;171;171;171,0;171,0;171,0;1,000000000000000;1,000000000000000;1,000000000000000;1,000000000000000;1,000000000000000;1,000000000000000;1,0000000000000000;1,0000000000000000;1,0000000000000000;1,0000000000000000;1,0000000000000000
2022-07-11;alle;17;17,0;17;17;17;17;17;17;17;17;17;17,0;225;225,0;225;225,0;225;225,0;225;225;225;225,0;225,0;225,0;NA;NA;NA;NA;NA;NA;NA;NA;NA;NA;NA
2022-07-10;0-60;2;2,0;2;2;2;2;2;2;2;2;2;2,0;54;54,0;54;54,0;54;54,0;54;54;54;54,0;54,0;54,0;1,000000000000000;1,000000000000000;1,000000000000000;1,000000000000000;1,000000000000000;1,000000000000000;1,0000000000000000;1,0000000000000000;1,0000000000000000;1,0000000000000000;1,0000000000000000
2022-07-10;60+;14;14,0;14;14;14;14;14;14;14;14;14;14,0;170;170,0;170;170,0;170;170,0;170;170;170;170,0;170,0;170,0;1,000000000000000;1,000000000000000;1,000000000000000;1,000000000000000;1,000000000000000;1,000000000000000;1,0000000000000000;1,0000000000000000;1,0000000000000000;1,0000000000000000;1,0000000000000000
2022-07-10;alle;16;16,0;16;16;16;16;16;16;16;16;16;16,0;224;224,0;224;224,0;224;224,0;224;224;224;224,0;224,0;224,0;NA;NA;NA;NA;NA;NA;NA;NA;NA;NA;NA
2022-07-09;0-60;6;6,0;6;6;6;6;6;6;6;6;6;6,0;54;54,0;54;54,0;54;54,0;54;54;54;54,0;54,0;54,0;1,000000000000000;1,000000000000000;1,000000000000000;1,000000000000000;1,000000000000000;1,000000000000000;1,0000000000000000;1,0000000000000000;1,0000000000000000;1,0000000000000000;1,0000000000000000
2022-07-09;60+;27;27,0;27;27;27;27;27;27;27;27;27;27,0;164;164,0;164;164,0;164;164,0;164;164;164;164,0;164,0;164,0;1,000000000000000;1,000000000000000;1,000000000000000;1,000000000000000;1,000000000000000;1,000000000000000;1,0000000000000000;1,0000000000000000;1,0000000000000000;1,0000000000000000;1,0000000000000000
2022-07-09;alle;33;33,0;33;33;33;33;33;33;33;33;33;33,0;218;218,0;218;218,0;218;218,0;218;218;218;218,0;218,0;218,0;NA;NA;NA;NA;NA;NA;NA;NA;NA;NA;NA
2022-07-08;0-60;7;7,0;7;7;7;7;7;7;7;7;7;7,0;56;56,0;56;56,0;56;56,0;56;56;56;56,0;56,0;56,0;1,000000000000000;1,000000000000000;1,000000000000000;1,000000000000000;1,000000000000000;1,000000000000000;1,0000000000000000;1,0000000000000000;1,0000000000000000;1,0000000000000000;1,0000000000000000
2022-07-08;60+;29;29,0;29;29;29;29;29;29;29;29;29;29,0;155;155,0;155;155,0;155;155,0;155;155;155;155,0;155,0;155,0;1,000000000000000;1,000000000000000;1,000000000000000;1,000000000000000;1,000000000000000;1,000000000000000;1,0000000000000000;1,0000000000000000;1,0000000000000000;1,0000000000000000;1,0000000000000000
2022-07-08;alle;36;36,0;36;36;36;36;36;36;36;36;36;36,0;211;211,0;211;211,0;211;211,0;211;211;211;211,0;211,0;211,0;NA;NA;NA;NA;NA;NA;NA;NA;NA;NA;NA
2022-07-07;0-60;8;8,0;8;8;8;8;8;8;8;8;8;8,0;53;53,0;53;53,0;53;53,0;53;53;53;53,0;53,0;53,0;1,000000000000000;1,000000000000000;1,000000000000000;1,000000000000000;1,000000000000000;1,000000000000000;1,0000000000000000;1,0000000000000000;1,0000000000000000;1,0000000000000000;1,0000000000000000
2022-07-07;60+;29;29,0;29;29;29;29;29;29;29;29;29;29,0;144;144,0;144;144,0;144;144,0;144;144;144;144,0;144,0;144,0;1,000000000000000;1,000000000000000;1,000000000000000;1,000000000000000;1,000000000000000;1,000000000000000;1,0000000000000000;1,0000000000000000;1,0000000000000000;1,0000000000000000;1,0000000000000000
2022-07-07;alle;37;37,0;37;37;37;37;37;37;37;37;37;37,0;197;197,0;197;197,0;197;197,0;197;197;197;197,0;197,0;197,0;NA;NA;NA;NA;NA;NA;NA;NA;NA;NA;NA
2022-07-06;0-60;14;14,0;14;14;14;14;14;14;14;14;14;14,0;54;54,0;54;54,0;54;54,0;54;54;54;54,0;54,0;54,0;1,000000000000000;1,000000000000000;1,000000000000000;1,000000000000000;1,000000000000000;1,000000000000000;1,0000000000000000;1,0000000000000000;1,0000000000000000;1,0000000000000000;1,0000000000000000
2022-07-06;60+;24;24,0;24;24;24;24;24;24;24;24;24;24,0;139;139,0;139;139,0;139;139,0;139;139;139;139,0;139,0;139,0;1,000000000000000;1,000000000000000;1,000000000000000;1,000000000000000;1,000000000000000;1,000000000000000;1,0000000000000000;1,0000000000000000;1,0000000000000000;1,0000000000000000;1,0000000000000000
2022-07-06;alle;38;38,0;38;38;38;38;38;38;38;38;38;38,0;193;193,0;193;193,0;193;193,0;193;193;193;193,0;193,0;193,0;NA;NA;NA;NA;NA;NA;NA;NA;NA;NA;NA
2022-07-05;0-60;15;15,0;15;15;15;15;15;15;15;15;15;15,0;54;54,0;54;54,0;54;54,0;54;54;54;54,0;54,0;54,0;1,000000000000000;1,000000000000000;1,000000000000000;1,000000000000000;1,000000000000000;1,000000000000000;1,0000000000000000;1,0000000000000000;1,0000000000000000;1,0000000000000000;1,0000000000000000
2022-07-05;60+;33;33,0;33;33;33;33;33;33;33;33;33;33,0;141;141,0;141;141,0;141;141,0;141;141;141;141,0;141,0;141,0;1,000000000000000;1,000000000000000;1,000000000000000;1,000000000000000;1,000000000000000;1,000000000000000;1,0000000000000000;1,0000000000000000;1,0000000000000000;1,0000000000000000;1,0000000000000000
2022-07-05;alle;48;48,0;48;48;48;48;48;48;48;48;48;48,0;195;195,0;195;195,0;195;195,0;195;195;195;195,0;195,0;195,0;NA;NA;NA;NA;NA;NA;NA;NA;NA;NA;NA
2022-07-04;0-60;2;2,0;2;2;2;2;2;2;2;2;2;2,0;44;44,0;44;44,0;44;44,0;44;44;44;44,0;44,0;44,0;1,000000000000000;1,000000000000000;1,000000000000000;1,000000000000000;1,000000000000000;1,000000000000000;1,0000000000000000;1,0000000000000000;1,0000000000000000;1,0000000000000000;1,0000000000000000
2022-07-04;60+;14;14,0;14;14;14;14;14;14;14;14;14;14,0;137;137,0;137;137,0;137;137,0;137;137;137;137,0;137,0;137,0;1,000000000000000;1,000000000000000;1,000000000000000;1,000000000000000;1,000000000000000;1,000000000000000;1,0000000000000000;1,0000000000000000;1,0000000000000000;1,0000000000000000;1,0000000000000000
2022-07-04;alle;16;16,0;16;16;16;16;16;16;16;16;16;16,0;181;181,0;181;181,0;181;181,0;181;181;181;181,0;181,0;181,0;NA;NA;NA;NA;NA;NA;NA;NA;NA;NA;NA
2022-07-03;0-60;2;2,0;2;2;2;2;2;2;2;2;2;2,0;45;45,0;45;45,0;45;45,0;45;45;45;45,0;45,0;45,0;1,000000000000000;1,000000000000000;1,000000000000000;1,000000000000000;1,000000000000000;1,000000000000000;1,0000000000000000;1,0000000000000000;1,0000000000000000;1,0000000000000000;1,0000000000000000
2022-07-03;60+;8;8,0;8;8;8;8;8;8;8;8;8;8,0;135;135,0;135;135,0;135;135,0;135;135;135;135,0;135,0;135,0;1,000000000000000;1,000000000000000;1,000000000000000;1,000000000000000;1,000000000000000;1,000000000000000;1,0000000000000000;1,0000000000000000;1,0000000000000000;1,0000000000000000;1,0000000000000000
2022-07-03;alle;10;10,0;10;10;10;10;10;10;10;10;10;10,0;180;180,0;180;180,0;180;180,0;180;180;180;180,0;180,0;180,0;NA;NA;NA;NA;NA;NA;NA;NA;NA;NA;NA
2022-07-02;0-60;8;8,0;8;8;8;8;8;8;8;8;8;8,0;48;48,0;48;48,0;48;48,0;48;48;48;48,0;48,0;48,0;1,000000000000000;1,000000000000000;1,000000000000000;1,000000000000000;1,000000000000000;1,000000000000000;1,0000000000000000;1,0000000000000000;1,0000000000000000;1,0000000000000000;1,0000000000000000
2022-07-02;60+;18;18,0;18;18;18;18;18;18;18;18;18;18,0;139;139,0;139;139,0;139;139,0;139;139;139;139,0;139,0;139,0;1,000000000000000;1,000000000000000;1,000000000000000;1,000000000000000;1,000000000000000;1,000000000000000;1,0000000000000000;1,0000000000000000;1,0000000000000000;1,0000000000000000;1,0000000000000000
2022-07-02;alle;26;26,0;26;26;26;26;26;26;26;26;26;26,0;187;187,0;187;187,0;187;187,0;187;187;187;187,0;187,0;187,0;NA;NA;NA;NA;NA;NA;NA;NA;NA;NA;NA
2022-07-01;0-60;4;4,0;4;4;4;4;4;4;4;4;4;4,0;47;47,0;47;47,0;47;47,0;47;47;47;47,0;47,0;47,0;1,000000000000000;1,000000000000000;1,000000000000000;1,000000000000000;1,000000000000000;1,000000000000000;1,0000000000000000;1,0000000000000000;1,0000000000000000;1,0000000000000000;1,0000000000000000
2022-07-01;60+;18;18,0;18;18;18;18;18;18;18;18;18;18,0;132;132,0;132;132,0;132;132,0;132;132;132;132,0;132,0;132,0;1,000000000000000;1,000000000000000;1,000000000000000;1,000000000000000;1,000000000000000;1,000000000000000;1,0000000000000000;1,0000000000000000;1,0000000000000000;1,0000000000000000;1,0000000000000000
2022-07-01;alle;22;22,0;22;22;22;22;22;22;22;22;22;22,0;179;179,0;179;179,0;179;179,0;179;179;179;179,0;179,0;179,0;NA;NA;NA;NA;NA;NA;NA;NA;NA;NA;NA
2022-06-30;0-60;9;9,0;9;9;9;9;9;9;9;9;9;9,0;57;57,0;57;57,0;57;57,0;57;57;57;57,0;57,0;57,0;1,000000000000000;1,000000000000000;1,000000000000000;1,000000000000000;1,000000000000000;1,000000000000000;1,0000000000000000;1,0000000000000000;1,0000000000000000;1,0000000000000000;1,0000000000000000
2022-06-30;60+;24;24,0;24;24;24;24;24;24;24;24;24;24,0;128;128,0;128;128,0;128;128,0;128;128;128;128,0;128,0;128,0;1,000000000000000;1,000000000000000;1,000000000000000;1,000000000000000;1,000000000000000;1,000000000000000;1,0000000000000000;1,0000000000000000;1,0000000000000000;1,0000000000000000;1,0000000000000000
2022-06-30;alle;33;33,0;33;33;33;33;33;33;33;33;33;33,0;185;185,0;185;185,0;185;185,0;185;185;185;185,0;185,0;185,0;NA;NA;NA;NA;NA;NA;NA;NA;NA;NA;NA
2022-06-29;0-60;14;14,0;14;14;14;14;14;14;14;14;14;14,0;54;54,0;54;54,0;54;54,0;54;54;54;54,0;54,0;54,0;1,000000000000000;1,000000000000000;1,000000000000000;1,000000000000000;1,000000000000000;1,000000000000000;1,0000000000000000;1,0000000000000000;1,0000000000000000;1,0000000000000000;1,0000000000000000
2022-06-29;60+;26;26,0;26;26;26;26;26;26;26;26;26;26,0;115;115,0;115;115,0;115;115,0;115;115;115;115,0;115,0;115,0;1,000000000000000;1,000000000000000;1,000000000000000;1,000000000000000;1,000000000000000;1,000000000000000;1,0000000000000000;1,0000000000000000;1,0000000000000000;1,0000000000000000;1,0000000000000000
2022-06-29;alle;40;40,0;40;40;40;40;40;40;40;40;40;40,0;169;169,0;169;169,0;169;169,0;169;169;169;169,0;169,0;169,0;NA;NA;NA;NA;NA;NA;NA;NA;NA;NA;NA
2022-06-28;0-60;5;5,0;5;5;5;5;5;5;5;5;5;5,0;47;47,0;47;47,0;47;47,0;47;47;47;47,0;47,0;47,0;1,000000000000000;1,000000000000000;1,000000000000000;1,000000000000000;1,000000000000000;1,000000000000000;1,0000000000000000;1,0000000000000000;1,0000000000000000;1,0000000000000000;1,0000000000000000
2022-06-28;60+;29;29,0;29;29;29;29;29;29;29;29;29;29,0;106;106,0;106;106,0;106;106,0;106;106;106;106,0;106,0;106,0;1,000000000000000;1,000000000000000;1,000000000000000;1,000000000000000;1,000000000000000;1,000000000000000;1,0000000000000000;1,0000000000000000;1,0000000000000000;1,0000000000000000;1,0000000000000000
2022-06-28;alle;34;34,0;34;34;34;34;34;34;34;34;34;34,0;153;153,0;153;153,0;153;153,0;153;153;153;153,0;153,0;153,0;NA;NA;NA;NA;NA;NA;NA;NA;NA;NA;NA
2022-06-27;0-60;3;3,0;3;3;3;3;3;3;3;3;3;3,0;55;55,0;55;55,0;55;55,0;55;55;55;55,0;55,0;55,0;1,000000000000000;1,000000000000000;1,000000000000000;1,000000000000000;1,000000000000000;1,000000000000000;1,0000000000000000;1,0000000000000000;1,0000000000000000;1,0000000000000000;1,0000000000000000
2022-06-27;60+;12;12,0;12;12;12;12;12;12;12;12;12;12,0;110;110,0;110;110,0;110;110,0;110;110;110;110,0;110,0;110,0;1,000000000000000;1,000000000000000;1,000000000000000;1,000000000000000;1,000000000000000;1,000000000000000;1,0000000000000000;1,0000000000000000;1,0000000000000000;1,0000000000000000;1,0000000000000000
2022-06-27;alle;15;15,0;15;15;15;15;15;15;15;15;15;15,0;165;165,0;165;165,0;165;165,0;165;165;165;165,0;165,0;165,0;NA;NA;NA;NA;NA;NA;NA;NA;NA;NA;NA
2022-06-26;0-60;5;5,0;5;5;5;5;5;5;5;5;5;5,0;55;55,0;55;55,0;55;55,0;55;55;55;55,0;55,0;55,0;1,000000000000000;1,000000000000000;1,000000000000000;1,000000000000000;1,000000000000000;1,000000000000000;1,0000000000000000;1,0000000000000000;1,0000000000000000;1,0000000000000000;1,0000000000000000
2022-06-26;60+;12;12,0;12;12;12;12;12;12;12;12;12;12,0;104;104,0;104;104,0;104;104,0;104;104;104;104,0;104,0;104,0;1,000000000000000;1,000000000000000;1,000000000000000;1,000000000000000;1,000000000000000;1,000000000000000;1,0000000000000000;1,0000000000000000;1,0000000000000000;1,0000000000000000;1,0000000000000000
2022-06-26;alle;17;17,0;17;17;17;17;17;17;17;17;17;17,0;159;159,0;159;159,0;159;159,0;159;159;159;159,0;159,0;159,0;NA;NA;NA;NA;NA;NA;NA;NA;NA;NA;NA
2022-06-25;0-60;7;7,0;7;7;7;7;7;7;7;7;7;7,0;54;54,0;54;54,0;54;54,0;54;54;54;54,0;54,0;54,0;1,000000000000000;1,000000000000000;1,000000000000000;1,000000000000000;1,000000000000000;1,000000000000000;1,0000000000000000;1,0000000000000000;1,0000000000000000;1,0000000000000000;1,0000000000000000
2022-06-25;60+;11;11,0;11;11;11;11;11;11;11;11;11;11,0;98;98,0;98;98,0;98;98,0;98;98;98;98,0;98,0;98,0;1,000000000000000;1,000000000000000;1,000000000000000;1,000000000000000;1,000000000000000;1,000000000000000;1,0000000000000000;1,0000000000000000;1,0000000000000000;1,0000000000000000;1,0000000000000000
2022-06-25;alle;18;18,0;18;18;18;18;18;18;18;18;18;18,0;152;152,0;152;152,0;152;152,0;152;152;152;152,0;152,0;152,0;NA;NA;NA;NA;NA;NA;NA;NA;NA;NA;NA
2022-06-24;0-60;14;14,0;14;14;14;14;14;14;14;14;14;14,0;53;53,0;53;53,0;53;53,0;53;53;53;53,0;53,0;53,0;1,000000000000000;1,000000000000000;1,000000000000000;1,000000000000000;1,000000000000000;1,000000000000000;1,0000000000000000;1,0000000000000000;1,0000000000000000;1,0000000000000000;1,0000000000000000
2022-06-24;60+;14;14,0;14;14;14;14;14;14;14;14;14;14,0;103;103,0;103;103,0;103;103,0;103;103;103;103,0;103,0;103,0;1,000000000000000;1,000000000000000;1,000000000000000;1,000000000000000;1,000000000000000;1,000000000000000;1,0000000000000000;1,0000000000000000;1,0000000000000000;1,0000000000000000;1,0000000000000000
2022-06-24;alle;28;28,0;28;28;28;28;28;28;28;28;28;28,0;156;156,0;156;156,0;156;156,0;156;156;156;156,0;156,0;156,0;NA;NA;NA;NA;NA;NA;NA;NA;NA;NA;NA
2022-06-23;0-60;6;6,0;6;6;6;6;6;6;6;6;6;6,0;49;49,0;49;49,0;49;49,0;49;49;49;49,0;49,0;49,0;1,000000000000000;1,000000000000000;1,000000000000000;1,000000000000000;1,000000000000000;1,000000000000000;1,0000000000000000;1,0000000000000000;1,0000000000000000;1,0000000000000000;1,0000000000000000
2022-06-23;60+;11;11,0;11;11;11;11;11;11;11;11;11;11,0;106;106,0;106;106,0;106;106,0;106;106;106;106,0;106,0;106,0;1,000000000000000;1,000000000000000;1,000000000000000;1,000000000000000;1,000000000000000;1,000000000000000;1,0000000000000000;1,0000000000000000;1,0000000000000000;1,0000000000000000;1,0000000000000000
2022-06-23;alle;17;17,0;17;17;17;17;17;17;17;17;17;17,0;155;155,0;155;155,0;155;155,0;155;155;155;155,0;155,0;155,0;NA;NA;NA;NA;NA;NA;NA;NA;NA;NA;NA
2022-06-22;0-60;7;7,0;7;7;7;7;7;7;7;7;7;7,0;48;48,0;48;48,0;48;48,0;48;48;48;48,0;48,0;48,0;1,000000000000000;1,000000000000000;1,000000000000000;1,000000000000000;1,000000000000000;1,000000000000000;1,0000000000000000;1,0000000000000000;1,0000000000000000;1,0000000000000000;1,0000000000000000
2022-06-22;60+;17;17,0;17;17;17;17;17;17;17;17;17;17,0;103;103,0;103;103,0;103;103,0;103;103;103;103,0;103,0;103,0;1,000000000000000;1,000000000000000;1,000000000000000;1,000000000000000;1,000000000000000;1,000000000000000;1,0000000000000000;1,0000000000000000;1,0000000000000000;1,0000000000000000;1,0000000000000000
2022-06-22;alle;24;24,0;24;24;24;24;24;24;24;24;24;24,0;151;151,0;151;151,0;151;151,0;151;151;151;151,0;151,0;151,0;NA;NA;NA;NA;NA;NA;NA;NA;NA;NA;NA
2022-06-21;0-60;13;13,0;13;13;13;13;13;13;13;13;13;13,0;52;52,0;52;52,0;52;52,0;52;52;52;52,0;52,0;52,0;1,000000000000000;1,000000000000000;1,000000000000000;1,000000000000000;1,000000000000000;1,000000000000000;1,0000000000000000;1,0000000000000000;1,0000000000000000;1,0000000000000000;1,0000000000000000
2022-06-21;60+;33;33,0;33;33;33;33;33;33;33;33;33;33,0;104;104,0;104;104,0;104;104,0;104;104;104;104,0;104,0;104,0;1,000000000000000;1,000000000000000;1,000000000000000;1,000000000000000;1,000000000000000;1,000000000000000;1,0000000000000000;1,0000000000000000;1,0000000000000000;1,0000000000000000;1,0000000000000000
2022-06-21;alle;46;46,0;46;46;46;46;46;46;46;46;46;46,0;156;156,0;156;156,0;156;156,0;156;156;156;156,0;156,0;156,0;NA;NA;NA;NA;NA;NA;NA;NA;NA;NA;NA
2022-06-20;0-60;3;3,0;3;3;3;3;3;3;3;3;3;3,0;48;48,0;48;48,0;48;48,0;48;48;48;48,0;48,0;48,0;1,000000000000000;1,000000000000000;1,000000000000000;1,000000000000000;1,000000000000000;1,000000000000000;1,0000000000000000;1,0000000000000000;1,0000000000000000;1,0000000000000000;1,0000000000000000
2022-06-20;60+;6;6,0;6;6;6;6;6;6;6;6;6;6,0;88;88,0;88;88,0;88;88,0;88;88;88;88,0;88,0;88,0;1,000000000000000;1,000000000000000;1,000000000000000;1,000000000000000;1,000000000000000;1,000000000000000;1,0000000000000000;1,0000000000000000;1,0000000000000000;1,0000000000000000;1,0000000000000000
2022-06-20;alle;9;9,0;9;9;9;9;9;9;9;9;9;9,0;136;136,0;136;136,0;136;136,0;136;136;136;136,0;136,0;136,0;NA;NA;NA;NA;NA;NA;NA;NA;NA;NA;NA
2022-06-19;0-60;4;4,0;4;4;4;4;4;4;4;4;4;4,0;46;46,0;46;46,0;46;46,0;46;46;46;46,0;46,0;46,0;1,000000000000000;1,000000000000000;1,000000000000000;1,000000000000000;1,000000000000000;1,000000000000000;1,0000000000000000;1,0000000000000000;1,0000000000000000;1,0000000000000000;1,0000000000000000
2022-06-19;60+;6;6,0;6;6;6;6;6;6;6;6;6;6,0;86;86,0;86;86,0;86;86,0;86;86;86;86,0;86,0;86,0;1,000000000000000;1,000000000000000;1,000000000000000;1,000000000000000;1,000000000000000;1,000000000000000;1,0000000000000000;1,0000000000000000;1,0000000000000000;1,0000000000000000;1,0000000000000000
2022-06-19;alle;10;10,0;10;10;10;10;10;10;10;10;10;10,0;132;132,0;132;132,0;132;132,0;132;132;132;132,0;132,0;132,0;NA;NA;NA;NA;NA;NA;NA;NA;NA;NA;NA
2022-06-18;0-60;6;6,0;6;6;6;6;6;6;6;6;6;6,0;42;42,0;42;42,0;42;42,0;42;42;42;42,0;42,0;42,0;1,000000000000000;1,000000000000000;1,000000000000000;1,000000000000000;1,000000000000000;1,000000000000000;1,0000000000000000;1,0000000000000000;1,0000000000000000;1,0000000000000000;1,0000000000000000
2022-06-18;60+;16;16,0;16;16;16;16;16;16;16;16;16;16,0;82;82,0;82;82,0;82;82,0;82;82;82;82,0;82,0;82,0;1,000000000000000;1,000000000000000;1,000000000000000;1,000000000000000;1,000000000000000;1,000000000000000;1,0000000000000000;1,0000000000000000;1,0000000000000000;1,0000000000000000;1,0000000000000000
2022-06-18;alle;22;22,0;22;22;22;22;22;22;22;22;22;22,0;124;124,0;124;124,0;124;124,0;124;124;124;124,0;124,0;124,0;NA;NA;NA;NA;NA;NA;NA;NA;NA;NA;NA
2022-06-17;0-60;10;10,0;10;10;10;10;10;10;10;10;10;10,0;41;41,0;41;41,0;41;41,0;41;41;41;41,0;41,0;41,0;1,000000000000000;1,000000000000000;1,000000000000000;1,000000000000000;1,000000000000000;1,000000000000000;1,0000000000000000;1,0000000000000000;1,0000000000000000;1,0000000000000000;1,0000000000000000
2022-06-17;60+;17;17,0;17;17;17;17;17;17;17;17;17;17,0;74;74,0;74;74,0;74;74,0;74;74;74;74,0;74,0;74,0;1,000000000000000;1,000000000000000;1,000000000000000;1,000000000000000;1,000000000000000;1,000000000000000;1,0000000000000000;1,0000000000000000;1,0000000000000000;1,0000000000000000;1,0000000000000000
2022-06-17;alle;27;27,0;27;27;27;27;27;27;27;27;27;27,0;115;115,0;115;115,0;115;115,0;115;115;115;115,0;115,0;115,0;NA;NA;NA;NA;NA;NA;NA;NA;NA;NA;NA
2022-06-16;0-60;5;5,0;5;5;5;5;5;5;5;5;5;5,0;35;35,0;35;35,0;35;35,0;35;35;35;35,0;35,0;35,0;1,000000000000000;1,000000000000000;1,000000000000000;1,000000000000000;1,000000000000000;1,000000000000000;1,0000000000000000;1,0000000000000000;1,0000000000000000;1,0000000000000000;1,0000000000000000
2022-06-16;60+;8;8,0;8;8;8;8;8;8;8;8;8;8,0;70;70,0;70;70,0;70;70,0;70;70;70;70,0;70,0;70,0;1,000000000000000;1,000000000000000;1,000000000000000;1,000000000000000;1,000000000000000;1,000000000000000;1,0000000000000000;1,0000000000000000;1,0000000000000000;1,0000000000000000;1,0000000000000000
2022-06-16;alle;13;13,0;13;13;13;13;13;13;13;13;13;13,0;105;105,0;105;105,0;105;105,0;105;105;105;105,0;105,0;105,0;NA;NA;NA;NA;NA;NA;NA;NA;NA;NA;NA
2022-06-15;0-60;11;11,0;11;11;11;11;11;11;11;11;11;11,0;39;39,0;39;39,0;39;39,0;39;39;39;39,0;39,0;39,0;1,000000000000000;1,000000000000000;1,000000000000000;1,000000000000000;1,000000000000000;1,000000000000000;1,0000000000000000;1,0000000000000000;1,0000000000000000;1,0000000000000000;1,0000000000000000
2022-06-15;60+;18;18,0;18;18;18;18;18;18;18;18;18;18,0;75;75,0;75;75,0;75;75,0;75;75;75;75,0;75,0;75,0;1,000000000000000;1,000000000000000;1,000000000000000;1,000000000000000;1,000000000000000;1,000000000000000;1,0000000000000000;1,0000000000000000;1,0000000000000000;1,0000000000000000;1,0000000000000000
2022-06-15;alle;29;29,0;29;29;29;29;29;29;29;29;29;29,0;114;114,0;114;114,0;114;114,0;114;114;114;114,0;114,0;114,0;NA;NA;NA;NA;NA;NA;NA;NA;NA;NA;NA
2022-06-14;0-60;9;9,0;9;9;9;9;9;9;9;9;9;9,0;40;40,0;40;40,0;40;40,0;40;40;40;40,0;40,0;40,0;1,000000000000000;1,000000000000000;1,000000000000000;1,000000000000000;1,000000000000000;1,000000000000000;1,0000000000000000;1,0000000000000000;1,0000000000000000;1,0000000000000000;1,0000000000000000
2022-06-14;60+;17;17,0;17;17;17;17;17;17;17;17;17;17,0;72;72,0;72;72,0;72;72,0;72;72;72;72,0;72,0;72,0;1,000000000000000;1,000000000000000;1,000000000000000;1,000000000000000;1,000000000000000;1,000000000000000;1,0000000000000000;1,0000000000000000;1,0000000000000000;1,0000000000000000;1,0000000000000000
2022-06-14;alle;26;26,0;26;26;26;26;26;26;26;26;26;26,0;112;112,0;112;112,0;112;112,0;112;112;112;112,0;112,0;112,0;NA;NA;NA;NA;NA;NA;NA;NA;NA;NA;NA
2022-06-13;0-60;1;1,0;1;1;1;1;1;1;1;1;1;1,0;33;33,0;33;33,0;33;33,0;33;33;33;33,0;33,0;33,0;1,000000000000000;1,000000000000000;1,000000000000000;1,000000000000000;1,000000000000000;1,000000000000000;1,0000000000000000;1,0000000000000000;1,0000000000000000;1,0000000000000000;1,0000000000000000
2022-06-13;60+;4;4,0;4;4;4;4;4;4;4;4;4;4,0;64;64,0;64;64,0;64;64,0;64;64;64;64,0;64,0;64,0;1,000000000000000;1,000000000000000;1,000000000000000;1,000000000000000;1,000000000000000;1,000000000000000;1,0000000000000000;1,0000000000000000;1,0000000000000000;1,0000000000000000;1,0000000000000000
2022-06-13;alle;5;5,0;5;5;5;5;5;5;5;5;5;5,0;97;97,0;97;97,0;97;97,0;97;97;97;97,0;97,0;97,0;NA;NA;NA;NA;NA;NA;NA;NA;NA;NA;NA
2022-06-12;0-60;0;0,0;0;0;0;0;0;0;0;0;0;0,0;33;33,0;33;33,0;33;33,0;33;33;33;33,0;33,0;33,0;1,000000000000000;1,000000000000000;1,000000000000000;1,000000000000000;1,000000000000000;1,000000000000000;1,0000000000000000;1,0000000000000000;1,0000000000000000;1,0000000000000000;1,0000000000000000
2022-06-12;60+;2;2,0;2;2;2;2;2;2;2;2;2;2,0;66;66,0;66;66,0;66;66,0;66;66;66;66,0;66,0;66,0;1,000000000000000;1,000000000000000;1,000000000000000;1,000000000000000;1,000000000000000;1,000000000000000;1,0000000000000000;1,0000000000000000;1,0000000000000000;1,0000000000000000;1,0000000000000000
2022-06-12;alle;2;2,0;2;2;2;2;2;2;2;2;2;2,0;99;99,0;99;99,0;99;99,0;99;99;99;99,0;99,0;99,0;NA;NA;NA;NA;NA;NA;NA;NA;NA;NA;NA
2022-06-11;0-60;5;5,0;5;5;5;5;5;5;5;5;5;5,0;34;34,0;34;34,0;34;34,0;34;34;34;34,0;34,0;34,0;1,000000000000000;1,000000000000000;1,000000000000000;1,000000000000000;1,000000000000000;1,000000000000000;1,0000000000000000;1,0000000000000000;1,0000000000000000;1,0000000000000000;1,0000000000000000
2022-06-11;60+;8;8,0;8;8;8;8;8;8;8;8;8;8,0;72;72,0;72;72,0;72;72,0;72;72;72;72,0;72,0;72,0;1,000000000000000;1,000000000000000;1,000000000000000;1,000000000000000;1,000000000000000;1,000000000000000;1,0000000000000000;1,0000000000000000;1,0000000000000000;1,0000000000000000;1,0000000000000000
2022-06-11;alle;13;13,0;13;13;13;13;13;13;13;13;13;13,0;106;106,0;106;106,0;106;106,0;106;106;106;106,0;106,0;106,0;NA;NA;NA;NA;NA;NA;NA;NA;NA;NA;NA
2022-06-10;0-60;4;4,0;4;4;4;4;4;4;4;4;4;4,0;33;33,0;33;33,0;33;33,0;33;33;33;33,0;33,0;33,0;1,000000000000000;1,000000000000000;1,000000000000000;1,000000000000000;1,000000000000000;1,000000000000000;1,0000000000000000;1,0000000000000000;1,0000000000000000;1,0000000000000000;1,0000000000000000
2022-06-10;60+;13;13,0;13;13;13;13;13;13;13;13;13;13,0;74;74,0;74;74,0;74;74,0;74;74;74;74,0;74,0;74,0;1,000000000000000;1,000000000000000;1,000000000000000;1,000000000000000;1,000000000000000;1,000000000000000;1,0000000000000000;1,0000000000000000;1,0000000000000000;1,0000000000000000;1,0000000000000000
2022-06-10;alle;17;17,0;17;17;17;17;17;17;17;17;17;17,0;107;107,0;107;107,0;107;107,0;107;107;107;107,0;107,0;107,0;NA;NA;NA;NA;NA;NA;NA;NA;NA;NA;NA
2022-06-09;0-60;9;9,0;9;9;9;9;9;9;9;9;9;9,0;36;36,0;36;36,0;36;36,0;36;36;36;36,0;36,0;36,0;1,000000000000000;1,000000000000000;1,000000000000000;1,000000000000000;1,000000000000000;1,000000000000000;1,0000000000000000;1,0000000000000000;1,0000000000000000;1,0000000000000000;1,0000000000000000
2022-06-09;60+;13;13,0;13;13;13;13;13;13;13;13;13;13,0;74;74,0;74;74,0;74;74,0;74;74;74;74,0;74,0;74,0;1,000000000000000;1,000000000000000;1,000000000000000;1,000000000000000;1,000000000000000;1,000000000000000;1,0000000000000000;1,0000000000000000;1,0000000000000000;1,0000000000000000;1,0000000000000000
2022-06-09;alle;22;22,0;22;22;22;22;22;22;22;22;22;22,0;110;110,0;110;110,0;110;110,0;110;110;110;110,0;110,0;110,0;NA;NA;NA;NA;NA;NA;NA;NA;NA;NA;NA
2022-06-08;0-60;12;12,0;12;12;12;12;12;12;12;12;12;12,0;31;31,0;31;31,0;31;31,0;31;31;31;31,0;31,0;31,0;1,000000000000000;1,000000000000000;1,000000000000000;1,000000000000000;1,000000000000000;1,000000000000000;1,0000000000000000;1,0000000000000000;1,0000000000000000;1,0000000000000000;1,0000000000000000
2022-06-08;60+;15;15,0;15;15;15;15;15;15;15;15;15;15,0;71;71,0;71;71,0;71;71,0;71;71;71;71,0;71,0;71,0;1,000000000000000;1,000000000000000;1,000000000000000;1,000000000000000;1,000000000000000;1,000000000000000;1,0000000000000000;1,0000000000000000;1,0000000000000000;1,0000000000000000;1,0000000000000000
2022-06-08;alle;27;27,0;27;27;27;27;27;27;27;27;27;27,0;102;102,0;102;102,0;102;102,0;102;102;102;102,0;102,0;102,0;NA;NA;NA;NA;NA;NA;NA;NA;NA;NA;NA
2022-06-07;0-60;2;2,0;2;2;2;2;2;2;2;2;2;2,0;22;22,0;22;22,0;22;22,0;22;22;22;22,0;22,0;22,0;1,000000000000000;1,000000000000000;1,000000000000000;1,000000000000000;1,000000000000000;1,000000000000000;1,0000000000000000;1,0000000000000000;1,0000000000000000;1,0000000000000000;1,0000000000000000
2022-06-07;60+;9;9,0;9;9;9;9;9;9;9;9;9;9,0;71;71,0;71;71,0;71;71,0;71;71;71;71,0;71,0;71,0;1,000000000000000;1,000000000000000;1,000000000000000;1,000000000000000;1,000000000000000;1,000000000000000;1,0000000000000000;1,0000000000000000;1,0000000000000000;1,0000000000000000;1,0000000000000000
2022-06-07;alle;11;11,0;11;11;11;11;11;11;11;11;11;11,0;93;93,0;93;93,0;93;93,0;93;93;93;93,0;93,0;93,0;NA;NA;NA;NA;NA;NA;NA;NA;NA;NA;NA
2022-06-06;0-60;1;1,0;1;1;1;1;1;1;1;1;1;1,0;24;24,0;24;24,0;24;24,0;24;24;24;24,0;24,0;24,0;1,000000000000000;1,000000000000000;1,000000000000000;1,000000000000000;1,000000000000000;1,000000000000000;1,0000000000000000;1,0000000000000000;1,0000000000000000;1,0000000000000000;1,0000000000000000
2022-06-06;60+;6;6,0;6;6;6;6;6;6;6;6;6;6,0;83;83,0;83;83,0;83;83,0;83;83;83;83,0;83,0;83,0;1,000000000000000;1,000000000000000;1,000000000000000;1,000000000000000;1,000000000000000;1,000000000000000;1,0000000000000000;1,0000000000000000;1,0000000000000000;1,0000000000000000;1,0000000000000000
2022-06-06;alle;7;7,0;7;7;7;7;7;7;7;7;7;7,0;107;107,0;107;107,0;107;107,0;107;107;107;107,0;107,0;107,0;NA;NA;NA;NA;NA;NA;NA;NA;NA;NA;NA
2022-06-05;0-60;1;1,0;1;1;1;1;1;1;1;1;1;1,0;24;24,0;24;24,0;24;24,0;24;24;24;24,0;24,0;24,0;1,000000000000000;1,000000000000000;1,000000000000000;1,000000000000000;1,000000000000000;1,000000000000000;1,0000000000000000;1,0000000000000000;1,0000000000000000;1,0000000000000000;1,0000000000000000
2022-06-05;60+;8;8,0;8;8;8;8;8;8;8;8;8;8,0;80;80,0;80;80,0;80;80,0;80;80;80;80,0;80,0;80,0;1,000000000000000;1,000000000000000;1,000000000000000;1,000000000000000;1,000000000000000;1,000000000000000;1,0000000000000000;1,0000000000000000;1,0000000000000000;1,0000000000000000;1,0000000000000000
2022-06-05;alle;9;9,0;9;9;9;9;9;9;9;9;9;9,0;104;104,0;104;104,0;104;104,0;104;104;104;104,0;104,0;104,0;NA;NA;NA;NA;NA;NA;NA;NA;NA;NA;NA
2022-06-04;0-60;4;4,0;4;4;4;4;4;4;4;4;4;4,0;26;26,0;26;26,0;26;26,0;26;26;26;26,0;26,0;26,0;1,000000000000000;1,000000000000000;1,000000000000000;1,000000000000000;1,000000000000000;1,000000000000000;1,0000000000000000;1,0000000000000000;1,0000000000000000;1,0000000000000000;1,0000000000000000
2022-06-04;60+;10;10,0;10;10;10;10;10;10;10;10;10;10,0;73;73,0;73;73,0;73;73,0;73;73;73;73,0;73,0;73,0;1,000000000000000;1,000000000000000;1,000000000000000;1,000000000000000;1,000000000000000;1,000000000000000;1,0000000000000000;1,0000000000000000;1,0000000000000000;1,0000000000000000;1,0000000000000000
2022-06-04;alle;14;14,0;14;14;14;14;14;14;14;14;14;14,0;99;99,0;99;99,0;99;99,0;99;99;99;99,0;99,0;99,0;NA;NA;NA;NA;NA;NA;NA;NA;NA;NA;NA
2022-06-03;0-60;7;7,0;7;7;7;7;7;7;7;7;7;7,0;32;32,0;32;32,0;32;32,0;32;32;32;32,0;32,0;32,0;1,000000000000000;1,000000000000000;1,000000000000000;1,000000000000000;1,000000000000000;1,000000000000000;1,0000000000000000;1,0000000000000000;1,0000000000000000;1,0000000000000000;1,0000000000000000
2022-06-03;60+;13;13,0;13;13;13;13;13;13;13;13;13;13,0;71;71,0;71;71,0;71;71,0;71;71;71;71,0;71,0;71,0;1,000000000000000;1,000000000000000;1,000000000000000;1,000000000000000;1,000000000000000;1,000000000000000;1,0000000000000000;1,0000000000000000;1,0000000000000000;1,0000000000000000;1,0000000000000000
2022-06-03;alle;20;20,0;20;20;20;20;20;20;20;20;20;20,0;103;103,0;103;103,0;103;103,0;103;103;103;103,0;103,0;103,0;NA;NA;NA;NA;NA;NA;NA;NA;NA;NA;NA
2022-06-02;0-60;4;4,0;4;4;4;4;4;4;4;4;4;4,0;26;26,0;26;26,0;26;26,0;26;26;26;26,0;26,0;26,0;1,000000000000000;1,000000000000000;1,000000000000000;1,000000000000000;1,000000000000000;1,000000000000000;1,0000000000000000;1,0000000000000000;1,0000000000000000;1,0000000000000000;1,0000000000000000
2022-06-02;60+;10;10,0;10;10;10;10;10;10;10;10;10;10,0;59;59,0;59;59,0;59;59,0;59;59;59;59,0;59,0;59,0;1,000000000000000;1,000000000000000;1,000000000000000;1,000000000000000;1,000000000000000;1,000000000000000;1,0000000000000000;1,0000000000000000;1,0000000000000000;1,0000000000000000;1,0000000000000000
2022-06-02;alle;14;14,0;14;14;14;14;14;14;14;14;14;14,0;85;85,0;85;85,0;85;85,0;85;85;85;85,0;85,0;85,0;NA;NA;NA;NA;NA;NA;NA;NA;NA;NA;NA
2022-06-01;0-60;3;3,0;3;3;3;3;3;3;3;3;3;3,0;26;26,0;26;26,0;26;26,0;26;26;26;26,0;26,0;26,0;1,000000000000000;1,000000000000000;1,000000000000000;1,000000000000000;1,000000000000000;1,000000000000000;1,0000000000000000;1,0000000000000000;1,0000000000000000;1,0000000000000000;1,0000000000000000
2022-06-01;60+;15;15,0;15;15;15;15;15;15;15;15;15;15,0;58;58,0;58;58,0;58;58,0;58;58;58;58,0;58,0;58,0;1,000000000000000;1,000000000000000;1,000000000000000;1,000000000000000;1,000000000000000;1,000000000000000;1,0000000000000000;1,0000000000000000;1,0000000000000000;1,0000000000000000;1,0000000000000000
2022-06-01;alle;18;18,0;18;18;18;18;18;18;18;18;18;18,0;84;84,0;84;84,0;84;84,0;84;84;84;84,0;84,0;84,0;NA;NA;NA;NA;NA;NA;NA;NA;NA;NA;NA
2022-05-31;0-60;4;4,0;4;4;4;4;4;4;4;4;4;4,0;26;26,0;26;26,0;26;26,0;26;26;26;26,0;26,0;26,0;1,000000000000000;1,000000000000000;1,000000000000000;1,000000000000000;1,000000000000000;1,000000000000000;1,0000000000000000;1,0000000000000000;1,0000000000000000;1,0000000000000000;1,0000000000000000
2022-05-31;60+;21;21,0;21;21;21;21;21;21;21;21;21;21,0;57;57,0;57;57,0;57;57,0;57;57;57;57,0;57,0;57,0;1,000000000000000;1,000000000000000;1,000000000000000;1,000000000000000;1,000000000000000;1,000000000000000;1,0000000000000000;1,0000000000000000;1,0000000000000000;1,0000000000000000;1,0000000000000000
2022-05-31;alle;25;25,0;25;25;25;25;25;25;25;25;25;25,0;83;83,0;83;83,0;83;83,0;83;83;83;83,0;83,0;83,0;NA;NA;NA;NA;NA;NA;NA;NA;NA;NA;NA
2022-05-30;0-60;1;1,0;1;1;1;1;1;1;1;1;1;1,0;27;27,0;27;27,0;27;27,0;27;27;27;27,0;27,0;27,0;1,000000000000000;1,000000000000000;1,000000000000000;1,000000000000000;1,000000000000000;1,000000000000000;1,0000000000000000;1,0000000000000000;1,0000000000000000;1,0000000000000000;1,0000000000000000
2022-05-30;60+;3;3,0;3;3;3;3;3;3;3;3;3;3,0;47;47,0;47;47,0;47;47,0;47;47;47;47,0;47,0;47,0;1,000000000000000;1,000000000000000;1,000000000000000;1,000000000000000;1,000000000000000;1,000000000000000;1,0000000000000000;1,0000000000000000;1,0000000000000000;1,0000000000000000;1,0000000000000000
2022-05-30;alle;4;4,0;4;4;4;4;4;4;4;4;4;4,0;74;74,0;74;74,0;74;74,0;74;74;74;74,0;74,0;74,0;NA;NA;NA;NA;NA;NA;NA;NA;NA;NA;NA
2022-05-29;0-60;3;3,0;3;3;3;3;3;3;3;3;3;3,0;28;28,0;28;28,0;28;28,0;28;28;28;28,0;28,0;28,0;1,000000000000000;1,000000000000000;1,000000000000000;1,000000000000000;1,000000000000000;1,000000000000000;1,0000000000000000;1,0000000000000000;1,0000000000000000;1,0000000000000000;1,0000000000000000
2022-05-29;60+;1;1,0;1;1;1;1;1;1;1;1;1;1,0;49;49,0;49;49,0;49;49,0;49;49;49;49,0;49,0;49,0;1,000000000000000;1,000000000000000;1,000000000000000;1,000000000000000;1,000000000000000;1,000000000000000;1,0000000000000000;1,0000000000000000;1,0000000000000000;1,0000000000000000;1,0000000000000000
2022-05-29;alle;4;4,0;4;4;4;4;4;4;4;4;4;4,0;77;77,0;77;77,0;77;77,0;77;77;77;77,0;77,0;77,0;NA;NA;NA;NA;NA;NA;NA;NA;NA;NA;NA
2022-05-28;0-60;10;10,0;10;10;10;10;10;10;10;10;10;10,0;25;25,0;25;25,0;25;25,0;25;25;25;25,0;25,0;25,0;1,000000000000000;1,000000000000000;1,000000000000000;1,000000000000000;1,000000000000000;1,000000000000000;1,0000000000000000;1,0000000000000000;1,0000000000000000;1,0000000000000000;1,0000000000000000
2022-05-28;60+;8;8,0;8;8;8;8;8;8;8;8;8;8,0;53;53,0;53;53,0;53;53,0;53;53;53;53,0;53,0;53,0;1,000000000000000;1,000000000000000;1,000000000000000;1,000000000000000;1,000000000000000;1,000000000000000;1,0000000000000000;1,0000000000000000;1,0000000000000000;1,0000000000000000;1,0000000000000000
2022-05-28;alle;18;18,0;18;18;18;18;18;18;18;18;18;18,0;78;78,0;78;78,0;78;78,0;78;78;78;78,0;78,0;78,0;NA;NA;NA;NA;NA;NA;NA;NA;NA;NA;NA
2022-05-27;0-60;1;1,0;1;1;1;1;1;1;1;1;1;1,0;20;20,0;20;20,0;20;20,0;20;20;20;20,0;20,0;20,0;1,000000000000000;1,000000000000000;1,000000000000000;1,000000000000000;1,000000000000000;1,000000000000000;1,0000000000000000;1,0000000000000000;1,0000000000000000;1,0000000000000000;1,0000000000000000
2022-05-27;60+;1;1,0;1;1;1;1;1;1;1;1;1;1,0;56;56,0;56;56,0;56;56,0;56;56;56;56,0;56,0;56,0;1,000000000000000;1,000000000000000;1,000000000000000;1,000000000000000;1,000000000000000;1,000000000000000;1,0000000000000000;1,0000000000000000;1,0000000000000000;1,0000000000000000;1,0000000000000000
2022-05-27;alle;2;2,0;2;2;2;2;2;2;2;2;2;2,0;76;76,0;76;76,0;76;76,0;76;76;76;76,0;76,0;76,0;NA;NA;NA;NA;NA;NA;NA;NA;NA;NA;NA
2022-05-26;0-60;4;4,0;4;4;4;4;4;4;4;4;4;4,0;22;22,0;22;22,0;22;22,0;22;22;22;22,0;22,0;22,0;1,000000000000000;1,000000000000000;1,000000000000000;1,000000000000000;1,000000000000000;1,000000000000000;1,0000000000000000;1,0000000000000000;1,0000000000000000;1,0000000000000000;1,0000000000000000
2022-05-26;60+;9;9,0;9;9;9;9;9;9;9;9;9;9,0;64;64,0;64;64,0;64;64,0;64;64;64;64,0;64,0;64,0;1,000000000000000;1,000000000000000;1,000000000000000;1,000000000000000;1,000000000000000;1,000000000000000;1,0000000000000000;1,0000000000000000;1,0000000000000000;1,0000000000000000;1,0000000000000000
2022-05-26;alle;13;13,0;13;13;13;13;13;13;13;13;13;13,0;86;86,0;86;86,0;86;86,0;86;86;86;86,0;86,0;86,0;NA;NA;NA;NA;NA;NA;NA;NA;NA;NA;NA
2022-05-25;0-60;3;3,0;3;3;3;3;3;3;3;3;3;3,0;21;21,0;21;21,0;21;21,0;21;21;21;21,0;21,0;21,0;1,000000000000000;1,000000000000000;1,000000000000000;1,000000000000000;1,000000000000000;1,000000000000000;1,0000000000000000;1,0000000000000000;1,0000000000000000;1,0000000000000000;1,0000000000000000
2022-05-25;60+;14;14,0;14;14;14;14;14;14;14;14;14;14,0;64;64,0;64;64,0;64;64,0;64;64;64;64,0;64,0;64,0;1,000000000000000;1,000000000000000;1,000000000000000;1,000000000000000;1,000000000000000;1,000000000000000;1,0000000000000000;1,0000000000000000;1,0000000000000000;1,0000000000000000;1,0000000000000000
2022-05-25;alle;17;17,0;17;17;17;17;17;17;17;17;17;17,0;85;85,0;85;85,0;85;85,0;85;85;85;85,0;85,0;85,0;NA;NA;NA;NA;NA;NA;NA;NA;NA;NA;NA
2022-05-24;0-60;5;5,0;5;5;5;5;5;5;5;5;5;5,0;23;23,0;23;23,0;23;23,0;23;23;23;23,0;23,0;23,0;1,000000000000000;1,000000000000000;1,000000000000000;1,000000000000000;1,000000000000000;1,000000000000000;1,0000000000000000;1,0000000000000000;1,0000000000000000;1,0000000000000000;1,0000000000000000
2022-05-24;60+;11;11,0;11;11;11;11;11;11;11;11;11;11,0;72;72,0;72;72,0;72;72,0;72;72;72;72,0;72,0;72,0;1,000000000000000;1,000000000000000;1,000000000000000;1,000000000000000;1,000000000000000;1,000000000000000;1,0000000000000000;1,0000000000000000;1,0000000000000000;1,0000000000000000;1,0000000000000000
2022-05-24;alle;16;16,0;16;16;16;16;16;16;16;16;16;16,0;95;95,0;95;95,0;95;95,0;95;95;95;95,0;95,0;95,0;NA;NA;NA;NA;NA;NA;NA;NA;NA;NA;NA
2022-05-23;0-60;2;2,0;2;2;2;2;2;2;2;2;2;2,0;23;23,0;23;23,0;23;23,0;23;23;23;23,0;23,0;23,0;1,000000000000000;1,000000000000000;1,000000000000000;1,000000000000000;1,000000000000000;1,000000000000000;1,0000000000000000;1,0000000000000000;1,0000000000000000;1,0000000000000000;1,0000000000000000
2022-05-23;60+;5;5,0;5;5;5;5;5;5;5;5;5;5,0;91;91,0;91;91,0;91;91,0;91;91;91;91,0;91,0;91,0;1,000000000000000;1,000000000000000;1,000000000000000;1,000000000000000;1,000000000000000;1,000000000000000;1,0000000000000000;1,0000000000000000;1,0000000000000000;1,0000000000000000;1,0000000000000000
2022-05-23;alle;7;7,0;7;7;7;7;7;7;7;7;7;7,0;114;114,0;114;114,0;114;114,0;114;114;114;114,0;114,0;114,0;NA;NA;NA;NA;NA;NA;NA;NA;NA;NA;NA
2022-05-22;0-60;0;0,0;0;0;0;0;0;0;0;0;0;0,0;21;21,0;21;21,0;21;21,0;21;21;21;21,0;21,0;21,0;1,000000000000000;1,000000000000000;1,000000000000000;1,000000000000000;1,000000000000000;1,000000000000000;1,0000000000000000;1,0000000000000000;1,0000000000000000;1,0000000000000000;1,0000000000000000
2022-05-22;60+;5;5,0;5;5;5;5;5;5;5;5;5;5,0;93;93,0;93;93,0;93;93,0;93;93;93;93,0;93,0;93,0;1,000000000000000;1,000000000000000;1,000000000000000;1,000000000000000;1,000000000000000;1,000000000000000;1,0000000000000000;1,0000000000000000;1,0000000000000000;1,0000000000000000;1,0000000000000000
2022-05-22;alle;5;5,0;5;5;5;5;5;5;5;5;5;5,0;114;114,0;114;114,0;114;114,0;114;114;114;114,0;114,0;114,0;NA;NA;NA;NA;NA;NA;NA;NA;NA;NA;NA
2022-05-21;0-60;5;5,0;5;5;5;5;5;5;5;5;5;5,0;22;22,0;22;22,0;22;22,0;22;22;22;22,0;22,0;22,0;1,000000000000000;1,000000000000000;1,000000000000000;1,000000000000000;1,000000000000000;1,000000000000000;1,0000000000000000;1,0000000000000000;1,0000000000000000;1,0000000000000000;1,0000000000000000
2022-05-21;60+;11;11,0;11;11;11;11;11;11;11;11;11;11,0;91;91,0;91;91,0;91;91,0;91;91;91;91,0;91,0;91,0;1,000000000000000;1,000000000000000;1,000000000000000;1,000000000000000;1,000000000000000;1,000000000000000;1,0000000000000000;1,0000000000000000;1,0000000000000000;1,0000000000000000;1,0000000000000000
2022-05-21;alle;16;16,0;16;16;16;16;16;16;16;16;16;16,0;113;113,0;113;113,0;113;113,0;113;113;113;113,0;113,0;113,0;NA;NA;NA;NA;NA;NA;NA;NA;NA;NA;NA
2022-05-20;0-60;3;3,0;3;3;3;3;3;3;3;3;3;3,0;20;20,0;20;20,0;20;20,0;20;20;20;20,0;20,0;20,0;1,000000000000000;1,000000000000000;1,000000000000000;1,000000000000000;1,000000000000000;1,000000000000000;1,0000000000000000;1,0000000000000000;1,0000000000000000;1,0000000000000000;1,0000000000000000
2022-05-20;60+;9;9,0;9;9;9;9;9;9;9;9;9;9,0;101;101,0;101;101,0;101;101,0;101;101;101;101,0;101,0;101,0;1,000000000000000;1,000000000000000;1,000000000000000;1,000000000000000;1,000000000000000;1,000000000000000;1,0000000000000000;1,0000000000000000;1,0000000000000000;1,0000000000000000;1,0000000000000000
2022-05-20;alle;12;12,0;12;12;12;12;12;12;12;12;12;12,0;121;121,0;121;121,0;121;121,0;121;121;121;121,0;121,0;121,0;NA;NA;NA;NA;NA;NA;NA;NA;NA;NA;NA
2022-05-19;0-60;3;3,0;3;3;3;3;3;3;3;3;3;3,0;20;20,0;20;20,0;20;20,0;20;20;20;20,0;20,0;20,0;1,000000000000000;1,000000000000000;1,000000000000000;1,000000000000000;1,000000000000000;1,000000000000000;1,0000000000000000;1,0000000000000000;1,0000000000000000;1,0000000000000000;1,0000000000000000
2022-05-19;60+;9;9,0;9;9;9;9;9;9;9;9;9;9,0;106;106,0;106;106,0;106;106,0;106;106;106;106,0;106,0;106,0;1,000000000000000;1,000000000000000;1,000000000000000;1,000000000000000;1,000000000000000;1,000000000000000;1,0000000000000000;1,0000000000000000;1,0000000000000000;1,0000000000000000;1,0000000000000000
2022-05-19;alle;12;12,0;12;12;12;12;12;12;12;12;12;12,0;126;126,0;126;126,0;126;126,0;126;126;126;126,0;126,0;126,0;NA;NA;NA;NA;NA;NA;NA;NA;NA;NA;NA
2022-05-18;0-60;5;5,0;5;5;5;5;5;5;5;5;5;5,0;20;20,0;20;20,0;20;20,0;20;20;20;20,0;20,0;20,0;1,000000000000000;1,000000000000000;1,000000000000000;1,000000000000000;1,000000000000000;1,000000000000000;1,0000000000000000;1,0000000000000000;1,0000000000000000;1,0000000000000000;1,0000000000000000
2022-05-18;60+;22;22,0;22;22;22;22;22;22;22;22;22;22,0;118;118,0;118;118,0;118;118,0;118;118;118;118,0;118,0;118,0;1,000000000000000;1,000000000000000;1,000000000000000;1,000000000000000;1,000000000000000;1,000000000000000;1,0000000000000000;1,0000000000000000;1,0000000000000000;1,0000000000000000;1,0000000000000000
2022-05-18;alle;27;27,0;27;27;27;27;27;27;27;27;27;27,0;138;138,0;138;138,0;138;138,0;138;138;138;138,0;138,0;138,0;NA;NA;NA;NA;NA;NA;NA;NA;NA;NA;NA
2022-05-17;0-60;5;5,0;5;5;5;5;5;5;5;5;5;5,0;20;20,0;20;20,0;20;20,0;20;20;20;20,0;20,0;20,0;1,000000000000000;1,000000000000000;1,000000000000000;1,000000000000000;1,000000000000000;1,000000000000000;1,0000000000000000;1,0000000000000000;1,0000000000000000;1,0000000000000000;1,0000000000000000
2022-05-17;60+;30;30,0;30;30;30;30;30;30;30;30;30;30,0;115;115,0;115;115,0;115;115,0;115;115;115;115,0;115,0;115,0;1,000000000000000;1,000000000000000;1,000000000000000;1,000000000000000;1,000000000000000;1,000000000000000;1,0000000000000000;1,0000000000000000;1,0000000000000000;1,0000000000000000;1,0000000000000000
2022-05-17;alle;35;35,0;35;35;35;35;35;35;35;35;35;35,0;135;135,0;135;135,0;135;135,0;135;135;135;135,0;135,0;135,0;NA;NA;NA;NA;NA;NA;NA;NA;NA;NA;NA
2022-05-16;0-60;0;0,0;0;0;0;0;0;0;0;0;0;0,0;27;27,0;27;27,0;27;27,0;27;27;27;27,0;27,0;27,0;1,000000000000000;1,000000000000000;1,000000000000000;1,000000000000000;1,000000000000000;1,000000000000000;1,0000000000000000;1,0000000000000000;1,0000000000000000;1,0000000000000000;1,0000000000000000
2022-05-16;60+;7;7,0;7;7;7;7;7;7;7;7;7;7,0;105;105,0;105;105,0;105;105,0;105;105;105;105,0;105,0;105,0;1,000000000000000;1,000000000000000;1,000000000000000;1,000000000000000;1,000000000000000;1,000000000000000;1,0000000000000000;1,0000000000000000;1,0000000000000000;1,0000000000000000;1,0000000000000000
2022-05-16;alle;7;7,0;7;7;7;7;7;7;7;7;7;7,0;132;132,0;132;132,0;132;132,0;132;132;132;132,0;132,0;132,0;NA;NA;NA;NA;NA;NA;NA;NA;NA;NA;NA
2022-05-15;0-60;1;1,0;1;1;1;1;1;1;1;1;1;1,0;29;29,0;29;29,0;29;29,0;29;29;29;29,0;29,0;29,0;1,000000000000000;1,000000000000000;1,000000000000000;1,000000000000000;1,000000000000000;1,000000000000000;1,0000000000000000;1,0000000000000000;1,0000000000000000;1,0000000000000000;1,0000000000000000
2022-05-15;60+;3;3,0;3;3;3;3;3;3;3;3;3;3,0;101;101,0;101;101,0;101;101,0;101;101;101;101,0;101,0;101,0;1,000000000000000;1,000000000000000;1,000000000000000;1,000000000000000;1,000000000000000;1,000000000000000;1,0000000000000000;1,0000000000000000;1,0000000000000000;1,0000000000000000;1,0000000000000000
2022-05-15;alle;4;4,0;4;4;4;4;4;4;4;4;4;4,0;130;130,0;130;130,0;130;130,0;130;130;130;130,0;130,0;130,0;NA;NA;NA;NA;NA;NA;NA;NA;NA;NA;NA
2022-05-14;0-60;3;3,0;3;3;3;3;3;3;3;3;3;3,0;29;29,0;29;29,0;29;29,0;29;29;29;29,0;29,0;29,0;1,000000000000000;1,000000000000000;1,000000000000000;1,000000000000000;1,000000000000000;1,000000000000000;1,0000000000000000;1,0000000000000000;1,0000000000000000;1,0000000000000000;1,0000000000000000
2022-05-14;60+;21;21,0;21;21;21;21;21;21;21;21;21;21,0;109;109,0;109;109,0;109;109,0;109;109;109;109,0;109,0;109,0;1,000000000000000;1,000000000000000;1,000000000000000;1,000000000000000;1,000000000000000;1,000000000000000;1,0000000000000000;1,0000000000000000;1,0000000000000000;1,0000000000000000;1,0000000000000000
2022-05-14;alle;24;24,0;24;24;24;24;24;24;24;24;24;24,0;138;138,0;138;138,0;138;138,0;138;138;138;138,0;138,0;138,0;NA;NA;NA;NA;NA;NA;NA;NA;NA;NA;NA
2022-05-13;0-60;3;3,0;3;3;3;3;3;3;3;3;3;3,0;30;30,0;30;30,0;30;30,0;30;30;30;30,0;30,0;30,0;1,000000000000000;1,000000000000000;1,000000000000000;1,000000000000000;1,000000000000000;1,000000000000000;1,0000000000000000;1,0000000000000000;1,0000000000000000;1,0000000000000000;1,0000000000000000
2022-05-13;60+;14;14,0;14;14;14;14;14;14;14;14;14;14,0;101;101,0;101;101,0;101;101,0;101;101;101;101,0;101,0;101,0;1,000000000000000;1,000000000000000;1,000000000000000;1,000000000000000;1,000000000000000;1,000000000000000;1,0000000000000000;1,0000000000000000;1,0000000000000000;1,0000000000000000;1,0000000000000000
2022-05-13;alle;17;17,0;17;17;17;17;17;17;17;17;17;17,0;131;131,0;131;131,0;131;131,0;131;131;131;131,0;131,0;131,0;NA;NA;NA;NA;NA;NA;NA;NA;NA;NA;NA
2022-05-12;0-60;3;3,0;3;3;3;3;3;3;3;3;3;3,0;33;33,0;33;33,0;33;33,0;33;33;33;33,0;33,0;33,0;1,000000000000000;1,000000000000000;1,000000000000000;1,000000000000000;1,000000000000000;1,000000000000000;1,0000000000000000;1,0000000000000000;1,0000000000000000;1,0000000000000000;1,0000000000000000
2022-05-12;60+;21;21,0;21;21;21;21;21;21;21;21;21;21,0;112;112,0;112;112,0;112;112,0;112;112;112;112,0;112,0;112,0;1,000000000000000;1,000000000000000;1,000000000000000;1,000000000000000;1,000000000000000;1,000000000000000;1,0000000000000000;1,0000000000000000;1,0000000000000000;1,0000000000000000;1,0000000000000000
2022-05-12;alle;24;24,0;24;24;24;24;24;24;24;24;24;24,0;145;145,0;145;145,0;145;145,0;145;145;145;145,0;145,0;145,0;NA;NA;NA;NA;NA;NA;NA;NA;NA;NA;NA
2022-05-11;0-60;5;5,0;5;5;5;5;5;5;5;5;5;5,0;32;32,0;32;32,0;32;32,0;32;32;32;32,0;32,0;32,0;1,000000000000000;1,000000000000000;1,000000000000000;1,000000000000000;1,000000000000000;1,000000000000000;1,0000000000000000;1,0000000000000000;1,0000000000000000;1,0000000000000000;1,0000000000000000
2022-05-11;60+;19;19,0;19;19;19;19;19;19;19;19;19;19,0;106;106,0;106;106,0;106;106,0;106;106;106;106,0;106,0;106,0;1,000000000000000;1,000000000000000;1,000000000000000;1,000000000000000;1,000000000000000;1,000000000000000;1,0000000000000000;1,0000000000000000;1,0000000000000000;1,0000000000000000;1,0000000000000000
2022-05-11;alle;24;24,0;24;24;24;24;24;24;24;24;24;24,0;138;138,0;138;138,0;138;138,0;138;138;138;138,0;138,0;138,0;NA;NA;NA;NA;NA;NA;NA;NA;NA;NA;NA
2022-05-10;0-60;12;12,0;12;12;12;12;12;12;12;12;12;12,0;34;34,0;34;34,0;34;34,0;34;34;34;34,0;34,0;34,0;1,000000000000000;1,000000000000000;1,000000000000000;1,000000000000000;1,000000000000000;1,000000000000000;1,0000000000000000;1,0000000000000000;1,0000000000000000;1,0000000000000000;1,0000000000000000
2022-05-10;60+;20;20,0;20;20;20;20;20;20;20;20;20;20,0;117;117,0;117;117,0;117;117,0;117;117;117;117,0;117,0;117,0;1,000000000000000;1,000000000000000;1,000000000000000;1,000000000000000;1,000000000000000;1,000000000000000;1,0000000000000000;1,0000000000000000;1,0000000000000000;1,0000000000000000;1,0000000000000000
2022-05-10;alle;32;32,0;32;32;32;32;32;32;32;32;32;32,0;151;151,0;151;151,0;151;151,0;151;151;151;151,0;151,0;151,0;NA;NA;NA;NA;NA;NA;NA;NA;NA;NA;NA
2022-05-09;0-60;2;2,0;2;2;2;2;2;2;2;2;2;2,0;28;28,0;28;28,0;28;28,0;28;28;28;28,0;28,0;28,0;1,000000000000000;1,000000000000000;1,000000000000000;1,000000000000000;1,000000000000000;1,000000000000000;1,0000000000000000;1,0000000000000000;1,0000000000000000;1,0000000000000000;1,0000000000000000
2022-05-09;60+;3;3,0;3;3;3;3;3;3;3;3;3;3,0;131;131,0;131;131,0;131;131,0;131;131;131;131,0;131,0;131,0;1,000000000000000;1,000000000000000;1,000000000000000;1,000000000000000;1,000000000000000;1,000000000000000;1,0000000000000000;1,0000000000000000;1,0000000000000000;1,0000000000000000;1,0000000000000000
2022-05-09;alle;5;5,0;5;5;5;5;5;5;5;5;5;5,0;159;159,0;159;159,0;159;159,0;159;159;159;159,0;159,0;159,0;NA;NA;NA;NA;NA;NA;NA;NA;NA;NA;NA
2022-05-08;0-60;1;1,0;1;1;1;1;1;1;1;1;1;1,0;30;30,0;30;30,0;30;30,0;30;30;30;30,0;30,0;30,0;1,000000000000000;1,000000000000000;1,000000000000000;1,000000000000000;1,000000000000000;1,000000000000000;1,0000000000000000;1,0000000000000000;1,0000000000000000;1,0000000000000000;1,0000000000000000
2022-05-08;60+;11;11,0;11;11;11;11;11;11;11;11;11;11,0;137;137,0;137;137,0;137;137,0;137;137;137;137,0;137,0;137,0;1,000000000000000;1,000000000000000;1,000000000000000;1,000000000000000;1,000000000000000;1,000000000000000;1,0000000000000000;1,0000000000000000;1,0000000000000000;1,0000000000000000;1,0000000000000000
2022-05-08;alle;12;12,0;12;12;12;12;12;12;12;12;12;12,0;167;167,0;167;167,0;167;167,0;167;167;167;167,0;167,0;167,0;NA;NA;NA;NA;NA;NA;NA;NA;NA;NA;NA
2022-05-07;0-60;4;4,0;4;4;4;4;4;4;4;4;4;4,0;29;29,0;29;29,0;29;29,0;29;29;29;29,0;29,0;29,0;1,000000000000000;1,000000000000000;1,000000000000000;1,000000000000000;1,000000000000000;1,000000000000000;1,0000000000000000;1,0000000000000000;1,0000000000000000;1,0000000000000000;1,0000000000000000
2022-05-07;60+;13;13,0;13;13;13;13;13;13;13;13;13;13,0;136;136,0;136;136,0;136;136,0;136;136;136;136,0;136,0;136,0;1,000000000000000;1,000000000000000;1,000000000000000;1,000000000000000;1,000000000000000;1,000000000000000;1,0000000000000000;1,0000000000000000;1,0000000000000000;1,0000000000000000;1,0000000000000000
2022-05-07;alle;17;17,0;17;17;17;17;17;17;17;17;17;17,0;165;165,0;165;165,0;165;165,0;165;165;165;165,0;165,0;165,0;NA;NA;NA;NA;NA;NA;NA;NA;NA;NA;NA
2022-05-06;0-60;6;6,0;6;6;6;6;6;6;6;6;6;6,0;34;34,0;34;34,0;34;34,0;34;34;34;34,0;34,0;34,0;1,000000000000000;1,000000000000000;1,000000000000000;1,000000000000000;1,000000000000000;1,000000000000000;1,0000000000000000;1,0000000000000000;1,0000000000000000;1,0000000000000000;1,0000000000000000
2022-05-06;60+;25;25,0;25;25;25;25;25;25;25;25;25;25,0;146;146,0;146;146,0;146;146,0;146;146;146;146,0;146,0;146,0;1,000000000000000;1,000000000000000;1,000000000000000;1,000000000000000;1,000000000000000;1,000000000000000;1,0000000000000000;1,0000000000000000;1,0000000000000000;1,0000000000000000;1,0000000000000000
2022-05-06;alle;31;31,0;31;31;31;31;31;31;31;31;31;31,0;180;180,0;180;180,0;180;180,0;180;180;180;180,0;180,0;180,0;NA;NA;NA;NA;NA;NA;NA;NA;NA;NA;NA
2022-05-05;0-60;2;2,0;2;2;2;2;2;2;2;2;2;2,0;37;37,0;37;37,0;37;37,0;37;37;37;37,0;37,0;37,0;1,000000000000000;1,000000000000000;1,000000000000000;1,000000000000000;1,000000000000000;1,000000000000000;1,0000000000000000;1,0000000000000000;1,0000000000000000;1,0000000000000000;1,0000000000000000
2022-05-05;60+;15;15,0;15;15;15;15;15;15;15;15;15;15,0;155;155,0;155;155,0;155;155,0;155;155;155;155,0;155,0;155,0;1,000000000000000;1,000000000000000;1,000000000000000;1,000000000000000;1,000000000000000;1,000000000000000;1,0000000000000000;1,0000000000000000;1,0000000000000000;1,0000000000000000;1,0000000000000000
2022-05-05;alle;17;17,0;17;17;17;17;17;17;17;17;17;17,0;192;192,0;192;192,0;192;192,0;192;192;192;192,0;192,0;192,0;NA;NA;NA;NA;NA;NA;NA;NA;NA;NA;NA
2022-05-04;0-60;7;7,0;7;7;7;7;7;7;7;7;7;7,0;43;43,0;43;43,0;43;43,0;43;43;43;43,0;43,0;43,0;1,000000000000000;1,000000000000000;1,000000000000000;1,000000000000000;1,000000000000000;1,000000000000000;1,0000000000000000;1,0000000000000000;1,0000000000000000;1,0000000000000000;1,0000000000000000
2022-05-04;60+;30;30,0;30;30;30;30;30;30;30;30;30;30,0;172;172,0;172;172,0;172;172,0;172;172;172;172,0;172,0;172,0;1,000000000000000;1,000000000000000;1,000000000000000;1,000000000000000;1,000000000000000;1,000000000000000;1,0000000000000000;1,0000000000000000;1,0000000000000000;1,0000000000000000;1,0000000000000000
2022-05-04;alle;37;37,0;37;37;37;37;37;37;37;37;37;37,0;215;215,0;215;215,0;215;215,0;215;215;215;215,0;215,0;215,0;NA;NA;NA;NA;NA;NA;NA;NA;NA;NA;NA
2022-05-03;0-60;6;6,0;6;6;6;6;6;6;6;6;6;6,0;49;49,0;49;49,0;49;49,0;49;49;49;49,0;49,0;49,0;1,000000000000000;1,000000000000000;1,000000000000000;1,000000000000000;1,000000000000000;1,000000000000000;1,0000000000000000;1,0000000000000000;1,0000000000000000;1,0000000000000000;1,0000000000000000
2022-05-03;60+;34;34,0;34;34;34;34;34;34;34;34;34;34,0;175;175,0;175;175,0;175;175,0;175;175;175;175,0;175,0;175,0;1,000000000000000;1,000000000000000;1,000000000000000;1,000000000000000;1,000000000000000;1,000000000000000;1,0000000000000000;1,0000000000000000;1,0000000000000000;1,0000000000000000;1,0000000000000000
2022-05-03;alle;40;40,0;40;40;40;40;40;40;40;40;40;40,0;224;224,0;224;224,0;224;224,0;224;224;224;224,0;224,0;224,0;NA;NA;NA;NA;NA;NA;NA;NA;NA;NA;NA
2022-05-02;0-60;4;4,0;4;4;4;4;4;4;4;4;4;4,0;53;53,0;53;53,0;53;53,0;53;53;53;53,0;53,0;53,0;1,000000000000000;1,000000000000000;1,000000000000000;1,000000000000000;1,000000000000000;1,000000000000000;1,0000000000000000;1,0000000000000000;1,0000000000000000;1,0000000000000000;1,0000000000000000
2022-05-02;60+;9;9,0;9;9;9;9;9;9;9;9;9;9,0;195;195,0;195;195,0;195;195,0;195;195;195;195,0;195,0;195,0;1,000000000000000;1,000000000000000;1,000000000000000;1,000000000000000;1,000000000000000;1,000000000000000;1,0000000000000000;1,0000000000000000;1,0000000000000000;1,0000000000000000;1,0000000000000000
2022-05-02;alle;13;13,0;13;13;13;13;13;13;13;13;13;13,0;248;248,0;248;248,0;248;248,0;248;248;248;248,0;248,0;248,0;NA;NA;NA;NA;NA;NA;NA;NA;NA;NA;NA
2022-05-01;0-60;0;0,0;0;0;0;0;0;0;0;0;0;0,0;52;52,0;52;52,0;52;52,0;52;52;52;52,0;52,0;52,0;1,000000000000000;1,000000000000000;1,000000000000000;1,000000000000000;1,000000000000000;1,000000000000000;1,0000000000000000;1,0000000000000000;1,0000000000000000;1,0000000000000000;1,0000000000000000
2022-05-01;60+;10;10,0;10;10;10;10;10;10;10;10;10;10,0;204;204,0;204;204,0;204;204,0;204;204;204;204,0;204,0;204,0;1,000000000000000;1,000000000000000;1,000000000000000;1,000000000000000;1,000000000000000;1,000000000000000;1,0000000000000000;1,0000000000000000;1,0000000000000000;1,0000000000000000;1,0000000000000000
2022-05-01;alle;10;10,0;10;10;10;10;10;10;10;10;10;10,0;256;256,0;256;256,0;256;256,0;256;256;256;256,0;256,0;256,0;NA;NA;NA;NA;NA;NA;NA;NA;NA;NA;NA
2022-04-30;0-60;9;9,0;9;9;9;9;9;9;9;9;9;9,0;59;59,0;59;59,0;59;59,0;59;59;59;59,0;59,0;59,0;1,000000000000000;1,000000000000000;1,000000000000000;1,000000000000000;1,000000000000000;1,000000000000000;1,0000000000000000;1,0000000000000000;1,0000000000000000;1,0000000000000000;1,0000000000000000
2022-04-30;60+;23;23,0;23;23;23;23;23;23;23;23;23;23,0;206;206,0;206;206,0;206;206,0;206;206;206;206,0;206,0;206,0;1,000000000000000;1,000000000000000;1,000000000000000;1,000000000000000;1,000000000000000;1,000000000000000;1,0000000000000000;1,0000000000000000;1,0000000000000000;1,0000000000000000;1,0000000000000000
2022-04-30;alle;32;32,0;32;32;32;32;32;32;32;32;32;32,0;265;265,0;265;265,0;265;265,0;265;265;265;265,0;265,0;265,0;NA;NA;NA;NA;NA;NA;NA;NA;NA;NA;NA
2022-04-29;0-60;9;9,0;9;9;9;9;9;9;9;9;9;9,0;58;58,0;58;58,0;58;58,0;58;58;58;58,0;58,0;58,0;1,000000000000000;1,000000000000000;1,000000000000000;1,000000000000000;1,000000000000000;1,000000000000000;1,0000000000000000;1,0000000000000000;1,0000000000000000;1,0000000000000000;1,0000000000000000
2022-04-29;60+;34;34,0;34;34;34;34;34;34;34;34;34;34,0;219;219,0;219;219,0;219;219,0;219;219;219;219,0;219,0;219,0;1,000000000000000;1,000000000000000;1,000000000000000;1,000000000000000;1,000000000000000;1,000000000000000;1,0000000000000000;1,0000000000000000;1,0000000000000000;1,0000000000000000;1,0000000000000000
2022-04-29;alle;43;43,0;43;43;43;43;43;43;43;43;43;43,0;277;277,0;277;277,0;277;277,0;277;277;277;277,0;277,0;277,0;NA;NA;NA;NA;NA;NA;NA;NA;NA;NA;NA
2022-04-28;0-60;8;8,0;8;8;8;8;8;8;8;8;8;8,0;60;60,0;60;60,0;60;60,0;60;60;60;60,0;60,0;60,0;1,000000000000000;1,000000000000000;1,000000000000000;1,000000000000000;1,000000000000000;1,000000000000000;1,0000000000000000;1,0000000000000000;1,0000000000000000;1,0000000000000000;1,0000000000000000
2022-04-28;60+;32;32,0;32;32;32;32;32;32;32;32;32;32,0;224;224,0;224;224,0;224;224,0;224;224;224;224,0;224,0;224,0;1,000000000000000;1,000000000000000;1,000000000000000;1,000000000000000;1,000000000000000;1,000000000000000;1,0000000000000000;1,0000000000000000;1,0000000000000000;1,0000000000000000;1,0000000000000000
2022-04-28;alle;40;40,0;40;40;40;40;40;40;40;40;40;40,0;284;284,0;284;284,0;284;284,0;284;284;284;284,0;284,0;284,0;NA;NA;NA;NA;NA;NA;NA;NA;NA;NA;NA
2022-04-27;0-60;13;13,0;13;13;13;13;13;13;13;13;13;13,0;67;67,0;67;67,0;67;67,0;67;67;67;67,0;67,0;67,0;1,000000000000000;1,000000000000000;1,000000000000000;1,000000000000000;1,000000000000000;1,000000000000000;1,0000000000000000;1,0000000000000000;1,0000000000000000;1,0000000000000000;1,0000000000000000
2022-04-27;60+;33;33,0;33;33;33;33;33;33;33;33;33;33,0;237;237,0;237;237,0;237;237,0;237;237;237;237,0;237,0;237,0;1,000000000000000;1,000000000000000;1,000000000000000;1,000000000000000;1,000000000000000;1,000000000000000;1,0000000000000000;1,0000000000000000;1,0000000000000000;1,0000000000000000;1,0000000000000000
2022-04-27;alle;46;46,0;46;46;46;46;46;46;46;46;46;46,0;304;304,0;304;304,0;304;304,0;304;304;304;304,0;304,0;304,0;NA;NA;NA;NA;NA;NA;NA;NA;NA;NA;NA
2022-04-26;0-60;10;10,0;10;10;10;10;10;10;10;10;10;10,0;88;88,0;88;88,0;88;88,0;88;88;88;88,0;88,0;88,0;1,000000000000000;1,000000000000000;1,000000000000000;1,000000000000000;1,000000000000000;1,000000000000000;1,0000000000000000;1,0000000000000000;1,0000000000000000;1,0000000000000000;1,0000000000000000
2022-04-26;60+;54;54,0;54;54;54;54;54;54;54;54;54;54,0;272;272,0;272;272,0;272;272,0;272;272;272;272,0;272,0;272,0;1,000000000000000;1,000000000000000;1,000000000000000;1,000000000000000;1,000000000000000;1,000000000000000;1,0000000000000000;1,0000000000000000;1,0000000000000000;1,0000000000000000;1,0000000000000000
2022-04-26;alle;64;64,0;64;64;64;64;64;64;64;64;64;64,0;360;360,0;360;360,0;360;360,0;360;360;360;360,0;360,0;360,0;NA;NA;NA;NA;NA;NA;NA;NA;NA;NA;NA
2022-04-25;0-60;3;3,0;3;3;3;3;3;3;3;3;3;3,0;81;81,0;81;81,0;81;81,0;81;81;81;81,0;81,0;81,0;1,000000000000000;1,000000000000000;1,000000000000000;1,000000000000000;1,000000000000000;1,000000000000000;1,0000000000000000;1,0000000000000000;1,0000000000000000;1,0000000000000000;1,0000000000000000
2022-04-25;60+;18;18,0;18;18;18;18;18;18;18;18;18;18,0;241;241,0;241;241,0;241;241,0;241;241;241;241,0;241,0;241,0;1,000000000000000;1,000000000000000;1,000000000000000;1,000000000000000;1,000000000000000;1,000000000000000;1,0000000000000000;1,0000000000000000;1,0000000000000000;1,0000000000000000;1,0000000000000000
2022-04-25;alle;21;21,0;21;21;21;21;21;21;21;21;21;21,0;322;322,0;322;322,0;322;322,0;322;322;322;322,0;322,0;322,0;NA;NA;NA;NA;NA;NA;NA;NA;NA;NA;NA
2022-04-24;0-60;7;7,0;7;7;7;7;7;7;7;7;7;7,0;80;80,0;80;80,0;80;80,0;80;80;80;80,0;80,0;80,0;1,000000000000000;1,000000000000000;1,000000000000000;1,000000000000000;1,000000000000000;1,000000000000000;1,0000000000000000;1,0000000000000000;1,0000000000000000;1,0000000000000000;1,0000000000000000
2022-04-24;60+;12;12,0;12;12;12;12;12;12;12;12;12;12,0;231;231,0;231;231,0;231;231,0;231;231;231;231,0;231,0;231,0;1,000000000000000;1,000000000000000;1,000000000000000;1,000000000000000;1,000000000000000;1,000000000000000;1,0000000000000000;1,0000000000000000;1,0000000000000000;1,0000000000000000;1,0000000000000000
2022-04-24;alle;19;19,0;19;19;19;19;19;19;19;19;19;19,0;311;311,0;311;311,0;311;311,0;311;311;311;311,0;311,0;311,0;NA;NA;NA;NA;NA;NA;NA;NA;NA;NA;NA
2022-04-23;0-60;8;8,0;8;8;8;8;8;8;8;8;8;8,0;73;73,0;73;73,0;73;73,0;73;73;73;73,0;73,0;73,0;1,000000000000000;1,000000000000000;1,000000000000000;1,000000000000000;1,000000000000000;1,000000000000000;1,0000000000000000;1,0000000000000000;1,0000000000000000;1,0000000000000000;1,0000000000000000
2022-04-23;60+;36;36,0;36;36;36;36;36;36;36;36;36;36,0;231;231,0;231;231,0;231;231,0;231;231;231;231,0;231,0;231,0;1,000000000000000;1,000000000000000;1,000000000000000;1,000000000000000;1,000000000000000;1,000000000000000;1,0000000000000000;1,0000000000000000;1,0000000000000000;1,0000000000000000;1,0000000000000000
2022-04-23;alle;44;44,0;44;44;44;44;44;44;44;44;44;44,0;304;304,0;304;304,0;304;304,0;304;304;304;304,0;304,0;304,0;NA;NA;NA;NA;NA;NA;NA;NA;NA;NA;NA
2022-04-22;0-60;11;11,0;11;11;11;11;11;11;11;11;11;11,0;71;71,0;71;71,0;71;71,0;71;71;71;71,0;71,0;71,0;1,000000000000000;1,000000000000000;1,000000000000000;1,000000000000000;1,000000000000000;1,000000000000000;1,0000000000000000;1,0000000000000000;1,0000000000000000;1,0000000000000000;1,0000000000000000
2022-04-22;60+;39;39,0;39;39;39;39;39;39;39;39;39;39,0;201;201,0;201;201,0;201;201,0;201;201;201;201,0;201,0;201,0;1,000000000000000;1,000000000000000;1,000000000000000;1,000000000000000;1,000000000000000;1,000000000000000;1,0000000000000000;1,0000000000000000;1,0000000000000000;1,0000000000000000;1,0000000000000000
2022-04-22;alle;50;50,0;50;50;50;50;50;50;50;50;50;50,0;272;272,0;272;272,0;272;272,0;272;272;272;272,0;272,0;272,0;NA;NA;NA;NA;NA;NA;NA;NA;NA;NA;NA
2022-04-21;0-60;15;15,0;15;15;15;15;15;15;15;15;15;15,0;72;72,0;72;72,0;72;72,0;72;72;72;72,0;72,0;72,0;1,000000000000000;1,000000000000000;1,000000000000000;1,000000000000000;1,000000000000000;1,000000000000000;1,0000000000000000;1,0000000000000000;1,0000000000000000;1,0000000000000000;1,0000000000000000
2022-04-21;60+;45;45,0;45;45;45;45;45;45;45;45;45;45,0;196;196,0;196;196,0;196;196,0;196;196;196;196,0;196,0;196,0;1,000000000000000;1,000000000000000;1,000000000000000;1,000000000000000;1,000000000000000;1,000000000000000;1,0000000000000000;1,0000000000000000;1,0000000000000000;1,0000000000000000;1,0000000000000000
2022-04-21;alle;60;60,0;60;60;60;60;60;60;60;60;60;60,0;268;268,0;268;268,0;268;268,0;268;268;268;268,0;268,0;268,0;NA;NA;NA;NA;NA;NA;NA;NA;NA;NA;NA
2022-04-20;0-60;34;34,0;34;34;34;34;34;34;34;34;34;34,0;75;75,0;75;75,0;75;75,0;75;75;75;75,0;75,0;75,0;1,000000000000000;1,000000000000000;1,000000000000000;1,000000000000000;1,000000000000000;1,000000000000000;1,0000000000000000;1,0000000000000000;1,0000000000000000;1,0000000000000000;1,0000000000000000
2022-04-20;60+;68;68,0;68;68;68;68;68;68;68;68;68;68,0;194;194,0;194;194,0;194;194,0;194;194;194;194,0;194,0;194,0;1,000000000000000;1,000000000000000;1,000000000000000;1,000000000000000;1,000000000000000;1,000000000000000;1,0000000000000000;1,0000000000000000;1,0000000000000000;1,0000000000000000;1,0000000000000000
2022-04-20;alle;102;102,0;102;102;102;102;102;102;102;102;102;102,0;269;269,0;269;269,0;269;269,0;269;269;269;269,0;269,0;269,0;NA;NA;NA;NA;NA;NA;NA;NA;NA;NA;NA
2022-04-19;0-60;3;3,0;3;3;3;3;3;3;3;3;3;3,0;57;57,0;57;57,0;57;57,0;57;57;57;57,0;57,0;57,0;1,000000000000000;1,000000000000000;1,000000000000000;1,000000000000000;1,000000000000000;1,000000000000000;1,0000000000000000;1,0000000000000000;1,0000000000000000;1,0000000000000000;1,0000000000000000
2022-04-19;60+;23;23,0;23;23;23;23;23;23;23;23;23;23,0;192;192,0;192;192,0;192;192,0;192;192;192;192,0;192,0;192,0;1,000000000000000;1,000000000000000;1,000000000000000;1,000000000000000;1,000000000000000;1,000000000000000;1,0000000000000000;1,0000000000000000;1,0000000000000000;1,0000000000000000;1,0000000000000000
2022-04-19;alle;26;26,0;26;26;26;26;26;26;26;26;26;26,0;249;249,0;249;249,0;249;249,0;249;249;249;249,0;249,0;249,0;NA;NA;NA;NA;NA;NA;NA;NA;NA;NA;NA
2022-04-18;0-60;2;2,0;2;2;2;2;2;2;2;2;2;2,0;76;76,0;76;76,0;76;76,0;76;76;76;76,0;76,0;76,0;1,000000000000000;1,000000000000000;1,000000000000000;1,000000000000000;1,000000000000000;1,000000000000000;1,0000000000000000;1,0000000000000000;1,0000000000000000;1,0000000000000000;1,0000000000000000
2022-04-18;60+;8;8,0;8;8;8;8;8;8;8;8;8;8,0;215;215,0;215;215,0;215;215,0;215;215;215;215,0;215,0;215,0;1,000000000000000;1,000000000000000;1,000000000000000;1,000000000000000;1,000000000000000;1,000000000000000;1,0000000000000000;1,0000000000000000;1,0000000000000000;1,0000000000000000;1,0000000000000000
2022-04-18;alle;10;10,0;10;10;10;10;10;10;10;10;10;10,0;291;291,0;291;291,0;291;291,0;291;291;291;291,0;291,0;291,0;NA;NA;NA;NA;NA;NA;NA;NA;NA;NA;NA
2022-04-17;0-60;0;0,0;0;0;0;0;0;0;0;0;0;0,0;81;81,0;81;81,0;81;81,0;81;81;81;81,0;81,0;81,0;1,000000000000000;1,000000000000000;1,000000000000000;1,000000000000000;1,000000000000000;1,000000000000000;1,0000000000000000;1,0000000000000000;1,0000000000000000;1,0000000000000000;1,0000000000000000
2022-04-17;60+;12;12,0;12;12;12;12;12;12;12;12;12;12,0;230;230,0;230;230,0;230;230,0;230;230;230;230,0;230,0;230,0;1,000000000000000;1,000000000000000;1,000000000000000;1,000000000000000;1,000000000000000;1,000000000000000;1,0000000000000000;1,0000000000000000;1,0000000000000000;1,0000000000000000;1,0000000000000000
2022-04-17;alle;12;12,0;12;12;12;12;12;12;12;12;12;12,0;311;311,0;311;311,0;311;311,0;311;311;311;311,0;311,0;311,0;NA;NA;NA;NA;NA;NA;NA;NA;NA;NA;NA
2022-04-16;0-60;6;6,0;6;6;6;6;6;6;6;6;6;6,0;93;93,0;93;93,0;93;93,0;93;93;93;93,0;93,0;93,0;1,000000000000000;1,000000000000000;1,000000000000000;1,000000000000000;1,000000000000000;1,000000000000000;1,0000000000000000;1,0000000000000000;1,0000000000000000;1,0000000000000000;1,0000000000000000
2022-04-16;60+;6;6,0;6;6;6;6;6;6;6;6;6;6,0;239;239,0;239;239,0;239;239,0;239;239;239;239,0;239,0;239,0;1,000000000000000;1,000000000000000;1,000000000000000;1,000000000000000;1,000000000000000;1,000000000000000;1,0000000000000000;1,0000000000000000;1,0000000000000000;1,0000000000000000;1,0000000000000000
2022-04-16;alle;12;12,0;12;12;12;12;12;12;12;12;12;12,0;332;332,0;332;332,0;332;332,0;332;332;332;332,0;332,0;332,0;NA;NA;NA;NA;NA;NA;NA;NA;NA;NA;NA
2022-04-15;0-60;12;12,0;12;12;12;12;12;12;12;12;12;12,0;99;99,0;99;99,0;99;99,0;99;99;99;99,0;99,0;99,0;1,000000000000000;1,000000000000000;1,000000000000000;1,000000000000000;1,000000000000000;1,000000000000000;1,0000000000000000;1,0000000000000000;1,0000000000000000;1,0000000000000000;1,0000000000000000
2022-04-15;60+;34;34,0;34;34;34;34;34;34;34;34;34;34,0;270;270,0;270;270,0;270;270,0;270;270;270;270,0;270,0;270,0;1,000000000000000;1,000000000000000;1,000000000000000;1,000000000000000;1,000000000000000;1,000000000000000;1,0000000000000000;1,0000000000000000;1,0000000000000000;1,0000000000000000;1,0000000000000000
2022-04-15;alle;46;46,0;46;46;46;46;46;46;46;46;46;46,0;369;369,0;369;369,0;369;369,0;369;369;369;369,0;369,0;369,0;NA;NA;NA;NA;NA;NA;NA;NA;NA;NA;NA
2022-04-14;0-60;18;18,0;18;18;18;18;18;18;18;18;18;18,0;102;102,0;102;102,0;102;102,0;102;102;102;102,0;102,0;102,0;1,000000000000000;1,000000000000000;1,000000000000000;1,000000000000000;1,000000000000000;1,000000000000000;1,0000000000000000;1,0000000000000000;1,0000000000000000;1,0000000000000000;1,0000000000000000
2022-04-14;60+;43;43,0;43;43;43;43;43;43;43;43;43;43,0;289;289,0;289;289,0;289;289,0;289;289;289;289,0;289,0;289,0;1,000000000000000;1,000000000000000;1,000000000000000;1,000000000000000;1,000000000000000;1,000000000000000;1,0000000000000000;1,0000000000000000;1,0000000000000000;1,0000000000000000;1,0000000000000000
2022-04-14;alle;61;61,0;61;61;61;61;61;61;61;61;61;61,0;391;391,0;391;391,0;391;391,0;391;391;391;391,0;391,0;391,0;NA;NA;NA;NA;NA;NA;NA;NA;NA;NA;NA
2022-04-13;0-60;16;16,0;16;16;16;16;16;16;16;16;16;16,0;97;97,0;97;97,0;97;97,0;97;97;97;97,0;97,0;97,0;1,000000000000000;1,000000000000000;1,000000000000000;1,000000000000000;1,000000000000000;1,000000000000000;1,0000000000000000;1,0000000000000000;1,0000000000000000;1,0000000000000000;1,0000000000000000
2022-04-13;60+;66;66,0;66;66;66;66;66;66;66;66;66;66,0;297;297,0;297;297,0;297;297,0;297;297;297;297,0;297,0;297,0;1,000000000000000;1,000000000000000;1,000000000000000;1,000000000000000;1,000000000000000;1,000000000000000;1,0000000000000000;1,0000000000000000;1,0000000000000000;1,0000000000000000;1,0000000000000000
2022-04-13;alle;82;82,0;82;82;82;82;82;82;82;82;82;82,0;394;394,0;394;394,0;394;394,0;394;394;394;394,0;394,0;394,0;NA;NA;NA;NA;NA;NA;NA;NA;NA;NA;NA
2022-04-12;0-60;22;22,0;22;22;22;22;22;22;22;22;22;22,0;106;106,0;106;106,0;106;106,0;106;106;106;106,0;106,0;106,0;1,000000000000000;1,000000000000000;1,000000000000000;1,000000000000000;1,000000000000000;1,000000000000000;1,0000000000000000;1,0000000000000000;1,0000000000000000;1,0000000000000000;1,0000000000000000
2022-04-12;60+;46;46,0;46;46;46;46;46;46;46;46;46;46,0;285;285,0;285;285,0;285;285,0;285;285;285;285,0;285,0;285,0;1,000000000000000;1,000000000000000;1,000000000000000;1,000000000000000;1,000000000000000;1,000000000000000;1,0000000000000000;1,0000000000000000;1,0000000000000000;1,0000000000000000;1,0000000000000000
2022-04-12;alle;68;68,0;68;68;68;68;68;68;68;68;68;68,0;391;391,0;391;391,0;391;391,0;391;391;391;391,0;391,0;391,0;NA;NA;NA;NA;NA;NA;NA;NA;NA;NA;NA
2022-04-11;0-60;7;7,0;7;7;7;7;7;7;7;7;7;7,0;101;101,0;101;101,0;101;101,0;101;101;101;101,0;101,0;101,0;1,000000000000000;1,000000000000000;1,000000000000000;1,000000000000000;1,000000000000000;1,000000000000000;1,0000000000000000;1,0000000000000000;1,0000000000000000;1,0000000000000000;1,0000000000000000
2022-04-11;60+;23;23,0;23;23;23;23;23;23;23;23;23;23,0;300;300,0;300;300,0;300;300,0;300;300;300;300,0;300,0;300,0;1,000000000000000;1,000000000000000;1,000000000000000;1,000000000000000;1,000000000000000;1,000000000000000;1,0000000000000000;1,0000000000000000;1,0000000000000000;1,0000000000000000;1,0000000000000000
2022-04-11;alle;30;30,0;30;30;30;30;30;30;30;30;30;30,0;401;401,0;401;401,0;401;401,0;401;401;401;401,0;401,0;401,0;NA;NA;NA;NA;NA;NA;NA;NA;NA;NA;NA
2022-04-10;0-60;12;12,0;12;12;12;12;12;12;12;12;12;12,0;100;100,0;100;100,0;100;100,0;100;100;100;100,0;100,0;100,0;1,000000000000000;1,000000000000000;1,000000000000000;1,000000000000000;1,000000000000000;1,000000000000000;1,0000000000000000;1,0000000000000000;1,0000000000000000;1,0000000000000000;1,0000000000000000
2022-04-10;60+;21;21,0;21;21;21;21;21;21;21;21;21;21,0;294;294,0;294;294,0;294;294,0;294;294;294;294,0;294,0;294,0;1,000000000000000;1,000000000000000;1,000000000000000;1,000000000000000;1,000000000000000;1,000000000000000;1,0000000000000000;1,0000000000000000;1,0000000000000000;1,0000000000000000;1,0000000000000000
2022-04-10;alle;33;33,0;33;33;33;33;33;33;33;33;33;33,0;394;394,0;394;394,0;394;394,0;394;394;394;394,0;394,0;394,0;NA;NA;NA;NA;NA;NA;NA;NA;NA;NA;NA
2022-04-09;0-60;12;12,0;12;12;12;12;12;12;12;12;12;12,0;100;100,0;100;100,0;100;100,0;100;100;100;100,0;100,0;100,0;1,000000000000000;1,000000000000000;1,000000000000000;1,000000000000000;1,000000000000000;1,000000000000000;1,0000000000000000;1,0000000000000000;1,0000000000000000;1,0000000000000000;1,0000000000000000
2022-04-09;60+;37;37,0;37;37;37;37;37;37;37;37;37;37,0;299;299,0;299;299,0;299;299,0;299;299;299;299,0;299,0;299,0;1,000000000000000;1,000000000000000;1,000000000000000;1,000000000000000;1,000000000000000;1,000000000000000;1,0000000000000000;1,0000000000000000;1,0000000000000000;1,0000000000000000;1,0000000000000000
2022-04-09;alle;49;49,0;49;49;49;49;49;49;49;49;49;49,0;399;399,0;399;399,0;399;399,0;399;399;399;399,0;399,0;399,0;NA;NA;NA;NA;NA;NA;NA;NA;NA;NA;NA
2022-04-08;0-60;15;15,0;15;15;15;15;15;15;15;15;15;15,0;107;107,0;107;107,0;107;107,0;107;107;107;107,0;107,0;107,0;1,000000000000000;1,000000000000000;1,000000000000000;1,000000000000000;1,000000000000000;1,000000000000000;1,0000000000000000;1,0000000000000000;1,0000000000000000;1,0000000000000000;1,0000000000000000
2022-04-08;60+;53;53,0;53;53;53;53;53;53;53;53;53;53,0;306;306,0;306;306,0;306;306,0;306;306;306;306,0;306,0;306,0;1,000000000000000;1,000000000000000;1,000000000000000;1,000000000000000;1,000000000000000;1,000000000000000;1,0000000000000000;1,0000000000000000;1,0000000000000000;1,0000000000000000;1,0000000000000000
2022-04-08;alle;68;68,0;68;68;68;68;68;68;68;68;68;68,0;413;413,0;413;413,0;413;413,0;413;413;413;413,0;413,0;413,0;NA;NA;NA;NA;NA;NA;NA;NA;NA;NA;NA
2022-04-07;0-60;13;13,0;13;13;13;13;13;13;13;13;13;13,0;110;110,0;110;110,0;110;110,0;110;110;110;110,0;110,0;110,0;1,000000000000000;1,000000000000000;1,000000000000000;1,000000000000000;1,000000000000000;1,000000000000000;1,0000000000000000;1,0000000000000000;1,0000000000000000;1,0000000000000000;1,0000000000000000
2022-04-07;60+;51;51,0;51;51;51;51;51;51;51;51;51;51,0;309;309,0;309;309,0;309;309,0;309;309;309;309,0;309,0;309,0;1,000000000000000;1,000000000000000;1,000000000000000;1,000000000000000;1,000000000000000;1,000000000000000;1,0000000000000000;1,0000000000000000;1,0000000000000000;1,0000000000000000;1,0000000000000000
2022-04-07;alle;64;64,0;64;64;64;64;64;64;64;64;64;64,0;419;419,0;419;419,0;419;419,0;419;419;419;419,0;419,0;419,0;NA;NA;NA;NA;NA;NA;NA;NA;NA;NA;NA
2022-04-06;0-60;25;25,0;25;25;25;25;25;25;25;25;25;25,0;130;130,0;130;130,0;130;130,0;130;130;130;130,0;130,0;130,0;1,000000000000000;1,000000000000000;1,000000000000000;1,000000000000000;1,000000000000000;1,000000000000000;1,0000000000000000;1,0000000000000000;1,0000000000000000;1,0000000000000000;1,0000000000000000
2022-04-06;60+;54;54,0;54;54;54;54;54;54;54;54;54;54,0;315;315,0;315;315,0;315;315,0;315;315;315;315,0;315,0;315,0;1,000000000000000;1,000000000000000;1,000000000000000;1,000000000000000;1,000000000000000;1,000000000000000;1,0000000000000000;1,0000000000000000;1,0000000000000000;1,0000000000000000;1,0000000000000000
2022-04-06;alle;79;79,0;79;79;79;79;79;79;79;79;79;79,0;445;445,0;445;445,0;445;445,0;445;445;445;445,0;445,0;445,0;NA;NA;NA;NA;NA;NA;NA;NA;NA;NA;NA
2022-04-05;0-60;17;17,0;17;17;17;17;17;17;17;17;17;17,0;133;133,0;133;133,0;133;133,0;133;133;133;133,0;133,0;133,0;1,000000000000000;1,000000000000000;1,000000000000000;1,000000000000000;1,000000000000000;1,000000000000000;1,0000000000000000;1,0000000000000000;1,0000000000000000;1,0000000000000000;1,0000000000000000
2022-04-05;60+;61;61,0;61;61;61;61;61;61;61;61;61;61,0;332;332,0;332;332,0;332;332,0;332;332;332;332,0;332,0;332,0;1,000000000000000;1,000000000000000;1,000000000000000;1,000000000000000;1,000000000000000;1,000000000000000;1,0000000000000000;1,0000000000000000;1,0000000000000000;1,0000000000000000;1,0000000000000000
2022-04-05;alle;78;78,0;78;78;78;78;78;78;78;78;78;78,0;465;465,0;465;465,0;465;465,0;465;465;465;465,0;465,0;465,0;NA;NA;NA;NA;NA;NA;NA;NA;NA;NA;NA
2022-04-04;0-60;6;6,0;6;6;6;6;6;6;6;6;6;6,0;144;144,0;144;144,0;144;144,0;144;144;144;144,0;144,0;144,0;1,000000000000000;1,000000000000000;1,000000000000000;1,000000000000000;1,000000000000000;1,000000000000000;1,0000000000000000;1,0000000000000000;1,0000000000000000;1,0000000000000000;1,0000000000000000
2022-04-04;60+;17;17,0;17;17;17;17;17;17;17;17;17;17,0;358;358,0;358;358,0;358;358,0;358;358;358;358,0;358,0;358,0;1,000000000000000;1,000000000000000;1,000000000000000;1,000000000000000;1,000000000000000;1,000000000000000;1,0000000000000000;1,0000000000000000;1,0000000000000000;1,0000000000000000;1,0000000000000000
2022-04-04;alle;23;23,0;23;23;23;23;23;23;23;23;23;23,0;502;502,0;502;502,0;502;502,0;502;502;502;502,0;502,0;502,0;NA;NA;NA;NA;NA;NA;NA;NA;NA;NA;NA
2022-04-03;0-60;12;12,0;12;12;12;12;12;12;12;12;12;12,0;146;146,0;146;146,0;146;146,0;146;146;146;146,0;146,0;146,0;1,000000000000000;1,000000000000000;1,000000000000000;1,000000000000000;1,000000000000000;1,000000000000000;1,0000000000000000;1,0000000000000000;1,0000000000000000;1,0000000000000000;1,0000000000000000
2022-04-03;60+;26;26,0;26;26;26;26;26;26;26;26;26;26,0;368;368,0;368;368,0;368;368,0;368;368;368;368,0;368,0;368,0;1,000000000000000;1,000000000000000;1,000000000000000;1,000000000000000;1,000000000000000;1,000000000000000;1,0000000000000000;1,0000000000000000;1,0000000000000000;1,0000000000000000;1,0000000000000000
2022-04-03;alle;38;38,0;38;38;38;38;38;38;38;38;38;38,0;514;514,0;514;514,0;514;514,0;514;514;514;514,0;514,0;514,0;NA;NA;NA;NA;NA;NA;NA;NA;NA;NA;NA
2022-04-02;0-60;19;19,0;19;19;19;19;19;19;19;19;19;19,0;151;151,0;151;151,0;151;151,0;151;151;151;151,0;151,0;151,0;1,000000000000000;1,000000000000000;1,000000000000000;1,000000000000000;1,000000000000000;1,000000000000000;1,0000000000000000;1,0000000000000000;1,0000000000000000;1,0000000000000000;1,0000000000000000
2022-04-02;60+;44;44,0;44;44;44;44;44;44;44;44;44;44,0;378;378,0;378;378,0;378;378,0;378;378;378;378,0;378,0;378,0;1,000000000000000;1,000000000000000;1,000000000000000;1,000000000000000;1,000000000000000;1,000000000000000;1,0000000000000000;1,0000000000000000;1,0000000000000000;1,0000000000000000;1,0000000000000000
2022-04-02;alle;63;63,0;63;63;63;63;63;63;63;63;63;63,0;529;529,0;529;529,0;529;529,0;529;529;529;529,0;529,0;529,0;NA;NA;NA;NA;NA;NA;NA;NA;NA;NA;NA
2022-04-01;0-60;18;18,0;18;18;18;18;18;18;18;18;18;18,0;161;161,0;161;161,0;161;161,0;161;161;161;161,0;161,0;161,0;1,000000000000000;1,000000000000000;1,000000000000000;1,000000000000000;1,000000000000000;1,000000000000000;1,0000000000000000;1,0000000000000000;1,0000000000000000;1,0000000000000000;1,0000000000000000
2022-04-01;60+;56;56,0;56;56;56;56;56;56;56;56;56;56,0;391;391,0;391;391,0;391;391,0;391;391;391;391,0;391,0;391,0;1,000000000000000;1,000000000000000;1,000000000000000;1,000000000000000;1,000000000000000;1,000000000000000;1,0000000000000000;1,0000000000000000;1,0000000000000000;1,0000000000000000;1,0000000000000000
2022-04-01;alle;74;74,0;74;74;74;74;74;74;74;74;74;74,0;552;552,0;552;552,0;552;552,0;552;552;552;552,0;552,0;552,0;NA;NA;NA;NA;NA;NA;NA;NA;NA;NA;NA
2022-03-31;0-60;33;33,0;33;33;33;33;33;33;33;33;33;33,0;169;169,0;169;169,0;169;169,0;169;169;169;169,0;169,0;169,0;1,000000000000000;1,000000000000000;1,000000000000000;1,000000000000000;1,000000000000000;1,000000000000000;1,0000000000000000;1,0000000000000000;1,0000000000000000;1,0000000000000000;1,0000000000000000
2022-03-31;60+;57;57,0;57;57;57;57;57;57;57;57;57;57,0;398;398,0;398;398,0;398;398,0;398;398;398;398,0;398,0;398,0;1,000000000000000;1,000000000000000;1,000000000000000;1,000000000000000;1,000000000000000;1,000000000000000;1,0000000000000000;1,0000000000000000;1,0000000000000000;1,0000000000000000;1,0000000000000000
2022-03-31;alle;90;90,0;90;90;90;90;90;90;90;90;90;90,0;567;567,0;567;567,0;567;567,0;567;567;567;567,0;567,0;567,0;NA;NA;NA;NA;NA;NA;NA;NA;NA;NA;NA
2022-03-30;0-60;28;28,0;28;28;28;28;28;28;28;28;28;28,0;164;164,0;164;164,0;164;164,0;164;164;164;164,0;164,0;164,0;1,000000000000000;1,000000000000000;1,000000000000000;1,000000000000000;1,000000000000000;1,000000000000000;1,0000000000000000;1,0000000000000000;1,0000000000000000;1,0000000000000000;1,0000000000000000
2022-03-30;60+;71;71,0;71;71;71;71;71;71;71;71;71;71,0;425;425,0;425;425,0;425;425,0;425;425;425;425,0;425,0;425,0;1,000000000000000;1,000000000000000;1,000000000000000;1,000000000000000;1,000000000000000;1,000000000000000;1,0000000000000000;1,0000000000000000;1,0000000000000000;1,0000000000000000;1,0000000000000000
2022-03-30;alle;99;99,0;99;99;99;99;99;99;99;99;99;99,0;589;589,0;589;589,0;589;589,0;589;589;589;589,0;589,0;589,0;NA;NA;NA;NA;NA;NA;NA;NA;NA;NA;NA
2022-03-29;0-60;28;28,0;28;28;28;28;28;28;28;28;28;28,0;175;175,0;175;175,0;175;175,0;175;175;175;175,0;175,0;175,0;1,000000000000000;1,000000000000000;1,000000000000000;1,000000000000000;1,000000000000000;1,000000000000000;1,0000000000000000;1,0000000000000000;1,0000000000000000;1,0000000000000000;1,0000000000000000
2022-03-29;60+;87;87,0;87;87;87;87;87;87;87;87;87;87,0;429;429,0;429;429,0;429;429,0;429;429;429;429,0;429,0;429,0;1,000000000000000;1,000000000000000;1,000000000000000;1,000000000000000;1,000000000000000;1,000000000000000;1,0000000000000000;1,0000000000000000;1,0000000000000000;1,0000000000000000;1,0000000000000000
2022-03-29;alle;115;115,0;115;115;115;115;115;115;115;115;115;115,0;604;604,0;604;604,0;604;604,0;604;604;604;604,0;604,0;604,0;NA;NA;NA;NA;NA;NA;NA;NA;NA;NA;NA
2022-03-28;0-60;8;8,0;8;8;8;8;8;8;8;8;8;8,0;197;197,0;197;197,0;197;197,0;197;197;197;197,0;197,0;197,0;1,000000000000000;1,000000000000000;1,000000000000000;1,000000000000000;1,000000000000000;1,000000000000000;1,0000000000000000;1,0000000000000000;1,0000000000000000;1,0000000000000000;1,0000000000000000
2022-03-28;60+;27;27,0;27;27;27;27;27;27;27;27;27;27,0;436;436,0;436;436,0;436;436,0;436;436;436;436,0;436,0;436,0;1,000000000000000;1,000000000000000;1,000000000000000;1,000000000000000;1,000000000000000;1,000000000000000;1,0000000000000000;1,0000000000000000;1,0000000000000000;1,0000000000000000;1,0000000000000000
2022-03-28;alle;35;35,0;35;35;35;35;35;35;35;35;35;35,0;633;633,0;633;633,0;633;633,0;633;633;633;633,0;633,0;633,0;NA;NA;NA;NA;NA;NA;NA;NA;NA;NA;NA
2022-03-27;0-60;17;17,0;17;17;17;17;17;17;17;17;17;17,0;197;197,0;197;197,0;197;197,0;197;197;197;197,0;197,0;197,0;1,000000000000000;1,000000000000000;1,000000000000000;1,000000000000000;1,000000000000000;1,000000000000000;1,0000000000000000;1,0000000000000000;1,0000000000000000;1,0000000000000000;1,0000000000000000
2022-03-27;60+;36;36,0;36;36;36;36;36;36;36;36;36;36,0;431;431,0;431;431,0;431;431,0;431;431;431;431,0;431,0;431,0;1,000000000000000;1,000000000000000;1,000000000000000;1,000000000000000;1,000000000000000;1,000000000000000;1,0000000000000000;1,0000000000000000;1,0000000000000000;1,0000000000000000;1,0000000000000000
2022-03-27;alle;53;53,0;53;53;53;53;53;53;53;53;53;53,0;628;628,0;628;628,0;628;628,0;628;628;628;628,0;628,0;628,0;NA;NA;NA;NA;NA;NA;NA;NA;NA;NA;NA
2022-03-26;0-60;29;29,0;29;29;29;29;29;29;29;29;29;29,0;195;195,0;195;195,0;195;195,0;195;195;195;195,0;195,0;195,0;1,000000000000000;1,000000000000000;1,000000000000000;1,000000000000000;1,000000000000000;1,000000000000000;1,0000000000000000;1,0000000000000000;1,0000000000000000;1,0000000000000000;1,0000000000000000
2022-03-26;60+;57;57,0;57;57;57;57;57;57;57;57;57;57,0;427;427,0;427;427,0;427;427,0;427;427;427;427,0;427,0;427,0;1,000000000000000;1,000000000000000;1,000000000000000;1,000000000000000;1,000000000000000;1,000000000000000;1,0000000000000000;1,0000000000000000;1,0000000000000000;1,0000000000000000;1,0000000000000000
2022-03-26;alle;86;86,0;86;86;86;86;86;86;86;86;86;86,0;622;622,0;622;622,0;622;622,0;622;622;622;622,0;622,0;622,0;NA;NA;NA;NA;NA;NA;NA;NA;NA;NA;NA
2022-03-25;0-60;26;26,0;26;26;26;26;26;26;26;26;26;26,0;197;197,0;197;197,0;197;197,0;197;197;197;197,0;197,0;197,0;1,000000000000000;1,000000000000000;1,000000000000000;1,000000000000000;1,000000000000000;1,000000000000000;1,0000000000000000;1,0000000000000000;1,0000000000000000;1,0000000000000000;1,0000000000000000
2022-03-25;60+;63;63,0;63;63;63;63;63;63;63;63;63;63,0;421;421,0;421;421,0;421;421,0;421;421;421;421,0;421,0;421,0;1,000000000000000;1,000000000000000;1,000000000000000;1,000000000000000;1,000000000000000;1,000000000000000;1,0000000000000000;1,0000000000000000;1,0000000000000000;1,0000000000000000;1,0000000000000000
2022-03-25;alle;89;89,0;89;89;89;89;89;89;89;89;89;89,0;618;618,0;618;618,0;618;618,0;618;618;618;618,0;618,0;618,0;NA;NA;NA;NA;NA;NA;NA;NA;NA;NA;NA
2022-03-24;0-60;28;28,0;28;28;28;28;28;28;28;28;28;28,0;203;203,0;203;203,0;203;203,0;203;203;203;203,0;203,0;203,0;1,000000000000000;1,000000000000000;1,000000000000000;1,000000000000000;1,000000000000000;1,000000000000000;1,0000000000000000;1,0000000000000000;1,0000000000000000;1,0000000000000000;1,0000000000000000
2022-03-24;60+;84;84,0;84;84;84;84;84;84;84;84;84;84,0;434;434,0;434;434,0;434;434,0;434;434;434;434,0;434,0;434,0;1,000000000000000;1,000000000000000;1,000000000000000;1,000000000000000;1,000000000000000;1,000000000000000;1,0000000000000000;1,0000000000000000;1,0000000000000000;1,0000000000000000;1,0000000000000000
2022-03-24;alle;112;112,0;112;112;112;112;112;112;112;112;112;112,0;637;637,0;637;637,0;637;637,0;637;637;637;637,0;637,0;637,0;NA;NA;NA;NA;NA;NA;NA;NA;NA;NA;NA
2022-03-23;0-60;39;39,0;39;39;39;39;39;39;39;39;39;39,0;214;214,0;214;214,0;214;214,0;214;214;214;214,0;214,0;214,0;1,000000000000000;1,000000000000000;1,000000000000000;1,000000000000000;1,000000000000000;1,000000000000000;1,0000000000000000;1,0000000000000000;1,0000000000000000;1,0000000000000000;1,0000000000000000
2022-03-23;60+;75;75,0;75;75;75;75;75;75;75;75;75;75,0;403;403,0;403;403,0;403;403,0;403;403;403;403,0;403,0;403,0;1,000000000000000;1,000000000000000;1,000000000000000;1,000000000000000;1,000000000000000;1,000000000000000;1,0000000000000000;1,0000000000000000;1,0000000000000000;1,0000000000000000;1,0000000000000000
2022-03-23;alle;114;114,0;114;114;114;114;114;114;114;114;114;114,0;617;617,0;617;617,0;617;617,0;617;617;617;617,0;617,0;617,0;NA;NA;NA;NA;NA;NA;NA;NA;NA;NA;NA
2022-03-22;0-60;50;50,0;50;50;50;50;50;50;50;50;50;50,0;211;211,0;211;211,0;211;211,0;211;211;211;211,0;211,0;211,0;1,000000000000000;1,000000000000000;1,000000000000000;1,000000000000000;1,000000000000000;1,000000000000000;1,0000000000000000;1,0000000000000000;1,0000000000000000;1,0000000000000000;1,0000000000000000
2022-03-22;60+;94;94,0;94;94;94;94;94;94;94;94;94;94,0;403;403,0;403;403,0;403;403,0;403;403;403;403,0;403,0;403,0;1,000000000000000;1,000000000000000;1,000000000000000;1,000000000000000;1,000000000000000;1,000000000000000;1,0000000000000000;1,0000000000000000;1,0000000000000000;1,0000000000000000;1,0000000000000000
2022-03-22;alle;144;144,0;144;144;144;144;144;144;144;144;144;144,0;614;614,0;614;614,0;614;614,0;614;614;614;614,0;614,0;614,0;NA;NA;NA;NA;NA;NA;NA;NA;NA;NA;NA
2022-03-21;0-60;8;8,0;8;8;8;8;8;8;8;8;8;8,0;211;211,0;211;211,0;211;211,0;211;211;211;211,0;211,0;211,0;1,000000000000000;1,000000000000000;1,000000000000000;1,000000000000000;1,000000000000000;1,000000000000000;1,0000000000000000;1,0000000000000000;1,0000000000000000;1,0000000000000000;1,0000000000000000
2022-03-21;60+;22;22,0;22;22;22;22;22;22;22;22;22;22,0;376;376,0;376;376,0;376;376,0;376;376;376;376,0;376,0;376,0;1,000000000000000;1,000000000000000;1,000000000000000;1,000000000000000;1,000000000000000;1,000000000000000;1,0000000000000000;1,0000000000000000;1,0000000000000000;1,0000000000000000;1,0000000000000000
2022-03-21;alle;30;30,0;30;30;30;30;30;30;30;30;30;30,0;587;587,0;587;587,0;587;587,0;587;587;587;587,0;587,0;587,0;NA;NA;NA;NA;NA;NA;NA;NA;NA;NA;NA
2022-03-20;0-60;15;15,0;15;15;15;15;15;15;15;15;15;15,0;219;219,0;219;219,0;219;219,0;219;219;219;219,0;219,0;219,0;1,000000000000000;1,000000000000000;1,000000000000000;1,000000000000000;1,000000000000000;1,000000000000000;1,0000000000000000;1,0000000000000000;1,0000000000000000;1,0000000000000000;1,0000000000000000
2022-03-20;60+;32;32,0;32;32;32;32;32;32;32;32;32;32,0;369;369,0;369;369,0;369;369,0;369;369;369;369,0;369,0;369,0;1,000000000000000;1,000000000000000;1,000000000000000;1,000000000000000;1,000000000000000;1,000000000000000;1,0000000000000000;1,0000000000000000;1,0000000000000000;1,0000000000000000;1,0000000000000000
2022-03-20;alle;47;47,0;47;47;47;47;47;47;47;47;47;47,0;588;588,0;588;588,0;588;588,0;588;588;588;588,0;588,0;588,0;NA;NA;NA;NA;NA;NA;NA;NA;NA;NA;NA
2022-03-19;0-60;31;31,0;31;31;31;31;31;31;31;31;31;31,0;218;218,0;218;218,0;218;218,0;218;218;218;218,0;218,0;218,0;1,000000000000000;1,000000000000000;1,000000000000000;1,000000000000000;1,000000000000000;1,000000000000000;1,0000000000000000;1,0000000000000000;1,0000000000000000;1,0000000000000000;1,0000000000000000
2022-03-19;60+;51;51,0;51;51;51;51;51;51;51;51;51;51,0;363;363,0;363;363,0;363;363,0;363;363;363;363,0;363,0;363,0;1,000000000000000;1,000000000000000;1,000000000000000;1,000000000000000;1,000000000000000;1,000000000000000;1,0000000000000000;1,0000000000000000;1,0000000000000000;1,0000000000000000;1,0000000000000000
2022-03-19;alle;82;82,0;82;82;82;82;82;82;82;82;82;82,0;581;581,0;581;581,0;581;581,0;581;581;581;581,0;581,0;581,0;NA;NA;NA;NA;NA;NA;NA;NA;NA;NA;NA
2022-03-18;0-60;32;32,0;32;32;32;32;32;32;32;32;32;32,0;218;218,0;218;218,0;218;218,0;218;218;218;218,0;218,0;218,0;1,000000000000000;1,000000000000000;1,000000000000000;1,000000000000000;1,000000000000000;1,000000000000000;1,0000000000000000;1,0000000000000000;1,0000000000000000;1,0000000000000000;1,0000000000000000
2022-03-18;60+;76;76,0;76;76;76;76;76;76;76;76;76;76,0;361;361,0;361;361,0;361;361,0;361;361;361;361,0;361,0;361,0;1,000000000000000;1,000000000000000;1,000000000000000;1,000000000000000;1,000000000000000;1,000000000000000;1,0000000000000000;1,0000000000000000;1,0000000000000000;1,0000000000000000;1,0000000000000000
2022-03-18;alle;108;108,0;108;108;108;108;108;108;108;108;108;108,0;579;579,0;579;579,0;579;579,0;579;579;579;579,0;579,0;579,0;NA;NA;NA;NA;NA;NA;NA;NA;NA;NA;NA
2022-03-17;0-60;39;39,0;39;39;39;39;39;39;39;39;39;39,0;220;220,0;220;220,0;220;220,0;220;220;220;220,0;220,0;220,0;1,000000000000000;1,000000000000000;1,000000000000000;1,000000000000000;1,000000000000000;1,000000000000000;1,0000000000000000;1,0000000000000000;1,0000000000000000;1,0000000000000000;1,0000000000000000
2022-03-17;60+;53;53,0;53;53;53;53;53;53;53;53;53;53,0;346;346,0;346;346,0;346;346,0;346;346;346;346,0;346,0;346,0;1,000000000000000;1,000000000000000;1,000000000000000;1,000000000000000;1,000000000000000;1,000000000000000;1,0000000000000000;1,0000000000000000;1,0000000000000000;1,0000000000000000;1,0000000000000000
2022-03-17;alle;92;92,0;92;92;92;92;92;92;92;92;92;92,0;566;566,0;566;566,0;566;566,0;566;566;566;566,0;566,0;566,0;NA;NA;NA;NA;NA;NA;NA;NA;NA;NA;NA
2022-03-16;0-60;36;36,0;36;36;36;36;36;36;36;36;36;36,0;226;226,0;226;226,0;226;226,0;226;226;226;226,0;226,0;226,0;1,000000000000000;1,000000000000000;1,000000000000000;1,000000000000000;1,000000000000000;1,000000000000000;1,0000000000000000;1,0000000000000000;1,0000000000000000;1,0000000000000000;1,0000000000000000
2022-03-16;60+;75;75,0;75;75;75;75;75;75;75;75;75;75,0;348;348,0;348;348,0;348;348,0;348;348;348;348,0;348,0;348,0;1,000000000000000;1,000000000000000;1,000000000000000;1,000000000000000;1,000000000000000;1,000000000000000;1,0000000000000000;1,0000000000000000;1,0000000000000000;1,0000000000000000;1,0000000000000000
2022-03-16;alle;111;111,0;111;111;111;111;111;111;111;111;111;111,0;574;574,0;574;574,0;574;574,0;574;574;574;574,0;574,0;574,0;NA;NA;NA;NA;NA;NA;NA;NA;NA;NA;NA
2022-03-15;0-60;50;50,0;50;50;50;50;50;50;50;50;50;50,0;230;230,0;230;230,0;230;230,0;230;230;230;230,0;230,0;230,0;1,000000000000000;1,000000000000000;1,000000000000000;1,000000000000000;1,000000000000000;1,000000000000000;1,0000000000000000;1,0000000000000000;1,0000000000000000;1,0000000000000000;1,0000000000000000
2022-03-15;60+;67;67,0;67;67;67;67;67;67;67;67;67;67,0;345;345,0;345;345,0;345;345,0;345;345;345;345,0;345,0;345,0;1,000000000000000;1,000000000000000;1,000000000000000;1,000000000000000;1,000000000000000;1,000000000000000;1,0000000000000000;1,0000000000000000;1,0000000000000000;1,0000000000000000;1,0000000000000000
2022-03-15;alle;117;117,0;117;117;117;117;117;117;117;117;117;117,0;575;575,0;575;575,0;575;575,0;575;575;575;575,0;575,0;575,0;NA;NA;NA;NA;NA;NA;NA;NA;NA;NA;NA
2022-03-14;0-60;16;16,0;16;16;16;16;16;16;16;16;16;16,0;204;204,0;204;204,0;204;204,0;204;204;204;204,0;204,0;204,0;1,000000000000000;1,000000000000000;1,000000000000000;1,000000000000000;1,000000000000000;1,000000000000000;1,0000000000000000;1,0000000000000000;1,0000000000000000;1,0000000000000000;1,0000000000000000
2022-03-14;60+;15;15,0;15;15;15;15;15;15;15;15;15;15,0;330;330,0;330;330,0;330;330,0;330;330;330;330,0;330,0;330,0;1,000000000000000;1,000000000000000;1,000000000000000;1,000000000000000;1,000000000000000;1,000000000000000;1,0000000000000000;1,0000000000000000;1,0000000000000000;1,0000000000000000;1,0000000000000000
2022-03-14;alle;31;31,0;31;31;31;31;31;31;31;31;31;31,0;534;534,0;534;534,0;534;534,0;534;534;534;534,0;534,0;534,0;NA;NA;NA;NA;NA;NA;NA;NA;NA;NA;NA
2022-03-13;0-60;14;14,0;14;14;14;14;14;14;14;14;14;14,0;201;201,0;201;201,0;201;201,0;201;201;201;201,0;201,0;201,0;1,000000000000000;1,000000000000000;1,000000000000000;1,000000000000000;1,000000000000000;1,000000000000000;1,0000000000000000;1,0000000000000000;1,0000000000000000;1,0000000000000000;1,0000000000000000
2022-03-13;60+;26;26,0;26;26;26;26;26;26;26;26;26;26,0;330;330,0;330;330,0;330;330,0;330;330;330;330,0;330,0;330,0;1,000000000000000;1,000000000000000;1,000000000000000;1,000000000000000;1,000000000000000;1,000000000000000;1,0000000000000000;1,0000000000000000;1,0000000000000000;1,0000000000000000;1,0000000000000000
2022-03-13;alle;40;40,0;40;40;40;40;40;40;40;40;40;40,0;531;531,0;531;531,0;531;531,0;531;531;531;531,0;531,0;531,0;NA;NA;NA;NA;NA;NA;NA;NA;NA;NA;NA
2022-03-12;0-60;31;31,0;31;31;31;31;31;31;31;31;31;31,0;197;197,0;197;197,0;197;197,0;197;197;197;197,0;197,0;197,0;1,000000000000000;1,000000000000000;1,000000000000000;1,000000000000000;1,000000000000000;1,000000000000000;1,0000000000000000;1,0000000000000000;1,0000000000000000;1,0000000000000000;1,0000000000000000
2022-03-12;60+;49;49,0;49;49;49;49;49;49;49;49;49;49,0;327;327,0;327;327,0;327;327,0;327;327;327;327,0;327,0;327,0;1,000000000000000;1,000000000000000;1,000000000000000;1,000000000000000;1,000000000000000;1,000000000000000;1,0000000000000000;1,0000000000000000;1,0000000000000000;1,0000000000000000;1,0000000000000000
2022-03-12;alle;80;80,0;80;80;80;80;80;80;80;80;80;80,0;524;524,0;524;524,0;524;524,0;524;524;524;524,0;524,0;524,0;NA;NA;NA;NA;NA;NA;NA;NA;NA;NA;NA
2022-03-11;0-60;34;34,0;34;34;34;34;34;34;34;34;34;34,0;183;183,0;183;183,0;183;183,0;183;183;183;183,0;183,0;183,0;1,000000000000000;1,000000000000000;1,000000000000000;1,000000000000000;1,000000000000000;1,000000000000000;1,0000000000000000;1,0000000000000000;1,0000000000000000;1,0000000000000000;1,0000000000000000
2022-03-11;60+;61;61,0;61;61;61;61;61;61;61;61;61;61,0;314;314,0;314;314,0;314;314,0;314;314;314;314,0;314,0;314,0;1,000000000000000;1,000000000000000;1,000000000000000;1,000000000000000;1,000000000000000;1,000000000000000;1,0000000000000000;1,0000000000000000;1,0000000000000000;1,0000000000000000;1,0000000000000000
2022-03-11;alle;95;95,0;95;95;95;95;95;95;95;95;95;95,0;497;497,0;497;497,0;497;497,0;497;497;497;497,0;497,0;497,0;NA;NA;NA;NA;NA;NA;NA;NA;NA;NA;NA
2022-03-10;0-60;45;45,0;45;45;45;45;45;45;45;45;45;45,0;174;174,0;174;174,0;174;174,0;174;174;174;174,0;174,0;174,0;1,000000000000000;1,000000000000000;1,000000000000000;1,000000000000000;1,000000000000000;1,000000000000000;1,0000000000000000;1,0000000000000000;1,0000000000000000;1,0000000000000000;1,0000000000000000
2022-03-10;60+;55;55,0;55;55;55;55;55;55;55;55;55;55,0;288;288,0;288;288,0;288;288,0;288;288;288;288,0;288,0;288,0;1,000000000000000;1,000000000000000;1,000000000000000;1,000000000000000;1,000000000000000;1,000000000000000;1,0000000000000000;1,0000000000000000;1,0000000000000000;1,0000000000000000;1,0000000000000000
2022-03-10;alle;100;100,0;100;100;100;100;100;100;100;100;100;100,0;462;462,0;462;462,0;462;462,0;462;462;462;462,0;462,0;462,0;NA;NA;NA;NA;NA;NA;NA;NA;NA;NA;NA
2022-03-09;0-60;40;40,0;40;40;40;40;40;40;40;40;40;40,0;165;165,0;165;165,0;165;165,0;165;165;165;165,0;165,0;165,0;1,000000000000000;1,000000000000000;1,000000000000000;1,000000000000000;1,000000000000000;1,000000000000000;1,0000000000000000;1,0000000000000000;1,0000000000000000;1,0000000000000000;1,0000000000000000
2022-03-09;60+;72;72,0;72;72;72;72;72;72;72;72;72;72,0;296;296,0;296;296,0;296;296,0;296;296;296;296,0;296,0;296,0;1,000000000000000;1,000000000000000;1,000000000000000;1,000000000000000;1,000000000000000;1,000000000000000;1,0000000000000000;1,0000000000000000;1,0000000000000000;1,0000000000000000;1,0000000000000000
2022-03-09;alle;112;112,0;112;112;112;112;112;112;112;112;112;112,0;461;461,0;461;461,0;461;461,0;461;461;461;461,0;461,0;461,0;NA;NA;NA;NA;NA;NA;NA;NA;NA;NA;NA
2022-03-08;0-60;24;24,0;24;24;24;24;24;24;24;24;24;24,0;158;158,0;158;158,0;158;158,0;158;158;158;158,0;158,0;158,0;1,000000000000000;1,000000000000000;1,000000000000000;1,000000000000000;1,000000000000000;1,000000000000000;1,0000000000000000;1,0000000000000000;1,0000000000000000;1,0000000000000000;1,0000000000000000
2022-03-08;60+;52;52,0;52;52;52;52;52;52;52;52;52;52,0;284;284,0;284;284,0;284;284,0;284;284;284;284,0;284,0;284,0;1,000000000000000;1,000000000000000;1,000000000000000;1,000000000000000;1,000000000000000;1,000000000000000;1,0000000000000000;1,0000000000000000;1,0000000000000000;1,0000000000000000;1,0000000000000000
2022-03-08;alle;76;76,0;76;76;76;76;76;76;76;76;76;76,0;442;442,0;442;442,0;442;442,0;442;442;442;442,0;442,0;442,0;NA;NA;NA;NA;NA;NA;NA;NA;NA;NA;NA
2022-03-07;0-60;13;13,0;13;13;13;13;13;13;13;13;13;13,0;162;162,0;162;162,0;162;162,0;162;162;162;162,0;162,0;162,0;1,000000000000000;1,000000000000000;1,000000000000000;1,000000000000000;1,000000000000000;1,000000000000000;1,0000000000000000;1,0000000000000000;1,0000000000000000;1,0000000000000000;1,0000000000000000
2022-03-07;60+;15;15,0;15;15;15;15;15;15;15;15;15;15,0;298;298,0;298;298,0;298;298,0;298;298;298;298,0;298,0;298,0;1,000000000000000;1,000000000000000;1,000000000000000;1,000000000000000;1,000000000000000;1,000000000000000;1,0000000000000000;1,0000000000000000;1,0000000000000000;1,0000000000000000;1,0000000000000000
2022-03-07;alle;28;28,0;28;28;28;28;28;28;28;28;28;28,0;460;460,0;460;460,0;460;460,0;460;460;460;460,0;460,0;460,0;NA;NA;NA;NA;NA;NA;NA;NA;NA;NA;NA
2022-03-06;0-60;10;10,0;10;10;10;10;10;10;10;10;10;10,0;160;160,0;160;160,0;160;160,0;160;160;160;160,0;160,0;160,0;1,000000000000000;1,000000000000000;1,000000000000000;1,000000000000000;1,000000000000000;1,000000000000000;1,0000000000000000;1,0000000000000000;1,0000000000000000;1,0000000000000000;1,0000000000000000
2022-03-06;60+;23;23,0;23;23;23;23;23;23;23;23;23;23,0;306;306,0;306;306,0;306;306,0;306;306;306;306,0;306,0;306,0;1,000000000000000;1,000000000000000;1,000000000000000;1,000000000000000;1,000000000000000;1,000000000000000;1,0000000000000000;1,0000000000000000;1,0000000000000000;1,0000000000000000;1,0000000000000000
2022-03-06;alle;33;33,0;33;33;33;33;33;33;33;33;33;33,0;466;466,0;466;466,0;466;466,0;466;466;466;466,0;466,0;466,0;NA;NA;NA;NA;NA;NA;NA;NA;NA;NA;NA
2022-03-05;0-60;17;17,0;17;17;17;17;17;17;17;17;17;17,0;175;175,0;175;175,0;175;175,0;175;175;175;175,0;175,0;175,0;1,000000000000000;1,000000000000000;1,000000000000000;1,000000000000000;1,000000000000000;1,000000000000000;1,0000000000000000;1,0000000000000000;1,0000000000000000;1,0000000000000000;1,0000000000000000
2022-03-05;60+;36;36,0;36;36;36;36;36;36;36;36;36;36,0;306;306,0;306;306,0;306;306,0;306;306;306;306,0;306,0;306,0;1,000000000000000;1,000000000000000;1,000000000000000;1,000000000000000;1,000000000000000;1,000000000000000;1,0000000000000000;1,0000000000000000;1,0000000000000000;1,0000000000000000;1,0000000000000000
2022-03-05;alle;53;53,0;53;53;53;53;53;53;53;53;53;53,0;481;481,0;481;481,0;481;481,0;481;481;481;481,0;481,0;481,0;NA;NA;NA;NA;NA;NA;NA;NA;NA;NA;NA
2022-03-04;0-60;25;25,0;25;25;25;25;25;25;25;25;25;25,0;184;184,0;184;184,0;184;184,0;184;184;184;184,0;184,0;184,0;1,000000000000000;1,000000000000000;1,000000000000000;1,000000000000000;1,000000000000000;1,000000000000000;1,0000000000000000;1,0000000000000000;1,0000000000000000;1,0000000000000000;1,0000000000000000
2022-03-04;60+;35;35,0;35;35;35;35;35;35;35;35;35;35,0;320;320,0;320;320,0;320;320,0;320;320;320;320,0;320,0;320,0;1,000000000000000;1,000000000000000;1,000000000000000;1,000000000000000;1,000000000000000;1,000000000000000;1,0000000000000000;1,0000000000000000;1,0000000000000000;1,0000000000000000;1,0000000000000000
2022-03-04;alle;60;60,0;60;60;60;60;60;60;60;60;60;60,0;504;504,0;504;504,0;504;504,0;504;504;504;504,0;504,0;504,0;NA;NA;NA;NA;NA;NA;NA;NA;NA;NA;NA
2022-03-03;0-60;36;36,0;36;36;36;36;36;36;36;36;36;36,0;182;182,0;182;182,0;182;182,0;182;182;182;182,0;182,0;182,0;1,000000000000000;1,000000000000000;1,000000000000000;1,000000000000000;1,000000000000000;1,000000000000000;1,0000000000000000;1,0000000000000000;1,0000000000000000;1,0000000000000000;1,0000000000000000
2022-03-03;60+;63;63,0;63;63;63;63;63;63;63;63;63;63,0;333;333,0;333;333,0;333;333,0;333;333;333;333,0;333,0;333,0;1,000000000000000;1,000000000000000;1,000000000000000;1,000000000000000;1,000000000000000;1,000000000000000;1,0000000000000000;1,0000000000000000;1,0000000000000000;1,0000000000000000;1,0000000000000000
2022-03-03;alle;99;99,0;99;99;99;99;99;99;99;99;99;99,0;515;515,0;515;515,0;515;515,0;515;515;515;515,0;515,0;515,0;NA;NA;NA;NA;NA;NA;NA;NA;NA;NA;NA
2022-03-02;0-60;33;33,0;33;33;33;33;33;33;33;33;33;33,0;177;177,0;177;177,0;177;177,0;177;177;177;177,0;177,0;177,0;1,000000000000000;1,000000000000000;1,000000000000000;1,000000000000000;1,000000000000000;1,000000000000000;1,0000000000000000;1,0000000000000000;1,0000000000000000;1,0000000000000000;1,0000000000000000
2022-03-02;60+;60;60,0;60;60;60;60;60;60;60;60;60;60,0;327;327,0;327;327,0;327;327,0;327;327;327;327,0;327,0;327,0;1,000000000000000;1,000000000000000;1,000000000000000;1,000000000000000;1,000000000000000;1,000000000000000;1,0000000000000000;1,0000000000000000;1,0000000000000000;1,0000000000000000;1,0000000000000000
2022-03-02;alle;93;93,0;93;93;93;93;93;93;93;93;93;93,0;504;504,0;504;504,0;504;504,0;504;504;504;504,0;504,0;504,0;NA;NA;NA;NA;NA;NA;NA;NA;NA;NA;NA
2022-03-01;0-60;28;28,0;28;28;28;28;28;28;28;28;28;28,0;183;183,0;183;183,0;183;183,0;183;183;183;183,0;183,0;183,0;1,000000000000000;1,000000000000000;1,000000000000000;1,000000000000000;1,000000000000000;1,000000000000000;1,0000000000000000;1,0000000000000000;1,0000000000000000;1,0000000000000000;1,0000000000000000
2022-03-01;60+;66;66,0;66;66;66;66;66;66;66;66;66;66,0;318;318,0;318;318,0;318;318,0;318;318;318;318,0;318,0;318,0;1,000000000000000;1,000000000000000;1,000000000000000;1,000000000000000;1,000000000000000;1,000000000000000;1,0000000000000000;1,0000000000000000;1,0000000000000000;1,0000000000000000;1,0000000000000000
2022-03-01;alle;94;94,0;94;94;94;94;94;94;94;94;94;94,0;501;501,0;501;501,0;501;501,0;501;501;501;501,0;501,0;501,0;NA;NA;NA;NA;NA;NA;NA;NA;NA;NA;NA
2022-02-28;0-60;11;11,0;11;11;11;11;11;11;11;11;11;11,0;198;198,0;198;198,0;198;198,0;198;198;198;198,0;198,0;198,0;1,000000000000000;1,000000000000000;1,000000000000000;1,000000000000000;1,000000000000000;1,000000000000000;1,0000000000000000;1,0000000000000000;1,0000000000000000;1,0000000000000000;1,0000000000000000
2022-02-28;60+;23;23,0;23;23;23;23;23;23;23;23;23;23,0;317;317,0;317;317,0;317;317,0;317;317;317;317,0;317,0;317,0;1,000000000000000;1,000000000000000;1,000000000000000;1,000000000000000;1,000000000000000;1,000000000000000;1,0000000000000000;1,0000000000000000;1,0000000000000000;1,0000000000000000;1,0000000000000000
2022-02-28;alle;34;34,0;34;34;34;34;34;34;34;34;34;34,0;515;515,0;515;515,0;515;515,0;515;515;515;515,0;515,0;515,0;NA;NA;NA;NA;NA;NA;NA;NA;NA;NA;NA
2022-02-27;0-60;25;25,0;25;25;25;25;25;25;25;25;25;25,0;206;206,0;206;206,0;206;206,0;206;206;206;206,0;206,0;206,0;1,000000000000000;1,000000000000000;1,000000000000000;1,000000000000000;1,000000000000000;1,000000000000000;1,0000000000000000;1,0000000000000000;1,0000000000000000;1,0000000000000000;1,0000000000000000
2022-02-27;60+;23;23,0;23;23;23;23;23;23;23;23;23;23,0;308;308,0;308;308,0;308;308,0;308;308;308;308,0;308,0;308,0;1,000000000000000;1,000000000000000;1,000000000000000;1,000000000000000;1,000000000000000;1,000000000000000;1,0000000000000000;1,0000000000000000;1,0000000000000000;1,0000000000000000;1,0000000000000000
2022-02-27;alle;48;48,0;48;48;48;48;48;48;48;48;48;48,0;514;514,0;514;514,0;514;514,0;514;514;514;514,0;514,0;514,0;NA;NA;NA;NA;NA;NA;NA;NA;NA;NA;NA
2022-02-26;0-60;26;26,0;26;26;26;26;26;26;26;26;26;26,0;197;197,0;197;197,0;197;197,0;197;197;197;197,0;197,0;197,0;1,000000000000000;1,000000000000000;1,000000000000000;1,000000000000000;1,000000000000000;1,000000000000000;1,0000000000000000;1,0000000000000000;1,0000000000000000;1,0000000000000000;1,0000000000000000
2022-02-26;60+;50;50,0;50;50;50;50;50;50;50;50;50;50,0;303;303,0;303;303,0;303;303,0;303;303;303;303,0;303,0;303,0;1,000000000000000;1,000000000000000;1,000000000000000;1,000000000000000;1,000000000000000;1,000000000000000;1,0000000000000000;1,0000000000000000;1,0000000000000000;1,0000000000000000;1,0000000000000000
2022-02-26;alle;76;76,0;76;76;76;76;76;76;76;76;76;76,0;500;500,0;500;500,0;500;500,0;500;500;500;500,0;500,0;500,0;NA;NA;NA;NA;NA;NA;NA;NA;NA;NA;NA
2022-02-25;0-60;23;23,0;23;23;23;23;23;23;23;23;23;23,0;212;212,0;212;212,0;212;212,0;212;212;212;212,0;212,0;212,0;1,000000000000000;1,000000000000000;1,000000000000000;1,000000000000000;1,000000000000000;1,000000000000000;1,0000000000000000;1,0000000000000000;1,0000000000000000;1,0000000000000000;1,0000000000000000
2022-02-25;60+;48;48,0;48;48;48;48;48;48;48;48;48;48,0;287;287,0;287;287,0;287;287,0;287;287;287;287,0;287,0;287,0;1,000000000000000;1,000000000000000;1,000000000000000;1,000000000000000;1,000000000000000;1,000000000000000;1,0000000000000000;1,0000000000000000;1,0000000000000000;1,0000000000000000;1,0000000000000000
2022-02-25;alle;71;71,0;71;71;71;71;71;71;71;71;71;71,0;499;499,0;499;499,0;499;499,0;499;499;499;499,0;499,0;499,0;NA;NA;NA;NA;NA;NA;NA;NA;NA;NA;NA
2022-02-24;0-60;31;31,0;31;31;31;31;31;31;31;31;31;31,0;211;211,0;211;211,0;211;211,0;211;211;211;211,0;211,0;211,0;1,000000000000000;1,000000000000000;1,000000000000000;1,000000000000000;1,000000000000000;1,000000000000000;1,0000000000000000;1,0000000000000000;1,0000000000000000;1,0000000000000000;1,0000000000000000
2022-02-24;60+;57;57,0;57;57;57;57;57;57;57;57;57;57,0;279;279,0;279;279,0;279;279,0;279;279;279;279,0;279,0;279,0;1,000000000000000;1,000000000000000;1,000000000000000;1,000000000000000;1,000000000000000;1,000000000000000;1,0000000000000000;1,0000000000000000;1,0000000000000000;1,0000000000000000;1,0000000000000000
2022-02-24;alle;88;88,0;88;88;88;88;88;88;88;88;88;88,0;490;490,0;490;490,0;490;490,0;490;490;490;490,0;490,0;490,0;NA;NA;NA;NA;NA;NA;NA;NA;NA;NA;NA
2022-02-23;0-60;39;39,0;39;39;39;39;39;39;39;39;39;39,0;212;212,0;212;212,0;212;212,0;212;212;212;212,0;212,0;212,0;1,000000000000000;1,000000000000000;1,000000000000000;1,000000000000000;1,000000000000000;1,000000000000000;1,0000000000000000;1,0000000000000000;1,0000000000000000;1,0000000000000000;1,0000000000000000
2022-02-23;60+;51;51,0;51;51;51;51;51;51;51;51;51;51,0;274;274,0;274;274,0;274;274,0;274;274;274;274,0;274,0;274,0;1,000000000000000;1,000000000000000;1,000000000000000;1,000000000000000;1,000000000000000;1,000000000000000;1,0000000000000000;1,0000000000000000;1,0000000000000000;1,0000000000000000;1,0000000000000000
2022-02-23;alle;90;90,0;90;90;90;90;90;90;90;90;90;90,0;486;486,0;486;486,0;486;486,0;486;486;486;486,0;486,0;486,0;NA;NA;NA;NA;NA;NA;NA;NA;NA;NA;NA
2022-02-22;0-60;43;43,0;43;43;43;43;43;43;43;43;43;43,0;203;203,0;203;203,0;203;203,0;203;203;203;203,0;203,0;203,0;1,000000000000000;1,000000000000000;1,000000000000000;1,000000000000000;1,000000000000000;1,000000000000000;1,0000000000000000;1,0000000000000000;1,0000000000000000;1,0000000000000000;1,0000000000000000
2022-02-22;60+;65;65,0;65;65;65;65;65;65;65;65;65;65,0;271;271,0;271;271,0;271;271,0;271;271;271;271,0;271,0;271,0;1,000000000000000;1,000000000000000;1,000000000000000;1,000000000000000;1,000000000000000;1,000000000000000;1,0000000000000000;1,0000000000000000;1,0000000000000000;1,0000000000000000;1,0000000000000000
2022-02-22;alle;108;108,0;108;108;108;108;108;108;108;108;108;108,0;474;474,0;474;474,0;474;474,0;474;474;474;474,0;474,0;474,0;NA;NA;NA;NA;NA;NA;NA;NA;NA;NA;NA
2022-02-21;0-60;19;19,0;19;19;19;19;19;19;19;19;19;19,0;204;204,0;204;204,0;204;204,0;204;204;204;204,0;204,0;204,0;1,000000000000000;1,000000000000000;1,000000000000000;1,000000000000000;1,000000000000000;1,000000000000000;1,0000000000000000;1,0000000000000000;1,0000000000000000;1,0000000000000000;1,0000000000000000
2022-02-21;60+;14;14,0;14;14;14;14;14;14;14;14;14;14,0;257;257,0;257;257,0;257;257,0;257;257;257;257,0;257,0;257,0;1,000000000000000;1,000000000000000;1,000000000000000;1,000000000000000;1,000000000000000;1,000000000000000;1,0000000000000000;1,0000000000000000;1,0000000000000000;1,0000000000000000;1,0000000000000000
2022-02-21;alle;33;33,0;33;33;33;33;33;33;33;33;33;33,0;461;461,0;461;461,0;461;461,0;461;461;461;461,0;461,0;461,0;NA;NA;NA;NA;NA;NA;NA;NA;NA;NA;NA
2022-02-20;0-60;16;16,0;16;16;16;16;16;16;16;16;16;16,0;201;201,0;201;201,0;201;201,0;201;201;201;201,0;201,0;201,0;1,000000000000000;1,000000000000000;1,000000000000000;1,000000000000000;1,000000000000000;1,000000000000000;1,0000000000000000;1,0000000000000000;1,0000000000000000;1,0000000000000000;1,0000000000000000
2022-02-20;60+;18;18,0;18;18;18;18;18;18;18;18;18;18,0;262;262,0;262;262,0;262;262,0;262;262;262;262,0;262,0;262,0;1,000000000000000;1,000000000000000;1,000000000000000;1,000000000000000;1,000000000000000;1,000000000000000;1,0000000000000000;1,0000000000000000;1,0000000000000000;1,0000000000000000;1,0000000000000000
2022-02-20;alle;34;34,0;34;34;34;34;34;34;34;34;34;34,0;463;463,0;463;463,0;463;463,0;463;463;463;463,0;463,0;463,0;NA;NA;NA;NA;NA;NA;NA;NA;NA;NA;NA
2022-02-19;0-60;41;41,0;41;41;41;41;41;41;41;41;41;41,0;205;205,0;205;205,0;205;205,0;205;205;205;205,0;205,0;205,0;1,000000000000000;1,000000000000000;1,000000000000000;1,000000000000000;1,000000000000000;1,000000000000000;1,0000000000000000;1,0000000000000000;1,0000000000000000;1,0000000000000000;1,0000000000000000
2022-02-19;60+;34;34,0;34;34;34;34;34;34;34;34;34;34,0;261;261,0;261;261,0;261;261,0;261;261;261;261,0;261,0;261,0;1,000000000000000;1,000000000000000;1,000000000000000;1,000000000000000;1,000000000000000;1,000000000000000;1,0000000000000000;1,0000000000000000;1,0000000000000000;1,0000000000000000;1,0000000000000000
2022-02-19;alle;75;75,0;75;75;75;75;75;75;75;75;75;75,0;466;466,0;466;466,0;466;466,0;466;466;466;466,0;466,0;466,0;NA;NA;NA;NA;NA;NA;NA;NA;NA;NA;NA
2022-02-18;0-60;22;22,0;22;22;22;22;22;22;22;22;22;22,0;195;195,0;195;195,0;195;195,0;195;195;195;195,0;195,0;195,0;1,000000000000000;1,000000000000000;1,000000000000000;1,000000000000000;1,000000000000000;1,000000000000000;1,0000000000000000;1,0000000000000000;1,0000000000000000;1,0000000000000000;1,0000000000000000
2022-02-18;60+;40;40,0;40;40;40;40;40;40;40;40;40;40,0;264;264,0;264;264,0;264;264,0;264;264;264;264,0;264,0;264,0;1,000000000000000;1,000000000000000;1,000000000000000;1,000000000000000;1,000000000000000;1,000000000000000;1,0000000000000000;1,0000000000000000;1,0000000000000000;1,0000000000000000;1,0000000000000000
2022-02-18;alle;62;62,0;62;62;62;62;62;62;62;62;62;62,0;459;459,0;459;459,0;459;459,0;459;459;459;459,0;459,0;459,0;NA;NA;NA;NA;NA;NA;NA;NA;NA;NA;NA
2022-02-17;0-60;32;32,0;32;32;32;32;32;32;32;32;32;32,0;199;199,0;199;199,0;199;199,0;199;199;199;199,0;199,0;199,0;1,000000000000000;1,000000000000000;1,000000000000000;1,000000000000000;1,000000000000000;1,000000000000000;1,0000000000000000;1,0000000000000000;1,0000000000000000;1,0000000000000000;1,0000000000000000
2022-02-17;60+;52;52,0;52;52;52;52;52;52;52;52;52;52,0;262;262,0;262;262,0;262;262,0;262;262;262;262,0;262,0;262,0;1,000000000000000;1,000000000000000;1,000000000000000;1,000000000000000;1,000000000000000;1,000000000000000;1,0000000000000000;1,0000000000000000;1,0000000000000000;1,0000000000000000;1,0000000000000000
2022-02-17;alle;84;84,0;84;84;84;84;84;84;84;84;84;84,0;461;461,0;461;461,0;461;461,0;461;461;461;461,0;461,0;461,0;NA;NA;NA;NA;NA;NA;NA;NA;NA;NA;NA
2022-02-16;0-60;30;30,0;30;30;30;30;30;30;30;30;30;30,0;199;199,0;199;199,0;199;199,0;199;199;199;199,0;199,0;199,0;1,000000000000000;1,000000000000000;1,000000000000000;1,000000000000000;1,000000000000000;1,000000000000000;1,0000000000000000;1,0000000000000000;1,0000000000000000;1,0000000000000000;1,0000000000000000
2022-02-16;60+;48;48,0;48;48;48;48;48;48;48;48;48;48,0;251;251,0;251;251,0;251;251,0;251;251;251;251,0;251,0;251,0;1,000000000000000;1,000000000000000;1,000000000000000;1,000000000000000;1,000000000000000;1,000000000000000;1,0000000000000000;1,0000000000000000;1,0000000000000000;1,0000000000000000;1,0000000000000000
2022-02-16;alle;78;78,0;78;78;78;78;78;78;78;78;78;78,0;450;450,0;450;450,0;450;450,0;450;450;450;450,0;450,0;450,0;NA;NA;NA;NA;NA;NA;NA;NA;NA;NA;NA
2022-02-15;0-60;44;44,0;44;44;44;44;44;44;44;44;44;44,0;206;206,0;206;206,0;206;206,0;206;206;206;206,0;206,0;206,0;1,000000000000000;1,000000000000000;1,000000000000000;1,000000000000000;1,000000000000000;1,000000000000000;1,0000000000000000;1,0000000000000000;1,0000000000000000;1,0000000000000000;1,0000000000000000
2022-02-15;60+;51;51,0;51;51;51;51;51;51;51;51;51;51,0;240;240,0;240;240,0;240;240,0;240;240;240;240,0;240,0;240,0;1,000000000000000;1,000000000000000;1,000000000000000;1,000000000000000;1,000000000000000;1,000000000000000;1,0000000000000000;1,0000000000000000;1,0000000000000000;1,0000000000000000;1,0000000000000000
2022-02-15;alle;95;95,0;95;95;95;95;95;95;95;95;95;95,0;446;446,0;446;446,0;446;446,0;446;446;446;446,0;446,0;446,0;NA;NA;NA;NA;NA;NA;NA;NA;NA;NA;NA
2022-02-14;0-60;16;16,0;16;16;16;16;16;16;16;16;16;16,0;201;201,0;201;201,0;201;201,0;201;201;201;201,0;201,0;201,0;1,000000000000000;1,000000000000000;1,000000000000000;1,000000000000000;1,000000000000000;1,000000000000000;1,0000000000000000;1,0000000000000000;1,0000000000000000;1,0000000000000000;1,0000000000000000
2022-02-14;60+;19;19,0;19;19;19;19;19;19;19;19;19;19,0;232;232,0;232;232,0;232;232,0;232;232;232;232,0;232,0;232,0;1,000000000000000;1,000000000000000;1,000000000000000;1,000000000000000;1,000000000000000;1,000000000000000;1,0000000000000000;1,0000000000000000;1,0000000000000000;1,0000000000000000;1,0000000000000000
2022-02-14;alle;35;35,0;35;35;35;35;35;35;35;35;35;35,0;433;433,0;433;433,0;433;433,0;433;433;433;433,0;433,0;433,0;NA;NA;NA;NA;NA;NA;NA;NA;NA;NA;NA
2022-02-13;0-60;20;20,0;20;20;20;20;20;20;20;20;20;20,0;197;197,0;197;197,0;197;197,0;197;197;197;197,0;197,0;197,0;1,000000000000000;1,000000000000000;1,000000000000000;1,000000000000000;1,000000000000000;1,000000000000000;1,0000000000000000;1,0000000000000000;1,0000000000000000;1,0000000000000000;1,0000000000000000
2022-02-13;60+;17;17,0;17;17;17;17;17;17;17;17;17;17,0;222;222,0;222;222,0;222;222,0;222;222;222;222,0;222,0;222,0;1,000000000000000;1,000000000000000;1,000000000000000;1,000000000000000;1,000000000000000;1,000000000000000;1,0000000000000000;1,0000000000000000;1,0000000000000000;1,0000000000000000;1,0000000000000000
2022-02-13;alle;37;37,0;37;37;37;37;37;37;37;37;37;37,0;419;419,0;419;419,0;419;419,0;419;419;419;419,0;419,0;419,0;NA;NA;NA;NA;NA;NA;NA;NA;NA;NA;NA
2022-02-12;0-60;31;31,0;31;31;31;31;31;31;31;31;31;31,0;187;187,0;187;187,0;187;187,0;187;187;187;187,0;187,0;187,0;1,000000000000000;1,000000000000000;1,000000000000000;1,000000000000000;1,000000000000000;1,000000000000000;1,0000000000000000;1,0000000000000000;1,0000000000000000;1,0000000000000000;1,0000000000000000
2022-02-12;60+;37;37,0;37;37;37;37;37;37;37;37;37;37,0;219;219,0;219;219,0;219;219,0;219;219;219;219,0;219,0;219,0;1,000000000000000;1,000000000000000;1,000000000000000;1,000000000000000;1,000000000000000;1,000000000000000;1,0000000000000000;1,0000000000000000;1,0000000000000000;1,0000000000000000;1,0000000000000000
2022-02-12;alle;68;68,0;68;68;68;68;68;68;68;68;68;68,0;406;406,0;406;406,0;406;406,0;406;406;406;406,0;406,0;406,0;NA;NA;NA;NA;NA;NA;NA;NA;NA;NA;NA
2022-02-11;0-60;26;26,0;26;26;26;26;26;26;26;26;26;26,0;179;179,0;179;179,0;179;179,0;179;179;179;179,0;179,0;179,0;1,000000000000000;1,000000000000000;1,000000000000000;1,000000000000000;1,000000000000000;1,000000000000000;1,0000000000000000;1,0000000000000000;1,0000000000000000;1,0000000000000000;1,0000000000000000
2022-02-11;60+;38;38,0;38;38;38;38;38;38;38;38;38;38,0;204;204,0;204;204,0;204;204,0;204;204;204;204,0;204,0;204,0;1,000000000000000;1,000000000000000;1,000000000000000;1,000000000000000;1,000000000000000;1,000000000000000;1,0000000000000000;1,0000000000000000;1,0000000000000000;1,0000000000000000;1,0000000000000000
2022-02-11;alle;64;64,0;64;64;64;64;64;64;64;64;64;64,0;383;383,0;383;383,0;383;383,0;383;383;383;383,0;383,0;383,0;NA;NA;NA;NA;NA;NA;NA;NA;NA;NA;NA
2022-02-10;0-60;32;32,0;32;32;32;32;32;32;32;32;32;32,0;173;173,0;173;173,0;173;173,0;173;173;173;173,0;173,0;173,0;1,000000000000000;1,000000000000000;1,000000000000000;1,000000000000000;1,000000000000000;1,000000000000000;1,0000000000000000;1,0000000000000000;1,0000000000000000;1,0000000000000000;1,0000000000000000
2022-02-10;60+;41;41,0;41;41;41;41;41;41;41;41;41;41,0;194;194,0;194;194,0;194;194,0;194;194;194;194,0;194,0;194,0;1,000000000000000;1,000000000000000;1,000000000000000;1,000000000000000;1,000000000000000;1,000000000000000;1,0000000000000000;1,0000000000000000;1,0000000000000000;1,0000000000000000;1,0000000000000000
2022-02-10;alle;73;73,0;73;73;73;73;73;73;73;73;73;73,0;367;367,0;367;367,0;367;367,0;367;367;367;367,0;367,0;367,0;NA;NA;NA;NA;NA;NA;NA;NA;NA;NA;NA
2022-02-09;0-60;37;37,0;37;37;37;37;37;37;37;37;37;37,0;177;177,0;177;177,0;177;177,0;177;177;177;177,0;177,0;177,0;1,000000000000000;1,000000000000000;1,000000000000000;1,000000000000000;1,000000000000000;1,000000000000000;1,0000000000000000;1,0000000000000000;1,0000000000000000;1,0000000000000000;1,0000000000000000
2022-02-09;60+;37;37,0;37;37;37;37;37;37;37;37;37;37,0;173;173,0;173;173,0;173;173,0;173;173;173;173,0;173,0;173,0;1,000000000000000;1,000000000000000;1,000000000000000;1,000000000000000;1,000000000000000;1,000000000000000;1,0000000000000000;1,0000000000000000;1,0000000000000000;1,0000000000000000;1,0000000000000000
2022-02-09;alle;74;74,0;74;74;74;74;74;74;74;74;74;74,0;350;350,0;350;350,0;350;350,0;350;350;350;350,0;350,0;350,0;NA;NA;NA;NA;NA;NA;NA;NA;NA;NA;NA
2022-02-08;0-60;39;39,0;39;39;39;39;39;39;39;39;39;39,0;173;173,0;173;173,0;173;173,0;173;173;173;173,0;173,0;173,0;1,000000000000000;1,000000000000000;1,000000000000000;1,000000000000000;1,000000000000000;1,000000000000000;1,0000000000000000;1,0000000000000000;1,0000000000000000;1,0000000000000000;1,0000000000000000
2022-02-08;60+;43;43,0;43;43;43;43;43;43;43;43;43;43,0;171;171,0;171;171,0;171;171,0;171;171;171;171,0;171,0;171,0;1,000000000000000;1,000000000000000;1,000000000000000;1,000000000000000;1,000000000000000;1,000000000000000;1,0000000000000000;1,0000000000000000;1,0000000000000000;1,0000000000000000;1,0000000000000000
2022-02-08;alle;82;82,0;82;82;82;82;82;82;82;82;82;82,0;344;344,0;344;344,0;344;344,0;344;344;344;344,0;344,0;344,0;NA;NA;NA;NA;NA;NA;NA;NA;NA;NA;NA
2022-02-07;0-60;12;12,0;12;12;12;12;12;12;12;12;12;12,0;162;162,0;162;162,0;162;162,0;162;162;162;162,0;162,0;162,0;1,000000000000000;1,000000000000000;1,000000000000000;1,000000000000000;1,000000000000000;1,000000000000000;1,0000000000000000;1,0000000000000000;1,0000000000000000;1,0000000000000000;1,0000000000000000
2022-02-07;60+;9;9,0;9;9;9;9;9;9;9;9;9;9,0;154;154,0;154;154,0;154;154,0;154;154;154;154,0;154,0;154,0;1,000000000000000;1,000000000000000;1,000000000000000;1,000000000000000;1,000000000000000;1,000000000000000;1,0000000000000000;1,0000000000000000;1,0000000000000000;1,0000000000000000;1,0000000000000000
2022-02-07;alle;21;21,0;21;21;21;21;21;21;21;21;21;21,0;316;316,0;316;316,0;316;316,0;316;316;316;316,0;316,0;316,0;NA;NA;NA;NA;NA;NA;NA;NA;NA;NA;NA
2022-02-06;0-60;10;10,0;10;10;10;10;10;10;10;10;10;10,0;161;161,0;161;161,0;161;161,0;161;161;161;161,0;161,0;161,0;1,000000000000000;1,000000000000000;1,000000000000000;1,000000000000000;1,000000000000000;1,000000000000000;1,0000000000000000;1,0000000000000000;1,0000000000000000;1,0000000000000000;1,0000000000000000
2022-02-06;60+;14;14,0;14;14;14;14;14;14;14;14;14;14,0;152;152,0;152;152,0;152;152,0;152;152;152;152,0;152,0;152,0;1,000000000000000;1,000000000000000;1,000000000000000;1,000000000000000;1,000000000000000;1,000000000000000;1,0000000000000000;1,0000000000000000;1,0000000000000000;1,0000000000000000;1,0000000000000000
2022-02-06;alle;24;24,0;24;24;24;24;24;24;24;24;24;24,0;313;313,0;313;313,0;313;313,0;313;313;313;313,0;313,0;313,0;NA;NA;NA;NA;NA;NA;NA;NA;NA;NA;NA
2022-02-05;0-60;23;23,0;23;23;23;23;23;23;23;23;23;23,0;162;162,0;162;162,0;162;162,0;162;162;162;162,0;162,0;162,0;1,000000000000000;1,000000000000000;1,000000000000000;1,000000000000000;1,000000000000000;1,000000000000000;1,0000000000000000;1,0000000000000000;1,0000000000000000;1,0000000000000000;1,0000000000000000
2022-02-05;60+;22;22,0;22;22;22;22;22;22;22;22;22;22,0;148;148,0;148;148,0;148;148,0;148;148;148;148,0;148,0;148,0;1,000000000000000;1,000000000000000;1,000000000000000;1,000000000000000;1,000000000000000;1,000000000000000;1,0000000000000000;1,0000000000000000;1,0000000000000000;1,0000000000000000;1,0000000000000000
2022-02-05;alle;45;45,0;45;45;45;45;45;45;45;45;45;45,0;310;310,0;310;310,0;310;310,0;310;310;310;310,0;310,0;310,0;NA;NA;NA;NA;NA;NA;NA;NA;NA;NA;NA
2022-02-04;0-60;20;20,0;20;20;20;20;20;20;20;20;20;20,0;159;159,0;159;159,0;159;159,0;159;159;159;159,0;159,0;159,0;1,000000000000000;1,000000000000000;1,000000000000000;1,000000000000000;1,000000000000000;1,000000000000000;1,0000000000000000;1,0000000000000000;1,0000000000000000;1,0000000000000000;1,0000000000000000
2022-02-04;60+;28;28,0;28;28;28;28;28;28;28;28;28;28,0;144;144,0;144;144,0;144;144,0;144;144;144;144,0;144,0;144,0;1,000000000000000;1,000000000000000;1,000000000000000;1,000000000000000;1,000000000000000;1,000000000000000;1,0000000000000000;1,0000000000000000;1,0000000000000000;1,0000000000000000;1,0000000000000000
2022-02-04;alle;48;48,0;48;48;48;48;48;48;48;48;48;48,0;303;303,0;303;303,0;303;303,0;303;303;303;303,0;303,0;303,0;NA;NA;NA;NA;NA;NA;NA;NA;NA;NA;NA
2022-02-03;0-60;36;36,0;36;36;36;36;36;36;36;36;36;36,0;151;151,0;151;151,0;151;151,0;151;151;151;151,0;151,0;151,0;1,000000000000000;1,000000000000000;1,000000000000000;1,000000000000000;1,000000000000000;1,000000000000000;1,0000000000000000;1,0000000000000000;1,0000000000000000;1,0000000000000000;1,0000000000000000
2022-02-03;60+;20;20,0;20;20;20;20;20;20;20;20;20;20,0;130;130,0;130;130,0;130;130,0;130;130;130;130,0;130,0;130,0;1,000000000000000;1,000000000000000;1,000000000000000;1,000000000000000;1,000000000000000;1,000000000000000;1,0000000000000000;1,0000000000000000;1,0000000000000000;1,0000000000000000;1,0000000000000000
2022-02-03;alle;56;56,0;56;56;56;56;56;56;56;56;56;56,0;281;281,0;281;281,0;281;281,0;281;281;281;281,0;281,0;281,0;NA;NA;NA;NA;NA;NA;NA;NA;NA;NA;NA
2022-02-02;0-60;33;33,0;33;33;33;33;33;33;33;33;33;33,0;139;139,0;139;139,0;139;139,0;139;139;139;139,0;139,0;139,0;1,000000000000000;1,000000000000000;1,000000000000000;1,000000000000000;1,000000000000000;1,000000000000000;1,0000000000000000;1,0000000000000000;1,0000000000000000;1,0000000000000000;1,0000000000000000
2022-02-02;60+;35;35,0;35;35;35;35;35;35;35;35;35;35,0;128;128,0;128;128,0;128;128,0;128;128;128;128,0;128,0;128,0;1,000000000000000;1,000000000000000;1,000000000000000;1,000000000000000;1,000000000000000;1,000000000000000;1,0000000000000000;1,0000000000000000;1,0000000000000000;1,0000000000000000;1,0000000000000000
2022-02-02;alle;68;68,0;68;68;68;68;68;68;68;68;68;68,0;267;267,0;267;267,0;267;267,0;267;267;267;267,0;267,0;267,0;NA;NA;NA;NA;NA;NA;NA;NA;NA;NA;NA
2022-02-01;0-60;28;28,0;28;28;28;28;28;28;28;28;28;28,0;126;126,0;126;126,0;126;126,0;126;126;126;126,0;126,0;126,0;1,000000000000000;1,000000000000000;1,000000000000000;1,000000000000000;1,000000000000000;1,000000000000000;1,0000000000000000;1,0000000000000000;1,0000000000000000;1,0000000000000000;1,0000000000000000
2022-02-01;60+;26;26,0;26;26;26;26;26;26;26;26;26;26,0;116;116,0;116;116,0;116;116,0;116;116;116;116,0;116,0;116,0;1,000000000000000;1,000000000000000;1,000000000000000;1,000000000000000;1,000000000000000;1,000000000000000;1,0000000000000000;1,0000000000000000;1,0000000000000000;1,0000000000000000;1,0000000000000000
2022-02-01;alle;54;54,0;54;54;54;54;54;54;54;54;54;54,0;242;242,0;242;242,0;242;242,0;242;242;242;242,0;242,0;242,0;NA;NA;NA;NA;NA;NA;NA;NA;NA;NA;NA
2022-01-31;0-60;11;11,0;11;11;11;11;11;11;11;11;11;11,0;118;118,0;118;118,0;118;118,0;118;118;118;118,0;118,0;118,0;1,000000000000000;1,000000000000000;1,000000000000000;1,000000000000000;1,000000000000000;1,000000000000000;1,0000000000000000;1,0000000000000000;1,0000000000000000;1,0000000000000000;1,0000000000000000
2022-01-31;60+;7;7,0;7;7;7;7;7;7;7;7;7;7,0;116;116,0;116;116,0;116;116,0;116;116;116;116,0;116,0;116,0;1,000000000000000;1,000000000000000;1,000000000000000;1,000000000000000;1,000000000000000;1,000000000000000;1,0000000000000000;1,0000000000000000;1,0000000000000000;1,0000000000000000;1,0000000000000000
2022-01-31;alle;18;18,0;18;18;18;18;18;18;18;18;18;18,0;234;234,0;234;234,0;234;234,0;234;234;234;234,0;234,0;234,0;NA;NA;NA;NA;NA;NA;NA;NA;NA;NA;NA
2022-01-30;0-60;11;11,0;11;11;11;11;11;11;11;11;11;11,0;116;116,0;116;116,0;116;116,0;116;116;116;116,0;116,0;116,0;1,000000000000000;1,000000000000000;1,000000000000000;1,000000000000000;1,000000000000000;1,000000000000000;1,0000000000000000;1,0000000000000000;1,0000000000000000;1,0000000000000000;1,0000000000000000
2022-01-30;60+;10;10,0;10;10;10;10;10;10;10;10;10;10,0;113;113,0;113;113,0;113;113,0;113;113;113;113,0;113,0;113,0;1,000000000000000;1,000000000000000;1,000000000000000;1,000000000000000;1,000000000000000;1,000000000000000;1,0000000000000000;1,0000000000000000;1,0000000000000000;1,0000000000000000;1,0000000000000000
2022-01-30;alle;21;21,0;21;21;21;21;21;21;21;21;21;21,0;229;229,0;229;229,0;229;229,0;229;229;229;229,0;229,0;229,0;NA;NA;NA;NA;NA;NA;NA;NA;NA;NA;NA
2022-01-29;0-60;20;20,0;20;20;20;20;20;20;20;20;20;20,0;112;112,0;112;112,0;112;112,0;112;112;112;112,0;112,0;112,0;1,000000000000000;1,000000000000000;1,000000000000000;1,000000000000000;1,000000000000000;1,000000000000000;1,0000000000000000;1,0000000000000000;1,0000000000000000;1,0000000000000000;1,0000000000000000
2022-01-29;60+;18;18,0;18;18;18;18;18;18;18;18;18;18,0;113;113,0;113;113,0;113;113,0;113;113;113;113,0;113,0;113,0;1,000000000000000;1,000000000000000;1,000000000000000;1,000000000000000;1,000000000000000;1,000000000000000;1,0000000000000000;1,0000000000000000;1,0000000000000000;1,0000000000000000;1,0000000000000000
2022-01-29;alle;38;38,0;38;38;38;38;38;38;38;38;38;38,0;225;225,0;225;225,0;225;225,0;225;225;225;225,0;225,0;225,0;NA;NA;NA;NA;NA;NA;NA;NA;NA;NA;NA
2022-01-28;0-60;12;12,0;12;12;12;12;12;12;12;12;12;12,0;113;113,0;113;113,0;113;113,0;113;113;113;113,0;113,0;113,0;1,000000000000000;1,000000000000000;1,000000000000000;1,000000000000000;1,000000000000000;1,000000000000000;1,0000000000000000;1,0000000000000000;1,0000000000000000;1,0000000000000000;1,0000000000000000
2022-01-28;60+;14;14,0;14;14;14;14;14;14;14;14;14;14,0;107;107,0;107;107,0;107;107,0;107;107;107;107,0;107,0;107,0;1,000000000000000;1,000000000000000;1,000000000000000;1,000000000000000;1,000000000000000;1,000000000000000;1,0000000000000000;1,0000000000000000;1,0000000000000000;1,0000000000000000;1,0000000000000000
2022-01-28;alle;26;26,0;26;26;26;26;26;26;26;26;26;26,0;220;220,0;220;220,0;220;220,0;220;220;220;220,0;220,0;220,0;NA;NA;NA;NA;NA;NA;NA;NA;NA;NA;NA
2022-01-27;0-60;24;24,0;24;24;24;24;24;24;24;24;24;24,0;117;117,0;117;117,0;117;117,0;117;117;117;117,0;117,0;117,0;1,000000000000000;1,000000000000000;1,000000000000000;1,000000000000000;1,000000000000000;1,000000000000000;1,0000000000000000;1,0000000000000000;1,0000000000000000;1,0000000000000000;1,0000000000000000
2022-01-27;60+;18;18,0;18;18;18;18;18;18;18;18;18;18,0;108;108,0;108;108,0;108;108,0;108;108;108;108,0;108,0;108,0;1,000000000000000;1,000000000000000;1,000000000000000;1,000000000000000;1,000000000000000;1,000000000000000;1,0000000000000000;1,0000000000000000;1,0000000000000000;1,0000000000000000;1,0000000000000000
2022-01-27;alle;42;42,0;42;42;42;42;42;42;42;42;42;42,0;225;225,0;225;225,0;225;225,0;225;225;225;225,0;225,0;225,0;NA;NA;NA;NA;NA;NA;NA;NA;NA;NA;NA
2022-01-26;0-60;20;20,0;20;20;20;20;20;20;20;20;20;20,0;108;108,0;108;108,0;108;108,0;108;108;108;108,0;108,0;108,0;1,000000000000000;1,000000000000000;1,000000000000000;1,000000000000000;1,000000000000000;1,000000000000000;1,0000000000000000;1,0000000000000000;1,0000000000000000;1,0000000000000000;1,0000000000000000
2022-01-26;60+;23;23,0;23;23;23;23;23;23;23;23;23;23,0;110;110,0;110;110,0;110;110,0;110;110;110;110,0;110,0;110,0;1,000000000000000;1,000000000000000;1,000000000000000;1,000000000000000;1,000000000000000;1,000000000000000;1,0000000000000000;1,0000000000000000;1,0000000000000000;1,0000000000000000;1,0000000000000000
2022-01-26;alle;43;43,0;43;43;43;43;43;43;43;43;43;43,0;218;218,0;218;218,0;218;218,0;218;218;218;218,0;218,0;218,0;NA;NA;NA;NA;NA;NA;NA;NA;NA;NA;NA
2022-01-25;0-60;20;20,0;20;20;20;20;20;20;20;20;20;20,0;113;113,0;113;113,0;113;113,0;113;113;113;113,0;113,0;113,0;1,000000000000000;1,000000000000000;1,000000000000000;1,000000000000000;1,000000000000000;1,000000000000000;1,0000000000000000;1,0000000000000000;1,0000000000000000;1,0000000000000000;1,0000000000000000
2022-01-25;60+;26;26,0;26;26;26;26;26;26;26;26;26;26,0;104;104,0;104;104,0;104;104,0;104;104;104;104,0;104,0;104,0;1,000000000000000;1,000000000000000;1,000000000000000;1,000000000000000;1,000000000000000;1,000000000000000;1,0000000000000000;1,0000000000000000;1,0000000000000000;1,0000000000000000;1,0000000000000000
2022-01-25;alle;46;46,0;46;46;46;46;46;46;46;46;46;46,0;217;217,0;217;217,0;217;217,0;217;217;217;217,0;217,0;217,0;NA;NA;NA;NA;NA;NA;NA;NA;NA;NA;NA
2022-01-24;0-60;9;9,0;9;9;9;9;9;9;9;9;9;9,0;104;104,0;104;104,0;104;104,0;104;104;104;104,0;104,0;104,0;1,000000000000000;1,000000000000000;1,000000000000000;1,000000000000000;1,000000000000000;1,000000000000000;1,0000000000000000;1,0000000000000000;1,0000000000000000;1,0000000000000000;1,0000000000000000
2022-01-24;60+;4;4,0;4;4;4;4;4;4;4;4;4;4,0;102;102,0;102;102,0;102;102,0;102;102;102;102,0;102,0;102,0;1,000000000000000;1,000000000000000;1,000000000000000;1,000000000000000;1,000000000000000;1,000000000000000;1,0000000000000000;1,0000000000000000;1,0000000000000000;1,0000000000000000;1,0000000000000000
2022-01-24;alle;13;13,0;13;13;13;13;13;13;13;13;13;13,0;206;206,0;206;206,0;206;206,0;206;206;206;206,0;206,0;206,0;NA;NA;NA;NA;NA;NA;NA;NA;NA;NA;NA
2022-01-23;0-60;7;7,0;7;7;7;7;7;7;7;7;7;7,0;99;99,0;99;99,0;99;99,0;99;99;99;99,0;99,0;99,0;1,000000000000000;1,000000000000000;1,000000000000000;1,000000000000000;1,000000000000000;1,000000000000000;1,0000000000000000;1,0000000000000000;1,0000000000000000;1,0000000000000000;1,0000000000000000
2022-01-23;60+;10;10,0;10;10;10;10;10;10;10;10;10;10,0;103;103,0;103;103,0;103;103,0;103;103;103;103,0;103,0;103,0;1,000000000000000;1,000000000000000;1,000000000000000;1,000000000000000;1,000000000000000;1,000000000000000;1,0000000000000000;1,0000000000000000;1,0000000000000000;1,0000000000000000;1,0000000000000000
2022-01-23;alle;17;17,0;17;17;17;17;17;17;17;17;17;17,0;202;202,0;202;202,0;202;202,0;202;202;202;202,0;202,0;202,0;NA;NA;NA;NA;NA;NA;NA;NA;NA;NA;NA
2022-01-22;0-60;21;21,0;21;21;21;21;21;21;21;21;21;21,0;95;95,0;95;95,0;95;95,0;95;95;95;95,0;95,0;95,0;1,000000000000000;1,000000000000000;1,000000000000000;1,000000000000000;1,000000000000000;1,000000000000000;1,0000000000000000;1,0000000000000000;1,0000000000000000;1,0000000000000000;1,0000000000000000
2022-01-22;60+;12;12,0;12;12;12;12;12;12;12;12;12;12,0;97;97,0;97;97,0;97;97,0;97;97;97;97,0;97,0;97,0;1,000000000000000;1,000000000000000;1,000000000000000;1,000000000000000;1,000000000000000;1,000000000000000;1,0000000000000000;1,0000000000000000;1,0000000000000000;1,0000000000000000;1,0000000000000000
2022-01-22;alle;33;33,0;33;33;33;33;33;33;33;33;33;33,0;192;192,0;192;192,0;192;192,0;192;192;192;192,0;192,0;192,0;NA;NA;NA;NA;NA;NA;NA;NA;NA;NA;NA
2022-01-21;0-60;16;16,0;16;16;16;16;16;16;16;16;16;16,0;85;85,0;85;85,0;85;85,0;85;85;85;85,0;85,0;85,0;1,000000000000000;1,000000000000000;1,000000000000000;1,000000000000000;1,000000000000000;1,000000000000000;1,0000000000000000;1,0000000000000000;1,0000000000000000;1,0000000000000000;1,0000000000000000
2022-01-21;60+;15;15,0;15;15;15;15;15;15;15;15;15;15,0;99;99,0;99;99,0;99;99,0;99;99;99;99,0;99,0;99,0;1,000000000000000;1,000000000000000;1,000000000000000;1,000000000000000;1,000000000000000;1,000000000000000;1,0000000000000000;1,0000000000000000;1,0000000000000000;1,0000000000000000;1,0000000000000000
2022-01-21;alle;31;31,0;31;31;31;31;31;31;31;31;31;31,0;184;184,0;184;184,0;184;184,0;184;184;184;184,0;184,0;184,0;NA;NA;NA;NA;NA;NA;NA;NA;NA;NA;NA
2022-01-20;0-60;15;15,0;15;15;15;15;15;15;15;15;15;15,0;75;75,0;75;75,0;75;75,0;75;75;75;75,0;75,0;75,0;1,000000000000000;1,000000000000000;1,000000000000000;1,000000000000000;1,000000000000000;1,000000000000000;1,0000000000000000;1,0000000000000000;1,0000000000000000;1,0000000000000000;1,0000000000000000
2022-01-20;60+;20;20,0;20;20;20;20;20;20;20;20;20;20,0;99;99,0;99;99,0;99;99,0;99;99;99;99,0;99,0;99,0;1,000000000000000;1,000000000000000;1,000000000000000;1,000000000000000;1,000000000000000;1,000000000000000;1,0000000000000000;1,0000000000000000;1,0000000000000000;1,0000000000000000;1,0000000000000000
2022-01-20;alle;35;35,0;35;35;35;35;35;35;35;35;35;35,0;174;174,0;174;174,0;174;174,0;174;174;174;174,0;174,0;174,0;NA;NA;NA;NA;NA;NA;NA;NA;NA;NA;NA
2022-01-19;0-60;25;25,0;25;25;25;25;25;25;25;25;25;25,0;65;65,0;65;65,0;65;65,0;65;65;65;65,0;65,0;65,0;1,000000000000000;1,000000000000000;1,000000000000000;1,000000000000000;1,000000000000000;1,000000000000000;1,0000000000000000;1,0000000000000000;1,0000000000000000;1,0000000000000000;1,0000000000000000
2022-01-19;60+;17;17,0;17;17;17;17;17;17;17;17;17;17,0;100;100,0;100;100,0;100;100,0;100;100;100;100,0;100,0;100,0;1,000000000000000;1,000000000000000;1,000000000000000;1,000000000000000;1,000000000000000;1,000000000000000;1,0000000000000000;1,0000000000000000;1,0000000000000000;1,0000000000000000;1,0000000000000000
2022-01-19;alle;42;42,0;42;42;42;42;42;42;42;42;42;42,0;165;165,0;165;165,0;165;165,0;165;165;165;165,0;165,0;165,0;NA;NA;NA;NA;NA;NA;NA;NA;NA;NA;NA
2022-01-18;0-60;11;11,0;11;11;11;11;11;11;11;11;11;11,0;51;51,0;51;51,0;51;51,0;51;51;51;51,0;51,0;51,0;1,000000000000000;1,000000000000000;1,000000000000000;1,000000000000000;1,000000000000000;1,000000000000000;1,0000000000000000;1,0000000000000000;1,0000000000000000;1,0000000000000000;1,0000000000000000
2022-01-18;60+;24;24,0;24;24;24;24;24;24;24;24;24;24,0;103;103,0;103;103,0;103;103,0;103;103;103;103,0;103,0;103,0;1,000000000000000;1,000000000000000;1,000000000000000;1,000000000000000;1,000000000000000;1,000000000000000;1,0000000000000000;1,0000000000000000;1,0000000000000000;1,0000000000000000;1,0000000000000000
2022-01-18;alle;35;35,0;35;35;35;35;35;35;35;35;35;35,0;154;154,0;154;154,0;154;154,0;154;154;154;154,0;154,0;154,0;NA;NA;NA;NA;NA;NA;NA;NA;NA;NA;NA
2022-01-17;0-60;4;4,0;4;4;4;4;4;4;4;4;4;4,0;53;53,0;53;53,0;53;53,0;53;53;53;53,0;53,0;53,0;1,000000000000000;1,000000000000000;1,000000000000000;1,000000000000000;1,000000000000000;1,000000000000000;1,0000000000000000;1,0000000000000000;1,0000000000000000;1,0000000000000000;1,0000000000000000
2022-01-17;60+;5;5,0;5;5;5;5;5;5;5;5;5;5,0;115;115,0;115;115,0;115;115,0;115;115;115;115,0;115,0;115,0;1,000000000000000;1,000000000000000;1,000000000000000;1,000000000000000;1,000000000000000;1,000000000000000;1,0000000000000000;1,0000000000000000;1,0000000000000000;1,0000000000000000;1,0000000000000000
2022-01-17;alle;9;9,0;9;9;9;9;9;9;9;9;9;9,0;168;168,0;168;168,0;168;168,0;168;168;168;168,0;168,0;168,0;NA;NA;NA;NA;NA;NA;NA;NA;NA;NA;NA
2022-01-16;0-60;3;3,0;3;3;3;3;3;3;3;3;3;3,0;55;55,0;55;55,0;55;55,0;55;55;55;55,0;55,0;55,0;1,000000000000000;1,000000000000000;1,000000000000000;1,000000000000000;1,000000000000000;1,000000000000000;1,0000000000000000;1,0000000000000000;1,0000000000000000;1,0000000000000000;1,0000000000000000
2022-01-16;60+;4;4,0;4;4;4;4;4;4;4;4;4;4,0;121;121,0;121;121,0;121;121,0;121;121;121;121,0;121,0;121,0;1,000000000000000;1,000000000000000;1,000000000000000;1,000000000000000;1,000000000000000;1,000000000000000;1,0000000000000000;1,0000000000000000;1,0000000000000000;1,0000000000000000;1,0000000000000000
2022-01-16;alle;7;7,0;7;7;7;7;7;7;7;7;7;7,0;176;176,0;176;176,0;176;176,0;176;176;176;176,0;176,0;176,0;NA;NA;NA;NA;NA;NA;NA;NA;NA;NA;NA
2022-01-15;0-60;11;11,0;11;11;11;11;11;11;11;11;11;11,0;58;58,0;58;58,0;58;58,0;58;58;58;58,0;58,0;58,0;1,000000000000000;1,000000000000000;1,000000000000000;1,000000000000000;1,000000000000000;1,000000000000000;1,0000000000000000;1,0000000000000000;1,0000000000000000;1,0000000000000000;1,0000000000000000
2022-01-15;60+;14;14,0;14;14;14;14;14;14;14;14;14;14,0;130;130,0;130;130,0;130;130,0;130;130;130;130,0;130,0;130,0;1,000000000000000;1,000000000000000;1,000000000000000;1,000000000000000;1,000000000000000;1,000000000000000;1,0000000000000000;1,0000000000000000;1,0000000000000000;1,0000000000000000;1,0000000000000000
2022-01-15;alle;25;25,0;25;25;25;25;25;25;25;25;25;25,0;188;188,0;188;188,0;188;188,0;188;188;188;188,0;188,0;188,0;NA;NA;NA;NA;NA;NA;NA;NA;NA;NA;NA
2022-01-14;0-60;6;6,0;6;6;6;6;6;6;6;6;6;6,0;53;53,0;53;53,0;53;53,0;53;53;53;53,0;53,0;53,0;1,000000000000000;1,000000000000000;1,000000000000000;1,000000000000000;1,000000000000000;1,000000000000000;1,0000000000000000;1,0000000000000000;1,0000000000000000;1,0000000000000000;1,0000000000000000
2022-01-14;60+;15;15,0;15;15;15;15;15;15;15;15;15;15,0;140;140,0;140;140,0;140;140,0;140;140;140;140,0;140,0;140,0;1,000000000000000;1,000000000000000;1,000000000000000;1,000000000000000;1,000000000000000;1,000000000000000;1,0000000000000000;1,0000000000000000;1,0000000000000000;1,0000000000000000;1,0000000000000000
2022-01-14;alle;21;21,0;21;21;21;21;21;21;21;21;21;21,0;193;193,0;193;193,0;193;193,0;193;193;193;193,0;193,0;193,0;NA;NA;NA;NA;NA;NA;NA;NA;NA;NA;NA
2022-01-13;0-60;5;5,0;5;5;5;5;5;5;5;5;5;5,0;62;62,0;62;62,0;62;62,0;62;62;62;62,0;62,0;62,0;1,000000000000000;1,000000000000000;1,000000000000000;1,000000000000000;1,000000000000000;1,000000000000000;1,0000000000000000;1,0000000000000000;1,0000000000000000;1,0000000000000000;1,0000000000000000
2022-01-13;60+;21;21,0;21;21;21;21;21;21;21;21;21;21,0;163;163,0;163;163,0;163;163,0;163;163;163;163,0;163,0;163,0;1,000000000000000;1,000000000000000;1,000000000000000;1,000000000000000;1,000000000000000;1,000000000000000;1,0000000000000000;1,0000000000000000;1,0000000000000000;1,0000000000000000;1,0000000000000000
2022-01-13;alle;26;26,0;26;26;26;26;26;26;26;26;26;26,0;225;225,0;225;225,0;225;225,0;225;225;225;225,0;225,0;225,0;NA;NA;NA;NA;NA;NA;NA;NA;NA;NA;NA
2022-01-12;0-60;11;11,0;11;11;11;11;11;11;11;11;11;11,0;74;74,0;74;74,0;74;74,0;74;74;74;74,0;74,0;74,0;1,000000000000000;1,000000000000000;1,000000000000000;1,000000000000000;1,000000000000000;1,000000000000000;1,0000000000000000;1,0000000000000000;1,0000000000000000;1,0000000000000000;1,0000000000000000
2022-01-12;60+;20;20,0;20;20;20;20;20;20;20;20;20;20,0;188;188,0;188;188,0;188;188,0;188;188;188;188,0;188,0;188,0;1,000000000000000;1,000000000000000;1,000000000000000;1,000000000000000;1,000000000000000;1,000000000000000;1,0000000000000000;1,0000000000000000;1,0000000000000000;1,0000000000000000;1,0000000000000000
2022-01-12;alle;31;31,0;31;31;31;31;31;31;31;31;31;31,0;262;262,0;262;262,0;262;262,0;262;262;262;262,0;262,0;262,0;NA;NA;NA;NA;NA;NA;NA;NA;NA;NA;NA
2022-01-11;0-60;13;13,0;13;13;13;13;13;13;13;13;13;13,0;90;90,0;90;90,0;90;90,0;90;90;90;90,0;90,0;90,0;1,000000000000000;1,000000000000000;1,000000000000000;1,000000000000000;1,000000000000000;1,000000000000000;1,0000000000000000;1,0000000000000000;1,0000000000000000;1,0000000000000000;1,0000000000000000
2022-01-11;60+;36;36,0;36;36;36;36;36;36;36;36;36;36,0;223;223,0;223;223,0;223;223,0;223;223;223;223,0;223,0;223,0;1,000000000000000;1,000000000000000;1,000000000000000;1,000000000000000;1,000000000000000;1,000000000000000;1,0000000000000000;1,0000000000000000;1,0000000000000000;1,0000000000000000;1,0000000000000000
2022-01-11;alle;49;49,0;49;49;49;49;49;49;49;49;49;49,0;313;313,0;313;313,0;313;313,0;313;313;313;313,0;313,0;313,0;NA;NA;NA;NA;NA;NA;NA;NA;NA;NA;NA
2022-01-10;0-60;6;6,0;6;6;6;6;6;6;6;6;6;6,0;113;113,0;113;113,0;113;113,0;113;113;113;113,0;113,0;113,0;1,000000000000000;1,000000000000000;1,000000000000000;1,000000000000000;1,000000000000000;1,000000000000000;1,0000000000000000;1,0000000000000000;1,0000000000000000;1,0000000000000000;1,0000000000000000
2022-01-10;60+;11;11,0;11;11;11;11;11;11;11;11;11;11,0;261;261,0;261;261,0;261;261,0;261;261;261;261,0;261,0;261,0;1,000000000000000;1,000000000000000;1,000000000000000;1,000000000000000;1,000000000000000;1,000000000000000;1,0000000000000000;1,0000000000000000;1,0000000000000000;1,0000000000000000;1,0000000000000000
2022-01-10;alle;17;17,0;17;17;17;17;17;17;17;17;17;17,0;374;374,0;374;374,0;374;374,0;374;374;374;374,0;374,0;374,0;NA;NA;NA;NA;NA;NA;NA;NA;NA;NA;NA
2022-01-09;0-60;6;6,0;6;6;6;6;6;6;6;6;6;6,0;117;117,0;117;117,0;117;117,0;117;117;117;117,0;117,0;117,0;1,000000000000000;1,000000000000000;1,000000000000000;1,000000000000000;1,000000000000000;1,000000000000000;1,0000000000000000;1,0000000000000000;1,0000000000000000;1,0000000000000000;1,0000000000000000
2022-01-09;60+;13;13,0;13;13;13;13;13;13;13;13;13;13,0;265;265,0;265;265,0;265;265,0;265;265;265;265,0;265,0;265,0;1,000000000000000;1,000000000000000;1,000000000000000;1,000000000000000;1,000000000000000;1,000000000000000;1,0000000000000000;1,0000000000000000;1,0000000000000000;1,0000000000000000;1,0000000000000000
2022-01-09;alle;19;19,0;19;19;19;19;19;19;19;19;19;19,0;382;382,0;382;382,0;382;382,0;382;382;382;382,0;382,0;382,0;NA;NA;NA;NA;NA;NA;NA;NA;NA;NA;NA
2022-01-08;0-60;6;6,0;6;6;6;6;6;6;6;6;6;6,0;123;123,0;123;123,0;123;123,0;123;123;123;123,0;123,0;123,0;1,000000000000000;1,000000000000000;1,000000000000000;1,000000000000000;1,000000000000000;1,000000000000000;1,0000000000000000;1,0000000000000000;1,0000000000000000;1,0000000000000000;1,0000000000000000
2022-01-08;60+;24;24,0;24;24;24;24;24;24;24;24;24;24,0;269;269,0;269;269,0;269;269,0;269;269;269;269,0;269,0;269,0;1,000000000000000;1,000000000000000;1,000000000000000;1,000000000000000;1,000000000000000;1,000000000000000;1,0000000000000000;1,0000000000000000;1,0000000000000000;1,0000000000000000;1,0000000000000000
2022-01-08;alle;30;30,0;30;30;30;30;30;30;30;30;30;30,0;392;392,0;392;392,0;392;392,0;392;392;392;392,0;392,0;392,0;NA;NA;NA;NA;NA;NA;NA;NA;NA;NA;NA
2022-01-07;0-60;15;15,0;15;15;15;15;15;15;15;15;15;15,0;126;126,0;126;126,0;126;126,0;126;126;126;126,0;126,0;126,0;1,000000000000000;1,000000000000000;1,000000000000000;1,000000000000000;1,000000000000000;1,000000000000000;1,0000000000000000;1,0000000000000000;1,0000000000000000;1,0000000000000000;1,0000000000000000
2022-01-07;60+;38;38,0;38;38;38;38;38;38;38;38;38;38,0;272;272,0;272;272,0;272;272,0;272;272;272;272,0;272,0;272,0;1,000000000000000;1,000000000000000;1,000000000000000;1,000000000000000;1,000000000000000;1,000000000000000;1,0000000000000000;1,0000000000000000;1,0000000000000000;1,0000000000000000;1,0000000000000000
2022-01-07;alle;53;53,0;53;53;53;53;53;53;53;53;53;53,0;398;398,0;398;398,0;398;398,0;398;398;398;398,0;398,0;398,0;NA;NA;NA;NA;NA;NA;NA;NA;NA;NA;NA
2022-01-06;0-60;17;17,0;17;17;17;17;17;17;17;17;17;17,0;129;129,0;129;129,0;129;129,0;129;129;129;129,0;129,0;129,0;1,000000000000000;1,000000000000000;1,000000000000000;1,000000000000000;1,000000000000000;1,000000000000000;1,0000000000000000;1,0000000000000000;1,0000000000000000;1,0000000000000000;1,0000000000000000
2022-01-06;60+;46;46,0;46;46;46;46;46;46;46;46;46;46,0;280;280,0;280;280,0;280;280,0;280;280;280;280,0;280,0;280,0;1,000000000000000;1,000000000000000;1,000000000000000;1,000000000000000;1,000000000000000;1,000000000000000;1,0000000000000000;1,0000000000000000;1,0000000000000000;1,0000000000000000;1,0000000000000000
2022-01-06;alle;63;63,0;63;63;63;63;63;63;63;63;63;63,0;409;409,0;409;409,0;409;409,0;409;409;409;409,0;409,0;409,0;NA;NA;NA;NA;NA;NA;NA;NA;NA;NA;NA
2022-01-05;0-60;27;27,0;27;27;27;27;27;27;27;27;27;27,0;131;131,0;131;131,0;131;131,0;131;131;131;131,0;131,0;131,0;1,000000000000000;1,000000000000000;1,000000000000000;1,000000000000000;1,000000000000000;1,000000000000000;1,0000000000000000;1,0000000000000000;1,0000000000000000;1,0000000000000000;1,0000000000000000
2022-01-05;60+;55;55,0;55;55;55;55;55;55;55;55;55;55,0;278;278,0;278;278,0;278;278,0;278;278;278;278,0;278,0;278,0;1,000000000000000;1,000000000000000;1,000000000000000;1,000000000000000;1,000000000000000;1,000000000000000;1,0000000000000000;1,0000000000000000;1,0000000000000000;1,0000000000000000;1,0000000000000000
2022-01-05;alle;82;82,0;82;82;82;82;82;82;82;82;82;82,0;409;409,0;409;409,0;409;409,0;409;409;409;409,0;409,0;409,0;NA;NA;NA;NA;NA;NA;NA;NA;NA;NA;NA
2022-01-04;0-60;36;36,0;36;36;36;36;36;36;36;36;36;36,0;129;129,0;129;129,0;129;129,0;129;129;129;129,0;129,0;129,0;1,000000000000000;1,000000000000000;1,000000000000000;1,000000000000000;1,000000000000000;1,000000000000000;1,0000000000000000;1,0000000000000000;1,0000000000000000;1,0000000000000000;1,0000000000000000
2022-01-04;60+;74;74,0;74;74;74;74;74;74;74;74;74;74,0;290;290,0;290;290,0;290;290,0;290;290;290;290,0;290,0;290,0;1,000000000000000;1,000000000000000;1,000000000000000;1,000000000000000;1,000000000000000;1,000000000000000;1,0000000000000000;1,0000000000000000;1,0000000000000000;1,0000000000000000;1,0000000000000000
2022-01-04;alle;110;110,0;110;110;110;110;110;110;110;110;110;110,0;419;419,0;419;419,0;419;419,0;419;419;419;419,0;419,0;419,0;NA;NA;NA;NA;NA;NA;NA;NA;NA;NA;NA
2022-01-03;0-60;10;10,0;10;10;10;10;10;10;10;10;10;10,0;125;125,0;125;125,0;125;125,0;125;125;125;125,0;125,0;125,0;1,000000000000000;1,000000000000000;1,000000000000000;1,000000000000000;1,000000000000000;1,000000000000000;1,0000000000000000;1,0000000000000000;1,0000000000000000;1,0000000000000000;1,0000000000000000
2022-01-03;60+;15;15,0;15;15;15;15;15;15;15;15;15;15,0;280;280,0;280;280,0;280;280,0;280;280;280;280,0;280,0;280,0;1,000000000000000;1,000000000000000;1,000000000000000;1,000000000000000;1,000000000000000;1,000000000000000;1,0000000000000000;1,0000000000000000;1,0000000000000000;1,0000000000000000;1,0000000000000000
2022-01-03;alle;25;25,0;25;25;25;25;25;25;25;25;25;25,0;405;405,0;405;405,0;405;405,0;405;405;405;405,0;405,0;405,0;NA;NA;NA;NA;NA;NA;NA;NA;NA;NA;NA
2022-01-02;0-60;12;12,0;12;12;12;12;12;12;12;12;12;12,0;125;125,0;125;125,0;125;125,0;125;125;125;125,0;125,0;125,0;1,000000000000000;1,000000000000000;1,000000000000000;1,000000000000000;1,000000000000000;1,000000000000000;1,0000000000000000;1,0000000000000000;1,0000000000000000;1,0000000000000000;1,0000000000000000
2022-01-02;60+;17;17,0;17;17;17;17;17;17;17;17;17;17,0;294;294,0;294;294,0;294;294,0;294;294;294;294,0;294,0;294,0;1,000000000000000;1,000000000000000;1,000000000000000;1,000000000000000;1,000000000000000;1,000000000000000;1,0000000000000000;1,0000000000000000;1,0000000000000000;1,0000000000000000;1,0000000000000000
2022-01-02;alle;29;29,0;29;29;29;29;29;29;29;29;29;29,0;419;419,0;419;419,0;419;419,0;419;419;419;419,0;419,0;419,0;NA;NA;NA;NA;NA;NA;NA;NA;NA;NA;NA
2022-01-01;0-60;9;9,0;9;9;9;9;9;9;9;9;9;9,0;123;123,0;123;123,0;123;123,0;123;123;123;123,0;123,0;123,0;1,000000000000000;1,000000000000000;1,000000000000000;1,000000000000000;1,000000000000000;1,000000000000000;1,0000000000000000;1,0000000000000000;1,0000000000000000;1,0000000000000000;1,0000000000000000
2022-01-01;60+;27;27,0;27;27;27;27;27;27;27;27;27;27,0;293;293,0;293;293,0;293;293,0;293;293;293;293,0;293,0;293,0;1,000000000000000;1,000000000000000;1,000000000000000;1,000000000000000;1,000000000000000;1,000000000000000;1,0000000000000000;1,0000000000000000;1,0000000000000000;1,0000000000000000;1,0000000000000000
2022-01-01;alle;36;36,0;36;36;36;36;36;36;36;36;36;36,0;416;416,0;416;416,0;416;416,0;416;416;416;416,0;416,0;416,0;NA;NA;NA;NA;NA;NA;NA;NA;NA;NA;NA
2021-12-31;0-60;18;18,0;18;18;18;18;18;18;18;18;18;18,0;126;126,0;126;126,0;126;126,0;126;126;126;126,0;126,0;126,0;1,000000000000000;1,000000000000000;1,000000000000000;1,000000000000000;1,000000000000000;1,000000000000000;1,0000000000000000;1,0000000000000000;1,0000000000000000;1,0000000000000000;1,0000000000000000
2021-12-31;60+;46;46,0;46;46;46;46;46;46;46;46;46;46,0;290;290,0;290;290,0;290;290,0;290;290;290;290,0;290,0;290,0;1,000000000000000;1,000000000000000;1,000000000000000;1,000000000000000;1,000000000000000;1,000000000000000;1,0000000000000000;1,0000000000000000;1,0000000000000000;1,0000000000000000;1,0000000000000000
2021-12-31;alle;64;64,0;64;64;64;64;64;64;64;64;64;64,0;416;416,0;416;416,0;416;416,0;416;416;416;416,0;416,0;416,0;NA;NA;NA;NA;NA;NA;NA;NA;NA;NA;NA
2021-12-30;0-60;19;19,0;19;19;19;19;19;19;19;19;19;19,0;135;135,0;135;135,0;135;135,0;135;135;135;135,0;135,0;135,0;1,000000000000000;1,000000000000000;1,000000000000000;1,000000000000000;1,000000000000000;1,000000000000000;1,0000000000000000;1,0000000000000000;1,0000000000000000;1,0000000000000000;1,0000000000000000
2021-12-30;60+;44;44,0;44;44;44;44;44;44;44;44;44;44,0;295;295,0;295;295,0;295;295,0;295;295;295;295,0;295,0;295,0;1,000000000000000;1,000000000000000;1,000000000000000;1,000000000000000;1,000000000000000;1,000000000000000;1,0000000000000000;1,0000000000000000;1,0000000000000000;1,0000000000000000;1,0000000000000000
2021-12-30;alle;63;63,0;63;63;63;63;63;63;63;63;63;63,0;430;430,0;430;430,0;430;430,0;430;430;430;430,0;430,0;430,0;NA;NA;NA;NA;NA;NA;NA;NA;NA;NA;NA
2021-12-29;0-60;25;25,0;25;25;25;25;25;25;25;25;25;25,0;149;149,0;149;149,0;149;149,0;149;149;149;149,0;149,0;149,0;1,000000000000000;1,000000000000000;1,000000000000000;1,000000000000000;1,000000000000000;1,000000000000000;1,0000000000000000;1,0000000000000000;1,0000000000000000;1,0000000000000000;1,0000000000000000
2021-12-29;60+;67;67,0;67;67;67;67;67;67;67;67;67;67,0;318;318,0;318;318,0;318;318,0;318;318;318;318,0;318,0;318,0;1,000000000000000;1,000000000000000;1,000000000000000;1,000000000000000;1,000000000000000;1,000000000000000;1,0000000000000000;1,0000000000000000;1,0000000000000000;1,0000000000000000;1,0000000000000000
2021-12-29;alle;92;92,0;92;92;92;92;92;92;92;92;92;92,0;467;467,0;467;467,0;467;467,0;467;467;467;467,0;467,0;467,0;NA;NA;NA;NA;NA;NA;NA;NA;NA;NA;NA
2021-12-28;0-60;32;32,0;32;32;32;32;32;32;32;32;32;32,0;162;162,0;162;162,0;162;162,0;162;162;162;162,0;162,0;162,0;1,000000000000000;1,000000000000000;1,000000000000000;1,000000000000000;1,000000000000000;1,000000000000000;1,0000000000000000;1,0000000000000000;1,0000000000000000;1,0000000000000000;1,0000000000000000
2021-12-28;60+;64;64,0;64;64;64;64;64;64;64;64;64;64,0;367;367,0;367;367,0;367;367,0;367;367;367;367,0;367,0;367,0;1,000000000000000;1,000000000000000;1,000000000000000;1,000000000000000;1,000000000000000;1,000000000000000;1,0000000000000000;1,0000000000000000;1,0000000000000000;1,0000000000000000;1,0000000000000000
2021-12-28;alle;96;96,0;96;96;96;96;96;96;96;96;96;96,0;529;529,0;529;529,0;529;529,0;529;529;529;529,0;529,0;529,0;NA;NA;NA;NA;NA;NA;NA;NA;NA;NA;NA
2021-12-27;0-60;10;10,0;10;10;10;10;10;10;10;10;10;10,0;167;167,0;167;167,0;167;167,0;167;167;167;167,0;167,0;167,0;1,000000000000000;1,000000000000000;1,000000000000000;1,000000000000000;1,000000000000000;1,000000000000000;1,0000000000000000;1,0000000000000000;1,0000000000000000;1,0000000000000000;1,0000000000000000
2021-12-27;60+;29;29,0;29;29;29;29;29;29;29;29;29;29,0;380;380,0;380;380,0;380;380,0;380;380;380;380,0;380,0;380,0;1,000000000000000;1,000000000000000;1,000000000000000;1,000000000000000;1,000000000000000;1,000000000000000;1,0000000000000000;1,0000000000000000;1,0000000000000000;1,0000000000000000;1,0000000000000000
2021-12-27;alle;39;39,0;39;39;39;39;39;39;39;39;39;39,0;547;547,0;547;547,0;547;547,0;547;547;547;547,0;547,0;547,0;NA;NA;NA;NA;NA;NA;NA;NA;NA;NA;NA
2021-12-26;0-60;10;10,0;10;10;10;10;10;10;10;10;10;10,0;168;168,0;168;168,0;168;168,0;168;168;168;168,0;168,0;168,0;1,000000000000000;1,000000000000000;1,000000000000000;1,000000000000000;1,000000000000000;1,000000000000000;1,0000000000000000;1,0000000000000000;1,0000000000000000;1,0000000000000000;1,0000000000000000
2021-12-26;60+;16;16,0;16;16;16;16;16;16;16;16;16;16,0;381;381,0;381;381,0;381;381,0;381;381;381;381,0;381,0;381,0;1,000000000000000;1,000000000000000;1,000000000000000;1,000000000000000;1,000000000000000;1,000000000000000;1,0000000000000000;1,0000000000000000;1,0000000000000000;1,0000000000000000;1,0000000000000000
2021-12-26;alle;26;26,0;26;26;26;26;26;26;26;26;26;26,0;549;549,0;549;549,0;549;549,0;549;549;549;549,0;549,0;549,0;NA;NA;NA;NA;NA;NA;NA;NA;NA;NA;NA
2021-12-25;0-60;12;12,0;12;12;12;12;12;12;12;12;12;12,0;180;180,0;180;180,0;180;180,0;180;180;180;180,0;180,0;180,0;1,000000000000000;1,000000000000000;1,000000000000000;1,000000000000000;1,000000000000000;1,000000000000000;1,0000000000000000;1,0000000000000000;1,0000000000000000;1,0000000000000000;1,0000000000000000
2021-12-25;60+;24;24,0;24;24;24;24;24;24;24;24;24;24,0;401;401,0;401;401,0;401;401,0;401;401;401;401,0;401,0;401,0;1,000000000000000;1,000000000000000;1,000000000000000;1,000000000000000;1,000000000000000;1,000000000000000;1,0000000000000000;1,0000000000000000;1,0000000000000000;1,0000000000000000;1,0000000000000000
2021-12-25;alle;36;36,0;36;36;36;36;36;36;36;36;36;36,0;581;581,0;581;581,0;581;581,0;581;581;581;581,0;581,0;581,0;NA;NA;NA;NA;NA;NA;NA;NA;NA;NA;NA
2021-12-24;0-60;27;27,0;27;27;27;27;27;27;27;27;27;27,0;205;205,0;205;205,0;205;205,0;205;205;205;205,0;205,0;205,0;1,000000000000000;1,000000000000000;1,000000000000000;1,000000000000000;1,000000000000000;1,000000000000000;1,0000000000000000;1,0000000000000000;1,0000000000000000;1,0000000000000000;1,0000000000000000
2021-12-24;60+;51;51,0;51;51;51;51;51;51;51;51;51;51,0;452;452,0;452;452,0;452;452,0;452;452;452;452,0;452,0;452,0;1,000000000000000;1,000000000000000;1,000000000000000;1,000000000000000;1,000000000000000;1,000000000000000;1,0000000000000000;1,0000000000000000;1,0000000000000000;1,0000000000000000;1,0000000000000000
2021-12-24;alle;78;78,0;78;78;78;78;78;78;78;78;78;78,0;657;657,0;657;657,0;657;657,0;657;657;657;657,0;657,0;657,0;NA;NA;NA;NA;NA;NA;NA;NA;NA;NA;NA
2021-12-23;0-60;33;33,0;33;33;33;33;33;33;33;33;33;33,0;207;207,0;207;207,0;207;207,0;207;207;207;207,0;207,0;207,0;1,000000000000000;1,000000000000000;1,000000000000000;1,000000000000000;1,000000000000000;1,000000000000000;1,0000000000000000;1,0000000000000000;1,0000000000000000;1,0000000000000000;1,0000000000000000
2021-12-23;60+;67;67,0;67;67;67;67;67;67;67;67;67;67,0;471;471,0;471;471,0;471;471,0;471;471;471;471,0;471,0;471,0;1,000000000000000;1,000000000000000;1,000000000000000;1,000000000000000;1,000000000000000;1,000000000000000;1,0000000000000000;1,0000000000000000;1,0000000000000000;1,0000000000000000;1,0000000000000000
2021-12-23;alle;100;100,0;100;100;100;100;100;100;100;100;100;100,0;678;678,0;678;678,0;678;678,0;678;678;678;678,0;678,0;678,0;NA;NA;NA;NA;NA;NA;NA;NA;NA;NA;NA
2021-12-22;0-60;38;38,0;38;38;38;38;38;38;38;38;38;38,0;202;202,0;202;202,0;202;202,0;202;202;202;202,0;202,0;202,0;1,000000000000000;1,000000000000000;1,000000000000000;1,000000000000000;1,000000000000000;1,000000000000000;1,0000000000000000;1,0000000000000000;1,0000000000000000;1,0000000000000000;1,0000000000000000
2021-12-22;60+;116;116,0;116;116;116;116;116;116;116;116;116;116,0;526;526,0;526;526,0;526;526,0;526;526;526;526,0;526,0;526,0;1,000000000000000;1,000000000000000;1,000000000000000;1,000000000000000;1,000000000000000;1,000000000000000;1,0000000000000000;1,0000000000000000;1,0000000000000000;1,0000000000000000;1,0000000000000000
2021-12-22;alle;154;154,0;154;154;154;154;154;154;154;154;154;154,0;728;728,0;728;728,0;728;728,0;728;728;728;728,0;728,0;728,0;NA;NA;NA;NA;NA;NA;NA;NA;NA;NA;NA
2021-12-21;0-60;37;37,0;37;37;37;37;37;37;37;37;37;37,0;219;219,0;219;219,0;219;219,0;219;219;219;219,0;219,0;219,0;1,000000000000000;1,000000000000000;1,000000000000000;1,000000000000000;1,000000000000000;1,000000000000000;1,0000000000000000;1,0000000000000000;1,0000000000000000;1,0000000000000000;1,0000000000000000
2021-12-21;60+;77;77,0;77;77;77;77;77;77;77;77;77;77,0;529;529,0;529;529,0;529;529,0;529;529;529;529,0;529,0;529,0;1,000000000000000;1,000000000000000;1,000000000000000;1,000000000000000;1,000000000000000;1,000000000000000;1,0000000000000000;1,0000000000000000;1,0000000000000000;1,0000000000000000;1,0000000000000000
2021-12-21;alle;114;114,0;114;114;114;114;114;114;114;114;114;114,0;748;748,0;748;748,0;748;748,0;748;748;748;748,0;748,0;748,0;NA;NA;NA;NA;NA;NA;NA;NA;NA;NA;NA
2021-12-20;0-60;11;11,0;11;11;11;11;11;11;11;11;11;11,0;227;227,0;227;227,0;227;227,0;227;227;227;227,0;227,0;227,0;1,000000000000000;1,000000000000000;1,000000000000000;1,000000000000000;1,000000000000000;1,000000000000000;1,0000000000000000;1,0000000000000000;1,0000000000000000;1,0000000000000000;1,0000000000000000
2021-12-20;60+;30;30,0;30;30;30;30;30;30;30;30;30;30,0;550;550,0;550;550,0;550;550,0;550;550;550;550,0;550,0;550,0;1,000000000000000;1,000000000000000;1,000000000000000;1,000000000000000;1,000000000000000;1,000000000000000;1,0000000000000000;1,0000000000000000;1,0000000000000000;1,0000000000000000;1,0000000000000000
2021-12-20;alle;41;41,0;41;41;41;41;41;41;41;41;41;41,0;777;777,0;777;777,0;777;777,0;777;777;777;777,0;777,0;777,0;NA;NA;NA;NA;NA;NA;NA;NA;NA;NA;NA
2021-12-19;0-60;22;22,0;22;22;22;22;22;22;22;22;22;22,0;232;232,0;232;232,0;232;232,0;232;232;232;232,0;232,0;232,0;1,000000000000000;1,000000000000000;1,000000000000000;1,000000000000000;1,000000000000000;1,000000000000000;1,0000000000000000;1,0000000000000000;1,0000000000000000;1,0000000000000000;1,0000000000000000
2021-12-19;60+;36;36,0;36;36;36;36;36;36;36;36;36;36,0;556;556,0;556;556,0;556;556,0;556;556;556;556,0;556,0;556,0;1,000000000000000;1,000000000000000;1,000000000000000;1,000000000000000;1,000000000000000;1,000000000000000;1,0000000000000000;1,0000000000000000;1,0000000000000000;1,0000000000000000;1,0000000000000000
2021-12-19;alle;58;58,0;58;58;58;58;58;58;58;58;58;58,0;788;788,0;788;788,0;788;788,0;788;788;788;788,0;788,0;788,0;NA;NA;NA;NA;NA;NA;NA;NA;NA;NA;NA
2021-12-18;0-60;37;37,0;37;37;37;37;37;37;37;37;37;37,0;238;238,0;238;238,0;238;238,0;238;238;238;238,0;238,0;238,0;1,000000000000000;1,000000000000000;1,000000000000000;1,000000000000000;1,000000000000000;1,000000000000000;1,0000000000000000;1,0000000000000000;1,0000000000000000;1,0000000000000000;1,0000000000000000
2021-12-18;60+;75;75,0;75;75;75;75;75;75;75;75;75;75,0;578;578,0;578;578,0;578;578,0;578;578;578;578,0;578,0;578,0;1,000000000000000;1,000000000000000;1,000000000000000;1,000000000000000;1,000000000000000;1,000000000000000;1,0000000000000000;1,0000000000000000;1,0000000000000000;1,0000000000000000;1,0000000000000000
2021-12-18;alle;112;112,0;112;112;112;112;112;112;112;112;112;112,0;816;816,0;816;816,0;816;816,0;816;816;816;816,0;816,0;816,0;NA;NA;NA;NA;NA;NA;NA;NA;NA;NA;NA
2021-12-17;0-60;29;29,0;29;29;29;29;29;29;29;29;29;29,0;254;254,0;254;254,0;254;254,0;254;254;254;254,0;254,0;254,0;1,000000000000000;1,000000000000000;1,000000000000000;1,000000000000000;1,000000000000000;1,000000000000000;1,0000000000000000;1,0000000000000000;1,0000000000000000;1,0000000000000000;1,0000000000000000
2021-12-17;60+;70;70,0;70;70;70;70;70;70;70;70;70;70,0;628;628,0;628;628,0;628;628,0;628;628;628;628,0;628,0;628,0;1,000000000000000;1,000000000000000;1,000000000000000;1,000000000000000;1,000000000000000;1,000000000000000;1,0000000000000000;1,0000000000000000;1,0000000000000000;1,0000000000000000;1,0000000000000000
2021-12-17;alle;99;99,0;99;99;99;99;99;99;99;99;99;99,0;882;882,0;882;882,0;882;882,0;882;882;882;882,0;882,0;882,0;NA;NA;NA;NA;NA;NA;NA;NA;NA;NA;NA
2021-12-16;0-60;28;28,0;28;28;28;28;28;28;28;28;28;28,0;277;277,0;277;277,0;277;277,0;277;277;277;277,0;277,0;277,0;1,000000000000000;1,000000000000000;1,000000000000000;1,000000000000000;1,000000000000000;1,000000000000000;1,0000000000000000;1,0000000000000000;1,0000000000000000;1,0000000000000000;1,0000000000000000
2021-12-16;60+;122;122,0;122;122;122;122;122;122;122;122;122;122,0;658;658,0;658;658,0;658;658,0;658;658;658;658,0;658,0;658,0;1,000000000000000;1,000000000000000;1,000000000000000;1,000000000000000;1,000000000000000;1,000000000000000;1,0000000000000000;1,0000000000000000;1,0000000000000000;1,0000000000000000;1,0000000000000000
2021-12-16;alle;150;150,0;150;150;150;150;150;150;150;150;150;150,0;935;935,0;935;935,0;935;935,0;935;935;935;935,0;935,0;935,0;NA;NA;NA;NA;NA;NA;NA;NA;NA;NA;NA
2021-12-15;0-60;55;55,0;55;55;55;55;55;55;55;55;55;55,0;293;293,0;293;293,0;293;293,0;293;293;293;293,0;293,0;293,0;1,000000000000000;1,000000000000000;1,000000000000000;1,000000000000000;1,000000000000000;1,000000000000000;1,0000000000000000;1,0000000000000000;1,0000000000000000;1,0000000000000000;1,0000000000000000
2021-12-15;60+;119;119,0;119;119;119;119;119;119;119;119;119;119,0;640;640,0;640;640,0;640;640,0;640;640;640;640,0;640,0;640,0;1,000000000000000;1,000000000000000;1,000000000000000;1,000000000000000;1,000000000000000;1,000000000000000;1,0000000000000000;1,0000000000000000;1,0000000000000000;1,0000000000000000;1,0000000000000000
2021-12-15;alle;174;174,0;174;174;174;174;174;174;174;174;174;174,0;933;933,0;933;933,0;933;933,0;933;933;933;933,0;933,0;933,0;NA;NA;NA;NA;NA;NA;NA;NA;NA;NA;NA
2021-12-14;0-60;45;45,0;45;45;45;45;45;45;45;45;45;45,0;287;287,0;287;287,0;287;287,0;287;287;287;287,0;287,0;287,0;1,000000000000000;1,000000000000000;1,000000000000000;1,000000000000000;1,000000000000000;1,000000000000000;1,0000000000000000;1,0000000000000000;1,0000000000000000;1,0000000000000000;1,0000000000000000
2021-12-14;60+;98;98,0;98;98;98;98;98;98;98;98;98;98,0;641;641,0;641;641,0;641;641,0;641;641;641;641,0;641,0;641,0;1,000000000000000;1,000000000000000;1,000000000000000;1,000000000000000;1,000000000000000;1,000000000000000;1,0000000000000000;1,0000000000000000;1,0000000000000000;1,0000000000000000;1,0000000000000000
2021-12-14;alle;143;143,0;143;143;143;143;143;143;143;143;143;143,0;928;928,0;928;928,0;928;928,0;928;928;928;928,0;928,0;928,0;NA;NA;NA;NA;NA;NA;NA;NA;NA;NA;NA
2021-12-13;0-60;16;16,0;16;16;16;16;16;16;16;16;16;16,0;305;305,0;305;305,0;305;305,0;305;305;305;305,0;305,0;305,0;1,000000000000000;1,000000000000000;1,000000000000000;1,000000000000000;1,000000000000000;1,000000000000000;1,0000000000000000;1,0000000000000000;1,0000000000000000;1,0000000000000000;1,0000000000000000
2021-12-13;60+;36;36,0;36;36;36;36;36;36;36;36;36;36,0;694;694,0;694;694,0;694;694,0;694;694;694;694,0;694,0;694,0;1,000000000000000;1,000000000000000;1,000000000000000;1,000000000000000;1,000000000000000;1,000000000000000;1,0000000000000000;1,0000000000000000;1,0000000000000000;1,0000000000000000;1,0000000000000000
2021-12-13;alle;52;52,0;52;52;52;52;52;52;52;52;52;52,0;999;999,0;999;999,0;999;999,0;999;999;999;999,0;999,0;999,0;NA;NA;NA;NA;NA;NA;NA;NA;NA;NA;NA
2021-12-12;0-60;28;28,0;28;28;28;28;28;28;28;28;28;28,0;306;306,0;306;306,0;306;306,0;306;306;306;306,0;306,0;306,0;1,000000000000000;1,000000000000000;1,000000000000000;1,000000000000000;1,000000000000000;1,000000000000000;1,0000000000000000;1,0000000000000000;1,0000000000000000;1,0000000000000000;1,0000000000000000
2021-12-12;60+;58;58,0;58;58;58;58;58;58;58;58;58;58,0;726;726,0;726;726,0;726;726,0;726;726;726;726,0;726,0;726,0;1,000000000000000;1,000000000000000;1,000000000000000;1,000000000000000;1,000000000000000;1,000000000000000;1,0000000000000000;1,0000000000000000;1,0000000000000000;1,0000000000000000;1,0000000000000000
2021-12-12;alle;86;86,0;86;86;86;86;86;86;86;86;86;86,0;1032;1032,0;1032;1032,0;1032;1032,0;1032;1032;1032;1032,0;1032,0;1032,0;NA;NA;NA;NA;NA;NA;NA;NA;NA;NA;NA
2021-12-11;0-60;53;53,0;53;53;53;53;53;53;53;53;53;53,0;308;308,0;308;308,0;308;308,0;308;308;308;308,0;308,0;308,0;1,000000000000000;1,000000000000000;1,000000000000000;1,000000000000000;1,000000000000000;1,000000000000000;1,0000000000000000;1,0000000000000000;1,0000000000000000;1,0000000000000000;1,0000000000000000
2021-12-11;60+;125;125,0;125;125;125;125;125;125;125;125;125;125,0;727;727,0;727;727,0;727;727,0;727;727;727;727,0;727,0;727,0;1,000000000000000;1,000000000000000;1,000000000000000;1,000000000000000;1,000000000000000;1,000000000000000;1,0000000000000000;1,0000000000000000;1,0000000000000000;1,0000000000000000;1,0000000000000000
2021-12-11;alle;178;178,0;178;178;178;178;178;178;178;178;178;178,0;1035;1035,0;1035;1035,0;1035;1035,0;1035;1035;1035;1035,0;1035,0;1035,0;NA;NA;NA;NA;NA;NA;NA;NA;NA;NA;NA
2021-12-10;0-60;52;52,0;52;52;52;52;52;52;52;52;52;52,0;311;311,0;311;311,0;311;311,0;311;311;311;311,0;311,0;311,0;1,000000000000000;1,000000000000000;1,000000000000000;1,000000000000000;1,000000000000000;1,000000000000000;1,0000000000000000;1,0000000000000000;1,0000000000000000;1,0000000000000000;1,0000000000000000
2021-12-10;60+;100;100,0;100;100;100;100;100;100;100;100;100;100,0;741;741,0;741;741,0;741;741,0;741;741;741;741,0;741,0;741,0;1,000000000000000;1,000000000000000;1,000000000000000;1,000000000000000;1,000000000000000;1,000000000000000;1,0000000000000000;1,0000000000000000;1,0000000000000000;1,0000000000000000;1,0000000000000000
2021-12-10;alle;152;152,0;152;152;152;152;152;152;152;152;152;152,0;1052;1052,0;1052;1052,0;1052;1052,0;1052;1052;1052;1052,0;1052,0;1052,0;NA;NA;NA;NA;NA;NA;NA;NA;NA;NA;NA
2021-12-09;0-60;44;44,0;44;44;44;44;44;44;44;44;44;44,0;305;305,0;305;305,0;305;305,0;305;305;305;305,0;305,0;305,0;1,000000000000000;1,000000000000000;1,000000000000000;1,000000000000000;1,000000000000000;1,000000000000000;1,0000000000000000;1,0000000000000000;1,0000000000000000;1,0000000000000000;1,0000000000000000
2021-12-09;60+;104;104,0;104;104;104;104;104;104;104;104;104;104,0;744;744,0;744;744,0;744;744,0;744;744;744;744,0;744,0;744,0;1,000000000000000;1,000000000000000;1,000000000000000;1,000000000000000;1,000000000000000;1,000000000000000;1,0000000000000000;1,0000000000000000;1,0000000000000000;1,0000000000000000;1,0000000000000000
2021-12-09;alle;148;148,0;148;148;148;148;148;148;148;148;148;148,0;1049;1049,0;1049;1049,0;1049;1049,0;1049;1049;1049;1049,0;1049,0;1049,0;NA;NA;NA;NA;NA;NA;NA;NA;NA;NA;NA
2021-12-08;0-60;49;49,0;49;49;49;49;49;49;49;49;49;49,0;314;314,0;314;314,0;314;314,0;314;314;314;314,0;314,0;314,0;1,000000000000000;1,000000000000000;1,000000000000000;1,000000000000000;1,000000000000000;1,000000000000000;1,0000000000000000;1,0000000000000000;1,0000000000000000;1,0000000000000000;1,0000000000000000
2021-12-08;60+;120;120,0;120;120;120;120;120;120;120;120;120;120,0;752;752,0;752;752,0;752;752,0;752;752;752;752,0;752,0;752,0;1,000000000000000;1,000000000000000;1,000000000000000;1,000000000000000;1,000000000000000;1,000000000000000;1,0000000000000000;1,0000000000000000;1,0000000000000000;1,0000000000000000;1,0000000000000000
2021-12-08;alle;169;169,0;169;169;169;169;169;169;169;169;169;169,0;1066;1066,0;1066;1066,0;1066;1066,0;1066;1066;1066;1066,0;1066,0;1066,0;NA;NA;NA;NA;NA;NA;NA;NA;NA;NA;NA
2021-12-07;0-60;63;63,0;63;63;63;63;63;63;63;63;63;63,0;306;306,0;306;306,0;306;306,0;306;306;306;306,0;306,0;306,0;1,000000000000000;1,000000000000000;1,000000000000000;1,000000000000000;1,000000000000000;1,000000000000000;1,0000000000000000;1,0000000000000000;1,0000000000000000;1,0000000000000000;1,0000000000000000
2021-12-07;60+;151;151,0;151;151;151;151;151;151;151;151;151;151,0;745;745,0;745;745,0;745;745,0;745;745;745;745,0;745,0;745,0;1,000000000000000;1,000000000000000;1,000000000000000;1,000000000000000;1,000000000000000;1,000000000000000;1,0000000000000000;1,0000000000000000;1,0000000000000000;1,0000000000000000;1,0000000000000000
2021-12-07;alle;214;214,0;214;214;214;214;214;214;214;214;214;214,0;1051;1051,0;1051;1051,0;1051;1051,0;1051;1051;1051;1051,0;1051,0;1051,0;NA;NA;NA;NA;NA;NA;NA;NA;NA;NA;NA
2021-12-06;0-60;17;17,0;17;17;17;17;17;17;17;17;17;17,0;292;292,0;292;292,0;292;292,0;292;292;292;292,0;292,0;292,0;1,000000000000000;1,000000000000000;1,000000000000000;1,000000000000000;1,000000000000000;1,000000000000000;1,0000000000000000;1,0000000000000000;1,0000000000000000;1,0000000000000000;1,0000000000000000
2021-12-06;60+;68;68,0;68;68;68;68;68;68;68;68;68;68,0;701;701,0;701;701,0;701;701,0;701;701;701;701,0;701,0;701,0;1,000000000000000;1,000000000000000;1,000000000000000;1,000000000000000;1,000000000000000;1,000000000000000;1,0000000000000000;1,0000000000000000;1,0000000000000000;1,0000000000000000;1,0000000000000000
2021-12-06;alle;85;85,0;85;85;85;85;85;85;85;85;85;85,0;993;993,0;993;993,0;993;993,0;993;993;993;993,0;993,0;993,0;NA;NA;NA;NA;NA;NA;NA;NA;NA;NA;NA
2021-12-05;0-60;30;30,0;30;30;30;30;30;30;30;30;30;30,0;294;294,0;294;294,0;294;294,0;294;294;294;294,0;294,0;294,0;1,000000000000000;1,000000000000000;1,000000000000000;1,000000000000000;1,000000000000000;1,000000000000000;1,0000000000000000;1,0000000000000000;1,0000000000000000;1,0000000000000000;1,0000000000000000
2021-12-05;60+;59;59,0;59;59;59;59;59;59;59;59;59;59,0;689;689,0;689;689,0;689;689,0;689;689;689;689,0;689,0;689,0;1,000000000000000;1,000000000000000;1,000000000000000;1,000000000000000;1,000000000000000;1,000000000000000;1,0000000000000000;1,0000000000000000;1,0000000000000000;1,0000000000000000;1,0000000000000000
2021-12-05;alle;89;89,0;89;89;89;89;89;89;89;89;89;89,0;983;983,0;983;983,0;983;983,0;983;983;983;983,0;983,0;983,0;NA;NA;NA;NA;NA;NA;NA;NA;NA;NA;NA
2021-12-04;0-60;56;56,0;56;56;56;56;56;56;56;56;56;56,0;286;286,0;286;286,0;286;286,0;286;286;286;286,0;286,0;286,0;1,000000000000000;1,000000000000000;1,000000000000000;1,000000000000000;1,000000000000000;1,000000000000000;1,0000000000000000;1,0000000000000000;1,0000000000000000;1,0000000000000000;1,0000000000000000
2021-12-04;60+;139;139,0;139;139;139;139;139;139;139;139;139;139,0;700;700,0;700;700,0;700;700,0;700;700;700;700,0;700,0;700,0;1,000000000000000;1,000000000000000;1,000000000000000;1,000000000000000;1,000000000000000;1,000000000000000;1,0000000000000000;1,0000000000000000;1,0000000000000000;1,0000000000000000;1,0000000000000000
2021-12-04;alle;195;195,0;195;195;195;195;195;195;195;195;195;195,0;986;986,0;986;986,0;986;986,0;986;986;986;986,0;986,0;986,0;NA;NA;NA;NA;NA;NA;NA;NA;NA;NA;NA
2021-12-03;0-60;46;46,0;46;46;46;46;46;46;46;46;46;46,0;274;274,0;274;274,0;274;274,0;274;274;274;274,0;274,0;274,0;1,000000000000000;1,000000000000000;1,000000000000000;1,000000000000000;1,000000000000000;1,000000000000000;1,0000000000000000;1,0000000000000000;1,0000000000000000;1,0000000000000000;1,0000000000000000
2021-12-03;60+;103;103,0;103;103;103;103;103;103;103;103;103;103,0;687;687,0;687;687,0;687;687,0;687;687;687;687,0;687,0;687,0;1,000000000000000;1,000000000000000;1,000000000000000;1,000000000000000;1,000000000000000;1,000000000000000;1,0000000000000000;1,0000000000000000;1,0000000000000000;1,0000000000000000;1,0000000000000000
2021-12-03;alle;149;149,0;149;149;149;149;149;149;149;149;149;149,0;961;961,0;961;961,0;961;961,0;961;961;961;961,0;961,0;961,0;NA;NA;NA;NA;NA;NA;NA;NA;NA;NA;NA
2021-12-02;0-60;53;53,0;53;53;53;53;53;53;53;53;53;53,0;286;286,0;286;286,0;286;286,0;286;286;286;286,0;286,0;286,0;1,000000000000000;1,000000000000000;1,000000000000000;1,000000000000000;1,000000000000000;1,000000000000000;1,0000000000000000;1,0000000000000000;1,0000000000000000;1,0000000000000000;1,0000000000000000
2021-12-02;60+;112;112,0;112;112;112;112;112;112;112;112;112;112,0;699;699,0;699;699,0;699;699,0;699;699;699;699,0;699,0;699,0;1,000000000000000;1,000000000000000;1,000000000000000;1,000000000000000;1,000000000000000;1,000000000000000;1,0000000000000000;1,0000000000000000;1,0000000000000000;1,0000000000000000;1,0000000000000000
2021-12-02;alle;165;165,0;165;165;165;165;165;165;165;165;165;165,0;985;985,0;985;985,0;985;985,0;985;985;985;985,0;985,0;985,0;NA;NA;NA;NA;NA;NA;NA;NA;NA;NA;NA
2021-12-01;0-60;41;41,0;41;41;41;41;41;41;41;41;41;41,0;286;286,0;286;286,0;286;286,0;286;286;286;286,0;286,0;286,0;1,000000000000000;1,000000000000000;1,000000000000000;1,000000000000000;1,000000000000000;1,000000000000000;1,0000000000000000;1,0000000000000000;1,0000000000000000;1,0000000000000000;1,0000000000000000
2021-12-01;60+;113;113,0;113;113;113;113;113;113;113;113;113;113,0;697;697,0;697;697,0;697;697,0;697;697;697;697,0;697,0;697,0;1,000000000000000;1,000000000000000;1,000000000000000;1,000000000000000;1,000000000000000;1,000000000000000;1,0000000000000000;1,0000000000000000;1,0000000000000000;1,0000000000000000;1,0000000000000000
2021-12-01;alle;154;154,0;154;154;154;154;154;154;154;154;154;154,0;983;983,0;983;983,0;983;983,0;983;983;983;983,0;983,0;983,0;NA;NA;NA;NA;NA;NA;NA;NA;NA;NA;NA
2021-11-30;0-60;49;49,0;49;49;49;49;49;49;49;49;49;49,0;307;307,0;307;307,0;307;307,0;307;307;307;307,0;307,0;307,0;1,000000000000000;1,000000000000000;1,000000000000000;1,000000000000000;1,000000000000000;1,000000000000000;1,0000000000000000;1,0000000000000000;1,0000000000000000;1,0000000000000000;1,0000000000000000
2021-11-30;60+;107;107,0;107;107;107;107;107;107;107;107;107;107,0;727;727,0;727;727,0;727;727,0;727;727;727;727,0;727,0;727,0;1,000000000000000;1,000000000000000;1,000000000000000;1,000000000000000;1,000000000000000;1,000000000000000;1,0000000000000000;1,0000000000000000;1,0000000000000000;1,0000000000000000;1,0000000000000000
2021-11-30;alle;156;156,0;156;156;156;156;156;156;156;156;156;156,0;1034;1034,0;1034;1034,0;1034;1034,0;1034;1034;1034;1034,0;1034,0;1034,0;NA;NA;NA;NA;NA;NA;NA;NA;NA;NA;NA
2021-11-29;0-60;19;19,0;19;19;19;19;19;19;19;19;19;19,0;310;310,0;310;310,0;310;310,0;310;310;310;310,0;310,0;310,0;1,000000000000000;1,000000000000000;1,000000000000000;1,000000000000000;1,000000000000000;1,000000000000000;1,0000000000000000;1,0000000000000000;1,0000000000000000;1,0000000000000000;1,0000000000000000
2021-11-29;60+;56;56,0;56;56;56;56;56;56;56;56;56;56,0;758;758,0;758;758,0;758;758,0;758;758;758;758,0;758,0;758,0;1,000000000000000;1,000000000000000;1,000000000000000;1,000000000000000;1,000000000000000;1,000000000000000;1,0000000000000000;1,0000000000000000;1,0000000000000000;1,0000000000000000;1,0000000000000000
2021-11-29;alle;75;75,0;75;75;75;75;75;75;75;75;75;75,0;1068;1068,0;1068;1068,0;1068;1068,0;1068;1068;1068;1068,0;1068,0;1068,0;NA;NA;NA;NA;NA;NA;NA;NA;NA;NA;NA
2021-11-28;0-60;22;22,0;22;22;22;22;22;22;22;22;22;22,0;314;314,0;314;314,0;314;314,0;314;314;314;314,0;314,0;314,0;1,000000000000000;1,000000000000000;1,000000000000000;1,000000000000000;1,000000000000000;1,000000000000000;1,0000000000000000;1,0000000000000000;1,0000000000000000;1,0000000000000000;1,0000000000000000
2021-11-28;60+;70;70,0;70;70;70;70;70;70;70;70;70;70,0;768;768,0;768;768,0;768;768,0;768;768;768;768,0;768,0;768,0;1,000000000000000;1,000000000000000;1,000000000000000;1,000000000000000;1,000000000000000;1,000000000000000;1,0000000000000000;1,0000000000000000;1,0000000000000000;1,0000000000000000;1,0000000000000000
2021-11-28;alle;92;92,0;92;92;92;92;92;92;92;92;92;92,0;1082;1082,0;1082;1082,0;1082;1082,0;1082;1082;1082;1082,0;1082,0;1082,0;NA;NA;NA;NA;NA;NA;NA;NA;NA;NA;NA
2021-11-27;0-60;44;44,0;44;44;44;44;44;44;44;44;44;44,0;316;316,0;316;316,0;316;316,0;316;316;316;316,0;316,0;316,0;1,000000000000000;1,000000000000000;1,000000000000000;1,000000000000000;1,000000000000000;1,000000000000000;1,0000000000000000;1,0000000000000000;1,0000000000000000;1,0000000000000000;1,0000000000000000
2021-11-27;60+;126;126,0;126;126;126;126;126;126;126;126;126;126,0;770;770,0;770;770,0;770;770,0;770;770;770;770,0;770,0;770,0;1,000000000000000;1,000000000000000;1,000000000000000;1,000000000000000;1,000000000000000;1,000000000000000;1,0000000000000000;1,0000000000000000;1,0000000000000000;1,0000000000000000;1,0000000000000000
2021-11-27;alle;170;170,0;170;170;170;170;170;170;170;170;170;170,0;1086;1086,0;1086;1086,0;1086;1086,0;1086;1086;1086;1086,0;1086,0;1086,0;NA;NA;NA;NA;NA;NA;NA;NA;NA;NA;NA
2021-11-26;0-60;58;58,0;58;58;58;58;58;58;58;58;58;58,0;318;318,0;318;318,0;318;318,0;318;318;318;318,0;318,0;318,0;1,000000000000000;1,000000000000000;1,000000000000000;1,000000000000000;1,000000000000000;1,000000000000000;1,0000000000000000;1,0000000000000000;1,0000000000000000;1,0000000000000000;1,0000000000000000
2021-11-26;60+;115;115,0;115;115;115;115;115;115;115;115;115;115,0;760;760,0;760;760,0;760;760,0;760;760;760;760,0;760,0;760,0;1,000000000000000;1,000000000000000;1,000000000000000;1,000000000000000;1,000000000000000;1,000000000000000;1,0000000000000000;1,0000000000000000;1,0000000000000000;1,0000000000000000;1,0000000000000000
2021-11-26;alle;173;173,0;173;173;173;173;173;173;173;173;173;173,0;1078;1078,0;1078;1078,0;1078;1078,0;1078;1078;1078;1078,0;1078,0;1078,0;NA;NA;NA;NA;NA;NA;NA;NA;NA;NA;NA
2021-11-25;0-60;53;53,0;53;53;53;53;53;53;53;53;53;53,0;310;310,0;310;310,0;310;310,0;310;310;310;310,0;310,0;310,0;1,000000000000000;1,000000000000000;1,000000000000000;1,000000000000000;1,000000000000000;1,000000000000000;1,0000000000000000;1,0000000000000000;1,0000000000000000;1,0000000000000000;1,0000000000000000
2021-11-25;60+;110;110,0;110;110;110;110;110;110;110;110;110;110,0;756;756,0;756;756,0;756;756,0;756;756;756;756,0;756,0;756,0;1,000000000000000;1,000000000000000;1,000000000000000;1,000000000000000;1,000000000000000;1,000000000000000;1,0000000000000000;1,0000000000000000;1,0000000000000000;1,0000000000000000;1,0000000000000000
2021-11-25;alle;163;163,0;163;163;163;163;163;163;163;163;163;163,0;1066;1066,0;1066;1066,0;1066;1066,0;1066;1066;1066;1066,0;1066,0;1066,0;NA;NA;NA;NA;NA;NA;NA;NA;NA;NA;NA
2021-11-24;0-60;62;62,0;62;62;62;62;62;62;62;62;62;62,0;293;293,0;293;293,0;293;293,0;293;293;293;293,0;293,0;293,0;1,000000000000000;1,000000000000000;1,000000000000000;1,000000000000000;1,000000000000000;1,000000000000000;1,0000000000000000;1,0000000000000000;1,0000000000000000;1,0000000000000000;1,0000000000000000
2021-11-24;60+;143;143,0;143;143;143;143;143;143;143;143;143;143,0;727;727,0;727;727,0;727;727,0;727;727;727;727,0;727,0;727,0;1,000000000000000;1,000000000000000;1,000000000000000;1,000000000000000;1,000000000000000;1,000000000000000;1,0000000000000000;1,0000000000000000;1,0000000000000000;1,0000000000000000;1,0000000000000000
2021-11-24;alle;205;205,0;205;205;205;205;205;205;205;205;205;205,0;1020;1020,0;1020;1020,0;1020;1020,0;1020;1020;1020;1020,0;1020,0;1020,0;NA;NA;NA;NA;NA;NA;NA;NA;NA;NA;NA
2021-11-23;0-60;52;52,0;52;52;52;52;52;52;52;52;52;52,0;278;278,0;278;278,0;278;278,0;278;278;278;278,0;278,0;278,0;1,000000000000000;1,000000000000000;1,000000000000000;1,000000000000000;1,000000000000000;1,000000000000000;1,0000000000000000;1,0000000000000000;1,0000000000000000;1,0000000000000000;1,0000000000000000
2021-11-23;60+;138;138,0;138;138;138;138;138;138;138;138;138;138,0;705;705,0;705;705,0;705;705,0;705;705;705;705,0;705,0;705,0;1,000000000000000;1,000000000000000;1,000000000000000;1,000000000000000;1,000000000000000;1,000000000000000;1,0000000000000000;1,0000000000000000;1,0000000000000000;1,0000000000000000;1,0000000000000000
2021-11-23;alle;190;190,0;190;190;190;190;190;190;190;190;190;190,0;983;983,0;983;983,0;983;983,0;983;983;983;983,0;983,0;983,0;NA;NA;NA;NA;NA;NA;NA;NA;NA;NA;NA
2021-11-22;0-60;23;23,0;23;23;23;23;23;23;23;23;23;23,0;265;265,0;265;265,0;265;265,0;265;265;265;265,0;265,0;265,0;1,000000000000000;1,000000000000000;1,000000000000000;1,000000000000000;1,000000000000000;1,000000000000000;1,0000000000000000;1,0000000000000000;1,0000000000000000;1,0000000000000000;1,0000000000000000
2021-11-22;60+;66;66,0;66;66;66;66;66;66;66;66;66;66,0;676;676,0;676;676,0;676;676,0;676;676;676;676,0;676,0;676,0;1,000000000000000;1,000000000000000;1,000000000000000;1,000000000000000;1,000000000000000;1,000000000000000;1,0000000000000000;1,0000000000000000;1,0000000000000000;1,0000000000000000;1,0000000000000000
2021-11-22;alle;89;89,0;89;89;89;89;89;89;89;89;89;89,0;941;941,0;941;941,0;941;941,0;941;941;941;941,0;941,0;941,0;NA;NA;NA;NA;NA;NA;NA;NA;NA;NA;NA
2021-11-21;0-60;24;24,0;24;24;24;24;24;24;24;24;24;24,0;255;255,0;255;255,0;255;255,0;255;255;255;255,0;255,0;255,0;1,000000000000000;1,000000000000000;1,000000000000000;1,000000000000000;1,000000000000000;1,000000000000000;1,0000000000000000;1,0000000000000000;1,0000000000000000;1,0000000000000000;1,0000000000000000
2021-11-21;60+;72;72,0;72;72;72;72;72;72;72;72;72;72,0;654;654,0;654;654,0;654;654,0;654;654;654;654,0;654,0;654,0;1,000000000000000;1,000000000000000;1,000000000000000;1,000000000000000;1,000000000000000;1,000000000000000;1,0000000000000000;1,0000000000000000;1,0000000000000000;1,0000000000000000;1,0000000000000000
2021-11-21;alle;96;96,0;96;96;96;96;96;96;96;96;96;96,0;909;909,0;909;909,0;909;909,0;909;909;909;909,0;909,0;909,0;NA;NA;NA;NA;NA;NA;NA;NA;NA;NA;NA
2021-11-20;0-60;46;46,0;46;46;46;46;46;46;46;46;46;46,0;253;253,0;253;253,0;253;253,0;253;253;253;253,0;253,0;253,0;1,000000000000000;1,000000000000000;1,000000000000000;1,000000000000000;1,000000000000000;1,000000000000000;1,0000000000000000;1,0000000000000000;1,0000000000000000;1,0000000000000000;1,0000000000000000
2021-11-20;60+;116;116,0;116;116;116;116;116;116;116;116;116;116,0;631;631,0;631;631,0;631;631,0;631;631;631;631,0;631,0;631,0;1,000000000000000;1,000000000000000;1,000000000000000;1,000000000000000;1,000000000000000;1,000000000000000;1,0000000000000000;1,0000000000000000;1,0000000000000000;1,0000000000000000;1,0000000000000000
2021-11-20;alle;162;162,0;162;162;162;162;162;162;162;162;162;162,0;884;884,0;884;884,0;884;884,0;884;884;884;884,0;884,0;884,0;NA;NA;NA;NA;NA;NA;NA;NA;NA;NA;NA
2021-11-19;0-60;50;50,0;50;50;50;50;50;50;50;50;50;50,0;235;235,0;235;235,0;235;235,0;235;235;235;235,0;235,0;235,0;1,000000000000000;1,000000000000000;1,000000000000000;1,000000000000000;1,000000000000000;1,000000000000000;1,0000000000000000;1,0000000000000000;1,0000000000000000;1,0000000000000000;1,0000000000000000
2021-11-19;60+;111;111,0;111;111;111;111;111;111;111;111;111;111,0;610;610,0;610;610,0;610;610,0;610;610;610;610,0;610,0;610,0;1,000000000000000;1,000000000000000;1,000000000000000;1,000000000000000;1,000000000000000;1,000000000000000;1,0000000000000000;1,0000000000000000;1,0000000000000000;1,0000000000000000;1,0000000000000000
2021-11-19;alle;161;161,0;161;161;161;161;161;161;161;161;161;161,0;845;845,0;845;845,0;845;845,0;845;845;845;845,0;845,0;845,0;NA;NA;NA;NA;NA;NA;NA;NA;NA;NA;NA
2021-11-18;0-60;36;36,0;36;36;36;36;36;36;36;36;36;36,0;223;223,0;223;223,0;223;223,0;223;223;223;223,0;223,0;223,0;1,000000000000000;1,000000000000000;1,000000000000000;1,000000000000000;1,000000000000000;1,000000000000000;1,0000000000000000;1,0000000000000000;1,0000000000000000;1,0000000000000000;1,0000000000000000
2021-11-18;60+;81;81,0;81;81;81;81;81;81;81;81;81;81,0;627;627,0;627;627,0;627;627,0;627;627;627;627,0;627,0;627,0;1,000000000000000;1,000000000000000;1,000000000000000;1,000000000000000;1,000000000000000;1,000000000000000;1,0000000000000000;1,0000000000000000;1,0000000000000000;1,0000000000000000;1,0000000000000000
2021-11-18;alle;117;117,0;117;117;117;117;117;117;117;117;117;117,0;850;850,0;850;850,0;850;850,0;850;850;850;850,0;850,0;850,0;NA;NA;NA;NA;NA;NA;NA;NA;NA;NA;NA
2021-11-17;0-60;47;47,0;47;47;47;47;47;47;47;47;47;47,0;235;235,0;235;235,0;235;235,0;235;235;235;235,0;235,0;235,0;1,000000000000000;1,000000000000000;1,000000000000000;1,000000000000000;1,000000000000000;1,000000000000000;1,0000000000000000;1,0000000000000000;1,0000000000000000;1,0000000000000000;1,0000000000000000
2021-11-17;60+;121;121,0;121;121;121;121;121;121;121;121;121;121,0;658;658,0;658;658,0;658;658,0;658;658;658;658,0;658,0;658,0;1,000000000000000;1,000000000000000;1,000000000000000;1,000000000000000;1,000000000000000;1,000000000000000;1,0000000000000000;1,0000000000000000;1,0000000000000000;1,0000000000000000;1,0000000000000000
2021-11-17;alle;168;168,0;168;168;168;168;168;168;168;168;168;168,0;893;893,0;893;893,0;893;893,0;893;893;893;893,0;893,0;893,0;NA;NA;NA;NA;NA;NA;NA;NA;NA;NA;NA
2021-11-16;0-60;39;39,0;39;39;39;39;39;39;39;39;39;39,0;240;240,0;240;240,0;240;240,0;240;240;240;240,0;240,0;240,0;1,000000000000000;1,000000000000000;1,000000000000000;1,000000000000000;1,000000000000000;1,000000000000000;1,0000000000000000;1,0000000000000000;1,0000000000000000;1,0000000000000000;1,0000000000000000
2021-11-16;60+;109;109,0;109;109;109;109;109;109;109;109;109;109,0;654;654,0;654;654,0;654;654,0;654;654;654;654,0;654,0;654,0;1,000000000000000;1,000000000000000;1,000000000000000;1,000000000000000;1,000000000000000;1,000000000000000;1,0000000000000000;1,0000000000000000;1,0000000000000000;1,0000000000000000;1,0000000000000000
2021-11-16;alle;148;148,0;148;148;148;148;148;148;148;148;148;148,0;894;894,0;894;894,0;894;894,0;894;894;894;894,0;894,0;894,0;NA;NA;NA;NA;NA;NA;NA;NA;NA;NA;NA
2021-11-15;0-60;13;13,0;13;13;13;13;13;13;13;13;13;13,0;231;231,0;231;231,0;231;231,0;231;231;231;231,0;231,0;231,0;1,000000000000000;1,000000000000000;1,000000000000000;1,000000000000000;1,000000000000000;1,000000000000000;1,0000000000000000;1,0000000000000000;1,0000000000000000;1,0000000000000000;1,0000000000000000
2021-11-15;60+;44;44,0;44;44;44;44;44;44;44;44;44;44,0;641;641,0;641;641,0;641;641,0;641;641;641;641,0;641,0;641,0;1,000000000000000;1,000000000000000;1,000000000000000;1,000000000000000;1,000000000000000;1,000000000000000;1,0000000000000000;1,0000000000000000;1,0000000000000000;1,0000000000000000;1,0000000000000000
2021-11-15;alle;57;57,0;57;57;57;57;57;57;57;57;57;57,0;872;872,0;872;872,0;872;872,0;872;872;872;872,0;872,0;872,0;NA;NA;NA;NA;NA;NA;NA;NA;NA;NA;NA
2021-11-14;0-60;22;22,0;22;22;22;22;22;22;22;22;22;22,0;228;228,0;228;228,0;228;228,0;228;228;228;228,0;228,0;228,0;1,000000000000000;1,000000000000000;1,000000000000000;1,000000000000000;1,000000000000000;1,000000000000000;1,0000000000000000;1,0000000000000000;1,0000000000000000;1,0000000000000000;1,0000000000000000
2021-11-14;60+;49;49,0;49;49;49;49;49;49;49;49;49;49,0;623;623,0;623;623,0;623;623,0;623;623;623;623,0;623,0;623,0;1,000000000000000;1,000000000000000;1,000000000000000;1,000000000000000;1,000000000000000;1,000000000000000;1,0000000000000000;1,0000000000000000;1,0000000000000000;1,0000000000000000;1,0000000000000000
2021-11-14;alle;71;71,0;71;71;71;71;71;71;71;71;71;71,0;851;851,0;851;851,0;851;851,0;851;851;851;851,0;851,0;851,0;NA;NA;NA;NA;NA;NA;NA;NA;NA;NA;NA
2021-11-13;0-60;28;28,0;28;28;28;28;28;28;28;28;28;28,0;218;218,0;218;218,0;218;218,0;218;218;218;218,0;218,0;218,0;1,000000000000000;1,000000000000000;1,000000000000000;1,000000000000000;1,000000000000000;1,000000000000000;1,0000000000000000;1,0000000000000000;1,0000000000000000;1,0000000000000000;1,0000000000000000
2021-11-13;60+;95;95,0;95;95;95;95;95;95;95;95;95;95,0;633;633,0;633;633,0;633;633,0;633;633;633;633,0;633,0;633,0;1,000000000000000;1,000000000000000;1,000000000000000;1,000000000000000;1,000000000000000;1,000000000000000;1,0000000000000000;1,0000000000000000;1,0000000000000000;1,0000000000000000;1,0000000000000000
2021-11-13;alle;123;123,0;123;123;123;123;123;123;123;123;123;123,0;851;851,0;851;851,0;851;851,0;851;851;851;851,0;851,0;851,0;NA;NA;NA;NA;NA;NA;NA;NA;NA;NA;NA
2021-11-12;0-60;38;38,0;38;38;38;38;38;38;38;38;38;38,0;222;222,0;222;222,0;222;222,0;222;222;222;222,0;222,0;222,0;1,000000000000000;1,000000000000000;1,000000000000000;1,000000000000000;1,000000000000000;1,000000000000000;1,0000000000000000;1,0000000000000000;1,0000000000000000;1,0000000000000000;1,0000000000000000
2021-11-12;60+;128;128,0;128;128;128;128;128;128;128;128;128;128,0;602;602,0;602;602,0;602;602,0;602;602;602;602,0;602,0;602,0;1,000000000000000;1,000000000000000;1,000000000000000;1,000000000000000;1,000000000000000;1,000000000000000;1,0000000000000000;1,0000000000000000;1,0000000000000000;1,0000000000000000;1,0000000000000000
2021-11-12;alle;166;166,0;166;166;166;166;166;166;166;166;166;166,0;824;824,0;824;824,0;824;824,0;824;824;824;824,0;824,0;824,0;NA;NA;NA;NA;NA;NA;NA;NA;NA;NA;NA
2021-11-11;0-60;48;48,0;48;48;48;48;48;48;48;48;48;48,0;212;212,0;212;212,0;212;212,0;212;212;212;212,0;212,0;212,0;1,000000000000000;1,000000000000000;1,000000000000000;1,000000000000000;1,000000000000000;1,000000000000000;1,0000000000000000;1,0000000000000000;1,0000000000000000;1,0000000000000000;1,0000000000000000
2021-11-11;60+;112;112,0;112;112;112;112;112;112;112;112;112;112,0;576;576,0;576;576,0;576;576,0;576;576;576;576,0;576,0;576,0;1,000000000000000;1,000000000000000;1,000000000000000;1,000000000000000;1,000000000000000;1,000000000000000;1,0000000000000000;1,0000000000000000;1,0000000000000000;1,0000000000000000;1,0000000000000000
2021-11-11;alle;160;160,0;160;160;160;160;160;160;160;160;160;160,0;788;788,0;788;788,0;788;788,0;788;788;788;788,0;788,0;788,0;NA;NA;NA;NA;NA;NA;NA;NA;NA;NA;NA
2021-11-10;0-60;52;52,0;52;52;52;52;52;52;52;52;52;52,0;197;197,0;197;197,0;197;197,0;197;197;197;197,0;197,0;197,0;1,000000000000000;1,000000000000000;1,000000000000000;1,000000000000000;1,000000000000000;1,000000000000000;1,0000000000000000;1,0000000000000000;1,0000000000000000;1,0000000000000000;1,0000000000000000
2021-11-10;60+;117;117,0;117;117;117;117;117;117;117;117;117;117,0;557;557,0;557;557,0;557;557,0;557;557;557;557,0;557,0;557,0;1,000000000000000;1,000000000000000;1,000000000000000;1,000000000000000;1,000000000000000;1,000000000000000;1,0000000000000000;1,0000000000000000;1,0000000000000000;1,0000000000000000;1,0000000000000000
2021-11-10;alle;169;169,0;169;169;169;169;169;169;169;169;169;169,0;754;754,0;754;754,0;754;754,0;754;754;754;754,0;754,0;754,0;NA;NA;NA;NA;NA;NA;NA;NA;NA;NA;NA
2021-11-09;0-60;30;30,0;30;30;30;30;30;30;30;30;30;30,0;197;197,0;197;197,0;197;197,0;197;197;197;197,0;197,0;197,0;1,000000000000000;1,000000000000000;1,000000000000000;1,000000000000000;1,000000000000000;1,000000000000000;1,0000000000000000;1,0000000000000000;1,0000000000000000;1,0000000000000000;1,0000000000000000
2021-11-09;60+;96;96,0;96;96;96;96;96;96;96;96;96;96,0;557;557,0;557;557,0;557;557,0;557;557;557;557,0;557,0;557,0;1,000000000000000;1,000000000000000;1,000000000000000;1,000000000000000;1,000000000000000;1,000000000000000;1,0000000000000000;1,0000000000000000;1,0000000000000000;1,0000000000000000;1,0000000000000000
2021-11-09;alle;126;126,0;126;126;126;126;126;126;126;126;126;126,0;754;754,0;754;754,0;754;754,0;754;754;754;754,0;754,0;754,0;NA;NA;NA;NA;NA;NA;NA;NA;NA;NA;NA
2021-11-08;0-60;10;10,0;10;10;10;10;10;10;10;10;10;10,0;187;187,0;187;187,0;187;187,0;187;187;187;187,0;187,0;187,0;1,000000000000000;1,000000000000000;1,000000000000000;1,000000000000000;1,000000000000000;1,000000000000000;1,0000000000000000;1,0000000000000000;1,0000000000000000;1,0000000000000000;1,0000000000000000
2021-11-08;60+;26;26,0;26;26;26;26;26;26;26;26;26;26,0;564;564,0;564;564,0;564;564,0;564;564;564;564,0;564,0;564,0;1,000000000000000;1,000000000000000;1,000000000000000;1,000000000000000;1,000000000000000;1,000000000000000;1,0000000000000000;1,0000000000000000;1,0000000000000000;1,0000000000000000;1,0000000000000000
2021-11-08;alle;36;36,0;36;36;36;36;36;36;36;36;36;36,0;751;751,0;751;751,0;751;751,0;751;751;751;751,0;751,0;751,0;NA;NA;NA;NA;NA;NA;NA;NA;NA;NA;NA
2021-11-07;0-60;12;12,0;12;12;12;12;12;12;12;12;12;12,0;183;183,0;183;183,0;183;183,0;183;183;183;183,0;183,0;183,0;1,000000000000000;1,000000000000000;1,000000000000000;1,000000000000000;1,000000000000000;1,000000000000000;1,0000000000000000;1,0000000000000000;1,0000000000000000;1,0000000000000000;1,0000000000000000
2021-11-07;60+;59;59,0;59;59;59;59;59;59;59;59;59;59,0;560;560,0;560;560,0;560;560,0;560;560;560;560,0;560,0;560,0;1,000000000000000;1,000000000000000;1,000000000000000;1,000000000000000;1,000000000000000;1,000000000000000;1,0000000000000000;1,0000000000000000;1,0000000000000000;1,0000000000000000;1,0000000000000000
2021-11-07;alle;71;71,0;71;71;71;71;71;71;71;71;71;71,0;743;743,0;743;743,0;743;743,0;743;743;743;743,0;743,0;743,0;NA;NA;NA;NA;NA;NA;NA;NA;NA;NA;NA
2021-11-06;0-60;32;32,0;32;32;32;32;32;32;32;32;32;32,0;189;189,0;189;189,0;189;189,0;189;189;189;189,0;189,0;189,0;1,000000000000000;1,000000000000000;1,000000000000000;1,000000000000000;1,000000000000000;1,000000000000000;1,0000000000000000;1,0000000000000000;1,0000000000000000;1,0000000000000000;1,0000000000000000
2021-11-06;60+;64;64,0;64;64;64;64;64;64;64;64;64;64,0;542;542,0;542;542,0;542;542,0;542;542;542;542,0;542,0;542,0;1,000000000000000;1,000000000000000;1,000000000000000;1,000000000000000;1,000000000000000;1,000000000000000;1,0000000000000000;1,0000000000000000;1,0000000000000000;1,0000000000000000;1,0000000000000000
2021-11-06;alle;96;96,0;96;96;96;96;96;96;96;96;96;96,0;731;731,0;731;731,0;731;731,0;731;731;731;731,0;731,0;731,0;NA;NA;NA;NA;NA;NA;NA;NA;NA;NA;NA
2021-11-05;0-60;28;28,0;28;28;28;28;28;28;28;28;28;28,0;189;189,0;189;189,0;189;189,0;189;189;189;189,0;189,0;189,0;1,000000000000000;1,000000000000000;1,000000000000000;1,000000000000000;1,000000000000000;1,000000000000000;1,0000000000000000;1,0000000000000000;1,0000000000000000;1,0000000000000000;1,0000000000000000
2021-11-05;60+;102;102,0;102;102;102;102;102;102;102;102;102;102,0;527;527,0;527;527,0;527;527,0;527;527;527;527,0;527,0;527,0;1,000000000000000;1,000000000000000;1,000000000000000;1,000000000000000;1,000000000000000;1,000000000000000;1,0000000000000000;1,0000000000000000;1,0000000000000000;1,0000000000000000;1,0000000000000000
2021-11-05;alle;130;130,0;130;130;130;130;130;130;130;130;130;130,0;716;716,0;716;716,0;716;716,0;716;716;716;716,0;716,0;716,0;NA;NA;NA;NA;NA;NA;NA;NA;NA;NA;NA
2021-11-04;0-60;33;33,0;33;33;33;33;33;33;33;33;33;33,0;184;184,0;184;184,0;184;184,0;184;184;184;184,0;184,0;184,0;1,000000000000000;1,000000000000000;1,000000000000000;1,000000000000000;1,000000000000000;1,000000000000000;1,0000000000000000;1,0000000000000000;1,0000000000000000;1,0000000000000000;1,0000000000000000
2021-11-04;60+;93;93,0;93;93;93;93;93;93;93;93;93;93,0;509;509,0;509;509,0;509;509,0;509;509;509;509,0;509,0;509,0;1,000000000000000;1,000000000000000;1,000000000000000;1,000000000000000;1,000000000000000;1,000000000000000;1,0000000000000000;1,0000000000000000;1,0000000000000000;1,0000000000000000;1,0000000000000000
2021-11-04;alle;126;126,0;126;126;126;126;126;126;126;126;126;126,0;693;693,0;693;693,0;693;693,0;693;693;693;693,0;693,0;693,0;NA;NA;NA;NA;NA;NA;NA;NA;NA;NA;NA
2021-11-03;0-60;52;52,0;52;52;52;52;52;52;52;52;52;52,0;170;170,0;170;170,0;170;170,0;170;170;170;170,0;170,0;170,0;1,000000000000000;1,000000000000000;1,000000000000000;1,000000000000000;1,000000000000000;1,000000000000000;1,0000000000000000;1,0000000000000000;1,0000000000000000;1,0000000000000000;1,0000000000000000
2021-11-03;60+;117;117,0;117;117;117;117;117;117;117;117;117;117,0;487;487,0;487;487,0;487;487,0;487;487;487;487,0;487,0;487,0;1,000000000000000;1,000000000000000;1,000000000000000;1,000000000000000;1,000000000000000;1,000000000000000;1,0000000000000000;1,0000000000000000;1,0000000000000000;1,0000000000000000;1,0000000000000000
2021-11-03;alle;169;169,0;169;169;169;169;169;169;169;169;169;169,0;657;657,0;657;657,0;657;657,0;657;657;657;657,0;657,0;657,0;NA;NA;NA;NA;NA;NA;NA;NA;NA;NA;NA
2021-11-02;0-60;20;20,0;20;20;20;20;20;20;20;20;20;20,0;147;147,0;147;147,0;147;147,0;147;147;147;147,0;147,0;147,0;1,000000000000000;1,000000000000000;1,000000000000000;1,000000000000000;1,000000000000000;1,000000000000000;1,0000000000000000;1,0000000000000000;1,0000000000000000;1,0000000000000000;1,0000000000000000
2021-11-02;60+;103;103,0;103;103;103;103;103;103;103;103;103;103,0;449;449,0;449;449,0;449;449,0;449;449;449;449,0;449,0;449,0;1,000000000000000;1,000000000000000;1,000000000000000;1,000000000000000;1,000000000000000;1,000000000000000;1,0000000000000000;1,0000000000000000;1,0000000000000000;1,0000000000000000;1,0000000000000000
2021-11-02;alle;123;123,0;123;123;123;123;123;123;123;123;123;123,0;596;596,0;596;596,0;596;596,0;596;596;596;596,0;596,0;596,0;NA;NA;NA;NA;NA;NA;NA;NA;NA;NA;NA
2021-11-01;0-60;6;6,0;6;6;6;6;6;6;6;6;6;6,0;154;154,0;154;154,0;154;154,0;154;154;154;154,0;154,0;154,0;1,000000000000000;1,000000000000000;1,000000000000000;1,000000000000000;1,000000000000000;1,000000000000000;1,0000000000000000;1,0000000000000000;1,0000000000000000;1,0000000000000000;1,0000000000000000
2021-11-01;60+;22;22,0;22;22;22;22;22;22;22;22;22;22,0;411;411,0;411;411,0;411;411,0;411;411;411;411,0;411,0;411,0;1,000000000000000;1,000000000000000;1,000000000000000;1,000000000000000;1,000000000000000;1,000000000000000;1,0000000000000000;1,0000000000000000;1,0000000000000000;1,0000000000000000;1,0000000000000000
2021-11-01;alle;28;28,0;28;28;28;28;28;28;28;28;28;28,0;565;565,0;565;565,0;565;565,0;565;565;565;565,0;565,0;565,0;NA;NA;NA;NA;NA;NA;NA;NA;NA;NA;NA
2021-10-31;0-60;18;18,0;18;18;18;18;18;18;18;18;18;18,0;156;156,0;156;156,0;156;156,0;156;156;156;156,0;156,0;156,0;1,000000000000000;1,000000000000000;1,000000000000000;1,000000000000000;1,000000000000000;1,000000000000000;1,0000000000000000;1,0000000000000000;1,0000000000000000;1,0000000000000000;1,0000000000000000
2021-10-31;60+;41;41,0;41;41;41;41;41;41;41;41;41;41,0;403;403,0;403;403,0;403;403,0;403;403;403;403,0;403,0;403,0;1,000000000000000;1,000000000000000;1,000000000000000;1,000000000000000;1,000000000000000;1,000000000000000;1,0000000000000000;1,0000000000000000;1,0000000000000000;1,0000000000000000;1,0000000000000000
2021-10-31;alle;59;59,0;59;59;59;59;59;59;59;59;59;59,0;559;559,0;559;559,0;559;559,0;559;559;559;559,0;559,0;559,0;NA;NA;NA;NA;NA;NA;NA;NA;NA;NA;NA
2021-10-30;0-60;32;32,0;32;32;32;32;32;32;32;32;32;32,0;146;146,0;146;146,0;146;146,0;146;146;146;146,0;146,0;146,0;1,000000000000000;1,000000000000000;1,000000000000000;1,000000000000000;1,000000000000000;1,000000000000000;1,0000000000000000;1,0000000000000000;1,0000000000000000;1,0000000000000000;1,0000000000000000
2021-10-30;60+;49;49,0;49;49;49;49;49;49;49;49;49;49,0;387;387,0;387;387,0;387;387,0;387;387;387;387,0;387,0;387,0;1,000000000000000;1,000000000000000;1,000000000000000;1,000000000000000;1,000000000000000;1,000000000000000;1,0000000000000000;1,0000000000000000;1,0000000000000000;1,0000000000000000;1,0000000000000000
2021-10-30;alle;81;81,0;81;81;81;81;81;81;81;81;81;81,0;533;533,0;533;533,0;533;533,0;533;533;533;533,0;533,0;533,0;NA;NA;NA;NA;NA;NA;NA;NA;NA;NA;NA
2021-10-29;0-60;23;23,0;23;23;23;23;23;23;23;23;23;23,0;128;128,0;128;128,0;128;128,0;128;128;128;128,0;128,0;128,0;1,000000000000000;1,000000000000000;1,000000000000000;1,000000000000000;1,000000000000000;1,000000000000000;1,0000000000000000;1,0000000000000000;1,0000000000000000;1,0000000000000000;1,0000000000000000
2021-10-29;60+;84;84,0;84;84;84;84;84;84;84;84;84;84,0;399;399,0;399;399,0;399;399,0;399;399;399;399,0;399,0;399,0;1,000000000000000;1,000000000000000;1,000000000000000;1,000000000000000;1,000000000000000;1,000000000000000;1,0000000000000000;1,0000000000000000;1,0000000000000000;1,0000000000000000;1,0000000000000000
2021-10-29;alle;107;107,0;107;107;107;107;107;107;107;107;107;107,0;527;527,0;527;527,0;527;527,0;527;527;527;527,0;527,0;527,0;NA;NA;NA;NA;NA;NA;NA;NA;NA;NA;NA
2021-10-28;0-60;19;19,0;19;19;19;19;19;19;19;19;19;19,0;123;123,0;123;123,0;123;123,0;123;123;123;123,0;123,0;123,0;1,000000000000000;1,000000000000000;1,000000000000000;1,000000000000000;1,000000000000000;1,000000000000000;1,0000000000000000;1,0000000000000000;1,0000000000000000;1,0000000000000000;1,0000000000000000
2021-10-28;60+;71;71,0;71;71;71;71;71;71;71;71;71;71,0;364;364,0;364;364,0;364;364,0;364;364;364;364,0;364,0;364,0;1,000000000000000;1,000000000000000;1,000000000000000;1,000000000000000;1,000000000000000;1,000000000000000;1,0000000000000000;1,0000000000000000;1,0000000000000000;1,0000000000000000;1,0000000000000000
2021-10-28;alle;90;90,0;90;90;90;90;90;90;90;90;90;90,0;487;487,0;487;487,0;487;487,0;487;487;487;487,0;487,0;487,0;NA;NA;NA;NA;NA;NA;NA;NA;NA;NA;NA
2021-10-27;0-60;29;29,0;29;29;29;29;29;29;29;29;29;29,0;116;116,0;116;116,0;116;116,0;116;116;116;116,0;116,0;116,0;1,000000000000000;1,000000000000000;1,000000000000000;1,000000000000000;1,000000000000000;1,000000000000000;1,0000000000000000;1,0000000000000000;1,0000000000000000;1,0000000000000000;1,0000000000000000
2021-10-27;60+;79;79,0;79;79;79;79;79;79;79;79;79;79,0;335;335,0;335;335,0;335;335,0;335;335;335;335,0;335,0;335,0;1,000000000000000;1,000000000000000;1,000000000000000;1,000000000000000;1,000000000000000;1,000000000000000;1,0000000000000000;1,0000000000000000;1,0000000000000000;1,0000000000000000;1,0000000000000000
2021-10-27;alle;108;108,0;108;108;108;108;108;108;108;108;108;108,0;451;451,0;451;451,0;451;451,0;451;451;451;451,0;451,0;451,0;NA;NA;NA;NA;NA;NA;NA;NA;NA;NA;NA
2021-10-26;0-60;27;27,0;27;27;27;27;27;27;27;27;27;27,0;101;101,0;101;101,0;101;101,0;101;101;101;101,0;101,0;101,0;1,000000000000000;1,000000000000000;1,000000000000000;1,000000000000000;1,000000000000000;1,000000000000000;1,0000000000000000;1,0000000000000000;1,0000000000000000;1,0000000000000000;1,0000000000000000
2021-10-26;60+;65;65,0;65;65;65;65;65;65;65;65;65;65,0;290;290,0;290;290,0;290;290,0;290;290;290;290,0;290,0;290,0;1,000000000000000;1,000000000000000;1,000000000000000;1,000000000000000;1,000000000000000;1,000000000000000;1,0000000000000000;1,0000000000000000;1,0000000000000000;1,0000000000000000;1,0000000000000000
2021-10-26;alle;92;92,0;92;92;92;92;92;92;92;92;92;92,0;391;391,0;391;391,0;391;391,0;391;391;391;391,0;391,0;391,0;NA;NA;NA;NA;NA;NA;NA;NA;NA;NA;NA
2021-10-25;0-60;8;8,0;8;8;8;8;8;8;8;8;8;8,0;97;97,0;97;97,0;97;97,0;97;97;97;97,0;97,0;97,0;1,000000000000000;1,000000000000000;1,000000000000000;1,000000000000000;1,000000000000000;1,000000000000000;1,0000000000000000;1,0000000000000000;1,0000000000000000;1,0000000000000000;1,0000000000000000
2021-10-25;60+;14;14,0;14;14;14;14;14;14;14;14;14;14,0;256;256,0;256;256,0;256;256,0;256;256;256;256,0;256,0;256,0;1,000000000000000;1,000000000000000;1,000000000000000;1,000000000000000;1,000000000000000;1,000000000000000;1,0000000000000000;1,0000000000000000;1,0000000000000000;1,0000000000000000;1,0000000000000000
2021-10-25;alle;22;22,0;22;22;22;22;22;22;22;22;22;22,0;353;353,0;353;353,0;353;353,0;353;353;353;353,0;353,0;353,0;NA;NA;NA;NA;NA;NA;NA;NA;NA;NA;NA
2021-10-24;0-60;8;8,0;8;8;8;8;8;8;8;8;8;8,0;91;91,0;91;91,0;91;91,0;91;91;91;91,0;91,0;91,0;1,000000000000000;1,000000000000000;1,000000000000000;1,000000000000000;1,000000000000000;1,000000000000000;1,0000000000000000;1,0000000000000000;1,0000000000000000;1,0000000000000000;1,0000000000000000
2021-10-24;60+;25;25,0;25;25;25;25;25;25;25;25;25;25,0;252;252,0;252;252,0;252;252,0;252;252;252;252,0;252,0;252,0;1,000000000000000;1,000000000000000;1,000000000000000;1,000000000000000;1,000000000000000;1,000000000000000;1,0000000000000000;1,0000000000000000;1,0000000000000000;1,0000000000000000;1,0000000000000000
2021-10-24;alle;33;33,0;33;33;33;33;33;33;33;33;33;33,0;343;343,0;343;343,0;343;343,0;343;343;343;343,0;343,0;343,0;NA;NA;NA;NA;NA;NA;NA;NA;NA;NA;NA
2021-10-23;0-60;14;14,0;14;14;14;14;14;14;14;14;14;14,0;90;90,0;90;90,0;90;90,0;90;90;90;90,0;90,0;90,0;1,000000000000000;1,000000000000000;1,000000000000000;1,000000000000000;1,000000000000000;1,000000000000000;1,0000000000000000;1,0000000000000000;1,0000000000000000;1,0000000000000000;1,0000000000000000
2021-10-23;60+;61;61,0;61;61;61;61;61;61;61;61;61;61,0;237;237,0;237;237,0;237;237,0;237;237;237;237,0;237,0;237,0;1,000000000000000;1,000000000000000;1,000000000000000;1,000000000000000;1,000000000000000;1,000000000000000;1,0000000000000000;1,0000000000000000;1,0000000000000000;1,0000000000000000;1,0000000000000000
2021-10-23;alle;75;75,0;75;75;75;75;75;75;75;75;75;75,0;327;327,0;327;327,0;327;327,0;327;327;327;327,0;327,0;327,0;NA;NA;NA;NA;NA;NA;NA;NA;NA;NA;NA
2021-10-22;0-60;18;18,0;18;18;18;18;18;18;18;18;18;18,0;83;83,0;83;83,0;83;83,0;83;83;83;83,0;83,0;83,0;1,000000000000000;1,000000000000000;1,000000000000000;1,000000000000000;1,000000000000000;1,000000000000000;1,0000000000000000;1,0000000000000000;1,0000000000000000;1,0000000000000000;1,0000000000000000
2021-10-22;60+;49;49,0;49;49;49;49;49;49;49;49;49;49,0;196;196,0;196;196,0;196;196,0;196;196;196;196,0;196,0;196,0;1,000000000000000;1,000000000000000;1,000000000000000;1,000000000000000;1,000000000000000;1,000000000000000;1,0000000000000000;1,0000000000000000;1,0000000000000000;1,0000000000000000;1,0000000000000000
2021-10-22;alle;67;67,0;67;67;67;67;67;67;67;67;67;67,0;279;279,0;279;279,0;279;279,0;279;279;279;279,0;279,0;279,0;NA;NA;NA;NA;NA;NA;NA;NA;NA;NA;NA
2021-10-21;0-60;12;12,0;12;12;12;12;12;12;12;12;12;12,0;75;75,0;75;75,0;75;75,0;75;75;75;75,0;75,0;75,0;1,000000000000000;1,000000000000000;1,000000000000000;1,000000000000000;1,000000000000000;1,000000000000000;1,0000000000000000;1,0000000000000000;1,0000000000000000;1,0000000000000000;1,0000000000000000
2021-10-21;60+;42;42,0;42;42;42;42;42;42;42;42;42;42,0;164;164,0;164;164,0;164;164,0;164;164;164;164,0;164,0;164,0;1,000000000000000;1,000000000000000;1,000000000000000;1,000000000000000;1,000000000000000;1,000000000000000;1,0000000000000000;1,0000000000000000;1,0000000000000000;1,0000000000000000;1,0000000000000000
2021-10-21;alle;54;54,0;54;54;54;54;54;54;54;54;54;54,0;239;239,0;239;239,0;239;239,0;239;239;239;239,0;239,0;239,0;NA;NA;NA;NA;NA;NA;NA;NA;NA;NA;NA
2021-10-20;0-60;14;14,0;14;14;14;14;14;14;14;14;14;14,0;72;72,0;72;72,0;72;72,0;72;72;72;72,0;72,0;72,0;1,000000000000000;1,000000000000000;1,000000000000000;1,000000000000000;1,000000000000000;1,000000000000000;1,0000000000000000;1,0000000000000000;1,0000000000000000;1,0000000000000000;1,0000000000000000
2021-10-20;60+;34;34,0;34;34;34;34;34;34;34;34;34;34,0;148;148,0;148;148,0;148;148,0;148;148;148;148,0;148,0;148,0;1,000000000000000;1,000000000000000;1,000000000000000;1,000000000000000;1,000000000000000;1,000000000000000;1,0000000000000000;1,0000000000000000;1,0000000000000000;1,0000000000000000;1,0000000000000000
2021-10-20;alle;48;48,0;48;48;48;48;48;48;48;48;48;48,0;220;220,0;220;220,0;220;220,0;220;220;220;220,0;220,0;220,0;NA;NA;NA;NA;NA;NA;NA;NA;NA;NA;NA
2021-10-19;0-60;23;23,0;23;23;23;23;23;23;23;23;23;23,0;67;67,0;67;67,0;67;67,0;67;67;67;67,0;67,0;67,0;1,000000000000000;1,000000000000000;1,000000000000000;1,000000000000000;1,000000000000000;1,000000000000000;1,0000000000000000;1,0000000000000000;1,0000000000000000;1,0000000000000000;1,0000000000000000
2021-10-19;60+;31;31,0;31;31;31;31;31;31;31;31;31;31,0;142;142,0;142;142,0;142;142,0;142;142;142;142,0;142,0;142,0;1,000000000000000;1,000000000000000;1,000000000000000;1,000000000000000;1,000000000000000;1,000000000000000;1,0000000000000000;1,0000000000000000;1,0000000000000000;1,0000000000000000;1,0000000000000000
2021-10-19;alle;54;54,0;54;54;54;54;54;54;54;54;54;54,0;209;209,0;209;209,0;209;209,0;209;209;209;209,0;209,0;209,0;NA;NA;NA;NA;NA;NA;NA;NA;NA;NA;NA
2021-10-18;0-60;2;2,0;2;2;2;2;2;2;2;2;2;2,0;59;59,0;59;59,0;59;59,0;59;59;59;59,0;59,0;59,0;1,000000000000000;1,000000000000000;1,000000000000000;1,000000000000000;1,000000000000000;1,000000000000000;1,0000000000000000;1,0000000000000000;1,0000000000000000;1,0000000000000000;1,0000000000000000
2021-10-18;60+;10;10,0;10;10;10;10;10;10;10;10;10;10,0;142;142,0;142;142,0;142;142,0;142;142;142;142,0;142,0;142,0;1,000000000000000;1,000000000000000;1,000000000000000;1,000000000000000;1,000000000000000;1,000000000000000;1,0000000000000000;1,0000000000000000;1,0000000000000000;1,0000000000000000;1,0000000000000000
2021-10-18;alle;12;12,0;12;12;12;12;12;12;12;12;12;12,0;201;201,0;201;201,0;201;201,0;201;201;201;201,0;201,0;201,0;NA;NA;NA;NA;NA;NA;NA;NA;NA;NA;NA
2021-10-17;0-60;7;7,0;7;7;7;7;7;7;7;7;7;7,0;59;59,0;59;59,0;59;59,0;59;59;59;59,0;59,0;59,0;1,000000000000000;1,000000000000000;1,000000000000000;1,000000000000000;1,000000000000000;1,000000000000000;1,0000000000000000;1,0000000000000000;1,0000000000000000;1,0000000000000000;1,0000000000000000
2021-10-17;60+;10;10,0;10;10;10;10;10;10;10;10;10;10,0;139;139,0;139;139,0;139;139,0;139;139;139;139,0;139,0;139,0;1,000000000000000;1,000000000000000;1,000000000000000;1,000000000000000;1,000000000000000;1,000000000000000;1,0000000000000000;1,0000000000000000;1,0000000000000000;1,0000000000000000;1,0000000000000000
2021-10-17;alle;17;17,0;17;17;17;17;17;17;17;17;17;17,0;198;198,0;198;198,0;198;198,0;198;198;198;198,0;198,0;198,0;NA;NA;NA;NA;NA;NA;NA;NA;NA;NA;NA
2021-10-16;0-60;7;7,0;7;7;7;7;7;7;7;7;7;7,0;58;58,0;58;58,0;58;58,0;58;58;58;58,0;58,0;58,0;1,000000000000000;1,000000000000000;1,000000000000000;1,000000000000000;1,000000000000000;1,000000000000000;1,0000000000000000;1,0000000000000000;1,0000000000000000;1,0000000000000000;1,0000000000000000
2021-10-16;60+;20;20,0;20;20;20;20;20;20;20;20;20;20,0;141;141,0;141;141,0;141;141,0;141;141;141;141,0;141,0;141,0;1,000000000000000;1,000000000000000;1,000000000000000;1,000000000000000;1,000000000000000;1,000000000000000;1,0000000000000000;1,0000000000000000;1,0000000000000000;1,0000000000000000;1,0000000000000000
2021-10-16;alle;27;27,0;27;27;27;27;27;27;27;27;27;27,0;199;199,0;199;199,0;199;199,0;199;199;199;199,0;199,0;199,0;NA;NA;NA;NA;NA;NA;NA;NA;NA;NA;NA
2021-10-15;0-60;10;10,0;10;10;10;10;10;10;10;10;10;10,0;64;64,0;64;64,0;64;64,0;64;64;64;64,0;64,0;64,0;1,000000000000000;1,000000000000000;1,000000000000000;1,000000000000000;1,000000000000000;1,000000000000000;1,0000000000000000;1,0000000000000000;1,0000000000000000;1,0000000000000000;1,0000000000000000
2021-10-15;60+;17;17,0;17;17;17;17;17;17;17;17;17;17,0;132;132,0;132;132,0;132;132,0;132;132;132;132,0;132,0;132,0;1,000000000000000;1,000000000000000;1,000000000000000;1,000000000000000;1,000000000000000;1,000000000000000;1,0000000000000000;1,0000000000000000;1,0000000000000000;1,0000000000000000;1,0000000000000000
2021-10-15;alle;27;27,0;27;27;27;27;27;27;27;27;27;27,0;196;196,0;196;196,0;196;196,0;196;196;196;196,0;196,0;196,0;NA;NA;NA;NA;NA;NA;NA;NA;NA;NA;NA
2021-10-14;0-60;9;9,0;9;9;9;9;9;9;9;9;9;9,0;66;66,0;66;66,0;66;66,0;66;66;66;66,0;66,0;66,0;1,000000000000000;1,000000000000000;1,000000000000000;1,000000000000000;1,000000000000000;1,000000000000000;1,0000000000000000;1,0000000000000000;1,0000000000000000;1,0000000000000000;1,0000000000000000
2021-10-14;60+;26;26,0;26;26;26;26;26;26;26;26;26;26,0;128;128,0;128;128,0;128;128,0;128;128;128;128,0;128,0;128,0;1,000000000000000;1,000000000000000;1,000000000000000;1,000000000000000;1,000000000000000;1,000000000000000;1,0000000000000000;1,0000000000000000;1,0000000000000000;1,0000000000000000;1,0000000000000000
2021-10-14;alle;35;35,0;35;35;35;35;35;35;35;35;35;35,0;194;194,0;194;194,0;194;194,0;194;194;194;194,0;194,0;194,0;NA;NA;NA;NA;NA;NA;NA;NA;NA;NA;NA
2021-10-13;0-60;9;9,0;9;9;9;9;9;9;9;9;9;9,0;68;68,0;68;68,0;68;68,0;68;68;68;68,0;68,0;68,0;1,000000000000000;1,000000000000000;1,000000000000000;1,000000000000000;1,000000000000000;1,000000000000000;1,0000000000000000;1,0000000000000000;1,0000000000000000;1,0000000000000000;1,0000000000000000
2021-10-13;60+;28;28,0;28;28;28;28;28;28;28;28;28;28,0;124;124,0;124;124,0;124;124,0;124;124;124;124,0;124,0;124,0;1,000000000000000;1,000000000000000;1,000000000000000;1,000000000000000;1,000000000000000;1,000000000000000;1,0000000000000000;1,0000000000000000;1,0000000000000000;1,0000000000000000;1,0000000000000000
2021-10-13;alle;37;37,0;37;37;37;37;37;37;37;37;37;37,0;192;192,0;192;192,0;192;192,0;192;192;192;192,0;192,0;192,0;NA;NA;NA;NA;NA;NA;NA;NA;NA;NA;NA
2021-10-12;0-60;15;15,0;15;15;15;15;15;15;15;15;15;15,0;68;68,0;68;68,0;68;68,0;68;68;68;68,0;68,0;68,0;1,000000000000000;1,000000000000000;1,000000000000000;1,000000000000000;1,000000000000000;1,000000000000000;1,0000000000000000;1,0000000000000000;1,0000000000000000;1,0000000000000000;1,0000000000000000
2021-10-12;60+;31;31,0;31;31;31;31;31;31;31;31;31;31,0;118;118,0;118;118,0;118;118,0;118;118;118;118,0;118,0;118,0;1,000000000000000;1,000000000000000;1,000000000000000;1,000000000000000;1,000000000000000;1,000000000000000;1,0000000000000000;1,0000000000000000;1,0000000000000000;1,0000000000000000;1,0000000000000000
2021-10-12;alle;46;46,0;46;46;46;46;46;46;46;46;46;46,0;186;186,0;186;186,0;186;186,0;186;186;186;186,0;186,0;186,0;NA;NA;NA;NA;NA;NA;NA;NA;NA;NA;NA
2021-10-11;0-60;2;2,0;2;2;2;2;2;2;2;2;2;2,0;57;57,0;57;57,0;57;57,0;57;57;57;57,0;57,0;57,0;1,000000000000000;1,000000000000000;1,000000000000000;1,000000000000000;1,000000000000000;1,000000000000000;1,0000000000000000;1,0000000000000000;1,0000000000000000;1,0000000000000000;1,0000000000000000
2021-10-11;60+;7;7,0;7;7;7;7;7;7;7;7;7;7,0;97;97,0;97;97,0;97;97,0;97;97;97;97,0;97,0;97,0;1,000000000000000;1,000000000000000;1,000000000000000;1,000000000000000;1,000000000000000;1,000000000000000;1,0000000000000000;1,0000000000000000;1,0000000000000000;1,0000000000000000;1,0000000000000000
2021-10-11;alle;9;9,0;9;9;9;9;9;9;9;9;9;9,0;154;154,0;154;154,0;154;154,0;154;154;154;154,0;154,0;154,0;NA;NA;NA;NA;NA;NA;NA;NA;NA;NA;NA
2021-10-10;0-60;6;6,0;6;6;6;6;6;6;6;6;6;6,0;58;58,0;58;58,0;58;58,0;58;58;58;58,0;58,0;58,0;1,000000000000000;1,000000000000000;1,000000000000000;1,000000000000000;1,000000000000000;1,000000000000000;1,0000000000000000;1,0000000000000000;1,0000000000000000;1,0000000000000000;1,0000000000000000
2021-10-10;60+;12;12,0;12;12;12;12;12;12;12;12;12;12,0;91;91,0;91;91,0;91;91,0;91;91;91;91,0;91,0;91,0;1,000000000000000;1,000000000000000;1,000000000000000;1,000000000000000;1,000000000000000;1,000000000000000;1,0000000000000000;1,0000000000000000;1,0000000000000000;1,0000000000000000;1,0000000000000000
2021-10-10;alle;18;18,0;18;18;18;18;18;18;18;18;18;18,0;149;149,0;149;149,0;149;149,0;149;149;149;149,0;149,0;149,0;NA;NA;NA;NA;NA;NA;NA;NA;NA;NA;NA
2021-10-09;0-60;13;13,0;13;13;13;13;13;13;13;13;13;13,0;55;55,0;55;55,0;55;55,0;55;55;55;55,0;55,0;55,0;1,000000000000000;1,000000000000000;1,000000000000000;1,000000000000000;1,000000000000000;1,000000000000000;1,0000000000000000;1,0000000000000000;1,0000000000000000;1,0000000000000000;1,0000000000000000
2021-10-09;60+;11;11,0;11;11;11;11;11;11;11;11;11;11,0;88;88,0;88;88,0;88;88,0;88;88;88;88,0;88,0;88,0;1,000000000000000;1,000000000000000;1,000000000000000;1,000000000000000;1,000000000000000;1,000000000000000;1,0000000000000000;1,0000000000000000;1,0000000000000000;1,0000000000000000;1,0000000000000000
2021-10-09;alle;24;24,0;24;24;24;24;24;24;24;24;24;24,0;143;143,0;143;143,0;143;143,0;143;143;143;143,0;143,0;143,0;NA;NA;NA;NA;NA;NA;NA;NA;NA;NA;NA
2021-10-08;0-60;12;12,0;12;12;12;12;12;12;12;12;12;12,0;48;48,0;48;48,0;48;48,0;48;48;48;48,0;48,0;48,0;1,000000000000000;1,000000000000000;1,000000000000000;1,000000000000000;1,000000000000000;1,000000000000000;1,0000000000000000;1,0000000000000000;1,0000000000000000;1,0000000000000000;1,0000000000000000
2021-10-08;60+;13;13,0;13;13;13;13;13;13;13;13;13;13,0;89;89,0;89;89,0;89;89,0;89;89;89;89,0;89,0;89,0;1,000000000000000;1,000000000000000;1,000000000000000;1,000000000000000;1,000000000000000;1,000000000000000;1,0000000000000000;1,0000000000000000;1,0000000000000000;1,0000000000000000;1,0000000000000000
2021-10-08;alle;25;25,0;25;25;25;25;25;25;25;25;25;25,0;137;137,0;137;137,0;137;137,0;137;137;137;137,0;137,0;137,0;NA;NA;NA;NA;NA;NA;NA;NA;NA;NA;NA
2021-10-07;0-60;11;11,0;11;11;11;11;11;11;11;11;11;11,0;43;43,0;43;43,0;43;43,0;43;43;43;43,0;43,0;43,0;1,000000000000000;1,000000000000000;1,000000000000000;1,000000000000000;1,000000000000000;1,000000000000000;1,0000000000000000;1,0000000000000000;1,0000000000000000;1,0000000000000000;1,0000000000000000
2021-10-07;60+;22;22,0;22;22;22;22;22;22;22;22;22;22,0;87;87,0;87;87,0;87;87,0;87;87;87;87,0;87,0;87,0;1,000000000000000;1,000000000000000;1,000000000000000;1,000000000000000;1,000000000000000;1,000000000000000;1,0000000000000000;1,0000000000000000;1,0000000000000000;1,0000000000000000;1,0000000000000000
2021-10-07;alle;33;33,0;33;33;33;33;33;33;33;33;33;33,0;130;130,0;130;130,0;130;130,0;130;130;130;130,0;130,0;130,0;NA;NA;NA;NA;NA;NA;NA;NA;NA;NA;NA
2021-10-06;0-60;9;9,0;9;9;9;9;9;9;9;9;9;9,0;40;40,0;40;40,0;40;40,0;40;40;40;40,0;40,0;40,0;1,000000000000000;1,000000000000000;1,000000000000000;1,000000000000000;1,000000000000000;1,000000000000000;1,0000000000000000;1,0000000000000000;1,0000000000000000;1,0000000000000000;1,0000000000000000
2021-10-06;60+;22;22,0;22;22;22;22;22;22;22;22;22;22,0;74;74,0;74;74,0;74;74,0;74;74;74;74,0;74,0;74,0;1,000000000000000;1,000000000000000;1,000000000000000;1,000000000000000;1,000000000000000;1,000000000000000;1,0000000000000000;1,0000000000000000;1,0000000000000000;1,0000000000000000;1,0000000000000000
2021-10-06;alle;31;31,0;31;31;31;31;31;31;31;31;31;31,0;114;114,0;114;114,0;114;114,0;114;114;114;114,0;114,0;114,0;NA;NA;NA;NA;NA;NA;NA;NA;NA;NA;NA
2021-10-05;0-60;4;4,0;4;4;4;4;4;4;4;4;4;4,0;41;41,0;41;41,0;41;41,0;41;41;41;41,0;41,0;41,0;1,000000000000000;1,000000000000000;1,000000000000000;1,000000000000000;1,000000000000000;1,000000000000000;1,0000000000000000;1,0000000000000000;1,0000000000000000;1,0000000000000000;1,0000000000000000
2021-10-05;60+;10;10,0;10;10;10;10;10;10;10;10;10;10,0;66;66,0;66;66,0;66;66,0;66;66;66;66,0;66,0;66,0;1,000000000000000;1,000000000000000;1,000000000000000;1,000000000000000;1,000000000000000;1,000000000000000;1,0000000000000000;1,0000000000000000;1,0000000000000000;1,0000000000000000;1,0000000000000000
2021-10-05;alle;14;14,0;14;14;14;14;14;14;14;14;14;14,0;107;107,0;107;107,0;107;107,0;107;107;107;107,0;107,0;107,0;NA;NA;NA;NA;NA;NA;NA;NA;NA;NA;NA
2021-10-04;0-60;3;3,0;3;3;3;3;3;3;3;3;3;3,0;40;40,0;40;40,0;40;40,0;40;40;40;40,0;40,0;40,0;1,000000000000000;1,000000000000000;1,000000000000000;1,000000000000000;1,000000000000000;1,000000000000000;1,0000000000000000;1,0000000000000000;1,0000000000000000;1,0000000000000000;1,0000000000000000
2021-10-04;60+;1;1,0;1;1;1;1;1;1;1;1;1;1,0;61;61,0;61;61,0;61;61,0;61;61;61;61,0;61,0;61,0;1,000000000000000;1,000000000000000;1,000000000000000;1,000000000000000;1,000000000000000;1,000000000000000;1,0000000000000000;1,0000000000000000;1,0000000000000000;1,0000000000000000;1,0000000000000000
2021-10-04;alle;4;4,0;4;4;4;4;4;4;4;4;4;4,0;101;101,0;101;101,0;101;101,0;101;101;101;101,0;101,0;101,0;NA;NA;NA;NA;NA;NA;NA;NA;NA;NA;NA
2021-10-03;0-60;3;3,0;3;3;3;3;3;3;3;3;3;3,0;39;39,0;39;39,0;39;39,0;39;39;39;39,0;39,0;39,0;1,000000000000000;1,000000000000000;1,000000000000000;1,000000000000000;1,000000000000000;1,000000000000000;1,0000000000000000;1,0000000000000000;1,0000000000000000;1,0000000000000000;1,0000000000000000
2021-10-03;60+;9;9,0;9;9;9;9;9;9;9;9;9;9,0;63;63,0;63;63,0;63;63,0;63;63;63;63,0;63,0;63,0;1,000000000000000;1,000000000000000;1,000000000000000;1,000000000000000;1,000000000000000;1,000000000000000;1,0000000000000000;1,0000000000000000;1,0000000000000000;1,0000000000000000;1,0000000000000000
2021-10-03;alle;12;12,0;12;12;12;12;12;12;12;12;12;12,0;102;102,0;102;102,0;102;102,0;102;102;102;102,0;102,0;102,0;NA;NA;NA;NA;NA;NA;NA;NA;NA;NA;NA
2021-10-02;0-60;6;6,0;6;6;6;6;6;6;6;6;6;6,0;38;38,0;38;38,0;38;38,0;38;38;38;38,0;38,0;38,0;1,000000000000000;1,000000000000000;1,000000000000000;1,000000000000000;1,000000000000000;1,000000000000000;1,0000000000000000;1,0000000000000000;1,0000000000000000;1,0000000000000000;1,0000000000000000
2021-10-02;60+;12;12,0;12;12;12;12;12;12;12;12;12;12,0;60;60,0;60;60,0;60;60,0;60;60;60;60,0;60,0;60,0;1,000000000000000;1,000000000000000;1,000000000000000;1,000000000000000;1,000000000000000;1,000000000000000;1,0000000000000000;1,0000000000000000;1,0000000000000000;1,0000000000000000;1,0000000000000000
2021-10-02;alle;18;18,0;18;18;18;18;18;18;18;18;18;18,0;98;98,0;98;98,0;98;98,0;98;98;98;98,0;98,0;98,0;NA;NA;NA;NA;NA;NA;NA;NA;NA;NA;NA
2021-10-01;0-60;7;7,0;7;7;7;7;7;7;7;7;7;7,0;38;38,0;38;38,0;38;38,0;38;38;38;38,0;38,0;38,0;1,000000000000000;1,000000000000000;1,000000000000000;1,000000000000000;1,000000000000000;1,000000000000000;1,0000000000000000;1,0000000000000000;1,0000000000000000;1,0000000000000000;1,0000000000000000
2021-10-01;60+;11;11,0;11;11;11;11;11;11;11;11;11;11,0;52;52,0;52;52,0;52;52,0;52;52;52;52,0;52,0;52,0;1,000000000000000;1,000000000000000;1,000000000000000;1,000000000000000;1,000000000000000;1,000000000000000;1,0000000000000000;1,0000000000000000;1,0000000000000000;1,0000000000000000;1,0000000000000000
2021-10-01;alle;18;18,0;18;18;18;18;18;18;18;18;18;18,0;90;90,0;90;90,0;90;90,0;90;90;90;90,0;90,0;90,0;NA;NA;NA;NA;NA;NA;NA;NA;NA;NA;NA
2021-09-30;0-60;8;8,0;8;8;8;8;8;8;8;8;8;8,0;33;33,0;33;33,0;33;33,0;33;33;33;33,0;33,0;33,0;1,000000000000000;1,000000000000000;1,000000000000000;1,000000000000000;1,000000000000000;1,000000000000000;1,0000000000000000;1,0000000000000000;1,0000000000000000;1,0000000000000000;1,0000000000000000
2021-09-30;60+;9;9,0;9;9;9;9;9;9;9;9;9;9,0;47;47,0;47;47,0;47;47,0;47;47;47;47,0;47,0;47,0;1,000000000000000;1,000000000000000;1,000000000000000;1,000000000000000;1,000000000000000;1,000000000000000;1,0000000000000000;1,0000000000000000;1,0000000000000000;1,0000000000000000;1,0000000000000000
2021-09-30;alle;17;17,0;17;17;17;17;17;17;17;17;17;17,0;80;80,0;80;80,0;80;80,0;80;80;80;80,0;80,0;80,0;NA;NA;NA;NA;NA;NA;NA;NA;NA;NA;NA
2021-09-29;0-60;10;10,0;10;10;10;10;10;10;10;10;10;10,0;29;29,0;29;29,0;29;29,0;29;29;29;29,0;29,0;29,0;1,000000000000000;1,000000000000000;1,000000000000000;1,000000000000000;1,000000000000000;1,000000000000000;1,0000000000000000;1,0000000000000000;1,0000000000000000;1,0000000000000000;1,0000000000000000
2021-09-29;60+;14;14,0;14;14;14;14;14;14;14;14;14;14,0;46;46,0;46;46,0;46;46,0;46;46;46;46,0;46,0;46,0;1,000000000000000;1,000000000000000;1,000000000000000;1,000000000000000;1,000000000000000;1,000000000000000;1,0000000000000000;1,0000000000000000;1,0000000000000000;1,0000000000000000;1,0000000000000000
2021-09-29;alle;24;24,0;24;24;24;24;24;24;24;24;24;24,0;75;75,0;75;75,0;75;75,0;75;75;75;75,0;75,0;75,0;NA;NA;NA;NA;NA;NA;NA;NA;NA;NA;NA
2021-09-28;0-60;3;3,0;3;3;3;3;3;3;3;3;3;3,0;24;24,0;24;24,0;24;24,0;24;24;24;24,0;24,0;24,0;1,000000000000000;1,000000000000000;1,000000000000000;1,000000000000000;1,000000000000000;1,000000000000000;1,0000000000000000;1,0000000000000000;1,0000000000000000;1,0000000000000000;1,0000000000000000
2021-09-28;60+;5;5,0;5;5;5;5;5;5;5;5;5;5,0;41;41,0;41;41,0;41;41,0;41;41;41;41,0;41,0;41,0;1,000000000000000;1,000000000000000;1,000000000000000;1,000000000000000;1,000000000000000;1,000000000000000;1,0000000000000000;1,0000000000000000;1,0000000000000000;1,0000000000000000;1,0000000000000000
2021-09-28;alle;8;8,0;8;8;8;8;8;8;8;8;8;8,0;65;65,0;65;65,0;65;65,0;65;65;65;65,0;65,0;65,0;NA;NA;NA;NA;NA;NA;NA;NA;NA;NA;NA
2021-09-27;0-60;2;2,0;2;2;2;2;2;2;2;2;2;2,0;27;27,0;27;27,0;27;27,0;27;27;27;27,0;27,0;27,0;1,000000000000000;1,000000000000000;1,000000000000000;1,000000000000000;1,000000000000000;1,000000000000000;1,0000000000000000;1,0000000000000000;1,0000000000000000;1,0000000000000000;1,0000000000000000
2021-09-27;60+;3;3,0;3;3;3;3;3;3;3;3;3;3,0;47;47,0;47;47,0;47;47,0;47;47;47;47,0;47,0;47,0;1,000000000000000;1,000000000000000;1,000000000000000;1,000000000000000;1,000000000000000;1,000000000000000;1,0000000000000000;1,0000000000000000;1,0000000000000000;1,0000000000000000;1,0000000000000000
2021-09-27;alle;5;5,0;5;5;5;5;5;5;5;5;5;5,0;74;74,0;74;74,0;74;74,0;74;74;74;74,0;74,0;74,0;NA;NA;NA;NA;NA;NA;NA;NA;NA;NA;NA
2021-09-26;0-60;2;2,0;2;2;2;2;2;2;2;2;2;2,0;27;27,0;27;27,0;27;27,0;27;27;27;27,0;27,0;27,0;1,000000000000000;1,000000000000000;1,000000000000000;1,000000000000000;1,000000000000000;1,000000000000000;1,0000000000000000;1,0000000000000000;1,0000000000000000;1,0000000000000000;1,0000000000000000
2021-09-26;60+;6;6,0;6;6;6;6;6;6;6;6;6;6,0;45;45,0;45;45,0;45;45,0;45;45;45;45,0;45,0;45,0;1,000000000000000;1,000000000000000;1,000000000000000;1,000000000000000;1,000000000000000;1,000000000000000;1,0000000000000000;1,0000000000000000;1,0000000000000000;1,0000000000000000;1,0000000000000000
2021-09-26;alle;8;8,0;8;8;8;8;8;8;8;8;8;8,0;72;72,0;72;72,0;72;72,0;72;72;72;72,0;72,0;72,0;NA;NA;NA;NA;NA;NA;NA;NA;NA;NA;NA
2021-09-25;0-60;6;6,0;6;6;6;6;6;6;6;6;6;6,0;29;29,0;29;29,0;29;29,0;29;29;29;29,0;29,0;29,0;1,000000000000000;1,000000000000000;1,000000000000000;1,000000000000000;1,000000000000000;1,000000000000000;1,0000000000000000;1,0000000000000000;1,0000000000000000;1,0000000000000000;1,0000000000000000
2021-09-25;60+;4;4,0;4;4;4;4;4;4;4;4;4;4,0;46;46,0;46;46,0;46;46,0;46;46;46;46,0;46,0;46,0;1,000000000000000;1,000000000000000;1,000000000000000;1,000000000000000;1,000000000000000;1,000000000000000;1,0000000000000000;1,0000000000000000;1,0000000000000000;1,0000000000000000;1,0000000000000000
2021-09-25;alle;10;10,0;10;10;10;10;10;10;10;10;10;10,0;75;75,0;75;75,0;75;75,0;75;75;75;75,0;75,0;75,0;NA;NA;NA;NA;NA;NA;NA;NA;NA;NA;NA
2021-09-24;0-60;2;2,0;2;2;2;2;2;2;2;2;2;2,0;34;34,0;34;34,0;34;34,0;34;34;34;34,0;34,0;34,0;1,000000000000000;1,000000000000000;1,000000000000000;1,000000000000000;1,000000000000000;1,000000000000000;1,0000000000000000;1,0000000000000000;1,0000000000000000;1,0000000000000000;1,0000000000000000
2021-09-24;60+;6;6,0;6;6;6;6;6;6;6;6;6;6,0;49;49,0;49;49,0;49;49,0;49;49;49;49,0;49,0;49,0;1,000000000000000;1,000000000000000;1,000000000000000;1,000000000000000;1,000000000000000;1,000000000000000;1,0000000000000000;1,0000000000000000;1,0000000000000000;1,0000000000000000;1,0000000000000000
2021-09-24;alle;8;8,0;8;8;8;8;8;8;8;8;8;8,0;83;83,0;83;83,0;83;83,0;83;83;83;83,0;83,0;83,0;NA;NA;NA;NA;NA;NA;NA;NA;NA;NA;NA
2021-09-23;0-60;4;4,0;4;4;4;4;4;4;4;4;4;4,0;38;38,0;38;38,0;38;38,0;38;38;38;38,0;38,0;38,0;1,000000000000000;1,000000000000000;1,000000000000000;1,000000000000000;1,000000000000000;1,000000000000000;1,0000000000000000;1,0000000000000000;1,0000000000000000;1,0000000000000000;1,0000000000000000
2021-09-23;60+;8;8,0;8;8;8;8;8;8;8;8;8;8,0;47;47,0;47;47,0;47;47,0;47;47;47;47,0;47,0;47,0;1,000000000000000;1,000000000000000;1,000000000000000;1,000000000000000;1,000000000000000;1,000000000000000;1,0000000000000000;1,0000000000000000;1,0000000000000000;1,0000000000000000;1,0000000000000000
2021-09-23;alle;12;12,0;12;12;12;12;12;12;12;12;12;12,0;85;85,0;85;85,0;85;85,0;85;85;85;85,0;85,0;85,0;NA;NA;NA;NA;NA;NA;NA;NA;NA;NA;NA
2021-09-22;0-60;5;5,0;5;5;5;5;5;5;5;5;5;5,0;40;40,0;40;40,0;40;40,0;40;40;40;40,0;40,0;40,0;1,000000000000000;1,000000000000000;1,000000000000000;1,000000000000000;1,000000000000000;1,000000000000000;1,0000000000000000;1,0000000000000000;1,0000000000000000;1,0000000000000000;1,0000000000000000
2021-09-22;60+;9;9,0;9;9;9;9;9;9;9;9;9;9,0;46;46,0;46;46,0;46;46,0;46;46;46;46,0;46,0;46,0;1,000000000000000;1,000000000000000;1,000000000000000;1,000000000000000;1,000000000000000;1,000000000000000;1,0000000000000000;1,0000000000000000;1,0000000000000000;1,0000000000000000;1,0000000000000000
2021-09-22;alle;14;14,0;14;14;14;14;14;14;14;14;14;14,0;86;86,0;86;86,0;86;86,0;86;86;86;86,0;86,0;86,0;NA;NA;NA;NA;NA;NA;NA;NA;NA;NA;NA
2021-09-21;0-60;6;6,0;6;6;6;6;6;6;6;6;6;6,0;45;45,0;45;45,0;45;45,0;45;45;45;45,0;45,0;45,0;1,000000000000000;1,000000000000000;1,000000000000000;1,000000000000000;1,000000000000000;1,000000000000000;1,0000000000000000;1,0000000000000000;1,0000000000000000;1,0000000000000000;1,0000000000000000
2021-09-21;60+;11;11,0;11;11;11;11;11;11;11;11;11;11,0;49;49,0;49;49,0;49;49,0;49;49;49;49,0;49,0;49,0;1,000000000000000;1,000000000000000;1,000000000000000;1,000000000000000;1,000000000000000;1,000000000000000;1,0000000000000000;1,0000000000000000;1,0000000000000000;1,0000000000000000;1,0000000000000000
2021-09-21;alle;17;17,0;17;17;17;17;17;17;17;17;17;17,0;94;94,0;94;94,0;94;94,0;94;94;94;94,0;94,0;94,0;NA;NA;NA;NA;NA;NA;NA;NA;NA;NA;NA
2021-09-20;0-60;2;2,0;2;2;2;2;2;2;2;2;2;2,0;42;42,0;42;42,0;42;42,0;42;42;42;42,0;42,0;42,0;1,000000000000000;1,000000000000000;1,000000000000000;1,000000000000000;1,000000000000000;1,000000000000000;1,0000000000000000;1,0000000000000000;1,0000000000000000;1,0000000000000000;1,0000000000000000
2021-09-20;60+;1;1,0;1;1;1;1;1;1;1;1;1;1,0;42;42,0;42;42,0;42;42,0;42;42;42;42,0;42,0;42,0;1,000000000000000;1,000000000000000;1,000000000000000;1,000000000000000;1,000000000000000;1,000000000000000;1,0000000000000000;1,0000000000000000;1,0000000000000000;1,0000000000000000;1,0000000000000000
2021-09-20;alle;3;3,0;3;3;3;3;3;3;3;3;3;3,0;84;84,0;84;84,0;84;84,0;84;84;84;84,0;84,0;84,0;NA;NA;NA;NA;NA;NA;NA;NA;NA;NA;NA
2021-09-19;0-60;4;4,0;4;4;4;4;4;4;4;4;4;4,0;42;42,0;42;42,0;42;42,0;42;42;42;42,0;42,0;42,0;1,000000000000000;1,000000000000000;1,000000000000000;1,000000000000000;1,000000000000000;1,000000000000000;1,0000000000000000;1,0000000000000000;1,0000000000000000;1,0000000000000000;1,0000000000000000
2021-09-19;60+;7;7,0;7;7;7;7;7;7;7;7;7;7,0;42;42,0;42;42,0;42;42,0;42;42;42;42,0;42,0;42,0;1,000000000000000;1,000000000000000;1,000000000000000;1,000000000000000;1,000000000000000;1,000000000000000;1,0000000000000000;1,0000000000000000;1,0000000000000000;1,0000000000000000;1,0000000000000000
2021-09-19;alle;11;11,0;11;11;11;11;11;11;11;11;11;11,0;84;84,0;84;84,0;84;84,0;84;84;84;84,0;84,0;84,0;NA;NA;NA;NA;NA;NA;NA;NA;NA;NA;NA
2021-09-18;0-60;11;11,0;11;11;11;11;11;11;11;11;11;11,0;41;41,0;41;41,0;41;41,0;41;41;41;41,0;41,0;41,0;1,000000000000000;1,000000000000000;1,000000000000000;1,000000000000000;1,000000000000000;1,000000000000000;1,0000000000000000;1,0000000000000000;1,0000000000000000;1,0000000000000000;1,0000000000000000
2021-09-18;60+;7;7,0;7;7;7;7;7;7;7;7;7;7,0;38;38,0;38;38,0;38;38,0;38;38;38;38,0;38,0;38,0;1,000000000000000;1,000000000000000;1,000000000000000;1,000000000000000;1,000000000000000;1,000000000000000;1,0000000000000000;1,0000000000000000;1,0000000000000000;1,0000000000000000;1,0000000000000000
2021-09-18;alle;18;18,0;18;18;18;18;18;18;18;18;18;18,0;79;79,0;79;79,0;79;79,0;79;79;79;79,0;79,0;79,0;NA;NA;NA;NA;NA;NA;NA;NA;NA;NA;NA
2021-09-17;0-60;6;6,0;6;6;6;6;6;6;6;6;6;6,0;38;38,0;38;38,0;38;38,0;38;38;38;38,0;38,0;38,0;1,000000000000000;1,000000000000000;1,000000000000000;1,000000000000000;1,000000000000000;1,000000000000000;1,0000000000000000;1,0000000000000000;1,0000000000000000;1,0000000000000000;1,0000000000000000
2021-09-17;60+;4;4,0;4;4;4;4;4;4;4;4;4;4,0;38;38,0;38;38,0;38;38,0;38;38;38;38,0;38,0;38,0;1,000000000000000;1,000000000000000;1,000000000000000;1,000000000000000;1,000000000000000;1,000000000000000;1,0000000000000000;1,0000000000000000;1,0000000000000000;1,0000000000000000;1,0000000000000000
2021-09-17;alle;10;10,0;10;10;10;10;10;10;10;10;10;10,0;76;76,0;76;76,0;76;76,0;76;76;76;76,0;76,0;76,0;NA;NA;NA;NA;NA;NA;NA;NA;NA;NA;NA
2021-09-16;0-60;6;6,0;6;6;6;6;6;6;6;6;6;6,0;37;37,0;37;37,0;37;37,0;37;37;37;37,0;37,0;37,0;1,000000000000000;1,000000000000000;1,000000000000000;1,000000000000000;1,000000000000000;1,000000000000000;1,0000000000000000;1,0000000000000000;1,0000000000000000;1,0000000000000000;1,0000000000000000
2021-09-16;60+;7;7,0;7;7;7;7;7;7;7;7;7;7,0;37;37,0;37;37,0;37;37,0;37;37;37;37,0;37,0;37,0;1,000000000000000;1,000000000000000;1,000000000000000;1,000000000000000;1,000000000000000;1,000000000000000;1,0000000000000000;1,0000000000000000;1,0000000000000000;1,0000000000000000;1,0000000000000000
2021-09-16;alle;13;13,0;13;13;13;13;13;13;13;13;13;13,0;74;74,0;74;74,0;74;74,0;74;74;74;74,0;74,0;74,0;NA;NA;NA;NA;NA;NA;NA;NA;NA;NA;NA
2021-09-15;0-60;10;10,0;10;10;10;10;10;10;10;10;10;10,0;39;39,0;39;39,0;39;39,0;39;39;39;39,0;39,0;39,0;1,000000000000000;1,000000000000000;1,000000000000000;1,000000000000000;1,000000000000000;1,000000000000000;1,0000000000000000;1,0000000000000000;1,0000000000000000;1,0000000000000000;1,0000000000000000
2021-09-15;60+;12;12,0;12;12;12;12;12;12;12;12;12;12,0;34;34,0;34;34,0;34;34,0;34;34;34;34,0;34,0;34,0;1,000000000000000;1,000000000000000;1,000000000000000;1,000000000000000;1,000000000000000;1,000000000000000;1,0000000000000000;1,0000000000000000;1,0000000000000000;1,0000000000000000;1,0000000000000000
2021-09-15;alle;22;22,0;22;22;22;22;22;22;22;22;22;22,0;73;73,0;73;73,0;73;73,0;73;73;73;73,0;73,0;73,0;NA;NA;NA;NA;NA;NA;NA;NA;NA;NA;NA
2021-09-14;0-60;3;3,0;3;3;3;3;3;3;3;3;3;3,0;31;31,0;31;31,0;31;31,0;31;31;31;31,0;31,0;31,0;1,000000000000000;1,000000000000000;1,000000000000000;1,000000000000000;1,000000000000000;1,000000000000000;1,0000000000000000;1,0000000000000000;1,0000000000000000;1,0000000000000000;1,0000000000000000
2021-09-14;60+;4;4,0;4;4;4;4;4;4;4;4;4;4,0;31;31,0;31;31,0;31;31,0;31;31;31;31,0;31,0;31,0;1,000000000000000;1,000000000000000;1,000000000000000;1,000000000000000;1,000000000000000;1,000000000000000;1,0000000000000000;1,0000000000000000;1,0000000000000000;1,0000000000000000;1,0000000000000000
2021-09-14;alle;7;7,0;7;7;7;7;7;7;7;7;7;7,0;62;62,0;62;62,0;62;62,0;62;62;62;62,0;62,0;62,0;NA;NA;NA;NA;NA;NA;NA;NA;NA;NA;NA
2021-09-13;0-60;2;2,0;2;2;2;2;2;2;2;2;2;2,0;34;34,0;34;34,0;34;34,0;34;34;34;34,0;34,0;34,0;1,000000000000000;1,000000000000000;1,000000000000000;1,000000000000000;1,000000000000000;1,000000000000000;1,0000000000000000;1,0000000000000000;1,0000000000000000;1,0000000000000000;1,0000000000000000
2021-09-13;60+;1;1,0;1;1;1;1;1;1;1;1;1;1,0;33;33,0;33;33,0;33;33,0;33;33;33;33,0;33,0;33,0;1,000000000000000;1,000000000000000;1,000000000000000;1,000000000000000;1,000000000000000;1,000000000000000;1,0000000000000000;1,0000000000000000;1,0000000000000000;1,0000000000000000;1,0000000000000000
2021-09-13;alle;3;3,0;3;3;3;3;3;3;3;3;3;3,0;67;67,0;67;67,0;67;67,0;67;67;67;67,0;67,0;67,0;NA;NA;NA;NA;NA;NA;NA;NA;NA;NA;NA
2021-09-12;0-60;3;3,0;3;3;3;3;3;3;3;3;3;3,0;33;33,0;33;33,0;33;33,0;33;33;33;33,0;33,0;33,0;1,000000000000000;1,000000000000000;1,000000000000000;1,000000000000000;1,000000000000000;1,000000000000000;1,0000000000000000;1,0000000000000000;1,0000000000000000;1,0000000000000000;1,0000000000000000
2021-09-12;60+;3;3,0;3;3;3;3;3;3;3;3;3;3,0;34;34,0;34;34,0;34;34,0;34;34;34;34,0;34,0;34,0;1,000000000000000;1,000000000000000;1,000000000000000;1,000000000000000;1,000000000000000;1,000000000000000;1,0000000000000000;1,0000000000000000;1,0000000000000000;1,0000000000000000;1,0000000000000000
2021-09-12;alle;6;6,0;6;6;6;6;6;6;6;6;6;6,0;67;67,0;67;67,0;67;67,0;67;67;67;67,0;67,0;67,0;NA;NA;NA;NA;NA;NA;NA;NA;NA;NA;NA
2021-09-11;0-60;8;8,0;8;8;8;8;8;8;8;8;8;8,0;34;34,0;34;34,0;34;34,0;34;34;34;34,0;34,0;34,0;1,000000000000000;1,000000000000000;1,000000000000000;1,000000000000000;1,000000000000000;1,000000000000000;1,0000000000000000;1,0000000000000000;1,0000000000000000;1,0000000000000000;1,0000000000000000
2021-09-11;60+;7;7,0;7;7;7;7;7;7;7;7;7;7,0;33;33,0;33;33,0;33;33,0;33;33;33;33,0;33,0;33,0;1,000000000000000;1,000000000000000;1,000000000000000;1,000000000000000;1,000000000000000;1,000000000000000;1,0000000000000000;1,0000000000000000;1,0000000000000000;1,0000000000000000;1,0000000000000000
2021-09-11;alle;15;15,0;15;15;15;15;15;15;15;15;15;15,0;67;67,0;67;67,0;67;67,0;67;67;67;67,0;67,0;67,0;NA;NA;NA;NA;NA;NA;NA;NA;NA;NA;NA
2021-09-10;0-60;5;5,0;5;5;5;5;5;5;5;5;5;5,0;32;32,0;32;32,0;32;32,0;32;32;32;32,0;32,0;32,0;1,000000000000000;1,000000000000000;1,000000000000000;1,000000000000000;1,000000000000000;1,000000000000000;1,0000000000000000;1,0000000000000000;1,0000000000000000;1,0000000000000000;1,0000000000000000
2021-09-10;60+;3;3,0;3;3;3;3;3;3;3;3;3;3,0;32;32,0;32;32,0;32;32,0;32;32;32;32,0;32,0;32,0;1,000000000000000;1,000000000000000;1,000000000000000;1,000000000000000;1,000000000000000;1,000000000000000;1,0000000000000000;1,0000000000000000;1,0000000000000000;1,0000000000000000;1,0000000000000000
2021-09-10;alle;8;8,0;8;8;8;8;8;8;8;8;8;8,0;64;64,0;64;64,0;64;64,0;64;64;64;64,0;64,0;64,0;NA;NA;NA;NA;NA;NA;NA;NA;NA;NA;NA
2021-09-09;0-60;8;8,0;8;8;8;8;8;8;8;8;8;8,0;31;31,0;31;31,0;31;31,0;31;31;31;31,0;31,0;31,0;1,000000000000000;1,000000000000000;1,000000000000000;1,000000000000000;1,000000000000000;1,000000000000000;1,0000000000000000;1,0000000000000000;1,0000000000000000;1,0000000000000000;1,0000000000000000
2021-09-09;60+;4;4,0;4;4;4;4;4;4;4;4;4;4,0;33;33,0;33;33,0;33;33,0;33;33;33;33,0;33,0;33,0;1,000000000000000;1,000000000000000;1,000000000000000;1,000000000000000;1,000000000000000;1,000000000000000;1,0000000000000000;1,0000000000000000;1,0000000000000000;1,0000000000000000;1,0000000000000000
2021-09-09;alle;12;12,0;12;12;12;12;12;12;12;12;12;12,0;64;64,0;64;64,0;64;64,0;64;64;64;64,0;64,0;64,0;NA;NA;NA;NA;NA;NA;NA;NA;NA;NA;NA
2021-09-08;0-60;2;2,0;2;2;2;2;2;2;2;2;2;2,0;26;26,0;26;26,0;26;26,0;26;26;26;26,0;26,0;26,0;1,000000000000000;1,000000000000000;1,000000000000000;1,000000000000000;1,000000000000000;1,000000000000000;1,0000000000000000;1,0000000000000000;1,0000000000000000;1,0000000000000000;1,0000000000000000
2021-09-08;60+;9;9,0;9;9;9;9;9;9;9;9;9;9,0;37;37,0;37;37,0;37;37,0;37;37;37;37,0;37,0;37,0;1,000000000000000;1,000000000000000;1,000000000000000;1,000000000000000;1,000000000000000;1,000000000000000;1,0000000000000000;1,0000000000000000;1,0000000000000000;1,0000000000000000;1,0000000000000000
2021-09-08;alle;11;11,0;11;11;11;11;11;11;11;11;11;11,0;63;63,0;63;63,0;63;63,0;63;63;63;63,0;63,0;63,0;NA;NA;NA;NA;NA;NA;NA;NA;NA;NA;NA
2021-09-07;0-60;6;6,0;6;6;6;6;6;6;6;6;6;6,0;28;28,0;28;28,0;28;28,0;28;28;28;28,0;28,0;28,0;1,000000000000000;1,000000000000000;1,000000000000000;1,000000000000000;1,000000000000000;1,000000000000000;1,0000000000000000;1,0000000000000000;1,0000000000000000;1,0000000000000000;1,0000000000000000
2021-09-07;60+;6;6,0;6;6;6;6;6;6;6;6;6;6,0;32;32,0;32;32,0;32;32,0;32;32;32;32,0;32,0;32,0;1,000000000000000;1,000000000000000;1,000000000000000;1,000000000000000;1,000000000000000;1,000000000000000;1,0000000000000000;1,0000000000000000;1,0000000000000000;1,0000000000000000;1,0000000000000000
2021-09-07;alle;12;12,0;12;12;12;12;12;12;12;12;12;12,0;60;60,0;60;60,0;60;60,0;60;60;60;60,0;60,0;60,0;NA;NA;NA;NA;NA;NA;NA;NA;NA;NA;NA
2021-09-06;0-60;1;1,0;1;1;1;1;1;1;1;1;1;1,0;29;29,0;29;29,0;29;29,0;29;29;29;29,0;29,0;29,0;1,000000000000000;1,000000000000000;1,000000000000000;1,000000000000000;1,000000000000000;1,000000000000000;1,0000000000000000;1,0000000000000000;1,0000000000000000;1,0000000000000000;1,0000000000000000
2021-09-06;60+;2;2,0;2;2;2;2;2;2;2;2;2;2,0;30;30,0;30;30,0;30;30,0;30;30;30;30,0;30,0;30,0;1,000000000000000;1,000000000000000;1,000000000000000;1,000000000000000;1,000000000000000;1,000000000000000;1,0000000000000000;1,0000000000000000;1,0000000000000000;1,0000000000000000;1,0000000000000000
2021-09-06;alle;3;3,0;3;3;3;3;3;3;3;3;3;3,0;59;59,0;59;59,0;59;59,0;59;59;59;59,0;59,0;59,0;NA;NA;NA;NA;NA;NA;NA;NA;NA;NA;NA
2021-09-05;0-60;4;4,0;4;4;4;4;4;4;4;4;4;4,0;28;28,0;28;28,0;28;28,0;28;28;28;28,0;28,0;28,0;1,000000000000000;1,000000000000000;1,000000000000000;1,000000000000000;1,000000000000000;1,000000000000000;1,0000000000000000;1,0000000000000000;1,0000000000000000;1,0000000000000000;1,0000000000000000
2021-09-05;60+;2;2,0;2;2;2;2;2;2;2;2;2;2,0;28;28,0;28;28,0;28;28,0;28;28;28;28,0;28,0;28,0;1,000000000000000;1,000000000000000;1,000000000000000;1,000000000000000;1,000000000000000;1,000000000000000;1,0000000000000000;1,0000000000000000;1,0000000000000000;1,0000000000000000;1,0000000000000000
2021-09-05;alle;6;6,0;6;6;6;6;6;6;6;6;6;6,0;56;56,0;56;56,0;56;56,0;56;56;56;56,0;56,0;56,0;NA;NA;NA;NA;NA;NA;NA;NA;NA;NA;NA
2021-09-04;0-60;6;6,0;6;6;6;6;6;6;6;6;6;6,0;25;25,0;25;25,0;25;25,0;25;25;25;25,0;25,0;25,0;1,000000000000000;1,000000000000000;1,000000000000000;1,000000000000000;1,000000000000000;1,000000000000000;1,0000000000000000;1,0000000000000000;1,0000000000000000;1,0000000000000000;1,0000000000000000
2021-09-04;60+;6;6,0;6;6;6;6;6;6;6;6;6;6,0;27;27,0;27;27,0;27;27,0;27;27;27;27,0;27,0;27,0;1,000000000000000;1,000000000000000;1,000000000000000;1,000000000000000;1,000000000000000;1,000000000000000;1,0000000000000000;1,0000000000000000;1,0000000000000000;1,0000000000000000;1,0000000000000000
2021-09-04;alle;12;12,0;12;12;12;12;12;12;12;12;12;12,0;52;52,0;52;52,0;52;52,0;52;52;52;52,0;52,0;52,0;NA;NA;NA;NA;NA;NA;NA;NA;NA;NA;NA
2021-09-03;0-60;4;4,0;4;4;4;4;4;4;4;4;4;4,0;23;23,0;23;23,0;23;23,0;23;23;23;23,0;23,0;23,0;1,000000000000000;1,000000000000000;1,000000000000000;1,000000000000000;1,000000000000000;1,000000000000000;1,0000000000000000;1,0000000000000000;1,0000000000000000;1,0000000000000000;1,0000000000000000
2021-09-03;60+;4;4,0;4;4;4;4;4;4;4;4;4;4,0;23;23,0;23;23,0;23;23,0;23;23;23;23,0;23,0;23,0;1,000000000000000;1,000000000000000;1,000000000000000;1,000000000000000;1,000000000000000;1,000000000000000;1,0000000000000000;1,0000000000000000;1,0000000000000000;1,0000000000000000;1,0000000000000000
2021-09-03;alle;8;8,0;8;8;8;8;8;8;8;8;8;8,0;46;46,0;46;46,0;46;46,0;46;46;46;46,0;46,0;46,0;NA;NA;NA;NA;NA;NA;NA;NA;NA;NA;NA
2021-09-02;0-60;3;3,0;3;3;3;3;3;3;3;3;3;3,0;26;26,0;26;26,0;26;26,0;26;26;26;26,0;26,0;26,0;1,000000000000000;1,000000000000000;1,000000000000000;1,000000000000000;1,000000000000000;1,000000000000000;1,0000000000000000;1,0000000000000000;1,0000000000000000;1,0000000000000000;1,0000000000000000
2021-09-02;60+;8;8,0;8;8;8;8;8;8;8;8;8;8,0;20;20,0;20;20,0;20;20,0;20;20;20;20,0;20,0;20,0;1,000000000000000;1,000000000000000;1,000000000000000;1,000000000000000;1,000000000000000;1,000000000000000;1,0000000000000000;1,0000000000000000;1,0000000000000000;1,0000000000000000;1,0000000000000000
2021-09-02;alle;11;11,0;11;11;11;11;11;11;11;11;11;11,0;46;46,0;46;46,0;46;46,0;46;46;46;46,0;46,0;46,0;NA;NA;NA;NA;NA;NA;NA;NA;NA;NA;NA
2021-09-01;0-60;4;4,0;4;4;4;4;4;4;4;4;4;4,0;24;24,0;24;24,0;24;24,0;24;24;24;24,0;24,0;24,0;1,000000000000000;1,000000000000000;1,000000000000000;1,000000000000000;1,000000000000000;1,000000000000000;1,0000000000000000;1,0000000000000000;1,0000000000000000;1,0000000000000000;1,0000000000000000
2021-09-01;60+;4;4,0;4;4;4;4;4;4;4;4;4;4,0;16;16,0;16;16,0;16;16,0;16;16;16;16,0;16,0;16,0;1,000000000000000;1,000000000000000;1,000000000000000;1,000000000000000;1,000000000000000;1,000000000000000;1,0000000000000000;1,0000000000000000;1,0000000000000000;1,0000000000000000;1,0000000000000000
2021-09-01;alle;8;8,0;8;8;8;8;8;8;8;8;8;8,0;40;40,0;40;40,0;40;40,0;40;40;40;40,0;40,0;40,0;NA;NA;NA;NA;NA;NA;NA;NA;NA;NA;NA
2021-08-31;0-60;7;7,0;7;7;7;7;7;7;7;7;7;7,0;27;27,0;27;27,0;27;27,0;27;27;27;27,0;27,0;27,0;1,000000000000000;1,000000000000000;1,000000000000000;1,000000000000000;1,000000000000000;1,000000000000000;1,0000000000000000;1,0000000000000000;1,0000000000000000;1,0000000000000000;1,0000000000000000
2021-08-31;60+;4;4,0;4;4;4;4;4;4;4;4;4;4,0;18;18,0;18;18,0;18;18,0;18;18;18;18,0;18,0;18,0;1,000000000000000;1,000000000000000;1,000000000000000;1,000000000000000;1,000000000000000;1,000000000000000;1,0000000000000000;1,0000000000000000;1,0000000000000000;1,0000000000000000;1,0000000000000000
2021-08-31;alle;11;11,0;11;11;11;11;11;11;11;11;11;11,0;45;45,0;45;45,0;45;45,0;45;45;45;45,0;45,0;45,0;NA;NA;NA;NA;NA;NA;NA;NA;NA;NA;NA
2021-08-30;0-60;0;0,0;0;0;0;0;0;0;0;0;0;0,0;24;24,0;24;24,0;24;24,0;24;24;24;24,0;24,0;24,0;1,000000000000000;1,000000000000000;1,000000000000000;1,000000000000000;1,000000000000000;1,000000000000000;1,0000000000000000;1,0000000000000000;1,0000000000000000;1,0000000000000000;1,0000000000000000
2021-08-30;60+;0;0,0;0;0;0;0;0;0;0;0;0;0,0;15;15,0;15;15,0;15;15,0;15;15;15;15,0;15,0;15,0;1,000000000000000;1,000000000000000;1,000000000000000;1,000000000000000;1,000000000000000;1,000000000000000;1,0000000000000000;1,0000000000000000;1,0000000000000000;1,0000000000000000;1,0000000000000000
2021-08-30;alle;0;0,0;0;0;0;0;0;0;0;0;0;0,0;39;39,0;39;39,0;39;39,0;39;39;39;39,0;39,0;39,0;NA;NA;NA;NA;NA;NA;NA;NA;NA;NA;NA
2021-08-29;0-60;1;1,0;1;1;1;1;1;1;1;1;1;1,0;25;25,0;25;25,0;25;25,0;25;25;25;25,0;25,0;25,0;1,000000000000000;1,000000000000000;1,000000000000000;1,000000000000000;1,000000000000000;1,000000000000000;1,0000000000000000;1,0000000000000000;1,0000000000000000;1,0000000000000000;1,0000000000000000
2021-08-29;60+;1;1,0;1;1;1;1;1;1;1;1;1;1,0;15;15,0;15;15,0;15;15,0;15;15;15;15,0;15,0;15,0;1,000000000000000;1,000000000000000;1,000000000000000;1,000000000000000;1,000000000000000;1,000000000000000;1,0000000000000000;1,0000000000000000;1,0000000000000000;1,0000000000000000;1,0000000000000000
2021-08-29;alle;2;2,0;2;2;2;2;2;2;2;2;2;2,0;40;40,0;40;40,0;40;40,0;40;40;40;40,0;40,0;40,0;NA;NA;NA;NA;NA;NA;NA;NA;NA;NA;NA
2021-08-28;0-60;4;4,0;4;4;4;4;4;4;4;4;4;4,0;30;30,0;30;30,0;30;30,0;30;30;30;30,0;30,0;30,0;1,000000000000000;1,000000000000000;1,000000000000000;1,000000000000000;1,000000000000000;1,000000000000000;1,0000000000000000;1,0000000000000000;1,0000000000000000;1,0000000000000000;1,0000000000000000
2021-08-28;60+;2;2,0;2;2;2;2;2;2;2;2;2;2,0;17;17,0;17;17,0;17;17,0;17;17;17;17,0;17,0;17,0;1,000000000000000;1,000000000000000;1,000000000000000;1,000000000000000;1,000000000000000;1,000000000000000;1,0000000000000000;1,0000000000000000;1,0000000000000000;1,0000000000000000;1,0000000000000000
2021-08-28;alle;6;6,0;6;6;6;6;6;6;6;6;6;6,0;47;47,0;47;47,0;47;47,0;47;47;47;47,0;47,0;47,0;NA;NA;NA;NA;NA;NA;NA;NA;NA;NA;NA
2021-08-27;0-60;7;7,0;7;7;7;7;7;7;7;7;7;7,0;28;28,0;28;28,0;28;28,0;28;28;28;28,0;28,0;28,0;1,000000000000000;1,000000000000000;1,000000000000000;1,000000000000000;1,000000000000000;1,000000000000000;1,0000000000000000;1,0000000000000000;1,0000000000000000;1,0000000000000000;1,0000000000000000
2021-08-27;60+;1;1,0;1;1;1;1;1;1;1;1;1;1,0;18;18,0;18;18,0;18;18,0;18;18;18;18,0;18,0;18,0;1,000000000000000;1,000000000000000;1,000000000000000;1,000000000000000;1,000000000000000;1,000000000000000;1,0000000000000000;1,0000000000000000;1,0000000000000000;1,0000000000000000;1,0000000000000000
2021-08-27;alle;8;8,0;8;8;8;8;8;8;8;8;8;8,0;46;46,0;46;46,0;46;46,0;46;46;46;46,0;46,0;46,0;NA;NA;NA;NA;NA;NA;NA;NA;NA;NA;NA
2021-08-26;0-60;1;1,0;1;1;1;1;1;1;1;1;1;1,0;23;23,0;23;23,0;23;23,0;23;23;23;23,0;23,0;23,0;1,000000000000000;1,000000000000000;1,000000000000000;1,000000000000000;1,000000000000000;1,000000000000000;1,0000000000000000;1,0000000000000000;1,0000000000000000;1,0000000000000000;1,0000000000000000
2021-08-26;60+;4;4,0;4;4;4;4;4;4;4;4;4;4,0;20;20,0;20;20,0;20;20,0;20;20;20;20,0;20,0;20,0;1,000000000000000;1,000000000000000;1,000000000000000;1,000000000000000;1,000000000000000;1,000000000000000;1,0000000000000000;1,0000000000000000;1,0000000000000000;1,0000000000000000;1,0000000000000000
2021-08-26;alle;5;5,0;5;5;5;5;5;5;5;5;5;5,0;43;43,0;43;43,0;43;43,0;43;43;43;43,0;43,0;43,0;NA;NA;NA;NA;NA;NA;NA;NA;NA;NA;NA
2021-08-25;0-60;7;7,0;7;7;7;7;7;7;7;7;7;7,0;29;29,0;29;29,0;29;29,0;29;29;29;29,0;29,0;29,0;1,000000000000000;1,000000000000000;1,000000000000000;1,000000000000000;1,000000000000000;1,000000000000000;1,0000000000000000;1,0000000000000000;1,0000000000000000;1,0000000000000000;1,0000000000000000
2021-08-25;60+;6;6,0;6;6;6;6;6;6;6;6;6;6,0;19;19,0;19;19,0;19;19,0;19;19;19;19,0;19,0;19,0;1,000000000000000;1,000000000000000;1,000000000000000;1,000000000000000;1,000000000000000;1,000000000000000;1,0000000000000000;1,0000000000000000;1,0000000000000000;1,0000000000000000;1,0000000000000000
2021-08-25;alle;13;13,0;13;13;13;13;13;13;13;13;13;13,0;48;48,0;48;48,0;48;48,0;48;48;48;48,0;48,0;48,0;NA;NA;NA;NA;NA;NA;NA;NA;NA;NA;NA
2021-08-24;0-60;4;4,0;4;4;4;4;4;4;4;4;4;4,0;28;28,0;28;28,0;28;28,0;28;28;28;28,0;28,0;28,0;1,000000000000000;1,000000000000000;1,000000000000000;1,000000000000000;1,000000000000000;1,000000000000000;1,0000000000000000;1,0000000000000000;1,0000000000000000;1,0000000000000000;1,0000000000000000
2021-08-24;60+;1;1,0;1;1;1;1;1;1;1;1;1;1,0;17;17,0;17;17,0;17;17,0;17;17;17;17,0;17,0;17,0;1,000000000000000;1,000000000000000;1,000000000000000;1,000000000000000;1,000000000000000;1,000000000000000;1,0000000000000000;1,0000000000000000;1,0000000000000000;1,0000000000000000;1,0000000000000000
2021-08-24;alle;5;5,0;5;5;5;5;5;5;5;5;5;5,0;45;45,0;45;45,0;45;45,0;45;45;45;45,0;45,0;45,0;NA;NA;NA;NA;NA;NA;NA;NA;NA;NA;NA
2021-08-23;0-60;1;1,0;1;1;1;1;1;1;1;1;1;1,0;26;26,0;26;26,0;26;26,0;26;26;26;26,0;26,0;26,0;1,000000000000000;1,000000000000000;1,000000000000000;1,000000000000000;1,000000000000000;1,000000000000000;1,0000000000000000;1,0000000000000000;1,0000000000000000;1,0000000000000000;1,0000000000000000
2021-08-23;60+;0;0,0;0;0;0;0;0;0;0;0;0;0,0;18;18,0;18;18,0;18;18,0;18;18;18;18,0;18,0;18,0;1,000000000000000;1,000000000000000;1,000000000000000;1,000000000000000;1,000000000000000;1,000000000000000;1,0000000000000000;1,0000000000000000;1,0000000000000000;1,0000000000000000;1,0000000000000000
2021-08-23;alle;1;1,0;1;1;1;1;1;1;1;1;1;1,0;44;44,0;44;44,0;44;44,0;44;44;44;44,0;44,0;44,0;NA;NA;NA;NA;NA;NA;NA;NA;NA;NA;NA
2021-08-22;0-60;6;6,0;6;6;6;6;6;6;6;6;6;6,0;26;26,0;26;26,0;26;26,0;26;26;26;26,0;26,0;26,0;1,000000000000000;1,000000000000000;1,000000000000000;1,000000000000000;1,000000000000000;1,000000000000000;1,0000000000000000;1,0000000000000000;1,0000000000000000;1,0000000000000000;1,0000000000000000
2021-08-22;60+;3;3,0;3;3;3;3;3;3;3;3;3;3,0;18;18,0;18;18,0;18;18,0;18;18;18;18,0;18,0;18,0;1,000000000000000;1,000000000000000;1,000000000000000;1,000000000000000;1,000000000000000;1,000000000000000;1,0000000000000000;1,0000000000000000;1,0000000000000000;1,0000000000000000;1,0000000000000000
2021-08-22;alle;9;9,0;9;9;9;9;9;9;9;9;9;9,0;44;44,0;44;44,0;44;44,0;44;44;44;44,0;44,0;44,0;NA;NA;NA;NA;NA;NA;NA;NA;NA;NA;NA
2021-08-21;0-60;2;2,0;2;2;2;2;2;2;2;2;2;2,0;21;21,0;21;21,0;21;21,0;21;21;21;21,0;21,0;21,0;1,000000000000000;1,000000000000000;1,000000000000000;1,000000000000000;1,000000000000000;1,000000000000000;1,0000000000000000;1,0000000000000000;1,0000000000000000;1,0000000000000000;1,0000000000000000
2021-08-21;60+;3;3,0;3;3;3;3;3;3;3;3;3;3,0;16;16,0;16;16,0;16;16,0;16;16;16;16,0;16,0;16,0;1,000000000000000;1,000000000000000;1,000000000000000;1,000000000000000;1,000000000000000;1,000000000000000;1,0000000000000000;1,0000000000000000;1,0000000000000000;1,0000000000000000;1,0000000000000000
2021-08-21;alle;5;5,0;5;5;5;5;5;5;5;5;5;5,0;37;37,0;37;37,0;37;37,0;37;37;37;37,0;37,0;37,0;NA;NA;NA;NA;NA;NA;NA;NA;NA;NA;NA
2021-08-20;0-60;2;2,0;2;2;2;2;2;2;2;2;2;2,0;22;22,0;22;22,0;22;22,0;22;22;22;22,0;22,0;22,0;1,000000000000000;1,000000000000000;1,000000000000000;1,000000000000000;1,000000000000000;1,000000000000000;1,0000000000000000;1,0000000000000000;1,0000000000000000;1,0000000000000000;1,0000000000000000
2021-08-20;60+;3;3,0;3;3;3;3;3;3;3;3;3;3,0;16;16,0;16;16,0;16;16,0;16;16;16;16,0;16,0;16,0;1,000000000000000;1,000000000000000;1,000000000000000;1,000000000000000;1,000000000000000;1,000000000000000;1,0000000000000000;1,0000000000000000;1,0000000000000000;1,0000000000000000;1,0000000000000000
2021-08-20;alle;5;5,0;5;5;5;5;5;5;5;5;5;5,0;38;38,0;38;38,0;38;38,0;38;38;38;38,0;38,0;38,0;NA;NA;NA;NA;NA;NA;NA;NA;NA;NA;NA
2021-08-19;0-60;7;7,0;7;7;7;7;7;7;7;7;7;7,0;25;25,0;25;25,0;25;25,0;25;25;25;25,0;25,0;25,0;1,000000000000000;1,000000000000000;1,000000000000000;1,000000000000000;1,000000000000000;1,000000000000000;1,0000000000000000;1,0000000000000000;1,0000000000000000;1,0000000000000000;1,0000000000000000
2021-08-19;60+;3;3,0;3;3;3;3;3;3;3;3;3;3,0;16;16,0;16;16,0;16;16,0;16;16;16;16,0;16,0;16,0;1,000000000000000;1,000000000000000;1,000000000000000;1,000000000000000;1,000000000000000;1,000000000000000;1,0000000000000000;1,0000000000000000;1,0000000000000000;1,0000000000000000;1,0000000000000000
2021-08-19;alle;10;10,0;10;10;10;10;10;10;10;10;10;10,0;41;41,0;41;41,0;41;41,0;41;41;41;41,0;41,0;41,0;NA;NA;NA;NA;NA;NA;NA;NA;NA;NA;NA
2021-08-18;0-60;6;6,0;6;6;6;6;6;6;6;6;6;6,0;21;21,0;21;21,0;21;21,0;21;21;21;21,0;21,0;21,0;1,000000000000000;1,000000000000000;1,000000000000000;1,000000000000000;1,000000000000000;1,000000000000000;1,0000000000000000;1,0000000000000000;1,0000000000000000;1,0000000000000000;1,0000000000000000
2021-08-18;60+;4;4,0;4;4;4;4;4;4;4;4;4;4,0;15;15,0;15;15,0;15;15,0;15;15;15;15,0;15,0;15,0;1,000000000000000;1,000000000000000;1,000000000000000;1,000000000000000;1,000000000000000;1,000000000000000;1,0000000000000000;1,0000000000000000;1,0000000000000000;1,0000000000000000;1,0000000000000000
2021-08-18;alle;10;10,0;10;10;10;10;10;10;10;10;10;10,0;36;36,0;36;36,0;36;36,0;36;36;36;36,0;36,0;36,0;NA;NA;NA;NA;NA;NA;NA;NA;NA;NA;NA
2021-08-17;0-60;2;2,0;2;2;2;2;2;2;2;2;2;2,0;17;17,0;17;17,0;17;17,0;17;17;17;17,0;17,0;17,0;1,000000000000000;1,000000000000000;1,000000000000000;1,000000000000000;1,000000000000000;1,000000000000000;1,0000000000000000;1,0000000000000000;1,0000000000000000;1,0000000000000000;1,0000000000000000
2021-08-17;60+;2;2,0;2;2;2;2;2;2;2;2;2;2,0;14;14,0;14;14,0;14;14,0;14;14;14;14,0;14,0;14,0;1,000000000000000;1,000000000000000;1,000000000000000;1,000000000000000;1,000000000000000;1,000000000000000;1,0000000000000000;1,0000000000000000;1,0000000000000000;1,0000000000000000;1,0000000000000000
2021-08-17;alle;4;4,0;4;4;4;4;4;4;4;4;4;4,0;31;31,0;31;31,0;31;31,0;31;31;31;31,0;31,0;31,0;NA;NA;NA;NA;NA;NA;NA;NA;NA;NA;NA
2021-08-16;0-60;1;1,0;1;1;1;1;1;1;1;1;1;1,0;15;15,0;15;15,0;15;15,0;15;15;15;15,0;15,0;15,0;1,000000000000000;1,000000000000000;1,000000000000000;1,000000000000000;1,000000000000000;1,000000000000000;1,0000000000000000;1,0000000000000000;1,0000000000000000;1,0000000000000000;1,0000000000000000
2021-08-16;60+;0;0,0;0;0;0;0;0;0;0;0;0;0,0;14;14,0;14;14,0;14;14,0;14;14;14;14,0;14,0;14,0;1,000000000000000;1,000000000000000;1,000000000000000;1,000000000000000;1,000000000000000;1,000000000000000;1,0000000000000000;1,0000000000000000;1,0000000000000000;1,0000000000000000;1,0000000000000000
2021-08-16;alle;1;1,0;1;1;1;1;1;1;1;1;1;1,0;29;29,0;29;29,0;29;29,0;29;29;29;29,0;29,0;29,0;NA;NA;NA;NA;NA;NA;NA;NA;NA;NA;NA
2021-08-15;0-60;1;1,0;1;1;1;1;1;1;1;1;1;1,0;14;14,0;14;14,0;14;14,0;14;14;14;14,0;14,0;14,0;1,000000000000000;1,000000000000000;1,000000000000000;1,000000000000000;1,000000000000000;1,000000000000000;1,0000000000000000;1,0000000000000000;1,0000000000000000;1,0000000000000000;1,0000000000000000
2021-08-15;60+;1;1,0;1;1;1;1;1;1;1;1;1;1,0;15;15,0;15;15,0;15;15,0;15;15;15;15,0;15,0;15,0;1,000000000000000;1,000000000000000;1,000000000000000;1,000000000000000;1,000000000000000;1,000000000000000;1,0000000000000000;1,0000000000000000;1,0000000000000000;1,0000000000000000;1,0000000000000000
2021-08-15;alle;2;2,0;2;2;2;2;2;2;2;2;2;2,0;29;29,0;29;29,0;29;29,0;29;29;29;29,0;29,0;29,0;NA;NA;NA;NA;NA;NA;NA;NA;NA;NA;NA
2021-08-14;0-60;3;3,0;3;3;3;3;3;3;3;3;3;3,0;15;15,0;15;15,0;15;15,0;15;15;15;15,0;15,0;15,0;1,000000000000000;1,000000000000000;1,000000000000000;1,000000000000000;1,000000000000000;1,000000000000000;1,0000000000000000;1,0000000000000000;1,0000000000000000;1,0000000000000000;1,0000000000000000
2021-08-14;60+;3;3,0;3;3;3;3;3;3;3;3;3;3,0;16;16,0;16;16,0;16;16,0;16;16;16;16,0;16,0;16,0;1,000000000000000;1,000000000000000;1,000000000000000;1,000000000000000;1,000000000000000;1,000000000000000;1,0000000000000000;1,0000000000000000;1,0000000000000000;1,0000000000000000;1,0000000000000000
2021-08-14;alle;6;6,0;6;6;6;6;6;6;6;6;6;6,0;31;31,0;31;31,0;31;31,0;31;31;31;31,0;31,0;31,0;NA;NA;NA;NA;NA;NA;NA;NA;NA;NA;NA
2021-08-13;0-60;5;5,0;5;5;5;5;5;5;5;5;5;5,0;15;15,0;15;15,0;15;15,0;15;15;15;15,0;15,0;15,0;1,000000000000000;1,000000000000000;1,000000000000000;1,000000000000000;1,000000000000000;1,000000000000000;1,0000000000000000;1,0000000000000000;1,0000000000000000;1,0000000000000000;1,0000000000000000
2021-08-13;60+;3;3,0;3;3;3;3;3;3;3;3;3;3,0;14;14,0;14;14,0;14;14,0;14;14;14;14,0;14,0;14,0;1,000000000000000;1,000000000000000;1,000000000000000;1,000000000000000;1,000000000000000;1,000000000000000;1,0000000000000000;1,0000000000000000;1,0000000000000000;1,0000000000000000;1,0000000000000000
2021-08-13;alle;8;8,0;8;8;8;8;8;8;8;8;8;8,0;29;29,0;29;29,0;29;29,0;29;29;29;29,0;29,0;29,0;NA;NA;NA;NA;NA;NA;NA;NA;NA;NA;NA
2021-08-12;0-60;3;3,0;3;3;3;3;3;3;3;3;3;3,0;11;11,0;11;11,0;11;11,0;11;11;11;11,0;11,0;11,0;1,000000000000000;1,000000000000000;1,000000000000000;1,000000000000000;1,000000000000000;1,000000000000000;1,0000000000000000;1,0000000000000000;1,0000000000000000;1,0000000000000000;1,0000000000000000
2021-08-12;60+;2;2,0;2;2;2;2;2;2;2;2;2;2,0;14;14,0;14;14,0;14;14,0;14;14;14;14,0;14,0;14,0;1,000000000000000;1,000000000000000;1,000000000000000;1,000000000000000;1,000000000000000;1,000000000000000;1,0000000000000000;1,0000000000000000;1,0000000000000000;1,0000000000000000;1,0000000000000000
2021-08-12;alle;5;5,0;5;5;5;5;5;5;5;5;5;5,0;25;25,0;25;25,0;25;25,0;25;25;25;25,0;25,0;25,0;NA;NA;NA;NA;NA;NA;NA;NA;NA;NA;NA
2021-08-11;0-60;2;2,0;2;2;2;2;2;2;2;2;2;2,0;9;9,0;9;9,0;9;9,0;9;9;9;9,0;9,0;9,0;1,000000000000000;1,000000000000000;1,000000000000000;1,000000000000000;1,000000000000000;1,000000000000000;1,0000000000000000;1,0000000000000000;1,0000000000000000;1,0000000000000000;1,0000000000000000
2021-08-11;60+;3;3,0;3;3;3;3;3;3;3;3;3;3,0;12;12,0;12;12,0;12;12,0;12;12;12;12,0;12,0;12,0;1,000000000000000;1,000000000000000;1,000000000000000;1,000000000000000;1,000000000000000;1,000000000000000;1,0000000000000000;1,0000000000000000;1,0000000000000000;1,0000000000000000;1,0000000000000000
2021-08-11;alle;5;5,0;5;5;5;5;5;5;5;5;5;5,0;21;21,0;21;21,0;21;21,0;21;21;21;21,0;21,0;21,0;NA;NA;NA;NA;NA;NA;NA;NA;NA;NA;NA
2021-08-10;0-60;0;0,0;0;0;0;0;0;0;0;0;0;0,0;10;10,0;10;10,0;10;10,0;10;10;10;10,0;10,0;10,0;1,000000000000000;1,000000000000000;1,000000000000000;1,000000000000000;1,000000000000000;1,000000000000000;1,0000000000000000;1,0000000000000000;1,0000000000000000;1,0000000000000000;1,0000000000000000
2021-08-10;60+;2;2,0;2;2;2;2;2;2;2;2;2;2,0;11;11,0;11;11,0;11;11,0;11;11;11;11,0;11,0;11,0;1,000000000000000;1,000000000000000;1,000000000000000;1,000000000000000;1,000000000000000;1,000000000000000;1,0000000000000000;1,0000000000000000;1,0000000000000000;1,0000000000000000;1,0000000000000000
2021-08-10;alle;2;2,0;2;2;2;2;2;2;2;2;2;2,0;21;21,0;21;21,0;21;21,0;21;21;21;21,0;21,0;21,0;NA;NA;NA;NA;NA;NA;NA;NA;NA;NA;NA
2021-08-09;0-60;0;0,0;0;0;0;0;0;0;0;0;0;0,0;15;15,0;15;15,0;15;15,0;15;15;15;15,0;15,0;15,0;1,000000000000000;1,000000000000000;1,000000000000000;1,000000000000000;1,000000000000000;1,000000000000000;1,0000000000000000;1,0000000000000000;1,0000000000000000;1,0000000000000000;1,0000000000000000
2021-08-09;60+;1;1,0;1;1;1;1;1;1;1;1;1;1,0;11;11,0;11;11,0;11;11,0;11;11;11;11,0;11,0;11,0;1,000000000000000;1,000000000000000;1,000000000000000;1,000000000000000;1,000000000000000;1,000000000000000;1,0000000000000000;1,0000000000000000;1,0000000000000000;1,0000000000000000;1,0000000000000000
2021-08-09;alle;1;1,0;1;1;1;1;1;1;1;1;1;1,0;26;26,0;26;26,0;26;26,0;26;26;26;26,0;26,0;26,0;NA;NA;NA;NA;NA;NA;NA;NA;NA;NA;NA
2021-08-08;0-60;2;2,0;2;2;2;2;2;2;2;2;2;2,0;15;15,0;15;15,0;15;15,0;15;15;15;15,0;15,0;15,0;1,000000000000000;1,000000000000000;1,000000000000000;1,000000000000000;1,000000000000000;1,000000000000000;1,0000000000000000;1,0000000000000000;1,0000000000000000;1,0000000000000000;1,0000000000000000
2021-08-08;60+;2;2,0;2;2;2;2;2;2;2;2;2;2,0;10;10,0;10;10,0;10;10,0;10;10;10;10,0;10,0;10,0;1,000000000000000;1,000000000000000;1,000000000000000;1,000000000000000;1,000000000000000;1,000000000000000;1,0000000000000000;1,0000000000000000;1,0000000000000000;1,0000000000000000;1,0000000000000000
2021-08-08;alle;4;4,0;4;4;4;4;4;4;4;4;4;4,0;25;25,0;25;25,0;25;25,0;25;25;25;25,0;25,0;25,0;NA;NA;NA;NA;NA;NA;NA;NA;NA;NA;NA
2021-08-07;0-60;3;3,0;3;3;3;3;3;3;3;3;3;3,0;13;13,0;13;13,0;13;13,0;13;13;13;13,0;13,0;13,0;1,000000000000000;1,000000000000000;1,000000000000000;1,000000000000000;1,000000000000000;1,000000000000000;1,0000000000000000;1,0000000000000000;1,0000000000000000;1,0000000000000000;1,0000000000000000
2021-08-07;60+;1;1,0;1;1;1;1;1;1;1;1;1;1,0;8;8,0;8;8,0;8;8,0;8;8;8;8,0;8,0;8,0;1,000000000000000;1,000000000000000;1,000000000000000;1,000000000000000;1,000000000000000;1,000000000000000;1,0000000000000000;1,0000000000000000;1,0000000000000000;1,0000000000000000;1,0000000000000000
2021-08-07;alle;4;4,0;4;4;4;4;4;4;4;4;4;4,0;21;21,0;21;21,0;21;21,0;21;21;21;21,0;21,0;21,0;NA;NA;NA;NA;NA;NA;NA;NA;NA;NA;NA
2021-08-06;0-60;1;1,0;1;1;1;1;1;1;1;1;1;1,0;10;10,0;10;10,0;10;10,0;10;10;10;10,0;10,0;10,0;1,000000000000000;1,000000000000000;1,000000000000000;1,000000000000000;1,000000000000000;1,000000000000000;1,0000000000000000;1,0000000000000000;1,0000000000000000;1,0000000000000000;1,0000000000000000
2021-08-06;60+;3;3,0;3;3;3;3;3;3;3;3;3;3,0;10;10,0;10;10,0;10;10,0;10;10;10;10,0;10,0;10,0;1,000000000000000;1,000000000000000;1,000000000000000;1,000000000000000;1,000000000000000;1,000000000000000;1,0000000000000000;1,0000000000000000;1,0000000000000000;1,0000000000000000;1,0000000000000000
2021-08-06;alle;4;4,0;4;4;4;4;4;4;4;4;4;4,0;20;20,0;20;20,0;20;20,0;20;20;20;20,0;20,0;20,0;NA;NA;NA;NA;NA;NA;NA;NA;NA;NA;NA
2021-08-05;0-60;1;1,0;1;1;1;1;1;1;1;1;1;1,0;10;10,0;10;10,0;10;10,0;10;10;10;10,0;10,0;10,0;1,000000000000000;1,000000000000000;1,000000000000000;1,000000000000000;1,000000000000000;1,000000000000000;1,0000000000000000;1,0000000000000000;1,0000000000000000;1,0000000000000000;1,0000000000000000
2021-08-05;60+;0;0,0;0;0;0;0;0;0;0;0;0;0,0;11;11,0;11;11,0;11;11,0;11;11;11;11,0;11,0;11,0;1,000000000000000;1,000000000000000;1,000000000000000;1,000000000000000;1,000000000000000;1,000000000000000;1,0000000000000000;1,0000000000000000;1,0000000000000000;1,0000000000000000;1,0000000000000000
2021-08-05;alle;1;1,0;1;1;1;1;1;1;1;1;1;1,0;21;21,0;21;21,0;21;21,0;21;21;21;21,0;21,0;21,0;NA;NA;NA;NA;NA;NA;NA;NA;NA;NA;NA
2021-08-04;0-60;3;3,0;3;3;3;3;3;3;3;3;3;3,0;10;10,0;10;10,0;10;10,0;10;10;10;10,0;10,0;10,0;1,000000000000000;1,000000000000000;1,000000000000000;1,000000000000000;1,000000000000000;1,000000000000000;1,0000000000000000;1,0000000000000000;1,0000000000000000;1,0000000000000000;1,0000000000000000
2021-08-04;60+;2;2,0;2;2;2;2;2;2;2;2;2;2,0;12;12,0;12;12,0;12;12,0;12;12;12;12,0;12,0;12,0;1,000000000000000;1,000000000000000;1,000000000000000;1,000000000000000;1,000000000000000;1,000000000000000;1,0000000000000000;1,0000000000000000;1,0000000000000000;1,0000000000000000;1,0000000000000000
2021-08-04;alle;5;5,0;5;5;5;5;5;5;5;5;5;5,0;22;22,0;22;22,0;22;22,0;22;22;22;22,0;22,0;22,0;NA;NA;NA;NA;NA;NA;NA;NA;NA;NA;NA
2021-08-03;0-60;5;5,0;5;5;5;5;5;5;5;5;5;5,0;10;10,0;10;10,0;10;10,0;10;10;10;10,0;10,0;10,0;1,000000000000000;1,000000000000000;1,000000000000000;1,000000000000000;1,000000000000000;1,000000000000000;1,0000000000000000;1,0000000000000000;1,0000000000000000;1,0000000000000000;1,0000000000000000
2021-08-03;60+;2;2,0;2;2;2;2;2;2;2;2;2;2,0;10;10,0;10;10,0;10;10,0;10;10;10;10,0;10,0;10,0;1,000000000000000;1,000000000000000;1,000000000000000;1,000000000000000;1,000000000000000;1,000000000000000;1,0000000000000000;1,0000000000000000;1,0000000000000000;1,0000000000000000;1,0000000000000000
2021-08-03;alle;7;7,0;7;7;7;7;7;7;7;7;7;7,0;20;20,0;20;20,0;20;20,0;20;20;20;20,0;20,0;20,0;NA;NA;NA;NA;NA;NA;NA;NA;NA;NA;NA
2021-08-02;0-60;0;0,0;0;0;0;0;0;0;0;0;0;0,0;5;5,0;5;5,0;5;5,0;5;5;5;5,0;5,0;5,0;1,000000000000000;1,000000000000000;1,000000000000000;1,000000000000000;1,000000000000000;1,000000000000000;1,0000000000000000;1,0000000000000000;1,0000000000000000;1,0000000000000000;1,0000000000000000
2021-08-02;60+;0;0,0;0;0;0;0;0;0;0;0;0;0,0;9;9,0;9;9,0;9;9,0;9;9;9;9,0;9,0;9,0;1,000000000000000;1,000000000000000;1,000000000000000;1,000000000000000;1,000000000000000;1,000000000000000;1,0000000000000000;1,0000000000000000;1,0000000000000000;1,0000000000000000;1,0000000000000000
2021-08-02;alle;0;0,0;0;0;0;0;0;0;0;0;0;0,0;14;14,0;14;14,0;14;14,0;14;14;14;14,0;14,0;14,0;NA;NA;NA;NA;NA;NA;NA;NA;NA;NA;NA
2021-08-01;0-60;0;0,0;0;0;0;0;0;0;0;0;0;0,0;5;5,0;5;5,0;5;5,0;5;5;5;5,0;5,0;5,0;1,000000000000000;1,000000000000000;1,000000000000000;1,000000000000000;1,000000000000000;1,000000000000000;1,0000000000000000;1,0000000000000000;1,0000000000000000;1,0000000000000000;1,0000000000000000
2021-08-01;60+;0;0,0;0;0;0;0;0;0;0;0;0;0,0;10;10,0;10;10,0;10;10,0;10;10;10;10,0;10,0;10,0;1,000000000000000;1,000000000000000;1,000000000000000;1,000000000000000;1,000000000000000;1,000000000000000;1,0000000000000000;1,0000000000000000;1,0000000000000000;1,0000000000000000;1,0000000000000000
2021-08-01;alle;0;0,0;0;0;0;0;0;0;0;0;0;0,0;15;15,0;15;15,0;15;15,0;15;15;15;15,0;15,0;15,0;NA;NA;NA;NA;NA;NA;NA;NA;NA;NA;NA
2021-07-31;0-60;0;0,0;0;0;0;0;0;0;0;0;0;0,0;5;5,0;5;5,0;5;5,0;5;5;5;5,0;5,0;5,0;1,000000000000000;1,000000000000000;1,000000000000000;1,000000000000000;1,000000000000000;1,000000000000000;1,0000000000000000;1,0000000000000000;1,0000000000000000;1,0000000000000000;1,0000000000000000
2021-07-31;60+;3;3,0;3;3;3;3;3;3;3;3;3;3,0;10;10,0;10;10,0;10;10,0;10;10;10;10,0;10,0;10,0;1,000000000000000;1,000000000000000;1,000000000000000;1,000000000000000;1,000000000000000;1,000000000000000;1,0000000000000000;1,0000000000000000;1,0000000000000000;1,0000000000000000;1,0000000000000000
2021-07-31;alle;3;3,0;3;3;3;3;3;3;3;3;3;3,0;15;15,0;15;15,0;15;15,0;15;15;15;15,0;15,0;15,0;NA;NA;NA;NA;NA;NA;NA;NA;NA;NA;NA
2021-07-30;0-60;1;1,0;1;1;1;1;1;1;1;1;1;1,0;8;8,0;8;8,0;8;8,0;8;8;8;8,0;8,0;8,0;1,000000000000000;1,000000000000000;1,000000000000000;1,000000000000000;1,000000000000000;1,000000000000000;1,0000000000000000;1,0000000000000000;1,0000000000000000;1,0000000000000000;1,0000000000000000
2021-07-30;60+;4;4,0;4;4;4;4;4;4;4;4;4;4,0;8;8,0;8;8,0;8;8,0;8;8;8;8,0;8,0;8,0;1,000000000000000;1,000000000000000;1,000000000000000;1,000000000000000;1,000000000000000;1,000000000000000;1,0000000000000000;1,0000000000000000;1,0000000000000000;1,0000000000000000;1,0000000000000000
2021-07-30;alle;5;5,0;5;5;5;5;5;5;5;5;5;5,0;16;16,0;16;16,0;16;16,0;16;16;16;16,0;16,0;16,0;NA;NA;NA;NA;NA;NA;NA;NA;NA;NA;NA
2021-07-29;0-60;1;1,0;1;1;1;1;1;1;1;1;1;1,0;7;7,0;7;7,0;7;7,0;7;7;7;7,0;7,0;7,0;1,000000000000000;1,000000000000000;1,000000000000000;1,000000000000000;1,000000000000000;1,000000000000000;1,0000000000000000;1,0000000000000000;1,0000000000000000;1,0000000000000000;1,0000000000000000
2021-07-29;60+;1;1,0;1;1;1;1;1;1;1;1;1;1,0;5;5,0;5;5,0;5;5,0;5;5;5;5,0;5,0;5,0;1,000000000000000;1,000000000000000;1,000000000000000;1,000000000000000;1,000000000000000;1,000000000000000;1,0000000000000000;1,0000000000000000;1,0000000000000000;1,0000000000000000;1,0000000000000000
2021-07-29;alle;2;2,0;2;2;2;2;2;2;2;2;2;2,0;12;12,0;12;12,0;12;12,0;12;12;12;12,0;12,0;12,0;NA;NA;NA;NA;NA;NA;NA;NA;NA;NA;NA
2021-07-28;0-60;3;3,0;3;3;3;3;3;3;3;3;3;3,0;6;6,0;6;6,0;6;6,0;6;6;6;6,0;6,0;6,0;1,000000000000000;1,000000000000000;1,000000000000000;1,000000000000000;1,000000000000000;1,000000000000000;1,0000000000000000;1,0000000000000000;1,0000000000000000;1,0000000000000000;1,0000000000000000
2021-07-28;60+;0;0,0;0;0;0;0;0;0;0;0;0;0,0;5;5,0;5;5,0;5;5,0;5;5;5;5,0;5,0;5,0;1,000000000000000;1,000000000000000;1,000000000000000;1,000000000000000;1,000000000000000;1,000000000000000;1,0000000000000000;1,0000000000000000;1,0000000000000000;1,0000000000000000;1,0000000000000000
2021-07-28;alle;3;3,0;3;3;3;3;3;3;3;3;3;3,0;11;11,0;11;11,0;11;11,0;11;11;11;11,0;11,0;11,0;NA;NA;NA;NA;NA;NA;NA;NA;NA;NA;NA
2021-07-27;0-60;0;0,0;0;0;0;0;0;0;0;0;0;0,0;5;5,0;5;5,0;5;5,0;5;5;5;5,0;5,0;5,0;1,000000000000000;1,000000000000000;1,000000000000000;1,000000000000000;1,000000000000000;1,000000000000000;1,0000000000000000;1,0000000000000000;1,0000000000000000;1,0000000000000000;1,0000000000000000
2021-07-27;60+;1;1,0;1;1;1;1;1;1;1;1;1;1,0;6;6,0;6;6,0;6;6,0;6;6;6;6,0;6,0;6,0;1,000000000000000;1,000000000000000;1,000000000000000;1,000000000000000;1,000000000000000;1,000000000000000;1,0000000000000000;1,0000000000000000;1,0000000000000000;1,0000000000000000;1,0000000000000000
2021-07-27;alle;1;1,0;1;1;1;1;1;1;1;1;1;1,0;11;11,0;11;11,0;11;11,0;11;11;11;11,0;11,0;11,0;NA;NA;NA;NA;NA;NA;NA;NA;NA;NA;NA
2021-07-26;0-60;0;0,0;0;0;0;0;0;0;0;0;0;0,0;6;6,0;6;6,0;6;6,0;6;6;6;6,0;6,0;6,0;1,000000000000000;1,000000000000000;1,000000000000000;1,000000000000000;1,000000000000000;1,000000000000000;1,0000000000000000;1,0000000000000000;1,0000000000000000;1,0000000000000000;1,0000000000000000
2021-07-26;60+;1;1,0;1;1;1;1;1;1;1;1;1;1,0;7;7,0;7;7,0;7;7,0;7;7;7;7,0;7,0;7,0;1,000000000000000;1,000000000000000;1,000000000000000;1,000000000000000;1,000000000000000;1,000000000000000;1,0000000000000000;1,0000000000000000;1,0000000000000000;1,0000000000000000;1,0000000000000000
2021-07-26;alle;1;1,0;1;1;1;1;1;1;1;1;1;1,0;13;13,0;13;13,0;13;13,0;13;13;13;13,0;13,0;13,0;NA;NA;NA;NA;NA;NA;NA;NA;NA;NA;NA
2021-07-25;0-60;0;0,0;0;0;0;0;0;0;0;0;0;0,0;6;6,0;6;6,0;6;6,0;6;6;6;6,0;6,0;6,0;1,000000000000000;1,000000000000000;1,000000000000000;1,000000000000000;1,000000000000000;1,000000000000000;1,0000000000000000;1,0000000000000000;1,0000000000000000;1,0000000000000000;1,0000000000000000
2021-07-25;60+;0;0,0;0;0;0;0;0;0;0;0;0;0,0;6;6,0;6;6,0;6;6,0;6;6;6;6,0;6,0;6,0;1,000000000000000;1,000000000000000;1,000000000000000;1,000000000000000;1,000000000000000;1,000000000000000;1,0000000000000000;1,0000000000000000;1,0000000000000000;1,0000000000000000;1,0000000000000000
2021-07-25;alle;0;0,0;0;0;0;0;0;0;0;0;0;0,0;12;12,0;12;12,0;12;12,0;12;12;12;12,0;12,0;12,0;NA;NA;NA;NA;NA;NA;NA;NA;NA;NA;NA
2021-07-24;0-60;3;3,0;3;3;3;3;3;3;3;3;3;3,0;7;7,0;7;7,0;7;7,0;7;7;7;7,0;7,0;7,0;1,000000000000000;1,000000000000000;1,000000000000000;1,000000000000000;1,000000000000000;1,000000000000000;1,0000000000000000;1,0000000000000000;1,0000000000000000;1,0000000000000000;1,0000000000000000
2021-07-24;60+;1;1,0;1;1;1;1;1;1;1;1;1;1,0;7;7,0;7;7,0;7;7,0;7;7;7;7,0;7,0;7,0;1,000000000000000;1,000000000000000;1,000000000000000;1,000000000000000;1,000000000000000;1,000000000000000;1,0000000000000000;1,0000000000000000;1,0000000000000000;1,0000000000000000;1,0000000000000000
2021-07-24;alle;4;4,0;4;4;4;4;4;4;4;4;4;4,0;14;14,0;14;14,0;14;14,0;14;14;14;14,0;14,0;14,0;NA;NA;NA;NA;NA;NA;NA;NA;NA;NA;NA
2021-07-23;0-60;0;0,0;0;0;0;0;0;0;0;0;0;0,0;4;4,0;4;4,0;4;4,0;4;4;4;4,0;4,0;4,0;1,000000000000000;1,000000000000000;1,000000000000000;1,000000000000000;1,000000000000000;1,000000000000000;1,0000000000000000;1,0000000000000000;1,0000000000000000;1,0000000000000000;1,0000000000000000
2021-07-23;60+;1;1,0;1;1;1;1;1;1;1;1;1;1,0;8;8,0;8;8,0;8;8,0;8;8;8;8,0;8,0;8,0;1,000000000000000;1,000000000000000;1,000000000000000;1,000000000000000;1,000000000000000;1,000000000000000;1,0000000000000000;1,0000000000000000;1,0000000000000000;1,0000000000000000;1,0000000000000000
2021-07-23;alle;1;1,0;1;1;1;1;1;1;1;1;1;1,0;12;12,0;12;12,0;12;12,0;12;12;12;12,0;12,0;12,0;NA;NA;NA;NA;NA;NA;NA;NA;NA;NA;NA
2021-07-22;0-60;0;0,0;0;0;0;0;0;0;0;0;0;0,0;5;5,0;5;5,0;5;5,0;5;5;5;5,0;5,0;5,0;1,000000000000000;1,000000000000000;1,000000000000000;1,000000000000000;1,000000000000000;1,000000000000000;1,0000000000000000;1,0000000000000000;1,0000000000000000;1,0000000000000000;1,0000000000000000
2021-07-22;60+;1;1,0;1;1;1;1;1;1;1;1;1;1,0;7;7,0;7;7,0;7;7,0;7;7;7;7,0;7,0;7,0;1,000000000000000;1,000000000000000;1,000000000000000;1,000000000000000;1,000000000000000;1,000000000000000;1,0000000000000000;1,0000000000000000;1,0000000000000000;1,0000000000000000;1,0000000000000000
2021-07-22;alle;1;1,0;1;1;1;1;1;1;1;1;1;1,0;12;12,0;12;12,0;12;12,0;12;12;12;12,0;12,0;12,0;NA;NA;NA;NA;NA;NA;NA;NA;NA;NA;NA
2021-07-21;0-60;2;2,0;2;2;2;2;2;2;2;2;2;2,0;6;6,0;6;6,0;6;6,0;6;6;6;6,0;6,0;6,0;1,000000000000000;1,000000000000000;1,000000000000000;1,000000000000000;1,000000000000000;1,000000000000000;1,0000000000000000;1,0000000000000000;1,0000000000000000;1,0000000000000000;1,0000000000000000
2021-07-21;60+;1;1,0;1;1;1;1;1;1;1;1;1;1,0;6;6,0;6;6,0;6;6,0;6;6;6;6,0;6,0;6,0;1,000000000000000;1,000000000000000;1,000000000000000;1,000000000000000;1,000000000000000;1,000000000000000;1,0000000000000000;1,0000000000000000;1,0000000000000000;1,0000000000000000;1,0000000000000000
2021-07-21;alle;3;3,0;3;3;3;3;3;3;3;3;3;3,0;12;12,0;12;12,0;12;12,0;12;12;12;12,0;12,0;12,0;NA;NA;NA;NA;NA;NA;NA;NA;NA;NA;NA
2021-07-20;0-60;1;1,0;1;1;1;1;1;1;1;1;1;1,0;4;4,0;4;4,0;4;4,0;4;4;4;4,0;4,0;4,0;1,000000000000000;1,000000000000000;1,000000000000000;1,000000000000000;1,000000000000000;1,000000000000000;1,0000000000000000;1,0000000000000000;1,0000000000000000;1,0000000000000000;1,0000000000000000
2021-07-20;60+;2;2,0;2;2;2;2;2;2;2;2;2;2,0;9;9,0;9;9,0;9;9,0;9;9;9;9,0;9,0;9,0;1,000000000000000;1,000000000000000;1,000000000000000;1,000000000000000;1,000000000000000;1,000000000000000;1,0000000000000000;1,0000000000000000;1,0000000000000000;1,0000000000000000;1,0000000000000000
2021-07-20;alle;3;3,0;3;3;3;3;3;3;3;3;3;3,0;13;13,0;13;13,0;13;13,0;13;13;13;13,0;13,0;13,0;NA;NA;NA;NA;NA;NA;NA;NA;NA;NA;NA
2021-07-19;0-60;0;0,0;0;0;0;0;0;0;0;0;0;0,0;7;7,0;7;7,0;7;7,0;7;7;7;7,0;7,0;7,0;1,000000000000000;1,000000000000000;1,000000000000000;1,000000000000000;1,000000000000000;1,000000000000000;1,0000000000000000;1,0000000000000000;1,0000000000000000;1,0000000000000000;1,0000000000000000
2021-07-19;60+;0;0,0;0;0;0;0;0;0;0;0;0;0,0;9;9,0;9;9,0;9;9,0;9;9;9;9,0;9,0;9,0;1,000000000000000;1,000000000000000;1,000000000000000;1,000000000000000;1,000000000000000;1,000000000000000;1,0000000000000000;1,0000000000000000;1,0000000000000000;1,0000000000000000;1,0000000000000000
2021-07-19;alle;0;0,0;0;0;0;0;0;0;0;0;0;0,0;16;16,0;16;16,0;16;16,0;16;16;16;16,0;16,0;16,0;NA;NA;NA;NA;NA;NA;NA;NA;NA;NA;NA
2021-07-18;0-60;1;1,0;1;1;1;1;1;1;1;1;1;1,0;7;7,0;7;7,0;7;7,0;7;7;7;7,0;7,0;7,0;1,000000000000000;1,000000000000000;1,000000000000000;1,000000000000000;1,000000000000000;1,000000000000000;1,0000000000000000;1,0000000000000000;1,0000000000000000;1,0000000000000000;1,0000000000000000
2021-07-18;60+;1;1,0;1;1;1;1;1;1;1;1;1;1,0;9;9,0;9;9,0;9;9,0;9;9;9;9,0;9,0;9,0;1,000000000000000;1,000000000000000;1,000000000000000;1,000000000000000;1,000000000000000;1,000000000000000;1,0000000000000000;1,0000000000000000;1,0000000000000000;1,0000000000000000;1,0000000000000000
2021-07-18;alle;2;2,0;2;2;2;2;2;2;2;2;2;2,0;16;16,0;16;16,0;16;16,0;16;16;16;16,0;16,0;16,0;NA;NA;NA;NA;NA;NA;NA;NA;NA;NA;NA
2021-07-17;0-60;0;0,0;0;0;0;0;0;0;0;0;0;0,0;7;7,0;7;7,0;7;7,0;7;7;7;7,0;7,0;7,0;1,000000000000000;1,000000000000000;1,000000000000000;1,000000000000000;1,000000000000000;1,000000000000000;1,0000000000000000;1,0000000000000000;1,0000000000000000;1,0000000000000000;1,0000000000000000
2021-07-17;60+;2;2,0;2;2;2;2;2;2;2;2;2;2,0;9;9,0;9;9,0;9;9,0;9;9;9;9,0;9,0;9,0;1,000000000000000;1,000000000000000;1,000000000000000;1,000000000000000;1,000000000000000;1,000000000000000;1,0000000000000000;1,0000000000000000;1,0000000000000000;1,0000000000000000;1,0000000000000000
2021-07-17;alle;2;2,0;2;2;2;2;2;2;2;2;2;2,0;16;16,0;16;16,0;16;16,0;16;16;16;16,0;16,0;16,0;NA;NA;NA;NA;NA;NA;NA;NA;NA;NA;NA
2021-07-16;0-60;1;1,0;1;1;1;1;1;1;1;1;1;1,0;7;7,0;7;7,0;7;7,0;7;7;7;7,0;7,0;7,0;1,000000000000000;1,000000000000000;1,000000000000000;1,000000000000000;1,000000000000000;1,000000000000000;1,0000000000000000;1,0000000000000000;1,0000000000000000;1,0000000000000000;1,0000000000000000
2021-07-16;60+;0;0,0;0;0;0;0;0;0;0;0;0;0,0;7;7,0;7;7,0;7;7,0;7;7;7;7,0;7,0;7,0;1,000000000000000;1,000000000000000;1,000000000000000;1,000000000000000;1,000000000000000;1,000000000000000;1,0000000000000000;1,0000000000000000;1,0000000000000000;1,0000000000000000;1,0000000000000000
2021-07-16;alle;1;1,0;1;1;1;1;1;1;1;1;1;1,0;14;14,0;14;14,0;14;14,0;14;14;14;14,0;14,0;14,0;NA;NA;NA;NA;NA;NA;NA;NA;NA;NA;NA
2021-07-15;0-60;1;1,0;1;1;1;1;1;1;1;1;1;1,0;6;6,0;6;6,0;6;6,0;6;6;6;6,0;6,0;6,0;1,000000000000000;1,000000000000000;1,000000000000000;1,000000000000000;1,000000000000000;1,000000000000000;1,0000000000000000;1,0000000000000000;1,0000000000000000;1,0000000000000000;1,0000000000000000
2021-07-15;60+;0;0,0;0;0;0;0;0;0;0;0;0;0,0;9;9,0;9;9,0;9;9,0;9;9;9;9,0;9,0;9,0;1,000000000000000;1,000000000000000;1,000000000000000;1,000000000000000;1,000000000000000;1,000000000000000;1,0000000000000000;1,0000000000000000;1,0000000000000000;1,0000000000000000;1,0000000000000000
2021-07-15;alle;1;1,0;1;1;1;1;1;1;1;1;1;1,0;15;15,0;15;15,0;15;15,0;15;15;15;15,0;15,0;15,0;NA;NA;NA;NA;NA;NA;NA;NA;NA;NA;NA
2021-07-14;0-60;0;0,0;0;0;0;0;0;0;0;0;0;0,0;6;6,0;6;6,0;6;6,0;6;6;6;6,0;6,0;6,0;1,000000000000000;1,000000000000000;1,000000000000000;1,000000000000000;1,000000000000000;1,000000000000000;1,0000000000000000;1,0000000000000000;1,0000000000000000;1,0000000000000000;1,0000000000000000
2021-07-14;60+;4;4,0;4;4;4;4;4;4;4;4;4;4,0;10;10,0;10;10,0;10;10,0;10;10;10;10,0;10,0;10,0;1,000000000000000;1,000000000000000;1,000000000000000;1,000000000000000;1,000000000000000;1,000000000000000;1,0000000000000000;1,0000000000000000;1,0000000000000000;1,0000000000000000;1,0000000000000000
2021-07-14;alle;4;4,0;4;4;4;4;4;4;4;4;4;4,0;16;16,0;16;16,0;16;16,0;16;16;16;16,0;16,0;16,0;NA;NA;NA;NA;NA;NA;NA;NA;NA;NA;NA
2021-07-13;0-60;4;4,0;4;4;4;4;4;4;4;4;4;4,0;7;7,0;7;7,0;7;7,0;7;7;7;7,0;7,0;7,0;1,000000000000000;1,000000000000000;1,000000000000000;1,000000000000000;1,000000000000000;1,000000000000000;1,0000000000000000;1,0000000000000000;1,0000000000000000;1,0000000000000000;1,0000000000000000
2021-07-13;60+;2;2,0;2;2;2;2;2;2;2;2;2;2,0;7;7,0;7;7,0;7;7,0;7;7;7;7,0;7,0;7,0;1,000000000000000;1,000000000000000;1,000000000000000;1,000000000000000;1,000000000000000;1,000000000000000;1,0000000000000000;1,0000000000000000;1,0000000000000000;1,0000000000000000;1,0000000000000000
2021-07-13;alle;6;6,0;6;6;6;6;6;6;6;6;6;6,0;14;14,0;14;14,0;14;14,0;14;14;14;14,0;14,0;14,0;NA;NA;NA;NA;NA;NA;NA;NA;NA;NA;NA
2021-07-12;0-60;0;0,0;0;0;0;0;0;0;0;0;0;0,0;6;6,0;6;6,0;6;6,0;6;6;6;6,0;6,0;6,0;1,000000000000000;1,000000000000000;1,000000000000000;1,000000000000000;1,000000000000000;1,000000000000000;1,0000000000000000;1,0000000000000000;1,0000000000000000;1,0000000000000000;1,0000000000000000
2021-07-12;60+;0;0,0;0;0;0;0;0;0;0;0;0;0,0;6;6,0;6;6,0;6;6,0;6;6;6;6,0;6,0;6,0;1,000000000000000;1,000000000000000;1,000000000000000;1,000000000000000;1,000000000000000;1,000000000000000;1,0000000000000000;1,0000000000000000;1,0000000000000000;1,0000000000000000;1,0000000000000000
2021-07-12;alle;0;0,0;0;0;0;0;0;0;0;0;0;0,0;12;12,0;12;12,0;12;12,0;12;12;12;12,0;12,0;12,0;NA;NA;NA;NA;NA;NA;NA;NA;NA;NA;NA
2021-07-11;0-60;1;1,0;1;1;1;1;1;1;1;1;1;1,0;6;6,0;6;6,0;6;6,0;6;6;6;6,0;6,0;6,0;1,000000000000000;1,000000000000000;1,000000000000000;1,000000000000000;1,000000000000000;1,000000000000000;1,0000000000000000;1,0000000000000000;1,0000000000000000;1,0000000000000000;1,0000000000000000
2021-07-11;60+;1;1,0;1;1;1;1;1;1;1;1;1;1,0;6;6,0;6;6,0;6;6,0;6;6;6;6,0;6,0;6,0;1,000000000000000;1,000000000000000;1,000000000000000;1,000000000000000;1,000000000000000;1,000000000000000;1,0000000000000000;1,0000000000000000;1,0000000000000000;1,0000000000000000;1,0000000000000000
2021-07-11;alle;2;2,0;2;2;2;2;2;2;2;2;2;2,0;12;12,0;12;12,0;12;12,0;12;12;12;12,0;12,0;12,0;NA;NA;NA;NA;NA;NA;NA;NA;NA;NA;NA
2021-07-10;0-60;0;0,0;0;0;0;0;0;0;0;0;0;0,0;5;5,0;5;5,0;5;5,0;5;5;5;5,0;5,0;5,0;1,000000000000000;1,000000000000000;1,000000000000000;1,000000000000000;1,000000000000000;1,000000000000000;1,0000000000000000;1,0000000000000000;1,0000000000000000;1,0000000000000000;1,0000000000000000
2021-07-10;60+;0;0,0;0;0;0;0;0;0;0;0;0;0,0;5;5,0;5;5,0;5;5,0;5;5;5;5,0;5,0;5,0;1,000000000000000;1,000000000000000;1,000000000000000;1,000000000000000;1,000000000000000;1,000000000000000;1,0000000000000000;1,0000000000000000;1,0000000000000000;1,0000000000000000;1,0000000000000000
2021-07-10;alle;0;0,0;0;0;0;0;0;0;0;0;0;0,0;10;10,0;10;10,0;10;10,0;10;10;10;10,0;10,0;10,0;NA;NA;NA;NA;NA;NA;NA;NA;NA;NA;NA
2021-07-09;0-60;0;0,0;0;0;0;0;0;0;0;0;0;0,0;5;5,0;5;5,0;5;5,0;5;5;5;5,0;5,0;5,0;1,000000000000000;1,000000000000000;1,000000000000000;1,000000000000000;1,000000000000000;1,000000000000000;1,0000000000000000;1,0000000000000000;1,0000000000000000;1,0000000000000000;1,0000000000000000
2021-07-09;60+;2;2,0;2;2;2;2;2;2;2;2;2;2,0;6;6,0;6;6,0;6;6,0;6;6;6;6,0;6,0;6,0;1,000000000000000;1,000000000000000;1,000000000000000;1,000000000000000;1,000000000000000;1,000000000000000;1,0000000000000000;1,0000000000000000;1,0000000000000000;1,0000000000000000;1,0000000000000000
2021-07-09;alle;2;2,0;2;2;2;2;2;2;2;2;2;2,0;11;11,0;11;11,0;11;11,0;11;11;11;11,0;11,0;11,0;NA;NA;NA;NA;NA;NA;NA;NA;NA;NA;NA
2021-07-08;0-60;1;1,0;1;1;1;1;1;1;1;1;1;1,0;5;5,0;5;5,0;5;5,0;5;5;5;5,0;5,0;5,0;1,000000000000000;1,000000000000000;1,000000000000000;1,000000000000000;1,000000000000000;1,000000000000000;1,0000000000000000;1,0000000000000000;1,0000000000000000;1,0000000000000000;1,0000000000000000
2021-07-08;60+;1;1,0;1;1;1;1;1;1;1;1;1;1,0;6;6,0;6;6,0;6;6,0;6;6;6;6,0;6,0;6,0;1,000000000000000;1,000000000000000;1,000000000000000;1,000000000000000;1,000000000000000;1,000000000000000;1,0000000000000000;1,0000000000000000;1,0000000000000000;1,0000000000000000;1,0000000000000000
2021-07-08;alle;2;2,0;2;2;2;2;2;2;2;2;2;2,0;11;11,0;11;11,0;11;11,0;11;11;11;11,0;11,0;11,0;NA;NA;NA;NA;NA;NA;NA;NA;NA;NA;NA
2021-07-07;0-60;1;1,0;1;1;1;1;1;1;1;1;1;1,0;4;4,0;4;4,0;4;4,0;4;4;4;4,0;4,0;4,0;1,000000000000000;1,000000000000000;1,000000000000000;1,000000000000000;1,000000000000000;1,000000000000000;1,0000000000000000;1,0000000000000000;1,0000000000000000;1,0000000000000000;1,0000000000000000
2021-07-07;60+;1;1,0;1;1;1;1;1;1;1;1;1;1,0;5;5,0;5;5,0;5;5,0;5;5;5;5,0;5,0;5,0;1,000000000000000;1,000000000000000;1,000000000000000;1,000000000000000;1,000000000000000;1,000000000000000;1,0000000000000000;1,0000000000000000;1,0000000000000000;1,0000000000000000;1,0000000000000000
2021-07-07;alle;2;2,0;2;2;2;2;2;2;2;2;2;2,0;9;9,0;9;9,0;9;9,0;9;9;9;9,0;9,0;9,0;NA;NA;NA;NA;NA;NA;NA;NA;NA;NA;NA
2021-07-06;0-60;3;3,0;3;3;3;3;3;3;3;3;3;3,0;3;3,0;3;3,0;3;3,0;3;3;3;3,0;3,0;3,0;1,000000000000000;1,000000000000000;1,000000000000000;1,000000000000000;1,000000000000000;1,000000000000000;1,0000000000000000;1,0000000000000000;1,0000000000000000;1,0000000000000000;1,0000000000000000
2021-07-06;60+;1;1,0;1;1;1;1;1;1;1;1;1;1,0;4;4,0;4;4,0;4;4,0;4;4;4;4,0;4,0;4,0;1,000000000000000;1,000000000000000;1,000000000000000;1,000000000000000;1,000000000000000;1,000000000000000;1,0000000000000000;1,0000000000000000;1,0000000000000000;1,0000000000000000;1,0000000000000000
2021-07-06;alle;4;4,0;4;4;4;4;4;4;4;4;4;4,0;7;7,0;7;7,0;7;7,0;7;7;7;7,0;7,0;7,0;NA;NA;NA;NA;NA;NA;NA;NA;NA;NA;NA
2021-07-05;0-60;0;0,0;0;0;0;0;0;0;0;0;0;0,0;0;0,0;0;0,0;0;0,0;0;NA;NA;NA;NA;NA;1,000000000000000;1,000000000000000;1,000000000000000;1,000000000000000;1,000000000000000;1,000000000000000;1,0000000000000000;1,0000000000000000;1,0000000000000000;1,0000000000000000;1,0000000000000000
2021-07-05;60+;0;0,0;0;0;0;0;0;0;0;0;0;0,0;4;4,0;4;4,0;4;4,0;4;4;4;4,0;4,0;4,0;1,000000000000000;1,000000000000000;1,000000000000000;1,000000000000000;1,000000000000000;1,000000000000000;1,0000000000000000;1,0000000000000000;1,0000000000000000;1,0000000000000000;1,0000000000000000
2021-07-05;alle;0;0,0;0;0;0;0;0;0;0;0;0;0,0;4;4,0;4;4,0;4;4,0;4;4;4;4,0;4,0;4,0;NA;NA;NA;NA;NA;NA;NA;NA;NA;NA;NA
2021-07-04;0-60;0;0,0;0;0;0;0;0;0;0;0;0;0,0;0;0,0;0;0,0;0;0,0;0;NA;NA;NA;NA;NA;1,000000000000000;1,000000000000000;1,000000000000000;1,000000000000000;1,000000000000000;1,000000000000000;1,0000000000000000;1,0000000000000000;1,0000000000000000;1,0000000000000000;1,0000000000000000
2021-07-04;60+;0;0,0;0;0;0;0;0;0;0;0;0;0,0;5;5,0;5;5,0;5;5,0;5;5;5;5,0;5,0;5,0;1,000000000000000;1,000000000000000;1,000000000000000;1,000000000000000;1,000000000000000;1,000000000000000;1,0000000000000000;1,0000000000000000;1,0000000000000000;1,0000000000000000;1,0000000000000000
2021-07-04;alle;0;0,0;0;0;0;0;0;0;0;0;0;0,0;5;5,0;5;5,0;5;5,0;5;5;5;5,0;5,0;5,0;NA;NA;NA;NA;NA;NA;NA;NA;NA;NA;NA
2021-07-03;0-60;0;0,0;0;0;0;0;0;0;0;0;0;0,0;0;0,0;0;0,0;0;0,0;0;NA;NA;NA;NA;NA;1,000000000000000;1,000000000000000;1,000000000000000;1,000000000000000;1,000000000000000;1,000000000000000;1,0000000000000000;1,0000000000000000;1,0000000000000000;1,0000000000000000;1,0000000000000000
2021-07-03;60+;1;1,0;1;1;1;1;1;1;1;1;1;1,0;6;6,0;6;6,0;6;6,0;6;6;6;6,0;6,0;6,0;1,000000000000000;1,000000000000000;1,000000000000000;1,000000000000000;1,000000000000000;1,000000000000000;1,0000000000000000;1,0000000000000000;1,0000000000000000;1,0000000000000000;1,0000000000000000
2021-07-03;alle;1;1,0;1;1;1;1;1;1;1;1;1;1,0;6;6,0;6;6,0;6;6,0;6;6;6;6,0;6,0;6,0;NA;NA;NA;NA;NA;NA;NA;NA;NA;NA;NA
2021-07-02;0-60;0;0,0;0;0;0;0;0;0;0;0;0;0,0;2;2,0;2;2,0;2;2,0;2;2;2;2,0;2,0;2,0;1,000000000000000;1,000000000000000;1,000000000000000;1,000000000000000;1,000000000000000;1,000000000000000;1,0000000000000000;1,0000000000000000;1,0000000000000000;1,0000000000000000;1,0000000000000000
2021-07-02;60+;2;2,0;2;2;2;2;2;2;2;2;2;2,0;5;5,0;5;5,0;5;5,0;5;5;5;5,0;5,0;5,0;1,000000000000000;1,000000000000000;1,000000000000000;1,000000000000000;1,000000000000000;1,000000000000000;1,0000000000000000;1,0000000000000000;1,0000000000000000;1,0000000000000000;1,0000000000000000
2021-07-02;alle;2;2,0;2;2;2;2;2;2;2;2;2;2,0;7;7,0;7;7,0;7;7,0;7;7;7;7,0;7,0;7,0;NA;NA;NA;NA;NA;NA;NA;NA;NA;NA;NA
2021-07-01;0-60;0;0,0;0;0;0;0;0;0;0;0;0;0,0;4;4,0;4;4,0;4;4,0;4;4;4;4,0;4,0;4,0;1,000000000000000;1,000000000000000;1,000000000000000;1,000000000000000;1,000000000000000;1,000000000000000;1,0000000000000000;1,0000000000000000;1,0000000000000000;1,0000000000000000;1,0000000000000000
2021-07-01;60+;0;0,0;0;0;0;0;0;0;0;0;0;0,0;4;4,0;4;4,0;4;4,0;4;4;4;4,0;4,0;4,0;1,000000000000000;1,000000000000000;1,000000000000000;1,000000000000000;1,000000000000000;1,000000000000000;1,0000000000000000;1,0000000000000000;1,0000000000000000;1,0000000000000000;1,0000000000000000
2021-07-01;alle;0;0,0;0;0;0;0;0;0;0;0;0;0,0;8;8,0;8;8,0;8;8,0;8;8;8;8,0;8,0;8,0;NA;NA;NA;NA;NA;NA;NA;NA;NA;NA;NA
2021-06-30;0-60;0;0,0;0;0;0;0;0;0;0;0;0;0,0;6;6,0;6;6,0;6;6,0;6;6;6;6,0;6,0;6,0;1,000000000000000;1,000000000000000;1,000000000000000;1,000000000000000;1,000000000000000;1,000000000000000;1,0000000000000000;1,0000000000000000;1,0000000000000000;1,0000000000000000;1,0000000000000000
2021-06-30;60+;0;0,0;0;0;0;0;0;0;0;0;0;0,0;5;5,0;5;5,0;5;5,0;5;5;5;5,0;5,0;5,0;1,000000000000000;1,000000000000000;1,000000000000000;1,000000000000000;1,000000000000000;1,000000000000000;1,0000000000000000;1,0000000000000000;1,0000000000000000;1,0000000000000000;1,0000000000000000
2021-06-30;alle;0;0,0;0;0;0;0;0;0;0;0;0;0,0;11;11,0;11;11,0;11;11,0;11;11;11;11,0;11,0;11,0;NA;NA;NA;NA;NA;NA;NA;NA;NA;NA;NA
2021-06-29;0-60;0;0,0;0;0;0;0;0;0;0;0;0;0,0;7;7,0;7;7,0;7;7,0;7;7;7;7,0;7,0;7,0;1,000000000000000;1,000000000000000;1,000000000000000;1,000000000000000;1,000000000000000;1,000000000000000;1,0000000000000000;1,0000000000000000;1,0000000000000000;1,0000000000000000;1,0000000000000000
2021-06-29;60+;1;1,0;1;1;1;1;1;1;1;1;1;1,0;9;9,0;9;9,0;9;9,0;9;9;9;9,0;9,0;9,0;1,000000000000000;1,000000000000000;1,000000000000000;1,000000000000000;1,000000000000000;1,000000000000000;1,0000000000000000;1,0000000000000000;1,0000000000000000;1,0000000000000000;1,0000000000000000
2021-06-29;alle;1;1,0;1;1;1;1;1;1;1;1;1;1,0;16;16,0;16;16,0;16;16,0;16;16;16;16,0;16,0;16,0;NA;NA;NA;NA;NA;NA;NA;NA;NA;NA;NA
2021-06-28;0-60;0;0,0;0;0;0;0;0;0;0;0;0;0,0;11;11,0;11;11,0;11;11,0;11;11;11;11,0;11,0;11,0;1,000000000000000;1,000000000000000;1,000000000000000;1,000000000000000;1,000000000000000;1,000000000000000;1,0000000000000000;1,0000000000000000;1,0000000000000000;1,0000000000000000;1,0000000000000000
2021-06-28;60+;1;1,0;1;1;1;1;1;1;1;1;1;1,0;10;10,0;10;10,0;10;10,0;10;10;10;10,0;10,0;10,0;1,000000000000000;1,000000000000000;1,000000000000000;1,000000000000000;1,000000000000000;1,000000000000000;1,0000000000000000;1,0000000000000000;1,0000000000000000;1,0000000000000000;1,0000000000000000
2021-06-28;alle;1;1,0;1;1;1;1;1;1;1;1;1;1,0;21;21,0;21;21,0;21;21,0;21;21;21;21,0;21,0;21,0;NA;NA;NA;NA;NA;NA;NA;NA;NA;NA;NA
2021-06-27;0-60;0;0,0;0;0;0;0;0;0;0;0;0;0,0;11;11,0;11;11,0;11;11,0;11;11;11;11,0;11,0;11,0;1,000000000000000;1,000000000000000;1,000000000000000;1,000000000000000;1,000000000000000;1,000000000000000;1,0000000000000000;1,0000000000000000;1,0000000000000000;1,0000000000000000;1,0000000000000000
2021-06-27;60+;1;1,0;1;1;1;1;1;1;1;1;1;1,0;9;9,0;9;9,0;9;9,0;9;9;9;9,0;9,0;9,0;1,000000000000000;1,000000000000000;1,000000000000000;1,000000000000000;1,000000000000000;1,000000000000000;1,0000000000000000;1,0000000000000000;1,0000000000000000;1,0000000000000000;1,0000000000000000
2021-06-27;alle;1;1,0;1;1;1;1;1;1;1;1;1;1,0;20;20,0;20;20,0;20;20,0;20;20;20;20,0;20,0;20,0;NA;NA;NA;NA;NA;NA;NA;NA;NA;NA;NA
2021-06-26;0-60;2;2,0;2;2;2;2;2;2;2;2;2;2,0;11;11,0;11;11,0;11;11,0;11;11;11;11,0;11,0;11,0;1,000000000000000;1,000000000000000;1,000000000000000;1,000000000000000;1,000000000000000;1,000000000000000;1,0000000000000000;1,0000000000000000;1,0000000000000000;1,0000000000000000;1,0000000000000000
2021-06-26;60+;0;0,0;0;0;0;0;0;0;0;0;0;0,0;9;9,0;9;9,0;9;9,0;9;9;9;9,0;9,0;9,0;1,000000000000000;1,000000000000000;1,000000000000000;1,000000000000000;1,000000000000000;1,000000000000000;1,0000000000000000;1,0000000000000000;1,0000000000000000;1,0000000000000000;1,0000000000000000
2021-06-26;alle;2;2,0;2;2;2;2;2;2;2;2;2;2,0;20;20,0;20;20,0;20;20,0;20;20;20;20,0;20,0;20,0;NA;NA;NA;NA;NA;NA;NA;NA;NA;NA;NA
2021-06-25;0-60;2;2,0;2;2;2;2;2;2;2;2;2;2,0;10;10,0;10;10,0;10;10,0;10;10;10;10,0;10,0;10,0;1,000000000000000;1,000000000000000;1,000000000000000;1,000000000000000;1,000000000000000;1,000000000000000;1,0000000000000000;1,0000000000000000;1,0000000000000000;1,0000000000000000;1,0000000000000000
2021-06-25;60+;1;1,0;1;1;1;1;1;1;1;1;1;1,0;11;11,0;11;11,0;11;11,0;11;11;11;11,0;11,0;11,0;1,000000000000000;1,000000000000000;1,000000000000000;1,000000000000000;1,000000000000000;1,000000000000000;1,0000000000000000;1,0000000000000000;1,0000000000000000;1,0000000000000000;1,0000000000000000
2021-06-25;alle;3;3,0;3;3;3;3;3;3;3;3;3;3,0;21;21,0;21;21,0;21;21,0;21;21;21;21,0;21,0;21,0;NA;NA;NA;NA;NA;NA;NA;NA;NA;NA;NA
2021-06-24;0-60;2;2,0;2;2;2;2;2;2;2;2;2;2,0;9;9,0;9;9,0;9;9,0;9;9;9;9,0;9,0;9,0;1,000000000000000;1,000000000000000;1,000000000000000;1,000000000000000;1,000000000000000;1,000000000000000;1,0000000000000000;1,0000000000000000;1,0000000000000000;1,0000000000000000;1,0000000000000000
2021-06-24;60+;1;1,0;1;1;1;1;1;1;1;1;1;1,0;13;13,0;13;13,0;13;13,0;13;13;13;13,0;13,0;13,0;1,000000000000000;1,000000000000000;1,000000000000000;1,000000000000000;1,000000000000000;1,000000000000000;1,0000000000000000;1,0000000000000000;1,0000000000000000;1,0000000000000000;1,0000000000000000
2021-06-24;alle;3;3,0;3;3;3;3;3;3;3;3;3;3,0;22;22,0;22;22,0;22;22,0;22;22;22;22,0;22,0;22,0;NA;NA;NA;NA;NA;NA;NA;NA;NA;NA;NA
2021-06-23;0-60;1;1,0;1;1;1;1;1;1;1;1;1;1,0;7;7,0;7;7,0;7;7,0;7;7;7;7,0;7,0;7,0;1,000000000000000;1,000000000000000;1,000000000000000;1,000000000000000;1,000000000000000;1,000000000000000;1,0000000000000000;1,0000000000000000;1,0000000000000000;1,0000000000000000;1,0000000000000000
2021-06-23;60+;4;4,0;4;4;4;4;4;4;4;4;4;4,0;14;14,0;14;14,0;14;14,0;14;14;14;14,0;14,0;14,0;1,000000000000000;1,000000000000000;1,000000000000000;1,000000000000000;1,000000000000000;1,000000000000000;1,0000000000000000;1,0000000000000000;1,0000000000000000;1,0000000000000000;1,0000000000000000
2021-06-23;alle;5;5,0;5;5;5;5;5;5;5;5;5;5,0;21;21,0;21;21,0;21;21,0;21;21;21;21,0;21,0;21,0;NA;NA;NA;NA;NA;NA;NA;NA;NA;NA;NA
2021-06-22;0-60;4;4,0;4;4;4;4;4;4;4;4;4;4,0;10;10,0;10;10,0;10;10,0;10;10;10;10,0;10,0;10,0;1,000000000000000;1,000000000000000;1,000000000000000;1,000000000000000;1,000000000000000;1,000000000000000;1,0000000000000000;1,0000000000000000;1,0000000000000000;1,0000000000000000;1,0000000000000000
2021-06-22;60+;2;2,0;2;2;2;2;2;2;2;2;2;2,0;13;13,0;13;13,0;13;13,0;13;13;13;13,0;13,0;13,0;1,000000000000000;1,000000000000000;1,000000000000000;1,000000000000000;1,000000000000000;1,000000000000000;1,0000000000000000;1,0000000000000000;1,0000000000000000;1,0000000000000000;1,0000000000000000
2021-06-22;alle;6;6,0;6;6;6;6;6;6;6;6;6;6,0;23;23,0;23;23,0;23;23,0;23;23;23;23,0;23,0;23,0;NA;NA;NA;NA;NA;NA;NA;NA;NA;NA;NA
2021-06-21;0-60;0;0,0;0;0;0;0;0;0;0;0;0;0,0;9;9,0;9;9,0;9;9,0;9;9;9;9,0;9,0;9,0;1,000000000000000;1,000000000000000;1,000000000000000;1,000000000000000;1,000000000000000;1,000000000000000;1,0000000000000000;1,0000000000000000;1,0000000000000000;1,0000000000000000;1,0000000000000000
2021-06-21;60+;0;0,0;0;0;0;0;0;0;0;0;0;0,0;17;17,0;17;17,0;17;17,0;17;17;17;17,0;17,0;17,0;1,000000000000000;1,000000000000000;1,000000000000000;1,000000000000000;1,000000000000000;1,000000000000000;1,0000000000000000;1,0000000000000000;1,0000000000000000;1,0000000000000000;1,0000000000000000
2021-06-21;alle;0;0,0;0;0;0;0;0;0;0;0;0;0,0;26;26,0;26;26,0;26;26,0;26;26;26;26,0;26,0;26,0;NA;NA;NA;NA;NA;NA;NA;NA;NA;NA;NA
2021-06-20;0-60;0;0,0;0;0;0;0;0;0;0;0;0;0,0;10;10,0;10;10,0;10;10,0;10;10;10;10,0;10,0;10,0;1,000000000000000;1,000000000000000;1,000000000000000;1,000000000000000;1,000000000000000;1,000000000000000;1,0000000000000000;1,0000000000000000;1,0000000000000000;1,0000000000000000;1,0000000000000000
2021-06-20;60+;1;1,0;1;1;1;1;1;1;1;1;1;1,0;19;19,0;19;19,0;19;19,0;19;19;19;19,0;19,0;19,0;1,000000000000000;1,000000000000000;1,000000000000000;1,000000000000000;1,000000000000000;1,000000000000000;1,0000000000000000;1,0000000000000000;1,0000000000000000;1,0000000000000000;1,0000000000000000
2021-06-20;alle;1;1,0;1;1;1;1;1;1;1;1;1;1,0;29;29,0;29;29,0;29;29,0;29;29;29;29,0;29,0;29,0;NA;NA;NA;NA;NA;NA;NA;NA;NA;NA;NA
2021-06-19;0-60;1;1,0;1;1;1;1;1;1;1;1;1;1,0;11;11,0;11;11,0;11;11,0;11;11;11;11,0;11,0;11,0;1,000000000000000;1,000000000000000;1,000000000000000;1,000000000000000;1,000000000000000;1,000000000000000;1,0000000000000000;1,0000000000000000;1,0000000000000000;1,0000000000000000;1,0000000000000000
2021-06-19;60+;2;2,0;2;2;2;2;2;2;2;2;2;2,0;18;18,0;18;18,0;18;18,0;18;18;18;18,0;18,0;18,0;1,000000000000000;1,000000000000000;1,000000000000000;1,000000000000000;1,000000000000000;1,000000000000000;1,0000000000000000;1,0000000000000000;1,0000000000000000;1,0000000000000000;1,0000000000000000
2021-06-19;alle;3;3,0;3;3;3;3;3;3;3;3;3;3,0;29;29,0;29;29,0;29;29,0;29;29;29;29,0;29,0;29,0;NA;NA;NA;NA;NA;NA;NA;NA;NA;NA;NA
2021-06-18;0-60;1;1,0;1;1;1;1;1;1;1;1;1;1,0;11;11,0;11;11,0;11;11,0;11;11;11;11,0;11,0;11,0;1,000000000000000;1,000000000000000;1,000000000000000;1,000000000000000;1,000000000000000;1,000000000000000;1,0000000000000000;1,0000000000000000;1,0000000000000000;1,0000000000000000;1,0000000000000000
2021-06-18;60+;3;3,0;3;3;3;3;3;3;3;3;3;3,0;21;21,0;21;21,0;21;21,0;21;21;21;21,0;21,0;21,0;1,000000000000000;1,000000000000000;1,000000000000000;1,000000000000000;1,000000000000000;1,000000000000000;1,0000000000000000;1,0000000000000000;1,0000000000000000;1,0000000000000000;1,0000000000000000
2021-06-18;alle;4;4,0;4;4;4;4;4;4;4;4;4;4,0;32;32,0;32;32,0;32;32,0;32;32;32;32,0;32,0;32,0;NA;NA;NA;NA;NA;NA;NA;NA;NA;NA;NA
2021-06-17;0-60;0;0,0;0;0;0;0;0;0;0;0;0;0,0;12;12,0;12;12,0;12;12,0;12;12;12;12,0;12,0;12,0;1,000000000000000;1,000000000000000;1,000000000000000;1,000000000000000;1,000000000000000;1,000000000000000;1,0000000000000000;1,0000000000000000;1,0000000000000000;1,0000000000000000;1,0000000000000000
2021-06-17;60+;2;2,0;2;2;2;2;2;2;2;2;2;2,0;22;22,0;22;22,0;22;22,0;22;22;22;22,0;22,0;22,0;1,000000000000000;1,000000000000000;1,000000000000000;1,000000000000000;1,000000000000000;1,000000000000000;1,0000000000000000;1,0000000000000000;1,0000000000000000;1,0000000000000000;1,0000000000000000
2021-06-17;alle;2;2,0;2;2;2;2;2;2;2;2;2;2,0;34;34,0;34;34,0;34;34,0;34;34;34;34,0;34,0;34,0;NA;NA;NA;NA;NA;NA;NA;NA;NA;NA;NA
2021-06-16;0-60;4;4,0;4;4;4;4;4;4;4;4;4;4,0;14;14,0;14;14,0;14;14,0;14;14;14;14,0;14,0;14,0;1,000000000000000;1,000000000000000;1,000000000000000;1,000000000000000;1,000000000000000;1,000000000000000;1,0000000000000000;1,0000000000000000;1,0000000000000000;1,0000000000000000;1,0000000000000000
2021-06-16;60+;3;3,0;3;3;3;3;3;3;3;3;3;3,0;28;28,0;28;28,0;28;28,0;28;28;28;28,0;28,0;28,0;1,000000000000000;1,000000000000000;1,000000000000000;1,000000000000000;1,000000000000000;1,000000000000000;1,0000000000000000;1,0000000000000000;1,0000000000000000;1,0000000000000000;1,0000000000000000
2021-06-16;alle;7;7,0;7;7;7;7;7;7;7;7;7;7,0;42;42,0;42;42,0;42;42,0;42;42;42;42,0;42,0;42,0;NA;NA;NA;NA;NA;NA;NA;NA;NA;NA;NA
2021-06-15;0-60;3;3,0;3;3;3;3;3;3;3;3;3;3,0;12;12,0;12;12,0;12;12,0;12;12;12;12,0;12,0;12,0;1,000000000000000;1,000000000000000;1,000000000000000;1,000000000000000;1,000000000000000;1,000000000000000;1,0000000000000000;1,0000000000000000;1,0000000000000000;1,0000000000000000;1,0000000000000000
2021-06-15;60+;6;6,0;6;6;6;6;6;6;6;6;6;6,0;30;30,0;30;30,0;30;30,0;30;30;30;30,0;30,0;30,0;1,000000000000000;1,000000000000000;1,000000000000000;1,000000000000000;1,000000000000000;1,000000000000000;1,0000000000000000;1,0000000000000000;1,0000000000000000;1,0000000000000000;1,0000000000000000
2021-06-15;alle;9;9,0;9;9;9;9;9;9;9;9;9;9,0;42;42,0;42;42,0;42;42,0;42;42;42;42,0;42,0;42,0;NA;NA;NA;NA;NA;NA;NA;NA;NA;NA;NA
2021-06-14;0-60;1;1,0;1;1;1;1;1;1;1;1;1;1,0;13;13,0;13;13,0;13;13,0;13;13;13;13,0;13,0;13,0;1,000000000000000;1,000000000000000;1,000000000000000;1,000000000000000;1,000000000000000;1,000000000000000;1,0000000000000000;1,0000000000000000;1,0000000000000000;1,0000000000000000;1,0000000000000000
2021-06-14;60+;2;2,0;2;2;2;2;2;2;2;2;2;2,0;30;30,0;30;30,0;30;30,0;30;30;30;30,0;30,0;30,0;1,000000000000000;1,000000000000000;1,000000000000000;1,000000000000000;1,000000000000000;1,000000000000000;1,0000000000000000;1,0000000000000000;1,0000000000000000;1,0000000000000000;1,0000000000000000
2021-06-14;alle;3;3,0;3;3;3;3;3;3;3;3;3;3,0;43;43,0;43;43,0;43;43,0;43;43;43;43,0;43,0;43,0;NA;NA;NA;NA;NA;NA;NA;NA;NA;NA;NA
2021-06-13;0-60;1;1,0;1;1;1;1;1;1;1;1;1;1,0;12;12,0;12;12,0;12;12,0;12;12;12;12,0;12,0;12,0;1,000000000000000;1,000000000000000;1,000000000000000;1,000000000000000;1,000000000000000;1,000000000000000;1,0000000000000000;1,0000000000000000;1,0000000000000000;1,0000000000000000;1,0000000000000000
2021-06-13;60+;0;0,0;0;0;0;0;0;0;0;0;0;0,0;31;31,0;31;31,0;31;31,0;31;31;31;31,0;31,0;31,0;1,000000000000000;1,000000000000000;1,000000000000000;1,000000000000000;1,000000000000000;1,000000000000000;1,0000000000000000;1,0000000000000000;1,0000000000000000;1,0000000000000000;1,0000000000000000
2021-06-13;alle;1;1,0;1;1;1;1;1;1;1;1;1;1,0;43;43,0;43;43,0;43;43,0;43;43;43;43,0;43,0;43,0;NA;NA;NA;NA;NA;NA;NA;NA;NA;NA;NA
2021-06-12;0-60;1;1,0;1;1;1;1;1;1;1;1;1;1,0;12;12,0;12;12,0;12;12,0;12;12;12;12,0;12,0;12,0;1,000000000000000;1,000000000000000;1,000000000000000;1,000000000000000;1,000000000000000;1,000000000000000;1,0000000000000000;1,0000000000000000;1,0000000000000000;1,0000000000000000;1,0000000000000000
2021-06-12;60+;5;5,0;5;5;5;5;5;5;5;5;5;5,0;38;38,0;38;38,0;38;38,0;38;38;38;38,0;38,0;38,0;1,000000000000000;1,000000000000000;1,000000000000000;1,000000000000000;1,000000000000000;1,000000000000000;1,0000000000000000;1,0000000000000000;1,0000000000000000;1,0000000000000000;1,0000000000000000
2021-06-12;alle;6;6,0;6;6;6;6;6;6;6;6;6;6,0;50;50,0;50;50,0;50;50,0;50;50;50;50,0;50,0;50,0;NA;NA;NA;NA;NA;NA;NA;NA;NA;NA;NA
2021-06-11;0-60;2;2,0;2;2;2;2;2;2;2;2;2;2,0;12;12,0;12;12,0;12;12,0;12;12;12;12,0;12,0;12,0;1,000000000000000;1,000000000000000;1,000000000000000;1,000000000000000;1,000000000000000;1,000000000000000;1,0000000000000000;1,0000000000000000;1,0000000000000000;1,0000000000000000;1,0000000000000000
2021-06-11;60+;4;4,0;4;4;4;4;4;4;4;4;4;4,0;37;37,0;37;37,0;37;37,0;37;37;37;37,0;37,0;37,0;1,000000000000000;1,000000000000000;1,000000000000000;1,000000000000000;1,000000000000000;1,000000000000000;1,0000000000000000;1,0000000000000000;1,0000000000000000;1,0000000000000000;1,0000000000000000
2021-06-11;alle;6;6,0;6;6;6;6;6;6;6;6;6;6,0;49;49,0;49;49,0;49;49,0;49;49;49;49,0;49,0;49,0;NA;NA;NA;NA;NA;NA;NA;NA;NA;NA;NA
2021-06-10;0-60;2;2,0;2;2;2;2;2;2;2;2;2;2,0;12;12,0;12;12,0;12;12,0;12;12;12;12,0;12,0;12,0;1,000000000000000;1,000000000000000;1,000000000000000;1,000000000000000;1,000000000000000;1,000000000000000;1,0000000000000000;1,0000000000000000;1,0000000000000000;1,0000000000000000;1,0000000000000000
2021-06-10;60+;8;8,0;8;8;8;8;8;8;8;8;8;8,0;40;40,0;40;40,0;40;40,0;40;40;40;40,0;40,0;40,0;1,000000000000000;1,000000000000000;1,000000000000000;1,000000000000000;1,000000000000000;1,000000000000000;1,0000000000000000;1,0000000000000000;1,0000000000000000;1,0000000000000000;1,0000000000000000
2021-06-10;alle;10;10,0;10;10;10;10;10;10;10;10;10;10,0;52;52,0;52;52,0;52;52,0;52;52;52;52,0;52,0;52,0;NA;NA;NA;NA;NA;NA;NA;NA;NA;NA;NA
2021-06-09;0-60;2;2,0;2;2;2;2;2;2;2;2;2;2,0;13;13,0;13;13,0;13;13,0;13;13;13;13,0;13,0;13,0;1,000000000000000;1,000000000000000;1,000000000000000;1,000000000000000;1,000000000000000;1,000000000000000;1,0000000000000000;1,0000000000000000;1,0000000000000000;1,0000000000000000;1,0000000000000000
2021-06-09;60+;5;5,0;5;5;5;5;5;5;5;5;5;5,0;43;43,0;43;43,0;43;43,0;43;43;43;43,0;43,0;43,0;1,000000000000000;1,000000000000000;1,000000000000000;1,000000000000000;1,000000000000000;1,000000000000000;1,0000000000000000;1,0000000000000000;1,0000000000000000;1,0000000000000000;1,0000000000000000
2021-06-09;alle;7;7,0;7;7;7;7;7;7;7;7;7;7,0;56;56,0;56;56,0;56;56,0;56;56;56;56,0;56,0;56,0;NA;NA;NA;NA;NA;NA;NA;NA;NA;NA;NA
2021-06-08;0-60;4;4,0;4;4;4;4;4;4;4;4;4;4,0;18;18,0;18;18,0;18;18,0;18;18;18;18,0;18,0;18,0;1,000000000000000;1,000000000000000;1,000000000000000;1,000000000000000;1,000000000000000;1,000000000000000;1,0000000000000000;1,0000000000000000;1,0000000000000000;1,0000000000000000;1,0000000000000000
2021-06-08;60+;6;6,0;6;6;6;6;6;6;6;6;6;6,0;48;48,0;48;48,0;48;48,0;48;48;48;48,0;48,0;48,0;1,000000000000000;1,000000000000000;1,000000000000000;1,000000000000000;1,000000000000000;1,000000000000000;1,0000000000000000;1,0000000000000000;1,0000000000000000;1,0000000000000000;1,0000000000000000
2021-06-08;alle;10;10,0;10;10;10;10;10;10;10;10;10;10,0;66;66,0;66;66,0;66;66,0;66;66;66;66,0;66,0;66,0;NA;NA;NA;NA;NA;NA;NA;NA;NA;NA;NA
2021-06-07;0-60;0;0,0;0;0;0;0;0;0;0;0;0;0,0;22;22,0;22;22,0;22;22,0;22;22;22;22,0;22,0;22,0;1,000000000000000;1,000000000000000;1,000000000000000;1,000000000000000;1,000000000000000;1,000000000000000;1,0000000000000000;1,0000000000000000;1,0000000000000000;1,0000000000000000;1,0000000000000000
2021-06-07;60+;3;3,0;3;3;3;3;3;3;3;3;3;3,0;61;61,0;61;61,0;61;61,0;61;61;61;61,0;61,0;61,0;1,000000000000000;1,000000000000000;1,000000000000000;1,000000000000000;1,000000000000000;1,000000000000000;1,0000000000000000;1,0000000000000000;1,0000000000000000;1,0000000000000000;1,0000000000000000
2021-06-07;alle;3;3,0;3;3;3;3;3;3;3;3;3;3,0;83;83,0;83;83,0;83;83,0;83;83;83;83,0;83,0;83,0;NA;NA;NA;NA;NA;NA;NA;NA;NA;NA;NA
2021-06-06;0-60;1;1,0;1;1;1;1;1;1;1;1;1;1,0;22;22,0;22;22,0;22;22,0;22;22;22;22,0;22,0;22,0;1,000000000000000;1,000000000000000;1,000000000000000;1,000000000000000;1,000000000000000;1,000000000000000;1,0000000000000000;1,0000000000000000;1,0000000000000000;1,0000000000000000;1,0000000000000000
2021-06-06;60+;7;7,0;7;7;7;7;7;7;7;7;7;7,0;61;61,0;61;61,0;61;61,0;61;61;61;61,0;61,0;61,0;1,000000000000000;1,000000000000000;1,000000000000000;1,000000000000000;1,000000000000000;1,000000000000000;1,0000000000000000;1,0000000000000000;1,0000000000000000;1,0000000000000000;1,0000000000000000
2021-06-06;alle;8;8,0;8;8;8;8;8;8;8;8;8;8,0;83;83,0;83;83,0;83;83,0;83;83;83;83,0;83,0;83,0;NA;NA;NA;NA;NA;NA;NA;NA;NA;NA;NA
2021-06-05;0-60;1;1,0;1;1;1;1;1;1;1;1;1;1,0;22;22,0;22;22,0;22;22,0;22;22;22;22,0;22,0;22,0;1,000000000000000;1,000000000000000;1,000000000000000;1,000000000000000;1,000000000000000;1,000000000000000;1,0000000000000000;1,0000000000000000;1,0000000000000000;1,0000000000000000;1,0000000000000000
2021-06-05;60+;4;4,0;4;4;4;4;4;4;4;4;4;4,0;64;64,0;64;64,0;64;64,0;64;64;64;64,0;64,0;64,0;1,000000000000000;1,000000000000000;1,000000000000000;1,000000000000000;1,000000000000000;1,000000000000000;1,0000000000000000;1,0000000000000000;1,0000000000000000;1,0000000000000000;1,0000000000000000
2021-06-05;alle;5;5,0;5;5;5;5;5;5;5;5;5;5,0;86;86,0;86;86,0;86;86,0;86;86;86;86,0;86,0;86,0;NA;NA;NA;NA;NA;NA;NA;NA;NA;NA;NA
2021-06-04;0-60;2;2,0;2;2;2;2;2;2;2;2;2;2,0;24;24,0;24;24,0;24;24,0;24;24;24;24,0;24,0;24,0;1,000000000000000;1,000000000000000;1,000000000000000;1,000000000000000;1,000000000000000;1,000000000000000;1,0000000000000000;1,0000000000000000;1,0000000000000000;1,0000000000000000;1,0000000000000000
2021-06-04;60+;7;7,0;7;7;7;7;7;7;7;7;7;7,0;72;72,0;72;72,0;72;72,0;72;72;72;72,0;72,0;72,0;1,000000000000000;1,000000000000000;1,000000000000000;1,000000000000000;1,000000000000000;1,000000000000000;1,0000000000000000;1,0000000000000000;1,0000000000000000;1,0000000000000000;1,0000000000000000
2021-06-04;alle;9;9,0;9;9;9;9;9;9;9;9;9;9,0;96;96,0;96;96,0;96;96,0;96;96;96;96,0;96,0;96,0;NA;NA;NA;NA;NA;NA;NA;NA;NA;NA;NA
2021-06-03;0-60;3;3,0;3;3;3;3;3;3;3;3;3;3,0;27;27,0;27;27,0;27;27,0;27;27;27;27,0;27,0;27,0;1,000000000000000;1,000000000000000;1,000000000000000;1,000000000000000;1,000000000000000;1,000000000000000;1,0000000000000000;1,0000000000000000;1,0000000000000000;1,0000000000000000;1,0000000000000000
2021-06-03;60+;11;11,0;11;11;11;11;11;11;11;11;11;11,0;79;79,0;79;79,0;79;79,0;79;79;79;79,0;79,0;79,0;1,000000000000000;1,000000000000000;1,000000000000000;1,000000000000000;1,000000000000000;1,000000000000000;1,0000000000000000;1,0000000000000000;1,0000000000000000;1,0000000000000000;1,0000000000000000
2021-06-03;alle;14;14,0;14;14;14;14;14;14;14;14;14;14,0;106;106,0;106;106,0;106;106,0;106;106;106;106,0;106,0;106,0;NA;NA;NA;NA;NA;NA;NA;NA;NA;NA;NA
2021-06-02;0-60;7;7,0;7;7;7;7;7;7;7;7;7;7,0;31;31,0;31;31,0;31;31,0;31;31;31;31,0;31,0;31,0;1,000000000000000;1,000000000000000;1,000000000000000;1,000000000000000;1,000000000000000;1,000000000000000;1,0000000000000000;1,0000000000000000;1,0000000000000000;1,0000000000000000;1,0000000000000000
2021-06-02;60+;10;10,0;10;10;10;10;10;10;10;10;10;10,0;92;92,0;92;92,0;92;92,0;92;92;92;92,0;92,0;92,0;1,000000000000000;1,000000000000000;1,000000000000000;1,000000000000000;1,000000000000000;1,000000000000000;1,0000000000000000;1,0000000000000000;1,0000000000000000;1,0000000000000000;1,0000000000000000
2021-06-02;alle;17;17,0;17;17;17;17;17;17;17;17;17;17,0;123;123,0;123;123,0;123;123,0;123;123;123;123,0;123,0;123,0;NA;NA;NA;NA;NA;NA;NA;NA;NA;NA;NA
2021-06-01;0-60;8;8,0;8;8;8;8;8;8;8;8;8;8,0;41;41,0;41;41,0;41;41,0;41;41;41;41,0;41,0;41,0;1,000000000000000;1,000000000000000;1,000000000000000;1,000000000000000;1,000000000000000;1,000000000000000;1,0000000000000000;1,0000000000000000;1,0000000000000000;1,0000000000000000;1,0000000000000000
2021-06-01;60+;19;19,0;19;19;19;19;19;19;19;19;19;19,0;113;113,0;113;113,0;113;113,0;113;113;113;113,0;113,0;113,0;1,000000000000000;1,000000000000000;1,000000000000000;1,000000000000000;1,000000000000000;1,000000000000000;1,0000000000000000;1,0000000000000000;1,0000000000000000;1,0000000000000000;1,0000000000000000
2021-06-01;alle;27;27,0;27;27;27;27;27;27;27;27;27;27,0;154;154,0;154;154,0;154;154,0;154;154;154;154,0;154,0;154,0;NA;NA;NA;NA;NA;NA;NA;NA;NA;NA;NA
2021-05-31;0-60;0;0,0;0;0;0;0;0;0;0;0;0;0,0;34;34,0;34;34,0;34;34,0;34;34;34;34,0;34,0;34,0;1,000000000000000;1,000000000000000;1,000000000000000;1,000000000000000;1,000000000000000;1,000000000000000;1,0000000000000000;1,0000000000000000;1,0000000000000000;1,0000000000000000;1,0000000000000000
2021-05-31;60+;3;3,0;3;3;3;3;3;3;3;3;3;3,0;103;103,0;103;103,0;103;103,0;103;103;103;103,0;103,0;103,0;1,000000000000000;1,000000000000000;1,000000000000000;1,000000000000000;1,000000000000000;1,000000000000000;1,0000000000000000;1,0000000000000000;1,0000000000000000;1,0000000000000000;1,0000000000000000
2021-05-31;alle;3;3,0;3;3;3;3;3;3;3;3;3;3,0;137;137,0;137;137,0;137;137,0;137;137;137;137,0;137,0;137,0;NA;NA;NA;NA;NA;NA;NA;NA;NA;NA;NA
2021-05-30;0-60;1;1,0;1;1;1;1;1;1;1;1;1;1,0;36;36,0;36;36,0;36;36,0;36;36;36;36,0;36,0;36,0;1,000000000000000;1,000000000000000;1,000000000000000;1,000000000000000;1,000000000000000;1,000000000000000;1,0000000000000000;1,0000000000000000;1,0000000000000000;1,0000000000000000;1,0000000000000000
2021-05-30;60+;10;10,0;10;10;10;10;10;10;10;10;10;10,0;110;110,0;110;110,0;110;110,0;110;110;110;110,0;110,0;110,0;1,000000000000000;1,000000000000000;1,000000000000000;1,000000000000000;1,000000000000000;1,000000000000000;1,0000000000000000;1,0000000000000000;1,0000000000000000;1,0000000000000000;1,0000000000000000
2021-05-30;alle;11;11,0;11;11;11;11;11;11;11;11;11;11,0;146;146,0;146;146,0;146;146,0;146;146;146;146,0;146,0;146,0;NA;NA;NA;NA;NA;NA;NA;NA;NA;NA;NA
2021-05-29;0-60;3;3,0;3;3;3;3;3;3;3;3;3;3,0;45;45,0;45;45,0;45;45,0;45;45;45;45,0;45,0;45,0;1,000000000000000;1,000000000000000;1,000000000000000;1,000000000000000;1,000000000000000;1,000000000000000;1,0000000000000000;1,0000000000000000;1,0000000000000000;1,0000000000000000;1,0000000000000000
2021-05-29;60+;12;12,0;12;12;12;12;12;12;12;12;12;12,0;107;107,0;107;107,0;107;107,0;107;107;107;107,0;107,0;107,0;1,000000000000000;1,000000000000000;1,000000000000000;1,000000000000000;1,000000000000000;1,000000000000000;1,0000000000000000;1,0000000000000000;1,0000000000000000;1,0000000000000000;1,0000000000000000
2021-05-29;alle;15;15,0;15;15;15;15;15;15;15;15;15;15,0;152;152,0;152;152,0;152;152,0;152;152;152;152,0;152,0;152,0;NA;NA;NA;NA;NA;NA;NA;NA;NA;NA;NA
2021-05-28;0-60;5;5,0;5;5;5;5;5;5;5;5;5;5,0;49;49,0;49;49,0;49;49,0;49;49;49;49,0;49,0;49,0;1,000000000000000;1,000000000000000;1,000000000000000;1,000000000000000;1,000000000000000;1,000000000000000;1,0000000000000000;1,0000000000000000;1,0000000000000000;1,0000000000000000;1,0000000000000000
2021-05-28;60+;14;14,0;14;14;14;14;14;14;14;14;14;14,0;129;129,0;129;129,0;129;129,0;129;129;129;129,0;129,0;129,0;1,000000000000000;1,000000000000000;1,000000000000000;1,000000000000000;1,000000000000000;1,000000000000000;1,0000000000000000;1,0000000000000000;1,0000000000000000;1,0000000000000000;1,0000000000000000
2021-05-28;alle;19;19,0;19;19;19;19;19;19;19;19;19;19,0;178;178,0;178;178,0;178;178,0;178;178;178;178,0;178,0;178,0;NA;NA;NA;NA;NA;NA;NA;NA;NA;NA;NA
2021-05-27;0-60;7;7,0;7;7;7;7;7;7;7;7;7;7,0;54;54,0;54;54,0;54;54,0;54;54;54;54,0;54,0;54,0;1,000000000000000;1,000000000000000;1,000000000000000;1,000000000000000;1,000000000000000;1,000000000000000;1,0000000000000000;1,0000000000000000;1,0000000000000000;1,0000000000000000;1,0000000000000000
2021-05-27;60+;24;24,0;24;24;24;24;24;24;24;24;24;24,0;133;133,0;133;133,0;133;133,0;133;133;133;133,0;133,0;133,0;1,000000000000000;1,000000000000000;1,000000000000000;1,000000000000000;1,000000000000000;1,000000000000000;1,0000000000000000;1,0000000000000000;1,0000000000000000;1,0000000000000000;1,0000000000000000
2021-05-27;alle;31;31,0;31;31;31;31;31;31;31;31;31;31,0;187;187,0;187;187,0;187;187,0;187;187;187;187,0;187,0;187,0;NA;NA;NA;NA;NA;NA;NA;NA;NA;NA;NA
2021-05-26;0-60;17;17,0;17;17;17;17;17;17;17;17;17;17,0;56;56,0;56;56,0;56;56,0;56;56;56;56,0;56,0;56,0;1,000000000000000;1,000000000000000;1,000000000000000;1,000000000000000;1,000000000000000;1,000000000000000;1,0000000000000000;1,0000000000000000;1,0000000000000000;1,0000000000000000;1,0000000000000000
2021-05-26;60+;31;31,0;31;31;31;31;31;31;31;31;31;31,0;148;148,0;148;148,0;148;148,0;148;148;148;148,0;148,0;148,0;1,000000000000000;1,000000000000000;1,000000000000000;1,000000000000000;1,000000000000000;1,000000000000000;1,0000000000000000;1,0000000000000000;1,0000000000000000;1,0000000000000000;1,0000000000000000
2021-05-26;alle;48;48,0;48;48;48;48;48;48;48;48;48;48,0;204;204,0;204;204,0;204;204,0;204;204;204;204,0;204,0;204,0;NA;NA;NA;NA;NA;NA;NA;NA;NA;NA;NA
2021-05-25;0-60;1;1,0;1;1;1;1;1;1;1;1;1;1,0;55;55,0;55;55,0;55;55,0;55;55;55;55,0;55,0;55,0;1,000000000000000;1,000000000000000;1,000000000000000;1,000000000000000;1,000000000000000;1,000000000000000;1,0000000000000000;1,0000000000000000;1,0000000000000000;1,0000000000000000;1,0000000000000000
2021-05-25;60+;9;9,0;9;9;9;9;9;9;9;9;9;9,0;150;150,0;150;150,0;150;150,0;150;150;150;150,0;150,0;150,0;1,000000000000000;1,000000000000000;1,000000000000000;1,000000000000000;1,000000000000000;1,000000000000000;1,0000000000000000;1,0000000000000000;1,0000000000000000;1,0000000000000000;1,0000000000000000
2021-05-25;alle;10;10,0;10;10;10;10;10;10;10;10;10;10,0;205;205,0;205;205,0;205;205,0;205;205;205;205,0;205,0;205,0;NA;NA;NA;NA;NA;NA;NA;NA;NA;NA;NA
2021-05-24;0-60;2;2,0;2;2;2;2;2;2;2;2;2;2,0;67;67,0;67;67,0;67;67,0;67;67;67;67,0;67,0;67,0;1,000000000000000;1,000000000000000;1,000000000000000;1,000000000000000;1,000000000000000;1,000000000000000;1,0000000000000000;1,0000000000000000;1,0000000000000000;1,0000000000000000;1,0000000000000000
2021-05-24;60+;10;10,0;10;10;10;10;10;10;10;10;10;10,0;182;182,0;182;182,0;182;182,0;182;182;182;182,0;182,0;182,0;1,000000000000000;1,000000000000000;1,000000000000000;1,000000000000000;1,000000000000000;1,000000000000000;1,0000000000000000;1,0000000000000000;1,0000000000000000;1,0000000000000000;1,0000000000000000
2021-05-24;alle;12;12,0;12;12;12;12;12;12;12;12;12;12,0;249;249,0;249;249,0;249;249,0;249;249;249;249,0;249,0;249,0;NA;NA;NA;NA;NA;NA;NA;NA;NA;NA;NA
2021-05-23;0-60;10;10,0;10;10;10;10;10;10;10;10;10;10,0;73;73,0;73;73,0;73;73,0;73;73;73;73,0;73,0;73,0;1,000000000000000;1,000000000000000;1,000000000000000;1,000000000000000;1,000000000000000;1,000000000000000;1,0000000000000000;1,0000000000000000;1,0000000000000000;1,0000000000000000;1,0000000000000000
2021-05-23;60+;7;7,0;7;7;7;7;7;7;7;7;7;7,0;189;189,0;189;189,0;189;189,0;189;189;189;189,0;189,0;189,0;1,000000000000000;1,000000000000000;1,000000000000000;1,000000000000000;1,000000000000000;1,000000000000000;1,0000000000000000;1,0000000000000000;1,0000000000000000;1,0000000000000000;1,0000000000000000
2021-05-23;alle;17;17,0;17;17;17;17;17;17;17;17;17;17,0;262;262,0;262;262,0;262;262,0;262;262;262;262,0;262,0;262,0;NA;NA;NA;NA;NA;NA;NA;NA;NA;NA;NA
2021-05-22;0-60;7;7,0;7;7;7;7;7;7;7;7;7;7,0;74;74,0;74;74,0;74;74,0;74;74;74;74,0;74,0;74,0;1,000000000000000;1,000000000000000;1,000000000000000;1,000000000000000;1,000000000000000;1,000000000000000;1,0000000000000000;1,0000000000000000;1,0000000000000000;1,0000000000000000;1,0000000000000000
2021-05-22;60+;34;34,0;34;34;34;34;34;34;34;34;34;34,0;204;204,0;204;204,0;204;204,0;204;204;204;204,0;204,0;204,0;1,000000000000000;1,000000000000000;1,000000000000000;1,000000000000000;1,000000000000000;1,000000000000000;1,0000000000000000;1,0000000000000000;1,0000000000000000;1,0000000000000000;1,0000000000000000
2021-05-22;alle;41;41,0;41;41;41;41;41;41;41;41;41;41,0;278;278,0;278;278,0;278;278,0;278;278;278;278,0;278,0;278,0;NA;NA;NA;NA;NA;NA;NA;NA;NA;NA;NA
2021-05-21;0-60;10;10,0;10;10;10;10;10;10;10;10;10;10,0;79;79,0;79;79,0;79;79,0;79;79;79;79,0;79,0;79,0;1,000000000000000;1,000000000000000;1,000000000000000;1,000000000000000;1,000000000000000;1,000000000000000;1,0000000000000000;1,0000000000000000;1,0000000000000000;1,0000000000000000;1,0000000000000000
2021-05-21;60+;18;18,0;18;18;18;18;18;18;18;18;18;18,0;200;200,0;200;200,0;200;200,0;200;200;200;200,0;200,0;200,0;1,000000000000000;1,000000000000000;1,000000000000000;1,000000000000000;1,000000000000000;1,000000000000000;1,0000000000000000;1,0000000000000000;1,0000000000000000;1,0000000000000000;1,0000000000000000
2021-05-21;alle;28;28,0;28;28;28;28;28;28;28;28;28;28,0;279;279,0;279;279,0;279;279,0;279;279;279;279,0;279,0;279,0;NA;NA;NA;NA;NA;NA;NA;NA;NA;NA;NA
2021-05-20;0-60;9;9,0;9;9;9;9;9;9;9;9;9;9,0;80;80,0;80;80,0;80;80,0;80;80;80;80,0;80,0;80,0;1,000000000000000;1,000000000000000;1,000000000000000;1,000000000000000;1,000000000000000;1,000000000000000;1,0000000000000000;1,0000000000000000;1,0000000000000000;1,0000000000000000;1,0000000000000000
2021-05-20;60+;39;39,0;39;39;39;39;39;39;39;39;39;39,0;213;213,0;213;213,0;213;213,0;213;213;213;213,0;213,0;213,0;1,000000000000000;1,000000000000000;1,000000000000000;1,000000000000000;1,000000000000000;1,000000000000000;1,0000000000000000;1,0000000000000000;1,0000000000000000;1,0000000000000000;1,0000000000000000
2021-05-20;alle;48;48,0;48;48;48;48;48;48;48;48;48;48,0;293;293,0;293;293,0;293;293,0;293;293;293;293,0;293,0;293,0;NA;NA;NA;NA;NA;NA;NA;NA;NA;NA;NA
2021-05-19;0-60;16;16,0;16;16;16;16;16;16;16;16;16;16,0;90;90,0;90;90,0;90;90,0;90;90;90;90,0;90,0;90,0;1,000000000000000;1,000000000000000;1,000000000000000;1,000000000000000;1,000000000000000;1,000000000000000;1,0000000000000000;1,0000000000000000;1,0000000000000000;1,0000000000000000;1,0000000000000000
2021-05-19;60+;33;33,0;33;33;33;33;33;33;33;33;33;33,0;231;231,0;231;231,0;231;231,0;231;231;231;231,0;231,0;231,0;1,000000000000000;1,000000000000000;1,000000000000000;1,000000000000000;1,000000000000000;1,000000000000000;1,0000000000000000;1,0000000000000000;1,0000000000000000;1,0000000000000000;1,0000000000000000
2021-05-19;alle;49;49,0;49;49;49;49;49;49;49;49;49;49,0;321;321,0;321;321,0;321;321,0;321;321;321;321,0;321,0;321,0;NA;NA;NA;NA;NA;NA;NA;NA;NA;NA;NA
2021-05-18;0-60;13;13,0;13;13;13;13;13;13;13;13;13;13,0;91;91,0;91;91,0;91;91,0;91;91;91;91,0;91,0;91,0;1,000000000000000;1,000000000000000;1,000000000000000;1,000000000000000;1,000000000000000;1,000000000000000;1,0000000000000000;1,0000000000000000;1,0000000000000000;1,0000000000000000;1,0000000000000000
2021-05-18;60+;41;41,0;41;41;41;41;41;41;41;41;41;41,0;239;239,0;239;239,0;239;239,0;239;239;239;239,0;239,0;239,0;1,000000000000000;1,000000000000000;1,000000000000000;1,000000000000000;1,000000000000000;1,000000000000000;1,0000000000000000;1,0000000000000000;1,0000000000000000;1,0000000000000000;1,0000000000000000
2021-05-18;alle;54;54,0;54;54;54;54;54;54;54;54;54;54,0;330;330,0;330;330,0;330;330,0;330;330;330;330,0;330,0;330,0;NA;NA;NA;NA;NA;NA;NA;NA;NA;NA;NA
2021-05-17;0-60;8;8,0;8;8;8;8;8;8;8;8;8;8,0;98;98,0;98;98,0;98;98,0;98;98;98;98,0;98,0;98,0;1,000000000000000;1,000000000000000;1,000000000000000;1,000000000000000;1,000000000000000;1,000000000000000;1,0000000000000000;1,0000000000000000;1,0000000000000000;1,0000000000000000;1,0000000000000000
2021-05-17;60+;17;17,0;17;17;17;17;17;17;17;17;17;17,0;239;239,0;239;239,0;239;239,0;239;239;239;239,0;239,0;239,0;1,000000000000000;1,000000000000000;1,000000000000000;1,000000000000000;1,000000000000000;1,000000000000000;1,0000000000000000;1,0000000000000000;1,0000000000000000;1,0000000000000000;1,0000000000000000
2021-05-17;alle;25;25,0;25;25;25;25;25;25;25;25;25;25,0;337;337,0;337;337,0;337;337,0;337;337;337;337,0;337,0;337,0;NA;NA;NA;NA;NA;NA;NA;NA;NA;NA;NA
2021-05-16;0-60;11;11,0;11;11;11;11;11;11;11;11;11;11,0;96;96,0;96;96,0;96;96,0;96;96;96;96,0;96,0;96,0;1,000000000000000;1,000000000000000;1,000000000000000;1,000000000000000;1,000000000000000;1,000000000000000;1,0000000000000000;1,0000000000000000;1,0000000000000000;1,0000000000000000;1,0000000000000000
2021-05-16;60+;22;22,0;22;22;22;22;22;22;22;22;22;22,0;243;243,0;243;243,0;243;243,0;243;243;243;243,0;243,0;243,0;1,000000000000000;1,000000000000000;1,000000000000000;1,000000000000000;1,000000000000000;1,000000000000000;1,0000000000000000;1,0000000000000000;1,0000000000000000;1,0000000000000000;1,0000000000000000
2021-05-16;alle;33;33,0;33;33;33;33;33;33;33;33;33;33,0;339;339,0;339;339,0;339;339,0;339;339;339;339,0;339,0;339,0;NA;NA;NA;NA;NA;NA;NA;NA;NA;NA;NA
2021-05-15;0-60;12;12,0;12;12;12;12;12;12;12;12;12;12,0;97;97,0;97;97,0;97;97,0;97;97;97;97,0;97,0;97,0;1,000000000000000;1,000000000000000;1,000000000000000;1,000000000000000;1,000000000000000;1,000000000000000;1,0000000000000000;1,0000000000000000;1,0000000000000000;1,0000000000000000;1,0000000000000000
2021-05-15;60+;30;30,0;30;30;30;30;30;30;30;30;30;30,0;253;253,0;253;253,0;253;253,0;253;253;253;253,0;253,0;253,0;1,000000000000000;1,000000000000000;1,000000000000000;1,000000000000000;1,000000000000000;1,000000000000000;1,0000000000000000;1,0000000000000000;1,0000000000000000;1,0000000000000000;1,0000000000000000
2021-05-15;alle;42;42,0;42;42;42;42;42;42;42;42;42;42,0;350;350,0;350;350,0;350;350,0;350;350;350;350,0;350,0;350,0;NA;NA;NA;NA;NA;NA;NA;NA;NA;NA;NA
2021-05-14;0-60;11;11,0;11;11;11;11;11;11;11;11;11;11,0;102;102,0;102;102,0;102;102,0;102;102;102;102,0;102,0;102,0;1,000000000000000;1,000000000000000;1,000000000000000;1,000000000000000;1,000000000000000;1,000000000000000;1,0000000000000000;1,0000000000000000;1,0000000000000000;1,0000000000000000;1,0000000000000000
2021-05-14;60+;31;31,0;31;31;31;31;31;31;31;31;31;31,0;268;268,0;268;268,0;268;268,0;268;268;268;268,0;268,0;268,0;1,000000000000000;1,000000000000000;1,000000000000000;1,000000000000000;1,000000000000000;1,000000000000000;1,0000000000000000;1,0000000000000000;1,0000000000000000;1,0000000000000000;1,0000000000000000
2021-05-14;alle;42;42,0;42;42;42;42;42;42;42;42;42;42,0;370;370,0;370;370,0;370;370,0;370;370;370;370,0;370,0;370,0;NA;NA;NA;NA;NA;NA;NA;NA;NA;NA;NA
2021-05-13;0-60;19;19,0;19;19;19;19;19;19;19;19;19;19,0;106;106,0;106;106,0;106;106,0;106;106;106;106,0;106,0;106,0;1,000000000000000;1,000000000000000;1,000000000000000;1,000000000000000;1,000000000000000;1,000000000000000;1,0000000000000000;1,0000000000000000;1,0000000000000000;1,0000000000000000;1,0000000000000000
2021-05-13;60+;57;57,0;57;57;57;57;57;57;57;57;57;57,0;278;278,0;278;278,0;278;278,0;278;278;278;278,0;278,0;278,0;1,000000000000000;1,000000000000000;1,000000000000000;1,000000000000000;1,000000000000000;1,000000000000000;1,0000000000000000;1,0000000000000000;1,0000000000000000;1,0000000000000000;1,0000000000000000
2021-05-13;alle;76;76,0;76;76;76;76;76;76;76;76;76;76,0;384;384,0;384;384,0;384;384,0;384;384;384;384,0;384,0;384,0;NA;NA;NA;NA;NA;NA;NA;NA;NA;NA;NA
2021-05-12;0-60;17;17,0;17;17;17;17;17;17;17;17;17;17,0;124;124,0;124;124,0;124;124,0;124;124;124;124,0;124,0;124,0;1,000000000000000;1,000000000000000;1,000000000000000;1,000000000000000;1,000000000000000;1,000000000000000;1,0000000000000000;1,0000000000000000;1,0000000000000000;1,0000000000000000;1,0000000000000000
2021-05-12;60+;41;41,0;41;41;41;41;41;41;41;41;41;41,0;271;271,0;271;271,0;271;271,0;271;271;271;271,0;271,0;271,0;1,000000000000000;1,000000000000000;1,000000000000000;1,000000000000000;1,000000000000000;1,000000000000000;1,0000000000000000;1,0000000000000000;1,0000000000000000;1,0000000000000000;1,0000000000000000
2021-05-12;alle;58;58,0;58;58;58;58;58;58;58;58;58;58,0;395;395,0;395;395,0;395;395,0;395;395;395;395,0;395,0;395,0;NA;NA;NA;NA;NA;NA;NA;NA;NA;NA;NA
2021-05-11;0-60;20;20,0;20;20;20;20;20;20;20;20;20;20,0;137;137,0;137;137,0;137;137,0;137;137;137;137,0;137,0;137,0;1,000000000000000;1,000000000000000;1,000000000000000;1,000000000000000;1,000000000000000;1,000000000000000;1,0000000000000000;1,0000000000000000;1,0000000000000000;1,0000000000000000;1,0000000000000000
2021-05-11;60+;41;41,0;41;41;41;41;41;41;41;41;41;41,0;280;280,0;280;280,0;280;280,0;280;280;280;280,0;280,0;280,0;1,000000000000000;1,000000000000000;1,000000000000000;1,000000000000000;1,000000000000000;1,000000000000000;1,0000000000000000;1,0000000000000000;1,0000000000000000;1,0000000000000000;1,0000000000000000
2021-05-11;alle;61;61,0;61;61;61;61;61;61;61;61;61;61,0;417;417,0;417;417,0;417;417,0;417;417;417;417,0;417,0;417,0;NA;NA;NA;NA;NA;NA;NA;NA;NA;NA;NA
2021-05-10;0-60;6;6,0;6;6;6;6;6;6;6;6;6;6,0;146;146,0;146;146,0;146;146,0;146;146;146;146,0;146,0;146,0;1,000000000000000;1,000000000000000;1,000000000000000;1,000000000000000;1,000000000000000;1,000000000000000;1,0000000000000000;1,0000000000000000;1,0000000000000000;1,0000000000000000;1,0000000000000000
2021-05-10;60+;21;21,0;21;21;21;21;21;21;21;21;21;21,0;299;299,0;299;299,0;299;299,0;299;299;299;299,0;299,0;299,0;1,000000000000000;1,000000000000000;1,000000000000000;1,000000000000000;1,000000000000000;1,000000000000000;1,0000000000000000;1,0000000000000000;1,0000000000000000;1,0000000000000000;1,0000000000000000
2021-05-10;alle;27;27,0;27;27;27;27;27;27;27;27;27;27,0;445;445,0;445;445,0;445;445,0;445;445;445;445,0;445,0;445,0;NA;NA;NA;NA;NA;NA;NA;NA;NA;NA;NA
2021-05-09;0-60;12;12,0;12;12;12;12;12;12;12;12;12;12,0;150;150,0;150;150,0;150;150,0;150;150;150;150,0;150,0;150,0;1,000000000000000;1,000000000000000;1,000000000000000;1,000000000000000;1,000000000000000;1,000000000000000;1,0000000000000000;1,0000000000000000;1,0000000000000000;1,0000000000000000;1,0000000000000000
2021-05-09;60+;32;32,0;32;32;32;32;32;32;32;32;32;32,0;304;304,0;304;304,0;304;304,0;304;304;304;304,0;304,0;304,0;1,000000000000000;1,000000000000000;1,000000000000000;1,000000000000000;1,000000000000000;1,000000000000000;1,0000000000000000;1,0000000000000000;1,0000000000000000;1,0000000000000000;1,0000000000000000
2021-05-09;alle;44;44,0;44;44;44;44;44;44;44;44;44;44,0;454;454,0;454;454,0;454;454,0;454;454;454;454,0;454,0;454,0;NA;NA;NA;NA;NA;NA;NA;NA;NA;NA;NA
2021-05-08;0-60;17;17,0;17;17;17;17;17;17;17;17;17;17,0;153;153,0;153;153,0;153;153,0;153;153;153;153,0;153,0;153,0;1,000000000000000;1,000000000000000;1,000000000000000;1,000000000000000;1,000000000000000;1,000000000000000;1,0000000000000000;1,0000000000000000;1,0000000000000000;1,0000000000000000;1,0000000000000000
2021-05-08;60+;45;45,0;45;45;45;45;45;45;45;45;45;45,0;313;313,0;313;313,0;313;313,0;313;313;313;313,0;313,0;313,0;1,000000000000000;1,000000000000000;1,000000000000000;1,000000000000000;1,000000000000000;1,000000000000000;1,0000000000000000;1,0000000000000000;1,0000000000000000;1,0000000000000000;1,0000000000000000
2021-05-08;alle;62;62,0;62;62;62;62;62;62;62;62;62;62,0;466;466,0;466;466,0;466;466,0;466;466;466;466,0;466,0;466,0;NA;NA;NA;NA;NA;NA;NA;NA;NA;NA;NA
2021-05-07;0-60;15;15,0;15;15;15;15;15;15;15;15;15;15,0;155;155,0;155;155,0;155;155,0;155;155;155;155,0;155,0;155,0;1,000000000000000;1,000000000000000;1,000000000000000;1,000000000000000;1,000000000000000;1,000000000000000;1,0000000000000000;1,0000000000000000;1,0000000000000000;1,0000000000000000;1,0000000000000000
2021-05-07;60+;41;41,0;41;41;41;41;41;41;41;41;41;41,0;317;317,0;317;317,0;317;317,0;317;317;317;317,0;317,0;317,0;1,000000000000000;1,000000000000000;1,000000000000000;1,000000000000000;1,000000000000000;1,000000000000000;1,0000000000000000;1,0000000000000000;1,0000000000000000;1,0000000000000000;1,0000000000000000
2021-05-07;alle;56;56,0;56;56;56;56;56;56;56;56;56;56,0;472;472,0;472;472,0;472;472,0;472;472;472;472,0;472,0;472,0;NA;NA;NA;NA;NA;NA;NA;NA;NA;NA;NA
2021-05-06;0-60;37;37,0;37;37;37;37;37;37;37;37;37;37,0;158;158,0;158;158,0;158;158,0;158;158;158;158,0;158,0;158,0;1,000000000000000;1,000000000000000;1,000000000000000;1,000000000000000;1,000000000000000;1,000000000000000;1,0000000000000000;1,0000000000000000;1,0000000000000000;1,0000000000000000;1,0000000000000000
2021-05-06;60+;50;50,0;50;50;50;50;50;50;50;50;50;50,0;327;327,0;327;327,0;327;327,0;327;327;327;327,0;327,0;327,0;1,000000000000000;1,000000000000000;1,000000000000000;1,000000000000000;1,000000000000000;1,000000000000000;1,0000000000000000;1,0000000000000000;1,0000000000000000;1,0000000000000000;1,0000000000000000
2021-05-06;alle;87;87,0;87;87;87;87;87;87;87;87;87;87,0;485;485,0;485;485,0;485;485,0;485;485;485;485,0;485,0;485,0;NA;NA;NA;NA;NA;NA;NA;NA;NA;NA;NA
2021-05-05;0-60;30;30,0;30;30;30;30;30;30;30;30;30;30,0;140;140,0;140;140,0;140;140,0;140;140;140;140,0;140,0;140,0;1,000000000000000;1,000000000000000;1,000000000000000;1,000000000000000;1,000000000000000;1,000000000000000;1,0000000000000000;1,0000000000000000;1,0000000000000000;1,0000000000000000;1,0000000000000000
2021-05-05;60+;50;50,0;50;50;50;50;50;50;50;50;50;50,0;327;327,0;327;327,0;327;327,0;327;327;327;327,0;327,0;327,0;1,000000000000000;1,000000000000000;1,000000000000000;1,000000000000000;1,000000000000000;1,000000000000000;1,0000000000000000;1,0000000000000000;1,0000000000000000;1,0000000000000000;1,0000000000000000
2021-05-05;alle;80;80,0;80;80;80;80;80;80;80;80;80;80,0;467;467,0;467;467,0;467;467,0;467;467;467;467,0;467,0;467,0;NA;NA;NA;NA;NA;NA;NA;NA;NA;NA;NA
2021-05-04;0-60;29;29,0;29;29;29;29;29;29;29;29;29;29,0;135;135,0;135;135,0;135;135,0;135;135;135;135,0;135,0;135,0;1,000000000000000;1,000000000000000;1,000000000000000;1,000000000000000;1,000000000000000;1,000000000000000;1,0000000000000000;1,0000000000000000;1,0000000000000000;1,0000000000000000;1,0000000000000000
2021-05-04;60+;60;60,0;60;60;60;60;60;60;60;60;60;60,0;343;343,0;343;343,0;343;343,0;343;343;343;343,0;343,0;343,0;1,000000000000000;1,000000000000000;1,000000000000000;1,000000000000000;1,000000000000000;1,000000000000000;1,0000000000000000;1,0000000000000000;1,0000000000000000;1,0000000000000000;1,0000000000000000
2021-05-04;alle;89;89,0;89;89;89;89;89;89;89;89;89;89,0;478;478,0;478;478,0;478;478,0;478;478;478;478,0;478,0;478,0;NA;NA;NA;NA;NA;NA;NA;NA;NA;NA;NA
2021-05-03;0-60;10;10,0;10;10;10;10;10;10;10;10;10;10,0;125;125,0;125;125,0;125;125,0;125;125;125;125,0;125,0;125,0;1,000000000000000;1,000000000000000;1,000000000000000;1,000000000000000;1,000000000000000;1,000000000000000;1,0000000000000000;1,0000000000000000;1,0000000000000000;1,0000000000000000;1,0000000000000000
2021-05-03;60+;26;26,0;26;26;26;26;26;26;26;26;26;26,0;343;343,0;343;343,0;343;343,0;343;343;343;343,0;343,0;343,0;1,000000000000000;1,000000000000000;1,000000000000000;1,000000000000000;1,000000000000000;1,000000000000000;1,0000000000000000;1,0000000000000000;1,0000000000000000;1,0000000000000000;1,0000000000000000
2021-05-03;alle;36;36,0;36;36;36;36;36;36;36;36;36;36,0;468;468,0;468;468,0;468;468,0;468;468;468;468,0;468,0;468,0;NA;NA;NA;NA;NA;NA;NA;NA;NA;NA;NA
2021-05-02;0-60;15;15,0;15;15;15;15;15;15;15;15;15;15,0;130;130,0;130;130,0;130;130,0;130;130;130;130,0;130,0;130,0;1,000000000000000;1,000000000000000;1,000000000000000;1,000000000000000;1,000000000000000;1,000000000000000;1,0000000000000000;1,0000000000000000;1,0000000000000000;1,0000000000000000;1,0000000000000000
2021-05-02;60+;41;41,0;41;41;41;41;41;41;41;41;41;41,0;342;342,0;342;342,0;342;342,0;342;342;342;342,0;342,0;342,0;1,000000000000000;1,000000000000000;1,000000000000000;1,000000000000000;1,000000000000000;1,000000000000000;1,0000000000000000;1,0000000000000000;1,0000000000000000;1,0000000000000000;1,0000000000000000
2021-05-02;alle;56;56,0;56;56;56;56;56;56;56;56;56;56,0;472;472,0;472;472,0;472;472,0;472;472;472;472,0;472,0;472,0;NA;NA;NA;NA;NA;NA;NA;NA;NA;NA;NA
2021-05-01;0-60;19;19,0;19;19;19;19;19;19;19;19;19;19,0;132;132,0;132;132,0;132;132,0;132;132;132;132,0;132,0;132,0;1,000000000000000;1,000000000000000;1,000000000000000;1,000000000000000;1,000000000000000;1,000000000000000;1,0000000000000000;1,0000000000000000;1,0000000000000000;1,0000000000000000;1,0000000000000000
2021-05-01;60+;49;49,0;49;49;49;49;49;49;49;49;49;49,0;339;339,0;339;339,0;339;339,0;339;339;339;339,0;339,0;339,0;1,000000000000000;1,000000000000000;1,000000000000000;1,000000000000000;1,000000000000000;1,000000000000000;1,0000000000000000;1,0000000000000000;1,0000000000000000;1,0000000000000000;1,0000000000000000
2021-05-01;alle;68;68,0;68;68;68;68;68;68;68;68;68;68,0;471;471,0;471;471,0;471;471,0;471;471;471;471,0;471,0;471,0;NA;NA;NA;NA;NA;NA;NA;NA;NA;NA;NA
2021-04-30;0-60;18;18,0;18;18;18;18;18;18;18;18;18;18,0;133;133,0;133;133,0;133;133,0;133;133;133;133,0;133,0;133,0;1,000000000000000;1,000000000000000;1,000000000000000;1,000000000000000;1,000000000000000;1,000000000000000;1,0000000000000000;1,0000000000000000;1,0000000000000000;1,0000000000000000;1,0000000000000000
2021-04-30;60+;51;51,0;51;51;51;51;51;51;51;51;51;51,0;355;355,0;355;355,0;355;355,0;355;355;355;355,0;355,0;355,0;1,000000000000000;1,000000000000000;1,000000000000000;1,000000000000000;1,000000000000000;1,000000000000000;1,0000000000000000;1,0000000000000000;1,0000000000000000;1,0000000000000000;1,0000000000000000
2021-04-30;alle;69;69,0;69;69;69;69;69;69;69;69;69;69,0;488;488,0;488;488,0;488;488,0;488;488;488;488,0;488,0;488,0;NA;NA;NA;NA;NA;NA;NA;NA;NA;NA;NA
2021-04-29;0-60;19;19,0;19;19;19;19;19;19;19;19;19;19,0;137;137,0;137;137,0;137;137,0;137;137;137;137,0;137,0;137,0;1,000000000000000;1,000000000000000;1,000000000000000;1,000000000000000;1,000000000000000;1,000000000000000;1,0000000000000000;1,0000000000000000;1,0000000000000000;1,0000000000000000;1,0000000000000000
2021-04-29;60+;50;50,0;50;50;50;50;50;50;50;50;50;50,0;362;362,0;362;362,0;362;362,0;362;362;362;362,0;362,0;362,0;1,000000000000000;1,000000000000000;1,000000000000000;1,000000000000000;1,000000000000000;1,000000000000000;1,0000000000000000;1,0000000000000000;1,0000000000000000;1,0000000000000000;1,0000000000000000
2021-04-29;alle;69;69,0;69;69;69;69;69;69;69;69;69;69,0;499;499,0;499;499,0;499;499,0;499;499;499;499,0;499,0;499,0;NA;NA;NA;NA;NA;NA;NA;NA;NA;NA;NA
2021-04-28;0-60;25;25,0;25;25;25;25;25;25;25;25;25;25,0;139;139,0;139;139,0;139;139,0;139;139;139;139,0;139,0;139,0;1,000000000000000;1,000000000000000;1,000000000000000;1,000000000000000;1,000000000000000;1,000000000000000;1,0000000000000000;1,0000000000000000;1,0000000000000000;1,0000000000000000;1,0000000000000000
2021-04-28;60+;66;66,0;66;66;66;66;66;66;66;66;66;66,0;372;372,0;372;372,0;372;372,0;372;372;372;372,0;372,0;372,0;1,000000000000000;1,000000000000000;1,000000000000000;1,000000000000000;1,000000000000000;1,000000000000000;1,0000000000000000;1,0000000000000000;1,0000000000000000;1,0000000000000000;1,0000000000000000
2021-04-28;alle;91;91,0;91;91;91;91;91;91;91;91;91;91,0;511;511,0;511;511,0;511;511,0;511;511;511;511,0;511,0;511,0;NA;NA;NA;NA;NA;NA;NA;NA;NA;NA;NA
2021-04-27;0-60;19;19,0;19;19;19;19;19;19;19;19;19;19,0;151;151,0;151;151,0;151;151,0;151;151;151;151,0;151,0;151,0;1,000000000000000;1,000000000000000;1,000000000000000;1,000000000000000;1,000000000000000;1,000000000000000;1,0000000000000000;1,0000000000000000;1,0000000000000000;1,0000000000000000;1,0000000000000000
2021-04-27;60+;60;60,0;60;60;60;60;60;60;60;60;60;60,0;384;384,0;384;384,0;384;384,0;384;384;384;384,0;384,0;384,0;1,000000000000000;1,000000000000000;1,000000000000000;1,000000000000000;1,000000000000000;1,000000000000000;1,0000000000000000;1,0000000000000000;1,0000000000000000;1,0000000000000000;1,0000000000000000
2021-04-27;alle;79;79,0;79;79;79;79;79;79;79;79;79;79,0;535;535,0;535;535,0;535;535,0;535;535;535;535,0;535,0;535,0;NA;NA;NA;NA;NA;NA;NA;NA;NA;NA;NA
2021-04-26;0-60;15;15,0;15;15;15;15;15;15;15;15;15;15,0;155;155,0;155;155,0;155;155,0;155;155;155;155,0;155,0;155,0;1,000000000000000;1,000000000000000;1,000000000000000;1,000000000000000;1,000000000000000;1,000000000000000;1,0000000000000000;1,0000000000000000;1,0000000000000000;1,0000000000000000;1,0000000000000000
2021-04-26;60+;25;25,0;25;25;25;25;25;25;25;25;25;25,0;400;400,0;400;400,0;400;400,0;400;400;400;400,0;400,0;400,0;1,000000000000000;1,000000000000000;1,000000000000000;1,000000000000000;1,000000000000000;1,000000000000000;1,0000000000000000;1,0000000000000000;1,0000000000000000;1,0000000000000000;1,0000000000000000
2021-04-26;alle;40;40,0;40;40;40;40;40;40;40;40;40;40,0;555;555,0;555;555,0;555;555,0;555;555;555;555,0;555,0;555,0;NA;NA;NA;NA;NA;NA;NA;NA;NA;NA;NA
2021-04-25;0-60;17;17,0;17;17;17;17;17;17;17;17;17;17,0;144;144,0;144;144,0;144;144,0;144;144;144;144,0;144,0;144,0;1,000000000000000;1,000000000000000;1,000000000000000;1,000000000000000;1,000000000000000;1,000000000000000;1,0000000000000000;1,0000000000000000;1,0000000000000000;1,0000000000000000;1,0000000000000000
2021-04-25;60+;38;38,0;38;38;38;38;38;38;38;38;38;38,0;410;410,0;410;410,0;410;410,0;410;410;410;410,0;410,0;410,0;1,000000000000000;1,000000000000000;1,000000000000000;1,000000000000000;1,000000000000000;1,000000000000000;1,0000000000000000;1,0000000000000000;1,0000000000000000;1,0000000000000000;1,0000000000000000
2021-04-25;alle;55;55,0;55;55;55;55;55;55;55;55;55;55,0;554;554,0;554;554,0;554;554,0;554;554;554;554,0;554,0;554,0;NA;NA;NA;NA;NA;NA;NA;NA;NA;NA;NA
2021-04-24;0-60;20;20,0;20;20;20;20;20;20;20;20;20;20,0;145;145,0;145;145,0;145;145,0;145;145;145;145,0;145,0;145,0;1,000000000000000;1,000000000000000;1,000000000000000;1,000000000000000;1,000000000000000;1,000000000000000;1,0000000000000000;1,0000000000000000;1,0000000000000000;1,0000000000000000;1,0000000000000000
2021-04-24;60+;65;65,0;65;65;65;65;65;65;65;65;65;65,0;408;408,0;408;408,0;408;408,0;408;408;408;408,0;408,0;408,0;1,000000000000000;1,000000000000000;1,000000000000000;1,000000000000000;1,000000000000000;1,000000000000000;1,0000000000000000;1,0000000000000000;1,0000000000000000;1,0000000000000000;1,0000000000000000
2021-04-24;alle;85;85,0;85;85;85;85;85;85;85;85;85;85,0;553;553,0;553;553,0;553;553,0;553;553;553;553,0;553,0;553,0;NA;NA;NA;NA;NA;NA;NA;NA;NA;NA;NA
2021-04-23;0-60;22;22,0;22;22;22;22;22;22;22;22;22;22,0;148;148,0;148;148,0;148;148,0;148;148;148;148,0;148,0;148,0;1,000000000000000;1,000000000000000;1,000000000000000;1,000000000000000;1,000000000000000;1,000000000000000;1,0000000000000000;1,0000000000000000;1,0000000000000000;1,0000000000000000;1,0000000000000000
2021-04-23;60+;58;58,0;58;58;58;58;58;58;58;58;58;58,0;396;396,0;396;396,0;396;396,0;396;396;396;396,0;396,0;396,0;1,000000000000000;1,000000000000000;1,000000000000000;1,000000000000000;1,000000000000000;1,000000000000000;1,0000000000000000;1,0000000000000000;1,0000000000000000;1,0000000000000000;1,0000000000000000
2021-04-23;alle;80;80,0;80;80;80;80;80;80;80;80;80;80,0;544;544,0;544;544,0;544;544,0;544;544;544;544,0;544,0;544,0;NA;NA;NA;NA;NA;NA;NA;NA;NA;NA;NA
2021-04-22;0-60;21;21,0;21;21;21;21;21;21;21;21;21;21,0;150;150,0;150;150,0;150;150,0;150;150;150;150,0;150,0;150,0;1,000000000000000;1,000000000000000;1,000000000000000;1,000000000000000;1,000000000000000;1,000000000000000;1,0000000000000000;1,0000000000000000;1,0000000000000000;1,0000000000000000;1,0000000000000000
2021-04-22;60+;60;60,0;60;60;60;60;60;60;60;60;60;60,0;395;395,0;395;395,0;395;395,0;395;395;395;395,0;395,0;395,0;1,000000000000000;1,000000000000000;1,000000000000000;1,000000000000000;1,000000000000000;1,000000000000000;1,0000000000000000;1,0000000000000000;1,0000000000000000;1,0000000000000000;1,0000000000000000
2021-04-22;alle;81;81,0;81;81;81;81;81;81;81;81;81;81,0;545;545,0;545;545,0;545;545,0;545;545;545;545,0;545,0;545,0;NA;NA;NA;NA;NA;NA;NA;NA;NA;NA;NA
2021-04-21;0-60;37;37,0;37;37;37;37;37;37;37;37;37;37,0;158;158,0;158;158,0;158;158,0;158;158;158;158,0;158,0;158,0;1,000000000000000;1,000000000000000;1,000000000000000;1,000000000000000;1,000000000000000;1,000000000000000;1,0000000000000000;1,0000000000000000;1,0000000000000000;1,0000000000000000;1,0000000000000000
2021-04-21;60+;78;78,0;78;78;78;78;78;78;78;78;78;78,0;425;425,0;425;425,0;425;425,0;425;425;425;425,0;425,0;425,0;1,000000000000000;1,000000000000000;1,000000000000000;1,000000000000000;1,000000000000000;1,000000000000000;1,0000000000000000;1,0000000000000000;1,0000000000000000;1,0000000000000000;1,0000000000000000
2021-04-21;alle;115;115,0;115;115;115;115;115;115;115;115;115;115,0;583;583,0;583;583,0;583;583,0;583;583;583;583,0;583,0;583,0;NA;NA;NA;NA;NA;NA;NA;NA;NA;NA;NA
2021-04-20;0-60;23;23,0;23;23;23;23;23;23;23;23;23;23,0;158;158,0;158;158,0;158;158,0;158;158;158;158,0;158,0;158,0;1,000000000000000;1,000000000000000;1,000000000000000;1,000000000000000;1,000000000000000;1,000000000000000;1,0000000000000000;1,0000000000000000;1,0000000000000000;1,0000000000000000;1,0000000000000000
2021-04-20;60+;76;76,0;76;76;76;76;76;76;76;76;76;76,0;423;423,0;423;423,0;423;423,0;423;423;423;423,0;423,0;423,0;1,000000000000000;1,000000000000000;1,000000000000000;1,000000000000000;1,000000000000000;1,000000000000000;1,0000000000000000;1,0000000000000000;1,0000000000000000;1,0000000000000000;1,0000000000000000
2021-04-20;alle;99;99,0;99;99;99;99;99;99;99;99;99;99,0;581;581,0;581;581,0;581;581,0;581;581;581;581,0;581,0;581,0;NA;NA;NA;NA;NA;NA;NA;NA;NA;NA;NA
2021-04-19;0-60;4;4,0;4;4;4;4;4;4;4;4;4;4,0;163;163,0;163;163,0;163;163,0;163;163;163;163,0;163,0;163,0;1,000000000000000;1,000000000000000;1,000000000000000;1,000000000000000;1,000000000000000;1,000000000000000;1,0000000000000000;1,0000000000000000;1,0000000000000000;1,0000000000000000;1,0000000000000000
2021-04-19;60+;35;35,0;35;35;35;35;35;35;35;35;35;35,0;415;415,0;415;415,0;415;415,0;415;415;415;415,0;415,0;415,0;1,000000000000000;1,000000000000000;1,000000000000000;1,000000000000000;1,000000000000000;1,000000000000000;1,0000000000000000;1,0000000000000000;1,0000000000000000;1,0000000000000000;1,0000000000000000
2021-04-19;alle;39;39,0;39;39;39;39;39;39;39;39;39;39,0;578;578,0;578;578,0;578;578,0;578;578;578;578,0;578,0;578,0;NA;NA;NA;NA;NA;NA;NA;NA;NA;NA;NA
2021-04-18;0-60;18;18,0;18;18;18;18;18;18;18;18;18;18,0;172;172,0;172;172,0;172;172,0;172;172;172;172,0;172,0;172,0;1,000000000000000;1,000000000000000;1,000000000000000;1,000000000000000;1,000000000000000;1,000000000000000;1,0000000000000000;1,0000000000000000;1,0000000000000000;1,0000000000000000;1,0000000000000000
2021-04-18;60+;36;36,0;36;36;36;36;36;36;36;36;36;36,0;422;422,0;422;422,0;422;422,0;422;422;422;422,0;422,0;422,0;1,000000000000000;1,000000000000000;1,000000000000000;1,000000000000000;1,000000000000000;1,000000000000000;1,0000000000000000;1,0000000000000000;1,0000000000000000;1,0000000000000000;1,0000000000000000
2021-04-18;alle;54;54,0;54;54;54;54;54;54;54;54;54;54,0;594;594,0;594;594,0;594;594,0;594;594;594;594,0;594,0;594,0;NA;NA;NA;NA;NA;NA;NA;NA;NA;NA;NA
2021-04-17;0-60;23;23,0;23;23;23;23;23;23;23;23;23;23,0;166;166,0;166;166,0;166;166,0;166;166;166;166,0;166,0;166,0;1,000000000000000;1,000000000000000;1,000000000000000;1,000000000000000;1,000000000000000;1,000000000000000;1,0000000000000000;1,0000000000000000;1,0000000000000000;1,0000000000000000;1,0000000000000000
2021-04-17;60+;53;53,0;53;53;53;53;53;53;53;53;53;53,0;427;427,0;427;427,0;427;427,0;427;427;427;427,0;427,0;427,0;1,000000000000000;1,000000000000000;1,000000000000000;1,000000000000000;1,000000000000000;1,000000000000000;1,0000000000000000;1,0000000000000000;1,0000000000000000;1,0000000000000000;1,0000000000000000
2021-04-17;alle;76;76,0;76;76;76;76;76;76;76;76;76;76,0;593;593,0;593;593,0;593;593,0;593;593;593;593,0;593,0;593,0;NA;NA;NA;NA;NA;NA;NA;NA;NA;NA;NA
2021-04-16;0-60;24;24,0;24;24;24;24;24;24;24;24;24;24,0;172;172,0;172;172,0;172;172,0;172;172;172;172,0;172,0;172,0;1,000000000000000;1,000000000000000;1,000000000000000;1,000000000000000;1,000000000000000;1,000000000000000;1,0000000000000000;1,0000000000000000;1,0000000000000000;1,0000000000000000;1,0000000000000000
2021-04-16;60+;57;57,0;57;57;57;57;57;57;57;57;57;57,0;441;441,0;441;441,0;441;441,0;441;441;441;441,0;441,0;441,0;1,000000000000000;1,000000000000000;1,000000000000000;1,000000000000000;1,000000000000000;1,000000000000000;1,0000000000000000;1,0000000000000000;1,0000000000000000;1,0000000000000000;1,0000000000000000
2021-04-16;alle;81;81,0;81;81;81;81;81;81;81;81;81;81,0;613;613,0;613;613,0;613;613,0;613;613;613;613,0;613,0;613,0;NA;NA;NA;NA;NA;NA;NA;NA;NA;NA;NA
2021-04-15;0-60;29;29,0;29;29;29;29;29;29;29;29;29;29,0;180;180,0;180;180,0;180;180,0;180;180;180;180,0;180,0;180,0;1,000000000000000;1,000000000000000;1,000000000000000;1,000000000000000;1,000000000000000;1,000000000000000;1,0000000000000000;1,0000000000000000;1,0000000000000000;1,0000000000000000;1,0000000000000000
2021-04-15;60+;90;90,0;90;90;90;90;90;90;90;90;90;90,0;467;467,0;467;467,0;467;467,0;467;467;467;467,0;467,0;467,0;1,000000000000000;1,000000000000000;1,000000000000000;1,000000000000000;1,000000000000000;1,000000000000000;1,0000000000000000;1,0000000000000000;1,0000000000000000;1,0000000000000000;1,0000000000000000
2021-04-15;alle;119;119,0;119;119;119;119;119;119;119;119;119;119,0;647;647,0;647;647,0;647;647,0;647;647;647;647,0;647,0;647,0;NA;NA;NA;NA;NA;NA;NA;NA;NA;NA;NA
2021-04-14;0-60;37;37,0;37;37;37;37;37;37;37;37;37;37,0;196;196,0;196;196,0;196;196,0;196;196;196;196,0;196,0;196,0;1,000000000000000;1,000000000000000;1,000000000000000;1,000000000000000;1,000000000000000;1,000000000000000;1,0000000000000000;1,0000000000000000;1,0000000000000000;1,0000000000000000;1,0000000000000000
2021-04-14;60+;76;76,0;76;76;76;76;76;76;76;76;76;76,0;462;462,0;462;462,0;462;462,0;462;462;462;462,0;462,0;462,0;1,000000000000000;1,000000000000000;1,000000000000000;1,000000000000000;1,000000000000000;1,000000000000000;1,0000000000000000;1,0000000000000000;1,0000000000000000;1,0000000000000000;1,0000000000000000
2021-04-14;alle;113;113,0;113;113;113;113;113;113;113;113;113;113,0;658;658,0;658;658,0;658;658,0;658;658;658;658,0;658,0;658,0;NA;NA;NA;NA;NA;NA;NA;NA;NA;NA;NA
2021-04-13;0-60;28;28,0;28;28;28;28;28;28;28;28;28;28,0;178;178,0;178;178,0;178;178,0;178;178;178;178,0;178,0;178,0;1,000000000000000;1,000000000000000;1,000000000000000;1,000000000000000;1,000000000000000;1,000000000000000;1,0000000000000000;1,0000000000000000;1,0000000000000000;1,0000000000000000;1,0000000000000000
2021-04-13;60+;68;68,0;68;68;68;68;68;68;68;68;68;68,0;455;455,0;455;455,0;455;455,0;455;455;455;455,0;455,0;455,0;1,000000000000000;1,000000000000000;1,000000000000000;1,000000000000000;1,000000000000000;1,000000000000000;1,0000000000000000;1,0000000000000000;1,0000000000000000;1,0000000000000000;1,0000000000000000
2021-04-13;alle;96;96,0;96;96;96;96;96;96;96;96;96;96,0;633;633,0;633;633,0;633;633,0;633;633;633;633,0;633,0;633,0;NA;NA;NA;NA;NA;NA;NA;NA;NA;NA;NA
2021-04-12;0-60;13;13,0;13;13;13;13;13;13;13;13;13;13,0;167;167,0;167;167,0;167;167,0;167;167;167;167,0;167,0;167,0;1,000000000000000;1,000000000000000;1,000000000000000;1,000000000000000;1,000000000000000;1,000000000000000;1,0000000000000000;1,0000000000000000;1,0000000000000000;1,0000000000000000;1,0000000000000000
2021-04-12;60+;42;42,0;42;42;42;42;42;42;42;42;42;42,0;435;435,0;435;435,0;435;435,0;435;435;435;435,0;435,0;435,0;1,000000000000000;1,000000000000000;1,000000000000000;1,000000000000000;1,000000000000000;1,000000000000000;1,0000000000000000;1,0000000000000000;1,0000000000000000;1,0000000000000000;1,0000000000000000
2021-04-12;alle;55;55,0;55;55;55;55;55;55;55;55;55;55,0;602;602,0;602;602,0;602;602,0;602;602;602;602,0;602,0;602,0;NA;NA;NA;NA;NA;NA;NA;NA;NA;NA;NA
2021-04-11;0-60;12;12,0;12;12;12;12;12;12;12;12;12;12,0;NA;NA;NA;NA;NA;NA;NA;NA;NA;NA;NA;NA;1,000000000000000;1,000000000000000;1,000000000000000;1,000000000000000;1,000000000000000;1,000000000000000;1,0000000000000000;1,0000000000000000;1,0000000000000000;1,0000000000000000;1,0000000000000000
2021-04-11;60+;41;41,0;41;41;41;41;41;41;41;41;41;41,0;NA;NA;NA;NA;NA;NA;NA;NA;NA;NA;NA;NA;1,000000000000000;1,000000000000000;1,000000000000000;1,000000000000000;1,000000000000000;1,000000000000000;1,0000000000000000;1,0000000000000000;1,0000000000000000;1,0000000000000000;1,0000000000000000
2021-04-11;alle;53;53,0;53;53;53;53;53;53;53;53;53;53,0;NA;NA;NA;NA;NA;NA;NA;NA;NA;NA;NA;NA;NA;NA;NA;NA;NA;NA;NA;NA;NA;NA;NA
2021-04-10;0-60;29;29,0;29;29;29;29;29;29;29;29;29;29,0;NA;NA;NA;NA;NA;NA;NA;NA;NA;NA;NA;NA;1,000000000000000;1,000000000000000;1,000000000000000;1,000000000000000;1,000000000000000;1,000000000000000;1,0000000000000000;1,0000000000000000;1,0000000000000000;1,0000000000000000;1,0000000000000000
2021-04-10;60+;67;67,0;67;67;67;67;67;67;67;67;67;67,0;NA;NA;NA;NA;NA;NA;NA;NA;NA;NA;NA;NA;1,000000000000000;1,000000000000000;1,000000000000000;1,000000000000000;1,000000000000000;1,000000000000000;1,0000000000000000;1,0000000000000000;1,0000000000000000;1,0000000000000000;1,0000000000000000
2021-04-10;alle;96;96,0;96;96;96;96;96;96;96;96;96;96,0;NA;NA;NA;NA;NA;NA;NA;NA;NA;NA;NA;NA;NA;NA;NA;NA;NA;NA;NA;NA;NA;NA;NA
2021-04-09;0-60;32;32,0;32;32;32;32;32;32;32;32;32;32,0;NA;NA;NA;NA;NA;NA;NA;NA;NA;NA;NA;NA;1,000000000000000;1,000000000000000;1,000000000000000;1,000000000000000;1,000000000000000;1,000000000000000;1,0000000000000000;1,0000000000000000;1,0000000000000000;1,0000000000000000;1,0000000000000000
2021-04-09;60+;83;83,0;83;83;83;83;83;83;83;83;83;83,0;NA;NA;NA;NA;NA;NA;NA;NA;NA;NA;NA;NA;1,000000000000000;1,000000000000000;1,000000000000000;1,000000000000000;1,000000000000000;1,000000000000000;1,0000000000000000;1,0000000000000000;1,0000000000000000;1,0000000000000000;1,0000000000000000
2021-04-09;alle;115;115,0;115;115;115;115;115;115;115;115;115;115,0;NA;NA;NA;NA;NA;NA;NA;NA;NA;NA;NA;NA;NA;NA;NA;NA;NA;NA;NA;NA;NA;NA;NA
2021-04-08;0-60;45;45,0;45;45;45;45;45;45;45;45;45;45,0;NA;NA;NA;NA;NA;NA;NA;NA;NA;NA;NA;NA;1,000000000000000;1,000000000000000;1,000000000000000;1,000000000000000;1,000000000000000;1,000000000000000;1,0000000000000000;1,0000000000000000;1,0000000000000000;1,0000000000000000;1,0000000000000000
2021-04-08;60+;85;85,0;85;85;85;85;85;85;85;85;85;85,0;NA;NA;NA;NA;NA;NA;NA;NA;NA;NA;NA;NA;1,000000000000000;1,000000000000000;1,000000000000000;1,000000000000000;1,000000000000000;1,000000000000000;1,0000000000000000;1,0000000000000000;1,0000000000000000;1,0000000000000000;1,0000000000000000
2021-04-08;alle;130;130,0;130;130;130;130;130;130;130;130;130;130,0;NA;NA;NA;NA;NA;NA;NA;NA;NA;NA;NA;NA;NA;NA;NA;NA;NA;NA;NA;NA;NA;NA;NA
2021-04-07;0-60;19;19,0;19;19;19;19;19;19;19;19;19;19,0;NA;NA;NA;NA;NA;NA;NA;NA;NA;NA;NA;NA;1,000000000000000;1,000000000000000;1,000000000000000;1,000000000000000;1,000000000000000;1,000000000000000;1,0000000000000000;1,0000000000000000;1,0000000000000000;1,0000000000000000;1,0000000000000000
2021-04-07;60+;69;69,0;69;69;69;69;69;69;69;69;69;69,0;NA;NA;NA;NA;NA;NA;NA;NA;NA;NA;NA;NA;1,000000000000000;1,000000000000000;1,000000000000000;1,000000000000000;1,000000000000000;1,000000000000000;1,0000000000000000;1,0000000000000000;1,0000000000000000;1,0000000000000000;1,0000000000000000
2021-04-07;alle;88;88,0;88;88;88;88;88;88;88;88;88;88,0;NA;NA;NA;NA;NA;NA;NA;NA;NA;NA;NA;NA;NA;NA;NA;NA;NA;NA;NA;NA;NA;NA;NA
2021-04-06;0-60;17;17,0;17;17;17;17;17;17;17;17;17;17,0;NA;NA;NA;NA;NA;NA;NA;NA;NA;NA;NA;NA;1,000000000000000;1,000000000000000;1,000000000000000;1,000000000000000;1,000000000000000;1,000000000000000;1,0000000000000000;1,0000000000000000;1,0000000000000000;1,0000000000000000;1,0000000000000000
2021-04-06;60+;48;48,0;48;48;48;48;48;48;48;48;48;48,0;NA;NA;NA;NA;NA;NA;NA;NA;NA;NA;NA;NA;1,000000000000000;1,000000000000000;1,000000000000000;1,000000000000000;1,000000000000000;1,000000000000000;1,0000000000000000;1,0000000000000000;1,0000000000000000;1,0000000000000000;1,0000000000000000
2021-04-06;alle;65;65,0;65;65;65;65;65;65;65;65;65;65,0;NA;NA;NA;NA;NA;NA;NA;NA;NA;NA;NA;NA;NA;NA;NA;NA;NA;NA;NA;NA;NA;NA;NA
