"date";"age60";"reported";"nowcast_est";"nowcast_0.025";"nowcast_0.1";"nowcast_0.25";"nowcast_0.5";"nowcast_0.75";"nowcast_0.8";"nowcast_0.85";"nowcast_0.9";"nowcast_0.95";"nowcast_0.975";"reported7";"nowcast7_est";"nowcast7_0.025";"nowcast7_0.1";"nowcast7_0.25";"nowcast7_0.5";"nowcast7_0.75";"nowcast7_0.8";"nowcast7_0.85";"nowcast7_0.9";"nowcast7_0.95";"nowcast7_0.975";"F_est";"F_0.025";"F_0.1";"F_0.25";"F_0.5";"F_0.75";"F_0.8";"F_0.85";"F_0.9";"F_0.95";"F_0.975";"realized";"realized7"
2023-09-20;"0-60";1;1,3;1;1;1;1;2;2;2;2;3;3;10;10,8;10;10;10;11;11;12;12;13,2;13;15,2;0,767714622648617;0,877346656091818;0,844668598584671;0,808120489521795;0,758239403233849;0,702128201123949;0,685237100436716;0,664680644256458;0,642751162084507;0,602335857282023;0,567951206378783;NA;NA
2023-09-20;"60+";7;11;7;8;9;11;13;14;14;15;17;18;31;37,2;32,0947271045328;32,251051051051;34,1538461538462;38;44,8;41;42;50,8;47;63,6;0,637157237135189;0,778213261458374;0,734412192990694;0,688128967815175;0,630523657580839;0,568730425679378;0,552337601468861;0,534527100728722;0,509124427929278;0,466528034022823;0,431103392873122;NA;NA
2023-09-20;"alle";8;12,3;9;9;11;12;14;15;16;17;18;20;41;48;41,2655592469546;41,4677419354839;43,1052631578947;49;56;52;53;59,4314516129032;58;76,2;NA;NA;NA;NA;NA;NA;NA;NA;NA;NA;NA;NA;NA
2023-09-19;"0-60";4;4,4;4;4;4;4;5;5;5;5;6;6;12;12,5;12;12;12;12;13;13;13;15,5;14;15,5;0,909241601293129;0,958067624553295;0,94493376064202;0,929901891791942;0,90907036640646;0,88165801434197;0,87377780541675;0,863242806004174;0,849202647938775;0,827227059153087;0,80711600756891;NA;NA
2023-09-19;"60+";8;9,2;8;8;8;9;10;10;11;11;12;12;32;34,4;32;32,2852631578947;33,4285714285714;35;37,6;37;37;41,6;40;51,4;0,873811793727995;0,933398259894019;0,915344885986463;0,895988585451755;0,868356896960756;0,835399171693867;0,826002359152179;0,814539257881103;0,798866569098418;0,769734440597622;0,743610763355077;NA;NA
2023-09-19;"alle";12;13,6;12;12;13;13;15;15;15;16;17;17;44;46,9;44;44;44,5789473684211;47;51,1;49;50;55,1;53;65,1;NA;NA;NA;NA;NA;NA;NA;NA;NA;NA;NA;NA;NA
2023-09-18;"0-60";0;0;0;0;0;0;0;0;0;0;0;0;9;9,1;9;9;9;9;9,3;9;9;10;10;10,9;0,851402061243871;0,966317328494217;0,943180208640808;0,911928919048706;0,854454989597665;0,768536905999543;0,743709489326212;0,71046752447116;0,664809403141642;0,58569614805337;0,508981177618483;NA;NA
2023-09-18;"60+";1;1,3;1;1;1;1;2;2;2;2;3;4;34;35,3;34;34;34,625;36;38,7;37;38;40,7;40;50,5;0,786376430767662;0,942780440487509;0,904931539514652;0,855088842837111;0,769488476659072;0,650849788015267;0,612653971185664;0,5696873518204;0,510445186663734;0,407404541880962;0,306804089632732;NA;NA
2023-09-18;"alle";1;1,3;1;1;1;1;2;2;2;2;3;4;43;44,4;43;43;43,5698924731183;45;47,6;46;47;51,6;49;60,6;NA;NA;NA;NA;NA;NA;NA;NA;NA;NA;NA;NA;NA
2023-09-17;"0-60";0;0;0;0;0;0;0;0;0;0;0;0;9;9,1;9;9;9;9;9,3;9;9;10;10;10,9;0,954367337766323;0,994827704082057;0,989380685365651;0,979832169805144;0,958181845366739;0,914926623852408;0,899685758295219;0,878336543563648;0,843959250738357;0,779881910265318;0,700381928340076;NA;NA
2023-09-17;"60+";0;0;0;0;0;0;0;0;0;0;0;0;33;34,1;33;33;33;34;35,9;36;36;37,9;38;47,5;0,914143628326059;0,986937325227609;0,974472792581181;0,953387956340344;0,909438705301999;0,826145733077014;0,796894943898868;0,757012850219541;0,697220725819438;0,587741042083808;0,467465507880187;NA;NA
2023-09-17;"alle";0;0;0;0;0;0;0;0;0;0;0;0;42;43,2;42;42;42;43;44,8;45;45;48,8;47;56,8;NA;NA;NA;NA;NA;NA;NA;NA;NA;NA;NA;NA;NA
2023-09-16;"0-60";2;2,1;2;2;2;2;2;2;2;2;3;3;9;9,1;9;9;9;9;9,3;9;9;10;10;10,9;0,965779743870456;0,990346534075616;0,985883222679094;0,979260843741621;0,968949613910926;0,953313064916986;0,947868675159983;0,940757064535766;0,930985210665277;0,910976276928937;0,892553779985851;NA;NA
2023-09-16;"60+";4;4,4;4;4;4;4;5;5;5;6;6;7;33;34,1;33;33;33;34;35,9;36;36;37,9;38;40,8;0,905924710496157;0,954131177263172;0,939309064124336;0,921832731045124;0,897489398107283;0,861746414918613;0,85063808496723;0,835655519262945;0,81260355107485;0,759075851700418;0,640077271347648;NA;NA
2023-09-16;"alle";6;6,5;6;6;6;6;7;7;7;8;9;10;42;43,2;42;42;42;43;44,8;45;45;48,8;47;50;NA;NA;NA;NA;NA;NA;NA;NA;NA;NA;NA;NA;NA
2023-09-15;"0-60";2;2;2;2;2;2;2;2;2;2;2;2;9;9;9;9;9;9;9;9;9;9;9;10,4;0,991662417401225;0,998273913011179;0,997117591501097;0,995571023181332;0,992603041821413;0,987921220101854;0,986284744385;0,984203832131177;0,980642355370622;0,973208907153839;0,965304361371192;NA;NA
2023-09-15;"60+";9;9,4;9;9;9;9;10;10;10;11;11;12;31;31,7;31;31;31;32;32,3;33;33;34;35;37;0,962523916552143;0,982159110913024;0,976186256407786;0,96898259169028;0,958436388171601;0,943051068630377;0,93737589761864;0,930163226639113;0,918798114393146;0,887311858430989;0,78612877384445;NA;NA
2023-09-15;"alle";11;11,4;11;11;11;11;12;12;12;13;13;14;40;40,7;40;40;40;41;43,3;42;42;45,3;44;46;NA;NA;NA;NA;NA;NA;NA;NA;NA;NA;NA;NA;NA
2023-09-14;"0-60";1;1;1;1;1;1;1;1;1;1;1;1;11;11;11;11;11;11;11;11;11;11;11;11;0,996471206722549;0,999451159597442;0,999002971760631;0,99832477654934;0,996984832751984;0,994534571334009;0,993593422484234;0,992385956693403;0,990557463054717;0,98702055887753;0,981257542874924;NA;NA
2023-09-14;"60+";2;2,1;2;2;2;2;2;2;2;2;3;3;26;26,3;26;26;26;26;27;27;27;28;29;35,7;0,973521363773836;0,988537906155757;0,984195558081344;0,97865142120988;0,969670889247309;0,955756777840916;0,950643426548377;0,942870015173654;0,929381768825466;0,874347805800869;0,664560035965625;NA;NA
2023-09-14;"alle";3;3,1;3;3;3;3;3;3;3;3;4;4;37;37,4;37;37;37;37;38;38;38;39;40;42;NA;NA;NA;NA;NA;NA;NA;NA;NA;NA;NA;NA;NA
2023-09-13;"0-60";3;3;3;3;3;3;3;3;3;3;3;3;13;13;13;13;13;13;13;13;13;13;13;13;0,998536099439493;0,999810895545329;0,999634051712852;0,999368719583176;0,998781587968695;0,997674680332296;0,997241408684332;0,996694705790213;0,995712914229845;0,993760401888775;0,991078282476239;NA;NA
2023-09-13;"60+";8;8,1;8;8;8;8;8;8;9;9;9;10;31;31,3;31;31;31;31;32;32;32;33;34;41,7;0,981657391793766;0,992016495641217;0,988933109935023;0,985326824115517;0,979564179336063;0,970760531892355;0,967845216172013;0,96424195853082;0,95807338621222;0,943853254792813;0,918334966438247;NA;NA
2023-09-13;"alle";11;11,2;11;11;11;11;11;11;12;12;12;13;44;44,3;44;44;44;44;45;45;45;46;47;50,4;NA;NA;NA;NA;NA;NA;NA;NA;NA;NA;NA;NA;NA
2023-09-12;"0-60";1;1;1;1;1;1;1;1;1;1;1;1;11;11;11;11;11;11;11;11;11;11;11;11;0,999494051129022;0,999953823953389;0,99990005847098;0,999808406471498;0,999595292016757;0,999148840462567;0,998976366095812;0,99873142247922;0,998318210499715;0,997346679634905;0,99587314022428;NA;NA
2023-09-12;"60+";10;10,1;10;10;10;10;10;10;10;11;11;11;32;32,2;32;32;32;32;33;33;33;34;35;42,8;0,989684376348594;0,995731124729885;0,9940682248036;0,991834186871268;0,988145513584324;0,982533685392907;0,98039924315232;0,977622737620744;0,973279653771393;0,961610937615457;0,9418402502456;NA;NA
2023-09-12;"alle";11;11,1;11;11;11;11;11;11;11;12;12;12;43;43,2;43;43;43;43;44;44;44;45;46;49,3;NA;NA;NA;NA;NA;NA;NA;NA;NA;NA;NA;NA;NA
2023-09-11;"0-60";0;0;0;0;0;0;0;0;0;0;0;0;12;12;12;12;12;12;12;12;12;12;12;12;0,999130848412951;0,999951557956509;0,999876712689487;0,999730530136304;0,999341356264747;0,998321369223575;0,997862017619593;0,997202767044956;0,995949273366063;0,993216813774917;0,989557740091645;NA;NA
2023-09-11;"60+";0;0;0;0;0;0;0;0;0;0;0;0;33;33,1;33;33;33;33;33,3;34;34;34;36;44,1;0,972818159702764;0,994012575819177;0,989062749535823;0,981257277647837;0,964920505463159;0,933835764318323;0,920717494900147;0,901970273912614;0,869414881081546;0,784352535868219;0,648360281911356;NA;NA
2023-09-11;"alle";0;0;0;0;0;0;0;0;0;0;0;0;45;45,1;45;45;45;45;45,3;46;46;46;48;51,5;NA;NA;NA;NA;NA;NA;NA;NA;NA;NA;NA;NA;NA
2023-09-10;"0-60";0;0;0;0;0;0;0;0;0;0;0;0;12;12;12;12;12;12;12;12;12;12;12;12;0,999754539322369;0,999993212198139;0,999978566184482;0,999941120938693;0,999822495437915;0,999465856200258;0,999280283668803;0,998992392914022;0,998435337431287;0,997161810276651;0,995066848524169;NA;NA
2023-09-10;"60+";0;0;0;0;0;0;0;0;0;0;0;0;33;33,1;33;33;33;33;33,3;34;34;34,9;36;44,1;0,988546852205758;0,998477072057146;0,996612837246164;0,993075148368317;0,984523965814397;0,965167467959129;0,956569791948787;0,94453860148631;0,922583333321483;0,862339444609348;0,756946729511842;NA;NA
2023-09-10;"alle";0;0;0;0;0;0;0;0;0;0;0;0;45;45,1;45;45;45;45;45,3;46;46;46;48;51,5;NA;NA;NA;NA;NA;NA;NA;NA;NA;NA;NA;NA;NA
2023-09-09;"0-60";2;2;2;2;2;2;2;2;2;2;2;2;12;12;12;12;12;12;12;12;12;12;12;12;0,999817541474193;0,999992444409186;0,99997993387744;0,999950677365222;0,999867893440162;0,999641725132739;0,999536225804951;0,999384106966436;0,999104121597147;0,998459540932124;0,997331557123223;NA;NA
2023-09-09;"60+";2;2;2;2;2;2;2;2;2;2;3;3;33;33,1;33;33;33;33;33,3;34;34;34,9;36;44,1;0,987972277645624;0,995719006274564;0,993223162910663;0,989681815859837;0,982824237325973;0,969274198757819;0,963103759140599;0,953432957817453;0,932380337165809;0,855973254211767;0,674924223371228;NA;NA
2023-09-09;"alle";4;4;4;4;4;4;4;4;4;4;5;5;45;45,1;45;45;45;45;45,3;46;46;46;48;57,9;NA;NA;NA;NA;NA;NA;NA;NA;NA;NA;NA;NA;NA
2023-09-08;"0-60";4;4;4;4;4;4;4;4;4;4;4;4;11;11;11;11;11;11;11;11;11;11;11;11;0,99995641010834;0,999998713773029;0,999996201981739;0,999989547413018;0,999968911077596;0,999907854554846;0,999879714582781;0,999831914551455;0,999743256029907;0,999496836596336;0,999094101197721;NA;NA
2023-09-08;"60+";4;4;4;4;4;4;4;4;4;4;5;5;41;41;41;41;41;41;41;41;42;43;45;55,6;0,99605809360399;0,998671204735335;0,997842643303506;0,996580647275962;0,993946038860888;0,987912909574195;0,985490569519946;0,980543889886062;0,968558589156664;0,918920224775593;0,79322966713237;NA;NA
2023-09-08;"alle";8;8;8;8;8;8;8;8;8;8;9;9;52;52;52;52;52;52;52;52;53;53;56;68,2;NA;NA;NA;NA;NA;NA;NA;NA;NA;NA;NA;NA;NA
2023-09-07;"0-60";3;3;3;3;3;3;3;3;3;3;3;3;9;9;9;9;9;9;9;9;9;9;9;9;0,999981617413539;0,999999615727897;0,999998668115962;0,999996163275723;0,999987741718977;0,999958737266767;0,999943277894022;0,999920201089725;0,999874320639519;0,999748749073272;0,999533621541311;NA;NA
2023-09-07;"60+";7;7;7;7;7;7;7;7;7;7;8;11;45;45;45;45;45;45;45;45;46;47;49;60;0,997805249018766;0,999336909755954;0,998844133757363;0,998058840308431;0,996270442510997;0,991263956259856;0,988714234500732;0,983736960515261;0,966770514182679;0,891949976736379;0,640938979607063;NA;NA
2023-09-07;"alle";10;10;10;10;10;10;10;10;10;10;11;14;54;54;54;54;54;54;54;54;55;55;58;70,4;NA;NA;NA;NA;NA;NA;NA;NA;NA;NA;NA;NA;NA
2023-09-06;"0-60";1;1;1;1;1;1;1;1;1;1;1;1;6;6;6;6;6;6;6;6;6;6;6;6;0,999992385846667;0,999999870763827;0,999999547516606;0,999998584016509;0,999994854118371;0,999981918909594;0,999974996348696;0,9999636204037;0,999942797919875;0,999879266120521;0,999764416012722;NA;NA
2023-09-06;"60+";9;9;9;9;9;9;9;9;9;9;10;10;43;43;43;43;43;43;43;43;43;45;46;55,6;0,998861415383514;0,999698477730013;0,999481775041843;0,999104006459684;0,998303249798965;0,996228455454513;0,995191429721143;0,993412319624669;0,989598012963772;0,973412935720142;0,93574924481145;NA;NA
2023-09-06;"alle";10;10;10;10;10;10;10;10;10;10;11;11;49;49;49;49;49;49;49;49;49;50;52;62,6;NA;NA;NA;NA;NA;NA;NA;NA;NA;NA;NA;NA;NA
2023-09-05;"0-60";2;2;2;2;2;2;2;2;2;2;2;2;5;5;5;5;5;5;5;5;5;5;5;5;0,999997370301891;0,999999969554386;0,999999875948867;0,999999575596546;0,999998334554494;0,99999338484091;0,999990699517745;0,999986005043132;0,99997684261765;0,99994694683618;0,999893196665889;NA;NA
2023-09-05;"60+";11;11;11;11;11;11;11;11;11;11;11;12;39;39;39;39;39;39;39;39;39;41;42;51;0,999548272835916;0,999910390744149;0,999819595278034;0,999669500673569;0,999280242036086;0,998191328141502;0,997588839731799;0,996628846081002;0,994029240716377;0,9821743598907;0,95358414603638;NA;NA
2023-09-05;"alle";13;13;13;13;13;13;13;13;13;13;13;14;44;44;44;44;44;44;44;44;44;45;47;56,8;NA;NA;NA;NA;NA;NA;NA;NA;NA;NA;NA;NA;NA
2023-09-04;"0-60";0;0;0;0;0;0;0;0;0;0;0;0;3;3;3;3;3;3;3;3;3;3;3;3;0,999995481314549;0,999999963447722;0,999999831331863;0,999999390239442;0,99999724083719;0,999987740356745;0,999982257311826;0,999971621792375;0,99994985443792;0,999879999482555;0,999734749816552;NA;NA
2023-09-04;"60+";0;0;0;0;0;0;0;0;0;0;0;0;34;34;34;34;34;34;34;34;34;34;37;45,4;0,999213527379521;0,999897081818362;0,999741167105147;0,999394087758586;0,998249034695361;0,993722110466181;0,990660511408612;0,984533166299617;0,965585138208768;0,875628495392862;0,67461230000343;NA;NA
2023-09-04;"alle";0;0;0;0;0;0;0;0;0;0;0;0;37;37;37;37;37;37;37;37;37;37;40;48,8;NA;NA;NA;NA;NA;NA;NA;NA;NA;NA;NA;NA;NA
2023-09-03;"0-60";0;0;0;0;0;0;0;0;0;0;0;0;3;3;3;3;3;3;3;3;3;3;3;3;0,999998724454105;0,999999994294805;0,999999969394443;0,999999862494461;0,999999251203373;0,999996198660118;0,999994217852588;0,999989951568067;0,999981189600825;0,999953775471294;0,999884231089208;NA;NA
2023-09-03;"60+";0;0;0;0;0;0;0;0;0;0;0;0;34;34;34;34;34;34;34;34;34;34;37;45,4;0,999808365147283;0,999987073681185;0,999954527423203;0,99986459776771;0,999512123575678;0,997714166361695;0,996512055053798;0,993747697359558;0,985687974177617;0,941999375563338;0,828105099775312;NA;NA
2023-09-03;"alle";0;0;0;0;0;0;0;0;0;0;0;0;37;37;37;37;37;37;37;37;37;37;40;48,8;NA;NA;NA;NA;NA;NA;NA;NA;NA;NA;NA;NA;NA
2023-09-02;"0-60";1;1;1;1;1;1;1;1;1;1;1;1;3;3;3;3;3;3;3;3;3;3;3;3;0,999999051892553;0,999999995105784;0,999999974867536;0,999999893216557;0,999999449892188;0,999997091642524;0,999995775399818;0,999992965745918;0,999987654781025;0,99996883366706;0,999930230760598;NA;NA
2023-09-02;"60+";10;10;10;10;10;10;10;10;10;10;11;15;34;34;34;34;34;34;34;34;34;34;37;45,4;0,999898665910443;0,999990919038647;0,999971206443881;0,9999118612913;0,99964535857651;0,998041020391925;0,996667773713561;0,99340707728101;0,979794932738626;0,896869829100874;0,681467347969659;NA;NA
2023-09-02;"alle";11;11;11;11;11;11;11;11;11;11;12;16;37;37;37;37;37;37;37;37;37;37;40;48,8;NA;NA;NA;NA;NA;NA;NA;NA;NA;NA;NA;NA;NA
2023-09-01;"0-60";2;2;2;2;2;2;2;2;2;2;2;2;4;4;4;4;4;4;4;4;4;4;4;4;0,999999773517957;0,99999999913323;0,999999995396893;0,999999976894767;0,999999872355484;0,999999270417065;0,999998874069055;0,999998111211388;0,999996427289799;0,999989906248629;0,9999759466348;NA;NA
2023-09-01;"60+";8;8;8;8;8;8;8;8;8;8;9;10;24;24;24;24;24;24;24;24;24;24;25;29,6;0,999986201227663;0,999999207486861;0,999996970905573;0,999987019634923;0,9999267842752;0,999388891680857;0,998877567386615;0,997503757648355;0,99151531456823;0,945230853560408;0,793691428531111;NA;NA
2023-09-01;"alle";10;10;10;10;10;10;10;10;10;10;11;12;28;28;28;28;28;28;28;28;28;28;29;34,2;NA;NA;NA;NA;NA;NA;NA;NA;NA;NA;NA;NA;NA
2023-08-31;"0-60";0;0;0;0;0;0;0;0;0;0;0;0;2;2;2;2;2;2;2;2;2;2;2;2;0,99999990449061;0,999999999748041;0,999999998373114;0,999999991600066;0,999999949120387;0,999999678858901;0,999999481829604;0,999999092431525;0,999998279747088;0,999995046582336;0,999987380206766;NA;NA
2023-08-31;"60+";5;5;5;5;5;5;5;5;5;5;6;8;22;22;22;22;22;22;22;22;22;22;23;27,4;0,999997409595619;0,999999897892201;0,999999493049171;0,999997099653633;0,999974193335458;0,99962713086455;0,999194139920328;0,997631313262996;0,990467410262246;0,916911095371795;0,643340450733309;NA;NA
2023-08-31;"alle";5;5;5;5;5;5;5;5;5;5;6;8;24;24;24;24;24;24;24;24;24;24;25;29,6;NA;NA;NA;NA;NA;NA;NA;NA;NA;NA;NA;NA;NA
2023-08-30;"0-60";0;0;0;0;0;0;0;0;0;0;0;0;2;2;2;2;2;2;2;2;2;2;2;2;0,999999960440152;0,999999999916388;0,999999999460814;0,999999996876721;0,999999978775441;0,999999855113529;0,999999772558485;0,999999589735606;0,999999193009282;0,999997537679665;0,999993697432353;NA;NA
2023-08-30;"60+";5;5;5;5;5;5;5;5;5;5;5;5;19;19;19;19;19;19;19;19;19;19;19;21,8;0,999999623297161;0,999999998207573;0,999999983216125;0,999999855738947;0,99999814445025;0,999966211163691;0,999926469732966;0,999820873285535;0,999473006151106;0,996625781602469;0,983491360008769;NA;NA
2023-08-30;"alle";5;5;5;5;5;5;5;5;5;5;5;5;21;21;21;21;21;21;21;21;21;21;21;24;NA;NA;NA;NA;NA;NA;NA;NA;NA;NA;NA;NA;NA
2023-08-29;"0-60";0;0;0;0;0;0;0;0;0;0;0;0;5;5;5;5;5;5;5;5;5;5;5;5;0,999999986337287;0,999999999980523;0,999999999851732;0,999999999059205;0,999999993146956;0,999999947061392;0,999999913242262;0,999999840048358;0,999999674549552;0,999998912201878;0,999996951815752;NA;NA
2023-08-29;"60+";6;6;6;6;6;6;6;6;6;6;6;6;27;27;27;27;27;27;27;27;27;27;27;31;0,999999962245379;0,999999999802156;0,999999997944304;0,999999974467128;0,999999525648003;0,9999887504835;0,999973048615634;0,999932108829778;0,999752021114803;0,99830083719774;0,991489642065071;NA;NA
2023-08-29;"alle";6;6;6;6;6;6;6;6;6;6;6;6;32;32;32;32;32;32;32;32;32;32;32;36;NA;NA;NA;NA;NA;NA;NA;NA;NA;NA;NA;NA;NA
2023-08-28;"0-60";0;0;0;0;0;0;0;0;0;0;0;0;9;9;9;9;9;9;9;9;9;9;9;9;0,999999976522958;0,999999999974772;0,99999999978871;0,999999998582167;0,9999999884866;0,99999990323293;0,999999834547881;0,999999697421761;0,999999302522129;0,999997726863791;0,999992835777659;NA;NA
2023-08-28;"60+";0;0;0;0;0;0;0;0;0;0;0;0;30;30;30;30;30;30;30;30;30;30;30;32;0,999999983639377;0,999999999905358;0,999999998373625;0,999999971366715;0,999999014093184;0,999934058637097;0,999811521230215;0,999267153582704;0,995776837284881;0,953431065573257;0,815555434537896;NA;NA
2023-08-28;"alle";0;0;0;0;0;0;0;0;0;0;0;0;39;39;39;39;39;39;39;39;39;39;39;41;NA;NA;NA;NA;NA;NA;NA;NA;NA;NA;NA;NA;NA
2023-08-27;"0-60";0;0;0;0;0;0;0;0;0;0;0;0;9;9;9;9;9;9;9;9;9;9;9;9;0,999999993372952;0,999999999995906;0,999999999960861;0,999999999691321;0,999999996812748;0,999999970063827;0,999999947813921;0,999999898217918;0,999999757411329;0,999999135294745;0,999997136742642;NA;NA
2023-08-27;"60+";0;0;0;0;0;0;0;0;0;0;0;0;31;31;31;31;31;31;31;31;31;31;31;33;0,999999998934897;0,999999999997194;0,999999999917617;0,99999999806182;0,999999886556;0,999987764052065;0,999959465895949;0,999823492025261;0,998956912714641;0,987882357041449;0,948110945629308;NA;NA
2023-08-27;"alle";0;0;0;0;0;0;0;0;0;0;0;0;40;40;40;40;40;40;40;40;40;40;40;42;NA;NA;NA;NA;NA;NA;NA;NA;NA;NA;NA;NA;NA
2023-08-26;"0-60";2;2;2;2;2;2;2;2;2;2;2;2;9;9;9;9;9;9;9;9;9;9;9;9;0,999999995074151;0,999999999996802;0,999999999969654;0,999999999762364;0,999999997722395;0,999999976872549;0,999999960512689;0,999999920418484;0,999999826104752;0,999999367209059;0,999998180396735;NA;NA
2023-08-26;"60+";0;0;0;0;0;0;0;0;0;0;0;0;32;32;32;32;32;32;32;32;32;32;32;34;0,999999999824077;0,999999999999628;0,999999999983214;0,999999999453485;0,999999958136053;0,999992137803064;0,999965712051222;0,999786741797326;0,998470181900457;0,970534180873731;0,854364882501447;NA;NA
2023-08-26;"alle";2;2;2;2;2;2;2;2;2;2;2;2;41;41;41;41;41;41;41;41;41;41;41;43;NA;NA;NA;NA;NA;NA;NA;NA;NA;NA;NA;NA;NA
2023-08-25;"0-60";0;0;0;0;0;0;0;0;0;0;0;0;8;8;8;8;8;8;8;8;8;8;8;8;0,999999998823372;0,999999999999462;0,99999999999445;0,99999999995056;0,999999999472572;0,999999994068027;0,999999989404423;0,999999978720986;0,999999948766465;0,999999788424463;0,999999352764292;NA;NA
2023-08-25;"60+";6;6;6;6;6;6;6;6;6;6;6;7;39;39;39;39;39;39;39;39;39;39;39;41,8;0,999999999990437;0,99999999999999;0,999999999999161;0,999999999962552;0,999999995470669;0,999998707061843;0,999993415830403;0,999953307757459;0,999514053452235;0,988872614864835;0,90762134709492;NA;NA
2023-08-25;"alle";6;6;6;6;6;6;6;6;6;6;6;7;47;47;47;47;47;47;47;47;47;47;47;50;NA;NA;NA;NA;NA;NA;NA;NA;NA;NA;NA;NA;NA
2023-08-24;"0-60";0;0;0;0;0;0;0;0;0;0;0;0;8;8;8;8;8;8;8;8;8;8;8;8;0,999999999503806;0,999999999999831;0,999999999998044;0,999999999981496;0,999999999788866;0,999999997428339;0,99999999510194;0,999999989728581;0,999999975923167;0,999999898965733;0,999999632535167;NA;NA
2023-08-24;"60+";2;2;2;2;2;2;2;2;2;2;2;3;43;43;43;43;43;43;43;43;43;43;43;46;0,999999999998596;0,999999999999999;0,999999999999914;0,999999999994752;0,999999999109608;0,999999472234894;0,999996899177482;0,999968422874461;0,999313062733957;0,970009461151406;0,695220853620303;NA;NA
2023-08-24;"alle";2;2;2;2;2;2;2;2;2;2;2;3;51;51;51;51;51;51;51;51;51;51;51;54;NA;NA;NA;NA;NA;NA;NA;NA;NA;NA;NA;NA;NA
2023-08-23;"0-60";3;3;3;3;3;3;3;3;3;3;3;3;8;8;8;8;8;8;8;8;8;8;8;8;0,99999999979465;0,999999999999948;0,999999999999346;0,999999999993162;0,999999999912188;0,999999998834656;0,999999997875808;0,999999995480523;0,999999988247001;0,999999947281413;0,999999822157855;NA;NA
2023-08-23;"60+";13;13;13;13;13;13;13;13;13;13;13;13;44;44;44;44;44;44;44;44;44;44;44;47;0,999999999999896;1;0,999999999999999;0,999999999999925;0,999999999991597;0,999999998944965;0,999999996614976;0,999999986569768;0,999999918924954;0,999999147382841;0,999993022810141;NA;NA
2023-08-23;"alle";16;16;16;16;16;16;16;16;16;16;16;16;52;52;52;52;52;52;52;52;52;52;52;55;NA;NA;NA;NA;NA;NA;NA;NA;NA;NA;NA;NA;NA
2023-08-22;"0-60";4;4;4;4;4;4;4;4;4;4;4;4;7;7;7;7;7;7;7;7;7;7;7;7;0,999999999929114;0,999999999999987;0,999999999999817;0,999999999997978;0,999999999971821;0,999999999572768;0,999999999201472;0,999999998197791;0,999999995414323;0,99999997763681;0,999999915409604;NA;NA
2023-08-22;"60+";9;9;9;9;9;9;9;9;9;9;9;9;35;35;35;35;35;35;35;35;35;35;35;37,5;0,999999999999998;1;1;0,999999999999986;0,999999999997326;0,999999999279261;0,999999996485205;0,999999977934214;0,999999815380628;0,999997238872822;0,999980461873068;NA;NA
2023-08-22;"alle";13;13;13;13;13;13;13;13;13;13;13;13;42;42;42;42;42;42;42;42;42;42;42;45;NA;NA;NA;NA;NA;NA;NA;NA;NA;NA;NA;NA;NA
2023-08-21;"0-60";0;0;0;0;0;0;0;0;0;0;0;0;4;4;4;4;4;4;4;4;4;4;4;4;0,999999999881101;0,999999999999984;0,999999999999746;0,999999999996981;0,999999999954686;0,999999999238057;0,999999998557876;0,999999996721816;0,999999990863663;0,999999954298868;0,999999811145045;NA;NA
2023-08-21;"60+";1;1;1;1;1;1;1;1;1;1;1;1;37;37;37;37;37;37;37;37;37;37;37;39,7;0,999999999999872;1;1;0,999999999999993;0,999999999997955;0,999999997005852;0,999999964319857;0,999999173122635;0,999944407639685;0,992070100408335;0,895486007958317;NA;NA
2023-08-21;"alle";1;1;1;1;1;1;1;1;1;1;1;1;41;41;41;41;41;41;41;41;41;41;41;44;NA;NA;NA;NA;NA;NA;NA;NA;NA;NA;NA;NA;NA
2023-08-20;"0-60";0;0;0;0;0;0;0;0;0;0;0;0;4;4;4;4;4;4;4;4;4;4;4;4;0,999999999967237;0,999999999999998;0,999999999999955;0,999999999999347;0,999999999987272;0,999999999782942;0,999999999563763;0,999999998926394;0,999999996831379;0,999999983917651;0,999999921029508;NA;NA
2023-08-20;"60+";1;1;1;1;1;1;1;1;1;1;1;1;36;36;36;36;36;36;36;36;36;36;36;38,6;0,999999999999998;1;1;1;0,999999999999921;0,999999999743627;0,999999996135274;0,999999866128139;0,999986999765353;0,998500841264788;0,977684717887639;NA;NA
2023-08-20;"alle";1;1;1;1;1;1;1;1;1;1;1;1;40;40;40;40;40;40;40;40;40;40;40;42,9;NA;NA;NA;NA;NA;NA;NA;NA;NA;NA;NA;NA;NA
2023-08-19;"0-60";1;1;1;1;1;1;1;1;1;1;1;1;4;4;4;4;4;4;4;4;4;4;4;4;0,999999999976301;0,999999999999998;0,999999999999966;0,999999999999509;0,999999999991119;0,999999999829317;0,999999999655613;0,999999999162916;0,999999997664572;0,999999987625664;0,999999950482819;NA;NA
2023-08-19;"60+";7;7;7;7;7;7;7;7;7;7;7;8;36;36;36;36;36;36;36;36;36;36;36;38,6;0,999999999999844;1;1;1;0,99999999999999;0,999999999805381;0,999999991761258;0,999999421897496;0,999922475102118;0,991620839553292;0,88973839732867;NA;NA
2023-08-19;"alle";8;8;8;8;8;8;8;8;8;8;8;9;40;40;40;40;40;40;40;40;40;40;40;42,9;NA;NA;NA;NA;NA;NA;NA;NA;NA;NA;NA;NA;NA
2023-08-18;"0-60";0;0;0;0;0;0;0;0;0;0;0;0;3;3;3;3;3;3;3;3;3;3;3;3;0,999999999994525;1;0,999999999999994;0,999999999999901;0,999999999998043;0,999999999956419;0,999999999910941;0,999999999783816;0,999999999354809;0,999999996108025;0,999999983598219;NA;NA
2023-08-18;"60+";10;10;10;10;10;10;10;10;10;10;10;11;29;29;29;29;29;29;29;29;29;29;29;31;0,99999999999989;1;1;1;1;0,999999999934937;0,999999995515842;0,999999619541071;0,999943095744354;0,993537866292692;0,913756748214741;NA;NA
2023-08-18;"alle";10;10;10;10;10;10;10;10;10;10;10;11;32;32;32;32;32;32;32;32;32;32;32;34;NA;NA;NA;NA;NA;NA;NA;NA;NA;NA;NA;NA;NA
2023-08-17;"0-60";0;0;0;0;0;0;0;0;0;0;0;0;4;4;4;4;4;4;4;4;4;4;4;4;0,999999999997746;1;0,999999999999998;0,999999999999963;0,999999999999233;0,999999999982186;0,999999999961098;0,99999999990102;0,999999999702593;0,999999998193628;0,99999999143954;NA;NA
2023-08-17;"60+";3;3;3;3;3;3;3;3;3;3;3;4;23;23;23;23;23;23;23;23;23;23;23;24;0,999999999999499;1;1;1;1;0,999999999857151;0,999999983358553;0,999998223630219;0,999744494417675;0,970809296551097;0,689320060987522;NA;NA
2023-08-17;"alle";3;3;3;3;3;3;3;3;3;3;3;4;27;27;27;27;27;27;27;27;27;27;27;28;NA;NA;NA;NA;NA;NA;NA;NA;NA;NA;NA;NA;NA
2023-08-16;"0-60";2;2;2;2;2;2;2;2;2;2;2;2;4;4;4;4;4;4;4;4;4;4;4;4;0,999999999999264;1;0,999999999999999;0,999999999999988;0,999999999999719;0,999999999993086;0,999999999985585;0,999999999963489;0,999999999883073;0,999999999285041;0,999999996791272;NA;NA
2023-08-16;"60+";4;4;4;4;4;4;4;4;4;4;4;4;20;20;20;20;20;20;20;20;20;20;20;20;0,999999999999999;1;1;1;1;0,99999999999996;0,999999999999541;0,99999999999329;0,999999999826234;0,999999994860298;0,99999992539821;NA;NA
2023-08-16;"alle";6;6;6;6;6;6;6;6;6;6;6;6;24;24;24;24;24;24;24;24;24;24;24;24;NA;NA;NA;NA;NA;NA;NA;NA;NA;NA;NA;NA;NA
2023-08-15;"0-60";1;1;1;1;1;1;1;1;1;1;1;1;4;4;4;4;4;4;4;4;4;4;4;4;0,999999999999786;1;1;0,999999999999997;0,999999999999911;0,999999999997538;0,999999999994554;0,999999999985809;0,999999999954446;0,999999999700518;0,999999998537528;NA;NA
2023-08-15;"60+";11;11;11;11;11;11;11;11;11;11;11;11;21;21;21;21;21;21;21;21;21;21;21;21;0,999999999999999;1;1;1;1;0,999999999999725;0,999999999989209;0,999999999557317;0,999999973890465;0,999998838498418;0,999986283812139;NA;NA
2023-08-15;"alle";12;12;12;12;12;12;12;12;12;12;12;12;25;25;25;25;25;25;25;25;25;25;25;25;NA;NA;NA;NA;NA;NA;NA;NA;NA;NA;NA;NA;NA
2023-08-14;"0-60";0;0;0;0;0;0;0;0;0;0;0;0;4;4;4;4;4;4;4;4;4;4;4;4;0,999999999999642;1;1;0,999999999999995;0,999999999999853;0,999999999995662;0,999999999990533;0,999999999973998;0,999999999913369;0,999999999385098;0,999999996885133;NA;NA
2023-08-14;"60+";0;0;0;0;0;0;0;0;0;0;0;0;20;20;20;20;20;20;20;20;20;20;20;20;0,999999999999876;1;1;1;1;0,999999999961321;0,999999996590282;0,999999593858237;0,99994979307516;0,991992396971944;0,899708665424544;NA;NA
2023-08-14;"alle";0;0;0;0;0;0;0;0;0;0;0;0;24;24;24;24;24;24;24;24;24;24;24;24;NA;NA;NA;NA;NA;NA;NA;NA;NA;NA;NA;NA;NA
2023-08-13;"0-60";0;0;0;0;0;0;0;0;0;0;0;0;5;5;5;5;5;5;5;5;5;5;5;5;0,999999999999901;1;1;0,999999999999999;0,999999999999966;0,999999999998953;0,999999999997519;0,999999999992907;0,999999999974775;0,999999999808166;0,999999998922124;NA;NA
2023-08-13;"60+";1;1;1;1;1;1;1;1;1;1;1;1;20;20;20;20;20;20;20;20;20;20;20;20;1;1;1;1;1;0,999999999990867;0,99999999913822;0,999999898056853;0,999987204690238;0,998483291802259;0,97641483404407;NA;NA
2023-08-13;"alle";1;1;1;1;1;1;1;1;1;1;1;1;25;25;25;25;25;25;25;25;25;25;25;25;NA;NA;NA;NA;NA;NA;NA;NA;NA;NA;NA;NA;NA
2023-08-12;"0-60";0;0;0;0;0;0;0;0;0;0;0;0;5;5;5;5;5;5;5;5;5;5;5;5;1;1;1;0,999999999999999;0,999999999999978;0,999999999999249;0,999999999998287;0,999999999995236;0,999999999983904;0,999999999881044;0,999999999425874;0;5
2023-08-12;"60+";0;0;0;0;0;0;0;0;0;0;0;0;19;19;19;19;19;19;19;19;19;19;19;19;0,999999999999849;1;1;1;1;0,999999999961671;0,999999995135464;0,999999475743642;0,999923831435869;0,991720499346639;0,897471743505996;0;19
2023-08-12;"alle";0;0;0;0;0;0;0;0;0;0;0;0;24;24;24;24;24;24;24;24;24;24;24;24;NA;NA;NA;NA;NA;NA;NA;NA;NA;NA;NA;0;24
2023-08-11;"0-60";1;1;1;1;1;1;1;1;1;1;1;1;5;5;5;5;5;5;5;5;5;5;5;5;1;1;1;1;1;1;1;1;1;1;1;1;5
2023-08-11;"60+";4;4;4;4;4;4;4;4;4;4;4;4;21;21;21;21;21;21;21;21;21;21;21;21;1;1;1;1;1;1;1;1;1;1;1;4;21
2023-08-11;"alle";5;5;5;5;5;5;5;5;5;5;5;5;26;26;26;26;26;26;26;26;26;26;26;26;1;1;1;1;1;1;1;1;1;1;1;5;26
2023-08-10;"0-60";0;0;0;0;0;0;0;0;0;0;0;0;4;4;4;4;4;4;4;4;4;4;4;4;1;1;1;1;1;1;1;1;1;1;1;0;4
2023-08-10;"60+";0;0;0;0;0;0;0;0;0;0;0;0;17;17;17;17;17;17;17;17;17;17;17;17;1;1;1;1;1;1;1;1;1;1;1;0;17
2023-08-10;"alle";0;0;0;0;0;0;0;0;0;0;0;0;21;21;21;21;21;21;21;21;21;21;21;21;1;1;1;1;1;1;1;1;1;1;1;0;21
2023-08-09;"0-60";2;2;2;2;2;2;2;2;2;2;2;2;4;4;4;4;4;4;4;4;4;4;4;4;1;1;1;1;1;1;1;1;1;1;1;2;4
2023-08-09;"60+";5;5;5;5;5;5;5;5;5;5;5;5;20;20;20;20;20;20;20;20;20;20;20;20;1;1;1;1;1;1;1;1;1;1;1;5;20
2023-08-09;"alle";7;7;7;7;7;7;7;7;7;7;7;7;24;24;24;24;24;24;24;24;24;24;24;24;1;1;1;1;1;1;1;1;1;1;1;7;24
2023-08-08;"0-60";1;1;1;1;1;1;1;1;1;1;1;1;4;4;4;4;4;4;4;4;4;4;4;4;1;1;1;1;1;1;1;1;1;1;1;1;4
2023-08-08;"60+";10;10;10;10;10;10;10;10;10;10;10;10;16;16;16;16;16;16;16;16;16;16;16;16;1;1;1;1;1;1;1;1;1;1;1;10;16
2023-08-08;"alle";11;11;11;11;11;11;11;11;11;11;11;11;20;20;20;20;20;20;20;20;20;20;20;20;1;1;1;1;1;1;1;1;1;1;1;11;20
2023-08-07;"0-60";1;1;1;1;1;1;1;1;1;1;1;1;6;6;6;6;6;6;6;6;6;6;6;6;1;1;1;1;1;1;1;1;1;1;1;1;6
2023-08-07;"60+";0;0;0;0;0;0;0;0;0;0;0;0;9;9;9;9;9;9;9;9;9;9;9;9;1;1;1;1;1;1;1;1;1;1;1;0;9
2023-08-07;"alle";1;1;1;1;1;1;1;1;1;1;1;1;15;15;15;15;15;15;15;15;15;15;15;15;1;1;1;1;1;1;1;1;1;1;1;1;15
2023-08-06;"0-60";0;0;0;0;0;0;0;0;0;0;0;0;5;5;5;5;5;5;5;5;5;5;5;5;1;1;1;1;1;1;1;1;1;1;1;0;5
2023-08-06;"60+";0;0;0;0;0;0;0;0;0;0;0;0;10;10;10;10;10;10;10;10;10;10;10;10;1;1;1;1;1;1;1;1;1;1;1;0;10
2023-08-06;"alle";0;0;0;0;0;0;0;0;0;0;0;0;15;15;15;15;15;15;15;15;15;15;15;15;1;1;1;1;1;1;1;1;1;1;1;0;15
2023-08-05;"0-60";0;0;0;0;0;0;0;0;0;0;0;0;5;5;5;5;5;5;5;5;5;5;5;5;1;1;1;1;1;1;1;1;1;1;1;0;5
2023-08-05;"60+";2;2;2;2;2;2;2;2;2;2;2;2;10;10;10;10;10;10;10;10;10;10;10;10;1;1;1;1;1;1;1;1;1;1;1;2;10
2023-08-05;"alle";2;2;2;2;2;2;2;2;2;2;2;2;15;15;15;15;15;15;15;15;15;15;15;15;1;1;1;1;1;1;1;1;1;1;1;2;15
2023-08-04;"0-60";0;0;0;0;0;0;0;0;0;0;0;0;5;5;5;5;5;5;5;5;5;5;5;5;1;1;1;1;1;1;1;1;1;1;1;0;5
2023-08-04;"60+";0;0;0;0;0;0;0;0;0;0;0;0;8;8;8;8;8;8;8;8;8;8;8;8;1;1;1;1;1;1;1;1;1;1;1;0;8
2023-08-04;"alle";0;0;0;0;0;0;0;0;0;0;0;0;13;13;13;13;13;13;13;13;13;13;13;13;1;1;1;1;1;1;1;1;1;1;1;0;13
2023-08-03;"0-60";0;0;0;0;0;0;0;0;0;0;0;0;5;5;5;5;5;5;5;5;5;5;5;5;1;1;1;1;1;1;1;1;1;1;1;0;5
2023-08-03;"60+";3;3;3;3;3;3;3;3;3;3;3;3;15;15;15;15;15;15;15;15;15;15;15;15;1;1;1;1;1;1;1;1;1;1;1;3;15
2023-08-03;"alle";3;3;3;3;3;3;3;3;3;3;3;3;20;20;20;20;20;20;20;20;20;20;20;20;1;1;1;1;1;1;1;1;1;1;1;3;20
2023-08-02;"0-60";2;2;2;2;2;2;2;2;2;2;2;2;5;5;5;5;5;5;5;5;5;5;5;5;1;1;1;1;1;1;1;1;1;1;1;2;5
2023-08-02;"60+";1;1;1;1;1;1;1;1;1;1;1;1;22;22;22;22;22;22;22;22;22;22;22;22;1;1;1;1;1;1;1;1;1;1;1;1;22
2023-08-02;"alle";3;3;3;3;3;3;3;3;3;3;3;3;27;27;27;27;27;27;27;27;27;27;27;27;1;1;1;1;1;1;1;1;1;1;1;3;27
2023-08-01;"0-60";3;3;3;3;3;3;3;3;3;3;3;3;3;3;3;3;3;3;3;3;3;3;3;3;1;1;1;1;1;1;1;1;1;1;1;3;3
2023-08-01;"60+";3;3;3;3;3;3;3;3;3;3;3;3;25;25;25;25;25;25;25;25;25;25;25;25;1;1;1;1;1;1;1;1;1;1;1;3;25
2023-08-01;"alle";6;6;6;6;6;6;6;6;6;6;6;6;28;28;28;28;28;28;28;28;28;28;28;28;1;1;1;1;1;1;1;1;1;1;1;6;28
2023-07-31;"0-60";0;0;0;0;0;0;0;0;0;0;0;0;0;0;0;0;0;0;0;0;0;0;0;0;1;1;1;1;1;1;1;1;1;1;1;0;0
2023-07-31;"60+";1;1;1;1;1;1;1;1;1;1;1;1;24;24;24;24;24;24;24;24;24;24;24;24;1;1;1;1;1;1;1;1;1;1;1;1;24
2023-07-31;"alle";1;1;1;1;1;1;1;1;1;1;1;1;24;24;24;24;24;24;24;24;24;24;24;24;1;1;1;1;1;1;1;1;1;1;1;1;24
2023-07-30;"0-60";0;0;0;0;0;0;0;0;0;0;0;0;0;0;0;0;0;0;0;0;0;0;0;0;1;1;1;1;1;1;1;1;1;1;1;0;0
2023-07-30;"60+";0;0;0;0;0;0;0;0;0;0;0;0;23;23;23;23;23;23;23;23;23;23;23;23;1;1;1;1;1;1;1;1;1;1;1;0;23
2023-07-30;"alle";0;0;0;0;0;0;0;0;0;0;0;0;23;23;23;23;23;23;23;23;23;23;23;23;1;1;1;1;1;1;1;1;1;1;1;0;23
2023-07-29;"0-60";0;0;0;0;0;0;0;0;0;0;0;0;0;0;0;0;0;0;0;0;0;0;0;0;1;1;1;1;1;1;1;1;1;1;1;0;0
2023-07-29;"60+";0;0;0;0;0;0;0;0;0;0;0;0;24;24;24;24;24;24;24;24;24;24;24;24;1;1;1;1;1;1;1;1;1;1;1;0;24
2023-07-29;"alle";0;0;0;0;0;0;0;0;0;0;0;0;24;24;24;24;24;24;24;24;24;24;24;24;1;1;1;1;1;1;1;1;1;1;1;0;24
2023-07-28;"0-60";0;0;0;0;0;0;0;0;0;0;0;0;0;0;0;0;0;0;0;0;0;0;0;0;1;1;1;1;1;1;1;1;1;1;1;0;0
2023-07-28;"60+";7;7;7;7;7;7;7;7;7;7;7;7;25;25;25;25;25;25;25;25;25;25;25;25;1;1;1;1;1;1;1;1;1;1;1;7;25
2023-07-28;"alle";7;7;7;7;7;7;7;7;7;7;7;7;25;25;25;25;25;25;25;25;25;25;25;25;1;1;1;1;1;1;1;1;1;1;1;7;25
2023-07-27;"0-60";0;0;0;0;0;0;0;0;0;0;0;0;0;0;0;0;0;0;0;0;0;0;0;0;1;1;1;1;1;1;1;1;1;1;1;0;0
2023-07-27;"60+";10;10;10;10;10;10;10;10;10;10;10;10;19;19;19;19;19;19;19;19;19;19;19;19;1;1;1;1;1;1;1;1;1;1;1;10;19
2023-07-27;"alle";10;10;10;10;10;10;10;10;10;10;10;10;19;19;19;19;19;19;19;19;19;19;19;19;1;1;1;1;1;1;1;1;1;1;1;10;19
2023-07-26;"0-60";0;0;0;0;0;0;0;0;0;0;0;0;0;0;0;0;0;0;0;0;0;0;0;0;1;1;1;1;1;1;1;1;1;1;1;0;0
2023-07-26;"60+";4;4;4;4;4;4;4;4;4;4;4;4;10;10;10;10;10;10;10;10;10;10;10;10;1;1;1;1;1;1;1;1;1;1;1;4;10
2023-07-26;"alle";4;4;4;4;4;4;4;4;4;4;4;4;10;10;10;10;10;10;10;10;10;10;10;10;1;1;1;1;1;1;1;1;1;1;1;4;10
2023-07-25;"0-60";0;0;0;0;0;0;0;0;0;0;0;0;0;0;0;0;0;0;0;0;0;0;0;0;1;1;1;1;1;1;1;1;1;1;1;0;0
2023-07-25;"60+";2;2;2;2;2;2;2;2;2;2;2;2;10;10;10;10;10;10;10;10;10;10;10;10;1;1;1;1;1;1;1;1;1;1;1;2;10
2023-07-25;"alle";2;2;2;2;2;2;2;2;2;2;2;2;10;10;10;10;10;10;10;10;10;10;10;10;NA;NA;NA;NA;NA;NA;NA;NA;NA;NA;NA;2;10
2023-07-24;"0-60";0;0;0;0;0;0;0;0;0;0;0;0;0;0;0;0;0;0;0;0;0;0;0;0;1;1;1;1;1;1;1;1;1;1;1;0;0
2023-07-24;"60+";0;0;0;0;0;0;0;0;0;0;0;0;11;11;11;11;11;11;11;11;11;11;11;11;1;1;1;1;1;1;1;1;1;1;1;0;11
2023-07-24;"alle";0;0;0;0;0;0;0;0;0;0;0;0;11;11;11;11;11;11;11;11;11;11;11;11;NA;NA;NA;NA;NA;NA;NA;NA;NA;NA;NA;0;11
2023-07-23;"0-60";0;0;0;0;0;0;0;0;0;0;0;0;0;0;0;0;0;0;0;0;0;0;0;0;1;1;1;1;1;1;1;1;1;1;1;0;0
2023-07-23;"60+";1;1;1;1;1;1;1;1;1;1;1;1;11;11;11;11;11;11;11;11;11;11;11;11;1;1;1;1;1;1;1;1;1;1;1;1;11
2023-07-23;"alle";1;1;1;1;1;1;1;1;1;1;1;1;11;11;11;11;11;11;11;11;11;11;11;11;NA;NA;NA;NA;NA;NA;NA;NA;NA;NA;NA;1;11
2023-07-22;"0-60";0;0;0;0;0;0;0;0;0;0;0;0;0;0;0;0;0;0;0;0;0;0;0;0;1;1;1;1;1;1;1;1;1;1;1;0;0
2023-07-22;"60+";1;1;1;1;1;1;1;1;1;1;1;1;11;11;11;11;11;11;11;11;11;11;11;11;1;1;1;1;1;1;1;1;1;1;1;1;11
2023-07-22;"alle";1;1;1;1;1;1;1;1;1;1;1;1;11;11;11;11;11;11;11;11;11;11;11;11;NA;NA;NA;NA;NA;NA;NA;NA;NA;NA;NA;1;11
2023-07-21;"0-60";0;0;0;0;0;0;0;0;0;0;0;0;0;0;0;0;0;0;0;0;0;0;0;0;1;1;1;1;1;1;1;1;1;1;1;0;0
2023-07-21;"60+";1;1;1;1;1;1;1;1;1;1;1;1;12;12;12;12;12;12;12;12;12;12;12;12;1;1;1;1;1;1;1;1;1;1;1;1;12
2023-07-21;"alle";1;1;1;1;1;1;1;1;1;1;1;1;12;12;12;12;12;12;12;12;12;12;12;12;NA;NA;NA;NA;NA;NA;NA;NA;NA;NA;NA;1;12
2023-07-20;"0-60";0;0;0;0;0;0;0;0;0;0;0;0;0;0;0;0;0;0;0;0;0;0;0;0;1;1;1;1;1;1;1;1;1;1;1;0;0
2023-07-20;"60+";1;1;1;1;1;1;1;1;1;1;1;1;12;12;12;12;12;12;12;12;12;12;12;12;1;1;1;1;1;1;1;1;1;1;1;1;12
2023-07-20;"alle";1;1;1;1;1;1;1;1;1;1;1;1;12;12;12;12;12;12;12;12;12;12;12;12;NA;NA;NA;NA;NA;NA;NA;NA;NA;NA;NA;1;12
2023-07-19;"0-60";0;0;0;0;0;0;0;0;0;0;0;0;2;2;2;2;2;2;2;2;2;2;2;2;1;1;1;1;1;1;1;1;1;1;1;0;2
2023-07-19;"60+";4;4;4;4;4;4;4;4;4;4;4;4;13;13;13;13;13;13;13;13;13;13;13;13;1;1;1;1;1;1;1;1;1;1;1;4;13
2023-07-19;"alle";4;4;4;4;4;4;4;4;4;4;4;4;15;15;15;15;15;15;15;15;15;15;15;15;NA;NA;NA;NA;NA;NA;NA;NA;NA;NA;NA;4;15
2023-07-18;"0-60";0;0;0;0;0;0;0;0;0;0;0;0;2;2;2;2;2;2;2;2;2;2;2;2;1;1;1;1;1;1;1;1;1;1;1;0;2
2023-07-18;"60+";3;3;3;3;3;3;3;3;3;3;3;3;9;9;9;9;9;9;9;9;9;9;9;9;1;1;1;1;1;1;1;1;1;1;1;3;9
2023-07-18;"alle";3;3;3;3;3;3;3;3;3;3;3;3;11;11;11;11;11;11;11;11;11;11;11;11;NA;NA;NA;NA;NA;NA;NA;NA;NA;NA;NA;3;11
2023-07-17;"0-60";0;0;0;0;0;0;0;0;0;0;0;0;3;3;3;3;3;3;3;3;3;3;3;3;1;1;1;1;1;1;1;1;1;1;1;0;3
2023-07-17;"60+";0;0;0;0;0;0;0;0;0;0;0;0;10;10;10;10;10;10;10;10;10;10;10;10;1;1;1;1;1;1;1;1;1;1;1;0;10
2023-07-17;"alle";0;0;0;0;0;0;0;0;0;0;0;0;13;13;13;13;13;13;13;13;13;13;13;13;NA;NA;NA;NA;NA;NA;NA;NA;NA;NA;NA;0;13
2023-07-16;"0-60";0;0;0;0;0;0;0;0;0;0;0;0;3;3;3;3;3;3;3;3;3;3;3;3;1;1;1;1;1;1;1;1;1;1;1;0;3
2023-07-16;"60+";1;1;1;1;1;1;1;1;1;1;1;1;10;10;10;10;10;10;10;10;10;10;10;10;1;1;1;1;1;1;1;1;1;1;1;1;10
2023-07-16;"alle";1;1;1;1;1;1;1;1;1;1;1;1;13;13;13;13;13;13;13;13;13;13;13;13;NA;NA;NA;NA;NA;NA;NA;NA;NA;NA;NA;1;13
2023-07-15;"0-60";0;0;0;0;0;0;0;0;0;0;0;0;3;3;3;3;3;3;3;3;3;3;3;3;1;1;1;1;1;1;1;1;1;1;1;0;3
2023-07-15;"60+";2;2;2;2;2;2;2;2;2;2;2;2;9;9;9;9;9;9;9;9;9;9;9;9;1;1;1;1;1;1;1;1;1;1;1;2;9
2023-07-15;"alle";2;2;2;2;2;2;2;2;2;2;2;2;12;12;12;12;12;12;12;12;12;12;12;12;NA;NA;NA;NA;NA;NA;NA;NA;NA;NA;NA;2;12
2023-07-14;"0-60";0;0;0;0;0;0;0;0;0;0;0;0;3;3;3;3;3;3;3;3;3;3;3;3;1;1;1;1;1;1;1;1;1;1;1;0;3
2023-07-14;"60+";1;1;1;1;1;1;1;1;1;1;1;1;8;8;8;8;8;8;8;8;8;8;8;8;1;1;1;1;1;1;1;1;1;1;1;1;8
2023-07-14;"alle";1;1;1;1;1;1;1;1;1;1;1;1;11;11;11;11;11;11;11;11;11;11;11;11;NA;NA;NA;NA;NA;NA;NA;NA;NA;NA;NA;1;11
2023-07-13;"0-60";2;2;2;2;2;2;2;2;2;2;2;2;4;4;4;4;4;4;4;4;4;4;4;4;1;1;1;1;1;1;1;1;1;1;1;2;4
2023-07-13;"60+";2;2;2;2;2;2;2;2;2;2;2;2;11;11;11;11;11;11;11;11;11;11;11;11;1;1;1;1;1;1;1;1;1;1;1;2;11
2023-07-13;"alle";4;4;4;4;4;4;4;4;4;4;4;4;15;15;15;15;15;15;15;15;15;15;15;15;NA;NA;NA;NA;NA;NA;NA;NA;NA;NA;NA;4;15
2023-07-12;"0-60";0;0;0;0;0;0;0;0;0;0;0;0;2;2;2;2;2;2;2;2;2;2;2;2;1;1;1;1;1;1;1;1;1;1;1;0;2
2023-07-12;"60+";0;0;0;0;0;0;0;0;0;0;0;0;10;10;10;10;10;10;10;10;10;10;10;10;1;1;1;1;1;1;1;1;1;1;1;0;10
2023-07-12;"alle";0;0;0;0;0;0;0;0;0;0;0;0;12;12;12;12;12;12;12;12;12;12;12;12;NA;NA;NA;NA;NA;NA;NA;NA;NA;NA;NA;0;12
2023-07-11;"0-60";1;1;1;1;1;1;1;1;1;1;1;1;2;2;2;2;2;2;2;2;2;2;2;2;1;1;1;1;1;1;1;1;1;1;1;1;2
2023-07-11;"60+";4;4;4;4;4;4;4;4;4;4;4;4;10;10;10;10;10;10;10;10;10;10;10;10;1;1;1;1;1;1;1;1;1;1;1;4;10
2023-07-11;"alle";5;5;5;5;5;5;5;5;5;5;5;5;12;12;12;12;12;12;12;12;12;12;12;12;NA;NA;NA;NA;NA;NA;NA;NA;NA;NA;NA;5;12
2023-07-10;"0-60";0;0;0;0;0;0;0;0;0;0;0;0;2;2;2;2;2;2;2;2;2;2;2;2;1;1;1;1;1;1;1;1;1;1;1;0;2
2023-07-10;"60+";0;0;0;0;0;0;0;0;0;0;0;0;9;9;9;9;9;9;9;9;9;9;9;9;1;1;1;1;1;1;1;1;1;1;1;0;9
2023-07-10;"alle";0;0;0;0;0;0;0;0;0;0;0;0;11;11;11;11;11;11;11;11;11;11;11;11;NA;NA;NA;NA;NA;NA;NA;NA;NA;NA;NA;0;11
2023-07-09;"0-60";0;0;0;0;0;0;0;0;0;0;0;0;2;2;2;2;2;2;2;2;2;2;2;2;1;1;1;1;1;1;1;1;1;1;1;0;2
2023-07-09;"60+";0;0;0;0;0;0;0;0;0;0;0;0;9;9;9;9;9;9;9;9;9;9;9;9;1;1;1;1;1;1;1;1;1;1;1;0;9
2023-07-09;"alle";0;0;0;0;0;0;0;0;0;0;0;0;11;11;11;11;11;11;11;11;11;11;11;11;NA;NA;NA;NA;NA;NA;NA;NA;NA;NA;NA;0;11
2023-07-08;"0-60";0;0;0;0;0;0;0;0;0;0;0;0;2;2;2;2;2;2;2;2;2;2;2;2;1;1;1;1;1;1;1;1;1;1;1;0;2
2023-07-08;"60+";1;1;1;1;1;1;1;1;1;1;1;1;9;9;9;9;9;9;9;9;9;9;9;9;1;1;1;1;1;1;1;1;1;1;1;1;9
2023-07-08;"alle";1;1;1;1;1;1;1;1;1;1;1;1;11;11;11;11;11;11;11;11;11;11;11;11;NA;NA;NA;NA;NA;NA;NA;NA;NA;NA;NA;1;11
2023-07-07;"0-60";1;1;1;1;1;1;1;1;1;1;1;1;2;2;2;2;2;2;2;2;2;2;2;2;1;1;1;1;1;1;1;1;1;1;1;1;2
2023-07-07;"60+";4;4;4;4;4;4;4;4;4;4;4;4;10;10;10;10;10;10;10;10;10;10;10;10;1;1;1;1;1;1;1;1;1;1;1;4;10
2023-07-07;"alle";5;5;5;5;5;5;5;5;5;5;5;5;12;12;12;12;12;12;12;12;12;12;12;12;NA;NA;NA;NA;NA;NA;NA;NA;NA;NA;NA;5;12
2023-07-06;"0-60";0;0;0;0;0;0;0;0;0;0;0;0;2;2;2;2;2;2;2;2;2;2;2;2;1;1;1;1;1;1;1;1;1;1;1;0;2
2023-07-06;"60+";1;1;1;1;1;1;1;1;1;1;1;1;6;6;6;6;6;6;6;6;6;6;6;6;1;1;1;1;1;1;1;1;1;1;1;1;6
2023-07-06;"alle";1;1;1;1;1;1;1;1;1;1;1;1;8;8;8;8;8;8;8;8;8;8;8;8;NA;NA;NA;NA;NA;NA;NA;NA;NA;NA;NA;1;8
2023-07-05;"0-60";0;0;0;0;0;0;0;0;0;0;0;0;2;2;2;2;2;2;2;2;2;2;2;2;1;1;1;1;1;1;1;1;1;1;1;0;2
2023-07-05;"60+";0;0;0;0;0;0;0;0;0;0;0;0;10;10;10;10;10;10;10;10;10;10;10;10;1;1;1;1;1;1;1;1;1;1;1;0;10
2023-07-05;"alle";0;0;0;0;0;0;0;0;0;0;0;0;12;12;12;12;12;12;12;12;12;12;12;12;NA;NA;NA;NA;NA;NA;NA;NA;NA;NA;NA;0;12
2023-07-04;"0-60";1;1;1;1;1;1;1;1;1;1;1;1;3;3;3;3;3;3;3;3;3;3;3;3;1;1;1;1;1;1;1;1;1;1;1;1;3
2023-07-04;"60+";3;3;3;3;3;3;3;3;3;3;3;3;12;12;12;12;12;12;12;12;12;12;12;12;1;1;1;1;1;1;1;1;1;1;1;3;12
2023-07-04;"alle";4;4;4;4;4;4;4;4;4;4;4;4;15;15;15;15;15;15;15;15;15;15;15;15;NA;NA;NA;NA;NA;NA;NA;NA;NA;NA;NA;4;15
2023-07-03;"0-60";0;0;0;0;0;0;0;0;0;0;0;0;2;2;2;2;2;2;2;2;2;2;2;2;1;1;1;1;1;1;1;1;1;1;1;0;2
2023-07-03;"60+";0;0;0;0;0;0;0;0;0;0;0;0;11;11;11;11;11;11;11;11;11;11;11;11;1;1;1;1;1;1;1;1;1;1;1;0;11
2023-07-03;"alle";0;0;0;0;0;0;0;0;0;0;0;0;13;13;13;13;13;13;13;13;13;13;13;13;NA;NA;NA;NA;NA;NA;NA;NA;NA;NA;NA;0;13
2023-07-02;"0-60";0;0;0;0;0;0;0;0;0;0;0;0;2;2;2;2;2;2;2;2;2;2;2;2;1;1;1;1;1;1;1;1;1;1;1;0;2
2023-07-02;"60+";0;0;0;0;0;0;0;0;0;0;0;0;11;11;11;11;11;11;11;11;11;11;11;11;1;1;1;1;1;1;1;1;1;1;1;0;11
2023-07-02;"alle";0;0;0;0;0;0;0;0;0;0;0;0;13;13;13;13;13;13;13;13;13;13;13;13;NA;NA;NA;NA;NA;NA;NA;NA;NA;NA;NA;0;13
2023-07-01;"0-60";0;0;0;0;0;0;0;0;0;0;0;0;2;2;2;2;2;2;2;2;2;2;2;2;1;1;1;1;1;1;1;1;1;1;1;0;2
2023-07-01;"60+";2;2;2;2;2;2;2;2;2;2;2;2;11;11;11;11;11;11;11;11;11;11;11;11;1;1;1;1;1;1;1;1;1;1;1;2;11
2023-07-01;"alle";2;2;2;2;2;2;2;2;2;2;2;2;13;13;13;13;13;13;13;13;13;13;13;13;NA;NA;NA;NA;NA;NA;NA;NA;NA;NA;NA;2;13
2023-06-30;"0-60";1;1;1;1;1;1;1;1;1;1;1;1;3;3;3;3;3;3;3;3;3;3;3;3;1;1;1;1;1;1;1;1;1;1;1;1;3
2023-06-30;"60+";0;0;0;0;0;0;0;0;0;0;0;0;9;9;9;9;9;9;9;9;9;9;9;9;1;1;1;1;1;1;1;1;1;1;1;0;9
2023-06-30;"alle";1;1;1;1;1;1;1;1;1;1;1;1;12;12;12;12;12;12;12;12;12;12;12;12;NA;NA;NA;NA;NA;NA;NA;NA;NA;NA;NA;1;12
2023-06-29;"0-60";0;0;0;0;0;0;0;0;0;0;0;0;2;2;2;2;2;2;2;2;2;2;2;2;1;1;1;1;1;1;1;1;1;1;1;0;2
2023-06-29;"60+";5;5;5;5;5;5;5;5;5;5;5;5;10;10;10;10;10;10;10;10;10;10;10;10;1;1;1;1;1;1;1;1;1;1;1;5;10
2023-06-29;"alle";5;5;5;5;5;5;5;5;5;5;5;5;12;12;12;12;12;12;12;12;12;12;12;12;NA;NA;NA;NA;NA;NA;NA;NA;NA;NA;NA;5;12
2023-06-28;"0-60";1;1;1;1;1;1;1;1;1;1;1;1;3;3;3;3;3;3;3;3;3;3;3;3;1;1;1;1;1;1;1;1;1;1;1;1;3
2023-06-28;"60+";2;2;2;2;2;2;2;2;2;2;2;2;10;10;10;10;10;10;10;10;10;10;10;10;1;1;1;1;1;1;1;1;1;1;1;2;10
2023-06-28;"alle";3;3;3;3;3;3;3;3;3;3;3;3;13;13;13;13;13;13;13;13;13;13;13;13;NA;NA;NA;NA;NA;NA;NA;NA;NA;NA;NA;3;13
2023-06-27;"0-60";0;0;0;0;0;0;0;0;0;0;0;0;2;2;2;2;2;2;2;2;2;2;2;2;1;1;1;1;1;1;1;1;1;1;1;0;2
2023-06-27;"60+";2;2;2;2;2;2;2;2;2;2;2;2;9;9;9;9;9;9;9;9;9;9;9;9;1;1;1;1;1;1;1;1;1;1;1;2;9
2023-06-27;"alle";2;2;2;2;2;2;2;2;2;2;2;2;11;11;11;11;11;11;11;11;11;11;11;11;NA;NA;NA;NA;NA;NA;NA;NA;NA;NA;NA;2;11
2023-06-26;"0-60";0;0;0;0;0;0;0;0;0;0;0;0;3;3;3;3;3;3;3;3;3;3;3;3;1;1;1;1;1;1;1;1;1;1;1;0;3
2023-06-26;"60+";0;0;0;0;0;0;0;0;0;0;0;0;11;11;11;11;11;11;11;11;11;11;11;11;1;1;1;1;1;1;1;1;1;1;1;0;11
2023-06-26;"alle";0;0;0;0;0;0;0;0;0;0;0;0;14;14;14;14;14;14;14;14;14;14;14;14;NA;NA;NA;NA;NA;NA;NA;NA;NA;NA;NA;0;14
2023-06-25;"0-60";0;0;0;0;0;0;0;0;0;0;0;0;3;3;3;3;3;3;3;3;3;3;3;3;1;1;1;1;1;1;1;1;1;1;1;0;3
2023-06-25;"60+";0;0;0;0;0;0;0;0;0;0;0;0;11;11;11;11;11;11;11;11;11;11;11;11;1;1;1;1;1;1;1;1;1;1;1;0;11
2023-06-25;"alle";0;0;0;0;0;0;0;0;0;0;0;0;14;14;14;14;14;14;14;14;14;14;14;14;NA;NA;NA;NA;NA;NA;NA;NA;NA;NA;NA;0;14
2023-06-24;"0-60";1;1;1;1;1;1;1;1;1;1;1;1;3;3;3;3;3;3;3;3;3;3;3;3;1;1;1;1;1;1;1;1;1;1;1;1;3
2023-06-24;"60+";0;0;0;0;0;0;0;0;0;0;0;0;11;11;11;11;11;11;11;11;11;11;11;11;1;1;1;1;1;1;1;1;1;1;1;0;11
2023-06-24;"alle";1;1;1;1;1;1;1;1;1;1;1;1;14;14;14;14;14;14;14;14;14;14;14;14;NA;NA;NA;NA;NA;NA;NA;NA;NA;NA;NA;1;14
2023-06-23;"0-60";0;0;0;0;0;0;0;0;0;0;0;0;2;2;2;2;2;2;2;2;2;2;2;2;1;1;1;1;1;1;1;1;1;1;1;0;2
2023-06-23;"60+";1;1;1;1;1;1;1;1;1;1;1;1;14;14;14;14;14;14;14;14;14;14;14;14;1;1;1;1;1;1;1;1;1;1;1;1;14
2023-06-23;"alle";1;1;1;1;1;1;1;1;1;1;1;1;16;16;16;16;16;16;16;16;16;16;16;16;NA;NA;NA;NA;NA;NA;NA;NA;NA;NA;NA;1;16
2023-06-22;"0-60";1;1;1;1;1;1;1;1;1;1;1;1;3;3;3;3;3;3;3;3;3;3;3;3;1;1;1;1;1;1;1;1;1;1;1;1;3
2023-06-22;"60+";5;5;5;5;5;5;5;5;5;5;5;5;20;20;20;20;20;20;20;20;20;20;20;20;1;1;1;1;1;1;1;1;1;1;1;5;20
2023-06-22;"alle";6;6;6;6;6;6;6;6;6;6;6;6;23;23;23;23;23;23;23;23;23;23;23;23;NA;NA;NA;NA;NA;NA;NA;NA;NA;NA;NA;6;23
2023-06-21;"0-60";0;0;0;0;0;0;0;0;0;0;0;0;2;2;2;2;2;2;2;2;2;2;2;2;1;1;1;1;1;1;1;1;1;1;1;0;2
2023-06-21;"60+";1;1;1;1;1;1;1;1;1;1;1;1;15;15;15;15;15;15;15;15;15;15;15;15;1;1;1;1;1;1;1;1;1;1;1;1;15
2023-06-21;"alle";1;1;1;1;1;1;1;1;1;1;1;1;17;17;17;17;17;17;17;17;17;17;17;17;NA;NA;NA;NA;NA;NA;NA;NA;NA;NA;NA;1;17
2023-06-20;"0-60";1;1;1;1;1;1;1;1;1;1;1;1;3;3;3;3;3;3;3;3;3;3;3;3;1;1;1;1;1;1;1;1;1;1;1;1;3
2023-06-20;"60+";4;4;4;4;4;4;4;4;4;4;4;4;19;19;19;19;19;19;19;19;19;19;19;19;1;1;1;1;1;1;1;1;1;1;1;4;19
2023-06-20;"alle";5;5;5;5;5;5;5;5;5;5;5;5;22;22;22;22;22;22;22;22;22;22;22;22;NA;NA;NA;NA;NA;NA;NA;NA;NA;NA;NA;5;22
2023-06-19;"0-60";0;0;0;0;0;0;0;0;0;0;0;0;4;4;4;4;4;4;4;4;4;4;4;4;1;1;1;1;1;1;1;1;1;1;1;0;4
2023-06-19;"60+";0;0;0;0;0;0;0;0;0;0;0;0;25;25;25;25;25;25;25;25;25;25;25;25;1;1;1;1;1;1;1;1;1;1;1;0;25
2023-06-19;"alle";0;0;0;0;0;0;0;0;0;0;0;0;29;29;29;29;29;29;29;29;29;29;29;29;NA;NA;NA;NA;NA;NA;NA;NA;NA;NA;NA;0;29
2023-06-18;"0-60";0;0;0;0;0;0;0;0;0;0;0;0;4;4;4;4;4;4;4;4;4;4;4;4;1;1;1;1;1;1;1;1;1;1;1;0;4
2023-06-18;"60+";0;0;0;0;0;0;0;0;0;0;0;0;26;26;26;26;26;26;26;26;26;26;26;26;1;1;1;1;1;1;1;1;1;1;1;0;26
2023-06-18;"alle";0;0;0;0;0;0;0;0;0;0;0;0;30;30;30;30;30;30;30;30;30;30;30;30;NA;NA;NA;NA;NA;NA;NA;NA;NA;NA;NA;0;30
2023-06-17;"0-60";0;0;0;0;0;0;0;0;0;0;0;0;4;4;4;4;4;4;4;4;4;4;4;4;1;1;1;1;1;1;1;1;1;1;1;0;4
2023-06-17;"60+";3;3;3;3;3;3;3;3;3;3;3;3;26;26;26;26;26;26;26;26;26;26;26;26;1;1;1;1;1;1;1;1;1;1;1;3;26
2023-06-17;"alle";3;3;3;3;3;3;3;3;3;3;3;3;30;30;30;30;30;30;30;30;30;30;30;30;NA;NA;NA;NA;NA;NA;NA;NA;NA;NA;NA;3;30
2023-06-16;"0-60";1;1;1;1;1;1;1;1;1;1;1;1;5;5;5;5;5;5;5;5;5;5;5;5;1;1;1;1;1;1;1;1;1;1;1;1;5
2023-06-16;"60+";7;7;7;7;7;7;7;7;7;7;7;7;26;26;26;26;26;26;26;26;26;26;26;26;1;1;1;1;1;1;1;1;1;1;1;7;26
2023-06-16;"alle";8;8;8;8;8;8;8;8;8;8;8;8;31;31;31;31;31;31;31;31;31;31;31;31;NA;NA;NA;NA;NA;NA;NA;NA;NA;NA;NA;8;31
2023-06-15;"0-60";0;0;0;0;0;0;0;0;0;0;0;0;5;5;5;5;5;5;5;5;5;5;5;5;1;1;1;1;1;1;1;1;1;1;1;0;5
2023-06-15;"60+";0;0;0;0;0;0;0;0;0;0;0;0;19;19;19;19;19;19;19;19;19;19;19;19;1;1;1;1;1;1;1;1;1;1;1;0;19
2023-06-15;"alle";0;0;0;0;0;0;0;0;0;0;0;0;24;24;24;24;24;24;24;24;24;24;24;24;NA;NA;NA;NA;NA;NA;NA;NA;NA;NA;NA;0;24
2023-06-14;"0-60";1;1;1;1;1;1;1;1;1;1;1;1;5;5;5;5;5;5;5;5;5;5;5;5;1;1;1;1;1;1;1;1;1;1;1;1;5
2023-06-14;"60+";5;5;5;5;5;5;5;5;5;5;5;5;20;20;20;20;20;20;20;20;20;20;20;20;1;1;1;1;1;1;1;1;1;1;1;5;20
2023-06-14;"alle";6;6;6;6;6;6;6;6;6;6;6;6;25;25;25;25;25;25;25;25;25;25;25;25;NA;NA;NA;NA;NA;NA;NA;NA;NA;NA;NA;6;25
2023-06-13;"0-60";2;2;2;2;2;2;2;2;2;2;2;2;4;4;4;4;4;4;4;4;4;4;4;4;1;1;1;1;1;1;1;1;1;1;1;2;4
2023-06-13;"60+";10;10;10;10;10;10;10;10;10;10;10;10;23;23;23;23;23;23;23;23;23;23;23;23;1;1;1;1;1;1;1;1;1;1;1;10;23
2023-06-13;"alle";12;12;12;12;12;12;12;12;12;12;12;12;27;27;27;27;27;27;27;27;27;27;27;27;NA;NA;NA;NA;NA;NA;NA;NA;NA;NA;NA;12;27
2023-06-12;"0-60";0;0;0;0;0;0;0;0;0;0;0;0;2;2;2;2;2;2;2;2;2;2;2;2;1;1;1;1;1;1;1;1;1;1;1;0;2
2023-06-12;"60+";1;1;1;1;1;1;1;1;1;1;1;1;25;25;25;25;25;25;25;25;25;25;25;25;1;1;1;1;1;1;1;1;1;1;1;1;25
2023-06-12;"alle";1;1;1;1;1;1;1;1;1;1;1;1;27;27;27;27;27;27;27;27;27;27;27;27;NA;NA;NA;NA;NA;NA;NA;NA;NA;NA;NA;1;27
2023-06-11;"0-60";0;0;0;0;0;0;0;0;0;0;0;0;2;2;2;2;2;2;2;2;2;2;2;2;1;1;1;1;1;1;1;1;1;1;1;0;2
2023-06-11;"60+";0;0;0;0;0;0;0;0;0;0;0;0;24;24;24;24;24;24;24;24;24;24;24;24;1;1;1;1;1;1;1;1;1;1;1;0;24
2023-06-11;"alle";0;0;0;0;0;0;0;0;0;0;0;0;26;26;26;26;26;26;26;26;26;26;26;26;NA;NA;NA;NA;NA;NA;NA;NA;NA;NA;NA;0;26
2023-06-10;"0-60";1;1;1;1;1;1;1;1;1;1;1;1;2;2;2;2;2;2;2;2;2;2;2;2;1;1;1;1;1;1;1;1;1;1;1;1;2
2023-06-10;"60+";3;3;3;3;3;3;3;3;3;3;3;3;24;24;24;24;24;24;24;24;24;24;24;24;1;1;1;1;1;1;1;1;1;1;1;3;24
2023-06-10;"alle";4;4;4;4;4;4;4;4;4;4;4;4;26;26;26;26;26;26;26;26;26;26;26;26;NA;NA;NA;NA;NA;NA;NA;NA;NA;NA;NA;4;26
2023-06-09;"0-60";1;1;1;1;1;1;1;1;1;1;1;1;1;1;1;1;1;1;1;1;1;1;1;1;1;1;1;1;1;1;1;1;1;1;1;1;1
2023-06-09;"60+";0;0;0;0;0;0;0;0;0;0;0;0;23;23;23;23;23;23;23;23;23;23;23;23;1;1;1;1;1;1;1;1;1;1;1;0;23
2023-06-09;"alle";1;1;1;1;1;1;1;1;1;1;1;1;24;24;24;24;24;24;24;24;24;24;24;24;NA;NA;NA;NA;NA;NA;NA;NA;NA;NA;NA;1;24
2023-06-08;"0-60";0;0;0;0;0;0;0;0;0;0;0;0;0;0;0;0;0;0;0;0;0;0;0;0;1;1;1;1;1;1;1;1;1;1;1;0;0
2023-06-08;"60+";1;1;1;1;1;1;1;1;1;1;1;1;27;27;27;27;27;27;27;27;27;27;27;27;1;1;1;1;1;1;1;1;1;1;1;1;27
2023-06-08;"alle";1;1;1;1;1;1;1;1;1;1;1;1;27;27;27;27;27;27;27;27;27;27;27;27;NA;NA;NA;NA;NA;NA;NA;NA;NA;NA;NA;1;27
2023-06-07;"0-60";0;0;0;0;0;0;0;0;0;0;0;0;2;2;2;2;2;2;2;2;2;2;2;2;1;1;1;1;1;1;1;1;1;1;1;0;2
2023-06-07;"60+";8;8;8;8;8;8;8;8;8;8;8;8;29;29;29;29;29;29;29;29;29;29;29;29;1;1;1;1;1;1;1;1;1;1;1;8;29
2023-06-07;"alle";8;8;8;8;8;8;8;8;8;8;8;8;31;31;31;31;31;31;31;31;31;31;31;31;NA;NA;NA;NA;NA;NA;NA;NA;NA;NA;NA;8;31
2023-06-06;"0-60";0;0;0;0;0;0;0;0;0;0;0;0;6;6;6;6;6;6;6;6;6;6;6;6;1;1;1;1;1;1;1;1;1;1;1;0;6
2023-06-06;"60+";12;12;12;12;12;12;12;12;12;12;12;12;30;30;30;30;30;30;30;30;30;30;30;30;1;1;1;1;1;1;1;1;1;1;1;12;30
2023-06-06;"alle";12;12;12;12;12;12;12;12;12;12;12;12;36;36;36;36;36;36;36;36;36;36;36;36;NA;NA;NA;NA;NA;NA;NA;NA;NA;NA;NA;12;36
2023-06-05;"0-60";0;0;0;0;0;0;0;0;0;0;0;0;6;6;6;6;6;6;6;6;6;6;6;6;1;1;1;1;1;1;1;1;1;1;1;0;6
2023-06-05;"60+";0;0;0;0;0;0;0;0;0;0;0;0;18;18;18;18;18;18;18;18;18;18;18;18;1;1;1;1;1;1;1;1;1;1;1;0;18
2023-06-05;"alle";0;0;0;0;0;0;0;0;0;0;0;0;24;24;24;24;24;24;24;24;24;24;24;24;NA;NA;NA;NA;NA;NA;NA;NA;NA;NA;NA;0;24
2023-06-04;"0-60";0;0;0;0;0;0;0;0;0;0;0;0;6;6;6;6;6;6;6;6;6;6;6;6;1;1;1;1;1;1;1;1;1;1;1;0;6
2023-06-04;"60+";0;0;0;0;0;0;0;0;0;0;0;0;18;18;18;18;18;18;18;18;18;18;18;18;1;1;1;1;1;1;1;1;1;1;1;0;18
2023-06-04;"alle";0;0;0;0;0;0;0;0;0;0;0;0;24;24;24;24;24;24;24;24;24;24;24;24;NA;NA;NA;NA;NA;NA;NA;NA;NA;NA;NA;0;24
2023-06-03;"0-60";0;0;0;0;0;0;0;0;0;0;0;0;6;6;6;6;6;6;6;6;6;6;6;6;1;1;1;1;1;1;1;1;1;1;1;0;6
2023-06-03;"60+";2;2;2;2;2;2;2;2;2;2;2;2;18;18;18;18;18;18;18;18;18;18;18;18;1;1;1;1;1;1;1;1;1;1;1;2;18
2023-06-03;"alle";2;2;2;2;2;2;2;2;2;2;2;2;24;24;24;24;24;24;24;24;24;24;24;24;NA;NA;NA;NA;NA;NA;NA;NA;NA;NA;NA;2;24
2023-06-02;"0-60";0;0;0;0;0;0;0;0;0;0;0;0;7;7;7;7;7;7;7;7;7;7;7;7;1;1;1;1;1;1;1;1;1;1;1;0;7
2023-06-02;"60+";4;4;4;4;4;4;4;4;4;4;4;4;19;19;19;19;19;19;19;19;19;19;19;19;1;1;1;1;1;1;1;1;1;1;1;4;19
2023-06-02;"alle";4;4;4;4;4;4;4;4;4;4;4;4;26;26;26;26;26;26;26;26;26;26;26;26;NA;NA;NA;NA;NA;NA;NA;NA;NA;NA;NA;4;26
2023-06-01;"0-60";2;2;2;2;2;2;2;2;2;2;2;2;7;7;7;7;7;7;7;7;7;7;7;7;1;1;1;1;1;1;1;1;1;1;1;2;7
2023-06-01;"60+";3;3;3;3;3;3;3;3;3;3;3;3;27;27;27;27;27;27;27;27;27;27;27;27;1;1;1;1;1;1;1;1;1;1;1;3;27
2023-06-01;"alle";5;5;5;5;5;5;5;5;5;5;5;5;34;34;34;34;34;34;34;34;34;34;34;34;NA;NA;NA;NA;NA;NA;NA;NA;NA;NA;NA;5;34
2023-05-31;"0-60";4;4;4;4;4;4;4;4;4;4;4;4;5;5;5;5;5;5;5;5;5;5;5;5;1;1;1;1;1;1;1;1;1;1;1;4;5
2023-05-31;"60+";9;9;9;9;9;9;9;9;9;9;9;9;31;31;31;31;31;31;31;31;31;31;31;31;1;1;1;1;1;1;1;1;1;1;1;9;31
2023-05-31;"alle";13;13;13;13;13;13;13;13;13;13;13;13;36;36;36;36;36;36;36;36;36;36;36;36;NA;NA;NA;NA;NA;NA;NA;NA;NA;NA;NA;13;36
2023-05-30;"0-60";0;0;0;0;0;0;0;0;0;0;0;0;2;2;2;2;2;2;2;2;2;2;2;2;1;1;1;1;1;1;1;1;1;1;1;0;2
2023-05-30;"60+";0;0;0;0;0;0;0;0;0;0;0;0;23;23;23;23;23;23;23;23;23;23;23;23;1;1;1;1;1;1;1;1;1;1;1;0;23
2023-05-30;"alle";0;0;0;0;0;0;0;0;0;0;0;0;25;25;25;25;25;25;25;25;25;25;25;25;NA;NA;NA;NA;NA;NA;NA;NA;NA;NA;NA;0;25
2023-05-29;"0-60";0;0;0;0;0;0;0;0;0;0;0;0;6;6;6;6;6;6;6;6;6;6;6;6;1;1;1;1;1;1;1;1;1;1;1;0;6
2023-05-29;"60+";0;0;0;0;0;0;0;0;0;0;0;0;34;34;34;34;34;34;34;34;34;34;34;34;1;1;1;1;1;1;1;1;1;1;1;0;34
2023-05-29;"alle";0;0;0;0;0;0;0;0;0;0;0;0;40;40;40;40;40;40;40;40;40;40;40;40;NA;NA;NA;NA;NA;NA;NA;NA;NA;NA;NA;0;40
2023-05-28;"0-60";0;0;0;0;0;0;0;0;0;0;0;0;6;6;6;6;6;6;6;6;6;6;6;6;1;1;1;1;1;1;1;1;1;1;1;0;6
2023-05-28;"60+";0;0;0;0;0;0;0;0;0;0;0;0;34;34;34;34;34;34;34;34;34;34;34;34;1;1;1;1;1;1;1;1;1;1;1;0;34
2023-05-28;"alle";0;0;0;0;0;0;0;0;0;0;0;0;40;40;40;40;40;40;40;40;40;40;40;40;NA;NA;NA;NA;NA;NA;NA;NA;NA;NA;NA;0;40
2023-05-27;"0-60";1;1;1;1;1;1;1;1;1;1;1;1;6;6;6;6;6;6;6;6;6;6;6;6;1;1;1;1;1;1;1;1;1;1;1;1;6
2023-05-27;"60+";3;3;3;3;3;3;3;3;3;3;3;3;35;35;35;35;35;35;35;35;35;35;35;35;1;1;1;1;1;1;1;1;1;1;1;3;35
2023-05-27;"alle";4;4;4;4;4;4;4;4;4;4;4;4;41;41;41;41;41;41;41;41;41;41;41;41;NA;NA;NA;NA;NA;NA;NA;NA;NA;NA;NA;4;41
2023-05-26;"0-60";0;0;0;0;0;0;0;0;0;0;0;0;5;5;5;5;5;5;5;5;5;5;5;5;1;1;1;1;1;1;1;1;1;1;1;0;5
2023-05-26;"60+";12;12;12;12;12;12;12;12;12;12;12;12;38;38;38;38;38;38;38;38;38;38;38;38;1;1;1;1;1;1;1;1;1;1;1;12;38
2023-05-26;"alle";12;12;12;12;12;12;12;12;12;12;12;12;43;43;43;43;43;43;43;43;43;43;43;43;NA;NA;NA;NA;NA;NA;NA;NA;NA;NA;NA;12;43
2023-05-25;"0-60";0;0;0;0;0;0;0;0;0;0;0;0;5;5;5;5;5;5;5;5;5;5;5;5;1;1;1;1;1;1;1;1;1;1;1;0;5
2023-05-25;"60+";7;7;7;7;7;7;7;7;7;7;7;7;30;30;30;30;30;30;30;30;30;30;30;30;1;1;1;1;1;1;1;1;1;1;1;7;30
2023-05-25;"alle";7;7;7;7;7;7;7;7;7;7;7;7;35;35;35;35;35;35;35;35;35;35;35;35;NA;NA;NA;NA;NA;NA;NA;NA;NA;NA;NA;7;35
2023-05-24;"0-60";1;1;1;1;1;1;1;1;1;1;1;1;8;8;8;8;8;8;8;8;8;8;8;8;1;1;1;1;1;1;1;1;1;1;1;1;8
2023-05-24;"60+";1;1;1;1;1;1;1;1;1;1;1;1;30;30;30;30;30;30;30;30;30;30;30;30;1;1;1;1;1;1;1;1;1;1;1;1;30
2023-05-24;"alle";2;2;2;2;2;2;2;2;2;2;2;2;38;38;38;38;38;38;38;38;38;38;38;38;NA;NA;NA;NA;NA;NA;NA;NA;NA;NA;NA;2;38
2023-05-23;"0-60";4;4;4;4;4;4;4;4;4;4;4;4;11;11;11;11;11;11;11;11;11;11;11;11;1;1;1;1;1;1;1;1;1;1;1;4;11
2023-05-23;"60+";11;11;11;11;11;11;11;11;11;11;11;11;42;42;42;42;42;42;42;42;42;42;42;42;1;1;1;1;1;1;1;1;1;1;1;11;42
2023-05-23;"alle";15;15;15;15;15;15;15;15;15;15;15;15;53;53;53;53;53;53;53;53;53;53;53;53;NA;NA;NA;NA;NA;NA;NA;NA;NA;NA;NA;15;53
2023-05-22;"0-60";0;0;0;0;0;0;0;0;0;0;0;0;10;10;10;10;10;10;10;10;10;10;10;10;1;1;1;1;1;1;1;1;1;1;1;0;10
2023-05-22;"60+";0;0;0;0;0;0;0;0;0;0;0;0;36;36;36;36;36;36;36;36;36;36;36;36;1;1;1;1;1;1;1;1;1;1;1;0;36
2023-05-22;"alle";0;0;0;0;0;0;0;0;0;0;0;0;46;46;46;46;46;46;46;46;46;46;46;46;NA;NA;NA;NA;NA;NA;NA;NA;NA;NA;NA;0;46
2023-05-21;"0-60";0;0;0;0;0;0;0;0;0;0;0;0;10;10;10;10;10;10;10;10;10;10;10;10;1;1;1;1;1;1;1;1;1;1;1;0;10
2023-05-21;"60+";1;1;1;1;1;1;1;1;1;1;1;1;36;36;36;36;36;36;36;36;36;36;36;36;1;1;1;1;1;1;1;1;1;1;1;1;36
2023-05-21;"alle";1;1;1;1;1;1;1;1;1;1;1;1;46;46;46;46;46;46;46;46;46;46;46;46;NA;NA;NA;NA;NA;NA;NA;NA;NA;NA;NA;1;46
2023-05-20;"0-60";0;0;0;0;0;0;0;0;0;0;0;0;10;10;10;10;10;10;10;10;10;10;10;10;1;1;1;1;1;1;1;1;1;1;1;0;10
2023-05-20;"60+";6;6;6;6;6;6;6;6;6;6;6;6;35;35;35;35;35;35;35;35;35;35;35;35;1;1;1;1;1;1;1;1;1;1;1;6;35
2023-05-20;"alle";6;6;6;6;6;6;6;6;6;6;6;6;45;45;45;45;45;45;45;45;45;45;45;45;NA;NA;NA;NA;NA;NA;NA;NA;NA;NA;NA;6;45
2023-05-19;"0-60";0;0;0;0;0;0;0;0;0;0;0;0;10;10;10;10;10;10;10;10;10;10;10;10;1;1;1;1;1;1;1;1;1;1;1;0;10
2023-05-19;"60+";4;4;4;4;4;4;4;4;4;4;4;4;38;38;38;38;38;38;38;38;38;38;38;38;1;1;1;1;1;1;1;1;1;1;1;4;38
2023-05-19;"alle";4;4;4;4;4;4;4;4;4;4;4;4;48;48;48;48;48;48;48;48;48;48;48;48;NA;NA;NA;NA;NA;NA;NA;NA;NA;NA;NA;4;48
2023-05-18;"0-60";3;3;3;3;3;3;3;3;3;3;3;3;10;10;10;10;10;10;10;10;10;10;10;10;1;1;1;1;1;1;1;1;1;1;1;3;10
2023-05-18;"60+";7;7;7;7;7;7;7;7;7;7;7;7;47;47;47;47;47;47;47;47;47;47;47;47;1;1;1;1;1;1;1;1;1;1;1;7;46
2023-05-18;"alle";10;10;10;10;10;10;10;10;10;10;10;10;57;57;57;57;57;57;57;57;57;57;57;57;NA;NA;NA;NA;NA;NA;NA;NA;NA;NA;NA;10;56
2023-05-17;"0-60";4;4;4;4;4;4;4;4;4;4;4;4;8;8;8;8;8;8;8;8;8;8;8;8;1;1;1;1;1;1;1;1;1;1;1;4;8
2023-05-17;"60+";13;13;13;13;13;13;13;13;13;13;13;13;44;44;44;44;44;44;44;44;44;44;44;44;1;1;1;1;1;1;1;1;1;1;1;13;43
2023-05-17;"alle";17;17;17;17;17;17;17;17;17;17;17;17;52;52;52;52;52;52;52;52;52;52;52;52;NA;NA;NA;NA;NA;NA;NA;NA;NA;NA;NA;17;51
2023-05-16;"0-60";3;3;3;3;3;3;3;3;3;3;3;3;6;6;6;6;6;6;6;6;6;6;6;6;1;1;1;1;1;1;1;1;1;1;1;3;6
2023-05-16;"60+";5;5;5;5;5;5;5;5;5;5;5;5;41;41;41;41;41;41;41;41;41;41;41;41;1;1;1;1;1;1;1;1;1;1;1;5;40
2023-05-16;"alle";8;8;8;8;8;8;8;8;8;8;8;8;47;47;47;47;47;47;47;47;47;47;47;47;NA;NA;NA;NA;NA;NA;NA;NA;NA;NA;NA;8;46
2023-05-15;"0-60";0;0;0;0;0;0;0;0;0;0;0;0;6;6;6;6;6;6;6;6;6;6;6;6;1;1;1;1;1;1;1;1;1;1;1;0;6
2023-05-15;"60+";0;0;0;0;0;0;0;0;0;0;0;0;71;71;71;71;71;71;71;71;71;71;71;71;1;1;1;1;1;1;1;1;1;1;1;0;69
2023-05-15;"alle";0;0;0;0;0;0;0;0;0;0;0;0;77;77;77;77;77;77;77;77;77;77;77;77;NA;NA;NA;NA;NA;NA;NA;NA;NA;NA;NA;0;75
2023-05-14;"0-60";0;0;0;0;0;0;0;0;0;0;0;0;7;7;7;7;7;7;7;7;7;7;7;7;1;1;1;1;1;1;1;1;1;1;1;0;7
2023-05-14;"60+";0;0;0;0;0;0;0;0;0;0;0;0;71;71;71;71;71;71;71;71;71;71;71;71;1;1;1;1;1;1;1;1;1;1;1;0;69
2023-05-14;"alle";0;0;0;0;0;0;0;0;0;0;0;0;78;78;78;78;78;78;78;78;78;78;78;78;NA;NA;NA;NA;NA;NA;NA;NA;NA;NA;NA;0;76
2023-05-13;"0-60";0;0;0;0;0;0;0;0;0;0;0;0;8;8;8;8;8;8;8;8;8;8;8;8;1;1;1;1;1;1;1;1;1;1;1;0;8
2023-05-13;"60+";9;9;9;9;9;9;9;9;9;9;9;9;73;73;73;73;73;73;73;73;73;73;73;73;1;1;1;1;1;1;1;1;1;1;1;9;71
2023-05-13;"alle";9;9;9;9;9;9;9;9;9;9;9;9;81;81;81;81;81;81;81;81;81;81;81;81;NA;NA;NA;NA;NA;NA;NA;NA;NA;NA;NA;9;79
2023-05-12;"0-60";0;0;0;0;0;0;0;0;0;0;0;0;9;9;9;9;9;9;9;9;9;9;9;9;1;1;1;1;1;1;1;1;1;1;1;0;9
2023-05-12;"60+";13;13;13;13;13;13;13;13;13;13;13;13;69;69;69;69;69;69;69;69;69;69;69;69;1;1;1;1;1;1;1;1;1;1;1;12;67
2023-05-12;"alle";13;13;13;13;13;13;13;13;13;13;13;13;78;78;78;78;78;78;78;78;78;78;78;78;NA;NA;NA;NA;NA;NA;NA;NA;NA;NA;NA;12;76
2023-05-11;"0-60";1;1;1;1;1;1;1;1;1;1;1;1;10;10;10;10;10;10;10;10;10;10;10;10;1;1;1;1;1;1;1;1;1;1;1;1;10
2023-05-11;"60+";4;4;4;4;4;4;4;4;4;4;4;4;63;63;63;63;63;63;63;63;63;63;63;63;1;1;1;1;1;1;1;1;1;1;1;4;62
2023-05-11;"alle";5;5;5;5;5;5;5;5;5;5;5;5;73;73;73;73;73;73;73;73;73;73;73;73;NA;NA;NA;NA;NA;NA;NA;NA;NA;NA;NA;5;72
2023-05-10;"0-60";2;2;2;2;2;2;2;2;2;2;2;2;11;11;11;11;11;11;11;11;11;11;11;11;1;1;1;1;1;1;1;1;1;1;1;2;11
2023-05-10;"60+";10;10;10;10;10;10;10;10;10;10;10;10;75;75;75;75;75;75;75;75;75;75;75;75;1;1;1;1;1;1;1;1;1;1;1;10;74
2023-05-10;"alle";12;12;12;12;12;12;12;12;12;12;12;12;86;86;86;86;86;86;86;86;86;86;86;86;NA;NA;NA;NA;NA;NA;NA;NA;NA;NA;NA;12;85
2023-05-09;"0-60";3;3;3;3;3;3;3;3;3;3;3;3;17;17;17;17;17;17;17;17;17;17;17;17;1;1;1;1;1;1;1;1;1;1;1;3;17
2023-05-09;"60+";35;35;35;35;35;35;35;35;35;35;35;35;98;98;98;98;98;98;98;98;98;98;98;98;1;1;1;1;1;1;1;1;1;1;1;34;97
2023-05-09;"alle";38;38;38;38;38;38;38;38;38;38;38;38;115;115;115;115;115;115;115;115;115;115;115;115;NA;NA;NA;NA;NA;NA;NA;NA;NA;NA;NA;37;114
2023-05-08;"0-60";1;1;1;1;1;1;1;1;1;1;1;1;15;15;15;15;15;15;15;15;15;15;15;15;1;1;1;1;1;1;1;1;1;1;1;1;15
2023-05-08;"60+";0;0;0;0;0;0;0;0;0;0;0;0;64;64;64;64;64;64;64;64;64;64;64;64;1;1;1;1;1;1;1;1;1;1;1;0;64
2023-05-08;"alle";1;1;1;1;1;1;1;1;1;1;1;1;79;79;79;79;79;79;79;79;79;79;79;79;NA;NA;NA;NA;NA;NA;NA;NA;NA;NA;NA;1;79
2023-05-07;"0-60";1;1;1;1;1;1;1;1;1;1;1;1;14;14;14;14;14;14;14;14;14;14;14;14;1;1;1;1;1;1;1;1;1;1;1;1;14
2023-05-07;"60+";2;2;2;2;2;2;2;2;2;2;2;2;65;65;65;65;65;65;65;65;65;65;65;65;1;1;1;1;1;1;1;1;1;1;1;2;65
2023-05-07;"alle";3;3;3;3;3;3;3;3;3;3;3;3;79;79;79;79;79;79;79;79;79;79;79;79;NA;NA;NA;NA;NA;NA;NA;NA;NA;NA;NA;3;79
2023-05-06;"0-60";1;1;1;1;1;1;1;1;1;1;1;1;13;13;13;13;13;13;13;13;13;13;13;13;1;1;1;1;1;1;1;1;1;1;1;1;13
2023-05-06;"60+";5;5;5;5;5;5;5;5;5;5;5;5;67;67;67;67;67;67;67;67;67;67;67;67;1;1;1;1;1;1;1;1;1;1;1;5;67
2023-05-06;"alle";6;6;6;6;6;6;6;6;6;6;6;6;80;80;80;80;80;80;80;80;80;80;80;80;NA;NA;NA;NA;NA;NA;NA;NA;NA;NA;NA;6;80
2023-05-05;"0-60";1;1;1;1;1;1;1;1;1;1;1;1;15;15;15;15;15;15;15;15;15;15;15;15;1;1;1;1;1;1;1;1;1;1;1;1;15
2023-05-05;"60+";7;7;7;7;7;7;7;7;7;7;7;7;75;75;75;75;75;75;75;75;75;75;75;75;1;1;1;1;1;1;1;1;1;1;1;7;75
2023-05-05;"alle";8;8;8;8;8;8;8;8;8;8;8;8;90;90;90;90;90;90;90;90;90;90;90;90;NA;NA;NA;NA;NA;NA;NA;NA;NA;NA;NA;8;90
2023-05-04;"0-60";2;2;2;2;2;2;2;2;2;2;2;2;14;14;14;14;14;14;14;14;14;14;14;14;1;1;1;1;1;1;1;1;1;1;1;2;14
2023-05-04;"60+";16;16;16;16;16;16;16;16;16;16;16;16;85;85;85;85;85;85;85;85;85;85;85;85;1;1;1;1;1;1;1;1;1;1;1;16;85
2023-05-04;"alle";18;18;18;18;18;18;18;18;18;18;18;18;99;99;99;99;99;99;99;99;99;99;99;99;NA;NA;NA;NA;NA;NA;NA;NA;NA;NA;NA;18;99
2023-05-03;"0-60";8;8;8;8;8;8;8;8;8;8;8;8;12;12;12;12;12;12;12;12;12;12;12;12;1;1;1;1;1;1;1;1;1;1;1;8;12
2023-05-03;"60+";33;33;33;33;33;33;33;33;33;33;33;33;90;90;90;90;90;90;90;90;90;90;90;90;1;1;1;1;1;1;1;1;1;1;1;33;90
2023-05-03;"alle";41;41;41;41;41;41;41;41;41;41;41;41;102;102;102;102;102;102;102;102;102;102;102;102;NA;NA;NA;NA;NA;NA;NA;NA;NA;NA;NA;41;102
2023-05-02;"0-60";1;1;1;1;1;1;1;1;1;1;1;1;6;6;6;6;6;6;6;6;6;6;6;6;1;1;1;1;1;1;1;1;1;1;1;1;6
2023-05-02;"60+";1;1;1;1;1;1;1;1;1;1;1;1;81;81;81;81;81;81;81;81;81;81;81;81;1;1;1;1;1;1;1;1;1;1;1;1;81
2023-05-02;"alle";2;2;2;2;2;2;2;2;2;2;2;2;87;87;87;87;87;87;87;87;87;87;87;87;NA;NA;NA;NA;NA;NA;NA;NA;NA;NA;NA;2;87
2023-05-01;"0-60";0;0;0;0;0;0;0;0;0;0;0;0;8;8;8;8;8;8;8;8;8;8;8;8;1;1;1;1;1;1;1;1;1;1;1;0;8
2023-05-01;"60+";1;1;1;1;1;1;1;1;1;1;1;1;108;108;108;108;108;108;108;108;108;108;108;108;1;1;1;1;1;1;1;1;1;1;1;1;108
2023-05-01;"alle";1;1;1;1;1;1;1;1;1;1;1;1;116;116;116;116;116;116;116;116;116;116;116;116;NA;NA;NA;NA;NA;NA;NA;NA;NA;NA;NA;1;116
2023-04-30;"0-60";0;0;0;0;0;0;0;0;0;0;0;0;8;8;8;8;8;8;8;8;8;8;8;8;1;1;1;1;1;1;1;1;1;1;1;0;8
2023-04-30;"60+";4;4;4;4;4;4;4;4;4;4;4;4;111;111;111;111;111;111;111;111;111;111;111;111;1;1;1;1;1;1;1;1;1;1;1;4;111
2023-04-30;"alle";4;4;4;4;4;4;4;4;4;4;4;4;119;119;119;119;119;119;119;119;119;119;119;119;NA;NA;NA;NA;NA;NA;NA;NA;NA;NA;NA;4;119
2023-04-29;"0-60";3;3;3;3;3;3;3;3;3;3;3;3;9;9;9;9;9;9;9;9;9;9;9;9;1;1;1;1;1;1;1;1;1;1;1;3;9
2023-04-29;"60+";13;13;13;13;13;13;13;13;13;13;13;13;107;107;107;107;107;107;107;107;107;107;107;107;1;1;1;1;1;1;1;1;1;1;1;13;107
2023-04-29;"alle";16;16;16;16;16;16;16;16;16;16;16;16;116;116;116;116;116;116;116;116;116;116;116;116;NA;NA;NA;NA;NA;NA;NA;NA;NA;NA;NA;16;116
2023-04-28;"0-60";0;0;0;0;0;0;0;0;0;0;0;0;7;7;7;7;7;7;7;7;7;7;7;7;1;1;1;1;1;1;1;1;1;1;1;0;7
2023-04-28;"60+";17;17;17;17;17;17;17;17;17;17;17;17;106;106;106;106;106;106;106;106;106;106;106;106;1;1;1;1;1;1;1;1;1;1;1;17;106
2023-04-28;"alle";17;17;17;17;17;17;17;17;17;17;17;17;113;113;113;113;113;113;113;113;113;113;113;113;NA;NA;NA;NA;NA;NA;NA;NA;NA;NA;NA;17;113
2023-04-27;"0-60";0;0;0;0;0;0;0;0;0;0;0;0;11;11;11;11;11;11;11;11;11;11;11;11;1;1;1;1;1;1;1;1;1;1;1;0;11
2023-04-27;"60+";21;21;21;21;21;21;21;21;21;21;21;21;93;93;93;93;93;93;93;93;93;93;93;93;1;1;1;1;1;1;1;1;1;1;1;21;93
2023-04-27;"alle";21;21;21;21;21;21;21;21;21;21;21;21;104;104;104;104;104;104;104;104;104;104;104;104;NA;NA;NA;NA;NA;NA;NA;NA;NA;NA;NA;21;104
2023-04-26;"0-60";2;2;2;2;2;2;2;2;2;2;2;2;14;14;14;14;14;14;14;14;14;14;14;14;1;1;1;1;1;1;1;1;1;1;1;2;14
2023-04-26;"60+";24;24;24;24;24;24;24;24;24;24;24;24;76;76;76;76;76;76;76;76;76;76;76;76;1;1;1;1;1;1;1;1;1;1;1;24;76
2023-04-26;"alle";26;26;26;26;26;26;26;26;26;26;26;26;90;90;90;90;90;90;90;90;90;90;90;90;NA;NA;NA;NA;NA;NA;NA;NA;NA;NA;NA;26;90
2023-04-25;"0-60";3;3;3;3;3;3;3;3;3;3;3;3;15;15;15;15;15;15;15;15;15;15;15;15;1;1;1;1;1;1;1;1;1;1;1;3;15
2023-04-25;"60+";28;28;28;28;28;28;28;28;28;28;28;28;67;67;67;67;67;67;67;67;67;67;67;67;1;1;1;1;1;1;1;1;1;1;1;28;67
2023-04-25;"alle";31;31;31;31;31;31;31;31;31;31;31;31;82;82;82;82;82;82;82;82;82;82;82;82;NA;NA;NA;NA;NA;NA;NA;NA;NA;NA;NA;31;82
2023-04-24;"0-60";0;0;0;0;0;0;0;0;0;0;0;0;16;16;16;16;16;16;16;16;16;16;16;16;1;1;1;1;1;1;1;1;1;1;1;0;16
2023-04-24;"60+";4;4;4;4;4;4;4;4;4;4;4;4;65;65;65;65;65;65;65;65;65;65;65;65;1;1;1;1;1;1;1;1;1;1;1;4;65
2023-04-24;"alle";4;4;4;4;4;4;4;4;4;4;4;4;81;81;81;81;81;81;81;81;81;81;81;81;NA;NA;NA;NA;NA;NA;NA;NA;NA;NA;NA;4;81
2023-04-23;"0-60";1;1;1;1;1;1;1;1;1;1;1;1;17;17;17;17;17;17;17;17;17;17;17;17;1;1;1;1;1;1;1;1;1;1;1;1;17
2023-04-23;"60+";0;0;0;0;0;0;0;0;0;0;0;0;61;61;61;61;61;61;61;61;61;61;61;61;1;1;1;1;1;1;1;1;1;1;1;0;61
2023-04-23;"alle";1;1;1;1;1;1;1;1;1;1;1;1;78;78;78;78;78;78;78;78;78;78;78;78;NA;NA;NA;NA;NA;NA;NA;NA;NA;NA;NA;1;78
2023-04-22;"0-60";1;1;1;1;1;1;1;1;1;1;1;1;17;17;17;17;17;17;17;17;17;17;17;17;1;1;1;1;1;1;1;1;1;1;1;1;17
2023-04-22;"60+";12;12;12;12;12;12;12;12;12;12;12;12;64;64;64;64;64;64;64;64;64;64;64;64;1;1;1;1;1;1;1;1;1;1;1;12;64
2023-04-22;"alle";13;13;13;13;13;13;13;13;13;13;13;13;81;81;81;81;81;81;81;81;81;81;81;81;NA;NA;NA;NA;NA;NA;NA;NA;NA;NA;NA;13;81
2023-04-21;"0-60";4;4;4;4;4;4;4;4;4;4;4;4;16;16;16;16;16;16;16;16;16;16;16;16;1;1;1;1;1;1;1;1;1;1;1;4;16
2023-04-21;"60+";4;4;4;4;4;4;4;4;4;4;4;4;72;72;72;72;72;72;72;72;72;72;72;72;1;1;1;1;1;1;1;1;1;1;1;4;72
2023-04-21;"alle";8;8;8;8;8;8;8;8;8;8;8;8;88;88;88;88;88;88;88;88;88;88;88;88;NA;NA;NA;NA;NA;NA;NA;NA;NA;NA;NA;8;88
2023-04-20;"0-60";3;3;3;3;3;3;3;3;3;3;3;3;16;16;16;16;16;16;16;16;16;16;16;16;1;1;1;1;1;1;1;1;1;1;1;3;16
2023-04-20;"60+";4;4;4;4;4;4;4;4;4;4;4;4;95;95;95;95;95;95;95;95;95;95;95;95;1;1;1;1;1;1;1;1;1;1;1;4;94
2023-04-20;"alle";7;7;7;7;7;7;7;7;7;7;7;7;111;111;111;111;111;111;111;111;111;111;111;111;NA;NA;NA;NA;NA;NA;NA;NA;NA;NA;NA;7;110
2023-04-19;"0-60";3;3;3;3;3;3;3;3;3;3;3;3;16;16;16;16;16;16;16;16;16;16;16;16;1;1;1;1;1;1;1;1;1;1;1;3;16
2023-04-19;"60+";15;15;15;15;15;15;15;15;15;15;15;15;117;117;117;117;117;117;117;117;117;117;117;117;1;1;1;1;1;1;1;1;1;1;1;15;116
2023-04-19;"alle";18;18;18;18;18;18;18;18;18;18;18;18;133;133;133;133;133;133;133;133;133;133;133;133;NA;NA;NA;NA;NA;NA;NA;NA;NA;NA;NA;18;132
2023-04-18;"0-60";4;4;4;4;4;4;4;4;4;4;4;4;27;27;27;27;27;27;27;27;27;27;27;27;1;1;1;1;1;1;1;1;1;1;1;4;27
2023-04-18;"60+";26;26;26;26;26;26;26;26;26;26;26;26;155;155;155;155;155;155;155;155;155;155;155;155;1;1;1;1;1;1;1;1;1;1;1;26;154
2023-04-18;"alle";30;30;30;30;30;30;30;30;30;30;30;30;182;182;182;182;182;182;182;182;182;182;182;182;NA;NA;NA;NA;NA;NA;NA;NA;NA;NA;NA;30;181
2023-04-17;"0-60";1;1;1;1;1;1;1;1;1;1;1;1;23;23;23;23;23;23;23;23;23;23;23;23;1;1;1;1;1;1;1;1;1;1;1;1;23
2023-04-17;"60+";0;0;0;0;0;0;0;0;0;0;0;0;130;130;130;130;130;130;130;130;130;130;130;130;1;1;1;1;1;1;1;1;1;1;1;0;129
2023-04-17;"alle";1;1;1;1;1;1;1;1;1;1;1;1;153;153;153;153;153;153;153;153;153;153;153;153;NA;NA;NA;NA;NA;NA;NA;NA;NA;NA;NA;1;152
2023-04-16;"0-60";1;1;1;1;1;1;1;1;1;1;1;1;22;22;22;22;22;22;22;22;22;22;22;22;1;1;1;1;1;1;1;1;1;1;1;1;22
2023-04-16;"60+";3;3;3;3;3;3;3;3;3;3;3;3;138;138;138;138;138;138;138;138;138;138;138;138;1;1;1;1;1;1;1;1;1;1;1;3;137
2023-04-16;"alle";4;4;4;4;4;4;4;4;4;4;4;4;160;160;160;160;160;160;160;160;160;160;160;160;NA;NA;NA;NA;NA;NA;NA;NA;NA;NA;NA;4;159
2023-04-15;"0-60";0;0;0;0;0;0;0;0;0;0;0;0;21;21;21;21;21;21;21;21;21;21;21;21;1;1;1;1;1;1;1;1;1;1;1;0;21
2023-04-15;"60+";20;20;20;20;20;20;20;20;20;20;20;20;137;137;137;137;137;137;137;137;137;137;137;137;1;1;1;1;1;1;1;1;1;1;1;20;136
2023-04-15;"alle";20;20;20;20;20;20;20;20;20;20;20;20;158;158;158;158;158;158;158;158;158;158;158;158;NA;NA;NA;NA;NA;NA;NA;NA;NA;NA;NA;20;157
2023-04-14;"0-60";4;4;4;4;4;4;4;4;4;4;4;4;22;22;22;22;22;22;22;22;22;22;22;22;1;1;1;1;1;1;1;1;1;1;1;4;22
2023-04-14;"60+";27;27;27;27;27;27;27;27;27;27;27;27;121;121;121;121;121;121;121;121;121;121;121;121;1;1;1;1;1;1;1;1;1;1;1;26;120
2023-04-14;"alle";31;31;31;31;31;31;31;31;31;31;31;31;143;143;143;143;143;143;143;143;143;143;143;143;NA;NA;NA;NA;NA;NA;NA;NA;NA;NA;NA;30;142
2023-04-13;"0-60";3;3;3;3;3;3;3;3;3;3;3;3;26;26;26;26;26;26;26;26;26;26;26;26;1;1;1;1;1;1;1;1;1;1;1;3;26
2023-04-13;"60+";26;26;26;26;26;26;26;26;26;26;26;26;118;118;118;118;118;118;118;118;118;118;118;118;1;1;1;1;1;1;1;1;1;1;1;26;117
2023-04-13;"alle";29;29;29;29;29;29;29;29;29;29;29;29;144;144;144;144;144;144;144;144;144;144;144;144;NA;NA;NA;NA;NA;NA;NA;NA;NA;NA;NA;29;143
2023-04-12;"0-60";14;14;14;14;14;14;14;14;14;14;14;14;29;29;29;29;29;29;29;29;29;29;29;29;1;1;1;1;1;1;1;1;1;1;1;14;29
2023-04-12;"60+";53;53;53;53;53;53;53;53;53;53;53;53;109;109;109;109;109;109;109;109;109;109;109;109;1;1;1;1;1;1;1;1;1;1;1;53;108
2023-04-12;"alle";67;67;67;67;67;67;67;67;67;67;67;67;138;138;138;138;138;138;138;138;138;138;138;138;NA;NA;NA;NA;NA;NA;NA;NA;NA;NA;NA;67;137
2023-04-11;"0-60";0;0;0;0;0;0;0;0;0;0;0;0;25;25;25;25;25;25;25;25;25;25;25;25;1;1;1;1;1;1;1;1;1;1;1;0;25
2023-04-11;"60+";1;1;1;1;1;1;1;1;1;1;1;1;88;88;88;88;88;88;88;88;88;88;88;88;1;1;1;1;1;1;1;1;1;1;1;1;87
2023-04-11;"alle";1;1;1;1;1;1;1;1;1;1;1;1;113;113;113;113;113;113;113;113;113;113;113;113;NA;NA;NA;NA;NA;NA;NA;NA;NA;NA;NA;1;112
2023-04-10;"0-60";0;0;0;0;0;0;0;0;0;0;0;0;39;39;39;39;39;39;39;39;39;39;39;39;1;1;1;1;1;1;1;1;1;1;1;0;39
2023-04-10;"60+";8;8;8;8;8;8;8;8;8;8;8;8;120;120;120;120;120;120;120;120;120;120;120;120;1;1;1;1;1;1;1;1;1;1;1;8;119
2023-04-10;"alle";8;8;8;8;8;8;8;8;8;8;8;8;159;159;159;159;159;159;159;159;159;159;159;159;NA;NA;NA;NA;NA;NA;NA;NA;NA;NA;NA;8;158
2023-04-09;"0-60";0;0;0;0;0;0;0;0;0;0;0;0;40;40;40;40;40;40;40;40;40;40;40;40;1;1;1;1;1;1;1;1;1;1;1;0;40
2023-04-09;"60+";2;2;2;2;2;2;2;2;2;2;2;2;121;121;121;121;121;121;121;121;121;121;121;121;1;1;1;1;1;1;1;1;1;1;1;2;120
2023-04-09;"alle";2;2;2;2;2;2;2;2;2;2;2;2;161;161;161;161;161;161;161;161;161;161;161;161;NA;NA;NA;NA;NA;NA;NA;NA;NA;NA;NA;2;160
2023-04-08;"0-60";1;1;1;1;1;1;1;1;1;1;1;1;41;41;41;41;41;41;41;41;41;41;41;41;1;1;1;1;1;1;1;1;1;1;1;1;41
2023-04-08;"60+";4;4;4;4;4;4;4;4;4;4;4;4;121;121;121;121;121;121;121;121;121;121;121;121;1;1;1;1;1;1;1;1;1;1;1;4;120
2023-04-08;"alle";5;5;5;5;5;5;5;5;5;5;5;5;162;162;162;162;162;162;162;162;162;162;162;162;NA;NA;NA;NA;NA;NA;NA;NA;NA;NA;NA;5;161
2023-04-07;"0-60";8;8;8;8;8;8;8;8;8;8;8;8;41;41;41;41;41;41;41;41;41;41;41;41;1;1;1;1;1;1;1;1;1;1;1;8;41
2023-04-07;"60+";24;24;24;24;24;24;24;24;24;24;24;24;132;132;132;132;132;132;132;132;132;132;132;132;1;1;1;1;1;1;1;1;1;1;1;23;131
2023-04-07;"alle";32;32;32;32;32;32;32;32;32;32;32;32;173;173;173;173;173;173;173;173;173;173;173;173;NA;NA;NA;NA;NA;NA;NA;NA;NA;NA;NA;31;172
2023-04-06;"0-60";6;6;6;6;6;6;6;6;6;6;6;6;41;41;41;41;41;41;41;41;41;41;41;41;1;1;1;1;1;1;1;1;1;1;1;6;40
2023-04-06;"60+";17;17;17;17;17;17;17;17;17;17;17;17;143;143;143;143;143;143;143;143;143;143;143;143;1;1;1;1;1;1;1;1;1;1;1;17;142
2023-04-06;"alle";23;23;23;23;23;23;23;23;23;23;23;23;184;184;184;184;184;184;184;184;184;184;184;184;NA;NA;NA;NA;NA;NA;NA;NA;NA;NA;NA;23;182
2023-04-05;"0-60";10;10;10;10;10;10;10;10;10;10;10;10;39;39;39;39;39;39;39;39;39;39;39;39;1;1;1;1;1;1;1;1;1;1;1;10;38
2023-04-05;"60+";32;32;32;32;32;32;32;32;32;32;32;32;148;148;148;148;148;148;148;148;148;148;148;148;1;1;1;1;1;1;1;1;1;1;1;32;147
2023-04-05;"alle";42;42;42;42;42;42;42;42;42;42;42;42;187;187;187;187;187;187;187;187;187;187;187;187;NA;NA;NA;NA;NA;NA;NA;NA;NA;NA;NA;42;185
2023-04-04;"0-60";14;14;14;14;14;14;14;14;14;14;14;14;34;34;34;34;34;34;34;34;34;34;34;34;1;1;1;1;1;1;1;1;1;1;1;14;33
2023-04-04;"60+";33;33;33;33;33;33;33;33;33;33;33;33;154;154;154;154;154;154;154;154;154;154;154;154;1;1;1;1;1;1;1;1;1;1;1;33;153
2023-04-04;"alle";47;47;47;47;47;47;47;47;47;47;47;47;188;188;188;188;188;188;188;188;188;188;188;188;NA;NA;NA;NA;NA;NA;NA;NA;NA;NA;NA;47;186
2023-04-03;"0-60";1;1;1;1;1;1;1;1;1;1;1;1;34;34;34;34;34;34;34;34;34;34;34;34;1;1;1;1;1;1;1;1;1;1;1;1;33
2023-04-03;"60+";9;9;9;9;9;9;9;9;9;9;9;9;172;172;172;172;172;172;172;172;172;172;172;172;1;1;1;1;1;1;1;1;1;1;1;9;171
2023-04-03;"alle";10;10;10;10;10;10;10;10;10;10;10;10;206;206;206;206;206;206;206;206;206;206;206;206;NA;NA;NA;NA;NA;NA;NA;NA;NA;NA;NA;10;204
2023-04-02;"0-60";1;1;1;1;1;1;1;1;1;1;1;1;33;33;33;33;33;33;33;33;33;33;33;33;1;1;1;1;1;1;1;1;1;1;1;1;32
2023-04-02;"60+";2;2;2;2;2;2;2;2;2;2;2;2;170;170;170;170;170;170;170;170;170;170;170;170;1;1;1;1;1;1;1;1;1;1;1;2;169
2023-04-02;"alle";3;3;3;3;3;3;3;3;3;3;3;3;203;203;203;203;203;203;203;203;203;203;203;203;NA;NA;NA;NA;NA;NA;NA;NA;NA;NA;NA;3;201
2023-04-01;"0-60";1;1;1;1;1;1;1;1;1;1;1;1;32;32;32;32;32;32;32;32;32;32;32;32;1;1;1;1;1;1;1;1;1;1;1;1;31
2023-04-01;"60+";15;15;15;15;15;15;15;15;15;15;15;15;171;171;171;171;171;171;171;171;171;171;171;171;1;1;1;1;1;1;1;1;1;1;1;15;170
2023-04-01;"alle";16;16;16;16;16;16;16;16;16;16;16;16;203;203;203;203;203;203;203;203;203;203;203;203;NA;NA;NA;NA;NA;NA;NA;NA;NA;NA;NA;16;201
2023-03-31;"0-60";8;8;8;8;8;8;8;8;8;8;8;8;36;36;36;36;36;36;36;36;36;36;36;36;1;1;1;1;1;1;1;1;1;1;1;7;35
2023-03-31;"60+";35;35;35;35;35;35;35;35;35;35;35;35;188;188;188;188;188;188;188;188;188;188;188;188;1;1;1;1;1;1;1;1;1;1;1;34;187
2023-03-31;"alle";43;43;43;43;43;43;43;43;43;43;43;43;224;224;224;224;224;224;224;224;224;224;224;224;NA;NA;NA;NA;NA;NA;NA;NA;NA;NA;NA;41;222
2023-03-30;"0-60";4;4;4;4;4;4;4;4;4;4;4;4;35;35;35;35;35;35;35;35;35;35;35;35;1;1;1;1;1;1;1;1;1;1;1;4;35
2023-03-30;"60+";22;22;22;22;22;22;22;22;22;22;22;22;193;193;193;193;193;193;193;193;193;193;193;193;1;1;1;1;1;1;1;1;1;1;1;22;193
2023-03-30;"alle";26;26;26;26;26;26;26;26;26;26;26;26;228;228;228;228;228;228;228;228;228;228;228;228;NA;NA;NA;NA;NA;NA;NA;NA;NA;NA;NA;26;228
2023-03-29;"0-60";5;5;5;5;5;5;5;5;5;5;5;5;40;40;40;40;40;40;40;40;40;40;40;40;1;1;1;1;1;1;1;1;1;1;1;5;40
2023-03-29;"60+";38;38;38;38;38;38;38;38;38;38;38;38;199;199;199;199;199;199;199;199;199;199;199;199;1;1;1;1;1;1;1;1;1;1;1;38;199
2023-03-29;"alle";43;43;43;43;43;43;43;43;43;43;43;43;239;239;239;239;239;239;239;239;239;239;239;239;NA;NA;NA;NA;NA;NA;NA;NA;NA;NA;NA;43;239
2023-03-28;"0-60";14;14;14;14;14;14;14;14;14;14;14;14;49;49;49;49;49;49;49;49;49;49;49;49;1;1;1;1;1;1;1;1;1;1;1;14;49
2023-03-28;"60+";51;51;51;51;51;51;51;51;51;51;51;51;217;217;217;217;217;217;217;217;217;217;217;217;1;1;1;1;1;1;1;1;1;1;1;51;217
2023-03-28;"alle";65;65;65;65;65;65;65;65;65;65;65;65;266;266;266;266;266;266;266;266;266;266;266;266;NA;NA;NA;NA;NA;NA;NA;NA;NA;NA;NA;65;266
2023-03-27;"0-60";0;0;0;0;0;0;0;0;0;0;0;0;48;48;48;48;48;48;48;48;48;48;48;48;1;1;1;1;1;1;1;1;1;1;1;0;48
2023-03-27;"60+";7;7;7;7;7;7;7;7;7;7;7;7;246;246;246;246;246;246;246;246;246;246;246;246;1;1;1;1;1;1;1;1;1;1;1;7;244
2023-03-27;"alle";7;7;7;7;7;7;7;7;7;7;7;7;294;294;294;294;294;294;294;294;294;294;294;294;NA;NA;NA;NA;NA;NA;NA;NA;NA;NA;NA;7;292
2023-03-26;"0-60";0;0;0;0;0;0;0;0;0;0;0;0;48;48;48;48;48;48;48;48;48;48;48;48;1;1;1;1;1;1;1;1;1;1;1;0;48
2023-03-26;"60+";3;3;3;3;3;3;3;3;3;3;3;3;248;248;248;248;248;248;248;248;248;248;248;248;1;1;1;1;1;1;1;1;1;1;1;3;246
2023-03-26;"alle";3;3;3;3;3;3;3;3;3;3;3;3;296;296;296;296;296;296;296;296;296;296;296;296;NA;NA;NA;NA;NA;NA;NA;NA;NA;NA;NA;3;294
2023-03-25;"0-60";5;5;5;5;5;5;5;5;5;5;5;5;48;48;48;48;48;48;48;48;48;48;48;48;1;1;1;1;1;1;1;1;1;1;1;5;48
2023-03-25;"60+";32;32;32;32;32;32;32;32;32;32;32;32;253;253;253;253;253;253;253;253;253;253;253;253;1;1;1;1;1;1;1;1;1;1;1;32;251
2023-03-25;"alle";37;37;37;37;37;37;37;37;37;37;37;37;301;301;301;301;301;301;301;301;301;301;301;301;NA;NA;NA;NA;NA;NA;NA;NA;NA;NA;NA;37;299
2023-03-24;"0-60";7;7;7;7;7;7;7;7;7;7;7;7;53;53;53;53;53;53;53;53;53;53;53;53;1;1;1;1;1;1;1;1;1;1;1;7;53
2023-03-24;"60+";40;40;40;40;40;40;40;40;40;40;40;40;266;266;266;266;266;266;266;266;266;266;266;266;1;1;1;1;1;1;1;1;1;1;1;40;264
2023-03-24;"alle";47;47;47;47;47;47;47;47;47;47;47;47;319;319;319;319;319;319;319;319;319;319;319;319;NA;NA;NA;NA;NA;NA;NA;NA;NA;NA;NA;47;317
2023-03-23;"0-60";9;9;9;9;9;9;9;9;9;9;9;9;55;55;55;55;55;55;55;55;55;55;55;55;1;1;1;1;1;1;1;1;1;1;1;9;55
2023-03-23;"60+";28;28;28;28;28;28;28;28;28;28;28;28;272;272;272;272;272;272;272;272;272;272;272;272;1;1;1;1;1;1;1;1;1;1;1;28;268
2023-03-23;"alle";37;37;37;37;37;37;37;37;37;37;37;37;327;327;327;327;327;327;327;327;327;327;327;327;NA;NA;NA;NA;NA;NA;NA;NA;NA;NA;NA;37;323
2023-03-22;"0-60";14;14;14;14;14;14;14;14;14;14;14;14;55;55;55;55;55;55;55;55;55;55;55;55;1;1;1;1;1;1;1;1;1;1;1;14;55
2023-03-22;"60+";56;56;56;56;56;56;56;56;56;56;56;56;281;281;281;281;281;281;281;281;281;281;281;281;1;1;1;1;1;1;1;1;1;1;1;56;277
2023-03-22;"alle";70;70;70;70;70;70;70;70;70;70;70;70;336;336;336;336;336;336;336;336;336;336;336;336;NA;NA;NA;NA;NA;NA;NA;NA;NA;NA;NA;70;332
2023-03-21;"0-60";13;13;13;13;13;13;13;13;13;13;13;13;65;65;65;65;65;65;65;65;65;65;65;65;1;1;1;1;1;1;1;1;1;1;1;13;65
2023-03-21;"60+";80;80;80;80;80;80;80;80;80;80;80;80;291;291;291;291;291;291;291;291;291;291;291;291;1;1;1;1;1;1;1;1;1;1;1;78;287
2023-03-21;"alle";93;93;93;93;93;93;93;93;93;93;93;93;356;356;356;356;356;356;356;356;356;356;356;356;NA;NA;NA;NA;NA;NA;NA;NA;NA;NA;NA;91;352
2023-03-20;"0-60";0;0;0;0;0;0;0;0;0;0;0;0;64;64;64;64;64;64;64;64;64;64;64;64;1;1;1;1;1;1;1;1;1;1;1;0;64
2023-03-20;"60+";9;9;9;9;9;9;9;9;9;9;9;9;287;287;287;287;287;287;287;287;287;287;287;287;1;1;1;1;1;1;1;1;1;1;1;9;285
2023-03-20;"alle";9;9;9;9;9;9;9;9;9;9;9;9;351;351;351;351;351;351;351;351;351;351;351;351;NA;NA;NA;NA;NA;NA;NA;NA;NA;NA;NA;9;349
2023-03-19;"0-60";0;0;0;0;0;0;0;0;0;0;0;0;65;65;65;65;65;65;65;65;65;65;65;65;1;1;1;1;1;1;1;1;1;1;1;0;65
2023-03-19;"60+";8;8;8;8;8;8;8;8;8;8;8;8;285;285;285;285;285;285;285;285;285;285;285;285;1;1;1;1;1;1;1;1;1;1;1;8;283
2023-03-19;"alle";8;8;8;8;8;8;8;8;8;8;8;8;350;350;350;350;350;350;350;350;350;350;350;350;NA;NA;NA;NA;NA;NA;NA;NA;NA;NA;NA;8;348
2023-03-18;"0-60";10;10;10;10;10;10;10;10;10;10;10;10;67;67;67;67;67;67;67;67;67;67;67;67;1;1;1;1;1;1;1;1;1;1;1;10;67
2023-03-18;"60+";45;45;45;45;45;45;45;45;45;45;45;45;284;284;284;284;284;284;284;284;284;284;284;284;1;1;1;1;1;1;1;1;1;1;1;45;282
2023-03-18;"alle";55;55;55;55;55;55;55;55;55;55;55;55;351;351;351;351;351;351;351;351;351;351;351;351;NA;NA;NA;NA;NA;NA;NA;NA;NA;NA;NA;55;349
2023-03-17;"0-60";9;9;9;9;9;9;9;9;9;9;9;9;69;69;69;69;69;69;69;69;69;69;69;69;1;1;1;1;1;1;1;1;1;1;1;9;69
2023-03-17;"60+";46;46;46;46;46;46;46;46;46;46;46;46;292;292;292;292;292;292;292;292;292;292;292;292;1;1;1;1;1;1;1;1;1;1;1;44;290
2023-03-17;"alle";55;55;55;55;55;55;55;55;55;55;55;55;361;361;361;361;361;361;361;361;361;361;361;361;NA;NA;NA;NA;NA;NA;NA;NA;NA;NA;NA;53;359
2023-03-16;"0-60";9;9;9;9;9;9;9;9;9;9;9;9;62;62;62;62;62;62;62;62;62;62;62;62;1;1;1;1;1;1;1;1;1;1;1;9;62
2023-03-16;"60+";37;37;37;37;37;37;37;37;37;37;37;37;287;287;287;287;287;287;287;287;287;287;287;287;1;1;1;1;1;1;1;1;1;1;1;37;287
2023-03-16;"alle";46;46;46;46;46;46;46;46;46;46;46;46;349;349;349;349;349;349;349;349;349;349;349;349;NA;NA;NA;NA;NA;NA;NA;NA;NA;NA;NA;46;349
2023-03-15;"0-60";24;24;24;24;24;24;24;24;24;24;24;24;65;65;65;65;65;65;65;65;65;65;65;65;1;1;1;1;1;1;1;1;1;1;1;24;65
2023-03-15;"60+";66;66;66;66;66;66;66;66;66;66;66;66;287;287;287;287;287;287;287;287;287;287;287;287;1;1;1;1;1;1;1;1;1;1;1;66;287
2023-03-15;"alle";90;90;90;90;90;90;90;90;90;90;90;90;352;352;352;352;352;352;352;352;352;352;352;352;NA;NA;NA;NA;NA;NA;NA;NA;NA;NA;NA;90;352
2023-03-14;"0-60";12;12;12;12;12;12;12;12;12;12;12;12;52;52;52;52;52;52;52;52;52;52;52;52;1;1;1;1;1;1;1;1;1;1;1;12;52
2023-03-14;"60+";76;76;76;76;76;76;76;76;76;76;76;76;283;283;283;283;283;283;283;283;283;283;283;283;1;1;1;1;1;1;1;1;1;1;1;76;283
2023-03-14;"alle";88;88;88;88;88;88;88;88;88;88;88;88;335;335;335;335;335;335;335;335;335;335;335;335;NA;NA;NA;NA;NA;NA;NA;NA;NA;NA;NA;88;335
2023-03-13;"0-60";1;1;1;1;1;1;1;1;1;1;1;1;52;52;52;52;52;52;52;52;52;52;52;52;1;1;1;1;1;1;1;1;1;1;1;1;52
2023-03-13;"60+";7;7;7;7;7;7;7;7;7;7;7;7;267;267;267;267;267;267;267;267;267;267;267;267;1;1;1;1;1;1;1;1;1;1;1;7;267
2023-03-13;"alle";8;8;8;8;8;8;8;8;8;8;8;8;319;319;319;319;319;319;319;319;319;319;319;319;NA;NA;NA;NA;NA;NA;NA;NA;NA;NA;NA;8;319
2023-03-12;"0-60";2;2;2;2;2;2;2;2;2;2;2;2;52;52;52;52;52;52;52;52;52;52;52;52;1;1;1;1;1;1;1;1;1;1;1;2;52
2023-03-12;"60+";7;7;7;7;7;7;7;7;7;7;7;7;263;263;263;263;263;263;263;263;263;263;263;263;1;1;1;1;1;1;1;1;1;1;1;7;263
2023-03-12;"alle";9;9;9;9;9;9;9;9;9;9;9;9;315;315;315;315;315;315;315;315;315;315;315;315;NA;NA;NA;NA;NA;NA;NA;NA;NA;NA;NA;9;315
2023-03-11;"0-60";12;12;12;12;12;12;12;12;12;12;12;12;50;50;50;50;50;50;50;50;50;50;50;50;1;1;1;1;1;1;1;1;1;1;1;12;50
2023-03-11;"60+";53;53;53;53;53;53;53;53;53;53;53;53;258;258;258;258;258;258;258;258;258;258;258;258;1;1;1;1;1;1;1;1;1;1;1;53;258
2023-03-11;"alle";65;65;65;65;65;65;65;65;65;65;65;65;308;308;308;308;308;308;308;308;308;308;308;308;NA;NA;NA;NA;NA;NA;NA;NA;NA;NA;NA;65;308
2023-03-10;"0-60";2;2;2;2;2;2;2;2;2;2;2;2;44;44;44;44;44;44;44;44;44;44;44;44;1;1;1;1;1;1;1;1;1;1;1;2;44
2023-03-10;"60+";41;41;41;41;41;41;41;41;41;41;41;41;228;228;228;228;228;228;228;228;228;228;228;228;1;1;1;1;1;1;1;1;1;1;1;41;227
2023-03-10;"alle";43;43;43;43;43;43;43;43;43;43;43;43;272;272;272;272;272;272;272;272;272;272;272;272;NA;NA;NA;NA;NA;NA;NA;NA;NA;NA;NA;43;271
2023-03-09;"0-60";12;12;12;12;12;12;12;12;12;12;12;12;46;46;46;46;46;46;46;46;46;46;46;46;1;1;1;1;1;1;1;1;1;1;1;12;46
2023-03-09;"60+";37;37;37;37;37;37;37;37;37;37;37;37;222;222;222;222;222;222;222;222;222;222;222;222;1;1;1;1;1;1;1;1;1;1;1;37;221
2023-03-09;"alle";49;49;49;49;49;49;49;49;49;49;49;49;268;268;268;268;268;268;268;268;268;268;268;268;NA;NA;NA;NA;NA;NA;NA;NA;NA;NA;NA;49;267
2023-03-08;"0-60";11;11;11;11;11;11;11;11;11;11;11;11;44;44;44;44;44;44;44;44;44;44;44;44;1;1;1;1;1;1;1;1;1;1;1;11;44
2023-03-08;"60+";62;62;62;62;62;62;62;62;62;62;62;62;229;229;229;229;229;229;229;229;229;229;229;229;1;1;1;1;1;1;1;1;1;1;1;62;228
2023-03-08;"alle";73;73;73;73;73;73;73;73;73;73;73;73;273;273;273;273;273;273;273;273;273;273;273;273;NA;NA;NA;NA;NA;NA;NA;NA;NA;NA;NA;73;272
2023-03-07;"0-60";12;12;12;12;12;12;12;12;12;12;12;12;46;46;46;46;46;46;46;46;46;46;46;46;1;1;1;1;1;1;1;1;1;1;1;12;46
2023-03-07;"60+";60;60;60;60;60;60;60;60;60;60;60;60;204;204;204;204;204;204;204;204;204;204;204;204;1;1;1;1;1;1;1;1;1;1;1;60;203
2023-03-07;"alle";72;72;72;72;72;72;72;72;72;72;72;72;250;250;250;250;250;250;250;250;250;250;250;250;NA;NA;NA;NA;NA;NA;NA;NA;NA;NA;NA;72;249
2023-03-06;"0-60";1;1;1;1;1;1;1;1;1;1;1;1;48;48;48;48;48;48;48;48;48;48;48;48;1;1;1;1;1;1;1;1;1;1;1;1;48
2023-03-06;"60+";3;3;3;3;3;3;3;3;3;3;3;3;207;207;207;207;207;207;207;207;207;207;207;207;1;1;1;1;1;1;1;1;1;1;1;3;206
2023-03-06;"alle";4;4;4;4;4;4;4;4;4;4;4;4;255;255;255;255;255;255;255;255;255;255;255;255;NA;NA;NA;NA;NA;NA;NA;NA;NA;NA;NA;4;254
2023-03-05;"0-60";0;0;0;0;0;0;0;0;0;0;0;0;48;48;48;48;48;48;48;48;48;48;48;48;1;1;1;1;1;1;1;1;1;1;1;0;48
2023-03-05;"60+";2;2;2;2;2;2;2;2;2;2;2;2;207;207;207;207;207;207;207;207;207;207;207;207;1;1;1;1;1;1;1;1;1;1;1;2;206
2023-03-05;"alle";2;2;2;2;2;2;2;2;2;2;2;2;255;255;255;255;255;255;255;255;255;255;255;255;NA;NA;NA;NA;NA;NA;NA;NA;NA;NA;NA;2;254
2023-03-04;"0-60";6;6;6;6;6;6;6;6;6;6;6;6;50;50;50;50;50;50;50;50;50;50;50;50;1;1;1;1;1;1;1;1;1;1;1;6;50
2023-03-04;"60+";23;23;23;23;23;23;23;23;23;23;23;23;208;208;208;208;208;208;208;208;208;208;208;208;1;1;1;1;1;1;1;1;1;1;1;22;207
2023-03-04;"alle";29;29;29;29;29;29;29;29;29;29;29;29;258;258;258;258;258;258;258;258;258;258;258;258;NA;NA;NA;NA;NA;NA;NA;NA;NA;NA;NA;28;257
2023-03-03;"0-60";4;4;4;4;4;4;4;4;4;4;4;4;50;50;50;50;50;50;50;50;50;50;50;50;1;1;1;1;1;1;1;1;1;1;1;4;50
2023-03-03;"60+";35;35;35;35;35;35;35;35;35;35;35;35;212;212;212;212;212;212;212;212;212;212;212;212;1;1;1;1;1;1;1;1;1;1;1;35;212
2023-03-03;"alle";39;39;39;39;39;39;39;39;39;39;39;39;262;262;262;262;262;262;262;262;262;262;262;262;NA;NA;NA;NA;NA;NA;NA;NA;NA;NA;NA;39;262
2023-03-02;"0-60";10;10;10;10;10;10;10;10;10;10;10;10;59;59;59;59;59;59;59;59;59;59;59;59;1;1;1;1;1;1;1;1;1;1;1;10;59
2023-03-02;"60+";44;44;44;44;44;44;44;44;44;44;44;44;208;208;208;208;208;208;208;208;208;208;208;208;1;1;1;1;1;1;1;1;1;1;1;44;208
2023-03-02;"alle";54;54;54;54;54;54;54;54;54;54;54;54;267;267;267;267;267;267;267;267;267;267;267;267;NA;NA;NA;NA;NA;NA;NA;NA;NA;NA;NA;54;267
2023-03-01;"0-60";13;13;13;13;13;13;13;13;13;13;13;13;66;66;66;66;66;66;66;66;66;66;66;66;1;1;1;1;1;1;1;1;1;1;1;13;66
2023-03-01;"60+";37;37;37;37;37;37;37;37;37;37;37;37;200;200;200;200;200;200;200;200;200;200;200;200;1;1;1;1;1;1;1;1;1;1;1;37;200
2023-03-01;"alle";50;50;50;50;50;50;50;50;50;50;50;50;266;266;266;266;266;266;266;266;266;266;266;266;NA;NA;NA;NA;NA;NA;NA;NA;NA;NA;NA;50;267
2023-02-28;"0-60";14;14;14;14;14;14;14;14;14;14;14;14;63;63;63;63;63;63;63;63;63;63;63;63;1;1;1;1;1;1;1;1;1;1;1;14;63
2023-02-28;"60+";63;63;63;63;63;63;63;63;63;63;63;63;229;229;229;229;229;229;229;229;229;229;229;229;1;1;1;1;1;1;1;1;1;1;1;63;229
2023-02-28;"alle";77;77;77;77;77;77;77;77;77;77;77;77;292;292;292;292;292;292;292;292;292;292;292;292;NA;NA;NA;NA;NA;NA;NA;NA;NA;NA;NA;77;293
2023-02-27;"0-60";1;1;1;1;1;1;1;1;1;1;1;1;60;60;60;60;60;60;60;60;60;60;60;60;1;1;1;1;1;1;1;1;1;1;1;1;60
2023-02-27;"60+";3;3;3;3;3;3;3;3;3;3;3;3;219;219;219;219;219;219;219;219;219;219;219;219;1;1;1;1;1;1;1;1;1;1;1;3;219
2023-02-27;"alle";4;4;4;4;4;4;4;4;4;4;4;4;279;279;279;279;279;279;279;279;279;279;279;279;NA;NA;NA;NA;NA;NA;NA;NA;NA;NA;NA;4;280
2023-02-26;"0-60";2;2;2;2;2;2;2;2;2;2;2;2;59;59;59;59;59;59;59;59;59;59;59;59;1;1;1;1;1;1;1;1;1;1;1;2;59
2023-02-26;"60+";3;3;3;3;3;3;3;3;3;3;3;3;222;222;222;222;222;222;222;222;222;222;222;222;1;1;1;1;1;1;1;1;1;1;1;3;222
2023-02-26;"alle";5;5;5;5;5;5;5;5;5;5;5;5;281;281;281;281;281;281;281;281;281;281;281;281;NA;NA;NA;NA;NA;NA;NA;NA;NA;NA;NA;5;282
2023-02-25;"0-60";6;6;6;6;6;6;6;6;6;6;6;6;57;57;57;57;57;57;57;57;57;57;57;57;1;1;1;1;1;1;1;1;1;1;1;6;57
2023-02-25;"60+";27;27;27;27;27;27;27;27;27;27;27;27;224;224;224;224;224;224;224;224;224;224;224;224;1;1;1;1;1;1;1;1;1;1;1;27;224
2023-02-25;"alle";33;33;33;33;33;33;33;33;33;33;33;33;281;281;281;281;281;281;281;281;281;281;281;281;NA;NA;NA;NA;NA;NA;NA;NA;NA;NA;NA;33;282
2023-02-24;"0-60";13;13;13;13;13;13;13;13;13;13;13;13;55;55;55;55;55;55;55;55;55;55;55;55;1;1;1;1;1;1;1;1;1;1;1;13;55
2023-02-24;"60+";31;31;31;31;31;31;31;31;31;31;31;31;225;225;225;225;225;225;225;225;225;225;225;225;1;1;1;1;1;1;1;1;1;1;1;31;225
2023-02-24;"alle";44;44;44;44;44;44;44;44;44;44;44;44;280;280;280;280;280;280;280;280;280;280;280;280;NA;NA;NA;NA;NA;NA;NA;NA;NA;NA;NA;44;281
2023-02-23;"0-60";17;17;17;17;17;17;17;17;17;17;17;17;57;57;57;57;57;57;57;57;57;57;57;57;1;1;1;1;1;1;1;1;1;1;1;17;57
2023-02-23;"60+";36;36;36;36;36;36;36;36;36;36;36;36;237;237;237;237;237;237;237;237;237;237;237;237;1;1;1;1;1;1;1;1;1;1;1;36;237
2023-02-23;"alle";53;53;53;53;53;53;53;53;53;53;53;53;294;294;294;294;294;294;294;294;294;294;294;294;NA;NA;NA;NA;NA;NA;NA;NA;NA;NA;NA;54;295
2023-02-22;"0-60";10;10;10;10;10;10;10;10;10;10;10;10;49;49;49;49;49;49;49;49;49;49;49;49;1;1;1;1;1;1;1;1;1;1;1;10;48
2023-02-22;"60+";66;66;66;66;66;66;66;66;66;66;66;66;225;225;225;225;225;225;225;225;225;225;225;225;1;1;1;1;1;1;1;1;1;1;1;66;224
2023-02-22;"alle";76;76;76;76;76;76;76;76;76;76;76;76;274;274;274;274;274;274;274;274;274;274;274;274;NA;NA;NA;NA;NA;NA;NA;NA;NA;NA;NA;76;272
2023-02-21;"0-60";11;11;11;11;11;11;11;11;11;11;11;11;48;48;48;48;48;48;48;48;48;48;48;48;1;1;1;1;1;1;1;1;1;1;1;11;47
2023-02-21;"60+";53;53;53;53;53;53;53;53;53;53;53;53;207;207;207;207;207;207;207;207;207;207;207;207;1;1;1;1;1;1;1;1;1;1;1;53;206
2023-02-21;"alle";64;64;64;64;64;64;64;64;64;64;64;64;255;255;255;255;255;255;255;255;255;255;255;255;NA;NA;NA;NA;NA;NA;NA;NA;NA;NA;NA;64;253
2023-02-20;"0-60";0;0;0;0;0;0;0;0;0;0;0;0;53;53;53;53;53;53;53;53;53;53;53;53;1;1;1;1;1;1;1;1;1;1;1;0;52
2023-02-20;"60+";6;6;6;6;6;6;6;6;6;6;6;6;202;202;202;202;202;202;202;202;202;202;202;202;1;1;1;1;1;1;1;1;1;1;1;6;201
2023-02-20;"alle";6;6;6;6;6;6;6;6;6;6;6;6;255;255;255;255;255;255;255;255;255;255;255;255;NA;NA;NA;NA;NA;NA;NA;NA;NA;NA;NA;6;253
2023-02-19;"0-60";0;0;0;0;0;0;0;0;0;0;0;0;55;55;55;55;55;55;55;55;55;55;55;55;1;1;1;1;1;1;1;1;1;1;1;0;54
2023-02-19;"60+";5;5;5;5;5;5;5;5;5;5;5;5;200;200;200;200;200;200;200;200;200;200;200;200;1;1;1;1;1;1;1;1;1;1;1;5;199
2023-02-19;"alle";5;5;5;5;5;5;5;5;5;5;5;5;255;255;255;255;255;255;255;255;255;255;255;255;NA;NA;NA;NA;NA;NA;NA;NA;NA;NA;NA;5;253
2023-02-18;"0-60";4;4;4;4;4;4;4;4;4;4;4;4;57;57;57;57;57;57;57;57;57;57;57;57;1;1;1;1;1;1;1;1;1;1;1;4;56
2023-02-18;"60+";28;28;28;28;28;28;28;28;28;28;28;28;202;202;202;202;202;202;202;202;202;202;202;202;1;1;1;1;1;1;1;1;1;1;1;28;201
2023-02-18;"alle";32;32;32;32;32;32;32;32;32;32;32;32;259;259;259;259;259;259;259;259;259;259;259;259;NA;NA;NA;NA;NA;NA;NA;NA;NA;NA;NA;32;257
2023-02-17;"0-60";15;15;15;15;15;15;15;15;15;15;15;15;62;62;62;62;62;62;62;62;62;62;62;62;1;1;1;1;1;1;1;1;1;1;1;15;61
2023-02-17;"60+";43;43;43;43;43;43;43;43;43;43;43;43;200;200;200;200;200;200;200;200;200;200;200;200;1;1;1;1;1;1;1;1;1;1;1;43;199
2023-02-17;"alle";58;58;58;58;58;58;58;58;58;58;58;58;262;262;262;262;262;262;262;262;262;262;262;262;NA;NA;NA;NA;NA;NA;NA;NA;NA;NA;NA;58;260
2023-02-16;"0-60";9;9;9;9;9;9;9;9;9;9;9;9;53;53;53;53;53;53;53;53;53;53;53;53;1;1;1;1;1;1;1;1;1;1;1;8;52
2023-02-16;"60+";24;24;24;24;24;24;24;24;24;24;24;24;190;190;190;190;190;190;190;190;190;190;190;190;1;1;1;1;1;1;1;1;1;1;1;23;189
2023-02-16;"alle";33;33;33;33;33;33;33;33;33;33;33;33;243;243;243;243;243;243;243;243;243;243;243;243;NA;NA;NA;NA;NA;NA;NA;NA;NA;NA;NA;31;241
2023-02-15;"0-60";9;9;9;9;9;9;9;9;9;9;9;9;49;49;49;49;49;49;49;49;49;49;49;49;1;1;1;1;1;1;1;1;1;1;1;9;49
2023-02-15;"60+";48;48;48;48;48;48;48;48;48;48;48;48;185;185;185;185;185;185;185;185;185;185;185;185;1;1;1;1;1;1;1;1;1;1;1;48;184
2023-02-15;"alle";57;57;57;57;57;57;57;57;57;57;57;57;234;234;234;234;234;234;234;234;234;234;234;234;NA;NA;NA;NA;NA;NA;NA;NA;NA;NA;NA;57;233
2023-02-14;"0-60";16;16;16;16;16;16;16;16;16;16;16;16;45;45;45;45;45;45;45;45;45;45;45;45;1;1;1;1;1;1;1;1;1;1;1;16;45
2023-02-14;"60+";48;48;48;48;48;48;48;48;48;48;48;48;160;160;160;160;160;160;160;160;160;160;160;160;1;1;1;1;1;1;1;1;1;1;1;48;159
2023-02-14;"alle";64;64;64;64;64;64;64;64;64;64;64;64;205;205;205;205;205;205;205;205;205;205;205;205;NA;NA;NA;NA;NA;NA;NA;NA;NA;NA;NA;64;204
2023-02-13;"0-60";2;2;2;2;2;2;2;2;2;2;2;2;38;38;38;38;38;38;38;38;38;38;38;38;1;1;1;1;1;1;1;1;1;1;1;2;37
2023-02-13;"60+";4;4;4;4;4;4;4;4;4;4;4;4;138;138;138;138;138;138;138;138;138;138;138;138;1;1;1;1;1;1;1;1;1;1;1;4;137
2023-02-13;"alle";6;6;6;6;6;6;6;6;6;6;6;6;176;176;176;176;176;176;176;176;176;176;176;176;NA;NA;NA;NA;NA;NA;NA;NA;NA;NA;NA;6;174
2023-02-12;"0-60";2;2;2;2;2;2;2;2;2;2;2;2;37;37;37;37;37;37;37;37;37;37;37;37;1;1;1;1;1;1;1;1;1;1;1;2;36
2023-02-12;"60+";7;7;7;7;7;7;7;7;7;7;7;7;138;138;138;138;138;138;138;138;138;138;138;138;1;1;1;1;1;1;1;1;1;1;1;7;137
2023-02-12;"alle";9;9;9;9;9;9;9;9;9;9;9;9;175;175;175;175;175;175;175;175;175;175;175;175;NA;NA;NA;NA;NA;NA;NA;NA;NA;NA;NA;9;173
2023-02-11;"0-60";9;9;9;9;9;9;9;9;9;9;9;9;36;36;36;36;36;36;36;36;36;36;36;36;1;1;1;1;1;1;1;1;1;1;1;9;35
2023-02-11;"60+";26;26;26;26;26;26;26;26;26;26;26;26;132;132;132;132;132;132;132;132;132;132;132;132;1;1;1;1;1;1;1;1;1;1;1;26;131
2023-02-11;"alle";35;35;35;35;35;35;35;35;35;35;35;35;168;168;168;168;168;168;168;168;168;168;168;168;NA;NA;NA;NA;NA;NA;NA;NA;NA;NA;NA;35;166
2023-02-10;"0-60";6;6;6;6;6;6;6;6;6;6;6;6;35;35;35;35;35;35;35;35;35;35;35;35;1;1;1;1;1;1;1;1;1;1;1;6;33
2023-02-10;"60+";33;33;33;33;33;33;33;33;33;33;33;33;122;122;122;122;122;122;122;122;122;122;122;122;1;1;1;1;1;1;1;1;1;1;1;33;121
2023-02-10;"alle";39;39;39;39;39;39;39;39;39;39;39;39;157;157;157;157;157;157;157;157;157;157;157;157;NA;NA;NA;NA;NA;NA;NA;NA;NA;NA;NA;39;154
2023-02-09;"0-60";5;5;5;5;5;5;5;5;5;5;5;5;42;42;42;42;42;42;42;42;42;42;42;42;1;1;1;1;1;1;1;1;1;1;1;5;40
2023-02-09;"60+";19;19;19;19;19;19;19;19;19;19;19;19;103;103;103;103;103;103;103;103;103;103;103;103;1;1;1;1;1;1;1;1;1;1;1;18;102
2023-02-09;"alle";24;24;24;24;24;24;24;24;24;24;24;24;145;145;145;145;145;145;145;145;145;145;145;145;NA;NA;NA;NA;NA;NA;NA;NA;NA;NA;NA;23;142
2023-02-08;"0-60";5;5;5;5;5;5;5;5;5;5;5;5;40;40;40;40;40;40;40;40;40;40;40;40;1;1;1;1;1;1;1;1;1;1;1;5;38
2023-02-08;"60+";23;23;23;23;23;23;23;23;23;23;23;23;103;103;103;103;103;103;103;103;103;103;103;103;1;1;1;1;1;1;1;1;1;1;1;23;103
2023-02-08;"alle";28;28;28;28;28;28;28;28;28;28;28;28;143;143;143;143;143;143;143;143;143;143;143;143;NA;NA;NA;NA;NA;NA;NA;NA;NA;NA;NA;28;141
2023-02-07;"0-60";9;9;9;9;9;9;9;9;9;9;9;9;40;40;40;40;40;40;40;40;40;40;40;40;1;1;1;1;1;1;1;1;1;1;1;8;38
2023-02-07;"60+";26;26;26;26;26;26;26;26;26;26;26;26;103;103;103;103;103;103;103;103;103;103;103;103;1;1;1;1;1;1;1;1;1;1;1;26;103
2023-02-07;"alle";35;35;35;35;35;35;35;35;35;35;35;35;143;143;143;143;143;143;143;143;143;143;143;143;NA;NA;NA;NA;NA;NA;NA;NA;NA;NA;NA;34;141
2023-02-06;"0-60";1;1;1;1;1;1;1;1;1;1;1;1;44;44;44;44;44;44;44;44;44;44;44;44;1;1;1;1;1;1;1;1;1;1;1;1;43
2023-02-06;"60+";4;4;4;4;4;4;4;4;4;4;4;4;98;98;98;98;98;98;98;98;98;98;98;98;1;1;1;1;1;1;1;1;1;1;1;4;97
2023-02-06;"alle";5;5;5;5;5;5;5;5;5;5;5;5;142;142;142;142;142;142;142;142;142;142;142;142;NA;NA;NA;NA;NA;NA;NA;NA;NA;NA;NA;5;140
2023-02-05;"0-60";1;1;1;1;1;1;1;1;1;1;1;1;44;44;44;44;44;44;44;44;44;44;44;44;1;1;1;1;1;1;1;1;1;1;1;1;43
2023-02-05;"60+";1;1;1;1;1;1;1;1;1;1;1;1;100;100;100;100;100;100;100;100;100;100;100;100;1;1;1;1;1;1;1;1;1;1;1;1;99
2023-02-05;"alle";2;2;2;2;2;2;2;2;2;2;2;2;144;144;144;144;144;144;144;144;144;144;144;144;NA;NA;NA;NA;NA;NA;NA;NA;NA;NA;NA;2;142
2023-02-04;"0-60";8;8;8;8;8;8;8;8;8;8;8;8;43;43;43;43;43;43;43;43;43;43;43;43;1;1;1;1;1;1;1;1;1;1;1;7;42
2023-02-04;"60+";16;16;16;16;16;16;16;16;16;16;16;16;100;100;100;100;100;100;100;100;100;100;100;100;1;1;1;1;1;1;1;1;1;1;1;16;99
2023-02-04;"alle";24;24;24;24;24;24;24;24;24;24;24;24;143;143;143;143;143;143;143;143;143;143;143;143;NA;NA;NA;NA;NA;NA;NA;NA;NA;NA;NA;23;141
2023-02-03;"0-60";13;13;13;13;13;13;13;13;13;13;13;13;39;39;39;39;39;39;39;39;39;39;39;39;1;1;1;1;1;1;1;1;1;1;1;13;39
2023-02-03;"60+";14;14;14;14;14;14;14;14;14;14;14;14;93;93;93;93;93;93;93;93;93;93;93;93;1;1;1;1;1;1;1;1;1;1;1;14;92
2023-02-03;"alle";27;27;27;27;27;27;27;27;27;27;27;27;132;132;132;132;132;132;132;132;132;132;132;132;NA;NA;NA;NA;NA;NA;NA;NA;NA;NA;NA;27;131
2023-02-02;"0-60";3;3;3;3;3;3;3;3;3;3;3;3;29;29;29;29;29;29;29;29;29;29;29;29;1;1;1;1;1;1;1;1;1;1;1;3;29
2023-02-02;"60+";19;19;19;19;19;19;19;19;19;19;19;19;90;90;90;90;90;90;90;90;90;90;90;90;1;1;1;1;1;1;1;1;1;1;1;19;89
2023-02-02;"alle";22;22;22;22;22;22;22;22;22;22;22;22;119;119;119;119;119;119;119;119;119;119;119;119;NA;NA;NA;NA;NA;NA;NA;NA;NA;NA;NA;22;118
2023-02-01;"0-60";5;5;5;5;5;5;5;5;5;5;5;5;28;28;28;28;28;28;28;28;28;28;28;28;1;1;1;1;1;1;1;1;1;1;1;5;28
2023-02-01;"60+";23;23;23;23;23;23;23;23;23;23;23;23;82;82;82;82;82;82;82;82;82;82;82;82;1;1;1;1;1;1;1;1;1;1;1;23;81
2023-02-01;"alle";28;28;28;28;28;28;28;28;28;28;28;28;110;110;110;110;110;110;110;110;110;110;110;110;NA;NA;NA;NA;NA;NA;NA;NA;NA;NA;NA;28;109
2023-01-31;"0-60";13;13;13;13;13;13;13;13;13;13;13;13;27;27;27;27;27;27;27;27;27;27;27;27;1;1;1;1;1;1;1;1;1;1;1;13;27
2023-01-31;"60+";21;21;21;21;21;21;21;21;21;21;21;21;75;75;75;75;75;75;75;75;75;75;75;75;1;1;1;1;1;1;1;1;1;1;1;20;74
2023-01-31;"alle";34;34;34;34;34;34;34;34;34;34;34;34;102;102;102;102;102;102;102;102;102;102;102;102;NA;NA;NA;NA;NA;NA;NA;NA;NA;NA;NA;33;101
2023-01-30;"0-60";1;1;1;1;1;1;1;1;1;1;1;1;19;19;19;19;19;19;19;19;19;19;19;19;1;1;1;1;1;1;1;1;1;1;1;1;19
2023-01-30;"60+";6;6;6;6;6;6;6;6;6;6;6;6;80;80;80;80;80;80;80;80;80;80;80;80;1;1;1;1;1;1;1;1;1;1;1;6;80
2023-01-30;"alle";7;7;7;7;7;7;7;7;7;7;7;7;99;99;99;99;99;99;99;99;99;99;99;99;NA;NA;NA;NA;NA;NA;NA;NA;NA;NA;NA;7;99
2023-01-29;"0-60";0;0;0;0;0;0;0;0;0;0;0;0;18;18;18;18;18;18;18;18;18;18;18;18;1;1;1;1;1;1;1;1;1;1;1;0;18
2023-01-29;"60+";1;1;1;1;1;1;1;1;1;1;1;1;76;76;76;76;76;76;76;76;76;76;76;76;1;1;1;1;1;1;1;1;1;1;1;1;76
2023-01-29;"alle";1;1;1;1;1;1;1;1;1;1;1;1;94;94;94;94;94;94;94;94;94;94;94;94;NA;NA;NA;NA;NA;NA;NA;NA;NA;NA;NA;1;94
2023-01-28;"0-60";4;4;4;4;4;4;4;4;4;4;4;4;18;18;18;18;18;18;18;18;18;18;18;18;1;1;1;1;1;1;1;1;1;1;1;4;18
2023-01-28;"60+";9;9;9;9;9;9;9;9;9;9;9;9;76;76;76;76;76;76;76;76;76;76;76;76;1;1;1;1;1;1;1;1;1;1;1;9;76
2023-01-28;"alle";13;13;13;13;13;13;13;13;13;13;13;13;94;94;94;94;94;94;94;94;94;94;94;94;NA;NA;NA;NA;NA;NA;NA;NA;NA;NA;NA;13;94
2023-01-27;"0-60";3;3;3;3;3;3;3;3;3;3;3;3;19;19;19;19;19;19;19;19;19;19;19;19;1;1;1;1;1;1;1;1;1;1;1;3;19
2023-01-27;"60+";11;11;11;11;11;11;11;11;11;11;11;11;75;75;75;75;75;75;75;75;75;75;75;75;1;1;1;1;1;1;1;1;1;1;1;11;75
2023-01-27;"alle";14;14;14;14;14;14;14;14;14;14;14;14;94;94;94;94;94;94;94;94;94;94;94;94;NA;NA;NA;NA;NA;NA;NA;NA;NA;NA;NA;14;94
2023-01-26;"0-60";2;2;2;2;2;2;2;2;2;2;2;2;17;17;17;17;17;17;17;17;17;17;17;17;1;1;1;1;1;1;1;1;1;1;1;2;17
2023-01-26;"60+";11;11;11;11;11;11;11;11;11;11;11;11;80;80;80;80;80;80;80;80;80;80;80;80;1;1;1;1;1;1;1;1;1;1;1;11;80
2023-01-26;"alle";13;13;13;13;13;13;13;13;13;13;13;13;97;97;97;97;97;97;97;97;97;97;97;97;NA;NA;NA;NA;NA;NA;NA;NA;NA;NA;NA;13;97
2023-01-25;"0-60";4;4;4;4;4;4;4;4;4;4;4;4;19;19;19;19;19;19;19;19;19;19;19;19;1;1;1;1;1;1;1;1;1;1;1;4;19
2023-01-25;"60+";16;16;16;16;16;16;16;16;16;16;16;16;83;83;83;83;83;83;83;83;83;83;83;83;1;1;1;1;1;1;1;1;1;1;1;16;82
2023-01-25;"alle";20;20;20;20;20;20;20;20;20;20;20;20;102;102;102;102;102;102;102;102;102;102;102;102;NA;NA;NA;NA;NA;NA;NA;NA;NA;NA;NA;20;101
2023-01-24;"0-60";5;5;5;5;5;5;5;5;5;5;5;5;24;24;24;24;24;24;24;24;24;24;24;24;1;1;1;1;1;1;1;1;1;1;1;5;24
2023-01-24;"60+";26;26;26;26;26;26;26;26;26;26;26;26;84;84;84;84;84;84;84;84;84;84;84;84;1;1;1;1;1;1;1;1;1;1;1;26;83
2023-01-24;"alle";31;31;31;31;31;31;31;31;31;31;31;31;108;108;108;108;108;108;108;108;108;108;108;108;NA;NA;NA;NA;NA;NA;NA;NA;NA;NA;NA;31;107
2023-01-23;"0-60";0;0;0;0;0;0;0;0;0;0;0;0;25;25;25;25;25;25;25;25;25;25;25;25;1;1;1;1;1;1;1;1;1;1;1;0;25
2023-01-23;"60+";2;2;2;2;2;2;2;2;2;2;2;2;85;85;85;85;85;85;85;85;85;85;85;85;1;1;1;1;1;1;1;1;1;1;1;2;84
2023-01-23;"alle";2;2;2;2;2;2;2;2;2;2;2;2;110;110;110;110;110;110;110;110;110;110;110;110;NA;NA;NA;NA;NA;NA;NA;NA;NA;NA;NA;2;109
2023-01-22;"0-60";0;0;0;0;0;0;0;0;0;0;0;0;25;25;25;25;25;25;25;25;25;25;25;25;1;1;1;1;1;1;1;1;1;1;1;0;25
2023-01-22;"60+";1;1;1;1;1;1;1;1;1;1;1;1;86;86;86;86;86;86;86;86;86;86;86;86;1;1;1;1;1;1;1;1;1;1;1;1;85
2023-01-22;"alle";1;1;1;1;1;1;1;1;1;1;1;1;111;111;111;111;111;111;111;111;111;111;111;111;NA;NA;NA;NA;NA;NA;NA;NA;NA;NA;NA;1;110
2023-01-21;"0-60";5;5;5;5;5;5;5;5;5;5;5;5;25;25;25;25;25;25;25;25;25;25;25;25;1;1;1;1;1;1;1;1;1;1;1;5;25
2023-01-21;"60+";8;8;8;8;8;8;8;8;8;8;8;8;87;87;87;87;87;87;87;87;87;87;87;87;1;1;1;1;1;1;1;1;1;1;1;8;86
2023-01-21;"alle";13;13;13;13;13;13;13;13;13;13;13;13;112;112;112;112;112;112;112;112;112;112;112;112;NA;NA;NA;NA;NA;NA;NA;NA;NA;NA;NA;13;111
2023-01-20;"0-60";1;1;1;1;1;1;1;1;1;1;1;1;24;24;24;24;24;24;24;24;24;24;24;24;1;1;1;1;1;1;1;1;1;1;1;1;24
2023-01-20;"60+";16;16;16;16;16;16;16;16;16;16;16;16;92;92;92;92;92;92;92;92;92;92;92;92;1;1;1;1;1;1;1;1;1;1;1;16;91
2023-01-20;"alle";17;17;17;17;17;17;17;17;17;17;17;17;116;116;116;116;116;116;116;116;116;116;116;116;NA;NA;NA;NA;NA;NA;NA;NA;NA;NA;NA;17;115
2023-01-19;"0-60";4;4;4;4;4;4;4;4;4;4;4;4;29;29;29;29;29;29;29;29;29;29;29;29;1;1;1;1;1;1;1;1;1;1;1;4;29
2023-01-19;"60+";14;14;14;14;14;14;14;14;14;14;14;14;97;97;97;97;97;97;97;97;97;97;97;97;1;1;1;1;1;1;1;1;1;1;1;13;96
2023-01-19;"alle";18;18;18;18;18;18;18;18;18;18;18;18;126;126;126;126;126;126;126;126;126;126;126;126;NA;NA;NA;NA;NA;NA;NA;NA;NA;NA;NA;17;125
2023-01-18;"0-60";9;9;9;9;9;9;9;9;9;9;9;9;32;32;32;32;32;32;32;32;32;32;32;32;1;1;1;1;1;1;1;1;1;1;1;9;32
2023-01-18;"60+";17;17;17;17;17;17;17;17;17;17;17;17;110;110;110;110;110;110;110;110;110;110;110;110;1;1;1;1;1;1;1;1;1;1;1;17;109
2023-01-18;"alle";26;26;26;26;26;26;26;26;26;26;26;26;142;142;142;142;142;142;142;142;142;142;142;142;NA;NA;NA;NA;NA;NA;NA;NA;NA;NA;NA;26;141
2023-01-17;"0-60";6;6;6;6;6;6;6;6;6;6;6;6;27;27;27;27;27;27;27;27;27;27;27;27;1;1;1;1;1;1;1;1;1;1;1;6;27
2023-01-17;"60+";27;27;27;27;27;27;27;27;27;27;27;27;123;123;123;123;123;123;123;123;123;123;123;123;1;1;1;1;1;1;1;1;1;1;1;27;122
2023-01-17;"alle";33;33;33;33;33;33;33;33;33;33;33;33;150;150;150;150;150;150;150;150;150;150;150;150;NA;NA;NA;NA;NA;NA;NA;NA;NA;NA;NA;33;150
2023-01-16;"0-60";0;0;0;0;0;0;0;0;0;0;0;0;29;29;29;29;29;29;29;29;29;29;29;29;1;1;1;1;1;1;1;1;1;1;1;0;29
2023-01-16;"60+";3;3;3;3;3;3;3;3;3;3;3;3;126;126;126;126;126;126;126;126;126;126;126;126;1;1;1;1;1;1;1;1;1;1;1;3;124
2023-01-16;"alle";3;3;3;3;3;3;3;3;3;3;3;3;155;155;155;155;155;155;155;155;155;155;155;155;NA;NA;NA;NA;NA;NA;NA;NA;NA;NA;NA;3;154
2023-01-15;"0-60";0;0;0;0;0;0;0;0;0;0;0;0;30;30;30;30;30;30;30;30;30;30;30;30;1;1;1;1;1;1;1;1;1;1;1;0;30
2023-01-15;"60+";2;2;2;2;2;2;2;2;2;2;2;2;132;132;132;132;132;132;132;132;132;132;132;132;1;1;1;1;1;1;1;1;1;1;1;2;130
2023-01-15;"alle";2;2;2;2;2;2;2;2;2;2;2;2;162;162;162;162;162;162;162;162;162;162;162;162;NA;NA;NA;NA;NA;NA;NA;NA;NA;NA;NA;2;161
2023-01-14;"0-60";4;4;4;4;4;4;4;4;4;4;4;4;31;31;31;31;31;31;31;31;31;31;31;31;1;1;1;1;1;1;1;1;1;1;1;4;31
2023-01-14;"60+";13;13;13;13;13;13;13;13;13;13;13;13;132;132;132;132;132;132;132;132;132;132;132;132;1;1;1;1;1;1;1;1;1;1;1;13;130
2023-01-14;"alle";17;17;17;17;17;17;17;17;17;17;17;17;163;163;163;163;163;163;163;163;163;163;163;163;NA;NA;NA;NA;NA;NA;NA;NA;NA;NA;NA;17;162
2023-01-13;"0-60";6;6;6;6;6;6;6;6;6;6;6;6;36;36;36;36;36;36;36;36;36;36;36;36;1;1;1;1;1;1;1;1;1;1;1;6;36
2023-01-13;"60+";21;21;21;21;21;21;21;21;21;21;21;21;135;135;135;135;135;135;135;135;135;135;135;135;1;1;1;1;1;1;1;1;1;1;1;21;133
2023-01-13;"alle";27;27;27;27;27;27;27;27;27;27;27;27;171;171;171;171;171;171;171;171;171;171;171;171;NA;NA;NA;NA;NA;NA;NA;NA;NA;NA;NA;27;170
2023-01-12;"0-60";7;7;7;7;7;7;7;7;7;7;7;7;35;35;35;35;35;35;35;35;35;35;35;35;1;1;1;1;1;1;1;1;1;1;1;7;35
2023-01-12;"60+";27;27;27;27;27;27;27;27;27;27;27;27;150;150;150;150;150;150;150;150;150;150;150;150;1;1;1;1;1;1;1;1;1;1;1;26;148
2023-01-12;"alle";34;34;34;34;34;34;34;34;34;34;34;34;185;185;185;185;185;185;185;185;185;185;185;185;NA;NA;NA;NA;NA;NA;NA;NA;NA;NA;NA;33;184
2023-01-11;"0-60";4;4;4;4;4;4;4;4;4;4;4;4;34;34;34;34;34;34;34;34;34;34;34;34;1;1;1;1;1;1;1;1;1;1;1;4;34
2023-01-11;"60+";30;30;30;30;30;30;30;30;30;30;30;30;173;173;173;173;173;173;173;173;173;173;173;173;1;1;1;1;1;1;1;1;1;1;1;30;172
2023-01-11;"alle";34;34;34;34;34;34;34;34;34;34;34;34;207;207;207;207;207;207;207;207;207;207;207;207;NA;NA;NA;NA;NA;NA;NA;NA;NA;NA;NA;35;207
2023-01-10;"0-60";8;8;8;8;8;8;8;8;8;8;8;8;34;34;34;34;34;34;34;34;34;34;34;34;1;1;1;1;1;1;1;1;1;1;1;8;34
2023-01-10;"60+";30;30;30;30;30;30;30;30;30;30;30;30;192;192;192;192;192;192;192;192;192;192;192;192;1;1;1;1;1;1;1;1;1;1;1;29;191
2023-01-10;"alle";38;38;38;38;38;38;38;38;38;38;38;38;226;226;226;226;226;226;226;226;226;226;226;226;NA;NA;NA;NA;NA;NA;NA;NA;NA;NA;NA;37;225
2023-01-09;"0-60";1;1;1;1;1;1;1;1;1;1;1;1;43;43;43;43;43;43;43;43;43;43;43;43;1;1;1;1;1;1;1;1;1;1;1;1;43
2023-01-09;"60+";9;9;9;9;9;9;9;9;9;9;9;9;248;248;248;248;248;248;248;248;248;248;248;248;1;1;1;1;1;1;1;1;1;1;1;9;245
2023-01-09;"alle";10;10;10;10;10;10;10;10;10;10;10;10;291;291;291;291;291;291;291;291;291;291;291;291;NA;NA;NA;NA;NA;NA;NA;NA;NA;NA;NA;10;288
2023-01-08;"0-60";1;1;1;1;1;1;1;1;1;1;1;1;45;45;45;45;45;45;45;45;45;45;45;45;1;1;1;1;1;1;1;1;1;1;1;1;45
2023-01-08;"60+";2;2;2;2;2;2;2;2;2;2;2;2;246;246;246;246;246;246;246;246;246;246;246;246;1;1;1;1;1;1;1;1;1;1;1;2;243
2023-01-08;"alle";3;3;3;3;3;3;3;3;3;3;3;3;291;291;291;291;291;291;291;291;291;291;291;291;NA;NA;NA;NA;NA;NA;NA;NA;NA;NA;NA;3;288
2023-01-07;"0-60";9;9;9;9;9;9;9;9;9;9;9;9;45;45;45;45;45;45;45;45;45;45;45;45;1;1;1;1;1;1;1;1;1;1;1;9;45
2023-01-07;"60+";16;16;16;16;16;16;16;16;16;16;16;16;248;248;248;248;248;248;248;248;248;248;248;248;1;1;1;1;1;1;1;1;1;1;1;16;245
2023-01-07;"alle";25;25;25;25;25;25;25;25;25;25;25;25;293;293;293;293;293;293;293;293;293;293;293;293;NA;NA;NA;NA;NA;NA;NA;NA;NA;NA;NA;25;290
2023-01-06;"0-60";5;5;5;5;5;5;5;5;5;5;5;5;38;38;38;38;38;38;38;38;38;38;38;38;1;1;1;1;1;1;1;1;1;1;1;5;38
2023-01-06;"60+";36;36;36;36;36;36;36;36;36;36;36;36;260;260;260;260;260;260;260;260;260;260;260;260;1;1;1;1;1;1;1;1;1;1;1;36;255
2023-01-06;"alle";41;41;41;41;41;41;41;41;41;41;41;41;298;298;298;298;298;298;298;298;298;298;298;298;NA;NA;NA;NA;NA;NA;NA;NA;NA;NA;NA;41;293
2023-01-05;"0-60";6;6;6;6;6;6;6;6;6;6;6;6;41;41;41;41;41;41;41;41;41;41;41;41;1;1;1;1;1;1;1;1;1;1;1;6;41
2023-01-05;"60+";50;50;50;50;50;50;50;50;50;50;50;50;273;273;273;273;273;273;273;273;273;273;273;273;1;1;1;1;1;1;1;1;1;1;1;50;268
2023-01-05;"alle";56;56;56;56;56;56;56;56;56;56;56;56;314;314;314;314;314;314;314;314;314;314;314;314;NA;NA;NA;NA;NA;NA;NA;NA;NA;NA;NA;56;309
2023-01-04;"0-60";4;4;4;4;4;4;4;4;4;4;4;4;42;42;42;42;42;42;42;42;42;42;42;42;1;1;1;1;1;1;1;1;1;1;1;4;42
2023-01-04;"60+";49;49;49;49;49;49;49;49;49;49;49;49;271;271;271;271;271;271;271;271;271;271;271;271;1;1;1;1;1;1;1;1;1;1;1;49;266
2023-01-04;"alle";53;53;53;53;53;53;53;53;53;53;53;53;313;313;313;313;313;313;313;313;313;313;313;313;NA;NA;NA;NA;NA;NA;NA;NA;NA;NA;NA;53;308
2023-01-03;"0-60";17;17;17;17;17;17;17;17;17;17;17;17;56;56;56;56;56;56;56;56;56;56;56;56;1;1;1;1;1;1;1;1;1;1;1;17;56
2023-01-03;"60+";86;86;86;86;86;86;86;86;86;86;86;86;298;298;298;298;298;298;298;298;298;298;298;298;1;1;1;1;1;1;1;1;1;1;1;83;292
2023-01-03;"alle";103;103;103;103;103;103;103;103;103;103;103;103;354;354;354;354;354;354;354;354;354;354;354;354;NA;NA;NA;NA;NA;NA;NA;NA;NA;NA;NA;100;348
2023-01-02;"0-60";3;3;3;3;3;3;3;3;3;3;3;3;42;42;42;42;42;42;42;42;42;42;42;42;1;1;1;1;1;1;1;1;1;1;1;3;42
2023-01-02;"60+";7;7;7;7;7;7;7;7;7;7;7;7;221;221;221;221;221;221;221;221;221;221;221;221;1;1;1;1;1;1;1;1;1;1;1;7;218
2023-01-02;"alle";10;10;10;10;10;10;10;10;10;10;10;10;263;263;263;263;263;263;263;263;263;263;263;263;NA;NA;NA;NA;NA;NA;NA;NA;NA;NA;NA;10;260
2023-01-01;"0-60";1;1;1;1;1;1;1;1;1;1;1;1;42;42;42;42;42;42;42;42;42;42;42;42;1;1;1;1;1;1;1;1;1;1;1;1;42
2023-01-01;"60+";4;4;4;4;4;4;4;4;4;4;4;4;218;218;218;218;218;218;218;218;218;218;218;218;1;1;1;1;1;1;1;1;1;1;1;4;215
2023-01-01;"alle";5;5;5;5;5;5;5;5;5;5;5;5;260;260;260;260;260;260;260;260;260;260;260;260;NA;NA;NA;NA;NA;NA;NA;NA;NA;NA;NA;5;257
2022-12-31;"0-60";2;2;2;2;2;2;2;2;2;2;2;2;44;44;44;44;44;44;44;44;44;44;44;44;1;1;1;1;1;1;1;1;1;1;1;2;44
2022-12-31;"60+";28;28;28;28;28;28;28;28;28;28;28;28;224;224;224;224;224;224;224;224;224;224;224;224;1;1;1;1;1;1;1;1;1;1;1;26;221
2022-12-31;"alle";30;30;30;30;30;30;30;30;30;30;30;30;268;268;268;268;268;268;268;268;268;268;268;268;NA;NA;NA;NA;NA;NA;NA;NA;NA;NA;NA;28;265
2022-12-30;"0-60";8;8;8;8;8;8;8;8;8;8;8;8;52;52;52;52;52;52;52;52;52;52;52;52;1;1;1;1;1;1;1;1;1;1;1;8;52
2022-12-30;"60+";49;49;49;49;49;49;49;49;49;49;49;49;232;232;232;232;232;232;232;232;232;232;232;232;1;1;1;1;1;1;1;1;1;1;1;49;231
2022-12-30;"alle";57;57;57;57;57;57;57;57;57;57;57;57;284;284;284;284;284;284;284;284;284;284;284;284;NA;NA;NA;NA;NA;NA;NA;NA;NA;NA;NA;57;283
2022-12-29;"0-60";7;7;7;7;7;7;7;7;7;7;7;7;51;51;51;51;51;51;51;51;51;51;51;51;1;1;1;1;1;1;1;1;1;1;1;7;51
2022-12-29;"60+";48;48;48;48;48;48;48;48;48;48;48;48;237;237;237;237;237;237;237;237;237;237;237;237;1;1;1;1;1;1;1;1;1;1;1;48;236
2022-12-29;"alle";55;55;55;55;55;55;55;55;55;55;55;55;288;288;288;288;288;288;288;288;288;288;288;288;NA;NA;NA;NA;NA;NA;NA;NA;NA;NA;NA;55;287
2022-12-28;"0-60";18;18;18;18;18;18;18;18;18;18;18;18;54;54;54;54;54;54;54;54;54;54;54;54;1;1;1;1;1;1;1;1;1;1;1;18;54
2022-12-28;"60+";76;76;76;76;76;76;76;76;76;76;76;76;248;248;248;248;248;248;248;248;248;248;248;248;1;1;1;1;1;1;1;1;1;1;1;75;247
2022-12-28;"alle";94;94;94;94;94;94;94;94;94;94;94;94;302;302;302;302;302;302;302;302;302;302;302;302;NA;NA;NA;NA;NA;NA;NA;NA;NA;NA;NA;93;301
2022-12-27;"0-60";3;3;3;3;3;3;3;3;3;3;3;3;53;53;53;53;53;53;53;53;53;53;53;53;1;1;1;1;1;1;1;1;1;1;1;3;53
2022-12-27;"60+";9;9;9;9;9;9;9;9;9;9;9;9;242;242;242;242;242;242;242;242;242;242;242;242;1;1;1;1;1;1;1;1;1;1;1;9;242
2022-12-27;"alle";12;12;12;12;12;12;12;12;12;12;12;12;295;295;295;295;295;295;295;295;295;295;295;295;NA;NA;NA;NA;NA;NA;NA;NA;NA;NA;NA;12;296
2022-12-26;"0-60";3;3;3;3;3;3;3;3;3;3;3;3;60;60;60;60;60;60;60;60;60;60;60;60;1;1;1;1;1;1;1;1;1;1;1;3;60
2022-12-26;"60+";4;4;4;4;4;4;4;4;4;4;4;4;296;296;296;296;296;296;296;296;296;296;296;296;1;1;1;1;1;1;1;1;1;1;1;4;296
2022-12-26;"alle";7;7;7;7;7;7;7;7;7;7;7;7;356;356;356;356;356;356;356;356;356;356;356;356;NA;NA;NA;NA;NA;NA;NA;NA;NA;NA;NA;7;357
2022-12-25;"0-60";3;3;3;3;3;3;3;3;3;3;3;3;61;61;61;61;61;61;61;61;61;61;61;61;1;1;1;1;1;1;1;1;1;1;1;3;60
2022-12-25;"60+";10;10;10;10;10;10;10;10;10;10;10;10;303;303;303;303;303;303;303;303;303;303;303;303;1;1;1;1;1;1;1;1;1;1;1;10;303
2022-12-25;"alle";13;13;13;13;13;13;13;13;13;13;13;13;364;364;364;364;364;364;364;364;364;364;364;364;NA;NA;NA;NA;NA;NA;NA;NA;NA;NA;NA;13;364
2022-12-24;"0-60";10;10;10;10;10;10;10;10;10;10;10;10;61;61;61;61;61;61;61;61;61;61;61;61;1;1;1;1;1;1;1;1;1;1;1;10;60
2022-12-24;"60+";36;36;36;36;36;36;36;36;36;36;36;36;301;301;301;301;301;301;301;301;301;301;301;301;1;1;1;1;1;1;1;1;1;1;1;36;301
2022-12-24;"alle";46;46;46;46;46;46;46;46;46;46;46;46;362;362;362;362;362;362;362;362;362;362;362;362;NA;NA;NA;NA;NA;NA;NA;NA;NA;NA;NA;46;362
2022-12-23;"0-60";7;7;7;7;7;7;7;7;7;7;7;7;56;56;56;56;56;56;56;56;56;56;56;56;1;1;1;1;1;1;1;1;1;1;1;7;55
2022-12-23;"60+";54;54;54;54;54;54;54;54;54;54;54;54;300;300;300;300;300;300;300;300;300;300;300;300;1;1;1;1;1;1;1;1;1;1;1;54;300
2022-12-23;"alle";61;61;61;61;61;61;61;61;61;61;61;61;356;356;356;356;356;356;356;356;356;356;356;356;NA;NA;NA;NA;NA;NA;NA;NA;NA;NA;NA;61;356
2022-12-22;"0-60";10;10;10;10;10;10;10;10;10;10;10;10;56;56;56;56;56;56;56;56;56;56;56;56;1;1;1;1;1;1;1;1;1;1;1;10;55
2022-12-22;"60+";59;59;59;59;59;59;59;59;59;59;59;59;280;280;280;280;280;280;280;280;280;280;280;280;1;1;1;1;1;1;1;1;1;1;1;59;280
2022-12-22;"alle";69;69;69;69;69;69;69;69;69;69;69;69;336;336;336;336;336;336;336;336;336;336;336;336;NA;NA;NA;NA;NA;NA;NA;NA;NA;NA;NA;69;336
2022-12-21;"0-60";17;17;17;17;17;17;17;17;17;17;17;17;59;59;59;59;59;59;59;59;59;59;59;59;1;1;1;1;1;1;1;1;1;1;1;17;58
2022-12-21;"60+";70;70;70;70;70;70;70;70;70;70;70;70;275;275;275;275;275;275;275;275;275;275;275;275;1;1;1;1;1;1;1;1;1;1;1;70;275
2022-12-21;"alle";87;87;87;87;87;87;87;87;87;87;87;87;334;334;334;334;334;334;334;334;334;334;334;334;NA;NA;NA;NA;NA;NA;NA;NA;NA;NA;NA;88;334
2022-12-20;"0-60";10;10;10;10;10;10;10;10;10;10;10;10;57;57;57;57;57;57;57;57;57;57;57;57;1;1;1;1;1;1;1;1;1;1;1;10;56
2022-12-20;"60+";63;63;63;63;63;63;63;63;63;63;63;63;263;263;263;263;263;263;263;263;263;263;263;263;1;1;1;1;1;1;1;1;1;1;1;63;263
2022-12-20;"alle";73;73;73;73;73;73;73;73;73;73;73;73;320;320;320;320;320;320;320;320;320;320;320;320;NA;NA;NA;NA;NA;NA;NA;NA;NA;NA;NA;73;319
2022-12-19;"0-60";4;4;4;4;4;4;4;4;4;4;4;4;63;63;63;63;63;63;63;63;63;63;63;63;1;1;1;1;1;1;1;1;1;1;1;3;62
2022-12-19;"60+";11;11;11;11;11;11;11;11;11;11;11;11;271;271;271;271;271;271;271;271;271;271;271;271;1;1;1;1;1;1;1;1;1;1;1;11;270
2022-12-19;"alle";15;15;15;15;15;15;15;15;15;15;15;15;334;334;334;334;334;334;334;334;334;334;334;334;NA;NA;NA;NA;NA;NA;NA;NA;NA;NA;NA;14;333
2022-12-18;"0-60";3;3;3;3;3;3;3;3;3;3;3;3;59;59;59;59;59;59;59;59;59;59;59;59;1;1;1;1;1;1;1;1;1;1;1;3;59
2022-12-18;"60+";8;8;8;8;8;8;8;8;8;8;8;8;271;271;271;271;271;271;271;271;271;271;271;271;1;1;1;1;1;1;1;1;1;1;1;8;270
2022-12-18;"alle";11;11;11;11;11;11;11;11;11;11;11;11;330;330;330;330;330;330;330;330;330;330;330;330;NA;NA;NA;NA;NA;NA;NA;NA;NA;NA;NA;11;330
2022-12-17;"0-60";5;5;5;5;5;5;5;5;5;5;5;5;57;57;57;57;57;57;57;57;57;57;57;57;1;1;1;1;1;1;1;1;1;1;1;5;57
2022-12-17;"60+";35;35;35;35;35;35;35;35;35;35;35;35;269;269;269;269;269;269;269;269;269;269;269;269;1;1;1;1;1;1;1;1;1;1;1;35;268
2022-12-17;"alle";40;40;40;40;40;40;40;40;40;40;40;40;326;326;326;326;326;326;326;326;326;326;326;326;NA;NA;NA;NA;NA;NA;NA;NA;NA;NA;NA;40;326
2022-12-16;"0-60";7;7;7;7;7;7;7;7;7;7;7;7;57;57;57;57;57;57;57;57;57;57;57;57;1;1;1;1;1;1;1;1;1;1;1;7;57
2022-12-16;"60+";34;34;34;34;34;34;34;34;34;34;34;34;276;276;276;276;276;276;276;276;276;276;276;276;1;1;1;1;1;1;1;1;1;1;1;34;274
2022-12-16;"alle";41;41;41;41;41;41;41;41;41;41;41;41;333;333;333;333;333;333;333;333;333;333;333;333;NA;NA;NA;NA;NA;NA;NA;NA;NA;NA;NA;41;332
2022-12-15;"0-60";13;13;13;13;13;13;13;13;13;13;13;13;61;61;61;61;61;61;61;61;61;61;61;61;1;1;1;1;1;1;1;1;1;1;1;13;61
2022-12-15;"60+";54;54;54;54;54;54;54;54;54;54;54;54;287;287;287;287;287;287;287;287;287;287;287;287;1;1;1;1;1;1;1;1;1;1;1;54;285
2022-12-15;"alle";67;67;67;67;67;67;67;67;67;67;67;67;348;348;348;348;348;348;348;348;348;348;348;348;NA;NA;NA;NA;NA;NA;NA;NA;NA;NA;NA;67;347
2022-12-14;"0-60";15;15;15;15;15;15;15;15;15;15;15;15;52;52;52;52;52;52;52;52;52;52;52;52;1;1;1;1;1;1;1;1;1;1;1;15;52
2022-12-14;"60+";58;58;58;58;58;58;58;58;58;58;58;58;277;277;277;277;277;277;277;277;277;277;277;277;1;1;1;1;1;1;1;1;1;1;1;58;274
2022-12-14;"alle";73;73;73;73;73;73;73;73;73;73;73;73;329;329;329;329;329;329;329;329;329;329;329;329;NA;NA;NA;NA;NA;NA;NA;NA;NA;NA;NA;73;327
2022-12-13;"0-60";16;16;16;16;16;16;16;16;16;16;16;16;47;47;47;47;47;47;47;47;47;47;47;47;1;1;1;1;1;1;1;1;1;1;1;16;47
2022-12-13;"60+";71;71;71;71;71;71;71;71;71;71;71;71;270;270;270;270;270;270;270;270;270;270;270;270;1;1;1;1;1;1;1;1;1;1;1;70;267
2022-12-13;"alle";87;87;87;87;87;87;87;87;87;87;87;87;317;317;317;317;317;317;317;317;317;317;317;317;NA;NA;NA;NA;NA;NA;NA;NA;NA;NA;NA;87;315
2022-12-12;"0-60";0;0;0;0;0;0;0;0;0;0;0;0;36;36;36;36;36;36;36;36;36;36;36;36;1;1;1;1;1;1;1;1;1;1;1;0;36
2022-12-12;"60+";11;11;11;11;11;11;11;11;11;11;11;11;268;268;268;268;268;268;268;268;268;268;268;268;1;1;1;1;1;1;1;1;1;1;1;11;266
2022-12-12;"alle";11;11;11;11;11;11;11;11;11;11;11;11;304;304;304;304;304;304;304;304;304;304;304;304;NA;NA;NA;NA;NA;NA;NA;NA;NA;NA;NA;11;302
2022-12-11;"0-60";1;1;1;1;1;1;1;1;1;1;1;1;37;37;37;37;37;37;37;37;37;37;37;37;1;1;1;1;1;1;1;1;1;1;1;1;37
2022-12-11;"60+";6;6;6;6;6;6;6;6;6;6;6;6;265;265;265;265;265;265;265;265;265;265;265;265;1;1;1;1;1;1;1;1;1;1;1;6;263
2022-12-11;"alle";7;7;7;7;7;7;7;7;7;7;7;7;302;302;302;302;302;302;302;302;302;302;302;302;NA;NA;NA;NA;NA;NA;NA;NA;NA;NA;NA;7;300
2022-12-10;"0-60";5;5;5;5;5;5;5;5;5;5;5;5;36;36;36;36;36;36;36;36;36;36;36;36;1;1;1;1;1;1;1;1;1;1;1;5;36
2022-12-10;"60+";42;42;42;42;42;42;42;42;42;42;42;42;261;261;261;261;261;261;261;261;261;261;261;261;1;1;1;1;1;1;1;1;1;1;1;41;259
2022-12-10;"alle";47;47;47;47;47;47;47;47;47;47;47;47;297;297;297;297;297;297;297;297;297;297;297;297;NA;NA;NA;NA;NA;NA;NA;NA;NA;NA;NA;46;295
2022-12-09;"0-60";11;11;11;11;11;11;11;11;11;11;11;11;37;37;37;37;37;37;37;37;37;37;37;37;1;1;1;1;1;1;1;1;1;1;1;11;37
2022-12-09;"60+";45;45;45;45;45;45;45;45;45;45;45;45;243;243;243;243;243;243;243;243;243;243;243;243;1;1;1;1;1;1;1;1;1;1;1;45;242
2022-12-09;"alle";56;56;56;56;56;56;56;56;56;56;56;56;280;280;280;280;280;280;280;280;280;280;280;280;NA;NA;NA;NA;NA;NA;NA;NA;NA;NA;NA;56;279
2022-12-08;"0-60";4;4;4;4;4;4;4;4;4;4;4;4;33;33;33;33;33;33;33;33;33;33;33;33;1;1;1;1;1;1;1;1;1;1;1;4;33
2022-12-08;"60+";44;44;44;44;44;44;44;44;44;44;44;44;222;222;222;222;222;222;222;222;222;222;222;222;1;1;1;1;1;1;1;1;1;1;1;43;221
2022-12-08;"alle";48;48;48;48;48;48;48;48;48;48;48;48;255;255;255;255;255;255;255;255;255;255;255;255;NA;NA;NA;NA;NA;NA;NA;NA;NA;NA;NA;47;254
2022-12-07;"0-60";10;10;10;10;10;10;10;10;10;10;10;10;33;33;33;33;33;33;33;33;33;33;33;33;1;1;1;1;1;1;1;1;1;1;1;10;33
2022-12-07;"60+";51;51;51;51;51;51;51;51;51;51;51;51;202;202;202;202;202;202;202;202;202;202;202;202;1;1;1;1;1;1;1;1;1;1;1;51;201
2022-12-07;"alle";61;61;61;61;61;61;61;61;61;61;61;61;235;235;235;235;235;235;235;235;235;235;235;235;NA;NA;NA;NA;NA;NA;NA;NA;NA;NA;NA;61;234
2022-12-06;"0-60";5;5;5;5;5;5;5;5;5;5;5;5;26;26;26;26;26;26;26;26;26;26;26;26;1;1;1;1;1;1;1;1;1;1;1;5;26
2022-12-06;"60+";69;69;69;69;69;69;69;69;69;69;69;69;179;179;179;179;179;179;179;179;179;179;179;179;1;1;1;1;1;1;1;1;1;1;1;69;178
2022-12-06;"alle";74;74;74;74;74;74;74;74;74;74;74;74;205;205;205;205;205;205;205;205;205;205;205;205;NA;NA;NA;NA;NA;NA;NA;NA;NA;NA;NA;74;204
2022-12-05;"0-60";1;1;1;1;1;1;1;1;1;1;1;1;32;32;32;32;32;32;32;32;32;32;32;32;1;1;1;1;1;1;1;1;1;1;1;1;32
2022-12-05;"60+";8;8;8;8;8;8;8;8;8;8;8;8;156;156;156;156;156;156;156;156;156;156;156;156;1;1;1;1;1;1;1;1;1;1;1;8;155
2022-12-05;"alle";9;9;9;9;9;9;9;9;9;9;9;9;188;188;188;188;188;188;188;188;188;188;188;188;NA;NA;NA;NA;NA;NA;NA;NA;NA;NA;NA;9;187
2022-12-04;"0-60";0;0;0;0;0;0;0;0;0;0;0;0;33;33;33;33;33;33;33;33;33;33;33;33;1;1;1;1;1;1;1;1;1;1;1;0;33
2022-12-04;"60+";2;2;2;2;2;2;2;2;2;2;2;2;157;157;157;157;157;157;157;157;157;157;157;157;1;1;1;1;1;1;1;1;1;1;1;2;156
2022-12-04;"alle";2;2;2;2;2;2;2;2;2;2;2;2;190;190;190;190;190;190;190;190;190;190;190;190;NA;NA;NA;NA;NA;NA;NA;NA;NA;NA;NA;2;189
2022-12-03;"0-60";6;6;6;6;6;6;6;6;6;6;6;6;38;38;38;38;38;38;38;38;38;38;38;38;1;1;1;1;1;1;1;1;1;1;1;6;38
2022-12-03;"60+";24;24;24;24;24;24;24;24;24;24;24;24;164;164;164;164;164;164;164;164;164;164;164;164;1;1;1;1;1;1;1;1;1;1;1;24;162
2022-12-03;"alle";30;30;30;30;30;30;30;30;30;30;30;30;202;202;202;202;202;202;202;202;202;202;202;202;NA;NA;NA;NA;NA;NA;NA;NA;NA;NA;NA;30;200
2022-12-02;"0-60";7;7;7;7;7;7;7;7;7;7;7;7;34;34;34;34;34;34;34;34;34;34;34;34;1;1;1;1;1;1;1;1;1;1;1;7;34
2022-12-02;"60+";24;24;24;24;24;24;24;24;24;24;24;24;163;163;163;163;163;163;163;163;163;163;163;163;1;1;1;1;1;1;1;1;1;1;1;24;161
2022-12-02;"alle";31;31;31;31;31;31;31;31;31;31;31;31;197;197;197;197;197;197;197;197;197;197;197;197;NA;NA;NA;NA;NA;NA;NA;NA;NA;NA;NA;31;195
2022-12-01;"0-60";4;4;4;4;4;4;4;4;4;4;4;4;27;27;27;27;27;27;27;27;27;27;27;27;1;1;1;1;1;1;1;1;1;1;1;4;27
2022-12-01;"60+";24;24;24;24;24;24;24;24;24;24;24;24;169;169;169;169;169;169;169;169;169;169;169;169;1;1;1;1;1;1;1;1;1;1;1;23;167
2022-12-01;"alle";28;28;28;28;28;28;28;28;28;28;28;28;196;196;196;196;196;196;196;196;196;196;196;196;NA;NA;NA;NA;NA;NA;NA;NA;NA;NA;NA;27;194
2022-11-30;"0-60";3;3;3;3;3;3;3;3;3;3;3;3;28;28;28;28;28;28;28;28;28;28;28;28;1;1;1;1;1;1;1;1;1;1;1;3;28
2022-11-30;"60+";28;28;28;28;28;28;28;28;28;28;28;28;166;166;166;166;166;166;166;166;166;166;166;166;1;1;1;1;1;1;1;1;1;1;1;28;165
2022-11-30;"alle";31;31;31;31;31;31;31;31;31;31;31;31;194;194;194;194;194;194;194;194;194;194;194;194;NA;NA;NA;NA;NA;NA;NA;NA;NA;NA;NA;31;193
2022-11-29;"0-60";11;11;11;11;11;11;11;11;11;11;11;11;33;33;33;33;33;33;33;33;33;33;33;33;1;1;1;1;1;1;1;1;1;1;1;11;33
2022-11-29;"60+";46;46;46;46;46;46;46;46;46;46;46;46;165;165;165;165;165;165;165;165;165;165;165;165;1;1;1;1;1;1;1;1;1;1;1;46;164
2022-11-29;"alle";57;57;57;57;57;57;57;57;57;57;57;57;198;198;198;198;198;198;198;198;198;198;198;198;NA;NA;NA;NA;NA;NA;NA;NA;NA;NA;NA;57;197
2022-11-28;"0-60";2;2;2;2;2;2;2;2;2;2;2;2;35;35;35;35;35;35;35;35;35;35;35;35;1;1;1;1;1;1;1;1;1;1;1;2;35
2022-11-28;"60+";9;9;9;9;9;9;9;9;9;9;9;9;149;149;149;149;149;149;149;149;149;149;149;149;1;1;1;1;1;1;1;1;1;1;1;9;148
2022-11-28;"alle";11;11;11;11;11;11;11;11;11;11;11;11;184;184;184;184;184;184;184;184;184;184;184;184;NA;NA;NA;NA;NA;NA;NA;NA;NA;NA;NA;11;183
2022-11-27;"0-60";5;5;5;5;5;5;5;5;5;5;5;5;36;36;36;36;36;36;36;36;36;36;36;36;1;1;1;1;1;1;1;1;1;1;1;5;36
2022-11-27;"60+";9;9;9;9;9;9;9;9;9;9;9;9;148;148;148;148;148;148;148;148;148;148;148;148;1;1;1;1;1;1;1;1;1;1;1;8;147
2022-11-27;"alle";14;14;14;14;14;14;14;14;14;14;14;14;184;184;184;184;184;184;184;184;184;184;184;184;NA;NA;NA;NA;NA;NA;NA;NA;NA;NA;NA;13;183
2022-11-26;"0-60";2;2;2;2;2;2;2;2;2;2;2;2;33;33;33;33;33;33;33;33;33;33;33;33;1;1;1;1;1;1;1;1;1;1;1;2;33
2022-11-26;"60+";23;23;23;23;23;23;23;23;23;23;23;23;143;143;143;143;143;143;143;143;143;143;143;143;1;1;1;1;1;1;1;1;1;1;1;23;143
2022-11-26;"alle";25;25;25;25;25;25;25;25;25;25;25;25;176;176;176;176;176;176;176;176;176;176;176;176;NA;NA;NA;NA;NA;NA;NA;NA;NA;NA;NA;25;176
2022-11-25;"0-60";0;0;0;0;0;0;0;0;0;0;0;0;38;38;38;38;38;38;38;38;38;38;38;38;1;1;1;1;1;1;1;1;1;1;1;0;38
2022-11-25;"60+";30;30;30;30;30;30;30;30;30;30;30;30;140;140;140;140;140;140;140;140;140;140;140;140;1;1;1;1;1;1;1;1;1;1;1;30;140
2022-11-25;"alle";30;30;30;30;30;30;30;30;30;30;30;30;178;178;178;178;178;178;178;178;178;178;178;178;NA;NA;NA;NA;NA;NA;NA;NA;NA;NA;NA;30;178
2022-11-24;"0-60";5;5;5;5;5;5;5;5;5;5;5;5;44;44;44;44;44;44;44;44;44;44;44;44;1;1;1;1;1;1;1;1;1;1;1;5;44
2022-11-24;"60+";21;21;21;21;21;21;21;21;21;21;21;21;138;138;138;138;138;138;138;138;138;138;138;138;1;1;1;1;1;1;1;1;1;1;1;21;138
2022-11-24;"alle";26;26;26;26;26;26;26;26;26;26;26;26;182;182;182;182;182;182;182;182;182;182;182;182;NA;NA;NA;NA;NA;NA;NA;NA;NA;NA;NA;26;182
2022-11-23;"0-60";8;8;8;8;8;8;8;8;8;8;8;8;44;44;44;44;44;44;44;44;44;44;44;44;1;1;1;1;1;1;1;1;1;1;1;8;44
2022-11-23;"60+";27;27;27;27;27;27;27;27;27;27;27;27;142;142;142;142;142;142;142;142;142;142;142;142;1;1;1;1;1;1;1;1;1;1;1;27;142
2022-11-23;"alle";35;35;35;35;35;35;35;35;35;35;35;35;186;186;186;186;186;186;186;186;186;186;186;186;NA;NA;NA;NA;NA;NA;NA;NA;NA;NA;NA;35;186
2022-11-22;"0-60";13;13;13;13;13;13;13;13;13;13;13;13;46;46;46;46;46;46;46;46;46;46;46;46;1;1;1;1;1;1;1;1;1;1;1;13;46
2022-11-22;"60+";30;30;30;30;30;30;30;30;30;30;30;30;153;153;153;153;153;153;153;153;153;153;153;153;1;1;1;1;1;1;1;1;1;1;1;30;153
2022-11-22;"alle";43;43;43;43;43;43;43;43;43;43;43;43;199;199;199;199;199;199;199;199;199;199;199;199;NA;NA;NA;NA;NA;NA;NA;NA;NA;NA;NA;43;199
2022-11-21;"0-60";3;3;3;3;3;3;3;3;3;3;3;3;37;37;37;37;37;37;37;37;37;37;37;37;1;1;1;1;1;1;1;1;1;1;1;3;37
2022-11-21;"60+";8;8;8;8;8;8;8;8;8;8;8;8;173;173;173;173;173;173;173;173;173;173;173;173;1;1;1;1;1;1;1;1;1;1;1;8;173
2022-11-21;"alle";11;11;11;11;11;11;11;11;11;11;11;11;210;210;210;210;210;210;210;210;210;210;210;210;NA;NA;NA;NA;NA;NA;NA;NA;NA;NA;NA;11;210
2022-11-20;"0-60";2;2;2;2;2;2;2;2;2;2;2;2;35;35;35;35;35;35;35;35;35;35;35;35;1;1;1;1;1;1;1;1;1;1;1;2;35
2022-11-20;"60+";4;4;4;4;4;4;4;4;4;4;4;4;169;169;169;169;169;169;169;169;169;169;169;169;1;1;1;1;1;1;1;1;1;1;1;4;169
2022-11-20;"alle";6;6;6;6;6;6;6;6;6;6;6;6;204;204;204;204;204;204;204;204;204;204;204;204;NA;NA;NA;NA;NA;NA;NA;NA;NA;NA;NA;6;204
2022-11-19;"0-60";7;7;7;7;7;7;7;7;7;7;7;7;33;33;33;33;33;33;33;33;33;33;33;33;1;1;1;1;1;1;1;1;1;1;1;7;33
2022-11-19;"60+";20;20;20;20;20;20;20;20;20;20;20;20;168;168;168;168;168;168;168;168;168;168;168;168;1;1;1;1;1;1;1;1;1;1;1;20;168
2022-11-19;"alle";27;27;27;27;27;27;27;27;27;27;27;27;201;201;201;201;201;201;201;201;201;201;201;201;NA;NA;NA;NA;NA;NA;NA;NA;NA;NA;NA;27;201
2022-11-18;"0-60";6;6;6;6;6;6;6;6;6;6;6;6;32;32;32;32;32;32;32;32;32;32;32;32;1;1;1;1;1;1;1;1;1;1;1;6;32
2022-11-18;"60+";28;28;28;28;28;28;28;28;28;28;28;28;172;172;172;172;172;172;172;172;172;172;172;172;1;1;1;1;1;1;1;1;1;1;1;28;172
2022-11-18;"alle";34;34;34;34;34;34;34;34;34;34;34;34;204;204;204;204;204;204;204;204;204;204;204;204;NA;NA;NA;NA;NA;NA;NA;NA;NA;NA;NA;34;204
2022-11-17;"0-60";5;5;5;5;5;5;5;5;5;5;5;5;30;30;30;30;30;30;30;30;30;30;30;30;1;1;1;1;1;1;1;1;1;1;1;5;30
2022-11-17;"60+";25;25;25;25;25;25;25;25;25;25;25;25;168;168;168;168;168;168;168;168;168;168;168;168;1;1;1;1;1;1;1;1;1;1;1;25;168
2022-11-17;"alle";30;30;30;30;30;30;30;30;30;30;30;30;198;198;198;198;198;198;198;198;198;198;198;198;NA;NA;NA;NA;NA;NA;NA;NA;NA;NA;NA;30;198
2022-11-16;"0-60";10;10;10;10;10;10;10;10;10;10;10;10;32;32;32;32;32;32;32;32;32;32;32;32;1;1;1;1;1;1;1;1;1;1;1;10;32
2022-11-16;"60+";38;38;38;38;38;38;38;38;38;38;38;38;172;172;172;172;172;172;172;172;172;172;172;172;1;1;1;1;1;1;1;1;1;1;1;38;172
2022-11-16;"alle";48;48;48;48;48;48;48;48;48;48;48;48;204;204;204;204;204;204;204;204;204;204;204;204;NA;NA;NA;NA;NA;NA;NA;NA;NA;NA;NA;48;204
2022-11-15;"0-60";4;4;4;4;4;4;4;4;4;4;4;4;29;29;29;29;29;29;29;29;29;29;29;29;1;1;1;1;1;1;1;1;1;1;1;4;29
2022-11-15;"60+";50;50;50;50;50;50;50;50;50;50;50;50;164;164;164;164;164;164;164;164;164;164;164;164;1;1;1;1;1;1;1;1;1;1;1;50;164
2022-11-15;"alle";54;54;54;54;54;54;54;54;54;54;54;54;193;193;193;193;193;193;193;193;193;193;193;193;NA;NA;NA;NA;NA;NA;NA;NA;NA;NA;NA;54;193
2022-11-14;"0-60";1;1;1;1;1;1;1;1;1;1;1;1;35;35;35;35;35;35;35;35;35;35;35;35;1;1;1;1;1;1;1;1;1;1;1;1;35
2022-11-14;"60+";4;4;4;4;4;4;4;4;4;4;4;4;167;167;167;167;167;167;167;167;167;167;167;167;1;1;1;1;1;1;1;1;1;1;1;4;167
2022-11-14;"alle";5;5;5;5;5;5;5;5;5;5;5;5;202;202;202;202;202;202;202;202;202;202;202;202;NA;NA;NA;NA;NA;NA;NA;NA;NA;NA;NA;5;202
2022-11-13;"0-60";0;0;0;0;0;0;0;0;0;0;0;0;34;34;34;34;34;34;34;34;34;34;34;34;1;1;1;1;1;1;1;1;1;1;1;0;34
2022-11-13;"60+";3;3;3;3;3;3;3;3;3;3;3;3;174;174;174;174;174;174;174;174;174;174;174;174;1;1;1;1;1;1;1;1;1;1;1;3;174
2022-11-13;"alle";3;3;3;3;3;3;3;3;3;3;3;3;208;208;208;208;208;208;208;208;208;208;208;208;NA;NA;NA;NA;NA;NA;NA;NA;NA;NA;NA;3;208
2022-11-12;"0-60";6;6;6;6;6;6;6;6;6;6;6;6;37;37;37;37;37;37;37;37;37;37;37;37;1;1;1;1;1;1;1;1;1;1;1;6;37
2022-11-12;"60+";24;24;24;24;24;24;24;24;24;24;24;24;179;179;179;179;179;179;179;179;179;179;179;179;1;1;1;1;1;1;1;1;1;1;1;24;179
2022-11-12;"alle";30;30;30;30;30;30;30;30;30;30;30;30;216;216;216;216;216;216;216;216;216;216;216;216;NA;NA;NA;NA;NA;NA;NA;NA;NA;NA;NA;30;216
2022-11-11;"0-60";4;4;4;4;4;4;4;4;4;4;4;4;33;33;33;33;33;33;33;33;33;33;33;33;1;1;1;1;1;1;1;1;1;1;1;4;33
2022-11-11;"60+";24;24;24;24;24;24;24;24;24;24;24;24;187;187;187;187;187;187;187;187;187;187;187;187;1;1;1;1;1;1;1;1;1;1;1;24;187
2022-11-11;"alle";28;28;28;28;28;28;28;28;28;28;28;28;220;220;220;220;220;220;220;220;220;220;220;220;NA;NA;NA;NA;NA;NA;NA;NA;NA;NA;NA;28;220
2022-11-10;"0-60";7;7;7;7;7;7;7;7;7;7;7;7;34;34;34;34;34;34;34;34;34;34;34;34;1;1;1;1;1;1;1;1;1;1;1;7;34
2022-11-10;"60+";29;29;29;29;29;29;29;29;29;29;29;29;210;210;210;210;210;210;210;210;210;210;210;210;1;1;1;1;1;1;1;1;1;1;1;29;209
2022-11-10;"alle";36;36;36;36;36;36;36;36;36;36;36;36;244;244;244;244;244;244;244;244;244;244;244;244;NA;NA;NA;NA;NA;NA;NA;NA;NA;NA;NA;36;243
2022-11-09;"0-60";7;7;7;7;7;7;7;7;7;7;7;7;42;42;42;42;42;42;42;42;42;42;42;42;1;1;1;1;1;1;1;1;1;1;1;7;42
2022-11-09;"60+";30;30;30;30;30;30;30;30;30;30;30;30;233;233;233;233;233;233;233;233;233;233;233;233;1;1;1;1;1;1;1;1;1;1;1;30;232
2022-11-09;"alle";37;37;37;37;37;37;37;37;37;37;37;37;275;275;275;275;275;275;275;275;275;275;275;275;NA;NA;NA;NA;NA;NA;NA;NA;NA;NA;NA;37;274
2022-11-08;"0-60";10;10;10;10;10;10;10;10;10;10;10;10;51;51;51;51;51;51;51;51;51;51;51;51;1;1;1;1;1;1;1;1;1;1;1;10;51
2022-11-08;"60+";53;53;53;53;53;53;53;53;53;53;53;53;288;288;288;288;288;288;288;288;288;288;288;288;1;1;1;1;1;1;1;1;1;1;1;53;287
2022-11-08;"alle";63;63;63;63;63;63;63;63;63;63;63;63;339;339;339;339;339;339;339;339;339;339;339;339;NA;NA;NA;NA;NA;NA;NA;NA;NA;NA;NA;63;338
2022-11-07;"0-60";0;0;0;0;0;0;0;0;0;0;0;0;46;46;46;46;46;46;46;46;46;46;46;46;1;1;1;1;1;1;1;1;1;1;1;0;46
2022-11-07;"60+";11;11;11;11;11;11;11;11;11;11;11;11;248;248;248;248;248;248;248;248;248;248;248;248;1;1;1;1;1;1;1;1;1;1;1;11;247
2022-11-07;"alle";11;11;11;11;11;11;11;11;11;11;11;11;294;294;294;294;294;294;294;294;294;294;294;294;NA;NA;NA;NA;NA;NA;NA;NA;NA;NA;NA;11;293
2022-11-06;"0-60";3;3;3;3;3;3;3;3;3;3;3;3;47;47;47;47;47;47;47;47;47;47;47;47;1;1;1;1;1;1;1;1;1;1;1;3;46
2022-11-06;"60+";8;8;8;8;8;8;8;8;8;8;8;8;246;246;246;246;246;246;246;246;246;246;246;246;1;1;1;1;1;1;1;1;1;1;1;8;245
2022-11-06;"alle";11;11;11;11;11;11;11;11;11;11;11;11;293;293;293;293;293;293;293;293;293;293;293;293;NA;NA;NA;NA;NA;NA;NA;NA;NA;NA;NA;11;291
2022-11-05;"0-60";2;2;2;2;2;2;2;2;2;2;2;2;44;44;44;44;44;44;44;44;44;44;44;44;1;1;1;1;1;1;1;1;1;1;1;2;43
2022-11-05;"60+";32;32;32;32;32;32;32;32;32;32;32;32;249;249;249;249;249;249;249;249;249;249;249;249;1;1;1;1;1;1;1;1;1;1;1;32;248
2022-11-05;"alle";34;34;34;34;34;34;34;34;34;34;34;34;293;293;293;293;293;293;293;293;293;293;293;293;NA;NA;NA;NA;NA;NA;NA;NA;NA;NA;NA;34;291
2022-11-04;"0-60";5;5;5;5;5;5;5;5;5;5;5;5;46;46;46;46;46;46;46;46;46;46;46;46;1;1;1;1;1;1;1;1;1;1;1;5;45
2022-11-04;"60+";47;47;47;47;47;47;47;47;47;47;47;47;253;253;253;253;253;253;253;253;253;253;253;253;1;1;1;1;1;1;1;1;1;1;1;46;252
2022-11-04;"alle";52;52;52;52;52;52;52;52;52;52;52;52;299;299;299;299;299;299;299;299;299;299;299;299;NA;NA;NA;NA;NA;NA;NA;NA;NA;NA;NA;51;297
2022-11-03;"0-60";15;15;15;15;15;15;15;15;15;15;15;15;51;51;51;51;51;51;51;51;51;51;51;51;1;1;1;1;1;1;1;1;1;1;1;15;49
2022-11-03;"60+";52;52;52;52;52;52;52;52;52;52;52;52;254;254;254;254;254;254;254;254;254;254;254;254;1;1;1;1;1;1;1;1;1;1;1;52;254
2022-11-03;"alle";67;67;67;67;67;67;67;67;67;67;67;67;305;305;305;305;305;305;305;305;305;305;305;305;NA;NA;NA;NA;NA;NA;NA;NA;NA;NA;NA;67;303
2022-11-02;"0-60";16;16;16;16;16;16;16;16;16;16;16;16;48;48;48;48;48;48;48;48;48;48;48;48;1;1;1;1;1;1;1;1;1;1;1;16;46
2022-11-02;"60+";85;85;85;85;85;85;85;85;85;85;85;85;248;248;248;248;248;248;248;248;248;248;248;248;1;1;1;1;1;1;1;1;1;1;1;85;247
2022-11-02;"alle";101;101;101;101;101;101;101;101;101;101;101;101;296;296;296;296;296;296;296;296;296;296;296;296;NA;NA;NA;NA;NA;NA;NA;NA;NA;NA;NA;101;293
2022-11-01;"0-60";5;5;5;5;5;5;5;5;5;5;5;5;50;50;50;50;50;50;50;50;50;50;50;50;1;1;1;1;1;1;1;1;1;1;1;5;48
2022-11-01;"60+";13;13;13;13;13;13;13;13;13;13;13;13;239;239;239;239;239;239;239;239;239;239;239;239;1;1;1;1;1;1;1;1;1;1;1;13;237
2022-11-01;"alle";18;18;18;18;18;18;18;18;18;18;18;18;289;289;289;289;289;289;289;289;289;289;289;289;NA;NA;NA;NA;NA;NA;NA;NA;NA;NA;NA;18;285
2022-10-31;"0-60";1;1;1;1;1;1;1;1;1;1;1;1;69;69;69;69;69;69;69;69;69;69;69;69;1;1;1;1;1;1;1;1;1;1;1;0;67
2022-10-31;"60+";9;9;9;9;9;9;9;9;9;9;9;9;339;339;339;339;339;339;339;339;339;339;339;339;1;1;1;1;1;1;1;1;1;1;1;9;335
2022-10-31;"alle";10;10;10;10;10;10;10;10;10;10;10;10;408;408;408;408;408;408;408;408;408;408;408;408;NA;NA;NA;NA;NA;NA;NA;NA;NA;NA;NA;9;402
2022-10-30;"0-60";0;0;0;0;0;0;0;0;0;0;0;0;70;70;70;70;70;70;70;70;70;70;70;70;1;1;1;1;1;1;1;1;1;1;1;0;69
2022-10-30;"60+";11;11;11;11;11;11;11;11;11;11;11;11;348;348;348;348;348;348;348;348;348;348;348;348;1;1;1;1;1;1;1;1;1;1;1;11;344
2022-10-30;"alle";11;11;11;11;11;11;11;11;11;11;11;11;418;418;418;418;418;418;418;418;418;418;418;418;NA;NA;NA;NA;NA;NA;NA;NA;NA;NA;NA;11;413
2022-10-29;"0-60";4;4;4;4;4;4;4;4;4;4;4;4;71;71;71;71;71;71;71;71;71;71;71;71;1;1;1;1;1;1;1;1;1;1;1;4;70
2022-10-29;"60+";36;36;36;36;36;36;36;36;36;36;36;36;350;350;350;350;350;350;350;350;350;350;350;350;1;1;1;1;1;1;1;1;1;1;1;36;346
2022-10-29;"alle";40;40;40;40;40;40;40;40;40;40;40;40;421;421;421;421;421;421;421;421;421;421;421;421;NA;NA;NA;NA;NA;NA;NA;NA;NA;NA;NA;40;418
2022-10-28;"0-60";10;10;10;10;10;10;10;10;10;10;10;10;84;84;84;84;84;84;84;84;84;84;84;84;1;1;1;1;1;1;1;1;1;1;1;9;83
2022-10-28;"60+";48;48;48;48;48;48;48;48;48;48;48;48;371;371;371;371;371;371;371;371;371;371;371;371;1;1;1;1;1;1;1;1;1;1;1;48;366
2022-10-28;"alle";58;58;58;58;58;58;58;58;58;58;58;58;455;455;455;455;455;455;455;455;455;455;455;455;NA;NA;NA;NA;NA;NA;NA;NA;NA;NA;NA;57;451
2022-10-27;"0-60";12;12;12;12;12;12;12;12;12;12;12;12;84;84;84;84;84;84;84;84;84;84;84;84;1;1;1;1;1;1;1;1;1;1;1;12;84
2022-10-27;"60+";46;46;46;46;46;46;46;46;46;46;46;46;396;396;396;396;396;396;396;396;396;396;396;396;1;1;1;1;1;1;1;1;1;1;1;45;391
2022-10-27;"alle";58;58;58;58;58;58;58;58;58;58;58;58;480;480;480;480;480;480;480;480;480;480;480;480;NA;NA;NA;NA;NA;NA;NA;NA;NA;NA;NA;57;477
2022-10-26;"0-60";18;18;18;18;18;18;18;18;18;18;18;18;93;93;93;93;93;93;93;93;93;93;93;93;1;1;1;1;1;1;1;1;1;1;1;18;93
2022-10-26;"60+";76;76;76;76;76;76;76;76;76;76;76;76;418;418;418;418;418;418;418;418;418;418;418;418;1;1;1;1;1;1;1;1;1;1;1;75;414
2022-10-26;"alle";94;94;94;94;94;94;94;94;94;94;94;94;511;511;511;511;511;511;511;511;511;511;511;511;NA;NA;NA;NA;NA;NA;NA;NA;NA;NA;NA;93;509
2022-10-25;"0-60";24;24;24;24;24;24;24;24;24;24;24;24;99;99;99;99;99;99;99;99;99;99;99;99;1;1;1;1;1;1;1;1;1;1;1;24;99
2022-10-25;"60+";113;113;113;113;113;113;113;113;113;113;113;113;441;441;441;441;441;441;441;441;441;441;441;441;1;1;1;1;1;1;1;1;1;1;1;111;438
2022-10-25;"alle";137;137;137;137;137;137;137;137;137;137;137;137;540;540;540;540;540;540;540;540;540;540;540;540;NA;NA;NA;NA;NA;NA;NA;NA;NA;NA;NA;135;539
2022-10-24;"0-60";2;2;2;2;2;2;2;2;2;2;2;2;103;103;103;103;103;103;103;103;103;103;103;103;1;1;1;1;1;1;1;1;1;1;1;2;103
2022-10-24;"60+";18;18;18;18;18;18;18;18;18;18;18;18;454;454;454;454;454;454;454;454;454;454;454;454;1;1;1;1;1;1;1;1;1;1;1;18;452
2022-10-24;"alle";20;20;20;20;20;20;20;20;20;20;20;20;557;557;557;557;557;557;557;557;557;557;557;557;NA;NA;NA;NA;NA;NA;NA;NA;NA;NA;NA;20;558
2022-10-23;"0-60";1;1;1;1;1;1;1;1;1;1;1;1;105;105;105;105;105;105;105;105;105;105;105;105;1;1;1;1;1;1;1;1;1;1;1;1;105
2022-10-23;"60+";13;13;13;13;13;13;13;13;13;13;13;13;448;448;448;448;448;448;448;448;448;448;448;448;1;1;1;1;1;1;1;1;1;1;1;13;446
2022-10-23;"alle";14;14;14;14;14;14;14;14;14;14;14;14;553;553;553;553;553;553;553;553;553;553;553;553;NA;NA;NA;NA;NA;NA;NA;NA;NA;NA;NA;16;554
2022-10-22;"0-60";17;17;17;17;17;17;17;17;17;17;17;17;109;109;109;109;109;109;109;109;109;109;109;109;1;1;1;1;1;1;1;1;1;1;1;17;109
2022-10-22;"60+";57;57;57;57;57;57;57;57;57;57;57;57;451;451;451;451;451;451;451;451;451;451;451;451;1;1;1;1;1;1;1;1;1;1;1;56;449
2022-10-22;"alle";74;74;74;74;74;74;74;74;74;74;74;74;560;560;560;560;560;560;560;560;560;560;560;560;NA;NA;NA;NA;NA;NA;NA;NA;NA;NA;NA;73;559
2022-10-21;"0-60";10;10;10;10;10;10;10;10;10;10;10;10;104;104;104;104;104;104;104;104;104;104;104;104;1;1;1;1;1;1;1;1;1;1;1;10;104
2022-10-21;"60+";73;73;73;73;73;73;73;73;73;73;73;73;463;463;463;463;463;463;463;463;463;463;463;463;1;1;1;1;1;1;1;1;1;1;1;73;462
2022-10-21;"alle";83;83;83;83;83;83;83;83;83;83;83;83;567;567;567;567;567;567;567;567;567;567;567;567;NA;NA;NA;NA;NA;NA;NA;NA;NA;NA;NA;83;567
2022-10-20;"0-60";21;21;21;21;21;21;21;21;21;21;21;21;106;106;106;106;106;106;106;106;106;106;106;106;1;1;1;1;1;1;1;1;1;1;1;21;106
2022-10-20;"60+";68;68;68;68;68;68;68;68;68;68;68;68;460;460;460;460;460;460;460;460;460;460;460;460;1;1;1;1;1;1;1;1;1;1;1;68;459
2022-10-20;"alle";89;89;89;89;89;89;89;89;89;89;89;89;566;566;566;566;566;566;566;566;566;566;566;566;NA;NA;NA;NA;NA;NA;NA;NA;NA;NA;NA;89;566
2022-10-19;"0-60";24;24;24;24;24;24;24;24;24;24;24;24;112;112;112;112;112;112;112;112;112;112;112;112;1;1;1;1;1;1;1;1;1;1;1;24;112
2022-10-19;"60+";99;99;99;99;99;99;99;99;99;99;99;99;480;480;480;480;480;480;480;480;480;480;480;480;1;1;1;1;1;1;1;1;1;1;1;99;478
2022-10-19;"alle";123;123;123;123;123;123;123;123;123;123;123;123;592;592;592;592;592;592;592;592;592;592;592;592;NA;NA;NA;NA;NA;NA;NA;NA;NA;NA;NA;123;592
2022-10-18;"0-60";28;28;28;28;28;28;28;28;28;28;28;28;122;122;122;122;122;122;122;122;122;122;122;122;1;1;1;1;1;1;1;1;1;1;1;28;122
2022-10-18;"60+";126;126;126;126;126;126;126;126;126;126;126;126;483;483;483;483;483;483;483;483;483;483;483;483;1;1;1;1;1;1;1;1;1;1;1;125;481
2022-10-18;"alle";154;154;154;154;154;154;154;154;154;154;154;154;605;605;605;605;605;605;605;605;605;605;605;605;NA;NA;NA;NA;NA;NA;NA;NA;NA;NA;NA;154;605
2022-10-17;"0-60";4;4;4;4;4;4;4;4;4;4;4;4;111;111;111;111;111;111;111;111;111;111;111;111;1;1;1;1;1;1;1;1;1;1;1;4;111
2022-10-17;"60+";12;12;12;12;12;12;12;12;12;12;12;12;495;495;495;495;495;495;495;495;495;495;495;495;1;1;1;1;1;1;1;1;1;1;1;12;493
2022-10-17;"alle";16;16;16;16;16;16;16;16;16;16;16;16;606;606;606;606;606;606;606;606;606;606;606;606;NA;NA;NA;NA;NA;NA;NA;NA;NA;NA;NA;16;605
2022-10-16;"0-60";5;5;5;5;5;5;5;5;5;5;5;5;111;111;111;111;111;111;111;111;111;111;111;111;1;1;1;1;1;1;1;1;1;1;1;5;111
2022-10-16;"60+";16;16;16;16;16;16;16;16;16;16;16;16;498;498;498;498;498;498;498;498;498;498;498;498;1;1;1;1;1;1;1;1;1;1;1;16;496
2022-10-16;"alle";21;21;21;21;21;21;21;21;21;21;21;21;609;609;609;609;609;609;609;609;609;609;609;609;NA;NA;NA;NA;NA;NA;NA;NA;NA;NA;NA;21;608
2022-10-15;"0-60";12;12;12;12;12;12;12;12;12;12;12;12;107;107;107;107;107;107;107;107;107;107;107;107;1;1;1;1;1;1;1;1;1;1;1;12;107
2022-10-15;"60+";69;69;69;69;69;69;69;69;69;69;69;69;503;503;503;503;503;503;503;503;503;503;503;503;1;1;1;1;1;1;1;1;1;1;1;69;501
2022-10-15;"alle";81;81;81;81;81;81;81;81;81;81;81;81;610;610;610;610;610;610;610;610;610;610;610;610;NA;NA;NA;NA;NA;NA;NA;NA;NA;NA;NA;81;609
2022-10-14;"0-60";12;12;12;12;12;12;12;12;12;12;12;12;115;115;115;115;115;115;115;115;115;115;115;115;1;1;1;1;1;1;1;1;1;1;1;12;115
2022-10-14;"60+";70;70;70;70;70;70;70;70;70;70;70;70;494;494;494;494;494;494;494;494;494;494;494;494;1;1;1;1;1;1;1;1;1;1;1;70;492
2022-10-14;"alle";82;82;82;82;82;82;82;82;82;82;82;82;609;609;609;609;609;609;609;609;609;609;609;609;NA;NA;NA;NA;NA;NA;NA;NA;NA;NA;NA;82;608
2022-10-13;"0-60";27;27;27;27;27;27;27;27;27;27;27;27;127;127;127;127;127;127;127;127;127;127;127;127;1;1;1;1;1;1;1;1;1;1;1;27;127
2022-10-13;"60+";88;88;88;88;88;88;88;88;88;88;88;88;495;495;495;495;495;495;495;495;495;495;495;495;1;1;1;1;1;1;1;1;1;1;1;87;493
2022-10-13;"alle";115;115;115;115;115;115;115;115;115;115;115;115;622;622;622;622;622;622;622;622;622;622;622;622;NA;NA;NA;NA;NA;NA;NA;NA;NA;NA;NA;115;621
2022-10-12;"0-60";34;34;34;34;34;34;34;34;34;34;34;34;116;116;116;116;116;116;116;116;116;116;116;116;1;1;1;1;1;1;1;1;1;1;1;34;116
2022-10-12;"60+";102;102;102;102;102;102;102;102;102;102;102;102;486;486;486;486;486;486;486;486;486;486;486;486;1;1;1;1;1;1;1;1;1;1;1;102;485
2022-10-12;"alle";136;136;136;136;136;136;136;136;136;136;136;136;602;602;602;602;602;602;602;602;602;602;602;602;NA;NA;NA;NA;NA;NA;NA;NA;NA;NA;NA;136;601
2022-10-11;"0-60";17;17;17;17;17;17;17;17;17;17;17;17;106;106;106;106;106;106;106;106;106;106;106;106;1;1;1;1;1;1;1;1;1;1;1;17;105
2022-10-11;"60+";138;138;138;138;138;138;138;138;138;138;138;138;522;522;522;522;522;522;522;522;522;522;522;522;1;1;1;1;1;1;1;1;1;1;1;137;521
2022-10-11;"alle";155;155;155;155;155;155;155;155;155;155;155;155;628;628;628;628;628;628;628;628;628;628;628;628;NA;NA;NA;NA;NA;NA;NA;NA;NA;NA;NA;154;626
2022-10-10;"0-60";4;4;4;4;4;4;4;4;4;4;4;4;93;93;93;93;93;93;93;93;93;93;93;93;1;1;1;1;1;1;1;1;1;1;1;4;92
2022-10-10;"60+";15;15;15;15;15;15;15;15;15;15;15;15;400;400;400;400;400;400;400;400;400;400;400;400;1;1;1;1;1;1;1;1;1;1;1;15;400
2022-10-10;"alle";19;19;19;19;19;19;19;19;19;19;19;19;493;493;493;493;493;493;493;493;493;493;493;493;NA;NA;NA;NA;NA;NA;NA;NA;NA;NA;NA;19;492
2022-10-09;"0-60";1;1;1;1;1;1;1;1;1;1;1;1;91;91;91;91;91;91;91;91;91;91;91;91;1;1;1;1;1;1;1;1;1;1;1;1;90
2022-10-09;"60+";21;21;21;21;21;21;21;21;21;21;21;21;402;402;402;402;402;402;402;402;402;402;402;402;1;1;1;1;1;1;1;1;1;1;1;21;402
2022-10-09;"alle";22;22;22;22;22;22;22;22;22;22;22;22;493;493;493;493;493;493;493;493;493;493;493;493;NA;NA;NA;NA;NA;NA;NA;NA;NA;NA;NA;22;492
2022-10-08;"0-60";20;20;20;20;20;20;20;20;20;20;20;20;92;92;92;92;92;92;92;92;92;92;92;92;1;1;1;1;1;1;1;1;1;1;1;20;91
2022-10-08;"60+";60;60;60;60;60;60;60;60;60;60;60;60;396;396;396;396;396;396;396;396;396;396;396;396;1;1;1;1;1;1;1;1;1;1;1;60;396
2022-10-08;"alle";80;80;80;80;80;80;80;80;80;80;80;80;488;488;488;488;488;488;488;488;488;488;488;488;NA;NA;NA;NA;NA;NA;NA;NA;NA;NA;NA;80;487
2022-10-07;"0-60";24;24;24;24;24;24;24;24;24;24;24;24;76;76;76;76;76;76;76;76;76;76;76;76;1;1;1;1;1;1;1;1;1;1;1;24;75
2022-10-07;"60+";71;71;71;71;71;71;71;71;71;71;71;71;390;390;390;390;390;390;390;390;390;390;390;390;1;1;1;1;1;1;1;1;1;1;1;71;388
2022-10-07;"alle";95;95;95;95;95;95;95;95;95;95;95;95;466;466;466;466;466;466;466;466;466;466;466;466;NA;NA;NA;NA;NA;NA;NA;NA;NA;NA;NA;95;463
2022-10-06;"0-60";16;16;16;16;16;16;16;16;16;16;16;16;70;70;70;70;70;70;70;70;70;70;70;70;1;1;1;1;1;1;1;1;1;1;1;16;68
2022-10-06;"60+";79;79;79;79;79;79;79;79;79;79;79;79;382;382;382;382;382;382;382;382;382;382;382;382;1;1;1;1;1;1;1;1;1;1;1;79;380
2022-10-06;"alle";95;95;95;95;95;95;95;95;95;95;95;95;452;452;452;452;452;452;452;452;452;452;452;452;NA;NA;NA;NA;NA;NA;NA;NA;NA;NA;NA;95;448
2022-10-05;"0-60";24;24;24;24;24;24;24;24;24;24;24;24;65;65;65;65;65;65;65;65;65;65;65;65;1;1;1;1;1;1;1;1;1;1;1;23;62
2022-10-05;"60+";138;138;138;138;138;138;138;138;138;138;138;138;363;363;363;363;363;363;363;363;363;363;363;363;1;1;1;1;1;1;1;1;1;1;1;138;361
2022-10-05;"alle";162;162;162;162;162;162;162;162;162;162;162;162;428;428;428;428;428;428;428;428;428;428;428;428;NA;NA;NA;NA;NA;NA;NA;NA;NA;NA;NA;161;423
2022-10-04;"0-60";4;4;4;4;4;4;4;4;4;4;4;4;57;57;57;57;57;57;57;57;57;57;57;57;1;1;1;1;1;1;1;1;1;1;1;4;55
2022-10-04;"60+";16;16;16;16;16;16;16;16;16;16;16;16;287;287;287;287;287;287;287;287;287;287;287;287;1;1;1;1;1;1;1;1;1;1;1;16;284
2022-10-04;"alle";20;20;20;20;20;20;20;20;20;20;20;20;344;344;344;344;344;344;344;344;344;344;344;344;NA;NA;NA;NA;NA;NA;NA;NA;NA;NA;NA;20;339
2022-10-03;"0-60";2;2;2;2;2;2;2;2;2;2;2;2;69;69;69;69;69;69;69;69;69;69;69;69;1;1;1;1;1;1;1;1;1;1;1;2;66
2022-10-03;"60+";17;17;17;17;17;17;17;17;17;17;17;17;347;347;347;347;347;347;347;347;347;347;347;347;1;1;1;1;1;1;1;1;1;1;1;17;343
2022-10-03;"alle";19;19;19;19;19;19;19;19;19;19;19;19;416;416;416;416;416;416;416;416;416;416;416;416;NA;NA;NA;NA;NA;NA;NA;NA;NA;NA;NA;19;409
2022-10-02;"0-60";2;2;2;2;2;2;2;2;2;2;2;2;67;67;67;67;67;67;67;67;67;67;67;67;1;1;1;1;1;1;1;1;1;1;1;2;64
2022-10-02;"60+";15;15;15;15;15;15;15;15;15;15;15;15;343;343;343;343;343;343;343;343;343;343;343;343;1;1;1;1;1;1;1;1;1;1;1;15;339
2022-10-02;"alle";17;17;17;17;17;17;17;17;17;17;17;17;410;410;410;410;410;410;410;410;410;410;410;410;NA;NA;NA;NA;NA;NA;NA;NA;NA;NA;NA;17;403
2022-10-01;"0-60";4;4;4;4;4;4;4;4;4;4;4;4;66;66;66;66;66;66;66;66;66;66;66;66;1;1;1;1;1;1;1;1;1;1;1;4;63
2022-10-01;"60+";54;54;54;54;54;54;54;54;54;54;54;54;332;332;332;332;332;332;332;332;332;332;332;332;1;1;1;1;1;1;1;1;1;1;1;52;328
2022-10-01;"alle";58;58;58;58;58;58;58;58;58;58;58;58;398;398;398;398;398;398;398;398;398;398;398;398;NA;NA;NA;NA;NA;NA;NA;NA;NA;NA;NA;56;391
2022-09-30;"0-60";18;18;18;18;18;18;18;18;18;18;18;18;66;66;66;66;66;66;66;66;66;66;66;66;1;1;1;1;1;1;1;1;1;1;1;17;63
2022-09-30;"60+";63;63;63;63;63;63;63;63;63;63;63;63;307;307;307;307;307;307;307;307;307;307;307;307;1;1;1;1;1;1;1;1;1;1;1;63;304
2022-09-30;"alle";81;81;81;81;81;81;81;81;81;81;81;81;373;373;373;373;373;373;373;373;373;373;373;373;NA;NA;NA;NA;NA;NA;NA;NA;NA;NA;NA;80;367
2022-09-29;"0-60";11;11;11;11;11;11;11;11;11;11;11;11;57;57;57;57;57;57;57;57;57;57;57;57;1;1;1;1;1;1;1;1;1;1;1;10;54
2022-09-29;"60+";60;60;60;60;60;60;60;60;60;60;60;60;296;296;296;296;296;296;296;296;296;296;296;296;1;1;1;1;1;1;1;1;1;1;1;60;288
2022-09-29;"alle";71;71;71;71;71;71;71;71;71;71;71;71;353;353;353;353;353;353;353;353;353;353;353;353;NA;NA;NA;NA;NA;NA;NA;NA;NA;NA;NA;70;342
2022-09-28;"0-60";16;16;16;16;16;16;16;16;16;16;16;16;67;67;67;67;67;67;67;67;67;67;67;67;1;1;1;1;1;1;1;1;1;1;1;16;64
2022-09-28;"60+";62;62;62;62;62;62;62;62;62;62;62;62;303;303;303;303;303;303;303;303;303;303;303;303;1;1;1;1;1;1;1;1;1;1;1;61;294
2022-09-28;"alle";78;78;78;78;78;78;78;78;78;78;78;78;370;370;370;370;370;370;370;370;370;370;370;370;NA;NA;NA;NA;NA;NA;NA;NA;NA;NA;NA;77;358
2022-09-27;"0-60";16;16;16;16;16;16;16;16;16;16;16;16;56;56;56;56;56;56;56;56;56;56;56;56;1;1;1;1;1;1;1;1;1;1;1;15;53
2022-09-27;"60+";76;76;76;76;76;76;76;76;76;76;76;76;250;250;250;250;250;250;250;250;250;250;250;250;1;1;1;1;1;1;1;1;1;1;1;75;242
2022-09-27;"alle";92;92;92;92;92;92;92;92;92;92;92;92;306;306;306;306;306;306;306;306;306;306;306;306;NA;NA;NA;NA;NA;NA;NA;NA;NA;NA;NA;90;295
2022-09-26;"0-60";0;0;0;0;0;0;0;0;0;0;0;0;52;52;52;52;52;52;52;52;52;52;52;52;1;1;1;1;1;1;1;1;1;1;1;0;49
2022-09-26;"60+";13;13;13;13;13;13;13;13;13;13;13;13;211;211;211;211;211;211;211;211;211;211;211;211;1;1;1;1;1;1;1;1;1;1;1;13;204
2022-09-26;"alle";13;13;13;13;13;13;13;13;13;13;13;13;263;263;263;263;263;263;263;263;263;263;263;263;NA;NA;NA;NA;NA;NA;NA;NA;NA;NA;NA;13;253
2022-09-25;"0-60";1;1;1;1;1;1;1;1;1;1;1;1;53;53;53;53;53;53;53;53;53;53;53;53;1;1;1;1;1;1;1;1;1;1;1;1;50
2022-09-25;"60+";4;4;4;4;4;4;4;4;4;4;4;4;202;202;202;202;202;202;202;202;202;202;202;202;1;1;1;1;1;1;1;1;1;1;1;4;195
2022-09-25;"alle";5;5;5;5;5;5;5;5;5;5;5;5;255;255;255;255;255;255;255;255;255;255;255;255;NA;NA;NA;NA;NA;NA;NA;NA;NA;NA;NA;5;245
2022-09-24;"0-60";4;4;4;4;4;4;4;4;4;4;4;4;53;53;53;53;53;53;53;53;53;53;53;53;1;1;1;1;1;1;1;1;1;1;1;4;50
2022-09-24;"60+";29;29;29;29;29;29;29;29;29;29;29;29;202;202;202;202;202;202;202;202;202;202;202;202;1;1;1;1;1;1;1;1;1;1;1;28;195
2022-09-24;"alle";33;33;33;33;33;33;33;33;33;33;33;33;255;255;255;255;255;255;255;255;255;255;255;255;NA;NA;NA;NA;NA;NA;NA;NA;NA;NA;NA;32;245
2022-09-23;"0-60";9;9;9;9;9;9;9;9;9;9;9;9;54;54;54;54;54;54;54;54;54;54;54;54;1;1;1;1;1;1;1;1;1;1;1;8;51
2022-09-23;"60+";52;52;52;52;52;52;52;52;52;52;52;52;185;185;185;185;185;185;185;185;185;185;185;185;1;1;1;1;1;1;1;1;1;1;1;47;179
2022-09-23;"alle";61;61;61;61;61;61;61;61;61;61;61;61;239;239;239;239;239;239;239;239;239;239;239;239;NA;NA;NA;NA;NA;NA;NA;NA;NA;NA;NA;55;230
2022-09-22;"0-60";21;21;21;21;21;21;21;21;21;21;21;21;60;60;60;60;60;60;60;60;60;60;60;60;1;1;1;1;1;1;1;1;1;1;1;20;58
2022-09-22;"60+";67;67;67;67;67;67;67;67;67;67;67;67;158;158;158;158;158;158;158;158;158;158;158;158;1;1;1;1;1;1;1;1;1;1;1;66;157
2022-09-22;"alle";88;88;88;88;88;88;88;88;88;88;88;88;218;218;218;218;218;218;218;218;218;218;218;218;NA;NA;NA;NA;NA;NA;NA;NA;NA;NA;NA;86;215
2022-09-21;"0-60";5;5;5;5;5;5;5;5;5;5;5;5;49;49;49;49;49;49;49;49;49;49;49;49;1;1;1;1;1;1;1;1;1;1;1;5;48
2022-09-21;"60+";9;9;9;9;9;9;9;9;9;9;9;9;108;108;108;108;108;108;108;108;108;108;108;108;1;1;1;1;1;1;1;1;1;1;1;9;108
2022-09-21;"alle";14;14;14;14;14;14;14;14;14;14;14;14;157;157;157;157;157;157;157;157;157;157;157;157;NA;NA;NA;NA;NA;NA;NA;NA;NA;NA;NA;14;156
2022-09-20;"0-60";12;12;12;12;12;12;12;12;12;12;12;12;47;47;47;47;47;47;47;47;47;47;47;47;1;1;1;1;1;1;1;1;1;1;1;11;46
2022-09-20;"60+";37;37;37;37;37;37;37;37;37;37;37;37;126;126;126;126;126;126;126;126;126;126;126;126;1;1;1;1;1;1;1;1;1;1;1;37;126
2022-09-20;"alle";49;49;49;49;49;49;49;49;49;49;49;49;173;173;173;173;173;173;173;173;173;173;173;173;NA;NA;NA;NA;NA;NA;NA;NA;NA;NA;NA;48;172
2022-09-19;"0-60";1;1;1;1;1;1;1;1;1;1;1;1;48;48;48;48;48;48;48;48;48;48;48;48;1;1;1;1;1;1;1;1;1;1;1;1;48
2022-09-19;"60+";4;4;4;4;4;4;4;4;4;4;4;4;135;135;135;135;135;135;135;135;135;135;135;135;1;1;1;1;1;1;1;1;1;1;1;4;133
2022-09-19;"alle";5;5;5;5;5;5;5;5;5;5;5;5;183;183;183;183;183;183;183;183;183;183;183;183;NA;NA;NA;NA;NA;NA;NA;NA;NA;NA;NA;5;181
2022-09-18;"0-60";1;1;1;1;1;1;1;1;1;1;1;1;47;47;47;47;47;47;47;47;47;47;47;47;1;1;1;1;1;1;1;1;1;1;1;1;47
2022-09-18;"60+";4;4;4;4;4;4;4;4;4;4;4;4;134;134;134;134;134;134;134;134;134;134;134;134;1;1;1;1;1;1;1;1;1;1;1;4;132
2022-09-18;"alle";5;5;5;5;5;5;5;5;5;5;5;5;181;181;181;181;181;181;181;181;181;181;181;181;NA;NA;NA;NA;NA;NA;NA;NA;NA;NA;NA;5;179
2022-09-17;"0-60";5;5;5;5;5;5;5;5;5;5;5;5;46;46;46;46;46;46;46;46;46;46;46;46;1;1;1;1;1;1;1;1;1;1;1;5;46
2022-09-17;"60+";12;12;12;12;12;12;12;12;12;12;12;12;135;135;135;135;135;135;135;135;135;135;135;135;1;1;1;1;1;1;1;1;1;1;1;12;133
2022-09-17;"alle";17;17;17;17;17;17;17;17;17;17;17;17;181;181;181;181;181;181;181;181;181;181;181;181;NA;NA;NA;NA;NA;NA;NA;NA;NA;NA;NA;17;179
2022-09-16;"0-60";15;15;15;15;15;15;15;15;15;15;15;15;44;44;44;44;44;44;44;44;44;44;44;44;1;1;1;1;1;1;1;1;1;1;1;15;43
2022-09-16;"60+";25;25;25;25;25;25;25;25;25;25;25;25;134;134;134;134;134;134;134;134;134;134;134;134;1;1;1;1;1;1;1;1;1;1;1;25;132
2022-09-16;"alle";40;40;40;40;40;40;40;40;40;40;40;40;178;178;178;178;178;178;178;178;178;178;178;178;NA;NA;NA;NA;NA;NA;NA;NA;NA;NA;NA;40;175
2022-09-15;"0-60";10;10;10;10;10;10;10;10;10;10;10;10;34;34;34;34;34;34;34;34;34;34;34;34;1;1;1;1;1;1;1;1;1;1;1;10;32
2022-09-15;"60+";17;17;17;17;17;17;17;17;17;17;17;17;127;127;127;127;127;127;127;127;127;127;127;127;1;1;1;1;1;1;1;1;1;1;1;17;125
2022-09-15;"alle";27;27;27;27;27;27;27;27;27;27;27;27;161;161;161;161;161;161;161;161;161;161;161;161;NA;NA;NA;NA;NA;NA;NA;NA;NA;NA;NA;27;157
2022-09-14;"0-60";3;3;3;3;3;3;3;3;3;3;3;3;29;29;29;29;29;29;29;29;29;29;29;29;1;1;1;1;1;1;1;1;1;1;1;3;27
2022-09-14;"60+";27;27;27;27;27;27;27;27;27;27;27;27;128;128;128;128;128;128;128;128;128;128;128;128;1;1;1;1;1;1;1;1;1;1;1;27;126
2022-09-14;"alle";30;30;30;30;30;30;30;30;30;30;30;30;157;157;157;157;157;157;157;157;157;157;157;157;NA;NA;NA;NA;NA;NA;NA;NA;NA;NA;NA;30;153
2022-09-13;"0-60";13;13;13;13;13;13;13;13;13;13;13;13;33;33;33;33;33;33;33;33;33;33;33;33;1;1;1;1;1;1;1;1;1;1;1;13;31
2022-09-13;"60+";46;46;46;46;46;46;46;46;46;46;46;46;126;126;126;126;126;126;126;126;126;126;126;126;1;1;1;1;1;1;1;1;1;1;1;44;124
2022-09-13;"alle";59;59;59;59;59;59;59;59;59;59;59;59;159;159;159;159;159;159;159;159;159;159;159;159;NA;NA;NA;NA;NA;NA;NA;NA;NA;NA;NA;57;155
2022-09-12;"0-60";0;0;0;0;0;0;0;0;0;0;0;0;28;28;28;28;28;28;28;28;28;28;28;28;1;1;1;1;1;1;1;1;1;1;1;0;26
2022-09-12;"60+";3;3;3;3;3;3;3;3;3;3;3;3;115;115;115;115;115;115;115;115;115;115;115;115;1;1;1;1;1;1;1;1;1;1;1;3;115
2022-09-12;"alle";3;3;3;3;3;3;3;3;3;3;3;3;143;143;143;143;143;143;143;143;143;143;143;143;NA;NA;NA;NA;NA;NA;NA;NA;NA;NA;NA;3;141
2022-09-11;"0-60";0;0;0;0;0;0;0;0;0;0;0;0;29;29;29;29;29;29;29;29;29;29;29;29;1;1;1;1;1;1;1;1;1;1;1;0;27
2022-09-11;"60+";5;5;5;5;5;5;5;5;5;5;5;5;114;114;114;114;114;114;114;114;114;114;114;114;1;1;1;1;1;1;1;1;1;1;1;5;114
2022-09-11;"alle";5;5;5;5;5;5;5;5;5;5;5;5;143;143;143;143;143;143;143;143;143;143;143;143;NA;NA;NA;NA;NA;NA;NA;NA;NA;NA;NA;5;141
2022-09-10;"0-60";3;3;3;3;3;3;3;3;3;3;3;3;29;29;29;29;29;29;29;29;29;29;29;29;1;1;1;1;1;1;1;1;1;1;1;2;27
2022-09-10;"60+";11;11;11;11;11;11;11;11;11;11;11;11;110;110;110;110;110;110;110;110;110;110;110;110;1;1;1;1;1;1;1;1;1;1;1;11;110
2022-09-10;"alle";14;14;14;14;14;14;14;14;14;14;14;14;139;139;139;139;139;139;139;139;139;139;139;139;NA;NA;NA;NA;NA;NA;NA;NA;NA;NA;NA;13;137
2022-09-09;"0-60";5;5;5;5;5;5;5;5;5;5;5;5;31;31;31;31;31;31;31;31;31;31;31;31;1;1;1;1;1;1;1;1;1;1;1;4;30
2022-09-09;"60+";18;18;18;18;18;18;18;18;18;18;18;18;104;104;104;104;104;104;104;104;104;104;104;104;1;1;1;1;1;1;1;1;1;1;1;18;104
2022-09-09;"alle";23;23;23;23;23;23;23;23;23;23;23;23;135;135;135;135;135;135;135;135;135;135;135;135;NA;NA;NA;NA;NA;NA;NA;NA;NA;NA;NA;22;134
2022-09-08;"0-60";5;5;5;5;5;5;5;5;5;5;5;5;37;37;37;37;37;37;37;37;37;37;37;37;1;1;1;1;1;1;1;1;1;1;1;5;37
2022-09-08;"60+";18;18;18;18;18;18;18;18;18;18;18;18;98;98;98;98;98;98;98;98;98;98;98;98;1;1;1;1;1;1;1;1;1;1;1;18;98
2022-09-08;"alle";23;23;23;23;23;23;23;23;23;23;23;23;135;135;135;135;135;135;135;135;135;135;135;135;NA;NA;NA;NA;NA;NA;NA;NA;NA;NA;NA;23;135
2022-09-07;"0-60";7;7;7;7;7;7;7;7;7;7;7;7;39;39;39;39;39;39;39;39;39;39;39;39;1;1;1;1;1;1;1;1;1;1;1;7;39
2022-09-07;"60+";25;25;25;25;25;25;25;25;25;25;25;25;100;100;100;100;100;100;100;100;100;100;100;100;1;1;1;1;1;1;1;1;1;1;1;25;100
2022-09-07;"alle";32;32;32;32;32;32;32;32;32;32;32;32;139;139;139;139;139;139;139;139;139;139;139;139;NA;NA;NA;NA;NA;NA;NA;NA;NA;NA;NA;32;139
2022-09-06;"0-60";8;8;8;8;8;8;8;8;8;8;8;8;35;35;35;35;35;35;35;35;35;35;35;35;1;1;1;1;1;1;1;1;1;1;1;8;35
2022-09-06;"60+";35;35;35;35;35;35;35;35;35;35;35;35;101;101;101;101;101;101;101;101;101;101;101;101;1;1;1;1;1;1;1;1;1;1;1;35;101
2022-09-06;"alle";43;43;43;43;43;43;43;43;43;43;43;43;136;136;136;136;136;136;136;136;136;136;136;136;NA;NA;NA;NA;NA;NA;NA;NA;NA;NA;NA;43;136
2022-09-05;"0-60";1;1;1;1;1;1;1;1;1;1;1;1;36;36;36;36;36;36;36;36;36;36;36;36;1;1;1;1;1;1;1;1;1;1;1;1;36
2022-09-05;"60+";2;2;2;2;2;2;2;2;2;2;2;2;106;106;106;106;106;106;106;106;106;106;106;106;1;1;1;1;1;1;1;1;1;1;1;2;104
2022-09-05;"alle";3;3;3;3;3;3;3;3;3;3;3;3;142;142;142;142;142;142;142;142;142;142;142;142;NA;NA;NA;NA;NA;NA;NA;NA;NA;NA;NA;3;140
2022-09-04;"0-60";0;0;0;0;0;0;0;0;0;0;0;0;36;36;36;36;36;36;36;36;36;36;36;36;1;1;1;1;1;1;1;1;1;1;1;0;36
2022-09-04;"60+";1;1;1;1;1;1;1;1;1;1;1;1;108;108;108;108;108;108;108;108;108;108;108;108;1;1;1;1;1;1;1;1;1;1;1;1;106
2022-09-04;"alle";1;1;1;1;1;1;1;1;1;1;1;1;144;144;144;144;144;144;144;144;144;144;144;144;NA;NA;NA;NA;NA;NA;NA;NA;NA;NA;NA;1;142
2022-09-03;"0-60";5;5;5;5;5;5;5;5;5;5;5;5;39;39;39;39;39;39;39;39;39;39;39;39;1;1;1;1;1;1;1;1;1;1;1;5;39
2022-09-03;"60+";5;5;5;5;5;5;5;5;5;5;5;5;114;114;114;114;114;114;114;114;114;114;114;114;1;1;1;1;1;1;1;1;1;1;1;5;112
2022-09-03;"alle";10;10;10;10;10;10;10;10;10;10;10;10;153;153;153;153;153;153;153;153;153;153;153;153;NA;NA;NA;NA;NA;NA;NA;NA;NA;NA;NA;10;151
2022-09-02;"0-60";11;11;11;11;11;11;11;11;11;11;11;11;38;38;38;38;38;38;38;38;38;38;38;38;1;1;1;1;1;1;1;1;1;1;1;11;38
2022-09-02;"60+";12;12;12;12;12;12;12;12;12;12;12;12;125;125;125;125;125;125;125;125;125;125;125;125;1;1;1;1;1;1;1;1;1;1;1;12;123
2022-09-02;"alle";23;23;23;23;23;23;23;23;23;23;23;23;163;163;163;163;163;163;163;163;163;163;163;163;NA;NA;NA;NA;NA;NA;NA;NA;NA;NA;NA;23;161
2022-09-01;"0-60";7;7;7;7;7;7;7;7;7;7;7;7;31;31;31;31;31;31;31;31;31;31;31;31;1;1;1;1;1;1;1;1;1;1;1;7;31
2022-09-01;"60+";20;20;20;20;20;20;20;20;20;20;20;20;131;131;131;131;131;131;131;131;131;131;131;131;1;1;1;1;1;1;1;1;1;1;1;20;129
2022-09-01;"alle";27;27;27;27;27;27;27;27;27;27;27;27;162;162;162;162;162;162;162;162;162;162;162;162;NA;NA;NA;NA;NA;NA;NA;NA;NA;NA;NA;27;160
2022-08-31;"0-60";3;3;3;3;3;3;3;3;3;3;3;3;32;32;32;32;32;32;32;32;32;32;32;32;1;1;1;1;1;1;1;1;1;1;1;3;32
2022-08-31;"60+";26;26;26;26;26;26;26;26;26;26;26;26;134;134;134;134;134;134;134;134;134;134;134;134;1;1;1;1;1;1;1;1;1;1;1;26;132
2022-08-31;"alle";29;29;29;29;29;29;29;29;29;29;29;29;166;166;166;166;166;166;166;166;166;166;166;166;NA;NA;NA;NA;NA;NA;NA;NA;NA;NA;NA;29;164
2022-08-30;"0-60";9;9;9;9;9;9;9;9;9;9;9;9;36;36;36;36;36;36;36;36;36;36;36;36;1;1;1;1;1;1;1;1;1;1;1;9;36
2022-08-30;"60+";40;40;40;40;40;40;40;40;40;40;40;40;136;136;136;136;136;136;136;136;136;136;136;136;1;1;1;1;1;1;1;1;1;1;1;38;133
2022-08-30;"alle";49;49;49;49;49;49;49;49;49;49;49;49;172;172;172;172;172;172;172;172;172;172;172;172;NA;NA;NA;NA;NA;NA;NA;NA;NA;NA;NA;47;169
2022-08-29;"0-60";1;1;1;1;1;1;1;1;1;1;1;1;50;50;50;50;50;50;50;50;50;50;50;50;1;1;1;1;1;1;1;1;1;1;1;1;49
2022-08-29;"60+";4;4;4;4;4;4;4;4;4;4;4;4;151;151;151;151;151;151;151;151;151;151;151;151;1;1;1;1;1;1;1;1;1;1;1;4;150
2022-08-29;"alle";5;5;5;5;5;5;5;5;5;5;5;5;201;201;201;201;201;201;201;201;201;201;201;201;NA;NA;NA;NA;NA;NA;NA;NA;NA;NA;NA;5;199
2022-08-28;"0-60";3;3;3;3;3;3;3;3;3;3;3;3;49;49;49;49;49;49;49;49;49;49;49;49;1;1;1;1;1;1;1;1;1;1;1;3;48
2022-08-28;"60+";7;7;7;7;7;7;7;7;7;7;7;7;151;151;151;151;151;151;151;151;151;151;151;151;1;1;1;1;1;1;1;1;1;1;1;7;150
2022-08-28;"alle";10;10;10;10;10;10;10;10;10;10;10;10;200;200;200;200;200;200;200;200;200;200;200;200;NA;NA;NA;NA;NA;NA;NA;NA;NA;NA;NA;10;198
2022-08-27;"0-60";4;4;4;4;4;4;4;4;4;4;4;4;48;48;48;48;48;48;48;48;48;48;48;48;1;1;1;1;1;1;1;1;1;1;1;4;47
2022-08-27;"60+";16;16;16;16;16;16;16;16;16;16;16;16;148;148;148;148;148;148;148;148;148;148;148;148;1;1;1;1;1;1;1;1;1;1;1;16;147
2022-08-27;"alle";20;20;20;20;20;20;20;20;20;20;20;20;196;196;196;196;196;196;196;196;196;196;196;196;NA;NA;NA;NA;NA;NA;NA;NA;NA;NA;NA;20;194
2022-08-26;"0-60";4;4;4;4;4;4;4;4;4;4;4;4;55;55;55;55;55;55;55;55;55;55;55;55;1;1;1;1;1;1;1;1;1;1;1;4;54
2022-08-26;"60+";18;18;18;18;18;18;18;18;18;18;18;18;161;161;161;161;161;161;161;161;161;161;161;161;1;1;1;1;1;1;1;1;1;1;1;18;160
2022-08-26;"alle";22;22;22;22;22;22;22;22;22;22;22;22;216;216;216;216;216;216;216;216;216;216;216;216;NA;NA;NA;NA;NA;NA;NA;NA;NA;NA;NA;22;214
2022-08-25;"0-60";8;8;8;8;8;8;8;8;8;8;8;8;64;64;64;64;64;64;64;64;64;64;64;64;1;1;1;1;1;1;1;1;1;1;1;8;63
2022-08-25;"60+";23;23;23;23;23;23;23;23;23;23;23;23;176;176;176;176;176;176;176;176;176;176;176;176;1;1;1;1;1;1;1;1;1;1;1;23;175
2022-08-25;"alle";31;31;31;31;31;31;31;31;31;31;31;31;240;240;240;240;240;240;240;240;240;240;240;240;NA;NA;NA;NA;NA;NA;NA;NA;NA;NA;NA;31;238
2022-08-24;"0-60";7;7;7;7;7;7;7;7;7;7;7;7;67;67;67;67;67;67;67;67;67;67;67;67;1;1;1;1;1;1;1;1;1;1;1;7;66
2022-08-24;"60+";28;28;28;28;28;28;28;28;28;28;28;28;190;190;190;190;190;190;190;190;190;190;190;190;1;1;1;1;1;1;1;1;1;1;1;27;186
2022-08-24;"alle";35;35;35;35;35;35;35;35;35;35;35;35;257;257;257;257;257;257;257;257;257;257;257;257;NA;NA;NA;NA;NA;NA;NA;NA;NA;NA;NA;34;252
2022-08-23;"0-60";23;23;23;23;23;23;23;23;23;23;23;23;73;73;73;73;73;73;73;73;73;73;73;73;1;1;1;1;1;1;1;1;1;1;1;22;72
2022-08-23;"60+";55;55;55;55;55;55;55;55;55;55;55;55;198;198;198;198;198;198;198;198;198;198;198;198;1;1;1;1;1;1;1;1;1;1;1;55;195
2022-08-23;"alle";78;78;78;78;78;78;78;78;78;78;78;78;271;271;271;271;271;271;271;271;271;271;271;271;NA;NA;NA;NA;NA;NA;NA;NA;NA;NA;NA;77;267
2022-08-22;"0-60";0;0;0;0;0;0;0;0;0;0;0;0;64;64;64;64;64;64;64;64;64;64;64;64;1;1;1;1;1;1;1;1;1;1;1;0;64
2022-08-22;"60+";4;4;4;4;4;4;4;4;4;4;4;4;221;221;221;221;221;221;221;221;221;221;221;221;1;1;1;1;1;1;1;1;1;1;1;4;217
2022-08-22;"alle";4;4;4;4;4;4;4;4;4;4;4;4;285;285;285;285;285;285;285;285;285;285;285;285;NA;NA;NA;NA;NA;NA;NA;NA;NA;NA;NA;4;281
2022-08-21;"0-60";2;2;2;2;2;2;2;2;2;2;2;2;66;66;66;66;66;66;66;66;66;66;66;66;1;1;1;1;1;1;1;1;1;1;1;2;66
2022-08-21;"60+";4;4;4;4;4;4;4;4;4;4;4;4;225;225;225;225;225;225;225;225;225;225;225;225;1;1;1;1;1;1;1;1;1;1;1;4;221
2022-08-21;"alle";6;6;6;6;6;6;6;6;6;6;6;6;291;291;291;291;291;291;291;291;291;291;291;291;NA;NA;NA;NA;NA;NA;NA;NA;NA;NA;NA;6;287
2022-08-20;"0-60";11;11;11;11;11;11;11;11;11;11;11;11;67;67;67;67;67;67;67;67;67;67;67;67;1;1;1;1;1;1;1;1;1;1;1;11;67
2022-08-20;"60+";29;29;29;29;29;29;29;29;29;29;29;29;223;223;223;223;223;223;223;223;223;223;223;223;1;1;1;1;1;1;1;1;1;1;1;29;219
2022-08-20;"alle";40;40;40;40;40;40;40;40;40;40;40;40;290;290;290;290;290;290;290;290;290;290;290;290;NA;NA;NA;NA;NA;NA;NA;NA;NA;NA;NA;40;286
2022-08-19;"0-60";13;13;13;13;13;13;13;13;13;13;13;13;66;66;66;66;66;66;66;66;66;66;66;66;1;1;1;1;1;1;1;1;1;1;1;13;66
2022-08-19;"60+";33;33;33;33;33;33;33;33;33;33;33;33;215;215;215;215;215;215;215;215;215;215;215;215;1;1;1;1;1;1;1;1;1;1;1;33;211
2022-08-19;"alle";46;46;46;46;46;46;46;46;46;46;46;46;281;281;281;281;281;281;281;281;281;281;281;281;NA;NA;NA;NA;NA;NA;NA;NA;NA;NA;NA;46;277
2022-08-18;"0-60";11;11;11;11;11;11;11;11;11;11;11;11;65;65;65;65;65;65;65;65;65;65;65;65;1;1;1;1;1;1;1;1;1;1;1;11;64
2022-08-18;"60+";37;37;37;37;37;37;37;37;37;37;37;37;213;213;213;213;213;213;213;213;213;213;213;213;1;1;1;1;1;1;1;1;1;1;1;34;208
2022-08-18;"alle";48;48;48;48;48;48;48;48;48;48;48;48;278;278;278;278;278;278;278;278;278;278;278;278;NA;NA;NA;NA;NA;NA;NA;NA;NA;NA;NA;45;272
2022-08-17;"0-60";13;13;13;13;13;13;13;13;13;13;13;13;64;64;64;64;64;64;64;64;64;64;64;64;1;1;1;1;1;1;1;1;1;1;1;13;63
2022-08-17;"60+";36;36;36;36;36;36;36;36;36;36;36;36;210;210;210;210;210;210;210;210;210;210;210;210;1;1;1;1;1;1;1;1;1;1;1;36;208
2022-08-17;"alle";49;49;49;49;49;49;49;49;49;49;49;49;274;274;274;274;274;274;274;274;274;274;274;274;NA;NA;NA;NA;NA;NA;NA;NA;NA;NA;NA;49;271
2022-08-16;"0-60";14;14;14;14;14;14;14;14;14;14;14;14;59;59;59;59;59;59;59;59;59;59;59;59;1;1;1;1;1;1;1;1;1;1;1;14;58
2022-08-16;"60+";78;78;78;78;78;78;78;78;78;78;78;78;202;202;202;202;202;202;202;202;202;202;202;202;1;1;1;1;1;1;1;1;1;1;1;77;200
2022-08-16;"alle";92;92;92;92;92;92;92;92;92;92;92;92;261;261;261;261;261;261;261;261;261;261;261;261;NA;NA;NA;NA;NA;NA;NA;NA;NA;NA;NA;91;258
2022-08-15;"0-60";2;2;2;2;2;2;2;2;2;2;2;2;53;53;53;53;53;53;53;53;53;53;53;53;1;1;1;1;1;1;1;1;1;1;1;2;52
2022-08-15;"60+";8;8;8;8;8;8;8;8;8;8;8;8;175;175;175;175;175;175;175;175;175;175;175;175;1;1;1;1;1;1;1;1;1;1;1;8;172
2022-08-15;"alle";10;10;10;10;10;10;10;10;10;10;10;10;228;228;228;228;228;228;228;228;228;228;228;228;NA;NA;NA;NA;NA;NA;NA;NA;NA;NA;NA;10;224
2022-08-14;"0-60";3;3;3;3;3;3;3;3;3;3;3;3;53;53;53;53;53;53;53;53;53;53;53;53;1;1;1;1;1;1;1;1;1;1;1;3;52
2022-08-14;"60+";2;2;2;2;2;2;2;2;2;2;2;2;176;176;176;176;176;176;176;176;176;176;176;176;1;1;1;1;1;1;1;1;1;1;1;2;172
2022-08-14;"alle";5;5;5;5;5;5;5;5;5;5;5;5;229;229;229;229;229;229;229;229;229;229;229;229;NA;NA;NA;NA;NA;NA;NA;NA;NA;NA;NA;5;224
2022-08-13;"0-60";10;10;10;10;10;10;10;10;10;10;10;10;50;50;50;50;50;50;50;50;50;50;50;50;1;1;1;1;1;1;1;1;1;1;1;10;49
2022-08-13;"60+";21;21;21;21;21;21;21;21;21;21;21;21;180;180;180;180;180;180;180;180;180;180;180;180;1;1;1;1;1;1;1;1;1;1;1;21;176
2022-08-13;"alle";31;31;31;31;31;31;31;31;31;31;31;31;230;230;230;230;230;230;230;230;230;230;230;230;NA;NA;NA;NA;NA;NA;NA;NA;NA;NA;NA;31;225
2022-08-12;"0-60";12;12;12;12;12;12;12;12;12;12;12;12;51;51;51;51;51;51;51;51;51;51;51;51;1;1;1;1;1;1;1;1;1;1;1;11;50
2022-08-12;"60+";31;31;31;31;31;31;31;31;31;31;31;31;190;190;190;190;190;190;190;190;190;190;190;190;1;1;1;1;1;1;1;1;1;1;1;30;186
2022-08-12;"alle";43;43;43;43;43;43;43;43;43;43;43;43;241;241;241;241;241;241;241;241;241;241;241;241;NA;NA;NA;NA;NA;NA;NA;NA;NA;NA;NA;41;236
2022-08-11;"0-60";10;10;10;10;10;10;10;10;10;10;10;10;47;47;47;47;47;47;47;47;47;47;47;47;1;1;1;1;1;1;1;1;1;1;1;10;47
2022-08-11;"60+";34;34;34;34;34;34;34;34;34;34;34;34;197;197;197;197;197;197;197;197;197;197;197;197;1;1;1;1;1;1;1;1;1;1;1;34;192
2022-08-11;"alle";44;44;44;44;44;44;44;44;44;44;44;44;244;244;244;244;244;244;244;244;244;244;244;244;NA;NA;NA;NA;NA;NA;NA;NA;NA;NA;NA;44;239
2022-08-10;"0-60";8;8;8;8;8;8;8;8;8;8;8;8;50;50;50;50;50;50;50;50;50;50;50;50;1;1;1;1;1;1;1;1;1;1;1;8;49
2022-08-10;"60+";28;28;28;28;28;28;28;28;28;28;28;28;199;199;199;199;199;199;199;199;199;199;199;199;1;1;1;1;1;1;1;1;1;1;1;28;194
2022-08-10;"alle";36;36;36;36;36;36;36;36;36;36;36;36;249;249;249;249;249;249;249;249;249;249;249;249;NA;NA;NA;NA;NA;NA;NA;NA;NA;NA;NA;36;243
2022-08-09;"0-60";8;8;8;8;8;8;8;8;8;8;8;8;51;51;51;51;51;51;51;51;51;51;51;51;1;1;1;1;1;1;1;1;1;1;1;8;50
2022-08-09;"60+";51;51;51;51;51;51;51;51;51;51;51;51;205;205;205;205;205;205;205;205;205;205;205;205;1;1;1;1;1;1;1;1;1;1;1;49;199
2022-08-09;"alle";59;59;59;59;59;59;59;59;59;59;59;59;256;256;256;256;256;256;256;256;256;256;256;256;NA;NA;NA;NA;NA;NA;NA;NA;NA;NA;NA;57;249
2022-08-08;"0-60";2;2;2;2;2;2;2;2;2;2;2;2;65;65;65;65;65;65;65;65;65;65;65;65;1;1;1;1;1;1;1;1;1;1;1;2;64
2022-08-08;"60+";9;9;9;9;9;9;9;9;9;9;9;9;220;220;220;220;220;220;220;220;220;220;220;220;1;1;1;1;1;1;1;1;1;1;1;8;216
2022-08-08;"alle";11;11;11;11;11;11;11;11;11;11;11;11;285;285;285;285;285;285;285;285;285;285;285;285;NA;NA;NA;NA;NA;NA;NA;NA;NA;NA;NA;10;280
2022-08-07;"0-60";0;0;0;0;0;0;0;0;0;0;0;0;64;64;64;64;64;64;64;64;64;64;64;64;1;1;1;1;1;1;1;1;1;1;1;0;63
2022-08-07;"60+";6;6;6;6;6;6;6;6;6;6;6;6;222;222;222;222;222;222;222;222;222;222;222;222;1;1;1;1;1;1;1;1;1;1;1;6;219
2022-08-07;"alle";6;6;6;6;6;6;6;6;6;6;6;6;286;286;286;286;286;286;286;286;286;286;286;286;NA;NA;NA;NA;NA;NA;NA;NA;NA;NA;NA;6;282
2022-08-06;"0-60";11;11;11;11;11;11;11;11;11;11;11;11;64;64;64;64;64;64;64;64;64;64;64;64;1;1;1;1;1;1;1;1;1;1;1;11;63
2022-08-06;"60+";31;31;31;31;31;31;31;31;31;31;31;31;229;229;229;229;229;229;229;229;229;229;229;229;1;1;1;1;1;1;1;1;1;1;1;31;226
2022-08-06;"alle";42;42;42;42;42;42;42;42;42;42;42;42;293;293;293;293;293;293;293;293;293;293;293;293;NA;NA;NA;NA;NA;NA;NA;NA;NA;NA;NA;42;289
2022-08-05;"0-60";8;8;8;8;8;8;8;8;8;8;8;8;60;60;60;60;60;60;60;60;60;60;60;60;1;1;1;1;1;1;1;1;1;1;1;8;59
2022-08-05;"60+";38;38;38;38;38;38;38;38;38;38;38;38;225;225;225;225;225;225;225;225;225;225;225;225;1;1;1;1;1;1;1;1;1;1;1;36;222
2022-08-05;"alle";46;46;46;46;46;46;46;46;46;46;46;46;285;285;285;285;285;285;285;285;285;285;285;285;NA;NA;NA;NA;NA;NA;NA;NA;NA;NA;NA;44;281
2022-08-04;"0-60";13;13;13;13;13;13;13;13;13;13;13;13;65;65;65;65;65;65;65;65;65;65;65;65;1;1;1;1;1;1;1;1;1;1;1;12;64
2022-08-04;"60+";36;36;36;36;36;36;36;36;36;36;36;36;230;230;230;230;230;230;230;230;230;230;230;230;1;1;1;1;1;1;1;1;1;1;1;36;227
2022-08-04;"alle";49;49;49;49;49;49;49;49;49;49;49;49;295;295;295;295;295;295;295;295;295;295;295;295;NA;NA;NA;NA;NA;NA;NA;NA;NA;NA;NA;48;291
2022-08-03;"0-60";9;9;9;9;9;9;9;9;9;9;9;9;64;64;64;64;64;64;64;64;64;64;64;64;1;1;1;1;1;1;1;1;1;1;1;9;64
2022-08-03;"60+";34;34;34;34;34;34;34;34;34;34;34;34;229;229;229;229;229;229;229;229;229;229;229;229;1;1;1;1;1;1;1;1;1;1;1;33;226
2022-08-03;"alle";43;43;43;43;43;43;43;43;43;43;43;43;293;293;293;293;293;293;293;293;293;293;293;293;NA;NA;NA;NA;NA;NA;NA;NA;NA;NA;NA;42;290
2022-08-02;"0-60";22;22;22;22;22;22;22;22;22;22;22;22;72;72;72;72;72;72;72;72;72;72;72;72;1;1;1;1;1;1;1;1;1;1;1;22;72
2022-08-02;"60+";66;66;66;66;66;66;66;66;66;66;66;66;253;253;253;253;253;253;253;253;253;253;253;253;1;1;1;1;1;1;1;1;1;1;1;66;251
2022-08-02;"alle";88;88;88;88;88;88;88;88;88;88;88;88;325;325;325;325;325;325;325;325;325;325;325;325;NA;NA;NA;NA;NA;NA;NA;NA;NA;NA;NA;88;323
2022-08-01;"0-60";1;1;1;1;1;1;1;1;1;1;1;1;76;76;76;76;76;76;76;76;76;76;76;76;1;1;1;1;1;1;1;1;1;1;1;1;76
2022-08-01;"60+";11;11;11;11;11;11;11;11;11;11;11;11;266;266;266;266;266;266;266;266;266;266;266;266;1;1;1;1;1;1;1;1;1;1;1;11;264
2022-08-01;"alle";12;12;12;12;12;12;12;12;12;12;12;12;342;342;342;342;342;342;342;342;342;342;342;342;NA;NA;NA;NA;NA;NA;NA;NA;NA;NA;NA;12;340
2022-07-31;"0-60";0;0;0;0;0;0;0;0;0;0;0;0;76;76;76;76;76;76;76;76;76;76;76;76;1;1;1;1;1;1;1;1;1;1;1;0;75
2022-07-31;"60+";13;13;13;13;13;13;13;13;13;13;13;13;261;261;261;261;261;261;261;261;261;261;261;261;1;1;1;1;1;1;1;1;1;1;1;13;259
2022-07-31;"alle";13;13;13;13;13;13;13;13;13;13;13;13;337;337;337;337;337;337;337;337;337;337;337;337;NA;NA;NA;NA;NA;NA;NA;NA;NA;NA;NA;13;334
2022-07-30;"0-60";7;7;7;7;7;7;7;7;7;7;7;7;80;80;80;80;80;80;80;80;80;80;80;80;1;1;1;1;1;1;1;1;1;1;1;7;78
2022-07-30;"60+";27;27;27;27;27;27;27;27;27;27;27;27;256;256;256;256;256;256;256;256;256;256;256;256;1;1;1;1;1;1;1;1;1;1;1;27;254
2022-07-30;"alle";34;34;34;34;34;34;34;34;34;34;34;34;336;336;336;336;336;336;336;336;336;336;336;336;NA;NA;NA;NA;NA;NA;NA;NA;NA;NA;NA;34;332
2022-07-29;"0-60";13;13;13;13;13;13;13;13;13;13;13;13;81;81;81;81;81;81;81;81;81;81;81;81;1;1;1;1;1;1;1;1;1;1;1;13;79
2022-07-29;"60+";43;43;43;43;43;43;43;43;43;43;43;43;261;261;261;261;261;261;261;261;261;261;261;261;1;1;1;1;1;1;1;1;1;1;1;41;259
2022-07-29;"alle";56;56;56;56;56;56;56;56;56;56;56;56;342;342;342;342;342;342;342;342;342;342;342;342;NA;NA;NA;NA;NA;NA;NA;NA;NA;NA;NA;54;338
2022-07-28;"0-60";12;12;12;12;12;12;12;12;12;12;12;12;88;88;88;88;88;88;88;88;88;88;88;88;1;1;1;1;1;1;1;1;1;1;1;12;86
2022-07-28;"60+";35;35;35;35;35;35;35;35;35;35;35;35;257;257;257;257;257;257;257;257;257;257;257;257;1;1;1;1;1;1;1;1;1;1;1;35;255
2022-07-28;"alle";47;47;47;47;47;47;47;47;47;47;47;47;345;345;345;345;345;345;345;345;345;345;345;345;NA;NA;NA;NA;NA;NA;NA;NA;NA;NA;NA;47;341
2022-07-27;"0-60";17;17;17;17;17;17;17;17;17;17;17;17;90;90;90;90;90;90;90;90;90;90;90;90;1;1;1;1;1;1;1;1;1;1;1;17;88
2022-07-27;"60+";58;58;58;58;58;58;58;58;58;58;58;58;283;283;283;283;283;283;283;283;283;283;283;283;1;1;1;1;1;1;1;1;1;1;1;58;279
2022-07-27;"alle";75;75;75;75;75;75;75;75;75;75;75;75;373;373;373;373;373;373;373;373;373;373;373;373;NA;NA;NA;NA;NA;NA;NA;NA;NA;NA;NA;75;367
2022-07-26;"0-60";26;26;26;26;26;26;26;26;26;26;26;26;97;97;97;97;97;97;97;97;97;97;97;97;1;1;1;1;1;1;1;1;1;1;1;26;95
2022-07-26;"60+";79;79;79;79;79;79;79;79;79;79;79;79;276;276;276;276;276;276;276;276;276;276;276;276;1;1;1;1;1;1;1;1;1;1;1;79;272
2022-07-26;"alle";105;105;105;105;105;105;105;105;105;105;105;105;373;373;373;373;373;373;373;373;373;373;373;373;NA;NA;NA;NA;NA;NA;NA;NA;NA;NA;NA;105;367
2022-07-25;"0-60";1;1;1;1;1;1;1;1;1;1;1;1;94;94;94;94;94;94;94;94;94;94;94;94;1;1;1;1;1;1;1;1;1;1;1;0;91
2022-07-25;"60+";6;6;6;6;6;6;6;6;6;6;6;6;257;257;257;257;257;257;257;257;257;257;257;257;1;1;1;1;1;1;1;1;1;1;1;6;251
2022-07-25;"alle";7;7;7;7;7;7;7;7;7;7;7;7;351;351;351;351;351;351;351;351;351;351;351;351;NA;NA;NA;NA;NA;NA;NA;NA;NA;NA;NA;6;342
2022-07-24;"0-60";4;4;4;4;4;4;4;4;4;4;4;4;97;97;97;97;97;97;97;97;97;97;97;97;1;1;1;1;1;1;1;1;1;1;1;3;95
2022-07-24;"60+";8;8;8;8;8;8;8;8;8;8;8;8;258;258;258;258;258;258;258;258;258;258;258;258;1;1;1;1;1;1;1;1;1;1;1;8;252
2022-07-24;"alle";12;12;12;12;12;12;12;12;12;12;12;12;355;355;355;355;355;355;355;355;355;355;355;355;NA;NA;NA;NA;NA;NA;NA;NA;NA;NA;NA;11;347
2022-07-23;"0-60";8;8;8;8;8;8;8;8;8;8;8;8;96;96;96;96;96;96;96;96;96;96;96;96;1;1;1;1;1;1;1;1;1;1;1;8;95
2022-07-23;"60+";32;32;32;32;32;32;32;32;32;32;32;32;256;256;256;256;256;256;256;256;256;256;256;256;1;1;1;1;1;1;1;1;1;1;1;32;250
2022-07-23;"alle";40;40;40;40;40;40;40;40;40;40;40;40;352;352;352;352;352;352;352;352;352;352;352;352;NA;NA;NA;NA;NA;NA;NA;NA;NA;NA;NA;40;345
2022-07-22;"0-60";20;20;20;20;20;20;20;20;20;20;20;20;105;105;105;105;105;105;105;105;105;105;105;105;1;1;1;1;1;1;1;1;1;1;1;20;103
2022-07-22;"60+";39;39;39;39;39;39;39;39;39;39;39;39;256;256;256;256;256;256;256;256;256;256;256;256;1;1;1;1;1;1;1;1;1;1;1;37;250
2022-07-22;"alle";59;59;59;59;59;59;59;59;59;59;59;59;361;361;361;361;361;361;361;361;361;361;361;361;NA;NA;NA;NA;NA;NA;NA;NA;NA;NA;NA;57;353
2022-07-21;"0-60";14;14;14;14;14;14;14;14;14;14;14;14;95;95;95;95;95;95;95;95;95;95;95;95;1;1;1;1;1;1;1;1;1;1;1;14;93
2022-07-21;"60+";61;61;61;61;61;61;61;61;61;61;61;61;255;255;255;255;255;255;255;255;255;255;255;255;1;1;1;1;1;1;1;1;1;1;1;59;251
2022-07-21;"alle";75;75;75;75;75;75;75;75;75;75;75;75;350;350;350;350;350;350;350;350;350;350;350;350;NA;NA;NA;NA;NA;NA;NA;NA;NA;NA;NA;73;344
2022-07-20;"0-60";24;24;24;24;24;24;24;24;24;24;24;24;91;91;91;91;91;91;91;91;91;91;91;91;1;1;1;1;1;1;1;1;1;1;1;24;88
2022-07-20;"60+";51;51;51;51;51;51;51;51;51;51;51;51;224;224;224;224;224;224;224;224;224;224;224;224;1;1;1;1;1;1;1;1;1;1;1;51;222
2022-07-20;"alle";75;75;75;75;75;75;75;75;75;75;75;75;315;315;315;315;315;315;315;315;315;315;315;315;NA;NA;NA;NA;NA;NA;NA;NA;NA;NA;NA;75;310
2022-07-19;"0-60";23;23;23;23;23;23;23;23;23;23;23;23;91;91;91;91;91;91;91;91;91;91;91;91;1;1;1;1;1;1;1;1;1;1;1;22;88
2022-07-19;"60+";60;60;60;60;60;60;60;60;60;60;60;60;219;219;219;219;219;219;219;219;219;219;219;219;1;1;1;1;1;1;1;1;1;1;1;58;216
2022-07-19;"alle";83;83;83;83;83;83;83;83;83;83;83;83;310;310;310;310;310;310;310;310;310;310;310;310;NA;NA;NA;NA;NA;NA;NA;NA;NA;NA;NA;80;304
2022-07-18;"0-60";4;4;4;4;4;4;4;4;4;4;4;4;91;91;91;91;91;91;91;91;91;91;91;91;1;1;1;1;1;1;1;1;1;1;1;4;89
2022-07-18;"60+";7;7;7;7;7;7;7;7;7;7;7;7;222;222;222;222;222;222;222;222;222;222;222;222;1;1;1;1;1;1;1;1;1;1;1;7;217
2022-07-18;"alle";11;11;11;11;11;11;11;11;11;11;11;11;313;313;313;313;313;313;313;313;313;313;313;313;NA;NA;NA;NA;NA;NA;NA;NA;NA;NA;NA;11;306
2022-07-17;"0-60";3;3;3;3;3;3;3;3;3;3;3;3;92;92;92;92;92;92;92;92;92;92;92;92;1;1;1;1;1;1;1;1;1;1;1;3;90
2022-07-17;"60+";6;6;6;6;6;6;6;6;6;6;6;6;222;222;222;222;222;222;222;222;222;222;222;222;1;1;1;1;1;1;1;1;1;1;1;6;217
2022-07-17;"alle";9;9;9;9;9;9;9;9;9;9;9;9;314;314;314;314;314;314;314;314;314;314;314;314;NA;NA;NA;NA;NA;NA;NA;NA;NA;NA;NA;9;307
2022-07-16;"0-60";17;17;17;17;17;17;17;17;17;17;17;17;90;90;90;90;90;90;90;90;90;90;90;90;1;1;1;1;1;1;1;1;1;1;1;16;88
2022-07-16;"60+";32;32;32;32;32;32;32;32;32;32;32;32;223;223;223;223;223;223;223;223;223;223;223;223;1;1;1;1;1;1;1;1;1;1;1;32;218
2022-07-16;"alle";49;49;49;49;49;49;49;49;49;49;49;49;313;313;313;313;313;313;313;313;313;313;313;313;NA;NA;NA;NA;NA;NA;NA;NA;NA;NA;NA;48;306
2022-07-15;"0-60";10;10;10;10;10;10;10;10;10;10;10;10;78;78;78;78;78;78;78;78;78;78;78;78;1;1;1;1;1;1;1;1;1;1;1;10;77
2022-07-15;"60+";38;38;38;38;38;38;38;38;38;38;38;38;208;208;208;208;208;208;208;208;208;208;208;208;1;1;1;1;1;1;1;1;1;1;1;38;202
2022-07-15;"alle";48;48;48;48;48;48;48;48;48;48;48;48;286;286;286;286;286;286;286;286;286;286;286;286;NA;NA;NA;NA;NA;NA;NA;NA;NA;NA;NA;48;279
2022-07-14;"0-60";10;10;10;10;10;10;10;10;10;10;10;10;77;77;77;77;77;77;77;77;77;77;77;77;1;1;1;1;1;1;1;1;1;1;1;9;75
2022-07-14;"60+";30;30;30;30;30;30;30;30;30;30;30;30;196;196;196;196;196;196;196;196;196;196;196;196;1;1;1;1;1;1;1;1;1;1;1;30;190
2022-07-14;"alle";40;40;40;40;40;40;40;40;40;40;40;40;273;273;273;273;273;273;273;273;273;273;273;273;NA;NA;NA;NA;NA;NA;NA;NA;NA;NA;NA;39;265
2022-07-13;"0-60";24;24;24;24;24;24;24;24;24;24;24;24;83;83;83;83;83;83;83;83;83;83;83;83;1;1;1;1;1;1;1;1;1;1;1;24;82
2022-07-13;"60+";46;46;46;46;46;46;46;46;46;46;46;46;204;204;204;204;204;204;204;204;204;204;204;204;1;1;1;1;1;1;1;1;1;1;1;45;198
2022-07-13;"alle";70;70;70;70;70;70;70;70;70;70;70;70;287;287;287;287;287;287;287;287;287;287;287;287;NA;NA;NA;NA;NA;NA;NA;NA;NA;NA;NA;69;280
2022-07-12;"0-60";23;23;23;23;23;23;23;23;23;23;23;23;75;75;75;75;75;75;75;75;75;75;75;75;1;1;1;1;1;1;1;1;1;1;1;23;72
2022-07-12;"60+";63;63;63;63;63;63;63;63;63;63;63;63;189;189;189;189;189;189;189;189;189;189;189;189;1;1;1;1;1;1;1;1;1;1;1;59;184
2022-07-12;"alle";86;86;86;86;86;86;86;86;86;86;86;86;264;264;264;264;264;264;264;264;264;264;264;264;NA;NA;NA;NA;NA;NA;NA;NA;NA;NA;NA;82;256
2022-07-11;"0-60";5;5;5;5;5;5;5;5;5;5;5;5;70;70;70;70;70;70;70;70;70;70;70;70;1;1;1;1;1;1;1;1;1;1;1;5;67
2022-07-11;"60+";7;7;7;7;7;7;7;7;7;7;7;7;156;156;156;156;156;156;156;156;156;156;156;156;1;1;1;1;1;1;1;1;1;1;1;7;155
2022-07-11;"alle";12;12;12;12;12;12;12;12;12;12;12;12;226;226;226;226;226;226;226;226;226;226;226;226;NA;NA;NA;NA;NA;NA;NA;NA;NA;NA;NA;12;222
2022-07-10;"0-60";1;1;1;1;1;1;1;1;1;1;1;1;66;66;66;66;66;66;66;66;66;66;66;66;1;1;1;1;1;1;1;1;1;1;1;1;63
2022-07-10;"60+";7;7;7;7;7;7;7;7;7;7;7;7;154;154;154;154;154;154;154;154;154;154;154;154;1;1;1;1;1;1;1;1;1;1;1;7;153
2022-07-10;"alle";8;8;8;8;8;8;8;8;8;8;8;8;220;220;220;220;220;220;220;220;220;220;220;220;NA;NA;NA;NA;NA;NA;NA;NA;NA;NA;NA;8;216
2022-07-09;"0-60";5;5;5;5;5;5;5;5;5;5;5;5;65;65;65;65;65;65;65;65;65;65;65;65;1;1;1;1;1;1;1;1;1;1;1;5;62
2022-07-09;"60+";17;17;17;17;17;17;17;17;17;17;17;17;151;151;151;151;151;151;151;151;151;151;151;151;1;1;1;1;1;1;1;1;1;1;1;16;150
2022-07-09;"alle";22;22;22;22;22;22;22;22;22;22;22;22;216;216;216;216;216;216;216;216;216;216;216;216;NA;NA;NA;NA;NA;NA;NA;NA;NA;NA;NA;21;212
2022-07-08;"0-60";9;9;9;9;9;9;9;9;9;9;9;9;74;74;74;74;74;74;74;74;74;74;74;74;1;1;1;1;1;1;1;1;1;1;1;8;71
2022-07-08;"60+";26;26;26;26;26;26;26;26;26;26;26;26;172;172;172;172;172;172;172;172;172;172;172;172;1;1;1;1;1;1;1;1;1;1;1;26;172
2022-07-08;"alle";35;35;35;35;35;35;35;35;35;35;35;35;246;246;246;246;246;246;246;246;246;246;246;246;NA;NA;NA;NA;NA;NA;NA;NA;NA;NA;NA;34;243
2022-07-07;"0-60";16;16;16;16;16;16;16;16;16;16;16;16;75;75;75;75;75;75;75;75;75;75;75;75;1;1;1;1;1;1;1;1;1;1;1;16;73
2022-07-07;"60+";38;38;38;38;38;38;38;38;38;38;38;38;168;168;168;168;168;168;168;168;168;168;168;168;1;1;1;1;1;1;1;1;1;1;1;38;167
2022-07-07;"alle";54;54;54;54;54;54;54;54;54;54;54;54;243;243;243;243;243;243;243;243;243;243;243;243;NA;NA;NA;NA;NA;NA;NA;NA;NA;NA;NA;54;240
2022-07-06;"0-60";16;16;16;16;16;16;16;16;16;16;16;16;67;67;67;67;67;67;67;67;67;67;67;67;1;1;1;1;1;1;1;1;1;1;1;14;65
2022-07-06;"60+";31;31;31;31;31;31;31;31;31;31;31;31;151;151;151;151;151;151;151;151;151;151;151;151;1;1;1;1;1;1;1;1;1;1;1;31;149
2022-07-06;"alle";47;47;47;47;47;47;47;47;47;47;47;47;218;218;218;218;218;218;218;218;218;218;218;218;NA;NA;NA;NA;NA;NA;NA;NA;NA;NA;NA;45;214
2022-07-05;"0-60";18;18;18;18;18;18;18;18;18;18;18;18;65;65;65;65;65;65;65;65;65;65;65;65;1;1;1;1;1;1;1;1;1;1;1;18;65
2022-07-05;"60+";30;30;30;30;30;30;30;30;30;30;30;30;142;142;142;142;142;142;142;142;142;142;142;142;1;1;1;1;1;1;1;1;1;1;1;30;140
2022-07-05;"alle";48;48;48;48;48;48;48;48;48;48;48;48;207;207;207;207;207;207;207;207;207;207;207;207;NA;NA;NA;NA;NA;NA;NA;NA;NA;NA;NA;48;205
2022-07-04;"0-60";1;1;1;1;1;1;1;1;1;1;1;1;57;57;57;57;57;57;57;57;57;57;57;57;1;1;1;1;1;1;1;1;1;1;1;1;57
2022-07-04;"60+";5;5;5;5;5;5;5;5;5;5;5;5;157;157;157;157;157;157;157;157;157;157;157;157;1;1;1;1;1;1;1;1;1;1;1;5;153
2022-07-04;"alle";6;6;6;6;6;6;6;6;6;6;6;6;214;214;214;214;214;214;214;214;214;214;214;214;NA;NA;NA;NA;NA;NA;NA;NA;NA;NA;NA;6;210
2022-07-03;"0-60";0;0;0;0;0;0;0;0;0;0;0;0;56;56;56;56;56;56;56;56;56;56;56;56;1;1;1;1;1;1;1;1;1;1;1;0;56
2022-07-03;"60+";4;4;4;4;4;4;4;4;4;4;4;4;159;159;159;159;159;159;159;159;159;159;159;159;1;1;1;1;1;1;1;1;1;1;1;4;155
2022-07-03;"alle";4;4;4;4;4;4;4;4;4;4;4;4;215;215;215;215;215;215;215;215;215;215;215;215;NA;NA;NA;NA;NA;NA;NA;NA;NA;NA;NA;4;211
2022-07-02;"0-60";14;14;14;14;14;14;14;14;14;14;14;14;57;57;57;57;57;57;57;57;57;57;57;57;1;1;1;1;1;1;1;1;1;1;1;14;57
2022-07-02;"60+";38;38;38;38;38;38;38;38;38;38;38;38;156;156;156;156;156;156;156;156;156;156;156;156;1;1;1;1;1;1;1;1;1;1;1;38;152
2022-07-02;"alle";52;52;52;52;52;52;52;52;52;52;52;52;213;213;213;213;213;213;213;213;213;213;213;213;NA;NA;NA;NA;NA;NA;NA;NA;NA;NA;NA;52;209
2022-07-01;"0-60";10;10;10;10;10;10;10;10;10;10;10;10;54;54;54;54;54;54;54;54;54;54;54;54;1;1;1;1;1;1;1;1;1;1;1;10;53
2022-07-01;"60+";22;22;22;22;22;22;22;22;22;22;22;22;129;129;129;129;129;129;129;129;129;129;129;129;1;1;1;1;1;1;1;1;1;1;1;21;125
2022-07-01;"alle";32;32;32;32;32;32;32;32;32;32;32;32;183;183;183;183;183;183;183;183;183;183;183;183;NA;NA;NA;NA;NA;NA;NA;NA;NA;NA;NA;31;178
2022-06-30;"0-60";8;8;8;8;8;8;8;8;8;8;8;8;51;51;51;51;51;51;51;51;51;51;51;51;1;1;1;1;1;1;1;1;1;1;1;8;50
2022-06-30;"60+";21;21;21;21;21;21;21;21;21;21;21;21;120;120;120;120;120;120;120;120;120;120;120;120;1;1;1;1;1;1;1;1;1;1;1;20;117
2022-06-30;"alle";29;29;29;29;29;29;29;29;29;29;29;29;171;171;171;171;171;171;171;171;171;171;171;171;NA;NA;NA;NA;NA;NA;NA;NA;NA;NA;NA;28;167
2022-06-29;"0-60";14;14;14;14;14;14;14;14;14;14;14;14;51;51;51;51;51;51;51;51;51;51;51;51;1;1;1;1;1;1;1;1;1;1;1;14;50
2022-06-29;"60+";22;22;22;22;22;22;22;22;22;22;22;22;114;114;114;114;114;114;114;114;114;114;114;114;1;1;1;1;1;1;1;1;1;1;1;22;111
2022-06-29;"alle";36;36;36;36;36;36;36;36;36;36;36;36;165;165;165;165;165;165;165;165;165;165;165;165;NA;NA;NA;NA;NA;NA;NA;NA;NA;NA;NA;36;161
2022-06-28;"0-60";10;10;10;10;10;10;10;10;10;10;10;10;48;48;48;48;48;48;48;48;48;48;48;48;1;1;1;1;1;1;1;1;1;1;1;10;47
2022-06-28;"60+";45;45;45;45;45;45;45;45;45;45;45;45;117;117;117;117;117;117;117;117;117;117;117;117;1;1;1;1;1;1;1;1;1;1;1;43;114
2022-06-28;"alle";55;55;55;55;55;55;55;55;55;55;55;55;165;165;165;165;165;165;165;165;165;165;165;165;NA;NA;NA;NA;NA;NA;NA;NA;NA;NA;NA;53;161
2022-06-27;"0-60";0;0;0;0;0;0;0;0;0;0;0;0;55;55;55;55;55;55;55;55;55;55;55;55;1;1;1;1;1;1;1;1;1;1;1;0;54
2022-06-27;"60+";7;7;7;7;7;7;7;7;7;7;7;7;118;118;118;118;118;118;118;118;118;118;118;118;1;1;1;1;1;1;1;1;1;1;1;7;116
2022-06-27;"alle";7;7;7;7;7;7;7;7;7;7;7;7;173;173;173;173;173;173;173;173;173;173;173;173;NA;NA;NA;NA;NA;NA;NA;NA;NA;NA;NA;7;170
2022-06-26;"0-60";1;1;1;1;1;1;1;1;1;1;1;1;55;55;55;55;55;55;55;55;55;55;55;55;1;1;1;1;1;1;1;1;1;1;1;1;54
2022-06-26;"60+";1;1;1;1;1;1;1;1;1;1;1;1;112;112;112;112;112;112;112;112;112;112;112;112;1;1;1;1;1;1;1;1;1;1;1;1;110
2022-06-26;"alle";2;2;2;2;2;2;2;2;2;2;2;2;167;167;167;167;167;167;167;167;167;167;167;167;NA;NA;NA;NA;NA;NA;NA;NA;NA;NA;NA;2;164
2022-06-25;"0-60";11;11;11;11;11;11;11;11;11;11;11;11;56;56;56;56;56;56;56;56;56;56;56;56;1;1;1;1;1;1;1;1;1;1;1;10;55
2022-06-25;"60+";11;11;11;11;11;11;11;11;11;11;11;11;118;118;118;118;118;118;118;118;118;118;118;118;1;1;1;1;1;1;1;1;1;1;1;11;116
2022-06-25;"alle";22;22;22;22;22;22;22;22;22;22;22;22;174;174;174;174;174;174;174;174;174;174;174;174;NA;NA;NA;NA;NA;NA;NA;NA;NA;NA;NA;21;171
2022-06-24;"0-60";7;7;7;7;7;7;7;7;7;7;7;7;56;56;56;56;56;56;56;56;56;56;56;56;1;1;1;1;1;1;1;1;1;1;1;7;56
2022-06-24;"60+";13;13;13;13;13;13;13;13;13;13;13;13;125;125;125;125;125;125;125;125;125;125;125;125;1;1;1;1;1;1;1;1;1;1;1;13;122
2022-06-24;"alle";20;20;20;20;20;20;20;20;20;20;20;20;181;181;181;181;181;181;181;181;181;181;181;181;NA;NA;NA;NA;NA;NA;NA;NA;NA;NA;NA;20;178
2022-06-23;"0-60";8;8;8;8;8;8;8;8;8;8;8;8;53;53;53;53;53;53;53;53;53;53;53;53;1;1;1;1;1;1;1;1;1;1;1;8;53
2022-06-23;"60+";15;15;15;15;15;15;15;15;15;15;15;15;136;136;136;136;136;136;136;136;136;136;136;136;1;1;1;1;1;1;1;1;1;1;1;14;133
2022-06-23;"alle";23;23;23;23;23;23;23;23;23;23;23;23;189;189;189;189;189;189;189;189;189;189;189;189;NA;NA;NA;NA;NA;NA;NA;NA;NA;NA;NA;22;186
2022-06-22;"0-60";11;11;11;11;11;11;11;11;11;11;11;11;49;49;49;49;49;49;49;49;49;49;49;49;1;1;1;1;1;1;1;1;1;1;1;11;49
2022-06-22;"60+";25;25;25;25;25;25;25;25;25;25;25;25;130;130;130;130;130;130;130;130;130;130;130;130;1;1;1;1;1;1;1;1;1;1;1;25;126
2022-06-22;"alle";36;36;36;36;36;36;36;36;36;36;36;36;179;179;179;179;179;179;179;179;179;179;179;179;NA;NA;NA;NA;NA;NA;NA;NA;NA;NA;NA;36;175
2022-06-21;"0-60";17;17;17;17;17;17;17;17;17;17;17;17;45;45;45;45;45;45;45;45;45;45;45;45;1;1;1;1;1;1;1;1;1;1;1;17;45
2022-06-21;"60+";46;46;46;46;46;46;46;46;46;46;46;46;125;125;125;125;125;125;125;125;125;125;125;125;1;1;1;1;1;1;1;1;1;1;1;45;121
2022-06-21;"alle";63;63;63;63;63;63;63;63;63;63;63;63;170;170;170;170;170;170;170;170;170;170;170;170;NA;NA;NA;NA;NA;NA;NA;NA;NA;NA;NA;62;166
2022-06-20;"0-60";0;0;0;0;0;0;0;0;0;0;0;0;40;40;40;40;40;40;40;40;40;40;40;40;1;1;1;1;1;1;1;1;1;1;1;0;40
2022-06-20;"60+";1;1;1;1;1;1;1;1;1;1;1;1;102;102;102;102;102;102;102;102;102;102;102;102;1;1;1;1;1;1;1;1;1;1;1;1;99
2022-06-20;"alle";1;1;1;1;1;1;1;1;1;1;1;1;142;142;142;142;142;142;142;142;142;142;142;142;NA;NA;NA;NA;NA;NA;NA;NA;NA;NA;NA;1;139
2022-06-19;"0-60";2;2;2;2;2;2;2;2;2;2;2;2;40;40;40;40;40;40;40;40;40;40;40;40;1;1;1;1;1;1;1;1;1;1;1;2;40
2022-06-19;"60+";7;7;7;7;7;7;7;7;7;7;7;7;103;103;103;103;103;103;103;103;103;103;103;103;1;1;1;1;1;1;1;1;1;1;1;7;100
2022-06-19;"alle";9;9;9;9;9;9;9;9;9;9;9;9;143;143;143;143;143;143;143;143;143;143;143;143;NA;NA;NA;NA;NA;NA;NA;NA;NA;NA;NA;9;140
2022-06-18;"0-60";11;11;11;11;11;11;11;11;11;11;11;11;40;40;40;40;40;40;40;40;40;40;40;40;1;1;1;1;1;1;1;1;1;1;1;11;40
2022-06-18;"60+";18;18;18;18;18;18;18;18;18;18;18;18;99;99;99;99;99;99;99;99;99;99;99;99;1;1;1;1;1;1;1;1;1;1;1;17;96
2022-06-18;"alle";29;29;29;29;29;29;29;29;29;29;29;29;139;139;139;139;139;139;139;139;139;139;139;139;NA;NA;NA;NA;NA;NA;NA;NA;NA;NA;NA;28;136
2022-06-17;"0-60";4;4;4;4;4;4;4;4;4;4;4;4;38;38;38;38;38;38;38;38;38;38;38;38;1;1;1;1;1;1;1;1;1;1;1;4;38
2022-06-17;"60+";24;24;24;24;24;24;24;24;24;24;24;24;87;87;87;87;87;87;87;87;87;87;87;87;1;1;1;1;1;1;1;1;1;1;1;24;84
2022-06-17;"alle";28;28;28;28;28;28;28;28;28;28;28;28;125;125;125;125;125;125;125;125;125;125;125;125;NA;NA;NA;NA;NA;NA;NA;NA;NA;NA;NA;28;122
2022-06-16;"0-60";4;4;4;4;4;4;4;4;4;4;4;4;39;39;39;39;39;39;39;39;39;39;39;39;1;1;1;1;1;1;1;1;1;1;1;4;39
2022-06-16;"60+";9;9;9;9;9;9;9;9;9;9;9;9;75;75;75;75;75;75;75;75;75;75;75;75;1;1;1;1;1;1;1;1;1;1;1;7;71
2022-06-16;"alle";13;13;13;13;13;13;13;13;13;13;13;13;114;114;114;114;114;114;114;114;114;114;114;114;NA;NA;NA;NA;NA;NA;NA;NA;NA;NA;NA;11;110
2022-06-15;"0-60";7;7;7;7;7;7;7;7;7;7;7;7;39;39;39;39;39;39;39;39;39;39;39;39;1;1;1;1;1;1;1;1;1;1;1;7;39
2022-06-15;"60+";20;20;20;20;20;20;20;20;20;20;20;20;75;75;75;75;75;75;75;75;75;75;75;75;1;1;1;1;1;1;1;1;1;1;1;20;73
2022-06-15;"alle";27;27;27;27;27;27;27;27;27;27;27;27;114;114;114;114;114;114;114;114;114;114;114;114;NA;NA;NA;NA;NA;NA;NA;NA;NA;NA;NA;27;112
2022-06-14;"0-60";12;12;12;12;12;12;12;12;12;12;12;12;46;46;46;46;46;46;46;46;46;46;46;46;1;1;1;1;1;1;1;1;1;1;1;12;46
2022-06-14;"60+";23;23;23;23;23;23;23;23;23;23;23;23;87;87;87;87;87;87;87;87;87;87;87;87;1;1;1;1;1;1;1;1;1;1;1;23;83
2022-06-14;"alle";35;35;35;35;35;35;35;35;35;35;35;35;133;133;133;133;133;133;133;133;133;133;133;133;NA;NA;NA;NA;NA;NA;NA;NA;NA;NA;NA;35;129
2022-06-13;"0-60";0;0;0;0;0;0;0;0;0;0;0;0;34;34;34;34;34;34;34;34;34;34;34;34;1;1;1;1;1;1;1;1;1;1;1;0;34
2022-06-13;"60+";2;2;2;2;2;2;2;2;2;2;2;2;68;68;68;68;68;68;68;68;68;68;68;68;1;1;1;1;1;1;1;1;1;1;1;2;64
2022-06-13;"alle";2;2;2;2;2;2;2;2;2;2;2;2;102;102;102;102;102;102;102;102;102;102;102;102;NA;NA;NA;NA;NA;NA;NA;NA;NA;NA;NA;2;98
2022-06-12;"0-60";2;2;2;2;2;2;2;2;2;2;2;2;34;34;34;34;34;34;34;34;34;34;34;34;1;1;1;1;1;1;1;1;1;1;1;2;34
2022-06-12;"60+";3;3;3;3;3;3;3;3;3;3;3;3;66;66;66;66;66;66;66;66;66;66;66;66;1;1;1;1;1;1;1;1;1;1;1;3;62
2022-06-12;"alle";5;5;5;5;5;5;5;5;5;5;5;5;100;100;100;100;100;100;100;100;100;100;100;100;NA;NA;NA;NA;NA;NA;NA;NA;NA;NA;NA;5;96
2022-06-11;"0-60";9;9;9;9;9;9;9;9;9;9;9;9;33;33;33;33;33;33;33;33;33;33;33;33;1;1;1;1;1;1;1;1;1;1;1;9;33
2022-06-11;"60+";6;6;6;6;6;6;6;6;6;6;6;6;66;66;66;66;66;66;66;66;66;66;66;66;1;1;1;1;1;1;1;1;1;1;1;5;62
2022-06-11;"alle";15;15;15;15;15;15;15;15;15;15;15;15;99;99;99;99;99;99;99;99;99;99;99;99;NA;NA;NA;NA;NA;NA;NA;NA;NA;NA;NA;14;95
2022-06-10;"0-60";5;5;5;5;5;5;5;5;5;5;5;5;26;26;26;26;26;26;26;26;26;26;26;26;1;1;1;1;1;1;1;1;1;1;1;5;26
2022-06-10;"60+";12;12;12;12;12;12;12;12;12;12;12;12;68;68;68;68;68;68;68;68;68;68;68;68;1;1;1;1;1;1;1;1;1;1;1;11;65
2022-06-10;"alle";17;17;17;17;17;17;17;17;17;17;17;17;94;94;94;94;94;94;94;94;94;94;94;94;NA;NA;NA;NA;NA;NA;NA;NA;NA;NA;NA;16;91
2022-06-09;"0-60";4;4;4;4;4;4;4;4;4;4;4;4;21;21;21;21;21;21;21;21;21;21;21;21;1;1;1;1;1;1;1;1;1;1;1;4;21
2022-06-09;"60+";9;9;9;9;9;9;9;9;9;9;9;9;69;69;69;69;69;69;69;69;69;69;69;69;1;1;1;1;1;1;1;1;1;1;1;9;66
2022-06-09;"alle";13;13;13;13;13;13;13;13;13;13;13;13;90;90;90;90;90;90;90;90;90;90;90;90;NA;NA;NA;NA;NA;NA;NA;NA;NA;NA;NA;13;87
2022-06-08;"0-60";14;14;14;14;14;14;14;14;14;14;14;14;20;20;20;20;20;20;20;20;20;20;20;20;1;1;1;1;1;1;1;1;1;1;1;14;20
2022-06-08;"60+";32;32;32;32;32;32;32;32;32;32;32;32;70;70;70;70;70;70;70;70;70;70;70;70;1;1;1;1;1;1;1;1;1;1;1;30;67
2022-06-08;"alle";46;46;46;46;46;46;46;46;46;46;46;46;90;90;90;90;90;90;90;90;90;90;90;90;NA;NA;NA;NA;NA;NA;NA;NA;NA;NA;NA;44;87
2022-06-07;"0-60";0;0;0;0;0;0;0;0;0;0;0;0;12;12;12;12;12;12;12;12;12;12;12;12;1;1;1;1;1;1;1;1;1;1;1;0;11
2022-06-07;"60+";4;4;4;4;4;4;4;4;4;4;4;4;52;52;52;52;52;52;52;52;52;52;52;52;1;1;1;1;1;1;1;1;1;1;1;4;51
2022-06-07;"alle";4;4;4;4;4;4;4;4;4;4;4;4;64;64;64;64;64;64;64;64;64;64;64;64;NA;NA;NA;NA;NA;NA;NA;NA;NA;NA;NA;4;63
2022-06-06;"0-60";0;0;0;0;0;0;0;0;0;0;0;0;21;21;21;21;21;21;21;21;21;21;21;21;1;1;1;1;1;1;1;1;1;1;1;0;20
2022-06-06;"60+";0;0;0;0;0;0;0;0;0;0;0;0;61;61;61;61;61;61;61;61;61;61;61;61;1;1;1;1;1;1;1;1;1;1;1;0;59
2022-06-06;"alle";0;0;0;0;0;0;0;0;0;0;0;0;82;82;82;82;82;82;82;82;82;82;82;82;NA;NA;NA;NA;NA;NA;NA;NA;NA;NA;NA;0;80
2022-06-05;"0-60";1;1;1;1;1;1;1;1;1;1;1;1;24;24;24;24;24;24;24;24;24;24;24;24;1;1;1;1;1;1;1;1;1;1;1;1;23
2022-06-05;"60+";3;3;3;3;3;3;3;3;3;3;3;3;63;63;63;63;63;63;63;63;63;63;63;63;1;1;1;1;1;1;1;1;1;1;1;3;61
2022-06-05;"alle";4;4;4;4;4;4;4;4;4;4;4;4;87;87;87;87;87;87;87;87;87;87;87;87;NA;NA;NA;NA;NA;NA;NA;NA;NA;NA;NA;4;85
2022-06-04;"0-60";2;2;2;2;2;2;2;2;2;2;2;2;23;23;23;23;23;23;23;23;23;23;23;23;1;1;1;1;1;1;1;1;1;1;1;2;22
2022-06-04;"60+";8;8;8;8;8;8;8;8;8;8;8;8;61;61;61;61;61;61;61;61;61;61;61;61;1;1;1;1;1;1;1;1;1;1;1;8;59
2022-06-04;"alle";10;10;10;10;10;10;10;10;10;10;10;10;84;84;84;84;84;84;84;84;84;84;84;84;NA;NA;NA;NA;NA;NA;NA;NA;NA;NA;NA;10;82
2022-06-03;"0-60";0;0;0;0;0;0;0;0;0;0;0;0;24;24;24;24;24;24;24;24;24;24;24;24;1;1;1;1;1;1;1;1;1;1;1;0;23
2022-06-03;"60+";13;13;13;13;13;13;13;13;13;13;13;13;55;55;55;55;55;55;55;55;55;55;55;55;1;1;1;1;1;1;1;1;1;1;1;12;53
2022-06-03;"alle";13;13;13;13;13;13;13;13;13;13;13;13;79;79;79;79;79;79;79;79;79;79;79;79;NA;NA;NA;NA;NA;NA;NA;NA;NA;NA;NA;12;77
2022-06-02;"0-60";3;3;3;3;3;3;3;3;3;3;3;3;26;26;26;26;26;26;26;26;26;26;26;26;1;1;1;1;1;1;1;1;1;1;1;3;24
2022-06-02;"60+";10;10;10;10;10;10;10;10;10;10;10;10;43;43;43;43;43;43;43;43;43;43;43;43;1;1;1;1;1;1;1;1;1;1;1;10;42
2022-06-02;"alle";13;13;13;13;13;13;13;13;13;13;13;13;69;69;69;69;69;69;69;69;69;69;69;69;NA;NA;NA;NA;NA;NA;NA;NA;NA;NA;NA;13;67
2022-06-01;"0-60";6;6;6;6;6;6;6;6;6;6;6;6;24;24;24;24;24;24;24;24;24;24;24;24;1;1;1;1;1;1;1;1;1;1;1;5;22
2022-06-01;"60+";14;14;14;14;14;14;14;14;14;14;14;14;42;42;42;42;42;42;42;42;42;42;42;42;1;1;1;1;1;1;1;1;1;1;1;14;40
2022-06-01;"alle";20;20;20;20;20;20;20;20;20;20;20;20;66;66;66;66;66;66;66;66;66;66;66;66;NA;NA;NA;NA;NA;NA;NA;NA;NA;NA;NA;20;63
2022-05-31;"0-60";9;9;9;9;9;9;9;9;9;9;9;9;23;23;23;23;23;23;23;23;23;23;23;23;1;1;1;1;1;1;1;1;1;1;1;9;22
2022-05-31;"60+";13;13;13;13;13;13;13;13;13;13;13;13;39;39;39;39;39;39;39;39;39;39;39;39;1;1;1;1;1;1;1;1;1;1;1;12;37
2022-05-31;"alle";22;22;22;22;22;22;22;22;22;22;22;22;62;62;62;62;62;62;62;62;62;62;62;62;NA;NA;NA;NA;NA;NA;NA;NA;NA;NA;NA;21;59
2022-05-30;"0-60";3;3;3;3;3;3;3;3;3;3;3;3;23;23;23;23;23;23;23;23;23;23;23;23;1;1;1;1;1;1;1;1;1;1;1;3;22
2022-05-30;"60+";2;2;2;2;2;2;2;2;2;2;2;2;36;36;36;36;36;36;36;36;36;36;36;36;1;1;1;1;1;1;1;1;1;1;1;2;35
2022-05-30;"alle";5;5;5;5;5;5;5;5;5;5;5;5;59;59;59;59;59;59;59;59;59;59;59;59;NA;NA;NA;NA;NA;NA;NA;NA;NA;NA;NA;5;57
2022-05-29;"0-60";0;0;0;0;0;0;0;0;0;0;0;0;21;21;21;21;21;21;21;21;21;21;21;21;1;1;1;1;1;1;1;1;1;1;1;0;20
2022-05-29;"60+";1;1;1;1;1;1;1;1;1;1;1;1;37;37;37;37;37;37;37;37;37;37;37;37;1;1;1;1;1;1;1;1;1;1;1;1;36
2022-05-29;"alle";1;1;1;1;1;1;1;1;1;1;1;1;58;58;58;58;58;58;58;58;58;58;58;58;NA;NA;NA;NA;NA;NA;NA;NA;NA;NA;NA;1;56
2022-05-28;"0-60";3;3;3;3;3;3;3;3;3;3;3;3;23;23;23;23;23;23;23;23;23;23;23;23;1;1;1;1;1;1;1;1;1;1;1;3;22
2022-05-28;"60+";2;2;2;2;2;2;2;2;2;2;2;2;41;41;41;41;41;41;41;41;41;41;41;41;1;1;1;1;1;1;1;1;1;1;1;2;40
2022-05-28;"alle";5;5;5;5;5;5;5;5;5;5;5;5;64;64;64;64;64;64;64;64;64;64;64;64;NA;NA;NA;NA;NA;NA;NA;NA;NA;NA;NA;5;62
2022-05-27;"0-60";2;2;2;2;2;2;2;2;2;2;2;2;23;23;23;23;23;23;23;23;23;23;23;23;1;1;1;1;1;1;1;1;1;1;1;1;22
2022-05-27;"60+";1;1;1;1;1;1;1;1;1;1;1;1;54;54;54;54;54;54;54;54;54;54;54;54;1;1;1;1;1;1;1;1;1;1;1;1;53
2022-05-27;"alle";3;3;3;3;3;3;3;3;3;3;3;3;77;77;77;77;77;77;77;77;77;77;77;77;NA;NA;NA;NA;NA;NA;NA;NA;NA;NA;NA;2;75
2022-05-26;"0-60";1;1;1;1;1;1;1;1;1;1;1;1;27;27;27;27;27;27;27;27;27;27;27;27;1;1;1;1;1;1;1;1;1;1;1;1;27
2022-05-26;"60+";9;9;9;9;9;9;9;9;9;9;9;9;62;62;62;62;62;62;62;62;62;62;62;62;1;1;1;1;1;1;1;1;1;1;1;8;61
2022-05-26;"alle";10;10;10;10;10;10;10;10;10;10;10;10;89;89;89;89;89;89;89;89;89;89;89;89;NA;NA;NA;NA;NA;NA;NA;NA;NA;NA;NA;9;88
2022-05-25;"0-60";5;5;5;5;5;5;5;5;5;5;5;5;31;31;31;31;31;31;31;31;31;31;31;31;1;1;1;1;1;1;1;1;1;1;1;5;31
2022-05-25;"60+";11;11;11;11;11;11;11;11;11;11;11;11;67;67;67;67;67;67;67;67;67;67;67;67;1;1;1;1;1;1;1;1;1;1;1;11;67
2022-05-25;"alle";16;16;16;16;16;16;16;16;16;16;16;16;98;98;98;98;98;98;98;98;98;98;98;98;NA;NA;NA;NA;NA;NA;NA;NA;NA;NA;NA;16;98
2022-05-24;"0-60";9;9;9;9;9;9;9;9;9;9;9;9;29;29;29;29;29;29;29;29;29;29;29;29;1;1;1;1;1;1;1;1;1;1;1;9;29
2022-05-24;"60+";10;10;10;10;10;10;10;10;10;10;10;10;73;73;73;73;73;73;73;73;73;73;73;73;1;1;1;1;1;1;1;1;1;1;1;10;73
2022-05-24;"alle";19;19;19;19;19;19;19;19;19;19;19;19;102;102;102;102;102;102;102;102;102;102;102;102;NA;NA;NA;NA;NA;NA;NA;NA;NA;NA;NA;19;102
2022-05-23;"0-60";1;1;1;1;1;1;1;1;1;1;1;1;26;26;26;26;26;26;26;26;26;26;26;26;1;1;1;1;1;1;1;1;1;1;1;1;26
2022-05-23;"60+";3;3;3;3;3;3;3;3;3;3;3;3;82;82;82;82;82;82;82;82;82;82;82;82;1;1;1;1;1;1;1;1;1;1;1;3;82
2022-05-23;"alle";4;4;4;4;4;4;4;4;4;4;4;4;108;108;108;108;108;108;108;108;108;108;108;108;NA;NA;NA;NA;NA;NA;NA;NA;NA;NA;NA;4;108
2022-05-22;"0-60";2;2;2;2;2;2;2;2;2;2;2;2;25;25;25;25;25;25;25;25;25;25;25;25;1;1;1;1;1;1;1;1;1;1;1;2;25
2022-05-22;"60+";5;5;5;5;5;5;5;5;5;5;5;5;81;81;81;81;81;81;81;81;81;81;81;81;1;1;1;1;1;1;1;1;1;1;1;5;81
2022-05-22;"alle";7;7;7;7;7;7;7;7;7;7;7;7;106;106;106;106;106;106;106;106;106;106;106;106;NA;NA;NA;NA;NA;NA;NA;NA;NA;NA;NA;7;106
2022-05-21;"0-60";3;3;3;3;3;3;3;3;3;3;3;3;23;23;23;23;23;23;23;23;23;23;23;23;1;1;1;1;1;1;1;1;1;1;1;3;23
2022-05-21;"60+";15;15;15;15;15;15;15;15;15;15;15;15;77;77;77;77;77;77;77;77;77;77;77;77;1;1;1;1;1;1;1;1;1;1;1;15;77
2022-05-21;"alle";18;18;18;18;18;18;18;18;18;18;18;18;100;100;100;100;100;100;100;100;100;100;100;100;NA;NA;NA;NA;NA;NA;NA;NA;NA;NA;NA;18;100
2022-05-20;"0-60";6;6;6;6;6;6;6;6;6;6;6;6;23;23;23;23;23;23;23;23;23;23;23;23;1;1;1;1;1;1;1;1;1;1;1;6;23
2022-05-20;"60+";9;9;9;9;9;9;9;9;9;9;9;9;77;77;77;77;77;77;77;77;77;77;77;77;1;1;1;1;1;1;1;1;1;1;1;9;77
2022-05-20;"alle";15;15;15;15;15;15;15;15;15;15;15;15;100;100;100;100;100;100;100;100;100;100;100;100;NA;NA;NA;NA;NA;NA;NA;NA;NA;NA;NA;15;100
2022-05-19;"0-60";5;5;5;5;5;5;5;5;5;5;5;5;27;27;27;27;27;27;27;27;27;27;27;27;1;1;1;1;1;1;1;1;1;1;1;5;27
2022-05-19;"60+";14;14;14;14;14;14;14;14;14;14;14;14;89;89;89;89;89;89;89;89;89;89;89;89;1;1;1;1;1;1;1;1;1;1;1;14;88
2022-05-19;"alle";19;19;19;19;19;19;19;19;19;19;19;19;116;116;116;116;116;116;116;116;116;116;116;116;NA;NA;NA;NA;NA;NA;NA;NA;NA;NA;NA;19;115
2022-05-18;"0-60";3;3;3;3;3;3;3;3;3;3;3;3;26;26;26;26;26;26;26;26;26;26;26;26;1;1;1;1;1;1;1;1;1;1;1;3;26
2022-05-18;"60+";17;17;17;17;17;17;17;17;17;17;17;17;93;93;93;93;93;93;93;93;93;93;93;93;1;1;1;1;1;1;1;1;1;1;1;17;92
2022-05-18;"alle";20;20;20;20;20;20;20;20;20;20;20;20;119;119;119;119;119;119;119;119;119;119;119;119;NA;NA;NA;NA;NA;NA;NA;NA;NA;NA;NA;20;118
2022-05-17;"0-60";6;6;6;6;6;6;6;6;6;6;6;6;33;33;33;33;33;33;33;33;33;33;33;33;1;1;1;1;1;1;1;1;1;1;1;6;33
2022-05-17;"60+";19;19;19;19;19;19;19;19;19;19;19;19;107;107;107;107;107;107;107;107;107;107;107;107;1;1;1;1;1;1;1;1;1;1;1;19;105
2022-05-17;"alle";25;25;25;25;25;25;25;25;25;25;25;25;140;140;140;140;140;140;140;140;140;140;140;140;NA;NA;NA;NA;NA;NA;NA;NA;NA;NA;NA;25;138
2022-05-16;"0-60";0;0;0;0;0;0;0;0;0;0;0;0;43;43;43;43;43;43;43;43;43;43;43;43;1;1;1;1;1;1;1;1;1;1;1;0;43
2022-05-16;"60+";2;2;2;2;2;2;2;2;2;2;2;2;137;137;137;137;137;137;137;137;137;137;137;137;1;1;1;1;1;1;1;1;1;1;1;2;134
2022-05-16;"alle";2;2;2;2;2;2;2;2;2;2;2;2;180;180;180;180;180;180;180;180;180;180;180;180;NA;NA;NA;NA;NA;NA;NA;NA;NA;NA;NA;2;177
2022-05-15;"0-60";0;0;0;0;0;0;0;0;0;0;0;0;46;46;46;46;46;46;46;46;46;46;46;46;1;1;1;1;1;1;1;1;1;1;1;0;46
2022-05-15;"60+";1;1;1;1;1;1;1;1;1;1;1;1;139;139;139;139;139;139;139;139;139;139;139;139;1;1;1;1;1;1;1;1;1;1;1;1;136
2022-05-15;"alle";1;1;1;1;1;1;1;1;1;1;1;1;185;185;185;185;185;185;185;185;185;185;185;185;NA;NA;NA;NA;NA;NA;NA;NA;NA;NA;NA;1;182
2022-05-14;"0-60";3;3;3;3;3;3;3;3;3;3;3;3;46;46;46;46;46;46;46;46;46;46;46;46;1;1;1;1;1;1;1;1;1;1;1;3;46
2022-05-14;"60+";15;15;15;15;15;15;15;15;15;15;15;15;141;141;141;141;141;141;141;141;141;141;141;141;1;1;1;1;1;1;1;1;1;1;1;15;137
2022-05-14;"alle";18;18;18;18;18;18;18;18;18;18;18;18;187;187;187;187;187;187;187;187;187;187;187;187;NA;NA;NA;NA;NA;NA;NA;NA;NA;NA;NA;18;183
2022-05-13;"0-60";10;10;10;10;10;10;10;10;10;10;10;10;48;48;48;48;48;48;48;48;48;48;48;48;1;1;1;1;1;1;1;1;1;1;1;10;48
2022-05-13;"60+";21;21;21;21;21;21;21;21;21;21;21;21;154;154;154;154;154;154;154;154;154;154;154;154;1;1;1;1;1;1;1;1;1;1;1;20;150
2022-05-13;"alle";31;31;31;31;31;31;31;31;31;31;31;31;202;202;202;202;202;202;202;202;202;202;202;202;NA;NA;NA;NA;NA;NA;NA;NA;NA;NA;NA;30;198
2022-05-12;"0-60";4;4;4;4;4;4;4;4;4;4;4;4;45;45;45;45;45;45;45;45;45;45;45;45;1;1;1;1;1;1;1;1;1;1;1;4;45
2022-05-12;"60+";18;18;18;18;18;18;18;18;18;18;18;18;161;161;161;161;161;161;161;161;161;161;161;161;1;1;1;1;1;1;1;1;1;1;1;18;157
2022-05-12;"alle";22;22;22;22;22;22;22;22;22;22;22;22;206;206;206;206;206;206;206;206;206;206;206;206;NA;NA;NA;NA;NA;NA;NA;NA;NA;NA;NA;22;202
2022-05-11;"0-60";10;10;10;10;10;10;10;10;10;10;10;10;46;46;46;46;46;46;46;46;46;46;46;46;1;1;1;1;1;1;1;1;1;1;1;10;46
2022-05-11;"60+";31;31;31;31;31;31;31;31;31;31;31;31;168;168;168;168;168;168;168;168;168;168;168;168;1;1;1;1;1;1;1;1;1;1;1;30;164
2022-05-11;"alle";41;41;41;41;41;41;41;41;41;41;41;41;214;214;214;214;214;214;214;214;214;214;214;214;NA;NA;NA;NA;NA;NA;NA;NA;NA;NA;NA;40;210
2022-05-10;"0-60";16;16;16;16;16;16;16;16;16;16;16;16;43;43;43;43;43;43;43;43;43;43;43;43;1;1;1;1;1;1;1;1;1;1;1;16;43
2022-05-10;"60+";49;49;49;49;49;49;49;49;49;49;49;49;171;171;171;171;171;171;171;171;171;171;171;171;1;1;1;1;1;1;1;1;1;1;1;48;167
2022-05-10;"alle";65;65;65;65;65;65;65;65;65;65;65;65;214;214;214;214;214;214;214;214;214;214;214;214;NA;NA;NA;NA;NA;NA;NA;NA;NA;NA;NA;64;210
2022-05-09;"0-60";3;3;3;3;3;3;3;3;3;3;3;3;35;35;35;35;35;35;35;35;35;35;35;35;1;1;1;1;1;1;1;1;1;1;1;3;34
2022-05-09;"60+";4;4;4;4;4;4;4;4;4;4;4;4;185;185;185;185;185;185;185;185;185;185;185;185;1;1;1;1;1;1;1;1;1;1;1;4;181
2022-05-09;"alle";7;7;7;7;7;7;7;7;7;7;7;7;220;220;220;220;220;220;220;220;220;220;220;220;NA;NA;NA;NA;NA;NA;NA;NA;NA;NA;NA;7;215
2022-05-08;"0-60";0;0;0;0;0;0;0;0;0;0;0;0;37;37;37;37;37;37;37;37;37;37;37;37;1;1;1;1;1;1;1;1;1;1;1;0;36
2022-05-08;"60+";3;3;3;3;3;3;3;3;3;3;3;3;184;184;184;184;184;184;184;184;184;184;184;184;1;1;1;1;1;1;1;1;1;1;1;2;180
2022-05-08;"alle";3;3;3;3;3;3;3;3;3;3;3;3;221;221;221;221;221;221;221;221;221;221;221;221;NA;NA;NA;NA;NA;NA;NA;NA;NA;NA;NA;2;216
2022-05-07;"0-60";5;5;5;5;5;5;5;5;5;5;5;5;38;38;38;38;38;38;38;38;38;38;38;38;1;1;1;1;1;1;1;1;1;1;1;5;37
2022-05-07;"60+";28;28;28;28;28;28;28;28;28;28;28;28;191;191;191;191;191;191;191;191;191;191;191;191;1;1;1;1;1;1;1;1;1;1;1;28;188
2022-05-07;"alle";33;33;33;33;33;33;33;33;33;33;33;33;229;229;229;229;229;229;229;229;229;229;229;229;NA;NA;NA;NA;NA;NA;NA;NA;NA;NA;NA;33;225
2022-05-06;"0-60";7;7;7;7;7;7;7;7;7;7;7;7;43;43;43;43;43;43;43;43;43;43;43;43;1;1;1;1;1;1;1;1;1;1;1;7;42
2022-05-06;"60+";28;28;28;28;28;28;28;28;28;28;28;28;181;181;181;181;181;181;181;181;181;181;181;181;1;1;1;1;1;1;1;1;1;1;1;27;178
2022-05-06;"alle";35;35;35;35;35;35;35;35;35;35;35;35;224;224;224;224;224;224;224;224;224;224;224;224;NA;NA;NA;NA;NA;NA;NA;NA;NA;NA;NA;34;220
2022-05-05;"0-60";5;5;5;5;5;5;5;5;5;5;5;5;42;42;42;42;42;42;42;42;42;42;42;42;1;1;1;1;1;1;1;1;1;1;1;5;41
2022-05-05;"60+";25;25;25;25;25;25;25;25;25;25;25;25;173;173;173;173;173;173;173;173;173;173;173;173;1;1;1;1;1;1;1;1;1;1;1;25;170
2022-05-05;"alle";30;30;30;30;30;30;30;30;30;30;30;30;215;215;215;215;215;215;215;215;215;215;215;215;NA;NA;NA;NA;NA;NA;NA;NA;NA;NA;NA;30;211
2022-05-04;"0-60";7;7;7;7;7;7;7;7;7;7;7;7;42;42;42;42;42;42;42;42;42;42;42;42;1;1;1;1;1;1;1;1;1;1;1;7;41
2022-05-04;"60+";34;34;34;34;34;34;34;34;34;34;34;34;166;166;166;166;166;166;166;166;166;166;166;166;1;1;1;1;1;1;1;1;1;1;1;33;163
2022-05-04;"alle";41;41;41;41;41;41;41;41;41;41;41;41;208;208;208;208;208;208;208;208;208;208;208;208;NA;NA;NA;NA;NA;NA;NA;NA;NA;NA;NA;40;204
2022-05-03;"0-60";8;8;8;8;8;8;8;8;8;8;8;8;41;41;41;41;41;41;41;41;41;41;41;41;1;1;1;1;1;1;1;1;1;1;1;7;40
2022-05-03;"60+";63;63;63;63;63;63;63;63;63;63;63;63;151;151;151;151;151;151;151;151;151;151;151;151;1;1;1;1;1;1;1;1;1;1;1;62;149
2022-05-03;"alle";71;71;71;71;71;71;71;71;71;71;71;71;192;192;192;192;192;192;192;192;192;192;192;192;NA;NA;NA;NA;NA;NA;NA;NA;NA;NA;NA;69;189
2022-05-02;"0-60";5;5;5;5;5;5;5;5;5;5;5;5;52;52;52;52;52;52;52;52;52;52;52;52;1;1;1;1;1;1;1;1;1;1;1;5;52
2022-05-02;"60+";3;3;3;3;3;3;3;3;3;3;3;3;137;137;137;137;137;137;137;137;137;137;137;137;1;1;1;1;1;1;1;1;1;1;1;3;133
2022-05-02;"alle";8;8;8;8;8;8;8;8;8;8;8;8;189;189;189;189;189;189;189;189;189;189;189;189;NA;NA;NA;NA;NA;NA;NA;NA;NA;NA;NA;8;185
2022-05-01;"0-60";1;1;1;1;1;1;1;1;1;1;1;1;48;48;48;48;48;48;48;48;48;48;48;48;1;1;1;1;1;1;1;1;1;1;1;1;48
2022-05-01;"60+";10;10;10;10;10;10;10;10;10;10;10;10;138;138;138;138;138;138;138;138;138;138;138;138;1;1;1;1;1;1;1;1;1;1;1;10;134
2022-05-01;"alle";11;11;11;11;11;11;11;11;11;11;11;11;186;186;186;186;186;186;186;186;186;186;186;186;NA;NA;NA;NA;NA;NA;NA;NA;NA;NA;NA;11;182
2022-04-30;"0-60";10;10;10;10;10;10;10;10;10;10;10;10;49;49;49;49;49;49;49;49;49;49;49;49;1;1;1;1;1;1;1;1;1;1;1;10;49
2022-04-30;"60+";18;18;18;18;18;18;18;18;18;18;18;18;136;136;136;136;136;136;136;136;136;136;136;136;1;1;1;1;1;1;1;1;1;1;1;18;132
2022-04-30;"alle";28;28;28;28;28;28;28;28;28;28;28;28;185;185;185;185;185;185;185;185;185;185;185;185;NA;NA;NA;NA;NA;NA;NA;NA;NA;NA;NA;28;181
2022-04-29;"0-60";6;6;6;6;6;6;6;6;6;6;6;6;52;52;52;52;52;52;52;52;52;52;52;52;1;1;1;1;1;1;1;1;1;1;1;6;52
2022-04-29;"60+";20;20;20;20;20;20;20;20;20;20;20;20;146;146;146;146;146;146;146;146;146;146;146;146;1;1;1;1;1;1;1;1;1;1;1;19;142
2022-04-29;"alle";26;26;26;26;26;26;26;26;26;26;26;26;198;198;198;198;198;198;198;198;198;198;198;198;NA;NA;NA;NA;NA;NA;NA;NA;NA;NA;NA;25;194
2022-04-28;"0-60";5;5;5;5;5;5;5;5;5;5;5;5;61;61;61;61;61;61;61;61;61;61;61;61;1;1;1;1;1;1;1;1;1;1;1;5;61
2022-04-28;"60+";18;18;18;18;18;18;18;18;18;18;18;18;170;170;170;170;170;170;170;170;170;170;170;170;1;1;1;1;1;1;1;1;1;1;1;18;167
2022-04-28;"alle";23;23;23;23;23;23;23;23;23;23;23;23;231;231;231;231;231;231;231;231;231;231;231;231;NA;NA;NA;NA;NA;NA;NA;NA;NA;NA;NA;23;228
2022-04-27;"0-60";6;6;6;6;6;6;6;6;6;6;6;6;71;71;71;71;71;71;71;71;71;71;71;71;1;1;1;1;1;1;1;1;1;1;1;6;70
2022-04-27;"60+";19;19;19;19;19;19;19;19;19;19;19;19;210;210;210;210;210;210;210;210;210;210;210;210;1;1;1;1;1;1;1;1;1;1;1;19;206
2022-04-27;"alle";25;25;25;25;25;25;25;25;25;25;25;25;281;281;281;281;281;281;281;281;281;281;281;281;NA;NA;NA;NA;NA;NA;NA;NA;NA;NA;NA;25;276
2022-04-26;"0-60";19;19;19;19;19;19;19;19;19;19;19;19;88;88;88;88;88;88;88;88;88;88;88;88;1;1;1;1;1;1;1;1;1;1;1;19;87
2022-04-26;"60+";49;49;49;49;49;49;49;49;49;49;49;49;262;262;262;262;262;262;262;262;262;262;262;262;1;1;1;1;1;1;1;1;1;1;1;46;257
2022-04-26;"alle";68;68;68;68;68;68;68;68;68;68;68;68;350;350;350;350;350;350;350;350;350;350;350;350;NA;NA;NA;NA;NA;NA;NA;NA;NA;NA;NA;65;345
2022-04-25;"0-60";1;1;1;1;1;1;1;1;1;1;1;1;81;81;81;81;81;81;81;81;81;81;81;81;1;1;1;1;1;1;1;1;1;1;1;1;80
2022-04-25;"60+";4;4;4;4;4;4;4;4;4;4;4;4;227;227;227;227;227;227;227;227;227;227;227;227;1;1;1;1;1;1;1;1;1;1;1;4;224
2022-04-25;"alle";5;5;5;5;5;5;5;5;5;5;5;5;308;308;308;308;308;308;308;308;308;308;308;308;NA;NA;NA;NA;NA;NA;NA;NA;NA;NA;NA;5;306
2022-04-24;"0-60";2;2;2;2;2;2;2;2;2;2;2;2;82;82;82;82;82;82;82;82;82;82;82;82;1;1;1;1;1;1;1;1;1;1;1;2;81
2022-04-24;"60+";8;8;8;8;8;8;8;8;8;8;8;8;234;234;234;234;234;234;234;234;234;234;234;234;1;1;1;1;1;1;1;1;1;1;1;8;230
2022-04-24;"alle";10;10;10;10;10;10;10;10;10;10;10;10;316;316;316;316;316;316;316;316;316;316;316;316;NA;NA;NA;NA;NA;NA;NA;NA;NA;NA;NA;10;313
2022-04-23;"0-60";13;13;13;13;13;13;13;13;13;13;13;13;82;82;82;82;82;82;82;82;82;82;82;82;1;1;1;1;1;1;1;1;1;1;1;13;81
2022-04-23;"60+";28;28;28;28;28;28;28;28;28;28;28;28;236;236;236;236;236;236;236;236;236;236;236;236;1;1;1;1;1;1;1;1;1;1;1;28;231
2022-04-23;"alle";41;41;41;41;41;41;41;41;41;41;41;41;318;318;318;318;318;318;318;318;318;318;318;318;NA;NA;NA;NA;NA;NA;NA;NA;NA;NA;NA;41;314
2022-04-22;"0-60";15;15;15;15;15;15;15;15;15;15;15;15;70;70;70;70;70;70;70;70;70;70;70;70;1;1;1;1;1;1;1;1;1;1;1;15;69
2022-04-22;"60+";44;44;44;44;44;44;44;44;44;44;44;44;225;225;225;225;225;225;225;225;225;225;225;225;1;1;1;1;1;1;1;1;1;1;1;44;220
2022-04-22;"alle";59;59;59;59;59;59;59;59;59;59;59;59;295;295;295;295;295;295;295;295;295;295;295;295;NA;NA;NA;NA;NA;NA;NA;NA;NA;NA;NA;59;291
2022-04-21;"0-60";15;15;15;15;15;15;15;15;15;15;15;15;76;76;76;76;76;76;76;76;76;76;76;76;1;1;1;1;1;1;1;1;1;1;1;14;74
2022-04-21;"60+";58;58;58;58;58;58;58;58;58;58;58;58;222;222;222;222;222;222;222;222;222;222;222;222;1;1;1;1;1;1;1;1;1;1;1;57;216
2022-04-21;"alle";73;73;73;73;73;73;73;73;73;73;73;73;298;298;298;298;298;298;298;298;298;298;298;298;NA;NA;NA;NA;NA;NA;NA;NA;NA;NA;NA;71;293
2022-04-20;"0-60";23;23;23;23;23;23;23;23;23;23;23;23;88;88;88;88;88;88;88;88;88;88;88;88;1;1;1;1;1;1;1;1;1;1;1;23;86
2022-04-20;"60+";71;71;71;71;71;71;71;71;71;71;71;71;211;211;211;211;211;211;211;211;211;211;211;211;1;1;1;1;1;1;1;1;1;1;1;70;205
2022-04-20;"alle";94;94;94;94;94;94;94;94;94;94;94;94;299;299;299;299;299;299;299;299;299;299;299;299;NA;NA;NA;NA;NA;NA;NA;NA;NA;NA;NA;94;294
2022-04-19;"0-60";12;12;12;12;12;12;12;12;12;12;12;12;84;84;84;84;84;84;84;84;84;84;84;84;1;1;1;1;1;1;1;1;1;1;1;12;82
2022-04-19;"60+";14;14;14;14;14;14;14;14;14;14;14;14;198;198;198;198;198;198;198;198;198;198;198;198;1;1;1;1;1;1;1;1;1;1;1;13;192
2022-04-19;"alle";26;26;26;26;26;26;26;26;26;26;26;26;282;282;282;282;282;282;282;282;282;282;282;282;NA;NA;NA;NA;NA;NA;NA;NA;NA;NA;NA;26;276
2022-04-18;"0-60";2;2;2;2;2;2;2;2;2;2;2;2;108;108;108;108;108;108;108;108;108;108;108;108;1;1;1;1;1;1;1;1;1;1;1;2;106
2022-04-18;"60+";11;11;11;11;11;11;11;11;11;11;11;11;264;264;264;264;264;264;264;264;264;264;264;264;1;1;1;1;1;1;1;1;1;1;1;10;258
2022-04-18;"alle";13;13;13;13;13;13;13;13;13;13;13;13;372;372;372;372;372;372;372;372;372;372;372;372;NA;NA;NA;NA;NA;NA;NA;NA;NA;NA;NA;12;365
2022-04-17;"0-60";2;2;2;2;2;2;2;2;2;2;2;2;119;119;119;119;119;119;119;119;119;119;119;119;1;1;1;1;1;1;1;1;1;1;1;2;117
2022-04-17;"60+";10;10;10;10;10;10;10;10;10;10;10;10;267;267;267;267;267;267;267;267;267;267;267;267;1;1;1;1;1;1;1;1;1;1;1;9;262
2022-04-17;"alle";12;12;12;12;12;12;12;12;12;12;12;12;386;386;386;386;386;386;386;386;386;386;386;386;NA;NA;NA;NA;NA;NA;NA;NA;NA;NA;NA;11;380
2022-04-16;"0-60";1;1;1;1;1;1;1;1;1;1;1;1;126;126;126;126;126;126;126;126;126;126;126;126;1;1;1;1;1;1;1;1;1;1;1;1;123
2022-04-16;"60+";17;17;17;17;17;17;17;17;17;17;17;17;275;275;275;275;275;275;275;275;275;275;275;275;1;1;1;1;1;1;1;1;1;1;1;17;270
2022-04-16;"alle";18;18;18;18;18;18;18;18;18;18;18;18;401;401;401;401;401;401;401;401;401;401;401;401;NA;NA;NA;NA;NA;NA;NA;NA;NA;NA;NA;18;394
2022-04-15;"0-60";21;21;21;21;21;21;21;21;21;21;21;21;147;147;147;147;147;147;147;147;147;147;147;147;1;1;1;1;1;1;1;1;1;1;1;20;143
2022-04-15;"60+";41;41;41;41;41;41;41;41;41;41;41;41;298;298;298;298;298;298;298;298;298;298;298;298;1;1;1;1;1;1;1;1;1;1;1;40;293
2022-04-15;"alle";62;62;62;62;62;62;62;62;62;62;62;62;445;445;445;445;445;445;445;445;445;445;445;445;NA;NA;NA;NA;NA;NA;NA;NA;NA;NA;NA;61;437
2022-04-14;"0-60";27;27;27;27;27;27;27;27;27;27;27;27;156;156;156;156;156;156;156;156;156;156;156;156;1;1;1;1;1;1;1;1;1;1;1;26;152
2022-04-14;"60+";47;47;47;47;47;47;47;47;47;47;47;47;303;303;303;303;303;303;303;303;303;303;303;303;1;1;1;1;1;1;1;1;1;1;1;46;297
2022-04-14;"alle";74;74;74;74;74;74;74;74;74;74;74;74;459;459;459;459;459;459;459;459;459;459;459;459;NA;NA;NA;NA;NA;NA;NA;NA;NA;NA;NA;72;449
2022-04-13;"0-60";19;19;19;19;19;19;19;19;19;19;19;19;162;162;162;162;162;162;162;162;162;162;162;162;1;1;1;1;1;1;1;1;1;1;1;19;158
2022-04-13;"60+";58;58;58;58;58;58;58;58;58;58;58;58;306;306;306;306;306;306;306;306;306;306;306;306;1;1;1;1;1;1;1;1;1;1;1;57;301
2022-04-13;"alle";77;77;77;77;77;77;77;77;77;77;77;77;468;468;468;468;468;468;468;468;468;468;468;468;NA;NA;NA;NA;NA;NA;NA;NA;NA;NA;NA;76;459
2022-04-12;"0-60";36;36;36;36;36;36;36;36;36;36;36;36;165;165;165;165;165;165;165;165;165;165;165;165;1;1;1;1;1;1;1;1;1;1;1;36;160
2022-04-12;"60+";80;80;80;80;80;80;80;80;80;80;80;80;289;289;289;289;289;289;289;289;289;289;289;289;1;1;1;1;1;1;1;1;1;1;1;79;284
2022-04-12;"alle";116;116;116;116;116;116;116;116;116;116;116;116;454;454;454;454;454;454;454;454;454;454;454;454;NA;NA;NA;NA;NA;NA;NA;NA;NA;NA;NA;115;444
2022-04-11;"0-60";13;13;13;13;13;13;13;13;13;13;13;13;158;158;158;158;158;158;158;158;158;158;158;158;1;1;1;1;1;1;1;1;1;1;1;13;152
2022-04-11;"60+";14;14;14;14;14;14;14;14;14;14;14;14;273;273;273;273;273;273;273;273;273;273;273;273;1;1;1;1;1;1;1;1;1;1;1;14;268
2022-04-11;"alle";27;27;27;27;27;27;27;27;27;27;27;27;431;431;431;431;431;431;431;431;431;431;431;431;NA;NA;NA;NA;NA;NA;NA;NA;NA;NA;NA;27;420
2022-04-10;"0-60";9;9;9;9;9;9;9;9;9;9;9;9;154;154;154;154;154;154;154;154;154;154;154;154;1;1;1;1;1;1;1;1;1;1;1;8;146
2022-04-10;"60+";18;18;18;18;18;18;18;18;18;18;18;18;275;275;275;275;275;275;275;275;275;275;275;275;1;1;1;1;1;1;1;1;1;1;1;17;270
2022-04-10;"alle";27;27;27;27;27;27;27;27;27;27;27;27;429;429;429;429;429;429;429;429;429;429;429;429;NA;NA;NA;NA;NA;NA;NA;NA;NA;NA;NA;25;416
2022-04-09;"0-60";22;22;22;22;22;22;22;22;22;22;22;22;160;160;160;160;160;160;160;160;160;160;160;160;1;1;1;1;1;1;1;1;1;1;1;21;152
2022-04-09;"60+";40;40;40;40;40;40;40;40;40;40;40;40;271;271;271;271;271;271;271;271;271;271;271;271;1;1;1;1;1;1;1;1;1;1;1;40;265
2022-04-09;"alle";62;62;62;62;62;62;62;62;62;62;62;62;431;431;431;431;431;431;431;431;431;431;431;431;NA;NA;NA;NA;NA;NA;NA;NA;NA;NA;NA;61;417
2022-04-08;"0-60";30;30;30;30;30;30;30;30;30;30;30;30;176;176;176;176;176;176;176;176;176;176;176;176;1;1;1;1;1;1;1;1;1;1;1;29;168
2022-04-08;"60+";46;46;46;46;46;46;46;46;46;46;46;46;294;294;294;294;294;294;294;294;294;294;294;294;1;1;1;1;1;1;1;1;1;1;1;44;286
2022-04-08;"alle";76;76;76;76;76;76;76;76;76;76;76;76;470;470;470;470;470;470;470;470;470;470;470;470;NA;NA;NA;NA;NA;NA;NA;NA;NA;NA;NA;73;454
2022-04-07;"0-60";33;33;33;33;33;33;33;33;33;33;33;33;181;181;181;181;181;181;181;181;181;181;181;181;1;1;1;1;1;1;1;1;1;1;1;32;172
2022-04-07;"60+";50;50;50;50;50;50;50;50;50;50;50;50;303;303;303;303;303;303;303;303;303;303;303;303;1;1;1;1;1;1;1;1;1;1;1;50;292
2022-04-07;"alle";83;83;83;83;83;83;83;83;83;83;83;83;484;484;484;484;484;484;484;484;484;484;484;484;NA;NA;NA;NA;NA;NA;NA;NA;NA;NA;NA;82;464
2022-04-06;"0-60";22;22;22;22;22;22;22;22;22;22;22;22;192;192;192;192;192;192;192;192;192;192;192;192;1;1;1;1;1;1;1;1;1;1;1;21;180
2022-04-06;"60+";41;41;41;41;41;41;41;41;41;41;41;41;339;339;339;339;339;339;339;339;339;339;339;339;1;1;1;1;1;1;1;1;1;1;1;40;325
2022-04-06;"alle";63;63;63;63;63;63;63;63;63;63;63;63;531;531;531;531;531;531;531;531;531;531;531;531;NA;NA;NA;NA;NA;NA;NA;NA;NA;NA;NA;61;506
2022-04-05;"0-60";29;29;29;29;29;29;29;29;29;29;29;29;203;203;203;203;203;203;203;203;203;203;203;203;1;1;1;1;1;1;1;1;1;1;1;28;191
2022-04-05;"60+";64;64;64;64;64;64;64;64;64;64;64;64;370;370;370;370;370;370;370;370;370;370;370;370;1;1;1;1;1;1;1;1;1;1;1;63;357
2022-04-05;"alle";93;93;93;93;93;93;93;93;93;93;93;93;573;573;573;573;573;573;573;573;573;573;573;573;NA;NA;NA;NA;NA;NA;NA;NA;NA;NA;NA;91;550
2022-04-04;"0-60";9;9;9;9;9;9;9;9;9;9;9;9;209;209;209;209;209;209;209;209;209;209;209;209;1;1;1;1;1;1;1;1;1;1;1;7;196
2022-04-04;"60+";16;16;16;16;16;16;16;16;16;16;16;16;387;387;387;387;387;387;387;387;387;387;387;387;1;1;1;1;1;1;1;1;1;1;1;16;373
2022-04-04;"alle";25;25;25;25;25;25;25;25;25;25;25;25;596;596;596;596;596;596;596;596;596;596;596;596;NA;NA;NA;NA;NA;NA;NA;NA;NA;NA;NA;23;572
2022-04-03;"0-60";15;15;15;15;15;15;15;15;15;15;15;15;209;209;209;209;209;209;209;209;209;209;209;209;1;1;1;1;1;1;1;1;1;1;1;14;198
2022-04-03;"60+";14;14;14;14;14;14;14;14;14;14;14;14;400;400;400;400;400;400;400;400;400;400;400;400;1;1;1;1;1;1;1;1;1;1;1;12;384
2022-04-03;"alle";29;29;29;29;29;29;29;29;29;29;29;29;609;609;609;609;609;609;609;609;609;609;609;609;NA;NA;NA;NA;NA;NA;NA;NA;NA;NA;NA;26;585
2022-04-02;"0-60";38;38;38;38;38;38;38;38;38;38;38;38;205;205;205;205;205;205;205;205;205;205;205;205;1;1;1;1;1;1;1;1;1;1;1;37;193
2022-04-02;"60+";63;63;63;63;63;63;63;63;63;63;63;63;410;410;410;410;410;410;410;410;410;410;410;410;1;1;1;1;1;1;1;1;1;1;1;61;391
2022-04-02;"alle";101;101;101;101;101;101;101;101;101;101;101;101;615;615;615;615;615;615;615;615;615;615;615;615;NA;NA;NA;NA;NA;NA;NA;NA;NA;NA;NA;98;587
2022-04-01;"0-60";35;35;35;35;35;35;35;35;35;35;35;35;193;193;193;193;193;193;193;193;193;193;193;193;1;1;1;1;1;1;1;1;1;1;1;33;181
2022-04-01;"60+";55;55;55;55;55;55;55;55;55;55;55;55;403;403;403;403;403;403;403;403;403;403;403;403;1;1;1;1;1;1;1;1;1;1;1;50;386
2022-04-01;"alle";90;90;90;90;90;90;90;90;90;90;90;90;596;596;596;596;596;596;596;596;596;596;596;596;NA;NA;NA;NA;NA;NA;NA;NA;NA;NA;NA;83;570
2022-03-31;"0-60";44;44;44;44;44;44;44;44;44;44;44;44;191;191;191;191;191;191;191;191;191;191;191;191;1;1;1;1;1;1;1;1;1;1;1;40;179
2022-03-31;"60+";86;86;86;86;86;86;86;86;86;86;86;86;397;397;397;397;397;397;397;397;397;397;397;397;1;1;1;1;1;1;1;1;1;1;1;83;382
2022-03-31;"alle";130;130;130;130;130;130;130;130;130;130;130;130;588;588;588;588;588;588;588;588;588;588;588;588;NA;NA;NA;NA;NA;NA;NA;NA;NA;NA;NA;124;565
2022-03-30;"0-60";33;33;33;33;33;33;33;33;33;33;33;33;182;182;182;182;182;182;182;182;182;182;182;182;1;1;1;1;1;1;1;1;1;1;1;32;171
2022-03-30;"60+";72;72;72;72;72;72;72;72;72;72;72;72;366;366;366;366;366;366;366;366;366;366;366;366;1;1;1;1;1;1;1;1;1;1;1;72;351
2022-03-30;"alle";105;105;105;105;105;105;105;105;105;105;105;105;548;548;548;548;548;548;548;548;548;548;548;548;NA;NA;NA;NA;NA;NA;NA;NA;NA;NA;NA;105;525
2022-03-29;"0-60";35;35;35;35;35;35;35;35;35;35;35;35;182;182;182;182;182;182;182;182;182;182;182;182;1;1;1;1;1;1;1;1;1;1;1;33;170
2022-03-29;"60+";81;81;81;81;81;81;81;81;81;81;81;81;364;364;364;364;364;364;364;364;364;364;364;364;1;1;1;1;1;1;1;1;1;1;1;79;346
2022-03-29;"alle";116;116;116;116;116;116;116;116;116;116;116;116;546;546;546;546;546;546;546;546;546;546;546;546;NA;NA;NA;NA;NA;NA;NA;NA;NA;NA;NA;113;518
2022-03-28;"0-60";9;9;9;9;9;9;9;9;9;9;9;9;191;191;191;191;191;191;191;191;191;191;191;191;1;1;1;1;1;1;1;1;1;1;1;9;179
2022-03-28;"60+";29;29;29;29;29;29;29;29;29;29;29;29;370;370;370;370;370;370;370;370;370;370;370;370;1;1;1;1;1;1;1;1;1;1;1;27;348
2022-03-28;"alle";38;38;38;38;38;38;38;38;38;38;38;38;561;561;561;561;561;561;561;561;561;561;561;561;NA;NA;NA;NA;NA;NA;NA;NA;NA;NA;NA;36;529
2022-03-27;"0-60";11;11;11;11;11;11;11;11;11;11;11;11;196;196;196;196;196;196;196;196;196;196;196;196;1;1;1;1;1;1;1;1;1;1;1;9;183
2022-03-27;"60+";24;24;24;24;24;24;24;24;24;24;24;24;371;371;371;371;371;371;371;371;371;371;371;371;1;1;1;1;1;1;1;1;1;1;1;19;348
2022-03-27;"alle";35;35;35;35;35;35;35;35;35;35;35;35;567;567;567;567;567;567;567;567;567;567;567;567;NA;NA;NA;NA;NA;NA;NA;NA;NA;NA;NA;28;533
2022-03-26;"0-60";26;26;26;26;26;26;26;26;26;26;26;26;204;204;204;204;204;204;204;204;204;204;204;204;1;1;1;1;1;1;1;1;1;1;1;25;190
2022-03-26;"60+";56;56;56;56;56;56;56;56;56;56;56;56;367;367;367;367;367;367;367;367;367;367;367;367;1;1;1;1;1;1;1;1;1;1;1;56;348
2022-03-26;"alle";82;82;82;82;82;82;82;82;82;82;82;82;571;571;571;571;571;571;571;571;571;571;571;571;NA;NA;NA;NA;NA;NA;NA;NA;NA;NA;NA;81;540
2022-03-25;"0-60";33;33;33;33;33;33;33;33;33;33;33;33;215;215;215;215;215;215;215;215;215;215;215;215;1;1;1;1;1;1;1;1;1;1;1;31;199
2022-03-25;"60+";49;49;49;49;49;49;49;49;49;49;49;49;371;371;371;371;371;371;371;371;371;371;371;371;1;1;1;1;1;1;1;1;1;1;1;46;347
2022-03-25;"alle";82;82;82;82;82;82;82;82;82;82;82;82;586;586;586;586;586;586;586;586;586;586;586;586;NA;NA;NA;NA;NA;NA;NA;NA;NA;NA;NA;78;548
2022-03-24;"0-60";35;35;35;35;35;35;35;35;35;35;35;35;215;215;215;215;215;215;215;215;215;215;215;215;1;1;1;1;1;1;1;1;1;1;1;32;198
2022-03-24;"60+";55;55;55;55;55;55;55;55;55;55;55;55;400;400;400;400;400;400;400;400;400;400;400;400;1;1;1;1;1;1;1;1;1;1;1;52;375
2022-03-24;"alle";90;90;90;90;90;90;90;90;90;90;90;90;615;615;615;615;615;615;615;615;615;615;615;615;NA;NA;NA;NA;NA;NA;NA;NA;NA;NA;NA;84;574
2022-03-23;"0-60";33;33;33;33;33;33;33;33;33;33;33;33;211;211;211;211;211;211;211;211;211;211;211;211;1;1;1;1;1;1;1;1;1;1;1;31;194
2022-03-23;"60+";70;70;70;70;70;70;70;70;70;70;70;70;419;419;419;419;419;419;419;419;419;419;419;419;1;1;1;1;1;1;1;1;1;1;1;67;388
2022-03-23;"alle";103;103;103;103;103;103;103;103;103;103;103;103;630;630;630;630;630;630;630;630;630;630;630;630;NA;NA;NA;NA;NA;NA;NA;NA;NA;NA;NA;98;583
2022-03-22;"0-60";44;44;44;44;44;44;44;44;44;44;44;44;214;214;214;214;214;214;214;214;214;214;214;214;1;1;1;1;1;1;1;1;1;1;1;42;197
2022-03-22;"60+";87;87;87;87;87;87;87;87;87;87;87;87;428;428;428;428;428;428;428;428;428;428;428;428;1;1;1;1;1;1;1;1;1;1;1;81;396
2022-03-22;"alle";131;131;131;131;131;131;131;131;131;131;131;131;642;642;642;642;642;642;642;642;642;642;642;642;NA;NA;NA;NA;NA;NA;NA;NA;NA;NA;NA;124;594
2022-03-21;"0-60";14;14;14;14;14;14;14;14;14;14;14;14;221;221;221;221;221;221;221;221;221;221;221;221;1;1;1;1;1;1;1;1;1;1;1;13;200
2022-03-21;"60+";30;30;30;30;30;30;30;30;30;30;30;30;430;430;430;430;430;430;430;430;430;430;430;430;1;1;1;1;1;1;1;1;1;1;1;27;396
2022-03-21;"alle";44;44;44;44;44;44;44;44;44;44;44;44;651;651;651;651;651;651;651;651;651;651;651;651;NA;NA;NA;NA;NA;NA;NA;NA;NA;NA;NA;40;597
2022-03-20;"0-60";19;19;19;19;19;19;19;19;19;19;19;19;220;220;220;220;220;220;220;220;220;220;220;220;1;1;1;1;1;1;1;1;1;1;1;16;199
2022-03-20;"60+";20;20;20;20;20;20;20;20;20;20;20;20;428;428;428;428;428;428;428;428;428;428;428;428;1;1;1;1;1;1;1;1;1;1;1;19;396
2022-03-20;"alle";39;39;39;39;39;39;39;39;39;39;39;39;648;648;648;648;648;648;648;648;648;648;648;648;NA;NA;NA;NA;NA;NA;NA;NA;NA;NA;NA;35;596
2022-03-19;"0-60";37;37;37;37;37;37;37;37;37;37;37;37;226;226;226;226;226;226;226;226;226;226;226;226;1;1;1;1;1;1;1;1;1;1;1;34;208
2022-03-19;"60+";60;60;60;60;60;60;60;60;60;60;60;60;442;442;442;442;442;442;442;442;442;442;442;442;1;1;1;1;1;1;1;1;1;1;1;55;410
2022-03-19;"alle";97;97;97;97;97;97;97;97;97;97;97;97;668;668;668;668;668;668;668;668;668;668;668;668;NA;NA;NA;NA;NA;NA;NA;NA;NA;NA;NA;89;619
2022-03-18;"0-60";33;33;33;33;33;33;33;33;33;33;33;33;225;225;225;225;225;225;225;225;225;225;225;225;1;1;1;1;1;1;1;1;1;1;1;30;209
2022-03-18;"60+";78;78;78;78;78;78;78;78;78;78;78;78;429;429;429;429;429;429;429;429;429;429;429;429;1;1;1;1;1;1;1;1;1;1;1;74;397
2022-03-18;"alle";111;111;111;111;111;111;111;111;111;111;111;111;654;654;654;654;654;654;654;654;654;654;654;654;NA;NA;NA;NA;NA;NA;NA;NA;NA;NA;NA;104;607
2022-03-17;"0-60";31;31;31;31;31;31;31;31;31;31;31;31;225;225;225;225;225;225;225;225;225;225;225;225;1;1;1;1;1;1;1;1;1;1;1;28;210
2022-03-17;"60+";74;74;74;74;74;74;74;74;74;74;74;74;416;416;416;416;416;416;416;416;416;416;416;416;1;1;1;1;1;1;1;1;1;1;1;65;385
2022-03-17;"alle";105;105;105;105;105;105;105;105;105;105;105;105;641;641;641;641;641;641;641;641;641;641;641;641;NA;NA;NA;NA;NA;NA;NA;NA;NA;NA;NA;93;597
2022-03-16;"0-60";36;36;36;36;36;36;36;36;36;36;36;36;234;234;234;234;234;234;234;234;234;234;234;234;1;1;1;1;1;1;1;1;1;1;1;34;218
2022-03-16;"60+";79;79;79;79;79;79;79;79;79;79;79;79;412;412;412;412;412;412;412;412;412;412;412;412;1;1;1;1;1;1;1;1;1;1;1;75;386
2022-03-16;"alle";115;115;115;115;115;115;115;115;115;115;115;115;646;646;646;646;646;646;646;646;646;646;646;646;NA;NA;NA;NA;NA;NA;NA;NA;NA;NA;NA;109;607
2022-03-15;"0-60";51;51;51;51;51;51;51;51;51;51;51;51;242;242;242;242;242;242;242;242;242;242;242;242;1;1;1;1;1;1;1;1;1;1;1;45;224
2022-03-15;"60+";89;89;89;89;89;89;89;89;89;89;89;89;406;406;406;406;406;406;406;406;406;406;406;406;1;1;1;1;1;1;1;1;1;1;1;81;381
2022-03-15;"alle";140;140;140;140;140;140;140;140;140;140;140;140;648;648;648;648;648;648;648;648;648;648;648;648;NA;NA;NA;NA;NA;NA;NA;NA;NA;NA;NA;127;608
2022-03-14;"0-60";13;13;13;13;13;13;13;13;13;13;13;13;230;230;230;230;230;230;230;230;230;230;230;230;1;1;1;1;1;1;1;1;1;1;1;12;216
2022-03-14;"60+";28;28;28;28;28;28;28;28;28;28;28;28;366;366;366;366;366;366;366;366;366;366;366;366;1;1;1;1;1;1;1;1;1;1;1;27;348
2022-03-14;"alle";41;41;41;41;41;41;41;41;41;41;41;41;596;596;596;596;596;596;596;596;596;596;596;596;NA;NA;NA;NA;NA;NA;NA;NA;NA;NA;NA;39;566
2022-03-13;"0-60";25;25;25;25;25;25;25;25;25;25;25;25;223;223;223;223;223;223;223;223;223;223;223;223;1;1;1;1;1;1;1;1;1;1;1;25;209
2022-03-13;"60+";34;34;34;34;34;34;34;34;34;34;34;34;359;359;359;359;359;359;359;359;359;359;359;359;1;1;1;1;1;1;1;1;1;1;1;33;340
2022-03-13;"alle";59;59;59;59;59;59;59;59;59;59;59;59;582;582;582;582;582;582;582;582;582;582;582;582;NA;NA;NA;NA;NA;NA;NA;NA;NA;NA;NA;58;551
2022-03-12;"0-60";36;36;36;36;36;36;36;36;36;36;36;36;223;223;223;223;223;223;223;223;223;223;223;223;1;1;1;1;1;1;1;1;1;1;1;35;205
2022-03-12;"60+";47;47;47;47;47;47;47;47;47;47;47;47;362;362;362;362;362;362;362;362;362;362;362;362;1;1;1;1;1;1;1;1;1;1;1;42;343
2022-03-12;"alle";83;83;83;83;83;83;83;83;83;83;83;83;585;585;585;585;585;585;585;585;585;585;585;585;NA;NA;NA;NA;NA;NA;NA;NA;NA;NA;NA;77;551
2022-03-11;"0-60";33;33;33;33;33;33;33;33;33;33;33;33;208;208;208;208;208;208;208;208;208;208;208;208;1;1;1;1;1;1;1;1;1;1;1;31;191
2022-03-11;"60+";65;65;65;65;65;65;65;65;65;65;65;65;360;360;360;360;360;360;360;360;360;360;360;360;1;1;1;1;1;1;1;1;1;1;1;62;345
2022-03-11;"alle";98;98;98;98;98;98;98;98;98;98;98;98;568;568;568;568;568;568;568;568;568;568;568;568;NA;NA;NA;NA;NA;NA;NA;NA;NA;NA;NA;94;540
2022-03-10;"0-60";40;40;40;40;40;40;40;40;40;40;40;40;197;197;197;197;197;197;197;197;197;197;197;197;1;1;1;1;1;1;1;1;1;1;1;36;179
2022-03-10;"60+";70;70;70;70;70;70;70;70;70;70;70;70;352;352;352;352;352;352;352;352;352;352;352;352;1;1;1;1;1;1;1;1;1;1;1;66;337
2022-03-10;"alle";110;110;110;110;110;110;110;110;110;110;110;110;549;549;549;549;549;549;549;549;549;549;549;549;NA;NA;NA;NA;NA;NA;NA;NA;NA;NA;NA;103;519
2022-03-09;"0-60";44;44;44;44;44;44;44;44;44;44;44;44;178;178;178;178;178;178;178;178;178;178;178;178;1;1;1;1;1;1;1;1;1;1;1;40;164
2022-03-09;"60+";73;73;73;73;73;73;73;73;73;73;73;73;326;326;326;326;326;326;326;326;326;326;326;326;1;1;1;1;1;1;1;1;1;1;1;70;314
2022-03-09;"alle";117;117;117;117;117;117;117;117;117;117;117;117;504;504;504;504;504;504;504;504;504;504;504;504;NA;NA;NA;NA;NA;NA;NA;NA;NA;NA;NA;110;480
2022-03-08;"0-60";39;39;39;39;39;39;39;39;39;39;39;39;154;154;154;154;154;154;154;154;154;154;154;154;1;1;1;1;1;1;1;1;1;1;1;37;143
2022-03-08;"60+";49;49;49;49;49;49;49;49;49;49;49;49;304;304;304;304;304;304;304;304;304;304;304;304;1;1;1;1;1;1;1;1;1;1;1;48;294
2022-03-08;"alle";88;88;88;88;88;88;88;88;88;88;88;88;458;458;458;458;458;458;458;458;458;458;458;458;NA;NA;NA;NA;NA;NA;NA;NA;NA;NA;NA;85;439
2022-03-07;"0-60";6;6;6;6;6;6;6;6;6;6;6;6;137;137;137;137;137;137;137;137;137;137;137;137;1;1;1;1;1;1;1;1;1;1;1;5;124
2022-03-07;"60+";21;21;21;21;21;21;21;21;21;21;21;21;304;304;304;304;304;304;304;304;304;304;304;304;1;1;1;1;1;1;1;1;1;1;1;19;293
2022-03-07;"alle";27;27;27;27;27;27;27;27;27;27;27;27;441;441;441;441;441;441;441;441;441;441;441;441;NA;NA;NA;NA;NA;NA;NA;NA;NA;NA;NA;24;419
2022-03-06;"0-60";25;25;25;25;25;25;25;25;25;25;25;25;136;136;136;136;136;136;136;136;136;136;136;136;1;1;1;1;1;1;1;1;1;1;1;21;124
2022-03-06;"60+";37;37;37;37;37;37;37;37;37;37;37;37;303;303;303;303;303;303;303;303;303;303;303;303;1;1;1;1;1;1;1;1;1;1;1;36;294
2022-03-06;"alle";62;62;62;62;62;62;62;62;62;62;62;62;439;439;439;439;439;439;439;439;439;439;439;439;NA;NA;NA;NA;NA;NA;NA;NA;NA;NA;NA;58;420
2022-03-05;"0-60";21;21;21;21;21;21;21;21;21;21;21;21;125;125;125;125;125;125;125;125;125;125;125;125;1;1;1;1;1;1;1;1;1;1;1;21;117
2022-03-05;"60+";45;45;45;45;45;45;45;45;45;45;45;45;296;296;296;296;296;296;296;296;296;296;296;296;1;1;1;1;1;1;1;1;1;1;1;44;288
2022-03-05;"alle";66;66;66;66;66;66;66;66;66;66;66;66;421;421;421;421;421;421;421;421;421;421;421;421;NA;NA;NA;NA;NA;NA;NA;NA;NA;NA;NA;66;406
2022-03-04;"0-60";22;22;22;22;22;22;22;22;22;22;22;22;137;137;137;137;137;137;137;137;137;137;137;137;1;1;1;1;1;1;1;1;1;1;1;19;129
2022-03-04;"60+";57;57;57;57;57;57;57;57;57;57;57;57;289;289;289;289;289;289;289;289;289;289;289;289;1;1;1;1;1;1;1;1;1;1;1;54;281
2022-03-04;"alle";79;79;79;79;79;79;79;79;79;79;79;79;426;426;426;426;426;426;426;426;426;426;426;426;NA;NA;NA;NA;NA;NA;NA;NA;NA;NA;NA;73;411
2022-03-03;"0-60";21;21;21;21;21;21;21;21;21;21;21;21;145;145;145;145;145;145;145;145;145;145;145;145;1;1;1;1;1;1;1;1;1;1;1;21;139
2022-03-03;"60+";44;44;44;44;44;44;44;44;44;44;44;44;279;279;279;279;279;279;279;279;279;279;279;279;1;1;1;1;1;1;1;1;1;1;1;43;272
2022-03-03;"alle";65;65;65;65;65;65;65;65;65;65;65;65;424;424;424;424;424;424;424;424;424;424;424;424;NA;NA;NA;NA;NA;NA;NA;NA;NA;NA;NA;64;413
2022-03-02;"0-60";20;20;20;20;20;20;20;20;20;20;20;20;147;147;147;147;147;147;147;147;147;147;147;147;1;1;1;1;1;1;1;1;1;1;1;19;140
2022-03-02;"60+";51;51;51;51;51;51;51;51;51;51;51;51;274;274;274;274;274;274;274;274;274;274;274;274;1;1;1;1;1;1;1;1;1;1;1;50;268
2022-03-02;"alle";71;71;71;71;71;71;71;71;71;71;71;71;421;421;421;421;421;421;421;421;421;421;421;421;NA;NA;NA;NA;NA;NA;NA;NA;NA;NA;NA;69;410
2022-03-01;"0-60";22;22;22;22;22;22;22;22;22;22;22;22;167;167;167;167;167;167;167;167;167;167;167;167;1;1;1;1;1;1;1;1;1;1;1;18;160
2022-03-01;"60+";49;49;49;49;49;49;49;49;49;49;49;49;263;263;263;263;263;263;263;263;263;263;263;263;1;1;1;1;1;1;1;1;1;1;1;47;257
2022-03-01;"alle";71;71;71;71;71;71;71;71;71;71;71;71;430;430;430;430;430;430;430;430;430;430;430;430;NA;NA;NA;NA;NA;NA;NA;NA;NA;NA;NA;65;419
2022-02-28;"0-60";5;5;5;5;5;5;5;5;5;5;5;5;171;171;171;171;171;171;171;171;171;171;171;171;1;1;1;1;1;1;1;1;1;1;1;5;168
2022-02-28;"60+";20;20;20;20;20;20;20;20;20;20;20;20;247;247;247;247;247;247;247;247;247;247;247;247;1;1;1;1;1;1;1;1;1;1;1;20;242
2022-02-28;"alle";25;25;25;25;25;25;25;25;25;25;25;25;418;418;418;418;418;418;418;418;418;418;418;418;NA;NA;NA;NA;NA;NA;NA;NA;NA;NA;NA;25;412
2022-02-27;"0-60";14;14;14;14;14;14;14;14;14;14;14;14;184;184;184;184;184;184;184;184;184;184;184;184;1;1;1;1;1;1;1;1;1;1;1;14;179
2022-02-27;"60+";30;30;30;30;30;30;30;30;30;30;30;30;240;240;240;240;240;240;240;240;240;240;240;240;1;1;1;1;1;1;1;1;1;1;1;30;235
2022-02-27;"alle";44;44;44;44;44;44;44;44;44;44;44;44;424;424;424;424;424;424;424;424;424;424;424;424;NA;NA;NA;NA;NA;NA;NA;NA;NA;NA;NA;44;416
2022-02-26;"0-60";33;33;33;33;33;33;33;33;33;33;33;33;186;186;186;186;186;186;186;186;186;186;186;186;1;1;1;1;1;1;1;1;1;1;1;33;181
2022-02-26;"60+";38;38;38;38;38;38;38;38;38;38;38;38;228;228;228;228;228;228;228;228;228;228;228;228;1;1;1;1;1;1;1;1;1;1;1;37;223
2022-02-26;"alle";71;71;71;71;71;71;71;71;71;71;71;71;414;414;414;414;414;414;414;414;414;414;414;414;NA;NA;NA;NA;NA;NA;NA;NA;NA;NA;NA;71;406
2022-02-25;"0-60";30;30;30;30;30;30;30;30;30;30;30;30;172;172;172;172;172;172;172;172;172;172;172;172;1;1;1;1;1;1;1;1;1;1;1;29;165
2022-02-25;"60+";47;47;47;47;47;47;47;47;47;47;47;47;213;213;213;213;213;213;213;213;213;213;213;213;1;1;1;1;1;1;1;1;1;1;1;45;207
2022-02-25;"alle";77;77;77;77;77;77;77;77;77;77;77;77;385;385;385;385;385;385;385;385;385;385;385;385;NA;NA;NA;NA;NA;NA;NA;NA;NA;NA;NA;75;373
2022-02-24;"0-60";23;23;23;23;23;23;23;23;23;23;23;23;170;170;170;170;170;170;170;170;170;170;170;170;1;1;1;1;1;1;1;1;1;1;1;22;161
2022-02-24;"60+";39;39;39;39;39;39;39;39;39;39;39;39;204;204;204;204;204;204;204;204;204;204;204;204;1;1;1;1;1;1;1;1;1;1;1;39;199
2022-02-24;"alle";62;62;62;62;62;62;62;62;62;62;62;62;374;374;374;374;374;374;374;374;374;374;374;374;NA;NA;NA;NA;NA;NA;NA;NA;NA;NA;NA;61;362
2022-02-23;"0-60";40;40;40;40;40;40;40;40;40;40;40;40;181;181;181;181;181;181;181;181;181;181;181;181;1;1;1;1;1;1;1;1;1;1;1;39;172
2022-02-23;"60+";40;40;40;40;40;40;40;40;40;40;40;40;197;197;197;197;197;197;197;197;197;197;197;197;1;1;1;1;1;1;1;1;1;1;1;39;191
2022-02-23;"alle";80;80;80;80;80;80;80;80;80;80;80;80;378;378;378;378;378;378;378;378;378;378;378;378;NA;NA;NA;NA;NA;NA;NA;NA;NA;NA;NA;78;365
2022-02-22;"0-60";26;26;26;26;26;26;26;26;26;26;26;26;175;175;175;175;175;175;175;175;175;175;175;175;1;1;1;1;1;1;1;1;1;1;1;26;165
2022-02-22;"60+";33;33;33;33;33;33;33;33;33;33;33;33;195;195;195;195;195;195;195;195;195;195;195;195;1;1;1;1;1;1;1;1;1;1;1;32;188
2022-02-22;"alle";59;59;59;59;59;59;59;59;59;59;59;59;370;370;370;370;370;370;370;370;370;370;370;370;NA;NA;NA;NA;NA;NA;NA;NA;NA;NA;NA;58;355
2022-02-21;"0-60";18;18;18;18;18;18;18;18;18;18;18;18;163;163;163;163;163;163;163;163;163;163;163;163;1;1;1;1;1;1;1;1;1;1;1;16;152
2022-02-21;"60+";13;13;13;13;13;13;13;13;13;13;13;13;178;178;178;178;178;178;178;178;178;178;178;178;1;1;1;1;1;1;1;1;1;1;1;13;171
2022-02-21;"alle";31;31;31;31;31;31;31;31;31;31;31;31;341;341;341;341;341;341;341;341;341;341;341;341;NA;NA;NA;NA;NA;NA;NA;NA;NA;NA;NA;29;326
2022-02-20;"0-60";16;16;16;16;16;16;16;16;16;16;16;16;154;154;154;154;154;154;154;154;154;154;154;154;1;1;1;1;1;1;1;1;1;1;1;16;143
2022-02-20;"60+";18;18;18;18;18;18;18;18;18;18;18;18;171;171;171;171;171;171;171;171;171;171;171;171;1;1;1;1;1;1;1;1;1;1;1;18;164
2022-02-20;"alle";34;34;34;34;34;34;34;34;34;34;34;34;325;325;325;325;325;325;325;325;325;325;325;325;NA;NA;NA;NA;NA;NA;NA;NA;NA;NA;NA;34;310
2022-02-19;"0-60";19;19;19;19;19;19;19;19;19;19;19;19;152;152;152;152;152;152;152;152;152;152;152;152;1;1;1;1;1;1;1;1;1;1;1;17;140
2022-02-19;"60+";23;23;23;23;23;23;23;23;23;23;23;23;173;173;173;173;173;173;173;173;173;173;173;173;1;1;1;1;1;1;1;1;1;1;1;21;166
2022-02-19;"alle";42;42;42;42;42;42;42;42;42;42;42;42;325;325;325;325;325;325;325;325;325;325;325;325;NA;NA;NA;NA;NA;NA;NA;NA;NA;NA;NA;38;309
2022-02-18;"0-60";28;28;28;28;28;28;28;28;28;28;28;28;157;157;157;157;157;157;157;157;157;157;157;157;1;1;1;1;1;1;1;1;1;1;1;25;144
2022-02-18;"60+";38;38;38;38;38;38;38;38;38;38;38;38;164;164;164;164;164;164;164;164;164;164;164;164;1;1;1;1;1;1;1;1;1;1;1;37;158
2022-02-18;"alle";66;66;66;66;66;66;66;66;66;66;66;66;321;321;321;321;321;321;321;321;321;321;321;321;NA;NA;NA;NA;NA;NA;NA;NA;NA;NA;NA;64;305
2022-02-17;"0-60";34;34;34;34;34;34;34;34;34;34;34;34;151;151;151;151;151;151;151;151;151;151;151;151;1;1;1;1;1;1;1;1;1;1;1;33;138
2022-02-17;"60+";32;32;32;32;32;32;32;32;32;32;32;32;157;157;157;157;157;157;157;157;157;157;157;157;1;1;1;1;1;1;1;1;1;1;1;31;150
2022-02-17;"alle";66;66;66;66;66;66;66;66;66;66;66;66;308;308;308;308;308;308;308;308;308;308;308;308;NA;NA;NA;NA;NA;NA;NA;NA;NA;NA;NA;64;289
2022-02-16;"0-60";34;34;34;34;34;34;34;34;34;34;34;34;142;142;142;142;142;142;142;142;142;142;142;142;1;1;1;1;1;1;1;1;1;1;1;32;127
2022-02-16;"60+";38;38;38;38;38;38;38;38;38;38;38;38;166;166;166;166;166;166;166;166;166;166;166;166;1;1;1;1;1;1;1;1;1;1;1;36;159
2022-02-16;"alle";72;72;72;72;72;72;72;72;72;72;72;72;308;308;308;308;308;308;308;308;308;308;308;308;NA;NA;NA;NA;NA;NA;NA;NA;NA;NA;NA;68;287
2022-02-15;"0-60";14;14;14;14;14;14;14;14;14;14;14;14;137;137;137;137;137;137;137;137;137;137;137;137;1;1;1;1;1;1;1;1;1;1;1;13;124
2022-02-15;"60+";16;16;16;16;16;16;16;16;16;16;16;16;159;159;159;159;159;159;159;159;159;159;159;159;1;1;1;1;1;1;1;1;1;1;1;15;154
2022-02-15;"alle";30;30;30;30;30;30;30;30;30;30;30;30;296;296;296;296;296;296;296;296;296;296;296;296;NA;NA;NA;NA;NA;NA;NA;NA;NA;NA;NA;29;279
2022-02-14;"0-60";9;9;9;9;9;9;9;9;9;9;9;9;141;141;141;141;141;141;141;141;141;141;141;141;1;1;1;1;1;1;1;1;1;1;1;7;129
2022-02-14;"60+";6;6;6;6;6;6;6;6;6;6;6;6;165;165;165;165;165;165;165;165;165;165;165;165;1;1;1;1;1;1;1;1;1;1;1;6;161
2022-02-14;"alle";15;15;15;15;15;15;15;15;15;15;15;15;306;306;306;306;306;306;306;306;306;306;306;306;NA;NA;NA;NA;NA;NA;NA;NA;NA;NA;NA;13;290
2022-02-13;"0-60";14;14;14;14;14;14;14;14;14;14;14;14;143;143;143;143;143;143;143;143;143;143;143;143;1;1;1;1;1;1;1;1;1;1;1;13;132
2022-02-13;"60+";20;20;20;20;20;20;20;20;20;20;20;20;171;171;171;171;171;171;171;171;171;171;171;171;1;1;1;1;1;1;1;1;1;1;1;20;167
2022-02-13;"alle";34;34;34;34;34;34;34;34;34;34;34;34;314;314;314;314;314;314;314;314;314;314;314;314;NA;NA;NA;NA;NA;NA;NA;NA;NA;NA;NA;33;299
2022-02-12;"0-60";24;24;24;24;24;24;24;24;24;24;24;24;141;141;141;141;141;141;141;141;141;141;141;141;1;1;1;1;1;1;1;1;1;1;1;21;130
2022-02-12;"60+";14;14;14;14;14;14;14;14;14;14;14;14;165;165;165;165;165;165;165;165;165;165;165;165;1;1;1;1;1;1;1;1;1;1;1;13;160
2022-02-12;"alle";38;38;38;38;38;38;38;38;38;38;38;38;306;306;306;306;306;306;306;306;306;306;306;306;NA;NA;NA;NA;NA;NA;NA;NA;NA;NA;NA;34;290
2022-02-11;"0-60";22;22;22;22;22;22;22;22;22;22;22;22;144;144;144;144;144;144;144;144;144;144;144;144;1;1;1;1;1;1;1;1;1;1;1;19;136
2022-02-11;"60+";31;31;31;31;31;31;31;31;31;31;31;31;167;167;167;167;167;167;167;167;167;167;167;167;1;1;1;1;1;1;1;1;1;1;1;29;162
2022-02-11;"alle";53;53;53;53;53;53;53;53;53;53;53;53;311;311;311;311;311;311;311;311;311;311;311;311;NA;NA;NA;NA;NA;NA;NA;NA;NA;NA;NA;48;298
2022-02-10;"0-60";25;25;25;25;25;25;25;25;25;25;25;25;138;138;138;138;138;138;138;138;138;138;138;138;1;1;1;1;1;1;1;1;1;1;1;22;131
2022-02-10;"60+";41;41;41;41;41;41;41;41;41;41;41;41;154;154;154;154;154;154;154;154;154;154;154;154;1;1;1;1;1;1;1;1;1;1;1;40;151
2022-02-10;"alle";66;66;66;66;66;66;66;66;66;66;66;66;292;292;292;292;292;292;292;292;292;292;292;292;NA;NA;NA;NA;NA;NA;NA;NA;NA;NA;NA;62;282
2022-02-09;"0-60";29;29;29;29;29;29;29;29;29;29;29;29;128;128;128;128;128;128;128;128;128;128;128;128;1;1;1;1;1;1;1;1;1;1;1;29;122
2022-02-09;"60+";31;31;31;31;31;31;31;31;31;31;31;31;130;130;130;130;130;130;130;130;130;130;130;130;1;1;1;1;1;1;1;1;1;1;1;31;127
2022-02-09;"alle";60;60;60;60;60;60;60;60;60;60;60;60;258;258;258;258;258;258;258;258;258;258;258;258;NA;NA;NA;NA;NA;NA;NA;NA;NA;NA;NA;60;249
2022-02-08;"0-60";18;18;18;18;18;18;18;18;18;18;18;18;119;119;119;119;119;119;119;119;119;119;119;119;1;1;1;1;1;1;1;1;1;1;1;18;113
2022-02-08;"60+";22;22;22;22;22;22;22;22;22;22;22;22;122;122;122;122;122;122;122;122;122;122;122;122;1;1;1;1;1;1;1;1;1;1;1;22;119
2022-02-08;"alle";40;40;40;40;40;40;40;40;40;40;40;40;241;241;241;241;241;241;241;241;241;241;241;241;NA;NA;NA;NA;NA;NA;NA;NA;NA;NA;NA;40;232
2022-02-07;"0-60";11;11;11;11;11;11;11;11;11;11;11;11;116;116;116;116;116;116;116;116;116;116;116;116;1;1;1;1;1;1;1;1;1;1;1;10;110
2022-02-07;"60+";12;12;12;12;12;12;12;12;12;12;12;12;111;111;111;111;111;111;111;111;111;111;111;111;1;1;1;1;1;1;1;1;1;1;1;12;108
2022-02-07;"alle";23;23;23;23;23;23;23;23;23;23;23;23;227;227;227;227;227;227;227;227;227;227;227;227;NA;NA;NA;NA;NA;NA;NA;NA;NA;NA;NA;22;218
2022-02-06;"0-60";12;12;12;12;12;12;12;12;12;12;12;12;110;110;110;110;110;110;110;110;110;110;110;110;1;1;1;1;1;1;1;1;1;1;1;11;105
2022-02-06;"60+";14;14;14;14;14;14;14;14;14;14;14;14;108;108;108;108;108;108;108;108;108;108;108;108;1;1;1;1;1;1;1;1;1;1;1;13;104
2022-02-06;"alle";26;26;26;26;26;26;26;26;26;26;26;26;218;218;218;218;218;218;218;218;218;218;218;218;NA;NA;NA;NA;NA;NA;NA;NA;NA;NA;NA;24;209
2022-02-05;"0-60";27;27;27;27;27;27;27;27;27;27;27;27;103;103;103;103;103;103;103;103;103;103;103;103;1;1;1;1;1;1;1;1;1;1;1;27;99
2022-02-05;"60+";16;16;16;16;16;16;16;16;16;16;16;16;106;106;106;106;106;106;106;106;106;106;106;106;1;1;1;1;1;1;1;1;1;1;1;15;103
2022-02-05;"alle";43;43;43;43;43;43;43;43;43;43;43;43;209;209;209;209;209;209;209;209;209;209;209;209;NA;NA;NA;NA;NA;NA;NA;NA;NA;NA;NA;42;202
2022-02-04;"0-60";16;16;16;16;16;16;16;16;16;16;16;16;89;89;89;89;89;89;89;89;89;89;89;89;1;1;1;1;1;1;1;1;1;1;1;14;85
2022-02-04;"60+";18;18;18;18;18;18;18;18;18;18;18;18;102;102;102;102;102;102;102;102;102;102;102;102;1;1;1;1;1;1;1;1;1;1;1;18;98
2022-02-04;"alle";34;34;34;34;34;34;34;34;34;34;34;34;191;191;191;191;191;191;191;191;191;191;191;191;NA;NA;NA;NA;NA;NA;NA;NA;NA;NA;NA;32;183
2022-02-03;"0-60";15;15;15;15;15;15;15;15;15;15;15;15;85;85;85;85;85;85;85;85;85;85;85;85;1;1;1;1;1;1;1;1;1;1;1;13;83
2022-02-03;"60+";17;17;17;17;17;17;17;17;17;17;17;17;95;95;95;95;95;95;95;95;95;95;95;95;1;1;1;1;1;1;1;1;1;1;1;16;90
2022-02-03;"alle";32;32;32;32;32;32;32;32;32;32;32;32;180;180;180;180;180;180;180;180;180;180;180;180;NA;NA;NA;NA;NA;NA;NA;NA;NA;NA;NA;29;173
2022-02-02;"0-60";20;20;20;20;20;20;20;20;20;20;20;20;89;89;89;89;89;89;89;89;89;89;89;89;1;1;1;1;1;1;1;1;1;1;1;20;89
2022-02-02;"60+";23;23;23;23;23;23;23;23;23;23;23;23;91;91;91;91;91;91;91;91;91;91;91;91;1;1;1;1;1;1;1;1;1;1;1;23;86
2022-02-02;"alle";43;43;43;43;43;43;43;43;43;43;43;43;180;180;180;180;180;180;180;180;180;180;180;180;NA;NA;NA;NA;NA;NA;NA;NA;NA;NA;NA;43;175
2022-02-01;"0-60";15;15;15;15;15;15;15;15;15;15;15;15;83;83;83;83;83;83;83;83;83;83;83;83;1;1;1;1;1;1;1;1;1;1;1;15;82
2022-02-01;"60+";11;11;11;11;11;11;11;11;11;11;11;11;84;84;84;84;84;84;84;84;84;84;84;84;1;1;1;1;1;1;1;1;1;1;1;11;79
2022-02-01;"alle";26;26;26;26;26;26;26;26;26;26;26;26;167;167;167;167;167;167;167;167;167;167;167;167;NA;NA;NA;NA;NA;NA;NA;NA;NA;NA;NA;26;161
2022-01-31;"0-60";5;5;5;5;5;5;5;5;5;5;5;5;93;93;93;93;93;93;93;93;93;93;93;93;1;1;1;1;1;1;1;1;1;1;1;5;92
2022-01-31;"60+";9;9;9;9;9;9;9;9;9;9;9;9;79;79;79;79;79;79;79;79;79;79;79;79;1;1;1;1;1;1;1;1;1;1;1;8;74
2022-01-31;"alle";14;14;14;14;14;14;14;14;14;14;14;14;172;172;172;172;172;172;172;172;172;172;172;172;NA;NA;NA;NA;NA;NA;NA;NA;NA;NA;NA;13;166
2022-01-30;"0-60";5;5;5;5;5;5;5;5;5;5;5;5;89;89;89;89;89;89;89;89;89;89;89;89;1;1;1;1;1;1;1;1;1;1;1;5;88
2022-01-30;"60+";12;12;12;12;12;12;12;12;12;12;12;12;74;74;74;74;74;74;74;74;74;74;74;74;1;1;1;1;1;1;1;1;1;1;1;12;70
2022-01-30;"alle";17;17;17;17;17;17;17;17;17;17;17;17;163;163;163;163;163;163;163;163;163;163;163;163;NA;NA;NA;NA;NA;NA;NA;NA;NA;NA;NA;17;158
2022-01-29;"0-60";13;13;13;13;13;13;13;13;13;13;13;13;92;92;92;92;92;92;92;92;92;92;92;92;1;1;1;1;1;1;1;1;1;1;1;13;91
2022-01-29;"60+";12;12;12;12;12;12;12;12;12;12;12;12;71;71;71;71;71;71;71;71;71;71;71;71;1;1;1;1;1;1;1;1;1;1;1;10;67
2022-01-29;"alle";25;25;25;25;25;25;25;25;25;25;25;25;163;163;163;163;163;163;163;163;163;163;163;163;NA;NA;NA;NA;NA;NA;NA;NA;NA;NA;NA;23;158
2022-01-28;"0-60";12;12;12;12;12;12;12;12;12;12;12;12;93;93;93;93;93;93;93;93;93;93;93;93;1;1;1;1;1;1;1;1;1;1;1;12;92
2022-01-28;"60+";11;11;11;11;11;11;11;11;11;11;11;11;70;70;70;70;70;70;70;70;70;70;70;70;1;1;1;1;1;1;1;1;1;1;1;10;68
2022-01-28;"alle";23;23;23;23;23;23;23;23;23;23;23;23;163;163;163;163;163;163;163;163;163;163;163;163;NA;NA;NA;NA;NA;NA;NA;NA;NA;NA;NA;22;160
2022-01-27;"0-60";19;19;19;19;19;19;19;19;19;19;19;19;96;96;96;96;96;96;96;96;96;96;96;96;1;1;1;1;1;1;1;1;1;1;1;19;94
2022-01-27;"60+";13;13;13;13;13;13;13;13;13;13;13;13;76;76;76;76;76;76;76;76;76;76;76;76;1;1;1;1;1;1;1;1;1;1;1;12;74
2022-01-27;"alle";32;32;32;32;32;32;32;32;32;32;32;32;172;172;172;172;172;172;172;172;172;172;172;172;NA;NA;NA;NA;NA;NA;NA;NA;NA;NA;NA;31;168
2022-01-26;"0-60";14;14;14;14;14;14;14;14;14;14;14;14;87;87;87;87;87;87;87;87;87;87;87;87;1;1;1;1;1;1;1;1;1;1;1;13;84
2022-01-26;"60+";16;16;16;16;16;16;16;16;16;16;16;16;76;76;76;76;76;76;76;76;76;76;76;76;1;1;1;1;1;1;1;1;1;1;1;16;75
2022-01-26;"alle";30;30;30;30;30;30;30;30;30;30;30;30;163;163;163;163;163;163;163;163;163;163;163;163;NA;NA;NA;NA;NA;NA;NA;NA;NA;NA;NA;29;159
2022-01-25;"0-60";25;25;25;25;25;25;25;25;25;25;25;25;82;82;82;82;82;82;82;82;82;82;82;82;1;1;1;1;1;1;1;1;1;1;1;25;80
2022-01-25;"60+";6;6;6;6;6;6;6;6;6;6;6;6;76;76;76;76;76;76;76;76;76;76;76;76;1;1;1;1;1;1;1;1;1;1;1;6;75
2022-01-25;"alle";31;31;31;31;31;31;31;31;31;31;31;31;158;158;158;158;158;158;158;158;158;158;158;158;NA;NA;NA;NA;NA;NA;NA;NA;NA;NA;NA;31;155
2022-01-24;"0-60";1;1;1;1;1;1;1;1;1;1;1;1;72;72;72;72;72;72;72;72;72;72;72;72;1;1;1;1;1;1;1;1;1;1;1;1;70
2022-01-24;"60+";4;4;4;4;4;4;4;4;4;4;4;4;90;90;90;90;90;90;90;90;90;90;90;90;1;1;1;1;1;1;1;1;1;1;1;4;89
2022-01-24;"alle";5;5;5;5;5;5;5;5;5;5;5;5;162;162;162;162;162;162;162;162;162;162;162;162;NA;NA;NA;NA;NA;NA;NA;NA;NA;NA;NA;5;159
2022-01-23;"0-60";8;8;8;8;8;8;8;8;8;8;8;8;71;71;71;71;71;71;71;71;71;71;71;71;1;1;1;1;1;1;1;1;1;1;1;8;69
2022-01-23;"60+";9;9;9;9;9;9;9;9;9;9;9;9;88;88;88;88;88;88;88;88;88;88;88;88;1;1;1;1;1;1;1;1;1;1;1;9;87
2022-01-23;"alle";17;17;17;17;17;17;17;17;17;17;17;17;159;159;159;159;159;159;159;159;159;159;159;159;NA;NA;NA;NA;NA;NA;NA;NA;NA;NA;NA;17;156
2022-01-22;"0-60";14;14;14;14;14;14;14;14;14;14;14;14;70;70;70;70;70;70;70;70;70;70;70;70;1;1;1;1;1;1;1;1;1;1;1;14;68
2022-01-22;"60+";11;11;11;11;11;11;11;11;11;11;11;11;87;87;87;87;87;87;87;87;87;87;87;87;1;1;1;1;1;1;1;1;1;1;1;11;86
2022-01-22;"alle";25;25;25;25;25;25;25;25;25;25;25;25;157;157;157;157;157;157;157;157;157;157;157;157;NA;NA;NA;NA;NA;NA;NA;NA;NA;NA;NA;25;154
2022-01-21;"0-60";15;15;15;15;15;15;15;15;15;15;15;15;68;68;68;68;68;68;68;68;68;68;68;68;1;1;1;1;1;1;1;1;1;1;1;14;66
2022-01-21;"60+";17;17;17;17;17;17;17;17;17;17;17;17;85;85;85;85;85;85;85;85;85;85;85;85;1;1;1;1;1;1;1;1;1;1;1;16;84
2022-01-21;"alle";32;32;32;32;32;32;32;32;32;32;32;32;153;153;153;153;153;153;153;153;153;153;153;153;NA;NA;NA;NA;NA;NA;NA;NA;NA;NA;NA;30;150
2022-01-20;"0-60";10;10;10;10;10;10;10;10;10;10;10;10;60;60;60;60;60;60;60;60;60;60;60;60;1;1;1;1;1;1;1;1;1;1;1;9;59
2022-01-20;"60+";13;13;13;13;13;13;13;13;13;13;13;13;79;79;79;79;79;79;79;79;79;79;79;79;1;1;1;1;1;1;1;1;1;1;1;13;79
2022-01-20;"alle";23;23;23;23;23;23;23;23;23;23;23;23;139;139;139;139;139;139;139;139;139;139;139;139;NA;NA;NA;NA;NA;NA;NA;NA;NA;NA;NA;22;138
2022-01-19;"0-60";9;9;9;9;9;9;9;9;9;9;9;9;54;54;54;54;54;54;54;54;54;54;54;54;1;1;1;1;1;1;1;1;1;1;1;9;54
2022-01-19;"60+";16;16;16;16;16;16;16;16;16;16;16;16;83;83;83;83;83;83;83;83;83;83;83;83;1;1;1;1;1;1;1;1;1;1;1;16;82
2022-01-19;"alle";25;25;25;25;25;25;25;25;25;25;25;25;137;137;137;137;137;137;137;137;137;137;137;137;NA;NA;NA;NA;NA;NA;NA;NA;NA;NA;NA;25;136
2022-01-18;"0-60";15;15;15;15;15;15;15;15;15;15;15;15;56;56;56;56;56;56;56;56;56;56;56;56;1;1;1;1;1;1;1;1;1;1;1;15;55
2022-01-18;"60+";20;20;20;20;20;20;20;20;20;20;20;20;87;87;87;87;87;87;87;87;87;87;87;87;1;1;1;1;1;1;1;1;1;1;1;20;86
2022-01-18;"alle";35;35;35;35;35;35;35;35;35;35;35;35;143;143;143;143;143;143;143;143;143;143;143;143;NA;NA;NA;NA;NA;NA;NA;NA;NA;NA;NA;35;141
2022-01-17;"0-60";0;0;0;0;0;0;0;0;0;0;0;0;47;47;47;47;47;47;47;47;47;47;47;47;1;1;1;1;1;1;1;1;1;1;1;0;46
2022-01-17;"60+";2;2;2;2;2;2;2;2;2;2;2;2;87;87;87;87;87;87;87;87;87;87;87;87;1;1;1;1;1;1;1;1;1;1;1;2;86
2022-01-17;"alle";2;2;2;2;2;2;2;2;2;2;2;2;134;134;134;134;134;134;134;134;134;134;134;134;NA;NA;NA;NA;NA;NA;NA;NA;NA;NA;NA;2;132
2022-01-16;"0-60";7;7;7;7;7;7;7;7;7;7;7;7;51;51;51;51;51;51;51;51;51;51;51;51;1;1;1;1;1;1;1;1;1;1;1;7;50
2022-01-16;"60+";8;8;8;8;8;8;8;8;8;8;8;8;92;92;92;92;92;92;92;92;92;92;92;92;1;1;1;1;1;1;1;1;1;1;1;8;91
2022-01-16;"alle";15;15;15;15;15;15;15;15;15;15;15;15;143;143;143;143;143;143;143;143;143;143;143;143;NA;NA;NA;NA;NA;NA;NA;NA;NA;NA;NA;15;141
2022-01-15;"0-60";12;12;12;12;12;12;12;12;12;12;12;12;52;52;52;52;52;52;52;52;52;52;52;52;1;1;1;1;1;1;1;1;1;1;1;12;49
2022-01-15;"60+";9;9;9;9;9;9;9;9;9;9;9;9;98;98;98;98;98;98;98;98;98;98;98;98;1;1;1;1;1;1;1;1;1;1;1;9;97
2022-01-15;"alle";21;21;21;21;21;21;21;21;21;21;21;21;150;150;150;150;150;150;150;150;150;150;150;150;NA;NA;NA;NA;NA;NA;NA;NA;NA;NA;NA;21;146
2022-01-14;"0-60";7;7;7;7;7;7;7;7;7;7;7;7;47;47;47;47;47;47;47;47;47;47;47;47;1;1;1;1;1;1;1;1;1;1;1;7;44
2022-01-14;"60+";11;11;11;11;11;11;11;11;11;11;11;11;109;109;109;109;109;109;109;109;109;109;109;109;1;1;1;1;1;1;1;1;1;1;1;11;108
2022-01-14;"alle";18;18;18;18;18;18;18;18;18;18;18;18;156;156;156;156;156;156;156;156;156;156;156;156;NA;NA;NA;NA;NA;NA;NA;NA;NA;NA;NA;18;152
2022-01-13;"0-60";4;4;4;4;4;4;4;4;4;4;4;4;50;50;50;50;50;50;50;50;50;50;50;50;1;1;1;1;1;1;1;1;1;1;1;4;47
2022-01-13;"60+";17;17;17;17;17;17;17;17;17;17;17;17;132;132;132;132;132;132;132;132;132;132;132;132;1;1;1;1;1;1;1;1;1;1;1;16;130
2022-01-13;"alle";21;21;21;21;21;21;21;21;21;21;21;21;182;182;182;182;182;182;182;182;182;182;182;182;NA;NA;NA;NA;NA;NA;NA;NA;NA;NA;NA;20;177
2022-01-12;"0-60";11;11;11;11;11;11;11;11;11;11;11;11;61;61;61;61;61;61;61;61;61;61;61;61;1;1;1;1;1;1;1;1;1;1;1;10;57
2022-01-12;"60+";20;20;20;20;20;20;20;20;20;20;20;20;154;154;154;154;154;154;154;154;154;154;154;154;1;1;1;1;1;1;1;1;1;1;1;20;152
2022-01-12;"alle";31;31;31;31;31;31;31;31;31;31;31;31;215;215;215;215;215;215;215;215;215;215;215;215;NA;NA;NA;NA;NA;NA;NA;NA;NA;NA;NA;30;210
2022-01-11;"0-60";6;6;6;6;6;6;6;6;6;6;6;6;68;68;68;68;68;68;68;68;68;68;68;68;1;1;1;1;1;1;1;1;1;1;1;6;63
2022-01-11;"60+";20;20;20;20;20;20;20;20;20;20;20;20;177;177;177;177;177;177;177;177;177;177;177;177;1;1;1;1;1;1;1;1;1;1;1;20;175
2022-01-11;"alle";26;26;26;26;26;26;26;26;26;26;26;26;245;245;245;245;245;245;245;245;245;245;245;245;NA;NA;NA;NA;NA;NA;NA;NA;NA;NA;NA;26;239
2022-01-10;"0-60";4;4;4;4;4;4;4;4;4;4;4;4;86;86;86;86;86;86;86;86;86;86;86;86;1;1;1;1;1;1;1;1;1;1;1;4;79
2022-01-10;"60+";7;7;7;7;7;7;7;7;7;7;7;7;189;189;189;189;189;189;189;189;189;189;189;189;1;1;1;1;1;1;1;1;1;1;1;7;187
2022-01-10;"alle";11;11;11;11;11;11;11;11;11;11;11;11;275;275;275;275;275;275;275;275;275;275;275;275;NA;NA;NA;NA;NA;NA;NA;NA;NA;NA;NA;11;267
2022-01-09;"0-60";8;8;8;8;8;8;8;8;8;8;8;8;92;92;92;92;92;92;92;92;92;92;92;92;1;1;1;1;1;1;1;1;1;1;1;6;85
2022-01-09;"60+";14;14;14;14;14;14;14;14;14;14;14;14;195;195;195;195;195;195;195;195;195;195;195;195;1;1;1;1;1;1;1;1;1;1;1;14;193
2022-01-09;"alle";22;22;22;22;22;22;22;22;22;22;22;22;287;287;287;287;287;287;287;287;287;287;287;287;NA;NA;NA;NA;NA;NA;NA;NA;NA;NA;NA;20;279
2022-01-08;"0-60";7;7;7;7;7;7;7;7;7;7;7;7;95;95;95;95;95;95;95;95;95;95;95;95;1;1;1;1;1;1;1;1;1;1;1;7;90
2022-01-08;"60+";20;20;20;20;20;20;20;20;20;20;20;20;202;202;202;202;202;202;202;202;202;202;202;202;1;1;1;1;1;1;1;1;1;1;1;20;200
2022-01-08;"alle";27;27;27;27;27;27;27;27;27;27;27;27;297;297;297;297;297;297;297;297;297;297;297;297;NA;NA;NA;NA;NA;NA;NA;NA;NA;NA;NA;27;291
2022-01-07;"0-60";10;10;10;10;10;10;10;10;10;10;10;10;100;100;100;100;100;100;100;100;100;100;100;100;1;1;1;1;1;1;1;1;1;1;1;10;93
2022-01-07;"60+";34;34;34;34;34;34;34;34;34;34;34;34;215;215;215;215;215;215;215;215;215;215;215;215;1;1;1;1;1;1;1;1;1;1;1;33;213
2022-01-07;"alle";44;44;44;44;44;44;44;44;44;44;44;44;315;315;315;315;315;315;315;315;315;315;315;315;NA;NA;NA;NA;NA;NA;NA;NA;NA;NA;NA;43;307
2022-01-06;"0-60";15;15;15;15;15;15;15;15;15;15;15;15;110;110;110;110;110;110;110;110;110;110;110;110;1;1;1;1;1;1;1;1;1;1;1;14;103
2022-01-06;"60+";39;39;39;39;39;39;39;39;39;39;39;39;222;222;222;222;222;222;222;222;222;222;222;222;1;1;1;1;1;1;1;1;1;1;1;38;221
2022-01-06;"alle";54;54;54;54;54;54;54;54;54;54;54;54;332;332;332;332;332;332;332;332;332;332;332;332;NA;NA;NA;NA;NA;NA;NA;NA;NA;NA;NA;53;325
2022-01-05;"0-60";18;18;18;18;18;18;18;18;18;18;18;18;114;114;114;114;114;114;114;114;114;114;114;114;1;1;1;1;1;1;1;1;1;1;1;16;108
2022-01-05;"60+";43;43;43;43;43;43;43;43;43;43;43;43;244;244;244;244;244;244;244;244;244;244;244;244;1;1;1;1;1;1;1;1;1;1;1;43;243
2022-01-05;"alle";61;61;61;61;61;61;61;61;61;61;61;61;358;358;358;358;358;358;358;358;358;358;358;358;NA;NA;NA;NA;NA;NA;NA;NA;NA;NA;NA;59;351
2022-01-04;"0-60";24;24;24;24;24;24;24;24;24;24;24;24;124;124;124;124;124;124;124;124;124;124;124;124;1;1;1;1;1;1;1;1;1;1;1;22;120
2022-01-04;"60+";32;32;32;32;32;32;32;32;32;32;32;32;267;267;267;267;267;267;267;267;267;267;267;267;1;1;1;1;1;1;1;1;1;1;1;32;266
2022-01-04;"alle";56;56;56;56;56;56;56;56;56;56;56;56;391;391;391;391;391;391;391;391;391;391;391;391;NA;NA;NA;NA;NA;NA;NA;NA;NA;NA;NA;54;386
2022-01-03;"0-60";10;10;10;10;10;10;10;10;10;10;10;10;117;117;117;117;117;117;117;117;117;117;117;117;1;1;1;1;1;1;1;1;1;1;1;10;114
2022-01-03;"60+";13;13;13;13;13;13;13;13;13;13;13;13;293;293;293;293;293;293;293;293;293;293;293;293;1;1;1;1;1;1;1;1;1;1;1;13;291
2022-01-03;"alle";23;23;23;23;23;23;23;23;23;23;23;23;410;410;410;410;410;410;410;410;410;410;410;410;NA;NA;NA;NA;NA;NA;NA;NA;NA;NA;NA;23;405
2022-01-02;"0-60";11;11;11;11;11;11;11;11;11;11;11;11;112;112;112;112;112;112;112;112;112;112;112;112;1;1;1;1;1;1;1;1;1;1;1;11;109
2022-01-02;"60+";21;21;21;21;21;21;21;21;21;21;21;21;296;296;296;296;296;296;296;296;296;296;296;296;1;1;1;1;1;1;1;1;1;1;1;21;294
2022-01-02;"alle";32;32;32;32;32;32;32;32;32;32;32;32;408;408;408;408;408;408;408;408;408;408;408;408;NA;NA;NA;NA;NA;NA;NA;NA;NA;NA;NA;32;403
2022-01-01;"0-60";12;12;12;12;12;12;12;12;12;12;12;12;104;104;104;104;104;104;104;104;104;104;104;104;1;1;1;1;1;1;1;1;1;1;1;10;100
2022-01-01;"60+";33;33;33;33;33;33;33;33;33;33;33;33;292;292;292;292;292;292;292;292;292;292;292;292;1;1;1;1;1;1;1;1;1;1;1;33;289
2022-01-01;"alle";45;45;45;45;45;45;45;45;45;45;45;45;396;396;396;396;396;396;396;396;396;396;396;396;NA;NA;NA;NA;NA;NA;NA;NA;NA;NA;NA;43;389
2021-12-31;"0-60";20;20;20;20;20;20;20;20;20;20;20;20;107;107;107;107;107;107;107;107;107;107;107;107;1;1;1;1;1;1;1;1;1;1;1;20;104
2021-12-31;"60+";41;41;41;41;41;41;41;41;41;41;41;41;292;292;292;292;292;292;292;292;292;292;292;292;1;1;1;1;1;1;1;1;1;1;1;41;288
2021-12-31;"alle";61;61;61;61;61;61;61;61;61;61;61;61;399;399;399;399;399;399;399;399;399;399;399;399;NA;NA;NA;NA;NA;NA;NA;NA;NA;NA;NA;61;392
2021-12-30;"0-60";19;19;19;19;19;19;19;19;19;19;19;19;115;115;115;115;115;115;115;115;115;115;115;115;1;1;1;1;1;1;1;1;1;1;1;19;110
2021-12-30;"60+";61;61;61;61;61;61;61;61;61;61;61;61;294;294;294;294;294;294;294;294;294;294;294;294;1;1;1;1;1;1;1;1;1;1;1;60;290
2021-12-30;"alle";80;80;80;80;80;80;80;80;80;80;80;80;409;409;409;409;409;409;409;409;409;409;409;409;NA;NA;NA;NA;NA;NA;NA;NA;NA;NA;NA;79;400
2021-12-29;"0-60";28;28;28;28;28;28;28;28;28;28;28;28;119;119;119;119;119;119;119;119;119;119;119;119;1;1;1;1;1;1;1;1;1;1;1;28;114
2021-12-29;"60+";66;66;66;66;66;66;66;66;66;66;66;66;296;296;296;296;296;296;296;296;296;296;296;296;1;1;1;1;1;1;1;1;1;1;1;66;293
2021-12-29;"alle";94;94;94;94;94;94;94;94;94;94;94;94;415;415;415;415;415;415;415;415;415;415;415;415;NA;NA;NA;NA;NA;NA;NA;NA;NA;NA;NA;94;407
2021-12-28;"0-60";17;17;17;17;17;17;17;17;17;17;17;17;124;124;124;124;124;124;124;124;124;124;124;124;1;1;1;1;1;1;1;1;1;1;1;16;119
2021-12-28;"60+";58;58;58;58;58;58;58;58;58;58;58;58;297;297;297;297;297;297;297;297;297;297;297;297;1;1;1;1;1;1;1;1;1;1;1;57;294
2021-12-28;"alle";75;75;75;75;75;75;75;75;75;75;75;75;421;421;421;421;421;421;421;421;421;421;421;421;NA;NA;NA;NA;NA;NA;NA;NA;NA;NA;NA;73;413
2021-12-27;"0-60";5;5;5;5;5;5;5;5;5;5;5;5;137;137;137;137;137;137;137;137;137;137;137;137;1;1;1;1;1;1;1;1;1;1;1;5;133
2021-12-27;"60+";16;16;16;16;16;16;16;16;16;16;16;16;307;307;307;307;307;307;307;307;307;307;307;307;1;1;1;1;1;1;1;1;1;1;1;16;304
2021-12-27;"alle";21;21;21;21;21;21;21;21;21;21;21;21;444;444;444;444;444;444;444;444;444;444;444;444;NA;NA;NA;NA;NA;NA;NA;NA;NA;NA;NA;21;438
2021-12-26;"0-60";3;3;3;3;3;3;3;3;3;3;3;3;140;140;140;140;140;140;140;140;140;140;140;140;1;1;1;1;1;1;1;1;1;1;1;2;136
2021-12-26;"60+";17;17;17;17;17;17;17;17;17;17;17;17;331;331;331;331;331;331;331;331;331;331;331;331;1;1;1;1;1;1;1;1;1;1;1;16;325
2021-12-26;"alle";20;20;20;20;20;20;20;20;20;20;20;20;471;471;471;471;471;471;471;471;471;471;471;471;NA;NA;NA;NA;NA;NA;NA;NA;NA;NA;NA;18;462
2021-12-25;"0-60";15;15;15;15;15;15;15;15;15;15;15;15;167;167;167;167;167;167;167;167;167;167;167;167;1;1;1;1;1;1;1;1;1;1;1;14;164
2021-12-25;"60+";33;33;33;33;33;33;33;33;33;33;33;33;360;360;360;360;360;360;360;360;360;360;360;360;1;1;1;1;1;1;1;1;1;1;1;32;353
2021-12-25;"alle";48;48;48;48;48;48;48;48;48;48;48;48;527;527;527;527;527;527;527;527;527;527;527;527;NA;NA;NA;NA;NA;NA;NA;NA;NA;NA;NA;46;518
2021-12-24;"0-60";28;28;28;28;28;28;28;28;28;28;28;28;176;176;176;176;176;176;176;176;176;176;176;176;1;1;1;1;1;1;1;1;1;1;1;26;173
2021-12-24;"60+";43;43;43;43;43;43;43;43;43;43;43;43;402;402;402;402;402;402;402;402;402;402;402;402;1;1;1;1;1;1;1;1;1;1;1;43;396
2021-12-24;"alle";71;71;71;71;71;71;71;71;71;71;71;71;578;578;578;578;578;578;578;578;578;578;578;578;NA;NA;NA;NA;NA;NA;NA;NA;NA;NA;NA;69;570
2021-12-23;"0-60";23;23;23;23;23;23;23;23;23;23;23;23;185;185;185;185;185;185;185;185;185;185;185;185;1;1;1;1;1;1;1;1;1;1;1;23;181
2021-12-23;"60+";63;63;63;63;63;63;63;63;63;63;63;63;424;424;424;424;424;424;424;424;424;424;424;424;1;1;1;1;1;1;1;1;1;1;1;63;417
2021-12-23;"alle";86;86;86;86;86;86;86;86;86;86;86;86;609;609;609;609;609;609;609;609;609;609;609;609;NA;NA;NA;NA;NA;NA;NA;NA;NA;NA;NA;86;599
2021-12-22;"0-60";33;33;33;33;33;33;33;33;33;33;33;33;201;201;201;201;201;201;201;201;201;201;201;201;1;1;1;1;1;1;1;1;1;1;1;33;197
2021-12-22;"60+";67;67;67;67;67;67;67;67;67;67;67;67;432;432;432;432;432;432;432;432;432;432;432;432;1;1;1;1;1;1;1;1;1;1;1;67;423
2021-12-22;"alle";100;100;100;100;100;100;100;100;100;100;100;100;633;633;633;633;633;633;633;633;633;633;633;633;NA;NA;NA;NA;NA;NA;NA;NA;NA;NA;NA;100;621
2021-12-21;"0-60";30;30;30;30;30;30;30;30;30;30;30;30;204;204;204;204;204;204;204;204;204;204;204;204;1;1;1;1;1;1;1;1;1;1;1;30;198
2021-12-21;"60+";68;68;68;68;68;68;68;68;68;68;68;68;453;453;453;453;453;453;453;453;453;453;453;453;1;1;1;1;1;1;1;1;1;1;1;67;443
2021-12-21;"alle";98;98;98;98;98;98;98;98;98;98;98;98;657;657;657;657;657;657;657;657;657;657;657;657;NA;NA;NA;NA;NA;NA;NA;NA;NA;NA;NA;98;642
2021-12-20;"0-60";8;8;8;8;8;8;8;8;8;8;8;8;215;215;215;215;215;215;215;215;215;215;215;215;1;1;1;1;1;1;1;1;1;1;1;8;208
2021-12-20;"60+";40;40;40;40;40;40;40;40;40;40;40;40;469;469;469;469;469;469;469;469;469;469;469;469;1;1;1;1;1;1;1;1;1;1;1;37;459
2021-12-20;"alle";48;48;48;48;48;48;48;48;48;48;48;48;684;684;684;684;684;684;684;684;684;684;684;684;NA;NA;NA;NA;NA;NA;NA;NA;NA;NA;NA;45;667
2021-12-19;"0-60";30;30;30;30;30;30;30;30;30;30;30;30;226;226;226;226;226;226;226;226;226;226;226;226;1;1;1;1;1;1;1;1;1;1;1;30;218
2021-12-19;"60+";46;46;46;46;46;46;46;46;46;46;46;46;466;466;466;466;466;466;466;466;466;466;466;466;1;1;1;1;1;1;1;1;1;1;1;44;459
2021-12-19;"alle";76;76;76;76;76;76;76;76;76;76;76;76;692;692;692;692;692;692;692;692;692;692;692;692;NA;NA;NA;NA;NA;NA;NA;NA;NA;NA;NA;74;677
2021-12-18;"0-60";24;24;24;24;24;24;24;24;24;24;24;24;214;214;214;214;214;214;214;214;214;214;214;214;1;1;1;1;1;1;1;1;1;1;1;23;206
2021-12-18;"60+";75;75;75;75;75;75;75;75;75;75;75;75;482;482;482;482;482;482;482;482;482;482;482;482;1;1;1;1;1;1;1;1;1;1;1;75;475
2021-12-18;"alle";99;99;99;99;99;99;99;99;99;99;99;99;696;696;696;696;696;696;696;696;696;696;696;696;NA;NA;NA;NA;NA;NA;NA;NA;NA;NA;NA;98;682
2021-12-17;"0-60";37;37;37;37;37;37;37;37;37;37;37;37;228;228;228;228;228;228;228;228;228;228;228;228;1;1;1;1;1;1;1;1;1;1;1;34;219
2021-12-17;"60+";65;65;65;65;65;65;65;65;65;65;65;65;461;461;461;461;461;461;461;461;461;461;461;461;1;1;1;1;1;1;1;1;1;1;1;64;452
2021-12-17;"alle";102;102;102;102;102;102;102;102;102;102;102;102;689;689;689;689;689;689;689;689;689;689;689;689;NA;NA;NA;NA;NA;NA;NA;NA;NA;NA;NA;98;672
2021-12-16;"0-60";39;39;39;39;39;39;39;39;39;39;39;39;234;234;234;234;234;234;234;234;234;234;234;234;1;1;1;1;1;1;1;1;1;1;1;39;228
2021-12-16;"60+";71;71;71;71;71;71;71;71;71;71;71;71;461;461;461;461;461;461;461;461;461;461;461;461;1;1;1;1;1;1;1;1;1;1;1;69;451
2021-12-16;"alle";110;110;110;110;110;110;110;110;110;110;110;110;695;695;695;695;695;695;695;695;695;695;695;695;NA;NA;NA;NA;NA;NA;NA;NA;NA;NA;NA;108;680
2021-12-15;"0-60";36;36;36;36;36;36;36;36;36;36;36;36;239;239;239;239;239;239;239;239;239;239;239;239;1;1;1;1;1;1;1;1;1;1;1;34;233
2021-12-15;"60+";88;88;88;88;88;88;88;88;88;88;88;88;486;486;486;486;486;486;486;486;486;486;486;486;1;1;1;1;1;1;1;1;1;1;1;87;475
2021-12-15;"alle";124;124;124;124;124;124;124;124;124;124;124;124;725;725;725;725;725;725;725;725;725;725;725;725;NA;NA;NA;NA;NA;NA;NA;NA;NA;NA;NA;121;709
2021-12-14;"0-60";41;41;41;41;41;41;41;41;41;41;41;41;255;255;255;255;255;255;255;255;255;255;255;255;1;1;1;1;1;1;1;1;1;1;1;40;249
2021-12-14;"60+";84;84;84;84;84;84;84;84;84;84;84;84;492;492;492;492;492;492;492;492;492;492;492;492;1;1;1;1;1;1;1;1;1;1;1;83;481
2021-12-14;"alle";125;125;125;125;125;125;125;125;125;125;125;125;747;747;747;747;747;747;747;747;747;747;747;747;NA;NA;NA;NA;NA;NA;NA;NA;NA;NA;NA;123;731
2021-12-13;"0-60";19;19;19;19;19;19;19;19;19;19;19;19;251;251;251;251;251;251;251;251;251;251;251;251;1;1;1;1;1;1;1;1;1;1;1;18;244
2021-12-13;"60+";37;37;37;37;37;37;37;37;37;37;37;37;502;502;502;502;502;502;502;502;502;502;502;502;1;1;1;1;1;1;1;1;1;1;1;37;491
2021-12-13;"alle";56;56;56;56;56;56;56;56;56;56;56;56;753;753;753;753;753;753;753;753;753;753;753;753;NA;NA;NA;NA;NA;NA;NA;NA;NA;NA;NA;55;736
2021-12-12;"0-60";18;18;18;18;18;18;18;18;18;18;18;18;244;244;244;244;244;244;244;244;244;244;244;244;1;1;1;1;1;1;1;1;1;1;1;18;237
2021-12-12;"60+";62;62;62;62;62;62;62;62;62;62;62;62;496;496;496;496;496;496;496;496;496;496;496;496;1;1;1;1;1;1;1;1;1;1;1;60;484
2021-12-12;"alle";80;80;80;80;80;80;80;80;80;80;80;80;740;740;740;740;740;740;740;740;740;740;740;740;NA;NA;NA;NA;NA;NA;NA;NA;NA;NA;NA;79;722
2021-12-11;"0-60";38;38;38;38;38;38;38;38;38;38;38;38;245;245;245;245;245;245;245;245;245;245;245;245;1;1;1;1;1;1;1;1;1;1;1;36;237
2021-12-11;"60+";54;54;54;54;54;54;54;54;54;54;54;54;481;481;481;481;481;481;481;481;481;481;481;481;1;1;1;1;1;1;1;1;1;1;1;52;470
2021-12-11;"alle";92;92;92;92;92;92;92;92;92;92;92;92;726;726;726;726;726;726;726;726;726;726;726;726;NA;NA;NA;NA;NA;NA;NA;NA;NA;NA;NA;88;707
2021-12-10;"0-60";43;43;43;43;43;43;43;43;43;43;43;43;235;235;235;235;235;235;235;235;235;235;235;235;1;1;1;1;1;1;1;1;1;1;1;43;229
2021-12-10;"60+";65;65;65;65;65;65;65;65;65;65;65;65;499;499;499;499;499;499;499;499;499;499;499;499;1;1;1;1;1;1;1;1;1;1;1;63;489
2021-12-10;"alle";108;108;108;108;108;108;108;108;108;108;108;108;734;734;734;734;734;734;734;734;734;734;734;734;NA;NA;NA;NA;NA;NA;NA;NA;NA;NA;NA;106;718
2021-12-09;"0-60";44;44;44;44;44;44;44;44;44;44;44;44;235;235;235;235;235;235;235;235;235;235;235;235;1;1;1;1;1;1;1;1;1;1;1;44;229
2021-12-09;"60+";96;96;96;96;96;96;96;96;96;96;96;96;534;534;534;534;534;534;534;534;534;534;534;534;1;1;1;1;1;1;1;1;1;1;1;93;525
2021-12-09;"alle";140;140;140;140;140;140;140;140;140;140;140;140;769;769;769;769;769;769;769;769;769;769;769;769;NA;NA;NA;NA;NA;NA;NA;NA;NA;NA;NA;137;755
2021-12-08;"0-60";52;52;52;52;52;52;52;52;52;52;52;52;240;240;240;240;240;240;240;240;240;240;240;240;1;1;1;1;1;1;1;1;1;1;1;50;233
2021-12-08;"60+";94;94;94;94;94;94;94;94;94;94;94;94;523;523;523;523;523;523;523;523;523;523;523;523;1;1;1;1;1;1;1;1;1;1;1;93;515
2021-12-08;"alle";146;146;146;146;146;146;146;146;146;146;146;146;763;763;763;763;763;763;763;763;763;763;763;763;NA;NA;NA;NA;NA;NA;NA;NA;NA;NA;NA;143;749
2021-12-07;"0-60";37;37;37;37;37;37;37;37;37;37;37;37;232;232;232;232;232;232;232;232;232;232;232;232;1;1;1;1;1;1;1;1;1;1;1;35;225
2021-12-07;"60+";94;94;94;94;94;94;94;94;94;94;94;94;526;526;526;526;526;526;526;526;526;526;526;526;1;1;1;1;1;1;1;1;1;1;1;93;516
2021-12-07;"alle";131;131;131;131;131;131;131;131;131;131;131;131;758;758;758;758;758;758;758;758;758;758;758;758;NA;NA;NA;NA;NA;NA;NA;NA;NA;NA;NA;128;742
2021-12-06;"0-60";12;12;12;12;12;12;12;12;12;12;12;12;245;245;245;245;245;245;245;245;245;245;245;245;1;1;1;1;1;1;1;1;1;1;1;11;240
2021-12-06;"60+";31;31;31;31;31;31;31;31;31;31;31;31;550;550;550;550;550;550;550;550;550;550;550;550;1;1;1;1;1;1;1;1;1;1;1;30;538
2021-12-06;"alle";43;43;43;43;43;43;43;43;43;43;43;43;795;795;795;795;795;795;795;795;795;795;795;795;NA;NA;NA;NA;NA;NA;NA;NA;NA;NA;NA;41;780
2021-12-05;"0-60";19;19;19;19;19;19;19;19;19;19;19;19;249;249;249;249;249;249;249;249;249;249;249;249;1;1;1;1;1;1;1;1;1;1;1;18;245
2021-12-05;"60+";47;47;47;47;47;47;47;47;47;47;47;47;550;550;550;550;550;550;550;550;550;550;550;550;1;1;1;1;1;1;1;1;1;1;1;46;538
2021-12-05;"alle";66;66;66;66;66;66;66;66;66;66;66;66;799;799;799;799;799;799;799;799;799;799;799;799;NA;NA;NA;NA;NA;NA;NA;NA;NA;NA;NA;64;785
2021-12-04;"0-60";28;28;28;28;28;28;28;28;28;28;28;28;246;246;246;246;246;246;246;246;246;246;246;246;1;1;1;1;1;1;1;1;1;1;1;28;243
2021-12-04;"60+";72;72;72;72;72;72;72;72;72;72;72;72;559;559;559;559;559;559;559;559;559;559;559;559;1;1;1;1;1;1;1;1;1;1;1;71;546
2021-12-04;"alle";100;100;100;100;100;100;100;100;100;100;100;100;805;805;805;805;805;805;805;805;805;805;805;805;NA;NA;NA;NA;NA;NA;NA;NA;NA;NA;NA;99;791
2021-12-03;"0-60";43;43;43;43;43;43;43;43;43;43;43;43;258;258;258;258;258;258;258;258;258;258;258;258;1;1;1;1;1;1;1;1;1;1;1;43;254
2021-12-03;"60+";100;100;100;100;100;100;100;100;100;100;100;100;564;564;564;564;564;564;564;564;564;564;564;564;1;1;1;1;1;1;1;1;1;1;1;99;552
2021-12-03;"alle";143;143;143;143;143;143;143;143;143;143;143;143;822;822;822;822;822;822;822;822;822;822;822;822;NA;NA;NA;NA;NA;NA;NA;NA;NA;NA;NA;143;809
2021-12-02;"0-60";49;49;49;49;49;49;49;49;49;49;49;49;259;259;259;259;259;259;259;259;259;259;259;259;1;1;1;1;1;1;1;1;1;1;1;48;249
2021-12-02;"60+";85;85;85;85;85;85;85;85;85;85;85;85;550;550;550;550;550;550;550;550;550;550;550;550;1;1;1;1;1;1;1;1;1;1;1;83;537
2021-12-02;"alle";134;134;134;134;134;134;134;134;134;134;134;134;809;809;809;809;809;809;809;809;809;809;809;809;NA;NA;NA;NA;NA;NA;NA;NA;NA;NA;NA;131;788
2021-12-01;"0-60";44;44;44;44;44;44;44;44;44;44;44;44;261;261;261;261;261;261;261;261;261;261;261;261;1;1;1;1;1;1;1;1;1;1;1;42;244
2021-12-01;"60+";97;97;97;97;97;97;97;97;97;97;97;97;592;592;592;592;592;592;592;592;592;592;592;592;1;1;1;1;1;1;1;1;1;1;1;94;575
2021-12-01;"alle";141;141;141;141;141;141;141;141;141;141;141;141;853;853;853;853;853;853;853;853;853;853;853;853;NA;NA;NA;NA;NA;NA;NA;NA;NA;NA;NA;136;821
2021-11-30;"0-60";50;50;50;50;50;50;50;50;50;50;50;50;253;253;253;253;253;253;253;253;253;253;253;253;1;1;1;1;1;1;1;1;1;1;1;50;234
2021-11-30;"60+";118;118;118;118;118;118;118;118;118;118;118;118;595;595;595;595;595;595;595;595;595;595;595;595;1;1;1;1;1;1;1;1;1;1;1;115;575
2021-11-30;"alle";168;168;168;168;168;168;168;168;168;168;168;168;848;848;848;848;848;848;848;848;848;848;848;848;NA;NA;NA;NA;NA;NA;NA;NA;NA;NA;NA;166;811
2021-11-29;"0-60";16;16;16;16;16;16;16;16;16;16;16;16;239;239;239;239;239;239;239;239;239;239;239;239;1;1;1;1;1;1;1;1;1;1;1;16;219
2021-11-29;"60+";31;31;31;31;31;31;31;31;31;31;31;31;582;582;582;582;582;582;582;582;582;582;582;582;1;1;1;1;1;1;1;1;1;1;1;30;563
2021-11-29;"alle";47;47;47;47;47;47;47;47;47;47;47;47;821;821;821;821;821;821;821;821;821;821;821;821;NA;NA;NA;NA;NA;NA;NA;NA;NA;NA;NA;46;783
2021-11-28;"0-60";16;16;16;16;16;16;16;16;16;16;16;16;243;243;243;243;243;243;243;243;243;243;243;243;1;1;1;1;1;1;1;1;1;1;1;16;222
2021-11-28;"60+";56;56;56;56;56;56;56;56;56;56;56;56;592;592;592;592;592;592;592;592;592;592;592;592;1;1;1;1;1;1;1;1;1;1;1;54;574
2021-11-28;"alle";72;72;72;72;72;72;72;72;72;72;72;72;835;835;835;835;835;835;835;835;835;835;835;835;NA;NA;NA;NA;NA;NA;NA;NA;NA;NA;NA;70;797
2021-11-27;"0-60";40;40;40;40;40;40;40;40;40;40;40;40;240;240;240;240;240;240;240;240;240;240;240;240;1;1;1;1;1;1;1;1;1;1;1;39;218
2021-11-27;"60+";77;77;77;77;77;77;77;77;77;77;77;77;589;589;589;589;589;589;589;589;589;589;589;589;1;1;1;1;1;1;1;1;1;1;1;77;571
2021-11-27;"alle";117;117;117;117;117;117;117;117;117;117;117;117;829;829;829;829;829;829;829;829;829;829;829;829;NA;NA;NA;NA;NA;NA;NA;NA;NA;NA;NA;117;790
2021-11-26;"0-60";44;44;44;44;44;44;44;44;44;44;44;44;220;220;220;220;220;220;220;220;220;220;220;220;1;1;1;1;1;1;1;1;1;1;1;38;198
2021-11-26;"60+";86;86;86;86;86;86;86;86;86;86;86;86;585;585;585;585;585;585;585;585;585;585;585;585;1;1;1;1;1;1;1;1;1;1;1;84;564
2021-11-26;"alle";130;130;130;130;130;130;130;130;130;130;130;130;805;805;805;805;805;805;805;805;805;805;805;805;NA;NA;NA;NA;NA;NA;NA;NA;NA;NA;NA;122;763
2021-11-25;"0-60";51;51;51;51;51;51;51;51;51;51;51;51;207;207;207;207;207;207;207;207;207;207;207;207;1;1;1;1;1;1;1;1;1;1;1;43;191
2021-11-25;"60+";127;127;127;127;127;127;127;127;127;127;127;127;584;584;584;584;584;584;584;584;584;584;584;584;1;1;1;1;1;1;1;1;1;1;1;121;562
2021-11-25;"alle";178;178;178;178;178;178;178;178;178;178;178;178;791;791;791;791;791;791;791;791;791;791;791;791;NA;NA;NA;NA;NA;NA;NA;NA;NA;NA;NA;164;754
2021-11-24;"0-60";36;36;36;36;36;36;36;36;36;36;36;36;186;186;186;186;186;186;186;186;186;186;186;186;1;1;1;1;1;1;1;1;1;1;1;32;178
2021-11-24;"60+";100;100;100;100;100;100;100;100;100;100;100;100;541;541;541;541;541;541;541;541;541;541;541;541;1;1;1;1;1;1;1;1;1;1;1;94;525
2021-11-24;"alle";136;136;136;136;136;136;136;136;136;136;136;136;727;727;727;727;727;727;727;727;727;727;727;727;NA;NA;NA;NA;NA;NA;NA;NA;NA;NA;NA;126;704
2021-11-23;"0-60";36;36;36;36;36;36;36;36;36;36;36;36;187;187;187;187;187;187;187;187;187;187;187;187;1;1;1;1;1;1;1;1;1;1;1;35;182
2021-11-23;"60+";105;105;105;105;105;105;105;105;105;105;105;105;534;534;534;534;534;534;534;534;534;534;534;534;1;1;1;1;1;1;1;1;1;1;1;103;522
2021-11-23;"alle";141;141;141;141;141;141;141;141;141;141;141;141;721;721;721;721;721;721;721;721;721;721;721;721;NA;NA;NA;NA;NA;NA;NA;NA;NA;NA;NA;138;705
2021-11-22;"0-60";20;20;20;20;20;20;20;20;20;20;20;20;174;174;174;174;174;174;174;174;174;174;174;174;1;1;1;1;1;1;1;1;1;1;1;19;170
2021-11-22;"60+";41;41;41;41;41;41;41;41;41;41;41;41;519;519;519;519;519;519;519;519;519;519;519;519;1;1;1;1;1;1;1;1;1;1;1;41;507
2021-11-22;"alle";61;61;61;61;61;61;61;61;61;61;61;61;693;693;693;693;693;693;693;693;693;693;693;693;NA;NA;NA;NA;NA;NA;NA;NA;NA;NA;NA;60;679
2021-11-21;"0-60";13;13;13;13;13;13;13;13;13;13;13;13;161;161;161;161;161;161;161;161;161;161;161;161;1;1;1;1;1;1;1;1;1;1;1;12;158
2021-11-21;"60+";53;53;53;53;53;53;53;53;53;53;53;53;514;514;514;514;514;514;514;514;514;514;514;514;1;1;1;1;1;1;1;1;1;1;1;51;502
2021-11-21;"alle";66;66;66;66;66;66;66;66;66;66;66;66;675;675;675;675;675;675;675;675;675;675;675;675;NA;NA;NA;NA;NA;NA;NA;NA;NA;NA;NA;63;662
2021-11-20;"0-60";20;20;20;20;20;20;20;20;20;20;20;20;166;166;166;166;166;166;166;166;166;166;166;166;1;1;1;1;1;1;1;1;1;1;1;19;164
2021-11-20;"60+";73;73;73;73;73;73;73;73;73;73;73;73;495;495;495;495;495;495;495;495;495;495;495;495;1;1;1;1;1;1;1;1;1;1;1;70;485
2021-11-20;"alle";93;93;93;93;93;93;93;93;93;93;93;93;661;661;661;661;661;661;661;661;661;661;661;661;NA;NA;NA;NA;NA;NA;NA;NA;NA;NA;NA;90;651
2021-11-19;"0-60";31;31;31;31;31;31;31;31;31;31;31;31;174;174;174;174;174;174;174;174;174;174;174;174;1;1;1;1;1;1;1;1;1;1;1;31;172
2021-11-19;"60+";85;85;85;85;85;85;85;85;85;85;85;85;482;482;482;482;482;482;482;482;482;482;482;482;1;1;1;1;1;1;1;1;1;1;1;82;475
2021-11-19;"alle";116;116;116;116;116;116;116;116;116;116;116;116;656;656;656;656;656;656;656;656;656;656;656;656;NA;NA;NA;NA;NA;NA;NA;NA;NA;NA;NA;113;648
2021-11-18;"0-60";30;30;30;30;30;30;30;30;30;30;30;30;179;179;179;179;179;179;179;179;179;179;179;179;1;1;1;1;1;1;1;1;1;1;1;30;174
2021-11-18;"60+";84;84;84;84;84;84;84;84;84;84;84;84;485;485;485;485;485;485;485;485;485;485;485;485;1;1;1;1;1;1;1;1;1;1;1;84;476
2021-11-18;"alle";114;114;114;114;114;114;114;114;114;114;114;114;664;664;664;664;664;664;664;664;664;664;664;664;NA;NA;NA;NA;NA;NA;NA;NA;NA;NA;NA;114;651
2021-11-17;"0-60";37;37;37;37;37;37;37;37;37;37;37;37;178;178;178;178;178;178;178;178;178;178;178;178;1;1;1;1;1;1;1;1;1;1;1;36;172
2021-11-17;"60+";93;93;93;93;93;93;93;93;93;93;93;93;478;478;478;478;478;478;478;478;478;478;478;478;1;1;1;1;1;1;1;1;1;1;1;91;466
2021-11-17;"alle";130;130;130;130;130;130;130;130;130;130;130;130;656;656;656;656;656;656;656;656;656;656;656;656;NA;NA;NA;NA;NA;NA;NA;NA;NA;NA;NA;127;639
2021-11-16;"0-60";23;23;23;23;23;23;23;23;23;23;23;23;166;166;166;166;166;166;166;166;166;166;166;166;1;1;1;1;1;1;1;1;1;1;1;23;160
2021-11-16;"60+";90;90;90;90;90;90;90;90;90;90;90;90;453;453;453;453;453;453;453;453;453;453;453;453;1;1;1;1;1;1;1;1;1;1;1;88;442
2021-11-16;"alle";113;113;113;113;113;113;113;113;113;113;113;113;619;619;619;619;619;619;619;619;619;619;619;619;NA;NA;NA;NA;NA;NA;NA;NA;NA;NA;NA;112;603
2021-11-15;"0-60";7;7;7;7;7;7;7;7;7;7;7;7;173;173;173;173;173;173;173;173;173;173;173;173;1;1;1;1;1;1;1;1;1;1;1;7;165
2021-11-15;"60+";36;36;36;36;36;36;36;36;36;36;36;36;441;441;441;441;441;441;441;441;441;441;441;441;1;1;1;1;1;1;1;1;1;1;1;36;428
2021-11-15;"alle";43;43;43;43;43;43;43;43;43;43;43;43;614;614;614;614;614;614;614;614;614;614;614;614;NA;NA;NA;NA;NA;NA;NA;NA;NA;NA;NA;43;593
2021-11-14;"0-60";18;18;18;18;18;18;18;18;18;18;18;18;174;174;174;174;174;174;174;174;174;174;174;174;1;1;1;1;1;1;1;1;1;1;1;18;166
2021-11-14;"60+";34;34;34;34;34;34;34;34;34;34;34;34;447;447;447;447;447;447;447;447;447;447;447;447;1;1;1;1;1;1;1;1;1;1;1;34;434
2021-11-14;"alle";52;52;52;52;52;52;52;52;52;52;52;52;621;621;621;621;621;621;621;621;621;621;621;621;NA;NA;NA;NA;NA;NA;NA;NA;NA;NA;NA;52;600
2021-11-13;"0-60";28;28;28;28;28;28;28;28;28;28;28;28;172;172;172;172;172;172;172;172;172;172;172;172;1;1;1;1;1;1;1;1;1;1;1;27;162
2021-11-13;"60+";60;60;60;60;60;60;60;60;60;60;60;60;444;444;444;444;444;444;444;444;444;444;444;444;1;1;1;1;1;1;1;1;1;1;1;60;431
2021-11-13;"alle";88;88;88;88;88;88;88;88;88;88;88;88;616;616;616;616;616;616;616;616;616;616;616;616;NA;NA;NA;NA;NA;NA;NA;NA;NA;NA;NA;87;593
2021-11-12;"0-60";36;36;36;36;36;36;36;36;36;36;36;36;157;157;157;157;157;157;157;157;157;157;157;157;1;1;1;1;1;1;1;1;1;1;1;33;148
2021-11-12;"60+";88;88;88;88;88;88;88;88;88;88;88;88;438;438;438;438;438;438;438;438;438;438;438;438;1;1;1;1;1;1;1;1;1;1;1;83;423
2021-11-12;"alle";124;124;124;124;124;124;124;124;124;124;124;124;595;595;595;595;595;595;595;595;595;595;595;595;NA;NA;NA;NA;NA;NA;NA;NA;NA;NA;NA;116;571
2021-11-11;"0-60";29;29;29;29;29;29;29;29;29;29;29;29;149;149;149;149;149;149;149;149;149;149;149;149;1;1;1;1;1;1;1;1;1;1;1;28;143
2021-11-11;"60+";77;77;77;77;77;77;77;77;77;77;77;77;412;412;412;412;412;412;412;412;412;412;412;412;1;1;1;1;1;1;1;1;1;1;1;74;401
2021-11-11;"alle";106;106;106;106;106;106;106;106;106;106;106;106;561;561;561;561;561;561;561;561;561;561;561;561;NA;NA;NA;NA;NA;NA;NA;NA;NA;NA;NA;102;544
2021-11-10;"0-60";25;25;25;25;25;25;25;25;25;25;25;25;146;146;146;146;146;146;146;146;146;146;146;146;1;1;1;1;1;1;1;1;1;1;1;24;140
2021-11-10;"60+";68;68;68;68;68;68;68;68;68;68;68;68;412;412;412;412;412;412;412;412;412;412;412;412;1;1;1;1;1;1;1;1;1;1;1;67;402
2021-11-10;"alle";93;93;93;93;93;93;93;93;93;93;93;93;558;558;558;558;558;558;558;558;558;558;558;558;NA;NA;NA;NA;NA;NA;NA;NA;NA;NA;NA;91;542
2021-11-09;"0-60";30;30;30;30;30;30;30;30;30;30;30;30;152;152;152;152;152;152;152;152;152;152;152;152;1;1;1;1;1;1;1;1;1;1;1;28;145
2021-11-09;"60+";78;78;78;78;78;78;78;78;78;78;78;78;417;417;417;417;417;417;417;417;417;417;417;417;1;1;1;1;1;1;1;1;1;1;1;74;407
2021-11-09;"alle";108;108;108;108;108;108;108;108;108;108;108;108;569;569;569;569;569;569;569;569;569;569;569;569;NA;NA;NA;NA;NA;NA;NA;NA;NA;NA;NA;102;552
2021-11-08;"0-60";8;8;8;8;8;8;8;8;8;8;8;8;143;143;143;143;143;143;143;143;143;143;143;143;1;1;1;1;1;1;1;1;1;1;1;8;137
2021-11-08;"60+";42;42;42;42;42;42;42;42;42;42;42;42;385;385;385;385;385;385;385;385;385;385;385;385;1;1;1;1;1;1;1;1;1;1;1;42;379
2021-11-08;"alle";50;50;50;50;50;50;50;50;50;50;50;50;528;528;528;528;528;528;528;528;528;528;528;528;NA;NA;NA;NA;NA;NA;NA;NA;NA;NA;NA;50;516
2021-11-07;"0-60";16;16;16;16;16;16;16;16;16;16;16;16;143;143;143;143;143;143;143;143;143;143;143;143;1;1;1;1;1;1;1;1;1;1;1;14;137
2021-11-07;"60+";31;31;31;31;31;31;31;31;31;31;31;31;372;372;372;372;372;372;372;372;372;372;372;372;1;1;1;1;1;1;1;1;1;1;1;31;363
2021-11-07;"alle";47;47;47;47;47;47;47;47;47;47;47;47;515;515;515;515;515;515;515;515;515;515;515;515;NA;NA;NA;NA;NA;NA;NA;NA;NA;NA;NA;45;500
2021-11-06;"0-60";13;13;13;13;13;13;13;13;13;13;13;13;135;135;135;135;135;135;135;135;135;135;135;135;1;1;1;1;1;1;1;1;1;1;1;13;130
2021-11-06;"60+";54;54;54;54;54;54;54;54;54;54;54;54;370;370;370;370;370;370;370;370;370;370;370;370;1;1;1;1;1;1;1;1;1;1;1;52;360
2021-11-06;"alle";67;67;67;67;67;67;67;67;67;67;67;67;505;505;505;505;505;505;505;505;505;505;505;505;NA;NA;NA;NA;NA;NA;NA;NA;NA;NA;NA;65;490
2021-11-05;"0-60";28;28;28;28;28;28;28;28;28;28;28;28;132;132;132;132;132;132;132;132;132;132;132;132;1;1;1;1;1;1;1;1;1;1;1;28;127
2021-11-05;"60+";62;62;62;62;62;62;62;62;62;62;62;62;360;360;360;360;360;360;360;360;360;360;360;360;1;1;1;1;1;1;1;1;1;1;1;61;352
2021-11-05;"alle";90;90;90;90;90;90;90;90;90;90;90;90;492;492;492;492;492;492;492;492;492;492;492;492;NA;NA;NA;NA;NA;NA;NA;NA;NA;NA;NA;89;479
2021-11-04;"0-60";26;26;26;26;26;26;26;26;26;26;26;26;126;126;126;126;126;126;126;126;126;126;126;126;1;1;1;1;1;1;1;1;1;1;1;25;121
2021-11-04;"60+";77;77;77;77;77;77;77;77;77;77;77;77;339;339;339;339;339;339;339;339;339;339;339;339;1;1;1;1;1;1;1;1;1;1;1;75;331
2021-11-04;"alle";103;103;103;103;103;103;103;103;103;103;103;103;465;465;465;465;465;465;465;465;465;465;465;465;NA;NA;NA;NA;NA;NA;NA;NA;NA;NA;NA;100;452
2021-11-03;"0-60";31;31;31;31;31;31;31;31;31;31;31;31;123;123;123;123;123;123;123;123;123;123;123;123;1;1;1;1;1;1;1;1;1;1;1;29;117
2021-11-03;"60+";73;73;73;73;73;73;73;73;73;73;73;73;317;317;317;317;317;317;317;317;317;317;317;317;1;1;1;1;1;1;1;1;1;1;1;72;309
2021-11-03;"alle";104;104;104;104;104;104;104;104;104;104;104;104;440;440;440;440;440;440;440;440;440;440;440;440;NA;NA;NA;NA;NA;NA;NA;NA;NA;NA;NA;101;426
2021-11-02;"0-60";21;21;21;21;21;21;21;21;21;21;21;21;106;106;106;106;106;106;106;106;106;106;106;106;1;1;1;1;1;1;1;1;1;1;1;20;99
2021-11-02;"60+";46;46;46;46;46;46;46;46;46;46;46;46;280;280;280;280;280;280;280;280;280;280;280;280;1;1;1;1;1;1;1;1;1;1;1;46;273
2021-11-02;"alle";67;67;67;67;67;67;67;67;67;67;67;67;386;386;386;386;386;386;386;386;386;386;386;386;NA;NA;NA;NA;NA;NA;NA;NA;NA;NA;NA;66;372
2021-11-01;"0-60";8;8;8;8;8;8;8;8;8;8;8;8;96;96;96;96;96;96;96;96;96;96;96;96;1;1;1;1;1;1;1;1;1;1;1;8;89
2021-11-01;"60+";29;29;29;29;29;29;29;29;29;29;29;29;279;279;279;279;279;279;279;279;279;279;279;279;1;1;1;1;1;1;1;1;1;1;1;26;271
2021-11-01;"alle";37;37;37;37;37;37;37;37;37;37;37;37;375;375;375;375;375;375;375;375;375;375;375;375;NA;NA;NA;NA;NA;NA;NA;NA;NA;NA;NA;34;360
2021-10-31;"0-60";8;8;8;8;8;8;8;8;8;8;8;8;92;92;92;92;92;92;92;92;92;92;92;92;1;1;1;1;1;1;1;1;1;1;1;7;85
2021-10-31;"60+";29;29;29;29;29;29;29;29;29;29;29;29;261;261;261;261;261;261;261;261;261;261;261;261;1;1;1;1;1;1;1;1;1;1;1;28;256
2021-10-31;"alle";37;37;37;37;37;37;37;37;37;37;37;37;353;353;353;353;353;353;353;353;353;353;353;353;NA;NA;NA;NA;NA;NA;NA;NA;NA;NA;NA;35;341
2021-10-30;"0-60";10;10;10;10;10;10;10;10;10;10;10;10;92;92;92;92;92;92;92;92;92;92;92;92;1;1;1;1;1;1;1;1;1;1;1;10;86
2021-10-30;"60+";44;44;44;44;44;44;44;44;44;44;44;44;258;258;258;258;258;258;258;258;258;258;258;258;1;1;1;1;1;1;1;1;1;1;1;44;254
2021-10-30;"alle";54;54;54;54;54;54;54;54;54;54;54;54;350;350;350;350;350;350;350;350;350;350;350;350;NA;NA;NA;NA;NA;NA;NA;NA;NA;NA;NA;54;340
2021-10-29;"0-60";22;22;22;22;22;22;22;22;22;22;22;22;96;96;96;96;96;96;96;96;96;96;96;96;1;1;1;1;1;1;1;1;1;1;1;22;90
2021-10-29;"60+";41;41;41;41;41;41;41;41;41;41;41;41;257;257;257;257;257;257;257;257;257;257;257;257;1;1;1;1;1;1;1;1;1;1;1;40;251
2021-10-29;"alle";63;63;63;63;63;63;63;63;63;63;63;63;353;353;353;353;353;353;353;353;353;353;353;353;NA;NA;NA;NA;NA;NA;NA;NA;NA;NA;NA;62;341
2021-10-28;"0-60";23;23;23;23;23;23;23;23;23;23;23;23;85;85;85;85;85;85;85;85;85;85;85;85;1;1;1;1;1;1;1;1;1;1;1;21;79
2021-10-28;"60+";55;55;55;55;55;55;55;55;55;55;55;55;245;245;245;245;245;245;245;245;245;245;245;245;1;1;1;1;1;1;1;1;1;1;1;53;240
2021-10-28;"alle";78;78;78;78;78;78;78;78;78;78;78;78;330;330;330;330;330;330;330;330;330;330;330;330;NA;NA;NA;NA;NA;NA;NA;NA;NA;NA;NA;74;319
2021-10-27;"0-60";14;14;14;14;14;14;14;14;14;14;14;14;78;78;78;78;78;78;78;78;78;78;78;78;1;1;1;1;1;1;1;1;1;1;1;11;74
2021-10-27;"60+";36;36;36;36;36;36;36;36;36;36;36;36;219;219;219;219;219;219;219;219;219;219;219;219;1;1;1;1;1;1;1;1;1;1;1;36;216
2021-10-27;"alle";50;50;50;50;50;50;50;50;50;50;50;50;297;297;297;297;297;297;297;297;297;297;297;297;NA;NA;NA;NA;NA;NA;NA;NA;NA;NA;NA;47;290
2021-10-26;"0-60";11;11;11;11;11;11;11;11;11;11;11;11;81;81;81;81;81;81;81;81;81;81;81;81;1;1;1;1;1;1;1;1;1;1;1;10;80
2021-10-26;"60+";45;45;45;45;45;45;45;45;45;45;45;45;220;220;220;220;220;220;220;220;220;220;220;220;1;1;1;1;1;1;1;1;1;1;1;44;215
2021-10-26;"alle";56;56;56;56;56;56;56;56;56;56;56;56;301;301;301;301;301;301;301;301;301;301;301;301;NA;NA;NA;NA;NA;NA;NA;NA;NA;NA;NA;54;295
2021-10-25;"0-60";4;4;4;4;4;4;4;4;4;4;4;4;76;76;76;76;76;76;76;76;76;76;76;76;1;1;1;1;1;1;1;1;1;1;1;4;76
2021-10-25;"60+";11;11;11;11;11;11;11;11;11;11;11;11;214;214;214;214;214;214;214;214;214;214;214;214;1;1;1;1;1;1;1;1;1;1;1;11;210
2021-10-25;"alle";15;15;15;15;15;15;15;15;15;15;15;15;290;290;290;290;290;290;290;290;290;290;290;290;NA;NA;NA;NA;NA;NA;NA;NA;NA;NA;NA;15;286
2021-10-24;"0-60";8;8;8;8;8;8;8;8;8;8;8;8;80;80;80;80;80;80;80;80;80;80;80;80;1;1;1;1;1;1;1;1;1;1;1;8;80
2021-10-24;"60+";26;26;26;26;26;26;26;26;26;26;26;26;216;216;216;216;216;216;216;216;216;216;216;216;1;1;1;1;1;1;1;1;1;1;1;26;212
2021-10-24;"alle";34;34;34;34;34;34;34;34;34;34;34;34;296;296;296;296;296;296;296;296;296;296;296;296;NA;NA;NA;NA;NA;NA;NA;NA;NA;NA;NA;34;292
2021-10-23;"0-60";14;14;14;14;14;14;14;14;14;14;14;14;78;78;78;78;78;78;78;78;78;78;78;78;1;1;1;1;1;1;1;1;1;1;1;14;77
2021-10-23;"60+";43;43;43;43;43;43;43;43;43;43;43;43;200;200;200;200;200;200;200;200;200;200;200;200;1;1;1;1;1;1;1;1;1;1;1;41;196
2021-10-23;"alle";57;57;57;57;57;57;57;57;57;57;57;57;278;278;278;278;278;278;278;278;278;278;278;278;NA;NA;NA;NA;NA;NA;NA;NA;NA;NA;NA;55;273
2021-10-22;"0-60";11;11;11;11;11;11;11;11;11;11;11;11;67;67;67;67;67;67;67;67;67;67;67;67;1;1;1;1;1;1;1;1;1;1;1;11;66
2021-10-22;"60+";29;29;29;29;29;29;29;29;29;29;29;29;179;179;179;179;179;179;179;179;179;179;179;179;1;1;1;1;1;1;1;1;1;1;1;29;175
2021-10-22;"alle";40;40;40;40;40;40;40;40;40;40;40;40;246;246;246;246;246;246;246;246;246;246;246;246;NA;NA;NA;NA;NA;NA;NA;NA;NA;NA;NA;40;241
2021-10-21;"0-60";16;16;16;16;16;16;16;16;16;16;16;16;61;61;61;61;61;61;61;61;61;61;61;61;1;1;1;1;1;1;1;1;1;1;1;16;60
2021-10-21;"60+";29;29;29;29;29;29;29;29;29;29;29;29;159;159;159;159;159;159;159;159;159;159;159;159;1;1;1;1;1;1;1;1;1;1;1;29;154
2021-10-21;"alle";45;45;45;45;45;45;45;45;45;45;45;45;220;220;220;220;220;220;220;220;220;220;220;220;NA;NA;NA;NA;NA;NA;NA;NA;NA;NA;NA;45;214
2021-10-20;"0-60";17;17;17;17;17;17;17;17;17;17;17;17;53;53;53;53;53;53;53;53;53;53;53;53;1;1;1;1;1;1;1;1;1;1;1;17;52
2021-10-20;"60+";37;37;37;37;37;37;37;37;37;37;37;37;149;149;149;149;149;149;149;149;149;149;149;149;1;1;1;1;1;1;1;1;1;1;1;35;143
2021-10-20;"alle";54;54;54;54;54;54;54;54;54;54;54;54;202;202;202;202;202;202;202;202;202;202;202;202;NA;NA;NA;NA;NA;NA;NA;NA;NA;NA;NA;52;195
2021-10-19;"0-60";6;6;6;6;6;6;6;6;6;6;6;6;43;43;43;43;43;43;43;43;43;43;43;43;1;1;1;1;1;1;1;1;1;1;1;6;42
2021-10-19;"60+";39;39;39;39;39;39;39;39;39;39;39;39;135;135;135;135;135;135;135;135;135;135;135;135;1;1;1;1;1;1;1;1;1;1;1;39;129
2021-10-19;"alle";45;45;45;45;45;45;45;45;45;45;45;45;178;178;178;178;178;178;178;178;178;178;178;178;NA;NA;NA;NA;NA;NA;NA;NA;NA;NA;NA;45;171
2021-10-18;"0-60";8;8;8;8;8;8;8;8;8;8;8;8;41;41;41;41;41;41;41;41;41;41;41;41;1;1;1;1;1;1;1;1;1;1;1;8;39
2021-10-18;"60+";13;13;13;13;13;13;13;13;13;13;13;13;109;109;109;109;109;109;109;109;109;109;109;109;1;1;1;1;1;1;1;1;1;1;1;13;103
2021-10-18;"alle";21;21;21;21;21;21;21;21;21;21;21;21;150;150;150;150;150;150;150;150;150;150;150;150;NA;NA;NA;NA;NA;NA;NA;NA;NA;NA;NA;21;143
2021-10-17;"0-60";6;6;6;6;6;6;6;6;6;6;6;6;33;33;33;33;33;33;33;33;33;33;33;33;1;1;1;1;1;1;1;1;1;1;1;5;31
2021-10-17;"60+";10;10;10;10;10;10;10;10;10;10;10;10;100;100;100;100;100;100;100;100;100;100;100;100;1;1;1;1;1;1;1;1;1;1;1;10;94
2021-10-17;"alle";16;16;16;16;16;16;16;16;16;16;16;16;133;133;133;133;133;133;133;133;133;133;133;133;NA;NA;NA;NA;NA;NA;NA;NA;NA;NA;NA;15;126
2021-10-16;"0-60";3;3;3;3;3;3;3;3;3;3;3;3;31;31;31;31;31;31;31;31;31;31;31;31;1;1;1;1;1;1;1;1;1;1;1;3;30
2021-10-16;"60+";22;22;22;22;22;22;22;22;22;22;22;22;97;97;97;97;97;97;97;97;97;97;97;97;1;1;1;1;1;1;1;1;1;1;1;20;91
2021-10-16;"alle";25;25;25;25;25;25;25;25;25;25;25;25;128;128;128;128;128;128;128;128;128;128;128;128;NA;NA;NA;NA;NA;NA;NA;NA;NA;NA;NA;23;122
2021-10-15;"0-60";5;5;5;5;5;5;5;5;5;5;5;5;33;33;33;33;33;33;33;33;33;33;33;33;1;1;1;1;1;1;1;1;1;1;1;5;32
2021-10-15;"60+";9;9;9;9;9;9;9;9;9;9;9;9;95;95;95;95;95;95;95;95;95;95;95;95;1;1;1;1;1;1;1;1;1;1;1;8;91
2021-10-15;"alle";14;14;14;14;14;14;14;14;14;14;14;14;128;128;128;128;128;128;128;128;128;128;128;128;NA;NA;NA;NA;NA;NA;NA;NA;NA;NA;NA;13;124
2021-10-14;"0-60";8;8;8;8;8;8;8;8;8;8;8;8;36;36;36;36;36;36;36;36;36;36;36;36;1;1;1;1;1;1;1;1;1;1;1;8;35
2021-10-14;"60+";19;19;19;19;19;19;19;19;19;19;19;19;101;101;101;101;101;101;101;101;101;101;101;101;1;1;1;1;1;1;1;1;1;1;1;18;97
2021-10-14;"alle";27;27;27;27;27;27;27;27;27;27;27;27;137;137;137;137;137;137;137;137;137;137;137;137;NA;NA;NA;NA;NA;NA;NA;NA;NA;NA;NA;26;133
2021-10-13;"0-60";7;7;7;7;7;7;7;7;7;7;7;7;36;36;36;36;36;36;36;36;36;36;36;36;1;1;1;1;1;1;1;1;1;1;1;7;35
2021-10-13;"60+";23;23;23;23;23;23;23;23;23;23;23;23;95;95;95;95;95;95;95;95;95;95;95;95;1;1;1;1;1;1;1;1;1;1;1;21;92
2021-10-13;"alle";30;30;30;30;30;30;30;30;30;30;30;30;131;131;131;131;131;131;131;131;131;131;131;131;NA;NA;NA;NA;NA;NA;NA;NA;NA;NA;NA;28;128
2021-10-12;"0-60";4;4;4;4;4;4;4;4;4;4;4;4;35;35;35;35;35;35;35;35;35;35;35;35;1;1;1;1;1;1;1;1;1;1;1;3;34
2021-10-12;"60+";13;13;13;13;13;13;13;13;13;13;13;13;86;86;86;86;86;86;86;86;86;86;86;86;1;1;1;1;1;1;1;1;1;1;1;13;85
2021-10-12;"alle";17;17;17;17;17;17;17;17;17;17;17;17;121;121;121;121;121;121;121;121;121;121;121;121;NA;NA;NA;NA;NA;NA;NA;NA;NA;NA;NA;17;120
2021-10-11;"0-60";0;0;0;0;0;0;0;0;0;0;0;0;39;39;39;39;39;39;39;39;39;39;39;39;1;1;1;1;1;1;1;1;1;1;1;0;39
2021-10-11;"60+";4;4;4;4;4;4;4;4;4;4;4;4;87;87;87;87;87;87;87;87;87;87;87;87;1;1;1;1;1;1;1;1;1;1;1;4;86
2021-10-11;"alle";4;4;4;4;4;4;4;4;4;4;4;4;126;126;126;126;126;126;126;126;126;126;126;126;NA;NA;NA;NA;NA;NA;NA;NA;NA;NA;NA;4;125
2021-10-10;"0-60";4;4;4;4;4;4;4;4;4;4;4;4;42;42;42;42;42;42;42;42;42;42;42;42;1;1;1;1;1;1;1;1;1;1;1;4;42
2021-10-10;"60+";7;7;7;7;7;7;7;7;7;7;7;7;88;88;88;88;88;88;88;88;88;88;88;88;1;1;1;1;1;1;1;1;1;1;1;7;87
2021-10-10;"alle";11;11;11;11;11;11;11;11;11;11;11;11;130;130;130;130;130;130;130;130;130;130;130;130;NA;NA;NA;NA;NA;NA;NA;NA;NA;NA;NA;11;129
2021-10-09;"0-60";5;5;5;5;5;5;5;5;5;5;5;5;39;39;39;39;39;39;39;39;39;39;39;39;1;1;1;1;1;1;1;1;1;1;1;5;39
2021-10-09;"60+";20;20;20;20;20;20;20;20;20;20;20;20;83;83;83;83;83;83;83;83;83;83;83;83;1;1;1;1;1;1;1;1;1;1;1;20;82
2021-10-09;"alle";25;25;25;25;25;25;25;25;25;25;25;25;122;122;122;122;122;122;122;122;122;122;122;122;NA;NA;NA;NA;NA;NA;NA;NA;NA;NA;NA;25;121
2021-10-08;"0-60";8;8;8;8;8;8;8;8;8;8;8;8;40;40;40;40;40;40;40;40;40;40;40;40;1;1;1;1;1;1;1;1;1;1;1;8;40
2021-10-08;"60+";15;15;15;15;15;15;15;15;15;15;15;15;65;65;65;65;65;65;65;65;65;65;65;65;1;1;1;1;1;1;1;1;1;1;1;14;64
2021-10-08;"alle";23;23;23;23;23;23;23;23;23;23;23;23;105;105;105;105;105;105;105;105;105;105;105;105;NA;NA;NA;NA;NA;NA;NA;NA;NA;NA;NA;22;104
2021-10-07;"0-60";8;8;8;8;8;8;8;8;8;8;8;8;36;36;36;36;36;36;36;36;36;36;36;36;1;1;1;1;1;1;1;1;1;1;1;8;36
2021-10-07;"60+";13;13;13;13;13;13;13;13;13;13;13;13;55;55;55;55;55;55;55;55;55;55;55;55;1;1;1;1;1;1;1;1;1;1;1;13;55
2021-10-07;"alle";21;21;21;21;21;21;21;21;21;21;21;21;91;91;91;91;91;91;91;91;91;91;91;91;NA;NA;NA;NA;NA;NA;NA;NA;NA;NA;NA;21;91
2021-10-06;"0-60";6;6;6;6;6;6;6;6;6;6;6;6;38;38;38;38;38;38;38;38;38;38;38;38;1;1;1;1;1;1;1;1;1;1;1;6;38
2021-10-06;"60+";14;14;14;14;14;14;14;14;14;14;14;14;57;57;57;57;57;57;57;57;57;57;57;57;1;1;1;1;1;1;1;1;1;1;1;14;57
2021-10-06;"alle";20;20;20;20;20;20;20;20;20;20;20;20;95;95;95;95;95;95;95;95;95;95;95;95;NA;NA;NA;NA;NA;NA;NA;NA;NA;NA;NA;20;95
2021-10-05;"0-60";8;8;8;8;8;8;8;8;8;8;8;8;41;41;41;41;41;41;41;41;41;41;41;41;1;1;1;1;1;1;1;1;1;1;1;8;40
2021-10-05;"60+";14;14;14;14;14;14;14;14;14;14;14;14;54;54;54;54;54;54;54;54;54;54;54;54;1;1;1;1;1;1;1;1;1;1;1;14;54
2021-10-05;"alle";22;22;22;22;22;22;22;22;22;22;22;22;95;95;95;95;95;95;95;95;95;95;95;95;NA;NA;NA;NA;NA;NA;NA;NA;NA;NA;NA;22;94
2021-10-04;"0-60";3;3;3;3;3;3;3;3;3;3;3;3;43;43;43;43;43;43;43;43;43;43;43;43;1;1;1;1;1;1;1;1;1;1;1;3;42
2021-10-04;"60+";5;5;5;5;5;5;5;5;5;5;5;5;52;52;52;52;52;52;52;52;52;52;52;52;1;1;1;1;1;1;1;1;1;1;1;5;52
2021-10-04;"alle";8;8;8;8;8;8;8;8;8;8;8;8;95;95;95;95;95;95;95;95;95;95;95;95;NA;NA;NA;NA;NA;NA;NA;NA;NA;NA;NA;8;94
2021-10-03;"0-60";1;1;1;1;1;1;1;1;1;1;1;1;42;42;42;42;42;42;42;42;42;42;42;42;1;1;1;1;1;1;1;1;1;1;1;1;41
2021-10-03;"60+";2;2;2;2;2;2;2;2;2;2;2;2;49;49;49;49;49;49;49;49;49;49;49;49;1;1;1;1;1;1;1;1;1;1;1;2;49
2021-10-03;"alle";3;3;3;3;3;3;3;3;3;3;3;3;91;91;91;91;91;91;91;91;91;91;91;91;NA;NA;NA;NA;NA;NA;NA;NA;NA;NA;NA;3;90
2021-10-02;"0-60";6;6;6;6;6;6;6;6;6;6;6;6;45;45;45;45;45;45;45;45;45;45;45;45;1;1;1;1;1;1;1;1;1;1;1;6;44
2021-10-02;"60+";2;2;2;2;2;2;2;2;2;2;2;2;53;53;53;53;53;53;53;53;53;53;53;53;1;1;1;1;1;1;1;1;1;1;1;2;53
2021-10-02;"alle";8;8;8;8;8;8;8;8;8;8;8;8;98;98;98;98;98;98;98;98;98;98;98;98;NA;NA;NA;NA;NA;NA;NA;NA;NA;NA;NA;8;97
2021-10-01;"0-60";4;4;4;4;4;4;4;4;4;4;4;4;42;42;42;42;42;42;42;42;42;42;42;42;1;1;1;1;1;1;1;1;1;1;1;4;41
2021-10-01;"60+";5;5;5;5;5;5;5;5;5;5;5;5;57;57;57;57;57;57;57;57;57;57;57;57;1;1;1;1;1;1;1;1;1;1;1;5;57
2021-10-01;"alle";9;9;9;9;9;9;9;9;9;9;9;9;99;99;99;99;99;99;99;99;99;99;99;99;NA;NA;NA;NA;NA;NA;NA;NA;NA;NA;NA;9;98
2021-09-30;"0-60";10;10;10;10;10;10;10;10;10;10;10;10;40;40;40;40;40;40;40;40;40;40;40;40;1;1;1;1;1;1;1;1;1;1;1;10;39
2021-09-30;"60+";15;15;15;15;15;15;15;15;15;15;15;15;61;61;61;61;61;61;61;61;61;61;61;61;1;1;1;1;1;1;1;1;1;1;1;15;60
2021-09-30;"alle";25;25;25;25;25;25;25;25;25;25;25;25;101;101;101;101;101;101;101;101;101;101;101;101;NA;NA;NA;NA;NA;NA;NA;NA;NA;NA;NA;25;99
2021-09-29;"0-60";9;9;9;9;9;9;9;9;9;9;9;9;36;36;36;36;36;36;36;36;36;36;36;36;1;1;1;1;1;1;1;1;1;1;1;8;34
2021-09-29;"60+";11;11;11;11;11;11;11;11;11;11;11;11;56;56;56;56;56;56;56;56;56;56;56;56;1;1;1;1;1;1;1;1;1;1;1;11;55
2021-09-29;"alle";20;20;20;20;20;20;20;20;20;20;20;20;92;92;92;92;92;92;92;92;92;92;92;92;NA;NA;NA;NA;NA;NA;NA;NA;NA;NA;NA;19;89
2021-09-28;"0-60";10;10;10;10;10;10;10;10;10;10;10;10;31;31;31;31;31;31;31;31;31;31;31;31;1;1;1;1;1;1;1;1;1;1;1;10;30
2021-09-28;"60+";12;12;12;12;12;12;12;12;12;12;12;12;51;51;51;51;51;51;51;51;51;51;51;51;1;1;1;1;1;1;1;1;1;1;1;12;50
2021-09-28;"alle";22;22;22;22;22;22;22;22;22;22;22;22;82;82;82;82;82;82;82;82;82;82;82;82;NA;NA;NA;NA;NA;NA;NA;NA;NA;NA;NA;22;80
2021-09-27;"0-60";2;2;2;2;2;2;2;2;2;2;2;2;22;22;22;22;22;22;22;22;22;22;22;22;1;1;1;1;1;1;1;1;1;1;1;2;21
2021-09-27;"60+";2;2;2;2;2;2;2;2;2;2;2;2;41;41;41;41;41;41;41;41;41;41;41;41;1;1;1;1;1;1;1;1;1;1;1;2;40
2021-09-27;"alle";4;4;4;4;4;4;4;4;4;4;4;4;63;63;63;63;63;63;63;63;63;63;63;63;NA;NA;NA;NA;NA;NA;NA;NA;NA;NA;NA;4;61
2021-09-26;"0-60";4;4;4;4;4;4;4;4;4;4;4;4;20;20;20;20;20;20;20;20;20;20;20;20;1;1;1;1;1;1;1;1;1;1;1;4;19
2021-09-26;"60+";6;6;6;6;6;6;6;6;6;6;6;6;41;41;41;41;41;41;41;41;41;41;41;41;1;1;1;1;1;1;1;1;1;1;1;6;40
2021-09-26;"alle";10;10;10;10;10;10;10;10;10;10;10;10;61;61;61;61;61;61;61;61;61;61;61;61;NA;NA;NA;NA;NA;NA;NA;NA;NA;NA;NA;10;59
2021-09-25;"0-60";3;3;3;3;3;3;3;3;3;3;3;3;19;19;19;19;19;19;19;19;19;19;19;19;1;1;1;1;1;1;1;1;1;1;1;3;18
2021-09-25;"60+";6;6;6;6;6;6;6;6;6;6;6;6;37;37;37;37;37;37;37;37;37;37;37;37;1;1;1;1;1;1;1;1;1;1;1;6;36
2021-09-25;"alle";9;9;9;9;9;9;9;9;9;9;9;9;56;56;56;56;56;56;56;56;56;56;56;56;NA;NA;NA;NA;NA;NA;NA;NA;NA;NA;NA;9;54
2021-09-24;"0-60";2;2;2;2;2;2;2;2;2;2;2;2;21;21;21;21;21;21;21;21;21;21;21;21;1;1;1;1;1;1;1;1;1;1;1;2;20
2021-09-24;"60+";9;9;9;9;9;9;9;9;9;9;9;9;34;34;34;34;34;34;34;34;34;34;34;34;1;1;1;1;1;1;1;1;1;1;1;8;33
2021-09-24;"alle";11;11;11;11;11;11;11;11;11;11;11;11;55;55;55;55;55;55;55;55;55;55;55;55;NA;NA;NA;NA;NA;NA;NA;NA;NA;NA;NA;10;53
2021-09-23;"0-60";6;6;6;6;6;6;6;6;6;6;6;6;31;31;31;31;31;31;31;31;31;31;31;31;1;1;1;1;1;1;1;1;1;1;1;5;30
2021-09-23;"60+";10;10;10;10;10;10;10;10;10;10;10;10;32;32;32;32;32;32;32;32;32;32;32;32;1;1;1;1;1;1;1;1;1;1;1;10;31
2021-09-23;"alle";16;16;16;16;16;16;16;16;16;16;16;16;63;63;63;63;63;63;63;63;63;63;63;63;NA;NA;NA;NA;NA;NA;NA;NA;NA;NA;NA;15;61
2021-09-22;"0-60";4;4;4;4;4;4;4;4;4;4;4;4;29;29;29;29;29;29;29;29;29;29;29;29;1;1;1;1;1;1;1;1;1;1;1;4;29
2021-09-22;"60+";6;6;6;6;6;6;6;6;6;6;6;6;23;23;23;23;23;23;23;23;23;23;23;23;1;1;1;1;1;1;1;1;1;1;1;6;22
2021-09-22;"alle";10;10;10;10;10;10;10;10;10;10;10;10;52;52;52;52;52;52;52;52;52;52;52;52;NA;NA;NA;NA;NA;NA;NA;NA;NA;NA;NA;10;51
2021-09-21;"0-60";1;1;1;1;1;1;1;1;1;1;1;1;33;33;33;33;33;33;33;33;33;33;33;33;1;1;1;1;1;1;1;1;1;1;1;1;33
2021-09-21;"60+";2;2;2;2;2;2;2;2;2;2;2;2;25;25;25;25;25;25;25;25;25;25;25;25;1;1;1;1;1;1;1;1;1;1;1;2;24
2021-09-21;"alle";3;3;3;3;3;3;3;3;3;3;3;3;58;58;58;58;58;58;58;58;58;58;58;58;NA;NA;NA;NA;NA;NA;NA;NA;NA;NA;NA;3;57
2021-09-20;"0-60";0;0;0;0;0;0;0;0;0;0;0;0;34;34;34;34;34;34;34;34;34;34;34;34;1;1;1;1;1;1;1;1;1;1;1;0;34
2021-09-20;"60+";2;2;2;2;2;2;2;2;2;2;2;2;24;24;24;24;24;24;24;24;24;24;24;24;1;1;1;1;1;1;1;1;1;1;1;2;23
2021-09-20;"alle";2;2;2;2;2;2;2;2;2;2;2;2;58;58;58;58;58;58;58;58;58;58;58;58;NA;NA;NA;NA;NA;NA;NA;NA;NA;NA;NA;2;57
2021-09-19;"0-60";3;3;3;3;3;3;3;3;3;3;3;3;35;35;35;35;35;35;35;35;35;35;35;35;1;1;1;1;1;1;1;1;1;1;1;3;35
2021-09-19;"60+";2;2;2;2;2;2;2;2;2;2;2;2;22;22;22;22;22;22;22;22;22;22;22;22;1;1;1;1;1;1;1;1;1;1;1;2;21
2021-09-19;"alle";5;5;5;5;5;5;5;5;5;5;5;5;57;57;57;57;57;57;57;57;57;57;57;57;NA;NA;NA;NA;NA;NA;NA;NA;NA;NA;NA;5;56
2021-09-18;"0-60";5;5;5;5;5;5;5;5;5;5;5;5;34;34;34;34;34;34;34;34;34;34;34;34;1;1;1;1;1;1;1;1;1;1;1;5;34
2021-09-18;"60+";3;3;3;3;3;3;3;3;3;3;3;3;23;23;23;23;23;23;23;23;23;23;23;23;1;1;1;1;1;1;1;1;1;1;1;3;21
2021-09-18;"alle";8;8;8;8;8;8;8;8;8;8;8;8;57;57;57;57;57;57;57;57;57;57;57;57;NA;NA;NA;NA;NA;NA;NA;NA;NA;NA;NA;8;55
2021-09-17;"0-60";12;12;12;12;12;12;12;12;12;12;12;12;31;31;31;31;31;31;31;31;31;31;31;31;1;1;1;1;1;1;1;1;1;1;1;12;31
2021-09-17;"60+";7;7;7;7;7;7;7;7;7;7;7;7;23;23;23;23;23;23;23;23;23;23;23;23;1;1;1;1;1;1;1;1;1;1;1;6;21
2021-09-17;"alle";19;19;19;19;19;19;19;19;19;19;19;19;54;54;54;54;54;54;54;54;54;54;54;54;NA;NA;NA;NA;NA;NA;NA;NA;NA;NA;NA;18;52
2021-09-16;"0-60";4;4;4;4;4;4;4;4;4;4;4;4;25;25;25;25;25;25;25;25;25;25;25;25;1;1;1;1;1;1;1;1;1;1;1;4;25
2021-09-16;"60+";1;1;1;1;1;1;1;1;1;1;1;1;19;19;19;19;19;19;19;19;19;19;19;19;1;1;1;1;1;1;1;1;1;1;1;1;18
2021-09-16;"alle";5;5;5;5;5;5;5;5;5;5;5;5;44;44;44;44;44;44;44;44;44;44;44;44;NA;NA;NA;NA;NA;NA;NA;NA;NA;NA;NA;5;43
2021-09-15;"0-60";8;8;8;8;8;8;8;8;8;8;8;8;23;23;23;23;23;23;23;23;23;23;23;23;1;1;1;1;1;1;1;1;1;1;1;8;23
2021-09-15;"60+";8;8;8;8;8;8;8;8;8;8;8;8;24;24;24;24;24;24;24;24;24;24;24;24;1;1;1;1;1;1;1;1;1;1;1;8;23
2021-09-15;"alle";16;16;16;16;16;16;16;16;16;16;16;16;47;47;47;47;47;47;47;47;47;47;47;47;NA;NA;NA;NA;NA;NA;NA;NA;NA;NA;NA;16;46
2021-09-14;"0-60";2;2;2;2;2;2;2;2;2;2;2;2;19;19;19;19;19;19;19;19;19;19;19;19;1;1;1;1;1;1;1;1;1;1;1;2;19
2021-09-14;"60+";1;1;1;1;1;1;1;1;1;1;1;1;19;19;19;19;19;19;19;19;19;19;19;19;1;1;1;1;1;1;1;1;1;1;1;1;18
2021-09-14;"alle";3;3;3;3;3;3;3;3;3;3;3;3;38;38;38;38;38;38;38;38;38;38;38;38;NA;NA;NA;NA;NA;NA;NA;NA;NA;NA;NA;3;37
2021-09-13;"0-60";1;1;1;1;1;1;1;1;1;1;1;1;23;23;23;23;23;23;23;23;23;23;23;23;1;1;1;1;1;1;1;1;1;1;1;1;23
2021-09-13;"60+";0;0;0;0;0;0;0;0;0;0;0;0;20;20;20;20;20;20;20;20;20;20;20;20;1;1;1;1;1;1;1;1;1;1;1;0;19
2021-09-13;"alle";1;1;1;1;1;1;1;1;1;1;1;1;43;43;43;43;43;43;43;43;43;43;43;43;NA;NA;NA;NA;NA;NA;NA;NA;NA;NA;NA;1;42
2021-09-12;"0-60";2;2;2;2;2;2;2;2;2;2;2;2;22;22;22;22;22;22;22;22;22;22;22;22;1;1;1;1;1;1;1;1;1;1;1;2;22
2021-09-12;"60+";3;3;3;3;3;3;3;3;3;3;3;3;23;23;23;23;23;23;23;23;23;23;23;23;1;1;1;1;1;1;1;1;1;1;1;2;22
2021-09-12;"alle";5;5;5;5;5;5;5;5;5;5;5;5;45;45;45;45;45;45;45;45;45;45;45;45;NA;NA;NA;NA;NA;NA;NA;NA;NA;NA;NA;4;44
2021-09-11;"0-60";2;2;2;2;2;2;2;2;2;2;2;2;22;22;22;22;22;22;22;22;22;22;22;22;1;1;1;1;1;1;1;1;1;1;1;2;22
2021-09-11;"60+";3;3;3;3;3;3;3;3;3;3;3;3;22;22;22;22;22;22;22;22;22;22;22;22;1;1;1;1;1;1;1;1;1;1;1;3;22
2021-09-11;"alle";5;5;5;5;5;5;5;5;5;5;5;5;44;44;44;44;44;44;44;44;44;44;44;44;NA;NA;NA;NA;NA;NA;NA;NA;NA;NA;NA;5;44
2021-09-10;"0-60";6;6;6;6;6;6;6;6;6;6;6;6;26;26;26;26;26;26;26;26;26;26;26;26;1;1;1;1;1;1;1;1;1;1;1;6;26
2021-09-10;"60+";3;3;3;3;3;3;3;3;3;3;3;3;24;24;24;24;24;24;24;24;24;24;24;24;1;1;1;1;1;1;1;1;1;1;1;3;24
2021-09-10;"alle";9;9;9;9;9;9;9;9;9;9;9;9;50;50;50;50;50;50;50;50;50;50;50;50;NA;NA;NA;NA;NA;NA;NA;NA;NA;NA;NA;9;50
2021-09-09;"0-60";2;2;2;2;2;2;2;2;2;2;2;2;25;25;25;25;25;25;25;25;25;25;25;25;1;1;1;1;1;1;1;1;1;1;1;2;25
2021-09-09;"60+";6;6;6;6;6;6;6;6;6;6;6;6;26;26;26;26;26;26;26;26;26;26;26;26;1;1;1;1;1;1;1;1;1;1;1;6;26
2021-09-09;"alle";8;8;8;8;8;8;8;8;8;8;8;8;51;51;51;51;51;51;51;51;51;51;51;51;NA;NA;NA;NA;NA;NA;NA;NA;NA;NA;NA;8;51
2021-09-08;"0-60";4;4;4;4;4;4;4;4;4;4;4;4;28;28;28;28;28;28;28;28;28;28;28;28;1;1;1;1;1;1;1;1;1;1;1;4;28
2021-09-08;"60+";3;3;3;3;3;3;3;3;3;3;3;3;28;28;28;28;28;28;28;28;28;28;28;28;1;1;1;1;1;1;1;1;1;1;1;3;28
2021-09-08;"alle";7;7;7;7;7;7;7;7;7;7;7;7;56;56;56;56;56;56;56;56;56;56;56;56;NA;NA;NA;NA;NA;NA;NA;NA;NA;NA;NA;7;56
2021-09-07;"0-60";6;6;6;6;6;6;6;6;6;6;6;6;26;26;26;26;26;26;26;26;26;26;26;26;1;1;1;1;1;1;1;1;1;1;1;6;26
2021-09-07;"60+";2;2;2;2;2;2;2;2;2;2;2;2;29;29;29;29;29;29;29;29;29;29;29;29;1;1;1;1;1;1;1;1;1;1;1;2;29
2021-09-07;"alle";8;8;8;8;8;8;8;8;8;8;8;8;55;55;55;55;55;55;55;55;55;55;55;55;NA;NA;NA;NA;NA;NA;NA;NA;NA;NA;NA;8;55
2021-09-06;"0-60";0;0;0;0;0;0;0;0;0;0;0;0;27;27;27;27;27;27;27;27;27;27;27;27;1;1;1;1;1;1;1;1;1;1;1;0;27
2021-09-06;"60+";3;3;3;3;3;3;3;3;3;3;3;3;29;29;29;29;29;29;29;29;29;29;29;29;1;1;1;1;1;1;1;1;1;1;1;3;29
2021-09-06;"alle";3;3;3;3;3;3;3;3;3;3;3;3;56;56;56;56;56;56;56;56;56;56;56;56;NA;NA;NA;NA;NA;NA;NA;NA;NA;NA;NA;3;56
2021-09-05;"0-60";2;2;2;2;2;2;2;2;2;2;2;2;27;27;27;27;27;27;27;27;27;27;27;27;1;1;1;1;1;1;1;1;1;1;1;2;27
2021-09-05;"60+";2;2;2;2;2;2;2;2;2;2;2;2;26;26;26;26;26;26;26;26;26;26;26;26;1;1;1;1;1;1;1;1;1;1;1;2;26
2021-09-05;"alle";4;4;4;4;4;4;4;4;4;4;4;4;53;53;53;53;53;53;53;53;53;53;53;53;NA;NA;NA;NA;NA;NA;NA;NA;NA;NA;NA;4;53
2021-09-04;"0-60";6;6;6;6;6;6;6;6;6;6;6;6;28;28;28;28;28;28;28;28;28;28;28;28;1;1;1;1;1;1;1;1;1;1;1;6;28
2021-09-04;"60+";5;5;5;5;5;5;5;5;5;5;5;5;25;25;25;25;25;25;25;25;25;25;25;25;1;1;1;1;1;1;1;1;1;1;1;5;25
2021-09-04;"alle";11;11;11;11;11;11;11;11;11;11;11;11;53;53;53;53;53;53;53;53;53;53;53;53;NA;NA;NA;NA;NA;NA;NA;NA;NA;NA;NA;11;53
2021-09-03;"0-60";5;5;5;5;5;5;5;5;5;5;5;5;26;26;26;26;26;26;26;26;26;26;26;26;1;1;1;1;1;1;1;1;1;1;1;5;25
2021-09-03;"60+";5;5;5;5;5;5;5;5;5;5;5;5;21;21;21;21;21;21;21;21;21;21;21;21;1;1;1;1;1;1;1;1;1;1;1;5;21
2021-09-03;"alle";10;10;10;10;10;10;10;10;10;10;10;10;47;47;47;47;47;47;47;47;47;47;47;47;NA;NA;NA;NA;NA;NA;NA;NA;NA;NA;NA;10;46
2021-09-02;"0-60";5;5;5;5;5;5;5;5;5;5;5;5;26;26;26;26;26;26;26;26;26;26;26;26;1;1;1;1;1;1;1;1;1;1;1;5;25
2021-09-02;"60+";8;8;8;8;8;8;8;8;8;8;8;8;22;22;22;22;22;22;22;22;22;22;22;22;1;1;1;1;1;1;1;1;1;1;1;8;22
2021-09-02;"alle";13;13;13;13;13;13;13;13;13;13;13;13;48;48;48;48;48;48;48;48;48;48;48;48;NA;NA;NA;NA;NA;NA;NA;NA;NA;NA;NA;13;47
2021-09-01;"0-60";2;2;2;2;2;2;2;2;2;2;2;2;24;24;24;24;24;24;24;24;24;24;24;24;1;1;1;1;1;1;1;1;1;1;1;2;23
2021-09-01;"60+";4;4;4;4;4;4;4;4;4;4;4;4;17;17;17;17;17;17;17;17;17;17;17;17;1;1;1;1;1;1;1;1;1;1;1;4;17
2021-09-01;"alle";6;6;6;6;6;6;6;6;6;6;6;6;41;41;41;41;41;41;41;41;41;41;41;41;NA;NA;NA;NA;NA;NA;NA;NA;NA;NA;NA;6;40
2021-08-31;"0-60";7;7;7;7;7;7;7;7;7;7;7;7;24;24;24;24;24;24;24;24;24;24;24;24;1;1;1;1;1;1;1;1;1;1;1;7;23
2021-08-31;"60+";2;2;2;2;2;2;2;2;2;2;2;2;15;15;15;15;15;15;15;15;15;15;15;15;1;1;1;1;1;1;1;1;1;1;1;2;15
2021-08-31;"alle";9;9;9;9;9;9;9;9;9;9;9;9;39;39;39;39;39;39;39;39;39;39;39;39;NA;NA;NA;NA;NA;NA;NA;NA;NA;NA;NA;9;38
2021-08-30;"0-60";0;0;0;0;0;0;0;0;0;0;0;0;17;17;17;17;17;17;17;17;17;17;17;17;1;1;1;1;1;1;1;1;1;1;1;0;16
2021-08-30;"60+";0;0;0;0;0;0;0;0;0;0;0;0;14;14;14;14;14;14;14;14;14;14;14;14;1;1;1;1;1;1;1;1;1;1;1;0;14
2021-08-30;"alle";0;0;0;0;0;0;0;0;0;0;0;0;31;31;31;31;31;31;31;31;31;31;31;31;NA;NA;NA;NA;NA;NA;NA;NA;NA;NA;NA;0;30
2021-08-29;"0-60";3;3;3;3;3;3;3;3;3;3;3;3;18;18;18;18;18;18;18;18;18;18;18;18;1;1;1;1;1;1;1;1;1;1;1;3;17
2021-08-29;"60+";1;1;1;1;1;1;1;1;1;1;1;1;14;14;14;14;14;14;14;14;14;14;14;14;1;1;1;1;1;1;1;1;1;1;1;1;14
2021-08-29;"alle";4;4;4;4;4;4;4;4;4;4;4;4;32;32;32;32;32;32;32;32;32;32;32;32;NA;NA;NA;NA;NA;NA;NA;NA;NA;NA;NA;4;31
2021-08-28;"0-60";4;4;4;4;4;4;4;4;4;4;4;4;17;17;17;17;17;17;17;17;17;17;17;17;1;1;1;1;1;1;1;1;1;1;1;3;16
2021-08-28;"60+";1;1;1;1;1;1;1;1;1;1;1;1;13;13;13;13;13;13;13;13;13;13;13;13;1;1;1;1;1;1;1;1;1;1;1;1;13
2021-08-28;"alle";5;5;5;5;5;5;5;5;5;5;5;5;30;30;30;30;30;30;30;30;30;30;30;30;NA;NA;NA;NA;NA;NA;NA;NA;NA;NA;NA;4;29
2021-08-27;"0-60";5;5;5;5;5;5;5;5;5;5;5;5;14;14;14;14;14;14;14;14;14;14;14;14;1;1;1;1;1;1;1;1;1;1;1;5;14
2021-08-27;"60+";6;6;6;6;6;6;6;6;6;6;6;6;15;15;15;15;15;15;15;15;15;15;15;15;1;1;1;1;1;1;1;1;1;1;1;6;15
2021-08-27;"alle";11;11;11;11;11;11;11;11;11;11;11;11;29;29;29;29;29;29;29;29;29;29;29;29;NA;NA;NA;NA;NA;NA;NA;NA;NA;NA;NA;11;29
2021-08-26;"0-60";3;3;3;3;3;3;3;3;3;3;3;3;9;9;9;9;9;9;9;9;9;9;9;9;1;1;1;1;1;1;1;1;1;1;1;3;9
2021-08-26;"60+";3;3;3;3;3;3;3;3;3;3;3;3;11;11;11;11;11;11;11;11;11;11;11;11;1;1;1;1;1;1;1;1;1;1;1;3;11
2021-08-26;"alle";6;6;6;6;6;6;6;6;6;6;6;6;20;20;20;20;20;20;20;20;20;20;20;20;NA;NA;NA;NA;NA;NA;NA;NA;NA;NA;NA;6;20
2021-08-25;"0-60";2;2;2;2;2;2;2;2;2;2;2;2;7;7;7;7;7;7;7;7;7;7;7;7;1;1;1;1;1;1;1;1;1;1;1;2;7
2021-08-25;"60+";2;2;2;2;2;2;2;2;2;2;2;2;10;10;10;10;10;10;10;10;10;10;10;10;1;1;1;1;1;1;1;1;1;1;1;2;10
2021-08-25;"alle";4;4;4;4;4;4;4;4;4;4;4;4;17;17;17;17;17;17;17;17;17;17;17;17;NA;NA;NA;NA;NA;NA;NA;NA;NA;NA;NA;4;17
2021-08-24;"0-60";0;0;0;0;0;0;0;0;0;0;0;0;9;9;9;9;9;9;9;9;9;9;9;9;1;1;1;1;1;1;1;1;1;1;1;0;9
2021-08-24;"60+";1;1;1;1;1;1;1;1;1;1;1;1;9;9;9;9;9;9;9;9;9;9;9;9;1;1;1;1;1;1;1;1;1;1;1;1;9
2021-08-24;"alle";1;1;1;1;1;1;1;1;1;1;1;1;18;18;18;18;18;18;18;18;18;18;18;18;NA;NA;NA;NA;NA;NA;NA;NA;NA;NA;NA;1;18
2021-08-23;"0-60";1;1;1;1;1;1;1;1;1;1;1;1;13;13;13;13;13;13;13;13;13;13;13;13;1;1;1;1;1;1;1;1;1;1;1;1;13
2021-08-23;"60+";0;0;0;0;0;0;0;0;0;0;0;0;8;8;8;8;8;8;8;8;8;8;8;8;1;1;1;1;1;1;1;1;1;1;1;0;8
2021-08-23;"alle";1;1;1;1;1;1;1;1;1;1;1;1;21;21;21;21;21;21;21;21;21;21;21;21;NA;NA;NA;NA;NA;NA;NA;NA;NA;NA;NA;1;21
2021-08-22;"0-60";2;2;2;2;2;2;2;2;2;2;2;2;13;13;13;13;13;13;13;13;13;13;13;13;1;1;1;1;1;1;1;1;1;1;1;2;13
2021-08-22;"60+";0;0;0;0;0;0;0;0;0;0;0;0;8;8;8;8;8;8;8;8;8;8;8;8;1;1;1;1;1;1;1;1;1;1;1;0;8
2021-08-22;"alle";2;2;2;2;2;2;2;2;2;2;2;2;21;21;21;21;21;21;21;21;21;21;21;21;NA;NA;NA;NA;NA;NA;NA;NA;NA;NA;NA;2;21
2021-08-21;"0-60";1;1;1;1;1;1;1;1;1;1;1;1;11;11;11;11;11;11;11;11;11;11;11;11;1;1;1;1;1;1;1;1;1;1;1;1;11
2021-08-21;"60+";3;3;3;3;3;3;3;3;3;3;3;3;9;9;9;9;9;9;9;9;9;9;9;9;1;1;1;1;1;1;1;1;1;1;1;3;9
2021-08-21;"alle";4;4;4;4;4;4;4;4;4;4;4;4;20;20;20;20;20;20;20;20;20;20;20;20;NA;NA;NA;NA;NA;NA;NA;NA;NA;NA;NA;4;20
2021-08-20;"0-60";0;0;0;0;0;0;0;0;0;0;0;0;12;12;12;12;12;12;12;12;12;12;12;12;1;1;1;1;1;1;1;1;1;1;1;0;12
2021-08-20;"60+";2;2;2;2;2;2;2;2;2;2;2;2;7;7;7;7;7;7;7;7;7;7;7;7;1;1;1;1;1;1;1;1;1;1;1;2;7
2021-08-20;"alle";2;2;2;2;2;2;2;2;2;2;2;2;19;19;19;19;19;19;19;19;19;19;19;19;NA;NA;NA;NA;NA;NA;NA;NA;NA;NA;NA;2;19
2021-08-19;"0-60";1;1;1;1;1;1;1;1;1;1;1;1;12;12;12;12;12;12;12;12;12;12;12;12;1;1;1;1;1;1;1;1;1;1;1;1;12
2021-08-19;"60+";2;2;2;2;2;2;2;2;2;2;2;2;6;6;6;6;6;6;6;6;6;6;6;6;1;1;1;1;1;1;1;1;1;1;1;2;6
2021-08-19;"alle";3;3;3;3;3;3;3;3;3;3;3;3;18;18;18;18;18;18;18;18;18;18;18;18;NA;NA;NA;NA;NA;NA;NA;NA;NA;NA;NA;3;18
2021-08-18;"0-60";4;4;4;4;4;4;4;4;4;4;4;4;13;13;13;13;13;13;13;13;13;13;13;13;1;1;1;1;1;1;1;1;1;1;1;4;13
2021-08-18;"60+";1;1;1;1;1;1;1;1;1;1;1;1;5;5;5;5;5;5;5;5;5;5;5;5;1;1;1;1;1;1;1;1;1;1;1;1;5
2021-08-18;"alle";5;5;5;5;5;5;5;5;5;5;5;5;18;18;18;18;18;18;18;18;18;18;18;18;NA;NA;NA;NA;NA;NA;NA;NA;NA;NA;NA;5;18
2021-08-17;"0-60";4;4;4;4;4;4;4;4;4;4;4;4;10;10;10;10;10;10;10;10;10;10;10;10;1;1;1;1;1;1;1;1;1;1;1;4;10
2021-08-17;"60+";0;0;0;0;0;0;0;0;0;0;0;0;6;6;6;6;6;6;6;6;6;6;6;6;1;1;1;1;1;1;1;1;1;1;1;0;6
2021-08-17;"alle";4;4;4;4;4;4;4;4;4;4;4;4;16;16;16;16;16;16;16;16;16;16;16;16;NA;NA;NA;NA;NA;NA;NA;NA;NA;NA;NA;4;16
2021-08-16;"0-60";1;1;1;1;1;1;1;1;1;1;1;1;6;6;6;6;6;6;6;6;6;6;6;6;1;1;1;1;1;1;1;1;1;1;1;1;6
2021-08-16;"60+";0;0;0;0;0;0;0;0;0;0;0;0;7;7;7;7;7;7;7;7;7;7;7;7;1;1;1;1;1;1;1;1;1;1;1;0;7
2021-08-16;"alle";1;1;1;1;1;1;1;1;1;1;1;1;13;13;13;13;13;13;13;13;13;13;13;13;NA;NA;NA;NA;NA;NA;NA;NA;NA;NA;NA;1;13
2021-08-15;"0-60";0;0;0;0;0;0;0;0;0;0;0;0;7;7;7;7;7;7;7;7;7;7;7;7;1;1;1;1;1;1;1;1;1;1;1;0;7
2021-08-15;"60+";1;1;1;1;1;1;1;1;1;1;1;1;9;9;9;9;9;9;9;9;9;9;9;9;1;1;1;1;1;1;1;1;1;1;1;1;9
2021-08-15;"alle";1;1;1;1;1;1;1;1;1;1;1;1;16;16;16;16;16;16;16;16;16;16;16;16;NA;NA;NA;NA;NA;NA;NA;NA;NA;NA;NA;1;16
2021-08-14;"0-60";2;2;2;2;2;2;2;2;2;2;2;2;8;8;8;8;8;8;8;8;8;8;8;8;1;1;1;1;1;1;1;1;1;1;1;2;8
2021-08-14;"60+";1;1;1;1;1;1;1;1;1;1;1;1;9;9;9;9;9;9;9;9;9;9;9;9;1;1;1;1;1;1;1;1;1;1;1;1;9
2021-08-14;"alle";3;3;3;3;3;3;3;3;3;3;3;3;17;17;17;17;17;17;17;17;17;17;17;17;NA;NA;NA;NA;NA;NA;NA;NA;NA;NA;NA;3;17
2021-08-13;"0-60";0;0;0;0;0;0;0;0;0;0;0;0;7;7;7;7;7;7;7;7;7;7;7;7;1;1;1;1;1;1;1;1;1;1;1;0;7
2021-08-13;"60+";1;1;1;1;1;1;1;1;1;1;1;1;10;10;10;10;10;10;10;10;10;10;10;10;1;1;1;1;1;1;1;1;1;1;1;1;10
2021-08-13;"alle";1;1;1;1;1;1;1;1;1;1;1;1;17;17;17;17;17;17;17;17;17;17;17;17;NA;NA;NA;NA;NA;NA;NA;NA;NA;NA;NA;1;17
2021-08-12;"0-60";2;2;2;2;2;2;2;2;2;2;2;2;9;9;9;9;9;9;9;9;9;9;9;9;1;1;1;1;1;1;1;1;1;1;1;2;9
2021-08-12;"60+";1;1;1;1;1;1;1;1;1;1;1;1;9;9;9;9;9;9;9;9;9;9;9;9;1;1;1;1;1;1;1;1;1;1;1;1;9
2021-08-12;"alle";3;3;3;3;3;3;3;3;3;3;3;3;18;18;18;18;18;18;18;18;18;18;18;18;NA;NA;NA;NA;NA;NA;NA;NA;NA;NA;NA;3;18
2021-08-11;"0-60";1;1;1;1;1;1;1;1;1;1;1;1;7;7;7;7;7;7;7;7;7;7;7;7;1;1;1;1;1;1;1;1;1;1;1;1;7
2021-08-11;"60+";2;2;2;2;2;2;2;2;2;2;2;2;8;8;8;8;8;8;8;8;8;8;8;8;1;1;1;1;1;1;1;1;1;1;1;2;8
2021-08-11;"alle";3;3;3;3;3;3;3;3;3;3;3;3;15;15;15;15;15;15;15;15;15;15;15;15;NA;NA;NA;NA;NA;NA;NA;NA;NA;NA;NA;3;15
2021-08-10;"0-60";0;0;0;0;0;0;0;0;0;0;0;0;7;7;7;7;7;7;7;7;7;7;7;7;1;1;1;1;1;1;1;1;1;1;1;0;7
2021-08-10;"60+";1;1;1;1;1;1;1;1;1;1;1;1;6;6;6;6;6;6;6;6;6;6;6;6;1;1;1;1;1;1;1;1;1;1;1;1;6
2021-08-10;"alle";1;1;1;1;1;1;1;1;1;1;1;1;13;13;13;13;13;13;13;13;13;13;13;13;NA;NA;NA;NA;NA;NA;NA;NA;NA;NA;NA;1;13
2021-08-09;"0-60";2;2;2;2;2;2;2;2;2;2;2;2;7;7;7;7;7;7;7;7;7;7;7;7;1;1;1;1;1;1;1;1;1;1;1;2;7
2021-08-09;"60+";2;2;2;2;2;2;2;2;2;2;2;2;6;6;6;6;6;6;6;6;6;6;6;6;1;1;1;1;1;1;1;1;1;1;1;2;6
2021-08-09;"alle";4;4;4;4;4;4;4;4;4;4;4;4;13;13;13;13;13;13;13;13;13;13;13;13;NA;NA;NA;NA;NA;NA;NA;NA;NA;NA;NA;4;13
2021-08-08;"0-60";1;1;1;1;1;1;1;1;1;1;1;1;5;5;5;5;5;5;5;5;5;5;5;5;1;1;1;1;1;1;1;1;1;1;1;1;5
2021-08-08;"60+";1;1;1;1;1;1;1;1;1;1;1;1;4;4;4;4;4;4;4;4;4;4;4;4;1;1;1;1;1;1;1;1;1;1;1;1;4
2021-08-08;"alle";2;2;2;2;2;2;2;2;2;2;2;2;9;9;9;9;9;9;9;9;9;9;9;9;NA;NA;NA;NA;NA;NA;NA;NA;NA;NA;NA;2;9
2021-08-07;"0-60";1;1;1;1;1;1;1;1;1;1;1;1;4;4;4;4;4;4;4;4;4;4;4;4;1;1;1;1;1;1;1;1;1;1;1;1;4
2021-08-07;"60+";2;2;2;2;2;2;2;2;2;2;2;2;3;3;3;3;3;3;3;3;3;3;3;3;1;1;1;1;1;1;1;1;1;1;1;2;3
2021-08-07;"alle";3;3;3;3;3;3;3;3;3;3;3;3;7;7;7;7;7;7;7;7;7;7;7;7;NA;NA;NA;NA;NA;NA;NA;NA;NA;NA;NA;3;7
2021-08-06;"0-60";2;2;2;2;2;2;2;2;2;2;2;2;3;3;3;3;3;3;3;3;3;3;3;3;1;1;1;1;1;1;1;1;1;1;1;2;3
2021-08-06;"60+";0;0;0;0;0;0;0;0;0;0;0;0;1;1;1;1;1;1;1;1;1;1;1;1;1;1;1;1;1;1;1;1;1;1;1;0;1
2021-08-06;"alle";2;2;2;2;2;2;2;2;2;2;2;2;4;4;4;4;4;4;4;4;4;4;4;4;NA;NA;NA;NA;NA;NA;NA;NA;NA;NA;NA;2;4
2021-08-05;"0-60";0;0;0;0;0;0;0;0;0;0;0;0;1;1;1;1;1;1;1;1;1;1;1;1;1;1;1;1;1;1;1;1;1;1;1;0;1
2021-08-05;"60+";0;0;0;0;0;0;0;0;0;0;0;0;3;3;3;3;3;3;3;3;3;3;3;3;1;1;1;1;1;1;1;1;1;1;1;0;3
2021-08-05;"alle";0;0;0;0;0;0;0;0;0;0;0;0;4;4;4;4;4;4;4;4;4;4;4;4;NA;NA;NA;NA;NA;NA;NA;NA;NA;NA;NA;0;4
2021-08-04;"0-60";1;1;1;1;1;1;1;1;1;1;1;1;2;2;2;2;2;2;2;2;2;2;2;2;1;1;1;1;1;1;1;1;1;1;1;1;2
2021-08-04;"60+";0;0;0;0;0;0;0;0;0;0;0;0;4;4;4;4;4;4;4;4;4;4;4;4;1;1;1;1;1;1;1;1;1;1;1;0;4
2021-08-04;"alle";1;1;1;1;1;1;1;1;1;1;1;1;6;6;6;6;6;6;6;6;6;6;6;6;NA;NA;NA;NA;NA;NA;NA;NA;NA;NA;NA;1;6
2021-08-03;"0-60";0;0;0;0;0;0;0;0;0;0;0;0;1;1;1;1;1;1;1;1;1;1;1;1;1;1;1;1;1;1;1;1;1;1;1;0;1
2021-08-03;"60+";1;1;1;1;1;1;1;1;1;1;1;1;4;4;4;4;4;4;4;4;4;4;4;4;1;1;1;1;1;1;1;1;1;1;1;1;4
2021-08-03;"alle";1;1;1;1;1;1;1;1;1;1;1;1;5;5;5;5;5;5;5;5;5;5;5;5;NA;NA;NA;NA;NA;NA;NA;NA;NA;NA;NA;1;5
2021-08-02;"0-60";0;0;0;0;0;0;0;0;0;0;0;0;2;2;2;2;2;2;2;2;2;2;2;2;1;1;1;1;1;1;1;1;1;1;1;0;1
2021-08-02;"60+";0;0;0;0;0;0;0;0;0;0;0;0;4;4;4;4;4;4;4;4;4;4;4;4;1;1;1;1;1;1;1;1;1;1;1;0;4
2021-08-02;"alle";0;0;0;0;0;0;0;0;0;0;0;0;6;6;6;6;6;6;6;6;6;6;6;6;NA;NA;NA;NA;NA;NA;NA;NA;NA;NA;NA;0;5
2021-08-01;"0-60";0;0;0;0;0;0;0;0;0;0;0;0;2;2;2;2;2;2;2;2;2;2;2;2;1;1;1;1;1;1;1;1;1;1;1;0;1
2021-08-01;"60+";0;0;0;0;0;0;0;0;0;0;0;0;4;4;4;4;4;4;4;4;4;4;4;4;1;1;1;1;1;1;1;1;1;1;1;0;4
2021-08-01;"alle";0;0;0;0;0;0;0;0;0;0;0;0;6;6;6;6;6;6;6;6;6;6;6;6;NA;NA;NA;NA;NA;NA;NA;NA;NA;NA;NA;0;5
2021-07-31;"0-60";0;0;0;0;0;0;0;0;0;0;0;0;2;2;2;2;2;2;2;2;2;2;2;2;1;1;1;1;1;1;1;1;1;1;1;0;1
2021-07-31;"60+";0;0;0;0;0;0;0;0;0;0;0;0;4;4;4;4;4;4;4;4;4;4;4;4;1;1;1;1;1;1;1;1;1;1;1;0;4
2021-07-31;"alle";0;0;0;0;0;0;0;0;0;0;0;0;6;6;6;6;6;6;6;6;6;6;6;6;NA;NA;NA;NA;NA;NA;NA;NA;NA;NA;NA;0;5
2021-07-30;"0-60";0;0;0;0;0;0;0;0;0;0;0;0;2;2;2;2;2;2;2;2;2;2;2;2;1;1;1;1;1;1;1;1;1;1;1;0;1
2021-07-30;"60+";2;2;2;2;2;2;2;2;2;2;2;2;7;7;7;7;7;7;7;7;7;7;7;7;1;1;1;1;1;1;1;1;1;1;1;2;7
2021-07-30;"alle";2;2;2;2;2;2;2;2;2;2;2;2;9;9;9;9;9;9;9;9;9;9;9;9;NA;NA;NA;NA;NA;NA;NA;NA;NA;NA;NA;2;8
2021-07-29;"0-60";1;1;1;1;1;1;1;1;1;1;1;1;3;3;3;3;3;3;3;3;3;3;3;3;1;1;1;1;1;1;1;1;1;1;1;1;2
2021-07-29;"60+";1;1;1;1;1;1;1;1;1;1;1;1;9;9;9;9;9;9;9;9;9;9;9;9;1;1;1;1;1;1;1;1;1;1;1;1;9
2021-07-29;"alle";2;2;2;2;2;2;2;2;2;2;2;2;12;12;12;12;12;12;12;12;12;12;12;12;NA;NA;NA;NA;NA;NA;NA;NA;NA;NA;NA;2;11
2021-07-28;"0-60";0;0;0;0;0;0;0;0;0;0;0;0;2;2;2;2;2;2;2;2;2;2;2;2;1;1;1;1;1;1;1;1;1;1;1;0;1
2021-07-28;"60+";0;0;0;0;0;0;0;0;0;0;0;0;11;11;11;11;11;11;11;11;11;11;11;11;1;1;1;1;1;1;1;1;1;1;1;0;11
2021-07-28;"alle";0;0;0;0;0;0;0;0;0;0;0;0;13;13;13;13;13;13;13;13;13;13;13;13;NA;NA;NA;NA;NA;NA;NA;NA;NA;NA;NA;0;12
2021-07-27;"0-60";1;1;1;1;1;1;1;1;1;1;1;1;4;4;4;4;4;4;4;4;4;4;4;4;1;1;1;1;1;1;1;1;1;1;1;0;3
2021-07-27;"60+";1;1;1;1;1;1;1;1;1;1;1;1;11;11;11;11;11;11;11;11;11;11;11;11;1;1;1;1;1;1;1;1;1;1;1;1;11
2021-07-27;"alle";2;2;2;2;2;2;2;2;2;2;2;2;15;15;15;15;15;15;15;15;15;15;15;15;NA;NA;NA;NA;NA;NA;NA;NA;NA;NA;NA;1;14
2021-07-26;"0-60";0;0;0;0;0;0;0;0;0;0;0;0;6;6;6;6;6;6;6;6;6;6;6;6;1;1;1;1;1;1;1;1;1;1;1;0;6
2021-07-26;"60+";0;0;0;0;0;0;0;0;0;0;0;0;13;13;13;13;13;13;13;13;13;13;13;13;1;1;1;1;1;1;1;1;1;1;1;0;13
2021-07-26;"alle";0;0;0;0;0;0;0;0;0;0;0;0;19;19;19;19;19;19;19;19;19;19;19;19;NA;NA;NA;NA;NA;NA;NA;NA;NA;NA;NA;0;19
2021-07-25;"0-60";0;0;0;0;0;0;0;0;0;0;0;0;6;6;6;6;6;6;6;6;6;6;6;6;1;1;1;1;1;1;1;1;1;1;1;0;6
2021-07-25;"60+";0;0;0;0;0;0;0;0;0;0;0;0;13;13;13;13;13;13;13;13;13;13;13;13;1;1;1;1;1;1;1;1;1;1;1;0;13
2021-07-25;"alle";0;0;0;0;0;0;0;0;0;0;0;0;19;19;19;19;19;19;19;19;19;19;19;19;NA;NA;NA;NA;NA;NA;NA;NA;NA;NA;NA;0;19
2021-07-24;"0-60";0;0;0;0;0;0;0;0;0;0;0;0;6;6;6;6;6;6;6;6;6;6;6;6;1;1;1;1;1;1;1;1;1;1;1;0;6
2021-07-24;"60+";3;3;3;3;3;3;3;3;3;3;3;3;13;13;13;13;13;13;13;13;13;13;13;13;1;1;1;1;1;1;1;1;1;1;1;3;13
2021-07-24;"alle";3;3;3;3;3;3;3;3;3;3;3;3;19;19;19;19;19;19;19;19;19;19;19;19;NA;NA;NA;NA;NA;NA;NA;NA;NA;NA;NA;3;19
2021-07-23;"0-60";1;1;1;1;1;1;1;1;1;1;1;1;7;7;7;7;7;7;7;7;7;7;7;7;1;1;1;1;1;1;1;1;1;1;1;1;7
2021-07-23;"60+";4;4;4;4;4;4;4;4;4;4;4;4;11;11;11;11;11;11;11;11;11;11;11;11;1;1;1;1;1;1;1;1;1;1;1;4;11
2021-07-23;"alle";5;5;5;5;5;5;5;5;5;5;5;5;18;18;18;18;18;18;18;18;18;18;18;18;NA;NA;NA;NA;NA;NA;NA;NA;NA;NA;NA;5;18
2021-07-22;"0-60";0;0;0;0;0;0;0;0;0;0;0;0;7;7;7;7;7;7;7;7;7;7;7;7;1;1;1;1;1;1;1;1;1;1;1;0;7
2021-07-22;"60+";3;3;3;3;3;3;3;3;3;3;3;3;7;7;7;7;7;7;7;7;7;7;7;7;1;1;1;1;1;1;1;1;1;1;1;3;7
2021-07-22;"alle";3;3;3;3;3;3;3;3;3;3;3;3;14;14;14;14;14;14;14;14;14;14;14;14;NA;NA;NA;NA;NA;NA;NA;NA;NA;NA;NA;3;14
2021-07-21;"0-60";2;2;2;2;2;2;2;2;2;2;2;2;8;8;8;8;8;8;8;8;8;8;8;8;1;1;1;1;1;1;1;1;1;1;1;2;8
2021-07-21;"60+";0;0;0;0;0;0;0;0;0;0;0;0;5;5;5;5;5;5;5;5;5;5;5;5;1;1;1;1;1;1;1;1;1;1;1;0;5
2021-07-21;"alle";2;2;2;2;2;2;2;2;2;2;2;2;13;13;13;13;13;13;13;13;13;13;13;13;NA;NA;NA;NA;NA;NA;NA;NA;NA;NA;NA;2;13
2021-07-20;"0-60";3;3;3;3;3;3;3;3;3;3;3;3;8;8;8;8;8;8;8;8;8;8;8;8;1;1;1;1;1;1;1;1;1;1;1;3;7
2021-07-20;"60+";3;3;3;3;3;3;3;3;3;3;3;3;5;5;5;5;5;5;5;5;5;5;5;5;1;1;1;1;1;1;1;1;1;1;1;3;5
2021-07-20;"alle";6;6;6;6;6;6;6;6;6;6;6;6;13;13;13;13;13;13;13;13;13;13;13;13;NA;NA;NA;NA;NA;NA;NA;NA;NA;NA;NA;6;12
2021-07-19;"0-60";0;0;0;0;0;0;0;0;0;0;0;0;6;6;6;6;6;6;6;6;6;6;6;6;1;1;1;1;1;1;1;1;1;1;1;0;5
2021-07-19;"60+";0;0;0;0;0;0;0;0;0;0;0;0;3;3;3;3;3;3;3;3;3;3;3;3;1;1;1;1;1;1;1;1;1;1;1;0;3
2021-07-19;"alle";0;0;0;0;0;0;0;0;0;0;0;0;9;9;9;9;9;9;9;9;9;9;9;9;NA;NA;NA;NA;NA;NA;NA;NA;NA;NA;NA;0;8
2021-07-18;"0-60";0;0;0;0;0;0;0;0;0;0;0;0;6;6;6;6;6;6;6;6;6;6;6;6;1;1;1;1;1;1;1;1;1;1;1;0;5
2021-07-18;"60+";0;0;0;0;0;0;0;0;0;0;0;0;3;3;3;3;3;3;3;3;3;3;3;3;1;1;1;1;1;1;1;1;1;1;1;0;3
2021-07-18;"alle";0;0;0;0;0;0;0;0;0;0;0;0;9;9;9;9;9;9;9;9;9;9;9;9;NA;NA;NA;NA;NA;NA;NA;NA;NA;NA;NA;0;8
2021-07-17;"0-60";1;1;1;1;1;1;1;1;1;1;1;1;6;6;6;6;6;6;6;6;6;6;6;6;1;1;1;1;1;1;1;1;1;1;1;1;5
2021-07-17;"60+";1;1;1;1;1;1;1;1;1;1;1;1;3;3;3;3;3;3;3;3;3;3;3;3;1;1;1;1;1;1;1;1;1;1;1;1;3
2021-07-17;"alle";2;2;2;2;2;2;2;2;2;2;2;2;9;9;9;9;9;9;9;9;9;9;9;9;NA;NA;NA;NA;NA;NA;NA;NA;NA;NA;NA;2;8
2021-07-16;"0-60";1;1;1;1;1;1;1;1;1;1;1;1;6;6;6;6;6;6;6;6;6;6;6;6;1;1;1;1;1;1;1;1;1;1;1;1;5
2021-07-16;"60+";0;0;0;0;0;0;0;0;0;0;0;0;2;2;2;2;2;2;2;2;2;2;2;2;1;1;1;1;1;1;1;1;1;1;1;0;2
2021-07-16;"alle";1;1;1;1;1;1;1;1;1;1;1;1;8;8;8;8;8;8;8;8;8;8;8;8;NA;NA;NA;NA;NA;NA;NA;NA;NA;NA;NA;1;7
2021-07-15;"0-60";1;1;1;1;1;1;1;1;1;1;1;1;7;7;7;7;7;7;7;7;7;7;7;7;1;1;1;1;1;1;1;1;1;1;1;1;6
2021-07-15;"60+";1;1;1;1;1;1;1;1;1;1;1;1;4;4;4;4;4;4;4;4;4;4;4;4;1;1;1;1;1;1;1;1;1;1;1;1;4
2021-07-15;"alle";2;2;2;2;2;2;2;2;2;2;2;2;11;11;11;11;11;11;11;11;11;11;11;11;NA;NA;NA;NA;NA;NA;NA;NA;NA;NA;NA;2;10
2021-07-14;"0-60";2;2;2;2;2;2;2;2;2;2;2;2;6;6;6;6;6;6;6;6;6;6;6;6;1;1;1;1;1;1;1;1;1;1;1;1;5
2021-07-14;"60+";0;0;0;0;0;0;0;0;0;0;0;0;4;4;4;4;4;4;4;4;4;4;4;4;1;1;1;1;1;1;1;1;1;1;1;0;4
2021-07-14;"alle";2;2;2;2;2;2;2;2;2;2;2;2;10;10;10;10;10;10;10;10;10;10;10;10;NA;NA;NA;NA;NA;NA;NA;NA;NA;NA;NA;1;9
2021-07-13;"0-60";1;1;1;1;1;1;1;1;1;1;1;1;4;4;4;4;4;4;4;4;4;4;4;4;1;1;1;1;1;1;1;1;1;1;1;1;4
2021-07-13;"60+";1;1;1;1;1;1;1;1;1;1;1;1;4;4;4;4;4;4;4;4;4;4;4;4;1;1;1;1;1;1;1;1;1;1;1;1;4
2021-07-13;"alle";2;2;2;2;2;2;2;2;2;2;2;2;8;8;8;8;8;8;8;8;8;8;8;8;NA;NA;NA;NA;NA;NA;NA;NA;NA;NA;NA;2;8
2021-07-12;"0-60";0;0;0;0;0;0;0;0;0;0;0;0;3;3;3;3;3;3;3;3;3;3;3;3;1;1;1;1;1;1;1;1;1;1;1;0;3
2021-07-12;"60+";0;0;0;0;0;0;0;0;0;0;0;0;4;4;4;4;4;4;4;4;4;4;4;4;1;1;1;1;1;1;1;1;1;1;1;0;4
2021-07-12;"alle";0;0;0;0;0;0;0;0;0;0;0;0;7;7;7;7;7;7;7;7;7;7;7;7;NA;NA;NA;NA;NA;NA;NA;NA;NA;NA;NA;0;7
2021-07-11;"0-60";0;0;0;0;0;0;0;0;0;0;0;0;3;3;3;3;3;3;3;3;3;3;3;3;1;1;1;1;1;1;1;1;1;1;1;0;3
2021-07-11;"60+";0;0;0;0;0;0;0;0;0;0;0;0;4;4;4;4;4;4;4;4;4;4;4;4;1;1;1;1;1;1;1;1;1;1;1;0;4
2021-07-11;"alle";0;0;0;0;0;0;0;0;0;0;0;0;7;7;7;7;7;7;7;7;7;7;7;7;NA;NA;NA;NA;NA;NA;NA;NA;NA;NA;NA;0;7
2021-07-10;"0-60";1;1;1;1;1;1;1;1;1;1;1;1;3;3;3;3;3;3;3;3;3;3;3;3;1;1;1;1;1;1;1;1;1;1;1;1;3
2021-07-10;"60+";0;0;0;0;0;0;0;0;0;0;0;0;4;4;4;4;4;4;4;4;4;4;4;4;1;1;1;1;1;1;1;1;1;1;1;0;4
2021-07-10;"alle";1;1;1;1;1;1;1;1;1;1;1;1;7;7;7;7;7;7;7;7;7;7;7;7;NA;NA;NA;NA;NA;NA;NA;NA;NA;NA;NA;1;7
2021-07-09;"0-60";2;2;2;2;2;2;2;2;2;2;2;2;2;2;2;2;2;2;2;2;2;2;2;2;1;1;1;1;1;1;1;1;1;1;1;2;2
2021-07-09;"60+";2;2;2;2;2;2;2;2;2;2;2;2;5;5;5;5;5;5;5;5;5;5;5;5;1;1;1;1;1;1;1;1;1;1;1;2;5
2021-07-09;"alle";4;4;4;4;4;4;4;4;4;4;4;4;7;7;7;7;7;7;7;7;7;7;7;7;NA;NA;NA;NA;NA;NA;NA;NA;NA;NA;NA;4;7
2021-07-08;"0-60";0;0;0;0;0;0;0;0;0;0;0;0;3;3;3;3;3;3;3;3;3;3;3;3;1;1;1;1;1;1;1;1;1;1;1;0;3
2021-07-08;"60+";1;1;1;1;1;1;1;1;1;1;1;1;5;5;5;5;5;5;5;5;5;5;5;5;1;1;1;1;1;1;1;1;1;1;1;1;5
2021-07-08;"alle";1;1;1;1;1;1;1;1;1;1;1;1;8;8;8;8;8;8;8;8;8;8;8;8;NA;NA;NA;NA;NA;NA;NA;NA;NA;NA;NA;1;8
2021-07-07;"0-60";0;0;0;0;0;0;0;0;0;0;0;0;5;5;5;5;5;5;5;5;5;5;5;5;1;1;1;1;1;1;1;1;1;1;1;0;5
2021-07-07;"60+";0;0;0;0;0;0;0;0;0;0;0;0;4;4;4;4;4;4;4;4;4;4;4;4;1;1;1;1;1;1;1;1;1;1;1;0;4
2021-07-07;"alle";0;0;0;0;0;0;0;0;0;0;0;0;9;9;9;9;9;9;9;9;9;9;9;9;NA;NA;NA;NA;NA;NA;NA;NA;NA;NA;NA;0;9
2021-07-06;"0-60";0;0;0;0;0;0;0;0;0;0;0;0;7;7;7;7;7;7;7;7;7;7;7;7;1;1;1;1;1;1;1;1;1;1;1;0;7
2021-07-06;"60+";1;1;1;1;1;1;1;1;1;1;1;1;5;5;5;5;5;5;5;5;5;5;5;5;1;1;1;1;1;1;1;1;1;1;1;1;5
2021-07-06;"alle";1;1;1;1;1;1;1;1;1;1;1;1;12;12;12;12;12;12;12;12;12;12;12;12;NA;NA;NA;NA;NA;NA;NA;NA;NA;NA;NA;1;12
2021-07-05;"0-60";0;0;0;0;0;0;0;0;0;0;0;0;7;7;7;7;7;7;7;7;7;7;7;7;1;1;1;1;1;1;1;1;1;1;1;0;7
2021-07-05;"60+";0;0;0;0;0;0;0;0;0;0;0;0;5;5;5;5;5;5;5;5;5;5;5;5;1;1;1;1;1;1;1;1;1;1;1;0;4
2021-07-05;"alle";0;0;0;0;0;0;0;0;0;0;0;0;12;12;12;12;12;12;12;12;12;12;12;12;NA;NA;NA;NA;NA;NA;NA;NA;NA;NA;NA;0;11
2021-07-04;"0-60";0;0;0;0;0;0;0;0;0;0;0;0;7;7;7;7;7;7;7;7;7;7;7;7;1;1;1;1;1;1;1;1;1;1;1;0;7
2021-07-04;"60+";0;0;0;0;0;0;0;0;0;0;0;0;5;5;5;5;5;5;5;5;5;5;5;5;1;1;1;1;1;1;1;1;1;1;1;0;4
2021-07-04;"alle";0;0;0;0;0;0;0;0;0;0;0;0;12;12;12;12;12;12;12;12;12;12;12;12;NA;NA;NA;NA;NA;NA;NA;NA;NA;NA;NA;0;11
2021-07-03;"0-60";0;0;0;0;0;0;0;0;0;0;0;0;7;7;7;7;7;7;7;7;7;7;7;7;1;1;1;1;1;1;1;1;1;1;1;0;7
2021-07-03;"60+";1;1;1;1;1;1;1;1;1;1;1;1;7;7;7;7;7;7;7;7;7;7;7;7;1;1;1;1;1;1;1;1;1;1;1;1;6
2021-07-03;"alle";1;1;1;1;1;1;1;1;1;1;1;1;14;14;14;14;14;14;14;14;14;14;14;14;NA;NA;NA;NA;NA;NA;NA;NA;NA;NA;NA;1;13
2021-07-02;"0-60";3;3;3;3;3;3;3;3;3;3;3;3;7;7;7;7;7;7;7;7;7;7;7;7;1;1;1;1;1;1;1;1;1;1;1;3;7
2021-07-02;"60+";2;2;2;2;2;2;2;2;2;2;2;2;7;7;7;7;7;7;7;7;7;7;7;7;1;1;1;1;1;1;1;1;1;1;1;2;6
2021-07-02;"alle";5;5;5;5;5;5;5;5;5;5;5;5;14;14;14;14;14;14;14;14;14;14;14;14;NA;NA;NA;NA;NA;NA;NA;NA;NA;NA;NA;5;13
2021-07-01;"0-60";2;2;2;2;2;2;2;2;2;2;2;2;4;4;4;4;4;4;4;4;4;4;4;4;1;1;1;1;1;1;1;1;1;1;1;2;4
2021-07-01;"60+";0;0;0;0;0;0;0;0;0;0;0;0;6;6;6;6;6;6;6;6;6;6;6;6;1;1;1;1;1;1;1;1;1;1;1;0;5
2021-07-01;"alle";2;2;2;2;2;2;2;2;2;2;2;2;10;10;10;10;10;10;10;10;10;10;10;10;NA;NA;NA;NA;NA;NA;NA;NA;NA;NA;NA;2;9
2021-06-30;"0-60";2;2;2;2;2;2;2;2;2;2;2;2;3;3;3;3;3;3;3;3;3;3;3;3;1;1;1;1;1;1;1;1;1;1;1;2;3
2021-06-30;"60+";1;1;1;1;1;1;1;1;1;1;1;1;8;8;8;8;8;8;8;8;8;8;8;8;1;1;1;1;1;1;1;1;1;1;1;1;7
2021-06-30;"alle";3;3;3;3;3;3;3;3;3;3;3;3;11;11;11;11;11;11;11;11;11;11;11;11;NA;NA;NA;NA;NA;NA;NA;NA;NA;NA;NA;3;10
2021-06-29;"0-60";0;0;0;0;0;0;0;0;0;0;0;0;3;3;3;3;3;3;3;3;3;3;3;3;1;1;1;1;1;1;1;1;1;1;1;0;3
2021-06-29;"60+";1;1;1;1;1;1;1;1;1;1;1;1;10;10;10;10;10;10;10;10;10;10;10;10;1;1;1;1;1;1;1;1;1;1;1;0;9
2021-06-29;"alle";1;1;1;1;1;1;1;1;1;1;1;1;13;13;13;13;13;13;13;13;13;13;13;13;NA;NA;NA;NA;NA;NA;NA;NA;NA;NA;NA;0;12
2021-06-28;"0-60";0;0;0;0;0;0;0;0;0;0;0;0;5;5;5;5;5;5;5;5;5;5;5;5;1;1;1;1;1;1;1;1;1;1;1;0;5
2021-06-28;"60+";0;0;0;0;0;0;0;0;0;0;0;0;10;10;10;10;10;10;10;10;10;10;10;10;1;1;1;1;1;1;1;1;1;1;1;0;10
2021-06-28;"alle";0;0;0;0;0;0;0;0;0;0;0;0;15;15;15;15;15;15;15;15;15;15;15;15;NA;NA;NA;NA;NA;NA;NA;NA;NA;NA;NA;0;15
2021-06-27;"0-60";0;0;0;0;0;0;0;0;0;0;0;0;5;5;5;5;5;5;5;5;5;5;5;5;1;1;1;1;1;1;1;1;1;1;1;0;5
2021-06-27;"60+";2;2;2;2;2;2;2;2;2;2;2;2;10;10;10;10;10;10;10;10;10;10;10;10;1;1;1;1;1;1;1;1;1;1;1;2;10
2021-06-27;"alle";2;2;2;2;2;2;2;2;2;2;2;2;15;15;15;15;15;15;15;15;15;15;15;15;NA;NA;NA;NA;NA;NA;NA;NA;NA;NA;NA;2;15
2021-06-26;"0-60";0;0;0;0;0;0;0;0;0;0;0;0;10;10;10;10;10;10;10;10;10;10;10;10;1;1;1;1;1;1;1;1;1;1;1;0;10
2021-06-26;"60+";1;1;1;1;1;1;1;1;1;1;1;1;9;9;9;9;9;9;9;9;9;9;9;9;1;1;1;1;1;1;1;1;1;1;1;1;9
2021-06-26;"alle";1;1;1;1;1;1;1;1;1;1;1;1;19;19;19;19;19;19;19;19;19;19;19;19;NA;NA;NA;NA;NA;NA;NA;NA;NA;NA;NA;1;19
2021-06-25;"0-60";0;0;0;0;0;0;0;0;0;0;0;0;12;12;12;12;12;12;12;12;12;12;12;12;1;1;1;1;1;1;1;1;1;1;1;0;12
2021-06-25;"60+";1;1;1;1;1;1;1;1;1;1;1;1;9;9;9;9;9;9;9;9;9;9;9;9;1;1;1;1;1;1;1;1;1;1;1;1;9
2021-06-25;"alle";1;1;1;1;1;1;1;1;1;1;1;1;21;21;21;21;21;21;21;21;21;21;21;21;NA;NA;NA;NA;NA;NA;NA;NA;NA;NA;NA;1;21
2021-06-24;"0-60";1;1;1;1;1;1;1;1;1;1;1;1;12;12;12;12;12;12;12;12;12;12;12;12;1;1;1;1;1;1;1;1;1;1;1;1;12
2021-06-24;"60+";2;2;2;2;2;2;2;2;2;2;2;2;9;9;9;9;9;9;9;9;9;9;9;9;1;1;1;1;1;1;1;1;1;1;1;2;9
2021-06-24;"alle";3;3;3;3;3;3;3;3;3;3;3;3;21;21;21;21;21;21;21;21;21;21;21;21;NA;NA;NA;NA;NA;NA;NA;NA;NA;NA;NA;3;21
2021-06-23;"0-60";2;2;2;2;2;2;2;2;2;2;2;2;15;15;15;15;15;15;15;15;15;15;15;15;1;1;1;1;1;1;1;1;1;1;1;2;15
2021-06-23;"60+";3;3;3;3;3;3;3;3;3;3;3;3;11;11;11;11;11;11;11;11;11;11;11;11;1;1;1;1;1;1;1;1;1;1;1;3;11
2021-06-23;"alle";5;5;5;5;5;5;5;5;5;5;5;5;26;26;26;26;26;26;26;26;26;26;26;26;NA;NA;NA;NA;NA;NA;NA;NA;NA;NA;NA;5;26
2021-06-22;"0-60";2;2;2;2;2;2;2;2;2;2;2;2;15;15;15;15;15;15;15;15;15;15;15;15;1;1;1;1;1;1;1;1;1;1;1;2;15
2021-06-22;"60+";1;1;1;1;1;1;1;1;1;1;1;1;11;11;11;11;11;11;11;11;11;11;11;11;1;1;1;1;1;1;1;1;1;1;1;1;11
2021-06-22;"alle";3;3;3;3;3;3;3;3;3;3;3;3;26;26;26;26;26;26;26;26;26;26;26;26;NA;NA;NA;NA;NA;NA;NA;NA;NA;NA;NA;3;26
2021-06-21;"0-60";0;0;0;0;0;0;0;0;0;0;0;0;15;15;15;15;15;15;15;15;15;15;15;15;1;1;1;1;1;1;1;1;1;1;1;0;15
2021-06-21;"60+";0;0;0;0;0;0;0;0;0;0;0;0;11;11;11;11;11;11;11;11;11;11;11;11;1;1;1;1;1;1;1;1;1;1;1;0;11
2021-06-21;"alle";0;0;0;0;0;0;0;0;0;0;0;0;26;26;26;26;26;26;26;26;26;26;26;26;NA;NA;NA;NA;NA;NA;NA;NA;NA;NA;NA;0;26
2021-06-20;"0-60";5;5;5;5;5;5;5;5;5;5;5;5;15;15;15;15;15;15;15;15;15;15;15;15;1;1;1;1;1;1;1;1;1;1;1;5;15
2021-06-20;"60+";1;1;1;1;1;1;1;1;1;1;1;1;11;11;11;11;11;11;11;11;11;11;11;11;1;1;1;1;1;1;1;1;1;1;1;1;11
2021-06-20;"alle";6;6;6;6;6;6;6;6;6;6;6;6;26;26;26;26;26;26;26;26;26;26;26;26;NA;NA;NA;NA;NA;NA;NA;NA;NA;NA;NA;6;26
2021-06-19;"0-60";2;2;2;2;2;2;2;2;2;2;2;2;11;11;11;11;11;11;11;11;11;11;11;11;1;1;1;1;1;1;1;1;1;1;1;2;11
2021-06-19;"60+";1;1;1;1;1;1;1;1;1;1;1;1;11;11;11;11;11;11;11;11;11;11;11;11;1;1;1;1;1;1;1;1;1;1;1;1;11
2021-06-19;"alle";3;3;3;3;3;3;3;3;3;3;3;3;22;22;22;22;22;22;22;22;22;22;22;22;NA;NA;NA;NA;NA;NA;NA;NA;NA;NA;NA;3;22
2021-06-18;"0-60";0;0;0;0;0;0;0;0;0;0;0;0;10;10;10;10;10;10;10;10;10;10;10;10;1;1;1;1;1;1;1;1;1;1;1;0;10
2021-06-18;"60+";1;1;1;1;1;1;1;1;1;1;1;1;14;14;14;14;14;14;14;14;14;14;14;14;1;1;1;1;1;1;1;1;1;1;1;1;14
2021-06-18;"alle";1;1;1;1;1;1;1;1;1;1;1;1;24;24;24;24;24;24;24;24;24;24;24;24;NA;NA;NA;NA;NA;NA;NA;NA;NA;NA;NA;1;24
2021-06-17;"0-60";4;4;4;4;4;4;4;4;4;4;4;4;12;12;12;12;12;12;12;12;12;12;12;12;1;1;1;1;1;1;1;1;1;1;1;4;12
2021-06-17;"60+";4;4;4;4;4;4;4;4;4;4;4;4;16;16;16;16;16;16;16;16;16;16;16;16;1;1;1;1;1;1;1;1;1;1;1;4;16
2021-06-17;"alle";8;8;8;8;8;8;8;8;8;8;8;8;28;28;28;28;28;28;28;28;28;28;28;28;NA;NA;NA;NA;NA;NA;NA;NA;NA;NA;NA;8;28
2021-06-16;"0-60";2;2;2;2;2;2;2;2;2;2;2;2;10;10;10;10;10;10;10;10;10;10;10;10;1;1;1;1;1;1;1;1;1;1;1;2;10
2021-06-16;"60+";3;3;3;3;3;3;3;3;3;3;3;3;15;15;15;15;15;15;15;15;15;15;15;15;1;1;1;1;1;1;1;1;1;1;1;3;15
2021-06-16;"alle";5;5;5;5;5;5;5;5;5;5;5;5;25;25;25;25;25;25;25;25;25;25;25;25;NA;NA;NA;NA;NA;NA;NA;NA;NA;NA;NA;5;25
2021-06-15;"0-60";2;2;2;2;2;2;2;2;2;2;2;2;13;13;13;13;13;13;13;13;13;13;13;13;1;1;1;1;1;1;1;1;1;1;1;2;13
2021-06-15;"60+";1;1;1;1;1;1;1;1;1;1;1;1;18;18;18;18;18;18;18;18;18;18;18;18;1;1;1;1;1;1;1;1;1;1;1;1;18
2021-06-15;"alle";3;3;3;3;3;3;3;3;3;3;3;3;31;31;31;31;31;31;31;31;31;31;31;31;NA;NA;NA;NA;NA;NA;NA;NA;NA;NA;NA;3;31
2021-06-14;"0-60";0;0;0;0;0;0;0;0;0;0;0;0;13;13;13;13;13;13;13;13;13;13;13;13;1;1;1;1;1;1;1;1;1;1;1;0;13
2021-06-14;"60+";0;0;0;0;0;0;0;0;0;0;0;0;27;27;27;27;27;27;27;27;27;27;27;27;1;1;1;1;1;1;1;1;1;1;1;0;27
2021-06-14;"alle";0;0;0;0;0;0;0;0;0;0;0;0;40;40;40;40;40;40;40;40;40;40;40;40;NA;NA;NA;NA;NA;NA;NA;NA;NA;NA;NA;0;40
2021-06-13;"0-60";1;1;1;1;1;1;1;1;1;1;1;1;14;14;14;14;14;14;14;14;14;14;14;14;1;1;1;1;1;1;1;1;1;1;1;1;14
2021-06-13;"60+";1;1;1;1;1;1;1;1;1;1;1;1;28;28;28;28;28;28;28;28;28;28;28;28;1;1;1;1;1;1;1;1;1;1;1;1;28
2021-06-13;"alle";2;2;2;2;2;2;2;2;2;2;2;2;42;42;42;42;42;42;42;42;42;42;42;42;NA;NA;NA;NA;NA;NA;NA;NA;NA;NA;NA;2;42
2021-06-12;"0-60";1;1;1;1;1;1;1;1;1;1;1;1;15;15;15;15;15;15;15;15;15;15;15;15;1;1;1;1;1;1;1;1;1;1;1;1;15
2021-06-12;"60+";4;4;4;4;4;4;4;4;4;4;4;4;29;29;29;29;29;29;29;29;29;29;29;29;1;1;1;1;1;1;1;1;1;1;1;4;29
2021-06-12;"alle";5;5;5;5;5;5;5;5;5;5;5;5;44;44;44;44;44;44;44;44;44;44;44;44;NA;NA;NA;NA;NA;NA;NA;NA;NA;NA;NA;5;44
2021-06-11;"0-60";2;2;2;2;2;2;2;2;2;2;2;2;16;16;16;16;16;16;16;16;16;16;16;16;1;1;1;1;1;1;1;1;1;1;1;2;16
2021-06-11;"60+";3;3;3;3;3;3;3;3;3;3;3;3;31;31;31;31;31;31;31;31;31;31;31;31;1;1;1;1;1;1;1;1;1;1;1;3;31
2021-06-11;"alle";5;5;5;5;5;5;5;5;5;5;5;5;47;47;47;47;47;47;47;47;47;47;47;47;NA;NA;NA;NA;NA;NA;NA;NA;NA;NA;NA;5;47
2021-06-10;"0-60";2;2;2;2;2;2;2;2;2;2;2;2;16;16;16;16;16;16;16;16;16;16;16;16;1;1;1;1;1;1;1;1;1;1;1;2;16
2021-06-10;"60+";3;3;3;3;3;3;3;3;3;3;3;3;31;31;31;31;31;31;31;31;31;31;31;31;1;1;1;1;1;1;1;1;1;1;1;3;31
2021-06-10;"alle";5;5;5;5;5;5;5;5;5;5;5;5;47;47;47;47;47;47;47;47;47;47;47;47;NA;NA;NA;NA;NA;NA;NA;NA;NA;NA;NA;5;47
2021-06-09;"0-60";5;5;5;5;5;5;5;5;5;5;5;5;17;17;17;17;17;17;17;17;17;17;17;17;1;1;1;1;1;1;1;1;1;1;1;5;16
2021-06-09;"60+";6;6;6;6;6;6;6;6;6;6;6;6;34;34;34;34;34;34;34;34;34;34;34;34;1;1;1;1;1;1;1;1;1;1;1;6;34
2021-06-09;"alle";11;11;11;11;11;11;11;11;11;11;11;11;51;51;51;51;51;51;51;51;51;51;51;51;NA;NA;NA;NA;NA;NA;NA;NA;NA;NA;NA;11;50
2021-06-08;"0-60";2;2;2;2;2;2;2;2;2;2;2;2;18;18;18;18;18;18;18;18;18;18;18;18;1;1;1;1;1;1;1;1;1;1;1;2;17
2021-06-08;"60+";10;10;10;10;10;10;10;10;10;10;10;10;38;38;38;38;38;38;38;38;38;38;38;38;1;1;1;1;1;1;1;1;1;1;1;10;37
2021-06-08;"alle";12;12;12;12;12;12;12;12;12;12;12;12;56;56;56;56;56;56;56;56;56;56;56;56;NA;NA;NA;NA;NA;NA;NA;NA;NA;NA;NA;12;54
2021-06-07;"0-60";1;1;1;1;1;1;1;1;1;1;1;1;20;20;20;20;20;20;20;20;20;20;20;20;1;1;1;1;1;1;1;1;1;1;1;1;19
2021-06-07;"60+";1;1;1;1;1;1;1;1;1;1;1;1;35;35;35;35;35;35;35;35;35;35;35;35;1;1;1;1;1;1;1;1;1;1;1;1;34
2021-06-07;"alle";2;2;2;2;2;2;2;2;2;2;2;2;55;55;55;55;55;55;55;55;55;55;55;55;NA;NA;NA;NA;NA;NA;NA;NA;NA;NA;NA;2;53
2021-06-06;"0-60";2;2;2;2;2;2;2;2;2;2;2;2;21;21;21;21;21;21;21;21;21;21;21;21;1;1;1;1;1;1;1;1;1;1;1;2;20
2021-06-06;"60+";2;2;2;2;2;2;2;2;2;2;2;2;38;38;38;38;38;38;38;38;38;38;38;38;1;1;1;1;1;1;1;1;1;1;1;2;37
2021-06-06;"alle";4;4;4;4;4;4;4;4;4;4;4;4;59;59;59;59;59;59;59;59;59;59;59;59;NA;NA;NA;NA;NA;NA;NA;NA;NA;NA;NA;4;57
2021-06-05;"0-60";2;2;2;2;2;2;2;2;2;2;2;2;20;20;20;20;20;20;20;20;20;20;20;20;1;1;1;1;1;1;1;1;1;1;1;2;19
2021-06-05;"60+";6;6;6;6;6;6;6;6;6;6;6;6;45;45;45;45;45;45;45;45;45;45;45;45;1;1;1;1;1;1;1;1;1;1;1;6;43
2021-06-05;"alle";8;8;8;8;8;8;8;8;8;8;8;8;65;65;65;65;65;65;65;65;65;65;65;65;NA;NA;NA;NA;NA;NA;NA;NA;NA;NA;NA;8;62
2021-06-04;"0-60";2;2;2;2;2;2;2;2;2;2;2;2;22;22;22;22;22;22;22;22;22;22;22;22;1;1;1;1;1;1;1;1;1;1;1;2;21
2021-06-04;"60+";3;3;3;3;3;3;3;3;3;3;3;3;44;44;44;44;44;44;44;44;44;44;44;44;1;1;1;1;1;1;1;1;1;1;1;3;42
2021-06-04;"alle";5;5;5;5;5;5;5;5;5;5;5;5;66;66;66;66;66;66;66;66;66;66;66;66;NA;NA;NA;NA;NA;NA;NA;NA;NA;NA;NA;5;63
2021-06-03;"0-60";3;3;3;3;3;3;3;3;3;3;3;3;21;21;21;21;21;21;21;21;21;21;21;21;1;1;1;1;1;1;1;1;1;1;1;2;19
2021-06-03;"60+";6;6;6;6;6;6;6;6;6;6;6;6;55;55;55;55;55;55;55;55;55;55;55;55;1;1;1;1;1;1;1;1;1;1;1;6;52
2021-06-03;"alle";9;9;9;9;9;9;9;9;9;9;9;9;76;76;76;76;76;76;76;76;76;76;76;76;NA;NA;NA;NA;NA;NA;NA;NA;NA;NA;NA;8;71
2021-06-02;"0-60";6;6;6;6;6;6;6;6;6;6;6;6;24;24;24;24;24;24;24;24;24;24;24;24;1;1;1;1;1;1;1;1;1;1;1;6;23
2021-06-02;"60+";10;10;10;10;10;10;10;10;10;10;10;10;63;63;63;63;63;63;63;63;63;63;63;63;1;1;1;1;1;1;1;1;1;1;1;9;60
2021-06-02;"alle";16;16;16;16;16;16;16;16;16;16;16;16;87;87;87;87;87;87;87;87;87;87;87;87;NA;NA;NA;NA;NA;NA;NA;NA;NA;NA;NA;15;83
2021-06-01;"0-60";4;4;4;4;4;4;4;4;4;4;4;4;23;23;23;23;23;23;23;23;23;23;23;23;1;1;1;1;1;1;1;1;1;1;1;4;22
2021-06-01;"60+";7;7;7;7;7;7;7;7;7;7;7;7;68;68;68;68;68;68;68;68;68;68;68;68;1;1;1;1;1;1;1;1;1;1;1;7;66
2021-06-01;"alle";11;11;11;11;11;11;11;11;11;11;11;11;91;91;91;91;91;91;91;91;91;91;91;91;NA;NA;NA;NA;NA;NA;NA;NA;NA;NA;NA;11;88
2021-05-31;"0-60";2;2;2;2;2;2;2;2;2;2;2;2;22;22;22;22;22;22;22;22;22;22;22;22;1;1;1;1;1;1;1;1;1;1;1;2;21
2021-05-31;"60+";4;4;4;4;4;4;4;4;4;4;4;4;67;67;67;67;67;67;67;67;67;67;67;67;1;1;1;1;1;1;1;1;1;1;1;4;65
2021-05-31;"alle";6;6;6;6;6;6;6;6;6;6;6;6;89;89;89;89;89;89;89;89;89;89;89;89;NA;NA;NA;NA;NA;NA;NA;NA;NA;NA;NA;6;86
2021-05-30;"0-60";1;1;1;1;1;1;1;1;1;1;1;1;20;20;20;20;20;20;20;20;20;20;20;20;1;1;1;1;1;1;1;1;1;1;1;1;19
2021-05-30;"60+";9;9;9;9;9;9;9;9;9;9;9;9;67;67;67;67;67;67;67;67;67;67;67;67;1;1;1;1;1;1;1;1;1;1;1;8;65
2021-05-30;"alle";10;10;10;10;10;10;10;10;10;10;10;10;87;87;87;87;87;87;87;87;87;87;87;87;NA;NA;NA;NA;NA;NA;NA;NA;NA;NA;NA;9;84
2021-05-29;"0-60";4;4;4;4;4;4;4;4;4;4;4;4;27;27;27;27;27;27;27;27;27;27;27;27;1;1;1;1;1;1;1;1;1;1;1;4;25
2021-05-29;"60+";5;5;5;5;5;5;5;5;5;5;5;5;64;64;64;64;64;64;64;64;64;64;64;64;1;1;1;1;1;1;1;1;1;1;1;5;63
2021-05-29;"alle";9;9;9;9;9;9;9;9;9;9;9;9;91;91;91;91;91;91;91;91;91;91;91;91;NA;NA;NA;NA;NA;NA;NA;NA;NA;NA;NA;9;88
2021-05-28;"0-60";1;1;1;1;1;1;1;1;1;1;1;1;26;26;26;26;26;26;26;26;26;26;26;26;1;1;1;1;1;1;1;1;1;1;1;0;24
2021-05-28;"60+";14;14;14;14;14;14;14;14;14;14;14;14;72;72;72;72;72;72;72;72;72;72;72;72;1;1;1;1;1;1;1;1;1;1;1;13;71
2021-05-28;"alle";15;15;15;15;15;15;15;15;15;15;15;15;98;98;98;98;98;98;98;98;98;98;98;98;NA;NA;NA;NA;NA;NA;NA;NA;NA;NA;NA;13;95
2021-05-27;"0-60";6;6;6;6;6;6;6;6;6;6;6;6;30;30;30;30;30;30;30;30;30;30;30;30;1;1;1;1;1;1;1;1;1;1;1;6;29
2021-05-27;"60+";14;14;14;14;14;14;14;14;14;14;14;14;70;70;70;70;70;70;70;70;70;70;70;70;1;1;1;1;1;1;1;1;1;1;1;14;69
2021-05-27;"alle";20;20;20;20;20;20;20;20;20;20;20;20;100;100;100;100;100;100;100;100;100;100;100;100;NA;NA;NA;NA;NA;NA;NA;NA;NA;NA;NA;20;98
2021-05-26;"0-60";5;5;5;5;5;5;5;5;5;5;5;5;36;36;36;36;36;36;36;36;36;36;36;36;1;1;1;1;1;1;1;1;1;1;1;5;35
2021-05-26;"60+";15;15;15;15;15;15;15;15;15;15;15;15;84;84;84;84;84;84;84;84;84;84;84;84;1;1;1;1;1;1;1;1;1;1;1;15;82
2021-05-26;"alle";20;20;20;20;20;20;20;20;20;20;20;20;120;120;120;120;120;120;120;120;120;120;120;120;NA;NA;NA;NA;NA;NA;NA;NA;NA;NA;NA;20;117
2021-05-25;"0-60";3;3;3;3;3;3;3;3;3;3;3;3;45;45;45;45;45;45;45;45;45;45;45;45;1;1;1;1;1;1;1;1;1;1;1;3;44
2021-05-25;"60+";6;6;6;6;6;6;6;6;6;6;6;6;88;88;88;88;88;88;88;88;88;88;88;88;1;1;1;1;1;1;1;1;1;1;1;6;86
2021-05-25;"alle";9;9;9;9;9;9;9;9;9;9;9;9;133;133;133;133;133;133;133;133;133;133;133;133;NA;NA;NA;NA;NA;NA;NA;NA;NA;NA;NA;9;130
2021-05-24;"0-60";0;0;0;0;0;0;0;0;0;0;0;0;50;50;50;50;50;50;50;50;50;50;50;50;1;1;1;1;1;1;1;1;1;1;1;0;49
2021-05-24;"60+";4;4;4;4;4;4;4;4;4;4;4;4;107;107;107;107;107;107;107;107;107;107;107;107;1;1;1;1;1;1;1;1;1;1;1;4;104
2021-05-24;"alle";4;4;4;4;4;4;4;4;4;4;4;4;157;157;157;157;157;157;157;157;157;157;157;157;NA;NA;NA;NA;NA;NA;NA;NA;NA;NA;NA;4;153
2021-05-23;"0-60";8;8;8;8;8;8;8;8;8;8;8;8;53;53;53;53;53;53;53;53;53;53;53;53;1;1;1;1;1;1;1;1;1;1;1;7;52
2021-05-23;"60+";6;6;6;6;6;6;6;6;6;6;6;6;106;106;106;106;106;106;106;106;106;106;106;106;1;1;1;1;1;1;1;1;1;1;1;6;103
2021-05-23;"alle";14;14;14;14;14;14;14;14;14;14;14;14;159;159;159;159;159;159;159;159;159;159;159;159;NA;NA;NA;NA;NA;NA;NA;NA;NA;NA;NA;13;155
2021-05-22;"0-60";3;3;3;3;3;3;3;3;3;3;3;3;56;56;56;56;56;56;56;56;56;56;56;56;1;1;1;1;1;1;1;1;1;1;1;3;56
2021-05-22;"60+";13;13;13;13;13;13;13;13;13;13;13;13;117;117;117;117;117;117;117;117;117;117;117;117;1;1;1;1;1;1;1;1;1;1;1;13;114
2021-05-22;"alle";16;16;16;16;16;16;16;16;16;16;16;16;173;173;173;173;173;173;173;173;173;173;173;173;NA;NA;NA;NA;NA;NA;NA;NA;NA;NA;NA;16;170
2021-05-21;"0-60";5;5;5;5;5;5;5;5;5;5;5;5;57;57;57;57;57;57;57;57;57;57;57;57;1;1;1;1;1;1;1;1;1;1;1;5;57
2021-05-21;"60+";12;12;12;12;12;12;12;12;12;12;12;12;119;119;119;119;119;119;119;119;119;119;119;119;1;1;1;1;1;1;1;1;1;1;1;11;115
2021-05-21;"alle";17;17;17;17;17;17;17;17;17;17;17;17;176;176;176;176;176;176;176;176;176;176;176;176;NA;NA;NA;NA;NA;NA;NA;NA;NA;NA;NA;16;172
2021-05-20;"0-60";12;12;12;12;12;12;12;12;12;12;12;12;60;60;60;60;60;60;60;60;60;60;60;60;1;1;1;1;1;1;1;1;1;1;1;12;59
2021-05-20;"60+";28;28;28;28;28;28;28;28;28;28;28;28;119;119;119;119;119;119;119;119;119;119;119;119;1;1;1;1;1;1;1;1;1;1;1;27;116
2021-05-20;"alle";40;40;40;40;40;40;40;40;40;40;40;40;179;179;179;179;179;179;179;179;179;179;179;179;NA;NA;NA;NA;NA;NA;NA;NA;NA;NA;NA;39;175
2021-05-19;"0-60";14;14;14;14;14;14;14;14;14;14;14;14;62;62;62;62;62;62;62;62;62;62;62;62;1;1;1;1;1;1;1;1;1;1;1;14;60
2021-05-19;"60+";19;19;19;19;19;19;19;19;19;19;19;19;116;116;116;116;116;116;116;116;116;116;116;116;1;1;1;1;1;1;1;1;1;1;1;19;112
2021-05-19;"alle";33;33;33;33;33;33;33;33;33;33;33;33;178;178;178;178;178;178;178;178;178;178;178;178;NA;NA;NA;NA;NA;NA;NA;NA;NA;NA;NA;33;173
2021-05-18;"0-60";8;8;8;8;8;8;8;8;8;8;8;8;64;64;64;64;64;64;64;64;64;64;64;64;1;1;1;1;1;1;1;1;1;1;1;8;59
2021-05-18;"60+";25;25;25;25;25;25;25;25;25;25;25;25;130;130;130;130;130;130;130;130;130;130;130;130;1;1;1;1;1;1;1;1;1;1;1;24;122
2021-05-18;"alle";33;33;33;33;33;33;33;33;33;33;33;33;194;194;194;194;194;194;194;194;194;194;194;194;NA;NA;NA;NA;NA;NA;NA;NA;NA;NA;NA;32;182
2021-05-17;"0-60";3;3;3;3;3;3;3;3;3;3;3;3;68;68;68;68;68;68;68;68;68;68;68;68;1;1;1;1;1;1;1;1;1;1;1;3;63
2021-05-17;"60+";3;3;3;3;3;3;3;3;3;3;3;3;131;131;131;131;131;131;131;131;131;131;131;131;1;1;1;1;1;1;1;1;1;1;1;3;124
2021-05-17;"alle";6;6;6;6;6;6;6;6;6;6;6;6;199;199;199;199;199;199;199;199;199;199;199;199;NA;NA;NA;NA;NA;NA;NA;NA;NA;NA;NA;6;188
2021-05-16;"0-60";11;11;11;11;11;11;11;11;11;11;11;11;71;71;71;71;71;71;71;71;71;71;71;71;1;1;1;1;1;1;1;1;1;1;1;11;66
2021-05-16;"60+";17;17;17;17;17;17;17;17;17;17;17;17;142;142;142;142;142;142;142;142;142;142;142;142;1;1;1;1;1;1;1;1;1;1;1;17;135
2021-05-16;"alle";28;28;28;28;28;28;28;28;28;28;28;28;213;213;213;213;213;213;213;213;213;213;213;213;NA;NA;NA;NA;NA;NA;NA;NA;NA;NA;NA;28;202
2021-05-15;"0-60";4;4;4;4;4;4;4;4;4;4;4;4;62;62;62;62;62;62;62;62;62;62;62;62;1;1;1;1;1;1;1;1;1;1;1;4;57
2021-05-15;"60+";15;15;15;15;15;15;15;15;15;15;15;15;144;144;144;144;144;144;144;144;144;144;144;144;1;1;1;1;1;1;1;1;1;1;1;14;137
2021-05-15;"alle";19;19;19;19;19;19;19;19;19;19;19;19;206;206;206;206;206;206;206;206;206;206;206;206;NA;NA;NA;NA;NA;NA;NA;NA;NA;NA;NA;18;195
2021-05-14;"0-60";8;8;8;8;8;8;8;8;8;8;8;8;71;71;71;71;71;71;71;71;71;71;71;71;1;1;1;1;1;1;1;1;1;1;1;7;65
2021-05-14;"60+";12;12;12;12;12;12;12;12;12;12;12;12;165;165;165;165;165;165;165;165;165;165;165;165;1;1;1;1;1;1;1;1;1;1;1;12;158
2021-05-14;"alle";20;20;20;20;20;20;20;20;20;20;20;20;236;236;236;236;236;236;236;236;236;236;236;236;NA;NA;NA;NA;NA;NA;NA;NA;NA;NA;NA;19;224
2021-05-13;"0-60";14;14;14;14;14;14;14;14;14;14;14;14;76;76;76;76;76;76;76;76;76;76;76;76;1;1;1;1;1;1;1;1;1;1;1;13;69
2021-05-13;"60+";25;25;25;25;25;25;25;25;25;25;25;25;183;183;183;183;183;183;183;183;183;183;183;183;1;1;1;1;1;1;1;1;1;1;1;23;175
2021-05-13;"alle";39;39;39;39;39;39;39;39;39;39;39;39;259;259;259;259;259;259;259;259;259;259;259;259;NA;NA;NA;NA;NA;NA;NA;NA;NA;NA;NA;37;245
2021-05-12;"0-60";16;16;16;16;16;16;16;16;16;16;16;16;76;76;76;76;76;76;76;76;76;76;76;76;1;1;1;1;1;1;1;1;1;1;1;13;69
2021-05-12;"60+";33;33;33;33;33;33;33;33;33;33;33;33;194;194;194;194;194;194;194;194;194;194;194;194;1;1;1;1;1;1;1;1;1;1;1;29;188
2021-05-12;"alle";49;49;49;49;49;49;49;49;49;49;49;49;270;270;270;270;270;270;270;270;270;270;270;270;NA;NA;NA;NA;NA;NA;NA;NA;NA;NA;NA;42;257
2021-05-11;"0-60";12;12;12;12;12;12;12;12;12;12;12;12;72;72;72;72;72;72;72;72;72;72;72;72;1;1;1;1;1;1;1;1;1;1;1;12;67
2021-05-11;"60+";26;26;26;26;26;26;26;26;26;26;26;26;196;196;196;196;196;196;196;196;196;196;196;196;1;1;1;1;1;1;1;1;1;1;1;26;193
2021-05-11;"alle";38;38;38;38;38;38;38;38;38;38;38;38;268;268;268;268;268;268;268;268;268;268;268;268;NA;NA;NA;NA;NA;NA;NA;NA;NA;NA;NA;38;261
2021-05-10;"0-60";6;6;6;6;6;6;6;6;6;6;6;6;74;74;74;74;74;74;74;74;74;74;74;74;1;1;1;1;1;1;1;1;1;1;1;6;67
2021-05-10;"60+";14;14;14;14;14;14;14;14;14;14;14;14;204;204;204;204;204;204;204;204;204;204;204;204;1;1;1;1;1;1;1;1;1;1;1;14;201
2021-05-10;"alle";20;20;20;20;20;20;20;20;20;20;20;20;278;278;278;278;278;278;278;278;278;278;278;278;NA;NA;NA;NA;NA;NA;NA;NA;NA;NA;NA;20;269
2021-05-09;"0-60";2;2;2;2;2;2;2;2;2;2;2;2;75;75;75;75;75;75;75;75;75;75;75;75;1;1;1;1;1;1;1;1;1;1;1;2;68
2021-05-09;"60+";19;19;19;19;19;19;19;19;19;19;19;19;200;200;200;200;200;200;200;200;200;200;200;200;1;1;1;1;1;1;1;1;1;1;1;19;196
2021-05-09;"alle";21;21;21;21;21;21;21;21;21;21;21;21;275;275;275;275;275;275;275;275;275;275;275;275;NA;NA;NA;NA;NA;NA;NA;NA;NA;NA;NA;21;265
2021-05-08;"0-60";13;13;13;13;13;13;13;13;13;13;13;13;87;87;87;87;87;87;87;87;87;87;87;87;1;1;1;1;1;1;1;1;1;1;1;12;78
2021-05-08;"60+";36;36;36;36;36;36;36;36;36;36;36;36;200;200;200;200;200;200;200;200;200;200;200;200;1;1;1;1;1;1;1;1;1;1;1;35;193
2021-05-08;"alle";49;49;49;49;49;49;49;49;49;49;49;49;287;287;287;287;287;287;287;287;287;287;287;287;NA;NA;NA;NA;NA;NA;NA;NA;NA;NA;NA;47;272
2021-05-07;"0-60";13;13;13;13;13;13;13;13;13;13;13;13;91;91;91;91;91;91;91;91;91;91;91;91;1;1;1;1;1;1;1;1;1;1;1;11;81
2021-05-07;"60+";30;30;30;30;30;30;30;30;30;30;30;30;193;193;193;193;193;193;193;193;193;193;193;193;1;1;1;1;1;1;1;1;1;1;1;29;185
2021-05-07;"alle";43;43;43;43;43;43;43;43;43;43;43;43;284;284;284;284;284;284;284;284;284;284;284;284;NA;NA;NA;NA;NA;NA;NA;NA;NA;NA;NA;40;267
2021-05-06;"0-60";14;14;14;14;14;14;14;14;14;14;14;14;100;100;100;100;100;100;100;100;100;100;100;100;1;1;1;1;1;1;1;1;1;1;1;13;90
2021-05-06;"60+";36;36;36;36;36;36;36;36;36;36;36;36;208;208;208;208;208;208;208;208;208;208;208;208;1;1;1;1;1;1;1;1;1;1;1;36;200
2021-05-06;"alle";50;50;50;50;50;50;50;50;50;50;50;50;308;308;308;308;308;308;308;308;308;308;308;308;NA;NA;NA;NA;NA;NA;NA;NA;NA;NA;NA;49;292
2021-05-05;"0-60";12;12;12;12;12;12;12;12;12;12;12;12;97;97;97;97;97;97;97;97;97;97;97;97;1;1;1;1;1;1;1;1;1;1;1;11;87
2021-05-05;"60+";35;35;35;35;35;35;35;35;35;35;35;35;205;205;205;205;205;205;205;205;205;205;205;205;1;1;1;1;1;1;1;1;1;1;1;34;196
2021-05-05;"alle";47;47;47;47;47;47;47;47;47;47;47;47;302;302;302;302;302;302;302;302;302;302;302;302;NA;NA;NA;NA;NA;NA;NA;NA;NA;NA;NA;46;285
2021-05-04;"0-60";14;14;14;14;14;14;14;14;14;14;14;14;95;95;95;95;95;95;95;95;95;95;95;95;1;1;1;1;1;1;1;1;1;1;1;12;86
2021-05-04;"60+";34;34;34;34;34;34;34;34;34;34;34;34;210;210;210;210;210;210;210;210;210;210;210;210;1;1;1;1;1;1;1;1;1;1;1;34;200
2021-05-04;"alle";48;48;48;48;48;48;48;48;48;48;48;48;305;305;305;305;305;305;305;305;305;305;305;305;NA;NA;NA;NA;NA;NA;NA;NA;NA;NA;NA;46;287
2021-05-03;"0-60";7;7;7;7;7;7;7;7;7;7;7;7;92;92;92;92;92;92;92;92;92;92;92;92;1;1;1;1;1;1;1;1;1;1;1;7;85
2021-05-03;"60+";10;10;10;10;10;10;10;10;10;10;10;10;201;201;201;201;201;201;201;201;201;201;201;201;1;1;1;1;1;1;1;1;1;1;1;9;190
2021-05-03;"alle";17;17;17;17;17;17;17;17;17;17;17;17;293;293;293;293;293;293;293;293;293;293;293;293;NA;NA;NA;NA;NA;NA;NA;NA;NA;NA;NA;16;276
2021-05-02;"0-60";14;14;14;14;14;14;14;14;14;14;14;14;93;93;93;93;93;93;93;93;93;93;93;93;1;1;1;1;1;1;1;1;1;1;1;12;85
2021-05-02;"60+";19;19;19;19;19;19;19;19;19;19;19;19;199;199;199;199;199;199;199;199;199;199;199;199;1;1;1;1;1;1;1;1;1;1;1;16;187
2021-05-02;"alle";33;33;33;33;33;33;33;33;33;33;33;33;292;292;292;292;292;292;292;292;292;292;292;292;NA;NA;NA;NA;NA;NA;NA;NA;NA;NA;NA;28;273
2021-05-01;"0-60";17;17;17;17;17;17;17;17;17;17;17;17;89;89;89;89;89;89;89;89;89;89;89;89;1;1;1;1;1;1;1;1;1;1;1;15;83
2021-05-01;"60+";29;29;29;29;29;29;29;29;29;29;29;29;202;202;202;202;202;202;202;202;202;202;202;202;1;1;1;1;1;1;1;1;1;1;1;27;191
2021-05-01;"alle";46;46;46;46;46;46;46;46;46;46;46;46;291;291;291;291;291;291;291;291;291;291;291;291;NA;NA;NA;NA;NA;NA;NA;NA;NA;NA;NA;42;275
2021-04-30;"0-60";22;22;22;22;22;22;22;22;22;22;22;22;84;84;84;84;84;84;84;84;84;84;84;84;1;1;1;1;1;1;1;1;1;1;1;20;79
2021-04-30;"60+";45;45;45;45;45;45;45;45;45;45;45;45;212;212;212;212;212;212;212;212;212;212;212;212;1;1;1;1;1;1;1;1;1;1;1;44;201
2021-04-30;"alle";67;67;67;67;67;67;67;67;67;67;67;67;296;296;296;296;296;296;296;296;296;296;296;296;NA;NA;NA;NA;NA;NA;NA;NA;NA;NA;NA;65;281
2021-04-29;"0-60";11;11;11;11;11;11;11;11;11;11;11;11;80;80;80;80;80;80;80;80;80;80;80;80;1;1;1;1;1;1;1;1;1;1;1;10;77
2021-04-29;"60+";33;33;33;33;33;33;33;33;33;33;33;33;202;202;202;202;202;202;202;202;202;202;202;202;1;1;1;1;1;1;1;1;1;1;1;32;190
2021-04-29;"alle";44;44;44;44;44;44;44;44;44;44;44;44;282;282;282;282;282;282;282;282;282;282;282;282;NA;NA;NA;NA;NA;NA;NA;NA;NA;NA;NA;42;268
2021-04-28;"0-60";10;10;10;10;10;10;10;10;10;10;10;10;90;90;90;90;90;90;90;90;90;90;90;90;1;1;1;1;1;1;1;1;1;1;1;10;87
2021-04-28;"60+";40;40;40;40;40;40;40;40;40;40;40;40;212;212;212;212;212;212;212;212;212;212;212;212;1;1;1;1;1;1;1;1;1;1;1;38;199
2021-04-28;"alle";50;50;50;50;50;50;50;50;50;50;50;50;302;302;302;302;302;302;302;302;302;302;302;302;NA;NA;NA;NA;NA;NA;NA;NA;NA;NA;NA;48;289
2021-04-27;"0-60";11;11;11;11;11;11;11;11;11;11;11;11;88;88;88;88;88;88;88;88;88;88;88;88;1;1;1;1;1;1;1;1;1;1;1;11;85
2021-04-27;"60+";25;25;25;25;25;25;25;25;25;25;25;25;220;220;220;220;220;220;220;220;220;220;220;220;1;1;1;1;1;1;1;1;1;1;1;24;208
2021-04-27;"alle";36;36;36;36;36;36;36;36;36;36;36;36;308;308;308;308;308;308;308;308;308;308;308;308;NA;NA;NA;NA;NA;NA;NA;NA;NA;NA;NA;35;296
2021-04-26;"0-60";8;8;8;8;8;8;8;8;8;8;8;8;88;88;88;88;88;88;88;88;88;88;88;88;1;1;1;1;1;1;1;1;1;1;1;7;85
2021-04-26;"60+";8;8;8;8;8;8;8;8;8;8;8;8;240;240;240;240;240;240;240;240;240;240;240;240;1;1;1;1;1;1;1;1;1;1;1;6;225
2021-04-26;"alle";16;16;16;16;16;16;16;16;16;16;16;16;328;328;328;328;328;328;328;328;328;328;328;328;NA;NA;NA;NA;NA;NA;NA;NA;NA;NA;NA;13;313
2021-04-25;"0-60";10;10;10;10;10;10;10;10;10;10;10;10;89;89;89;89;89;89;89;89;89;89;89;89;1;1;1;1;1;1;1;1;1;1;1;10;86
2021-04-25;"60+";22;22;22;22;22;22;22;22;22;22;22;22;245;245;245;245;245;245;245;245;245;245;245;245;1;1;1;1;1;1;1;1;1;1;1;20;231
2021-04-25;"alle";32;32;32;32;32;32;32;32;32;32;32;32;334;334;334;334;334;334;334;334;334;334;334;334;NA;NA;NA;NA;NA;NA;NA;NA;NA;NA;NA;30;321
2021-04-24;"0-60";12;12;12;12;12;12;12;12;12;12;12;12;93;93;93;93;93;93;93;93;93;93;93;93;1;1;1;1;1;1;1;1;1;1;1;11;89
2021-04-24;"60+";39;39;39;39;39;39;39;39;39;39;39;39;238;238;238;238;238;238;238;238;238;238;238;238;1;1;1;1;1;1;1;1;1;1;1;37;223
2021-04-24;"alle";51;51;51;51;51;51;51;51;51;51;51;51;331;331;331;331;331;331;331;331;331;331;331;331;NA;NA;NA;NA;NA;NA;NA;NA;NA;NA;NA;48;316
2021-04-23;"0-60";18;18;18;18;18;18;18;18;18;18;18;18;93;93;93;93;93;93;93;93;93;93;93;93;1;1;1;1;1;1;1;1;1;1;1;18;90
2021-04-23;"60+";35;35;35;35;35;35;35;35;35;35;35;35;242;242;242;242;242;242;242;242;242;242;242;242;1;1;1;1;1;1;1;1;1;1;1;33;228
2021-04-23;"alle";53;53;53;53;53;53;53;53;53;53;53;53;335;335;335;335;335;335;335;335;335;335;335;335;NA;NA;NA;NA;NA;NA;NA;NA;NA;NA;NA;52;323
2021-04-22;"0-60";21;21;21;21;21;21;21;21;21;21;21;21;93;93;93;93;93;93;93;93;93;93;93;93;1;1;1;1;1;1;1;1;1;1;1;20;90
2021-04-22;"60+";43;43;43;43;43;43;43;43;43;43;43;43;252;252;252;252;252;252;252;252;252;252;252;252;1;1;1;1;1;1;1;1;1;1;1;41;238
2021-04-22;"alle";64;64;64;64;64;64;64;64;64;64;64;64;345;345;345;345;345;345;345;345;345;345;345;345;NA;NA;NA;NA;NA;NA;NA;NA;NA;NA;NA;63;332
2021-04-21;"0-60";8;8;8;8;8;8;8;8;8;8;8;8;88;88;88;88;88;88;88;88;88;88;88;88;1;1;1;1;1;1;1;1;1;1;1;8;86
2021-04-21;"60+";48;48;48;48;48;48;48;48;48;48;48;48;267;267;267;267;267;267;267;267;267;267;267;267;1;1;1;1;1;1;1;1;1;1;1;47;254
2021-04-21;"alle";56;56;56;56;56;56;56;56;56;56;56;56;355;355;355;355;355;355;355;355;355;355;355;355;NA;NA;NA;NA;NA;NA;NA;NA;NA;NA;NA;55;343
2021-04-20;"0-60";11;11;11;11;11;11;11;11;11;11;11;11;97;97;97;97;97;97;97;97;97;97;97;97;1;1;1;1;1;1;1;1;1;1;1;11;95
2021-04-20;"60+";45;45;45;45;45;45;45;45;45;45;45;45;264;264;264;264;264;264;264;264;264;264;264;264;1;1;1;1;1;1;1;1;1;1;1;41;252
2021-04-20;"alle";56;56;56;56;56;56;56;56;56;56;56;56;361;361;361;361;361;361;361;361;361;361;361;361;NA;NA;NA;NA;NA;NA;NA;NA;NA;NA;NA;52;350
2021-04-19;"0-60";9;9;9;9;9;9;9;9;9;9;9;9;101;101;101;101;101;101;101;101;101;101;101;101;1;1;1;1;1;1;1;1;1;1;1;8;99
2021-04-19;"60+";13;13;13;13;13;13;13;13;13;13;13;13;275;275;275;275;275;275;275;275;275;275;275;275;1;1;1;1;1;1;1;1;1;1;1;12;265
2021-04-19;"alle";22;22;22;22;22;22;22;22;22;22;22;22;376;376;376;376;376;376;376;376;376;376;376;376;NA;NA;NA;NA;NA;NA;NA;NA;NA;NA;NA;21;367
2021-04-18;"0-60";14;14;14;14;14;14;14;14;14;14;14;14;97;97;97;97;97;97;97;97;97;97;97;97;1;1;1;1;1;1;1;1;1;1;1;13;96
2021-04-18;"60+";15;15;15;15;15;15;15;15;15;15;15;15;285;285;285;285;285;285;285;285;285;285;285;285;1;1;1;1;1;1;1;1;1;1;1;12;273
2021-04-18;"alle";29;29;29;29;29;29;29;29;29;29;29;29;382;382;382;382;382;382;382;382;382;382;382;382;NA;NA;NA;NA;NA;NA;NA;NA;NA;NA;NA;25;371
2021-04-17;"0-60";12;12;12;12;12;12;12;12;12;12;12;12;94;94;94;94;94;94;94;94;94;94;94;94;1;1;1;1;1;1;1;1;1;1;1;12;93
2021-04-17;"60+";43;43;43;43;43;43;43;43;43;43;43;43;291;291;291;291;291;291;291;291;291;291;291;291;1;1;1;1;1;1;1;1;1;1;1;42;282
2021-04-17;"alle";55;55;55;55;55;55;55;55;55;55;55;55;385;385;385;385;385;385;385;385;385;385;385;385;NA;NA;NA;NA;NA;NA;NA;NA;NA;NA;NA;55;377
2021-04-16;"0-60";18;18;18;18;18;18;18;18;18;18;18;18;102;102;102;102;102;102;102;102;102;102;102;102;1;1;1;1;1;1;1;1;1;1;1;18;100
2021-04-16;"60+";45;45;45;45;45;45;45;45;45;45;45;45;295;295;295;295;295;295;295;295;295;295;295;295;1;1;1;1;1;1;1;1;1;1;1;43;284
2021-04-16;"alle";63;63;63;63;63;63;63;63;63;63;63;63;397;397;397;397;397;397;397;397;397;397;397;397;NA;NA;NA;NA;NA;NA;NA;NA;NA;NA;NA;61;385
2021-04-15;"0-60";16;16;16;16;16;16;16;16;16;16;16;16;101;101;101;101;101;101;101;101;101;101;101;101;1;1;1;1;1;1;1;1;1;1;1;16;97
2021-04-15;"60+";58;58;58;58;58;58;58;58;58;58;58;58;302;302;302;302;302;302;302;302;302;302;302;302;1;1;1;1;1;1;1;1;1;1;1;57;288
2021-04-15;"alle";74;74;74;74;74;74;74;74;74;74;74;74;403;403;403;403;403;403;403;403;403;403;403;403;NA;NA;NA;NA;NA;NA;NA;NA;NA;NA;NA;74;386
2021-04-14;"0-60";17;17;17;17;17;17;17;17;17;17;17;17;118;118;118;118;118;118;118;118;118;118;118;118;1;1;1;1;1;1;1;1;1;1;1;17;110
2021-04-14;"60+";45;45;45;45;45;45;45;45;45;45;45;45;299;299;299;299;299;299;299;299;299;299;299;299;1;1;1;1;1;1;1;1;1;1;1;45;285
2021-04-14;"alle";62;62;62;62;62;62;62;62;62;62;62;62;417;417;417;417;417;417;417;417;417;417;417;417;NA;NA;NA;NA;NA;NA;NA;NA;NA;NA;NA;62;396
2021-04-13;"0-60";15;15;15;15;15;15;15;15;15;15;15;15;122;122;122;122;122;122;122;122;122;122;122;122;1;1;1;1;1;1;1;1;1;1;1;15;113
2021-04-13;"60+";56;56;56;56;56;56;56;56;56;56;56;56;294;294;294;294;294;294;294;294;294;294;294;294;1;1;1;1;1;1;1;1;1;1;1;54;276
2021-04-13;"alle";71;71;71;71;71;71;71;71;71;71;71;71;416;416;416;416;416;416;416;416;416;416;416;416;NA;NA;NA;NA;NA;NA;NA;NA;NA;NA;NA;69;390
2021-04-12;"0-60";5;5;5;5;5;5;5;5;5;5;5;5;120;120;120;120;120;120;120;120;120;120;120;120;1;1;1;1;1;1;1;1;1;1;1;5;109
2021-04-12;"60+";23;23;23;23;23;23;23;23;23;23;23;23;266;266;266;266;266;266;266;266;266;266;266;266;1;1;1;1;1;1;1;1;1;1;1;20;249
2021-04-12;"alle";28;28;28;28;28;28;28;28;28;28;28;28;386;386;386;386;386;386;386;386;386;386;386;386;NA;NA;NA;NA;NA;NA;NA;NA;NA;NA;NA;25;360
2021-04-11;"0-60";11;11;11;11;11;11;11;11;11;11;11;11;NA;NA;NA;NA;NA;NA;NA;NA;NA;NA;NA;NA;1;1;1;1;1;1;1;1;1;1;1;10;NA
2021-04-11;"60+";21;21;21;21;21;21;21;21;21;21;21;21;NA;NA;NA;NA;NA;NA;NA;NA;NA;NA;NA;NA;1;1;1;1;1;1;1;1;1;1;1;21;NA
2021-04-11;"alle";32;32;32;32;32;32;32;32;32;32;32;32;NA;NA;NA;NA;NA;NA;NA;NA;NA;NA;NA;NA;NA;NA;NA;NA;NA;NA;NA;NA;NA;NA;NA;31;NA
2021-04-10;"0-60";20;20;20;20;20;20;20;20;20;20;20;20;NA;NA;NA;NA;NA;NA;NA;NA;NA;NA;NA;NA;1;1;1;1;1;1;1;1;1;1;1;19;NA
2021-04-10;"60+";47;47;47;47;47;47;47;47;47;47;47;47;NA;NA;NA;NA;NA;NA;NA;NA;NA;NA;NA;NA;1;1;1;1;1;1;1;1;1;1;1;44;NA
2021-04-10;"alle";67;67;67;67;67;67;67;67;67;67;67;67;NA;NA;NA;NA;NA;NA;NA;NA;NA;NA;NA;NA;NA;NA;NA;NA;NA;NA;NA;NA;NA;NA;NA;63;NA
2021-04-09;"0-60";17;17;17;17;17;17;17;17;17;17;17;17;NA;NA;NA;NA;NA;NA;NA;NA;NA;NA;NA;NA;1;1;1;1;1;1;1;1;1;1;1;15;NA
2021-04-09;"60+";52;52;52;52;52;52;52;52;52;52;52;52;NA;NA;NA;NA;NA;NA;NA;NA;NA;NA;NA;NA;1;1;1;1;1;1;1;1;1;1;1;47;NA
2021-04-09;"alle";69;69;69;69;69;69;69;69;69;69;69;69;NA;NA;NA;NA;NA;NA;NA;NA;NA;NA;NA;NA;NA;NA;NA;NA;NA;NA;NA;NA;NA;NA;NA;62;NA
2021-04-08;"0-60";33;33;33;33;33;33;33;33;33;33;33;33;NA;NA;NA;NA;NA;NA;NA;NA;NA;NA;NA;NA;1;1;1;1;1;1;1;1;1;1;1;29;NA
2021-04-08;"60+";55;55;55;55;55;55;55;55;55;55;55;55;NA;NA;NA;NA;NA;NA;NA;NA;NA;NA;NA;NA;1;1;1;1;1;1;1;1;1;1;1;54;NA
2021-04-08;"alle";88;88;88;88;88;88;88;88;88;88;88;88;NA;NA;NA;NA;NA;NA;NA;NA;NA;NA;NA;NA;NA;NA;NA;NA;NA;NA;NA;NA;NA;NA;NA;84;NA
2021-04-07;"0-60";21;21;21;21;21;21;21;21;21;21;21;21;NA;NA;NA;NA;NA;NA;NA;NA;NA;NA;NA;NA;1;1;1;1;1;1;1;1;1;1;1;20;NA
2021-04-07;"60+";40;40;40;40;40;40;40;40;40;40;40;40;NA;NA;NA;NA;NA;NA;NA;NA;NA;NA;NA;NA;1;1;1;1;1;1;1;1;1;1;1;36;NA
2021-04-07;"alle";61;61;61;61;61;61;61;61;61;61;61;61;NA;NA;NA;NA;NA;NA;NA;NA;NA;NA;NA;NA;NA;NA;NA;NA;NA;NA;NA;NA;NA;NA;NA;56;NA
2021-04-06;"0-60";13;13;13;13;13;13;13;13;13;13;13;13;NA;NA;NA;NA;NA;NA;NA;NA;NA;NA;NA;NA;1;1;1;1;1;1;1;1;1;1;1;11;NA
2021-04-06;"60+";28;28;28;28;28;28;28;28;28;28;28;28;NA;NA;NA;NA;NA;NA;NA;NA;NA;NA;NA;NA;1;1;1;1;1;1;1;1;1;1;1;27;NA
2021-04-06;"alle";41;41;41;41;41;41;41;41;41;41;41;41;NA;NA;NA;NA;NA;NA;NA;NA;NA;NA;NA;NA;NA;NA;NA;NA;NA;NA;NA;NA;NA;NA;NA;39;NA
