"date";"age60";"reported";"nowcast_est";"nowcast_0.025";"nowcast_0.1";"nowcast_0.25";"nowcast_0.5";"nowcast_0.75";"nowcast_0.8";"nowcast_0.85";"nowcast_0.9";"nowcast_0.95";"nowcast_0.975";"reported7";"nowcast7_est";"nowcast7_0.025";"nowcast7_0.1";"nowcast7_0.25";"nowcast7_0.5";"nowcast7_0.75";"nowcast7_0.8";"nowcast7_0.85";"nowcast7_0.9";"nowcast7_0.95";"nowcast7_0.975";"F_est";"F_0.025";"F_0.1";"F_0.25";"F_0.5";"F_0.75";"F_0.8";"F_0.85";"F_0.9";"F_0.95";"F_0.975";"realized";"realized7"
2022-10-16;"0-60";0;0;0;0;0;0;0;0;0;0;0;0;109;196,6;143,672193627451;159,888630865989;185,789655172414;200;227,4;215;219;253,752926947267;233;286,935428921569;0,0423109150269613;0,0850154232202711;0,0662606394905083;0,0529686708256326;0,0410782391885095;0,0316873077590737;0,0296419421285185;0,0271839628889951;0,024591766914822;0,0209481400822088;0,0182394776800582;NA;NA
2022-10-16;"60+";0;0;0;0;0;0;0;0;0;0;0;0;460;814,9;648,882233906514;718,093732261599;761,229098997317;822;908,357823753707;870;880;966,171451128792;920,4;1084,44215255482;0,0382540625550624;0,0741983952038334;0,0598229625862066;0,048254128793818;0,0375958030595153;0,0291965650094911;0,0272821857309707;0,0253485832027912;0,0230418157523656;0,0200916649750882;0,017618432800074;NA;NA
2022-10-16;"alle";0;0;0;0;0;0;0;0;0;0;0;0;569;1011,5;824,410147099833;900,513627217853;957,10541697349;1022;1126,5;1081;1095;1191,74186939821;1144;1323,96944018405;NA;NA;NA;NA;NA;NA;NA;NA;NA;NA;NA;NA;NA
2022-10-15;"0-60";4;31,8;18;23;27;32;39;41;43;46;50;55;117;207,8;159,625984848485;174,918170103093;193,825;211;240,2;227;231;261,740979381443;245;290,84625;0,125892480063612;0,180371402607575;0,159336065433718;0,141436911652957;0,123004201262083;0,105815437013871;0,101722332703103;0,0973473410549442;0,0920246308097845;0,0837798506872459;0,0771829558486225;NA;NA
2022-10-15;"60+";8;69,6;45;52;60;71;83;86;90;95;104;113;492;861,4;703,697396613253;772,499873303167;824,486031305726;869;926,558747770953;918;929;1000,57697737557;971;1116,74647575397;0,114977349246285;0,163102745472707;0,14537837011694;0,129934016666727;0,113480809522279;0,0986221692587114;0,0952412586388247;0,0912730697442608;0,0860639329240949;0,0789338336446792;0,0732737870573251;NA;NA
2022-10-15;"alle";12;101,4;67;78;89;103;120;125;130;138;150;162;609;1069,2;871,050941545163;971,429330218718;1018,70217898833;1081;1188,8;1142;1156;1232,87305162753;1206;1408,53534856537;NA;NA;NA;NA;NA;NA;NA;NA;NA;NA;NA;NA;NA
2022-10-14;"0-60";10;32,1;22;25;28;33;37;39;40;42;45;49;143;216,6;178,267837812529;192,304060150376;208,914482758621;220;243,4;232;236;258,403308270677;246;279,422154696133;0,311463184308997;0,387237042795009;0,359316149576888;0,333013433459981;0,305181350236598;0,277121751668073;0,270224152381061;0,262242800674778;0,252560814640085;0,237156374162196;0,224871774528557;NA;NA
2022-10-14;"60+";51;176,1;137;149;162;178;197;202;208;216;229;241;588;937,5;798,540573198147;858,08810218244;912,090194610778;945;984,366974384564;988;999;1065,39495122197;1037;1167,82477207185;0,289634896006236;0,359831332292816;0,333591453888823;0,310899821705417;0,286570263194484;0,261595590126092;0,25557368269136;0,248716006821063;0,239978807158895;0,226804266925201;0,216918797096994;NA;NA
2022-10-14;"alle";61;208,2;164;178;192;211;233;239;245;254;269;284;731;1154,1;980,237200144786;1072,02721570301;1125,79028132992;1164;1257,9;1217;1230;1292,47679965863;1274;1452,94602252693;NA;NA;NA;NA;NA;NA;NA;NA;NA;NA;NA;NA;NA
2022-10-13;"0-60";18;32,2;25;27;30;33;36;37;38;39;41;43;168;228,4;196,144228533466;210,10989010989;222,368131868132;231;251,6;242;245;259,846153846154;254;283,795781431656;0,558498982278615;0,627912321964522;0,602572511912345;0,578681322238312;0,552339988965062;0,523683211512213;0,516413567627614;0,508255252740289;0,498034773823241;0,482378061757129;0,466946427478178;NA;NA
2022-10-13;"60+";69;129,3;109;116;122;130;138;141;143;147;152;157;649;905,7;822,594818447256;854,486760253234;885,980267449445;912;943,75782778865;942;950;989,738342967245;977;1042,10603803249;0,53350055251341;0,598421111737738;0,575549930878352;0,55469030314457;0,530404862323997;0,505209071250541;0,499332776174344;0,49170296848949;0,481732189503315;0,467597199888747;0,455520111301681;NA;NA
2022-10-13;"alle";87;161,6;139;146;154;163;173;175;178;183;189;194;817;1134,1;1029,16743759395;1069,0631398051;1116,15346534653;1144;1211,9;1181;1190;1247,04124826684;1222;1318,11217465409;NA;NA;NA;NA;NA;NA;NA;NA;NA;NA;NA;NA;NA
2022-10-12;"0-60";28;39,9;33;35;38;40;43;44;45;46;48;49;186;238;212,425737784228;222,816354816355;232,608590441621;241;260;251;253;265,330561330561;262;284,353350266086;0,700912734273353;0,756050569501493;0,736033096888432;0,717222396234133;0,695936273233596;0,673201254419395;0,66715475204159;0,660572379417373;0,651801120639539;0,638191139108387;0,625881442300283;NA;NA
2022-10-12;"60+";94;138,4;123;128;133;139;145;147;148;151;155;159;728;950,2;880,342848723951;909,155667701863;932,1875;957;1005,8;984;991;1017,8823757764;1015;1068,30594643705;0,679040972751253;0,731509341715816;0,71347583560489;0,696917257995178;0,677669504895769;0,657143511083635;0,651967345335422;0,645600547750939;0,638267095772991;0,627148075059193;0,617239391952731;NA;NA
2022-10-12;"alle";122;178,4;160;166;172;179;186;188;191;194;199;203;914;1188,1;1089,13606498195;1136,31383741043;1171,43062659847;1198;1259,9;1231;1240;1283,62344946874;1269;1365,73218100336;NA;NA;NA;NA;NA;NA;NA;NA;NA;NA;NA;NA;NA
2022-10-11;"0-60";47;58;52;54;56;58;61;62;63;64;65;67;198;242,9;220,52141943734;229,315789473684;239;246;253;255;257;269;265,4;285,103900255754;0,809911756809791;0,847511165207292;0,833344270556247;0,820092478555125;0,804615233894005;0,788070635116224;0,783799953961873;0,778475369584579;0,771752199790682;0,761745055359955;0,752006952537713;NA;NA
2022-10-11;"60+";201;253,6;236;242;248;254;261;263;265;268;272;276;830;1032,7;965,165926234424;992,331165243596;1016,78200285103;1039;1087,3;1065;1072;1100,63779507785;1095;1149,48711190333;0,792483551085263;0,829249542338629;0,816409456232527;0,80444578108964;0,790469689669717;0,775612245925061;0,771922817479019;0,767271214373704;0,761921499095264;0,752989921811433;0,745232153781624;NA;NA
2022-10-11;"alle";248;311,7;292;299;305;313;321;323;326;329;333;338;1028;1275,6;1180,41464472465;1227,18362573099;1262;1284;1310;1316;1325;1368,14269005848;1353;1451,58222661374;NA;NA;NA;NA;NA;NA;NA;NA;NA;NA;NA;NA;NA
2022-10-10;"0-60";2;2,5;2;2;2;2;3;3;3;4;4;4;169;204,4;186,959315068493;193,317482517483;198,883141762452;207;221,6;215;217;224,981818181818;224;239,000068493151;0,79353466802269;0,846480413585338;0,827413520694616;0,808836237831524;0,785501935840302;0,760377117113665;0,753648603239366;0,745778252966486;0,734647143489266;0,717257118954271;0,7021282583124;NA;NA
2022-10-10;"60+";37;47,9;41;43;45;48;51;52;52;54;55;57;680;834,5;786,130323580379;802,145872420263;820,57;840;879,5;862;868;892,737429643527;888;921,300378232471;0,77276958216457;0,828651893035013;0,810136612460877;0,791948397936719;0,768981575514694;0,744915279587291;0,737991274024293;0,730383444117169;0,720951915901175;0,705101891966618;0,690864346949;NA;NA
2022-10-10;"alle";39;50,4;44;46;48;51;54;54;55;56;58;60;849;1038,9;972,149601945148;1005,84776296296;1027,09104515908;1047;1099,1;1074;1081;1104,11117037037;1106;1169,69254606929;NA;NA;NA;NA;NA;NA;NA;NA;NA;NA;NA;NA;NA
2022-10-09;"0-60";8;11,2;8;9;10;11;13;13;14;14;15;16;173;208,5;189,295927103718;197,724812030075;202,803921568627;211;225,5;219;221;228,148872180451;229;246,139982876712;0,716470461130097;0,785056288036003;0,758983725260069;0,734663807514656;0,703670868630654;0,670861073211032;0,662157519667137;0,652315684320045;0,639234857576008;0,617682302725086;0,595188919833145;NA;NA
2022-10-09;"60+";32;46,5;39;41;44;47;51;51;53;54;56;59;676;823,3;781,460884239889;791,763073185545;809,179945054945;828;868,7;850;856;879,444215001518;875;899,985291492329;0,688579695823152;0,759684601481535;0,735227749668229;0,710963634688282;0,68251247602597;0,65177950496582;0,643757004877849;0,634197843993164;0,622118328776573;0,603040502019453;0,585391325974979;NA;NA
2022-10-09;"alle";40;57,6;49;52;55;58;62;64;65;66;69;72;849;1031,8;971,873650793651;1000,77208597671;1015,95217391304;1040;1090,2;1066;1073;1092,17214278951;1098;1151,06518518519;NA;NA;NA;NA;NA;NA;NA;NA;NA;NA;NA;NA;NA
2022-10-08;"0-60";30;40,6;35;37;39;41;44;45;46;47;49;51;173;206,8;186,949107513491;196,111111111111;202,952991452991;209;223,2;217;219;227,62962962963;227;244,330593607306;0,739699566201591;0,792561252654299;0,771508993008383;0,751297863614398;0,727022451433685;0,70020296819314;0,69317421228868;0,684269837318481;0,672357779795222;0,653103404070549;0,633261917648007;NA;NA
2022-10-08;"60+";104;145,7;131;136;141;147;154;156;158;161;166;171;670;807,5;772,101214574899;780,667311911214;795,549089124032;812;848,5;833;839;855,549232158988;857;872,485829959514;0,713860851139855;0,76596660925516;0,747100328473334;0,729450016412785;0,707929774650479;0,683214451312899;0,676761242560913;0,669493154049231;0,65977656011566;0,642654278012695;0,626222391062986;NA;NA
2022-10-08;"alle";134;186,2;169;175;181;188;197;199;202;205;211;218;843;1014,3;957,553247960012;989,3925;1002,91197183099;1022;1069,7;1047;1054;1111,7;1077;1125,33880997138;NA;NA;NA;NA;NA;NA;NA;NA;NA;NA;NA;NA;NA
2022-10-07;"0-60";35;44;39;40;42;45;47;48;49;50;52;53;164;190,8;175,940735294118;181,337566137566;186,099547511312;193;205,2;199;201;209,168253968254;208;219,96818627451;0,796287673219685;0,840853719361649;0,823751620936395;0,805890019331934;0,785167646697701;0,761400064146971;0,755128024955306;0,74774565587676;0,737244415739805;0,719130579572682;0,69915053956707;NA;NA
2022-10-07;"60+";112;144,3;132;136;140;145;151;153;155;157;161;165;645;754,1;723,430290456432;730,740019569472;745,301416617733;758;789,9;776;780;795,270352250489;796;806,691701244813;0,776185596686041;0,819484292901501;0,803902701796753;0,788902479231405;0,770021076858074;0,749393374037411;0,743909830656382;0,736815309288398;0,727107791746655;0,712001028053465;0,694169789557649;NA;NA
2022-10-07;"alle";147;188,2;174;179;184;190;197;199;202;205;210;214;809;944,9;896,22764481181;921,534371608422;936,757668711656;951;991,1;973;978;990,848675927936;997;1036,93238842369;NA;NA;NA;NA;NA;NA;NA;NA;NA;NA;NA;NA;NA
2022-10-06;"0-60";36;41,8;38;39;40;42;44;44;45;46;47;48;162;184,2;172,391830065359;174,444444444444;180,083333333333;186;197,8;192;194;202,767025089606;199,4;221,8;0,861741741761548;0,894421640611878;0,882384990126234;0,870204073435123;0,854598174611096;0,837295774223232;0,832666892802068;0,82730276491506;0,819620035330961;0,807470072282419;0,796098287072841;NA;NA
2022-10-06;"60+";148;173,8;163;167;170;175;179;181;182;184;187;190;620;707,7;682,037662337662;687,497794117647;701,380681818182;711;738,3;726;730;742,828676470588;743;752,687012987013;0,851553924337229;0,881654631042614;0,870831080351328;0,860415206407016;0,847784471695434;0,833950708845661;0,830018895574735;0,825563415354106;0,819762756048019;0,810177899705184;0,799962838623122;NA;NA
2022-10-06;"alle";184;215,6;204;208;212;217;222;224;225;228;231;234;782;891,9;851,955557285181;871,464258011839;881,727958510137;897;932,1;916;921;931,972320881813;938;970,821372976339;NA;NA;NA;NA;NA;NA;NA;NA;NA;NA;NA;NA;NA
2022-10-05;"0-60";40;44,9;41;42;43;45;47;47;48;49;50;51;157;176,1;163,59132996633;166,288032454361;171,9;178;187,9;183;185;193,632860040568;190;200,704966329966;0,891414522942048;0,919829452769528;0,909478340927956;0,899426619925342;0,886929025928182;0,87296134416089;0,869057895020659;0,864296659248896;0,858291776398404;0,849245071247223;0,840732483491243;NA;NA
2022-10-05;"60+";196;220,9;210;214;217;221;226;227;228;230;233;235;569;638,2;614,683197648123;622,980952380952;632,748554077501;641;663,8;654;657;665,640404040404;669;680,130902306649;0,887180703252905;0,912007858942375;0,903643562616693;0,89530776392177;0,885756462729025;0,874955587031622;0,872278412990376;0,868816113259766;0,864847874825019;0,858607815006788;0,852911481118227;NA;NA
2022-10-05;"alle";236;265,8;254;258;262;266;271;273;274;276;279,4;283;726;814,2;780,748629204744;796,179638752052;805,538135865033;819;849,8;835;840;875,8;854;880,3062803811;NA;NA;NA;NA;NA;NA;NA;NA;NA;NA;NA;NA;NA
2022-10-04;"0-60";18;19,5;18;18;19;19;20;21;21;21;22;23;151;167,4;155,1457002457;159,496363636364;163;169;178,6;174;176;182,914545454545;181;191,61683046683;0,921307167398466;0,94164370488153;0,934306392350858;0,926566445449061;0,916984665874187;0,906099426885453;0,903377885183608;0,899838537175345;0,895180264383357;0,886733223061847;0,879371474901036;NA;NA
2022-10-04;"60+";51;55,5;52;53;54;55;57;57;58;59;60;61;461;509,9;486,964644662504;498,882162162162;505,49;512;532,1;523;526;530,217297297297;536;554,82072554267;0,919207054658126;0,937350862466768;0,930927071464781;0,92495754747265;0,917607023331075;0,909508107726629;0,907293985654585;0,904723616317821;0,901654758586685;0,896834218368761;0,891686534460657;NA;NA
2022-10-04;"alle";69;75;71;72;73;75;77;77;78;79;80;81;612;677,3;650,858972677596;662,900624442462;670,257684591989;682;706,7;695;699;730,7;713;766,7;NA;NA;NA;NA;NA;NA;NA;NA;NA;NA;NA;NA;NA
2022-10-03;"0-60";6;6,7;6;6;6;7;7;7;8;8;8;9;167;183,4;171,151674641148;175;180,076923076923;185;194,6;190;192;199,888888888889;197;207,605023923445;0,901938914804533;0,931964516858574;0,92076139576944;0,909816418377645;0,894932663656178;0,878511952298205;0,873935511507749;0,868189590214184;0,860400271415321;0,847574683461929;0,834343552750655;NA;NA
2022-10-03;"60+";33;36,7;33;34;35;37;38;39;39;40;41;42;538;587;564,334965437788;576;582,813492063492;590;609;601;603;607;614;632,330069124424;0,900054943637488;0,928840791356568;0,919026358824136;0,909204160416601;0,89689681945368;0,88280093707584;0,878909091805258;0,874321303361551;0,86827084907832;0,857966551113496;0,848204858810167;NA;NA
2022-10-03;"alle";39;43,3;40;41;42;43;45;46;46;47;48;49;705;770,4;739,269202898551;756,622535211268;762,319880010908;775;801,6;789;793;825,6;807;861,6;NA;NA;NA;NA;NA;NA;NA;NA;NA;NA;NA;NA;NA
2022-10-02;"0-60";8;9,4;8;8;9;9;10;11;11;11;12;13;165;181;169,916923076923;173,222222222222;176,888888888889;182;193;188;189;201;195;203,166153846154;0,848860628749314;0,893165081754133;0,876619710210789;0,859518698177867;0,837673415685714;0,812066660794588;0,805345971546465;0,797294885367325;0,785427041085096;0,765333727240511;0,744903624594299;NA;NA
2022-10-02;"60+";26;30,7;27;28;29;31;33;33;34;34;36;37;524;570,2;550,563914027149;560;566,149473684211;572;591,8;583;586;590;596;635,8;0,848010137632808;0,890153324242338;0,875495758106054;0,860984337082135;0,842588501160703;0,821448597350991;0,815602714686039;0,808608131906016;0,798461631860162;0,782928580515455;0,766860108307206;NA;NA
2022-10-02;"alle";34;40,1;36;37;38;40;43;43;44;45;46;47;689;751,2;727,655913257322;738,646376811594;744,748647092689;755;780,8;769;773;804,8;787;840,8;NA;NA;NA;NA;NA;NA;NA;NA;NA;NA;NA;NA;NA
2022-10-01;"0-60";21;24,6;22;22;23;25;26;27;27;28;29;31;160;174,9;166,880303030303;167,392397660819;170,888888888889;176;185,1;181;183;195,1;188;207,1;0,854280945158304;0,892745377952426;0,8778685340977;0,86233732298681;0,843110480910579;0,820392670491297;0,813440166424725;0,80542528821904;0,795083903683546;0,773760069090234;0,753232937827721;NA;NA
2022-10-01;"60+";79;92,2;85;88;90;93;96;97;98;100;102;105;541;585,4;569,657777777778;575;582,070517824616;588;606,6;598;601;605;612;652,6;0,856444496722299;0,890904465117622;0,878609111085463;0,86631879085657;0,850693537011788;0,832548593993204;0,827290805383482;0,82082923048971;0,811631780429782;0,796294340976432;0,778623084756527;NA;NA
2022-10-01;"alle";100;116,8;109;112;114;118;122;123;124;126;129;133;701;760,2;740,435294117647;746,077002583979;754,652947719689;764;789,8;778;782;813,8;795;849,8;NA;NA;NA;NA;NA;NA;NA;NA;NA;NA;NA;NA;NA
2022-09-30;"0-60";33;37,3;34;35;36;38;40;40;41;41;43;44;165;178,4;170,894285714286;171,684210526316;172;180;189,6;185;186;197,6;191;209,6;0,883877414295113;0,915931665017612;0,90379158064118;0,89079594111452;0,874345781624932;0,854682925180771;0,849208443407101;0,842337314305398;0,83238973815696;0,815754273550001;0,793997784038006;NA;NA
2022-09-30;"60+";87;97,9;92;94;96;99;102;102;103;105;107;110;515;549,3;532,936452991453;540;546,504385964912;551;568,7;560;563;566;572;608,7;0,888597726434122;0,91672202177366;0,906619032668191;0,896472406069487;0,883463281130078;0,867697967146299;0,86289102696565;0,856802403818843;0,848824113215255;0,83304369733342;0,815632461635623;NA;NA
2022-09-30;"alle";120;135,2;128;130;133;136;140;141;143;145;148;151;680;727,7;709,652941176471;717;723;731;741;743;747;751;759;808,3;NA;NA;NA;NA;NA;NA;NA;NA;NA;NA;NA;NA;NA
2022-09-29;"0-60";31;33,6;31;32;33;34;35;35;36;36;37;38;146;155,9;149,882;149,947368421053;151,994444444444;157;164,1;161;162;172,1;166;182,1;0,921339608325066;0,944661664041936;0,936196749026274;0,927485624370442;0,915730303552057;0,901929270229214;0,898272072233444;0,893449958183339;0,886668162721674;0,875384340726187;0,864440240828397;NA;NA
2022-09-29;"60+";97;104,3;99;101;103;105;107;107;108;109;111;112;496;522,4;507,2;517,591705069124;520,240053050398;524;537,6;532;534;531,886635944701;543;573,6;0,929956942215599;0,948307759787608;0,941805337670408;0,935348732293368;0,927054573709546;0,917010259557528;0,914404461665207;0,910851959134461;0,906461219022456;0,898033831717353;0,889623844583543;NA;NA
2022-09-29;"alle";128;138;132;134;136;138;141;142;143;144;146;148;642;678,3;663,829761904762;670,909294512878;674;681;689;692;694;717,7;705;745,7;NA;NA;NA;NA;NA;NA;NA;NA;NA;NA;NA;NA;NA
2022-09-28;"0-60";34;36,2;34;34;35;36;37;38;38;39;40;40;140;148,2;143;143,151111111111;147;149;152;153;154;161,8;158;160;0,938504521628409;0,958883866147177;0,951741741306879;0,944819085363961;0,935250770207524;0,924237857603215;0,920972356706627;0,91735291335831;0,911873184370515;0,904007523056137;0,895865729091546;NA;NA
2022-09-28;"60+";88;92,6;89;90;91;93;94;95;95;96;97;98;450;470,3;457,834208765473;466,641304347826;468,588983050847;472;483,7;479;481;495,7;488;515,7;0,949889594707486;0,964833016513797;0,960058673396282;0,955199685573287;0,948945518069758;0,941860374966064;0,940024704237766;0,937784160649254;0,934309931866357;0,929889475160893;0,925521606568915;NA;NA
2022-09-28;"alle";122;128,9;124;126;127;129;131;132;132;133;135;136;590;618,5;606;611,416666666667;616,228448275862;621;637,5;630;633;653,5;642;649;NA;NA;NA;NA;NA;NA;NA;NA;NA;NA;NA;NA;NA
2022-09-27;"0-60";34;35,6;34;34;35;36;37;37;37;38;38;39;121;127,4;123;124;126;128;131;132;132;134;136;138;0,956015826188153;0,970520934363928;0,965597691836102;0,960269957034409;0,953016256521554;0,9444352010364;0,941961044925566;0,938981334883183;0,934815999779116;0,927881823037222;0,921390250021245;NA;NA
2022-09-27;"60+";128;132,6;129;130;131;133;134;135;135;136;137;138;428;444,7;435,923684210526;440,996313364055;443,319253177966;446;457,3;452;454;469,3;461;487,3;0,965473608929279;0,976333607972422;0,972751601554853;0,969062827336713;0,964398751272267;0,958941977900365;0,957445916950782;0,955628276035049;0,953240218705369;0,949307642108248;0,9455920871888;NA;NA
2022-09-27;"alle";162;168,1;164;165;167;168;170;171;172;173;174;175;549;572,1;561;567,281347962382;570,233140147524;574;589,9;583;585;603,9;594;600;NA;NA;NA;NA;NA;NA;NA;NA;NA;NA;NA;NA;NA
2022-09-26;"0-60";4;4,2;4;4;4;4;4;5;5;5;5;6;108;113,3;109;110;112;114;116;117;118;119;121;124;0,945837232470906;0,96633508113355;0,959084325376685;0,951256782461191;0,941312109091396;0,92824965059097;0,924548745177108;0,919589111555835;0,913181135486866;0,902019426935137;0,888020915700126;NA;NA
2022-09-26;"60+";19;19,8;19;19;19;20;20;21;21;21;22;22;391;404,1;396;400,972;402,646146616541;405;406,867011278195;411;413;425,9;420;424;0,958091294150329;0,973699686945992;0,968529119482417;0,963143889917795;0,956115863127282;0,946996941448144;0,94434626900613;0,941037142075619;0,936568168577551;0,929045092400279;0,920751256679066;NA;NA
2022-09-26;"alle";23;24,1;23;23;23;24;25;25;25;26;26;27;499;517,3;508;513,016;515,765160183066;519;532,7;527;529;546,7;538;544;NA;NA;NA;NA;NA;NA;NA;NA;NA;NA;NA;NA;NA
2022-09-25;"0-60";3;3,3;3;3;3;3;4;4;4;4;4;5;108;113,1;108,842307692308;110;112;114;116;117;118;119;121;132,9;0,917646160544634;0,948772284968708;0,937907427645435;0,926391951857845;0,910066636044121;0,889235112249437;0,883205190377506;0,875833092223562;0,864395799273095;0,843008591011012;0,817935348195083;NA;NA
2022-09-25;"60+";43;45,9;43;44;45;46;48;48;48;49;50;51;385;397,4;390;393,731048387097;395,973150684932;398;408,6;404;406;404,602016129032;413;417;0,937290198875406;0,961411979901959;0,953622612884656;0,945412814846297;0,933687382206406;0,918208379969532;0,913925753077676;0,908310240819307;0,89955450627282;0,885497867006182;0,869368043794171;NA;NA
2022-09-25;"alle";46;49,1;46;47;48;49;51;51;52;53;54;55;493;510,6;501;506,986666666667;508,989879518072;512;525,4;520;522;539,4;531;537;NA;NA;NA;NA;NA;NA;NA;NA;NA;NA;NA;NA;NA
2022-09-24;"0-60";26;28,2;26;26;27;28;30;30;31;31;32;33;107;111,9;107,85;109;111;112;115;115;116;117;119;132,1;0,923620968491963;0,952994286916373;0,942444754858876;0,931539045000664;0,916175762430033;0,896625809453132;0,890719158265818;0,882364829594738;0,871137251148462;0,848969927405501;0,821951205811445;NA;NA
2022-09-24;"60+";53;56,2;53;54;55;56;58;58;59;60;61;63;353;362,8;356;359,58;361,409937888199;364;371,2;369;370;368,971666666667;376;380;0,943371525760008;0,965572547521522;0,958426677929012;0,950359861172658;0,939791792224346;0,925155240835795;0,920323634968479;0,914320546915566;0,905661878434341;0,889080443878797;0,869671036042378;NA;NA
2022-09-24;"alle";79;84,3;80;82;83;85;87;88;89;90;92;94;460;474,8;466;470,678219395866;472,35;476;489,2;483;485;501,2;493;498;NA;NA;NA;NA;NA;NA;NA;NA;NA;NA;NA;NA;NA
2022-09-23;"0-60";14;14,9;14;14;14;15;16;16;16;17;17;18;91;94;91;92;93;94;96;97;97;98;100;108;0,942302403674823;0,966201710967164;0,95801025361746;0,948858089380305;0,936478297312782;0,919597969778343;0,914446143868339;0,907602835078561;0,898023336216816;0,877358117293721;0,852503506216781;NA;NA
2022-09-23;"60+";68;71;68;69;70;71;73;73;74;75;76;78;329;336,4;331;334,032911392405;334;337;340;341;342;351,6;348;351;0,958108340461834;0,975875881595446;0,970268586119079;0,963848790989862;0,955119574849667;0,942260355609624;0,937648121545536;0,932412357859292;0,923922235122618;0,905842516209551;0,888870535696388;NA;NA
2022-09-23;"alle";82;85,8;82;84;85;86;88;89;90;90;92;94;420;430,4;424;427,231355311355;428,930930930931;432;441,6;437;438;451,6;445;449;NA;NA;NA;NA;NA;NA;NA;NA;NA;NA;NA;NA;NA
2022-09-22;"0-60";25;25,9;25;25;25;26;27;27;27;28;28;29;89;91,4;89;90;90;92;93;94;94;95;96;104,6;0,963469185956379;0,980030321157514;0,974745310561185;0,968845208372193;0,960373502684258;0,949286662353644;0,945822629405056;0,941612401519058;0,935620420711844;0,923169501474578;0,91038740913398;NA;NA
2022-09-22;"60+";51;52,2;51;51;51;52;53;53;54;54;55;56;289;293,9;290;292,146790890269;292,48108974359;294;296,215064102564;298;299;306,1;302;305;0,976645836153051;0,987127027256759;0,983778139836012;0,980013587340326;0,974890305556943;0,967850600500435;0,965643664931854;0,962580434072536;0,958559365349262;0,951252357211398;0,941756473774115;NA;NA
2022-09-22;"alle";76;78,2;76;76;77;78;80;80;81;81;82;83;378;385,3;380;382,882744282744;384,559523809524;386;394,7;390;392;402,7;397;400;NA;NA;NA;NA;NA;NA;NA;NA;NA;NA;NA;NA;NA
2022-09-21;"0-60";15;15,4;15;15;15;15;16;16;16;16;17;17;70;71,5;70;70;71;72;73;73;74;74;76;82,5;0,973167836705262;0,986641243325025;0,982510328492314;0,977966538261658;0,971650304270427;0,96336186343163;0,960694264028959;0,957416436765918;0,953165029440749;0,94599461783629;0,937384898830982;NA;NA
2022-09-21;"60+";66;67;66;66;66;67;68;68;68;69;69;70;272;276;272;273,716417910448;275,4168475901;276;282;279;280;279,805970149254;284;286;0,985082139416519;0,992403878561854;0,990328469527504;0,987948418680797;0,984691575414196;0,980443224790622;0,979230477555569;0,977849634066446;0,975745316539607;0,972139146534704;0,969085349336505;NA;NA
2022-09-21;"alle";81;82,4;81;81;82;82;83;84;84;84;85;86;342;347,6;343;345,698708010336;346,939289805269;348;354,4;352;353;362,4;357;360;NA;NA;NA;NA;NA;NA;NA;NA;NA;NA;NA;NA;NA
2022-09-20;"0-60";21;21,4;21;21;21;21;22;22;22;22;23;23;62;63,2;62;62;62;63;64;65;65;66;67;72,8;0,98180021278044;0,991106398749465;0,988431758229657;0,985223568874419;0,98051400142708;0,973910352979252;0,97183000158223;0,969317834006452;0,96531942715154;0,958535600363251;0,951377637515496;NA;NA
2022-09-20;"60+";91;92;91;91;91;92;93;93;93;94;94;95;224;227,1;224;225;226,407967032967;227;228,29532967033;230;231;232;234;237;0,989141511549581;0,994661615818014;0,99310077382577;0,991246402542716;0,988659208505467;0,985148932028928;0,98414221166733;0,982829379322663;0,981000346204762;0,977823615695349;0,97489008197616;NA;NA
2022-09-20;"alle";112;113,4;112;112;113;113;114;115;115;115;116;117;286;290,3;287;288;289,627976190476;291;295,7;294;295;297;299;303;NA;NA;NA;NA;NA;NA;NA;NA;NA;NA;NA;NA;NA
2022-09-19;"0-60";4;4,1;4;4;4;4;4;4;4;5;5;5;72;72,9;72;72;72;73;74;74;75;75;77;83,1;0,978584478546459;0,990430596297296;0,987063456991724;0,983040218422964;0,976612217502421;0,967106047521981;0,964105008363389;0,959647884053198;0,953330252071938;0,941252775010752;0,927073925088493;NA;NA
2022-09-19;"60+";13;13,2;13;13;13;13;13;14;14;14;14;15;197;199,4;197;197;198;200;201;202;203;204;206;208;0,985181805588841;0,993497396368126;0,991202511273895;0,988488058036413;0,984307770062336;0,978181391373434;0,976169023503601;0,973644819333576;0,969799187838732;0,96230604787289;0,953842078109821;NA;NA
2022-09-19;"alle";17;17,3;17;17;17;17;18;18;18;18;19;19;269;272,4;269;270;271,545727136432;273;273,986506746627;276;277;278;281;284;NA;NA;NA;NA;NA;NA;NA;NA;NA;NA;NA;NA;NA
2022-09-18;"0-60";2;2,1;2;2;2;2;2;2;2;2;3;3;69;69,8;69;69;69;70;71;71;71;72;73;80,2;0,968935549689739;0,986728724122462;0,98216121333972;0,976065332953842;0,966075205691107;0,950270073877436;0,9447489040377;0,937525512227098;0,925913487841411;0,90332168977407;0,871014917785875;NA;NA
2022-09-18;"60+";11;11,3;11;11;11;11;12;12;12;12;13;13;188;190,3;188;188;189;190;192;193;193;194;197;207,7;0,975468297087001;0,990060105919952;0,986404615284597;0,981687537088588;0,974047731208948;0,962490791105846;0,95842918382246;0,953083601876585;0,945084206558846;0,93017139302896;0,912034058206338;NA;NA
2022-09-18;"alle";13;13,3;13;13;13;13;14;14;14;14;15;15;257;260,1;257;258;259,721505376344;260;265,9;263;264;266;268;281,9;NA;NA;NA;NA;NA;NA;NA;NA;NA;NA;NA;NA;NA
2022-09-17;"0-60";10;10,3;10;10;10;10;11;11;11;11;12;12;67;67,8;67;67;67;68;69;69;69;70;71;76,2;0,973102691453891;0,989649744779939;0,985160279754455;0,979790687390055;0,970676194821086;0,955347587856098;0,95023140585855;0,942220476129996;0,930308874184547;0,906235814870085;0,870125239809359;NA;NA
2022-09-17;"60+";29;29,7;29;29;29;30;30;31;31;31;32;33;184;186,1;184;184;185;186;188;188;189;190;192;201,9;0,976297664217876;0,9911333058501;0,987468753702844;0,982750638207724;0,97515163048319;0,962819637987831;0,958260540823813;0,952398112614006;0,943476187608453;0,925242599944923;0,905554565812395;NA;NA
2022-09-17;"alle";39;40;39;39;39;40;41;41;42;42;43;44;251;253,9;251;252;253,086538461538;254;258,1;257;258;259;262;274,1;NA;NA;NA;NA;NA;NA;NA;NA;NA;NA;NA;NA;NA
2022-09-16;"0-60";12;12,2;12;12;12;12;13;13;13;13;14;14;61;61,5;61;61;61;61;62;62;63;63;64;68,5;0,981073205528368;0,993541304675083;0,990450398082462;0,986401154559397;0,97962746232469;0,967022481306171;0,962731932829444;0,956627165015185;0,945973906647115;0,923387062513027;0,890142183958893;NA;NA
2022-09-16;"60+";28;28,5;28;28;28;28;29;29;30;30;31;32;185;186,8;185;185;186;187;188;189;190;191;193;203,2;0,981177420302394;0,993463935362313;0,990770054718142;0,986888100183353;0,9804381158355;0,968674409134108;0,96457539450385;0,959050448228452;0,950206071331113;0,932265527670373;0,913237796503463;NA;NA
2022-09-16;"alle";40;40,8;40;40;40;41;42;42;42;43;44;45;246;248,3;246;246;247;249;250;251;252;253;255;267,7;NA;NA;NA;NA;NA;NA;NA;NA;NA;NA;NA;NA;NA
2022-09-15;"0-60";6;6,1;6;6;6;6;6;6;6;6;7;7;54;54,3;54;54;54;54;55;55;55;56;56;59,7;0,989209184985307;0,996688588739393;0,995047919079857;0,992743370272272;0,988652466341167;0,981457124863288;0,97901607348017;0,975440959336692;0,969945605282357;0,95882315844905;0,942132684361823;NA;NA
2022-09-15;"60+";34;34,3;34;34;34;34;35;35;35;35;36;36;184;185,6;184;184;185;186;187;188;188;189;191;200,4;0,990365253661393;0,996577384089006;0,995150386719633;0,993132207502838;0,989933032172979;0,984489161115628;0,982548734863948;0,979844414016872;0,975880944581658;0,968049299171176;0,958774698643394;NA;NA
2022-09-15;"alle";40;40,4;40;40;40;40;41;41;41;42;42;43;238;239,9;238;238;239;240;242;242;243;244;246;256,1;NA;NA;NA;NA;NA;NA;NA;NA;NA;NA;NA;NA;NA
2022-09-14;"0-60";7;7,1;7;7;7;7;7;7;7;7;8;8;58;58,2;58;58;58;58;59;59;59;59;60;63,8;0,992807150902898;0,998127185799533;0,997046523986619;0,99552459022191;0,99277834288584;0,98813256546583;0,986552642980504;0,984446933157418;0,981055630826822;0,975156029207728;0,96929300058082;NA;NA
2022-09-14;"60+";18;18,1;18;18;18;18;18;18;18;19;19;19;180;181,4;180;180;180;181;183;183;184;185;187;194,6;0,994631236117536;0,99798512861948;0,997167397584281;0,996145281555483;0,994610442285687;0,992369125149628;0,991666544528897;0,990807457896094;0,98960181160296;0,987272076424065;0,985184764281918;NA;NA
2022-09-14;"alle";25;25,1;25;25;25;25;25;25;26;26;26;26;238;239,6;238;238;239;240;241;242;243;244;245;254,4;NA;NA;NA;NA;NA;NA;NA;NA;NA;NA;NA;NA;NA
2022-09-13;"0-60";31;31,1;31;31;31;31;31;31;32;32;32;33;57;57,2;57;57;57;57;58;58;58;58;59;62,8;0,995328935855231;0,999068596104811;0,998386970709891;0,997338374712728;0,995337889821842;0,991338468106319;0,990072456604125;0,988065417437188;0,984844479052558;0,979007639682655;0,971023193040905;NA;NA
2022-09-13;"60+";64;64,3;64;64;64;64;65;65;65;65;66;66;195;196,3;195;195;195;196;198;198;199;200;201;209,7;0,995325559908875;0,998455443795071;0,997769392908175;0,996803218809965;0,995315129699407;0,992956081942746;0,992190361898031;0,991225518674436;0,989746679116127;0,98706386981612;0,984242986972602;NA;NA
2022-09-13;"alle";95;95,4;95;95;95;95;96;96;96;97;97;98;252;253,5;252;252;253;254;255;256;256;257;259;268,5;NA;NA;NA;NA;NA;NA;NA;NA;NA;NA;NA;NA;NA
2022-09-12;"0-60";1;1;1;1;1;1;1;1;1;1;1;1;47;47;47;47;47;47;47;47;47;48;48;51;0,994716877910911;0,999255897143384;0,998559738256176;0,997351564183912;0,99470376825506;0,988720735625474;0,986334734563569;0,983150197863003;0,977941095183464;0,965513761914113;0,949710567550176;NA;NA
2022-09-12;"60+";4;4;4;4;4;4;4;4;4;4;4;5;170;171;170;170;170;171;172;172;173;174;175;183;0,992320621886175;0,9979887203448;0,996885905405874;0,995223102271424;0,992279337891597;0,987314807173746;0,985511935008899;0,983108846856304;0,979672164787566;0,972370925159745;0,964113668887312;NA;NA
2022-09-12;"alle";5;5;5;5;5;5;5;5;5;5;5;6;217;218;217;217;217;218;219;220;220;221;223;232;NA;NA;NA;NA;NA;NA;NA;NA;NA;NA;NA;NA;NA
2022-09-11;"0-60";0;0;0;0;0;0;0;0;0;0;0;0;51;51;51;51;51;51;51;51;51;52;52;55;0,992906057869654;0,999295253111027;0,998497839945681;0,99688359903125;0,992936868382911;0,983058492355515;0,978644505090171;0,97284478206028;0,963175244730634;0,93930720967359;0,907094113597243;NA;NA
2022-09-11;"60+";7;7,1;7;7;7;7;7;7;7;8;8;8;178;178,9;178;178;178;179;180;180;181;185,1;183;191,1;0,986039999684386;0,997010840218719;0,994987717659408;0,991945167264078;0,985945258031794;0,975724212274995;0,971968540876542;0,96678673135367;0,958928222639694;0,943942473706717;0,926249639760981;NA;NA
2022-09-11;"alle";7;7,1;7;7;7;7;7;7;7;8;8;8;229;230;229;229;229;230;231;232;232;236;235;242;NA;NA;NA;NA;NA;NA;NA;NA;NA;NA;NA;NA;NA
2022-09-10;"0-60";4;4;4;4;4;4;4;4;4;4;5;5;53;53;53;53;53;53;53;53;53;54;54;57;0,994672621125374;0,999645493487539;0,999147095990577;0,997972023385646;0,994724958104901;0,985635929541403;0,98152913398796;0,975951518190019;0,965061807181123;0,939448396446559;0,906838112155589;NA;NA
2022-09-10;"60+";30;30,4;30;30;30;30;31;31;31;32;33;33;177;177,8;177;177;177;178;179;179;180;180;182;188,2;0,986146301858718;0,997542425925351;0,995547059780966;0,992421478713089;0,986245724331731;0,974844975703115;0,970677458363932;0,964991329423871;0,956222983390807;0,938464174355594;0,918098689832288;NA;NA
2022-09-10;"alle";34;34,4;34;34;34;34;35;35;36;36;37;38;230;230,9;230;230;230;231;232;232;233;237,1;235;243,1;NA;NA;NA;NA;NA;NA;NA;NA;NA;NA;NA;NA;NA
2022-09-09;"0-60";5;5;5;5;5;5;5;5;5;5;5;6;52;52;52;52;52;52;52;52;52;52;53;54;0,997021213429188;0,99987361247957;0,999645652246664;0,999027195976942;0,997051098398337;0,990897144574198;0,987878124909196;0,983315216436071;0,974926310878157;0,952962343896329;0,924316217694415;NA;NA
2022-09-09;"60+";27;27,3;27;27;27;27;28;28;28;29;29;30;161;161,4;161;161;161;161;162;162;163;163;164;168,6;0,989209094751058;0,998459382198484;0,997036951762136;0,994506055851121;0,989340902324697;0,979142355672251;0,974747714713704;0,969659181791062;0,961227454415941;0,944342059451855;0,92457940631575;NA;NA
2022-09-09;"alle";32;32,3;32;32;32;32;33;33;33;34;34;35;213;213,4;213;213;213;213;214;214;215;216,6;216;220,6;NA;NA;NA;NA;NA;NA;NA;NA;NA;NA;NA;NA;NA
2022-09-08;"0-60";10;10;10;10;10;10;10;10;10;10;10;11;55;55;55;55;55;55;55;55;55;55;55;57;0,999182140411051;0,999975708419846;0,999923185619009;0,999760784990529;0,999192204849223;0,997226779309166;0,9962985584327;0,994673366529065;0,991628182004369;0,983990539492057;0,972030040888407;NA;NA
2022-09-08;"60+";30;30,1;30;30;30;30;30;30;31;31;31;32;151;151,1;151;151;151,1;151;151,1;151;152;152;152;154,9;0,996289317418816;0,999551301958589;0,999079350726331;0,998216917471616;0,996336985789578;0,992426511008966;0,990869385157024;0,988781890518915;0,985409303442805;0,978308556990499;0,969176683043071;NA;NA
2022-09-08;"alle";40;40,1;40;40;40;40;40;40;41;41;41;42;206;206,1;206;206;206;206;206,3;206;207;207;207;209,9;NA;NA;NA;NA;NA;NA;NA;NA;NA;NA;NA;NA;NA
2022-09-07;"0-60";6;6;6;6;6;6;6;6;6;6;6;6;51;51;51;51;51;51;51;51;51;51;51;51;1;1;1;1;1;1;1;1;1;1;1;6;51
2022-09-07;"60+";33;33;33;33;33;33;33;33;33;33;33;33;144;144;144;144;144;144;144;144;144;144;144;144;1;1;1;1;1;1;1;1;1;1;1;33;144
2022-09-07;"alle";39;39;39;39;39;39;39;39;39;39;39;39;195;195;195;195;195;195;195;195;195;195;195;195;NA;NA;NA;NA;NA;NA;NA;NA;NA;NA;NA;39;195
2022-09-06;"0-60";21;21;21;21;21;21;21;21;21;21;21;21;52;52;52;52;52;52;52;52;52;52;52;52;1;1;1;1;1;1;1;1;1;1;1;21;52
2022-09-06;"60+";39;39;39;39;39;39;39;39;39;39;39;39;133;133;133;133;133;133;133;133;133;133;133;133;1;1;1;1;1;1;1;1;1;1;1;39;133
2022-09-06;"alle";60;60;60;60;60;60;60;60;60;60;60;60;185;185;185;185;185;185;185;185;185;185;185;185;1;1;1;1;1;1;1;1;1;1;1;60;185
2022-09-05;"0-60";5;5;5;5;5;5;5;5;5;5;5;5;45;45;45;45;45;45;45;45;45;45;45;45;1;1;1;1;1;1;1;1;1;1;1;5;45
2022-09-05;"60+";12;12;12;12;12;12;12;12;12;12;12;12;129;129;129;129;129;129;129;129;129;129;129;129;1;1;1;1;1;1;1;1;1;1;1;12;129
2022-09-05;"alle";17;17;17;17;17;17;17;17;17;17;17;17;174;174;174;174;174;174;174;174;174;174;174;174;1;1;1;1;1;1;1;1;1;1;1;17;174
2022-09-04;"0-60";2;2;2;2;2;2;2;2;2;2;2;2;41;41;41;41;41;41;41;41;41;41;41;41;1;1;1;1;1;1;1;1;1;1;1;2;41
2022-09-04;"60+";6;6;6;6;6;6;6;6;6;6;6;6;128;128;128;128;128;128;128;128;128;128;128;128;1;1;1;1;1;1;1;1;1;1;1;6;128
2022-09-04;"alle";8;8;8;8;8;8;8;8;8;8;8;8;169;169;169;169;169;169;169;169;169;169;169;169;1;1;1;1;1;1;1;1;1;1;1;8;169
2022-09-03;"0-60";3;3;3;3;3;3;3;3;3;3;3;3;41;41;41;41;41;41;41;41;41;41;41;41;1;1;1;1;1;1;1;1;1;1;1;3;41
2022-09-03;"60+";14;14;14;14;14;14;14;14;14;14;14;14;134;134;134;134;134;134;134;134;134;134;134;134;1;1;1;1;1;1;1;1;1;1;1;14;134
2022-09-03;"alle";17;17;17;17;17;17;17;17;17;17;17;17;175;175;175;175;175;175;175;175;175;175;175;175;1;1;1;1;1;1;1;1;1;1;1;17;175
2022-09-02;"0-60";8;8;8;8;8;8;8;8;8;8;8;8;43;43;43;43;43;43;43;43;43;43;43;43;1;1;1;1;1;1;1;1;1;1;1;8;43
2022-09-02;"60+";17;17;17;17;17;17;17;17;17;17;17;17;138;138;138;138;138;138;138;138;138;138;138;138;1;1;1;1;1;1;1;1;1;1;1;17;138
2022-09-02;"alle";25;25;25;25;25;25;25;25;25;25;25;25;181;181;181;181;181;181;181;181;181;181;181;181;1;1;1;1;1;1;1;1;1;1;1;25;181
2022-09-01;"0-60";6;6;6;6;6;6;6;6;6;6;6;6;39;39;39;39;39;39;39;39;39;39;39;39;1;1;1;1;1;1;1;1;1;1;1;6;39
2022-09-01;"60+";23;23;23;23;23;23;23;23;23;23;23;23;143;143;143;143;143;143;143;143;143;143;143;143;1;1;1;1;1;1;1;1;1;1;1;23;143
2022-09-01;"alle";29;29;29;29;29;29;29;29;29;29;29;29;182;182;182;182;182;182;182;182;182;182;182;182;1;1;1;1;1;1;1;1;1;1;1;29;182
2022-08-31;"0-60";7;7;7;7;7;7;7;7;7;7;7;7;41;41;41;41;41;41;41;41;41;41;41;41;1;1;1;1;1;1;1;1;1;1;1;7;41
2022-08-31;"60+";22;22;22;22;22;22;22;22;22;22;22;22;136;136;136;136;136;136;136;136;136;136;136;136;1;1;1;1;1;1;1;1;1;1;1;22;136
2022-08-31;"alle";29;29;29;29;29;29;29;29;29;29;29;29;177;177;177;177;177;177;177;177;177;177;177;177;1;1;1;1;1;1;1;1;1;1;1;29;177
2022-08-30;"0-60";14;14;14;14;14;14;14;14;14;14;14;14;39;39;39;39;39;39;39;39;39;39;39;39;1;1;1;1;1;1;1;1;1;1;1;14;39
2022-08-30;"60+";35;35;35;35;35;35;35;35;35;35;35;35;143;143;143;143;143;143;143;143;143;143;143;143;1;1;1;1;1;1;1;1;1;1;1;35;143
2022-08-30;"alle";49;49;49;49;49;49;49;49;49;49;49;49;182;182;182;182;182;182;182;182;182;182;182;182;1;1;1;1;1;1;1;1;1;1;1;49;182
2022-08-29;"0-60";1;1;1;1;1;1;1;1;1;1;1;1;35;35;35;35;35;35;35;35;35;35;35;35;1;1;1;1;1;1;1;1;1;1;1;1;35
2022-08-29;"60+";11;11;11;11;11;11;11;11;11;11;11;11;160;160;160;160;160;160;160;160;160;160;160;160;1;1;1;1;1;1;1;1;1;1;1;11;160
2022-08-29;"alle";12;12;12;12;12;12;12;12;12;12;12;12;195;195;195;195;195;195;195;195;195;195;195;195;1;1;1;1;1;1;1;1;1;1;1;12;195
2022-08-28;"0-60";2;2;2;2;2;2;2;2;2;2;2;2;37;37;37;37;37;37;37;37;37;37;37;37;1;1;1;1;1;1;1;1;1;1;1;2;37
2022-08-28;"60+";12;12;12;12;12;12;12;12;12;12;12;12;158;158;158;158;158;158;158;158;158;158;158;158;1;1;1;1;1;1;1;1;1;1;1;12;158
2022-08-28;"alle";14;14;14;14;14;14;14;14;14;14;14;14;195;195;195;195;195;195;195;195;195;195;195;195;1;1;1;1;1;1;1;1;1;1;1;14;195
2022-08-27;"0-60";5;5;5;5;5;5;5;5;5;5;5;5;35;35;35;35;35;35;35;35;35;35;35;35;1;1;1;1;1;1;1;1;1;1;1;5;35
2022-08-27;"60+";18;18;18;18;18;18;18;18;18;18;18;18;156;156;156;156;156;156;156;156;156;156;156;156;1;1;1;1;1;1;1;1;1;1;1;18;156
2022-08-27;"alle";23;23;23;23;23;23;23;23;23;23;23;23;191;191;191;191;191;191;191;191;191;191;191;191;1;1;1;1;1;1;1;1;1;1;1;23;191
2022-08-26;"0-60";4;4;4;4;4;4;4;4;4;4;4;4;36;36;36;36;36;36;36;36;36;36;36;36;1;1;1;1;1;1;1;1;1;1;1;4;36
2022-08-26;"60+";22;22;22;22;22;22;22;22;22;22;22;22;157;157;157;157;157;157;157;157;157;157;157;157;1;1;1;1;1;1;1;1;1;1;1;22;156
2022-08-26;"alle";26;26;26;26;26;26;26;26;26;26;26;26;193;193;193;193;193;193;193;193;193;193;193;193;1;1;1;1;1;1;1;1;1;1;1;26;192
2022-08-25;"0-60";8;8;8;8;8;8;8;8;8;8;8;8;42;42;42;42;42;42;42;42;42;42;42;42;1;1;1;1;1;1;1;1;1;1;1;8;42
2022-08-25;"60+";16;16;16;16;16;16;16;16;16;16;16;16;174;174;174;174;174;174;174;174;174;174;174;174;1;1;1;1;1;1;1;1;1;1;1;16;173
2022-08-25;"alle";24;24;24;24;24;24;24;24;24;24;24;24;216;216;216;216;216;216;216;216;216;216;216;216;1;1;1;1;1;1;1;1;1;1;1;24;215
2022-08-24;"0-60";5;5;5;5;5;5;5;5;5;5;5;5;46;46;46;46;46;46;46;46;46;46;46;46;1;1;1;1;1;1;1;1;1;1;1;5;46
2022-08-24;"60+";29;29;29;29;29;29;29;29;29;29;29;29;192;192;192;192;192;192;192;192;192;192;192;192;1;1;1;1;1;1;1;1;1;1;1;29;188
2022-08-24;"alle";34;34;34;34;34;34;34;34;34;34;34;34;238;238;238;238;238;238;238;238;238;238;238;238;1;1;1;1;1;1;1;1;1;1;1;34;234
2022-08-23;"0-60";10;10;10;10;10;10;10;10;10;10;10;10;50;50;50;50;50;50;50;50;50;50;50;50;1;1;1;1;1;1;1;1;1;1;1;10;50
2022-08-23;"60+";52;52;52;52;52;52;52;52;52;52;52;52;199;199;199;199;199;199;199;199;199;199;199;199;1;1;1;1;1;1;1;1;1;1;1;52;194
2022-08-23;"alle";62;62;62;62;62;62;62;62;62;62;62;62;249;249;249;249;249;249;249;249;249;249;249;249;1;1;1;1;1;1;1;1;1;1;1;62;244
2022-08-22;"0-60";3;3;3;3;3;3;3;3;3;3;3;3;53;53;53;53;53;53;53;53;53;53;53;53;1;1;1;1;1;1;1;1;1;1;1;3;53
2022-08-22;"60+";9;9;9;9;9;9;9;9;9;9;9;9;202;202;202;202;202;202;202;202;202;202;202;202;1;1;1;1;1;1;1;1;1;1;1;9;197
2022-08-22;"alle";12;12;12;12;12;12;12;12;12;12;12;12;255;255;255;255;255;255;255;255;255;255;255;255;1;1;1;1;1;1;1;1;1;1;1;12;250
2022-08-21;"0-60";0;0;0;0;0;0;0;0;0;0;0;0;52;52;52;52;52;52;52;52;52;52;52;52;1;1;1;1;1;1;1;1;1;1;1;0;52
2022-08-21;"60+";10;10;10;10;10;10;10;10;10;10;10;10;208;208;208;208;208;208;208;208;208;208;208;208;1;1;1;1;1;1;1;1;1;1;1;10;203
2022-08-21;"alle";10;10;10;10;10;10;10;10;10;10;10;10;260;260;260;260;260;260;260;260;260;260;260;260;1;1;1;1;1;1;1;1;1;1;1;10;255
2022-08-20;"0-60";6;6;6;6;6;6;6;6;6;6;6;6;55;55;55;55;55;55;55;55;55;55;55;55;1;1;1;1;1;1;1;1;1;1;1;6;55
2022-08-20;"60+";19;19;19;19;19;19;19;19;19;19;19;19;207;207;207;207;207;207;207;207;207;207;207;207;1;1;1;1;1;1;1;1;1;1;1;18;202
2022-08-20;"alle";25;25;25;25;25;25;25;25;25;25;25;25;262;262;262;262;262;262;262;262;262;262;262;262;NA;NA;NA;NA;NA;NA;NA;NA;NA;NA;NA;24;257
2022-08-19;"0-60";10;10;10;10;10;10;10;10;10;10;10;10;58;58;58;58;58;58;58;58;58;58;58;58;1;1;1;1;1;1;1;1;1;1;1;10;58
2022-08-19;"60+";39;39;39;39;39;39;39;39;39;39;39;39;220;220;220;220;220;220;220;220;220;220;220;220;1;1;1;1;1;1;1;1;1;1;1;39;215
2022-08-19;"alle";49;49;49;49;49;49;49;49;49;49;49;49;278;278;278;278;278;278;278;278;278;278;278;278;NA;NA;NA;NA;NA;NA;NA;NA;NA;NA;NA;49;273
2022-08-18;"0-60";12;12;12;12;12;12;12;12;12;12;12;12;59;59;59;59;59;59;59;59;59;59;59;59;1;1;1;1;1;1;1;1;1;1;1;12;59
2022-08-18;"60+";34;34;34;34;34;34;34;34;34;34;34;34;208;208;208;208;208;208;208;208;208;208;208;208;1;1;1;1;1;1;1;1;1;1;1;31;203
2022-08-18;"alle";46;46;46;46;46;46;46;46;46;46;46;46;267;267;267;267;267;267;267;267;267;267;267;267;NA;NA;NA;NA;NA;NA;NA;NA;NA;NA;NA;43;262
2022-08-17;"0-60";9;9;9;9;9;9;9;9;9;9;9;9;55;55;55;55;55;55;55;55;55;55;55;55;1;1;1;1;1;1;1;1;1;1;1;9;54
2022-08-17;"60+";36;36;36;36;36;36;36;36;36;36;36;36;196;196;196;196;196;196;196;196;196;196;196;196;1;1;1;1;1;1;1;1;1;1;1;35;194
2022-08-17;"alle";45;45;45;45;45;45;45;45;45;45;45;45;251;251;251;251;251;251;251;251;251;251;251;251;NA;NA;NA;NA;NA;NA;NA;NA;NA;NA;NA;44;248
2022-08-16;"0-60";13;13;13;13;13;13;13;13;13;13;13;13;54;54;54;54;54;54;54;54;54;54;54;54;1;1;1;1;1;1;1;1;1;1;1;13;53
2022-08-16;"60+";55;55;55;55;55;55;55;55;55;55;55;55;184;184;184;184;184;184;184;184;184;184;184;184;1;1;1;1;1;1;1;1;1;1;1;55;183
2022-08-16;"alle";68;68;68;68;68;68;68;68;68;68;68;68;238;238;238;238;238;238;238;238;238;238;238;238;NA;NA;NA;NA;NA;NA;NA;NA;NA;NA;NA;68;236
2022-08-15;"0-60";2;2;2;2;2;2;2;2;2;2;2;2;54;54;54;54;54;54;54;54;54;54;54;54;1;1;1;1;1;1;1;1;1;1;1;2;52
2022-08-15;"60+";15;15;15;15;15;15;15;15;15;15;15;15;191;191;191;191;191;191;191;191;191;191;191;191;1;1;1;1;1;1;1;1;1;1;1;15;188
2022-08-15;"alle";17;17;17;17;17;17;17;17;17;17;17;17;245;245;245;245;245;245;245;245;245;245;245;245;NA;NA;NA;NA;NA;NA;NA;NA;NA;NA;NA;17;240
2022-08-14;"0-60";3;3;3;3;3;3;3;3;3;3;3;3;54;54;54;54;54;54;54;54;54;54;54;54;1;1;1;1;1;1;1;1;1;1;1;3;52
2022-08-14;"60+";9;9;9;9;9;9;9;9;9;9;9;9;183;183;183;183;183;183;183;183;183;183;183;183;1;1;1;1;1;1;1;1;1;1;1;9;180
2022-08-14;"alle";12;12;12;12;12;12;12;12;12;12;12;12;237;237;237;237;237;237;237;237;237;237;237;237;NA;NA;NA;NA;NA;NA;NA;NA;NA;NA;NA;12;232
2022-08-13;"0-60";9;9;9;9;9;9;9;9;9;9;9;9;56;56;56;56;56;56;56;56;56;56;56;56;1;1;1;1;1;1;1;1;1;1;1;9;54
2022-08-13;"60+";32;32;32;32;32;32;32;32;32;32;32;32;192;192;192;192;192;192;192;192;192;192;192;192;1;1;1;1;1;1;1;1;1;1;1;31;189
2022-08-13;"alle";41;41;41;41;41;41;41;41;41;41;41;41;248;248;248;248;248;248;248;248;248;248;248;248;NA;NA;NA;NA;NA;NA;NA;NA;NA;NA;NA;40;243
2022-08-12;"0-60";11;11;11;11;11;11;11;11;11;11;11;11;58;58;58;58;58;58;58;58;58;58;58;58;1;1;1;1;1;1;1;1;1;1;1;11;55
2022-08-12;"60+";27;27;27;27;27;27;27;27;27;27;27;27;197;197;197;197;197;197;197;197;197;197;197;197;1;1;1;1;1;1;1;1;1;1;1;27;193
2022-08-12;"alle";38;38;38;38;38;38;38;38;38;38;38;38;255;255;255;255;255;255;255;255;255;255;255;255;NA;NA;NA;NA;NA;NA;NA;NA;NA;NA;NA;38;248
2022-08-11;"0-60";8;8;8;8;8;8;8;8;8;8;8;8;58;58;58;58;58;58;58;58;58;58;58;58;1;1;1;1;1;1;1;1;1;1;1;7;54
2022-08-11;"60+";22;22;22;22;22;22;22;22;22;22;22;22;216;216;216;216;216;216;216;216;216;216;216;216;1;1;1;1;1;1;1;1;1;1;1;22;212
2022-08-11;"alle";30;30;30;30;30;30;30;30;30;30;30;30;274;274;274;274;274;274;274;274;274;274;274;274;NA;NA;NA;NA;NA;NA;NA;NA;NA;NA;NA;29;266
2022-08-10;"0-60";8;8;8;8;8;8;8;8;8;8;8;8;57;57;57;57;57;57;57;57;57;57;57;57;1;1;1;1;1;1;1;1;1;1;1;8;54
2022-08-10;"60+";24;24;24;24;24;24;24;24;24;24;24;24;242;242;242;242;242;242;242;242;242;242;242;242;1;1;1;1;1;1;1;1;1;1;1;24;236
2022-08-10;"alle";32;32;32;32;32;32;32;32;32;32;32;32;299;299;299;299;299;299;299;299;299;299;299;299;NA;NA;NA;NA;NA;NA;NA;NA;NA;NA;NA;32;290
2022-08-09;"0-60";13;13;13;13;13;13;13;13;13;13;13;13;66;66;66;66;66;66;66;66;66;66;66;66;1;1;1;1;1;1;1;1;1;1;1;12;63
2022-08-09;"60+";62;62;62;62;62;62;62;62;62;62;62;62;287;287;287;287;287;287;287;287;287;287;287;287;1;1;1;1;1;1;1;1;1;1;1;60;278
2022-08-09;"alle";75;75;75;75;75;75;75;75;75;75;75;75;353;353;353;353;353;353;353;353;353;353;353;353;NA;NA;NA;NA;NA;NA;NA;NA;NA;NA;NA;72;341
2022-08-08;"0-60";2;2;2;2;2;2;2;2;2;2;2;2;65;65;65;65;65;65;65;65;65;65;65;65;1;1;1;1;1;1;1;1;1;1;1;2;62
2022-08-08;"60+";7;7;7;7;7;7;7;7;7;7;7;7;274;274;274;274;274;274;274;274;274;274;274;274;1;1;1;1;1;1;1;1;1;1;1;7;266
2022-08-08;"alle";9;9;9;9;9;9;9;9;9;9;9;9;339;339;339;339;339;339;339;339;339;339;339;339;NA;NA;NA;NA;NA;NA;NA;NA;NA;NA;NA;9;328
2022-08-07;"0-60";5;5;5;5;5;5;5;5;5;5;5;5;65;65;65;65;65;65;65;65;65;65;65;65;1;1;1;1;1;1;1;1;1;1;1;5;62
2022-08-07;"60+";18;18;18;18;18;18;18;18;18;18;18;18;275;275;275;275;275;275;275;275;275;275;275;275;1;1;1;1;1;1;1;1;1;1;1;18;267
2022-08-07;"alle";23;23;23;23;23;23;23;23;23;23;23;23;340;340;340;340;340;340;340;340;340;340;340;340;NA;NA;NA;NA;NA;NA;NA;NA;NA;NA;NA;23;329
2022-08-06;"0-60";11;11;11;11;11;11;11;11;11;11;11;11;62;62;62;62;62;62;62;62;62;62;62;62;1;1;1;1;1;1;1;1;1;1;1;10;59
2022-08-06;"60+";37;37;37;37;37;37;37;37;37;37;37;37;271;271;271;271;271;271;271;271;271;271;271;271;1;1;1;1;1;1;1;1;1;1;1;35;263
2022-08-06;"alle";48;48;48;48;48;48;48;48;48;48;48;48;333;333;333;333;333;333;333;333;333;333;333;333;NA;NA;NA;NA;NA;NA;NA;NA;NA;NA;NA;45;322
2022-08-05;"0-60";11;11;11;11;11;11;11;11;11;11;11;11;63;63;63;63;63;63;63;63;63;63;63;63;1;1;1;1;1;1;1;1;1;1;1;10;61
2022-08-05;"60+";46;46;46;46;46;46;46;46;46;46;46;46;286;286;286;286;286;286;286;286;286;286;286;286;1;1;1;1;1;1;1;1;1;1;1;46;278
2022-08-05;"alle";57;57;57;57;57;57;57;57;57;57;57;57;349;349;349;349;349;349;349;349;349;349;349;349;NA;NA;NA;NA;NA;NA;NA;NA;NA;NA;NA;56;339
2022-08-04;"0-60";7;7;7;7;7;7;7;7;7;7;7;7;62;62;62;62;62;62;62;62;62;62;62;62;1;1;1;1;1;1;1;1;1;1;1;7;61
2022-08-04;"60+";48;48;48;48;48;48;48;48;48;48;48;48;295;295;295;295;295;295;295;295;295;295;295;295;1;1;1;1;1;1;1;1;1;1;1;46;286
2022-08-04;"alle";55;55;55;55;55;55;55;55;55;55;55;55;357;357;357;357;357;357;357;357;357;357;357;357;NA;NA;NA;NA;NA;NA;NA;NA;NA;NA;NA;53;347
2022-08-03;"0-60";17;17;17;17;17;17;17;17;17;17;17;17;63;63;63;63;63;63;63;63;63;63;63;63;1;1;1;1;1;1;1;1;1;1;1;17;60
2022-08-03;"60+";69;69;69;69;69;69;69;69;69;69;69;69;298;298;298;298;298;298;298;298;298;298;298;298;1;1;1;1;1;1;1;1;1;1;1;66;290
2022-08-03;"alle";86;86;86;86;86;86;86;86;86;86;86;86;361;361;361;361;361;361;361;361;361;361;361;361;NA;NA;NA;NA;NA;NA;NA;NA;NA;NA;NA;83;350
2022-08-02;"0-60";12;12;12;12;12;12;12;12;12;12;12;12;57;57;57;57;57;57;57;57;57;57;57;57;1;1;1;1;1;1;1;1;1;1;1;11;54
2022-08-02;"60+";49;49;49;49;49;49;49;49;49;49;49;49;307;307;307;307;307;307;307;307;307;307;307;307;1;1;1;1;1;1;1;1;1;1;1;48;297
2022-08-02;"alle";61;61;61;61;61;61;61;61;61;61;61;61;364;364;364;364;364;364;364;364;364;364;364;364;NA;NA;NA;NA;NA;NA;NA;NA;NA;NA;NA;59;351
2022-08-01;"0-60";2;2;2;2;2;2;2;2;2;2;2;2;67;67;67;67;67;67;67;67;67;67;67;67;1;1;1;1;1;1;1;1;1;1;1;2;65
2022-08-01;"60+";8;8;8;8;8;8;8;8;8;8;8;8;375;375;375;375;375;375;375;375;375;375;375;375;1;1;1;1;1;1;1;1;1;1;1;8;358
2022-08-01;"alle";10;10;10;10;10;10;10;10;10;10;10;10;442;442;442;442;442;442;442;442;442;442;442;442;NA;NA;NA;NA;NA;NA;NA;NA;NA;NA;NA;10;423
2022-07-31;"0-60";2;2;2;2;2;2;2;2;2;2;2;2;67;67;67;67;67;67;67;67;67;67;67;67;1;1;1;1;1;1;1;1;1;1;1;2;65
2022-07-31;"60+";14;14;14;14;14;14;14;14;14;14;14;14;399;399;399;399;399;399;399;399;399;399;399;399;1;1;1;1;1;1;1;1;1;1;1;14;382
2022-07-31;"alle";16;16;16;16;16;16;16;16;16;16;16;16;466;466;466;466;466;466;466;466;466;466;466;466;NA;NA;NA;NA;NA;NA;NA;NA;NA;NA;NA;16;447
2022-07-30;"0-60";12;12;12;12;12;12;12;12;12;12;12;12;71;71;71;71;71;71;71;71;71;71;71;71;1;1;1;1;1;1;1;1;1;1;1;12;69
2022-07-30;"60+";52;52;52;52;52;52;52;52;52;52;52;52;401;401;401;401;401;401;401;401;401;401;401;401;1;1;1;1;1;1;1;1;1;1;1;50;384
2022-07-30;"alle";64;64;64;64;64;64;64;64;64;64;64;64;472;472;472;472;472;472;472;472;472;472;472;472;NA;NA;NA;NA;NA;NA;NA;NA;NA;NA;NA;62;453
2022-07-29;"0-60";10;10;10;10;10;10;10;10;10;10;10;10;64;64;64;64;64;64;64;64;64;64;64;64;1;1;1;1;1;1;1;1;1;1;1;10;62
2022-07-29;"60+";55;55;55;55;55;55;55;55;55;55;55;55;390;390;390;390;390;390;390;390;390;390;390;390;1;1;1;1;1;1;1;1;1;1;1;54;373
2022-07-29;"alle";65;65;65;65;65;65;65;65;65;65;65;65;454;454;454;454;454;454;454;454;454;454;454;454;NA;NA;NA;NA;NA;NA;NA;NA;NA;NA;NA;64;435
2022-07-28;"0-60";8;8;8;8;8;8;8;8;8;8;8;8;70;70;70;70;70;70;70;70;70;70;70;70;1;1;1;1;1;1;1;1;1;1;1;6;67
2022-07-28;"60+";51;51;51;51;51;51;51;51;51;51;51;51;386;386;386;386;386;386;386;386;386;386;386;386;1;1;1;1;1;1;1;1;1;1;1;50;369
2022-07-28;"alle";59;59;59;59;59;59;59;59;59;59;59;59;456;456;456;456;456;456;456;456;456;456;456;456;NA;NA;NA;NA;NA;NA;NA;NA;NA;NA;NA;56;436
2022-07-27;"0-60";11;11;11;11;11;11;11;11;11;11;11;11;74;74;74;74;74;74;74;74;74;74;74;74;1;1;1;1;1;1;1;1;1;1;1;11;72
2022-07-27;"60+";78;78;78;78;78;78;78;78;78;78;78;78;380;380;380;380;380;380;380;380;380;380;380;380;1;1;1;1;1;1;1;1;1;1;1;73;362
2022-07-27;"alle";89;89;89;89;89;89;89;89;89;89;89;89;454;454;454;454;454;454;454;454;454;454;454;454;NA;NA;NA;NA;NA;NA;NA;NA;NA;NA;NA;84;434
2022-07-26;"0-60";22;22;22;22;22;22;22;22;22;22;22;22;82;82;82;82;82;82;82;82;82;82;82;82;1;1;1;1;1;1;1;1;1;1;1;22;80
2022-07-26;"60+";117;117;117;117;117;117;117;117;117;117;117;117;346;346;346;346;346;346;346;346;346;346;346;346;1;1;1;1;1;1;1;1;1;1;1;109;333
2022-07-26;"alle";139;139;139;139;139;139;139;139;139;139;139;139;428;428;428;428;428;428;428;428;428;428;428;428;NA;NA;NA;NA;NA;NA;NA;NA;NA;NA;NA;131;413
2022-07-25;"0-60";2;2;2;2;2;2;2;2;2;2;2;2;76;76;76;76;76;76;76;76;76;76;76;76;1;1;1;1;1;1;1;1;1;1;1;2;72
2022-07-25;"60+";32;32;32;32;32;32;32;32;32;32;32;32;286;286;286;286;286;286;286;286;286;286;286;286;1;1;1;1;1;1;1;1;1;1;1;32;281
2022-07-25;"alle";34;34;34;34;34;34;34;34;34;34;34;34;362;362;362;362;362;362;362;362;362;362;362;362;NA;NA;NA;NA;NA;NA;NA;NA;NA;NA;NA;34;353
2022-07-24;"0-60";6;6;6;6;6;6;6;6;6;6;6;6;77;77;77;77;77;77;77;77;77;77;77;77;1;1;1;1;1;1;1;1;1;1;1;6;73
2022-07-24;"60+";16;16;16;16;16;16;16;16;16;16;16;16;264;264;264;264;264;264;264;264;264;264;264;264;1;1;1;1;1;1;1;1;1;1;1;16;259
2022-07-24;"alle";22;22;22;22;22;22;22;22;22;22;22;22;341;341;341;341;341;341;341;341;341;341;341;341;NA;NA;NA;NA;NA;NA;NA;NA;NA;NA;NA;22;332
2022-07-23;"0-60";5;5;5;5;5;5;5;5;5;5;5;5;72;72;72;72;72;72;72;72;72;72;72;72;1;1;1;1;1;1;1;1;1;1;1;5;68
2022-07-23;"60+";41;41;41;41;41;41;41;41;41;41;41;41;257;257;257;257;257;257;257;257;257;257;257;257;1;1;1;1;1;1;1;1;1;1;1;39;251
2022-07-23;"alle";46;46;46;46;46;46;46;46;46;46;46;46;329;329;329;329;329;329;329;329;329;329;329;329;NA;NA;NA;NA;NA;NA;NA;NA;NA;NA;NA;44;320
2022-07-22;"0-60";16;16;16;16;16;16;16;16;16;16;16;16;78;78;78;78;78;78;78;78;78;78;78;78;1;1;1;1;1;1;1;1;1;1;1;15;74
2022-07-22;"60+";51;51;51;51;51;51;51;51;51;51;51;51;267;267;267;267;267;267;267;267;267;267;267;267;1;1;1;1;1;1;1;1;1;1;1;50;259
2022-07-22;"alle";67;67;67;67;67;67;67;67;67;67;67;67;345;345;345;345;345;345;345;345;345;345;345;345;NA;NA;NA;NA;NA;NA;NA;NA;NA;NA;NA;65;334
2022-07-21;"0-60";12;12;12;12;12;12;12;12;12;12;12;12;70;70;70;70;70;70;70;70;70;70;70;70;1;1;1;1;1;1;1;1;1;1;1;11;67
2022-07-21;"60+";45;45;45;45;45;45;45;45;45;45;45;45;234;234;234;234;234;234;234;234;234;234;234;234;1;1;1;1;1;1;1;1;1;1;1;43;224
2022-07-21;"alle";57;57;57;57;57;57;57;57;57;57;57;57;304;304;304;304;304;304;304;304;304;304;304;304;NA;NA;NA;NA;NA;NA;NA;NA;NA;NA;NA;54;292
2022-07-20;"0-60";19;19;19;19;19;19;19;19;19;19;19;19;85;85;85;85;85;85;85;85;85;85;85;85;1;1;1;1;1;1;1;1;1;1;1;19;83
2022-07-20;"60+";44;44;44;44;44;44;44;44;44;44;44;44;225;225;225;225;225;225;225;225;225;225;225;225;1;1;1;1;1;1;1;1;1;1;1;44;216
2022-07-20;"alle";63;63;63;63;63;63;63;63;63;63;63;63;310;310;310;310;310;310;310;310;310;310;310;310;NA;NA;NA;NA;NA;NA;NA;NA;NA;NA;NA;63;300
2022-07-19;"0-60";16;16;16;16;16;16;16;16;16;16;16;16;81;81;81;81;81;81;81;81;81;81;81;81;1;1;1;1;1;1;1;1;1;1;1;14;79
2022-07-19;"60+";57;57;57;57;57;57;57;57;57;57;57;57;224;224;224;224;224;224;224;224;224;224;224;224;1;1;1;1;1;1;1;1;1;1;1;57;215
2022-07-19;"alle";73;73;73;73;73;73;73;73;73;73;73;73;305;305;305;305;305;305;305;305;305;305;305;305;NA;NA;NA;NA;NA;NA;NA;NA;NA;NA;NA;71;295
2022-07-18;"0-60";3;3;3;3;3;3;3;3;3;3;3;3;81;81;81;81;81;81;81;81;81;81;81;81;1;1;1;1;1;1;1;1;1;1;1;3;81
2022-07-18;"60+";10;10;10;10;10;10;10;10;10;10;10;10;240;240;240;240;240;240;240;240;240;240;240;240;1;1;1;1;1;1;1;1;1;1;1;10;231
2022-07-18;"alle";13;13;13;13;13;13;13;13;13;13;13;13;321;321;321;321;321;321;321;321;321;321;321;321;NA;NA;NA;NA;NA;NA;NA;NA;NA;NA;NA;13;313
2022-07-17;"0-60";1;1;1;1;1;1;1;1;1;1;1;1;80;80;80;80;80;80;80;80;80;80;80;80;1;1;1;1;1;1;1;1;1;1;1;1;80
2022-07-17;"60+";9;9;9;9;9;9;9;9;9;9;9;9;245;245;245;245;245;245;245;245;245;245;245;245;1;1;1;1;1;1;1;1;1;1;1;8;234
2022-07-17;"alle";10;10;10;10;10;10;10;10;10;10;10;10;325;325;325;325;325;325;325;325;325;325;325;325;NA;NA;NA;NA;NA;NA;NA;NA;NA;NA;NA;10;315
2022-07-16;"0-60";11;11;11;11;11;11;11;11;11;11;11;11;81;81;81;81;81;81;81;81;81;81;81;81;1;1;1;1;1;1;1;1;1;1;1;11;80
2022-07-16;"60+";51;51;51;51;51;51;51;51;51;51;51;51;250;250;250;250;250;250;250;250;250;250;250;250;1;1;1;1;1;1;1;1;1;1;1;47;239
2022-07-16;"alle";62;62;62;62;62;62;62;62;62;62;62;62;331;331;331;331;331;331;331;331;331;331;331;331;NA;NA;NA;NA;NA;NA;NA;NA;NA;NA;NA;58;319
2022-07-15;"0-60";8;8;8;8;8;8;8;8;8;8;8;8;76;76;76;76;76;76;76;76;76;76;76;76;1;1;1;1;1;1;1;1;1;1;1;8;75
2022-07-15;"60+";18;18;18;18;18;18;18;18;18;18;18;18;225;225;225;225;225;225;225;225;225;225;225;225;1;1;1;1;1;1;1;1;1;1;1;15;217
2022-07-15;"alle";26;26;26;26;26;26;26;26;26;26;26;26;301;301;301;301;301;301;301;301;301;301;301;301;NA;NA;NA;NA;NA;NA;NA;NA;NA;NA;NA;23;292
2022-07-14;"0-60";27;27;27;27;27;27;27;27;27;27;27;27;75;75;75;75;75;75;75;75;75;75;75;75;1;1;1;1;1;1;1;1;1;1;1;27;74
2022-07-14;"60+";36;36;36;36;36;36;36;36;36;36;36;36;236;236;236;236;236;236;236;236;236;236;236;236;1;1;1;1;1;1;1;1;1;1;1;35;230
2022-07-14;"alle";63;63;63;63;63;63;63;63;63;63;63;63;311;311;311;311;311;311;311;311;311;311;311;311;NA;NA;NA;NA;NA;NA;NA;NA;NA;NA;NA;62;304
2022-07-13;"0-60";15;15;15;15;15;15;15;15;15;15;15;15;56;56;56;56;56;56;56;56;56;56;56;56;1;1;1;1;1;1;1;1;1;1;1;15;55
2022-07-13;"60+";43;43;43;43;43;43;43;43;43;43;43;43;230;230;230;230;230;230;230;230;230;230;230;230;1;1;1;1;1;1;1;1;1;1;1;43;224
2022-07-13;"alle";58;58;58;58;58;58;58;58;58;58;58;58;286;286;286;286;286;286;286;286;286;286;286;286;NA;NA;NA;NA;NA;NA;NA;NA;NA;NA;NA;58;279
2022-07-12;"0-60";16;16;16;16;16;16;16;16;16;16;16;16;55;55;55;55;55;55;55;55;55;55;55;55;1;1;1;1;1;1;1;1;1;1;1;16;54
2022-07-12;"60+";73;73;73;73;73;73;73;73;73;73;73;73;211;211;211;211;211;211;211;211;211;211;211;211;1;1;1;1;1;1;1;1;1;1;1;73;205
2022-07-12;"alle";89;89;89;89;89;89;89;89;89;89;89;89;266;266;266;266;266;266;266;266;266;266;266;266;NA;NA;NA;NA;NA;NA;NA;NA;NA;NA;NA;89;259
2022-07-11;"0-60";2;2;2;2;2;2;2;2;2;2;2;2;54;54;54;54;54;54;54;54;54;54;54;54;1;1;1;1;1;1;1;1;1;1;1;2;53
2022-07-11;"60+";15;15;15;15;15;15;15;15;15;15;15;15;171;171;171;171;171;171;171;171;171;171;171;171;1;1;1;1;1;1;1;1;1;1;1;13;164
2022-07-11;"alle";17;17;17;17;17;17;17;17;17;17;17;17;225;225;225;225;225;225;225;225;225;225;225;225;NA;NA;NA;NA;NA;NA;NA;NA;NA;NA;NA;15;217
2022-07-10;"0-60";2;2;2;2;2;2;2;2;2;2;2;2;54;54;54;54;54;54;54;54;54;54;54;54;1;1;1;1;1;1;1;1;1;1;1;1;53
2022-07-10;"60+";14;14;14;14;14;14;14;14;14;14;14;14;170;170;170;170;170;170;170;170;170;170;170;170;1;1;1;1;1;1;1;1;1;1;1;13;165
2022-07-10;"alle";16;16;16;16;16;16;16;16;16;16;16;16;224;224;224;224;224;224;224;224;224;224;224;224;NA;NA;NA;NA;NA;NA;NA;NA;NA;NA;NA;14;218
2022-07-09;"0-60";6;6;6;6;6;6;6;6;6;6;6;6;54;54;54;54;54;54;54;54;54;54;54;54;1;1;1;1;1;1;1;1;1;1;1;6;54
2022-07-09;"60+";26;26;26;26;26;26;26;26;26;26;26;26;164;164;164;164;164;164;164;164;164;164;164;164;1;1;1;1;1;1;1;1;1;1;1;25;160
2022-07-09;"alle";32;32;32;32;32;32;32;32;32;32;32;32;218;218;218;218;218;218;218;218;218;218;218;218;NA;NA;NA;NA;NA;NA;NA;NA;NA;NA;NA;31;214
2022-07-08;"0-60";7;7;7;7;7;7;7;7;7;7;7;7;56;56;56;56;56;56;56;56;56;56;56;56;1;1;1;1;1;1;1;1;1;1;1;7;56
2022-07-08;"60+";29;29;29;29;29;29;29;29;29;29;29;29;155;155;155;155;155;155;155;155;155;155;155;155;1;1;1;1;1;1;1;1;1;1;1;28;152
2022-07-08;"alle";36;36;36;36;36;36;36;36;36;36;36;36;211;211;211;211;211;211;211;211;211;211;211;211;NA;NA;NA;NA;NA;NA;NA;NA;NA;NA;NA;35;208
2022-07-07;"0-60";8;8;8;8;8;8;8;8;8;8;8;8;53;53;53;53;53;53;53;53;53;53;53;53;1;1;1;1;1;1;1;1;1;1;1;8;53
2022-07-07;"60+";30;30;30;30;30;30;30;30;30;30;30;30;143;143;143;143;143;143;143;143;143;143;143;143;1;1;1;1;1;1;1;1;1;1;1;29;141
2022-07-07;"alle";38;38;38;38;38;38;38;38;38;38;38;38;196;196;196;196;196;196;196;196;196;196;196;196;NA;NA;NA;NA;NA;NA;NA;NA;NA;NA;NA;37;194
2022-07-06;"0-60";14;14;14;14;14;14;14;14;14;14;14;14;54;54;54;54;54;54;54;54;54;54;54;54;1;1;1;1;1;1;1;1;1;1;1;14;54
2022-07-06;"60+";24;24;24;24;24;24;24;24;24;24;24;24;137;137;137;137;137;137;137;137;137;137;137;137;1;1;1;1;1;1;1;1;1;1;1;24;136
2022-07-06;"alle";38;38;38;38;38;38;38;38;38;38;38;38;191;191;191;191;191;191;191;191;191;191;191;191;NA;NA;NA;NA;NA;NA;NA;NA;NA;NA;NA;38;190
2022-07-05;"0-60";15;15;15;15;15;15;15;15;15;15;15;15;54;54;54;54;54;54;54;54;54;54;54;54;1;1;1;1;1;1;1;1;1;1;1;15;53
2022-07-05;"60+";33;33;33;33;33;33;33;33;33;33;33;33;139;139;139;139;139;139;139;139;139;139;139;139;1;1;1;1;1;1;1;1;1;1;1;32;138
2022-07-05;"alle";48;48;48;48;48;48;48;48;48;48;48;48;193;193;193;193;193;193;193;193;193;193;193;193;NA;NA;NA;NA;NA;NA;NA;NA;NA;NA;NA;47;191
2022-07-04;"0-60";2;2;2;2;2;2;2;2;2;2;2;2;44;44;44;44;44;44;44;44;44;44;44;44;1;1;1;1;1;1;1;1;1;1;1;2;43
2022-07-04;"60+";14;14;14;14;14;14;14;14;14;14;14;14;135;135;135;135;135;135;135;135;135;135;135;135;1;1;1;1;1;1;1;1;1;1;1;14;135
2022-07-04;"alle";16;16;16;16;16;16;16;16;16;16;16;16;179;179;179;179;179;179;179;179;179;179;179;179;NA;NA;NA;NA;NA;NA;NA;NA;NA;NA;NA;16;178
2022-07-03;"0-60";2;2;2;2;2;2;2;2;2;2;2;2;45;45;45;45;45;45;45;45;45;45;45;45;1;1;1;1;1;1;1;1;1;1;1;2;44
2022-07-03;"60+";8;8;8;8;8;8;8;8;8;8;8;8;133;133;133;133;133;133;133;133;133;133;133;133;1;1;1;1;1;1;1;1;1;1;1;8;133
2022-07-03;"alle";10;10;10;10;10;10;10;10;10;10;10;10;178;178;178;178;178;178;178;178;178;178;178;178;NA;NA;NA;NA;NA;NA;NA;NA;NA;NA;NA;10;177
2022-07-02;"0-60";8;8;8;8;8;8;8;8;8;8;8;8;48;48;48;48;48;48;48;48;48;48;48;48;1;1;1;1;1;1;1;1;1;1;1;8;47
2022-07-02;"60+";17;17;17;17;17;17;17;17;17;17;17;17;137;137;137;137;137;137;137;137;137;137;137;137;1;1;1;1;1;1;1;1;1;1;1;17;137
2022-07-02;"alle";25;25;25;25;25;25;25;25;25;25;25;25;185;185;185;185;185;185;185;185;185;185;185;185;NA;NA;NA;NA;NA;NA;NA;NA;NA;NA;NA;25;184
2022-07-01;"0-60";4;4;4;4;4;4;4;4;4;4;4;4;47;47;47;47;47;47;47;47;47;47;47;47;1;1;1;1;1;1;1;1;1;1;1;4;46
2022-07-01;"60+";17;17;17;17;17;17;17;17;17;17;17;17;130;130;130;130;130;130;130;130;130;130;130;130;1;1;1;1;1;1;1;1;1;1;1;17;130
2022-07-01;"alle";21;21;21;21;21;21;21;21;21;21;21;21;177;177;177;177;177;177;177;177;177;177;177;177;NA;NA;NA;NA;NA;NA;NA;NA;NA;NA;NA;21;176
2022-06-30;"0-60";9;9;9;9;9;9;9;9;9;9;9;9;56;56;56;56;56;56;56;56;56;56;56;56;1;1;1;1;1;1;1;1;1;1;1;9;55
2022-06-30;"60+";24;24;24;24;24;24;24;24;24;24;24;24;127;127;127;127;127;127;127;127;127;127;127;127;1;1;1;1;1;1;1;1;1;1;1;24;127
2022-06-30;"alle";33;33;33;33;33;33;33;33;33;33;33;33;183;183;183;183;183;183;183;183;183;183;183;183;NA;NA;NA;NA;NA;NA;NA;NA;NA;NA;NA;33;182
2022-06-29;"0-60";14;14;14;14;14;14;14;14;14;14;14;14;53;53;53;53;53;53;53;53;53;53;53;53;1;1;1;1;1;1;1;1;1;1;1;13;52
2022-06-29;"60+";26;26;26;26;26;26;26;26;26;26;26;26;113;113;113;113;113;113;113;113;113;113;113;113;1;1;1;1;1;1;1;1;1;1;1;26;112
2022-06-29;"alle";40;40;40;40;40;40;40;40;40;40;40;40;166;166;166;166;166;166;166;166;166;166;166;166;NA;NA;NA;NA;NA;NA;NA;NA;NA;NA;NA;39;164
2022-06-28;"0-60";5;5;5;5;5;5;5;5;5;5;5;5;46;46;46;46;46;46;46;46;46;46;46;46;1;1;1;1;1;1;1;1;1;1;1;5;45
2022-06-28;"60+";29;29;29;29;29;29;29;29;29;29;29;29;104;104;104;104;104;104;104;104;104;104;104;104;1;1;1;1;1;1;1;1;1;1;1;29;103
2022-06-28;"alle";34;34;34;34;34;34;34;34;34;34;34;34;150;150;150;150;150;150;150;150;150;150;150;150;NA;NA;NA;NA;NA;NA;NA;NA;NA;NA;NA;34;148
2022-06-27;"0-60";3;3;3;3;3;3;3;3;3;3;3;3;54;54;54;54;54;54;54;54;54;54;54;54;1;1;1;1;1;1;1;1;1;1;1;3;53
2022-06-27;"60+";12;12;12;12;12;12;12;12;12;12;12;12;108;108;108;108;108;108;108;108;108;108;108;108;1;1;1;1;1;1;1;1;1;1;1;12;106
2022-06-27;"alle";15;15;15;15;15;15;15;15;15;15;15;15;162;162;162;162;162;162;162;162;162;162;162;162;NA;NA;NA;NA;NA;NA;NA;NA;NA;NA;NA;15;159
2022-06-26;"0-60";5;5;5;5;5;5;5;5;5;5;5;5;54;54;54;54;54;54;54;54;54;54;54;54;1;1;1;1;1;1;1;1;1;1;1;5;53
2022-06-26;"60+";12;12;12;12;12;12;12;12;12;12;12;12;102;102;102;102;102;102;102;102;102;102;102;102;1;1;1;1;1;1;1;1;1;1;1;12;100
2022-06-26;"alle";17;17;17;17;17;17;17;17;17;17;17;17;156;156;156;156;156;156;156;156;156;156;156;156;NA;NA;NA;NA;NA;NA;NA;NA;NA;NA;NA;17;153
2022-06-25;"0-60";7;7;7;7;7;7;7;7;7;7;7;7;53;53;53;53;53;53;53;53;53;53;53;53;1;1;1;1;1;1;1;1;1;1;1;7;52
2022-06-25;"60+";10;10;10;10;10;10;10;10;10;10;10;10;96;96;96;96;96;96;96;96;96;96;96;96;1;1;1;1;1;1;1;1;1;1;1;10;94
2022-06-25;"alle";17;17;17;17;17;17;17;17;17;17;17;17;149;149;149;149;149;149;149;149;149;149;149;149;NA;NA;NA;NA;NA;NA;NA;NA;NA;NA;NA;17;146
2022-06-24;"0-60";13;13;13;13;13;13;13;13;13;13;13;13;52;52;52;52;52;52;52;52;52;52;52;52;1;1;1;1;1;1;1;1;1;1;1;13;51
2022-06-24;"60+";14;14;14;14;14;14;14;14;14;14;14;14;100;100;100;100;100;100;100;100;100;100;100;100;1;1;1;1;1;1;1;1;1;1;1;14;98
2022-06-24;"alle";27;27;27;27;27;27;27;27;27;27;27;27;152;152;152;152;152;152;152;152;152;152;152;152;NA;NA;NA;NA;NA;NA;NA;NA;NA;NA;NA;27;149
2022-06-23;"0-60";6;6;6;6;6;6;6;6;6;6;6;6;49;49;49;49;49;49;49;49;49;49;49;49;1;1;1;1;1;1;1;1;1;1;1;6;46
2022-06-23;"60+";10;10;10;10;10;10;10;10;10;10;10;10;102;102;102;102;102;102;102;102;102;102;102;102;1;1;1;1;1;1;1;1;1;1;1;9;97
2022-06-23;"alle";16;16;16;16;16;16;16;16;16;16;16;16;151;151;151;151;151;151;151;151;151;151;151;151;NA;NA;NA;NA;NA;NA;NA;NA;NA;NA;NA;15;143
2022-06-22;"0-60";7;7;7;7;7;7;7;7;7;7;7;7;48;48;48;48;48;48;48;48;48;48;48;48;1;1;1;1;1;1;1;1;1;1;1;6;44
2022-06-22;"60+";17;17;17;17;17;17;17;17;17;17;17;17;100;100;100;100;100;100;100;100;100;100;100;100;1;1;1;1;1;1;1;1;1;1;1;17;94
2022-06-22;"alle";24;24;24;24;24;24;24;24;24;24;24;24;148;148;148;148;148;148;148;148;148;148;148;148;NA;NA;NA;NA;NA;NA;NA;NA;NA;NA;NA;23;138
2022-06-21;"0-60";13;13;13;13;13;13;13;13;13;13;13;13;52;52;52;52;52;52;52;52;52;52;52;52;1;1;1;1;1;1;1;1;1;1;1;13;48
2022-06-21;"60+";33;33;33;33;33;33;33;33;33;33;33;33;101;101;101;101;101;101;101;101;101;101;101;101;1;1;1;1;1;1;1;1;1;1;1;32;94
2022-06-21;"alle";46;46;46;46;46;46;46;46;46;46;46;46;153;153;153;153;153;153;153;153;153;153;153;153;NA;NA;NA;NA;NA;NA;NA;NA;NA;NA;NA;45;142
2022-06-20;"0-60";3;3;3;3;3;3;3;3;3;3;3;3;48;48;48;48;48;48;48;48;48;48;48;48;1;1;1;1;1;1;1;1;1;1;1;3;40
2022-06-20;"60+";6;6;6;6;6;6;6;6;6;6;6;6;85;85;85;85;85;85;85;85;85;85;85;85;1;1;1;1;1;1;1;1;1;1;1;6;75
2022-06-20;"alle";9;9;9;9;9;9;9;9;9;9;9;9;133;133;133;133;133;133;133;133;133;133;133;133;NA;NA;NA;NA;NA;NA;NA;NA;NA;NA;NA;9;115
2022-06-19;"0-60";4;4;4;4;4;4;4;4;4;4;4;4;46;46;46;46;46;46;46;46;46;46;46;46;1;1;1;1;1;1;1;1;1;1;1;4;38
2022-06-19;"60+";6;6;6;6;6;6;6;6;6;6;6;6;83;83;83;83;83;83;83;83;83;83;83;83;1;1;1;1;1;1;1;1;1;1;1;6;73
2022-06-19;"alle";10;10;10;10;10;10;10;10;10;10;10;10;129;129;129;129;129;129;129;129;129;129;129;129;NA;NA;NA;NA;NA;NA;NA;NA;NA;NA;NA;10;111
2022-06-18;"0-60";6;6;6;6;6;6;6;6;6;6;6;6;42;42;42;42;42;42;42;42;42;42;42;42;1;1;1;1;1;1;1;1;1;1;1;6;34
2022-06-18;"60+";14;14;14;14;14;14;14;14;14;14;14;14;79;79;79;79;79;79;79;79;79;79;79;79;1;1;1;1;1;1;1;1;1;1;1;14;69
2022-06-18;"alle";20;20;20;20;20;20;20;20;20;20;20;20;121;121;121;121;121;121;121;121;121;121;121;121;NA;NA;NA;NA;NA;NA;NA;NA;NA;NA;NA;20;103
2022-06-17;"0-60";10;10;10;10;10;10;10;10;10;10;10;10;41;41;41;41;41;41;41;41;41;41;41;41;1;1;1;1;1;1;1;1;1;1;1;8;33
2022-06-17;"60+";16;16;16;16;16;16;16;16;16;16;16;16;73;73;73;73;73;73;73;73;73;73;73;73;1;1;1;1;1;1;1;1;1;1;1;13;63
2022-06-17;"alle";26;26;26;26;26;26;26;26;26;26;26;26;114;114;114;114;114;114;114;114;114;114;114;114;NA;NA;NA;NA;NA;NA;NA;NA;NA;NA;NA;21;96
2022-06-16;"0-60";5;5;5;5;5;5;5;5;5;5;5;5;35;35;35;35;35;35;35;35;35;35;35;35;1;1;1;1;1;1;1;1;1;1;1;4;29
2022-06-16;"60+";8;8;8;8;8;8;8;8;8;8;8;8;70;70;70;70;70;70;70;70;70;70;70;70;1;1;1;1;1;1;1;1;1;1;1;6;63
2022-06-16;"alle";13;13;13;13;13;13;13;13;13;13;13;13;105;105;105;105;105;105;105;105;105;105;105;105;NA;NA;NA;NA;NA;NA;NA;NA;NA;NA;NA;10;92
2022-06-15;"0-60";11;11;11;11;11;11;11;11;11;11;11;11;39;39;39;39;39;39;39;39;39;39;39;39;1;1;1;1;1;1;1;1;1;1;1;10;32
2022-06-15;"60+";18;18;18;18;18;18;18;18;18;18;18;18;75;75;75;75;75;75;75;75;75;75;75;75;1;1;1;1;1;1;1;1;1;1;1;17;68
2022-06-15;"alle";29;29;29;29;29;29;29;29;29;29;29;29;114;114;114;114;114;114;114;114;114;114;114;114;NA;NA;NA;NA;NA;NA;NA;NA;NA;NA;NA;27;100
2022-06-14;"0-60";9;9;9;9;9;9;9;9;9;9;9;9;40;40;40;40;40;40;40;40;40;40;40;40;1;1;1;1;1;1;1;1;1;1;1;5;29
2022-06-14;"60+";17;17;17;17;17;17;17;17;17;17;17;17;72;72;72;72;72;72;72;72;72;72;72;72;1;1;1;1;1;1;1;1;1;1;1;13;63
2022-06-14;"alle";26;26;26;26;26;26;26;26;26;26;26;26;112;112;112;112;112;112;112;112;112;112;112;112;NA;NA;NA;NA;NA;NA;NA;NA;NA;NA;NA;18;92
2022-06-13;"0-60";1;1;1;1;1;1;1;1;1;1;1;1;33;33;33;33;33;33;33;33;33;33;33;33;1;1;1;1;1;1;1;1;1;1;1;1;26
2022-06-13;"60+";4;4;4;4;4;4;4;4;4;4;4;4;64;64;64;64;64;64;64;64;64;64;64;64;1;1;1;1;1;1;1;1;1;1;1;4;59
2022-06-13;"alle";5;5;5;5;5;5;5;5;5;5;5;5;97;97;97;97;97;97;97;97;97;97;97;97;NA;NA;NA;NA;NA;NA;NA;NA;NA;NA;NA;5;85
2022-06-12;"0-60";0;0;0;0;0;0;0;0;0;0;0;0;33;33;33;33;33;33;33;33;33;33;33;33;1;1;1;1;1;1;1;1;1;1;1;0;26
2022-06-12;"60+";2;2;2;2;2;2;2;2;2;2;2;2;66;66;66;66;66;66;66;66;66;66;66;66;1;1;1;1;1;1;1;1;1;1;1;2;61
2022-06-12;"alle";2;2;2;2;2;2;2;2;2;2;2;2;99;99;99;99;99;99;99;99;99;99;99;99;NA;NA;NA;NA;NA;NA;NA;NA;NA;NA;NA;2;87
2022-06-11;"0-60";5;5;5;5;5;5;5;5;5;5;5;5;34;34;34;34;34;34;34;34;34;34;34;34;1;1;1;1;1;1;1;1;1;1;1;5;27
2022-06-11;"60+";8;8;8;8;8;8;8;8;8;8;8;8;72;72;72;72;72;72;72;72;72;72;72;72;1;1;1;1;1;1;1;1;1;1;1;8;67
2022-06-11;"alle";13;13;13;13;13;13;13;13;13;13;13;13;106;106;106;106;106;106;106;106;106;106;106;106;NA;NA;NA;NA;NA;NA;NA;NA;NA;NA;NA;13;94
2022-06-10;"0-60";4;4;4;4;4;4;4;4;4;4;4;4;33;33;33;33;33;33;33;33;33;33;33;33;1;1;1;1;1;1;1;1;1;1;1;4;24
2022-06-10;"60+";13;13;13;13;13;13;13;13;13;13;13;13;74;74;74;74;74;74;74;74;74;74;74;74;1;1;1;1;1;1;1;1;1;1;1;13;68
2022-06-10;"alle";17;17;17;17;17;17;17;17;17;17;17;17;107;107;107;107;107;107;107;107;107;107;107;107;NA;NA;NA;NA;NA;NA;NA;NA;NA;NA;NA;17;92
2022-06-09;"0-60";9;9;9;9;9;9;9;9;9;9;9;9;36;36;36;36;36;36;36;36;36;36;36;36;1;1;1;1;1;1;1;1;1;1;1;7;25
2022-06-09;"60+";13;13;13;13;13;13;13;13;13;13;13;13;74;74;74;74;74;74;74;74;74;74;74;74;1;1;1;1;1;1;1;1;1;1;1;11;65
2022-06-09;"alle";22;22;22;22;22;22;22;22;22;22;22;22;110;110;110;110;110;110;110;110;110;110;110;110;NA;NA;NA;NA;NA;NA;NA;NA;NA;NA;NA;18;90
2022-06-08;"0-60";12;12;12;12;12;12;12;12;12;12;12;12;31;31;31;31;31;31;31;31;31;31;31;31;1;1;1;1;1;1;1;1;1;1;1;7;21
2022-06-08;"60+";15;15;15;15;15;15;15;15;15;15;15;15;71;71;71;71;71;71;71;71;71;71;71;71;1;1;1;1;1;1;1;1;1;1;1;12;63
2022-06-08;"alle";27;27;27;27;27;27;27;27;27;27;27;27;102;102;102;102;102;102;102;102;102;102;102;102;NA;NA;NA;NA;NA;NA;NA;NA;NA;NA;NA;19;84
2022-06-07;"0-60";2;2;2;2;2;2;2;2;2;2;2;2;22;22;22;22;22;22;22;22;22;22;22;22;1;1;1;1;1;1;1;1;1;1;1;2;16
2022-06-07;"60+";9;9;9;9;9;9;9;9;9;9;9;9;71;71;71;71;71;71;71;71;71;71;71;71;1;1;1;1;1;1;1;1;1;1;1;9;63
2022-06-07;"alle";11;11;11;11;11;11;11;11;11;11;11;11;93;93;93;93;93;93;93;93;93;93;93;93;NA;NA;NA;NA;NA;NA;NA;NA;NA;NA;NA;11;79
2022-06-06;"0-60";1;1;1;1;1;1;1;1;1;1;1;1;24;24;24;24;24;24;24;24;24;24;24;24;1;1;1;1;1;1;1;1;1;1;1;1;17
2022-06-06;"60+";6;6;6;6;6;6;6;6;6;6;6;6;83;83;83;83;83;83;83;83;83;83;83;83;1;1;1;1;1;1;1;1;1;1;1;6;73
2022-06-06;"alle";7;7;7;7;7;7;7;7;7;7;7;7;107;107;107;107;107;107;107;107;107;107;107;107;NA;NA;NA;NA;NA;NA;NA;NA;NA;NA;NA;7;90
2022-06-05;"0-60";1;1;1;1;1;1;1;1;1;1;1;1;24;24;24;24;24;24;24;24;24;24;24;24;1;1;1;1;1;1;1;1;1;1;1;1;16
2022-06-05;"60+";8;8;8;8;8;8;8;8;8;8;8;8;80;80;80;80;80;80;80;80;80;80;80;80;1;1;1;1;1;1;1;1;1;1;1;8;70
2022-06-05;"alle";9;9;9;9;9;9;9;9;9;9;9;9;104;104;104;104;104;104;104;104;104;104;104;104;NA;NA;NA;NA;NA;NA;NA;NA;NA;NA;NA;9;86
2022-06-04;"0-60";4;4;4;4;4;4;4;4;4;4;4;4;26;26;26;26;26;26;26;26;26;26;26;26;1;1;1;1;1;1;1;1;1;1;1;2;18
2022-06-04;"60+";10;10;10;10;10;10;10;10;10;10;10;10;73;73;73;73;73;73;73;73;73;73;73;73;1;1;1;1;1;1;1;1;1;1;1;9;63
2022-06-04;"alle";14;14;14;14;14;14;14;14;14;14;14;14;99;99;99;99;99;99;99;99;99;99;99;99;NA;NA;NA;NA;NA;NA;NA;NA;NA;NA;NA;11;81
2022-06-03;"0-60";7;7;7;7;7;7;7;7;7;7;7;7;32;32;32;32;32;32;32;32;32;32;32;32;1;1;1;1;1;1;1;1;1;1;1;5;26
2022-06-03;"60+";13;13;13;13;13;13;13;13;13;13;13;13;71;71;71;71;71;71;71;71;71;71;71;71;1;1;1;1;1;1;1;1;1;1;1;10;62
2022-06-03;"alle";20;20;20;20;20;20;20;20;20;20;20;20;103;103;103;103;103;103;103;103;103;103;103;103;NA;NA;NA;NA;NA;NA;NA;NA;NA;NA;NA;15;88
2022-06-02;"0-60";4;4;4;4;4;4;4;4;4;4;4;4;25;25;25;25;25;25;25;25;25;25;25;25;1;1;1;1;1;1;1;1;1;1;1;3;21
2022-06-02;"60+";10;10;10;10;10;10;10;10;10;10;10;10;59;59;59;59;59;59;59;59;59;59;59;59;1;1;1;1;1;1;1;1;1;1;1;9;53
2022-06-02;"alle";14;14;14;14;14;14;14;14;14;14;14;14;84;84;84;84;84;84;84;84;84;84;84;84;NA;NA;NA;NA;NA;NA;NA;NA;NA;NA;NA;12;74
2022-06-01;"0-60";3;3;3;3;3;3;3;3;3;3;3;3;25;25;25;25;25;25;25;25;25;25;25;25;1;1;1;1;1;1;1;1;1;1;1;2;22
2022-06-01;"60+";15;15;15;15;15;15;15;15;15;15;15;15;58;58;58;58;58;58;58;58;58;58;58;58;1;1;1;1;1;1;1;1;1;1;1;12;52
2022-06-01;"alle";18;18;18;18;18;18;18;18;18;18;18;18;83;83;83;83;83;83;83;83;83;83;83;83;NA;NA;NA;NA;NA;NA;NA;NA;NA;NA;NA;14;74
2022-05-31;"0-60";4;4;4;4;4;4;4;4;4;4;4;4;25;25;25;25;25;25;25;25;25;25;25;25;1;1;1;1;1;1;1;1;1;1;1;3;23
2022-05-31;"60+";21;21;21;21;21;21;21;21;21;21;21;21;57;57;57;57;57;57;57;57;57;57;57;57;1;1;1;1;1;1;1;1;1;1;1;19;54
2022-05-31;"alle";25;25;25;25;25;25;25;25;25;25;25;25;82;82;82;82;82;82;82;82;82;82;82;82;NA;NA;NA;NA;NA;NA;NA;NA;NA;NA;NA;22;77
2022-05-30;"0-60";1;1;1;1;1;1;1;1;1;1;1;1;26;26;26;26;26;26;26;26;26;26;26;26;1;1;1;1;1;1;1;1;1;1;1;0;25
2022-05-30;"60+";3;3;3;3;3;3;3;3;3;3;3;3;47;47;47;47;47;47;47;47;47;47;47;47;1;1;1;1;1;1;1;1;1;1;1;3;46
2022-05-30;"alle";4;4;4;4;4;4;4;4;4;4;4;4;73;73;73;73;73;73;73;73;73;73;73;73;NA;NA;NA;NA;NA;NA;NA;NA;NA;NA;NA;3;71
2022-05-29;"0-60";3;3;3;3;3;3;3;3;3;3;3;3;27;27;27;27;27;27;27;27;27;27;27;27;1;1;1;1;1;1;1;1;1;1;1;3;27
2022-05-29;"60+";1;1;1;1;1;1;1;1;1;1;1;1;49;49;49;49;49;49;49;49;49;49;49;49;1;1;1;1;1;1;1;1;1;1;1;1;48
2022-05-29;"alle";4;4;4;4;4;4;4;4;4;4;4;4;76;76;76;76;76;76;76;76;76;76;76;76;NA;NA;NA;NA;NA;NA;NA;NA;NA;NA;NA;4;75
2022-05-28;"0-60";10;10;10;10;10;10;10;10;10;10;10;10;24;24;24;24;24;24;24;24;24;24;24;24;1;1;1;1;1;1;1;1;1;1;1;10;24
2022-05-28;"60+";8;8;8;8;8;8;8;8;8;8;8;8;53;53;53;53;53;53;53;53;53;53;53;53;1;1;1;1;1;1;1;1;1;1;1;8;52
2022-05-28;"alle";18;18;18;18;18;18;18;18;18;18;18;18;77;77;77;77;77;77;77;77;77;77;77;77;NA;NA;NA;NA;NA;NA;NA;NA;NA;NA;NA;18;76
2022-05-27;"0-60";0;0;0;0;0;0;0;0;0;0;0;0;19;19;19;19;19;19;19;19;19;19;19;19;1;1;1;1;1;1;1;1;1;1;1;0;19
2022-05-27;"60+";1;1;1;1;1;1;1;1;1;1;1;1;56;56;56;56;56;56;56;56;56;56;56;56;1;1;1;1;1;1;1;1;1;1;1;1;54
2022-05-27;"alle";1;1;1;1;1;1;1;1;1;1;1;1;75;75;75;75;75;75;75;75;75;75;75;75;NA;NA;NA;NA;NA;NA;NA;NA;NA;NA;NA;1;73
2022-05-26;"0-60";4;4;4;4;4;4;4;4;4;4;4;4;22;22;22;22;22;22;22;22;22;22;22;22;1;1;1;1;1;1;1;1;1;1;1;4;22
2022-05-26;"60+";9;9;9;9;9;9;9;9;9;9;9;9;64;64;64;64;64;64;64;64;64;64;64;64;1;1;1;1;1;1;1;1;1;1;1;8;62
2022-05-26;"alle";13;13;13;13;13;13;13;13;13;13;13;13;86;86;86;86;86;86;86;86;86;86;86;86;NA;NA;NA;NA;NA;NA;NA;NA;NA;NA;NA;12;84
2022-05-25;"0-60";3;3;3;3;3;3;3;3;3;3;3;3;21;21;21;21;21;21;21;21;21;21;21;21;1;1;1;1;1;1;1;1;1;1;1;3;20
2022-05-25;"60+";14;14;14;14;14;14;14;14;14;14;14;14;64;64;64;64;64;64;64;64;64;64;64;64;1;1;1;1;1;1;1;1;1;1;1;14;61
2022-05-25;"alle";17;17;17;17;17;17;17;17;17;17;17;17;85;85;85;85;85;85;85;85;85;85;85;85;NA;NA;NA;NA;NA;NA;NA;NA;NA;NA;NA;17;81
2022-05-24;"0-60";5;5;5;5;5;5;5;5;5;5;5;5;23;23;23;23;23;23;23;23;23;23;23;23;1;1;1;1;1;1;1;1;1;1;1;5;22
2022-05-24;"60+";11;11;11;11;11;11;11;11;11;11;11;11;72;72;72;72;72;72;72;72;72;72;72;72;1;1;1;1;1;1;1;1;1;1;1;11;69
2022-05-24;"alle";16;16;16;16;16;16;16;16;16;16;16;16;95;95;95;95;95;95;95;95;95;95;95;95;NA;NA;NA;NA;NA;NA;NA;NA;NA;NA;NA;16;91
2022-05-23;"0-60";2;2;2;2;2;2;2;2;2;2;2;2;23;23;23;23;23;23;23;23;23;23;23;23;1;1;1;1;1;1;1;1;1;1;1;2;22
2022-05-23;"60+";5;5;5;5;5;5;5;5;5;5;5;5;91;91;91;91;91;91;91;91;91;91;91;91;1;1;1;1;1;1;1;1;1;1;1;5;88
2022-05-23;"alle";7;7;7;7;7;7;7;7;7;7;7;7;114;114;114;114;114;114;114;114;114;114;114;114;NA;NA;NA;NA;NA;NA;NA;NA;NA;NA;NA;7;110
2022-05-22;"0-60";0;0;0;0;0;0;0;0;0;0;0;0;21;21;21;21;21;21;21;21;21;21;21;21;1;1;1;1;1;1;1;1;1;1;1;0;20
2022-05-22;"60+";5;5;5;5;5;5;5;5;5;5;5;5;93;93;93;93;93;93;93;93;93;93;93;93;1;1;1;1;1;1;1;1;1;1;1;5;90
2022-05-22;"alle";5;5;5;5;5;5;5;5;5;5;5;5;114;114;114;114;114;114;114;114;114;114;114;114;NA;NA;NA;NA;NA;NA;NA;NA;NA;NA;NA;5;110
2022-05-21;"0-60";5;5;5;5;5;5;5;5;5;5;5;5;22;22;22;22;22;22;22;22;22;22;22;22;1;1;1;1;1;1;1;1;1;1;1;5;21
2022-05-21;"60+";11;11;11;11;11;11;11;11;11;11;11;11;91;91;91;91;91;91;91;91;91;91;91;91;1;1;1;1;1;1;1;1;1;1;1;10;88
2022-05-21;"alle";16;16;16;16;16;16;16;16;16;16;16;16;113;113;113;113;113;113;113;113;113;113;113;113;NA;NA;NA;NA;NA;NA;NA;NA;NA;NA;NA;15;109
2022-05-20;"0-60";3;3;3;3;3;3;3;3;3;3;3;3;20;20;20;20;20;20;20;20;20;20;20;20;1;1;1;1;1;1;1;1;1;1;1;3;19
2022-05-20;"60+";9;9;9;9;9;9;9;9;9;9;9;9;101;101;101;101;101;101;101;101;101;101;101;101;1;1;1;1;1;1;1;1;1;1;1;9;98
2022-05-20;"alle";12;12;12;12;12;12;12;12;12;12;12;12;121;121;121;121;121;121;121;121;121;121;121;121;NA;NA;NA;NA;NA;NA;NA;NA;NA;NA;NA;12;117
2022-05-19;"0-60";3;3;3;3;3;3;3;3;3;3;3;3;20;20;20;20;20;20;20;20;20;20;20;20;1;1;1;1;1;1;1;1;1;1;1;2;19
2022-05-19;"60+";9;9;9;9;9;9;9;9;9;9;9;9;106;106;106;106;106;106;106;106;106;106;106;106;1;1;1;1;1;1;1;1;1;1;1;7;103
2022-05-19;"alle";12;12;12;12;12;12;12;12;12;12;12;12;126;126;126;126;126;126;126;126;126;126;126;126;NA;NA;NA;NA;NA;NA;NA;NA;NA;NA;NA;9;122
2022-05-18;"0-60";5;5;5;5;5;5;5;5;5;5;5;5;20;20;20;20;20;20;20;20;20;20;20;20;1;1;1;1;1;1;1;1;1;1;1;5;19
2022-05-18;"60+";22;22;22;22;22;22;22;22;22;22;22;22;118;118;118;118;118;118;118;118;118;118;118;118;1;1;1;1;1;1;1;1;1;1;1;22;116
2022-05-18;"alle";27;27;27;27;27;27;27;27;27;27;27;27;138;138;138;138;138;138;138;138;138;138;138;138;NA;NA;NA;NA;NA;NA;NA;NA;NA;NA;NA;27;135
2022-05-17;"0-60";5;5;5;5;5;5;5;5;5;5;5;5;20;20;20;20;20;20;20;20;20;20;20;20;1;1;1;1;1;1;1;1;1;1;1;5;19
2022-05-17;"60+";30;30;30;30;30;30;30;30;30;30;30;30;115;115;115;115;115;115;115;115;115;115;115;115;1;1;1;1;1;1;1;1;1;1;1;30;113
2022-05-17;"alle";35;35;35;35;35;35;35;35;35;35;35;35;135;135;135;135;135;135;135;135;135;135;135;135;NA;NA;NA;NA;NA;NA;NA;NA;NA;NA;NA;35;132
2022-05-16;"0-60";0;0;0;0;0;0;0;0;0;0;0;0;27;27;27;27;27;27;27;27;27;27;27;27;1;1;1;1;1;1;1;1;1;1;1;0;26
2022-05-16;"60+";7;7;7;7;7;7;7;7;7;7;7;7;105;105;105;105;105;105;105;105;105;105;105;105;1;1;1;1;1;1;1;1;1;1;1;7;103
2022-05-16;"alle";7;7;7;7;7;7;7;7;7;7;7;7;132;132;132;132;132;132;132;132;132;132;132;132;NA;NA;NA;NA;NA;NA;NA;NA;NA;NA;NA;7;129
2022-05-15;"0-60";1;1;1;1;1;1;1;1;1;1;1;1;29;29;29;29;29;29;29;29;29;29;29;29;1;1;1;1;1;1;1;1;1;1;1;1;28
2022-05-15;"60+";3;3;3;3;3;3;3;3;3;3;3;3;101;101;101;101;101;101;101;101;101;101;101;101;1;1;1;1;1;1;1;1;1;1;1;3;99
2022-05-15;"alle";4;4;4;4;4;4;4;4;4;4;4;4;130;130;130;130;130;130;130;130;130;130;130;130;NA;NA;NA;NA;NA;NA;NA;NA;NA;NA;NA;4;127
2022-05-14;"0-60";3;3;3;3;3;3;3;3;3;3;3;3;29;29;29;29;29;29;29;29;29;29;29;29;1;1;1;1;1;1;1;1;1;1;1;3;28
2022-05-14;"60+";21;21;21;21;21;21;21;21;21;21;21;21;109;109;109;109;109;109;109;109;109;109;109;109;1;1;1;1;1;1;1;1;1;1;1;20;107
2022-05-14;"alle";24;24;24;24;24;24;24;24;24;24;24;24;138;138;138;138;138;138;138;138;138;138;138;138;NA;NA;NA;NA;NA;NA;NA;NA;NA;NA;NA;23;135
2022-05-13;"0-60";3;3;3;3;3;3;3;3;3;3;3;3;30;30;30;30;30;30;30;30;30;30;30;30;1;1;1;1;1;1;1;1;1;1;1;3;29
2022-05-13;"60+";14;14;14;14;14;14;14;14;14;14;14;14;100;100;100;100;100;100;100;100;100;100;100;100;1;1;1;1;1;1;1;1;1;1;1;14;98
2022-05-13;"alle";17;17;17;17;17;17;17;17;17;17;17;17;130;130;130;130;130;130;130;130;130;130;130;130;NA;NA;NA;NA;NA;NA;NA;NA;NA;NA;NA;17;127
2022-05-12;"0-60";3;3;3;3;3;3;3;3;3;3;3;3;33;33;33;33;33;33;33;33;33;33;33;33;1;1;1;1;1;1;1;1;1;1;1;2;32
2022-05-12;"60+";21;21;21;21;21;21;21;21;21;21;21;21;111;111;111;111;111;111;111;111;111;111;111;111;1;1;1;1;1;1;1;1;1;1;1;20;108
2022-05-12;"alle";24;24;24;24;24;24;24;24;24;24;24;24;144;144;144;144;144;144;144;144;144;144;144;144;NA;NA;NA;NA;NA;NA;NA;NA;NA;NA;NA;22;140
2022-05-11;"0-60";5;5;5;5;5;5;5;5;5;5;5;5;32;32;32;32;32;32;32;32;32;32;32;32;1;1;1;1;1;1;1;1;1;1;1;5;32
2022-05-11;"60+";19;19;19;19;19;19;19;19;19;19;19;19;105;105;105;105;105;105;105;105;105;105;105;105;1;1;1;1;1;1;1;1;1;1;1;19;103
2022-05-11;"alle";24;24;24;24;24;24;24;24;24;24;24;24;137;137;137;137;137;137;137;137;137;137;137;137;NA;NA;NA;NA;NA;NA;NA;NA;NA;NA;NA;24;135
2022-05-10;"0-60";12;12;12;12;12;12;12;12;12;12;12;12;34;34;34;34;34;34;34;34;34;34;34;34;1;1;1;1;1;1;1;1;1;1;1;12;33
2022-05-10;"60+";20;20;20;20;20;20;20;20;20;20;20;20;116;116;116;116;116;116;116;116;116;116;116;116;1;1;1;1;1;1;1;1;1;1;1;20;108
2022-05-10;"alle";32;32;32;32;32;32;32;32;32;32;32;32;150;150;150;150;150;150;150;150;150;150;150;150;NA;NA;NA;NA;NA;NA;NA;NA;NA;NA;NA;32;141
2022-05-09;"0-60";2;2;2;2;2;2;2;2;2;2;2;2;28;28;28;28;28;28;28;28;28;28;28;28;1;1;1;1;1;1;1;1;1;1;1;2;27
2022-05-09;"60+";3;3;3;3;3;3;3;3;3;3;3;3;130;130;130;130;130;130;130;130;130;130;130;130;1;1;1;1;1;1;1;1;1;1;1;3;119
2022-05-09;"alle";5;5;5;5;5;5;5;5;5;5;5;5;158;158;158;158;158;158;158;158;158;158;158;158;NA;NA;NA;NA;NA;NA;NA;NA;NA;NA;NA;5;146
2022-05-08;"0-60";1;1;1;1;1;1;1;1;1;1;1;1;30;30;30;30;30;30;30;30;30;30;30;30;1;1;1;1;1;1;1;1;1;1;1;1;29
2022-05-08;"60+";11;11;11;11;11;11;11;11;11;11;11;11;136;136;136;136;136;136;136;136;136;136;136;136;1;1;1;1;1;1;1;1;1;1;1;11;125
2022-05-08;"alle";12;12;12;12;12;12;12;12;12;12;12;12;166;166;166;166;166;166;166;166;166;166;166;166;NA;NA;NA;NA;NA;NA;NA;NA;NA;NA;NA;12;154
2022-05-07;"0-60";4;4;4;4;4;4;4;4;4;4;4;4;29;29;29;29;29;29;29;29;29;29;29;29;1;1;1;1;1;1;1;1;1;1;1;4;28
2022-05-07;"60+";12;12;12;12;12;12;12;12;12;12;12;12;135;135;135;135;135;135;135;135;135;135;135;135;1;1;1;1;1;1;1;1;1;1;1;11;123
2022-05-07;"alle";16;16;16;16;16;16;16;16;16;16;16;16;164;164;164;164;164;164;164;164;164;164;164;164;NA;NA;NA;NA;NA;NA;NA;NA;NA;NA;NA;15;151
2022-05-06;"0-60";6;6;6;6;6;6;6;6;6;6;6;6;34;34;34;34;34;34;34;34;34;34;34;34;1;1;1;1;1;1;1;1;1;1;1;6;32
2022-05-06;"60+";25;25;25;25;25;25;25;25;25;25;25;25;146;146;146;146;146;146;146;146;146;146;146;146;1;1;1;1;1;1;1;1;1;1;1;24;134
2022-05-06;"alle";31;31;31;31;31;31;31;31;31;31;31;31;180;180;180;180;180;180;180;180;180;180;180;180;NA;NA;NA;NA;NA;NA;NA;NA;NA;NA;NA;30;166
2022-05-05;"0-60";2;2;2;2;2;2;2;2;2;2;2;2;37;37;37;37;37;37;37;37;37;37;37;37;1;1;1;1;1;1;1;1;1;1;1;2;34
2022-05-05;"60+";15;15;15;15;15;15;15;15;15;15;15;15;154;154;154;154;154;154;154;154;154;154;154;154;1;1;1;1;1;1;1;1;1;1;1;15;141
2022-05-05;"alle";17;17;17;17;17;17;17;17;17;17;17;17;191;191;191;191;191;191;191;191;191;191;191;191;NA;NA;NA;NA;NA;NA;NA;NA;NA;NA;NA;17;175
2022-05-04;"0-60";7;7;7;7;7;7;7;7;7;7;7;7;43;43;43;43;43;43;43;43;43;43;43;43;1;1;1;1;1;1;1;1;1;1;1;6;39
2022-05-04;"60+";30;30;30;30;30;30;30;30;30;30;30;30;171;171;171;171;171;171;171;171;171;171;171;171;1;1;1;1;1;1;1;1;1;1;1;24;155
2022-05-04;"alle";37;37;37;37;37;37;37;37;37;37;37;37;214;214;214;214;214;214;214;214;214;214;214;214;NA;NA;NA;NA;NA;NA;NA;NA;NA;NA;NA;30;194
2022-05-03;"0-60";6;6;6;6;6;6;6;6;6;6;6;6;49;49;49;49;49;49;49;49;49;49;49;49;1;1;1;1;1;1;1;1;1;1;1;6;44
2022-05-03;"60+";34;34;34;34;34;34;34;34;34;34;34;34;174;174;174;174;174;174;174;174;174;174;174;174;1;1;1;1;1;1;1;1;1;1;1;31;161
2022-05-03;"alle";40;40;40;40;40;40;40;40;40;40;40;40;223;223;223;223;223;223;223;223;223;223;223;223;NA;NA;NA;NA;NA;NA;NA;NA;NA;NA;NA;37;205
2022-05-02;"0-60";4;4;4;4;4;4;4;4;4;4;4;4;53;53;53;53;53;53;53;53;53;53;53;53;1;1;1;1;1;1;1;1;1;1;1;4;48
2022-05-02;"60+";9;9;9;9;9;9;9;9;9;9;9;9;194;194;194;194;194;194;194;194;194;194;194;194;1;1;1;1;1;1;1;1;1;1;1;9;183
2022-05-02;"alle";13;13;13;13;13;13;13;13;13;13;13;13;247;247;247;247;247;247;247;247;247;247;247;247;NA;NA;NA;NA;NA;NA;NA;NA;NA;NA;NA;13;231
2022-05-01;"0-60";0;0;0;0;0;0;0;0;0;0;0;0;52;52;52;52;52;52;52;52;52;52;52;52;1;1;1;1;1;1;1;1;1;1;1;0;47
2022-05-01;"60+";10;10;10;10;10;10;10;10;10;10;10;10;203;203;203;203;203;203;203;203;203;203;203;203;1;1;1;1;1;1;1;1;1;1;1;9;192
2022-05-01;"alle";10;10;10;10;10;10;10;10;10;10;10;10;255;255;255;255;255;255;255;255;255;255;255;255;NA;NA;NA;NA;NA;NA;NA;NA;NA;NA;NA;9;239
2022-04-30;"0-60";9;9;9;9;9;9;9;9;9;9;9;9;59;59;59;59;59;59;59;59;59;59;59;59;1;1;1;1;1;1;1;1;1;1;1;8;54
2022-04-30;"60+";23;23;23;23;23;23;23;23;23;23;23;23;205;205;205;205;205;205;205;205;205;205;205;205;1;1;1;1;1;1;1;1;1;1;1;22;195
2022-04-30;"alle";32;32;32;32;32;32;32;32;32;32;32;32;264;264;264;264;264;264;264;264;264;264;264;264;NA;NA;NA;NA;NA;NA;NA;NA;NA;NA;NA;30;249
2022-04-29;"0-60";9;9;9;9;9;9;9;9;9;9;9;9;58;58;58;58;58;58;58;58;58;58;58;58;1;1;1;1;1;1;1;1;1;1;1;8;54
2022-04-29;"60+";33;33;33;33;33;33;33;33;33;33;33;33;218;218;218;218;218;218;218;218;218;218;218;218;1;1;1;1;1;1;1;1;1;1;1;31;206
2022-04-29;"alle";42;42;42;42;42;42;42;42;42;42;42;42;276;276;276;276;276;276;276;276;276;276;276;276;NA;NA;NA;NA;NA;NA;NA;NA;NA;NA;NA;39;260
2022-04-28;"0-60";8;8;8;8;8;8;8;8;8;8;8;8;60;60;60;60;60;60;60;60;60;60;60;60;1;1;1;1;1;1;1;1;1;1;1;7;57
2022-04-28;"60+";32;32;32;32;32;32;32;32;32;32;32;32;222;222;222;222;222;222;222;222;222;222;222;222;1;1;1;1;1;1;1;1;1;1;1;29;210
2022-04-28;"alle";40;40;40;40;40;40;40;40;40;40;40;40;282;282;282;282;282;282;282;282;282;282;282;282;NA;NA;NA;NA;NA;NA;NA;NA;NA;NA;NA;36;267
2022-04-27;"0-60";13;13;13;13;13;13;13;13;13;13;13;13;67;67;67;67;67;67;67;67;67;67;67;67;1;1;1;1;1;1;1;1;1;1;1;11;62
2022-04-27;"60+";33;33;33;33;33;33;33;33;33;33;33;33;235;235;235;235;235;235;235;235;235;235;235;235;1;1;1;1;1;1;1;1;1;1;1;30;226
2022-04-27;"alle";46;46;46;46;46;46;46;46;46;46;46;46;302;302;302;302;302;302;302;302;302;302;302;302;NA;NA;NA;NA;NA;NA;NA;NA;NA;NA;NA;41;288
2022-04-26;"0-60";10;10;10;10;10;10;10;10;10;10;10;10;88;88;88;88;88;88;88;88;88;88;88;88;1;1;1;1;1;1;1;1;1;1;1;10;85
2022-04-26;"60+";54;54;54;54;54;54;54;54;54;54;54;54;270;270;270;270;270;270;270;270;270;270;270;270;1;1;1;1;1;1;1;1;1;1;1;53;263
2022-04-26;"alle";64;64;64;64;64;64;64;64;64;64;64;64;358;358;358;358;358;358;358;358;358;358;358;358;NA;NA;NA;NA;NA;NA;NA;NA;NA;NA;NA;63;349
2022-04-25;"0-60";3;3;3;3;3;3;3;3;3;3;3;3;81;81;81;81;81;81;81;81;81;81;81;81;1;1;1;1;1;1;1;1;1;1;1;3;78
2022-04-25;"60+";18;18;18;18;18;18;18;18;18;18;18;18;239;239;239;239;239;239;239;239;239;239;239;239;1;1;1;1;1;1;1;1;1;1;1;18;233
2022-04-25;"alle";21;21;21;21;21;21;21;21;21;21;21;21;320;320;320;320;320;320;320;320;320;320;320;320;NA;NA;NA;NA;NA;NA;NA;NA;NA;NA;NA;21;312
2022-04-24;"0-60";7;7;7;7;7;7;7;7;7;7;7;7;80;80;80;80;80;80;80;80;80;80;80;80;1;1;1;1;1;1;1;1;1;1;1;7;77
2022-04-24;"60+";12;12;12;12;12;12;12;12;12;12;12;12;229;229;229;229;229;229;229;229;229;229;229;229;1;1;1;1;1;1;1;1;1;1;1;12;223
2022-04-24;"alle";19;19;19;19;19;19;19;19;19;19;19;19;309;309;309;309;309;309;309;309;309;309;309;309;NA;NA;NA;NA;NA;NA;NA;NA;NA;NA;NA;19;301
2022-04-23;"0-60";8;8;8;8;8;8;8;8;8;8;8;8;73;73;73;73;73;73;73;73;73;73;73;73;1;1;1;1;1;1;1;1;1;1;1;8;70
2022-04-23;"60+";36;36;36;36;36;36;36;36;36;36;36;36;229;229;229;229;229;229;229;229;229;229;229;229;1;1;1;1;1;1;1;1;1;1;1;33;223
2022-04-23;"alle";44;44;44;44;44;44;44;44;44;44;44;44;302;302;302;302;302;302;302;302;302;302;302;302;NA;NA;NA;NA;NA;NA;NA;NA;NA;NA;NA;41;294
2022-04-22;"0-60";11;11;11;11;11;11;11;11;11;11;11;11;71;71;71;71;71;71;71;71;71;71;71;71;1;1;1;1;1;1;1;1;1;1;1;11;68
2022-04-22;"60+";37;37;37;37;37;37;37;37;37;37;37;37;199;199;199;199;199;199;199;199;199;199;199;199;1;1;1;1;1;1;1;1;1;1;1;35;196
2022-04-22;"alle";48;48;48;48;48;48;48;48;48;48;48;48;270;270;270;270;270;270;270;270;270;270;270;270;NA;NA;NA;NA;NA;NA;NA;NA;NA;NA;NA;46;265
2022-04-21;"0-60";15;15;15;15;15;15;15;15;15;15;15;15;72;72;72;72;72;72;72;72;72;72;72;72;1;1;1;1;1;1;1;1;1;1;1;12;69
2022-04-21;"60+";45;45;45;45;45;45;45;45;45;45;45;45;196;196;196;196;196;196;196;196;196;196;196;196;1;1;1;1;1;1;1;1;1;1;1;45;194
2022-04-21;"alle";60;60;60;60;60;60;60;60;60;60;60;60;268;268;268;268;268;268;268;268;268;268;268;268;NA;NA;NA;NA;NA;NA;NA;NA;NA;NA;NA;57;264
2022-04-20;"0-60";34;34;34;34;34;34;34;34;34;34;34;34;75;75;75;75;75;75;75;75;75;75;75;75;1;1;1;1;1;1;1;1;1;1;1;34;75
2022-04-20;"60+";68;68;68;68;68;68;68;68;68;68;68;68;193;193;193;193;193;193;193;193;193;193;193;193;1;1;1;1;1;1;1;1;1;1;1;67;191
2022-04-20;"alle";102;102;102;102;102;102;102;102;102;102;102;102;268;268;268;268;268;268;268;268;268;268;268;268;NA;NA;NA;NA;NA;NA;NA;NA;NA;NA;NA;102;267
2022-04-19;"0-60";3;3;3;3;3;3;3;3;3;3;3;3;57;57;57;57;57;57;57;57;57;57;57;57;1;1;1;1;1;1;1;1;1;1;1;3;57
2022-04-19;"60+";23;23;23;23;23;23;23;23;23;23;23;23;190;190;190;190;190;190;190;190;190;190;190;190;1;1;1;1;1;1;1;1;1;1;1;23;188
2022-04-19;"alle";26;26;26;26;26;26;26;26;26;26;26;26;247;247;247;247;247;247;247;247;247;247;247;247;NA;NA;NA;NA;NA;NA;NA;NA;NA;NA;NA;26;245
2022-04-18;"0-60";2;2;2;2;2;2;2;2;2;2;2;2;76;76;76;76;76;76;76;76;76;76;76;76;1;1;1;1;1;1;1;1;1;1;1;2;76
2022-04-18;"60+";8;8;8;8;8;8;8;8;8;8;8;8;213;213;213;213;213;213;213;213;213;213;213;213;1;1;1;1;1;1;1;1;1;1;1;8;211
2022-04-18;"alle";10;10;10;10;10;10;10;10;10;10;10;10;289;289;289;289;289;289;289;289;289;289;289;289;NA;NA;NA;NA;NA;NA;NA;NA;NA;NA;NA;10;287
2022-04-17;"0-60";0;0;0;0;0;0;0;0;0;0;0;0;81;81;81;81;81;81;81;81;81;81;81;81;1;1;1;1;1;1;1;1;1;1;1;0;81
2022-04-17;"60+";12;12;12;12;12;12;12;12;12;12;12;12;228;228;228;228;228;228;228;228;228;228;228;228;1;1;1;1;1;1;1;1;1;1;1;12;226
2022-04-17;"alle";12;12;12;12;12;12;12;12;12;12;12;12;309;309;309;309;309;309;309;309;309;309;309;309;NA;NA;NA;NA;NA;NA;NA;NA;NA;NA;NA;12;307
2022-04-16;"0-60";6;6;6;6;6;6;6;6;6;6;6;6;93;93;93;93;93;93;93;93;93;93;93;93;1;1;1;1;1;1;1;1;1;1;1;6;93
2022-04-16;"60+";6;6;6;6;6;6;6;6;6;6;6;6;237;237;237;237;237;237;237;237;237;237;237;237;1;1;1;1;1;1;1;1;1;1;1;6;235
2022-04-16;"alle";12;12;12;12;12;12;12;12;12;12;12;12;330;330;330;330;330;330;330;330;330;330;330;330;NA;NA;NA;NA;NA;NA;NA;NA;NA;NA;NA;12;328
2022-04-15;"0-60";12;12;12;12;12;12;12;12;12;12;12;12;99;99;99;99;99;99;99;99;99;99;99;99;1;1;1;1;1;1;1;1;1;1;1;12;98
2022-04-15;"60+";34;34;34;34;34;34;34;34;34;34;34;34;267;267;267;267;267;267;267;267;267;267;267;267;1;1;1;1;1;1;1;1;1;1;1;33;263
2022-04-15;"alle";46;46;46;46;46;46;46;46;46;46;46;46;366;366;366;366;366;366;366;366;366;366;366;366;NA;NA;NA;NA;NA;NA;NA;NA;NA;NA;NA;45;361
2022-04-14;"0-60";18;18;18;18;18;18;18;18;18;18;18;18;102;102;102;102;102;102;102;102;102;102;102;102;1;1;1;1;1;1;1;1;1;1;1;18;101
2022-04-14;"60+";42;42;42;42;42;42;42;42;42;42;42;42;285;285;285;285;285;285;285;285;285;285;285;285;1;1;1;1;1;1;1;1;1;1;1;42;281
2022-04-14;"alle";60;60;60;60;60;60;60;60;60;60;60;60;387;387;387;387;387;387;387;387;387;387;387;387;NA;NA;NA;NA;NA;NA;NA;NA;NA;NA;NA;60;382
2022-04-13;"0-60";16;16;16;16;16;16;16;16;16;16;16;16;97;97;97;97;97;97;97;97;97;97;97;97;1;1;1;1;1;1;1;1;1;1;1;16;96
2022-04-13;"60+";65;65;65;65;65;65;65;65;65;65;65;65;294;294;294;294;294;294;294;294;294;294;294;294;1;1;1;1;1;1;1;1;1;1;1;64;287
2022-04-13;"alle";81;81;81;81;81;81;81;81;81;81;81;81;391;391;391;391;391;391;391;391;391;391;391;391;NA;NA;NA;NA;NA;NA;NA;NA;NA;NA;NA;80;383
2022-04-12;"0-60";22;22;22;22;22;22;22;22;22;22;22;22;105;105;105;105;105;105;105;105;105;105;105;105;1;1;1;1;1;1;1;1;1;1;1;22;104
2022-04-12;"60+";46;46;46;46;46;46;46;46;46;46;46;46;283;283;283;283;283;283;283;283;283;283;283;283;1;1;1;1;1;1;1;1;1;1;1;46;274
2022-04-12;"alle";68;68;68;68;68;68;68;68;68;68;68;68;388;388;388;388;388;388;388;388;388;388;388;388;NA;NA;NA;NA;NA;NA;NA;NA;NA;NA;NA;68;378
2022-04-11;"0-60";7;7;7;7;7;7;7;7;7;7;7;7;100;100;100;100;100;100;100;100;100;100;100;100;1;1;1;1;1;1;1;1;1;1;1;7;99
2022-04-11;"60+";23;23;23;23;23;23;23;23;23;23;23;23;297;297;297;297;297;297;297;297;297;297;297;297;1;1;1;1;1;1;1;1;1;1;1;23;287
2022-04-11;"alle";30;30;30;30;30;30;30;30;30;30;30;30;397;397;397;397;397;397;397;397;397;397;397;397;NA;NA;NA;NA;NA;NA;NA;NA;NA;NA;NA;30;386
2022-04-10;"0-60";12;12;12;12;12;12;12;12;12;12;12;12;99;99;99;99;99;99;99;99;99;99;99;99;1;1;1;1;1;1;1;1;1;1;1;12;98
2022-04-10;"60+";21;21;21;21;21;21;21;21;21;21;21;21;290;290;290;290;290;290;290;290;290;290;290;290;1;1;1;1;1;1;1;1;1;1;1;21;280
2022-04-10;"alle";33;33;33;33;33;33;33;33;33;33;33;33;389;389;389;389;389;389;389;389;389;389;389;389;NA;NA;NA;NA;NA;NA;NA;NA;NA;NA;NA;33;378
2022-04-09;"0-60";12;12;12;12;12;12;12;12;12;12;12;12;99;99;99;99;99;99;99;99;99;99;99;99;1;1;1;1;1;1;1;1;1;1;1;11;98
2022-04-09;"60+";36;36;36;36;36;36;36;36;36;36;36;36;295;295;295;295;295;295;295;295;295;295;295;295;1;1;1;1;1;1;1;1;1;1;1;34;284
2022-04-09;"alle";48;48;48;48;48;48;48;48;48;48;48;48;394;394;394;394;394;394;394;394;394;394;394;394;NA;NA;NA;NA;NA;NA;NA;NA;NA;NA;NA;45;382
2022-04-08;"0-60";15;15;15;15;15;15;15;15;15;15;15;15;106;106;106;106;106;106;106;106;106;106;106;106;1;1;1;1;1;1;1;1;1;1;1;15;106
2022-04-08;"60+";52;52;52;52;52;52;52;52;52;52;52;52;302;302;302;302;302;302;302;302;302;302;302;302;1;1;1;1;1;1;1;1;1;1;1;51;292
2022-04-08;"alle";67;67;67;67;67;67;67;67;67;67;67;67;408;408;408;408;408;408;408;408;408;408;408;408;NA;NA;NA;NA;NA;NA;NA;NA;NA;NA;NA;66;398
2022-04-07;"0-60";13;13;13;13;13;13;13;13;13;13;13;13;108;108;108;108;108;108;108;108;108;108;108;108;1;1;1;1;1;1;1;1;1;1;1;13;108
2022-04-07;"60+";51;51;51;51;51;51;51;51;51;51;51;51;305;305;305;305;305;305;305;305;305;305;305;305;1;1;1;1;1;1;1;1;1;1;1;48;295
2022-04-07;"alle";64;64;64;64;64;64;64;64;64;64;64;64;413;413;413;413;413;413;413;413;413;413;413;413;NA;NA;NA;NA;NA;NA;NA;NA;NA;NA;NA;61;403
2022-04-06;"0-60";24;24;24;24;24;24;24;24;24;24;24;24;128;128;128;128;128;128;128;128;128;128;128;128;1;1;1;1;1;1;1;1;1;1;1;24;128
2022-04-06;"60+";54;54;54;54;54;54;54;54;54;54;54;54;311;311;311;311;311;311;311;311;311;311;311;311;1;1;1;1;1;1;1;1;1;1;1;51;301
2022-04-06;"alle";78;78;78;78;78;78;78;78;78;78;78;78;439;439;439;439;439;439;439;439;439;439;439;439;NA;NA;NA;NA;NA;NA;NA;NA;NA;NA;NA;75;429
2022-04-05;"0-60";17;17;17;17;17;17;17;17;17;17;17;17;132;132;132;132;132;132;132;132;132;132;132;132;1;1;1;1;1;1;1;1;1;1;1;17;130
2022-04-05;"60+";60;60;60;60;60;60;60;60;60;60;60;60;328;328;328;328;328;328;328;328;328;328;328;328;1;1;1;1;1;1;1;1;1;1;1;59;314
2022-04-05;"alle";77;77;77;77;77;77;77;77;77;77;77;77;460;460;460;460;460;460;460;460;460;460;460;460;NA;NA;NA;NA;NA;NA;NA;NA;NA;NA;NA;76;444
2022-04-04;"0-60";6;6;6;6;6;6;6;6;6;6;6;6;142;142;142;142;142;142;142;142;142;142;142;142;1;1;1;1;1;1;1;1;1;1;1;6;139
2022-04-04;"60+";16;16;16;16;16;16;16;16;16;16;16;16;355;355;355;355;355;355;355;355;355;355;355;355;1;1;1;1;1;1;1;1;1;1;1;16;340
2022-04-04;"alle";22;22;22;22;22;22;22;22;22;22;22;22;497;497;497;497;497;497;497;497;497;497;497;497;NA;NA;NA;NA;NA;NA;NA;NA;NA;NA;NA;22;480
2022-04-03;"0-60";12;12;12;12;12;12;12;12;12;12;12;12;144;144;144;144;144;144;144;144;144;144;144;144;1;1;1;1;1;1;1;1;1;1;1;12;141
2022-04-03;"60+";26;26;26;26;26;26;26;26;26;26;26;26;366;366;366;366;366;366;366;366;366;366;366;366;1;1;1;1;1;1;1;1;1;1;1;25;351
2022-04-03;"alle";38;38;38;38;38;38;38;38;38;38;38;38;510;510;510;510;510;510;510;510;510;510;510;510;NA;NA;NA;NA;NA;NA;NA;NA;NA;NA;NA;37;493
2022-04-02;"0-60";19;19;19;19;19;19;19;19;19;19;19;19;149;149;149;149;149;149;149;149;149;149;149;149;1;1;1;1;1;1;1;1;1;1;1;19;146
2022-04-02;"60+";43;43;43;43;43;43;43;43;43;43;43;43;376;376;376;376;376;376;376;376;376;376;376;376;1;1;1;1;1;1;1;1;1;1;1;42;359
2022-04-02;"alle";62;62;62;62;62;62;62;62;62;62;62;62;525;525;525;525;525;525;525;525;525;525;525;525;NA;NA;NA;NA;NA;NA;NA;NA;NA;NA;NA;61;506
2022-04-01;"0-60";17;17;17;17;17;17;17;17;17;17;17;17;159;159;159;159;159;159;159;159;159;159;159;159;1;1;1;1;1;1;1;1;1;1;1;17;153
2022-04-01;"60+";55;55;55;55;55;55;55;55;55;55;55;55;390;390;390;390;390;390;390;390;390;390;390;390;1;1;1;1;1;1;1;1;1;1;1;54;369
2022-04-01;"alle";72;72;72;72;72;72;72;72;72;72;72;72;549;549;549;549;549;549;549;549;549;549;549;549;NA;NA;NA;NA;NA;NA;NA;NA;NA;NA;NA;71;523
2022-03-31;"0-60";33;33;33;33;33;33;33;33;33;33;33;33;168;168;168;168;168;168;168;168;168;168;168;168;1;1;1;1;1;1;1;1;1;1;1;33;161
2022-03-31;"60+";57;57;57;57;57;57;57;57;57;57;57;57;397;397;397;397;397;397;397;397;397;397;397;397;1;1;1;1;1;1;1;1;1;1;1;54;371
2022-03-31;"alle";90;90;90;90;90;90;90;90;90;90;90;90;565;565;565;565;565;565;565;565;565;565;565;565;NA;NA;NA;NA;NA;NA;NA;NA;NA;NA;NA;87;533
2022-03-30;"0-60";28;28;28;28;28;28;28;28;28;28;28;28;163;163;163;163;163;163;163;163;163;163;163;163;1;1;1;1;1;1;1;1;1;1;1;26;155
2022-03-30;"60+";71;71;71;71;71;71;71;71;71;71;71;71;423;423;423;423;423;423;423;423;423;423;423;423;1;1;1;1;1;1;1;1;1;1;1;64;397
2022-03-30;"alle";99;99;99;99;99;99;99;99;99;99;99;99;586;586;586;586;586;586;586;586;586;586;586;586;NA;NA;NA;NA;NA;NA;NA;NA;NA;NA;NA;90;553
2022-03-29;"0-60";27;27;27;27;27;27;27;27;27;27;27;27;174;174;174;174;174;174;174;174;174;174;174;174;1;1;1;1;1;1;1;1;1;1;1;26;167
2022-03-29;"60+";87;87;87;87;87;87;87;87;87;87;87;87;427;427;427;427;427;427;427;427;427;427;427;427;1;1;1;1;1;1;1;1;1;1;1;85;402
2022-03-29;"alle";114;114;114;114;114;114;114;114;114;114;114;114;601;601;601;601;601;601;601;601;601;601;601;601;NA;NA;NA;NA;NA;NA;NA;NA;NA;NA;NA;112;570
2022-03-28;"0-60";8;8;8;8;8;8;8;8;8;8;8;8;197;197;197;197;197;197;197;197;197;197;197;197;1;1;1;1;1;1;1;1;1;1;1;8;191
2022-03-28;"60+";27;27;27;27;27;27;27;27;27;27;27;27;434;434;434;434;434;434;434;434;434;434;434;434;1;1;1;1;1;1;1;1;1;1;1;27;408
2022-03-28;"alle";35;35;35;35;35;35;35;35;35;35;35;35;631;631;631;631;631;631;631;631;631;631;631;631;NA;NA;NA;NA;NA;NA;NA;NA;NA;NA;NA;35;599
2022-03-27;"0-60";17;17;17;17;17;17;17;17;17;17;17;17;197;197;197;197;197;197;197;197;197;197;197;197;1;1;1;1;1;1;1;1;1;1;1;17;191
2022-03-27;"60+";36;36;36;36;36;36;36;36;36;36;36;36;429;429;429;429;429;429;429;429;429;429;429;429;1;1;1;1;1;1;1;1;1;1;1;33;401
2022-03-27;"alle";53;53;53;53;53;53;53;53;53;53;53;53;626;626;626;626;626;626;626;626;626;626;626;626;NA;NA;NA;NA;NA;NA;NA;NA;NA;NA;NA;50;592
2022-03-26;"0-60";29;29;29;29;29;29;29;29;29;29;29;29;194;194;194;194;194;194;194;194;194;194;194;194;1;1;1;1;1;1;1;1;1;1;1;26;188
2022-03-26;"60+";57;57;57;57;57;57;57;57;57;57;57;57;425;425;425;425;425;425;425;425;425;425;425;425;1;1;1;1;1;1;1;1;1;1;1;52;399
2022-03-26;"alle";86;86;86;86;86;86;86;86;86;86;86;86;619;619;619;619;619;619;619;619;619;619;619;619;NA;NA;NA;NA;NA;NA;NA;NA;NA;NA;NA;78;587
2022-03-25;"0-60";26;26;26;26;26;26;26;26;26;26;26;26;196;196;196;196;196;196;196;196;196;196;196;196;1;1;1;1;1;1;1;1;1;1;1;25;191
2022-03-25;"60+";62;62;62;62;62;62;62;62;62;62;62;62;419;419;419;419;419;419;419;419;419;419;419;419;1;1;1;1;1;1;1;1;1;1;1;56;397
2022-03-25;"alle";88;88;88;88;88;88;88;88;88;88;88;88;615;615;615;615;615;615;615;615;615;615;615;615;NA;NA;NA;NA;NA;NA;NA;NA;NA;NA;NA;81;588
2022-03-24;"0-60";28;28;28;28;28;28;28;28;28;28;28;28;202;202;202;202;202;202;202;202;202;202;202;202;1;1;1;1;1;1;1;1;1;1;1;27;196
2022-03-24;"60+";83;83;83;83;83;83;83;83;83;83;83;83;433;433;433;433;433;433;433;433;433;433;433;433;1;1;1;1;1;1;1;1;1;1;1;80;414
2022-03-24;"alle";111;111;111;111;111;111;111;111;111;111;111;111;635;635;635;635;635;635;635;635;635;635;635;635;NA;NA;NA;NA;NA;NA;NA;NA;NA;NA;NA;107;610
2022-03-23;"0-60";39;39;39;39;39;39;39;39;39;39;39;39;213;213;213;213;213;213;213;213;213;213;213;213;1;1;1;1;1;1;1;1;1;1;1;38;207
2022-03-23;"60+";75;75;75;75;75;75;75;75;75;75;75;75;402;402;402;402;402;402;402;402;402;402;402;402;1;1;1;1;1;1;1;1;1;1;1;69;384
2022-03-23;"alle";114;114;114;114;114;114;114;114;114;114;114;114;615;615;615;615;615;615;615;615;615;615;615;615;NA;NA;NA;NA;NA;NA;NA;NA;NA;NA;NA;107;591
2022-03-22;"0-60";50;50;50;50;50;50;50;50;50;50;50;50;210;210;210;210;210;210;210;210;210;210;210;210;1;1;1;1;1;1;1;1;1;1;1;50;205
2022-03-22;"60+";94;94;94;94;94;94;94;94;94;94;94;94;402;402;402;402;402;402;402;402;402;402;402;402;1;1;1;1;1;1;1;1;1;1;1;91;387
2022-03-22;"alle";144;144;144;144;144;144;144;144;144;144;144;144;612;612;612;612;612;612;612;612;612;612;612;612;NA;NA;NA;NA;NA;NA;NA;NA;NA;NA;NA;141;592
2022-03-21;"0-60";8;8;8;8;8;8;8;8;8;8;8;8;210;210;210;210;210;210;210;210;210;210;210;210;1;1;1;1;1;1;1;1;1;1;1;8;203
2022-03-21;"60+";22;22;22;22;22;22;22;22;22;22;22;22;375;375;375;375;375;375;375;375;375;375;375;375;1;1;1;1;1;1;1;1;1;1;1;20;359
2022-03-21;"alle";30;30;30;30;30;30;30;30;30;30;30;30;585;585;585;585;585;585;585;585;585;585;585;585;NA;NA;NA;NA;NA;NA;NA;NA;NA;NA;NA;28;562
2022-03-20;"0-60";14;14;14;14;14;14;14;14;14;14;14;14;218;218;218;218;218;218;218;218;218;218;218;218;1;1;1;1;1;1;1;1;1;1;1;14;211
2022-03-20;"60+";32;32;32;32;32;32;32;32;32;32;32;32;368;368;368;368;368;368;368;368;368;368;368;368;1;1;1;1;1;1;1;1;1;1;1;31;353
2022-03-20;"alle";46;46;46;46;46;46;46;46;46;46;46;46;586;586;586;586;586;586;586;586;586;586;586;586;NA;NA;NA;NA;NA;NA;NA;NA;NA;NA;NA;45;564
2022-03-19;"0-60";31;31;31;31;31;31;31;31;31;31;31;31;218;218;218;218;218;218;218;218;218;218;218;218;1;1;1;1;1;1;1;1;1;1;1;29;211
2022-03-19;"60+";51;51;51;51;51;51;51;51;51;51;51;51;362;362;362;362;362;362;362;362;362;362;362;362;1;1;1;1;1;1;1;1;1;1;1;50;346
2022-03-19;"alle";82;82;82;82;82;82;82;82;82;82;82;82;580;580;580;580;580;580;580;580;580;580;580;580;NA;NA;NA;NA;NA;NA;NA;NA;NA;NA;NA;79;557
2022-03-18;"0-60";32;32;32;32;32;32;32;32;32;32;32;32;217;217;217;217;217;217;217;217;217;217;217;217;1;1;1;1;1;1;1;1;1;1;1;30;210
2022-03-18;"60+";76;76;76;76;76;76;76;76;76;76;76;76;359;359;359;359;359;359;359;359;359;359;359;359;1;1;1;1;1;1;1;1;1;1;1;73;338
2022-03-18;"alle";108;108;108;108;108;108;108;108;108;108;108;108;576;576;576;576;576;576;576;576;576;576;576;576;NA;NA;NA;NA;NA;NA;NA;NA;NA;NA;NA;103;548
2022-03-17;"0-60";39;39;39;39;39;39;39;39;39;39;39;39;219;219;219;219;219;219;219;219;219;219;219;219;1;1;1;1;1;1;1;1;1;1;1;38;210
2022-03-17;"60+";52;52;52;52;52;52;52;52;52;52;52;52;344;344;344;344;344;344;344;344;344;344;344;344;1;1;1;1;1;1;1;1;1;1;1;50;325
2022-03-17;"alle";91;91;91;91;91;91;91;91;91;91;91;91;563;563;563;563;563;563;563;563;563;563;563;563;NA;NA;NA;NA;NA;NA;NA;NA;NA;NA;NA;88;535
2022-03-16;"0-60";36;36;36;36;36;36;36;36;36;36;36;36;225;225;225;225;225;225;225;225;225;225;225;225;1;1;1;1;1;1;1;1;1;1;1;36;216
2022-03-16;"60+";75;75;75;75;75;75;75;75;75;75;75;75;346;346;346;346;346;346;346;346;346;346;346;346;1;1;1;1;1;1;1;1;1;1;1;72;326
2022-03-16;"alle";111;111;111;111;111;111;111;111;111;111;111;111;571;571;571;571;571;571;571;571;571;571;571;571;NA;NA;NA;NA;NA;NA;NA;NA;NA;NA;NA;108;542
2022-03-15;"0-60";50;50;50;50;50;50;50;50;50;50;50;50;229;229;229;229;229;229;229;229;229;229;229;229;1;1;1;1;1;1;1;1;1;1;1;48;219
2022-03-15;"60+";67;67;67;67;67;67;67;67;67;67;67;67;343;343;343;343;343;343;343;343;343;343;343;343;1;1;1;1;1;1;1;1;1;1;1;63;323
2022-03-15;"alle";117;117;117;117;117;117;117;117;117;117;117;117;572;572;572;572;572;572;572;572;572;572;572;572;NA;NA;NA;NA;NA;NA;NA;NA;NA;NA;NA;111;542
2022-03-14;"0-60";16;16;16;16;16;16;16;16;16;16;16;16;203;203;203;203;203;203;203;203;203;203;203;203;1;1;1;1;1;1;1;1;1;1;1;16;195
2022-03-14;"60+";15;15;15;15;15;15;15;15;15;15;15;15;328;328;328;328;328;328;328;328;328;328;328;328;1;1;1;1;1;1;1;1;1;1;1;14;309
2022-03-14;"alle";31;31;31;31;31;31;31;31;31;31;31;31;531;531;531;531;531;531;531;531;531;531;531;531;NA;NA;NA;NA;NA;NA;NA;NA;NA;NA;NA;30;504
2022-03-13;"0-60";14;14;14;14;14;14;14;14;14;14;14;14;200;200;200;200;200;200;200;200;200;200;200;200;1;1;1;1;1;1;1;1;1;1;1;14;192
2022-03-13;"60+";26;26;26;26;26;26;26;26;26;26;26;26;327;327;327;327;327;327;327;327;327;327;327;327;1;1;1;1;1;1;1;1;1;1;1;24;309
2022-03-13;"alle";40;40;40;40;40;40;40;40;40;40;40;40;527;527;527;527;527;527;527;527;527;527;527;527;NA;NA;NA;NA;NA;NA;NA;NA;NA;NA;NA;38;501
2022-03-12;"0-60";30;30;30;30;30;30;30;30;30;30;30;30;195;195;195;195;195;195;195;195;195;195;195;195;1;1;1;1;1;1;1;1;1;1;1;28;187
2022-03-12;"60+";48;48;48;48;48;48;48;48;48;48;48;48;324;324;324;324;324;324;324;324;324;324;324;324;1;1;1;1;1;1;1;1;1;1;1;42;307
2022-03-12;"alle";78;78;78;78;78;78;78;78;78;78;78;78;519;519;519;519;519;519;519;519;519;519;519;519;NA;NA;NA;NA;NA;NA;NA;NA;NA;NA;NA;70;494
2022-03-11;"0-60";34;34;34;34;34;34;34;34;34;34;34;34;182;182;182;182;182;182;182;182;182;182;182;182;1;1;1;1;1;1;1;1;1;1;1;30;176
2022-03-11;"60+";61;61;61;61;61;61;61;61;61;61;61;61;312;312;312;312;312;312;312;312;312;312;312;312;1;1;1;1;1;1;1;1;1;1;1;60;298
2022-03-11;"alle";95;95;95;95;95;95;95;95;95;95;95;95;494;494;494;494;494;494;494;494;494;494;494;494;NA;NA;NA;NA;NA;NA;NA;NA;NA;NA;NA;90;474
2022-03-10;"0-60";45;45;45;45;45;45;45;45;45;45;45;45;173;173;173;173;173;173;173;173;173;173;173;173;1;1;1;1;1;1;1;1;1;1;1;44;168
2022-03-10;"60+";54;54;54;54;54;54;54;54;54;54;54;54;286;286;286;286;286;286;286;286;286;286;286;286;1;1;1;1;1;1;1;1;1;1;1;51;270
2022-03-10;"alle";99;99;99;99;99;99;99;99;99;99;99;99;459;459;459;459;459;459;459;459;459;459;459;459;NA;NA;NA;NA;NA;NA;NA;NA;NA;NA;NA;95;438
2022-03-09;"0-60";40;40;40;40;40;40;40;40;40;40;40;40;162;162;162;162;162;162;162;162;162;162;162;162;1;1;1;1;1;1;1;1;1;1;1;39;154
2022-03-09;"60+";72;72;72;72;72;72;72;72;72;72;72;72;294;294;294;294;294;294;294;294;294;294;294;294;1;1;1;1;1;1;1;1;1;1;1;69;279
2022-03-09;"alle";112;112;112;112;112;112;112;112;112;112;112;112;456;456;456;456;456;456;456;456;456;456;456;456;NA;NA;NA;NA;NA;NA;NA;NA;NA;NA;NA;108;433
2022-03-08;"0-60";24;24;24;24;24;24;24;24;24;24;24;24;145;145;145;145;145;145;145;145;145;145;145;145;1;1;1;1;1;1;1;1;1;1;1;24;138
2022-03-08;"60+";52;52;52;52;52;52;52;52;52;52;52;52;278;278;278;278;278;278;278;278;278;278;278;278;1;1;1;1;1;1;1;1;1;1;1;49;261
2022-03-08;"alle";76;76;76;76;76;76;76;76;76;76;76;76;423;423;423;423;423;423;423;423;423;423;423;423;NA;NA;NA;NA;NA;NA;NA;NA;NA;NA;NA;73;399
2022-03-07;"0-60";13;13;13;13;13;13;13;13;13;13;13;13;149;149;149;149;149;149;149;149;149;149;149;149;1;1;1;1;1;1;1;1;1;1;1;13;142
2022-03-07;"60+";14;14;14;14;14;14;14;14;14;14;14;14;290;290;290;290;290;290;290;290;290;290;290;290;1;1;1;1;1;1;1;1;1;1;1;14;276
2022-03-07;"alle";27;27;27;27;27;27;27;27;27;27;27;27;439;439;439;439;439;439;439;439;439;439;439;439;NA;NA;NA;NA;NA;NA;NA;NA;NA;NA;NA;27;418
2022-03-06;"0-60";9;9;9;9;9;9;9;9;9;9;9;9;145;145;145;145;145;145;145;145;145;145;145;145;1;1;1;1;1;1;1;1;1;1;1;9;138
2022-03-06;"60+";23;23;23;23;23;23;23;23;23;23;23;23;299;299;299;299;299;299;299;299;299;299;299;299;1;1;1;1;1;1;1;1;1;1;1;22;285
2022-03-06;"alle";32;32;32;32;32;32;32;32;32;32;32;32;444;444;444;444;444;444;444;444;444;444;444;444;NA;NA;NA;NA;NA;NA;NA;NA;NA;NA;NA;31;423
2022-03-05;"0-60";17;17;17;17;17;17;17;17;17;17;17;17;156;156;156;156;156;156;156;156;156;156;156;156;1;1;1;1;1;1;1;1;1;1;1;17;149
2022-03-05;"60+";36;36;36;36;36;36;36;36;36;36;36;36;298;298;298;298;298;298;298;298;298;298;298;298;1;1;1;1;1;1;1;1;1;1;1;33;284
2022-03-05;"alle";53;53;53;53;53;53;53;53;53;53;53;53;454;454;454;454;454;454;454;454;454;454;454;454;NA;NA;NA;NA;NA;NA;NA;NA;NA;NA;NA;50;433
2022-03-04;"0-60";25;25;25;25;25;25;25;25;25;25;25;25;160;160;160;160;160;160;160;160;160;160;160;160;1;1;1;1;1;1;1;1;1;1;1;22;153
2022-03-04;"60+";35;35;35;35;35;35;35;35;35;35;35;35;309;309;309;309;309;309;309;309;309;309;309;309;1;1;1;1;1;1;1;1;1;1;1;32;297
2022-03-04;"alle";60;60;60;60;60;60;60;60;60;60;60;60;469;469;469;469;469;469;469;469;469;469;469;469;NA;NA;NA;NA;NA;NA;NA;NA;NA;NA;NA;54;450
2022-03-03;"0-60";34;34;34;34;34;34;34;34;34;34;34;34;155;155;155;155;155;155;155;155;155;155;155;155;1;1;1;1;1;1;1;1;1;1;1;30;149
2022-03-03;"60+";62;62;62;62;62;62;62;62;62;62;62;62;319;319;319;319;319;319;319;319;319;319;319;319;1;1;1;1;1;1;1;1;1;1;1;60;308
2022-03-03;"alle";96;96;96;96;96;96;96;96;96;96;96;96;474;474;474;474;474;474;474;474;474;474;474;474;NA;NA;NA;NA;NA;NA;NA;NA;NA;NA;NA;90;457
2022-03-02;"0-60";23;23;23;23;23;23;23;23;23;23;23;23;145;145;145;145;145;145;145;145;145;145;145;145;1;1;1;1;1;1;1;1;1;1;1;23;143
2022-03-02;"60+";56;56;56;56;56;56;56;56;56;56;56;56;310;310;310;310;310;310;310;310;310;310;310;310;1;1;1;1;1;1;1;1;1;1;1;51;301
2022-03-02;"alle";79;79;79;79;79;79;79;79;79;79;79;79;455;455;455;455;455;455;455;455;455;455;455;455;NA;NA;NA;NA;NA;NA;NA;NA;NA;NA;NA;74;444
2022-03-01;"0-60";28;28;28;28;28;28;28;28;28;28;28;28;154;154;154;154;154;154;154;154;154;154;154;154;1;1;1;1;1;1;1;1;1;1;1;28;149
2022-03-01;"60+";64;64;64;64;64;64;64;64;64;64;64;64;300;300;300;300;300;300;300;300;300;300;300;300;1;1;1;1;1;1;1;1;1;1;1;64;296
2022-03-01;"alle";92;92;92;92;92;92;92;92;92;92;92;92;454;454;454;454;454;454;454;454;454;454;454;454;NA;NA;NA;NA;NA;NA;NA;NA;NA;NA;NA;92;445
2022-02-28;"0-60";9;9;9;9;9;9;9;9;9;9;9;9;168;168;168;168;168;168;168;168;168;168;168;168;1;1;1;1;1;1;1;1;1;1;1;9;161
2022-02-28;"60+";23;23;23;23;23;23;23;23;23;23;23;23;300;300;300;300;300;300;300;300;300;300;300;300;1;1;1;1;1;1;1;1;1;1;1;23;293
2022-02-28;"alle";32;32;32;32;32;32;32;32;32;32;32;32;468;468;468;468;468;468;468;468;468;468;468;468;NA;NA;NA;NA;NA;NA;NA;NA;NA;NA;NA;32;454
2022-02-27;"0-60";20;20;20;20;20;20;20;20;20;20;20;20;176;176;176;176;176;176;176;176;176;176;176;176;1;1;1;1;1;1;1;1;1;1;1;20;167
2022-02-27;"60+";22;22;22;22;22;22;22;22;22;22;22;22;289;289;289;289;289;289;289;289;289;289;289;289;1;1;1;1;1;1;1;1;1;1;1;21;280
2022-02-27;"alle";42;42;42;42;42;42;42;42;42;42;42;42;465;465;465;465;465;465;465;465;465;465;465;465;NA;NA;NA;NA;NA;NA;NA;NA;NA;NA;NA;41;447
2022-02-26;"0-60";21;21;21;21;21;21;21;21;21;21;21;21;169;169;169;169;169;169;169;169;169;169;169;169;1;1;1;1;1;1;1;1;1;1;1;21;159
2022-02-26;"60+";47;47;47;47;47;47;47;47;47;47;47;47;285;285;285;285;285;285;285;285;285;285;285;285;1;1;1;1;1;1;1;1;1;1;1;46;276
2022-02-26;"alle";68;68;68;68;68;68;68;68;68;68;68;68;454;454;454;454;454;454;454;454;454;454;454;454;NA;NA;NA;NA;NA;NA;NA;NA;NA;NA;NA;67;435
2022-02-25;"0-60";20;20;20;20;20;20;20;20;20;20;20;20;186;186;186;186;186;186;186;186;186;186;186;186;1;1;1;1;1;1;1;1;1;1;1;18;172
2022-02-25;"60+";45;45;45;45;45;45;45;45;45;45;45;45;270;270;270;270;270;270;270;270;270;270;270;270;1;1;1;1;1;1;1;1;1;1;1;43;261
2022-02-25;"alle";65;65;65;65;65;65;65;65;65;65;65;65;456;456;456;456;456;456;456;456;456;456;456;456;NA;NA;NA;NA;NA;NA;NA;NA;NA;NA;NA;61;433
2022-02-24;"0-60";24;24;24;24;24;24;24;24;24;24;24;24;188;188;188;188;188;188;188;188;188;188;188;188;1;1;1;1;1;1;1;1;1;1;1;24;173
2022-02-24;"60+";53;53;53;53;53;53;53;53;53;53;53;53;262;262;262;262;262;262;262;262;262;262;262;262;1;1;1;1;1;1;1;1;1;1;1;53;254
2022-02-24;"alle";77;77;77;77;77;77;77;77;77;77;77;77;450;450;450;450;450;450;450;450;450;450;450;450;NA;NA;NA;NA;NA;NA;NA;NA;NA;NA;NA;77;427
2022-02-23;"0-60";32;32;32;32;32;32;32;32;32;32;32;32;192;192;192;192;192;192;192;192;192;192;192;192;1;1;1;1;1;1;1;1;1;1;1;29;175
2022-02-23;"60+";46;46;46;46;46;46;46;46;46;46;46;46;260;260;260;260;260;260;260;260;260;260;260;260;1;1;1;1;1;1;1;1;1;1;1;46;251
2022-02-23;"alle";78;78;78;78;78;78;78;78;78;78;78;78;452;452;452;452;452;452;452;452;452;452;452;452;NA;NA;NA;NA;NA;NA;NA;NA;NA;NA;NA;75;427
2022-02-22;"0-60";42;42;42;42;42;42;42;42;42;42;42;42;188;188;188;188;188;188;188;188;188;188;188;188;1;1;1;1;1;1;1;1;1;1;1;40;171
2022-02-22;"60+";64;64;64;64;64;64;64;64;64;64;64;64;260;260;260;260;260;260;260;260;260;260;260;260;1;1;1;1;1;1;1;1;1;1;1;61;247
2022-02-22;"alle";106;106;106;106;106;106;106;106;106;106;106;106;448;448;448;448;448;448;448;448;448;448;448;448;NA;NA;NA;NA;NA;NA;NA;NA;NA;NA;NA;101;419
2022-02-21;"0-60";17;17;17;17;17;17;17;17;17;17;17;17;190;190;190;190;190;190;190;190;190;190;190;190;1;1;1;1;1;1;1;1;1;1;1;15;171
2022-02-21;"60+";12;12;12;12;12;12;12;12;12;12;12;12;246;246;246;246;246;246;246;246;246;246;246;246;1;1;1;1;1;1;1;1;1;1;1;10;234
2022-02-21;"alle";29;29;29;29;29;29;29;29;29;29;29;29;436;436;436;436;436;436;436;436;436;436;436;436;NA;NA;NA;NA;NA;NA;NA;NA;NA;NA;NA;25;406
2022-02-20;"0-60";13;13;13;13;13;13;13;13;13;13;13;13;189;189;189;189;189;189;189;189;189;189;189;189;1;1;1;1;1;1;1;1;1;1;1;12;169
2022-02-20;"60+";18;18;18;18;18;18;18;18;18;18;18;18;253;253;253;253;253;253;253;253;253;253;253;253;1;1;1;1;1;1;1;1;1;1;1;17;242
2022-02-20;"alle";31;31;31;31;31;31;31;31;31;31;31;31;442;442;442;442;442;442;442;442;442;442;442;442;NA;NA;NA;NA;NA;NA;NA;NA;NA;NA;NA;29;412
2022-02-19;"0-60";38;38;38;38;38;38;38;38;38;38;38;38;195;195;195;195;195;195;195;195;195;195;195;195;1;1;1;1;1;1;1;1;1;1;1;34;173
2022-02-19;"60+";32;32;32;32;32;32;32;32;32;32;32;32;252;252;252;252;252;252;252;252;252;252;252;252;1;1;1;1;1;1;1;1;1;1;1;31;242
2022-02-19;"alle";70;70;70;70;70;70;70;70;70;70;70;70;447;447;447;447;447;447;447;447;447;447;447;447;NA;NA;NA;NA;NA;NA;NA;NA;NA;NA;NA;65;416
2022-02-18;"0-60";22;22;22;22;22;22;22;22;22;22;22;22;188;188;188;188;188;188;188;188;188;188;188;188;1;1;1;1;1;1;1;1;1;1;1;19;164
2022-02-18;"60+";37;37;37;37;37;37;37;37;37;37;37;37;257;257;257;257;257;257;257;257;257;257;257;257;1;1;1;1;1;1;1;1;1;1;1;36;247
2022-02-18;"alle";59;59;59;59;59;59;59;59;59;59;59;59;445;445;445;445;445;445;445;445;445;445;445;445;NA;NA;NA;NA;NA;NA;NA;NA;NA;NA;NA;55;412
2022-02-17;"0-60";28;28;28;28;28;28;28;28;28;28;28;28;192;192;192;192;192;192;192;192;192;192;192;192;1;1;1;1;1;1;1;1;1;1;1;26;164
2022-02-17;"60+";51;51;51;51;51;51;51;51;51;51;51;51;257;257;257;257;257;257;257;257;257;257;257;257;1;1;1;1;1;1;1;1;1;1;1;50;247
2022-02-17;"alle";79;79;79;79;79;79;79;79;79;79;79;79;449;449;449;449;449;449;449;449;449;449;449;449;NA;NA;NA;NA;NA;NA;NA;NA;NA;NA;NA;77;412
2022-02-16;"0-60";28;28;28;28;28;28;28;28;28;28;28;28;196;196;196;196;196;196;196;196;196;196;196;196;1;1;1;1;1;1;1;1;1;1;1;25;165
2022-02-16;"60+";46;46;46;46;46;46;46;46;46;46;46;46;247;247;247;247;247;247;247;247;247;247;247;247;1;1;1;1;1;1;1;1;1;1;1;42;233
2022-02-16;"alle";74;74;74;74;74;74;74;74;74;74;74;74;443;443;443;443;443;443;443;443;443;443;443;443;NA;NA;NA;NA;NA;NA;NA;NA;NA;NA;NA;67;398
2022-02-15;"0-60";44;44;44;44;44;44;44;44;44;44;44;44;204;204;204;204;204;204;204;204;204;204;204;204;1;1;1;1;1;1;1;1;1;1;1;40;171
2022-02-15;"60+";50;50;50;50;50;50;50;50;50;50;50;50;238;238;238;238;238;238;238;238;238;238;238;238;1;1;1;1;1;1;1;1;1;1;1;48;227
2022-02-15;"alle";94;94;94;94;94;94;94;94;94;94;94;94;442;442;442;442;442;442;442;442;442;442;442;442;NA;NA;NA;NA;NA;NA;NA;NA;NA;NA;NA;88;398
2022-02-14;"0-60";16;16;16;16;16;16;16;16;16;16;16;16;199;199;199;199;199;199;199;199;199;199;199;199;1;1;1;1;1;1;1;1;1;1;1;13;167
2022-02-14;"60+";19;19;19;19;19;19;19;19;19;19;19;19;231;231;231;231;231;231;231;231;231;231;231;231;1;1;1;1;1;1;1;1;1;1;1;18;221
2022-02-14;"alle";35;35;35;35;35;35;35;35;35;35;35;35;430;430;430;430;430;430;430;430;430;430;430;430;NA;NA;NA;NA;NA;NA;NA;NA;NA;NA;NA;31;388
2022-02-13;"0-60";19;19;19;19;19;19;19;19;19;19;19;19;195;195;195;195;195;195;195;195;195;195;195;195;1;1;1;1;1;1;1;1;1;1;1;16;166
2022-02-13;"60+";17;17;17;17;17;17;17;17;17;17;17;17;221;221;221;221;221;221;221;221;221;221;221;221;1;1;1;1;1;1;1;1;1;1;1;17;212
2022-02-13;"alle";36;36;36;36;36;36;36;36;36;36;36;36;416;416;416;416;416;416;416;416;416;416;416;416;NA;NA;NA;NA;NA;NA;NA;NA;NA;NA;NA;33;378
2022-02-12;"0-60";31;31;31;31;31;31;31;31;31;31;31;31;186;186;186;186;186;186;186;186;186;186;186;186;1;1;1;1;1;1;1;1;1;1;1;25;156
2022-02-12;"60+";37;37;37;37;37;37;37;37;37;37;37;37;218;218;218;218;218;218;218;218;218;218;218;218;1;1;1;1;1;1;1;1;1;1;1;36;206
2022-02-12;"alle";68;68;68;68;68;68;68;68;68;68;68;68;404;404;404;404;404;404;404;404;404;404;404;404;NA;NA;NA;NA;NA;NA;NA;NA;NA;NA;NA;61;362
2022-02-11;"0-60";26;26;26;26;26;26;26;26;26;26;26;26;178;178;178;178;178;178;178;178;178;178;178;178;1;1;1;1;1;1;1;1;1;1;1;19;150
2022-02-11;"60+";37;37;37;37;37;37;37;37;37;37;37;37;203;203;203;203;203;203;203;203;203;203;203;203;1;1;1;1;1;1;1;1;1;1;1;36;190
2022-02-11;"alle";63;63;63;63;63;63;63;63;63;63;63;63;381;381;381;381;381;381;381;381;381;381;381;381;NA;NA;NA;NA;NA;NA;NA;NA;NA;NA;NA;55;340
2022-02-10;"0-60";32;32;32;32;32;32;32;32;32;32;32;32;172;172;172;172;172;172;172;172;172;172;172;172;1;1;1;1;1;1;1;1;1;1;1;27;151
2022-02-10;"60+";41;41;41;41;41;41;41;41;41;41;41;41;193;193;193;193;193;193;193;193;193;193;193;193;1;1;1;1;1;1;1;1;1;1;1;36;178
2022-02-10;"alle";73;73;73;73;73;73;73;73;73;73;73;73;365;365;365;365;365;365;365;365;365;365;365;365;NA;NA;NA;NA;NA;NA;NA;NA;NA;NA;NA;63;329
2022-02-09;"0-60";36;36;36;36;36;36;36;36;36;36;36;36;176;176;176;176;176;176;176;176;176;176;176;176;1;1;1;1;1;1;1;1;1;1;1;31;159
2022-02-09;"60+";37;37;37;37;37;37;37;37;37;37;37;37;172;172;172;172;172;172;172;172;172;172;172;172;1;1;1;1;1;1;1;1;1;1;1;36;161
2022-02-09;"alle";73;73;73;73;73;73;73;73;73;73;73;73;348;348;348;348;348;348;348;348;348;348;348;348;NA;NA;NA;NA;NA;NA;NA;NA;NA;NA;NA;67;320
2022-02-08;"0-60";39;39;39;39;39;39;39;39;39;39;39;39;173;173;173;173;173;173;173;173;173;173;173;173;1;1;1;1;1;1;1;1;1;1;1;36;154
2022-02-08;"60+";43;43;43;43;43;43;43;43;43;43;43;43;170;170;170;170;170;170;170;170;170;170;170;170;1;1;1;1;1;1;1;1;1;1;1;42;156
2022-02-08;"alle";82;82;82;82;82;82;82;82;82;82;82;82;343;343;343;343;343;343;343;343;343;343;343;343;NA;NA;NA;NA;NA;NA;NA;NA;NA;NA;NA;78;310
2022-02-07;"0-60";12;12;12;12;12;12;12;12;12;12;12;12;162;162;162;162;162;162;162;162;162;162;162;162;1;1;1;1;1;1;1;1;1;1;1;12;142
2022-02-07;"60+";9;9;9;9;9;9;9;9;9;9;9;9;153;153;153;153;153;153;153;153;153;153;153;153;1;1;1;1;1;1;1;1;1;1;1;9;140
2022-02-07;"alle";21;21;21;21;21;21;21;21;21;21;21;21;315;315;315;315;315;315;315;315;315;315;315;315;NA;NA;NA;NA;NA;NA;NA;NA;NA;NA;NA;21;282
2022-02-06;"0-60";10;10;10;10;10;10;10;10;10;10;10;10;161;161;161;161;161;161;161;161;161;161;161;161;1;1;1;1;1;1;1;1;1;1;1;6;139
2022-02-06;"60+";14;14;14;14;14;14;14;14;14;14;14;14;151;151;151;151;151;151;151;151;151;151;151;151;1;1;1;1;1;1;1;1;1;1;1;11;137
2022-02-06;"alle";24;24;24;24;24;24;24;24;24;24;24;24;312;312;312;312;312;312;312;312;312;312;312;312;NA;NA;NA;NA;NA;NA;NA;NA;NA;NA;NA;17;276
2022-02-05;"0-60";23;23;23;23;23;23;23;23;23;23;23;23;162;162;162;162;162;162;162;162;162;162;162;162;1;1;1;1;1;1;1;1;1;1;1;19;143
2022-02-05;"60+";22;22;22;22;22;22;22;22;22;22;22;22;147;147;147;147;147;147;147;147;147;147;147;147;1;1;1;1;1;1;1;1;1;1;1;20;136
2022-02-05;"alle";45;45;45;45;45;45;45;45;45;45;45;45;309;309;309;309;309;309;309;309;309;309;309;309;NA;NA;NA;NA;NA;NA;NA;NA;NA;NA;NA;39;279
2022-02-04;"0-60";20;20;20;20;20;20;20;20;20;20;20;20;159;159;159;159;159;159;159;159;159;159;159;159;1;1;1;1;1;1;1;1;1;1;1;20;144
2022-02-04;"60+";27;27;27;27;27;27;27;27;27;27;27;27;143;143;143;143;143;143;143;143;143;143;143;143;1;1;1;1;1;1;1;1;1;1;1;24;132
2022-02-04;"alle";47;47;47;47;47;47;47;47;47;47;47;47;302;302;302;302;302;302;302;302;302;302;302;302;NA;NA;NA;NA;NA;NA;NA;NA;NA;NA;NA;44;276
2022-02-03;"0-60";36;36;36;36;36;36;36;36;36;36;36;36;151;151;151;151;151;151;151;151;151;151;151;151;1;1;1;1;1;1;1;1;1;1;1;35;136
2022-02-03;"60+";20;20;20;20;20;20;20;20;20;20;20;20;130;130;130;130;130;130;130;130;130;130;130;130;1;1;1;1;1;1;1;1;1;1;1;19;122
2022-02-03;"alle";56;56;56;56;56;56;56;56;56;56;56;56;281;281;281;281;281;281;281;281;281;281;281;281;NA;NA;NA;NA;NA;NA;NA;NA;NA;NA;NA;54;258
2022-02-02;"0-60";33;33;33;33;33;33;33;33;33;33;33;33;139;139;139;139;139;139;139;139;139;139;139;139;1;1;1;1;1;1;1;1;1;1;1;26;125
2022-02-02;"60+";35;35;35;35;35;35;35;35;35;35;35;35;128;128;128;128;128;128;128;128;128;128;128;128;1;1;1;1;1;1;1;1;1;1;1;31;120
2022-02-02;"alle";68;68;68;68;68;68;68;68;68;68;68;68;267;267;267;267;267;267;267;267;267;267;267;267;NA;NA;NA;NA;NA;NA;NA;NA;NA;NA;NA;57;245
2022-02-01;"0-60";28;28;28;28;28;28;28;28;28;28;28;28;126;126;126;126;126;126;126;126;126;126;126;126;1;1;1;1;1;1;1;1;1;1;1;24;119
2022-02-01;"60+";26;26;26;26;26;26;26;26;26;26;26;26;116;116;116;116;116;116;116;116;116;116;116;116;1;1;1;1;1;1;1;1;1;1;1;26;112
2022-02-01;"alle";54;54;54;54;54;54;54;54;54;54;54;54;242;242;242;242;242;242;242;242;242;242;242;242;NA;NA;NA;NA;NA;NA;NA;NA;NA;NA;NA;50;231
2022-01-31;"0-60";11;11;11;11;11;11;11;11;11;11;11;11;118;118;118;118;118;118;118;118;118;118;118;118;1;1;1;1;1;1;1;1;1;1;1;9;115
2022-01-31;"60+";7;7;7;7;7;7;7;7;7;7;7;7;116;116;116;116;116;116;116;116;116;116;116;116;1;1;1;1;1;1;1;1;1;1;1;6;112
2022-01-31;"alle";18;18;18;18;18;18;18;18;18;18;18;18;234;234;234;234;234;234;234;234;234;234;234;234;NA;NA;NA;NA;NA;NA;NA;NA;NA;NA;NA;15;227
2022-01-30;"0-60";11;11;11;11;11;11;11;11;11;11;11;11;116;116;116;116;116;116;116;116;116;116;116;116;1;1;1;1;1;1;1;1;1;1;1;10;115
2022-01-30;"60+";10;10;10;10;10;10;10;10;10;10;10;10;113;113;113;113;113;113;113;113;113;113;113;113;1;1;1;1;1;1;1;1;1;1;1;10;110
2022-01-30;"alle";21;21;21;21;21;21;21;21;21;21;21;21;229;229;229;229;229;229;229;229;229;229;229;229;NA;NA;NA;NA;NA;NA;NA;NA;NA;NA;NA;20;225
2022-01-29;"0-60";20;20;20;20;20;20;20;20;20;20;20;20;112;112;112;112;112;112;112;112;112;112;112;112;1;1;1;1;1;1;1;1;1;1;1;20;112
2022-01-29;"60+";18;18;18;18;18;18;18;18;18;18;18;18;113;113;113;113;113;113;113;113;113;113;113;113;1;1;1;1;1;1;1;1;1;1;1;16;110
2022-01-29;"alle";38;38;38;38;38;38;38;38;38;38;38;38;225;225;225;225;225;225;225;225;225;225;225;225;NA;NA;NA;NA;NA;NA;NA;NA;NA;NA;NA;36;222
2022-01-28;"0-60";12;12;12;12;12;12;12;12;12;12;12;12;113;113;113;113;113;113;113;113;113;113;113;113;1;1;1;1;1;1;1;1;1;1;1;12;113
2022-01-28;"60+";14;14;14;14;14;14;14;14;14;14;14;14;107;107;107;107;107;107;107;107;107;107;107;107;1;1;1;1;1;1;1;1;1;1;1;14;106
2022-01-28;"alle";26;26;26;26;26;26;26;26;26;26;26;26;220;220;220;220;220;220;220;220;220;220;220;220;NA;NA;NA;NA;NA;NA;NA;NA;NA;NA;NA;26;219
2022-01-27;"0-60";24;24;24;24;24;24;24;24;24;24;24;24;117;117;117;117;117;117;117;117;117;117;117;117;1;1;1;1;1;1;1;1;1;1;1;24;117
2022-01-27;"60+";18;18;18;18;18;18;18;18;18;18;18;18;108;108;108;108;108;108;108;108;108;108;108;108;1;1;1;1;1;1;1;1;1;1;1;17;107
2022-01-27;"alle";42;42;42;42;42;42;42;42;42;42;42;42;225;225;225;225;225;225;225;225;225;225;225;225;NA;NA;NA;NA;NA;NA;NA;NA;NA;NA;NA;41;224
2022-01-26;"0-60";20;20;20;20;20;20;20;20;20;20;20;20;108;108;108;108;108;108;108;108;108;108;108;108;1;1;1;1;1;1;1;1;1;1;1;20;108
2022-01-26;"60+";23;23;23;23;23;23;23;23;23;23;23;23;110;110;110;110;110;110;110;110;110;110;110;110;1;1;1;1;1;1;1;1;1;1;1;23;109
2022-01-26;"alle";43;43;43;43;43;43;43;43;43;43;43;43;218;218;218;218;218;218;218;218;218;218;218;218;NA;NA;NA;NA;NA;NA;NA;NA;NA;NA;NA;43;217
2022-01-25;"0-60";20;20;20;20;20;20;20;20;20;20;20;20;113;113;113;113;113;113;113;113;113;113;113;113;1;1;1;1;1;1;1;1;1;1;1;20;113
2022-01-25;"60+";26;26;26;26;26;26;26;26;26;26;26;26;104;104;104;104;104;104;104;104;104;104;104;104;1;1;1;1;1;1;1;1;1;1;1;26;100
2022-01-25;"alle";46;46;46;46;46;46;46;46;46;46;46;46;217;217;217;217;217;217;217;217;217;217;217;217;NA;NA;NA;NA;NA;NA;NA;NA;NA;NA;NA;46;213
2022-01-24;"0-60";9;9;9;9;9;9;9;9;9;9;9;9;104;104;104;104;104;104;104;104;104;104;104;104;1;1;1;1;1;1;1;1;1;1;1;9;104
2022-01-24;"60+";4;4;4;4;4;4;4;4;4;4;4;4;102;102;102;102;102;102;102;102;102;102;102;102;1;1;1;1;1;1;1;1;1;1;1;4;97
2022-01-24;"alle";13;13;13;13;13;13;13;13;13;13;13;13;206;206;206;206;206;206;206;206;206;206;206;206;NA;NA;NA;NA;NA;NA;NA;NA;NA;NA;NA;13;201
2022-01-23;"0-60";7;7;7;7;7;7;7;7;7;7;7;7;99;99;99;99;99;99;99;99;99;99;99;99;1;1;1;1;1;1;1;1;1;1;1;7;99
2022-01-23;"60+";10;10;10;10;10;10;10;10;10;10;10;10;103;103;103;103;103;103;103;103;103;103;103;103;1;1;1;1;1;1;1;1;1;1;1;10;98
2022-01-23;"alle";17;17;17;17;17;17;17;17;17;17;17;17;202;202;202;202;202;202;202;202;202;202;202;202;NA;NA;NA;NA;NA;NA;NA;NA;NA;NA;NA;17;197
2022-01-22;"0-60";21;21;21;21;21;21;21;21;21;21;21;21;95;95;95;95;95;95;95;95;95;95;95;95;1;1;1;1;1;1;1;1;1;1;1;21;95
2022-01-22;"60+";12;12;12;12;12;12;12;12;12;12;12;12;97;97;97;97;97;97;97;97;97;97;97;97;1;1;1;1;1;1;1;1;1;1;1;12;92
2022-01-22;"alle";33;33;33;33;33;33;33;33;33;33;33;33;192;192;192;192;192;192;192;192;192;192;192;192;NA;NA;NA;NA;NA;NA;NA;NA;NA;NA;NA;33;187
2022-01-21;"0-60";16;16;16;16;16;16;16;16;16;16;16;16;85;85;85;85;85;85;85;85;85;85;85;85;1;1;1;1;1;1;1;1;1;1;1;16;84
2022-01-21;"60+";15;15;15;15;15;15;15;15;15;15;15;15;99;99;99;99;99;99;99;99;99;99;99;99;1;1;1;1;1;1;1;1;1;1;1;15;94
2022-01-21;"alle";31;31;31;31;31;31;31;31;31;31;31;31;184;184;184;184;184;184;184;184;184;184;184;184;NA;NA;NA;NA;NA;NA;NA;NA;NA;NA;NA;31;178
2022-01-20;"0-60";15;15;15;15;15;15;15;15;15;15;15;15;75;75;75;75;75;75;75;75;75;75;75;75;1;1;1;1;1;1;1;1;1;1;1;15;73
2022-01-20;"60+";20;20;20;20;20;20;20;20;20;20;20;20;99;99;99;99;99;99;99;99;99;99;99;99;1;1;1;1;1;1;1;1;1;1;1;19;92
2022-01-20;"alle";35;35;35;35;35;35;35;35;35;35;35;35;174;174;174;174;174;174;174;174;174;174;174;174;NA;NA;NA;NA;NA;NA;NA;NA;NA;NA;NA;34;165
2022-01-19;"0-60";25;25;25;25;25;25;25;25;25;25;25;25;65;65;65;65;65;65;65;65;65;65;65;65;1;1;1;1;1;1;1;1;1;1;1;25;62
2022-01-19;"60+";17;17;17;17;17;17;17;17;17;17;17;17;100;100;100;100;100;100;100;100;100;100;100;100;1;1;1;1;1;1;1;1;1;1;1;14;94
2022-01-19;"alle";42;42;42;42;42;42;42;42;42;42;42;42;165;165;165;165;165;165;165;165;165;165;165;165;NA;NA;NA;NA;NA;NA;NA;NA;NA;NA;NA;39;156
2022-01-18;"0-60";11;11;11;11;11;11;11;11;11;11;11;11;51;51;51;51;51;51;51;51;51;51;51;51;1;1;1;1;1;1;1;1;1;1;1;11;47
2022-01-18;"60+";24;24;24;24;24;24;24;24;24;24;24;24;103;103;103;103;103;103;103;103;103;103;103;103;1;1;1;1;1;1;1;1;1;1;1;23;98
2022-01-18;"alle";35;35;35;35;35;35;35;35;35;35;35;35;154;154;154;154;154;154;154;154;154;154;154;154;NA;NA;NA;NA;NA;NA;NA;NA;NA;NA;NA;34;145
2022-01-17;"0-60";4;4;4;4;4;4;4;4;4;4;4;4;53;53;53;53;53;53;53;53;53;53;53;53;1;1;1;1;1;1;1;1;1;1;1;4;48
2022-01-17;"60+";5;5;5;5;5;5;5;5;5;5;5;5;115;115;115;115;115;115;115;115;115;115;115;115;1;1;1;1;1;1;1;1;1;1;1;5;109
2022-01-17;"alle";9;9;9;9;9;9;9;9;9;9;9;9;168;168;168;168;168;168;168;168;168;168;168;168;NA;NA;NA;NA;NA;NA;NA;NA;NA;NA;NA;9;157
2022-01-16;"0-60";3;3;3;3;3;3;3;3;3;3;3;3;55;55;55;55;55;55;55;55;55;55;55;55;1;1;1;1;1;1;1;1;1;1;1;3;50
2022-01-16;"60+";4;4;4;4;4;4;4;4;4;4;4;4;121;121;121;121;121;121;121;121;121;121;121;121;1;1;1;1;1;1;1;1;1;1;1;4;113
2022-01-16;"alle";7;7;7;7;7;7;7;7;7;7;7;7;176;176;176;176;176;176;176;176;176;176;176;176;NA;NA;NA;NA;NA;NA;NA;NA;NA;NA;NA;7;164
2022-01-15;"0-60";11;11;11;11;11;11;11;11;11;11;11;11;58;58;58;58;58;58;58;58;58;58;58;58;1;1;1;1;1;1;1;1;1;1;1;10;52
2022-01-15;"60+";14;14;14;14;14;14;14;14;14;14;14;14;130;130;130;130;130;130;130;130;130;130;130;130;1;1;1;1;1;1;1;1;1;1;1;14;122
2022-01-15;"alle";25;25;25;25;25;25;25;25;25;25;25;25;188;188;188;188;188;188;188;188;188;188;188;188;NA;NA;NA;NA;NA;NA;NA;NA;NA;NA;NA;24;175
2022-01-14;"0-60";6;6;6;6;6;6;6;6;6;6;6;6;53;53;53;53;53;53;53;53;53;53;53;53;1;1;1;1;1;1;1;1;1;1;1;5;47
2022-01-14;"60+";15;15;15;15;15;15;15;15;15;15;15;15;140;140;140;140;140;140;140;140;140;140;140;140;1;1;1;1;1;1;1;1;1;1;1;13;130
2022-01-14;"alle";21;21;21;21;21;21;21;21;21;21;21;21;193;193;193;193;193;193;193;193;193;193;193;193;NA;NA;NA;NA;NA;NA;NA;NA;NA;NA;NA;18;178
2022-01-13;"0-60";5;5;5;5;5;5;5;5;5;5;5;5;62;62;62;62;62;62;62;62;62;62;62;62;1;1;1;1;1;1;1;1;1;1;1;4;57
2022-01-13;"60+";21;21;21;21;21;21;21;21;21;21;21;21;163;163;163;163;163;163;163;163;163;163;163;163;1;1;1;1;1;1;1;1;1;1;1;21;150
2022-01-13;"alle";26;26;26;26;26;26;26;26;26;26;26;26;225;225;225;225;225;225;225;225;225;225;225;225;NA;NA;NA;NA;NA;NA;NA;NA;NA;NA;NA;25;208
2022-01-12;"0-60";11;11;11;11;11;11;11;11;11;11;11;11;74;74;74;74;74;74;74;74;74;74;74;74;1;1;1;1;1;1;1;1;1;1;1;10;67
2022-01-12;"60+";20;20;20;20;20;20;20;20;20;20;20;20;188;188;188;188;188;188;188;188;188;188;188;188;1;1;1;1;1;1;1;1;1;1;1;18;169
2022-01-12;"alle";31;31;31;31;31;31;31;31;31;31;31;31;262;262;262;262;262;262;262;262;262;262;262;262;NA;NA;NA;NA;NA;NA;NA;NA;NA;NA;NA;28;237
2022-01-11;"0-60";13;13;13;13;13;13;13;13;13;13;13;13;90;90;90;90;90;90;90;90;90;90;90;90;1;1;1;1;1;1;1;1;1;1;1;12;81
2022-01-11;"60+";36;36;36;36;36;36;36;36;36;36;36;36;223;223;223;223;223;223;223;223;223;223;223;223;1;1;1;1;1;1;1;1;1;1;1;34;202
2022-01-11;"alle";49;49;49;49;49;49;49;49;49;49;49;49;313;313;313;313;313;313;313;313;313;313;313;313;NA;NA;NA;NA;NA;NA;NA;NA;NA;NA;NA;46;284
2022-01-10;"0-60";6;6;6;6;6;6;6;6;6;6;6;6;113;113;113;113;113;113;113;113;113;113;113;113;1;1;1;1;1;1;1;1;1;1;1;6;99
2022-01-10;"60+";11;11;11;11;11;11;11;11;11;11;11;11;261;261;261;261;261;261;261;261;261;261;261;261;1;1;1;1;1;1;1;1;1;1;1;9;232
2022-01-10;"alle";17;17;17;17;17;17;17;17;17;17;17;17;374;374;374;374;374;374;374;374;374;374;374;374;NA;NA;NA;NA;NA;NA;NA;NA;NA;NA;NA;16;332
2022-01-09;"0-60";6;6;6;6;6;6;6;6;6;6;6;6;117;117;117;117;117;117;117;117;117;117;117;117;1;1;1;1;1;1;1;1;1;1;1;5;103
2022-01-09;"60+";13;13;13;13;13;13;13;13;13;13;13;13;265;265;265;265;265;265;265;265;265;265;265;265;1;1;1;1;1;1;1;1;1;1;1;13;237
2022-01-09;"alle";19;19;19;19;19;19;19;19;19;19;19;19;382;382;382;382;382;382;382;382;382;382;382;382;NA;NA;NA;NA;NA;NA;NA;NA;NA;NA;NA;18;340
2022-01-08;"0-60";6;6;6;6;6;6;6;6;6;6;6;6;123;123;123;123;123;123;123;123;123;123;123;123;1;1;1;1;1;1;1;1;1;1;1;5;110
2022-01-08;"60+";24;24;24;24;24;24;24;24;24;24;24;24;269;269;269;269;269;269;269;269;269;269;269;269;1;1;1;1;1;1;1;1;1;1;1;22;241
2022-01-08;"alle";30;30;30;30;30;30;30;30;30;30;30;30;392;392;392;392;392;392;392;392;392;392;392;392;NA;NA;NA;NA;NA;NA;NA;NA;NA;NA;NA;27;351
2022-01-07;"0-60";15;15;15;15;15;15;15;15;15;15;15;15;126;126;126;126;126;126;126;126;126;126;126;126;1;1;1;1;1;1;1;1;1;1;1;15;113
2022-01-07;"60+";38;38;38;38;38;38;38;38;38;38;38;38;272;272;272;272;272;272;272;272;272;272;272;272;1;1;1;1;1;1;1;1;1;1;1;33;242
2022-01-07;"alle";53;53;53;53;53;53;53;53;53;53;53;53;398;398;398;398;398;398;398;398;398;398;398;398;NA;NA;NA;NA;NA;NA;NA;NA;NA;NA;NA;48;355
2022-01-06;"0-60";17;17;17;17;17;17;17;17;17;17;17;17;129;129;129;129;129;129;129;129;129;129;129;129;1;1;1;1;1;1;1;1;1;1;1;14;115
2022-01-06;"60+";46;46;46;46;46;46;46;46;46;46;46;46;280;280;280;280;280;280;280;280;280;280;280;280;1;1;1;1;1;1;1;1;1;1;1;40;254
2022-01-06;"alle";63;63;63;63;63;63;63;63;63;63;63;63;409;409;409;409;409;409;409;409;409;409;409;409;NA;NA;NA;NA;NA;NA;NA;NA;NA;NA;NA;54;369
2022-01-05;"0-60";27;27;27;27;27;27;27;27;27;27;27;27;131;131;131;131;131;131;131;131;131;131;131;131;1;1;1;1;1;1;1;1;1;1;1;24;119
2022-01-05;"60+";55;55;55;55;55;55;55;55;55;55;55;55;278;278;278;278;278;278;278;278;278;278;278;278;1;1;1;1;1;1;1;1;1;1;1;51;256
2022-01-05;"alle";82;82;82;82;82;82;82;82;82;82;82;82;409;409;409;409;409;409;409;409;409;409;409;409;NA;NA;NA;NA;NA;NA;NA;NA;NA;NA;NA;75;375
2022-01-04;"0-60";36;36;36;36;36;36;36;36;36;36;36;36;129;129;129;129;129;129;129;129;129;129;129;129;1;1;1;1;1;1;1;1;1;1;1;30;116
2022-01-04;"60+";74;74;74;74;74;74;74;74;74;74;74;74;290;290;290;290;290;290;290;290;290;290;290;290;1;1;1;1;1;1;1;1;1;1;1;64;267
2022-01-04;"alle";110;110;110;110;110;110;110;110;110;110;110;110;419;419;419;419;419;419;419;419;419;419;419;419;NA;NA;NA;NA;NA;NA;NA;NA;NA;NA;NA;94;383
2022-01-03;"0-60";10;10;10;10;10;10;10;10;10;10;10;10;125;125;125;125;125;125;125;125;125;125;125;125;1;1;1;1;1;1;1;1;1;1;1;10;116
2022-01-03;"60+";15;15;15;15;15;15;15;15;15;15;15;15;279;279;279;279;279;279;279;279;279;279;279;279;1;1;1;1;1;1;1;1;1;1;1;14;264
2022-01-03;"alle";25;25;25;25;25;25;25;25;25;25;25;25;404;404;404;404;404;404;404;404;404;404;404;404;NA;NA;NA;NA;NA;NA;NA;NA;NA;NA;NA;24;380
2022-01-02;"0-60";12;12;12;12;12;12;12;12;12;12;12;12;125;125;125;125;125;125;125;125;125;125;125;125;1;1;1;1;1;1;1;1;1;1;1;12;114
2022-01-02;"60+";17;17;17;17;17;17;17;17;17;17;17;17;293;293;293;293;293;293;293;293;293;293;293;293;1;1;1;1;1;1;1;1;1;1;1;17;278
2022-01-02;"alle";29;29;29;29;29;29;29;29;29;29;29;29;418;418;418;418;418;418;418;418;418;418;418;418;NA;NA;NA;NA;NA;NA;NA;NA;NA;NA;NA;29;392
2022-01-01;"0-60";9;9;9;9;9;9;9;9;9;9;9;9;123;123;123;123;123;123;123;123;123;123;123;123;1;1;1;1;1;1;1;1;1;1;1;8;112
2022-01-01;"60+";27;27;27;27;27;27;27;27;27;27;27;27;292;292;292;292;292;292;292;292;292;292;292;292;1;1;1;1;1;1;1;1;1;1;1;23;276
2022-01-01;"alle";36;36;36;36;36;36;36;36;36;36;36;36;415;415;415;415;415;415;415;415;415;415;415;415;NA;NA;NA;NA;NA;NA;NA;NA;NA;NA;NA;31;388
2021-12-31;"0-60";18;18;18;18;18;18;18;18;18;18;18;18;126;126;126;126;126;126;126;126;126;126;126;126;1;1;1;1;1;1;1;1;1;1;1;17;116
2021-12-31;"60+";46;46;46;46;46;46;46;46;46;46;46;46;289;289;289;289;289;289;289;289;289;289;289;289;1;1;1;1;1;1;1;1;1;1;1;45;273
2021-12-31;"alle";64;64;64;64;64;64;64;64;64;64;64;64;415;415;415;415;415;415;415;415;415;415;415;415;NA;NA;NA;NA;NA;NA;NA;NA;NA;NA;NA;62;389
2021-12-30;"0-60";19;19;19;19;19;19;19;19;19;19;19;19;134;134;134;134;134;134;134;134;134;134;134;134;1;1;1;1;1;1;1;1;1;1;1;18;124
2021-12-30;"60+";44;44;44;44;44;44;44;44;44;44;44;44;293;293;293;293;293;293;293;293;293;293;293;293;1;1;1;1;1;1;1;1;1;1;1;42;275
2021-12-30;"alle";63;63;63;63;63;63;63;63;63;63;63;63;427;427;427;427;427;427;427;427;427;427;427;427;NA;NA;NA;NA;NA;NA;NA;NA;NA;NA;NA;60;400
2021-12-29;"0-60";25;25;25;25;25;25;25;25;25;25;25;25;148;148;148;148;148;148;148;148;148;148;148;148;1;1;1;1;1;1;1;1;1;1;1;21;136
2021-12-29;"60+";67;67;67;67;67;67;67;67;67;67;67;67;316;316;316;316;316;316;316;316;316;316;316;316;1;1;1;1;1;1;1;1;1;1;1;62;296
2021-12-29;"alle";92;92;92;92;92;92;92;92;92;92;92;92;464;464;464;464;464;464;464;464;464;464;464;464;NA;NA;NA;NA;NA;NA;NA;NA;NA;NA;NA;83;434
2021-12-28;"0-60";32;32;32;32;32;32;32;32;32;32;32;32;161;161;161;161;161;161;161;161;161;161;161;161;1;1;1;1;1;1;1;1;1;1;1;30;149
2021-12-28;"60+";63;63;63;63;63;63;63;63;63;63;63;63;364;364;364;364;364;364;364;364;364;364;364;364;1;1;1;1;1;1;1;1;1;1;1;61;343
2021-12-28;"alle";95;95;95;95;95;95;95;95;95;95;95;95;525;525;525;525;525;525;525;525;525;525;525;525;NA;NA;NA;NA;NA;NA;NA;NA;NA;NA;NA;91;494
2021-12-27;"0-60";10;10;10;10;10;10;10;10;10;10;10;10;166;166;166;166;166;166;166;166;166;166;166;166;1;1;1;1;1;1;1;1;1;1;1;8;154
2021-12-27;"60+";29;29;29;29;29;29;29;29;29;29;29;29;378;378;378;378;378;378;378;378;378;378;378;378;1;1;1;1;1;1;1;1;1;1;1;28;359
2021-12-27;"alle";39;39;39;39;39;39;39;39;39;39;39;39;544;544;544;544;544;544;544;544;544;544;544;544;NA;NA;NA;NA;NA;NA;NA;NA;NA;NA;NA;36;515
2021-12-26;"0-60";10;10;10;10;10;10;10;10;10;10;10;10;167;167;167;167;167;167;167;167;167;167;167;167;1;1;1;1;1;1;1;1;1;1;1;10;157
2021-12-26;"60+";16;16;16;16;16;16;16;16;16;16;16;16;379;379;379;379;379;379;379;379;379;379;379;379;1;1;1;1;1;1;1;1;1;1;1;15;360
2021-12-26;"alle";26;26;26;26;26;26;26;26;26;26;26;26;546;546;546;546;546;546;546;546;546;546;546;546;NA;NA;NA;NA;NA;NA;NA;NA;NA;NA;NA;25;520
2021-12-25;"0-60";12;12;12;12;12;12;12;12;12;12;12;12;179;179;179;179;179;179;179;179;179;179;179;179;1;1;1;1;1;1;1;1;1;1;1;12;168
2021-12-25;"60+";24;24;24;24;24;24;24;24;24;24;24;24;399;399;399;399;399;399;399;399;399;399;399;399;1;1;1;1;1;1;1;1;1;1;1;20;378
2021-12-25;"alle";36;36;36;36;36;36;36;36;36;36;36;36;578;578;578;578;578;578;578;578;578;578;578;578;NA;NA;NA;NA;NA;NA;NA;NA;NA;NA;NA;32;549
2021-12-24;"0-60";26;26;26;26;26;26;26;26;26;26;26;26;204;204;204;204;204;204;204;204;204;204;204;204;1;1;1;1;1;1;1;1;1;1;1;25;189
2021-12-24;"60+";50;50;50;50;50;50;50;50;50;50;50;50;450;450;450;450;450;450;450;450;450;450;450;450;1;1;1;1;1;1;1;1;1;1;1;47;432
2021-12-24;"alle";76;76;76;76;76;76;76;76;76;76;76;76;654;654;654;654;654;654;654;654;654;654;654;654;NA;NA;NA;NA;NA;NA;NA;NA;NA;NA;NA;73;624
2021-12-23;"0-60";33;33;33;33;33;33;33;33;33;33;33;33;207;207;207;207;207;207;207;207;207;207;207;207;1;1;1;1;1;1;1;1;1;1;1;30;188
2021-12-23;"60+";67;67;67;67;67;67;67;67;67;67;67;67;470;470;470;470;470;470;470;470;470;470;470;470;1;1;1;1;1;1;1;1;1;1;1;63;448
2021-12-23;"alle";100;100;100;100;100;100;100;100;100;100;100;100;677;677;677;677;677;677;677;677;677;677;677;677;NA;NA;NA;NA;NA;NA;NA;NA;NA;NA;NA;94;638
2021-12-22;"0-60";38;38;38;38;38;38;38;38;38;38;38;38;202;202;202;202;202;202;202;202;202;202;202;202;1;1;1;1;1;1;1;1;1;1;1;34;184
2021-12-22;"60+";115;115;115;115;115;115;115;115;115;115;115;115;525;525;525;525;525;525;525;525;525;525;525;525;1;1;1;1;1;1;1;1;1;1;1;109;499
2021-12-22;"alle";153;153;153;153;153;153;153;153;153;153;153;153;727;727;727;727;727;727;727;727;727;727;727;727;NA;NA;NA;NA;NA;NA;NA;NA;NA;NA;NA;143;684
2021-12-21;"0-60";37;37;37;37;37;37;37;37;37;37;37;37;219;219;219;219;219;219;219;219;219;219;219;219;1;1;1;1;1;1;1;1;1;1;1;35;200
2021-12-21;"60+";77;77;77;77;77;77;77;77;77;77;77;77;529;529;529;529;529;529;529;529;529;529;529;529;1;1;1;1;1;1;1;1;1;1;1;77;503
2021-12-21;"alle";114;114;114;114;114;114;114;114;114;114;114;114;748;748;748;748;748;748;748;748;748;748;748;748;NA;NA;NA;NA;NA;NA;NA;NA;NA;NA;NA;112;704
2021-12-20;"0-60";11;11;11;11;11;11;11;11;11;11;11;11;227;227;227;227;227;227;227;227;227;227;227;227;1;1;1;1;1;1;1;1;1;1;1;11;205
2021-12-20;"60+";30;30;30;30;30;30;30;30;30;30;30;30;550;550;550;550;550;550;550;550;550;550;550;550;1;1;1;1;1;1;1;1;1;1;1;29;516
2021-12-20;"alle";41;41;41;41;41;41;41;41;41;41;41;41;777;777;777;777;777;777;777;777;777;777;777;777;NA;NA;NA;NA;NA;NA;NA;NA;NA;NA;NA;41;722
2021-12-19;"0-60";22;22;22;22;22;22;22;22;22;22;22;22;232;232;232;232;232;232;232;232;232;232;232;232;1;1;1;1;1;1;1;1;1;1;1;21;209
2021-12-19;"60+";36;36;36;36;36;36;36;36;36;36;36;36;556;556;556;556;556;556;556;556;556;556;556;556;1;1;1;1;1;1;1;1;1;1;1;33;520
2021-12-19;"alle";58;58;58;58;58;58;58;58;58;58;58;58;788;788;788;788;788;788;788;788;788;788;788;788;NA;NA;NA;NA;NA;NA;NA;NA;NA;NA;NA;54;729
2021-12-18;"0-60";37;37;37;37;37;37;37;37;37;37;37;37;238;238;238;238;238;238;238;238;238;238;238;238;1;1;1;1;1;1;1;1;1;1;1;33;214
2021-12-18;"60+";75;75;75;75;75;75;75;75;75;75;75;75;578;578;578;578;578;578;578;578;578;578;578;578;1;1;1;1;1;1;1;1;1;1;1;74;542
2021-12-18;"alle";112;112;112;112;112;112;112;112;112;112;112;112;816;816;816;816;816;816;816;816;816;816;816;816;NA;NA;NA;NA;NA;NA;NA;NA;NA;NA;NA;107;756
2021-12-17;"0-60";29;29;29;29;29;29;29;29;29;29;29;29;254;254;254;254;254;254;254;254;254;254;254;254;1;1;1;1;1;1;1;1;1;1;1;24;229
2021-12-17;"60+";70;70;70;70;70;70;70;70;70;70;70;70;628;628;628;628;628;628;628;628;628;628;628;628;1;1;1;1;1;1;1;1;1;1;1;63;581
2021-12-17;"alle";99;99;99;99;99;99;99;99;99;99;99;99;882;882;882;882;882;882;882;882;882;882;882;882;NA;NA;NA;NA;NA;NA;NA;NA;NA;NA;NA;87;811
2021-12-16;"0-60";28;28;28;28;28;28;28;28;28;28;28;28;277;277;277;277;277;277;277;277;277;277;277;277;1;1;1;1;1;1;1;1;1;1;1;26;250
2021-12-16;"60+";122;122;122;122;122;122;122;122;122;122;122;122;658;658;658;658;658;658;658;658;658;658;658;658;1;1;1;1;1;1;1;1;1;1;1;114;608
2021-12-16;"alle";150;150;150;150;150;150;150;150;150;150;150;150;935;935;935;935;935;935;935;935;935;935;935;935;NA;NA;NA;NA;NA;NA;NA;NA;NA;NA;NA;140;859
2021-12-15;"0-60";55;55;55;55;55;55;55;55;55;55;55;55;293;293;293;293;293;293;293;293;293;293;293;293;1;1;1;1;1;1;1;1;1;1;1;50;259
2021-12-15;"60+";119;119;119;119;119;119;119;119;119;119;119;119;640;640;640;640;640;640;640;640;640;640;640;640;1;1;1;1;1;1;1;1;1;1;1;113;590
2021-12-15;"alle";174;174;174;174;174;174;174;174;174;174;174;174;933;933;933;933;933;933;933;933;933;933;933;933;NA;NA;NA;NA;NA;NA;NA;NA;NA;NA;NA;163;850
2021-12-14;"0-60";45;45;45;45;45;45;45;45;45;45;45;45;287;287;287;287;287;287;287;287;287;287;287;287;1;1;1;1;1;1;1;1;1;1;1;40;257
2021-12-14;"60+";98;98;98;98;98;98;98;98;98;98;98;98;641;641;641;641;641;641;641;641;641;641;641;641;1;1;1;1;1;1;1;1;1;1;1;90;591
2021-12-14;"alle";143;143;143;143;143;143;143;143;143;143;143;143;928;928;928;928;928;928;928;928;928;928;928;928;NA;NA;NA;NA;NA;NA;NA;NA;NA;NA;NA;130;849
2021-12-13;"0-60";16;16;16;16;16;16;16;16;16;16;16;16;305;305;305;305;305;305;305;305;305;305;305;305;1;1;1;1;1;1;1;1;1;1;1;15;275
2021-12-13;"60+";36;36;36;36;36;36;36;36;36;36;36;36;694;694;694;694;694;694;694;694;694;694;694;694;1;1;1;1;1;1;1;1;1;1;1;33;633
2021-12-13;"alle";52;52;52;52;52;52;52;52;52;52;52;52;999;999;999;999;999;999;999;999;999;999;999;999;NA;NA;NA;NA;NA;NA;NA;NA;NA;NA;NA;48;909
2021-12-12;"0-60";28;28;28;28;28;28;28;28;28;28;28;28;306;306;306;306;306;306;306;306;306;306;306;306;1;1;1;1;1;1;1;1;1;1;1;26;273
2021-12-12;"60+";58;58;58;58;58;58;58;58;58;58;58;58;726;726;726;726;726;726;726;726;726;726;726;726;1;1;1;1;1;1;1;1;1;1;1;55;658
2021-12-12;"alle";86;86;86;86;86;86;86;86;86;86;86;86;1032;1032;1032;1032;1032;1032;1032;1032;1032;1032;1032;1032;NA;NA;NA;NA;NA;NA;NA;NA;NA;NA;NA;81;934
2021-12-11;"0-60";53;53;53;53;53;53;53;53;53;53;53;53;308;308;308;308;308;308;308;308;308;308;308;308;1;1;1;1;1;1;1;1;1;1;1;48;276
2021-12-11;"60+";125;125;125;125;125;125;125;125;125;125;125;125;727;727;727;727;727;727;727;727;727;727;727;727;1;1;1;1;1;1;1;1;1;1;1;113;655
2021-12-11;"alle";178;178;178;178;178;178;178;178;178;178;178;178;1035;1035;1035;1035;1035;1035;1035;1035;1035;1035;1035;1035;NA;NA;NA;NA;NA;NA;NA;NA;NA;NA;NA;162;934
2021-12-10;"0-60";52;52;52;52;52;52;52;52;52;52;52;52;311;311;311;311;311;311;311;311;311;311;311;311;1;1;1;1;1;1;1;1;1;1;1;45;280
2021-12-10;"60+";100;100;100;100;100;100;100;100;100;100;100;100;741;741;741;741;741;741;741;741;741;741;741;741;1;1;1;1;1;1;1;1;1;1;1;90;662
2021-12-10;"alle";152;152;152;152;152;152;152;152;152;152;152;152;1052;1052;1052;1052;1052;1052;1052;1052;1052;1052;1052;1052;NA;NA;NA;NA;NA;NA;NA;NA;NA;NA;NA;135;944
2021-12-09;"0-60";44;44;44;44;44;44;44;44;44;44;44;44;305;305;305;305;305;305;305;305;305;305;305;305;1;1;1;1;1;1;1;1;1;1;1;35;275
2021-12-09;"60+";104;104;104;104;104;104;104;104;104;104;104;104;744;744;744;744;744;744;744;744;744;744;744;744;1;1;1;1;1;1;1;1;1;1;1;96;666
2021-12-09;"alle";148;148;148;148;148;148;148;148;148;148;148;148;1049;1049;1049;1049;1049;1049;1049;1049;1049;1049;1049;1049;NA;NA;NA;NA;NA;NA;NA;NA;NA;NA;NA;131;944
2021-12-08;"0-60";49;49;49;49;49;49;49;49;49;49;49;49;314;314;314;314;314;314;314;314;314;314;314;314;1;1;1;1;1;1;1;1;1;1;1;48;287
2021-12-08;"60+";120;120;120;120;120;120;120;120;120;120;120;120;752;752;752;752;752;752;752;752;752;752;752;752;1;1;1;1;1;1;1;1;1;1;1;114;674
2021-12-08;"alle";169;169;169;169;169;169;169;169;169;169;169;169;1066;1066;1066;1066;1066;1066;1066;1066;1066;1066;1066;1066;NA;NA;NA;NA;NA;NA;NA;NA;NA;NA;NA;162;964
2021-12-07;"0-60";63;63;63;63;63;63;63;63;63;63;63;63;306;306;306;306;306;306;306;306;306;306;306;306;1;1;1;1;1;1;1;1;1;1;1;58;276
2021-12-07;"60+";151;151;151;151;151;151;151;151;151;151;151;151;745;745;745;745;745;745;745;745;745;745;745;745;1;1;1;1;1;1;1;1;1;1;1;132;666
2021-12-07;"alle";214;214;214;214;214;214;214;214;214;214;214;214;1051;1051;1051;1051;1051;1051;1051;1051;1051;1051;1051;1051;NA;NA;NA;NA;NA;NA;NA;NA;NA;NA;NA;190;945
2021-12-06;"0-60";17;17;17;17;17;17;17;17;17;17;17;17;292;292;292;292;292;292;292;292;292;292;292;292;1;1;1;1;1;1;1;1;1;1;1;13;262
2021-12-06;"60+";68;68;68;68;68;68;68;68;68;68;68;68;701;701;701;701;701;701;701;701;701;701;701;701;1;1;1;1;1;1;1;1;1;1;1;58;632
2021-12-06;"alle";85;85;85;85;85;85;85;85;85;85;85;85;993;993;993;993;993;993;993;993;993;993;993;993;NA;NA;NA;NA;NA;NA;NA;NA;NA;NA;NA;73;897
2021-12-05;"0-60";30;30;30;30;30;30;30;30;30;30;30;30;294;294;294;294;294;294;294;294;294;294;294;294;1;1;1;1;1;1;1;1;1;1;1;29;263
2021-12-05;"60+";59;59;59;59;59;59;59;59;59;59;59;59;689;689;689;689;689;689;689;689;689;689;689;689;1;1;1;1;1;1;1;1;1;1;1;52;624
2021-12-05;"alle";89;89;89;89;89;89;89;89;89;89;89;89;983;983;983;983;983;983;983;983;983;983;983;983;NA;NA;NA;NA;NA;NA;NA;NA;NA;NA;NA;81;888
2021-12-04;"0-60";56;56;56;56;56;56;56;56;56;56;56;56;286;286;286;286;286;286;286;286;286;286;286;286;1;1;1;1;1;1;1;1;1;1;1;52;248
2021-12-04;"60+";139;139;139;139;139;139;139;139;139;139;139;139;700;700;700;700;700;700;700;700;700;700;700;700;1;1;1;1;1;1;1;1;1;1;1;120;626
2021-12-04;"alle";195;195;195;195;195;195;195;195;195;195;195;195;986;986;986;986;986;986;986;986;986;986;986;986;NA;NA;NA;NA;NA;NA;NA;NA;NA;NA;NA;172;875
2021-12-03;"0-60";46;46;46;46;46;46;46;46;46;46;46;46;274;274;274;274;274;274;274;274;274;274;274;274;1;1;1;1;1;1;1;1;1;1;1;40;231
2021-12-03;"60+";103;103;103;103;103;103;103;103;103;103;103;103;686;686;686;686;686;686;686;686;686;686;686;686;1;1;1;1;1;1;1;1;1;1;1;94;616
2021-12-03;"alle";149;149;149;149;149;149;149;149;149;149;149;149;960;960;960;960;960;960;960;960;960;960;960;960;NA;NA;NA;NA;NA;NA;NA;NA;NA;NA;NA;135;848
2021-12-02;"0-60";53;53;53;53;53;53;53;53;53;53;53;53;286;286;286;286;286;286;286;286;286;286;286;286;1;1;1;1;1;1;1;1;1;1;1;47;244
2021-12-02;"60+";112;112;112;112;112;112;112;112;112;112;112;112;698;698;698;698;698;698;698;698;698;698;698;698;1;1;1;1;1;1;1;1;1;1;1;104;625
2021-12-02;"alle";165;165;165;165;165;165;165;165;165;165;165;165;984;984;984;984;984;984;984;984;984;984;984;984;NA;NA;NA;NA;NA;NA;NA;NA;NA;NA;NA;151;869
2021-12-01;"0-60";41;41;41;41;41;41;41;41;41;41;41;41;286;286;286;286;286;286;286;286;286;286;286;286;1;1;1;1;1;1;1;1;1;1;1;37;245
2021-12-01;"60+";113;113;113;113;113;113;113;113;113;113;113;113;696;696;696;696;696;696;696;696;696;696;696;696;1;1;1;1;1;1;1;1;1;1;1;106;616
2021-12-01;"alle";154;154;154;154;154;154;154;154;154;154;154;154;982;982;982;982;982;982;982;982;982;982;982;982;NA;NA;NA;NA;NA;NA;NA;NA;NA;NA;NA;143;861
2021-11-30;"0-60";49;49;49;49;49;49;49;49;49;49;49;49;307;307;307;307;307;307;307;307;307;307;307;307;1;1;1;1;1;1;1;1;1;1;1;44;258
2021-11-30;"60+";107;107;107;107;107;107;107;107;107;107;107;107;725;725;725;725;725;725;725;725;725;725;725;725;1;1;1;1;1;1;1;1;1;1;1;98;642
2021-11-30;"alle";156;156;156;156;156;156;156;156;156;156;156;156;1032;1032;1032;1032;1032;1032;1032;1032;1032;1032;1032;1032;NA;NA;NA;NA;NA;NA;NA;NA;NA;NA;NA;142;900
2021-11-29;"0-60";19;19;19;19;19;19;19;19;19;19;19;19;310;310;310;310;310;310;310;310;310;310;310;310;1;1;1;1;1;1;1;1;1;1;1;14;258
2021-11-29;"60+";56;56;56;56;56;56;56;56;56;56;56;56;756;756;756;756;756;756;756;756;756;756;756;756;1;1;1;1;1;1;1;1;1;1;1;50;673
2021-11-29;"alle";75;75;75;75;75;75;75;75;75;75;75;75;1066;1066;1066;1066;1066;1066;1066;1066;1066;1066;1066;1066;NA;NA;NA;NA;NA;NA;NA;NA;NA;NA;NA;64;931
2021-11-28;"0-60";22;22;22;22;22;22;22;22;22;22;22;22;314;314;314;314;314;314;314;314;314;314;314;314;1;1;1;1;1;1;1;1;1;1;1;14;265
2021-11-28;"60+";70;70;70;70;70;70;70;70;70;70;70;70;766;766;766;766;766;766;766;766;766;766;766;766;1;1;1;1;1;1;1;1;1;1;1;54;679
2021-11-28;"alle";92;92;92;92;92;92;92;92;92;92;92;92;1080;1080;1080;1080;1080;1080;1080;1080;1080;1080;1080;1080;NA;NA;NA;NA;NA;NA;NA;NA;NA;NA;NA;68;944
2021-11-27;"0-60";44;44;44;44;44;44;44;44;44;44;44;44;316;316;316;316;316;316;316;316;316;316;316;316;1;1;1;1;1;1;1;1;1;1;1;35;270
2021-11-27;"60+";125;125;125;125;125;125;125;125;125;125;125;125;768;768;768;768;768;768;768;768;768;768;768;768;1;1;1;1;1;1;1;1;1;1;1;110;691
2021-11-27;"alle";169;169;169;169;169;169;169;169;169;169;169;169;1084;1084;1084;1084;1084;1084;1084;1084;1084;1084;1084;1084;NA;NA;NA;NA;NA;NA;NA;NA;NA;NA;NA;145;961
2021-11-26;"0-60";58;58;58;58;58;58;58;58;58;58;58;58;318;318;318;318;318;318;318;318;318;318;318;318;1;1;1;1;1;1;1;1;1;1;1;53;276
2021-11-26;"60+";115;115;115;115;115;115;115;115;115;115;115;115;759;759;759;759;759;759;759;759;759;759;759;759;1;1;1;1;1;1;1;1;1;1;1;103;680
2021-11-26;"alle";173;173;173;173;173;173;173;173;173;173;173;173;1077;1077;1077;1077;1077;1077;1077;1077;1077;1077;1077;1077;NA;NA;NA;NA;NA;NA;NA;NA;NA;NA;NA;156;956
2021-11-25;"0-60";53;53;53;53;53;53;53;53;53;53;53;53;310;310;310;310;310;310;310;310;310;310;310;310;1;1;1;1;1;1;1;1;1;1;1;48;271
2021-11-25;"60+";110;110;110;110;110;110;110;110;110;110;110;110;755;755;755;755;755;755;755;755;755;755;755;755;1;1;1;1;1;1;1;1;1;1;1;95;683
2021-11-25;"alle";163;163;163;163;163;163;163;163;163;163;163;163;1065;1065;1065;1065;1065;1065;1065;1065;1065;1065;1065;1065;NA;NA;NA;NA;NA;NA;NA;NA;NA;NA;NA;143;954
2021-11-24;"0-60";62;62;62;62;62;62;62;62;62;62;62;62;293;293;293;293;293;293;293;293;293;293;293;293;1;1;1;1;1;1;1;1;1;1;1;50;254
2021-11-24;"60+";142;142;142;142;142;142;142;142;142;142;142;142;726;726;726;726;726;726;726;726;726;726;726;726;1;1;1;1;1;1;1;1;1;1;1;132;660
2021-11-24;"alle";204;204;204;204;204;204;204;204;204;204;204;204;1019;1019;1019;1019;1019;1019;1019;1019;1019;1019;1019;1019;NA;NA;NA;NA;NA;NA;NA;NA;NA;NA;NA;182;914
2021-11-23;"0-60";52;52;52;52;52;52;52;52;52;52;52;52;278;278;278;278;278;278;278;278;278;278;278;278;1;1;1;1;1;1;1;1;1;1;1;44;245
2021-11-23;"60+";138;138;138;138;138;138;138;138;138;138;138;138;705;705;705;705;705;705;705;705;705;705;705;705;1;1;1;1;1;1;1;1;1;1;1;129;644
2021-11-23;"alle";190;190;190;190;190;190;190;190;190;190;190;190;983;983;983;983;983;983;983;983;983;983;983;983;NA;NA;NA;NA;NA;NA;NA;NA;NA;NA;NA;173;889
2021-11-22;"0-60";23;23;23;23;23;23;23;23;23;23;23;23;265;265;265;265;265;265;265;265;265;265;265;265;1;1;1;1;1;1;1;1;1;1;1;21;237
2021-11-22;"60+";66;66;66;66;66;66;66;66;66;66;66;66;676;676;676;676;676;676;676;676;676;676;676;676;1;1;1;1;1;1;1;1;1;1;1;56;615
2021-11-22;"alle";89;89;89;89;89;89;89;89;89;89;89;89;941;941;941;941;941;941;941;941;941;941;941;941;NA;NA;NA;NA;NA;NA;NA;NA;NA;NA;NA;77;852
2021-11-21;"0-60";24;24;24;24;24;24;24;24;24;24;24;24;255;255;255;255;255;255;255;255;255;255;255;255;1;1;1;1;1;1;1;1;1;1;1;19;227
2021-11-21;"60+";72;72;72;72;72;72;72;72;72;72;72;72;654;654;654;654;654;654;654;654;654;654;654;654;1;1;1;1;1;1;1;1;1;1;1;66;598
2021-11-21;"alle";96;96;96;96;96;96;96;96;96;96;96;96;909;909;909;909;909;909;909;909;909;909;909;909;NA;NA;NA;NA;NA;NA;NA;NA;NA;NA;NA;85;825
2021-11-20;"0-60";46;46;46;46;46;46;46;46;46;46;46;46;253;253;253;253;253;253;253;253;253;253;253;253;1;1;1;1;1;1;1;1;1;1;1;41;226
2021-11-20;"60+";116;116;116;116;116;116;116;116;116;116;116;116;631;631;631;631;631;631;631;631;631;631;631;631;1;1;1;1;1;1;1;1;1;1;1;99;577
2021-11-20;"alle";162;162;162;162;162;162;162;162;162;162;162;162;884;884;884;884;884;884;884;884;884;884;884;884;NA;NA;NA;NA;NA;NA;NA;NA;NA;NA;NA;140;803
2021-11-19;"0-60";50;50;50;50;50;50;50;50;50;50;50;50;235;235;235;235;235;235;235;235;235;235;235;235;1;1;1;1;1;1;1;1;1;1;1;48;210
2021-11-19;"60+";111;111;111;111;111;111;111;111;111;111;111;111;610;610;610;610;610;610;610;610;610;610;610;610;1;1;1;1;1;1;1;1;1;1;1;106;566
2021-11-19;"alle";161;161;161;161;161;161;161;161;161;161;161;161;845;845;845;845;845;845;845;845;845;845;845;845;NA;NA;NA;NA;NA;NA;NA;NA;NA;NA;NA;154;776
2021-11-18;"0-60";36;36;36;36;36;36;36;36;36;36;36;36;223;223;223;223;223;223;223;223;223;223;223;223;1;1;1;1;1;1;1;1;1;1;1;31;197
2021-11-18;"60+";81;81;81;81;81;81;81;81;81;81;81;81;627;627;627;627;627;627;627;627;627;627;627;627;1;1;1;1;1;1;1;1;1;1;1;72;578
2021-11-18;"alle";117;117;117;117;117;117;117;117;117;117;117;117;850;850;850;850;850;850;850;850;850;850;850;850;NA;NA;NA;NA;NA;NA;NA;NA;NA;NA;NA;103;775
2021-11-17;"0-60";47;47;47;47;47;47;47;47;47;47;47;47;235;235;235;235;235;235;235;235;235;235;235;235;1;1;1;1;1;1;1;1;1;1;1;41;211
2021-11-17;"60+";121;121;121;121;121;121;121;121;121;121;121;121;657;657;657;657;657;657;657;657;657;657;657;657;1;1;1;1;1;1;1;1;1;1;1;116;609
2021-11-17;"alle";168;168;168;168;168;168;168;168;168;168;168;168;892;892;892;892;892;892;892;892;892;892;892;892;NA;NA;NA;NA;NA;NA;NA;NA;NA;NA;NA;157;821
2021-11-16;"0-60";39;39;39;39;39;39;39;39;39;39;39;39;240;240;240;240;240;240;240;240;240;240;240;240;1;1;1;1;1;1;1;1;1;1;1;36;219
2021-11-16;"60+";109;109;109;109;109;109;109;109;109;109;109;109;653;653;653;653;653;653;653;653;653;653;653;653;1;1;1;1;1;1;1;1;1;1;1;100;605
2021-11-16;"alle";148;148;148;148;148;148;148;148;148;148;148;148;893;893;893;893;893;893;893;893;893;893;893;893;NA;NA;NA;NA;NA;NA;NA;NA;NA;NA;NA;136;825
2021-11-15;"0-60";13;13;13;13;13;13;13;13;13;13;13;13;231;231;231;231;231;231;231;231;231;231;231;231;1;1;1;1;1;1;1;1;1;1;1;11;213
2021-11-15;"60+";44;44;44;44;44;44;44;44;44;44;44;44;639;639;639;639;639;639;639;639;639;639;639;639;1;1;1;1;1;1;1;1;1;1;1;39;597
2021-11-15;"alle";57;57;57;57;57;57;57;57;57;57;57;57;870;870;870;870;870;870;870;870;870;870;870;870;NA;NA;NA;NA;NA;NA;NA;NA;NA;NA;NA;50;811
2021-11-14;"0-60";22;22;22;22;22;22;22;22;22;22;22;22;228;228;228;228;228;228;228;228;228;228;228;228;1;1;1;1;1;1;1;1;1;1;1;18;210
2021-11-14;"60+";49;49;49;49;49;49;49;49;49;49;49;49;621;621;621;621;621;621;621;621;621;621;621;621;1;1;1;1;1;1;1;1;1;1;1;45;583
2021-11-14;"alle";71;71;71;71;71;71;71;71;71;71;71;71;849;849;849;849;849;849;849;849;849;849;849;849;NA;NA;NA;NA;NA;NA;NA;NA;NA;NA;NA;63;794
2021-11-13;"0-60";28;28;28;28;28;28;28;28;28;28;28;28;218;218;218;218;218;218;218;218;218;218;218;218;1;1;1;1;1;1;1;1;1;1;1;25;204
2021-11-13;"60+";95;95;95;95;95;95;95;95;95;95;95;95;631;631;631;631;631;631;631;631;631;631;631;631;1;1;1;1;1;1;1;1;1;1;1;88;592
2021-11-13;"alle";123;123;123;123;123;123;123;123;123;123;123;123;849;849;849;849;849;849;849;849;849;849;849;849;NA;NA;NA;NA;NA;NA;NA;NA;NA;NA;NA;113;797
2021-11-12;"0-60";38;38;38;38;38;38;38;38;38;38;38;38;223;223;223;223;223;223;223;223;223;223;223;223;1;1;1;1;1;1;1;1;1;1;1;35;206
2021-11-12;"60+";128;128;128;128;128;128;128;128;128;128;128;128;600;600;600;600;600;600;600;600;600;600;600;600;1;1;1;1;1;1;1;1;1;1;1;118;564
2021-11-12;"alle";166;166;166;166;166;166;166;166;166;166;166;166;823;823;823;823;823;823;823;823;823;823;823;823;NA;NA;NA;NA;NA;NA;NA;NA;NA;NA;NA;153;771
2021-11-11;"0-60";48;48;48;48;48;48;48;48;48;48;48;48;213;213;213;213;213;213;213;213;213;213;213;213;1;1;1;1;1;1;1;1;1;1;1;45;194
2021-11-11;"60+";111;111;111;111;111;111;111;111;111;111;111;111;574;574;574;574;574;574;574;574;574;574;574;574;1;1;1;1;1;1;1;1;1;1;1;103;542
2021-11-11;"alle";159;159;159;159;159;159;159;159;159;159;159;159;787;787;787;787;787;787;787;787;787;787;787;787;NA;NA;NA;NA;NA;NA;NA;NA;NA;NA;NA;149;737
2021-11-10;"0-60";52;52;52;52;52;52;52;52;52;52;52;52;198;198;198;198;198;198;198;198;198;198;198;198;1;1;1;1;1;1;1;1;1;1;1;49;180
2021-11-10;"60+";117;117;117;117;117;117;117;117;117;117;117;117;556;556;556;556;556;556;556;556;556;556;556;556;1;1;1;1;1;1;1;1;1;1;1;112;527
2021-11-10;"alle";169;169;169;169;169;169;169;169;169;169;169;169;754;754;754;754;754;754;754;754;754;754;754;754;NA;NA;NA;NA;NA;NA;NA;NA;NA;NA;NA;161;707
2021-11-09;"0-60";30;30;30;30;30;30;30;30;30;30;30;30;198;198;198;198;198;198;198;198;198;198;198;198;1;1;1;1;1;1;1;1;1;1;1;30;179
2021-11-09;"60+";95;95;95;95;95;95;95;95;95;95;95;95;556;556;556;556;556;556;556;556;556;556;556;556;1;1;1;1;1;1;1;1;1;1;1;92;528
2021-11-09;"alle";125;125;125;125;125;125;125;125;125;125;125;125;754;754;754;754;754;754;754;754;754;754;754;754;NA;NA;NA;NA;NA;NA;NA;NA;NA;NA;NA;122;707
2021-11-08;"0-60";10;10;10;10;10;10;10;10;10;10;10;10;188;188;188;188;188;188;188;188;188;188;188;188;1;1;1;1;1;1;1;1;1;1;1;8;168
2021-11-08;"60+";26;26;26;26;26;26;26;26;26;26;26;26;565;565;565;565;565;565;565;565;565;565;565;565;1;1;1;1;1;1;1;1;1;1;1;25;537
2021-11-08;"alle";36;36;36;36;36;36;36;36;36;36;36;36;753;753;753;753;753;753;753;753;753;753;753;753;NA;NA;NA;NA;NA;NA;NA;NA;NA;NA;NA;33;705
2021-11-07;"0-60";12;12;12;12;12;12;12;12;12;12;12;12;184;184;184;184;184;184;184;184;184;184;184;184;1;1;1;1;1;1;1;1;1;1;1;12;166
2021-11-07;"60+";59;59;59;59;59;59;59;59;59;59;59;59;561;561;561;561;561;561;561;561;561;561;561;561;1;1;1;1;1;1;1;1;1;1;1;54;534
2021-11-07;"alle";71;71;71;71;71;71;71;71;71;71;71;71;745;745;745;745;745;745;745;745;745;745;745;745;NA;NA;NA;NA;NA;NA;NA;NA;NA;NA;NA;66;700
2021-11-06;"0-60";33;33;33;33;33;33;33;33;33;33;33;33;190;190;190;190;190;190;190;190;190;190;190;190;1;1;1;1;1;1;1;1;1;1;1;27;170
2021-11-06;"60+";64;64;64;64;64;64;64;64;64;64;64;64;543;543;543;543;543;543;543;543;543;543;543;543;1;1;1;1;1;1;1;1;1;1;1;60;519
2021-11-06;"alle";97;97;97;97;97;97;97;97;97;97;97;97;733;733;733;733;733;733;733;733;733;733;733;733;NA;NA;NA;NA;NA;NA;NA;NA;NA;NA;NA;87;689
2021-11-05;"0-60";28;28;28;28;28;28;28;28;28;28;28;28;189;189;189;189;189;189;189;189;189;189;189;189;1;1;1;1;1;1;1;1;1;1;1;23;172
2021-11-05;"60+";102;102;102;102;102;102;102;102;102;102;102;102;528;528;528;528;528;528;528;528;528;528;528;528;1;1;1;1;1;1;1;1;1;1;1;96;505
2021-11-05;"alle";130;130;130;130;130;130;130;130;130;130;130;130;717;717;717;717;717;717;717;717;717;717;717;717;NA;NA;NA;NA;NA;NA;NA;NA;NA;NA;NA;119;677
2021-11-04;"0-60";33;33;33;33;33;33;33;33;33;33;33;33;184;184;184;184;184;184;184;184;184;184;184;184;1;1;1;1;1;1;1;1;1;1;1;31;169
2021-11-04;"60+";93;93;93;93;93;93;93;93;93;93;93;93;510;510;510;510;510;510;510;510;510;510;510;510;1;1;1;1;1;1;1;1;1;1;1;88;493
2021-11-04;"alle";126;126;126;126;126;126;126;126;126;126;126;126;694;694;694;694;694;694;694;694;694;694;694;694;NA;NA;NA;NA;NA;NA;NA;NA;NA;NA;NA;119;662
2021-11-03;"0-60";52;52;52;52;52;52;52;52;52;52;52;52;170;170;170;170;170;170;170;170;170;170;170;170;1;1;1;1;1;1;1;1;1;1;1;48;156
2021-11-03;"60+";117;117;117;117;117;117;117;117;117;117;117;117;488;488;488;488;488;488;488;488;488;488;488;488;1;1;1;1;1;1;1;1;1;1;1;113;476
2021-11-03;"alle";169;169;169;169;169;169;169;169;169;169;169;169;658;658;658;658;658;658;658;658;658;658;658;658;NA;NA;NA;NA;NA;NA;NA;NA;NA;NA;NA;161;632
2021-11-02;"0-60";20;20;20;20;20;20;20;20;20;20;20;20;147;147;147;147;147;147;147;147;147;147;147;147;1;1;1;1;1;1;1;1;1;1;1;19;135
2021-11-02;"60+";104;104;104;104;104;104;104;104;104;104;104;104;449;449;449;449;449;449;449;449;449;449;449;449;1;1;1;1;1;1;1;1;1;1;1;101;439
2021-11-02;"alle";124;124;124;124;124;124;124;124;124;124;124;124;596;596;596;596;596;596;596;596;596;596;596;596;NA;NA;NA;NA;NA;NA;NA;NA;NA;NA;NA;120;574
2021-11-01;"0-60";6;6;6;6;6;6;6;6;6;6;6;6;154;154;154;154;154;154;154;154;154;154;154;154;1;1;1;1;1;1;1;1;1;1;1;6;141
2021-11-01;"60+";22;22;22;22;22;22;22;22;22;22;22;22;410;410;410;410;410;410;410;410;410;410;410;410;1;1;1;1;1;1;1;1;1;1;1;22;401
2021-11-01;"alle";28;28;28;28;28;28;28;28;28;28;28;28;564;564;564;564;564;564;564;564;564;564;564;564;NA;NA;NA;NA;NA;NA;NA;NA;NA;NA;NA;28;542
2021-10-31;"0-60";18;18;18;18;18;18;18;18;18;18;18;18;156;156;156;156;156;156;156;156;156;156;156;156;1;1;1;1;1;1;1;1;1;1;1;16;142
2021-10-31;"60+";41;41;41;41;41;41;41;41;41;41;41;41;402;402;402;402;402;402;402;402;402;402;402;402;1;1;1;1;1;1;1;1;1;1;1;39;392
2021-10-31;"alle";59;59;59;59;59;59;59;59;59;59;59;59;558;558;558;558;558;558;558;558;558;558;558;558;NA;NA;NA;NA;NA;NA;NA;NA;NA;NA;NA;55;534
2021-10-30;"0-60";32;32;32;32;32;32;32;32;32;32;32;32;146;146;146;146;146;146;146;146;146;146;146;146;1;1;1;1;1;1;1;1;1;1;1;29;132
2021-10-30;"60+";49;49;49;49;49;49;49;49;49;49;49;49;386;386;386;386;386;386;386;386;386;386;386;386;1;1;1;1;1;1;1;1;1;1;1;46;378
2021-10-30;"alle";81;81;81;81;81;81;81;81;81;81;81;81;532;532;532;532;532;532;532;532;532;532;532;532;NA;NA;NA;NA;NA;NA;NA;NA;NA;NA;NA;75;510
2021-10-29;"0-60";23;23;23;23;23;23;23;23;23;23;23;23;128;128;128;128;128;128;128;128;128;128;128;128;1;1;1;1;1;1;1;1;1;1;1;20;117
2021-10-29;"60+";84;84;84;84;84;84;84;84;84;84;84;84;398;398;398;398;398;398;398;398;398;398;398;398;1;1;1;1;1;1;1;1;1;1;1;84;393
2021-10-29;"alle";107;107;107;107;107;107;107;107;107;107;107;107;526;526;526;526;526;526;526;526;526;526;526;526;NA;NA;NA;NA;NA;NA;NA;NA;NA;NA;NA;104;510
2021-10-28;"0-60";19;19;19;19;19;19;19;19;19;19;19;19;123;123;123;123;123;123;123;123;123;123;123;123;1;1;1;1;1;1;1;1;1;1;1;18;115
2021-10-28;"60+";71;71;71;71;71;71;71;71;71;71;71;71;363;363;363;363;363;363;363;363;363;363;363;363;1;1;1;1;1;1;1;1;1;1;1;71;358
2021-10-28;"alle";90;90;90;90;90;90;90;90;90;90;90;90;486;486;486;486;486;486;486;486;486;486;486;486;NA;NA;NA;NA;NA;NA;NA;NA;NA;NA;NA;89;473
2021-10-27;"0-60";29;29;29;29;29;29;29;29;29;29;29;29;116;116;116;116;116;116;116;116;116;116;116;116;1;1;1;1;1;1;1;1;1;1;1;27;109
2021-10-27;"60+";78;78;78;78;78;78;78;78;78;78;78;78;334;334;334;334;334;334;334;334;334;334;334;334;1;1;1;1;1;1;1;1;1;1;1;76;327
2021-10-27;"alle";107;107;107;107;107;107;107;107;107;107;107;107;450;450;450;450;450;450;450;450;450;450;450;450;NA;NA;NA;NA;NA;NA;NA;NA;NA;NA;NA;103;436
2021-10-26;"0-60";27;27;27;27;27;27;27;27;27;27;27;27;101;101;101;101;101;101;101;101;101;101;101;101;1;1;1;1;1;1;1;1;1;1;1;25;94
2021-10-26;"60+";65;65;65;65;65;65;65;65;65;65;65;65;290;290;290;290;290;290;290;290;290;290;290;290;1;1;1;1;1;1;1;1;1;1;1;63;285
2021-10-26;"alle";92;92;92;92;92;92;92;92;92;92;92;92;391;391;391;391;391;391;391;391;391;391;391;391;NA;NA;NA;NA;NA;NA;NA;NA;NA;NA;NA;88;379
2021-10-25;"0-60";8;8;8;8;8;8;8;8;8;8;8;8;97;97;97;97;97;97;97;97;97;97;97;97;1;1;1;1;1;1;1;1;1;1;1;7;92
2021-10-25;"60+";14;14;14;14;14;14;14;14;14;14;14;14;256;256;256;256;256;256;256;256;256;256;256;256;1;1;1;1;1;1;1;1;1;1;1;13;252
2021-10-25;"alle";22;22;22;22;22;22;22;22;22;22;22;22;353;353;353;353;353;353;353;353;353;353;353;353;NA;NA;NA;NA;NA;NA;NA;NA;NA;NA;NA;20;344
2021-10-24;"0-60";8;8;8;8;8;8;8;8;8;8;8;8;91;91;91;91;91;91;91;91;91;91;91;91;1;1;1;1;1;1;1;1;1;1;1;6;87
2021-10-24;"60+";25;25;25;25;25;25;25;25;25;25;25;25;252;252;252;252;252;252;252;252;252;252;252;252;1;1;1;1;1;1;1;1;1;1;1;25;249
2021-10-24;"alle";33;33;33;33;33;33;33;33;33;33;33;33;343;343;343;343;343;343;343;343;343;343;343;343;NA;NA;NA;NA;NA;NA;NA;NA;NA;NA;NA;31;336
2021-10-23;"0-60";14;14;14;14;14;14;14;14;14;14;14;14;90;90;90;90;90;90;90;90;90;90;90;90;1;1;1;1;1;1;1;1;1;1;1;14;87
2021-10-23;"60+";61;61;61;61;61;61;61;61;61;61;61;61;237;237;237;237;237;237;237;237;237;237;237;237;1;1;1;1;1;1;1;1;1;1;1;61;234
2021-10-23;"alle";75;75;75;75;75;75;75;75;75;75;75;75;327;327;327;327;327;327;327;327;327;327;327;327;NA;NA;NA;NA;NA;NA;NA;NA;NA;NA;NA;75;321
2021-10-22;"0-60";18;18;18;18;18;18;18;18;18;18;18;18;83;83;83;83;83;83;83;83;83;83;83;83;1;1;1;1;1;1;1;1;1;1;1;18;80
2021-10-22;"60+";49;49;49;49;49;49;49;49;49;49;49;49;196;196;196;196;196;196;196;196;196;196;196;196;1;1;1;1;1;1;1;1;1;1;1;49;193
2021-10-22;"alle";67;67;67;67;67;67;67;67;67;67;67;67;279;279;279;279;279;279;279;279;279;279;279;279;NA;NA;NA;NA;NA;NA;NA;NA;NA;NA;NA;67;273
2021-10-21;"0-60";12;12;12;12;12;12;12;12;12;12;12;12;75;75;75;75;75;75;75;75;75;75;75;75;1;1;1;1;1;1;1;1;1;1;1;12;72
2021-10-21;"60+";42;42;42;42;42;42;42;42;42;42;42;42;164;164;164;164;164;164;164;164;164;164;164;164;1;1;1;1;1;1;1;1;1;1;1;40;161
2021-10-21;"alle";54;54;54;54;54;54;54;54;54;54;54;54;239;239;239;239;239;239;239;239;239;239;239;239;NA;NA;NA;NA;NA;NA;NA;NA;NA;NA;NA;52;233
2021-10-20;"0-60";14;14;14;14;14;14;14;14;14;14;14;14;72;72;72;72;72;72;72;72;72;72;72;72;1;1;1;1;1;1;1;1;1;1;1;12;69
2021-10-20;"60+";34;34;34;34;34;34;34;34;34;34;34;34;148;148;148;148;148;148;148;148;148;148;148;148;1;1;1;1;1;1;1;1;1;1;1;34;146
2021-10-20;"alle";48;48;48;48;48;48;48;48;48;48;48;48;220;220;220;220;220;220;220;220;220;220;220;220;NA;NA;NA;NA;NA;NA;NA;NA;NA;NA;NA;46;215
2021-10-19;"0-60";23;23;23;23;23;23;23;23;23;23;23;23;67;67;67;67;67;67;67;67;67;67;67;67;1;1;1;1;1;1;1;1;1;1;1;23;66
2021-10-19;"60+";31;31;31;31;31;31;31;31;31;31;31;31;142;142;142;142;142;142;142;142;142;142;142;142;1;1;1;1;1;1;1;1;1;1;1;30;139
2021-10-19;"alle";54;54;54;54;54;54;54;54;54;54;54;54;209;209;209;209;209;209;209;209;209;209;209;209;NA;NA;NA;NA;NA;NA;NA;NA;NA;NA;NA;53;205
2021-10-18;"0-60";2;2;2;2;2;2;2;2;2;2;2;2;59;59;59;59;59;59;59;59;59;59;59;59;1;1;1;1;1;1;1;1;1;1;1;2;58
2021-10-18;"60+";10;10;10;10;10;10;10;10;10;10;10;10;142;142;142;142;142;142;142;142;142;142;142;142;1;1;1;1;1;1;1;1;1;1;1;10;140
2021-10-18;"alle";12;12;12;12;12;12;12;12;12;12;12;12;201;201;201;201;201;201;201;201;201;201;201;201;NA;NA;NA;NA;NA;NA;NA;NA;NA;NA;NA;12;198
2021-10-17;"0-60";7;7;7;7;7;7;7;7;7;7;7;7;59;59;59;59;59;59;59;59;59;59;59;59;1;1;1;1;1;1;1;1;1;1;1;6;58
2021-10-17;"60+";10;10;10;10;10;10;10;10;10;10;10;10;139;139;139;139;139;139;139;139;139;139;139;139;1;1;1;1;1;1;1;1;1;1;1;10;137
2021-10-17;"alle";17;17;17;17;17;17;17;17;17;17;17;17;198;198;198;198;198;198;198;198;198;198;198;198;NA;NA;NA;NA;NA;NA;NA;NA;NA;NA;NA;16;195
2021-10-16;"0-60";7;7;7;7;7;7;7;7;7;7;7;7;58;58;58;58;58;58;58;58;58;58;58;58;1;1;1;1;1;1;1;1;1;1;1;7;58
2021-10-16;"60+";20;20;20;20;20;20;20;20;20;20;20;20;141;141;141;141;141;141;141;141;141;141;141;141;1;1;1;1;1;1;1;1;1;1;1;20;139
2021-10-16;"alle";27;27;27;27;27;27;27;27;27;27;27;27;199;199;199;199;199;199;199;199;199;199;199;199;NA;NA;NA;NA;NA;NA;NA;NA;NA;NA;NA;27;197
2021-10-15;"0-60";10;10;10;10;10;10;10;10;10;10;10;10;64;64;64;64;64;64;64;64;64;64;64;64;1;1;1;1;1;1;1;1;1;1;1;10;64
2021-10-15;"60+";17;17;17;17;17;17;17;17;17;17;17;17;132;132;132;132;132;132;132;132;132;132;132;132;1;1;1;1;1;1;1;1;1;1;1;17;130
2021-10-15;"alle";27;27;27;27;27;27;27;27;27;27;27;27;196;196;196;196;196;196;196;196;196;196;196;196;NA;NA;NA;NA;NA;NA;NA;NA;NA;NA;NA;27;194
2021-10-14;"0-60";9;9;9;9;9;9;9;9;9;9;9;9;66;66;66;66;66;66;66;66;66;66;66;66;1;1;1;1;1;1;1;1;1;1;1;9;66
2021-10-14;"60+";26;26;26;26;26;26;26;26;26;26;26;26;128;128;128;128;128;128;128;128;128;128;128;128;1;1;1;1;1;1;1;1;1;1;1;25;126
2021-10-14;"alle";35;35;35;35;35;35;35;35;35;35;35;35;194;194;194;194;194;194;194;194;194;194;194;194;NA;NA;NA;NA;NA;NA;NA;NA;NA;NA;NA;34;192
2021-10-13;"0-60";9;9;9;9;9;9;9;9;9;9;9;9;68;68;68;68;68;68;68;68;68;68;68;68;1;1;1;1;1;1;1;1;1;1;1;9;68
2021-10-13;"60+";28;28;28;28;28;28;28;28;28;28;28;28;124;124;124;124;124;124;124;124;124;124;124;124;1;1;1;1;1;1;1;1;1;1;1;27;122
2021-10-13;"alle";37;37;37;37;37;37;37;37;37;37;37;37;192;192;192;192;192;192;192;192;192;192;192;192;NA;NA;NA;NA;NA;NA;NA;NA;NA;NA;NA;36;190
2021-10-12;"0-60";15;15;15;15;15;15;15;15;15;15;15;15;68;68;68;68;68;68;68;68;68;68;68;68;1;1;1;1;1;1;1;1;1;1;1;15;68
2021-10-12;"60+";31;31;31;31;31;31;31;31;31;31;31;31;118;118;118;118;118;118;118;118;118;118;118;118;1;1;1;1;1;1;1;1;1;1;1;31;116
2021-10-12;"alle";46;46;46;46;46;46;46;46;46;46;46;46;186;186;186;186;186;186;186;186;186;186;186;186;NA;NA;NA;NA;NA;NA;NA;NA;NA;NA;NA;46;184
2021-10-11;"0-60";2;2;2;2;2;2;2;2;2;2;2;2;57;57;57;57;57;57;57;57;57;57;57;57;1;1;1;1;1;1;1;1;1;1;1;2;57
2021-10-11;"60+";7;7;7;7;7;7;7;7;7;7;7;7;97;97;97;97;97;97;97;97;97;97;97;97;1;1;1;1;1;1;1;1;1;1;1;7;95
2021-10-11;"alle";9;9;9;9;9;9;9;9;9;9;9;9;154;154;154;154;154;154;154;154;154;154;154;154;NA;NA;NA;NA;NA;NA;NA;NA;NA;NA;NA;9;152
2021-10-10;"0-60";6;6;6;6;6;6;6;6;6;6;6;6;58;58;58;58;58;58;58;58;58;58;58;58;1;1;1;1;1;1;1;1;1;1;1;6;58
2021-10-10;"60+";12;12;12;12;12;12;12;12;12;12;12;12;91;91;91;91;91;91;91;91;91;91;91;91;1;1;1;1;1;1;1;1;1;1;1;12;89
2021-10-10;"alle";18;18;18;18;18;18;18;18;18;18;18;18;149;149;149;149;149;149;149;149;149;149;149;149;NA;NA;NA;NA;NA;NA;NA;NA;NA;NA;NA;18;147
2021-10-09;"0-60";13;13;13;13;13;13;13;13;13;13;13;13;55;55;55;55;55;55;55;55;55;55;55;55;1;1;1;1;1;1;1;1;1;1;1;13;55
2021-10-09;"60+";11;11;11;11;11;11;11;11;11;11;11;11;88;88;88;88;88;88;88;88;88;88;88;88;1;1;1;1;1;1;1;1;1;1;1;11;86
2021-10-09;"alle";24;24;24;24;24;24;24;24;24;24;24;24;143;143;143;143;143;143;143;143;143;143;143;143;NA;NA;NA;NA;NA;NA;NA;NA;NA;NA;NA;24;141
2021-10-08;"0-60";12;12;12;12;12;12;12;12;12;12;12;12;48;48;48;48;48;48;48;48;48;48;48;48;1;1;1;1;1;1;1;1;1;1;1;12;48
2021-10-08;"60+";13;13;13;13;13;13;13;13;13;13;13;13;89;89;89;89;89;89;89;89;89;89;89;89;1;1;1;1;1;1;1;1;1;1;1;13;86
2021-10-08;"alle";25;25;25;25;25;25;25;25;25;25;25;25;137;137;137;137;137;137;137;137;137;137;137;137;NA;NA;NA;NA;NA;NA;NA;NA;NA;NA;NA;25;134
2021-10-07;"0-60";11;11;11;11;11;11;11;11;11;11;11;11;43;43;43;43;43;43;43;43;43;43;43;43;1;1;1;1;1;1;1;1;1;1;1;11;43
2021-10-07;"60+";22;22;22;22;22;22;22;22;22;22;22;22;87;87;87;87;87;87;87;87;87;87;87;87;1;1;1;1;1;1;1;1;1;1;1;21;84
2021-10-07;"alle";33;33;33;33;33;33;33;33;33;33;33;33;130;130;130;130;130;130;130;130;130;130;130;130;NA;NA;NA;NA;NA;NA;NA;NA;NA;NA;NA;32;127
2021-10-06;"0-60";9;9;9;9;9;9;9;9;9;9;9;9;40;40;40;40;40;40;40;40;40;40;40;40;1;1;1;1;1;1;1;1;1;1;1;9;40
2021-10-06;"60+";22;22;22;22;22;22;22;22;22;22;22;22;74;74;74;74;74;74;74;74;74;74;74;74;1;1;1;1;1;1;1;1;1;1;1;21;71
2021-10-06;"alle";31;31;31;31;31;31;31;31;31;31;31;31;114;114;114;114;114;114;114;114;114;114;114;114;NA;NA;NA;NA;NA;NA;NA;NA;NA;NA;NA;30;111
2021-10-05;"0-60";4;4;4;4;4;4;4;4;4;4;4;4;41;41;41;41;41;41;41;41;41;41;41;41;1;1;1;1;1;1;1;1;1;1;1;4;41
2021-10-05;"60+";10;10;10;10;10;10;10;10;10;10;10;10;66;66;66;66;66;66;66;66;66;66;66;66;1;1;1;1;1;1;1;1;1;1;1;10;63
2021-10-05;"alle";14;14;14;14;14;14;14;14;14;14;14;14;107;107;107;107;107;107;107;107;107;107;107;107;NA;NA;NA;NA;NA;NA;NA;NA;NA;NA;NA;14;104
2021-10-04;"0-60";3;3;3;3;3;3;3;3;3;3;3;3;40;40;40;40;40;40;40;40;40;40;40;40;1;1;1;1;1;1;1;1;1;1;1;3;40
2021-10-04;"60+";1;1;1;1;1;1;1;1;1;1;1;1;61;61;61;61;61;61;61;61;61;61;61;61;1;1;1;1;1;1;1;1;1;1;1;1;58
2021-10-04;"alle";4;4;4;4;4;4;4;4;4;4;4;4;101;101;101;101;101;101;101;101;101;101;101;101;NA;NA;NA;NA;NA;NA;NA;NA;NA;NA;NA;4;98
2021-10-03;"0-60";3;3;3;3;3;3;3;3;3;3;3;3;39;39;39;39;39;39;39;39;39;39;39;39;1;1;1;1;1;1;1;1;1;1;1;3;39
2021-10-03;"60+";9;9;9;9;9;9;9;9;9;9;9;9;63;63;63;63;63;63;63;63;63;63;63;63;1;1;1;1;1;1;1;1;1;1;1;9;60
2021-10-03;"alle";12;12;12;12;12;12;12;12;12;12;12;12;102;102;102;102;102;102;102;102;102;102;102;102;NA;NA;NA;NA;NA;NA;NA;NA;NA;NA;NA;12;99
2021-10-02;"0-60";6;6;6;6;6;6;6;6;6;6;6;6;38;38;38;38;38;38;38;38;38;38;38;38;1;1;1;1;1;1;1;1;1;1;1;6;38
2021-10-02;"60+";12;12;12;12;12;12;12;12;12;12;12;12;60;60;60;60;60;60;60;60;60;60;60;60;1;1;1;1;1;1;1;1;1;1;1;11;57
2021-10-02;"alle";18;18;18;18;18;18;18;18;18;18;18;18;98;98;98;98;98;98;98;98;98;98;98;98;NA;NA;NA;NA;NA;NA;NA;NA;NA;NA;NA;17;95
2021-10-01;"0-60";7;7;7;7;7;7;7;7;7;7;7;7;38;38;38;38;38;38;38;38;38;38;38;38;1;1;1;1;1;1;1;1;1;1;1;7;38
2021-10-01;"60+";11;11;11;11;11;11;11;11;11;11;11;11;52;52;52;52;52;52;52;52;52;52;52;52;1;1;1;1;1;1;1;1;1;1;1;11;50
2021-10-01;"alle";18;18;18;18;18;18;18;18;18;18;18;18;90;90;90;90;90;90;90;90;90;90;90;90;NA;NA;NA;NA;NA;NA;NA;NA;NA;NA;NA;18;88
2021-09-30;"0-60";8;8;8;8;8;8;8;8;8;8;8;8;33;33;33;33;33;33;33;33;33;33;33;33;1;1;1;1;1;1;1;1;1;1;1;8;33
2021-09-30;"60+";9;9;9;9;9;9;9;9;9;9;9;9;47;47;47;47;47;47;47;47;47;47;47;47;1;1;1;1;1;1;1;1;1;1;1;8;45
2021-09-30;"alle";17;17;17;17;17;17;17;17;17;17;17;17;80;80;80;80;80;80;80;80;80;80;80;80;NA;NA;NA;NA;NA;NA;NA;NA;NA;NA;NA;16;78
2021-09-29;"0-60";10;10;10;10;10;10;10;10;10;10;10;10;29;29;29;29;29;29;29;29;29;29;29;29;1;1;1;1;1;1;1;1;1;1;1;10;29
2021-09-29;"60+";14;14;14;14;14;14;14;14;14;14;14;14;46;46;46;46;46;46;46;46;46;46;46;46;1;1;1;1;1;1;1;1;1;1;1;13;45
2021-09-29;"alle";24;24;24;24;24;24;24;24;24;24;24;24;75;75;75;75;75;75;75;75;75;75;75;75;NA;NA;NA;NA;NA;NA;NA;NA;NA;NA;NA;23;74
2021-09-28;"0-60";3;3;3;3;3;3;3;3;3;3;3;3;24;24;24;24;24;24;24;24;24;24;24;24;1;1;1;1;1;1;1;1;1;1;1;3;24
2021-09-28;"60+";5;5;5;5;5;5;5;5;5;5;5;5;41;41;41;41;41;41;41;41;41;41;41;41;1;1;1;1;1;1;1;1;1;1;1;5;41
2021-09-28;"alle";8;8;8;8;8;8;8;8;8;8;8;8;65;65;65;65;65;65;65;65;65;65;65;65;NA;NA;NA;NA;NA;NA;NA;NA;NA;NA;NA;8;65
2021-09-27;"0-60";2;2;2;2;2;2;2;2;2;2;2;2;27;27;27;27;27;27;27;27;27;27;27;27;1;1;1;1;1;1;1;1;1;1;1;2;27
2021-09-27;"60+";3;3;3;3;3;3;3;3;3;3;3;3;47;47;47;47;47;47;47;47;47;47;47;47;1;1;1;1;1;1;1;1;1;1;1;3;47
2021-09-27;"alle";5;5;5;5;5;5;5;5;5;5;5;5;74;74;74;74;74;74;74;74;74;74;74;74;NA;NA;NA;NA;NA;NA;NA;NA;NA;NA;NA;5;74
2021-09-26;"0-60";2;2;2;2;2;2;2;2;2;2;2;2;27;27;27;27;27;27;27;27;27;27;27;27;1;1;1;1;1;1;1;1;1;1;1;2;27
2021-09-26;"60+";6;6;6;6;6;6;6;6;6;6;6;6;45;45;45;45;45;45;45;45;45;45;45;45;1;1;1;1;1;1;1;1;1;1;1;6;45
2021-09-26;"alle";8;8;8;8;8;8;8;8;8;8;8;8;72;72;72;72;72;72;72;72;72;72;72;72;NA;NA;NA;NA;NA;NA;NA;NA;NA;NA;NA;8;72
2021-09-25;"0-60";6;6;6;6;6;6;6;6;6;6;6;6;29;29;29;29;29;29;29;29;29;29;29;29;1;1;1;1;1;1;1;1;1;1;1;6;29
2021-09-25;"60+";4;4;4;4;4;4;4;4;4;4;4;4;46;46;46;46;46;46;46;46;46;46;46;46;1;1;1;1;1;1;1;1;1;1;1;4;46
2021-09-25;"alle";10;10;10;10;10;10;10;10;10;10;10;10;75;75;75;75;75;75;75;75;75;75;75;75;NA;NA;NA;NA;NA;NA;NA;NA;NA;NA;NA;10;75
2021-09-24;"0-60";2;2;2;2;2;2;2;2;2;2;2;2;34;34;34;34;34;34;34;34;34;34;34;34;1;1;1;1;1;1;1;1;1;1;1;2;34
2021-09-24;"60+";6;6;6;6;6;6;6;6;6;6;6;6;49;49;49;49;49;49;49;49;49;49;49;49;1;1;1;1;1;1;1;1;1;1;1;6;49
2021-09-24;"alle";8;8;8;8;8;8;8;8;8;8;8;8;83;83;83;83;83;83;83;83;83;83;83;83;NA;NA;NA;NA;NA;NA;NA;NA;NA;NA;NA;8;83
2021-09-23;"0-60";4;4;4;4;4;4;4;4;4;4;4;4;38;38;38;38;38;38;38;38;38;38;38;38;1;1;1;1;1;1;1;1;1;1;1;4;38
2021-09-23;"60+";8;8;8;8;8;8;8;8;8;8;8;8;47;47;47;47;47;47;47;47;47;47;47;47;1;1;1;1;1;1;1;1;1;1;1;8;47
2021-09-23;"alle";12;12;12;12;12;12;12;12;12;12;12;12;85;85;85;85;85;85;85;85;85;85;85;85;NA;NA;NA;NA;NA;NA;NA;NA;NA;NA;NA;12;85
2021-09-22;"0-60";5;5;5;5;5;5;5;5;5;5;5;5;40;40;40;40;40;40;40;40;40;40;40;40;1;1;1;1;1;1;1;1;1;1;1;5;40
2021-09-22;"60+";9;9;9;9;9;9;9;9;9;9;9;9;46;46;46;46;46;46;46;46;46;46;46;46;1;1;1;1;1;1;1;1;1;1;1;9;46
2021-09-22;"alle";14;14;14;14;14;14;14;14;14;14;14;14;86;86;86;86;86;86;86;86;86;86;86;86;NA;NA;NA;NA;NA;NA;NA;NA;NA;NA;NA;14;86
2021-09-21;"0-60";6;6;6;6;6;6;6;6;6;6;6;6;45;45;45;45;45;45;45;45;45;45;45;45;1;1;1;1;1;1;1;1;1;1;1;6;45
2021-09-21;"60+";11;11;11;11;11;11;11;11;11;11;11;11;49;49;49;49;49;49;49;49;49;49;49;49;1;1;1;1;1;1;1;1;1;1;1;11;49
2021-09-21;"alle";17;17;17;17;17;17;17;17;17;17;17;17;94;94;94;94;94;94;94;94;94;94;94;94;NA;NA;NA;NA;NA;NA;NA;NA;NA;NA;NA;17;94
2021-09-20;"0-60";2;2;2;2;2;2;2;2;2;2;2;2;42;42;42;42;42;42;42;42;42;42;42;42;1;1;1;1;1;1;1;1;1;1;1;2;42
2021-09-20;"60+";1;1;1;1;1;1;1;1;1;1;1;1;42;42;42;42;42;42;42;42;42;42;42;42;1;1;1;1;1;1;1;1;1;1;1;1;42
2021-09-20;"alle";3;3;3;3;3;3;3;3;3;3;3;3;84;84;84;84;84;84;84;84;84;84;84;84;NA;NA;NA;NA;NA;NA;NA;NA;NA;NA;NA;3;84
2021-09-19;"0-60";4;4;4;4;4;4;4;4;4;4;4;4;42;42;42;42;42;42;42;42;42;42;42;42;1;1;1;1;1;1;1;1;1;1;1;4;42
2021-09-19;"60+";7;7;7;7;7;7;7;7;7;7;7;7;42;42;42;42;42;42;42;42;42;42;42;42;1;1;1;1;1;1;1;1;1;1;1;7;42
2021-09-19;"alle";11;11;11;11;11;11;11;11;11;11;11;11;84;84;84;84;84;84;84;84;84;84;84;84;NA;NA;NA;NA;NA;NA;NA;NA;NA;NA;NA;11;84
2021-09-18;"0-60";11;11;11;11;11;11;11;11;11;11;11;11;41;41;41;41;41;41;41;41;41;41;41;41;1;1;1;1;1;1;1;1;1;1;1;11;41
2021-09-18;"60+";7;7;7;7;7;7;7;7;7;7;7;7;38;38;38;38;38;38;38;38;38;38;38;38;1;1;1;1;1;1;1;1;1;1;1;7;37
2021-09-18;"alle";18;18;18;18;18;18;18;18;18;18;18;18;79;79;79;79;79;79;79;79;79;79;79;79;NA;NA;NA;NA;NA;NA;NA;NA;NA;NA;NA;18;78
2021-09-17;"0-60";6;6;6;6;6;6;6;6;6;6;6;6;38;38;38;38;38;38;38;38;38;38;38;38;1;1;1;1;1;1;1;1;1;1;1;6;38
2021-09-17;"60+";4;4;4;4;4;4;4;4;4;4;4;4;38;38;38;38;38;38;38;38;38;38;38;38;1;1;1;1;1;1;1;1;1;1;1;4;37
2021-09-17;"alle";10;10;10;10;10;10;10;10;10;10;10;10;76;76;76;76;76;76;76;76;76;76;76;76;NA;NA;NA;NA;NA;NA;NA;NA;NA;NA;NA;10;75
2021-09-16;"0-60";6;6;6;6;6;6;6;6;6;6;6;6;37;37;37;37;37;37;37;37;37;37;37;37;1;1;1;1;1;1;1;1;1;1;1;6;37
2021-09-16;"60+";7;7;7;7;7;7;7;7;7;7;7;7;37;37;37;37;37;37;37;37;37;37;37;37;1;1;1;1;1;1;1;1;1;1;1;7;36
2021-09-16;"alle";13;13;13;13;13;13;13;13;13;13;13;13;74;74;74;74;74;74;74;74;74;74;74;74;NA;NA;NA;NA;NA;NA;NA;NA;NA;NA;NA;13;73
2021-09-15;"0-60";10;10;10;10;10;10;10;10;10;10;10;10;39;39;39;39;39;39;39;39;39;39;39;39;1;1;1;1;1;1;1;1;1;1;1;10;39
2021-09-15;"60+";12;12;12;12;12;12;12;12;12;12;12;12;34;34;34;34;34;34;34;34;34;34;34;34;1;1;1;1;1;1;1;1;1;1;1;12;33
2021-09-15;"alle";22;22;22;22;22;22;22;22;22;22;22;22;73;73;73;73;73;73;73;73;73;73;73;73;NA;NA;NA;NA;NA;NA;NA;NA;NA;NA;NA;22;72
2021-09-14;"0-60";3;3;3;3;3;3;3;3;3;3;3;3;31;31;31;31;31;31;31;31;31;31;31;31;1;1;1;1;1;1;1;1;1;1;1;3;31
2021-09-14;"60+";4;4;4;4;4;4;4;4;4;4;4;4;31;31;31;31;31;31;31;31;31;31;31;31;1;1;1;1;1;1;1;1;1;1;1;4;29
2021-09-14;"alle";7;7;7;7;7;7;7;7;7;7;7;7;62;62;62;62;62;62;62;62;62;62;62;62;NA;NA;NA;NA;NA;NA;NA;NA;NA;NA;NA;7;60
2021-09-13;"0-60";2;2;2;2;2;2;2;2;2;2;2;2;34;34;34;34;34;34;34;34;34;34;34;34;1;1;1;1;1;1;1;1;1;1;1;2;34
2021-09-13;"60+";1;1;1;1;1;1;1;1;1;1;1;1;33;33;33;33;33;33;33;33;33;33;33;33;1;1;1;1;1;1;1;1;1;1;1;1;31
2021-09-13;"alle";3;3;3;3;3;3;3;3;3;3;3;3;67;67;67;67;67;67;67;67;67;67;67;67;NA;NA;NA;NA;NA;NA;NA;NA;NA;NA;NA;3;65
2021-09-12;"0-60";3;3;3;3;3;3;3;3;3;3;3;3;33;33;33;33;33;33;33;33;33;33;33;33;1;1;1;1;1;1;1;1;1;1;1;3;33
2021-09-12;"60+";3;3;3;3;3;3;3;3;3;3;3;3;34;34;34;34;34;34;34;34;34;34;34;34;1;1;1;1;1;1;1;1;1;1;1;2;32
2021-09-12;"alle";6;6;6;6;6;6;6;6;6;6;6;6;67;67;67;67;67;67;67;67;67;67;67;67;NA;NA;NA;NA;NA;NA;NA;NA;NA;NA;NA;5;65
2021-09-11;"0-60";8;8;8;8;8;8;8;8;8;8;8;8;34;34;34;34;34;34;34;34;34;34;34;34;1;1;1;1;1;1;1;1;1;1;1;8;34
2021-09-11;"60+";7;7;7;7;7;7;7;7;7;7;7;7;33;33;33;33;33;33;33;33;33;33;33;33;1;1;1;1;1;1;1;1;1;1;1;7;32
2021-09-11;"alle";15;15;15;15;15;15;15;15;15;15;15;15;67;67;67;67;67;67;67;67;67;67;67;67;NA;NA;NA;NA;NA;NA;NA;NA;NA;NA;NA;15;66
2021-09-10;"0-60";5;5;5;5;5;5;5;5;5;5;5;5;32;32;32;32;32;32;32;32;32;32;32;32;1;1;1;1;1;1;1;1;1;1;1;5;32
2021-09-10;"60+";3;3;3;3;3;3;3;3;3;3;3;3;32;32;32;32;32;32;32;32;32;32;32;32;1;1;1;1;1;1;1;1;1;1;1;3;31
2021-09-10;"alle";8;8;8;8;8;8;8;8;8;8;8;8;64;64;64;64;64;64;64;64;64;64;64;64;NA;NA;NA;NA;NA;NA;NA;NA;NA;NA;NA;8;63
2021-09-09;"0-60";8;8;8;8;8;8;8;8;8;8;8;8;31;31;31;31;31;31;31;31;31;31;31;31;1;1;1;1;1;1;1;1;1;1;1;8;31
2021-09-09;"60+";4;4;4;4;4;4;4;4;4;4;4;4;33;33;33;33;33;33;33;33;33;33;33;33;1;1;1;1;1;1;1;1;1;1;1;4;30
2021-09-09;"alle";12;12;12;12;12;12;12;12;12;12;12;12;64;64;64;64;64;64;64;64;64;64;64;64;NA;NA;NA;NA;NA;NA;NA;NA;NA;NA;NA;12;61
2021-09-08;"0-60";2;2;2;2;2;2;2;2;2;2;2;2;26;26;26;26;26;26;26;26;26;26;26;26;1;1;1;1;1;1;1;1;1;1;1;2;26
2021-09-08;"60+";9;9;9;9;9;9;9;9;9;9;9;9;37;37;37;37;37;37;37;37;37;37;37;37;1;1;1;1;1;1;1;1;1;1;1;8;33
2021-09-08;"alle";11;11;11;11;11;11;11;11;11;11;11;11;63;63;63;63;63;63;63;63;63;63;63;63;NA;NA;NA;NA;NA;NA;NA;NA;NA;NA;NA;10;59
2021-09-07;"0-60";6;6;6;6;6;6;6;6;6;6;6;6;28;28;28;28;28;28;28;28;28;28;28;28;1;1;1;1;1;1;1;1;1;1;1;6;28
2021-09-07;"60+";6;6;6;6;6;6;6;6;6;6;6;6;32;32;32;32;32;32;32;32;32;32;32;32;1;1;1;1;1;1;1;1;1;1;1;6;29
2021-09-07;"alle";12;12;12;12;12;12;12;12;12;12;12;12;60;60;60;60;60;60;60;60;60;60;60;60;NA;NA;NA;NA;NA;NA;NA;NA;NA;NA;NA;12;57
2021-09-06;"0-60";1;1;1;1;1;1;1;1;1;1;1;1;29;29;29;29;29;29;29;29;29;29;29;29;1;1;1;1;1;1;1;1;1;1;1;1;29
2021-09-06;"60+";2;2;2;2;2;2;2;2;2;2;2;2;30;30;30;30;30;30;30;30;30;30;30;30;1;1;1;1;1;1;1;1;1;1;1;2;27
2021-09-06;"alle";3;3;3;3;3;3;3;3;3;3;3;3;59;59;59;59;59;59;59;59;59;59;59;59;NA;NA;NA;NA;NA;NA;NA;NA;NA;NA;NA;3;56
2021-09-05;"0-60";4;4;4;4;4;4;4;4;4;4;4;4;28;28;28;28;28;28;28;28;28;28;28;28;1;1;1;1;1;1;1;1;1;1;1;4;28
2021-09-05;"60+";2;2;2;2;2;2;2;2;2;2;2;2;28;28;28;28;28;28;28;28;28;28;28;28;1;1;1;1;1;1;1;1;1;1;1;2;25
2021-09-05;"alle";6;6;6;6;6;6;6;6;6;6;6;6;56;56;56;56;56;56;56;56;56;56;56;56;NA;NA;NA;NA;NA;NA;NA;NA;NA;NA;NA;6;53
2021-09-04;"0-60";6;6;6;6;6;6;6;6;6;6;6;6;25;25;25;25;25;25;25;25;25;25;25;25;1;1;1;1;1;1;1;1;1;1;1;6;25
2021-09-04;"60+";6;6;6;6;6;6;6;6;6;6;6;6;27;27;27;27;27;27;27;27;27;27;27;27;1;1;1;1;1;1;1;1;1;1;1;6;24
2021-09-04;"alle";12;12;12;12;12;12;12;12;12;12;12;12;52;52;52;52;52;52;52;52;52;52;52;52;NA;NA;NA;NA;NA;NA;NA;NA;NA;NA;NA;12;49
2021-09-03;"0-60";4;4;4;4;4;4;4;4;4;4;4;4;23;23;23;23;23;23;23;23;23;23;23;23;1;1;1;1;1;1;1;1;1;1;1;4;23
2021-09-03;"60+";4;4;4;4;4;4;4;4;4;4;4;4;23;23;23;23;23;23;23;23;23;23;23;23;1;1;1;1;1;1;1;1;1;1;1;2;20
2021-09-03;"alle";8;8;8;8;8;8;8;8;8;8;8;8;46;46;46;46;46;46;46;46;46;46;46;46;NA;NA;NA;NA;NA;NA;NA;NA;NA;NA;NA;6;43
2021-09-02;"0-60";3;3;3;3;3;3;3;3;3;3;3;3;26;26;26;26;26;26;26;26;26;26;26;26;1;1;1;1;1;1;1;1;1;1;1;3;26
2021-09-02;"60+";8;8;8;8;8;8;8;8;8;8;8;8;20;20;20;20;20;20;20;20;20;20;20;20;1;1;1;1;1;1;1;1;1;1;1;7;19
2021-09-02;"alle";11;11;11;11;11;11;11;11;11;11;11;11;46;46;46;46;46;46;46;46;46;46;46;46;NA;NA;NA;NA;NA;NA;NA;NA;NA;NA;NA;10;45
2021-09-01;"0-60";4;4;4;4;4;4;4;4;4;4;4;4;24;24;24;24;24;24;24;24;24;24;24;24;1;1;1;1;1;1;1;1;1;1;1;4;24
2021-09-01;"60+";4;4;4;4;4;4;4;4;4;4;4;4;16;16;16;16;16;16;16;16;16;16;16;16;1;1;1;1;1;1;1;1;1;1;1;4;15
2021-09-01;"alle";8;8;8;8;8;8;8;8;8;8;8;8;40;40;40;40;40;40;40;40;40;40;40;40;NA;NA;NA;NA;NA;NA;NA;NA;NA;NA;NA;8;39
2021-08-31;"0-60";7;7;7;7;7;7;7;7;7;7;7;7;27;27;27;27;27;27;27;27;27;27;27;27;1;1;1;1;1;1;1;1;1;1;1;7;27
2021-08-31;"60+";4;4;4;4;4;4;4;4;4;4;4;4;18;18;18;18;18;18;18;18;18;18;18;18;1;1;1;1;1;1;1;1;1;1;1;4;17
2021-08-31;"alle";11;11;11;11;11;11;11;11;11;11;11;11;45;45;45;45;45;45;45;45;45;45;45;45;NA;NA;NA;NA;NA;NA;NA;NA;NA;NA;NA;11;44
2021-08-30;"0-60";0;0;0;0;0;0;0;0;0;0;0;0;24;24;24;24;24;24;24;24;24;24;24;24;1;1;1;1;1;1;1;1;1;1;1;0;24
2021-08-30;"60+";0;0;0;0;0;0;0;0;0;0;0;0;15;15;15;15;15;15;15;15;15;15;15;15;1;1;1;1;1;1;1;1;1;1;1;0;14
2021-08-30;"alle";0;0;0;0;0;0;0;0;0;0;0;0;39;39;39;39;39;39;39;39;39;39;39;39;NA;NA;NA;NA;NA;NA;NA;NA;NA;NA;NA;0;38
2021-08-29;"0-60";1;1;1;1;1;1;1;1;1;1;1;1;25;25;25;25;25;25;25;25;25;25;25;25;1;1;1;1;1;1;1;1;1;1;1;1;25
2021-08-29;"60+";1;1;1;1;1;1;1;1;1;1;1;1;15;15;15;15;15;15;15;15;15;15;15;15;1;1;1;1;1;1;1;1;1;1;1;1;14
2021-08-29;"alle";2;2;2;2;2;2;2;2;2;2;2;2;40;40;40;40;40;40;40;40;40;40;40;40;NA;NA;NA;NA;NA;NA;NA;NA;NA;NA;NA;2;39
2021-08-28;"0-60";4;4;4;4;4;4;4;4;4;4;4;4;30;30;30;30;30;30;30;30;30;30;30;30;1;1;1;1;1;1;1;1;1;1;1;4;30
2021-08-28;"60+";2;2;2;2;2;2;2;2;2;2;2;2;17;17;17;17;17;17;17;17;17;17;17;17;1;1;1;1;1;1;1;1;1;1;1;2;16
2021-08-28;"alle";6;6;6;6;6;6;6;6;6;6;6;6;47;47;47;47;47;47;47;47;47;47;47;47;NA;NA;NA;NA;NA;NA;NA;NA;NA;NA;NA;6;46
2021-08-27;"0-60";7;7;7;7;7;7;7;7;7;7;7;7;28;28;28;28;28;28;28;28;28;28;28;28;1;1;1;1;1;1;1;1;1;1;1;7;28
2021-08-27;"60+";1;1;1;1;1;1;1;1;1;1;1;1;18;18;18;18;18;18;18;18;18;18;18;18;1;1;1;1;1;1;1;1;1;1;1;1;17
2021-08-27;"alle";8;8;8;8;8;8;8;8;8;8;8;8;46;46;46;46;46;46;46;46;46;46;46;46;NA;NA;NA;NA;NA;NA;NA;NA;NA;NA;NA;8;45
2021-08-26;"0-60";1;1;1;1;1;1;1;1;1;1;1;1;23;23;23;23;23;23;23;23;23;23;23;23;1;1;1;1;1;1;1;1;1;1;1;1;23
2021-08-26;"60+";4;4;4;4;4;4;4;4;4;4;4;4;20;20;20;20;20;20;20;20;20;20;20;20;1;1;1;1;1;1;1;1;1;1;1;3;19
2021-08-26;"alle";5;5;5;5;5;5;5;5;5;5;5;5;43;43;43;43;43;43;43;43;43;43;43;43;NA;NA;NA;NA;NA;NA;NA;NA;NA;NA;NA;4;42
2021-08-25;"0-60";7;7;7;7;7;7;7;7;7;7;7;7;29;29;29;29;29;29;29;29;29;29;29;29;1;1;1;1;1;1;1;1;1;1;1;7;29
2021-08-25;"60+";6;6;6;6;6;6;6;6;6;6;6;6;19;19;19;19;19;19;19;19;19;19;19;19;1;1;1;1;1;1;1;1;1;1;1;6;19
2021-08-25;"alle";13;13;13;13;13;13;13;13;13;13;13;13;48;48;48;48;48;48;48;48;48;48;48;48;NA;NA;NA;NA;NA;NA;NA;NA;NA;NA;NA;13;48
2021-08-24;"0-60";4;4;4;4;4;4;4;4;4;4;4;4;28;28;28;28;28;28;28;28;28;28;28;28;1;1;1;1;1;1;1;1;1;1;1;4;28
2021-08-24;"60+";1;1;1;1;1;1;1;1;1;1;1;1;17;17;17;17;17;17;17;17;17;17;17;17;1;1;1;1;1;1;1;1;1;1;1;1;17
2021-08-24;"alle";5;5;5;5;5;5;5;5;5;5;5;5;45;45;45;45;45;45;45;45;45;45;45;45;NA;NA;NA;NA;NA;NA;NA;NA;NA;NA;NA;5;45
2021-08-23;"0-60";1;1;1;1;1;1;1;1;1;1;1;1;26;26;26;26;26;26;26;26;26;26;26;26;1;1;1;1;1;1;1;1;1;1;1;1;26
2021-08-23;"60+";0;0;0;0;0;0;0;0;0;0;0;0;18;18;18;18;18;18;18;18;18;18;18;18;1;1;1;1;1;1;1;1;1;1;1;0;18
2021-08-23;"alle";1;1;1;1;1;1;1;1;1;1;1;1;44;44;44;44;44;44;44;44;44;44;44;44;NA;NA;NA;NA;NA;NA;NA;NA;NA;NA;NA;1;44
2021-08-22;"0-60";6;6;6;6;6;6;6;6;6;6;6;6;26;26;26;26;26;26;26;26;26;26;26;26;1;1;1;1;1;1;1;1;1;1;1;6;26
2021-08-22;"60+";3;3;3;3;3;3;3;3;3;3;3;3;18;18;18;18;18;18;18;18;18;18;18;18;1;1;1;1;1;1;1;1;1;1;1;3;18
2021-08-22;"alle";9;9;9;9;9;9;9;9;9;9;9;9;44;44;44;44;44;44;44;44;44;44;44;44;NA;NA;NA;NA;NA;NA;NA;NA;NA;NA;NA;9;44
2021-08-21;"0-60";2;2;2;2;2;2;2;2;2;2;2;2;21;21;21;21;21;21;21;21;21;21;21;21;1;1;1;1;1;1;1;1;1;1;1;2;21
2021-08-21;"60+";3;3;3;3;3;3;3;3;3;3;3;3;16;16;16;16;16;16;16;16;16;16;16;16;1;1;1;1;1;1;1;1;1;1;1;3;16
2021-08-21;"alle";5;5;5;5;5;5;5;5;5;5;5;5;37;37;37;37;37;37;37;37;37;37;37;37;NA;NA;NA;NA;NA;NA;NA;NA;NA;NA;NA;5;37
2021-08-20;"0-60";2;2;2;2;2;2;2;2;2;2;2;2;22;22;22;22;22;22;22;22;22;22;22;22;1;1;1;1;1;1;1;1;1;1;1;2;22
2021-08-20;"60+";3;3;3;3;3;3;3;3;3;3;3;3;16;16;16;16;16;16;16;16;16;16;16;16;1;1;1;1;1;1;1;1;1;1;1;3;16
2021-08-20;"alle";5;5;5;5;5;5;5;5;5;5;5;5;38;38;38;38;38;38;38;38;38;38;38;38;NA;NA;NA;NA;NA;NA;NA;NA;NA;NA;NA;5;38
2021-08-19;"0-60";7;7;7;7;7;7;7;7;7;7;7;7;25;25;25;25;25;25;25;25;25;25;25;25;1;1;1;1;1;1;1;1;1;1;1;7;25
2021-08-19;"60+";3;3;3;3;3;3;3;3;3;3;3;3;16;16;16;16;16;16;16;16;16;16;16;16;1;1;1;1;1;1;1;1;1;1;1;3;16
2021-08-19;"alle";10;10;10;10;10;10;10;10;10;10;10;10;41;41;41;41;41;41;41;41;41;41;41;41;NA;NA;NA;NA;NA;NA;NA;NA;NA;NA;NA;10;41
2021-08-18;"0-60";6;6;6;6;6;6;6;6;6;6;6;6;21;21;21;21;21;21;21;21;21;21;21;21;1;1;1;1;1;1;1;1;1;1;1;6;21
2021-08-18;"60+";4;4;4;4;4;4;4;4;4;4;4;4;15;15;15;15;15;15;15;15;15;15;15;15;1;1;1;1;1;1;1;1;1;1;1;4;15
2021-08-18;"alle";10;10;10;10;10;10;10;10;10;10;10;10;36;36;36;36;36;36;36;36;36;36;36;36;NA;NA;NA;NA;NA;NA;NA;NA;NA;NA;NA;10;36
2021-08-17;"0-60";2;2;2;2;2;2;2;2;2;2;2;2;17;17;17;17;17;17;17;17;17;17;17;17;1;1;1;1;1;1;1;1;1;1;1;2;17
2021-08-17;"60+";2;2;2;2;2;2;2;2;2;2;2;2;14;14;14;14;14;14;14;14;14;14;14;14;1;1;1;1;1;1;1;1;1;1;1;2;14
2021-08-17;"alle";4;4;4;4;4;4;4;4;4;4;4;4;31;31;31;31;31;31;31;31;31;31;31;31;NA;NA;NA;NA;NA;NA;NA;NA;NA;NA;NA;4;31
2021-08-16;"0-60";1;1;1;1;1;1;1;1;1;1;1;1;15;15;15;15;15;15;15;15;15;15;15;15;1;1;1;1;1;1;1;1;1;1;1;1;15
2021-08-16;"60+";0;0;0;0;0;0;0;0;0;0;0;0;14;14;14;14;14;14;14;14;14;14;14;14;1;1;1;1;1;1;1;1;1;1;1;0;14
2021-08-16;"alle";1;1;1;1;1;1;1;1;1;1;1;1;29;29;29;29;29;29;29;29;29;29;29;29;NA;NA;NA;NA;NA;NA;NA;NA;NA;NA;NA;1;29
2021-08-15;"0-60";1;1;1;1;1;1;1;1;1;1;1;1;14;14;14;14;14;14;14;14;14;14;14;14;1;1;1;1;1;1;1;1;1;1;1;1;14
2021-08-15;"60+";1;1;1;1;1;1;1;1;1;1;1;1;15;15;15;15;15;15;15;15;15;15;15;15;1;1;1;1;1;1;1;1;1;1;1;1;15
2021-08-15;"alle";2;2;2;2;2;2;2;2;2;2;2;2;29;29;29;29;29;29;29;29;29;29;29;29;NA;NA;NA;NA;NA;NA;NA;NA;NA;NA;NA;2;29
2021-08-14;"0-60";3;3;3;3;3;3;3;3;3;3;3;3;15;15;15;15;15;15;15;15;15;15;15;15;1;1;1;1;1;1;1;1;1;1;1;3;15
2021-08-14;"60+";3;3;3;3;3;3;3;3;3;3;3;3;16;16;16;16;16;16;16;16;16;16;16;16;1;1;1;1;1;1;1;1;1;1;1;3;16
2021-08-14;"alle";6;6;6;6;6;6;6;6;6;6;6;6;31;31;31;31;31;31;31;31;31;31;31;31;NA;NA;NA;NA;NA;NA;NA;NA;NA;NA;NA;6;31
2021-08-13;"0-60";5;5;5;5;5;5;5;5;5;5;5;5;15;15;15;15;15;15;15;15;15;15;15;15;1;1;1;1;1;1;1;1;1;1;1;5;15
2021-08-13;"60+";3;3;3;3;3;3;3;3;3;3;3;3;14;14;14;14;14;14;14;14;14;14;14;14;1;1;1;1;1;1;1;1;1;1;1;3;14
2021-08-13;"alle";8;8;8;8;8;8;8;8;8;8;8;8;29;29;29;29;29;29;29;29;29;29;29;29;NA;NA;NA;NA;NA;NA;NA;NA;NA;NA;NA;8;29
2021-08-12;"0-60";3;3;3;3;3;3;3;3;3;3;3;3;11;11;11;11;11;11;11;11;11;11;11;11;1;1;1;1;1;1;1;1;1;1;1;3;11
2021-08-12;"60+";2;2;2;2;2;2;2;2;2;2;2;2;14;14;14;14;14;14;14;14;14;14;14;14;1;1;1;1;1;1;1;1;1;1;1;2;14
2021-08-12;"alle";5;5;5;5;5;5;5;5;5;5;5;5;25;25;25;25;25;25;25;25;25;25;25;25;NA;NA;NA;NA;NA;NA;NA;NA;NA;NA;NA;5;25
2021-08-11;"0-60";2;2;2;2;2;2;2;2;2;2;2;2;9;9;9;9;9;9;9;9;9;9;9;9;1;1;1;1;1;1;1;1;1;1;1;2;9
2021-08-11;"60+";3;3;3;3;3;3;3;3;3;3;3;3;12;12;12;12;12;12;12;12;12;12;12;12;1;1;1;1;1;1;1;1;1;1;1;3;12
2021-08-11;"alle";5;5;5;5;5;5;5;5;5;5;5;5;21;21;21;21;21;21;21;21;21;21;21;21;NA;NA;NA;NA;NA;NA;NA;NA;NA;NA;NA;5;21
2021-08-10;"0-60";0;0;0;0;0;0;0;0;0;0;0;0;10;10;10;10;10;10;10;10;10;10;10;10;1;1;1;1;1;1;1;1;1;1;1;0;10
2021-08-10;"60+";2;2;2;2;2;2;2;2;2;2;2;2;11;11;11;11;11;11;11;11;11;11;11;11;1;1;1;1;1;1;1;1;1;1;1;2;11
2021-08-10;"alle";2;2;2;2;2;2;2;2;2;2;2;2;21;21;21;21;21;21;21;21;21;21;21;21;NA;NA;NA;NA;NA;NA;NA;NA;NA;NA;NA;2;21
2021-08-09;"0-60";0;0;0;0;0;0;0;0;0;0;0;0;15;15;15;15;15;15;15;15;15;15;15;15;1;1;1;1;1;1;1;1;1;1;1;0;15
2021-08-09;"60+";1;1;1;1;1;1;1;1;1;1;1;1;11;11;11;11;11;11;11;11;11;11;11;11;1;1;1;1;1;1;1;1;1;1;1;1;11
2021-08-09;"alle";1;1;1;1;1;1;1;1;1;1;1;1;26;26;26;26;26;26;26;26;26;26;26;26;NA;NA;NA;NA;NA;NA;NA;NA;NA;NA;NA;1;26
2021-08-08;"0-60";2;2;2;2;2;2;2;2;2;2;2;2;15;15;15;15;15;15;15;15;15;15;15;15;1;1;1;1;1;1;1;1;1;1;1;2;15
2021-08-08;"60+";2;2;2;2;2;2;2;2;2;2;2;2;10;10;10;10;10;10;10;10;10;10;10;10;1;1;1;1;1;1;1;1;1;1;1;2;10
2021-08-08;"alle";4;4;4;4;4;4;4;4;4;4;4;4;25;25;25;25;25;25;25;25;25;25;25;25;NA;NA;NA;NA;NA;NA;NA;NA;NA;NA;NA;4;25
2021-08-07;"0-60";3;3;3;3;3;3;3;3;3;3;3;3;13;13;13;13;13;13;13;13;13;13;13;13;1;1;1;1;1;1;1;1;1;1;1;3;13
2021-08-07;"60+";1;1;1;1;1;1;1;1;1;1;1;1;8;8;8;8;8;8;8;8;8;8;8;8;1;1;1;1;1;1;1;1;1;1;1;1;8
2021-08-07;"alle";4;4;4;4;4;4;4;4;4;4;4;4;21;21;21;21;21;21;21;21;21;21;21;21;NA;NA;NA;NA;NA;NA;NA;NA;NA;NA;NA;4;21
2021-08-06;"0-60";1;1;1;1;1;1;1;1;1;1;1;1;10;10;10;10;10;10;10;10;10;10;10;10;1;1;1;1;1;1;1;1;1;1;1;1;10
2021-08-06;"60+";3;3;3;3;3;3;3;3;3;3;3;3;10;10;10;10;10;10;10;10;10;10;10;10;1;1;1;1;1;1;1;1;1;1;1;3;10
2021-08-06;"alle";4;4;4;4;4;4;4;4;4;4;4;4;20;20;20;20;20;20;20;20;20;20;20;20;NA;NA;NA;NA;NA;NA;NA;NA;NA;NA;NA;4;20
2021-08-05;"0-60";1;1;1;1;1;1;1;1;1;1;1;1;10;10;10;10;10;10;10;10;10;10;10;10;1;1;1;1;1;1;1;1;1;1;1;1;10
2021-08-05;"60+";0;0;0;0;0;0;0;0;0;0;0;0;11;11;11;11;11;11;11;11;11;11;11;11;1;1;1;1;1;1;1;1;1;1;1;0;10
2021-08-05;"alle";1;1;1;1;1;1;1;1;1;1;1;1;21;21;21;21;21;21;21;21;21;21;21;21;NA;NA;NA;NA;NA;NA;NA;NA;NA;NA;NA;1;20
2021-08-04;"0-60";3;3;3;3;3;3;3;3;3;3;3;3;10;10;10;10;10;10;10;10;10;10;10;10;1;1;1;1;1;1;1;1;1;1;1;3;10
2021-08-04;"60+";2;2;2;2;2;2;2;2;2;2;2;2;12;12;12;12;12;12;12;12;12;12;12;12;1;1;1;1;1;1;1;1;1;1;1;2;11
2021-08-04;"alle";5;5;5;5;5;5;5;5;5;5;5;5;22;22;22;22;22;22;22;22;22;22;22;22;NA;NA;NA;NA;NA;NA;NA;NA;NA;NA;NA;5;21
2021-08-03;"0-60";5;5;5;5;5;5;5;5;5;5;5;5;10;10;10;10;10;10;10;10;10;10;10;10;1;1;1;1;1;1;1;1;1;1;1;5;10
2021-08-03;"60+";2;2;2;2;2;2;2;2;2;2;2;2;10;10;10;10;10;10;10;10;10;10;10;10;1;1;1;1;1;1;1;1;1;1;1;2;9
2021-08-03;"alle";7;7;7;7;7;7;7;7;7;7;7;7;20;20;20;20;20;20;20;20;20;20;20;20;NA;NA;NA;NA;NA;NA;NA;NA;NA;NA;NA;7;19
2021-08-02;"0-60";0;0;0;0;0;0;0;0;0;0;0;0;5;5;5;5;5;5;5;5;5;5;5;5;1;1;1;1;1;1;1;1;1;1;1;0;5
2021-08-02;"60+";0;0;0;0;0;0;0;0;0;0;0;0;9;9;9;9;9;9;9;9;9;9;9;9;1;1;1;1;1;1;1;1;1;1;1;0;8
2021-08-02;"alle";0;0;0;0;0;0;0;0;0;0;0;0;14;14;14;14;14;14;14;14;14;14;14;14;NA;NA;NA;NA;NA;NA;NA;NA;NA;NA;NA;0;13
2021-08-01;"0-60";0;0;0;0;0;0;0;0;0;0;0;0;5;5;5;5;5;5;5;5;5;5;5;5;1;1;1;1;1;1;1;1;1;1;1;0;5
2021-08-01;"60+";0;0;0;0;0;0;0;0;0;0;0;0;10;10;10;10;10;10;10;10;10;10;10;10;1;1;1;1;1;1;1;1;1;1;1;0;9
2021-08-01;"alle";0;0;0;0;0;0;0;0;0;0;0;0;15;15;15;15;15;15;15;15;15;15;15;15;NA;NA;NA;NA;NA;NA;NA;NA;NA;NA;NA;0;14
2021-07-31;"0-60";0;0;0;0;0;0;0;0;0;0;0;0;5;5;5;5;5;5;5;5;5;5;5;5;1;1;1;1;1;1;1;1;1;1;1;0;5
2021-07-31;"60+";3;3;3;3;3;3;3;3;3;3;3;3;10;10;10;10;10;10;10;10;10;10;10;10;1;1;1;1;1;1;1;1;1;1;1;3;9
2021-07-31;"alle";3;3;3;3;3;3;3;3;3;3;3;3;15;15;15;15;15;15;15;15;15;15;15;15;NA;NA;NA;NA;NA;NA;NA;NA;NA;NA;NA;3;14
2021-07-30;"0-60";1;1;1;1;1;1;1;1;1;1;1;1;8;8;8;8;8;8;8;8;8;8;8;8;1;1;1;1;1;1;1;1;1;1;1;1;8
2021-07-30;"60+";4;4;4;4;4;4;4;4;4;4;4;4;8;8;8;8;8;8;8;8;8;8;8;8;1;1;1;1;1;1;1;1;1;1;1;3;7
2021-07-30;"alle";5;5;5;5;5;5;5;5;5;5;5;5;16;16;16;16;16;16;16;16;16;16;16;16;NA;NA;NA;NA;NA;NA;NA;NA;NA;NA;NA;4;15
2021-07-29;"0-60";1;1;1;1;1;1;1;1;1;1;1;1;7;7;7;7;7;7;7;7;7;7;7;7;1;1;1;1;1;1;1;1;1;1;1;1;7
2021-07-29;"60+";1;1;1;1;1;1;1;1;1;1;1;1;5;5;5;5;5;5;5;5;5;5;5;5;1;1;1;1;1;1;1;1;1;1;1;1;5
2021-07-29;"alle";2;2;2;2;2;2;2;2;2;2;2;2;12;12;12;12;12;12;12;12;12;12;12;12;NA;NA;NA;NA;NA;NA;NA;NA;NA;NA;NA;2;12
2021-07-28;"0-60";3;3;3;3;3;3;3;3;3;3;3;3;6;6;6;6;6;6;6;6;6;6;6;6;1;1;1;1;1;1;1;1;1;1;1;3;6
2021-07-28;"60+";0;0;0;0;0;0;0;0;0;0;0;0;5;5;5;5;5;5;5;5;5;5;5;5;1;1;1;1;1;1;1;1;1;1;1;0;5
2021-07-28;"alle";3;3;3;3;3;3;3;3;3;3;3;3;11;11;11;11;11;11;11;11;11;11;11;11;NA;NA;NA;NA;NA;NA;NA;NA;NA;NA;NA;3;11
2021-07-27;"0-60";0;0;0;0;0;0;0;0;0;0;0;0;5;5;5;5;5;5;5;5;5;5;5;5;1;1;1;1;1;1;1;1;1;1;1;0;5
2021-07-27;"60+";1;1;1;1;1;1;1;1;1;1;1;1;6;6;6;6;6;6;6;6;6;6;6;6;1;1;1;1;1;1;1;1;1;1;1;1;6
2021-07-27;"alle";1;1;1;1;1;1;1;1;1;1;1;1;11;11;11;11;11;11;11;11;11;11;11;11;NA;NA;NA;NA;NA;NA;NA;NA;NA;NA;NA;1;11
2021-07-26;"0-60";0;0;0;0;0;0;0;0;0;0;0;0;6;6;6;6;6;6;6;6;6;6;6;6;1;1;1;1;1;1;1;1;1;1;1;0;6
2021-07-26;"60+";1;1;1;1;1;1;1;1;1;1;1;1;7;7;7;7;7;7;7;7;7;7;7;7;1;1;1;1;1;1;1;1;1;1;1;1;6
2021-07-26;"alle";1;1;1;1;1;1;1;1;1;1;1;1;13;13;13;13;13;13;13;13;13;13;13;13;NA;NA;NA;NA;NA;NA;NA;NA;NA;NA;NA;1;12
2021-07-25;"0-60";0;0;0;0;0;0;0;0;0;0;0;0;6;6;6;6;6;6;6;6;6;6;6;6;1;1;1;1;1;1;1;1;1;1;1;0;6
2021-07-25;"60+";0;0;0;0;0;0;0;0;0;0;0;0;6;6;6;6;6;6;6;6;6;6;6;6;1;1;1;1;1;1;1;1;1;1;1;0;5
2021-07-25;"alle";0;0;0;0;0;0;0;0;0;0;0;0;12;12;12;12;12;12;12;12;12;12;12;12;NA;NA;NA;NA;NA;NA;NA;NA;NA;NA;NA;0;11
2021-07-24;"0-60";3;3;3;3;3;3;3;3;3;3;3;3;7;7;7;7;7;7;7;7;7;7;7;7;1;1;1;1;1;1;1;1;1;1;1;3;7
2021-07-24;"60+";1;1;1;1;1;1;1;1;1;1;1;1;7;7;7;7;7;7;7;7;7;7;7;7;1;1;1;1;1;1;1;1;1;1;1;1;6
2021-07-24;"alle";4;4;4;4;4;4;4;4;4;4;4;4;14;14;14;14;14;14;14;14;14;14;14;14;NA;NA;NA;NA;NA;NA;NA;NA;NA;NA;NA;4;13
2021-07-23;"0-60";0;0;0;0;0;0;0;0;0;0;0;0;4;4;4;4;4;4;4;4;4;4;4;4;1;1;1;1;1;1;1;1;1;1;1;0;4
2021-07-23;"60+";1;1;1;1;1;1;1;1;1;1;1;1;8;8;8;8;8;8;8;8;8;8;8;8;1;1;1;1;1;1;1;1;1;1;1;1;7
2021-07-23;"alle";1;1;1;1;1;1;1;1;1;1;1;1;12;12;12;12;12;12;12;12;12;12;12;12;NA;NA;NA;NA;NA;NA;NA;NA;NA;NA;NA;1;11
2021-07-22;"0-60";0;0;0;0;0;0;0;0;0;0;0;0;5;5;5;5;5;5;5;5;5;5;5;5;1;1;1;1;1;1;1;1;1;1;1;0;5
2021-07-22;"60+";1;1;1;1;1;1;1;1;1;1;1;1;7;7;7;7;7;7;7;7;7;7;7;7;1;1;1;1;1;1;1;1;1;1;1;1;6
2021-07-22;"alle";1;1;1;1;1;1;1;1;1;1;1;1;12;12;12;12;12;12;12;12;12;12;12;12;NA;NA;NA;NA;NA;NA;NA;NA;NA;NA;NA;1;11
2021-07-21;"0-60";2;2;2;2;2;2;2;2;2;2;2;2;6;6;6;6;6;6;6;6;6;6;6;6;1;1;1;1;1;1;1;1;1;1;1;2;6
2021-07-21;"60+";1;1;1;1;1;1;1;1;1;1;1;1;6;6;6;6;6;6;6;6;6;6;6;6;1;1;1;1;1;1;1;1;1;1;1;1;5
2021-07-21;"alle";3;3;3;3;3;3;3;3;3;3;3;3;12;12;12;12;12;12;12;12;12;12;12;12;NA;NA;NA;NA;NA;NA;NA;NA;NA;NA;NA;3;11
2021-07-20;"0-60";1;1;1;1;1;1;1;1;1;1;1;1;4;4;4;4;4;4;4;4;4;4;4;4;1;1;1;1;1;1;1;1;1;1;1;1;4
2021-07-20;"60+";2;2;2;2;2;2;2;2;2;2;2;2;9;9;9;9;9;9;9;9;9;9;9;9;1;1;1;1;1;1;1;1;1;1;1;1;8
2021-07-20;"alle";3;3;3;3;3;3;3;3;3;3;3;3;13;13;13;13;13;13;13;13;13;13;13;13;NA;NA;NA;NA;NA;NA;NA;NA;NA;NA;NA;2;12
2021-07-19;"0-60";0;0;0;0;0;0;0;0;0;0;0;0;7;7;7;7;7;7;7;7;7;7;7;7;1;1;1;1;1;1;1;1;1;1;1;0;7
2021-07-19;"60+";0;0;0;0;0;0;0;0;0;0;0;0;9;9;9;9;9;9;9;9;9;9;9;9;1;1;1;1;1;1;1;1;1;1;1;0;9
2021-07-19;"alle";0;0;0;0;0;0;0;0;0;0;0;0;16;16;16;16;16;16;16;16;16;16;16;16;NA;NA;NA;NA;NA;NA;NA;NA;NA;NA;NA;0;16
2021-07-18;"0-60";1;1;1;1;1;1;1;1;1;1;1;1;7;7;7;7;7;7;7;7;7;7;7;7;1;1;1;1;1;1;1;1;1;1;1;1;7
2021-07-18;"60+";1;1;1;1;1;1;1;1;1;1;1;1;9;9;9;9;9;9;9;9;9;9;9;9;1;1;1;1;1;1;1;1;1;1;1;1;9
2021-07-18;"alle";2;2;2;2;2;2;2;2;2;2;2;2;16;16;16;16;16;16;16;16;16;16;16;16;NA;NA;NA;NA;NA;NA;NA;NA;NA;NA;NA;2;16
2021-07-17;"0-60";0;0;0;0;0;0;0;0;0;0;0;0;7;7;7;7;7;7;7;7;7;7;7;7;1;1;1;1;1;1;1;1;1;1;1;0;7
2021-07-17;"60+";2;2;2;2;2;2;2;2;2;2;2;2;9;9;9;9;9;9;9;9;9;9;9;9;1;1;1;1;1;1;1;1;1;1;1;2;9
2021-07-17;"alle";2;2;2;2;2;2;2;2;2;2;2;2;16;16;16;16;16;16;16;16;16;16;16;16;NA;NA;NA;NA;NA;NA;NA;NA;NA;NA;NA;2;16
2021-07-16;"0-60";1;1;1;1;1;1;1;1;1;1;1;1;7;7;7;7;7;7;7;7;7;7;7;7;1;1;1;1;1;1;1;1;1;1;1;1;7
2021-07-16;"60+";0;0;0;0;0;0;0;0;0;0;0;0;7;7;7;7;7;7;7;7;7;7;7;7;1;1;1;1;1;1;1;1;1;1;1;0;7
2021-07-16;"alle";1;1;1;1;1;1;1;1;1;1;1;1;14;14;14;14;14;14;14;14;14;14;14;14;NA;NA;NA;NA;NA;NA;NA;NA;NA;NA;NA;1;14
2021-07-15;"0-60";1;1;1;1;1;1;1;1;1;1;1;1;6;6;6;6;6;6;6;6;6;6;6;6;1;1;1;1;1;1;1;1;1;1;1;1;6
2021-07-15;"60+";0;0;0;0;0;0;0;0;0;0;0;0;9;9;9;9;9;9;9;9;9;9;9;9;1;1;1;1;1;1;1;1;1;1;1;0;9
2021-07-15;"alle";1;1;1;1;1;1;1;1;1;1;1;1;15;15;15;15;15;15;15;15;15;15;15;15;NA;NA;NA;NA;NA;NA;NA;NA;NA;NA;NA;1;15
2021-07-14;"0-60";0;0;0;0;0;0;0;0;0;0;0;0;6;6;6;6;6;6;6;6;6;6;6;6;1;1;1;1;1;1;1;1;1;1;1;0;6
2021-07-14;"60+";4;4;4;4;4;4;4;4;4;4;4;4;10;10;10;10;10;10;10;10;10;10;10;10;1;1;1;1;1;1;1;1;1;1;1;4;10
2021-07-14;"alle";4;4;4;4;4;4;4;4;4;4;4;4;16;16;16;16;16;16;16;16;16;16;16;16;NA;NA;NA;NA;NA;NA;NA;NA;NA;NA;NA;4;16
2021-07-13;"0-60";4;4;4;4;4;4;4;4;4;4;4;4;7;7;7;7;7;7;7;7;7;7;7;7;1;1;1;1;1;1;1;1;1;1;1;4;7
2021-07-13;"60+";2;2;2;2;2;2;2;2;2;2;2;2;7;7;7;7;7;7;7;7;7;7;7;7;1;1;1;1;1;1;1;1;1;1;1;2;7
2021-07-13;"alle";6;6;6;6;6;6;6;6;6;6;6;6;14;14;14;14;14;14;14;14;14;14;14;14;NA;NA;NA;NA;NA;NA;NA;NA;NA;NA;NA;6;14
2021-07-12;"0-60";0;0;0;0;0;0;0;0;0;0;0;0;6;6;6;6;6;6;6;6;6;6;6;6;1;1;1;1;1;1;1;1;1;1;1;0;6
2021-07-12;"60+";0;0;0;0;0;0;0;0;0;0;0;0;6;6;6;6;6;6;6;6;6;6;6;6;1;1;1;1;1;1;1;1;1;1;1;0;6
2021-07-12;"alle";0;0;0;0;0;0;0;0;0;0;0;0;12;12;12;12;12;12;12;12;12;12;12;12;NA;NA;NA;NA;NA;NA;NA;NA;NA;NA;NA;0;12
2021-07-11;"0-60";1;1;1;1;1;1;1;1;1;1;1;1;6;6;6;6;6;6;6;6;6;6;6;6;1;1;1;1;1;1;1;1;1;1;1;1;6
2021-07-11;"60+";1;1;1;1;1;1;1;1;1;1;1;1;6;6;6;6;6;6;6;6;6;6;6;6;1;1;1;1;1;1;1;1;1;1;1;1;6
2021-07-11;"alle";2;2;2;2;2;2;2;2;2;2;2;2;12;12;12;12;12;12;12;12;12;12;12;12;NA;NA;NA;NA;NA;NA;NA;NA;NA;NA;NA;2;12
2021-07-10;"0-60";0;0;0;0;0;0;0;0;0;0;0;0;5;5;5;5;5;5;5;5;5;5;5;5;1;1;1;1;1;1;1;1;1;1;1;0;5
2021-07-10;"60+";0;0;0;0;0;0;0;0;0;0;0;0;5;5;5;5;5;5;5;5;5;5;5;5;1;1;1;1;1;1;1;1;1;1;1;0;5
2021-07-10;"alle";0;0;0;0;0;0;0;0;0;0;0;0;10;10;10;10;10;10;10;10;10;10;10;10;NA;NA;NA;NA;NA;NA;NA;NA;NA;NA;NA;0;10
2021-07-09;"0-60";0;0;0;0;0;0;0;0;0;0;0;0;5;5;5;5;5;5;5;5;5;5;5;5;1;1;1;1;1;1;1;1;1;1;1;0;5
2021-07-09;"60+";2;2;2;2;2;2;2;2;2;2;2;2;6;6;6;6;6;6;6;6;6;6;6;6;1;1;1;1;1;1;1;1;1;1;1;2;6
2021-07-09;"alle";2;2;2;2;2;2;2;2;2;2;2;2;11;11;11;11;11;11;11;11;11;11;11;11;NA;NA;NA;NA;NA;NA;NA;NA;NA;NA;NA;2;11
2021-07-08;"0-60";1;1;1;1;1;1;1;1;1;1;1;1;5;5;5;5;5;5;5;5;5;5;5;5;1;1;1;1;1;1;1;1;1;1;1;1;5
2021-07-08;"60+";1;1;1;1;1;1;1;1;1;1;1;1;6;6;6;6;6;6;6;6;6;6;6;6;1;1;1;1;1;1;1;1;1;1;1;1;6
2021-07-08;"alle";2;2;2;2;2;2;2;2;2;2;2;2;11;11;11;11;11;11;11;11;11;11;11;11;NA;NA;NA;NA;NA;NA;NA;NA;NA;NA;NA;2;11
2021-07-07;"0-60";1;1;1;1;1;1;1;1;1;1;1;1;4;4;4;4;4;4;4;4;4;4;4;4;1;1;1;1;1;1;1;1;1;1;1;1;4
2021-07-07;"60+";1;1;1;1;1;1;1;1;1;1;1;1;5;5;5;5;5;5;5;5;5;5;5;5;1;1;1;1;1;1;1;1;1;1;1;1;5
2021-07-07;"alle";2;2;2;2;2;2;2;2;2;2;2;2;9;9;9;9;9;9;9;9;9;9;9;9;NA;NA;NA;NA;NA;NA;NA;NA;NA;NA;NA;2;9
2021-07-06;"0-60";3;3;3;3;3;3;3;3;3;3;3;3;3;3;3;3;3;3;3;3;3;3;3;3;1;1;1;1;1;1;1;1;1;1;1;3;3
2021-07-06;"60+";1;1;1;1;1;1;1;1;1;1;1;1;4;4;4;4;4;4;4;4;4;4;4;4;1;1;1;1;1;1;1;1;1;1;1;1;4
2021-07-06;"alle";4;4;4;4;4;4;4;4;4;4;4;4;7;7;7;7;7;7;7;7;7;7;7;7;NA;NA;NA;NA;NA;NA;NA;NA;NA;NA;NA;4;7
2021-07-05;"0-60";0;0;0;0;0;0;0;0;0;0;0;0;0;0;0;0;0;0;0;NA;NA;NA;NA;NA;1;1;1;1;1;1;1;1;1;1;1;0;0
2021-07-05;"60+";0;0;0;0;0;0;0;0;0;0;0;0;4;4;4;4;4;4;4;4;4;4;4;4;1;1;1;1;1;1;1;1;1;1;1;0;4
2021-07-05;"alle";0;0;0;0;0;0;0;0;0;0;0;0;4;4;4;4;4;4;4;4;4;4;4;4;NA;NA;NA;NA;NA;NA;NA;NA;NA;NA;NA;0;4
2021-07-04;"0-60";0;0;0;0;0;0;0;0;0;0;0;0;0;0;0;0;0;0;0;NA;NA;NA;NA;NA;1;1;1;1;1;1;1;1;1;1;1;0;0
2021-07-04;"60+";0;0;0;0;0;0;0;0;0;0;0;0;5;5;5;5;5;5;5;5;5;5;5;5;1;1;1;1;1;1;1;1;1;1;1;0;5
2021-07-04;"alle";0;0;0;0;0;0;0;0;0;0;0;0;5;5;5;5;5;5;5;5;5;5;5;5;NA;NA;NA;NA;NA;NA;NA;NA;NA;NA;NA;0;5
2021-07-03;"0-60";0;0;0;0;0;0;0;0;0;0;0;0;0;0;0;0;0;0;0;NA;NA;NA;NA;NA;1;1;1;1;1;1;1;1;1;1;1;0;0
2021-07-03;"60+";1;1;1;1;1;1;1;1;1;1;1;1;6;6;6;6;6;6;6;6;6;6;6;6;1;1;1;1;1;1;1;1;1;1;1;1;6
2021-07-03;"alle";1;1;1;1;1;1;1;1;1;1;1;1;6;6;6;6;6;6;6;6;6;6;6;6;NA;NA;NA;NA;NA;NA;NA;NA;NA;NA;NA;1;6
2021-07-02;"0-60";0;0;0;0;0;0;0;0;0;0;0;0;2;2;2;2;2;2;2;2;2;2;2;2;1;1;1;1;1;1;1;1;1;1;1;0;2
2021-07-02;"60+";2;2;2;2;2;2;2;2;2;2;2;2;5;5;5;5;5;5;5;5;5;5;5;5;1;1;1;1;1;1;1;1;1;1;1;2;5
2021-07-02;"alle";2;2;2;2;2;2;2;2;2;2;2;2;7;7;7;7;7;7;7;7;7;7;7;7;NA;NA;NA;NA;NA;NA;NA;NA;NA;NA;NA;2;7
2021-07-01;"0-60";0;0;0;0;0;0;0;0;0;0;0;0;4;4;4;4;4;4;4;4;4;4;4;4;1;1;1;1;1;1;1;1;1;1;1;0;4
2021-07-01;"60+";0;0;0;0;0;0;0;0;0;0;0;0;4;4;4;4;4;4;4;4;4;4;4;4;1;1;1;1;1;1;1;1;1;1;1;0;4
2021-07-01;"alle";0;0;0;0;0;0;0;0;0;0;0;0;8;8;8;8;8;8;8;8;8;8;8;8;NA;NA;NA;NA;NA;NA;NA;NA;NA;NA;NA;0;8
2021-06-30;"0-60";0;0;0;0;0;0;0;0;0;0;0;0;6;6;6;6;6;6;6;6;6;6;6;6;1;1;1;1;1;1;1;1;1;1;1;0;6
2021-06-30;"60+";0;0;0;0;0;0;0;0;0;0;0;0;5;5;5;5;5;5;5;5;5;5;5;5;1;1;1;1;1;1;1;1;1;1;1;0;5
2021-06-30;"alle";0;0;0;0;0;0;0;0;0;0;0;0;11;11;11;11;11;11;11;11;11;11;11;11;NA;NA;NA;NA;NA;NA;NA;NA;NA;NA;NA;0;11
2021-06-29;"0-60";0;0;0;0;0;0;0;0;0;0;0;0;7;7;7;7;7;7;7;7;7;7;7;7;1;1;1;1;1;1;1;1;1;1;1;0;7
2021-06-29;"60+";1;1;1;1;1;1;1;1;1;1;1;1;9;9;9;9;9;9;9;9;9;9;9;9;1;1;1;1;1;1;1;1;1;1;1;1;9
2021-06-29;"alle";1;1;1;1;1;1;1;1;1;1;1;1;16;16;16;16;16;16;16;16;16;16;16;16;NA;NA;NA;NA;NA;NA;NA;NA;NA;NA;NA;1;16
2021-06-28;"0-60";0;0;0;0;0;0;0;0;0;0;0;0;11;11;11;11;11;11;11;11;11;11;11;11;1;1;1;1;1;1;1;1;1;1;1;0;11
2021-06-28;"60+";1;1;1;1;1;1;1;1;1;1;1;1;10;10;10;10;10;10;10;10;10;10;10;10;1;1;1;1;1;1;1;1;1;1;1;1;10
2021-06-28;"alle";1;1;1;1;1;1;1;1;1;1;1;1;21;21;21;21;21;21;21;21;21;21;21;21;NA;NA;NA;NA;NA;NA;NA;NA;NA;NA;NA;1;21
2021-06-27;"0-60";0;0;0;0;0;0;0;0;0;0;0;0;11;11;11;11;11;11;11;11;11;11;11;11;1;1;1;1;1;1;1;1;1;1;1;0;11
2021-06-27;"60+";1;1;1;1;1;1;1;1;1;1;1;1;9;9;9;9;9;9;9;9;9;9;9;9;1;1;1;1;1;1;1;1;1;1;1;1;9
2021-06-27;"alle";1;1;1;1;1;1;1;1;1;1;1;1;20;20;20;20;20;20;20;20;20;20;20;20;NA;NA;NA;NA;NA;NA;NA;NA;NA;NA;NA;1;20
2021-06-26;"0-60";2;2;2;2;2;2;2;2;2;2;2;2;11;11;11;11;11;11;11;11;11;11;11;11;1;1;1;1;1;1;1;1;1;1;1;2;11
2021-06-26;"60+";0;0;0;0;0;0;0;0;0;0;0;0;9;9;9;9;9;9;9;9;9;9;9;9;1;1;1;1;1;1;1;1;1;1;1;0;9
2021-06-26;"alle";2;2;2;2;2;2;2;2;2;2;2;2;20;20;20;20;20;20;20;20;20;20;20;20;NA;NA;NA;NA;NA;NA;NA;NA;NA;NA;NA;2;20
2021-06-25;"0-60";2;2;2;2;2;2;2;2;2;2;2;2;10;10;10;10;10;10;10;10;10;10;10;10;1;1;1;1;1;1;1;1;1;1;1;2;10
2021-06-25;"60+";1;1;1;1;1;1;1;1;1;1;1;1;11;11;11;11;11;11;11;11;11;11;11;11;1;1;1;1;1;1;1;1;1;1;1;1;11
2021-06-25;"alle";3;3;3;3;3;3;3;3;3;3;3;3;21;21;21;21;21;21;21;21;21;21;21;21;NA;NA;NA;NA;NA;NA;NA;NA;NA;NA;NA;3;21
2021-06-24;"0-60";2;2;2;2;2;2;2;2;2;2;2;2;9;9;9;9;9;9;9;9;9;9;9;9;1;1;1;1;1;1;1;1;1;1;1;2;9
2021-06-24;"60+";1;1;1;1;1;1;1;1;1;1;1;1;13;13;13;13;13;13;13;13;13;13;13;13;1;1;1;1;1;1;1;1;1;1;1;1;13
2021-06-24;"alle";3;3;3;3;3;3;3;3;3;3;3;3;22;22;22;22;22;22;22;22;22;22;22;22;NA;NA;NA;NA;NA;NA;NA;NA;NA;NA;NA;3;22
2021-06-23;"0-60";1;1;1;1;1;1;1;1;1;1;1;1;7;7;7;7;7;7;7;7;7;7;7;7;1;1;1;1;1;1;1;1;1;1;1;1;7
2021-06-23;"60+";4;4;4;4;4;4;4;4;4;4;4;4;14;14;14;14;14;14;14;14;14;14;14;14;1;1;1;1;1;1;1;1;1;1;1;4;14
2021-06-23;"alle";5;5;5;5;5;5;5;5;5;5;5;5;21;21;21;21;21;21;21;21;21;21;21;21;NA;NA;NA;NA;NA;NA;NA;NA;NA;NA;NA;5;21
2021-06-22;"0-60";4;4;4;4;4;4;4;4;4;4;4;4;10;10;10;10;10;10;10;10;10;10;10;10;1;1;1;1;1;1;1;1;1;1;1;4;10
2021-06-22;"60+";2;2;2;2;2;2;2;2;2;2;2;2;13;13;13;13;13;13;13;13;13;13;13;13;1;1;1;1;1;1;1;1;1;1;1;2;13
2021-06-22;"alle";6;6;6;6;6;6;6;6;6;6;6;6;23;23;23;23;23;23;23;23;23;23;23;23;NA;NA;NA;NA;NA;NA;NA;NA;NA;NA;NA;6;23
2021-06-21;"0-60";0;0;0;0;0;0;0;0;0;0;0;0;9;9;9;9;9;9;9;9;9;9;9;9;1;1;1;1;1;1;1;1;1;1;1;0;9
2021-06-21;"60+";0;0;0;0;0;0;0;0;0;0;0;0;17;17;17;17;17;17;17;17;17;17;17;17;1;1;1;1;1;1;1;1;1;1;1;0;17
2021-06-21;"alle";0;0;0;0;0;0;0;0;0;0;0;0;26;26;26;26;26;26;26;26;26;26;26;26;NA;NA;NA;NA;NA;NA;NA;NA;NA;NA;NA;0;26
2021-06-20;"0-60";0;0;0;0;0;0;0;0;0;0;0;0;10;10;10;10;10;10;10;10;10;10;10;10;1;1;1;1;1;1;1;1;1;1;1;0;10
2021-06-20;"60+";1;1;1;1;1;1;1;1;1;1;1;1;19;19;19;19;19;19;19;19;19;19;19;19;1;1;1;1;1;1;1;1;1;1;1;1;18
2021-06-20;"alle";1;1;1;1;1;1;1;1;1;1;1;1;29;29;29;29;29;29;29;29;29;29;29;29;NA;NA;NA;NA;NA;NA;NA;NA;NA;NA;NA;1;28
2021-06-19;"0-60";1;1;1;1;1;1;1;1;1;1;1;1;11;11;11;11;11;11;11;11;11;11;11;11;1;1;1;1;1;1;1;1;1;1;1;1;11
2021-06-19;"60+";2;2;2;2;2;2;2;2;2;2;2;2;18;18;18;18;18;18;18;18;18;18;18;18;1;1;1;1;1;1;1;1;1;1;1;2;17
2021-06-19;"alle";3;3;3;3;3;3;3;3;3;3;3;3;29;29;29;29;29;29;29;29;29;29;29;29;NA;NA;NA;NA;NA;NA;NA;NA;NA;NA;NA;3;28
2021-06-18;"0-60";1;1;1;1;1;1;1;1;1;1;1;1;11;11;11;11;11;11;11;11;11;11;11;11;1;1;1;1;1;1;1;1;1;1;1;1;11
2021-06-18;"60+";3;3;3;3;3;3;3;3;3;3;3;3;21;21;21;21;21;21;21;21;21;21;21;21;1;1;1;1;1;1;1;1;1;1;1;3;20
2021-06-18;"alle";4;4;4;4;4;4;4;4;4;4;4;4;32;32;32;32;32;32;32;32;32;32;32;32;NA;NA;NA;NA;NA;NA;NA;NA;NA;NA;NA;4;31
2021-06-17;"0-60";0;0;0;0;0;0;0;0;0;0;0;0;12;12;12;12;12;12;12;12;12;12;12;12;1;1;1;1;1;1;1;1;1;1;1;0;12
2021-06-17;"60+";2;2;2;2;2;2;2;2;2;2;2;2;22;22;22;22;22;22;22;22;22;22;22;22;1;1;1;1;1;1;1;1;1;1;1;2;21
2021-06-17;"alle";2;2;2;2;2;2;2;2;2;2;2;2;34;34;34;34;34;34;34;34;34;34;34;34;NA;NA;NA;NA;NA;NA;NA;NA;NA;NA;NA;2;33
2021-06-16;"0-60";4;4;4;4;4;4;4;4;4;4;4;4;14;14;14;14;14;14;14;14;14;14;14;14;1;1;1;1;1;1;1;1;1;1;1;4;14
2021-06-16;"60+";3;3;3;3;3;3;3;3;3;3;3;3;28;28;28;28;28;28;28;28;28;28;28;28;1;1;1;1;1;1;1;1;1;1;1;3;27
2021-06-16;"alle";7;7;7;7;7;7;7;7;7;7;7;7;42;42;42;42;42;42;42;42;42;42;42;42;NA;NA;NA;NA;NA;NA;NA;NA;NA;NA;NA;7;41
2021-06-15;"0-60";3;3;3;3;3;3;3;3;3;3;3;3;12;12;12;12;12;12;12;12;12;12;12;12;1;1;1;1;1;1;1;1;1;1;1;3;12
2021-06-15;"60+";6;6;6;6;6;6;6;6;6;6;6;6;30;30;30;30;30;30;30;30;30;30;30;30;1;1;1;1;1;1;1;1;1;1;1;6;29
2021-06-15;"alle";9;9;9;9;9;9;9;9;9;9;9;9;42;42;42;42;42;42;42;42;42;42;42;42;NA;NA;NA;NA;NA;NA;NA;NA;NA;NA;NA;9;41
2021-06-14;"0-60";1;1;1;1;1;1;1;1;1;1;1;1;13;13;13;13;13;13;13;13;13;13;13;13;1;1;1;1;1;1;1;1;1;1;1;1;13
2021-06-14;"60+";2;2;2;2;2;2;2;2;2;2;2;2;30;30;30;30;30;30;30;30;30;30;30;30;1;1;1;1;1;1;1;1;1;1;1;1;29
2021-06-14;"alle";3;3;3;3;3;3;3;3;3;3;3;3;43;43;43;43;43;43;43;43;43;43;43;43;NA;NA;NA;NA;NA;NA;NA;NA;NA;NA;NA;2;42
2021-06-13;"0-60";1;1;1;1;1;1;1;1;1;1;1;1;12;12;12;12;12;12;12;12;12;12;12;12;1;1;1;1;1;1;1;1;1;1;1;1;12
2021-06-13;"60+";0;0;0;0;0;0;0;0;0;0;0;0;31;31;31;31;31;31;31;31;31;31;31;31;1;1;1;1;1;1;1;1;1;1;1;0;31
2021-06-13;"alle";1;1;1;1;1;1;1;1;1;1;1;1;43;43;43;43;43;43;43;43;43;43;43;43;NA;NA;NA;NA;NA;NA;NA;NA;NA;NA;NA;1;43
2021-06-12;"0-60";1;1;1;1;1;1;1;1;1;1;1;1;12;12;12;12;12;12;12;12;12;12;12;12;1;1;1;1;1;1;1;1;1;1;1;1;12
2021-06-12;"60+";5;5;5;5;5;5;5;5;5;5;5;5;38;38;38;38;38;38;38;38;38;38;38;38;1;1;1;1;1;1;1;1;1;1;1;5;37
2021-06-12;"alle";6;6;6;6;6;6;6;6;6;6;6;6;50;50;50;50;50;50;50;50;50;50;50;50;NA;NA;NA;NA;NA;NA;NA;NA;NA;NA;NA;6;49
2021-06-11;"0-60";2;2;2;2;2;2;2;2;2;2;2;2;12;12;12;12;12;12;12;12;12;12;12;12;1;1;1;1;1;1;1;1;1;1;1;2;12
2021-06-11;"60+";4;4;4;4;4;4;4;4;4;4;4;4;37;37;37;37;37;37;37;37;37;37;37;37;1;1;1;1;1;1;1;1;1;1;1;4;36
2021-06-11;"alle";6;6;6;6;6;6;6;6;6;6;6;6;49;49;49;49;49;49;49;49;49;49;49;49;NA;NA;NA;NA;NA;NA;NA;NA;NA;NA;NA;6;48
2021-06-10;"0-60";2;2;2;2;2;2;2;2;2;2;2;2;12;12;12;12;12;12;12;12;12;12;12;12;1;1;1;1;1;1;1;1;1;1;1;2;12
2021-06-10;"60+";8;8;8;8;8;8;8;8;8;8;8;8;40;40;40;40;40;40;40;40;40;40;40;40;1;1;1;1;1;1;1;1;1;1;1;8;39
2021-06-10;"alle";10;10;10;10;10;10;10;10;10;10;10;10;52;52;52;52;52;52;52;52;52;52;52;52;NA;NA;NA;NA;NA;NA;NA;NA;NA;NA;NA;10;51
2021-06-09;"0-60";2;2;2;2;2;2;2;2;2;2;2;2;13;13;13;13;13;13;13;13;13;13;13;13;1;1;1;1;1;1;1;1;1;1;1;2;13
2021-06-09;"60+";5;5;5;5;5;5;5;5;5;5;5;5;43;43;43;43;43;43;43;43;43;43;43;43;1;1;1;1;1;1;1;1;1;1;1;5;42
2021-06-09;"alle";7;7;7;7;7;7;7;7;7;7;7;7;56;56;56;56;56;56;56;56;56;56;56;56;NA;NA;NA;NA;NA;NA;NA;NA;NA;NA;NA;7;55
2021-06-08;"0-60";4;4;4;4;4;4;4;4;4;4;4;4;18;18;18;18;18;18;18;18;18;18;18;18;1;1;1;1;1;1;1;1;1;1;1;4;18
2021-06-08;"60+";6;6;6;6;6;6;6;6;6;6;6;6;48;48;48;48;48;48;48;48;48;48;48;48;1;1;1;1;1;1;1;1;1;1;1;6;47
2021-06-08;"alle";10;10;10;10;10;10;10;10;10;10;10;10;66;66;66;66;66;66;66;66;66;66;66;66;NA;NA;NA;NA;NA;NA;NA;NA;NA;NA;NA;10;65
2021-06-07;"0-60";0;0;0;0;0;0;0;0;0;0;0;0;22;22;22;22;22;22;22;22;22;22;22;22;1;1;1;1;1;1;1;1;1;1;1;0;22
2021-06-07;"60+";3;3;3;3;3;3;3;3;3;3;3;3;61;61;61;61;61;61;61;61;61;61;61;61;1;1;1;1;1;1;1;1;1;1;1;3;57
2021-06-07;"alle";3;3;3;3;3;3;3;3;3;3;3;3;83;83;83;83;83;83;83;83;83;83;83;83;NA;NA;NA;NA;NA;NA;NA;NA;NA;NA;NA;3;79
2021-06-06;"0-60";1;1;1;1;1;1;1;1;1;1;1;1;22;22;22;22;22;22;22;22;22;22;22;22;1;1;1;1;1;1;1;1;1;1;1;1;22
2021-06-06;"60+";7;7;7;7;7;7;7;7;7;7;7;7;61;61;61;61;61;61;61;61;61;61;61;61;1;1;1;1;1;1;1;1;1;1;1;6;57
2021-06-06;"alle";8;8;8;8;8;8;8;8;8;8;8;8;83;83;83;83;83;83;83;83;83;83;83;83;NA;NA;NA;NA;NA;NA;NA;NA;NA;NA;NA;7;79
2021-06-05;"0-60";1;1;1;1;1;1;1;1;1;1;1;1;22;22;22;22;22;22;22;22;22;22;22;22;1;1;1;1;1;1;1;1;1;1;1;1;22
2021-06-05;"60+";4;4;4;4;4;4;4;4;4;4;4;4;64;64;64;64;64;64;64;64;64;64;64;64;1;1;1;1;1;1;1;1;1;1;1;4;61
2021-06-05;"alle";5;5;5;5;5;5;5;5;5;5;5;5;86;86;86;86;86;86;86;86;86;86;86;86;NA;NA;NA;NA;NA;NA;NA;NA;NA;NA;NA;5;83
2021-06-04;"0-60";2;2;2;2;2;2;2;2;2;2;2;2;24;24;24;24;24;24;24;24;24;24;24;24;1;1;1;1;1;1;1;1;1;1;1;2;24
2021-06-04;"60+";7;7;7;7;7;7;7;7;7;7;7;7;72;72;72;72;72;72;72;72;72;72;72;72;1;1;1;1;1;1;1;1;1;1;1;7;68
2021-06-04;"alle";9;9;9;9;9;9;9;9;9;9;9;9;96;96;96;96;96;96;96;96;96;96;96;96;NA;NA;NA;NA;NA;NA;NA;NA;NA;NA;NA;9;92
2021-06-03;"0-60";3;3;3;3;3;3;3;3;3;3;3;3;27;27;27;27;27;27;27;27;27;27;27;27;1;1;1;1;1;1;1;1;1;1;1;3;27
2021-06-03;"60+";11;11;11;11;11;11;11;11;11;11;11;11;79;79;79;79;79;79;79;79;79;79;79;79;1;1;1;1;1;1;1;1;1;1;1;11;75
2021-06-03;"alle";14;14;14;14;14;14;14;14;14;14;14;14;106;106;106;106;106;106;106;106;106;106;106;106;NA;NA;NA;NA;NA;NA;NA;NA;NA;NA;NA;14;102
2021-06-02;"0-60";7;7;7;7;7;7;7;7;7;7;7;7;31;31;31;31;31;31;31;31;31;31;31;31;1;1;1;1;1;1;1;1;1;1;1;7;30
2021-06-02;"60+";10;10;10;10;10;10;10;10;10;10;10;10;92;92;92;92;92;92;92;92;92;92;92;92;1;1;1;1;1;1;1;1;1;1;1;10;88
2021-06-02;"alle";17;17;17;17;17;17;17;17;17;17;17;17;123;123;123;123;123;123;123;123;123;123;123;123;NA;NA;NA;NA;NA;NA;NA;NA;NA;NA;NA;17;118
2021-06-01;"0-60";8;8;8;8;8;8;8;8;8;8;8;8;41;41;41;41;41;41;41;41;41;41;41;41;1;1;1;1;1;1;1;1;1;1;1;8;40
2021-06-01;"60+";19;19;19;19;19;19;19;19;19;19;19;19;113;113;113;113;113;113;113;113;113;113;113;113;1;1;1;1;1;1;1;1;1;1;1;16;106
2021-06-01;"alle";27;27;27;27;27;27;27;27;27;27;27;27;154;154;154;154;154;154;154;154;154;154;154;154;NA;NA;NA;NA;NA;NA;NA;NA;NA;NA;NA;24;146
2021-05-31;"0-60";0;0;0;0;0;0;0;0;0;0;0;0;34;34;34;34;34;34;34;34;34;34;34;34;1;1;1;1;1;1;1;1;1;1;1;0;33
2021-05-31;"60+";3;3;3;3;3;3;3;3;3;3;3;3;103;103;103;103;103;103;103;103;103;103;103;103;1;1;1;1;1;1;1;1;1;1;1;3;99
2021-05-31;"alle";3;3;3;3;3;3;3;3;3;3;3;3;137;137;137;137;137;137;137;137;137;137;137;137;NA;NA;NA;NA;NA;NA;NA;NA;NA;NA;NA;3;132
2021-05-30;"0-60";1;1;1;1;1;1;1;1;1;1;1;1;36;36;36;36;36;36;36;36;36;36;36;36;1;1;1;1;1;1;1;1;1;1;1;1;35
2021-05-30;"60+";10;10;10;10;10;10;10;10;10;10;10;10;110;110;110;110;110;110;110;110;110;110;110;110;1;1;1;1;1;1;1;1;1;1;1;10;105
2021-05-30;"alle";11;11;11;11;11;11;11;11;11;11;11;11;146;146;146;146;146;146;146;146;146;146;146;146;NA;NA;NA;NA;NA;NA;NA;NA;NA;NA;NA;11;141
2021-05-29;"0-60";3;3;3;3;3;3;3;3;3;3;3;3;45;45;45;45;45;45;45;45;45;45;45;45;1;1;1;1;1;1;1;1;1;1;1;3;43
2021-05-29;"60+";12;12;12;12;12;12;12;12;12;12;12;12;107;107;107;107;107;107;107;107;107;107;107;107;1;1;1;1;1;1;1;1;1;1;1;11;102
2021-05-29;"alle";15;15;15;15;15;15;15;15;15;15;15;15;152;152;152;152;152;152;152;152;152;152;152;152;NA;NA;NA;NA;NA;NA;NA;NA;NA;NA;NA;14;146
2021-05-28;"0-60";5;5;5;5;5;5;5;5;5;5;5;5;49;49;49;49;49;49;49;49;49;49;49;49;1;1;1;1;1;1;1;1;1;1;1;5;47
2021-05-28;"60+";14;14;14;14;14;14;14;14;14;14;14;14;129;129;129;129;129;129;129;129;129;129;129;129;1;1;1;1;1;1;1;1;1;1;1;14;124
2021-05-28;"alle";19;19;19;19;19;19;19;19;19;19;19;19;178;178;178;178;178;178;178;178;178;178;178;178;NA;NA;NA;NA;NA;NA;NA;NA;NA;NA;NA;19;172
2021-05-27;"0-60";7;7;7;7;7;7;7;7;7;7;7;7;54;54;54;54;54;54;54;54;54;54;54;54;1;1;1;1;1;1;1;1;1;1;1;6;52
2021-05-27;"60+";24;24;24;24;24;24;24;24;24;24;24;24;133;133;133;133;133;133;133;133;133;133;133;133;1;1;1;1;1;1;1;1;1;1;1;24;128
2021-05-27;"alle";31;31;31;31;31;31;31;31;31;31;31;31;187;187;187;187;187;187;187;187;187;187;187;187;NA;NA;NA;NA;NA;NA;NA;NA;NA;NA;NA;30;181
2021-05-26;"0-60";17;17;17;17;17;17;17;17;17;17;17;17;56;56;56;56;56;56;56;56;56;56;56;56;1;1;1;1;1;1;1;1;1;1;1;17;55
2021-05-26;"60+";31;31;31;31;31;31;31;31;31;31;31;31;148;148;148;148;148;148;148;148;148;148;148;148;1;1;1;1;1;1;1;1;1;1;1;28;141
2021-05-26;"alle";48;48;48;48;48;48;48;48;48;48;48;48;204;204;204;204;204;204;204;204;204;204;204;204;NA;NA;NA;NA;NA;NA;NA;NA;NA;NA;NA;45;197
2021-05-25;"0-60";1;1;1;1;1;1;1;1;1;1;1;1;55;55;55;55;55;55;55;55;55;55;55;55;1;1;1;1;1;1;1;1;1;1;1;1;53
2021-05-25;"60+";9;9;9;9;9;9;9;9;9;9;9;9;150;150;150;150;150;150;150;150;150;150;150;150;1;1;1;1;1;1;1;1;1;1;1;9;142
2021-05-25;"alle";10;10;10;10;10;10;10;10;10;10;10;10;205;205;205;205;205;205;205;205;205;205;205;205;NA;NA;NA;NA;NA;NA;NA;NA;NA;NA;NA;10;196
2021-05-24;"0-60";2;2;2;2;2;2;2;2;2;2;2;2;67;67;67;67;67;67;67;67;67;67;67;67;1;1;1;1;1;1;1;1;1;1;1;2;65
2021-05-24;"60+";10;10;10;10;10;10;10;10;10;10;10;10;182;182;182;182;182;182;182;182;182;182;182;182;1;1;1;1;1;1;1;1;1;1;1;9;172
2021-05-24;"alle";12;12;12;12;12;12;12;12;12;12;12;12;249;249;249;249;249;249;249;249;249;249;249;249;NA;NA;NA;NA;NA;NA;NA;NA;NA;NA;NA;12;238
2021-05-23;"0-60";10;10;10;10;10;10;10;10;10;10;10;10;73;73;73;73;73;73;73;73;73;73;73;73;1;1;1;1;1;1;1;1;1;1;1;9;71
2021-05-23;"60+";7;7;7;7;7;7;7;7;7;7;7;7;189;189;189;189;189;189;189;189;189;189;189;189;1;1;1;1;1;1;1;1;1;1;1;7;178
2021-05-23;"alle";17;17;17;17;17;17;17;17;17;17;17;17;262;262;262;262;262;262;262;262;262;262;262;262;NA;NA;NA;NA;NA;NA;NA;NA;NA;NA;NA;16;249
2021-05-22;"0-60";7;7;7;7;7;7;7;7;7;7;7;7;74;74;74;74;74;74;74;74;74;74;74;74;1;1;1;1;1;1;1;1;1;1;1;7;73
2021-05-22;"60+";34;34;34;34;34;34;34;34;34;34;34;34;204;204;204;204;204;204;204;204;204;204;204;204;1;1;1;1;1;1;1;1;1;1;1;33;190
2021-05-22;"alle";41;41;41;41;41;41;41;41;41;41;41;41;278;278;278;278;278;278;278;278;278;278;278;278;NA;NA;NA;NA;NA;NA;NA;NA;NA;NA;NA;40;263
2021-05-21;"0-60";10;10;10;10;10;10;10;10;10;10;10;10;79;79;79;79;79;79;79;79;79;79;79;79;1;1;1;1;1;1;1;1;1;1;1;10;77
2021-05-21;"60+";18;18;18;18;18;18;18;18;18;18;18;18;200;200;200;200;200;200;200;200;200;200;200;200;1;1;1;1;1;1;1;1;1;1;1;18;185
2021-05-21;"alle";28;28;28;28;28;28;28;28;28;28;28;28;279;279;279;279;279;279;279;279;279;279;279;279;NA;NA;NA;NA;NA;NA;NA;NA;NA;NA;NA;28;262
2021-05-20;"0-60";9;9;9;9;9;9;9;9;9;9;9;9;80;80;80;80;80;80;80;80;80;80;80;80;1;1;1;1;1;1;1;1;1;1;1;9;77
2021-05-20;"60+";39;39;39;39;39;39;39;39;39;39;39;39;213;213;213;213;213;213;213;213;213;213;213;213;1;1;1;1;1;1;1;1;1;1;1;37;197
2021-05-20;"alle";48;48;48;48;48;48;48;48;48;48;48;48;293;293;293;293;293;293;293;293;293;293;293;293;NA;NA;NA;NA;NA;NA;NA;NA;NA;NA;NA;46;274
2021-05-19;"0-60";16;16;16;16;16;16;16;16;16;16;16;16;90;90;90;90;90;90;90;90;90;90;90;90;1;1;1;1;1;1;1;1;1;1;1;15;87
2021-05-19;"60+";33;33;33;33;33;33;33;33;33;33;33;33;231;231;231;231;231;231;231;231;231;231;231;231;1;1;1;1;1;1;1;1;1;1;1;29;216
2021-05-19;"alle";49;49;49;49;49;49;49;49;49;49;49;49;321;321;321;321;321;321;321;321;321;321;321;321;NA;NA;NA;NA;NA;NA;NA;NA;NA;NA;NA;44;303
2021-05-18;"0-60";13;13;13;13;13;13;13;13;13;13;13;13;91;91;91;91;91;91;91;91;91;91;91;91;1;1;1;1;1;1;1;1;1;1;1;13;88
2021-05-18;"60+";41;41;41;41;41;41;41;41;41;41;41;41;239;239;239;239;239;239;239;239;239;239;239;239;1;1;1;1;1;1;1;1;1;1;1;39;222
2021-05-18;"alle";54;54;54;54;54;54;54;54;54;54;54;54;330;330;330;330;330;330;330;330;330;330;330;330;NA;NA;NA;NA;NA;NA;NA;NA;NA;NA;NA;52;310
2021-05-17;"0-60";8;8;8;8;8;8;8;8;8;8;8;8;98;98;98;98;98;98;98;98;98;98;98;98;1;1;1;1;1;1;1;1;1;1;1;8;93
2021-05-17;"60+";17;17;17;17;17;17;17;17;17;17;17;17;239;239;239;239;239;239;239;239;239;239;239;239;1;1;1;1;1;1;1;1;1;1;1;15;221
2021-05-17;"alle";25;25;25;25;25;25;25;25;25;25;25;25;337;337;337;337;337;337;337;337;337;337;337;337;NA;NA;NA;NA;NA;NA;NA;NA;NA;NA;NA;23;314
2021-05-16;"0-60";11;11;11;11;11;11;11;11;11;11;11;11;96;96;96;96;96;96;96;96;96;96;96;96;1;1;1;1;1;1;1;1;1;1;1;11;91
2021-05-16;"60+";22;22;22;22;22;22;22;22;22;22;22;22;243;243;243;243;243;243;243;243;243;243;243;243;1;1;1;1;1;1;1;1;1;1;1;19;222
2021-05-16;"alle";33;33;33;33;33;33;33;33;33;33;33;33;339;339;339;339;339;339;339;339;339;339;339;339;NA;NA;NA;NA;NA;NA;NA;NA;NA;NA;NA;30;313
2021-05-15;"0-60";12;12;12;12;12;12;12;12;12;12;12;12;97;97;97;97;97;97;97;97;97;97;97;97;1;1;1;1;1;1;1;1;1;1;1;11;90
2021-05-15;"60+";30;30;30;30;30;30;30;30;30;30;30;30;253;253;253;253;253;253;253;253;253;253;253;253;1;1;1;1;1;1;1;1;1;1;1;28;234
2021-05-15;"alle";42;42;42;42;42;42;42;42;42;42;42;42;350;350;350;350;350;350;350;350;350;350;350;350;NA;NA;NA;NA;NA;NA;NA;NA;NA;NA;NA;39;324
2021-05-14;"0-60";11;11;11;11;11;11;11;11;11;11;11;11;102;102;102;102;102;102;102;102;102;102;102;102;1;1;1;1;1;1;1;1;1;1;1;10;93
2021-05-14;"60+";31;31;31;31;31;31;31;31;31;31;31;31;268;268;268;268;268;268;268;268;268;268;268;268;1;1;1;1;1;1;1;1;1;1;1;30;247
2021-05-14;"alle";42;42;42;42;42;42;42;42;42;42;42;42;370;370;370;370;370;370;370;370;370;370;370;370;NA;NA;NA;NA;NA;NA;NA;NA;NA;NA;NA;40;340
2021-05-13;"0-60";19;19;19;19;19;19;19;19;19;19;19;19;106;106;106;106;106;106;106;106;106;106;106;106;1;1;1;1;1;1;1;1;1;1;1;19;97
2021-05-13;"60+";57;57;57;57;57;57;57;57;57;57;57;57;278;278;278;278;278;278;278;278;278;278;278;278;1;1;1;1;1;1;1;1;1;1;1;56;254
2021-05-13;"alle";76;76;76;76;76;76;76;76;76;76;76;76;384;384;384;384;384;384;384;384;384;384;384;384;NA;NA;NA;NA;NA;NA;NA;NA;NA;NA;NA;75;351
2021-05-12;"0-60";17;17;17;17;17;17;17;17;17;17;17;17;124;124;124;124;124;124;124;124;124;124;124;124;1;1;1;1;1;1;1;1;1;1;1;16;108
2021-05-12;"60+";41;41;41;41;41;41;41;41;41;41;41;41;271;271;271;271;271;271;271;271;271;271;271;271;1;1;1;1;1;1;1;1;1;1;1;35;245
2021-05-12;"alle";58;58;58;58;58;58;58;58;58;58;58;58;395;395;395;395;395;395;395;395;395;395;395;395;NA;NA;NA;NA;NA;NA;NA;NA;NA;NA;NA;51;353
2021-05-11;"0-60";20;20;20;20;20;20;20;20;20;20;20;20;137;137;137;137;137;137;137;137;137;137;137;137;1;1;1;1;1;1;1;1;1;1;1;18;119
2021-05-11;"60+";41;41;41;41;41;41;41;41;41;41;41;41;279;279;279;279;279;279;279;279;279;279;279;279;1;1;1;1;1;1;1;1;1;1;1;38;255
2021-05-11;"alle";61;61;61;61;61;61;61;61;61;61;61;61;416;416;416;416;416;416;416;416;416;416;416;416;NA;NA;NA;NA;NA;NA;NA;NA;NA;NA;NA;56;374
2021-05-10;"0-60";6;6;6;6;6;6;6;6;6;6;6;6;146;146;146;146;146;146;146;146;146;146;146;146;1;1;1;1;1;1;1;1;1;1;1;6;128
2021-05-10;"60+";21;21;21;21;21;21;21;21;21;21;21;21;298;298;298;298;298;298;298;298;298;298;298;298;1;1;1;1;1;1;1;1;1;1;1;16;272
2021-05-10;"alle";27;27;27;27;27;27;27;27;27;27;27;27;444;444;444;444;444;444;444;444;444;444;444;444;NA;NA;NA;NA;NA;NA;NA;NA;NA;NA;NA;22;400
2021-05-09;"0-60";12;12;12;12;12;12;12;12;12;12;12;12;150;150;150;150;150;150;150;150;150;150;150;150;1;1;1;1;1;1;1;1;1;1;1;10;132
2021-05-09;"60+";32;32;32;32;32;32;32;32;32;32;32;32;303;303;303;303;303;303;303;303;303;303;303;303;1;1;1;1;1;1;1;1;1;1;1;31;282
2021-05-09;"alle";44;44;44;44;44;44;44;44;44;44;44;44;453;453;453;453;453;453;453;453;453;453;453;453;NA;NA;NA;NA;NA;NA;NA;NA;NA;NA;NA;41;414
2021-05-08;"0-60";17;17;17;17;17;17;17;17;17;17;17;17;153;153;153;153;153;153;153;153;153;153;153;153;1;1;1;1;1;1;1;1;1;1;1;14;136
2021-05-08;"60+";45;45;45;45;45;45;45;45;45;45;45;45;312;312;312;312;312;312;312;312;312;312;312;312;1;1;1;1;1;1;1;1;1;1;1;41;289
2021-05-08;"alle";62;62;62;62;62;62;62;62;62;62;62;62;465;465;465;465;465;465;465;465;465;465;465;465;NA;NA;NA;NA;NA;NA;NA;NA;NA;NA;NA;55;425
2021-05-07;"0-60";15;15;15;15;15;15;15;15;15;15;15;15;155;155;155;155;155;155;155;155;155;155;155;155;1;1;1;1;1;1;1;1;1;1;1;14;139
2021-05-07;"60+";41;41;41;41;41;41;41;41;41;41;41;41;316;316;316;316;316;316;316;316;316;316;316;316;1;1;1;1;1;1;1;1;1;1;1;37;292
2021-05-07;"alle";56;56;56;56;56;56;56;56;56;56;56;56;471;471;471;471;471;471;471;471;471;471;471;471;NA;NA;NA;NA;NA;NA;NA;NA;NA;NA;NA;51;431
2021-05-06;"0-60";37;37;37;37;37;37;37;37;37;37;37;37;158;158;158;158;158;158;158;158;158;158;158;158;1;1;1;1;1;1;1;1;1;1;1;30;142
2021-05-06;"60+";50;50;50;50;50;50;50;50;50;50;50;50;326;326;326;326;326;326;326;326;326;326;326;326;1;1;1;1;1;1;1;1;1;1;1;47;303
2021-05-06;"alle";87;87;87;87;87;87;87;87;87;87;87;87;484;484;484;484;484;484;484;484;484;484;484;484;NA;NA;NA;NA;NA;NA;NA;NA;NA;NA;NA;77;445
2021-05-05;"0-60";30;30;30;30;30;30;30;30;30;30;30;30;140;140;140;140;140;140;140;140;140;140;140;140;1;1;1;1;1;1;1;1;1;1;1;27;127
2021-05-05;"60+";49;49;49;49;49;49;49;49;49;49;49;49;326;326;326;326;326;326;326;326;326;326;326;326;1;1;1;1;1;1;1;1;1;1;1;45;300
2021-05-05;"alle";79;79;79;79;79;79;79;79;79;79;79;79;466;466;466;466;466;466;466;466;466;466;466;466;NA;NA;NA;NA;NA;NA;NA;NA;NA;NA;NA;72;427
2021-05-04;"0-60";29;29;29;29;29;29;29;29;29;29;29;29;135;135;135;135;135;135;135;135;135;135;135;135;1;1;1;1;1;1;1;1;1;1;1;27;123
2021-05-04;"60+";60;60;60;60;60;60;60;60;60;60;60;60;343;343;343;343;343;343;343;343;343;343;343;343;1;1;1;1;1;1;1;1;1;1;1;55;310
2021-05-04;"alle";89;89;89;89;89;89;89;89;89;89;89;89;478;478;478;478;478;478;478;478;478;478;478;478;NA;NA;NA;NA;NA;NA;NA;NA;NA;NA;NA;82;433
2021-05-03;"0-60";10;10;10;10;10;10;10;10;10;10;10;10;125;125;125;125;125;125;125;125;125;125;125;125;1;1;1;1;1;1;1;1;1;1;1;10;111
2021-05-03;"60+";26;26;26;26;26;26;26;26;26;26;26;26;343;343;343;343;343;343;343;343;343;343;343;343;1;1;1;1;1;1;1;1;1;1;1;26;307
2021-05-03;"alle";36;36;36;36;36;36;36;36;36;36;36;36;468;468;468;468;468;468;468;468;468;468;468;468;NA;NA;NA;NA;NA;NA;NA;NA;NA;NA;NA;36;418
2021-05-02;"0-60";15;15;15;15;15;15;15;15;15;15;15;15;130;130;130;130;130;130;130;130;130;130;130;130;1;1;1;1;1;1;1;1;1;1;1;14;116
2021-05-02;"60+";41;41;41;41;41;41;41;41;41;41;41;41;342;342;342;342;342;342;342;342;342;342;342;342;1;1;1;1;1;1;1;1;1;1;1;38;305
2021-05-02;"alle";56;56;56;56;56;56;56;56;56;56;56;56;472;472;472;472;472;472;472;472;472;472;472;472;NA;NA;NA;NA;NA;NA;NA;NA;NA;NA;NA;52;421
2021-05-01;"0-60";19;19;19;19;19;19;19;19;19;19;19;19;132;132;132;132;132;132;132;132;132;132;132;132;1;1;1;1;1;1;1;1;1;1;1;17;118
2021-05-01;"60+";49;49;49;49;49;49;49;49;49;49;49;49;339;339;339;339;339;339;339;339;339;339;339;339;1;1;1;1;1;1;1;1;1;1;1;44;302
2021-05-01;"alle";68;68;68;68;68;68;68;68;68;68;68;68;471;471;471;471;471;471;471;471;471;471;471;471;NA;NA;NA;NA;NA;NA;NA;NA;NA;NA;NA;61;420
2021-04-30;"0-60";18;18;18;18;18;18;18;18;18;18;18;18;133;133;133;133;133;133;133;133;133;133;133;133;1;1;1;1;1;1;1;1;1;1;1;17;119
2021-04-30;"60+";51;51;51;51;51;51;51;51;51;51;51;51;355;355;355;355;355;355;355;355;355;355;355;355;1;1;1;1;1;1;1;1;1;1;1;48;317
2021-04-30;"alle";69;69;69;69;69;69;69;69;69;69;69;69;488;488;488;488;488;488;488;488;488;488;488;488;NA;NA;NA;NA;NA;NA;NA;NA;NA;NA;NA;65;436
2021-04-29;"0-60";19;19;19;19;19;19;19;19;19;19;19;19;137;137;137;137;137;137;137;137;137;137;137;137;1;1;1;1;1;1;1;1;1;1;1;15;120
2021-04-29;"60+";50;50;50;50;50;50;50;50;50;50;50;50;362;362;362;362;362;362;362;362;362;362;362;362;1;1;1;1;1;1;1;1;1;1;1;44;322
2021-04-29;"alle";69;69;69;69;69;69;69;69;69;69;69;69;499;499;499;499;499;499;499;499;499;499;499;499;NA;NA;NA;NA;NA;NA;NA;NA;NA;NA;NA;59;442
2021-04-28;"0-60";25;25;25;25;25;25;25;25;25;25;25;25;139;139;139;139;139;139;139;139;139;139;139;139;1;1;1;1;1;1;1;1;1;1;1;23;125
2021-04-28;"60+";66;66;66;66;66;66;66;66;66;66;66;66;372;372;372;372;372;372;372;372;372;372;372;372;1;1;1;1;1;1;1;1;1;1;1;55;334
2021-04-28;"alle";91;91;91;91;91;91;91;91;91;91;91;91;511;511;511;511;511;511;511;511;511;511;511;511;NA;NA;NA;NA;NA;NA;NA;NA;NA;NA;NA;78;459
2021-04-27;"0-60";19;19;19;19;19;19;19;19;19;19;19;19;151;151;151;151;151;151;151;151;151;151;151;151;1;1;1;1;1;1;1;1;1;1;1;15;138
2021-04-27;"60+";60;60;60;60;60;60;60;60;60;60;60;60;384;384;384;384;384;384;384;384;384;384;384;384;1;1;1;1;1;1;1;1;1;1;1;52;353
2021-04-27;"alle";79;79;79;79;79;79;79;79;79;79;79;79;535;535;535;535;535;535;535;535;535;535;535;535;NA;NA;NA;NA;NA;NA;NA;NA;NA;NA;NA;67;491
2021-04-26;"0-60";15;15;15;15;15;15;15;15;15;15;15;15;155;155;155;155;155;155;155;155;155;155;155;155;1;1;1;1;1;1;1;1;1;1;1;15;141
2021-04-26;"60+";25;25;25;25;25;25;25;25;25;25;25;25;400;400;400;400;400;400;400;400;400;400;400;400;1;1;1;1;1;1;1;1;1;1;1;24;371
2021-04-26;"alle";40;40;40;40;40;40;40;40;40;40;40;40;555;555;555;555;555;555;555;555;555;555;555;555;NA;NA;NA;NA;NA;NA;NA;NA;NA;NA;NA;39;512
2021-04-25;"0-60";17;17;17;17;17;17;17;17;17;17;17;17;144;144;144;144;144;144;144;144;144;144;144;144;1;1;1;1;1;1;1;1;1;1;1;16;130
2021-04-25;"60+";38;38;38;38;38;38;38;38;38;38;38;38;410;410;410;410;410;410;410;410;410;410;410;410;1;1;1;1;1;1;1;1;1;1;1;35;380
2021-04-25;"alle";55;55;55;55;55;55;55;55;55;55;55;55;554;554;554;554;554;554;554;554;554;554;554;554;NA;NA;NA;NA;NA;NA;NA;NA;NA;NA;NA;51;510
2021-04-24;"0-60";20;20;20;20;20;20;20;20;20;20;20;20;145;145;145;145;145;145;145;145;145;145;145;145;1;1;1;1;1;1;1;1;1;1;1;18;129
2021-04-24;"60+";65;65;65;65;65;65;65;65;65;65;65;65;408;408;408;408;408;408;408;408;408;408;408;408;1;1;1;1;1;1;1;1;1;1;1;59;378
2021-04-24;"alle";85;85;85;85;85;85;85;85;85;85;85;85;553;553;553;553;553;553;553;553;553;553;553;553;NA;NA;NA;NA;NA;NA;NA;NA;NA;NA;NA;77;507
2021-04-23;"0-60";22;22;22;22;22;22;22;22;22;22;22;22;148;148;148;148;148;148;148;148;148;148;148;148;1;1;1;1;1;1;1;1;1;1;1;18;132
2021-04-23;"60+";58;58;58;58;58;58;58;58;58;58;58;58;396;396;396;396;396;396;396;396;396;396;396;396;1;1;1;1;1;1;1;1;1;1;1;53;367
2021-04-23;"alle";80;80;80;80;80;80;80;80;80;80;80;80;544;544;544;544;544;544;544;544;544;544;544;544;NA;NA;NA;NA;NA;NA;NA;NA;NA;NA;NA;71;499
2021-04-22;"0-60";21;21;21;21;21;21;21;21;21;21;21;21;150;150;150;150;150;150;150;150;150;150;150;150;1;1;1;1;1;1;1;1;1;1;1;20;135
2021-04-22;"60+";60;60;60;60;60;60;60;60;60;60;60;60;395;395;395;395;395;395;395;395;395;395;395;395;1;1;1;1;1;1;1;1;1;1;1;56;369
2021-04-22;"alle";81;81;81;81;81;81;81;81;81;81;81;81;545;545;545;545;545;545;545;545;545;545;545;545;NA;NA;NA;NA;NA;NA;NA;NA;NA;NA;NA;76;504
2021-04-21;"0-60";37;37;37;37;37;37;37;37;37;37;37;37;158;158;158;158;158;158;158;158;158;158;158;158;1;1;1;1;1;1;1;1;1;1;1;36;141
2021-04-21;"60+";78;78;78;78;78;78;78;78;78;78;78;78;425;425;425;425;425;425;425;425;425;425;425;425;1;1;1;1;1;1;1;1;1;1;1;74;393
2021-04-21;"alle";115;115;115;115;115;115;115;115;115;115;115;115;583;583;583;583;583;583;583;583;583;583;583;583;NA;NA;NA;NA;NA;NA;NA;NA;NA;NA;NA;110;534
2021-04-20;"0-60";23;23;23;23;23;23;23;23;23;23;23;23;158;158;158;158;158;158;158;158;158;158;158;158;1;1;1;1;1;1;1;1;1;1;1;18;137
2021-04-20;"60+";76;76;76;76;76;76;76;76;76;76;76;76;423;423;423;423;423;423;423;423;423;423;423;423;1;1;1;1;1;1;1;1;1;1;1;70;389
2021-04-20;"alle";99;99;99;99;99;99;99;99;99;99;99;99;581;581;581;581;581;581;581;581;581;581;581;581;NA;NA;NA;NA;NA;NA;NA;NA;NA;NA;NA;88;526
2021-04-19;"0-60";4;4;4;4;4;4;4;4;4;4;4;4;163;163;163;163;163;163;163;163;163;163;163;163;1;1;1;1;1;1;1;1;1;1;1;4;143
2021-04-19;"60+";35;35;35;35;35;35;35;35;35;35;35;35;415;415;415;415;415;415;415;415;415;415;415;415;1;1;1;1;1;1;1;1;1;1;1;33;380
2021-04-19;"alle";39;39;39;39;39;39;39;39;39;39;39;39;578;578;578;578;578;578;578;578;578;578;578;578;NA;NA;NA;NA;NA;NA;NA;NA;NA;NA;NA;37;523
2021-04-18;"0-60";18;18;18;18;18;18;18;18;18;18;18;18;172;172;172;172;172;172;172;172;172;172;172;172;1;1;1;1;1;1;1;1;1;1;1;15;152
2021-04-18;"60+";36;36;36;36;36;36;36;36;36;36;36;36;422;422;422;422;422;422;422;422;422;422;422;422;1;1;1;1;1;1;1;1;1;1;1;33;388
2021-04-18;"alle";54;54;54;54;54;54;54;54;54;54;54;54;594;594;594;594;594;594;594;594;594;594;594;594;NA;NA;NA;NA;NA;NA;NA;NA;NA;NA;NA;48;541
2021-04-17;"0-60";23;23;23;23;23;23;23;23;23;23;23;23;166;166;166;166;166;166;166;166;166;166;166;166;1;1;1;1;1;1;1;1;1;1;1;21;149
2021-04-17;"60+";53;53;53;53;53;53;53;53;53;53;53;53;427;427;427;427;427;427;427;427;427;427;427;427;1;1;1;1;1;1;1;1;1;1;1;48;394
2021-04-17;"alle";76;76;76;76;76;76;76;76;76;76;76;76;593;593;593;593;593;593;593;593;593;593;593;593;NA;NA;NA;NA;NA;NA;NA;NA;NA;NA;NA;69;544
2021-04-16;"0-60";24;24;24;24;24;24;24;24;24;24;24;24;172;172;172;172;172;172;172;172;172;172;172;172;1;1;1;1;1;1;1;1;1;1;1;21;155
2021-04-16;"60+";57;57;57;57;57;57;57;57;57;57;57;57;441;441;441;441;441;441;441;441;441;441;441;441;1;1;1;1;1;1;1;1;1;1;1;55;408
2021-04-16;"alle";81;81;81;81;81;81;81;81;81;81;81;81;613;613;613;613;613;613;613;613;613;613;613;613;NA;NA;NA;NA;NA;NA;NA;NA;NA;NA;NA;76;564
2021-04-15;"0-60";29;29;29;29;29;29;29;29;29;29;29;29;180;180;180;180;180;180;180;180;180;180;180;180;1;1;1;1;1;1;1;1;1;1;1;26;165
2021-04-15;"60+";90;90;90;90;90;90;90;90;90;90;90;90;467;467;467;467;467;467;467;467;467;467;467;467;1;1;1;1;1;1;1;1;1;1;1;80;427
2021-04-15;"alle";119;119;119;119;119;119;119;119;119;119;119;119;647;647;647;647;647;647;647;647;647;647;647;647;NA;NA;NA;NA;NA;NA;NA;NA;NA;NA;NA;106;593
2021-04-14;"0-60";37;37;37;37;37;37;37;37;37;37;37;37;196;196;196;196;196;196;196;196;196;196;196;196;1;1;1;1;1;1;1;1;1;1;1;32;177
2021-04-14;"60+";76;76;76;76;76;76;76;76;76;76;76;76;462;462;462;462;462;462;462;462;462;462;462;462;1;1;1;1;1;1;1;1;1;1;1;70;424
2021-04-14;"alle";113;113;113;113;113;113;113;113;113;113;113;113;658;658;658;658;658;658;658;658;658;658;658;658;NA;NA;NA;NA;NA;NA;NA;NA;NA;NA;NA;102;602
2021-04-13;"0-60";28;28;28;28;28;28;28;28;28;28;28;28;178;178;178;178;178;178;178;178;178;178;178;178;1;1;1;1;1;1;1;1;1;1;1;24;161
2021-04-13;"60+";68;68;68;68;68;68;68;68;68;68;68;68;455;455;455;455;455;455;455;455;455;455;455;455;1;1;1;1;1;1;1;1;1;1;1;61;417
2021-04-13;"alle";96;96;96;96;96;96;96;96;96;96;96;96;633;633;633;633;633;633;633;633;633;633;633;633;NA;NA;NA;NA;NA;NA;NA;NA;NA;NA;NA;85;580
2021-04-12;"0-60";13;13;13;13;13;13;13;13;13;13;13;13;167;167;167;167;167;167;167;167;167;167;167;167;1;1;1;1;1;1;1;1;1;1;1;13;153
2021-04-12;"60+";42;42;42;42;42;42;42;42;42;42;42;42;435;435;435;435;435;435;435;435;435;435;435;435;1;1;1;1;1;1;1;1;1;1;1;41;402
2021-04-12;"alle";55;55;55;55;55;55;55;55;55;55;55;55;602;602;602;602;602;602;602;602;602;602;602;602;NA;NA;NA;NA;NA;NA;NA;NA;NA;NA;NA;55;557
2021-04-11;"0-60";12;12;12;12;12;12;12;12;12;12;12;12;NA;NA;NA;NA;NA;NA;NA;NA;NA;NA;NA;NA;1;1;1;1;1;1;1;1;1;1;1;12;NA
2021-04-11;"60+";41;41;41;41;41;41;41;41;41;41;41;41;NA;NA;NA;NA;NA;NA;NA;NA;NA;NA;NA;NA;1;1;1;1;1;1;1;1;1;1;1;39;NA
2021-04-11;"alle";53;53;53;53;53;53;53;53;53;53;53;53;NA;NA;NA;NA;NA;NA;NA;NA;NA;NA;NA;NA;NA;NA;NA;NA;NA;NA;NA;NA;NA;NA;NA;51;NA
2021-04-10;"0-60";29;29;29;29;29;29;29;29;29;29;29;29;NA;NA;NA;NA;NA;NA;NA;NA;NA;NA;NA;NA;1;1;1;1;1;1;1;1;1;1;1;27;NA
2021-04-10;"60+";67;67;67;67;67;67;67;67;67;67;67;67;NA;NA;NA;NA;NA;NA;NA;NA;NA;NA;NA;NA;1;1;1;1;1;1;1;1;1;1;1;62;NA
2021-04-10;"alle";96;96;96;96;96;96;96;96;96;96;96;96;NA;NA;NA;NA;NA;NA;NA;NA;NA;NA;NA;NA;NA;NA;NA;NA;NA;NA;NA;NA;NA;NA;NA;89;NA
2021-04-09;"0-60";32;32;32;32;32;32;32;32;32;32;32;32;NA;NA;NA;NA;NA;NA;NA;NA;NA;NA;NA;NA;1;1;1;1;1;1;1;1;1;1;1;31;NA
2021-04-09;"60+";83;83;83;83;83;83;83;83;83;83;83;83;NA;NA;NA;NA;NA;NA;NA;NA;NA;NA;NA;NA;1;1;1;1;1;1;1;1;1;1;1;74;NA
2021-04-09;"alle";115;115;115;115;115;115;115;115;115;115;115;115;NA;NA;NA;NA;NA;NA;NA;NA;NA;NA;NA;NA;NA;NA;NA;NA;NA;NA;NA;NA;NA;NA;NA;105;NA
2021-04-08;"0-60";45;45;45;45;45;45;45;45;45;45;45;45;NA;NA;NA;NA;NA;NA;NA;NA;NA;NA;NA;NA;1;1;1;1;1;1;1;1;1;1;1;38;NA
2021-04-08;"60+";85;85;85;85;85;85;85;85;85;85;85;85;NA;NA;NA;NA;NA;NA;NA;NA;NA;NA;NA;NA;1;1;1;1;1;1;1;1;1;1;1;77;NA
2021-04-08;"alle";130;130;130;130;130;130;130;130;130;130;130;130;NA;NA;NA;NA;NA;NA;NA;NA;NA;NA;NA;NA;NA;NA;NA;NA;NA;NA;NA;NA;NA;NA;NA;115;NA
2021-04-07;"0-60";19;19;19;19;19;19;19;19;19;19;19;19;NA;NA;NA;NA;NA;NA;NA;NA;NA;NA;NA;NA;1;1;1;1;1;1;1;1;1;1;1;16;NA
2021-04-07;"60+";69;69;69;69;69;69;69;69;69;69;69;69;NA;NA;NA;NA;NA;NA;NA;NA;NA;NA;NA;NA;1;1;1;1;1;1;1;1;1;1;1;63;NA
2021-04-07;"alle";88;88;88;88;88;88;88;88;88;88;88;88;NA;NA;NA;NA;NA;NA;NA;NA;NA;NA;NA;NA;NA;NA;NA;NA;NA;NA;NA;NA;NA;NA;NA;80;NA
2021-04-06;"0-60";17;17;17;17;17;17;17;17;17;17;17;17;NA;NA;NA;NA;NA;NA;NA;NA;NA;NA;NA;NA;1;1;1;1;1;1;1;1;1;1;1;16;NA
2021-04-06;"60+";48;48;48;48;48;48;48;48;48;48;48;48;NA;NA;NA;NA;NA;NA;NA;NA;NA;NA;NA;NA;1;1;1;1;1;1;1;1;1;1;1;46;NA
2021-04-06;"alle";65;65;65;65;65;65;65;65;65;65;65;65;NA;NA;NA;NA;NA;NA;NA;NA;NA;NA;NA;NA;NA;NA;NA;NA;NA;NA;NA;NA;NA;NA;NA;62;NA
