date;age60;reported;nowcast_est;nowcast_0.025;nowcast_0.1;nowcast_0.25;nowcast_0.5;nowcast_0.75;nowcast_0.8;nowcast_0.85;nowcast_0.9;nowcast_0.95;nowcast_0.975;reported7;nowcast7_est;nowcast7_0.025;nowcast7_0.1;nowcast7_0.25;nowcast7_0.5;nowcast7_0.75;nowcast7_0.8;nowcast7_0.85;nowcast7_0.9;nowcast7_0.95;nowcast7_0.975;F_est;F_0.025;F_0.1;F_0.25;F_0.5;F_0.75;F_0.8;F_0.85;F_0.9;F_0.95;F_0.975
2023-04-20;0-60;0;0,0;0;0;0;0;0;0;0;0;0;0;21;29,4;24;26;27;29;32,0;32;33;34,0;35;37,0;0,302850690170377;0,389519730573984;0,358384072673421;0,331110245820040;0,301662478604140;0,272649686364505;0,266252372596408;0,258210284703646;0,248591730540245;0,234168146028541;0,222287120917898
2023-04-20;60+;6;23,9;15;17;20;24;28;29;30;31;34;36;140;203,2;183;190;196;203;212,0;214;216;220,0;225;229,0;0,250907812308547;0,324004091127508;0,298775327576443;0,275780617126284;0,251023349912808;0,227543674236656;0,221930672482226;0,215297284691310;0,206884342990736;0,195938819468649;0,186208163555236
2023-04-20;alle;6;23,9;15;17;20;24;28;29;30;31;34;36;161;232,6;211;218;224;233;242,0;244;247;251,0;257;262,0;NA;NA;NA;NA;NA;NA;NA;NA;NA;NA;NA
2023-04-19;0-60;7;12,6;8;10;11;12;14;15;15;16;17;18;26;34,9;29;31;33;35;37,0;38;39;40,0;41;43,0;0,557220946843409;0,627537933105901;0,605422919811019;0,582665296785247;0,556385772429540;0,529680346428413;0,522531189327452;0,514225372639293;0,504349695983524;0,488270098997638;0,475394734465604
2023-04-19;60+;15;29,2;22;24;26;29;32;33;34;35;37;39;165;213,6;197;203;208;214;220,0;222;224;226,0;230;234,0;0,514193794616959;0,584567955506603;0,560581949243058;0,538994575888576;0,514644739010876;0,489253528498513;0,482505957857273;0,474738889905105;0,465974543419959;0,451276668885861;0,439402761448246
2023-04-19;alle;22;41,7;32;35;38;42;45;46;48;49;51;54;191;248,5;230;236;242;249;256,0;258;260;263,0;268;272,0;NA;NA;NA;NA;NA;NA;NA;NA;NA;NA;NA
2023-04-18;0-60;4;5,1;4;4;4;5;6;6;6;7;7;8;32;36,3;33;34;35;36;38,0;38;39;39,0;40;41,0;0,786849221341847;0,830039751884950;0,815877899125528;0,802307050533622;0,785799622888556;0,768166601714086;0,763654238487442;0,758396552670495;0,750995935641997;0,740467116918834;0,730958965655396
2023-04-18;60+;52;67,9;60;62;65;68;71;72;73;74;76;78;227;267,1;253;258;262;267;273,0;274;276;278,0;282;285,0;0,765754643915413;0,809353088159285;0,794992517037175;0,781789438197448;0,765794959942376;0,748661688146543;0,744058590066152;0,738666145305113;0,732325847311313;0,722697982639909;0,714715648048245
2023-04-18;alle;56;73,0;65;67;70;73;76;77;78;80;82;84;259;303,4;289;294;298;304;310,0;311;313;315,0;319;323,0;NA;NA;NA;NA;NA;NA;NA;NA;NA;NA;NA
2023-04-17;0-60;0;0,0;0;0;0;0;0;0;0;0;0;0;30;33,3;30;31;32;33;35,0;35;35;36,0;37;38,0;0,726317973608268;0,794030399272483;0,771313680727641;0,749669463856040;0,723302177262789;0,695277750415370;0,688000574194325;0,679327904022247;0,668124610265015;0,650588590070715;0,636298413336025
2023-04-17;60+;7;9,9;7;8;9;10;11;11;12;12;13;14;187;211,7;202;205;208;212;216,0;217;218;220,0;222;224,0;0,705786732462799;0,774071937838950;0,751753487786159;0,730376561191391;0,704851835586568;0,677986672099918;0,671354873088908;0,663344295014941;0,652537635400850;0,636338817862422;0,621128607708667
2023-04-17;alle;7;9,9;7;8;9;10;11;11;12;12;13;14;217;245,0;234;238;241;245;250,0;251;252;254,0;256;259,0;NA;NA;NA;NA;NA;NA;NA;NA;NA;NA;NA
2023-04-16;0-60;0;0,0;0;0;0;0;0;0;0;0;0;0;33;36,5;33;34;35;36;38,0;38;39;39,0;40;41,0;0,715404523700265;0,788091839373485;0,764374632362536;0,740249033829527;0,710887128757634;0,680034883914262;0,671272151993479;0,662023966303030;0,649845856868992;0,629851573100907;0,612204645921139
2023-04-16;60+;5;7,2;5;5;6;7;8;8;9;9;10;11;188;210,4;201;204;207;211;214,0;215;216;218,0;220;222,0;0,697377516964649;0,771372160119576;0,747291747875195;0,724772349627405;0,696195369397815;0,666140142041264;0,658446930637562;0,649472257974774;0,637955892368886;0,620032749110282;0,604584347173318
2023-04-16;alle;5;7,2;5;5;6;7;8;8;9;9;10;11;221;246,9;237;240;243;247;251,0;252;253;255,0;258;260,0;NA;NA;NA;NA;NA;NA;NA;NA;NA;NA;NA
2023-04-15;0-60;4;4,9;4;4;4;5;5;6;6;6;7;7;34;37,6;34;35;36;38;39,0;39;40;40,0;41;42,0;0,816367285820406;0,855874999961020;0,842074546172609;0,828806873992997;0,812554458104516;0,794836567765603;0,790605449075948;0,785544756994231;0,778939561321374;0,767513172210253;0,757489953095258
2023-04-15;60+;17;21,1;18;19;20;21;22;23;23;24;25;26;189;209,9;201;204;207;210;213,2;214;215;217,0;219;221,0;0,804953711946383;0,843571810840956;0,830100931573749;0,818541353814214;0,803911277306318;0,788859845595343;0,785115073952025;0,780472499174371;0,774839683425066;0,765293623041940;0,756866531978429
2023-04-15;alle;21;26,0;22;23;24;26;28;28;29;29;30;31;223;247,5;238;241;244;248;252,0;253;254;255,0;258;260,0;NA;NA;NA;NA;NA;NA;NA;NA;NA;NA;NA
2023-04-14;0-60;6;6,9;6;6;6;7;7;8;8;8;9;9;30;32,7;30;31;32;33;34,0;34;35;35,0;36;37,0;0,872199148756018;0,899480348305974;0,889589538028705;0,880570780258585;0,868780992282164;0,855759663146710;0,852591099399448;0,848785817466476;0,843664417730433;0,834906620817495;0,826822980328830
2023-04-14;60+;38;44,0;40;41;42;44;46;46;47;47;49;50;177;194,1;186;189;191;194;197,0;198;199;200,0;202;204,0;0,864467562866049;0,890534277563568;0,881723415135932;0,873434575375744;0,863689363974563;0,853286191201858;0,850313797103076;0,847170448610435;0,843058650462942;0,836721373911869;0,830861625087028
2023-04-14;alle;44;50,8;46;48;49;51;53;53;54;55;56;57;207;226,8;218;221;224;227;230,0;231;232;234,0;236;238,0;NA;NA;NA;NA;NA;NA;NA;NA;NA;NA;NA
2023-04-13;0-60;5;5,5;5;5;5;5;6;6;6;7;7;7;27;29,0;27;27;28;29;30,0;30;31;31,0;32;32,0;0,908103729338242;0,928178397066568;0,921255410073653;0,914151217293723;0,905559334039604;0,895443437535844;0,892670402331880;0,889497059369046;0,885378883160504;0,879063145053752;0,873169162636014
2023-04-13;60+;31;34,3;31;32;33;34;36;36;36;37;38;39;170;182,8;176;178;180;183;185,0;186;187;188,0;190;191,0;0,902699967717362;0,921492204590320;0,915244371185249;0,909234795181433;0,902024286599616;0,894474568779180;0,892344600736906;0,890169976751126;0,886832137331857;0,882369842025099;0,877992038439356
2023-04-13;alle;36;39,8;37;37;38;40;41;42;42;43;44;44;197;211,8;205;207;209;212;215,0;216;216;218,0;219;221,0;NA;NA;NA;NA;NA;NA;NA;NA;NA;NA;NA
2023-04-12;0-60;13;13,9;13;13;13;14;14;15;15;15;16;16;25;26,6;25;25;26;26;27,0;28;28;28,0;29;30,0;0,934502659066565;0,950008519819543;0,944988092722086;0,939776463887872;0,933347759669872;0,926314817173186;0,924388316662171;0,922270222647739;0,919443445097220;0,914866210535929;0,910160334768455
2023-04-12;60+;77;82,7;79;80;81;83;84;85;85;86;87;88;170;180,6;175;177;178;181;183,0;184;184;185,0;187;188,0;0,930841718582041;0,944314271088585;0,939892461921614;0,935557553879557;0,930677100740082;0,925109429153780;0,923633648939540;0,922000756994871;0,919788048188680;0,916811192183253;0,913595773674404
2023-04-12;alle;90;96,6;92;93;95;97;98;99;100;100;102;103;195;207,2;201;203;205;207;210,0;211;211;212,0;214;215,0;NA;NA;NA;NA;NA;NA;NA;NA;NA;NA;NA
2023-04-11;0-60;2;2,1;2;2;2;2;2;2;2;2;3;3;23;24,0;23;23;23;24;25,0;25;25;25,0;26;27,0;0,961617580435234;0,970968942671826;0,967710277298733;0,964552188160056;0,960740603940559;0,956313051818108;0,955114475932035;0,953708542055967;0,951909932116966;0,949108750887656;0,946060531407364
2023-04-11;60+;12;12,5;12;12;12;12;13;13;13;13;14;14;128;133,9;130;131;132;134;136,0;136;137;137,0;138;139,0;0,959633016744216;0,967834094752463;0,965027070466944;0,962547584155125;0,959395511989721;0,956091516668466;0,955201702496431;0,954132586879590;0,952741326577644;0,950679813970733;0,949058272951750
2023-04-11;alle;14;14,6;14;14;14;14;15;15;15;16;16;16;151;157,9;153;155;156;158;160,0;160;161;162,0;163;164,0;NA;NA;NA;NA;NA;NA;NA;NA;NA;NA;NA
2023-04-10;0-60;3;3,2;3;3;3;3;3;4;4;4;4;5;35;36,1;35;35;35;36;37,0;37;37;38,0;38;39,0;0,931184589223946;0,950931654551679;0,943801401939278;0,936988057183911;0,928636500787571;0,918998787895592;0,916170652023879;0,913016082797949;0,908712492332154;0,902517199046556;0,896207745896137
2023-04-10;60+;8;8,6;8;8;8;8;9;9;9;10;10;10;186;192,5;188;189;191;192;194,0;195;195;196,0;197;198,0;0,928102404463631;0,946722964149028;0,940620250241009;0,934715705449991;0,927331681425347;0,919413030754353;0,917292860156948;0,914684140446630;0,911223151795858;0,906315045285533;0,901543043533080
2023-04-10;alle;11;11,8;11;11;11;12;12;13;13;13;14;14;221;228,6;224;225;227;229;231,0;231;232;233,0;234;235,0;NA;NA;NA;NA;NA;NA;NA;NA;NA;NA;NA
2023-04-09;0-60;1;1,1;1;1;1;1;1;1;1;2;2;2;33;33,9;33;33;33;34;35,0;35;35;35,0;36;36,0;0,910607357661667;0,936740276727871;0,927516321689056;0,918381035637537;0,906689151396653;0,893162863593964;0,889419190632614;0,885044537757036;0,879086392597465;0,869600779757935;0,861292022470658
2023-04-09;60+;6;6,6;6;6;6;6;7;7;7;8;8;9;186;192,1;188;189;190;192;194,0;194;195;196,0;197;198,0;0,907253278898222;0,932427397743296;0,924216548370028;0,916222023700904;0,906320256682172;0,895015969893845;0,892015295616425;0,888493980364605;0,883924412416712;0,876688395804637;0,870654274035016
2023-04-09;alle;7;7,7;7;7;7;8;8;8;9;9;9;10;219;226,0;221;223;224;226;228,0;229;229;230,0;231;232,0;NA;NA;NA;NA;NA;NA;NA;NA;NA;NA;NA
2023-04-08;0-60;0;0,0;0;0;0;0;0;0;0;0;0;0;33;33,9;33;33;33;34;34,0;35;35;35,0;36;36,0;0,935791015799455;0,951568060889060;0,945506211974472;0,939835001659355;0,932484644716374;0,924292235822937;0,922158706179286;0,919396410497939;0,915649996940936;0,909664187040738;0,903780101962277
2023-04-08;60+;5;5,4;5;5;5;5;6;6;6;6;7;7;181;186,5;182;184;185;186;188,0;189;189;190,0;191;192,0;0,933846750098315;0,947785376088208;0,943063946309889;0,938507364049502;0,932996259449123;0,927023782338244;0,925425272432062;0,923430837101958;0,920937462574350;0,917278828946162;0,914037767992499
2023-04-08;alle;5;5,4;5;5;5;5;6;6;6;6;7;7;214;220,4;216;217;219;220;222,0;223;223;224,0;225;226,0;NA;NA;NA;NA;NA;NA;NA;NA;NA;NA;NA
2023-04-07;0-60;3;3,2;3;3;3;3;3;3;4;4;4;4;36;37,0;36;36;36;37;38,0;38;38;38,0;39;39,0;0,951189051872918;0,962828754576927;0,958350465156716;0,953911285613231;0,948321468863977;0,941736978268569;0,939927096944640;0,937712653600870;0,934834895236856;0,929600217836016;0,924344405735292
2023-04-07;60+;31;32,6;31;31;32;32;33;34;34;34;35;36;206;211,9;208;209;210;212;214,0;214;215;215,0;217;218,0;0,950170513146033;0,960416364917415;0,956925284729235;0,953475975311504;0,949467669653593;0,944910506014387;0,943681763556176;0,942353719152505;0,940553270098637;0,937646429203997;0,934999825114333
2023-04-07;alle;34;35,8;34;34;35;36;37;37;37;38;38;39;242;248,9;244;246;247;249;251,0;251;252;253,0;254;255,0;NA;NA;NA;NA;NA;NA;NA;NA;NA;NA;NA
2023-04-06;0-60;3;3,1;3;3;3;3;3;3;3;4;4;4;45;46,0;45;45;45;46;47,0;47;47;48,0;48;49,0;0,962831506349177;0,971733153989851;0,968380542157616;0,964803339972932;0,960504964288990;0,955387713160951;0,954046967398157;0,952279785605942;0,949811885859228;0,945801586640832;0,941288649116885
2023-04-06;60+;31;32,2;31;31;31;32;33;33;33;34;34;35;204;208,8;205;206;207;209;210,0;211;211;212,0;213;214,0;0,962517961981553;0,970326836422189;0,967588375035402;0,965003626634151;0,961898629587791;0,958582142515620;0,957669631178325;0,956581189805057;0,955158726717135;0,952966327464337;0,950964995217563
2023-04-06;alle;34;35,3;34;34;34;35;36;36;37;37;38;38;249;254,8;251;252;253;255;257,0;257;258;258,0;260;261,0;NA;NA;NA;NA;NA;NA;NA;NA;NA;NA;NA
2023-04-05;0-60;11;11,3;11;11;11;11;12;12;12;12;12;13;50;51,0;50;50;50;51;52,0;52;52;53,0;53;54,0;0,972875694129586;0,980315603974179;0,977832885621434;0,975272727648112;0,972012258446602;0,968296010461899;0,967346039169576;0,966180831262528;0,964600464551134;0,962090066450600;0,959660391718789
2023-04-05;60+;35;36,0;35;35;35;36;37;37;37;37;38;38;206;210,0;207;208;209;210;211,0;212;212;213,0;214;215,0;0,973141658864782;0,979005886689771;0,977105952787232;0,975223311482118;0,972921536574977;0,970485206126738;0,969828759328834;0,968961028069166;0,968030280634613;0,966591121748184;0,965376695200077
2023-04-05;alle;46;47,3;46;46;46;47;48;48;48;49;49;50;256;261,0;257;258;260;261;263,0;263;264;264,0;266;267,0;NA;NA;NA;NA;NA;NA;NA;NA;NA;NA;NA
2023-04-04;0-60;14;14,2;14;14;14;14;14;15;15;15;15;15;48;48,8;48;48;48;49;49,0;50;50;50,0;51;51,0;0,983873745581917;0,988187153378331;0,986610643133540;0,985075523616396;0,983132049423976;0,980910256661832;0,980307403033596;0,979542787921400;0,978613585877450;0,977118612357943;0,975568928373430
2023-04-04;60+;70;71,1;70;70;70;71;72;72;72;73;73;74;225;228,4;225;226;227;228;230,0;230;231;231,0;232;233,0;0,984371523972633;0,987855136964605;0,986723023369333;0,985561079399506;0,984210737632452;0,982668446024009;0,982289858452965;0,981806952647056;0,981178916685407;0,980137132024255;0,979307413096512
2023-04-04;alle;84;85,3;84;84;84;85;86;86;87;87;88;88;273;277,2;274;275;276;277;279,0;279;280;280,9;281;282,0;NA;NA;NA;NA;NA;NA;NA;NA;NA;NA;NA
2023-04-03;0-60;1;1,0;1;1;1;1;1;1;1;1;1;2;50;50,7;50;50;50;51;51,0;51;52;52,0;52;53,0;0,970624502112272;0,979319340636782;0,976086323137965;0,972867564380771;0,968652020708739;0,963620455604516;0,962114470383147;0,960377732978883;0,958210699122421;0,954169967144372;0,950321497117085
2023-04-03;60+;8;8,2;8;8;8;8;8;9;9;9;9;9;244;246,7;244;245;246;247;248,0;248;249;249,0;250;251,0;0,972176719064321;0,980025199718606;0,977483646503585;0,974881032629438;0,971670265065046;0,967949618767990;0,966959489456318;0,965736036990641;0,964368611757280;0,961804066421249;0,959578751179442
2023-04-03;alle;9;9,3;9;9;9;9;9;10;10;10;10;11;294;297,4;294;295;296;297;299,0;299;300;300,0;301;302,0;NA;NA;NA;NA;NA;NA;NA;NA;NA;NA;NA
2023-04-02;0-60;1;1,0;1;1;1;1;1;1;1;1;1;2;50;50,7;50;50;50;51;51,0;51;52;52,0;52;53,0;0,962070597706194;0,973669925915714;0,969409007375032;0,964928739555600;0,958970118985977;0,951821817852481;0,949826973810233;0,947343909152879;0,943813952766645;0,938282738018491;0,932349335602370
2023-04-02;60+;1;1,0;1;1;1;1;1;1;1;1;1;2;244;246,5;244;245;245;246;248,0;248;248;249,0;250;251,0;0,964958920947472;0,975550503363551;0,971936631704920;0,968509813094814;0,964221048549070;0,959058015550982;0,957613084158262;0,956079817743054;0,953940674121131;0,950461860652410;0,947273693469195
2023-04-02;alle;2;2,1;2;2;2;2;2;2;2;2;3;3;294;297,2;294;295;296;297;299,0;299;299;300,0;301;302,0;NA;NA;NA;NA;NA;NA;NA;NA;NA;NA;NA
2023-04-01;0-60;3;3,1;3;3;3;3;3;3;3;3;4;4;49;49,6;49;49;49;50;50,0;50;51;51,0;51;52,0;0,973657239935654;0,980914738212727;0,978086374149489;0,975257450333197;0,971303452880830;0,966597108192558;0,965281708946599;0,963432304833779;0,961146923040353;0,956501412812824;0,951081643105091
2023-04-01;60+;30;30,7;30;30;30;31;31;31;32;32;32;33;254;256,6;254;255;255;257;258,0;258;259;259,0;260;261,0;0,976318525620556;0,982493296729075;0,980404499267661;0,978328517784159;0,975752069068343;0,972629697546663;0,971828363497060;0,970857140294360;0,969454876641458;0,967409869220627;0,965487874359824
2023-04-01;alle;33;33,8;33;33;33;34;34;35;35;35;36;36;303;306,2;303;304;305;306;308,0;308;308;309,0;310;311,0;NA;NA;NA;NA;NA;NA;NA;NA;NA;NA;NA
2023-03-31;0-60;12;12,2;12;12;12;12;12;13;13;13;13;14;49;49,6;49;49;49;49;50,0;50;50;51,0;51;52,0;0,980712440828262;0,986249153708700;0,984106122617634;0,981841979595198;0,978730453339127;0,974824496912175;0,973635682977942;0,972003703531428;0,969971505881240;0,965282063499266;0,958620486117901
2023-03-31;60+;29;29,5;29;29;29;29;30;30;30;31;31;31;263;265,1;263;263;264;265;266,0;267;267;267,0;268;269,0;0,983132039679568;0,987723533123935;0,986135329406141;0,984557690997110;0,982593905903617;0,980238560981771;0,979596544887155;0,978798427612040;0,977694005991562;0,975988924698483;0,974365757623992
2023-03-31;alle;41;41,7;41;41;41;42;42;42;43;43;44;44;312;314,7;312;313;314;315;316,0;316;317;317,0;318;319,0;NA;NA;NA;NA;NA;NA;NA;NA;NA;NA;NA
2023-03-30;0-60;8;8,1;8;8;8;8;8;8;8;9;9;9;52;52,4;52;52;52;52;53,0;53;53;53,0;54;54,0;0,986014304445914;0,990328466943277;0,988706207250480;0,986907630346140;0,984527692668890;0,981342967148872;0,980368855618570;0,979082534782771;0,977249868968387;0,973324647696091;0,967604141897578
2023-03-30;60+;33;33,4;33;33;33;33;34;34;34;34;35;35;280;281,9;280;280;281;282;283,0;283;284;284,0;285;285,0;0,988141125976881;0,991604356762867;0,990429168903458;0,989219840187480;0,987748257486897;0,985926101116093;0,985396247759210;0,984766794373000;0,983935037205850;0,982515157474599;0,981066877383599
2023-03-30;alle;41;41,5;41;41;41;41;42;42;42;43;43;43;332;334,3;332;333;333;334;336,0;336;336;337,0;338;339,0;NA;NA;NA;NA;NA;NA;NA;NA;NA;NA;NA
2023-03-29;0-60;9;9,1;9;9;9;9;9;9;9;9;10;10;52;52,3;52;52;52;52;53,0;53;53;53,0;54;54,0;0,990517024969823;0,994283874408344;0,993051092471186;0,991808819667583;0,990094790278399;0,987953254150071;0,987352663770017;0,986594654873604;0,985658020150892;0,983966049163405;0,982270454142457
2023-03-29;60+;54;54,4;54;54;54;54;55;55;55;55;56;56;312;313,7;312;312;313;314;315,0;315;315;316,0;317;317,0;0,992332641446691;0,994896709799567;0,994108708228274;0,993275625109391;0,992224671194717;0,991033479014891;0,990707211139205;0,990311196951740;0,989765395877802;0,988902147535524;0,988069218668886
2023-03-29;alle;63;63,5;63;63;63;63;64;64;64;64;65;65;364;366,0;364;364;365;366;367,0;368;368;368,0;369;370,0;NA;NA;NA;NA;NA;NA;NA;NA;NA;NA;NA
2023-03-28;0-60;16;16,1;16;16;16;16;16;16;16;16;17;17;61;61,3;61;61;61;61;62,0;62;62;62,0;63;63,0;0,994493216081668;0,996726360230301;0,995968139182652;0,995197439030201;0,994100615209838;0,992719253401989;0,992291774245865;0,991768780181377;0,991107114116199;0,989919996728956;0,988686617465977
2023-03-28;60+;89;89,4;89;89;89;89;90;90;90;90;91;91;312;313,4;312;312;313;313;314,0;315;315;315,0;316;317,0;0,995672465535460;0,997202721816408;0,996733788109484;0,996211606256017;0,995569420687262;0,994819770607932;0,994600053594806;0,994342110156371;0,994004709563489;0,993440843019273;0,992925829253943
2023-03-28;alle;105;105,5;105;105;105;105;106;106;106;106;107;107;373;374,7;373;373;374;375;376,0;376;376;377,0;378;379,0;NA;NA;NA;NA;NA;NA;NA;NA;NA;NA;NA
2023-03-27;0-60;1;1,0;1;1;1;1;1;1;1;1;1;1;64;64,3;64;64;64;64;65,0;65;65;65,0;66;66,0;0,989974514441644;0,994268599772586;0,992861013500993;0,991284548082178;0,988933081579610;0,985697166137321;0,984628847075180;0,983297974055498;0,981358090103316;0,977744437152949;0,973616657198136
2023-03-27;60+;8;8,1;8;8;8;8;8;8;8;8;9;9;340;341,1;340;340;340;341;342,0;342;343;343,0;344;344,0;0,992239681565896;0,995307011209873;0,994375957221541;0,993341954124614;0,991958773750490;0,990238359540859;0,989728473259325;0,989102760253153;0,988261944804158;0,986827040677458;0,985413001542186
2023-03-27;alle;9;9,1;9;9;9;9;9;9;9;9;10;10;404;405,4;404;404;405;405;406,0;407;407;408,0;408;409,0;NA;NA;NA;NA;NA;NA;NA;NA;NA;NA;NA
2023-03-26;0-60;0;0,0;0;0;0;0;0;0;0;0;0;0;64;64,2;64;64;64;64;65,0;65;65;65,0;66;66,0;0,987167342035974;0,993155713808378;0,991208407505753;0,989007909779852;0,985649497525865;0,980915634597125;0,979347295315538;0,977196031100864;0,974127526242640;0,967772643899026;0,959428610090375
2023-03-26;60+;11;11,1;11;11;11;11;11;11;11;12;12;12;342;343,1;342;342;342;343;344,0;344;344;345,0;346;346,0;0,990199642055401;0,994439770420398;0,993137404162986;0,991715070512596;0,989791478070381;0,987267181220114;0,986568047527172;0,985662856550104;0,984386588595893;0,982123294532343;0,979917097088141
2023-03-26;alle;11;11,1;11;11;11;11;11;11;11;12;12;12;406;407,3;406;406;407;407;408,0;409;409;409,0;410;411,0;NA;NA;NA;NA;NA;NA;NA;NA;NA;NA;NA
2023-03-25;0-60;3;3,0;3;3;3;3;3;3;3;3;3;4;65;65,3;65;65;65;65;66,0;66;66;66,0;67;67,0;0,991195111866855;0,995377649741083;0,994131361052693;0,992603426407998;0,990184328804192;0,986541121761992;0,985250295061302;0,983622286116051;0,980816062523928;0,975032832396391;0,967114038077083
2023-03-25;60+;39;39,3;39;39;39;39;39;40;40;40;40;41;347;348,0;347;347;347;348;349,0;349;349;350,0;350;351,0;0,993326981971693;0,996193967115769;0,995375426075193;0,994382319623867;0,993054188057177;0,991255133921727;0,990712819546978;0,989998355113033;0,989066439095911;0,987295873471966;0,985354558673146
2023-03-25;alle;42;42,3;42;42;42;42;43;43;43;43;43;44;412;413,3;412;412;413;413;414,0;415;415;415,0;416;417,0;NA;NA;NA;NA;NA;NA;NA;NA;NA;NA;NA
2023-03-24;0-60;15;15,1;15;15;15;15;15;15;15;16;16;16;71;71,3;71;71;71;71;72,0;72;72;72,0;73;73,0;0,993561085741662;0,996883751699744;0,995898748156361;0,994708813066290;0,992798362846721;0,989602256183290;0,988439864325778;0,986830758804866;0,984030410354091;0,977912126766647;0,968880690311904
2023-03-24;60+;46;46,2;46;46;46;46;46;47;47;47;47;48;361;361,9;361;361;361;362;363,0;363;363;364,0;364;365,0;0,995100845390015;0,997382016553978;0,996728294816375;0,995966076029837;0,994895514170353;0,993380313834236;0,992912568242908;0,992301048630393;0,991388414831693;0,989658550436788;0,987631722063133
2023-03-24;alle;61;61,3;61;61;61;61;62;62;62;62;63;63;432;433,2;432;432;432;433;434,0;434;435;435,0;436;437,0;NA;NA;NA;NA;NA;NA;NA;NA;NA;NA;NA
2023-03-23;0-60;8;8,0;8;8;8;8;8;8;8;8;9;9;62;62,2;62;62;62;62;62,0;63;63;63,0;63;64,0;0,995438749069043;0,997959837328067;0,997226263538061;0,996350338088227;0,994931435349799;0,992443482944580;0,991469305357864;0,990048199581215;0,987983247889991;0,982600975875606;0,975006788995603
2023-03-23;60+;65;65,2;65;65;65;65;65;66;66;66;66;67;394;394,9;394;394;394;395;396,0;396;396;397,0;397;398,0;0,996546481424708;0,998235929558801;0,997764470523332;0,997200860983663;0,996417497596447;0,995227222269634;0,994866242858147;0,994381148271000;0,993622002109650;0,992207803910106;0,990590813059328
2023-03-23;alle;73;73,3;73;73;73;73;74;74;74;74;74;75;456;457,0;456;456;456;457;458,0;458;459;459,0;460;461,0;NA;NA;NA;NA;NA;NA;NA;NA;NA;NA;NA
2023-03-22;0-60;18;18,1;18;18;18;18;18;18;18;18;19;19;60;60,1;60;60;60;60;60,0;60;61;61,0;61;62,0;0,997222356976959;0,998828511593695;0,998405363867478;0,997897202282950;0,997117615244244;0,996002152931029;0,995651557571090;0,995185719150220;0,994500857766542;0,993388360501611;0,992316496148046
2023-03-22;60+;54;54,1;54;54;54;54;54;54;54;55;55;55;415;415,7;415;415;415;416;416,0;417;417;417,0;418;419,0;0,998047822122070;0,999003646955770;0,998742888088591;0,998430303511032;0,998024909778175;0,997491363829184;0,997328768562169;0,997142280770259;0,996879383468812;0,996447977943103;0,996011063883199
2023-03-22;alle;72;72,2;72;72;72;72;72;72;73;73;73;73;475;475,9;475;475;475;476;477,0;477;477;478,0;479;479,0;NA;NA;NA;NA;NA;NA;NA;NA;NA;NA;NA
2023-03-21;0-60;19;19,0;19;19;19;19;19;19;19;19;19;20;61;61,1;61;61;61;61;61,0;61;61;62,0;62;63,0;0,998279966409498;0,999347115469817;0,999081071816649;0,998751886567643;0,998204383332561;0,997326473478020;0,997049268884690;0,996617744811365;0,996014615178133;0,994876032148264;0,993677688712675
2023-03-21;60+;117;117,1;117;117;117;117;117;117;118;118;118;118;436;436,7;436;436;436;437;437,0;437;438;438,0;439;440,0;0,998755928343248;0,999410039307104;0,999237673370771;0,999026767264713;0,998744872653413;0,998336961178399;0,998212565344623;0,998052314652108;0,997835160332719;0,997461025490779;0,997076404268958
2023-03-21;alle;136;136,2;136;136;136;136;136;136;137;137;137;137;497;497,8;497;497;497;498;499,0;499;499;500,0;500;501,0;NA;NA;NA;NA;NA;NA;NA;NA;NA;NA;NA
2023-03-20;0-60;1;1,0;1;1;1;1;1;1;1;1;1;1;72;72,1;72;72;72;72;72,0;72;72;73,0;73;73,0;0,996593163958966;0,998936266323806;0,998424611094819;0,997729799402172;0,996440990540413;0,993949200966003;0,993100097209522;0,991819027602134;0,989900217885749;0,985535447583123;0,980046846263473
2023-03-20;60+;10;10,0;10;10;10;10;10;10;10;10;10;11;500;500,6;500;500;500;500;501,0;501;502;502,0;503;503,0;0,997400803149065;0,998942498089940;0,998558891467334;0,998089807802262;0,997357543540033;0,996273512671123;0,995926496563643;0,995453481180854;0,994759131280612;0,993489912398816;0,992169368471053
2023-03-20;alle;11;11,0;11;11;11;11;11;11;11;11;11;12;572;572,6;572;572;572;573;573,0;574;574;574,0;575;576,0;NA;NA;NA;NA;NA;NA;NA;NA;NA;NA;NA
2023-03-19;0-60;1;1,0;1;1;1;1;1;1;1;1;1;1;72;72,1;72;72;72;72;72,0;72;72;73,0;73;73,0;0,995491949991698;0,998809037440763;0,998178140154601;0,997234025651482;0,995327664787586;0,991392092546561;0,989959110188705;0,987762343101399;0,984710657670256;0,976954803285012;0,967608983669966
2023-03-19;60+;16;16,1;16;16;16;16;16;16;16;16;17;17;516;516,6;516;516;516;516;517,0;517;518;518,0;519;519,0;0,996433097900554;0,998692065177873;0,998190567580040;0,997498955100954;0,996397999748694;0,994679973702287;0,994072259918101;0,993319593301963;0,992165014787081;0,990195993051919;0,987800187483646
2023-03-19;alle;17;17,1;17;17;17;17;17;17;17;17;18;18;588;588,6;588;588;588;589;589,0;590;590;590,0;591;592,0;NA;NA;NA;NA;NA;NA;NA;NA;NA;NA;NA
2023-03-18;0-60;9;9,0;9;9;9;9;9;9;9;9;10;10;75;75,1;75;75;75;75;75,0;75;75;76,0;76;76,0;0,996871721210438;0,999330233384818;0,998913503865701;0,998238714388850;0,996804032705447;0,993635714448447;0,992346963654669;0,990630349475640;0,987686419297629;0,981099385216335;0,972196329050576
2023-03-18;60+;53;53,1;53;53;53;53;53;53;54;54;54;54;511;511,5;511;511;511;511;512,0;512;512;513,0;514;514,0;0,997424452447927;0,999155557134648;0,998791879168259;0,998279184206342;0,997410935439331;0,996020516414883;0,995569107705260;0,994959221379672;0,994028934182903;0,992287068622508;0,990441777354269
2023-03-18;alle;62;62,2;62;62;62;62;62;62;63;63;63;64;586;586,6;586;586;586;586;587,0;587;588;588,0;589;590,0;NA;NA;NA;NA;NA;NA;NA;NA;NA;NA;NA
2023-03-17;0-60;6;6,0;6;6;6;6;6;6;6;6;6;7;79;79,0;79;79;79;79;79,0;79;79;79,0;80;80,0;0,997709407495444;0,999619509467607;0,999330006776804;0,998833743689348;0,997679736099324;0,994863428590463;0,993737442270176;0,991946632128272;0,989052662878782;0,982111089826740;0,973354395388312
2023-03-17;60+;79;79,2;79;79;79;79;79;79;80;80;80;80;526;526,4;526;526;526;526;527,0;527;527;527,0;528;529,0;0,998009217961949;0,999445714137850;0,999152454446582;0,998739818169777;0,998010310346687;0,996762170311113;0,996325973247652;0,995764061707428;0,994935890875871;0,993215183457769;0,991286562993329
2023-03-17;alle;85;85,2;85;85;85;85;85;85;86;86;86;87;605;605,4;605;605;605;605;606,0;606;606;607,0;607;608,0;NA;NA;NA;NA;NA;NA;NA;NA;NA;NA;NA
2023-03-16;0-60;6;6,0;6;6;6;6;6;6;6;6;6;6;92;92,0;92;92;92;92;92,0;92;92;92,0;93;93,0;0,998549621043371;0,999798629404615;0,999630148545646;0,999310947006302;0,998532942868728;0,996498667881446;0,995575826696110;0,994352745071051;0,991991179944457;0,986455177768814;0,978577251181383
2023-03-16;60+;86;86,1;86;86;86;86;86;86;86;87;87;87;520;520,2;520;520;520;520;520,0;521;521;521,0;521;522,0;0,998688848778232;0,999670789708168;0,999481729758518;0,999202551360143;0,998688096238120;0,997782075249691;0,997449416747674;0,997035290138921;0,996395041754268;0,995009213039922;0,993456997521594
2023-03-16;alle;92;92,1;92;92;92;92;92;92;93;93;93;93;612;612,2;612;612;612;612;613,0;613;613;613,0;614;614,0;NA;NA;NA;NA;NA;NA;NA;NA;NA;NA;NA
2023-03-15;0-60;19;19,0;19;19;19;19;19;19;19;19;19;19;101;101,0;101;101;101;101;101,0;101;101;101,0;101;102,0;0,999552758000988;0,999917673626896;0,999855965610076;0,999755272526934;0,999557651464599;0,999186739635205;0,999057277634421;0,998881154383287;0,998598292919151;0,998070956435992;0,997406252972954
2023-03-15;60+;75;75,0;75;75;75;75;75;75;75;75;75;76;531;531,1;531;531;531;531;531,0;531;531;532,0;532;532,0;0,999651984168173;0,999883698754772;0,999831658676717;0,999761267842786;0,999654619633921;0,999496329840889;0,999445342227396;0,999378759519253;0,999285011633688;0,999113330793202;0,998957017047868
2023-03-15;alle;94;94,0;94;94;94;94;94;94;94;94;94;95;632;632,1;632;632;632;632;632,0;632;632;633,0;633;633,0;NA;NA;NA;NA;NA;NA;NA;NA;NA;NA;NA
2023-03-14;0-60;30;30,0;30;30;30;30;30;30;30;30;30;30;102;102,0;102;102;102;102;102,0;102;102;102,0;102;102,2;0,999696873363542;0,999963564709259;0,999927213886336;0,999857335434104;0,999698744735089;0,999350258619304;0,999213002948170;0,999031606526547;0,998730695815643;0,998068601502669;0,997159329333830
2023-03-14;60+;181;181,0;181;181;181;181;181;181;181;181;182;182;563;563,1;563;563;563;563;563,0;563;563;563,0;564;564,0;0,999742896143489;0,999931807495696;0,999892977890121;0,999837877108134;0,999745419373936;0,999596812120695;0,999545608681492;0,999482046091914;0,999382266635616;0,999199585847886;0,999007865461980
2023-03-14;alle;211;211,1;211;211;211;211;211;211;211;211;212;212;665;665,1;665;665;665;665;665,0;665;665;666,0;666;666,0;NA;NA;NA;NA;NA;NA;NA;NA;NA;NA;NA
2023-03-13;0-60;1;1,0;1;1;1;1;1;1;1;1;1;1;102;102,0;102;102;102;102;102,0;102;102;102,0;102;102,0;0,999337226669842;0,999954546023915;0,999889904453767;0,999743552505042;0,999341776832738;0,998275591953733;0,997827026592114;0,997126213683942;0,995952885464306;0,993004441385923;0,989003636729421
2023-03-13;60+;26;26,0;26;26;26;26;26;26;26;26;26;26;553;553,0;553;553;553;553;553,0;553;553;553,0;553;554,0;0,999372808389942;0,999879602164536;0,999785169686654;0,999647143885545;0,999379324253140;0,998904654682087;0,998723005731346;0,998502164803786;0,998170797661168;0,997454757225796;0,996674065355625
2023-03-13;alle;27;27,0;27;27;27;27;27;27;27;27;27;28;655;655,0;655;655;655;655;655,0;655;655;655,0;655;656,0;NA;NA;NA;NA;NA;NA;NA;NA;NA;NA;NA
2023-03-12;0-60;4;4,0;4;4;4;4;4;4;4;4;4;4;106;106,0;106;106;106;106;106,0;106;106;106,0;106;106,0;0,999424386012074;0,999973432904160;0,999925791781031;0,999802665068769;0,999431618638961;0,998354238188576;0,997827865012312;0,997057952182546;0,995716482946489;0,992175457916659;0,987458909270209
2023-03-12;60+;11;11,0;11;11;11;11;11;11;11;11;11;11;552;552,0;552;552;552;552;552,0;552;552;552,0;552;552,0;0,999419408469680;0,999907166663805;0,999825995607331;0,999692513416187;0,999431095202128;0,998914935727193;0,998732072614310;0,998478431177677;0,998086637416306;0,997291038437250;0,996357903833091
2023-03-12;alle;15;15,0;15;15;15;15;15;15;15;15;15;15;658;658,0;658;658;658;658;658,0;658;658;658,0;658;658,0;NA;NA;NA;NA;NA;NA;NA;NA;NA;NA;NA
2023-03-11;0-60;13;13,0;13;13;13;13;13;13;13;13;13;13;105;105,0;105;105;105;105;105,0;105;105;105,0;105;105,0;1,000000000000000;1,000000000000000;1,000000000000000;1,000000000000000;1,000000000000000;1,000000000000000;1,000000000000000;1,000000000000000;1,000000000000000;1,000000000000000;1,000000000000000
2023-03-11;60+;68;68,0;68;68;68;68;68;68;68;68;68;68;557;557,0;557;557;557;557;557,0;557;557;557,0;557;557,0;1,000000000000000;1,000000000000000;1,000000000000000;1,000000000000000;1,000000000000000;1,000000000000000;1,000000000000000;1,000000000000000;1,000000000000000;1,000000000000000;1,000000000000000
2023-03-11;alle;81;81,0;81;81;81;81;81;81;81;81;81;81;662;662,0;662;662;662;662;662,0;662;662;662,0;662;662,0;1,000000000000000;1,000000000000000;1,000000000000000;1,000000000000000;1,000000000000000;1,000000000000000;1,000000000000000;1,000000000000000;1,000000000000000;1,000000000000000;1,000000000000000
2023-03-10;0-60;19;19,0;19;19;19;19;19;19;19;19;19;19;105;105,0;105;105;105;105;105,0;105;105;105,0;105;105,0;1,000000000000000;1,000000000000000;1,000000000000000;1,000000000000000;1,000000000000000;1,000000000000000;1,000000000000000;1,000000000000000;1,000000000000000;1,000000000000000;1,000000000000000
2023-03-10;60+;73;73,0;73;73;73;73;73;73;73;73;73;73;558;558,0;558;558;558;558;558,0;558;558;558,0;558;558,0;1,000000000000000;1,000000000000000;1,000000000000000;1,000000000000000;1,000000000000000;1,000000000000000;1,000000000000000;1,000000000000000;1,000000000000000;1,000000000000000;1,000000000000000
2023-03-10;alle;92;92,0;92;92;92;92;92;92;92;92;92;92;663;663,0;663;663;663;663;663,0;663;663;663,0;663;663,0;1,000000000000000;1,000000000000000;1,000000000000000;1,000000000000000;1,000000000000000;1,000000000000000;1,000000000000000;1,000000000000000;1,000000000000000;1,000000000000000;1,000000000000000
2023-03-09;0-60;15;15,0;15;15;15;15;15;15;15;15;15;15;103;103,0;103;103;103;103;103,0;103;103;103,0;103;103,0;1,000000000000000;1,000000000000000;1,000000000000000;1,000000000000000;1,000000000000000;1,000000000000000;1,000000000000000;1,000000000000000;1,000000000000000;1,000000000000000;1,000000000000000
2023-03-09;60+;97;97,0;97;97;97;97;97;97;97;97;97;97;564;564,0;564;564;564;564;564,0;564;564;564,0;564;564,0;1,000000000000000;1,000000000000000;1,000000000000000;1,000000000000000;1,000000000000000;1,000000000000000;1,000000000000000;1,000000000000000;1,000000000000000;1,000000000000000;1,000000000000000
2023-03-09;alle;112;112,0;112;112;112;112;112;112;112;112;112;112;667;667,0;667;667;667;667;667,0;667;667;667,0;667;667,0;1,000000000000000;1,000000000000000;1,000000000000000;1,000000000000000;1,000000000000000;1,000000000000000;1,000000000000000;1,000000000000000;1,000000000000000;1,000000000000000;1,000000000000000
2023-03-08;0-60;20;20,0;20;20;20;20;20;20;20;20;20;20;102;102,0;102;102;102;102;102,0;102;102;102,0;102;102,0;1,000000000000000;1,000000000000000;1,000000000000000;1,000000000000000;1,000000000000000;1,000000000000000;1,000000000000000;1,000000000000000;1,000000000000000;1,000000000000000;1,000000000000000
2023-03-08;60+;107;107,0;107;107;107;107;107;107;107;107;107;107;581;581,0;581;581;581;581;581,0;581;581;581,0;581;581,0;1,000000000000000;1,000000000000000;1,000000000000000;1,000000000000000;1,000000000000000;1,000000000000000;1,000000000000000;1,000000000000000;1,000000000000000;1,000000000000000;1,000000000000000
2023-03-08;alle;127;127,0;127;127;127;127;127;127;127;127;127;127;683;683,0;683;683;683;683;683,0;683;683;683,0;683;683,0;1,000000000000000;1,000000000000000;1,000000000000000;1,000000000000000;1,000000000000000;1,000000000000000;1,000000000000000;1,000000000000000;1,000000000000000;1,000000000000000;1,000000000000000
2023-03-07;0-60;30;30,0;30;30;30;30;30;30;30;30;30;30;119;119,0;119;119;119;119;119,0;119;119;119,0;119;119,0;1,000000000000000;1,000000000000000;1,000000000000000;1,000000000000000;1,000000000000000;1,000000000000000;1,000000000000000;1,000000000000000;1,000000000000000;1,000000000000000;1,000000000000000
2023-03-07;60+;171;171,0;171;171;171;171;171;171;171;171;171;171;598;598,0;598;598;598;598;598,0;598;598;598,0;598;598,0;1,000000000000000;1,000000000000000;1,000000000000000;1,000000000000000;1,000000000000000;1,000000000000000;1,000000000000000;1,000000000000000;1,000000000000000;1,000000000000000;1,000000000000000
2023-03-07;alle;201;201,0;201;201;201;201;201;201;201;201;201;201;717;717,0;717;717;717;717;717,0;717;717;717,0;717;717,0;1,000000000000000;1,000000000000000;1,000000000000000;1,000000000000000;1,000000000000000;1,000000000000000;1,000000000000000;1,000000000000000;1,000000000000000;1,000000000000000;1,000000000000000
2023-03-06;0-60;5;5,0;5;5;5;5;5;5;5;5;5;5;142;142,0;142;142;142;142;142,0;142;142;142,0;142;142,0;1,000000000000000;1,000000000000000;1,000000000000000;1,000000000000000;1,000000000000000;1,000000000000000;1,000000000000000;1,000000000000000;1,000000000000000;1,000000000000000;1,000000000000000
2023-03-06;60+;25;25,0;25;25;25;25;25;25;25;25;25;25;629;629,0;629;629;629;629;629,0;629;629;629,0;629;629,0;1,000000000000000;1,000000000000000;1,000000000000000;1,000000000000000;1,000000000000000;1,000000000000000;1,000000000000000;1,000000000000000;1,000000000000000;1,000000000000000;1,000000000000000
2023-03-06;alle;30;30,0;30;30;30;30;30;30;30;30;30;30;771;771,0;771;771;771;771;771,0;771;771;771,0;771;771,0;1,000000000000000;1,000000000000000;1,000000000000000;1,000000000000000;1,000000000000000;1,000000000000000;1,000000000000000;1,000000000000000;1,000000000000000;1,000000000000000;1,000000000000000
2023-03-05;0-60;3;3,0;3;3;3;3;3;3;3;3;3;3;139;139,0;139;139;139;139;139,0;139;139;139,0;139;139,0;1,000000000000000;1,000000000000000;1,000000000000000;1,000000000000000;1,000000000000000;1,000000000000000;1,000000000000000;1,000000000000000;1,000000000000000;1,000000000000000;1,000000000000000
2023-03-05;60+;16;16,0;16;16;16;16;16;16;16;16;16;16;636;636,0;636;636;636;636;636,0;636;636;636,0;636;636,0;1,000000000000000;1,000000000000000;1,000000000000000;1,000000000000000;1,000000000000000;1,000000000000000;1,000000000000000;1,000000000000000;1,000000000000000;1,000000000000000;1,000000000000000
2023-03-05;alle;19;19,0;19;19;19;19;19;19;19;19;19;19;775;775,0;775;775;775;775;775,0;775;775;775,0;775;775,0;1,000000000000000;1,000000000000000;1,000000000000000;1,000000000000000;1,000000000000000;1,000000000000000;1,000000000000000;1,000000000000000;1,000000000000000;1,000000000000000;1,000000000000000
2023-03-04;0-60;13;13,0;13;13;13;13;13;13;13;13;13;13;143;143,0;143;143;143;143;143,0;143;143;143,0;143;143,0;1,000000000000000;1,000000000000000;1,000000000000000;1,000000000000000;1,000000000000000;1,000000000000000;1,000000000000000;1,000000000000000;1,000000000000000;1,000000000000000;1,000000000000000
2023-03-04;60+;69;69,0;69;69;69;69;69;69;69;69;69;69;637;637,0;637;637;637;637;637,0;637;637;637,0;637;637,0;1,000000000000000;1,000000000000000;1,000000000000000;1,000000000000000;1,000000000000000;1,000000000000000;1,000000000000000;1,000000000000000;1,000000000000000;1,000000000000000;1,000000000000000
2023-03-04;alle;82;82,0;82;82;82;82;82;82;82;82;82;82;780;780,0;780;780;780;780;780,0;780;780;780,0;780;780,0;1,000000000000000;1,000000000000000;1,000000000000000;1,000000000000000;1,000000000000000;1,000000000000000;1,000000000000000;1,000000000000000;1,000000000000000;1,000000000000000;1,000000000000000
2023-03-03;0-60;17;17,0;17;17;17;17;17;17;17;17;17;17;149;149,0;149;149;149;149;149,0;149;149;149,0;149;149,0;1,000000000000000;1,000000000000000;1,000000000000000;1,000000000000000;1,000000000000000;1,000000000000000;1,000000000000000;1,000000000000000;1,000000000000000;1,000000000000000;1,000000000000000
2023-03-03;60+;79;79,0;79;79;79;79;79;79;79;79;79;79;679;679,0;679;679;679;679;679,0;679;679;679,0;679;679,0;1,000000000000000;1,000000000000000;1,000000000000000;1,000000000000000;1,000000000000000;1,000000000000000;1,000000000000000;1,000000000000000;1,000000000000000;1,000000000000000;1,000000000000000
2023-03-03;alle;96;96,0;96;96;96;96;96;96;96;96;96;96;828;828,0;828;828;828;828;828,0;828;828;828,0;828;828,0;1,000000000000000;1,000000000000000;1,000000000000000;1,000000000000000;1,000000000000000;1,000000000000000;1,000000000000000;1,000000000000000;1,000000000000000;1,000000000000000;1,000000000000000
2023-03-02;0-60;14;14,0;14;14;14;14;14;14;14;14;14;14;166;166,0;166;166;166;166;166,0;166;166;166,0;166;166,0;1,000000000000000;1,000000000000000;1,000000000000000;1,000000000000000;1,000000000000000;1,000000000000000;1,000000000000000;1,000000000000000;1,000000000000000;1,000000000000000;1,000000000000000
2023-03-02;60+;114;114,0;114;114;114;114;114;114;114;114;114;114;718;718,0;718;718;718;718;718,0;718;718;718,0;718;718,0;1,000000000000000;1,000000000000000;1,000000000000000;1,000000000000000;1,000000000000000;1,000000000000000;1,000000000000000;1,000000000000000;1,000000000000000;1,000000000000000;1,000000000000000
2023-03-02;alle;128;128,0;128;128;128;128;128;128;128;128;128;128;884;884,0;884;884;884;884;884,0;884;884;884,0;884;884,0;1,000000000000000;1,000000000000000;1,000000000000000;1,000000000000000;1,000000000000000;1,000000000000000;1,000000000000000;1,000000000000000;1,000000000000000;1,000000000000000;1,000000000000000
2023-03-01;0-60;37;37,0;37;37;37;37;37;37;37;37;37;37;189;189,0;189;189;189;189;189,0;189;189;189,0;189;189,0;1,000000000000000;1,000000000000000;1,000000000000000;1,000000000000000;1,000000000000000;1,000000000000000;1,000000000000000;1,000000000000000;1,000000000000000;1,000000000000000;1,000000000000000
2023-03-01;60+;124;124,0;124;124;124;124;124;124;124;124;124;124;723;723,0;723;723;723;723;723,0;723;723;723,0;723;723,0;1,000000000000000;1,000000000000000;1,000000000000000;1,000000000000000;1,000000000000000;1,000000000000000;1,000000000000000;1,000000000000000;1,000000000000000;1,000000000000000;1,000000000000000
2023-03-01;alle;161;161,0;161;161;161;161;161;161;161;161;161;161;912;912,0;912;912;912;912;912,0;912;912;912,0;912;912,0;1,000000000000000;1,000000000000000;1,000000000000000;1,000000000000000;1,000000000000000;1,000000000000000;1,000000000000000;1,000000000000000;1,000000000000000;1,000000000000000;1,000000000000000
2023-02-28;0-60;53;53,0;53;53;53;53;53;53;53;53;53;53;179;179,0;179;179;179;179;179,0;179;179;179,0;179;179,0;1,000000000000000;1,000000000000000;1,000000000000000;1,000000000000000;1,000000000000000;1,000000000000000;1,000000000000000;1,000000000000000;1,000000000000000;1,000000000000000;1,000000000000000
2023-02-28;60+;202;202,0;202;202;202;202;202;202;202;202;202;202;725;725,0;725;725;725;725;725,0;725;725;725,0;725;725,0;1,000000000000000;1,000000000000000;1,000000000000000;1,000000000000000;1,000000000000000;1,000000000000000;1,000000000000000;1,000000000000000;1,000000000000000;1,000000000000000;1,000000000000000
2023-02-28;alle;255;255,0;255;255;255;255;255;255;255;255;255;255;904;904,0;904;904;904;904;904,0;904;904;904,0;904;904,0;1,000000000000000;1,000000000000000;1,000000000000000;1,000000000000000;1,000000000000000;1,000000000000000;1,000000000000000;1,000000000000000;1,000000000000000;1,000000000000000;1,000000000000000
2023-02-27;0-60;2;2,0;2;2;2;2;2;2;2;2;2;2;176;176,0;176;176;176;176;176,0;176;176;176,0;176;176,0;1,000000000000000;1,000000000000000;1,000000000000000;1,000000000000000;1,000000000000000;1,000000000000000;1,000000000000000;1,000000000000000;1,000000000000000;1,000000000000000;1,000000000000000
2023-02-27;60+;32;32,0;32;32;32;32;32;32;32;32;32;32;738;738,0;738;738;738;738;738,0;738;738;738,0;738;738,0;1,000000000000000;1,000000000000000;1,000000000000000;1,000000000000000;1,000000000000000;1,000000000000000;1,000000000000000;1,000000000000000;1,000000000000000;1,000000000000000;1,000000000000000
2023-02-27;alle;34;34,0;34;34;34;34;34;34;34;34;34;34;914;914,0;914;914;914;914;914,0;914;914;914,0;914;914,0;1,000000000000000;1,000000000000000;1,000000000000000;1,000000000000000;1,000000000000000;1,000000000000000;1,000000000000000;1,000000000000000;1,000000000000000;1,000000000000000;1,000000000000000
2023-02-26;0-60;7;7,0;7;7;7;7;7;7;7;7;7;7;178;178,0;178;178;178;178;178,0;178;178;178,0;178;178,0;1,000000000000000;1,000000000000000;1,000000000000000;1,000000000000000;1,000000000000000;1,000000000000000;1,000000000000000;1,000000000000000;1,000000000000000;1,000000000000000;1,000000000000000
2023-02-26;60+;17;17,0;17;17;17;17;17;17;17;17;17;17;731;731,0;731;731;731;731;731,0;731;731;731,0;731;731,0;1,000000000000000;1,000000000000000;1,000000000000000;1,000000000000000;1,000000000000000;1,000000000000000;1,000000000000000;1,000000000000000;1,000000000000000;1,000000000000000;1,000000000000000
2023-02-26;alle;24;24,0;24;24;24;24;24;24;24;24;24;24;909;909,0;909;909;909;909;909,0;909;909;909,0;909;909,0;1,000000000000000;1,000000000000000;1,000000000000000;1,000000000000000;1,000000000000000;1,000000000000000;1,000000000000000;1,000000000000000;1,000000000000000;1,000000000000000;1,000000000000000
2023-02-25;0-60;19;19,0;19;19;19;19;19;19;19;19;19;19;172;172,0;172;172;172;172;172,0;172;172;172,0;172;172,0;1,000000000000000;1,000000000000000;1,000000000000000;1,000000000000000;1,000000000000000;1,000000000000000;1,000000000000000;1,000000000000000;1,000000000000000;1,000000000000000;1,000000000000000
2023-02-25;60+;111;111,0;111;111;111;111;111;111;111;111;111;111;728;728,0;728;728;728;728;728,0;728;728;728,0;728;728,0;1,000000000000000;1,000000000000000;1,000000000000000;1,000000000000000;1,000000000000000;1,000000000000000;1,000000000000000;1,000000000000000;1,000000000000000;1,000000000000000;1,000000000000000
2023-02-25;alle;130;130,0;130;130;130;130;130;130;130;130;130;130;900;900,0;900;900;900;900;900,0;900;900;900,0;900;900,0;1,000000000000000;1,000000000000000;1,000000000000000;1,000000000000000;1,000000000000000;1,000000000000000;1,000000000000000;1,000000000000000;1,000000000000000;1,000000000000000;1,000000000000000
2023-02-24;0-60;34;34,0;34;34;34;34;34;34;34;34;34;34;179;179,0;179;179;179;179;179,0;179;179;179,0;179;179,0;1,000000000000000;1,000000000000000;1,000000000000000;1,000000000000000;1,000000000000000;1,000000000000000;1,000000000000000;1,000000000000000;1,000000000000000;1,000000000000000;1,000000000000000
2023-02-24;60+;118;118,0;118;118;118;118;118;118;118;118;118;118;737;737,0;737;737;737;737;737,0;737;737;737,0;737;737,0;1,000000000000000;1,000000000000000;1,000000000000000;1,000000000000000;1,000000000000000;1,000000000000000;1,000000000000000;1,000000000000000;1,000000000000000;1,000000000000000;1,000000000000000
2023-02-24;alle;152;152,0;152;152;152;152;152;152;152;152;152;152;916;916,0;916;916;916;916;916,0;916;916;916,0;916;916,0;1,000000000000000;1,000000000000000;1,000000000000000;1,000000000000000;1,000000000000000;1,000000000000000;1,000000000000000;1,000000000000000;1,000000000000000;1,000000000000000;1,000000000000000
2023-02-23;0-60;37;37,0;37;37;37;37;37;37;37;37;37;37;171;171,0;171;171;171;171;171,0;171;171;171,0;171;171,0;1,000000000000000;1,000000000000000;1,000000000000000;1,000000000000000;1,000000000000000;1,000000000000000;1,000000000000000;1,000000000000000;1,000000000000000;1,000000000000000;1,000000000000000
2023-02-23;60+;119;119,0;119;119;119;119;119;119;119;119;119;119;717;717,0;717;717;717;717;717,0;717;717;717,0;717;717,0;1,000000000000000;1,000000000000000;1,000000000000000;1,000000000000000;1,000000000000000;1,000000000000000;1,000000000000000;1,000000000000000;1,000000000000000;1,000000000000000;1,000000000000000
2023-02-23;alle;156;156,0;156;156;156;156;156;156;156;156;156;156;888;888,0;888;888;888;888;888,0;888;888;888,0;888;888,0;1,000000000000000;1,000000000000000;1,000000000000000;1,000000000000000;1,000000000000000;1,000000000000000;1,000000000000000;1,000000000000000;1,000000000000000;1,000000000000000;1,000000000000000
2023-02-22;0-60;27;27,0;27;27;27;27;27;27;27;27;27;27;164;164,0;164;164;164;164;164,0;164;164;164,0;164;164,0;1,000000000000000;1,000000000000000;1,000000000000000;1,000000000000000;1,000000000000000;1,000000000000000;1,000000000000000;1,000000000000000;1,000000000000000;1,000000000000000;1,000000000000000
2023-02-22;60+;126;126,0;126;126;126;126;126;126;126;126;126;126;728;728,0;728;728;728;728;728,0;728;728;728,0;728;728,0;1,000000000000000;1,000000000000000;1,000000000000000;1,000000000000000;1,000000000000000;1,000000000000000;1,000000000000000;1,000000000000000;1,000000000000000;1,000000000000000;1,000000000000000
2023-02-22;alle;153;153,0;153;153;153;153;153;153;153;153;153;153;892;892,0;892;892;892;892;892,0;892;892;892,0;892;892,0;NA;NA;NA;NA;NA;NA;NA;NA;NA;NA;NA
2023-02-21;0-60;50;50,0;50;50;50;50;50;50;50;50;50;50;165;165,0;165;165;165;165;165,0;165;165;165,0;165;165,0;1,000000000000000;1,000000000000000;1,000000000000000;1,000000000000000;1,000000000000000;1,000000000000000;1,000000000000000;1,000000000000000;1,000000000000000;1,000000000000000;1,000000000000000
2023-02-21;60+;215;215,0;215;215;215;215;215;215;215;215;215;215;713;713,0;713;713;713;713;713,0;713;713;713,0;713;713,0;1,000000000000000;1,000000000000000;1,000000000000000;1,000000000000000;1,000000000000000;1,000000000000000;1,000000000000000;1,000000000000000;1,000000000000000;1,000000000000000;1,000000000000000
2023-02-21;alle;265;265,0;265;265;265;265;265;265;265;265;265;265;878;878,0;878;878;878;878;878,0;878;878;878,0;878;878,0;NA;NA;NA;NA;NA;NA;NA;NA;NA;NA;NA
2023-02-20;0-60;4;4,0;4;4;4;4;4;4;4;4;4;4;147;147,0;147;147;147;147;147,0;147;147;147,0;147;147,0;1,000000000000000;1,000000000000000;1,000000000000000;1,000000000000000;1,000000000000000;1,000000000000000;1,000000000000000;1,000000000000000;1,000000000000000;1,000000000000000;1,000000000000000
2023-02-20;60+;25;25,0;25;25;25;25;25;25;25;25;25;25;659;659,0;659;659;659;659;659,0;659;659;659,0;659;659,0;1,000000000000000;1,000000000000000;1,000000000000000;1,000000000000000;1,000000000000000;1,000000000000000;1,000000000000000;1,000000000000000;1,000000000000000;1,000000000000000;1,000000000000000
2023-02-20;alle;29;29,0;29;29;29;29;29;29;29;29;29;29;806;806,0;806;806;806;806;806,0;806;806;806,0;806;806,0;NA;NA;NA;NA;NA;NA;NA;NA;NA;NA;NA
2023-02-19;0-60;1;1,0;1;1;1;1;1;1;1;1;1;1;146;146,0;146;146;146;146;146,0;146;146;146,0;146;146,0;1,000000000000000;1,000000000000000;1,000000000000000;1,000000000000000;1,000000000000000;1,000000000000000;1,000000000000000;1,000000000000000;1,000000000000000;1,000000000000000;1,000000000000000
2023-02-19;60+;14;14,0;14;14;14;14;14;14;14;14;14;14;642;642,0;642;642;642;642;642,0;642;642;642,0;642;642,0;1,000000000000000;1,000000000000000;1,000000000000000;1,000000000000000;1,000000000000000;1,000000000000000;1,000000000000000;1,000000000000000;1,000000000000000;1,000000000000000;1,000000000000000
2023-02-19;alle;15;15,0;15;15;15;15;15;15;15;15;15;15;788;788,0;788;788;788;788;788,0;788;788;788,0;788;788,0;NA;NA;NA;NA;NA;NA;NA;NA;NA;NA;NA
2023-02-18;0-60;26;26,0;26;26;26;26;26;26;26;26;26;26;148;148,0;148;148;148;148;148,0;148;148;148,0;148;148,0;1,000000000000000;1,000000000000000;1,000000000000000;1,000000000000000;1,000000000000000;1,000000000000000;1,000000000000000;1,000000000000000;1,000000000000000;1,000000000000000;1,000000000000000
2023-02-18;60+;120;120,0;120;120;120;120;120;120;120;120;120;120;643;643,0;643;643;643;643;643,0;643;643;643,0;643;643,0;1,000000000000000;1,000000000000000;1,000000000000000;1,000000000000000;1,000000000000000;1,000000000000000;1,000000000000000;1,000000000000000;1,000000000000000;1,000000000000000;1,000000000000000
2023-02-18;alle;146;146,0;146;146;146;146;146;146;146;146;146;146;791;791,0;791;791;791;791;791,0;791;791;791,0;791;791,0;NA;NA;NA;NA;NA;NA;NA;NA;NA;NA;NA
2023-02-17;0-60;26;26,0;26;26;26;26;26;26;26;26;26;26;137;137,0;137;137;137;137;137,0;137;137;137,0;137;137,0;1,000000000000000;1,000000000000000;1,000000000000000;1,000000000000000;1,000000000000000;1,000000000000000;1,000000000000000;1,000000000000000;1,000000000000000;1,000000000000000;1,000000000000000
2023-02-17;60+;98;98,0;98;98;98;98;98;98;98;98;98;98;589;589,0;589;589;589;589;589,0;589;589;589,0;589;589,0;1,000000000000000;1,000000000000000;1,000000000000000;1,000000000000000;1,000000000000000;1,000000000000000;1,000000000000000;1,000000000000000;1,000000000000000;1,000000000000000;1,000000000000000
2023-02-17;alle;124;124,0;124;124;124;124;124;124;124;124;124;124;726;726,0;726;726;726;726;726,0;726;726;726,0;726;726,0;NA;NA;NA;NA;NA;NA;NA;NA;NA;NA;NA
2023-02-16;0-60;30;30,0;30;30;30;30;30;30;30;30;30;30;130;130,0;130;130;130;130;130,0;130;130;130,0;130;130,0;1,000000000000000;1,000000000000000;1,000000000000000;1,000000000000000;1,000000000000000;1,000000000000000;1,000000000000000;1,000000000000000;1,000000000000000;1,000000000000000;1,000000000000000
2023-02-16;60+;130;130,0;130;130;130;130;130;130;130;130;130;130;566;566,0;566;566;566;566;566,0;566;566;566,0;566;566,0;1,000000000000000;1,000000000000000;1,000000000000000;1,000000000000000;1,000000000000000;1,000000000000000;1,000000000000000;1,000000000000000;1,000000000000000;1,000000000000000;1,000000000000000
2023-02-16;alle;160;160,0;160;160;160;160;160;160;160;160;160;160;696;696,0;696;696;696;696;696,0;696;696;696,0;696;696,0;NA;NA;NA;NA;NA;NA;NA;NA;NA;NA;NA
2023-02-15;0-60;28;28,0;28;28;28;28;28;28;28;28;28;28;121;121,0;121;121;121;121;121,0;121;121;121,0;121;121,0;1,000000000000000;1,000000000000000;1,000000000000000;1,000000000000000;1,000000000000000;1,000000000000000;1,000000000000000;1,000000000000000;1,000000000000000;1,000000000000000;1,000000000000000
2023-02-15;60+;111;111,0;111;111;111;111;111;111;111;111;111;111;517;517,0;517;517;517;517;517,0;517;517;517,0;517;517,0;1,000000000000000;1,000000000000000;1,000000000000000;1,000000000000000;1,000000000000000;1,000000000000000;1,000000000000000;1,000000000000000;1,000000000000000;1,000000000000000;1,000000000000000
2023-02-15;alle;139;139,0;139;139;139;139;139;139;139;139;139;139;638;638,0;638;638;638;638;638,0;638;638;638,0;638;638,0;NA;NA;NA;NA;NA;NA;NA;NA;NA;NA;NA
2023-02-14;0-60;32;32,0;32;32;32;32;32;32;32;32;32;32;118;118,0;118;118;118;118;118,0;118;118;118,0;118;118,0;1,000000000000000;1,000000000000000;1,000000000000000;1,000000000000000;1,000000000000000;1,000000000000000;1,000000000000000;1,000000000000000;1,000000000000000;1,000000000000000;1,000000000000000
2023-02-14;60+;161;161,0;161;161;161;161;161;161;161;161;161;161;480;480,0;480;480;480;480;480,0;480;480;480,0;480;480,0;1,000000000000000;1,000000000000000;1,000000000000000;1,000000000000000;1,000000000000000;1,000000000000000;1,000000000000000;1,000000000000000;1,000000000000000;1,000000000000000;1,000000000000000
2023-02-14;alle;193;193,0;193;193;193;193;193;193;193;193;193;193;598;598,0;598;598;598;598;598,0;598;598;598,0;598;598,0;NA;NA;NA;NA;NA;NA;NA;NA;NA;NA;NA
2023-02-13;0-60;3;3,0;3;3;3;3;3;3;3;3;3;3;139;139,0;139;139;139;139;139,0;139;139;139,0;139;139,0;1,000000000000000;1,000000000000000;1,000000000000000;1,000000000000000;1,000000000000000;1,000000000000000;1,000000000000000;1,000000000000000;1,000000000000000;1,000000000000000;1,000000000000000
2023-02-13;60+;8;8,0;8;8;8;8;8;8;8;8;8;8;445;445,0;445;445;445;445;445,0;445;445;445,0;445;445,0;1,000000000000000;1,000000000000000;1,000000000000000;1,000000000000000;1,000000000000000;1,000000000000000;1,000000000000000;1,000000000000000;1,000000000000000;1,000000000000000;1,000000000000000
2023-02-13;alle;11;11,0;11;11;11;11;11;11;11;11;11;11;584;584,0;584;584;584;584;584,0;584;584;584,0;584;584,0;NA;NA;NA;NA;NA;NA;NA;NA;NA;NA;NA
2023-02-12;0-60;3;3,0;3;3;3;3;3;3;3;3;3;3;139;139,0;139;139;139;139;139,0;139;139;139,0;139;139,0;1,000000000000000;1,000000000000000;1,000000000000000;1,000000000000000;1,000000000000000;1,000000000000000;1,000000000000000;1,000000000000000;1,000000000000000;1,000000000000000;1,000000000000000
2023-02-12;60+;15;15,0;15;15;15;15;15;15;15;15;15;15;457;457,0;457;457;457;457;457,0;457;457;457,0;457;457,0;1,000000000000000;1,000000000000000;1,000000000000000;1,000000000000000;1,000000000000000;1,000000000000000;1,000000000000000;1,000000000000000;1,000000000000000;1,000000000000000;1,000000000000000
2023-02-12;alle;18;18,0;18;18;18;18;18;18;18;18;18;18;596;596,0;596;596;596;596;596,0;596;596;596,0;596;596,0;NA;NA;NA;NA;NA;NA;NA;NA;NA;NA;NA
2023-02-11;0-60;15;15,0;15;15;15;15;15;15;15;15;15;15;143;143,0;143;143;143;143;143,0;143;143;143,0;143;143,0;1,000000000000000;1,000000000000000;1,000000000000000;1,000000000000000;1,000000000000000;1,000000000000000;1,000000000000000;1,000000000000000;1,000000000000000;1,000000000000000;1,000000000000000
2023-02-11;60+;66;66,0;66;66;66;66;66;66;66;66;66;66;452;452,0;452;452;452;452;452,0;452;452;452,0;452;452,0;1,000000000000000;1,000000000000000;1,000000000000000;1,000000000000000;1,000000000000000;1,000000000000000;1,000000000000000;1,000000000000000;1,000000000000000;1,000000000000000;1,000000000000000
2023-02-11;alle;81;81,0;81;81;81;81;81;81;81;81;81;81;595;595,0;595;595;595;595;595,0;595;595;595,0;595;595,0;NA;NA;NA;NA;NA;NA;NA;NA;NA;NA;NA
2023-02-10;0-60;19;19,0;19;19;19;19;19;19;19;19;19;19;146;146,0;146;146;146;146;146,0;146;146;146,0;146;146,0;1,000000000000000;1,000000000000000;1,000000000000000;1,000000000000000;1,000000000000000;1,000000000000000;1,000000000000000;1,000000000000000;1,000000000000000;1,000000000000000;1,000000000000000
2023-02-10;60+;75;75,0;75;75;75;75;75;75;75;75;75;75;426;426,0;426;426;426;426;426,0;426;426;426,0;426;426,0;1,000000000000000;1,000000000000000;1,000000000000000;1,000000000000000;1,000000000000000;1,000000000000000;1,000000000000000;1,000000000000000;1,000000000000000;1,000000000000000;1,000000000000000
2023-02-10;alle;94;94,0;94;94;94;94;94;94;94;94;94;94;572;572,0;572;572;572;572;572,0;572;572;572,0;572;572,0;NA;NA;NA;NA;NA;NA;NA;NA;NA;NA;NA
2023-02-09;0-60;21;21,0;21;21;21;21;21;21;21;21;21;21;151;151,0;151;151;151;151;151,0;151;151;151,0;151;151,0;1,000000000000000;1,000000000000000;1,000000000000000;1,000000000000000;1,000000000000000;1,000000000000000;1,000000000000000;1,000000000000000;1,000000000000000;1,000000000000000;1,000000000000000
2023-02-09;60+;81;81,0;81;81;81;81;81;81;81;81;81;81;404;404,0;404;404;404;404;404,0;404;404;404,0;404;404,0;1,000000000000000;1,000000000000000;1,000000000000000;1,000000000000000;1,000000000000000;1,000000000000000;1,000000000000000;1,000000000000000;1,000000000000000;1,000000000000000;1,000000000000000
2023-02-09;alle;102;102,0;102;102;102;102;102;102;102;102;102;102;555;555,0;555;555;555;555;555,0;555;555;555,0;555;555,0;NA;NA;NA;NA;NA;NA;NA;NA;NA;NA;NA
2023-02-08;0-60;25;25,0;25;25;25;25;25;25;25;25;25;25;147;147,0;147;147;147;147;147,0;147;147;147,0;147;147,0;1,000000000000000;1,000000000000000;1,000000000000000;1,000000000000000;1,000000000000000;1,000000000000000;1,000000000000000;1,000000000000000;1,000000000000000;1,000000000000000;1,000000000000000
2023-02-08;60+;74;74,0;74;74;74;74;74;74;74;74;74;74;367;367,0;367;367;367;367;367,0;367;367;367,0;367;367,0;1,000000000000000;1,000000000000000;1,000000000000000;1,000000000000000;1,000000000000000;1,000000000000000;1,000000000000000;1,000000000000000;1,000000000000000;1,000000000000000;1,000000000000000
2023-02-08;alle;99;99,0;99;99;99;99;99;99;99;99;99;99;514;514,0;514;514;514;514;514,0;514;514;514,0;514;514,0;NA;NA;NA;NA;NA;NA;NA;NA;NA;NA;NA
2023-02-07;0-60;53;53,0;53;53;53;53;53;53;53;53;53;53;136;136,0;136;136;136;136;136,0;136;136;136,0;136;136,0;1,000000000000000;1,000000000000000;1,000000000000000;1,000000000000000;1,000000000000000;1,000000000000000;1,000000000000000;1,000000000000000;1,000000000000000;1,000000000000000;1,000000000000000
2023-02-07;60+;126;126,0;126;126;126;126;126;126;126;126;126;126;364;364,0;364;364;364;364;364,0;364;364;364,0;364;364,0;1,000000000000000;1,000000000000000;1,000000000000000;1,000000000000000;1,000000000000000;1,000000000000000;1,000000000000000;1,000000000000000;1,000000000000000;1,000000000000000;1,000000000000000
2023-02-07;alle;179;179,0;179;179;179;179;179;179;179;179;179;179;500;500,0;500;500;500;500;500,0;500;500;500,0;500;500,0;NA;NA;NA;NA;NA;NA;NA;NA;NA;NA;NA
2023-02-06;0-60;3;3,0;3;3;3;3;3;3;3;3;3;3;119;119,0;119;119;119;119;119,0;119;119;119,0;119;119,0;1,000000000000000;1,000000000000000;1,000000000000000;1,000000000000000;1,000000000000000;1,000000000000000;1,000000000000000;1,000000000000000;1,000000000000000;1,000000000000000;1,000000000000000
2023-02-06;60+;20;20,0;20;20;20;20;20;20;20;20;20;20;330;330,0;330;330;330;330;330,0;330;330;330,0;330;330,0;1,000000000000000;1,000000000000000;1,000000000000000;1,000000000000000;1,000000000000000;1,000000000000000;1,000000000000000;1,000000000000000;1,000000000000000;1,000000000000000;1,000000000000000
2023-02-06;alle;23;23,0;23;23;23;23;23;23;23;23;23;23;449;449,0;449;449;449;449;449,0;449;449;449,0;449;449,0;NA;NA;NA;NA;NA;NA;NA;NA;NA;NA;NA
2023-02-05;0-60;7;7,0;7;7;7;7;7;7;7;7;7;7;121;121,0;121;121;121;121;121,0;121;121;121,0;121;121,0;1,000000000000000;1,000000000000000;1,000000000000000;1,000000000000000;1,000000000000000;1,000000000000000;1,000000000000000;1,000000000000000;1,000000000000000;1,000000000000000;1,000000000000000
2023-02-05;60+;10;10,0;10;10;10;10;10;10;10;10;10;10;319;319,0;319;319;319;319;319,0;319;319;319,0;319;319,0;1,000000000000000;1,000000000000000;1,000000000000000;1,000000000000000;1,000000000000000;1,000000000000000;1,000000000000000;1,000000000000000;1,000000000000000;1,000000000000000;1,000000000000000
2023-02-05;alle;17;17,0;17;17;17;17;17;17;17;17;17;17;440;440,0;440;440;440;440;440,0;440;440;440,0;440;440,0;NA;NA;NA;NA;NA;NA;NA;NA;NA;NA;NA
2023-02-04;0-60;18;18,0;18;18;18;18;18;18;18;18;18;18;116;116,0;116;116;116;116;116,0;116;116;116,0;116;116,0;1,000000000000000;1,000000000000000;1,000000000000000;1,000000000000000;1,000000000000000;1,000000000000000;1,000000000000000;1,000000000000000;1,000000000000000;1,000000000000000;1,000000000000000
2023-02-04;60+;40;40,0;40;40;40;40;40;40;40;40;40;40;314;314,0;314;314;314;314;314,0;314;314;314,0;314;314,0;1,000000000000000;1,000000000000000;1,000000000000000;1,000000000000000;1,000000000000000;1,000000000000000;1,000000000000000;1,000000000000000;1,000000000000000;1,000000000000000;1,000000000000000
2023-02-04;alle;58;58,0;58;58;58;58;58;58;58;58;58;58;430;430,0;430;430;430;430;430,0;430;430;430,0;430;430,0;NA;NA;NA;NA;NA;NA;NA;NA;NA;NA;NA
2023-02-03;0-60;24;24,0;24;24;24;24;24;24;24;24;24;24;114;114,0;114;114;114;114;114,0;114;114;114,0;114;114,0;1,000000000000000;1,000000000000000;1,000000000000000;1,000000000000000;1,000000000000000;1,000000000000000;1,000000000000000;1,000000000000000;1,000000000000000;1,000000000000000;1,000000000000000
2023-02-03;60+;53;53,0;53;53;53;53;53;53;53;53;53;53;316;316,0;316;316;316;316;316,0;316;316;316,0;316;316,0;1,000000000000000;1,000000000000000;1,000000000000000;1,000000000000000;1,000000000000000;1,000000000000000;1,000000000000000;1,000000000000000;1,000000000000000;1,000000000000000;1,000000000000000
2023-02-03;alle;77;77,0;77;77;77;77;77;77;77;77;77;77;430;430,0;430;430;430;430;430,0;430;430;430,0;430;430,0;NA;NA;NA;NA;NA;NA;NA;NA;NA;NA;NA
2023-02-02;0-60;17;17,0;17;17;17;17;17;17;17;17;17;17;110;110,0;110;110;110;110;110,0;110;110;110,0;110;110,0;1,000000000000000;1,000000000000000;1,000000000000000;1,000000000000000;1,000000000000000;1,000000000000000;1,000000000000000;1,000000000000000;1,000000000000000;1,000000000000000;1,000000000000000
2023-02-02;60+;44;44,0;44;44;44;44;44;44;44;44;44;44;343;343,0;343;343;343;343;343,0;343;343;343,0;343;343,0;1,000000000000000;1,000000000000000;1,000000000000000;1,000000000000000;1,000000000000000;1,000000000000000;1,000000000000000;1,000000000000000;1,000000000000000;1,000000000000000;1,000000000000000
2023-02-02;alle;61;61,0;61;61;61;61;61;61;61;61;61;61;453;453,0;453;453;453;453;453,0;453;453;453,0;453;453,0;NA;NA;NA;NA;NA;NA;NA;NA;NA;NA;NA
2023-02-01;0-60;14;14,0;14;14;14;14;14;14;14;14;14;14;104;104,0;104;104;104;104;104,0;104;104;104,0;104;104,0;1,000000000000000;1,000000000000000;1,000000000000000;1,000000000000000;1,000000000000000;1,000000000000000;1,000000000000000;1,000000000000000;1,000000000000000;1,000000000000000;1,000000000000000
2023-02-01;60+;71;71,0;71;71;71;71;71;71;71;71;71;71;343;343,0;343;343;343;343;343,0;343;343;343,0;343;343,0;1,000000000000000;1,000000000000000;1,000000000000000;1,000000000000000;1,000000000000000;1,000000000000000;1,000000000000000;1,000000000000000;1,000000000000000;1,000000000000000;1,000000000000000
2023-02-01;alle;85;85,0;85;85;85;85;85;85;85;85;85;85;447;447,0;447;447;447;447;447,0;447;447;447,0;447;447,0;NA;NA;NA;NA;NA;NA;NA;NA;NA;NA;NA
2023-01-31;0-60;36;36,0;36;36;36;36;36;36;36;36;36;36;104;104,0;104;104;104;104;104,0;104;104;104,0;104;104,0;1,000000000000000;1,000000000000000;1,000000000000000;1,000000000000000;1,000000000000000;1,000000000000000;1,000000000000000;1,000000000000000;1,000000000000000;1,000000000000000;1,000000000000000
2023-01-31;60+;92;92,0;92;92;92;92;92;92;92;92;92;92;316;316,0;316;316;316;316;316,0;316;316;316,0;316;316,0;1,000000000000000;1,000000000000000;1,000000000000000;1,000000000000000;1,000000000000000;1,000000000000000;1,000000000000000;1,000000000000000;1,000000000000000;1,000000000000000;1,000000000000000
2023-01-31;alle;128;128,0;128;128;128;128;128;128;128;128;128;128;420;420,0;420;420;420;420;420,0;420;420;420,0;420;420,0;NA;NA;NA;NA;NA;NA;NA;NA;NA;NA;NA
2023-01-30;0-60;5;5,0;5;5;5;5;5;5;5;5;5;5;92;92,0;92;92;92;92;92,0;92;92;92,0;92;92,0;1,000000000000000;1,000000000000000;1,000000000000000;1,000000000000000;1,000000000000000;1,000000000000000;1,000000000000000;1,000000000000000;1,000000000000000;1,000000000000000;1,000000000000000
2023-01-30;60+;9;9,0;9;9;9;9;9;9;9;9;9;9;293;293,0;293;293;293;293;293,0;293;293;293,0;293;293,0;1,000000000000000;1,000000000000000;1,000000000000000;1,000000000000000;1,000000000000000;1,000000000000000;1,000000000000000;1,000000000000000;1,000000000000000;1,000000000000000;1,000000000000000
2023-01-30;alle;14;14,0;14;14;14;14;14;14;14;14;14;14;385;385,0;385;385;385;385;385,0;385;385;385,0;385;385,0;NA;NA;NA;NA;NA;NA;NA;NA;NA;NA;NA
2023-01-29;0-60;2;2,0;2;2;2;2;2;2;2;2;2;2;90;90,0;90;90;90;90;90,0;90;90;90,0;90;90,0;1,000000000000000;1,000000000000000;1,000000000000000;1,000000000000000;1,000000000000000;1,000000000000000;1,000000000000000;1,000000000000000;1,000000000000000;1,000000000000000;1,000000000000000
2023-01-29;60+;5;5,0;5;5;5;5;5;5;5;5;5;5;287;287,0;287;287;287;287;287,0;287;287;287,0;287;287,0;1,000000000000000;1,000000000000000;1,000000000000000;1,000000000000000;1,000000000000000;1,000000000000000;1,000000000000000;1,000000000000000;1,000000000000000;1,000000000000000;1,000000000000000
2023-01-29;alle;7;7,0;7;7;7;7;7;7;7;7;7;7;377;377,0;377;377;377;377;377,0;377;377;377,0;377;377,0;NA;NA;NA;NA;NA;NA;NA;NA;NA;NA;NA
2023-01-28;0-60;16;16,0;16;16;16;16;16;16;16;16;16;16;91;91,0;91;91;91;91;91,0;91;91;91,0;91;91,0;1,000000000000000;1,000000000000000;1,000000000000000;1,000000000000000;1,000000000000000;1,000000000000000;1,000000000000000;1,000000000000000;1,000000000000000;1,000000000000000;1,000000000000000
2023-01-28;60+;42;42,0;42;42;42;42;42;42;42;42;42;42;289;289,0;289;289;289;289;289,0;289;289;289,0;289;289,0;1,000000000000000;1,000000000000000;1,000000000000000;1,000000000000000;1,000000000000000;1,000000000000000;1,000000000000000;1,000000000000000;1,000000000000000;1,000000000000000;1,000000000000000
2023-01-28;alle;58;58,0;58;58;58;58;58;58;58;58;58;58;380;380,0;380;380;380;380;380,0;380;380;380,0;380;380,0;NA;NA;NA;NA;NA;NA;NA;NA;NA;NA;NA
2023-01-27;0-60;20;20,0;20;20;20;20;20;20;20;20;20;20;92;92,0;92;92;92;92;92,0;92;92;92,0;92;92,0;1,000000000000000;1,000000000000000;1,000000000000000;1,000000000000000;1,000000000000000;1,000000000000000;1,000000000000000;1,000000000000000;1,000000000000000;1,000000000000000;1,000000000000000
2023-01-27;60+;80;80,0;80;80;80;80;80;80;80;80;80;80;280;280,0;280;280;280;280;280,0;280;280;280,0;280;280,0;1,000000000000000;1,000000000000000;1,000000000000000;1,000000000000000;1,000000000000000;1,000000000000000;1,000000000000000;1,000000000000000;1,000000000000000;1,000000000000000;1,000000000000000
2023-01-27;alle;100;100,0;100;100;100;100;100;100;100;100;100;100;372;372,0;372;372;372;372;372,0;372;372;372,0;372;372,0;NA;NA;NA;NA;NA;NA;NA;NA;NA;NA;NA
2023-01-26;0-60;11;11,0;11;11;11;11;11;11;11;11;11;11;87;87,0;87;87;87;87;87,0;87;87;87,0;87;87,0;1,000000000000000;1,000000000000000;1,000000000000000;1,000000000000000;1,000000000000000;1,000000000000000;1,000000000000000;1,000000000000000;1,000000000000000;1,000000000000000;1,000000000000000
2023-01-26;60+;44;44,0;44;44;44;44;44;44;44;44;44;44;236;236,0;236;236;236;236;236,0;236;236;236,0;236;236,0;1,000000000000000;1,000000000000000;1,000000000000000;1,000000000000000;1,000000000000000;1,000000000000000;1,000000000000000;1,000000000000000;1,000000000000000;1,000000000000000;1,000000000000000
2023-01-26;alle;55;55,0;55;55;55;55;55;55;55;55;55;55;323;323,0;323;323;323;323;323,0;323;323;323,0;323;323,0;NA;NA;NA;NA;NA;NA;NA;NA;NA;NA;NA
2023-01-25;0-60;14;14,0;14;14;14;14;14;14;14;14;14;14;85;85,0;85;85;85;85;85,0;85;85;85,0;85;85,0;1,000000000000000;1,000000000000000;1,000000000000000;1,000000000000000;1,000000000000000;1,000000000000000;1,000000000000000;1,000000000000000;1,000000000000000;1,000000000000000;1,000000000000000
2023-01-25;60+;44;44,0;44;44;44;44;44;44;44;44;44;44;231;231,0;231;231;231;231;231,0;231;231;231,0;231;231,0;1,000000000000000;1,000000000000000;1,000000000000000;1,000000000000000;1,000000000000000;1,000000000000000;1,000000000000000;1,000000000000000;1,000000000000000;1,000000000000000;1,000000000000000
2023-01-25;alle;58;58,0;58;58;58;58;58;58;58;58;58;58;316;316,0;316;316;316;316;316,0;316;316;316,0;316;316,0;NA;NA;NA;NA;NA;NA;NA;NA;NA;NA;NA
2023-01-24;0-60;24;24,0;24;24;24;24;24;24;24;24;24;24;90;90,0;90;90;90;90;90,0;90;90;90,0;90;90,0;1,000000000000000;1,000000000000000;1,000000000000000;1,000000000000000;1,000000000000000;1,000000000000000;1,000000000000000;1,000000000000000;1,000000000000000;1,000000000000000;1,000000000000000
2023-01-24;60+;69;69,0;69;69;69;69;69;69;69;69;69;69;240;240,0;240;240;240;240;240,0;240;240;240,0;240;240,0;1,000000000000000;1,000000000000000;1,000000000000000;1,000000000000000;1,000000000000000;1,000000000000000;1,000000000000000;1,000000000000000;1,000000000000000;1,000000000000000;1,000000000000000
2023-01-24;alle;93;93,0;93;93;93;93;93;93;93;93;93;93;330;330,0;330;330;330;330;330,0;330;330;330,0;330;330,0;NA;NA;NA;NA;NA;NA;NA;NA;NA;NA;NA
2023-01-23;0-60;3;3,0;3;3;3;3;3;3;3;3;3;3;98;98,0;98;98;98;98;98,0;98;98;98,0;98;98,0;1,000000000000000;1,000000000000000;1,000000000000000;1,000000000000000;1,000000000000000;1,000000000000000;1,000000000000000;1,000000000000000;1,000000000000000;1,000000000000000;1,000000000000000
2023-01-23;60+;3;3,0;3;3;3;3;3;3;3;3;3;3;269;269,0;269;269;269;269;269,0;269;269;269,0;269;269,0;1,000000000000000;1,000000000000000;1,000000000000000;1,000000000000000;1,000000000000000;1,000000000000000;1,000000000000000;1,000000000000000;1,000000000000000;1,000000000000000;1,000000000000000
2023-01-23;alle;6;6,0;6;6;6;6;6;6;6;6;6;6;367;367,0;367;367;367;367;367,0;367;367;367,0;367;367,0;NA;NA;NA;NA;NA;NA;NA;NA;NA;NA;NA
2023-01-22;0-60;3;3,0;3;3;3;3;3;3;3;3;3;3;97;97,0;97;97;97;97;97,0;97;97;97,0;97;97,0;1,000000000000000;1,000000000000000;1,000000000000000;1,000000000000000;1,000000000000000;1,000000000000000;1,000000000000000;1,000000000000000;1,000000000000000;1,000000000000000;1,000000000000000
2023-01-22;60+;7;7,0;7;7;7;7;7;7;7;7;7;7;271;271,0;271;271;271;271;271,0;271;271;271,0;271;271,0;1,000000000000000;1,000000000000000;1,000000000000000;1,000000000000000;1,000000000000000;1,000000000000000;1,000000000000000;1,000000000000000;1,000000000000000;1,000000000000000;1,000000000000000
2023-01-22;alle;10;10,0;10;10;10;10;10;10;10;10;10;10;368;368,0;368;368;368;368;368,0;368;368;368,0;368;368,0;NA;NA;NA;NA;NA;NA;NA;NA;NA;NA;NA
2023-01-21;0-60;17;17,0;17;17;17;17;17;17;17;17;17;17;95;95,0;95;95;95;95;95,0;95;95;95,0;95;95,0;1,000000000000000;1,000000000000000;1,000000000000000;1,000000000000000;1,000000000000000;1,000000000000000;1,000000000000000;1,000000000000000;1,000000000000000;1,000000000000000;1,000000000000000
2023-01-21;60+;33;33,0;33;33;33;33;33;33;33;33;33;33;269;269,0;269;269;269;269;269,0;269;269;269,0;269;269,0;1,000000000000000;1,000000000000000;1,000000000000000;1,000000000000000;1,000000000000000;1,000000000000000;1,000000000000000;1,000000000000000;1,000000000000000;1,000000000000000;1,000000000000000
2023-01-21;alle;50;50,0;50;50;50;50;50;50;50;50;50;50;364;364,0;364;364;364;364;364,0;364;364;364,0;364;364,0;NA;NA;NA;NA;NA;NA;NA;NA;NA;NA;NA
2023-01-20;0-60;15;15,0;15;15;15;15;15;15;15;15;15;15;99;99,0;99;99;99;99;99,0;99;99;99,0;99;99,0;1,000000000000000;1,000000000000000;1,000000000000000;1,000000000000000;1,000000000000000;1,000000000000000;1,000000000000000;1,000000000000000;1,000000000000000;1,000000000000000;1,000000000000000
2023-01-20;60+;36;36,0;36;36;36;36;36;36;36;36;36;36;283;283,0;283;283;283;283;283,0;283;283;283,0;283;283,0;1,000000000000000;1,000000000000000;1,000000000000000;1,000000000000000;1,000000000000000;1,000000000000000;1,000000000000000;1,000000000000000;1,000000000000000;1,000000000000000;1,000000000000000
2023-01-20;alle;51;51,0;51;51;51;51;51;51;51;51;51;51;382;382,0;382;382;382;382;382,0;382;382;382,0;382;382,0;NA;NA;NA;NA;NA;NA;NA;NA;NA;NA;NA
2023-01-19;0-60;9;9,0;9;9;9;9;9;9;9;9;9;9;97;97,0;97;97;97;97;97,0;97;97;97,0;97;97,0;1,000000000000000;1,000000000000000;1,000000000000000;1,000000000000000;1,000000000000000;1,000000000000000;1,000000000000000;1,000000000000000;1,000000000000000;1,000000000000000;1,000000000000000
2023-01-19;60+;39;39,0;39;39;39;39;39;39;39;39;39;39;289;289,0;289;289;289;289;289,0;289;289;289,0;289;289,0;1,000000000000000;1,000000000000000;1,000000000000000;1,000000000000000;1,000000000000000;1,000000000000000;1,000000000000000;1,000000000000000;1,000000000000000;1,000000000000000;1,000000000000000
2023-01-19;alle;48;48,0;48;48;48;48;48;48;48;48;48;48;386;386,0;386;386;386;386;386,0;386;386;386,0;386;386,0;NA;NA;NA;NA;NA;NA;NA;NA;NA;NA;NA
2023-01-18;0-60;19;19,0;19;19;19;19;19;19;19;19;19;19;101;101,0;101;101;101;101;101,0;101;101;101,0;101;101,0;1,000000000000000;1,000000000000000;1,000000000000000;1,000000000000000;1,000000000000000;1,000000000000000;1,000000000000000;1,000000000000000;1,000000000000000;1,000000000000000;1,000000000000000
2023-01-18;60+;53;53,0;53;53;53;53;53;53;53;53;53;53;307;307,0;307;307;307;307;307,0;307;307;307,0;307;307,0;1,000000000000000;1,000000000000000;1,000000000000000;1,000000000000000;1,000000000000000;1,000000000000000;1,000000000000000;1,000000000000000;1,000000000000000;1,000000000000000;1,000000000000000
2023-01-18;alle;72;72,0;72;72;72;72;72;72;72;72;72;72;408;408,0;408;408;408;408;408,0;408;408;408,0;408;408,0;NA;NA;NA;NA;NA;NA;NA;NA;NA;NA;NA
2023-01-17;0-60;32;32,0;32;32;32;32;32;32;32;32;32;32;101;101,0;101;101;101;101;101,0;101;101;101,0;101;101,0;1,000000000000000;1,000000000000000;1,000000000000000;1,000000000000000;1,000000000000000;1,000000000000000;1,000000000000000;1,000000000000000;1,000000000000000;1,000000000000000;1,000000000000000
2023-01-17;60+;98;98,0;98;98;98;98;98;98;98;98;98;98;345;345,0;345;345;345;345;345,0;345;345;345,0;345;345,0;1,000000000000000;1,000000000000000;1,000000000000000;1,000000000000000;1,000000000000000;1,000000000000000;1,000000000000000;1,000000000000000;1,000000000000000;1,000000000000000;1,000000000000000
2023-01-17;alle;130;130,0;130;130;130;130;130;130;130;130;130;130;446;446,0;446;446;446;446;446,0;446;446;446,0;446;446,0;NA;NA;NA;NA;NA;NA;NA;NA;NA;NA;NA
2023-01-16;0-60;2;2,0;2;2;2;2;2;2;2;2;2;2;116;116,0;116;116;116;116;116,0;116;116;116,0;116;116,0;1,000000000000000;1,000000000000000;1,000000000000000;1,000000000000000;1,000000000000000;1,000000000000000;1,000000000000000;1,000000000000000;1,000000000000000;1,000000000000000;1,000000000000000
2023-01-16;60+;5;5,0;5;5;5;5;5;5;5;5;5;5;421;421,0;421;421;421;421;421,0;421;421;421,0;421;421,0;1,000000000000000;1,000000000000000;1,000000000000000;1,000000000000000;1,000000000000000;1,000000000000000;1,000000000000000;1,000000000000000;1,000000000000000;1,000000000000000;1,000000000000000
2023-01-16;alle;7;7,0;7;7;7;7;7;7;7;7;7;7;537;537,0;537;537;537;537;537,0;537;537;537,0;537;537,0;NA;NA;NA;NA;NA;NA;NA;NA;NA;NA;NA
2023-01-15;0-60;1;1,0;1;1;1;1;1;1;1;1;1;1;114;114,0;114;114;114;114;114,0;114;114;114,0;114;114,0;1,000000000000000;1,000000000000000;1,000000000000000;1,000000000000000;1,000000000000000;1,000000000000000;1,000000000000000;1,000000000000000;1,000000000000000;1,000000000000000;1,000000000000000
2023-01-15;60+;5;5,0;5;5;5;5;5;5;5;5;5;5;427;427,0;427;427;427;427;427,0;427;427;427,0;427;427,0;1,000000000000000;1,000000000000000;1,000000000000000;1,000000000000000;1,000000000000000;1,000000000000000;1,000000000000000;1,000000000000000;1,000000000000000;1,000000000000000;1,000000000000000
2023-01-15;alle;6;6,0;6;6;6;6;6;6;6;6;6;6;541;541,0;541;541;541;541;541,0;541;541;541,0;541;541,0;NA;NA;NA;NA;NA;NA;NA;NA;NA;NA;NA
2023-01-14;0-60;21;21,0;21;21;21;21;21;21;21;21;21;21;116;116,0;116;116;116;116;116,0;116;116;116,0;116;116,0;1,000000000000000;1,000000000000000;1,000000000000000;1,000000000000000;1,000000000000000;1,000000000000000;1,000000000000000;1,000000000000000;1,000000000000000;1,000000000000000;1,000000000000000
2023-01-14;60+;47;47,0;47;47;47;47;47;47;47;47;47;47;432;432,0;432;432;432;432;432,0;432;432;432,0;432;432,0;1,000000000000000;1,000000000000000;1,000000000000000;1,000000000000000;1,000000000000000;1,000000000000000;1,000000000000000;1,000000000000000;1,000000000000000;1,000000000000000;1,000000000000000
2023-01-14;alle;68;68,0;68;68;68;68;68;68;68;68;68;68;548;548,0;548;548;548;548;548,0;548;548;548,0;548;548,0;NA;NA;NA;NA;NA;NA;NA;NA;NA;NA;NA
2023-01-13;0-60;13;13,0;13;13;13;13;13;13;13;13;13;13;98;98,0;98;98;98;98;98,0;98;98;98,0;98;98,0;1,000000000000000;1,000000000000000;1,000000000000000;1,000000000000000;1,000000000000000;1,000000000000000;1,000000000000000;1,000000000000000;1,000000000000000;1,000000000000000;1,000000000000000
2023-01-13;60+;42;42,0;42;42;42;42;42;42;42;42;42;42;407;407,0;407;407;407;407;407,0;407;407;407,0;407;407,0;1,000000000000000;1,000000000000000;1,000000000000000;1,000000000000000;1,000000000000000;1,000000000000000;1,000000000000000;1,000000000000000;1,000000000000000;1,000000000000000;1,000000000000000
2023-01-13;alle;55;55,0;55;55;55;55;55;55;55;55;55;55;505;505,0;505;505;505;505;505,0;505;505;505,0;505;505,0;NA;NA;NA;NA;NA;NA;NA;NA;NA;NA;NA
2023-01-12;0-60;13;13,0;13;13;13;13;13;13;13;13;13;13;95;95,0;95;95;95;95;95,0;95;95;95,0;95;95,0;1,000000000000000;1,000000000000000;1,000000000000000;1,000000000000000;1,000000000000000;1,000000000000000;1,000000000000000;1,000000000000000;1,000000000000000;1,000000000000000;1,000000000000000
2023-01-12;60+;57;57,0;57;57;57;57;57;57;57;57;57;57;438;438,0;438;438;438;438;438,0;438;438;438,0;438;438,0;1,000000000000000;1,000000000000000;1,000000000000000;1,000000000000000;1,000000000000000;1,000000000000000;1,000000000000000;1,000000000000000;1,000000000000000;1,000000000000000;1,000000000000000
2023-01-12;alle;70;70,0;70;70;70;70;70;70;70;70;70;70;533;533,0;533;533;533;533;533,0;533;533;533,0;533;533,0;NA;NA;NA;NA;NA;NA;NA;NA;NA;NA;NA
2023-01-11;0-60;19;19,0;19;19;19;19;19;19;19;19;19;19;100;100,0;100;100;100;100;100,0;100;100;100,0;100;100,0;1,000000000000000;1,000000000000000;1,000000000000000;1,000000000000000;1,000000000000000;1,000000000000000;1,000000000000000;1,000000000000000;1,000000000000000;1,000000000000000;1,000000000000000
2023-01-11;60+;91;91,0;91;91;91;91;91;91;91;91;91;91;460;460,0;460;460;460;460;460,0;460;460;460,0;460;460,0;1,000000000000000;1,000000000000000;1,000000000000000;1,000000000000000;1,000000000000000;1,000000000000000;1,000000000000000;1,000000000000000;1,000000000000000;1,000000000000000;1,000000000000000
2023-01-11;alle;110;110,0;110;110;110;110;110;110;110;110;110;110;560;560,0;560;560;560;560;560,0;560;560;560,0;560;560,0;NA;NA;NA;NA;NA;NA;NA;NA;NA;NA;NA
2023-01-10;0-60;47;47,0;47;47;47;47;47;47;47;47;47;47;99;99,0;99;99;99;99;99,0;99;99;99,0;99;99,0;1,000000000000000;1,000000000000000;1,000000000000000;1,000000000000000;1,000000000000000;1,000000000000000;1,000000000000000;1,000000000000000;1,000000000000000;1,000000000000000;1,000000000000000
2023-01-10;60+;174;174,0;174;174;174;174;174;174;174;174;174;174;462;462,0;462;462;462;462;462,0;462;462;462,0;462;462,0;1,000000000000000;1,000000000000000;1,000000000000000;1,000000000000000;1,000000000000000;1,000000000000000;1,000000000000000;1,000000000000000;1,000000000000000;1,000000000000000;1,000000000000000
2023-01-10;alle;221;221,0;221;221;221;221;221;221;221;221;221;221;561;561,0;561;561;561;561;561,0;561;561;561,0;561;561,0;NA;NA;NA;NA;NA;NA;NA;NA;NA;NA;NA
2023-01-09;0-60;0;0,0;0;0;0;0;0;0;0;0;0;0;91;91,0;91;91;91;91;91,0;91;91;91,0;91;91,0;1,000000000000000;1,000000000000000;1,000000000000000;1,000000000000000;1,000000000000000;1,000000000000000;1,000000000000000;1,000000000000000;1,000000000000000;1,000000000000000;1,000000000000000
2023-01-09;60+;11;11,0;11;11;11;11;11;11;11;11;11;11;474;474,0;474;474;474;474;474,0;474;474;474,0;474;474,0;1,000000000000000;1,000000000000000;1,000000000000000;1,000000000000000;1,000000000000000;1,000000000000000;1,000000000000000;1,000000000000000;1,000000000000000;1,000000000000000;1,000000000000000
2023-01-09;alle;11;11,0;11;11;11;11;11;11;11;11;11;11;565;565,0;565;565;565;565;565,0;565;565;565,0;565;565,0;NA;NA;NA;NA;NA;NA;NA;NA;NA;NA;NA
2023-01-08;0-60;3;3,0;3;3;3;3;3;3;3;3;3;3;94;94,0;94;94;94;94;94,0;94;94;94,0;94;94,0;1,000000000000000;1,000000000000000;1,000000000000000;1,000000000000000;1,000000000000000;1,000000000000000;1,000000000000000;1,000000000000000;1,000000000000000;1,000000000000000;1,000000000000000
2023-01-08;60+;10;10,0;10;10;10;10;10;10;10;10;10;10;495;495,0;495;495;495;495;495,0;495;495;495,0;495;495,0;1,000000000000000;1,000000000000000;1,000000000000000;1,000000000000000;1,000000000000000;1,000000000000000;1,000000000000000;1,000000000000000;1,000000000000000;1,000000000000000;1,000000000000000
2023-01-08;alle;13;13,0;13;13;13;13;13;13;13;13;13;13;589;589,0;589;589;589;589;589,0;589;589;589,0;589;589,0;NA;NA;NA;NA;NA;NA;NA;NA;NA;NA;NA
2023-01-07;0-60;3;3,0;3;3;3;3;3;3;3;3;3;3;99;99,0;99;99;99;99;99,0;99;99;99,0;99;99,0;1,000000000000000;1,000000000000000;1,000000000000000;1,000000000000000;1,000000000000000;1,000000000000000;1,000000000000000;1,000000000000000;1,000000000000000;1,000000000000000;1,000000000000000
2023-01-07;60+;22;22,0;22;22;22;22;22;22;22;22;22;22;504;504,0;504;504;504;504;504,0;504;504;504,0;504;504,0;1,000000000000000;1,000000000000000;1,000000000000000;1,000000000000000;1,000000000000000;1,000000000000000;1,000000000000000;1,000000000000000;1,000000000000000;1,000000000000000;1,000000000000000
2023-01-07;alle;25;25,0;25;25;25;25;25;25;25;25;25;25;603;603,0;603;603;603;603;603,0;603;603;603,0;603;603,0;NA;NA;NA;NA;NA;NA;NA;NA;NA;NA;NA
2023-01-06;0-60;10;10,0;10;10;10;10;10;10;10;10;10;10;120;120,0;120;120;120;120;120,0;120;120;120,0;120;120,0;1,000000000000000;1,000000000000000;1,000000000000000;1,000000000000000;1,000000000000000;1,000000000000000;1,000000000000000;1,000000000000000;1,000000000000000;1,000000000000000;1,000000000000000
2023-01-06;60+;73;73,0;73;73;73;73;73;73;73;73;73;73;557;557,0;557;557;557;557;557,0;557;557;557,0;557;557,0;1,000000000000000;1,000000000000000;1,000000000000000;1,000000000000000;1,000000000000000;1,000000000000000;1,000000000000000;1,000000000000000;1,000000000000000;1,000000000000000;1,000000000000000
2023-01-06;alle;83;83,0;83;83;83;83;83;83;83;83;83;83;677;677,0;677;677;677;677;677,0;677;677;677,0;677;677,0;NA;NA;NA;NA;NA;NA;NA;NA;NA;NA;NA
2023-01-05;0-60;18;18,0;18;18;18;18;18;18;18;18;18;18;134;134,0;134;134;134;134;134,0;134;134;134,0;134;134,0;1,000000000000000;1,000000000000000;1,000000000000000;1,000000000000000;1,000000000000000;1,000000000000000;1,000000000000000;1,000000000000000;1,000000000000000;1,000000000000000;1,000000000000000
2023-01-05;60+;79;79,0;79;79;79;79;79;79;79;79;79;79;593;593,0;593;593;593;593;593,0;593;593;593,0;593;593,0;1,000000000000000;1,000000000000000;1,000000000000000;1,000000000000000;1,000000000000000;1,000000000000000;1,000000000000000;1,000000000000000;1,000000000000000;1,000000000000000;1,000000000000000
2023-01-05;alle;97;97,0;97;97;97;97;97;97;97;97;97;97;727;727,0;727;727;727;727;727,0;727;727;727,0;727;727,0;NA;NA;NA;NA;NA;NA;NA;NA;NA;NA;NA
2023-01-04;0-60;18;18,0;18;18;18;18;18;18;18;18;18;18;155;155,0;155;155;155;155;155,0;155;155;155,0;155;155,0;1,000000000000000;1,000000000000000;1,000000000000000;1,000000000000000;1,000000000000000;1,000000000000000;1,000000000000000;1,000000000000000;1,000000000000000;1,000000000000000;1,000000000000000
2023-01-04;60+;93;93,0;93;93;93;93;93;93;93;93;93;93;650;650,0;650;650;650;650;650,0;650;650;650,0;650;650,0;1,000000000000000;1,000000000000000;1,000000000000000;1,000000000000000;1,000000000000000;1,000000000000000;1,000000000000000;1,000000000000000;1,000000000000000;1,000000000000000;1,000000000000000
2023-01-04;alle;111;111,0;111;111;111;111;111;111;111;111;111;111;805;805,0;805;805;805;805;805,0;805;805;805,0;805;805,0;NA;NA;NA;NA;NA;NA;NA;NA;NA;NA;NA
2023-01-03;0-60;39;39,0;39;39;39;39;39;39;39;39;39;39;182;182,0;182;182;182;182;182,0;182;182;182,0;182;182,0;1,000000000000000;1,000000000000000;1,000000000000000;1,000000000000000;1,000000000000000;1,000000000000000;1,000000000000000;1,000000000000000;1,000000000000000;1,000000000000000;1,000000000000000
2023-01-03;60+;186;186,0;186;186;186;186;186;186;186;186;186;186;775;775,0;775;775;775;775;775,0;775;775;775,0;775;775,0;1,000000000000000;1,000000000000000;1,000000000000000;1,000000000000000;1,000000000000000;1,000000000000000;1,000000000000000;1,000000000000000;1,000000000000000;1,000000000000000;1,000000000000000
2023-01-03;alle;225;225,0;225;225;225;225;225;225;225;225;225;225;957;957,0;957;957;957;957;957,0;957;957;957,0;957;957,0;NA;NA;NA;NA;NA;NA;NA;NA;NA;NA;NA
2023-01-02;0-60;3;3,0;3;3;3;3;3;3;3;3;3;3;152;152,0;152;152;152;152;152,0;152;152;152,0;152;152,0;1,000000000000000;1,000000000000000;1,000000000000000;1,000000000000000;1,000000000000000;1,000000000000000;1,000000000000000;1,000000000000000;1,000000000000000;1,000000000000000;1,000000000000000
2023-01-02;60+;32;32,0;32;32;32;32;32;32;32;32;32;32;624;624,0;624;624;624;624;624,0;624;624;624,0;624;624,0;1,000000000000000;1,000000000000000;1,000000000000000;1,000000000000000;1,000000000000000;1,000000000000000;1,000000000000000;1,000000000000000;1,000000000000000;1,000000000000000;1,000000000000000
2023-01-02;alle;35;35,0;35;35;35;35;35;35;35;35;35;35;776;776,0;776;776;776;776;776,0;776;776;776,0;776;776,0;NA;NA;NA;NA;NA;NA;NA;NA;NA;NA;NA
2023-01-01;0-60;8;8,0;8;8;8;8;8;8;8;8;8;8;154;154,0;154;154;154;154;154,0;154;154;154,0;154;154,0;1,000000000000000;1,000000000000000;1,000000000000000;1,000000000000000;1,000000000000000;1,000000000000000;1,000000000000000;1,000000000000000;1,000000000000000;1,000000000000000;1,000000000000000
2023-01-01;60+;19;19,0;19;19;19;19;19;19;19;19;19;19;628;628,0;628;628;628;628;628,0;628;628;628,0;628;628,0;1,000000000000000;1,000000000000000;1,000000000000000;1,000000000000000;1,000000000000000;1,000000000000000;1,000000000000000;1,000000000000000;1,000000000000000;1,000000000000000;1,000000000000000
2023-01-01;alle;27;27,0;27;27;27;27;27;27;27;27;27;27;782;782,0;782;782;782;782;782,0;782;782;782,0;782;782,0;NA;NA;NA;NA;NA;NA;NA;NA;NA;NA;NA
2022-12-31;0-60;24;24,0;24;24;24;24;24;24;24;24;24;24;154;154,0;154;154;154;154;154,0;154;154;154,0;154;154,0;1,000000000000000;1,000000000000000;1,000000000000000;1,000000000000000;1,000000000000000;1,000000000000000;1,000000000000000;1,000000000000000;1,000000000000000;1,000000000000000;1,000000000000000
2022-12-31;60+;75;75,0;75;75;75;75;75;75;75;75;75;75;638;638,0;638;638;638;638;638,0;638;638;638,0;638;638,0;1,000000000000000;1,000000000000000;1,000000000000000;1,000000000000000;1,000000000000000;1,000000000000000;1,000000000000000;1,000000000000000;1,000000000000000;1,000000000000000;1,000000000000000
2022-12-31;alle;99;99,0;99;99;99;99;99;99;99;99;99;99;792;792,0;792;792;792;792;792,0;792;792;792,0;792;792,0;NA;NA;NA;NA;NA;NA;NA;NA;NA;NA;NA
2022-12-30;0-60;24;24,0;24;24;24;24;24;24;24;24;24;24;161;161,0;161;161;161;161;161,0;161;161;161,0;161;161,0;1,000000000000000;1,000000000000000;1,000000000000000;1,000000000000000;1,000000000000000;1,000000000000000;1,000000000000000;1,000000000000000;1,000000000000000;1,000000000000000;1,000000000000000
2022-12-30;60+;109;109,0;109;109;109;109;109;109;109;109;109;109;715;715,0;715;715;715;715;715,0;715;715;715,0;715;715,0;1,000000000000000;1,000000000000000;1,000000000000000;1,000000000000000;1,000000000000000;1,000000000000000;1,000000000000000;1,000000000000000;1,000000000000000;1,000000000000000;1,000000000000000
2022-12-30;alle;133;133,0;133;133;133;133;133;133;133;133;133;133;876;876,0;876;876;876;876;876,0;876;876;876,0;876;876,0;NA;NA;NA;NA;NA;NA;NA;NA;NA;NA;NA
2022-12-29;0-60;39;39,0;39;39;39;39;39;39;39;39;39;39;168;168,0;168;168;168;168;168,0;168;168;168,0;168;168,0;1,000000000000000;1,000000000000000;1,000000000000000;1,000000000000000;1,000000000000000;1,000000000000000;1,000000000000000;1,000000000000000;1,000000000000000;1,000000000000000;1,000000000000000
2022-12-29;60+;136;136,0;136;136;136;136;136;136;136;136;136;136;739;739,0;739;739;739;739;739,0;739;739;739,0;739;739,0;1,000000000000000;1,000000000000000;1,000000000000000;1,000000000000000;1,000000000000000;1,000000000000000;1,000000000000000;1,000000000000000;1,000000000000000;1,000000000000000;1,000000000000000
2022-12-29;alle;175;175,0;175;175;175;175;175;175;175;175;175;175;907;907,0;907;907;907;907;907,0;907;907;907,0;907;907,0;NA;NA;NA;NA;NA;NA;NA;NA;NA;NA;NA
2022-12-28;0-60;45;45,0;45;45;45;45;45;45;45;45;45;45;163;163,0;163;163;163;163;163,0;163;163;163,0;163;163,0;1,000000000000000;1,000000000000000;1,000000000000000;1,000000000000000;1,000000000000000;1,000000000000000;1,000000000000000;1,000000000000000;1,000000000000000;1,000000000000000;1,000000000000000
2022-12-28;60+;218;218,0;218;218;218;218;218;218;218;218;218;218;746;746,0;746;746;746;746;746,0;746;746;746,0;746;746,0;1,000000000000000;1,000000000000000;1,000000000000000;1,000000000000000;1,000000000000000;1,000000000000000;1,000000000000000;1,000000000000000;1,000000000000000;1,000000000000000;1,000000000000000
2022-12-28;alle;263;263,0;263;263;263;263;263;263;263;263;263;263;909;909,0;909;909;909;909;909,0;909;909;909,0;909;909,0;NA;NA;NA;NA;NA;NA;NA;NA;NA;NA;NA
2022-12-27;0-60;9;9,0;9;9;9;9;9;9;9;9;9;9;164;164,0;164;164;164;164;164,0;164;164;164,0;164;164,0;1,000000000000000;1,000000000000000;1,000000000000000;1,000000000000000;1,000000000000000;1,000000000000000;1,000000000000000;1,000000000000000;1,000000000000000;1,000000000000000;1,000000000000000
2022-12-27;60+;35;35,0;35;35;35;35;35;35;35;35;35;35;691;691,0;691;691;691;691;691,0;691;691;691,0;691;691,0;1,000000000000000;1,000000000000000;1,000000000000000;1,000000000000000;1,000000000000000;1,000000000000000;1,000000000000000;1,000000000000000;1,000000000000000;1,000000000000000;1,000000000000000
2022-12-27;alle;44;44,0;44;44;44;44;44;44;44;44;44;44;855;855,0;855;855;855;855;855,0;855;855;855,0;855;855,0;NA;NA;NA;NA;NA;NA;NA;NA;NA;NA;NA
2022-12-26;0-60;5;5,0;5;5;5;5;5;5;5;5;5;5;218;218,0;218;218;218;218;218,0;218;218;218,0;218;218,0;1,000000000000000;1,000000000000000;1,000000000000000;1,000000000000000;1,000000000000000;1,000000000000000;1,000000000000000;1,000000000000000;1,000000000000000;1,000000000000000;1,000000000000000
2022-12-26;60+;36;36,0;36;36;36;36;36;36;36;36;36;36;892;892,0;892;892;892;892;892,0;892;892;892,0;892;892,0;1,000000000000000;1,000000000000000;1,000000000000000;1,000000000000000;1,000000000000000;1,000000000000000;1,000000000000000;1,000000000000000;1,000000000000000;1,000000000000000;1,000000000000000
2022-12-26;alle;41;41,0;41;41;41;41;41;41;41;41;41;41;1110;1110,0;1110;1110;1110;1110;1110,0;1110;1110;1110,0;1110;1110,0;NA;NA;NA;NA;NA;NA;NA;NA;NA;NA;NA
2022-12-25;0-60;8;8,0;8;8;8;8;8;8;8;8;8;8;215;215,0;215;215;215;215;215,0;215;215;215,0;215;215,0;1,000000000000000;1,000000000000000;1,000000000000000;1,000000000000000;1,000000000000000;1,000000000000000;1,000000000000000;1,000000000000000;1,000000000000000;1,000000000000000;1,000000000000000
2022-12-25;60+;29;29,0;29;29;29;29;29;29;29;29;29;29;886;886,0;886;886;886;886;886,0;886;886;886,0;886;886,0;1,000000000000000;1,000000000000000;1,000000000000000;1,000000000000000;1,000000000000000;1,000000000000000;1,000000000000000;1,000000000000000;1,000000000000000;1,000000000000000;1,000000000000000
2022-12-25;alle;37;37,0;37;37;37;37;37;37;37;37;37;37;1101;1101,0;1101;1101;1101;1101;1101,0;1101;1101;1101,0;1101;1101,0;NA;NA;NA;NA;NA;NA;NA;NA;NA;NA;NA
2022-12-24;0-60;31;31,0;31;31;31;31;31;31;31;31;31;31;211;211,0;211;211;211;211;211,0;211;211;211,0;211;211,0;1,000000000000000;1,000000000000000;1,000000000000000;1,000000000000000;1,000000000000000;1,000000000000000;1,000000000000000;1,000000000000000;1,000000000000000;1,000000000000000;1,000000000000000
2022-12-24;60+;152;152,0;152;152;152;152;152;152;152;152;152;152;888;888,0;888;888;888;888;888,0;888;888;888,0;888;888,0;1,000000000000000;1,000000000000000;1,000000000000000;1,000000000000000;1,000000000000000;1,000000000000000;1,000000000000000;1,000000000000000;1,000000000000000;1,000000000000000;1,000000000000000
2022-12-24;alle;183;183,0;183;183;183;183;183;183;183;183;183;183;1099;1099,0;1099;1099;1099;1099;1099,0;1099;1099;1099,0;1099;1099,0;NA;NA;NA;NA;NA;NA;NA;NA;NA;NA;NA
2022-12-23;0-60;31;31,0;31;31;31;31;31;31;31;31;31;31;210;210,0;210;210;210;210;210,0;210;210;210,0;210;210,0;1,000000000000000;1,000000000000000;1,000000000000000;1,000000000000000;1,000000000000000;1,000000000000000;1,000000000000000;1,000000000000000;1,000000000000000;1,000000000000000;1,000000000000000
2022-12-23;60+;133;133,0;133;133;133;133;133;133;133;133;133;133;876;876,0;876;876;876;876;876,0;876;876;876,0;876;876,0;1,000000000000000;1,000000000000000;1,000000000000000;1,000000000000000;1,000000000000000;1,000000000000000;1,000000000000000;1,000000000000000;1,000000000000000;1,000000000000000;1,000000000000000
2022-12-23;alle;164;164,0;164;164;164;164;164;164;164;164;164;164;1086;1086,0;1086;1086;1086;1086;1086,0;1086;1086;1086,0;1086;1086,0;NA;NA;NA;NA;NA;NA;NA;NA;NA;NA;NA
2022-12-22;0-60;34;34,0;34;34;34;34;34;34;34;34;34;34;209;209,0;209;209;209;209;209,0;209;209;209,0;209;209,0;1,000000000000000;1,000000000000000;1,000000000000000;1,000000000000000;1,000000000000000;1,000000000000000;1,000000000000000;1,000000000000000;1,000000000000000;1,000000000000000;1,000000000000000
2022-12-22;60+;143;143,0;143;143;143;143;143;143;143;143;143;143;876;876,0;876;876;876;876;876,0;876;876;876,0;876;876,0;1,000000000000000;1,000000000000000;1,000000000000000;1,000000000000000;1,000000000000000;1,000000000000000;1,000000000000000;1,000000000000000;1,000000000000000;1,000000000000000;1,000000000000000
2022-12-22;alle;177;177,0;177;177;177;177;177;177;177;177;177;177;1085;1085,0;1085;1085;1085;1085;1085,0;1085;1085;1085,0;1085;1085,0;NA;NA;NA;NA;NA;NA;NA;NA;NA;NA;NA
2022-12-21;0-60;46;46,0;46;46;46;46;46;46;46;46;46;46;195;195,0;195;195;195;195;195,0;195;195;195,0;195;195,0;1,000000000000000;1,000000000000000;1,000000000000000;1,000000000000000;1,000000000000000;1,000000000000000;1,000000000000000;1,000000000000000;1,000000000000000;1,000000000000000;1,000000000000000
2022-12-21;60+;163;163,0;163;163;163;163;163;163;163;163;163;163;867;867,0;867;867;867;867;867,0;867;867;867,0;867;867,0;1,000000000000000;1,000000000000000;1,000000000000000;1,000000000000000;1,000000000000000;1,000000000000000;1,000000000000000;1,000000000000000;1,000000000000000;1,000000000000000;1,000000000000000
2022-12-21;alle;209;209,0;209;209;209;209;209;209;209;209;209;209;1062;1062,0;1062;1062;1062;1062;1062,0;1062;1062;1062,0;1062;1062,0;NA;NA;NA;NA;NA;NA;NA;NA;NA;NA;NA
2022-12-20;0-60;63;63,0;63;63;63;63;63;63;63;63;63;63;186;186,0;186;186;186;186;186,0;186;186;186,0;186;186,0;1,000000000000000;1,000000000000000;1,000000000000000;1,000000000000000;1,000000000000000;1,000000000000000;1,000000000000000;1,000000000000000;1,000000000000000;1,000000000000000;1,000000000000000
2022-12-20;60+;236;236,0;236;236;236;236;236;236;236;236;236;236;848;848,0;848;848;848;848;848,0;848;848;848,0;848;848,0;1,000000000000000;1,000000000000000;1,000000000000000;1,000000000000000;1,000000000000000;1,000000000000000;1,000000000000000;1,000000000000000;1,000000000000000;1,000000000000000;1,000000000000000
2022-12-20;alle;299;299,0;299;299;299;299;299;299;299;299;299;299;1034;1034,0;1034;1034;1034;1034;1034,0;1034;1034;1034,0;1034;1034,0;NA;NA;NA;NA;NA;NA;NA;NA;NA;NA;NA
2022-12-19;0-60;2;2,0;2;2;2;2;2;2;2;2;2;2;169;169,0;169;169;169;169;169,0;169;169;169,0;169;169,0;1,000000000000000;1,000000000000000;1,000000000000000;1,000000000000000;1,000000000000000;1,000000000000000;1,000000000000000;1,000000000000000;1,000000000000000;1,000000000000000;1,000000000000000
2022-12-19;60+;30;30,0;30;30;30;30;30;30;30;30;30;30;831;831,0;831;831;831;831;831,0;831;831;831,0;831;831,0;1,000000000000000;1,000000000000000;1,000000000000000;1,000000000000000;1,000000000000000;1,000000000000000;1,000000000000000;1,000000000000000;1,000000000000000;1,000000000000000;1,000000000000000
2022-12-19;alle;32;32,0;32;32;32;32;32;32;32;32;32;32;1000;1000,0;1000;1000;1000;1000;1000,0;1000;1000;1000,0;1000;1000,0;NA;NA;NA;NA;NA;NA;NA;NA;NA;NA;NA
2022-12-18;0-60;4;4,0;4;4;4;4;4;4;4;4;4;4;178;178,0;178;178;178;178;178,0;178;178;178,0;178;178,0;1,000000000000000;1,000000000000000;1,000000000000000;1,000000000000000;1,000000000000000;1,000000000000000;1,000000000000000;1,000000000000000;1,000000000000000;1,000000000000000;1,000000000000000
2022-12-18;60+;31;31,0;31;31;31;31;31;31;31;31;31;31;834;834,0;834;834;834;834;834,0;834;834;834,0;834;834,0;1,000000000000000;1,000000000000000;1,000000000000000;1,000000000000000;1,000000000000000;1,000000000000000;1,000000000000000;1,000000000000000;1,000000000000000;1,000000000000000;1,000000000000000
2022-12-18;alle;35;35,0;35;35;35;35;35;35;35;35;35;35;1012;1012,0;1012;1012;1012;1012;1012,0;1012;1012;1012,0;1012;1012,0;NA;NA;NA;NA;NA;NA;NA;NA;NA;NA;NA
2022-12-17;0-60;30;30,0;30;30;30;30;30;30;30;30;30;30;182;182,0;182;182;182;182;182,0;182;182;182,0;182;182,0;1,000000000000000;1,000000000000000;1,000000000000000;1,000000000000000;1,000000000000000;1,000000000000000;1,000000000000000;1,000000000000000;1,000000000000000;1,000000000000000;1,000000000000000
2022-12-17;60+;140;140,0;140;140;140;140;140;140;140;140;140;140;826;826,0;826;826;826;826;826,0;826;826;826,0;826;826,0;1,000000000000000;1,000000000000000;1,000000000000000;1,000000000000000;1,000000000000000;1,000000000000000;1,000000000000000;1,000000000000000;1,000000000000000;1,000000000000000;1,000000000000000
2022-12-17;alle;170;170,0;170;170;170;170;170;170;170;170;170;170;1008;1008,0;1008;1008;1008;1008;1008,0;1008;1008;1008,0;1008;1008,0;NA;NA;NA;NA;NA;NA;NA;NA;NA;NA;NA
2022-12-16;0-60;30;30,0;30;30;30;30;30;30;30;30;30;30;182;182,0;182;182;182;182;182,0;182;182;182,0;182;182,0;1,000000000000000;1,000000000000000;1,000000000000000;1,000000000000000;1,000000000000000;1,000000000000000;1,000000000000000;1,000000000000000;1,000000000000000;1,000000000000000;1,000000000000000
2022-12-16;60+;133;133,0;133;133;133;133;133;133;133;133;133;133;790;790,0;790;790;790;790;790,0;790;790;790,0;790;790,0;1,000000000000000;1,000000000000000;1,000000000000000;1,000000000000000;1,000000000000000;1,000000000000000;1,000000000000000;1,000000000000000;1,000000000000000;1,000000000000000;1,000000000000000
2022-12-16;alle;163;163,0;163;163;163;163;163;163;163;163;163;163;972;972,0;972;972;972;972;972,0;972;972;972,0;972;972,0;NA;NA;NA;NA;NA;NA;NA;NA;NA;NA;NA
2022-12-15;0-60;20;20,0;20;20;20;20;20;20;20;20;20;20;182;182,0;182;182;182;182;182,0;182;182;182,0;182;182,0;1,000000000000000;1,000000000000000;1,000000000000000;1,000000000000000;1,000000000000000;1,000000000000000;1,000000000000000;1,000000000000000;1,000000000000000;1,000000000000000;1,000000000000000
2022-12-15;60+;134;134,0;134;134;134;134;134;134;134;134;134;134;773;773,0;773;773;773;773;773,0;773;773;773,0;773;773,0;1,000000000000000;1,000000000000000;1,000000000000000;1,000000000000000;1,000000000000000;1,000000000000000;1,000000000000000;1,000000000000000;1,000000000000000;1,000000000000000;1,000000000000000
2022-12-15;alle;154;154,0;154;154;154;154;154;154;154;154;154;154;955;955,0;955;955;955;955;955,0;955;955;955,0;955;955,0;NA;NA;NA;NA;NA;NA;NA;NA;NA;NA;NA
2022-12-14;0-60;37;37,0;37;37;37;37;37;37;37;37;37;37;196;196,0;196;196;196;196;196,0;196;196;196,0;196;196,0;1,000000000000000;1,000000000000000;1,000000000000000;1,000000000000000;1,000000000000000;1,000000000000000;1,000000000000000;1,000000000000000;1,000000000000000;1,000000000000000;1,000000000000000
2022-12-14;60+;144;144,0;144;144;144;144;144;144;144;144;144;144;766;766,0;766;766;766;766;766,0;766;766;766,0;766;766,0;1,000000000000000;1,000000000000000;1,000000000000000;1,000000000000000;1,000000000000000;1,000000000000000;1,000000000000000;1,000000000000000;1,000000000000000;1,000000000000000;1,000000000000000
2022-12-14;alle;181;181,0;181;181;181;181;181;181;181;181;181;181;962;962,0;962;962;962;962;962,0;962;962;962,0;962;962,0;NA;NA;NA;NA;NA;NA;NA;NA;NA;NA;NA
2022-12-13;0-60;46;46,0;46;46;46;46;46;46;46;46;46;46;194;194,0;194;194;194;194;194,0;194;194;194,0;194;194,0;1,000000000000000;1,000000000000000;1,000000000000000;1,000000000000000;1,000000000000000;1,000000000000000;1,000000000000000;1,000000000000000;1,000000000000000;1,000000000000000;1,000000000000000
2022-12-13;60+;219;219,0;219;219;219;219;219;219;219;219;219;219;711;711,0;711;711;711;711;711,0;711;711;711,0;711;711,0;1,000000000000000;1,000000000000000;1,000000000000000;1,000000000000000;1,000000000000000;1,000000000000000;1,000000000000000;1,000000000000000;1,000000000000000;1,000000000000000;1,000000000000000
2022-12-13;alle;265;265,0;265;265;265;265;265;265;265;265;265;265;905;905,0;905;905;905;905;905,0;905;905;905,0;905;905,0;NA;NA;NA;NA;NA;NA;NA;NA;NA;NA;NA
2022-12-12;0-60;11;11,0;11;11;11;11;11;11;11;11;11;11;204;204,0;204;204;204;204;204,0;204;204;204,0;204;204,0;1,000000000000000;1,000000000000000;1,000000000000000;1,000000000000000;1,000000000000000;1,000000000000000;1,000000000000000;1,000000000000000;1,000000000000000;1,000000000000000;1,000000000000000
2022-12-12;60+;33;33,0;33;33;33;33;33;33;33;33;33;33;682;682,0;682;682;682;682;682,0;682;682;682,0;682;682,0;1,000000000000000;1,000000000000000;1,000000000000000;1,000000000000000;1,000000000000000;1,000000000000000;1,000000000000000;1,000000000000000;1,000000000000000;1,000000000000000;1,000000000000000
2022-12-12;alle;44;44,0;44;44;44;44;44;44;44;44;44;44;886;886,0;886;886;886;886;886,0;886;886;886,0;886;886,0;NA;NA;NA;NA;NA;NA;NA;NA;NA;NA;NA
2022-12-11;0-60;8;8,0;8;8;8;8;8;8;8;8;8;8;200;200,0;200;200;200;200;200,0;200;200;200,0;200;200,0;1,000000000000000;1,000000000000000;1,000000000000000;1,000000000000000;1,000000000000000;1,000000000000000;1,000000000000000;1,000000000000000;1,000000000000000;1,000000000000000;1,000000000000000
2022-12-11;60+;23;23,0;23;23;23;23;23;23;23;23;23;23;683;683,0;683;683;683;683;683,0;683;683;683,0;683;683,0;1,000000000000000;1,000000000000000;1,000000000000000;1,000000000000000;1,000000000000000;1,000000000000000;1,000000000000000;1,000000000000000;1,000000000000000;1,000000000000000;1,000000000000000
2022-12-11;alle;31;31,0;31;31;31;31;31;31;31;31;31;31;883;883,0;883;883;883;883;883,0;883;883;883,0;883;883,0;NA;NA;NA;NA;NA;NA;NA;NA;NA;NA;NA
2022-12-10;0-60;30;30,0;30;30;30;30;30;30;30;30;30;30;198;198,0;198;198;198;198;198,0;198;198;198,0;198;198,0;1,000000000000000;1,000000000000000;1,000000000000000;1,000000000000000;1,000000000000000;1,000000000000000;1,000000000000000;1,000000000000000;1,000000000000000;1,000000000000000;1,000000000000000
2022-12-10;60+;104;104,0;104;104;104;104;104;104;104;104;104;104;687;687,0;687;687;687;687;687,0;687;687;687,0;687;687,0;1,000000000000000;1,000000000000000;1,000000000000000;1,000000000000000;1,000000000000000;1,000000000000000;1,000000000000000;1,000000000000000;1,000000000000000;1,000000000000000;1,000000000000000
2022-12-10;alle;134;134,0;134;134;134;134;134;134;134;134;134;134;885;885,0;885;885;885;885;885,0;885;885;885,0;885;885,0;NA;NA;NA;NA;NA;NA;NA;NA;NA;NA;NA
2022-12-09;0-60;30;30,0;30;30;30;30;30;30;30;30;30;30;193;193,0;193;193;193;193;193,0;193;193;193,0;193;193,0;1,000000000000000;1,000000000000000;1,000000000000000;1,000000000000000;1,000000000000000;1,000000000000000;1,000000000000000;1,000000000000000;1,000000000000000;1,000000000000000;1,000000000000000
2022-12-09;60+;116;116,0;116;116;116;116;116;116;116;116;116;116;666;666,0;666;666;666;666;666,0;666;666;666,0;666;666,0;1,000000000000000;1,000000000000000;1,000000000000000;1,000000000000000;1,000000000000000;1,000000000000000;1,000000000000000;1,000000000000000;1,000000000000000;1,000000000000000;1,000000000000000
2022-12-09;alle;146;146,0;146;146;146;146;146;146;146;146;146;146;859;859,0;859;859;859;859;859,0;859;859;859,0;859;859,0;NA;NA;NA;NA;NA;NA;NA;NA;NA;NA;NA
2022-12-08;0-60;34;34,0;34;34;34;34;34;34;34;34;34;34;202;202,0;202;202;202;202;202,0;202;202;202,0;202;202,0;1,000000000000000;1,000000000000000;1,000000000000000;1,000000000000000;1,000000000000000;1,000000000000000;1,000000000000000;1,000000000000000;1,000000000000000;1,000000000000000;1,000000000000000
2022-12-08;60+;127;127,0;127;127;127;127;127;127;127;127;127;127;632;632,0;632;632;632;632;632,0;632;632;632,0;632;632,0;1,000000000000000;1,000000000000000;1,000000000000000;1,000000000000000;1,000000000000000;1,000000000000000;1,000000000000000;1,000000000000000;1,000000000000000;1,000000000000000;1,000000000000000
2022-12-08;alle;161;161,0;161;161;161;161;161;161;161;161;161;161;834;834,0;834;834;834;834;834,0;834;834;834,0;834;834,0;NA;NA;NA;NA;NA;NA;NA;NA;NA;NA;NA
2022-12-07;0-60;35;35,0;35;35;35;35;35;35;35;35;35;35;201;201,0;201;201;201;201;201,0;201;201;201,0;201;201,0;1,000000000000000;1,000000000000000;1,000000000000000;1,000000000000000;1,000000000000000;1,000000000000000;1,000000000000000;1,000000000000000;1,000000000000000;1,000000000000000;1,000000000000000
2022-12-07;60+;89;89,0;89;89;89;89;89;89;89;89;89;89;584;584,0;584;584;584;584;584,0;584;584;584,0;584;584,0;1,000000000000000;1,000000000000000;1,000000000000000;1,000000000000000;1,000000000000000;1,000000000000000;1,000000000000000;1,000000000000000;1,000000000000000;1,000000000000000;1,000000000000000
2022-12-07;alle;124;124,0;124;124;124;124;124;124;124;124;124;124;785;785,0;785;785;785;785;785,0;785;785;785,0;785;785,0;NA;NA;NA;NA;NA;NA;NA;NA;NA;NA;NA
2022-12-06;0-60;56;56,0;56;56;56;56;56;56;56;56;56;56;185;185,0;185;185;185;185;185,0;185;185;185,0;185;185,0;1,000000000000000;1,000000000000000;1,000000000000000;1,000000000000000;1,000000000000000;1,000000000000000;1,000000000000000;1,000000000000000;1,000000000000000;1,000000000000000;1,000000000000000
2022-12-06;60+;190;190,0;190;190;190;190;190;190;190;190;190;190;592;592,0;592;592;592;592;592,0;592;592;592,0;592;592,0;1,000000000000000;1,000000000000000;1,000000000000000;1,000000000000000;1,000000000000000;1,000000000000000;1,000000000000000;1,000000000000000;1,000000000000000;1,000000000000000;1,000000000000000
2022-12-06;alle;246;246,0;246;246;246;246;246;246;246;246;246;246;777;777,0;777;777;777;777;777,0;777;777;777,0;777;777,0;NA;NA;NA;NA;NA;NA;NA;NA;NA;NA;NA
2022-12-05;0-60;7;7,0;7;7;7;7;7;7;7;7;7;7;165;165,0;165;165;165;165;165,0;165;165;165,0;165;165,0;1,000000000000000;1,000000000000000;1,000000000000000;1,000000000000000;1,000000000000000;1,000000000000000;1,000000000000000;1,000000000000000;1,000000000000000;1,000000000000000;1,000000000000000
2022-12-05;60+;34;34,0;34;34;34;34;34;34;34;34;34;34;551;551,0;551;551;551;551;551,0;551;551;551,0;551;551,0;1,000000000000000;1,000000000000000;1,000000000000000;1,000000000000000;1,000000000000000;1,000000000000000;1,000000000000000;1,000000000000000;1,000000000000000;1,000000000000000;1,000000000000000
2022-12-05;alle;41;41,0;41;41;41;41;41;41;41;41;41;41;716;716,0;716;716;716;716;716,0;716;716;716,0;716;716,0;NA;NA;NA;NA;NA;NA;NA;NA;NA;NA;NA
2022-12-04;0-60;6;6,0;6;6;6;6;6;6;6;6;6;6;160;160,0;160;160;160;160;160,0;160;160;160,0;160;160,0;1,000000000000000;1,000000000000000;1,000000000000000;1,000000000000000;1,000000000000000;1,000000000000000;1,000000000000000;1,000000000000000;1,000000000000000;1,000000000000000;1,000000000000000
2022-12-04;60+;27;27,0;27;27;27;27;27;27;27;27;27;27;540;540,0;540;540;540;540;540,0;540;540;540,0;540;540,0;1,000000000000000;1,000000000000000;1,000000000000000;1,000000000000000;1,000000000000000;1,000000000000000;1,000000000000000;1,000000000000000;1,000000000000000;1,000000000000000;1,000000000000000
2022-12-04;alle;33;33,0;33;33;33;33;33;33;33;33;33;33;700;700,0;700;700;700;700;700,0;700;700;700,0;700;700,0;NA;NA;NA;NA;NA;NA;NA;NA;NA;NA;NA
2022-12-03;0-60;25;25,0;25;25;25;25;25;25;25;25;25;25;158;158,0;158;158;158;158;158,0;158;158;158,0;158;158,0;1,000000000000000;1,000000000000000;1,000000000000000;1,000000000000000;1,000000000000000;1,000000000000000;1,000000000000000;1,000000000000000;1,000000000000000;1,000000000000000;1,000000000000000
2022-12-03;60+;83;83,0;83;83;83;83;83;83;83;83;83;83;535;535,0;535;535;535;535;535,0;535;535;535,0;535;535,0;1,000000000000000;1,000000000000000;1,000000000000000;1,000000000000000;1,000000000000000;1,000000000000000;1,000000000000000;1,000000000000000;1,000000000000000;1,000000000000000;1,000000000000000
2022-12-03;alle;108;108,0;108;108;108;108;108;108;108;108;108;108;693;693,0;693;693;693;693;693,0;693;693;693,0;693;693,0;NA;NA;NA;NA;NA;NA;NA;NA;NA;NA;NA
2022-12-02;0-60;39;39,0;39;39;39;39;39;39;39;39;39;39;146;146,0;146;146;146;146;146,0;146;146;146,0;146;146,0;1,000000000000000;1,000000000000000;1,000000000000000;1,000000000000000;1,000000000000000;1,000000000000000;1,000000000000000;1,000000000000000;1,000000000000000;1,000000000000000;1,000000000000000
2022-12-02;60+;82;82,0;82;82;82;82;82;82;82;82;82;82;518;518,0;518;518;518;518;518,0;518;518;518,0;518;518,0;1,000000000000000;1,000000000000000;1,000000000000000;1,000000000000000;1,000000000000000;1,000000000000000;1,000000000000000;1,000000000000000;1,000000000000000;1,000000000000000;1,000000000000000
2022-12-02;alle;121;121,0;121;121;121;121;121;121;121;121;121;121;664;664,0;664;664;664;664;664,0;664;664;664,0;664;664,0;NA;NA;NA;NA;NA;NA;NA;NA;NA;NA;NA
2022-12-01;0-60;33;33,0;33;33;33;33;33;33;33;33;33;33;124;124,0;124;124;124;124;124,0;124;124;124,0;124;124,0;1,000000000000000;1,000000000000000;1,000000000000000;1,000000000000000;1,000000000000000;1,000000000000000;1,000000000000000;1,000000000000000;1,000000000000000;1,000000000000000;1,000000000000000
2022-12-01;60+;79;79,0;79;79;79;79;79;79;79;79;79;79;517;517,0;517;517;517;517;517,0;517;517;517,0;517;517,0;1,000000000000000;1,000000000000000;1,000000000000000;1,000000000000000;1,000000000000000;1,000000000000000;1,000000000000000;1,000000000000000;1,000000000000000;1,000000000000000;1,000000000000000
2022-12-01;alle;112;112,0;112;112;112;112;112;112;112;112;112;112;641;641,0;641;641;641;641;641,0;641;641;641,0;641;641,0;NA;NA;NA;NA;NA;NA;NA;NA;NA;NA;NA
2022-11-30;0-60;19;19,0;19;19;19;19;19;19;19;19;19;19;101;101,0;101;101;101;101;101,0;101;101;101,0;101;101,0;1,000000000000000;1,000000000000000;1,000000000000000;1,000000000000000;1,000000000000000;1,000000000000000;1,000000000000000;1,000000000000000;1,000000000000000;1,000000000000000;1,000000000000000
2022-11-30;60+;97;97,0;97;97;97;97;97;97;97;97;97;97;516;516,0;516;516;516;516;516,0;516;516;516,0;516;516,0;1,000000000000000;1,000000000000000;1,000000000000000;1,000000000000000;1,000000000000000;1,000000000000000;1,000000000000000;1,000000000000000;1,000000000000000;1,000000000000000;1,000000000000000
2022-11-30;alle;116;116,0;116;116;116;116;116;116;116;116;116;116;617;617,0;617;617;617;617;617,0;617;617;617,0;617;617,0;NA;NA;NA;NA;NA;NA;NA;NA;NA;NA;NA
2022-11-29;0-60;36;36,0;36;36;36;36;36;36;36;36;36;36;107;107,0;107;107;107;107;107,0;107;107;107,0;107;107,0;1,000000000000000;1,000000000000000;1,000000000000000;1,000000000000000;1,000000000000000;1,000000000000000;1,000000000000000;1,000000000000000;1,000000000000000;1,000000000000000;1,000000000000000
2022-11-29;60+;149;149,0;149;149;149;149;149;149;149;149;149;149;519;519,0;519;519;519;519;519,0;519;519;519,0;519;519,0;1,000000000000000;1,000000000000000;1,000000000000000;1,000000000000000;1,000000000000000;1,000000000000000;1,000000000000000;1,000000000000000;1,000000000000000;1,000000000000000;1,000000000000000
2022-11-29;alle;185;185,0;185;185;185;185;185;185;185;185;185;185;626;626,0;626;626;626;626;626,0;626;626;626,0;626;626,0;NA;NA;NA;NA;NA;NA;NA;NA;NA;NA;NA
2022-11-28;0-60;2;2,0;2;2;2;2;2;2;2;2;2;2;101;101,0;101;101;101;101;101,0;101;101;101,0;101;101,0;1,000000000000000;1,000000000000000;1,000000000000000;1,000000000000000;1,000000000000000;1,000000000000000;1,000000000000000;1,000000000000000;1,000000000000000;1,000000000000000;1,000000000000000
2022-11-28;60+;23;23,0;23;23;23;23;23;23;23;23;23;23;518;518,0;518;518;518;518;518,0;518;518;518,0;518;518,0;1,000000000000000;1,000000000000000;1,000000000000000;1,000000000000000;1,000000000000000;1,000000000000000;1,000000000000000;1,000000000000000;1,000000000000000;1,000000000000000;1,000000000000000
2022-11-28;alle;25;25,0;25;25;25;25;25;25;25;25;25;25;619;619,0;619;619;619;619;619,0;619;619;619,0;619;619,0;NA;NA;NA;NA;NA;NA;NA;NA;NA;NA;NA
2022-11-27;0-60;4;4,0;4;4;4;4;4;4;4;4;4;4;104;104,0;104;104;104;104;104,0;104;104;104,0;104;104,0;1,000000000000000;1,000000000000000;1,000000000000000;1,000000000000000;1,000000000000000;1,000000000000000;1,000000000000000;1,000000000000000;1,000000000000000;1,000000000000000;1,000000000000000
2022-11-27;60+;22;22,0;22;22;22;22;22;22;22;22;22;22;513;513,0;513;513;513;513;513,0;513;513;513,0;513;513,0;1,000000000000000;1,000000000000000;1,000000000000000;1,000000000000000;1,000000000000000;1,000000000000000;1,000000000000000;1,000000000000000;1,000000000000000;1,000000000000000;1,000000000000000
2022-11-27;alle;26;26,0;26;26;26;26;26;26;26;26;26;26;617;617,0;617;617;617;617;617,0;617;617;617,0;617;617,0;NA;NA;NA;NA;NA;NA;NA;NA;NA;NA;NA
2022-11-26;0-60;13;13,0;13;13;13;13;13;13;13;13;13;13;103;103,0;103;103;103;103;103,0;103;103;103,0;103;103,0;1,000000000000000;1,000000000000000;1,000000000000000;1,000000000000000;1,000000000000000;1,000000000000000;1,000000000000000;1,000000000000000;1,000000000000000;1,000000000000000;1,000000000000000
2022-11-26;60+;66;66,0;66;66;66;66;66;66;66;66;66;66;512;512,0;512;512;512;512;512,0;512;512;512,0;512;512,0;1,000000000000000;1,000000000000000;1,000000000000000;1,000000000000000;1,000000000000000;1,000000000000000;1,000000000000000;1,000000000000000;1,000000000000000;1,000000000000000;1,000000000000000
2022-11-26;alle;79;79,0;79;79;79;79;79;79;79;79;79;79;615;615,0;615;615;615;615;615,0;615;615;615,0;615;615,0;NA;NA;NA;NA;NA;NA;NA;NA;NA;NA;NA
2022-11-25;0-60;17;17,0;17;17;17;17;17;17;17;17;17;17;115;115,0;115;115;115;115;115,0;115;115;115,0;115;115,0;1,000000000000000;1,000000000000000;1,000000000000000;1,000000000000000;1,000000000000000;1,000000000000000;1,000000000000000;1,000000000000000;1,000000000000000;1,000000000000000;1,000000000000000
2022-11-25;60+;81;81,0;81;81;81;81;81;81;81;81;81;81;520;520,0;520;520;520;520;520,0;520;520;520,0;520;520,0;1,000000000000000;1,000000000000000;1,000000000000000;1,000000000000000;1,000000000000000;1,000000000000000;1,000000000000000;1,000000000000000;1,000000000000000;1,000000000000000;1,000000000000000
2022-11-25;alle;98;98,0;98;98;98;98;98;98;98;98;98;98;635;635,0;635;635;635;635;635,0;635;635;635,0;635;635,0;NA;NA;NA;NA;NA;NA;NA;NA;NA;NA;NA
2022-11-24;0-60;10;10,0;10;10;10;10;10;10;10;10;10;10;115;115,0;115;115;115;115;115,0;115;115;115,0;115;115,0;1,000000000000000;1,000000000000000;1,000000000000000;1,000000000000000;1,000000000000000;1,000000000000000;1,000000000000000;1,000000000000000;1,000000000000000;1,000000000000000;1,000000000000000
2022-11-24;60+;78;78,0;78;78;78;78;78;78;78;78;78;78;543;543,0;543;543;543;543;543,0;543;543;543,0;543;543,0;1,000000000000000;1,000000000000000;1,000000000000000;1,000000000000000;1,000000000000000;1,000000000000000;1,000000000000000;1,000000000000000;1,000000000000000;1,000000000000000;1,000000000000000
2022-11-24;alle;88;88,0;88;88;88;88;88;88;88;88;88;88;658;658,0;658;658;658;658;658,0;658;658;658,0;658;658,0;NA;NA;NA;NA;NA;NA;NA;NA;NA;NA;NA
2022-11-23;0-60;25;25,0;25;25;25;25;25;25;25;25;25;25;133;133,0;133;133;133;133;133,0;133;133;133,0;133;133,0;1,000000000000000;1,000000000000000;1,000000000000000;1,000000000000000;1,000000000000000;1,000000000000000;1,000000000000000;1,000000000000000;1,000000000000000;1,000000000000000;1,000000000000000
2022-11-23;60+;100;100,0;100;100;100;100;100;100;100;100;100;100;545;545,0;545;545;545;545;545,0;545;545;545,0;545;545,0;1,000000000000000;1,000000000000000;1,000000000000000;1,000000000000000;1,000000000000000;1,000000000000000;1,000000000000000;1,000000000000000;1,000000000000000;1,000000000000000;1,000000000000000
2022-11-23;alle;125;125,0;125;125;125;125;125;125;125;125;125;125;678;678,0;678;678;678;678;678,0;678;678;678,0;678;678,0;NA;NA;NA;NA;NA;NA;NA;NA;NA;NA;NA
2022-11-22;0-60;30;30,0;30;30;30;30;30;30;30;30;30;30;131;131,0;131;131;131;131;131,0;131;131;131,0;131;131,0;1,000000000000000;1,000000000000000;1,000000000000000;1,000000000000000;1,000000000000000;1,000000000000000;1,000000000000000;1,000000000000000;1,000000000000000;1,000000000000000;1,000000000000000
2022-11-22;60+;148;148,0;148;148;148;148;148;148;148;148;148;148;539;539,0;539;539;539;539;539,0;539;539;539,0;539;539,0;1,000000000000000;1,000000000000000;1,000000000000000;1,000000000000000;1,000000000000000;1,000000000000000;1,000000000000000;1,000000000000000;1,000000000000000;1,000000000000000;1,000000000000000
2022-11-22;alle;178;178,0;178;178;178;178;178;178;178;178;178;178;670;670,0;670;670;670;670;670,0;670;670;670,0;670;670,0;NA;NA;NA;NA;NA;NA;NA;NA;NA;NA;NA
2022-11-21;0-60;5;5,0;5;5;5;5;5;5;5;5;5;5;136;136,0;136;136;136;136;136,0;136;136;136,0;136;136,0;1,000000000000000;1,000000000000000;1,000000000000000;1,000000000000000;1,000000000000000;1,000000000000000;1,000000000000000;1,000000000000000;1,000000000000000;1,000000000000000;1,000000000000000
2022-11-21;60+;18;18,0;18;18;18;18;18;18;18;18;18;18;516;516,0;516;516;516;516;516,0;516;516;516,0;516;516,0;1,000000000000000;1,000000000000000;1,000000000000000;1,000000000000000;1,000000000000000;1,000000000000000;1,000000000000000;1,000000000000000;1,000000000000000;1,000000000000000;1,000000000000000
2022-11-21;alle;23;23,0;23;23;23;23;23;23;23;23;23;23;652;652,0;652;652;652;652;652,0;652;652;652,0;652;652,0;NA;NA;NA;NA;NA;NA;NA;NA;NA;NA;NA
2022-11-20;0-60;3;3,0;3;3;3;3;3;3;3;3;3;3;133;133,0;133;133;133;133;133,0;133;133;133,0;133;133,0;1,000000000000000;1,000000000000000;1,000000000000000;1,000000000000000;1,000000000000000;1,000000000000000;1,000000000000000;1,000000000000000;1,000000000000000;1,000000000000000;1,000000000000000
2022-11-20;60+;21;21,0;21;21;21;21;21;21;21;21;21;21;521;521,0;521;521;521;521;521,0;521;521;521,0;521;521,0;1,000000000000000;1,000000000000000;1,000000000000000;1,000000000000000;1,000000000000000;1,000000000000000;1,000000000000000;1,000000000000000;1,000000000000000;1,000000000000000;1,000000000000000
2022-11-20;alle;24;24,0;24;24;24;24;24;24;24;24;24;24;654;654,0;654;654;654;654;654,0;654;654;654,0;654;654,0;NA;NA;NA;NA;NA;NA;NA;NA;NA;NA;NA
2022-11-19;0-60;25;25,0;25;25;25;25;25;25;25;25;25;25;131;131,0;131;131;131;131;131,0;131;131;131,0;131;131,0;1,000000000000000;1,000000000000000;1,000000000000000;1,000000000000000;1,000000000000000;1,000000000000000;1,000000000000000;1,000000000000000;1,000000000000000;1,000000000000000;1,000000000000000
2022-11-19;60+;74;74,0;74;74;74;74;74;74;74;74;74;74;517;517,0;517;517;517;517;517,0;517;517;517,0;517;517,0;1,000000000000000;1,000000000000000;1,000000000000000;1,000000000000000;1,000000000000000;1,000000000000000;1,000000000000000;1,000000000000000;1,000000000000000;1,000000000000000;1,000000000000000
2022-11-19;alle;99;99,0;99;99;99;99;99;99;99;99;99;99;648;648,0;648;648;648;648;648,0;648;648;648,0;648;648,0;NA;NA;NA;NA;NA;NA;NA;NA;NA;NA;NA
2022-11-18;0-60;17;17,0;17;17;17;17;17;17;17;17;17;17;120;120,0;120;120;120;120;120,0;120;120;120,0;120;120,0;1,000000000000000;1,000000000000000;1,000000000000000;1,000000000000000;1,000000000000000;1,000000000000000;1,000000000000000;1,000000000000000;1,000000000000000;1,000000000000000;1,000000000000000
2022-11-18;60+;104;104,0;104;104;104;104;104;104;104;104;104;104;518;518,0;518;518;518;518;518,0;518;518;518,0;518;518,0;1,000000000000000;1,000000000000000;1,000000000000000;1,000000000000000;1,000000000000000;1,000000000000000;1,000000000000000;1,000000000000000;1,000000000000000;1,000000000000000;1,000000000000000
2022-11-18;alle;121;121,0;121;121;121;121;121;121;121;121;121;121;638;638,0;638;638;638;638;638,0;638;638;638,0;638;638,0;NA;NA;NA;NA;NA;NA;NA;NA;NA;NA;NA
2022-11-17;0-60;28;28,0;28;28;28;28;28;28;28;28;28;28;130;130,0;130;130;130;130;130,0;130;130;130,0;130;130,0;1,000000000000000;1,000000000000000;1,000000000000000;1,000000000000000;1,000000000000000;1,000000000000000;1,000000000000000;1,000000000000000;1,000000000000000;1,000000000000000;1,000000000000000
2022-11-17;60+;80;80,0;80;80;80;80;80;80;80;80;80;80;503;503,0;503;503;503;503;503,0;503;503;503,0;503;503,0;1,000000000000000;1,000000000000000;1,000000000000000;1,000000000000000;1,000000000000000;1,000000000000000;1,000000000000000;1,000000000000000;1,000000000000000;1,000000000000000;1,000000000000000
2022-11-17;alle;108;108,0;108;108;108;108;108;108;108;108;108;108;633;633,0;633;633;633;633;633,0;633;633;633,0;633;633,0;NA;NA;NA;NA;NA;NA;NA;NA;NA;NA;NA
2022-11-16;0-60;23;23,0;23;23;23;23;23;23;23;23;23;23;136;136,0;136;136;136;136;136,0;136;136;136,0;136;136,0;1,000000000000000;1,000000000000000;1,000000000000000;1,000000000000000;1,000000000000000;1,000000000000000;1,000000000000000;1,000000000000000;1,000000000000000;1,000000000000000;1,000000000000000
2022-11-16;60+;94;94,0;94;94;94;94;94;94;94;94;94;94;516;516,0;516;516;516;516;516,0;516;516;516,0;516;516,0;1,000000000000000;1,000000000000000;1,000000000000000;1,000000000000000;1,000000000000000;1,000000000000000;1,000000000000000;1,000000000000000;1,000000000000000;1,000000000000000;1,000000000000000
2022-11-16;alle;117;117,0;117;117;117;117;117;117;117;117;117;117;652;652,0;652;652;652;652;652,0;652;652;652,0;652;652,0;NA;NA;NA;NA;NA;NA;NA;NA;NA;NA;NA
2022-11-15;0-60;35;35,0;35;35;35;35;35;35;35;35;35;35;132;132,0;132;132;132;132;132,0;132;132;132,0;132;132,0;1,000000000000000;1,000000000000000;1,000000000000000;1,000000000000000;1,000000000000000;1,000000000000000;1,000000000000000;1,000000000000000;1,000000000000000;1,000000000000000;1,000000000000000
2022-11-15;60+;125;125,0;125;125;125;125;125;125;125;125;125;125;529;529,0;529;529;529;529;529,0;529;529;529,0;529;529,0;1,000000000000000;1,000000000000000;1,000000000000000;1,000000000000000;1,000000000000000;1,000000000000000;1,000000000000000;1,000000000000000;1,000000000000000;1,000000000000000;1,000000000000000
2022-11-15;alle;160;160,0;160;160;160;160;160;160;160;160;160;160;661;661,0;661;661;661;661;661,0;661;661;661,0;661;661,0;NA;NA;NA;NA;NA;NA;NA;NA;NA;NA;NA
2022-11-14;0-60;2;2,0;2;2;2;2;2;2;2;2;2;2;149;149,0;149;149;149;149;149,0;149;149;149,0;149;149,0;1,000000000000000;1,000000000000000;1,000000000000000;1,000000000000000;1,000000000000000;1,000000000000000;1,000000000000000;1,000000000000000;1,000000000000000;1,000000000000000;1,000000000000000
2022-11-14;60+;23;23,0;23;23;23;23;23;23;23;23;23;23;545;545,0;545;545;545;545;545,0;545;545;545,0;545;545,0;1,000000000000000;1,000000000000000;1,000000000000000;1,000000000000000;1,000000000000000;1,000000000000000;1,000000000000000;1,000000000000000;1,000000000000000;1,000000000000000;1,000000000000000
2022-11-14;alle;25;25,0;25;25;25;25;25;25;25;25;25;25;694;694,0;694;694;694;694;694,0;694;694;694,0;694;694,0;NA;NA;NA;NA;NA;NA;NA;NA;NA;NA;NA
2022-11-13;0-60;1;1,0;1;1;1;1;1;1;1;1;1;1;152;152,0;152;152;152;152;152,0;152;152;152,0;152;152,0;1,000000000000000;1,000000000000000;1,000000000000000;1,000000000000000;1,000000000000000;1,000000000000000;1,000000000000000;1,000000000000000;1,000000000000000;1,000000000000000;1,000000000000000
2022-11-13;60+;17;17,0;17;17;17;17;17;17;17;17;17;17;547;547,0;547;547;547;547;547,0;547;547;547,0;547;547,0;1,000000000000000;1,000000000000000;1,000000000000000;1,000000000000000;1,000000000000000;1,000000000000000;1,000000000000000;1,000000000000000;1,000000000000000;1,000000000000000;1,000000000000000
2022-11-13;alle;18;18,0;18;18;18;18;18;18;18;18;18;18;699;699,0;699;699;699;699;699,0;699;699;699,0;699;699,0;NA;NA;NA;NA;NA;NA;NA;NA;NA;NA;NA
2022-11-12;0-60;14;14,0;14;14;14;14;14;14;14;14;14;14;159;159,0;159;159;159;159;159,0;159;159;159,0;159;159,0;1,000000000000000;1,000000000000000;1,000000000000000;1,000000000000000;1,000000000000000;1,000000000000000;1,000000000000000;1,000000000000000;1,000000000000000;1,000000000000000;1,000000000000000
2022-11-12;60+;75;75,0;75;75;75;75;75;75;75;75;75;75;556;556,0;556;556;556;556;556,0;556;556;556,0;556;556,0;1,000000000000000;1,000000000000000;1,000000000000000;1,000000000000000;1,000000000000000;1,000000000000000;1,000000000000000;1,000000000000000;1,000000000000000;1,000000000000000;1,000000000000000
2022-11-12;alle;89;89,0;89;89;89;89;89;89;89;89;89;89;715;715,0;715;715;715;715;715,0;715;715;715,0;715;715,0;NA;NA;NA;NA;NA;NA;NA;NA;NA;NA;NA
2022-11-11;0-60;27;27,0;27;27;27;27;27;27;27;27;27;27;166;166,0;166;166;166;166;166,0;166;166;166,0;166;166,0;1,000000000000000;1,000000000000000;1,000000000000000;1,000000000000000;1,000000000000000;1,000000000000000;1,000000000000000;1,000000000000000;1,000000000000000;1,000000000000000;1,000000000000000
2022-11-11;60+;89;89,0;89;89;89;89;89;89;89;89;89;89;578;578,0;578;578;578;578;578,0;578;578;578,0;578;578,0;1,000000000000000;1,000000000000000;1,000000000000000;1,000000000000000;1,000000000000000;1,000000000000000;1,000000000000000;1,000000000000000;1,000000000000000;1,000000000000000;1,000000000000000
2022-11-11;alle;116;116,0;116;116;116;116;116;116;116;116;116;116;744;744,0;744;744;744;744;744,0;744;744;744,0;744;744,0;NA;NA;NA;NA;NA;NA;NA;NA;NA;NA;NA
2022-11-10;0-60;34;34,0;34;34;34;34;34;34;34;34;34;34;172;172,0;172;172;172;172;172,0;172;172;172,0;172;172,0;1,000000000000000;1,000000000000000;1,000000000000000;1,000000000000000;1,000000000000000;1,000000000000000;1,000000000000000;1,000000000000000;1,000000000000000;1,000000000000000;1,000000000000000
2022-11-10;60+;93;93,0;93;93;93;93;93;93;93;93;93;93;594;594,0;594;594;594;594;594,0;594;594;594,0;594;594,0;1,000000000000000;1,000000000000000;1,000000000000000;1,000000000000000;1,000000000000000;1,000000000000000;1,000000000000000;1,000000000000000;1,000000000000000;1,000000000000000;1,000000000000000
2022-11-10;alle;127;127,0;127;127;127;127;127;127;127;127;127;127;766;766,0;766;766;766;766;766,0;766;766;766,0;766;766,0;NA;NA;NA;NA;NA;NA;NA;NA;NA;NA;NA
2022-11-09;0-60;19;19,0;19;19;19;19;19;19;19;19;19;19;197;197,0;197;197;197;197;197,0;197;197;197,0;197;197,0;1,000000000000000;1,000000000000000;1,000000000000000;1,000000000000000;1,000000000000000;1,000000000000000;1,000000000000000;1,000000000000000;1,000000000000000;1,000000000000000;1,000000000000000
2022-11-09;60+;107;107,0;107;107;107;107;107;107;107;107;107;107;666;666,0;666;666;666;666;666,0;666;666;666,0;666;666,0;1,000000000000000;1,000000000000000;1,000000000000000;1,000000000000000;1,000000000000000;1,000000000000000;1,000000000000000;1,000000000000000;1,000000000000000;1,000000000000000;1,000000000000000
2022-11-09;alle;126;126,0;126;126;126;126;126;126;126;126;126;126;863;863,0;863;863;863;863;863,0;863;863;863,0;863;863,0;NA;NA;NA;NA;NA;NA;NA;NA;NA;NA;NA
2022-11-08;0-60;52;52,0;52;52;52;52;52;52;52;52;52;52;188;188,0;188;188;188;188;188,0;188;188;188,0;188;188,0;1,000000000000000;1,000000000000000;1,000000000000000;1,000000000000000;1,000000000000000;1,000000000000000;1,000000000000000;1,000000000000000;1,000000000000000;1,000000000000000;1,000000000000000
2022-11-08;60+;141;141,0;141;141;141;141;141;141;141;141;141;141;592;592,0;592;592;592;592;592,0;592;592;592,0;592;592,0;1,000000000000000;1,000000000000000;1,000000000000000;1,000000000000000;1,000000000000000;1,000000000000000;1,000000000000000;1,000000000000000;1,000000000000000;1,000000000000000;1,000000000000000
2022-11-08;alle;193;193,0;193;193;193;193;193;193;193;193;193;193;780;780,0;780;780;780;780;780,0;780;780;780,0;780;780,0;NA;NA;NA;NA;NA;NA;NA;NA;NA;NA;NA
2022-11-07;0-60;5;5,0;5;5;5;5;5;5;5;5;5;5;177;177,0;177;177;177;177;177,0;177;177;177,0;177;177,0;1,000000000000000;1,000000000000000;1,000000000000000;1,000000000000000;1,000000000000000;1,000000000000000;1,000000000000000;1,000000000000000;1,000000000000000;1,000000000000000;1,000000000000000
2022-11-07;60+;25;25,0;25;25;25;25;25;25;25;25;25;25;614;614,0;614;614;614;614;614,0;614;614;614,0;614;614,0;1,000000000000000;1,000000000000000;1,000000000000000;1,000000000000000;1,000000000000000;1,000000000000000;1,000000000000000;1,000000000000000;1,000000000000000;1,000000000000000;1,000000000000000
2022-11-07;alle;30;30,0;30;30;30;30;30;30;30;30;30;30;791;791,0;791;791;791;791;791,0;791;791;791,0;791;791,0;NA;NA;NA;NA;NA;NA;NA;NA;NA;NA;NA
2022-11-06;0-60;8;8,0;8;8;8;8;8;8;8;8;8;8;175;175,0;175;175;175;175;175,0;175;175;175,0;175;175,0;1,000000000000000;1,000000000000000;1,000000000000000;1,000000000000000;1,000000000000000;1,000000000000000;1,000000000000000;1,000000000000000;1,000000000000000;1,000000000000000;1,000000000000000
2022-11-06;60+;26;26,0;26;26;26;26;26;26;26;26;26;26;609;609,0;609;609;609;609;609,0;609;609;609,0;609;609,0;1,000000000000000;1,000000000000000;1,000000000000000;1,000000000000000;1,000000000000000;1,000000000000000;1,000000000000000;1,000000000000000;1,000000000000000;1,000000000000000;1,000000000000000
2022-11-06;alle;34;34,0;34;34;34;34;34;34;34;34;34;34;784;784,0;784;784;784;784;784,0;784;784;784,0;784;784,0;NA;NA;NA;NA;NA;NA;NA;NA;NA;NA;NA
2022-11-05;0-60;21;21,0;21;21;21;21;21;21;21;21;21;21;173;173,0;173;173;173;173;173,0;173;173;173,0;173;173,0;1,000000000000000;1,000000000000000;1,000000000000000;1,000000000000000;1,000000000000000;1,000000000000000;1,000000000000000;1,000000000000000;1,000000000000000;1,000000000000000;1,000000000000000
2022-11-05;60+;97;97,0;97;97;97;97;97;97;97;97;97;97;601;601,0;601;601;601;601;601,0;601;601;601,0;601;601,0;1,000000000000000;1,000000000000000;1,000000000000000;1,000000000000000;1,000000000000000;1,000000000000000;1,000000000000000;1,000000000000000;1,000000000000000;1,000000000000000;1,000000000000000
2022-11-05;alle;118;118,0;118;118;118;118;118;118;118;118;118;118;774;774,0;774;774;774;774;774,0;774;774;774,0;774;774,0;NA;NA;NA;NA;NA;NA;NA;NA;NA;NA;NA
2022-11-04;0-60;33;33,0;33;33;33;33;33;33;33;33;33;33;179;179,0;179;179;179;179;179,0;179;179;179,0;179;179,0;1,000000000000000;1,000000000000000;1,000000000000000;1,000000000000000;1,000000000000000;1,000000000000000;1,000000000000000;1,000000000000000;1,000000000000000;1,000000000000000;1,000000000000000
2022-11-04;60+;105;105,0;105;105;105;105;105;105;105;105;105;105;622;622,0;622;622;622;622;622,0;622;622;622,0;622;622,0;1,000000000000000;1,000000000000000;1,000000000000000;1,000000000000000;1,000000000000000;1,000000000000000;1,000000000000000;1,000000000000000;1,000000000000000;1,000000000000000;1,000000000000000
2022-11-04;alle;138;138,0;138;138;138;138;138;138;138;138;138;138;801;801,0;801;801;801;801;801,0;801;801;801,0;801;801,0;NA;NA;NA;NA;NA;NA;NA;NA;NA;NA;NA
2022-11-03;0-60;59;59,0;59;59;59;59;59;59;59;59;59;59;173;173,0;173;173;173;173;173,0;173;173;173,0;173;173,0;1,000000000000000;1,000000000000000;1,000000000000000;1,000000000000000;1,000000000000000;1,000000000000000;1,000000000000000;1,000000000000000;1,000000000000000;1,000000000000000;1,000000000000000
2022-11-03;60+;165;165,0;165;165;165;165;165;165;165;165;165;165;657;657,0;657;657;657;657;657,0;657;657;657,0;657;657,0;1,000000000000000;1,000000000000000;1,000000000000000;1,000000000000000;1,000000000000000;1,000000000000000;1,000000000000000;1,000000000000000;1,000000000000000;1,000000000000000;1,000000000000000
2022-11-03;alle;224;224,0;224;224;224;224;224;224;224;224;224;224;830;830,0;830;830;830;830;830,0;830;830;830,0;830;830,0;NA;NA;NA;NA;NA;NA;NA;NA;NA;NA;NA
2022-11-02;0-60;10;10,0;10;10;10;10;10;10;10;10;10;10;151;151,0;151;151;151;151;151,0;151;151;151,0;151;151,0;1,000000000000000;1,000000000000000;1,000000000000000;1,000000000000000;1,000000000000000;1,000000000000000;1,000000000000000;1,000000000000000;1,000000000000000;1,000000000000000;1,000000000000000
2022-11-02;60+;33;33,0;33;33;33;33;33;33;33;33;33;33;647;647,0;647;647;647;647;647,0;647;647;647,0;647;647,0;1,000000000000000;1,000000000000000;1,000000000000000;1,000000000000000;1,000000000000000;1,000000000000000;1,000000000000000;1,000000000000000;1,000000000000000;1,000000000000000;1,000000000000000
2022-11-02;alle;43;43,0;43;43;43;43;43;43;43;43;43;43;798;798,0;798;798;798;798;798,0;798;798;798,0;798;798,0;NA;NA;NA;NA;NA;NA;NA;NA;NA;NA;NA
2022-11-01;0-60;41;41,0;41;41;41;41;41;41;41;41;41;41;198;198,0;198;198;198;198;198,0;198;198;198,0;198;198,0;1,000000000000000;1,000000000000000;1,000000000000000;1,000000000000000;1,000000000000000;1,000000000000000;1,000000000000000;1,000000000000000;1,000000000000000;1,000000000000000;1,000000000000000
2022-11-01;60+;163;163,0;163;163;163;163;163;163;163;163;163;163;788;788,0;788;788;788;788;788,0;788;788;788,0;788;788,0;1,000000000000000;1,000000000000000;1,000000000000000;1,000000000000000;1,000000000000000;1,000000000000000;1,000000000000000;1,000000000000000;1,000000000000000;1,000000000000000;1,000000000000000
2022-11-01;alle;204;204,0;204;204;204;204;204;204;204;204;204;204;986;986,0;986;986;986;986;986,0;986;986;986,0;986;986,0;NA;NA;NA;NA;NA;NA;NA;NA;NA;NA;NA
2022-10-31;0-60;3;3,0;3;3;3;3;3;3;3;3;3;3;238;238,0;238;238;238;238;238,0;238;238;238,0;238;238,0;1,000000000000000;1,000000000000000;1,000000000000000;1,000000000000000;1,000000000000000;1,000000000000000;1,000000000000000;1,000000000000000;1,000000000000000;1,000000000000000;1,000000000000000
2022-10-31;60+;20;20,0;20;20;20;20;20;20;20;20;20;20;926;926,0;926;926;926;926;926,0;926;926;926,0;926;926,0;1,000000000000000;1,000000000000000;1,000000000000000;1,000000000000000;1,000000000000000;1,000000000000000;1,000000000000000;1,000000000000000;1,000000000000000;1,000000000000000;1,000000000000000
2022-10-31;alle;23;23,0;23;23;23;23;23;23;23;23;23;23;1164;1164,0;1164;1164;1164;1164;1164,0;1164;1164;1164,0;1164;1164,0;NA;NA;NA;NA;NA;NA;NA;NA;NA;NA;NA
2022-10-30;0-60;6;6,0;6;6;6;6;6;6;6;6;6;6;244;244,0;244;244;244;244;244,0;244;244;244,0;244;244,0;1,000000000000000;1,000000000000000;1,000000000000000;1,000000000000000;1,000000000000000;1,000000000000000;1,000000000000000;1,000000000000000;1,000000000000000;1,000000000000000;1,000000000000000
2022-10-30;60+;18;18,0;18;18;18;18;18;18;18;18;18;18;942;942,0;942;942;942;942;942,0;942;942;942,0;942;942,0;1,000000000000000;1,000000000000000;1,000000000000000;1,000000000000000;1,000000000000000;1,000000000000000;1,000000000000000;1,000000000000000;1,000000000000000;1,000000000000000;1,000000000000000
2022-10-30;alle;24;24,0;24;24;24;24;24;24;24;24;24;24;1186;1186,0;1186;1186;1186;1186;1186,0;1186;1186;1186,0;1186;1186,0;NA;NA;NA;NA;NA;NA;NA;NA;NA;NA;NA
2022-10-29;0-60;27;27,0;27;27;27;27;27;27;27;27;27;27;248;248,0;248;248;248;248;248,0;248;248;248,0;248;248,0;1,000000000000000;1,000000000000000;1,000000000000000;1,000000000000000;1,000000000000000;1,000000000000000;1,000000000000000;1,000000000000000;1,000000000000000;1,000000000000000;1,000000000000000
2022-10-29;60+;118;118,0;118;118;118;118;118;118;118;118;118;118;972;972,0;972;972;972;972;972,0;972;972;972,0;972;972,0;1,000000000000000;1,000000000000000;1,000000000000000;1,000000000000000;1,000000000000000;1,000000000000000;1,000000000000000;1,000000000000000;1,000000000000000;1,000000000000000;1,000000000000000
2022-10-29;alle;145;145,0;145;145;145;145;145;145;145;145;145;145;1220;1220,0;1220;1220;1220;1220;1220,0;1220;1220;1220,0;1220;1220,0;NA;NA;NA;NA;NA;NA;NA;NA;NA;NA;NA
2022-10-28;0-60;27;27,0;27;27;27;27;27;27;27;27;27;27;261;261,0;261;261;261;261;261,0;261;261;261,0;261;261,0;1,000000000000000;1,000000000000000;1,000000000000000;1,000000000000000;1,000000000000000;1,000000000000000;1,000000000000000;1,000000000000000;1,000000000000000;1,000000000000000;1,000000000000000
2022-10-28;60+;140;140,0;140;140;140;140;140;140;140;140;140;140;1029;1029,0;1029;1029;1029;1029;1029,0;1029;1029;1029,0;1029;1029,0;1,000000000000000;1,000000000000000;1,000000000000000;1,000000000000000;1,000000000000000;1,000000000000000;1,000000000000000;1,000000000000000;1,000000000000000;1,000000000000000;1,000000000000000
2022-10-28;alle;167;167,0;167;167;167;167;167;167;167;167;167;167;1290;1290,0;1290;1290;1290;1290;1290,0;1290;1290;1290,0;1290;1290,0;NA;NA;NA;NA;NA;NA;NA;NA;NA;NA;NA
2022-10-27;0-60;37;37,0;37;37;37;37;37;37;37;37;37;37;272;272,0;272;272;272;272;272,0;272;272;272,0;272;272,0;1,000000000000000;1,000000000000000;1,000000000000000;1,000000000000000;1,000000000000000;1,000000000000000;1,000000000000000;1,000000000000000;1,000000000000000;1,000000000000000;1,000000000000000
2022-10-27;60+;155;155,0;155;155;155;155;155;155;155;155;155;155;1083;1083,0;1083;1083;1083;1083;1083,0;1083;1083;1083,0;1083;1083,0;1,000000000000000;1,000000000000000;1,000000000000000;1,000000000000000;1,000000000000000;1,000000000000000;1,000000000000000;1,000000000000000;1,000000000000000;1,000000000000000;1,000000000000000
2022-10-27;alle;192;192,0;192;192;192;192;192;192;192;192;192;192;1355;1355,0;1355;1355;1355;1355;1355,0;1355;1355;1355,0;1355;1355,0;NA;NA;NA;NA;NA;NA;NA;NA;NA;NA;NA
2022-10-26;0-60;57;57,0;57;57;57;57;57;57;57;57;57;57;300;300,0;300;300;300;300;300,0;300;300;300,0;300;300,0;1,000000000000000;1,000000000000000;1,000000000000000;1,000000000000000;1,000000000000000;1,000000000000000;1,000000000000000;1,000000000000000;1,000000000000000;1,000000000000000;1,000000000000000
2022-10-26;60+;174;174,0;174;174;174;174;174;174;174;174;174;174;1139;1139,0;1139;1139;1139;1139;1139,0;1139;1139;1139,0;1139;1139,0;1,000000000000000;1,000000000000000;1,000000000000000;1,000000000000000;1,000000000000000;1,000000000000000;1,000000000000000;1,000000000000000;1,000000000000000;1,000000000000000;1,000000000000000
2022-10-26;alle;231;231,0;231;231;231;231;231;231;231;231;231;231;1439;1439,0;1439;1439;1439;1439;1439,0;1439;1439;1439,0;1439;1439,0;NA;NA;NA;NA;NA;NA;NA;NA;NA;NA;NA
2022-10-25;0-60;81;81,0;81;81;81;81;81;81;81;81;81;81;305;305,0;305;305;305;305;305,0;305;305;305,0;305;305,0;1,000000000000000;1,000000000000000;1,000000000000000;1,000000000000000;1,000000000000000;1,000000000000000;1,000000000000000;1,000000000000000;1,000000000000000;1,000000000000000;1,000000000000000
2022-10-25;60+;301;301,0;301;301;301;301;301;301;301;301;301;301;1242;1242,0;1242;1242;1242;1242;1242,0;1242;1242;1242,0;1242;1242,0;1,000000000000000;1,000000000000000;1,000000000000000;1,000000000000000;1,000000000000000;1,000000000000000;1,000000000000000;1,000000000000000;1,000000000000000;1,000000000000000;1,000000000000000
2022-10-25;alle;382;382,0;382;382;382;382;382;382;382;382;382;382;1547;1547,0;1547;1547;1547;1547;1547,0;1547;1547;1547,0;1547;1547,0;NA;NA;NA;NA;NA;NA;NA;NA;NA;NA;NA
2022-10-24;0-60;9;9,0;9;9;9;9;9;9;9;9;9;9;319;319,0;319;319;319;319;319,0;319;319;319,0;319;319,0;1,000000000000000;1,000000000000000;1,000000000000000;1,000000000000000;1,000000000000000;1,000000000000000;1,000000000000000;1,000000000000000;1,000000000000000;1,000000000000000;1,000000000000000
2022-10-24;60+;36;36,0;36;36;36;36;36;36;36;36;36;36;1366;1366,0;1366;1366;1366;1366;1366,0;1366;1366;1366,0;1366;1366,0;1,000000000000000;1,000000000000000;1,000000000000000;1,000000000000000;1,000000000000000;1,000000000000000;1,000000000000000;1,000000000000000;1,000000000000000;1,000000000000000;1,000000000000000
2022-10-24;alle;45;45,0;45;45;45;45;45;45;45;45;45;45;1685;1685,0;1685;1685;1685;1685;1685,0;1685;1685;1685,0;1685;1685,0;NA;NA;NA;NA;NA;NA;NA;NA;NA;NA;NA
2022-10-23;0-60;10;10,0;10;10;10;10;10;10;10;10;10;10;323;323,0;323;323;323;323;323,0;323;323;323,0;323;323,0;1,000000000000000;1,000000000000000;1,000000000000000;1,000000000000000;1,000000000000000;1,000000000000000;1,000000000000000;1,000000000000000;1,000000000000000;1,000000000000000;1,000000000000000
2022-10-23;60+;48;48,0;48;48;48;48;48;48;48;48;48;48;1379;1379,0;1379;1379;1379;1379;1379,0;1379;1379;1379,0;1379;1379,0;1,000000000000000;1,000000000000000;1,000000000000000;1,000000000000000;1,000000000000000;1,000000000000000;1,000000000000000;1,000000000000000;1,000000000000000;1,000000000000000;1,000000000000000
2022-10-23;alle;58;58,0;58;58;58;58;58;58;58;58;58;58;1702;1702,0;1702;1702;1702;1702;1702,0;1702;1702;1702,0;1702;1702,0;NA;NA;NA;NA;NA;NA;NA;NA;NA;NA;NA
2022-10-22;0-60;40;40,0;40;40;40;40;40;40;40;40;40;40;323;323,0;323;323;323;323;323,0;323;323;323,0;323;323,0;1,000000000000000;1,000000000000000;1,000000000000000;1,000000000000000;1,000000000000000;1,000000000000000;1,000000000000000;1,000000000000000;1,000000000000000;1,000000000000000;1,000000000000000
2022-10-22;60+;175;175,0;175;175;175;175;175;175;175;175;175;175;1396;1396,0;1396;1396;1396;1396;1396,0;1396;1396;1396,0;1396;1396,0;1,000000000000000;1,000000000000000;1,000000000000000;1,000000000000000;1,000000000000000;1,000000000000000;1,000000000000000;1,000000000000000;1,000000000000000;1,000000000000000;1,000000000000000
2022-10-22;alle;215;215,0;215;215;215;215;215;215;215;215;215;215;1719;1719,0;1719;1719;1719;1719;1719,0;1719;1719;1719,0;1719;1719,0;NA;NA;NA;NA;NA;NA;NA;NA;NA;NA;NA
2022-10-21;0-60;38;38,0;38;38;38;38;38;38;38;38;38;38;358;358,0;358;358;358;358;358,0;358;358;358,0;358;358,0;1,000000000000000;1,000000000000000;1,000000000000000;1,000000000000000;1,000000000000000;1,000000000000000;1,000000000000000;1,000000000000000;1,000000000000000;1,000000000000000;1,000000000000000
2022-10-21;60+;194;194,0;194;194;194;194;194;194;194;194;194;194;1487;1487,0;1487;1487;1487;1487;1487,0;1487;1487;1487,0;1487;1487,0;1,000000000000000;1,000000000000000;1,000000000000000;1,000000000000000;1,000000000000000;1,000000000000000;1,000000000000000;1,000000000000000;1,000000000000000;1,000000000000000;1,000000000000000
2022-10-21;alle;232;232,0;232;232;232;232;232;232;232;232;232;232;1845;1845,0;1845;1845;1845;1845;1845,0;1845;1845;1845,0;1845;1845,0;NA;NA;NA;NA;NA;NA;NA;NA;NA;NA;NA
2022-10-20;0-60;65;65,0;65;65;65;65;65;65;65;65;65;65;394;394,0;394;394;394;394;394,0;394;394;394,0;394;394,0;1,000000000000000;1,000000000000000;1,000000000000000;1,000000000000000;1,000000000000000;1,000000000000000;1,000000000000000;1,000000000000000;1,000000000000000;1,000000000000000;1,000000000000000
2022-10-20;60+;211;211,0;211;211;211;211;211;211;211;211;211;211;1576;1576,0;1576;1576;1576;1576;1576,0;1576;1576;1576,0;1576;1576,0;1,000000000000000;1,000000000000000;1,000000000000000;1,000000000000000;1,000000000000000;1,000000000000000;1,000000000000000;1,000000000000000;1,000000000000000;1,000000000000000;1,000000000000000
2022-10-20;alle;276;276,0;276;276;276;276;276;276;276;276;276;276;1970;1970,0;1970;1970;1970;1970;1970,0;1970;1970;1970,0;1970;1970,0;NA;NA;NA;NA;NA;NA;NA;NA;NA;NA;NA
2022-10-19;0-60;62;62,0;62;62;62;62;62;62;62;62;62;62;421;421,0;421;421;421;421;421,0;421;421;421,0;421;421,0;1,000000000000000;1,000000000000000;1,000000000000000;1,000000000000000;1,000000000000000;1,000000000000000;1,000000000000000;1,000000000000000;1,000000000000000;1,000000000000000;1,000000000000000
2022-10-19;60+;277;277,0;277;277;277;277;277;277;277;277;277;277;1682;1682,0;1682;1682;1682;1682;1682,0;1682;1682;1682,0;1682;1682,0;1,000000000000000;1,000000000000000;1,000000000000000;1,000000000000000;1,000000000000000;1,000000000000000;1,000000000000000;1,000000000000000;1,000000000000000;1,000000000000000;1,000000000000000
2022-10-19;alle;339;339,0;339;339;339;339;339;339;339;339;339;339;2103;2103,0;2103;2103;2103;2103;2103,0;2103;2103;2103,0;2103;2103,0;NA;NA;NA;NA;NA;NA;NA;NA;NA;NA;NA
2022-10-18;0-60;95;95,0;95;95;95;95;95;95;95;95;95;95;419;419,0;419;419;419;419;419,0;419;419;419,0;419;419,0;1,000000000000000;1,000000000000000;1,000000000000000;1,000000000000000;1,000000000000000;1,000000000000000;1,000000000000000;1,000000000000000;1,000000000000000;1,000000000000000;1,000000000000000
2022-10-18;60+;425;425,0;425;425;425;425;425;425;425;425;425;425;1717;1717,0;1717;1717;1717;1717;1717,0;1717;1717;1717,0;1717;1717,0;1,000000000000000;1,000000000000000;1,000000000000000;1,000000000000000;1,000000000000000;1,000000000000000;1,000000000000000;1,000000000000000;1,000000000000000;1,000000000000000;1,000000000000000
2022-10-18;alle;520;520,0;520;520;520;520;520;520;520;520;520;520;2136;2136,0;2136;2136;2136;2136;2136,0;2136;2136;2136,0;2136;2136,0;NA;NA;NA;NA;NA;NA;NA;NA;NA;NA;NA
2022-10-17;0-60;13;13,0;13;13;13;13;13;13;13;13;13;13;433;433,0;433;433;433;433;433,0;433;433;433,0;433;433,0;1,000000000000000;1,000000000000000;1,000000000000000;1,000000000000000;1,000000000000000;1,000000000000000;1,000000000000000;1,000000000000000;1,000000000000000;1,000000000000000;1,000000000000000
2022-10-17;60+;49;49,0;49;49;49;49;49;49;49;49;49;49;1653;1653,0;1653;1653;1653;1653;1653,0;1653;1653;1653,0;1653;1653,0;1,000000000000000;1,000000000000000;1,000000000000000;1,000000000000000;1,000000000000000;1,000000000000000;1,000000000000000;1,000000000000000;1,000000000000000;1,000000000000000;1,000000000000000
2022-10-17;alle;62;62,0;62;62;62;62;62;62;62;62;62;62;2086;2086,0;2086;2086;2086;2086;2086,0;2086;2086;2086,0;2086;2086,0;NA;NA;NA;NA;NA;NA;NA;NA;NA;NA;NA
2022-10-16;0-60;10;10,0;10;10;10;10;10;10;10;10;10;10;434;434,0;434;434;434;434;434,0;434;434;434,0;434;434,0;1,000000000000000;1,000000000000000;1,000000000000000;1,000000000000000;1,000000000000000;1,000000000000000;1,000000000000000;1,000000000000000;1,000000000000000;1,000000000000000;1,000000000000000
2022-10-16;60+;65;65,0;65;65;65;65;65;65;65;65;65;65;1653;1653,0;1653;1653;1653;1653;1653,0;1653;1653;1653,0;1653;1653,0;1,000000000000000;1,000000000000000;1,000000000000000;1,000000000000000;1,000000000000000;1,000000000000000;1,000000000000000;1,000000000000000;1,000000000000000;1,000000000000000;1,000000000000000
2022-10-16;alle;75;75,0;75;75;75;75;75;75;75;75;75;75;2087;2087,0;2087;2087;2087;2087;2087,0;2087;2087;2087,0;2087;2087,0;NA;NA;NA;NA;NA;NA;NA;NA;NA;NA;NA
2022-10-15;0-60;75;75,0;75;75;75;75;75;75;75;75;75;75;433;433,0;433;433;433;433;433,0;433;433;433,0;433;433,0;1,000000000000000;1,000000000000000;1,000000000000000;1,000000000000000;1,000000000000000;1,000000000000000;1,000000000000000;1,000000000000000;1,000000000000000;1,000000000000000;1,000000000000000
2022-10-15;60+;266;266,0;266;266;266;266;266;266;266;266;266;266;1632;1632,0;1632;1632;1632;1632;1632,0;1632;1632;1632,0;1632;1632,0;1,000000000000000;1,000000000000000;1,000000000000000;1,000000000000000;1,000000000000000;1,000000000000000;1,000000000000000;1,000000000000000;1,000000000000000;1,000000000000000;1,000000000000000
2022-10-15;alle;341;341,0;341;341;341;341;341;341;341;341;341;341;2065;2065,0;2065;2065;2065;2065;2065,0;2065;2065;2065,0;2065;2065,0;NA;NA;NA;NA;NA;NA;NA;NA;NA;NA;NA
2022-10-14;0-60;74;74,0;74;74;74;74;74;74;74;74;74;74;404;404,0;404;404;404;404;404,0;404;404;404,0;404;404,0;1,000000000000000;1,000000000000000;1,000000000000000;1,000000000000000;1,000000000000000;1,000000000000000;1,000000000000000;1,000000000000000;1,000000000000000;1,000000000000000;1,000000000000000
2022-10-14;60+;283;283,0;283;283;283;283;283;283;283;283;283;283;1566;1566,0;1566;1566;1566;1566;1566,0;1566;1566;1566,0;1566;1566,0;1,000000000000000;1,000000000000000;1,000000000000000;1,000000000000000;1,000000000000000;1,000000000000000;1,000000000000000;1,000000000000000;1,000000000000000;1,000000000000000;1,000000000000000
2022-10-14;alle;357;357,0;357;357;357;357;357;357;357;357;357;357;1970;1970,0;1970;1970;1970;1970;1970,0;1970;1970;1970,0;1970;1970,0;NA;NA;NA;NA;NA;NA;NA;NA;NA;NA;NA
2022-10-13;0-60;92;92,0;92;92;92;92;92;92;92;92;92;92;418;418,0;418;418;418;418;418,0;418;418;418,0;418;418,0;1,000000000000000;1,000000000000000;1,000000000000000;1,000000000000000;1,000000000000000;1,000000000000000;1,000000000000000;1,000000000000000;1,000000000000000;1,000000000000000;1,000000000000000
2022-10-13;60+;317;317,0;317;317;317;317;317;317;317;317;317;317;1534;1534,0;1534;1534;1534;1534;1534,0;1534;1534;1534,0;1534;1534,0;1,000000000000000;1,000000000000000;1,000000000000000;1,000000000000000;1,000000000000000;1,000000000000000;1,000000000000000;1,000000000000000;1,000000000000000;1,000000000000000;1,000000000000000
2022-10-13;alle;409;409,0;409;409;409;409;409;409;409;409;409;409;1952;1952,0;1952;1952;1952;1952;1952,0;1952;1952;1952,0;1952;1952,0;NA;NA;NA;NA;NA;NA;NA;NA;NA;NA;NA
2022-10-12;0-60;60;60,0;60;60;60;60;60;60;60;60;60;60;385;385,0;385;385;385;385;385,0;385;385;385,0;385;385,0;1,000000000000000;1,000000000000000;1,000000000000000;1,000000000000000;1,000000000000000;1,000000000000000;1,000000000000000;1,000000000000000;1,000000000000000;1,000000000000000;1,000000000000000
2022-10-12;60+;312;312,0;312;312;312;312;312;312;312;312;312;312;1496;1496,0;1496;1496;1496;1496;1496,0;1496;1496;1496,0;1496;1496,0;1,000000000000000;1,000000000000000;1,000000000000000;1,000000000000000;1,000000000000000;1,000000000000000;1,000000000000000;1,000000000000000;1,000000000000000;1,000000000000000;1,000000000000000
2022-10-12;alle;372;372,0;372;372;372;372;372;372;372;372;372;372;1881;1881,0;1881;1881;1881;1881;1881,0;1881;1881;1881,0;1881;1881,0;NA;NA;NA;NA;NA;NA;NA;NA;NA;NA;NA
2022-10-11;0-60;109;109,0;109;109;109;109;109;109;109;109;109;109;408;408,0;408;408;408;408;408,0;408;408;408,0;408;408,0;1,000000000000000;1,000000000000000;1,000000000000000;1,000000000000000;1,000000000000000;1,000000000000000;1,000000000000000;1,000000000000000;1,000000000000000;1,000000000000000;1,000000000000000
2022-10-11;60+;361;361,0;361;361;361;361;361;361;361;361;361;361;1583;1583,0;1583;1583;1583;1583;1583,0;1583;1583;1583,0;1583;1583,0;1,000000000000000;1,000000000000000;1,000000000000000;1,000000000000000;1,000000000000000;1,000000000000000;1,000000000000000;1,000000000000000;1,000000000000000;1,000000000000000;1,000000000000000
2022-10-11;alle;470;470,0;470;470;470;470;470;470;470;470;470;470;1991;1991,0;1991;1991;1991;1991;1991,0;1991;1991;1991,0;1991;1991,0;NA;NA;NA;NA;NA;NA;NA;NA;NA;NA;NA
2022-10-10;0-60;14;14,0;14;14;14;14;14;14;14;14;14;14;306;306,0;306;306;306;306;306,0;306;306;306,0;306;306,0;1,000000000000000;1,000000000000000;1,000000000000000;1,000000000000000;1,000000000000000;1,000000000000000;1,000000000000000;1,000000000000000;1,000000000000000;1,000000000000000;1,000000000000000
2022-10-10;60+;49;49,0;49;49;49;49;49;49;49;49;49;49;1300;1300,0;1300;1300;1300;1300;1300,0;1300;1300;1300,0;1300;1300,0;1,000000000000000;1,000000000000000;1,000000000000000;1,000000000000000;1,000000000000000;1,000000000000000;1,000000000000000;1,000000000000000;1,000000000000000;1,000000000000000;1,000000000000000
2022-10-10;alle;63;63,0;63;63;63;63;63;63;63;63;63;63;1606;1606,0;1606;1606;1606;1606;1606,0;1606;1606;1606,0;1606;1606,0;NA;NA;NA;NA;NA;NA;NA;NA;NA;NA;NA
2022-10-09;0-60;9;9,0;9;9;9;9;9;9;9;9;9;9;303;303,0;303;303;303;303;303,0;303;303;303,0;303;303,0;1,000000000000000;1,000000000000000;1,000000000000000;1,000000000000000;1,000000000000000;1,000000000000000;1,000000000000000;1,000000000000000;1,000000000000000;1,000000000000000;1,000000000000000
2022-10-09;60+;44;44,0;44;44;44;44;44;44;44;44;44;44;1292;1292,0;1292;1292;1292;1292;1292,0;1292;1292;1292,0;1292;1292,0;1,000000000000000;1,000000000000000;1,000000000000000;1,000000000000000;1,000000000000000;1,000000000000000;1,000000000000000;1,000000000000000;1,000000000000000;1,000000000000000;1,000000000000000
2022-10-09;alle;53;53,0;53;53;53;53;53;53;53;53;53;53;1595;1595,0;1595;1595;1595;1595;1595,0;1595;1595;1595,0;1595;1595,0;NA;NA;NA;NA;NA;NA;NA;NA;NA;NA;NA
2022-10-08;0-60;46;46,0;46;46;46;46;46;46;46;46;46;46;305;305,0;305;305;305;305;305,0;305;305;305,0;305;305,0;1,000000000000000;1,000000000000000;1,000000000000000;1,000000000000000;1,000000000000000;1,000000000000000;1,000000000000000;1,000000000000000;1,000000000000000;1,000000000000000;1,000000000000000
2022-10-08;60+;200;200,0;200;200;200;200;200;200;200;200;200;200;1280;1280,0;1280;1280;1280;1280;1280,0;1280;1280;1280,0;1280;1280,0;1,000000000000000;1,000000000000000;1,000000000000000;1,000000000000000;1,000000000000000;1,000000000000000;1,000000000000000;1,000000000000000;1,000000000000000;1,000000000000000;1,000000000000000
2022-10-08;alle;246;246,0;246;246;246;246;246;246;246;246;246;246;1585;1585,0;1585;1585;1585;1585;1585,0;1585;1585;1585,0;1585;1585,0;NA;NA;NA;NA;NA;NA;NA;NA;NA;NA;NA
2022-10-07;0-60;88;88,0;88;88;88;88;88;88;88;88;88;88;292;292,0;292;292;292;292;292,0;292;292;292,0;292;292,0;1,000000000000000;1,000000000000000;1,000000000000000;1,000000000000000;1,000000000000000;1,000000000000000;1,000000000000000;1,000000000000000;1,000000000000000;1,000000000000000;1,000000000000000
2022-10-07;60+;251;251,0;251;251;251;251;251;251;251;251;251;251;1227;1227,0;1227;1227;1227;1227;1227,0;1227;1227;1227,0;1227;1227,0;1,000000000000000;1,000000000000000;1,000000000000000;1,000000000000000;1,000000000000000;1,000000000000000;1,000000000000000;1,000000000000000;1,000000000000000;1,000000000000000;1,000000000000000
2022-10-07;alle;339;339,0;339;339;339;339;339;339;339;339;339;339;1519;1519,0;1519;1519;1519;1519;1519,0;1519;1519;1519,0;1519;1519,0;NA;NA;NA;NA;NA;NA;NA;NA;NA;NA;NA
2022-10-06;0-60;59;59,0;59;59;59;59;59;59;59;59;59;59;245;245,0;245;245;245;245;245,0;245;245;245,0;245;245,0;1,000000000000000;1,000000000000000;1,000000000000000;1,000000000000000;1,000000000000000;1,000000000000000;1,000000000000000;1,000000000000000;1,000000000000000;1,000000000000000;1,000000000000000
2022-10-06;60+;279;279,0;279;279;279;279;279;279;279;279;279;279;1130;1130,0;1130;1130;1130;1130;1130,0;1130;1130;1130,0;1130;1130,0;1,000000000000000;1,000000000000000;1,000000000000000;1,000000000000000;1,000000000000000;1,000000000000000;1,000000000000000;1,000000000000000;1,000000000000000;1,000000000000000;1,000000000000000
2022-10-06;alle;338;338,0;338;338;338;338;338;338;338;338;338;338;1375;1375,0;1375;1375;1375;1375;1375,0;1375;1375;1375,0;1375;1375,0;NA;NA;NA;NA;NA;NA;NA;NA;NA;NA;NA
2022-10-05;0-60;83;83,0;83;83;83;83;83;83;83;83;83;83;217;217,0;217;217;217;217;217,0;217;217;217,0;217;217,0;1,000000000000000;1,000000000000000;1,000000000000000;1,000000000000000;1,000000000000000;1,000000000000000;1,000000000000000;1,000000000000000;1,000000000000000;1,000000000000000;1,000000000000000
2022-10-05;60+;399;399,0;399;399;399;399;399;399;399;399;399;399;991;991,0;991;991;991;991;991,0;991;991;991,0;991;991,0;1,000000000000000;1,000000000000000;1,000000000000000;1,000000000000000;1,000000000000000;1,000000000000000;1,000000000000000;1,000000000000000;1,000000000000000;1,000000000000000;1,000000000000000
2022-10-05;alle;482;482,0;482;482;482;482;482;482;482;482;482;482;1208;1208,0;1208;1208;1208;1208;1208,0;1208;1208;1208,0;1208;1208,0;NA;NA;NA;NA;NA;NA;NA;NA;NA;NA;NA
2022-10-04;0-60;7;7,0;7;7;7;7;7;7;7;7;7;7;199;199,0;199;199;199;199;199,0;199;199;199,0;199;199,0;1,000000000000000;1,000000000000000;1,000000000000000;1,000000000000000;1,000000000000000;1,000000000000000;1,000000000000000;1,000000000000000;1,000000000000000;1,000000000000000;1,000000000000000
2022-10-04;60+;78;78,0;78;78;78;78;78;78;78;78;78;78;782;782,0;782;782;782;782;782,0;782;782;782,0;782;782,0;1,000000000000000;1,000000000000000;1,000000000000000;1,000000000000000;1,000000000000000;1,000000000000000;1,000000000000000;1,000000000000000;1,000000000000000;1,000000000000000;1,000000000000000
2022-10-04;alle;85;85,0;85;85;85;85;85;85;85;85;85;85;981;981,0;981;981;981;981;981,0;981;981;981,0;981;981,0;NA;NA;NA;NA;NA;NA;NA;NA;NA;NA;NA
2022-10-03;0-60;11;11,0;11;11;11;11;11;11;11;11;11;11;244;244,0;244;244;244;244;244,0;244;244;244,0;244;244,0;1,000000000000000;1,000000000000000;1,000000000000000;1,000000000000000;1,000000000000000;1,000000000000000;1,000000000000000;1,000000000000000;1,000000000000000;1,000000000000000;1,000000000000000
2022-10-03;60+;41;41,0;41;41;41;41;41;41;41;41;41;41;914;914,0;914;914;914;914;914,0;914;914;914,0;914;914,0;1,000000000000000;1,000000000000000;1,000000000000000;1,000000000000000;1,000000000000000;1,000000000000000;1,000000000000000;1,000000000000000;1,000000000000000;1,000000000000000;1,000000000000000
2022-10-03;alle;52;52,0;52;52;52;52;52;52;52;52;52;52;1158;1158,0;1158;1158;1158;1158;1158,0;1158;1158;1158,0;1158;1158,0;NA;NA;NA;NA;NA;NA;NA;NA;NA;NA;NA
2022-10-02;0-60;11;11,0;11;11;11;11;11;11;11;11;11;11;243;243,0;243;243;243;243;243,0;243;243;243,0;243;243,0;1,000000000000000;1,000000000000000;1,000000000000000;1,000000000000000;1,000000000000000;1,000000000000000;1,000000000000000;1,000000000000000;1,000000000000000;1,000000000000000;1,000000000000000
2022-10-02;60+;32;32,0;32;32;32;32;32;32;32;32;32;32;894;894,0;894;894;894;894;894,0;894;894;894,0;894;894,0;1,000000000000000;1,000000000000000;1,000000000000000;1,000000000000000;1,000000000000000;1,000000000000000;1,000000000000000;1,000000000000000;1,000000000000000;1,000000000000000;1,000000000000000
2022-10-02;alle;43;43,0;43;43;43;43;43;43;43;43;43;43;1137;1137,0;1137;1137;1137;1137;1137,0;1137;1137;1137,0;1137;1137,0;NA;NA;NA;NA;NA;NA;NA;NA;NA;NA;NA
2022-10-01;0-60;33;33,0;33;33;33;33;33;33;33;33;33;33;234;234,0;234;234;234;234;234,0;234;234;234,0;234;234,0;1,000000000000000;1,000000000000000;1,000000000000000;1,000000000000000;1,000000000000000;1,000000000000000;1,000000000000000;1,000000000000000;1,000000000000000;1,000000000000000;1,000000000000000
2022-10-01;60+;147;147,0;147;147;147;147;147;147;147;147;147;147;880;880,0;880;880;880;880;880,0;880;880;880,0;880;880,0;1,000000000000000;1,000000000000000;1,000000000000000;1,000000000000000;1,000000000000000;1,000000000000000;1,000000000000000;1,000000000000000;1,000000000000000;1,000000000000000;1,000000000000000
2022-10-01;alle;180;180,0;180;180;180;180;180;180;180;180;180;180;1114;1114,0;1114;1114;1114;1114;1114,0;1114;1114;1114,0;1114;1114,0;NA;NA;NA;NA;NA;NA;NA;NA;NA;NA;NA
2022-09-30;0-60;41;41,0;41;41;41;41;41;41;41;41;41;41;224;224,0;224;224;224;224;224,0;224;224;224,0;224;224,0;1,000000000000000;1,000000000000000;1,000000000000000;1,000000000000000;1,000000000000000;1,000000000000000;1,000000000000000;1,000000000000000;1,000000000000000;1,000000000000000;1,000000000000000
2022-09-30;60+;154;154,0;154;154;154;154;154;154;154;154;154;154;811;811,0;811;811;811;811;811,0;811;811;811,0;811;811,0;1,000000000000000;1,000000000000000;1,000000000000000;1,000000000000000;1,000000000000000;1,000000000000000;1,000000000000000;1,000000000000000;1,000000000000000;1,000000000000000;1,000000000000000
2022-09-30;alle;195;195,0;195;195;195;195;195;195;195;195;195;195;1035;1035,0;1035;1035;1035;1035;1035,0;1035;1035;1035,0;1035;1035,0;NA;NA;NA;NA;NA;NA;NA;NA;NA;NA;NA
2022-09-29;0-60;31;31,0;31;31;31;31;31;31;31;31;31;31;207;207,0;207;207;207;207;207,0;207;207;207,0;207;207,0;1,000000000000000;1,000000000000000;1,000000000000000;1,000000000000000;1,000000000000000;1,000000000000000;1,000000000000000;1,000000000000000;1,000000000000000;1,000000000000000;1,000000000000000
2022-09-29;60+;140;140,0;140;140;140;140;140;140;140;140;140;140;734;734,0;734;734;734;734;734,0;734;734;734,0;734;734,0;1,000000000000000;1,000000000000000;1,000000000000000;1,000000000000000;1,000000000000000;1,000000000000000;1,000000000000000;1,000000000000000;1,000000000000000;1,000000000000000;1,000000000000000
2022-09-29;alle;171;171,0;171;171;171;171;171;171;171;171;171;171;941;941,0;941;941;941;941;941,0;941;941;941,0;941;941,0;NA;NA;NA;NA;NA;NA;NA;NA;NA;NA;NA
2022-09-28;0-60;65;65,0;65;65;65;65;65;65;65;65;65;65;197;197,0;197;197;197;197;197,0;197;197;197,0;197;197,0;1,000000000000000;1,000000000000000;1,000000000000000;1,000000000000000;1,000000000000000;1,000000000000000;1,000000000000000;1,000000000000000;1,000000000000000;1,000000000000000;1,000000000000000
2022-09-28;60+;190;190,0;190;190;190;190;190;190;190;190;190;190;676;676,0;676;676;676;676;676,0;676;676;676,0;676;676,0;1,000000000000000;1,000000000000000;1,000000000000000;1,000000000000000;1,000000000000000;1,000000000000000;1,000000000000000;1,000000000000000;1,000000000000000;1,000000000000000;1,000000000000000
2022-09-28;alle;255;255,0;255;255;255;255;255;255;255;255;255;255;873;873,0;873;873;873;873;873,0;873;873;873,0;873;873,0;NA;NA;NA;NA;NA;NA;NA;NA;NA;NA;NA
2022-09-27;0-60;52;52,0;52;52;52;52;52;52;52;52;52;52;160;160,0;160;160;160;160;160,0;160;160;160,0;160;160,0;1,000000000000000;1,000000000000000;1,000000000000000;1,000000000000000;1,000000000000000;1,000000000000000;1,000000000000000;1,000000000000000;1,000000000000000;1,000000000000000;1,000000000000000
2022-09-27;60+;210;210,0;210;210;210;210;210;210;210;210;210;210;555;555,0;555;555;555;555;555,0;555;555;555,0;555;555,0;1,000000000000000;1,000000000000000;1,000000000000000;1,000000000000000;1,000000000000000;1,000000000000000;1,000000000000000;1,000000000000000;1,000000000000000;1,000000000000000;1,000000000000000
2022-09-27;alle;262;262,0;262;262;262;262;262;262;262;262;262;262;715;715,0;715;715;715;715;715,0;715;715;715,0;715;715,0;NA;NA;NA;NA;NA;NA;NA;NA;NA;NA;NA
2022-09-26;0-60;10;10,0;10;10;10;10;10;10;10;10;10;10;128;128,0;128;128;128;128;128,0;128;128;128,0;128;128,0;1,000000000000000;1,000000000000000;1,000000000000000;1,000000000000000;1,000000000000000;1,000000000000000;1,000000000000000;1,000000000000000;1,000000000000000;1,000000000000000;1,000000000000000
2022-09-26;60+;21;21,0;21;21;21;21;21;21;21;21;21;21;436;436,0;436;436;436;436;436,0;436;436;436,0;436;436,0;1,000000000000000;1,000000000000000;1,000000000000000;1,000000000000000;1,000000000000000;1,000000000000000;1,000000000000000;1,000000000000000;1,000000000000000;1,000000000000000;1,000000000000000
2022-09-26;alle;31;31,0;31;31;31;31;31;31;31;31;31;31;564;564,0;564;564;564;564;564,0;564;564;564,0;564;564,0;NA;NA;NA;NA;NA;NA;NA;NA;NA;NA;NA
2022-09-25;0-60;2;2,0;2;2;2;2;2;2;2;2;2;2;123;123,0;123;123;123;123;123,0;123;123;123,0;123;123,0;1,000000000000000;1,000000000000000;1,000000000000000;1,000000000000000;1,000000000000000;1,000000000000000;1,000000000000000;1,000000000000000;1,000000000000000;1,000000000000000;1,000000000000000
2022-09-25;60+;18;18,0;18;18;18;18;18;18;18;18;18;18;430;430,0;430;430;430;430;430,0;430;430;430,0;430;430,0;1,000000000000000;1,000000000000000;1,000000000000000;1,000000000000000;1,000000000000000;1,000000000000000;1,000000000000000;1,000000000000000;1,000000000000000;1,000000000000000;1,000000000000000
2022-09-25;alle;20;20,0;20;20;20;20;20;20;20;20;20;20;553;553,0;553;553;553;553;553,0;553;553;553,0;553;553,0;NA;NA;NA;NA;NA;NA;NA;NA;NA;NA;NA
2022-09-24;0-60;23;23,0;23;23;23;23;23;23;23;23;23;23;127;127,0;127;127;127;127;127,0;127;127;127,0;127;127,0;1,000000000000000;1,000000000000000;1,000000000000000;1,000000000000000;1,000000000000000;1,000000000000000;1,000000000000000;1,000000000000000;1,000000000000000;1,000000000000000;1,000000000000000
2022-09-24;60+;78;78,0;78;78;78;78;78;78;78;78;78;78;426;426,0;426;426;426;426;426,0;426;426;426,0;426;426,0;1,000000000000000;1,000000000000000;1,000000000000000;1,000000000000000;1,000000000000000;1,000000000000000;1,000000000000000;1,000000000000000;1,000000000000000;1,000000000000000;1,000000000000000
2022-09-24;alle;101;101,0;101;101;101;101;101;101;101;101;101;101;553;553,0;553;553;553;553;553,0;553;553;553,0;553;553,0;NA;NA;NA;NA;NA;NA;NA;NA;NA;NA;NA
2022-09-23;0-60;24;24,0;24;24;24;24;24;24;24;24;24;24;121;121,0;121;121;121;121;121,0;121;121;121,0;121;121,0;1,000000000000000;1,000000000000000;1,000000000000000;1,000000000000000;1,000000000000000;1,000000000000000;1,000000000000000;1,000000000000000;1,000000000000000;1,000000000000000;1,000000000000000
2022-09-23;60+;77;77,0;77;77;77;77;77;77;77;77;77;77;390;390,0;390;390;390;390;390,0;390;390;390,0;390;390,0;1,000000000000000;1,000000000000000;1,000000000000000;1,000000000000000;1,000000000000000;1,000000000000000;1,000000000000000;1,000000000000000;1,000000000000000;1,000000000000000;1,000000000000000
2022-09-23;alle;101;101,0;101;101;101;101;101;101;101;101;101;101;511;511,0;511;511;511;511;511,0;511;511;511,0;511;511,0;NA;NA;NA;NA;NA;NA;NA;NA;NA;NA;NA
2022-09-22;0-60;21;21,0;21;21;21;21;21;21;21;21;21;21;113;113,0;113;113;113;113;113,0;113;113;113,0;113;113,0;1,000000000000000;1,000000000000000;1,000000000000000;1,000000000000000;1,000000000000000;1,000000000000000;1,000000000000000;1,000000000000000;1,000000000000000;1,000000000000000;1,000000000000000
2022-09-22;60+;82;82,0;82;82;82;82;82;82;82;82;82;82;352;352,0;352;352;352;352;352,0;352;352;352,0;352;352,0;1,000000000000000;1,000000000000000;1,000000000000000;1,000000000000000;1,000000000000000;1,000000000000000;1,000000000000000;1,000000000000000;1,000000000000000;1,000000000000000;1,000000000000000
2022-09-22;alle;103;103,0;103;103;103;103;103;103;103;103;103;103;465;465,0;465;465;465;465;465,0;465;465;465,0;465;465,0;NA;NA;NA;NA;NA;NA;NA;NA;NA;NA;NA
2022-09-21;0-60;28;28,0;28;28;28;28;28;28;28;28;28;28;110;110,0;110;110;110;110;110,0;110;110;110,0;110;110,0;1,000000000000000;1,000000000000000;1,000000000000000;1,000000000000000;1,000000000000000;1,000000000000000;1,000000000000000;1,000000000000000;1,000000000000000;1,000000000000000;1,000000000000000
2022-09-21;60+;69;69,0;69;69;69;69;69;69;69;69;69;69;299;299,0;299;299;299;299;299,0;299;299;299,0;299;299,0;1,000000000000000;1,000000000000000;1,000000000000000;1,000000000000000;1,000000000000000;1,000000000000000;1,000000000000000;1,000000000000000;1,000000000000000;1,000000000000000;1,000000000000000
2022-09-21;alle;97;97,0;97;97;97;97;97;97;97;97;97;97;409;409,0;409;409;409;409;409,0;409;409;409,0;409;409,0;NA;NA;NA;NA;NA;NA;NA;NA;NA;NA;NA
2022-09-20;0-60;20;20,0;20;20;20;20;20;20;20;20;20;20;95;95,0;95;95;95;95;95,0;95;95;95,0;95;95,0;1,000000000000000;1,000000000000000;1,000000000000000;1,000000000000000;1,000000000000000;1,000000000000000;1,000000000000000;1,000000000000000;1,000000000000000;1,000000000000000;1,000000000000000
2022-09-20;60+;91;91,0;91;91;91;91;91;91;91;91;91;91;280;280,0;280;280;280;280;280,0;280;280;280,0;280;280,0;1,000000000000000;1,000000000000000;1,000000000000000;1,000000000000000;1,000000000000000;1,000000000000000;1,000000000000000;1,000000000000000;1,000000000000000;1,000000000000000;1,000000000000000
2022-09-20;alle;111;111,0;111;111;111;111;111;111;111;111;111;111;375;375,0;375;375;375;375;375,0;375;375;375,0;375;375,0;NA;NA;NA;NA;NA;NA;NA;NA;NA;NA;NA
2022-09-19;0-60;5;5,0;5;5;5;5;5;5;5;5;5;5;96;96,0;96;96;96;96;96,0;96;96;96,0;96;96,0;1,000000000000000;1,000000000000000;1,000000000000000;1,000000000000000;1,000000000000000;1,000000000000000;1,000000000000000;1,000000000000000;1,000000000000000;1,000000000000000;1,000000000000000
2022-09-19;60+;15;15,0;15;15;15;15;15;15;15;15;15;15;263;263,0;263;263;263;263;263,0;263;263;263,0;263;263,0;1,000000000000000;1,000000000000000;1,000000000000000;1,000000000000000;1,000000000000000;1,000000000000000;1,000000000000000;1,000000000000000;1,000000000000000;1,000000000000000;1,000000000000000
2022-09-19;alle;20;20,0;20;20;20;20;20;20;20;20;20;20;359;359,0;359;359;359;359;359,0;359;359;359,0;359;359,0;NA;NA;NA;NA;NA;NA;NA;NA;NA;NA;NA
2022-09-18;0-60;6;6,0;6;6;6;6;6;6;6;6;6;6;93;93,0;93;93;93;93;93,0;93;93;93,0;93;93,0;1,000000000000000;1,000000000000000;1,000000000000000;1,000000000000000;1,000000000000000;1,000000000000000;1,000000000000000;1,000000000000000;1,000000000000000;1,000000000000000;1,000000000000000
2022-09-18;60+;14;14,0;14;14;14;14;14;14;14;14;14;14;262;262,0;262;262;262;262;262,0;262;262;262,0;262;262,0;1,000000000000000;1,000000000000000;1,000000000000000;1,000000000000000;1,000000000000000;1,000000000000000;1,000000000000000;1,000000000000000;1,000000000000000;1,000000000000000;1,000000000000000
2022-09-18;alle;20;20,0;20;20;20;20;20;20;20;20;20;20;355;355,0;355;355;355;355;355,0;355;355;355,0;355;355,0;NA;NA;NA;NA;NA;NA;NA;NA;NA;NA;NA
2022-09-17;0-60;17;17,0;17;17;17;17;17;17;17;17;17;17;90;90,0;90;90;90;90;90,0;90;90;90,0;90;90,0;1,000000000000000;1,000000000000000;1,000000000000000;1,000000000000000;1,000000000000000;1,000000000000000;1,000000000000000;1,000000000000000;1,000000000000000;1,000000000000000;1,000000000000000
2022-09-17;60+;42;42,0;42;42;42;42;42;42;42;42;42;42;254;254,0;254;254;254;254;254,0;254;254;254,0;254;254,0;1,000000000000000;1,000000000000000;1,000000000000000;1,000000000000000;1,000000000000000;1,000000000000000;1,000000000000000;1,000000000000000;1,000000000000000;1,000000000000000;1,000000000000000
2022-09-17;alle;59;59,0;59;59;59;59;59;59;59;59;59;59;344;344,0;344;344;344;344;344,0;344;344;344,0;344;344,0;NA;NA;NA;NA;NA;NA;NA;NA;NA;NA;NA
2022-09-16;0-60;16;16,0;16;16;16;16;16;16;16;16;16;16;84;84,0;84;84;84;84;84,0;84;84;84,0;84;84,0;1,000000000000000;1,000000000000000;1,000000000000000;1,000000000000000;1,000000000000000;1,000000000000000;1,000000000000000;1,000000000000000;1,000000000000000;1,000000000000000;1,000000000000000
2022-09-16;60+;39;39,0;39;39;39;39;39;39;39;39;39;39;253;253,0;253;253;253;253;253,0;253;253;253,0;253;253,0;1,000000000000000;1,000000000000000;1,000000000000000;1,000000000000000;1,000000000000000;1,000000000000000;1,000000000000000;1,000000000000000;1,000000000000000;1,000000000000000;1,000000000000000
2022-09-16;alle;55;55,0;55;55;55;55;55;55;55;55;55;55;337;337,0;337;337;337;337;337,0;337;337;337,0;337;337,0;NA;NA;NA;NA;NA;NA;NA;NA;NA;NA;NA
2022-09-15;0-60;18;18,0;18;18;18;18;18;18;18;18;18;18;75;75,0;75;75;75;75;75,0;75;75;75,0;75;75,0;1,000000000000000;1,000000000000000;1,000000000000000;1,000000000000000;1,000000000000000;1,000000000000000;1,000000000000000;1,000000000000000;1,000000000000000;1,000000000000000;1,000000000000000
2022-09-15;60+;29;29,0;29;29;29;29;29;29;29;29;29;29;253;253,0;253;253;253;253;253,0;253;253;253,0;253;253,0;1,000000000000000;1,000000000000000;1,000000000000000;1,000000000000000;1,000000000000000;1,000000000000000;1,000000000000000;1,000000000000000;1,000000000000000;1,000000000000000;1,000000000000000
2022-09-15;alle;47;47,0;47;47;47;47;47;47;47;47;47;47;328;328,0;328;328;328;328;328,0;328;328;328,0;328;328,0;NA;NA;NA;NA;NA;NA;NA;NA;NA;NA;NA
2022-09-14;0-60;13;13,0;13;13;13;13;13;13;13;13;13;13;72;72,0;72;72;72;72;72,0;72;72;72,0;72;72,0;1,000000000000000;1,000000000000000;1,000000000000000;1,000000000000000;1,000000000000000;1,000000000000000;1,000000000000000;1,000000000000000;1,000000000000000;1,000000000000000;1,000000000000000
2022-09-14;60+;50;50,0;50;50;50;50;50;50;50;50;50;50;266;266,0;266;266;266;266;266,0;266;266;266,0;266;266,0;1,000000000000000;1,000000000000000;1,000000000000000;1,000000000000000;1,000000000000000;1,000000000000000;1,000000000000000;1,000000000000000;1,000000000000000;1,000000000000000;1,000000000000000
2022-09-14;alle;63;63,0;63;63;63;63;63;63;63;63;63;63;338;338,0;338;338;338;338;338,0;338;338;338,0;338;338,0;NA;NA;NA;NA;NA;NA;NA;NA;NA;NA;NA
2022-09-13;0-60;21;21,0;21;21;21;21;21;21;21;21;21;21;72;72,0;72;72;72;72;72,0;72;72;72,0;72;72,0;1,000000000000000;1,000000000000000;1,000000000000000;1,000000000000000;1,000000000000000;1,000000000000000;1,000000000000000;1,000000000000000;1,000000000000000;1,000000000000000;1,000000000000000
2022-09-13;60+;74;74,0;74;74;74;74;74;74;74;74;74;74;253;253,0;253;253;253;253;253,0;253;253;253,0;253;253,0;1,000000000000000;1,000000000000000;1,000000000000000;1,000000000000000;1,000000000000000;1,000000000000000;1,000000000000000;1,000000000000000;1,000000000000000;1,000000000000000;1,000000000000000
2022-09-13;alle;95;95,0;95;95;95;95;95;95;95;95;95;95;325;325,0;325;325;325;325;325,0;325;325;325,0;325;325,0;NA;NA;NA;NA;NA;NA;NA;NA;NA;NA;NA
2022-09-12;0-60;2;2,0;2;2;2;2;2;2;2;2;2;2;70;70,0;70;70;70;70;70,0;70;70;70,0;70;70,0;1,000000000000000;1,000000000000000;1,000000000000000;1,000000000000000;1,000000000000000;1,000000000000000;1,000000000000000;1,000000000000000;1,000000000000000;1,000000000000000;1,000000000000000
2022-09-12;60+;14;14,0;14;14;14;14;14;14;14;14;14;14;223;223,0;223;223;223;223;223,0;223;223;223,0;223;223,0;1,000000000000000;1,000000000000000;1,000000000000000;1,000000000000000;1,000000000000000;1,000000000000000;1,000000000000000;1,000000000000000;1,000000000000000;1,000000000000000;1,000000000000000
2022-09-12;alle;16;16,0;16;16;16;16;16;16;16;16;16;16;293;293,0;293;293;293;293;293,0;293;293;293,0;293;293,0;NA;NA;NA;NA;NA;NA;NA;NA;NA;NA;NA
2022-09-11;0-60;3;3,0;3;3;3;3;3;3;3;3;3;3;71;71,0;71;71;71;71;71,0;71;71;71,0;71;71,0;1,000000000000000;1,000000000000000;1,000000000000000;1,000000000000000;1,000000000000000;1,000000000000000;1,000000000000000;1,000000000000000;1,000000000000000;1,000000000000000;1,000000000000000
2022-09-11;60+;6;6,0;6;6;6;6;6;6;6;6;6;6;225;225,0;225;225;225;225;225,0;225;225;225,0;225;225,0;1,000000000000000;1,000000000000000;1,000000000000000;1,000000000000000;1,000000000000000;1,000000000000000;1,000000000000000;1,000000000000000;1,000000000000000;1,000000000000000;1,000000000000000
2022-09-11;alle;9;9,0;9;9;9;9;9;9;9;9;9;9;296;296,0;296;296;296;296;296,0;296;296;296,0;296;296,0;NA;NA;NA;NA;NA;NA;NA;NA;NA;NA;NA
2022-09-10;0-60;11;11,0;11;11;11;11;11;11;11;11;11;11;70;70,0;70;70;70;70;70,0;70;70;70,0;70;70,0;1,000000000000000;1,000000000000000;1,000000000000000;1,000000000000000;1,000000000000000;1,000000000000000;1,000000000000000;1,000000000000000;1,000000000000000;1,000000000000000;1,000000000000000
2022-09-10;60+;41;41,0;41;41;41;41;41;41;41;41;41;41;230;230,0;230;230;230;230;230,0;230;230;230,0;230;230,0;1,000000000000000;1,000000000000000;1,000000000000000;1,000000000000000;1,000000000000000;1,000000000000000;1,000000000000000;1,000000000000000;1,000000000000000;1,000000000000000;1,000000000000000
2022-09-10;alle;52;52,0;52;52;52;52;52;52;52;52;52;52;300;300,0;300;300;300;300;300,0;300;300;300,0;300;300,0;NA;NA;NA;NA;NA;NA;NA;NA;NA;NA;NA
2022-09-09;0-60;7;7,0;7;7;7;7;7;7;7;7;7;7;68;68,0;68;68;68;68;68,0;68;68;68,0;68;68,0;1,000000000000000;1,000000000000000;1,000000000000000;1,000000000000000;1,000000000000000;1,000000000000000;1,000000000000000;1,000000000000000;1,000000000000000;1,000000000000000;1,000000000000000
2022-09-09;60+;39;39,0;39;39;39;39;39;39;39;39;39;39;217;217,0;217;217;217;217;217,0;217;217;217,0;217;217,0;1,000000000000000;1,000000000000000;1,000000000000000;1,000000000000000;1,000000000000000;1,000000000000000;1,000000000000000;1,000000000000000;1,000000000000000;1,000000000000000;1,000000000000000
2022-09-09;alle;46;46,0;46;46;46;46;46;46;46;46;46;46;285;285,0;285;285;285;285;285,0;285;285;285,0;285;285,0;NA;NA;NA;NA;NA;NA;NA;NA;NA;NA;NA
2022-09-08;0-60;15;15,0;15;15;15;15;15;15;15;15;15;15;78;78,0;78;78;78;78;78,0;78;78;78,0;78;78,0;1,000000000000000;1,000000000000000;1,000000000000000;1,000000000000000;1,000000000000000;1,000000000000000;1,000000000000000;1,000000000000000;1,000000000000000;1,000000000000000;1,000000000000000
2022-09-08;60+;42;42,0;42;42;42;42;42;42;42;42;42;42;214;214,0;214;214;214;214;214,0;214;214;214,0;214;214,0;1,000000000000000;1,000000000000000;1,000000000000000;1,000000000000000;1,000000000000000;1,000000000000000;1,000000000000000;1,000000000000000;1,000000000000000;1,000000000000000;1,000000000000000
2022-09-08;alle;57;57,0;57;57;57;57;57;57;57;57;57;57;292;292,0;292;292;292;292;292,0;292;292;292,0;292;292,0;NA;NA;NA;NA;NA;NA;NA;NA;NA;NA;NA
2022-09-07;0-60;13;13,0;13;13;13;13;13;13;13;13;13;13;78;78,0;78;78;78;78;78,0;78;78;78,0;78;78,0;1,000000000000000;1,000000000000000;1,000000000000000;1,000000000000000;1,000000000000000;1,000000000000000;1,000000000000000;1,000000000000000;1,000000000000000;1,000000000000000;1,000000000000000
2022-09-07;60+;37;37,0;37;37;37;37;37;37;37;37;37;37;212;212,0;212;212;212;212;212,0;212;212;212,0;212;212,0;1,000000000000000;1,000000000000000;1,000000000000000;1,000000000000000;1,000000000000000;1,000000000000000;1,000000000000000;1,000000000000000;1,000000000000000;1,000000000000000;1,000000000000000
2022-09-07;alle;50;50,0;50;50;50;50;50;50;50;50;50;50;290;290,0;290;290;290;290;290,0;290;290;290,0;290;290,0;NA;NA;NA;NA;NA;NA;NA;NA;NA;NA;NA
2022-09-06;0-60;19;19,0;19;19;19;19;19;19;19;19;19;19;87;87,0;87;87;87;87;87,0;87;87;87,0;87;87,0;1,000000000000000;1,000000000000000;1,000000000000000;1,000000000000000;1,000000000000000;1,000000000000000;1,000000000000000;1,000000000000000;1,000000000000000;1,000000000000000;1,000000000000000
2022-09-06;60+;44;44,0;44;44;44;44;44;44;44;44;44;44;213;213,0;213;213;213;213;213,0;213;213;213,0;213;213,0;1,000000000000000;1,000000000000000;1,000000000000000;1,000000000000000;1,000000000000000;1,000000000000000;1,000000000000000;1,000000000000000;1,000000000000000;1,000000000000000;1,000000000000000
2022-09-06;alle;63;63,0;63;63;63;63;63;63;63;63;63;63;300;300,0;300;300;300;300;300,0;300;300;300,0;300;300,0;NA;NA;NA;NA;NA;NA;NA;NA;NA;NA;NA
2022-09-05;0-60;3;3,0;3;3;3;3;3;3;3;3;3;3;94;94,0;94;94;94;94;94,0;94;94;94,0;94;94,0;1,000000000000000;1,000000000000000;1,000000000000000;1,000000000000000;1,000000000000000;1,000000000000000;1,000000000000000;1,000000000000000;1,000000000000000;1,000000000000000;1,000000000000000
2022-09-05;60+;16;16,0;16;16;16;16;16;16;16;16;16;16;228;228,0;228;228;228;228;228,0;228;228;228,0;228;228,0;1,000000000000000;1,000000000000000;1,000000000000000;1,000000000000000;1,000000000000000;1,000000000000000;1,000000000000000;1,000000000000000;1,000000000000000;1,000000000000000;1,000000000000000
2022-09-05;alle;19;19,0;19;19;19;19;19;19;19;19;19;19;322;322,0;322;322;322;322;322,0;322;322;322,0;322;322,0;NA;NA;NA;NA;NA;NA;NA;NA;NA;NA;NA
2022-09-04;0-60;2;2,0;2;2;2;2;2;2;2;2;2;2;92;92,0;92;92;92;92;92,0;92;92;92,0;92;92,0;1,000000000000000;1,000000000000000;1,000000000000000;1,000000000000000;1,000000000000000;1,000000000000000;1,000000000000000;1,000000000000000;1,000000000000000;1,000000000000000;1,000000000000000
2022-09-04;60+;11;11,0;11;11;11;11;11;11;11;11;11;11;225;225,0;225;225;225;225;225,0;225;225;225,0;225;225,0;1,000000000000000;1,000000000000000;1,000000000000000;1,000000000000000;1,000000000000000;1,000000000000000;1,000000000000000;1,000000000000000;1,000000000000000;1,000000000000000;1,000000000000000
2022-09-04;alle;13;13,0;13;13;13;13;13;13;13;13;13;13;317;317,0;317;317;317;317;317,0;317;317;317,0;317;317,0;NA;NA;NA;NA;NA;NA;NA;NA;NA;NA;NA
2022-09-03;0-60;9;9,0;9;9;9;9;9;9;9;9;9;9;93;93,0;93;93;93;93;93,0;93;93;93,0;93;93,0;1,000000000000000;1,000000000000000;1,000000000000000;1,000000000000000;1,000000000000000;1,000000000000000;1,000000000000000;1,000000000000000;1,000000000000000;1,000000000000000;1,000000000000000
2022-09-03;60+;28;28,0;28;28;28;28;28;28;28;28;28;28;229;229,0;229;229;229;229;229,0;229;229;229,0;229;229,0;1,000000000000000;1,000000000000000;1,000000000000000;1,000000000000000;1,000000000000000;1,000000000000000;1,000000000000000;1,000000000000000;1,000000000000000;1,000000000000000;1,000000000000000
2022-09-03;alle;37;37,0;37;37;37;37;37;37;37;37;37;37;322;322,0;322;322;322;322;322,0;322;322;322,0;322;322,0;NA;NA;NA;NA;NA;NA;NA;NA;NA;NA;NA
2022-09-02;0-60;17;17,0;17;17;17;17;17;17;17;17;17;17;100;100,0;100;100;100;100;100,0;100;100;100,0;100;100,0;1,000000000000000;1,000000000000000;1,000000000000000;1,000000000000000;1,000000000000000;1,000000000000000;1,000000000000000;1,000000000000000;1,000000000000000;1,000000000000000;1,000000000000000
2022-09-02;60+;36;36,0;36;36;36;36;36;36;36;36;36;36;233;233,0;233;233;233;233;233,0;233;233;233,0;233;233,0;1,000000000000000;1,000000000000000;1,000000000000000;1,000000000000000;1,000000000000000;1,000000000000000;1,000000000000000;1,000000000000000;1,000000000000000;1,000000000000000;1,000000000000000
2022-09-02;alle;53;53,0;53;53;53;53;53;53;53;53;53;53;333;333,0;333;333;333;333;333,0;333;333;333,0;333;333,0;NA;NA;NA;NA;NA;NA;NA;NA;NA;NA;NA
2022-09-01;0-60;15;15,0;15;15;15;15;15;15;15;15;15;15;99;99,0;99;99;99;99;99,0;99;99;99,0;99;99,0;1,000000000000000;1,000000000000000;1,000000000000000;1,000000000000000;1,000000000000000;1,000000000000000;1,000000000000000;1,000000000000000;1,000000000000000;1,000000000000000;1,000000000000000
2022-09-01;60+;40;40,0;40;40;40;40;40;40;40;40;40;40;244;244,0;244;244;244;244;244,0;244;244;244,0;244;244,0;1,000000000000000;1,000000000000000;1,000000000000000;1,000000000000000;1,000000000000000;1,000000000000000;1,000000000000000;1,000000000000000;1,000000000000000;1,000000000000000;1,000000000000000
2022-09-01;alle;55;55,0;55;55;55;55;55;55;55;55;55;55;343;343,0;343;343;343;343;343,0;343;343;343,0;343;343,0;NA;NA;NA;NA;NA;NA;NA;NA;NA;NA;NA
2022-08-31;0-60;22;22,0;22;22;22;22;22;22;22;22;22;22;105;105,0;105;105;105;105;105,0;105;105;105,0;105;105,0;1,000000000000000;1,000000000000000;1,000000000000000;1,000000000000000;1,000000000000000;1,000000000000000;1,000000000000000;1,000000000000000;1,000000000000000;1,000000000000000;1,000000000000000
2022-08-31;60+;38;38,0;38;38;38;38;38;38;38;38;38;38;266;266,0;266;266;266;266;266,0;266;266;266,0;266;266,0;1,000000000000000;1,000000000000000;1,000000000000000;1,000000000000000;1,000000000000000;1,000000000000000;1,000000000000000;1,000000000000000;1,000000000000000;1,000000000000000;1,000000000000000
2022-08-31;alle;60;60,0;60;60;60;60;60;60;60;60;60;60;371;371,0;371;371;371;371;371,0;371;371;371,0;371;371,0;NA;NA;NA;NA;NA;NA;NA;NA;NA;NA;NA
2022-08-30;0-60;26;26,0;26;26;26;26;26;26;26;26;26;26;106;106,0;106;106;106;106;106,0;106;106;106,0;106;106,0;1,000000000000000;1,000000000000000;1,000000000000000;1,000000000000000;1,000000000000000;1,000000000000000;1,000000000000000;1,000000000000000;1,000000000000000;1,000000000000000;1,000000000000000
2022-08-30;60+;59;59,0;59;59;59;59;59;59;59;59;59;59;285;285,0;285;285;285;285;285,0;285;285;285,0;285;285,0;1,000000000000000;1,000000000000000;1,000000000000000;1,000000000000000;1,000000000000000;1,000000000000000;1,000000000000000;1,000000000000000;1,000000000000000;1,000000000000000;1,000000000000000
2022-08-30;alle;85;85,0;85;85;85;85;85;85;85;85;85;85;391;391,0;391;391;391;391;391,0;391;391;391,0;391;391,0;NA;NA;NA;NA;NA;NA;NA;NA;NA;NA;NA
2022-08-29;0-60;1;1,0;1;1;1;1;1;1;1;1;1;1;103;103,0;103;103;103;103;103,0;103;103;103,0;103;103,0;1,000000000000000;1,000000000000000;1,000000000000000;1,000000000000000;1,000000000000000;1,000000000000000;1,000000000000000;1,000000000000000;1,000000000000000;1,000000000000000;1,000000000000000
2022-08-29;60+;13;13,0;13;13;13;13;13;13;13;13;13;13;316;316,0;316;316;316;316;316,0;316;316;316,0;316;316,0;1,000000000000000;1,000000000000000;1,000000000000000;1,000000000000000;1,000000000000000;1,000000000000000;1,000000000000000;1,000000000000000;1,000000000000000;1,000000000000000;1,000000000000000
2022-08-29;alle;14;14,0;14;14;14;14;14;14;14;14;14;14;419;419,0;419;419;419;419;419,0;419;419;419,0;419;419,0;NA;NA;NA;NA;NA;NA;NA;NA;NA;NA;NA
2022-08-28;0-60;3;3,0;3;3;3;3;3;3;3;3;3;3;107;107,0;107;107;107;107;107,0;107;107;107,0;107;107,0;1,000000000000000;1,000000000000000;1,000000000000000;1,000000000000000;1,000000000000000;1,000000000000000;1,000000000000000;1,000000000000000;1,000000000000000;1,000000000000000;1,000000000000000
2022-08-28;60+;15;15,0;15;15;15;15;15;15;15;15;15;15;313;313,0;313;313;313;313;313,0;313;313;313,0;313;313,0;1,000000000000000;1,000000000000000;1,000000000000000;1,000000000000000;1,000000000000000;1,000000000000000;1,000000000000000;1,000000000000000;1,000000000000000;1,000000000000000;1,000000000000000
2022-08-28;alle;18;18,0;18;18;18;18;18;18;18;18;18;18;420;420,0;420;420;420;420;420,0;420;420;420,0;420;420,0;NA;NA;NA;NA;NA;NA;NA;NA;NA;NA;NA
2022-08-27;0-60;16;16,0;16;16;16;16;16;16;16;16;16;16;111;111,0;111;111;111;111;111,0;111;111;111,0;111;111,0;1,000000000000000;1,000000000000000;1,000000000000000;1,000000000000000;1,000000000000000;1,000000000000000;1,000000000000000;1,000000000000000;1,000000000000000;1,000000000000000;1,000000000000000
2022-08-27;60+;32;32,0;32;32;32;32;32;32;32;32;32;32;312;312,0;312;312;312;312;312,0;312;312;312,0;312;312,0;1,000000000000000;1,000000000000000;1,000000000000000;1,000000000000000;1,000000000000000;1,000000000000000;1,000000000000000;1,000000000000000;1,000000000000000;1,000000000000000;1,000000000000000
2022-08-27;alle;48;48,0;48;48;48;48;48;48;48;48;48;48;423;423,0;423;423;423;423;423,0;423;423;423,0;423;423,0;NA;NA;NA;NA;NA;NA;NA;NA;NA;NA;NA
2022-08-26;0-60;16;16,0;16;16;16;16;16;16;16;16;16;16;108;108,0;108;108;108;108;108,0;108;108;108,0;108;108,0;1,000000000000000;1,000000000000000;1,000000000000000;1,000000000000000;1,000000000000000;1,000000000000000;1,000000000000000;1,000000000000000;1,000000000000000;1,000000000000000;1,000000000000000
2022-08-26;60+;47;47,0;47;47;47;47;47;47;47;47;47;47;328;328,0;328;328;328;328;328,0;328;328;328,0;328;328,0;1,000000000000000;1,000000000000000;1,000000000000000;1,000000000000000;1,000000000000000;1,000000000000000;1,000000000000000;1,000000000000000;1,000000000000000;1,000000000000000;1,000000000000000
2022-08-26;alle;63;63,0;63;63;63;63;63;63;63;63;63;63;436;436,0;436;436;436;436;436,0;436;436;436,0;436;436,0;NA;NA;NA;NA;NA;NA;NA;NA;NA;NA;NA
2022-08-25;0-60;21;21,0;21;21;21;21;21;21;21;21;21;21;112;112,0;112;112;112;112;112,0;112;112;112,0;112;112,0;1,000000000000000;1,000000000000000;1,000000000000000;1,000000000000000;1,000000000000000;1,000000000000000;1,000000000000000;1,000000000000000;1,000000000000000;1,000000000000000;1,000000000000000
2022-08-25;60+;62;62,0;62;62;62;62;62;62;62;62;62;62;334;334,0;334;334;334;334;334,0;334;334;334,0;334;334,0;1,000000000000000;1,000000000000000;1,000000000000000;1,000000000000000;1,000000000000000;1,000000000000000;1,000000000000000;1,000000000000000;1,000000000000000;1,000000000000000;1,000000000000000
2022-08-25;alle;83;83,0;83;83;83;83;83;83;83;83;83;83;446;446,0;446;446;446;446;446,0;446;446;446,0;446;446,0;NA;NA;NA;NA;NA;NA;NA;NA;NA;NA;NA
2022-08-24;0-60;23;23,0;23;23;23;23;23;23;23;23;23;23;118;118,0;118;118;118;118;118,0;118;118;118,0;118;118,0;1,000000000000000;1,000000000000000;1,000000000000000;1,000000000000000;1,000000000000000;1,000000000000000;1,000000000000000;1,000000000000000;1,000000000000000;1,000000000000000;1,000000000000000
2022-08-24;60+;57;57,0;57;57;57;57;57;57;57;57;57;57;348;348,0;348;348;348;348;348,0;348;348;348,0;348;348,0;1,000000000000000;1,000000000000000;1,000000000000000;1,000000000000000;1,000000000000000;1,000000000000000;1,000000000000000;1,000000000000000;1,000000000000000;1,000000000000000;1,000000000000000
2022-08-24;alle;80;80,0;80;80;80;80;80;80;80;80;80;80;466;466,0;466;466;466;466;466,0;466;466;466,0;466;466,0;NA;NA;NA;NA;NA;NA;NA;NA;NA;NA;NA
2022-08-23;0-60;23;23,0;23;23;23;23;23;23;23;23;23;23;115;115,0;115;115;115;115;115,0;115;115;115,0;115;115,0;1,000000000000000;1,000000000000000;1,000000000000000;1,000000000000000;1,000000000000000;1,000000000000000;1,000000000000000;1,000000000000000;1,000000000000000;1,000000000000000;1,000000000000000
2022-08-23;60+;90;90,0;90;90;90;90;90;90;90;90;90;90;365;365,0;365;365;365;365;365,0;365;365;365,0;365;365,0;1,000000000000000;1,000000000000000;1,000000000000000;1,000000000000000;1,000000000000000;1,000000000000000;1,000000000000000;1,000000000000000;1,000000000000000;1,000000000000000;1,000000000000000
2022-08-23;alle;113;113,0;113;113;113;113;113;113;113;113;113;113;480;480,0;480;480;480;480;480,0;480;480;480,0;480;480,0;NA;NA;NA;NA;NA;NA;NA;NA;NA;NA;NA
2022-08-22;0-60;5;5,0;5;5;5;5;5;5;5;5;5;5;125;125,0;125;125;125;125;125,0;125;125;125,0;125;125,0;1,000000000000000;1,000000000000000;1,000000000000000;1,000000000000000;1,000000000000000;1,000000000000000;1,000000000000000;1,000000000000000;1,000000000000000;1,000000000000000;1,000000000000000
2022-08-22;60+;10;10,0;10;10;10;10;10;10;10;10;10;10;387;387,0;387;387;387;387;387,0;387;387;387,0;387;387,0;1,000000000000000;1,000000000000000;1,000000000000000;1,000000000000000;1,000000000000000;1,000000000000000;1,000000000000000;1,000000000000000;1,000000000000000;1,000000000000000;1,000000000000000
2022-08-22;alle;15;15,0;15;15;15;15;15;15;15;15;15;15;512;512,0;512;512;512;512;512,0;512;512;512,0;512;512,0;NA;NA;NA;NA;NA;NA;NA;NA;NA;NA;NA
2022-08-21;0-60;7;7,0;7;7;7;7;7;7;7;7;7;7;126;126,0;126;126;126;126;126,0;126;126;126,0;126;126,0;1,000000000000000;1,000000000000000;1,000000000000000;1,000000000000000;1,000000000000000;1,000000000000000;1,000000000000000;1,000000000000000;1,000000000000000;1,000000000000000;1,000000000000000
2022-08-21;60+;14;14,0;14;14;14;14;14;14;14;14;14;14;396;396,0;396;396;396;396;396,0;396;396;396,0;396;396,0;1,000000000000000;1,000000000000000;1,000000000000000;1,000000000000000;1,000000000000000;1,000000000000000;1,000000000000000;1,000000000000000;1,000000000000000;1,000000000000000;1,000000000000000
2022-08-21;alle;21;21,0;21;21;21;21;21;21;21;21;21;21;522;522,0;522;522;522;522;522,0;522;522;522,0;522;522,0;NA;NA;NA;NA;NA;NA;NA;NA;NA;NA;NA
2022-08-20;0-60;13;13,0;13;13;13;13;13;13;13;13;13;13;123;123,0;123;123;123;123;123,0;123;123;123,0;123;123,0;1,000000000000000;1,000000000000000;1,000000000000000;1,000000000000000;1,000000000000000;1,000000000000000;1,000000000000000;1,000000000000000;1,000000000000000;1,000000000000000;1,000000000000000
2022-08-20;60+;48;48,0;48;48;48;48;48;48;48;48;48;48;400;400,0;400;400;400;400;400,0;400;400;400,0;400;400,0;1,000000000000000;1,000000000000000;1,000000000000000;1,000000000000000;1,000000000000000;1,000000000000000;1,000000000000000;1,000000000000000;1,000000000000000;1,000000000000000;1,000000000000000
2022-08-20;alle;61;61,0;61;61;61;61;61;61;61;61;61;61;523;523,0;523;523;523;523;523,0;523;523;523,0;523;523,0;NA;NA;NA;NA;NA;NA;NA;NA;NA;NA;NA
2022-08-19;0-60;20;20,0;20;20;20;20;20;20;20;20;20;20;119;119,0;119;119;119;119;119,0;119;119;119,0;119;119,0;1,000000000000000;1,000000000000000;1,000000000000000;1,000000000000000;1,000000000000000;1,000000000000000;1,000000000000000;1,000000000000000;1,000000000000000;1,000000000000000;1,000000000000000
2022-08-19;60+;53;53,0;53;53;53;53;53;53;53;53;53;53;410;410,0;410;410;410;410;410,0;410;410;410,0;410;410,0;1,000000000000000;1,000000000000000;1,000000000000000;1,000000000000000;1,000000000000000;1,000000000000000;1,000000000000000;1,000000000000000;1,000000000000000;1,000000000000000;1,000000000000000
2022-08-19;alle;73;73,0;73;73;73;73;73;73;73;73;73;73;529;529,0;529;529;529;529;529,0;529;529;529,0;529;529,0;NA;NA;NA;NA;NA;NA;NA;NA;NA;NA;NA
2022-08-18;0-60;27;27,0;27;27;27;27;27;27;27;27;27;27;123;123,0;123;123;123;123;123,0;123;123;123,0;123;123,0;1,000000000000000;1,000000000000000;1,000000000000000;1,000000000000000;1,000000000000000;1,000000000000000;1,000000000000000;1,000000000000000;1,000000000000000;1,000000000000000;1,000000000000000
2022-08-18;60+;76;76,0;76;76;76;76;76;76;76;76;76;76;423;423,0;423;423;423;423;423,0;423;423;423,0;423;423,0;1,000000000000000;1,000000000000000;1,000000000000000;1,000000000000000;1,000000000000000;1,000000000000000;1,000000000000000;1,000000000000000;1,000000000000000;1,000000000000000;1,000000000000000
2022-08-18;alle;103;103,0;103;103;103;103;103;103;103;103;103;103;546;546,0;546;546;546;546;546,0;546;546;546,0;546;546,0;NA;NA;NA;NA;NA;NA;NA;NA;NA;NA;NA
2022-08-17;0-60;20;20,0;20;20;20;20;20;20;20;20;20;20;116;116,0;116;116;116;116;116,0;116;116;116,0;116;116,0;1,000000000000000;1,000000000000000;1,000000000000000;1,000000000000000;1,000000000000000;1,000000000000000;1,000000000000000;1,000000000000000;1,000000000000000;1,000000000000000;1,000000000000000
2022-08-17;60+;74;74,0;74;74;74;74;74;74;74;74;74;74;428;428,0;428;428;428;428;428,0;428;428;428,0;428;428,0;1,000000000000000;1,000000000000000;1,000000000000000;1,000000000000000;1,000000000000000;1,000000000000000;1,000000000000000;1,000000000000000;1,000000000000000;1,000000000000000;1,000000000000000
2022-08-17;alle;94;94,0;94;94;94;94;94;94;94;94;94;94;544;544,0;544;544;544;544;544,0;544;544;544,0;544;544,0;NA;NA;NA;NA;NA;NA;NA;NA;NA;NA;NA
2022-08-16;0-60;33;33,0;33;33;33;33;33;33;33;33;33;33;117;117,0;117;117;117;117;117,0;117;117;117,0;117;117,0;1,000000000000000;1,000000000000000;1,000000000000000;1,000000000000000;1,000000000000000;1,000000000000000;1,000000000000000;1,000000000000000;1,000000000000000;1,000000000000000;1,000000000000000
2022-08-16;60+;112;112,0;112;112;112;112;112;112;112;112;112;112;457;457,0;457;457;457;457;457,0;457;457;457,0;457;457,0;1,000000000000000;1,000000000000000;1,000000000000000;1,000000000000000;1,000000000000000;1,000000000000000;1,000000000000000;1,000000000000000;1,000000000000000;1,000000000000000;1,000000000000000
2022-08-16;alle;145;145,0;145;145;145;145;145;145;145;145;145;145;574;574,0;574;574;574;574;574,0;574;574;574,0;574;574,0;NA;NA;NA;NA;NA;NA;NA;NA;NA;NA;NA
2022-08-15;0-60;6;6,0;6;6;6;6;6;6;6;6;6;6;116;116,0;116;116;116;116;116,0;116;116;116,0;116;116,0;1,000000000000000;1,000000000000000;1,000000000000000;1,000000000000000;1,000000000000000;1,000000000000000;1,000000000000000;1,000000000000000;1,000000000000000;1,000000000000000;1,000000000000000
2022-08-15;60+;19;19,0;19;19;19;19;19;19;19;19;19;19;491;491,0;491;491;491;491;491,0;491;491;491,0;491;491,0;1,000000000000000;1,000000000000000;1,000000000000000;1,000000000000000;1,000000000000000;1,000000000000000;1,000000000000000;1,000000000000000;1,000000000000000;1,000000000000000;1,000000000000000
2022-08-15;alle;25;25,0;25;25;25;25;25;25;25;25;25;25;607;607,0;607;607;607;607;607,0;607;607;607,0;607;607,0;NA;NA;NA;NA;NA;NA;NA;NA;NA;NA;NA
2022-08-14;0-60;4;4,0;4;4;4;4;4;4;4;4;4;4;113;113,0;113;113;113;113;113,0;113;113;113,0;113;113,0;1,000000000000000;1,000000000000000;1,000000000000000;1,000000000000000;1,000000000000000;1,000000000000000;1,000000000000000;1,000000000000000;1,000000000000000;1,000000000000000;1,000000000000000
2022-08-14;60+;18;18,0;18;18;18;18;18;18;18;18;18;18;488;488,0;488;488;488;488;488,0;488;488;488,0;488;488,0;1,000000000000000;1,000000000000000;1,000000000000000;1,000000000000000;1,000000000000000;1,000000000000000;1,000000000000000;1,000000000000000;1,000000000000000;1,000000000000000;1,000000000000000
2022-08-14;alle;22;22,0;22;22;22;22;22;22;22;22;22;22;601;601,0;601;601;601;601;601,0;601;601;601,0;601;601,0;NA;NA;NA;NA;NA;NA;NA;NA;NA;NA;NA
2022-08-13;0-60;9;9,0;9;9;9;9;9;9;9;9;9;9;114;114,0;114;114;114;114;114,0;114;114;114,0;114;114,0;1,000000000000000;1,000000000000000;1,000000000000000;1,000000000000000;1,000000000000000;1,000000000000000;1,000000000000000;1,000000000000000;1,000000000000000;1,000000000000000;1,000000000000000
2022-08-13;60+;58;58,0;58;58;58;58;58;58;58;58;58;58;490;490,0;490;490;490;490;490,0;490;490;490,0;490;490,0;1,000000000000000;1,000000000000000;1,000000000000000;1,000000000000000;1,000000000000000;1,000000000000000;1,000000000000000;1,000000000000000;1,000000000000000;1,000000000000000;1,000000000000000
2022-08-13;alle;67;67,0;67;67;67;67;67;67;67;67;67;67;604;604,0;604;604;604;604;604,0;604;604;604,0;604;604,0;NA;NA;NA;NA;NA;NA;NA;NA;NA;NA;NA
2022-08-12;0-60;24;24,0;24;24;24;24;24;24;24;24;24;24;135;135,0;135;135;135;135;135,0;135;135;135,0;135;135,0;1,000000000000000;1,000000000000000;1,000000000000000;1,000000000000000;1,000000000000000;1,000000000000000;1,000000000000000;1,000000000000000;1,000000000000000;1,000000000000000;1,000000000000000
2022-08-12;60+;66;66,0;66;66;66;66;66;66;66;66;66;66;516;516,0;516;516;516;516;516,0;516;516;516,0;516;516,0;1,000000000000000;1,000000000000000;1,000000000000000;1,000000000000000;1,000000000000000;1,000000000000000;1,000000000000000;1,000000000000000;1,000000000000000;1,000000000000000;1,000000000000000
2022-08-12;alle;90;90,0;90;90;90;90;90;90;90;90;90;90;651;651,0;651;651;651;651;651,0;651;651;651,0;651;651,0;NA;NA;NA;NA;NA;NA;NA;NA;NA;NA;NA
2022-08-11;0-60;20;20,0;20;20;20;20;20;20;20;20;20;20;141;141,0;141;141;141;141;141,0;141;141;141,0;141;141,0;1,000000000000000;1,000000000000000;1,000000000000000;1,000000000000000;1,000000000000000;1,000000000000000;1,000000000000000;1,000000000000000;1,000000000000000;1,000000000000000;1,000000000000000
2022-08-11;60+;81;81,0;81;81;81;81;81;81;81;81;81;81;531;531,0;531;531;531;531;531,0;531;531;531,0;531;531,0;1,000000000000000;1,000000000000000;1,000000000000000;1,000000000000000;1,000000000000000;1,000000000000000;1,000000000000000;1,000000000000000;1,000000000000000;1,000000000000000;1,000000000000000
2022-08-11;alle;101;101,0;101;101;101;101;101;101;101;101;101;101;672;672,0;672;672;672;672;672,0;672;672;672,0;672;672,0;NA;NA;NA;NA;NA;NA;NA;NA;NA;NA;NA
2022-08-10;0-60;21;21,0;21;21;21;21;21;21;21;21;21;21;150;150,0;150;150;150;150;150,0;150;150;150,0;150;150,0;1,000000000000000;1,000000000000000;1,000000000000000;1,000000000000000;1,000000000000000;1,000000000000000;1,000000000000000;1,000000000000000;1,000000000000000;1,000000000000000;1,000000000000000
2022-08-10;60+;103;103,0;103;103;103;103;103;103;103;103;103;103;551;551,0;551;551;551;551;551,0;551;551;551,0;551;551,0;1,000000000000000;1,000000000000000;1,000000000000000;1,000000000000000;1,000000000000000;1,000000000000000;1,000000000000000;1,000000000000000;1,000000000000000;1,000000000000000;1,000000000000000
2022-08-10;alle;124;124,0;124;124;124;124;124;124;124;124;124;124;701;701,0;701;701;701;701;701,0;701;701;701,0;701;701,0;NA;NA;NA;NA;NA;NA;NA;NA;NA;NA;NA
2022-08-09;0-60;32;32,0;32;32;32;32;32;32;32;32;32;32;165;165,0;165;165;165;165;165,0;165;165;165,0;165;165,0;1,000000000000000;1,000000000000000;1,000000000000000;1,000000000000000;1,000000000000000;1,000000000000000;1,000000000000000;1,000000000000000;1,000000000000000;1,000000000000000;1,000000000000000
2022-08-09;60+;146;146,0;146;146;146;146;146;146;146;146;146;146;548;548,0;548;548;548;548;548,0;548;548;548,0;548;548,0;1,000000000000000;1,000000000000000;1,000000000000000;1,000000000000000;1,000000000000000;1,000000000000000;1,000000000000000;1,000000000000000;1,000000000000000;1,000000000000000;1,000000000000000
2022-08-09;alle;178;178,0;178;178;178;178;178;178;178;178;178;178;713;713,0;713;713;713;713;713,0;713;713;713,0;713;713,0;NA;NA;NA;NA;NA;NA;NA;NA;NA;NA;NA
2022-08-08;0-60;3;3,0;3;3;3;3;3;3;3;3;3;3;174;174,0;174;174;174;174;174,0;174;174;174,0;174;174,0;1,000000000000000;1,000000000000000;1,000000000000000;1,000000000000000;1,000000000000000;1,000000000000000;1,000000000000000;1,000000000000000;1,000000000000000;1,000000000000000;1,000000000000000
2022-08-08;60+;16;16,0;16;16;16;16;16;16;16;16;16;16;543;543,0;543;543;543;543;543,0;543;543;543,0;543;543,0;1,000000000000000;1,000000000000000;1,000000000000000;1,000000000000000;1,000000000000000;1,000000000000000;1,000000000000000;1,000000000000000;1,000000000000000;1,000000000000000;1,000000000000000
2022-08-08;alle;19;19,0;19;19;19;19;19;19;19;19;19;19;717;717,0;717;717;717;717;717,0;717;717;717,0;717;717,0;NA;NA;NA;NA;NA;NA;NA;NA;NA;NA;NA
2022-08-07;0-60;5;5,0;5;5;5;5;5;5;5;5;5;5;183;183,0;183;183;183;183;183,0;183;183;183,0;183;183,0;1,000000000000000;1,000000000000000;1,000000000000000;1,000000000000000;1,000000000000000;1,000000000000000;1,000000000000000;1,000000000000000;1,000000000000000;1,000000000000000;1,000000000000000
2022-08-07;60+;20;20,0;20;20;20;20;20;20;20;20;20;20;546;546,0;546;546;546;546;546,0;546;546;546,0;546;546,0;1,000000000000000;1,000000000000000;1,000000000000000;1,000000000000000;1,000000000000000;1,000000000000000;1,000000000000000;1,000000000000000;1,000000000000000;1,000000000000000;1,000000000000000
2022-08-07;alle;25;25,0;25;25;25;25;25;25;25;25;25;25;729;729,0;729;729;729;729;729,0;729;729;729,0;729;729,0;NA;NA;NA;NA;NA;NA;NA;NA;NA;NA;NA
2022-08-06;0-60;30;30,0;30;30;30;30;30;30;30;30;30;30;188;188,0;188;188;188;188;188,0;188;188;188,0;188;188,0;1,000000000000000;1,000000000000000;1,000000000000000;1,000000000000000;1,000000000000000;1,000000000000000;1,000000000000000;1,000000000000000;1,000000000000000;1,000000000000000;1,000000000000000
2022-08-06;60+;84;84,0;84;84;84;84;84;84;84;84;84;84;553;553,0;553;553;553;553;553,0;553;553;553,0;553;553,0;1,000000000000000;1,000000000000000;1,000000000000000;1,000000000000000;1,000000000000000;1,000000000000000;1,000000000000000;1,000000000000000;1,000000000000000;1,000000000000000;1,000000000000000
2022-08-06;alle;114;114,0;114;114;114;114;114;114;114;114;114;114;741;741,0;741;741;741;741;741,0;741;741;741,0;741;741,0;NA;NA;NA;NA;NA;NA;NA;NA;NA;NA;NA
2022-08-05;0-60;30;30,0;30;30;30;30;30;30;30;30;30;30;186;186,0;186;186;186;186;186,0;186;186;186,0;186;186,0;1,000000000000000;1,000000000000000;1,000000000000000;1,000000000000000;1,000000000000000;1,000000000000000;1,000000000000000;1,000000000000000;1,000000000000000;1,000000000000000;1,000000000000000
2022-08-05;60+;81;81,0;81;81;81;81;81;81;81;81;81;81;576;576,0;576;576;576;576;576,0;576;576;576,0;576;576,0;1,000000000000000;1,000000000000000;1,000000000000000;1,000000000000000;1,000000000000000;1,000000000000000;1,000000000000000;1,000000000000000;1,000000000000000;1,000000000000000;1,000000000000000
2022-08-05;alle;111;111,0;111;111;111;111;111;111;111;111;111;111;762;762,0;762;762;762;762;762,0;762;762;762,0;762;762,0;NA;NA;NA;NA;NA;NA;NA;NA;NA;NA;NA
2022-08-04;0-60;29;29,0;29;29;29;29;29;29;29;29;29;29;199;199,0;199;199;199;199;199,0;199;199;199,0;199;199,0;1,000000000000000;1,000000000000000;1,000000000000000;1,000000000000000;1,000000000000000;1,000000000000000;1,000000000000000;1,000000000000000;1,000000000000000;1,000000000000000;1,000000000000000
2022-08-04;60+;101;101,0;101;101;101;101;101;101;101;101;101;101;607;607,0;607;607;607;607;607,0;607;607;607,0;607;607,0;1,000000000000000;1,000000000000000;1,000000000000000;1,000000000000000;1,000000000000000;1,000000000000000;1,000000000000000;1,000000000000000;1,000000000000000;1,000000000000000;1,000000000000000
2022-08-04;alle;130;130,0;130;130;130;130;130;130;130;130;130;130;806;806,0;806;806;806;806;806,0;806;806;806,0;806;806,0;NA;NA;NA;NA;NA;NA;NA;NA;NA;NA;NA
2022-08-03;0-60;36;36,0;36;36;36;36;36;36;36;36;36;36;219;219,0;219;219;219;219;219,0;219;219;219,0;219;219,0;1,000000000000000;1,000000000000000;1,000000000000000;1,000000000000000;1,000000000000000;1,000000000000000;1,000000000000000;1,000000000000000;1,000000000000000;1,000000000000000;1,000000000000000
2022-08-03;60+;100;100,0;100;100;100;100;100;100;100;100;100;100;636;636,0;636;636;636;636;636,0;636;636;636,0;636;636,0;1,000000000000000;1,000000000000000;1,000000000000000;1,000000000000000;1,000000000000000;1,000000000000000;1,000000000000000;1,000000000000000;1,000000000000000;1,000000000000000;1,000000000000000
2022-08-03;alle;136;136,0;136;136;136;136;136;136;136;136;136;136;855;855,0;855;855;855;855;855,0;855;855;855,0;855;855,0;NA;NA;NA;NA;NA;NA;NA;NA;NA;NA;NA
2022-08-02;0-60;41;41,0;41;41;41;41;41;41;41;41;41;41;223;223,0;223;223;223;223;223,0;223;223;223,0;223;223,0;1,000000000000000;1,000000000000000;1,000000000000000;1,000000000000000;1,000000000000000;1,000000000000000;1,000000000000000;1,000000000000000;1,000000000000000;1,000000000000000;1,000000000000000
2022-08-02;60+;141;141,0;141;141;141;141;141;141;141;141;141;141;659;659,0;659;659;659;659;659,0;659;659;659,0;659;659,0;1,000000000000000;1,000000000000000;1,000000000000000;1,000000000000000;1,000000000000000;1,000000000000000;1,000000000000000;1,000000000000000;1,000000000000000;1,000000000000000;1,000000000000000
2022-08-02;alle;182;182,0;182;182;182;182;182;182;182;182;182;182;882;882,0;882;882;882;882;882,0;882;882;882,0;882;882,0;NA;NA;NA;NA;NA;NA;NA;NA;NA;NA;NA
2022-08-01;0-60;12;12,0;12;12;12;12;12;12;12;12;12;12;243;243,0;243;243;243;243;243,0;243;243;243,0;243;243,0;1,000000000000000;1,000000000000000;1,000000000000000;1,000000000000000;1,000000000000000;1,000000000000000;1,000000000000000;1,000000000000000;1,000000000000000;1,000000000000000;1,000000000000000
2022-08-01;60+;19;19,0;19;19;19;19;19;19;19;19;19;19;758;758,0;758;758;758;758;758,0;758;758;758,0;758;758,0;1,000000000000000;1,000000000000000;1,000000000000000;1,000000000000000;1,000000000000000;1,000000000000000;1,000000000000000;1,000000000000000;1,000000000000000;1,000000000000000;1,000000000000000
2022-08-01;alle;31;31,0;31;31;31;31;31;31;31;31;31;31;1001;1001,0;1001;1001;1001;1001;1001,0;1001;1001;1001,0;1001;1001,0;NA;NA;NA;NA;NA;NA;NA;NA;NA;NA;NA
2022-07-31;0-60;10;10,0;10;10;10;10;10;10;10;10;10;10;239;239,0;239;239;239;239;239,0;239;239;239,0;239;239,0;1,000000000000000;1,000000000000000;1,000000000000000;1,000000000000000;1,000000000000000;1,000000000000000;1,000000000000000;1,000000000000000;1,000000000000000;1,000000000000000;1,000000000000000
2022-07-31;60+;27;27,0;27;27;27;27;27;27;27;27;27;27;771;771,0;771;771;771;771;771,0;771;771;771,0;771;771,0;1,000000000000000;1,000000000000000;1,000000000000000;1,000000000000000;1,000000000000000;1,000000000000000;1,000000000000000;1,000000000000000;1,000000000000000;1,000000000000000;1,000000000000000
2022-07-31;alle;37;37,0;37;37;37;37;37;37;37;37;37;37;1010;1010,0;1010;1010;1010;1010;1010,0;1010;1010;1010,0;1010;1010,0;NA;NA;NA;NA;NA;NA;NA;NA;NA;NA;NA
2022-07-30;0-60;28;28,0;28;28;28;28;28;28;28;28;28;28;236;236,0;236;236;236;236;236,0;236;236;236,0;236;236,0;1,000000000000000;1,000000000000000;1,000000000000000;1,000000000000000;1,000000000000000;1,000000000000000;1,000000000000000;1,000000000000000;1,000000000000000;1,000000000000000;1,000000000000000
2022-07-30;60+;107;107,0;107;107;107;107;107;107;107;107;107;107;772;772,0;772;772;772;772;772,0;772;772;772,0;772;772,0;1,000000000000000;1,000000000000000;1,000000000000000;1,000000000000000;1,000000000000000;1,000000000000000;1,000000000000000;1,000000000000000;1,000000000000000;1,000000000000000;1,000000000000000
2022-07-30;alle;135;135,0;135;135;135;135;135;135;135;135;135;135;1008;1008,0;1008;1008;1008;1008;1008,0;1008;1008;1008,0;1008;1008,0;NA;NA;NA;NA;NA;NA;NA;NA;NA;NA;NA
2022-07-29;0-60;43;43,0;43;43;43;43;43;43;43;43;43;43;250;250,0;250;250;250;250;250,0;250;250;250,0;250;250,0;1,000000000000000;1,000000000000000;1,000000000000000;1,000000000000000;1,000000000000000;1,000000000000000;1,000000000000000;1,000000000000000;1,000000000000000;1,000000000000000;1,000000000000000
2022-07-29;60+;112;112,0;112;112;112;112;112;112;112;112;112;112;795;795,0;795;795;795;795;795,0;795;795;795,0;795;795,0;1,000000000000000;1,000000000000000;1,000000000000000;1,000000000000000;1,000000000000000;1,000000000000000;1,000000000000000;1,000000000000000;1,000000000000000;1,000000000000000;1,000000000000000
2022-07-29;alle;155;155,0;155;155;155;155;155;155;155;155;155;155;1045;1045,0;1045;1045;1045;1045;1045,0;1045;1045;1045,0;1045;1045,0;NA;NA;NA;NA;NA;NA;NA;NA;NA;NA;NA
2022-07-28;0-60;49;49,0;49;49;49;49;49;49;49;49;49;49;262;262,0;262;262;262;262;262,0;262;262;262,0;262;262,0;1,000000000000000;1,000000000000000;1,000000000000000;1,000000000000000;1,000000000000000;1,000000000000000;1,000000000000000;1,000000000000000;1,000000000000000;1,000000000000000;1,000000000000000
2022-07-28;60+;130;130,0;130;130;130;130;130;130;130;130;130;130;829;829,0;829;829;829;829;829,0;829;829;829,0;829;829,0;1,000000000000000;1,000000000000000;1,000000000000000;1,000000000000000;1,000000000000000;1,000000000000000;1,000000000000000;1,000000000000000;1,000000000000000;1,000000000000000;1,000000000000000
2022-07-28;alle;179;179,0;179;179;179;179;179;179;179;179;179;179;1091;1091,0;1091;1091;1091;1091;1091,0;1091;1091;1091,0;1091;1091,0;NA;NA;NA;NA;NA;NA;NA;NA;NA;NA;NA
2022-07-27;0-60;40;40,0;40;40;40;40;40;40;40;40;40;40;270;270,0;270;270;270;270;270,0;270;270;270,0;270;270,0;1,000000000000000;1,000000000000000;1,000000000000000;1,000000000000000;1,000000000000000;1,000000000000000;1,000000000000000;1,000000000000000;1,000000000000000;1,000000000000000;1,000000000000000
2022-07-27;60+;123;123,0;123;123;123;123;123;123;123;123;123;123;866;866,0;866;866;866;866;866,0;866;866;866,0;866;866,0;1,000000000000000;1,000000000000000;1,000000000000000;1,000000000000000;1,000000000000000;1,000000000000000;1,000000000000000;1,000000000000000;1,000000000000000;1,000000000000000;1,000000000000000
2022-07-27;alle;163;163,0;163;163;163;163;163;163;163;163;163;163;1136;1136,0;1136;1136;1136;1136;1136,0;1136;1136;1136,0;1136;1136,0;NA;NA;NA;NA;NA;NA;NA;NA;NA;NA;NA
2022-07-26;0-60;61;61,0;61;61;61;61;61;61;61;61;61;61;272;272,0;272;272;272;272;272,0;272;272;272,0;272;272,0;1,000000000000000;1,000000000000000;1,000000000000000;1,000000000000000;1,000000000000000;1,000000000000000;1,000000000000000;1,000000000000000;1,000000000000000;1,000000000000000;1,000000000000000
2022-07-26;60+;240;240,0;240;240;240;240;240;240;240;240;240;240;870;870,0;870;870;870;870;870,0;870;870;870,0;870;870,0;1,000000000000000;1,000000000000000;1,000000000000000;1,000000000000000;1,000000000000000;1,000000000000000;1,000000000000000;1,000000000000000;1,000000000000000;1,000000000000000;1,000000000000000
2022-07-26;alle;301;301,0;301;301;301;301;301;301;301;301;301;301;1142;1142,0;1142;1142;1142;1142;1142,0;1142;1142;1142,0;1142;1142,0;NA;NA;NA;NA;NA;NA;NA;NA;NA;NA;NA
2022-07-25;0-60;8;8,0;8;8;8;8;8;8;8;8;8;8;286;286,0;286;286;286;286;286,0;286;286;286,0;286;286,0;1,000000000000000;1,000000000000000;1,000000000000000;1,000000000000000;1,000000000000000;1,000000000000000;1,000000000000000;1,000000000000000;1,000000000000000;1,000000000000000;1,000000000000000
2022-07-25;60+;32;32,0;32;32;32;32;32;32;32;32;32;32;839;839,0;839;839;839;839;839,0;839;839;839,0;839;839,0;1,000000000000000;1,000000000000000;1,000000000000000;1,000000000000000;1,000000000000000;1,000000000000000;1,000000000000000;1,000000000000000;1,000000000000000;1,000000000000000;1,000000000000000
2022-07-25;alle;40;40,0;40;40;40;40;40;40;40;40;40;40;1125;1125,0;1125;1125;1125;1125;1125,0;1125;1125;1125,0;1125;1125,0;NA;NA;NA;NA;NA;NA;NA;NA;NA;NA;NA
2022-07-24;0-60;7;7,0;7;7;7;7;7;7;7;7;7;7;291;291,0;291;291;291;291;291,0;291;291;291,0;291;291,0;1,000000000000000;1,000000000000000;1,000000000000000;1,000000000000000;1,000000000000000;1,000000000000000;1,000000000000000;1,000000000000000;1,000000000000000;1,000000000000000;1,000000000000000
2022-07-24;60+;28;28,0;28;28;28;28;28;28;28;28;28;28;835;835,0;835;835;835;835;835,0;835;835;835,0;835;835,0;1,000000000000000;1,000000000000000;1,000000000000000;1,000000000000000;1,000000000000000;1,000000000000000;1,000000000000000;1,000000000000000;1,000000000000000;1,000000000000000;1,000000000000000
2022-07-24;alle;35;35,0;35;35;35;35;35;35;35;35;35;35;1126;1126,0;1126;1126;1126;1126;1126,0;1126;1126;1126,0;1126;1126,0;NA;NA;NA;NA;NA;NA;NA;NA;NA;NA;NA
2022-07-23;0-60;42;42,0;42;42;42;42;42;42;42;42;42;42;298;298,0;298;298;298;298;298,0;298;298;298,0;298;298,0;1,000000000000000;1,000000000000000;1,000000000000000;1,000000000000000;1,000000000000000;1,000000000000000;1,000000000000000;1,000000000000000;1,000000000000000;1,000000000000000;1,000000000000000
2022-07-23;60+;130;130,0;130;130;130;130;130;130;130;130;130;130;849;849,0;849;849;849;849;849,0;849;849;849,0;849;849,0;1,000000000000000;1,000000000000000;1,000000000000000;1,000000000000000;1,000000000000000;1,000000000000000;1,000000000000000;1,000000000000000;1,000000000000000;1,000000000000000;1,000000000000000
2022-07-23;alle;172;172,0;172;172;172;172;172;172;172;172;172;172;1147;1147,0;1147;1147;1147;1147;1147,0;1147;1147;1147,0;1147;1147,0;NA;NA;NA;NA;NA;NA;NA;NA;NA;NA;NA
2022-07-22;0-60;55;55,0;55;55;55;55;55;55;55;55;55;55;313;313,0;313;313;313;313;313,0;313;313;313,0;313;313,0;1,000000000000000;1,000000000000000;1,000000000000000;1,000000000000000;1,000000000000000;1,000000000000000;1,000000000000000;1,000000000000000;1,000000000000000;1,000000000000000;1,000000000000000
2022-07-22;60+;146;146,0;146;146;146;146;146;146;146;146;146;146;870;870,0;870;870;870;870;870,0;870;870;870,0;870;870,0;1,000000000000000;1,000000000000000;1,000000000000000;1,000000000000000;1,000000000000000;1,000000000000000;1,000000000000000;1,000000000000000;1,000000000000000;1,000000000000000;1,000000000000000
2022-07-22;alle;201;201,0;201;201;201;201;201;201;201;201;201;201;1183;1183,0;1183;1183;1183;1183;1183,0;1183;1183;1183,0;1183;1183,0;NA;NA;NA;NA;NA;NA;NA;NA;NA;NA;NA
2022-07-21;0-60;57;57,0;57;57;57;57;57;57;57;57;57;57;315;315,0;315;315;315;315;315,0;315;315;315,0;315;315,0;1,000000000000000;1,000000000000000;1,000000000000000;1,000000000000000;1,000000000000000;1,000000000000000;1,000000000000000;1,000000000000000;1,000000000000000;1,000000000000000;1,000000000000000
2022-07-21;60+;167;167,0;167;167;167;167;167;167;167;167;167;167;868;868,0;868;868;868;868;868,0;868;868;868,0;868;868,0;1,000000000000000;1,000000000000000;1,000000000000000;1,000000000000000;1,000000000000000;1,000000000000000;1,000000000000000;1,000000000000000;1,000000000000000;1,000000000000000;1,000000000000000
2022-07-21;alle;224;224,0;224;224;224;224;224;224;224;224;224;224;1183;1183,0;1183;1183;1183;1183;1183,0;1183;1183;1183,0;1183;1183,0;NA;NA;NA;NA;NA;NA;NA;NA;NA;NA;NA
2022-07-20;0-60;42;42,0;42;42;42;42;42;42;42;42;42;42;313;313,0;313;313;313;313;313,0;313;313;313,0;313;313,0;1,000000000000000;1,000000000000000;1,000000000000000;1,000000000000000;1,000000000000000;1,000000000000000;1,000000000000000;1,000000000000000;1,000000000000000;1,000000000000000;1,000000000000000
2022-07-20;60+;127;127,0;127;127;127;127;127;127;127;127;127;127;825;825,0;825;825;825;825;825,0;825;825;825,0;825;825,0;1,000000000000000;1,000000000000000;1,000000000000000;1,000000000000000;1,000000000000000;1,000000000000000;1,000000000000000;1,000000000000000;1,000000000000000;1,000000000000000;1,000000000000000
2022-07-20;alle;169;169,0;169;169;169;169;169;169;169;169;169;169;1138;1138,0;1138;1138;1138;1138;1138,0;1138;1138;1138,0;1138;1138,0;NA;NA;NA;NA;NA;NA;NA;NA;NA;NA;NA
2022-07-19;0-60;75;75,0;75;75;75;75;75;75;75;75;75;75;341;341,0;341;341;341;341;341,0;341;341;341,0;341;341,0;1,000000000000000;1,000000000000000;1,000000000000000;1,000000000000000;1,000000000000000;1,000000000000000;1,000000000000000;1,000000000000000;1,000000000000000;1,000000000000000;1,000000000000000
2022-07-19;60+;209;209,0;209;209;209;209;209;209;209;209;209;209;821;821,0;821;821;821;821;821,0;821;821;821,0;821;821,0;1,000000000000000;1,000000000000000;1,000000000000000;1,000000000000000;1,000000000000000;1,000000000000000;1,000000000000000;1,000000000000000;1,000000000000000;1,000000000000000;1,000000000000000
2022-07-19;alle;284;284,0;284;284;284;284;284;284;284;284;284;284;1162;1162,0;1162;1162;1162;1162;1162,0;1162;1162;1162,0;1162;1162,0;NA;NA;NA;NA;NA;NA;NA;NA;NA;NA;NA
2022-07-18;0-60;13;13,0;13;13;13;13;13;13;13;13;13;13;346;346,0;346;346;346;346;346,0;346;346;346,0;346;346,0;1,000000000000000;1,000000000000000;1,000000000000000;1,000000000000000;1,000000000000000;1,000000000000000;1,000000000000000;1,000000000000000;1,000000000000000;1,000000000000000;1,000000000000000
2022-07-18;60+;28;28,0;28;28;28;28;28;28;28;28;28;28;791;791,0;791;791;791;791;791,0;791;791;791,0;791;791,0;1,000000000000000;1,000000000000000;1,000000000000000;1,000000000000000;1,000000000000000;1,000000000000000;1,000000000000000;1,000000000000000;1,000000000000000;1,000000000000000;1,000000000000000
2022-07-18;alle;41;41,0;41;41;41;41;41;41;41;41;41;41;1137;1137,0;1137;1137;1137;1137;1137,0;1137;1137;1137,0;1137;1137,0;NA;NA;NA;NA;NA;NA;NA;NA;NA;NA;NA
2022-07-17;0-60;14;14,0;14;14;14;14;14;14;14;14;14;14;352;352,0;352;352;352;352;352,0;352;352;352,0;352;352,0;1,000000000000000;1,000000000000000;1,000000000000000;1,000000000000000;1,000000000000000;1,000000000000000;1,000000000000000;1,000000000000000;1,000000000000000;1,000000000000000;1,000000000000000
2022-07-17;60+;42;42,0;42;42;42;42;42;42;42;42;42;42;796;796,0;796;796;796;796;796,0;796;796;796,0;796;796,0;1,000000000000000;1,000000000000000;1,000000000000000;1,000000000000000;1,000000000000000;1,000000000000000;1,000000000000000;1,000000000000000;1,000000000000000;1,000000000000000;1,000000000000000
2022-07-17;alle;56;56,0;56;56;56;56;56;56;56;56;56;56;1148;1148,0;1148;1148;1148;1148;1148,0;1148;1148;1148,0;1148;1148,0;NA;NA;NA;NA;NA;NA;NA;NA;NA;NA;NA
2022-07-16;0-60;57;57,0;57;57;57;57;57;57;57;57;57;57;345;345,0;345;345;345;345;345,0;345;345;345,0;345;345,0;1,000000000000000;1,000000000000000;1,000000000000000;1,000000000000000;1,000000000000000;1,000000000000000;1,000000000000000;1,000000000000000;1,000000000000000;1,000000000000000;1,000000000000000
2022-07-16;60+;151;151,0;151;151;151;151;151;151;151;151;151;151;776;776,0;776;776;776;776;776,0;776;776;776,0;776;776,0;1,000000000000000;1,000000000000000;1,000000000000000;1,000000000000000;1,000000000000000;1,000000000000000;1,000000000000000;1,000000000000000;1,000000000000000;1,000000000000000;1,000000000000000
2022-07-16;alle;208;208,0;208;208;208;208;208;208;208;208;208;208;1121;1121,0;1121;1121;1121;1121;1121,0;1121;1121;1121,0;1121;1121,0;NA;NA;NA;NA;NA;NA;NA;NA;NA;NA;NA
2022-07-15;0-60;57;57,0;57;57;57;57;57;57;57;57;57;57;331;331,0;331;331;331;331;331,0;331;331;331,0;331;331,0;1,000000000000000;1,000000000000000;1,000000000000000;1,000000000000000;1,000000000000000;1,000000000000000;1,000000000000000;1,000000000000000;1,000000000000000;1,000000000000000;1,000000000000000
2022-07-15;60+;144;144,0;144;144;144;144;144;144;144;144;144;144;736;736,0;736;736;736;736;736,0;736;736;736,0;736;736,0;1,000000000000000;1,000000000000000;1,000000000000000;1,000000000000000;1,000000000000000;1,000000000000000;1,000000000000000;1,000000000000000;1,000000000000000;1,000000000000000;1,000000000000000
2022-07-15;alle;201;201,0;201;201;201;201;201;201;201;201;201;201;1067;1067,0;1067;1067;1067;1067;1067,0;1067;1067;1067,0;1067;1067,0;NA;NA;NA;NA;NA;NA;NA;NA;NA;NA;NA
2022-07-14;0-60;55;55,0;55;55;55;55;55;55;55;55;55;55;319;319,0;319;319;319;319;319,0;319;319;319,0;319;319,0;1,000000000000000;1,000000000000000;1,000000000000000;1,000000000000000;1,000000000000000;1,000000000000000;1,000000000000000;1,000000000000000;1,000000000000000;1,000000000000000;1,000000000000000
2022-07-14;60+;124;124,0;124;124;124;124;124;124;124;124;124;124;682;682,0;682;682;682;682;682,0;682;682;682,0;682;682,0;1,000000000000000;1,000000000000000;1,000000000000000;1,000000000000000;1,000000000000000;1,000000000000000;1,000000000000000;1,000000000000000;1,000000000000000;1,000000000000000;1,000000000000000
2022-07-14;alle;179;179,0;179;179;179;179;179;179;179;179;179;179;1001;1001,0;1001;1001;1001;1001;1001,0;1001;1001;1001,0;1001;1001,0;NA;NA;NA;NA;NA;NA;NA;NA;NA;NA;NA
2022-07-13;0-60;70;70,0;70;70;70;70;70;70;70;70;70;70;318;318,0;318;318;318;318;318,0;318;318;318,0;318;318,0;1,000000000000000;1,000000000000000;1,000000000000000;1,000000000000000;1,000000000000000;1,000000000000000;1,000000000000000;1,000000000000000;1,000000000000000;1,000000000000000;1,000000000000000
2022-07-13;60+;123;123,0;123;123;123;123;123;123;123;123;123;123;658;658,0;658;658;658;658;658,0;658;658;658,0;658;658,0;1,000000000000000;1,000000000000000;1,000000000000000;1,000000000000000;1,000000000000000;1,000000000000000;1,000000000000000;1,000000000000000;1,000000000000000;1,000000000000000;1,000000000000000
2022-07-13;alle;193;193,0;193;193;193;193;193;193;193;193;193;193;976;976,0;976;976;976;976;976,0;976;976;976,0;976;976,0;NA;NA;NA;NA;NA;NA;NA;NA;NA;NA;NA
2022-07-12;0-60;80;80,0;80;80;80;80;80;80;80;80;80;80;292;292,0;292;292;292;292;292,0;292;292;292,0;292;292,0;1,000000000000000;1,000000000000000;1,000000000000000;1,000000000000000;1,000000000000000;1,000000000000000;1,000000000000000;1,000000000000000;1,000000000000000;1,000000000000000;1,000000000000000
2022-07-12;60+;179;179,0;179;179;179;179;179;179;179;179;179;179;653;653,0;653;653;653;653;653,0;653;653;653,0;653;653,0;1,000000000000000;1,000000000000000;1,000000000000000;1,000000000000000;1,000000000000000;1,000000000000000;1,000000000000000;1,000000000000000;1,000000000000000;1,000000000000000;1,000000000000000
2022-07-12;alle;259;259,0;259;259;259;259;259;259;259;259;259;259;945;945,0;945;945;945;945;945,0;945;945;945,0;945;945,0;NA;NA;NA;NA;NA;NA;NA;NA;NA;NA;NA
2022-07-11;0-60;19;19,0;19;19;19;19;19;19;19;19;19;19;283;283,0;283;283;283;283;283,0;283;283;283,0;283;283,0;1,000000000000000;1,000000000000000;1,000000000000000;1,000000000000000;1,000000000000000;1,000000000000000;1,000000000000000;1,000000000000000;1,000000000000000;1,000000000000000;1,000000000000000
2022-07-11;60+;33;33,0;33;33;33;33;33;33;33;33;33;33;607;607,0;607;607;607;607;607,0;607;607;607,0;607;607,0;1,000000000000000;1,000000000000000;1,000000000000000;1,000000000000000;1,000000000000000;1,000000000000000;1,000000000000000;1,000000000000000;1,000000000000000;1,000000000000000;1,000000000000000
2022-07-11;alle;52;52,0;52;52;52;52;52;52;52;52;52;52;890;890,0;890;890;890;890;890,0;890;890;890,0;890;890,0;NA;NA;NA;NA;NA;NA;NA;NA;NA;NA;NA
2022-07-10;0-60;7;7,0;7;7;7;7;7;7;7;7;7;7;270;270,0;270;270;270;270;270,0;270;270;270,0;270;270,0;1,000000000000000;1,000000000000000;1,000000000000000;1,000000000000000;1,000000000000000;1,000000000000000;1,000000000000000;1,000000000000000;1,000000000000000;1,000000000000000;1,000000000000000
2022-07-10;60+;22;22,0;22;22;22;22;22;22;22;22;22;22;595;595,0;595;595;595;595;595,0;595;595;595,0;595;595,0;1,000000000000000;1,000000000000000;1,000000000000000;1,000000000000000;1,000000000000000;1,000000000000000;1,000000000000000;1,000000000000000;1,000000000000000;1,000000000000000;1,000000000000000
2022-07-10;alle;29;29,0;29;29;29;29;29;29;29;29;29;29;865;865,0;865;865;865;865;865,0;865;865;865,0;865;865,0;NA;NA;NA;NA;NA;NA;NA;NA;NA;NA;NA
2022-07-09;0-60;43;43,0;43;43;43;43;43;43;43;43;43;43;280;280,0;280;280;280;280;280,0;280;280;280,0;280;280,0;1,000000000000000;1,000000000000000;1,000000000000000;1,000000000000000;1,000000000000000;1,000000000000000;1,000000000000000;1,000000000000000;1,000000000000000;1,000000000000000;1,000000000000000
2022-07-09;60+;111;111,0;111;111;111;111;111;111;111;111;111;111;602;602,0;602;602;602;602;602,0;602;602;602,0;602;602,0;1,000000000000000;1,000000000000000;1,000000000000000;1,000000000000000;1,000000000000000;1,000000000000000;1,000000000000000;1,000000000000000;1,000000000000000;1,000000000000000;1,000000000000000
2022-07-09;alle;154;154,0;154;154;154;154;154;154;154;154;154;154;882;882,0;882;882;882;882;882,0;882;882;882,0;882;882,0;NA;NA;NA;NA;NA;NA;NA;NA;NA;NA;NA
2022-07-08;0-60;45;45,0;45;45;45;45;45;45;45;45;45;45;265;265,0;265;265;265;265;265,0;265;265;265,0;265;265,0;1,000000000000000;1,000000000000000;1,000000000000000;1,000000000000000;1,000000000000000;1,000000000000000;1,000000000000000;1,000000000000000;1,000000000000000;1,000000000000000;1,000000000000000
2022-07-08;60+;90;90,0;90;90;90;90;90;90;90;90;90;90;558;558,0;558;558;558;558;558,0;558;558;558,0;558;558,0;1,000000000000000;1,000000000000000;1,000000000000000;1,000000000000000;1,000000000000000;1,000000000000000;1,000000000000000;1,000000000000000;1,000000000000000;1,000000000000000;1,000000000000000
2022-07-08;alle;135;135,0;135;135;135;135;135;135;135;135;135;135;823;823,0;823;823;823;823;823,0;823;823;823,0;823;823,0;NA;NA;NA;NA;NA;NA;NA;NA;NA;NA;NA
2022-07-07;0-60;54;54,0;54;54;54;54;54;54;54;54;54;54;245;245,0;245;245;245;245;245,0;245;245;245,0;245;245,0;1,000000000000000;1,000000000000000;1,000000000000000;1,000000000000000;1,000000000000000;1,000000000000000;1,000000000000000;1,000000000000000;1,000000000000000;1,000000000000000;1,000000000000000
2022-07-07;60+;100;100,0;100;100;100;100;100;100;100;100;100;100;539;539,0;539;539;539;539;539,0;539;539;539,0;539;539,0;1,000000000000000;1,000000000000000;1,000000000000000;1,000000000000000;1,000000000000000;1,000000000000000;1,000000000000000;1,000000000000000;1,000000000000000;1,000000000000000;1,000000000000000
2022-07-07;alle;154;154,0;154;154;154;154;154;154;154;154;154;154;784;784,0;784;784;784;784;784,0;784;784;784,0;784;784,0;NA;NA;NA;NA;NA;NA;NA;NA;NA;NA;NA
2022-07-06;0-60;44;44,0;44;44;44;44;44;44;44;44;44;44;230;230,0;230;230;230;230;230,0;230;230;230,0;230;230,0;1,000000000000000;1,000000000000000;1,000000000000000;1,000000000000000;1,000000000000000;1,000000000000000;1,000000000000000;1,000000000000000;1,000000000000000;1,000000000000000;1,000000000000000
2022-07-06;60+;118;118,0;118;118;118;118;118;118;118;118;118;118;503;503,0;503;503;503;503;503,0;503;503;503,0;503;503,0;1,000000000000000;1,000000000000000;1,000000000000000;1,000000000000000;1,000000000000000;1,000000000000000;1,000000000000000;1,000000000000000;1,000000000000000;1,000000000000000;1,000000000000000
2022-07-06;alle;162;162,0;162;162;162;162;162;162;162;162;162;162;733;733,0;733;733;733;733;733,0;733;733;733,0;733;733,0;NA;NA;NA;NA;NA;NA;NA;NA;NA;NA;NA
2022-07-05;0-60;71;71,0;71;71;71;71;71;71;71;71;71;71;225;225,0;225;225;225;225;225,0;225;225;225,0;225;225,0;1,000000000000000;1,000000000000000;1,000000000000000;1,000000000000000;1,000000000000000;1,000000000000000;1,000000000000000;1,000000000000000;1,000000000000000;1,000000000000000;1,000000000000000
2022-07-05;60+;133;133,0;133;133;133;133;133;133;133;133;133;133;472;472,0;472;472;472;472;472,0;472;472;472,0;472;472,0;1,000000000000000;1,000000000000000;1,000000000000000;1,000000000000000;1,000000000000000;1,000000000000000;1,000000000000000;1,000000000000000;1,000000000000000;1,000000000000000;1,000000000000000
2022-07-05;alle;204;204,0;204;204;204;204;204;204;204;204;204;204;697;697,0;697;697;697;697;697,0;697;697;697,0;697;697,0;NA;NA;NA;NA;NA;NA;NA;NA;NA;NA;NA
2022-07-04;0-60;6;6,0;6;6;6;6;6;6;6;6;6;6;204;204,0;204;204;204;204;204,0;204;204;204,0;204;204,0;1,000000000000000;1,000000000000000;1,000000000000000;1,000000000000000;1,000000000000000;1,000000000000000;1,000000000000000;1,000000000000000;1,000000000000000;1,000000000000000;1,000000000000000
2022-07-04;60+;21;21,0;21;21;21;21;21;21;21;21;21;21;471;471,0;471;471;471;471;471,0;471;471;471,0;471;471,0;1,000000000000000;1,000000000000000;1,000000000000000;1,000000000000000;1,000000000000000;1,000000000000000;1,000000000000000;1,000000000000000;1,000000000000000;1,000000000000000;1,000000000000000
2022-07-04;alle;27;27,0;27;27;27;27;27;27;27;27;27;27;675;675,0;675;675;675;675;675,0;675;675;675,0;675;675,0;NA;NA;NA;NA;NA;NA;NA;NA;NA;NA;NA
2022-07-03;0-60;17;17,0;17;17;17;17;17;17;17;17;17;17;204;204,0;204;204;204;204;204,0;204;204;204,0;204;204,0;1,000000000000000;1,000000000000000;1,000000000000000;1,000000000000000;1,000000000000000;1,000000000000000;1,000000000000000;1,000000000000000;1,000000000000000;1,000000000000000;1,000000000000000
2022-07-03;60+;29;29,0;29;29;29;29;29;29;29;29;29;29;467;467,0;467;467;467;467;467,0;467;467;467,0;467;467,0;1,000000000000000;1,000000000000000;1,000000000000000;1,000000000000000;1,000000000000000;1,000000000000000;1,000000000000000;1,000000000000000;1,000000000000000;1,000000000000000;1,000000000000000
2022-07-03;alle;46;46,0;46;46;46;46;46;46;46;46;46;46;671;671,0;671;671;671;671;671,0;671;671;671,0;671;671,0;NA;NA;NA;NA;NA;NA;NA;NA;NA;NA;NA
2022-07-02;0-60;28;28,0;28;28;28;28;28;28;28;28;28;28;199;199,0;199;199;199;199;199,0;199;199;199,0;199;199,0;1,000000000000000;1,000000000000000;1,000000000000000;1,000000000000000;1,000000000000000;1,000000000000000;1,000000000000000;1,000000000000000;1,000000000000000;1,000000000000000;1,000000000000000
2022-07-02;60+;67;67,0;67;67;67;67;67;67;67;67;67;67;456;456,0;456;456;456;456;456,0;456;456;456,0;456;456,0;1,000000000000000;1,000000000000000;1,000000000000000;1,000000000000000;1,000000000000000;1,000000000000000;1,000000000000000;1,000000000000000;1,000000000000000;1,000000000000000;1,000000000000000
2022-07-02;alle;95;95,0;95;95;95;95;95;95;95;95;95;95;655;655,0;655;655;655;655;655,0;655;655;655,0;655;655,0;NA;NA;NA;NA;NA;NA;NA;NA;NA;NA;NA
2022-07-01;0-60;25;25,0;25;25;25;25;25;25;25;25;25;25;193;193,0;193;193;193;193;193,0;193;193;193,0;193;193,0;1,000000000000000;1,000000000000000;1,000000000000000;1,000000000000000;1,000000000000000;1,000000000000000;1,000000000000000;1,000000000000000;1,000000000000000;1,000000000000000;1,000000000000000
2022-07-01;60+;71;71,0;71;71;71;71;71;71;71;71;71;71;462;462,0;462;462;462;462;462,0;462;462;462,0;462;462,0;1,000000000000000;1,000000000000000;1,000000000000000;1,000000000000000;1,000000000000000;1,000000000000000;1,000000000000000;1,000000000000000;1,000000000000000;1,000000000000000;1,000000000000000
2022-07-01;alle;96;96,0;96;96;96;96;96;96;96;96;96;96;655;655,0;655;655;655;655;655,0;655;655;655,0;655;655,0;NA;NA;NA;NA;NA;NA;NA;NA;NA;NA;NA
2022-06-30;0-60;39;39,0;39;39;39;39;39;39;39;39;39;39;197;197,0;197;197;197;197;197,0;197;197;197,0;197;197,0;1,000000000000000;1,000000000000000;1,000000000000000;1,000000000000000;1,000000000000000;1,000000000000000;1,000000000000000;1,000000000000000;1,000000000000000;1,000000000000000;1,000000000000000
2022-06-30;60+;64;64,0;64;64;64;64;64;64;64;64;64;64;452;452,0;452;452;452;452;452,0;452;452;452,0;452;452,0;1,000000000000000;1,000000000000000;1,000000000000000;1,000000000000000;1,000000000000000;1,000000000000000;1,000000000000000;1,000000000000000;1,000000000000000;1,000000000000000;1,000000000000000
2022-06-30;alle;103;103,0;103;103;103;103;103;103;103;103;103;103;649;649,0;649;649;649;649;649,0;649;649;649,0;649;649,0;NA;NA;NA;NA;NA;NA;NA;NA;NA;NA;NA
2022-06-29;0-60;39;39,0;39;39;39;39;39;39;39;39;39;39;177;177,0;177;177;177;177;177,0;177;177;177,0;177;177,0;1,000000000000000;1,000000000000000;1,000000000000000;1,000000000000000;1,000000000000000;1,000000000000000;1,000000000000000;1,000000000000000;1,000000000000000;1,000000000000000;1,000000000000000
2022-06-29;60+;87;87,0;87;87;87;87;87;87;87;87;87;87;446;446,0;446;446;446;446;446,0;446;446;446,0;446;446,0;1,000000000000000;1,000000000000000;1,000000000000000;1,000000000000000;1,000000000000000;1,000000000000000;1,000000000000000;1,000000000000000;1,000000000000000;1,000000000000000;1,000000000000000
2022-06-29;alle;126;126,0;126;126;126;126;126;126;126;126;126;126;623;623,0;623;623;623;623;623,0;623;623;623,0;623;623,0;NA;NA;NA;NA;NA;NA;NA;NA;NA;NA;NA
2022-06-28;0-60;50;50,0;50;50;50;50;50;50;50;50;50;50;186;186,0;186;186;186;186;186,0;186;186;186,0;186;186,0;1,000000000000000;1,000000000000000;1,000000000000000;1,000000000000000;1,000000000000000;1,000000000000000;1,000000000000000;1,000000000000000;1,000000000000000;1,000000000000000;1,000000000000000
2022-06-28;60+;132;132,0;132;132;132;132;132;132;132;132;132;132;448;448,0;448;448;448;448;448,0;448;448;448,0;448;448,0;1,000000000000000;1,000000000000000;1,000000000000000;1,000000000000000;1,000000000000000;1,000000000000000;1,000000000000000;1,000000000000000;1,000000000000000;1,000000000000000;1,000000000000000
2022-06-28;alle;182;182,0;182;182;182;182;182;182;182;182;182;182;634;634,0;634;634;634;634;634,0;634;634;634,0;634;634,0;NA;NA;NA;NA;NA;NA;NA;NA;NA;NA;NA
2022-06-27;0-60;6;6,0;6;6;6;6;6;6;6;6;6;6;186;186,0;186;186;186;186;186,0;186;186;186,0;186;186,0;1,000000000000000;1,000000000000000;1,000000000000000;1,000000000000000;1,000000000000000;1,000000000000000;1,000000000000000;1,000000000000000;1,000000000000000;1,000000000000000;1,000000000000000
2022-06-27;60+;17;17,0;17;17;17;17;17;17;17;17;17;17;435;435,0;435;435;435;435;435,0;435;435;435,0;435;435,0;1,000000000000000;1,000000000000000;1,000000000000000;1,000000000000000;1,000000000000000;1,000000000000000;1,000000000000000;1,000000000000000;1,000000000000000;1,000000000000000;1,000000000000000
2022-06-27;alle;23;23,0;23;23;23;23;23;23;23;23;23;23;621;621,0;621;621;621;621;621,0;621;621;621,0;621;621,0;NA;NA;NA;NA;NA;NA;NA;NA;NA;NA;NA
2022-06-26;0-60;12;12,0;12;12;12;12;12;12;12;12;12;12;186;186,0;186;186;186;186;186,0;186;186;186,0;186;186,0;1,000000000000000;1,000000000000000;1,000000000000000;1,000000000000000;1,000000000000000;1,000000000000000;1,000000000000000;1,000000000000000;1,000000000000000;1,000000000000000;1,000000000000000
2022-06-26;60+;18;18,0;18;18;18;18;18;18;18;18;18;18;435;435,0;435;435;435;435;435,0;435;435;435,0;435;435,0;1,000000000000000;1,000000000000000;1,000000000000000;1,000000000000000;1,000000000000000;1,000000000000000;1,000000000000000;1,000000000000000;1,000000000000000;1,000000000000000;1,000000000000000
2022-06-26;alle;30;30,0;30;30;30;30;30;30;30;30;30;30;621;621,0;621;621;621;621;621,0;621;621;621,0;621;621,0;NA;NA;NA;NA;NA;NA;NA;NA;NA;NA;NA
2022-06-25;0-60;22;22,0;22;22;22;22;22;22;22;22;22;22;177;177,0;177;177;177;177;177,0;177;177;177,0;177;177,0;1,000000000000000;1,000000000000000;1,000000000000000;1,000000000000000;1,000000000000000;1,000000000000000;1,000000000000000;1,000000000000000;1,000000000000000;1,000000000000000;1,000000000000000
2022-06-25;60+;73;73,0;73;73;73;73;73;73;73;73;73;73;431;431,0;431;431;431;431;431,0;431;431;431,0;431;431,0;1,000000000000000;1,000000000000000;1,000000000000000;1,000000000000000;1,000000000000000;1,000000000000000;1,000000000000000;1,000000000000000;1,000000000000000;1,000000000000000;1,000000000000000
2022-06-25;alle;95;95,0;95;95;95;95;95;95;95;95;95;95;608;608,0;608;608;608;608;608,0;608;608;608,0;608;608,0;NA;NA;NA;NA;NA;NA;NA;NA;NA;NA;NA
2022-06-24;0-60;29;29,0;29;29;29;29;29;29;29;29;29;29;181;181,0;181;181;181;181;181,0;181;181;181,0;181;181,0;1,000000000000000;1,000000000000000;1,000000000000000;1,000000000000000;1,000000000000000;1,000000000000000;1,000000000000000;1,000000000000000;1,000000000000000;1,000000000000000;1,000000000000000
2022-06-24;60+;61;61,0;61;61;61;61;61;61;61;61;61;61;431;431,0;431;431;431;431;431,0;431;431;431,0;431;431,0;1,000000000000000;1,000000000000000;1,000000000000000;1,000000000000000;1,000000000000000;1,000000000000000;1,000000000000000;1,000000000000000;1,000000000000000;1,000000000000000;1,000000000000000
2022-06-24;alle;90;90,0;90;90;90;90;90;90;90;90;90;90;612;612,0;612;612;612;612;612,0;612;612;612,0;612;612,0;NA;NA;NA;NA;NA;NA;NA;NA;NA;NA;NA
2022-06-23;0-60;19;19,0;19;19;19;19;19;19;19;19;19;19;156;156,0;156;156;156;156;156,0;156;156;156,0;156;156,0;1,000000000000000;1,000000000000000;1,000000000000000;1,000000000000000;1,000000000000000;1,000000000000000;1,000000000000000;1,000000000000000;1,000000000000000;1,000000000000000;1,000000000000000
2022-06-23;60+;58;58,0;58;58;58;58;58;58;58;58;58;58;392;392,0;392;392;392;392;392,0;392;392;392,0;392;392,0;1,000000000000000;1,000000000000000;1,000000000000000;1,000000000000000;1,000000000000000;1,000000000000000;1,000000000000000;1,000000000000000;1,000000000000000;1,000000000000000;1,000000000000000
2022-06-23;alle;77;77,0;77;77;77;77;77;77;77;77;77;77;548;548,0;548;548;548;548;548,0;548;548;548,0;548;548,0;NA;NA;NA;NA;NA;NA;NA;NA;NA;NA;NA
2022-06-22;0-60;48;48,0;48;48;48;48;48;48;48;48;48;48;159;159,0;159;159;159;159;159,0;159;159;159,0;159;159,0;1,000000000000000;1,000000000000000;1,000000000000000;1,000000000000000;1,000000000000000;1,000000000000000;1,000000000000000;1,000000000000000;1,000000000000000;1,000000000000000;1,000000000000000
2022-06-22;60+;89;89,0;89;89;89;89;89;89;89;89;89;89;389;389,0;389;389;389;389;389,0;389;389;389,0;389;389,0;1,000000000000000;1,000000000000000;1,000000000000000;1,000000000000000;1,000000000000000;1,000000000000000;1,000000000000000;1,000000000000000;1,000000000000000;1,000000000000000;1,000000000000000
2022-06-22;alle;137;137,0;137;137;137;137;137;137;137;137;137;137;548;548,0;548;548;548;548;548,0;548;548;548,0;548;548,0;NA;NA;NA;NA;NA;NA;NA;NA;NA;NA;NA
2022-06-21;0-60;50;50,0;50;50;50;50;50;50;50;50;50;50;137;137,0;137;137;137;137;137,0;137;137;137,0;137;137,0;1,000000000000000;1,000000000000000;1,000000000000000;1,000000000000000;1,000000000000000;1,000000000000000;1,000000000000000;1,000000000000000;1,000000000000000;1,000000000000000;1,000000000000000
2022-06-21;60+;119;119,0;119;119;119;119;119;119;119;119;119;119;368;368,0;368;368;368;368;368,0;368;368;368,0;368;368,0;1,000000000000000;1,000000000000000;1,000000000000000;1,000000000000000;1,000000000000000;1,000000000000000;1,000000000000000;1,000000000000000;1,000000000000000;1,000000000000000;1,000000000000000
2022-06-21;alle;169;169,0;169;169;169;169;169;169;169;169;169;169;505;505,0;505;505;505;505;505,0;505;505;505,0;505;505,0;NA;NA;NA;NA;NA;NA;NA;NA;NA;NA;NA
2022-06-20;0-60;6;6,0;6;6;6;6;6;6;6;6;6;6;113;113,0;113;113;113;113;113,0;113;113;113,0;113;113,0;1,000000000000000;1,000000000000000;1,000000000000000;1,000000000000000;1,000000000000000;1,000000000000000;1,000000000000000;1,000000000000000;1,000000000000000;1,000000000000000;1,000000000000000
2022-06-20;60+;17;17,0;17;17;17;17;17;17;17;17;17;17;327;327,0;327;327;327;327;327,0;327;327;327,0;327;327,0;1,000000000000000;1,000000000000000;1,000000000000000;1,000000000000000;1,000000000000000;1,000000000000000;1,000000000000000;1,000000000000000;1,000000000000000;1,000000000000000;1,000000000000000
2022-06-20;alle;23;23,0;23;23;23;23;23;23;23;23;23;23;440;440,0;440;440;440;440;440,0;440;440;440,0;440;440,0;NA;NA;NA;NA;NA;NA;NA;NA;NA;NA;NA
2022-06-19;0-60;3;3,0;3;3;3;3;3;3;3;3;3;3;113;113,0;113;113;113;113;113,0;113;113;113,0;113;113,0;1,000000000000000;1,000000000000000;1,000000000000000;1,000000000000000;1,000000000000000;1,000000000000000;1,000000000000000;1,000000000000000;1,000000000000000;1,000000000000000;1,000000000000000
2022-06-19;60+;14;14,0;14;14;14;14;14;14;14;14;14;14;316;316,0;316;316;316;316;316,0;316;316;316,0;316;316,0;1,000000000000000;1,000000000000000;1,000000000000000;1,000000000000000;1,000000000000000;1,000000000000000;1,000000000000000;1,000000000000000;1,000000000000000;1,000000000000000;1,000000000000000
2022-06-19;alle;17;17,0;17;17;17;17;17;17;17;17;17;17;429;429,0;429;429;429;429;429,0;429;429;429,0;429;429,0;NA;NA;NA;NA;NA;NA;NA;NA;NA;NA;NA
2022-06-18;0-60;26;26,0;26;26;26;26;26;26;26;26;26;26;115;115,0;115;115;115;115;115,0;115;115;115,0;115;115,0;1,000000000000000;1,000000000000000;1,000000000000000;1,000000000000000;1,000000000000000;1,000000000000000;1,000000000000000;1,000000000000000;1,000000000000000;1,000000000000000;1,000000000000000
2022-06-18;60+;73;73,0;73;73;73;73;73;73;73;73;73;73;313;313,0;313;313;313;313;313,0;313;313;313,0;313;313,0;1,000000000000000;1,000000000000000;1,000000000000000;1,000000000000000;1,000000000000000;1,000000000000000;1,000000000000000;1,000000000000000;1,000000000000000;1,000000000000000;1,000000000000000
2022-06-18;alle;99;99,0;99;99;99;99;99;99;99;99;99;99;428;428,0;428;428;428;428;428,0;428;428;428,0;428;428,0;NA;NA;NA;NA;NA;NA;NA;NA;NA;NA;NA
2022-06-17;0-60;4;4,0;4;4;4;4;4;4;4;4;4;4;108;108,0;108;108;108;108;108,0;108;108;108,0;108;108,0;1,000000000000000;1,000000000000000;1,000000000000000;1,000000000000000;1,000000000000000;1,000000000000000;1,000000000000000;1,000000000000000;1,000000000000000;1,000000000000000;1,000000000000000
2022-06-17;60+;22;22,0;22;22;22;22;22;22;22;22;22;22;280;280,0;280;280;280;280;280,0;280;280;280,0;280;280,0;1,000000000000000;1,000000000000000;1,000000000000000;1,000000000000000;1,000000000000000;1,000000000000000;1,000000000000000;1,000000000000000;1,000000000000000;1,000000000000000;1,000000000000000
2022-06-17;alle;26;26,0;26;26;26;26;26;26;26;26;26;26;388;388,0;388;388;388;388;388,0;388;388;388,0;388;388,0;NA;NA;NA;NA;NA;NA;NA;NA;NA;NA;NA
2022-06-16;0-60;22;22,0;22;22;22;22;22;22;22;22;22;22;124;124,0;124;124;124;124;124,0;124;124;124,0;124;124,0;1,000000000000000;1,000000000000000;1,000000000000000;1,000000000000000;1,000000000000000;1,000000000000000;1,000000000000000;1,000000000000000;1,000000000000000;1,000000000000000;1,000000000000000
2022-06-16;60+;55;55,0;55;55;55;55;55;55;55;55;55;55;293;293,0;293;293;293;293;293,0;293;293;293,0;293;293,0;1,000000000000000;1,000000000000000;1,000000000000000;1,000000000000000;1,000000000000000;1,000000000000000;1,000000000000000;1,000000000000000;1,000000000000000;1,000000000000000;1,000000000000000
2022-06-16;alle;77;77,0;77;77;77;77;77;77;77;77;77;77;417;417,0;417;417;417;417;417,0;417;417;417,0;417;417,0;NA;NA;NA;NA;NA;NA;NA;NA;NA;NA;NA
2022-06-15;0-60;26;26,0;26;26;26;26;26;26;26;26;26;26;136;136,0;136;136;136;136;136,0;136;136;136,0;136;136,0;1,000000000000000;1,000000000000000;1,000000000000000;1,000000000000000;1,000000000000000;1,000000000000000;1,000000000000000;1,000000000000000;1,000000000000000;1,000000000000000;1,000000000000000
2022-06-15;60+;68;68,0;68;68;68;68;68;68;68;68;68;68;282;282,0;282;282;282;282;282,0;282;282;282,0;282;282,0;1,000000000000000;1,000000000000000;1,000000000000000;1,000000000000000;1,000000000000000;1,000000000000000;1,000000000000000;1,000000000000000;1,000000000000000;1,000000000000000;1,000000000000000
2022-06-15;alle;94;94,0;94;94;94;94;94;94;94;94;94;94;418;418,0;418;418;418;418;418,0;418;418;418,0;418;418,0;NA;NA;NA;NA;NA;NA;NA;NA;NA;NA;NA
2022-06-14;0-60;26;26,0;26;26;26;26;26;26;26;26;26;26;151;151,0;151;151;151;151;151,0;151;151;151,0;151;151,0;1,000000000000000;1,000000000000000;1,000000000000000;1,000000000000000;1,000000000000000;1,000000000000000;1,000000000000000;1,000000000000000;1,000000000000000;1,000000000000000;1,000000000000000
2022-06-14;60+;78;78,0;78;78;78;78;78;78;78;78;78;78;281;281,0;281;281;281;281;281,0;281;281;281,0;281;281,0;1,000000000000000;1,000000000000000;1,000000000000000;1,000000000000000;1,000000000000000;1,000000000000000;1,000000000000000;1,000000000000000;1,000000000000000;1,000000000000000;1,000000000000000
2022-06-14;alle;104;104,0;104;104;104;104;104;104;104;104;104;104;432;432,0;432;432;432;432;432,0;432;432;432,0;432;432,0;NA;NA;NA;NA;NA;NA;NA;NA;NA;NA;NA
2022-06-13;0-60;6;6,0;6;6;6;6;6;6;6;6;6;6;130;130,0;130;130;130;130;130,0;130;130;130,0;130;130,0;1,000000000000000;1,000000000000000;1,000000000000000;1,000000000000000;1,000000000000000;1,000000000000000;1,000000000000000;1,000000000000000;1,000000000000000;1,000000000000000;1,000000000000000
2022-06-13;60+;6;6,0;6;6;6;6;6;6;6;6;6;6;228;228,0;228;228;228;228;228,0;228;228;228,0;228;228,0;1,000000000000000;1,000000000000000;1,000000000000000;1,000000000000000;1,000000000000000;1,000000000000000;1,000000000000000;1,000000000000000;1,000000000000000;1,000000000000000;1,000000000000000
2022-06-13;alle;12;12,0;12;12;12;12;12;12;12;12;12;12;358;358,0;358;358;358;358;358,0;358;358;358,0;358;358,0;NA;NA;NA;NA;NA;NA;NA;NA;NA;NA;NA
2022-06-12;0-60;5;5,0;5;5;5;5;5;5;5;5;5;5;128;128,0;128;128;128;128;128,0;128;128;128,0;128;128,0;1,000000000000000;1,000000000000000;1,000000000000000;1,000000000000000;1,000000000000000;1,000000000000000;1,000000000000000;1,000000000000000;1,000000000000000;1,000000000000000;1,000000000000000
2022-06-12;60+;11;11,0;11;11;11;11;11;11;11;11;11;11;235;235,0;235;235;235;235;235,0;235;235;235,0;235;235,0;1,000000000000000;1,000000000000000;1,000000000000000;1,000000000000000;1,000000000000000;1,000000000000000;1,000000000000000;1,000000000000000;1,000000000000000;1,000000000000000;1,000000000000000
2022-06-12;alle;16;16,0;16;16;16;16;16;16;16;16;16;16;363;363,0;363;363;363;363;363,0;363;363;363,0;363;363,0;NA;NA;NA;NA;NA;NA;NA;NA;NA;NA;NA
2022-06-11;0-60;19;19,0;19;19;19;19;19;19;19;19;19;19;128;128,0;128;128;128;128;128,0;128;128;128,0;128;128,0;1,000000000000000;1,000000000000000;1,000000000000000;1,000000000000000;1,000000000000000;1,000000000000000;1,000000000000000;1,000000000000000;1,000000000000000;1,000000000000000;1,000000000000000
2022-06-11;60+;40;40,0;40;40;40;40;40;40;40;40;40;40;237;237,0;237;237;237;237;237,0;237;237;237,0;237;237,0;1,000000000000000;1,000000000000000;1,000000000000000;1,000000000000000;1,000000000000000;1,000000000000000;1,000000000000000;1,000000000000000;1,000000000000000;1,000000000000000;1,000000000000000
2022-06-11;alle;59;59,0;59;59;59;59;59;59;59;59;59;59;365;365,0;365;365;365;365;365,0;365;365;365,0;365;365,0;NA;NA;NA;NA;NA;NA;NA;NA;NA;NA;NA
2022-06-10;0-60;20;20,0;20;20;20;20;20;20;20;20;20;20;121;121,0;121;121;121;121;121,0;121;121;121,0;121;121,0;1,000000000000000;1,000000000000000;1,000000000000000;1,000000000000000;1,000000000000000;1,000000000000000;1,000000000000000;1,000000000000000;1,000000000000000;1,000000000000000;1,000000000000000
2022-06-10;60+;35;35,0;35;35;35;35;35;35;35;35;35;35;233;233,0;233;233;233;233;233,0;233;233;233,0;233;233,0;1,000000000000000;1,000000000000000;1,000000000000000;1,000000000000000;1,000000000000000;1,000000000000000;1,000000000000000;1,000000000000000;1,000000000000000;1,000000000000000;1,000000000000000
2022-06-10;alle;55;55,0;55;55;55;55;55;55;55;55;55;55;354;354,0;354;354;354;354;354,0;354;354;354,0;354;354,0;NA;NA;NA;NA;NA;NA;NA;NA;NA;NA;NA
2022-06-09;0-60;34;34,0;34;34;34;34;34;34;34;34;34;34;118;118,0;118;118;118;118;118,0;118;118;118,0;118;118,0;1,000000000000000;1,000000000000000;1,000000000000000;1,000000000000000;1,000000000000000;1,000000000000000;1,000000000000000;1,000000000000000;1,000000000000000;1,000000000000000;1,000000000000000
2022-06-09;60+;44;44,0;44;44;44;44;44;44;44;44;44;44;231;231,0;231;231;231;231;231,0;231;231;231,0;231;231,0;1,000000000000000;1,000000000000000;1,000000000000000;1,000000000000000;1,000000000000000;1,000000000000000;1,000000000000000;1,000000000000000;1,000000000000000;1,000000000000000;1,000000000000000
2022-06-09;alle;78;78,0;78;78;78;78;78;78;78;78;78;78;349;349,0;349;349;349;349;349,0;349;349;349,0;349;349,0;NA;NA;NA;NA;NA;NA;NA;NA;NA;NA;NA
2022-06-08;0-60;41;41,0;41;41;41;41;41;41;41;41;41;41;96;96,0;96;96;96;96;96,0;96;96;96,0;96;96,0;1,000000000000000;1,000000000000000;1,000000000000000;1,000000000000000;1,000000000000000;1,000000000000000;1,000000000000000;1,000000000000000;1,000000000000000;1,000000000000000;1,000000000000000
2022-06-08;60+;67;67,0;67;67;67;67;67;67;67;67;67;67;220;220,0;220;220;220;220;220,0;220;220;220,0;220;220,0;1,000000000000000;1,000000000000000;1,000000000000000;1,000000000000000;1,000000000000000;1,000000000000000;1,000000000000000;1,000000000000000;1,000000000000000;1,000000000000000;1,000000000000000
2022-06-08;alle;108;108,0;108;108;108;108;108;108;108;108;108;108;316;316,0;316;316;316;316;316,0;316;316;316,0;316;316,0;NA;NA;NA;NA;NA;NA;NA;NA;NA;NA;NA
2022-06-07;0-60;5;5,0;5;5;5;5;5;5;5;5;5;5;78;78,0;78;78;78;78;78,0;78;78;78,0;78;78,0;1,000000000000000;1,000000000000000;1,000000000000000;1,000000000000000;1,000000000000000;1,000000000000000;1,000000000000000;1,000000000000000;1,000000000000000;1,000000000000000;1,000000000000000
2022-06-07;60+;25;25,0;25;25;25;25;25;25;25;25;25;25;183;183,0;183;183;183;183;183,0;183;183;183,0;183;183,0;1,000000000000000;1,000000000000000;1,000000000000000;1,000000000000000;1,000000000000000;1,000000000000000;1,000000000000000;1,000000000000000;1,000000000000000;1,000000000000000;1,000000000000000
2022-06-07;alle;30;30,0;30;30;30;30;30;30;30;30;30;30;261;261,0;261;261;261;261;261,0;261;261;261,0;261;261,0;NA;NA;NA;NA;NA;NA;NA;NA;NA;NA;NA
2022-06-06;0-60;4;4,0;4;4;4;4;4;4;4;4;4;4;99;99,0;99;99;99;99;99,0;99;99;99,0;99;99,0;1,000000000000000;1,000000000000000;1,000000000000000;1,000000000000000;1,000000000000000;1,000000000000000;1,000000000000000;1,000000000000000;1,000000000000000;1,000000000000000;1,000000000000000
2022-06-06;60+;13;13,0;13;13;13;13;13;13;13;13;13;13;183;183,0;183;183;183;183;183,0;183;183;183,0;183;183,0;1,000000000000000;1,000000000000000;1,000000000000000;1,000000000000000;1,000000000000000;1,000000000000000;1,000000000000000;1,000000000000000;1,000000000000000;1,000000000000000;1,000000000000000
2022-06-06;alle;17;17,0;17;17;17;17;17;17;17;17;17;17;282;282,0;282;282;282;282;282,0;282;282;282,0;282;282,0;NA;NA;NA;NA;NA;NA;NA;NA;NA;NA;NA
2022-06-05;0-60;5;5,0;5;5;5;5;5;5;5;5;5;5;98;98,0;98;98;98;98;98,0;98;98;98,0;98;98,0;1,000000000000000;1,000000000000000;1,000000000000000;1,000000000000000;1,000000000000000;1,000000000000000;1,000000000000000;1,000000000000000;1,000000000000000;1,000000000000000;1,000000000000000
2022-06-05;60+;13;13,0;13;13;13;13;13;13;13;13;13;13;180;180,0;180;180;180;180;180,0;180;180;180,0;180;180,0;1,000000000000000;1,000000000000000;1,000000000000000;1,000000000000000;1,000000000000000;1,000000000000000;1,000000000000000;1,000000000000000;1,000000000000000;1,000000000000000;1,000000000000000
2022-06-05;alle;18;18,0;18;18;18;18;18;18;18;18;18;18;278;278,0;278;278;278;278;278,0;278;278;278,0;278;278,0;NA;NA;NA;NA;NA;NA;NA;NA;NA;NA;NA
2022-06-04;0-60;12;12,0;12;12;12;12;12;12;12;12;12;12;95;95,0;95;95;95;95;95,0;95;95;95,0;95;95,0;1,000000000000000;1,000000000000000;1,000000000000000;1,000000000000000;1,000000000000000;1,000000000000000;1,000000000000000;1,000000000000000;1,000000000000000;1,000000000000000;1,000000000000000
2022-06-04;60+;36;36,0;36;36;36;36;36;36;36;36;36;36;176;176,0;176;176;176;176;176,0;176;176;176,0;176;176,0;1,000000000000000;1,000000000000000;1,000000000000000;1,000000000000000;1,000000000000000;1,000000000000000;1,000000000000000;1,000000000000000;1,000000000000000;1,000000000000000;1,000000000000000
2022-06-04;alle;48;48,0;48;48;48;48;48;48;48;48;48;48;271;271,0;271;271;271;271;271,0;271;271;271,0;271;271,0;NA;NA;NA;NA;NA;NA;NA;NA;NA;NA;NA
2022-06-03;0-60;17;17,0;17;17;17;17;17;17;17;17;17;17;94;94,0;94;94;94;94;94,0;94;94;94,0;94;94,0;1,000000000000000;1,000000000000000;1,000000000000000;1,000000000000000;1,000000000000000;1,000000000000000;1,000000000000000;1,000000000000000;1,000000000000000;1,000000000000000;1,000000000000000
2022-06-03;60+;33;33,0;33;33;33;33;33;33;33;33;33;33;167;167,0;167;167;167;167;167,0;167;167;167,0;167;167,0;1,000000000000000;1,000000000000000;1,000000000000000;1,000000000000000;1,000000000000000;1,000000000000000;1,000000000000000;1,000000000000000;1,000000000000000;1,000000000000000;1,000000000000000
2022-06-03;alle;50;50,0;50;50;50;50;50;50;50;50;50;50;261;261,0;261;261;261;261;261,0;261;261;261,0;261;261,0;NA;NA;NA;NA;NA;NA;NA;NA;NA;NA;NA
2022-06-02;0-60;12;12,0;12;12;12;12;12;12;12;12;12;12;82;82,0;82;82;82;82;82,0;82;82;82,0;82;82,0;1,000000000000000;1,000000000000000;1,000000000000000;1,000000000000000;1,000000000000000;1,000000000000000;1,000000000000000;1,000000000000000;1,000000000000000;1,000000000000000;1,000000000000000
2022-06-02;60+;33;33,0;33;33;33;33;33;33;33;33;33;33;139;139,0;139;139;139;139;139,0;139;139;139,0;139;139,0;1,000000000000000;1,000000000000000;1,000000000000000;1,000000000000000;1,000000000000000;1,000000000000000;1,000000000000000;1,000000000000000;1,000000000000000;1,000000000000000;1,000000000000000
2022-06-02;alle;45;45,0;45;45;45;45;45;45;45;45;45;45;221;221,0;221;221;221;221;221,0;221;221;221,0;221;221,0;NA;NA;NA;NA;NA;NA;NA;NA;NA;NA;NA
2022-06-01;0-60;23;23,0;23;23;23;23;23;23;23;23;23;23;78;78,0;78;78;78;78;78,0;78;78;78,0;78;78,0;1,000000000000000;1,000000000000000;1,000000000000000;1,000000000000000;1,000000000000000;1,000000000000000;1,000000000000000;1,000000000000000;1,000000000000000;1,000000000000000;1,000000000000000
2022-06-01;60+;30;30,0;30;30;30;30;30;30;30;30;30;30;137;137,0;137;137;137;137;137,0;137;137;137,0;137;137,0;1,000000000000000;1,000000000000000;1,000000000000000;1,000000000000000;1,000000000000000;1,000000000000000;1,000000000000000;1,000000000000000;1,000000000000000;1,000000000000000;1,000000000000000
2022-06-01;alle;53;53,0;53;53;53;53;53;53;53;53;53;53;215;215,0;215;215;215;215;215,0;215;215;215,0;215;215,0;NA;NA;NA;NA;NA;NA;NA;NA;NA;NA;NA
2022-05-31;0-60;26;26,0;26;26;26;26;26;26;26;26;26;26;73;73,0;73;73;73;73;73,0;73;73;73,0;73;73,0;1,000000000000000;1,000000000000000;1,000000000000000;1,000000000000000;1,000000000000000;1,000000000000000;1,000000000000000;1,000000000000000;1,000000000000000;1,000000000000000;1,000000000000000
2022-05-31;60+;25;25,0;25;25;25;25;25;25;25;25;25;25;142;142,0;142;142;142;142;142,0;142;142;142,0;142;142,0;1,000000000000000;1,000000000000000;1,000000000000000;1,000000000000000;1,000000000000000;1,000000000000000;1,000000000000000;1,000000000000000;1,000000000000000;1,000000000000000;1,000000000000000
2022-05-31;alle;51;51,0;51;51;51;51;51;51;51;51;51;51;215;215,0;215;215;215;215;215,0;215;215;215,0;215;215,0;NA;NA;NA;NA;NA;NA;NA;NA;NA;NA;NA
2022-05-30;0-60;3;3,0;3;3;3;3;3;3;3;3;3;3;81;81,0;81;81;81;81;81,0;81;81;81,0;81;81,0;1,000000000000000;1,000000000000000;1,000000000000000;1,000000000000000;1,000000000000000;1,000000000000000;1,000000000000000;1,000000000000000;1,000000000000000;1,000000000000000;1,000000000000000
2022-05-30;60+;10;10,0;10;10;10;10;10;10;10;10;10;10;166;166,0;166;166;166;166;166,0;166;166;166,0;166;166,0;1,000000000000000;1,000000000000000;1,000000000000000;1,000000000000000;1,000000000000000;1,000000000000000;1,000000000000000;1,000000000000000;1,000000000000000;1,000000000000000;1,000000000000000
2022-05-30;alle;13;13,0;13;13;13;13;13;13;13;13;13;13;247;247,0;247;247;247;247;247,0;247;247;247,0;247;247,0;NA;NA;NA;NA;NA;NA;NA;NA;NA;NA;NA
2022-05-29;0-60;2;2,0;2;2;2;2;2;2;2;2;2;2;79;79,0;79;79;79;79;79,0;79;79;79,0;79;79,0;1,000000000000000;1,000000000000000;1,000000000000000;1,000000000000000;1,000000000000000;1,000000000000000;1,000000000000000;1,000000000000000;1,000000000000000;1,000000000000000;1,000000000000000
2022-05-29;60+;9;9,0;9;9;9;9;9;9;9;9;9;9;162;162,0;162;162;162;162;162,0;162;162;162,0;162;162,0;1,000000000000000;1,000000000000000;1,000000000000000;1,000000000000000;1,000000000000000;1,000000000000000;1,000000000000000;1,000000000000000;1,000000000000000;1,000000000000000;1,000000000000000
2022-05-29;alle;11;11,0;11;11;11;11;11;11;11;11;11;11;241;241,0;241;241;241;241;241,0;241;241;241,0;241;241,0;NA;NA;NA;NA;NA;NA;NA;NA;NA;NA;NA
2022-05-28;0-60;11;11,0;11;11;11;11;11;11;11;11;11;11;82;82,0;82;82;82;82;82,0;82;82;82,0;82;82,0;1,000000000000000;1,000000000000000;1,000000000000000;1,000000000000000;1,000000000000000;1,000000000000000;1,000000000000000;1,000000000000000;1,000000000000000;1,000000000000000;1,000000000000000
2022-05-28;60+;27;27,0;27;27;27;27;27;27;27;27;27;27;166;166,0;166;166;166;166;166,0;166;166;166,0;166;166,0;1,000000000000000;1,000000000000000;1,000000000000000;1,000000000000000;1,000000000000000;1,000000000000000;1,000000000000000;1,000000000000000;1,000000000000000;1,000000000000000;1,000000000000000
2022-05-28;alle;38;38,0;38;38;38;38;38;38;38;38;38;38;248;248,0;248;248;248;248;248,0;248;248;248,0;248;248,0;NA;NA;NA;NA;NA;NA;NA;NA;NA;NA;NA
2022-05-27;0-60;5;5,0;5;5;5;5;5;5;5;5;5;5;86;86,0;86;86;86;86;86,0;86;86;86,0;86;86,0;1,000000000000000;1,000000000000000;1,000000000000000;1,000000000000000;1,000000000000000;1,000000000000000;1,000000000000000;1,000000000000000;1,000000000000000;1,000000000000000;1,000000000000000
2022-05-27;60+;5;5,0;5;5;5;5;5;5;5;5;5;5;167;167,0;167;167;167;167;167,0;167;167;167,0;167;167,0;1,000000000000000;1,000000000000000;1,000000000000000;1,000000000000000;1,000000000000000;1,000000000000000;1,000000000000000;1,000000000000000;1,000000000000000;1,000000000000000;1,000000000000000
2022-05-27;alle;10;10,0;10;10;10;10;10;10;10;10;10;10;253;253,0;253;253;253;253;253,0;253;253;253,0;253;253,0;NA;NA;NA;NA;NA;NA;NA;NA;NA;NA;NA
2022-05-26;0-60;8;8,0;8;8;8;8;8;8;8;8;8;8;92;92,0;92;92;92;92;92,0;92;92;92,0;92;92,0;1,000000000000000;1,000000000000000;1,000000000000000;1,000000000000000;1,000000000000000;1,000000000000000;1,000000000000000;1,000000000000000;1,000000000000000;1,000000000000000;1,000000000000000
2022-05-26;60+;31;31,0;31;31;31;31;31;31;31;31;31;31;195;195,0;195;195;195;195;195,0;195;195;195,0;195;195,0;1,000000000000000;1,000000000000000;1,000000000000000;1,000000000000000;1,000000000000000;1,000000000000000;1,000000000000000;1,000000000000000;1,000000000000000;1,000000000000000;1,000000000000000
2022-05-26;alle;39;39,0;39;39;39;39;39;39;39;39;39;39;287;287,0;287;287;287;287;287,0;287;287;287,0;287;287,0;NA;NA;NA;NA;NA;NA;NA;NA;NA;NA;NA
2022-05-25;0-60;18;18,0;18;18;18;18;18;18;18;18;18;18;103;103,0;103;103;103;103;103,0;103;103;103,0;103;103,0;1,000000000000000;1,000000000000000;1,000000000000000;1,000000000000000;1,000000000000000;1,000000000000000;1,000000000000000;1,000000000000000;1,000000000000000;1,000000000000000;1,000000000000000
2022-05-25;60+;35;35,0;35;35;35;35;35;35;35;35;35;35;200;200,0;200;200;200;200;200,0;200;200;200,0;200;200,0;1,000000000000000;1,000000000000000;1,000000000000000;1,000000000000000;1,000000000000000;1,000000000000000;1,000000000000000;1,000000000000000;1,000000000000000;1,000000000000000;1,000000000000000
2022-05-25;alle;53;53,0;53;53;53;53;53;53;53;53;53;53;303;303,0;303;303;303;303;303,0;303;303;303,0;303;303,0;NA;NA;NA;NA;NA;NA;NA;NA;NA;NA;NA
2022-05-24;0-60;34;34,0;34;34;34;34;34;34;34;34;34;34;114;114,0;114;114;114;114;114,0;114;114;114,0;114;114,0;1,000000000000000;1,000000000000000;1,000000000000000;1,000000000000000;1,000000000000000;1,000000000000000;1,000000000000000;1,000000000000000;1,000000000000000;1,000000000000000;1,000000000000000
2022-05-24;60+;49;49,0;49;49;49;49;49;49;49;49;49;49;216;216,0;216;216;216;216;216,0;216;216;216,0;216;216,0;1,000000000000000;1,000000000000000;1,000000000000000;1,000000000000000;1,000000000000000;1,000000000000000;1,000000000000000;1,000000000000000;1,000000000000000;1,000000000000000;1,000000000000000
2022-05-24;alle;83;83,0;83;83;83;83;83;83;83;83;83;83;330;330,0;330;330;330;330;330,0;330;330;330,0;330;330,0;NA;NA;NA;NA;NA;NA;NA;NA;NA;NA;NA
2022-05-23;0-60;1;1,0;1;1;1;1;1;1;1;1;1;1;121;121,0;121;121;121;121;121,0;121;121;121,0;121;121,0;1,000000000000000;1,000000000000000;1,000000000000000;1,000000000000000;1,000000000000000;1,000000000000000;1,000000000000000;1,000000000000000;1,000000000000000;1,000000000000000;1,000000000000000
2022-05-23;60+;6;6,0;6;6;6;6;6;6;6;6;6;6;236;236,0;236;236;236;236;236,0;236;236;236,0;236;236,0;1,000000000000000;1,000000000000000;1,000000000000000;1,000000000000000;1,000000000000000;1,000000000000000;1,000000000000000;1,000000000000000;1,000000000000000;1,000000000000000;1,000000000000000
2022-05-23;alle;7;7,0;7;7;7;7;7;7;7;7;7;7;357;357,0;357;357;357;357;357,0;357;357;357,0;357;357,0;NA;NA;NA;NA;NA;NA;NA;NA;NA;NA;NA
2022-05-22;0-60;5;5,0;5;5;5;5;5;5;5;5;5;5;121;121,0;121;121;121;121;121,0;121;121;121,0;121;121,0;1,000000000000000;1,000000000000000;1,000000000000000;1,000000000000000;1,000000000000000;1,000000000000000;1,000000000000000;1,000000000000000;1,000000000000000;1,000000000000000;1,000000000000000
2022-05-22;60+;13;13,0;13;13;13;13;13;13;13;13;13;13;242;242,0;242;242;242;242;242,0;242;242;242,0;242;242,0;1,000000000000000;1,000000000000000;1,000000000000000;1,000000000000000;1,000000000000000;1,000000000000000;1,000000000000000;1,000000000000000;1,000000000000000;1,000000000000000;1,000000000000000
2022-05-22;alle;18;18,0;18;18;18;18;18;18;18;18;18;18;363;363,0;363;363;363;363;363,0;363;363;363,0;363;363,0;NA;NA;NA;NA;NA;NA;NA;NA;NA;NA;NA
2022-05-21;0-60;15;15,0;15;15;15;15;15;15;15;15;15;15;121;121,0;121;121;121;121;121,0;121;121;121,0;121;121,0;1,000000000000000;1,000000000000000;1,000000000000000;1,000000000000000;1,000000000000000;1,000000000000000;1,000000000000000;1,000000000000000;1,000000000000000;1,000000000000000;1,000000000000000
2022-05-21;60+;28;28,0;28;28;28;28;28;28;28;28;28;28;241;241,0;241;241;241;241;241,0;241;241;241,0;241;241,0;1,000000000000000;1,000000000000000;1,000000000000000;1,000000000000000;1,000000000000000;1,000000000000000;1,000000000000000;1,000000000000000;1,000000000000000;1,000000000000000;1,000000000000000
2022-05-21;alle;43;43,0;43;43;43;43;43;43;43;43;43;43;362;362,0;362;362;362;362;362,0;362;362;362,0;362;362,0;NA;NA;NA;NA;NA;NA;NA;NA;NA;NA;NA
2022-05-20;0-60;11;11,0;11;11;11;11;11;11;11;11;11;11;124;124,0;124;124;124;124;124,0;124;124;124,0;124;124,0;1,000000000000000;1,000000000000000;1,000000000000000;1,000000000000000;1,000000000000000;1,000000000000000;1,000000000000000;1,000000000000000;1,000000000000000;1,000000000000000;1,000000000000000
2022-05-20;60+;33;33,0;33;33;33;33;33;33;33;33;33;33;258;258,0;258;258;258;258;258,0;258;258;258,0;258;258,0;1,000000000000000;1,000000000000000;1,000000000000000;1,000000000000000;1,000000000000000;1,000000000000000;1,000000000000000;1,000000000000000;1,000000000000000;1,000000000000000;1,000000000000000
2022-05-20;alle;44;44,0;44;44;44;44;44;44;44;44;44;44;382;382,0;382;382;382;382;382,0;382;382;382,0;382;382,0;NA;NA;NA;NA;NA;NA;NA;NA;NA;NA;NA
2022-05-19;0-60;19;19,0;19;19;19;19;19;19;19;19;19;19;133;133,0;133;133;133;133;133,0;133;133;133,0;133;133,0;1,000000000000000;1,000000000000000;1,000000000000000;1,000000000000000;1,000000000000000;1,000000000000000;1,000000000000000;1,000000000000000;1,000000000000000;1,000000000000000;1,000000000000000
2022-05-19;60+;36;36,0;36;36;36;36;36;36;36;36;36;36;270;270,0;270;270;270;270;270,0;270;270;270,0;270;270,0;1,000000000000000;1,000000000000000;1,000000000000000;1,000000000000000;1,000000000000000;1,000000000000000;1,000000000000000;1,000000000000000;1,000000000000000;1,000000000000000;1,000000000000000
2022-05-19;alle;55;55,0;55;55;55;55;55;55;55;55;55;55;403;403,0;403;403;403;403;403,0;403;403;403,0;403;403,0;NA;NA;NA;NA;NA;NA;NA;NA;NA;NA;NA
2022-05-18;0-60;29;29,0;29;29;29;29;29;29;29;29;29;29;141;141,0;141;141;141;141;141,0;141;141;141,0;141;141,0;1,000000000000000;1,000000000000000;1,000000000000000;1,000000000000000;1,000000000000000;1,000000000000000;1,000000000000000;1,000000000000000;1,000000000000000;1,000000000000000;1,000000000000000
2022-05-18;60+;51;51,0;51;51;51;51;51;51;51;51;51;51;289;289,0;289;289;289;289;289,0;289;289;289,0;289;289,0;1,000000000000000;1,000000000000000;1,000000000000000;1,000000000000000;1,000000000000000;1,000000000000000;1,000000000000000;1,000000000000000;1,000000000000000;1,000000000000000;1,000000000000000
2022-05-18;alle;80;80,0;80;80;80;80;80;80;80;80;80;80;430;430,0;430;430;430;430;430,0;430;430;430,0;430;430,0;NA;NA;NA;NA;NA;NA;NA;NA;NA;NA;NA
2022-05-17;0-60;41;41,0;41;41;41;41;41;41;41;41;41;41;142;142,0;142;142;142;142;142,0;142;142;142,0;142;142,0;1,000000000000000;1,000000000000000;1,000000000000000;1,000000000000000;1,000000000000000;1,000000000000000;1,000000000000000;1,000000000000000;1,000000000000000;1,000000000000000;1,000000000000000
2022-05-17;60+;69;69,0;69;69;69;69;69;69;69;69;69;69;301;301,0;301;301;301;301;301,0;301;301;301,0;301;301,0;1,000000000000000;1,000000000000000;1,000000000000000;1,000000000000000;1,000000000000000;1,000000000000000;1,000000000000000;1,000000000000000;1,000000000000000;1,000000000000000;1,000000000000000
2022-05-17;alle;110;110,0;110;110;110;110;110;110;110;110;110;110;443;443,0;443;443;443;443;443,0;443;443;443,0;443;443,0;NA;NA;NA;NA;NA;NA;NA;NA;NA;NA;NA
2022-05-16;0-60;1;1,0;1;1;1;1;1;1;1;1;1;1;139;139,0;139;139;139;139;139,0;139;139;139,0;139;139,0;1,000000000000000;1,000000000000000;1,000000000000000;1,000000000000000;1,000000000000000;1,000000000000000;1,000000000000000;1,000000000000000;1,000000000000000;1,000000000000000;1,000000000000000
2022-05-16;60+;12;12,0;12;12;12;12;12;12;12;12;12;12;314;314,0;314;314;314;314;314,0;314;314;314,0;314;314,0;1,000000000000000;1,000000000000000;1,000000000000000;1,000000000000000;1,000000000000000;1,000000000000000;1,000000000000000;1,000000000000000;1,000000000000000;1,000000000000000;1,000000000000000
2022-05-16;alle;13;13,0;13;13;13;13;13;13;13;13;13;13;453;453,0;453;453;453;453;453,0;453;453;453,0;453;453,0;NA;NA;NA;NA;NA;NA;NA;NA;NA;NA;NA
2022-05-15;0-60;5;5,0;5;5;5;5;5;5;5;5;5;5;139;139,0;139;139;139;139;139,0;139;139;139,0;139;139,0;1,000000000000000;1,000000000000000;1,000000000000000;1,000000000000000;1,000000000000000;1,000000000000000;1,000000000000000;1,000000000000000;1,000000000000000;1,000000000000000;1,000000000000000
2022-05-15;60+;12;12,0;12;12;12;12;12;12;12;12;12;12;314;314,0;314;314;314;314;314,0;314;314;314,0;314;314,0;1,000000000000000;1,000000000000000;1,000000000000000;1,000000000000000;1,000000000000000;1,000000000000000;1,000000000000000;1,000000000000000;1,000000000000000;1,000000000000000;1,000000000000000
2022-05-15;alle;17;17,0;17;17;17;17;17;17;17;17;17;17;453;453,0;453;453;453;453;453,0;453;453;453,0;453;453,0;NA;NA;NA;NA;NA;NA;NA;NA;NA;NA;NA
2022-05-14;0-60;18;18,0;18;18;18;18;18;18;18;18;18;18;142;142,0;142;142;142;142;142,0;142;142;142,0;142;142,0;1,000000000000000;1,000000000000000;1,000000000000000;1,000000000000000;1,000000000000000;1,000000000000000;1,000000000000000;1,000000000000000;1,000000000000000;1,000000000000000;1,000000000000000
2022-05-14;60+;45;45,0;45;45;45;45;45;45;45;45;45;45;314;314,0;314;314;314;314;314,0;314;314;314,0;314;314,0;1,000000000000000;1,000000000000000;1,000000000000000;1,000000000000000;1,000000000000000;1,000000000000000;1,000000000000000;1,000000000000000;1,000000000000000;1,000000000000000;1,000000000000000
2022-05-14;alle;63;63,0;63;63;63;63;63;63;63;63;63;63;456;456,0;456;456;456;456;456,0;456;456;456,0;456;456,0;NA;NA;NA;NA;NA;NA;NA;NA;NA;NA;NA
2022-05-13;0-60;20;20,0;20;20;20;20;20;20;20;20;20;20;146;146,0;146;146;146;146;146,0;146;146;146,0;146;146,0;1,000000000000000;1,000000000000000;1,000000000000000;1,000000000000000;1,000000000000000;1,000000000000000;1,000000000000000;1,000000000000000;1,000000000000000;1,000000000000000;1,000000000000000
2022-05-13;60+;45;45,0;45;45;45;45;45;45;45;45;45;45;315;315,0;315;315;315;315;315,0;315;315;315,0;315;315,0;1,000000000000000;1,000000000000000;1,000000000000000;1,000000000000000;1,000000000000000;1,000000000000000;1,000000000000000;1,000000000000000;1,000000000000000;1,000000000000000;1,000000000000000
2022-05-13;alle;65;65,0;65;65;65;65;65;65;65;65;65;65;461;461,0;461;461;461;461;461,0;461;461;461,0;461;461,0;NA;NA;NA;NA;NA;NA;NA;NA;NA;NA;NA
2022-05-12;0-60;27;27,0;27;27;27;27;27;27;27;27;27;27;149;149,0;149;149;149;149;149,0;149;149;149,0;149;149,0;1,000000000000000;1,000000000000000;1,000000000000000;1,000000000000000;1,000000000000000;1,000000000000000;1,000000000000000;1,000000000000000;1,000000000000000;1,000000000000000;1,000000000000000
2022-05-12;60+;55;55,0;55;55;55;55;55;55;55;55;55;55;337;337,0;337;337;337;337;337,0;337;337;337,0;337;337,0;1,000000000000000;1,000000000000000;1,000000000000000;1,000000000000000;1,000000000000000;1,000000000000000;1,000000000000000;1,000000000000000;1,000000000000000;1,000000000000000;1,000000000000000
2022-05-12;alle;82;82,0;82;82;82;82;82;82;82;82;82;82;486;486,0;486;486;486;486;486,0;486;486;486,0;486;486,0;NA;NA;NA;NA;NA;NA;NA;NA;NA;NA;NA
2022-05-11;0-60;30;30,0;30;30;30;30;30;30;30;30;30;30;154;154,0;154;154;154;154;154,0;154;154;154,0;154;154,0;1,000000000000000;1,000000000000000;1,000000000000000;1,000000000000000;1,000000000000000;1,000000000000000;1,000000000000000;1,000000000000000;1,000000000000000;1,000000000000000;1,000000000000000
2022-05-11;60+;63;63,0;63;63;63;63;63;63;63;63;63;63;351;351,0;351;351;351;351;351,0;351;351;351,0;351;351,0;1,000000000000000;1,000000000000000;1,000000000000000;1,000000000000000;1,000000000000000;1,000000000000000;1,000000000000000;1,000000000000000;1,000000000000000;1,000000000000000;1,000000000000000
2022-05-11;alle;93;93,0;93;93;93;93;93;93;93;93;93;93;505;505,0;505;505;505;505;505,0;505;505;505,0;505;505,0;NA;NA;NA;NA;NA;NA;NA;NA;NA;NA;NA
2022-05-10;0-60;38;38,0;38;38;38;38;38;38;38;38;38;38;150;150,0;150;150;150;150;150,0;150;150;150,0;150;150,0;1,000000000000000;1,000000000000000;1,000000000000000;1,000000000000000;1,000000000000000;1,000000000000000;1,000000000000000;1,000000000000000;1,000000000000000;1,000000000000000;1,000000000000000
2022-05-10;60+;82;82,0;82;82;82;82;82;82;82;82;82;82;388;388,0;388;388;388;388;388,0;388;388;388,0;388;388,0;1,000000000000000;1,000000000000000;1,000000000000000;1,000000000000000;1,000000000000000;1,000000000000000;1,000000000000000;1,000000000000000;1,000000000000000;1,000000000000000;1,000000000000000
2022-05-10;alle;120;120,0;120;120;120;120;120;120;120;120;120;120;538;538,0;538;538;538;538;538,0;538;538;538,0;538;538,0;NA;NA;NA;NA;NA;NA;NA;NA;NA;NA;NA
2022-05-09;0-60;1;1,0;1;1;1;1;1;1;1;1;1;1;146;146,0;146;146;146;146;146,0;146;146;146,0;146;146,0;1,000000000000000;1,000000000000000;1,000000000000000;1,000000000000000;1,000000000000000;1,000000000000000;1,000000000000000;1,000000000000000;1,000000000000000;1,000000000000000;1,000000000000000
2022-05-09;60+;12;12,0;12;12;12;12;12;12;12;12;12;12;396;396,0;396;396;396;396;396,0;396;396;396,0;396;396,0;1,000000000000000;1,000000000000000;1,000000000000000;1,000000000000000;1,000000000000000;1,000000000000000;1,000000000000000;1,000000000000000;1,000000000000000;1,000000000000000;1,000000000000000
2022-05-09;alle;13;13,0;13;13;13;13;13;13;13;13;13;13;542;542,0;542;542;542;542;542,0;542;542;542,0;542;542,0;NA;NA;NA;NA;NA;NA;NA;NA;NA;NA;NA
2022-05-08;0-60;8;8,0;8;8;8;8;8;8;8;8;8;8;152;152,0;152;152;152;152;152,0;152;152;152,0;152;152,0;1,000000000000000;1,000000000000000;1,000000000000000;1,000000000000000;1,000000000000000;1,000000000000000;1,000000000000000;1,000000000000000;1,000000000000000;1,000000000000000;1,000000000000000
2022-05-08;60+;12;12,0;12;12;12;12;12;12;12;12;12;12;401;401,0;401;401;401;401;401,0;401;401;401,0;401;401,0;1,000000000000000;1,000000000000000;1,000000000000000;1,000000000000000;1,000000000000000;1,000000000000000;1,000000000000000;1,000000000000000;1,000000000000000;1,000000000000000;1,000000000000000
2022-05-08;alle;20;20,0;20;20;20;20;20;20;20;20;20;20;553;553,0;553;553;553;553;553,0;553;553;553,0;553;553,0;NA;NA;NA;NA;NA;NA;NA;NA;NA;NA;NA
2022-05-07;0-60;22;22,0;22;22;22;22;22;22;22;22;22;22;151;151,0;151;151;151;151;151,0;151;151;151,0;151;151,0;1,000000000000000;1,000000000000000;1,000000000000000;1,000000000000000;1,000000000000000;1,000000000000000;1,000000000000000;1,000000000000000;1,000000000000000;1,000000000000000;1,000000000000000
2022-05-07;60+;46;46,0;46;46;46;46;46;46;46;46;46;46;416;416,0;416;416;416;416;416,0;416;416;416,0;416;416,0;1,000000000000000;1,000000000000000;1,000000000000000;1,000000000000000;1,000000000000000;1,000000000000000;1,000000000000000;1,000000000000000;1,000000000000000;1,000000000000000;1,000000000000000
2022-05-07;alle;68;68,0;68;68;68;68;68;68;68;68;68;68;567;567,0;567;567;567;567;567,0;567;567;567,0;567;567,0;NA;NA;NA;NA;NA;NA;NA;NA;NA;NA;NA
2022-05-06;0-60;23;23,0;23;23;23;23;23;23;23;23;23;23;157;157,0;157;157;157;157;157,0;157;157;157,0;157;157,0;1,000000000000000;1,000000000000000;1,000000000000000;1,000000000000000;1,000000000000000;1,000000000000000;1,000000000000000;1,000000000000000;1,000000000000000;1,000000000000000;1,000000000000000
2022-05-06;60+;67;67,0;67;67;67;67;67;67;67;67;67;67;447;447,0;447;447;447;447;447,0;447;447;447,0;447;447,0;1,000000000000000;1,000000000000000;1,000000000000000;1,000000000000000;1,000000000000000;1,000000000000000;1,000000000000000;1,000000000000000;1,000000000000000;1,000000000000000;1,000000000000000
2022-05-06;alle;90;90,0;90;90;90;90;90;90;90;90;90;90;604;604,0;604;604;604;604;604,0;604;604;604,0;604;604,0;NA;NA;NA;NA;NA;NA;NA;NA;NA;NA;NA
2022-05-05;0-60;32;32,0;32;32;32;32;32;32;32;32;32;32;165;165,0;165;165;165;165;165,0;165;165;165,0;165;165,0;1,000000000000000;1,000000000000000;1,000000000000000;1,000000000000000;1,000000000000000;1,000000000000000;1,000000000000000;1,000000000000000;1,000000000000000;1,000000000000000;1,000000000000000
2022-05-05;60+;69;69,0;69;69;69;69;69;69;69;69;69;69;466;466,0;466;466;466;466;466,0;466;466;466,0;466;466,0;1,000000000000000;1,000000000000000;1,000000000000000;1,000000000000000;1,000000000000000;1,000000000000000;1,000000000000000;1,000000000000000;1,000000000000000;1,000000000000000;1,000000000000000
2022-05-05;alle;101;101,0;101;101;101;101;101;101;101;101;101;101;631;631,0;631;631;631;631;631,0;631;631;631,0;631;631,0;NA;NA;NA;NA;NA;NA;NA;NA;NA;NA;NA
2022-05-04;0-60;26;26,0;26;26;26;26;26;26;26;26;26;26;170;170,0;170;170;170;170;170,0;170;170;170,0;170;170,0;1,000000000000000;1,000000000000000;1,000000000000000;1,000000000000000;1,000000000000000;1,000000000000000;1,000000000000000;1,000000000000000;1,000000000000000;1,000000000000000;1,000000000000000
2022-05-04;60+;100;100,0;100;100;100;100;100;100;100;100;100;100;481;481,0;481;481;481;481;481,0;481;481;481,0;481;481,0;1,000000000000000;1,000000000000000;1,000000000000000;1,000000000000000;1,000000000000000;1,000000000000000;1,000000000000000;1,000000000000000;1,000000000000000;1,000000000000000;1,000000000000000
2022-05-04;alle;126;126,0;126;126;126;126;126;126;126;126;126;126;651;651,0;651;651;651;651;651,0;651;651;651,0;651;651,0;NA;NA;NA;NA;NA;NA;NA;NA;NA;NA;NA
2022-05-03;0-60;34;34,0;34;34;34;34;34;34;34;34;34;34;190;190,0;190;190;190;190;190,0;190;190;190,0;190;190,0;1,000000000000000;1,000000000000000;1,000000000000000;1,000000000000000;1,000000000000000;1,000000000000000;1,000000000000000;1,000000000000000;1,000000000000000;1,000000000000000;1,000000000000000
2022-05-03;60+;90;90,0;90;90;90;90;90;90;90;90;90;90;484;484,0;484;484;484;484;484,0;484;484;484,0;484;484,0;1,000000000000000;1,000000000000000;1,000000000000000;1,000000000000000;1,000000000000000;1,000000000000000;1,000000000000000;1,000000000000000;1,000000000000000;1,000000000000000;1,000000000000000
2022-05-03;alle;124;124,0;124;124;124;124;124;124;124;124;124;124;674;674,0;674;674;674;674;674,0;674;674;674,0;674;674,0;NA;NA;NA;NA;NA;NA;NA;NA;NA;NA;NA
2022-05-02;0-60;7;7,0;7;7;7;7;7;7;7;7;7;7;209;209,0;209;209;209;209;209,0;209;209;209,0;209;209,0;1,000000000000000;1,000000000000000;1,000000000000000;1,000000000000000;1,000000000000000;1,000000000000000;1,000000000000000;1,000000000000000;1,000000000000000;1,000000000000000;1,000000000000000
2022-05-02;60+;17;17,0;17;17;17;17;17;17;17;17;17;17;515;515,0;515;515;515;515;515,0;515;515;515,0;515;515,0;1,000000000000000;1,000000000000000;1,000000000000000;1,000000000000000;1,000000000000000;1,000000000000000;1,000000000000000;1,000000000000000;1,000000000000000;1,000000000000000;1,000000000000000
2022-05-02;alle;24;24,0;24;24;24;24;24;24;24;24;24;24;724;724,0;724;724;724;724;724,0;724;724;724,0;724;724,0;NA;NA;NA;NA;NA;NA;NA;NA;NA;NA;NA
2022-05-01;0-60;7;7,0;7;7;7;7;7;7;7;7;7;7;217;217,0;217;217;217;217;217,0;217;217;217,0;217;217,0;1,000000000000000;1,000000000000000;1,000000000000000;1,000000000000000;1,000000000000000;1,000000000000000;1,000000000000000;1,000000000000000;1,000000000000000;1,000000000000000;1,000000000000000
2022-05-01;60+;27;27,0;27;27;27;27;27;27;27;27;27;27;521;521,0;521;521;521;521;521,0;521;521;521,0;521;521,0;1,000000000000000;1,000000000000000;1,000000000000000;1,000000000000000;1,000000000000000;1,000000000000000;1,000000000000000;1,000000000000000;1,000000000000000;1,000000000000000;1,000000000000000
2022-05-01;alle;34;34,0;34;34;34;34;34;34;34;34;34;34;738;738,0;738;738;738;738;738,0;738;738;738,0;738;738,0;NA;NA;NA;NA;NA;NA;NA;NA;NA;NA;NA
2022-04-30;0-60;28;28,0;28;28;28;28;28;28;28;28;28;28;222;222,0;222;222;222;222;222,0;222;222;222,0;222;222,0;1,000000000000000;1,000000000000000;1,000000000000000;1,000000000000000;1,000000000000000;1,000000000000000;1,000000000000000;1,000000000000000;1,000000000000000;1,000000000000000;1,000000000000000
2022-04-30;60+;77;77,0;77;77;77;77;77;77;77;77;77;77;517;517,0;517;517;517;517;517,0;517;517;517,0;517;517,0;1,000000000000000;1,000000000000000;1,000000000000000;1,000000000000000;1,000000000000000;1,000000000000000;1,000000000000000;1,000000000000000;1,000000000000000;1,000000000000000;1,000000000000000
2022-04-30;alle;105;105,0;105;105;105;105;105;105;105;105;105;105;739;739,0;739;739;739;739;739,0;739;739;739,0;739;739,0;NA;NA;NA;NA;NA;NA;NA;NA;NA;NA;NA
2022-04-29;0-60;31;31,0;31;31;31;31;31;31;31;31;31;31;246;246,0;246;246;246;246;246,0;246;246;246,0;246;246,0;1,000000000000000;1,000000000000000;1,000000000000000;1,000000000000000;1,000000000000000;1,000000000000000;1,000000000000000;1,000000000000000;1,000000000000000;1,000000000000000;1,000000000000000
2022-04-29;60+;86;86,0;86;86;86;86;86;86;86;86;86;86;514;514,0;514;514;514;514;514,0;514;514;514,0;514;514,0;1,000000000000000;1,000000000000000;1,000000000000000;1,000000000000000;1,000000000000000;1,000000000000000;1,000000000000000;1,000000000000000;1,000000000000000;1,000000000000000;1,000000000000000
2022-04-29;alle;117;117,0;117;117;117;117;117;117;117;117;117;117;760;760,0;760;760;760;760;760,0;760;760;760,0;760;760,0;NA;NA;NA;NA;NA;NA;NA;NA;NA;NA;NA
2022-04-28;0-60;37;37,0;37;37;37;37;37;37;37;37;37;37;265;265,0;265;265;265;265;265,0;265;265;265,0;265;265,0;1,000000000000000;1,000000000000000;1,000000000000000;1,000000000000000;1,000000000000000;1,000000000000000;1,000000000000000;1,000000000000000;1,000000000000000;1,000000000000000;1,000000000000000
2022-04-28;60+;84;84,0;84;84;84;84;84;84;84;84;84;84;528;528,0;528;528;528;528;528,0;528;528;528,0;528;528,0;1,000000000000000;1,000000000000000;1,000000000000000;1,000000000000000;1,000000000000000;1,000000000000000;1,000000000000000;1,000000000000000;1,000000000000000;1,000000000000000;1,000000000000000
2022-04-28;alle;121;121,0;121;121;121;121;121;121;121;121;121;121;793;793,0;793;793;793;793;793,0;793;793;793,0;793;793,0;NA;NA;NA;NA;NA;NA;NA;NA;NA;NA;NA
2022-04-27;0-60;46;46,0;46;46;46;46;46;46;46;46;46;46;293;293,0;293;293;293;293;293,0;293;293;293,0;293;293,0;1,000000000000000;1,000000000000000;1,000000000000000;1,000000000000000;1,000000000000000;1,000000000000000;1,000000000000000;1,000000000000000;1,000000000000000;1,000000000000000;1,000000000000000
2022-04-27;60+;103;103,0;103;103;103;103;103;103;103;103;103;103;578;578,0;578;578;578;578;578,0;578;578;578,0;578;578,0;1,000000000000000;1,000000000000000;1,000000000000000;1,000000000000000;1,000000000000000;1,000000000000000;1,000000000000000;1,000000000000000;1,000000000000000;1,000000000000000;1,000000000000000
2022-04-27;alle;149;149,0;149;149;149;149;149;149;149;149;149;149;871;871,0;871;871;871;871;871,0;871;871;871,0;871;871,0;NA;NA;NA;NA;NA;NA;NA;NA;NA;NA;NA
2022-04-26;0-60;53;53,0;53;53;53;53;53;53;53;53;53;53;333;333,0;333;333;333;333;333,0;333;333;333,0;333;333,0;1,000000000000000;1,000000000000000;1,000000000000000;1,000000000000000;1,000000000000000;1,000000000000000;1,000000000000000;1,000000000000000;1,000000000000000;1,000000000000000;1,000000000000000
2022-04-26;60+;121;121,0;121;121;121;121;121;121;121;121;121;121;649;649,0;649;649;649;649;649,0;649;649;649,0;649;649,0;1,000000000000000;1,000000000000000;1,000000000000000;1,000000000000000;1,000000000000000;1,000000000000000;1,000000000000000;1,000000000000000;1,000000000000000;1,000000000000000;1,000000000000000
2022-04-26;alle;174;174,0;174;174;174;174;174;174;174;174;174;174;982;982,0;982;982;982;982;982,0;982;982;982,0;982;982,0;NA;NA;NA;NA;NA;NA;NA;NA;NA;NA;NA
2022-04-25;0-60;15;15,0;15;15;15;15;15;15;15;15;15;15;290;290,0;290;290;290;290;290,0;290;290;290,0;290;290,0;1,000000000000000;1,000000000000000;1,000000000000000;1,000000000000000;1,000000000000000;1,000000000000000;1,000000000000000;1,000000000000000;1,000000000000000;1,000000000000000;1,000000000000000
2022-04-25;60+;23;23,0;23;23;23;23;23;23;23;23;23;23;568;568,0;568;568;568;568;568,0;568;568;568,0;568;568,0;1,000000000000000;1,000000000000000;1,000000000000000;1,000000000000000;1,000000000000000;1,000000000000000;1,000000000000000;1,000000000000000;1,000000000000000;1,000000000000000;1,000000000000000
2022-04-25;alle;38;38,0;38;38;38;38;38;38;38;38;38;38;858;858,0;858;858;858;858;858,0;858;858;858,0;858;858,0;NA;NA;NA;NA;NA;NA;NA;NA;NA;NA;NA
2022-04-24;0-60;12;12,0;12;12;12;12;12;12;12;12;12;12;282;282,0;282;282;282;282;282,0;282;282;282,0;282;282,0;1,000000000000000;1,000000000000000;1,000000000000000;1,000000000000000;1,000000000000000;1,000000000000000;1,000000000000000;1,000000000000000;1,000000000000000;1,000000000000000;1,000000000000000
2022-04-24;60+;23;23,0;23;23;23;23;23;23;23;23;23;23;574;574,0;574;574;574;574;574,0;574;574;574,0;574;574,0;1,000000000000000;1,000000000000000;1,000000000000000;1,000000000000000;1,000000000000000;1,000000000000000;1,000000000000000;1,000000000000000;1,000000000000000;1,000000000000000;1,000000000000000
2022-04-24;alle;35;35,0;35;35;35;35;35;35;35;35;35;35;856;856,0;856;856;856;856;856,0;856;856;856,0;856;856,0;NA;NA;NA;NA;NA;NA;NA;NA;NA;NA;NA
2022-04-23;0-60;52;52,0;52;52;52;52;52;52;52;52;52;52;287;287,0;287;287;287;287;287,0;287;287;287,0;287;287,0;1,000000000000000;1,000000000000000;1,000000000000000;1,000000000000000;1,000000000000000;1,000000000000000;1,000000000000000;1,000000000000000;1,000000000000000;1,000000000000000;1,000000000000000
2022-04-23;60+;74;74,0;74;74;74;74;74;74;74;74;74;74;579;579,0;579;579;579;579;579,0;579;579;579,0;579;579,0;1,000000000000000;1,000000000000000;1,000000000000000;1,000000000000000;1,000000000000000;1,000000000000000;1,000000000000000;1,000000000000000;1,000000000000000;1,000000000000000;1,000000000000000
2022-04-23;alle;126;126,0;126;126;126;126;126;126;126;126;126;126;866;866,0;866;866;866;866;866,0;866;866;866,0;866;866,0;NA;NA;NA;NA;NA;NA;NA;NA;NA;NA;NA
2022-04-22;0-60;50;50,0;50;50;50;50;50;50;50;50;50;50;249;249,0;249;249;249;249;249,0;249;249;249,0;249;249,0;1,000000000000000;1,000000000000000;1,000000000000000;1,000000000000000;1,000000000000000;1,000000000000000;1,000000000000000;1,000000000000000;1,000000000000000;1,000000000000000;1,000000000000000
2022-04-22;60+;100;100,0;100;100;100;100;100;100;100;100;100;100;541;541,0;541;541;541;541;541,0;541;541;541,0;541;541,0;1,000000000000000;1,000000000000000;1,000000000000000;1,000000000000000;1,000000000000000;1,000000000000000;1,000000000000000;1,000000000000000;1,000000000000000;1,000000000000000;1,000000000000000
2022-04-22;alle;150;150,0;150;150;150;150;150;150;150;150;150;150;790;790,0;790;790;790;790;790,0;790;790;790,0;790;790,0;NA;NA;NA;NA;NA;NA;NA;NA;NA;NA;NA
2022-04-21;0-60;65;65,0;65;65;65;65;65;65;65;65;65;65;255;255,0;255;255;255;255;255,0;255;255;255,0;255;255,0;1,000000000000000;1,000000000000000;1,000000000000000;1,000000000000000;1,000000000000000;1,000000000000000;1,000000000000000;1,000000000000000;1,000000000000000;1,000000000000000;1,000000000000000
2022-04-21;60+;134;134,0;134;134;134;134;134;134;134;134;134;134;561;561,0;561;561;561;561;561,0;561;561;561,0;561;561,0;1,000000000000000;1,000000000000000;1,000000000000000;1,000000000000000;1,000000000000000;1,000000000000000;1,000000000000000;1,000000000000000;1,000000000000000;1,000000000000000;1,000000000000000
2022-04-21;alle;199;199,0;199;199;199;199;199;199;199;199;199;199;816;816,0;816;816;816;816;816,0;816;816;816,0;816;816,0;NA;NA;NA;NA;NA;NA;NA;NA;NA;NA;NA
2022-04-20;0-60;86;86,0;86;86;86;86;86;86;86;86;86;86;235;235,0;235;235;235;235;235,0;235;235;235,0;235;235,0;1,000000000000000;1,000000000000000;1,000000000000000;1,000000000000000;1,000000000000000;1,000000000000000;1,000000000000000;1,000000000000000;1,000000000000000;1,000000000000000;1,000000000000000
2022-04-20;60+;174;174,0;174;174;174;174;174;174;174;174;174;174;534;534,0;534;534;534;534;534,0;534;534;534,0;534;534,0;1,000000000000000;1,000000000000000;1,000000000000000;1,000000000000000;1,000000000000000;1,000000000000000;1,000000000000000;1,000000000000000;1,000000000000000;1,000000000000000;1,000000000000000
2022-04-20;alle;260;260,0;260;260;260;260;260;260;260;260;260;260;769;769,0;769;769;769;769;769,0;769;769;769,0;769;769,0;NA;NA;NA;NA;NA;NA;NA;NA;NA;NA;NA
2022-04-19;0-60;10;10,0;10;10;10;10;10;10;10;10;10;10;204;204,0;204;204;204;204;204,0;204;204;204,0;204;204,0;1,000000000000000;1,000000000000000;1,000000000000000;1,000000000000000;1,000000000000000;1,000000000000000;1,000000000000000;1,000000000000000;1,000000000000000;1,000000000000000;1,000000000000000
2022-04-19;60+;40;40,0;40;40;40;40;40;40;40;40;40;40;486;486,0;486;486;486;486;486,0;486;486;486,0;486;486,0;1,000000000000000;1,000000000000000;1,000000000000000;1,000000000000000;1,000000000000000;1,000000000000000;1,000000000000000;1,000000000000000;1,000000000000000;1,000000000000000;1,000000000000000
2022-04-19;alle;50;50,0;50;50;50;50;50;50;50;50;50;50;690;690,0;690;690;690;690;690,0;690;690;690,0;690;690,0;NA;NA;NA;NA;NA;NA;NA;NA;NA;NA;NA
2022-04-18;0-60;7;7,0;7;7;7;7;7;7;7;7;7;7;271;271,0;271;271;271;271;271,0;271;271;271,0;271;271,0;1,000000000000000;1,000000000000000;1,000000000000000;1,000000000000000;1,000000000000000;1,000000000000000;1,000000000000000;1,000000000000000;1,000000000000000;1,000000000000000;1,000000000000000
2022-04-18;60+;29;29,0;29;29;29;29;29;29;29;29;29;29;600;600,0;600;600;600;600;600,0;600;600;600,0;600;600,0;1,000000000000000;1,000000000000000;1,000000000000000;1,000000000000000;1,000000000000000;1,000000000000000;1,000000000000000;1,000000000000000;1,000000000000000;1,000000000000000;1,000000000000000
2022-04-18;alle;36;36,0;36;36;36;36;36;36;36;36;36;36;871;871,0;871;871;871;871;871,0;871;871;871,0;871;871,0;NA;NA;NA;NA;NA;NA;NA;NA;NA;NA;NA
2022-04-17;0-60;17;17,0;17;17;17;17;17;17;17;17;17;17;277;277,0;277;277;277;277;277,0;277;277;277,0;277;277,0;1,000000000000000;1,000000000000000;1,000000000000000;1,000000000000000;1,000000000000000;1,000000000000000;1,000000000000000;1,000000000000000;1,000000000000000;1,000000000000000;1,000000000000000
2022-04-17;60+;28;28,0;28;28;28;28;28;28;28;28;28;28;593;593,0;593;593;593;593;593,0;593;593;593,0;593;593,0;1,000000000000000;1,000000000000000;1,000000000000000;1,000000000000000;1,000000000000000;1,000000000000000;1,000000000000000;1,000000000000000;1,000000000000000;1,000000000000000;1,000000000000000
2022-04-17;alle;45;45,0;45;45;45;45;45;45;45;45;45;45;870;870,0;870;870;870;870;870,0;870;870;870,0;870;870,0;NA;NA;NA;NA;NA;NA;NA;NA;NA;NA;NA
2022-04-16;0-60;14;14,0;14;14;14;14;14;14;14;14;14;14;279;279,0;279;279;279;279;279,0;279;279;279,0;279;279,0;1,000000000000000;1,000000000000000;1,000000000000000;1,000000000000000;1,000000000000000;1,000000000000000;1,000000000000000;1,000000000000000;1,000000000000000;1,000000000000000;1,000000000000000
2022-04-16;60+;36;36,0;36;36;36;36;36;36;36;36;36;36;608;608,0;608;608;608;608;608,0;608;608;608,0;608;608,0;1,000000000000000;1,000000000000000;1,000000000000000;1,000000000000000;1,000000000000000;1,000000000000000;1,000000000000000;1,000000000000000;1,000000000000000;1,000000000000000;1,000000000000000
2022-04-16;alle;50;50,0;50;50;50;50;50;50;50;50;50;50;887;887,0;887;887;887;887;887,0;887;887;887,0;887;887,0;NA;NA;NA;NA;NA;NA;NA;NA;NA;NA;NA
2022-04-15;0-60;56;56,0;56;56;56;56;56;56;56;56;56;56;331;331,0;331;331;331;331;331,0;331;331;331,0;331;331,0;1,000000000000000;1,000000000000000;1,000000000000000;1,000000000000000;1,000000000000000;1,000000000000000;1,000000000000000;1,000000000000000;1,000000000000000;1,000000000000000;1,000000000000000
2022-04-15;60+;120;120,0;120;120;120;120;120;120;120;120;120;120;667;667,0;667;667;667;667;667,0;667;667;667,0;667;667,0;1,000000000000000;1,000000000000000;1,000000000000000;1,000000000000000;1,000000000000000;1,000000000000000;1,000000000000000;1,000000000000000;1,000000000000000;1,000000000000000;1,000000000000000
2022-04-15;alle;176;176,0;176;176;176;176;176;176;176;176;176;176;998;998,0;998;998;998;998;998,0;998;998;998,0;998;998,0;NA;NA;NA;NA;NA;NA;NA;NA;NA;NA;NA
2022-04-14;0-60;45;45,0;45;45;45;45;45;45;45;45;45;45;316;316,0;316;316;316;316;316,0;316;316;316,0;316;316,0;1,000000000000000;1,000000000000000;1,000000000000000;1,000000000000000;1,000000000000000;1,000000000000000;1,000000000000000;1,000000000000000;1,000000000000000;1,000000000000000;1,000000000000000
2022-04-14;60+;107;107,0;107;107;107;107;107;107;107;107;107;107;652;652,0;652;652;652;652;652,0;652;652;652,0;652;652,0;1,000000000000000;1,000000000000000;1,000000000000000;1,000000000000000;1,000000000000000;1,000000000000000;1,000000000000000;1,000000000000000;1,000000000000000;1,000000000000000;1,000000000000000
2022-04-14;alle;152;152,0;152;152;152;152;152;152;152;152;152;152;968;968,0;968;968;968;968;968,0;968;968;968,0;968;968,0;NA;NA;NA;NA;NA;NA;NA;NA;NA;NA;NA
2022-04-13;0-60;55;55,0;55;55;55;55;55;55;55;55;55;55;342;342,0;342;342;342;342;342,0;342;342;342,0;342;342,0;1,000000000000000;1,000000000000000;1,000000000000000;1,000000000000000;1,000000000000000;1,000000000000000;1,000000000000000;1,000000000000000;1,000000000000000;1,000000000000000;1,000000000000000
2022-04-13;60+;126;126,0;126;126;126;126;126;126;126;126;126;126;691;691,0;691;691;691;691;691,0;691;691;691,0;691;691,0;1,000000000000000;1,000000000000000;1,000000000000000;1,000000000000000;1,000000000000000;1,000000000000000;1,000000000000000;1,000000000000000;1,000000000000000;1,000000000000000;1,000000000000000
2022-04-13;alle;181;181,0;181;181;181;181;181;181;181;181;181;181;1033;1033,0;1033;1033;1033;1033;1033,0;1033;1033;1033,0;1033;1033,0;NA;NA;NA;NA;NA;NA;NA;NA;NA;NA;NA
2022-04-12;0-60;77;77,0;77;77;77;77;77;77;77;77;77;77;369;369,0;369;369;369;369;369,0;369;369;369,0;369;369,0;1,000000000000000;1,000000000000000;1,000000000000000;1,000000000000000;1,000000000000000;1,000000000000000;1,000000000000000;1,000000000000000;1,000000000000000;1,000000000000000;1,000000000000000
2022-04-12;60+;154;154,0;154;154;154;154;154;154;154;154;154;154;701;701,0;701;701;701;701;701,0;701;701;701,0;701;701,0;1,000000000000000;1,000000000000000;1,000000000000000;1,000000000000000;1,000000000000000;1,000000000000000;1,000000000000000;1,000000000000000;1,000000000000000;1,000000000000000;1,000000000000000
2022-04-12;alle;231;231,0;231;231;231;231;231;231;231;231;231;231;1070;1070,0;1070;1070;1070;1070;1070,0;1070;1070;1070,0;1070;1070,0;NA;NA;NA;NA;NA;NA;NA;NA;NA;NA;NA
2022-04-11;0-60;13;13,0;13;13;13;13;13;13;13;13;13;13;378;378,0;378;378;378;378;378,0;378;378;378,0;378;378,0;1,000000000000000;1,000000000000000;1,000000000000000;1,000000000000000;1,000000000000000;1,000000000000000;1,000000000000000;1,000000000000000;1,000000000000000;1,000000000000000;1,000000000000000
2022-04-11;60+;22;22,0;22;22;22;22;22;22;22;22;22;22;704;704,0;704;704;704;704;704,0;704;704;704,0;704;704,0;1,000000000000000;1,000000000000000;1,000000000000000;1,000000000000000;1,000000000000000;1,000000000000000;1,000000000000000;1,000000000000000;1,000000000000000;1,000000000000000;1,000000000000000
2022-04-11;alle;35;35,0;35;35;35;35;35;35;35;35;35;35;1082;1082,0;1082;1082;1082;1082;1082,0;1082;1082;1082,0;1082;1082,0;NA;NA;NA;NA;NA;NA;NA;NA;NA;NA;NA
2022-04-10;0-60;19;19,0;19;19;19;19;19;19;19;19;19;19;381;381,0;381;381;381;381;381,0;381;381;381,0;381;381,0;1,000000000000000;1,000000000000000;1,000000000000000;1,000000000000000;1,000000000000000;1,000000000000000;1,000000000000000;1,000000000000000;1,000000000000000;1,000000000000000;1,000000000000000
2022-04-10;60+;43;43,0;43;43;43;43;43;43;43;43;43;43;701;701,0;701;701;701;701;701,0;701;701;701,0;701;701,0;1,000000000000000;1,000000000000000;1,000000000000000;1,000000000000000;1,000000000000000;1,000000000000000;1,000000000000000;1,000000000000000;1,000000000000000;1,000000000000000;1,000000000000000
2022-04-10;alle;62;62,0;62;62;62;62;62;62;62;62;62;62;1082;1082,0;1082;1082;1082;1082;1082,0;1082;1082;1082,0;1082;1082,0;NA;NA;NA;NA;NA;NA;NA;NA;NA;NA;NA
2022-04-09;0-60;66;66,0;66;66;66;66;66;66;66;66;66;66;381;381,0;381;381;381;381;381,0;381;381;381,0;381;381,0;1,000000000000000;1,000000000000000;1,000000000000000;1,000000000000000;1,000000000000000;1,000000000000000;1,000000000000000;1,000000000000000;1,000000000000000;1,000000000000000;1,000000000000000
2022-04-09;60+;95;95,0;95;95;95;95;95;95;95;95;95;95;703;703,0;703;703;703;703;703,0;703;703;703,0;703;703,0;1,000000000000000;1,000000000000000;1,000000000000000;1,000000000000000;1,000000000000000;1,000000000000000;1,000000000000000;1,000000000000000;1,000000000000000;1,000000000000000;1,000000000000000
2022-04-09;alle;161;161,0;161;161;161;161;161;161;161;161;161;161;1084;1084,0;1084;1084;1084;1084;1084,0;1084;1084;1084,0;1084;1084,0;NA;NA;NA;NA;NA;NA;NA;NA;NA;NA;NA
2022-04-08;0-60;41;41,0;41;41;41;41;41;41;41;41;41;41;378;378,0;378;378;378;378;378,0;378;378;378,0;378;378,0;1,000000000000000;1,000000000000000;1,000000000000000;1,000000000000000;1,000000000000000;1,000000000000000;1,000000000000000;1,000000000000000;1,000000000000000;1,000000000000000;1,000000000000000
2022-04-08;60+;105;105,0;105;105;105;105;105;105;105;105;105;105;736;736,0;736;736;736;736;736,0;736;736;736,0;736;736,0;1,000000000000000;1,000000000000000;1,000000000000000;1,000000000000000;1,000000000000000;1,000000000000000;1,000000000000000;1,000000000000000;1,000000000000000;1,000000000000000;1,000000000000000
2022-04-08;alle;146;146,0;146;146;146;146;146;146;146;146;146;146;1114;1114,0;1114;1114;1114;1114;1114,0;1114;1114;1114,0;1114;1114,0;NA;NA;NA;NA;NA;NA;NA;NA;NA;NA;NA
2022-04-07;0-60;71;71,0;71;71;71;71;71;71;71;71;71;71;415;415,0;415;415;415;415;415,0;415;415;415,0;415;415,0;1,000000000000000;1,000000000000000;1,000000000000000;1,000000000000000;1,000000000000000;1,000000000000000;1,000000000000000;1,000000000000000;1,000000000000000;1,000000000000000;1,000000000000000
2022-04-07;60+;146;146,0;146;146;146;146;146;146;146;146;146;146;790;790,0;790;790;790;790;790,0;790;790;790,0;790;790,0;1,000000000000000;1,000000000000000;1,000000000000000;1,000000000000000;1,000000000000000;1,000000000000000;1,000000000000000;1,000000000000000;1,000000000000000;1,000000000000000;1,000000000000000
2022-04-07;alle;217;217,0;217;217;217;217;217;217;217;217;217;217;1205;1205,0;1205;1205;1205;1205;1205,0;1205;1205;1205,0;1205;1205,0;NA;NA;NA;NA;NA;NA;NA;NA;NA;NA;NA
2022-04-06;0-60;82;82,0;82;82;82;82;82;82;82;82;82;82;413;413,0;413;413;413;413;413,0;413;413;413,0;413;413,0;1,000000000000000;1,000000000000000;1,000000000000000;1,000000000000000;1,000000000000000;1,000000000000000;1,000000000000000;1,000000000000000;1,000000000000000;1,000000000000000;1,000000000000000
2022-04-06;60+;136;136,0;136;136;136;136;136;136;136;136;136;136;815;815,0;815;815;815;815;815,0;815;815;815,0;815;815,0;1,000000000000000;1,000000000000000;1,000000000000000;1,000000000000000;1,000000000000000;1,000000000000000;1,000000000000000;1,000000000000000;1,000000000000000;1,000000000000000;1,000000000000000
2022-04-06;alle;218;218,0;218;218;218;218;218;218;218;218;218;218;1228;1228,0;1228;1228;1228;1228;1228,0;1228;1228;1228,0;1228;1228,0;NA;NA;NA;NA;NA;NA;NA;NA;NA;NA;NA
2022-04-05;0-60;86;86,0;86;86;86;86;86;86;86;86;86;86;434;434,0;434;434;434;434;434,0;434;434;434,0;434;434,0;1,000000000000000;1,000000000000000;1,000000000000000;1,000000000000000;1,000000000000000;1,000000000000000;1,000000000000000;1,000000000000000;1,000000000000000;1,000000000000000;1,000000000000000
2022-04-05;60+;157;157,0;157;157;157;157;157;157;157;157;157;157;876;876,0;876;876;876;876;876,0;876;876;876,0;876;876,0;1,000000000000000;1,000000000000000;1,000000000000000;1,000000000000000;1,000000000000000;1,000000000000000;1,000000000000000;1,000000000000000;1,000000000000000;1,000000000000000;1,000000000000000
2022-04-05;alle;243;243,0;243;243;243;243;243;243;243;243;243;243;1310;1310,0;1310;1310;1310;1310;1310,0;1310;1310;1310,0;1310;1310,0;NA;NA;NA;NA;NA;NA;NA;NA;NA;NA;NA
2022-04-04;0-60;16;16,0;16;16;16;16;16;16;16;16;16;16;436;436,0;436;436;436;436;436,0;436;436;436,0;436;436,0;1,000000000000000;1,000000000000000;1,000000000000000;1,000000000000000;1,000000000000000;1,000000000000000;1,000000000000000;1,000000000000000;1,000000000000000;1,000000000000000;1,000000000000000
2022-04-04;60+;19;19,0;19;19;19;19;19;19;19;19;19;19;909;909,0;909;909;909;909;909,0;909;909;909,0;909;909,0;1,000000000000000;1,000000000000000;1,000000000000000;1,000000000000000;1,000000000000000;1,000000000000000;1,000000000000000;1,000000000000000;1,000000000000000;1,000000000000000;1,000000000000000
2022-04-04;alle;35;35,0;35;35;35;35;35;35;35;35;35;35;1345;1345,0;1345;1345;1345;1345;1345,0;1345;1345;1345,0;1345;1345,0;NA;NA;NA;NA;NA;NA;NA;NA;NA;NA;NA
2022-04-03;0-60;19;19,0;19;19;19;19;19;19;19;19;19;19;444;444,0;444;444;444;444;444,0;444;444;444,0;444;444,0;1,000000000000000;1,000000000000000;1,000000000000000;1,000000000000000;1,000000000000000;1,000000000000000;1,000000000000000;1,000000000000000;1,000000000000000;1,000000000000000;1,000000000000000
2022-04-03;60+;45;45,0;45;45;45;45;45;45;45;45;45;45;928;928,0;928;928;928;928;928,0;928;928;928,0;928;928,0;1,000000000000000;1,000000000000000;1,000000000000000;1,000000000000000;1,000000000000000;1,000000000000000;1,000000000000000;1,000000000000000;1,000000000000000;1,000000000000000;1,000000000000000
2022-04-03;alle;64;64,0;64;64;64;64;64;64;64;64;64;64;1372;1372,0;1372;1372;1372;1372;1372,0;1372;1372;1372,0;1372;1372,0;NA;NA;NA;NA;NA;NA;NA;NA;NA;NA;NA
2022-04-02;0-60;63;63,0;63;63;63;63;63;63;63;63;63;63;456;456,0;456;456;456;456;456,0;456;456;456,0;456;456,0;1,000000000000000;1,000000000000000;1,000000000000000;1,000000000000000;1,000000000000000;1,000000000000000;1,000000000000000;1,000000000000000;1,000000000000000;1,000000000000000;1,000000000000000
2022-04-02;60+;128;128,0;128;128;128;128;128;128;128;128;128;128;950;950,0;950;950;950;950;950,0;950;950;950,0;950;950,0;1,000000000000000;1,000000000000000;1,000000000000000;1,000000000000000;1,000000000000000;1,000000000000000;1,000000000000000;1,000000000000000;1,000000000000000;1,000000000000000;1,000000000000000
2022-04-02;alle;191;191,0;191;191;191;191;191;191;191;191;191;191;1406;1406,0;1406;1406;1406;1406;1406,0;1406;1406;1406,0;1406;1406,0;NA;NA;NA;NA;NA;NA;NA;NA;NA;NA;NA
2022-04-01;0-60;78;78,0;78;78;78;78;78;78;78;78;78;78;465;465,0;465;465;465;465;465,0;465;465;465,0;465;465,0;1,000000000000000;1,000000000000000;1,000000000000000;1,000000000000000;1,000000000000000;1,000000000000000;1,000000000000000;1,000000000000000;1,000000000000000;1,000000000000000;1,000000000000000
2022-04-01;60+;159;159,0;159;159;159;159;159;159;159;159;159;159;963;963,0;963;963;963;963;963,0;963;963;963,0;963;963,0;1,000000000000000;1,000000000000000;1,000000000000000;1,000000000000000;1,000000000000000;1,000000000000000;1,000000000000000;1,000000000000000;1,000000000000000;1,000000000000000;1,000000000000000
2022-04-01;alle;237;237,0;237;237;237;237;237;237;237;237;237;237;1428;1428,0;1428;1428;1428;1428;1428,0;1428;1428;1428,0;1428;1428,0;NA;NA;NA;NA;NA;NA;NA;NA;NA;NA;NA
2022-03-31;0-60;69;69,0;69;69;69;69;69;69;69;69;69;69;458;458,0;458;458;458;458;458,0;458;458;458,0;458;458,0;1,000000000000000;1,000000000000000;1,000000000000000;1,000000000000000;1,000000000000000;1,000000000000000;1,000000000000000;1,000000000000000;1,000000000000000;1,000000000000000;1,000000000000000
2022-03-31;60+;171;171,0;171;171;171;171;171;171;171;171;171;171;963;963,0;963;963;963;963;963,0;963;963;963,0;963;963,0;1,000000000000000;1,000000000000000;1,000000000000000;1,000000000000000;1,000000000000000;1,000000000000000;1,000000000000000;1,000000000000000;1,000000000000000;1,000000000000000;1,000000000000000
2022-03-31;alle;240;240,0;240;240;240;240;240;240;240;240;240;240;1421;1421,0;1421;1421;1421;1421;1421,0;1421;1421;1421,0;1421;1421,0;NA;NA;NA;NA;NA;NA;NA;NA;NA;NA;NA
2022-03-30;0-60;103;103,0;103;103;103;103;103;103;103;103;103;103;477;477,0;477;477;477;477;477,0;477;477;477,0;477;477,0;1,000000000000000;1,000000000000000;1,000000000000000;1,000000000000000;1,000000000000000;1,000000000000000;1,000000000000000;1,000000000000000;1,000000000000000;1,000000000000000;1,000000000000000
2022-03-30;60+;197;197,0;197;197;197;197;197;197;197;197;197;197;970;970,0;970;970;970;970;970,0;970;970;970,0;970;970,0;1,000000000000000;1,000000000000000;1,000000000000000;1,000000000000000;1,000000000000000;1,000000000000000;1,000000000000000;1,000000000000000;1,000000000000000;1,000000000000000;1,000000000000000
2022-03-30;alle;300;300,0;300;300;300;300;300;300;300;300;300;300;1447;1447,0;1447;1447;1447;1447;1447,0;1447;1447;1447,0;1447;1447,0;NA;NA;NA;NA;NA;NA;NA;NA;NA;NA;NA
2022-03-29;0-60;88;88,0;88;88;88;88;88;88;88;88;88;88;491;491,0;491;491;491;491;491,0;491;491;491,0;491;491,0;1,000000000000000;1,000000000000000;1,000000000000000;1,000000000000000;1,000000000000000;1,000000000000000;1,000000000000000;1,000000000000000;1,000000000000000;1,000000000000000;1,000000000000000
2022-03-29;60+;190;190,0;190;190;190;190;190;190;190;190;190;190;962;962,0;962;962;962;962;962,0;962;962;962,0;962;962,0;1,000000000000000;1,000000000000000;1,000000000000000;1,000000000000000;1,000000000000000;1,000000000000000;1,000000000000000;1,000000000000000;1,000000000000000;1,000000000000000;1,000000000000000
2022-03-29;alle;278;278,0;278;278;278;278;278;278;278;278;278;278;1453;1453,0;1453;1453;1453;1453;1453,0;1453;1453;1453,0;1453;1453,0;NA;NA;NA;NA;NA;NA;NA;NA;NA;NA;NA
2022-03-28;0-60;24;24,0;24;24;24;24;24;24;24;24;24;24;488;488,0;488;488;488;488;488,0;488;488;488,0;488;488,0;1,000000000000000;1,000000000000000;1,000000000000000;1,000000000000000;1,000000000000000;1,000000000000000;1,000000000000000;1,000000000000000;1,000000000000000;1,000000000000000;1,000000000000000
2022-03-28;60+;38;38,0;38;38;38;38;38;38;38;38;38;38;951;951,0;951;951;951;951;951,0;951;951;951,0;951;951,0;1,000000000000000;1,000000000000000;1,000000000000000;1,000000000000000;1,000000000000000;1,000000000000000;1,000000000000000;1,000000000000000;1,000000000000000;1,000000000000000;1,000000000000000
2022-03-28;alle;62;62,0;62;62;62;62;62;62;62;62;62;62;1439;1439,0;1439;1439;1439;1439;1439,0;1439;1439;1439,0;1439;1439,0;NA;NA;NA;NA;NA;NA;NA;NA;NA;NA;NA
2022-03-27;0-60;31;31,0;31;31;31;31;31;31;31;31;31;31;492;492,0;492;492;492;492;492,0;492;492;492,0;492;492,0;1,000000000000000;1,000000000000000;1,000000000000000;1,000000000000000;1,000000000000000;1,000000000000000;1,000000000000000;1,000000000000000;1,000000000000000;1,000000000000000;1,000000000000000
2022-03-27;60+;67;67,0;67;67;67;67;67;67;67;67;67;67;985;985,0;985;985;985;985;985,0;985;985;985,0;985;985,0;1,000000000000000;1,000000000000000;1,000000000000000;1,000000000000000;1,000000000000000;1,000000000000000;1,000000000000000;1,000000000000000;1,000000000000000;1,000000000000000;1,000000000000000
2022-03-27;alle;98;98,0;98;98;98;98;98;98;98;98;98;98;1477;1477,0;1477;1477;1477;1477;1477,0;1477;1477;1477,0;1477;1477,0;NA;NA;NA;NA;NA;NA;NA;NA;NA;NA;NA
2022-03-26;0-60;72;72,0;72;72;72;72;72;72;72;72;72;72;490;490,0;490;490;490;490;490,0;490;490;490,0;490;490,0;1,000000000000000;1,000000000000000;1,000000000000000;1,000000000000000;1,000000000000000;1,000000000000000;1,000000000000000;1,000000000000000;1,000000000000000;1,000000000000000;1,000000000000000
2022-03-26;60+;141;141,0;141;141;141;141;141;141;141;141;141;141;1004;1004,0;1004;1004;1004;1004;1004,0;1004;1004;1004,0;1004;1004,0;1,000000000000000;1,000000000000000;1,000000000000000;1,000000000000000;1,000000000000000;1,000000000000000;1,000000000000000;1,000000000000000;1,000000000000000;1,000000000000000;1,000000000000000
2022-03-26;alle;213;213,0;213;213;213;213;213;213;213;213;213;213;1494;1494,0;1494;1494;1494;1494;1494,0;1494;1494;1494,0;1494;1494,0;NA;NA;NA;NA;NA;NA;NA;NA;NA;NA;NA
2022-03-25;0-60;71;71,0;71;71;71;71;71;71;71;71;71;71;506;506,0;506;506;506;506;506,0;506;506;506,0;506;506,0;1,000000000000000;1,000000000000000;1,000000000000000;1,000000000000000;1,000000000000000;1,000000000000000;1,000000000000000;1,000000000000000;1,000000000000000;1,000000000000000;1,000000000000000
2022-03-25;60+;159;159,0;159;159;159;159;159;159;159;159;159;159;1027;1027,0;1027;1027;1027;1027;1027,0;1027;1027;1027,0;1027;1027,0;1,000000000000000;1,000000000000000;1,000000000000000;1,000000000000000;1,000000000000000;1,000000000000000;1,000000000000000;1,000000000000000;1,000000000000000;1,000000000000000;1,000000000000000
2022-03-25;alle;230;230,0;230;230;230;230;230;230;230;230;230;230;1533;1533,0;1533;1533;1533;1533;1533,0;1533;1533;1533,0;1533;1533,0;NA;NA;NA;NA;NA;NA;NA;NA;NA;NA;NA
2022-03-24;0-60;88;88,0;88;88;88;88;88;88;88;88;88;88;523;523,0;523;523;523;523;523,0;523;523;523,0;523;523,0;1,000000000000000;1,000000000000000;1,000000000000000;1,000000000000000;1,000000000000000;1,000000000000000;1,000000000000000;1,000000000000000;1,000000000000000;1,000000000000000;1,000000000000000
2022-03-24;60+;178;178,0;178;178;178;178;178;178;178;178;178;178;1087;1087,0;1087;1087;1087;1087;1087,0;1087;1087;1087,0;1087;1087,0;1,000000000000000;1,000000000000000;1,000000000000000;1,000000000000000;1,000000000000000;1,000000000000000;1,000000000000000;1,000000000000000;1,000000000000000;1,000000000000000;1,000000000000000
2022-03-24;alle;266;266,0;266;266;266;266;266;266;266;266;266;266;1610;1610,0;1610;1610;1610;1610;1610,0;1610;1610;1610,0;1610;1610,0;NA;NA;NA;NA;NA;NA;NA;NA;NA;NA;NA
2022-03-23;0-60;117;117,0;117;117;117;117;117;117;117;117;117;117;517;517,0;517;517;517;517;517,0;517;517;517,0;517;517,0;1,000000000000000;1,000000000000000;1,000000000000000;1,000000000000000;1,000000000000000;1,000000000000000;1,000000000000000;1,000000000000000;1,000000000000000;1,000000000000000;1,000000000000000
2022-03-23;60+;189;189,0;189;189;189;189;189;189;189;189;189;189;1103;1103,0;1103;1103;1103;1103;1103,0;1103;1103;1103,0;1103;1103,0;1,000000000000000;1,000000000000000;1,000000000000000;1,000000000000000;1,000000000000000;1,000000000000000;1,000000000000000;1,000000000000000;1,000000000000000;1,000000000000000;1,000000000000000
2022-03-23;alle;306;306,0;306;306;306;306;306;306;306;306;306;306;1620;1620,0;1620;1620;1620;1620;1620,0;1620;1620;1620,0;1620;1620,0;NA;NA;NA;NA;NA;NA;NA;NA;NA;NA;NA
2022-03-22;0-60;85;85,0;85;85;85;85;85;85;85;85;85;85;498;498,0;498;498;498;498;498,0;498;498;498,0;498;498,0;1,000000000000000;1,000000000000000;1,000000000000000;1,000000000000000;1,000000000000000;1,000000000000000;1,000000000000000;1,000000000000000;1,000000000000000;1,000000000000000;1,000000000000000
2022-03-22;60+;179;179,0;179;179;179;179;179;179;179;179;179;179;1109;1109,0;1109;1109;1109;1109;1109,0;1109;1109;1109,0;1109;1109,0;1,000000000000000;1,000000000000000;1,000000000000000;1,000000000000000;1,000000000000000;1,000000000000000;1,000000000000000;1,000000000000000;1,000000000000000;1,000000000000000;1,000000000000000
2022-03-22;alle;264;264,0;264;264;264;264;264;264;264;264;264;264;1607;1607,0;1607;1607;1607;1607;1607,0;1607;1607;1607,0;1607;1607,0;NA;NA;NA;NA;NA;NA;NA;NA;NA;NA;NA
2022-03-21;0-60;28;28,0;28;28;28;28;28;28;28;28;28;28;503;503,0;503;503;503;503;503,0;503;503;503,0;503;503,0;1,000000000000000;1,000000000000000;1,000000000000000;1,000000000000000;1,000000000000000;1,000000000000000;1,000000000000000;1,000000000000000;1,000000000000000;1,000000000000000;1,000000000000000
2022-03-21;60+;72;72,0;72;72;72;72;72;72;72;72;72;72;1122;1122,0;1122;1122;1122;1122;1122,0;1122;1122;1122,0;1122;1122,0;1,000000000000000;1,000000000000000;1,000000000000000;1,000000000000000;1,000000000000000;1,000000000000000;1,000000000000000;1,000000000000000;1,000000000000000;1,000000000000000;1,000000000000000
2022-03-21;alle;100;100,0;100;100;100;100;100;100;100;100;100;100;1625;1625,0;1625;1625;1625;1625;1625,0;1625;1625;1625,0;1625;1625,0;NA;NA;NA;NA;NA;NA;NA;NA;NA;NA;NA
2022-03-20;0-60;29;29,0;29;29;29;29;29;29;29;29;29;29;510;510,0;510;510;510;510;510,0;510;510;510,0;510;510,0;1,000000000000000;1,000000000000000;1,000000000000000;1,000000000000000;1,000000000000000;1,000000000000000;1,000000000000000;1,000000000000000;1,000000000000000;1,000000000000000;1,000000000000000
2022-03-20;60+;86;86,0;86;86;86;86;86;86;86;86;86;86;1117;1117,0;1117;1117;1117;1117;1117,0;1117;1117;1117,0;1117;1117,0;1,000000000000000;1,000000000000000;1,000000000000000;1,000000000000000;1,000000000000000;1,000000000000000;1,000000000000000;1,000000000000000;1,000000000000000;1,000000000000000;1,000000000000000
2022-03-20;alle;115;115,0;115;115;115;115;115;115;115;115;115;115;1627;1627,0;1627;1627;1627;1627;1627,0;1627;1627;1627,0;1627;1627,0;NA;NA;NA;NA;NA;NA;NA;NA;NA;NA;NA
2022-03-19;0-60;88;88,0;88;88;88;88;88;88;88;88;88;88;538;538,0;538;538;538;538;538,0;538;538;538,0;538;538,0;1,000000000000000;1,000000000000000;1,000000000000000;1,000000000000000;1,000000000000000;1,000000000000000;1,000000000000000;1,000000000000000;1,000000000000000;1,000000000000000;1,000000000000000
2022-03-19;60+;164;164,0;164;164;164;164;164;164;164;164;164;164;1128;1128,0;1128;1128;1128;1128;1128,0;1128;1128;1128,0;1128;1128,0;1,000000000000000;1,000000000000000;1,000000000000000;1,000000000000000;1,000000000000000;1,000000000000000;1,000000000000000;1,000000000000000;1,000000000000000;1,000000000000000;1,000000000000000
2022-03-19;alle;252;252,0;252;252;252;252;252;252;252;252;252;252;1666;1666,0;1666;1666;1666;1666;1666,0;1666;1666;1666,0;1666;1666,0;NA;NA;NA;NA;NA;NA;NA;NA;NA;NA;NA
2022-03-18;0-60;88;88,0;88;88;88;88;88;88;88;88;88;88;536;536,0;536;536;536;536;536,0;536;536;536,0;536;536,0;1,000000000000000;1,000000000000000;1,000000000000000;1,000000000000000;1,000000000000000;1,000000000000000;1,000000000000000;1,000000000000000;1,000000000000000;1,000000000000000;1,000000000000000
2022-03-18;60+;219;219,0;219;219;219;219;219;219;219;219;219;219;1131;1131,0;1131;1131;1131;1131;1131,0;1131;1131;1131,0;1131;1131,0;1,000000000000000;1,000000000000000;1,000000000000000;1,000000000000000;1,000000000000000;1,000000000000000;1,000000000000000;1,000000000000000;1,000000000000000;1,000000000000000;1,000000000000000
2022-03-18;alle;307;307,0;307;307;307;307;307;307;307;307;307;307;1667;1667,0;1667;1667;1667;1667;1667,0;1667;1667;1667,0;1667;1667,0;NA;NA;NA;NA;NA;NA;NA;NA;NA;NA;NA
2022-03-17;0-60;82;82,0;82;82;82;82;82;82;82;82;82;82;535;535,0;535;535;535;535;535,0;535;535;535,0;535;535,0;1,000000000000000;1,000000000000000;1,000000000000000;1,000000000000000;1,000000000000000;1,000000000000000;1,000000000000000;1,000000000000000;1,000000000000000;1,000000000000000;1,000000000000000
2022-03-17;60+;194;194,0;194;194;194;194;194;194;194;194;194;194;1064;1064,0;1064;1064;1064;1064;1064,0;1064;1064;1064,0;1064;1064,0;1,000000000000000;1,000000000000000;1,000000000000000;1,000000000000000;1,000000000000000;1,000000000000000;1,000000000000000;1,000000000000000;1,000000000000000;1,000000000000000;1,000000000000000
2022-03-17;alle;276;276,0;276;276;276;276;276;276;276;276;276;276;1599;1599,0;1599;1599;1599;1599;1599,0;1599;1599;1599,0;1599;1599,0;NA;NA;NA;NA;NA;NA;NA;NA;NA;NA;NA
2022-03-16;0-60;98;98,0;98;98;98;98;98;98;98;98;98;98;554;554,0;554;554;554;554;554,0;554;554;554,0;554;554,0;1,000000000000000;1,000000000000000;1,000000000000000;1,000000000000000;1,000000000000000;1,000000000000000;1,000000000000000;1,000000000000000;1,000000000000000;1,000000000000000;1,000000000000000
2022-03-16;60+;195;195,0;195;195;195;195;195;195;195;195;195;195;1014;1014,0;1014;1014;1014;1014;1014,0;1014;1014;1014,0;1014;1014,0;1,000000000000000;1,000000000000000;1,000000000000000;1,000000000000000;1,000000000000000;1,000000000000000;1,000000000000000;1,000000000000000;1,000000000000000;1,000000000000000;1,000000000000000
2022-03-16;alle;293;293,0;293;293;293;293;293;293;293;293;293;293;1568;1568,0;1568;1568;1568;1568;1568,0;1568;1568;1568,0;1568;1568,0;NA;NA;NA;NA;NA;NA;NA;NA;NA;NA;NA
2022-03-15;0-60;90;90,0;90;90;90;90;90;90;90;90;90;90;555;555,0;555;555;555;555;555,0;555;555;555,0;555;555,0;1,000000000000000;1,000000000000000;1,000000000000000;1,000000000000000;1,000000000000000;1,000000000000000;1,000000000000000;1,000000000000000;1,000000000000000;1,000000000000000;1,000000000000000
2022-03-15;60+;192;192,0;192;192;192;192;192;192;192;192;192;192;1015;1015,0;1015;1015;1015;1015;1015,0;1015;1015;1015,0;1015;1015,0;1,000000000000000;1,000000000000000;1,000000000000000;1,000000000000000;1,000000000000000;1,000000000000000;1,000000000000000;1,000000000000000;1,000000000000000;1,000000000000000;1,000000000000000
2022-03-15;alle;282;282,0;282;282;282;282;282;282;282;282;282;282;1570;1570,0;1570;1570;1570;1570;1570,0;1570;1570;1570,0;1570;1570,0;NA;NA;NA;NA;NA;NA;NA;NA;NA;NA;NA
2022-03-14;0-60;35;35,0;35;35;35;35;35;35;35;35;35;35;546;546,0;546;546;546;546;546,0;546;546;546,0;546;546,0;1,000000000000000;1,000000000000000;1,000000000000000;1,000000000000000;1,000000000000000;1,000000000000000;1,000000000000000;1,000000000000000;1,000000000000000;1,000000000000000;1,000000000000000
2022-03-14;60+;67;67,0;67;67;67;67;67;67;67;67;67;67;952;952,0;952;952;952;952;952,0;952;952;952,0;952;952,0;1,000000000000000;1,000000000000000;1,000000000000000;1,000000000000000;1,000000000000000;1,000000000000000;1,000000000000000;1,000000000000000;1,000000000000000;1,000000000000000;1,000000000000000
2022-03-14;alle;102;102,0;102;102;102;102;102;102;102;102;102;102;1498;1498,0;1498;1498;1498;1498;1498,0;1498;1498;1498,0;1498;1498,0;NA;NA;NA;NA;NA;NA;NA;NA;NA;NA;NA
2022-03-13;0-60;57;57,0;57;57;57;57;57;57;57;57;57;57;544;544,0;544;544;544;544;544,0;544;544;544,0;544;544,0;1,000000000000000;1,000000000000000;1,000000000000000;1,000000000000000;1,000000000000000;1,000000000000000;1,000000000000000;1,000000000000000;1,000000000000000;1,000000000000000;1,000000000000000
2022-03-13;60+;97;97,0;97;97;97;97;97;97;97;97;97;97;944;944,0;944;944;944;944;944,0;944;944;944,0;944;944,0;1,000000000000000;1,000000000000000;1,000000000000000;1,000000000000000;1,000000000000000;1,000000000000000;1,000000000000000;1,000000000000000;1,000000000000000;1,000000000000000;1,000000000000000
2022-03-13;alle;154;154,0;154;154;154;154;154;154;154;154;154;154;1488;1488,0;1488;1488;1488;1488;1488,0;1488;1488;1488,0;1488;1488,0;NA;NA;NA;NA;NA;NA;NA;NA;NA;NA;NA
2022-03-12;0-60;86;86,0;86;86;86;86;86;86;86;86;86;86;537;537,0;537;537;537;537;537,0;537;537;537,0;537;537,0;1,000000000000000;1,000000000000000;1,000000000000000;1,000000000000000;1,000000000000000;1,000000000000000;1,000000000000000;1,000000000000000;1,000000000000000;1,000000000000000;1,000000000000000
2022-03-12;60+;167;167,0;167;167;167;167;167;167;167;167;167;167;915;915,0;915;915;915;915;915,0;915;915;915,0;915;915,0;1,000000000000000;1,000000000000000;1,000000000000000;1,000000000000000;1,000000000000000;1,000000000000000;1,000000000000000;1,000000000000000;1,000000000000000;1,000000000000000;1,000000000000000
2022-03-12;alle;253;253,0;253;253;253;253;253;253;253;253;253;253;1452;1452,0;1452;1452;1452;1452;1452,0;1452;1452;1452,0;1452;1452,0;NA;NA;NA;NA;NA;NA;NA;NA;NA;NA;NA
2022-03-11;0-60;87;87,0;87;87;87;87;87;87;87;87;87;87;550;550,0;550;550;550;550;550,0;550;550;550,0;550;550,0;1,000000000000000;1,000000000000000;1,000000000000000;1,000000000000000;1,000000000000000;1,000000000000000;1,000000000000000;1,000000000000000;1,000000000000000;1,000000000000000;1,000000000000000
2022-03-11;60+;152;152,0;152;152;152;152;152;152;152;152;152;152;876;876,0;876;876;876;876;876,0;876;876;876,0;876;876,0;1,000000000000000;1,000000000000000;1,000000000000000;1,000000000000000;1,000000000000000;1,000000000000000;1,000000000000000;1,000000000000000;1,000000000000000;1,000000000000000;1,000000000000000
2022-03-11;alle;239;239,0;239;239;239;239;239;239;239;239;239;239;1426;1426,0;1426;1426;1426;1426;1426,0;1426;1426;1426,0;1426;1426,0;NA;NA;NA;NA;NA;NA;NA;NA;NA;NA;NA
2022-03-10;0-60;101;101,0;101;101;101;101;101;101;101;101;101;101;544;544,0;544;544;544;544;544,0;544;544;544,0;544;544,0;1,000000000000000;1,000000000000000;1,000000000000000;1,000000000000000;1,000000000000000;1,000000000000000;1,000000000000000;1,000000000000000;1,000000000000000;1,000000000000000;1,000000000000000
2022-03-10;60+;144;144,0;144;144;144;144;144;144;144;144;144;144;871;871,0;871;871;871;871;871,0;871;871;871,0;871;871,0;1,000000000000000;1,000000000000000;1,000000000000000;1,000000000000000;1,000000000000000;1,000000000000000;1,000000000000000;1,000000000000000;1,000000000000000;1,000000000000000;1,000000000000000
2022-03-10;alle;245;245,0;245;245;245;245;245;245;245;245;245;245;1415;1415,0;1415;1415;1415;1415;1415,0;1415;1415;1415,0;1415;1415,0;NA;NA;NA;NA;NA;NA;NA;NA;NA;NA;NA
2022-03-09;0-60;99;99,0;99;99;99;99;99;99;99;99;99;99;558;558,0;558;558;558;558;558,0;558;558;558,0;558;558,0;1,000000000000000;1,000000000000000;1,000000000000000;1,000000000000000;1,000000000000000;1,000000000000000;1,000000000000000;1,000000000000000;1,000000000000000;1,000000000000000;1,000000000000000
2022-03-09;60+;196;196,0;196;196;196;196;196;196;196;196;196;196;870;870,0;870;870;870;870;870,0;870;870;870,0;870;870,0;1,000000000000000;1,000000000000000;1,000000000000000;1,000000000000000;1,000000000000000;1,000000000000000;1,000000000000000;1,000000000000000;1,000000000000000;1,000000000000000;1,000000000000000
2022-03-09;alle;295;295,0;295;295;295;295;295;295;295;295;295;295;1428;1428,0;1428;1428;1428;1428;1428,0;1428;1428;1428,0;1428;1428,0;NA;NA;NA;NA;NA;NA;NA;NA;NA;NA;NA
2022-03-08;0-60;81;81,0;81;81;81;81;81;81;81;81;81;81;562;562,0;562;562;562;562;562,0;562;562;562,0;562;562,0;1,000000000000000;1,000000000000000;1,000000000000000;1,000000000000000;1,000000000000000;1,000000000000000;1,000000000000000;1,000000000000000;1,000000000000000;1,000000000000000;1,000000000000000
2022-03-08;60+;129;129,0;129;129;129;129;129;129;129;129;129;129;814;814,0;814;814;814;814;814,0;814;814;814,0;814;814,0;1,000000000000000;1,000000000000000;1,000000000000000;1,000000000000000;1,000000000000000;1,000000000000000;1,000000000000000;1,000000000000000;1,000000000000000;1,000000000000000;1,000000000000000
2022-03-08;alle;210;210,0;210;210;210;210;210;210;210;210;210;210;1376;1376,0;1376;1376;1376;1376;1376,0;1376;1376;1376,0;1376;1376,0;NA;NA;NA;NA;NA;NA;NA;NA;NA;NA;NA
2022-03-07;0-60;33;33,0;33;33;33;33;33;33;33;33;33;33;564;564,0;564;564;564;564;564,0;564;564;564,0;564;564,0;1,000000000000000;1,000000000000000;1,000000000000000;1,000000000000000;1,000000000000000;1,000000000000000;1,000000000000000;1,000000000000000;1,000000000000000;1,000000000000000;1,000000000000000
2022-03-07;60+;59;59,0;59;59;59;59;59;59;59;59;59;59;805;805,0;805;805;805;805;805,0;805;805;805,0;805;805,0;1,000000000000000;1,000000000000000;1,000000000000000;1,000000000000000;1,000000000000000;1,000000000000000;1,000000000000000;1,000000000000000;1,000000000000000;1,000000000000000;1,000000000000000
2022-03-07;alle;92;92,0;92;92;92;92;92;92;92;92;92;92;1369;1369,0;1369;1369;1369;1369;1369,0;1369;1369;1369,0;1369;1369,0;NA;NA;NA;NA;NA;NA;NA;NA;NA;NA;NA
2022-03-06;0-60;50;50,0;50;50;50;50;50;50;50;50;50;50;560;560,0;560;560;560;560;560,0;560;560;560,0;560;560,0;1,000000000000000;1,000000000000000;1,000000000000000;1,000000000000000;1,000000000000000;1,000000000000000;1,000000000000000;1,000000000000000;1,000000000000000;1,000000000000000;1,000000000000000
2022-03-06;60+;68;68,0;68;68;68;68;68;68;68;68;68;68;809;809,0;809;809;809;809;809,0;809;809;809,0;809;809,0;1,000000000000000;1,000000000000000;1,000000000000000;1,000000000000000;1,000000000000000;1,000000000000000;1,000000000000000;1,000000000000000;1,000000000000000;1,000000000000000;1,000000000000000
2022-03-06;alle;118;118,0;118;118;118;118;118;118;118;118;118;118;1369;1369,0;1369;1369;1369;1369;1369,0;1369;1369;1369,0;1369;1369,0;NA;NA;NA;NA;NA;NA;NA;NA;NA;NA;NA
2022-03-05;0-60;99;99,0;99;99;99;99;99;99;99;99;99;99;548;548,0;548;548;548;548;548,0;548;548;548,0;548;548,0;1,000000000000000;1,000000000000000;1,000000000000000;1,000000000000000;1,000000000000000;1,000000000000000;1,000000000000000;1,000000000000000;1,000000000000000;1,000000000000000;1,000000000000000
2022-03-05;60+;128;128,0;128;128;128;128;128;128;128;128;128;128;833;833,0;833;833;833;833;833,0;833;833;833,0;833;833,0;1,000000000000000;1,000000000000000;1,000000000000000;1,000000000000000;1,000000000000000;1,000000000000000;1,000000000000000;1,000000000000000;1,000000000000000;1,000000000000000;1,000000000000000
2022-03-05;alle;227;227,0;227;227;227;227;227;227;227;227;227;227;1381;1381,0;1381;1381;1381;1381;1381,0;1381;1381;1381,0;1381;1381,0;NA;NA;NA;NA;NA;NA;NA;NA;NA;NA;NA
2022-03-04;0-60;81;81,0;81;81;81;81;81;81;81;81;81;81;539;539,0;539;539;539;539;539,0;539;539;539,0;539;539,0;1,000000000000000;1,000000000000000;1,000000000000000;1,000000000000000;1,000000000000000;1,000000000000000;1,000000000000000;1,000000000000000;1,000000000000000;1,000000000000000;1,000000000000000
2022-03-04;60+;147;147,0;147;147;147;147;147;147;147;147;147;147;810;810,0;810;810;810;810;810,0;810;810;810,0;810;810,0;1,000000000000000;1,000000000000000;1,000000000000000;1,000000000000000;1,000000000000000;1,000000000000000;1,000000000000000;1,000000000000000;1,000000000000000;1,000000000000000;1,000000000000000
2022-03-04;alle;228;228,0;228;228;228;228;228;228;228;228;228;228;1349;1349,0;1349;1349;1349;1349;1349,0;1349;1349;1349,0;1349;1349,0;NA;NA;NA;NA;NA;NA;NA;NA;NA;NA;NA
2022-03-03;0-60;115;115,0;115;115;115;115;115;115;115;115;115;115;551;551,0;551;551;551;551;551,0;551;551;551,0;551;551,0;1,000000000000000;1,000000000000000;1,000000000000000;1,000000000000000;1,000000000000000;1,000000000000000;1,000000000000000;1,000000000000000;1,000000000000000;1,000000000000000;1,000000000000000
2022-03-03;60+;143;143,0;143;143;143;143;143;143;143;143;143;143;797;797,0;797;797;797;797;797,0;797;797;797,0;797;797,0;1,000000000000000;1,000000000000000;1,000000000000000;1,000000000000000;1,000000000000000;1,000000000000000;1,000000000000000;1,000000000000000;1,000000000000000;1,000000000000000;1,000000000000000
2022-03-03;alle;258;258,0;258;258;258;258;258;258;258;258;258;258;1348;1348,0;1348;1348;1348;1348;1348,0;1348;1348;1348,0;1348;1348,0;NA;NA;NA;NA;NA;NA;NA;NA;NA;NA;NA
2022-03-02;0-60;103;103,0;103;103;103;103;103;103;103;103;103;103;540;540,0;540;540;540;540;540,0;540;540;540,0;540;540,0;1,000000000000000;1,000000000000000;1,000000000000000;1,000000000000000;1,000000000000000;1,000000000000000;1,000000000000000;1,000000000000000;1,000000000000000;1,000000000000000;1,000000000000000
2022-03-02;60+;140;140,0;140;140;140;140;140;140;140;140;140;140;800;800,0;800;800;800;800;800,0;800;800;800,0;800;800,0;1,000000000000000;1,000000000000000;1,000000000000000;1,000000000000000;1,000000000000000;1,000000000000000;1,000000000000000;1,000000000000000;1,000000000000000;1,000000000000000;1,000000000000000
2022-03-02;alle;243;243,0;243;243;243;243;243;243;243;243;243;243;1340;1340,0;1340;1340;1340;1340;1340,0;1340;1340;1340,0;1340;1340,0;NA;NA;NA;NA;NA;NA;NA;NA;NA;NA;NA
2022-03-01;0-60;83;83,0;83;83;83;83;83;83;83;83;83;83;541;541,0;541;541;541;541;541,0;541;541;541,0;541;541,0;1,000000000000000;1,000000000000000;1,000000000000000;1,000000000000000;1,000000000000000;1,000000000000000;1,000000000000000;1,000000000000000;1,000000000000000;1,000000000000000;1,000000000000000
2022-03-01;60+;120;120,0;120;120;120;120;120;120;120;120;120;120;808;808,0;808;808;808;808;808,0;808;808;808,0;808;808,0;1,000000000000000;1,000000000000000;1,000000000000000;1,000000000000000;1,000000000000000;1,000000000000000;1,000000000000000;1,000000000000000;1,000000000000000;1,000000000000000;1,000000000000000
2022-03-01;alle;203;203,0;203;203;203;203;203;203;203;203;203;203;1349;1349,0;1349;1349;1349;1349;1349,0;1349;1349;1349,0;1349;1349,0;NA;NA;NA;NA;NA;NA;NA;NA;NA;NA;NA
2022-02-28;0-60;29;29,0;29;29;29;29;29;29;29;29;29;29;544;544,0;544;544;544;544;544,0;544;544;544,0;544;544,0;1,000000000000000;1,000000000000000;1,000000000000000;1,000000000000000;1,000000000000000;1,000000000000000;1,000000000000000;1,000000000000000;1,000000000000000;1,000000000000000;1,000000000000000
2022-02-28;60+;63;63,0;63;63;63;63;63;63;63;63;63;63;842;842,0;842;842;842;842;842,0;842;842;842,0;842;842,0;1,000000000000000;1,000000000000000;1,000000000000000;1,000000000000000;1,000000000000000;1,000000000000000;1,000000000000000;1,000000000000000;1,000000000000000;1,000000000000000;1,000000000000000
2022-02-28;alle;92;92,0;92;92;92;92;92;92;92;92;92;92;1386;1386,0;1386;1386;1386;1386;1386,0;1386;1386;1386,0;1386;1386,0;NA;NA;NA;NA;NA;NA;NA;NA;NA;NA;NA
2022-02-27;0-60;38;38,0;38;38;38;38;38;38;38;38;38;38;553;553,0;553;553;553;553;553,0;553;553;553,0;553;553,0;1,000000000000000;1,000000000000000;1,000000000000000;1,000000000000000;1,000000000000000;1,000000000000000;1,000000000000000;1,000000000000000;1,000000000000000;1,000000000000000;1,000000000000000
2022-02-27;60+;92;92,0;92;92;92;92;92;92;92;92;92;92;868;868,0;868;868;868;868;868,0;868;868;868,0;868;868,0;1,000000000000000;1,000000000000000;1,000000000000000;1,000000000000000;1,000000000000000;1,000000000000000;1,000000000000000;1,000000000000000;1,000000000000000;1,000000000000000;1,000000000000000
2022-02-27;alle;130;130,0;130;130;130;130;130;130;130;130;130;130;1421;1421,0;1421;1421;1421;1421;1421,0;1421;1421;1421,0;1421;1421,0;NA;NA;NA;NA;NA;NA;NA;NA;NA;NA;NA
2022-02-26;0-60;90;90,0;90;90;90;90;90;90;90;90;90;90;559;559,0;559;559;559;559;559,0;559;559;559,0;559;559,0;1,000000000000000;1,000000000000000;1,000000000000000;1,000000000000000;1,000000000000000;1,000000000000000;1,000000000000000;1,000000000000000;1,000000000000000;1,000000000000000;1,000000000000000
2022-02-26;60+;105;105,0;105;105;105;105;105;105;105;105;105;105;839;839,0;839;839;839;839;839,0;839;839;839,0;839;839,0;1,000000000000000;1,000000000000000;1,000000000000000;1,000000000000000;1,000000000000000;1,000000000000000;1,000000000000000;1,000000000000000;1,000000000000000;1,000000000000000;1,000000000000000
2022-02-26;alle;195;195,0;195;195;195;195;195;195;195;195;195;195;1398;1398,0;1398;1398;1398;1398;1398,0;1398;1398;1398,0;1398;1398,0;NA;NA;NA;NA;NA;NA;NA;NA;NA;NA;NA
2022-02-25;0-60;93;93,0;93;93;93;93;93;93;93;93;93;93;545;545,0;545;545;545;545;545,0;545;545;545,0;545;545,0;1,000000000000000;1,000000000000000;1,000000000000000;1,000000000000000;1,000000000000000;1,000000000000000;1,000000000000000;1,000000000000000;1,000000000000000;1,000000000000000;1,000000000000000
2022-02-25;60+;134;134,0;134;134;134;134;134;134;134;134;134;134;897;897,0;897;897;897;897;897,0;897;897;897,0;897;897,0;1,000000000000000;1,000000000000000;1,000000000000000;1,000000000000000;1,000000000000000;1,000000000000000;1,000000000000000;1,000000000000000;1,000000000000000;1,000000000000000;1,000000000000000
2022-02-25;alle;227;227,0;227;227;227;227;227;227;227;227;227;227;1442;1442,0;1442;1442;1442;1442;1442,0;1442;1442;1442,0;1442;1442,0;NA;NA;NA;NA;NA;NA;NA;NA;NA;NA;NA
2022-02-24;0-60;104;104,0;104;104;104;104;104;104;104;104;104;104;546;546,0;546;546;546;546;546,0;546;546;546,0;546;546,0;1,000000000000000;1,000000000000000;1,000000000000000;1,000000000000000;1,000000000000000;1,000000000000000;1,000000000000000;1,000000000000000;1,000000000000000;1,000000000000000;1,000000000000000
2022-02-24;60+;146;146,0;146;146;146;146;146;146;146;146;146;146;919;919,0;919;919;919;919;919,0;919;919;919,0;919;919,0;1,000000000000000;1,000000000000000;1,000000000000000;1,000000000000000;1,000000000000000;1,000000000000000;1,000000000000000;1,000000000000000;1,000000000000000;1,000000000000000;1,000000000000000
2022-02-24;alle;250;250,0;250;250;250;250;250;250;250;250;250;250;1465;1465,0;1465;1465;1465;1465;1465,0;1465;1465;1465,0;1465;1465,0;NA;NA;NA;NA;NA;NA;NA;NA;NA;NA;NA
2022-02-23;0-60;104;104,0;104;104;104;104;104;104;104;104;104;104;549;549,0;549;549;549;549;549,0;549;549;549,0;549;549,0;1,000000000000000;1,000000000000000;1,000000000000000;1,000000000000000;1,000000000000000;1,000000000000000;1,000000000000000;1,000000000000000;1,000000000000000;1,000000000000000;1,000000000000000
2022-02-23;60+;148;148,0;148;148;148;148;148;148;148;148;148;148;952;952,0;952;952;952;952;952,0;952;952;952,0;952;952,0;1,000000000000000;1,000000000000000;1,000000000000000;1,000000000000000;1,000000000000000;1,000000000000000;1,000000000000000;1,000000000000000;1,000000000000000;1,000000000000000;1,000000000000000
2022-02-23;alle;252;252,0;252;252;252;252;252;252;252;252;252;252;1501;1501,0;1501;1501;1501;1501;1501,0;1501;1501;1501,0;1501;1501,0;NA;NA;NA;NA;NA;NA;NA;NA;NA;NA;NA
2022-02-22;0-60;86;86,0;86;86;86;86;86;86;86;86;86;86;563;563,0;563;563;563;563;563,0;563;563;563,0;563;563,0;1,000000000000000;1,000000000000000;1,000000000000000;1,000000000000000;1,000000000000000;1,000000000000000;1,000000000000000;1,000000000000000;1,000000000000000;1,000000000000000;1,000000000000000
2022-02-22;60+;154;154,0;154;154;154;154;154;154;154;154;154;154;995;995,0;995;995;995;995;995,0;995;995;995,0;995;995,0;1,000000000000000;1,000000000000000;1,000000000000000;1,000000000000000;1,000000000000000;1,000000000000000;1,000000000000000;1,000000000000000;1,000000000000000;1,000000000000000;1,000000000000000
2022-02-22;alle;240;240,0;240;240;240;240;240;240;240;240;240;240;1558;1558,0;1558;1558;1558;1558;1558,0;1558;1558;1558,0;1558;1558,0;NA;NA;NA;NA;NA;NA;NA;NA;NA;NA;NA
2022-02-21;0-60;38;38,0;38;38;38;38;38;38;38;38;38;38;571;571,0;571;571;571;571;571,0;571;571;571,0;571;571,0;1,000000000000000;1,000000000000000;1,000000000000000;1,000000000000000;1,000000000000000;1,000000000000000;1,000000000000000;1,000000000000000;1,000000000000000;1,000000000000000;1,000000000000000
2022-02-21;60+;89;89,0;89;89;89;89;89;89;89;89;89;89;983;983,0;983;983;983;983;983,0;983;983;983,0;983;983,0;1,000000000000000;1,000000000000000;1,000000000000000;1,000000000000000;1,000000000000000;1,000000000000000;1,000000000000000;1,000000000000000;1,000000000000000;1,000000000000000;1,000000000000000
2022-02-21;alle;127;127,0;127;127;127;127;127;127;127;127;127;127;1554;1554,0;1554;1554;1554;1554;1554,0;1554;1554;1554,0;1554;1554,0;NA;NA;NA;NA;NA;NA;NA;NA;NA;NA;NA
2022-02-20;0-60;44;44,0;44;44;44;44;44;44;44;44;44;44;575;575,0;575;575;575;575;575,0;575;575;575,0;575;575,0;1,000000000000000;1,000000000000000;1,000000000000000;1,000000000000000;1,000000000000000;1,000000000000000;1,000000000000000;1,000000000000000;1,000000000000000;1,000000000000000;1,000000000000000
2022-02-20;60+;63;63,0;63;63;63;63;63;63;63;63;63;63;951;951,0;951;951;951;951;951,0;951;951;951,0;951;951,0;1,000000000000000;1,000000000000000;1,000000000000000;1,000000000000000;1,000000000000000;1,000000000000000;1,000000000000000;1,000000000000000;1,000000000000000;1,000000000000000;1,000000000000000
2022-02-20;alle;107;107,0;107;107;107;107;107;107;107;107;107;107;1526;1526,0;1526;1526;1526;1526;1526,0;1526;1526;1526,0;1526;1526,0;NA;NA;NA;NA;NA;NA;NA;NA;NA;NA;NA
2022-02-19;0-60;76;76,0;76;76;76;76;76;76;76;76;76;76;574;574,0;574;574;574;574;574,0;574;574;574,0;574;574,0;1,000000000000000;1,000000000000000;1,000000000000000;1,000000000000000;1,000000000000000;1,000000000000000;1,000000000000000;1,000000000000000;1,000000000000000;1,000000000000000;1,000000000000000
2022-02-19;60+;163;163,0;163;163;163;163;163;163;163;163;163;163;958;958,0;958;958;958;958;958,0;958;958;958,0;958;958,0;1,000000000000000;1,000000000000000;1,000000000000000;1,000000000000000;1,000000000000000;1,000000000000000;1,000000000000000;1,000000000000000;1,000000000000000;1,000000000000000;1,000000000000000
2022-02-19;alle;239;239,0;239;239;239;239;239;239;239;239;239;239;1532;1532,0;1532;1532;1532;1532;1532,0;1532;1532;1532,0;1532;1532,0;NA;NA;NA;NA;NA;NA;NA;NA;NA;NA;NA
2022-02-18;0-60;94;94,0;94;94;94;94;94;94;94;94;94;94;611;611,0;611;611;611;611;611,0;611;611;611,0;611;611,0;1,000000000000000;1,000000000000000;1,000000000000000;1,000000000000000;1,000000000000000;1,000000000000000;1,000000000000000;1,000000000000000;1,000000000000000;1,000000000000000;1,000000000000000
2022-02-18;60+;156;156,0;156;156;156;156;156;156;156;156;156;156;931;931,0;931;931;931;931;931,0;931;931;931,0;931;931,0;1,000000000000000;1,000000000000000;1,000000000000000;1,000000000000000;1,000000000000000;1,000000000000000;1,000000000000000;1,000000000000000;1,000000000000000;1,000000000000000;1,000000000000000
2022-02-18;alle;250;250,0;250;250;250;250;250;250;250;250;250;250;1542;1542,0;1542;1542;1542;1542;1542,0;1542;1542;1542,0;1542;1542,0;NA;NA;NA;NA;NA;NA;NA;NA;NA;NA;NA
2022-02-17;0-60;107;107,0;107;107;107;107;107;107;107;107;107;107;619;619,0;619;619;619;619;619,0;619;619;619,0;619;619,0;1,000000000000000;1,000000000000000;1,000000000000000;1,000000000000000;1,000000000000000;1,000000000000000;1,000000000000000;1,000000000000000;1,000000000000000;1,000000000000000;1,000000000000000
2022-02-17;60+;179;179,0;179;179;179;179;179;179;179;179;179;179;905;905,0;905;905;905;905;905,0;905;905;905,0;905;905,0;1,000000000000000;1,000000000000000;1,000000000000000;1,000000000000000;1,000000000000000;1,000000000000000;1,000000000000000;1,000000000000000;1,000000000000000;1,000000000000000;1,000000000000000
2022-02-17;alle;286;286,0;286;286;286;286;286;286;286;286;286;286;1524;1524,0;1524;1524;1524;1524;1524,0;1524;1524;1524,0;1524;1524,0;NA;NA;NA;NA;NA;NA;NA;NA;NA;NA;NA
2022-02-16;0-60;118;118,0;118;118;118;118;118;118;118;118;118;118;617;617,0;617;617;617;617;617,0;617;617;617,0;617;617,0;1,000000000000000;1,000000000000000;1,000000000000000;1,000000000000000;1,000000000000000;1,000000000000000;1,000000000000000;1,000000000000000;1,000000000000000;1,000000000000000;1,000000000000000
2022-02-16;60+;191;191,0;191;191;191;191;191;191;191;191;191;191;835;835,0;835;835;835;835;835,0;835;835;835,0;835;835,0;1,000000000000000;1,000000000000000;1,000000000000000;1,000000000000000;1,000000000000000;1,000000000000000;1,000000000000000;1,000000000000000;1,000000000000000;1,000000000000000;1,000000000000000
2022-02-16;alle;309;309,0;309;309;309;309;309;309;309;309;309;309;1452;1452,0;1452;1452;1452;1452;1452,0;1452;1452;1452,0;1452;1452,0;NA;NA;NA;NA;NA;NA;NA;NA;NA;NA;NA
2022-02-15;0-60;94;94,0;94;94;94;94;94;94;94;94;94;94;594;594,0;594;594;594;594;594,0;594;594;594,0;594;594,0;1,000000000000000;1,000000000000000;1,000000000000000;1,000000000000000;1,000000000000000;1,000000000000000;1,000000000000000;1,000000000000000;1,000000000000000;1,000000000000000;1,000000000000000
2022-02-15;60+;142;142,0;142;142;142;142;142;142;142;142;142;142;807;807,0;807;807;807;807;807,0;807;807;807,0;807;807,0;1,000000000000000;1,000000000000000;1,000000000000000;1,000000000000000;1,000000000000000;1,000000000000000;1,000000000000000;1,000000000000000;1,000000000000000;1,000000000000000;1,000000000000000
2022-02-15;alle;236;236,0;236;236;236;236;236;236;236;236;236;236;1401;1401,0;1401;1401;1401;1401;1401,0;1401;1401;1401,0;1401;1401,0;NA;NA;NA;NA;NA;NA;NA;NA;NA;NA;NA
2022-02-14;0-60;42;42,0;42;42;42;42;42;42;42;42;42;42;610;610,0;610;610;610;610;610,0;610;610;610,0;610;610,0;1,000000000000000;1,000000000000000;1,000000000000000;1,000000000000000;1,000000000000000;1,000000000000000;1,000000000000000;1,000000000000000;1,000000000000000;1,000000000000000;1,000000000000000
2022-02-14;60+;57;57,0;57;57;57;57;57;57;57;57;57;57;781;781,0;781;781;781;781;781,0;781;781;781,0;781;781,0;1,000000000000000;1,000000000000000;1,000000000000000;1,000000000000000;1,000000000000000;1,000000000000000;1,000000000000000;1,000000000000000;1,000000000000000;1,000000000000000;1,000000000000000
2022-02-14;alle;99;99,0;99;99;99;99;99;99;99;99;99;99;1391;1391,0;1391;1391;1391;1391;1391,0;1391;1391;1391,0;1391;1391,0;NA;NA;NA;NA;NA;NA;NA;NA;NA;NA;NA
2022-02-13;0-60;43;43,0;43;43;43;43;43;43;43;43;43;43;603;603,0;603;603;603;603;603,0;603;603;603,0;603;603,0;1,000000000000000;1,000000000000000;1,000000000000000;1,000000000000000;1,000000000000000;1,000000000000000;1,000000000000000;1,000000000000000;1,000000000000000;1,000000000000000;1,000000000000000
2022-02-13;60+;70;70,0;70;70;70;70;70;70;70;70;70;70;797;797,0;797;797;797;797;797,0;797;797;797,0;797;797,0;1,000000000000000;1,000000000000000;1,000000000000000;1,000000000000000;1,000000000000000;1,000000000000000;1,000000000000000;1,000000000000000;1,000000000000000;1,000000000000000;1,000000000000000
2022-02-13;alle;113;113,0;113;113;113;113;113;113;113;113;113;113;1400;1400,0;1400;1400;1400;1400;1400,0;1400;1400;1400,0;1400;1400,0;NA;NA;NA;NA;NA;NA;NA;NA;NA;NA;NA
2022-02-12;0-60;113;113,0;113;113;113;113;113;113;113;113;113;113;632;632,0;632;632;632;632;632,0;632;632;632,0;632;632,0;1,000000000000000;1,000000000000000;1,000000000000000;1,000000000000000;1,000000000000000;1,000000000000000;1,000000000000000;1,000000000000000;1,000000000000000;1,000000000000000;1,000000000000000
2022-02-12;60+;136;136,0;136;136;136;136;136;136;136;136;136;136;798;798,0;798;798;798;798;798,0;798;798;798,0;798;798,0;1,000000000000000;1,000000000000000;1,000000000000000;1,000000000000000;1,000000000000000;1,000000000000000;1,000000000000000;1,000000000000000;1,000000000000000;1,000000000000000;1,000000000000000
2022-02-12;alle;249;249,0;249;249;249;249;249;249;249;249;249;249;1430;1430,0;1430;1430;1430;1430;1430,0;1430;1430;1430,0;1430;1430,0;NA;NA;NA;NA;NA;NA;NA;NA;NA;NA;NA
2022-02-11;0-60;102;102,0;102;102;102;102;102;102;102;102;102;102;629;629,0;629;629;629;629;629,0;629;629;629,0;629;629,0;1,000000000000000;1,000000000000000;1,000000000000000;1,000000000000000;1,000000000000000;1,000000000000000;1,000000000000000;1,000000000000000;1,000000000000000;1,000000000000000;1,000000000000000
2022-02-11;60+;130;130,0;130;130;130;130;130;130;130;130;130;130;801;801,0;801;801;801;801;801,0;801;801;801,0;801;801,0;1,000000000000000;1,000000000000000;1,000000000000000;1,000000000000000;1,000000000000000;1,000000000000000;1,000000000000000;1,000000000000000;1,000000000000000;1,000000000000000;1,000000000000000
2022-02-11;alle;232;232,0;232;232;232;232;232;232;232;232;232;232;1430;1430,0;1430;1430;1430;1430;1430,0;1430;1430;1430,0;1430;1430,0;NA;NA;NA;NA;NA;NA;NA;NA;NA;NA;NA
2022-02-10;0-60;105;105,0;105;105;105;105;105;105;105;105;105;105;638;638,0;638;638;638;638;638,0;638;638;638,0;638;638,0;1,000000000000000;1,000000000000000;1,000000000000000;1,000000000000000;1,000000000000000;1,000000000000000;1,000000000000000;1,000000000000000;1,000000000000000;1,000000000000000;1,000000000000000
2022-02-10;60+;109;109,0;109;109;109;109;109;109;109;109;109;109;806;806,0;806;806;806;806;806,0;806;806;806,0;806;806,0;1,000000000000000;1,000000000000000;1,000000000000000;1,000000000000000;1,000000000000000;1,000000000000000;1,000000000000000;1,000000000000000;1,000000000000000;1,000000000000000;1,000000000000000
2022-02-10;alle;214;214,0;214;214;214;214;214;214;214;214;214;214;1444;1444,0;1444;1444;1444;1444;1444,0;1444;1444;1444,0;1444;1444,0;NA;NA;NA;NA;NA;NA;NA;NA;NA;NA;NA
2022-02-09;0-60;95;95,0;95;95;95;95;95;95;95;95;95;95;650;650,0;650;650;650;650;650,0;650;650;650,0;650;650,0;1,000000000000000;1,000000000000000;1,000000000000000;1,000000000000000;1,000000000000000;1,000000000000000;1,000000000000000;1,000000000000000;1,000000000000000;1,000000000000000;1,000000000000000
2022-02-09;60+;163;163,0;163;163;163;163;163;163;163;163;163;163;851;851,0;851;851;851;851;851,0;851;851;851,0;851;851,0;1,000000000000000;1,000000000000000;1,000000000000000;1,000000000000000;1,000000000000000;1,000000000000000;1,000000000000000;1,000000000000000;1,000000000000000;1,000000000000000;1,000000000000000
2022-02-09;alle;258;258,0;258;258;258;258;258;258;258;258;258;258;1501;1501,0;1501;1501;1501;1501;1501,0;1501;1501;1501,0;1501;1501,0;NA;NA;NA;NA;NA;NA;NA;NA;NA;NA;NA
2022-02-08;0-60;110;110,0;110;110;110;110;110;110;110;110;110;110;664;664,0;664;664;664;664;664,0;664;664;664,0;664;664,0;1,000000000000000;1,000000000000000;1,000000000000000;1,000000000000000;1,000000000000000;1,000000000000000;1,000000000000000;1,000000000000000;1,000000000000000;1,000000000000000;1,000000000000000
2022-02-08;60+;116;116,0;116;116;116;116;116;116;116;116;116;116;810;810,0;810;810;810;810;810,0;810;810;810,0;810;810,0;1,000000000000000;1,000000000000000;1,000000000000000;1,000000000000000;1,000000000000000;1,000000000000000;1,000000000000000;1,000000000000000;1,000000000000000;1,000000000000000;1,000000000000000
2022-02-08;alle;226;226,0;226;226;226;226;226;226;226;226;226;226;1474;1474,0;1474;1474;1474;1474;1474,0;1474;1474;1474,0;1474;1474,0;NA;NA;NA;NA;NA;NA;NA;NA;NA;NA;NA
2022-02-07;0-60;35;35,0;35;35;35;35;35;35;35;35;35;35;649;649,0;649;649;649;649;649,0;649;649;649,0;649;649,0;1,000000000000000;1,000000000000000;1,000000000000000;1,000000000000000;1,000000000000000;1,000000000000000;1,000000000000000;1,000000000000000;1,000000000000000;1,000000000000000;1,000000000000000
2022-02-07;60+;73;73,0;73;73;73;73;73;73;73;73;73;73;814;814,0;814;814;814;814;814,0;814;814;814,0;814;814,0;1,000000000000000;1,000000000000000;1,000000000000000;1,000000000000000;1,000000000000000;1,000000000000000;1,000000000000000;1,000000000000000;1,000000000000000;1,000000000000000;1,000000000000000
2022-02-07;alle;108;108,0;108;108;108;108;108;108;108;108;108;108;1463;1463,0;1463;1463;1463;1463;1463,0;1463;1463;1463,0;1463;1463,0;NA;NA;NA;NA;NA;NA;NA;NA;NA;NA;NA
2022-02-06;0-60;72;72,0;72;72;72;72;72;72;72;72;72;72;656;656,0;656;656;656;656;656,0;656;656;656,0;656;656,0;1,000000000000000;1,000000000000000;1,000000000000000;1,000000000000000;1,000000000000000;1,000000000000000;1,000000000000000;1,000000000000000;1,000000000000000;1,000000000000000;1,000000000000000
2022-02-06;60+;71;71,0;71;71;71;71;71;71;71;71;71;71;783;783,0;783;783;783;783;783,0;783;783;783,0;783;783,0;1,000000000000000;1,000000000000000;1,000000000000000;1,000000000000000;1,000000000000000;1,000000000000000;1,000000000000000;1,000000000000000;1,000000000000000;1,000000000000000;1,000000000000000
2022-02-06;alle;143;143,0;143;143;143;143;143;143;143;143;143;143;1439;1439,0;1439;1439;1439;1439;1439,0;1439;1439;1439,0;1439;1439,0;NA;NA;NA;NA;NA;NA;NA;NA;NA;NA;NA
2022-02-05;0-60;110;110,0;110;110;110;110;110;110;110;110;110;110;661;661,0;661;661;661;661;661,0;661;661;661,0;661;661,0;1,000000000000000;1,000000000000000;1,000000000000000;1,000000000000000;1,000000000000000;1,000000000000000;1,000000000000000;1,000000000000000;1,000000000000000;1,000000000000000;1,000000000000000
2022-02-05;60+;139;139,0;139;139;139;139;139;139;139;139;139;139;767;767,0;767;767;767;767;767,0;767;767;767,0;767;767,0;1,000000000000000;1,000000000000000;1,000000000000000;1,000000000000000;1,000000000000000;1,000000000000000;1,000000000000000;1,000000000000000;1,000000000000000;1,000000000000000;1,000000000000000
2022-02-05;alle;249;249,0;249;249;249;249;249;249;249;249;249;249;1428;1428,0;1428;1428;1428;1428;1428,0;1428;1428;1428,0;1428;1428,0;NA;NA;NA;NA;NA;NA;NA;NA;NA;NA;NA
2022-02-04;0-60;111;111,0;111;111;111;111;111;111;111;111;111;111;643;643,0;643;643;643;643;643,0;643;643;643,0;643;643,0;1,000000000000000;1,000000000000000;1,000000000000000;1,000000000000000;1,000000000000000;1,000000000000000;1,000000000000000;1,000000000000000;1,000000000000000;1,000000000000000;1,000000000000000
2022-02-04;60+;135;135,0;135;135;135;135;135;135;135;135;135;135;721;721,0;721;721;721;721;721,0;721;721;721,0;721;721,0;1,000000000000000;1,000000000000000;1,000000000000000;1,000000000000000;1,000000000000000;1,000000000000000;1,000000000000000;1,000000000000000;1,000000000000000;1,000000000000000;1,000000000000000
2022-02-04;alle;246;246,0;246;246;246;246;246;246;246;246;246;246;1364;1364,0;1364;1364;1364;1364;1364,0;1364;1364;1364,0;1364;1364,0;NA;NA;NA;NA;NA;NA;NA;NA;NA;NA;NA
2022-02-03;0-60;117;117,0;117;117;117;117;117;117;117;117;117;117;615;615,0;615;615;615;615;615,0;615;615;615,0;615;615,0;1,000000000000000;1,000000000000000;1,000000000000000;1,000000000000000;1,000000000000000;1,000000000000000;1,000000000000000;1,000000000000000;1,000000000000000;1,000000000000000;1,000000000000000
2022-02-03;60+;154;154,0;154;154;154;154;154;154;154;154;154;154;678;678,0;678;678;678;678;678,0;678;678;678,0;678;678,0;1,000000000000000;1,000000000000000;1,000000000000000;1,000000000000000;1,000000000000000;1,000000000000000;1,000000000000000;1,000000000000000;1,000000000000000;1,000000000000000;1,000000000000000
2022-02-03;alle;271;271,0;271;271;271;271;271;271;271;271;271;271;1293;1293,0;1293;1293;1293;1293;1293,0;1293;1293;1293,0;1293;1293,0;NA;NA;NA;NA;NA;NA;NA;NA;NA;NA;NA
2022-02-02;0-60;109;109,0;109;109;109;109;109;109;109;109;109;109;580;580,0;580;580;580;580;580,0;580;580;580,0;580;580,0;1,000000000000000;1,000000000000000;1,000000000000000;1,000000000000000;1,000000000000000;1,000000000000000;1,000000000000000;1,000000000000000;1,000000000000000;1,000000000000000;1,000000000000000
2022-02-02;60+;122;122,0;122;122;122;122;122;122;122;122;122;122;603;603,0;603;603;603;603;603,0;603;603;603,0;603;603,0;1,000000000000000;1,000000000000000;1,000000000000000;1,000000000000000;1,000000000000000;1,000000000000000;1,000000000000000;1,000000000000000;1,000000000000000;1,000000000000000;1,000000000000000
2022-02-02;alle;231;231,0;231;231;231;231;231;231;231;231;231;231;1183;1183,0;1183;1183;1183;1183;1183,0;1183;1183;1183,0;1183;1183,0;NA;NA;NA;NA;NA;NA;NA;NA;NA;NA;NA
2022-02-01;0-60;95;95,0;95;95;95;95;95;95;95;95;95;95;564;564,0;564;564;564;564;564,0;564;564;564,0;564;564,0;1,000000000000000;1,000000000000000;1,000000000000000;1,000000000000000;1,000000000000000;1,000000000000000;1,000000000000000;1,000000000000000;1,000000000000000;1,000000000000000;1,000000000000000
2022-02-01;60+;120;120,0;120;120;120;120;120;120;120;120;120;120;554;554,0;554;554;554;554;554,0;554;554;554,0;554;554,0;1,000000000000000;1,000000000000000;1,000000000000000;1,000000000000000;1,000000000000000;1,000000000000000;1,000000000000000;1,000000000000000;1,000000000000000;1,000000000000000;1,000000000000000
2022-02-01;alle;215;215,0;215;215;215;215;215;215;215;215;215;215;1118;1118,0;1118;1118;1118;1118;1118,0;1118;1118;1118,0;1118;1118,0;NA;NA;NA;NA;NA;NA;NA;NA;NA;NA;NA
2022-01-31;0-60;42;42,0;42;42;42;42;42;42;42;42;42;42;539;539,0;539;539;539;539;539,0;539;539;539,0;539;539,0;1,000000000000000;1,000000000000000;1,000000000000000;1,000000000000000;1,000000000000000;1,000000000000000;1,000000000000000;1,000000000000000;1,000000000000000;1,000000000000000;1,000000000000000
2022-01-31;60+;42;42,0;42;42;42;42;42;42;42;42;42;42;532;532,0;532;532;532;532;532,0;532;532;532,0;532;532,0;1,000000000000000;1,000000000000000;1,000000000000000;1,000000000000000;1,000000000000000;1,000000000000000;1,000000000000000;1,000000000000000;1,000000000000000;1,000000000000000;1,000000000000000
2022-01-31;alle;84;84,0;84;84;84;84;84;84;84;84;84;84;1071;1071,0;1071;1071;1071;1071;1071,0;1071;1071;1071,0;1071;1071,0;NA;NA;NA;NA;NA;NA;NA;NA;NA;NA;NA
2022-01-30;0-60;77;77,0;77;77;77;77;77;77;77;77;77;77;530;530,0;530;530;530;530;530,0;530;530;530,0;530;530,0;1,000000000000000;1,000000000000000;1,000000000000000;1,000000000000000;1,000000000000000;1,000000000000000;1,000000000000000;1,000000000000000;1,000000000000000;1,000000000000000;1,000000000000000
2022-01-30;60+;55;55,0;55;55;55;55;55;55;55;55;55;55;528;528,0;528;528;528;528;528,0;528;528;528,0;528;528,0;1,000000000000000;1,000000000000000;1,000000000000000;1,000000000000000;1,000000000000000;1,000000000000000;1,000000000000000;1,000000000000000;1,000000000000000;1,000000000000000;1,000000000000000
2022-01-30;alle;132;132,0;132;132;132;132;132;132;132;132;132;132;1058;1058,0;1058;1058;1058;1058;1058,0;1058;1058;1058,0;1058;1058,0;NA;NA;NA;NA;NA;NA;NA;NA;NA;NA;NA
2022-01-29;0-60;92;92,0;92;92;92;92;92;92;92;92;92;92;501;501,0;501;501;501;501;501,0;501;501;501,0;501;501,0;1,000000000000000;1,000000000000000;1,000000000000000;1,000000000000000;1,000000000000000;1,000000000000000;1,000000000000000;1,000000000000000;1,000000000000000;1,000000000000000;1,000000000000000
2022-01-29;60+;93;93,0;93;93;93;93;93;93;93;93;93;93;518;518,0;518;518;518;518;518,0;518;518;518,0;518;518,0;1,000000000000000;1,000000000000000;1,000000000000000;1,000000000000000;1,000000000000000;1,000000000000000;1,000000000000000;1,000000000000000;1,000000000000000;1,000000000000000;1,000000000000000
2022-01-29;alle;185;185,0;185;185;185;185;185;185;185;185;185;185;1019;1019,0;1019;1019;1019;1019;1019,0;1019;1019;1019,0;1019;1019,0;NA;NA;NA;NA;NA;NA;NA;NA;NA;NA;NA
2022-01-28;0-60;83;83,0;83;83;83;83;83;83;83;83;83;83;496;496,0;496;496;496;496;496,0;496;496;496,0;496;496,0;1,000000000000000;1,000000000000000;1,000000000000000;1,000000000000000;1,000000000000000;1,000000000000000;1,000000000000000;1,000000000000000;1,000000000000000;1,000000000000000;1,000000000000000
2022-01-28;60+;92;92,0;92;92;92;92;92;92;92;92;92;92;497;497,0;497;497;497;497;497,0;497;497;497,0;497;497,0;1,000000000000000;1,000000000000000;1,000000000000000;1,000000000000000;1,000000000000000;1,000000000000000;1,000000000000000;1,000000000000000;1,000000000000000;1,000000000000000;1,000000000000000
2022-01-28;alle;175;175,0;175;175;175;175;175;175;175;175;175;175;993;993,0;993;993;993;993;993,0;993;993;993,0;993;993,0;NA;NA;NA;NA;NA;NA;NA;NA;NA;NA;NA
2022-01-27;0-60;82;82,0;82;82;82;82;82;82;82;82;82;82;491;491,0;491;491;491;491;491,0;491;491;491,0;491;491,0;1,000000000000000;1,000000000000000;1,000000000000000;1,000000000000000;1,000000000000000;1,000000000000000;1,000000000000000;1,000000000000000;1,000000000000000;1,000000000000000;1,000000000000000
2022-01-27;60+;79;79,0;79;79;79;79;79;79;79;79;79;79;473;473,0;473;473;473;473;473,0;473;473;473,0;473;473,0;1,000000000000000;1,000000000000000;1,000000000000000;1,000000000000000;1,000000000000000;1,000000000000000;1,000000000000000;1,000000000000000;1,000000000000000;1,000000000000000;1,000000000000000
2022-01-27;alle;161;161,0;161;161;161;161;161;161;161;161;161;161;964;964,0;964;964;964;964;964,0;964;964;964,0;964;964,0;NA;NA;NA;NA;NA;NA;NA;NA;NA;NA;NA
2022-01-26;0-60;93;93,0;93;93;93;93;93;93;93;93;93;93;496;496,0;496;496;496;496;496,0;496;496;496,0;496;496,0;1,000000000000000;1,000000000000000;1,000000000000000;1,000000000000000;1,000000000000000;1,000000000000000;1,000000000000000;1,000000000000000;1,000000000000000;1,000000000000000;1,000000000000000
2022-01-26;60+;73;73,0;73;73;73;73;73;73;73;73;73;73;458;458,0;458;458;458;458;458,0;458;458;458,0;458;458,0;1,000000000000000;1,000000000000000;1,000000000000000;1,000000000000000;1,000000000000000;1,000000000000000;1,000000000000000;1,000000000000000;1,000000000000000;1,000000000000000;1,000000000000000
2022-01-26;alle;166;166,0;166;166;166;166;166;166;166;166;166;166;954;954,0;954;954;954;954;954,0;954;954;954,0;954;954,0;NA;NA;NA;NA;NA;NA;NA;NA;NA;NA;NA
2022-01-25;0-60;70;70,0;70;70;70;70;70;70;70;70;70;70;493;493,0;493;493;493;493;493,0;493;493;493,0;493;493,0;1,000000000000000;1,000000000000000;1,000000000000000;1,000000000000000;1,000000000000000;1,000000000000000;1,000000000000000;1,000000000000000;1,000000000000000;1,000000000000000;1,000000000000000
2022-01-25;60+;98;98,0;98;98;98;98;98;98;98;98;98;98;450;450,0;450;450;450;450;450,0;450;450;450,0;450;450,0;1,000000000000000;1,000000000000000;1,000000000000000;1,000000000000000;1,000000000000000;1,000000000000000;1,000000000000000;1,000000000000000;1,000000000000000;1,000000000000000;1,000000000000000
2022-01-25;alle;168;168,0;168;168;168;168;168;168;168;168;168;168;943;943,0;943;943;943;943;943,0;943;943;943,0;943;943,0;NA;NA;NA;NA;NA;NA;NA;NA;NA;NA;NA
2022-01-24;0-60;33;33,0;33;33;33;33;33;33;33;33;33;33;479;479,0;479;479;479;479;479,0;479;479;479,0;479;479,0;1,000000000000000;1,000000000000000;1,000000000000000;1,000000000000000;1,000000000000000;1,000000000000000;1,000000000000000;1,000000000000000;1,000000000000000;1,000000000000000;1,000000000000000
2022-01-24;60+;38;38,0;38;38;38;38;38;38;38;38;38;38;405;405,0;405;405;405;405;405,0;405;405;405,0;405;405,0;1,000000000000000;1,000000000000000;1,000000000000000;1,000000000000000;1,000000000000000;1,000000000000000;1,000000000000000;1,000000000000000;1,000000000000000;1,000000000000000;1,000000000000000
2022-01-24;alle;71;71,0;71;71;71;71;71;71;71;71;71;71;884;884,0;884;884;884;884;884,0;884;884;884,0;884;884,0;NA;NA;NA;NA;NA;NA;NA;NA;NA;NA;NA
2022-01-23;0-60;48;48,0;48;48;48;48;48;48;48;48;48;48;465;465,0;465;465;465;465;465,0;465;465;465,0;465;465,0;1,000000000000000;1,000000000000000;1,000000000000000;1,000000000000000;1,000000000000000;1,000000000000000;1,000000000000000;1,000000000000000;1,000000000000000;1,000000000000000;1,000000000000000
2022-01-23;60+;45;45,0;45;45;45;45;45;45;45;45;45;45;395;395,0;395;395;395;395;395,0;395;395;395,0;395;395,0;1,000000000000000;1,000000000000000;1,000000000000000;1,000000000000000;1,000000000000000;1,000000000000000;1,000000000000000;1,000000000000000;1,000000000000000;1,000000000000000;1,000000000000000
2022-01-23;alle;93;93,0;93;93;93;93;93;93;93;93;93;93;860;860,0;860;860;860;860;860,0;860;860;860,0;860;860,0;NA;NA;NA;NA;NA;NA;NA;NA;NA;NA;NA
2022-01-22;0-60;87;87,0;87;87;87;87;87;87;87;87;87;87;445;445,0;445;445;445;445;445,0;445;445;445,0;445;445,0;1,000000000000000;1,000000000000000;1,000000000000000;1,000000000000000;1,000000000000000;1,000000000000000;1,000000000000000;1,000000000000000;1,000000000000000;1,000000000000000;1,000000000000000
2022-01-22;60+;72;72,0;72;72;72;72;72;72;72;72;72;72;375;375,0;375;375;375;375;375,0;375;375;375,0;375;375,0;1,000000000000000;1,000000000000000;1,000000000000000;1,000000000000000;1,000000000000000;1,000000000000000;1,000000000000000;1,000000000000000;1,000000000000000;1,000000000000000;1,000000000000000
2022-01-22;alle;159;159,0;159;159;159;159;159;159;159;159;159;159;820;820,0;820;820;820;820;820,0;820;820;820,0;820;820,0;NA;NA;NA;NA;NA;NA;NA;NA;NA;NA;NA
2022-01-21;0-60;78;78,0;78;78;78;78;78;78;78;78;78;78;410;410,0;410;410;410;410;410,0;410;410;410,0;410;410,0;1,000000000000000;1,000000000000000;1,000000000000000;1,000000000000000;1,000000000000000;1,000000000000000;1,000000000000000;1,000000000000000;1,000000000000000;1,000000000000000;1,000000000000000
2022-01-21;60+;68;68,0;68;68;68;68;68;68;68;68;68;68;342;342,0;342;342;342;342;342,0;342;342;342,0;342;342,0;1,000000000000000;1,000000000000000;1,000000000000000;1,000000000000000;1,000000000000000;1,000000000000000;1,000000000000000;1,000000000000000;1,000000000000000;1,000000000000000;1,000000000000000
2022-01-21;alle;146;146,0;146;146;146;146;146;146;146;146;146;146;752;752,0;752;752;752;752;752,0;752;752;752,0;752;752,0;NA;NA;NA;NA;NA;NA;NA;NA;NA;NA;NA
2022-01-20;0-60;87;87,0;87;87;87;87;87;87;87;87;87;87;381;381,0;381;381;381;381;381,0;381;381;381,0;381;381,0;1,000000000000000;1,000000000000000;1,000000000000000;1,000000000000000;1,000000000000000;1,000000000000000;1,000000000000000;1,000000000000000;1,000000000000000;1,000000000000000;1,000000000000000
2022-01-20;60+;64;64,0;64;64;64;64;64;64;64;64;64;64;318;318,0;318;318;318;318;318,0;318;318;318,0;318;318,0;1,000000000000000;1,000000000000000;1,000000000000000;1,000000000000000;1,000000000000000;1,000000000000000;1,000000000000000;1,000000000000000;1,000000000000000;1,000000000000000;1,000000000000000
2022-01-20;alle;151;151,0;151;151;151;151;151;151;151;151;151;151;699;699,0;699;699;699;699;699,0;699;699;699,0;699;699,0;NA;NA;NA;NA;NA;NA;NA;NA;NA;NA;NA
2022-01-19;0-60;90;90,0;90;90;90;90;90;90;90;90;90;90;358;358,0;358;358;358;358;358,0;358;358;358,0;358;358,0;1,000000000000000;1,000000000000000;1,000000000000000;1,000000000000000;1,000000000000000;1,000000000000000;1,000000000000000;1,000000000000000;1,000000000000000;1,000000000000000;1,000000000000000
2022-01-19;60+;65;65,0;65;65;65;65;65;65;65;65;65;65;308;308,0;308;308;308;308;308,0;308;308;308,0;308;308,0;1,000000000000000;1,000000000000000;1,000000000000000;1,000000000000000;1,000000000000000;1,000000000000000;1,000000000000000;1,000000000000000;1,000000000000000;1,000000000000000;1,000000000000000
2022-01-19;alle;155;155,0;155;155;155;155;155;155;155;155;155;155;666;666,0;666;666;666;666;666,0;666;666;666,0;666;666,0;NA;NA;NA;NA;NA;NA;NA;NA;NA;NA;NA
2022-01-18;0-60;56;56,0;56;56;56;56;56;56;56;56;56;56;314;314,0;314;314;314;314;314,0;314;314;314,0;314;314,0;1,000000000000000;1,000000000000000;1,000000000000000;1,000000000000000;1,000000000000000;1,000000000000000;1,000000000000000;1,000000000000000;1,000000000000000;1,000000000000000;1,000000000000000
2022-01-18;60+;53;53,0;53;53;53;53;53;53;53;53;53;53;289;289,0;289;289;289;289;289,0;289;289;289,0;289;289,0;1,000000000000000;1,000000000000000;1,000000000000000;1,000000000000000;1,000000000000000;1,000000000000000;1,000000000000000;1,000000000000000;1,000000000000000;1,000000000000000;1,000000000000000
2022-01-18;alle;109;109,0;109;109;109;109;109;109;109;109;109;109;603;603,0;603;603;603;603;603,0;603;603;603,0;603;603,0;NA;NA;NA;NA;NA;NA;NA;NA;NA;NA;NA
2022-01-17;0-60;19;19,0;19;19;19;19;19;19;19;19;19;19;317;317,0;317;317;317;317;317,0;317;317;317,0;317;317,0;1,000000000000000;1,000000000000000;1,000000000000000;1,000000000000000;1,000000000000000;1,000000000000000;1,000000000000000;1,000000000000000;1,000000000000000;1,000000000000000;1,000000000000000
2022-01-17;60+;28;28,0;28;28;28;28;28;28;28;28;28;28;281;281,0;281;281;281;281;281,0;281;281;281,0;281;281,0;1,000000000000000;1,000000000000000;1,000000000000000;1,000000000000000;1,000000000000000;1,000000000000000;1,000000000000000;1,000000000000000;1,000000000000000;1,000000000000000;1,000000000000000
2022-01-17;alle;47;47,0;47;47;47;47;47;47;47;47;47;47;598;598,0;598;598;598;598;598,0;598;598;598,0;598;598,0;NA;NA;NA;NA;NA;NA;NA;NA;NA;NA;NA
2022-01-16;0-60;28;28,0;28;28;28;28;28;28;28;28;28;28;328;328,0;328;328;328;328;328,0;328;328;328,0;328;328,0;1,000000000000000;1,000000000000000;1,000000000000000;1,000000000000000;1,000000000000000;1,000000000000000;1,000000000000000;1,000000000000000;1,000000000000000;1,000000000000000;1,000000000000000
2022-01-16;60+;25;25,0;25;25;25;25;25;25;25;25;25;25;277;277,0;277;277;277;277;277,0;277;277;277,0;277;277,0;1,000000000000000;1,000000000000000;1,000000000000000;1,000000000000000;1,000000000000000;1,000000000000000;1,000000000000000;1,000000000000000;1,000000000000000;1,000000000000000;1,000000000000000
2022-01-16;alle;53;53,0;53;53;53;53;53;53;53;53;53;53;605;605,0;605;605;605;605;605,0;605;605;605,0;605;605,0;NA;NA;NA;NA;NA;NA;NA;NA;NA;NA;NA
2022-01-15;0-60;52;52,0;52;52;52;52;52;52;52;52;52;52;333;333,0;333;333;333;333;333,0;333;333;333,0;333;333,0;1,000000000000000;1,000000000000000;1,000000000000000;1,000000000000000;1,000000000000000;1,000000000000000;1,000000000000000;1,000000000000000;1,000000000000000;1,000000000000000;1,000000000000000
2022-01-15;60+;39;39,0;39;39;39;39;39;39;39;39;39;39;273;273,0;273;273;273;273;273,0;273;273;273,0;273;273,0;1,000000000000000;1,000000000000000;1,000000000000000;1,000000000000000;1,000000000000000;1,000000000000000;1,000000000000000;1,000000000000000;1,000000000000000;1,000000000000000;1,000000000000000
2022-01-15;alle;91;91,0;91;91;91;91;91;91;91;91;91;91;606;606,0;606;606;606;606;606,0;606;606;606,0;606;606,0;NA;NA;NA;NA;NA;NA;NA;NA;NA;NA;NA
2022-01-14;0-60;49;49,0;49;49;49;49;49;49;49;49;49;49;328;328,0;328;328;328;328;328,0;328;328;328,0;328;328,0;1,000000000000000;1,000000000000000;1,000000000000000;1,000000000000000;1,000000000000000;1,000000000000000;1,000000000000000;1,000000000000000;1,000000000000000;1,000000000000000;1,000000000000000
2022-01-14;60+;44;44,0;44;44;44;44;44;44;44;44;44;44;271;271,0;271;271;271;271;271,0;271;271;271,0;271;271,0;1,000000000000000;1,000000000000000;1,000000000000000;1,000000000000000;1,000000000000000;1,000000000000000;1,000000000000000;1,000000000000000;1,000000000000000;1,000000000000000;1,000000000000000
2022-01-14;alle;93;93,0;93;93;93;93;93;93;93;93;93;93;599;599,0;599;599;599;599;599,0;599;599;599,0;599;599,0;NA;NA;NA;NA;NA;NA;NA;NA;NA;NA;NA
2022-01-13;0-60;64;64,0;64;64;64;64;64;64;64;64;64;64;302;302,0;302;302;302;302;302,0;302;302;302,0;302;302,0;1,000000000000000;1,000000000000000;1,000000000000000;1,000000000000000;1,000000000000000;1,000000000000000;1,000000000000000;1,000000000000000;1,000000000000000;1,000000000000000;1,000000000000000
2022-01-13;60+;54;54,0;54;54;54;54;54;54;54;54;54;54;251;251,0;251;251;251;251;251,0;251;251;251,0;251;251,0;1,000000000000000;1,000000000000000;1,000000000000000;1,000000000000000;1,000000000000000;1,000000000000000;1,000000000000000;1,000000000000000;1,000000000000000;1,000000000000000;1,000000000000000
2022-01-13;alle;118;118,0;118;118;118;118;118;118;118;118;118;118;553;553,0;553;553;553;553;553,0;553;553;553,0;553;553,0;NA;NA;NA;NA;NA;NA;NA;NA;NA;NA;NA
2022-01-12;0-60;46;46,0;46;46;46;46;46;46;46;46;46;46;289;289,0;289;289;289;289;289,0;289;289;289,0;289;289,0;1,000000000000000;1,000000000000000;1,000000000000000;1,000000000000000;1,000000000000000;1,000000000000000;1,000000000000000;1,000000000000000;1,000000000000000;1,000000000000000;1,000000000000000
2022-01-12;60+;46;46,0;46;46;46;46;46;46;46;46;46;46;263;263,0;263;263;263;263;263,0;263;263;263,0;263;263,0;1,000000000000000;1,000000000000000;1,000000000000000;1,000000000000000;1,000000000000000;1,000000000000000;1,000000000000000;1,000000000000000;1,000000000000000;1,000000000000000;1,000000000000000
2022-01-12;alle;92;92,0;92;92;92;92;92;92;92;92;92;92;552;552,0;552;552;552;552;552,0;552;552;552,0;552;552,0;NA;NA;NA;NA;NA;NA;NA;NA;NA;NA;NA
2022-01-11;0-60;59;59,0;59;59;59;59;59;59;59;59;59;59;305;305,0;305;305;305;305;305,0;305;305;305,0;305;305,0;1,000000000000000;1,000000000000000;1,000000000000000;1,000000000000000;1,000000000000000;1,000000000000000;1,000000000000000;1,000000000000000;1,000000000000000;1,000000000000000;1,000000000000000
2022-01-11;60+;45;45,0;45;45;45;45;45;45;45;45;45;45;311;311,0;311;311;311;311;311,0;311;311;311,0;311;311,0;1,000000000000000;1,000000000000000;1,000000000000000;1,000000000000000;1,000000000000000;1,000000000000000;1,000000000000000;1,000000000000000;1,000000000000000;1,000000000000000;1,000000000000000
2022-01-11;alle;104;104,0;104;104;104;104;104;104;104;104;104;104;616;616,0;616;616;616;616;616,0;616;616;616,0;616;616,0;NA;NA;NA;NA;NA;NA;NA;NA;NA;NA;NA
2022-01-10;0-60;30;30,0;30;30;30;30;30;30;30;30;30;30;280;280,0;280;280;280;280;280,0;280;280;280,0;280;280,0;1,000000000000000;1,000000000000000;1,000000000000000;1,000000000000000;1,000000000000000;1,000000000000000;1,000000000000000;1,000000000000000;1,000000000000000;1,000000000000000;1,000000000000000
2022-01-10;60+;24;24,0;24;24;24;24;24;24;24;24;24;24;319;319,0;319;319;319;319;319,0;319;319;319,0;319;319,0;1,000000000000000;1,000000000000000;1,000000000000000;1,000000000000000;1,000000000000000;1,000000000000000;1,000000000000000;1,000000000000000;1,000000000000000;1,000000000000000;1,000000000000000
2022-01-10;alle;54;54,0;54;54;54;54;54;54;54;54;54;54;599;599,0;599;599;599;599;599,0;599;599;599,0;599;599,0;NA;NA;NA;NA;NA;NA;NA;NA;NA;NA;NA
2022-01-09;0-60;33;33,0;33;33;33;33;33;33;33;33;33;33;264;264,0;264;264;264;264;264,0;264;264;264,0;264;264,0;1,000000000000000;1,000000000000000;1,000000000000000;1,000000000000000;1,000000000000000;1,000000000000000;1,000000000000000;1,000000000000000;1,000000000000000;1,000000000000000;1,000000000000000
2022-01-09;60+;21;21,0;21;21;21;21;21;21;21;21;21;21;320;320,0;320;320;320;320;320,0;320;320;320,0;320;320,0;1,000000000000000;1,000000000000000;1,000000000000000;1,000000000000000;1,000000000000000;1,000000000000000;1,000000000000000;1,000000000000000;1,000000000000000;1,000000000000000;1,000000000000000
2022-01-09;alle;54;54,0;54;54;54;54;54;54;54;54;54;54;584;584,0;584;584;584;584;584,0;584;584;584,0;584;584,0;NA;NA;NA;NA;NA;NA;NA;NA;NA;NA;NA
2022-01-08;0-60;47;47,0;47;47;47;47;47;47;47;47;47;47;250;250,0;250;250;250;250;250,0;250;250;250,0;250;250,0;1,000000000000000;1,000000000000000;1,000000000000000;1,000000000000000;1,000000000000000;1,000000000000000;1,000000000000000;1,000000000000000;1,000000000000000;1,000000000000000;1,000000000000000
2022-01-08;60+;37;37,0;37;37;37;37;37;37;37;37;37;37;324;324,0;324;324;324;324;324,0;324;324;324,0;324;324,0;1,000000000000000;1,000000000000000;1,000000000000000;1,000000000000000;1,000000000000000;1,000000000000000;1,000000000000000;1,000000000000000;1,000000000000000;1,000000000000000;1,000000000000000
2022-01-08;alle;84;84,0;84;84;84;84;84;84;84;84;84;84;574;574,0;574;574;574;574;574,0;574;574;574,0;574;574,0;NA;NA;NA;NA;NA;NA;NA;NA;NA;NA;NA
2022-01-07;0-60;23;23,0;23;23;23;23;23;23;23;23;23;23;226;226,0;226;226;226;226;226,0;226;226;226,0;226;226,0;1,000000000000000;1,000000000000000;1,000000000000000;1,000000000000000;1,000000000000000;1,000000000000000;1,000000000000000;1,000000000000000;1,000000000000000;1,000000000000000;1,000000000000000
2022-01-07;60+;24;24,0;24;24;24;24;24;24;24;24;24;24;332;332,0;332;332;332;332;332,0;332;332;332,0;332;332,0;1,000000000000000;1,000000000000000;1,000000000000000;1,000000000000000;1,000000000000000;1,000000000000000;1,000000000000000;1,000000000000000;1,000000000000000;1,000000000000000;1,000000000000000
2022-01-07;alle;47;47,0;47;47;47;47;47;47;47;47;47;47;558;558,0;558;558;558;558;558,0;558;558;558,0;558;558,0;NA;NA;NA;NA;NA;NA;NA;NA;NA;NA;NA
2022-01-06;0-60;51;51,0;51;51;51;51;51;51;51;51;51;51;252;252,0;252;252;252;252;252,0;252;252;252,0;252;252,0;1,000000000000000;1,000000000000000;1,000000000000000;1,000000000000000;1,000000000000000;1,000000000000000;1,000000000000000;1,000000000000000;1,000000000000000;1,000000000000000;1,000000000000000
2022-01-06;60+;66;66,0;66;66;66;66;66;66;66;66;66;66;390;390,0;390;390;390;390;390,0;390;390;390,0;390;390,0;1,000000000000000;1,000000000000000;1,000000000000000;1,000000000000000;1,000000000000000;1,000000000000000;1,000000000000000;1,000000000000000;1,000000000000000;1,000000000000000;1,000000000000000
2022-01-06;alle;117;117,0;117;117;117;117;117;117;117;117;117;117;642;642,0;642;642;642;642;642,0;642;642;642,0;642;642,0;NA;NA;NA;NA;NA;NA;NA;NA;NA;NA;NA
2022-01-05;0-60;62;62,0;62;62;62;62;62;62;62;62;62;62;251;251,0;251;251;251;251;251,0;251;251;251,0;251;251,0;1,000000000000000;1,000000000000000;1,000000000000000;1,000000000000000;1,000000000000000;1,000000000000000;1,000000000000000;1,000000000000000;1,000000000000000;1,000000000000000;1,000000000000000
2022-01-05;60+;94;94,0;94;94;94;94;94;94;94;94;94;94;395;395,0;395;395;395;395;395,0;395;395;395,0;395;395,0;1,000000000000000;1,000000000000000;1,000000000000000;1,000000000000000;1,000000000000000;1,000000000000000;1,000000000000000;1,000000000000000;1,000000000000000;1,000000000000000;1,000000000000000
2022-01-05;alle;156;156,0;156;156;156;156;156;156;156;156;156;156;646;646,0;646;646;646;646;646,0;646;646;646,0;646;646,0;NA;NA;NA;NA;NA;NA;NA;NA;NA;NA;NA
2022-01-04;0-60;34;34,0;34;34;34;34;34;34;34;34;34;34;249;249,0;249;249;249;249;249,0;249;249;249,0;249;249,0;1,000000000000000;1,000000000000000;1,000000000000000;1,000000000000000;1,000000000000000;1,000000000000000;1,000000000000000;1,000000000000000;1,000000000000000;1,000000000000000;1,000000000000000
2022-01-04;60+;53;53,0;53;53;53;53;53;53;53;53;53;53;384;384,0;384;384;384;384;384,0;384;384;384,0;384;384,0;1,000000000000000;1,000000000000000;1,000000000000000;1,000000000000000;1,000000000000000;1,000000000000000;1,000000000000000;1,000000000000000;1,000000000000000;1,000000000000000;1,000000000000000
2022-01-04;alle;87;87,0;87;87;87;87;87;87;87;87;87;87;633;633,0;633;633;633;633;633,0;633;633;633,0;633;633,0;NA;NA;NA;NA;NA;NA;NA;NA;NA;NA;NA
2022-01-03;0-60;14;14,0;14;14;14;14;14;14;14;14;14;14;253;253,0;253;253;253;253;253,0;253;253;253,0;253;253,0;1,000000000000000;1,000000000000000;1,000000000000000;1,000000000000000;1,000000000000000;1,000000000000000;1,000000000000000;1,000000000000000;1,000000000000000;1,000000000000000;1,000000000000000
2022-01-03;60+;25;25,0;25;25;25;25;25;25;25;25;25;25;397;397,0;397;397;397;397;397,0;397;397;397,0;397;397,0;1,000000000000000;1,000000000000000;1,000000000000000;1,000000000000000;1,000000000000000;1,000000000000000;1,000000000000000;1,000000000000000;1,000000000000000;1,000000000000000;1,000000000000000
2022-01-03;alle;39;39,0;39;39;39;39;39;39;39;39;39;39;650;650,0;650;650;650;650;650,0;650;650;650,0;650;650,0;NA;NA;NA;NA;NA;NA;NA;NA;NA;NA;NA
2022-01-02;0-60;19;19,0;19;19;19;19;19;19;19;19;19;19;254;254,0;254;254;254;254;254,0;254;254;254,0;254;254,0;1,000000000000000;1,000000000000000;1,000000000000000;1,000000000000000;1,000000000000000;1,000000000000000;1,000000000000000;1,000000000000000;1,000000000000000;1,000000000000000;1,000000000000000
2022-01-02;60+;25;25,0;25;25;25;25;25;25;25;25;25;25;410;410,0;410;410;410;410;410,0;410;410;410,0;410;410,0;1,000000000000000;1,000000000000000;1,000000000000000;1,000000000000000;1,000000000000000;1,000000000000000;1,000000000000000;1,000000000000000;1,000000000000000;1,000000000000000;1,000000000000000
2022-01-02;alle;44;44,0;44;44;44;44;44;44;44;44;44;44;664;664,0;664;664;664;664;664,0;664;664;664,0;664;664,0;NA;NA;NA;NA;NA;NA;NA;NA;NA;NA;NA
2022-01-01;0-60;23;23,0;23;23;23;23;23;23;23;23;23;23;258;258,0;258;258;258;258;258,0;258;258;258,0;258;258,0;1,000000000000000;1,000000000000000;1,000000000000000;1,000000000000000;1,000000000000000;1,000000000000000;1,000000000000000;1,000000000000000;1,000000000000000;1,000000000000000;1,000000000000000
2022-01-01;60+;45;45,0;45;45;45;45;45;45;45;45;45;45;409;409,0;409;409;409;409;409,0;409;409;409,0;409;409,0;1,000000000000000;1,000000000000000;1,000000000000000;1,000000000000000;1,000000000000000;1,000000000000000;1,000000000000000;1,000000000000000;1,000000000000000;1,000000000000000;1,000000000000000
2022-01-01;alle;68;68,0;68;68;68;68;68;68;68;68;68;68;667;667,0;667;667;667;667;667,0;667;667;667,0;667;667,0;NA;NA;NA;NA;NA;NA;NA;NA;NA;NA;NA
2021-12-31;0-60;49;49,0;49;49;49;49;49;49;49;49;49;49;254;254,0;254;254;254;254;254,0;254;254;254,0;254;254,0;1,000000000000000;1,000000000000000;1,000000000000000;1,000000000000000;1,000000000000000;1,000000000000000;1,000000000000000;1,000000000000000;1,000000000000000;1,000000000000000;1,000000000000000
2021-12-31;60+;82;82,0;82;82;82;82;82;82;82;82;82;82;408;408,0;408;408;408;408;408,0;408;408;408,0;408;408,0;1,000000000000000;1,000000000000000;1,000000000000000;1,000000000000000;1,000000000000000;1,000000000000000;1,000000000000000;1,000000000000000;1,000000000000000;1,000000000000000;1,000000000000000
2021-12-31;alle;131;131,0;131;131;131;131;131;131;131;131;131;131;662;662,0;662;662;662;662;662,0;662;662;662,0;662;662,0;NA;NA;NA;NA;NA;NA;NA;NA;NA;NA;NA
2021-12-30;0-60;50;50,0;50;50;50;50;50;50;50;50;50;50;257;257,0;257;257;257;257;257,0;257;257;257,0;257;257,0;1,000000000000000;1,000000000000000;1,000000000000000;1,000000000000000;1,000000000000000;1,000000000000000;1,000000000000000;1,000000000000000;1,000000000000000;1,000000000000000;1,000000000000000
2021-12-30;60+;71;71,0;71;71;71;71;71;71;71;71;71;71;413;413,0;413;413;413;413;413,0;413;413;413,0;413;413,0;1,000000000000000;1,000000000000000;1,000000000000000;1,000000000000000;1,000000000000000;1,000000000000000;1,000000000000000;1,000000000000000;1,000000000000000;1,000000000000000;1,000000000000000
2021-12-30;alle;121;121,0;121;121;121;121;121;121;121;121;121;121;670;670,0;670;670;670;670;670,0;670;670;670,0;670;670,0;NA;NA;NA;NA;NA;NA;NA;NA;NA;NA;NA
2021-12-29;0-60;60;60,0;60;60;60;60;60;60;60;60;60;60;270;270,0;270;270;270;270;270,0;270;270;270,0;270;270,0;1,000000000000000;1,000000000000000;1,000000000000000;1,000000000000000;1,000000000000000;1,000000000000000;1,000000000000000;1,000000000000000;1,000000000000000;1,000000000000000;1,000000000000000
2021-12-29;60+;83;83,0;83;83;83;83;83;83;83;83;83;83;420;420,0;420;420;420;420;420,0;420;420;420,0;420;420,0;1,000000000000000;1,000000000000000;1,000000000000000;1,000000000000000;1,000000000000000;1,000000000000000;1,000000000000000;1,000000000000000;1,000000000000000;1,000000000000000;1,000000000000000
2021-12-29;alle;143;143,0;143;143;143;143;143;143;143;143;143;143;690;690,0;690;690;690;690;690,0;690;690;690,0;690;690,0;NA;NA;NA;NA;NA;NA;NA;NA;NA;NA;NA
2021-12-28;0-60;38;38,0;38;38;38;38;38;38;38;38;38;38;275;275,0;275;275;275;275;275,0;275;275;275,0;275;275,0;1,000000000000000;1,000000000000000;1,000000000000000;1,000000000000000;1,000000000000000;1,000000000000000;1,000000000000000;1,000000000000000;1,000000000000000;1,000000000000000;1,000000000000000
2021-12-28;60+;66;66,0;66;66;66;66;66;66;66;66;66;66;416;416,0;416;416;416;416;416,0;416;416;416,0;416;416,0;1,000000000000000;1,000000000000000;1,000000000000000;1,000000000000000;1,000000000000000;1,000000000000000;1,000000000000000;1,000000000000000;1,000000000000000;1,000000000000000;1,000000000000000
2021-12-28;alle;104;104,0;104;104;104;104;104;104;104;104;104;104;691;691,0;691;691;691;691;691,0;691;691;691,0;691;691,0;NA;NA;NA;NA;NA;NA;NA;NA;NA;NA;NA
2021-12-27;0-60;15;15,0;15;15;15;15;15;15;15;15;15;15;278;278,0;278;278;278;278;278,0;278;278;278,0;278;278,0;1,000000000000000;1,000000000000000;1,000000000000000;1,000000000000000;1,000000000000000;1,000000000000000;1,000000000000000;1,000000000000000;1,000000000000000;1,000000000000000;1,000000000000000
2021-12-27;60+;38;38,0;38;38;38;38;38;38;38;38;38;38;426;426,0;426;426;426;426;426,0;426;426;426,0;426;426,0;1,000000000000000;1,000000000000000;1,000000000000000;1,000000000000000;1,000000000000000;1,000000000000000;1,000000000000000;1,000000000000000;1,000000000000000;1,000000000000000;1,000000000000000
2021-12-27;alle;53;53,0;53;53;53;53;53;53;53;53;53;53;704;704,0;704;704;704;704;704,0;704;704;704,0;704;704,0;NA;NA;NA;NA;NA;NA;NA;NA;NA;NA;NA
2021-12-26;0-60;23;23,0;23;23;23;23;23;23;23;23;23;23;295;295,0;295;295;295;295;295,0;295;295;295,0;295;295,0;1,000000000000000;1,000000000000000;1,000000000000000;1,000000000000000;1,000000000000000;1,000000000000000;1,000000000000000;1,000000000000000;1,000000000000000;1,000000000000000;1,000000000000000
2021-12-26;60+;24;24,0;24;24;24;24;24;24;24;24;24;24;420;420,0;420;420;420;420;420,0;420;420;420,0;420;420,0;1,000000000000000;1,000000000000000;1,000000000000000;1,000000000000000;1,000000000000000;1,000000000000000;1,000000000000000;1,000000000000000;1,000000000000000;1,000000000000000;1,000000000000000
2021-12-26;alle;47;47,0;47;47;47;47;47;47;47;47;47;47;715;715,0;715;715;715;715;715,0;715;715;715,0;715;715,0;NA;NA;NA;NA;NA;NA;NA;NA;NA;NA;NA
2021-12-25;0-60;19;19,0;19;19;19;19;19;19;19;19;19;19;326;326,0;326;326;326;326;326,0;326;326;326,0;326;326,0;1,000000000000000;1,000000000000000;1,000000000000000;1,000000000000000;1,000000000000000;1,000000000000000;1,000000000000000;1,000000000000000;1,000000000000000;1,000000000000000;1,000000000000000
2021-12-25;60+;44;44,0;44;44;44;44;44;44;44;44;44;44;468;468,0;468;468;468;468;468,0;468;468;468,0;468;468,0;1,000000000000000;1,000000000000000;1,000000000000000;1,000000000000000;1,000000000000000;1,000000000000000;1,000000000000000;1,000000000000000;1,000000000000000;1,000000000000000;1,000000000000000
2021-12-25;alle;63;63,0;63;63;63;63;63;63;63;63;63;63;794;794,0;794;794;794;794;794,0;794;794;794,0;794;794,0;NA;NA;NA;NA;NA;NA;NA;NA;NA;NA;NA
2021-12-24;0-60;52;52,0;52;52;52;52;52;52;52;52;52;52;365;365,0;365;365;365;365;365,0;365;365;365,0;365;365,0;1,000000000000000;1,000000000000000;1,000000000000000;1,000000000000000;1,000000000000000;1,000000000000000;1,000000000000000;1,000000000000000;1,000000000000000;1,000000000000000;1,000000000000000
2021-12-24;60+;87;87,0;87;87;87;87;87;87;87;87;87;87;521;521,0;521;521;521;521;521,0;521;521;521,0;521;521,0;1,000000000000000;1,000000000000000;1,000000000000000;1,000000000000000;1,000000000000000;1,000000000000000;1,000000000000000;1,000000000000000;1,000000000000000;1,000000000000000;1,000000000000000
2021-12-24;alle;139;139,0;139;139;139;139;139;139;139;139;139;139;886;886,0;886;886;886;886;886,0;886;886;886,0;886;886,0;NA;NA;NA;NA;NA;NA;NA;NA;NA;NA;NA
2021-12-23;0-60;63;63,0;63;63;63;63;63;63;63;63;63;63;375;375,0;375;375;375;375;375,0;375;375;375,0;375;375,0;1,000000000000000;1,000000000000000;1,000000000000000;1,000000000000000;1,000000000000000;1,000000000000000;1,000000000000000;1,000000000000000;1,000000000000000;1,000000000000000;1,000000000000000
2021-12-23;60+;78;78,0;78;78;78;78;78;78;78;78;78;78;558;558,0;558;558;558;558;558,0;558;558;558,0;558;558,0;1,000000000000000;1,000000000000000;1,000000000000000;1,000000000000000;1,000000000000000;1,000000000000000;1,000000000000000;1,000000000000000;1,000000000000000;1,000000000000000;1,000000000000000
2021-12-23;alle;141;141,0;141;141;141;141;141;141;141;141;141;141;933;933,0;933;933;933;933;933,0;933;933;933,0;933;933,0;NA;NA;NA;NA;NA;NA;NA;NA;NA;NA;NA
2021-12-22;0-60;65;65,0;65;65;65;65;65;65;65;65;65;65;393;393,0;393;393;393;393;393,0;393;393;393,0;393;393,0;1,000000000000000;1,000000000000000;1,000000000000000;1,000000000000000;1,000000000000000;1,000000000000000;1,000000000000000;1,000000000000000;1,000000000000000;1,000000000000000;1,000000000000000
2021-12-22;60+;79;79,0;79;79;79;79;79;79;79;79;79;79;595;595,0;595;595;595;595;595,0;595;595;595,0;595;595,0;1,000000000000000;1,000000000000000;1,000000000000000;1,000000000000000;1,000000000000000;1,000000000000000;1,000000000000000;1,000000000000000;1,000000000000000;1,000000000000000;1,000000000000000
2021-12-22;alle;144;144,0;144;144;144;144;144;144;144;144;144;144;988;988,0;988;988;988;988;988,0;988;988;988,0;988;988,0;NA;NA;NA;NA;NA;NA;NA;NA;NA;NA;NA
2021-12-21;0-60;41;41,0;41;41;41;41;41;41;41;41;41;41;420;420,0;420;420;420;420;420,0;420;420;420,0;420;420,0;1,000000000000000;1,000000000000000;1,000000000000000;1,000000000000000;1,000000000000000;1,000000000000000;1,000000000000000;1,000000000000000;1,000000000000000;1,000000000000000;1,000000000000000
2021-12-21;60+;76;76,0;76;76;76;76;76;76;76;76;76;76;651;651,0;651;651;651;651;651,0;651;651;651,0;651;651,0;1,000000000000000;1,000000000000000;1,000000000000000;1,000000000000000;1,000000000000000;1,000000000000000;1,000000000000000;1,000000000000000;1,000000000000000;1,000000000000000;1,000000000000000
2021-12-21;alle;117;117,0;117;117;117;117;117;117;117;117;117;117;1071;1071,0;1071;1071;1071;1071;1071,0;1071;1071;1071,0;1071;1071,0;NA;NA;NA;NA;NA;NA;NA;NA;NA;NA;NA
2021-12-20;0-60;32;32,0;32;32;32;32;32;32;32;32;32;32;424;424,0;424;424;424;424;424,0;424;424;424,0;424;424,0;1,000000000000000;1,000000000000000;1,000000000000000;1,000000000000000;1,000000000000000;1,000000000000000;1,000000000000000;1,000000000000000;1,000000000000000;1,000000000000000;1,000000000000000
2021-12-20;60+;32;32,0;32;32;32;32;32;32;32;32;32;32;679;679,0;679;679;679;679;679,0;679;679;679,0;679;679,0;1,000000000000000;1,000000000000000;1,000000000000000;1,000000000000000;1,000000000000000;1,000000000000000;1,000000000000000;1,000000000000000;1,000000000000000;1,000000000000000;1,000000000000000
2021-12-20;alle;64;64,0;64;64;64;64;64;64;64;64;64;64;1103;1103,0;1103;1103;1103;1103;1103,0;1103;1103;1103,0;1103;1103,0;NA;NA;NA;NA;NA;NA;NA;NA;NA;NA;NA
2021-12-19;0-60;54;54,0;54;54;54;54;54;54;54;54;54;54;407;407,0;407;407;407;407;407,0;407;407;407,0;407;407,0;1,000000000000000;1,000000000000000;1,000000000000000;1,000000000000000;1,000000000000000;1,000000000000000;1,000000000000000;1,000000000000000;1,000000000000000;1,000000000000000;1,000000000000000
2021-12-19;60+;72;72,0;72;72;72;72;72;72;72;72;72;72;689;689,0;689;689;689;689;689,0;689;689;689,0;689;689,0;1,000000000000000;1,000000000000000;1,000000000000000;1,000000000000000;1,000000000000000;1,000000000000000;1,000000000000000;1,000000000000000;1,000000000000000;1,000000000000000;1,000000000000000
2021-12-19;alle;126;126,0;126;126;126;126;126;126;126;126;126;126;1096;1096,0;1096;1096;1096;1096;1096,0;1096;1096;1096,0;1096;1096,0;NA;NA;NA;NA;NA;NA;NA;NA;NA;NA;NA
2021-12-18;0-60;58;58,0;58;58;58;58;58;58;58;58;58;58;400;400,0;400;400;400;400;400,0;400;400;400,0;400;400,0;1,000000000000000;1,000000000000000;1,000000000000000;1,000000000000000;1,000000000000000;1,000000000000000;1,000000000000000;1,000000000000000;1,000000000000000;1,000000000000000;1,000000000000000
2021-12-18;60+;97;97,0;97;97;97;97;97;97;97;97;97;97;718;718,0;718;718;718;718;718,0;718;718;718,0;718;718,0;1,000000000000000;1,000000000000000;1,000000000000000;1,000000000000000;1,000000000000000;1,000000000000000;1,000000000000000;1,000000000000000;1,000000000000000;1,000000000000000;1,000000000000000
2021-12-18;alle;155;155,0;155;155;155;155;155;155;155;155;155;155;1118;1118,0;1118;1118;1118;1118;1118,0;1118;1118;1118,0;1118;1118,0;NA;NA;NA;NA;NA;NA;NA;NA;NA;NA;NA
2021-12-17;0-60;62;62,0;62;62;62;62;62;62;62;62;62;62;410;410,0;410;410;410;410;410,0;410;410;410,0;410;410,0;1,000000000000000;1,000000000000000;1,000000000000000;1,000000000000000;1,000000000000000;1,000000000000000;1,000000000000000;1,000000000000000;1,000000000000000;1,000000000000000;1,000000000000000
2021-12-17;60+;124;124,0;124;124;124;124;124;124;124;124;124;124;746;746,0;746;746;746;746;746,0;746;746;746,0;746;746,0;1,000000000000000;1,000000000000000;1,000000000000000;1,000000000000000;1,000000000000000;1,000000000000000;1,000000000000000;1,000000000000000;1,000000000000000;1,000000000000000;1,000000000000000
2021-12-17;alle;186;186,0;186;186;186;186;186;186;186;186;186;186;1156;1156,0;1156;1156;1156;1156;1156,0;1156;1156;1156,0;1156;1156,0;NA;NA;NA;NA;NA;NA;NA;NA;NA;NA;NA
2021-12-16;0-60;81;81,0;81;81;81;81;81;81;81;81;81;81;417;417,0;417;417;417;417;417,0;417;417;417,0;417;417,0;1,000000000000000;1,000000000000000;1,000000000000000;1,000000000000000;1,000000000000000;1,000000000000000;1,000000000000000;1,000000000000000;1,000000000000000;1,000000000000000;1,000000000000000
2021-12-16;60+;115;115,0;115;115;115;115;115;115;115;115;115;115;744;744,0;744;744;744;744;744,0;744;744;744,0;744;744,0;1,000000000000000;1,000000000000000;1,000000000000000;1,000000000000000;1,000000000000000;1,000000000000000;1,000000000000000;1,000000000000000;1,000000000000000;1,000000000000000;1,000000000000000
2021-12-16;alle;196;196,0;196;196;196;196;196;196;196;196;196;196;1161;1161,0;1161;1161;1161;1161;1161,0;1161;1161;1161,0;1161;1161,0;NA;NA;NA;NA;NA;NA;NA;NA;NA;NA;NA
2021-12-15;0-60;92;92,0;92;92;92;92;92;92;92;92;92;92;424;424,0;424;424;424;424;424,0;424;424;424,0;424;424,0;1,000000000000000;1,000000000000000;1,000000000000000;1,000000000000000;1,000000000000000;1,000000000000000;1,000000000000000;1,000000000000000;1,000000000000000;1,000000000000000;1,000000000000000
2021-12-15;60+;135;135,0;135;135;135;135;135;135;135;135;135;135;778;778,0;778;778;778;778;778,0;778;778;778,0;778;778,0;1,000000000000000;1,000000000000000;1,000000000000000;1,000000000000000;1,000000000000000;1,000000000000000;1,000000000000000;1,000000000000000;1,000000000000000;1,000000000000000;1,000000000000000
2021-12-15;alle;227;227,0;227;227;227;227;227;227;227;227;227;227;1202;1202,0;1202;1202;1202;1202;1202,0;1202;1202;1202,0;1202;1202,0;NA;NA;NA;NA;NA;NA;NA;NA;NA;NA;NA
2021-12-14;0-60;45;45,0;45;45;45;45;45;45;45;45;45;45;434;434,0;434;434;434;434;434,0;434;434;434,0;434;434,0;1,000000000000000;1,000000000000000;1,000000000000000;1,000000000000000;1,000000000000000;1,000000000000000;1,000000000000000;1,000000000000000;1,000000000000000;1,000000000000000;1,000000000000000
2021-12-14;60+;104;104,0;104;104;104;104;104;104;104;104;104;104;813;813,0;813;813;813;813;813,0;813;813;813,0;813;813,0;1,000000000000000;1,000000000000000;1,000000000000000;1,000000000000000;1,000000000000000;1,000000000000000;1,000000000000000;1,000000000000000;1,000000000000000;1,000000000000000;1,000000000000000
2021-12-14;alle;149;149,0;149;149;149;149;149;149;149;149;149;149;1247;1247,0;1247;1247;1247;1247;1247,0;1247;1247;1247,0;1247;1247,0;NA;NA;NA;NA;NA;NA;NA;NA;NA;NA;NA
2021-12-13;0-60;15;15,0;15;15;15;15;15;15;15;15;15;15;481;481,0;481;481;481;481;481,0;481;481;481,0;481;481,0;1,000000000000000;1,000000000000000;1,000000000000000;1,000000000000000;1,000000000000000;1,000000000000000;1,000000000000000;1,000000000000000;1,000000000000000;1,000000000000000;1,000000000000000
2021-12-13;60+;42;42,0;42;42;42;42;42;42;42;42;42;42;850;850,0;850;850;850;850;850,0;850;850;850,0;850;850,0;1,000000000000000;1,000000000000000;1,000000000000000;1,000000000000000;1,000000000000000;1,000000000000000;1,000000000000000;1,000000000000000;1,000000000000000;1,000000000000000;1,000000000000000
2021-12-13;alle;57;57,0;57;57;57;57;57;57;57;57;57;57;1331;1331,0;1331;1331;1331;1331;1331,0;1331;1331;1331,0;1331;1331,0;NA;NA;NA;NA;NA;NA;NA;NA;NA;NA;NA
2021-12-12;0-60;47;47,0;47;47;47;47;47;47;47;47;47;47;508;508,0;508;508;508;508;508,0;508;508;508,0;508;508,0;1,000000000000000;1,000000000000000;1,000000000000000;1,000000000000000;1,000000000000000;1,000000000000000;1,000000000000000;1,000000000000000;1,000000000000000;1,000000000000000;1,000000000000000
2021-12-12;60+;101;101,0;101;101;101;101;101;101;101;101;101;101;891;891,0;891;891;891;891;891,0;891;891;891,0;891;891,0;1,000000000000000;1,000000000000000;1,000000000000000;1,000000000000000;1,000000000000000;1,000000000000000;1,000000000000000;1,000000000000000;1,000000000000000;1,000000000000000;1,000000000000000
2021-12-12;alle;148;148,0;148;148;148;148;148;148;148;148;148;148;1399;1399,0;1399;1399;1399;1399;1399,0;1399;1399;1399,0;1399;1399,0;NA;NA;NA;NA;NA;NA;NA;NA;NA;NA;NA
2021-12-11;0-60;68;68,0;68;68;68;68;68;68;68;68;68;68;533;533,0;533;533;533;533;533,0;533;533;533,0;533;533,0;1,000000000000000;1,000000000000000;1,000000000000000;1,000000000000000;1,000000000000000;1,000000000000000;1,000000000000000;1,000000000000000;1,000000000000000;1,000000000000000;1,000000000000000
2021-12-11;60+;125;125,0;125;125;125;125;125;125;125;125;125;125;893;893,0;893;893;893;893;893,0;893;893;893,0;893;893,0;1,000000000000000;1,000000000000000;1,000000000000000;1,000000000000000;1,000000000000000;1,000000000000000;1,000000000000000;1,000000000000000;1,000000000000000;1,000000000000000;1,000000000000000
2021-12-11;alle;193;193,0;193;193;193;193;193;193;193;193;193;193;1426;1426,0;1426;1426;1426;1426;1426,0;1426;1426;1426,0;1426;1426,0;NA;NA;NA;NA;NA;NA;NA;NA;NA;NA;NA
2021-12-10;0-60;69;69,0;69;69;69;69;69;69;69;69;69;69;569;569,0;569;569;569;569;569,0;569;569;569,0;569;569,0;1,000000000000000;1,000000000000000;1,000000000000000;1,000000000000000;1,000000000000000;1,000000000000000;1,000000000000000;1,000000000000000;1,000000000000000;1,000000000000000;1,000000000000000
2021-12-10;60+;122;122,0;122;122;122;122;122;122;122;122;122;122;917;917,0;917;917;917;917;917,0;917;917;917,0;917;917,0;1,000000000000000;1,000000000000000;1,000000000000000;1,000000000000000;1,000000000000000;1,000000000000000;1,000000000000000;1,000000000000000;1,000000000000000;1,000000000000000;1,000000000000000
2021-12-10;alle;191;191,0;191;191;191;191;191;191;191;191;191;191;1486;1486,0;1486;1486;1486;1486;1486,0;1486;1486;1486,0;1486;1486,0;NA;NA;NA;NA;NA;NA;NA;NA;NA;NA;NA
2021-12-09;0-60;88;88,0;88;88;88;88;88;88;88;88;88;88;626;626,0;626;626;626;626;626,0;626;626;626,0;626;626,0;1,000000000000000;1,000000000000000;1,000000000000000;1,000000000000000;1,000000000000000;1,000000000000000;1,000000000000000;1,000000000000000;1,000000000000000;1,000000000000000;1,000000000000000
2021-12-09;60+;149;149,0;149;149;149;149;149;149;149;149;149;149;950;950,0;950;950;950;950;950,0;950;950;950,0;950;950,0;1,000000000000000;1,000000000000000;1,000000000000000;1,000000000000000;1,000000000000000;1,000000000000000;1,000000000000000;1,000000000000000;1,000000000000000;1,000000000000000;1,000000000000000
2021-12-09;alle;237;237,0;237;237;237;237;237;237;237;237;237;237;1576;1576,0;1576;1576;1576;1576;1576,0;1576;1576;1576,0;1576;1576,0;NA;NA;NA;NA;NA;NA;NA;NA;NA;NA;NA
2021-12-08;0-60;102;102,0;102;102;102;102;102;102;102;102;102;102;682;682,0;682;682;682;682;682,0;682;682;682,0;682;682,0;1,000000000000000;1,000000000000000;1,000000000000000;1,000000000000000;1,000000000000000;1,000000000000000;1,000000000000000;1,000000000000000;1,000000000000000;1,000000000000000;1,000000000000000
2021-12-08;60+;170;170,0;170;170;170;170;170;170;170;170;170;170;985;985,0;985;985;985;985;985,0;985;985;985,0;985;985,0;1,000000000000000;1,000000000000000;1,000000000000000;1,000000000000000;1,000000000000000;1,000000000000000;1,000000000000000;1,000000000000000;1,000000000000000;1,000000000000000;1,000000000000000
2021-12-08;alle;272;272,0;272;272;272;272;272;272;272;272;272;272;1667;1667,0;1667;1667;1667;1667;1667,0;1667;1667;1667,0;1667;1667,0;NA;NA;NA;NA;NA;NA;NA;NA;NA;NA;NA
2021-12-07;0-60;92;92,0;92;92;92;92;92;92;92;92;92;92;694;694,0;694;694;694;694;694,0;694;694;694,0;694;694,0;1,000000000000000;1,000000000000000;1,000000000000000;1,000000000000000;1,000000000000000;1,000000000000000;1,000000000000000;1,000000000000000;1,000000000000000;1,000000000000000;1,000000000000000
2021-12-07;60+;141;141,0;141;141;141;141;141;141;141;141;141;141;982;982,0;982;982;982;982;982,0;982;982;982,0;982;982,0;1,000000000000000;1,000000000000000;1,000000000000000;1,000000000000000;1,000000000000000;1,000000000000000;1,000000000000000;1,000000000000000;1,000000000000000;1,000000000000000;1,000000000000000
2021-12-07;alle;233;233,0;233;233;233;233;233;233;233;233;233;233;1676;1676,0;1676;1676;1676;1676;1676,0;1676;1676;1676,0;1676;1676,0;NA;NA;NA;NA;NA;NA;NA;NA;NA;NA;NA
2021-12-06;0-60;42;42,0;42;42;42;42;42;42;42;42;42;42;685;685,0;685;685;685;685;685,0;685;685;685,0;685;685,0;1,000000000000000;1,000000000000000;1,000000000000000;1,000000000000000;1,000000000000000;1,000000000000000;1,000000000000000;1,000000000000000;1,000000000000000;1,000000000000000;1,000000000000000
2021-12-06;60+;83;83,0;83;83;83;83;83;83;83;83;83;83;961;961,0;961;961;961;961;961,0;961;961;961,0;961;961,0;1,000000000000000;1,000000000000000;1,000000000000000;1,000000000000000;1,000000000000000;1,000000000000000;1,000000000000000;1,000000000000000;1,000000000000000;1,000000000000000;1,000000000000000
2021-12-06;alle;125;125,0;125;125;125;125;125;125;125;125;125;125;1646;1646,0;1646;1646;1646;1646;1646,0;1646;1646;1646,0;1646;1646,0;NA;NA;NA;NA;NA;NA;NA;NA;NA;NA;NA
2021-12-05;0-60;72;72,0;72;72;72;72;72;72;72;72;72;72;688;688,0;688;688;688;688;688,0;688;688;688,0;688;688,0;1,000000000000000;1,000000000000000;1,000000000000000;1,000000000000000;1,000000000000000;1,000000000000000;1,000000000000000;1,000000000000000;1,000000000000000;1,000000000000000;1,000000000000000
2021-12-05;60+;103;103,0;103;103;103;103;103;103;103;103;103;103;946;946,0;946;946;946;946;946,0;946;946;946,0;946;946,0;1,000000000000000;1,000000000000000;1,000000000000000;1,000000000000000;1,000000000000000;1,000000000000000;1,000000000000000;1,000000000000000;1,000000000000000;1,000000000000000;1,000000000000000
2021-12-05;alle;175;175,0;175;175;175;175;175;175;175;175;175;175;1634;1634,0;1634;1634;1634;1634;1634,0;1634;1634;1634,0;1634;1634,0;NA;NA;NA;NA;NA;NA;NA;NA;NA;NA;NA
2021-12-04;0-60;104;104,0;104;104;104;104;104;104;104;104;104;104;683;683,0;683;683;683;683;683,0;683;683;683,0;683;683,0;1,000000000000000;1,000000000000000;1,000000000000000;1,000000000000000;1,000000000000000;1,000000000000000;1,000000000000000;1,000000000000000;1,000000000000000;1,000000000000000;1,000000000000000
2021-12-04;60+;149;149,0;149;149;149;149;149;149;149;149;149;149;946;946,0;946;946;946;946;946,0;946;946;946,0;946;946,0;1,000000000000000;1,000000000000000;1,000000000000000;1,000000000000000;1,000000000000000;1,000000000000000;1,000000000000000;1,000000000000000;1,000000000000000;1,000000000000000;1,000000000000000
2021-12-04;alle;253;253,0;253;253;253;253;253;253;253;253;253;253;1629;1629,0;1629;1629;1629;1629;1629,0;1629;1629;1629,0;1629;1629,0;NA;NA;NA;NA;NA;NA;NA;NA;NA;NA;NA
2021-12-03;0-60;126;126,0;126;126;126;126;126;126;126;126;126;126;662;662,0;662;662;662;662;662,0;662;662;662,0;662;662,0;1,000000000000000;1,000000000000000;1,000000000000000;1,000000000000000;1,000000000000000;1,000000000000000;1,000000000000000;1,000000000000000;1,000000000000000;1,000000000000000;1,000000000000000
2021-12-03;60+;155;155,0;155;155;155;155;155;155;155;155;155;155;955;955,0;955;955;955;955;955,0;955;955;955,0;955;955,0;1,000000000000000;1,000000000000000;1,000000000000000;1,000000000000000;1,000000000000000;1,000000000000000;1,000000000000000;1,000000000000000;1,000000000000000;1,000000000000000;1,000000000000000
2021-12-03;alle;281;281,0;281;281;281;281;281;281;281;281;281;281;1617;1617,0;1617;1617;1617;1617;1617,0;1617;1617;1617,0;1617;1617,0;NA;NA;NA;NA;NA;NA;NA;NA;NA;NA;NA
2021-12-02;0-60;144;144,0;144;144;144;144;144;144;144;144;144;144;650;650,0;650;650;650;650;650,0;650;650;650,0;650;650,0;1,000000000000000;1,000000000000000;1,000000000000000;1,000000000000000;1,000000000000000;1,000000000000000;1,000000000000000;1,000000000000000;1,000000000000000;1,000000000000000;1,000000000000000
2021-12-02;60+;184;184,0;184;184;184;184;184;184;184;184;184;184;966;966,0;966;966;966;966;966,0;966;966;966,0;966;966,0;1,000000000000000;1,000000000000000;1,000000000000000;1,000000000000000;1,000000000000000;1,000000000000000;1,000000000000000;1,000000000000000;1,000000000000000;1,000000000000000;1,000000000000000
2021-12-02;alle;328;328,0;328;328;328;328;328;328;328;328;328;328;1616;1616,0;1616;1616;1616;1616;1616,0;1616;1616;1616,0;1616;1616,0;NA;NA;NA;NA;NA;NA;NA;NA;NA;NA;NA
2021-12-01;0-60;114;114,0;114;114;114;114;114;114;114;114;114;114;594;594,0;594;594;594;594;594,0;594;594;594,0;594;594,0;1,000000000000000;1,000000000000000;1,000000000000000;1,000000000000000;1,000000000000000;1,000000000000000;1,000000000000000;1,000000000000000;1,000000000000000;1,000000000000000;1,000000000000000
2021-12-01;60+;167;167,0;167;167;167;167;167;167;167;167;167;167;938;938,0;938;938;938;938;938,0;938;938;938,0;938;938,0;1,000000000000000;1,000000000000000;1,000000000000000;1,000000000000000;1,000000000000000;1,000000000000000;1,000000000000000;1,000000000000000;1,000000000000000;1,000000000000000;1,000000000000000
2021-12-01;alle;281;281,0;281;281;281;281;281;281;281;281;281;281;1532;1532,0;1532;1532;1532;1532;1532,0;1532;1532;1532,0;1532;1532,0;NA;NA;NA;NA;NA;NA;NA;NA;NA;NA;NA
2021-11-30;0-60;83;83,0;83;83;83;83;83;83;83;83;83;83;584;584,0;584;584;584;584;584,0;584;584;584,0;584;584,0;1,000000000000000;1,000000000000000;1,000000000000000;1,000000000000000;1,000000000000000;1,000000000000000;1,000000000000000;1,000000000000000;1,000000000000000;1,000000000000000;1,000000000000000
2021-11-30;60+;120;120,0;120;120;120;120;120;120;120;120;120;120;956;956,0;956;956;956;956;956,0;956;956;956,0;956;956,0;1,000000000000000;1,000000000000000;1,000000000000000;1,000000000000000;1,000000000000000;1,000000000000000;1,000000000000000;1,000000000000000;1,000000000000000;1,000000000000000;1,000000000000000
2021-11-30;alle;203;203,0;203;203;203;203;203;203;203;203;203;203;1540;1540,0;1540;1540;1540;1540;1540,0;1540;1540;1540,0;1540;1540,0;NA;NA;NA;NA;NA;NA;NA;NA;NA;NA;NA
2021-11-29;0-60;45;45,0;45;45;45;45;45;45;45;45;45;45;584;584,0;584;584;584;584;584,0;584;584;584,0;584;584,0;1,000000000000000;1,000000000000000;1,000000000000000;1,000000000000000;1,000000000000000;1,000000000000000;1,000000000000000;1,000000000000000;1,000000000000000;1,000000000000000;1,000000000000000
2021-11-29;60+;68;68,0;68;68;68;68;68;68;68;68;68;68;975;975,0;975;975;975;975;975,0;975;975;975,0;975;975,0;1,000000000000000;1,000000000000000;1,000000000000000;1,000000000000000;1,000000000000000;1,000000000000000;1,000000000000000;1,000000000000000;1,000000000000000;1,000000000000000;1,000000000000000
2021-11-29;alle;113;113,0;113;113;113;113;113;113;113;113;113;113;1559;1559,0;1559;1559;1559;1559;1559,0;1559;1559;1559,0;1559;1559,0;NA;NA;NA;NA;NA;NA;NA;NA;NA;NA;NA
2021-11-28;0-60;67;67,0;67;67;67;67;67;67;67;67;67;67;576;576,0;576;576;576;576;576,0;576;576;576,0;576;576,0;1,000000000000000;1,000000000000000;1,000000000000000;1,000000000000000;1,000000000000000;1,000000000000000;1,000000000000000;1,000000000000000;1,000000000000000;1,000000000000000;1,000000000000000
2021-11-28;60+;103;103,0;103;103;103;103;103;103;103;103;103;103;959;959,0;959;959;959;959;959,0;959;959;959,0;959;959,0;1,000000000000000;1,000000000000000;1,000000000000000;1,000000000000000;1,000000000000000;1,000000000000000;1,000000000000000;1,000000000000000;1,000000000000000;1,000000000000000;1,000000000000000
2021-11-28;alle;170;170,0;170;170;170;170;170;170;170;170;170;170;1535;1535,0;1535;1535;1535;1535;1535,0;1535;1535;1535,0;1535;1535,0;NA;NA;NA;NA;NA;NA;NA;NA;NA;NA;NA
2021-11-27;0-60;83;83,0;83;83;83;83;83;83;83;83;83;83;576;576,0;576;576;576;576;576,0;576;576;576,0;576;576,0;1,000000000000000;1,000000000000000;1,000000000000000;1,000000000000000;1,000000000000000;1,000000000000000;1,000000000000000;1,000000000000000;1,000000000000000;1,000000000000000;1,000000000000000
2021-11-27;60+;158;158,0;158;158;158;158;158;158;158;158;158;158;944;944,0;944;944;944;944;944,0;944;944;944,0;944;944,0;1,000000000000000;1,000000000000000;1,000000000000000;1,000000000000000;1,000000000000000;1,000000000000000;1,000000000000000;1,000000000000000;1,000000000000000;1,000000000000000;1,000000000000000
2021-11-27;alle;241;241,0;241;241;241;241;241;241;241;241;241;241;1520;1520,0;1520;1520;1520;1520;1520,0;1520;1520;1520,0;1520;1520,0;NA;NA;NA;NA;NA;NA;NA;NA;NA;NA;NA
2021-11-26;0-60;114;114,0;114;114;114;114;114;114;114;114;114;114;586;586,0;586;586;586;586;586,0;586;586;586,0;586;586,0;1,000000000000000;1,000000000000000;1,000000000000000;1,000000000000000;1,000000000000000;1,000000000000000;1,000000000000000;1,000000000000000;1,000000000000000;1,000000000000000;1,000000000000000
2021-11-26;60+;166;166,0;166;166;166;166;166;166;166;166;166;166;934;934,0;934;934;934;934;934,0;934;934;934,0;934;934,0;1,000000000000000;1,000000000000000;1,000000000000000;1,000000000000000;1,000000000000000;1,000000000000000;1,000000000000000;1,000000000000000;1,000000000000000;1,000000000000000;1,000000000000000
2021-11-26;alle;280;280,0;280;280;280;280;280;280;280;280;280;280;1520;1520,0;1520;1520;1520;1520;1520,0;1520;1520;1520,0;1520;1520,0;NA;NA;NA;NA;NA;NA;NA;NA;NA;NA;NA
2021-11-25;0-60;88;88,0;88;88;88;88;88;88;88;88;88;88;579;579,0;579;579;579;579;579,0;579;579;579,0;579;579,0;1,000000000000000;1,000000000000000;1,000000000000000;1,000000000000000;1,000000000000000;1,000000000000000;1,000000000000000;1,000000000000000;1,000000000000000;1,000000000000000;1,000000000000000
2021-11-25;60+;156;156,0;156;156;156;156;156;156;156;156;156;156;904;904,0;904;904;904;904;904,0;904;904;904,0;904;904,0;1,000000000000000;1,000000000000000;1,000000000000000;1,000000000000000;1,000000000000000;1,000000000000000;1,000000000000000;1,000000000000000;1,000000000000000;1,000000000000000;1,000000000000000
2021-11-25;alle;244;244,0;244;244;244;244;244;244;244;244;244;244;1483;1483,0;1483;1483;1483;1483;1483,0;1483;1483;1483,0;1483;1483,0;NA;NA;NA;NA;NA;NA;NA;NA;NA;NA;NA
2021-11-24;0-60;104;104,0;104;104;104;104;104;104;104;104;104;104;604;604,0;604;604;604;604;604,0;604;604;604,0;604;604,0;1,000000000000000;1,000000000000000;1,000000000000000;1,000000000000000;1,000000000000000;1,000000000000000;1,000000000000000;1,000000000000000;1,000000000000000;1,000000000000000;1,000000000000000
2021-11-24;60+;185;185,0;185;185;185;185;185;185;185;185;185;185;906;906,0;906;906;906;906;906,0;906;906;906,0;906;906,0;1,000000000000000;1,000000000000000;1,000000000000000;1,000000000000000;1,000000000000000;1,000000000000000;1,000000000000000;1,000000000000000;1,000000000000000;1,000000000000000;1,000000000000000
2021-11-24;alle;289;289,0;289;289;289;289;289;289;289;289;289;289;1510;1510,0;1510;1510;1510;1510;1510,0;1510;1510;1510,0;1510;1510,0;NA;NA;NA;NA;NA;NA;NA;NA;NA;NA;NA
2021-11-23;0-60;83;83,0;83;83;83;83;83;83;83;83;83;83;579;579,0;579;579;579;579;579,0;579;579;579,0;579;579,0;1,000000000000000;1,000000000000000;1,000000000000000;1,000000000000000;1,000000000000000;1,000000000000000;1,000000000000000;1,000000000000000;1,000000000000000;1,000000000000000;1,000000000000000
2021-11-23;60+;139;139,0;139;139;139;139;139;139;139;139;139;139;896;896,0;896;896;896;896;896,0;896;896;896,0;896;896,0;1,000000000000000;1,000000000000000;1,000000000000000;1,000000000000000;1,000000000000000;1,000000000000000;1,000000000000000;1,000000000000000;1,000000000000000;1,000000000000000;1,000000000000000
2021-11-23;alle;222;222,0;222;222;222;222;222;222;222;222;222;222;1475;1475,0;1475;1475;1475;1475;1475,0;1475;1475;1475,0;1475;1475,0;NA;NA;NA;NA;NA;NA;NA;NA;NA;NA;NA
2021-11-22;0-60;37;37,0;37;37;37;37;37;37;37;37;37;37;568;568,0;568;568;568;568;568,0;568;568;568,0;568;568,0;1,000000000000000;1,000000000000000;1,000000000000000;1,000000000000000;1,000000000000000;1,000000000000000;1,000000000000000;1,000000000000000;1,000000000000000;1,000000000000000;1,000000000000000
2021-11-22;60+;52;52,0;52;52;52;52;52;52;52;52;52;52;873;873,0;873;873;873;873;873,0;873;873;873,0;873;873,0;1,000000000000000;1,000000000000000;1,000000000000000;1,000000000000000;1,000000000000000;1,000000000000000;1,000000000000000;1,000000000000000;1,000000000000000;1,000000000000000;1,000000000000000
2021-11-22;alle;89;89,0;89;89;89;89;89;89;89;89;89;89;1441;1441,0;1441;1441;1441;1441;1441,0;1441;1441;1441,0;1441;1441,0;NA;NA;NA;NA;NA;NA;NA;NA;NA;NA;NA
2021-11-21;0-60;67;67,0;67;67;67;67;67;67;67;67;67;67;573;573,0;573;573;573;573;573,0;573;573;573,0;573;573,0;1,000000000000000;1,000000000000000;1,000000000000000;1,000000000000000;1,000000000000000;1,000000000000000;1,000000000000000;1,000000000000000;1,000000000000000;1,000000000000000;1,000000000000000
2021-11-21;60+;88;88,0;88;88;88;88;88;88;88;88;88;88;882;882,0;882;882;882;882;882,0;882;882;882,0;882;882,0;1,000000000000000;1,000000000000000;1,000000000000000;1,000000000000000;1,000000000000000;1,000000000000000;1,000000000000000;1,000000000000000;1,000000000000000;1,000000000000000;1,000000000000000
2021-11-21;alle;155;155,0;155;155;155;155;155;155;155;155;155;155;1455;1455,0;1455;1455;1455;1455;1455,0;1455;1455;1455,0;1455;1455,0;NA;NA;NA;NA;NA;NA;NA;NA;NA;NA;NA
2021-11-20;0-60;93;93,0;93;93;93;93;93;93;93;93;93;93;567;567,0;567;567;567;567;567,0;567;567;567,0;567;567,0;1,000000000000000;1,000000000000000;1,000000000000000;1,000000000000000;1,000000000000000;1,000000000000000;1,000000000000000;1,000000000000000;1,000000000000000;1,000000000000000;1,000000000000000
2021-11-20;60+;148;148,0;148;148;148;148;148;148;148;148;148;148;893;893,0;893;893;893;893;893,0;893;893;893,0;893;893,0;1,000000000000000;1,000000000000000;1,000000000000000;1,000000000000000;1,000000000000000;1,000000000000000;1,000000000000000;1,000000000000000;1,000000000000000;1,000000000000000;1,000000000000000
2021-11-20;alle;241;241,0;241;241;241;241;241;241;241;241;241;241;1460;1460,0;1460;1460;1460;1460;1460,0;1460;1460;1460,0;1460;1460,0;NA;NA;NA;NA;NA;NA;NA;NA;NA;NA;NA
2021-11-19;0-60;107;107,0;107;107;107;107;107;107;107;107;107;107;556;556,0;556;556;556;556;556,0;556;556;556,0;556;556,0;1,000000000000000;1,000000000000000;1,000000000000000;1,000000000000000;1,000000000000000;1,000000000000000;1,000000000000000;1,000000000000000;1,000000000000000;1,000000000000000;1,000000000000000
2021-11-19;60+;136;136,0;136;136;136;136;136;136;136;136;136;136;873;873,0;873;873;873;873;873,0;873;873;873,0;873;873,0;1,000000000000000;1,000000000000000;1,000000000000000;1,000000000000000;1,000000000000000;1,000000000000000;1,000000000000000;1,000000000000000;1,000000000000000;1,000000000000000;1,000000000000000
2021-11-19;alle;243;243,0;243;243;243;243;243;243;243;243;243;243;1429;1429,0;1429;1429;1429;1429;1429,0;1429;1429;1429,0;1429;1429,0;NA;NA;NA;NA;NA;NA;NA;NA;NA;NA;NA
2021-11-18;0-60;113;113,0;113;113;113;113;113;113;113;113;113;113;532;532,0;532;532;532;532;532,0;532;532;532,0;532;532,0;1,000000000000000;1,000000000000000;1,000000000000000;1,000000000000000;1,000000000000000;1,000000000000000;1,000000000000000;1,000000000000000;1,000000000000000;1,000000000000000;1,000000000000000
2021-11-18;60+;158;158,0;158;158;158;158;158;158;158;158;158;158;864;864,0;864;864;864;864;864,0;864;864;864,0;864;864,0;1,000000000000000;1,000000000000000;1,000000000000000;1,000000000000000;1,000000000000000;1,000000000000000;1,000000000000000;1,000000000000000;1,000000000000000;1,000000000000000;1,000000000000000
2021-11-18;alle;271;271,0;271;271;271;271;271;271;271;271;271;271;1396;1396,0;1396;1396;1396;1396;1396,0;1396;1396;1396,0;1396;1396,0;NA;NA;NA;NA;NA;NA;NA;NA;NA;NA;NA
2021-11-17;0-60;79;79,0;79;79;79;79;79;79;79;79;79;79;507;507,0;507;507;507;507;507,0;507;507;507,0;507;507,0;1,000000000000000;1,000000000000000;1,000000000000000;1,000000000000000;1,000000000000000;1,000000000000000;1,000000000000000;1,000000000000000;1,000000000000000;1,000000000000000;1,000000000000000
2021-11-17;60+;175;175,0;175;175;175;175;175;175;175;175;175;175;847;847,0;847;847;847;847;847,0;847;847;847,0;847;847,0;1,000000000000000;1,000000000000000;1,000000000000000;1,000000000000000;1,000000000000000;1,000000000000000;1,000000000000000;1,000000000000000;1,000000000000000;1,000000000000000;1,000000000000000
2021-11-17;alle;254;254,0;254;254;254;254;254;254;254;254;254;254;1354;1354,0;1354;1354;1354;1354;1354,0;1354;1354;1354,0;1354;1354,0;NA;NA;NA;NA;NA;NA;NA;NA;NA;NA;NA
2021-11-16;0-60;72;72,0;72;72;72;72;72;72;72;72;72;72;514;514,0;514;514;514;514;514,0;514;514;514,0;514;514,0;1,000000000000000;1,000000000000000;1,000000000000000;1,000000000000000;1,000000000000000;1,000000000000000;1,000000000000000;1,000000000000000;1,000000000000000;1,000000000000000;1,000000000000000
2021-11-16;60+;116;116,0;116;116;116;116;116;116;116;116;116;116;798;798,0;798;798;798;798;798,0;798;798;798,0;798;798,0;1,000000000000000;1,000000000000000;1,000000000000000;1,000000000000000;1,000000000000000;1,000000000000000;1,000000000000000;1,000000000000000;1,000000000000000;1,000000000000000;1,000000000000000
2021-11-16;alle;188;188,0;188;188;188;188;188;188;188;188;188;188;1312;1312,0;1312;1312;1312;1312;1312,0;1312;1312;1312,0;1312;1312,0;NA;NA;NA;NA;NA;NA;NA;NA;NA;NA;NA
2021-11-15;0-60;42;42,0;42;42;42;42;42;42;42;42;42;42;495;495,0;495;495;495;495;495,0;495;495;495,0;495;495,0;1,000000000000000;1,000000000000000;1,000000000000000;1,000000000000000;1,000000000000000;1,000000000000000;1,000000000000000;1,000000000000000;1,000000000000000;1,000000000000000;1,000000000000000
2021-11-15;60+;61;61,0;61;61;61;61;61;61;61;61;61;61;776;776,0;776;776;776;776;776,0;776;776;776,0;776;776,0;1,000000000000000;1,000000000000000;1,000000000000000;1,000000000000000;1,000000000000000;1,000000000000000;1,000000000000000;1,000000000000000;1,000000000000000;1,000000000000000;1,000000000000000
2021-11-15;alle;103;103,0;103;103;103;103;103;103;103;103;103;103;1271;1271,0;1271;1271;1271;1271;1271,0;1271;1271;1271,0;1271;1271,0;NA;NA;NA;NA;NA;NA;NA;NA;NA;NA;NA
2021-11-14;0-60;61;61,0;61;61;61;61;61;61;61;61;61;61;475;475,0;475;475;475;475;475,0;475;475;475,0;475;475,0;1,000000000000000;1,000000000000000;1,000000000000000;1,000000000000000;1,000000000000000;1,000000000000000;1,000000000000000;1,000000000000000;1,000000000000000;1,000000000000000;1,000000000000000
2021-11-14;60+;99;99,0;99;99;99;99;99;99;99;99;99;99;757;757,0;757;757;757;757;757,0;757;757;757,0;757;757,0;1,000000000000000;1,000000000000000;1,000000000000000;1,000000000000000;1,000000000000000;1,000000000000000;1,000000000000000;1,000000000000000;1,000000000000000;1,000000000000000;1,000000000000000
2021-11-14;alle;160;160,0;160;160;160;160;160;160;160;160;160;160;1232;1232,0;1232;1232;1232;1232;1232,0;1232;1232;1232,0;1232;1232,0;NA;NA;NA;NA;NA;NA;NA;NA;NA;NA;NA
2021-11-13;0-60;82;82,0;82;82;82;82;82;82;82;82;82;82;466;466,0;466;466;466;466;466,0;466;466;466,0;466;466,0;1,000000000000000;1,000000000000000;1,000000000000000;1,000000000000000;1,000000000000000;1,000000000000000;1,000000000000000;1,000000000000000;1,000000000000000;1,000000000000000;1,000000000000000
2021-11-13;60+;128;128,0;128;128;128;128;128;128;128;128;128;128;725;725,0;725;725;725;725;725,0;725;725;725,0;725;725,0;1,000000000000000;1,000000000000000;1,000000000000000;1,000000000000000;1,000000000000000;1,000000000000000;1,000000000000000;1,000000000000000;1,000000000000000;1,000000000000000;1,000000000000000
2021-11-13;alle;210;210,0;210;210;210;210;210;210;210;210;210;210;1191;1191,0;1191;1191;1191;1191;1191,0;1191;1191;1191,0;1191;1191,0;NA;NA;NA;NA;NA;NA;NA;NA;NA;NA;NA
2021-11-12;0-60;83;83,0;83;83;83;83;83;83;83;83;83;83;467;467,0;467;467;467;467;467,0;467;467;467,0;467;467,0;1,000000000000000;1,000000000000000;1,000000000000000;1,000000000000000;1,000000000000000;1,000000000000000;1,000000000000000;1,000000000000000;1,000000000000000;1,000000000000000;1,000000000000000
2021-11-12;60+;127;127,0;127;127;127;127;127;127;127;127;127;127;704;704,0;704;704;704;704;704,0;704;704;704,0;704;704,0;1,000000000000000;1,000000000000000;1,000000000000000;1,000000000000000;1,000000000000000;1,000000000000000;1,000000000000000;1,000000000000000;1,000000000000000;1,000000000000000;1,000000000000000
2021-11-12;alle;210;210,0;210;210;210;210;210;210;210;210;210;210;1171;1171,0;1171;1171;1171;1171;1171,0;1171;1171;1171,0;1171;1171,0;NA;NA;NA;NA;NA;NA;NA;NA;NA;NA;NA
2021-11-11;0-60;88;88,0;88;88;88;88;88;88;88;88;88;88;467;467,0;467;467;467;467;467,0;467;467;467,0;467;467,0;1,000000000000000;1,000000000000000;1,000000000000000;1,000000000000000;1,000000000000000;1,000000000000000;1,000000000000000;1,000000000000000;1,000000000000000;1,000000000000000;1,000000000000000
2021-11-11;60+;141;141,0;141;141;141;141;141;141;141;141;141;141;684;684,0;684;684;684;684;684,0;684;684;684,0;684;684,0;1,000000000000000;1,000000000000000;1,000000000000000;1,000000000000000;1,000000000000000;1,000000000000000;1,000000000000000;1,000000000000000;1,000000000000000;1,000000000000000;1,000000000000000
2021-11-11;alle;229;229,0;229;229;229;229;229;229;229;229;229;229;1151;1151,0;1151;1151;1151;1151;1151,0;1151;1151;1151,0;1151;1151,0;NA;NA;NA;NA;NA;NA;NA;NA;NA;NA;NA
2021-11-10;0-60;86;86,0;86;86;86;86;86;86;86;86;86;86;457;457,0;457;457;457;457;457,0;457;457;457,0;457;457,0;1,000000000000000;1,000000000000000;1,000000000000000;1,000000000000000;1,000000000000000;1,000000000000000;1,000000000000000;1,000000000000000;1,000000000000000;1,000000000000000;1,000000000000000
2021-11-10;60+;126;126,0;126;126;126;126;126;126;126;126;126;126;686;686,0;686;686;686;686;686,0;686;686;686,0;686;686,0;1,000000000000000;1,000000000000000;1,000000000000000;1,000000000000000;1,000000000000000;1,000000000000000;1,000000000000000;1,000000000000000;1,000000000000000;1,000000000000000;1,000000000000000
2021-11-10;alle;212;212,0;212;212;212;212;212;212;212;212;212;212;1143;1143,0;1143;1143;1143;1143;1143,0;1143;1143;1143,0;1143;1143,0;NA;NA;NA;NA;NA;NA;NA;NA;NA;NA;NA
2021-11-09;0-60;53;53,0;53;53;53;53;53;53;53;53;53;53;424;424,0;424;424;424;424;424,0;424;424;424,0;424;424,0;1,000000000000000;1,000000000000000;1,000000000000000;1,000000000000000;1,000000000000000;1,000000000000000;1,000000000000000;1,000000000000000;1,000000000000000;1,000000000000000;1,000000000000000
2021-11-09;60+;94;94,0;94;94;94;94;94;94;94;94;94;94;662;662,0;662;662;662;662;662,0;662;662;662,0;662;662,0;1,000000000000000;1,000000000000000;1,000000000000000;1,000000000000000;1,000000000000000;1,000000000000000;1,000000000000000;1,000000000000000;1,000000000000000;1,000000000000000;1,000000000000000
2021-11-09;alle;147;147,0;147;147;147;147;147;147;147;147;147;147;1086;1086,0;1086;1086;1086;1086;1086,0;1086;1086;1086,0;1086;1086,0;NA;NA;NA;NA;NA;NA;NA;NA;NA;NA;NA
2021-11-08;0-60;22;22,0;22;22;22;22;22;22;22;22;22;22;394;394,0;394;394;394;394;394,0;394;394;394,0;394;394,0;1,000000000000000;1,000000000000000;1,000000000000000;1,000000000000000;1,000000000000000;1,000000000000000;1,000000000000000;1,000000000000000;1,000000000000000;1,000000000000000;1,000000000000000
2021-11-08;60+;42;42,0;42;42;42;42;42;42;42;42;42;42;607;607,0;607;607;607;607;607,0;607;607;607,0;607;607,0;1,000000000000000;1,000000000000000;1,000000000000000;1,000000000000000;1,000000000000000;1,000000000000000;1,000000000000000;1,000000000000000;1,000000000000000;1,000000000000000;1,000000000000000
2021-11-08;alle;64;64,0;64;64;64;64;64;64;64;64;64;64;1001;1001,0;1001;1001;1001;1001;1001,0;1001;1001;1001,0;1001;1001,0;NA;NA;NA;NA;NA;NA;NA;NA;NA;NA;NA
2021-11-07;0-60;52;52,0;52;52;52;52;52;52;52;52;52;52;391;391,0;391;391;391;391;391,0;391;391;391,0;391;391,0;1,000000000000000;1,000000000000000;1,000000000000000;1,000000000000000;1,000000000000000;1,000000000000000;1,000000000000000;1,000000000000000;1,000000000000000;1,000000000000000;1,000000000000000
2021-11-07;60+;67;67,0;67;67;67;67;67;67;67;67;67;67;585;585,0;585;585;585;585;585,0;585;585;585,0;585;585,0;1,000000000000000;1,000000000000000;1,000000000000000;1,000000000000000;1,000000000000000;1,000000000000000;1,000000000000000;1,000000000000000;1,000000000000000;1,000000000000000;1,000000000000000
2021-11-07;alle;119;119,0;119;119;119;119;119;119;119;119;119;119;976;976,0;976;976;976;976;976,0;976;976;976,0;976;976,0;NA;NA;NA;NA;NA;NA;NA;NA;NA;NA;NA
2021-11-06;0-60;83;83,0;83;83;83;83;83;83;83;83;83;83;381;381,0;381;381;381;381;381,0;381;381;381,0;381;381,0;1,000000000000000;1,000000000000000;1,000000000000000;1,000000000000000;1,000000000000000;1,000000000000000;1,000000000000000;1,000000000000000;1,000000000000000;1,000000000000000;1,000000000000000
2021-11-06;60+;107;107,0;107;107;107;107;107;107;107;107;107;107;576;576,0;576;576;576;576;576,0;576;576;576,0;576;576,0;1,000000000000000;1,000000000000000;1,000000000000000;1,000000000000000;1,000000000000000;1,000000000000000;1,000000000000000;1,000000000000000;1,000000000000000;1,000000000000000;1,000000000000000
2021-11-06;alle;190;190,0;190;190;190;190;190;190;190;190;190;190;957;957,0;957;957;957;957;957,0;957;957;957,0;957;957,0;NA;NA;NA;NA;NA;NA;NA;NA;NA;NA;NA
2021-11-05;0-60;83;83,0;83;83;83;83;83;83;83;83;83;83;354;354,0;354;354;354;354;354,0;354;354;354,0;354;354,0;1,000000000000000;1,000000000000000;1,000000000000000;1,000000000000000;1,000000000000000;1,000000000000000;1,000000000000000;1,000000000000000;1,000000000000000;1,000000000000000;1,000000000000000
2021-11-05;60+;107;107,0;107;107;107;107;107;107;107;107;107;107;550;550,0;550;550;550;550;550,0;550;550;550,0;550;550,0;1,000000000000000;1,000000000000000;1,000000000000000;1,000000000000000;1,000000000000000;1,000000000000000;1,000000000000000;1,000000000000000;1,000000000000000;1,000000000000000;1,000000000000000
2021-11-05;alle;190;190,0;190;190;190;190;190;190;190;190;190;190;904;904,0;904;904;904;904;904,0;904;904;904,0;904;904,0;NA;NA;NA;NA;NA;NA;NA;NA;NA;NA;NA
2021-11-04;0-60;78;78,0;78;78;78;78;78;78;78;78;78;78;331;331,0;331;331;331;331;331,0;331;331;331,0;331;331,0;1,000000000000000;1,000000000000000;1,000000000000000;1,000000000000000;1,000000000000000;1,000000000000000;1,000000000000000;1,000000000000000;1,000000000000000;1,000000000000000;1,000000000000000
2021-11-04;60+;143;143,0;143;143;143;143;143;143;143;143;143;143;539;539,0;539;539;539;539;539,0;539;539;539,0;539;539,0;1,000000000000000;1,000000000000000;1,000000000000000;1,000000000000000;1,000000000000000;1,000000000000000;1,000000000000000;1,000000000000000;1,000000000000000;1,000000000000000;1,000000000000000
2021-11-04;alle;221;221,0;221;221;221;221;221;221;221;221;221;221;870;870,0;870;870;870;870;870,0;870;870;870,0;870;870,0;NA;NA;NA;NA;NA;NA;NA;NA;NA;NA;NA
2021-11-03;0-60;53;53,0;53;53;53;53;53;53;53;53;53;53;330;330,0;330;330;330;330;330,0;330;330;330,0;330;330,0;1,000000000000000;1,000000000000000;1,000000000000000;1,000000000000000;1,000000000000000;1,000000000000000;1,000000000000000;1,000000000000000;1,000000000000000;1,000000000000000;1,000000000000000
2021-11-03;60+;102;102,0;102;102;102;102;102;102;102;102;102;102;506;506,0;506;506;506;506;506,0;506;506;506,0;506;506,0;1,000000000000000;1,000000000000000;1,000000000000000;1,000000000000000;1,000000000000000;1,000000000000000;1,000000000000000;1,000000000000000;1,000000000000000;1,000000000000000;1,000000000000000
2021-11-03;alle;155;155,0;155;155;155;155;155;155;155;155;155;155;836;836,0;836;836;836;836;836,0;836;836;836,0;836;836,0;NA;NA;NA;NA;NA;NA;NA;NA;NA;NA;NA
2021-11-02;0-60;23;23,0;23;23;23;23;23;23;23;23;23;23;361;361,0;361;361;361;361;361,0;361;361;361,0;361;361,0;1,000000000000000;1,000000000000000;1,000000000000000;1,000000000000000;1,000000000000000;1,000000000000000;1,000000000000000;1,000000000000000;1,000000000000000;1,000000000000000;1,000000000000000
2021-11-02;60+;39;39,0;39;39;39;39;39;39;39;39;39;39;507;507,0;507;507;507;507;507,0;507;507;507,0;507;507,0;1,000000000000000;1,000000000000000;1,000000000000000;1,000000000000000;1,000000000000000;1,000000000000000;1,000000000000000;1,000000000000000;1,000000000000000;1,000000000000000;1,000000000000000
2021-11-02;alle;62;62,0;62;62;62;62;62;62;62;62;62;62;868;868,0;868;868;868;868;868,0;868;868;868,0;868;868,0;NA;NA;NA;NA;NA;NA;NA;NA;NA;NA;NA
2021-11-01;0-60;19;19,0;19;19;19;19;19;19;19;19;19;19;375;375,0;375;375;375;375;375,0;375;375;375,0;375;375,0;1,000000000000000;1,000000000000000;1,000000000000000;1,000000000000000;1,000000000000000;1,000000000000000;1,000000000000000;1,000000000000000;1,000000000000000;1,000000000000000;1,000000000000000
2021-11-01;60+;20;20,0;20;20;20;20;20;20;20;20;20;20;546;546,0;546;546;546;546;546,0;546;546;546,0;546;546,0;1,000000000000000;1,000000000000000;1,000000000000000;1,000000000000000;1,000000000000000;1,000000000000000;1,000000000000000;1,000000000000000;1,000000000000000;1,000000000000000;1,000000000000000
2021-11-01;alle;39;39,0;39;39;39;39;39;39;39;39;39;39;921;921,0;921;921;921;921;921,0;921;921;921,0;921;921,0;NA;NA;NA;NA;NA;NA;NA;NA;NA;NA;NA
2021-10-31;0-60;42;42,0;42;42;42;42;42;42;42;42;42;42;371;371,0;371;371;371;371;371,0;371;371;371,0;371;371,0;1,000000000000000;1,000000000000000;1,000000000000000;1,000000000000000;1,000000000000000;1,000000000000000;1,000000000000000;1,000000000000000;1,000000000000000;1,000000000000000;1,000000000000000
2021-10-31;60+;58;58,0;58;58;58;58;58;58;58;58;58;58;555;555,0;555;555;555;555;555,0;555;555;555,0;555;555,0;1,000000000000000;1,000000000000000;1,000000000000000;1,000000000000000;1,000000000000000;1,000000000000000;1,000000000000000;1,000000000000000;1,000000000000000;1,000000000000000;1,000000000000000
2021-10-31;alle;100;100,0;100;100;100;100;100;100;100;100;100;100;926;926,0;926;926;926;926;926,0;926;926;926,0;926;926,0;NA;NA;NA;NA;NA;NA;NA;NA;NA;NA;NA
2021-10-30;0-60;56;56,0;56;56;56;56;56;56;56;56;56;56;373;373,0;373;373;373;373;373,0;373;373;373,0;373;373,0;1,000000000000000;1,000000000000000;1,000000000000000;1,000000000000000;1,000000000000000;1,000000000000000;1,000000000000000;1,000000000000000;1,000000000000000;1,000000000000000;1,000000000000000
2021-10-30;60+;81;81,0;81;81;81;81;81;81;81;81;81;81;579;579,0;579;579;579;579;579,0;579;579;579,0;579;579,0;1,000000000000000;1,000000000000000;1,000000000000000;1,000000000000000;1,000000000000000;1,000000000000000;1,000000000000000;1,000000000000000;1,000000000000000;1,000000000000000;1,000000000000000
2021-10-30;alle;137;137,0;137;137;137;137;137;137;137;137;137;137;952;952,0;952;952;952;952;952,0;952;952;952,0;952;952,0;NA;NA;NA;NA;NA;NA;NA;NA;NA;NA;NA
2021-10-29;0-60;60;60,0;60;60;60;60;60;60;60;60;60;60;364;364,0;364;364;364;364;364,0;364;364;364,0;364;364,0;1,000000000000000;1,000000000000000;1,000000000000000;1,000000000000000;1,000000000000000;1,000000000000000;1,000000000000000;1,000000000000000;1,000000000000000;1,000000000000000;1,000000000000000
2021-10-29;60+;96;96,0;96;96;96;96;96;96;96;96;96;96;560;560,0;560;560;560;560;560,0;560;560;560,0;560;560,0;1,000000000000000;1,000000000000000;1,000000000000000;1,000000000000000;1,000000000000000;1,000000000000000;1,000000000000000;1,000000000000000;1,000000000000000;1,000000000000000;1,000000000000000
2021-10-29;alle;156;156,0;156;156;156;156;156;156;156;156;156;156;924;924,0;924;924;924;924;924,0;924;924;924,0;924;924,0;NA;NA;NA;NA;NA;NA;NA;NA;NA;NA;NA
2021-10-28;0-60;77;77,0;77;77;77;77;77;77;77;77;77;77;363;363,0;363;363;363;363;363,0;363;363;363,0;363;363,0;1,000000000000000;1,000000000000000;1,000000000000000;1,000000000000000;1,000000000000000;1,000000000000000;1,000000000000000;1,000000000000000;1,000000000000000;1,000000000000000;1,000000000000000
2021-10-28;60+;110;110,0;110;110;110;110;110;110;110;110;110;110;537;537,0;537;537;537;537;537,0;537;537;537,0;537;537,0;1,000000000000000;1,000000000000000;1,000000000000000;1,000000000000000;1,000000000000000;1,000000000000000;1,000000000000000;1,000000000000000;1,000000000000000;1,000000000000000;1,000000000000000
2021-10-28;alle;187;187,0;187;187;187;187;187;187;187;187;187;187;900;900,0;900;900;900;900;900,0;900;900;900,0;900;900,0;NA;NA;NA;NA;NA;NA;NA;NA;NA;NA;NA
2021-10-27;0-60;84;84,0;84;84;84;84;84;84;84;84;84;84;325;325,0;325;325;325;325;325,0;325;325;325,0;325;325,0;1,000000000000000;1,000000000000000;1,000000000000000;1,000000000000000;1,000000000000000;1,000000000000000;1,000000000000000;1,000000000000000;1,000000000000000;1,000000000000000;1,000000000000000
2021-10-27;60+;103;103,0;103;103;103;103;103;103;103;103;103;103;510;510,0;510;510;510;510;510,0;510;510;510,0;510;510,0;1,000000000000000;1,000000000000000;1,000000000000000;1,000000000000000;1,000000000000000;1,000000000000000;1,000000000000000;1,000000000000000;1,000000000000000;1,000000000000000;1,000000000000000
2021-10-27;alle;187;187,0;187;187;187;187;187;187;187;187;187;187;835;835,0;835;835;835;835;835,0;835;835;835,0;835;835,0;NA;NA;NA;NA;NA;NA;NA;NA;NA;NA;NA
2021-10-26;0-60;37;37,0;37;37;37;37;37;37;37;37;37;37;308;308,0;308;308;308;308;308,0;308;308;308,0;308;308,0;1,000000000000000;1,000000000000000;1,000000000000000;1,000000000000000;1,000000000000000;1,000000000000000;1,000000000000000;1,000000000000000;1,000000000000000;1,000000000000000;1,000000000000000
2021-10-26;60+;78;78,0;78;78;78;78;78;78;78;78;78;78;497;497,0;497;497;497;497;497,0;497;497;497,0;497;497,0;1,000000000000000;1,000000000000000;1,000000000000000;1,000000000000000;1,000000000000000;1,000000000000000;1,000000000000000;1,000000000000000;1,000000000000000;1,000000000000000;1,000000000000000
2021-10-26;alle;115;115,0;115;115;115;115;115;115;115;115;115;115;805;805,0;805;805;805;805;805,0;805;805;805,0;805;805,0;NA;NA;NA;NA;NA;NA;NA;NA;NA;NA;NA
2021-10-25;0-60;15;15,0;15;15;15;15;15;15;15;15;15;15;303;303,0;303;303;303;303;303,0;303;303;303,0;303;303,0;1,000000000000000;1,000000000000000;1,000000000000000;1,000000000000000;1,000000000000000;1,000000000000000;1,000000000000000;1,000000000000000;1,000000000000000;1,000000000000000;1,000000000000000
2021-10-25;60+;29;29,0;29;29;29;29;29;29;29;29;29;29;486;486,0;486;486;486;486;486,0;486;486;486,0;486;486,0;1,000000000000000;1,000000000000000;1,000000000000000;1,000000000000000;1,000000000000000;1,000000000000000;1,000000000000000;1,000000000000000;1,000000000000000;1,000000000000000;1,000000000000000
2021-10-25;alle;44;44,0;44;44;44;44;44;44;44;44;44;44;789;789,0;789;789;789;789;789,0;789;789;789,0;789;789,0;NA;NA;NA;NA;NA;NA;NA;NA;NA;NA;NA
2021-10-24;0-60;44;44,0;44;44;44;44;44;44;44;44;44;44;300;300,0;300;300;300;300;300,0;300;300;300,0;300;300,0;1,000000000000000;1,000000000000000;1,000000000000000;1,000000000000000;1,000000000000000;1,000000000000000;1,000000000000000;1,000000000000000;1,000000000000000;1,000000000000000;1,000000000000000
2021-10-24;60+;82;82,0;82;82;82;82;82;82;82;82;82;82;475;475,0;475;475;475;475;475,0;475;475;475,0;475;475,0;1,000000000000000;1,000000000000000;1,000000000000000;1,000000000000000;1,000000000000000;1,000000000000000;1,000000000000000;1,000000000000000;1,000000000000000;1,000000000000000;1,000000000000000
2021-10-24;alle;126;126,0;126;126;126;126;126;126;126;126;126;126;775;775,0;775;775;775;775;775,0;775;775;775,0;775;775,0;NA;NA;NA;NA;NA;NA;NA;NA;NA;NA;NA
2021-10-23;0-60;47;47,0;47;47;47;47;47;47;47;47;47;47;294;294,0;294;294;294;294;294,0;294;294;294,0;294;294,0;1,000000000000000;1,000000000000000;1,000000000000000;1,000000000000000;1,000000000000000;1,000000000000000;1,000000000000000;1,000000000000000;1,000000000000000;1,000000000000000;1,000000000000000
2021-10-23;60+;62;62,0;62;62;62;62;62;62;62;62;62;62;431;431,0;431;431;431;431;431,0;431;431;431,0;431;431,0;1,000000000000000;1,000000000000000;1,000000000000000;1,000000000000000;1,000000000000000;1,000000000000000;1,000000000000000;1,000000000000000;1,000000000000000;1,000000000000000;1,000000000000000
2021-10-23;alle;109;109,0;109;109;109;109;109;109;109;109;109;109;725;725,0;725;725;725;725;725,0;725;725;725,0;725;725,0;NA;NA;NA;NA;NA;NA;NA;NA;NA;NA;NA
2021-10-22;0-60;59;59,0;59;59;59;59;59;59;59;59;59;59;286;286,0;286;286;286;286;286,0;286;286;286,0;286;286,0;1,000000000000000;1,000000000000000;1,000000000000000;1,000000000000000;1,000000000000000;1,000000000000000;1,000000000000000;1,000000000000000;1,000000000000000;1,000000000000000;1,000000000000000
2021-10-22;60+;73;73,0;73;73;73;73;73;73;73;73;73;73;422;422,0;422;422;422;422;422,0;422;422;422,0;422;422,0;1,000000000000000;1,000000000000000;1,000000000000000;1,000000000000000;1,000000000000000;1,000000000000000;1,000000000000000;1,000000000000000;1,000000000000000;1,000000000000000;1,000000000000000
2021-10-22;alle;132;132,0;132;132;132;132;132;132;132;132;132;132;708;708,0;708;708;708;708;708,0;708;708;708,0;708;708,0;NA;NA;NA;NA;NA;NA;NA;NA;NA;NA;NA
2021-10-21;0-60;39;39,0;39;39;39;39;39;39;39;39;39;39;272;272,0;272;272;272;272;272,0;272;272;272,0;272;272,0;1,000000000000000;1,000000000000000;1,000000000000000;1,000000000000000;1,000000000000000;1,000000000000000;1,000000000000000;1,000000000000000;1,000000000000000;1,000000000000000;1,000000000000000
2021-10-21;60+;83;83,0;83;83;83;83;83;83;83;83;83;83;396;396,0;396;396;396;396;396,0;396;396;396,0;396;396,0;1,000000000000000;1,000000000000000;1,000000000000000;1,000000000000000;1,000000000000000;1,000000000000000;1,000000000000000;1,000000000000000;1,000000000000000;1,000000000000000;1,000000000000000
2021-10-21;alle;122;122,0;122;122;122;122;122;122;122;122;122;122;668;668,0;668;668;668;668;668,0;668;668;668,0;668;668,0;NA;NA;NA;NA;NA;NA;NA;NA;NA;NA;NA
2021-10-20;0-60;67;67,0;67;67;67;67;67;67;67;67;67;67;273;273,0;273;273;273;273;273,0;273;273;273,0;273;273,0;1,000000000000000;1,000000000000000;1,000000000000000;1,000000000000000;1,000000000000000;1,000000000000000;1,000000000000000;1,000000000000000;1,000000000000000;1,000000000000000;1,000000000000000
2021-10-20;60+;90;90,0;90;90;90;90;90;90;90;90;90;90;355;355,0;355;355;355;355;355,0;355;355;355,0;355;355,0;1,000000000000000;1,000000000000000;1,000000000000000;1,000000000000000;1,000000000000000;1,000000000000000;1,000000000000000;1,000000000000000;1,000000000000000;1,000000000000000;1,000000000000000
2021-10-20;alle;157;157,0;157;157;157;157;157;157;157;157;157;157;628;628,0;628;628;628;628;628,0;628;628;628,0;628;628,0;NA;NA;NA;NA;NA;NA;NA;NA;NA;NA;NA
2021-10-19;0-60;32;32,0;32;32;32;32;32;32;32;32;32;32;252;252,0;252;252;252;252;252,0;252;252;252,0;252;252,0;1,000000000000000;1,000000000000000;1,000000000000000;1,000000000000000;1,000000000000000;1,000000000000000;1,000000000000000;1,000000000000000;1,000000000000000;1,000000000000000;1,000000000000000
2021-10-19;60+;67;67,0;67;67;67;67;67;67;67;67;67;67;304;304,0;304;304;304;304;304,0;304;304;304,0;304;304,0;1,000000000000000;1,000000000000000;1,000000000000000;1,000000000000000;1,000000000000000;1,000000000000000;1,000000000000000;1,000000000000000;1,000000000000000;1,000000000000000;1,000000000000000
2021-10-19;alle;99;99,0;99;99;99;99;99;99;99;99;99;99;556;556,0;556;556;556;556;556,0;556;556;556,0;556;556,0;NA;NA;NA;NA;NA;NA;NA;NA;NA;NA;NA
2021-10-18;0-60;12;12,0;12;12;12;12;12;12;12;12;12;12;241;241,0;241;241;241;241;241,0;241;241;241,0;241;241,0;1,000000000000000;1,000000000000000;1,000000000000000;1,000000000000000;1,000000000000000;1,000000000000000;1,000000000000000;1,000000000000000;1,000000000000000;1,000000000000000;1,000000000000000
2021-10-18;60+;18;18,0;18;18;18;18;18;18;18;18;18;18;262;262,0;262;262;262;262;262,0;262;262;262,0;262;262,0;1,000000000000000;1,000000000000000;1,000000000000000;1,000000000000000;1,000000000000000;1,000000000000000;1,000000000000000;1,000000000000000;1,000000000000000;1,000000000000000;1,000000000000000
2021-10-18;alle;30;30,0;30;30;30;30;30;30;30;30;30;30;503;503,0;503;503;503;503;503,0;503;503;503,0;503;503,0;NA;NA;NA;NA;NA;NA;NA;NA;NA;NA;NA
2021-10-17;0-60;38;38,0;38;38;38;38;38;38;38;38;38;38;245;245,0;245;245;245;245;245,0;245;245;245,0;245;245,0;1,000000000000000;1,000000000000000;1,000000000000000;1,000000000000000;1,000000000000000;1,000000000000000;1,000000000000000;1,000000000000000;1,000000000000000;1,000000000000000;1,000000000000000
2021-10-17;60+;38;38,0;38;38;38;38;38;38;38;38;38;38;256;256,0;256;256;256;256;256,0;256;256;256,0;256;256,0;1,000000000000000;1,000000000000000;1,000000000000000;1,000000000000000;1,000000000000000;1,000000000000000;1,000000000000000;1,000000000000000;1,000000000000000;1,000000000000000;1,000000000000000
2021-10-17;alle;76;76,0;76;76;76;76;76;76;76;76;76;76;501;501,0;501;501;501;501;501,0;501;501;501,0;501;501,0;NA;NA;NA;NA;NA;NA;NA;NA;NA;NA;NA
2021-10-16;0-60;39;39,0;39;39;39;39;39;39;39;39;39;39;235;235,0;235;235;235;235;235,0;235;235;235,0;235;235,0;1,000000000000000;1,000000000000000;1,000000000000000;1,000000000000000;1,000000000000000;1,000000000000000;1,000000000000000;1,000000000000000;1,000000000000000;1,000000000000000;1,000000000000000
2021-10-16;60+;53;53,0;53;53;53;53;53;53;53;53;53;53;241;241,0;241;241;241;241;241,0;241;241;241,0;241;241,0;1,000000000000000;1,000000000000000;1,000000000000000;1,000000000000000;1,000000000000000;1,000000000000000;1,000000000000000;1,000000000000000;1,000000000000000;1,000000000000000;1,000000000000000
2021-10-16;alle;92;92,0;92;92;92;92;92;92;92;92;92;92;476;476,0;476;476;476;476;476,0;476;476;476,0;476;476,0;NA;NA;NA;NA;NA;NA;NA;NA;NA;NA;NA
2021-10-15;0-60;45;45,0;45;45;45;45;45;45;45;45;45;45;229;229,0;229;229;229;229;229,0;229;229;229,0;229;229,0;1,000000000000000;1,000000000000000;1,000000000000000;1,000000000000000;1,000000000000000;1,000000000000000;1,000000000000000;1,000000000000000;1,000000000000000;1,000000000000000;1,000000000000000
2021-10-15;60+;47;47,0;47;47;47;47;47;47;47;47;47;47;221;221,0;221;221;221;221;221,0;221;221;221,0;221;221,0;1,000000000000000;1,000000000000000;1,000000000000000;1,000000000000000;1,000000000000000;1,000000000000000;1,000000000000000;1,000000000000000;1,000000000000000;1,000000000000000;1,000000000000000
2021-10-15;alle;92;92,0;92;92;92;92;92;92;92;92;92;92;450;450,0;450;450;450;450;450,0;450;450;450,0;450;450,0;NA;NA;NA;NA;NA;NA;NA;NA;NA;NA;NA
2021-10-14;0-60;40;40,0;40;40;40;40;40;40;40;40;40;40;213;213,0;213;213;213;213;213,0;213;213;213,0;213;213,0;1,000000000000000;1,000000000000000;1,000000000000000;1,000000000000000;1,000000000000000;1,000000000000000;1,000000000000000;1,000000000000000;1,000000000000000;1,000000000000000;1,000000000000000
2021-10-14;60+;42;42,0;42;42;42;42;42;42;42;42;42;42;206;206,0;206;206;206;206;206,0;206;206;206,0;206;206,0;1,000000000000000;1,000000000000000;1,000000000000000;1,000000000000000;1,000000000000000;1,000000000000000;1,000000000000000;1,000000000000000;1,000000000000000;1,000000000000000;1,000000000000000
2021-10-14;alle;82;82,0;82;82;82;82;82;82;82;82;82;82;419;419,0;419;419;419;419;419,0;419;419;419,0;419;419,0;NA;NA;NA;NA;NA;NA;NA;NA;NA;NA;NA
2021-10-13;0-60;46;46,0;46;46;46;46;46;46;46;46;46;46;208;208,0;208;208;208;208;208,0;208;208;208,0;208;208,0;1,000000000000000;1,000000000000000;1,000000000000000;1,000000000000000;1,000000000000000;1,000000000000000;1,000000000000000;1,000000000000000;1,000000000000000;1,000000000000000;1,000000000000000
2021-10-13;60+;39;39,0;39;39;39;39;39;39;39;39;39;39;208;208,0;208;208;208;208;208,0;208;208;208,0;208;208,0;1,000000000000000;1,000000000000000;1,000000000000000;1,000000000000000;1,000000000000000;1,000000000000000;1,000000000000000;1,000000000000000;1,000000000000000;1,000000000000000;1,000000000000000
2021-10-13;alle;85;85,0;85;85;85;85;85;85;85;85;85;85;416;416,0;416;416;416;416;416,0;416;416;416,0;416;416,0;NA;NA;NA;NA;NA;NA;NA;NA;NA;NA;NA
2021-10-12;0-60;21;21,0;21;21;21;21;21;21;21;21;21;21;207;207,0;207;207;207;207;207,0;207;207;207,0;207;207,0;1,000000000000000;1,000000000000000;1,000000000000000;1,000000000000000;1,000000000000000;1,000000000000000;1,000000000000000;1,000000000000000;1,000000000000000;1,000000000000000;1,000000000000000
2021-10-12;60+;25;25,0;25;25;25;25;25;25;25;25;25;25;202;202,0;202;202;202;202;202,0;202;202;202,0;202;202,0;1,000000000000000;1,000000000000000;1,000000000000000;1,000000000000000;1,000000000000000;1,000000000000000;1,000000000000000;1,000000000000000;1,000000000000000;1,000000000000000;1,000000000000000
2021-10-12;alle;46;46,0;46;46;46;46;46;46;46;46;46;46;409;409,0;409;409;409;409;409,0;409;409;409,0;409;409,0;NA;NA;NA;NA;NA;NA;NA;NA;NA;NA;NA
2021-10-11;0-60;16;16,0;16;16;16;16;16;16;16;16;16;16;211;211,0;211;211;211;211;211,0;211;211;211,0;211;211,0;1,000000000000000;1,000000000000000;1,000000000000000;1,000000000000000;1,000000000000000;1,000000000000000;1,000000000000000;1,000000000000000;1,000000000000000;1,000000000000000;1,000000000000000
2021-10-11;60+;12;12,0;12;12;12;12;12;12;12;12;12;12;213;213,0;213;213;213;213;213,0;213;213;213,0;213;213,0;1,000000000000000;1,000000000000000;1,000000000000000;1,000000000000000;1,000000000000000;1,000000000000000;1,000000000000000;1,000000000000000;1,000000000000000;1,000000000000000;1,000000000000000
2021-10-11;alle;28;28,0;28;28;28;28;28;28;28;28;28;28;424;424,0;424;424;424;424;424,0;424;424;424,0;424;424,0;NA;NA;NA;NA;NA;NA;NA;NA;NA;NA;NA
2021-10-10;0-60;28;28,0;28;28;28;28;28;28;28;28;28;28;208;208,0;208;208;208;208;208,0;208;208;208,0;208;208,0;1,000000000000000;1,000000000000000;1,000000000000000;1,000000000000000;1,000000000000000;1,000000000000000;1,000000000000000;1,000000000000000;1,000000000000000;1,000000000000000;1,000000000000000
2021-10-10;60+;23;23,0;23;23;23;23;23;23;23;23;23;23;211;211,0;211;211;211;211;211,0;211;211;211,0;211;211,0;1,000000000000000;1,000000000000000;1,000000000000000;1,000000000000000;1,000000000000000;1,000000000000000;1,000000000000000;1,000000000000000;1,000000000000000;1,000000000000000;1,000000000000000
2021-10-10;alle;51;51,0;51;51;51;51;51;51;51;51;51;51;419;419,0;419;419;419;419;419,0;419;419;419,0;419;419,0;NA;NA;NA;NA;NA;NA;NA;NA;NA;NA;NA
2021-10-09;0-60;33;33,0;33;33;33;33;33;33;33;33;33;33;203;203,0;203;203;203;203;203,0;203;203;203,0;203;203,0;1,000000000000000;1,000000000000000;1,000000000000000;1,000000000000000;1,000000000000000;1,000000000000000;1,000000000000000;1,000000000000000;1,000000000000000;1,000000000000000;1,000000000000000
2021-10-09;60+;33;33,0;33;33;33;33;33;33;33;33;33;33;220;220,0;220;220;220;220;220,0;220;220;220,0;220;220,0;1,000000000000000;1,000000000000000;1,000000000000000;1,000000000000000;1,000000000000000;1,000000000000000;1,000000000000000;1,000000000000000;1,000000000000000;1,000000000000000;1,000000000000000
2021-10-09;alle;66;66,0;66;66;66;66;66;66;66;66;66;66;423;423,0;423;423;423;423;423,0;423;423;423,0;423;423,0;NA;NA;NA;NA;NA;NA;NA;NA;NA;NA;NA
2021-10-08;0-60;29;29,0;29;29;29;29;29;29;29;29;29;29;206;206,0;206;206;206;206;206,0;206;206;206,0;206;206,0;1,000000000000000;1,000000000000000;1,000000000000000;1,000000000000000;1,000000000000000;1,000000000000000;1,000000000000000;1,000000000000000;1,000000000000000;1,000000000000000;1,000000000000000
2021-10-08;60+;32;32,0;32;32;32;32;32;32;32;32;32;32;209;209,0;209;209;209;209;209,0;209;209;209,0;209;209,0;1,000000000000000;1,000000000000000;1,000000000000000;1,000000000000000;1,000000000000000;1,000000000000000;1,000000000000000;1,000000000000000;1,000000000000000;1,000000000000000;1,000000000000000
2021-10-08;alle;61;61,0;61;61;61;61;61;61;61;61;61;61;415;415,0;415;415;415;415;415,0;415;415;415,0;415;415,0;NA;NA;NA;NA;NA;NA;NA;NA;NA;NA;NA
2021-10-07;0-60;35;35,0;35;35;35;35;35;35;35;35;35;35;212;212,0;212;212;212;212;212,0;212;212;212,0;212;212,0;1,000000000000000;1,000000000000000;1,000000000000000;1,000000000000000;1,000000000000000;1,000000000000000;1,000000000000000;1,000000000000000;1,000000000000000;1,000000000000000;1,000000000000000
2021-10-07;60+;44;44,0;44;44;44;44;44;44;44;44;44;44;195;195,0;195;195;195;195;195,0;195;195;195,0;195;195,0;1,000000000000000;1,000000000000000;1,000000000000000;1,000000000000000;1,000000000000000;1,000000000000000;1,000000000000000;1,000000000000000;1,000000000000000;1,000000000000000;1,000000000000000
2021-10-07;alle;79;79,0;79;79;79;79;79;79;79;79;79;79;407;407,0;407;407;407;407;407,0;407;407;407,0;407;407,0;NA;NA;NA;NA;NA;NA;NA;NA;NA;NA;NA
2021-10-06;0-60;45;45,0;45;45;45;45;45;45;45;45;45;45;223;223,0;223;223;223;223;223,0;223;223;223,0;223;223,0;1,000000000000000;1,000000000000000;1,000000000000000;1,000000000000000;1,000000000000000;1,000000000000000;1,000000000000000;1,000000000000000;1,000000000000000;1,000000000000000;1,000000000000000
2021-10-06;60+;33;33,0;33;33;33;33;33;33;33;33;33;33;193;193,0;193;193;193;193;193,0;193;193;193,0;193;193,0;1,000000000000000;1,000000000000000;1,000000000000000;1,000000000000000;1,000000000000000;1,000000000000000;1,000000000000000;1,000000000000000;1,000000000000000;1,000000000000000;1,000000000000000
2021-10-06;alle;78;78,0;78;78;78;78;78;78;78;78;78;78;416;416,0;416;416;416;416;416,0;416;416;416,0;416;416,0;NA;NA;NA;NA;NA;NA;NA;NA;NA;NA;NA
2021-10-05;0-60;25;25,0;25;25;25;25;25;25;25;25;25;25;225;225,0;225;225;225;225;225,0;225;225;225,0;225;225,0;1,000000000000000;1,000000000000000;1,000000000000000;1,000000000000000;1,000000000000000;1,000000000000000;1,000000000000000;1,000000000000000;1,000000000000000;1,000000000000000;1,000000000000000
2021-10-05;60+;36;36,0;36;36;36;36;36;36;36;36;36;36;207;207,0;207;207;207;207;207,0;207;207;207,0;207;207,0;1,000000000000000;1,000000000000000;1,000000000000000;1,000000000000000;1,000000000000000;1,000000000000000;1,000000000000000;1,000000000000000;1,000000000000000;1,000000000000000;1,000000000000000
2021-10-05;alle;61;61,0;61;61;61;61;61;61;61;61;61;61;432;432,0;432;432;432;432;432,0;432;432;432,0;432;432,0;NA;NA;NA;NA;NA;NA;NA;NA;NA;NA;NA
2021-10-04;0-60;13;13,0;13;13;13;13;13;13;13;13;13;13;233;233,0;233;233;233;233;233,0;233;233;233,0;233;233,0;1,000000000000000;1,000000000000000;1,000000000000000;1,000000000000000;1,000000000000000;1,000000000000000;1,000000000000000;1,000000000000000;1,000000000000000;1,000000000000000;1,000000000000000
2021-10-04;60+;10;10,0;10;10;10;10;10;10;10;10;10;10;204;204,0;204;204;204;204;204,0;204;204;204,0;204;204,0;1,000000000000000;1,000000000000000;1,000000000000000;1,000000000000000;1,000000000000000;1,000000000000000;1,000000000000000;1,000000000000000;1,000000000000000;1,000000000000000;1,000000000000000
2021-10-04;alle;23;23,0;23;23;23;23;23;23;23;23;23;23;437;437,0;437;437;437;437;437,0;437;437;437,0;437;437,0;NA;NA;NA;NA;NA;NA;NA;NA;NA;NA;NA
2021-10-03;0-60;23;23,0;23;23;23;23;23;23;23;23;23;23;233;233,0;233;233;233;233;233,0;233;233;233,0;233;233,0;1,000000000000000;1,000000000000000;1,000000000000000;1,000000000000000;1,000000000000000;1,000000000000000;1,000000000000000;1,000000000000000;1,000000000000000;1,000000000000000;1,000000000000000
2021-10-03;60+;32;32,0;32;32;32;32;32;32;32;32;32;32;206;206,0;206;206;206;206;206,0;206;206;206,0;206;206,0;1,000000000000000;1,000000000000000;1,000000000000000;1,000000000000000;1,000000000000000;1,000000000000000;1,000000000000000;1,000000000000000;1,000000000000000;1,000000000000000;1,000000000000000
2021-10-03;alle;55;55,0;55;55;55;55;55;55;55;55;55;55;439;439,0;439;439;439;439;439,0;439;439;439,0;439;439,0;NA;NA;NA;NA;NA;NA;NA;NA;NA;NA;NA
2021-10-02;0-60;36;36,0;36;36;36;36;36;36;36;36;36;36;236;236,0;236;236;236;236;236,0;236;236;236,0;236;236,0;1,000000000000000;1,000000000000000;1,000000000000000;1,000000000000000;1,000000000000000;1,000000000000000;1,000000000000000;1,000000000000000;1,000000000000000;1,000000000000000;1,000000000000000
2021-10-02;60+;22;22,0;22;22;22;22;22;22;22;22;22;22;195;195,0;195;195;195;195;195,0;195;195;195,0;195;195,0;1,000000000000000;1,000000000000000;1,000000000000000;1,000000000000000;1,000000000000000;1,000000000000000;1,000000000000000;1,000000000000000;1,000000000000000;1,000000000000000;1,000000000000000
2021-10-02;alle;58;58,0;58;58;58;58;58;58;58;58;58;58;431;431,0;431;431;431;431;431,0;431;431;431,0;431;431,0;NA;NA;NA;NA;NA;NA;NA;NA;NA;NA;NA
2021-10-01;0-60;35;35,0;35;35;35;35;35;35;35;35;35;35;239;239,0;239;239;239;239;239,0;239;239;239,0;239;239,0;1,000000000000000;1,000000000000000;1,000000000000000;1,000000000000000;1,000000000000000;1,000000000000000;1,000000000000000;1,000000000000000;1,000000000000000;1,000000000000000;1,000000000000000
2021-10-01;60+;18;18,0;18;18;18;18;18;18;18;18;18;18;203;203,0;203;203;203;203;203,0;203;203;203,0;203;203,0;1,000000000000000;1,000000000000000;1,000000000000000;1,000000000000000;1,000000000000000;1,000000000000000;1,000000000000000;1,000000000000000;1,000000000000000;1,000000000000000;1,000000000000000
2021-10-01;alle;53;53,0;53;53;53;53;53;53;53;53;53;53;442;442,0;442;442;442;442;442,0;442;442;442,0;442;442,0;NA;NA;NA;NA;NA;NA;NA;NA;NA;NA;NA
2021-09-30;0-60;46;46,0;46;46;46;46;46;46;46;46;46;46;262;262,0;262;262;262;262;262,0;262;262;262,0;262;262,0;1,000000000000000;1,000000000000000;1,000000000000000;1,000000000000000;1,000000000000000;1,000000000000000;1,000000000000000;1,000000000000000;1,000000000000000;1,000000000000000;1,000000000000000
2021-09-30;60+;42;42,0;42;42;42;42;42;42;42;42;42;42;214;214,0;214;214;214;214;214,0;214;214;214,0;214;214,0;1,000000000000000;1,000000000000000;1,000000000000000;1,000000000000000;1,000000000000000;1,000000000000000;1,000000000000000;1,000000000000000;1,000000000000000;1,000000000000000;1,000000000000000
2021-09-30;alle;88;88,0;88;88;88;88;88;88;88;88;88;88;476;476,0;476;476;476;476;476,0;476;476;476,0;476;476,0;NA;NA;NA;NA;NA;NA;NA;NA;NA;NA;NA
2021-09-29;0-60;47;47,0;47;47;47;47;47;47;47;47;47;47;259;259,0;259;259;259;259;259,0;259;259;259,0;259;259,0;1,000000000000000;1,000000000000000;1,000000000000000;1,000000000000000;1,000000000000000;1,000000000000000;1,000000000000000;1,000000000000000;1,000000000000000;1,000000000000000;1,000000000000000
2021-09-29;60+;47;47,0;47;47;47;47;47;47;47;47;47;47;211;211,0;211;211;211;211;211,0;211;211;211,0;211;211,0;1,000000000000000;1,000000000000000;1,000000000000000;1,000000000000000;1,000000000000000;1,000000000000000;1,000000000000000;1,000000000000000;1,000000000000000;1,000000000000000;1,000000000000000
2021-09-29;alle;94;94,0;94;94;94;94;94;94;94;94;94;94;470;470,0;470;470;470;470;470,0;470;470;470,0;470;470,0;NA;NA;NA;NA;NA;NA;NA;NA;NA;NA;NA
2021-09-28;0-60;33;33,0;33;33;33;33;33;33;33;33;33;33;269;269,0;269;269;269;269;269,0;269;269;269,0;269;269,0;1,000000000000000;1,000000000000000;1,000000000000000;1,000000000000000;1,000000000000000;1,000000000000000;1,000000000000000;1,000000000000000;1,000000000000000;1,000000000000000;1,000000000000000
2021-09-28;60+;33;33,0;33;33;33;33;33;33;33;33;33;33;192;192,0;192;192;192;192;192,0;192;192;192,0;192;192,0;1,000000000000000;1,000000000000000;1,000000000000000;1,000000000000000;1,000000000000000;1,000000000000000;1,000000000000000;1,000000000000000;1,000000000000000;1,000000000000000;1,000000000000000
2021-09-28;alle;66;66,0;66;66;66;66;66;66;66;66;66;66;461;461,0;461;461;461;461;461,0;461;461;461,0;461;461,0;NA;NA;NA;NA;NA;NA;NA;NA;NA;NA;NA
2021-09-27;0-60;13;13,0;13;13;13;13;13;13;13;13;13;13;273;273,0;273;273;273;273;273,0;273;273;273,0;273;273,0;1,000000000000000;1,000000000000000;1,000000000000000;1,000000000000000;1,000000000000000;1,000000000000000;1,000000000000000;1,000000000000000;1,000000000000000;1,000000000000000;1,000000000000000
2021-09-27;60+;12;12,0;12;12;12;12;12;12;12;12;12;12;189;189,0;189;189;189;189;189,0;189;189;189,0;189;189,0;1,000000000000000;1,000000000000000;1,000000000000000;1,000000000000000;1,000000000000000;1,000000000000000;1,000000000000000;1,000000000000000;1,000000000000000;1,000000000000000;1,000000000000000
2021-09-27;alle;25;25,0;25;25;25;25;25;25;25;25;25;25;462;462,0;462;462;462;462;462,0;462;462;462,0;462;462,0;NA;NA;NA;NA;NA;NA;NA;NA;NA;NA;NA
2021-09-26;0-60;26;26,0;26;26;26;26;26;26;26;26;26;26;276;276,0;276;276;276;276;276,0;276;276;276,0;276;276,0;1,000000000000000;1,000000000000000;1,000000000000000;1,000000000000000;1,000000000000000;1,000000000000000;1,000000000000000;1,000000000000000;1,000000000000000;1,000000000000000;1,000000000000000
2021-09-26;60+;21;21,0;21;21;21;21;21;21;21;21;21;21;183;183,0;183;183;183;183;183,0;183;183;183,0;183;183,0;1,000000000000000;1,000000000000000;1,000000000000000;1,000000000000000;1,000000000000000;1,000000000000000;1,000000000000000;1,000000000000000;1,000000000000000;1,000000000000000;1,000000000000000
2021-09-26;alle;47;47,0;47;47;47;47;47;47;47;47;47;47;459;459,0;459;459;459;459;459,0;459;459;459,0;459;459,0;NA;NA;NA;NA;NA;NA;NA;NA;NA;NA;NA
2021-09-25;0-60;39;39,0;39;39;39;39;39;39;39;39;39;39;288;288,0;288;288;288;288;288,0;288;288;288,0;288;288,0;1,000000000000000;1,000000000000000;1,000000000000000;1,000000000000000;1,000000000000000;1,000000000000000;1,000000000000000;1,000000000000000;1,000000000000000;1,000000000000000;1,000000000000000
2021-09-25;60+;30;30,0;30;30;30;30;30;30;30;30;30;30;180;180,0;180;180;180;180;180,0;180;180;180,0;180;180,0;1,000000000000000;1,000000000000000;1,000000000000000;1,000000000000000;1,000000000000000;1,000000000000000;1,000000000000000;1,000000000000000;1,000000000000000;1,000000000000000;1,000000000000000
2021-09-25;alle;69;69,0;69;69;69;69;69;69;69;69;69;69;468;468,0;468;468;468;468;468,0;468;468;468,0;468;468,0;NA;NA;NA;NA;NA;NA;NA;NA;NA;NA;NA
2021-09-24;0-60;58;58,0;58;58;58;58;58;58;58;58;58;58;286;286,0;286;286;286;286;286,0;286;286;286,0;286;286,0;1,000000000000000;1,000000000000000;1,000000000000000;1,000000000000000;1,000000000000000;1,000000000000000;1,000000000000000;1,000000000000000;1,000000000000000;1,000000000000000;1,000000000000000
2021-09-24;60+;29;29,0;29;29;29;29;29;29;29;29;29;29;173;173,0;173;173;173;173;173,0;173;173;173,0;173;173,0;1,000000000000000;1,000000000000000;1,000000000000000;1,000000000000000;1,000000000000000;1,000000000000000;1,000000000000000;1,000000000000000;1,000000000000000;1,000000000000000;1,000000000000000
2021-09-24;alle;87;87,0;87;87;87;87;87;87;87;87;87;87;459;459,0;459;459;459;459;459,0;459;459;459,0;459;459,0;NA;NA;NA;NA;NA;NA;NA;NA;NA;NA;NA
2021-09-23;0-60;43;43,0;43;43;43;43;43;43;43;43;43;43;274;274,0;274;274;274;274;274,0;274;274;274,0;274;274,0;1,000000000000000;1,000000000000000;1,000000000000000;1,000000000000000;1,000000000000000;1,000000000000000;1,000000000000000;1,000000000000000;1,000000000000000;1,000000000000000;1,000000000000000
2021-09-23;60+;39;39,0;39;39;39;39;39;39;39;39;39;39;167;167,0;167;167;167;167;167,0;167;167;167,0;167;167,0;1,000000000000000;1,000000000000000;1,000000000000000;1,000000000000000;1,000000000000000;1,000000000000000;1,000000000000000;1,000000000000000;1,000000000000000;1,000000000000000;1,000000000000000
2021-09-23;alle;82;82,0;82;82;82;82;82;82;82;82;82;82;441;441,0;441;441;441;441;441,0;441;441;441,0;441;441,0;NA;NA;NA;NA;NA;NA;NA;NA;NA;NA;NA
2021-09-22;0-60;57;57,0;57;57;57;57;57;57;57;57;57;57;283;283,0;283;283;283;283;283,0;283;283;283,0;283;283,0;1,000000000000000;1,000000000000000;1,000000000000000;1,000000000000000;1,000000000000000;1,000000000000000;1,000000000000000;1,000000000000000;1,000000000000000;1,000000000000000;1,000000000000000
2021-09-22;60+;28;28,0;28;28;28;28;28;28;28;28;28;28;166;166,0;166;166;166;166;166,0;166;166;166,0;166;166,0;1,000000000000000;1,000000000000000;1,000000000000000;1,000000000000000;1,000000000000000;1,000000000000000;1,000000000000000;1,000000000000000;1,000000000000000;1,000000000000000;1,000000000000000
2021-09-22;alle;85;85,0;85;85;85;85;85;85;85;85;85;85;449;449,0;449;449;449;449;449,0;449;449;449,0;449;449,0;NA;NA;NA;NA;NA;NA;NA;NA;NA;NA;NA
2021-09-21;0-60;37;37,0;37;37;37;37;37;37;37;37;37;37;273;273,0;273;273;273;273;273,0;273;273;273,0;273;273,0;1,000000000000000;1,000000000000000;1,000000000000000;1,000000000000000;1,000000000000000;1,000000000000000;1,000000000000000;1,000000000000000;1,000000000000000;1,000000000000000;1,000000000000000
2021-09-21;60+;30;30,0;30;30;30;30;30;30;30;30;30;30;171;171,0;171;171;171;171;171,0;171;171;171,0;171;171,0;1,000000000000000;1,000000000000000;1,000000000000000;1,000000000000000;1,000000000000000;1,000000000000000;1,000000000000000;1,000000000000000;1,000000000000000;1,000000000000000;1,000000000000000
2021-09-21;alle;67;67,0;67;67;67;67;67;67;67;67;67;67;444;444,0;444;444;444;444;444,0;444;444;444,0;444;444,0;NA;NA;NA;NA;NA;NA;NA;NA;NA;NA;NA
2021-09-20;0-60;16;16,0;16;16;16;16;16;16;16;16;16;16;285;285,0;285;285;285;285;285,0;285;285;285,0;285;285,0;1,000000000000000;1,000000000000000;1,000000000000000;1,000000000000000;1,000000000000000;1,000000000000000;1,000000000000000;1,000000000000000;1,000000000000000;1,000000000000000;1,000000000000000
2021-09-20;60+;6;6,0;6;6;6;6;6;6;6;6;6;6;162;162,0;162;162;162;162;162,0;162;162;162,0;162;162,0;1,000000000000000;1,000000000000000;1,000000000000000;1,000000000000000;1,000000000000000;1,000000000000000;1,000000000000000;1,000000000000000;1,000000000000000;1,000000000000000;1,000000000000000
2021-09-20;alle;22;22,0;22;22;22;22;22;22;22;22;22;22;447;447,0;447;447;447;447;447,0;447;447;447,0;447;447,0;NA;NA;NA;NA;NA;NA;NA;NA;NA;NA;NA
2021-09-19;0-60;38;38,0;38;38;38;38;38;38;38;38;38;38;293;293,0;293;293;293;293;293,0;293;293;293,0;293;293,0;1,000000000000000;1,000000000000000;1,000000000000000;1,000000000000000;1,000000000000000;1,000000000000000;1,000000000000000;1,000000000000000;1,000000000000000;1,000000000000000;1,000000000000000
2021-09-19;60+;18;18,0;18;18;18;18;18;18;18;18;18;18;169;169,0;169;169;169;169;169,0;169;169;169,0;169;169,0;1,000000000000000;1,000000000000000;1,000000000000000;1,000000000000000;1,000000000000000;1,000000000000000;1,000000000000000;1,000000000000000;1,000000000000000;1,000000000000000;1,000000000000000
2021-09-19;alle;56;56,0;56;56;56;56;56;56;56;56;56;56;462;462,0;462;462;462;462;462,0;462;462;462,0;462;462,0;NA;NA;NA;NA;NA;NA;NA;NA;NA;NA;NA
2021-09-18;0-60;37;37,0;37;37;37;37;37;37;37;37;37;37;290;290,0;290;290;290;290;290,0;290;290;290,0;290;290,0;1,000000000000000;1,000000000000000;1,000000000000000;1,000000000000000;1,000000000000000;1,000000000000000;1,000000000000000;1,000000000000000;1,000000000000000;1,000000000000000;1,000000000000000
2021-09-18;60+;23;23,0;23;23;23;23;23;23;23;23;23;23;181;181,0;181;181;181;181;181,0;181;181;181,0;181;181,0;1,000000000000000;1,000000000000000;1,000000000000000;1,000000000000000;1,000000000000000;1,000000000000000;1,000000000000000;1,000000000000000;1,000000000000000;1,000000000000000;1,000000000000000
2021-09-18;alle;60;60,0;60;60;60;60;60;60;60;60;60;60;471;471,0;471;471;471;471;471,0;471;471;471,0;471;471,0;NA;NA;NA;NA;NA;NA;NA;NA;NA;NA;NA
2021-09-17;0-60;46;46,0;46;46;46;46;46;46;46;46;46;46;303;303,0;303;303;303;303;303,0;303;303;303,0;303;303,0;1,000000000000000;1,000000000000000;1,000000000000000;1,000000000000000;1,000000000000000;1,000000000000000;1,000000000000000;1,000000000000000;1,000000000000000;1,000000000000000;1,000000000000000
2021-09-17;60+;23;23,0;23;23;23;23;23;23;23;23;23;23;191;191,0;191;191;191;191;191,0;191;191;191,0;191;191,0;1,000000000000000;1,000000000000000;1,000000000000000;1,000000000000000;1,000000000000000;1,000000000000000;1,000000000000000;1,000000000000000;1,000000000000000;1,000000000000000;1,000000000000000
2021-09-17;alle;69;69,0;69;69;69;69;69;69;69;69;69;69;494;494,0;494;494;494;494;494,0;494;494;494,0;494;494,0;NA;NA;NA;NA;NA;NA;NA;NA;NA;NA;NA
2021-09-16;0-60;52;52,0;52;52;52;52;52;52;52;52;52;52;312;312,0;312;312;312;312;312,0;312;312;312,0;312;312,0;1,000000000000000;1,000000000000000;1,000000000000000;1,000000000000000;1,000000000000000;1,000000000000000;1,000000000000000;1,000000000000000;1,000000000000000;1,000000000000000;1,000000000000000
2021-09-16;60+;38;38,0;38;38;38;38;38;38;38;38;38;38;207;207,0;207;207;207;207;207,0;207;207;207,0;207;207,0;1,000000000000000;1,000000000000000;1,000000000000000;1,000000000000000;1,000000000000000;1,000000000000000;1,000000000000000;1,000000000000000;1,000000000000000;1,000000000000000;1,000000000000000
2021-09-16;alle;90;90,0;90;90;90;90;90;90;90;90;90;90;519;519,0;519;519;519;519;519,0;519;519;519,0;519;519,0;NA;NA;NA;NA;NA;NA;NA;NA;NA;NA;NA
2021-09-15;0-60;47;47,0;47;47;47;47;47;47;47;47;47;47;321;321,0;321;321;321;321;321,0;321;321;321,0;321;321,0;1,000000000000000;1,000000000000000;1,000000000000000;1,000000000000000;1,000000000000000;1,000000000000000;1,000000000000000;1,000000000000000;1,000000000000000;1,000000000000000;1,000000000000000
2021-09-15;60+;33;33,0;33;33;33;33;33;33;33;33;33;33;210;210,0;210;210;210;210;210,0;210;210;210,0;210;210,0;1,000000000000000;1,000000000000000;1,000000000000000;1,000000000000000;1,000000000000000;1,000000000000000;1,000000000000000;1,000000000000000;1,000000000000000;1,000000000000000;1,000000000000000
2021-09-15;alle;80;80,0;80;80;80;80;80;80;80;80;80;80;531;531,0;531;531;531;531;531,0;531;531;531,0;531;531,0;NA;NA;NA;NA;NA;NA;NA;NA;NA;NA;NA
2021-09-14;0-60;49;49,0;49;49;49;49;49;49;49;49;49;49;330;330,0;330;330;330;330;330,0;330;330;330,0;330;330,0;1,000000000000000;1,000000000000000;1,000000000000000;1,000000000000000;1,000000000000000;1,000000000000000;1,000000000000000;1,000000000000000;1,000000000000000;1,000000000000000;1,000000000000000
2021-09-14;60+;21;21,0;21;21;21;21;21;21;21;21;21;21;214;214,0;214;214;214;214;214,0;214;214;214,0;214;214,0;1,000000000000000;1,000000000000000;1,000000000000000;1,000000000000000;1,000000000000000;1,000000000000000;1,000000000000000;1,000000000000000;1,000000000000000;1,000000000000000;1,000000000000000
2021-09-14;alle;70;70,0;70;70;70;70;70;70;70;70;70;70;544;544,0;544;544;544;544;544,0;544;544;544,0;544;544,0;NA;NA;NA;NA;NA;NA;NA;NA;NA;NA;NA
2021-09-13;0-60;24;24,0;24;24;24;24;24;24;24;24;24;24;319;319,0;319;319;319;319;319,0;319;319;319,0;319;319,0;1,000000000000000;1,000000000000000;1,000000000000000;1,000000000000000;1,000000000000000;1,000000000000000;1,000000000000000;1,000000000000000;1,000000000000000;1,000000000000000;1,000000000000000
2021-09-13;60+;13;13,0;13;13;13;13;13;13;13;13;13;13;217;217,0;217;217;217;217;217,0;217;217;217,0;217;217,0;1,000000000000000;1,000000000000000;1,000000000000000;1,000000000000000;1,000000000000000;1,000000000000000;1,000000000000000;1,000000000000000;1,000000000000000;1,000000000000000;1,000000000000000
2021-09-13;alle;37;37,0;37;37;37;37;37;37;37;37;37;37;536;536,0;536;536;536;536;536,0;536;536;536,0;536;536,0;NA;NA;NA;NA;NA;NA;NA;NA;NA;NA;NA
2021-09-12;0-60;35;35,0;35;35;35;35;35;35;35;35;35;35;322;322,0;322;322;322;322;322,0;322;322;322,0;322;322,0;1,000000000000000;1,000000000000000;1,000000000000000;1,000000000000000;1,000000000000000;1,000000000000000;1,000000000000000;1,000000000000000;1,000000000000000;1,000000000000000;1,000000000000000
2021-09-12;60+;30;30,0;30;30;30;30;30;30;30;30;30;30;218;218,0;218;218;218;218;218,0;218;218;218,0;218;218,0;1,000000000000000;1,000000000000000;1,000000000000000;1,000000000000000;1,000000000000000;1,000000000000000;1,000000000000000;1,000000000000000;1,000000000000000;1,000000000000000;1,000000000000000
2021-09-12;alle;65;65,0;65;65;65;65;65;65;65;65;65;65;540;540,0;540;540;540;540;540,0;540;540;540,0;540;540,0;NA;NA;NA;NA;NA;NA;NA;NA;NA;NA;NA
2021-09-11;0-60;50;50,0;50;50;50;50;50;50;50;50;50;50;330;330,0;330;330;330;330;330,0;330;330;330,0;330;330,0;1,000000000000000;1,000000000000000;1,000000000000000;1,000000000000000;1,000000000000000;1,000000000000000;1,000000000000000;1,000000000000000;1,000000000000000;1,000000000000000;1,000000000000000
2021-09-11;60+;33;33,0;33;33;33;33;33;33;33;33;33;33;210;210,0;210;210;210;210;210,0;210;210;210,0;210;210,0;1,000000000000000;1,000000000000000;1,000000000000000;1,000000000000000;1,000000000000000;1,000000000000000;1,000000000000000;1,000000000000000;1,000000000000000;1,000000000000000;1,000000000000000
2021-09-11;alle;83;83,0;83;83;83;83;83;83;83;83;83;83;540;540,0;540;540;540;540;540,0;540;540;540,0;540;540,0;NA;NA;NA;NA;NA;NA;NA;NA;NA;NA;NA
2021-09-10;0-60;55;55,0;55;55;55;55;55;55;55;55;55;55;329;329,0;329;329;329;329;329,0;329;329;329,0;329;329,0;1,000000000000000;1,000000000000000;1,000000000000000;1,000000000000000;1,000000000000000;1,000000000000000;1,000000000000000;1,000000000000000;1,000000000000000;1,000000000000000;1,000000000000000
2021-09-10;60+;39;39,0;39;39;39;39;39;39;39;39;39;39;196;196,0;196;196;196;196;196,0;196;196;196,0;196;196,0;1,000000000000000;1,000000000000000;1,000000000000000;1,000000000000000;1,000000000000000;1,000000000000000;1,000000000000000;1,000000000000000;1,000000000000000;1,000000000000000;1,000000000000000
2021-09-10;alle;94;94,0;94;94;94;94;94;94;94;94;94;94;525;525,0;525;525;525;525;525,0;525;525;525,0;525;525,0;NA;NA;NA;NA;NA;NA;NA;NA;NA;NA;NA
2021-09-09;0-60;61;61,0;61;61;61;61;61;61;61;61;61;61;316;316,0;316;316;316;316;316,0;316;316;316,0;316;316,0;1,000000000000000;1,000000000000000;1,000000000000000;1,000000000000000;1,000000000000000;1,000000000000000;1,000000000000000;1,000000000000000;1,000000000000000;1,000000000000000;1,000000000000000
2021-09-09;60+;41;41,0;41;41;41;41;41;41;41;41;41;41;193;193,0;193;193;193;193;193,0;193;193;193,0;193;193,0;1,000000000000000;1,000000000000000;1,000000000000000;1,000000000000000;1,000000000000000;1,000000000000000;1,000000000000000;1,000000000000000;1,000000000000000;1,000000000000000;1,000000000000000
2021-09-09;alle;102;102,0;102;102;102;102;102;102;102;102;102;102;509;509,0;509;509;509;509;509,0;509;509;509,0;509;509,0;NA;NA;NA;NA;NA;NA;NA;NA;NA;NA;NA
2021-09-08;0-60;56;56,0;56;56;56;56;56;56;56;56;56;56;319;319,0;319;319;319;319;319,0;319;319;319,0;319;319,0;1,000000000000000;1,000000000000000;1,000000000000000;1,000000000000000;1,000000000000000;1,000000000000000;1,000000000000000;1,000000000000000;1,000000000000000;1,000000000000000;1,000000000000000
2021-09-08;60+;37;37,0;37;37;37;37;37;37;37;37;37;37;178;178,0;178;178;178;178;178,0;178;178;178,0;178;178,0;1,000000000000000;1,000000000000000;1,000000000000000;1,000000000000000;1,000000000000000;1,000000000000000;1,000000000000000;1,000000000000000;1,000000000000000;1,000000000000000;1,000000000000000
2021-09-08;alle;93;93,0;93;93;93;93;93;93;93;93;93;93;497;497,0;497;497;497;497;497,0;497;497;497,0;497;497,0;NA;NA;NA;NA;NA;NA;NA;NA;NA;NA;NA
2021-09-07;0-60;38;38,0;38;38;38;38;38;38;38;38;38;38;321;321,0;321;321;321;321;321,0;321;321;321,0;321;321,0;1,000000000000000;1,000000000000000;1,000000000000000;1,000000000000000;1,000000000000000;1,000000000000000;1,000000000000000;1,000000000000000;1,000000000000000;1,000000000000000;1,000000000000000
2021-09-07;60+;24;24,0;24;24;24;24;24;24;24;24;24;24;180;180,0;180;180;180;180;180,0;180;180;180,0;180;180,0;1,000000000000000;1,000000000000000;1,000000000000000;1,000000000000000;1,000000000000000;1,000000000000000;1,000000000000000;1,000000000000000;1,000000000000000;1,000000000000000;1,000000000000000
2021-09-07;alle;62;62,0;62;62;62;62;62;62;62;62;62;62;501;501,0;501;501;501;501;501,0;501;501;501,0;501;501,0;NA;NA;NA;NA;NA;NA;NA;NA;NA;NA;NA
2021-09-06;0-60;27;27,0;27;27;27;27;27;27;27;27;27;27;325;325,0;325;325;325;325;325,0;325;325;325,0;325;325,0;1,000000000000000;1,000000000000000;1,000000000000000;1,000000000000000;1,000000000000000;1,000000000000000;1,000000000000000;1,000000000000000;1,000000000000000;1,000000000000000;1,000000000000000
2021-09-06;60+;14;14,0;14;14;14;14;14;14;14;14;14;14;185;185,0;185;185;185;185;185,0;185;185;185,0;185;185,0;1,000000000000000;1,000000000000000;1,000000000000000;1,000000000000000;1,000000000000000;1,000000000000000;1,000000000000000;1,000000000000000;1,000000000000000;1,000000000000000;1,000000000000000
2021-09-06;alle;41;41,0;41;41;41;41;41;41;41;41;41;41;510;510,0;510;510;510;510;510,0;510;510;510,0;510;510,0;NA;NA;NA;NA;NA;NA;NA;NA;NA;NA;NA
2021-09-05;0-60;43;43,0;43;43;43;43;43;43;43;43;43;43;322;322,0;322;322;322;322;322,0;322;322;322,0;322;322,0;1,000000000000000;1,000000000000000;1,000000000000000;1,000000000000000;1,000000000000000;1,000000000000000;1,000000000000000;1,000000000000000;1,000000000000000;1,000000000000000;1,000000000000000
2021-09-05;60+;22;22,0;22;22;22;22;22;22;22;22;22;22;184;184,0;184;184;184;184;184,0;184;184;184,0;184;184,0;1,000000000000000;1,000000000000000;1,000000000000000;1,000000000000000;1,000000000000000;1,000000000000000;1,000000000000000;1,000000000000000;1,000000000000000;1,000000000000000;1,000000000000000
2021-09-05;alle;65;65,0;65;65;65;65;65;65;65;65;65;65;506;506,0;506;506;506;506;506,0;506;506;506,0;506;506,0;NA;NA;NA;NA;NA;NA;NA;NA;NA;NA;NA
2021-09-04;0-60;49;49,0;49;49;49;49;49;49;49;49;49;49;328;328,0;328;328;328;328;328,0;328;328;328,0;328;328,0;1,000000000000000;1,000000000000000;1,000000000000000;1,000000000000000;1,000000000000000;1,000000000000000;1,000000000000000;1,000000000000000;1,000000000000000;1,000000000000000;1,000000000000000
2021-09-04;60+;19;19,0;19;19;19;19;19;19;19;19;19;19;181;181,0;181;181;181;181;181,0;181;181;181,0;181;181,0;1,000000000000000;1,000000000000000;1,000000000000000;1,000000000000000;1,000000000000000;1,000000000000000;1,000000000000000;1,000000000000000;1,000000000000000;1,000000000000000;1,000000000000000
2021-09-04;alle;68;68,0;68;68;68;68;68;68;68;68;68;68;509;509,0;509;509;509;509;509,0;509;509;509,0;509;509,0;NA;NA;NA;NA;NA;NA;NA;NA;NA;NA;NA
2021-09-03;0-60;42;42,0;42;42;42;42;42;42;42;42;42;42;332;332,0;332;332;332;332;332,0;332;332;332,0;332;332,0;1,000000000000000;1,000000000000000;1,000000000000000;1,000000000000000;1,000000000000000;1,000000000000000;1,000000000000000;1,000000000000000;1,000000000000000;1,000000000000000;1,000000000000000
2021-09-03;60+;36;36,0;36;36;36;36;36;36;36;36;36;36;181;181,0;181;181;181;181;181,0;181;181;181,0;181;181,0;1,000000000000000;1,000000000000000;1,000000000000000;1,000000000000000;1,000000000000000;1,000000000000000;1,000000000000000;1,000000000000000;1,000000000000000;1,000000000000000;1,000000000000000
2021-09-03;alle;78;78,0;78;78;78;78;78;78;78;78;78;78;513;513,0;513;513;513;513;513,0;513;513;513,0;513;513,0;NA;NA;NA;NA;NA;NA;NA;NA;NA;NA;NA
2021-09-02;0-60;64;64,0;64;64;64;64;64;64;64;64;64;64;341;341,0;341;341;341;341;341,0;341;341;341,0;341;341,0;1,000000000000000;1,000000000000000;1,000000000000000;1,000000000000000;1,000000000000000;1,000000000000000;1,000000000000000;1,000000000000000;1,000000000000000;1,000000000000000;1,000000000000000
2021-09-02;60+;26;26,0;26;26;26;26;26;26;26;26;26;26;176;176,0;176;176;176;176;176,0;176;176;176,0;176;176,0;1,000000000000000;1,000000000000000;1,000000000000000;1,000000000000000;1,000000000000000;1,000000000000000;1,000000000000000;1,000000000000000;1,000000000000000;1,000000000000000;1,000000000000000
2021-09-02;alle;90;90,0;90;90;90;90;90;90;90;90;90;90;517;517,0;517;517;517;517;517,0;517;517;517,0;517;517,0;NA;NA;NA;NA;NA;NA;NA;NA;NA;NA;NA
2021-09-01;0-60;58;58,0;58;58;58;58;58;58;58;58;58;58;342;342,0;342;342;342;342;342,0;342;342;342,0;342;342,0;1,000000000000000;1,000000000000000;1,000000000000000;1,000000000000000;1,000000000000000;1,000000000000000;1,000000000000000;1,000000000000000;1,000000000000000;1,000000000000000;1,000000000000000
2021-09-01;60+;39;39,0;39;39;39;39;39;39;39;39;39;39;180;180,0;180;180;180;180;180,0;180;180;180,0;180;180,0;1,000000000000000;1,000000000000000;1,000000000000000;1,000000000000000;1,000000000000000;1,000000000000000;1,000000000000000;1,000000000000000;1,000000000000000;1,000000000000000;1,000000000000000
2021-09-01;alle;97;97,0;97;97;97;97;97;97;97;97;97;97;522;522,0;522;522;522;522;522,0;522;522;522,0;522;522,0;NA;NA;NA;NA;NA;NA;NA;NA;NA;NA;NA
2021-08-31;0-60;42;42,0;42;42;42;42;42;42;42;42;42;42;356;356,0;356;356;356;356;356,0;356;356;356,0;356;356,0;1,000000000000000;1,000000000000000;1,000000000000000;1,000000000000000;1,000000000000000;1,000000000000000;1,000000000000000;1,000000000000000;1,000000000000000;1,000000000000000;1,000000000000000
2021-08-31;60+;29;29,0;29;29;29;29;29;29;29;29;29;29;161;161,0;161;161;161;161;161,0;161;161;161,0;161;161,0;1,000000000000000;1,000000000000000;1,000000000000000;1,000000000000000;1,000000000000000;1,000000000000000;1,000000000000000;1,000000000000000;1,000000000000000;1,000000000000000;1,000000000000000
2021-08-31;alle;71;71,0;71;71;71;71;71;71;71;71;71;71;517;517,0;517;517;517;517;517,0;517;517;517,0;517;517,0;NA;NA;NA;NA;NA;NA;NA;NA;NA;NA;NA
2021-08-30;0-60;24;24,0;24;24;24;24;24;24;24;24;24;24;364;364,0;364;364;364;364;364,0;364;364;364,0;364;364,0;1,000000000000000;1,000000000000000;1,000000000000000;1,000000000000000;1,000000000000000;1,000000000000000;1,000000000000000;1,000000000000000;1,000000000000000;1,000000000000000;1,000000000000000
2021-08-30;60+;13;13,0;13;13;13;13;13;13;13;13;13;13;148;148,0;148;148;148;148;148,0;148;148;148,0;148;148,0;1,000000000000000;1,000000000000000;1,000000000000000;1,000000000000000;1,000000000000000;1,000000000000000;1,000000000000000;1,000000000000000;1,000000000000000;1,000000000000000;1,000000000000000
2021-08-30;alle;37;37,0;37;37;37;37;37;37;37;37;37;37;512;512,0;512;512;512;512;512,0;512;512;512,0;512;512,0;NA;NA;NA;NA;NA;NA;NA;NA;NA;NA;NA
2021-08-29;0-60;49;49,0;49;49;49;49;49;49;49;49;49;49;354;354,0;354;354;354;354;354,0;354;354;354,0;354;354,0;1,000000000000000;1,000000000000000;1,000000000000000;1,000000000000000;1,000000000000000;1,000000000000000;1,000000000000000;1,000000000000000;1,000000000000000;1,000000000000000;1,000000000000000
2021-08-29;60+;19;19,0;19;19;19;19;19;19;19;19;19;19;141;141,0;141;141;141;141;141,0;141;141;141,0;141;141,0;1,000000000000000;1,000000000000000;1,000000000000000;1,000000000000000;1,000000000000000;1,000000000000000;1,000000000000000;1,000000000000000;1,000000000000000;1,000000000000000;1,000000000000000
2021-08-29;alle;68;68,0;68;68;68;68;68;68;68;68;68;68;495;495,0;495;495;495;495;495,0;495;495;495,0;495;495,0;NA;NA;NA;NA;NA;NA;NA;NA;NA;NA;NA
2021-08-28;0-60;53;53,0;53;53;53;53;53;53;53;53;53;53;332;332,0;332;332;332;332;332,0;332;332;332,0;332;332,0;1,000000000000000;1,000000000000000;1,000000000000000;1,000000000000000;1,000000000000000;1,000000000000000;1,000000000000000;1,000000000000000;1,000000000000000;1,000000000000000;1,000000000000000
2021-08-28;60+;19;19,0;19;19;19;19;19;19;19;19;19;19;135;135,0;135;135;135;135;135,0;135;135;135,0;135;135,0;1,000000000000000;1,000000000000000;1,000000000000000;1,000000000000000;1,000000000000000;1,000000000000000;1,000000000000000;1,000000000000000;1,000000000000000;1,000000000000000;1,000000000000000
2021-08-28;alle;72;72,0;72;72;72;72;72;72;72;72;72;72;467;467,0;467;467;467;467;467,0;467;467;467,0;467;467,0;NA;NA;NA;NA;NA;NA;NA;NA;NA;NA;NA
2021-08-27;0-60;51;51,0;51;51;51;51;51;51;51;51;51;51;313;313,0;313;313;313;313;313,0;313;313;313,0;313;313,0;1,000000000000000;1,000000000000000;1,000000000000000;1,000000000000000;1,000000000000000;1,000000000000000;1,000000000000000;1,000000000000000;1,000000000000000;1,000000000000000;1,000000000000000
2021-08-27;60+;31;31,0;31;31;31;31;31;31;31;31;31;31;142;142,0;142;142;142;142;142,0;142;142;142,0;142;142,0;1,000000000000000;1,000000000000000;1,000000000000000;1,000000000000000;1,000000000000000;1,000000000000000;1,000000000000000;1,000000000000000;1,000000000000000;1,000000000000000;1,000000000000000
2021-08-27;alle;82;82,0;82;82;82;82;82;82;82;82;82;82;455;455,0;455;455;455;455;455,0;455;455;455,0;455;455,0;NA;NA;NA;NA;NA;NA;NA;NA;NA;NA;NA
2021-08-26;0-60;65;65,0;65;65;65;65;65;65;65;65;65;65;290;290,0;290;290;290;290;290,0;290;290;290,0;290;290,0;1,000000000000000;1,000000000000000;1,000000000000000;1,000000000000000;1,000000000000000;1,000000000000000;1,000000000000000;1,000000000000000;1,000000000000000;1,000000000000000;1,000000000000000
2021-08-26;60+;30;30,0;30;30;30;30;30;30;30;30;30;30;126;126,0;126;126;126;126;126,0;126;126;126,0;126;126,0;1,000000000000000;1,000000000000000;1,000000000000000;1,000000000000000;1,000000000000000;1,000000000000000;1,000000000000000;1,000000000000000;1,000000000000000;1,000000000000000;1,000000000000000
2021-08-26;alle;95;95,0;95;95;95;95;95;95;95;95;95;95;416;416,0;416;416;416;416;416,0;416;416;416,0;416;416,0;NA;NA;NA;NA;NA;NA;NA;NA;NA;NA;NA
2021-08-25;0-60;72;72,0;72;72;72;72;72;72;72;72;72;72;257;257,0;257;257;257;257;257,0;257;257;257,0;257;257,0;1,000000000000000;1,000000000000000;1,000000000000000;1,000000000000000;1,000000000000000;1,000000000000000;1,000000000000000;1,000000000000000;1,000000000000000;1,000000000000000;1,000000000000000
2021-08-25;60+;20;20,0;20;20;20;20;20;20;20;20;20;20;113;113,0;113;113;113;113;113,0;113;113;113,0;113;113,0;1,000000000000000;1,000000000000000;1,000000000000000;1,000000000000000;1,000000000000000;1,000000000000000;1,000000000000000;1,000000000000000;1,000000000000000;1,000000000000000;1,000000000000000
2021-08-25;alle;92;92,0;92;92;92;92;92;92;92;92;92;92;370;370,0;370;370;370;370;370,0;370;370;370,0;370;370,0;NA;NA;NA;NA;NA;NA;NA;NA;NA;NA;NA
2021-08-24;0-60;50;50,0;50;50;50;50;50;50;50;50;50;50;210;210,0;210;210;210;210;210,0;210;210;210,0;210;210,0;1,000000000000000;1,000000000000000;1,000000000000000;1,000000000000000;1,000000000000000;1,000000000000000;1,000000000000000;1,000000000000000;1,000000000000000;1,000000000000000;1,000000000000000
2021-08-24;60+;16;16,0;16;16;16;16;16;16;16;16;16;16;110;110,0;110;110;110;110;110,0;110;110;110,0;110;110,0;1,000000000000000;1,000000000000000;1,000000000000000;1,000000000000000;1,000000000000000;1,000000000000000;1,000000000000000;1,000000000000000;1,000000000000000;1,000000000000000;1,000000000000000
2021-08-24;alle;66;66,0;66;66;66;66;66;66;66;66;66;66;320;320,0;320;320;320;320;320,0;320;320;320,0;320;320,0;NA;NA;NA;NA;NA;NA;NA;NA;NA;NA;NA
2021-08-23;0-60;14;14,0;14;14;14;14;14;14;14;14;14;14;175;175,0;175;175;175;175;175,0;175;175;175,0;175;175,0;1,000000000000000;1,000000000000000;1,000000000000000;1,000000000000000;1,000000000000000;1,000000000000000;1,000000000000000;1,000000000000000;1,000000000000000;1,000000000000000;1,000000000000000
2021-08-23;60+;6;6,0;6;6;6;6;6;6;6;6;6;6;103;103,0;103;103;103;103;103,0;103;103;103,0;103;103,0;1,000000000000000;1,000000000000000;1,000000000000000;1,000000000000000;1,000000000000000;1,000000000000000;1,000000000000000;1,000000000000000;1,000000000000000;1,000000000000000;1,000000000000000
2021-08-23;alle;20;20,0;20;20;20;20;20;20;20;20;20;20;278;278,0;278;278;278;278;278,0;278;278;278,0;278;278,0;NA;NA;NA;NA;NA;NA;NA;NA;NA;NA;NA
2021-08-22;0-60;27;27,0;27;27;27;27;27;27;27;27;27;27;166;166,0;166;166;166;166;166,0;166;166;166,0;166;166,0;1,000000000000000;1,000000000000000;1,000000000000000;1,000000000000000;1,000000000000000;1,000000000000000;1,000000000000000;1,000000000000000;1,000000000000000;1,000000000000000;1,000000000000000
2021-08-22;60+;13;13,0;13;13;13;13;13;13;13;13;13;13;99;99,0;99;99;99;99;99,0;99;99;99,0;99;99,0;1,000000000000000;1,000000000000000;1,000000000000000;1,000000000000000;1,000000000000000;1,000000000000000;1,000000000000000;1,000000000000000;1,000000000000000;1,000000000000000;1,000000000000000
2021-08-22;alle;40;40,0;40;40;40;40;40;40;40;40;40;40;265;265,0;265;265;265;265;265,0;265;265;265,0;265;265,0;NA;NA;NA;NA;NA;NA;NA;NA;NA;NA;NA
2021-08-21;0-60;34;34,0;34;34;34;34;34;34;34;34;34;34;167;167,0;167;167;167;167;167,0;167;167;167,0;167;167,0;1,000000000000000;1,000000000000000;1,000000000000000;1,000000000000000;1,000000000000000;1,000000000000000;1,000000000000000;1,000000000000000;1,000000000000000;1,000000000000000;1,000000000000000
2021-08-21;60+;26;26,0;26;26;26;26;26;26;26;26;26;26;93;93,0;93;93;93;93;93,0;93;93;93,0;93;93,0;1,000000000000000;1,000000000000000;1,000000000000000;1,000000000000000;1,000000000000000;1,000000000000000;1,000000000000000;1,000000000000000;1,000000000000000;1,000000000000000;1,000000000000000
2021-08-21;alle;60;60,0;60;60;60;60;60;60;60;60;60;60;260;260,0;260;260;260;260;260,0;260;260;260,0;260;260,0;NA;NA;NA;NA;NA;NA;NA;NA;NA;NA;NA
2021-08-20;0-60;28;28,0;28;28;28;28;28;28;28;28;28;28;146;146,0;146;146;146;146;146,0;146;146;146,0;146;146,0;1,000000000000000;1,000000000000000;1,000000000000000;1,000000000000000;1,000000000000000;1,000000000000000;1,000000000000000;1,000000000000000;1,000000000000000;1,000000000000000;1,000000000000000
2021-08-20;60+;15;15,0;15;15;15;15;15;15;15;15;15;15;84;84,0;84;84;84;84;84,0;84;84;84,0;84;84,0;1,000000000000000;1,000000000000000;1,000000000000000;1,000000000000000;1,000000000000000;1,000000000000000;1,000000000000000;1,000000000000000;1,000000000000000;1,000000000000000;1,000000000000000
2021-08-20;alle;43;43,0;43;43;43;43;43;43;43;43;43;43;230;230,0;230;230;230;230;230,0;230;230;230,0;230;230,0;NA;NA;NA;NA;NA;NA;NA;NA;NA;NA;NA
2021-08-19;0-60;32;32,0;32;32;32;32;32;32;32;32;32;32;140;140,0;140;140;140;140;140,0;140;140;140,0;140;140,0;1,000000000000000;1,000000000000000;1,000000000000000;1,000000000000000;1,000000000000000;1,000000000000000;1,000000000000000;1,000000000000000;1,000000000000000;1,000000000000000;1,000000000000000
2021-08-19;60+;17;17,0;17;17;17;17;17;17;17;17;17;17;76;76,0;76;76;76;76;76,0;76;76;76,0;76;76,0;1,000000000000000;1,000000000000000;1,000000000000000;1,000000000000000;1,000000000000000;1,000000000000000;1,000000000000000;1,000000000000000;1,000000000000000;1,000000000000000;1,000000000000000
2021-08-19;alle;49;49,0;49;49;49;49;49;49;49;49;49;49;216;216,0;216;216;216;216;216,0;216;216;216,0;216;216,0;NA;NA;NA;NA;NA;NA;NA;NA;NA;NA;NA
2021-08-18;0-60;25;25,0;25;25;25;25;25;25;25;25;25;25;130;130,0;130;130;130;130;130,0;130;130;130,0;130;130,0;1,000000000000000;1,000000000000000;1,000000000000000;1,000000000000000;1,000000000000000;1,000000000000000;1,000000000000000;1,000000000000000;1,000000000000000;1,000000000000000;1,000000000000000
2021-08-18;60+;17;17,0;17;17;17;17;17;17;17;17;17;17;75;75,0;75;75;75;75;75,0;75;75;75,0;75;75,0;1,000000000000000;1,000000000000000;1,000000000000000;1,000000000000000;1,000000000000000;1,000000000000000;1,000000000000000;1,000000000000000;1,000000000000000;1,000000000000000;1,000000000000000
2021-08-18;alle;42;42,0;42;42;42;42;42;42;42;42;42;42;205;205,0;205;205;205;205;205,0;205;205;205,0;205;205,0;NA;NA;NA;NA;NA;NA;NA;NA;NA;NA;NA
2021-08-17;0-60;15;15,0;15;15;15;15;15;15;15;15;15;15;127;127,0;127;127;127;127;127,0;127;127;127,0;127;127,0;1,000000000000000;1,000000000000000;1,000000000000000;1,000000000000000;1,000000000000000;1,000000000000000;1,000000000000000;1,000000000000000;1,000000000000000;1,000000000000000;1,000000000000000
2021-08-17;60+;9;9,0;9;9;9;9;9;9;9;9;9;9;67;67,0;67;67;67;67;67,0;67;67;67,0;67;67,0;1,000000000000000;1,000000000000000;1,000000000000000;1,000000000000000;1,000000000000000;1,000000000000000;1,000000000000000;1,000000000000000;1,000000000000000;1,000000000000000;1,000000000000000
2021-08-17;alle;24;24,0;24;24;24;24;24;24;24;24;24;24;194;194,0;194;194;194;194;194,0;194;194;194,0;194;194,0;NA;NA;NA;NA;NA;NA;NA;NA;NA;NA;NA
2021-08-16;0-60;5;5,0;5;5;5;5;5;5;5;5;5;5;122;122,0;122;122;122;122;122,0;122;122;122,0;122;122,0;1,000000000000000;1,000000000000000;1,000000000000000;1,000000000000000;1,000000000000000;1,000000000000000;1,000000000000000;1,000000000000000;1,000000000000000;1,000000000000000;1,000000000000000
2021-08-16;60+;2;2,0;2;2;2;2;2;2;2;2;2;2;66;66,0;66;66;66;66;66,0;66;66;66,0;66;66,0;1,000000000000000;1,000000000000000;1,000000000000000;1,000000000000000;1,000000000000000;1,000000000000000;1,000000000000000;1,000000000000000;1,000000000000000;1,000000000000000;1,000000000000000
2021-08-16;alle;7;7,0;7;7;7;7;7;7;7;7;7;7;188;188,0;188;188;188;188;188,0;188;188;188,0;188;188,0;NA;NA;NA;NA;NA;NA;NA;NA;NA;NA;NA
2021-08-15;0-60;28;28,0;28;28;28;28;28;28;28;28;28;28;118;118,0;118;118;118;118;118,0;118;118;118,0;118;118,0;1,000000000000000;1,000000000000000;1,000000000000000;1,000000000000000;1,000000000000000;1,000000000000000;1,000000000000000;1,000000000000000;1,000000000000000;1,000000000000000;1,000000000000000
2021-08-15;60+;7;7,0;7;7;7;7;7;7;7;7;7;7;65;65,0;65;65;65;65;65,0;65;65;65,0;65;65,0;1,000000000000000;1,000000000000000;1,000000000000000;1,000000000000000;1,000000000000000;1,000000000000000;1,000000000000000;1,000000000000000;1,000000000000000;1,000000000000000;1,000000000000000
2021-08-15;alle;35;35,0;35;35;35;35;35;35;35;35;35;35;183;183,0;183;183;183;183;183,0;183;183;183,0;183;183,0;NA;NA;NA;NA;NA;NA;NA;NA;NA;NA;NA
2021-08-14;0-60;13;13,0;13;13;13;13;13;13;13;13;13;13;96;96,0;96;96;96;96;96,0;96;96;96,0;96;96,0;1,000000000000000;1,000000000000000;1,000000000000000;1,000000000000000;1,000000000000000;1,000000000000000;1,000000000000000;1,000000000000000;1,000000000000000;1,000000000000000;1,000000000000000
2021-08-14;60+;17;17,0;17;17;17;17;17;17;17;17;17;17;63;63,0;63;63;63;63;63,0;63;63;63,0;63;63,0;1,000000000000000;1,000000000000000;1,000000000000000;1,000000000000000;1,000000000000000;1,000000000000000;1,000000000000000;1,000000000000000;1,000000000000000;1,000000000000000;1,000000000000000
2021-08-14;alle;30;30,0;30;30;30;30;30;30;30;30;30;30;159;159,0;159;159;159;159;159,0;159;159;159,0;159;159,0;NA;NA;NA;NA;NA;NA;NA;NA;NA;NA;NA
2021-08-13;0-60;22;22,0;22;22;22;22;22;22;22;22;22;22;92;92,0;92;92;92;92;92,0;92;92;92,0;92;92,0;1,000000000000000;1,000000000000000;1,000000000000000;1,000000000000000;1,000000000000000;1,000000000000000;1,000000000000000;1,000000000000000;1,000000000000000;1,000000000000000;1,000000000000000
2021-08-13;60+;7;7,0;7;7;7;7;7;7;7;7;7;7;49;49,0;49;49;49;49;49,0;49;49;49,0;49;49,0;1,000000000000000;1,000000000000000;1,000000000000000;1,000000000000000;1,000000000000000;1,000000000000000;1,000000000000000;1,000000000000000;1,000000000000000;1,000000000000000;1,000000000000000
2021-08-13;alle;29;29,0;29;29;29;29;29;29;29;29;29;29;141;141,0;141;141;141;141;141,0;141;141;141,0;141;141,0;NA;NA;NA;NA;NA;NA;NA;NA;NA;NA;NA
2021-08-12;0-60;22;22,0;22;22;22;22;22;22;22;22;22;22;82;82,0;82;82;82;82;82,0;82;82;82,0;82;82,0;1,000000000000000;1,000000000000000;1,000000000000000;1,000000000000000;1,000000000000000;1,000000000000000;1,000000000000000;1,000000000000000;1,000000000000000;1,000000000000000;1,000000000000000
2021-08-12;60+;16;16,0;16;16;16;16;16;16;16;16;16;16;46;46,0;46;46;46;46;46,0;46;46;46,0;46;46,0;1,000000000000000;1,000000000000000;1,000000000000000;1,000000000000000;1,000000000000000;1,000000000000000;1,000000000000000;1,000000000000000;1,000000000000000;1,000000000000000;1,000000000000000
2021-08-12;alle;38;38,0;38;38;38;38;38;38;38;38;38;38;128;128,0;128;128;128;128;128,0;128;128;128,0;128;128,0;NA;NA;NA;NA;NA;NA;NA;NA;NA;NA;NA
2021-08-11;0-60;22;22,0;22;22;22;22;22;22;22;22;22;22;67;67,0;67;67;67;67;67,0;67;67;67,0;67;67,0;1,000000000000000;1,000000000000000;1,000000000000000;1,000000000000000;1,000000000000000;1,000000000000000;1,000000000000000;1,000000000000000;1,000000000000000;1,000000000000000;1,000000000000000
2021-08-11;60+;9;9,0;9;9;9;9;9;9;9;9;9;9;35;35,0;35;35;35;35;35,0;35;35;35,0;35;35,0;1,000000000000000;1,000000000000000;1,000000000000000;1,000000000000000;1,000000000000000;1,000000000000000;1,000000000000000;1,000000000000000;1,000000000000000;1,000000000000000;1,000000000000000
2021-08-11;alle;31;31,0;31;31;31;31;31;31;31;31;31;31;102;102,0;102;102;102;102;102,0;102;102;102,0;102;102,0;NA;NA;NA;NA;NA;NA;NA;NA;NA;NA;NA
2021-08-10;0-60;10;10,0;10;10;10;10;10;10;10;10;10;10;52;52,0;52;52;52;52;52,0;52;52;52,0;52;52,0;1,000000000000000;1,000000000000000;1,000000000000000;1,000000000000000;1,000000000000000;1,000000000000000;1,000000000000000;1,000000000000000;1,000000000000000;1,000000000000000;1,000000000000000
2021-08-10;60+;8;8,0;8;8;8;8;8;8;8;8;8;8;34;34,0;34;34;34;34;34,0;34;34;34,0;34;34,0;1,000000000000000;1,000000000000000;1,000000000000000;1,000000000000000;1,000000000000000;1,000000000000000;1,000000000000000;1,000000000000000;1,000000000000000;1,000000000000000;1,000000000000000
2021-08-10;alle;18;18,0;18;18;18;18;18;18;18;18;18;18;86;86,0;86;86;86;86;86,0;86;86;86,0;86;86,0;NA;NA;NA;NA;NA;NA;NA;NA;NA;NA;NA
2021-08-09;0-60;1;1,0;1;1;1;1;1;1;1;1;1;1;49;49,0;49;49;49;49;49,0;49;49;49,0;49;49,0;1,000000000000000;1,000000000000000;1,000000000000000;1,000000000000000;1,000000000000000;1,000000000000000;1,000000000000000;1,000000000000000;1,000000000000000;1,000000000000000;1,000000000000000
2021-08-09;60+;1;1,0;1;1;1;1;1;1;1;1;1;1;28;28,0;28;28;28;28;28,0;28;28;28,0;28;28,0;1,000000000000000;1,000000000000000;1,000000000000000;1,000000000000000;1,000000000000000;1,000000000000000;1,000000000000000;1,000000000000000;1,000000000000000;1,000000000000000;1,000000000000000
2021-08-09;alle;2;2,0;2;2;2;2;2;2;2;2;2;2;77;77,0;77;77;77;77;77,0;77;77;77,0;77;77,0;NA;NA;NA;NA;NA;NA;NA;NA;NA;NA;NA
2021-08-08;0-60;6;6,0;6;6;6;6;6;6;6;6;6;6;50;50,0;50;50;50;50;50,0;50;50;50,0;50;50,0;1,000000000000000;1,000000000000000;1,000000000000000;1,000000000000000;1,000000000000000;1,000000000000000;1,000000000000000;1,000000000000000;1,000000000000000;1,000000000000000;1,000000000000000
2021-08-08;60+;5;5,0;5;5;5;5;5;5;5;5;5;5;33;33,0;33;33;33;33;33,0;33;33;33,0;33;33,0;1,000000000000000;1,000000000000000;1,000000000000000;1,000000000000000;1,000000000000000;1,000000000000000;1,000000000000000;1,000000000000000;1,000000000000000;1,000000000000000;1,000000000000000
2021-08-08;alle;11;11,0;11;11;11;11;11;11;11;11;11;11;83;83,0;83;83;83;83;83,0;83;83;83,0;83;83,0;NA;NA;NA;NA;NA;NA;NA;NA;NA;NA;NA
2021-08-07;0-60;9;9,0;9;9;9;9;9;9;9;9;9;9;51;51,0;51;51;51;51;51,0;51;51;51,0;51;51,0;1,000000000000000;1,000000000000000;1,000000000000000;1,000000000000000;1,000000000000000;1,000000000000000;1,000000000000000;1,000000000000000;1,000000000000000;1,000000000000000;1,000000000000000
2021-08-07;60+;3;3,0;3;3;3;3;3;3;3;3;3;3;30;30,0;30;30;30;30;30,0;30;30;30,0;30;30,0;1,000000000000000;1,000000000000000;1,000000000000000;1,000000000000000;1,000000000000000;1,000000000000000;1,000000000000000;1,000000000000000;1,000000000000000;1,000000000000000;1,000000000000000
2021-08-07;alle;12;12,0;12;12;12;12;12;12;12;12;12;12;81;81,0;81;81;81;81;81,0;81;81;81,0;81;81,0;NA;NA;NA;NA;NA;NA;NA;NA;NA;NA;NA
2021-08-06;0-60;12;12,0;12;12;12;12;12;12;12;12;12;12;54;54,0;54;54;54;54;54,0;54;54;54,0;54;54,0;1,000000000000000;1,000000000000000;1,000000000000000;1,000000000000000;1,000000000000000;1,000000000000000;1,000000000000000;1,000000000000000;1,000000000000000;1,000000000000000;1,000000000000000
2021-08-06;60+;4;4,0;4;4;4;4;4;4;4;4;4;4;32;32,0;32;32;32;32;32,0;32;32;32,0;32;32,0;1,000000000000000;1,000000000000000;1,000000000000000;1,000000000000000;1,000000000000000;1,000000000000000;1,000000000000000;1,000000000000000;1,000000000000000;1,000000000000000;1,000000000000000
2021-08-06;alle;16;16,0;16;16;16;16;16;16;16;16;16;16;86;86,0;86;86;86;86;86,0;86;86;86,0;86;86,0;NA;NA;NA;NA;NA;NA;NA;NA;NA;NA;NA
2021-08-05;0-60;7;7,0;7;7;7;7;7;7;7;7;7;7;51;51,0;51;51;51;51;51,0;51;51;51,0;51;51,0;1,000000000000000;1,000000000000000;1,000000000000000;1,000000000000000;1,000000000000000;1,000000000000000;1,000000000000000;1,000000000000000;1,000000000000000;1,000000000000000;1,000000000000000
2021-08-05;60+;5;5,0;5;5;5;5;5;5;5;5;5;5;32;32,0;32;32;32;32;32,0;32;32;32,0;32;32,0;1,000000000000000;1,000000000000000;1,000000000000000;1,000000000000000;1,000000000000000;1,000000000000000;1,000000000000000;1,000000000000000;1,000000000000000;1,000000000000000;1,000000000000000
2021-08-05;alle;12;12,0;12;12;12;12;12;12;12;12;12;12;83;83,0;83;83;83;83;83,0;83;83;83,0;83;83,0;NA;NA;NA;NA;NA;NA;NA;NA;NA;NA;NA
2021-08-04;0-60;7;7,0;7;7;7;7;7;7;7;7;7;7;53;53,0;53;53;53;53;53,0;53;53;53,0;53;53,0;1,000000000000000;1,000000000000000;1,000000000000000;1,000000000000000;1,000000000000000;1,000000000000000;1,000000000000000;1,000000000000000;1,000000000000000;1,000000000000000;1,000000000000000
2021-08-04;60+;8;8,0;8;8;8;8;8;8;8;8;8;8;33;33,0;33;33;33;33;33,0;33;33;33,0;33;33,0;1,000000000000000;1,000000000000000;1,000000000000000;1,000000000000000;1,000000000000000;1,000000000000000;1,000000000000000;1,000000000000000;1,000000000000000;1,000000000000000;1,000000000000000
2021-08-04;alle;15;15,0;15;15;15;15;15;15;15;15;15;15;86;86,0;86;86;86;86;86,0;86;86;86,0;86;86,0;NA;NA;NA;NA;NA;NA;NA;NA;NA;NA;NA
2021-08-03;0-60;7;7,0;7;7;7;7;7;7;7;7;7;7;55;55,0;55;55;55;55;55,0;55;55;55,0;55;55,0;1,000000000000000;1,000000000000000;1,000000000000000;1,000000000000000;1,000000000000000;1,000000000000000;1,000000000000000;1,000000000000000;1,000000000000000;1,000000000000000;1,000000000000000
2021-08-03;60+;2;2,0;2;2;2;2;2;2;2;2;2;2;33;33,0;33;33;33;33;33,0;33;33;33,0;33;33,0;1,000000000000000;1,000000000000000;1,000000000000000;1,000000000000000;1,000000000000000;1,000000000000000;1,000000000000000;1,000000000000000;1,000000000000000;1,000000000000000;1,000000000000000
2021-08-03;alle;9;9,0;9;9;9;9;9;9;9;9;9;9;88;88,0;88;88;88;88;88,0;88;88;88,0;88;88,0;NA;NA;NA;NA;NA;NA;NA;NA;NA;NA;NA
2021-08-02;0-60;2;2,0;2;2;2;2;2;2;2;2;2;2;51;51,0;51;51;51;51;51,0;51;51;51,0;51;51,0;1,000000000000000;1,000000000000000;1,000000000000000;1,000000000000000;1,000000000000000;1,000000000000000;1,000000000000000;1,000000000000000;1,000000000000000;1,000000000000000;1,000000000000000
2021-08-02;60+;6;6,0;6;6;6;6;6;6;6;6;6;6;34;34,0;34;34;34;34;34,0;34;34;34,0;34;34,0;1,000000000000000;1,000000000000000;1,000000000000000;1,000000000000000;1,000000000000000;1,000000000000000;1,000000000000000;1,000000000000000;1,000000000000000;1,000000000000000;1,000000000000000
2021-08-02;alle;8;8,0;8;8;8;8;8;8;8;8;8;8;85;85,0;85;85;85;85;85,0;85;85;85,0;85;85,0;NA;NA;NA;NA;NA;NA;NA;NA;NA;NA;NA
2021-08-01;0-60;7;7,0;7;7;7;7;7;7;7;7;7;7;55;55,0;55;55;55;55;55,0;55;55;55,0;55;55,0;1,000000000000000;1,000000000000000;1,000000000000000;1,000000000000000;1,000000000000000;1,000000000000000;1,000000000000000;1,000000000000000;1,000000000000000;1,000000000000000;1,000000000000000
2021-08-01;60+;2;2,0;2;2;2;2;2;2;2;2;2;2;30;30,0;30;30;30;30;30,0;30;30;30,0;30;30,0;1,000000000000000;1,000000000000000;1,000000000000000;1,000000000000000;1,000000000000000;1,000000000000000;1,000000000000000;1,000000000000000;1,000000000000000;1,000000000000000;1,000000000000000
2021-08-01;alle;9;9,0;9;9;9;9;9;9;9;9;9;9;85;85,0;85;85;85;85;85,0;85;85;85,0;85;85,0;NA;NA;NA;NA;NA;NA;NA;NA;NA;NA;NA
2021-07-31;0-60;12;12,0;12;12;12;12;12;12;12;12;12;12;57;57,0;57;57;57;57;57,0;57;57;57,0;57;57,0;1,000000000000000;1,000000000000000;1,000000000000000;1,000000000000000;1,000000000000000;1,000000000000000;1,000000000000000;1,000000000000000;1,000000000000000;1,000000000000000;1,000000000000000
2021-07-31;60+;5;5,0;5;5;5;5;5;5;5;5;5;5;32;32,0;32;32;32;32;32,0;32;32;32,0;32;32,0;1,000000000000000;1,000000000000000;1,000000000000000;1,000000000000000;1,000000000000000;1,000000000000000;1,000000000000000;1,000000000000000;1,000000000000000;1,000000000000000;1,000000000000000
2021-07-31;alle;17;17,0;17;17;17;17;17;17;17;17;17;17;89;89,0;89;89;89;89;89,0;89;89;89,0;89;89,0;NA;NA;NA;NA;NA;NA;NA;NA;NA;NA;NA
2021-07-30;0-60;9;9,0;9;9;9;9;9;9;9;9;9;9;49;49,0;49;49;49;49;49,0;49;49;49,0;49;49,0;1,000000000000000;1,000000000000000;1,000000000000000;1,000000000000000;1,000000000000000;1,000000000000000;1,000000000000000;1,000000000000000;1,000000000000000;1,000000000000000;1,000000000000000
2021-07-30;60+;4;4,0;4;4;4;4;4;4;4;4;4;4;32;32,0;32;32;32;32;32,0;32;32;32,0;32;32,0;1,000000000000000;1,000000000000000;1,000000000000000;1,000000000000000;1,000000000000000;1,000000000000000;1,000000000000000;1,000000000000000;1,000000000000000;1,000000000000000;1,000000000000000
2021-07-30;alle;13;13,0;13;13;13;13;13;13;13;13;13;13;81;81,0;81;81;81;81;81,0;81;81;81,0;81;81,0;NA;NA;NA;NA;NA;NA;NA;NA;NA;NA;NA
2021-07-29;0-60;9;9,0;9;9;9;9;9;9;9;9;9;9;47;47,0;47;47;47;47;47,0;47;47;47,0;47;47,0;1,000000000000000;1,000000000000000;1,000000000000000;1,000000000000000;1,000000000000000;1,000000000000000;1,000000000000000;1,000000000000000;1,000000000000000;1,000000000000000;1,000000000000000
2021-07-29;60+;6;6,0;6;6;6;6;6;6;6;6;6;6;29;29,0;29;29;29;29;29,0;29;29;29,0;29;29,0;1,000000000000000;1,000000000000000;1,000000000000000;1,000000000000000;1,000000000000000;1,000000000000000;1,000000000000000;1,000000000000000;1,000000000000000;1,000000000000000;1,000000000000000
2021-07-29;alle;15;15,0;15;15;15;15;15;15;15;15;15;15;76;76,0;76;76;76;76;76,0;76;76;76,0;76;76,0;NA;NA;NA;NA;NA;NA;NA;NA;NA;NA;NA
2021-07-28;0-60;9;9,0;9;9;9;9;9;9;9;9;9;9;43;43,0;43;43;43;43;43,0;43;43;43,0;43;43,0;1,000000000000000;1,000000000000000;1,000000000000000;1,000000000000000;1,000000000000000;1,000000000000000;1,000000000000000;1,000000000000000;1,000000000000000;1,000000000000000;1,000000000000000
2021-07-28;60+;8;8,0;8;8;8;8;8;8;8;8;8;8;27;27,0;27;27;27;27;27,0;27;27;27,0;27;27,0;1,000000000000000;1,000000000000000;1,000000000000000;1,000000000000000;1,000000000000000;1,000000000000000;1,000000000000000;1,000000000000000;1,000000000000000;1,000000000000000;1,000000000000000
2021-07-28;alle;17;17,0;17;17;17;17;17;17;17;17;17;17;70;70,0;70;70;70;70;70,0;70;70;70,0;70;70,0;NA;NA;NA;NA;NA;NA;NA;NA;NA;NA;NA
2021-07-27;0-60;3;3,0;3;3;3;3;3;3;3;3;3;3;42;42,0;42;42;42;42;42,0;42;42;42,0;42;42,0;1,000000000000000;1,000000000000000;1,000000000000000;1,000000000000000;1,000000000000000;1,000000000000000;1,000000000000000;1,000000000000000;1,000000000000000;1,000000000000000;1,000000000000000
2021-07-27;60+;3;3,0;3;3;3;3;3;3;3;3;3;3;24;24,0;24;24;24;24;24,0;24;24;24,0;24;24,0;1,000000000000000;1,000000000000000;1,000000000000000;1,000000000000000;1,000000000000000;1,000000000000000;1,000000000000000;1,000000000000000;1,000000000000000;1,000000000000000;1,000000000000000
2021-07-27;alle;6;6,0;6;6;6;6;6;6;6;6;6;6;66;66,0;66;66;66;66;66,0;66;66;66,0;66;66,0;NA;NA;NA;NA;NA;NA;NA;NA;NA;NA;NA
2021-07-26;0-60;6;6,0;6;6;6;6;6;6;6;6;6;6;43;43,0;43;43;43;43;43,0;43;43;43,0;43;43,0;1,000000000000000;1,000000000000000;1,000000000000000;1,000000000000000;1,000000000000000;1,000000000000000;1,000000000000000;1,000000000000000;1,000000000000000;1,000000000000000;1,000000000000000
2021-07-26;60+;2;2,0;2;2;2;2;2;2;2;2;2;2;26;26,0;26;26;26;26;26,0;26;26;26,0;26;26,0;1,000000000000000;1,000000000000000;1,000000000000000;1,000000000000000;1,000000000000000;1,000000000000000;1,000000000000000;1,000000000000000;1,000000000000000;1,000000000000000;1,000000000000000
2021-07-26;alle;8;8,0;8;8;8;8;8;8;8;8;8;8;69;69,0;69;69;69;69;69,0;69;69;69,0;69;69,0;NA;NA;NA;NA;NA;NA;NA;NA;NA;NA;NA
2021-07-25;0-60;9;9,0;9;9;9;9;9;9;9;9;9;9;39;39,0;39;39;39;39;39,0;39;39;39,0;39;39,0;1,000000000000000;1,000000000000000;1,000000000000000;1,000000000000000;1,000000000000000;1,000000000000000;1,000000000000000;1,000000000000000;1,000000000000000;1,000000000000000;1,000000000000000
2021-07-25;60+;4;4,0;4;4;4;4;4;4;4;4;4;4;25;25,0;25;25;25;25;25,0;25;25;25,0;25;25,0;1,000000000000000;1,000000000000000;1,000000000000000;1,000000000000000;1,000000000000000;1,000000000000000;1,000000000000000;1,000000000000000;1,000000000000000;1,000000000000000;1,000000000000000
2021-07-25;alle;13;13,0;13;13;13;13;13;13;13;13;13;13;64;64,0;64;64;64;64;64,0;64;64;64,0;64;64,0;NA;NA;NA;NA;NA;NA;NA;NA;NA;NA;NA
2021-07-24;0-60;4;4,0;4;4;4;4;4;4;4;4;4;4;34;34,0;34;34;34;34;34,0;34;34;34,0;34;34,0;1,000000000000000;1,000000000000000;1,000000000000000;1,000000000000000;1,000000000000000;1,000000000000000;1,000000000000000;1,000000000000000;1,000000000000000;1,000000000000000;1,000000000000000
2021-07-24;60+;5;5,0;5;5;5;5;5;5;5;5;5;5;24;24,0;24;24;24;24;24,0;24;24;24,0;24;24,0;1,000000000000000;1,000000000000000;1,000000000000000;1,000000000000000;1,000000000000000;1,000000000000000;1,000000000000000;1,000000000000000;1,000000000000000;1,000000000000000;1,000000000000000
2021-07-24;alle;9;9,0;9;9;9;9;9;9;9;9;9;9;58;58,0;58;58;58;58;58,0;58;58;58,0;58;58,0;NA;NA;NA;NA;NA;NA;NA;NA;NA;NA;NA
2021-07-23;0-60;7;7,0;7;7;7;7;7;7;7;7;7;7;36;36,0;36;36;36;36;36,0;36;36;36,0;36;36,0;1,000000000000000;1,000000000000000;1,000000000000000;1,000000000000000;1,000000000000000;1,000000000000000;1,000000000000000;1,000000000000000;1,000000000000000;1,000000000000000;1,000000000000000
2021-07-23;60+;1;1,0;1;1;1;1;1;1;1;1;1;1;20;20,0;20;20;20;20;20,0;20;20;20,0;20;20,0;1,000000000000000;1,000000000000000;1,000000000000000;1,000000000000000;1,000000000000000;1,000000000000000;1,000000000000000;1,000000000000000;1,000000000000000;1,000000000000000;1,000000000000000
2021-07-23;alle;8;8,0;8;8;8;8;8;8;8;8;8;8;56;56,0;56;56;56;56;56,0;56;56;56,0;56;56,0;NA;NA;NA;NA;NA;NA;NA;NA;NA;NA;NA
2021-07-22;0-60;5;5,0;5;5;5;5;5;5;5;5;5;5;34;34,0;34;34;34;34;34,0;34;34;34,0;34;34,0;1,000000000000000;1,000000000000000;1,000000000000000;1,000000000000000;1,000000000000000;1,000000000000000;1,000000000000000;1,000000000000000;1,000000000000000;1,000000000000000;1,000000000000000
2021-07-22;60+;4;4,0;4;4;4;4;4;4;4;4;4;4;20;20,0;20;20;20;20;20,0;20;20;20,0;20;20,0;1,000000000000000;1,000000000000000;1,000000000000000;1,000000000000000;1,000000000000000;1,000000000000000;1,000000000000000;1,000000000000000;1,000000000000000;1,000000000000000;1,000000000000000
2021-07-22;alle;9;9,0;9;9;9;9;9;9;9;9;9;9;54;54,0;54;54;54;54;54,0;54;54;54,0;54;54,0;NA;NA;NA;NA;NA;NA;NA;NA;NA;NA;NA
2021-07-21;0-60;8;8,0;8;8;8;8;8;8;8;8;8;8;34;34,0;34;34;34;34;34,0;34;34;34,0;34;34,0;1,000000000000000;1,000000000000000;1,000000000000000;1,000000000000000;1,000000000000000;1,000000000000000;1,000000000000000;1,000000000000000;1,000000000000000;1,000000000000000;1,000000000000000
2021-07-21;60+;5;5,0;5;5;5;5;5;5;5;5;5;5;18;18,0;18;18;18;18;18,0;18;18;18,0;18;18,0;1,000000000000000;1,000000000000000;1,000000000000000;1,000000000000000;1,000000000000000;1,000000000000000;1,000000000000000;1,000000000000000;1,000000000000000;1,000000000000000;1,000000000000000
2021-07-21;alle;13;13,0;13;13;13;13;13;13;13;13;13;13;52;52,0;52;52;52;52;52,0;52;52;52,0;52;52,0;NA;NA;NA;NA;NA;NA;NA;NA;NA;NA;NA
2021-07-20;0-60;4;4,0;4;4;4;4;4;4;4;4;4;4;28;28,0;28;28;28;28;28,0;28;28;28,0;28;28,0;1,000000000000000;1,000000000000000;1,000000000000000;1,000000000000000;1,000000000000000;1,000000000000000;1,000000000000000;1,000000000000000;1,000000000000000;1,000000000000000;1,000000000000000
2021-07-20;60+;5;5,0;5;5;5;5;5;5;5;5;5;5;14;14,0;14;14;14;14;14,0;14;14;14,0;14;14,0;1,000000000000000;1,000000000000000;1,000000000000000;1,000000000000000;1,000000000000000;1,000000000000000;1,000000000000000;1,000000000000000;1,000000000000000;1,000000000000000;1,000000000000000
2021-07-20;alle;9;9,0;9;9;9;9;9;9;9;9;9;9;42;42,0;42;42;42;42;42,0;42;42;42,0;42;42,0;NA;NA;NA;NA;NA;NA;NA;NA;NA;NA;NA
2021-07-19;0-60;2;2,0;2;2;2;2;2;2;2;2;2;2;28;28,0;28;28;28;28;28,0;28;28;28,0;28;28,0;1,000000000000000;1,000000000000000;1,000000000000000;1,000000000000000;1,000000000000000;1,000000000000000;1,000000000000000;1,000000000000000;1,000000000000000;1,000000000000000;1,000000000000000
2021-07-19;60+;1;1,0;1;1;1;1;1;1;1;1;1;1;13;13,0;13;13;13;13;13,0;13;13;13,0;13;13,0;1,000000000000000;1,000000000000000;1,000000000000000;1,000000000000000;1,000000000000000;1,000000000000000;1,000000000000000;1,000000000000000;1,000000000000000;1,000000000000000;1,000000000000000
2021-07-19;alle;3;3,0;3;3;3;3;3;3;3;3;3;3;41;41,0;41;41;41;41;41,0;41;41;41,0;41;41,0;NA;NA;NA;NA;NA;NA;NA;NA;NA;NA;NA
2021-07-18;0-60;4;4,0;4;4;4;4;4;4;4;4;4;4;27;27,0;27;27;27;27;27,0;27;27;27,0;27;27,0;1,000000000000000;1,000000000000000;1,000000000000000;1,000000000000000;1,000000000000000;1,000000000000000;1,000000000000000;1,000000000000000;1,000000000000000;1,000000000000000;1,000000000000000
2021-07-18;60+;3;3,0;3;3;3;3;3;3;3;3;3;3;13;13,0;13;13;13;13;13,0;13;13;13,0;13;13,0;1,000000000000000;1,000000000000000;1,000000000000000;1,000000000000000;1,000000000000000;1,000000000000000;1,000000000000000;1,000000000000000;1,000000000000000;1,000000000000000;1,000000000000000
2021-07-18;alle;7;7,0;7;7;7;7;7;7;7;7;7;7;40;40,0;40;40;40;40;40,0;40;40;40,0;40;40,0;NA;NA;NA;NA;NA;NA;NA;NA;NA;NA;NA
2021-07-17;0-60;6;6,0;6;6;6;6;6;6;6;6;6;6;28;28,0;28;28;28;28;28,0;28;28;28,0;28;28,0;1,000000000000000;1,000000000000000;1,000000000000000;1,000000000000000;1,000000000000000;1,000000000000000;1,000000000000000;1,000000000000000;1,000000000000000;1,000000000000000;1,000000000000000
2021-07-17;60+;1;1,0;1;1;1;1;1;1;1;1;1;1;17;17,0;17;17;17;17;17,0;17;17;17,0;17;17,0;1,000000000000000;1,000000000000000;1,000000000000000;1,000000000000000;1,000000000000000;1,000000000000000;1,000000000000000;1,000000000000000;1,000000000000000;1,000000000000000;1,000000000000000
2021-07-17;alle;7;7,0;7;7;7;7;7;7;7;7;7;7;45;45,0;45;45;45;45;45,0;45;45;45,0;45;45,0;NA;NA;NA;NA;NA;NA;NA;NA;NA;NA;NA
2021-07-16;0-60;5;5,0;5;5;5;5;5;5;5;5;5;5;24;24,0;24;24;24;24;24,0;24;24;24,0;24;24,0;1,000000000000000;1,000000000000000;1,000000000000000;1,000000000000000;1,000000000000000;1,000000000000000;1,000000000000000;1,000000000000000;1,000000000000000;1,000000000000000;1,000000000000000
2021-07-16;60+;1;1,0;1;1;1;1;1;1;1;1;1;1;18;18,0;18;18;18;18;18,0;18;18;18,0;18;18,0;1,000000000000000;1,000000000000000;1,000000000000000;1,000000000000000;1,000000000000000;1,000000000000000;1,000000000000000;1,000000000000000;1,000000000000000;1,000000000000000;1,000000000000000
2021-07-16;alle;6;6,0;6;6;6;6;6;6;6;6;6;6;42;42,0;42;42;42;42;42,0;42;42;42,0;42;42,0;NA;NA;NA;NA;NA;NA;NA;NA;NA;NA;NA
2021-07-15;0-60;5;5,0;5;5;5;5;5;5;5;5;5;5;22;22,0;22;22;22;22;22,0;22;22;22,0;22;22,0;1,000000000000000;1,000000000000000;1,000000000000000;1,000000000000000;1,000000000000000;1,000000000000000;1,000000000000000;1,000000000000000;1,000000000000000;1,000000000000000;1,000000000000000
2021-07-15;60+;2;2,0;2;2;2;2;2;2;2;2;2;2;23;23,0;23;23;23;23;23,0;23;23;23,0;23;23,0;1,000000000000000;1,000000000000000;1,000000000000000;1,000000000000000;1,000000000000000;1,000000000000000;1,000000000000000;1,000000000000000;1,000000000000000;1,000000000000000;1,000000000000000
2021-07-15;alle;7;7,0;7;7;7;7;7;7;7;7;7;7;45;45,0;45;45;45;45;45,0;45;45;45,0;45;45,0;NA;NA;NA;NA;NA;NA;NA;NA;NA;NA;NA
2021-07-14;0-60;2;2,0;2;2;2;2;2;2;2;2;2;2;21;21,0;21;21;21;21;21,0;21;21;21,0;21;21,0;1,000000000000000;1,000000000000000;1,000000000000000;1,000000000000000;1,000000000000000;1,000000000000000;1,000000000000000;1,000000000000000;1,000000000000000;1,000000000000000;1,000000000000000
2021-07-14;60+;1;1,0;1;1;1;1;1;1;1;1;1;1;26;26,0;26;26;26;26;26,0;26;26;26,0;26;26,0;1,000000000000000;1,000000000000000;1,000000000000000;1,000000000000000;1,000000000000000;1,000000000000000;1,000000000000000;1,000000000000000;1,000000000000000;1,000000000000000;1,000000000000000
2021-07-14;alle;3;3,0;3;3;3;3;3;3;3;3;3;3;47;47,0;47;47;47;47;47,0;47;47;47,0;47;47,0;NA;NA;NA;NA;NA;NA;NA;NA;NA;NA;NA
2021-07-13;0-60;4;4,0;4;4;4;4;4;4;4;4;4;4;24;24,0;24;24;24;24;24,0;24;24;24,0;24;24,0;1,000000000000000;1,000000000000000;1,000000000000000;1,000000000000000;1,000000000000000;1,000000000000000;1,000000000000000;1,000000000000000;1,000000000000000;1,000000000000000;1,000000000000000
2021-07-13;60+;4;4,0;4;4;4;4;4;4;4;4;4;4;32;32,0;32;32;32;32;32,0;32;32;32,0;32;32,0;1,000000000000000;1,000000000000000;1,000000000000000;1,000000000000000;1,000000000000000;1,000000000000000;1,000000000000000;1,000000000000000;1,000000000000000;1,000000000000000;1,000000000000000
2021-07-13;alle;8;8,0;8;8;8;8;8;8;8;8;8;8;56;56,0;56;56;56;56;56,0;56;56;56,0;56;56,0;NA;NA;NA;NA;NA;NA;NA;NA;NA;NA;NA
2021-07-12;0-60;1;1,0;1;1;1;1;1;1;1;1;1;1;28;28,0;28;28;28;28;28,0;28;28;28,0;28;28,0;1,000000000000000;1,000000000000000;1,000000000000000;1,000000000000000;1,000000000000000;1,000000000000000;1,000000000000000;1,000000000000000;1,000000000000000;1,000000000000000;1,000000000000000
2021-07-12;60+;1;1,0;1;1;1;1;1;1;1;1;1;1;29;29,0;29;29;29;29;29,0;29;29;29,0;29;29,0;1,000000000000000;1,000000000000000;1,000000000000000;1,000000000000000;1,000000000000000;1,000000000000000;1,000000000000000;1,000000000000000;1,000000000000000;1,000000000000000;1,000000000000000
2021-07-12;alle;2;2,0;2;2;2;2;2;2;2;2;2;2;57;57,0;57;57;57;57;57,0;57;57;57,0;57;57,0;NA;NA;NA;NA;NA;NA;NA;NA;NA;NA;NA
2021-07-11;0-60;5;5,0;5;5;5;5;5;5;5;5;5;5;27;27,0;27;27;27;27;27,0;27;27;27,0;27;27,0;1,000000000000000;1,000000000000000;1,000000000000000;1,000000000000000;1,000000000000000;1,000000000000000;1,000000000000000;1,000000000000000;1,000000000000000;1,000000000000000;1,000000000000000
2021-07-11;60+;7;7,0;7;7;7;7;7;7;7;7;7;7;29;29,0;29;29;29;29;29,0;29;29;29,0;29;29,0;1,000000000000000;1,000000000000000;1,000000000000000;1,000000000000000;1,000000000000000;1,000000000000000;1,000000000000000;1,000000000000000;1,000000000000000;1,000000000000000;1,000000000000000
2021-07-11;alle;12;12,0;12;12;12;12;12;12;12;12;12;12;56;56,0;56;56;56;56;56,0;56;56;56,0;56;56,0;NA;NA;NA;NA;NA;NA;NA;NA;NA;NA;NA
2021-07-10;0-60;2;2,0;2;2;2;2;2;2;2;2;2;2;26;26,0;26;26;26;26;26,0;26;26;26,0;26;26,0;1,000000000000000;1,000000000000000;1,000000000000000;1,000000000000000;1,000000000000000;1,000000000000000;1,000000000000000;1,000000000000000;1,000000000000000;1,000000000000000;1,000000000000000
2021-07-10;60+;2;2,0;2;2;2;2;2;2;2;2;2;2;24;24,0;24;24;24;24;24,0;24;24;24,0;24;24,0;1,000000000000000;1,000000000000000;1,000000000000000;1,000000000000000;1,000000000000000;1,000000000000000;1,000000000000000;1,000000000000000;1,000000000000000;1,000000000000000;1,000000000000000
2021-07-10;alle;4;4,0;4;4;4;4;4;4;4;4;4;4;50;50,0;50;50;50;50;50,0;50;50;50,0;50;50,0;NA;NA;NA;NA;NA;NA;NA;NA;NA;NA;NA
2021-07-09;0-60;3;3,0;3;3;3;3;3;3;3;3;3;3;29;29,0;29;29;29;29;29,0;29;29;29,0;29;29,0;1,000000000000000;1,000000000000000;1,000000000000000;1,000000000000000;1,000000000000000;1,000000000000000;1,000000000000000;1,000000000000000;1,000000000000000;1,000000000000000;1,000000000000000
2021-07-09;60+;6;6,0;6;6;6;6;6;6;6;6;6;6;24;24,0;24;24;24;24;24,0;24;24;24,0;24;24,0;1,000000000000000;1,000000000000000;1,000000000000000;1,000000000000000;1,000000000000000;1,000000000000000;1,000000000000000;1,000000000000000;1,000000000000000;1,000000000000000;1,000000000000000
2021-07-09;alle;9;9,0;9;9;9;9;9;9;9;9;9;9;53;53,0;53;53;53;53;53,0;53;53;53,0;53;53,0;NA;NA;NA;NA;NA;NA;NA;NA;NA;NA;NA
2021-07-08;0-60;4;4,0;4;4;4;4;4;4;4;4;4;4;32;32,0;32;32;32;32;32,0;32;32;32,0;32;32,0;1,000000000000000;1,000000000000000;1,000000000000000;1,000000000000000;1,000000000000000;1,000000000000000;1,000000000000000;1,000000000000000;1,000000000000000;1,000000000000000;1,000000000000000
2021-07-08;60+;5;5,0;5;5;5;5;5;5;5;5;5;5;21;21,0;21;21;21;21;21,0;21;21;21,0;21;21,0;1,000000000000000;1,000000000000000;1,000000000000000;1,000000000000000;1,000000000000000;1,000000000000000;1,000000000000000;1,000000000000000;1,000000000000000;1,000000000000000;1,000000000000000
2021-07-08;alle;9;9,0;9;9;9;9;9;9;9;9;9;9;53;53,0;53;53;53;53;53,0;53;53;53,0;53;53,0;NA;NA;NA;NA;NA;NA;NA;NA;NA;NA;NA
2021-07-07;0-60;5;5,0;5;5;5;5;5;5;5;5;5;5;31;31,0;31;31;31;31;31,0;31;31;31,0;31;31,0;1,000000000000000;1,000000000000000;1,000000000000000;1,000000000000000;1,000000000000000;1,000000000000000;1,000000000000000;1,000000000000000;1,000000000000000;1,000000000000000;1,000000000000000
2021-07-07;60+;7;7,0;7;7;7;7;7;7;7;7;7;7;20;20,0;20;20;20;20;20,0;20;20;20,0;20;20,0;1,000000000000000;1,000000000000000;1,000000000000000;1,000000000000000;1,000000000000000;1,000000000000000;1,000000000000000;1,000000000000000;1,000000000000000;1,000000000000000;1,000000000000000
2021-07-07;alle;12;12,0;12;12;12;12;12;12;12;12;12;12;51;51,0;51;51;51;51;51,0;51;51;51,0;51;51,0;NA;NA;NA;NA;NA;NA;NA;NA;NA;NA;NA
2021-07-06;0-60;8;8,0;8;8;8;8;8;8;8;8;8;8;28;28,0;28;28;28;28;28,0;28;28;28,0;28;28,0;1,000000000000000;1,000000000000000;1,000000000000000;1,000000000000000;1,000000000000000;1,000000000000000;1,000000000000000;1,000000000000000;1,000000000000000;1,000000000000000;1,000000000000000
2021-07-06;60+;1;1,0;1;1;1;1;1;1;1;1;1;1;17;17,0;17;17;17;17;17,0;17;17;17,0;17;17,0;1,000000000000000;1,000000000000000;1,000000000000000;1,000000000000000;1,000000000000000;1,000000000000000;1,000000000000000;1,000000000000000;1,000000000000000;1,000000000000000;1,000000000000000
2021-07-06;alle;9;9,0;9;9;9;9;9;9;9;9;9;9;45;45,0;45;45;45;45;45,0;45;45;45,0;45;45,0;NA;NA;NA;NA;NA;NA;NA;NA;NA;NA;NA
2021-07-05;0-60;0;0,0;0;0;0;0;0;0;0;0;0;0;23;23,0;23;23;23;23;23,0;23;23;23,0;23;23,0;1,000000000000000;1,000000000000000;1,000000000000000;1,000000000000000;1,000000000000000;1,000000000000000;1,000000000000000;1,000000000000000;1,000000000000000;1,000000000000000;1,000000000000000
2021-07-05;60+;1;1,0;1;1;1;1;1;1;1;1;1;1;21;21,0;21;21;21;21;21,0;21;21;21,0;21;21,0;1,000000000000000;1,000000000000000;1,000000000000000;1,000000000000000;1,000000000000000;1,000000000000000;1,000000000000000;1,000000000000000;1,000000000000000;1,000000000000000;1,000000000000000
2021-07-05;alle;1;1,0;1;1;1;1;1;1;1;1;1;1;44;44,0;44;44;44;44;44,0;44;44;44,0;44;44,0;NA;NA;NA;NA;NA;NA;NA;NA;NA;NA;NA
2021-07-04;0-60;4;4,0;4;4;4;4;4;4;4;4;4;4;27;27,0;27;27;27;27;27,0;27;27;27,0;27;27,0;1,000000000000000;1,000000000000000;1,000000000000000;1,000000000000000;1,000000000000000;1,000000000000000;1,000000000000000;1,000000000000000;1,000000000000000;1,000000000000000;1,000000000000000
2021-07-04;60+;2;2,0;2;2;2;2;2;2;2;2;2;2;20;20,0;20;20;20;20;20,0;20;20;20,0;20;20,0;1,000000000000000;1,000000000000000;1,000000000000000;1,000000000000000;1,000000000000000;1,000000000000000;1,000000000000000;1,000000000000000;1,000000000000000;1,000000000000000;1,000000000000000
2021-07-04;alle;6;6,0;6;6;6;6;6;6;6;6;6;6;47;47,0;47;47;47;47;47,0;47;47;47,0;47;47,0;NA;NA;NA;NA;NA;NA;NA;NA;NA;NA;NA
2021-07-03;0-60;5;5,0;5;5;5;5;5;5;5;5;5;5;26;26,0;26;26;26;26;26,0;26;26;26,0;26;26,0;1,000000000000000;1,000000000000000;1,000000000000000;1,000000000000000;1,000000000000000;1,000000000000000;1,000000000000000;1,000000000000000;1,000000000000000;1,000000000000000;1,000000000000000
2021-07-03;60+;2;2,0;2;2;2;2;2;2;2;2;2;2;20;20,0;20;20;20;20;20,0;20;20;20,0;20;20,0;1,000000000000000;1,000000000000000;1,000000000000000;1,000000000000000;1,000000000000000;1,000000000000000;1,000000000000000;1,000000000000000;1,000000000000000;1,000000000000000;1,000000000000000
2021-07-03;alle;7;7,0;7;7;7;7;7;7;7;7;7;7;46;46,0;46;46;46;46;46,0;46;46;46,0;46;46,0;NA;NA;NA;NA;NA;NA;NA;NA;NA;NA;NA
2021-07-02;0-60;6;6,0;6;6;6;6;6;6;6;6;6;6;25;25,0;25;25;25;25;25,0;25;25;25,0;25;25,0;1,000000000000000;1,000000000000000;1,000000000000000;1,000000000000000;1,000000000000000;1,000000000000000;1,000000000000000;1,000000000000000;1,000000000000000;1,000000000000000;1,000000000000000
2021-07-02;60+;3;3,0;3;3;3;3;3;3;3;3;3;3;19;19,0;19;19;19;19;19,0;19;19;19,0;19;19,0;1,000000000000000;1,000000000000000;1,000000000000000;1,000000000000000;1,000000000000000;1,000000000000000;1,000000000000000;1,000000000000000;1,000000000000000;1,000000000000000;1,000000000000000
2021-07-02;alle;9;9,0;9;9;9;9;9;9;9;9;9;9;44;44,0;44;44;44;44;44,0;44;44;44,0;44;44,0;NA;NA;NA;NA;NA;NA;NA;NA;NA;NA;NA
2021-07-01;0-60;3;3,0;3;3;3;3;3;3;3;3;3;3;25;25,0;25;25;25;25;25,0;25;25;25,0;25;25,0;1,000000000000000;1,000000000000000;1,000000000000000;1,000000000000000;1,000000000000000;1,000000000000000;1,000000000000000;1,000000000000000;1,000000000000000;1,000000000000000;1,000000000000000
2021-07-01;60+;4;4,0;4;4;4;4;4;4;4;4;4;4;17;17,0;17;17;17;17;17,0;17;17;17,0;17;17,0;1,000000000000000;1,000000000000000;1,000000000000000;1,000000000000000;1,000000000000000;1,000000000000000;1,000000000000000;1,000000000000000;1,000000000000000;1,000000000000000;1,000000000000000
2021-07-01;alle;7;7,0;7;7;7;7;7;7;7;7;7;7;42;42,0;42;42;42;42;42,0;42;42;42,0;42;42,0;NA;NA;NA;NA;NA;NA;NA;NA;NA;NA;NA
2021-06-30;0-60;2;2,0;2;2;2;2;2;2;2;2;2;2;29;29,0;29;29;29;29;29,0;29;29;29,0;29;29,0;1,000000000000000;1,000000000000000;1,000000000000000;1,000000000000000;1,000000000000000;1,000000000000000;1,000000000000000;1,000000000000000;1,000000000000000;1,000000000000000;1,000000000000000
2021-06-30;60+;4;4,0;4;4;4;4;4;4;4;4;4;4;13;13,0;13;13;13;13;13,0;13;13;13,0;13;13,0;1,000000000000000;1,000000000000000;1,000000000000000;1,000000000000000;1,000000000000000;1,000000000000000;1,000000000000000;1,000000000000000;1,000000000000000;1,000000000000000;1,000000000000000
2021-06-30;alle;6;6,0;6;6;6;6;6;6;6;6;6;6;42;42,0;42;42;42;42;42,0;42;42;42,0;42;42,0;NA;NA;NA;NA;NA;NA;NA;NA;NA;NA;NA
2021-06-29;0-60;3;3,0;3;3;3;3;3;3;3;3;3;3;33;33,0;33;33;33;33;33,0;33;33;33,0;33;33,0;1,000000000000000;1,000000000000000;1,000000000000000;1,000000000000000;1,000000000000000;1,000000000000000;1,000000000000000;1,000000000000000;1,000000000000000;1,000000000000000;1,000000000000000
2021-06-29;60+;5;5,0;5;5;5;5;5;5;5;5;5;5;11;11,0;11;11;11;11;11,0;11;11;11,0;11;11,0;1,000000000000000;1,000000000000000;1,000000000000000;1,000000000000000;1,000000000000000;1,000000000000000;1,000000000000000;1,000000000000000;1,000000000000000;1,000000000000000;1,000000000000000
2021-06-29;alle;8;8,0;8;8;8;8;8;8;8;8;8;8;44;44,0;44;44;44;44;44,0;44;44;44,0;44;44,0;NA;NA;NA;NA;NA;NA;NA;NA;NA;NA;NA
2021-06-28;0-60;4;4,0;4;4;4;4;4;4;4;4;4;4;38;38,0;38;38;38;38;38,0;38;38;38,0;38;38,0;1,000000000000000;1,000000000000000;1,000000000000000;1,000000000000000;1,000000000000000;1,000000000000000;1,000000000000000;1,000000000000000;1,000000000000000;1,000000000000000;1,000000000000000
2021-06-28;60+;0;0,0;0;0;0;0;0;0;0;0;0;0;7;7,0;7;7;7;7;7,0;7;7;7,0;7;7,0;1,000000000000000;1,000000000000000;1,000000000000000;1,000000000000000;1,000000000000000;1,000000000000000;1,000000000000000;1,000000000000000;1,000000000000000;1,000000000000000;1,000000000000000
2021-06-28;alle;4;4,0;4;4;4;4;4;4;4;4;4;4;45;45,0;45;45;45;45;45,0;45;45;45,0;45;45,0;NA;NA;NA;NA;NA;NA;NA;NA;NA;NA;NA
2021-06-27;0-60;3;3,0;3;3;3;3;3;3;3;3;3;3;36;36,0;36;36;36;36;36,0;36;36;36,0;36;36,0;1,000000000000000;1,000000000000000;1,000000000000000;1,000000000000000;1,000000000000000;1,000000000000000;1,000000000000000;1,000000000000000;1,000000000000000;1,000000000000000;1,000000000000000
2021-06-27;60+;2;2,0;2;2;2;2;2;2;2;2;2;2;8;8,0;8;8;8;8;8,0;8;8;8,0;8;8,0;1,000000000000000;1,000000000000000;1,000000000000000;1,000000000000000;1,000000000000000;1,000000000000000;1,000000000000000;1,000000000000000;1,000000000000000;1,000000000000000;1,000000000000000
2021-06-27;alle;5;5,0;5;5;5;5;5;5;5;5;5;5;44;44,0;44;44;44;44;44,0;44;44;44,0;44;44,0;NA;NA;NA;NA;NA;NA;NA;NA;NA;NA;NA
2021-06-26;0-60;4;4,0;4;4;4;4;4;4;4;4;4;4;39;39,0;39;39;39;39;39,0;39;39;39,0;39;39,0;1,000000000000000;1,000000000000000;1,000000000000000;1,000000000000000;1,000000000000000;1,000000000000000;1,000000000000000;1,000000000000000;1,000000000000000;1,000000000000000;1,000000000000000
2021-06-26;60+;1;1,0;1;1;1;1;1;1;1;1;1;1;11;11,0;11;11;11;11;11,0;11;11;11,0;11;11,0;1,000000000000000;1,000000000000000;1,000000000000000;1,000000000000000;1,000000000000000;1,000000000000000;1,000000000000000;1,000000000000000;1,000000000000000;1,000000000000000;1,000000000000000
2021-06-26;alle;5;5,0;5;5;5;5;5;5;5;5;5;5;50;50,0;50;50;50;50;50,0;50;50;50,0;50;50,0;NA;NA;NA;NA;NA;NA;NA;NA;NA;NA;NA
2021-06-25;0-60;6;6,0;6;6;6;6;6;6;6;6;6;6;38;38,0;38;38;38;38;38,0;38;38;38,0;38;38,0;1,000000000000000;1,000000000000000;1,000000000000000;1,000000000000000;1,000000000000000;1,000000000000000;1,000000000000000;1,000000000000000;1,000000000000000;1,000000000000000;1,000000000000000
2021-06-25;60+;1;1,0;1;1;1;1;1;1;1;1;1;1;14;14,0;14;14;14;14;14,0;14;14;14,0;14;14,0;1,000000000000000;1,000000000000000;1,000000000000000;1,000000000000000;1,000000000000000;1,000000000000000;1,000000000000000;1,000000000000000;1,000000000000000;1,000000000000000;1,000000000000000
2021-06-25;alle;7;7,0;7;7;7;7;7;7;7;7;7;7;52;52,0;52;52;52;52;52,0;52;52;52,0;52;52,0;NA;NA;NA;NA;NA;NA;NA;NA;NA;NA;NA
2021-06-24;0-60;7;7,0;7;7;7;7;7;7;7;7;7;7;42;42,0;42;42;42;42;42,0;42;42;42,0;42;42,0;1,000000000000000;1,000000000000000;1,000000000000000;1,000000000000000;1,000000000000000;1,000000000000000;1,000000000000000;1,000000000000000;1,000000000000000;1,000000000000000;1,000000000000000
2021-06-24;60+;0;0,0;0;0;0;0;0;0;0;0;0;0;15;15,0;15;15;15;15;15,0;15;15;15,0;15;15,0;1,000000000000000;1,000000000000000;1,000000000000000;1,000000000000000;1,000000000000000;1,000000000000000;1,000000000000000;1,000000000000000;1,000000000000000;1,000000000000000;1,000000000000000
2021-06-24;alle;7;7,0;7;7;7;7;7;7;7;7;7;7;57;57,0;57;57;57;57;57,0;57;57;57,0;57;57,0;NA;NA;NA;NA;NA;NA;NA;NA;NA;NA;NA
2021-06-23;0-60;6;6,0;6;6;6;6;6;6;6;6;6;6;42;42,0;42;42;42;42;42,0;42;42;42,0;42;42,0;1,000000000000000;1,000000000000000;1,000000000000000;1,000000000000000;1,000000000000000;1,000000000000000;1,000000000000000;1,000000000000000;1,000000000000000;1,000000000000000;1,000000000000000
2021-06-23;60+;2;2,0;2;2;2;2;2;2;2;2;2;2;21;21,0;21;21;21;21;21,0;21;21;21,0;21;21,0;1,000000000000000;1,000000000000000;1,000000000000000;1,000000000000000;1,000000000000000;1,000000000000000;1,000000000000000;1,000000000000000;1,000000000000000;1,000000000000000;1,000000000000000
2021-06-23;alle;8;8,0;8;8;8;8;8;8;8;8;8;8;63;63,0;63;63;63;63;63,0;63;63;63,0;63;63,0;NA;NA;NA;NA;NA;NA;NA;NA;NA;NA;NA
2021-06-22;0-60;8;8,0;8;8;8;8;8;8;8;8;8;8;45;45,0;45;45;45;45;45,0;45;45;45,0;45;45,0;1,000000000000000;1,000000000000000;1,000000000000000;1,000000000000000;1,000000000000000;1,000000000000000;1,000000000000000;1,000000000000000;1,000000000000000;1,000000000000000;1,000000000000000
2021-06-22;60+;1;1,0;1;1;1;1;1;1;1;1;1;1;23;23,0;23;23;23;23;23,0;23;23;23,0;23;23,0;1,000000000000000;1,000000000000000;1,000000000000000;1,000000000000000;1,000000000000000;1,000000000000000;1,000000000000000;1,000000000000000;1,000000000000000;1,000000000000000;1,000000000000000
2021-06-22;alle;9;9,0;9;9;9;9;9;9;9;9;9;9;68;68,0;68;68;68;68;68,0;68;68;68,0;68;68,0;NA;NA;NA;NA;NA;NA;NA;NA;NA;NA;NA
2021-06-21;0-60;2;2,0;2;2;2;2;2;2;2;2;2;2;44;44,0;44;44;44;44;44,0;44;44;44,0;44;44,0;1,000000000000000;1,000000000000000;1,000000000000000;1,000000000000000;1,000000000000000;1,000000000000000;1,000000000000000;1,000000000000000;1,000000000000000;1,000000000000000;1,000000000000000
2021-06-21;60+;1;1,0;1;1;1;1;1;1;1;1;1;1;29;29,0;29;29;29;29;29,0;29;29;29,0;29;29,0;1,000000000000000;1,000000000000000;1,000000000000000;1,000000000000000;1,000000000000000;1,000000000000000;1,000000000000000;1,000000000000000;1,000000000000000;1,000000000000000;1,000000000000000
2021-06-21;alle;3;3,0;3;3;3;3;3;3;3;3;3;3;73;73,0;73;73;73;73;73,0;73;73;73,0;73;73,0;NA;NA;NA;NA;NA;NA;NA;NA;NA;NA;NA
2021-06-20;0-60;6;6,0;6;6;6;6;6;6;6;6;6;6;46;46,0;46;46;46;46;46,0;46;46;46,0;46;46,0;1,000000000000000;1,000000000000000;1,000000000000000;1,000000000000000;1,000000000000000;1,000000000000000;1,000000000000000;1,000000000000000;1,000000000000000;1,000000000000000;1,000000000000000
2021-06-20;60+;5;5,0;5;5;5;5;5;5;5;5;5;5;32;32,0;32;32;32;32;32,0;32;32;32,0;32;32,0;1,000000000000000;1,000000000000000;1,000000000000000;1,000000000000000;1,000000000000000;1,000000000000000;1,000000000000000;1,000000000000000;1,000000000000000;1,000000000000000;1,000000000000000
2021-06-20;alle;11;11,0;11;11;11;11;11;11;11;11;11;11;78;78,0;78;78;78;78;78,0;78;78;78,0;78;78,0;NA;NA;NA;NA;NA;NA;NA;NA;NA;NA;NA
2021-06-19;0-60;3;3,0;3;3;3;3;3;3;3;3;3;3;48;48,0;48;48;48;48;48,0;48;48;48,0;48;48,0;1,000000000000000;1,000000000000000;1,000000000000000;1,000000000000000;1,000000000000000;1,000000000000000;1,000000000000000;1,000000000000000;1,000000000000000;1,000000000000000;1,000000000000000
2021-06-19;60+;4;4,0;4;4;4;4;4;4;4;4;4;4;32;32,0;32;32;32;32;32,0;32;32;32,0;32;32,0;1,000000000000000;1,000000000000000;1,000000000000000;1,000000000000000;1,000000000000000;1,000000000000000;1,000000000000000;1,000000000000000;1,000000000000000;1,000000000000000;1,000000000000000
2021-06-19;alle;7;7,0;7;7;7;7;7;7;7;7;7;7;80;80,0;80;80;80;80;80,0;80;80;80,0;80;80,0;NA;NA;NA;NA;NA;NA;NA;NA;NA;NA;NA
2021-06-18;0-60;10;10,0;10;10;10;10;10;10;10;10;10;10;56;56,0;56;56;56;56;56,0;56;56;56,0;56;56,0;1,000000000000000;1,000000000000000;1,000000000000000;1,000000000000000;1,000000000000000;1,000000000000000;1,000000000000000;1,000000000000000;1,000000000000000;1,000000000000000;1,000000000000000
2021-06-18;60+;2;2,0;2;2;2;2;2;2;2;2;2;2;36;36,0;36;36;36;36;36,0;36;36;36,0;36;36,0;1,000000000000000;1,000000000000000;1,000000000000000;1,000000000000000;1,000000000000000;1,000000000000000;1,000000000000000;1,000000000000000;1,000000000000000;1,000000000000000;1,000000000000000
2021-06-18;alle;12;12,0;12;12;12;12;12;12;12;12;12;12;92;92,0;92;92;92;92;92,0;92;92;92,0;92;92,0;NA;NA;NA;NA;NA;NA;NA;NA;NA;NA;NA
2021-06-17;0-60;7;7,0;7;7;7;7;7;7;7;7;7;7;53;53,0;53;53;53;53;53,0;53;53;53,0;53;53,0;1,000000000000000;1,000000000000000;1,000000000000000;1,000000000000000;1,000000000000000;1,000000000000000;1,000000000000000;1,000000000000000;1,000000000000000;1,000000000000000;1,000000000000000
2021-06-17;60+;6;6,0;6;6;6;6;6;6;6;6;6;6;41;41,0;41;41;41;41;41,0;41;41;41,0;41;41,0;1,000000000000000;1,000000000000000;1,000000000000000;1,000000000000000;1,000000000000000;1,000000000000000;1,000000000000000;1,000000000000000;1,000000000000000;1,000000000000000;1,000000000000000
2021-06-17;alle;13;13,0;13;13;13;13;13;13;13;13;13;13;94;94,0;94;94;94;94;94,0;94;94;94,0;94;94,0;NA;NA;NA;NA;NA;NA;NA;NA;NA;NA;NA
2021-06-16;0-60;9;9,0;9;9;9;9;9;9;9;9;9;9;64;64,0;64;64;64;64;64,0;64;64;64,0;64;64,0;1,000000000000000;1,000000000000000;1,000000000000000;1,000000000000000;1,000000000000000;1,000000000000000;1,000000000000000;1,000000000000000;1,000000000000000;1,000000000000000;1,000000000000000
2021-06-16;60+;4;4,0;4;4;4;4;4;4;4;4;4;4;47;47,0;47;47;47;47;47,0;47;47;47,0;47;47,0;1,000000000000000;1,000000000000000;1,000000000000000;1,000000000000000;1,000000000000000;1,000000000000000;1,000000000000000;1,000000000000000;1,000000000000000;1,000000000000000;1,000000000000000
2021-06-16;alle;13;13,0;13;13;13;13;13;13;13;13;13;13;111;111,0;111;111;111;111;111,0;111;111;111,0;111;111,0;NA;NA;NA;NA;NA;NA;NA;NA;NA;NA;NA
2021-06-15;0-60;7;7,0;7;7;7;7;7;7;7;7;7;7;71;71,0;71;71;71;71;71,0;71;71;71,0;71;71,0;1,000000000000000;1,000000000000000;1,000000000000000;1,000000000000000;1,000000000000000;1,000000000000000;1,000000000000000;1,000000000000000;1,000000000000000;1,000000000000000;1,000000000000000
2021-06-15;60+;7;7,0;7;7;7;7;7;7;7;7;7;7;57;57,0;57;57;57;57;57,0;57;57;57,0;57;57,0;1,000000000000000;1,000000000000000;1,000000000000000;1,000000000000000;1,000000000000000;1,000000000000000;1,000000000000000;1,000000000000000;1,000000000000000;1,000000000000000;1,000000000000000
2021-06-15;alle;14;14,0;14;14;14;14;14;14;14;14;14;14;128;128,0;128;128;128;128;128,0;128;128;128,0;128;128,0;NA;NA;NA;NA;NA;NA;NA;NA;NA;NA;NA
2021-06-14;0-60;4;4,0;4;4;4;4;4;4;4;4;4;4;76;76,0;76;76;76;76;76,0;76;76;76,0;76;76,0;1,000000000000000;1,000000000000000;1,000000000000000;1,000000000000000;1,000000000000000;1,000000000000000;1,000000000000000;1,000000000000000;1,000000000000000;1,000000000000000;1,000000000000000
2021-06-14;60+;4;4,0;4;4;4;4;4;4;4;4;4;4;64;64,0;64;64;64;64;64,0;64;64;64,0;64;64,0;1,000000000000000;1,000000000000000;1,000000000000000;1,000000000000000;1,000000000000000;1,000000000000000;1,000000000000000;1,000000000000000;1,000000000000000;1,000000000000000;1,000000000000000
2021-06-14;alle;8;8,0;8;8;8;8;8;8;8;8;8;8;140;140,0;140;140;140;140;140,0;140;140;140,0;140;140,0;NA;NA;NA;NA;NA;NA;NA;NA;NA;NA;NA
2021-06-13;0-60;8;8,0;8;8;8;8;8;8;8;8;8;8;77;77,0;77;77;77;77;77,0;77;77;77,0;77;77,0;1,000000000000000;1,000000000000000;1,000000000000000;1,000000000000000;1,000000000000000;1,000000000000000;1,000000000000000;1,000000000000000;1,000000000000000;1,000000000000000;1,000000000000000
2021-06-13;60+;5;5,0;5;5;5;5;5;5;5;5;5;5;69;69,0;69;69;69;69;69,0;69;69;69,0;69;69,0;1,000000000000000;1,000000000000000;1,000000000000000;1,000000000000000;1,000000000000000;1,000000000000000;1,000000000000000;1,000000000000000;1,000000000000000;1,000000000000000;1,000000000000000
2021-06-13;alle;13;13,0;13;13;13;13;13;13;13;13;13;13;146;146,0;146;146;146;146;146,0;146;146;146,0;146;146,0;NA;NA;NA;NA;NA;NA;NA;NA;NA;NA;NA
2021-06-12;0-60;11;11,0;11;11;11;11;11;11;11;11;11;11;86;86,0;86;86;86;86;86,0;86;86;86,0;86;86,0;1,000000000000000;1,000000000000000;1,000000000000000;1,000000000000000;1,000000000000000;1,000000000000000;1,000000000000000;1,000000000000000;1,000000000000000;1,000000000000000;1,000000000000000
2021-06-12;60+;8;8,0;8;8;8;8;8;8;8;8;8;8;71;71,0;71;71;71;71;71,0;71;71;71,0;71;71,0;1,000000000000000;1,000000000000000;1,000000000000000;1,000000000000000;1,000000000000000;1,000000000000000;1,000000000000000;1,000000000000000;1,000000000000000;1,000000000000000;1,000000000000000
2021-06-12;alle;19;19,0;19;19;19;19;19;19;19;19;19;19;157;157,0;157;157;157;157;157,0;157;157;157,0;157;157,0;NA;NA;NA;NA;NA;NA;NA;NA;NA;NA;NA
2021-06-11;0-60;7;7,0;7;7;7;7;7;7;7;7;7;7;85;85,0;85;85;85;85;85,0;85;85;85,0;85;85,0;1,000000000000000;1,000000000000000;1,000000000000000;1,000000000000000;1,000000000000000;1,000000000000000;1,000000000000000;1,000000000000000;1,000000000000000;1,000000000000000;1,000000000000000
2021-06-11;60+;7;7,0;7;7;7;7;7;7;7;7;7;7;70;70,0;70;70;70;70;70,0;70;70;70,0;70;70,0;1,000000000000000;1,000000000000000;1,000000000000000;1,000000000000000;1,000000000000000;1,000000000000000;1,000000000000000;1,000000000000000;1,000000000000000;1,000000000000000;1,000000000000000
2021-06-11;alle;14;14,0;14;14;14;14;14;14;14;14;14;14;155;155,0;155;155;155;155;155,0;155;155;155,0;155;155,0;NA;NA;NA;NA;NA;NA;NA;NA;NA;NA;NA
2021-06-10;0-60;18;18,0;18;18;18;18;18;18;18;18;18;18;89;89,0;89;89;89;89;89,0;89;89;89,0;89;89,0;1,000000000000000;1,000000000000000;1,000000000000000;1,000000000000000;1,000000000000000;1,000000000000000;1,000000000000000;1,000000000000000;1,000000000000000;1,000000000000000;1,000000000000000
2021-06-10;60+;12;12,0;12;12;12;12;12;12;12;12;12;12;75;75,0;75;75;75;75;75,0;75;75;75,0;75;75,0;1,000000000000000;1,000000000000000;1,000000000000000;1,000000000000000;1,000000000000000;1,000000000000000;1,000000000000000;1,000000000000000;1,000000000000000;1,000000000000000;1,000000000000000
2021-06-10;alle;30;30,0;30;30;30;30;30;30;30;30;30;30;164;164,0;164;164;164;164;164,0;164;164;164,0;164;164,0;NA;NA;NA;NA;NA;NA;NA;NA;NA;NA;NA
2021-06-09;0-60;16;16,0;16;16;16;16;16;16;16;16;16;16;85;85,0;85;85;85;85;85,0;85;85;85,0;85;85,0;1,000000000000000;1,000000000000000;1,000000000000000;1,000000000000000;1,000000000000000;1,000000000000000;1,000000000000000;1,000000000000000;1,000000000000000;1,000000000000000;1,000000000000000
2021-06-09;60+;14;14,0;14;14;14;14;14;14;14;14;14;14;77;77,0;77;77;77;77;77,0;77;77;77,0;77;77,0;1,000000000000000;1,000000000000000;1,000000000000000;1,000000000000000;1,000000000000000;1,000000000000000;1,000000000000000;1,000000000000000;1,000000000000000;1,000000000000000;1,000000000000000
2021-06-09;alle;30;30,0;30;30;30;30;30;30;30;30;30;30;162;162,0;162;162;162;162;162,0;162;162;162,0;162;162,0;NA;NA;NA;NA;NA;NA;NA;NA;NA;NA;NA
2021-06-08;0-60;12;12,0;12;12;12;12;12;12;12;12;12;12;89;89,0;89;89;89;89;89,0;89;89;89,0;89;89,0;1,000000000000000;1,000000000000000;1,000000000000000;1,000000000000000;1,000000000000000;1,000000000000000;1,000000000000000;1,000000000000000;1,000000000000000;1,000000000000000;1,000000000000000
2021-06-08;60+;14;14,0;14;14;14;14;14;14;14;14;14;14;84;84,0;84;84;84;84;84,0;84;84;84,0;84;84,0;1,000000000000000;1,000000000000000;1,000000000000000;1,000000000000000;1,000000000000000;1,000000000000000;1,000000000000000;1,000000000000000;1,000000000000000;1,000000000000000;1,000000000000000
2021-06-08;alle;26;26,0;26;26;26;26;26;26;26;26;26;26;173;173,0;173;173;173;173;173,0;173;173;173,0;173;173,0;NA;NA;NA;NA;NA;NA;NA;NA;NA;NA;NA
2021-06-07;0-60;5;5,0;5;5;5;5;5;5;5;5;5;5;93;93,0;93;93;93;93;93,0;93;93;93,0;93;93,0;1,000000000000000;1,000000000000000;1,000000000000000;1,000000000000000;1,000000000000000;1,000000000000000;1,000000000000000;1,000000000000000;1,000000000000000;1,000000000000000;1,000000000000000
2021-06-07;60+;9;9,0;9;9;9;9;9;9;9;9;9;9;85;85,0;85;85;85;85;85,0;85;85;85,0;85;85,0;1,000000000000000;1,000000000000000;1,000000000000000;1,000000000000000;1,000000000000000;1,000000000000000;1,000000000000000;1,000000000000000;1,000000000000000;1,000000000000000;1,000000000000000
2021-06-07;alle;14;14,0;14;14;14;14;14;14;14;14;14;14;178;178,0;178;178;178;178;178,0;178;178;178,0;178;178,0;NA;NA;NA;NA;NA;NA;NA;NA;NA;NA;NA
2021-06-06;0-60;17;17,0;17;17;17;17;17;17;17;17;17;17;96;96,0;96;96;96;96;96,0;96;96;96,0;96;96,0;1,000000000000000;1,000000000000000;1,000000000000000;1,000000000000000;1,000000000000000;1,000000000000000;1,000000000000000;1,000000000000000;1,000000000000000;1,000000000000000;1,000000000000000
2021-06-06;60+;7;7,0;7;7;7;7;7;7;7;7;7;7;84;84,0;84;84;84;84;84,0;84;84;84,0;84;84,0;1,000000000000000;1,000000000000000;1,000000000000000;1,000000000000000;1,000000000000000;1,000000000000000;1,000000000000000;1,000000000000000;1,000000000000000;1,000000000000000;1,000000000000000
2021-06-06;alle;24;24,0;24;24;24;24;24;24;24;24;24;24;180;180,0;180;180;180;180;180,0;180;180;180,0;180;180,0;NA;NA;NA;NA;NA;NA;NA;NA;NA;NA;NA
2021-06-05;0-60;10;10,0;10;10;10;10;10;10;10;10;10;10;99;99,0;99;99;99;99;99,0;99;99;99,0;99;99,0;1,000000000000000;1,000000000000000;1,000000000000000;1,000000000000000;1,000000000000000;1,000000000000000;1,000000000000000;1,000000000000000;1,000000000000000;1,000000000000000;1,000000000000000
2021-06-05;60+;7;7,0;7;7;7;7;7;7;7;7;7;7;92;92,0;92;92;92;92;92,0;92;92;92,0;92;92,0;1,000000000000000;1,000000000000000;1,000000000000000;1,000000000000000;1,000000000000000;1,000000000000000;1,000000000000000;1,000000000000000;1,000000000000000;1,000000000000000;1,000000000000000
2021-06-05;alle;17;17,0;17;17;17;17;17;17;17;17;17;17;191;191,0;191;191;191;191;191,0;191;191;191,0;191;191,0;NA;NA;NA;NA;NA;NA;NA;NA;NA;NA;NA
2021-06-04;0-60;11;11,0;11;11;11;11;11;11;11;11;11;11;115;115,0;115;115;115;115;115,0;115;115;115,0;115;115,0;1,000000000000000;1,000000000000000;1,000000000000000;1,000000000000000;1,000000000000000;1,000000000000000;1,000000000000000;1,000000000000000;1,000000000000000;1,000000000000000;1,000000000000000
2021-06-04;60+;12;12,0;12;12;12;12;12;12;12;12;12;12;102;102,0;102;102;102;102;102,0;102;102;102,0;102;102,0;1,000000000000000;1,000000000000000;1,000000000000000;1,000000000000000;1,000000000000000;1,000000000000000;1,000000000000000;1,000000000000000;1,000000000000000;1,000000000000000;1,000000000000000
2021-06-04;alle;23;23,0;23;23;23;23;23;23;23;23;23;23;217;217,0;217;217;217;217;217,0;217;217;217,0;217;217,0;NA;NA;NA;NA;NA;NA;NA;NA;NA;NA;NA
2021-06-03;0-60;14;14,0;14;14;14;14;14;14;14;14;14;14;124;124,0;124;124;124;124;124,0;124;124;124,0;124;124,0;1,000000000000000;1,000000000000000;1,000000000000000;1,000000000000000;1,000000000000000;1,000000000000000;1,000000000000000;1,000000000000000;1,000000000000000;1,000000000000000;1,000000000000000
2021-06-03;60+;14;14,0;14;14;14;14;14;14;14;14;14;14;116;116,0;116;116;116;116;116,0;116;116;116,0;116;116,0;1,000000000000000;1,000000000000000;1,000000000000000;1,000000000000000;1,000000000000000;1,000000000000000;1,000000000000000;1,000000000000000;1,000000000000000;1,000000000000000;1,000000000000000
2021-06-03;alle;28;28,0;28;28;28;28;28;28;28;28;28;28;240;240,0;240;240;240;240;240,0;240;240;240,0;240;240,0;NA;NA;NA;NA;NA;NA;NA;NA;NA;NA;NA
2021-06-02;0-60;20;20,0;20;20;20;20;20;20;20;20;20;20;138;138,0;138;138;138;138;138,0;138;138;138,0;138;138,0;1,000000000000000;1,000000000000000;1,000000000000000;1,000000000000000;1,000000000000000;1,000000000000000;1,000000000000000;1,000000000000000;1,000000000000000;1,000000000000000;1,000000000000000
2021-06-02;60+;21;21,0;21;21;21;21;21;21;21;21;21;21;125;125,0;125;125;125;125;125,0;125;125;125,0;125;125,0;1,000000000000000;1,000000000000000;1,000000000000000;1,000000000000000;1,000000000000000;1,000000000000000;1,000000000000000;1,000000000000000;1,000000000000000;1,000000000000000;1,000000000000000
2021-06-02;alle;41;41,0;41;41;41;41;41;41;41;41;41;41;263;263,0;263;263;263;263;263,0;263;263;263,0;263;263,0;NA;NA;NA;NA;NA;NA;NA;NA;NA;NA;NA
2021-06-01;0-60;16;16,0;16;16;16;16;16;16;16;16;16;16;132;132,0;132;132;132;132;132,0;132;132;132,0;132;132,0;1,000000000000000;1,000000000000000;1,000000000000000;1,000000000000000;1,000000000000000;1,000000000000000;1,000000000000000;1,000000000000000;1,000000000000000;1,000000000000000;1,000000000000000
2021-06-01;60+;15;15,0;15;15;15;15;15;15;15;15;15;15;115;115,0;115;115;115;115;115,0;115;115;115,0;115;115,0;1,000000000000000;1,000000000000000;1,000000000000000;1,000000000000000;1,000000000000000;1,000000000000000;1,000000000000000;1,000000000000000;1,000000000000000;1,000000000000000;1,000000000000000
2021-06-01;alle;31;31,0;31;31;31;31;31;31;31;31;31;31;247;247,0;247;247;247;247;247,0;247;247;247,0;247;247,0;NA;NA;NA;NA;NA;NA;NA;NA;NA;NA;NA
2021-05-31;0-60;8;8,0;8;8;8;8;8;8;8;8;8;8;127;127,0;127;127;127;127;127,0;127;127;127,0;127;127,0;1,000000000000000;1,000000000000000;1,000000000000000;1,000000000000000;1,000000000000000;1,000000000000000;1,000000000000000;1,000000000000000;1,000000000000000;1,000000000000000;1,000000000000000
2021-05-31;60+;8;8,0;8;8;8;8;8;8;8;8;8;8;119;119,0;119;119;119;119;119,0;119;119;119,0;119;119,0;1,000000000000000;1,000000000000000;1,000000000000000;1,000000000000000;1,000000000000000;1,000000000000000;1,000000000000000;1,000000000000000;1,000000000000000;1,000000000000000;1,000000000000000
2021-05-31;alle;16;16,0;16;16;16;16;16;16;16;16;16;16;246;246,0;246;246;246;246;246,0;246;246;246,0;246;246,0;NA;NA;NA;NA;NA;NA;NA;NA;NA;NA;NA
2021-05-30;0-60;20;20,0;20;20;20;20;20;20;20;20;20;20;128;128,0;128;128;128;128;128,0;128;128;128,0;128;128,0;1,000000000000000;1,000000000000000;1,000000000000000;1,000000000000000;1,000000000000000;1,000000000000000;1,000000000000000;1,000000000000000;1,000000000000000;1,000000000000000;1,000000000000000
2021-05-30;60+;15;15,0;15;15;15;15;15;15;15;15;15;15;119;119,0;119;119;119;119;119,0;119;119;119,0;119;119,0;1,000000000000000;1,000000000000000;1,000000000000000;1,000000000000000;1,000000000000000;1,000000000000000;1,000000000000000;1,000000000000000;1,000000000000000;1,000000000000000;1,000000000000000
2021-05-30;alle;35;35,0;35;35;35;35;35;35;35;35;35;35;247;247,0;247;247;247;247;247,0;247;247;247,0;247;247,0;NA;NA;NA;NA;NA;NA;NA;NA;NA;NA;NA
2021-05-29;0-60;26;26,0;26;26;26;26;26;26;26;26;26;26;132;132,0;132;132;132;132;132,0;132;132;132,0;132;132,0;1,000000000000000;1,000000000000000;1,000000000000000;1,000000000000000;1,000000000000000;1,000000000000000;1,000000000000000;1,000000000000000;1,000000000000000;1,000000000000000;1,000000000000000
2021-05-29;60+;17;17,0;17;17;17;17;17;17;17;17;17;17;120;120,0;120;120;120;120;120,0;120;120;120,0;120;120,0;1,000000000000000;1,000000000000000;1,000000000000000;1,000000000000000;1,000000000000000;1,000000000000000;1,000000000000000;1,000000000000000;1,000000000000000;1,000000000000000;1,000000000000000
2021-05-29;alle;43;43,0;43;43;43;43;43;43;43;43;43;43;252;252,0;252;252;252;252;252,0;252;252;252,0;252;252,0;NA;NA;NA;NA;NA;NA;NA;NA;NA;NA;NA
2021-05-28;0-60;20;20,0;20;20;20;20;20;20;20;20;20;20;127;127,0;127;127;127;127;127,0;127;127;127,0;127;127,0;1,000000000000000;1,000000000000000;1,000000000000000;1,000000000000000;1,000000000000000;1,000000000000000;1,000000000000000;1,000000000000000;1,000000000000000;1,000000000000000;1,000000000000000
2021-05-28;60+;26;26,0;26;26;26;26;26;26;26;26;26;26;133;133,0;133;133;133;133;133,0;133;133;133,0;133;133,0;1,000000000000000;1,000000000000000;1,000000000000000;1,000000000000000;1,000000000000000;1,000000000000000;1,000000000000000;1,000000000000000;1,000000000000000;1,000000000000000;1,000000000000000
2021-05-28;alle;46;46,0;46;46;46;46;46;46;46;46;46;46;260;260,0;260;260;260;260;260,0;260;260;260,0;260;260,0;NA;NA;NA;NA;NA;NA;NA;NA;NA;NA;NA
2021-05-27;0-60;28;28,0;28;28;28;28;28;28;28;28;28;28;135;135,0;135;135;135;135;135,0;135;135;135,0;135;135,0;1,000000000000000;1,000000000000000;1,000000000000000;1,000000000000000;1,000000000000000;1,000000000000000;1,000000000000000;1,000000000000000;1,000000000000000;1,000000000000000;1,000000000000000
2021-05-27;60+;23;23,0;23;23;23;23;23;23;23;23;23;23;139;139,0;139;139;139;139;139,0;139;139;139,0;139;139,0;1,000000000000000;1,000000000000000;1,000000000000000;1,000000000000000;1,000000000000000;1,000000000000000;1,000000000000000;1,000000000000000;1,000000000000000;1,000000000000000;1,000000000000000
2021-05-27;alle;51;51,0;51;51;51;51;51;51;51;51;51;51;274;274,0;274;274;274;274;274,0;274;274;274,0;274;274,0;NA;NA;NA;NA;NA;NA;NA;NA;NA;NA;NA
2021-05-26;0-60;14;14,0;14;14;14;14;14;14;14;14;14;14;150;150,0;150;150;150;150;150,0;150;150;150,0;150;150,0;1,000000000000000;1,000000000000000;1,000000000000000;1,000000000000000;1,000000000000000;1,000000000000000;1,000000000000000;1,000000000000000;1,000000000000000;1,000000000000000;1,000000000000000
2021-05-26;60+;11;11,0;11;11;11;11;11;11;11;11;11;11;155;155,0;155;155;155;155;155,0;155;155;155,0;155;155,0;1,000000000000000;1,000000000000000;1,000000000000000;1,000000000000000;1,000000000000000;1,000000000000000;1,000000000000000;1,000000000000000;1,000000000000000;1,000000000000000;1,000000000000000
2021-05-26;alle;25;25,0;25;25;25;25;25;25;25;25;25;25;305;305,0;305;305;305;305;305,0;305;305;305,0;305;305,0;NA;NA;NA;NA;NA;NA;NA;NA;NA;NA;NA
2021-05-25;0-60;11;11,0;11;11;11;11;11;11;11;11;11;11;187;187,0;187;187;187;187;187,0;187;187;187,0;187;187,0;1,000000000000000;1,000000000000000;1,000000000000000;1,000000000000000;1,000000000000000;1,000000000000000;1,000000000000000;1,000000000000000;1,000000000000000;1,000000000000000;1,000000000000000
2021-05-25;60+;19;19,0;19;19;19;19;19;19;19;19;19;19;189;189,0;189;189;189;189;189,0;189;189;189,0;189;189,0;1,000000000000000;1,000000000000000;1,000000000000000;1,000000000000000;1,000000000000000;1,000000000000000;1,000000000000000;1,000000000000000;1,000000000000000;1,000000000000000;1,000000000000000
2021-05-25;alle;30;30,0;30;30;30;30;30;30;30;30;30;30;376;376,0;376;376;376;376;376,0;376;376;376,0;376;376,0;NA;NA;NA;NA;NA;NA;NA;NA;NA;NA;NA
2021-05-24;0-60;9;9,0;9;9;9;9;9;9;9;9;9;9;207;207,0;207;207;207;207;207,0;207;207;207,0;207;207,0;1,000000000000000;1,000000000000000;1,000000000000000;1,000000000000000;1,000000000000000;1,000000000000000;1,000000000000000;1,000000000000000;1,000000000000000;1,000000000000000;1,000000000000000
2021-05-24;60+;8;8,0;8;8;8;8;8;8;8;8;8;8;213;213,0;213;213;213;213;213,0;213;213;213,0;213;213,0;1,000000000000000;1,000000000000000;1,000000000000000;1,000000000000000;1,000000000000000;1,000000000000000;1,000000000000000;1,000000000000000;1,000000000000000;1,000000000000000;1,000000000000000
2021-05-24;alle;17;17,0;17;17;17;17;17;17;17;17;17;17;420;420,0;420;420;420;420;420,0;420;420;420,0;420;420,0;NA;NA;NA;NA;NA;NA;NA;NA;NA;NA;NA
2021-05-23;0-60;24;24,0;24;24;24;24;24;24;24;24;24;24;214;214,0;214;214;214;214;214,0;214;214;214,0;214;214,0;1,000000000000000;1,000000000000000;1,000000000000000;1,000000000000000;1,000000000000000;1,000000000000000;1,000000000000000;1,000000000000000;1,000000000000000;1,000000000000000;1,000000000000000
2021-05-23;60+;16;16,0;16;16;16;16;16;16;16;16;16;16;225;225,0;225;225;225;225;225,0;225;225;225,0;225;225,0;1,000000000000000;1,000000000000000;1,000000000000000;1,000000000000000;1,000000000000000;1,000000000000000;1,000000000000000;1,000000000000000;1,000000000000000;1,000000000000000;1,000000000000000
2021-05-23;alle;40;40,0;40;40;40;40;40;40;40;40;40;40;439;439,0;439;439;439;439;439,0;439;439;439,0;439;439,0;NA;NA;NA;NA;NA;NA;NA;NA;NA;NA;NA
2021-05-22;0-60;21;21,0;21;21;21;21;21;21;21;21;21;21;222;222,0;222;222;222;222;222,0;222;222;222,0;222;222,0;1,000000000000000;1,000000000000000;1,000000000000000;1,000000000000000;1,000000000000000;1,000000000000000;1,000000000000000;1,000000000000000;1,000000000000000;1,000000000000000;1,000000000000000
2021-05-22;60+;30;30,0;30;30;30;30;30;30;30;30;30;30;243;243,0;243;243;243;243;243,0;243;243;243,0;243;243,0;1,000000000000000;1,000000000000000;1,000000000000000;1,000000000000000;1,000000000000000;1,000000000000000;1,000000000000000;1,000000000000000;1,000000000000000;1,000000000000000;1,000000000000000
2021-05-22;alle;51;51,0;51;51;51;51;51;51;51;51;51;51;465;465,0;465;465;465;465;465,0;465;465;465,0;465;465,0;NA;NA;NA;NA;NA;NA;NA;NA;NA;NA;NA
2021-05-21;0-60;28;28,0;28;28;28;28;28;28;28;28;28;28;232;232,0;232;232;232;232;232,0;232;232;232,0;232;232,0;1,000000000000000;1,000000000000000;1,000000000000000;1,000000000000000;1,000000000000000;1,000000000000000;1,000000000000000;1,000000000000000;1,000000000000000;1,000000000000000;1,000000000000000
2021-05-21;60+;32;32,0;32;32;32;32;32;32;32;32;32;32;259;259,0;259;259;259;259;259,0;259;259;259,0;259;259,0;1,000000000000000;1,000000000000000;1,000000000000000;1,000000000000000;1,000000000000000;1,000000000000000;1,000000000000000;1,000000000000000;1,000000000000000;1,000000000000000;1,000000000000000
2021-05-21;alle;60;60,0;60;60;60;60;60;60;60;60;60;60;491;491,0;491;491;491;491;491,0;491;491;491,0;491;491,0;NA;NA;NA;NA;NA;NA;NA;NA;NA;NA;NA
2021-05-20;0-60;43;43,0;43;43;43;43;43;43;43;43;43;43;238;238,0;238;238;238;238;238,0;238;238;238,0;238;238,0;1,000000000000000;1,000000000000000;1,000000000000000;1,000000000000000;1,000000000000000;1,000000000000000;1,000000000000000;1,000000000000000;1,000000000000000;1,000000000000000;1,000000000000000
2021-05-20;60+;39;39,0;39;39;39;39;39;39;39;39;39;39;260;260,0;260;260;260;260;260,0;260;260;260,0;260;260,0;1,000000000000000;1,000000000000000;1,000000000000000;1,000000000000000;1,000000000000000;1,000000000000000;1,000000000000000;1,000000000000000;1,000000000000000;1,000000000000000;1,000000000000000
2021-05-20;alle;82;82,0;82;82;82;82;82;82;82;82;82;82;498;498,0;498;498;498;498;498,0;498;498;498,0;498;498,0;NA;NA;NA;NA;NA;NA;NA;NA;NA;NA;NA
2021-05-19;0-60;51;51,0;51;51;51;51;51;51;51;51;51;51;247;247,0;247;247;247;247;247,0;247;247;247,0;247;247,0;1,000000000000000;1,000000000000000;1,000000000000000;1,000000000000000;1,000000000000000;1,000000000000000;1,000000000000000;1,000000000000000;1,000000000000000;1,000000000000000;1,000000000000000
2021-05-19;60+;45;45,0;45;45;45;45;45;45;45;45;45;45;288;288,0;288;288;288;288;288,0;288;288;288,0;288;288,0;1,000000000000000;1,000000000000000;1,000000000000000;1,000000000000000;1,000000000000000;1,000000000000000;1,000000000000000;1,000000000000000;1,000000000000000;1,000000000000000;1,000000000000000
2021-05-19;alle;96;96,0;96;96;96;96;96;96;96;96;96;96;535;535,0;535;535;535;535;535,0;535;535;535,0;535;535,0;NA;NA;NA;NA;NA;NA;NA;NA;NA;NA;NA
2021-05-18;0-60;31;31,0;31;31;31;31;31;31;31;31;31;31;274;274,0;274;274;274;274;274,0;274;274;274,0;274;274,0;1,000000000000000;1,000000000000000;1,000000000000000;1,000000000000000;1,000000000000000;1,000000000000000;1,000000000000000;1,000000000000000;1,000000000000000;1,000000000000000;1,000000000000000
2021-05-18;60+;43;43,0;43;43;43;43;43;43;43;43;43;43;305;305,0;305;305;305;305;305,0;305;305;305,0;305;305,0;1,000000000000000;1,000000000000000;1,000000000000000;1,000000000000000;1,000000000000000;1,000000000000000;1,000000000000000;1,000000000000000;1,000000000000000;1,000000000000000;1,000000000000000
2021-05-18;alle;74;74,0;74;74;74;74;74;74;74;74;74;74;579;579,0;579;579;579;579;579,0;579;579;579,0;579;579,0;NA;NA;NA;NA;NA;NA;NA;NA;NA;NA;NA
2021-05-17;0-60;16;16,0;16;16;16;16;16;16;16;16;16;16;277;277,0;277;277;277;277;277,0;277;277;277,0;277;277,0;1,000000000000000;1,000000000000000;1,000000000000000;1,000000000000000;1,000000000000000;1,000000000000000;1,000000000000000;1,000000000000000;1,000000000000000;1,000000000000000;1,000000000000000
2021-05-17;60+;20;20,0;20;20;20;20;20;20;20;20;20;20;321;321,0;321;321;321;321;321,0;321;321;321,0;321;321,0;1,000000000000000;1,000000000000000;1,000000000000000;1,000000000000000;1,000000000000000;1,000000000000000;1,000000000000000;1,000000000000000;1,000000000000000;1,000000000000000;1,000000000000000
2021-05-17;alle;36;36,0;36;36;36;36;36;36;36;36;36;36;598;598,0;598;598;598;598;598,0;598;598;598,0;598;598,0;NA;NA;NA;NA;NA;NA;NA;NA;NA;NA;NA
2021-05-16;0-60;32;32,0;32;32;32;32;32;32;32;32;32;32;281;281,0;281;281;281;281;281,0;281;281;281,0;281;281,0;1,000000000000000;1,000000000000000;1,000000000000000;1,000000000000000;1,000000000000000;1,000000000000000;1,000000000000000;1,000000000000000;1,000000000000000;1,000000000000000;1,000000000000000
2021-05-16;60+;34;34,0;34;34;34;34;34;34;34;34;34;34;324;324,0;324;324;324;324;324,0;324;324;324,0;324;324,0;1,000000000000000;1,000000000000000;1,000000000000000;1,000000000000000;1,000000000000000;1,000000000000000;1,000000000000000;1,000000000000000;1,000000000000000;1,000000000000000;1,000000000000000
2021-05-16;alle;66;66,0;66;66;66;66;66;66;66;66;66;66;605;605,0;605;605;605;605;605,0;605;605;605,0;605;605,0;NA;NA;NA;NA;NA;NA;NA;NA;NA;NA;NA
2021-05-15;0-60;31;31,0;31;31;31;31;31;31;31;31;31;31;295;295,0;295;295;295;295;295,0;295;295;295,0;295;295,0;1,000000000000000;1,000000000000000;1,000000000000000;1,000000000000000;1,000000000000000;1,000000000000000;1,000000000000000;1,000000000000000;1,000000000000000;1,000000000000000;1,000000000000000
2021-05-15;60+;46;46,0;46;46;46;46;46;46;46;46;46;46;338;338,0;338;338;338;338;338,0;338;338;338,0;338;338,0;1,000000000000000;1,000000000000000;1,000000000000000;1,000000000000000;1,000000000000000;1,000000000000000;1,000000000000000;1,000000000000000;1,000000000000000;1,000000000000000;1,000000000000000
2021-05-15;alle;77;77,0;77;77;77;77;77;77;77;77;77;77;633;633,0;633;633;633;633;633,0;633;633;633,0;633;633,0;NA;NA;NA;NA;NA;NA;NA;NA;NA;NA;NA
2021-05-14;0-60;34;34,0;34;34;34;34;34;34;34;34;34;34;325;325,0;325;325;325;325;325,0;325;325;325,0;325;325,0;1,000000000000000;1,000000000000000;1,000000000000000;1,000000000000000;1,000000000000000;1,000000000000000;1,000000000000000;1,000000000000000;1,000000000000000;1,000000000000000;1,000000000000000
2021-05-14;60+;33;33,0;33;33;33;33;33;33;33;33;33;33;359;359,0;359;359;359;359;359,0;359;359;359,0;359;359,0;1,000000000000000;1,000000000000000;1,000000000000000;1,000000000000000;1,000000000000000;1,000000000000000;1,000000000000000;1,000000000000000;1,000000000000000;1,000000000000000;1,000000000000000
2021-05-14;alle;67;67,0;67;67;67;67;67;67;67;67;67;67;684;684,0;684;684;684;684;684,0;684;684;684,0;684;684,0;NA;NA;NA;NA;NA;NA;NA;NA;NA;NA;NA
2021-05-13;0-60;52;52,0;52;52;52;52;52;52;52;52;52;52;347;347,0;347;347;347;347;347,0;347;347;347,0;347;347,0;1,000000000000000;1,000000000000000;1,000000000000000;1,000000000000000;1,000000000000000;1,000000000000000;1,000000000000000;1,000000000000000;1,000000000000000;1,000000000000000;1,000000000000000
2021-05-13;60+;67;67,0;67;67;67;67;67;67;67;67;67;67;411;411,0;411;411;411;411;411,0;411;411;411,0;411;411,0;1,000000000000000;1,000000000000000;1,000000000000000;1,000000000000000;1,000000000000000;1,000000000000000;1,000000000000000;1,000000000000000;1,000000000000000;1,000000000000000;1,000000000000000
2021-05-13;alle;119;119,0;119;119;119;119;119;119;119;119;119;119;758;758,0;758;758;758;758;758,0;758;758;758,0;758;758,0;NA;NA;NA;NA;NA;NA;NA;NA;NA;NA;NA
2021-05-12;0-60;78;78,0;78;78;78;78;78;78;78;78;78;78;366;366,0;366;366;366;366;366,0;366;366;366,0;366;366,0;1,000000000000000;1,000000000000000;1,000000000000000;1,000000000000000;1,000000000000000;1,000000000000000;1,000000000000000;1,000000000000000;1,000000000000000;1,000000000000000;1,000000000000000
2021-05-12;60+;62;62,0;62;62;62;62;62;62;62;62;62;62;403;403,0;403;403;403;403;403,0;403;403;403,0;403;403,0;1,000000000000000;1,000000000000000;1,000000000000000;1,000000000000000;1,000000000000000;1,000000000000000;1,000000000000000;1,000000000000000;1,000000000000000;1,000000000000000;1,000000000000000
2021-05-12;alle;140;140,0;140;140;140;140;140;140;140;140;140;140;769;769,0;769;769;769;769;769,0;769;769;769,0;769;769,0;NA;NA;NA;NA;NA;NA;NA;NA;NA;NA;NA
2021-05-11;0-60;34;34,0;34;34;34;34;34;34;34;34;34;34;378;378,0;378;378;378;378;378,0;378;378;378,0;378;378,0;1,000000000000000;1,000000000000000;1,000000000000000;1,000000000000000;1,000000000000000;1,000000000000000;1,000000000000000;1,000000000000000;1,000000000000000;1,000000000000000;1,000000000000000
2021-05-11;60+;59;59,0;59;59;59;59;59;59;59;59;59;59;414;414,0;414;414;414;414;414,0;414;414;414,0;414;414,0;1,000000000000000;1,000000000000000;1,000000000000000;1,000000000000000;1,000000000000000;1,000000000000000;1,000000000000000;1,000000000000000;1,000000000000000;1,000000000000000;1,000000000000000
2021-05-11;alle;93;93,0;93;93;93;93;93;93;93;93;93;93;792;792,0;792;792;792;792;792,0;792;792;792,0;792;792,0;NA;NA;NA;NA;NA;NA;NA;NA;NA;NA;NA
2021-05-10;0-60;20;20,0;20;20;20;20;20;20;20;20;20;20;389;389,0;389;389;389;389;389,0;389;389;389,0;389;389,0;1,000000000000000;1,000000000000000;1,000000000000000;1,000000000000000;1,000000000000000;1,000000000000000;1,000000000000000;1,000000000000000;1,000000000000000;1,000000000000000;1,000000000000000
2021-05-10;60+;23;23,0;23;23;23;23;23;23;23;23;23;23;398;398,0;398;398;398;398;398,0;398;398;398,0;398;398,0;1,000000000000000;1,000000000000000;1,000000000000000;1,000000000000000;1,000000000000000;1,000000000000000;1,000000000000000;1,000000000000000;1,000000000000000;1,000000000000000;1,000000000000000
2021-05-10;alle;43;43,0;43;43;43;43;43;43;43;43;43;43;787;787,0;787;787;787;787;787,0;787;787;787,0;787;787,0;NA;NA;NA;NA;NA;NA;NA;NA;NA;NA;NA
2021-05-09;0-60;46;46,0;46;46;46;46;46;46;46;46;46;46;397;397,0;397;397;397;397;397,0;397;397;397,0;397;397,0;1,000000000000000;1,000000000000000;1,000000000000000;1,000000000000000;1,000000000000000;1,000000000000000;1,000000000000000;1,000000000000000;1,000000000000000;1,000000000000000;1,000000000000000
2021-05-09;60+;48;48,0;48;48;48;48;48;48;48;48;48;48;404;404,0;404;404;404;404;404,0;404;404;404,0;404;404,0;1,000000000000000;1,000000000000000;1,000000000000000;1,000000000000000;1,000000000000000;1,000000000000000;1,000000000000000;1,000000000000000;1,000000000000000;1,000000000000000;1,000000000000000
2021-05-09;alle;94;94,0;94;94;94;94;94;94;94;94;94;94;801;801,0;801;801;801;801;801,0;801;801;801,0;801;801,0;NA;NA;NA;NA;NA;NA;NA;NA;NA;NA;NA
2021-05-08;0-60;61;61,0;61;61;61;61;61;61;61;61;61;61;409;409,0;409;409;409;409;409,0;409;409;409,0;409;409,0;1,000000000000000;1,000000000000000;1,000000000000000;1,000000000000000;1,000000000000000;1,000000000000000;1,000000000000000;1,000000000000000;1,000000000000000;1,000000000000000;1,000000000000000
2021-05-08;60+;67;67,0;67;67;67;67;67;67;67;67;67;67;408;408,0;408;408;408;408;408,0;408;408;408,0;408;408,0;1,000000000000000;1,000000000000000;1,000000000000000;1,000000000000000;1,000000000000000;1,000000000000000;1,000000000000000;1,000000000000000;1,000000000000000;1,000000000000000;1,000000000000000
2021-05-08;alle;128;128,0;128;128;128;128;128;128;128;128;128;128;817;817,0;817;817;817;817;817,0;817;817;817,0;817;817,0;NA;NA;NA;NA;NA;NA;NA;NA;NA;NA;NA
2021-05-07;0-60;56;56,0;56;56;56;56;56;56;56;56;56;56;430;430,0;430;430;430;430;430,0;430;430;430,0;430;430,0;1,000000000000000;1,000000000000000;1,000000000000000;1,000000000000000;1,000000000000000;1,000000000000000;1,000000000000000;1,000000000000000;1,000000000000000;1,000000000000000;1,000000000000000
2021-05-07;60+;85;85,0;85;85;85;85;85;85;85;85;85;85;430;430,0;430;430;430;430;430,0;430;430;430,0;430;430,0;1,000000000000000;1,000000000000000;1,000000000000000;1,000000000000000;1,000000000000000;1,000000000000000;1,000000000000000;1,000000000000000;1,000000000000000;1,000000000000000;1,000000000000000
2021-05-07;alle;141;141,0;141;141;141;141;141;141;141;141;141;141;860;860,0;860;860;860;860;860,0;860;860;860,0;860;860,0;NA;NA;NA;NA;NA;NA;NA;NA;NA;NA;NA
2021-05-06;0-60;71;71,0;71;71;71;71;71;71;71;71;71;71;453;453,0;453;453;453;453;453,0;453;453;453,0;453;453,0;1,000000000000000;1,000000000000000;1,000000000000000;1,000000000000000;1,000000000000000;1,000000000000000;1,000000000000000;1,000000000000000;1,000000000000000;1,000000000000000;1,000000000000000
2021-05-06;60+;59;59,0;59;59;59;59;59;59;59;59;59;59;426;426,0;426;426;426;426;426,0;426;426;426,0;426;426,0;1,000000000000000;1,000000000000000;1,000000000000000;1,000000000000000;1,000000000000000;1,000000000000000;1,000000000000000;1,000000000000000;1,000000000000000;1,000000000000000;1,000000000000000
2021-05-06;alle;130;130,0;130;130;130;130;130;130;130;130;130;130;879;879,0;879;879;879;879;879,0;879;879;879,0;879;879,0;NA;NA;NA;NA;NA;NA;NA;NA;NA;NA;NA
2021-05-05;0-60;90;90,0;90;90;90;90;90;90;90;90;90;90;471;471,0;471;471;471;471;471,0;471;471;471,0;471;471,0;1,000000000000000;1,000000000000000;1,000000000000000;1,000000000000000;1,000000000000000;1,000000000000000;1,000000000000000;1,000000000000000;1,000000000000000;1,000000000000000;1,000000000000000
2021-05-05;60+;73;73,0;73;73;73;73;73;73;73;73;73;73;456;456,0;456;456;456;456;456,0;456;456;456,0;456;456,0;1,000000000000000;1,000000000000000;1,000000000000000;1,000000000000000;1,000000000000000;1,000000000000000;1,000000000000000;1,000000000000000;1,000000000000000;1,000000000000000;1,000000000000000
2021-05-05;alle;163;163,0;163;163;163;163;163;163;163;163;163;163;927;927,0;927;927;927;927;927,0;927;927;927,0;927;927,0;NA;NA;NA;NA;NA;NA;NA;NA;NA;NA;NA
2021-05-04;0-60;45;45,0;45;45;45;45;45;45;45;45;45;45;479;479,0;479;479;479;479;479,0;479;479;479,0;479;479,0;1,000000000000000;1,000000000000000;1,000000000000000;1,000000000000000;1,000000000000000;1,000000000000000;1,000000000000000;1,000000000000000;1,000000000000000;1,000000000000000;1,000000000000000
2021-05-04;60+;43;43,0;43;43;43;43;43;43;43;43;43;43;477;477,0;477;477;477;477;477,0;477;477;477,0;477;477,0;1,000000000000000;1,000000000000000;1,000000000000000;1,000000000000000;1,000000000000000;1,000000000000000;1,000000000000000;1,000000000000000;1,000000000000000;1,000000000000000;1,000000000000000
2021-05-04;alle;88;88,0;88;88;88;88;88;88;88;88;88;88;956;956,0;956;956;956;956;956,0;956;956;956,0;956;956,0;NA;NA;NA;NA;NA;NA;NA;NA;NA;NA;NA
2021-05-03;0-60;28;28,0;28;28;28;28;28;28;28;28;28;28;493;493,0;493;493;493;493;493,0;493;493;493,0;493;493,0;1,000000000000000;1,000000000000000;1,000000000000000;1,000000000000000;1,000000000000000;1,000000000000000;1,000000000000000;1,000000000000000;1,000000000000000;1,000000000000000;1,000000000000000
2021-05-03;60+;29;29,0;29;29;29;29;29;29;29;29;29;29;533;533,0;533;533;533;533;533,0;533;533;533,0;533;533,0;1,000000000000000;1,000000000000000;1,000000000000000;1,000000000000000;1,000000000000000;1,000000000000000;1,000000000000000;1,000000000000000;1,000000000000000;1,000000000000000;1,000000000000000
2021-05-03;alle;57;57,0;57;57;57;57;57;57;57;57;57;57;1026;1026,0;1026;1026;1026;1026;1026,0;1026;1026;1026,0;1026;1026,0;NA;NA;NA;NA;NA;NA;NA;NA;NA;NA;NA
2021-05-02;0-60;58;58,0;58;58;58;58;58;58;58;58;58;58;501;501,0;501;501;501;501;501,0;501;501;501,0;501;501,0;1,000000000000000;1,000000000000000;1,000000000000000;1,000000000000000;1,000000000000000;1,000000000000000;1,000000000000000;1,000000000000000;1,000000000000000;1,000000000000000;1,000000000000000
2021-05-02;60+;52;52,0;52;52;52;52;52;52;52;52;52;52;538;538,0;538;538;538;538;538,0;538;538;538,0;538;538,0;1,000000000000000;1,000000000000000;1,000000000000000;1,000000000000000;1,000000000000000;1,000000000000000;1,000000000000000;1,000000000000000;1,000000000000000;1,000000000000000;1,000000000000000
2021-05-02;alle;110;110,0;110;110;110;110;110;110;110;110;110;110;1039;1039,0;1039;1039;1039;1039;1039,0;1039;1039;1039,0;1039;1039,0;NA;NA;NA;NA;NA;NA;NA;NA;NA;NA;NA
2021-05-01;0-60;82;82,0;82;82;82;82;82;82;82;82;82;82;497;497,0;497;497;497;497;497,0;497;497;497,0;497;497,0;1,000000000000000;1,000000000000000;1,000000000000000;1,000000000000000;1,000000000000000;1,000000000000000;1,000000000000000;1,000000000000000;1,000000000000000;1,000000000000000;1,000000000000000
2021-05-01;60+;89;89,0;89;89;89;89;89;89;89;89;89;89;561;561,0;561;561;561;561;561,0;561;561;561,0;561;561,0;1,000000000000000;1,000000000000000;1,000000000000000;1,000000000000000;1,000000000000000;1,000000000000000;1,000000000000000;1,000000000000000;1,000000000000000;1,000000000000000;1,000000000000000
2021-05-01;alle;171;171,0;171;171;171;171;171;171;171;171;171;171;1058;1058,0;1058;1058;1058;1058;1058,0;1058;1058;1058,0;1058;1058,0;NA;NA;NA;NA;NA;NA;NA;NA;NA;NA;NA
2021-04-30;0-60;79;79,0;79;79;79;79;79;79;79;79;79;79;497;497,0;497;497;497;497;497,0;497;497;497,0;497;497,0;1,000000000000000;1,000000000000000;1,000000000000000;1,000000000000000;1,000000000000000;1,000000000000000;1,000000000000000;1,000000000000000;1,000000000000000;1,000000000000000;1,000000000000000
2021-04-30;60+;81;81,0;81;81;81;81;81;81;81;81;81;81;544;544,0;544;544;544;544;544,0;544;544;544,0;544;544,0;1,000000000000000;1,000000000000000;1,000000000000000;1,000000000000000;1,000000000000000;1,000000000000000;1,000000000000000;1,000000000000000;1,000000000000000;1,000000000000000;1,000000000000000
2021-04-30;alle;160;160,0;160;160;160;160;160;160;160;160;160;160;1041;1041,0;1041;1041;1041;1041;1041,0;1041;1041;1041,0;1041;1041,0;NA;NA;NA;NA;NA;NA;NA;NA;NA;NA;NA
2021-04-29;0-60;89;89,0;89;89;89;89;89;89;89;89;89;89;518;518,0;518;518;518;518;518,0;518;518;518,0;518;518,0;1,000000000000000;1,000000000000000;1,000000000000000;1,000000000000000;1,000000000000000;1,000000000000000;1,000000000000000;1,000000000000000;1,000000000000000;1,000000000000000;1,000000000000000
2021-04-29;60+;89;89,0;89;89;89;89;89;89;89;89;89;89;570;570,0;570;570;570;570;570,0;570;570;570,0;570;570,0;1,000000000000000;1,000000000000000;1,000000000000000;1,000000000000000;1,000000000000000;1,000000000000000;1,000000000000000;1,000000000000000;1,000000000000000;1,000000000000000;1,000000000000000
2021-04-29;alle;178;178,0;178;178;178;178;178;178;178;178;178;178;1088;1088,0;1088;1088;1088;1088;1088,0;1088;1088;1088,0;1088;1088,0;NA;NA;NA;NA;NA;NA;NA;NA;NA;NA;NA
2021-04-28;0-60;98;98,0;98;98;98;98;98;98;98;98;98;98;527;527,0;527;527;527;527;527,0;527;527;527,0;527;527,0;1,000000000000000;1,000000000000000;1,000000000000000;1,000000000000000;1,000000000000000;1,000000000000000;1,000000000000000;1,000000000000000;1,000000000000000;1,000000000000000;1,000000000000000
2021-04-28;60+;94;94,0;94;94;94;94;94;94;94;94;94;94;580;580,0;580;580;580;580;580,0;580;580;580,0;580;580,0;1,000000000000000;1,000000000000000;1,000000000000000;1,000000000000000;1,000000000000000;1,000000000000000;1,000000000000000;1,000000000000000;1,000000000000000;1,000000000000000;1,000000000000000
2021-04-28;alle;192;192,0;192;192;192;192;192;192;192;192;192;192;1107;1107,0;1107;1107;1107;1107;1107,0;1107;1107;1107,0;1107;1107,0;NA;NA;NA;NA;NA;NA;NA;NA;NA;NA;NA
2021-04-27;0-60;59;59,0;59;59;59;59;59;59;59;59;59;59;553;553,0;553;553;553;553;553,0;553;553;553,0;553;553,0;1,000000000000000;1,000000000000000;1,000000000000000;1,000000000000000;1,000000000000000;1,000000000000000;1,000000000000000;1,000000000000000;1,000000000000000;1,000000000000000;1,000000000000000
2021-04-27;60+;99;99,0;99;99;99;99;99;99;99;99;99;99;605;605,0;605;605;605;605;605,0;605;605;605,0;605;605,0;1,000000000000000;1,000000000000000;1,000000000000000;1,000000000000000;1,000000000000000;1,000000000000000;1,000000000000000;1,000000000000000;1,000000000000000;1,000000000000000;1,000000000000000
2021-04-27;alle;158;158,0;158;158;158;158;158;158;158;158;158;158;1158;1158,0;1158;1158;1158;1158;1158,0;1158;1158;1158,0;1158;1158,0;NA;NA;NA;NA;NA;NA;NA;NA;NA;NA;NA
2021-04-26;0-60;36;36,0;36;36;36;36;36;36;36;36;36;36;555;555,0;555;555;555;555;555,0;555;555;555,0;555;555,0;1,000000000000000;1,000000000000000;1,000000000000000;1,000000000000000;1,000000000000000;1,000000000000000;1,000000000000000;1,000000000000000;1,000000000000000;1,000000000000000;1,000000000000000
2021-04-26;60+;34;34,0;34;34;34;34;34;34;34;34;34;34;572;572,0;572;572;572;572;572,0;572;572;572,0;572;572,0;1,000000000000000;1,000000000000000;1,000000000000000;1,000000000000000;1,000000000000000;1,000000000000000;1,000000000000000;1,000000000000000;1,000000000000000;1,000000000000000;1,000000000000000
2021-04-26;alle;70;70,0;70;70;70;70;70;70;70;70;70;70;1127;1127,0;1127;1127;1127;1127;1127,0;1127;1127;1127,0;1127;1127,0;NA;NA;NA;NA;NA;NA;NA;NA;NA;NA;NA
2021-04-25;0-60;54;54,0;54;54;54;54;54;54;54;54;54;54;548;548,0;548;548;548;548;548,0;548;548;548,0;548;548,0;1,000000000000000;1,000000000000000;1,000000000000000;1,000000000000000;1,000000000000000;1,000000000000000;1,000000000000000;1,000000000000000;1,000000000000000;1,000000000000000;1,000000000000000
2021-04-25;60+;75;75,0;75;75;75;75;75;75;75;75;75;75;573;573,0;573;573;573;573;573,0;573;573;573,0;573;573,0;1,000000000000000;1,000000000000000;1,000000000000000;1,000000000000000;1,000000000000000;1,000000000000000;1,000000000000000;1,000000000000000;1,000000000000000;1,000000000000000;1,000000000000000
2021-04-25;alle;129;129,0;129;129;129;129;129;129;129;129;129;129;1121;1121,0;1121;1121;1121;1121;1121,0;1121;1121;1121,0;1121;1121,0;NA;NA;NA;NA;NA;NA;NA;NA;NA;NA;NA
2021-04-24;0-60;82;82,0;82;82;82;82;82;82;82;82;82;82;558;558,0;558;558;558;558;558,0;558;558;558,0;558;558,0;1,000000000000000;1,000000000000000;1,000000000000000;1,000000000000000;1,000000000000000;1,000000000000000;1,000000000000000;1,000000000000000;1,000000000000000;1,000000000000000;1,000000000000000
2021-04-24;60+;72;72,0;72;72;72;72;72;72;72;72;72;72;569;569,0;569;569;569;569;569,0;569;569;569,0;569;569,0;1,000000000000000;1,000000000000000;1,000000000000000;1,000000000000000;1,000000000000000;1,000000000000000;1,000000000000000;1,000000000000000;1,000000000000000;1,000000000000000;1,000000000000000
2021-04-24;alle;154;154,0;154;154;154;154;154;154;154;154;154;154;1127;1127,0;1127;1127;1127;1127;1127,0;1127;1127;1127,0;1127;1127,0;NA;NA;NA;NA;NA;NA;NA;NA;NA;NA;NA
2021-04-23;0-60;100;100,0;100;100;100;100;100;100;100;100;100;100;551;551,0;551;551;551;551;551,0;551;551;551,0;551;551,0;1,000000000000000;1,000000000000000;1,000000000000000;1,000000000000000;1,000000000000000;1,000000000000000;1,000000000000000;1,000000000000000;1,000000000000000;1,000000000000000;1,000000000000000
2021-04-23;60+;107;107,0;107;107;107;107;107;107;107;107;107;107;573;573,0;573;573;573;573;573,0;573;573;573,0;573;573,0;1,000000000000000;1,000000000000000;1,000000000000000;1,000000000000000;1,000000000000000;1,000000000000000;1,000000000000000;1,000000000000000;1,000000000000000;1,000000000000000;1,000000000000000
2021-04-23;alle;207;207,0;207;207;207;207;207;207;207;207;207;207;1124;1124,0;1124;1124;1124;1124;1124,0;1124;1124;1124,0;1124;1124,0;NA;NA;NA;NA;NA;NA;NA;NA;NA;NA;NA
2021-04-22;0-60;98;98,0;98;98;98;98;98;98;98;98;98;98;541;541,0;541;541;541;541;541,0;541;541;541,0;541;541,0;1,000000000000000;1,000000000000000;1,000000000000000;1,000000000000000;1,000000000000000;1,000000000000000;1,000000000000000;1,000000000000000;1,000000000000000;1,000000000000000;1,000000000000000
2021-04-22;60+;99;99,0;99;99;99;99;99;99;99;99;99;99;558;558,0;558;558;558;558;558,0;558;558;558,0;558;558,0;1,000000000000000;1,000000000000000;1,000000000000000;1,000000000000000;1,000000000000000;1,000000000000000;1,000000000000000;1,000000000000000;1,000000000000000;1,000000000000000;1,000000000000000
2021-04-22;alle;197;197,0;197;197;197;197;197;197;197;197;197;197;1099;1099,0;1099;1099;1099;1099;1099,0;1099;1099;1099,0;1099;1099,0;NA;NA;NA;NA;NA;NA;NA;NA;NA;NA;NA
2021-04-21;0-60;124;124,0;124;124;124;124;124;124;124;124;124;124;543;543,0;543;543;543;543;543,0;543;543;543,0;543;543,0;1,000000000000000;1,000000000000000;1,000000000000000;1,000000000000000;1,000000000000000;1,000000000000000;1,000000000000000;1,000000000000000;1,000000000000000;1,000000000000000;1,000000000000000
2021-04-21;60+;119;119,0;119;119;119;119;119;119;119;119;119;119;546;546,0;546;546;546;546;546,0;546;546;546,0;546;546,0;1,000000000000000;1,000000000000000;1,000000000000000;1,000000000000000;1,000000000000000;1,000000000000000;1,000000000000000;1,000000000000000;1,000000000000000;1,000000000000000;1,000000000000000
2021-04-21;alle;243;243,0;243;243;243;243;243;243;243;243;243;243;1089;1089,0;1089;1089;1089;1089;1089,0;1089;1089;1089,0;1089;1089,0;NA;NA;NA;NA;NA;NA;NA;NA;NA;NA;NA
2021-04-20;0-60;61;61,0;61;61;61;61;61;61;61;61;61;61;518;518,0;518;518;518;518;518,0;518;518;518,0;518;518,0;1,000000000000000;1,000000000000000;1,000000000000000;1,000000000000000;1,000000000000000;1,000000000000000;1,000000000000000;1,000000000000000;1,000000000000000;1,000000000000000;1,000000000000000
2021-04-20;60+;66;66,0;66;66;66;66;66;66;66;66;66;66;525;525,0;525;525;525;525;525,0;525;525;525,0;525;525,0;1,000000000000000;1,000000000000000;1,000000000000000;1,000000000000000;1,000000000000000;1,000000000000000;1,000000000000000;1,000000000000000;1,000000000000000;1,000000000000000;1,000000000000000
2021-04-20;alle;127;127,0;127;127;127;127;127;127;127;127;127;127;1043;1043,0;1043;1043;1043;1043;1043,0;1043;1043;1043,0;1043;1043,0;NA;NA;NA;NA;NA;NA;NA;NA;NA;NA;NA
2021-04-19;0-60;29;29,0;29;29;29;29;29;29;29;29;29;29;511;511,0;511;511;511;511;511,0;511;511;511,0;511;511,0;1,000000000000000;1,000000000000000;1,000000000000000;1,000000000000000;1,000000000000000;1,000000000000000;1,000000000000000;1,000000000000000;1,000000000000000;1,000000000000000;1,000000000000000
2021-04-19;60+;35;35,0;35;35;35;35;35;35;35;35;35;35;538;538,0;538;538;538;538;538,0;538;538;538,0;538;538,0;1,000000000000000;1,000000000000000;1,000000000000000;1,000000000000000;1,000000000000000;1,000000000000000;1,000000000000000;1,000000000000000;1,000000000000000;1,000000000000000;1,000000000000000
2021-04-19;alle;64;64,0;64;64;64;64;64;64;64;64;64;64;1049;1049,0;1049;1049;1049;1049;1049,0;1049;1049;1049,0;1049;1049,0;NA;NA;NA;NA;NA;NA;NA;NA;NA;NA;NA
2021-04-18;0-60;64;64,0;64;64;64;64;64;64;64;64;64;64;528;528,0;528;528;528;528;528,0;528;528;528,0;528;528,0;1,000000000000000;1,000000000000000;1,000000000000000;1,000000000000000;1,000000000000000;1,000000000000000;1,000000000000000;1,000000000000000;1,000000000000000;1,000000000000000;1,000000000000000
2021-04-18;60+;71;71,0;71;71;71;71;71;71;71;71;71;71;527;527,0;527;527;527;527;527,0;527;527;527,0;527;527,0;1,000000000000000;1,000000000000000;1,000000000000000;1,000000000000000;1,000000000000000;1,000000000000000;1,000000000000000;1,000000000000000;1,000000000000000;1,000000000000000;1,000000000000000
2021-04-18;alle;135;135,0;135;135;135;135;135;135;135;135;135;135;1055;1055,0;1055;1055;1055;1055;1055,0;1055;1055;1055,0;1055;1055,0;NA;NA;NA;NA;NA;NA;NA;NA;NA;NA;NA
2021-04-17;0-60;75;75,0;75;75;75;75;75;75;75;75;75;75;527;527,0;527;527;527;527;527,0;527;527;527,0;527;527,0;1,000000000000000;1,000000000000000;1,000000000000000;1,000000000000000;1,000000000000000;1,000000000000000;1,000000000000000;1,000000000000000;1,000000000000000;1,000000000000000;1,000000000000000
2021-04-17;60+;76;76,0;76;76;76;76;76;76;76;76;76;76;538;538,0;538;538;538;538;538,0;538;538;538,0;538;538,0;1,000000000000000;1,000000000000000;1,000000000000000;1,000000000000000;1,000000000000000;1,000000000000000;1,000000000000000;1,000000000000000;1,000000000000000;1,000000000000000;1,000000000000000
2021-04-17;alle;151;151,0;151;151;151;151;151;151;151;151;151;151;1065;1065,0;1065;1065;1065;1065;1065,0;1065;1065;1065,0;1065;1065,0;NA;NA;NA;NA;NA;NA;NA;NA;NA;NA;NA
2021-04-16;0-60;90;90,0;90;90;90;90;90;90;90;90;90;90;530;530,0;530;530;530;530;530,0;530;530;530,0;530;530,0;1,000000000000000;1,000000000000000;1,000000000000000;1,000000000000000;1,000000000000000;1,000000000000000;1,000000000000000;1,000000000000000;1,000000000000000;1,000000000000000;1,000000000000000
2021-04-16;60+;92;92,0;92;92;92;92;92;92;92;92;92;92;553;553,0;553;553;553;553;553,0;553;553;553,0;553;553,0;1,000000000000000;1,000000000000000;1,000000000000000;1,000000000000000;1,000000000000000;1,000000000000000;1,000000000000000;1,000000000000000;1,000000000000000;1,000000000000000;1,000000000000000
2021-04-16;alle;182;182,0;182;182;182;182;182;182;182;182;182;182;1083;1083,0;1083;1083;1083;1083;1083,0;1083;1083;1083,0;1083;1083,0;NA;NA;NA;NA;NA;NA;NA;NA;NA;NA;NA
2021-04-15;0-60;100;100,0;100;100;100;100;100;100;100;100;100;100;533;533,0;533;533;533;533;533,0;533;533;533,0;533;533,0;1,000000000000000;1,000000000000000;1,000000000000000;1,000000000000000;1,000000000000000;1,000000000000000;1,000000000000000;1,000000000000000;1,000000000000000;1,000000000000000;1,000000000000000
2021-04-15;60+;87;87,0;87;87;87;87;87;87;87;87;87;87;543;543,0;543;543;543;543;543,0;543;543;543,0;543;543,0;1,000000000000000;1,000000000000000;1,000000000000000;1,000000000000000;1,000000000000000;1,000000000000000;1,000000000000000;1,000000000000000;1,000000000000000;1,000000000000000;1,000000000000000
2021-04-15;alle;187;187,0;187;187;187;187;187;187;187;187;187;187;1076;1076,0;1076;1076;1076;1076;1076,0;1076;1076;1076,0;1076;1076,0;NA;NA;NA;NA;NA;NA;NA;NA;NA;NA;NA
2021-04-14;0-60;99;99,0;99;99;99;99;99;99;99;99;99;99;519;519,0;519;519;519;519;519,0;519;519;519,0;519;519,0;1,000000000000000;1,000000000000000;1,000000000000000;1,000000000000000;1,000000000000000;1,000000000000000;1,000000000000000;1,000000000000000;1,000000000000000;1,000000000000000;1,000000000000000
2021-04-14;60+;98;98,0;98;98;98;98;98;98;98;98;98;98;562;562,0;562;562;562;562;562,0;562;562;562,0;562;562,0;1,000000000000000;1,000000000000000;1,000000000000000;1,000000000000000;1,000000000000000;1,000000000000000;1,000000000000000;1,000000000000000;1,000000000000000;1,000000000000000;1,000000000000000
2021-04-14;alle;197;197,0;197;197;197;197;197;197;197;197;197;197;1081;1081,0;1081;1081;1081;1081;1081,0;1081;1081;1081,0;1081;1081,0;NA;NA;NA;NA;NA;NA;NA;NA;NA;NA;NA
2021-04-13;0-60;54;54,0;54;54;54;54;54;54;54;54;54;54;478;478,0;478;478;478;478;478,0;478;478;478,0;478;478,0;1,000000000000000;1,000000000000000;1,000000000000000;1,000000000000000;1,000000000000000;1,000000000000000;1,000000000000000;1,000000000000000;1,000000000000000;1,000000000000000;1,000000000000000
2021-04-13;60+;79;79,0;79;79;79;79;79;79;79;79;79;79;544;544,0;544;544;544;544;544,0;544;544;544,0;544;544,0;1,000000000000000;1,000000000000000;1,000000000000000;1,000000000000000;1,000000000000000;1,000000000000000;1,000000000000000;1,000000000000000;1,000000000000000;1,000000000000000;1,000000000000000
2021-04-13;alle;133;133,0;133;133;133;133;133;133;133;133;133;133;1022;1022,0;1022;1022;1022;1022;1022,0;1022;1022;1022,0;1022;1022,0;NA;NA;NA;NA;NA;NA;NA;NA;NA;NA;NA
2021-04-12;0-60;46;46,0;46;46;46;46;46;46;46;46;46;46;449;449,0;449;449;449;449;449,0;449;449;449,0;449;449,0;1,000000000000000;1,000000000000000;1,000000000000000;1,000000000000000;1,000000000000000;1,000000000000000;1,000000000000000;1,000000000000000;1,000000000000000;1,000000000000000;1,000000000000000
2021-04-12;60+;24;24,0;24;24;24;24;24;24;24;24;24;24;502;502,0;502;502;502;502;502,0;502;502;502,0;502;502,0;1,000000000000000;1,000000000000000;1,000000000000000;1,000000000000000;1,000000000000000;1,000000000000000;1,000000000000000;1,000000000000000;1,000000000000000;1,000000000000000;1,000000000000000
2021-04-12;alle;70;70,0;70;70;70;70;70;70;70;70;70;70;951;951,0;951;951;951;951;951,0;951;951;951,0;951;951,0;NA;NA;NA;NA;NA;NA;NA;NA;NA;NA;NA
2021-04-11;0-60;63;63,0;63;63;63;63;63;63;63;63;63;63;NA;NA;NA;NA;NA;NA;NA;NA;NA;NA;NA;NA;1,000000000000000;1,000000000000000;1,000000000000000;1,000000000000000;1,000000000000000;1,000000000000000;1,000000000000000;1,000000000000000;1,000000000000000;1,000000000000000;1,000000000000000
2021-04-11;60+;82;82,0;82;82;82;82;82;82;82;82;82;82;NA;NA;NA;NA;NA;NA;NA;NA;NA;NA;NA;NA;1,000000000000000;1,000000000000000;1,000000000000000;1,000000000000000;1,000000000000000;1,000000000000000;1,000000000000000;1,000000000000000;1,000000000000000;1,000000000000000;1,000000000000000
2021-04-11;alle;145;145,0;145;145;145;145;145;145;145;145;145;145;NA;NA;NA;NA;NA;NA;NA;NA;NA;NA;NA;NA;NA;NA;NA;NA;NA;NA;NA;NA;NA;NA;NA
2021-04-10;0-60;78;78,0;78;78;78;78;78;78;78;78;78;78;NA;NA;NA;NA;NA;NA;NA;NA;NA;NA;NA;NA;1,000000000000000;1,000000000000000;1,000000000000000;1,000000000000000;1,000000000000000;1,000000000000000;1,000000000000000;1,000000000000000;1,000000000000000;1,000000000000000;1,000000000000000
2021-04-10;60+;91;91,0;91;91;91;91;91;91;91;91;91;91;NA;NA;NA;NA;NA;NA;NA;NA;NA;NA;NA;NA;1,000000000000000;1,000000000000000;1,000000000000000;1,000000000000000;1,000000000000000;1,000000000000000;1,000000000000000;1,000000000000000;1,000000000000000;1,000000000000000;1,000000000000000
2021-04-10;alle;169;169,0;169;169;169;169;169;169;169;169;169;169;NA;NA;NA;NA;NA;NA;NA;NA;NA;NA;NA;NA;NA;NA;NA;NA;NA;NA;NA;NA;NA;NA;NA
2021-04-09;0-60;93;93,0;93;93;93;93;93;93;93;93;93;93;NA;NA;NA;NA;NA;NA;NA;NA;NA;NA;NA;NA;1,000000000000000;1,000000000000000;1,000000000000000;1,000000000000000;1,000000000000000;1,000000000000000;1,000000000000000;1,000000000000000;1,000000000000000;1,000000000000000;1,000000000000000
2021-04-09;60+;82;82,0;82;82;82;82;82;82;82;82;82;82;NA;NA;NA;NA;NA;NA;NA;NA;NA;NA;NA;NA;1,000000000000000;1,000000000000000;1,000000000000000;1,000000000000000;1,000000000000000;1,000000000000000;1,000000000000000;1,000000000000000;1,000000000000000;1,000000000000000;1,000000000000000
2021-04-09;alle;175;175,0;175;175;175;175;175;175;175;175;175;175;NA;NA;NA;NA;NA;NA;NA;NA;NA;NA;NA;NA;NA;NA;NA;NA;NA;NA;NA;NA;NA;NA;NA
2021-04-08;0-60;86;86,0;86;86;86;86;86;86;86;86;86;86;NA;NA;NA;NA;NA;NA;NA;NA;NA;NA;NA;NA;1,000000000000000;1,000000000000000;1,000000000000000;1,000000000000000;1,000000000000000;1,000000000000000;1,000000000000000;1,000000000000000;1,000000000000000;1,000000000000000;1,000000000000000
2021-04-08;60+;106;106,0;106;106;106;106;106;106;106;106;106;106;NA;NA;NA;NA;NA;NA;NA;NA;NA;NA;NA;NA;1,000000000000000;1,000000000000000;1,000000000000000;1,000000000000000;1,000000000000000;1,000000000000000;1,000000000000000;1,000000000000000;1,000000000000000;1,000000000000000;1,000000000000000
2021-04-08;alle;192;192,0;192;192;192;192;192;192;192;192;192;192;NA;NA;NA;NA;NA;NA;NA;NA;NA;NA;NA;NA;NA;NA;NA;NA;NA;NA;NA;NA;NA;NA;NA
2021-04-07;0-60;58;58,0;58;58;58;58;58;58;58;58;58;58;NA;NA;NA;NA;NA;NA;NA;NA;NA;NA;NA;NA;1,000000000000000;1,000000000000000;1,000000000000000;1,000000000000000;1,000000000000000;1,000000000000000;1,000000000000000;1,000000000000000;1,000000000000000;1,000000000000000;1,000000000000000
2021-04-07;60+;80;80,0;80;80;80;80;80;80;80;80;80;80;NA;NA;NA;NA;NA;NA;NA;NA;NA;NA;NA;NA;1,000000000000000;1,000000000000000;1,000000000000000;1,000000000000000;1,000000000000000;1,000000000000000;1,000000000000000;1,000000000000000;1,000000000000000;1,000000000000000;1,000000000000000
2021-04-07;alle;138;138,0;138;138;138;138;138;138;138;138;138;138;NA;NA;NA;NA;NA;NA;NA;NA;NA;NA;NA;NA;NA;NA;NA;NA;NA;NA;NA;NA;NA;NA;NA
2021-04-06;0-60;25;25,0;25;25;25;25;25;25;25;25;25;25;NA;NA;NA;NA;NA;NA;NA;NA;NA;NA;NA;NA;1,000000000000000;1,000000000000000;1,000000000000000;1,000000000000000;1,000000000000000;1,000000000000000;1,000000000000000;1,000000000000000;1,000000000000000;1,000000000000000;1,000000000000000
2021-04-06;60+;37;37,0;37;37;37;37;37;37;37;37;37;37;NA;NA;NA;NA;NA;NA;NA;NA;NA;NA;NA;NA;1,000000000000000;1,000000000000000;1,000000000000000;1,000000000000000;1,000000000000000;1,000000000000000;1,000000000000000;1,000000000000000;1,000000000000000;1,000000000000000;1,000000000000000
2021-04-06;alle;62;62,0;62;62;62;62;62;62;62;62;62;62;NA;NA;NA;NA;NA;NA;NA;NA;NA;NA;NA;NA;NA;NA;NA;NA;NA;NA;NA;NA;NA;NA;NA
