date;age60;reported;nowcast_est;nowcast_0.025;nowcast_0.1;nowcast_0.25;nowcast_0.5;nowcast_0.75;nowcast_0.8;nowcast_0.85;nowcast_0.9;nowcast_0.95;nowcast_0.975;reported7;nowcast7_est;nowcast7_0.025;nowcast7_0.1;nowcast7_0.25;nowcast7_0.5;nowcast7_0.75;nowcast7_0.8;nowcast7_0.85;nowcast7_0.9;nowcast7_0.95;nowcast7_0.975;F_est;F_0.025;F_0.1;F_0.25;F_0.5;F_0.75;F_0.8;F_0.85;F_0.9;F_0.95;F_0.975
2022-09-23;0-60;1;9,9;4;6;8;10;13;14;15;16;18;20;49;96,1;79,0;85;90;97;105;107;110;113;119;124,0;0,1011535300786104;0,158771663009015;0,136270179515721;0,1181070141788220;0,0994233303382096;0,0831458006591289;0,0796557097348987;0,0753521148768825;0,0704446976839918;0,0633077175462556;0,0574819728709154
2022-09-23;60+;5;58,9;34;41;49;59;72;75;79;85;95;102;185;386,9;329,0;347;366;390;416;423;433;444;463;480,0;0,0848537096805427;0,134643537691355;0,115398287072646;0,0997601041886348;0,0846756448347411;0,0710148080666888;0,0678717690125550;0,0644323972486198;0,0600658161128267;0,0542613102943709;0,0495876520475979
2022-09-23;alle;6;68,8;40;49;58;69;83;87;92;99;110;119;234;483,0;413,0;436;459;487;519;528;539;554;575;597,0;NA;NA;NA;NA;NA;NA;NA;NA;NA;NA;NA
2022-09-22;0-60;13;32,8;23;26;29;33;37;39;40;42;45;48;57;97,9;83,0;88;93;99;106;107;110;112;117;121,0;0,3967422962992232;0,490521404251402;0,456098085429681;0,4260986989873771;0,3918778627213251;0,3589922451940187;0,3507867370016617;0,3419964445256942;0,3301531704240534;0,3114104334318356;0,2948049263628083
2022-09-22;60+;29;80,6;60;66;73;81;90;92;96;100;106;112;207;364,1;320,0;335;349;366;385;390;395;403;416;427,1;0,3596425555342703;0,451433320375392;0,418683845318453;0,3904166338646833;0,3585091923911348;0,3268470466761624;0,3197819806142337;0,3118285555154613;0,3007443172974532;0,2835759717718012;0,2707837010857135
2022-09-22;alle;42;113,4;87;95;103;114;126;130;133;138;147;155;264;462,0;410,0;428;444;465;488;495;502;512;527;542,0;NA;NA;NA;NA;NA;NA;NA;NA;NA;NA;NA
2022-09-21;0-60;7;12,8;8;10;11;13;15;15;16;17;18;19;49;71,0;61,0;65;68;72;76;77;78;80;83;85,0;0,5480272297693705;0,632279046964488;0,602591039331785;0,5758572507421140;0,5457514460147399;0,5125631486259801;0,5047731190167221;0,4942584562786061;0,4818727468811622;0,4638714798046581;0,4483428358495563
2022-09-21;60+;36;71,3;56;61;66;72;78;79;82;84;88;92;206;316,4;285,0;296;306;317;331;334;338;344;352;361,0;0,5045949132931423;0,591219525371095;0,560404327543524;0,5342914837458154;0,5037949360711478;0,4731109005011759;0,4649605523307635;0,4551604772846733;0,4432008157414433;0,4256775729255219;0,4102729768741089
2022-09-21;alle;43;84,1;67;73;78;84;91;93;96;99;103;108;255;387,4;352,0;364;375;389;404;409;414;420;430;440,0;NA;NA;NA;NA;NA;NA;NA;NA;NA;NA;NA
2022-09-20;0-60;14;20,7;16;17;19;21;23;23;24;25;26;27;49;66,2;58,0;61;63;67;70;71;72;74;76;78,0;0,6754840763388945;0,735343968927644;0,714767363207519;0,6956771035484833;0,6724717822011037;0,6474581141289918;0,6407874314095234;0,6332241302087525;0,6228067123231400;0,6082834269524692;0,5959965514212977
2022-09-20;60+;71;111,3;96;101;106;111;118;119;121;124;128;131;184;261,4;239,0;246;253;262;272;274;277;281;287;293,0;0,6377781157730136;0,701448233846365;0,679379135968811;0,6600668294962643;0,6368798687061532;0,6127145997462894;0,6066121054054650;0,5990935846314209;0,5901867283576058;0,5764072957061627;0,5634347528273205
2022-09-20;alle;85;132,0;115;120;126;132;139;141;143;146;151;154;233;327,7;302,0;310;319;329;340;343;347;351;359;365,0;NA;NA;NA;NA;NA;NA;NA;NA;NA;NA;NA
2022-09-19;0-60;3;3,9;3;3;3;4;5;5;5;5;6;6;64;78,3;71,0;74;76;79;82;83;84;85;87;89,0;0,7661326187989005;0,832875110620632;0,809931442088179;0,7880266309756665;0,7609728762551441;0,7320279207899277;0,7244537331186636;0,7150260192435465;0,7021448148349589;0,6835415515360261;0,6670076646277522
2022-09-19;60+;12;16,3;13;14;15;16;18;18;19;20;21;22;175;221,0;206,0;211;216;222;228;230;232;234;238;242,0;0,7380295092684034;0,810697920546171;0,787319692535308;0,7645667074213692;0,7368205747815409;0,7051140854375694;0,6975738061190383;0,6885050829844004;0,6765282038000192;0,6578895446966128;0,6408969666705298
2022-09-19;alle;15;20,2;16;17;19;20;22;22;23;24;25;26;239;299,3;281,0;288;293;301;308;310;313;316;321;326,0;NA;NA;NA;NA;NA;NA;NA;NA;NA;NA;NA
2022-09-18;0-60;2;2,8;2;2;2;3;3;3;4;4;5;5;62;75,5;69,0;71;73;76;79;80;81;82;84;86,0;0,7231761923175818;0,795913660017352;0,770191481399247;0,7457113490276732;0,7162863070370702;0,6844187382025027;0,6759688680619798;0,6666334896703212;0,6539362273076343;0,6333018687892220;0,6137411564845013
2022-09-18;60+;8;11,5;8;9;10;11;13;13;14;14;15;16;166;208,1;194,0;199;203;209;215;216;218;220;224;227,0;0,6939984584364478;0,772433927887724;0,745736989631731;0,7217707438002607;0,6916704648575736;0,6605569607967137;0,6523692229127455;0,6429228350335874;0,6309894690253894;0,6138301475159063;0,5948857852342021
2022-09-18;alle;10;14,3;11;12;13;14;16;16;17;18;19;20;228;283,6;266,0;272;278;285;292;294;296;299;304;308,0;NA;NA;NA;NA;NA;NA;NA;NA;NA;NA;NA
2022-09-17;0-60;9;13,3;10;11;12;13;15;15;16;17;18;19;60;72,7;66,0;68;70;73;76;77;78;79;81;83,0;0,6789477886824011;0,743445081800586;0,719190249278486;0,6970196177066439;0,6705942453816851;0,6415783720247107;0,6346433766003641;0,6257210889277836;0,6143131932928758;0,5945724774889987;0,5785291256416960
2022-09-17;60+;24;36,9;30;32;34;37;40;41;41;43;45;46;165;204,7;191,0;196;200;205;211;212;214;216;220;223,0;0,6503222406034487;0,716739485625534;0,693251704288005;0,6725959492652389;0,6487960018006627;0,6223048577673396;0,6155951553232599;0,6074509712926378;0,5968939310788577;0,5823728165269940;0,5686102139521578
2022-09-17;alle;33;50,2;42;44;47;50;54;55;56;57;60;62;225;277,5;261,0;267;272;278;286;287;290;292;297;301,0;NA;NA;NA;NA;NA;NA;NA;NA;NA;NA;NA
2022-09-16;0-60;9;11,7;9;10;11;12;13;13;14;14;15;16;54;63,1;58,0;59;61;63;66;66;67;68;70;71,0;0,7670451176221642;0,815841210338359;0,798143445877724;0,7802468452167206;0,7590140721820325;0,7348231415256212;0,7284603573448480;0,7207010540616996;0,7110505444552245;0,6936703431526366;0,6765866782110511
2022-09-16;60+;27;36,1;30;32;34;36;38;39;40;41;42;44;170;202,9;191,0;195;199;203;208;210;211;213;216;219,0;0,7487093592015618;0,797879164155205;0,781422629654381;0,7653770191471769;0,7463584471916527;0,7264350613369538;0,7211505880272961;0,7148640628887319;0,7075225025624980;0,6961742989375783;0,6857654348807646
2022-09-16;alle;36;47,8;41;43;45;48;51;51;52;54;55;57;224;266,1;252,0;257;262;267;273;274;276;279;282;285,0;NA;NA;NA;NA;NA;NA;NA;NA;NA;NA;NA
2022-09-15;0-60;5;5,8;5;5;5;6;6;7;7;7;8;8;48;54,8;50,0;52;53;55;57;58;58;59;60;62,0;0,8604314970290978;0,893047329041866;0,881329067590146;0,8695751333149888;0,8545837009894868;0,8377814672887139;0,8332576922297047;0,8274501695838482;0,8196149688811762;0,8075953054605677;0,7949947610836768
2022-09-15;60+;28;33,0;29;30;31;33;35;35;36;36;37;38;167;194,3;184,0;187;191;195;199;200;201;203;206;208,0;0,8491473428458426;0,882136770304399;0,870760577687518;0,8604782924307732;0,8474825028470931;0,8333972554014502;0,8296694746459985;0,8256480630728814;0,8195262478816525;0,8116916774359187;0,8035282284246782
2022-09-15;alle;33;38,8;35;36;37;39;41;41;42;42;44;45;215;249,2;237,0;241;245;250;255;256;258;260;263;265,0;NA;NA;NA;NA;NA;NA;NA;NA;NA;NA;NA
2022-09-14;0-60;7;8,0;7;7;7;8;9;9;9;9;10;11;52;58,8;54,0;56;57;59;61;62;62;63;64;65,0;0,8707238047897330;0,901941435894666;0,891852518586865;0,8806018229865593;0,8676117708117621;0,8538516204313351;0,8500950722642959;0,8453967405873961;0,8397535503559773;0,8305988565056019;0,8227468594006612
2022-09-14;60+;14;16,4;14;14;15;16;17;18;18;19;19;20;165;189,4;180,0;183;186;190;194;195;196;197;200;202,0;0,8559171537391630;0,887474825830821;0,877052141922444;0,8670798260185824;0,8551192204310829;0,8418289930495382;0,8383405252288643;0,8344366583291747;0,8290699371572210;0,8208410283648863;0,8139393533552838
2022-09-14;alle;21;24,4;21;22;23;24;26;26;26;27;28;29;217;248,2;237,0;241;244;249;254;255;256;258;261;264,0;NA;NA;NA;NA;NA;NA;NA;NA;NA;NA;NA
2022-09-13;0-60;29;32,8;30;30;31;33;34;35;35;36;37;38;51;57,2;53,0;54;56;57;59;60;60;61;62;64,0;0,8844667297715367;0,910111031763846;0,901149958294658;0,8921371009477796;0,8814699346227735;0,8694686014811035;0,8662106424844503;0,8625894374429510;0,8579560517350173;0,8508357040947041;0,8434203553538410
2022-09-13;60+;62;70,9;65;67;69;71;73;74;74;75;77;78;182;206,3;196,0;200;203;207;211;212;213;214;217;219,0;0,8741455478884929;0,899506359639329;0,891020867848305;0,8830228393752375;0,8731687143656097;0,8628195074602779;0,8599765703006992;0,8568076299883698;0,8528216806967356;0,8466194360750523;0,8408741963139719
2022-09-13;alle;91;103,7;97;99;101;104;107;107;108;109;111;113;233;263,5;252,0;256;260;264;269;270;271;273;276;279,0;NA;NA;NA;NA;NA;NA;NA;NA;NA;NA;NA
2022-09-12;0-60;1;1,1;1;1;1;1;1;1;1;2;2;2;42;45,7;43,0;43;44;46;47;48;48;49;50;51,0;0,9011625973379993;0,930945265995947;0,920936650643998;0,9101321103573851;0,8972546066642887;0,8821552199315750;0,8782186209464133;0,8733807788572188;0,8671821905876040;0,8568825630913999;0,8470982003587401
2022-09-12;60+;3;3,3;3;3;3;3;4;4;4;4;5;5;159;176,7;168,0;171;174;177;180;181;182;184;186;188,0;0,8956959614156139;0,926191886158600;0,916652022067110;0,9067066808329560;0,8945291063669785;0,8806891701651831;0,8769392762827282;0,8728467843263064;0,8670821324917044;0,8582762798044278;0,8500361890422162
2022-09-12;alle;4;4,5;4;4;4;4;5;5;5;5;6;6;201;222,4;213,0;216;219;223;227;228;229;230;233;235,0;NA;NA;NA;NA;NA;NA;NA;NA;NA;NA;NA
2022-09-11;0-60;0;0,0;0;0;0;0;0;0;0;0;0;0;46;49,8;47,0;48;49;50;51;52;52;53;54;55,0;0,8635687177982002;0,902726101162688;0,888841811822090;0,8748741486426769;0,8578603130460146;0,8377509996716062;0,8319556138990107;0,8260812609458449;0,8179881490007035;0,8047226906647393;0,7907704681384010
2022-09-11;60+;7;8,1;7;7;7;8;9;9;9;10;10;11;168;185,9;178,0;181;183;186;190;190;192;193;195;197,0;0,8599824151562985;0,899121224441139;0,885848727081105;0,8735351508529957;0,8581679176924037;0,8410912634962366;0,8367094143399302;0,8316682371245572;0,8245648475948768;0,8149197910267709;0,8039462864943535
2022-09-11;alle;7;8,1;7;7;7;8;9;9;9;10;10;11;214;235,8;227,0;230;233;236;240;241;242;244;246;248,0;NA;NA;NA;NA;NA;NA;NA;NA;NA;NA;NA
2022-09-10;0-60;3;3,6;3;3;3;3;4;4;5;5;5;6;48;52,0;49,0;50;51;52;54;54;55;55;56;57,0;0,8252989886941091;0,865767716378021;0,850811753244662;0,8357898814134022;0,8173274732098668;0,7966332661037423;0,7911802534753645;0,7841146530069596;0,7743330879149839;0,7599921149024427;0,7453362597628163
2022-09-10;60+;29;35,1;31;32;33;35;37;37;38;39;40;41;166;183,1;175,0;178;180;183;187;187;189;190;192;194,0;0,8252538622273027;0,862078814448535;0,849580728838645;0,8376609282504075;0,8232974689837302;0,8069494486467681;0,8027167327902378;0,7978726269631270;0,7912823517117646;0,7818266643689927;0,7728662739603198
2022-09-10;alle;32;38,8;34;36;37;39;41;41;42;43;44;45;214;235,1;226,0;229;232;236;239;240;241;243;245;248,0;NA;NA;NA;NA;NA;NA;NA;NA;NA;NA;NA
2022-09-09;0-60;3;3,4;3;3;3;3;4;4;4;4;5;5;48;51,6;48,0;49;50;52;53;54;54;55;56;57,0;0,8702086791191153;0,901255170863562;0,889542543782569;0,8779016495292699;0,8632927823686489;0,8458746622540876;0,8408842240555658;0,8350026181041548;0,8266149333147315;0,8119310325792429;0,7958384531189776
2022-09-09;60+;24;27,4;24;25;26;27;29;29;30;30;31;32;151;163,0;156,0;159;161;163;166;167;167;168;170;171,0;0,8744859963538277;0,901598561976196;0,891902302157395;0,8831057428705078;0,8722950804206004;0,8607195632919971;0,8576725448270707;0,8541826990489232;0,8493348973224221;0,8421087956495625;0,8356384858633306
2022-09-09;alle;27;30,9;28;28;30;31;32;33;33;34;35;36;199;214,6;207,0;210;212;215;218;219;220;221;223;225,0;NA;NA;NA;NA;NA;NA;NA;NA;NA;NA;NA
2022-09-08;0-60;9;9,7;9;9;9;10;10;10;11;11;12;12;53;56,7;54,0;54;55;57;58;59;59;60;61;62,0;0,9233088806079152;0,942429367202170;0,935608435823666;0,9281931196005121;0,9187710832834308;0,9072394997539049;0,9040611615926725;0,8997347727142709;0,8938049609028340;0,8835673979918446;0,8733471860250086
2022-09-08;60+;26;28,1;26;26;27;28;29;29;30;30;31;31;144;153,3;148,0;150;151;153;156;156;157;158;160;161,0;0,9267801314792410;0,943337265428923;0,937857274080999;0,9322954919775908;0,9253101902049419;0,9177602327238853;0,9156922435571562;0,9133715573668979;0,9102322031640744;0,9055602855888002;0,9009373636011664
2022-09-08;alle;35;37,8;35;36;37;38;39;39;40;40;41;42;197;210,0;203,0;206;208;210;213;214;215;216;218;220,0;NA;NA;NA;NA;NA;NA;NA;NA;NA;NA;NA
2022-09-07;0-60;6;6,4;6;6;6;6;7;7;7;7;8;8;50;53,2;50,0;51;52;53;55;55;56;56;57;58,0;0,9322365754397232;0,950807546857586;0,944659856369390;0,9383077207802608;0,9302900344369072;0,9212132945786379;0,9188781907022047;0,9160071492361885;0,9123365783578243;0,9065465761218191;0,9015110349817566
2022-09-07;60+;31;33,3;31;31;32;33;34;35;35;35;36;37;139;146,8;142,0;143;145;147;149;150;150;151;153;154,0;0,9323132819774479;0,948650129677084;0,943407800338141;0,9381081222097197;0,9315872481586747;0,9247103249466077;0,9229278911067782;0,9206919098393315;0,9179052432324208;0,9133621602802572;0,9095853661626738
2022-09-07;alle;37;39,7;37;38;39;40;41;41;42;42;43;44;189;199,9;194,0;196;198;200;203;204;204;206;207;209,0;NA;NA;NA;NA;NA;NA;NA;NA;NA;NA;NA
2022-09-06;0-60;20;21,3;20;20;20;21;22;22;23;23;24;24;51;53,9;51,0;52;53;54;55;56;56;57;58;59,0;0,9398649131966226;0,955669017999688;0,950235921427032;0,9446902591572505;0,9377599701573641;0,9299088686050775;0,9278966041092387;0,9253015502394752;0,9220345511607013;0,9167216709340763;0,9119444604930798
2022-09-06;60+;39;41,4;39;40;40;41;42;43;43;44;44;45;129;134,9;131,0;132;133;135;137;137;138;139;140;141,0;0,9430867102868128;0,956196807575897;0,951889248827447;0,9475777667564270;0,9424721234168332;0,9368131478818523;0,9352913416408690;0,9334222678352990;0,9311961534821884;0,9275094584134590;0,9245675083488358
2022-09-06;alle;59;62,6;60;60;61;63;64;64;65;65;66;67;180;188,8;183,0;185;187;189;192;192;193;194;196;197,0;NA;NA;NA;NA;NA;NA;NA;NA;NA;NA;NA
2022-09-05;0-60;5;5,3;5;5;5;5;6;6;6;6;6;7;45;47,0;45,0;45;46;47;48;48;49;49;50;51,0;0,9491757885491785;0,965666312676625;0,959997460942200;0,9541735422241224;0,9464370826042853;0,9372233878782591;0,9347777919598230;0,9315666931830968;0,9272763482001812;0,9205406698621932;0,9140020306331205
2022-09-05;60+;12;12,6;12;12;12;12;13;13;13;14;14;14;125;129,1;126,0;127;128;129;131;131;132;132;133;134,0;0,9553106291047906;0,969319429982733;0,964941412809522;0,9602567432367008;0,9544259115662028;0,9477868741987158;0,9460594106814583;0,9438637174585791;0,9409996547372791;0,9365259791896163;0,9326860502263683
2022-09-05;alle;17;17,8;17;17;17;18;18;19;19;19;20;20;170;176,1;172,0;173;175;176;178;179;180;180;182;183,0;NA;NA;NA;NA;NA;NA;NA;NA;NA;NA;NA
2022-09-04;0-60;2;2,1;2;2;2;2;2;2;3;3;3;3;41;42,7;41,0;41;42;43;44;44;44;45;46;47,0;0,9307250865390643;0,953669030853333;0,945659283502602;0,9376450267842300;0,9268098060768748;0,9137205182419477;0,9099158389847493;0,9050459978851807;0,8983170616198506;0,8875817646267949;0,8783316468228017
2022-09-04;60+;5;5,3;5;5;5;5;6;6;6;6;6;7;123;126,7;123,9;124;125;127;128;129;129;130;131;132,0;0,9429219837881573;0,960646600012721;0,954944870479769;0,9489792963931650;0,9415952057011236;0,9332439475081261;0,9311194549215496;0,9283408576389428;0,9245208194270180;0,9191977595123718;0,9141146659380857
2022-09-04;alle;7;7,5;7;7;7;7;8;8;8;8;9;9;164;169,4;165,0;167;168;170;171;172;173;173;175;176,0;NA;NA;NA;NA;NA;NA;NA;NA;NA;NA;NA
2022-09-03;0-60;3;3,3;3;3;3;3;4;4;4;4;4;5;41;42,6;41,0;41;42;43;44;44;44;45;46;46,0;0,9128999736586234;0,939405406557699;0,930434112502868;0,9208179116410388;0,9079711228698206;0,8915310284554208;0,8870451508966758;0,8811445962684838;0,8729198200926394;0,8586643592344084;0,8434664998588840
2022-09-03;60+;14;15,0;14;14;14;15;16;16;16;16;17;18;130;133,5;130,0;131;132;134;135;135;136;137;138;138,0;0,9327539395073955;0,951126066397967;0,944928782966581;0,9386195626117735;0,9311371865943110;0,9223887694415779;0,9199474133718186;0,9170392616625995;0,9132841265343203;0,9077904892305344;0,9027623017959016
2022-09-03;alle;17;18,3;17;17;17;18;19;19;20;20;21;21;171;176,2;172,0;173;175;176;178;179;179;180;181;182,0;NA;NA;NA;NA;NA;NA;NA;NA;NA;NA;NA
2022-09-02;0-60;8;8,5;8;8;8;8;9;9;9;10;10;11;43;44,6;43,0;43;44;45;46;46;46;47;47;48,0;0,9374659633257402;0,958181054091307;0,951277947804161;0,9439239139270197;0,9332712462747179;0,9194881282547320;0,9150574441652125;0,9090899205330446;0,9004792100842327;0,8854135230958602;0,8687065581686131
2022-09-02;60+;17;17,8;17;17;17;18;18;19;19;19;20;20;132;134,8;132,0;133;134;135;136;137;137;138;138;139,0;0,9558114638200019;0,968406959352196;0,964112322445237;0,9598222215147809;0,9544272480267962;0,9478470647789239;0,9461336555706001;0,9440020126753421;0,9412149396998326;0,9368095063592371;0,9323197034210339
2022-09-02;alle;25;26,3;25;25;26;26;27;27;28;28;29;29;175;179,4;176,0;177;178;180;181;182;182;183;184;185,0;NA;NA;NA;NA;NA;NA;NA;NA;NA;NA;NA
2022-09-01;0-60;6;6,2;6;6;6;6;6;7;7;7;7;8;39;40,1;39,0;39;39;40;41;41;42;42;43;43,0;0,9655835285364228;0,978052028957454;0,973999750442047;0,9694865362836527;0,9628050037289296;0,9540300584518218;0,9512617237619132;0,9474466957930134;0,9418726849314822;0,9315896553236467;0,9203330643349764
2022-09-01;60+;21;21,5;21;21;21;21;22;22;22;23;23;23;135;137,3;135,0;136;136;137;139;139;139;140;141;141,0;0,9768488289259228;0,984185055609726;0,981748776558984;0,9791704905810428;0,9759677988374440;0,9719831307512143;0,9709727056733248;0,9696472700109116;0,9679907358770339;0,9650633687725322;0,9625792422468060
2022-09-01;alle;27;27,7;27;27;27;28;28;28;29;29;29;30;174;177,5;174,0;175;176;178;179;180;180;181;182;183,0;NA;NA;NA;NA;NA;NA;NA;NA;NA;NA;NA
2022-08-31;0-60;7;7,2;7;7;7;7;7;7;8;8;8;8;41;42,1;41,0;41;41;42;43;43;43;44;45;45,0;0,9743567100613701;0,985594458898771;0,982137048254340;0,9786579284221958;0,9737610656652544;0,9675926120628582;0,9659681072153381;0,9637379330916798;0,9611201450967022;0,9564858139896796;0,9520578396414063
2022-08-31;60+;21;21,4;21;21;21;21;22;22;22;22;23;23;129;130,9;129,0;129;130;131;132;132;133;133;134;135,0;0,9813426019620605;0,988093822919398;0,986020163790211;0,9838260557578239;0,9811258222680226;0,9779709466256806;0,9770462587245649;0,9760271166763486;0,9745579976347194;0,9722696628954622;0,9701167584131684
2022-08-31;alle;28;28,6;28;28;28;28;29;29;29;30;30;31;170;173,0;170,0;171;172;173;175;175;175;176;177;178,0;NA;NA;NA;NA;NA;NA;NA;NA;NA;NA;NA
2022-08-30;0-60;14;14,3;14;14;14;14;15;15;15;15;16;16;39;39,9;39,0;39;39;40;41;41;41;42;42;43,0;0,9767509921636658;0,986908801833424;0,983826327858491;0,9804204751536739;0,9758400875097240;0,9700156025429320;0,9684335657218996;0,9662771202457702;0,9636981041810877;0,9593161115389285;0,9543575824209412
2022-08-30;60+;35;35,5;35;35;35;35;36;36;36;37;37;37;137;138,7;137,0;137;138;139;140;140;140;141;142;142,0;0,9848031542208429;0,990339616912718;0,988617622378989;0,9868394052912516;0,9844645402757352;0,9817766528651030;0,9810267797141143;0,9800921522392758;0,9789085694869526;0,9769024675711763;0,9750160511511750
2022-08-30;alle;49;49,9;49;49;49;50;50;51;51;51;52;52;176;178,6;176,0;177;178;179;180;180;181;182;183;183,0;NA;NA;NA;NA;NA;NA;NA;NA;NA;NA;NA
2022-08-29;0-60;1;1,0;1;1;1;1;1;1;1;1;1;1;35;35,7;35,0;35;35;36;36;37;37;37;38;39,0;0,9791260381431569;0,988997967837064;0,986016712336232;0,9827215543924939;0,9777965852807327;0,9713261454942407;0,9693442458316263;0,9668260784477838;0,9633201002001788;0,9572131969374006;0,9514422635848826
2022-08-29;60+;10;10,1;10;10;10;10;10;10;10;11;11;11;153;154,4;153,0;153;154;154;155;156;156;156;157;158,0;0,9879864376004182;0,993019423638057;0,991518214429810;0,9898399072408635;0,9875699707715329;0,9848259155520740;0,9839875744537765;0,9828994037934617;0,9816713332575524;0,9795798153239658;0,9774672780777193
2022-08-29;alle;11;11,1;11;11;11;11;11;11;11;12;12;12;188;190,1;188,0;188;189;190;191;192;192;193;194;195,0;NA;NA;NA;NA;NA;NA;NA;NA;NA;NA;NA
2022-08-28;0-60;2;2,1;2;2;2;2;2;2;2;2;3;3;37;37,7;37,0;37;37;38;38;39;39;39;40;41,0;0,9699942613945597;0,984906894374666;0,980565277753167;0,9756062741362741;0,9682015912533866;0,9578475386010133;0,9545684601709465;0,9502371462081517;0,9443812537316048;0,9342603387417830;0,9223406296933686
2022-08-28;60+;12;12,2;12;12;12;12;12;12;13;13;13;13;152;153,3;152,0;152;152;153;154;154;155;155;156;157,0;0,9842722841259504;0,991148872225710;0,989082699955761;0,9868208561224919;0,9837265738198984;0,9797143827617245;0,9786112511948057;0,9771440625564687;0,9751896168606550;0,9718459398552297;0,9687344039924413
2022-08-28;alle;14;14,3;14;14;14;14;14;15;15;15;15;16;189;191,0;189,0;189;190;191;192;193;193;194;195;196,0;NA;NA;NA;NA;NA;NA;NA;NA;NA;NA;NA
2022-08-27;0-60;5;5,2;5;5;5;5;5;6;6;6;6;7;35;35,6;35,0;35;35;36;36;36;37;37;38;38,0;0,9603081864179387;0,980460896900203;0,974851746280303;0,9681836783773873;0,9581118601478783;0,9437179957828157;0,9392660997082516;0,9329927931683138;0,9239748993725678;0,9082839735005863;0,8921172769910407
2022-08-27;60+;16;16,3;16;16;16;16;17;17;17;17;18;18;150;151,1;150,0;150;150;151;152;152;153;153;154;154,0;0,9807867499593773;0,989229388103109;0,986765179776415;0,9839387094273886;0,9801733822351074;0,9750160724346864;0,9735646694934925;0,9717335375448746;0,9691879065843825;0,9645412206185151;0,9594105683116806
2022-08-27;alle;21;21,5;21;21;21;21;22;22;22;23;23;23;185;186,8;185,0;185;186;187;188;188;189;189;190;191,0;NA;NA;NA;NA;NA;NA;NA;NA;NA;NA;NA
2022-08-26;0-60;4;4,1;4;4;4;4;4;4;4;5;5;5;36;36,6;36,0;36;36;36;37;37;38;38;39;39,0;0,9697246773358330;0,986551618129653;0,981969522159498;0,9765954112498246;0,9683069273806081;0,9547142258392691;0,9503708191430157;0,9442547317911124;0,9350735100135333;0,9190010746451456;0,9010238124240573
2022-08-26;60+;20;20,3;20;20;20;20;21;21;21;21;21;22;152;153,0;152,0;152;152;153;154;154;154;155;155;156,0;0,9866985859605442;0,993105375432116;0,991233836755448;0,9892026681605471;0,9862915832004436;0,9821254615729037;0,9808079846898533;0,9792631847937099;0,9766899927027382;0,9723228314964325;0,9674942125816379
2022-08-26;alle;24;24,4;24;24;24;24;25;25;25;25;26;26;188;189,6;188,0;188;189;190;191;191;191;192;193;194,0;NA;NA;NA;NA;NA;NA;NA;NA;NA;NA;NA
2022-08-25;0-60;8;8,1;8;8;8;8;8;8;9;9;9;9;42;42,7;42,0;42;42;43;43;44;44;44;45;46,0;0,9835635331762902;0,993103966181227;0,990611800627793;0,9875151692371131;0,9827085223667651;0,9743711327126650;0,9714449911548166;0,9678537150621670;0,9623117062570936;0,9512653434716158;0,9396397833922095
2022-08-25;60+;15;15,1;15;15;15;15;15;15;15;16;16;16;171;172,0;171,0;171;171;172;173;173;173;174;174;175,0;0,9930757673347611;0,996563157792002;0,995624145438121;0,9944661660215078;0,9928245425602054;0,9904313332415644;0,9896947119200927;0,9887351737601532;0,9872819456209521;0,9847270330642728;0,9819476811314394
2022-08-25;alle;23;23,2;23;23;23;23;24;24;24;24;24;25;213;214,6;213,0;213;214;215;216;216;217;217;218;219,0;NA;NA;NA;NA;NA;NA;NA;NA;NA;NA;NA
2022-08-24;0-60;5;5,0;5;5;5;5;5;5;5;5;6;6;46;46,6;46,0;46;46;47;47;47;48;48;49;50,0;0,9904396537190046;0,995785138330496;0,994317850580376;0,9926559696942741;0,9903310323610094;0,9870789675419447;0,9861383573457696;0,9849410738334934;0,9832844268585510;0,9805822347838197;0,9778574360133039
2022-08-24;60+;29;29,1;29;29;29;29;29;29;29;30;30;30;187;187,9;187,0;187;187;188;189;189;189;190;190;191,0;0,9953298329206511;0,997591543861076;0,996958686791982;0,9962556614838264;0,9952887993584066;0,9940648059363335;0,9937149756623365;0,9932769724136332;0,9926822301549694;0,9917181304180031;0,9907038392567067
2022-08-24;alle;34;34,2;34;34;34;34;34;34;35;35;35;35;233;234,6;233,0;233;234;235;236;236;237;237;238;239,0;NA;NA;NA;NA;NA;NA;NA;NA;NA;NA;NA
2022-08-23;0-60;10;10,1;10;10;10;10;10;10;10;11;11;11;50;50,6;50,0;50;50;50;51;51;52;52;53;54,0;0,9899060815156675;0,995697062143020;0,994167730292788;0,9924212660015724;0,9897194985037570;0,9859949641916363;0,9848437116567467;0,9833353253428296;0,9813086097598769;0,9778383703063593;0,9744246152365026
2022-08-23;60+;51;51,2;51;51;51;51;51;52;52;52;52;53;193;193,8;193,0;193;193;194;194;195;195;195;196;197,0;0,9955713348348830;0,997847172690664;0,997252079571368;0,9965361538089075;0,9955305880219925;0,9942062325558620;0,9938121911860368;0,9933172418178509;0,9926270099411454;0,9914756713530521;0,9903022074255614
2022-08-23;alle;61;61,3;61;61;61;61;62;62;62;62;63;63;243;244,4;243,0;243;244;244;246;246;246;247;248;249,0;NA;NA;NA;NA;NA;NA;NA;NA;NA;NA;NA
2022-08-22;0-60;3;3,0;3;3;3;3;3;3;3;3;3;4;53;53,5;53,0;53;53;53;54;54;55;55;56;57,0;0,9893270445408427;0,996102884139474;0,994464258527954;0,9924521577468460;0,9890392171835934;0,9838496060389490;0,9822087040148815;0,9799895924079025;0,9767026351324807;0,9712076153033491;0,9654688492312028
2022-08-22;60+;9;9,0;9;9;9;9;9;9;9;9;9;10;197;197,6;197,0;197;197;197;198;198;199;199;200;200,0;0,9958210872496648;0,998280471939791;0,997671460631284;0,9969404765916638;0,9957712472610023;0,9941436457273213;0,9936329671973958;0,9929628524258429;0,9920093941370753;0,9902975658267976;0,9885684572384956
2022-08-22;alle;12;12,1;12;12;12;12;12;12;12;12;13;13;250;251,1;250,0;250;250;251;252;252;253;253;254;255,0;NA;NA;NA;NA;NA;NA;NA;NA;NA;NA;NA
2022-08-21;0-60;0;0,0;0;0;0;0;0;0;0;0;0;0;52;52,5;52,0;52;52;52;53;53;54;54;55;55,0;0,9832589421988599;0,994635443207446;0,992101303319638;0,9887605753520533;0,9830810059154891;0,9737965711415769;0,9709233051809010;0,9670339640919737;0,9612689957370865;0,9503349175510932;0,9385902783863372
2022-08-21;60+;10;10,1;10;10;10;10;10;10;10;10;11;11;203;203,6;203,0;203;203;203;204;204;205;205;206;206,0;0,9938760841947695;0,997773289274399;0,996872099975636;0,9956808608744128;0,9938577320194686;0,9910493909371656;0,9901951604673025;0,9891395505226250;0,9875505068977604;0,9844486182556582;0,9818535405410761
2022-08-21;alle;10;10,1;10;10;10;10;10;10;10;10;11;11;255;256,1;255,0;255;255;256;257;257;258;258;259;260,0;NA;NA;NA;NA;NA;NA;NA;NA;NA;NA;NA
2022-08-20;0-60;6;6,1;6;6;6;6;6;6;7;7;7;7;55;55,5;55,0;55;55;55;56;56;57;57;58;58,0;0,9766666757164046;0,993412028635416;0,989865979022648;0,9851168602439164;0,9766595499952572;0,9626859072609775;0,9581827545711630;0,9523722242953618;0,9432766826715527;0,9267630476819115;0,9090579819739174
2022-08-20;60+;18;18,1;18;18;18;18;18;18;19;19;19;19;202;202,5;202,0;202;202;202;203;203;203;204;204;205,0;0,9919283191864611;0,997349591562013;0,996128070453333;0,9945583965432805;0,9919478188725339;0,9878821982960604;0,9866017781923113;0,9850918606044587;0,9826474242745457;0,9782194498087075;0,9734610091873941
2022-08-20;alle;24;24,3;24;24;24;24;25;25;25;25;26;26;257;258,0;257,0;257;257;258;259;259;260;260;261;262,0;NA;NA;NA;NA;NA;NA;NA;NA;NA;NA;NA
2022-08-19;0-60;10;10,2;10;10;10;10;10;11;11;11;11;12;58;58,3;58,0;58;58;58;59;59;59;59;60;61,0;0,9811922242547833;0,995729750597939;0,993039291029257;0,9888648437729366;0,9813305744948506;0,9675437989702618;0,9628998337986323;0,9570569182253570;0,9478027034329064;0,9305208239439211;0,9112944818711431
2022-08-19;60+;39;39,2;39;39;39;39;39;40;40;40;40;41;215;215,4;215,0;215;215;215;216;216;216;216;217;217,0;0,9939596356602188;0,998325827366983;0,997438027279127;0,9961502440446748;0,9939891500780037;0,9904517073598608;0,9892726080284956;0,9878021583717456;0,9855063652764089;0,9810312401136349;0,9766844604755583
2022-08-19;alle;49;49,4;49;49;49;49;50;50;50;51;51;52;273;273,7;273,0;273;273;274;274;275;275;275;276;277,0;NA;NA;NA;NA;NA;NA;NA;NA;NA;NA;NA
2022-08-18;0-60;12;12,1;12;12;12;12;12;12;12;13;13;13;59;59,1;59,0;59;59;59;59;59;60;60;60;61,0;0,9906496138996067;0,998257465190693;0,997001980903503;0,9948311694555595;0,9907584422730005;0,9826743405680143;0,9800080889710701;0,9763102430652504;0,9704128699458603;0,9585343691259502;0,9459791832283247
2022-08-18;60+;31;31,1;31;31;31;31;31;31;31;32;32;32;203;203,1;203,0;203;203;203;203;203;203;204;204;204,0;0,9971598400641483;0,999329952080021;0,998903743762052;0,9982959020166489;0,9971765060263174;0,9952300961521536;0,9946484042794492;0,9938293095305828;0,9924961227318205;0,9898470232111781;0,9872639086842911
2022-08-18;alle;43;43,2;43;43;43;43;43;44;44;44;44;45;262;262,3;262,0;262;262;262;263;263;263;263;264;264,0;NA;NA;NA;NA;NA;NA;NA;NA;NA;NA;NA
2022-08-17;0-60;9;9,0;9;9;9;9;9;9;9;9;9;9;54;54,0;54,0;54;54;54;54;54;54;54;54;55,0;0,9989151552181761;0,999665230704368;0,999501010168632;0,9992907959260380;0,9989271554242651;0,9983714893964648;0,9982055948068399;0,9979858850343848;0,9976445042224806;0,9970802032825076;0,9964843229345184
2022-08-17;60+;35;35,0;35;35;35;35;35;35;35;35;35;35;194;194,0;194,0;194;194;194;194;194;194;194;195;195,0;0,9996076536484200;0,999863893278936;0,999805547241582;0,9997284885363480;0,9996120908021318;0,9994419491131858;0,9993825853543644;0,9993136148800700;0,9992217917948052;0,9990432803385600;0,9988614147950612
2022-08-17;alle;44;44,0;44;44;44;44;44;44;44;44;44;45;248;248,1;248,0;248;248;248;248;248;248;248;249;249,0;NA;NA;NA;NA;NA;NA;NA;NA;NA;NA;NA
2022-08-16;0-60;13;13,0;13;13;13;13;13;13;13;13;13;13;53;53,0;53,0;53;53;53;53;53;53;53;53;54,0;0,9986570919853129;0,999682450082189;0,999492034846902;0,9991995250148225;0,9986759732582642;0,9977788934370260;0,9974727804673194;0,9971036383774392;0,9964833845016337;0,9954002892470822;0,9942233754164258
2022-08-16;60+;55;55,0;55;55;55;55;55;55;55;55;55;56;183;183,0;183,0;183;183;183;183;183;183;183;183;184,0;0,9995622807660399;0,999879322300788;0,999810667029081;0,9997206791686939;0,9995701201834930;0,9993265014335804;0,9992424530727126;0,9991338059901300;0,9989923666619356;0,9987011468985703;0,9983890690404305
2022-08-16;alle;68;68,0;68;68;68;68;68;68;68;68;68;69;236;236,1;236,0;236;236;236;236;236;236;236;237;237,0;NA;NA;NA;NA;NA;NA;NA;NA;NA;NA;NA
2022-08-15;0-60;2;2,0;2;2;2;2;2;2;2;2;2;2;52;52,0;52,0;52;52;52;52;52;52;52;52;52,0;0,9983249834987016;0,999741946006282;0,999513820152213;0,9991276767209657;0,9983421514981456;0,9968197762234141;0,9962469885190720;0,9954960066424006;0,9943472188627005;0,9918817401898898;0,9892868616054480
2022-08-15;60+;15;15,0;15;15;15;15;15;15;15;15;15;15;188;188,0;188,0;188;188;188;188;188;188;188;188;188,0;0,9995094506219961;0,999902124614077;0,999827510511245;0,9997198928043771;0,9995150455864227;0,9991458174236370;0,9990248831936011;0,9988595355454323;0,9986121971436654;0,9981042607600502;0,9975217203890077
2022-08-15;alle;17;17,0;17;17;17;17;17;17;17;17;17;17;240;240,0;240,0;240;240;240;240;240;240;240;240;240,0;NA;NA;NA;NA;NA;NA;NA;NA;NA;NA;NA
2022-08-14;0-60;3;3,0;3;3;3;3;3;3;3;3;3;3;52;52,0;52,0;52;52;52;52;52;52;52;52;52,0;1,0000000000000000;1,000000000000000;1,000000000000000;1,0000000000000000;1,0000000000000000;1,0000000000000000;1,0000000000000000;1,0000000000000000;1,0000000000000000;1,0000000000000000;1,0000000000000000
2022-08-14;60+;9;9,0;9;9;9;9;9;9;9;9;9;9;180;180,0;180,0;180;180;180;180;180;180;180;180;180,0;1,0000000000000000;1,000000000000000;1,000000000000000;1,0000000000000000;1,0000000000000000;1,0000000000000000;1,0000000000000000;1,0000000000000000;1,0000000000000000;1,0000000000000000;1,0000000000000000
2022-08-14;alle;12;12,0;12;12;12;12;12;12;12;12;12;12;232;232,0;232,0;232;232;232;232;232;232;232;232;232,0;1,0000000000000000;1,000000000000000;1,000000000000000;1,0000000000000000;1,0000000000000000;1,0000000000000000;1,0000000000000000;1,0000000000000000;1,0000000000000000;1,0000000000000000;1,0000000000000000
2022-08-13;0-60;9;9,0;9;9;9;9;9;9;9;9;9;9;54;54,0;54,0;54;54;54;54;54;54;54;54;54,0;1,0000000000000000;1,000000000000000;1,000000000000000;1,0000000000000000;1,0000000000000000;1,0000000000000000;1,0000000000000000;1,0000000000000000;1,0000000000000000;1,0000000000000000;1,0000000000000000
2022-08-13;60+;31;31,0;31;31;31;31;31;31;31;31;31;31;189;189,0;189,0;189;189;189;189;189;189;189;189;189,0;1,0000000000000000;1,000000000000000;1,000000000000000;1,0000000000000000;1,0000000000000000;1,0000000000000000;1,0000000000000000;1,0000000000000000;1,0000000000000000;1,0000000000000000;1,0000000000000000
2022-08-13;alle;40;40,0;40;40;40;40;40;40;40;40;40;40;243;243,0;243,0;243;243;243;243;243;243;243;243;243,0;1,0000000000000000;1,000000000000000;1,000000000000000;1,0000000000000000;1,0000000000000000;1,0000000000000000;1,0000000000000000;1,0000000000000000;1,0000000000000000;1,0000000000000000;1,0000000000000000
2022-08-12;0-60;11;11,0;11;11;11;11;11;11;11;11;11;11;55;55,0;55,0;55;55;55;55;55;55;55;55;55,0;1,0000000000000000;1,000000000000000;1,000000000000000;1,0000000000000000;1,0000000000000000;1,0000000000000000;1,0000000000000000;1,0000000000000000;1,0000000000000000;1,0000000000000000;1,0000000000000000
2022-08-12;60+;27;27,0;27;27;27;27;27;27;27;27;27;27;193;193,0;193,0;193;193;193;193;193;193;193;193;193,0;1,0000000000000000;1,000000000000000;1,000000000000000;1,0000000000000000;1,0000000000000000;1,0000000000000000;1,0000000000000000;1,0000000000000000;1,0000000000000000;1,0000000000000000;1,0000000000000000
2022-08-12;alle;38;38,0;38;38;38;38;38;38;38;38;38;38;248;248,0;248,0;248;248;248;248;248;248;248;248;248,0;1,0000000000000000;1,000000000000000;1,000000000000000;1,0000000000000000;1,0000000000000000;1,0000000000000000;1,0000000000000000;1,0000000000000000;1,0000000000000000;1,0000000000000000;1,0000000000000000
2022-08-11;0-60;7;7,0;7;7;7;7;7;7;7;7;7;7;55;55,0;55,0;55;55;55;55;55;55;55;55;55,0;1,0000000000000000;1,000000000000000;1,000000000000000;1,0000000000000000;1,0000000000000000;1,0000000000000000;1,0000000000000000;1,0000000000000000;1,0000000000000000;1,0000000000000000;1,0000000000000000
2022-08-11;60+;22;22,0;22;22;22;22;22;22;22;22;22;22;212;212,0;212,0;212;212;212;212;212;212;212;212;212,0;1,0000000000000000;1,000000000000000;1,000000000000000;1,0000000000000000;1,0000000000000000;1,0000000000000000;1,0000000000000000;1,0000000000000000;1,0000000000000000;1,0000000000000000;1,0000000000000000
2022-08-11;alle;29;29,0;29;29;29;29;29;29;29;29;29;29;267;267,0;267,0;267;267;267;267;267;267;267;267;267,0;1,0000000000000000;1,000000000000000;1,000000000000000;1,0000000000000000;1,0000000000000000;1,0000000000000000;1,0000000000000000;1,0000000000000000;1,0000000000000000;1,0000000000000000;1,0000000000000000
2022-08-10;0-60;8;8,0;8;8;8;8;8;8;8;8;8;8;55;55,0;55,0;55;55;55;55;55;55;55;55;55,0;1,0000000000000000;1,000000000000000;1,000000000000000;1,0000000000000000;1,0000000000000000;1,0000000000000000;1,0000000000000000;1,0000000000000000;1,0000000000000000;1,0000000000000000;1,0000000000000000
2022-08-10;60+;24;24,0;24;24;24;24;24;24;24;24;24;24;236;236,0;236,0;236;236;236;236;236;236;236;236;236,0;1,0000000000000000;1,000000000000000;1,000000000000000;1,0000000000000000;1,0000000000000000;1,0000000000000000;1,0000000000000000;1,0000000000000000;1,0000000000000000;1,0000000000000000;1,0000000000000000
2022-08-10;alle;32;32,0;32;32;32;32;32;32;32;32;32;32;291;291,0;291,0;291;291;291;291;291;291;291;291;291,0;1,0000000000000000;1,000000000000000;1,000000000000000;1,0000000000000000;1,0000000000000000;1,0000000000000000;1,0000000000000000;1,0000000000000000;1,0000000000000000;1,0000000000000000;1,0000000000000000
2022-08-09;0-60;12;12,0;12;12;12;12;12;12;12;12;12;12;64;64,0;64,0;64;64;64;64;64;64;64;64;64,0;1,0000000000000000;1,000000000000000;1,000000000000000;1,0000000000000000;1,0000000000000000;1,0000000000000000;1,0000000000000000;1,0000000000000000;1,0000000000000000;1,0000000000000000;1,0000000000000000
2022-08-09;60+;60;60,0;60;60;60;60;60;60;60;60;60;60;278;278,0;278,0;278;278;278;278;278;278;278;278;278,0;1,0000000000000000;1,000000000000000;1,000000000000000;1,0000000000000000;1,0000000000000000;1,0000000000000000;1,0000000000000000;1,0000000000000000;1,0000000000000000;1,0000000000000000;1,0000000000000000
2022-08-09;alle;72;72,0;72;72;72;72;72;72;72;72;72;72;342;342,0;342,0;342;342;342;342;342;342;342;342;342,0;1,0000000000000000;1,000000000000000;1,000000000000000;1,0000000000000000;1,0000000000000000;1,0000000000000000;1,0000000000000000;1,0000000000000000;1,0000000000000000;1,0000000000000000;1,0000000000000000
2022-08-08;0-60;2;2,0;2;2;2;2;2;2;2;2;2;2;63;63,0;63,0;63;63;63;63;63;63;63;63;63,0;1,0000000000000000;1,000000000000000;1,000000000000000;1,0000000000000000;1,0000000000000000;1,0000000000000000;1,0000000000000000;1,0000000000000000;1,0000000000000000;1,0000000000000000;1,0000000000000000
2022-08-08;60+;7;7,0;7;7;7;7;7;7;7;7;7;7;266;266,0;266,0;266;266;266;266;266;266;266;266;266,0;1,0000000000000000;1,000000000000000;1,000000000000000;1,0000000000000000;1,0000000000000000;1,0000000000000000;1,0000000000000000;1,0000000000000000;1,0000000000000000;1,0000000000000000;1,0000000000000000
2022-08-08;alle;9;9,0;9;9;9;9;9;9;9;9;9;9;329;329,0;329,0;329;329;329;329;329;329;329;329;329,0;1,0000000000000000;1,000000000000000;1,000000000000000;1,0000000000000000;1,0000000000000000;1,0000000000000000;1,0000000000000000;1,0000000000000000;1,0000000000000000;1,0000000000000000;1,0000000000000000
2022-08-07;0-60;5;5,0;5;5;5;5;5;5;5;5;5;5;63;63,0;63,0;63;63;63;63;63;63;63;63;63,0;1,0000000000000000;1,000000000000000;1,000000000000000;1,0000000000000000;1,0000000000000000;1,0000000000000000;1,0000000000000000;1,0000000000000000;1,0000000000000000;1,0000000000000000;1,0000000000000000
2022-08-07;60+;18;18,0;18;18;18;18;18;18;18;18;18;18;267;267,0;267,0;267;267;267;267;267;267;267;267;267,0;1,0000000000000000;1,000000000000000;1,000000000000000;1,0000000000000000;1,0000000000000000;1,0000000000000000;1,0000000000000000;1,0000000000000000;1,0000000000000000;1,0000000000000000;1,0000000000000000
2022-08-07;alle;23;23,0;23;23;23;23;23;23;23;23;23;23;330;330,0;330,0;330;330;330;330;330;330;330;330;330,0;1,0000000000000000;1,000000000000000;1,000000000000000;1,0000000000000000;1,0000000000000000;1,0000000000000000;1,0000000000000000;1,0000000000000000;1,0000000000000000;1,0000000000000000;1,0000000000000000
2022-08-06;0-60;10;10,0;10;10;10;10;10;10;10;10;10;10;60;60,0;60,0;60;60;60;60;60;60;60;60;60,0;1,0000000000000000;1,000000000000000;1,000000000000000;1,0000000000000000;1,0000000000000000;1,0000000000000000;1,0000000000000000;1,0000000000000000;1,0000000000000000;1,0000000000000000;1,0000000000000000
2022-08-06;60+;35;35,0;35;35;35;35;35;35;35;35;35;35;263;263,0;263,0;263;263;263;263;263;263;263;263;263,0;1,0000000000000000;1,000000000000000;1,000000000000000;1,0000000000000000;1,0000000000000000;1,0000000000000000;1,0000000000000000;1,0000000000000000;1,0000000000000000;1,0000000000000000;1,0000000000000000
2022-08-06;alle;45;45,0;45;45;45;45;45;45;45;45;45;45;323;323,0;323,0;323;323;323;323;323;323;323;323;323,0;1,0000000000000000;1,000000000000000;1,000000000000000;1,0000000000000000;1,0000000000000000;1,0000000000000000;1,0000000000000000;1,0000000000000000;1,0000000000000000;1,0000000000000000;1,0000000000000000
2022-08-05;0-60;11;11,0;11;11;11;11;11;11;11;11;11;11;62;62,0;62,0;62;62;62;62;62;62;62;62;62,0;1,0000000000000000;1,000000000000000;1,000000000000000;1,0000000000000000;1,0000000000000000;1,0000000000000000;1,0000000000000000;1,0000000000000000;1,0000000000000000;1,0000000000000000;1,0000000000000000
2022-08-05;60+;46;46,0;46;46;46;46;46;46;46;46;46;46;278;278,0;278,0;278;278;278;278;278;278;278;278;278,0;1,0000000000000000;1,000000000000000;1,000000000000000;1,0000000000000000;1,0000000000000000;1,0000000000000000;1,0000000000000000;1,0000000000000000;1,0000000000000000;1,0000000000000000;1,0000000000000000
2022-08-05;alle;57;57,0;57;57;57;57;57;57;57;57;57;57;340;340,0;340,0;340;340;340;340;340;340;340;340;340,0;1,0000000000000000;1,000000000000000;1,000000000000000;1,0000000000000000;1,0000000000000000;1,0000000000000000;1,0000000000000000;1,0000000000000000;1,0000000000000000;1,0000000000000000;1,0000000000000000
2022-08-04;0-60;7;7,0;7;7;7;7;7;7;7;7;7;7;61;61,0;61,0;61;61;61;61;61;61;61;61;61,0;1,0000000000000000;1,000000000000000;1,000000000000000;1,0000000000000000;1,0000000000000000;1,0000000000000000;1,0000000000000000;1,0000000000000000;1,0000000000000000;1,0000000000000000;1,0000000000000000
2022-08-04;60+;46;46,0;46;46;46;46;46;46;46;46;46;46;286;286,0;286,0;286;286;286;286;286;286;286;286;286,0;1,0000000000000000;1,000000000000000;1,000000000000000;1,0000000000000000;1,0000000000000000;1,0000000000000000;1,0000000000000000;1,0000000000000000;1,0000000000000000;1,0000000000000000;1,0000000000000000
2022-08-04;alle;53;53,0;53;53;53;53;53;53;53;53;53;53;347;347,0;347,0;347;347;347;347;347;347;347;347;347,0;1,0000000000000000;1,000000000000000;1,000000000000000;1,0000000000000000;1,0000000000000000;1,0000000000000000;1,0000000000000000;1,0000000000000000;1,0000000000000000;1,0000000000000000;1,0000000000000000
2022-08-03;0-60;17;17,0;17;17;17;17;17;17;17;17;17;17;62;62,0;62,0;62;62;62;62;62;62;62;62;62,0;1,0000000000000000;1,000000000000000;1,000000000000000;1,0000000000000000;1,0000000000000000;1,0000000000000000;1,0000000000000000;1,0000000000000000;1,0000000000000000;1,0000000000000000;1,0000000000000000
2022-08-03;60+;66;66,0;66;66;66;66;66;66;66;66;66;66;291;291,0;291,0;291;291;291;291;291;291;291;291;291,0;1,0000000000000000;1,000000000000000;1,000000000000000;1,0000000000000000;1,0000000000000000;1,0000000000000000;1,0000000000000000;1,0000000000000000;1,0000000000000000;1,0000000000000000;1,0000000000000000
2022-08-03;alle;83;83,0;83;83;83;83;83;83;83;83;83;83;353;353,0;353,0;353;353;353;353;353;353;353;353;353,0;1,0000000000000000;1,000000000000000;1,000000000000000;1,0000000000000000;1,0000000000000000;1,0000000000000000;1,0000000000000000;1,0000000000000000;1,0000000000000000;1,0000000000000000;1,0000000000000000
2022-08-02;0-60;11;11,0;11;11;11;11;11;11;11;11;11;11;56;56,0;56,0;56;56;56;56;56;56;56;56;56,0;1,0000000000000000;1,000000000000000;1,000000000000000;1,0000000000000000;1,0000000000000000;1,0000000000000000;1,0000000000000000;1,0000000000000000;1,0000000000000000;1,0000000000000000;1,0000000000000000
2022-08-02;60+;48;48,0;48;48;48;48;48;48;48;48;48;48;301;301,0;301,0;301;301;301;301;301;301;301;301;301,0;1,0000000000000000;1,000000000000000;1,000000000000000;1,0000000000000000;1,0000000000000000;1,0000000000000000;1,0000000000000000;1,0000000000000000;1,0000000000000000;1,0000000000000000;1,0000000000000000
2022-08-02;alle;59;59,0;59;59;59;59;59;59;59;59;59;59;357;357,0;357,0;357;357;357;357;357;357;357;357;357,0;1,0000000000000000;1,000000000000000;1,000000000000000;1,0000000000000000;1,0000000000000000;1,0000000000000000;1,0000000000000000;1,0000000000000000;1,0000000000000000;1,0000000000000000;1,0000000000000000
2022-08-01;0-60;2;2,0;2;2;2;2;2;2;2;2;2;2;67;67,0;67,0;67;67;67;67;67;67;67;67;67,0;1,0000000000000000;1,000000000000000;1,000000000000000;1,0000000000000000;1,0000000000000000;1,0000000000000000;1,0000000000000000;1,0000000000000000;1,0000000000000000;1,0000000000000000;1,0000000000000000
2022-08-01;60+;8;8,0;8;8;8;8;8;8;8;8;8;8;366;366,0;366,0;366;366;366;366;366;366;366;366;366,0;1,0000000000000000;1,000000000000000;1,000000000000000;1,0000000000000000;1,0000000000000000;1,0000000000000000;1,0000000000000000;1,0000000000000000;1,0000000000000000;1,0000000000000000;1,0000000000000000
2022-08-01;alle;10;10,0;10;10;10;10;10;10;10;10;10;10;433;433,0;433,0;433;433;433;433;433;433;433;433;433,0;1,0000000000000000;1,000000000000000;1,000000000000000;1,0000000000000000;1,0000000000000000;1,0000000000000000;1,0000000000000000;1,0000000000000000;1,0000000000000000;1,0000000000000000;1,0000000000000000
2022-07-31;0-60;2;2,0;2;2;2;2;2;2;2;2;2;2;67;67,0;67,0;67;67;67;67;67;67;67;67;67,0;1,0000000000000000;1,000000000000000;1,000000000000000;1,0000000000000000;1,0000000000000000;1,0000000000000000;1,0000000000000000;1,0000000000000000;1,0000000000000000;1,0000000000000000;1,0000000000000000
2022-07-31;60+;14;14,0;14;14;14;14;14;14;14;14;14;14;390;390,0;390,0;390;390;390;390;390;390;390;390;390,0;1,0000000000000000;1,000000000000000;1,000000000000000;1,0000000000000000;1,0000000000000000;1,0000000000000000;1,0000000000000000;1,0000000000000000;1,0000000000000000;1,0000000000000000;1,0000000000000000
2022-07-31;alle;16;16,0;16;16;16;16;16;16;16;16;16;16;457;457,0;457,0;457;457;457;457;457;457;457;457;457,0;1,0000000000000000;1,000000000000000;1,000000000000000;1,0000000000000000;1,0000000000000000;1,0000000000000000;1,0000000000000000;1,0000000000000000;1,0000000000000000;1,0000000000000000;1,0000000000000000
2022-07-30;0-60;12;12,0;12;12;12;12;12;12;12;12;12;12;71;71,0;71,0;71;71;71;71;71;71;71;71;71,0;1,0000000000000000;1,000000000000000;1,000000000000000;1,0000000000000000;1,0000000000000000;1,0000000000000000;1,0000000000000000;1,0000000000000000;1,0000000000000000;1,0000000000000000;1,0000000000000000
2022-07-30;60+;50;50,0;50;50;50;50;50;50;50;50;50;50;392;392,0;392,0;392;392;392;392;392;392;392;392;392,0;1,0000000000000000;1,000000000000000;1,000000000000000;1,0000000000000000;1,0000000000000000;1,0000000000000000;1,0000000000000000;1,0000000000000000;1,0000000000000000;1,0000000000000000;1,0000000000000000
2022-07-30;alle;62;62,0;62;62;62;62;62;62;62;62;62;62;463;463,0;463,0;463;463;463;463;463;463;463;463;463,0;1,0000000000000000;1,000000000000000;1,000000000000000;1,0000000000000000;1,0000000000000000;1,0000000000000000;1,0000000000000000;1,0000000000000000;1,0000000000000000;1,0000000000000000;1,0000000000000000
2022-07-29;0-60;10;10,0;10;10;10;10;10;10;10;10;10;10;64;64,0;64,0;64;64;64;64;64;64;64;64;64,0;1,0000000000000000;1,000000000000000;1,000000000000000;1,0000000000000000;1,0000000000000000;1,0000000000000000;1,0000000000000000;1,0000000000000000;1,0000000000000000;1,0000000000000000;1,0000000000000000
2022-07-29;60+;54;54,0;54;54;54;54;54;54;54;54;54;54;382;382,0;382,0;382;382;382;382;382;382;382;382;382,0;1,0000000000000000;1,000000000000000;1,000000000000000;1,0000000000000000;1,0000000000000000;1,0000000000000000;1,0000000000000000;1,0000000000000000;1,0000000000000000;1,0000000000000000;1,0000000000000000
2022-07-29;alle;64;64,0;64;64;64;64;64;64;64;64;64;64;446;446,0;446,0;446;446;446;446;446;446;446;446;446,0;1,0000000000000000;1,000000000000000;1,000000000000000;1,0000000000000000;1,0000000000000000;1,0000000000000000;1,0000000000000000;1,0000000000000000;1,0000000000000000;1,0000000000000000;1,0000000000000000
2022-07-28;0-60;8;8,0;8;8;8;8;8;8;8;8;8;8;69;69,0;69,0;69;69;69;69;69;69;69;69;69,0;1,0000000000000000;1,000000000000000;1,000000000000000;1,0000000000000000;1,0000000000000000;1,0000000000000000;1,0000000000000000;1,0000000000000000;1,0000000000000000;1,0000000000000000;1,0000000000000000
2022-07-28;60+;51;51,0;51;51;51;51;51;51;51;51;51;51;379;379,0;379,0;379;379;379;379;379;379;379;379;379,0;1,0000000000000000;1,000000000000000;1,000000000000000;1,0000000000000000;1,0000000000000000;1,0000000000000000;1,0000000000000000;1,0000000000000000;1,0000000000000000;1,0000000000000000;1,0000000000000000
2022-07-28;alle;59;59,0;59;59;59;59;59;59;59;59;59;59;448;448,0;448,0;448;448;448;448;448;448;448;448;448,0;NA;NA;NA;NA;NA;NA;NA;NA;NA;NA;NA
2022-07-27;0-60;11;11,0;11;11;11;11;11;11;11;11;11;11;72;72,0;72,0;72;72;72;72;72;72;72;72;72,0;1,0000000000000000;1,000000000000000;1,000000000000000;1,0000000000000000;1,0000000000000000;1,0000000000000000;1,0000000000000000;1,0000000000000000;1,0000000000000000;1,0000000000000000;1,0000000000000000
2022-07-27;60+;76;76,0;76;76;76;76;76;76;76;76;76;76;373;373,0;373,0;373;373;373;373;373;373;373;373;373,0;1,0000000000000000;1,000000000000000;1,000000000000000;1,0000000000000000;1,0000000000000000;1,0000000000000000;1,0000000000000000;1,0000000000000000;1,0000000000000000;1,0000000000000000;1,0000000000000000
2022-07-27;alle;87;87,0;87;87;87;87;87;87;87;87;87;87;445;445,0;445,0;445;445;445;445;445;445;445;445;445,0;NA;NA;NA;NA;NA;NA;NA;NA;NA;NA;NA
2022-07-26;0-60;22;22,0;22;22;22;22;22;22;22;22;22;22;80;80,0;80,0;80;80;80;80;80;80;80;80;80,0;1,0000000000000000;1,000000000000000;1,000000000000000;1,0000000000000000;1,0000000000000000;1,0000000000000000;1,0000000000000000;1,0000000000000000;1,0000000000000000;1,0000000000000000;1,0000000000000000
2022-07-26;60+;113;113,0;113;113;113;113;113;113;113;113;113;113;341;341,0;341,0;341;341;341;341;341;341;341;341;341,0;1,0000000000000000;1,000000000000000;1,000000000000000;1,0000000000000000;1,0000000000000000;1,0000000000000000;1,0000000000000000;1,0000000000000000;1,0000000000000000;1,0000000000000000;1,0000000000000000
2022-07-26;alle;135;135,0;135;135;135;135;135;135;135;135;135;135;421;421,0;421,0;421;421;421;421;421;421;421;421;421,0;NA;NA;NA;NA;NA;NA;NA;NA;NA;NA;NA
2022-07-25;0-60;2;2,0;2;2;2;2;2;2;2;2;2;2;74;74,0;74,0;74;74;74;74;74;74;74;74;74,0;1,0000000000000000;1,000000000000000;1,000000000000000;1,0000000000000000;1,0000000000000000;1,0000000000000000;1,0000000000000000;1,0000000000000000;1,0000000000000000;1,0000000000000000;1,0000000000000000
2022-07-25;60+;32;32,0;32;32;32;32;32;32;32;32;32;32;285;285,0;285,0;285;285;285;285;285;285;285;285;285,0;1,0000000000000000;1,000000000000000;1,000000000000000;1,0000000000000000;1,0000000000000000;1,0000000000000000;1,0000000000000000;1,0000000000000000;1,0000000000000000;1,0000000000000000;1,0000000000000000
2022-07-25;alle;34;34,0;34;34;34;34;34;34;34;34;34;34;359;359,0;359,0;359;359;359;359;359;359;359;359;359,0;NA;NA;NA;NA;NA;NA;NA;NA;NA;NA;NA
2022-07-24;0-60;6;6,0;6;6;6;6;6;6;6;6;6;6;75;75,0;75,0;75;75;75;75;75;75;75;75;75,0;1,0000000000000000;1,000000000000000;1,000000000000000;1,0000000000000000;1,0000000000000000;1,0000000000000000;1,0000000000000000;1,0000000000000000;1,0000000000000000;1,0000000000000000;1,0000000000000000
2022-07-24;60+;16;16,0;16;16;16;16;16;16;16;16;16;16;263;263,0;263,0;263;263;263;263;263;263;263;263;263,0;1,0000000000000000;1,000000000000000;1,000000000000000;1,0000000000000000;1,0000000000000000;1,0000000000000000;1,0000000000000000;1,0000000000000000;1,0000000000000000;1,0000000000000000;1,0000000000000000
2022-07-24;alle;22;22,0;22;22;22;22;22;22;22;22;22;22;338;338,0;338,0;338;338;338;338;338;338;338;338;338,0;NA;NA;NA;NA;NA;NA;NA;NA;NA;NA;NA
2022-07-23;0-60;5;5,0;5;5;5;5;5;5;5;5;5;5;71;71,0;71,0;71;71;71;71;71;71;71;71;71,0;1,0000000000000000;1,000000000000000;1,000000000000000;1,0000000000000000;1,0000000000000000;1,0000000000000000;1,0000000000000000;1,0000000000000000;1,0000000000000000;1,0000000000000000;1,0000000000000000
2022-07-23;60+;40;40,0;40;40;40;40;40;40;40;40;40;40;255;255,0;255,0;255;255;255;255;255;255;255;255;255,0;1,0000000000000000;1,000000000000000;1,000000000000000;1,0000000000000000;1,0000000000000000;1,0000000000000000;1,0000000000000000;1,0000000000000000;1,0000000000000000;1,0000000000000000;1,0000000000000000
2022-07-23;alle;45;45,0;45;45;45;45;45;45;45;45;45;45;326;326,0;326,0;326;326;326;326;326;326;326;326;326,0;NA;NA;NA;NA;NA;NA;NA;NA;NA;NA;NA
2022-07-22;0-60;15;15,0;15;15;15;15;15;15;15;15;15;15;77;77,0;77,0;77;77;77;77;77;77;77;77;77,0;1,0000000000000000;1,000000000000000;1,000000000000000;1,0000000000000000;1,0000000000000000;1,0000000000000000;1,0000000000000000;1,0000000000000000;1,0000000000000000;1,0000000000000000;1,0000000000000000
2022-07-22;60+;51;51,0;51;51;51;51;51;51;51;51;51;51;266;266,0;266,0;266;266;266;266;266;266;266;266;266,0;1,0000000000000000;1,000000000000000;1,000000000000000;1,0000000000000000;1,0000000000000000;1,0000000000000000;1,0000000000000000;1,0000000000000000;1,0000000000000000;1,0000000000000000;1,0000000000000000
2022-07-22;alle;66;66,0;66;66;66;66;66;66;66;66;66;66;343;343,0;343,0;343;343;343;343;343;343;343;343;343,0;NA;NA;NA;NA;NA;NA;NA;NA;NA;NA;NA
2022-07-21;0-60;11;11,0;11;11;11;11;11;11;11;11;11;11;70;70,0;70,0;70;70;70;70;70;70;70;70;70,0;1,0000000000000000;1,000000000000000;1,000000000000000;1,0000000000000000;1,0000000000000000;1,0000000000000000;1,0000000000000000;1,0000000000000000;1,0000000000000000;1,0000000000000000;1,0000000000000000
2022-07-21;60+;45;45,0;45;45;45;45;45;45;45;45;45;45;232;232,0;232,0;232;232;232;232;232;232;232;232;232,0;1,0000000000000000;1,000000000000000;1,000000000000000;1,0000000000000000;1,0000000000000000;1,0000000000000000;1,0000000000000000;1,0000000000000000;1,0000000000000000;1,0000000000000000;1,0000000000000000
2022-07-21;alle;56;56,0;56;56;56;56;56;56;56;56;56;56;302;302,0;302,0;302;302;302;302;302;302;302;302;302,0;NA;NA;NA;NA;NA;NA;NA;NA;NA;NA;NA
2022-07-20;0-60;19;19,0;19;19;19;19;19;19;19;19;19;19;86;86,0;86,0;86;86;86;86;86;86;86;86;86,0;1,0000000000000000;1,000000000000000;1,000000000000000;1,0000000000000000;1,0000000000000000;1,0000000000000000;1,0000000000000000;1,0000000000000000;1,0000000000000000;1,0000000000000000;1,0000000000000000
2022-07-20;60+;44;44,0;44;44;44;44;44;44;44;44;44;44;223;223,0;223,0;223;223;223;223;223;223;223;223;223,0;1,0000000000000000;1,000000000000000;1,000000000000000;1,0000000000000000;1,0000000000000000;1,0000000000000000;1,0000000000000000;1,0000000000000000;1,0000000000000000;1,0000000000000000;1,0000000000000000
2022-07-20;alle;63;63,0;63;63;63;63;63;63;63;63;63;63;309;309,0;309,0;309;309;309;309;309;309;309;309;309,0;NA;NA;NA;NA;NA;NA;NA;NA;NA;NA;NA
2022-07-19;0-60;16;16,0;16;16;16;16;16;16;16;16;16;16;82;82,0;82,0;82;82;82;82;82;82;82;82;82,0;1,0000000000000000;1,000000000000000;1,000000000000000;1,0000000000000000;1,0000000000000000;1,0000000000000000;1,0000000000000000;1,0000000000000000;1,0000000000000000;1,0000000000000000;1,0000000000000000
2022-07-19;60+;57;57,0;57;57;57;57;57;57;57;57;57;57;222;222,0;222,0;222;222;222;222;222;222;222;222;222,0;1,0000000000000000;1,000000000000000;1,000000000000000;1,0000000000000000;1,0000000000000000;1,0000000000000000;1,0000000000000000;1,0000000000000000;1,0000000000000000;1,0000000000000000;1,0000000000000000
2022-07-19;alle;73;73,0;73;73;73;73;73;73;73;73;73;73;304;304,0;304,0;304;304;304;304;304;304;304;304;304,0;NA;NA;NA;NA;NA;NA;NA;NA;NA;NA;NA
2022-07-18;0-60;3;3,0;3;3;3;3;3;3;3;3;3;3;82;82,0;82,0;82;82;82;82;82;82;82;82;82,0;1,0000000000000000;1,000000000000000;1,000000000000000;1,0000000000000000;1,0000000000000000;1,0000000000000000;1,0000000000000000;1,0000000000000000;1,0000000000000000;1,0000000000000000;1,0000000000000000
2022-07-18;60+;10;10,0;10;10;10;10;10;10;10;10;10;10;238;238,0;238,0;238;238;238;238;238;238;238;238;238,0;1,0000000000000000;1,000000000000000;1,000000000000000;1,0000000000000000;1,0000000000000000;1,0000000000000000;1,0000000000000000;1,0000000000000000;1,0000000000000000;1,0000000000000000;1,0000000000000000
2022-07-18;alle;13;13,0;13;13;13;13;13;13;13;13;13;13;320;320,0;320,0;320;320;320;320;320;320;320;320;320,0;NA;NA;NA;NA;NA;NA;NA;NA;NA;NA;NA
2022-07-17;0-60;2;2,0;2;2;2;2;2;2;2;2;2;2;81;81,0;81,0;81;81;81;81;81;81;81;81;81,0;1,0000000000000000;1,000000000000000;1,000000000000000;1,0000000000000000;1,0000000000000000;1,0000000000000000;1,0000000000000000;1,0000000000000000;1,0000000000000000;1,0000000000000000;1,0000000000000000
2022-07-17;60+;8;8,0;8;8;8;8;8;8;8;8;8;8;243;243,0;243,0;243;243;243;243;243;243;243;243;243,0;1,0000000000000000;1,000000000000000;1,000000000000000;1,0000000000000000;1,0000000000000000;1,0000000000000000;1,0000000000000000;1,0000000000000000;1,0000000000000000;1,0000000000000000;1,0000000000000000
2022-07-17;alle;10;10,0;10;10;10;10;10;10;10;10;10;10;324;324,0;324,0;324;324;324;324;324;324;324;324;324,0;NA;NA;NA;NA;NA;NA;NA;NA;NA;NA;NA
2022-07-16;0-60;11;11,0;11;11;11;11;11;11;11;11;11;11;81;81,0;81,0;81;81;81;81;81;81;81;81;81,0;1,0000000000000000;1,000000000000000;1,000000000000000;1,0000000000000000;1,0000000000000000;1,0000000000000000;1,0000000000000000;1,0000000000000000;1,0000000000000000;1,0000000000000000;1,0000000000000000
2022-07-16;60+;51;51,0;51;51;51;51;51;51;51;51;51;51;249;249,0;249,0;249;249;249;249;249;249;249;249;249,0;1,0000000000000000;1,000000000000000;1,000000000000000;1,0000000000000000;1,0000000000000000;1,0000000000000000;1,0000000000000000;1,0000000000000000;1,0000000000000000;1,0000000000000000;1,0000000000000000
2022-07-16;alle;62;62,0;62;62;62;62;62;62;62;62;62;62;330;330,0;330,0;330;330;330;330;330;330;330;330;330,0;NA;NA;NA;NA;NA;NA;NA;NA;NA;NA;NA
2022-07-15;0-60;8;8,0;8;8;8;8;8;8;8;8;8;8;76;76,0;76,0;76;76;76;76;76;76;76;76;76,0;1,0000000000000000;1,000000000000000;1,000000000000000;1,0000000000000000;1,0000000000000000;1,0000000000000000;1,0000000000000000;1,0000000000000000;1,0000000000000000;1,0000000000000000;1,0000000000000000
2022-07-15;60+;17;17,0;17;17;17;17;17;17;17;17;17;17;224;224,0;224,0;224;224;224;224;224;224;224;224;224,0;1,0000000000000000;1,000000000000000;1,000000000000000;1,0000000000000000;1,0000000000000000;1,0000000000000000;1,0000000000000000;1,0000000000000000;1,0000000000000000;1,0000000000000000;1,0000000000000000
2022-07-15;alle;25;25,0;25;25;25;25;25;25;25;25;25;25;300;300,0;300,0;300;300;300;300;300;300;300;300;300,0;NA;NA;NA;NA;NA;NA;NA;NA;NA;NA;NA
2022-07-14;0-60;27;27,0;27;27;27;27;27;27;27;27;27;27;75;75,0;75,0;75;75;75;75;75;75;75;75;75,0;1,0000000000000000;1,000000000000000;1,000000000000000;1,0000000000000000;1,0000000000000000;1,0000000000000000;1,0000000000000000;1,0000000000000000;1,0000000000000000;1,0000000000000000;1,0000000000000000
2022-07-14;60+;36;36,0;36;36;36;36;36;36;36;36;36;36;236;236,0;236,0;236;236;236;236;236;236;236;236;236,0;1,0000000000000000;1,000000000000000;1,000000000000000;1,0000000000000000;1,0000000000000000;1,0000000000000000;1,0000000000000000;1,0000000000000000;1,0000000000000000;1,0000000000000000;1,0000000000000000
2022-07-14;alle;63;63,0;63;63;63;63;63;63;63;63;63;63;311;311,0;311,0;311;311;311;311;311;311;311;311;311,0;NA;NA;NA;NA;NA;NA;NA;NA;NA;NA;NA
2022-07-13;0-60;15;15,0;15;15;15;15;15;15;15;15;15;15;56;56,0;56,0;56;56;56;56;56;56;56;56;56,0;1,0000000000000000;1,000000000000000;1,000000000000000;1,0000000000000000;1,0000000000000000;1,0000000000000000;1,0000000000000000;1,0000000000000000;1,0000000000000000;1,0000000000000000;1,0000000000000000
2022-07-13;60+;43;43,0;43;43;43;43;43;43;43;43;43;43;230;230,0;230,0;230;230;230;230;230;230;230;230;230,0;1,0000000000000000;1,000000000000000;1,000000000000000;1,0000000000000000;1,0000000000000000;1,0000000000000000;1,0000000000000000;1,0000000000000000;1,0000000000000000;1,0000000000000000;1,0000000000000000
2022-07-13;alle;58;58,0;58;58;58;58;58;58;58;58;58;58;286;286,0;286,0;286;286;286;286;286;286;286;286;286,0;NA;NA;NA;NA;NA;NA;NA;NA;NA;NA;NA
2022-07-12;0-60;16;16,0;16;16;16;16;16;16;16;16;16;16;55;55,0;55,0;55;55;55;55;55;55;55;55;55,0;1,0000000000000000;1,000000000000000;1,000000000000000;1,0000000000000000;1,0000000000000000;1,0000000000000000;1,0000000000000000;1,0000000000000000;1,0000000000000000;1,0000000000000000;1,0000000000000000
2022-07-12;60+;73;73,0;73;73;73;73;73;73;73;73;73;73;211;211,0;211,0;211;211;211;211;211;211;211;211;211,0;1,0000000000000000;1,000000000000000;1,000000000000000;1,0000000000000000;1,0000000000000000;1,0000000000000000;1,0000000000000000;1,0000000000000000;1,0000000000000000;1,0000000000000000;1,0000000000000000
2022-07-12;alle;89;89,0;89;89;89;89;89;89;89;89;89;89;266;266,0;266,0;266;266;266;266;266;266;266;266;266,0;NA;NA;NA;NA;NA;NA;NA;NA;NA;NA;NA
2022-07-11;0-60;2;2,0;2;2;2;2;2;2;2;2;2;2;54;54,0;54,0;54;54;54;54;54;54;54;54;54,0;1,0000000000000000;1,000000000000000;1,000000000000000;1,0000000000000000;1,0000000000000000;1,0000000000000000;1,0000000000000000;1,0000000000000000;1,0000000000000000;1,0000000000000000;1,0000000000000000
2022-07-11;60+;15;15,0;15;15;15;15;15;15;15;15;15;15;171;171,0;171,0;171;171;171;171;171;171;171;171;171,0;1,0000000000000000;1,000000000000000;1,000000000000000;1,0000000000000000;1,0000000000000000;1,0000000000000000;1,0000000000000000;1,0000000000000000;1,0000000000000000;1,0000000000000000;1,0000000000000000
2022-07-11;alle;17;17,0;17;17;17;17;17;17;17;17;17;17;225;225,0;225,0;225;225;225;225;225;225;225;225;225,0;NA;NA;NA;NA;NA;NA;NA;NA;NA;NA;NA
2022-07-10;0-60;2;2,0;2;2;2;2;2;2;2;2;2;2;54;54,0;54,0;54;54;54;54;54;54;54;54;54,0;1,0000000000000000;1,000000000000000;1,000000000000000;1,0000000000000000;1,0000000000000000;1,0000000000000000;1,0000000000000000;1,0000000000000000;1,0000000000000000;1,0000000000000000;1,0000000000000000
2022-07-10;60+;14;14,0;14;14;14;14;14;14;14;14;14;14;170;170,0;170,0;170;170;170;170;170;170;170;170;170,0;1,0000000000000000;1,000000000000000;1,000000000000000;1,0000000000000000;1,0000000000000000;1,0000000000000000;1,0000000000000000;1,0000000000000000;1,0000000000000000;1,0000000000000000;1,0000000000000000
2022-07-10;alle;16;16,0;16;16;16;16;16;16;16;16;16;16;224;224,0;224,0;224;224;224;224;224;224;224;224;224,0;NA;NA;NA;NA;NA;NA;NA;NA;NA;NA;NA
2022-07-09;0-60;6;6,0;6;6;6;6;6;6;6;6;6;6;54;54,0;54,0;54;54;54;54;54;54;54;54;54,0;1,0000000000000000;1,000000000000000;1,000000000000000;1,0000000000000000;1,0000000000000000;1,0000000000000000;1,0000000000000000;1,0000000000000000;1,0000000000000000;1,0000000000000000;1,0000000000000000
2022-07-09;60+;26;26,0;26;26;26;26;26;26;26;26;26;26;164;164,0;164,0;164;164;164;164;164;164;164;164;164,0;1,0000000000000000;1,000000000000000;1,000000000000000;1,0000000000000000;1,0000000000000000;1,0000000000000000;1,0000000000000000;1,0000000000000000;1,0000000000000000;1,0000000000000000;1,0000000000000000
2022-07-09;alle;32;32,0;32;32;32;32;32;32;32;32;32;32;218;218,0;218,0;218;218;218;218;218;218;218;218;218,0;NA;NA;NA;NA;NA;NA;NA;NA;NA;NA;NA
2022-07-08;0-60;7;7,0;7;7;7;7;7;7;7;7;7;7;56;56,0;56,0;56;56;56;56;56;56;56;56;56,0;1,0000000000000000;1,000000000000000;1,000000000000000;1,0000000000000000;1,0000000000000000;1,0000000000000000;1,0000000000000000;1,0000000000000000;1,0000000000000000;1,0000000000000000;1,0000000000000000
2022-07-08;60+;29;29,0;29;29;29;29;29;29;29;29;29;29;155;155,0;155,0;155;155;155;155;155;155;155;155;155,0;1,0000000000000000;1,000000000000000;1,000000000000000;1,0000000000000000;1,0000000000000000;1,0000000000000000;1,0000000000000000;1,0000000000000000;1,0000000000000000;1,0000000000000000;1,0000000000000000
2022-07-08;alle;36;36,0;36;36;36;36;36;36;36;36;36;36;211;211,0;211,0;211;211;211;211;211;211;211;211;211,0;NA;NA;NA;NA;NA;NA;NA;NA;NA;NA;NA
2022-07-07;0-60;8;8,0;8;8;8;8;8;8;8;8;8;8;53;53,0;53,0;53;53;53;53;53;53;53;53;53,0;1,0000000000000000;1,000000000000000;1,000000000000000;1,0000000000000000;1,0000000000000000;1,0000000000000000;1,0000000000000000;1,0000000000000000;1,0000000000000000;1,0000000000000000;1,0000000000000000
2022-07-07;60+;30;30,0;30;30;30;30;30;30;30;30;30;30;143;143,0;143,0;143;143;143;143;143;143;143;143;143,0;1,0000000000000000;1,000000000000000;1,000000000000000;1,0000000000000000;1,0000000000000000;1,0000000000000000;1,0000000000000000;1,0000000000000000;1,0000000000000000;1,0000000000000000;1,0000000000000000
2022-07-07;alle;38;38,0;38;38;38;38;38;38;38;38;38;38;196;196,0;196,0;196;196;196;196;196;196;196;196;196,0;NA;NA;NA;NA;NA;NA;NA;NA;NA;NA;NA
2022-07-06;0-60;14;14,0;14;14;14;14;14;14;14;14;14;14;54;54,0;54,0;54;54;54;54;54;54;54;54;54,0;1,0000000000000000;1,000000000000000;1,000000000000000;1,0000000000000000;1,0000000000000000;1,0000000000000000;1,0000000000000000;1,0000000000000000;1,0000000000000000;1,0000000000000000;1,0000000000000000
2022-07-06;60+;24;24,0;24;24;24;24;24;24;24;24;24;24;137;137,0;137,0;137;137;137;137;137;137;137;137;137,0;1,0000000000000000;1,000000000000000;1,000000000000000;1,0000000000000000;1,0000000000000000;1,0000000000000000;1,0000000000000000;1,0000000000000000;1,0000000000000000;1,0000000000000000;1,0000000000000000
2022-07-06;alle;38;38,0;38;38;38;38;38;38;38;38;38;38;191;191,0;191,0;191;191;191;191;191;191;191;191;191,0;NA;NA;NA;NA;NA;NA;NA;NA;NA;NA;NA
2022-07-05;0-60;15;15,0;15;15;15;15;15;15;15;15;15;15;54;54,0;54,0;54;54;54;54;54;54;54;54;54,0;1,0000000000000000;1,000000000000000;1,000000000000000;1,0000000000000000;1,0000000000000000;1,0000000000000000;1,0000000000000000;1,0000000000000000;1,0000000000000000;1,0000000000000000;1,0000000000000000
2022-07-05;60+;33;33,0;33;33;33;33;33;33;33;33;33;33;139;139,0;139,0;139;139;139;139;139;139;139;139;139,0;1,0000000000000000;1,000000000000000;1,000000000000000;1,0000000000000000;1,0000000000000000;1,0000000000000000;1,0000000000000000;1,0000000000000000;1,0000000000000000;1,0000000000000000;1,0000000000000000
2022-07-05;alle;48;48,0;48;48;48;48;48;48;48;48;48;48;193;193,0;193,0;193;193;193;193;193;193;193;193;193,0;NA;NA;NA;NA;NA;NA;NA;NA;NA;NA;NA
2022-07-04;0-60;2;2,0;2;2;2;2;2;2;2;2;2;2;44;44,0;44,0;44;44;44;44;44;44;44;44;44,0;1,0000000000000000;1,000000000000000;1,000000000000000;1,0000000000000000;1,0000000000000000;1,0000000000000000;1,0000000000000000;1,0000000000000000;1,0000000000000000;1,0000000000000000;1,0000000000000000
2022-07-04;60+;14;14,0;14;14;14;14;14;14;14;14;14;14;135;135,0;135,0;135;135;135;135;135;135;135;135;135,0;1,0000000000000000;1,000000000000000;1,000000000000000;1,0000000000000000;1,0000000000000000;1,0000000000000000;1,0000000000000000;1,0000000000000000;1,0000000000000000;1,0000000000000000;1,0000000000000000
2022-07-04;alle;16;16,0;16;16;16;16;16;16;16;16;16;16;179;179,0;179,0;179;179;179;179;179;179;179;179;179,0;NA;NA;NA;NA;NA;NA;NA;NA;NA;NA;NA
2022-07-03;0-60;2;2,0;2;2;2;2;2;2;2;2;2;2;45;45,0;45,0;45;45;45;45;45;45;45;45;45,0;1,0000000000000000;1,000000000000000;1,000000000000000;1,0000000000000000;1,0000000000000000;1,0000000000000000;1,0000000000000000;1,0000000000000000;1,0000000000000000;1,0000000000000000;1,0000000000000000
2022-07-03;60+;8;8,0;8;8;8;8;8;8;8;8;8;8;133;133,0;133,0;133;133;133;133;133;133;133;133;133,0;1,0000000000000000;1,000000000000000;1,000000000000000;1,0000000000000000;1,0000000000000000;1,0000000000000000;1,0000000000000000;1,0000000000000000;1,0000000000000000;1,0000000000000000;1,0000000000000000
2022-07-03;alle;10;10,0;10;10;10;10;10;10;10;10;10;10;178;178,0;178,0;178;178;178;178;178;178;178;178;178,0;NA;NA;NA;NA;NA;NA;NA;NA;NA;NA;NA
2022-07-02;0-60;8;8,0;8;8;8;8;8;8;8;8;8;8;48;48,0;48,0;48;48;48;48;48;48;48;48;48,0;1,0000000000000000;1,000000000000000;1,000000000000000;1,0000000000000000;1,0000000000000000;1,0000000000000000;1,0000000000000000;1,0000000000000000;1,0000000000000000;1,0000000000000000;1,0000000000000000
2022-07-02;60+;17;17,0;17;17;17;17;17;17;17;17;17;17;137;137,0;137,0;137;137;137;137;137;137;137;137;137,0;1,0000000000000000;1,000000000000000;1,000000000000000;1,0000000000000000;1,0000000000000000;1,0000000000000000;1,0000000000000000;1,0000000000000000;1,0000000000000000;1,0000000000000000;1,0000000000000000
2022-07-02;alle;25;25,0;25;25;25;25;25;25;25;25;25;25;185;185,0;185,0;185;185;185;185;185;185;185;185;185,0;NA;NA;NA;NA;NA;NA;NA;NA;NA;NA;NA
2022-07-01;0-60;4;4,0;4;4;4;4;4;4;4;4;4;4;47;47,0;47,0;47;47;47;47;47;47;47;47;47,0;1,0000000000000000;1,000000000000000;1,000000000000000;1,0000000000000000;1,0000000000000000;1,0000000000000000;1,0000000000000000;1,0000000000000000;1,0000000000000000;1,0000000000000000;1,0000000000000000
2022-07-01;60+;17;17,0;17;17;17;17;17;17;17;17;17;17;130;130,0;130,0;130;130;130;130;130;130;130;130;130,0;1,0000000000000000;1,000000000000000;1,000000000000000;1,0000000000000000;1,0000000000000000;1,0000000000000000;1,0000000000000000;1,0000000000000000;1,0000000000000000;1,0000000000000000;1,0000000000000000
2022-07-01;alle;21;21,0;21;21;21;21;21;21;21;21;21;21;177;177,0;177,0;177;177;177;177;177;177;177;177;177,0;NA;NA;NA;NA;NA;NA;NA;NA;NA;NA;NA
2022-06-30;0-60;9;9,0;9;9;9;9;9;9;9;9;9;9;56;56,0;56,0;56;56;56;56;56;56;56;56;56,0;1,0000000000000000;1,000000000000000;1,000000000000000;1,0000000000000000;1,0000000000000000;1,0000000000000000;1,0000000000000000;1,0000000000000000;1,0000000000000000;1,0000000000000000;1,0000000000000000
2022-06-30;60+;24;24,0;24;24;24;24;24;24;24;24;24;24;127;127,0;127,0;127;127;127;127;127;127;127;127;127,0;1,0000000000000000;1,000000000000000;1,000000000000000;1,0000000000000000;1,0000000000000000;1,0000000000000000;1,0000000000000000;1,0000000000000000;1,0000000000000000;1,0000000000000000;1,0000000000000000
2022-06-30;alle;33;33,0;33;33;33;33;33;33;33;33;33;33;183;183,0;183,0;183;183;183;183;183;183;183;183;183,0;NA;NA;NA;NA;NA;NA;NA;NA;NA;NA;NA
2022-06-29;0-60;14;14,0;14;14;14;14;14;14;14;14;14;14;53;53,0;53,0;53;53;53;53;53;53;53;53;53,0;1,0000000000000000;1,000000000000000;1,000000000000000;1,0000000000000000;1,0000000000000000;1,0000000000000000;1,0000000000000000;1,0000000000000000;1,0000000000000000;1,0000000000000000;1,0000000000000000
2022-06-29;60+;26;26,0;26;26;26;26;26;26;26;26;26;26;113;113,0;113,0;113;113;113;113;113;113;113;113;113,0;1,0000000000000000;1,000000000000000;1,000000000000000;1,0000000000000000;1,0000000000000000;1,0000000000000000;1,0000000000000000;1,0000000000000000;1,0000000000000000;1,0000000000000000;1,0000000000000000
2022-06-29;alle;40;40,0;40;40;40;40;40;40;40;40;40;40;166;166,0;166,0;166;166;166;166;166;166;166;166;166,0;NA;NA;NA;NA;NA;NA;NA;NA;NA;NA;NA
2022-06-28;0-60;5;5,0;5;5;5;5;5;5;5;5;5;5;46;46,0;46,0;46;46;46;46;46;46;46;46;46,0;1,0000000000000000;1,000000000000000;1,000000000000000;1,0000000000000000;1,0000000000000000;1,0000000000000000;1,0000000000000000;1,0000000000000000;1,0000000000000000;1,0000000000000000;1,0000000000000000
2022-06-28;60+;29;29,0;29;29;29;29;29;29;29;29;29;29;104;104,0;104,0;104;104;104;104;104;104;104;104;104,0;1,0000000000000000;1,000000000000000;1,000000000000000;1,0000000000000000;1,0000000000000000;1,0000000000000000;1,0000000000000000;1,0000000000000000;1,0000000000000000;1,0000000000000000;1,0000000000000000
2022-06-28;alle;34;34,0;34;34;34;34;34;34;34;34;34;34;150;150,0;150,0;150;150;150;150;150;150;150;150;150,0;NA;NA;NA;NA;NA;NA;NA;NA;NA;NA;NA
2022-06-27;0-60;3;3,0;3;3;3;3;3;3;3;3;3;3;54;54,0;54,0;54;54;54;54;54;54;54;54;54,0;1,0000000000000000;1,000000000000000;1,000000000000000;1,0000000000000000;1,0000000000000000;1,0000000000000000;1,0000000000000000;1,0000000000000000;1,0000000000000000;1,0000000000000000;1,0000000000000000
2022-06-27;60+;12;12,0;12;12;12;12;12;12;12;12;12;12;108;108,0;108,0;108;108;108;108;108;108;108;108;108,0;1,0000000000000000;1,000000000000000;1,000000000000000;1,0000000000000000;1,0000000000000000;1,0000000000000000;1,0000000000000000;1,0000000000000000;1,0000000000000000;1,0000000000000000;1,0000000000000000
2022-06-27;alle;15;15,0;15;15;15;15;15;15;15;15;15;15;162;162,0;162,0;162;162;162;162;162;162;162;162;162,0;NA;NA;NA;NA;NA;NA;NA;NA;NA;NA;NA
2022-06-26;0-60;5;5,0;5;5;5;5;5;5;5;5;5;5;54;54,0;54,0;54;54;54;54;54;54;54;54;54,0;1,0000000000000000;1,000000000000000;1,000000000000000;1,0000000000000000;1,0000000000000000;1,0000000000000000;1,0000000000000000;1,0000000000000000;1,0000000000000000;1,0000000000000000;1,0000000000000000
2022-06-26;60+;12;12,0;12;12;12;12;12;12;12;12;12;12;102;102,0;102,0;102;102;102;102;102;102;102;102;102,0;1,0000000000000000;1,000000000000000;1,000000000000000;1,0000000000000000;1,0000000000000000;1,0000000000000000;1,0000000000000000;1,0000000000000000;1,0000000000000000;1,0000000000000000;1,0000000000000000
2022-06-26;alle;17;17,0;17;17;17;17;17;17;17;17;17;17;156;156,0;156,0;156;156;156;156;156;156;156;156;156,0;NA;NA;NA;NA;NA;NA;NA;NA;NA;NA;NA
2022-06-25;0-60;7;7,0;7;7;7;7;7;7;7;7;7;7;53;53,0;53,0;53;53;53;53;53;53;53;53;53,0;1,0000000000000000;1,000000000000000;1,000000000000000;1,0000000000000000;1,0000000000000000;1,0000000000000000;1,0000000000000000;1,0000000000000000;1,0000000000000000;1,0000000000000000;1,0000000000000000
2022-06-25;60+;10;10,0;10;10;10;10;10;10;10;10;10;10;96;96,0;96,0;96;96;96;96;96;96;96;96;96,0;1,0000000000000000;1,000000000000000;1,000000000000000;1,0000000000000000;1,0000000000000000;1,0000000000000000;1,0000000000000000;1,0000000000000000;1,0000000000000000;1,0000000000000000;1,0000000000000000
2022-06-25;alle;17;17,0;17;17;17;17;17;17;17;17;17;17;149;149,0;149,0;149;149;149;149;149;149;149;149;149,0;NA;NA;NA;NA;NA;NA;NA;NA;NA;NA;NA
2022-06-24;0-60;13;13,0;13;13;13;13;13;13;13;13;13;13;52;52,0;52,0;52;52;52;52;52;52;52;52;52,0;1,0000000000000000;1,000000000000000;1,000000000000000;1,0000000000000000;1,0000000000000000;1,0000000000000000;1,0000000000000000;1,0000000000000000;1,0000000000000000;1,0000000000000000;1,0000000000000000
2022-06-24;60+;14;14,0;14;14;14;14;14;14;14;14;14;14;100;100,0;100,0;100;100;100;100;100;100;100;100;100,0;1,0000000000000000;1,000000000000000;1,000000000000000;1,0000000000000000;1,0000000000000000;1,0000000000000000;1,0000000000000000;1,0000000000000000;1,0000000000000000;1,0000000000000000;1,0000000000000000
2022-06-24;alle;27;27,0;27;27;27;27;27;27;27;27;27;27;152;152,0;152,0;152;152;152;152;152;152;152;152;152,0;NA;NA;NA;NA;NA;NA;NA;NA;NA;NA;NA
2022-06-23;0-60;6;6,0;6;6;6;6;6;6;6;6;6;6;47;47,0;47,0;47;47;47;47;47;47;47;47;47,0;1,0000000000000000;1,000000000000000;1,000000000000000;1,0000000000000000;1,0000000000000000;1,0000000000000000;1,0000000000000000;1,0000000000000000;1,0000000000000000;1,0000000000000000;1,0000000000000000
2022-06-23;60+;10;10,0;10;10;10;10;10;10;10;10;10;10;100;100,0;100,0;100;100;100;100;100;100;100;100;100,0;1,0000000000000000;1,000000000000000;1,000000000000000;1,0000000000000000;1,0000000000000000;1,0000000000000000;1,0000000000000000;1,0000000000000000;1,0000000000000000;1,0000000000000000;1,0000000000000000
2022-06-23;alle;16;16,0;16;16;16;16;16;16;16;16;16;16;147;147,0;147,0;147;147;147;147;147;147;147;147;147,0;NA;NA;NA;NA;NA;NA;NA;NA;NA;NA;NA
2022-06-22;0-60;7;7,0;7;7;7;7;7;7;7;7;7;7;45;45,0;45,0;45;45;45;45;45;45;45;45;45,0;1,0000000000000000;1,000000000000000;1,000000000000000;1,0000000000000000;1,0000000000000000;1,0000000000000000;1,0000000000000000;1,0000000000000000;1,0000000000000000;1,0000000000000000;1,0000000000000000
2022-06-22;60+;17;17,0;17;17;17;17;17;17;17;17;17;17;96;96,0;96,0;96;96;96;96;96;96;96;96;96,0;1,0000000000000000;1,000000000000000;1,000000000000000;1,0000000000000000;1,0000000000000000;1,0000000000000000;1,0000000000000000;1,0000000000000000;1,0000000000000000;1,0000000000000000;1,0000000000000000
2022-06-22;alle;24;24,0;24;24;24;24;24;24;24;24;24;24;141;141,0;141,0;141;141;141;141;141;141;141;141;141,0;NA;NA;NA;NA;NA;NA;NA;NA;NA;NA;NA
2022-06-21;0-60;13;13,0;13;13;13;13;13;13;13;13;13;13;48;48,0;48,0;48;48;48;48;48;48;48;48;48,0;1,0000000000000000;1,000000000000000;1,000000000000000;1,0000000000000000;1,0000000000000000;1,0000000000000000;1,0000000000000000;1,0000000000000000;1,0000000000000000;1,0000000000000000;1,0000000000000000
2022-06-21;60+;33;33,0;33;33;33;33;33;33;33;33;33;33;97;97,0;97,0;97;97;97;97;97;97;97;97;97,0;1,0000000000000000;1,000000000000000;1,000000000000000;1,0000000000000000;1,0000000000000000;1,0000000000000000;1,0000000000000000;1,0000000000000000;1,0000000000000000;1,0000000000000000;1,0000000000000000
2022-06-21;alle;46;46,0;46;46;46;46;46;46;46;46;46;46;145;145,0;145,0;145;145;145;145;145;145;145;145;145,0;NA;NA;NA;NA;NA;NA;NA;NA;NA;NA;NA
2022-06-20;0-60;3;3,0;3;3;3;3;3;3;3;3;3;3;42;42,0;42,0;42;42;42;42;42;42;42;42;42,0;1,0000000000000000;1,000000000000000;1,000000000000000;1,0000000000000000;1,0000000000000000;1,0000000000000000;1,0000000000000000;1,0000000000000000;1,0000000000000000;1,0000000000000000;1,0000000000000000
2022-06-20;60+;6;6,0;6;6;6;6;6;6;6;6;6;6;81;81,0;81,0;81;81;81;81;81;81;81;81;81,0;1,0000000000000000;1,000000000000000;1,000000000000000;1,0000000000000000;1,0000000000000000;1,0000000000000000;1,0000000000000000;1,0000000000000000;1,0000000000000000;1,0000000000000000;1,0000000000000000
2022-06-20;alle;9;9,0;9;9;9;9;9;9;9;9;9;9;123;123,0;123,0;123;123;123;123;123;123;123;123;123,0;NA;NA;NA;NA;NA;NA;NA;NA;NA;NA;NA
2022-06-19;0-60;4;4,0;4;4;4;4;4;4;4;4;4;4;40;40,0;40,0;40;40;40;40;40;40;40;40;40,0;1,0000000000000000;1,000000000000000;1,000000000000000;1,0000000000000000;1,0000000000000000;1,0000000000000000;1,0000000000000000;1,0000000000000000;1,0000000000000000;1,0000000000000000;1,0000000000000000
2022-06-19;60+;6;6,0;6;6;6;6;6;6;6;6;6;6;79;79,0;79,0;79;79;79;79;79;79;79;79;79,0;1,0000000000000000;1,000000000000000;1,000000000000000;1,0000000000000000;1,0000000000000000;1,0000000000000000;1,0000000000000000;1,0000000000000000;1,0000000000000000;1,0000000000000000;1,0000000000000000
2022-06-19;alle;10;10,0;10;10;10;10;10;10;10;10;10;10;119;119,0;119,0;119;119;119;119;119;119;119;119;119,0;NA;NA;NA;NA;NA;NA;NA;NA;NA;NA;NA
2022-06-18;0-60;6;6,0;6;6;6;6;6;6;6;6;6;6;36;36,0;36,0;36;36;36;36;36;36;36;36;36,0;1,0000000000000000;1,000000000000000;1,000000000000000;1,0000000000000000;1,0000000000000000;1,0000000000000000;1,0000000000000000;1,0000000000000000;1,0000000000000000;1,0000000000000000;1,0000000000000000
2022-06-18;60+;14;14,0;14;14;14;14;14;14;14;14;14;14;75;75,0;75,0;75;75;75;75;75;75;75;75;75,0;1,0000000000000000;1,000000000000000;1,000000000000000;1,0000000000000000;1,0000000000000000;1,0000000000000000;1,0000000000000000;1,0000000000000000;1,0000000000000000;1,0000000000000000;1,0000000000000000
2022-06-18;alle;20;20,0;20;20;20;20;20;20;20;20;20;20;111;111,0;111,0;111;111;111;111;111;111;111;111;111,0;NA;NA;NA;NA;NA;NA;NA;NA;NA;NA;NA
2022-06-17;0-60;8;8,0;8;8;8;8;8;8;8;8;8;8;35;35,0;35,0;35;35;35;35;35;35;35;35;35,0;1,0000000000000000;1,000000000000000;1,000000000000000;1,0000000000000000;1,0000000000000000;1,0000000000000000;1,0000000000000000;1,0000000000000000;1,0000000000000000;1,0000000000000000;1,0000000000000000
2022-06-17;60+;14;14,0;14;14;14;14;14;14;14;14;14;14;69;69,0;69,0;69;69;69;69;69;69;69;69;69,0;1,0000000000000000;1,000000000000000;1,000000000000000;1,0000000000000000;1,0000000000000000;1,0000000000000000;1,0000000000000000;1,0000000000000000;1,0000000000000000;1,0000000000000000;1,0000000000000000
2022-06-17;alle;22;22,0;22;22;22;22;22;22;22;22;22;22;104;104,0;104,0;104;104;104;104;104;104;104;104;104,0;NA;NA;NA;NA;NA;NA;NA;NA;NA;NA;NA
2022-06-16;0-60;4;4,0;4;4;4;4;4;4;4;4;4;4;31;31,0;31,0;31;31;31;31;31;31;31;31;31,0;1,0000000000000000;1,000000000000000;1,000000000000000;1,0000000000000000;1,0000000000000000;1,0000000000000000;1,0000000000000000;1,0000000000000000;1,0000000000000000;1,0000000000000000;1,0000000000000000
2022-06-16;60+;6;6,0;6;6;6;6;6;6;6;6;6;6;68;68,0;68,0;68;68;68;68;68;68;68;68;68,0;1,0000000000000000;1,000000000000000;1,000000000000000;1,0000000000000000;1,0000000000000000;1,0000000000000000;1,0000000000000000;1,0000000000000000;1,0000000000000000;1,0000000000000000;1,0000000000000000
2022-06-16;alle;10;10,0;10;10;10;10;10;10;10;10;10;10;99;99,0;99,0;99;99;99;99;99;99;99;99;99,0;NA;NA;NA;NA;NA;NA;NA;NA;NA;NA;NA
2022-06-15;0-60;10;10,0;10;10;10;10;10;10;10;10;10;10;36;36,0;36,0;36;36;36;36;36;36;36;36;36,0;1,0000000000000000;1,000000000000000;1,000000000000000;1,0000000000000000;1,0000000000000000;1,0000000000000000;1,0000000000000000;1,0000000000000000;1,0000000000000000;1,0000000000000000;1,0000000000000000
2022-06-15;60+;18;18,0;18;18;18;18;18;18;18;18;18;18;75;75,0;75,0;75;75;75;75;75;75;75;75;75,0;1,0000000000000000;1,000000000000000;1,000000000000000;1,0000000000000000;1,0000000000000000;1,0000000000000000;1,0000000000000000;1,0000000000000000;1,0000000000000000;1,0000000000000000;1,0000000000000000
2022-06-15;alle;28;28,0;28;28;28;28;28;28;28;28;28;28;111;111,0;111,0;111;111;111;111;111;111;111;111;111,0;NA;NA;NA;NA;NA;NA;NA;NA;NA;NA;NA
2022-06-14;0-60;7;7,0;7;7;7;7;7;7;7;7;7;7;38;38,0;38,0;38;38;38;38;38;38;38;38;38,0;1,0000000000000000;1,000000000000000;1,000000000000000;1,0000000000000000;1,0000000000000000;1,0000000000000000;1,0000000000000000;1,0000000000000000;1,0000000000000000;1,0000000000000000;1,0000000000000000
2022-06-14;60+;17;17,0;17;17;17;17;17;17;17;17;17;17;72;72,0;72,0;72;72;72;72;72;72;72;72;72,0;1,0000000000000000;1,000000000000000;1,000000000000000;1,0000000000000000;1,0000000000000000;1,0000000000000000;1,0000000000000000;1,0000000000000000;1,0000000000000000;1,0000000000000000;1,0000000000000000
2022-06-14;alle;24;24,0;24;24;24;24;24;24;24;24;24;24;110;110,0;110,0;110;110;110;110;110;110;110;110;110,0;NA;NA;NA;NA;NA;NA;NA;NA;NA;NA;NA
2022-06-13;0-60;1;1,0;1;1;1;1;1;1;1;1;1;1;33;33,0;33,0;33;33;33;33;33;33;33;33;33,0;1,0000000000000000;1,000000000000000;1,000000000000000;1,0000000000000000;1,0000000000000000;1,0000000000000000;1,0000000000000000;1,0000000000000000;1,0000000000000000;1,0000000000000000;1,0000000000000000
2022-06-13;60+;4;4,0;4;4;4;4;4;4;4;4;4;4;64;64,0;64,0;64;64;64;64;64;64;64;64;64,0;1,0000000000000000;1,000000000000000;1,000000000000000;1,0000000000000000;1,0000000000000000;1,0000000000000000;1,0000000000000000;1,0000000000000000;1,0000000000000000;1,0000000000000000;1,0000000000000000
2022-06-13;alle;5;5,0;5;5;5;5;5;5;5;5;5;5;97;97,0;97,0;97;97;97;97;97;97;97;97;97,0;NA;NA;NA;NA;NA;NA;NA;NA;NA;NA;NA
2022-06-12;0-60;0;0,0;0;0;0;0;0;0;0;0;0;0;33;33,0;33,0;33;33;33;33;33;33;33;33;33,0;1,0000000000000000;1,000000000000000;1,000000000000000;1,0000000000000000;1,0000000000000000;1,0000000000000000;1,0000000000000000;1,0000000000000000;1,0000000000000000;1,0000000000000000;1,0000000000000000
2022-06-12;60+;2;2,0;2;2;2;2;2;2;2;2;2;2;66;66,0;66,0;66;66;66;66;66;66;66;66;66,0;1,0000000000000000;1,000000000000000;1,000000000000000;1,0000000000000000;1,0000000000000000;1,0000000000000000;1,0000000000000000;1,0000000000000000;1,0000000000000000;1,0000000000000000;1,0000000000000000
2022-06-12;alle;2;2,0;2;2;2;2;2;2;2;2;2;2;99;99,0;99,0;99;99;99;99;99;99;99;99;99,0;NA;NA;NA;NA;NA;NA;NA;NA;NA;NA;NA
2022-06-11;0-60;5;5,0;5;5;5;5;5;5;5;5;5;5;34;34,0;34,0;34;34;34;34;34;34;34;34;34,0;1,0000000000000000;1,000000000000000;1,000000000000000;1,0000000000000000;1,0000000000000000;1,0000000000000000;1,0000000000000000;1,0000000000000000;1,0000000000000000;1,0000000000000000;1,0000000000000000
2022-06-11;60+;8;8,0;8;8;8;8;8;8;8;8;8;8;72;72,0;72,0;72;72;72;72;72;72;72;72;72,0;1,0000000000000000;1,000000000000000;1,000000000000000;1,0000000000000000;1,0000000000000000;1,0000000000000000;1,0000000000000000;1,0000000000000000;1,0000000000000000;1,0000000000000000;1,0000000000000000
2022-06-11;alle;13;13,0;13;13;13;13;13;13;13;13;13;13;106;106,0;106,0;106;106;106;106;106;106;106;106;106,0;NA;NA;NA;NA;NA;NA;NA;NA;NA;NA;NA
2022-06-10;0-60;4;4,0;4;4;4;4;4;4;4;4;4;4;33;33,0;33,0;33;33;33;33;33;33;33;33;33,0;1,0000000000000000;1,000000000000000;1,000000000000000;1,0000000000000000;1,0000000000000000;1,0000000000000000;1,0000000000000000;1,0000000000000000;1,0000000000000000;1,0000000000000000;1,0000000000000000
2022-06-10;60+;13;13,0;13;13;13;13;13;13;13;13;13;13;74;74,0;74,0;74;74;74;74;74;74;74;74;74,0;1,0000000000000000;1,000000000000000;1,000000000000000;1,0000000000000000;1,0000000000000000;1,0000000000000000;1,0000000000000000;1,0000000000000000;1,0000000000000000;1,0000000000000000;1,0000000000000000
2022-06-10;alle;17;17,0;17;17;17;17;17;17;17;17;17;17;107;107,0;107,0;107;107;107;107;107;107;107;107;107,0;NA;NA;NA;NA;NA;NA;NA;NA;NA;NA;NA
2022-06-09;0-60;9;9,0;9;9;9;9;9;9;9;9;9;9;36;36,0;36,0;36;36;36;36;36;36;36;36;36,0;1,0000000000000000;1,000000000000000;1,000000000000000;1,0000000000000000;1,0000000000000000;1,0000000000000000;1,0000000000000000;1,0000000000000000;1,0000000000000000;1,0000000000000000;1,0000000000000000
2022-06-09;60+;13;13,0;13;13;13;13;13;13;13;13;13;13;74;74,0;74,0;74;74;74;74;74;74;74;74;74,0;1,0000000000000000;1,000000000000000;1,000000000000000;1,0000000000000000;1,0000000000000000;1,0000000000000000;1,0000000000000000;1,0000000000000000;1,0000000000000000;1,0000000000000000;1,0000000000000000
2022-06-09;alle;22;22,0;22;22;22;22;22;22;22;22;22;22;110;110,0;110,0;110;110;110;110;110;110;110;110;110,0;NA;NA;NA;NA;NA;NA;NA;NA;NA;NA;NA
2022-06-08;0-60;12;12,0;12;12;12;12;12;12;12;12;12;12;31;31,0;31,0;31;31;31;31;31;31;31;31;31,0;1,0000000000000000;1,000000000000000;1,000000000000000;1,0000000000000000;1,0000000000000000;1,0000000000000000;1,0000000000000000;1,0000000000000000;1,0000000000000000;1,0000000000000000;1,0000000000000000
2022-06-08;60+;15;15,0;15;15;15;15;15;15;15;15;15;15;71;71,0;71,0;71;71;71;71;71;71;71;71;71,0;1,0000000000000000;1,000000000000000;1,000000000000000;1,0000000000000000;1,0000000000000000;1,0000000000000000;1,0000000000000000;1,0000000000000000;1,0000000000000000;1,0000000000000000;1,0000000000000000
2022-06-08;alle;27;27,0;27;27;27;27;27;27;27;27;27;27;102;102,0;102,0;102;102;102;102;102;102;102;102;102,0;NA;NA;NA;NA;NA;NA;NA;NA;NA;NA;NA
2022-06-07;0-60;2;2,0;2;2;2;2;2;2;2;2;2;2;22;22,0;22,0;22;22;22;22;22;22;22;22;22,0;1,0000000000000000;1,000000000000000;1,000000000000000;1,0000000000000000;1,0000000000000000;1,0000000000000000;1,0000000000000000;1,0000000000000000;1,0000000000000000;1,0000000000000000;1,0000000000000000
2022-06-07;60+;9;9,0;9;9;9;9;9;9;9;9;9;9;71;71,0;71,0;71;71;71;71;71;71;71;71;71,0;1,0000000000000000;1,000000000000000;1,000000000000000;1,0000000000000000;1,0000000000000000;1,0000000000000000;1,0000000000000000;1,0000000000000000;1,0000000000000000;1,0000000000000000;1,0000000000000000
2022-06-07;alle;11;11,0;11;11;11;11;11;11;11;11;11;11;93;93,0;93,0;93;93;93;93;93;93;93;93;93,0;NA;NA;NA;NA;NA;NA;NA;NA;NA;NA;NA
2022-06-06;0-60;1;1,0;1;1;1;1;1;1;1;1;1;1;23;23,0;23,0;23;23;23;23;23;23;23;23;23,0;1,0000000000000000;1,000000000000000;1,000000000000000;1,0000000000000000;1,0000000000000000;1,0000000000000000;1,0000000000000000;1,0000000000000000;1,0000000000000000;1,0000000000000000;1,0000000000000000
2022-06-06;60+;6;6,0;6;6;6;6;6;6;6;6;6;6;83;83,0;83,0;83;83;83;83;83;83;83;83;83,0;1,0000000000000000;1,000000000000000;1,000000000000000;1,0000000000000000;1,0000000000000000;1,0000000000000000;1,0000000000000000;1,0000000000000000;1,0000000000000000;1,0000000000000000;1,0000000000000000
2022-06-06;alle;7;7,0;7;7;7;7;7;7;7;7;7;7;106;106,0;106,0;106;106;106;106;106;106;106;106;106,0;NA;NA;NA;NA;NA;NA;NA;NA;NA;NA;NA
2022-06-05;0-60;1;1,0;1;1;1;1;1;1;1;1;1;1;23;23,0;23,0;23;23;23;23;23;23;23;23;23,0;1,0000000000000000;1,000000000000000;1,000000000000000;1,0000000000000000;1,0000000000000000;1,0000000000000000;1,0000000000000000;1,0000000000000000;1,0000000000000000;1,0000000000000000;1,0000000000000000
2022-06-05;60+;8;8,0;8;8;8;8;8;8;8;8;8;8;80;80,0;80,0;80;80;80;80;80;80;80;80;80,0;1,0000000000000000;1,000000000000000;1,000000000000000;1,0000000000000000;1,0000000000000000;1,0000000000000000;1,0000000000000000;1,0000000000000000;1,0000000000000000;1,0000000000000000;1,0000000000000000
2022-06-05;alle;9;9,0;9;9;9;9;9;9;9;9;9;9;103;103,0;103,0;103;103;103;103;103;103;103;103;103,0;NA;NA;NA;NA;NA;NA;NA;NA;NA;NA;NA
2022-06-04;0-60;4;4,0;4;4;4;4;4;4;4;4;4;4;25;25,0;25,0;25;25;25;25;25;25;25;25;25,0;1,0000000000000000;1,000000000000000;1,000000000000000;1,0000000000000000;1,0000000000000000;1,0000000000000000;1,0000000000000000;1,0000000000000000;1,0000000000000000;1,0000000000000000;1,0000000000000000
2022-06-04;60+;10;10,0;10;10;10;10;10;10;10;10;10;10;73;73,0;73,0;73;73;73;73;73;73;73;73;73,0;1,0000000000000000;1,000000000000000;1,000000000000000;1,0000000000000000;1,0000000000000000;1,0000000000000000;1,0000000000000000;1,0000000000000000;1,0000000000000000;1,0000000000000000;1,0000000000000000
2022-06-04;alle;14;14,0;14;14;14;14;14;14;14;14;14;14;98;98,0;98,0;98;98;98;98;98;98;98;98;98,0;NA;NA;NA;NA;NA;NA;NA;NA;NA;NA;NA
2022-06-03;0-60;7;7,0;7;7;7;7;7;7;7;7;7;7;31;31,0;31,0;31;31;31;31;31;31;31;31;31,0;1,0000000000000000;1,000000000000000;1,000000000000000;1,0000000000000000;1,0000000000000000;1,0000000000000000;1,0000000000000000;1,0000000000000000;1,0000000000000000;1,0000000000000000;1,0000000000000000
2022-06-03;60+;13;13,0;13;13;13;13;13;13;13;13;13;13;71;71,0;71,0;71;71;71;71;71;71;71;71;71,0;1,0000000000000000;1,000000000000000;1,000000000000000;1,0000000000000000;1,0000000000000000;1,0000000000000000;1,0000000000000000;1,0000000000000000;1,0000000000000000;1,0000000000000000;1,0000000000000000
2022-06-03;alle;20;20,0;20;20;20;20;20;20;20;20;20;20;102;102,0;102,0;102;102;102;102;102;102;102;102;102,0;NA;NA;NA;NA;NA;NA;NA;NA;NA;NA;NA
2022-06-02;0-60;4;4,0;4;4;4;4;4;4;4;4;4;4;24;24,0;24,0;24;24;24;24;24;24;24;24;24,0;1,0000000000000000;1,000000000000000;1,000000000000000;1,0000000000000000;1,0000000000000000;1,0000000000000000;1,0000000000000000;1,0000000000000000;1,0000000000000000;1,0000000000000000;1,0000000000000000
2022-06-02;60+;10;10,0;10;10;10;10;10;10;10;10;10;10;59;59,0;59,0;59;59;59;59;59;59;59;59;59,0;1,0000000000000000;1,000000000000000;1,000000000000000;1,0000000000000000;1,0000000000000000;1,0000000000000000;1,0000000000000000;1,0000000000000000;1,0000000000000000;1,0000000000000000;1,0000000000000000
2022-06-02;alle;14;14,0;14;14;14;14;14;14;14;14;14;14;83;83,0;83,0;83;83;83;83;83;83;83;83;83,0;NA;NA;NA;NA;NA;NA;NA;NA;NA;NA;NA
2022-06-01;0-60;3;3,0;3;3;3;3;3;3;3;3;3;3;24;24,0;24,0;24;24;24;24;24;24;24;24;24,0;1,0000000000000000;1,000000000000000;1,000000000000000;1,0000000000000000;1,0000000000000000;1,0000000000000000;1,0000000000000000;1,0000000000000000;1,0000000000000000;1,0000000000000000;1,0000000000000000
2022-06-01;60+;15;15,0;15;15;15;15;15;15;15;15;15;15;58;58,0;58,0;58;58;58;58;58;58;58;58;58,0;1,0000000000000000;1,000000000000000;1,000000000000000;1,0000000000000000;1,0000000000000000;1,0000000000000000;1,0000000000000000;1,0000000000000000;1,0000000000000000;1,0000000000000000;1,0000000000000000
2022-06-01;alle;18;18,0;18;18;18;18;18;18;18;18;18;18;82;82,0;82,0;82;82;82;82;82;82;82;82;82,0;NA;NA;NA;NA;NA;NA;NA;NA;NA;NA;NA
2022-05-31;0-60;3;3,0;3;3;3;3;3;3;3;3;3;3;24;24,0;24,0;24;24;24;24;24;24;24;24;24,0;1,0000000000000000;1,000000000000000;1,000000000000000;1,0000000000000000;1,0000000000000000;1,0000000000000000;1,0000000000000000;1,0000000000000000;1,0000000000000000;1,0000000000000000;1,0000000000000000
2022-05-31;60+;21;21,0;21;21;21;21;21;21;21;21;21;21;57;57,0;57,0;57;57;57;57;57;57;57;57;57,0;1,0000000000000000;1,000000000000000;1,000000000000000;1,0000000000000000;1,0000000000000000;1,0000000000000000;1,0000000000000000;1,0000000000000000;1,0000000000000000;1,0000000000000000;1,0000000000000000
2022-05-31;alle;24;24,0;24;24;24;24;24;24;24;24;24;24;81;81,0;81,0;81;81;81;81;81;81;81;81;81,0;NA;NA;NA;NA;NA;NA;NA;NA;NA;NA;NA
2022-05-30;0-60;1;1,0;1;1;1;1;1;1;1;1;1;1;26;26,0;26,0;26;26;26;26;26;26;26;26;26,0;1,0000000000000000;1,000000000000000;1,000000000000000;1,0000000000000000;1,0000000000000000;1,0000000000000000;1,0000000000000000;1,0000000000000000;1,0000000000000000;1,0000000000000000;1,0000000000000000
2022-05-30;60+;3;3,0;3;3;3;3;3;3;3;3;3;3;47;47,0;47,0;47;47;47;47;47;47;47;47;47,0;1,0000000000000000;1,000000000000000;1,000000000000000;1,0000000000000000;1,0000000000000000;1,0000000000000000;1,0000000000000000;1,0000000000000000;1,0000000000000000;1,0000000000000000;1,0000000000000000
2022-05-30;alle;4;4,0;4;4;4;4;4;4;4;4;4;4;73;73,0;73,0;73;73;73;73;73;73;73;73;73,0;NA;NA;NA;NA;NA;NA;NA;NA;NA;NA;NA
2022-05-29;0-60;3;3,0;3;3;3;3;3;3;3;3;3;3;27;27,0;27,0;27;27;27;27;27;27;27;27;27,0;1,0000000000000000;1,000000000000000;1,000000000000000;1,0000000000000000;1,0000000000000000;1,0000000000000000;1,0000000000000000;1,0000000000000000;1,0000000000000000;1,0000000000000000;1,0000000000000000
2022-05-29;60+;1;1,0;1;1;1;1;1;1;1;1;1;1;49;49,0;49,0;49;49;49;49;49;49;49;49;49,0;1,0000000000000000;1,000000000000000;1,000000000000000;1,0000000000000000;1,0000000000000000;1,0000000000000000;1,0000000000000000;1,0000000000000000;1,0000000000000000;1,0000000000000000;1,0000000000000000
2022-05-29;alle;4;4,0;4;4;4;4;4;4;4;4;4;4;76;76,0;76,0;76;76;76;76;76;76;76;76;76,0;NA;NA;NA;NA;NA;NA;NA;NA;NA;NA;NA
2022-05-28;0-60;10;10,0;10;10;10;10;10;10;10;10;10;10;24;24,0;24,0;24;24;24;24;24;24;24;24;24,0;1,0000000000000000;1,000000000000000;1,000000000000000;1,0000000000000000;1,0000000000000000;1,0000000000000000;1,0000000000000000;1,0000000000000000;1,0000000000000000;1,0000000000000000;1,0000000000000000
2022-05-28;60+;8;8,0;8;8;8;8;8;8;8;8;8;8;53;53,0;53,0;53;53;53;53;53;53;53;53;53,0;1,0000000000000000;1,000000000000000;1,000000000000000;1,0000000000000000;1,0000000000000000;1,0000000000000000;1,0000000000000000;1,0000000000000000;1,0000000000000000;1,0000000000000000;1,0000000000000000
2022-05-28;alle;18;18,0;18;18;18;18;18;18;18;18;18;18;77;77,0;77,0;77;77;77;77;77;77;77;77;77,0;NA;NA;NA;NA;NA;NA;NA;NA;NA;NA;NA
2022-05-27;0-60;0;0,0;0;0;0;0;0;0;0;0;0;0;19;19,0;19,0;19;19;19;19;19;19;19;19;19,0;1,0000000000000000;1,000000000000000;1,000000000000000;1,0000000000000000;1,0000000000000000;1,0000000000000000;1,0000000000000000;1,0000000000000000;1,0000000000000000;1,0000000000000000;1,0000000000000000
2022-05-27;60+;1;1,0;1;1;1;1;1;1;1;1;1;1;56;56,0;56,0;56;56;56;56;56;56;56;56;56,0;1,0000000000000000;1,000000000000000;1,000000000000000;1,0000000000000000;1,0000000000000000;1,0000000000000000;1,0000000000000000;1,0000000000000000;1,0000000000000000;1,0000000000000000;1,0000000000000000
2022-05-27;alle;1;1,0;1;1;1;1;1;1;1;1;1;1;75;75,0;75,0;75;75;75;75;75;75;75;75;75,0;NA;NA;NA;NA;NA;NA;NA;NA;NA;NA;NA
2022-05-26;0-60;4;4,0;4;4;4;4;4;4;4;4;4;4;22;22,0;22,0;22;22;22;22;22;22;22;22;22,0;1,0000000000000000;1,000000000000000;1,000000000000000;1,0000000000000000;1,0000000000000000;1,0000000000000000;1,0000000000000000;1,0000000000000000;1,0000000000000000;1,0000000000000000;1,0000000000000000
2022-05-26;60+;9;9,0;9;9;9;9;9;9;9;9;9;9;64;64,0;64,0;64;64;64;64;64;64;64;64;64,0;1,0000000000000000;1,000000000000000;1,000000000000000;1,0000000000000000;1,0000000000000000;1,0000000000000000;1,0000000000000000;1,0000000000000000;1,0000000000000000;1,0000000000000000;1,0000000000000000
2022-05-26;alle;13;13,0;13;13;13;13;13;13;13;13;13;13;86;86,0;86,0;86;86;86;86;86;86;86;86;86,0;NA;NA;NA;NA;NA;NA;NA;NA;NA;NA;NA
2022-05-25;0-60;3;3,0;3;3;3;3;3;3;3;3;3;3;21;21,0;21,0;21;21;21;21;21;21;21;21;21,0;1,0000000000000000;1,000000000000000;1,000000000000000;1,0000000000000000;1,0000000000000000;1,0000000000000000;1,0000000000000000;1,0000000000000000;1,0000000000000000;1,0000000000000000;1,0000000000000000
2022-05-25;60+;14;14,0;14;14;14;14;14;14;14;14;14;14;64;64,0;64,0;64;64;64;64;64;64;64;64;64,0;1,0000000000000000;1,000000000000000;1,000000000000000;1,0000000000000000;1,0000000000000000;1,0000000000000000;1,0000000000000000;1,0000000000000000;1,0000000000000000;1,0000000000000000;1,0000000000000000
2022-05-25;alle;17;17,0;17;17;17;17;17;17;17;17;17;17;85;85,0;85,0;85;85;85;85;85;85;85;85;85,0;NA;NA;NA;NA;NA;NA;NA;NA;NA;NA;NA
2022-05-24;0-60;5;5,0;5;5;5;5;5;5;5;5;5;5;23;23,0;23,0;23;23;23;23;23;23;23;23;23,0;1,0000000000000000;1,000000000000000;1,000000000000000;1,0000000000000000;1,0000000000000000;1,0000000000000000;1,0000000000000000;1,0000000000000000;1,0000000000000000;1,0000000000000000;1,0000000000000000
2022-05-24;60+;11;11,0;11;11;11;11;11;11;11;11;11;11;72;72,0;72,0;72;72;72;72;72;72;72;72;72,0;1,0000000000000000;1,000000000000000;1,000000000000000;1,0000000000000000;1,0000000000000000;1,0000000000000000;1,0000000000000000;1,0000000000000000;1,0000000000000000;1,0000000000000000;1,0000000000000000
2022-05-24;alle;16;16,0;16;16;16;16;16;16;16;16;16;16;95;95,0;95,0;95;95;95;95;95;95;95;95;95,0;NA;NA;NA;NA;NA;NA;NA;NA;NA;NA;NA
2022-05-23;0-60;2;2,0;2;2;2;2;2;2;2;2;2;2;23;23,0;23,0;23;23;23;23;23;23;23;23;23,0;1,0000000000000000;1,000000000000000;1,000000000000000;1,0000000000000000;1,0000000000000000;1,0000000000000000;1,0000000000000000;1,0000000000000000;1,0000000000000000;1,0000000000000000;1,0000000000000000
2022-05-23;60+;5;5,0;5;5;5;5;5;5;5;5;5;5;91;91,0;91,0;91;91;91;91;91;91;91;91;91,0;1,0000000000000000;1,000000000000000;1,000000000000000;1,0000000000000000;1,0000000000000000;1,0000000000000000;1,0000000000000000;1,0000000000000000;1,0000000000000000;1,0000000000000000;1,0000000000000000
2022-05-23;alle;7;7,0;7;7;7;7;7;7;7;7;7;7;114;114,0;114,0;114;114;114;114;114;114;114;114;114,0;NA;NA;NA;NA;NA;NA;NA;NA;NA;NA;NA
2022-05-22;0-60;0;0,0;0;0;0;0;0;0;0;0;0;0;21;21,0;21,0;21;21;21;21;21;21;21;21;21,0;1,0000000000000000;1,000000000000000;1,000000000000000;1,0000000000000000;1,0000000000000000;1,0000000000000000;1,0000000000000000;1,0000000000000000;1,0000000000000000;1,0000000000000000;1,0000000000000000
2022-05-22;60+;5;5,0;5;5;5;5;5;5;5;5;5;5;93;93,0;93,0;93;93;93;93;93;93;93;93;93,0;1,0000000000000000;1,000000000000000;1,000000000000000;1,0000000000000000;1,0000000000000000;1,0000000000000000;1,0000000000000000;1,0000000000000000;1,0000000000000000;1,0000000000000000;1,0000000000000000
2022-05-22;alle;5;5,0;5;5;5;5;5;5;5;5;5;5;114;114,0;114,0;114;114;114;114;114;114;114;114;114,0;NA;NA;NA;NA;NA;NA;NA;NA;NA;NA;NA
2022-05-21;0-60;5;5,0;5;5;5;5;5;5;5;5;5;5;22;22,0;22,0;22;22;22;22;22;22;22;22;22,0;1,0000000000000000;1,000000000000000;1,000000000000000;1,0000000000000000;1,0000000000000000;1,0000000000000000;1,0000000000000000;1,0000000000000000;1,0000000000000000;1,0000000000000000;1,0000000000000000
2022-05-21;60+;11;11,0;11;11;11;11;11;11;11;11;11;11;91;91,0;91,0;91;91;91;91;91;91;91;91;91,0;1,0000000000000000;1,000000000000000;1,000000000000000;1,0000000000000000;1,0000000000000000;1,0000000000000000;1,0000000000000000;1,0000000000000000;1,0000000000000000;1,0000000000000000;1,0000000000000000
2022-05-21;alle;16;16,0;16;16;16;16;16;16;16;16;16;16;113;113,0;113,0;113;113;113;113;113;113;113;113;113,0;NA;NA;NA;NA;NA;NA;NA;NA;NA;NA;NA
2022-05-20;0-60;3;3,0;3;3;3;3;3;3;3;3;3;3;20;20,0;20,0;20;20;20;20;20;20;20;20;20,0;1,0000000000000000;1,000000000000000;1,000000000000000;1,0000000000000000;1,0000000000000000;1,0000000000000000;1,0000000000000000;1,0000000000000000;1,0000000000000000;1,0000000000000000;1,0000000000000000
2022-05-20;60+;9;9,0;9;9;9;9;9;9;9;9;9;9;101;101,0;101,0;101;101;101;101;101;101;101;101;101,0;1,0000000000000000;1,000000000000000;1,000000000000000;1,0000000000000000;1,0000000000000000;1,0000000000000000;1,0000000000000000;1,0000000000000000;1,0000000000000000;1,0000000000000000;1,0000000000000000
2022-05-20;alle;12;12,0;12;12;12;12;12;12;12;12;12;12;121;121,0;121,0;121;121;121;121;121;121;121;121;121,0;NA;NA;NA;NA;NA;NA;NA;NA;NA;NA;NA
2022-05-19;0-60;3;3,0;3;3;3;3;3;3;3;3;3;3;20;20,0;20,0;20;20;20;20;20;20;20;20;20,0;1,0000000000000000;1,000000000000000;1,000000000000000;1,0000000000000000;1,0000000000000000;1,0000000000000000;1,0000000000000000;1,0000000000000000;1,0000000000000000;1,0000000000000000;1,0000000000000000
2022-05-19;60+;9;9,0;9;9;9;9;9;9;9;9;9;9;106;106,0;106,0;106;106;106;106;106;106;106;106;106,0;1,0000000000000000;1,000000000000000;1,000000000000000;1,0000000000000000;1,0000000000000000;1,0000000000000000;1,0000000000000000;1,0000000000000000;1,0000000000000000;1,0000000000000000;1,0000000000000000
2022-05-19;alle;12;12,0;12;12;12;12;12;12;12;12;12;12;126;126,0;126,0;126;126;126;126;126;126;126;126;126,0;NA;NA;NA;NA;NA;NA;NA;NA;NA;NA;NA
2022-05-18;0-60;5;5,0;5;5;5;5;5;5;5;5;5;5;20;20,0;20,0;20;20;20;20;20;20;20;20;20,0;1,0000000000000000;1,000000000000000;1,000000000000000;1,0000000000000000;1,0000000000000000;1,0000000000000000;1,0000000000000000;1,0000000000000000;1,0000000000000000;1,0000000000000000;1,0000000000000000
2022-05-18;60+;22;22,0;22;22;22;22;22;22;22;22;22;22;118;118,0;118,0;118;118;118;118;118;118;118;118;118,0;1,0000000000000000;1,000000000000000;1,000000000000000;1,0000000000000000;1,0000000000000000;1,0000000000000000;1,0000000000000000;1,0000000000000000;1,0000000000000000;1,0000000000000000;1,0000000000000000
2022-05-18;alle;27;27,0;27;27;27;27;27;27;27;27;27;27;138;138,0;138,0;138;138;138;138;138;138;138;138;138,0;NA;NA;NA;NA;NA;NA;NA;NA;NA;NA;NA
2022-05-17;0-60;5;5,0;5;5;5;5;5;5;5;5;5;5;20;20,0;20,0;20;20;20;20;20;20;20;20;20,0;1,0000000000000000;1,000000000000000;1,000000000000000;1,0000000000000000;1,0000000000000000;1,0000000000000000;1,0000000000000000;1,0000000000000000;1,0000000000000000;1,0000000000000000;1,0000000000000000
2022-05-17;60+;30;30,0;30;30;30;30;30;30;30;30;30;30;115;115,0;115,0;115;115;115;115;115;115;115;115;115,0;1,0000000000000000;1,000000000000000;1,000000000000000;1,0000000000000000;1,0000000000000000;1,0000000000000000;1,0000000000000000;1,0000000000000000;1,0000000000000000;1,0000000000000000;1,0000000000000000
2022-05-17;alle;35;35,0;35;35;35;35;35;35;35;35;35;35;135;135,0;135,0;135;135;135;135;135;135;135;135;135,0;NA;NA;NA;NA;NA;NA;NA;NA;NA;NA;NA
2022-05-16;0-60;0;0,0;0;0;0;0;0;0;0;0;0;0;27;27,0;27,0;27;27;27;27;27;27;27;27;27,0;1,0000000000000000;1,000000000000000;1,000000000000000;1,0000000000000000;1,0000000000000000;1,0000000000000000;1,0000000000000000;1,0000000000000000;1,0000000000000000;1,0000000000000000;1,0000000000000000
2022-05-16;60+;7;7,0;7;7;7;7;7;7;7;7;7;7;105;105,0;105,0;105;105;105;105;105;105;105;105;105,0;1,0000000000000000;1,000000000000000;1,000000000000000;1,0000000000000000;1,0000000000000000;1,0000000000000000;1,0000000000000000;1,0000000000000000;1,0000000000000000;1,0000000000000000;1,0000000000000000
2022-05-16;alle;7;7,0;7;7;7;7;7;7;7;7;7;7;132;132,0;132,0;132;132;132;132;132;132;132;132;132,0;NA;NA;NA;NA;NA;NA;NA;NA;NA;NA;NA
2022-05-15;0-60;1;1,0;1;1;1;1;1;1;1;1;1;1;29;29,0;29,0;29;29;29;29;29;29;29;29;29,0;1,0000000000000000;1,000000000000000;1,000000000000000;1,0000000000000000;1,0000000000000000;1,0000000000000000;1,0000000000000000;1,0000000000000000;1,0000000000000000;1,0000000000000000;1,0000000000000000
2022-05-15;60+;3;3,0;3;3;3;3;3;3;3;3;3;3;101;101,0;101,0;101;101;101;101;101;101;101;101;101,0;1,0000000000000000;1,000000000000000;1,000000000000000;1,0000000000000000;1,0000000000000000;1,0000000000000000;1,0000000000000000;1,0000000000000000;1,0000000000000000;1,0000000000000000;1,0000000000000000
2022-05-15;alle;4;4,0;4;4;4;4;4;4;4;4;4;4;130;130,0;130,0;130;130;130;130;130;130;130;130;130,0;NA;NA;NA;NA;NA;NA;NA;NA;NA;NA;NA
2022-05-14;0-60;3;3,0;3;3;3;3;3;3;3;3;3;3;29;29,0;29,0;29;29;29;29;29;29;29;29;29,0;1,0000000000000000;1,000000000000000;1,000000000000000;1,0000000000000000;1,0000000000000000;1,0000000000000000;1,0000000000000000;1,0000000000000000;1,0000000000000000;1,0000000000000000;1,0000000000000000
2022-05-14;60+;21;21,0;21;21;21;21;21;21;21;21;21;21;109;109,0;109,0;109;109;109;109;109;109;109;109;109,0;1,0000000000000000;1,000000000000000;1,000000000000000;1,0000000000000000;1,0000000000000000;1,0000000000000000;1,0000000000000000;1,0000000000000000;1,0000000000000000;1,0000000000000000;1,0000000000000000
2022-05-14;alle;24;24,0;24;24;24;24;24;24;24;24;24;24;138;138,0;138,0;138;138;138;138;138;138;138;138;138,0;NA;NA;NA;NA;NA;NA;NA;NA;NA;NA;NA
2022-05-13;0-60;3;3,0;3;3;3;3;3;3;3;3;3;3;30;30,0;30,0;30;30;30;30;30;30;30;30;30,0;1,0000000000000000;1,000000000000000;1,000000000000000;1,0000000000000000;1,0000000000000000;1,0000000000000000;1,0000000000000000;1,0000000000000000;1,0000000000000000;1,0000000000000000;1,0000000000000000
2022-05-13;60+;14;14,0;14;14;14;14;14;14;14;14;14;14;100;100,0;100,0;100;100;100;100;100;100;100;100;100,0;1,0000000000000000;1,000000000000000;1,000000000000000;1,0000000000000000;1,0000000000000000;1,0000000000000000;1,0000000000000000;1,0000000000000000;1,0000000000000000;1,0000000000000000;1,0000000000000000
2022-05-13;alle;17;17,0;17;17;17;17;17;17;17;17;17;17;130;130,0;130,0;130;130;130;130;130;130;130;130;130,0;NA;NA;NA;NA;NA;NA;NA;NA;NA;NA;NA
2022-05-12;0-60;3;3,0;3;3;3;3;3;3;3;3;3;3;33;33,0;33,0;33;33;33;33;33;33;33;33;33,0;1,0000000000000000;1,000000000000000;1,000000000000000;1,0000000000000000;1,0000000000000000;1,0000000000000000;1,0000000000000000;1,0000000000000000;1,0000000000000000;1,0000000000000000;1,0000000000000000
2022-05-12;60+;21;21,0;21;21;21;21;21;21;21;21;21;21;111;111,0;111,0;111;111;111;111;111;111;111;111;111,0;1,0000000000000000;1,000000000000000;1,000000000000000;1,0000000000000000;1,0000000000000000;1,0000000000000000;1,0000000000000000;1,0000000000000000;1,0000000000000000;1,0000000000000000;1,0000000000000000
2022-05-12;alle;24;24,0;24;24;24;24;24;24;24;24;24;24;144;144,0;144,0;144;144;144;144;144;144;144;144;144,0;NA;NA;NA;NA;NA;NA;NA;NA;NA;NA;NA
2022-05-11;0-60;5;5,0;5;5;5;5;5;5;5;5;5;5;32;32,0;32,0;32;32;32;32;32;32;32;32;32,0;1,0000000000000000;1,000000000000000;1,000000000000000;1,0000000000000000;1,0000000000000000;1,0000000000000000;1,0000000000000000;1,0000000000000000;1,0000000000000000;1,0000000000000000;1,0000000000000000
2022-05-11;60+;19;19,0;19;19;19;19;19;19;19;19;19;19;105;105,0;105,0;105;105;105;105;105;105;105;105;105,0;1,0000000000000000;1,000000000000000;1,000000000000000;1,0000000000000000;1,0000000000000000;1,0000000000000000;1,0000000000000000;1,0000000000000000;1,0000000000000000;1,0000000000000000;1,0000000000000000
2022-05-11;alle;24;24,0;24;24;24;24;24;24;24;24;24;24;137;137,0;137,0;137;137;137;137;137;137;137;137;137,0;NA;NA;NA;NA;NA;NA;NA;NA;NA;NA;NA
2022-05-10;0-60;12;12,0;12;12;12;12;12;12;12;12;12;12;34;34,0;34,0;34;34;34;34;34;34;34;34;34,0;1,0000000000000000;1,000000000000000;1,000000000000000;1,0000000000000000;1,0000000000000000;1,0000000000000000;1,0000000000000000;1,0000000000000000;1,0000000000000000;1,0000000000000000;1,0000000000000000
2022-05-10;60+;20;20,0;20;20;20;20;20;20;20;20;20;20;116;116,0;116,0;116;116;116;116;116;116;116;116;116,0;1,0000000000000000;1,000000000000000;1,000000000000000;1,0000000000000000;1,0000000000000000;1,0000000000000000;1,0000000000000000;1,0000000000000000;1,0000000000000000;1,0000000000000000;1,0000000000000000
2022-05-10;alle;32;32,0;32;32;32;32;32;32;32;32;32;32;150;150,0;150,0;150;150;150;150;150;150;150;150;150,0;NA;NA;NA;NA;NA;NA;NA;NA;NA;NA;NA
2022-05-09;0-60;2;2,0;2;2;2;2;2;2;2;2;2;2;28;28,0;28,0;28;28;28;28;28;28;28;28;28,0;1,0000000000000000;1,000000000000000;1,000000000000000;1,0000000000000000;1,0000000000000000;1,0000000000000000;1,0000000000000000;1,0000000000000000;1,0000000000000000;1,0000000000000000;1,0000000000000000
2022-05-09;60+;3;3,0;3;3;3;3;3;3;3;3;3;3;130;130,0;130,0;130;130;130;130;130;130;130;130;130,0;1,0000000000000000;1,000000000000000;1,000000000000000;1,0000000000000000;1,0000000000000000;1,0000000000000000;1,0000000000000000;1,0000000000000000;1,0000000000000000;1,0000000000000000;1,0000000000000000
2022-05-09;alle;5;5,0;5;5;5;5;5;5;5;5;5;5;158;158,0;158,0;158;158;158;158;158;158;158;158;158,0;NA;NA;NA;NA;NA;NA;NA;NA;NA;NA;NA
2022-05-08;0-60;1;1,0;1;1;1;1;1;1;1;1;1;1;30;30,0;30,0;30;30;30;30;30;30;30;30;30,0;1,0000000000000000;1,000000000000000;1,000000000000000;1,0000000000000000;1,0000000000000000;1,0000000000000000;1,0000000000000000;1,0000000000000000;1,0000000000000000;1,0000000000000000;1,0000000000000000
2022-05-08;60+;11;11,0;11;11;11;11;11;11;11;11;11;11;136;136,0;136,0;136;136;136;136;136;136;136;136;136,0;1,0000000000000000;1,000000000000000;1,000000000000000;1,0000000000000000;1,0000000000000000;1,0000000000000000;1,0000000000000000;1,0000000000000000;1,0000000000000000;1,0000000000000000;1,0000000000000000
2022-05-08;alle;12;12,0;12;12;12;12;12;12;12;12;12;12;166;166,0;166,0;166;166;166;166;166;166;166;166;166,0;NA;NA;NA;NA;NA;NA;NA;NA;NA;NA;NA
2022-05-07;0-60;4;4,0;4;4;4;4;4;4;4;4;4;4;29;29,0;29,0;29;29;29;29;29;29;29;29;29,0;1,0000000000000000;1,000000000000000;1,000000000000000;1,0000000000000000;1,0000000000000000;1,0000000000000000;1,0000000000000000;1,0000000000000000;1,0000000000000000;1,0000000000000000;1,0000000000000000
2022-05-07;60+;12;12,0;12;12;12;12;12;12;12;12;12;12;135;135,0;135,0;135;135;135;135;135;135;135;135;135,0;1,0000000000000000;1,000000000000000;1,000000000000000;1,0000000000000000;1,0000000000000000;1,0000000000000000;1,0000000000000000;1,0000000000000000;1,0000000000000000;1,0000000000000000;1,0000000000000000
2022-05-07;alle;16;16,0;16;16;16;16;16;16;16;16;16;16;164;164,0;164,0;164;164;164;164;164;164;164;164;164,0;NA;NA;NA;NA;NA;NA;NA;NA;NA;NA;NA
2022-05-06;0-60;6;6,0;6;6;6;6;6;6;6;6;6;6;34;34,0;34,0;34;34;34;34;34;34;34;34;34,0;1,0000000000000000;1,000000000000000;1,000000000000000;1,0000000000000000;1,0000000000000000;1,0000000000000000;1,0000000000000000;1,0000000000000000;1,0000000000000000;1,0000000000000000;1,0000000000000000
2022-05-06;60+;25;25,0;25;25;25;25;25;25;25;25;25;25;146;146,0;146,0;146;146;146;146;146;146;146;146;146,0;1,0000000000000000;1,000000000000000;1,000000000000000;1,0000000000000000;1,0000000000000000;1,0000000000000000;1,0000000000000000;1,0000000000000000;1,0000000000000000;1,0000000000000000;1,0000000000000000
2022-05-06;alle;31;31,0;31;31;31;31;31;31;31;31;31;31;180;180,0;180,0;180;180;180;180;180;180;180;180;180,0;NA;NA;NA;NA;NA;NA;NA;NA;NA;NA;NA
2022-05-05;0-60;2;2,0;2;2;2;2;2;2;2;2;2;2;37;37,0;37,0;37;37;37;37;37;37;37;37;37,0;1,0000000000000000;1,000000000000000;1,000000000000000;1,0000000000000000;1,0000000000000000;1,0000000000000000;1,0000000000000000;1,0000000000000000;1,0000000000000000;1,0000000000000000;1,0000000000000000
2022-05-05;60+;15;15,0;15;15;15;15;15;15;15;15;15;15;153;153,0;153,0;153;153;153;153;153;153;153;153;153,0;1,0000000000000000;1,000000000000000;1,000000000000000;1,0000000000000000;1,0000000000000000;1,0000000000000000;1,0000000000000000;1,0000000000000000;1,0000000000000000;1,0000000000000000;1,0000000000000000
2022-05-05;alle;17;17,0;17;17;17;17;17;17;17;17;17;17;190;190,0;190,0;190;190;190;190;190;190;190;190;190,0;NA;NA;NA;NA;NA;NA;NA;NA;NA;NA;NA
2022-05-04;0-60;7;7,0;7;7;7;7;7;7;7;7;7;7;43;43,0;43,0;43;43;43;43;43;43;43;43;43,0;1,0000000000000000;1,000000000000000;1,000000000000000;1,0000000000000000;1,0000000000000000;1,0000000000000000;1,0000000000000000;1,0000000000000000;1,0000000000000000;1,0000000000000000;1,0000000000000000
2022-05-04;60+;30;30,0;30;30;30;30;30;30;30;30;30;30;170;170,0;170,0;170;170;170;170;170;170;170;170;170,0;1,0000000000000000;1,000000000000000;1,000000000000000;1,0000000000000000;1,0000000000000000;1,0000000000000000;1,0000000000000000;1,0000000000000000;1,0000000000000000;1,0000000000000000;1,0000000000000000
2022-05-04;alle;37;37,0;37;37;37;37;37;37;37;37;37;37;213;213,0;213,0;213;213;213;213;213;213;213;213;213,0;NA;NA;NA;NA;NA;NA;NA;NA;NA;NA;NA
2022-05-03;0-60;6;6,0;6;6;6;6;6;6;6;6;6;6;49;49,0;49,0;49;49;49;49;49;49;49;49;49,0;1,0000000000000000;1,000000000000000;1,000000000000000;1,0000000000000000;1,0000000000000000;1,0000000000000000;1,0000000000000000;1,0000000000000000;1,0000000000000000;1,0000000000000000;1,0000000000000000
2022-05-03;60+;34;34,0;34;34;34;34;34;34;34;34;34;34;173;173,0;173,0;173;173;173;173;173;173;173;173;173,0;1,0000000000000000;1,000000000000000;1,000000000000000;1,0000000000000000;1,0000000000000000;1,0000000000000000;1,0000000000000000;1,0000000000000000;1,0000000000000000;1,0000000000000000;1,0000000000000000
2022-05-03;alle;40;40,0;40;40;40;40;40;40;40;40;40;40;222;222,0;222,0;222;222;222;222;222;222;222;222;222,0;NA;NA;NA;NA;NA;NA;NA;NA;NA;NA;NA
2022-05-02;0-60;4;4,0;4;4;4;4;4;4;4;4;4;4;53;53,0;53,0;53;53;53;53;53;53;53;53;53,0;1,0000000000000000;1,000000000000000;1,000000000000000;1,0000000000000000;1,0000000000000000;1,0000000000000000;1,0000000000000000;1,0000000000000000;1,0000000000000000;1,0000000000000000;1,0000000000000000
2022-05-02;60+;9;9,0;9;9;9;9;9;9;9;9;9;9;193;193,0;193,0;193;193;193;193;193;193;193;193;193,0;1,0000000000000000;1,000000000000000;1,000000000000000;1,0000000000000000;1,0000000000000000;1,0000000000000000;1,0000000000000000;1,0000000000000000;1,0000000000000000;1,0000000000000000;1,0000000000000000
2022-05-02;alle;13;13,0;13;13;13;13;13;13;13;13;13;13;246;246,0;246,0;246;246;246;246;246;246;246;246;246,0;NA;NA;NA;NA;NA;NA;NA;NA;NA;NA;NA
2022-05-01;0-60;0;0,0;0;0;0;0;0;0;0;0;0;0;52;52,0;52,0;52;52;52;52;52;52;52;52;52,0;1,0000000000000000;1,000000000000000;1,000000000000000;1,0000000000000000;1,0000000000000000;1,0000000000000000;1,0000000000000000;1,0000000000000000;1,0000000000000000;1,0000000000000000;1,0000000000000000
2022-05-01;60+;10;10,0;10;10;10;10;10;10;10;10;10;10;202;202,0;202,0;202;202;202;202;202;202;202;202;202,0;1,0000000000000000;1,000000000000000;1,000000000000000;1,0000000000000000;1,0000000000000000;1,0000000000000000;1,0000000000000000;1,0000000000000000;1,0000000000000000;1,0000000000000000;1,0000000000000000
2022-05-01;alle;10;10,0;10;10;10;10;10;10;10;10;10;10;254;254,0;254,0;254;254;254;254;254;254;254;254;254,0;NA;NA;NA;NA;NA;NA;NA;NA;NA;NA;NA
2022-04-30;0-60;9;9,0;9;9;9;9;9;9;9;9;9;9;59;59,0;59,0;59;59;59;59;59;59;59;59;59,0;1,0000000000000000;1,000000000000000;1,000000000000000;1,0000000000000000;1,0000000000000000;1,0000000000000000;1,0000000000000000;1,0000000000000000;1,0000000000000000;1,0000000000000000;1,0000000000000000
2022-04-30;60+;23;23,0;23;23;23;23;23;23;23;23;23;23;204;204,0;204,0;204;204;204;204;204;204;204;204;204,0;1,0000000000000000;1,000000000000000;1,000000000000000;1,0000000000000000;1,0000000000000000;1,0000000000000000;1,0000000000000000;1,0000000000000000;1,0000000000000000;1,0000000000000000;1,0000000000000000
2022-04-30;alle;32;32,0;32;32;32;32;32;32;32;32;32;32;263;263,0;263,0;263;263;263;263;263;263;263;263;263,0;NA;NA;NA;NA;NA;NA;NA;NA;NA;NA;NA
2022-04-29;0-60;9;9,0;9;9;9;9;9;9;9;9;9;9;58;58,0;58,0;58;58;58;58;58;58;58;58;58,0;1,0000000000000000;1,000000000000000;1,000000000000000;1,0000000000000000;1,0000000000000000;1,0000000000000000;1,0000000000000000;1,0000000000000000;1,0000000000000000;1,0000000000000000;1,0000000000000000
2022-04-29;60+;32;32,0;32;32;32;32;32;32;32;32;32;32;217;217,0;217,0;217;217;217;217;217;217;217;217;217,0;1,0000000000000000;1,000000000000000;1,000000000000000;1,0000000000000000;1,0000000000000000;1,0000000000000000;1,0000000000000000;1,0000000000000000;1,0000000000000000;1,0000000000000000;1,0000000000000000
2022-04-29;alle;41;41,0;41;41;41;41;41;41;41;41;41;41;275;275,0;275,0;275;275;275;275;275;275;275;275;275,0;NA;NA;NA;NA;NA;NA;NA;NA;NA;NA;NA
2022-04-28;0-60;8;8,0;8;8;8;8;8;8;8;8;8;8;60;60,0;60,0;60;60;60;60;60;60;60;60;60,0;1,0000000000000000;1,000000000000000;1,000000000000000;1,0000000000000000;1,0000000000000000;1,0000000000000000;1,0000000000000000;1,0000000000000000;1,0000000000000000;1,0000000000000000;1,0000000000000000
2022-04-28;60+;32;32,0;32;32;32;32;32;32;32;32;32;32;222;222,0;222,0;222;222;222;222;222;222;222;222;222,0;1,0000000000000000;1,000000000000000;1,000000000000000;1,0000000000000000;1,0000000000000000;1,0000000000000000;1,0000000000000000;1,0000000000000000;1,0000000000000000;1,0000000000000000;1,0000000000000000
2022-04-28;alle;40;40,0;40;40;40;40;40;40;40;40;40;40;282;282,0;282,0;282;282;282;282;282;282;282;282;282,0;NA;NA;NA;NA;NA;NA;NA;NA;NA;NA;NA
2022-04-27;0-60;13;13,0;13;13;13;13;13;13;13;13;13;13;67;67,0;67,0;67;67;67;67;67;67;67;67;67,0;1,0000000000000000;1,000000000000000;1,000000000000000;1,0000000000000000;1,0000000000000000;1,0000000000000000;1,0000000000000000;1,0000000000000000;1,0000000000000000;1,0000000000000000;1,0000000000000000
2022-04-27;60+;33;33,0;33;33;33;33;33;33;33;33;33;33;235;235,0;235,0;235;235;235;235;235;235;235;235;235,0;1,0000000000000000;1,000000000000000;1,000000000000000;1,0000000000000000;1,0000000000000000;1,0000000000000000;1,0000000000000000;1,0000000000000000;1,0000000000000000;1,0000000000000000;1,0000000000000000
2022-04-27;alle;46;46,0;46;46;46;46;46;46;46;46;46;46;302;302,0;302,0;302;302;302;302;302;302;302;302;302,0;NA;NA;NA;NA;NA;NA;NA;NA;NA;NA;NA
2022-04-26;0-60;10;10,0;10;10;10;10;10;10;10;10;10;10;88;88,0;88,0;88;88;88;88;88;88;88;88;88,0;1,0000000000000000;1,000000000000000;1,000000000000000;1,0000000000000000;1,0000000000000000;1,0000000000000000;1,0000000000000000;1,0000000000000000;1,0000000000000000;1,0000000000000000;1,0000000000000000
2022-04-26;60+;54;54,0;54;54;54;54;54;54;54;54;54;54;270;270,0;270,0;270;270;270;270;270;270;270;270;270,0;1,0000000000000000;1,000000000000000;1,000000000000000;1,0000000000000000;1,0000000000000000;1,0000000000000000;1,0000000000000000;1,0000000000000000;1,0000000000000000;1,0000000000000000;1,0000000000000000
2022-04-26;alle;64;64,0;64;64;64;64;64;64;64;64;64;64;358;358,0;358,0;358;358;358;358;358;358;358;358;358,0;NA;NA;NA;NA;NA;NA;NA;NA;NA;NA;NA
2022-04-25;0-60;3;3,0;3;3;3;3;3;3;3;3;3;3;81;81,0;81,0;81;81;81;81;81;81;81;81;81,0;1,0000000000000000;1,000000000000000;1,000000000000000;1,0000000000000000;1,0000000000000000;1,0000000000000000;1,0000000000000000;1,0000000000000000;1,0000000000000000;1,0000000000000000;1,0000000000000000
2022-04-25;60+;18;18,0;18;18;18;18;18;18;18;18;18;18;239;239,0;239,0;239;239;239;239;239;239;239;239;239,0;1,0000000000000000;1,000000000000000;1,000000000000000;1,0000000000000000;1,0000000000000000;1,0000000000000000;1,0000000000000000;1,0000000000000000;1,0000000000000000;1,0000000000000000;1,0000000000000000
2022-04-25;alle;21;21,0;21;21;21;21;21;21;21;21;21;21;320;320,0;320,0;320;320;320;320;320;320;320;320;320,0;NA;NA;NA;NA;NA;NA;NA;NA;NA;NA;NA
2022-04-24;0-60;7;7,0;7;7;7;7;7;7;7;7;7;7;80;80,0;80,0;80;80;80;80;80;80;80;80;80,0;1,0000000000000000;1,000000000000000;1,000000000000000;1,0000000000000000;1,0000000000000000;1,0000000000000000;1,0000000000000000;1,0000000000000000;1,0000000000000000;1,0000000000000000;1,0000000000000000
2022-04-24;60+;12;12,0;12;12;12;12;12;12;12;12;12;12;229;229,0;229,0;229;229;229;229;229;229;229;229;229,0;1,0000000000000000;1,000000000000000;1,000000000000000;1,0000000000000000;1,0000000000000000;1,0000000000000000;1,0000000000000000;1,0000000000000000;1,0000000000000000;1,0000000000000000;1,0000000000000000
2022-04-24;alle;19;19,0;19;19;19;19;19;19;19;19;19;19;309;309,0;309,0;309;309;309;309;309;309;309;309;309,0;NA;NA;NA;NA;NA;NA;NA;NA;NA;NA;NA
2022-04-23;0-60;8;8,0;8;8;8;8;8;8;8;8;8;8;73;73,0;73,0;73;73;73;73;73;73;73;73;73,0;1,0000000000000000;1,000000000000000;1,000000000000000;1,0000000000000000;1,0000000000000000;1,0000000000000000;1,0000000000000000;1,0000000000000000;1,0000000000000000;1,0000000000000000;1,0000000000000000
2022-04-23;60+;36;36,0;36;36;36;36;36;36;36;36;36;36;229;229,0;229,0;229;229;229;229;229;229;229;229;229,0;1,0000000000000000;1,000000000000000;1,000000000000000;1,0000000000000000;1,0000000000000000;1,0000000000000000;1,0000000000000000;1,0000000000000000;1,0000000000000000;1,0000000000000000;1,0000000000000000
2022-04-23;alle;44;44,0;44;44;44;44;44;44;44;44;44;44;302;302,0;302,0;302;302;302;302;302;302;302;302;302,0;NA;NA;NA;NA;NA;NA;NA;NA;NA;NA;NA
2022-04-22;0-60;11;11,0;11;11;11;11;11;11;11;11;11;11;71;71,0;71,0;71;71;71;71;71;71;71;71;71,0;1,0000000000000000;1,000000000000000;1,000000000000000;1,0000000000000000;1,0000000000000000;1,0000000000000000;1,0000000000000000;1,0000000000000000;1,0000000000000000;1,0000000000000000;1,0000000000000000
2022-04-22;60+;37;37,0;37;37;37;37;37;37;37;37;37;37;199;199,0;199,0;199;199;199;199;199;199;199;199;199,0;1,0000000000000000;1,000000000000000;1,000000000000000;1,0000000000000000;1,0000000000000000;1,0000000000000000;1,0000000000000000;1,0000000000000000;1,0000000000000000;1,0000000000000000;1,0000000000000000
2022-04-22;alle;48;48,0;48;48;48;48;48;48;48;48;48;48;270;270,0;270,0;270;270;270;270;270;270;270;270;270,0;NA;NA;NA;NA;NA;NA;NA;NA;NA;NA;NA
2022-04-21;0-60;15;15,0;15;15;15;15;15;15;15;15;15;15;72;72,0;72,0;72;72;72;72;72;72;72;72;72,0;1,0000000000000000;1,000000000000000;1,000000000000000;1,0000000000000000;1,0000000000000000;1,0000000000000000;1,0000000000000000;1,0000000000000000;1,0000000000000000;1,0000000000000000;1,0000000000000000
2022-04-21;60+;45;45,0;45;45;45;45;45;45;45;45;45;45;196;196,0;196,0;196;196;196;196;196;196;196;196;196,0;1,0000000000000000;1,000000000000000;1,000000000000000;1,0000000000000000;1,0000000000000000;1,0000000000000000;1,0000000000000000;1,0000000000000000;1,0000000000000000;1,0000000000000000;1,0000000000000000
2022-04-21;alle;60;60,0;60;60;60;60;60;60;60;60;60;60;268;268,0;268,0;268;268;268;268;268;268;268;268;268,0;NA;NA;NA;NA;NA;NA;NA;NA;NA;NA;NA
2022-04-20;0-60;34;34,0;34;34;34;34;34;34;34;34;34;34;75;75,0;75,0;75;75;75;75;75;75;75;75;75,0;1,0000000000000000;1,000000000000000;1,000000000000000;1,0000000000000000;1,0000000000000000;1,0000000000000000;1,0000000000000000;1,0000000000000000;1,0000000000000000;1,0000000000000000;1,0000000000000000
2022-04-20;60+;68;68,0;68;68;68;68;68;68;68;68;68;68;193;193,0;193,0;193;193;193;193;193;193;193;193;193,0;1,0000000000000000;1,000000000000000;1,000000000000000;1,0000000000000000;1,0000000000000000;1,0000000000000000;1,0000000000000000;1,0000000000000000;1,0000000000000000;1,0000000000000000;1,0000000000000000
2022-04-20;alle;102;102,0;102;102;102;102;102;102;102;102;102;102;268;268,0;268,0;268;268;268;268;268;268;268;268;268,0;NA;NA;NA;NA;NA;NA;NA;NA;NA;NA;NA
2022-04-19;0-60;3;3,0;3;3;3;3;3;3;3;3;3;3;57;57,0;57,0;57;57;57;57;57;57;57;57;57,0;1,0000000000000000;1,000000000000000;1,000000000000000;1,0000000000000000;1,0000000000000000;1,0000000000000000;1,0000000000000000;1,0000000000000000;1,0000000000000000;1,0000000000000000;1,0000000000000000
2022-04-19;60+;23;23,0;23;23;23;23;23;23;23;23;23;23;190;190,0;190,0;190;190;190;190;190;190;190;190;190,0;1,0000000000000000;1,000000000000000;1,000000000000000;1,0000000000000000;1,0000000000000000;1,0000000000000000;1,0000000000000000;1,0000000000000000;1,0000000000000000;1,0000000000000000;1,0000000000000000
2022-04-19;alle;26;26,0;26;26;26;26;26;26;26;26;26;26;247;247,0;247,0;247;247;247;247;247;247;247;247;247,0;NA;NA;NA;NA;NA;NA;NA;NA;NA;NA;NA
2022-04-18;0-60;2;2,0;2;2;2;2;2;2;2;2;2;2;76;76,0;76,0;76;76;76;76;76;76;76;76;76,0;1,0000000000000000;1,000000000000000;1,000000000000000;1,0000000000000000;1,0000000000000000;1,0000000000000000;1,0000000000000000;1,0000000000000000;1,0000000000000000;1,0000000000000000;1,0000000000000000
2022-04-18;60+;8;8,0;8;8;8;8;8;8;8;8;8;8;213;213,0;213,0;213;213;213;213;213;213;213;213;213,0;1,0000000000000000;1,000000000000000;1,000000000000000;1,0000000000000000;1,0000000000000000;1,0000000000000000;1,0000000000000000;1,0000000000000000;1,0000000000000000;1,0000000000000000;1,0000000000000000
2022-04-18;alle;10;10,0;10;10;10;10;10;10;10;10;10;10;289;289,0;289,0;289;289;289;289;289;289;289;289;289,0;NA;NA;NA;NA;NA;NA;NA;NA;NA;NA;NA
2022-04-17;0-60;0;0,0;0;0;0;0;0;0;0;0;0;0;81;81,0;81,0;81;81;81;81;81;81;81;81;81,0;1,0000000000000000;1,000000000000000;1,000000000000000;1,0000000000000000;1,0000000000000000;1,0000000000000000;1,0000000000000000;1,0000000000000000;1,0000000000000000;1,0000000000000000;1,0000000000000000
2022-04-17;60+;12;12,0;12;12;12;12;12;12;12;12;12;12;228;228,0;228,0;228;228;228;228;228;228;228;228;228,0;1,0000000000000000;1,000000000000000;1,000000000000000;1,0000000000000000;1,0000000000000000;1,0000000000000000;1,0000000000000000;1,0000000000000000;1,0000000000000000;1,0000000000000000;1,0000000000000000
2022-04-17;alle;12;12,0;12;12;12;12;12;12;12;12;12;12;309;309,0;309,0;309;309;309;309;309;309;309;309;309,0;NA;NA;NA;NA;NA;NA;NA;NA;NA;NA;NA
2022-04-16;0-60;6;6,0;6;6;6;6;6;6;6;6;6;6;93;93,0;93,0;93;93;93;93;93;93;93;93;93,0;1,0000000000000000;1,000000000000000;1,000000000000000;1,0000000000000000;1,0000000000000000;1,0000000000000000;1,0000000000000000;1,0000000000000000;1,0000000000000000;1,0000000000000000;1,0000000000000000
2022-04-16;60+;6;6,0;6;6;6;6;6;6;6;6;6;6;237;237,0;237,0;237;237;237;237;237;237;237;237;237,0;1,0000000000000000;1,000000000000000;1,000000000000000;1,0000000000000000;1,0000000000000000;1,0000000000000000;1,0000000000000000;1,0000000000000000;1,0000000000000000;1,0000000000000000;1,0000000000000000
2022-04-16;alle;12;12,0;12;12;12;12;12;12;12;12;12;12;330;330,0;330,0;330;330;330;330;330;330;330;330;330,0;NA;NA;NA;NA;NA;NA;NA;NA;NA;NA;NA
2022-04-15;0-60;12;12,0;12;12;12;12;12;12;12;12;12;12;99;99,0;99,0;99;99;99;99;99;99;99;99;99,0;1,0000000000000000;1,000000000000000;1,000000000000000;1,0000000000000000;1,0000000000000000;1,0000000000000000;1,0000000000000000;1,0000000000000000;1,0000000000000000;1,0000000000000000;1,0000000000000000
2022-04-15;60+;34;34,0;34;34;34;34;34;34;34;34;34;34;267;267,0;267,0;267;267;267;267;267;267;267;267;267,0;1,0000000000000000;1,000000000000000;1,000000000000000;1,0000000000000000;1,0000000000000000;1,0000000000000000;1,0000000000000000;1,0000000000000000;1,0000000000000000;1,0000000000000000;1,0000000000000000
2022-04-15;alle;46;46,0;46;46;46;46;46;46;46;46;46;46;366;366,0;366,0;366;366;366;366;366;366;366;366;366,0;NA;NA;NA;NA;NA;NA;NA;NA;NA;NA;NA
2022-04-14;0-60;18;18,0;18;18;18;18;18;18;18;18;18;18;102;102,0;102,0;102;102;102;102;102;102;102;102;102,0;1,0000000000000000;1,000000000000000;1,000000000000000;1,0000000000000000;1,0000000000000000;1,0000000000000000;1,0000000000000000;1,0000000000000000;1,0000000000000000;1,0000000000000000;1,0000000000000000
2022-04-14;60+;42;42,0;42;42;42;42;42;42;42;42;42;42;285;285,0;285,0;285;285;285;285;285;285;285;285;285,0;1,0000000000000000;1,000000000000000;1,000000000000000;1,0000000000000000;1,0000000000000000;1,0000000000000000;1,0000000000000000;1,0000000000000000;1,0000000000000000;1,0000000000000000;1,0000000000000000
2022-04-14;alle;60;60,0;60;60;60;60;60;60;60;60;60;60;387;387,0;387,0;387;387;387;387;387;387;387;387;387,0;NA;NA;NA;NA;NA;NA;NA;NA;NA;NA;NA
2022-04-13;0-60;16;16,0;16;16;16;16;16;16;16;16;16;16;97;97,0;97,0;97;97;97;97;97;97;97;97;97,0;1,0000000000000000;1,000000000000000;1,000000000000000;1,0000000000000000;1,0000000000000000;1,0000000000000000;1,0000000000000000;1,0000000000000000;1,0000000000000000;1,0000000000000000;1,0000000000000000
2022-04-13;60+;65;65,0;65;65;65;65;65;65;65;65;65;65;294;294,0;294,0;294;294;294;294;294;294;294;294;294,0;1,0000000000000000;1,000000000000000;1,000000000000000;1,0000000000000000;1,0000000000000000;1,0000000000000000;1,0000000000000000;1,0000000000000000;1,0000000000000000;1,0000000000000000;1,0000000000000000
2022-04-13;alle;81;81,0;81;81;81;81;81;81;81;81;81;81;391;391,0;391,0;391;391;391;391;391;391;391;391;391,0;NA;NA;NA;NA;NA;NA;NA;NA;NA;NA;NA
2022-04-12;0-60;22;22,0;22;22;22;22;22;22;22;22;22;22;105;105,0;105,0;105;105;105;105;105;105;105;105;105,0;1,0000000000000000;1,000000000000000;1,000000000000000;1,0000000000000000;1,0000000000000000;1,0000000000000000;1,0000000000000000;1,0000000000000000;1,0000000000000000;1,0000000000000000;1,0000000000000000
2022-04-12;60+;46;46,0;46;46;46;46;46;46;46;46;46;46;283;283,0;283,0;283;283;283;283;283;283;283;283;283,0;1,0000000000000000;1,000000000000000;1,000000000000000;1,0000000000000000;1,0000000000000000;1,0000000000000000;1,0000000000000000;1,0000000000000000;1,0000000000000000;1,0000000000000000;1,0000000000000000
2022-04-12;alle;68;68,0;68;68;68;68;68;68;68;68;68;68;388;388,0;388,0;388;388;388;388;388;388;388;388;388,0;NA;NA;NA;NA;NA;NA;NA;NA;NA;NA;NA
2022-04-11;0-60;7;7,0;7;7;7;7;7;7;7;7;7;7;100;100,0;100,0;100;100;100;100;100;100;100;100;100,0;1,0000000000000000;1,000000000000000;1,000000000000000;1,0000000000000000;1,0000000000000000;1,0000000000000000;1,0000000000000000;1,0000000000000000;1,0000000000000000;1,0000000000000000;1,0000000000000000
2022-04-11;60+;23;23,0;23;23;23;23;23;23;23;23;23;23;297;297,0;297,0;297;297;297;297;297;297;297;297;297,0;1,0000000000000000;1,000000000000000;1,000000000000000;1,0000000000000000;1,0000000000000000;1,0000000000000000;1,0000000000000000;1,0000000000000000;1,0000000000000000;1,0000000000000000;1,0000000000000000
2022-04-11;alle;30;30,0;30;30;30;30;30;30;30;30;30;30;397;397,0;397,0;397;397;397;397;397;397;397;397;397,0;NA;NA;NA;NA;NA;NA;NA;NA;NA;NA;NA
2022-04-10;0-60;12;12,0;12;12;12;12;12;12;12;12;12;12;99;99,0;99,0;99;99;99;99;99;99;99;99;99,0;1,0000000000000000;1,000000000000000;1,000000000000000;1,0000000000000000;1,0000000000000000;1,0000000000000000;1,0000000000000000;1,0000000000000000;1,0000000000000000;1,0000000000000000;1,0000000000000000
2022-04-10;60+;21;21,0;21;21;21;21;21;21;21;21;21;21;290;290,0;290,0;290;290;290;290;290;290;290;290;290,0;1,0000000000000000;1,000000000000000;1,000000000000000;1,0000000000000000;1,0000000000000000;1,0000000000000000;1,0000000000000000;1,0000000000000000;1,0000000000000000;1,0000000000000000;1,0000000000000000
2022-04-10;alle;33;33,0;33;33;33;33;33;33;33;33;33;33;389;389,0;389,0;389;389;389;389;389;389;389;389;389,0;NA;NA;NA;NA;NA;NA;NA;NA;NA;NA;NA
2022-04-09;0-60;12;12,0;12;12;12;12;12;12;12;12;12;12;99;99,0;99,0;99;99;99;99;99;99;99;99;99,0;1,0000000000000000;1,000000000000000;1,000000000000000;1,0000000000000000;1,0000000000000000;1,0000000000000000;1,0000000000000000;1,0000000000000000;1,0000000000000000;1,0000000000000000;1,0000000000000000
2022-04-09;60+;36;36,0;36;36;36;36;36;36;36;36;36;36;295;295,0;295,0;295;295;295;295;295;295;295;295;295,0;1,0000000000000000;1,000000000000000;1,000000000000000;1,0000000000000000;1,0000000000000000;1,0000000000000000;1,0000000000000000;1,0000000000000000;1,0000000000000000;1,0000000000000000;1,0000000000000000
2022-04-09;alle;48;48,0;48;48;48;48;48;48;48;48;48;48;394;394,0;394,0;394;394;394;394;394;394;394;394;394,0;NA;NA;NA;NA;NA;NA;NA;NA;NA;NA;NA
2022-04-08;0-60;15;15,0;15;15;15;15;15;15;15;15;15;15;106;106,0;106,0;106;106;106;106;106;106;106;106;106,0;1,0000000000000000;1,000000000000000;1,000000000000000;1,0000000000000000;1,0000000000000000;1,0000000000000000;1,0000000000000000;1,0000000000000000;1,0000000000000000;1,0000000000000000;1,0000000000000000
2022-04-08;60+;52;52,0;52;52;52;52;52;52;52;52;52;52;302;302,0;302,0;302;302;302;302;302;302;302;302;302,0;1,0000000000000000;1,000000000000000;1,000000000000000;1,0000000000000000;1,0000000000000000;1,0000000000000000;1,0000000000000000;1,0000000000000000;1,0000000000000000;1,0000000000000000;1,0000000000000000
2022-04-08;alle;67;67,0;67;67;67;67;67;67;67;67;67;67;408;408,0;408,0;408;408;408;408;408;408;408;408;408,0;NA;NA;NA;NA;NA;NA;NA;NA;NA;NA;NA
2022-04-07;0-60;13;13,0;13;13;13;13;13;13;13;13;13;13;108;108,0;108,0;108;108;108;108;108;108;108;108;108,0;1,0000000000000000;1,000000000000000;1,000000000000000;1,0000000000000000;1,0000000000000000;1,0000000000000000;1,0000000000000000;1,0000000000000000;1,0000000000000000;1,0000000000000000;1,0000000000000000
2022-04-07;60+;51;51,0;51;51;51;51;51;51;51;51;51;51;305;305,0;305,0;305;305;305;305;305;305;305;305;305,0;1,0000000000000000;1,000000000000000;1,000000000000000;1,0000000000000000;1,0000000000000000;1,0000000000000000;1,0000000000000000;1,0000000000000000;1,0000000000000000;1,0000000000000000;1,0000000000000000
2022-04-07;alle;64;64,0;64;64;64;64;64;64;64;64;64;64;413;413,0;413,0;413;413;413;413;413;413;413;413;413,0;NA;NA;NA;NA;NA;NA;NA;NA;NA;NA;NA
2022-04-06;0-60;24;24,0;24;24;24;24;24;24;24;24;24;24;128;128,0;128,0;128;128;128;128;128;128;128;128;128,0;1,0000000000000000;1,000000000000000;1,000000000000000;1,0000000000000000;1,0000000000000000;1,0000000000000000;1,0000000000000000;1,0000000000000000;1,0000000000000000;1,0000000000000000;1,0000000000000000
2022-04-06;60+;54;54,0;54;54;54;54;54;54;54;54;54;54;311;311,0;311,0;311;311;311;311;311;311;311;311;311,0;1,0000000000000000;1,000000000000000;1,000000000000000;1,0000000000000000;1,0000000000000000;1,0000000000000000;1,0000000000000000;1,0000000000000000;1,0000000000000000;1,0000000000000000;1,0000000000000000
2022-04-06;alle;78;78,0;78;78;78;78;78;78;78;78;78;78;439;439,0;439,0;439;439;439;439;439;439;439;439;439,0;NA;NA;NA;NA;NA;NA;NA;NA;NA;NA;NA
2022-04-05;0-60;17;17,0;17;17;17;17;17;17;17;17;17;17;132;132,0;132,0;132;132;132;132;132;132;132;132;132,0;1,0000000000000000;1,000000000000000;1,000000000000000;1,0000000000000000;1,0000000000000000;1,0000000000000000;1,0000000000000000;1,0000000000000000;1,0000000000000000;1,0000000000000000;1,0000000000000000
2022-04-05;60+;60;60,0;60;60;60;60;60;60;60;60;60;60;328;328,0;328,0;328;328;328;328;328;328;328;328;328,0;1,0000000000000000;1,000000000000000;1,000000000000000;1,0000000000000000;1,0000000000000000;1,0000000000000000;1,0000000000000000;1,0000000000000000;1,0000000000000000;1,0000000000000000;1,0000000000000000
2022-04-05;alle;77;77,0;77;77;77;77;77;77;77;77;77;77;460;460,0;460,0;460;460;460;460;460;460;460;460;460,0;NA;NA;NA;NA;NA;NA;NA;NA;NA;NA;NA
2022-04-04;0-60;6;6,0;6;6;6;6;6;6;6;6;6;6;142;142,0;142,0;142;142;142;142;142;142;142;142;142,0;1,0000000000000000;1,000000000000000;1,000000000000000;1,0000000000000000;1,0000000000000000;1,0000000000000000;1,0000000000000000;1,0000000000000000;1,0000000000000000;1,0000000000000000;1,0000000000000000
2022-04-04;60+;16;16,0;16;16;16;16;16;16;16;16;16;16;355;355,0;355,0;355;355;355;355;355;355;355;355;355,0;1,0000000000000000;1,000000000000000;1,000000000000000;1,0000000000000000;1,0000000000000000;1,0000000000000000;1,0000000000000000;1,0000000000000000;1,0000000000000000;1,0000000000000000;1,0000000000000000
2022-04-04;alle;22;22,0;22;22;22;22;22;22;22;22;22;22;497;497,0;497,0;497;497;497;497;497;497;497;497;497,0;NA;NA;NA;NA;NA;NA;NA;NA;NA;NA;NA
2022-04-03;0-60;12;12,0;12;12;12;12;12;12;12;12;12;12;144;144,0;144,0;144;144;144;144;144;144;144;144;144,0;1,0000000000000000;1,000000000000000;1,000000000000000;1,0000000000000000;1,0000000000000000;1,0000000000000000;1,0000000000000000;1,0000000000000000;1,0000000000000000;1,0000000000000000;1,0000000000000000
2022-04-03;60+;26;26,0;26;26;26;26;26;26;26;26;26;26;366;366,0;366,0;366;366;366;366;366;366;366;366;366,0;1,0000000000000000;1,000000000000000;1,000000000000000;1,0000000000000000;1,0000000000000000;1,0000000000000000;1,0000000000000000;1,0000000000000000;1,0000000000000000;1,0000000000000000;1,0000000000000000
2022-04-03;alle;38;38,0;38;38;38;38;38;38;38;38;38;38;510;510,0;510,0;510;510;510;510;510;510;510;510;510,0;NA;NA;NA;NA;NA;NA;NA;NA;NA;NA;NA
2022-04-02;0-60;19;19,0;19;19;19;19;19;19;19;19;19;19;149;149,0;149,0;149;149;149;149;149;149;149;149;149,0;1,0000000000000000;1,000000000000000;1,000000000000000;1,0000000000000000;1,0000000000000000;1,0000000000000000;1,0000000000000000;1,0000000000000000;1,0000000000000000;1,0000000000000000;1,0000000000000000
2022-04-02;60+;43;43,0;43;43;43;43;43;43;43;43;43;43;376;376,0;376,0;376;376;376;376;376;376;376;376;376,0;1,0000000000000000;1,000000000000000;1,000000000000000;1,0000000000000000;1,0000000000000000;1,0000000000000000;1,0000000000000000;1,0000000000000000;1,0000000000000000;1,0000000000000000;1,0000000000000000
2022-04-02;alle;62;62,0;62;62;62;62;62;62;62;62;62;62;525;525,0;525,0;525;525;525;525;525;525;525;525;525,0;NA;NA;NA;NA;NA;NA;NA;NA;NA;NA;NA
2022-04-01;0-60;17;17,0;17;17;17;17;17;17;17;17;17;17;159;159,0;159,0;159;159;159;159;159;159;159;159;159,0;1,0000000000000000;1,000000000000000;1,000000000000000;1,0000000000000000;1,0000000000000000;1,0000000000000000;1,0000000000000000;1,0000000000000000;1,0000000000000000;1,0000000000000000;1,0000000000000000
2022-04-01;60+;55;55,0;55;55;55;55;55;55;55;55;55;55;390;390,0;390,0;390;390;390;390;390;390;390;390;390,0;1,0000000000000000;1,000000000000000;1,000000000000000;1,0000000000000000;1,0000000000000000;1,0000000000000000;1,0000000000000000;1,0000000000000000;1,0000000000000000;1,0000000000000000;1,0000000000000000
2022-04-01;alle;72;72,0;72;72;72;72;72;72;72;72;72;72;549;549,0;549,0;549;549;549;549;549;549;549;549;549,0;NA;NA;NA;NA;NA;NA;NA;NA;NA;NA;NA
2022-03-31;0-60;33;33,0;33;33;33;33;33;33;33;33;33;33;168;168,0;168,0;168;168;168;168;168;168;168;168;168,0;1,0000000000000000;1,000000000000000;1,000000000000000;1,0000000000000000;1,0000000000000000;1,0000000000000000;1,0000000000000000;1,0000000000000000;1,0000000000000000;1,0000000000000000;1,0000000000000000
2022-03-31;60+;57;57,0;57;57;57;57;57;57;57;57;57;57;397;397,0;397,0;397;397;397;397;397;397;397;397;397,0;1,0000000000000000;1,000000000000000;1,000000000000000;1,0000000000000000;1,0000000000000000;1,0000000000000000;1,0000000000000000;1,0000000000000000;1,0000000000000000;1,0000000000000000;1,0000000000000000
2022-03-31;alle;90;90,0;90;90;90;90;90;90;90;90;90;90;565;565,0;565,0;565;565;565;565;565;565;565;565;565,0;NA;NA;NA;NA;NA;NA;NA;NA;NA;NA;NA
2022-03-30;0-60;28;28,0;28;28;28;28;28;28;28;28;28;28;163;163,0;163,0;163;163;163;163;163;163;163;163;163,0;1,0000000000000000;1,000000000000000;1,000000000000000;1,0000000000000000;1,0000000000000000;1,0000000000000000;1,0000000000000000;1,0000000000000000;1,0000000000000000;1,0000000000000000;1,0000000000000000
2022-03-30;60+;71;71,0;71;71;71;71;71;71;71;71;71;71;423;423,0;423,0;423;423;423;423;423;423;423;423;423,0;1,0000000000000000;1,000000000000000;1,000000000000000;1,0000000000000000;1,0000000000000000;1,0000000000000000;1,0000000000000000;1,0000000000000000;1,0000000000000000;1,0000000000000000;1,0000000000000000
2022-03-30;alle;99;99,0;99;99;99;99;99;99;99;99;99;99;586;586,0;586,0;586;586;586;586;586;586;586;586;586,0;NA;NA;NA;NA;NA;NA;NA;NA;NA;NA;NA
2022-03-29;0-60;27;27,0;27;27;27;27;27;27;27;27;27;27;174;174,0;174,0;174;174;174;174;174;174;174;174;174,0;1,0000000000000000;1,000000000000000;1,000000000000000;1,0000000000000000;1,0000000000000000;1,0000000000000000;1,0000000000000000;1,0000000000000000;1,0000000000000000;1,0000000000000000;1,0000000000000000
2022-03-29;60+;87;87,0;87;87;87;87;87;87;87;87;87;87;426;426,0;426,0;426;426;426;426;426;426;426;426;426,0;1,0000000000000000;1,000000000000000;1,000000000000000;1,0000000000000000;1,0000000000000000;1,0000000000000000;1,0000000000000000;1,0000000000000000;1,0000000000000000;1,0000000000000000;1,0000000000000000
2022-03-29;alle;114;114,0;114;114;114;114;114;114;114;114;114;114;600;600,0;600,0;600;600;600;600;600;600;600;600;600,0;NA;NA;NA;NA;NA;NA;NA;NA;NA;NA;NA
2022-03-28;0-60;8;8,0;8;8;8;8;8;8;8;8;8;8;197;197,0;197,0;197;197;197;197;197;197;197;197;197,0;1,0000000000000000;1,000000000000000;1,000000000000000;1,0000000000000000;1,0000000000000000;1,0000000000000000;1,0000000000000000;1,0000000000000000;1,0000000000000000;1,0000000000000000;1,0000000000000000
2022-03-28;60+;27;27,0;27;27;27;27;27;27;27;27;27;27;433;433,0;433,0;433;433;433;433;433;433;433;433;433,0;1,0000000000000000;1,000000000000000;1,000000000000000;1,0000000000000000;1,0000000000000000;1,0000000000000000;1,0000000000000000;1,0000000000000000;1,0000000000000000;1,0000000000000000;1,0000000000000000
2022-03-28;alle;35;35,0;35;35;35;35;35;35;35;35;35;35;630;630,0;630,0;630;630;630;630;630;630;630;630;630,0;NA;NA;NA;NA;NA;NA;NA;NA;NA;NA;NA
2022-03-27;0-60;17;17,0;17;17;17;17;17;17;17;17;17;17;197;197,0;197,0;197;197;197;197;197;197;197;197;197,0;1,0000000000000000;1,000000000000000;1,000000000000000;1,0000000000000000;1,0000000000000000;1,0000000000000000;1,0000000000000000;1,0000000000000000;1,0000000000000000;1,0000000000000000;1,0000000000000000
2022-03-27;60+;36;36,0;36;36;36;36;36;36;36;36;36;36;428;428,0;428,0;428;428;428;428;428;428;428;428;428,0;1,0000000000000000;1,000000000000000;1,000000000000000;1,0000000000000000;1,0000000000000000;1,0000000000000000;1,0000000000000000;1,0000000000000000;1,0000000000000000;1,0000000000000000;1,0000000000000000
2022-03-27;alle;53;53,0;53;53;53;53;53;53;53;53;53;53;625;625,0;625,0;625;625;625;625;625;625;625;625;625,0;NA;NA;NA;NA;NA;NA;NA;NA;NA;NA;NA
2022-03-26;0-60;29;29,0;29;29;29;29;29;29;29;29;29;29;194;194,0;194,0;194;194;194;194;194;194;194;194;194,0;1,0000000000000000;1,000000000000000;1,000000000000000;1,0000000000000000;1,0000000000000000;1,0000000000000000;1,0000000000000000;1,0000000000000000;1,0000000000000000;1,0000000000000000;1,0000000000000000
2022-03-26;60+;57;57,0;57;57;57;57;57;57;57;57;57;57;424;424,0;424,0;424;424;424;424;424;424;424;424;424,0;1,0000000000000000;1,000000000000000;1,000000000000000;1,0000000000000000;1,0000000000000000;1,0000000000000000;1,0000000000000000;1,0000000000000000;1,0000000000000000;1,0000000000000000;1,0000000000000000
2022-03-26;alle;86;86,0;86;86;86;86;86;86;86;86;86;86;618;618,0;618,0;618;618;618;618;618;618;618;618;618,0;NA;NA;NA;NA;NA;NA;NA;NA;NA;NA;NA
2022-03-25;0-60;26;26,0;26;26;26;26;26;26;26;26;26;26;196;196,0;196,0;196;196;196;196;196;196;196;196;196,0;1,0000000000000000;1,000000000000000;1,000000000000000;1,0000000000000000;1,0000000000000000;1,0000000000000000;1,0000000000000000;1,0000000000000000;1,0000000000000000;1,0000000000000000;1,0000000000000000
2022-03-25;60+;62;62,0;62;62;62;62;62;62;62;62;62;62;418;418,0;418,0;418;418;418;418;418;418;418;418;418,0;1,0000000000000000;1,000000000000000;1,000000000000000;1,0000000000000000;1,0000000000000000;1,0000000000000000;1,0000000000000000;1,0000000000000000;1,0000000000000000;1,0000000000000000;1,0000000000000000
2022-03-25;alle;88;88,0;88;88;88;88;88;88;88;88;88;88;614;614,0;614,0;614;614;614;614;614;614;614;614;614,0;NA;NA;NA;NA;NA;NA;NA;NA;NA;NA;NA
2022-03-24;0-60;28;28,0;28;28;28;28;28;28;28;28;28;28;202;202,0;202,0;202;202;202;202;202;202;202;202;202,0;1,0000000000000000;1,000000000000000;1,000000000000000;1,0000000000000000;1,0000000000000000;1,0000000000000000;1,0000000000000000;1,0000000000000000;1,0000000000000000;1,0000000000000000;1,0000000000000000
2022-03-24;60+;83;83,0;83;83;83;83;83;83;83;83;83;83;432;432,0;432,0;432;432;432;432;432;432;432;432;432,0;1,0000000000000000;1,000000000000000;1,000000000000000;1,0000000000000000;1,0000000000000000;1,0000000000000000;1,0000000000000000;1,0000000000000000;1,0000000000000000;1,0000000000000000;1,0000000000000000
2022-03-24;alle;111;111,0;111;111;111;111;111;111;111;111;111;111;634;634,0;634,0;634;634;634;634;634;634;634;634;634,0;NA;NA;NA;NA;NA;NA;NA;NA;NA;NA;NA
2022-03-23;0-60;39;39,0;39;39;39;39;39;39;39;39;39;39;213;213,0;213,0;213;213;213;213;213;213;213;213;213,0;1,0000000000000000;1,000000000000000;1,000000000000000;1,0000000000000000;1,0000000000000000;1,0000000000000000;1,0000000000000000;1,0000000000000000;1,0000000000000000;1,0000000000000000;1,0000000000000000
2022-03-23;60+;74;74,0;74;74;74;74;74;74;74;74;74;74;401;401,0;401,0;401;401;401;401;401;401;401;401;401,0;1,0000000000000000;1,000000000000000;1,000000000000000;1,0000000000000000;1,0000000000000000;1,0000000000000000;1,0000000000000000;1,0000000000000000;1,0000000000000000;1,0000000000000000;1,0000000000000000
2022-03-23;alle;113;113,0;113;113;113;113;113;113;113;113;113;113;614;614,0;614,0;614;614;614;614;614;614;614;614;614,0;NA;NA;NA;NA;NA;NA;NA;NA;NA;NA;NA
2022-03-22;0-60;50;50,0;50;50;50;50;50;50;50;50;50;50;210;210,0;210,0;210;210;210;210;210;210;210;210;210,0;1,0000000000000000;1,000000000000000;1,000000000000000;1,0000000000000000;1,0000000000000000;1,0000000000000000;1,0000000000000000;1,0000000000000000;1,0000000000000000;1,0000000000000000;1,0000000000000000
2022-03-22;60+;94;94,0;94;94;94;94;94;94;94;94;94;94;402;402,0;402,0;402;402;402;402;402;402;402;402;402,0;1,0000000000000000;1,000000000000000;1,000000000000000;1,0000000000000000;1,0000000000000000;1,0000000000000000;1,0000000000000000;1,0000000000000000;1,0000000000000000;1,0000000000000000;1,0000000000000000
2022-03-22;alle;144;144,0;144;144;144;144;144;144;144;144;144;144;612;612,0;612,0;612;612;612;612;612;612;612;612;612,0;NA;NA;NA;NA;NA;NA;NA;NA;NA;NA;NA
2022-03-21;0-60;8;8,0;8;8;8;8;8;8;8;8;8;8;210;210,0;210,0;210;210;210;210;210;210;210;210;210,0;1,0000000000000000;1,000000000000000;1,000000000000000;1,0000000000000000;1,0000000000000000;1,0000000000000000;1,0000000000000000;1,0000000000000000;1,0000000000000000;1,0000000000000000;1,0000000000000000
2022-03-21;60+;22;22,0;22;22;22;22;22;22;22;22;22;22;375;375,0;375,0;375;375;375;375;375;375;375;375;375,0;1,0000000000000000;1,000000000000000;1,000000000000000;1,0000000000000000;1,0000000000000000;1,0000000000000000;1,0000000000000000;1,0000000000000000;1,0000000000000000;1,0000000000000000;1,0000000000000000
2022-03-21;alle;30;30,0;30;30;30;30;30;30;30;30;30;30;585;585,0;585,0;585;585;585;585;585;585;585;585;585,0;NA;NA;NA;NA;NA;NA;NA;NA;NA;NA;NA
2022-03-20;0-60;14;14,0;14;14;14;14;14;14;14;14;14;14;218;218,0;218,0;218;218;218;218;218;218;218;218;218,0;1,0000000000000000;1,000000000000000;1,000000000000000;1,0000000000000000;1,0000000000000000;1,0000000000000000;1,0000000000000000;1,0000000000000000;1,0000000000000000;1,0000000000000000;1,0000000000000000
2022-03-20;60+;32;32,0;32;32;32;32;32;32;32;32;32;32;368;368,0;368,0;368;368;368;368;368;368;368;368;368,0;1,0000000000000000;1,000000000000000;1,000000000000000;1,0000000000000000;1,0000000000000000;1,0000000000000000;1,0000000000000000;1,0000000000000000;1,0000000000000000;1,0000000000000000;1,0000000000000000
2022-03-20;alle;46;46,0;46;46;46;46;46;46;46;46;46;46;586;586,0;586,0;586;586;586;586;586;586;586;586;586,0;NA;NA;NA;NA;NA;NA;NA;NA;NA;NA;NA
2022-03-19;0-60;31;31,0;31;31;31;31;31;31;31;31;31;31;218;218,0;218,0;218;218;218;218;218;218;218;218;218,0;1,0000000000000000;1,000000000000000;1,000000000000000;1,0000000000000000;1,0000000000000000;1,0000000000000000;1,0000000000000000;1,0000000000000000;1,0000000000000000;1,0000000000000000;1,0000000000000000
2022-03-19;60+;51;51,0;51;51;51;51;51;51;51;51;51;51;362;362,0;362,0;362;362;362;362;362;362;362;362;362,0;1,0000000000000000;1,000000000000000;1,000000000000000;1,0000000000000000;1,0000000000000000;1,0000000000000000;1,0000000000000000;1,0000000000000000;1,0000000000000000;1,0000000000000000;1,0000000000000000
2022-03-19;alle;82;82,0;82;82;82;82;82;82;82;82;82;82;580;580,0;580,0;580;580;580;580;580;580;580;580;580,0;NA;NA;NA;NA;NA;NA;NA;NA;NA;NA;NA
2022-03-18;0-60;32;32,0;32;32;32;32;32;32;32;32;32;32;217;217,0;217,0;217;217;217;217;217;217;217;217;217,0;1,0000000000000000;1,000000000000000;1,000000000000000;1,0000000000000000;1,0000000000000000;1,0000000000000000;1,0000000000000000;1,0000000000000000;1,0000000000000000;1,0000000000000000;1,0000000000000000
2022-03-18;60+;76;76,0;76;76;76;76;76;76;76;76;76;76;359;359,0;359,0;359;359;359;359;359;359;359;359;359,0;1,0000000000000000;1,000000000000000;1,000000000000000;1,0000000000000000;1,0000000000000000;1,0000000000000000;1,0000000000000000;1,0000000000000000;1,0000000000000000;1,0000000000000000;1,0000000000000000
2022-03-18;alle;108;108,0;108;108;108;108;108;108;108;108;108;108;576;576,0;576,0;576;576;576;576;576;576;576;576;576,0;NA;NA;NA;NA;NA;NA;NA;NA;NA;NA;NA
2022-03-17;0-60;39;39,0;39;39;39;39;39;39;39;39;39;39;218;218,0;218,0;218;218;218;218;218;218;218;218;218,0;1,0000000000000000;1,000000000000000;1,000000000000000;1,0000000000000000;1,0000000000000000;1,0000000000000000;1,0000000000000000;1,0000000000000000;1,0000000000000000;1,0000000000000000;1,0000000000000000
2022-03-17;60+;52;52,0;52;52;52;52;52;52;52;52;52;52;344;344,0;344,0;344;344;344;344;344;344;344;344;344,0;1,0000000000000000;1,000000000000000;1,000000000000000;1,0000000000000000;1,0000000000000000;1,0000000000000000;1,0000000000000000;1,0000000000000000;1,0000000000000000;1,0000000000000000;1,0000000000000000
2022-03-17;alle;91;91,0;91;91;91;91;91;91;91;91;91;91;562;562,0;562,0;562;562;562;562;562;562;562;562;562,0;NA;NA;NA;NA;NA;NA;NA;NA;NA;NA;NA
2022-03-16;0-60;36;36,0;36;36;36;36;36;36;36;36;36;36;224;224,0;224,0;224;224;224;224;224;224;224;224;224,0;1,0000000000000000;1,000000000000000;1,000000000000000;1,0000000000000000;1,0000000000000000;1,0000000000000000;1,0000000000000000;1,0000000000000000;1,0000000000000000;1,0000000000000000;1,0000000000000000
2022-03-16;60+;75;75,0;75;75;75;75;75;75;75;75;75;75;346;346,0;346,0;346;346;346;346;346;346;346;346;346,0;1,0000000000000000;1,000000000000000;1,000000000000000;1,0000000000000000;1,0000000000000000;1,0000000000000000;1,0000000000000000;1,0000000000000000;1,0000000000000000;1,0000000000000000;1,0000000000000000
2022-03-16;alle;111;111,0;111;111;111;111;111;111;111;111;111;111;570;570,0;570,0;570;570;570;570;570;570;570;570;570,0;NA;NA;NA;NA;NA;NA;NA;NA;NA;NA;NA
2022-03-15;0-60;50;50,0;50;50;50;50;50;50;50;50;50;50;228;228,0;228,0;228;228;228;228;228;228;228;228;228,0;1,0000000000000000;1,000000000000000;1,000000000000000;1,0000000000000000;1,0000000000000000;1,0000000000000000;1,0000000000000000;1,0000000000000000;1,0000000000000000;1,0000000000000000;1,0000000000000000
2022-03-15;60+;67;67,0;67;67;67;67;67;67;67;67;67;67;343;343,0;343,0;343;343;343;343;343;343;343;343;343,0;1,0000000000000000;1,000000000000000;1,000000000000000;1,0000000000000000;1,0000000000000000;1,0000000000000000;1,0000000000000000;1,0000000000000000;1,0000000000000000;1,0000000000000000;1,0000000000000000
2022-03-15;alle;117;117,0;117;117;117;117;117;117;117;117;117;117;571;571,0;571,0;571;571;571;571;571;571;571;571;571,0;NA;NA;NA;NA;NA;NA;NA;NA;NA;NA;NA
2022-03-14;0-60;16;16,0;16;16;16;16;16;16;16;16;16;16;202;202,0;202,0;202;202;202;202;202;202;202;202;202,0;1,0000000000000000;1,000000000000000;1,000000000000000;1,0000000000000000;1,0000000000000000;1,0000000000000000;1,0000000000000000;1,0000000000000000;1,0000000000000000;1,0000000000000000;1,0000000000000000
2022-03-14;60+;15;15,0;15;15;15;15;15;15;15;15;15;15;328;328,0;328,0;328;328;328;328;328;328;328;328;328,0;1,0000000000000000;1,000000000000000;1,000000000000000;1,0000000000000000;1,0000000000000000;1,0000000000000000;1,0000000000000000;1,0000000000000000;1,0000000000000000;1,0000000000000000;1,0000000000000000
2022-03-14;alle;31;31,0;31;31;31;31;31;31;31;31;31;31;530;530,0;530,0;530;530;530;530;530;530;530;530;530,0;NA;NA;NA;NA;NA;NA;NA;NA;NA;NA;NA
2022-03-13;0-60;14;14,0;14;14;14;14;14;14;14;14;14;14;199;199,0;199,0;199;199;199;199;199;199;199;199;199,0;1,0000000000000000;1,000000000000000;1,000000000000000;1,0000000000000000;1,0000000000000000;1,0000000000000000;1,0000000000000000;1,0000000000000000;1,0000000000000000;1,0000000000000000;1,0000000000000000
2022-03-13;60+;26;26,0;26;26;26;26;26;26;26;26;26;26;327;327,0;327,0;327;327;327;327;327;327;327;327;327,0;1,0000000000000000;1,000000000000000;1,000000000000000;1,0000000000000000;1,0000000000000000;1,0000000000000000;1,0000000000000000;1,0000000000000000;1,0000000000000000;1,0000000000000000;1,0000000000000000
2022-03-13;alle;40;40,0;40;40;40;40;40;40;40;40;40;40;526;526,0;526,0;526;526;526;526;526;526;526;526;526,0;NA;NA;NA;NA;NA;NA;NA;NA;NA;NA;NA
2022-03-12;0-60;30;30,0;30;30;30;30;30;30;30;30;30;30;194;194,0;194,0;194;194;194;194;194;194;194;194;194,0;1,0000000000000000;1,000000000000000;1,000000000000000;1,0000000000000000;1,0000000000000000;1,0000000000000000;1,0000000000000000;1,0000000000000000;1,0000000000000000;1,0000000000000000;1,0000000000000000
2022-03-12;60+;48;48,0;48;48;48;48;48;48;48;48;48;48;324;324,0;324,0;324;324;324;324;324;324;324;324;324,0;1,0000000000000000;1,000000000000000;1,000000000000000;1,0000000000000000;1,0000000000000000;1,0000000000000000;1,0000000000000000;1,0000000000000000;1,0000000000000000;1,0000000000000000;1,0000000000000000
2022-03-12;alle;78;78,0;78;78;78;78;78;78;78;78;78;78;518;518,0;518,0;518;518;518;518;518;518;518;518;518,0;NA;NA;NA;NA;NA;NA;NA;NA;NA;NA;NA
2022-03-11;0-60;33;33,0;33;33;33;33;33;33;33;33;33;33;181;181,0;181,0;181;181;181;181;181;181;181;181;181,0;1,0000000000000000;1,000000000000000;1,000000000000000;1,0000000000000000;1,0000000000000000;1,0000000000000000;1,0000000000000000;1,0000000000000000;1,0000000000000000;1,0000000000000000;1,0000000000000000
2022-03-11;60+;61;61,0;61;61;61;61;61;61;61;61;61;61;312;312,0;312,0;312;312;312;312;312;312;312;312;312,0;1,0000000000000000;1,000000000000000;1,000000000000000;1,0000000000000000;1,0000000000000000;1,0000000000000000;1,0000000000000000;1,0000000000000000;1,0000000000000000;1,0000000000000000;1,0000000000000000
2022-03-11;alle;94;94,0;94;94;94;94;94;94;94;94;94;94;493;493,0;493,0;493;493;493;493;493;493;493;493;493,0;NA;NA;NA;NA;NA;NA;NA;NA;NA;NA;NA
2022-03-10;0-60;45;45,0;45;45;45;45;45;45;45;45;45;45;173;173,0;173,0;173;173;173;173;173;173;173;173;173,0;1,0000000000000000;1,000000000000000;1,000000000000000;1,0000000000000000;1,0000000000000000;1,0000000000000000;1,0000000000000000;1,0000000000000000;1,0000000000000000;1,0000000000000000;1,0000000000000000
2022-03-10;60+;54;54,0;54;54;54;54;54;54;54;54;54;54;286;286,0;286,0;286;286;286;286;286;286;286;286;286,0;1,0000000000000000;1,000000000000000;1,000000000000000;1,0000000000000000;1,0000000000000000;1,0000000000000000;1,0000000000000000;1,0000000000000000;1,0000000000000000;1,0000000000000000;1,0000000000000000
2022-03-10;alle;99;99,0;99;99;99;99;99;99;99;99;99;99;459;459,0;459,0;459;459;459;459;459;459;459;459;459,0;NA;NA;NA;NA;NA;NA;NA;NA;NA;NA;NA
2022-03-09;0-60;40;40,0;40;40;40;40;40;40;40;40;40;40;162;162,0;162,0;162;162;162;162;162;162;162;162;162,0;1,0000000000000000;1,000000000000000;1,000000000000000;1,0000000000000000;1,0000000000000000;1,0000000000000000;1,0000000000000000;1,0000000000000000;1,0000000000000000;1,0000000000000000;1,0000000000000000
2022-03-09;60+;72;72,0;72;72;72;72;72;72;72;72;72;72;294;294,0;294,0;294;294;294;294;294;294;294;294;294,0;1,0000000000000000;1,000000000000000;1,000000000000000;1,0000000000000000;1,0000000000000000;1,0000000000000000;1,0000000000000000;1,0000000000000000;1,0000000000000000;1,0000000000000000;1,0000000000000000
2022-03-09;alle;112;112,0;112;112;112;112;112;112;112;112;112;112;456;456,0;456,0;456;456;456;456;456;456;456;456;456,0;NA;NA;NA;NA;NA;NA;NA;NA;NA;NA;NA
2022-03-08;0-60;24;24,0;24;24;24;24;24;24;24;24;24;24;145;145,0;145,0;145;145;145;145;145;145;145;145;145,0;1,0000000000000000;1,000000000000000;1,000000000000000;1,0000000000000000;1,0000000000000000;1,0000000000000000;1,0000000000000000;1,0000000000000000;1,0000000000000000;1,0000000000000000;1,0000000000000000
2022-03-08;60+;52;52,0;52;52;52;52;52;52;52;52;52;52;278;278,0;278,0;278;278;278;278;278;278;278;278;278,0;1,0000000000000000;1,000000000000000;1,000000000000000;1,0000000000000000;1,0000000000000000;1,0000000000000000;1,0000000000000000;1,0000000000000000;1,0000000000000000;1,0000000000000000;1,0000000000000000
2022-03-08;alle;76;76,0;76;76;76;76;76;76;76;76;76;76;423;423,0;423,0;423;423;423;423;423;423;423;423;423,0;NA;NA;NA;NA;NA;NA;NA;NA;NA;NA;NA
2022-03-07;0-60;13;13,0;13;13;13;13;13;13;13;13;13;13;149;149,0;149,0;149;149;149;149;149;149;149;149;149,0;1,0000000000000000;1,000000000000000;1,000000000000000;1,0000000000000000;1,0000000000000000;1,0000000000000000;1,0000000000000000;1,0000000000000000;1,0000000000000000;1,0000000000000000;1,0000000000000000
2022-03-07;60+;14;14,0;14;14;14;14;14;14;14;14;14;14;290;290,0;290,0;290;290;290;290;290;290;290;290;290,0;1,0000000000000000;1,000000000000000;1,000000000000000;1,0000000000000000;1,0000000000000000;1,0000000000000000;1,0000000000000000;1,0000000000000000;1,0000000000000000;1,0000000000000000;1,0000000000000000
2022-03-07;alle;27;27,0;27;27;27;27;27;27;27;27;27;27;439;439,0;439,0;439;439;439;439;439;439;439;439;439,0;NA;NA;NA;NA;NA;NA;NA;NA;NA;NA;NA
2022-03-06;0-60;9;9,0;9;9;9;9;9;9;9;9;9;9;145;145,0;145,0;145;145;145;145;145;145;145;145;145,0;1,0000000000000000;1,000000000000000;1,000000000000000;1,0000000000000000;1,0000000000000000;1,0000000000000000;1,0000000000000000;1,0000000000000000;1,0000000000000000;1,0000000000000000;1,0000000000000000
2022-03-06;60+;23;23,0;23;23;23;23;23;23;23;23;23;23;299;299,0;299,0;299;299;299;299;299;299;299;299;299,0;1,0000000000000000;1,000000000000000;1,000000000000000;1,0000000000000000;1,0000000000000000;1,0000000000000000;1,0000000000000000;1,0000000000000000;1,0000000000000000;1,0000000000000000;1,0000000000000000
2022-03-06;alle;32;32,0;32;32;32;32;32;32;32;32;32;32;444;444,0;444,0;444;444;444;444;444;444;444;444;444,0;NA;NA;NA;NA;NA;NA;NA;NA;NA;NA;NA
2022-03-05;0-60;17;17,0;17;17;17;17;17;17;17;17;17;17;156;156,0;156,0;156;156;156;156;156;156;156;156;156,0;1,0000000000000000;1,000000000000000;1,000000000000000;1,0000000000000000;1,0000000000000000;1,0000000000000000;1,0000000000000000;1,0000000000000000;1,0000000000000000;1,0000000000000000;1,0000000000000000
2022-03-05;60+;36;36,0;36;36;36;36;36;36;36;36;36;36;298;298,0;298,0;298;298;298;298;298;298;298;298;298,0;1,0000000000000000;1,000000000000000;1,000000000000000;1,0000000000000000;1,0000000000000000;1,0000000000000000;1,0000000000000000;1,0000000000000000;1,0000000000000000;1,0000000000000000;1,0000000000000000
2022-03-05;alle;53;53,0;53;53;53;53;53;53;53;53;53;53;454;454,0;454,0;454;454;454;454;454;454;454;454;454,0;NA;NA;NA;NA;NA;NA;NA;NA;NA;NA;NA
2022-03-04;0-60;25;25,0;25;25;25;25;25;25;25;25;25;25;160;160,0;160,0;160;160;160;160;160;160;160;160;160,0;1,0000000000000000;1,000000000000000;1,000000000000000;1,0000000000000000;1,0000000000000000;1,0000000000000000;1,0000000000000000;1,0000000000000000;1,0000000000000000;1,0000000000000000;1,0000000000000000
2022-03-04;60+;35;35,0;35;35;35;35;35;35;35;35;35;35;309;309,0;309,0;309;309;309;309;309;309;309;309;309,0;1,0000000000000000;1,000000000000000;1,000000000000000;1,0000000000000000;1,0000000000000000;1,0000000000000000;1,0000000000000000;1,0000000000000000;1,0000000000000000;1,0000000000000000;1,0000000000000000
2022-03-04;alle;60;60,0;60;60;60;60;60;60;60;60;60;60;469;469,0;469,0;469;469;469;469;469;469;469;469;469,0;NA;NA;NA;NA;NA;NA;NA;NA;NA;NA;NA
2022-03-03;0-60;34;34,0;34;34;34;34;34;34;34;34;34;34;155;155,0;155,0;155;155;155;155;155;155;155;155;155,0;1,0000000000000000;1,000000000000000;1,000000000000000;1,0000000000000000;1,0000000000000000;1,0000000000000000;1,0000000000000000;1,0000000000000000;1,0000000000000000;1,0000000000000000;1,0000000000000000
2022-03-03;60+;62;62,0;62;62;62;62;62;62;62;62;62;62;319;319,0;319,0;319;319;319;319;319;319;319;319;319,0;1,0000000000000000;1,000000000000000;1,000000000000000;1,0000000000000000;1,0000000000000000;1,0000000000000000;1,0000000000000000;1,0000000000000000;1,0000000000000000;1,0000000000000000;1,0000000000000000
2022-03-03;alle;96;96,0;96;96;96;96;96;96;96;96;96;96;474;474,0;474,0;474;474;474;474;474;474;474;474;474,0;NA;NA;NA;NA;NA;NA;NA;NA;NA;NA;NA
2022-03-02;0-60;23;23,0;23;23;23;23;23;23;23;23;23;23;145;145,0;145,0;145;145;145;145;145;145;145;145;145,0;1,0000000000000000;1,000000000000000;1,000000000000000;1,0000000000000000;1,0000000000000000;1,0000000000000000;1,0000000000000000;1,0000000000000000;1,0000000000000000;1,0000000000000000;1,0000000000000000
2022-03-02;60+;56;56,0;56;56;56;56;56;56;56;56;56;56;310;310,0;310,0;310;310;310;310;310;310;310;310;310,0;1,0000000000000000;1,000000000000000;1,000000000000000;1,0000000000000000;1,0000000000000000;1,0000000000000000;1,0000000000000000;1,0000000000000000;1,0000000000000000;1,0000000000000000;1,0000000000000000
2022-03-02;alle;79;79,0;79;79;79;79;79;79;79;79;79;79;455;455,0;455,0;455;455;455;455;455;455;455;455;455,0;NA;NA;NA;NA;NA;NA;NA;NA;NA;NA;NA
2022-03-01;0-60;28;28,0;28;28;28;28;28;28;28;28;28;28;152;152,0;152,0;152;152;152;152;152;152;152;152;152,0;1,0000000000000000;1,000000000000000;1,000000000000000;1,0000000000000000;1,0000000000000000;1,0000000000000000;1,0000000000000000;1,0000000000000000;1,0000000000000000;1,0000000000000000;1,0000000000000000
2022-03-01;60+;64;64,0;64;64;64;64;64;64;64;64;64;64;300;300,0;300,0;300;300;300;300;300;300;300;300;300,0;1,0000000000000000;1,000000000000000;1,000000000000000;1,0000000000000000;1,0000000000000000;1,0000000000000000;1,0000000000000000;1,0000000000000000;1,0000000000000000;1,0000000000000000;1,0000000000000000
2022-03-01;alle;92;92,0;92;92;92;92;92;92;92;92;92;92;452;452,0;452,0;452;452;452;452;452;452;452;452;452,0;NA;NA;NA;NA;NA;NA;NA;NA;NA;NA;NA
2022-02-28;0-60;9;9,0;9;9;9;9;9;9;9;9;9;9;166;166,0;166,0;166;166;166;166;166;166;166;166;166,0;1,0000000000000000;1,000000000000000;1,000000000000000;1,0000000000000000;1,0000000000000000;1,0000000000000000;1,0000000000000000;1,0000000000000000;1,0000000000000000;1,0000000000000000;1,0000000000000000
2022-02-28;60+;23;23,0;23;23;23;23;23;23;23;23;23;23;298;298,0;298,0;298;298;298;298;298;298;298;298;298,0;1,0000000000000000;1,000000000000000;1,000000000000000;1,0000000000000000;1,0000000000000000;1,0000000000000000;1,0000000000000000;1,0000000000000000;1,0000000000000000;1,0000000000000000;1,0000000000000000
2022-02-28;alle;32;32,0;32;32;32;32;32;32;32;32;32;32;464;464,0;464,0;464;464;464;464;464;464;464;464;464,0;NA;NA;NA;NA;NA;NA;NA;NA;NA;NA;NA
2022-02-27;0-60;20;20,0;20;20;20;20;20;20;20;20;20;20;173;173,0;173,0;173;173;173;173;173;173;173;173;173,0;1,0000000000000000;1,000000000000000;1,000000000000000;1,0000000000000000;1,0000000000000000;1,0000000000000000;1,0000000000000000;1,0000000000000000;1,0000000000000000;1,0000000000000000;1,0000000000000000
2022-02-27;60+;22;22,0;22;22;22;22;22;22;22;22;22;22;285;285,0;285,0;285;285;285;285;285;285;285;285;285,0;1,0000000000000000;1,000000000000000;1,000000000000000;1,0000000000000000;1,0000000000000000;1,0000000000000000;1,0000000000000000;1,0000000000000000;1,0000000000000000;1,0000000000000000;1,0000000000000000
2022-02-27;alle;42;42,0;42;42;42;42;42;42;42;42;42;42;458;458,0;458,0;458;458;458;458;458;458;458;458;458,0;NA;NA;NA;NA;NA;NA;NA;NA;NA;NA;NA
2022-02-26;0-60;21;21,0;21;21;21;21;21;21;21;21;21;21;166;166,0;166,0;166;166;166;166;166;166;166;166;166,0;1,0000000000000000;1,000000000000000;1,000000000000000;1,0000000000000000;1,0000000000000000;1,0000000000000000;1,0000000000000000;1,0000000000000000;1,0000000000000000;1,0000000000000000;1,0000000000000000
2022-02-26;60+;47;47,0;47;47;47;47;47;47;47;47;47;47;280;280,0;280,0;280;280;280;280;280;280;280;280;280,0;1,0000000000000000;1,000000000000000;1,000000000000000;1,0000000000000000;1,0000000000000000;1,0000000000000000;1,0000000000000000;1,0000000000000000;1,0000000000000000;1,0000000000000000;1,0000000000000000
2022-02-26;alle;68;68,0;68;68;68;68;68;68;68;68;68;68;446;446,0;446,0;446;446;446;446;446;446;446;446;446,0;NA;NA;NA;NA;NA;NA;NA;NA;NA;NA;NA
2022-02-25;0-60;20;20,0;20;20;20;20;20;20;20;20;20;20;181;181,0;181,0;181;181;181;181;181;181;181;181;181,0;1,0000000000000000;1,000000000000000;1,000000000000000;1,0000000000000000;1,0000000000000000;1,0000000000000000;1,0000000000000000;1,0000000000000000;1,0000000000000000;1,0000000000000000;1,0000000000000000
2022-02-25;60+;45;45,0;45;45;45;45;45;45;45;45;45;45;265;265,0;265,0;265;265;265;265;265;265;265;265;265,0;1,0000000000000000;1,000000000000000;1,000000000000000;1,0000000000000000;1,0000000000000000;1,0000000000000000;1,0000000000000000;1,0000000000000000;1,0000000000000000;1,0000000000000000;1,0000000000000000
2022-02-25;alle;65;65,0;65;65;65;65;65;65;65;65;65;65;446;446,0;446,0;446;446;446;446;446;446;446;446;446,0;NA;NA;NA;NA;NA;NA;NA;NA;NA;NA;NA
2022-02-24;0-60;24;24,0;24;24;24;24;24;24;24;24;24;24;183;183,0;183,0;183;183;183;183;183;183;183;183;183,0;1,0000000000000000;1,000000000000000;1,000000000000000;1,0000000000000000;1,0000000000000000;1,0000000000000000;1,0000000000000000;1,0000000000000000;1,0000000000000000;1,0000000000000000;1,0000000000000000
2022-02-24;60+;53;53,0;53;53;53;53;53;53;53;53;53;53;257;257,0;257,0;257;257;257;257;257;257;257;257;257,0;1,0000000000000000;1,000000000000000;1,000000000000000;1,0000000000000000;1,0000000000000000;1,0000000000000000;1,0000000000000000;1,0000000000000000;1,0000000000000000;1,0000000000000000;1,0000000000000000
2022-02-24;alle;77;77,0;77;77;77;77;77;77;77;77;77;77;440;440,0;440,0;440;440;440;440;440;440;440;440;440,0;NA;NA;NA;NA;NA;NA;NA;NA;NA;NA;NA
2022-02-23;0-60;30;30,0;30;30;30;30;30;30;30;30;30;30;186;186,0;186,0;186;186;186;186;186;186;186;186;186,0;1,0000000000000000;1,000000000000000;1,000000000000000;1,0000000000000000;1,0000000000000000;1,0000000000000000;1,0000000000000000;1,0000000000000000;1,0000000000000000;1,0000000000000000;1,0000000000000000
2022-02-23;60+;46;46,0;46;46;46;46;46;46;46;46;46;46;255;255,0;255,0;255;255;255;255;255;255;255;255;255,0;1,0000000000000000;1,000000000000000;1,000000000000000;1,0000000000000000;1,0000000000000000;1,0000000000000000;1,0000000000000000;1,0000000000000000;1,0000000000000000;1,0000000000000000;1,0000000000000000
2022-02-23;alle;76;76,0;76;76;76;76;76;76;76;76;76;76;441;441,0;441,0;441;441;441;441;441;441;441;441;441,0;NA;NA;NA;NA;NA;NA;NA;NA;NA;NA;NA
2022-02-22;0-60;42;42,0;42;42;42;42;42;42;42;42;42;42;184;184,0;184,0;184;184;184;184;184;184;184;184;184,0;1,0000000000000000;1,000000000000000;1,000000000000000;1,0000000000000000;1,0000000000000000;1,0000000000000000;1,0000000000000000;1,0000000000000000;1,0000000000000000;1,0000000000000000;1,0000000000000000
2022-02-22;60+;62;62,0;62;62;62;62;62;62;62;62;62;62;253;253,0;253,0;253;253;253;253;253;253;253;253;253,0;1,0000000000000000;1,000000000000000;1,000000000000000;1,0000000000000000;1,0000000000000000;1,0000000000000000;1,0000000000000000;1,0000000000000000;1,0000000000000000;1,0000000000000000;1,0000000000000000
2022-02-22;alle;104;104,0;104;104;104;104;104;104;104;104;104;104;437;437,0;437,0;437;437;437;437;437;437;437;437;437,0;NA;NA;NA;NA;NA;NA;NA;NA;NA;NA;NA
2022-02-21;0-60;16;16,0;16;16;16;16;16;16;16;16;16;16;185;185,0;185,0;185;185;185;185;185;185;185;185;185,0;1,0000000000000000;1,000000000000000;1,000000000000000;1,0000000000000000;1,0000000000000000;1,0000000000000000;1,0000000000000000;1,0000000000000000;1,0000000000000000;1,0000000000000000;1,0000000000000000
2022-02-21;60+;10;10,0;10;10;10;10;10;10;10;10;10;10;241;241,0;241,0;241;241;241;241;241;241;241;241;241,0;1,0000000000000000;1,000000000000000;1,000000000000000;1,0000000000000000;1,0000000000000000;1,0000000000000000;1,0000000000000000;1,0000000000000000;1,0000000000000000;1,0000000000000000;1,0000000000000000
2022-02-21;alle;26;26,0;26;26;26;26;26;26;26;26;26;26;426;426,0;426,0;426;426;426;426;426;426;426;426;426,0;NA;NA;NA;NA;NA;NA;NA;NA;NA;NA;NA
2022-02-20;0-60;13;13,0;13;13;13;13;13;13;13;13;13;13;183;183,0;183,0;183;183;183;183;183;183;183;183;183,0;1,0000000000000000;1,000000000000000;1,000000000000000;1,0000000000000000;1,0000000000000000;1,0000000000000000;1,0000000000000000;1,0000000000000000;1,0000000000000000;1,0000000000000000;1,0000000000000000
2022-02-20;60+;17;17,0;17;17;17;17;17;17;17;17;17;17;250;250,0;250,0;250;250;250;250;250;250;250;250;250,0;1,0000000000000000;1,000000000000000;1,000000000000000;1,0000000000000000;1,0000000000000000;1,0000000000000000;1,0000000000000000;1,0000000000000000;1,0000000000000000;1,0000000000000000;1,0000000000000000
2022-02-20;alle;30;30,0;30;30;30;30;30;30;30;30;30;30;433;433,0;433,0;433;433;433;433;433;433;433;433;433,0;NA;NA;NA;NA;NA;NA;NA;NA;NA;NA;NA
2022-02-19;0-60;36;36,0;36;36;36;36;36;36;36;36;36;36;189;189,0;189,0;189;189;189;189;189;189;189;189;189,0;1,0000000000000000;1,000000000000000;1,000000000000000;1,0000000000000000;1,0000000000000000;1,0000000000000000;1,0000000000000000;1,0000000000000000;1,0000000000000000;1,0000000000000000;1,0000000000000000
2022-02-19;60+;32;32,0;32;32;32;32;32;32;32;32;32;32;250;250,0;250,0;250;250;250;250;250;250;250;250;250,0;1,0000000000000000;1,000000000000000;1,000000000000000;1,0000000000000000;1,0000000000000000;1,0000000000000000;1,0000000000000000;1,0000000000000000;1,0000000000000000;1,0000000000000000;1,0000000000000000
2022-02-19;alle;68;68,0;68;68;68;68;68;68;68;68;68;68;439;439,0;439,0;439;439;439;439;439;439;439;439;439,0;NA;NA;NA;NA;NA;NA;NA;NA;NA;NA;NA
2022-02-18;0-60;22;22,0;22;22;22;22;22;22;22;22;22;22;182;182,0;182,0;182;182;182;182;182;182;182;182;182,0;1,0000000000000000;1,000000000000000;1,000000000000000;1,0000000000000000;1,0000000000000000;1,0000000000000000;1,0000000000000000;1,0000000000000000;1,0000000000000000;1,0000000000000000;1,0000000000000000
2022-02-18;60+;37;37,0;37;37;37;37;37;37;37;37;37;37;255;255,0;255,0;255;255;255;255;255;255;255;255;255,0;1,0000000000000000;1,000000000000000;1,000000000000000;1,0000000000000000;1,0000000000000000;1,0000000000000000;1,0000000000000000;1,0000000000000000;1,0000000000000000;1,0000000000000000;1,0000000000000000
2022-02-18;alle;59;59,0;59;59;59;59;59;59;59;59;59;59;437;437,0;437,0;437;437;437;437;437;437;437;437;437,0;NA;NA;NA;NA;NA;NA;NA;NA;NA;NA;NA
2022-02-17;0-60;27;27,0;27;27;27;27;27;27;27;27;27;27;182;182,0;182,0;182;182;182;182;182;182;182;182;182,0;1,0000000000000000;1,000000000000000;1,000000000000000;1,0000000000000000;1,0000000000000000;1,0000000000000000;1,0000000000000000;1,0000000000000000;1,0000000000000000;1,0000000000000000;1,0000000000000000
2022-02-17;60+;51;51,0;51;51;51;51;51;51;51;51;51;51;255;255,0;255,0;255;255;255;255;255;255;255;255;255,0;1,0000000000000000;1,000000000000000;1,000000000000000;1,0000000000000000;1,0000000000000000;1,0000000000000000;1,0000000000000000;1,0000000000000000;1,0000000000000000;1,0000000000000000;1,0000000000000000
2022-02-17;alle;78;78,0;78;78;78;78;78;78;78;78;78;78;437;437,0;437,0;437;437;437;437;437;437;437;437;437,0;NA;NA;NA;NA;NA;NA;NA;NA;NA;NA;NA
2022-02-16;0-60;28;28,0;28;28;28;28;28;28;28;28;28;28;187;187,0;187,0;187;187;187;187;187;187;187;187;187,0;1,0000000000000000;1,000000000000000;1,000000000000000;1,0000000000000000;1,0000000000000000;1,0000000000000000;1,0000000000000000;1,0000000000000000;1,0000000000000000;1,0000000000000000;1,0000000000000000
2022-02-16;60+;44;44,0;44;44;44;44;44;44;44;44;44;44;245;245,0;245,0;245;245;245;245;245;245;245;245;245,0;1,0000000000000000;1,000000000000000;1,000000000000000;1,0000000000000000;1,0000000000000000;1,0000000000000000;1,0000000000000000;1,0000000000000000;1,0000000000000000;1,0000000000000000;1,0000000000000000
2022-02-16;alle;72;72,0;72;72;72;72;72;72;72;72;72;72;432;432,0;432,0;432;432;432;432;432;432;432;432;432,0;NA;NA;NA;NA;NA;NA;NA;NA;NA;NA;NA
2022-02-15;0-60;43;43,0;43;43;43;43;43;43;43;43;43;43;195;195,0;195,0;195;195;195;195;195;195;195;195;195,0;1,0000000000000000;1,000000000000000;1,000000000000000;1,0000000000000000;1,0000000000000000;1,0000000000000000;1,0000000000000000;1,0000000000000000;1,0000000000000000;1,0000000000000000;1,0000000000000000
2022-02-15;60+;50;50,0;50;50;50;50;50;50;50;50;50;50;238;238,0;238,0;238;238;238;238;238;238;238;238;238,0;1,0000000000000000;1,000000000000000;1,000000000000000;1,0000000000000000;1,0000000000000000;1,0000000000000000;1,0000000000000000;1,0000000000000000;1,0000000000000000;1,0000000000000000;1,0000000000000000
2022-02-15;alle;93;93,0;93;93;93;93;93;93;93;93;93;93;433;433,0;433,0;433;433;433;433;433;433;433;433;433,0;NA;NA;NA;NA;NA;NA;NA;NA;NA;NA;NA
2022-02-14;0-60;14;14,0;14;14;14;14;14;14;14;14;14;14;191;191,0;191,0;191;191;191;191;191;191;191;191;191,0;1,0000000000000000;1,000000000000000;1,000000000000000;1,0000000000000000;1,0000000000000000;1,0000000000000000;1,0000000000000000;1,0000000000000000;1,0000000000000000;1,0000000000000000;1,0000000000000000
2022-02-14;60+;19;19,0;19;19;19;19;19;19;19;19;19;19;231;231,0;231,0;231;231;231;231;231;231;231;231;231,0;1,0000000000000000;1,000000000000000;1,000000000000000;1,0000000000000000;1,0000000000000000;1,0000000000000000;1,0000000000000000;1,0000000000000000;1,0000000000000000;1,0000000000000000;1,0000000000000000
2022-02-14;alle;33;33,0;33;33;33;33;33;33;33;33;33;33;422;422,0;422,0;422;422;422;422;422;422;422;422;422,0;NA;NA;NA;NA;NA;NA;NA;NA;NA;NA;NA
2022-02-13;0-60;19;19,0;19;19;19;19;19;19;19;19;19;19;189;189,0;189,0;189;189;189;189;189;189;189;189;189,0;1,0000000000000000;1,000000000000000;1,000000000000000;1,0000000000000000;1,0000000000000000;1,0000000000000000;1,0000000000000000;1,0000000000000000;1,0000000000000000;1,0000000000000000;1,0000000000000000
2022-02-13;60+;17;17,0;17;17;17;17;17;17;17;17;17;17;221;221,0;221,0;221;221;221;221;221;221;221;221;221,0;1,0000000000000000;1,000000000000000;1,000000000000000;1,0000000000000000;1,0000000000000000;1,0000000000000000;1,0000000000000000;1,0000000000000000;1,0000000000000000;1,0000000000000000;1,0000000000000000
2022-02-13;alle;36;36,0;36;36;36;36;36;36;36;36;36;36;410;410,0;410,0;410;410;410;410;410;410;410;410;410,0;NA;NA;NA;NA;NA;NA;NA;NA;NA;NA;NA
2022-02-12;0-60;29;29,0;29;29;29;29;29;29;29;29;29;29;180;180,0;180,0;180;180;180;180;180;180;180;180;180,0;1,0000000000000000;1,000000000000000;1,000000000000000;1,0000000000000000;1,0000000000000000;1,0000000000000000;1,0000000000000000;1,0000000000000000;1,0000000000000000;1,0000000000000000;1,0000000000000000
2022-02-12;60+;37;37,0;37;37;37;37;37;37;37;37;37;37;218;218,0;218,0;218;218;218;218;218;218;218;218;218,0;1,0000000000000000;1,000000000000000;1,000000000000000;1,0000000000000000;1,0000000000000000;1,0000000000000000;1,0000000000000000;1,0000000000000000;1,0000000000000000;1,0000000000000000;1,0000000000000000
2022-02-12;alle;66;66,0;66;66;66;66;66;66;66;66;66;66;398;398,0;398,0;398;398;398;398;398;398;398;398;398,0;NA;NA;NA;NA;NA;NA;NA;NA;NA;NA;NA
2022-02-11;0-60;22;22,0;22;22;22;22;22;22;22;22;22;22;174;174,0;174,0;174;174;174;174;174;174;174;174;174,0;1,0000000000000000;1,000000000000000;1,000000000000000;1,0000000000000000;1,0000000000000000;1,0000000000000000;1,0000000000000000;1,0000000000000000;1,0000000000000000;1,0000000000000000;1,0000000000000000
2022-02-11;60+;37;37,0;37;37;37;37;37;37;37;37;37;37;203;203,0;203,0;203;203;203;203;203;203;203;203;203,0;1,0000000000000000;1,000000000000000;1,000000000000000;1,0000000000000000;1,0000000000000000;1,0000000000000000;1,0000000000000000;1,0000000000000000;1,0000000000000000;1,0000000000000000;1,0000000000000000
2022-02-11;alle;59;59,0;59;59;59;59;59;59;59;59;59;59;377;377,0;377,0;377;377;377;377;377;377;377;377;377,0;NA;NA;NA;NA;NA;NA;NA;NA;NA;NA;NA
2022-02-10;0-60;32;32,0;32;32;32;32;32;32;32;32;32;32;172;172,0;172,0;172;172;172;172;172;172;172;172;172,0;1,0000000000000000;1,000000000000000;1,000000000000000;1,0000000000000000;1,0000000000000000;1,0000000000000000;1,0000000000000000;1,0000000000000000;1,0000000000000000;1,0000000000000000;1,0000000000000000
2022-02-10;60+;41;41,0;41;41;41;41;41;41;41;41;41;41;193;193,0;193,0;193;193;193;193;193;193;193;193;193,0;1,0000000000000000;1,000000000000000;1,000000000000000;1,0000000000000000;1,0000000000000000;1,0000000000000000;1,0000000000000000;1,0000000000000000;1,0000000000000000;1,0000000000000000;1,0000000000000000
2022-02-10;alle;73;73,0;73;73;73;73;73;73;73;73;73;73;365;365,0;365,0;365;365;365;365;365;365;365;365;365,0;NA;NA;NA;NA;NA;NA;NA;NA;NA;NA;NA
2022-02-09;0-60;36;36,0;36;36;36;36;36;36;36;36;36;36;176;176,0;176,0;176;176;176;176;176;176;176;176;176,0;1,0000000000000000;1,000000000000000;1,000000000000000;1,0000000000000000;1,0000000000000000;1,0000000000000000;1,0000000000000000;1,0000000000000000;1,0000000000000000;1,0000000000000000;1,0000000000000000
2022-02-09;60+;37;37,0;37;37;37;37;37;37;37;37;37;37;172;172,0;172,0;172;172;172;172;172;172;172;172;172,0;1,0000000000000000;1,000000000000000;1,000000000000000;1,0000000000000000;1,0000000000000000;1,0000000000000000;1,0000000000000000;1,0000000000000000;1,0000000000000000;1,0000000000000000;1,0000000000000000
2022-02-09;alle;73;73,0;73;73;73;73;73;73;73;73;73;73;348;348,0;348,0;348;348;348;348;348;348;348;348;348,0;NA;NA;NA;NA;NA;NA;NA;NA;NA;NA;NA
2022-02-08;0-60;39;39,0;39;39;39;39;39;39;39;39;39;39;173;173,0;173,0;173;173;173;173;173;173;173;173;173,0;1,0000000000000000;1,000000000000000;1,000000000000000;1,0000000000000000;1,0000000000000000;1,0000000000000000;1,0000000000000000;1,0000000000000000;1,0000000000000000;1,0000000000000000;1,0000000000000000
2022-02-08;60+;43;43,0;43;43;43;43;43;43;43;43;43;43;170;170,0;170,0;170;170;170;170;170;170;170;170;170,0;1,0000000000000000;1,000000000000000;1,000000000000000;1,0000000000000000;1,0000000000000000;1,0000000000000000;1,0000000000000000;1,0000000000000000;1,0000000000000000;1,0000000000000000;1,0000000000000000
2022-02-08;alle;82;82,0;82;82;82;82;82;82;82;82;82;82;343;343,0;343,0;343;343;343;343;343;343;343;343;343,0;NA;NA;NA;NA;NA;NA;NA;NA;NA;NA;NA
2022-02-07;0-60;12;12,0;12;12;12;12;12;12;12;12;12;12;162;162,0;162,0;162;162;162;162;162;162;162;162;162,0;1,0000000000000000;1,000000000000000;1,000000000000000;1,0000000000000000;1,0000000000000000;1,0000000000000000;1,0000000000000000;1,0000000000000000;1,0000000000000000;1,0000000000000000;1,0000000000000000
2022-02-07;60+;9;9,0;9;9;9;9;9;9;9;9;9;9;153;153,0;153,0;153;153;153;153;153;153;153;153;153,0;1,0000000000000000;1,000000000000000;1,000000000000000;1,0000000000000000;1,0000000000000000;1,0000000000000000;1,0000000000000000;1,0000000000000000;1,0000000000000000;1,0000000000000000;1,0000000000000000
2022-02-07;alle;21;21,0;21;21;21;21;21;21;21;21;21;21;315;315,0;315,0;315;315;315;315;315;315;315;315;315,0;NA;NA;NA;NA;NA;NA;NA;NA;NA;NA;NA
2022-02-06;0-60;10;10,0;10;10;10;10;10;10;10;10;10;10;161;161,0;161,0;161;161;161;161;161;161;161;161;161,0;1,0000000000000000;1,000000000000000;1,000000000000000;1,0000000000000000;1,0000000000000000;1,0000000000000000;1,0000000000000000;1,0000000000000000;1,0000000000000000;1,0000000000000000;1,0000000000000000
2022-02-06;60+;14;14,0;14;14;14;14;14;14;14;14;14;14;151;151,0;151,0;151;151;151;151;151;151;151;151;151,0;1,0000000000000000;1,000000000000000;1,000000000000000;1,0000000000000000;1,0000000000000000;1,0000000000000000;1,0000000000000000;1,0000000000000000;1,0000000000000000;1,0000000000000000;1,0000000000000000
2022-02-06;alle;24;24,0;24;24;24;24;24;24;24;24;24;24;312;312,0;312,0;312;312;312;312;312;312;312;312;312,0;NA;NA;NA;NA;NA;NA;NA;NA;NA;NA;NA
2022-02-05;0-60;23;23,0;23;23;23;23;23;23;23;23;23;23;162;162,0;162,0;162;162;162;162;162;162;162;162;162,0;1,0000000000000000;1,000000000000000;1,000000000000000;1,0000000000000000;1,0000000000000000;1,0000000000000000;1,0000000000000000;1,0000000000000000;1,0000000000000000;1,0000000000000000;1,0000000000000000
2022-02-05;60+;22;22,0;22;22;22;22;22;22;22;22;22;22;147;147,0;147,0;147;147;147;147;147;147;147;147;147,0;1,0000000000000000;1,000000000000000;1,000000000000000;1,0000000000000000;1,0000000000000000;1,0000000000000000;1,0000000000000000;1,0000000000000000;1,0000000000000000;1,0000000000000000;1,0000000000000000
2022-02-05;alle;45;45,0;45;45;45;45;45;45;45;45;45;45;309;309,0;309,0;309;309;309;309;309;309;309;309;309,0;NA;NA;NA;NA;NA;NA;NA;NA;NA;NA;NA
2022-02-04;0-60;20;20,0;20;20;20;20;20;20;20;20;20;20;159;159,0;159,0;159;159;159;159;159;159;159;159;159,0;1,0000000000000000;1,000000000000000;1,000000000000000;1,0000000000000000;1,0000000000000000;1,0000000000000000;1,0000000000000000;1,0000000000000000;1,0000000000000000;1,0000000000000000;1,0000000000000000
2022-02-04;60+;27;27,0;27;27;27;27;27;27;27;27;27;27;143;143,0;143,0;143;143;143;143;143;143;143;143;143,0;1,0000000000000000;1,000000000000000;1,000000000000000;1,0000000000000000;1,0000000000000000;1,0000000000000000;1,0000000000000000;1,0000000000000000;1,0000000000000000;1,0000000000000000;1,0000000000000000
2022-02-04;alle;47;47,0;47;47;47;47;47;47;47;47;47;47;302;302,0;302,0;302;302;302;302;302;302;302;302;302,0;NA;NA;NA;NA;NA;NA;NA;NA;NA;NA;NA
2022-02-03;0-60;36;36,0;36;36;36;36;36;36;36;36;36;36;151;151,0;151,0;151;151;151;151;151;151;151;151;151,0;1,0000000000000000;1,000000000000000;1,000000000000000;1,0000000000000000;1,0000000000000000;1,0000000000000000;1,0000000000000000;1,0000000000000000;1,0000000000000000;1,0000000000000000;1,0000000000000000
2022-02-03;60+;20;20,0;20;20;20;20;20;20;20;20;20;20;130;130,0;130,0;130;130;130;130;130;130;130;130;130,0;1,0000000000000000;1,000000000000000;1,000000000000000;1,0000000000000000;1,0000000000000000;1,0000000000000000;1,0000000000000000;1,0000000000000000;1,0000000000000000;1,0000000000000000;1,0000000000000000
2022-02-03;alle;56;56,0;56;56;56;56;56;56;56;56;56;56;281;281,0;281,0;281;281;281;281;281;281;281;281;281,0;NA;NA;NA;NA;NA;NA;NA;NA;NA;NA;NA
2022-02-02;0-60;33;33,0;33;33;33;33;33;33;33;33;33;33;139;139,0;139,0;139;139;139;139;139;139;139;139;139,0;1,0000000000000000;1,000000000000000;1,000000000000000;1,0000000000000000;1,0000000000000000;1,0000000000000000;1,0000000000000000;1,0000000000000000;1,0000000000000000;1,0000000000000000;1,0000000000000000
2022-02-02;60+;35;35,0;35;35;35;35;35;35;35;35;35;35;128;128,0;128,0;128;128;128;128;128;128;128;128;128,0;1,0000000000000000;1,000000000000000;1,000000000000000;1,0000000000000000;1,0000000000000000;1,0000000000000000;1,0000000000000000;1,0000000000000000;1,0000000000000000;1,0000000000000000;1,0000000000000000
2022-02-02;alle;68;68,0;68;68;68;68;68;68;68;68;68;68;267;267,0;267,0;267;267;267;267;267;267;267;267;267,0;NA;NA;NA;NA;NA;NA;NA;NA;NA;NA;NA
2022-02-01;0-60;28;28,0;28;28;28;28;28;28;28;28;28;28;126;126,0;126,0;126;126;126;126;126;126;126;126;126,0;1,0000000000000000;1,000000000000000;1,000000000000000;1,0000000000000000;1,0000000000000000;1,0000000000000000;1,0000000000000000;1,0000000000000000;1,0000000000000000;1,0000000000000000;1,0000000000000000
2022-02-01;60+;26;26,0;26;26;26;26;26;26;26;26;26;26;116;116,0;116,0;116;116;116;116;116;116;116;116;116,0;1,0000000000000000;1,000000000000000;1,000000000000000;1,0000000000000000;1,0000000000000000;1,0000000000000000;1,0000000000000000;1,0000000000000000;1,0000000000000000;1,0000000000000000;1,0000000000000000
2022-02-01;alle;54;54,0;54;54;54;54;54;54;54;54;54;54;242;242,0;242,0;242;242;242;242;242;242;242;242;242,0;NA;NA;NA;NA;NA;NA;NA;NA;NA;NA;NA
2022-01-31;0-60;11;11,0;11;11;11;11;11;11;11;11;11;11;118;118,0;118,0;118;118;118;118;118;118;118;118;118,0;1,0000000000000000;1,000000000000000;1,000000000000000;1,0000000000000000;1,0000000000000000;1,0000000000000000;1,0000000000000000;1,0000000000000000;1,0000000000000000;1,0000000000000000;1,0000000000000000
2022-01-31;60+;7;7,0;7;7;7;7;7;7;7;7;7;7;116;116,0;116,0;116;116;116;116;116;116;116;116;116,0;1,0000000000000000;1,000000000000000;1,000000000000000;1,0000000000000000;1,0000000000000000;1,0000000000000000;1,0000000000000000;1,0000000000000000;1,0000000000000000;1,0000000000000000;1,0000000000000000
2022-01-31;alle;18;18,0;18;18;18;18;18;18;18;18;18;18;234;234,0;234,0;234;234;234;234;234;234;234;234;234,0;NA;NA;NA;NA;NA;NA;NA;NA;NA;NA;NA
2022-01-30;0-60;11;11,0;11;11;11;11;11;11;11;11;11;11;116;116,0;116,0;116;116;116;116;116;116;116;116;116,0;1,0000000000000000;1,000000000000000;1,000000000000000;1,0000000000000000;1,0000000000000000;1,0000000000000000;1,0000000000000000;1,0000000000000000;1,0000000000000000;1,0000000000000000;1,0000000000000000
2022-01-30;60+;10;10,0;10;10;10;10;10;10;10;10;10;10;113;113,0;113,0;113;113;113;113;113;113;113;113;113,0;1,0000000000000000;1,000000000000000;1,000000000000000;1,0000000000000000;1,0000000000000000;1,0000000000000000;1,0000000000000000;1,0000000000000000;1,0000000000000000;1,0000000000000000;1,0000000000000000
2022-01-30;alle;21;21,0;21;21;21;21;21;21;21;21;21;21;229;229,0;229,0;229;229;229;229;229;229;229;229;229,0;NA;NA;NA;NA;NA;NA;NA;NA;NA;NA;NA
2022-01-29;0-60;20;20,0;20;20;20;20;20;20;20;20;20;20;112;112,0;112,0;112;112;112;112;112;112;112;112;112,0;1,0000000000000000;1,000000000000000;1,000000000000000;1,0000000000000000;1,0000000000000000;1,0000000000000000;1,0000000000000000;1,0000000000000000;1,0000000000000000;1,0000000000000000;1,0000000000000000
2022-01-29;60+;18;18,0;18;18;18;18;18;18;18;18;18;18;113;113,0;113,0;113;113;113;113;113;113;113;113;113,0;1,0000000000000000;1,000000000000000;1,000000000000000;1,0000000000000000;1,0000000000000000;1,0000000000000000;1,0000000000000000;1,0000000000000000;1,0000000000000000;1,0000000000000000;1,0000000000000000
2022-01-29;alle;38;38,0;38;38;38;38;38;38;38;38;38;38;225;225,0;225,0;225;225;225;225;225;225;225;225;225,0;NA;NA;NA;NA;NA;NA;NA;NA;NA;NA;NA
2022-01-28;0-60;12;12,0;12;12;12;12;12;12;12;12;12;12;113;113,0;113,0;113;113;113;113;113;113;113;113;113,0;1,0000000000000000;1,000000000000000;1,000000000000000;1,0000000000000000;1,0000000000000000;1,0000000000000000;1,0000000000000000;1,0000000000000000;1,0000000000000000;1,0000000000000000;1,0000000000000000
2022-01-28;60+;14;14,0;14;14;14;14;14;14;14;14;14;14;107;107,0;107,0;107;107;107;107;107;107;107;107;107,0;1,0000000000000000;1,000000000000000;1,000000000000000;1,0000000000000000;1,0000000000000000;1,0000000000000000;1,0000000000000000;1,0000000000000000;1,0000000000000000;1,0000000000000000;1,0000000000000000
2022-01-28;alle;26;26,0;26;26;26;26;26;26;26;26;26;26;220;220,0;220,0;220;220;220;220;220;220;220;220;220,0;NA;NA;NA;NA;NA;NA;NA;NA;NA;NA;NA
2022-01-27;0-60;24;24,0;24;24;24;24;24;24;24;24;24;24;117;117,0;117,0;117;117;117;117;117;117;117;117;117,0;1,0000000000000000;1,000000000000000;1,000000000000000;1,0000000000000000;1,0000000000000000;1,0000000000000000;1,0000000000000000;1,0000000000000000;1,0000000000000000;1,0000000000000000;1,0000000000000000
2022-01-27;60+;18;18,0;18;18;18;18;18;18;18;18;18;18;108;108,0;108,0;108;108;108;108;108;108;108;108;108,0;1,0000000000000000;1,000000000000000;1,000000000000000;1,0000000000000000;1,0000000000000000;1,0000000000000000;1,0000000000000000;1,0000000000000000;1,0000000000000000;1,0000000000000000;1,0000000000000000
2022-01-27;alle;42;42,0;42;42;42;42;42;42;42;42;42;42;225;225,0;225,0;225;225;225;225;225;225;225;225;225,0;NA;NA;NA;NA;NA;NA;NA;NA;NA;NA;NA
2022-01-26;0-60;20;20,0;20;20;20;20;20;20;20;20;20;20;108;108,0;108,0;108;108;108;108;108;108;108;108;108,0;1,0000000000000000;1,000000000000000;1,000000000000000;1,0000000000000000;1,0000000000000000;1,0000000000000000;1,0000000000000000;1,0000000000000000;1,0000000000000000;1,0000000000000000;1,0000000000000000
2022-01-26;60+;23;23,0;23;23;23;23;23;23;23;23;23;23;110;110,0;110,0;110;110;110;110;110;110;110;110;110,0;1,0000000000000000;1,000000000000000;1,000000000000000;1,0000000000000000;1,0000000000000000;1,0000000000000000;1,0000000000000000;1,0000000000000000;1,0000000000000000;1,0000000000000000;1,0000000000000000
2022-01-26;alle;43;43,0;43;43;43;43;43;43;43;43;43;43;218;218,0;218,0;218;218;218;218;218;218;218;218;218,0;NA;NA;NA;NA;NA;NA;NA;NA;NA;NA;NA
2022-01-25;0-60;20;20,0;20;20;20;20;20;20;20;20;20;20;113;113,0;113,0;113;113;113;113;113;113;113;113;113,0;1,0000000000000000;1,000000000000000;1,000000000000000;1,0000000000000000;1,0000000000000000;1,0000000000000000;1,0000000000000000;1,0000000000000000;1,0000000000000000;1,0000000000000000;1,0000000000000000
2022-01-25;60+;26;26,0;26;26;26;26;26;26;26;26;26;26;104;104,0;104,0;104;104;104;104;104;104;104;104;104,0;1,0000000000000000;1,000000000000000;1,000000000000000;1,0000000000000000;1,0000000000000000;1,0000000000000000;1,0000000000000000;1,0000000000000000;1,0000000000000000;1,0000000000000000;1,0000000000000000
2022-01-25;alle;46;46,0;46;46;46;46;46;46;46;46;46;46;217;217,0;217,0;217;217;217;217;217;217;217;217;217,0;NA;NA;NA;NA;NA;NA;NA;NA;NA;NA;NA
2022-01-24;0-60;9;9,0;9;9;9;9;9;9;9;9;9;9;104;104,0;104,0;104;104;104;104;104;104;104;104;104,0;1,0000000000000000;1,000000000000000;1,000000000000000;1,0000000000000000;1,0000000000000000;1,0000000000000000;1,0000000000000000;1,0000000000000000;1,0000000000000000;1,0000000000000000;1,0000000000000000
2022-01-24;60+;4;4,0;4;4;4;4;4;4;4;4;4;4;102;102,0;102,0;102;102;102;102;102;102;102;102;102,0;1,0000000000000000;1,000000000000000;1,000000000000000;1,0000000000000000;1,0000000000000000;1,0000000000000000;1,0000000000000000;1,0000000000000000;1,0000000000000000;1,0000000000000000;1,0000000000000000
2022-01-24;alle;13;13,0;13;13;13;13;13;13;13;13;13;13;206;206,0;206,0;206;206;206;206;206;206;206;206;206,0;NA;NA;NA;NA;NA;NA;NA;NA;NA;NA;NA
2022-01-23;0-60;7;7,0;7;7;7;7;7;7;7;7;7;7;99;99,0;99,0;99;99;99;99;99;99;99;99;99,0;1,0000000000000000;1,000000000000000;1,000000000000000;1,0000000000000000;1,0000000000000000;1,0000000000000000;1,0000000000000000;1,0000000000000000;1,0000000000000000;1,0000000000000000;1,0000000000000000
2022-01-23;60+;10;10,0;10;10;10;10;10;10;10;10;10;10;103;103,0;103,0;103;103;103;103;103;103;103;103;103,0;1,0000000000000000;1,000000000000000;1,000000000000000;1,0000000000000000;1,0000000000000000;1,0000000000000000;1,0000000000000000;1,0000000000000000;1,0000000000000000;1,0000000000000000;1,0000000000000000
2022-01-23;alle;17;17,0;17;17;17;17;17;17;17;17;17;17;202;202,0;202,0;202;202;202;202;202;202;202;202;202,0;NA;NA;NA;NA;NA;NA;NA;NA;NA;NA;NA
2022-01-22;0-60;21;21,0;21;21;21;21;21;21;21;21;21;21;95;95,0;95,0;95;95;95;95;95;95;95;95;95,0;1,0000000000000000;1,000000000000000;1,000000000000000;1,0000000000000000;1,0000000000000000;1,0000000000000000;1,0000000000000000;1,0000000000000000;1,0000000000000000;1,0000000000000000;1,0000000000000000
2022-01-22;60+;12;12,0;12;12;12;12;12;12;12;12;12;12;97;97,0;97,0;97;97;97;97;97;97;97;97;97,0;1,0000000000000000;1,000000000000000;1,000000000000000;1,0000000000000000;1,0000000000000000;1,0000000000000000;1,0000000000000000;1,0000000000000000;1,0000000000000000;1,0000000000000000;1,0000000000000000
2022-01-22;alle;33;33,0;33;33;33;33;33;33;33;33;33;33;192;192,0;192,0;192;192;192;192;192;192;192;192;192,0;NA;NA;NA;NA;NA;NA;NA;NA;NA;NA;NA
2022-01-21;0-60;16;16,0;16;16;16;16;16;16;16;16;16;16;85;85,0;85,0;85;85;85;85;85;85;85;85;85,0;1,0000000000000000;1,000000000000000;1,000000000000000;1,0000000000000000;1,0000000000000000;1,0000000000000000;1,0000000000000000;1,0000000000000000;1,0000000000000000;1,0000000000000000;1,0000000000000000
2022-01-21;60+;15;15,0;15;15;15;15;15;15;15;15;15;15;99;99,0;99,0;99;99;99;99;99;99;99;99;99,0;1,0000000000000000;1,000000000000000;1,000000000000000;1,0000000000000000;1,0000000000000000;1,0000000000000000;1,0000000000000000;1,0000000000000000;1,0000000000000000;1,0000000000000000;1,0000000000000000
2022-01-21;alle;31;31,0;31;31;31;31;31;31;31;31;31;31;184;184,0;184,0;184;184;184;184;184;184;184;184;184,0;NA;NA;NA;NA;NA;NA;NA;NA;NA;NA;NA
2022-01-20;0-60;15;15,0;15;15;15;15;15;15;15;15;15;15;75;75,0;75,0;75;75;75;75;75;75;75;75;75,0;1,0000000000000000;1,000000000000000;1,000000000000000;1,0000000000000000;1,0000000000000000;1,0000000000000000;1,0000000000000000;1,0000000000000000;1,0000000000000000;1,0000000000000000;1,0000000000000000
2022-01-20;60+;20;20,0;20;20;20;20;20;20;20;20;20;20;99;99,0;99,0;99;99;99;99;99;99;99;99;99,0;1,0000000000000000;1,000000000000000;1,000000000000000;1,0000000000000000;1,0000000000000000;1,0000000000000000;1,0000000000000000;1,0000000000000000;1,0000000000000000;1,0000000000000000;1,0000000000000000
2022-01-20;alle;35;35,0;35;35;35;35;35;35;35;35;35;35;174;174,0;174,0;174;174;174;174;174;174;174;174;174,0;NA;NA;NA;NA;NA;NA;NA;NA;NA;NA;NA
2022-01-19;0-60;25;25,0;25;25;25;25;25;25;25;25;25;25;65;65,0;65,0;65;65;65;65;65;65;65;65;65,0;1,0000000000000000;1,000000000000000;1,000000000000000;1,0000000000000000;1,0000000000000000;1,0000000000000000;1,0000000000000000;1,0000000000000000;1,0000000000000000;1,0000000000000000;1,0000000000000000
2022-01-19;60+;17;17,0;17;17;17;17;17;17;17;17;17;17;100;100,0;100,0;100;100;100;100;100;100;100;100;100,0;1,0000000000000000;1,000000000000000;1,000000000000000;1,0000000000000000;1,0000000000000000;1,0000000000000000;1,0000000000000000;1,0000000000000000;1,0000000000000000;1,0000000000000000;1,0000000000000000
2022-01-19;alle;42;42,0;42;42;42;42;42;42;42;42;42;42;165;165,0;165,0;165;165;165;165;165;165;165;165;165,0;NA;NA;NA;NA;NA;NA;NA;NA;NA;NA;NA
2022-01-18;0-60;11;11,0;11;11;11;11;11;11;11;11;11;11;51;51,0;51,0;51;51;51;51;51;51;51;51;51,0;1,0000000000000000;1,000000000000000;1,000000000000000;1,0000000000000000;1,0000000000000000;1,0000000000000000;1,0000000000000000;1,0000000000000000;1,0000000000000000;1,0000000000000000;1,0000000000000000
2022-01-18;60+;24;24,0;24;24;24;24;24;24;24;24;24;24;103;103,0;103,0;103;103;103;103;103;103;103;103;103,0;1,0000000000000000;1,000000000000000;1,000000000000000;1,0000000000000000;1,0000000000000000;1,0000000000000000;1,0000000000000000;1,0000000000000000;1,0000000000000000;1,0000000000000000;1,0000000000000000
2022-01-18;alle;35;35,0;35;35;35;35;35;35;35;35;35;35;154;154,0;154,0;154;154;154;154;154;154;154;154;154,0;NA;NA;NA;NA;NA;NA;NA;NA;NA;NA;NA
2022-01-17;0-60;4;4,0;4;4;4;4;4;4;4;4;4;4;53;53,0;53,0;53;53;53;53;53;53;53;53;53,0;1,0000000000000000;1,000000000000000;1,000000000000000;1,0000000000000000;1,0000000000000000;1,0000000000000000;1,0000000000000000;1,0000000000000000;1,0000000000000000;1,0000000000000000;1,0000000000000000
2022-01-17;60+;5;5,0;5;5;5;5;5;5;5;5;5;5;115;115,0;115,0;115;115;115;115;115;115;115;115;115,0;1,0000000000000000;1,000000000000000;1,000000000000000;1,0000000000000000;1,0000000000000000;1,0000000000000000;1,0000000000000000;1,0000000000000000;1,0000000000000000;1,0000000000000000;1,0000000000000000
2022-01-17;alle;9;9,0;9;9;9;9;9;9;9;9;9;9;168;168,0;168,0;168;168;168;168;168;168;168;168;168,0;NA;NA;NA;NA;NA;NA;NA;NA;NA;NA;NA
2022-01-16;0-60;3;3,0;3;3;3;3;3;3;3;3;3;3;55;55,0;55,0;55;55;55;55;55;55;55;55;55,0;1,0000000000000000;1,000000000000000;1,000000000000000;1,0000000000000000;1,0000000000000000;1,0000000000000000;1,0000000000000000;1,0000000000000000;1,0000000000000000;1,0000000000000000;1,0000000000000000
2022-01-16;60+;4;4,0;4;4;4;4;4;4;4;4;4;4;121;121,0;121,0;121;121;121;121;121;121;121;121;121,0;1,0000000000000000;1,000000000000000;1,000000000000000;1,0000000000000000;1,0000000000000000;1,0000000000000000;1,0000000000000000;1,0000000000000000;1,0000000000000000;1,0000000000000000;1,0000000000000000
2022-01-16;alle;7;7,0;7;7;7;7;7;7;7;7;7;7;176;176,0;176,0;176;176;176;176;176;176;176;176;176,0;NA;NA;NA;NA;NA;NA;NA;NA;NA;NA;NA
2022-01-15;0-60;11;11,0;11;11;11;11;11;11;11;11;11;11;58;58,0;58,0;58;58;58;58;58;58;58;58;58,0;1,0000000000000000;1,000000000000000;1,000000000000000;1,0000000000000000;1,0000000000000000;1,0000000000000000;1,0000000000000000;1,0000000000000000;1,0000000000000000;1,0000000000000000;1,0000000000000000
2022-01-15;60+;14;14,0;14;14;14;14;14;14;14;14;14;14;130;130,0;130,0;130;130;130;130;130;130;130;130;130,0;1,0000000000000000;1,000000000000000;1,000000000000000;1,0000000000000000;1,0000000000000000;1,0000000000000000;1,0000000000000000;1,0000000000000000;1,0000000000000000;1,0000000000000000;1,0000000000000000
2022-01-15;alle;25;25,0;25;25;25;25;25;25;25;25;25;25;188;188,0;188,0;188;188;188;188;188;188;188;188;188,0;NA;NA;NA;NA;NA;NA;NA;NA;NA;NA;NA
2022-01-14;0-60;6;6,0;6;6;6;6;6;6;6;6;6;6;53;53,0;53,0;53;53;53;53;53;53;53;53;53,0;1,0000000000000000;1,000000000000000;1,000000000000000;1,0000000000000000;1,0000000000000000;1,0000000000000000;1,0000000000000000;1,0000000000000000;1,0000000000000000;1,0000000000000000;1,0000000000000000
2022-01-14;60+;15;15,0;15;15;15;15;15;15;15;15;15;15;140;140,0;140,0;140;140;140;140;140;140;140;140;140,0;1,0000000000000000;1,000000000000000;1,000000000000000;1,0000000000000000;1,0000000000000000;1,0000000000000000;1,0000000000000000;1,0000000000000000;1,0000000000000000;1,0000000000000000;1,0000000000000000
2022-01-14;alle;21;21,0;21;21;21;21;21;21;21;21;21;21;193;193,0;193,0;193;193;193;193;193;193;193;193;193,0;NA;NA;NA;NA;NA;NA;NA;NA;NA;NA;NA
2022-01-13;0-60;5;5,0;5;5;5;5;5;5;5;5;5;5;62;62,0;62,0;62;62;62;62;62;62;62;62;62,0;1,0000000000000000;1,000000000000000;1,000000000000000;1,0000000000000000;1,0000000000000000;1,0000000000000000;1,0000000000000000;1,0000000000000000;1,0000000000000000;1,0000000000000000;1,0000000000000000
2022-01-13;60+;21;21,0;21;21;21;21;21;21;21;21;21;21;163;163,0;163,0;163;163;163;163;163;163;163;163;163,0;1,0000000000000000;1,000000000000000;1,000000000000000;1,0000000000000000;1,0000000000000000;1,0000000000000000;1,0000000000000000;1,0000000000000000;1,0000000000000000;1,0000000000000000;1,0000000000000000
2022-01-13;alle;26;26,0;26;26;26;26;26;26;26;26;26;26;225;225,0;225,0;225;225;225;225;225;225;225;225;225,0;NA;NA;NA;NA;NA;NA;NA;NA;NA;NA;NA
2022-01-12;0-60;11;11,0;11;11;11;11;11;11;11;11;11;11;74;74,0;74,0;74;74;74;74;74;74;74;74;74,0;1,0000000000000000;1,000000000000000;1,000000000000000;1,0000000000000000;1,0000000000000000;1,0000000000000000;1,0000000000000000;1,0000000000000000;1,0000000000000000;1,0000000000000000;1,0000000000000000
2022-01-12;60+;20;20,0;20;20;20;20;20;20;20;20;20;20;188;188,0;188,0;188;188;188;188;188;188;188;188;188,0;1,0000000000000000;1,000000000000000;1,000000000000000;1,0000000000000000;1,0000000000000000;1,0000000000000000;1,0000000000000000;1,0000000000000000;1,0000000000000000;1,0000000000000000;1,0000000000000000
2022-01-12;alle;31;31,0;31;31;31;31;31;31;31;31;31;31;262;262,0;262,0;262;262;262;262;262;262;262;262;262,0;NA;NA;NA;NA;NA;NA;NA;NA;NA;NA;NA
2022-01-11;0-60;13;13,0;13;13;13;13;13;13;13;13;13;13;90;90,0;90,0;90;90;90;90;90;90;90;90;90,0;1,0000000000000000;1,000000000000000;1,000000000000000;1,0000000000000000;1,0000000000000000;1,0000000000000000;1,0000000000000000;1,0000000000000000;1,0000000000000000;1,0000000000000000;1,0000000000000000
2022-01-11;60+;36;36,0;36;36;36;36;36;36;36;36;36;36;223;223,0;223,0;223;223;223;223;223;223;223;223;223,0;1,0000000000000000;1,000000000000000;1,000000000000000;1,0000000000000000;1,0000000000000000;1,0000000000000000;1,0000000000000000;1,0000000000000000;1,0000000000000000;1,0000000000000000;1,0000000000000000
2022-01-11;alle;49;49,0;49;49;49;49;49;49;49;49;49;49;313;313,0;313,0;313;313;313;313;313;313;313;313;313,0;NA;NA;NA;NA;NA;NA;NA;NA;NA;NA;NA
2022-01-10;0-60;6;6,0;6;6;6;6;6;6;6;6;6;6;113;113,0;113,0;113;113;113;113;113;113;113;113;113,0;1,0000000000000000;1,000000000000000;1,000000000000000;1,0000000000000000;1,0000000000000000;1,0000000000000000;1,0000000000000000;1,0000000000000000;1,0000000000000000;1,0000000000000000;1,0000000000000000
2022-01-10;60+;11;11,0;11;11;11;11;11;11;11;11;11;11;261;261,0;261,0;261;261;261;261;261;261;261;261;261,0;1,0000000000000000;1,000000000000000;1,000000000000000;1,0000000000000000;1,0000000000000000;1,0000000000000000;1,0000000000000000;1,0000000000000000;1,0000000000000000;1,0000000000000000;1,0000000000000000
2022-01-10;alle;17;17,0;17;17;17;17;17;17;17;17;17;17;374;374,0;374,0;374;374;374;374;374;374;374;374;374,0;NA;NA;NA;NA;NA;NA;NA;NA;NA;NA;NA
2022-01-09;0-60;6;6,0;6;6;6;6;6;6;6;6;6;6;117;117,0;117,0;117;117;117;117;117;117;117;117;117,0;1,0000000000000000;1,000000000000000;1,000000000000000;1,0000000000000000;1,0000000000000000;1,0000000000000000;1,0000000000000000;1,0000000000000000;1,0000000000000000;1,0000000000000000;1,0000000000000000
2022-01-09;60+;13;13,0;13;13;13;13;13;13;13;13;13;13;265;265,0;265,0;265;265;265;265;265;265;265;265;265,0;1,0000000000000000;1,000000000000000;1,000000000000000;1,0000000000000000;1,0000000000000000;1,0000000000000000;1,0000000000000000;1,0000000000000000;1,0000000000000000;1,0000000000000000;1,0000000000000000
2022-01-09;alle;19;19,0;19;19;19;19;19;19;19;19;19;19;382;382,0;382,0;382;382;382;382;382;382;382;382;382,0;NA;NA;NA;NA;NA;NA;NA;NA;NA;NA;NA
2022-01-08;0-60;6;6,0;6;6;6;6;6;6;6;6;6;6;123;123,0;123,0;123;123;123;123;123;123;123;123;123,0;1,0000000000000000;1,000000000000000;1,000000000000000;1,0000000000000000;1,0000000000000000;1,0000000000000000;1,0000000000000000;1,0000000000000000;1,0000000000000000;1,0000000000000000;1,0000000000000000
2022-01-08;60+;24;24,0;24;24;24;24;24;24;24;24;24;24;269;269,0;269,0;269;269;269;269;269;269;269;269;269,0;1,0000000000000000;1,000000000000000;1,000000000000000;1,0000000000000000;1,0000000000000000;1,0000000000000000;1,0000000000000000;1,0000000000000000;1,0000000000000000;1,0000000000000000;1,0000000000000000
2022-01-08;alle;30;30,0;30;30;30;30;30;30;30;30;30;30;392;392,0;392,0;392;392;392;392;392;392;392;392;392,0;NA;NA;NA;NA;NA;NA;NA;NA;NA;NA;NA
2022-01-07;0-60;15;15,0;15;15;15;15;15;15;15;15;15;15;126;126,0;126,0;126;126;126;126;126;126;126;126;126,0;1,0000000000000000;1,000000000000000;1,000000000000000;1,0000000000000000;1,0000000000000000;1,0000000000000000;1,0000000000000000;1,0000000000000000;1,0000000000000000;1,0000000000000000;1,0000000000000000
2022-01-07;60+;38;38,0;38;38;38;38;38;38;38;38;38;38;272;272,0;272,0;272;272;272;272;272;272;272;272;272,0;1,0000000000000000;1,000000000000000;1,000000000000000;1,0000000000000000;1,0000000000000000;1,0000000000000000;1,0000000000000000;1,0000000000000000;1,0000000000000000;1,0000000000000000;1,0000000000000000
2022-01-07;alle;53;53,0;53;53;53;53;53;53;53;53;53;53;398;398,0;398,0;398;398;398;398;398;398;398;398;398,0;NA;NA;NA;NA;NA;NA;NA;NA;NA;NA;NA
2022-01-06;0-60;17;17,0;17;17;17;17;17;17;17;17;17;17;129;129,0;129,0;129;129;129;129;129;129;129;129;129,0;1,0000000000000000;1,000000000000000;1,000000000000000;1,0000000000000000;1,0000000000000000;1,0000000000000000;1,0000000000000000;1,0000000000000000;1,0000000000000000;1,0000000000000000;1,0000000000000000
2022-01-06;60+;46;46,0;46;46;46;46;46;46;46;46;46;46;280;280,0;280,0;280;280;280;280;280;280;280;280;280,0;1,0000000000000000;1,000000000000000;1,000000000000000;1,0000000000000000;1,0000000000000000;1,0000000000000000;1,0000000000000000;1,0000000000000000;1,0000000000000000;1,0000000000000000;1,0000000000000000
2022-01-06;alle;63;63,0;63;63;63;63;63;63;63;63;63;63;409;409,0;409,0;409;409;409;409;409;409;409;409;409,0;NA;NA;NA;NA;NA;NA;NA;NA;NA;NA;NA
2022-01-05;0-60;27;27,0;27;27;27;27;27;27;27;27;27;27;131;131,0;131,0;131;131;131;131;131;131;131;131;131,0;1,0000000000000000;1,000000000000000;1,000000000000000;1,0000000000000000;1,0000000000000000;1,0000000000000000;1,0000000000000000;1,0000000000000000;1,0000000000000000;1,0000000000000000;1,0000000000000000
2022-01-05;60+;55;55,0;55;55;55;55;55;55;55;55;55;55;278;278,0;278,0;278;278;278;278;278;278;278;278;278,0;1,0000000000000000;1,000000000000000;1,000000000000000;1,0000000000000000;1,0000000000000000;1,0000000000000000;1,0000000000000000;1,0000000000000000;1,0000000000000000;1,0000000000000000;1,0000000000000000
2022-01-05;alle;82;82,0;82;82;82;82;82;82;82;82;82;82;409;409,0;409,0;409;409;409;409;409;409;409;409;409,0;NA;NA;NA;NA;NA;NA;NA;NA;NA;NA;NA
2022-01-04;0-60;36;36,0;36;36;36;36;36;36;36;36;36;36;129;129,0;129,0;129;129;129;129;129;129;129;129;129,0;1,0000000000000000;1,000000000000000;1,000000000000000;1,0000000000000000;1,0000000000000000;1,0000000000000000;1,0000000000000000;1,0000000000000000;1,0000000000000000;1,0000000000000000;1,0000000000000000
2022-01-04;60+;74;74,0;74;74;74;74;74;74;74;74;74;74;290;290,0;290,0;290;290;290;290;290;290;290;290;290,0;1,0000000000000000;1,000000000000000;1,000000000000000;1,0000000000000000;1,0000000000000000;1,0000000000000000;1,0000000000000000;1,0000000000000000;1,0000000000000000;1,0000000000000000;1,0000000000000000
2022-01-04;alle;110;110,0;110;110;110;110;110;110;110;110;110;110;419;419,0;419,0;419;419;419;419;419;419;419;419;419,0;NA;NA;NA;NA;NA;NA;NA;NA;NA;NA;NA
2022-01-03;0-60;10;10,0;10;10;10;10;10;10;10;10;10;10;125;125,0;125,0;125;125;125;125;125;125;125;125;125,0;1,0000000000000000;1,000000000000000;1,000000000000000;1,0000000000000000;1,0000000000000000;1,0000000000000000;1,0000000000000000;1,0000000000000000;1,0000000000000000;1,0000000000000000;1,0000000000000000
2022-01-03;60+;15;15,0;15;15;15;15;15;15;15;15;15;15;279;279,0;279,0;279;279;279;279;279;279;279;279;279,0;1,0000000000000000;1,000000000000000;1,000000000000000;1,0000000000000000;1,0000000000000000;1,0000000000000000;1,0000000000000000;1,0000000000000000;1,0000000000000000;1,0000000000000000;1,0000000000000000
2022-01-03;alle;25;25,0;25;25;25;25;25;25;25;25;25;25;404;404,0;404,0;404;404;404;404;404;404;404;404;404,0;NA;NA;NA;NA;NA;NA;NA;NA;NA;NA;NA
2022-01-02;0-60;12;12,0;12;12;12;12;12;12;12;12;12;12;125;125,0;125,0;125;125;125;125;125;125;125;125;125,0;1,0000000000000000;1,000000000000000;1,000000000000000;1,0000000000000000;1,0000000000000000;1,0000000000000000;1,0000000000000000;1,0000000000000000;1,0000000000000000;1,0000000000000000;1,0000000000000000
2022-01-02;60+;17;17,0;17;17;17;17;17;17;17;17;17;17;293;293,0;293,0;293;293;293;293;293;293;293;293;293,0;1,0000000000000000;1,000000000000000;1,000000000000000;1,0000000000000000;1,0000000000000000;1,0000000000000000;1,0000000000000000;1,0000000000000000;1,0000000000000000;1,0000000000000000;1,0000000000000000
2022-01-02;alle;29;29,0;29;29;29;29;29;29;29;29;29;29;418;418,0;418,0;418;418;418;418;418;418;418;418;418,0;NA;NA;NA;NA;NA;NA;NA;NA;NA;NA;NA
2022-01-01;0-60;9;9,0;9;9;9;9;9;9;9;9;9;9;123;123,0;123,0;123;123;123;123;123;123;123;123;123,0;1,0000000000000000;1,000000000000000;1,000000000000000;1,0000000000000000;1,0000000000000000;1,0000000000000000;1,0000000000000000;1,0000000000000000;1,0000000000000000;1,0000000000000000;1,0000000000000000
2022-01-01;60+;27;27,0;27;27;27;27;27;27;27;27;27;27;292;292,0;292,0;292;292;292;292;292;292;292;292;292,0;1,0000000000000000;1,000000000000000;1,000000000000000;1,0000000000000000;1,0000000000000000;1,0000000000000000;1,0000000000000000;1,0000000000000000;1,0000000000000000;1,0000000000000000;1,0000000000000000
2022-01-01;alle;36;36,0;36;36;36;36;36;36;36;36;36;36;415;415,0;415,0;415;415;415;415;415;415;415;415;415,0;NA;NA;NA;NA;NA;NA;NA;NA;NA;NA;NA
2021-12-31;0-60;18;18,0;18;18;18;18;18;18;18;18;18;18;126;126,0;126,0;126;126;126;126;126;126;126;126;126,0;1,0000000000000000;1,000000000000000;1,000000000000000;1,0000000000000000;1,0000000000000000;1,0000000000000000;1,0000000000000000;1,0000000000000000;1,0000000000000000;1,0000000000000000;1,0000000000000000
2021-12-31;60+;46;46,0;46;46;46;46;46;46;46;46;46;46;289;289,0;289,0;289;289;289;289;289;289;289;289;289,0;1,0000000000000000;1,000000000000000;1,000000000000000;1,0000000000000000;1,0000000000000000;1,0000000000000000;1,0000000000000000;1,0000000000000000;1,0000000000000000;1,0000000000000000;1,0000000000000000
2021-12-31;alle;64;64,0;64;64;64;64;64;64;64;64;64;64;415;415,0;415,0;415;415;415;415;415;415;415;415;415,0;NA;NA;NA;NA;NA;NA;NA;NA;NA;NA;NA
2021-12-30;0-60;19;19,0;19;19;19;19;19;19;19;19;19;19;134;134,0;134,0;134;134;134;134;134;134;134;134;134,0;1,0000000000000000;1,000000000000000;1,000000000000000;1,0000000000000000;1,0000000000000000;1,0000000000000000;1,0000000000000000;1,0000000000000000;1,0000000000000000;1,0000000000000000;1,0000000000000000
2021-12-30;60+;44;44,0;44;44;44;44;44;44;44;44;44;44;293;293,0;293,0;293;293;293;293;293;293;293;293;293,0;1,0000000000000000;1,000000000000000;1,000000000000000;1,0000000000000000;1,0000000000000000;1,0000000000000000;1,0000000000000000;1,0000000000000000;1,0000000000000000;1,0000000000000000;1,0000000000000000
2021-12-30;alle;63;63,0;63;63;63;63;63;63;63;63;63;63;427;427,0;427,0;427;427;427;427;427;427;427;427;427,0;NA;NA;NA;NA;NA;NA;NA;NA;NA;NA;NA
2021-12-29;0-60;25;25,0;25;25;25;25;25;25;25;25;25;25;148;148,0;148,0;148;148;148;148;148;148;148;148;148,0;1,0000000000000000;1,000000000000000;1,000000000000000;1,0000000000000000;1,0000000000000000;1,0000000000000000;1,0000000000000000;1,0000000000000000;1,0000000000000000;1,0000000000000000;1,0000000000000000
2021-12-29;60+;67;67,0;67;67;67;67;67;67;67;67;67;67;316;316,0;316,0;316;316;316;316;316;316;316;316;316,0;1,0000000000000000;1,000000000000000;1,000000000000000;1,0000000000000000;1,0000000000000000;1,0000000000000000;1,0000000000000000;1,0000000000000000;1,0000000000000000;1,0000000000000000;1,0000000000000000
2021-12-29;alle;92;92,0;92;92;92;92;92;92;92;92;92;92;464;464,0;464,0;464;464;464;464;464;464;464;464;464,0;NA;NA;NA;NA;NA;NA;NA;NA;NA;NA;NA
2021-12-28;0-60;32;32,0;32;32;32;32;32;32;32;32;32;32;161;161,0;161,0;161;161;161;161;161;161;161;161;161,0;1,0000000000000000;1,000000000000000;1,000000000000000;1,0000000000000000;1,0000000000000000;1,0000000000000000;1,0000000000000000;1,0000000000000000;1,0000000000000000;1,0000000000000000;1,0000000000000000
2021-12-28;60+;63;63,0;63;63;63;63;63;63;63;63;63;63;364;364,0;364,0;364;364;364;364;364;364;364;364;364,0;1,0000000000000000;1,000000000000000;1,000000000000000;1,0000000000000000;1,0000000000000000;1,0000000000000000;1,0000000000000000;1,0000000000000000;1,0000000000000000;1,0000000000000000;1,0000000000000000
2021-12-28;alle;95;95,0;95;95;95;95;95;95;95;95;95;95;525;525,0;525,0;525;525;525;525;525;525;525;525;525,0;NA;NA;NA;NA;NA;NA;NA;NA;NA;NA;NA
2021-12-27;0-60;10;10,0;10;10;10;10;10;10;10;10;10;10;166;166,0;166,0;166;166;166;166;166;166;166;166;166,0;1,0000000000000000;1,000000000000000;1,000000000000000;1,0000000000000000;1,0000000000000000;1,0000000000000000;1,0000000000000000;1,0000000000000000;1,0000000000000000;1,0000000000000000;1,0000000000000000
2021-12-27;60+;29;29,0;29;29;29;29;29;29;29;29;29;29;378;378,0;378,0;378;378;378;378;378;378;378;378;378,0;1,0000000000000000;1,000000000000000;1,000000000000000;1,0000000000000000;1,0000000000000000;1,0000000000000000;1,0000000000000000;1,0000000000000000;1,0000000000000000;1,0000000000000000;1,0000000000000000
2021-12-27;alle;39;39,0;39;39;39;39;39;39;39;39;39;39;544;544,0;544,0;544;544;544;544;544;544;544;544;544,0;NA;NA;NA;NA;NA;NA;NA;NA;NA;NA;NA
2021-12-26;0-60;10;10,0;10;10;10;10;10;10;10;10;10;10;167;167,0;167,0;167;167;167;167;167;167;167;167;167,0;1,0000000000000000;1,000000000000000;1,000000000000000;1,0000000000000000;1,0000000000000000;1,0000000000000000;1,0000000000000000;1,0000000000000000;1,0000000000000000;1,0000000000000000;1,0000000000000000
2021-12-26;60+;16;16,0;16;16;16;16;16;16;16;16;16;16;379;379,0;379,0;379;379;379;379;379;379;379;379;379,0;1,0000000000000000;1,000000000000000;1,000000000000000;1,0000000000000000;1,0000000000000000;1,0000000000000000;1,0000000000000000;1,0000000000000000;1,0000000000000000;1,0000000000000000;1,0000000000000000
2021-12-26;alle;26;26,0;26;26;26;26;26;26;26;26;26;26;546;546,0;546,0;546;546;546;546;546;546;546;546;546,0;NA;NA;NA;NA;NA;NA;NA;NA;NA;NA;NA
2021-12-25;0-60;12;12,0;12;12;12;12;12;12;12;12;12;12;179;179,0;179,0;179;179;179;179;179;179;179;179;179,0;1,0000000000000000;1,000000000000000;1,000000000000000;1,0000000000000000;1,0000000000000000;1,0000000000000000;1,0000000000000000;1,0000000000000000;1,0000000000000000;1,0000000000000000;1,0000000000000000
2021-12-25;60+;24;24,0;24;24;24;24;24;24;24;24;24;24;399;399,0;399,0;399;399;399;399;399;399;399;399;399,0;1,0000000000000000;1,000000000000000;1,000000000000000;1,0000000000000000;1,0000000000000000;1,0000000000000000;1,0000000000000000;1,0000000000000000;1,0000000000000000;1,0000000000000000;1,0000000000000000
2021-12-25;alle;36;36,0;36;36;36;36;36;36;36;36;36;36;578;578,0;578,0;578;578;578;578;578;578;578;578;578,0;NA;NA;NA;NA;NA;NA;NA;NA;NA;NA;NA
2021-12-24;0-60;26;26,0;26;26;26;26;26;26;26;26;26;26;204;204,0;204,0;204;204;204;204;204;204;204;204;204,0;1,0000000000000000;1,000000000000000;1,000000000000000;1,0000000000000000;1,0000000000000000;1,0000000000000000;1,0000000000000000;1,0000000000000000;1,0000000000000000;1,0000000000000000;1,0000000000000000
2021-12-24;60+;50;50,0;50;50;50;50;50;50;50;50;50;50;450;450,0;450,0;450;450;450;450;450;450;450;450;450,0;1,0000000000000000;1,000000000000000;1,000000000000000;1,0000000000000000;1,0000000000000000;1,0000000000000000;1,0000000000000000;1,0000000000000000;1,0000000000000000;1,0000000000000000;1,0000000000000000
2021-12-24;alle;76;76,0;76;76;76;76;76;76;76;76;76;76;654;654,0;654,0;654;654;654;654;654;654;654;654;654,0;NA;NA;NA;NA;NA;NA;NA;NA;NA;NA;NA
2021-12-23;0-60;33;33,0;33;33;33;33;33;33;33;33;33;33;207;207,0;207,0;207;207;207;207;207;207;207;207;207,0;1,0000000000000000;1,000000000000000;1,000000000000000;1,0000000000000000;1,0000000000000000;1,0000000000000000;1,0000000000000000;1,0000000000000000;1,0000000000000000;1,0000000000000000;1,0000000000000000
2021-12-23;60+;67;67,0;67;67;67;67;67;67;67;67;67;67;470;470,0;470,0;470;470;470;470;470;470;470;470;470,0;1,0000000000000000;1,000000000000000;1,000000000000000;1,0000000000000000;1,0000000000000000;1,0000000000000000;1,0000000000000000;1,0000000000000000;1,0000000000000000;1,0000000000000000;1,0000000000000000
2021-12-23;alle;100;100,0;100;100;100;100;100;100;100;100;100;100;677;677,0;677,0;677;677;677;677;677;677;677;677;677,0;NA;NA;NA;NA;NA;NA;NA;NA;NA;NA;NA
2021-12-22;0-60;38;38,0;38;38;38;38;38;38;38;38;38;38;202;202,0;202,0;202;202;202;202;202;202;202;202;202,0;1,0000000000000000;1,000000000000000;1,000000000000000;1,0000000000000000;1,0000000000000000;1,0000000000000000;1,0000000000000000;1,0000000000000000;1,0000000000000000;1,0000000000000000;1,0000000000000000
2021-12-22;60+;115;115,0;115;115;115;115;115;115;115;115;115;115;525;525,0;525,0;525;525;525;525;525;525;525;525;525,0;1,0000000000000000;1,000000000000000;1,000000000000000;1,0000000000000000;1,0000000000000000;1,0000000000000000;1,0000000000000000;1,0000000000000000;1,0000000000000000;1,0000000000000000;1,0000000000000000
2021-12-22;alle;153;153,0;153;153;153;153;153;153;153;153;153;153;727;727,0;727,0;727;727;727;727;727;727;727;727;727,0;NA;NA;NA;NA;NA;NA;NA;NA;NA;NA;NA
2021-12-21;0-60;37;37,0;37;37;37;37;37;37;37;37;37;37;219;219,0;219,0;219;219;219;219;219;219;219;219;219,0;1,0000000000000000;1,000000000000000;1,000000000000000;1,0000000000000000;1,0000000000000000;1,0000000000000000;1,0000000000000000;1,0000000000000000;1,0000000000000000;1,0000000000000000;1,0000000000000000
2021-12-21;60+;77;77,0;77;77;77;77;77;77;77;77;77;77;529;529,0;529,0;529;529;529;529;529;529;529;529;529,0;1,0000000000000000;1,000000000000000;1,000000000000000;1,0000000000000000;1,0000000000000000;1,0000000000000000;1,0000000000000000;1,0000000000000000;1,0000000000000000;1,0000000000000000;1,0000000000000000
2021-12-21;alle;114;114,0;114;114;114;114;114;114;114;114;114;114;748;748,0;748,0;748;748;748;748;748;748;748;748;748,0;NA;NA;NA;NA;NA;NA;NA;NA;NA;NA;NA
2021-12-20;0-60;11;11,0;11;11;11;11;11;11;11;11;11;11;227;227,0;227,0;227;227;227;227;227;227;227;227;227,0;1,0000000000000000;1,000000000000000;1,000000000000000;1,0000000000000000;1,0000000000000000;1,0000000000000000;1,0000000000000000;1,0000000000000000;1,0000000000000000;1,0000000000000000;1,0000000000000000
2021-12-20;60+;30;30,0;30;30;30;30;30;30;30;30;30;30;550;550,0;550,0;550;550;550;550;550;550;550;550;550,0;1,0000000000000000;1,000000000000000;1,000000000000000;1,0000000000000000;1,0000000000000000;1,0000000000000000;1,0000000000000000;1,0000000000000000;1,0000000000000000;1,0000000000000000;1,0000000000000000
2021-12-20;alle;41;41,0;41;41;41;41;41;41;41;41;41;41;777;777,0;777,0;777;777;777;777;777;777;777;777;777,0;NA;NA;NA;NA;NA;NA;NA;NA;NA;NA;NA
2021-12-19;0-60;22;22,0;22;22;22;22;22;22;22;22;22;22;232;232,0;232,0;232;232;232;232;232;232;232;232;232,0;1,0000000000000000;1,000000000000000;1,000000000000000;1,0000000000000000;1,0000000000000000;1,0000000000000000;1,0000000000000000;1,0000000000000000;1,0000000000000000;1,0000000000000000;1,0000000000000000
2021-12-19;60+;36;36,0;36;36;36;36;36;36;36;36;36;36;556;556,0;556,0;556;556;556;556;556;556;556;556;556,0;1,0000000000000000;1,000000000000000;1,000000000000000;1,0000000000000000;1,0000000000000000;1,0000000000000000;1,0000000000000000;1,0000000000000000;1,0000000000000000;1,0000000000000000;1,0000000000000000
2021-12-19;alle;58;58,0;58;58;58;58;58;58;58;58;58;58;788;788,0;788,0;788;788;788;788;788;788;788;788;788,0;NA;NA;NA;NA;NA;NA;NA;NA;NA;NA;NA
2021-12-18;0-60;37;37,0;37;37;37;37;37;37;37;37;37;37;238;238,0;238,0;238;238;238;238;238;238;238;238;238,0;1,0000000000000000;1,000000000000000;1,000000000000000;1,0000000000000000;1,0000000000000000;1,0000000000000000;1,0000000000000000;1,0000000000000000;1,0000000000000000;1,0000000000000000;1,0000000000000000
2021-12-18;60+;75;75,0;75;75;75;75;75;75;75;75;75;75;578;578,0;578,0;578;578;578;578;578;578;578;578;578,0;1,0000000000000000;1,000000000000000;1,000000000000000;1,0000000000000000;1,0000000000000000;1,0000000000000000;1,0000000000000000;1,0000000000000000;1,0000000000000000;1,0000000000000000;1,0000000000000000
2021-12-18;alle;112;112,0;112;112;112;112;112;112;112;112;112;112;816;816,0;816,0;816;816;816;816;816;816;816;816;816,0;NA;NA;NA;NA;NA;NA;NA;NA;NA;NA;NA
2021-12-17;0-60;29;29,0;29;29;29;29;29;29;29;29;29;29;254;254,0;254,0;254;254;254;254;254;254;254;254;254,0;1,0000000000000000;1,000000000000000;1,000000000000000;1,0000000000000000;1,0000000000000000;1,0000000000000000;1,0000000000000000;1,0000000000000000;1,0000000000000000;1,0000000000000000;1,0000000000000000
2021-12-17;60+;70;70,0;70;70;70;70;70;70;70;70;70;70;628;628,0;628,0;628;628;628;628;628;628;628;628;628,0;1,0000000000000000;1,000000000000000;1,000000000000000;1,0000000000000000;1,0000000000000000;1,0000000000000000;1,0000000000000000;1,0000000000000000;1,0000000000000000;1,0000000000000000;1,0000000000000000
2021-12-17;alle;99;99,0;99;99;99;99;99;99;99;99;99;99;882;882,0;882,0;882;882;882;882;882;882;882;882;882,0;NA;NA;NA;NA;NA;NA;NA;NA;NA;NA;NA
2021-12-16;0-60;28;28,0;28;28;28;28;28;28;28;28;28;28;277;277,0;277,0;277;277;277;277;277;277;277;277;277,0;1,0000000000000000;1,000000000000000;1,000000000000000;1,0000000000000000;1,0000000000000000;1,0000000000000000;1,0000000000000000;1,0000000000000000;1,0000000000000000;1,0000000000000000;1,0000000000000000
2021-12-16;60+;122;122,0;122;122;122;122;122;122;122;122;122;122;658;658,0;658,0;658;658;658;658;658;658;658;658;658,0;1,0000000000000000;1,000000000000000;1,000000000000000;1,0000000000000000;1,0000000000000000;1,0000000000000000;1,0000000000000000;1,0000000000000000;1,0000000000000000;1,0000000000000000;1,0000000000000000
2021-12-16;alle;150;150,0;150;150;150;150;150;150;150;150;150;150;935;935,0;935,0;935;935;935;935;935;935;935;935;935,0;NA;NA;NA;NA;NA;NA;NA;NA;NA;NA;NA
2021-12-15;0-60;55;55,0;55;55;55;55;55;55;55;55;55;55;293;293,0;293,0;293;293;293;293;293;293;293;293;293,0;1,0000000000000000;1,000000000000000;1,000000000000000;1,0000000000000000;1,0000000000000000;1,0000000000000000;1,0000000000000000;1,0000000000000000;1,0000000000000000;1,0000000000000000;1,0000000000000000
2021-12-15;60+;119;119,0;119;119;119;119;119;119;119;119;119;119;640;640,0;640,0;640;640;640;640;640;640;640;640;640,0;1,0000000000000000;1,000000000000000;1,000000000000000;1,0000000000000000;1,0000000000000000;1,0000000000000000;1,0000000000000000;1,0000000000000000;1,0000000000000000;1,0000000000000000;1,0000000000000000
2021-12-15;alle;174;174,0;174;174;174;174;174;174;174;174;174;174;933;933,0;933,0;933;933;933;933;933;933;933;933;933,0;NA;NA;NA;NA;NA;NA;NA;NA;NA;NA;NA
2021-12-14;0-60;45;45,0;45;45;45;45;45;45;45;45;45;45;287;287,0;287,0;287;287;287;287;287;287;287;287;287,0;1,0000000000000000;1,000000000000000;1,000000000000000;1,0000000000000000;1,0000000000000000;1,0000000000000000;1,0000000000000000;1,0000000000000000;1,0000000000000000;1,0000000000000000;1,0000000000000000
2021-12-14;60+;98;98,0;98;98;98;98;98;98;98;98;98;98;641;641,0;641,0;641;641;641;641;641;641;641;641;641,0;1,0000000000000000;1,000000000000000;1,000000000000000;1,0000000000000000;1,0000000000000000;1,0000000000000000;1,0000000000000000;1,0000000000000000;1,0000000000000000;1,0000000000000000;1,0000000000000000
2021-12-14;alle;143;143,0;143;143;143;143;143;143;143;143;143;143;928;928,0;928,0;928;928;928;928;928;928;928;928;928,0;NA;NA;NA;NA;NA;NA;NA;NA;NA;NA;NA
2021-12-13;0-60;16;16,0;16;16;16;16;16;16;16;16;16;16;305;305,0;305,0;305;305;305;305;305;305;305;305;305,0;1,0000000000000000;1,000000000000000;1,000000000000000;1,0000000000000000;1,0000000000000000;1,0000000000000000;1,0000000000000000;1,0000000000000000;1,0000000000000000;1,0000000000000000;1,0000000000000000
2021-12-13;60+;36;36,0;36;36;36;36;36;36;36;36;36;36;694;694,0;694,0;694;694;694;694;694;694;694;694;694,0;1,0000000000000000;1,000000000000000;1,000000000000000;1,0000000000000000;1,0000000000000000;1,0000000000000000;1,0000000000000000;1,0000000000000000;1,0000000000000000;1,0000000000000000;1,0000000000000000
2021-12-13;alle;52;52,0;52;52;52;52;52;52;52;52;52;52;999;999,0;999,0;999;999;999;999;999;999;999;999;999,0;NA;NA;NA;NA;NA;NA;NA;NA;NA;NA;NA
2021-12-12;0-60;28;28,0;28;28;28;28;28;28;28;28;28;28;306;306,0;306,0;306;306;306;306;306;306;306;306;306,0;1,0000000000000000;1,000000000000000;1,000000000000000;1,0000000000000000;1,0000000000000000;1,0000000000000000;1,0000000000000000;1,0000000000000000;1,0000000000000000;1,0000000000000000;1,0000000000000000
2021-12-12;60+;58;58,0;58;58;58;58;58;58;58;58;58;58;726;726,0;726,0;726;726;726;726;726;726;726;726;726,0;1,0000000000000000;1,000000000000000;1,000000000000000;1,0000000000000000;1,0000000000000000;1,0000000000000000;1,0000000000000000;1,0000000000000000;1,0000000000000000;1,0000000000000000;1,0000000000000000
2021-12-12;alle;86;86,0;86;86;86;86;86;86;86;86;86;86;1032;1032,0;1032,0;1032;1032;1032;1032;1032;1032;1032;1032;1032,0;NA;NA;NA;NA;NA;NA;NA;NA;NA;NA;NA
2021-12-11;0-60;53;53,0;53;53;53;53;53;53;53;53;53;53;308;308,0;308,0;308;308;308;308;308;308;308;308;308,0;1,0000000000000000;1,000000000000000;1,000000000000000;1,0000000000000000;1,0000000000000000;1,0000000000000000;1,0000000000000000;1,0000000000000000;1,0000000000000000;1,0000000000000000;1,0000000000000000
2021-12-11;60+;125;125,0;125;125;125;125;125;125;125;125;125;125;727;727,0;727,0;727;727;727;727;727;727;727;727;727,0;1,0000000000000000;1,000000000000000;1,000000000000000;1,0000000000000000;1,0000000000000000;1,0000000000000000;1,0000000000000000;1,0000000000000000;1,0000000000000000;1,0000000000000000;1,0000000000000000
2021-12-11;alle;178;178,0;178;178;178;178;178;178;178;178;178;178;1035;1035,0;1035,0;1035;1035;1035;1035;1035;1035;1035;1035;1035,0;NA;NA;NA;NA;NA;NA;NA;NA;NA;NA;NA
2021-12-10;0-60;52;52,0;52;52;52;52;52;52;52;52;52;52;311;311,0;311,0;311;311;311;311;311;311;311;311;311,0;1,0000000000000000;1,000000000000000;1,000000000000000;1,0000000000000000;1,0000000000000000;1,0000000000000000;1,0000000000000000;1,0000000000000000;1,0000000000000000;1,0000000000000000;1,0000000000000000
2021-12-10;60+;100;100,0;100;100;100;100;100;100;100;100;100;100;741;741,0;741,0;741;741;741;741;741;741;741;741;741,0;1,0000000000000000;1,000000000000000;1,000000000000000;1,0000000000000000;1,0000000000000000;1,0000000000000000;1,0000000000000000;1,0000000000000000;1,0000000000000000;1,0000000000000000;1,0000000000000000
2021-12-10;alle;152;152,0;152;152;152;152;152;152;152;152;152;152;1052;1052,0;1052,0;1052;1052;1052;1052;1052;1052;1052;1052;1052,0;NA;NA;NA;NA;NA;NA;NA;NA;NA;NA;NA
2021-12-09;0-60;44;44,0;44;44;44;44;44;44;44;44;44;44;305;305,0;305,0;305;305;305;305;305;305;305;305;305,0;1,0000000000000000;1,000000000000000;1,000000000000000;1,0000000000000000;1,0000000000000000;1,0000000000000000;1,0000000000000000;1,0000000000000000;1,0000000000000000;1,0000000000000000;1,0000000000000000
2021-12-09;60+;104;104,0;104;104;104;104;104;104;104;104;104;104;744;744,0;744,0;744;744;744;744;744;744;744;744;744,0;1,0000000000000000;1,000000000000000;1,000000000000000;1,0000000000000000;1,0000000000000000;1,0000000000000000;1,0000000000000000;1,0000000000000000;1,0000000000000000;1,0000000000000000;1,0000000000000000
2021-12-09;alle;148;148,0;148;148;148;148;148;148;148;148;148;148;1049;1049,0;1049,0;1049;1049;1049;1049;1049;1049;1049;1049;1049,0;NA;NA;NA;NA;NA;NA;NA;NA;NA;NA;NA
2021-12-08;0-60;49;49,0;49;49;49;49;49;49;49;49;49;49;314;314,0;314,0;314;314;314;314;314;314;314;314;314,0;1,0000000000000000;1,000000000000000;1,000000000000000;1,0000000000000000;1,0000000000000000;1,0000000000000000;1,0000000000000000;1,0000000000000000;1,0000000000000000;1,0000000000000000;1,0000000000000000
2021-12-08;60+;120;120,0;120;120;120;120;120;120;120;120;120;120;752;752,0;752,0;752;752;752;752;752;752;752;752;752,0;1,0000000000000000;1,000000000000000;1,000000000000000;1,0000000000000000;1,0000000000000000;1,0000000000000000;1,0000000000000000;1,0000000000000000;1,0000000000000000;1,0000000000000000;1,0000000000000000
2021-12-08;alle;169;169,0;169;169;169;169;169;169;169;169;169;169;1066;1066,0;1066,0;1066;1066;1066;1066;1066;1066;1066;1066;1066,0;NA;NA;NA;NA;NA;NA;NA;NA;NA;NA;NA
2021-12-07;0-60;63;63,0;63;63;63;63;63;63;63;63;63;63;306;306,0;306,0;306;306;306;306;306;306;306;306;306,0;1,0000000000000000;1,000000000000000;1,000000000000000;1,0000000000000000;1,0000000000000000;1,0000000000000000;1,0000000000000000;1,0000000000000000;1,0000000000000000;1,0000000000000000;1,0000000000000000
2021-12-07;60+;151;151,0;151;151;151;151;151;151;151;151;151;151;745;745,0;745,0;745;745;745;745;745;745;745;745;745,0;1,0000000000000000;1,000000000000000;1,000000000000000;1,0000000000000000;1,0000000000000000;1,0000000000000000;1,0000000000000000;1,0000000000000000;1,0000000000000000;1,0000000000000000;1,0000000000000000
2021-12-07;alle;214;214,0;214;214;214;214;214;214;214;214;214;214;1051;1051,0;1051,0;1051;1051;1051;1051;1051;1051;1051;1051;1051,0;NA;NA;NA;NA;NA;NA;NA;NA;NA;NA;NA
2021-12-06;0-60;17;17,0;17;17;17;17;17;17;17;17;17;17;292;292,0;292,0;292;292;292;292;292;292;292;292;292,0;1,0000000000000000;1,000000000000000;1,000000000000000;1,0000000000000000;1,0000000000000000;1,0000000000000000;1,0000000000000000;1,0000000000000000;1,0000000000000000;1,0000000000000000;1,0000000000000000
2021-12-06;60+;68;68,0;68;68;68;68;68;68;68;68;68;68;701;701,0;701,0;701;701;701;701;701;701;701;701;701,0;1,0000000000000000;1,000000000000000;1,000000000000000;1,0000000000000000;1,0000000000000000;1,0000000000000000;1,0000000000000000;1,0000000000000000;1,0000000000000000;1,0000000000000000;1,0000000000000000
2021-12-06;alle;85;85,0;85;85;85;85;85;85;85;85;85;85;993;993,0;993,0;993;993;993;993;993;993;993;993;993,0;NA;NA;NA;NA;NA;NA;NA;NA;NA;NA;NA
2021-12-05;0-60;30;30,0;30;30;30;30;30;30;30;30;30;30;294;294,0;294,0;294;294;294;294;294;294;294;294;294,0;1,0000000000000000;1,000000000000000;1,000000000000000;1,0000000000000000;1,0000000000000000;1,0000000000000000;1,0000000000000000;1,0000000000000000;1,0000000000000000;1,0000000000000000;1,0000000000000000
2021-12-05;60+;59;59,0;59;59;59;59;59;59;59;59;59;59;689;689,0;689,0;689;689;689;689;689;689;689;689;689,0;1,0000000000000000;1,000000000000000;1,000000000000000;1,0000000000000000;1,0000000000000000;1,0000000000000000;1,0000000000000000;1,0000000000000000;1,0000000000000000;1,0000000000000000;1,0000000000000000
2021-12-05;alle;89;89,0;89;89;89;89;89;89;89;89;89;89;983;983,0;983,0;983;983;983;983;983;983;983;983;983,0;NA;NA;NA;NA;NA;NA;NA;NA;NA;NA;NA
2021-12-04;0-60;56;56,0;56;56;56;56;56;56;56;56;56;56;286;286,0;286,0;286;286;286;286;286;286;286;286;286,0;1,0000000000000000;1,000000000000000;1,000000000000000;1,0000000000000000;1,0000000000000000;1,0000000000000000;1,0000000000000000;1,0000000000000000;1,0000000000000000;1,0000000000000000;1,0000000000000000
2021-12-04;60+;139;139,0;139;139;139;139;139;139;139;139;139;139;700;700,0;700,0;700;700;700;700;700;700;700;700;700,0;1,0000000000000000;1,000000000000000;1,000000000000000;1,0000000000000000;1,0000000000000000;1,0000000000000000;1,0000000000000000;1,0000000000000000;1,0000000000000000;1,0000000000000000;1,0000000000000000
2021-12-04;alle;195;195,0;195;195;195;195;195;195;195;195;195;195;986;986,0;986,0;986;986;986;986;986;986;986;986;986,0;NA;NA;NA;NA;NA;NA;NA;NA;NA;NA;NA
2021-12-03;0-60;46;46,0;46;46;46;46;46;46;46;46;46;46;274;274,0;274,0;274;274;274;274;274;274;274;274;274,0;1,0000000000000000;1,000000000000000;1,000000000000000;1,0000000000000000;1,0000000000000000;1,0000000000000000;1,0000000000000000;1,0000000000000000;1,0000000000000000;1,0000000000000000;1,0000000000000000
2021-12-03;60+;103;103,0;103;103;103;103;103;103;103;103;103;103;686;686,0;686,0;686;686;686;686;686;686;686;686;686,0;1,0000000000000000;1,000000000000000;1,000000000000000;1,0000000000000000;1,0000000000000000;1,0000000000000000;1,0000000000000000;1,0000000000000000;1,0000000000000000;1,0000000000000000;1,0000000000000000
2021-12-03;alle;149;149,0;149;149;149;149;149;149;149;149;149;149;960;960,0;960,0;960;960;960;960;960;960;960;960;960,0;NA;NA;NA;NA;NA;NA;NA;NA;NA;NA;NA
2021-12-02;0-60;53;53,0;53;53;53;53;53;53;53;53;53;53;286;286,0;286,0;286;286;286;286;286;286;286;286;286,0;1,0000000000000000;1,000000000000000;1,000000000000000;1,0000000000000000;1,0000000000000000;1,0000000000000000;1,0000000000000000;1,0000000000000000;1,0000000000000000;1,0000000000000000;1,0000000000000000
2021-12-02;60+;112;112,0;112;112;112;112;112;112;112;112;112;112;698;698,0;698,0;698;698;698;698;698;698;698;698;698,0;1,0000000000000000;1,000000000000000;1,000000000000000;1,0000000000000000;1,0000000000000000;1,0000000000000000;1,0000000000000000;1,0000000000000000;1,0000000000000000;1,0000000000000000;1,0000000000000000
2021-12-02;alle;165;165,0;165;165;165;165;165;165;165;165;165;165;984;984,0;984,0;984;984;984;984;984;984;984;984;984,0;NA;NA;NA;NA;NA;NA;NA;NA;NA;NA;NA
2021-12-01;0-60;41;41,0;41;41;41;41;41;41;41;41;41;41;286;286,0;286,0;286;286;286;286;286;286;286;286;286,0;1,0000000000000000;1,000000000000000;1,000000000000000;1,0000000000000000;1,0000000000000000;1,0000000000000000;1,0000000000000000;1,0000000000000000;1,0000000000000000;1,0000000000000000;1,0000000000000000
2021-12-01;60+;113;113,0;113;113;113;113;113;113;113;113;113;113;696;696,0;696,0;696;696;696;696;696;696;696;696;696,0;1,0000000000000000;1,000000000000000;1,000000000000000;1,0000000000000000;1,0000000000000000;1,0000000000000000;1,0000000000000000;1,0000000000000000;1,0000000000000000;1,0000000000000000;1,0000000000000000
2021-12-01;alle;154;154,0;154;154;154;154;154;154;154;154;154;154;982;982,0;982,0;982;982;982;982;982;982;982;982;982,0;NA;NA;NA;NA;NA;NA;NA;NA;NA;NA;NA
2021-11-30;0-60;49;49,0;49;49;49;49;49;49;49;49;49;49;307;307,0;307,0;307;307;307;307;307;307;307;307;307,0;1,0000000000000000;1,000000000000000;1,000000000000000;1,0000000000000000;1,0000000000000000;1,0000000000000000;1,0000000000000000;1,0000000000000000;1,0000000000000000;1,0000000000000000;1,0000000000000000
2021-11-30;60+;107;107,0;107;107;107;107;107;107;107;107;107;107;725;725,0;725,0;725;725;725;725;725;725;725;725;725,0;1,0000000000000000;1,000000000000000;1,000000000000000;1,0000000000000000;1,0000000000000000;1,0000000000000000;1,0000000000000000;1,0000000000000000;1,0000000000000000;1,0000000000000000;1,0000000000000000
2021-11-30;alle;156;156,0;156;156;156;156;156;156;156;156;156;156;1032;1032,0;1032,0;1032;1032;1032;1032;1032;1032;1032;1032;1032,0;NA;NA;NA;NA;NA;NA;NA;NA;NA;NA;NA
2021-11-29;0-60;19;19,0;19;19;19;19;19;19;19;19;19;19;310;310,0;310,0;310;310;310;310;310;310;310;310;310,0;1,0000000000000000;1,000000000000000;1,000000000000000;1,0000000000000000;1,0000000000000000;1,0000000000000000;1,0000000000000000;1,0000000000000000;1,0000000000000000;1,0000000000000000;1,0000000000000000
2021-11-29;60+;56;56,0;56;56;56;56;56;56;56;56;56;56;756;756,0;756,0;756;756;756;756;756;756;756;756;756,0;1,0000000000000000;1,000000000000000;1,000000000000000;1,0000000000000000;1,0000000000000000;1,0000000000000000;1,0000000000000000;1,0000000000000000;1,0000000000000000;1,0000000000000000;1,0000000000000000
2021-11-29;alle;75;75,0;75;75;75;75;75;75;75;75;75;75;1066;1066,0;1066,0;1066;1066;1066;1066;1066;1066;1066;1066;1066,0;NA;NA;NA;NA;NA;NA;NA;NA;NA;NA;NA
2021-11-28;0-60;22;22,0;22;22;22;22;22;22;22;22;22;22;314;314,0;314,0;314;314;314;314;314;314;314;314;314,0;1,0000000000000000;1,000000000000000;1,000000000000000;1,0000000000000000;1,0000000000000000;1,0000000000000000;1,0000000000000000;1,0000000000000000;1,0000000000000000;1,0000000000000000;1,0000000000000000
2021-11-28;60+;70;70,0;70;70;70;70;70;70;70;70;70;70;766;766,0;766,0;766;766;766;766;766;766;766;766;766,0;1,0000000000000000;1,000000000000000;1,000000000000000;1,0000000000000000;1,0000000000000000;1,0000000000000000;1,0000000000000000;1,0000000000000000;1,0000000000000000;1,0000000000000000;1,0000000000000000
2021-11-28;alle;92;92,0;92;92;92;92;92;92;92;92;92;92;1080;1080,0;1080,0;1080;1080;1080;1080;1080;1080;1080;1080;1080,0;NA;NA;NA;NA;NA;NA;NA;NA;NA;NA;NA
2021-11-27;0-60;44;44,0;44;44;44;44;44;44;44;44;44;44;316;316,0;316,0;316;316;316;316;316;316;316;316;316,0;1,0000000000000000;1,000000000000000;1,000000000000000;1,0000000000000000;1,0000000000000000;1,0000000000000000;1,0000000000000000;1,0000000000000000;1,0000000000000000;1,0000000000000000;1,0000000000000000
2021-11-27;60+;125;125,0;125;125;125;125;125;125;125;125;125;125;768;768,0;768,0;768;768;768;768;768;768;768;768;768,0;1,0000000000000000;1,000000000000000;1,000000000000000;1,0000000000000000;1,0000000000000000;1,0000000000000000;1,0000000000000000;1,0000000000000000;1,0000000000000000;1,0000000000000000;1,0000000000000000
2021-11-27;alle;169;169,0;169;169;169;169;169;169;169;169;169;169;1084;1084,0;1084,0;1084;1084;1084;1084;1084;1084;1084;1084;1084,0;NA;NA;NA;NA;NA;NA;NA;NA;NA;NA;NA
2021-11-26;0-60;58;58,0;58;58;58;58;58;58;58;58;58;58;318;318,0;318,0;318;318;318;318;318;318;318;318;318,0;1,0000000000000000;1,000000000000000;1,000000000000000;1,0000000000000000;1,0000000000000000;1,0000000000000000;1,0000000000000000;1,0000000000000000;1,0000000000000000;1,0000000000000000;1,0000000000000000
2021-11-26;60+;115;115,0;115;115;115;115;115;115;115;115;115;115;759;759,0;759,0;759;759;759;759;759;759;759;759;759,0;1,0000000000000000;1,000000000000000;1,000000000000000;1,0000000000000000;1,0000000000000000;1,0000000000000000;1,0000000000000000;1,0000000000000000;1,0000000000000000;1,0000000000000000;1,0000000000000000
2021-11-26;alle;173;173,0;173;173;173;173;173;173;173;173;173;173;1077;1077,0;1077,0;1077;1077;1077;1077;1077;1077;1077;1077;1077,0;NA;NA;NA;NA;NA;NA;NA;NA;NA;NA;NA
2021-11-25;0-60;53;53,0;53;53;53;53;53;53;53;53;53;53;310;310,0;310,0;310;310;310;310;310;310;310;310;310,0;1,0000000000000000;1,000000000000000;1,000000000000000;1,0000000000000000;1,0000000000000000;1,0000000000000000;1,0000000000000000;1,0000000000000000;1,0000000000000000;1,0000000000000000;1,0000000000000000
2021-11-25;60+;110;110,0;110;110;110;110;110;110;110;110;110;110;755;755,0;755,0;755;755;755;755;755;755;755;755;755,0;1,0000000000000000;1,000000000000000;1,000000000000000;1,0000000000000000;1,0000000000000000;1,0000000000000000;1,0000000000000000;1,0000000000000000;1,0000000000000000;1,0000000000000000;1,0000000000000000
2021-11-25;alle;163;163,0;163;163;163;163;163;163;163;163;163;163;1065;1065,0;1065,0;1065;1065;1065;1065;1065;1065;1065;1065;1065,0;NA;NA;NA;NA;NA;NA;NA;NA;NA;NA;NA
2021-11-24;0-60;62;62,0;62;62;62;62;62;62;62;62;62;62;293;293,0;293,0;293;293;293;293;293;293;293;293;293,0;1,0000000000000000;1,000000000000000;1,000000000000000;1,0000000000000000;1,0000000000000000;1,0000000000000000;1,0000000000000000;1,0000000000000000;1,0000000000000000;1,0000000000000000;1,0000000000000000
2021-11-24;60+;142;142,0;142;142;142;142;142;142;142;142;142;142;726;726,0;726,0;726;726;726;726;726;726;726;726;726,0;1,0000000000000000;1,000000000000000;1,000000000000000;1,0000000000000000;1,0000000000000000;1,0000000000000000;1,0000000000000000;1,0000000000000000;1,0000000000000000;1,0000000000000000;1,0000000000000000
2021-11-24;alle;204;204,0;204;204;204;204;204;204;204;204;204;204;1019;1019,0;1019,0;1019;1019;1019;1019;1019;1019;1019;1019;1019,0;NA;NA;NA;NA;NA;NA;NA;NA;NA;NA;NA
2021-11-23;0-60;52;52,0;52;52;52;52;52;52;52;52;52;52;278;278,0;278,0;278;278;278;278;278;278;278;278;278,0;1,0000000000000000;1,000000000000000;1,000000000000000;1,0000000000000000;1,0000000000000000;1,0000000000000000;1,0000000000000000;1,0000000000000000;1,0000000000000000;1,0000000000000000;1,0000000000000000
2021-11-23;60+;138;138,0;138;138;138;138;138;138;138;138;138;138;705;705,0;705,0;705;705;705;705;705;705;705;705;705,0;1,0000000000000000;1,000000000000000;1,000000000000000;1,0000000000000000;1,0000000000000000;1,0000000000000000;1,0000000000000000;1,0000000000000000;1,0000000000000000;1,0000000000000000;1,0000000000000000
2021-11-23;alle;190;190,0;190;190;190;190;190;190;190;190;190;190;983;983,0;983,0;983;983;983;983;983;983;983;983;983,0;NA;NA;NA;NA;NA;NA;NA;NA;NA;NA;NA
2021-11-22;0-60;23;23,0;23;23;23;23;23;23;23;23;23;23;265;265,0;265,0;265;265;265;265;265;265;265;265;265,0;1,0000000000000000;1,000000000000000;1,000000000000000;1,0000000000000000;1,0000000000000000;1,0000000000000000;1,0000000000000000;1,0000000000000000;1,0000000000000000;1,0000000000000000;1,0000000000000000
2021-11-22;60+;66;66,0;66;66;66;66;66;66;66;66;66;66;676;676,0;676,0;676;676;676;676;676;676;676;676;676,0;1,0000000000000000;1,000000000000000;1,000000000000000;1,0000000000000000;1,0000000000000000;1,0000000000000000;1,0000000000000000;1,0000000000000000;1,0000000000000000;1,0000000000000000;1,0000000000000000
2021-11-22;alle;89;89,0;89;89;89;89;89;89;89;89;89;89;941;941,0;941,0;941;941;941;941;941;941;941;941;941,0;NA;NA;NA;NA;NA;NA;NA;NA;NA;NA;NA
2021-11-21;0-60;24;24,0;24;24;24;24;24;24;24;24;24;24;255;255,0;255,0;255;255;255;255;255;255;255;255;255,0;1,0000000000000000;1,000000000000000;1,000000000000000;1,0000000000000000;1,0000000000000000;1,0000000000000000;1,0000000000000000;1,0000000000000000;1,0000000000000000;1,0000000000000000;1,0000000000000000
2021-11-21;60+;72;72,0;72;72;72;72;72;72;72;72;72;72;654;654,0;654,0;654;654;654;654;654;654;654;654;654,0;1,0000000000000000;1,000000000000000;1,000000000000000;1,0000000000000000;1,0000000000000000;1,0000000000000000;1,0000000000000000;1,0000000000000000;1,0000000000000000;1,0000000000000000;1,0000000000000000
2021-11-21;alle;96;96,0;96;96;96;96;96;96;96;96;96;96;909;909,0;909,0;909;909;909;909;909;909;909;909;909,0;NA;NA;NA;NA;NA;NA;NA;NA;NA;NA;NA
2021-11-20;0-60;46;46,0;46;46;46;46;46;46;46;46;46;46;253;253,0;253,0;253;253;253;253;253;253;253;253;253,0;1,0000000000000000;1,000000000000000;1,000000000000000;1,0000000000000000;1,0000000000000000;1,0000000000000000;1,0000000000000000;1,0000000000000000;1,0000000000000000;1,0000000000000000;1,0000000000000000
2021-11-20;60+;116;116,0;116;116;116;116;116;116;116;116;116;116;631;631,0;631,0;631;631;631;631;631;631;631;631;631,0;1,0000000000000000;1,000000000000000;1,000000000000000;1,0000000000000000;1,0000000000000000;1,0000000000000000;1,0000000000000000;1,0000000000000000;1,0000000000000000;1,0000000000000000;1,0000000000000000
2021-11-20;alle;162;162,0;162;162;162;162;162;162;162;162;162;162;884;884,0;884,0;884;884;884;884;884;884;884;884;884,0;NA;NA;NA;NA;NA;NA;NA;NA;NA;NA;NA
2021-11-19;0-60;50;50,0;50;50;50;50;50;50;50;50;50;50;235;235,0;235,0;235;235;235;235;235;235;235;235;235,0;1,0000000000000000;1,000000000000000;1,000000000000000;1,0000000000000000;1,0000000000000000;1,0000000000000000;1,0000000000000000;1,0000000000000000;1,0000000000000000;1,0000000000000000;1,0000000000000000
2021-11-19;60+;111;111,0;111;111;111;111;111;111;111;111;111;111;610;610,0;610,0;610;610;610;610;610;610;610;610;610,0;1,0000000000000000;1,000000000000000;1,000000000000000;1,0000000000000000;1,0000000000000000;1,0000000000000000;1,0000000000000000;1,0000000000000000;1,0000000000000000;1,0000000000000000;1,0000000000000000
2021-11-19;alle;161;161,0;161;161;161;161;161;161;161;161;161;161;845;845,0;845,0;845;845;845;845;845;845;845;845;845,0;NA;NA;NA;NA;NA;NA;NA;NA;NA;NA;NA
2021-11-18;0-60;36;36,0;36;36;36;36;36;36;36;36;36;36;223;223,0;223,0;223;223;223;223;223;223;223;223;223,0;1,0000000000000000;1,000000000000000;1,000000000000000;1,0000000000000000;1,0000000000000000;1,0000000000000000;1,0000000000000000;1,0000000000000000;1,0000000000000000;1,0000000000000000;1,0000000000000000
2021-11-18;60+;81;81,0;81;81;81;81;81;81;81;81;81;81;627;627,0;627,0;627;627;627;627;627;627;627;627;627,0;1,0000000000000000;1,000000000000000;1,000000000000000;1,0000000000000000;1,0000000000000000;1,0000000000000000;1,0000000000000000;1,0000000000000000;1,0000000000000000;1,0000000000000000;1,0000000000000000
2021-11-18;alle;117;117,0;117;117;117;117;117;117;117;117;117;117;850;850,0;850,0;850;850;850;850;850;850;850;850;850,0;NA;NA;NA;NA;NA;NA;NA;NA;NA;NA;NA
2021-11-17;0-60;47;47,0;47;47;47;47;47;47;47;47;47;47;235;235,0;235,0;235;235;235;235;235;235;235;235;235,0;1,0000000000000000;1,000000000000000;1,000000000000000;1,0000000000000000;1,0000000000000000;1,0000000000000000;1,0000000000000000;1,0000000000000000;1,0000000000000000;1,0000000000000000;1,0000000000000000
2021-11-17;60+;121;121,0;121;121;121;121;121;121;121;121;121;121;657;657,0;657,0;657;657;657;657;657;657;657;657;657,0;1,0000000000000000;1,000000000000000;1,000000000000000;1,0000000000000000;1,0000000000000000;1,0000000000000000;1,0000000000000000;1,0000000000000000;1,0000000000000000;1,0000000000000000;1,0000000000000000
2021-11-17;alle;168;168,0;168;168;168;168;168;168;168;168;168;168;892;892,0;892,0;892;892;892;892;892;892;892;892;892,0;NA;NA;NA;NA;NA;NA;NA;NA;NA;NA;NA
2021-11-16;0-60;39;39,0;39;39;39;39;39;39;39;39;39;39;240;240,0;240,0;240;240;240;240;240;240;240;240;240,0;1,0000000000000000;1,000000000000000;1,000000000000000;1,0000000000000000;1,0000000000000000;1,0000000000000000;1,0000000000000000;1,0000000000000000;1,0000000000000000;1,0000000000000000;1,0000000000000000
2021-11-16;60+;109;109,0;109;109;109;109;109;109;109;109;109;109;653;653,0;653,0;653;653;653;653;653;653;653;653;653,0;1,0000000000000000;1,000000000000000;1,000000000000000;1,0000000000000000;1,0000000000000000;1,0000000000000000;1,0000000000000000;1,0000000000000000;1,0000000000000000;1,0000000000000000;1,0000000000000000
2021-11-16;alle;148;148,0;148;148;148;148;148;148;148;148;148;148;893;893,0;893,0;893;893;893;893;893;893;893;893;893,0;NA;NA;NA;NA;NA;NA;NA;NA;NA;NA;NA
2021-11-15;0-60;13;13,0;13;13;13;13;13;13;13;13;13;13;231;231,0;231,0;231;231;231;231;231;231;231;231;231,0;1,0000000000000000;1,000000000000000;1,000000000000000;1,0000000000000000;1,0000000000000000;1,0000000000000000;1,0000000000000000;1,0000000000000000;1,0000000000000000;1,0000000000000000;1,0000000000000000
2021-11-15;60+;44;44,0;44;44;44;44;44;44;44;44;44;44;639;639,0;639,0;639;639;639;639;639;639;639;639;639,0;1,0000000000000000;1,000000000000000;1,000000000000000;1,0000000000000000;1,0000000000000000;1,0000000000000000;1,0000000000000000;1,0000000000000000;1,0000000000000000;1,0000000000000000;1,0000000000000000
2021-11-15;alle;57;57,0;57;57;57;57;57;57;57;57;57;57;870;870,0;870,0;870;870;870;870;870;870;870;870;870,0;NA;NA;NA;NA;NA;NA;NA;NA;NA;NA;NA
2021-11-14;0-60;22;22,0;22;22;22;22;22;22;22;22;22;22;228;228,0;228,0;228;228;228;228;228;228;228;228;228,0;1,0000000000000000;1,000000000000000;1,000000000000000;1,0000000000000000;1,0000000000000000;1,0000000000000000;1,0000000000000000;1,0000000000000000;1,0000000000000000;1,0000000000000000;1,0000000000000000
2021-11-14;60+;49;49,0;49;49;49;49;49;49;49;49;49;49;621;621,0;621,0;621;621;621;621;621;621;621;621;621,0;1,0000000000000000;1,000000000000000;1,000000000000000;1,0000000000000000;1,0000000000000000;1,0000000000000000;1,0000000000000000;1,0000000000000000;1,0000000000000000;1,0000000000000000;1,0000000000000000
2021-11-14;alle;71;71,0;71;71;71;71;71;71;71;71;71;71;849;849,0;849,0;849;849;849;849;849;849;849;849;849,0;NA;NA;NA;NA;NA;NA;NA;NA;NA;NA;NA
2021-11-13;0-60;28;28,0;28;28;28;28;28;28;28;28;28;28;218;218,0;218,0;218;218;218;218;218;218;218;218;218,0;1,0000000000000000;1,000000000000000;1,000000000000000;1,0000000000000000;1,0000000000000000;1,0000000000000000;1,0000000000000000;1,0000000000000000;1,0000000000000000;1,0000000000000000;1,0000000000000000
2021-11-13;60+;95;95,0;95;95;95;95;95;95;95;95;95;95;631;631,0;631,0;631;631;631;631;631;631;631;631;631,0;1,0000000000000000;1,000000000000000;1,000000000000000;1,0000000000000000;1,0000000000000000;1,0000000000000000;1,0000000000000000;1,0000000000000000;1,0000000000000000;1,0000000000000000;1,0000000000000000
2021-11-13;alle;123;123,0;123;123;123;123;123;123;123;123;123;123;849;849,0;849,0;849;849;849;849;849;849;849;849;849,0;NA;NA;NA;NA;NA;NA;NA;NA;NA;NA;NA
2021-11-12;0-60;38;38,0;38;38;38;38;38;38;38;38;38;38;223;223,0;223,0;223;223;223;223;223;223;223;223;223,0;1,0000000000000000;1,000000000000000;1,000000000000000;1,0000000000000000;1,0000000000000000;1,0000000000000000;1,0000000000000000;1,0000000000000000;1,0000000000000000;1,0000000000000000;1,0000000000000000
2021-11-12;60+;128;128,0;128;128;128;128;128;128;128;128;128;128;600;600,0;600,0;600;600;600;600;600;600;600;600;600,0;1,0000000000000000;1,000000000000000;1,000000000000000;1,0000000000000000;1,0000000000000000;1,0000000000000000;1,0000000000000000;1,0000000000000000;1,0000000000000000;1,0000000000000000;1,0000000000000000
2021-11-12;alle;166;166,0;166;166;166;166;166;166;166;166;166;166;823;823,0;823,0;823;823;823;823;823;823;823;823;823,0;NA;NA;NA;NA;NA;NA;NA;NA;NA;NA;NA
2021-11-11;0-60;48;48,0;48;48;48;48;48;48;48;48;48;48;213;213,0;213,0;213;213;213;213;213;213;213;213;213,0;1,0000000000000000;1,000000000000000;1,000000000000000;1,0000000000000000;1,0000000000000000;1,0000000000000000;1,0000000000000000;1,0000000000000000;1,0000000000000000;1,0000000000000000;1,0000000000000000
2021-11-11;60+;111;111,0;111;111;111;111;111;111;111;111;111;111;574;574,0;574,0;574;574;574;574;574;574;574;574;574,0;1,0000000000000000;1,000000000000000;1,000000000000000;1,0000000000000000;1,0000000000000000;1,0000000000000000;1,0000000000000000;1,0000000000000000;1,0000000000000000;1,0000000000000000;1,0000000000000000
2021-11-11;alle;159;159,0;159;159;159;159;159;159;159;159;159;159;787;787,0;787,0;787;787;787;787;787;787;787;787;787,0;NA;NA;NA;NA;NA;NA;NA;NA;NA;NA;NA
2021-11-10;0-60;52;52,0;52;52;52;52;52;52;52;52;52;52;198;198,0;198,0;198;198;198;198;198;198;198;198;198,0;1,0000000000000000;1,000000000000000;1,000000000000000;1,0000000000000000;1,0000000000000000;1,0000000000000000;1,0000000000000000;1,0000000000000000;1,0000000000000000;1,0000000000000000;1,0000000000000000
2021-11-10;60+;117;117,0;117;117;117;117;117;117;117;117;117;117;556;556,0;556,0;556;556;556;556;556;556;556;556;556,0;1,0000000000000000;1,000000000000000;1,000000000000000;1,0000000000000000;1,0000000000000000;1,0000000000000000;1,0000000000000000;1,0000000000000000;1,0000000000000000;1,0000000000000000;1,0000000000000000
2021-11-10;alle;169;169,0;169;169;169;169;169;169;169;169;169;169;754;754,0;754,0;754;754;754;754;754;754;754;754;754,0;NA;NA;NA;NA;NA;NA;NA;NA;NA;NA;NA
2021-11-09;0-60;30;30,0;30;30;30;30;30;30;30;30;30;30;198;198,0;198,0;198;198;198;198;198;198;198;198;198,0;1,0000000000000000;1,000000000000000;1,000000000000000;1,0000000000000000;1,0000000000000000;1,0000000000000000;1,0000000000000000;1,0000000000000000;1,0000000000000000;1,0000000000000000;1,0000000000000000
2021-11-09;60+;95;95,0;95;95;95;95;95;95;95;95;95;95;556;556,0;556,0;556;556;556;556;556;556;556;556;556,0;1,0000000000000000;1,000000000000000;1,000000000000000;1,0000000000000000;1,0000000000000000;1,0000000000000000;1,0000000000000000;1,0000000000000000;1,0000000000000000;1,0000000000000000;1,0000000000000000
2021-11-09;alle;125;125,0;125;125;125;125;125;125;125;125;125;125;754;754,0;754,0;754;754;754;754;754;754;754;754;754,0;NA;NA;NA;NA;NA;NA;NA;NA;NA;NA;NA
2021-11-08;0-60;10;10,0;10;10;10;10;10;10;10;10;10;10;188;188,0;188,0;188;188;188;188;188;188;188;188;188,0;1,0000000000000000;1,000000000000000;1,000000000000000;1,0000000000000000;1,0000000000000000;1,0000000000000000;1,0000000000000000;1,0000000000000000;1,0000000000000000;1,0000000000000000;1,0000000000000000
2021-11-08;60+;26;26,0;26;26;26;26;26;26;26;26;26;26;565;565,0;565,0;565;565;565;565;565;565;565;565;565,0;1,0000000000000000;1,000000000000000;1,000000000000000;1,0000000000000000;1,0000000000000000;1,0000000000000000;1,0000000000000000;1,0000000000000000;1,0000000000000000;1,0000000000000000;1,0000000000000000
2021-11-08;alle;36;36,0;36;36;36;36;36;36;36;36;36;36;753;753,0;753,0;753;753;753;753;753;753;753;753;753,0;NA;NA;NA;NA;NA;NA;NA;NA;NA;NA;NA
2021-11-07;0-60;12;12,0;12;12;12;12;12;12;12;12;12;12;184;184,0;184,0;184;184;184;184;184;184;184;184;184,0;1,0000000000000000;1,000000000000000;1,000000000000000;1,0000000000000000;1,0000000000000000;1,0000000000000000;1,0000000000000000;1,0000000000000000;1,0000000000000000;1,0000000000000000;1,0000000000000000
2021-11-07;60+;59;59,0;59;59;59;59;59;59;59;59;59;59;561;561,0;561,0;561;561;561;561;561;561;561;561;561,0;1,0000000000000000;1,000000000000000;1,000000000000000;1,0000000000000000;1,0000000000000000;1,0000000000000000;1,0000000000000000;1,0000000000000000;1,0000000000000000;1,0000000000000000;1,0000000000000000
2021-11-07;alle;71;71,0;71;71;71;71;71;71;71;71;71;71;745;745,0;745,0;745;745;745;745;745;745;745;745;745,0;NA;NA;NA;NA;NA;NA;NA;NA;NA;NA;NA
2021-11-06;0-60;33;33,0;33;33;33;33;33;33;33;33;33;33;190;190,0;190,0;190;190;190;190;190;190;190;190;190,0;1,0000000000000000;1,000000000000000;1,000000000000000;1,0000000000000000;1,0000000000000000;1,0000000000000000;1,0000000000000000;1,0000000000000000;1,0000000000000000;1,0000000000000000;1,0000000000000000
2021-11-06;60+;64;64,0;64;64;64;64;64;64;64;64;64;64;543;543,0;543,0;543;543;543;543;543;543;543;543;543,0;1,0000000000000000;1,000000000000000;1,000000000000000;1,0000000000000000;1,0000000000000000;1,0000000000000000;1,0000000000000000;1,0000000000000000;1,0000000000000000;1,0000000000000000;1,0000000000000000
2021-11-06;alle;97;97,0;97;97;97;97;97;97;97;97;97;97;733;733,0;733,0;733;733;733;733;733;733;733;733;733,0;NA;NA;NA;NA;NA;NA;NA;NA;NA;NA;NA
2021-11-05;0-60;28;28,0;28;28;28;28;28;28;28;28;28;28;189;189,0;189,0;189;189;189;189;189;189;189;189;189,0;1,0000000000000000;1,000000000000000;1,000000000000000;1,0000000000000000;1,0000000000000000;1,0000000000000000;1,0000000000000000;1,0000000000000000;1,0000000000000000;1,0000000000000000;1,0000000000000000
2021-11-05;60+;102;102,0;102;102;102;102;102;102;102;102;102;102;528;528,0;528,0;528;528;528;528;528;528;528;528;528,0;1,0000000000000000;1,000000000000000;1,000000000000000;1,0000000000000000;1,0000000000000000;1,0000000000000000;1,0000000000000000;1,0000000000000000;1,0000000000000000;1,0000000000000000;1,0000000000000000
2021-11-05;alle;130;130,0;130;130;130;130;130;130;130;130;130;130;717;717,0;717,0;717;717;717;717;717;717;717;717;717,0;NA;NA;NA;NA;NA;NA;NA;NA;NA;NA;NA
2021-11-04;0-60;33;33,0;33;33;33;33;33;33;33;33;33;33;184;184,0;184,0;184;184;184;184;184;184;184;184;184,0;1,0000000000000000;1,000000000000000;1,000000000000000;1,0000000000000000;1,0000000000000000;1,0000000000000000;1,0000000000000000;1,0000000000000000;1,0000000000000000;1,0000000000000000;1,0000000000000000
2021-11-04;60+;93;93,0;93;93;93;93;93;93;93;93;93;93;510;510,0;510,0;510;510;510;510;510;510;510;510;510,0;1,0000000000000000;1,000000000000000;1,000000000000000;1,0000000000000000;1,0000000000000000;1,0000000000000000;1,0000000000000000;1,0000000000000000;1,0000000000000000;1,0000000000000000;1,0000000000000000
2021-11-04;alle;126;126,0;126;126;126;126;126;126;126;126;126;126;694;694,0;694,0;694;694;694;694;694;694;694;694;694,0;NA;NA;NA;NA;NA;NA;NA;NA;NA;NA;NA
2021-11-03;0-60;52;52,0;52;52;52;52;52;52;52;52;52;52;170;170,0;170,0;170;170;170;170;170;170;170;170;170,0;1,0000000000000000;1,000000000000000;1,000000000000000;1,0000000000000000;1,0000000000000000;1,0000000000000000;1,0000000000000000;1,0000000000000000;1,0000000000000000;1,0000000000000000;1,0000000000000000
2021-11-03;60+;117;117,0;117;117;117;117;117;117;117;117;117;117;488;488,0;488,0;488;488;488;488;488;488;488;488;488,0;1,0000000000000000;1,000000000000000;1,000000000000000;1,0000000000000000;1,0000000000000000;1,0000000000000000;1,0000000000000000;1,0000000000000000;1,0000000000000000;1,0000000000000000;1,0000000000000000
2021-11-03;alle;169;169,0;169;169;169;169;169;169;169;169;169;169;658;658,0;658,0;658;658;658;658;658;658;658;658;658,0;NA;NA;NA;NA;NA;NA;NA;NA;NA;NA;NA
2021-11-02;0-60;20;20,0;20;20;20;20;20;20;20;20;20;20;147;147,0;147,0;147;147;147;147;147;147;147;147;147,0;1,0000000000000000;1,000000000000000;1,000000000000000;1,0000000000000000;1,0000000000000000;1,0000000000000000;1,0000000000000000;1,0000000000000000;1,0000000000000000;1,0000000000000000;1,0000000000000000
2021-11-02;60+;104;104,0;104;104;104;104;104;104;104;104;104;104;449;449,0;449,0;449;449;449;449;449;449;449;449;449,0;1,0000000000000000;1,000000000000000;1,000000000000000;1,0000000000000000;1,0000000000000000;1,0000000000000000;1,0000000000000000;1,0000000000000000;1,0000000000000000;1,0000000000000000;1,0000000000000000
2021-11-02;alle;124;124,0;124;124;124;124;124;124;124;124;124;124;596;596,0;596,0;596;596;596;596;596;596;596;596;596,0;NA;NA;NA;NA;NA;NA;NA;NA;NA;NA;NA
2021-11-01;0-60;6;6,0;6;6;6;6;6;6;6;6;6;6;154;154,0;154,0;154;154;154;154;154;154;154;154;154,0;1,0000000000000000;1,000000000000000;1,000000000000000;1,0000000000000000;1,0000000000000000;1,0000000000000000;1,0000000000000000;1,0000000000000000;1,0000000000000000;1,0000000000000000;1,0000000000000000
2021-11-01;60+;22;22,0;22;22;22;22;22;22;22;22;22;22;410;410,0;410,0;410;410;410;410;410;410;410;410;410,0;1,0000000000000000;1,000000000000000;1,000000000000000;1,0000000000000000;1,0000000000000000;1,0000000000000000;1,0000000000000000;1,0000000000000000;1,0000000000000000;1,0000000000000000;1,0000000000000000
2021-11-01;alle;28;28,0;28;28;28;28;28;28;28;28;28;28;564;564,0;564,0;564;564;564;564;564;564;564;564;564,0;NA;NA;NA;NA;NA;NA;NA;NA;NA;NA;NA
2021-10-31;0-60;18;18,0;18;18;18;18;18;18;18;18;18;18;156;156,0;156,0;156;156;156;156;156;156;156;156;156,0;1,0000000000000000;1,000000000000000;1,000000000000000;1,0000000000000000;1,0000000000000000;1,0000000000000000;1,0000000000000000;1,0000000000000000;1,0000000000000000;1,0000000000000000;1,0000000000000000
2021-10-31;60+;41;41,0;41;41;41;41;41;41;41;41;41;41;402;402,0;402,0;402;402;402;402;402;402;402;402;402,0;1,0000000000000000;1,000000000000000;1,000000000000000;1,0000000000000000;1,0000000000000000;1,0000000000000000;1,0000000000000000;1,0000000000000000;1,0000000000000000;1,0000000000000000;1,0000000000000000
2021-10-31;alle;59;59,0;59;59;59;59;59;59;59;59;59;59;558;558,0;558,0;558;558;558;558;558;558;558;558;558,0;NA;NA;NA;NA;NA;NA;NA;NA;NA;NA;NA
2021-10-30;0-60;32;32,0;32;32;32;32;32;32;32;32;32;32;146;146,0;146,0;146;146;146;146;146;146;146;146;146,0;1,0000000000000000;1,000000000000000;1,000000000000000;1,0000000000000000;1,0000000000000000;1,0000000000000000;1,0000000000000000;1,0000000000000000;1,0000000000000000;1,0000000000000000;1,0000000000000000
2021-10-30;60+;49;49,0;49;49;49;49;49;49;49;49;49;49;386;386,0;386,0;386;386;386;386;386;386;386;386;386,0;1,0000000000000000;1,000000000000000;1,000000000000000;1,0000000000000000;1,0000000000000000;1,0000000000000000;1,0000000000000000;1,0000000000000000;1,0000000000000000;1,0000000000000000;1,0000000000000000
2021-10-30;alle;81;81,0;81;81;81;81;81;81;81;81;81;81;532;532,0;532,0;532;532;532;532;532;532;532;532;532,0;NA;NA;NA;NA;NA;NA;NA;NA;NA;NA;NA
2021-10-29;0-60;23;23,0;23;23;23;23;23;23;23;23;23;23;128;128,0;128,0;128;128;128;128;128;128;128;128;128,0;1,0000000000000000;1,000000000000000;1,000000000000000;1,0000000000000000;1,0000000000000000;1,0000000000000000;1,0000000000000000;1,0000000000000000;1,0000000000000000;1,0000000000000000;1,0000000000000000
2021-10-29;60+;84;84,0;84;84;84;84;84;84;84;84;84;84;398;398,0;398,0;398;398;398;398;398;398;398;398;398,0;1,0000000000000000;1,000000000000000;1,000000000000000;1,0000000000000000;1,0000000000000000;1,0000000000000000;1,0000000000000000;1,0000000000000000;1,0000000000000000;1,0000000000000000;1,0000000000000000
2021-10-29;alle;107;107,0;107;107;107;107;107;107;107;107;107;107;526;526,0;526,0;526;526;526;526;526;526;526;526;526,0;NA;NA;NA;NA;NA;NA;NA;NA;NA;NA;NA
2021-10-28;0-60;19;19,0;19;19;19;19;19;19;19;19;19;19;123;123,0;123,0;123;123;123;123;123;123;123;123;123,0;1,0000000000000000;1,000000000000000;1,000000000000000;1,0000000000000000;1,0000000000000000;1,0000000000000000;1,0000000000000000;1,0000000000000000;1,0000000000000000;1,0000000000000000;1,0000000000000000
2021-10-28;60+;71;71,0;71;71;71;71;71;71;71;71;71;71;363;363,0;363,0;363;363;363;363;363;363;363;363;363,0;1,0000000000000000;1,000000000000000;1,000000000000000;1,0000000000000000;1,0000000000000000;1,0000000000000000;1,0000000000000000;1,0000000000000000;1,0000000000000000;1,0000000000000000;1,0000000000000000
2021-10-28;alle;90;90,0;90;90;90;90;90;90;90;90;90;90;486;486,0;486,0;486;486;486;486;486;486;486;486;486,0;NA;NA;NA;NA;NA;NA;NA;NA;NA;NA;NA
2021-10-27;0-60;29;29,0;29;29;29;29;29;29;29;29;29;29;116;116,0;116,0;116;116;116;116;116;116;116;116;116,0;1,0000000000000000;1,000000000000000;1,000000000000000;1,0000000000000000;1,0000000000000000;1,0000000000000000;1,0000000000000000;1,0000000000000000;1,0000000000000000;1,0000000000000000;1,0000000000000000
2021-10-27;60+;78;78,0;78;78;78;78;78;78;78;78;78;78;334;334,0;334,0;334;334;334;334;334;334;334;334;334,0;1,0000000000000000;1,000000000000000;1,000000000000000;1,0000000000000000;1,0000000000000000;1,0000000000000000;1,0000000000000000;1,0000000000000000;1,0000000000000000;1,0000000000000000;1,0000000000000000
2021-10-27;alle;107;107,0;107;107;107;107;107;107;107;107;107;107;450;450,0;450,0;450;450;450;450;450;450;450;450;450,0;NA;NA;NA;NA;NA;NA;NA;NA;NA;NA;NA
2021-10-26;0-60;27;27,0;27;27;27;27;27;27;27;27;27;27;101;101,0;101,0;101;101;101;101;101;101;101;101;101,0;1,0000000000000000;1,000000000000000;1,000000000000000;1,0000000000000000;1,0000000000000000;1,0000000000000000;1,0000000000000000;1,0000000000000000;1,0000000000000000;1,0000000000000000;1,0000000000000000
2021-10-26;60+;65;65,0;65;65;65;65;65;65;65;65;65;65;290;290,0;290,0;290;290;290;290;290;290;290;290;290,0;1,0000000000000000;1,000000000000000;1,000000000000000;1,0000000000000000;1,0000000000000000;1,0000000000000000;1,0000000000000000;1,0000000000000000;1,0000000000000000;1,0000000000000000;1,0000000000000000
2021-10-26;alle;92;92,0;92;92;92;92;92;92;92;92;92;92;391;391,0;391,0;391;391;391;391;391;391;391;391;391,0;NA;NA;NA;NA;NA;NA;NA;NA;NA;NA;NA
2021-10-25;0-60;8;8,0;8;8;8;8;8;8;8;8;8;8;97;97,0;97,0;97;97;97;97;97;97;97;97;97,0;1,0000000000000000;1,000000000000000;1,000000000000000;1,0000000000000000;1,0000000000000000;1,0000000000000000;1,0000000000000000;1,0000000000000000;1,0000000000000000;1,0000000000000000;1,0000000000000000
2021-10-25;60+;14;14,0;14;14;14;14;14;14;14;14;14;14;256;256,0;256,0;256;256;256;256;256;256;256;256;256,0;1,0000000000000000;1,000000000000000;1,000000000000000;1,0000000000000000;1,0000000000000000;1,0000000000000000;1,0000000000000000;1,0000000000000000;1,0000000000000000;1,0000000000000000;1,0000000000000000
2021-10-25;alle;22;22,0;22;22;22;22;22;22;22;22;22;22;353;353,0;353,0;353;353;353;353;353;353;353;353;353,0;NA;NA;NA;NA;NA;NA;NA;NA;NA;NA;NA
2021-10-24;0-60;8;8,0;8;8;8;8;8;8;8;8;8;8;91;91,0;91,0;91;91;91;91;91;91;91;91;91,0;1,0000000000000000;1,000000000000000;1,000000000000000;1,0000000000000000;1,0000000000000000;1,0000000000000000;1,0000000000000000;1,0000000000000000;1,0000000000000000;1,0000000000000000;1,0000000000000000
2021-10-24;60+;25;25,0;25;25;25;25;25;25;25;25;25;25;252;252,0;252,0;252;252;252;252;252;252;252;252;252,0;1,0000000000000000;1,000000000000000;1,000000000000000;1,0000000000000000;1,0000000000000000;1,0000000000000000;1,0000000000000000;1,0000000000000000;1,0000000000000000;1,0000000000000000;1,0000000000000000
2021-10-24;alle;33;33,0;33;33;33;33;33;33;33;33;33;33;343;343,0;343,0;343;343;343;343;343;343;343;343;343,0;NA;NA;NA;NA;NA;NA;NA;NA;NA;NA;NA
2021-10-23;0-60;14;14,0;14;14;14;14;14;14;14;14;14;14;90;90,0;90,0;90;90;90;90;90;90;90;90;90,0;1,0000000000000000;1,000000000000000;1,000000000000000;1,0000000000000000;1,0000000000000000;1,0000000000000000;1,0000000000000000;1,0000000000000000;1,0000000000000000;1,0000000000000000;1,0000000000000000
2021-10-23;60+;61;61,0;61;61;61;61;61;61;61;61;61;61;237;237,0;237,0;237;237;237;237;237;237;237;237;237,0;1,0000000000000000;1,000000000000000;1,000000000000000;1,0000000000000000;1,0000000000000000;1,0000000000000000;1,0000000000000000;1,0000000000000000;1,0000000000000000;1,0000000000000000;1,0000000000000000
2021-10-23;alle;75;75,0;75;75;75;75;75;75;75;75;75;75;327;327,0;327,0;327;327;327;327;327;327;327;327;327,0;NA;NA;NA;NA;NA;NA;NA;NA;NA;NA;NA
2021-10-22;0-60;18;18,0;18;18;18;18;18;18;18;18;18;18;83;83,0;83,0;83;83;83;83;83;83;83;83;83,0;1,0000000000000000;1,000000000000000;1,000000000000000;1,0000000000000000;1,0000000000000000;1,0000000000000000;1,0000000000000000;1,0000000000000000;1,0000000000000000;1,0000000000000000;1,0000000000000000
2021-10-22;60+;49;49,0;49;49;49;49;49;49;49;49;49;49;196;196,0;196,0;196;196;196;196;196;196;196;196;196,0;1,0000000000000000;1,000000000000000;1,000000000000000;1,0000000000000000;1,0000000000000000;1,0000000000000000;1,0000000000000000;1,0000000000000000;1,0000000000000000;1,0000000000000000;1,0000000000000000
2021-10-22;alle;67;67,0;67;67;67;67;67;67;67;67;67;67;279;279,0;279,0;279;279;279;279;279;279;279;279;279,0;NA;NA;NA;NA;NA;NA;NA;NA;NA;NA;NA
2021-10-21;0-60;12;12,0;12;12;12;12;12;12;12;12;12;12;75;75,0;75,0;75;75;75;75;75;75;75;75;75,0;1,0000000000000000;1,000000000000000;1,000000000000000;1,0000000000000000;1,0000000000000000;1,0000000000000000;1,0000000000000000;1,0000000000000000;1,0000000000000000;1,0000000000000000;1,0000000000000000
2021-10-21;60+;42;42,0;42;42;42;42;42;42;42;42;42;42;164;164,0;164,0;164;164;164;164;164;164;164;164;164,0;1,0000000000000000;1,000000000000000;1,000000000000000;1,0000000000000000;1,0000000000000000;1,0000000000000000;1,0000000000000000;1,0000000000000000;1,0000000000000000;1,0000000000000000;1,0000000000000000
2021-10-21;alle;54;54,0;54;54;54;54;54;54;54;54;54;54;239;239,0;239,0;239;239;239;239;239;239;239;239;239,0;NA;NA;NA;NA;NA;NA;NA;NA;NA;NA;NA
2021-10-20;0-60;14;14,0;14;14;14;14;14;14;14;14;14;14;72;72,0;72,0;72;72;72;72;72;72;72;72;72,0;1,0000000000000000;1,000000000000000;1,000000000000000;1,0000000000000000;1,0000000000000000;1,0000000000000000;1,0000000000000000;1,0000000000000000;1,0000000000000000;1,0000000000000000;1,0000000000000000
2021-10-20;60+;34;34,0;34;34;34;34;34;34;34;34;34;34;148;148,0;148,0;148;148;148;148;148;148;148;148;148,0;1,0000000000000000;1,000000000000000;1,000000000000000;1,0000000000000000;1,0000000000000000;1,0000000000000000;1,0000000000000000;1,0000000000000000;1,0000000000000000;1,0000000000000000;1,0000000000000000
2021-10-20;alle;48;48,0;48;48;48;48;48;48;48;48;48;48;220;220,0;220,0;220;220;220;220;220;220;220;220;220,0;NA;NA;NA;NA;NA;NA;NA;NA;NA;NA;NA
2021-10-19;0-60;23;23,0;23;23;23;23;23;23;23;23;23;23;67;67,0;67,0;67;67;67;67;67;67;67;67;67,0;1,0000000000000000;1,000000000000000;1,000000000000000;1,0000000000000000;1,0000000000000000;1,0000000000000000;1,0000000000000000;1,0000000000000000;1,0000000000000000;1,0000000000000000;1,0000000000000000
2021-10-19;60+;31;31,0;31;31;31;31;31;31;31;31;31;31;142;142,0;142,0;142;142;142;142;142;142;142;142;142,0;1,0000000000000000;1,000000000000000;1,000000000000000;1,0000000000000000;1,0000000000000000;1,0000000000000000;1,0000000000000000;1,0000000000000000;1,0000000000000000;1,0000000000000000;1,0000000000000000
2021-10-19;alle;54;54,0;54;54;54;54;54;54;54;54;54;54;209;209,0;209,0;209;209;209;209;209;209;209;209;209,0;NA;NA;NA;NA;NA;NA;NA;NA;NA;NA;NA
2021-10-18;0-60;2;2,0;2;2;2;2;2;2;2;2;2;2;59;59,0;59,0;59;59;59;59;59;59;59;59;59,0;1,0000000000000000;1,000000000000000;1,000000000000000;1,0000000000000000;1,0000000000000000;1,0000000000000000;1,0000000000000000;1,0000000000000000;1,0000000000000000;1,0000000000000000;1,0000000000000000
2021-10-18;60+;10;10,0;10;10;10;10;10;10;10;10;10;10;142;142,0;142,0;142;142;142;142;142;142;142;142;142,0;1,0000000000000000;1,000000000000000;1,000000000000000;1,0000000000000000;1,0000000000000000;1,0000000000000000;1,0000000000000000;1,0000000000000000;1,0000000000000000;1,0000000000000000;1,0000000000000000
2021-10-18;alle;12;12,0;12;12;12;12;12;12;12;12;12;12;201;201,0;201,0;201;201;201;201;201;201;201;201;201,0;NA;NA;NA;NA;NA;NA;NA;NA;NA;NA;NA
2021-10-17;0-60;7;7,0;7;7;7;7;7;7;7;7;7;7;59;59,0;59,0;59;59;59;59;59;59;59;59;59,0;1,0000000000000000;1,000000000000000;1,000000000000000;1,0000000000000000;1,0000000000000000;1,0000000000000000;1,0000000000000000;1,0000000000000000;1,0000000000000000;1,0000000000000000;1,0000000000000000
2021-10-17;60+;10;10,0;10;10;10;10;10;10;10;10;10;10;139;139,0;139,0;139;139;139;139;139;139;139;139;139,0;1,0000000000000000;1,000000000000000;1,000000000000000;1,0000000000000000;1,0000000000000000;1,0000000000000000;1,0000000000000000;1,0000000000000000;1,0000000000000000;1,0000000000000000;1,0000000000000000
2021-10-17;alle;17;17,0;17;17;17;17;17;17;17;17;17;17;198;198,0;198,0;198;198;198;198;198;198;198;198;198,0;NA;NA;NA;NA;NA;NA;NA;NA;NA;NA;NA
2021-10-16;0-60;7;7,0;7;7;7;7;7;7;7;7;7;7;58;58,0;58,0;58;58;58;58;58;58;58;58;58,0;1,0000000000000000;1,000000000000000;1,000000000000000;1,0000000000000000;1,0000000000000000;1,0000000000000000;1,0000000000000000;1,0000000000000000;1,0000000000000000;1,0000000000000000;1,0000000000000000
2021-10-16;60+;20;20,0;20;20;20;20;20;20;20;20;20;20;141;141,0;141,0;141;141;141;141;141;141;141;141;141,0;1,0000000000000000;1,000000000000000;1,000000000000000;1,0000000000000000;1,0000000000000000;1,0000000000000000;1,0000000000000000;1,0000000000000000;1,0000000000000000;1,0000000000000000;1,0000000000000000
2021-10-16;alle;27;27,0;27;27;27;27;27;27;27;27;27;27;199;199,0;199,0;199;199;199;199;199;199;199;199;199,0;NA;NA;NA;NA;NA;NA;NA;NA;NA;NA;NA
2021-10-15;0-60;10;10,0;10;10;10;10;10;10;10;10;10;10;64;64,0;64,0;64;64;64;64;64;64;64;64;64,0;1,0000000000000000;1,000000000000000;1,000000000000000;1,0000000000000000;1,0000000000000000;1,0000000000000000;1,0000000000000000;1,0000000000000000;1,0000000000000000;1,0000000000000000;1,0000000000000000
2021-10-15;60+;17;17,0;17;17;17;17;17;17;17;17;17;17;132;132,0;132,0;132;132;132;132;132;132;132;132;132,0;1,0000000000000000;1,000000000000000;1,000000000000000;1,0000000000000000;1,0000000000000000;1,0000000000000000;1,0000000000000000;1,0000000000000000;1,0000000000000000;1,0000000000000000;1,0000000000000000
2021-10-15;alle;27;27,0;27;27;27;27;27;27;27;27;27;27;196;196,0;196,0;196;196;196;196;196;196;196;196;196,0;NA;NA;NA;NA;NA;NA;NA;NA;NA;NA;NA
2021-10-14;0-60;9;9,0;9;9;9;9;9;9;9;9;9;9;66;66,0;66,0;66;66;66;66;66;66;66;66;66,0;1,0000000000000000;1,000000000000000;1,000000000000000;1,0000000000000000;1,0000000000000000;1,0000000000000000;1,0000000000000000;1,0000000000000000;1,0000000000000000;1,0000000000000000;1,0000000000000000
2021-10-14;60+;26;26,0;26;26;26;26;26;26;26;26;26;26;128;128,0;128,0;128;128;128;128;128;128;128;128;128,0;1,0000000000000000;1,000000000000000;1,000000000000000;1,0000000000000000;1,0000000000000000;1,0000000000000000;1,0000000000000000;1,0000000000000000;1,0000000000000000;1,0000000000000000;1,0000000000000000
2021-10-14;alle;35;35,0;35;35;35;35;35;35;35;35;35;35;194;194,0;194,0;194;194;194;194;194;194;194;194;194,0;NA;NA;NA;NA;NA;NA;NA;NA;NA;NA;NA
2021-10-13;0-60;9;9,0;9;9;9;9;9;9;9;9;9;9;68;68,0;68,0;68;68;68;68;68;68;68;68;68,0;1,0000000000000000;1,000000000000000;1,000000000000000;1,0000000000000000;1,0000000000000000;1,0000000000000000;1,0000000000000000;1,0000000000000000;1,0000000000000000;1,0000000000000000;1,0000000000000000
2021-10-13;60+;28;28,0;28;28;28;28;28;28;28;28;28;28;124;124,0;124,0;124;124;124;124;124;124;124;124;124,0;1,0000000000000000;1,000000000000000;1,000000000000000;1,0000000000000000;1,0000000000000000;1,0000000000000000;1,0000000000000000;1,0000000000000000;1,0000000000000000;1,0000000000000000;1,0000000000000000
2021-10-13;alle;37;37,0;37;37;37;37;37;37;37;37;37;37;192;192,0;192,0;192;192;192;192;192;192;192;192;192,0;NA;NA;NA;NA;NA;NA;NA;NA;NA;NA;NA
2021-10-12;0-60;15;15,0;15;15;15;15;15;15;15;15;15;15;68;68,0;68,0;68;68;68;68;68;68;68;68;68,0;1,0000000000000000;1,000000000000000;1,000000000000000;1,0000000000000000;1,0000000000000000;1,0000000000000000;1,0000000000000000;1,0000000000000000;1,0000000000000000;1,0000000000000000;1,0000000000000000
2021-10-12;60+;31;31,0;31;31;31;31;31;31;31;31;31;31;118;118,0;118,0;118;118;118;118;118;118;118;118;118,0;1,0000000000000000;1,000000000000000;1,000000000000000;1,0000000000000000;1,0000000000000000;1,0000000000000000;1,0000000000000000;1,0000000000000000;1,0000000000000000;1,0000000000000000;1,0000000000000000
2021-10-12;alle;46;46,0;46;46;46;46;46;46;46;46;46;46;186;186,0;186,0;186;186;186;186;186;186;186;186;186,0;NA;NA;NA;NA;NA;NA;NA;NA;NA;NA;NA
2021-10-11;0-60;2;2,0;2;2;2;2;2;2;2;2;2;2;57;57,0;57,0;57;57;57;57;57;57;57;57;57,0;1,0000000000000000;1,000000000000000;1,000000000000000;1,0000000000000000;1,0000000000000000;1,0000000000000000;1,0000000000000000;1,0000000000000000;1,0000000000000000;1,0000000000000000;1,0000000000000000
2021-10-11;60+;7;7,0;7;7;7;7;7;7;7;7;7;7;97;97,0;97,0;97;97;97;97;97;97;97;97;97,0;1,0000000000000000;1,000000000000000;1,000000000000000;1,0000000000000000;1,0000000000000000;1,0000000000000000;1,0000000000000000;1,0000000000000000;1,0000000000000000;1,0000000000000000;1,0000000000000000
2021-10-11;alle;9;9,0;9;9;9;9;9;9;9;9;9;9;154;154,0;154,0;154;154;154;154;154;154;154;154;154,0;NA;NA;NA;NA;NA;NA;NA;NA;NA;NA;NA
2021-10-10;0-60;6;6,0;6;6;6;6;6;6;6;6;6;6;58;58,0;58,0;58;58;58;58;58;58;58;58;58,0;1,0000000000000000;1,000000000000000;1,000000000000000;1,0000000000000000;1,0000000000000000;1,0000000000000000;1,0000000000000000;1,0000000000000000;1,0000000000000000;1,0000000000000000;1,0000000000000000
2021-10-10;60+;12;12,0;12;12;12;12;12;12;12;12;12;12;91;91,0;91,0;91;91;91;91;91;91;91;91;91,0;1,0000000000000000;1,000000000000000;1,000000000000000;1,0000000000000000;1,0000000000000000;1,0000000000000000;1,0000000000000000;1,0000000000000000;1,0000000000000000;1,0000000000000000;1,0000000000000000
2021-10-10;alle;18;18,0;18;18;18;18;18;18;18;18;18;18;149;149,0;149,0;149;149;149;149;149;149;149;149;149,0;NA;NA;NA;NA;NA;NA;NA;NA;NA;NA;NA
2021-10-09;0-60;13;13,0;13;13;13;13;13;13;13;13;13;13;55;55,0;55,0;55;55;55;55;55;55;55;55;55,0;1,0000000000000000;1,000000000000000;1,000000000000000;1,0000000000000000;1,0000000000000000;1,0000000000000000;1,0000000000000000;1,0000000000000000;1,0000000000000000;1,0000000000000000;1,0000000000000000
2021-10-09;60+;11;11,0;11;11;11;11;11;11;11;11;11;11;88;88,0;88,0;88;88;88;88;88;88;88;88;88,0;1,0000000000000000;1,000000000000000;1,000000000000000;1,0000000000000000;1,0000000000000000;1,0000000000000000;1,0000000000000000;1,0000000000000000;1,0000000000000000;1,0000000000000000;1,0000000000000000
2021-10-09;alle;24;24,0;24;24;24;24;24;24;24;24;24;24;143;143,0;143,0;143;143;143;143;143;143;143;143;143,0;NA;NA;NA;NA;NA;NA;NA;NA;NA;NA;NA
2021-10-08;0-60;12;12,0;12;12;12;12;12;12;12;12;12;12;48;48,0;48,0;48;48;48;48;48;48;48;48;48,0;1,0000000000000000;1,000000000000000;1,000000000000000;1,0000000000000000;1,0000000000000000;1,0000000000000000;1,0000000000000000;1,0000000000000000;1,0000000000000000;1,0000000000000000;1,0000000000000000
2021-10-08;60+;13;13,0;13;13;13;13;13;13;13;13;13;13;89;89,0;89,0;89;89;89;89;89;89;89;89;89,0;1,0000000000000000;1,000000000000000;1,000000000000000;1,0000000000000000;1,0000000000000000;1,0000000000000000;1,0000000000000000;1,0000000000000000;1,0000000000000000;1,0000000000000000;1,0000000000000000
2021-10-08;alle;25;25,0;25;25;25;25;25;25;25;25;25;25;137;137,0;137,0;137;137;137;137;137;137;137;137;137,0;NA;NA;NA;NA;NA;NA;NA;NA;NA;NA;NA
2021-10-07;0-60;11;11,0;11;11;11;11;11;11;11;11;11;11;43;43,0;43,0;43;43;43;43;43;43;43;43;43,0;1,0000000000000000;1,000000000000000;1,000000000000000;1,0000000000000000;1,0000000000000000;1,0000000000000000;1,0000000000000000;1,0000000000000000;1,0000000000000000;1,0000000000000000;1,0000000000000000
2021-10-07;60+;22;22,0;22;22;22;22;22;22;22;22;22;22;87;87,0;87,0;87;87;87;87;87;87;87;87;87,0;1,0000000000000000;1,000000000000000;1,000000000000000;1,0000000000000000;1,0000000000000000;1,0000000000000000;1,0000000000000000;1,0000000000000000;1,0000000000000000;1,0000000000000000;1,0000000000000000
2021-10-07;alle;33;33,0;33;33;33;33;33;33;33;33;33;33;130;130,0;130,0;130;130;130;130;130;130;130;130;130,0;NA;NA;NA;NA;NA;NA;NA;NA;NA;NA;NA
2021-10-06;0-60;9;9,0;9;9;9;9;9;9;9;9;9;9;40;40,0;40,0;40;40;40;40;40;40;40;40;40,0;1,0000000000000000;1,000000000000000;1,000000000000000;1,0000000000000000;1,0000000000000000;1,0000000000000000;1,0000000000000000;1,0000000000000000;1,0000000000000000;1,0000000000000000;1,0000000000000000
2021-10-06;60+;22;22,0;22;22;22;22;22;22;22;22;22;22;74;74,0;74,0;74;74;74;74;74;74;74;74;74,0;1,0000000000000000;1,000000000000000;1,000000000000000;1,0000000000000000;1,0000000000000000;1,0000000000000000;1,0000000000000000;1,0000000000000000;1,0000000000000000;1,0000000000000000;1,0000000000000000
2021-10-06;alle;31;31,0;31;31;31;31;31;31;31;31;31;31;114;114,0;114,0;114;114;114;114;114;114;114;114;114,0;NA;NA;NA;NA;NA;NA;NA;NA;NA;NA;NA
2021-10-05;0-60;4;4,0;4;4;4;4;4;4;4;4;4;4;41;41,0;41,0;41;41;41;41;41;41;41;41;41,0;1,0000000000000000;1,000000000000000;1,000000000000000;1,0000000000000000;1,0000000000000000;1,0000000000000000;1,0000000000000000;1,0000000000000000;1,0000000000000000;1,0000000000000000;1,0000000000000000
2021-10-05;60+;10;10,0;10;10;10;10;10;10;10;10;10;10;66;66,0;66,0;66;66;66;66;66;66;66;66;66,0;1,0000000000000000;1,000000000000000;1,000000000000000;1,0000000000000000;1,0000000000000000;1,0000000000000000;1,0000000000000000;1,0000000000000000;1,0000000000000000;1,0000000000000000;1,0000000000000000
2021-10-05;alle;14;14,0;14;14;14;14;14;14;14;14;14;14;107;107,0;107,0;107;107;107;107;107;107;107;107;107,0;NA;NA;NA;NA;NA;NA;NA;NA;NA;NA;NA
2021-10-04;0-60;3;3,0;3;3;3;3;3;3;3;3;3;3;40;40,0;40,0;40;40;40;40;40;40;40;40;40,0;1,0000000000000000;1,000000000000000;1,000000000000000;1,0000000000000000;1,0000000000000000;1,0000000000000000;1,0000000000000000;1,0000000000000000;1,0000000000000000;1,0000000000000000;1,0000000000000000
2021-10-04;60+;1;1,0;1;1;1;1;1;1;1;1;1;1;61;61,0;61,0;61;61;61;61;61;61;61;61;61,0;1,0000000000000000;1,000000000000000;1,000000000000000;1,0000000000000000;1,0000000000000000;1,0000000000000000;1,0000000000000000;1,0000000000000000;1,0000000000000000;1,0000000000000000;1,0000000000000000
2021-10-04;alle;4;4,0;4;4;4;4;4;4;4;4;4;4;101;101,0;101,0;101;101;101;101;101;101;101;101;101,0;NA;NA;NA;NA;NA;NA;NA;NA;NA;NA;NA
2021-10-03;0-60;3;3,0;3;3;3;3;3;3;3;3;3;3;39;39,0;39,0;39;39;39;39;39;39;39;39;39,0;1,0000000000000000;1,000000000000000;1,000000000000000;1,0000000000000000;1,0000000000000000;1,0000000000000000;1,0000000000000000;1,0000000000000000;1,0000000000000000;1,0000000000000000;1,0000000000000000
2021-10-03;60+;9;9,0;9;9;9;9;9;9;9;9;9;9;63;63,0;63,0;63;63;63;63;63;63;63;63;63,0;1,0000000000000000;1,000000000000000;1,000000000000000;1,0000000000000000;1,0000000000000000;1,0000000000000000;1,0000000000000000;1,0000000000000000;1,0000000000000000;1,0000000000000000;1,0000000000000000
2021-10-03;alle;12;12,0;12;12;12;12;12;12;12;12;12;12;102;102,0;102,0;102;102;102;102;102;102;102;102;102,0;NA;NA;NA;NA;NA;NA;NA;NA;NA;NA;NA
2021-10-02;0-60;6;6,0;6;6;6;6;6;6;6;6;6;6;38;38,0;38,0;38;38;38;38;38;38;38;38;38,0;1,0000000000000000;1,000000000000000;1,000000000000000;1,0000000000000000;1,0000000000000000;1,0000000000000000;1,0000000000000000;1,0000000000000000;1,0000000000000000;1,0000000000000000;1,0000000000000000
2021-10-02;60+;12;12,0;12;12;12;12;12;12;12;12;12;12;60;60,0;60,0;60;60;60;60;60;60;60;60;60,0;1,0000000000000000;1,000000000000000;1,000000000000000;1,0000000000000000;1,0000000000000000;1,0000000000000000;1,0000000000000000;1,0000000000000000;1,0000000000000000;1,0000000000000000;1,0000000000000000
2021-10-02;alle;18;18,0;18;18;18;18;18;18;18;18;18;18;98;98,0;98,0;98;98;98;98;98;98;98;98;98,0;NA;NA;NA;NA;NA;NA;NA;NA;NA;NA;NA
2021-10-01;0-60;7;7,0;7;7;7;7;7;7;7;7;7;7;38;38,0;38,0;38;38;38;38;38;38;38;38;38,0;1,0000000000000000;1,000000000000000;1,000000000000000;1,0000000000000000;1,0000000000000000;1,0000000000000000;1,0000000000000000;1,0000000000000000;1,0000000000000000;1,0000000000000000;1,0000000000000000
2021-10-01;60+;11;11,0;11;11;11;11;11;11;11;11;11;11;52;52,0;52,0;52;52;52;52;52;52;52;52;52,0;1,0000000000000000;1,000000000000000;1,000000000000000;1,0000000000000000;1,0000000000000000;1,0000000000000000;1,0000000000000000;1,0000000000000000;1,0000000000000000;1,0000000000000000;1,0000000000000000
2021-10-01;alle;18;18,0;18;18;18;18;18;18;18;18;18;18;90;90,0;90,0;90;90;90;90;90;90;90;90;90,0;NA;NA;NA;NA;NA;NA;NA;NA;NA;NA;NA
2021-09-30;0-60;8;8,0;8;8;8;8;8;8;8;8;8;8;33;33,0;33,0;33;33;33;33;33;33;33;33;33,0;1,0000000000000000;1,000000000000000;1,000000000000000;1,0000000000000000;1,0000000000000000;1,0000000000000000;1,0000000000000000;1,0000000000000000;1,0000000000000000;1,0000000000000000;1,0000000000000000
2021-09-30;60+;9;9,0;9;9;9;9;9;9;9;9;9;9;47;47,0;47,0;47;47;47;47;47;47;47;47;47,0;1,0000000000000000;1,000000000000000;1,000000000000000;1,0000000000000000;1,0000000000000000;1,0000000000000000;1,0000000000000000;1,0000000000000000;1,0000000000000000;1,0000000000000000;1,0000000000000000
2021-09-30;alle;17;17,0;17;17;17;17;17;17;17;17;17;17;80;80,0;80,0;80;80;80;80;80;80;80;80;80,0;NA;NA;NA;NA;NA;NA;NA;NA;NA;NA;NA
2021-09-29;0-60;10;10,0;10;10;10;10;10;10;10;10;10;10;29;29,0;29,0;29;29;29;29;29;29;29;29;29,0;1,0000000000000000;1,000000000000000;1,000000000000000;1,0000000000000000;1,0000000000000000;1,0000000000000000;1,0000000000000000;1,0000000000000000;1,0000000000000000;1,0000000000000000;1,0000000000000000
2021-09-29;60+;14;14,0;14;14;14;14;14;14;14;14;14;14;46;46,0;46,0;46;46;46;46;46;46;46;46;46,0;1,0000000000000000;1,000000000000000;1,000000000000000;1,0000000000000000;1,0000000000000000;1,0000000000000000;1,0000000000000000;1,0000000000000000;1,0000000000000000;1,0000000000000000;1,0000000000000000
2021-09-29;alle;24;24,0;24;24;24;24;24;24;24;24;24;24;75;75,0;75,0;75;75;75;75;75;75;75;75;75,0;NA;NA;NA;NA;NA;NA;NA;NA;NA;NA;NA
2021-09-28;0-60;3;3,0;3;3;3;3;3;3;3;3;3;3;24;24,0;24,0;24;24;24;24;24;24;24;24;24,0;1,0000000000000000;1,000000000000000;1,000000000000000;1,0000000000000000;1,0000000000000000;1,0000000000000000;1,0000000000000000;1,0000000000000000;1,0000000000000000;1,0000000000000000;1,0000000000000000
2021-09-28;60+;5;5,0;5;5;5;5;5;5;5;5;5;5;41;41,0;41,0;41;41;41;41;41;41;41;41;41,0;1,0000000000000000;1,000000000000000;1,000000000000000;1,0000000000000000;1,0000000000000000;1,0000000000000000;1,0000000000000000;1,0000000000000000;1,0000000000000000;1,0000000000000000;1,0000000000000000
2021-09-28;alle;8;8,0;8;8;8;8;8;8;8;8;8;8;65;65,0;65,0;65;65;65;65;65;65;65;65;65,0;NA;NA;NA;NA;NA;NA;NA;NA;NA;NA;NA
2021-09-27;0-60;2;2,0;2;2;2;2;2;2;2;2;2;2;27;27,0;27,0;27;27;27;27;27;27;27;27;27,0;1,0000000000000000;1,000000000000000;1,000000000000000;1,0000000000000000;1,0000000000000000;1,0000000000000000;1,0000000000000000;1,0000000000000000;1,0000000000000000;1,0000000000000000;1,0000000000000000
2021-09-27;60+;3;3,0;3;3;3;3;3;3;3;3;3;3;47;47,0;47,0;47;47;47;47;47;47;47;47;47,0;1,0000000000000000;1,000000000000000;1,000000000000000;1,0000000000000000;1,0000000000000000;1,0000000000000000;1,0000000000000000;1,0000000000000000;1,0000000000000000;1,0000000000000000;1,0000000000000000
2021-09-27;alle;5;5,0;5;5;5;5;5;5;5;5;5;5;74;74,0;74,0;74;74;74;74;74;74;74;74;74,0;NA;NA;NA;NA;NA;NA;NA;NA;NA;NA;NA
2021-09-26;0-60;2;2,0;2;2;2;2;2;2;2;2;2;2;27;27,0;27,0;27;27;27;27;27;27;27;27;27,0;1,0000000000000000;1,000000000000000;1,000000000000000;1,0000000000000000;1,0000000000000000;1,0000000000000000;1,0000000000000000;1,0000000000000000;1,0000000000000000;1,0000000000000000;1,0000000000000000
2021-09-26;60+;6;6,0;6;6;6;6;6;6;6;6;6;6;45;45,0;45,0;45;45;45;45;45;45;45;45;45,0;1,0000000000000000;1,000000000000000;1,000000000000000;1,0000000000000000;1,0000000000000000;1,0000000000000000;1,0000000000000000;1,0000000000000000;1,0000000000000000;1,0000000000000000;1,0000000000000000
2021-09-26;alle;8;8,0;8;8;8;8;8;8;8;8;8;8;72;72,0;72,0;72;72;72;72;72;72;72;72;72,0;NA;NA;NA;NA;NA;NA;NA;NA;NA;NA;NA
2021-09-25;0-60;6;6,0;6;6;6;6;6;6;6;6;6;6;29;29,0;29,0;29;29;29;29;29;29;29;29;29,0;1,0000000000000000;1,000000000000000;1,000000000000000;1,0000000000000000;1,0000000000000000;1,0000000000000000;1,0000000000000000;1,0000000000000000;1,0000000000000000;1,0000000000000000;1,0000000000000000
2021-09-25;60+;4;4,0;4;4;4;4;4;4;4;4;4;4;46;46,0;46,0;46;46;46;46;46;46;46;46;46,0;1,0000000000000000;1,000000000000000;1,000000000000000;1,0000000000000000;1,0000000000000000;1,0000000000000000;1,0000000000000000;1,0000000000000000;1,0000000000000000;1,0000000000000000;1,0000000000000000
2021-09-25;alle;10;10,0;10;10;10;10;10;10;10;10;10;10;75;75,0;75,0;75;75;75;75;75;75;75;75;75,0;NA;NA;NA;NA;NA;NA;NA;NA;NA;NA;NA
2021-09-24;0-60;2;2,0;2;2;2;2;2;2;2;2;2;2;34;34,0;34,0;34;34;34;34;34;34;34;34;34,0;1,0000000000000000;1,000000000000000;1,000000000000000;1,0000000000000000;1,0000000000000000;1,0000000000000000;1,0000000000000000;1,0000000000000000;1,0000000000000000;1,0000000000000000;1,0000000000000000
2021-09-24;60+;6;6,0;6;6;6;6;6;6;6;6;6;6;49;49,0;49,0;49;49;49;49;49;49;49;49;49,0;1,0000000000000000;1,000000000000000;1,000000000000000;1,0000000000000000;1,0000000000000000;1,0000000000000000;1,0000000000000000;1,0000000000000000;1,0000000000000000;1,0000000000000000;1,0000000000000000
2021-09-24;alle;8;8,0;8;8;8;8;8;8;8;8;8;8;83;83,0;83,0;83;83;83;83;83;83;83;83;83,0;NA;NA;NA;NA;NA;NA;NA;NA;NA;NA;NA
2021-09-23;0-60;4;4,0;4;4;4;4;4;4;4;4;4;4;38;38,0;38,0;38;38;38;38;38;38;38;38;38,0;1,0000000000000000;1,000000000000000;1,000000000000000;1,0000000000000000;1,0000000000000000;1,0000000000000000;1,0000000000000000;1,0000000000000000;1,0000000000000000;1,0000000000000000;1,0000000000000000
2021-09-23;60+;8;8,0;8;8;8;8;8;8;8;8;8;8;47;47,0;47,0;47;47;47;47;47;47;47;47;47,0;1,0000000000000000;1,000000000000000;1,000000000000000;1,0000000000000000;1,0000000000000000;1,0000000000000000;1,0000000000000000;1,0000000000000000;1,0000000000000000;1,0000000000000000;1,0000000000000000
2021-09-23;alle;12;12,0;12;12;12;12;12;12;12;12;12;12;85;85,0;85,0;85;85;85;85;85;85;85;85;85,0;NA;NA;NA;NA;NA;NA;NA;NA;NA;NA;NA
2021-09-22;0-60;5;5,0;5;5;5;5;5;5;5;5;5;5;40;40,0;40,0;40;40;40;40;40;40;40;40;40,0;1,0000000000000000;1,000000000000000;1,000000000000000;1,0000000000000000;1,0000000000000000;1,0000000000000000;1,0000000000000000;1,0000000000000000;1,0000000000000000;1,0000000000000000;1,0000000000000000
2021-09-22;60+;9;9,0;9;9;9;9;9;9;9;9;9;9;46;46,0;46,0;46;46;46;46;46;46;46;46;46,0;1,0000000000000000;1,000000000000000;1,000000000000000;1,0000000000000000;1,0000000000000000;1,0000000000000000;1,0000000000000000;1,0000000000000000;1,0000000000000000;1,0000000000000000;1,0000000000000000
2021-09-22;alle;14;14,0;14;14;14;14;14;14;14;14;14;14;86;86,0;86,0;86;86;86;86;86;86;86;86;86,0;NA;NA;NA;NA;NA;NA;NA;NA;NA;NA;NA
2021-09-21;0-60;6;6,0;6;6;6;6;6;6;6;6;6;6;45;45,0;45,0;45;45;45;45;45;45;45;45;45,0;1,0000000000000000;1,000000000000000;1,000000000000000;1,0000000000000000;1,0000000000000000;1,0000000000000000;1,0000000000000000;1,0000000000000000;1,0000000000000000;1,0000000000000000;1,0000000000000000
2021-09-21;60+;11;11,0;11;11;11;11;11;11;11;11;11;11;49;49,0;49,0;49;49;49;49;49;49;49;49;49,0;1,0000000000000000;1,000000000000000;1,000000000000000;1,0000000000000000;1,0000000000000000;1,0000000000000000;1,0000000000000000;1,0000000000000000;1,0000000000000000;1,0000000000000000;1,0000000000000000
2021-09-21;alle;17;17,0;17;17;17;17;17;17;17;17;17;17;94;94,0;94,0;94;94;94;94;94;94;94;94;94,0;NA;NA;NA;NA;NA;NA;NA;NA;NA;NA;NA
2021-09-20;0-60;2;2,0;2;2;2;2;2;2;2;2;2;2;42;42,0;42,0;42;42;42;42;42;42;42;42;42,0;1,0000000000000000;1,000000000000000;1,000000000000000;1,0000000000000000;1,0000000000000000;1,0000000000000000;1,0000000000000000;1,0000000000000000;1,0000000000000000;1,0000000000000000;1,0000000000000000
2021-09-20;60+;1;1,0;1;1;1;1;1;1;1;1;1;1;42;42,0;42,0;42;42;42;42;42;42;42;42;42,0;1,0000000000000000;1,000000000000000;1,000000000000000;1,0000000000000000;1,0000000000000000;1,0000000000000000;1,0000000000000000;1,0000000000000000;1,0000000000000000;1,0000000000000000;1,0000000000000000
2021-09-20;alle;3;3,0;3;3;3;3;3;3;3;3;3;3;84;84,0;84,0;84;84;84;84;84;84;84;84;84,0;NA;NA;NA;NA;NA;NA;NA;NA;NA;NA;NA
2021-09-19;0-60;4;4,0;4;4;4;4;4;4;4;4;4;4;42;42,0;42,0;42;42;42;42;42;42;42;42;42,0;1,0000000000000000;1,000000000000000;1,000000000000000;1,0000000000000000;1,0000000000000000;1,0000000000000000;1,0000000000000000;1,0000000000000000;1,0000000000000000;1,0000000000000000;1,0000000000000000
2021-09-19;60+;7;7,0;7;7;7;7;7;7;7;7;7;7;42;42,0;42,0;42;42;42;42;42;42;42;42;42,0;1,0000000000000000;1,000000000000000;1,000000000000000;1,0000000000000000;1,0000000000000000;1,0000000000000000;1,0000000000000000;1,0000000000000000;1,0000000000000000;1,0000000000000000;1,0000000000000000
2021-09-19;alle;11;11,0;11;11;11;11;11;11;11;11;11;11;84;84,0;84,0;84;84;84;84;84;84;84;84;84,0;NA;NA;NA;NA;NA;NA;NA;NA;NA;NA;NA
2021-09-18;0-60;11;11,0;11;11;11;11;11;11;11;11;11;11;41;41,0;41,0;41;41;41;41;41;41;41;41;41,0;1,0000000000000000;1,000000000000000;1,000000000000000;1,0000000000000000;1,0000000000000000;1,0000000000000000;1,0000000000000000;1,0000000000000000;1,0000000000000000;1,0000000000000000;1,0000000000000000
2021-09-18;60+;7;7,0;7;7;7;7;7;7;7;7;7;7;38;38,0;38,0;38;38;38;38;38;38;38;38;38,0;1,0000000000000000;1,000000000000000;1,000000000000000;1,0000000000000000;1,0000000000000000;1,0000000000000000;1,0000000000000000;1,0000000000000000;1,0000000000000000;1,0000000000000000;1,0000000000000000
2021-09-18;alle;18;18,0;18;18;18;18;18;18;18;18;18;18;79;79,0;79,0;79;79;79;79;79;79;79;79;79,0;NA;NA;NA;NA;NA;NA;NA;NA;NA;NA;NA
2021-09-17;0-60;6;6,0;6;6;6;6;6;6;6;6;6;6;38;38,0;38,0;38;38;38;38;38;38;38;38;38,0;1,0000000000000000;1,000000000000000;1,000000000000000;1,0000000000000000;1,0000000000000000;1,0000000000000000;1,0000000000000000;1,0000000000000000;1,0000000000000000;1,0000000000000000;1,0000000000000000
2021-09-17;60+;4;4,0;4;4;4;4;4;4;4;4;4;4;38;38,0;38,0;38;38;38;38;38;38;38;38;38,0;1,0000000000000000;1,000000000000000;1,000000000000000;1,0000000000000000;1,0000000000000000;1,0000000000000000;1,0000000000000000;1,0000000000000000;1,0000000000000000;1,0000000000000000;1,0000000000000000
2021-09-17;alle;10;10,0;10;10;10;10;10;10;10;10;10;10;76;76,0;76,0;76;76;76;76;76;76;76;76;76,0;NA;NA;NA;NA;NA;NA;NA;NA;NA;NA;NA
2021-09-16;0-60;6;6,0;6;6;6;6;6;6;6;6;6;6;37;37,0;37,0;37;37;37;37;37;37;37;37;37,0;1,0000000000000000;1,000000000000000;1,000000000000000;1,0000000000000000;1,0000000000000000;1,0000000000000000;1,0000000000000000;1,0000000000000000;1,0000000000000000;1,0000000000000000;1,0000000000000000
2021-09-16;60+;7;7,0;7;7;7;7;7;7;7;7;7;7;37;37,0;37,0;37;37;37;37;37;37;37;37;37,0;1,0000000000000000;1,000000000000000;1,000000000000000;1,0000000000000000;1,0000000000000000;1,0000000000000000;1,0000000000000000;1,0000000000000000;1,0000000000000000;1,0000000000000000;1,0000000000000000
2021-09-16;alle;13;13,0;13;13;13;13;13;13;13;13;13;13;74;74,0;74,0;74;74;74;74;74;74;74;74;74,0;NA;NA;NA;NA;NA;NA;NA;NA;NA;NA;NA
2021-09-15;0-60;10;10,0;10;10;10;10;10;10;10;10;10;10;39;39,0;39,0;39;39;39;39;39;39;39;39;39,0;1,0000000000000000;1,000000000000000;1,000000000000000;1,0000000000000000;1,0000000000000000;1,0000000000000000;1,0000000000000000;1,0000000000000000;1,0000000000000000;1,0000000000000000;1,0000000000000000
2021-09-15;60+;12;12,0;12;12;12;12;12;12;12;12;12;12;34;34,0;34,0;34;34;34;34;34;34;34;34;34,0;1,0000000000000000;1,000000000000000;1,000000000000000;1,0000000000000000;1,0000000000000000;1,0000000000000000;1,0000000000000000;1,0000000000000000;1,0000000000000000;1,0000000000000000;1,0000000000000000
2021-09-15;alle;22;22,0;22;22;22;22;22;22;22;22;22;22;73;73,0;73,0;73;73;73;73;73;73;73;73;73,0;NA;NA;NA;NA;NA;NA;NA;NA;NA;NA;NA
2021-09-14;0-60;3;3,0;3;3;3;3;3;3;3;3;3;3;31;31,0;31,0;31;31;31;31;31;31;31;31;31,0;1,0000000000000000;1,000000000000000;1,000000000000000;1,0000000000000000;1,0000000000000000;1,0000000000000000;1,0000000000000000;1,0000000000000000;1,0000000000000000;1,0000000000000000;1,0000000000000000
2021-09-14;60+;4;4,0;4;4;4;4;4;4;4;4;4;4;31;31,0;31,0;31;31;31;31;31;31;31;31;31,0;1,0000000000000000;1,000000000000000;1,000000000000000;1,0000000000000000;1,0000000000000000;1,0000000000000000;1,0000000000000000;1,0000000000000000;1,0000000000000000;1,0000000000000000;1,0000000000000000
2021-09-14;alle;7;7,0;7;7;7;7;7;7;7;7;7;7;62;62,0;62,0;62;62;62;62;62;62;62;62;62,0;NA;NA;NA;NA;NA;NA;NA;NA;NA;NA;NA
2021-09-13;0-60;2;2,0;2;2;2;2;2;2;2;2;2;2;34;34,0;34,0;34;34;34;34;34;34;34;34;34,0;1,0000000000000000;1,000000000000000;1,000000000000000;1,0000000000000000;1,0000000000000000;1,0000000000000000;1,0000000000000000;1,0000000000000000;1,0000000000000000;1,0000000000000000;1,0000000000000000
2021-09-13;60+;1;1,0;1;1;1;1;1;1;1;1;1;1;33;33,0;33,0;33;33;33;33;33;33;33;33;33,0;1,0000000000000000;1,000000000000000;1,000000000000000;1,0000000000000000;1,0000000000000000;1,0000000000000000;1,0000000000000000;1,0000000000000000;1,0000000000000000;1,0000000000000000;1,0000000000000000
2021-09-13;alle;3;3,0;3;3;3;3;3;3;3;3;3;3;67;67,0;67,0;67;67;67;67;67;67;67;67;67,0;NA;NA;NA;NA;NA;NA;NA;NA;NA;NA;NA
2021-09-12;0-60;3;3,0;3;3;3;3;3;3;3;3;3;3;33;33,0;33,0;33;33;33;33;33;33;33;33;33,0;1,0000000000000000;1,000000000000000;1,000000000000000;1,0000000000000000;1,0000000000000000;1,0000000000000000;1,0000000000000000;1,0000000000000000;1,0000000000000000;1,0000000000000000;1,0000000000000000
2021-09-12;60+;3;3,0;3;3;3;3;3;3;3;3;3;3;34;34,0;34,0;34;34;34;34;34;34;34;34;34,0;1,0000000000000000;1,000000000000000;1,000000000000000;1,0000000000000000;1,0000000000000000;1,0000000000000000;1,0000000000000000;1,0000000000000000;1,0000000000000000;1,0000000000000000;1,0000000000000000
2021-09-12;alle;6;6,0;6;6;6;6;6;6;6;6;6;6;67;67,0;67,0;67;67;67;67;67;67;67;67;67,0;NA;NA;NA;NA;NA;NA;NA;NA;NA;NA;NA
2021-09-11;0-60;8;8,0;8;8;8;8;8;8;8;8;8;8;34;34,0;34,0;34;34;34;34;34;34;34;34;34,0;1,0000000000000000;1,000000000000000;1,000000000000000;1,0000000000000000;1,0000000000000000;1,0000000000000000;1,0000000000000000;1,0000000000000000;1,0000000000000000;1,0000000000000000;1,0000000000000000
2021-09-11;60+;7;7,0;7;7;7;7;7;7;7;7;7;7;33;33,0;33,0;33;33;33;33;33;33;33;33;33,0;1,0000000000000000;1,000000000000000;1,000000000000000;1,0000000000000000;1,0000000000000000;1,0000000000000000;1,0000000000000000;1,0000000000000000;1,0000000000000000;1,0000000000000000;1,0000000000000000
2021-09-11;alle;15;15,0;15;15;15;15;15;15;15;15;15;15;67;67,0;67,0;67;67;67;67;67;67;67;67;67,0;NA;NA;NA;NA;NA;NA;NA;NA;NA;NA;NA
2021-09-10;0-60;5;5,0;5;5;5;5;5;5;5;5;5;5;32;32,0;32,0;32;32;32;32;32;32;32;32;32,0;1,0000000000000000;1,000000000000000;1,000000000000000;1,0000000000000000;1,0000000000000000;1,0000000000000000;1,0000000000000000;1,0000000000000000;1,0000000000000000;1,0000000000000000;1,0000000000000000
2021-09-10;60+;3;3,0;3;3;3;3;3;3;3;3;3;3;32;32,0;32,0;32;32;32;32;32;32;32;32;32,0;1,0000000000000000;1,000000000000000;1,000000000000000;1,0000000000000000;1,0000000000000000;1,0000000000000000;1,0000000000000000;1,0000000000000000;1,0000000000000000;1,0000000000000000;1,0000000000000000
2021-09-10;alle;8;8,0;8;8;8;8;8;8;8;8;8;8;64;64,0;64,0;64;64;64;64;64;64;64;64;64,0;NA;NA;NA;NA;NA;NA;NA;NA;NA;NA;NA
2021-09-09;0-60;8;8,0;8;8;8;8;8;8;8;8;8;8;31;31,0;31,0;31;31;31;31;31;31;31;31;31,0;1,0000000000000000;1,000000000000000;1,000000000000000;1,0000000000000000;1,0000000000000000;1,0000000000000000;1,0000000000000000;1,0000000000000000;1,0000000000000000;1,0000000000000000;1,0000000000000000
2021-09-09;60+;4;4,0;4;4;4;4;4;4;4;4;4;4;33;33,0;33,0;33;33;33;33;33;33;33;33;33,0;1,0000000000000000;1,000000000000000;1,000000000000000;1,0000000000000000;1,0000000000000000;1,0000000000000000;1,0000000000000000;1,0000000000000000;1,0000000000000000;1,0000000000000000;1,0000000000000000
2021-09-09;alle;12;12,0;12;12;12;12;12;12;12;12;12;12;64;64,0;64,0;64;64;64;64;64;64;64;64;64,0;NA;NA;NA;NA;NA;NA;NA;NA;NA;NA;NA
2021-09-08;0-60;2;2,0;2;2;2;2;2;2;2;2;2;2;26;26,0;26,0;26;26;26;26;26;26;26;26;26,0;1,0000000000000000;1,000000000000000;1,000000000000000;1,0000000000000000;1,0000000000000000;1,0000000000000000;1,0000000000000000;1,0000000000000000;1,0000000000000000;1,0000000000000000;1,0000000000000000
2021-09-08;60+;9;9,0;9;9;9;9;9;9;9;9;9;9;37;37,0;37,0;37;37;37;37;37;37;37;37;37,0;1,0000000000000000;1,000000000000000;1,000000000000000;1,0000000000000000;1,0000000000000000;1,0000000000000000;1,0000000000000000;1,0000000000000000;1,0000000000000000;1,0000000000000000;1,0000000000000000
2021-09-08;alle;11;11,0;11;11;11;11;11;11;11;11;11;11;63;63,0;63,0;63;63;63;63;63;63;63;63;63,0;NA;NA;NA;NA;NA;NA;NA;NA;NA;NA;NA
2021-09-07;0-60;6;6,0;6;6;6;6;6;6;6;6;6;6;28;28,0;28,0;28;28;28;28;28;28;28;28;28,0;1,0000000000000000;1,000000000000000;1,000000000000000;1,0000000000000000;1,0000000000000000;1,0000000000000000;1,0000000000000000;1,0000000000000000;1,0000000000000000;1,0000000000000000;1,0000000000000000
2021-09-07;60+;6;6,0;6;6;6;6;6;6;6;6;6;6;32;32,0;32,0;32;32;32;32;32;32;32;32;32,0;1,0000000000000000;1,000000000000000;1,000000000000000;1,0000000000000000;1,0000000000000000;1,0000000000000000;1,0000000000000000;1,0000000000000000;1,0000000000000000;1,0000000000000000;1,0000000000000000
2021-09-07;alle;12;12,0;12;12;12;12;12;12;12;12;12;12;60;60,0;60,0;60;60;60;60;60;60;60;60;60,0;NA;NA;NA;NA;NA;NA;NA;NA;NA;NA;NA
2021-09-06;0-60;1;1,0;1;1;1;1;1;1;1;1;1;1;29;29,0;29,0;29;29;29;29;29;29;29;29;29,0;1,0000000000000000;1,000000000000000;1,000000000000000;1,0000000000000000;1,0000000000000000;1,0000000000000000;1,0000000000000000;1,0000000000000000;1,0000000000000000;1,0000000000000000;1,0000000000000000
2021-09-06;60+;2;2,0;2;2;2;2;2;2;2;2;2;2;30;30,0;30,0;30;30;30;30;30;30;30;30;30,0;1,0000000000000000;1,000000000000000;1,000000000000000;1,0000000000000000;1,0000000000000000;1,0000000000000000;1,0000000000000000;1,0000000000000000;1,0000000000000000;1,0000000000000000;1,0000000000000000
2021-09-06;alle;3;3,0;3;3;3;3;3;3;3;3;3;3;59;59,0;59,0;59;59;59;59;59;59;59;59;59,0;NA;NA;NA;NA;NA;NA;NA;NA;NA;NA;NA
2021-09-05;0-60;4;4,0;4;4;4;4;4;4;4;4;4;4;28;28,0;28,0;28;28;28;28;28;28;28;28;28,0;1,0000000000000000;1,000000000000000;1,000000000000000;1,0000000000000000;1,0000000000000000;1,0000000000000000;1,0000000000000000;1,0000000000000000;1,0000000000000000;1,0000000000000000;1,0000000000000000
2021-09-05;60+;2;2,0;2;2;2;2;2;2;2;2;2;2;28;28,0;28,0;28;28;28;28;28;28;28;28;28,0;1,0000000000000000;1,000000000000000;1,000000000000000;1,0000000000000000;1,0000000000000000;1,0000000000000000;1,0000000000000000;1,0000000000000000;1,0000000000000000;1,0000000000000000;1,0000000000000000
2021-09-05;alle;6;6,0;6;6;6;6;6;6;6;6;6;6;56;56,0;56,0;56;56;56;56;56;56;56;56;56,0;NA;NA;NA;NA;NA;NA;NA;NA;NA;NA;NA
2021-09-04;0-60;6;6,0;6;6;6;6;6;6;6;6;6;6;25;25,0;25,0;25;25;25;25;25;25;25;25;25,0;1,0000000000000000;1,000000000000000;1,000000000000000;1,0000000000000000;1,0000000000000000;1,0000000000000000;1,0000000000000000;1,0000000000000000;1,0000000000000000;1,0000000000000000;1,0000000000000000
2021-09-04;60+;6;6,0;6;6;6;6;6;6;6;6;6;6;27;27,0;27,0;27;27;27;27;27;27;27;27;27,0;1,0000000000000000;1,000000000000000;1,000000000000000;1,0000000000000000;1,0000000000000000;1,0000000000000000;1,0000000000000000;1,0000000000000000;1,0000000000000000;1,0000000000000000;1,0000000000000000
2021-09-04;alle;12;12,0;12;12;12;12;12;12;12;12;12;12;52;52,0;52,0;52;52;52;52;52;52;52;52;52,0;NA;NA;NA;NA;NA;NA;NA;NA;NA;NA;NA
2021-09-03;0-60;4;4,0;4;4;4;4;4;4;4;4;4;4;23;23,0;23,0;23;23;23;23;23;23;23;23;23,0;1,0000000000000000;1,000000000000000;1,000000000000000;1,0000000000000000;1,0000000000000000;1,0000000000000000;1,0000000000000000;1,0000000000000000;1,0000000000000000;1,0000000000000000;1,0000000000000000
2021-09-03;60+;4;4,0;4;4;4;4;4;4;4;4;4;4;23;23,0;23,0;23;23;23;23;23;23;23;23;23,0;1,0000000000000000;1,000000000000000;1,000000000000000;1,0000000000000000;1,0000000000000000;1,0000000000000000;1,0000000000000000;1,0000000000000000;1,0000000000000000;1,0000000000000000;1,0000000000000000
2021-09-03;alle;8;8,0;8;8;8;8;8;8;8;8;8;8;46;46,0;46,0;46;46;46;46;46;46;46;46;46,0;NA;NA;NA;NA;NA;NA;NA;NA;NA;NA;NA
2021-09-02;0-60;3;3,0;3;3;3;3;3;3;3;3;3;3;26;26,0;26,0;26;26;26;26;26;26;26;26;26,0;1,0000000000000000;1,000000000000000;1,000000000000000;1,0000000000000000;1,0000000000000000;1,0000000000000000;1,0000000000000000;1,0000000000000000;1,0000000000000000;1,0000000000000000;1,0000000000000000
2021-09-02;60+;8;8,0;8;8;8;8;8;8;8;8;8;8;20;20,0;20,0;20;20;20;20;20;20;20;20;20,0;1,0000000000000000;1,000000000000000;1,000000000000000;1,0000000000000000;1,0000000000000000;1,0000000000000000;1,0000000000000000;1,0000000000000000;1,0000000000000000;1,0000000000000000;1,0000000000000000
2021-09-02;alle;11;11,0;11;11;11;11;11;11;11;11;11;11;46;46,0;46,0;46;46;46;46;46;46;46;46;46,0;NA;NA;NA;NA;NA;NA;NA;NA;NA;NA;NA
2021-09-01;0-60;4;4,0;4;4;4;4;4;4;4;4;4;4;24;24,0;24,0;24;24;24;24;24;24;24;24;24,0;1,0000000000000000;1,000000000000000;1,000000000000000;1,0000000000000000;1,0000000000000000;1,0000000000000000;1,0000000000000000;1,0000000000000000;1,0000000000000000;1,0000000000000000;1,0000000000000000
2021-09-01;60+;4;4,0;4;4;4;4;4;4;4;4;4;4;16;16,0;16,0;16;16;16;16;16;16;16;16;16,0;1,0000000000000000;1,000000000000000;1,000000000000000;1,0000000000000000;1,0000000000000000;1,0000000000000000;1,0000000000000000;1,0000000000000000;1,0000000000000000;1,0000000000000000;1,0000000000000000
2021-09-01;alle;8;8,0;8;8;8;8;8;8;8;8;8;8;40;40,0;40,0;40;40;40;40;40;40;40;40;40,0;NA;NA;NA;NA;NA;NA;NA;NA;NA;NA;NA
2021-08-31;0-60;7;7,0;7;7;7;7;7;7;7;7;7;7;27;27,0;27,0;27;27;27;27;27;27;27;27;27,0;1,0000000000000000;1,000000000000000;1,000000000000000;1,0000000000000000;1,0000000000000000;1,0000000000000000;1,0000000000000000;1,0000000000000000;1,0000000000000000;1,0000000000000000;1,0000000000000000
2021-08-31;60+;4;4,0;4;4;4;4;4;4;4;4;4;4;18;18,0;18,0;18;18;18;18;18;18;18;18;18,0;1,0000000000000000;1,000000000000000;1,000000000000000;1,0000000000000000;1,0000000000000000;1,0000000000000000;1,0000000000000000;1,0000000000000000;1,0000000000000000;1,0000000000000000;1,0000000000000000
2021-08-31;alle;11;11,0;11;11;11;11;11;11;11;11;11;11;45;45,0;45,0;45;45;45;45;45;45;45;45;45,0;NA;NA;NA;NA;NA;NA;NA;NA;NA;NA;NA
2021-08-30;0-60;0;0,0;0;0;0;0;0;0;0;0;0;0;24;24,0;24,0;24;24;24;24;24;24;24;24;24,0;1,0000000000000000;1,000000000000000;1,000000000000000;1,0000000000000000;1,0000000000000000;1,0000000000000000;1,0000000000000000;1,0000000000000000;1,0000000000000000;1,0000000000000000;1,0000000000000000
2021-08-30;60+;0;0,0;0;0;0;0;0;0;0;0;0;0;15;15,0;15,0;15;15;15;15;15;15;15;15;15,0;1,0000000000000000;1,000000000000000;1,000000000000000;1,0000000000000000;1,0000000000000000;1,0000000000000000;1,0000000000000000;1,0000000000000000;1,0000000000000000;1,0000000000000000;1,0000000000000000
2021-08-30;alle;0;0,0;0;0;0;0;0;0;0;0;0;0;39;39,0;39,0;39;39;39;39;39;39;39;39;39,0;NA;NA;NA;NA;NA;NA;NA;NA;NA;NA;NA
2021-08-29;0-60;1;1,0;1;1;1;1;1;1;1;1;1;1;25;25,0;25,0;25;25;25;25;25;25;25;25;25,0;1,0000000000000000;1,000000000000000;1,000000000000000;1,0000000000000000;1,0000000000000000;1,0000000000000000;1,0000000000000000;1,0000000000000000;1,0000000000000000;1,0000000000000000;1,0000000000000000
2021-08-29;60+;1;1,0;1;1;1;1;1;1;1;1;1;1;15;15,0;15,0;15;15;15;15;15;15;15;15;15,0;1,0000000000000000;1,000000000000000;1,000000000000000;1,0000000000000000;1,0000000000000000;1,0000000000000000;1,0000000000000000;1,0000000000000000;1,0000000000000000;1,0000000000000000;1,0000000000000000
2021-08-29;alle;2;2,0;2;2;2;2;2;2;2;2;2;2;40;40,0;40,0;40;40;40;40;40;40;40;40;40,0;NA;NA;NA;NA;NA;NA;NA;NA;NA;NA;NA
2021-08-28;0-60;4;4,0;4;4;4;4;4;4;4;4;4;4;30;30,0;30,0;30;30;30;30;30;30;30;30;30,0;1,0000000000000000;1,000000000000000;1,000000000000000;1,0000000000000000;1,0000000000000000;1,0000000000000000;1,0000000000000000;1,0000000000000000;1,0000000000000000;1,0000000000000000;1,0000000000000000
2021-08-28;60+;2;2,0;2;2;2;2;2;2;2;2;2;2;17;17,0;17,0;17;17;17;17;17;17;17;17;17,0;1,0000000000000000;1,000000000000000;1,000000000000000;1,0000000000000000;1,0000000000000000;1,0000000000000000;1,0000000000000000;1,0000000000000000;1,0000000000000000;1,0000000000000000;1,0000000000000000
2021-08-28;alle;6;6,0;6;6;6;6;6;6;6;6;6;6;47;47,0;47,0;47;47;47;47;47;47;47;47;47,0;NA;NA;NA;NA;NA;NA;NA;NA;NA;NA;NA
2021-08-27;0-60;7;7,0;7;7;7;7;7;7;7;7;7;7;28;28,0;28,0;28;28;28;28;28;28;28;28;28,0;1,0000000000000000;1,000000000000000;1,000000000000000;1,0000000000000000;1,0000000000000000;1,0000000000000000;1,0000000000000000;1,0000000000000000;1,0000000000000000;1,0000000000000000;1,0000000000000000
2021-08-27;60+;1;1,0;1;1;1;1;1;1;1;1;1;1;18;18,0;18,0;18;18;18;18;18;18;18;18;18,0;1,0000000000000000;1,000000000000000;1,000000000000000;1,0000000000000000;1,0000000000000000;1,0000000000000000;1,0000000000000000;1,0000000000000000;1,0000000000000000;1,0000000000000000;1,0000000000000000
2021-08-27;alle;8;8,0;8;8;8;8;8;8;8;8;8;8;46;46,0;46,0;46;46;46;46;46;46;46;46;46,0;NA;NA;NA;NA;NA;NA;NA;NA;NA;NA;NA
2021-08-26;0-60;1;1,0;1;1;1;1;1;1;1;1;1;1;23;23,0;23,0;23;23;23;23;23;23;23;23;23,0;1,0000000000000000;1,000000000000000;1,000000000000000;1,0000000000000000;1,0000000000000000;1,0000000000000000;1,0000000000000000;1,0000000000000000;1,0000000000000000;1,0000000000000000;1,0000000000000000
2021-08-26;60+;4;4,0;4;4;4;4;4;4;4;4;4;4;20;20,0;20,0;20;20;20;20;20;20;20;20;20,0;1,0000000000000000;1,000000000000000;1,000000000000000;1,0000000000000000;1,0000000000000000;1,0000000000000000;1,0000000000000000;1,0000000000000000;1,0000000000000000;1,0000000000000000;1,0000000000000000
2021-08-26;alle;5;5,0;5;5;5;5;5;5;5;5;5;5;43;43,0;43,0;43;43;43;43;43;43;43;43;43,0;NA;NA;NA;NA;NA;NA;NA;NA;NA;NA;NA
2021-08-25;0-60;7;7,0;7;7;7;7;7;7;7;7;7;7;29;29,0;29,0;29;29;29;29;29;29;29;29;29,0;1,0000000000000000;1,000000000000000;1,000000000000000;1,0000000000000000;1,0000000000000000;1,0000000000000000;1,0000000000000000;1,0000000000000000;1,0000000000000000;1,0000000000000000;1,0000000000000000
2021-08-25;60+;6;6,0;6;6;6;6;6;6;6;6;6;6;19;19,0;19,0;19;19;19;19;19;19;19;19;19,0;1,0000000000000000;1,000000000000000;1,000000000000000;1,0000000000000000;1,0000000000000000;1,0000000000000000;1,0000000000000000;1,0000000000000000;1,0000000000000000;1,0000000000000000;1,0000000000000000
2021-08-25;alle;13;13,0;13;13;13;13;13;13;13;13;13;13;48;48,0;48,0;48;48;48;48;48;48;48;48;48,0;NA;NA;NA;NA;NA;NA;NA;NA;NA;NA;NA
2021-08-24;0-60;4;4,0;4;4;4;4;4;4;4;4;4;4;28;28,0;28,0;28;28;28;28;28;28;28;28;28,0;1,0000000000000000;1,000000000000000;1,000000000000000;1,0000000000000000;1,0000000000000000;1,0000000000000000;1,0000000000000000;1,0000000000000000;1,0000000000000000;1,0000000000000000;1,0000000000000000
2021-08-24;60+;1;1,0;1;1;1;1;1;1;1;1;1;1;17;17,0;17,0;17;17;17;17;17;17;17;17;17,0;1,0000000000000000;1,000000000000000;1,000000000000000;1,0000000000000000;1,0000000000000000;1,0000000000000000;1,0000000000000000;1,0000000000000000;1,0000000000000000;1,0000000000000000;1,0000000000000000
2021-08-24;alle;5;5,0;5;5;5;5;5;5;5;5;5;5;45;45,0;45,0;45;45;45;45;45;45;45;45;45,0;NA;NA;NA;NA;NA;NA;NA;NA;NA;NA;NA
2021-08-23;0-60;1;1,0;1;1;1;1;1;1;1;1;1;1;26;26,0;26,0;26;26;26;26;26;26;26;26;26,0;1,0000000000000000;1,000000000000000;1,000000000000000;1,0000000000000000;1,0000000000000000;1,0000000000000000;1,0000000000000000;1,0000000000000000;1,0000000000000000;1,0000000000000000;1,0000000000000000
2021-08-23;60+;0;0,0;0;0;0;0;0;0;0;0;0;0;18;18,0;18,0;18;18;18;18;18;18;18;18;18,0;1,0000000000000000;1,000000000000000;1,000000000000000;1,0000000000000000;1,0000000000000000;1,0000000000000000;1,0000000000000000;1,0000000000000000;1,0000000000000000;1,0000000000000000;1,0000000000000000
2021-08-23;alle;1;1,0;1;1;1;1;1;1;1;1;1;1;44;44,0;44,0;44;44;44;44;44;44;44;44;44,0;NA;NA;NA;NA;NA;NA;NA;NA;NA;NA;NA
2021-08-22;0-60;6;6,0;6;6;6;6;6;6;6;6;6;6;26;26,0;26,0;26;26;26;26;26;26;26;26;26,0;1,0000000000000000;1,000000000000000;1,000000000000000;1,0000000000000000;1,0000000000000000;1,0000000000000000;1,0000000000000000;1,0000000000000000;1,0000000000000000;1,0000000000000000;1,0000000000000000
2021-08-22;60+;3;3,0;3;3;3;3;3;3;3;3;3;3;18;18,0;18,0;18;18;18;18;18;18;18;18;18,0;1,0000000000000000;1,000000000000000;1,000000000000000;1,0000000000000000;1,0000000000000000;1,0000000000000000;1,0000000000000000;1,0000000000000000;1,0000000000000000;1,0000000000000000;1,0000000000000000
2021-08-22;alle;9;9,0;9;9;9;9;9;9;9;9;9;9;44;44,0;44,0;44;44;44;44;44;44;44;44;44,0;NA;NA;NA;NA;NA;NA;NA;NA;NA;NA;NA
2021-08-21;0-60;2;2,0;2;2;2;2;2;2;2;2;2;2;21;21,0;21,0;21;21;21;21;21;21;21;21;21,0;1,0000000000000000;1,000000000000000;1,000000000000000;1,0000000000000000;1,0000000000000000;1,0000000000000000;1,0000000000000000;1,0000000000000000;1,0000000000000000;1,0000000000000000;1,0000000000000000
2021-08-21;60+;3;3,0;3;3;3;3;3;3;3;3;3;3;16;16,0;16,0;16;16;16;16;16;16;16;16;16,0;1,0000000000000000;1,000000000000000;1,000000000000000;1,0000000000000000;1,0000000000000000;1,0000000000000000;1,0000000000000000;1,0000000000000000;1,0000000000000000;1,0000000000000000;1,0000000000000000
2021-08-21;alle;5;5,0;5;5;5;5;5;5;5;5;5;5;37;37,0;37,0;37;37;37;37;37;37;37;37;37,0;NA;NA;NA;NA;NA;NA;NA;NA;NA;NA;NA
2021-08-20;0-60;2;2,0;2;2;2;2;2;2;2;2;2;2;22;22,0;22,0;22;22;22;22;22;22;22;22;22,0;1,0000000000000000;1,000000000000000;1,000000000000000;1,0000000000000000;1,0000000000000000;1,0000000000000000;1,0000000000000000;1,0000000000000000;1,0000000000000000;1,0000000000000000;1,0000000000000000
2021-08-20;60+;3;3,0;3;3;3;3;3;3;3;3;3;3;16;16,0;16,0;16;16;16;16;16;16;16;16;16,0;1,0000000000000000;1,000000000000000;1,000000000000000;1,0000000000000000;1,0000000000000000;1,0000000000000000;1,0000000000000000;1,0000000000000000;1,0000000000000000;1,0000000000000000;1,0000000000000000
2021-08-20;alle;5;5,0;5;5;5;5;5;5;5;5;5;5;38;38,0;38,0;38;38;38;38;38;38;38;38;38,0;NA;NA;NA;NA;NA;NA;NA;NA;NA;NA;NA
2021-08-19;0-60;7;7,0;7;7;7;7;7;7;7;7;7;7;25;25,0;25,0;25;25;25;25;25;25;25;25;25,0;1,0000000000000000;1,000000000000000;1,000000000000000;1,0000000000000000;1,0000000000000000;1,0000000000000000;1,0000000000000000;1,0000000000000000;1,0000000000000000;1,0000000000000000;1,0000000000000000
2021-08-19;60+;3;3,0;3;3;3;3;3;3;3;3;3;3;16;16,0;16,0;16;16;16;16;16;16;16;16;16,0;1,0000000000000000;1,000000000000000;1,000000000000000;1,0000000000000000;1,0000000000000000;1,0000000000000000;1,0000000000000000;1,0000000000000000;1,0000000000000000;1,0000000000000000;1,0000000000000000
2021-08-19;alle;10;10,0;10;10;10;10;10;10;10;10;10;10;41;41,0;41,0;41;41;41;41;41;41;41;41;41,0;NA;NA;NA;NA;NA;NA;NA;NA;NA;NA;NA
2021-08-18;0-60;6;6,0;6;6;6;6;6;6;6;6;6;6;21;21,0;21,0;21;21;21;21;21;21;21;21;21,0;1,0000000000000000;1,000000000000000;1,000000000000000;1,0000000000000000;1,0000000000000000;1,0000000000000000;1,0000000000000000;1,0000000000000000;1,0000000000000000;1,0000000000000000;1,0000000000000000
2021-08-18;60+;4;4,0;4;4;4;4;4;4;4;4;4;4;15;15,0;15,0;15;15;15;15;15;15;15;15;15,0;1,0000000000000000;1,000000000000000;1,000000000000000;1,0000000000000000;1,0000000000000000;1,0000000000000000;1,0000000000000000;1,0000000000000000;1,0000000000000000;1,0000000000000000;1,0000000000000000
2021-08-18;alle;10;10,0;10;10;10;10;10;10;10;10;10;10;36;36,0;36,0;36;36;36;36;36;36;36;36;36,0;NA;NA;NA;NA;NA;NA;NA;NA;NA;NA;NA
2021-08-17;0-60;2;2,0;2;2;2;2;2;2;2;2;2;2;17;17,0;17,0;17;17;17;17;17;17;17;17;17,0;1,0000000000000000;1,000000000000000;1,000000000000000;1,0000000000000000;1,0000000000000000;1,0000000000000000;1,0000000000000000;1,0000000000000000;1,0000000000000000;1,0000000000000000;1,0000000000000000
2021-08-17;60+;2;2,0;2;2;2;2;2;2;2;2;2;2;14;14,0;14,0;14;14;14;14;14;14;14;14;14,0;1,0000000000000000;1,000000000000000;1,000000000000000;1,0000000000000000;1,0000000000000000;1,0000000000000000;1,0000000000000000;1,0000000000000000;1,0000000000000000;1,0000000000000000;1,0000000000000000
2021-08-17;alle;4;4,0;4;4;4;4;4;4;4;4;4;4;31;31,0;31,0;31;31;31;31;31;31;31;31;31,0;NA;NA;NA;NA;NA;NA;NA;NA;NA;NA;NA
2021-08-16;0-60;1;1,0;1;1;1;1;1;1;1;1;1;1;15;15,0;15,0;15;15;15;15;15;15;15;15;15,0;1,0000000000000000;1,000000000000000;1,000000000000000;1,0000000000000000;1,0000000000000000;1,0000000000000000;1,0000000000000000;1,0000000000000000;1,0000000000000000;1,0000000000000000;1,0000000000000000
2021-08-16;60+;0;0,0;0;0;0;0;0;0;0;0;0;0;14;14,0;14,0;14;14;14;14;14;14;14;14;14,0;1,0000000000000000;1,000000000000000;1,000000000000000;1,0000000000000000;1,0000000000000000;1,0000000000000000;1,0000000000000000;1,0000000000000000;1,0000000000000000;1,0000000000000000;1,0000000000000000
2021-08-16;alle;1;1,0;1;1;1;1;1;1;1;1;1;1;29;29,0;29,0;29;29;29;29;29;29;29;29;29,0;NA;NA;NA;NA;NA;NA;NA;NA;NA;NA;NA
2021-08-15;0-60;1;1,0;1;1;1;1;1;1;1;1;1;1;14;14,0;14,0;14;14;14;14;14;14;14;14;14,0;1,0000000000000000;1,000000000000000;1,000000000000000;1,0000000000000000;1,0000000000000000;1,0000000000000000;1,0000000000000000;1,0000000000000000;1,0000000000000000;1,0000000000000000;1,0000000000000000
2021-08-15;60+;1;1,0;1;1;1;1;1;1;1;1;1;1;15;15,0;15,0;15;15;15;15;15;15;15;15;15,0;1,0000000000000000;1,000000000000000;1,000000000000000;1,0000000000000000;1,0000000000000000;1,0000000000000000;1,0000000000000000;1,0000000000000000;1,0000000000000000;1,0000000000000000;1,0000000000000000
2021-08-15;alle;2;2,0;2;2;2;2;2;2;2;2;2;2;29;29,0;29,0;29;29;29;29;29;29;29;29;29,0;NA;NA;NA;NA;NA;NA;NA;NA;NA;NA;NA
2021-08-14;0-60;3;3,0;3;3;3;3;3;3;3;3;3;3;15;15,0;15,0;15;15;15;15;15;15;15;15;15,0;1,0000000000000000;1,000000000000000;1,000000000000000;1,0000000000000000;1,0000000000000000;1,0000000000000000;1,0000000000000000;1,0000000000000000;1,0000000000000000;1,0000000000000000;1,0000000000000000
2021-08-14;60+;3;3,0;3;3;3;3;3;3;3;3;3;3;16;16,0;16,0;16;16;16;16;16;16;16;16;16,0;1,0000000000000000;1,000000000000000;1,000000000000000;1,0000000000000000;1,0000000000000000;1,0000000000000000;1,0000000000000000;1,0000000000000000;1,0000000000000000;1,0000000000000000;1,0000000000000000
2021-08-14;alle;6;6,0;6;6;6;6;6;6;6;6;6;6;31;31,0;31,0;31;31;31;31;31;31;31;31;31,0;NA;NA;NA;NA;NA;NA;NA;NA;NA;NA;NA
2021-08-13;0-60;5;5,0;5;5;5;5;5;5;5;5;5;5;15;15,0;15,0;15;15;15;15;15;15;15;15;15,0;1,0000000000000000;1,000000000000000;1,000000000000000;1,0000000000000000;1,0000000000000000;1,0000000000000000;1,0000000000000000;1,0000000000000000;1,0000000000000000;1,0000000000000000;1,0000000000000000
2021-08-13;60+;3;3,0;3;3;3;3;3;3;3;3;3;3;14;14,0;14,0;14;14;14;14;14;14;14;14;14,0;1,0000000000000000;1,000000000000000;1,000000000000000;1,0000000000000000;1,0000000000000000;1,0000000000000000;1,0000000000000000;1,0000000000000000;1,0000000000000000;1,0000000000000000;1,0000000000000000
2021-08-13;alle;8;8,0;8;8;8;8;8;8;8;8;8;8;29;29,0;29,0;29;29;29;29;29;29;29;29;29,0;NA;NA;NA;NA;NA;NA;NA;NA;NA;NA;NA
2021-08-12;0-60;3;3,0;3;3;3;3;3;3;3;3;3;3;11;11,0;11,0;11;11;11;11;11;11;11;11;11,0;1,0000000000000000;1,000000000000000;1,000000000000000;1,0000000000000000;1,0000000000000000;1,0000000000000000;1,0000000000000000;1,0000000000000000;1,0000000000000000;1,0000000000000000;1,0000000000000000
2021-08-12;60+;2;2,0;2;2;2;2;2;2;2;2;2;2;14;14,0;14,0;14;14;14;14;14;14;14;14;14,0;1,0000000000000000;1,000000000000000;1,000000000000000;1,0000000000000000;1,0000000000000000;1,0000000000000000;1,0000000000000000;1,0000000000000000;1,0000000000000000;1,0000000000000000;1,0000000000000000
2021-08-12;alle;5;5,0;5;5;5;5;5;5;5;5;5;5;25;25,0;25,0;25;25;25;25;25;25;25;25;25,0;NA;NA;NA;NA;NA;NA;NA;NA;NA;NA;NA
2021-08-11;0-60;2;2,0;2;2;2;2;2;2;2;2;2;2;9;9,0;9,0;9;9;9;9;9;9;9;9;9,0;1,0000000000000000;1,000000000000000;1,000000000000000;1,0000000000000000;1,0000000000000000;1,0000000000000000;1,0000000000000000;1,0000000000000000;1,0000000000000000;1,0000000000000000;1,0000000000000000
2021-08-11;60+;3;3,0;3;3;3;3;3;3;3;3;3;3;12;12,0;12,0;12;12;12;12;12;12;12;12;12,0;1,0000000000000000;1,000000000000000;1,000000000000000;1,0000000000000000;1,0000000000000000;1,0000000000000000;1,0000000000000000;1,0000000000000000;1,0000000000000000;1,0000000000000000;1,0000000000000000
2021-08-11;alle;5;5,0;5;5;5;5;5;5;5;5;5;5;21;21,0;21,0;21;21;21;21;21;21;21;21;21,0;NA;NA;NA;NA;NA;NA;NA;NA;NA;NA;NA
2021-08-10;0-60;0;0,0;0;0;0;0;0;0;0;0;0;0;10;10,0;10,0;10;10;10;10;10;10;10;10;10,0;1,0000000000000000;1,000000000000000;1,000000000000000;1,0000000000000000;1,0000000000000000;1,0000000000000000;1,0000000000000000;1,0000000000000000;1,0000000000000000;1,0000000000000000;1,0000000000000000
2021-08-10;60+;2;2,0;2;2;2;2;2;2;2;2;2;2;11;11,0;11,0;11;11;11;11;11;11;11;11;11,0;1,0000000000000000;1,000000000000000;1,000000000000000;1,0000000000000000;1,0000000000000000;1,0000000000000000;1,0000000000000000;1,0000000000000000;1,0000000000000000;1,0000000000000000;1,0000000000000000
2021-08-10;alle;2;2,0;2;2;2;2;2;2;2;2;2;2;21;21,0;21,0;21;21;21;21;21;21;21;21;21,0;NA;NA;NA;NA;NA;NA;NA;NA;NA;NA;NA
2021-08-09;0-60;0;0,0;0;0;0;0;0;0;0;0;0;0;15;15,0;15,0;15;15;15;15;15;15;15;15;15,0;1,0000000000000000;1,000000000000000;1,000000000000000;1,0000000000000000;1,0000000000000000;1,0000000000000000;1,0000000000000000;1,0000000000000000;1,0000000000000000;1,0000000000000000;1,0000000000000000
2021-08-09;60+;1;1,0;1;1;1;1;1;1;1;1;1;1;11;11,0;11,0;11;11;11;11;11;11;11;11;11,0;1,0000000000000000;1,000000000000000;1,000000000000000;1,0000000000000000;1,0000000000000000;1,0000000000000000;1,0000000000000000;1,0000000000000000;1,0000000000000000;1,0000000000000000;1,0000000000000000
2021-08-09;alle;1;1,0;1;1;1;1;1;1;1;1;1;1;26;26,0;26,0;26;26;26;26;26;26;26;26;26,0;NA;NA;NA;NA;NA;NA;NA;NA;NA;NA;NA
2021-08-08;0-60;2;2,0;2;2;2;2;2;2;2;2;2;2;15;15,0;15,0;15;15;15;15;15;15;15;15;15,0;1,0000000000000000;1,000000000000000;1,000000000000000;1,0000000000000000;1,0000000000000000;1,0000000000000000;1,0000000000000000;1,0000000000000000;1,0000000000000000;1,0000000000000000;1,0000000000000000
2021-08-08;60+;2;2,0;2;2;2;2;2;2;2;2;2;2;10;10,0;10,0;10;10;10;10;10;10;10;10;10,0;1,0000000000000000;1,000000000000000;1,000000000000000;1,0000000000000000;1,0000000000000000;1,0000000000000000;1,0000000000000000;1,0000000000000000;1,0000000000000000;1,0000000000000000;1,0000000000000000
2021-08-08;alle;4;4,0;4;4;4;4;4;4;4;4;4;4;25;25,0;25,0;25;25;25;25;25;25;25;25;25,0;NA;NA;NA;NA;NA;NA;NA;NA;NA;NA;NA
2021-08-07;0-60;3;3,0;3;3;3;3;3;3;3;3;3;3;13;13,0;13,0;13;13;13;13;13;13;13;13;13,0;1,0000000000000000;1,000000000000000;1,000000000000000;1,0000000000000000;1,0000000000000000;1,0000000000000000;1,0000000000000000;1,0000000000000000;1,0000000000000000;1,0000000000000000;1,0000000000000000
2021-08-07;60+;1;1,0;1;1;1;1;1;1;1;1;1;1;8;8,0;8,0;8;8;8;8;8;8;8;8;8,0;1,0000000000000000;1,000000000000000;1,000000000000000;1,0000000000000000;1,0000000000000000;1,0000000000000000;1,0000000000000000;1,0000000000000000;1,0000000000000000;1,0000000000000000;1,0000000000000000
2021-08-07;alle;4;4,0;4;4;4;4;4;4;4;4;4;4;21;21,0;21,0;21;21;21;21;21;21;21;21;21,0;NA;NA;NA;NA;NA;NA;NA;NA;NA;NA;NA
2021-08-06;0-60;1;1,0;1;1;1;1;1;1;1;1;1;1;10;10,0;10,0;10;10;10;10;10;10;10;10;10,0;1,0000000000000000;1,000000000000000;1,000000000000000;1,0000000000000000;1,0000000000000000;1,0000000000000000;1,0000000000000000;1,0000000000000000;1,0000000000000000;1,0000000000000000;1,0000000000000000
2021-08-06;60+;3;3,0;3;3;3;3;3;3;3;3;3;3;10;10,0;10,0;10;10;10;10;10;10;10;10;10,0;1,0000000000000000;1,000000000000000;1,000000000000000;1,0000000000000000;1,0000000000000000;1,0000000000000000;1,0000000000000000;1,0000000000000000;1,0000000000000000;1,0000000000000000;1,0000000000000000
2021-08-06;alle;4;4,0;4;4;4;4;4;4;4;4;4;4;20;20,0;20,0;20;20;20;20;20;20;20;20;20,0;NA;NA;NA;NA;NA;NA;NA;NA;NA;NA;NA
2021-08-05;0-60;1;1,0;1;1;1;1;1;1;1;1;1;1;10;10,0;10,0;10;10;10;10;10;10;10;10;10,0;1,0000000000000000;1,000000000000000;1,000000000000000;1,0000000000000000;1,0000000000000000;1,0000000000000000;1,0000000000000000;1,0000000000000000;1,0000000000000000;1,0000000000000000;1,0000000000000000
2021-08-05;60+;0;0,0;0;0;0;0;0;0;0;0;0;0;11;11,0;11,0;11;11;11;11;11;11;11;11;11,0;1,0000000000000000;1,000000000000000;1,000000000000000;1,0000000000000000;1,0000000000000000;1,0000000000000000;1,0000000000000000;1,0000000000000000;1,0000000000000000;1,0000000000000000;1,0000000000000000
2021-08-05;alle;1;1,0;1;1;1;1;1;1;1;1;1;1;21;21,0;21,0;21;21;21;21;21;21;21;21;21,0;NA;NA;NA;NA;NA;NA;NA;NA;NA;NA;NA
2021-08-04;0-60;3;3,0;3;3;3;3;3;3;3;3;3;3;10;10,0;10,0;10;10;10;10;10;10;10;10;10,0;1,0000000000000000;1,000000000000000;1,000000000000000;1,0000000000000000;1,0000000000000000;1,0000000000000000;1,0000000000000000;1,0000000000000000;1,0000000000000000;1,0000000000000000;1,0000000000000000
2021-08-04;60+;2;2,0;2;2;2;2;2;2;2;2;2;2;12;12,0;12,0;12;12;12;12;12;12;12;12;12,0;1,0000000000000000;1,000000000000000;1,000000000000000;1,0000000000000000;1,0000000000000000;1,0000000000000000;1,0000000000000000;1,0000000000000000;1,0000000000000000;1,0000000000000000;1,0000000000000000
2021-08-04;alle;5;5,0;5;5;5;5;5;5;5;5;5;5;22;22,0;22,0;22;22;22;22;22;22;22;22;22,0;NA;NA;NA;NA;NA;NA;NA;NA;NA;NA;NA
2021-08-03;0-60;5;5,0;5;5;5;5;5;5;5;5;5;5;10;10,0;10,0;10;10;10;10;10;10;10;10;10,0;1,0000000000000000;1,000000000000000;1,000000000000000;1,0000000000000000;1,0000000000000000;1,0000000000000000;1,0000000000000000;1,0000000000000000;1,0000000000000000;1,0000000000000000;1,0000000000000000
2021-08-03;60+;2;2,0;2;2;2;2;2;2;2;2;2;2;10;10,0;10,0;10;10;10;10;10;10;10;10;10,0;1,0000000000000000;1,000000000000000;1,000000000000000;1,0000000000000000;1,0000000000000000;1,0000000000000000;1,0000000000000000;1,0000000000000000;1,0000000000000000;1,0000000000000000;1,0000000000000000
2021-08-03;alle;7;7,0;7;7;7;7;7;7;7;7;7;7;20;20,0;20,0;20;20;20;20;20;20;20;20;20,0;NA;NA;NA;NA;NA;NA;NA;NA;NA;NA;NA
2021-08-02;0-60;0;0,0;0;0;0;0;0;0;0;0;0;0;5;5,0;5,0;5;5;5;5;5;5;5;5;5,0;1,0000000000000000;1,000000000000000;1,000000000000000;1,0000000000000000;1,0000000000000000;1,0000000000000000;1,0000000000000000;1,0000000000000000;1,0000000000000000;1,0000000000000000;1,0000000000000000
2021-08-02;60+;0;0,0;0;0;0;0;0;0;0;0;0;0;9;9,0;9,0;9;9;9;9;9;9;9;9;9,0;1,0000000000000000;1,000000000000000;1,000000000000000;1,0000000000000000;1,0000000000000000;1,0000000000000000;1,0000000000000000;1,0000000000000000;1,0000000000000000;1,0000000000000000;1,0000000000000000
2021-08-02;alle;0;0,0;0;0;0;0;0;0;0;0;0;0;14;14,0;14,0;14;14;14;14;14;14;14;14;14,0;NA;NA;NA;NA;NA;NA;NA;NA;NA;NA;NA
2021-08-01;0-60;0;0,0;0;0;0;0;0;0;0;0;0;0;5;5,0;5,0;5;5;5;5;5;5;5;5;5,0;1,0000000000000000;1,000000000000000;1,000000000000000;1,0000000000000000;1,0000000000000000;1,0000000000000000;1,0000000000000000;1,0000000000000000;1,0000000000000000;1,0000000000000000;1,0000000000000000
2021-08-01;60+;0;0,0;0;0;0;0;0;0;0;0;0;0;10;10,0;10,0;10;10;10;10;10;10;10;10;10,0;1,0000000000000000;1,000000000000000;1,000000000000000;1,0000000000000000;1,0000000000000000;1,0000000000000000;1,0000000000000000;1,0000000000000000;1,0000000000000000;1,0000000000000000;1,0000000000000000
2021-08-01;alle;0;0,0;0;0;0;0;0;0;0;0;0;0;15;15,0;15,0;15;15;15;15;15;15;15;15;15,0;NA;NA;NA;NA;NA;NA;NA;NA;NA;NA;NA
2021-07-31;0-60;0;0,0;0;0;0;0;0;0;0;0;0;0;5;5,0;5,0;5;5;5;5;5;5;5;5;5,0;1,0000000000000000;1,000000000000000;1,000000000000000;1,0000000000000000;1,0000000000000000;1,0000000000000000;1,0000000000000000;1,0000000000000000;1,0000000000000000;1,0000000000000000;1,0000000000000000
2021-07-31;60+;3;3,0;3;3;3;3;3;3;3;3;3;3;10;10,0;10,0;10;10;10;10;10;10;10;10;10,0;1,0000000000000000;1,000000000000000;1,000000000000000;1,0000000000000000;1,0000000000000000;1,0000000000000000;1,0000000000000000;1,0000000000000000;1,0000000000000000;1,0000000000000000;1,0000000000000000
2021-07-31;alle;3;3,0;3;3;3;3;3;3;3;3;3;3;15;15,0;15,0;15;15;15;15;15;15;15;15;15,0;NA;NA;NA;NA;NA;NA;NA;NA;NA;NA;NA
2021-07-30;0-60;1;1,0;1;1;1;1;1;1;1;1;1;1;8;8,0;8,0;8;8;8;8;8;8;8;8;8,0;1,0000000000000000;1,000000000000000;1,000000000000000;1,0000000000000000;1,0000000000000000;1,0000000000000000;1,0000000000000000;1,0000000000000000;1,0000000000000000;1,0000000000000000;1,0000000000000000
2021-07-30;60+;4;4,0;4;4;4;4;4;4;4;4;4;4;8;8,0;8,0;8;8;8;8;8;8;8;8;8,0;1,0000000000000000;1,000000000000000;1,000000000000000;1,0000000000000000;1,0000000000000000;1,0000000000000000;1,0000000000000000;1,0000000000000000;1,0000000000000000;1,0000000000000000;1,0000000000000000
2021-07-30;alle;5;5,0;5;5;5;5;5;5;5;5;5;5;16;16,0;16,0;16;16;16;16;16;16;16;16;16,0;NA;NA;NA;NA;NA;NA;NA;NA;NA;NA;NA
2021-07-29;0-60;1;1,0;1;1;1;1;1;1;1;1;1;1;7;7,0;7,0;7;7;7;7;7;7;7;7;7,0;1,0000000000000000;1,000000000000000;1,000000000000000;1,0000000000000000;1,0000000000000000;1,0000000000000000;1,0000000000000000;1,0000000000000000;1,0000000000000000;1,0000000000000000;1,0000000000000000
2021-07-29;60+;1;1,0;1;1;1;1;1;1;1;1;1;1;5;5,0;5,0;5;5;5;5;5;5;5;5;5,0;1,0000000000000000;1,000000000000000;1,000000000000000;1,0000000000000000;1,0000000000000000;1,0000000000000000;1,0000000000000000;1,0000000000000000;1,0000000000000000;1,0000000000000000;1,0000000000000000
2021-07-29;alle;2;2,0;2;2;2;2;2;2;2;2;2;2;12;12,0;12,0;12;12;12;12;12;12;12;12;12,0;NA;NA;NA;NA;NA;NA;NA;NA;NA;NA;NA
2021-07-28;0-60;3;3,0;3;3;3;3;3;3;3;3;3;3;6;6,0;6,0;6;6;6;6;6;6;6;6;6,0;1,0000000000000000;1,000000000000000;1,000000000000000;1,0000000000000000;1,0000000000000000;1,0000000000000000;1,0000000000000000;1,0000000000000000;1,0000000000000000;1,0000000000000000;1,0000000000000000
2021-07-28;60+;0;0,0;0;0;0;0;0;0;0;0;0;0;5;5,0;5,0;5;5;5;5;5;5;5;5;5,0;1,0000000000000000;1,000000000000000;1,000000000000000;1,0000000000000000;1,0000000000000000;1,0000000000000000;1,0000000000000000;1,0000000000000000;1,0000000000000000;1,0000000000000000;1,0000000000000000
2021-07-28;alle;3;3,0;3;3;3;3;3;3;3;3;3;3;11;11,0;11,0;11;11;11;11;11;11;11;11;11,0;NA;NA;NA;NA;NA;NA;NA;NA;NA;NA;NA
2021-07-27;0-60;0;0,0;0;0;0;0;0;0;0;0;0;0;5;5,0;5,0;5;5;5;5;5;5;5;5;5,0;1,0000000000000000;1,000000000000000;1,000000000000000;1,0000000000000000;1,0000000000000000;1,0000000000000000;1,0000000000000000;1,0000000000000000;1,0000000000000000;1,0000000000000000;1,0000000000000000
2021-07-27;60+;1;1,0;1;1;1;1;1;1;1;1;1;1;6;6,0;6,0;6;6;6;6;6;6;6;6;6,0;1,0000000000000000;1,000000000000000;1,000000000000000;1,0000000000000000;1,0000000000000000;1,0000000000000000;1,0000000000000000;1,0000000000000000;1,0000000000000000;1,0000000000000000;1,0000000000000000
2021-07-27;alle;1;1,0;1;1;1;1;1;1;1;1;1;1;11;11,0;11,0;11;11;11;11;11;11;11;11;11,0;NA;NA;NA;NA;NA;NA;NA;NA;NA;NA;NA
2021-07-26;0-60;0;0,0;0;0;0;0;0;0;0;0;0;0;6;6,0;6,0;6;6;6;6;6;6;6;6;6,0;1,0000000000000000;1,000000000000000;1,000000000000000;1,0000000000000000;1,0000000000000000;1,0000000000000000;1,0000000000000000;1,0000000000000000;1,0000000000000000;1,0000000000000000;1,0000000000000000
2021-07-26;60+;1;1,0;1;1;1;1;1;1;1;1;1;1;7;7,0;7,0;7;7;7;7;7;7;7;7;7,0;1,0000000000000000;1,000000000000000;1,000000000000000;1,0000000000000000;1,0000000000000000;1,0000000000000000;1,0000000000000000;1,0000000000000000;1,0000000000000000;1,0000000000000000;1,0000000000000000
2021-07-26;alle;1;1,0;1;1;1;1;1;1;1;1;1;1;13;13,0;13,0;13;13;13;13;13;13;13;13;13,0;NA;NA;NA;NA;NA;NA;NA;NA;NA;NA;NA
2021-07-25;0-60;0;0,0;0;0;0;0;0;0;0;0;0;0;6;6,0;6,0;6;6;6;6;6;6;6;6;6,0;1,0000000000000000;1,000000000000000;1,000000000000000;1,0000000000000000;1,0000000000000000;1,0000000000000000;1,0000000000000000;1,0000000000000000;1,0000000000000000;1,0000000000000000;1,0000000000000000
2021-07-25;60+;0;0,0;0;0;0;0;0;0;0;0;0;0;6;6,0;6,0;6;6;6;6;6;6;6;6;6,0;1,0000000000000000;1,000000000000000;1,000000000000000;1,0000000000000000;1,0000000000000000;1,0000000000000000;1,0000000000000000;1,0000000000000000;1,0000000000000000;1,0000000000000000;1,0000000000000000
2021-07-25;alle;0;0,0;0;0;0;0;0;0;0;0;0;0;12;12,0;12,0;12;12;12;12;12;12;12;12;12,0;NA;NA;NA;NA;NA;NA;NA;NA;NA;NA;NA
2021-07-24;0-60;3;3,0;3;3;3;3;3;3;3;3;3;3;7;7,0;7,0;7;7;7;7;7;7;7;7;7,0;1,0000000000000000;1,000000000000000;1,000000000000000;1,0000000000000000;1,0000000000000000;1,0000000000000000;1,0000000000000000;1,0000000000000000;1,0000000000000000;1,0000000000000000;1,0000000000000000
2021-07-24;60+;1;1,0;1;1;1;1;1;1;1;1;1;1;7;7,0;7,0;7;7;7;7;7;7;7;7;7,0;1,0000000000000000;1,000000000000000;1,000000000000000;1,0000000000000000;1,0000000000000000;1,0000000000000000;1,0000000000000000;1,0000000000000000;1,0000000000000000;1,0000000000000000;1,0000000000000000
2021-07-24;alle;4;4,0;4;4;4;4;4;4;4;4;4;4;14;14,0;14,0;14;14;14;14;14;14;14;14;14,0;NA;NA;NA;NA;NA;NA;NA;NA;NA;NA;NA
2021-07-23;0-60;0;0,0;0;0;0;0;0;0;0;0;0;0;4;4,0;4,0;4;4;4;4;4;4;4;4;4,0;1,0000000000000000;1,000000000000000;1,000000000000000;1,0000000000000000;1,0000000000000000;1,0000000000000000;1,0000000000000000;1,0000000000000000;1,0000000000000000;1,0000000000000000;1,0000000000000000
2021-07-23;60+;1;1,0;1;1;1;1;1;1;1;1;1;1;8;8,0;8,0;8;8;8;8;8;8;8;8;8,0;1,0000000000000000;1,000000000000000;1,000000000000000;1,0000000000000000;1,0000000000000000;1,0000000000000000;1,0000000000000000;1,0000000000000000;1,0000000000000000;1,0000000000000000;1,0000000000000000
2021-07-23;alle;1;1,0;1;1;1;1;1;1;1;1;1;1;12;12,0;12,0;12;12;12;12;12;12;12;12;12,0;NA;NA;NA;NA;NA;NA;NA;NA;NA;NA;NA
2021-07-22;0-60;0;0,0;0;0;0;0;0;0;0;0;0;0;5;5,0;5,0;5;5;5;5;5;5;5;5;5,0;1,0000000000000000;1,000000000000000;1,000000000000000;1,0000000000000000;1,0000000000000000;1,0000000000000000;1,0000000000000000;1,0000000000000000;1,0000000000000000;1,0000000000000000;1,0000000000000000
2021-07-22;60+;1;1,0;1;1;1;1;1;1;1;1;1;1;7;7,0;7,0;7;7;7;7;7;7;7;7;7,0;1,0000000000000000;1,000000000000000;1,000000000000000;1,0000000000000000;1,0000000000000000;1,0000000000000000;1,0000000000000000;1,0000000000000000;1,0000000000000000;1,0000000000000000;1,0000000000000000
2021-07-22;alle;1;1,0;1;1;1;1;1;1;1;1;1;1;12;12,0;12,0;12;12;12;12;12;12;12;12;12,0;NA;NA;NA;NA;NA;NA;NA;NA;NA;NA;NA
2021-07-21;0-60;2;2,0;2;2;2;2;2;2;2;2;2;2;6;6,0;6,0;6;6;6;6;6;6;6;6;6,0;1,0000000000000000;1,000000000000000;1,000000000000000;1,0000000000000000;1,0000000000000000;1,0000000000000000;1,0000000000000000;1,0000000000000000;1,0000000000000000;1,0000000000000000;1,0000000000000000
2021-07-21;60+;1;1,0;1;1;1;1;1;1;1;1;1;1;6;6,0;6,0;6;6;6;6;6;6;6;6;6,0;1,0000000000000000;1,000000000000000;1,000000000000000;1,0000000000000000;1,0000000000000000;1,0000000000000000;1,0000000000000000;1,0000000000000000;1,0000000000000000;1,0000000000000000;1,0000000000000000
2021-07-21;alle;3;3,0;3;3;3;3;3;3;3;3;3;3;12;12,0;12,0;12;12;12;12;12;12;12;12;12,0;NA;NA;NA;NA;NA;NA;NA;NA;NA;NA;NA
2021-07-20;0-60;1;1,0;1;1;1;1;1;1;1;1;1;1;4;4,0;4,0;4;4;4;4;4;4;4;4;4,0;1,0000000000000000;1,000000000000000;1,000000000000000;1,0000000000000000;1,0000000000000000;1,0000000000000000;1,0000000000000000;1,0000000000000000;1,0000000000000000;1,0000000000000000;1,0000000000000000
2021-07-20;60+;2;2,0;2;2;2;2;2;2;2;2;2;2;9;9,0;9,0;9;9;9;9;9;9;9;9;9,0;1,0000000000000000;1,000000000000000;1,000000000000000;1,0000000000000000;1,0000000000000000;1,0000000000000000;1,0000000000000000;1,0000000000000000;1,0000000000000000;1,0000000000000000;1,0000000000000000
2021-07-20;alle;3;3,0;3;3;3;3;3;3;3;3;3;3;13;13,0;13,0;13;13;13;13;13;13;13;13;13,0;NA;NA;NA;NA;NA;NA;NA;NA;NA;NA;NA
2021-07-19;0-60;0;0,0;0;0;0;0;0;0;0;0;0;0;7;7,0;7,0;7;7;7;7;7;7;7;7;7,0;1,0000000000000000;1,000000000000000;1,000000000000000;1,0000000000000000;1,0000000000000000;1,0000000000000000;1,0000000000000000;1,0000000000000000;1,0000000000000000;1,0000000000000000;1,0000000000000000
2021-07-19;60+;0;0,0;0;0;0;0;0;0;0;0;0;0;9;9,0;9,0;9;9;9;9;9;9;9;9;9,0;1,0000000000000000;1,000000000000000;1,000000000000000;1,0000000000000000;1,0000000000000000;1,0000000000000000;1,0000000000000000;1,0000000000000000;1,0000000000000000;1,0000000000000000;1,0000000000000000
2021-07-19;alle;0;0,0;0;0;0;0;0;0;0;0;0;0;16;16,0;16,0;16;16;16;16;16;16;16;16;16,0;NA;NA;NA;NA;NA;NA;NA;NA;NA;NA;NA
2021-07-18;0-60;1;1,0;1;1;1;1;1;1;1;1;1;1;7;7,0;7,0;7;7;7;7;7;7;7;7;7,0;1,0000000000000000;1,000000000000000;1,000000000000000;1,0000000000000000;1,0000000000000000;1,0000000000000000;1,0000000000000000;1,0000000000000000;1,0000000000000000;1,0000000000000000;1,0000000000000000
2021-07-18;60+;1;1,0;1;1;1;1;1;1;1;1;1;1;9;9,0;9,0;9;9;9;9;9;9;9;9;9,0;1,0000000000000000;1,000000000000000;1,000000000000000;1,0000000000000000;1,0000000000000000;1,0000000000000000;1,0000000000000000;1,0000000000000000;1,0000000000000000;1,0000000000000000;1,0000000000000000
2021-07-18;alle;2;2,0;2;2;2;2;2;2;2;2;2;2;16;16,0;16,0;16;16;16;16;16;16;16;16;16,0;NA;NA;NA;NA;NA;NA;NA;NA;NA;NA;NA
2021-07-17;0-60;0;0,0;0;0;0;0;0;0;0;0;0;0;7;7,0;7,0;7;7;7;7;7;7;7;7;7,0;1,0000000000000000;1,000000000000000;1,000000000000000;1,0000000000000000;1,0000000000000000;1,0000000000000000;1,0000000000000000;1,0000000000000000;1,0000000000000000;1,0000000000000000;1,0000000000000000
2021-07-17;60+;2;2,0;2;2;2;2;2;2;2;2;2;2;9;9,0;9,0;9;9;9;9;9;9;9;9;9,0;1,0000000000000000;1,000000000000000;1,000000000000000;1,0000000000000000;1,0000000000000000;1,0000000000000000;1,0000000000000000;1,0000000000000000;1,0000000000000000;1,0000000000000000;1,0000000000000000
2021-07-17;alle;2;2,0;2;2;2;2;2;2;2;2;2;2;16;16,0;16,0;16;16;16;16;16;16;16;16;16,0;NA;NA;NA;NA;NA;NA;NA;NA;NA;NA;NA
2021-07-16;0-60;1;1,0;1;1;1;1;1;1;1;1;1;1;7;7,0;7,0;7;7;7;7;7;7;7;7;7,0;1,0000000000000000;1,000000000000000;1,000000000000000;1,0000000000000000;1,0000000000000000;1,0000000000000000;1,0000000000000000;1,0000000000000000;1,0000000000000000;1,0000000000000000;1,0000000000000000
2021-07-16;60+;0;0,0;0;0;0;0;0;0;0;0;0;0;7;7,0;7,0;7;7;7;7;7;7;7;7;7,0;1,0000000000000000;1,000000000000000;1,000000000000000;1,0000000000000000;1,0000000000000000;1,0000000000000000;1,0000000000000000;1,0000000000000000;1,0000000000000000;1,0000000000000000;1,0000000000000000
2021-07-16;alle;1;1,0;1;1;1;1;1;1;1;1;1;1;14;14,0;14,0;14;14;14;14;14;14;14;14;14,0;NA;NA;NA;NA;NA;NA;NA;NA;NA;NA;NA
2021-07-15;0-60;1;1,0;1;1;1;1;1;1;1;1;1;1;6;6,0;6,0;6;6;6;6;6;6;6;6;6,0;1,0000000000000000;1,000000000000000;1,000000000000000;1,0000000000000000;1,0000000000000000;1,0000000000000000;1,0000000000000000;1,0000000000000000;1,0000000000000000;1,0000000000000000;1,0000000000000000
2021-07-15;60+;0;0,0;0;0;0;0;0;0;0;0;0;0;9;9,0;9,0;9;9;9;9;9;9;9;9;9,0;1,0000000000000000;1,000000000000000;1,000000000000000;1,0000000000000000;1,0000000000000000;1,0000000000000000;1,0000000000000000;1,0000000000000000;1,0000000000000000;1,0000000000000000;1,0000000000000000
2021-07-15;alle;1;1,0;1;1;1;1;1;1;1;1;1;1;15;15,0;15,0;15;15;15;15;15;15;15;15;15,0;NA;NA;NA;NA;NA;NA;NA;NA;NA;NA;NA
2021-07-14;0-60;0;0,0;0;0;0;0;0;0;0;0;0;0;6;6,0;6,0;6;6;6;6;6;6;6;6;6,0;1,0000000000000000;1,000000000000000;1,000000000000000;1,0000000000000000;1,0000000000000000;1,0000000000000000;1,0000000000000000;1,0000000000000000;1,0000000000000000;1,0000000000000000;1,0000000000000000
2021-07-14;60+;4;4,0;4;4;4;4;4;4;4;4;4;4;10;10,0;10,0;10;10;10;10;10;10;10;10;10,0;1,0000000000000000;1,000000000000000;1,000000000000000;1,0000000000000000;1,0000000000000000;1,0000000000000000;1,0000000000000000;1,0000000000000000;1,0000000000000000;1,0000000000000000;1,0000000000000000
2021-07-14;alle;4;4,0;4;4;4;4;4;4;4;4;4;4;16;16,0;16,0;16;16;16;16;16;16;16;16;16,0;NA;NA;NA;NA;NA;NA;NA;NA;NA;NA;NA
2021-07-13;0-60;4;4,0;4;4;4;4;4;4;4;4;4;4;7;7,0;7,0;7;7;7;7;7;7;7;7;7,0;1,0000000000000000;1,000000000000000;1,000000000000000;1,0000000000000000;1,0000000000000000;1,0000000000000000;1,0000000000000000;1,0000000000000000;1,0000000000000000;1,0000000000000000;1,0000000000000000
2021-07-13;60+;2;2,0;2;2;2;2;2;2;2;2;2;2;7;7,0;7,0;7;7;7;7;7;7;7;7;7,0;1,0000000000000000;1,000000000000000;1,000000000000000;1,0000000000000000;1,0000000000000000;1,0000000000000000;1,0000000000000000;1,0000000000000000;1,0000000000000000;1,0000000000000000;1,0000000000000000
2021-07-13;alle;6;6,0;6;6;6;6;6;6;6;6;6;6;14;14,0;14,0;14;14;14;14;14;14;14;14;14,0;NA;NA;NA;NA;NA;NA;NA;NA;NA;NA;NA
2021-07-12;0-60;0;0,0;0;0;0;0;0;0;0;0;0;0;6;6,0;6,0;6;6;6;6;6;6;6;6;6,0;1,0000000000000000;1,000000000000000;1,000000000000000;1,0000000000000000;1,0000000000000000;1,0000000000000000;1,0000000000000000;1,0000000000000000;1,0000000000000000;1,0000000000000000;1,0000000000000000
2021-07-12;60+;0;0,0;0;0;0;0;0;0;0;0;0;0;6;6,0;6,0;6;6;6;6;6;6;6;6;6,0;1,0000000000000000;1,000000000000000;1,000000000000000;1,0000000000000000;1,0000000000000000;1,0000000000000000;1,0000000000000000;1,0000000000000000;1,0000000000000000;1,0000000000000000;1,0000000000000000
2021-07-12;alle;0;0,0;0;0;0;0;0;0;0;0;0;0;12;12,0;12,0;12;12;12;12;12;12;12;12;12,0;NA;NA;NA;NA;NA;NA;NA;NA;NA;NA;NA
2021-07-11;0-60;1;1,0;1;1;1;1;1;1;1;1;1;1;6;6,0;6,0;6;6;6;6;6;6;6;6;6,0;1,0000000000000000;1,000000000000000;1,000000000000000;1,0000000000000000;1,0000000000000000;1,0000000000000000;1,0000000000000000;1,0000000000000000;1,0000000000000000;1,0000000000000000;1,0000000000000000
2021-07-11;60+;1;1,0;1;1;1;1;1;1;1;1;1;1;6;6,0;6,0;6;6;6;6;6;6;6;6;6,0;1,0000000000000000;1,000000000000000;1,000000000000000;1,0000000000000000;1,0000000000000000;1,0000000000000000;1,0000000000000000;1,0000000000000000;1,0000000000000000;1,0000000000000000;1,0000000000000000
2021-07-11;alle;2;2,0;2;2;2;2;2;2;2;2;2;2;12;12,0;12,0;12;12;12;12;12;12;12;12;12,0;NA;NA;NA;NA;NA;NA;NA;NA;NA;NA;NA
2021-07-10;0-60;0;0,0;0;0;0;0;0;0;0;0;0;0;5;5,0;5,0;5;5;5;5;5;5;5;5;5,0;1,0000000000000000;1,000000000000000;1,000000000000000;1,0000000000000000;1,0000000000000000;1,0000000000000000;1,0000000000000000;1,0000000000000000;1,0000000000000000;1,0000000000000000;1,0000000000000000
2021-07-10;60+;0;0,0;0;0;0;0;0;0;0;0;0;0;5;5,0;5,0;5;5;5;5;5;5;5;5;5,0;1,0000000000000000;1,000000000000000;1,000000000000000;1,0000000000000000;1,0000000000000000;1,0000000000000000;1,0000000000000000;1,0000000000000000;1,0000000000000000;1,0000000000000000;1,0000000000000000
2021-07-10;alle;0;0,0;0;0;0;0;0;0;0;0;0;0;10;10,0;10,0;10;10;10;10;10;10;10;10;10,0;NA;NA;NA;NA;NA;NA;NA;NA;NA;NA;NA
2021-07-09;0-60;0;0,0;0;0;0;0;0;0;0;0;0;0;5;5,0;5,0;5;5;5;5;5;5;5;5;5,0;1,0000000000000000;1,000000000000000;1,000000000000000;1,0000000000000000;1,0000000000000000;1,0000000000000000;1,0000000000000000;1,0000000000000000;1,0000000000000000;1,0000000000000000;1,0000000000000000
2021-07-09;60+;2;2,0;2;2;2;2;2;2;2;2;2;2;6;6,0;6,0;6;6;6;6;6;6;6;6;6,0;1,0000000000000000;1,000000000000000;1,000000000000000;1,0000000000000000;1,0000000000000000;1,0000000000000000;1,0000000000000000;1,0000000000000000;1,0000000000000000;1,0000000000000000;1,0000000000000000
2021-07-09;alle;2;2,0;2;2;2;2;2;2;2;2;2;2;11;11,0;11,0;11;11;11;11;11;11;11;11;11,0;NA;NA;NA;NA;NA;NA;NA;NA;NA;NA;NA
2021-07-08;0-60;1;1,0;1;1;1;1;1;1;1;1;1;1;5;5,0;5,0;5;5;5;5;5;5;5;5;5,0;1,0000000000000000;1,000000000000000;1,000000000000000;1,0000000000000000;1,0000000000000000;1,0000000000000000;1,0000000000000000;1,0000000000000000;1,0000000000000000;1,0000000000000000;1,0000000000000000
2021-07-08;60+;1;1,0;1;1;1;1;1;1;1;1;1;1;6;6,0;6,0;6;6;6;6;6;6;6;6;6,0;1,0000000000000000;1,000000000000000;1,000000000000000;1,0000000000000000;1,0000000000000000;1,0000000000000000;1,0000000000000000;1,0000000000000000;1,0000000000000000;1,0000000000000000;1,0000000000000000
2021-07-08;alle;2;2,0;2;2;2;2;2;2;2;2;2;2;11;11,0;11,0;11;11;11;11;11;11;11;11;11,0;NA;NA;NA;NA;NA;NA;NA;NA;NA;NA;NA
2021-07-07;0-60;1;1,0;1;1;1;1;1;1;1;1;1;1;4;4,0;4,0;4;4;4;4;4;4;4;4;4,0;1,0000000000000000;1,000000000000000;1,000000000000000;1,0000000000000000;1,0000000000000000;1,0000000000000000;1,0000000000000000;1,0000000000000000;1,0000000000000000;1,0000000000000000;1,0000000000000000
2021-07-07;60+;1;1,0;1;1;1;1;1;1;1;1;1;1;5;5,0;5,0;5;5;5;5;5;5;5;5;5,0;1,0000000000000000;1,000000000000000;1,000000000000000;1,0000000000000000;1,0000000000000000;1,0000000000000000;1,0000000000000000;1,0000000000000000;1,0000000000000000;1,0000000000000000;1,0000000000000000
2021-07-07;alle;2;2,0;2;2;2;2;2;2;2;2;2;2;9;9,0;9,0;9;9;9;9;9;9;9;9;9,0;NA;NA;NA;NA;NA;NA;NA;NA;NA;NA;NA
2021-07-06;0-60;3;3,0;3;3;3;3;3;3;3;3;3;3;3;3,0;3,0;3;3;3;3;3;3;3;3;3,0;1,0000000000000000;1,000000000000000;1,000000000000000;1,0000000000000000;1,0000000000000000;1,0000000000000000;1,0000000000000000;1,0000000000000000;1,0000000000000000;1,0000000000000000;1,0000000000000000
2021-07-06;60+;1;1,0;1;1;1;1;1;1;1;1;1;1;4;4,0;4,0;4;4;4;4;4;4;4;4;4,0;1,0000000000000000;1,000000000000000;1,000000000000000;1,0000000000000000;1,0000000000000000;1,0000000000000000;1,0000000000000000;1,0000000000000000;1,0000000000000000;1,0000000000000000;1,0000000000000000
2021-07-06;alle;4;4,0;4;4;4;4;4;4;4;4;4;4;7;7,0;7,0;7;7;7;7;7;7;7;7;7,0;NA;NA;NA;NA;NA;NA;NA;NA;NA;NA;NA
2021-07-05;0-60;0;0,0;0;0;0;0;0;0;0;0;0;0;0;0,0;0,0;0;0;0;0;NA;NA;NA;NA;NA;1,0000000000000000;1,000000000000000;1,000000000000000;1,0000000000000000;1,0000000000000000;1,0000000000000000;1,0000000000000000;1,0000000000000000;1,0000000000000000;1,0000000000000000;1,0000000000000000
2021-07-05;60+;0;0,0;0;0;0;0;0;0;0;0;0;0;4;4,0;4,0;4;4;4;4;4;4;4;4;4,0;1,0000000000000000;1,000000000000000;1,000000000000000;1,0000000000000000;1,0000000000000000;1,0000000000000000;1,0000000000000000;1,0000000000000000;1,0000000000000000;1,0000000000000000;1,0000000000000000
2021-07-05;alle;0;0,0;0;0;0;0;0;0;0;0;0;0;4;4,0;4,0;4;4;4;4;4;4;4;4;4,0;NA;NA;NA;NA;NA;NA;NA;NA;NA;NA;NA
2021-07-04;0-60;0;0,0;0;0;0;0;0;0;0;0;0;0;0;0,0;0,0;0;0;0;0;NA;NA;NA;NA;NA;1,0000000000000000;1,000000000000000;1,000000000000000;1,0000000000000000;1,0000000000000000;1,0000000000000000;1,0000000000000000;1,0000000000000000;1,0000000000000000;1,0000000000000000;1,0000000000000000
2021-07-04;60+;0;0,0;0;0;0;0;0;0;0;0;0;0;5;5,0;5,0;5;5;5;5;5;5;5;5;5,0;1,0000000000000000;1,000000000000000;1,000000000000000;1,0000000000000000;1,0000000000000000;1,0000000000000000;1,0000000000000000;1,0000000000000000;1,0000000000000000;1,0000000000000000;1,0000000000000000
2021-07-04;alle;0;0,0;0;0;0;0;0;0;0;0;0;0;5;5,0;5,0;5;5;5;5;5;5;5;5;5,0;NA;NA;NA;NA;NA;NA;NA;NA;NA;NA;NA
2021-07-03;0-60;0;0,0;0;0;0;0;0;0;0;0;0;0;0;0,0;0,0;0;0;0;0;NA;NA;NA;NA;NA;1,0000000000000000;1,000000000000000;1,000000000000000;1,0000000000000000;1,0000000000000000;1,0000000000000000;1,0000000000000000;1,0000000000000000;1,0000000000000000;1,0000000000000000;1,0000000000000000
2021-07-03;60+;1;1,0;1;1;1;1;1;1;1;1;1;1;6;6,0;6,0;6;6;6;6;6;6;6;6;6,0;1,0000000000000000;1,000000000000000;1,000000000000000;1,0000000000000000;1,0000000000000000;1,0000000000000000;1,0000000000000000;1,0000000000000000;1,0000000000000000;1,0000000000000000;1,0000000000000000
2021-07-03;alle;1;1,0;1;1;1;1;1;1;1;1;1;1;6;6,0;6,0;6;6;6;6;6;6;6;6;6,0;NA;NA;NA;NA;NA;NA;NA;NA;NA;NA;NA
2021-07-02;0-60;0;0,0;0;0;0;0;0;0;0;0;0;0;2;2,0;2,0;2;2;2;2;2;2;2;2;2,0;1,0000000000000000;1,000000000000000;1,000000000000000;1,0000000000000000;1,0000000000000000;1,0000000000000000;1,0000000000000000;1,0000000000000000;1,0000000000000000;1,0000000000000000;1,0000000000000000
2021-07-02;60+;2;2,0;2;2;2;2;2;2;2;2;2;2;5;5,0;5,0;5;5;5;5;5;5;5;5;5,0;1,0000000000000000;1,000000000000000;1,000000000000000;1,0000000000000000;1,0000000000000000;1,0000000000000000;1,0000000000000000;1,0000000000000000;1,0000000000000000;1,0000000000000000;1,0000000000000000
2021-07-02;alle;2;2,0;2;2;2;2;2;2;2;2;2;2;7;7,0;7,0;7;7;7;7;7;7;7;7;7,0;NA;NA;NA;NA;NA;NA;NA;NA;NA;NA;NA
2021-07-01;0-60;0;0,0;0;0;0;0;0;0;0;0;0;0;4;4,0;4,0;4;4;4;4;4;4;4;4;4,0;1,0000000000000000;1,000000000000000;1,000000000000000;1,0000000000000000;1,0000000000000000;1,0000000000000000;1,0000000000000000;1,0000000000000000;1,0000000000000000;1,0000000000000000;1,0000000000000000
2021-07-01;60+;0;0,0;0;0;0;0;0;0;0;0;0;0;4;4,0;4,0;4;4;4;4;4;4;4;4;4,0;1,0000000000000000;1,000000000000000;1,000000000000000;1,0000000000000000;1,0000000000000000;1,0000000000000000;1,0000000000000000;1,0000000000000000;1,0000000000000000;1,0000000000000000;1,0000000000000000
2021-07-01;alle;0;0,0;0;0;0;0;0;0;0;0;0;0;8;8,0;8,0;8;8;8;8;8;8;8;8;8,0;NA;NA;NA;NA;NA;NA;NA;NA;NA;NA;NA
2021-06-30;0-60;0;0,0;0;0;0;0;0;0;0;0;0;0;6;6,0;6,0;6;6;6;6;6;6;6;6;6,0;1,0000000000000000;1,000000000000000;1,000000000000000;1,0000000000000000;1,0000000000000000;1,0000000000000000;1,0000000000000000;1,0000000000000000;1,0000000000000000;1,0000000000000000;1,0000000000000000
2021-06-30;60+;0;0,0;0;0;0;0;0;0;0;0;0;0;5;5,0;5,0;5;5;5;5;5;5;5;5;5,0;1,0000000000000000;1,000000000000000;1,000000000000000;1,0000000000000000;1,0000000000000000;1,0000000000000000;1,0000000000000000;1,0000000000000000;1,0000000000000000;1,0000000000000000;1,0000000000000000
2021-06-30;alle;0;0,0;0;0;0;0;0;0;0;0;0;0;11;11,0;11,0;11;11;11;11;11;11;11;11;11,0;NA;NA;NA;NA;NA;NA;NA;NA;NA;NA;NA
2021-06-29;0-60;0;0,0;0;0;0;0;0;0;0;0;0;0;7;7,0;7,0;7;7;7;7;7;7;7;7;7,0;1,0000000000000000;1,000000000000000;1,000000000000000;1,0000000000000000;1,0000000000000000;1,0000000000000000;1,0000000000000000;1,0000000000000000;1,0000000000000000;1,0000000000000000;1,0000000000000000
2021-06-29;60+;1;1,0;1;1;1;1;1;1;1;1;1;1;9;9,0;9,0;9;9;9;9;9;9;9;9;9,0;1,0000000000000000;1,000000000000000;1,000000000000000;1,0000000000000000;1,0000000000000000;1,0000000000000000;1,0000000000000000;1,0000000000000000;1,0000000000000000;1,0000000000000000;1,0000000000000000
2021-06-29;alle;1;1,0;1;1;1;1;1;1;1;1;1;1;16;16,0;16,0;16;16;16;16;16;16;16;16;16,0;NA;NA;NA;NA;NA;NA;NA;NA;NA;NA;NA
2021-06-28;0-60;0;0,0;0;0;0;0;0;0;0;0;0;0;11;11,0;11,0;11;11;11;11;11;11;11;11;11,0;1,0000000000000000;1,000000000000000;1,000000000000000;1,0000000000000000;1,0000000000000000;1,0000000000000000;1,0000000000000000;1,0000000000000000;1,0000000000000000;1,0000000000000000;1,0000000000000000
2021-06-28;60+;1;1,0;1;1;1;1;1;1;1;1;1;1;10;10,0;10,0;10;10;10;10;10;10;10;10;10,0;1,0000000000000000;1,000000000000000;1,000000000000000;1,0000000000000000;1,0000000000000000;1,0000000000000000;1,0000000000000000;1,0000000000000000;1,0000000000000000;1,0000000000000000;1,0000000000000000
2021-06-28;alle;1;1,0;1;1;1;1;1;1;1;1;1;1;21;21,0;21,0;21;21;21;21;21;21;21;21;21,0;NA;NA;NA;NA;NA;NA;NA;NA;NA;NA;NA
2021-06-27;0-60;0;0,0;0;0;0;0;0;0;0;0;0;0;11;11,0;11,0;11;11;11;11;11;11;11;11;11,0;1,0000000000000000;1,000000000000000;1,000000000000000;1,0000000000000000;1,0000000000000000;1,0000000000000000;1,0000000000000000;1,0000000000000000;1,0000000000000000;1,0000000000000000;1,0000000000000000
2021-06-27;60+;1;1,0;1;1;1;1;1;1;1;1;1;1;9;9,0;9,0;9;9;9;9;9;9;9;9;9,0;1,0000000000000000;1,000000000000000;1,000000000000000;1,0000000000000000;1,0000000000000000;1,0000000000000000;1,0000000000000000;1,0000000000000000;1,0000000000000000;1,0000000000000000;1,0000000000000000
2021-06-27;alle;1;1,0;1;1;1;1;1;1;1;1;1;1;20;20,0;20,0;20;20;20;20;20;20;20;20;20,0;NA;NA;NA;NA;NA;NA;NA;NA;NA;NA;NA
2021-06-26;0-60;2;2,0;2;2;2;2;2;2;2;2;2;2;11;11,0;11,0;11;11;11;11;11;11;11;11;11,0;1,0000000000000000;1,000000000000000;1,000000000000000;1,0000000000000000;1,0000000000000000;1,0000000000000000;1,0000000000000000;1,0000000000000000;1,0000000000000000;1,0000000000000000;1,0000000000000000
2021-06-26;60+;0;0,0;0;0;0;0;0;0;0;0;0;0;9;9,0;9,0;9;9;9;9;9;9;9;9;9,0;1,0000000000000000;1,000000000000000;1,000000000000000;1,0000000000000000;1,0000000000000000;1,0000000000000000;1,0000000000000000;1,0000000000000000;1,0000000000000000;1,0000000000000000;1,0000000000000000
2021-06-26;alle;2;2,0;2;2;2;2;2;2;2;2;2;2;20;20,0;20,0;20;20;20;20;20;20;20;20;20,0;NA;NA;NA;NA;NA;NA;NA;NA;NA;NA;NA
2021-06-25;0-60;2;2,0;2;2;2;2;2;2;2;2;2;2;10;10,0;10,0;10;10;10;10;10;10;10;10;10,0;1,0000000000000000;1,000000000000000;1,000000000000000;1,0000000000000000;1,0000000000000000;1,0000000000000000;1,0000000000000000;1,0000000000000000;1,0000000000000000;1,0000000000000000;1,0000000000000000
2021-06-25;60+;1;1,0;1;1;1;1;1;1;1;1;1;1;11;11,0;11,0;11;11;11;11;11;11;11;11;11,0;1,0000000000000000;1,000000000000000;1,000000000000000;1,0000000000000000;1,0000000000000000;1,0000000000000000;1,0000000000000000;1,0000000000000000;1,0000000000000000;1,0000000000000000;1,0000000000000000
2021-06-25;alle;3;3,0;3;3;3;3;3;3;3;3;3;3;21;21,0;21,0;21;21;21;21;21;21;21;21;21,0;NA;NA;NA;NA;NA;NA;NA;NA;NA;NA;NA
2021-06-24;0-60;2;2,0;2;2;2;2;2;2;2;2;2;2;9;9,0;9,0;9;9;9;9;9;9;9;9;9,0;1,0000000000000000;1,000000000000000;1,000000000000000;1,0000000000000000;1,0000000000000000;1,0000000000000000;1,0000000000000000;1,0000000000000000;1,0000000000000000;1,0000000000000000;1,0000000000000000
2021-06-24;60+;1;1,0;1;1;1;1;1;1;1;1;1;1;13;13,0;13,0;13;13;13;13;13;13;13;13;13,0;1,0000000000000000;1,000000000000000;1,000000000000000;1,0000000000000000;1,0000000000000000;1,0000000000000000;1,0000000000000000;1,0000000000000000;1,0000000000000000;1,0000000000000000;1,0000000000000000
2021-06-24;alle;3;3,0;3;3;3;3;3;3;3;3;3;3;22;22,0;22,0;22;22;22;22;22;22;22;22;22,0;NA;NA;NA;NA;NA;NA;NA;NA;NA;NA;NA
2021-06-23;0-60;1;1,0;1;1;1;1;1;1;1;1;1;1;7;7,0;7,0;7;7;7;7;7;7;7;7;7,0;1,0000000000000000;1,000000000000000;1,000000000000000;1,0000000000000000;1,0000000000000000;1,0000000000000000;1,0000000000000000;1,0000000000000000;1,0000000000000000;1,0000000000000000;1,0000000000000000
2021-06-23;60+;4;4,0;4;4;4;4;4;4;4;4;4;4;14;14,0;14,0;14;14;14;14;14;14;14;14;14,0;1,0000000000000000;1,000000000000000;1,000000000000000;1,0000000000000000;1,0000000000000000;1,0000000000000000;1,0000000000000000;1,0000000000000000;1,0000000000000000;1,0000000000000000;1,0000000000000000
2021-06-23;alle;5;5,0;5;5;5;5;5;5;5;5;5;5;21;21,0;21,0;21;21;21;21;21;21;21;21;21,0;NA;NA;NA;NA;NA;NA;NA;NA;NA;NA;NA
2021-06-22;0-60;4;4,0;4;4;4;4;4;4;4;4;4;4;10;10,0;10,0;10;10;10;10;10;10;10;10;10,0;1,0000000000000000;1,000000000000000;1,000000000000000;1,0000000000000000;1,0000000000000000;1,0000000000000000;1,0000000000000000;1,0000000000000000;1,0000000000000000;1,0000000000000000;1,0000000000000000
2021-06-22;60+;2;2,0;2;2;2;2;2;2;2;2;2;2;13;13,0;13,0;13;13;13;13;13;13;13;13;13,0;1,0000000000000000;1,000000000000000;1,000000000000000;1,0000000000000000;1,0000000000000000;1,0000000000000000;1,0000000000000000;1,0000000000000000;1,0000000000000000;1,0000000000000000;1,0000000000000000
2021-06-22;alle;6;6,0;6;6;6;6;6;6;6;6;6;6;23;23,0;23,0;23;23;23;23;23;23;23;23;23,0;NA;NA;NA;NA;NA;NA;NA;NA;NA;NA;NA
2021-06-21;0-60;0;0,0;0;0;0;0;0;0;0;0;0;0;9;9,0;9,0;9;9;9;9;9;9;9;9;9,0;1,0000000000000000;1,000000000000000;1,000000000000000;1,0000000000000000;1,0000000000000000;1,0000000000000000;1,0000000000000000;1,0000000000000000;1,0000000000000000;1,0000000000000000;1,0000000000000000
2021-06-21;60+;0;0,0;0;0;0;0;0;0;0;0;0;0;17;17,0;17,0;17;17;17;17;17;17;17;17;17,0;1,0000000000000000;1,000000000000000;1,000000000000000;1,0000000000000000;1,0000000000000000;1,0000000000000000;1,0000000000000000;1,0000000000000000;1,0000000000000000;1,0000000000000000;1,0000000000000000
2021-06-21;alle;0;0,0;0;0;0;0;0;0;0;0;0;0;26;26,0;26,0;26;26;26;26;26;26;26;26;26,0;NA;NA;NA;NA;NA;NA;NA;NA;NA;NA;NA
2021-06-20;0-60;0;0,0;0;0;0;0;0;0;0;0;0;0;10;10,0;10,0;10;10;10;10;10;10;10;10;10,0;1,0000000000000000;1,000000000000000;1,000000000000000;1,0000000000000000;1,0000000000000000;1,0000000000000000;1,0000000000000000;1,0000000000000000;1,0000000000000000;1,0000000000000000;1,0000000000000000
2021-06-20;60+;1;1,0;1;1;1;1;1;1;1;1;1;1;19;19,0;19,0;19;19;19;19;19;19;19;19;19,0;1,0000000000000000;1,000000000000000;1,000000000000000;1,0000000000000000;1,0000000000000000;1,0000000000000000;1,0000000000000000;1,0000000000000000;1,0000000000000000;1,0000000000000000;1,0000000000000000
2021-06-20;alle;1;1,0;1;1;1;1;1;1;1;1;1;1;29;29,0;29,0;29;29;29;29;29;29;29;29;29,0;NA;NA;NA;NA;NA;NA;NA;NA;NA;NA;NA
2021-06-19;0-60;1;1,0;1;1;1;1;1;1;1;1;1;1;11;11,0;11,0;11;11;11;11;11;11;11;11;11,0;1,0000000000000000;1,000000000000000;1,000000000000000;1,0000000000000000;1,0000000000000000;1,0000000000000000;1,0000000000000000;1,0000000000000000;1,0000000000000000;1,0000000000000000;1,0000000000000000
2021-06-19;60+;2;2,0;2;2;2;2;2;2;2;2;2;2;18;18,0;18,0;18;18;18;18;18;18;18;18;18,0;1,0000000000000000;1,000000000000000;1,000000000000000;1,0000000000000000;1,0000000000000000;1,0000000000000000;1,0000000000000000;1,0000000000000000;1,0000000000000000;1,0000000000000000;1,0000000000000000
2021-06-19;alle;3;3,0;3;3;3;3;3;3;3;3;3;3;29;29,0;29,0;29;29;29;29;29;29;29;29;29,0;NA;NA;NA;NA;NA;NA;NA;NA;NA;NA;NA
2021-06-18;0-60;1;1,0;1;1;1;1;1;1;1;1;1;1;11;11,0;11,0;11;11;11;11;11;11;11;11;11,0;1,0000000000000000;1,000000000000000;1,000000000000000;1,0000000000000000;1,0000000000000000;1,0000000000000000;1,0000000000000000;1,0000000000000000;1,0000000000000000;1,0000000000000000;1,0000000000000000
2021-06-18;60+;3;3,0;3;3;3;3;3;3;3;3;3;3;21;21,0;21,0;21;21;21;21;21;21;21;21;21,0;1,0000000000000000;1,000000000000000;1,000000000000000;1,0000000000000000;1,0000000000000000;1,0000000000000000;1,0000000000000000;1,0000000000000000;1,0000000000000000;1,0000000000000000;1,0000000000000000
2021-06-18;alle;4;4,0;4;4;4;4;4;4;4;4;4;4;32;32,0;32,0;32;32;32;32;32;32;32;32;32,0;NA;NA;NA;NA;NA;NA;NA;NA;NA;NA;NA
2021-06-17;0-60;0;0,0;0;0;0;0;0;0;0;0;0;0;12;12,0;12,0;12;12;12;12;12;12;12;12;12,0;1,0000000000000000;1,000000000000000;1,000000000000000;1,0000000000000000;1,0000000000000000;1,0000000000000000;1,0000000000000000;1,0000000000000000;1,0000000000000000;1,0000000000000000;1,0000000000000000
2021-06-17;60+;2;2,0;2;2;2;2;2;2;2;2;2;2;22;22,0;22,0;22;22;22;22;22;22;22;22;22,0;1,0000000000000000;1,000000000000000;1,000000000000000;1,0000000000000000;1,0000000000000000;1,0000000000000000;1,0000000000000000;1,0000000000000000;1,0000000000000000;1,0000000000000000;1,0000000000000000
2021-06-17;alle;2;2,0;2;2;2;2;2;2;2;2;2;2;34;34,0;34,0;34;34;34;34;34;34;34;34;34,0;NA;NA;NA;NA;NA;NA;NA;NA;NA;NA;NA
2021-06-16;0-60;4;4,0;4;4;4;4;4;4;4;4;4;4;14;14,0;14,0;14;14;14;14;14;14;14;14;14,0;1,0000000000000000;1,000000000000000;1,000000000000000;1,0000000000000000;1,0000000000000000;1,0000000000000000;1,0000000000000000;1,0000000000000000;1,0000000000000000;1,0000000000000000;1,0000000000000000
2021-06-16;60+;3;3,0;3;3;3;3;3;3;3;3;3;3;28;28,0;28,0;28;28;28;28;28;28;28;28;28,0;1,0000000000000000;1,000000000000000;1,000000000000000;1,0000000000000000;1,0000000000000000;1,0000000000000000;1,0000000000000000;1,0000000000000000;1,0000000000000000;1,0000000000000000;1,0000000000000000
2021-06-16;alle;7;7,0;7;7;7;7;7;7;7;7;7;7;42;42,0;42,0;42;42;42;42;42;42;42;42;42,0;NA;NA;NA;NA;NA;NA;NA;NA;NA;NA;NA
2021-06-15;0-60;3;3,0;3;3;3;3;3;3;3;3;3;3;12;12,0;12,0;12;12;12;12;12;12;12;12;12,0;1,0000000000000000;1,000000000000000;1,000000000000000;1,0000000000000000;1,0000000000000000;1,0000000000000000;1,0000000000000000;1,0000000000000000;1,0000000000000000;1,0000000000000000;1,0000000000000000
2021-06-15;60+;6;6,0;6;6;6;6;6;6;6;6;6;6;30;30,0;30,0;30;30;30;30;30;30;30;30;30,0;1,0000000000000000;1,000000000000000;1,000000000000000;1,0000000000000000;1,0000000000000000;1,0000000000000000;1,0000000000000000;1,0000000000000000;1,0000000000000000;1,0000000000000000;1,0000000000000000
2021-06-15;alle;9;9,0;9;9;9;9;9;9;9;9;9;9;42;42,0;42,0;42;42;42;42;42;42;42;42;42,0;NA;NA;NA;NA;NA;NA;NA;NA;NA;NA;NA
2021-06-14;0-60;1;1,0;1;1;1;1;1;1;1;1;1;1;13;13,0;13,0;13;13;13;13;13;13;13;13;13,0;1,0000000000000000;1,000000000000000;1,000000000000000;1,0000000000000000;1,0000000000000000;1,0000000000000000;1,0000000000000000;1,0000000000000000;1,0000000000000000;1,0000000000000000;1,0000000000000000
2021-06-14;60+;2;2,0;2;2;2;2;2;2;2;2;2;2;30;30,0;30,0;30;30;30;30;30;30;30;30;30,0;1,0000000000000000;1,000000000000000;1,000000000000000;1,0000000000000000;1,0000000000000000;1,0000000000000000;1,0000000000000000;1,0000000000000000;1,0000000000000000;1,0000000000000000;1,0000000000000000
2021-06-14;alle;3;3,0;3;3;3;3;3;3;3;3;3;3;43;43,0;43,0;43;43;43;43;43;43;43;43;43,0;NA;NA;NA;NA;NA;NA;NA;NA;NA;NA;NA
2021-06-13;0-60;1;1,0;1;1;1;1;1;1;1;1;1;1;12;12,0;12,0;12;12;12;12;12;12;12;12;12,0;1,0000000000000000;1,000000000000000;1,000000000000000;1,0000000000000000;1,0000000000000000;1,0000000000000000;1,0000000000000000;1,0000000000000000;1,0000000000000000;1,0000000000000000;1,0000000000000000
2021-06-13;60+;0;0,0;0;0;0;0;0;0;0;0;0;0;31;31,0;31,0;31;31;31;31;31;31;31;31;31,0;1,0000000000000000;1,000000000000000;1,000000000000000;1,0000000000000000;1,0000000000000000;1,0000000000000000;1,0000000000000000;1,0000000000000000;1,0000000000000000;1,0000000000000000;1,0000000000000000
2021-06-13;alle;1;1,0;1;1;1;1;1;1;1;1;1;1;43;43,0;43,0;43;43;43;43;43;43;43;43;43,0;NA;NA;NA;NA;NA;NA;NA;NA;NA;NA;NA
2021-06-12;0-60;1;1,0;1;1;1;1;1;1;1;1;1;1;12;12,0;12,0;12;12;12;12;12;12;12;12;12,0;1,0000000000000000;1,000000000000000;1,000000000000000;1,0000000000000000;1,0000000000000000;1,0000000000000000;1,0000000000000000;1,0000000000000000;1,0000000000000000;1,0000000000000000;1,0000000000000000
2021-06-12;60+;5;5,0;5;5;5;5;5;5;5;5;5;5;38;38,0;38,0;38;38;38;38;38;38;38;38;38,0;1,0000000000000000;1,000000000000000;1,000000000000000;1,0000000000000000;1,0000000000000000;1,0000000000000000;1,0000000000000000;1,0000000000000000;1,0000000000000000;1,0000000000000000;1,0000000000000000
2021-06-12;alle;6;6,0;6;6;6;6;6;6;6;6;6;6;50;50,0;50,0;50;50;50;50;50;50;50;50;50,0;NA;NA;NA;NA;NA;NA;NA;NA;NA;NA;NA
2021-06-11;0-60;2;2,0;2;2;2;2;2;2;2;2;2;2;12;12,0;12,0;12;12;12;12;12;12;12;12;12,0;1,0000000000000000;1,000000000000000;1,000000000000000;1,0000000000000000;1,0000000000000000;1,0000000000000000;1,0000000000000000;1,0000000000000000;1,0000000000000000;1,0000000000000000;1,0000000000000000
2021-06-11;60+;4;4,0;4;4;4;4;4;4;4;4;4;4;37;37,0;37,0;37;37;37;37;37;37;37;37;37,0;1,0000000000000000;1,000000000000000;1,000000000000000;1,0000000000000000;1,0000000000000000;1,0000000000000000;1,0000000000000000;1,0000000000000000;1,0000000000000000;1,0000000000000000;1,0000000000000000
2021-06-11;alle;6;6,0;6;6;6;6;6;6;6;6;6;6;49;49,0;49,0;49;49;49;49;49;49;49;49;49,0;NA;NA;NA;NA;NA;NA;NA;NA;NA;NA;NA
2021-06-10;0-60;2;2,0;2;2;2;2;2;2;2;2;2;2;12;12,0;12,0;12;12;12;12;12;12;12;12;12,0;1,0000000000000000;1,000000000000000;1,000000000000000;1,0000000000000000;1,0000000000000000;1,0000000000000000;1,0000000000000000;1,0000000000000000;1,0000000000000000;1,0000000000000000;1,0000000000000000
2021-06-10;60+;8;8,0;8;8;8;8;8;8;8;8;8;8;40;40,0;40,0;40;40;40;40;40;40;40;40;40,0;1,0000000000000000;1,000000000000000;1,000000000000000;1,0000000000000000;1,0000000000000000;1,0000000000000000;1,0000000000000000;1,0000000000000000;1,0000000000000000;1,0000000000000000;1,0000000000000000
2021-06-10;alle;10;10,0;10;10;10;10;10;10;10;10;10;10;52;52,0;52,0;52;52;52;52;52;52;52;52;52,0;NA;NA;NA;NA;NA;NA;NA;NA;NA;NA;NA
2021-06-09;0-60;2;2,0;2;2;2;2;2;2;2;2;2;2;13;13,0;13,0;13;13;13;13;13;13;13;13;13,0;1,0000000000000000;1,000000000000000;1,000000000000000;1,0000000000000000;1,0000000000000000;1,0000000000000000;1,0000000000000000;1,0000000000000000;1,0000000000000000;1,0000000000000000;1,0000000000000000
2021-06-09;60+;5;5,0;5;5;5;5;5;5;5;5;5;5;43;43,0;43,0;43;43;43;43;43;43;43;43;43,0;1,0000000000000000;1,000000000000000;1,000000000000000;1,0000000000000000;1,0000000000000000;1,0000000000000000;1,0000000000000000;1,0000000000000000;1,0000000000000000;1,0000000000000000;1,0000000000000000
2021-06-09;alle;7;7,0;7;7;7;7;7;7;7;7;7;7;56;56,0;56,0;56;56;56;56;56;56;56;56;56,0;NA;NA;NA;NA;NA;NA;NA;NA;NA;NA;NA
2021-06-08;0-60;4;4,0;4;4;4;4;4;4;4;4;4;4;18;18,0;18,0;18;18;18;18;18;18;18;18;18,0;1,0000000000000000;1,000000000000000;1,000000000000000;1,0000000000000000;1,0000000000000000;1,0000000000000000;1,0000000000000000;1,0000000000000000;1,0000000000000000;1,0000000000000000;1,0000000000000000
2021-06-08;60+;6;6,0;6;6;6;6;6;6;6;6;6;6;48;48,0;48,0;48;48;48;48;48;48;48;48;48,0;1,0000000000000000;1,000000000000000;1,000000000000000;1,0000000000000000;1,0000000000000000;1,0000000000000000;1,0000000000000000;1,0000000000000000;1,0000000000000000;1,0000000000000000;1,0000000000000000
2021-06-08;alle;10;10,0;10;10;10;10;10;10;10;10;10;10;66;66,0;66,0;66;66;66;66;66;66;66;66;66,0;NA;NA;NA;NA;NA;NA;NA;NA;NA;NA;NA
2021-06-07;0-60;0;0,0;0;0;0;0;0;0;0;0;0;0;22;22,0;22,0;22;22;22;22;22;22;22;22;22,0;1,0000000000000000;1,000000000000000;1,000000000000000;1,0000000000000000;1,0000000000000000;1,0000000000000000;1,0000000000000000;1,0000000000000000;1,0000000000000000;1,0000000000000000;1,0000000000000000
2021-06-07;60+;3;3,0;3;3;3;3;3;3;3;3;3;3;61;61,0;61,0;61;61;61;61;61;61;61;61;61,0;1,0000000000000000;1,000000000000000;1,000000000000000;1,0000000000000000;1,0000000000000000;1,0000000000000000;1,0000000000000000;1,0000000000000000;1,0000000000000000;1,0000000000000000;1,0000000000000000
2021-06-07;alle;3;3,0;3;3;3;3;3;3;3;3;3;3;83;83,0;83,0;83;83;83;83;83;83;83;83;83,0;NA;NA;NA;NA;NA;NA;NA;NA;NA;NA;NA
2021-06-06;0-60;1;1,0;1;1;1;1;1;1;1;1;1;1;22;22,0;22,0;22;22;22;22;22;22;22;22;22,0;1,0000000000000000;1,000000000000000;1,000000000000000;1,0000000000000000;1,0000000000000000;1,0000000000000000;1,0000000000000000;1,0000000000000000;1,0000000000000000;1,0000000000000000;1,0000000000000000
2021-06-06;60+;7;7,0;7;7;7;7;7;7;7;7;7;7;61;61,0;61,0;61;61;61;61;61;61;61;61;61,0;1,0000000000000000;1,000000000000000;1,000000000000000;1,0000000000000000;1,0000000000000000;1,0000000000000000;1,0000000000000000;1,0000000000000000;1,0000000000000000;1,0000000000000000;1,0000000000000000
2021-06-06;alle;8;8,0;8;8;8;8;8;8;8;8;8;8;83;83,0;83,0;83;83;83;83;83;83;83;83;83,0;NA;NA;NA;NA;NA;NA;NA;NA;NA;NA;NA
2021-06-05;0-60;1;1,0;1;1;1;1;1;1;1;1;1;1;22;22,0;22,0;22;22;22;22;22;22;22;22;22,0;1,0000000000000000;1,000000000000000;1,000000000000000;1,0000000000000000;1,0000000000000000;1,0000000000000000;1,0000000000000000;1,0000000000000000;1,0000000000000000;1,0000000000000000;1,0000000000000000
2021-06-05;60+;4;4,0;4;4;4;4;4;4;4;4;4;4;64;64,0;64,0;64;64;64;64;64;64;64;64;64,0;1,0000000000000000;1,000000000000000;1,000000000000000;1,0000000000000000;1,0000000000000000;1,0000000000000000;1,0000000000000000;1,0000000000000000;1,0000000000000000;1,0000000000000000;1,0000000000000000
2021-06-05;alle;5;5,0;5;5;5;5;5;5;5;5;5;5;86;86,0;86,0;86;86;86;86;86;86;86;86;86,0;NA;NA;NA;NA;NA;NA;NA;NA;NA;NA;NA
2021-06-04;0-60;2;2,0;2;2;2;2;2;2;2;2;2;2;24;24,0;24,0;24;24;24;24;24;24;24;24;24,0;1,0000000000000000;1,000000000000000;1,000000000000000;1,0000000000000000;1,0000000000000000;1,0000000000000000;1,0000000000000000;1,0000000000000000;1,0000000000000000;1,0000000000000000;1,0000000000000000
2021-06-04;60+;7;7,0;7;7;7;7;7;7;7;7;7;7;72;72,0;72,0;72;72;72;72;72;72;72;72;72,0;1,0000000000000000;1,000000000000000;1,000000000000000;1,0000000000000000;1,0000000000000000;1,0000000000000000;1,0000000000000000;1,0000000000000000;1,0000000000000000;1,0000000000000000;1,0000000000000000
2021-06-04;alle;9;9,0;9;9;9;9;9;9;9;9;9;9;96;96,0;96,0;96;96;96;96;96;96;96;96;96,0;NA;NA;NA;NA;NA;NA;NA;NA;NA;NA;NA
2021-06-03;0-60;3;3,0;3;3;3;3;3;3;3;3;3;3;27;27,0;27,0;27;27;27;27;27;27;27;27;27,0;1,0000000000000000;1,000000000000000;1,000000000000000;1,0000000000000000;1,0000000000000000;1,0000000000000000;1,0000000000000000;1,0000000000000000;1,0000000000000000;1,0000000000000000;1,0000000000000000
2021-06-03;60+;11;11,0;11;11;11;11;11;11;11;11;11;11;79;79,0;79,0;79;79;79;79;79;79;79;79;79,0;1,0000000000000000;1,000000000000000;1,000000000000000;1,0000000000000000;1,0000000000000000;1,0000000000000000;1,0000000000000000;1,0000000000000000;1,0000000000000000;1,0000000000000000;1,0000000000000000
2021-06-03;alle;14;14,0;14;14;14;14;14;14;14;14;14;14;106;106,0;106,0;106;106;106;106;106;106;106;106;106,0;NA;NA;NA;NA;NA;NA;NA;NA;NA;NA;NA
2021-06-02;0-60;7;7,0;7;7;7;7;7;7;7;7;7;7;31;31,0;31,0;31;31;31;31;31;31;31;31;31,0;1,0000000000000000;1,000000000000000;1,000000000000000;1,0000000000000000;1,0000000000000000;1,0000000000000000;1,0000000000000000;1,0000000000000000;1,0000000000000000;1,0000000000000000;1,0000000000000000
2021-06-02;60+;10;10,0;10;10;10;10;10;10;10;10;10;10;92;92,0;92,0;92;92;92;92;92;92;92;92;92,0;1,0000000000000000;1,000000000000000;1,000000000000000;1,0000000000000000;1,0000000000000000;1,0000000000000000;1,0000000000000000;1,0000000000000000;1,0000000000000000;1,0000000000000000;1,0000000000000000
2021-06-02;alle;17;17,0;17;17;17;17;17;17;17;17;17;17;123;123,0;123,0;123;123;123;123;123;123;123;123;123,0;NA;NA;NA;NA;NA;NA;NA;NA;NA;NA;NA
2021-06-01;0-60;8;8,0;8;8;8;8;8;8;8;8;8;8;41;41,0;41,0;41;41;41;41;41;41;41;41;41,0;1,0000000000000000;1,000000000000000;1,000000000000000;1,0000000000000000;1,0000000000000000;1,0000000000000000;1,0000000000000000;1,0000000000000000;1,0000000000000000;1,0000000000000000;1,0000000000000000
2021-06-01;60+;19;19,0;19;19;19;19;19;19;19;19;19;19;113;113,0;113,0;113;113;113;113;113;113;113;113;113,0;1,0000000000000000;1,000000000000000;1,000000000000000;1,0000000000000000;1,0000000000000000;1,0000000000000000;1,0000000000000000;1,0000000000000000;1,0000000000000000;1,0000000000000000;1,0000000000000000
2021-06-01;alle;27;27,0;27;27;27;27;27;27;27;27;27;27;154;154,0;154,0;154;154;154;154;154;154;154;154;154,0;NA;NA;NA;NA;NA;NA;NA;NA;NA;NA;NA
2021-05-31;0-60;0;0,0;0;0;0;0;0;0;0;0;0;0;34;34,0;34,0;34;34;34;34;34;34;34;34;34,0;1,0000000000000000;1,000000000000000;1,000000000000000;1,0000000000000000;1,0000000000000000;1,0000000000000000;1,0000000000000000;1,0000000000000000;1,0000000000000000;1,0000000000000000;1,0000000000000000
2021-05-31;60+;3;3,0;3;3;3;3;3;3;3;3;3;3;103;103,0;103,0;103;103;103;103;103;103;103;103;103,0;1,0000000000000000;1,000000000000000;1,000000000000000;1,0000000000000000;1,0000000000000000;1,0000000000000000;1,0000000000000000;1,0000000000000000;1,0000000000000000;1,0000000000000000;1,0000000000000000
2021-05-31;alle;3;3,0;3;3;3;3;3;3;3;3;3;3;137;137,0;137,0;137;137;137;137;137;137;137;137;137,0;NA;NA;NA;NA;NA;NA;NA;NA;NA;NA;NA
2021-05-30;0-60;1;1,0;1;1;1;1;1;1;1;1;1;1;36;36,0;36,0;36;36;36;36;36;36;36;36;36,0;1,0000000000000000;1,000000000000000;1,000000000000000;1,0000000000000000;1,0000000000000000;1,0000000000000000;1,0000000000000000;1,0000000000000000;1,0000000000000000;1,0000000000000000;1,0000000000000000
2021-05-30;60+;10;10,0;10;10;10;10;10;10;10;10;10;10;110;110,0;110,0;110;110;110;110;110;110;110;110;110,0;1,0000000000000000;1,000000000000000;1,000000000000000;1,0000000000000000;1,0000000000000000;1,0000000000000000;1,0000000000000000;1,0000000000000000;1,0000000000000000;1,0000000000000000;1,0000000000000000
2021-05-30;alle;11;11,0;11;11;11;11;11;11;11;11;11;11;146;146,0;146,0;146;146;146;146;146;146;146;146;146,0;NA;NA;NA;NA;NA;NA;NA;NA;NA;NA;NA
2021-05-29;0-60;3;3,0;3;3;3;3;3;3;3;3;3;3;45;45,0;45,0;45;45;45;45;45;45;45;45;45,0;1,0000000000000000;1,000000000000000;1,000000000000000;1,0000000000000000;1,0000000000000000;1,0000000000000000;1,0000000000000000;1,0000000000000000;1,0000000000000000;1,0000000000000000;1,0000000000000000
2021-05-29;60+;12;12,0;12;12;12;12;12;12;12;12;12;12;107;107,0;107,0;107;107;107;107;107;107;107;107;107,0;1,0000000000000000;1,000000000000000;1,000000000000000;1,0000000000000000;1,0000000000000000;1,0000000000000000;1,0000000000000000;1,0000000000000000;1,0000000000000000;1,0000000000000000;1,0000000000000000
2021-05-29;alle;15;15,0;15;15;15;15;15;15;15;15;15;15;152;152,0;152,0;152;152;152;152;152;152;152;152;152,0;NA;NA;NA;NA;NA;NA;NA;NA;NA;NA;NA
2021-05-28;0-60;5;5,0;5;5;5;5;5;5;5;5;5;5;49;49,0;49,0;49;49;49;49;49;49;49;49;49,0;1,0000000000000000;1,000000000000000;1,000000000000000;1,0000000000000000;1,0000000000000000;1,0000000000000000;1,0000000000000000;1,0000000000000000;1,0000000000000000;1,0000000000000000;1,0000000000000000
2021-05-28;60+;14;14,0;14;14;14;14;14;14;14;14;14;14;129;129,0;129,0;129;129;129;129;129;129;129;129;129,0;1,0000000000000000;1,000000000000000;1,000000000000000;1,0000000000000000;1,0000000000000000;1,0000000000000000;1,0000000000000000;1,0000000000000000;1,0000000000000000;1,0000000000000000;1,0000000000000000
2021-05-28;alle;19;19,0;19;19;19;19;19;19;19;19;19;19;178;178,0;178,0;178;178;178;178;178;178;178;178;178,0;NA;NA;NA;NA;NA;NA;NA;NA;NA;NA;NA
2021-05-27;0-60;7;7,0;7;7;7;7;7;7;7;7;7;7;54;54,0;54,0;54;54;54;54;54;54;54;54;54,0;1,0000000000000000;1,000000000000000;1,000000000000000;1,0000000000000000;1,0000000000000000;1,0000000000000000;1,0000000000000000;1,0000000000000000;1,0000000000000000;1,0000000000000000;1,0000000000000000
2021-05-27;60+;24;24,0;24;24;24;24;24;24;24;24;24;24;133;133,0;133,0;133;133;133;133;133;133;133;133;133,0;1,0000000000000000;1,000000000000000;1,000000000000000;1,0000000000000000;1,0000000000000000;1,0000000000000000;1,0000000000000000;1,0000000000000000;1,0000000000000000;1,0000000000000000;1,0000000000000000
2021-05-27;alle;31;31,0;31;31;31;31;31;31;31;31;31;31;187;187,0;187,0;187;187;187;187;187;187;187;187;187,0;NA;NA;NA;NA;NA;NA;NA;NA;NA;NA;NA
2021-05-26;0-60;17;17,0;17;17;17;17;17;17;17;17;17;17;56;56,0;56,0;56;56;56;56;56;56;56;56;56,0;1,0000000000000000;1,000000000000000;1,000000000000000;1,0000000000000000;1,0000000000000000;1,0000000000000000;1,0000000000000000;1,0000000000000000;1,0000000000000000;1,0000000000000000;1,0000000000000000
2021-05-26;60+;31;31,0;31;31;31;31;31;31;31;31;31;31;148;148,0;148,0;148;148;148;148;148;148;148;148;148,0;1,0000000000000000;1,000000000000000;1,000000000000000;1,0000000000000000;1,0000000000000000;1,0000000000000000;1,0000000000000000;1,0000000000000000;1,0000000000000000;1,0000000000000000;1,0000000000000000
2021-05-26;alle;48;48,0;48;48;48;48;48;48;48;48;48;48;204;204,0;204,0;204;204;204;204;204;204;204;204;204,0;NA;NA;NA;NA;NA;NA;NA;NA;NA;NA;NA
2021-05-25;0-60;1;1,0;1;1;1;1;1;1;1;1;1;1;55;55,0;55,0;55;55;55;55;55;55;55;55;55,0;1,0000000000000000;1,000000000000000;1,000000000000000;1,0000000000000000;1,0000000000000000;1,0000000000000000;1,0000000000000000;1,0000000000000000;1,0000000000000000;1,0000000000000000;1,0000000000000000
2021-05-25;60+;9;9,0;9;9;9;9;9;9;9;9;9;9;150;150,0;150,0;150;150;150;150;150;150;150;150;150,0;1,0000000000000000;1,000000000000000;1,000000000000000;1,0000000000000000;1,0000000000000000;1,0000000000000000;1,0000000000000000;1,0000000000000000;1,0000000000000000;1,0000000000000000;1,0000000000000000
2021-05-25;alle;10;10,0;10;10;10;10;10;10;10;10;10;10;205;205,0;205,0;205;205;205;205;205;205;205;205;205,0;NA;NA;NA;NA;NA;NA;NA;NA;NA;NA;NA
2021-05-24;0-60;2;2,0;2;2;2;2;2;2;2;2;2;2;67;67,0;67,0;67;67;67;67;67;67;67;67;67,0;1,0000000000000000;1,000000000000000;1,000000000000000;1,0000000000000000;1,0000000000000000;1,0000000000000000;1,0000000000000000;1,0000000000000000;1,0000000000000000;1,0000000000000000;1,0000000000000000
2021-05-24;60+;10;10,0;10;10;10;10;10;10;10;10;10;10;182;182,0;182,0;182;182;182;182;182;182;182;182;182,0;1,0000000000000000;1,000000000000000;1,000000000000000;1,0000000000000000;1,0000000000000000;1,0000000000000000;1,0000000000000000;1,0000000000000000;1,0000000000000000;1,0000000000000000;1,0000000000000000
2021-05-24;alle;12;12,0;12;12;12;12;12;12;12;12;12;12;249;249,0;249,0;249;249;249;249;249;249;249;249;249,0;NA;NA;NA;NA;NA;NA;NA;NA;NA;NA;NA
2021-05-23;0-60;10;10,0;10;10;10;10;10;10;10;10;10;10;73;73,0;73,0;73;73;73;73;73;73;73;73;73,0;1,0000000000000000;1,000000000000000;1,000000000000000;1,0000000000000000;1,0000000000000000;1,0000000000000000;1,0000000000000000;1,0000000000000000;1,0000000000000000;1,0000000000000000;1,0000000000000000
2021-05-23;60+;7;7,0;7;7;7;7;7;7;7;7;7;7;189;189,0;189,0;189;189;189;189;189;189;189;189;189,0;1,0000000000000000;1,000000000000000;1,000000000000000;1,0000000000000000;1,0000000000000000;1,0000000000000000;1,0000000000000000;1,0000000000000000;1,0000000000000000;1,0000000000000000;1,0000000000000000
2021-05-23;alle;17;17,0;17;17;17;17;17;17;17;17;17;17;262;262,0;262,0;262;262;262;262;262;262;262;262;262,0;NA;NA;NA;NA;NA;NA;NA;NA;NA;NA;NA
2021-05-22;0-60;7;7,0;7;7;7;7;7;7;7;7;7;7;74;74,0;74,0;74;74;74;74;74;74;74;74;74,0;1,0000000000000000;1,000000000000000;1,000000000000000;1,0000000000000000;1,0000000000000000;1,0000000000000000;1,0000000000000000;1,0000000000000000;1,0000000000000000;1,0000000000000000;1,0000000000000000
2021-05-22;60+;34;34,0;34;34;34;34;34;34;34;34;34;34;204;204,0;204,0;204;204;204;204;204;204;204;204;204,0;1,0000000000000000;1,000000000000000;1,000000000000000;1,0000000000000000;1,0000000000000000;1,0000000000000000;1,0000000000000000;1,0000000000000000;1,0000000000000000;1,0000000000000000;1,0000000000000000
2021-05-22;alle;41;41,0;41;41;41;41;41;41;41;41;41;41;278;278,0;278,0;278;278;278;278;278;278;278;278;278,0;NA;NA;NA;NA;NA;NA;NA;NA;NA;NA;NA
2021-05-21;0-60;10;10,0;10;10;10;10;10;10;10;10;10;10;79;79,0;79,0;79;79;79;79;79;79;79;79;79,0;1,0000000000000000;1,000000000000000;1,000000000000000;1,0000000000000000;1,0000000000000000;1,0000000000000000;1,0000000000000000;1,0000000000000000;1,0000000000000000;1,0000000000000000;1,0000000000000000
2021-05-21;60+;18;18,0;18;18;18;18;18;18;18;18;18;18;200;200,0;200,0;200;200;200;200;200;200;200;200;200,0;1,0000000000000000;1,000000000000000;1,000000000000000;1,0000000000000000;1,0000000000000000;1,0000000000000000;1,0000000000000000;1,0000000000000000;1,0000000000000000;1,0000000000000000;1,0000000000000000
2021-05-21;alle;28;28,0;28;28;28;28;28;28;28;28;28;28;279;279,0;279,0;279;279;279;279;279;279;279;279;279,0;NA;NA;NA;NA;NA;NA;NA;NA;NA;NA;NA
2021-05-20;0-60;9;9,0;9;9;9;9;9;9;9;9;9;9;80;80,0;80,0;80;80;80;80;80;80;80;80;80,0;1,0000000000000000;1,000000000000000;1,000000000000000;1,0000000000000000;1,0000000000000000;1,0000000000000000;1,0000000000000000;1,0000000000000000;1,0000000000000000;1,0000000000000000;1,0000000000000000
2021-05-20;60+;39;39,0;39;39;39;39;39;39;39;39;39;39;213;213,0;213,0;213;213;213;213;213;213;213;213;213,0;1,0000000000000000;1,000000000000000;1,000000000000000;1,0000000000000000;1,0000000000000000;1,0000000000000000;1,0000000000000000;1,0000000000000000;1,0000000000000000;1,0000000000000000;1,0000000000000000
2021-05-20;alle;48;48,0;48;48;48;48;48;48;48;48;48;48;293;293,0;293,0;293;293;293;293;293;293;293;293;293,0;NA;NA;NA;NA;NA;NA;NA;NA;NA;NA;NA
2021-05-19;0-60;16;16,0;16;16;16;16;16;16;16;16;16;16;90;90,0;90,0;90;90;90;90;90;90;90;90;90,0;1,0000000000000000;1,000000000000000;1,000000000000000;1,0000000000000000;1,0000000000000000;1,0000000000000000;1,0000000000000000;1,0000000000000000;1,0000000000000000;1,0000000000000000;1,0000000000000000
2021-05-19;60+;33;33,0;33;33;33;33;33;33;33;33;33;33;231;231,0;231,0;231;231;231;231;231;231;231;231;231,0;1,0000000000000000;1,000000000000000;1,000000000000000;1,0000000000000000;1,0000000000000000;1,0000000000000000;1,0000000000000000;1,0000000000000000;1,0000000000000000;1,0000000000000000;1,0000000000000000
2021-05-19;alle;49;49,0;49;49;49;49;49;49;49;49;49;49;321;321,0;321,0;321;321;321;321;321;321;321;321;321,0;NA;NA;NA;NA;NA;NA;NA;NA;NA;NA;NA
2021-05-18;0-60;13;13,0;13;13;13;13;13;13;13;13;13;13;91;91,0;91,0;91;91;91;91;91;91;91;91;91,0;1,0000000000000000;1,000000000000000;1,000000000000000;1,0000000000000000;1,0000000000000000;1,0000000000000000;1,0000000000000000;1,0000000000000000;1,0000000000000000;1,0000000000000000;1,0000000000000000
2021-05-18;60+;41;41,0;41;41;41;41;41;41;41;41;41;41;239;239,0;239,0;239;239;239;239;239;239;239;239;239,0;1,0000000000000000;1,000000000000000;1,000000000000000;1,0000000000000000;1,0000000000000000;1,0000000000000000;1,0000000000000000;1,0000000000000000;1,0000000000000000;1,0000000000000000;1,0000000000000000
2021-05-18;alle;54;54,0;54;54;54;54;54;54;54;54;54;54;330;330,0;330,0;330;330;330;330;330;330;330;330;330,0;NA;NA;NA;NA;NA;NA;NA;NA;NA;NA;NA
2021-05-17;0-60;8;8,0;8;8;8;8;8;8;8;8;8;8;98;98,0;98,0;98;98;98;98;98;98;98;98;98,0;1,0000000000000000;1,000000000000000;1,000000000000000;1,0000000000000000;1,0000000000000000;1,0000000000000000;1,0000000000000000;1,0000000000000000;1,0000000000000000;1,0000000000000000;1,0000000000000000
2021-05-17;60+;17;17,0;17;17;17;17;17;17;17;17;17;17;239;239,0;239,0;239;239;239;239;239;239;239;239;239,0;1,0000000000000000;1,000000000000000;1,000000000000000;1,0000000000000000;1,0000000000000000;1,0000000000000000;1,0000000000000000;1,0000000000000000;1,0000000000000000;1,0000000000000000;1,0000000000000000
2021-05-17;alle;25;25,0;25;25;25;25;25;25;25;25;25;25;337;337,0;337,0;337;337;337;337;337;337;337;337;337,0;NA;NA;NA;NA;NA;NA;NA;NA;NA;NA;NA
2021-05-16;0-60;11;11,0;11;11;11;11;11;11;11;11;11;11;96;96,0;96,0;96;96;96;96;96;96;96;96;96,0;1,0000000000000000;1,000000000000000;1,000000000000000;1,0000000000000000;1,0000000000000000;1,0000000000000000;1,0000000000000000;1,0000000000000000;1,0000000000000000;1,0000000000000000;1,0000000000000000
2021-05-16;60+;22;22,0;22;22;22;22;22;22;22;22;22;22;243;243,0;243,0;243;243;243;243;243;243;243;243;243,0;1,0000000000000000;1,000000000000000;1,000000000000000;1,0000000000000000;1,0000000000000000;1,0000000000000000;1,0000000000000000;1,0000000000000000;1,0000000000000000;1,0000000000000000;1,0000000000000000
2021-05-16;alle;33;33,0;33;33;33;33;33;33;33;33;33;33;339;339,0;339,0;339;339;339;339;339;339;339;339;339,0;NA;NA;NA;NA;NA;NA;NA;NA;NA;NA;NA
2021-05-15;0-60;12;12,0;12;12;12;12;12;12;12;12;12;12;97;97,0;97,0;97;97;97;97;97;97;97;97;97,0;1,0000000000000000;1,000000000000000;1,000000000000000;1,0000000000000000;1,0000000000000000;1,0000000000000000;1,0000000000000000;1,0000000000000000;1,0000000000000000;1,0000000000000000;1,0000000000000000
2021-05-15;60+;30;30,0;30;30;30;30;30;30;30;30;30;30;253;253,0;253,0;253;253;253;253;253;253;253;253;253,0;1,0000000000000000;1,000000000000000;1,000000000000000;1,0000000000000000;1,0000000000000000;1,0000000000000000;1,0000000000000000;1,0000000000000000;1,0000000000000000;1,0000000000000000;1,0000000000000000
2021-05-15;alle;42;42,0;42;42;42;42;42;42;42;42;42;42;350;350,0;350,0;350;350;350;350;350;350;350;350;350,0;NA;NA;NA;NA;NA;NA;NA;NA;NA;NA;NA
2021-05-14;0-60;11;11,0;11;11;11;11;11;11;11;11;11;11;102;102,0;102,0;102;102;102;102;102;102;102;102;102,0;1,0000000000000000;1,000000000000000;1,000000000000000;1,0000000000000000;1,0000000000000000;1,0000000000000000;1,0000000000000000;1,0000000000000000;1,0000000000000000;1,0000000000000000;1,0000000000000000
2021-05-14;60+;31;31,0;31;31;31;31;31;31;31;31;31;31;268;268,0;268,0;268;268;268;268;268;268;268;268;268,0;1,0000000000000000;1,000000000000000;1,000000000000000;1,0000000000000000;1,0000000000000000;1,0000000000000000;1,0000000000000000;1,0000000000000000;1,0000000000000000;1,0000000000000000;1,0000000000000000
2021-05-14;alle;42;42,0;42;42;42;42;42;42;42;42;42;42;370;370,0;370,0;370;370;370;370;370;370;370;370;370,0;NA;NA;NA;NA;NA;NA;NA;NA;NA;NA;NA
2021-05-13;0-60;19;19,0;19;19;19;19;19;19;19;19;19;19;106;106,0;106,0;106;106;106;106;106;106;106;106;106,0;1,0000000000000000;1,000000000000000;1,000000000000000;1,0000000000000000;1,0000000000000000;1,0000000000000000;1,0000000000000000;1,0000000000000000;1,0000000000000000;1,0000000000000000;1,0000000000000000
2021-05-13;60+;57;57,0;57;57;57;57;57;57;57;57;57;57;278;278,0;278,0;278;278;278;278;278;278;278;278;278,0;1,0000000000000000;1,000000000000000;1,000000000000000;1,0000000000000000;1,0000000000000000;1,0000000000000000;1,0000000000000000;1,0000000000000000;1,0000000000000000;1,0000000000000000;1,0000000000000000
2021-05-13;alle;76;76,0;76;76;76;76;76;76;76;76;76;76;384;384,0;384,0;384;384;384;384;384;384;384;384;384,0;NA;NA;NA;NA;NA;NA;NA;NA;NA;NA;NA
2021-05-12;0-60;17;17,0;17;17;17;17;17;17;17;17;17;17;124;124,0;124,0;124;124;124;124;124;124;124;124;124,0;1,0000000000000000;1,000000000000000;1,000000000000000;1,0000000000000000;1,0000000000000000;1,0000000000000000;1,0000000000000000;1,0000000000000000;1,0000000000000000;1,0000000000000000;1,0000000000000000
2021-05-12;60+;41;41,0;41;41;41;41;41;41;41;41;41;41;271;271,0;271,0;271;271;271;271;271;271;271;271;271,0;1,0000000000000000;1,000000000000000;1,000000000000000;1,0000000000000000;1,0000000000000000;1,0000000000000000;1,0000000000000000;1,0000000000000000;1,0000000000000000;1,0000000000000000;1,0000000000000000
2021-05-12;alle;58;58,0;58;58;58;58;58;58;58;58;58;58;395;395,0;395,0;395;395;395;395;395;395;395;395;395,0;NA;NA;NA;NA;NA;NA;NA;NA;NA;NA;NA
2021-05-11;0-60;20;20,0;20;20;20;20;20;20;20;20;20;20;137;137,0;137,0;137;137;137;137;137;137;137;137;137,0;1,0000000000000000;1,000000000000000;1,000000000000000;1,0000000000000000;1,0000000000000000;1,0000000000000000;1,0000000000000000;1,0000000000000000;1,0000000000000000;1,0000000000000000;1,0000000000000000
2021-05-11;60+;41;41,0;41;41;41;41;41;41;41;41;41;41;279;279,0;279,0;279;279;279;279;279;279;279;279;279,0;1,0000000000000000;1,000000000000000;1,000000000000000;1,0000000000000000;1,0000000000000000;1,0000000000000000;1,0000000000000000;1,0000000000000000;1,0000000000000000;1,0000000000000000;1,0000000000000000
2021-05-11;alle;61;61,0;61;61;61;61;61;61;61;61;61;61;416;416,0;416,0;416;416;416;416;416;416;416;416;416,0;NA;NA;NA;NA;NA;NA;NA;NA;NA;NA;NA
2021-05-10;0-60;6;6,0;6;6;6;6;6;6;6;6;6;6;146;146,0;146,0;146;146;146;146;146;146;146;146;146,0;1,0000000000000000;1,000000000000000;1,000000000000000;1,0000000000000000;1,0000000000000000;1,0000000000000000;1,0000000000000000;1,0000000000000000;1,0000000000000000;1,0000000000000000;1,0000000000000000
2021-05-10;60+;21;21,0;21;21;21;21;21;21;21;21;21;21;298;298,0;298,0;298;298;298;298;298;298;298;298;298,0;1,0000000000000000;1,000000000000000;1,000000000000000;1,0000000000000000;1,0000000000000000;1,0000000000000000;1,0000000000000000;1,0000000000000000;1,0000000000000000;1,0000000000000000;1,0000000000000000
2021-05-10;alle;27;27,0;27;27;27;27;27;27;27;27;27;27;444;444,0;444,0;444;444;444;444;444;444;444;444;444,0;NA;NA;NA;NA;NA;NA;NA;NA;NA;NA;NA
2021-05-09;0-60;12;12,0;12;12;12;12;12;12;12;12;12;12;150;150,0;150,0;150;150;150;150;150;150;150;150;150,0;1,0000000000000000;1,000000000000000;1,000000000000000;1,0000000000000000;1,0000000000000000;1,0000000000000000;1,0000000000000000;1,0000000000000000;1,0000000000000000;1,0000000000000000;1,0000000000000000
2021-05-09;60+;32;32,0;32;32;32;32;32;32;32;32;32;32;303;303,0;303,0;303;303;303;303;303;303;303;303;303,0;1,0000000000000000;1,000000000000000;1,000000000000000;1,0000000000000000;1,0000000000000000;1,0000000000000000;1,0000000000000000;1,0000000000000000;1,0000000000000000;1,0000000000000000;1,0000000000000000
2021-05-09;alle;44;44,0;44;44;44;44;44;44;44;44;44;44;453;453,0;453,0;453;453;453;453;453;453;453;453;453,0;NA;NA;NA;NA;NA;NA;NA;NA;NA;NA;NA
2021-05-08;0-60;17;17,0;17;17;17;17;17;17;17;17;17;17;153;153,0;153,0;153;153;153;153;153;153;153;153;153,0;1,0000000000000000;1,000000000000000;1,000000000000000;1,0000000000000000;1,0000000000000000;1,0000000000000000;1,0000000000000000;1,0000000000000000;1,0000000000000000;1,0000000000000000;1,0000000000000000
2021-05-08;60+;45;45,0;45;45;45;45;45;45;45;45;45;45;312;312,0;312,0;312;312;312;312;312;312;312;312;312,0;1,0000000000000000;1,000000000000000;1,000000000000000;1,0000000000000000;1,0000000000000000;1,0000000000000000;1,0000000000000000;1,0000000000000000;1,0000000000000000;1,0000000000000000;1,0000000000000000
2021-05-08;alle;62;62,0;62;62;62;62;62;62;62;62;62;62;465;465,0;465,0;465;465;465;465;465;465;465;465;465,0;NA;NA;NA;NA;NA;NA;NA;NA;NA;NA;NA
2021-05-07;0-60;15;15,0;15;15;15;15;15;15;15;15;15;15;155;155,0;155,0;155;155;155;155;155;155;155;155;155,0;1,0000000000000000;1,000000000000000;1,000000000000000;1,0000000000000000;1,0000000000000000;1,0000000000000000;1,0000000000000000;1,0000000000000000;1,0000000000000000;1,0000000000000000;1,0000000000000000
2021-05-07;60+;41;41,0;41;41;41;41;41;41;41;41;41;41;316;316,0;316,0;316;316;316;316;316;316;316;316;316,0;1,0000000000000000;1,000000000000000;1,000000000000000;1,0000000000000000;1,0000000000000000;1,0000000000000000;1,0000000000000000;1,0000000000000000;1,0000000000000000;1,0000000000000000;1,0000000000000000
2021-05-07;alle;56;56,0;56;56;56;56;56;56;56;56;56;56;471;471,0;471,0;471;471;471;471;471;471;471;471;471,0;NA;NA;NA;NA;NA;NA;NA;NA;NA;NA;NA
2021-05-06;0-60;37;37,0;37;37;37;37;37;37;37;37;37;37;158;158,0;158,0;158;158;158;158;158;158;158;158;158,0;1,0000000000000000;1,000000000000000;1,000000000000000;1,0000000000000000;1,0000000000000000;1,0000000000000000;1,0000000000000000;1,0000000000000000;1,0000000000000000;1,0000000000000000;1,0000000000000000
2021-05-06;60+;50;50,0;50;50;50;50;50;50;50;50;50;50;326;326,0;326,0;326;326;326;326;326;326;326;326;326,0;1,0000000000000000;1,000000000000000;1,000000000000000;1,0000000000000000;1,0000000000000000;1,0000000000000000;1,0000000000000000;1,0000000000000000;1,0000000000000000;1,0000000000000000;1,0000000000000000
2021-05-06;alle;87;87,0;87;87;87;87;87;87;87;87;87;87;484;484,0;484,0;484;484;484;484;484;484;484;484;484,0;NA;NA;NA;NA;NA;NA;NA;NA;NA;NA;NA
2021-05-05;0-60;30;30,0;30;30;30;30;30;30;30;30;30;30;140;140,0;140,0;140;140;140;140;140;140;140;140;140,0;1,0000000000000000;1,000000000000000;1,000000000000000;1,0000000000000000;1,0000000000000000;1,0000000000000000;1,0000000000000000;1,0000000000000000;1,0000000000000000;1,0000000000000000;1,0000000000000000
2021-05-05;60+;49;49,0;49;49;49;49;49;49;49;49;49;49;326;326,0;326,0;326;326;326;326;326;326;326;326;326,0;1,0000000000000000;1,000000000000000;1,000000000000000;1,0000000000000000;1,0000000000000000;1,0000000000000000;1,0000000000000000;1,0000000000000000;1,0000000000000000;1,0000000000000000;1,0000000000000000
2021-05-05;alle;79;79,0;79;79;79;79;79;79;79;79;79;79;466;466,0;466,0;466;466;466;466;466;466;466;466;466,0;NA;NA;NA;NA;NA;NA;NA;NA;NA;NA;NA
2021-05-04;0-60;29;29,0;29;29;29;29;29;29;29;29;29;29;135;135,0;135,0;135;135;135;135;135;135;135;135;135,0;1,0000000000000000;1,000000000000000;1,000000000000000;1,0000000000000000;1,0000000000000000;1,0000000000000000;1,0000000000000000;1,0000000000000000;1,0000000000000000;1,0000000000000000;1,0000000000000000
2021-05-04;60+;60;60,0;60;60;60;60;60;60;60;60;60;60;343;343,0;343,0;343;343;343;343;343;343;343;343;343,0;1,0000000000000000;1,000000000000000;1,000000000000000;1,0000000000000000;1,0000000000000000;1,0000000000000000;1,0000000000000000;1,0000000000000000;1,0000000000000000;1,0000000000000000;1,0000000000000000
2021-05-04;alle;89;89,0;89;89;89;89;89;89;89;89;89;89;478;478,0;478,0;478;478;478;478;478;478;478;478;478,0;NA;NA;NA;NA;NA;NA;NA;NA;NA;NA;NA
2021-05-03;0-60;10;10,0;10;10;10;10;10;10;10;10;10;10;125;125,0;125,0;125;125;125;125;125;125;125;125;125,0;1,0000000000000000;1,000000000000000;1,000000000000000;1,0000000000000000;1,0000000000000000;1,0000000000000000;1,0000000000000000;1,0000000000000000;1,0000000000000000;1,0000000000000000;1,0000000000000000
2021-05-03;60+;26;26,0;26;26;26;26;26;26;26;26;26;26;343;343,0;343,0;343;343;343;343;343;343;343;343;343,0;1,0000000000000000;1,000000000000000;1,000000000000000;1,0000000000000000;1,0000000000000000;1,0000000000000000;1,0000000000000000;1,0000000000000000;1,0000000000000000;1,0000000000000000;1,0000000000000000
2021-05-03;alle;36;36,0;36;36;36;36;36;36;36;36;36;36;468;468,0;468,0;468;468;468;468;468;468;468;468;468,0;NA;NA;NA;NA;NA;NA;NA;NA;NA;NA;NA
2021-05-02;0-60;15;15,0;15;15;15;15;15;15;15;15;15;15;130;130,0;130,0;130;130;130;130;130;130;130;130;130,0;1,0000000000000000;1,000000000000000;1,000000000000000;1,0000000000000000;1,0000000000000000;1,0000000000000000;1,0000000000000000;1,0000000000000000;1,0000000000000000;1,0000000000000000;1,0000000000000000
2021-05-02;60+;41;41,0;41;41;41;41;41;41;41;41;41;41;342;342,0;342,0;342;342;342;342;342;342;342;342;342,0;1,0000000000000000;1,000000000000000;1,000000000000000;1,0000000000000000;1,0000000000000000;1,0000000000000000;1,0000000000000000;1,0000000000000000;1,0000000000000000;1,0000000000000000;1,0000000000000000
2021-05-02;alle;56;56,0;56;56;56;56;56;56;56;56;56;56;472;472,0;472,0;472;472;472;472;472;472;472;472;472,0;NA;NA;NA;NA;NA;NA;NA;NA;NA;NA;NA
2021-05-01;0-60;19;19,0;19;19;19;19;19;19;19;19;19;19;132;132,0;132,0;132;132;132;132;132;132;132;132;132,0;1,0000000000000000;1,000000000000000;1,000000000000000;1,0000000000000000;1,0000000000000000;1,0000000000000000;1,0000000000000000;1,0000000000000000;1,0000000000000000;1,0000000000000000;1,0000000000000000
2021-05-01;60+;49;49,0;49;49;49;49;49;49;49;49;49;49;339;339,0;339,0;339;339;339;339;339;339;339;339;339,0;1,0000000000000000;1,000000000000000;1,000000000000000;1,0000000000000000;1,0000000000000000;1,0000000000000000;1,0000000000000000;1,0000000000000000;1,0000000000000000;1,0000000000000000;1,0000000000000000
2021-05-01;alle;68;68,0;68;68;68;68;68;68;68;68;68;68;471;471,0;471,0;471;471;471;471;471;471;471;471;471,0;NA;NA;NA;NA;NA;NA;NA;NA;NA;NA;NA
2021-04-30;0-60;18;18,0;18;18;18;18;18;18;18;18;18;18;133;133,0;133,0;133;133;133;133;133;133;133;133;133,0;1,0000000000000000;1,000000000000000;1,000000000000000;1,0000000000000000;1,0000000000000000;1,0000000000000000;1,0000000000000000;1,0000000000000000;1,0000000000000000;1,0000000000000000;1,0000000000000000
2021-04-30;60+;51;51,0;51;51;51;51;51;51;51;51;51;51;355;355,0;355,0;355;355;355;355;355;355;355;355;355,0;1,0000000000000000;1,000000000000000;1,000000000000000;1,0000000000000000;1,0000000000000000;1,0000000000000000;1,0000000000000000;1,0000000000000000;1,0000000000000000;1,0000000000000000;1,0000000000000000
2021-04-30;alle;69;69,0;69;69;69;69;69;69;69;69;69;69;488;488,0;488,0;488;488;488;488;488;488;488;488;488,0;NA;NA;NA;NA;NA;NA;NA;NA;NA;NA;NA
2021-04-29;0-60;19;19,0;19;19;19;19;19;19;19;19;19;19;137;137,0;137,0;137;137;137;137;137;137;137;137;137,0;1,0000000000000000;1,000000000000000;1,000000000000000;1,0000000000000000;1,0000000000000000;1,0000000000000000;1,0000000000000000;1,0000000000000000;1,0000000000000000;1,0000000000000000;1,0000000000000000
2021-04-29;60+;50;50,0;50;50;50;50;50;50;50;50;50;50;362;362,0;362,0;362;362;362;362;362;362;362;362;362,0;1,0000000000000000;1,000000000000000;1,000000000000000;1,0000000000000000;1,0000000000000000;1,0000000000000000;1,0000000000000000;1,0000000000000000;1,0000000000000000;1,0000000000000000;1,0000000000000000
2021-04-29;alle;69;69,0;69;69;69;69;69;69;69;69;69;69;499;499,0;499,0;499;499;499;499;499;499;499;499;499,0;NA;NA;NA;NA;NA;NA;NA;NA;NA;NA;NA
2021-04-28;0-60;25;25,0;25;25;25;25;25;25;25;25;25;25;139;139,0;139,0;139;139;139;139;139;139;139;139;139,0;1,0000000000000000;1,000000000000000;1,000000000000000;1,0000000000000000;1,0000000000000000;1,0000000000000000;1,0000000000000000;1,0000000000000000;1,0000000000000000;1,0000000000000000;1,0000000000000000
2021-04-28;60+;66;66,0;66;66;66;66;66;66;66;66;66;66;372;372,0;372,0;372;372;372;372;372;372;372;372;372,0;1,0000000000000000;1,000000000000000;1,000000000000000;1,0000000000000000;1,0000000000000000;1,0000000000000000;1,0000000000000000;1,0000000000000000;1,0000000000000000;1,0000000000000000;1,0000000000000000
2021-04-28;alle;91;91,0;91;91;91;91;91;91;91;91;91;91;511;511,0;511,0;511;511;511;511;511;511;511;511;511,0;NA;NA;NA;NA;NA;NA;NA;NA;NA;NA;NA
2021-04-27;0-60;19;19,0;19;19;19;19;19;19;19;19;19;19;151;151,0;151,0;151;151;151;151;151;151;151;151;151,0;1,0000000000000000;1,000000000000000;1,000000000000000;1,0000000000000000;1,0000000000000000;1,0000000000000000;1,0000000000000000;1,0000000000000000;1,0000000000000000;1,0000000000000000;1,0000000000000000
2021-04-27;60+;60;60,0;60;60;60;60;60;60;60;60;60;60;384;384,0;384,0;384;384;384;384;384;384;384;384;384,0;1,0000000000000000;1,000000000000000;1,000000000000000;1,0000000000000000;1,0000000000000000;1,0000000000000000;1,0000000000000000;1,0000000000000000;1,0000000000000000;1,0000000000000000;1,0000000000000000
2021-04-27;alle;79;79,0;79;79;79;79;79;79;79;79;79;79;535;535,0;535,0;535;535;535;535;535;535;535;535;535,0;NA;NA;NA;NA;NA;NA;NA;NA;NA;NA;NA
2021-04-26;0-60;15;15,0;15;15;15;15;15;15;15;15;15;15;155;155,0;155,0;155;155;155;155;155;155;155;155;155,0;1,0000000000000000;1,000000000000000;1,000000000000000;1,0000000000000000;1,0000000000000000;1,0000000000000000;1,0000000000000000;1,0000000000000000;1,0000000000000000;1,0000000000000000;1,0000000000000000
2021-04-26;60+;25;25,0;25;25;25;25;25;25;25;25;25;25;400;400,0;400,0;400;400;400;400;400;400;400;400;400,0;1,0000000000000000;1,000000000000000;1,000000000000000;1,0000000000000000;1,0000000000000000;1,0000000000000000;1,0000000000000000;1,0000000000000000;1,0000000000000000;1,0000000000000000;1,0000000000000000
2021-04-26;alle;40;40,0;40;40;40;40;40;40;40;40;40;40;555;555,0;555,0;555;555;555;555;555;555;555;555;555,0;NA;NA;NA;NA;NA;NA;NA;NA;NA;NA;NA
2021-04-25;0-60;17;17,0;17;17;17;17;17;17;17;17;17;17;144;144,0;144,0;144;144;144;144;144;144;144;144;144,0;1,0000000000000000;1,000000000000000;1,000000000000000;1,0000000000000000;1,0000000000000000;1,0000000000000000;1,0000000000000000;1,0000000000000000;1,0000000000000000;1,0000000000000000;1,0000000000000000
2021-04-25;60+;38;38,0;38;38;38;38;38;38;38;38;38;38;410;410,0;410,0;410;410;410;410;410;410;410;410;410,0;1,0000000000000000;1,000000000000000;1,000000000000000;1,0000000000000000;1,0000000000000000;1,0000000000000000;1,0000000000000000;1,0000000000000000;1,0000000000000000;1,0000000000000000;1,0000000000000000
2021-04-25;alle;55;55,0;55;55;55;55;55;55;55;55;55;55;554;554,0;554,0;554;554;554;554;554;554;554;554;554,0;NA;NA;NA;NA;NA;NA;NA;NA;NA;NA;NA
2021-04-24;0-60;20;20,0;20;20;20;20;20;20;20;20;20;20;145;145,0;145,0;145;145;145;145;145;145;145;145;145,0;1,0000000000000000;1,000000000000000;1,000000000000000;1,0000000000000000;1,0000000000000000;1,0000000000000000;1,0000000000000000;1,0000000000000000;1,0000000000000000;1,0000000000000000;1,0000000000000000
2021-04-24;60+;65;65,0;65;65;65;65;65;65;65;65;65;65;408;408,0;408,0;408;408;408;408;408;408;408;408;408,0;1,0000000000000000;1,000000000000000;1,000000000000000;1,0000000000000000;1,0000000000000000;1,0000000000000000;1,0000000000000000;1,0000000000000000;1,0000000000000000;1,0000000000000000;1,0000000000000000
2021-04-24;alle;85;85,0;85;85;85;85;85;85;85;85;85;85;553;553,0;553,0;553;553;553;553;553;553;553;553;553,0;NA;NA;NA;NA;NA;NA;NA;NA;NA;NA;NA
2021-04-23;0-60;22;22,0;22;22;22;22;22;22;22;22;22;22;148;148,0;148,0;148;148;148;148;148;148;148;148;148,0;1,0000000000000000;1,000000000000000;1,000000000000000;1,0000000000000000;1,0000000000000000;1,0000000000000000;1,0000000000000000;1,0000000000000000;1,0000000000000000;1,0000000000000000;1,0000000000000000
2021-04-23;60+;58;58,0;58;58;58;58;58;58;58;58;58;58;396;396,0;396,0;396;396;396;396;396;396;396;396;396,0;1,0000000000000000;1,000000000000000;1,000000000000000;1,0000000000000000;1,0000000000000000;1,0000000000000000;1,0000000000000000;1,0000000000000000;1,0000000000000000;1,0000000000000000;1,0000000000000000
2021-04-23;alle;80;80,0;80;80;80;80;80;80;80;80;80;80;544;544,0;544,0;544;544;544;544;544;544;544;544;544,0;NA;NA;NA;NA;NA;NA;NA;NA;NA;NA;NA
2021-04-22;0-60;21;21,0;21;21;21;21;21;21;21;21;21;21;150;150,0;150,0;150;150;150;150;150;150;150;150;150,0;1,0000000000000000;1,000000000000000;1,000000000000000;1,0000000000000000;1,0000000000000000;1,0000000000000000;1,0000000000000000;1,0000000000000000;1,0000000000000000;1,0000000000000000;1,0000000000000000
2021-04-22;60+;60;60,0;60;60;60;60;60;60;60;60;60;60;395;395,0;395,0;395;395;395;395;395;395;395;395;395,0;1,0000000000000000;1,000000000000000;1,000000000000000;1,0000000000000000;1,0000000000000000;1,0000000000000000;1,0000000000000000;1,0000000000000000;1,0000000000000000;1,0000000000000000;1,0000000000000000
2021-04-22;alle;81;81,0;81;81;81;81;81;81;81;81;81;81;545;545,0;545,0;545;545;545;545;545;545;545;545;545,0;NA;NA;NA;NA;NA;NA;NA;NA;NA;NA;NA
2021-04-21;0-60;37;37,0;37;37;37;37;37;37;37;37;37;37;158;158,0;158,0;158;158;158;158;158;158;158;158;158,0;1,0000000000000000;1,000000000000000;1,000000000000000;1,0000000000000000;1,0000000000000000;1,0000000000000000;1,0000000000000000;1,0000000000000000;1,0000000000000000;1,0000000000000000;1,0000000000000000
2021-04-21;60+;78;78,0;78;78;78;78;78;78;78;78;78;78;425;425,0;425,0;425;425;425;425;425;425;425;425;425,0;1,0000000000000000;1,000000000000000;1,000000000000000;1,0000000000000000;1,0000000000000000;1,0000000000000000;1,0000000000000000;1,0000000000000000;1,0000000000000000;1,0000000000000000;1,0000000000000000
2021-04-21;alle;115;115,0;115;115;115;115;115;115;115;115;115;115;583;583,0;583,0;583;583;583;583;583;583;583;583;583,0;NA;NA;NA;NA;NA;NA;NA;NA;NA;NA;NA
2021-04-20;0-60;23;23,0;23;23;23;23;23;23;23;23;23;23;158;158,0;158,0;158;158;158;158;158;158;158;158;158,0;1,0000000000000000;1,000000000000000;1,000000000000000;1,0000000000000000;1,0000000000000000;1,0000000000000000;1,0000000000000000;1,0000000000000000;1,0000000000000000;1,0000000000000000;1,0000000000000000
2021-04-20;60+;76;76,0;76;76;76;76;76;76;76;76;76;76;423;423,0;423,0;423;423;423;423;423;423;423;423;423,0;1,0000000000000000;1,000000000000000;1,000000000000000;1,0000000000000000;1,0000000000000000;1,0000000000000000;1,0000000000000000;1,0000000000000000;1,0000000000000000;1,0000000000000000;1,0000000000000000
2021-04-20;alle;99;99,0;99;99;99;99;99;99;99;99;99;99;581;581,0;581,0;581;581;581;581;581;581;581;581;581,0;NA;NA;NA;NA;NA;NA;NA;NA;NA;NA;NA
2021-04-19;0-60;4;4,0;4;4;4;4;4;4;4;4;4;4;163;163,0;163,0;163;163;163;163;163;163;163;163;163,0;1,0000000000000000;1,000000000000000;1,000000000000000;1,0000000000000000;1,0000000000000000;1,0000000000000000;1,0000000000000000;1,0000000000000000;1,0000000000000000;1,0000000000000000;1,0000000000000000
2021-04-19;60+;35;35,0;35;35;35;35;35;35;35;35;35;35;415;415,0;415,0;415;415;415;415;415;415;415;415;415,0;1,0000000000000000;1,000000000000000;1,000000000000000;1,0000000000000000;1,0000000000000000;1,0000000000000000;1,0000000000000000;1,0000000000000000;1,0000000000000000;1,0000000000000000;1,0000000000000000
2021-04-19;alle;39;39,0;39;39;39;39;39;39;39;39;39;39;578;578,0;578,0;578;578;578;578;578;578;578;578;578,0;NA;NA;NA;NA;NA;NA;NA;NA;NA;NA;NA
2021-04-18;0-60;18;18,0;18;18;18;18;18;18;18;18;18;18;172;172,0;172,0;172;172;172;172;172;172;172;172;172,0;1,0000000000000000;1,000000000000000;1,000000000000000;1,0000000000000000;1,0000000000000000;1,0000000000000000;1,0000000000000000;1,0000000000000000;1,0000000000000000;1,0000000000000000;1,0000000000000000
2021-04-18;60+;36;36,0;36;36;36;36;36;36;36;36;36;36;422;422,0;422,0;422;422;422;422;422;422;422;422;422,0;1,0000000000000000;1,000000000000000;1,000000000000000;1,0000000000000000;1,0000000000000000;1,0000000000000000;1,0000000000000000;1,0000000000000000;1,0000000000000000;1,0000000000000000;1,0000000000000000
2021-04-18;alle;54;54,0;54;54;54;54;54;54;54;54;54;54;594;594,0;594,0;594;594;594;594;594;594;594;594;594,0;NA;NA;NA;NA;NA;NA;NA;NA;NA;NA;NA
2021-04-17;0-60;23;23,0;23;23;23;23;23;23;23;23;23;23;166;166,0;166,0;166;166;166;166;166;166;166;166;166,0;1,0000000000000000;1,000000000000000;1,000000000000000;1,0000000000000000;1,0000000000000000;1,0000000000000000;1,0000000000000000;1,0000000000000000;1,0000000000000000;1,0000000000000000;1,0000000000000000
2021-04-17;60+;53;53,0;53;53;53;53;53;53;53;53;53;53;427;427,0;427,0;427;427;427;427;427;427;427;427;427,0;1,0000000000000000;1,000000000000000;1,000000000000000;1,0000000000000000;1,0000000000000000;1,0000000000000000;1,0000000000000000;1,0000000000000000;1,0000000000000000;1,0000000000000000;1,0000000000000000
2021-04-17;alle;76;76,0;76;76;76;76;76;76;76;76;76;76;593;593,0;593,0;593;593;593;593;593;593;593;593;593,0;NA;NA;NA;NA;NA;NA;NA;NA;NA;NA;NA
2021-04-16;0-60;24;24,0;24;24;24;24;24;24;24;24;24;24;172;172,0;172,0;172;172;172;172;172;172;172;172;172,0;1,0000000000000000;1,000000000000000;1,000000000000000;1,0000000000000000;1,0000000000000000;1,0000000000000000;1,0000000000000000;1,0000000000000000;1,0000000000000000;1,0000000000000000;1,0000000000000000
2021-04-16;60+;57;57,0;57;57;57;57;57;57;57;57;57;57;441;441,0;441,0;441;441;441;441;441;441;441;441;441,0;1,0000000000000000;1,000000000000000;1,000000000000000;1,0000000000000000;1,0000000000000000;1,0000000000000000;1,0000000000000000;1,0000000000000000;1,0000000000000000;1,0000000000000000;1,0000000000000000
2021-04-16;alle;81;81,0;81;81;81;81;81;81;81;81;81;81;613;613,0;613,0;613;613;613;613;613;613;613;613;613,0;NA;NA;NA;NA;NA;NA;NA;NA;NA;NA;NA
2021-04-15;0-60;29;29,0;29;29;29;29;29;29;29;29;29;29;180;180,0;180,0;180;180;180;180;180;180;180;180;180,0;1,0000000000000000;1,000000000000000;1,000000000000000;1,0000000000000000;1,0000000000000000;1,0000000000000000;1,0000000000000000;1,0000000000000000;1,0000000000000000;1,0000000000000000;1,0000000000000000
2021-04-15;60+;90;90,0;90;90;90;90;90;90;90;90;90;90;467;467,0;467,0;467;467;467;467;467;467;467;467;467,0;1,0000000000000000;1,000000000000000;1,000000000000000;1,0000000000000000;1,0000000000000000;1,0000000000000000;1,0000000000000000;1,0000000000000000;1,0000000000000000;1,0000000000000000;1,0000000000000000
2021-04-15;alle;119;119,0;119;119;119;119;119;119;119;119;119;119;647;647,0;647,0;647;647;647;647;647;647;647;647;647,0;NA;NA;NA;NA;NA;NA;NA;NA;NA;NA;NA
2021-04-14;0-60;37;37,0;37;37;37;37;37;37;37;37;37;37;196;196,0;196,0;196;196;196;196;196;196;196;196;196,0;1,0000000000000000;1,000000000000000;1,000000000000000;1,0000000000000000;1,0000000000000000;1,0000000000000000;1,0000000000000000;1,0000000000000000;1,0000000000000000;1,0000000000000000;1,0000000000000000
2021-04-14;60+;76;76,0;76;76;76;76;76;76;76;76;76;76;462;462,0;462,0;462;462;462;462;462;462;462;462;462,0;1,0000000000000000;1,000000000000000;1,000000000000000;1,0000000000000000;1,0000000000000000;1,0000000000000000;1,0000000000000000;1,0000000000000000;1,0000000000000000;1,0000000000000000;1,0000000000000000
2021-04-14;alle;113;113,0;113;113;113;113;113;113;113;113;113;113;658;658,0;658,0;658;658;658;658;658;658;658;658;658,0;NA;NA;NA;NA;NA;NA;NA;NA;NA;NA;NA
2021-04-13;0-60;28;28,0;28;28;28;28;28;28;28;28;28;28;178;178,0;178,0;178;178;178;178;178;178;178;178;178,0;1,0000000000000000;1,000000000000000;1,000000000000000;1,0000000000000000;1,0000000000000000;1,0000000000000000;1,0000000000000000;1,0000000000000000;1,0000000000000000;1,0000000000000000;1,0000000000000000
2021-04-13;60+;68;68,0;68;68;68;68;68;68;68;68;68;68;455;455,0;455,0;455;455;455;455;455;455;455;455;455,0;1,0000000000000000;1,000000000000000;1,000000000000000;1,0000000000000000;1,0000000000000000;1,0000000000000000;1,0000000000000000;1,0000000000000000;1,0000000000000000;1,0000000000000000;1,0000000000000000
2021-04-13;alle;96;96,0;96;96;96;96;96;96;96;96;96;96;633;633,0;633,0;633;633;633;633;633;633;633;633;633,0;NA;NA;NA;NA;NA;NA;NA;NA;NA;NA;NA
2021-04-12;0-60;13;13,0;13;13;13;13;13;13;13;13;13;13;167;167,0;167,0;167;167;167;167;167;167;167;167;167,0;1,0000000000000000;1,000000000000000;1,000000000000000;1,0000000000000000;1,0000000000000000;1,0000000000000000;1,0000000000000000;1,0000000000000000;1,0000000000000000;1,0000000000000000;1,0000000000000000
2021-04-12;60+;42;42,0;42;42;42;42;42;42;42;42;42;42;435;435,0;435,0;435;435;435;435;435;435;435;435;435,0;1,0000000000000000;1,000000000000000;1,000000000000000;1,0000000000000000;1,0000000000000000;1,0000000000000000;1,0000000000000000;1,0000000000000000;1,0000000000000000;1,0000000000000000;1,0000000000000000
2021-04-12;alle;55;55,0;55;55;55;55;55;55;55;55;55;55;602;602,0;602,0;602;602;602;602;602;602;602;602;602,0;NA;NA;NA;NA;NA;NA;NA;NA;NA;NA;NA
2021-04-11;0-60;12;12,0;12;12;12;12;12;12;12;12;12;12;NA;NA;NA;NA;NA;NA;NA;NA;NA;NA;NA;NA;1,0000000000000000;1,000000000000000;1,000000000000000;1,0000000000000000;1,0000000000000000;1,0000000000000000;1,0000000000000000;1,0000000000000000;1,0000000000000000;1,0000000000000000;1,0000000000000000
2021-04-11;60+;41;41,0;41;41;41;41;41;41;41;41;41;41;NA;NA;NA;NA;NA;NA;NA;NA;NA;NA;NA;NA;1,0000000000000000;1,000000000000000;1,000000000000000;1,0000000000000000;1,0000000000000000;1,0000000000000000;1,0000000000000000;1,0000000000000000;1,0000000000000000;1,0000000000000000;1,0000000000000000
2021-04-11;alle;53;53,0;53;53;53;53;53;53;53;53;53;53;NA;NA;NA;NA;NA;NA;NA;NA;NA;NA;NA;NA;NA;NA;NA;NA;NA;NA;NA;NA;NA;NA;NA
2021-04-10;0-60;29;29,0;29;29;29;29;29;29;29;29;29;29;NA;NA;NA;NA;NA;NA;NA;NA;NA;NA;NA;NA;1,0000000000000000;1,000000000000000;1,000000000000000;1,0000000000000000;1,0000000000000000;1,0000000000000000;1,0000000000000000;1,0000000000000000;1,0000000000000000;1,0000000000000000;1,0000000000000000
2021-04-10;60+;67;67,0;67;67;67;67;67;67;67;67;67;67;NA;NA;NA;NA;NA;NA;NA;NA;NA;NA;NA;NA;1,0000000000000000;1,000000000000000;1,000000000000000;1,0000000000000000;1,0000000000000000;1,0000000000000000;1,0000000000000000;1,0000000000000000;1,0000000000000000;1,0000000000000000;1,0000000000000000
2021-04-10;alle;96;96,0;96;96;96;96;96;96;96;96;96;96;NA;NA;NA;NA;NA;NA;NA;NA;NA;NA;NA;NA;NA;NA;NA;NA;NA;NA;NA;NA;NA;NA;NA
2021-04-09;0-60;32;32,0;32;32;32;32;32;32;32;32;32;32;NA;NA;NA;NA;NA;NA;NA;NA;NA;NA;NA;NA;1,0000000000000000;1,000000000000000;1,000000000000000;1,0000000000000000;1,0000000000000000;1,0000000000000000;1,0000000000000000;1,0000000000000000;1,0000000000000000;1,0000000000000000;1,0000000000000000
2021-04-09;60+;83;83,0;83;83;83;83;83;83;83;83;83;83;NA;NA;NA;NA;NA;NA;NA;NA;NA;NA;NA;NA;1,0000000000000000;1,000000000000000;1,000000000000000;1,0000000000000000;1,0000000000000000;1,0000000000000000;1,0000000000000000;1,0000000000000000;1,0000000000000000;1,0000000000000000;1,0000000000000000
2021-04-09;alle;115;115,0;115;115;115;115;115;115;115;115;115;115;NA;NA;NA;NA;NA;NA;NA;NA;NA;NA;NA;NA;NA;NA;NA;NA;NA;NA;NA;NA;NA;NA;NA
2021-04-08;0-60;45;45,0;45;45;45;45;45;45;45;45;45;45;NA;NA;NA;NA;NA;NA;NA;NA;NA;NA;NA;NA;1,0000000000000000;1,000000000000000;1,000000000000000;1,0000000000000000;1,0000000000000000;1,0000000000000000;1,0000000000000000;1,0000000000000000;1,0000000000000000;1,0000000000000000;1,0000000000000000
2021-04-08;60+;85;85,0;85;85;85;85;85;85;85;85;85;85;NA;NA;NA;NA;NA;NA;NA;NA;NA;NA;NA;NA;1,0000000000000000;1,000000000000000;1,000000000000000;1,0000000000000000;1,0000000000000000;1,0000000000000000;1,0000000000000000;1,0000000000000000;1,0000000000000000;1,0000000000000000;1,0000000000000000
2021-04-08;alle;130;130,0;130;130;130;130;130;130;130;130;130;130;NA;NA;NA;NA;NA;NA;NA;NA;NA;NA;NA;NA;NA;NA;NA;NA;NA;NA;NA;NA;NA;NA;NA
2021-04-07;0-60;19;19,0;19;19;19;19;19;19;19;19;19;19;NA;NA;NA;NA;NA;NA;NA;NA;NA;NA;NA;NA;1,0000000000000000;1,000000000000000;1,000000000000000;1,0000000000000000;1,0000000000000000;1,0000000000000000;1,0000000000000000;1,0000000000000000;1,0000000000000000;1,0000000000000000;1,0000000000000000
2021-04-07;60+;69;69,0;69;69;69;69;69;69;69;69;69;69;NA;NA;NA;NA;NA;NA;NA;NA;NA;NA;NA;NA;1,0000000000000000;1,000000000000000;1,000000000000000;1,0000000000000000;1,0000000000000000;1,0000000000000000;1,0000000000000000;1,0000000000000000;1,0000000000000000;1,0000000000000000;1,0000000000000000
2021-04-07;alle;88;88,0;88;88;88;88;88;88;88;88;88;88;NA;NA;NA;NA;NA;NA;NA;NA;NA;NA;NA;NA;NA;NA;NA;NA;NA;NA;NA;NA;NA;NA;NA
2021-04-06;0-60;17;17,0;17;17;17;17;17;17;17;17;17;17;NA;NA;NA;NA;NA;NA;NA;NA;NA;NA;NA;NA;1,0000000000000000;1,000000000000000;1,000000000000000;1,0000000000000000;1,0000000000000000;1,0000000000000000;1,0000000000000000;1,0000000000000000;1,0000000000000000;1,0000000000000000;1,0000000000000000
2021-04-06;60+;48;48,0;48;48;48;48;48;48;48;48;48;48;NA;NA;NA;NA;NA;NA;NA;NA;NA;NA;NA;NA;1,0000000000000000;1,000000000000000;1,000000000000000;1,0000000000000000;1,0000000000000000;1,0000000000000000;1,0000000000000000;1,0000000000000000;1,0000000000000000;1,0000000000000000;1,0000000000000000
2021-04-06;alle;65;65,0;65;65;65;65;65;65;65;65;65;65;NA;NA;NA;NA;NA;NA;NA;NA;NA;NA;NA;NA;NA;NA;NA;NA;NA;NA;NA;NA;NA;NA;NA
