"date";"age60";"reported";"nowcast_est";"nowcast_0.025";"nowcast_0.1";"nowcast_0.25";"nowcast_0.5";"nowcast_0.75";"nowcast_0.8";"nowcast_0.85";"nowcast_0.9";"nowcast_0.95";"nowcast_0.975";"reported7";"nowcast7_est";"nowcast7_0.025";"nowcast7_0.1";"nowcast7_0.25";"nowcast7_0.5";"nowcast7_0.75";"nowcast7_0.8";"nowcast7_0.85";"nowcast7_0.9";"nowcast7_0.95";"nowcast7_0.975";"F_est";"F_0.025";"F_0.1";"F_0.25";"F_0.5";"F_0.75";"F_0.8";"F_0.85";"F_0.9";"F_0.95";"F_0.975"
"2022-03-22";"0-60";1;3,1;1;1;2;3;4;4;5;5;6;7;63;87,1;68,1305810564663;70,7794666666667;78,2133333333333;87;101,146666666667;93;94;107,558133333333;98;111,328267759563;0,324243583039696;0,401779155890347;0,375647666148545;0,350749010799489;0,323486155703089;0,297570453612842;0,290952953256329;0,283121444082818;0,274045670388943;0,260501839594847;0,247538378242479
"2022-03-22";"60+";10;32,9;22;26;29;33;37;39;40;42;45;47;157;240,5;196,641820824524;207,105664122137;226,906538461538;242;257,291923076923;254;257;284,666702290076;267;301,154928646934;0,304252983047786;0,378631320217637;0,352127788814289;0,328840904853596;0,303825104504189;0,279635382634099;0,273889195816801;0,267298336741704;0,258331199212066;0,245111746691255;0,234186608685918
"2022-03-22";"alle";11;36;25;28;32;36;41;42;44;45;48;51;220;327,6;274,525451430314;282,60384;305,814620689655;329;358,00875862069;344;347;386,627220645161;360;403,365841074117;NA;NA;NA;NA;NA;NA;NA;NA;NA;NA;NA
"2022-03-21";"0-60";3;7,6;4;5;6;8;9;10;10;11;12;13;74;97,7;79,4818451730419;82,2989333333333;87,0933333333333;98;110,026666666667;103;104;116,778933333333;108;120,801371584699;0,39488276628362;0,491368519187566;0,456570881881641;0,427686988670571;0,393881904018921;0,359910540763255;0,351390667442713;0,341304101550485;0,32883362824524;0,309949182299243;0,294239877957861
"2022-03-21";"60+";7;18,2;12;14;16;18;21;22;23;24;26;28;195;263,1;225,587259513742;234,8764;251,745461538462;264;277,333153846154;274;277;299,510598473282;285;313,303617864693;0,384735586993693;0,478927635894651;0,446063820181544;0,416438767329119;0,383777042530243;0,350568063804296;0,34233961513462;0,332851894522392;0,321398321547682;0,302471297960916;0,287366918407359
"2022-03-21";"alle";10;25,8;18;20;23;26;29;30;31;33;36;38;269;360,9;314,940517724076;322,435540645161;342,972448275862;362;386,089344827586;375;378;411,944030967742;389;424,550998465819;NA;NA;NA;NA;NA;NA;NA;NA;NA;NA;NA
"2022-03-20";"0-60";1;2;1;1;1;2;3;3;3;3;4;4;78;98,4;82,6234535519126;83,6885333333333;88,6533333333333;99;108,72;103;104;115,869866666667;108;120,186659380692;0,493025950334236;0,572072328597411;0,545472185774879;0,519724746931967;0,491863431211325;0,461791076482244;0,454493492847401;0,446076582279916;0,436034312749573;0,420610899289001;0,405410477510911
"2022-03-20";"60+";4;8,2;5;6;7;8;10;10;10;11;12;13;201;260,6;227,753023255814;235,608109923664;250,045076923077;261;274,033538461538;271;273;293,778888549618;280;304,271548625793;0,486633534026629;0,563829278015858;0,537393538237355;0,51291986199925;0,485512923494555;0,456930855486811;0,4495333059443;0,441002309879899;0,430634825374783;0,416762997408914;0,402216501850948
"2022-03-20";"alle";5;10,2;6;7;9;10;12;12;13;14;15;16;279;359;316,694200415468;325,131922580645;343,114827586207;360;381,693103448276;372;374;404,963819354839;383;414,766735815975;NA;NA;NA;NA;NA;NA;NA;NA;NA;NA;NA
"2022-03-19";"0-60";7;10,8;8;8;9;11;12;13;13;14;15;16;87;108,3;90,8331092896175;93,8184;98,84;109;118,906666666667;113;115;125,999733333333;118;130,274475409836;0,647217420196505;0,707835351315602;0,687114891914988;0,667771198192188;0,644400254095838;0,620567214081527;0,614380691434516;0,607456409942481;0,598824319517668;0,585174293727773;0,572569594692374
"2022-03-19";"60+";28;43,7;36;38;41;44;47;48;49;50;52;54;222;283;249,406501057082;257,146320610687;273,404615384615;284;295,793846153846;293;295;315,317099236641;303;327,79133192389;0,640356621742233;0,699516932701527;0,678851319801756;0,660079755090999;0,638230434195867;0,614623611280047;0,608565082466346;0,601585393012269;0,592823827045143;0,579860184035061;0,567570796879416
"2022-03-19";"alle";35;54,5;45;48;51;55;59;59;61;62;64;66;309;391,3;348,417303148406;356,706178064516;374,734034482759;392;415,581620689655;404;407;436,53807483871;416;448,412829439119;NA;NA;NA;NA;NA;NA;NA;NA;NA;NA;NA
"2022-03-18";"0-60";12;16,3;13;14;15;16;18;18;19;19;20;21;98;118,3;100,833109289617;103,8184;108,84;119;128,906666666667;123;124;135,999733333333;128;140,274475409836;0,736562851249553;0,786082490619489;0,769553257366738;0,753838169881067;0,733829649526062;0,714036691490699;0,708666552229147;0,702404171595329;0,694331295979563;0,682401218780143;0,671821712740594
"2022-03-18";"60+";30;41,2;35;37;39;41;44;45;45;47;48;50;236;288,7;259,399003699789;265,647135877863;279,584384615385;289;300,374384615385;298;300;319,508967938931;306;328,452307082452;0,72750906186058;0,776544675697962;0,75997616578935;0,743867768274123;0,725365362604429;0,70514707429944;0,699970257653222;0,693960661713923;0,686575356043125;0,674514157312304;0,662573938143061
"2022-03-18";"alle";42;57,5;50;52;55;58;61;62;63;64;66;68;334;407;368,54018219588;375,551070967742;393,384137931035;408;427,423793103448;419;421;448,125522580645;430;458,920754035562;NA;NA;NA;NA;NA;NA;NA;NA;NA;NA;NA
"2022-03-17";"0-60";14;17,6;14;15;16;17;19;19;20;20;21;22;96;113,3;97,7112695810565;101,117066666667;103,84;114;123,906666666667;118;119;128,701066666667;122;133,396315118397;0,79738153848565;0,836706244531093;0,823086808234372;0,810557014138579;0,795849100289262;0,77943199053602;0,774976500401667;0,770111661262534;0,763875993454386;0,753303092908947;0,744316949942505
"2022-03-17";"60+";33;41,9;36;38;40;42;44;45;46;46;48;49;233;278,5;251,438570295983;258,032503816794;271,303461538462;279;288,895;287;288;305,430916030534;295;314,892957188161;0,786717770471866;0,825147895965951;0,812130002257006;0,799967474263875;0,785207037682766;0,769419941741355;0,764989957541748;0,760248884476934;0,754302457573281;0,744670180022236;0,736682310896825
"2022-03-17";"alle";47;59,5;53;55;57;60;62;63;64;65;67;68;329;391,8;357,570762154333;363,254049032258;378,638;393;410,408344827586;402;405;428,571055483871;412;438,336379542986;NA;NA;NA;NA;NA;NA;NA;NA;NA;NA;NA
"2022-03-16";"0-60";25;29,8;26;27;28;30;31;32;32;33;34;35;103;119;103,974717668488;107,506666666667;110,4;119;130,466666666667;123;124;135,090666666667;127;137,78160291439;0,840157091749472;0,871400299286991;0,860889757783059;0,850649316442629;0,83863820144159;0,825580064702463;0,822095635533627;0,81797179914599;0,813273781105934;0,804876927034753;0,798602836784288
"2022-03-16";"60+";45;54,3;49;50;52;54;57;57;58;59;60;62;240;281,7;256,131614693446;262,956082442748;274,183615384615;282;291,775153846154;289;291;306,045548091603;297;315,853390591966;0,828623609413655;0,859821885240011;0,849427370018289;0,839619197356017;0,827479204669663;0,814438575246994;0,810963777718271;0,807158165177426;0,802580936213543;0,794218992541452;0,786586505950082
"2022-03-16";"alle";70;84,1;77;79;81;84;87;88;89;90;92;93;343;400,7;368,58605213356;374,815112258065;387,764931034483;402;419,535275862069;411;413;435,293821935484;420;445,5056877418;NA;NA;NA;NA;NA;NA;NA;NA;NA;NA;NA
"2022-03-15";"0-60";12;13,7;12;12;13;14;15;15;15;16;16;17;100;113,3;101,467590163934;103,415733333333;106,706666666667;114;121,04;117;118;126,4024;121;131,518154826958;0,876427858351385;0,901790139686865;0,892926240963063;0,884879735917063;0,875034643468082;0,86418641578514;0,861235203603573;0,858022040591632;0,854097407559872;0,847560974951691;0,841251284080032
"2022-03-15";"60+";48;55,5;51;52;54;55;58;58;59;59;61;62;239;276,1;251,651397991543;258,648766412214;269,543153846154;277;285,535461538462;283;285;299,583758778626;290;307,640562896406;0,864953996953823;0,890664871641821;0,882024356650346;0,873692408705492;0,863777897305315;0,852942282452362;0,849916062101566;0,846610723443455;0,842475043290178;0,835858624845782;0,829975557921955
"2022-03-15";"alle";60;69,2;64;65;67;69;72;72;73;74;75;76;339;389,3;359,878239379848;366,80192;377,272655172414;390;406,773689655172;399;400;422,442332903226;407;429,105911427265;NA;NA;NA;NA;NA;NA;NA;NA;NA;NA;NA
"2022-03-14";"0-60";7;8,3;7;7;7;8;9;9;9;10;10;11;106;118,9;106;107,636533333333;113,453333333333;119;127,786666666667;123;124;132,921866666667;127;135,991258652095;0,846064869310968;0,883103236462571;0,869860443310152;0,858104308014922;0,843707419834873;0,827659428039035;0,823606380219619;0,817867211813964;0,810814541562154;0,800510257074969;0,791905652620622
"2022-03-14";"60+";13;15,7;13;14;14;16;17;17;18;18;19;20;232;265;242,604334038055;247,764213740458;258,603076923077;266;274,595384615385;272;273;286,544732824427;278;294,86088794926;0,829426483618452;0,867462877621499;0,855008488836233;0,842418143328039;0,827351679304778;0,810208863026435;0,806068894721094;0,800628625776483;0,793344755442396;0,782061745313998;0,772496655483995
"2022-03-14";"alle";20;23,9;21;22;23;24;25;26;26;27;28;29;338;383,9;357,170426626136;362,369579354839;372,780379310345;385;400,012103448276;393;395;415,590843870968;401;422,552116893141;NA;NA;NA;NA;NA;NA;NA;NA;NA;NA;NA
"2022-03-13";"0-60";10;12;10;10;11;12;13;13;14;14;15;15;106;118,3;106,467590163934;108,415733333333;111,706666666667;119;126,04;122;123;131,4024;126;136,518154826958;0,836522128303505;0,87059247504675;0,859232552400835;0,84737871139995;0,833858977754305;0,818675238356935;0,814992459205861;0,810373300474975;0,804003740513953;0,794843693487517;0,786297196847347
"2022-03-13";"60+";25;30,6;27;28;29;31;32;33;33;34;35;36;231;262,7;240,864225687104;246,110555725191;256,782846153846;263;271,175923076923;269;271;284,89107480916;276;293,120779598309;0,816796211292738;0,852874771828219;0,840268992573775;0,828384710896976;0,814251247343225;0,798688123783263;0,794609103104614;0,789854661995796;0,783718201106608;0,774596188536308;0,765222968779337
"2022-03-13";"alle";35;42,6;38;39;41;43;45;45;46;47;48;49;337;381;354,078127537116;359,227664516129;371,92275862069;382;396,885172413793;389;391;412,448929032258;397;417,536826913914;NA;NA;NA;NA;NA;NA;NA;NA;NA;NA;NA
"2022-03-12";"0-60";18;20,7;18;19;20;21;22;22;23;23;24;25;119;131,8;119,028510018215;120,7664;123,773333333333;132;140,973333333333;136;136;146,051733333333;139;149,079074681239;0,867469881616287;0,894126312511701;0,884961782782171;0,875735442205664;0,864363414122169;0,852282475851021;0,849020574493239;0,845171883405775;0,840232449140462;0,832883310950256;0,824783360090699
"2022-03-12";"60+";42;49,4;45;46;48;49;52;52;53;54;55;56;235;264,5;244,903792283298;248,341450381679;258,902692307692;265;273,295769230769;271;272;284,967496183206;277;293,427735200846;0,849479789590953;0,877306942658069;0,867684675390625;0,858260539359053;0,846721768320716;0,83369610169044;0,830369394296255;0,826429222789044;0,821338942585835;0,813718778369623;0,804736089814787
"2022-03-12";"alle";60;70,2;64;66;68;70;73;73;74;75;77;78;354;396,3;370,72422116026;376,221068387097;386,541965517241;397;411,504379310345;405;406;427,023184516129;412;434,182920537059;NA;NA;NA;NA;NA;NA;NA;NA;NA;NA;NA
"2022-03-11";"0-60";10;11,3;10;10;10;11;12;12;13;13;14;14;116;127,3;116;117,415733333333;120,706666666667;128;135,04;131;132;140,4024;134;143,639994535519;0,885304817349105;0,909686650261709;0,900852452933805;0,892672189551703;0,882868752324151;0,87165366367668;0,86881900104517;0,865341712112635;0,860576598125482;0,853463066614159;0,846987453492355
"2022-03-11";"60+";27;31,1;28;29;30;31;33;33;33;34;35;36;224;248,9;230,423575581395;234,034134351145;244,262230769231;250;257,056076923077;255;256;268,505706870229;260;275,214907505285;0,868838251193396;0,894421292323367;0,885648996141554;0,876951978871592;0,866235419581597;0,854491261068073;0,851645622929528;0,848119067481544;0,843399272846569;0,835223662019097;0,82821051074289
"2022-03-11";"alle";37;42,4;38;40;41;42;44;45;45;46;47;48;340;376,2;352,739511139487;356,362983225806;366,668896551724;377;389,362;384;385;402,326802580645;391;408,506246955461;NA;NA;NA;NA;NA;NA;NA;NA;NA;NA;NA
"2022-03-10";"0-60";21;23,3;21;22;22;23;24;25;25;25;26;27;123;134,1;123;124,675466666667;128,08;134;142,413333333333;138;139;147,662133333333;141;150,815626593807;0,901367538433986;0,922444645728669;0,915183455698992;0,907983901639274;0,899449283660414;0,890083633572874;0,887713520034895;0,884940030726502;0,881062984098128;0,87476063990362;0,86881922467863
"2022-03-10";"60+";40;45,1;41;42;44;45;47;47;48;48;50;51;233;256,5;238,770097780127;242,495923664122;250,902692307692;257;263,696538461538;262;263;274,813022900763;267;281,695124207188;0,887194669984366;0,908783915389887;0,901369874699146;0,894283884447201;0,885403013401523;0,875745060944544;0,873425698294535;0,87067576809689;0,866706259386062;0,860587504562907;0,855395208400893
"2022-03-10";"alle";61;68,4;64;65;67;68;70;71;72;73;74;75;356;390,6;368,29330567361;372,214472258064;382,430482758621;392;405,123586206897;398;400;418,178291612903;405;424,060041489585;NA;NA;NA;NA;NA;NA;NA;NA;NA;NA;NA
"2022-03-09";"0-60";22;24;22;22;23;24;25;25;26;26;27;27;119;128,8;119;120,065066666667;123,64;129;137,973333333333;132;133;140,753066666667;135;144,2009143898;0,9158059390943;0,934031475253424;0,927922289228158;0,921661023879116;0,914188379730328;0,906284336881442;0,904175255921623;0,901511719250232;0,898180691178361;0,893307912863998;0,888354736507411
"2022-03-09";"60+";44;48,7;45;46;47;49;50;51;51;52;53;54;219;238,9;222,289881078224;226,188607633588;234,262230769231;239;245,456846153846;244;245;256,351233587786;249;261,482296511628;0,903956037007854;0,922953383564245;0,916361625010915;0,910069992873636;0,902679077548361;0,894671391698812;0,892475344754261;0,889853827716619;0,886583049329376;0,881416268076567;0,876968932063102
"2022-03-09";"alle";66;72,7;68;70;71;73;75;75;76;76;78;79;338;367,6;347,216296563816;351,633620645161;359,430482758621;369;379,854275862069;374;376;392,759143225806;381;397,214059709173;NA;NA;NA;NA;NA;NA;NA;NA;NA;NA;NA
"2022-03-08";"0-60";18;19,3;18;18;18;19;20;20;21;21;22;22;115;123,5;115;115,454666666667;119,2;124;130,666666666667;127;127;133,844;130;137,586202185792;0,931593842609227;0,94661624442097;0,941444069521334;0,93641756417762;0,930094640376467;0,923105230464446;0,921273113519471;0,919200185562592;0,916316646754035;0,91216583615999;0,907695988139754
"2022-03-08";"60+";41;44,5;41;42;43;44;46;46;47;47;48;49;212;228,8;214,242817124736;218,458528244275;224,322153846154;229;235,516769230769;233;234;244,312207633588;238;249,702621564482;0,922125558679727;0,93772411162747;0,932260187356788;0,927075594453706;0,920746311552249;0,913834163987389;0,911929769963626;0,909805014317902;0,906937281479541;0,902791825161996;0,898633018136363
"2022-03-08";"alle";59;63,8;60;61;62;64;65;66;66;67;68;69;327;352,3;334,416184721084;337,05936516129;344,811275862069;353;362,96575862069;359;360;375,765739354839;364;380,567966086028;NA;NA;NA;NA;NA;NA;NA;NA;NA;NA;NA
"2022-03-07";"0-60";7;7,7;7;7;7;8;8;8;9;9;9;10;111;118,7;111;111;113,826666666667;119;125,293333333333;122;122;128,584266666667;125;132,410570127505;0,911276184637871;0,933697793999567;0,926112501803275;0,918163495554106;0,908577473316671;0,898050179131883;0,895065765037758;0,891665551868069;0,887036284612654;0,879241802695312;0,871940666969956
"2022-03-07";"60+";12;13,3;12;12;12;13;14;14;15;15;16;16;196;210,1;196,849230972516;199,112186259542;206,741615384615;210;216,337;214;215;224,965865648855;219;228,576424418605;0,899703788076748;0,92351017737297;0,915247123696656;0,907033575153864;0,897172206478634;0,886092222358264;0,883238238639778;0,879585761833933;0,874647381176146;0,866703623631522;0,859839914256809
"2022-03-07";"alle";19;21;19;19;20;21;22;22;23;23;24;25;307;328,7;311,969979255208;314,910854193548;322,572862068966;330;338,458034482759;335;336;348,778931612903;340;354,27577883974;NA;NA;NA;NA;NA;NA;NA;NA;NA;NA;NA
"2022-03-06";"0-60";23;25,4;23;24;24;25;27;27;27;28;29;29;112;119,3;112;112;115,573333333333;120;127,04;122;123;130,103733333333;125;131,883673952641;0,904768056159462;0,926997218374793;0,918903113598472;0,911306448632383;0,901936087891452;0,891154899541957;0,888453936862619;0,884890100048132;0,880727720667205;0,873677349429027;0,866876536990756
"2022-03-06";"60+";29;32,5;29;30;31;32;34;34;35;35;36;37;198;211,2;199,628905919662;202,15121221374;207,681692307692;212;217,277076923077;215;216;225,850418320611;219;229,489793868922;0,893611226453006;0,916515751884872;0,907937218184494;0,900248547121009;0,891097114435757;0,88043014733952;0,877546918761063;0,873979923069725;0,869421873783045;0,861955104595241;0,854611816980039
"2022-03-06";"alle";52;57,9;54;55;56;58;60;60;61;62;63;64;310;330,5;314,154577433249;317,194683870968;324,826724137931;331;340,711896551724;336;337;351,062761290323;342;356,460377017781;NA;NA;NA;NA;NA;NA;NA;NA;NA;NA;NA
"2022-03-05";"0-60";15;16,2;15;15;15;16;17;17;17;18;18;19;100;105,3;100;100,013066666667;101,573333333333;105;110,173333333333;108;108;113,805066666667;110;116,005513661202;0,924128101230184;0,941191395576162;0,934858348371568;0,928828761646867;0,921245266690486;0,912596466084771;0,910381669872467;0,90737359431339;0,903655698627605;0,897415095925142;0,891071881155743
"2022-03-05";"60+";31;33,8;31;32;33;34;35;35;36;36;37;38;185;195,3;185,408580866808;186,035764885496;191,621769230769;196;199,617923076923;199;200;207,580497709924;203;211,53685782241;0,916230131840297;0,933593631225848;0,92709043189023;0,920932823309986;0,913221027794092;0,904721158082587;0,902433107637527;0,899437265546107;0,895375789990327;0,888685848398648;0,881158021422367
"2022-03-05";"alle";46;50,1;47;48;49;50;52;52;53;53;54;55;285;300,7;285,892970145414;289,330002580645;294,572862068966;301;310,458034482759;306;307;318,359783225806;310;324,352787949534;NA;NA;NA;NA;NA;NA;NA;NA;NA;NA;NA
"2022-03-04";"0-60";17;18,2;17;17;17;18;19;19;19;20;20;21;100;104,5;100;100;100,2;105;108,8;107;107;112,545333333333;109;114,829881602914;0,936505647955574;0,951616612760655;0,946006459110462;0,940723394433809;0,93406440243015;0,926428992742414;0,924347428954572;0,921784954192747;0,918449865490952;0,912587476620995;0,906857962319868
"2022-03-04";"60+";36;38,6;36;37;38;39;40;40;41;41;42;43;197;205,6;197;197,843896183206;203,041230769231;206;209,438153846154;209;210;217,234155725191;213;221,276966173362;0,931627000308788;0,946247398089825;0,941255675416431;0,935791703275527;0,929040234479887;0,921385469265389;0,919477366912456;0,916878630685684;0,913262562915238;0,907691319400228;0,901639174105596
"2022-03-04";"alle";53;56,8;54;55;56;57;58;59;59;60;61;62;297;310,1;297;300,181491612903;305,334448275862;311;318,950310344828;315;316;326,792123870968;319;332,983591593452;NA;NA;NA;NA;NA;NA;NA;NA;NA;NA;NA
"2022-03-03";"0-60";17;17,9;17;17;17;18;19;19;19;19;20;20;104;107,9;104;104;105,32;108;113,92;110;111;115,025866666667;112;117,478617486339;0,948109979258743;0,960851453293958;0,956541060894502;0,95212305446102;0,946344254089065;0,940072836100926;0,938306469311725;0,936336395871863;0,933532227854779;0,929177301964807;0,9251329857976
"2022-03-03";"60+";26;27,5;26;26;27;27;28;29;29;29;30;30;194;200,5;194;194;198,101153846154;201;204,498076923077;204;204;210,195129770992;207;214,497291226216;0,946460085042772;0,958530766691898;0,954378651063196;0,950134192139692;0,944650931010106;0,938729762750061;0,937158138794292;0,935393766749591;0,93281377042052;0,928342788546824;0,924070055265321
"2022-03-03";"alle";43;45,4;43;44;44;45;46;47;47;48;48;49;298;308,4;298,015849192888;300,174895483871;302,953655172414;309;316,569517241379;313;314;324,366379354839;317;328,783703436184;NA;NA;NA;NA;NA;NA;NA;NA;NA;NA;NA
"2022-03-02";"0-60";18;18,8;18;18;18;19;19;20;20;20;21;21;104;107,2;104;104;104;107;112,36;109;110;113,636266666667;111;116,215169398907;0,958325924378067;0,969344130021981;0,965575040380155;0,961894912052722;0,957188296438506;0,951677845690662;0,950185107635066;0,948660169082225;0,945978240425695;0,942179380296315;0,938628101273009
"2022-03-02";"60+";37;38,6;37;37;38;38;39;40;40;40;41;42;219;224,7;219;219;221,981307692308;225;228,378230769231;228;228;233,964235114504;231;240,190335623679;0,959125810857962;0,969162296174977;0,965873036480094;0,962319098417241;0,958064717443885;0,953140713105782;0,951850759601493;0,950315562998461;0,948222794745017;0,944937879072142;0,94162447715732
"2022-03-02";"alle";55;57,4;55;56;56;57;58;59;59;60;60;61;323;331,9;323;323;327,588310344828;333;338,934862068966;336;337;346,65680516129;340;351,322207991081;NA;NA;NA;NA;NA;NA;NA;NA;NA;NA;NA
"2022-03-01";"0-60";14;14,5;14;14;14;14;15;15;15;15;16;16;111;113,8;111;111;111,506666666667;114;117,24;116;116;121,155733333333;118;123,566433515483;0,96831125199425;0,977112952003814;0,974086025703259;0,971113973657533;0,967111118594609;0,962352430871995;0,961069661222638;0,959547868502527;0,957611649966645;0,954275216423455;0,950756404182118
"2022-03-01";"60+";25;25,8;25;25;25;26;26;27;27;27;28;28;225;229,5;225;225;227,101153846154;230;233,498076923077;232;233;239,195129770992;236;243,497291226216;0,970305437995353;0,978297903424578;0,975509277546945;0,972678213710492;0,969161891114583;0,965027882493346;0,963876280783008;0,962359624855743;0,960450990919914;0,957660932944637;0,954434010778345
"2022-03-01";"alle";39;40,2;39;39;39;40;41;41;42;42;42;43;336;343,3;336;336;340,349896551724;344;349,427137931034;347;348;357,089145806452;351;363,876002525204;NA;NA;NA;NA;NA;NA;NA;NA;NA;NA;NA
"2022-02-28";"0-60";8;8,3;8;8;8;8;9;9;9;9;10;10;114;116,5;114;114;114;117;120,8;118;119;122,246666666667;120;124,951721311475;0,961305796875649;0,97380133905741;0,96929039884164;0,965123132056376;0,959207071930299;0,952072960308328;0,950186067027469;0,947873553428816;0,944329571778738;0,938508264214185;0,93298782288113
"2022-02-28";"60+";14;14,5;14;14;14;14;15;15;15;16;16;16;243;247,1;243;243;245,340846153846;247;250,138538461538;250;251;255,502445801527;253;261,843813424947;0,965173347496882;0,976286308209194;0,972506065055067;0,968328915528151;0,963084391226804;0,956805606178465;0,955143376233108;0,952804585189161;0,949388691849465;0,943569058766258;0,936728709077023
"2022-02-28";"alle";22;22,8;22;22;22;23;23;24;24;24;25;25;357;363,5;357;357;360,096034482759;364;371,442586206897;367;368;376,805316129032;372;383,691404347163;NA;NA;NA;NA;NA;NA;NA;NA;NA;NA;NA
"2022-02-27";"0-60";11;11,4;11;11;11;11;12;12;12;12;13;13;112;114,2;112;112;112;114;119,36;116;116;120,636266666667;118;123,215169398907;0,961325098933673;0,974011019278595;0,96942663925197;0,964966074097993;0,959058166262709;0,951755984131137;0,94972156922104;0,946883339671281;0,943324510672984;0,936605564386174;0,929500793970952
"2022-02-27";"60+";16;16,6;16;16;16;16;17;17;17;18;18;19;243;246,7;243;243;243,981307692308;247;250,378230769231;249;250;255,964235114504;253;260,32403012685;0,966755094263281;0,977574115454896;0,973928862326178;0,969894846767525;0,964634508550938;0,958232247230149;0,956338155568422;0,953774618762008;0,94989151594826;0,943136760718347;0,934479566590905
"2022-02-27";"alle";27;28;27;27;27;28;29;29;29;30;30;31;355;360,9;355;355;356,588310344828;361;367,934862068966;365;365;375,65680516129;369;380,322207991081;NA;NA;NA;NA;NA;NA;NA;NA;NA;NA;NA
"2022-02-26";"0-60";15;15,4;15;15;15;15;16;16;16;16;17;17;116;118;116;116;116;118;120,866666666667;120;120;124,896;122;127,390801457195;0,971379966944877;0,981181299589259;0,977750977546944;0,974172361173317;0,969272689716888;0,96299356615051;0,961163304207551;0,958781451572233;0,95530859445564;0,949149161079052;0,940718503276052
"2022-02-26";"60+";43;44,1;43;43;43;44;45;45;45;46;47;47;247;250,4;247;247;248,161076923077;251;252,958769230769;253;254;260,310577099237;256;264,583921775898;0,975957475428911;0,984439979296009;0,981646773049533;0,978471903071779;0,974071748130348;0,968203335211895;0,966258325946248;0,963984752230491;0,959956530063892;0,951445969996783;0,941706614185533
"2022-02-26";"alle";58;59,5;58;58;59;60;61;61;61;62;63;63;363;368,3;363;363;365,349896551724;369;374,427137931034;372;373;382,089145806452;376;388,876002525204;NA;NA;NA;NA;NA;NA;NA;NA;NA;NA;NA
"2022-02-25";"0-60";21;21,5;21;21;21;21;22;22;22;23;23;23;129;130,8;129;129;129;131;134,24;132;133;135,857066666667;134;140,566433515483;0,977830815839461;0,986103444935796;0,983358421017386;0,980266333780451;0,97614066284357;0,970705913377836;0,969000303839385;0,966872049694225;0,96380764200059;0,958084170658972;0,951468102398803
"2022-02-25";"60+";33;33,6;33;33;33;34;34;34;35;35;35;36;252;254,7;252;252;253,580538461538;255;258,378230769231;257;258;263,964235114504;261;270,190335623679;0,982101016566207;0,989125743454239;0,986820167930389;0,984265616361899;0,980555424940154;0,975519727029507;0,973990123920729;0,971592985987192;0,968004166084642;0,960966677754787;0,951629591182181
"2022-02-25";"alle";54;55,1;54;54;54;55;56;56;57;57;58;58;381;385,5;381;381;382,096034482759;386;391,173275862069;389;390;398,805316129032;393;405,691404347163;NA;NA;NA;NA;NA;NA;NA;NA;NA;NA;NA
"2022-02-24";"0-60";17;17,3;17;17;17;17;18;18;18;18;18;19;127;128,4;127;127;127,253333333333;128;132,986666666667;130;130;134,376533333333;132;137,039537340619;0,983249016044669;0,990071073901502;0,987852061667738;0,985396313830273;0,982127881447455;0,977878117087496;0,97662626807623;0,975061187727658;0,972978304735761;0,968944646467868;0,964580266517078
"2022-02-24";"60+";51;51,6;51;51;51;52;52;52;53;53;54;54;250;252,3;250;250;250,221;253;255,018692307692;255;255;260,271551145038;258;266,670552325581;0,987462393019605;0,992799878385573;0,991000697838258;0,989173876717066;0,986437201875818;0,982915646398254;0,981879706731908;0,980358890445757;0,978231084877575;0,974049022856293;0,969122409519358
"2022-02-24";"alle";68;68,9;68;68;68;69;70;70;70;71;71;72;377;380,8;377;377;378,984551724138;381;385,792482758621;384;385;393,379571612903;388;400,414507080101;NA;NA;NA;NA;NA;NA;NA;NA;NA;NA;NA
"2022-02-23";"0-60";25;25,3;25;25;25;25;26;26;26;26;27;27;132;133,2;132;132;132;133;135,493333333333;135;135;139,636266666667;137;142,215169398907;0,987164205043388;0,992742588010245;0,991013503973945;0,989135583408188;0,98641968782792;0,982947960072612;0,981902796093508;0,98063038612651;0,978826195096242;0,975632215635567;0,972396668882817
"2022-02-23";"60+";43;43,4;43;43;43;43;44;44;44;44;45;45;238;239,9;238;238;238,460692307692;240;241,659153846154;242;243;246,578867175573;245;253,150769027484;0,990819484632477;0,994972413010714;0,993692656764319;0,992295976535578;0,990204530897821;0,987533639706411;0,986722190645553;0,985688129861983;0,984201711970755;0,981222061518599;0,978063709756342
"2022-02-23";"alle";68;68,7;68;68;68;69;69;70;70;70;71;71;370;373,1;370;370;370,60375862069;373;377,411689655172;376;377;384,953827096774;380;392,13760981304;NA;NA;NA;NA;NA;NA;NA;NA;NA;NA;NA
"2022-02-22";"0-60";17;17,2;17;17;17;17;17;17;18;18;18;18;125;126;125;125;125;126;128,866666666667;127;128;130,597333333333;129;133,512641165756;0,990246750725616;0,994874428451889;0,993440703964455;0,991857204436345;0,989583518620347;0,986410492519189;0,985459644862437;0,984197721370582;0,982259033368348;0,978859150896537;0,974633926807465
"2022-02-22";"60+";43;43,3;43;43;43;43;44;44;44;44;45;45;234;235,6;234;234;234,640461538462;236;237,838923076923;237;238;242,925209160305;241;249,410660676533;0,992672074021506;0,996313238524692;0,995301503891277;0,994076073015888;0,99219205954475;0,989491374974569;0,988597004503662;0,98739555258626;0,985530483579483;0,982181909229104;0,978070645632938
"2022-02-22";"alle";60;60,5;60;60;60;60;61;61;61;62;62;63;359;361,5;359;359;359;362;367,173275862069;364;365;372,386167741935;368;379,768413456957;NA;NA;NA;NA;NA;NA;NA;NA;NA;NA;NA
"2022-02-21";"0-60";6;6,1;6;6;6;6;6;6;6;6;7;7;129;129,8;129;129;129;130;133,24;131;131;134,857066666667;133;137,688273224044;0,987782254138365;0,994111148135215;0,99231553288262;0,990156821807025;0,986846275108777;0,981787642229368;0,980174437155453;0,977952731087939;0,974714867832334;0,967905949582858;0,95930129183721
"2022-02-21";"60+";14;14,1;14;14;14;14;14;14;15;15;15;15;224;225,4;224;224;224;225;227,958769230769;227;228;231,001630534351;230;237,71761627907;0,989971822017578;0,99561980431313;0,994204614170636;0,992397570081003;0,989371440235653;0,984398643198139;0,982656616871515;0,980295299170761;0,976636652092709;0,969000708839137;0,959769621334829
"2022-02-21";"alle";20;20,2;20;20;20;20;20;21;21;21;21;22;353;355,2;353;353;353;355;359,28475862069;358;358;366,811912258065;362;372,122319833813;NA;NA;NA;NA;NA;NA;NA;NA;NA;NA;NA
"2022-02-20";"0-60";15;15,2;15;15;15;15;15;16;16;16;16;17;131;131,8;131;131;131;132;135,24;133;133;136,857066666667;135;139,688273224044;0,988027239247605;0,994577695035304;0,992830018971497;0,990716141418487;0,987246275180078;0,981624318392451;0,979839575008794;0,977221344502563;0,973266218721522;0,965032953476035;0,954793772482
"2022-02-20";"60+";20;20,2;20;20;20;20;20;21;21;21;21;22;222;223,3;222;222;222;223;226,018692307692;225;225;229,117077862595;228;235,804246828753;0,989621018857858;0,995900097713186;0,994436085742995;0,992552625914982;0,989094925512157;0,98346434622999;0,981431728718008;0,978508969412644;0,974211065991699;0,965463396033662;0,954479977273727
"2022-02-20";"alle";35;35,4;35;35;35;35;36;36;36;37;37;38;353;355,1;353;353;353;355;359,411689655172;358;358;364,534678709677;361;372,214618922834;NA;NA;NA;NA;NA;NA;NA;NA;NA;NA;NA
"2022-02-19";"0-60";28;28,3;28;28;28;28;29;29;29;29;30;30;127;127,7;127;127;127;128;128,56;129;129;130,688266666667;130;133,897928961749;0,991145214724789;0,996389770228687;0,9951126990129;0,993472523617684;0,990600882722056;0,985456307724546;0,98377611643475;0,98131572627953;0,977400900444662;0,968964841237236;0,957945322181733
"2022-02-19";"60+";48;48,4;48;48;48;48;49;49;49;50;50;51;220;221,1;220;220;220;221;222,539307692308;223;223;227,347972519084;226;232,11120243129;0,991414579193974;0,997113415865886;0,995918243897407;0,994282237343512;0,991035549524856;0,985237923189614;0,983049730228325;0,980089263258323;0,975313478853029;0,965379883388048;0,953361609975314
"2022-02-19";"alle";76;76,7;76;76;76;77;77;78;78;78;79;80;347;348,8;347;347;347;349;353,792482758621;351;352;358,960423225806;355;364,568525299689;NA;NA;NA;NA;NA;NA;NA;NA;NA;NA;NA
"2022-02-18";"0-60";19;19,1;19;19;19;19;19;19;20;20;20;20;118;118,4;118;118;118;118;120,12;119;120;122,077866666667;121;125,16137704918;0,993440114589349;0,997586818464856;0,99662569535649;0,995356303933634;0,993065325144963;0,988939054027864;0,987532597733619;0,985449810461407;0,982244925105989;0,975050524831367;0,966158250826232
"2022-02-18";"60+";31;31,2;31;31;31;31;31;32;32;32;33;33;198;198,8;198;198;198;199;200,719076923077;200;201;203,539841221374;203;208,50478858351;0,993382273999577;0,997996291476685;0,997027137461115;0,995753423182958;0,993114522741717;0,988319120184353;0,986456425860394;0,983883170171138;0,979997620583462;0,971473724403763;0,961035428197383
"2022-02-18";"alle";50;50,3;50;50;50;50;51;51;51;52;52;53;316;317,3;316;316;316;317;321,157827586207;319;320;326,250849032258;322;330,18403896438;NA;NA;NA;NA;NA;NA;NA;NA;NA;NA;NA
"2022-02-17";"0-60";22;22,1;22;22;22;22;22;22;22;23;23;23;123;123,4;123;123;123;123;125,12;124;124;127,077866666667;125;128,283216757741;0,995482736418633;0,998457676545152;0,997767397807202;0,996849112111148;0,995299993766692;0,992488513701121;0,991616375100974;0,990381744247261;0,988432592236456;0,984335199095202;0,979095016155466
"2022-02-17";"60+";39;39,2;39;39;39;39;39;39;40;40;40;41;196;196,7;196;196;196;197;197,179769230769;198;198;201,655288549618;200;206,591419133192;0,995740673761274;0,998688816339417;0,998049016416126;0,997232296308224;0,995561016295868;0,992789231586986;0,991708793065128;0,990287975810354;0,988091452342426;0,983744902505254;0,978255279515422
"2022-02-17";"alle";61;61,3;61;61;61;61;62;62;62;62;63;63;319;320;319;319;319;320;322,269310344828;322;322;327,25744516129;324;331,537945341236;NA;NA;NA;NA;NA;NA;NA;NA;NA;NA;NA
"2022-02-16";"0-60";18;18,1;18;18;18;18;18;18;18;18;19;19;121;121,3;121;121;121;121;123,306666666667;122;122;122,909066666667;123;126,371032786885;0,99667816737545;0,999000943590369;0,998495180983782;0,997810384878638;0,996590868863595;0,994492684961183;0,993864982993499;0,992998798076737;0,991523272787002;0,988778300384876;0,985517101611011
"2022-02-16";"60+";39;39,1;39;39;39;39;39;39;39;40;40;40;182;182,5;182;182;182;182;183,299615384615;183;184;185,731709923664;185;190,898374735729;0,996929664367547;0,999090328665316;0,998614383655639;0,998002924451293;0,996851143818302;0,994973121137315;0,99434185010145;0,993462447593561;0,992137053049452;0,989607489765771;0,986657064279578
"2022-02-16";"alle";57;57,2;57;57;57;57;57;58;58;58;58;59;303;303,8;303;303;303;304;306,523172413793;305;306;309,122126451613;308;313,799552629071;NA;NA;NA;NA;NA;NA;NA;NA;NA;NA;NA
"2022-02-15";"0-60";21;21,1;21;21;21;21;21;21;21;21;22;22;132;132,2;132;132;132;132;132,773333333333;133;133;134,038933333333;134;137,458848816029;0,997345542620172;0,999377510160959;0,998980201719468;0,998397017795735;0,997278314869366;0,995189491890401;0,994524402493751;0,993546576528487;0,992038275252477;0,988703599399811;0,985038743814668
"2022-02-15";"60+";33;33,1;33;33;33;33;33;33;33;34;34;34;179;179,4;179;179;179;179;180,359538461538;180;180;182,847157251908;182;186,118699788584;0,997123069723417;0,999323208735987;0,998899127336023;0,998287619692905;0,997066911125425;0,994982925173768;0,994203928537315;0,993204397475624;0,991560238663896;0,988353229515485;0,984443095328382
"2022-02-15";"alle";54;54,2;54;54;54;54;54;54;55;55;55;56;311;311,6;311;311;311;312;312,507724137931;313;313;317,405956129032;315;320,061159916906;NA;NA;NA;NA;NA;NA;NA;NA;NA;NA;NA
"2022-02-14";"0-60";8;8;8;8;8;8;8;8;8;8;8;9;135;135,1;135;135;135;135;135,386666666667;135;136;137,1688;137;138,668504553734;0,996553797787332;0,999407146707899;0,99891689865018;0,998103788188088;0,996436052054073;0,993191709477008;0,991918184735301;0,990264086049747;0,987344314277442;0,981743038697066;0,974171402706709
"2022-02-14";"60+";12;12,1;12;12;12;12;12;12;12;12;13;13;173;173,3;173;173;173;173;174,419461538462;174;174;176,962604580153;175;180,205330338266;0,99555489702518;0,999177894268502;0,998547922352551;0,997581180635116;0,995535150935952;0,991589775901163;0,990078885663945;0,988097614874519;0,98479591528565;0,978361338735113;0,970337924115855
"2022-02-14";"alle";20;20,1;20;20;20;20;20;20;20;21;21;21;308;308,4;308;308;308;308;309,761586206897;309;310;312,270637419355;311;315,322767204742;NA;NA;NA;NA;NA;NA;NA;NA;NA;NA;NA
"2022-02-13";"0-60";11;11;11;11;11;11;11;11;11;11;12;12;138;138,1;138;138;138;138;138,386666666667;138;139;140,1688;139;141,668504553734;0,996752357067623;0,999567489660712;0,999131931652914;0,998369687585136;0,996657795323252;0,993113308960846;0,991824725094757;0,989931774037822;0,986850889865302;0,980306382770181;0,971596386299177
"2022-02-13";"60+";18;18,1;18;18;18;18;18;18;18;19;19;19;170;170,3;170;170;170;170;171,419461538462;171;171;171,80813129771;172;175,339024841438;0,995345042654526;0,999295116306104;0,998654171873029;0,997591168549658;0,995307881309232;0,990904287764711;0,989312541691997;0,987017926771165;0,983199611859765;0,97609938596103;0,966196251929264
"2022-02-13";"alle";29;29,1;29;29;29;29;29;29;30;30;30;31;308;308,4;308;308;308;308;309,761586206897;309;310;312,270637419355;311;315,322767204742;NA;NA;NA;NA;NA;NA;NA;NA;NA;NA;NA
"2022-02-12";"0-60";19;19;19;19;19;19;19;19;19;19;20;20;139;139,1;139;139;139;139;139,386666666667;139;139;141,1688;140;140,790344262295;0,997700615692295;0,999779426467056;0,999502893400688;0,998947946346964;0,997657943192649;0,994607245612566;0,993454595428689;0,991737668360561;0,988956184091859;0,982222647655372;0,973366685367277
"2022-02-12";"60+";26;26,1;26;26;26;26;26;26;27;27;27;28;165;165,2;165;165;165;165;165,519846153846;166;166;166,923578625954;167;168,559349894292;0,996064947907776;0,999530460182228;0,99903739775117;0,998118479970717;0,996050297327568;0,991704386103513;0,989956765979993;0,987737782826352;0,983898302276769;0,975684928977947;0,96539965271031
"2022-02-12";"alle";45;45,1;45;45;45;45;45;46;46;46;46;47;304;304,2;304;304;304;304;306,015448275862;305;305;308,554467096774;306;309,584374492577;NA;NA;NA;NA;NA;NA;NA;NA;NA;NA;NA
"2022-02-11";"0-60";24;24;24;24;24;24;24;24;24;24;25;25;143;143;143;143;143;143;143;143;143;143;144;144,878160291439;0,998822110853069;0,999914631511428;0,999787918998757;0,99950797851598;0,998787046380384;0,997004951940088;0,996274266491805;0,995191409834176;0,99337891637341;0,988949238545303;0,983218594055864
"2022-02-11";"60+";29;29,1;29;29;29;29;29;29;29;30;30;30;154;154,1;154;154;154;154;154,259923076923;154;154;156,039025954198;155;155,779674947146;0,997658326015707;0,999771400364866;0,999509664387643;0,998963544848686;0,997651215620509;0,994723522649005;0,993575615132313;0,991957151819015;0,989367645529101;0,983382356726778;0,975771053832406
"2022-02-11";"alle";53;53,1;53;53;53;53;53;53;54;54;54;55;297;297,1;297;297;297;297;297,326931034483;297;298;299,277233548387;298;300,753682691391;NA;NA;NA;NA;NA;NA;NA;NA;NA;NA;NA
"2022-02-10";"0-60";20;20;20;20;20;20;20;20;20;20;20;20;135;135;135;135;135;135;135;135;135;135;135;135;1;1;1;1;1;1;1;1;1;1;1
"2022-02-10";"60+";25;25;25;25;25;25;25;25;25;25;25;25;149;149;149;149;149;149;149;149;149;149;149;149;1;1;1;1;1;1;1;1;1;1;1
"2022-02-10";"alle";45;45;45;45;45;45;45;45;45;45;45;45;284;284;284;284;284;284;284;284;284;284;284;284;1;1;1;1;1;1;1;1;1;1;1
"2022-02-09";"0-60";29;29;29;29;29;29;29;29;29;29;29;29;137;137;137;137;137;137;137;137;137;137;137;137;1;1;1;1;1;1;1;1;1;1;1
"2022-02-09";"60+";36;36;36;36;36;36;36;36;36;36;36;36;146;146;146;146;146;146;146;146;146;146;146;146;1;1;1;1;1;1;1;1;1;1;1
"2022-02-09";"alle";65;65;65;65;65;65;65;65;65;65;65;65;283;283;283;283;283;283;283;283;283;283;283;283;1;1;1;1;1;1;1;1;1;1;1
"2022-02-08";"0-60";24;24;24;24;24;24;24;24;24;24;24;24;134;134;134;134;134;134;134;134;134;134;134;134;1;1;1;1;1;1;1;1;1;1;1
"2022-02-08";"60+";27;27;27;27;27;27;27;27;27;27;27;27;133;133;133;133;133;133;133;133;133;133;133;133;1;1;1;1;1;1;1;1;1;1;1
"2022-02-08";"alle";51;51;51;51;51;51;51;51;51;51;51;51;267;267;267;267;267;267;267;267;267;267;267;267;1;1;1;1;1;1;1;1;1;1;1
"2022-02-07";"0-60";11;11;11;11;11;11;11;11;11;11;11;11;128;128;128;128;128;128;128;128;128;128;128;128;1;1;1;1;1;1;1;1;1;1;1
"2022-02-07";"60+";9;9;9;9;9;9;9;9;9;9;9;9;122;122;122;122;122;122;122;122;122;122;122;122;1;1;1;1;1;1;1;1;1;1;1
"2022-02-07";"alle";20;20;20;20;20;20;20;20;20;20;20;20;250;250;250;250;250;250;250;250;250;250;250;250;1;1;1;1;1;1;1;1;1;1;1
"2022-02-06";"0-60";12;12;12;12;12;12;12;12;12;12;12;12;126;126;126;126;126;126;126;126;126;126;126;126;1;1;1;1;1;1;1;1;1;1;1
"2022-02-06";"60+";13;13;13;13;13;13;13;13;13;13;13;13;120;120;120;120;120;120;120;120;120;120;120;120;1;1;1;1;1;1;1;1;1;1;1
"2022-02-06";"alle";25;25;25;25;25;25;25;25;25;25;25;25;246;246;246;246;246;246;246;246;246;246;246;246;1;1;1;1;1;1;1;1;1;1;1
"2022-02-05";"0-60";23;23;23;23;23;23;23;23;23;23;23;23;125;125;125;125;125;125;125;125;125;125;125;125;1;1;1;1;1;1;1;1;1;1;1
"2022-02-05";"60+";15;15;15;15;15;15;15;15;15;15;15;15;118;118;118;118;118;118;118;118;118;118;118;118;1;1;1;1;1;1;1;1;1;1;1
"2022-02-05";"alle";38;38;38;38;38;38;38;38;38;38;38;38;243;243;243;243;243;243;243;243;243;243;243;243;1;1;1;1;1;1;1;1;1;1;1
"2022-02-04";"0-60";16;16;16;16;16;16;16;16;16;16;16;16;118;118;118;118;118;118;118;118;118;118;118;118;1;1;1;1;1;1;1;1;1;1;1
"2022-02-04";"60+";24;24;24;24;24;24;24;24;24;24;24;24;119;119;119;119;119;119;119;119;119;119;119;119;1;1;1;1;1;1;1;1;1;1;1
"2022-02-04";"alle";40;40;40;40;40;40;40;40;40;40;40;40;237;237;237;237;237;237;237;237;237;237;237;237;1;1;1;1;1;1;1;1;1;1;1
"2022-02-03";"0-60";22;22;22;22;22;22;22;22;22;22;22;22;112;112;112;112;112;112;112;112;112;112;112;112;1;1;1;1;1;1;1;1;1;1;1
"2022-02-03";"60+";22;22;22;22;22;22;22;22;22;22;22;22;112;112;112;112;112;112;112;112;112;112;112;112;1;1;1;1;1;1;1;1;1;1;1
"2022-02-03";"alle";44;44;44;44;44;44;44;44;44;44;44;44;224;224;224;224;224;224;224;224;224;224;224;224;1;1;1;1;1;1;1;1;1;1;1
"2022-02-02";"0-60";26;26;26;26;26;26;26;26;26;26;26;26;103;103;103;103;103;103;103;103;103;103;103;103;1;1;1;1;1;1;1;1;1;1;1
"2022-02-02";"60+";23;23;23;23;23;23;23;23;23;23;23;23;107;107;107;107;107;107;107;107;107;107;107;107;1;1;1;1;1;1;1;1;1;1;1
"2022-02-02";"alle";49;49;49;49;49;49;49;49;49;49;49;49;210;210;210;210;210;210;210;210;210;210;210;210;1;1;1;1;1;1;1;1;1;1;1
"2022-02-01";"0-60";18;18;18;18;18;18;18;18;18;18;18;18;97;97;97;97;97;97;97;97;97;97;97;97;1;1;1;1;1;1;1;1;1;1;1
"2022-02-01";"60+";16;16;16;16;16;16;16;16;16;16;16;16;109;109;109;109;109;109;109;109;109;109;109;109;1;1;1;1;1;1;1;1;1;1;1
"2022-02-01";"alle";34;34;34;34;34;34;34;34;34;34;34;34;206;206;206;206;206;206;206;206;206;206;206;206;1;1;1;1;1;1;1;1;1;1;1
"2022-01-31";"0-60";9;9;9;9;9;9;9;9;9;9;9;9;103;103;103;103;103;103;103;103;103;103;103;103;1;1;1;1;1;1;1;1;1;1;1
"2022-01-31";"60+";7;7;7;7;7;7;7;7;7;7;7;7;107;107;107;107;107;107;107;107;107;107;107;107;1;1;1;1;1;1;1;1;1;1;1
"2022-01-31";"alle";16;16;16;16;16;16;16;16;16;16;16;16;210;210;210;210;210;210;210;210;210;210;210;210;1;1;1;1;1;1;1;1;1;1;1
"2022-01-30";"0-60";11;11;11;11;11;11;11;11;11;11;11;11;100;100;100;100;100;100;100;100;100;100;100;100;1;1;1;1;1;1;1;1;1;1;1
"2022-01-30";"60+";11;11;11;11;11;11;11;11;11;11;11;11;103;103;103;103;103;103;103;103;103;103;103;103;1;1;1;1;1;1;1;1;1;1;1
"2022-01-30";"alle";22;22;22;22;22;22;22;22;22;22;22;22;203;203;203;203;203;203;203;203;203;203;203;203;1;1;1;1;1;1;1;1;1;1;1
"2022-01-29";"0-60";16;16;16;16;16;16;16;16;16;16;16;16;102;102;102;102;102;102;102;102;102;102;102;102;1;1;1;1;1;1;1;1;1;1;1
"2022-01-29";"60+";16;16;16;16;16;16;16;16;16;16;16;16;99;99;99;99;99;99;99;99;99;99;99;99;1;1;1;1;1;1;1;1;1;1;1
"2022-01-29";"alle";32;32;32;32;32;32;32;32;32;32;32;32;201;201;201;201;201;201;201;201;201;201;201;201;1;1;1;1;1;1;1;1;1;1;1
"2022-01-28";"0-60";10;10;10;10;10;10;10;10;10;10;10;10;91;91;91;91;91;91;91;91;91;91;91;91;1;1;1;1;1;1;1;1;1;1;1
"2022-01-28";"60+";17;17;17;17;17;17;17;17;17;17;17;17;92;92;92;92;92;92;92;92;92;92;92;92;1;1;1;1;1;1;1;1;1;1;1
"2022-01-28";"alle";27;27;27;27;27;27;27;27;27;27;27;27;183;183;183;183;183;183;183;183;183;183;183;183;1;1;1;1;1;1;1;1;1;1;1
"2022-01-27";"0-60";13;13;13;13;13;13;13;13;13;13;13;13;92;92;92;92;92;92;92;92;92;92;92;92;1;1;1;1;1;1;1;1;1;1;1
"2022-01-27";"60+";17;17;17;17;17;17;17;17;17;17;17;17;87;87;87;87;87;87;87;87;87;87;87;87;1;1;1;1;1;1;1;1;1;1;1
"2022-01-27";"alle";30;30;30;30;30;30;30;30;30;30;30;30;179;179;179;179;179;179;179;179;179;179;179;179;1;1;1;1;1;1;1;1;1;1;1
"2022-01-26";"0-60";20;20;20;20;20;20;20;20;20;20;20;20;90;90;90;90;90;90;90;90;90;90;90;90;1;1;1;1;1;1;1;1;1;1;1
"2022-01-26";"60+";25;25;25;25;25;25;25;25;25;25;25;25;77;77;77;77;77;77;77;77;77;77;77;77;1;1;1;1;1;1;1;1;1;1;1
"2022-01-26";"alle";45;45;45;45;45;45;45;45;45;45;45;45;167;167;167;167;167;167;167;167;167;167;167;167;1;1;1;1;1;1;1;1;1;1;1
"2022-01-25";"0-60";24;24;24;24;24;24;24;24;24;24;24;24;82;82;82;82;82;82;82;82;82;82;82;82;1;1;1;1;1;1;1;1;1;1;1
"2022-01-25";"60+";14;14;14;14;14;14;14;14;14;14;14;14;70;70;70;70;70;70;70;70;70;70;70;70;1;1;1;1;1;1;1;1;1;1;1
"2022-01-25";"alle";38;38;38;38;38;38;38;38;38;38;38;38;152;152;152;152;152;152;152;152;152;152;152;152;1;1;1;1;1;1;1;1;1;1;1
"2022-01-24";"0-60";6;6;6;6;6;6;6;6;6;6;6;6;65;65;65;65;65;65;65;65;65;65;65;65;1;1;1;1;1;1;1;1;1;1;1
"2022-01-24";"60+";3;3;3;3;3;3;3;3;3;3;3;3;69;69;69;69;69;69;69;69;69;69;69;69;1;1;1;1;1;1;1;1;1;1;1
"2022-01-24";"alle";9;9;9;9;9;9;9;9;9;9;9;9;134;134;134;134;134;134;134;134;134;134;134;134;NA;NA;NA;NA;NA;NA;NA;NA;NA;NA;NA
"2022-01-23";"0-60";13;13;13;13;13;13;13;13;13;13;13;13;62;62;62;62;62;62;62;62;62;62;62;62;1;1;1;1;1;1;1;1;1;1;1
"2022-01-23";"60+";7;7;7;7;7;7;7;7;7;7;7;7;71;71;71;71;71;71;71;71;71;71;71;71;1;1;1;1;1;1;1;1;1;1;1
"2022-01-23";"alle";20;20;20;20;20;20;20;20;20;20;20;20;133;133;133;133;133;133;133;133;133;133;133;133;NA;NA;NA;NA;NA;NA;NA;NA;NA;NA;NA
"2022-01-22";"0-60";5;5;5;5;5;5;5;5;5;5;5;5;53;53;53;53;53;53;53;53;53;53;53;53;1;1;1;1;1;1;1;1;1;1;1
"2022-01-22";"60+";9;9;9;9;9;9;9;9;9;9;9;9;71;71;71;71;71;71;71;71;71;71;71;71;1;1;1;1;1;1;1;1;1;1;1
"2022-01-22";"alle";14;14;14;14;14;14;14;14;14;14;14;14;124;124;124;124;124;124;124;124;124;124;124;124;NA;NA;NA;NA;NA;NA;NA;NA;NA;NA;NA
"2022-01-21";"0-60";11;11;11;11;11;11;11;11;11;11;11;11;57;57;57;57;57;57;57;57;57;57;57;57;1;1;1;1;1;1;1;1;1;1;1
"2022-01-21";"60+";12;12;12;12;12;12;12;12;12;12;12;12;82;82;82;82;82;82;82;82;82;82;82;82;1;1;1;1;1;1;1;1;1;1;1
"2022-01-21";"alle";23;23;23;23;23;23;23;23;23;23;23;23;139;139;139;139;139;139;139;139;139;139;139;139;NA;NA;NA;NA;NA;NA;NA;NA;NA;NA;NA
"2022-01-20";"0-60";11;11;11;11;11;11;11;11;11;11;11;11;53;53;53;53;53;53;53;53;53;53;53;53;1;1;1;1;1;1;1;1;1;1;1
"2022-01-20";"60+";7;7;7;7;7;7;7;7;7;7;7;7;85;85;85;85;85;85;85;85;85;85;85;85;1;1;1;1;1;1;1;1;1;1;1
"2022-01-20";"alle";18;18;18;18;18;18;18;18;18;18;18;18;138;138;138;138;138;138;138;138;138;138;138;138;NA;NA;NA;NA;NA;NA;NA;NA;NA;NA;NA
"2022-01-19";"0-60";12;12;12;12;12;12;12;12;12;12;12;12;46;46;46;46;46;46;46;46;46;46;46;46;1;1;1;1;1;1;1;1;1;1;1
"2022-01-19";"60+";18;18;18;18;18;18;18;18;18;18;18;18;90;90;90;90;90;90;90;90;90;90;90;90;1;1;1;1;1;1;1;1;1;1;1
"2022-01-19";"alle";30;30;30;30;30;30;30;30;30;30;30;30;136;136;136;136;136;136;136;136;136;136;136;136;NA;NA;NA;NA;NA;NA;NA;NA;NA;NA;NA
"2022-01-18";"0-60";7;7;7;7;7;7;7;7;7;7;7;7;52;52;52;52;52;52;52;52;52;52;52;52;1;1;1;1;1;1;1;1;1;1;1
"2022-01-18";"60+";13;13;13;13;13;13;13;13;13;13;13;13;99;99;99;99;99;99;99;99;99;99;99;99;1;1;1;1;1;1;1;1;1;1;1
"2022-01-18";"alle";20;20;20;20;20;20;20;20;20;20;20;20;151;151;151;151;151;151;151;151;151;151;151;151;NA;NA;NA;NA;NA;NA;NA;NA;NA;NA;NA
"2022-01-17";"0-60";3;3;3;3;3;3;3;3;3;3;3;3;54;54;54;54;54;54;54;54;54;54;54;54;1;1;1;1;1;1;1;1;1;1;1
"2022-01-17";"60+";5;5;5;5;5;5;5;5;5;5;5;5;108;108;108;108;108;108;108;108;108;108;108;108;1;1;1;1;1;1;1;1;1;1;1
"2022-01-17";"alle";8;8;8;8;8;8;8;8;8;8;8;8;162;162;162;162;162;162;162;162;162;162;162;162;NA;NA;NA;NA;NA;NA;NA;NA;NA;NA;NA
"2022-01-16";"0-60";4;4;4;4;4;4;4;4;4;4;4;4;57;57;57;57;57;57;57;57;57;57;57;57;1;1;1;1;1;1;1;1;1;1;1
"2022-01-16";"60+";7;7;7;7;7;7;7;7;7;7;7;7;108;108;108;108;108;108;108;108;108;108;108;108;1;1;1;1;1;1;1;1;1;1;1
"2022-01-16";"alle";11;11;11;11;11;11;11;11;11;11;11;11;165;165;165;165;165;165;165;165;165;165;165;165;NA;NA;NA;NA;NA;NA;NA;NA;NA;NA;NA
"2022-01-15";"0-60";9;9;9;9;9;9;9;9;9;9;9;9;57;57;57;57;57;57;57;57;57;57;57;57;1;1;1;1;1;1;1;1;1;1;1
"2022-01-15";"60+";20;20;20;20;20;20;20;20;20;20;20;20;111;111;111;111;111;111;111;111;111;111;111;111;1;1;1;1;1;1;1;1;1;1;1
"2022-01-15";"alle";29;29;29;29;29;29;29;29;29;29;29;29;168;168;168;168;168;168;168;168;168;168;168;168;NA;NA;NA;NA;NA;NA;NA;NA;NA;NA;NA
"2022-01-14";"0-60";7;7;7;7;7;7;7;7;7;7;7;7;57;57;57;57;57;57;57;57;57;57;57;57;1;1;1;1;1;1;1;1;1;1;1
"2022-01-14";"60+";15;15;15;15;15;15;15;15;15;15;15;15;103;103;103;103;103;103;103;103;103;103;103;103;1;1;1;1;1;1;1;1;1;1;1
"2022-01-14";"alle";22;22;22;22;22;22;22;22;22;22;22;22;160;160;160;160;160;160;160;160;160;160;160;160;NA;NA;NA;NA;NA;NA;NA;NA;NA;NA;NA
"2022-01-13";"0-60";4;4;4;4;4;4;4;4;4;4;4;4;57;57;57;57;57;57;57;57;57;57;57;57;1;1;1;1;1;1;1;1;1;1;1
"2022-01-13";"60+";12;12;12;12;12;12;12;12;12;12;12;12;103;103;103;103;103;103;103;103;103;103;103;103;1;1;1;1;1;1;1;1;1;1;1
"2022-01-13";"alle";16;16;16;16;16;16;16;16;16;16;16;16;160;160;160;160;160;160;160;160;160;160;160;160;NA;NA;NA;NA;NA;NA;NA;NA;NA;NA;NA
"2022-01-12";"0-60";18;18;18;18;18;18;18;18;18;18;18;18;72;72;72;72;72;72;72;72;72;72;72;72;1;1;1;1;1;1;1;1;1;1;1
"2022-01-12";"60+";27;27;27;27;27;27;27;27;27;27;27;27;129;129;129;129;129;129;129;129;129;129;129;129;1;1;1;1;1;1;1;1;1;1;1
"2022-01-12";"alle";45;45;45;45;45;45;45;45;45;45;45;45;201;201;201;201;201;201;201;201;201;201;201;201;NA;NA;NA;NA;NA;NA;NA;NA;NA;NA;NA
"2022-01-11";"0-60";9;9;9;9;9;9;9;9;9;9;9;9;69;69;69;69;69;69;69;69;69;69;69;69;1;1;1;1;1;1;1;1;1;1;1
"2022-01-11";"60+";22;22;22;22;22;22;22;22;22;22;22;22;143;143;143;143;143;143;143;143;143;143;143;143;1;1;1;1;1;1;1;1;1;1;1
"2022-01-11";"alle";31;31;31;31;31;31;31;31;31;31;31;31;212;212;212;212;212;212;212;212;212;212;212;212;NA;NA;NA;NA;NA;NA;NA;NA;NA;NA;NA
"2022-01-10";"0-60";6;6;6;6;6;6;6;6;6;6;6;6;80;80;80;80;80;80;80;80;80;80;80;80;1;1;1;1;1;1;1;1;1;1;1
"2022-01-10";"60+";5;5;5;5;5;5;5;5;5;5;5;5;158;158;158;158;158;158;158;158;158;158;158;158;1;1;1;1;1;1;1;1;1;1;1
"2022-01-10";"alle";11;11;11;11;11;11;11;11;11;11;11;11;238;238;238;238;238;238;238;238;238;238;238;238;NA;NA;NA;NA;NA;NA;NA;NA;NA;NA;NA
"2022-01-09";"0-60";4;4;4;4;4;4;4;4;4;4;4;4;81;81;81;81;81;81;81;81;81;81;81;81;1;1;1;1;1;1;1;1;1;1;1
"2022-01-09";"60+";10;10;10;10;10;10;10;10;10;10;10;10;166;166;166;166;166;166;166;166;166;166;166;166;1;1;1;1;1;1;1;1;1;1;1
"2022-01-09";"alle";14;14;14;14;14;14;14;14;14;14;14;14;247;247;247;247;247;247;247;247;247;247;247;247;NA;NA;NA;NA;NA;NA;NA;NA;NA;NA;NA
"2022-01-08";"0-60";9;9;9;9;9;9;9;9;9;9;9;9;84;84;84;84;84;84;84;84;84;84;84;84;1;1;1;1;1;1;1;1;1;1;1
"2022-01-08";"60+";12;12;12;12;12;12;12;12;12;12;12;12;162;162;162;162;162;162;162;162;162;162;162;162;1;1;1;1;1;1;1;1;1;1;1
"2022-01-08";"alle";21;21;21;21;21;21;21;21;21;21;21;21;246;246;246;246;246;246;246;246;246;246;246;246;NA;NA;NA;NA;NA;NA;NA;NA;NA;NA;NA
"2022-01-07";"0-60";7;7;7;7;7;7;7;7;7;7;7;7;82;82;82;82;82;82;82;82;82;82;82;82;1;1;1;1;1;1;1;1;1;1;1
"2022-01-07";"60+";15;15;15;15;15;15;15;15;15;15;15;15;172;172;172;172;172;172;172;172;172;172;172;172;1;1;1;1;1;1;1;1;1;1;1
"2022-01-07";"alle";22;22;22;22;22;22;22;22;22;22;22;22;254;254;254;254;254;254;254;254;254;254;254;254;NA;NA;NA;NA;NA;NA;NA;NA;NA;NA;NA
"2022-01-06";"0-60";19;19;19;19;19;19;19;19;19;19;19;19;91;91;91;91;91;91;91;91;91;91;91;91;1;1;1;1;1;1;1;1;1;1;1
"2022-01-06";"60+";38;38;38;38;38;38;38;38;38;38;38;38;191;191;191;191;191;191;191;191;191;191;191;191;1;1;1;1;1;1;1;1;1;1;1
"2022-01-06";"alle";57;57;57;57;57;57;57;57;57;57;57;57;282;282;282;282;282;282;282;282;282;282;282;282;NA;NA;NA;NA;NA;NA;NA;NA;NA;NA;NA
"2022-01-05";"0-60";15;15;15;15;15;15;15;15;15;15;15;15;97;97;97;97;97;97;97;97;97;97;97;97;1;1;1;1;1;1;1;1;1;1;1
"2022-01-05";"60+";41;41;41;41;41;41;41;41;41;41;41;41;188;188;188;188;188;188;188;188;188;188;188;188;1;1;1;1;1;1;1;1;1;1;1
"2022-01-05";"alle";56;56;56;56;56;56;56;56;56;56;56;56;285;285;285;285;285;285;285;285;285;285;285;285;NA;NA;NA;NA;NA;NA;NA;NA;NA;NA;NA
"2022-01-04";"0-60";20;20;20;20;20;20;20;20;20;20;20;20;110;110;110;110;110;110;110;110;110;110;110;110;1;1;1;1;1;1;1;1;1;1;1
"2022-01-04";"60+";37;37;37;37;37;37;37;37;37;37;37;37;199;199;199;199;199;199;199;199;199;199;199;199;1;1;1;1;1;1;1;1;1;1;1
"2022-01-04";"alle";57;57;57;57;57;57;57;57;57;57;57;57;309;309;309;309;309;309;309;309;309;309;309;309;NA;NA;NA;NA;NA;NA;NA;NA;NA;NA;NA
"2022-01-03";"0-60";7;7;7;7;7;7;7;7;7;7;7;7;105;105;105;105;105;105;105;105;105;105;105;105;1;1;1;1;1;1;1;1;1;1;1
"2022-01-03";"60+";13;13;13;13;13;13;13;13;13;13;13;13;197;197;197;197;197;197;197;197;197;197;197;197;1;1;1;1;1;1;1;1;1;1;1
"2022-01-03";"alle";20;20;20;20;20;20;20;20;20;20;20;20;302;302;302;302;302;302;302;302;302;302;302;302;NA;NA;NA;NA;NA;NA;NA;NA;NA;NA;NA
"2022-01-02";"0-60";7;7;7;7;7;7;7;7;7;7;7;7;108;108;108;108;108;108;108;108;108;108;108;108;1;1;1;1;1;1;1;1;1;1;1
"2022-01-02";"60+";6;6;6;6;6;6;6;6;6;6;6;6;193;193;193;193;193;193;193;193;193;193;193;193;1;1;1;1;1;1;1;1;1;1;1
"2022-01-02";"alle";13;13;13;13;13;13;13;13;13;13;13;13;301;301;301;301;301;301;301;301;301;301;301;301;NA;NA;NA;NA;NA;NA;NA;NA;NA;NA;NA
"2022-01-01";"0-60";7;7;7;7;7;7;7;7;7;7;7;7;109;109;109;109;109;109;109;109;109;109;109;109;1;1;1;1;1;1;1;1;1;1;1
"2022-01-01";"60+";22;22;22;22;22;22;22;22;22;22;22;22;201;201;201;201;201;201;201;201;201;201;201;201;1;1;1;1;1;1;1;1;1;1;1
"2022-01-01";"alle";29;29;29;29;29;29;29;29;29;29;29;29;310;310;310;310;310;310;310;310;310;310;310;310;NA;NA;NA;NA;NA;NA;NA;NA;NA;NA;NA
"2021-12-31";"0-60";16;16;16;16;16;16;16;16;16;16;16;16;113;113;113;113;113;113;113;113;113;113;113;113;1;1;1;1;1;1;1;1;1;1;1
"2021-12-31";"60+";34;34;34;34;34;34;34;34;34;34;34;34;205;205;205;205;205;205;205;205;205;205;205;205;1;1;1;1;1;1;1;1;1;1;1
"2021-12-31";"alle";50;50;50;50;50;50;50;50;50;50;50;50;318;318;318;318;318;318;318;318;318;318;318;318;NA;NA;NA;NA;NA;NA;NA;NA;NA;NA;NA
"2021-12-30";"0-60";25;25;25;25;25;25;25;25;25;25;25;25;116;116;116;116;116;116;116;116;116;116;116;116;1;1;1;1;1;1;1;1;1;1;1
"2021-12-30";"60+";35;35;35;35;35;35;35;35;35;35;35;35;210;210;210;210;210;210;210;210;210;210;210;210;1;1;1;1;1;1;1;1;1;1;1
"2021-12-30";"alle";60;60;60;60;60;60;60;60;60;60;60;60;326;326;326;326;326;326;326;326;326;326;326;326;NA;NA;NA;NA;NA;NA;NA;NA;NA;NA;NA
"2021-12-29";"0-60";28;28;28;28;28;28;28;28;28;28;28;28;118;118;118;118;118;118;118;118;118;118;118;118;1;1;1;1;1;1;1;1;1;1;1
"2021-12-29";"60+";52;52;52;52;52;52;52;52;52;52;52;52;228;228;228;228;228;228;228;228;228;228;228;228;1;1;1;1;1;1;1;1;1;1;1
"2021-12-29";"alle";80;80;80;80;80;80;80;80;80;80;80;80;346;346;346;346;346;346;346;346;346;346;346;346;NA;NA;NA;NA;NA;NA;NA;NA;NA;NA;NA
"2021-12-28";"0-60";15;15;15;15;15;15;15;15;15;15;15;15;117;117;117;117;117;117;117;117;117;117;117;117;1;1;1;1;1;1;1;1;1;1;1
"2021-12-28";"60+";35;35;35;35;35;35;35;35;35;35;35;35;227;227;227;227;227;227;227;227;227;227;227;227;1;1;1;1;1;1;1;1;1;1;1
"2021-12-28";"alle";50;50;50;50;50;50;50;50;50;50;50;50;344;344;344;344;344;344;344;344;344;344;344;344;NA;NA;NA;NA;NA;NA;NA;NA;NA;NA;NA
"2021-12-27";"0-60";10;10;10;10;10;10;10;10;10;10;10;10;127;127;127;127;127;127;127;127;127;127;127;127;1;1;1;1;1;1;1;1;1;1;1
"2021-12-27";"60+";9;9;9;9;9;9;9;9;9;9;9;9;244;244;244;244;244;244;244;244;244;244;244;244;1;1;1;1;1;1;1;1;1;1;1
"2021-12-27";"alle";19;19;19;19;19;19;19;19;19;19;19;19;371;371;371;371;371;371;371;371;371;371;371;371;NA;NA;NA;NA;NA;NA;NA;NA;NA;NA;NA
"2021-12-26";"0-60";8;8;8;8;8;8;8;8;8;8;8;8;122;122;122;122;122;122;122;122;122;122;122;122;1;1;1;1;1;1;1;1;1;1;1
"2021-12-26";"60+";14;14;14;14;14;14;14;14;14;14;14;14;258;258;258;258;258;258;258;258;258;258;258;258;1;1;1;1;1;1;1;1;1;1;1
"2021-12-26";"alle";22;22;22;22;22;22;22;22;22;22;22;22;380;380;380;380;380;380;380;380;380;380;380;380;NA;NA;NA;NA;NA;NA;NA;NA;NA;NA;NA
"2021-12-25";"0-60";11;11;11;11;11;11;11;11;11;11;11;11;131;131;131;131;131;131;131;131;131;131;131;131;1;1;1;1;1;1;1;1;1;1;1
"2021-12-25";"60+";26;26;26;26;26;26;26;26;26;26;26;26;279;279;279;279;279;279;279;279;279;279;279;279;1;1;1;1;1;1;1;1;1;1;1
"2021-12-25";"alle";37;37;37;37;37;37;37;37;37;37;37;37;410;410;410;410;410;410;410;410;410;410;410;410;NA;NA;NA;NA;NA;NA;NA;NA;NA;NA;NA
"2021-12-24";"0-60";19;19;19;19;19;19;19;19;19;19;19;19;139;139;139;139;139;139;139;139;139;139;139;139;1;1;1;1;1;1;1;1;1;1;1
"2021-12-24";"60+";39;39;39;39;39;39;39;39;39;39;39;39;290;290;290;290;290;290;290;290;290;290;290;290;1;1;1;1;1;1;1;1;1;1;1
"2021-12-24";"alle";58;58;58;58;58;58;58;58;58;58;58;58;429;429;429;429;429;429;429;429;429;429;429;429;NA;NA;NA;NA;NA;NA;NA;NA;NA;NA;NA
"2021-12-23";"0-60";27;27;27;27;27;27;27;27;27;27;27;27;144;144;144;144;144;144;144;144;144;144;144;144;1;1;1;1;1;1;1;1;1;1;1
"2021-12-23";"60+";53;53;53;53;53;53;53;53;53;53;53;53;320;320;320;320;320;320;320;320;320;320;320;320;1;1;1;1;1;1;1;1;1;1;1
"2021-12-23";"alle";80;80;80;80;80;80;80;80;80;80;80;80;464;464;464;464;464;464;464;464;464;464;464;464;NA;NA;NA;NA;NA;NA;NA;NA;NA;NA;NA
"2021-12-22";"0-60";27;27;27;27;27;27;27;27;27;27;27;27;143;143;143;143;143;143;143;143;143;143;143;143;1;1;1;1;1;1;1;1;1;1;1
"2021-12-22";"60+";51;51;51;51;51;51;51;51;51;51;51;51;341;341;341;341;341;341;341;341;341;341;341;341;1;1;1;1;1;1;1;1;1;1;1
"2021-12-22";"alle";78;78;78;78;78;78;78;78;78;78;78;78;484;484;484;484;484;484;484;484;484;484;484;484;NA;NA;NA;NA;NA;NA;NA;NA;NA;NA;NA
"2021-12-21";"0-60";25;25;25;25;25;25;25;25;25;25;25;25;146;146;146;146;146;146;146;146;146;146;146;146;1;1;1;1;1;1;1;1;1;1;1
"2021-12-21";"60+";52;52;52;52;52;52;52;52;52;52;52;52;362;362;362;362;362;362;362;362;362;362;362;362;1;1;1;1;1;1;1;1;1;1;1
"2021-12-21";"alle";77;77;77;77;77;77;77;77;77;77;77;77;508;508;508;508;508;508;508;508;508;508;508;508;NA;NA;NA;NA;NA;NA;NA;NA;NA;NA;NA
"2021-12-20";"0-60";5;5;5;5;5;5;5;5;5;5;5;5;143;143;143;143;143;143;143;143;143;143;143;143;1;1;1;1;1;1;1;1;1;1;1
"2021-12-20";"60+";23;23;23;23;23;23;23;23;23;23;23;23;359;359;359;359;359;359;359;359;359;359;359;359;1;1;1;1;1;1;1;1;1;1;1
"2021-12-20";"alle";28;28;28;28;28;28;28;28;28;28;28;28;502;502;502;502;502;502;502;502;502;502;502;502;NA;NA;NA;NA;NA;NA;NA;NA;NA;NA;NA
"2021-12-19";"0-60";17;17;17;17;17;17;17;17;17;17;17;17;152;152;152;152;152;152;152;152;152;152;152;152;1;1;1;1;1;1;1;1;1;1;1
"2021-12-19";"60+";35;35;35;35;35;35;35;35;35;35;35;35;360;360;360;360;360;360;360;360;360;360;360;360;1;1;1;1;1;1;1;1;1;1;1
"2021-12-19";"alle";52;52;52;52;52;52;52;52;52;52;52;52;512;512;512;512;512;512;512;512;512;512;512;512;NA;NA;NA;NA;NA;NA;NA;NA;NA;NA;NA
"2021-12-18";"0-60";19;19;19;19;19;19;19;19;19;19;19;19;155;155;155;155;155;155;155;155;155;155;155;155;1;1;1;1;1;1;1;1;1;1;1
"2021-12-18";"60+";37;37;37;37;37;37;37;37;37;37;37;37;371;371;371;371;371;371;371;371;371;371;371;371;1;1;1;1;1;1;1;1;1;1;1
"2021-12-18";"alle";56;56;56;56;56;56;56;56;56;56;56;56;526;526;526;526;526;526;526;526;526;526;526;526;NA;NA;NA;NA;NA;NA;NA;NA;NA;NA;NA
"2021-12-17";"0-60";24;24;24;24;24;24;24;24;24;24;24;24;155;155;155;155;155;155;155;155;155;155;155;155;1;1;1;1;1;1;1;1;1;1;1
"2021-12-17";"60+";69;69;69;69;69;69;69;69;69;69;69;69;381;381;381;381;381;381;381;381;381;381;381;381;1;1;1;1;1;1;1;1;1;1;1
"2021-12-17";"alle";93;93;93;93;93;93;93;93;93;93;93;93;536;536;536;536;536;536;536;536;536;536;536;536;NA;NA;NA;NA;NA;NA;NA;NA;NA;NA;NA
"2021-12-16";"0-60";26;26;26;26;26;26;26;26;26;26;26;26;158;158;158;158;158;158;158;158;158;158;158;158;1;1;1;1;1;1;1;1;1;1;1
"2021-12-16";"60+";74;74;74;74;74;74;74;74;74;74;74;74;372;372;372;372;372;372;372;372;372;372;372;372;1;1;1;1;1;1;1;1;1;1;1
"2021-12-16";"alle";100;100;100;100;100;100;100;100;100;100;100;100;530;530;530;530;530;530;530;530;530;530;530;530;NA;NA;NA;NA;NA;NA;NA;NA;NA;NA;NA
"2021-12-15";"0-60";30;30;30;30;30;30;30;30;30;30;30;30;172;172;172;172;172;172;172;172;172;172;172;172;1;1;1;1;1;1;1;1;1;1;1
"2021-12-15";"60+";72;72;72;72;72;72;72;72;72;72;72;72;364;364;364;364;364;364;364;364;364;364;364;364;1;1;1;1;1;1;1;1;1;1;1
"2021-12-15";"alle";102;102;102;102;102;102;102;102;102;102;102;102;536;536;536;536;536;536;536;536;536;536;536;536;NA;NA;NA;NA;NA;NA;NA;NA;NA;NA;NA
"2021-12-14";"0-60";22;22;22;22;22;22;22;22;22;22;22;22;186;186;186;186;186;186;186;186;186;186;186;186;1;1;1;1;1;1;1;1;1;1;1
"2021-12-14";"60+";49;49;49;49;49;49;49;49;49;49;49;49;363;363;363;363;363;363;363;363;363;363;363;363;1;1;1;1;1;1;1;1;1;1;1
"2021-12-14";"alle";71;71;71;71;71;71;71;71;71;71;71;71;549;549;549;549;549;549;549;549;549;549;549;549;NA;NA;NA;NA;NA;NA;NA;NA;NA;NA;NA
"2021-12-13";"0-60";14;14;14;14;14;14;14;14;14;14;14;14;186;186;186;186;186;186;186;186;186;186;186;186;1;1;1;1;1;1;1;1;1;1;1
"2021-12-13";"60+";24;24;24;24;24;24;24;24;24;24;24;24;358;358;358;358;358;358;358;358;358;358;358;358;1;1;1;1;1;1;1;1;1;1;1
"2021-12-13";"alle";38;38;38;38;38;38;38;38;38;38;38;38;544;544;544;544;544;544;544;544;544;544;544;544;NA;NA;NA;NA;NA;NA;NA;NA;NA;NA;NA
"2021-12-12";"0-60";20;20;20;20;20;20;20;20;20;20;20;20;187;187;187;187;187;187;187;187;187;187;187;187;1;1;1;1;1;1;1;1;1;1;1
"2021-12-12";"60+";46;46;46;46;46;46;46;46;46;46;46;46;368;368;368;368;368;368;368;368;368;368;368;368;1;1;1;1;1;1;1;1;1;1;1
"2021-12-12";"alle";66;66;66;66;66;66;66;66;66;66;66;66;555;555;555;555;555;555;555;555;555;555;555;555;NA;NA;NA;NA;NA;NA;NA;NA;NA;NA;NA
"2021-12-11";"0-60";19;19;19;19;19;19;19;19;19;19;19;19;183;183;183;183;183;183;183;183;183;183;183;183;1;1;1;1;1;1;1;1;1;1;1
"2021-12-11";"60+";47;47;47;47;47;47;47;47;47;47;47;47;372;372;372;372;372;372;372;372;372;372;372;372;1;1;1;1;1;1;1;1;1;1;1
"2021-12-11";"alle";66;66;66;66;66;66;66;66;66;66;66;66;555;555;555;555;555;555;555;555;555;555;555;555;NA;NA;NA;NA;NA;NA;NA;NA;NA;NA;NA
"2021-12-10";"0-60";27;27;27;27;27;27;27;27;27;27;27;27;204;204;204;204;204;204;204;204;204;204;204;204;1;1;1;1;1;1;1;1;1;1;1
"2021-12-10";"60+";60;60;60;60;60;60;60;60;60;60;60;60;381;381;381;381;381;381;381;381;381;381;381;381;1;1;1;1;1;1;1;1;1;1;1
"2021-12-10";"alle";87;87;87;87;87;87;87;87;87;87;87;87;585;585;585;585;585;585;585;585;585;585;585;585;NA;NA;NA;NA;NA;NA;NA;NA;NA;NA;NA
"2021-12-09";"0-60";40;40;40;40;40;40;40;40;40;40;40;40;203;203;203;203;203;203;203;203;203;203;203;203;1;1;1;1;1;1;1;1;1;1;1
"2021-12-09";"60+";66;66;66;66;66;66;66;66;66;66;66;66;366;366;366;366;366;366;366;366;366;366;366;366;1;1;1;1;1;1;1;1;1;1;1
"2021-12-09";"alle";106;106;106;106;106;106;106;106;106;106;106;106;569;569;569;569;569;569;569;569;569;569;569;569;NA;NA;NA;NA;NA;NA;NA;NA;NA;NA;NA
"2021-12-08";"0-60";44;44;44;44;44;44;44;44;44;44;44;44;191;191;191;191;191;191;191;191;191;191;191;191;1;1;1;1;1;1;1;1;1;1;1
"2021-12-08";"60+";71;71;71;71;71;71;71;71;71;71;71;71;356;356;356;356;356;356;356;356;356;356;356;356;1;1;1;1;1;1;1;1;1;1;1
"2021-12-08";"alle";115;115;115;115;115;115;115;115;115;115;115;115;547;547;547;547;547;547;547;547;547;547;547;547;NA;NA;NA;NA;NA;NA;NA;NA;NA;NA;NA
"2021-12-07";"0-60";22;22;22;22;22;22;22;22;22;22;22;22;185;185;185;185;185;185;185;185;185;185;185;185;1;1;1;1;1;1;1;1;1;1;1
"2021-12-07";"60+";44;44;44;44;44;44;44;44;44;44;44;44;343;343;343;343;343;343;343;343;343;343;343;343;1;1;1;1;1;1;1;1;1;1;1
"2021-12-07";"alle";66;66;66;66;66;66;66;66;66;66;66;66;528;528;528;528;528;528;528;528;528;528;528;528;NA;NA;NA;NA;NA;NA;NA;NA;NA;NA;NA
"2021-12-06";"0-60";15;15;15;15;15;15;15;15;15;15;15;15;184;184;184;184;184;184;184;184;184;184;184;184;1;1;1;1;1;1;1;1;1;1;1
"2021-12-06";"60+";34;34;34;34;34;34;34;34;34;34;34;34;333;333;333;333;333;333;333;333;333;333;333;333;1;1;1;1;1;1;1;1;1;1;1
"2021-12-06";"alle";49;49;49;49;49;49;49;49;49;49;49;49;517;517;517;517;517;517;517;517;517;517;517;517;NA;NA;NA;NA;NA;NA;NA;NA;NA;NA;NA
"2021-12-05";"0-60";16;16;16;16;16;16;16;16;16;16;16;16;174;174;174;174;174;174;174;174;174;174;174;174;1;1;1;1;1;1;1;1;1;1;1
"2021-12-05";"60+";50;50;50;50;50;50;50;50;50;50;50;50;321;321;321;321;321;321;321;321;321;321;321;321;1;1;1;1;1;1;1;1;1;1;1
"2021-12-05";"alle";66;66;66;66;66;66;66;66;66;66;66;66;495;495;495;495;495;495;495;495;495;495;495;495;NA;NA;NA;NA;NA;NA;NA;NA;NA;NA;NA
"2021-12-04";"0-60";40;40;40;40;40;40;40;40;40;40;40;40;179;179;179;179;179;179;179;179;179;179;179;179;1;1;1;1;1;1;1;1;1;1;1
"2021-12-04";"60+";56;56;56;56;56;56;56;56;56;56;56;56;311;311;311;311;311;311;311;311;311;311;311;311;1;1;1;1;1;1;1;1;1;1;1
"2021-12-04";"alle";96;96;96;96;96;96;96;96;96;96;96;96;490;490;490;490;490;490;490;490;490;490;490;490;NA;NA;NA;NA;NA;NA;NA;NA;NA;NA;NA
"2021-12-03";"0-60";26;26;26;26;26;26;26;26;26;26;26;26;155;155;155;155;155;155;155;155;155;155;155;155;1;1;1;1;1;1;1;1;1;1;1
"2021-12-03";"60+";45;45;45;45;45;45;45;45;45;45;45;45;319;319;319;319;319;319;319;319;319;319;319;319;1;1;1;1;1;1;1;1;1;1;1
"2021-12-03";"alle";71;71;71;71;71;71;71;71;71;71;71;71;474;474;474;474;474;474;474;474;474;474;474;474;NA;NA;NA;NA;NA;NA;NA;NA;NA;NA;NA
"2021-12-02";"0-60";28;28;28;28;28;28;28;28;28;28;28;28;151;151;151;151;151;151;151;151;151;151;151;151;1;1;1;1;1;1;1;1;1;1;1
"2021-12-02";"60+";56;56;56;56;56;56;56;56;56;56;56;56;326;326;326;326;326;326;326;326;326;326;326;326;1;1;1;1;1;1;1;1;1;1;1
"2021-12-02";"alle";84;84;84;84;84;84;84;84;84;84;84;84;477;477;477;477;477;477;477;477;477;477;477;477;NA;NA;NA;NA;NA;NA;NA;NA;NA;NA;NA
"2021-12-01";"0-60";38;38;38;38;38;38;38;38;38;38;38;38;149;149;149;149;149;149;149;149;149;149;149;149;1;1;1;1;1;1;1;1;1;1;1
"2021-12-01";"60+";58;58;58;58;58;58;58;58;58;58;58;58;321;321;321;321;321;321;321;321;321;321;321;321;1;1;1;1;1;1;1;1;1;1;1
"2021-12-01";"alle";96;96;96;96;96;96;96;96;96;96;96;96;470;470;470;470;470;470;470;470;470;470;470;470;NA;NA;NA;NA;NA;NA;NA;NA;NA;NA;NA
"2021-11-30";"0-60";21;21;21;21;21;21;21;21;21;21;21;21;147;147;147;147;147;147;147;147;147;147;147;147;1;1;1;1;1;1;1;1;1;1;1
"2021-11-30";"60+";34;34;34;34;34;34;34;34;34;34;34;34;356;356;356;356;356;356;356;356;356;356;356;356;1;1;1;1;1;1;1;1;1;1;1
"2021-11-30";"alle";55;55;55;55;55;55;55;55;55;55;55;55;503;503;503;503;503;503;503;503;503;503;503;503;NA;NA;NA;NA;NA;NA;NA;NA;NA;NA;NA
"2021-11-29";"0-60";5;5;5;5;5;5;5;5;5;5;5;5;148;148;148;148;148;148;148;148;148;148;148;148;1;1;1;1;1;1;1;1;1;1;1
"2021-11-29";"60+";22;22;22;22;22;22;22;22;22;22;22;22;366;366;366;366;366;366;366;366;366;366;366;366;1;1;1;1;1;1;1;1;1;1;1
"2021-11-29";"alle";27;27;27;27;27;27;27;27;27;27;27;27;514;514;514;514;514;514;514;514;514;514;514;514;NA;NA;NA;NA;NA;NA;NA;NA;NA;NA;NA
"2021-11-28";"0-60";21;21;21;21;21;21;21;21;21;21;21;21;151;151;151;151;151;151;151;151;151;151;151;151;1;1;1;1;1;1;1;1;1;1;1
"2021-11-28";"60+";40;40;40;40;40;40;40;40;40;40;40;40;360;360;360;360;360;360;360;360;360;360;360;360;1;1;1;1;1;1;1;1;1;1;1
"2021-11-28";"alle";61;61;61;61;61;61;61;61;61;61;61;61;511;511;511;511;511;511;511;511;511;511;511;511;NA;NA;NA;NA;NA;NA;NA;NA;NA;NA;NA
"2021-11-27";"0-60";16;16;16;16;16;16;16;16;16;16;16;16;149;149;149;149;149;149;149;149;149;149;149;149;1;1;1;1;1;1;1;1;1;1;1
"2021-11-27";"60+";64;64;64;64;64;64;64;64;64;64;64;64;352;352;352;352;352;352;352;352;352;352;352;352;1;1;1;1;1;1;1;1;1;1;1
"2021-11-27";"alle";80;80;80;80;80;80;80;80;80;80;80;80;501;501;501;501;501;501;501;501;501;501;501;501;NA;NA;NA;NA;NA;NA;NA;NA;NA;NA;NA
"2021-11-26";"0-60";22;22;22;22;22;22;22;22;22;22;22;22;155;155;155;155;155;155;155;155;155;155;155;155;1;1;1;1;1;1;1;1;1;1;1
"2021-11-26";"60+";52;52;52;52;52;52;52;52;52;52;52;52;344;344;344;344;344;344;344;344;344;344;344;344;1;1;1;1;1;1;1;1;1;1;1
"2021-11-26";"alle";74;74;74;74;74;74;74;74;74;74;74;74;499;499;499;499;499;499;499;499;499;499;499;499;NA;NA;NA;NA;NA;NA;NA;NA;NA;NA;NA
"2021-11-25";"0-60";26;26;26;26;26;26;26;26;26;26;26;26;155;155;155;155;155;155;155;155;155;155;155;155;1;1;1;1;1;1;1;1;1;1;1
"2021-11-25";"60+";51;51;51;51;51;51;51;51;51;51;51;51;334;334;334;334;334;334;334;334;334;334;334;334;1;1;1;1;1;1;1;1;1;1;1
"2021-11-25";"alle";77;77;77;77;77;77;77;77;77;77;77;77;489;489;489;489;489;489;489;489;489;489;489;489;NA;NA;NA;NA;NA;NA;NA;NA;NA;NA;NA
"2021-11-24";"0-60";36;36;36;36;36;36;36;36;36;36;36;36;156;156;156;156;156;156;156;156;156;156;156;156;1;1;1;1;1;1;1;1;1;1;1
"2021-11-24";"60+";93;93;93;93;93;93;93;93;93;93;93;93;335;335;335;335;335;335;335;335;335;335;335;335;1;1;1;1;1;1;1;1;1;1;1
"2021-11-24";"alle";129;129;129;129;129;129;129;129;129;129;129;129;491;491;491;491;491;491;491;491;491;491;491;491;NA;NA;NA;NA;NA;NA;NA;NA;NA;NA;NA
"2021-11-23";"0-60";22;22;22;22;22;22;22;22;22;22;22;22;152;152;152;152;152;152;152;152;152;152;152;152;1;1;1;1;1;1;1;1;1;1;1
"2021-11-23";"60+";44;44;44;44;44;44;44;44;44;44;44;44;295;295;295;295;295;295;295;295;295;295;295;295;1;1;1;1;1;1;1;1;1;1;1
"2021-11-23";"alle";66;66;66;66;66;66;66;66;66;66;66;66;447;447;447;447;447;447;447;447;447;447;447;447;NA;NA;NA;NA;NA;NA;NA;NA;NA;NA;NA
"2021-11-22";"0-60";8;8;8;8;8;8;8;8;8;8;8;8;152;152;152;152;152;152;152;152;152;152;152;152;1;1;1;1;1;1;1;1;1;1;1
"2021-11-22";"60+";16;16;16;16;16;16;16;16;16;16;16;16;294;294;294;294;294;294;294;294;294;294;294;294;1;1;1;1;1;1;1;1;1;1;1
"2021-11-22";"alle";24;24;24;24;24;24;24;24;24;24;24;24;446;446;446;446;446;446;446;446;446;446;446;446;NA;NA;NA;NA;NA;NA;NA;NA;NA;NA;NA
"2021-11-21";"0-60";19;19;19;19;19;19;19;19;19;19;19;19;148;148;148;148;148;148;148;148;148;148;148;148;1;1;1;1;1;1;1;1;1;1;1
"2021-11-21";"60+";32;32;32;32;32;32;32;32;32;32;32;32;292;292;292;292;292;292;292;292;292;292;292;292;1;1;1;1;1;1;1;1;1;1;1
"2021-11-21";"alle";51;51;51;51;51;51;51;51;51;51;51;51;440;440;440;440;440;440;440;440;440;440;440;440;NA;NA;NA;NA;NA;NA;NA;NA;NA;NA;NA
"2021-11-20";"0-60";22;22;22;22;22;22;22;22;22;22;22;22;147;147;147;147;147;147;147;147;147;147;147;147;1;1;1;1;1;1;1;1;1;1;1
"2021-11-20";"60+";56;56;56;56;56;56;56;56;56;56;56;56;288;288;288;288;288;288;288;288;288;288;288;288;1;1;1;1;1;1;1;1;1;1;1
"2021-11-20";"alle";78;78;78;78;78;78;78;78;78;78;78;78;435;435;435;435;435;435;435;435;435;435;435;435;NA;NA;NA;NA;NA;NA;NA;NA;NA;NA;NA
"2021-11-19";"0-60";22;22;22;22;22;22;22;22;22;22;22;22;139;139;139;139;139;139;139;139;139;139;139;139;1;1;1;1;1;1;1;1;1;1;1
"2021-11-19";"60+";42;42;42;42;42;42;42;42;42;42;42;42;277;277;277;277;277;277;277;277;277;277;277;277;1;1;1;1;1;1;1;1;1;1;1
"2021-11-19";"alle";64;64;64;64;64;64;64;64;64;64;64;64;416;416;416;416;416;416;416;416;416;416;416;416;NA;NA;NA;NA;NA;NA;NA;NA;NA;NA;NA
"2021-11-18";"0-60";27;27;27;27;27;27;27;27;27;27;27;27;140;140;140;140;140;140;140;140;140;140;140;140;1;1;1;1;1;1;1;1;1;1;1
"2021-11-18";"60+";52;52;52;52;52;52;52;52;52;52;52;52;272;272;272;272;272;272;272;272;272;272;272;272;1;1;1;1;1;1;1;1;1;1;1
"2021-11-18";"alle";79;79;79;79;79;79;79;79;79;79;79;79;412;412;412;412;412;412;412;412;412;412;412;412;NA;NA;NA;NA;NA;NA;NA;NA;NA;NA;NA
"2021-11-17";"0-60";32;32;32;32;32;32;32;32;32;32;32;32;127;127;127;127;127;127;127;127;127;127;127;127;1;1;1;1;1;1;1;1;1;1;1
"2021-11-17";"60+";53;53;53;53;53;53;53;53;53;53;53;53;253;253;253;253;253;253;253;253;253;253;253;253;1;1;1;1;1;1;1;1;1;1;1
"2021-11-17";"alle";85;85;85;85;85;85;85;85;85;85;85;85;380;380;380;380;380;380;380;380;380;380;380;380;NA;NA;NA;NA;NA;NA;NA;NA;NA;NA;NA
"2021-11-16";"0-60";22;22;22;22;22;22;22;22;22;22;22;22;113;113;113;113;113;113;113;113;113;113;113;113;1;1;1;1;1;1;1;1;1;1;1
"2021-11-16";"60+";43;43;43;43;43;43;43;43;43;43;43;43;241;241;241;241;241;241;241;241;241;241;241;241;1;1;1;1;1;1;1;1;1;1;1
"2021-11-16";"alle";65;65;65;65;65;65;65;65;65;65;65;65;354;354;354;354;354;354;354;354;354;354;354;354;NA;NA;NA;NA;NA;NA;NA;NA;NA;NA;NA
"2021-11-15";"0-60";4;4;4;4;4;4;4;4;4;4;4;4;106;106;106;106;106;106;106;106;106;106;106;106;1;1;1;1;1;1;1;1;1;1;1
"2021-11-15";"60+";14;14;14;14;14;14;14;14;14;14;14;14;234;234;234;234;234;234;234;234;234;234;234;234;1;1;1;1;1;1;1;1;1;1;1
"2021-11-15";"alle";18;18;18;18;18;18;18;18;18;18;18;18;340;340;340;340;340;340;340;340;340;340;340;340;NA;NA;NA;NA;NA;NA;NA;NA;NA;NA;NA
"2021-11-14";"0-60";18;18;18;18;18;18;18;18;18;18;18;18;106;106;106;106;106;106;106;106;106;106;106;106;1;1;1;1;1;1;1;1;1;1;1
"2021-11-14";"60+";28;28;28;28;28;28;28;28;28;28;28;28;230;230;230;230;230;230;230;230;230;230;230;230;1;1;1;1;1;1;1;1;1;1;1
"2021-11-14";"alle";46;46;46;46;46;46;46;46;46;46;46;46;336;336;336;336;336;336;336;336;336;336;336;336;NA;NA;NA;NA;NA;NA;NA;NA;NA;NA;NA
"2021-11-13";"0-60";14;14;14;14;14;14;14;14;14;14;14;14;92;92;92;92;92;92;92;92;92;92;92;92;1;1;1;1;1;1;1;1;1;1;1
"2021-11-13";"60+";45;45;45;45;45;45;45;45;45;45;45;45;217;217;217;217;217;217;217;217;217;217;217;217;1;1;1;1;1;1;1;1;1;1;1
"2021-11-13";"alle";59;59;59;59;59;59;59;59;59;59;59;59;309;309;309;309;309;309;309;309;309;309;309;309;NA;NA;NA;NA;NA;NA;NA;NA;NA;NA;NA
"2021-11-12";"0-60";23;23;23;23;23;23;23;23;23;23;23;23;90;90;90;90;90;90;90;90;90;90;90;90;1;1;1;1;1;1;1;1;1;1;1
"2021-11-12";"60+";37;37;37;37;37;37;37;37;37;37;37;37;198;198;198;198;198;198;198;198;198;198;198;198;1;1;1;1;1;1;1;1;1;1;1
"2021-11-12";"alle";60;60;60;60;60;60;60;60;60;60;60;60;288;288;288;288;288;288;288;288;288;288;288;288;NA;NA;NA;NA;NA;NA;NA;NA;NA;NA;NA
"2021-11-11";"0-60";14;14;14;14;14;14;14;14;14;14;14;14;77;77;77;77;77;77;77;77;77;77;77;77;1;1;1;1;1;1;1;1;1;1;1
"2021-11-11";"60+";33;33;33;33;33;33;33;33;33;33;33;33;188;188;188;188;188;188;188;188;188;188;188;188;1;1;1;1;1;1;1;1;1;1;1
"2021-11-11";"alle";47;47;47;47;47;47;47;47;47;47;47;47;265;265;265;265;265;265;265;265;265;265;265;265;NA;NA;NA;NA;NA;NA;NA;NA;NA;NA;NA
"2021-11-10";"0-60";18;18;18;18;18;18;18;18;18;18;18;18;72;72;72;72;72;72;72;72;72;72;72;72;1;1;1;1;1;1;1;1;1;1;1
"2021-11-10";"60+";41;41;41;41;41;41;41;41;41;41;41;41;185;185;185;185;185;185;185;185;185;185;185;185;1;1;1;1;1;1;1;1;1;1;1
"2021-11-10";"alle";59;59;59;59;59;59;59;59;59;59;59;59;257;257;257;257;257;257;257;257;257;257;257;257;NA;NA;NA;NA;NA;NA;NA;NA;NA;NA;NA
"2021-11-09";"0-60";15;15;15;15;15;15;15;15;15;15;15;15;74;74;74;74;74;74;74;74;74;74;74;74;1;1;1;1;1;1;1;1;1;1;1
"2021-11-09";"60+";36;36;36;36;36;36;36;36;36;36;36;36;179;179;179;179;179;179;179;179;179;179;179;179;1;1;1;1;1;1;1;1;1;1;1
"2021-11-09";"alle";51;51;51;51;51;51;51;51;51;51;51;51;253;253;253;253;253;253;253;253;253;253;253;253;NA;NA;NA;NA;NA;NA;NA;NA;NA;NA;NA
"2021-11-08";"0-60";4;4;4;4;4;4;4;4;4;4;4;4;63;63;63;63;63;63;63;63;63;63;63;63;1;1;1;1;1;1;1;1;1;1;1
"2021-11-08";"60+";10;10;10;10;10;10;10;10;10;10;10;10;169;169;169;169;169;169;169;169;169;169;169;169;1;1;1;1;1;1;1;1;1;1;1
"2021-11-08";"alle";14;14;14;14;14;14;14;14;14;14;14;14;232;232;232;232;232;232;232;232;232;232;232;232;NA;NA;NA;NA;NA;NA;NA;NA;NA;NA;NA
"2021-11-07";"0-60";4;4;4;4;4;4;4;4;4;4;4;4;61;61;61;61;61;61;61;61;61;61;61;61;1;1;1;1;1;1;1;1;1;1;1
"2021-11-07";"60+";15;15;15;15;15;15;15;15;15;15;15;15;164;164;164;164;164;164;164;164;164;164;164;164;1;1;1;1;1;1;1;1;1;1;1
"2021-11-07";"alle";19;19;19;19;19;19;19;19;19;19;19;19;225;225;225;225;225;225;225;225;225;225;225;225;NA;NA;NA;NA;NA;NA;NA;NA;NA;NA;NA
"2021-11-06";"0-60";12;12;12;12;12;12;12;12;12;12;12;12;63;63;63;63;63;63;63;63;63;63;63;63;1;1;1;1;1;1;1;1;1;1;1
"2021-11-06";"60+";26;26;26;26;26;26;26;26;26;26;26;26;153;153;153;153;153;153;153;153;153;153;153;153;1;1;1;1;1;1;1;1;1;1;1
"2021-11-06";"alle";38;38;38;38;38;38;38;38;38;38;38;38;216;216;216;216;216;216;216;216;216;216;216;216;NA;NA;NA;NA;NA;NA;NA;NA;NA;NA;NA
"2021-11-05";"0-60";10;10;10;10;10;10;10;10;10;10;10;10;58;58;58;58;58;58;58;58;58;58;58;58;1;1;1;1;1;1;1;1;1;1;1
"2021-11-05";"60+";27;27;27;27;27;27;27;27;27;27;27;27;163;163;163;163;163;163;163;163;163;163;163;163;1;1;1;1;1;1;1;1;1;1;1
"2021-11-05";"alle";37;37;37;37;37;37;37;37;37;37;37;37;221;221;221;221;221;221;221;221;221;221;221;221;NA;NA;NA;NA;NA;NA;NA;NA;NA;NA;NA
"2021-11-04";"0-60";9;9;9;9;9;9;9;9;9;9;9;9;55;55;55;55;55;55;55;55;55;55;55;55;1;1;1;1;1;1;1;1;1;1;1
"2021-11-04";"60+";30;30;30;30;30;30;30;30;30;30;30;30;160;160;160;160;160;160;160;160;160;160;160;160;1;1;1;1;1;1;1;1;1;1;1
"2021-11-04";"alle";39;39;39;39;39;39;39;39;39;39;39;39;215;215;215;215;215;215;215;215;215;215;215;215;NA;NA;NA;NA;NA;NA;NA;NA;NA;NA;NA
"2021-11-03";"0-60";20;20;20;20;20;20;20;20;20;20;20;20;56;56;56;56;56;56;56;56;56;56;56;56;1;1;1;1;1;1;1;1;1;1;1
"2021-11-03";"60+";35;35;35;35;35;35;35;35;35;35;35;35;151;151;151;151;151;151;151;151;151;151;151;151;1;1;1;1;1;1;1;1;1;1;1
"2021-11-03";"alle";55;55;55;55;55;55;55;55;55;55;55;55;207;207;207;207;207;207;207;207;207;207;207;207;NA;NA;NA;NA;NA;NA;NA;NA;NA;NA;NA
"2021-11-02";"0-60";4;4;4;4;4;4;4;4;4;4;4;4;46;46;46;46;46;46;46;46;46;46;46;46;1;1;1;1;1;1;1;1;1;1;1
"2021-11-02";"60+";26;26;26;26;26;26;26;26;26;26;26;26;136;136;136;136;136;136;136;136;136;136;136;136;1;1;1;1;1;1;1;1;1;1;1
"2021-11-02";"alle";30;30;30;30;30;30;30;30;30;30;30;30;182;182;182;182;182;182;182;182;182;182;182;182;NA;NA;NA;NA;NA;NA;NA;NA;NA;NA;NA
"2021-11-01";"0-60";2;2;2;2;2;2;2;2;2;2;2;2;47;47;47;47;47;47;47;47;47;47;47;47;1;1;1;1;1;1;1;1;1;1;1
"2021-11-01";"60+";5;5;5;5;5;5;5;5;5;5;5;5;116;116;116;116;116;116;116;116;116;116;116;116;1;1;1;1;1;1;1;1;1;1;1
"2021-11-01";"alle";7;7;7;7;7;7;7;7;7;7;7;7;163;163;163;163;163;163;163;163;163;163;163;163;NA;NA;NA;NA;NA;NA;NA;NA;NA;NA;NA
"2021-10-31";"0-60";6;6;6;6;6;6;6;6;6;6;6;6;49;49;49;49;49;49;49;49;49;49;49;49;1;1;1;1;1;1;1;1;1;1;1
"2021-10-31";"60+";4;4;4;4;4;4;4;4;4;4;4;4;116;116;116;116;116;116;116;116;116;116;116;116;1;1;1;1;1;1;1;1;1;1;1
"2021-10-31";"alle";10;10;10;10;10;10;10;10;10;10;10;10;165;165;165;165;165;165;165;165;165;165;165;165;NA;NA;NA;NA;NA;NA;NA;NA;NA;NA;NA
"2021-10-30";"0-60";7;7;7;7;7;7;7;7;7;7;7;7;51;51;51;51;51;51;51;51;51;51;51;51;1;1;1;1;1;1;1;1;1;1;1
"2021-10-30";"60+";36;36;36;36;36;36;36;36;36;36;36;36;116;116;116;116;116;116;116;116;116;116;116;116;1;1;1;1;1;1;1;1;1;1;1
"2021-10-30";"alle";43;43;43;43;43;43;43;43;43;43;43;43;167;167;167;167;167;167;167;167;167;167;167;167;NA;NA;NA;NA;NA;NA;NA;NA;NA;NA;NA
"2021-10-29";"0-60";7;7;7;7;7;7;7;7;7;7;7;7;50;50;50;50;50;50;50;50;50;50;50;50;1;1;1;1;1;1;1;1;1;1;1
"2021-10-29";"60+";24;24;24;24;24;24;24;24;24;24;24;24;92;92;92;92;92;92;92;92;92;92;92;92;1;1;1;1;1;1;1;1;1;1;1
"2021-10-29";"alle";31;31;31;31;31;31;31;31;31;31;31;31;142;142;142;142;142;142;142;142;142;142;142;142;NA;NA;NA;NA;NA;NA;NA;NA;NA;NA;NA
"2021-10-28";"0-60";10;10;10;10;10;10;10;10;10;10;10;10;48;48;48;48;48;48;48;48;48;48;48;48;1;1;1;1;1;1;1;1;1;1;1
"2021-10-28";"60+";21;21;21;21;21;21;21;21;21;21;21;21;85;85;85;85;85;85;85;85;85;85;85;85;1;1;1;1;1;1;1;1;1;1;1
"2021-10-28";"alle";31;31;31;31;31;31;31;31;31;31;31;31;133;133;133;133;133;133;133;133;133;133;133;133;NA;NA;NA;NA;NA;NA;NA;NA;NA;NA;NA
"2021-10-27";"0-60";10;10;10;10;10;10;10;10;10;10;10;10;43;43;43;43;43;43;43;43;43;43;43;43;1;1;1;1;1;1;1;1;1;1;1
"2021-10-27";"60+";20;20;20;20;20;20;20;20;20;20;20;20;69;69;69;69;69;69;69;69;69;69;69;69;1;1;1;1;1;1;1;1;1;1;1
"2021-10-27";"alle";30;30;30;30;30;30;30;30;30;30;30;30;112;112;112;112;112;112;112;112;112;112;112;112;NA;NA;NA;NA;NA;NA;NA;NA;NA;NA;NA
"2021-10-26";"0-60";5;5;5;5;5;5;5;5;5;5;5;5;40;40;40;40;40;40;40;40;40;40;40;40;1;1;1;1;1;1;1;1;1;1;1
"2021-10-26";"60+";6;6;6;6;6;6;6;6;6;6;6;6;68;68;68;68;68;68;68;68;68;68;68;68;1;1;1;1;1;1;1;1;1;1;1
"2021-10-26";"alle";11;11;11;11;11;11;11;11;11;11;11;11;108;108;108;108;108;108;108;108;108;108;108;108;NA;NA;NA;NA;NA;NA;NA;NA;NA;NA;NA
"2021-10-25";"0-60";4;4;4;4;4;4;4;4;4;4;4;4;39;39;39;39;39;39;39;39;39;39;39;39;1;1;1;1;1;1;1;1;1;1;1
"2021-10-25";"60+";5;5;5;5;5;5;5;5;5;5;5;5;72;72;72;72;72;72;72;72;72;72;72;72;1;1;1;1;1;1;1;1;1;1;1
"2021-10-25";"alle";9;9;9;9;9;9;9;9;9;9;9;9;111;111;111;111;111;111;111;111;111;111;111;111;NA;NA;NA;NA;NA;NA;NA;NA;NA;NA;NA
"2021-10-24";"0-60";8;8;8;8;8;8;8;8;8;8;8;8;39;39;39;39;39;39;39;39;39;39;39;39;1;1;1;1;1;1;1;1;1;1;1
"2021-10-24";"60+";4;4;4;4;4;4;4;4;4;4;4;4;72;72;72;72;72;72;72;72;72;72;72;72;1;1;1;1;1;1;1;1;1;1;1
"2021-10-24";"alle";12;12;12;12;12;12;12;12;12;12;12;12;111;111;111;111;111;111;111;111;111;111;111;111;NA;NA;NA;NA;NA;NA;NA;NA;NA;NA;NA
"2021-10-23";"0-60";6;6;6;6;6;6;6;6;6;6;6;6;33;33;33;33;33;33;33;33;33;33;33;33;1;1;1;1;1;1;1;1;1;1;1
"2021-10-23";"60+";12;12;12;12;12;12;12;12;12;12;12;12;69;69;69;69;69;69;69;69;69;69;69;69;1;1;1;1;1;1;1;1;1;1;1
"2021-10-23";"alle";18;18;18;18;18;18;18;18;18;18;18;18;102;102;102;102;102;102;102;102;102;102;102;102;NA;NA;NA;NA;NA;NA;NA;NA;NA;NA;NA
"2021-10-22";"0-60";5;5;5;5;5;5;5;5;5;5;5;5;32;32;32;32;32;32;32;32;32;32;32;32;1;1;1;1;1;1;1;1;1;1;1
"2021-10-22";"60+";17;17;17;17;17;17;17;17;17;17;17;17;72;72;72;72;72;72;72;72;72;72;72;72;1;1;1;1;1;1;1;1;1;1;1
"2021-10-22";"alle";22;22;22;22;22;22;22;22;22;22;22;22;104;104;104;104;104;104;104;104;104;104;104;104;NA;NA;NA;NA;NA;NA;NA;NA;NA;NA;NA
"2021-10-21";"0-60";5;5;5;5;5;5;5;5;5;5;5;5;34;34;34;34;34;34;34;34;34;34;34;34;1;1;1;1;1;1;1;1;1;1;1
"2021-10-21";"60+";5;5;5;5;5;5;5;5;5;5;5;5;58;58;58;58;58;58;58;58;58;58;58;58;1;1;1;1;1;1;1;1;1;1;1
"2021-10-21";"alle";10;10;10;10;10;10;10;10;10;10;10;10;92;92;92;92;92;92;92;92;92;92;92;92;NA;NA;NA;NA;NA;NA;NA;NA;NA;NA;NA
"2021-10-20";"0-60";7;7;7;7;7;7;7;7;7;7;7;7;31;31;31;31;31;31;31;31;31;31;31;31;1;1;1;1;1;1;1;1;1;1;1
"2021-10-20";"60+";19;19;19;19;19;19;19;19;19;19;19;19;56;56;56;56;56;56;56;56;56;56;56;56;1;1;1;1;1;1;1;1;1;1;1
"2021-10-20";"alle";26;26;26;26;26;26;26;26;26;26;26;26;87;87;87;87;87;87;87;87;87;87;87;87;NA;NA;NA;NA;NA;NA;NA;NA;NA;NA;NA
"2021-10-19";"0-60";4;4;4;4;4;4;4;4;4;4;4;4;29;29;29;29;29;29;29;29;29;29;29;29;1;1;1;1;1;1;1;1;1;1;1
"2021-10-19";"60+";10;10;10;10;10;10;10;10;10;10;10;10;49;49;49;49;49;49;49;49;49;49;49;49;1;1;1;1;1;1;1;1;1;1;1
"2021-10-19";"alle";14;14;14;14;14;14;14;14;14;14;14;14;78;78;78;78;78;78;78;78;78;78;78;78;NA;NA;NA;NA;NA;NA;NA;NA;NA;NA;NA
"2021-10-18";"0-60";4;4;4;4;4;4;4;4;4;4;4;4;28;28;28;28;28;28;28;28;28;28;28;28;1;1;1;1;1;1;1;1;1;1;1
"2021-10-18";"60+";5;5;5;5;5;5;5;5;5;5;5;5;49;49;49;49;49;49;49;49;49;49;49;49;1;1;1;1;1;1;1;1;1;1;1
"2021-10-18";"alle";9;9;9;9;9;9;9;9;9;9;9;9;77;77;77;77;77;77;77;77;77;77;77;77;NA;NA;NA;NA;NA;NA;NA;NA;NA;NA;NA
"2021-10-17";"0-60";2;2;2;2;2;2;2;2;2;2;2;2;26;26;26;26;26;26;26;26;26;26;26;26;1;1;1;1;1;1;1;1;1;1;1
"2021-10-17";"60+";1;1;1;1;1;1;1;1;1;1;1;1;48;48;48;48;48;48;48;48;48;48;48;48;1;1;1;1;1;1;1;1;1;1;1
"2021-10-17";"alle";3;3;3;3;3;3;3;3;3;3;3;3;74;74;74;74;74;74;74;74;74;74;74;74;NA;NA;NA;NA;NA;NA;NA;NA;NA;NA;NA
"2021-10-16";"0-60";5;5;5;5;5;5;5;5;5;5;5;5;26;26;26;26;26;26;26;26;26;26;26;26;1;1;1;1;1;1;1;1;1;1;1
"2021-10-16";"60+";15;15;15;15;15;15;15;15;15;15;15;15;53;53;53;53;53;53;53;53;53;53;53;53;1;1;1;1;1;1;1;1;1;1;1
"2021-10-16";"alle";20;20;20;20;20;20;20;20;20;20;20;20;79;79;79;79;79;79;79;79;79;79;79;79;NA;NA;NA;NA;NA;NA;NA;NA;NA;NA;NA
"2021-10-15";"0-60";7;7;7;7;7;7;7;7;7;7;7;7;30;30;30;30;30;30;30;30;30;30;30;30;1;1;1;1;1;1;1;1;1;1;1
"2021-10-15";"60+";3;3;3;3;3;3;3;3;3;3;3;3;45;45;45;45;45;45;45;45;45;45;45;45;1;1;1;1;1;1;1;1;1;1;1
"2021-10-15";"alle";10;10;10;10;10;10;10;10;10;10;10;10;75;75;75;75;75;75;75;75;75;75;75;75;NA;NA;NA;NA;NA;NA;NA;NA;NA;NA;NA
"2021-10-14";"0-60";2;2;2;2;2;2;2;2;2;2;2;2;26;26;26;26;26;26;26;26;26;26;26;26;1;1;1;1;1;1;1;1;1;1;1
"2021-10-14";"60+";3;3;3;3;3;3;3;3;3;3;3;3;52;52;52;52;52;52;52;52;52;52;52;52;1;1;1;1;1;1;1;1;1;1;1
"2021-10-14";"alle";5;5;5;5;5;5;5;5;5;5;5;5;78;78;78;78;78;78;78;78;78;78;78;78;NA;NA;NA;NA;NA;NA;NA;NA;NA;NA;NA
"2021-10-13";"0-60";5;5;5;5;5;5;5;5;5;5;5;5;30;30;30;30;30;30;30;30;30;30;30;30;1;1;1;1;1;1;1;1;1;1;1
"2021-10-13";"60+";12;12;12;12;12;12;12;12;12;12;12;12;55;55;55;55;55;55;55;55;55;55;55;55;1;1;1;1;1;1;1;1;1;1;1
"2021-10-13";"alle";17;17;17;17;17;17;17;17;17;17;17;17;85;85;85;85;85;85;85;85;85;85;85;85;NA;NA;NA;NA;NA;NA;NA;NA;NA;NA;NA
"2021-10-12";"0-60";3;3;3;3;3;3;3;3;3;3;3;3;29;29;29;29;29;29;29;29;29;29;29;29;1;1;1;1;1;1;1;1;1;1;1
"2021-10-12";"60+";10;10;10;10;10;10;10;10;10;10;10;10;51;51;51;51;51;51;51;51;51;51;51;51;1;1;1;1;1;1;1;1;1;1;1
"2021-10-12";"alle";13;13;13;13;13;13;13;13;13;13;13;13;80;80;80;80;80;80;80;80;80;80;80;80;NA;NA;NA;NA;NA;NA;NA;NA;NA;NA;NA
"2021-10-11";"0-60";2;2;2;2;2;2;2;2;2;2;2;2;29;29;29;29;29;29;29;29;29;29;29;29;1;1;1;1;1;1;1;1;1;1;1
"2021-10-11";"60+";4;4;4;4;4;4;4;4;4;4;4;4;45;45;45;45;45;45;45;45;45;45;45;45;1;1;1;1;1;1;1;1;1;1;1
"2021-10-11";"alle";6;6;6;6;6;6;6;6;6;6;6;6;74;74;74;74;74;74;74;74;74;74;74;74;NA;NA;NA;NA;NA;NA;NA;NA;NA;NA;NA
"2021-10-10";"0-60";2;2;2;2;2;2;2;2;2;2;2;2;29;29;29;29;29;29;29;29;29;29;29;29;1;1;1;1;1;1;1;1;1;1;1
"2021-10-10";"60+";6;6;6;6;6;6;6;6;6;6;6;6;43;43;43;43;43;43;43;43;43;43;43;43;1;1;1;1;1;1;1;1;1;1;1
"2021-10-10";"alle";8;8;8;8;8;8;8;8;8;8;8;8;72;72;72;72;72;72;72;72;72;72;72;72;NA;NA;NA;NA;NA;NA;NA;NA;NA;NA;NA
"2021-10-09";"0-60";9;9;9;9;9;9;9;9;9;9;9;9;29;29;29;29;29;29;29;29;29;29;29;29;1;1;1;1;1;1;1;1;1;1;1
"2021-10-09";"60+";7;7;7;7;7;7;7;7;7;7;7;7;38;38;38;38;38;38;38;38;38;38;38;38;1;1;1;1;1;1;1;1;1;1;1
"2021-10-09";"alle";16;16;16;16;16;16;16;16;16;16;16;16;67;67;67;67;67;67;67;67;67;67;67;67;NA;NA;NA;NA;NA;NA;NA;NA;NA;NA;NA
"2021-10-08";"0-60";3;3;3;3;3;3;3;3;3;3;3;3;24;24;24;24;24;24;24;24;24;24;24;24;1;1;1;1;1;1;1;1;1;1;1
"2021-10-08";"60+";10;10;10;10;10;10;10;10;10;10;10;10;33;33;33;33;33;33;33;33;33;33;33;33;1;1;1;1;1;1;1;1;1;1;1
"2021-10-08";"alle";13;13;13;13;13;13;13;13;13;13;13;13;57;57;57;57;57;57;57;57;57;57;57;57;NA;NA;NA;NA;NA;NA;NA;NA;NA;NA;NA
"2021-10-07";"0-60";6;6;6;6;6;6;6;6;6;6;6;6;25;25;25;25;25;25;25;25;25;25;25;25;1;1;1;1;1;1;1;1;1;1;1
"2021-10-07";"60+";6;6;6;6;6;6;6;6;6;6;6;6;28;28;28;28;28;28;28;28;28;28;28;28;1;1;1;1;1;1;1;1;1;1;1
"2021-10-07";"alle";12;12;12;12;12;12;12;12;12;12;12;12;53;53;53;53;53;53;53;53;53;53;53;53;NA;NA;NA;NA;NA;NA;NA;NA;NA;NA;NA
"2021-10-06";"0-60";4;4;4;4;4;4;4;4;4;4;4;4;22;22;22;22;22;22;22;22;22;22;22;22;1;1;1;1;1;1;1;1;1;1;1
"2021-10-06";"60+";8;8;8;8;8;8;8;8;8;8;8;8;25;25;25;25;25;25;25;25;25;25;25;25;1;1;1;1;1;1;1;1;1;1;1
"2021-10-06";"alle";12;12;12;12;12;12;12;12;12;12;12;12;47;47;47;47;47;47;47;47;47;47;47;47;NA;NA;NA;NA;NA;NA;NA;NA;NA;NA;NA
"2021-10-05";"0-60";3;3;3;3;3;3;3;3;3;3;3;3;26;26;26;26;26;26;26;26;26;26;26;26;1;1;1;1;1;1;1;1;1;1;1
"2021-10-05";"60+";4;4;4;4;4;4;4;4;4;4;4;4;23;23;23;23;23;23;23;23;23;23;23;23;1;1;1;1;1;1;1;1;1;1;1
"2021-10-05";"alle";7;7;7;7;7;7;7;7;7;7;7;7;49;49;49;49;49;49;49;49;49;49;49;49;NA;NA;NA;NA;NA;NA;NA;NA;NA;NA;NA
"2021-10-04";"0-60";2;2;2;2;2;2;2;2;2;2;2;2;25;25;25;25;25;25;25;25;25;25;25;25;1;1;1;1;1;1;1;1;1;1;1
"2021-10-04";"60+";2;2;2;2;2;2;2;2;2;2;2;2;29;29;29;29;29;29;29;29;29;29;29;29;1;1;1;1;1;1;1;1;1;1;1
"2021-10-04";"alle";4;4;4;4;4;4;4;4;4;4;4;4;54;54;54;54;54;54;54;54;54;54;54;54;NA;NA;NA;NA;NA;NA;NA;NA;NA;NA;NA
"2021-10-03";"0-60";2;2;2;2;2;2;2;2;2;2;2;2;23;23;23;23;23;23;23;23;23;23;23;23;1;1;1;1;1;1;1;1;1;1;1
"2021-10-03";"60+";1;1;1;1;1;1;1;1;1;1;1;1;28;28;28;28;28;28;28;28;28;28;28;28;1;1;1;1;1;1;1;1;1;1;1
"2021-10-03";"alle";3;3;3;3;3;3;3;3;3;3;3;3;51;51;51;51;51;51;51;51;51;51;51;51;NA;NA;NA;NA;NA;NA;NA;NA;NA;NA;NA
"2021-10-02";"0-60";4;4;4;4;4;4;4;4;4;4;4;4;21;21;21;21;21;21;21;21;21;21;21;21;1;1;1;1;1;1;1;1;1;1;1
"2021-10-02";"60+";2;2;2;2;2;2;2;2;2;2;2;2;31;31;31;31;31;31;31;31;31;31;31;31;1;1;1;1;1;1;1;1;1;1;1
"2021-10-02";"alle";6;6;6;6;6;6;6;6;6;6;6;6;52;52;52;52;52;52;52;52;52;52;52;52;NA;NA;NA;NA;NA;NA;NA;NA;NA;NA;NA
"2021-10-01";"0-60";4;4;4;4;4;4;4;4;4;4;4;4;23;23;23;23;23;23;23;23;23;23;23;23;1;1;1;1;1;1;1;1;1;1;1
"2021-10-01";"60+";5;5;5;5;5;5;5;5;5;5;5;5;33;33;33;33;33;33;33;33;33;33;33;33;1;1;1;1;1;1;1;1;1;1;1
"2021-10-01";"alle";9;9;9;9;9;9;9;9;9;9;9;9;56;56;56;56;56;56;56;56;56;56;56;56;NA;NA;NA;NA;NA;NA;NA;NA;NA;NA;NA
"2021-09-30";"0-60";3;3;3;3;3;3;3;3;3;3;3;3;25;25;25;25;25;25;25;25;25;25;25;25;1;1;1;1;1;1;1;1;1;1;1
"2021-09-30";"60+";3;3;3;3;3;3;3;3;3;3;3;3;31;31;31;31;31;31;31;31;31;31;31;31;1;1;1;1;1;1;1;1;1;1;1
"2021-09-30";"alle";6;6;6;6;6;6;6;6;6;6;6;6;56;56;56;56;56;56;56;56;56;56;56;56;NA;NA;NA;NA;NA;NA;NA;NA;NA;NA;NA
"2021-09-29";"0-60";8;8;8;8;8;8;8;8;8;8;8;8;26;26;26;26;26;26;26;26;26;26;26;26;1;1;1;1;1;1;1;1;1;1;1
"2021-09-29";"60+";6;6;6;6;6;6;6;6;6;6;6;6;33;33;33;33;33;33;33;33;33;33;33;33;1;1;1;1;1;1;1;1;1;1;1
"2021-09-29";"alle";14;14;14;14;14;14;14;14;14;14;14;14;59;59;59;59;59;59;59;59;59;59;59;59;NA;NA;NA;NA;NA;NA;NA;NA;NA;NA;NA
"2021-09-28";"0-60";2;2;2;2;2;2;2;2;2;2;2;2;22;22;22;22;22;22;22;22;22;22;22;22;1;1;1;1;1;1;1;1;1;1;1
"2021-09-28";"60+";10;10;10;10;10;10;10;10;10;10;10;10;29;29;29;29;29;29;29;29;29;29;29;29;1;1;1;1;1;1;1;1;1;1;1
"2021-09-28";"alle";12;12;12;12;12;12;12;12;12;12;12;12;51;51;51;51;51;51;51;51;51;51;51;51;NA;NA;NA;NA;NA;NA;NA;NA;NA;NA;NA
"2021-09-27";"0-60";0;0;0;0;0;0;0;0;0;0;0;0;23;23;23;23;23;23;23;23;23;23;23;23;1;1;1;1;1;1;1;1;1;1;1
"2021-09-27";"60+";1;1;1;1;1;1;1;1;1;1;1;1;26;26;26;26;26;26;26;26;26;26;26;26;1;1;1;1;1;1;1;1;1;1;1
"2021-09-27";"alle";1;1;1;1;1;1;1;1;1;1;1;1;49;49;49;49;49;49;49;49;49;49;49;49;NA;NA;NA;NA;NA;NA;NA;NA;NA;NA;NA
"2021-09-26";"0-60";0;0;0;0;0;0;0;0;0;0;0;0;24;24;24;24;24;24;24;24;24;24;24;24;1;1;1;1;1;1;1;1;1;1;1
"2021-09-26";"60+";4;4;4;4;4;4;4;4;4;4;4;4;25;25;25;25;25;25;25;25;25;25;25;25;1;1;1;1;1;1;1;1;1;1;1
"2021-09-26";"alle";4;4;4;4;4;4;4;4;4;4;4;4;49;49;49;49;49;49;49;49;49;49;49;49;NA;NA;NA;NA;NA;NA;NA;NA;NA;NA;NA
"2021-09-25";"0-60";6;6;6;6;6;6;6;6;6;6;6;6;26;26;26;26;26;26;26;26;26;26;26;26;1;1;1;1;1;1;1;1;1;1;1
"2021-09-25";"60+";4;4;4;4;4;4;4;4;4;4;4;4;23;23;23;23;23;23;23;23;23;23;23;23;1;1;1;1;1;1;1;1;1;1;1
"2021-09-25";"alle";10;10;10;10;10;10;10;10;10;10;10;10;49;49;49;49;49;49;49;49;49;49;49;49;NA;NA;NA;NA;NA;NA;NA;NA;NA;NA;NA
"2021-09-24";"0-60";6;6;6;6;6;6;6;6;6;6;6;6;22;22;22;22;22;22;22;22;22;22;22;22;1;1;1;1;1;1;1;1;1;1;1
"2021-09-24";"60+";3;3;3;3;3;3;3;3;3;3;3;3;22;22;22;22;22;22;22;22;22;22;22;22;1;1;1;1;1;1;1;1;1;1;1
"2021-09-24";"alle";9;9;9;9;9;9;9;9;9;9;9;9;44;44;44;44;44;44;44;44;44;44;44;44;NA;NA;NA;NA;NA;NA;NA;NA;NA;NA;NA
"2021-09-23";"0-60";4;4;4;4;4;4;4;4;4;4;4;4;19;19;19;19;19;19;19;19;19;19;19;19;1;1;1;1;1;1;1;1;1;1;1
"2021-09-23";"60+";5;5;5;5;5;5;5;5;5;5;5;5;20;20;20;20;20;20;20;20;20;20;20;20;1;1;1;1;1;1;1;1;1;1;1
"2021-09-23";"alle";9;9;9;9;9;9;9;9;9;9;9;9;39;39;39;39;39;39;39;39;39;39;39;39;NA;NA;NA;NA;NA;NA;NA;NA;NA;NA;NA
"2021-09-22";"0-60";4;4;4;4;4;4;4;4;4;4;4;4;22;22;22;22;22;22;22;22;22;22;22;22;1;1;1;1;1;1;1;1;1;1;1
"2021-09-22";"60+";2;2;2;2;2;2;2;2;2;2;2;2;21;21;21;21;21;21;21;21;21;21;21;21;1;1;1;1;1;1;1;1;1;1;1
"2021-09-22";"alle";6;6;6;6;6;6;6;6;6;6;6;6;43;43;43;43;43;43;43;43;43;43;43;43;NA;NA;NA;NA;NA;NA;NA;NA;NA;NA;NA
"2021-09-21";"0-60";3;3;3;3;3;3;3;3;3;3;3;3;20;20;20;20;20;20;20;20;20;20;20;20;1;1;1;1;1;1;1;1;1;1;1
"2021-09-21";"60+";7;7;7;7;7;7;7;7;7;7;7;7;21;21;21;21;21;21;21;21;21;21;21;21;1;1;1;1;1;1;1;1;1;1;1
"2021-09-21";"alle";10;10;10;10;10;10;10;10;10;10;10;10;41;41;41;41;41;41;41;41;41;41;41;41;NA;NA;NA;NA;NA;NA;NA;NA;NA;NA;NA
"2021-09-20";"0-60";1;1;1;1;1;1;1;1;1;1;1;1;21;21;21;21;21;21;21;21;21;21;21;21;1;1;1;1;1;1;1;1;1;1;1
"2021-09-20";"60+";0;0;0;0;0;0;0;0;0;0;0;0;14;14;14;14;14;14;14;14;14;14;14;14;1;1;1;1;1;1;1;1;1;1;1
"2021-09-20";"alle";1;1;1;1;1;1;1;1;1;1;1;1;35;35;35;35;35;35;35;35;35;35;35;35;NA;NA;NA;NA;NA;NA;NA;NA;NA;NA;NA
"2021-09-19";"0-60";2;2;2;2;2;2;2;2;2;2;2;2;21;21;21;21;21;21;21;21;21;21;21;21;1;1;1;1;1;1;1;1;1;1;1
"2021-09-19";"60+";2;2;2;2;2;2;2;2;2;2;2;2;14;14;14;14;14;14;14;14;14;14;14;14;1;1;1;1;1;1;1;1;1;1;1
"2021-09-19";"alle";4;4;4;4;4;4;4;4;4;4;4;4;35;35;35;35;35;35;35;35;35;35;35;35;NA;NA;NA;NA;NA;NA;NA;NA;NA;NA;NA
"2021-09-18";"0-60";2;2;2;2;2;2;2;2;2;2;2;2;20;20;20;20;20;20;20;20;20;20;20;20;1;1;1;1;1;1;1;1;1;1;1
"2021-09-18";"60+";3;3;3;3;3;3;3;3;3;3;3;3;12;12;12;12;12;12;12;12;12;12;12;12;1;1;1;1;1;1;1;1;1;1;1
"2021-09-18";"alle";5;5;5;5;5;5;5;5;5;5;5;5;32;32;32;32;32;32;32;32;32;32;32;32;NA;NA;NA;NA;NA;NA;NA;NA;NA;NA;NA
"2021-09-17";"0-60";3;3;3;3;3;3;3;3;3;3;3;3;20;20;20;20;20;20;20;20;20;20;20;20;1;1;1;1;1;1;1;1;1;1;1
"2021-09-17";"60+";1;1;1;1;1;1;1;1;1;1;1;1;12;12;12;12;12;12;12;12;12;12;12;12;1;1;1;1;1;1;1;1;1;1;1
"2021-09-17";"alle";4;4;4;4;4;4;4;4;4;4;4;4;32;32;32;32;32;32;32;32;32;32;32;32;NA;NA;NA;NA;NA;NA;NA;NA;NA;NA;NA
"2021-09-16";"0-60";7;7;7;7;7;7;7;7;7;7;7;7;19;19;19;19;19;19;19;19;19;19;19;19;1;1;1;1;1;1;1;1;1;1;1
"2021-09-16";"60+";6;6;6;6;6;6;6;6;6;6;6;6;16;16;16;16;16;16;16;16;16;16;16;16;1;1;1;1;1;1;1;1;1;1;1
"2021-09-16";"alle";13;13;13;13;13;13;13;13;13;13;13;13;35;35;35;35;35;35;35;35;35;35;35;35;NA;NA;NA;NA;NA;NA;NA;NA;NA;NA;NA
"2021-09-15";"0-60";2;2;2;2;2;2;2;2;2;2;2;2;15;15;15;15;15;15;15;15;15;15;15;15;1;1;1;1;1;1;1;1;1;1;1
"2021-09-15";"60+";2;2;2;2;2;2;2;2;2;2;2;2;11;11;11;11;11;11;11;11;11;11;11;11;1;1;1;1;1;1;1;1;1;1;1
"2021-09-15";"alle";4;4;4;4;4;4;4;4;4;4;4;4;26;26;26;26;26;26;26;26;26;26;26;26;NA;NA;NA;NA;NA;NA;NA;NA;NA;NA;NA
"2021-09-14";"0-60";4;4;4;4;4;4;4;4;4;4;4;4;18;18;18;18;18;18;18;18;18;18;18;18;1;1;1;1;1;1;1;1;1;1;1
"2021-09-14";"60+";0;0;0;0;0;0;0;0;0;0;0;0;14;14;14;14;14;14;14;14;14;14;14;14;1;1;1;1;1;1;1;1;1;1;1
"2021-09-14";"alle";4;4;4;4;4;4;4;4;4;4;4;4;32;32;32;32;32;32;32;32;32;32;32;32;NA;NA;NA;NA;NA;NA;NA;NA;NA;NA;NA
"2021-09-13";"0-60";1;1;1;1;1;1;1;1;1;1;1;1;16;16;16;16;16;16;16;16;16;16;16;16;1;1;1;1;1;1;1;1;1;1;1
"2021-09-13";"60+";0;0;0;0;0;0;0;0;0;0;0;0;17;17;17;17;17;17;17;17;17;17;17;17;1;1;1;1;1;1;1;1;1;1;1
"2021-09-13";"alle";1;1;1;1;1;1;1;1;1;1;1;1;33;33;33;33;33;33;33;33;33;33;33;33;NA;NA;NA;NA;NA;NA;NA;NA;NA;NA;NA
"2021-09-12";"0-60";1;1;1;1;1;1;1;1;1;1;1;1;16;16;16;16;16;16;16;16;16;16;16;16;1;1;1;1;1;1;1;1;1;1;1
"2021-09-12";"60+";0;0;0;0;0;0;0;0;0;0;0;0;17;17;17;17;17;17;17;17;17;17;17;17;1;1;1;1;1;1;1;1;1;1;1
"2021-09-12";"alle";1;1;1;1;1;1;1;1;1;1;1;1;33;33;33;33;33;33;33;33;33;33;33;33;NA;NA;NA;NA;NA;NA;NA;NA;NA;NA;NA
"2021-09-11";"0-60";2;2;2;2;2;2;2;2;2;2;2;2;19;19;19;19;19;19;19;19;19;19;19;19;1;1;1;1;1;1;1;1;1;1;1
"2021-09-11";"60+";3;3;3;3;3;3;3;3;3;3;3;3;17;17;17;17;17;17;17;17;17;17;17;17;1;1;1;1;1;1;1;1;1;1;1
"2021-09-11";"alle";5;5;5;5;5;5;5;5;5;5;5;5;36;36;36;36;36;36;36;36;36;36;36;36;NA;NA;NA;NA;NA;NA;NA;NA;NA;NA;NA
"2021-09-10";"0-60";2;2;2;2;2;2;2;2;2;2;2;2;17;17;17;17;17;17;17;17;17;17;17;17;1;1;1;1;1;1;1;1;1;1;1
"2021-09-10";"60+";5;5;5;5;5;5;5;5;5;5;5;5;18;18;18;18;18;18;18;18;18;18;18;18;1;1;1;1;1;1;1;1;1;1;1
"2021-09-10";"alle";7;7;7;7;7;7;7;7;7;7;7;7;35;35;35;35;35;35;35;35;35;35;35;35;NA;NA;NA;NA;NA;NA;NA;NA;NA;NA;NA
"2021-09-09";"0-60";3;3;3;3;3;3;3;3;3;3;3;3;16;16;16;16;16;16;16;16;16;16;16;16;1;1;1;1;1;1;1;1;1;1;1
"2021-09-09";"60+";1;1;1;1;1;1;1;1;1;1;1;1;13;13;13;13;13;13;13;13;13;13;13;13;1;1;1;1;1;1;1;1;1;1;1
"2021-09-09";"alle";4;4;4;4;4;4;4;4;4;4;4;4;29;29;29;29;29;29;29;29;29;29;29;29;NA;NA;NA;NA;NA;NA;NA;NA;NA;NA;NA
"2021-09-08";"0-60";5;5;5;5;5;5;5;5;5;5;5;5;14;14;14;14;14;14;14;14;14;14;14;14;1;1;1;1;1;1;1;1;1;1;1
"2021-09-08";"60+";5;5;5;5;5;5;5;5;5;5;5;5;13;13;13;13;13;13;13;13;13;13;13;13;1;1;1;1;1;1;1;1;1;1;1
"2021-09-08";"alle";10;10;10;10;10;10;10;10;10;10;10;10;27;27;27;27;27;27;27;27;27;27;27;27;NA;NA;NA;NA;NA;NA;NA;NA;NA;NA;NA
"2021-09-07";"0-60";2;2;2;2;2;2;2;2;2;2;2;2;10;10;10;10;10;10;10;10;10;10;10;10;1;1;1;1;1;1;1;1;1;1;1
"2021-09-07";"60+";3;3;3;3;3;3;3;3;3;3;3;3;11;11;11;11;11;11;11;11;11;11;11;11;1;1;1;1;1;1;1;1;1;1;1
"2021-09-07";"alle";5;5;5;5;5;5;5;5;5;5;5;5;21;21;21;21;21;21;21;21;21;21;21;21;NA;NA;NA;NA;NA;NA;NA;NA;NA;NA;NA
"2021-09-06";"0-60";1;1;1;1;1;1;1;1;1;1;1;1;9;9;9;9;9;9;9;9;9;9;9;9;1;1;1;1;1;1;1;1;1;1;1
"2021-09-06";"60+";0;0;0;0;0;0;0;0;0;0;0;0;9;9;9;9;9;9;9;9;9;9;9;9;1;1;1;1;1;1;1;1;1;1;1
"2021-09-06";"alle";1;1;1;1;1;1;1;1;1;1;1;1;18;18;18;18;18;18;18;18;18;18;18;18;NA;NA;NA;NA;NA;NA;NA;NA;NA;NA;NA
"2021-09-05";"0-60";4;4;4;4;4;4;4;4;4;4;4;4;8;8;8;8;8;8;8;8;8;8;8;8;1;1;1;1;1;1;1;1;1;1;1
"2021-09-05";"60+";0;0;0;0;0;0;0;0;0;0;0;0;9;9;9;9;9;9;9;9;9;9;9;9;1;1;1;1;1;1;1;1;1;1;1
"2021-09-05";"alle";4;4;4;4;4;4;4;4;4;4;4;4;17;17;17;17;17;17;17;17;17;17;17;17;NA;NA;NA;NA;NA;NA;NA;NA;NA;NA;NA
"2021-09-04";"0-60";0;0;0;0;0;0;0;0;0;0;0;0;8;8;8;8;8;8;8;8;8;8;8;8;1;1;1;1;1;1;1;1;1;1;1
"2021-09-04";"60+";4;4;4;4;4;4;4;4;4;4;4;4;9;9;9;9;9;9;9;9;9;9;9;9;1;1;1;1;1;1;1;1;1;1;1
"2021-09-04";"alle";4;4;4;4;4;4;4;4;4;4;4;4;17;17;17;17;17;17;17;17;17;17;17;17;NA;NA;NA;NA;NA;NA;NA;NA;NA;NA;NA
"2021-09-03";"0-60";1;1;1;1;1;1;1;1;1;1;1;1;9;9;9;9;9;9;9;9;9;9;9;9;1;1;1;1;1;1;1;1;1;1;1
"2021-09-03";"60+";0;0;0;0;0;0;0;0;0;0;0;0;6;6;6;6;6;6;6;6;6;6;6;6;1;1;1;1;1;1;1;1;1;1;1
"2021-09-03";"alle";1;1;1;1;1;1;1;1;1;1;1;1;15;15;15;15;15;15;15;15;15;15;15;15;NA;NA;NA;NA;NA;NA;NA;NA;NA;NA;NA
"2021-09-02";"0-60";1;1;1;1;1;1;1;1;1;1;1;1;11;11;11;11;11;11;11;11;11;11;11;11;1;1;1;1;1;1;1;1;1;1;1
"2021-09-02";"60+";1;1;1;1;1;1;1;1;1;1;1;1;8;8;8;8;8;8;8;8;8;8;8;8;1;1;1;1;1;1;1;1;1;1;1
"2021-09-02";"alle";2;2;2;2;2;2;2;2;2;2;2;2;19;19;19;19;19;19;19;19;19;19;19;19;NA;NA;NA;NA;NA;NA;NA;NA;NA;NA;NA
"2021-09-01";"0-60";1;1;1;1;1;1;1;1;1;1;1;1;13;13;13;13;13;13;13;13;13;13;13;13;1;1;1;1;1;1;1;1;1;1;1
"2021-09-01";"60+";3;3;3;3;3;3;3;3;3;3;3;3;9;9;9;9;9;9;9;9;9;9;9;9;1;1;1;1;1;1;1;1;1;1;1
"2021-09-01";"alle";4;4;4;4;4;4;4;4;4;4;4;4;22;22;22;22;22;22;22;22;22;22;22;22;NA;NA;NA;NA;NA;NA;NA;NA;NA;NA;NA
"2021-08-31";"0-60";1;1;1;1;1;1;1;1;1;1;1;1;18;18;18;18;18;18;18;18;18;18;18;18;1;1;1;1;1;1;1;1;1;1;1
"2021-08-31";"60+";1;1;1;1;1;1;1;1;1;1;1;1;8;8;8;8;8;8;8;8;8;8;8;8;1;1;1;1;1;1;1;1;1;1;1
"2021-08-31";"alle";2;2;2;2;2;2;2;2;2;2;2;2;26;26;26;26;26;26;26;26;26;26;26;26;NA;NA;NA;NA;NA;NA;NA;NA;NA;NA;NA
"2021-08-30";"0-60";0;0;0;0;0;0;0;0;0;0;0;0;17;17;17;17;17;17;17;17;17;17;17;17;1;1;1;1;1;1;1;1;1;1;1
"2021-08-30";"60+";0;0;0;0;0;0;0;0;0;0;0;0;8;8;8;8;8;8;8;8;8;8;8;8;1;1;1;1;1;1;1;1;1;1;1
"2021-08-30";"alle";0;0;0;0;0;0;0;0;0;0;0;0;25;25;25;25;25;25;25;25;25;25;25;25;NA;NA;NA;NA;NA;NA;NA;NA;NA;NA;NA
"2021-08-29";"0-60";4;4;4;4;4;4;4;4;4;4;4;4;19;19;19;19;19;19;19;19;19;19;19;19;1;1;1;1;1;1;1;1;1;1;1
"2021-08-29";"60+";0;0;0;0;0;0;0;0;0;0;0;0;8;8;8;8;8;8;8;8;8;8;8;8;1;1;1;1;1;1;1;1;1;1;1
"2021-08-29";"alle";4;4;4;4;4;4;4;4;4;4;4;4;27;27;27;27;27;27;27;27;27;27;27;27;NA;NA;NA;NA;NA;NA;NA;NA;NA;NA;NA
"2021-08-28";"0-60";1;1;1;1;1;1;1;1;1;1;1;1;18;18;18;18;18;18;18;18;18;18;18;18;1;1;1;1;1;1;1;1;1;1;1
"2021-08-28";"60+";1;1;1;1;1;1;1;1;1;1;1;1;8;8;8;8;8;8;8;8;8;8;8;8;1;1;1;1;1;1;1;1;1;1;1
"2021-08-28";"alle";2;2;2;2;2;2;2;2;2;2;2;2;26;26;26;26;26;26;26;26;26;26;26;26;NA;NA;NA;NA;NA;NA;NA;NA;NA;NA;NA
"2021-08-27";"0-60";3;3;3;3;3;3;3;3;3;3;3;3;19;19;19;19;19;19;19;19;19;19;19;19;1;1;1;1;1;1;1;1;1;1;1
"2021-08-27";"60+";2;2;2;2;2;2;2;2;2;2;2;2;7;7;7;7;7;7;7;7;7;7;7;7;1;1;1;1;1;1;1;1;1;1;1
"2021-08-27";"alle";5;5;5;5;5;5;5;5;5;5;5;5;26;26;26;26;26;26;26;26;26;26;26;26;NA;NA;NA;NA;NA;NA;NA;NA;NA;NA;NA
"2021-08-26";"0-60";3;3;3;3;3;3;3;3;3;3;3;3;17;17;17;17;17;17;17;17;17;17;17;17;1;1;1;1;1;1;1;1;1;1;1
"2021-08-26";"60+";2;2;2;2;2;2;2;2;2;2;2;2;6;6;6;6;6;6;6;6;6;6;6;6;1;1;1;1;1;1;1;1;1;1;1
"2021-08-26";"alle";5;5;5;5;5;5;5;5;5;5;5;5;23;23;23;23;23;23;23;23;23;23;23;23;NA;NA;NA;NA;NA;NA;NA;NA;NA;NA;NA
"2021-08-25";"0-60";6;6;6;6;6;6;6;6;6;6;6;6;16;16;16;16;16;16;16;16;16;16;16;16;1;1;1;1;1;1;1;1;1;1;1
"2021-08-25";"60+";2;2;2;2;2;2;2;2;2;2;2;2;4;4;4;4;4;4;4;4;4;4;4;4;1;1;1;1;1;1;1;1;1;1;1
"2021-08-25";"alle";8;8;8;8;8;8;8;8;8;8;8;8;20;20;20;20;20;20;20;20;20;20;20;20;NA;NA;NA;NA;NA;NA;NA;NA;NA;NA;NA
"2021-08-24";"0-60";0;0;0;0;0;0;0;0;0;0;0;0;14;14;14;14;14;14;14;14;14;14;14;14;1;1;1;1;1;1;1;1;1;1;1
"2021-08-24";"60+";1;1;1;1;1;1;1;1;1;1;1;1;3;3;3;3;3;3;3;3;3;3;3;3;1;1;1;1;1;1;1;1;1;1;1
"2021-08-24";"alle";1;1;1;1;1;1;1;1;1;1;1;1;17;17;17;17;17;17;17;17;17;17;17;17;NA;NA;NA;NA;NA;NA;NA;NA;NA;NA;NA
"2021-08-23";"0-60";2;2;2;2;2;2;2;2;2;2;2;2;15;15;15;15;15;15;15;15;15;15;15;15;1;1;1;1;1;1;1;1;1;1;1
"2021-08-23";"60+";0;0;0;0;0;0;0;0;0;0;0;0;2;2;2;2;2;2;2;2;2;2;2;2;1;1;1;1;1;1;1;1;1;1;1
"2021-08-23";"alle";2;2;2;2;2;2;2;2;2;2;2;2;17;17;17;17;17;17;17;17;17;17;17;17;NA;NA;NA;NA;NA;NA;NA;NA;NA;NA;NA
"2021-08-22";"0-60";3;3;3;3;3;3;3;3;3;3;3;3;13;13;13;13;13;13;13;13;13;13;13;13;1;1;1;1;1;1;1;1;1;1;1
"2021-08-22";"60+";0;0;0;0;0;0;0;0;0;0;0;0;3;3;3;3;3;3;3;3;3;3;3;3;1;1;1;1;1;1;1;1;1;1;1
"2021-08-22";"alle";3;3;3;3;3;3;3;3;3;3;3;3;16;16;16;16;16;16;16;16;16;16;16;16;NA;NA;NA;NA;NA;NA;NA;NA;NA;NA;NA
"2021-08-21";"0-60";2;2;2;2;2;2;2;2;2;2;2;2;11;11;11;11;11;11;11;11;11;11;11;11;1;1;1;1;1;1;1;1;1;1;1
"2021-08-21";"60+";0;0;0;0;0;0;0;0;0;0;0;0;4;4;4;4;4;4;4;4;4;4;4;4;1;1;1;1;1;1;1;1;1;1;1
"2021-08-21";"alle";2;2;2;2;2;2;2;2;2;2;2;2;15;15;15;15;15;15;15;15;15;15;15;15;NA;NA;NA;NA;NA;NA;NA;NA;NA;NA;NA
"2021-08-20";"0-60";1;1;1;1;1;1;1;1;1;1;1;1;10;10;10;10;10;10;10;10;10;10;10;10;1;1;1;1;1;1;1;1;1;1;1
"2021-08-20";"60+";1;1;1;1;1;1;1;1;1;1;1;1;5;5;5;5;5;5;5;5;5;5;5;5;1;1;1;1;1;1;1;1;1;1;1
"2021-08-20";"alle";2;2;2;2;2;2;2;2;2;2;2;2;15;15;15;15;15;15;15;15;15;15;15;15;NA;NA;NA;NA;NA;NA;NA;NA;NA;NA;NA
"2021-08-19";"0-60";2;2;2;2;2;2;2;2;2;2;2;2;11;11;11;11;11;11;11;11;11;11;11;11;1;1;1;1;1;1;1;1;1;1;1
"2021-08-19";"60+";0;0;0;0;0;0;0;0;0;0;0;0;4;4;4;4;4;4;4;4;4;4;4;4;1;1;1;1;1;1;1;1;1;1;1
"2021-08-19";"alle";2;2;2;2;2;2;2;2;2;2;2;2;15;15;15;15;15;15;15;15;15;15;15;15;NA;NA;NA;NA;NA;NA;NA;NA;NA;NA;NA
"2021-08-18";"0-60";4;4;4;4;4;4;4;4;4;4;4;4;10;10;10;10;10;10;10;10;10;10;10;10;1;1;1;1;1;1;1;1;1;1;1
"2021-08-18";"60+";1;1;1;1;1;1;1;1;1;1;1;1;5;5;5;5;5;5;5;5;5;5;5;5;1;1;1;1;1;1;1;1;1;1;1
"2021-08-18";"alle";5;5;5;5;5;5;5;5;5;5;5;5;15;15;15;15;15;15;15;15;15;15;15;15;NA;NA;NA;NA;NA;NA;NA;NA;NA;NA;NA
"2021-08-17";"0-60";1;1;1;1;1;1;1;1;1;1;1;1;7;7;7;7;7;7;7;7;7;7;7;7;1;1;1;1;1;1;1;1;1;1;1
"2021-08-17";"60+";0;0;0;0;0;0;0;0;0;0;0;0;5;5;5;5;5;5;5;5;5;5;5;5;1;1;1;1;1;1;1;1;1;1;1
"2021-08-17";"alle";1;1;1;1;1;1;1;1;1;1;1;1;12;12;12;12;12;12;12;12;12;12;12;12;NA;NA;NA;NA;NA;NA;NA;NA;NA;NA;NA
"2021-08-16";"0-60";0;0;0;0;0;0;0;0;0;0;0;0;6;6;6;6;6;6;6;6;6;6;6;6;1;1;1;1;1;1;1;1;1;1;1
"2021-08-16";"60+";1;1;1;1;1;1;1;1;1;1;1;1;8;8;8;8;8;8;8;8;8;8;8;8;1;1;1;1;1;1;1;1;1;1;1
"2021-08-16";"alle";1;1;1;1;1;1;1;1;1;1;1;1;14;14;14;14;14;14;14;14;14;14;14;14;NA;NA;NA;NA;NA;NA;NA;NA;NA;NA;NA
"2021-08-15";"0-60";1;1;1;1;1;1;1;1;1;1;1;1;6;6;6;6;6;6;6;6;6;6;6;6;1;1;1;1;1;1;1;1;1;1;1
"2021-08-15";"60+";1;1;1;1;1;1;1;1;1;1;1;1;7;7;7;7;7;7;7;7;7;7;7;7;1;1;1;1;1;1;1;1;1;1;1
"2021-08-15";"alle";2;2;2;2;2;2;2;2;2;2;2;2;13;13;13;13;13;13;13;13;13;13;13;13;NA;NA;NA;NA;NA;NA;NA;NA;NA;NA;NA
"2021-08-14";"0-60";1;1;1;1;1;1;1;1;1;1;1;1;5;5;5;5;5;5;5;5;5;5;5;5;1;1;1;1;1;1;1;1;1;1;1
"2021-08-14";"60+";1;1;1;1;1;1;1;1;1;1;1;1;6;6;6;6;6;6;6;6;6;6;6;6;1;1;1;1;1;1;1;1;1;1;1
"2021-08-14";"alle";2;2;2;2;2;2;2;2;2;2;2;2;11;11;11;11;11;11;11;11;11;11;11;11;NA;NA;NA;NA;NA;NA;NA;NA;NA;NA;NA
"2021-08-13";"0-60";2;2;2;2;2;2;2;2;2;2;2;2;5;5;5;5;5;5;5;5;5;5;5;5;1;1;1;1;1;1;1;1;1;1;1
"2021-08-13";"60+";0;0;0;0;0;0;0;0;0;0;0;0;5;5;5;5;5;5;5;5;5;5;5;5;1;1;1;1;1;1;1;1;1;1;1
"2021-08-13";"alle";2;2;2;2;2;2;2;2;2;2;2;2;10;10;10;10;10;10;10;10;10;10;10;10;NA;NA;NA;NA;NA;NA;NA;NA;NA;NA;NA
"2021-08-12";"0-60";1;1;1;1;1;1;1;1;1;1;1;1;4;4;4;4;4;4;4;4;4;4;4;4;1;1;1;1;1;1;1;1;1;1;1
"2021-08-12";"60+";1;1;1;1;1;1;1;1;1;1;1;1;6;6;6;6;6;6;6;6;6;6;6;6;1;1;1;1;1;1;1;1;1;1;1
"2021-08-12";"alle";2;2;2;2;2;2;2;2;2;2;2;2;10;10;10;10;10;10;10;10;10;10;10;10;NA;NA;NA;NA;NA;NA;NA;NA;NA;NA;NA
"2021-08-11";"0-60";1;1;1;1;1;1;1;1;1;1;1;1;3;3;3;3;3;3;3;3;3;3;3;3;1;1;1;1;1;1;1;1;1;1;1
"2021-08-11";"60+";1;1;1;1;1;1;1;1;1;1;1;1;5;5;5;5;5;5;5;5;5;5;5;5;1;1;1;1;1;1;1;1;1;1;1
"2021-08-11";"alle";2;2;2;2;2;2;2;2;2;2;2;2;8;8;8;8;8;8;8;8;8;8;8;8;NA;NA;NA;NA;NA;NA;NA;NA;NA;NA;NA
"2021-08-10";"0-60";0;0;0;0;0;0;0;0;0;0;0;0;4;4;4;4;4;4;4;4;4;4;4;4;1;1;1;1;1;1;1;1;1;1;1
"2021-08-10";"60+";3;3;3;3;3;3;3;3;3;3;3;3;7;7;7;7;7;7;7;7;7;7;7;7;1;1;1;1;1;1;1;1;1;1;1
"2021-08-10";"alle";3;3;3;3;3;3;3;3;3;3;3;3;11;11;11;11;11;11;11;11;11;11;11;11;NA;NA;NA;NA;NA;NA;NA;NA;NA;NA;NA
"2021-08-09";"0-60";0;0;0;0;0;0;0;0;0;0;0;0;5;5;5;5;5;5;5;5;5;5;5;5;1;1;1;1;1;1;1;1;1;1;1
"2021-08-09";"60+";0;0;0;0;0;0;0;0;0;0;0;0;5;5;5;5;5;5;5;5;5;5;5;5;1;1;1;1;1;1;1;1;1;1;1
"2021-08-09";"alle";0;0;0;0;0;0;0;0;0;0;0;0;10;10;10;10;10;10;10;10;10;10;10;10;NA;NA;NA;NA;NA;NA;NA;NA;NA;NA;NA
"2021-08-08";"0-60";0;0;0;0;0;0;0;0;0;0;0;0;6;6;6;6;6;6;6;6;6;6;6;6;1;1;1;1;1;1;1;1;1;1;1
"2021-08-08";"60+";0;0;0;0;0;0;0;0;0;0;0;0;5;5;5;5;5;5;5;5;5;5;5;5;1;1;1;1;1;1;1;1;1;1;1
"2021-08-08";"alle";0;0;0;0;0;0;0;0;0;0;0;0;11;11;11;11;11;11;11;11;11;11;11;11;NA;NA;NA;NA;NA;NA;NA;NA;NA;NA;NA
"2021-08-07";"0-60";1;1;1;1;1;1;1;1;1;1;1;1;6;6;6;6;6;6;6;6;6;6;6;6;1;1;1;1;1;1;1;1;1;1;1
"2021-08-07";"60+";0;0;0;0;0;0;0;0;0;0;0;0;5;5;5;5;5;5;5;5;5;5;5;5;1;1;1;1;1;1;1;1;1;1;1
"2021-08-07";"alle";1;1;1;1;1;1;1;1;1;1;1;1;11;11;11;11;11;11;11;11;11;11;11;11;NA;NA;NA;NA;NA;NA;NA;NA;NA;NA;NA
"2021-08-06";"0-60";1;1;1;1;1;1;1;1;1;1;1;1;6;6;6;6;6;6;6;6;6;6;6;6;1;1;1;1;1;1;1;1;1;1;1
"2021-08-06";"60+";1;1;1;1;1;1;1;1;1;1;1;1;8;8;8;8;8;8;8;8;8;8;8;8;1;1;1;1;1;1;1;1;1;1;1
"2021-08-06";"alle";2;2;2;2;2;2;2;2;2;2;2;2;14;14;14;14;14;14;14;14;14;14;14;14;NA;NA;NA;NA;NA;NA;NA;NA;NA;NA;NA
"2021-08-05";"0-60";0;0;0;0;0;0;0;0;0;0;0;0;5;5;5;5;5;5;5;5;5;5;5;5;1;1;1;1;1;1;1;1;1;1;1
"2021-08-05";"60+";0;0;0;0;0;0;0;0;0;0;0;0;7;7;7;7;7;7;7;7;7;7;7;7;1;1;1;1;1;1;1;1;1;1;1
"2021-08-05";"alle";0;0;0;0;0;0;0;0;0;0;0;0;12;12;12;12;12;12;12;12;12;12;12;12;NA;NA;NA;NA;NA;NA;NA;NA;NA;NA;NA
"2021-08-04";"0-60";2;2;2;2;2;2;2;2;2;2;2;2;7;7;7;7;7;7;7;7;7;7;7;7;1;1;1;1;1;1;1;1;1;1;1
"2021-08-04";"60+";3;3;3;3;3;3;3;3;3;3;3;3;8;8;8;8;8;8;8;8;8;8;8;8;1;1;1;1;1;1;1;1;1;1;1
"2021-08-04";"alle";5;5;5;5;5;5;5;5;5;5;5;5;15;15;15;15;15;15;15;15;15;15;15;15;NA;NA;NA;NA;NA;NA;NA;NA;NA;NA;NA
"2021-08-03";"0-60";1;1;1;1;1;1;1;1;1;1;1;1;5;5;5;5;5;5;5;5;5;5;5;5;1;1;1;1;1;1;1;1;1;1;1
"2021-08-03";"60+";1;1;1;1;1;1;1;1;1;1;1;1;8;8;8;8;8;8;8;8;8;8;8;8;1;1;1;1;1;1;1;1;1;1;1
"2021-08-03";"alle";2;2;2;2;2;2;2;2;2;2;2;2;13;13;13;13;13;13;13;13;13;13;13;13;NA;NA;NA;NA;NA;NA;NA;NA;NA;NA;NA
"2021-08-02";"0-60";1;1;1;1;1;1;1;1;1;1;1;1;5;5;5;5;5;5;5;5;5;5;5;5;1;1;1;1;1;1;1;1;1;1;1
"2021-08-02";"60+";0;0;0;0;0;0;0;0;0;0;0;0;7;7;7;7;7;7;7;7;7;7;7;7;1;1;1;1;1;1;1;1;1;1;1
"2021-08-02";"alle";1;1;1;1;1;1;1;1;1;1;1;1;12;12;12;12;12;12;12;12;12;12;12;12;NA;NA;NA;NA;NA;NA;NA;NA;NA;NA;NA
"2021-08-01";"0-60";0;0;0;0;0;0;0;0;0;0;0;0;4;4;4;4;4;4;4;4;4;4;4;4;1;1;1;1;1;1;1;1;1;1;1
"2021-08-01";"60+";0;0;0;0;0;0;0;0;0;0;0;0;7;7;7;7;7;7;7;7;7;7;7;7;1;1;1;1;1;1;1;1;1;1;1
"2021-08-01";"alle";0;0;0;0;0;0;0;0;0;0;0;0;11;11;11;11;11;11;11;11;11;11;11;11;NA;NA;NA;NA;NA;NA;NA;NA;NA;NA;NA
"2021-07-31";"0-60";1;1;1;1;1;1;1;1;1;1;1;1;4;4;4;4;4;4;4;4;4;4;4;4;1;1;1;1;1;1;1;1;1;1;1
"2021-07-31";"60+";3;3;3;3;3;3;3;3;3;3;3;3;7;7;7;7;7;7;7;7;7;7;7;7;1;1;1;1;1;1;1;1;1;1;1
"2021-07-31";"alle";4;4;4;4;4;4;4;4;4;4;4;4;11;11;11;11;11;11;11;11;11;11;11;11;NA;NA;NA;NA;NA;NA;NA;NA;NA;NA;NA
"2021-07-30";"0-60";0;0;0;0;0;0;0;0;0;0;0;0;4;4;4;4;4;4;4;4;4;4;4;4;1;1;1;1;1;1;1;1;1;1;1
"2021-07-30";"60+";0;0;0;0;0;0;0;0;0;0;0;0;5;5;5;5;5;5;5;5;5;5;5;5;1;1;1;1;1;1;1;1;1;1;1
"2021-07-30";"alle";0;0;0;0;0;0;0;0;0;0;0;0;9;9;9;9;9;9;9;9;9;9;9;9;NA;NA;NA;NA;NA;NA;NA;NA;NA;NA;NA
"2021-07-29";"0-60";2;2;2;2;2;2;2;2;2;2;2;2;4;4;4;4;4;4;4;4;4;4;4;4;1;1;1;1;1;1;1;1;1;1;1
"2021-07-29";"60+";1;1;1;1;1;1;1;1;1;1;1;1;6;6;6;6;6;6;6;6;6;6;6;6;1;1;1;1;1;1;1;1;1;1;1
"2021-07-29";"alle";3;3;3;3;3;3;3;3;3;3;3;3;10;10;10;10;10;10;10;10;10;10;10;10;NA;NA;NA;NA;NA;NA;NA;NA;NA;NA;NA
"2021-07-28";"0-60";0;0;0;0;0;0;0;0;0;0;0;0;2;2;2;2;2;2;2;2;2;2;2;2;1;1;1;1;1;1;1;1;1;1;1
"2021-07-28";"60+";3;3;3;3;3;3;3;3;3;3;3;3;5;5;5;5;5;5;5;5;5;5;5;5;1;1;1;1;1;1;1;1;1;1;1
"2021-07-28";"alle";3;3;3;3;3;3;3;3;3;3;3;3;7;7;7;7;7;7;7;7;7;7;7;7;NA;NA;NA;NA;NA;NA;NA;NA;NA;NA;NA
"2021-07-27";"0-60";1;1;1;1;1;1;1;1;1;1;1;1;3;3;3;3;3;3;3;3;3;3;3;3;1;1;1;1;1;1;1;1;1;1;1
"2021-07-27";"60+";0;0;0;0;0;0;0;0;0;0;0;0;2;2;2;2;2;2;2;2;2;2;2;2;1;1;1;1;1;1;1;1;1;1;1
"2021-07-27";"alle";1;1;1;1;1;1;1;1;1;1;1;1;5;5;5;5;5;5;5;5;5;5;5;5;NA;NA;NA;NA;NA;NA;NA;NA;NA;NA;NA
"2021-07-26";"0-60";0;0;0;0;0;0;0;0;0;0;0;0;2;2;2;2;2;2;2;2;2;2;2;2;1;1;1;1;1;1;1;1;1;1;1
"2021-07-26";"60+";0;0;0;0;0;0;0;0;0;0;0;0;2;2;2;2;2;2;2;2;2;2;2;2;1;1;1;1;1;1;1;1;1;1;1
"2021-07-26";"alle";0;0;0;0;0;0;0;0;0;0;0;0;4;4;4;4;4;4;4;4;4;4;4;4;NA;NA;NA;NA;NA;NA;NA;NA;NA;NA;NA
"2021-07-25";"0-60";0;0;0;0;0;0;0;0;0;0;0;0;2;2;2;2;2;2;2;2;2;2;2;2;1;1;1;1;1;1;1;1;1;1;1
"2021-07-25";"60+";0;0;0;0;0;0;0;0;0;0;0;0;2;2;2;2;2;2;2;2;2;2;2;2;1;1;1;1;1;1;1;1;1;1;1
"2021-07-25";"alle";0;0;0;0;0;0;0;0;0;0;0;0;4;4;4;4;4;4;4;4;4;4;4;4;NA;NA;NA;NA;NA;NA;NA;NA;NA;NA;NA
"2021-07-24";"0-60";1;1;1;1;1;1;1;1;1;1;1;1;3;3;3;3;3;3;3;3;3;3;3;3;1;1;1;1;1;1;1;1;1;1;1
"2021-07-24";"60+";1;1;1;1;1;1;1;1;1;1;1;1;2;2;2;2;2;2;2;2;2;2;2;2;1;1;1;1;1;1;1;1;1;1;1
"2021-07-24";"alle";2;2;2;2;2;2;2;2;2;2;2;2;5;5;5;5;5;5;5;5;5;5;5;5;NA;NA;NA;NA;NA;NA;NA;NA;NA;NA;NA
"2021-07-23";"0-60";0;0;0;0;0;0;0;0;0;0;0;0;2;2;2;2;2;2;2;2;2;2;2;2;1;1;1;1;1;1;1;1;1;1;1
"2021-07-23";"60+";1;1;1;1;1;1;1;1;1;1;1;1;1;1;1;1;1;1;1;1;1;1;1;1;1;1;1;1;1;1;1;1;1;1;1
"2021-07-23";"alle";1;1;1;1;1;1;1;1;1;1;1;1;3;3;3;3;3;3;3;3;3;3;3;3;NA;NA;NA;NA;NA;NA;NA;NA;NA;NA;NA
"2021-07-22";"0-60";0;0;0;0;0;0;0;0;0;0;0;0;2;2;2;2;2;2;2;2;2;2;2;2;1;1;1;1;1;1;1;1;1;1;1
"2021-07-22";"60+";0;0;0;0;0;0;0;0;0;0;0;0;0;0;0;0;0;0;0;NA;NA;NA;NA;NA;1;1;1;1;1;1;1;1;1;1;1
"2021-07-22";"alle";0;0;0;0;0;0;0;0;0;0;0;0;2;2;2;2;2;2;2;2;2;2;2;2;NA;NA;NA;NA;NA;NA;NA;NA;NA;NA;NA
"2021-07-21";"0-60";1;1;1;1;1;1;1;1;1;1;1;1;2;2;2;2;2;2;2;2;2;2;2;2;1;1;1;1;1;1;1;1;1;1;1
"2021-07-21";"60+";0;0;0;0;0;0;0;0;0;0;0;0;1;1;1;1;1;1;1;1;1;1;1;1;1;1;1;1;1;1;1;1;1;1;1
"2021-07-21";"alle";1;1;1;1;1;1;1;1;1;1;1;1;3;3;3;3;3;3;3;3;3;3;3;3;NA;NA;NA;NA;NA;NA;NA;NA;NA;NA;NA
"2021-07-20";"0-60";0;0;0;0;0;0;0;0;0;0;0;0;2;2;2;2;2;2;2;2;2;2;2;2;1;1;1;1;1;1;1;1;1;1;1
"2021-07-20";"60+";0;0;0;0;0;0;0;0;0;0;0;0;1;1;1;1;1;1;1;1;1;1;1;1;1;1;1;1;1;1;1;1;1;1;1
"2021-07-20";"alle";0;0;0;0;0;0;0;0;0;0;0;0;3;3;3;3;3;3;3;3;3;3;3;3;NA;NA;NA;NA;NA;NA;NA;NA;NA;NA;NA
"2021-07-19";"0-60";0;0;0;0;0;0;0;0;0;0;0;0;2;2;2;2;2;2;2;2;2;2;2;2;1;1;1;1;1;1;1;1;1;1;1
"2021-07-19";"60+";0;0;0;0;0;0;0;0;0;0;0;0;1;1;1;1;1;1;1;1;1;1;1;1;1;1;1;1;1;1;1;1;1;1;1
"2021-07-19";"alle";0;0;0;0;0;0;0;0;0;0;0;0;3;3;3;3;3;3;3;3;3;3;3;3;NA;NA;NA;NA;NA;NA;NA;NA;NA;NA;NA
"2021-07-18";"0-60";1;1;1;1;1;1;1;1;1;1;1;1;2;2;2;2;2;2;2;2;2;2;2;2;1;1;1;1;1;1;1;1;1;1;1
"2021-07-18";"60+";0;0;0;0;0;0;0;0;0;0;0;0;1;1;1;1;1;1;1;1;1;1;1;1;1;1;1;1;1;1;1;1;1;1;1
"2021-07-18";"alle";1;1;1;1;1;1;1;1;1;1;1;1;3;3;3;3;3;3;3;3;3;3;3;3;NA;NA;NA;NA;NA;NA;NA;NA;NA;NA;NA
"2021-07-17";"0-60";0;0;0;0;0;0;0;0;0;0;0;0;2;2;2;2;2;2;2;2;2;2;2;2;1;1;1;1;1;1;1;1;1;1;1
"2021-07-17";"60+";0;0;0;0;0;0;0;0;0;0;0;0;1;1;1;1;1;1;1;1;1;1;1;1;1;1;1;1;1;1;1;1;1;1;1
"2021-07-17";"alle";0;0;0;0;0;0;0;0;0;0;0;0;3;3;3;3;3;3;3;3;3;3;3;3;NA;NA;NA;NA;NA;NA;NA;NA;NA;NA;NA
"2021-07-16";"0-60";0;0;0;0;0;0;0;0;0;0;0;0;2;2;2;2;2;2;2;2;2;2;2;2;1;1;1;1;1;1;1;1;1;1;1
"2021-07-16";"60+";0;0;0;0;0;0;0;0;0;0;0;0;1;1;1;1;1;1;1;1;1;1;1;1;1;1;1;1;1;1;1;1;1;1;1
"2021-07-16";"alle";0;0;0;0;0;0;0;0;0;0;0;0;3;3;3;3;3;3;3;3;3;3;3;3;NA;NA;NA;NA;NA;NA;NA;NA;NA;NA;NA
"2021-07-15";"0-60";0;0;0;0;0;0;0;0;0;0;0;0;2;2;2;2;2;2;2;2;2;2;2;2;1;1;1;1;1;1;1;1;1;1;1
"2021-07-15";"60+";1;1;1;1;1;1;1;1;1;1;1;1;1;1;1;1;1;1;1;1;1;1;1;1;1;1;1;1;1;1;1;1;1;1;1
"2021-07-15";"alle";1;1;1;1;1;1;1;1;1;1;1;1;3;3;3;3;3;3;3;3;3;3;3;3;NA;NA;NA;NA;NA;NA;NA;NA;NA;NA;NA
"2021-07-14";"0-60";1;1;1;1;1;1;1;1;1;1;1;1;2;2;2;2;2;2;2;2;2;2;2;2;1;1;1;1;1;1;1;1;1;1;1
"2021-07-14";"60+";0;0;0;0;0;0;0;0;0;0;0;0;0;0;0;0;0;0;0;NA;NA;NA;NA;NA;1;1;1;1;1;1;1;1;1;1;1
"2021-07-14";"alle";1;1;1;1;1;1;1;1;1;1;1;1;2;2;2;2;2;2;2;2;2;2;2;2;NA;NA;NA;NA;NA;NA;NA;NA;NA;NA;NA
"2021-07-13";"0-60";0;0;0;0;0;0;0;0;0;0;0;0;1;1;1;1;1;1;1;1;1;1;1;1;1;1;1;1;1;1;1;1;1;1;1
"2021-07-13";"60+";0;0;0;0;0;0;0;0;0;0;0;0;0;0;0;0;0;0;0;NA;NA;NA;NA;NA;1;1;1;1;1;1;1;1;1;1;1
"2021-07-13";"alle";0;0;0;0;0;0;0;0;0;0;0;0;1;1;1;1;1;1;1;1;1;1;1;1;NA;NA;NA;NA;NA;NA;NA;NA;NA;NA;NA
"2021-07-12";"0-60";0;0;0;0;0;0;0;0;0;0;0;0;2;2;2;2;2;2;2;2;2;2;2;2;1;1;1;1;1;1;1;1;1;1;1
"2021-07-12";"60+";0;0;0;0;0;0;0;0;0;0;0;0;0;0;0;0;0;0;0;NA;NA;NA;NA;NA;1;1;1;1;1;1;1;1;1;1;1
"2021-07-12";"alle";0;0;0;0;0;0;0;0;0;0;0;0;2;2;2;2;2;2;2;2;2;2;2;2;NA;NA;NA;NA;NA;NA;NA;NA;NA;NA;NA
"2021-07-11";"0-60";1;1;1;1;1;1;1;1;1;1;1;1;2;2;2;2;2;2;2;2;2;2;2;2;1;1;1;1;1;1;1;1;1;1;1
"2021-07-11";"60+";0;0;0;0;0;0;0;0;0;0;0;0;0;0;0;0;0;0;0;NA;NA;NA;NA;NA;1;1;1;1;1;1;1;1;1;1;1
"2021-07-11";"alle";1;1;1;1;1;1;1;1;1;1;1;1;2;2;2;2;2;2;2;2;2;2;2;2;NA;NA;NA;NA;NA;NA;NA;NA;NA;NA;NA
"2021-07-10";"0-60";0;0;0;0;0;0;0;0;0;0;0;0;1;1;1;1;1;1;1;1;1;1;1;1;1;1;1;1;1;1;1;1;1;1;1
"2021-07-10";"60+";0;0;0;0;0;0;0;0;0;0;0;0;0;0;0;0;0;0;0;NA;NA;NA;NA;NA;1;1;1;1;1;1;1;1;1;1;1
"2021-07-10";"alle";0;0;0;0;0;0;0;0;0;0;0;0;1;1;1;1;1;1;1;1;1;1;1;1;NA;NA;NA;NA;NA;NA;NA;NA;NA;NA;NA
"2021-07-09";"0-60";0;0;0;0;0;0;0;0;0;0;0;0;1;1;1;1;1;1;1;1;1;1;1;1;1;1;1;1;1;1;1;1;1;1;1
"2021-07-09";"60+";0;0;0;0;0;0;0;0;0;0;0;0;0;0;0;0;0;0;0;NA;NA;NA;NA;NA;1;1;1;1;1;1;1;1;1;1;1
"2021-07-09";"alle";0;0;0;0;0;0;0;0;0;0;0;0;1;1;1;1;1;1;1;1;1;1;1;1;NA;NA;NA;NA;NA;NA;NA;NA;NA;NA;NA
"2021-07-08";"0-60";0;0;0;0;0;0;0;0;0;0;0;0;1;1;1;1;1;1;1;1;1;1;1;1;1;1;1;1;1;1;1;1;1;1;1
"2021-07-08";"60+";0;0;0;0;0;0;0;0;0;0;0;0;0;0;0;0;0;0;0;NA;NA;NA;NA;NA;1;1;1;1;1;1;1;1;1;1;1
"2021-07-08";"alle";0;0;0;0;0;0;0;0;0;0;0;0;1;1;1;1;1;1;1;1;1;1;1;1;NA;NA;NA;NA;NA;NA;NA;NA;NA;NA;NA
"2021-07-07";"0-60";0;0;0;0;0;0;0;0;0;0;0;0;2;2;2;2;2;2;2;2;2;2;2;2;1;1;1;1;1;1;1;1;1;1;1
"2021-07-07";"60+";0;0;0;0;0;0;0;0;0;0;0;0;0;0;0;0;0;0;0;NA;NA;NA;NA;NA;1;1;1;1;1;1;1;1;1;1;1
"2021-07-07";"alle";0;0;0;0;0;0;0;0;0;0;0;0;2;2;2;2;2;2;2;2;2;2;2;2;NA;NA;NA;NA;NA;NA;NA;NA;NA;NA;NA
"2021-07-06";"0-60";1;1;1;1;1;1;1;1;1;1;1;1;2;2;2;2;2;2;2;2;2;2;2;2;1;1;1;1;1;1;1;1;1;1;1
"2021-07-06";"60+";0;0;0;0;0;0;0;0;0;0;0;0;0;0;0;0;0;0;0;NA;NA;NA;NA;NA;1;1;1;1;1;1;1;1;1;1;1
"2021-07-06";"alle";1;1;1;1;1;1;1;1;1;1;1;1;2;2;2;2;2;2;2;2;2;2;2;2;NA;NA;NA;NA;NA;NA;NA;NA;NA;NA;NA
"2021-07-05";"0-60";0;0;0;0;0;0;0;0;0;0;0;0;4;4;4;4;4;4;4;4;4;4;4;4;1;1;1;1;1;1;1;1;1;1;1
"2021-07-05";"60+";0;0;0;0;0;0;0;0;0;0;0;0;0;0;0;0;0;0;0;NA;NA;NA;NA;NA;1;1;1;1;1;1;1;1;1;1;1
"2021-07-05";"alle";0;0;0;0;0;0;0;0;0;0;0;0;4;4;4;4;4;4;4;4;4;4;4;4;NA;NA;NA;NA;NA;NA;NA;NA;NA;NA;NA
"2021-07-04";"0-60";0;0;0;0;0;0;0;0;0;0;0;0;4;4;4;4;4;4;4;4;4;4;4;4;1;1;1;1;1;1;1;1;1;1;1
"2021-07-04";"60+";0;0;0;0;0;0;0;0;0;0;0;0;0;0;0;0;0;0;0;NA;NA;NA;NA;NA;1;1;1;1;1;1;1;1;1;1;1
"2021-07-04";"alle";0;0;0;0;0;0;0;0;0;0;0;0;4;4;4;4;4;4;4;4;4;4;4;4;NA;NA;NA;NA;NA;NA;NA;NA;NA;NA;NA
"2021-07-03";"0-60";0;0;0;0;0;0;0;0;0;0;0;0;4;4;4;4;4;4;4;4;4;4;4;4;1;1;1;1;1;1;1;1;1;1;1
"2021-07-03";"60+";0;0;0;0;0;0;0;0;0;0;0;0;0;0;0;0;0;0;0;NA;NA;NA;NA;NA;1;1;1;1;1;1;1;1;1;1;1
"2021-07-03";"alle";0;0;0;0;0;0;0;0;0;0;0;0;4;4;4;4;4;4;4;4;4;4;4;4;NA;NA;NA;NA;NA;NA;NA;NA;NA;NA;NA
"2021-07-02";"0-60";0;0;0;0;0;0;0;0;0;0;0;0;4;4;4;4;4;4;4;4;4;4;4;4;1;1;1;1;1;1;1;1;1;1;1
"2021-07-02";"60+";0;0;0;0;0;0;0;0;0;0;0;0;0;0;0;0;0;0;0;NA;NA;NA;NA;NA;1;1;1;1;1;1;1;1;1;1;1
"2021-07-02";"alle";0;0;0;0;0;0;0;0;0;0;0;0;4;4;4;4;4;4;4;4;4;4;4;4;NA;NA;NA;NA;NA;NA;NA;NA;NA;NA;NA
"2021-07-01";"0-60";1;1;1;1;1;1;1;1;1;1;1;1;4;4;4;4;4;4;4;4;4;4;4;4;1;1;1;1;1;1;1;1;1;1;1
"2021-07-01";"60+";0;0;0;0;0;0;0;0;0;0;0;0;0;0;0;0;0;0;0;NA;NA;NA;NA;NA;1;1;1;1;1;1;1;1;1;1;1
"2021-07-01";"alle";1;1;1;1;1;1;1;1;1;1;1;1;4;4;4;4;4;4;4;4;4;4;4;4;NA;NA;NA;NA;NA;NA;NA;NA;NA;NA;NA
"2021-06-30";"0-60";0;0;0;0;0;0;0;0;0;0;0;0;3;3;3;3;3;3;3;3;3;3;3;3;1;1;1;1;1;1;1;1;1;1;1
"2021-06-30";"60+";0;0;0;0;0;0;0;0;0;0;0;0;0;0;0;0;0;0;0;NA;NA;NA;NA;NA;1;1;1;1;1;1;1;1;1;1;1
"2021-06-30";"alle";0;0;0;0;0;0;0;0;0;0;0;0;3;3;3;3;3;3;3;3;3;3;3;3;NA;NA;NA;NA;NA;NA;NA;NA;NA;NA;NA
"2021-06-29";"0-60";3;3;3;3;3;3;3;3;3;3;3;3;3;3;3;3;3;3;3;3;3;3;3;3;1;1;1;1;1;1;1;1;1;1;1
"2021-06-29";"60+";0;0;0;0;0;0;0;0;0;0;0;0;0;0;0;0;0;0;0;NA;NA;NA;NA;NA;1;1;1;1;1;1;1;1;1;1;1
"2021-06-29";"alle";3;3;3;3;3;3;3;3;3;3;3;3;3;3;3;3;3;3;3;3;3;3;3;3;NA;NA;NA;NA;NA;NA;NA;NA;NA;NA;NA
"2021-06-28";"0-60";0;0;0;0;0;0;0;0;0;0;0;0;0;0;0;0;0;0;0;NA;NA;NA;NA;NA;1;1;1;1;1;1;1;1;1;1;1
"2021-06-28";"60+";0;0;0;0;0;0;0;0;0;0;0;0;0;0;0;0;0;0;0;NA;NA;NA;NA;NA;1;1;1;1;1;1;1;1;1;1;1
"2021-06-28";"alle";0;0;0;0;0;0;0;0;0;0;0;0;0;0;0;0;0;0;0;NA;NA;NA;NA;NA;NA;NA;NA;NA;NA;NA;NA;NA;NA;NA;NA
"2021-06-27";"0-60";0;0;0;0;0;0;0;0;0;0;0;0;0;0;0;0;0;0;0;NA;NA;NA;NA;NA;1;1;1;1;1;1;1;1;1;1;1
"2021-06-27";"60+";0;0;0;0;0;0;0;0;0;0;0;0;0;0;0;0;0;0;0;NA;NA;NA;NA;NA;1;1;1;1;1;1;1;1;1;1;1
"2021-06-27";"alle";0;0;0;0;0;0;0;0;0;0;0;0;0;0;0;0;0;0;0;NA;NA;NA;NA;NA;NA;NA;NA;NA;NA;NA;NA;NA;NA;NA;NA
"2021-06-26";"0-60";0;0;0;0;0;0;0;0;0;0;0;0;2;2;2;2;2;2;2;2;2;2;2;2;1;1;1;1;1;1;1;1;1;1;1
"2021-06-26";"60+";0;0;0;0;0;0;0;0;0;0;0;0;0;0;0;0;0;0;0;NA;NA;NA;NA;NA;1;1;1;1;1;1;1;1;1;1;1
"2021-06-26";"alle";0;0;0;0;0;0;0;0;0;0;0;0;2;2;2;2;2;2;2;2;2;2;2;2;NA;NA;NA;NA;NA;NA;NA;NA;NA;NA;NA
"2021-06-25";"0-60";0;0;0;0;0;0;0;0;0;0;0;0;3;3;3;3;3;3;3;3;3;3;3;3;1;1;1;1;1;1;1;1;1;1;1
"2021-06-25";"60+";0;0;0;0;0;0;0;0;0;0;0;0;0;0;0;0;0;0;0;NA;NA;NA;NA;NA;1;1;1;1;1;1;1;1;1;1;1
"2021-06-25";"alle";0;0;0;0;0;0;0;0;0;0;0;0;3;3;3;3;3;3;3;3;3;3;3;3;NA;NA;NA;NA;NA;NA;NA;NA;NA;NA;NA
"2021-06-24";"0-60";0;0;0;0;0;0;0;0;0;0;0;0;4;4;4;4;4;4;4;4;4;4;4;4;1;1;1;1;1;1;1;1;1;1;1
"2021-06-24";"60+";0;0;0;0;0;0;0;0;0;0;0;0;1;1;1;1;1;1;1;1;1;1;1;1;1;1;1;1;1;1;1;1;1;1;1
"2021-06-24";"alle";0;0;0;0;0;0;0;0;0;0;0;0;5;5;5;5;5;5;5;5;5;5;5;5;NA;NA;NA;NA;NA;NA;NA;NA;NA;NA;NA
"2021-06-23";"0-60";0;0;0;0;0;0;0;0;0;0;0;0;7;7;7;7;7;7;7;7;7;7;7;7;1;1;1;1;1;1;1;1;1;1;1
"2021-06-23";"60+";0;0;0;0;0;0;0;0;0;0;0;0;1;1;1;1;1;1;1;1;1;1;1;1;1;1;1;1;1;1;1;1;1;1;1
"2021-06-23";"alle";0;0;0;0;0;0;0;0;0;0;0;0;8;8;8;8;8;8;8;8;8;8;8;8;NA;NA;NA;NA;NA;NA;NA;NA;NA;NA;NA
"2021-06-22";"0-60";0;0;0;0;0;0;0;0;0;0;0;0;7;7;7;7;7;7;7;7;7;7;7;7;1;1;1;1;1;1;1;1;1;1;1
"2021-06-22";"60+";0;0;0;0;0;0;0;0;0;0;0;0;1;1;1;1;1;1;1;1;1;1;1;1;1;1;1;1;1;1;1;1;1;1;1
"2021-06-22";"alle";0;0;0;0;0;0;0;0;0;0;0;0;8;8;8;8;8;8;8;8;8;8;8;8;NA;NA;NA;NA;NA;NA;NA;NA;NA;NA;NA
"2021-06-21";"0-60";0;0;0;0;0;0;0;0;0;0;0;0;8;8;8;8;8;8;8;8;8;8;8;8;1;1;1;1;1;1;1;1;1;1;1
"2021-06-21";"60+";0;0;0;0;0;0;0;0;0;0;0;0;1;1;1;1;1;1;1;1;1;1;1;1;1;1;1;1;1;1;1;1;1;1;1
"2021-06-21";"alle";0;0;0;0;0;0;0;0;0;0;0;0;9;9;9;9;9;9;9;9;9;9;9;9;NA;NA;NA;NA;NA;NA;NA;NA;NA;NA;NA
"2021-06-20";"0-60";2;2;2;2;2;2;2;2;2;2;2;2;8;8;8;8;8;8;8;8;8;8;8;8;1;1;1;1;1;1;1;1;1;1;1
"2021-06-20";"60+";0;0;0;0;0;0;0;0;0;0;0;0;2;2;2;2;2;2;2;2;2;2;2;2;1;1;1;1;1;1;1;1;1;1;1
"2021-06-20";"alle";2;2;2;2;2;2;2;2;2;2;2;2;10;10;10;10;10;10;10;10;10;10;10;10;NA;NA;NA;NA;NA;NA;NA;NA;NA;NA;NA
"2021-06-19";"0-60";1;1;1;1;1;1;1;1;1;1;1;1;6;6;6;6;6;6;6;6;6;6;6;6;1;1;1;1;1;1;1;1;1;1;1
"2021-06-19";"60+";0;0;0;0;0;0;0;0;0;0;0;0;5;5;5;5;5;5;5;5;5;5;5;5;1;1;1;1;1;1;1;1;1;1;1
"2021-06-19";"alle";1;1;1;1;1;1;1;1;1;1;1;1;11;11;11;11;11;11;11;11;11;11;11;11;NA;NA;NA;NA;NA;NA;NA;NA;NA;NA;NA
"2021-06-18";"0-60";1;1;1;1;1;1;1;1;1;1;1;1;7;7;7;7;7;7;7;7;7;7;7;7;1;1;1;1;1;1;1;1;1;1;1
"2021-06-18";"60+";1;1;1;1;1;1;1;1;1;1;1;1;7;7;7;7;7;7;7;7;7;7;7;7;1;1;1;1;1;1;1;1;1;1;1
"2021-06-18";"alle";2;2;2;2;2;2;2;2;2;2;2;2;14;14;14;14;14;14;14;14;14;14;14;14;NA;NA;NA;NA;NA;NA;NA;NA;NA;NA;NA
"2021-06-17";"0-60";3;3;3;3;3;3;3;3;3;3;3;3;7;7;7;7;7;7;7;7;7;7;7;7;1;1;1;1;1;1;1;1;1;1;1
"2021-06-17";"60+";0;0;0;0;0;0;0;0;0;0;0;0;8;8;8;8;8;8;8;8;8;8;8;8;1;1;1;1;1;1;1;1;1;1;1
"2021-06-17";"alle";3;3;3;3;3;3;3;3;3;3;3;3;15;15;15;15;15;15;15;15;15;15;15;15;NA;NA;NA;NA;NA;NA;NA;NA;NA;NA;NA
"2021-06-16";"0-60";0;0;0;0;0;0;0;0;0;0;0;0;4;4;4;4;4;4;4;4;4;4;4;4;1;1;1;1;1;1;1;1;1;1;1
"2021-06-16";"60+";0;0;0;0;0;0;0;0;0;0;0;0;11;11;11;11;11;11;11;11;11;11;11;11;1;1;1;1;1;1;1;1;1;1;1
"2021-06-16";"alle";0;0;0;0;0;0;0;0;0;0;0;0;15;15;15;15;15;15;15;15;15;15;15;15;NA;NA;NA;NA;NA;NA;NA;NA;NA;NA;NA
"2021-06-15";"0-60";1;1;1;1;1;1;1;1;1;1;1;1;5;5;5;5;5;5;5;5;5;5;5;5;1;1;1;1;1;1;1;1;1;1;1
"2021-06-15";"60+";0;0;0;0;0;0;0;0;0;0;0;0;15;15;15;15;15;15;15;15;15;15;15;15;1;1;1;1;1;1;1;1;1;1;1
"2021-06-15";"alle";1;1;1;1;1;1;1;1;1;1;1;1;20;20;20;20;20;20;20;20;20;20;20;20;NA;NA;NA;NA;NA;NA;NA;NA;NA;NA;NA
"2021-06-14";"0-60";0;0;0;0;0;0;0;0;0;0;0;0;5;5;5;5;5;5;5;5;5;5;5;5;1;1;1;1;1;1;1;1;1;1;1
"2021-06-14";"60+";1;1;1;1;1;1;1;1;1;1;1;1;16;16;16;16;16;16;16;16;16;16;16;16;1;1;1;1;1;1;1;1;1;1;1
"2021-06-14";"alle";1;1;1;1;1;1;1;1;1;1;1;1;21;21;21;21;21;21;21;21;21;21;21;21;NA;NA;NA;NA;NA;NA;NA;NA;NA;NA;NA
"2021-06-13";"0-60";0;0;0;0;0;0;0;0;0;0;0;0;6;6;6;6;6;6;6;6;6;6;6;6;1;1;1;1;1;1;1;1;1;1;1
"2021-06-13";"60+";3;3;3;3;3;3;3;3;3;3;3;3;17;17;17;17;17;17;17;17;17;17;17;17;1;1;1;1;1;1;1;1;1;1;1
"2021-06-13";"alle";3;3;3;3;3;3;3;3;3;3;3;3;23;23;23;23;23;23;23;23;23;23;23;23;NA;NA;NA;NA;NA;NA;NA;NA;NA;NA;NA
"2021-06-12";"0-60";2;2;2;2;2;2;2;2;2;2;2;2;8;8;8;8;8;8;8;8;8;8;8;8;1;1;1;1;1;1;1;1;1;1;1
"2021-06-12";"60+";2;2;2;2;2;2;2;2;2;2;2;2;15;15;15;15;15;15;15;15;15;15;15;15;1;1;1;1;1;1;1;1;1;1;1
"2021-06-12";"alle";4;4;4;4;4;4;4;4;4;4;4;4;23;23;23;23;23;23;23;23;23;23;23;23;NA;NA;NA;NA;NA;NA;NA;NA;NA;NA;NA
"2021-06-11";"0-60";1;1;1;1;1;1;1;1;1;1;1;1;7;7;7;7;7;7;7;7;7;7;7;7;1;1;1;1;1;1;1;1;1;1;1
"2021-06-11";"60+";2;2;2;2;2;2;2;2;2;2;2;2;15;15;15;15;15;15;15;15;15;15;15;15;1;1;1;1;1;1;1;1;1;1;1
"2021-06-11";"alle";3;3;3;3;3;3;3;3;3;3;3;3;22;22;22;22;22;22;22;22;22;22;22;22;NA;NA;NA;NA;NA;NA;NA;NA;NA;NA;NA
"2021-06-10";"0-60";0;0;0;0;0;0;0;0;0;0;0;0;7;7;7;7;7;7;7;7;7;7;7;7;1;1;1;1;1;1;1;1;1;1;1
"2021-06-10";"60+";3;3;3;3;3;3;3;3;3;3;3;3;16;16;16;16;16;16;16;16;16;16;16;16;1;1;1;1;1;1;1;1;1;1;1
"2021-06-10";"alle";3;3;3;3;3;3;3;3;3;3;3;3;23;23;23;23;23;23;23;23;23;23;23;23;NA;NA;NA;NA;NA;NA;NA;NA;NA;NA;NA
"2021-06-09";"0-60";1;1;1;1;1;1;1;1;1;1;1;1;8;8;8;8;8;8;8;8;8;8;8;8;1;1;1;1;1;1;1;1;1;1;1
"2021-06-09";"60+";4;4;4;4;4;4;4;4;4;4;4;4;19;19;19;19;19;19;19;19;19;19;19;19;1;1;1;1;1;1;1;1;1;1;1
"2021-06-09";"alle";5;5;5;5;5;5;5;5;5;5;5;5;27;27;27;27;27;27;27;27;27;27;27;27;NA;NA;NA;NA;NA;NA;NA;NA;NA;NA;NA
"2021-06-08";"0-60";1;1;1;1;1;1;1;1;1;1;1;1;8;8;8;8;8;8;8;8;8;8;8;8;1;1;1;1;1;1;1;1;1;1;1
"2021-06-08";"60+";1;1;1;1;1;1;1;1;1;1;1;1;23;23;23;23;23;23;23;23;23;23;23;23;1;1;1;1;1;1;1;1;1;1;1
"2021-06-08";"alle";2;2;2;2;2;2;2;2;2;2;2;2;31;31;31;31;31;31;31;31;31;31;31;31;NA;NA;NA;NA;NA;NA;NA;NA;NA;NA;NA
"2021-06-07";"0-60";1;1;1;1;1;1;1;1;1;1;1;1;9;9;9;9;9;9;9;9;9;9;9;9;1;1;1;1;1;1;1;1;1;1;1
"2021-06-07";"60+";2;2;2;2;2;2;2;2;2;2;2;2;25;25;25;25;25;25;25;25;25;25;25;25;1;1;1;1;1;1;1;1;1;1;1
"2021-06-07";"alle";3;3;3;3;3;3;3;3;3;3;3;3;34;34;34;34;34;34;34;34;34;34;34;34;NA;NA;NA;NA;NA;NA;NA;NA;NA;NA;NA
"2021-06-06";"0-60";2;2;2;2;2;2;2;2;2;2;2;2;9;9;9;9;9;9;9;9;9;9;9;9;1;1;1;1;1;1;1;1;1;1;1
"2021-06-06";"60+";1;1;1;1;1;1;1;1;1;1;1;1;26;26;26;26;26;26;26;26;26;26;26;26;1;1;1;1;1;1;1;1;1;1;1
"2021-06-06";"alle";3;3;3;3;3;3;3;3;3;3;3;3;35;35;35;35;35;35;35;35;35;35;35;35;NA;NA;NA;NA;NA;NA;NA;NA;NA;NA;NA
"2021-06-05";"0-60";1;1;1;1;1;1;1;1;1;1;1;1;13;13;13;13;13;13;13;13;13;13;13;13;1;1;1;1;1;1;1;1;1;1;1
"2021-06-05";"60+";2;2;2;2;2;2;2;2;2;2;2;2;32;32;32;32;32;32;32;32;32;32;32;32;1;1;1;1;1;1;1;1;1;1;1
"2021-06-05";"alle";3;3;3;3;3;3;3;3;3;3;3;3;45;45;45;45;45;45;45;45;45;45;45;45;NA;NA;NA;NA;NA;NA;NA;NA;NA;NA;NA
"2021-06-04";"0-60";1;1;1;1;1;1;1;1;1;1;1;1;14;14;14;14;14;14;14;14;14;14;14;14;1;1;1;1;1;1;1;1;1;1;1
"2021-06-04";"60+";3;3;3;3;3;3;3;3;3;3;3;3;35;35;35;35;35;35;35;35;35;35;35;35;1;1;1;1;1;1;1;1;1;1;1
"2021-06-04";"alle";4;4;4;4;4;4;4;4;4;4;4;4;49;49;49;49;49;49;49;49;49;49;49;49;NA;NA;NA;NA;NA;NA;NA;NA;NA;NA;NA
"2021-06-03";"0-60";1;1;1;1;1;1;1;1;1;1;1;1;18;18;18;18;18;18;18;18;18;18;18;18;1;1;1;1;1;1;1;1;1;1;1
"2021-06-03";"60+";6;6;6;6;6;6;6;6;6;6;6;6;41;41;41;41;41;41;41;41;41;41;41;41;1;1;1;1;1;1;1;1;1;1;1
"2021-06-03";"alle";7;7;7;7;7;7;7;7;7;7;7;7;59;59;59;59;59;59;59;59;59;59;59;59;NA;NA;NA;NA;NA;NA;NA;NA;NA;NA;NA
"2021-06-02";"0-60";1;1;1;1;1;1;1;1;1;1;1;1;18;18;18;18;18;18;18;18;18;18;18;18;1;1;1;1;1;1;1;1;1;1;1
"2021-06-02";"60+";8;8;8;8;8;8;8;8;8;8;8;8;40;40;40;40;40;40;40;40;40;40;40;40;1;1;1;1;1;1;1;1;1;1;1
"2021-06-02";"alle";9;9;9;9;9;9;9;9;9;9;9;9;58;58;58;58;58;58;58;58;58;58;58;58;NA;NA;NA;NA;NA;NA;NA;NA;NA;NA;NA
"2021-06-01";"0-60";2;2;2;2;2;2;2;2;2;2;2;2;21;21;21;21;21;21;21;21;21;21;21;21;1;1;1;1;1;1;1;1;1;1;1
"2021-06-01";"60+";3;3;3;3;3;3;3;3;3;3;3;3;39;39;39;39;39;39;39;39;39;39;39;39;1;1;1;1;1;1;1;1;1;1;1
"2021-06-01";"alle";5;5;5;5;5;5;5;5;5;5;5;5;60;60;60;60;60;60;60;60;60;60;60;60;NA;NA;NA;NA;NA;NA;NA;NA;NA;NA;NA
"2021-05-31";"0-60";1;1;1;1;1;1;1;1;1;1;1;1;21;21;21;21;21;21;21;21;21;21;21;21;1;1;1;1;1;1;1;1;1;1;1
"2021-05-31";"60+";3;3;3;3;3;3;3;3;3;3;3;3;38;38;38;38;38;38;38;38;38;38;38;38;1;1;1;1;1;1;1;1;1;1;1
"2021-05-31";"alle";4;4;4;4;4;4;4;4;4;4;4;4;59;59;59;59;59;59;59;59;59;59;59;59;NA;NA;NA;NA;NA;NA;NA;NA;NA;NA;NA
"2021-05-30";"0-60";6;6;6;6;6;6;6;6;6;6;6;6;22;22;22;22;22;22;22;22;22;22;22;22;1;1;1;1;1;1;1;1;1;1;1
"2021-05-30";"60+";7;7;7;7;7;7;7;7;7;7;7;7;36;36;36;36;36;36;36;36;36;36;36;36;1;1;1;1;1;1;1;1;1;1;1
"2021-05-30";"alle";13;13;13;13;13;13;13;13;13;13;13;13;58;58;58;58;58;58;58;58;58;58;58;58;NA;NA;NA;NA;NA;NA;NA;NA;NA;NA;NA
"2021-05-29";"0-60";2;2;2;2;2;2;2;2;2;2;2;2;18;18;18;18;18;18;18;18;18;18;18;18;1;1;1;1;1;1;1;1;1;1;1
"2021-05-29";"60+";5;5;5;5;5;5;5;5;5;5;5;5;30;30;30;30;30;30;30;30;30;30;30;30;1;1;1;1;1;1;1;1;1;1;1
"2021-05-29";"alle";7;7;7;7;7;7;7;7;7;7;7;7;48;48;48;48;48;48;48;48;48;48;48;48;NA;NA;NA;NA;NA;NA;NA;NA;NA;NA;NA
"2021-05-28";"0-60";5;5;5;5;5;5;5;5;5;5;5;5;19;19;19;19;19;19;19;19;19;19;19;19;1;1;1;1;1;1;1;1;1;1;1
"2021-05-28";"60+";9;9;9;9;9;9;9;9;9;9;9;9;33;33;33;33;33;33;33;33;33;33;33;33;1;1;1;1;1;1;1;1;1;1;1
"2021-05-28";"alle";14;14;14;14;14;14;14;14;14;14;14;14;52;52;52;52;52;52;52;52;52;52;52;52;NA;NA;NA;NA;NA;NA;NA;NA;NA;NA;NA
"2021-05-27";"0-60";1;1;1;1;1;1;1;1;1;1;1;1;17;17;17;17;17;17;17;17;17;17;17;17;1;1;1;1;1;1;1;1;1;1;1
"2021-05-27";"60+";5;5;5;5;5;5;5;5;5;5;5;5;36;36;36;36;36;36;36;36;36;36;36;36;1;1;1;1;1;1;1;1;1;1;1
"2021-05-27";"alle";6;6;6;6;6;6;6;6;6;6;6;6;53;53;53;53;53;53;53;53;53;53;53;53;NA;NA;NA;NA;NA;NA;NA;NA;NA;NA;NA
"2021-05-26";"0-60";4;4;4;4;4;4;4;4;4;4;4;4;22;22;22;22;22;22;22;22;22;22;22;22;1;1;1;1;1;1;1;1;1;1;1
"2021-05-26";"60+";7;7;7;7;7;7;7;7;7;7;7;7;52;52;52;52;52;52;52;52;52;52;52;52;1;1;1;1;1;1;1;1;1;1;1
"2021-05-26";"alle";11;11;11;11;11;11;11;11;11;11;11;11;74;74;74;74;74;74;74;74;74;74;74;74;NA;NA;NA;NA;NA;NA;NA;NA;NA;NA;NA
"2021-05-25";"0-60";2;2;2;2;2;2;2;2;2;2;2;2;20;20;20;20;20;20;20;20;20;20;20;20;1;1;1;1;1;1;1;1;1;1;1
"2021-05-25";"60+";2;2;2;2;2;2;2;2;2;2;2;2;54;54;54;54;54;54;54;54;54;54;54;54;1;1;1;1;1;1;1;1;1;1;1
"2021-05-25";"alle";4;4;4;4;4;4;4;4;4;4;4;4;74;74;74;74;74;74;74;74;74;74;74;74;NA;NA;NA;NA;NA;NA;NA;NA;NA;NA;NA
"2021-05-24";"0-60";2;2;2;2;2;2;2;2;2;2;2;2;24;24;24;24;24;24;24;24;24;24;24;24;1;1;1;1;1;1;1;1;1;1;1
"2021-05-24";"60+";1;1;1;1;1;1;1;1;1;1;1;1;58;58;58;58;58;58;58;58;58;58;58;58;1;1;1;1;1;1;1;1;1;1;1
"2021-05-24";"alle";3;3;3;3;3;3;3;3;3;3;3;3;82;82;82;82;82;82;82;82;82;82;82;82;NA;NA;NA;NA;NA;NA;NA;NA;NA;NA;NA
"2021-05-23";"0-60";2;2;2;2;2;2;2;2;2;2;2;2;30;30;30;30;30;30;30;30;30;30;30;30;1;1;1;1;1;1;1;1;1;1;1
"2021-05-23";"60+";1;1;1;1;1;1;1;1;1;1;1;1;63;63;63;63;63;63;63;63;63;63;63;63;1;1;1;1;1;1;1;1;1;1;1
"2021-05-23";"alle";3;3;3;3;3;3;3;3;3;3;3;3;93;93;93;93;93;93;93;93;93;93;93;93;NA;NA;NA;NA;NA;NA;NA;NA;NA;NA;NA
"2021-05-22";"0-60";3;3;3;3;3;3;3;3;3;3;3;3;34;34;34;34;34;34;34;34;34;34;34;34;1;1;1;1;1;1;1;1;1;1;1
"2021-05-22";"60+";8;8;8;8;8;8;8;8;8;8;8;8;71;71;71;71;71;71;71;71;71;71;71;71;1;1;1;1;1;1;1;1;1;1;1
"2021-05-22";"alle";11;11;11;11;11;11;11;11;11;11;11;11;105;105;105;105;105;105;105;105;105;105;105;105;NA;NA;NA;NA;NA;NA;NA;NA;NA;NA;NA
"2021-05-21";"0-60";3;3;3;3;3;3;3;3;3;3;3;3;50;50;50;50;50;50;50;50;50;50;50;50;1;1;1;1;1;1;1;1;1;1;1
"2021-05-21";"60+";12;12;12;12;12;12;12;12;12;12;12;12;74;74;74;74;74;74;74;74;74;74;74;74;1;1;1;1;1;1;1;1;1;1;1
"2021-05-21";"alle";15;15;15;15;15;15;15;15;15;15;15;15;124;124;124;124;124;124;124;124;124;124;124;124;NA;NA;NA;NA;NA;NA;NA;NA;NA;NA;NA
"2021-05-20";"0-60";6;6;6;6;6;6;6;6;6;6;6;6;56;56;56;56;56;56;56;56;56;56;56;56;1;1;1;1;1;1;1;1;1;1;1
"2021-05-20";"60+";21;21;21;21;21;21;21;21;21;21;21;21;73;73;73;73;73;73;73;73;73;73;73;73;1;1;1;1;1;1;1;1;1;1;1
"2021-05-20";"alle";27;27;27;27;27;27;27;27;27;27;27;27;129;129;129;129;129;129;129;129;129;129;129;129;NA;NA;NA;NA;NA;NA;NA;NA;NA;NA;NA
"2021-05-19";"0-60";2;2;2;2;2;2;2;2;2;2;2;2;57;57;57;57;57;57;57;57;57;57;57;57;1;1;1;1;1;1;1;1;1;1;1
"2021-05-19";"60+";9;9;9;9;9;9;9;9;9;9;9;9;60;60;60;60;60;60;60;60;60;60;60;60;1;1;1;1;1;1;1;1;1;1;1
"2021-05-19";"alle";11;11;11;11;11;11;11;11;11;11;11;11;117;117;117;117;117;117;117;117;117;117;117;117;NA;NA;NA;NA;NA;NA;NA;NA;NA;NA;NA
"2021-05-18";"0-60";6;6;6;6;6;6;6;6;6;6;6;6;65;65;65;65;65;65;65;65;65;65;65;65;1;1;1;1;1;1;1;1;1;1;1
"2021-05-18";"60+";6;6;6;6;6;6;6;6;6;6;6;6;79;79;79;79;79;79;79;79;79;79;79;79;1;1;1;1;1;1;1;1;1;1;1
"2021-05-18";"alle";12;12;12;12;12;12;12;12;12;12;12;12;144;144;144;144;144;144;144;144;144;144;144;144;NA;NA;NA;NA;NA;NA;NA;NA;NA;NA;NA
"2021-05-17";"0-60";8;8;8;8;8;8;8;8;8;8;8;8;66;66;66;66;66;66;66;66;66;66;66;66;1;1;1;1;1;1;1;1;1;1;1
"2021-05-17";"60+";6;6;6;6;6;6;6;6;6;6;6;6;85;85;85;85;85;85;85;85;85;85;85;85;1;1;1;1;1;1;1;1;1;1;1
"2021-05-17";"alle";14;14;14;14;14;14;14;14;14;14;14;14;151;151;151;151;151;151;151;151;151;151;151;151;NA;NA;NA;NA;NA;NA;NA;NA;NA;NA;NA
"2021-05-16";"0-60";6;6;6;6;6;6;6;6;6;6;6;6;58;58;58;58;58;58;58;58;58;58;58;58;1;1;1;1;1;1;1;1;1;1;1
"2021-05-16";"60+";9;9;9;9;9;9;9;9;9;9;9;9;86;86;86;86;86;86;86;86;86;86;86;86;1;1;1;1;1;1;1;1;1;1;1
"2021-05-16";"alle";15;15;15;15;15;15;15;15;15;15;15;15;144;144;144;144;144;144;144;144;144;144;144;144;NA;NA;NA;NA;NA;NA;NA;NA;NA;NA;NA
"2021-05-15";"0-60";19;19;19;19;19;19;19;19;19;19;19;19;58;58;58;58;58;58;58;58;58;58;58;58;1;1;1;1;1;1;1;1;1;1;1
"2021-05-15";"60+";11;11;11;11;11;11;11;11;11;11;11;11;87;87;87;87;87;87;87;87;87;87;87;87;1;1;1;1;1;1;1;1;1;1;1
"2021-05-15";"alle";30;30;30;30;30;30;30;30;30;30;30;30;145;145;145;145;145;145;145;145;145;145;145;145;NA;NA;NA;NA;NA;NA;NA;NA;NA;NA;NA
"2021-05-14";"0-60";9;9;9;9;9;9;9;9;9;9;9;9;43;43;43;43;43;43;43;43;43;43;43;43;1;1;1;1;1;1;1;1;1;1;1
"2021-05-14";"60+";11;11;11;11;11;11;11;11;11;11;11;11;106;106;106;106;106;106;106;106;106;106;106;106;1;1;1;1;1;1;1;1;1;1;1
"2021-05-14";"alle";20;20;20;20;20;20;20;20;20;20;20;20;149;149;149;149;149;149;149;149;149;149;149;149;NA;NA;NA;NA;NA;NA;NA;NA;NA;NA;NA
"2021-05-13";"0-60";7;7;7;7;7;7;7;7;7;7;7;7;40;40;40;40;40;40;40;40;40;40;40;40;1;1;1;1;1;1;1;1;1;1;1
"2021-05-13";"60+";8;8;8;8;8;8;8;8;8;8;8;8;121;121;121;121;121;121;121;121;121;121;121;121;1;1;1;1;1;1;1;1;1;1;1
"2021-05-13";"alle";15;15;15;15;15;15;15;15;15;15;15;15;161;161;161;161;161;161;161;161;161;161;161;161;NA;NA;NA;NA;NA;NA;NA;NA;NA;NA;NA
"2021-05-12";"0-60";10;10;10;10;10;10;10;10;10;10;10;10;42;42;42;42;42;42;42;42;42;42;42;42;1;1;1;1;1;1;1;1;1;1;1
"2021-05-12";"60+";28;28;28;28;28;28;28;28;28;28;28;28;127;127;127;127;127;127;127;127;127;127;127;127;1;1;1;1;1;1;1;1;1;1;1
"2021-05-12";"alle";38;38;38;38;38;38;38;38;38;38;38;38;169;169;169;169;169;169;169;169;169;169;169;169;NA;NA;NA;NA;NA;NA;NA;NA;NA;NA;NA
"2021-05-11";"0-60";7;7;7;7;7;7;7;7;7;7;7;7;44;44;44;44;44;44;44;44;44;44;44;44;1;1;1;1;1;1;1;1;1;1;1
"2021-05-11";"60+";12;12;12;12;12;12;12;12;12;12;12;12;118;118;118;118;118;118;118;118;118;118;118;118;1;1;1;1;1;1;1;1;1;1;1
"2021-05-11";"alle";19;19;19;19;19;19;19;19;19;19;19;19;162;162;162;162;162;162;162;162;162;162;162;162;NA;NA;NA;NA;NA;NA;NA;NA;NA;NA;NA
"2021-05-10";"0-60";0;0;0;0;0;0;0;0;0;0;0;0;45;45;45;45;45;45;45;45;45;45;45;45;1;1;1;1;1;1;1;1;1;1;1
"2021-05-10";"60+";7;7;7;7;7;7;7;7;7;7;7;7;120;120;120;120;120;120;120;120;120;120;120;120;1;1;1;1;1;1;1;1;1;1;1
"2021-05-10";"alle";7;7;7;7;7;7;7;7;7;7;7;7;165;165;165;165;165;165;165;165;165;165;165;165;NA;NA;NA;NA;NA;NA;NA;NA;NA;NA;NA
"2021-05-09";"0-60";6;6;6;6;6;6;6;6;6;6;6;6;53;53;53;53;53;53;53;53;53;53;53;53;1;1;1;1;1;1;1;1;1;1;1
"2021-05-09";"60+";10;10;10;10;10;10;10;10;10;10;10;10;122;122;122;122;122;122;122;122;122;122;122;122;1;1;1;1;1;1;1;1;1;1;1
"2021-05-09";"alle";16;16;16;16;16;16;16;16;16;16;16;16;175;175;175;175;175;175;175;175;175;175;175;175;NA;NA;NA;NA;NA;NA;NA;NA;NA;NA;NA
"2021-05-08";"0-60";4;4;4;4;4;4;4;4;4;4;4;4;60;60;60;60;60;60;60;60;60;60;60;60;1;1;1;1;1;1;1;1;1;1;1
"2021-05-08";"60+";30;30;30;30;30;30;30;30;30;30;30;30;136;136;136;136;136;136;136;136;136;136;136;136;1;1;1;1;1;1;1;1;1;1;1
"2021-05-08";"alle";34;34;34;34;34;34;34;34;34;34;34;34;196;196;196;196;196;196;196;196;196;196;196;196;NA;NA;NA;NA;NA;NA;NA;NA;NA;NA;NA
"2021-05-07";"0-60";6;6;6;6;6;6;6;6;6;6;6;6;70;70;70;70;70;70;70;70;70;70;70;70;1;1;1;1;1;1;1;1;1;1;1
"2021-05-07";"60+";26;26;26;26;26;26;26;26;26;26;26;26;130;130;130;130;130;130;130;130;130;130;130;130;1;1;1;1;1;1;1;1;1;1;1
"2021-05-07";"alle";32;32;32;32;32;32;32;32;32;32;32;32;200;200;200;200;200;200;200;200;200;200;200;200;NA;NA;NA;NA;NA;NA;NA;NA;NA;NA;NA
"2021-05-06";"0-60";9;9;9;9;9;9;9;9;9;9;9;9;75;75;75;75;75;75;75;75;75;75;75;75;1;1;1;1;1;1;1;1;1;1;1
"2021-05-06";"60+";14;14;14;14;14;14;14;14;14;14;14;14;126;126;126;126;126;126;126;126;126;126;126;126;1;1;1;1;1;1;1;1;1;1;1
"2021-05-06";"alle";23;23;23;23;23;23;23;23;23;23;23;23;201;201;201;201;201;201;201;201;201;201;201;201;NA;NA;NA;NA;NA;NA;NA;NA;NA;NA;NA
"2021-05-05";"0-60";12;12;12;12;12;12;12;12;12;12;12;12;82;82;82;82;82;82;82;82;82;82;82;82;1;1;1;1;1;1;1;1;1;1;1
"2021-05-05";"60+";19;19;19;19;19;19;19;19;19;19;19;19;132;132;132;132;132;132;132;132;132;132;132;132;1;1;1;1;1;1;1;1;1;1;1
"2021-05-05";"alle";31;31;31;31;31;31;31;31;31;31;31;31;214;214;214;214;214;214;214;214;214;214;214;214;NA;NA;NA;NA;NA;NA;NA;NA;NA;NA;NA
"2021-05-04";"0-60";8;8;8;8;8;8;8;8;8;8;8;8;88;88;88;88;88;88;88;88;88;88;88;88;1;1;1;1;1;1;1;1;1;1;1
"2021-05-04";"60+";14;14;14;14;14;14;14;14;14;14;14;14;147;147;147;147;147;147;147;147;147;147;147;147;1;1;1;1;1;1;1;1;1;1;1
"2021-05-04";"alle";22;22;22;22;22;22;22;22;22;22;22;22;235;235;235;235;235;235;235;235;235;235;235;235;NA;NA;NA;NA;NA;NA;NA;NA;NA;NA;NA
"2021-05-03";"0-60";8;8;8;8;8;8;8;8;8;8;8;8;85;85;85;85;85;85;85;85;85;85;85;85;1;1;1;1;1;1;1;1;1;1;1
"2021-05-03";"60+";9;9;9;9;9;9;9;9;9;9;9;9;153;153;153;153;153;153;153;153;153;153;153;153;1;1;1;1;1;1;1;1;1;1;1
"2021-05-03";"alle";17;17;17;17;17;17;17;17;17;17;17;17;238;238;238;238;238;238;238;238;238;238;238;238;NA;NA;NA;NA;NA;NA;NA;NA;NA;NA;NA
"2021-05-02";"0-60";13;13;13;13;13;13;13;13;13;13;13;13;84;84;84;84;84;84;84;84;84;84;84;84;1;1;1;1;1;1;1;1;1;1;1
"2021-05-02";"60+";24;24;24;24;24;24;24;24;24;24;24;24;163;163;163;163;163;163;163;163;163;163;163;163;1;1;1;1;1;1;1;1;1;1;1
"2021-05-02";"alle";37;37;37;37;37;37;37;37;37;37;37;37;247;247;247;247;247;247;247;247;247;247;247;247;NA;NA;NA;NA;NA;NA;NA;NA;NA;NA;NA
"2021-05-01";"0-60";14;14;14;14;14;14;14;14;14;14;14;14;78;78;78;78;78;78;78;78;78;78;78;78;1;1;1;1;1;1;1;1;1;1;1
"2021-05-01";"60+";24;24;24;24;24;24;24;24;24;24;24;24;166;166;166;166;166;166;166;166;166;166;166;166;1;1;1;1;1;1;1;1;1;1;1
"2021-05-01";"alle";38;38;38;38;38;38;38;38;38;38;38;38;244;244;244;244;244;244;244;244;244;244;244;244;NA;NA;NA;NA;NA;NA;NA;NA;NA;NA;NA
"2021-04-30";"0-60";11;11;11;11;11;11;11;11;11;11;11;11;77;77;77;77;77;77;77;77;77;77;77;77;1;1;1;1;1;1;1;1;1;1;1
"2021-04-30";"60+";22;22;22;22;22;22;22;22;22;22;22;22;192;192;192;192;192;192;192;192;192;192;192;192;1;1;1;1;1;1;1;1;1;1;1
"2021-04-30";"alle";33;33;33;33;33;33;33;33;33;33;33;33;269;269;269;269;269;269;269;269;269;269;269;269;NA;NA;NA;NA;NA;NA;NA;NA;NA;NA;NA
"2021-04-29";"0-60";16;16;16;16;16;16;16;16;16;16;16;16;86;86;86;86;86;86;86;86;86;86;86;86;1;1;1;1;1;1;1;1;1;1;1
"2021-04-29";"60+";20;20;20;20;20;20;20;20;20;20;20;20;206;206;206;206;206;206;206;206;206;206;206;206;1;1;1;1;1;1;1;1;1;1;1
"2021-04-29";"alle";36;36;36;36;36;36;36;36;36;36;36;36;292;292;292;292;292;292;292;292;292;292;292;292;NA;NA;NA;NA;NA;NA;NA;NA;NA;NA;NA
"2021-04-28";"0-60";18;18;18;18;18;18;18;18;18;18;18;18;85;85;85;85;85;85;85;85;85;85;85;85;1;1;1;1;1;1;1;1;1;1;1
"2021-04-28";"60+";34;34;34;34;34;34;34;34;34;34;34;34;218;218;218;218;218;218;218;218;218;218;218;218;1;1;1;1;1;1;1;1;1;1;1
"2021-04-28";"alle";52;52;52;52;52;52;52;52;52;52;52;52;303;303;303;303;303;303;303;303;303;303;303;303;NA;NA;NA;NA;NA;NA;NA;NA;NA;NA;NA
"2021-04-27";"0-60";5;5;5;5;5;5;5;5;5;5;5;5;78;78;78;78;78;78;78;78;78;78;78;78;1;1;1;1;1;1;1;1;1;1;1
"2021-04-27";"60+";20;20;20;20;20;20;20;20;20;20;20;20;218;218;218;218;218;218;218;218;218;218;218;218;1;1;1;1;1;1;1;1;1;1;1
"2021-04-27";"alle";25;25;25;25;25;25;25;25;25;25;25;25;296;296;296;296;296;296;296;296;296;296;296;296;NA;NA;NA;NA;NA;NA;NA;NA;NA;NA;NA
"2021-04-26";"0-60";7;7;7;7;7;7;7;7;7;7;7;7;84;84;84;84;84;84;84;84;84;84;84;84;1;1;1;1;1;1;1;1;1;1;1
"2021-04-26";"60+";19;19;19;19;19;19;19;19;19;19;19;19;214;214;214;214;214;214;214;214;214;214;214;214;1;1;1;1;1;1;1;1;1;1;1
"2021-04-26";"alle";26;26;26;26;26;26;26;26;26;26;26;26;298;298;298;298;298;298;298;298;298;298;298;298;NA;NA;NA;NA;NA;NA;NA;NA;NA;NA;NA
"2021-04-25";"0-60";7;7;7;7;7;7;7;7;7;7;7;7;81;81;81;81;81;81;81;81;81;81;81;81;1;1;1;1;1;1;1;1;1;1;1
"2021-04-25";"60+";27;27;27;27;27;27;27;27;27;27;27;27;215;215;215;215;215;215;215;215;215;215;215;215;1;1;1;1;1;1;1;1;1;1;1
"2021-04-25";"alle";34;34;34;34;34;34;34;34;34;34;34;34;296;296;296;296;296;296;296;296;296;296;296;296;NA;NA;NA;NA;NA;NA;NA;NA;NA;NA;NA
"2021-04-24";"0-60";13;13;13;13;13;13;13;13;13;13;13;13;85;85;85;85;85;85;85;85;85;85;85;85;1;1;1;1;1;1;1;1;1;1;1
"2021-04-24";"60+";50;50;50;50;50;50;50;50;50;50;50;50;201;201;201;201;201;201;201;201;201;201;201;201;1;1;1;1;1;1;1;1;1;1;1
"2021-04-24";"alle";63;63;63;63;63;63;63;63;63;63;63;63;286;286;286;286;286;286;286;286;286;286;286;286;NA;NA;NA;NA;NA;NA;NA;NA;NA;NA;NA
"2021-04-23";"0-60";20;20;20;20;20;20;20;20;20;20;20;20;96;96;96;96;96;96;96;96;96;96;96;96;1;1;1;1;1;1;1;1;1;1;1
"2021-04-23";"60+";36;36;36;36;36;36;36;36;36;36;36;36;182;182;182;182;182;182;182;182;182;182;182;182;1;1;1;1;1;1;1;1;1;1;1
"2021-04-23";"alle";56;56;56;56;56;56;56;56;56;56;56;56;278;278;278;278;278;278;278;278;278;278;278;278;NA;NA;NA;NA;NA;NA;NA;NA;NA;NA;NA
"2021-04-22";"0-60";15;15;15;15;15;15;15;15;15;15;15;15;87;87;87;87;87;87;87;87;87;87;87;87;1;1;1;1;1;1;1;1;1;1;1
"2021-04-22";"60+";32;32;32;32;32;32;32;32;32;32;32;32;184;184;184;184;184;184;184;184;184;184;184;184;1;1;1;1;1;1;1;1;1;1;1
"2021-04-22";"alle";47;47;47;47;47;47;47;47;47;47;47;47;271;271;271;271;271;271;271;271;271;271;271;271;NA;NA;NA;NA;NA;NA;NA;NA;NA;NA;NA
"2021-04-21";"0-60";11;11;11;11;11;11;11;11;11;11;11;11;87;87;87;87;87;87;87;87;87;87;87;87;1;1;1;1;1;1;1;1;1;1;1
"2021-04-21";"60+";34;34;34;34;34;34;34;34;34;34;34;34;184;184;184;184;184;184;184;184;184;184;184;184;1;1;1;1;1;1;1;1;1;1;1
"2021-04-21";"alle";45;45;45;45;45;45;45;45;45;45;45;45;271;271;271;271;271;271;271;271;271;271;271;271;NA;NA;NA;NA;NA;NA;NA;NA;NA;NA;NA
"2021-04-20";"0-60";11;11;11;11;11;11;11;11;11;11;11;11;88;88;88;88;88;88;88;88;88;88;88;88;1;1;1;1;1;1;1;1;1;1;1
"2021-04-20";"60+";16;16;16;16;16;16;16;16;16;16;16;16;189;189;189;189;189;189;189;189;189;189;189;189;1;1;1;1;1;1;1;1;1;1;1
"2021-04-20";"alle";27;27;27;27;27;27;27;27;27;27;27;27;277;277;277;277;277;277;277;277;277;277;277;277;NA;NA;NA;NA;NA;NA;NA;NA;NA;NA;NA
"2021-04-19";"0-60";4;4;4;4;4;4;4;4;4;4;4;4;89;89;89;89;89;89;89;89;89;89;89;89;1;1;1;1;1;1;1;1;1;1;1
"2021-04-19";"60+";20;20;20;20;20;20;20;20;20;20;20;20;194;194;194;194;194;194;194;194;194;194;194;194;1;1;1;1;1;1;1;1;1;1;1
"2021-04-19";"alle";24;24;24;24;24;24;24;24;24;24;24;24;283;283;283;283;283;283;283;283;283;283;283;283;NA;NA;NA;NA;NA;NA;NA;NA;NA;NA;NA
"2021-04-18";"0-60";11;11;11;11;11;11;11;11;11;11;11;11;95;95;95;95;95;95;95;95;95;95;95;95;1;1;1;1;1;1;1;1;1;1;1
"2021-04-18";"60+";13;13;13;13;13;13;13;13;13;13;13;13;183;183;183;183;183;183;183;183;183;183;183;183;1;1;1;1;1;1;1;1;1;1;1
"2021-04-18";"alle";24;24;24;24;24;24;24;24;24;24;24;24;278;278;278;278;278;278;278;278;278;278;278;278;NA;NA;NA;NA;NA;NA;NA;NA;NA;NA;NA
"2021-04-17";"0-60";24;24;24;24;24;24;24;24;24;24;24;24;92;92;92;92;92;92;92;92;92;92;92;92;1;1;1;1;1;1;1;1;1;1;1
"2021-04-17";"60+";31;31;31;31;31;31;31;31;31;31;31;31;189;189;189;189;189;189;189;189;189;189;189;189;1;1;1;1;1;1;1;1;1;1;1
"2021-04-17";"alle";55;55;55;55;55;55;55;55;55;55;55;55;281;281;281;281;281;281;281;281;281;281;281;281;NA;NA;NA;NA;NA;NA;NA;NA;NA;NA;NA
"2021-04-16";"0-60";11;11;11;11;11;11;11;11;11;11;11;11;89;89;89;89;89;89;89;89;89;89;89;89;1;1;1;1;1;1;1;1;1;1;1
"2021-04-16";"60+";38;38;38;38;38;38;38;38;38;38;38;38;206;206;206;206;206;206;206;206;206;206;206;206;1;1;1;1;1;1;1;1;1;1;1
"2021-04-16";"alle";49;49;49;49;49;49;49;49;49;49;49;49;295;295;295;295;295;295;295;295;295;295;295;295;NA;NA;NA;NA;NA;NA;NA;NA;NA;NA;NA
"2021-04-15";"0-60";15;15;15;15;15;15;15;15;15;15;15;15;91;91;91;91;91;91;91;91;91;91;91;91;1;1;1;1;1;1;1;1;1;1;1
"2021-04-15";"60+";32;32;32;32;32;32;32;32;32;32;32;32;201;201;201;201;201;201;201;201;201;201;201;201;1;1;1;1;1;1;1;1;1;1;1
"2021-04-15";"alle";47;47;47;47;47;47;47;47;47;47;47;47;292;292;292;292;292;292;292;292;292;292;292;292;NA;NA;NA;NA;NA;NA;NA;NA;NA;NA;NA
"2021-04-14";"0-60";12;12;12;12;12;12;12;12;12;12;12;12;90;90;90;90;90;90;90;90;90;90;90;90;1;1;1;1;1;1;1;1;1;1;1
"2021-04-14";"60+";39;39;39;39;39;39;39;39;39;39;39;39;200;200;200;200;200;200;200;200;200;200;200;200;1;1;1;1;1;1;1;1;1;1;1
"2021-04-14";"alle";51;51;51;51;51;51;51;51;51;51;51;51;290;290;290;290;290;290;290;290;290;290;290;290;NA;NA;NA;NA;NA;NA;NA;NA;NA;NA;NA
"2021-04-13";"0-60";12;12;12;12;12;12;12;12;12;12;12;12;93;93;93;93;93;93;93;93;93;93;93;93;1;1;1;1;1;1;1;1;1;1;1
"2021-04-13";"60+";21;21;21;21;21;21;21;21;21;21;21;21;200;200;200;200;200;200;200;200;200;200;200;200;1;1;1;1;1;1;1;1;1;1;1
"2021-04-13";"alle";33;33;33;33;33;33;33;33;33;33;33;33;293;293;293;293;293;293;293;293;293;293;293;293;NA;NA;NA;NA;NA;NA;NA;NA;NA;NA;NA
"2021-04-12";"0-60";10;10;10;10;10;10;10;10;10;10;10;10;90;90;90;90;90;90;90;90;90;90;90;90;1;1;1;1;1;1;1;1;1;1;1
"2021-04-12";"60+";9;9;9;9;9;9;9;9;9;9;9;9;194;194;194;194;194;194;194;194;194;194;194;194;1;1;1;1;1;1;1;1;1;1;1
"2021-04-12";"alle";19;19;19;19;19;19;19;19;19;19;19;19;284;284;284;284;284;284;284;284;284;284;284;284;NA;NA;NA;NA;NA;NA;NA;NA;NA;NA;NA
"2021-04-11";"0-60";8;8;8;8;8;8;8;8;8;8;8;8;NA;NA;NA;NA;NA;NA;NA;NA;NA;NA;NA;NA;1;1;1;1;1;1;1;1;1;1;1
"2021-04-11";"60+";19;19;19;19;19;19;19;19;19;19;19;19;NA;NA;NA;NA;NA;NA;NA;NA;NA;NA;NA;NA;1;1;1;1;1;1;1;1;1;1;1
"2021-04-11";"alle";27;27;27;27;27;27;27;27;27;27;27;27;NA;NA;NA;NA;NA;NA;NA;NA;NA;NA;NA;NA;NA;NA;NA;NA;NA;NA;NA;NA;NA;NA;NA
"2021-04-10";"0-60";21;21;21;21;21;21;21;21;21;21;21;21;NA;NA;NA;NA;NA;NA;NA;NA;NA;NA;NA;NA;1;1;1;1;1;1;1;1;1;1;1
"2021-04-10";"60+";48;48;48;48;48;48;48;48;48;48;48;48;NA;NA;NA;NA;NA;NA;NA;NA;NA;NA;NA;NA;1;1;1;1;1;1;1;1;1;1;1
"2021-04-10";"alle";69;69;69;69;69;69;69;69;69;69;69;69;NA;NA;NA;NA;NA;NA;NA;NA;NA;NA;NA;NA;NA;NA;NA;NA;NA;NA;NA;NA;NA;NA;NA
"2021-04-09";"0-60";13;13;13;13;13;13;13;13;13;13;13;13;NA;NA;NA;NA;NA;NA;NA;NA;NA;NA;NA;NA;1;1;1;1;1;1;1;1;1;1;1
"2021-04-09";"60+";33;33;33;33;33;33;33;33;33;33;33;33;NA;NA;NA;NA;NA;NA;NA;NA;NA;NA;NA;NA;1;1;1;1;1;1;1;1;1;1;1
"2021-04-09";"alle";46;46;46;46;46;46;46;46;46;46;46;46;NA;NA;NA;NA;NA;NA;NA;NA;NA;NA;NA;NA;NA;NA;NA;NA;NA;NA;NA;NA;NA;NA;NA
"2021-04-08";"0-60";14;14;14;14;14;14;14;14;14;14;14;14;NA;NA;NA;NA;NA;NA;NA;NA;NA;NA;NA;NA;1;1;1;1;1;1;1;1;1;1;1
"2021-04-08";"60+";31;31;31;31;31;31;31;31;31;31;31;31;NA;NA;NA;NA;NA;NA;NA;NA;NA;NA;NA;NA;1;1;1;1;1;1;1;1;1;1;1
"2021-04-08";"alle";45;45;45;45;45;45;45;45;45;45;45;45;NA;NA;NA;NA;NA;NA;NA;NA;NA;NA;NA;NA;NA;NA;NA;NA;NA;NA;NA;NA;NA;NA;NA
"2021-04-07";"0-60";15;15;15;15;15;15;15;15;15;15;15;15;NA;NA;NA;NA;NA;NA;NA;NA;NA;NA;NA;NA;1;1;1;1;1;1;1;1;1;1;1
"2021-04-07";"60+";39;39;39;39;39;39;39;39;39;39;39;39;NA;NA;NA;NA;NA;NA;NA;NA;NA;NA;NA;NA;1;1;1;1;1;1;1;1;1;1;1
"2021-04-07";"alle";54;54;54;54;54;54;54;54;54;54;54;54;NA;NA;NA;NA;NA;NA;NA;NA;NA;NA;NA;NA;NA;NA;NA;NA;NA;NA;NA;NA;NA;NA;NA
"2021-04-06";"0-60";9;9;9;9;9;9;9;9;9;9;9;9;NA;NA;NA;NA;NA;NA;NA;NA;NA;NA;NA;NA;1;1;1;1;1;1;1;1;1;1;1
"2021-04-06";"60+";15;15;15;15;15;15;15;15;15;15;15;15;NA;NA;NA;NA;NA;NA;NA;NA;NA;NA;NA;NA;1;1;1;1;1;1;1;1;1;1;1
"2021-04-06";"alle";24;24;24;24;24;24;24;24;24;24;24;24;NA;NA;NA;NA;NA;NA;NA;NA;NA;NA;NA;NA;NA;NA;NA;NA;NA;NA;NA;NA;NA;NA;NA
