"date";"age60";"reported";"nowcast_est";"nowcast_0.025";"nowcast_0.1";"nowcast_0.25";"nowcast_0.5";"nowcast_0.75";"nowcast_0.8";"nowcast_0.85";"nowcast_0.9";"nowcast_0.95";"nowcast_0.975";"reported7";"nowcast7_est";"nowcast7_0.025";"nowcast7_0.1";"nowcast7_0.25";"nowcast7_0.5";"nowcast7_0.75";"nowcast7_0.8";"nowcast7_0.85";"nowcast7_0.9";"nowcast7_0.95";"nowcast7_0.975";"F_est";"F_0.025";"F_0.1";"F_0.25";"F_0.5";"F_0.75";"F_0.8";"F_0.85";"F_0.9";"F_0.95";"F_0.975"
2022-05-14;"0-60";4;8;4;5;6;8;10;10;11;12;13;15;10;16,9;11,2288929078014;12,324;14,734;17;20,434;20;21;24,0573333333333;25;27,4320560283688;0,50234422458113;0,653636970544602;0,60389012685239;0,553292737371524;0,494019667349492;0,432285748445461;0,416318244065976;0,398069636609229;0,376756569153527;0,342341845458244;0,312057453779281
2022-05-14;"60+";1;1,9;1;1;1;2;3;3;3;3;4;5;13;22,5;15,3228625;17,4227088961341;19,5505952380952;23;26,6291666666667;27;28;30,9621518397764;32;35,1980125;0,516009896742281;0,666700771665824;0,616374225327636;0,569583683753357;0,513469162706724;0,452489752443284;0,437310848064996;0,419017729401944;0,396458648431359;0,361507669361239;0,332631984116535
2022-05-14;"alle";5;9,9;6;7;8;10;12;13;14;15;16;18;23;39,4;28,0889896907216;31,7666788990826;35,5196019900498;40;45,7912437810945;46;48;52,0426880733945;54;61,6610309278351;NA;NA;NA;NA;NA;NA;NA;NA;NA;NA;NA
2022-05-13;"0-60";1;2,1;1;1;1;2;3;3;4;4;5;5;8;11,2;8;8,61866666666667;9,832;11;13,252;13;14;14,4853333333333;16;17,9127390070922;0,466189987282902;0,617671024896831;0,566808250189483;0,513756607389347;0,455954151000401;0,393947450157647;0,378835819618493;0,361063352381472;0,339095617331902;0,305535633970312;0,277102188289476
2022-05-13;"60+";5;10,9;6;7;9;11;13;14;15;16;18;20;18;27,8;20,29161;22,3842228225431;24,4966666666667;28;31,5752380952381;32;33;35,9236657661854;37;40,9396825;0,460503680675127;0,614832096099035;0,563393956499453;0,513617883031121;0,456072329905826;0,396115750010535;0,381336620839623;0,363453570429127;0,341470303724628;0,311146399771632;0,283541245170396
2022-05-13;"alle";6;13;8;9;11;13;16;17;18;19;21;23;26;39,1;29,3532783505155;33,0171972477064;35,5619900497512;40;43,5510447761194;45;46;49,7150871559633;51;57,0291546391753;NA;NA;NA;NA;NA;NA;NA;NA;NA;NA;NA
2022-05-12;"0-60";1;1,5;1;1;1;1;2;2;2;2;3;3;9;11,6;9;9,72266666666667;10,916;12;13,196;13;14;14,416;15;16,6924226950355;0,676134180158023;0,789392456969989;0,751196737767692;0,713364014301595;0,667866731420964;0,616724894165456;0,603536017960331;0,586456123600768;0,564823533583155;0,532090998268685;0,505578835796428
2022-05-12;"60+";1;1,5;1;1;1;1;2;2;2;3;3;3;18;23,6;18,520795;20,6664540288775;21,712380952381;24;26,4314285714286;26;27;28,5644624126688;29;30,66672;0,660194586730593;0,778031693775248;0,741079865628491;0,702708896909703;0,656352196160369;0,606897136928615;0,593168466467654;0,57580585167169;0,555664654296003;0,521718053579088;0,493227115549288
2022-05-12;"alle";2;3;2;2;2;3;4;4;4;5;5;6;27;35,1;28,963175257732;30,2099036697248;32,7032835820896;35;38,4097512437811;39;39;42,1369678899083;42;45,8093608247423;NA;NA;NA;NA;NA;NA;NA;NA;NA;NA;NA
2022-05-11;"0-60";2;2,6;2;2;2;2;3;3;4;4;4;5;10;12,4;10;10,7573333333333;10,804;12;14,224;14;14;15,4506666666667;16;17,7238964539007;0,754977774374058;0,836876380131082;0,810415497149699;0,782704767063951;0,749188973721042;0,711544015026159;0,702116964922908;0,689945159640735;0,672666217083746;0,646651013804972;0,622504799473226
2022-05-11;"60+";4;5,4;4;4;5;5;6;7;7;7;8;9;21;26,8;21,49996;23,6407966464835;24,6764285714286;27;29,3954761904762;29;30;31,5388050302748;32;34,75006;0,736568166718174;0,822829760034673;0,796121834455395;0,768697370166781;0,734133178990223;0,695078171714485;0,685278444456556;0,672507766847679;0,657596804245449;0,632528606100774;0,608839683599143
2022-05-11;"alle";6;8,1;6;6;7;8;9;9;10;10;11;12;31;39,1;32,963175257732;34,2099036697248;36,7032835820896;39;42,4097512437811;43;43;44,9442614678899;46;49,8093608247423;NA;NA;NA;NA;NA;NA;NA;NA;NA;NA;NA
2022-05-10;"0-60";1;1,2;1;1;1;1;1;1;2;2;2;2;13;15,3;13;13,7746666666667;13,818;15;17,238;17;17;18,468;19;19,5822645390071;0,846902942523393;0,904247857939936;0,885490279779136;0,866080456558077;0,841888107124587;0,813319977732466;0,805280145961064;0,795574091504882;0,782627399683135;0,762856405884721;0,745578132733745
2022-05-10;"60+";1;1,2;1;1;1;1;1;1;2;2;2;2;27;32,7;27,5103775;29,6536253376805;30,6944047619048;33;35,4134523809524;35;36;37,5516337214718;38;39,6563025;0,827640801836739;0,892148964540575;0,872011079858318;0,851925344583032;0,825550940251797;0,795700012228445;0,787487215300004;0,777208770415072;0,764293874038109;0,74331599525267;0,72551183176941
2022-05-10;"alle";2;2,4;2;2;2;2;3;3;3;3;4;4;40;48;41,9835051546392;43,2291743119266;45,7174129353234;48;51,4238805970149;51;52;53,9635321100917;55;57,6263917525773;NA;NA;NA;NA;NA;NA;NA;NA;NA;NA;NA
2022-05-09;"0-60";0;0;0;0;0;0;0;0;0;0;0;0;15;17,3;15;15,7746666666667;15,818;17;19,238;19;19;20,468;21;21,5822645390071;0,865363304179343;0,939155682492539;0,918273678023341;0,895101292240875;0,860243812409476;0,815888774976169;0,80327029821414;0,78801259126593;0,766305989708999;0,732645896809952;0,699164862128241
2022-05-09;"60+";0;0;0;0;0;0;0;0;0;0;0;0;36;42,4;37,54163;38,5638244993013;40,7483333333333;42;45,4673809523809;45;46;47,5901197950629;48;49,687555;0,843109837726025;0,929519022323732;0,905138105316701;0,880261607770016;0,841344212167022;0,7935259546246;0,779277210494987;0,761967650433993;0,739978826178743;0,701321712925755;0,668645073292274
2022-05-09;"alle";0;0;0;0;0;0;0;0;0;0;0;0;51;59,7;52,8411958762887;55,2869862385321;57,7598009950249;60;63,4662686567164;63;64;66,0213440366972;67;69,687381443299;NA;NA;NA;NA;NA;NA;NA;NA;NA;NA;NA
2022-05-08;"0-60";1;1,5;1;1;1;1;2;2;2;3;3;3;15;17,3;15;15,7746666666667;15,818;17;19,238;19;19;20,468;21;21,5822645390071;0,684117083332158;0,779360652863767;0,746013183067463;0,711575727112813;0,670370952995279;0,624250144816143;0,611867880451308;0,595715984941312;0,576498270487555;0,546806438147231;0,520310228449
2022-05-08;"60+";1;1,6;1;1;1;1;2;2;2;3;3;4;36;42,4;37,54163;38,5638244993013;40,7483333333333;42;45,4673809523809;45;46;47,5901197950629;48;49,687555;0,628597691241282;0,736700479341289;0,70255928683292;0,667675155001143;0,623937925518176;0,577425883632935;0,564836070260982;0,549728856356136;0,531978391047518;0,503754551498484;0,478834316542165
2022-05-08;"alle";2;3,1;2;2;2;3;4;4;4;5;5;6;51;59,7;52,8411958762887;55,2869862385321;57,7598009950249;60;63,4662686567164;63;64;66,0213440366972;67;69,687381443299;NA;NA;NA;NA;NA;NA;NA;NA;NA;NA;NA
2022-05-07;"0-60";2;2,3;2;2;2;2;3;3;3;3;4;4;15;17,1;15;15;15,846;17;18,126;19;19;19,3293333333333;20;21,6137382978723;0,860184409425833;0,905631842931331;0,889829579036182;0,873183371349372;0,852108659570551;0,827928176230284;0,821199221638531;0,813244296937242;0,802627932996769;0,785094912048069;0,767081370234231
2022-05-07;"60+";6;7,2;6;6;6;7;8;8;8;9;10;10;36;42,1;37,5728825;38,6023105728924;39,6225;42;44,3415476190476;45;45;46,5003189566837;47;49,7188075;0,828663058383181;0,885083292031412;0,867130256169492;0,848566228273154;0,826189084569123;0,799709494851897;0,792659825782088;0,78326990328322;0,773035299375146;0,756032438484071;0,73840513519572
2022-05-07;"alle";8;9,6;8;8;9;9;10;11;11;11;12;13;51;59,1;52,963175257732;54,2099036697248;56,7032835820896;59;62,4097512437811;62;63;64,9442614678899;66;68,6060618556701;NA;NA;NA;NA;NA;NA;NA;NA;NA;NA;NA
2022-05-06;"0-60";2;2,5;2;2;2;2;3;3;3;4;4;4;17;19,1;17;17;17,846;19;20,126;21;21;21,3293333333333;22;23,6137382978723;0,8068809942421;0,865311136771448;0,844391433009179;0,823166467302998;0,795247933627744;0,763213247898787;0,754546289662362;0,744729575893779;0,730674102250104;0,707963788442027;0,686410133578229
2022-05-06;"60+";5;6,6;5;5;6;6;7;8;8;9;9;10;36;41,4;36,54163;38,6921114112715;39,7483333333333;41;43,287619047619;44;44;45,4618328830927;46;48,687555;0,760539864685826;0,833176248978796;0,809108160278384;0,785623434408965;0,756204428426018;0,722384273853166;0,713925765512251;0,704375318883013;0,690667932784414;0,670966488673379;0,650931694406797
2022-05-06;"alle";7;9,1;7;7;8;9;10;10;11;11;12;13;53;60,5;55,0851546391753;56,3255275229358;58,7880597014925;61;63,3532338308458;64;64;65,8671788990826;67;69,5247422680412;NA;NA;NA;NA;NA;NA;NA;NA;NA;NA;NA
2022-05-05;"0-60";2;2,3;2;2;2;2;3;3;3;3;3;4;20;22,2;20;20;20,832;22;23,112;24;24;25,4853333333333;25;26,5980014184397;0,87799918734501;0,918971452172067;0,904303452340354;0,889414877871736;0,870960117077171;0,849010573609966;0,84252215274962;0,835320649770446;0,825081382646081;0,8096484948356;0,793314103795829
2022-05-05;"60+";4;4,7;4;4;4;5;5;5;6;6;6;7;42;47,4;42,54163;44,6921114112715;45,7483333333333;47;49,287619047619;50;50;51,4618328830927;52;53,58338;0,847728931745924;0,898455164678626;0,881815925634281;0,865102895710393;0,844749704200557;0,821379984382026;0,815203522601346;0,807388820825031;0,79742010073512;0,781910904837016;0,766224008599253
2022-05-05;"alle";6;7;6;6;6;7;8;8;8;8;9;10;62;69,6;64,064824742268;65,3062568807339;67,7739303482587;70;72,3391044776119;73;74;76,0406146788991;76;78,504412371134;NA;NA;NA;NA;NA;NA;NA;NA;NA;NA;NA
2022-05-04;"0-60";5;5,6;5;5;5;5;6;6;6;7;7;8;18;19,9;18;18;18,874;20;21,154;21;22;22,364;23;24,6452120567376;0,898830314717693;0,931199667296069;0,920050520045608;0,909107631950492;0,894476911015474;0,877221557814887;0,872784379902142;0,867522458961747;0,860373980254429;0,84970980735135;0,838883135342571
2022-05-04;"60+";10;11,4;10;10;11;11;12;12;13;13;14;14;40;44,8;40,604135;41,6407966464835;42,6764285714286;45;47,3954761904762;47;48;48,4105181183046;49;51,645885;0,878375507357338;0,916175119442974;0,904043165282893;0,891952663262117;0,876571695304009;0,859034346312964;0,854495381379278;0,848865941065958;0,841891506679486;0,830371475743857;0,819910057306681
2022-05-04;"alle";15;16,9;15;15;16;17;18;18;19;19;20;20;58;64,7;59,0444948453608;61,4796926605505;62,7598009950249;65;67,3249751243781;68;68;69,8286376146789;71;73,4840824742268;NA;NA;NA;NA;NA;NA;NA;NA;NA;NA;NA
2022-05-03;"0-60";3;3,2;3;3;3;3;3;4;4;4;4;5;15;16,4;15;15;15,944;16;17,084;18;18;18,2773333333333;19;20,5665276595745;0,931860072396015;0,955903578518505;0,947892252662854;0,938993003546313;0,928098412105402;0,91463454873052;0,910892313468096;0,906166024150764;0,90033009422103;0,890864586276137;0,88081367411056
2022-05-03;"60+";10;10,9;10;10;10;11;11;12;12;12;13;13;46;50,3;46,6562225;47,7049401024686;48,7663095238095;50;52,3055952380952;52;53;54,4746615742897;55;56,5937975;0,917288556951947;0,946464318926732;0,93702271162108;0,927680814052311;0,915820113759444;0,902079499586727;0,898206441003628;0,893691367940947;0,887201882831327;0,878120079259839;0,868936583183329
2022-05-03;"alle";13;14,1;13;13;13;14;15;15;15;16;16;17;61;66,8;62,2274639175258;63,4604220183486;64,745671641791;67;69,3108457711443;69;70;71,8093669724771;72;74,2604536082474;NA;NA;NA;NA;NA;NA;NA;NA;NA;NA;NA
2022-05-02;"0-60";0;0;0;0;0;0;0;0;0;0;0;0;19;20,5;19;19;19,93;20;21,07;22;22;22,26;23;24,5507907801418;0,935562213196903;0,970462615603446;0,960293177748502;0,94872858453769;0,931483060374602;0,908689526186436;0,901653443021585;0,893335811682482;0,882908823854027;0,863812694061502;0,843806541610858
2022-05-02;"60+";0;0;0;0;0;0;0;0;0;0;0;0;41;44,6;41;41,6664540288775;42,712380952381;45;46,2516666666667;46;47;48,4361755006987;49;50,562545;0,921997513195846;0,964576210956012;0,95301879549105;0,940154513064442;0,920616493100764;0,895930377950894;0,888553051885851;0,879463584500886;0,867669990121126;0,847962978993995;0,828492330369391
2022-05-02;"alle";0;0;0;0;0;0;0;0;0;0;0;0;60;65,1;60,1664742268041;61,4026100917431;63,8445771144279;65;67,2684577114428;68;68;69,7515550458716;70;72,1994639175258;NA;NA;NA;NA;NA;NA;NA;NA;NA;NA;NA
2022-05-01;"0-60";1;1,2;1;1;1;1;1;2;2;2;2;3;19;20,5;19;19;19,93;20;21,07;22;22;22,26;23;24,5507907801418;0,830248043060679;0,881997724339212;0,862644015705684;0,84296284154958;0,818144761948866;0,788930203218394;0,779635112363077;0,769936699632028;0,757494331449452;0,734934948158379;0,711233434797843
2022-05-01;"60+";1;1,3;1;1;1;1;1;2;2;2;2;3;41;44,6;41;41,6664540288775;42,712380952381;45;46,2516666666667;46;47;48,4361755006987;49;50,562545;0,79595264067931;0,856010947517174;0,835274844777928;0,816453536004784;0,79129788709211;0,764377926720603;0,757338591761557;0,748630244959975;0,737324609321923;0,720398893310705;0,702582438568708
2022-05-01;"alle";2;2,5;2;2;2;2;3;3;3;3;4;4;60;65,1;60,1664742268041;61,4026100917431;63,8445771144279;65;67,2684577114428;68;68;69,7515550458716;70;72,1994639175258;NA;NA;NA;NA;NA;NA;NA;NA;NA;NA;NA
2022-04-30;"0-60";4;4,3;4;4;4;4;5;5;5;5;6;6;21;22,6;21;21;21,916;23;24,196;24;24;25,416;25;26,5350539007092;0,926801281697947;0,950615964579191;0,941882378820534;0,932959665542595;0,920784853153716;0,906690033318723;0,902597154481215;0,897647338039986;0,89047114311579;0,878812463670413;0,866187433274138
2022-04-30;"60+";6;6,6;6;6;6;6;7;7;7;8;8;9;46;49,9;46,6978925;47,7562548672566;48,8382142857143;50;51,1977380952381;52;52;53,3976894271076;54;55,5312925;0,912575499808835;0,940521155761765;0,931198278638348;0,922106038422543;0,910528061252926;0,896811921174997;0,89289948931979;0,888680788352227;0,882454639369975;0,873248457640115;0,865051870294213
2022-04-30;"alle";10;10,9;10;10;10;11;12;12;12;12;13;13;67;72,4;67,1054845360825;69,537504587156;70,8021890547264;73;75,3673631840796;75;76;77,8864495412844;78;80,3417731958763;NA;NA;NA;NA;NA;NA;NA;NA;NA;NA;NA
2022-04-29;"0-60";5;5,6;5;5;5;5;6;6;7;7;7;8;20;21,4;20;20;20,944;21;22,084;23;23;23,2773333333333;24;25,5665276595745;0,895225925006477;0,927316356738394;0,915390451045645;0,902924604369405;0,886446338301478;0,865721951613485;0,86033040838045;0,853237651070152;0,84361543276189;0,826633248415364;0,805426740960056
2022-04-29;"60+";11;12,6;11;11;12;12;13;14;14;14;15;16;46;49,5;46;46,6792827200745;47,7303571428571;50;51,2696428571429;51;52;52,3207172799255;53;54,4687875;0,876166587949705;0,913169928142428;0,900941429733051;0,888618965032317;0,872345256113911;0,853940449440557;0,849532721736226;0,843901399393225;0,836301852483856;0,824726904005479;0,812581708153803
2022-04-29;"alle";16;18,1;16;16;17;18;19;20;20;21;21;22;66;70,9;66,2071340206186;67,4411513761468;69,8728358208955;71;73,2967164179104;73;74;75,7900963302752;76;78,2401237113402;NA;NA;NA;NA;NA;NA;NA;NA;NA;NA;NA
2022-04-28;"0-60";0;0;0;0;0;0;0;0;0;0;0;0;17;17,9;17;17;17;18;19,154;19;19;19,1906666666667;20;21,4878432624113;0,935103293945119;0,956660102448874;0,948477525278359;0,940597594867101;0,929792969480411;0,916740077785472;0,913054623467958;0,908601775907256;0,90222819209412;0,890962310824713;0,878861717322769
2022-04-28;"60+";2;2,2;2;2;2;2;2;2;3;3;3;3;43;45,3;43;43,8332270144388;43,7663095238095;45;46,1258333333333;47;47;48,3463746623195;48;49,3854475;0,927138011333808;0,950245661085802;0,942625576129398;0,934662332120367;0,924803968303703;0,913514483751131;0,910497378403981;0,906721871717842;0,901799946791513;0,893838543370096;0,886759387138807
2022-04-28;"alle";2;2,2;2;2;2;2;2;2;3;3;3;3;60;63,2;60;60,5760458715596;61,830447761194;63;65,254328358209;65;66;66,5395779816514;67;68,9758350515464;NA;NA;NA;NA;NA;NA;NA;NA;NA;NA;NA
2022-04-27;"0-60";2;2,1;2;2;2;2;2;2;2;3;3;3;22;23;22;22;22;23;24,14;24;24;25,3466666666667;25;26,4721063829787;0,947174384546467;0,964976300867535;0,958904285718831;0,95253523449927;0,944225020654299;0,934213978592525;0,931511651732308;0,928039335774149;0,923370367706894;0,916104076191233;0,909036910284173
2022-04-27;"60+";16;16,9;16;16;16;17;17;18;18;18;19;19;53;55,5;53;53,8075696320447;53,7303571428571;55;57,2696428571429;57;57;58,3207172799255;59;60,4687875;0,948169675286806;0,964506829254128;0,95913667178601;0,953846825978638;0,947091318026164;0,939109180184017;0,936945537076403;0,934374760400142;0,931269033286313;0,926162367361613;0,921188939679528
2022-04-27;"alle";18;19;18;18;18;19;20;20;20;20;21;21;75;78,5;75;75,5182339449541;76,7880597014925;79;80,2119402985075;81;81;82,6744724770642;83;85,1181443298969;NA;NA;NA;NA;NA;NA;NA;NA;NA;NA;NA
2022-04-26;"0-60";7;7,3;7;7;7;7;8;8;8;8;8;9;28;29,1;28;28;28;29;30,126;30;31;31,3293333333333;32;32,4563695035461;0,964713528211643;0,977974691219342;0,973470058930098;0,968654085252844;0,962158810873428;0,95423309602595;0,951777345900781;0,948848797116998;0,945119990010215;0,938286054266551;0,931414132513442
2022-04-26;"60+";5;5,2;5;5;5;5;5;5;6;6;6;6;51;52,8;51;51;51,8561904761905;53;54,2157142857143;54;55;55,2822312063344;56;56,33336;0,96618139445365;0,978292452805609;0,974501990964604;0,970459393007341;0,965262661223544;0,959057398895613;0,957461145330793;0,955164677564138;0,952477937623326;0,948143218742741;0,943906625996323
2022-04-26;"alle";12;12,4;12;12;12;12;13;13;13;13;14;14;79;81,9;79;79,6338577981651;80,8728358208955;82;83,1554228855721;84;84;85,5973899082569;86;88,036824742268;NA;NA;NA;NA;NA;NA;NA;NA;NA;NA;NA
2022-04-25;"0-60";0;0;0;0;0;0;0;0;0;0;0;0;21;21,9;21;21;21;22;23,154;23;23;23,1906666666667;24;25,4878432624113;0,966982508280403;0,985246803507405;0,980026273650476;0,973768523494605;0,964237664727565;0,951407942586675;0,947286838785096;0,941931264378036;0,934861760265003;0,923215079268577;0,911694649827316
2022-04-25;"60+";0;0;0;0;0;0;0;0;0;0;0;0;46;47,7;46;46;46,8741666666667;48;49,2336904761905;49;49;50,2950598975314;50;51,3437775;0,969413829290742;0,986343068687304;0,981826592131629;0,976512652729097;0,968637940303762;0,958170509324335;0,95509125982897;0,951294353299204;0,945944546382961;0,937243306524499;0,928170302254421
2022-04-25;"alle";0;0;0;0;0;0;0;0;0;0;0;0;67;69,5;67;67,7109403669725;68,9293532338309;70;71,2119402985075;71;72;72,4817660550459;73;74,9148453608247;NA;NA;NA;NA;NA;NA;NA;NA;NA;NA;NA
2022-04-24;"0-60";3;3,3;3;3;3;3;4;4;4;4;5;5;21;21,9;21;21;21;22;23,154;23;23;23,1906666666667;24;25,4878432624113;0,91145272548068;0,943077129121356;0,932317614191425;0,920271970932578;0,903601979778815;0,882343157899545;0,875533038552749;0,867893074795672;0,856563968154613;0,835243025706653;0,807610284432953
2022-04-24;"60+";6;6,5;6;6;6;6;7;7;7;8;8;8;46;47,7;46;46;46,8741666666667;48;49,2336904761905;49;49;50,2950598975314;50;51,3437775;0,916892761191216;0,94533750085566;0,936001730505033;0,926527745742964;0,914134895275426;0,899486258336605;0,895533696268807;0,890347201107256;0,883832775579464;0,872567300770086;0,861433243566157
2022-04-24;"alle";9;9,8;9;9;9;10;10;11;11;11;12;12;67;69,5;67;67,7109403669725;68,9293532338309;70;71,2119402985075;71;72;72,4817660550459;73;74,9148453608247;NA;NA;NA;NA;NA;NA;NA;NA;NA;NA;NA
2022-04-23;"0-60";3;3,1;3;3;3;3;3;3;3;4;4;4;21;21,7;21;21;21;22;22,042;22;23;23,2253333333333;24;24,3619482269504;0,963870431436874;0,978172968732347;0,97333725637195;0,967900488480578;0,960439925689571;0,950333702818783;0,947208030217981;0,94339822324215;0,937880351949158;0,926833700801183;0,91492012198584
2022-04-23;"60+";6;6,2;6;6;6;6;6;6;7;7;7;7;48;49,4;48;48;48,9280952380952;49;50,1078571428571;51;51;51,2052590591523;52;53,37503;0,967602989523265;0,979603453946988;0,97598039087996;0,971853563173668;0,966507522273052;0,959698957583822;0,957874786133093;0,955556451862155;0,952291534457707;0,947013738118104;0,942222112917152
2022-04-23;"alle";9;9,3;9;9;9;9;10;10;10;10;11;11;69;71,1;69;69;69,8445771144279;71;72,1271641791045;73;73;74,5588486238532;74;75,7928659793814;NA;NA;NA;NA;NA;NA;NA;NA;NA;NA;NA
2022-04-22;"0-60";2;2,1;2;2;2;2;2;2;2;3;3;3;18;18,6;18;18;18;18;19,056;19;20;20,2426666666667;20;21,377685106383;0,94903069971556;0,969652304825907;0,962605421192628;0,954877767645675;0,943889165827833;0,92849422636434;0,923823649835385;0,917961978123205;0,909070656824601;0,891470603237685;0,870499050333308
2022-04-22;"60+";8;8,4;8;8;8;8;9;9;9;9;10;10;42;43,2;42;42;42;43;44,1438095238095;44;45;45,2309164415463;46;46,29169;0,953245787357027;0,971307937598568;0,965884558873959;0,959726037683696;0,951364620008824;0,941144571785182;0,938329554839447;0,934689027459718;0,929864456816593;0,920970349594224;0,912319631695587
2022-04-22;"alle";10;10,5;10;10;10;10;11;11;11;12;12;12;60;61,8;60;60;60,8869651741294;62;63,169552238806;63;64;64,4239541284404;65;66,8538556701031;NA;NA;NA;NA;NA;NA;NA;NA;NA;NA;NA
2022-04-21;"0-60";5;5,2;5;5;5;5;5;5;6;6;6;6;18;18,5;18;18;18;18;19,07;19;19;20,26;20;21,3934219858156;0,970074607532533;0,983193477443564;0,978781653392459;0,974038197943934;0,967034893267416;0,957460215343859;0,954782704679024;0,951485674240417;0,945932909587647;0,93593739621935;0,924942835879228
2022-04-21;"60+";12;12,3;12;12;12;12;13;13;13;13;13;14;46;47,1;46;46;46;47;48,1617857142857;48;48;49,2437451327434;49;50,3021075;0,974807463066828;0,985030681330544;0,981826058049911;0,9783910227194;0,973696361528221;0,967847260777424;0,966141634966976;0,963974231258463;0,961109004706541;0,956211765313208;0,951747492349685
2022-04-21;"alle";17;17,5;17;17;17;17;18;18;18;19;19;19;64;65,6;64;64;64,915223880597;66;67,1978109452736;67;67;68,462495412844;69;69,6912164948454;NA;NA;NA;NA;NA;NA;NA;NA;NA;NA;NA
2022-04-20;"0-60";8;8,2;8;8;8;8;8;8;9;9;9;9;18;18,4;18;18;18;18;19,084;19;19;20,2773333333333;20;20,251790070922;0,976960177093438;0,987838742559803;0,9845500505691;0,98089862453577;0,975564564697324;0,968614193389721;0,966672407331562;0,964127875553606;0,960776587067661;0,954893435138719;0,948551685383838
2022-04-20;"60+";14;14,2;14;14;14;14;14;14;15;15;15;15;51;52;51;51;51;52;53,1797619047619;53;53;54,2565738239404;54;55,312525;0,985629592006606;0,991850474094202;0,990047732114228;0,98805118264842;0,985237511317096;0,98176918374954;0,980800149911198;0,979611008485925;0,977991313687792;0,975244058312281;0,972675041329819
2022-04-20;"alle";22;22,4;22;22;22;22;23;23;23;23;24;24;69;70,5;69;69;69,9293532338309;70;71,0706467661691;72;72;73,4817660550459;73;74,7115463917526;NA;NA;NA;NA;NA;NA;NA;NA;NA;NA;NA
2022-04-19;"0-60";0;0;0;0;0;0;0;0;0;0;0;0;17;17,3;17;17;17;17;18,098;18;18;18,1213333333333;19;19,2675269503546;0,984621124042119;0,992534944938902;0,990234424632661;0,98747320859761;0,983291211334531;0,977677621093351;0,9758402255656;0,973826062814454;0,970682904206311;0,964966599032181;0,958566106050772
2022-04-19;"60+";0;0;0;0;0;0;0;0;0;0;0;0;52;52,9;52;52;52;53;54,1977380952381;54;54;55,2694025151374;55;56,3229425;0,989093905297843;0,994124485915791;0,992696461980578;0,991036584440046;0,988740014180589;0,985716831621615;0,984889521774096;0,983808057800264;0,982281437111023;0,979964405936688;0,977383727246732
2022-04-19;"alle";0;0;0;0;0;0;0;0;0;0;0;0;69;70,2;69;69;69;70;71,1130348258706;71;72;72,346871559633;73;74,7725360824742;NA;NA;NA;NA;NA;NA;NA;NA;NA;NA;NA
2022-04-18;"0-60";0;0;0;0;0;0;0;0;0;0;0;0;24;24,3;24;24;24;24;25,098;25;25;25,1213333333333;26;26,2675269503546;0,985642428162601;0,994805356086139;0,992455028217421;0,989338229530552;0,984325867241908;0,976703778710705;0,974382650505228;0,971041969767331;0,966073925440641;0,957424209817537;0,94796940632256
2022-04-18;"60+";0;0;0;0;0;0;0;0;0;0;0;0;68;69;68;68;68;69;70,1797619047619;70;70;71,2565738239404;71;72,312525;0,988814569854467;0,995595880947568;0,993902133175184;0,991743778465557;0,98846757006845;0,983910188566021;0,982538953071282;0,980764841245046;0,978199206935081;0,973853686365824;0,969136450750347
2022-04-18;"alle";0;0;0;0;0;0;0;0;0;0;0;0;92;93,4;92;92;92,9434825870647;93;94,084776119403;95;95;96,5010366972477;96;97,7318762886598;NA;NA;NA;NA;NA;NA;NA;NA;NA;NA;NA
2022-04-17;"0-60";3;3,1;3;3;3;3;3;3;3;4;4;4;24;24,3;24;24;24;24;25,098;25;25;25,1213333333333;26;26,2675269503546;0,960615404015323;0,982161464876648;0,976175521089761;0,968862883637117;0,957054626296398;0,938865147029318;0,933384973218466;0,925762965497704;0,913091348613132;0,890934649118899;0,864990968055496
2022-04-17;"60+";8;8,3;8;8;8;8;9;9;9;9;10;10;68;69;68;68;68;69;70,1797619047619;70;70;71,2565738239404;71;72,312525;0,963141784387418;0,981003932344257;0,97577868229667;0,970022554857011;0,961987617057724;0,951572350808772;0,948639746900305;0,945043305837815;0,939530372368841;0,930484948818446;0,921714610225291
2022-04-17;"alle";11;11,4;11;11;11;11;12;12;12;12;13;13;92;93,4;92;92;92,9434825870647;93;94,084776119403;95;95;96,5010366972477;96;97,7318762886598;NA;NA;NA;NA;NA;NA;NA;NA;NA;NA;NA
2022-04-16;"0-60";0;0;0;0;0;0;0;0;0;0;0;0;28;28,3;28;28;28;28;29,098;29;29;29,1213333333333;30;31,4248957446808;0,984536807405053;0,993609352323478;0,991081321771787;0,988048105072969;0,983066341650513;0,975225123505103;0,972775693863911;0,969323813712856;0,963536547963035;0,95304397480943;0,941202906049971
2022-04-16;"60+";0;0;0;0;0;0;0;0;0;0;0;0;66;66,9;66;66;66;67;68,1977380952381;68;68;68,1411156031672;69;70,3229425;0,984867447325853;0,99251319891807;0,990379684981157;0,987935851776585;0,984432466633332;0,979694086955016;0,978257943423302;0,976662860211075;0,974125663646879;0,970226870889657;0,965801777107915
2022-04-16;"alle";0;0;0;0;0;0;0;0;0;0;0;0;94;95,2;94;94;94;95;96,1130348258706;97;97;97,346871559633;98;99,7725360824742;NA;NA;NA;NA;NA;NA;NA;NA;NA;NA;NA
2022-04-15;"0-60";2;2;2;2;2;2;2;2;2;2;3;3;40;40,4;40;40;40;40;41,084;41;41;42,2773333333333;42;43,4091588652482;0,978319532002959;0,991431663688931;0,988102999654027;0,983636548895186;0,976318862923056;0,963626273137618;0,959824989150168;0,954119996309144;0,945086400804636;0,927331043253056;0,905030502314586
2022-04-15;"60+";12;12,3;12;12;12;12;13;13;13;13;14;14;82;83,1;82;82;82;83;84,1617857142857;84;84;85,2437451327434;86;86,3021075;0,975328101108538;0,988258622460574;0,984682364456624;0,980680665674095;0,974657003067668;0,966580967585824;0,963953401777217;0,960803313222044;0,956791498220217;0,949419496263498;0,941624282572637
2022-04-15;"alle";14;14,3;14;14;14;14;15;15;15;15;16;16;122;123,5;122;122;122,929353233831;124;125,211940298507;125;125;126,481766055046;127;128,914845360825;NA;NA;NA;NA;NA;NA;NA;NA;NA;NA;NA
2022-04-14;"0-60";5;5,1;5;5;5;5;5;5;5;5;6;6;44;44,4;44;44;44;44;45,084;45;45;46,2773333333333;47;47,4091588652482;0,987722286689553;0,995412077877921;0,993467232636764;0,990953561722965;0,986584461132138;0,979542210162023;0,977148185577568;0,974000690954079;0,968967168371519;0,958549093804467;0,947346846254478
2022-04-14;"60+";17;17,2;17;17;17;17;17;18;18;18;18;19;80;81;80;80;80;81;82,1797619047619;82;82;83,2565738239404;83;84,312525;0,98642832445008;0,993608379968347;0,991639610513299;0,989384108290018;0,98604136438686;0,981403639339458;0,980072224757108;0,978350578810219;0,97571078013955;0,971437635422253;0,967292920165649
2022-04-14;"alle";22;22,3;22;22;22;22;23;23;23;23;24;24;124;125,4;124;124;124,943482587065;125;127,226069651741;127;127;128,501036697248;129;130,935175257732;NA;NA;NA;NA;NA;NA;NA;NA;NA;NA;NA
2022-04-13;"0-60";7;7,1;7;7;7;7;7;7;7;7;8;8;51;51,4;51;51;51;51;52,084;52;52;53,2773333333333;54;55,5665276595745;0,991208016798235;0,996840698603481;0,995457348548851;0,993747824184496;0,990799414312403;0,98636467285786;0,985088793187027;0,983365852643689;0,980883513358599;0,97621841119765;0,971026889005128
2022-04-13;"60+";15;15,1;15;15;15;15;15;15;15;16;16;16;78;78,9;78;78;78;79;80,1977380952381;80;80;80,1411156031672;81;82,3229425;0,993654628791577;0,996865405027301;0,995944249843846;0,994901749237643;0,993470336955194;0,991645846064992;0,991110015770822;0,990415951394413;0,989517953760543;0,988018518069236;0,986371827746095
2022-04-13;"alle";22;22,2;22;22;22;22;22;22;23;23;23;23;129;130,3;129;129;129,957611940299;130;131,098905472637;132;132;133,52030733945;134;135,955505154639;NA;NA;NA;NA;NA;NA;NA;NA;NA;NA;NA
2022-04-12;"0-60";7;7;7;7;7;7;7;7;7;7;8;8;51;51,3;51;51;51;51;52,098;52;52;53,2946666666667;54;54,4248957446809;0,993714520849701;0,998097220925702;0,99713875937057;0,99578846253391;0,993448068559143;0,989398178283398;0,988011854079988;0,986381177163256;0,983881841115604;0,978272486801434;0,972632563778896
2022-04-12;"60+";16;16,1;16;16;16;16;16;16;16;17;17;17;69;69,8;69;69;69;70;70,0359523809524;71;71;71,1539442943642;72;72,229185;0,993760633078324;0,997086994843009;0,996216110067183;0,995143557111413;0,993624127836438;0,991574349292905;0,990980346965413;0,990188142540593;0,989145965410887;0,987231690090084;0,985375605194333
2022-04-12;"alle";23;23,1;23;23;23;23;23;23;24;24;24;24;120;121,2;120;120;120;121;122,113034825871;123;123;123,346871559633;124;125,772536082474;NA;NA;NA;NA;NA;NA;NA;NA;NA;NA;NA
2022-04-11;"0-60";0;0;0;0;0;0;0;0;0;0;0;0;47;47,3;47;47;47;47;48,098;48;48;49,2946666666667;49;50,4248957446809;0,993918107913174;0,998671260741473;0,997770787988356;0,99640773465424;0,993661969540698;0,988720036834598;0,986887413867011;0,984558459340439;0,980689899361439;0,972658240271656;0,964243731953763
2022-04-11;"60+";0;0;0;0;0;0;0;0;0;0;0;0;63;63,7;63;63;63;64;64,0539285714286;64;65;65,1667729855613;66;66,2396025;0,992686480818312;0,997438452396564;0,996287724223053;0,994900759370054;0,992575485665907;0,98926794844894;0,98828727786896;0,986976409888874;0,984935249768885;0,98181901006761;0,978079392576681
2022-04-11;"alle";0;0;0;0;0;0;0;0;0;0;0;0;110;111;110;110;110;111;112,141293532338;112;113;113,385412844037;114;115,813195876289;NA;NA;NA;NA;NA;NA;NA;NA;NA;NA;NA
2022-04-10;"0-60";7;7,1;7;7;7;7;7;7;8;8;8;9;49;49,3;49;49;49;49;50,098;50;50;51,2946666666667;51;52,4248957446809;0,982572499575103;0,996393691912439;0,993784600108747;0,989919059441738;0,98216082941697;0,966381738869307;0,961116167855452;0,953846970350877;0,942217842910946;0,919066877414573;0,891886844650735
2022-04-10;"60+";6;6,2;6;6;6;6;6;6;7;7;7;7;64;64,7;64;64;64;65;65,0539285714286;65;66;66,1667729855613;67;67,2396025;0,972490413289435;0,988086616192881;0,983888777539835;0,979396355938397;0,972257948986273;0,962738558705504;0,959953746844688;0,956319362434826;0,951059205784995;0,942293367170921;0,93429798861848
2022-04-10;"alle";13;13,3;13;13;13;13;14;14;14;14;15;15;113;114;113;113;113;114;115,141293532338;115;116;116,385412844037;117;118,813195876289;NA;NA;NA;NA;NA;NA;NA;NA;NA;NA;NA
2022-04-09;"0-60";12;12,1;12;12;12;12;12;12;12;13;13;13;43;43,2;43;43;43;43;43,428;44;44;44,1386666666667;45;45,2832638297872;0,993583258573659;0,998930254932845;0,998000809930505;0,996527310009552;0,993372231530806;0,987018921828106;0,984673162855182;0,981486243133132;0,976429566330006;0,965553957071639;0,951950529026347
2022-04-09;"60+";16;16,2;16;16;16;16;16;16;17;17;17;17;66;66,6;66;66;66;66;67,0719047619048;67;67;68,1796016767583;68;69,25002;0,988478419101756;0,995207085739595;0,993530477713628;0,99152925730388;0,988418464693444;0,984060858327665;0,982827790371197;0,981135090553501;0,978868431408121;0,97508657870958;0,971371898568341
2022-04-09;"alle";28;28,3;28;28;28;28;29;29;29;29;30;30;109;109,7;109;109;109;110;110,042388059701;111;111;111,250518348624;112;113,670886597938;NA;NA;NA;NA;NA;NA;NA;NA;NA;NA;NA
2022-04-08;"0-60";6;6,1;6;6;6;6;6;6;6;6;7;7;33;33,1;33;33;33;33;33,214;33;34;34,156;34;35,2990007092199;0,991478852182369;0,998864366495295;0,99775035522797;0,995794690826882;0,991270149840658;0,981328841695079;0,977380995908299;0,972214905669831;0,963508494794511;0,94572786096318;0,920918528092539
2022-04-08;"60+";10;10,2;10;10;10;10;10;11;11;11;11;12;61;61,4;61;61;61;61;62,1078571428571;62;62;62,0769721471821;63;63,16668;0,980332790116071;0,992421301215546;0,989474712333505;0,985989119979509;0,980357202590382;0,972328188167735;0,969948974280121;0,966836452675724;0,962746694566718;0,955347196300088;0,947480619645038
2022-04-08;"alle";16;16,3;16;16;16;16;17;17;17;17;18;18;94;94,5;94;94;94;94;95,0706467661691;95;95;96,2890596330275;96;97,5082474226804;NA;NA;NA;NA;NA;NA;NA;NA;NA;NA;NA
2022-04-07;"0-60";12;12;12;12;12;12;12;12;12;12;13;13;30;30;30;30;30;30;30;30;30;30;31;31,1573687943262;0,99656280318072;0,999634908365236;0,999205569527043;0,998395364117712;0,996490647511117;0,99206886504913;0,990170116162701;0,987549987351716;0,98327708933489;0,973874836218159;0,961923990999806
2022-04-07;"60+";15;15,1;15;15;15;15;15;15;15;16;16;16;67;67,2;67;67;67;67;67,4359523809524;67;68;68,1026295295761;68;68,08334;0,990502990188155;0,99665284110381;0,995214927084501;0,993416881124098;0,990570294830435;0,986350252771394;0,984958434670806;0,983360023965272;0,980886041431532;0,976803327894028;0,972715558851818
2022-04-07;"alle";27;27,2;27;27;27;27;27;28;28;28;28;29;97;97,2;97;97;97;97;97,4282587064677;98;98;98,1541651376147;98;99,3659381443299;NA;NA;NA;NA;NA;NA;NA;NA;NA;NA;NA
2022-04-06;"0-60";7;7;7;7;7;7;7;7;7;7;7;7;24;24;24;24;24;24;24;24;24;24;24;24;0,999357660332452;0,999919384556284;0,999833263228348;0,999677534311964;0,999338283930109;0,99860002838274;0,99833429976017;0,997954863299261;0,997375197283867;0,996153638303008;0,99447954397392
2022-04-06;"60+";6;6;6;6;6;6;6;6;6;6;6;6;65;65;65;65;65;65;65;65;65;65;65;66,104175;0,998757897445037;0,999515470883356;0,999324381328628;0,999101561481582;0,998734233690555;0,998212099135653;0,998045228708323;0,997847104406157;0,997554140224597;0,997072438893255;0,99654828658277
2022-04-06;"alle";13;13;13;13;13;13;13;13;13;13;13;13;89;89;89;89;89;89;89;89;89;89;89;90,2032989690722;NA;NA;NA;NA;NA;NA;NA;NA;NA;NA;NA
2022-04-05;"0-60";3;3;3;3;3;3;3;3;3;3;3;3;25;25;25;25;25;25;25;25;25;25;25;25;0,99952877758326;0,999963249593598;0,999913012855141;0,999798915927811;0,999525304968384;0,998837222421667;0,998538873209506;0,998099010279352;0,997425923430916;0,995950206089111;0,993696110123148
2022-04-05;"60+";10;10;10;10;10;10;10;10;10;10;10;10;77;77;77;77;77;77;77;77;77;77;77;77;0,998519340073671;0,999537084409886;0,999306779025291;0,999026427026168;0,998532277380092;0,997808508364607;0,9975524601262;0,9972532855708;0,996805236836982;0,996031275088457;0,99517748411643
2022-04-05;"alle";13;13;13;13;13;13;13;13;13;13;13;13;102;102;102;102;102;102;102;102;102;102;102;102;NA;NA;NA;NA;NA;NA;NA;NA;NA;NA;NA
2022-04-04;"0-60";2;2;2;2;2;2;2;2;2;2;2;2;24;24;24;24;24;24;24;24;24;24;24;24;1;1;1;1;1;1;1;1;1;1;1
2022-04-04;"60+";1;1;1;1;1;1;1;1;1;1;1;1;75;75;75;75;75;75;75;75;75;75;75;75;1;1;1;1;1;1;1;1;1;1;1
2022-04-04;"alle";3;3;3;3;3;3;3;3;3;3;3;3;99;99;99;99;99;99;99;99;99;99;99;99;1;1;1;1;1;1;1;1;1;1;1
2022-04-03;"0-60";1;1;1;1;1;1;1;1;1;1;1;1;23;23;23;23;23;23;23;23;23;23;23;23;1;1;1;1;1;1;1;1;1;1;1
2022-04-03;"60+";8;8;8;8;8;8;8;8;8;8;8;8;80;80;80;80;80;80;80;80;80;80;80;80;1;1;1;1;1;1;1;1;1;1;1
2022-04-03;"alle";9;9;9;9;9;9;9;9;9;9;9;9;103;103;103;103;103;103;103;103;103;103;103;103;1;1;1;1;1;1;1;1;1;1;1
2022-04-02;"0-60";2;2;2;2;2;2;2;2;2;2;2;2;27;27;27;27;27;27;27;27;27;27;27;27;1;1;1;1;1;1;1;1;1;1;1
2022-04-02;"60+";11;11;11;11;11;11;11;11;11;11;11;11;85;85;85;85;85;85;85;85;85;85;85;85;1;1;1;1;1;1;1;1;1;1;1
2022-04-02;"alle";13;13;13;13;13;13;13;13;13;13;13;13;112;112;112;112;112;112;112;112;112;112;112;112;1;1;1;1;1;1;1;1;1;1;1
2022-04-01;"0-60";3;3;3;3;3;3;3;3;3;3;3;3;27;27;27;27;27;27;27;27;27;27;27;27;1;1;1;1;1;1;1;1;1;1;1
2022-04-01;"60+";16;16;16;16;16;16;16;16;16;16;16;16;94;94;94;94;94;94;94;94;94;94;94;94;1;1;1;1;1;1;1;1;1;1;1
2022-04-01;"alle";19;19;19;19;19;19;19;19;19;19;19;19;121;121;121;121;121;121;121;121;121;121;121;121;1;1;1;1;1;1;1;1;1;1;1
2022-03-31;"0-60";6;6;6;6;6;6;6;6;6;6;6;6;29;29;29;29;29;29;29;29;29;29;29;29;1;1;1;1;1;1;1;1;1;1;1
2022-03-31;"60+";13;13;13;13;13;13;13;13;13;13;13;13;97;97;97;97;97;97;97;97;97;97;97;97;1;1;1;1;1;1;1;1;1;1;1
2022-03-31;"alle";19;19;19;19;19;19;19;19;19;19;19;19;126;126;126;126;126;126;126;126;126;126;126;126;1;1;1;1;1;1;1;1;1;1;1
2022-03-30;"0-60";8;8;8;8;8;8;8;8;8;8;8;8;27;27;27;27;27;27;27;27;27;27;27;27;1;1;1;1;1;1;1;1;1;1;1
2022-03-30;"60+";18;18;18;18;18;18;18;18;18;18;18;18;112;112;112;112;112;112;112;112;112;112;112;112;1;1;1;1;1;1;1;1;1;1;1
2022-03-30;"alle";26;26;26;26;26;26;26;26;26;26;26;26;139;139;139;139;139;139;139;139;139;139;139;139;1;1;1;1;1;1;1;1;1;1;1
2022-03-29;"0-60";2;2;2;2;2;2;2;2;2;2;2;2;30;30;30;30;30;30;30;30;30;30;30;30;1;1;1;1;1;1;1;1;1;1;1
2022-03-29;"60+";8;8;8;8;8;8;8;8;8;8;8;8;113;113;113;113;113;113;113;113;113;113;113;113;1;1;1;1;1;1;1;1;1;1;1
2022-03-29;"alle";10;10;10;10;10;10;10;10;10;10;10;10;143;143;143;143;143;143;143;143;143;143;143;143;1;1;1;1;1;1;1;1;1;1;1
2022-03-28;"0-60";1;1;1;1;1;1;1;1;1;1;1;1;31;31;31;31;31;31;31;31;31;31;31;31;1;1;1;1;1;1;1;1;1;1;1
2022-03-28;"60+";6;6;6;6;6;6;6;6;6;6;6;6;114;114;114;114;114;114;114;114;114;114;114;114;1;1;1;1;1;1;1;1;1;1;1
2022-03-28;"alle";7;7;7;7;7;7;7;7;7;7;7;7;145;145;145;145;145;145;145;145;145;145;145;145;1;1;1;1;1;1;1;1;1;1;1
2022-03-27;"0-60";5;5;5;5;5;5;5;5;5;5;5;5;32;32;32;32;32;32;32;32;32;32;32;32;1;1;1;1;1;1;1;1;1;1;1
2022-03-27;"60+";13;13;13;13;13;13;13;13;13;13;13;13;110;110;110;110;110;110;110;110;110;110;110;110;1;1;1;1;1;1;1;1;1;1;1
2022-03-27;"alle";18;18;18;18;18;18;18;18;18;18;18;18;142;142;142;142;142;142;142;142;142;142;142;142;1;1;1;1;1;1;1;1;1;1;1
2022-03-26;"0-60";2;2;2;2;2;2;2;2;2;2;2;2;30;30;30;30;30;30;30;30;30;30;30;30;1;1;1;1;1;1;1;1;1;1;1
2022-03-26;"60+";20;20;20;20;20;20;20;20;20;20;20;20;112;112;112;112;112;112;112;112;112;112;112;112;1;1;1;1;1;1;1;1;1;1;1
2022-03-26;"alle";22;22;22;22;22;22;22;22;22;22;22;22;142;142;142;142;142;142;142;142;142;142;142;142;1;1;1;1;1;1;1;1;1;1;1
2022-03-25;"0-60";5;5;5;5;5;5;5;5;5;5;5;5;35;35;35;35;35;35;35;35;35;35;35;35;1;1;1;1;1;1;1;1;1;1;1
2022-03-25;"60+";19;19;19;19;19;19;19;19;19;19;19;19;110;110;110;110;110;110;110;110;110;110;110;110;1;1;1;1;1;1;1;1;1;1;1
2022-03-25;"alle";24;24;24;24;24;24;24;24;24;24;24;24;145;145;145;145;145;145;145;145;145;145;145;145;1;1;1;1;1;1;1;1;1;1;1
2022-03-24;"0-60";4;4;4;4;4;4;4;4;4;4;4;4;41;41;41;41;41;41;41;41;41;41;41;41;1;1;1;1;1;1;1;1;1;1;1
2022-03-24;"60+";28;28;28;28;28;28;28;28;28;28;28;28;109;109;109;109;109;109;109;109;109;109;109;109;1;1;1;1;1;1;1;1;1;1;1
2022-03-24;"alle";32;32;32;32;32;32;32;32;32;32;32;32;150;150;150;150;150;150;150;150;150;150;150;150;1;1;1;1;1;1;1;1;1;1;1
2022-03-23;"0-60";11;11;11;11;11;11;11;11;11;11;11;11;40;40;40;40;40;40;40;40;40;40;40;40;1;1;1;1;1;1;1;1;1;1;1
2022-03-23;"60+";19;19;19;19;19;19;19;19;19;19;19;19;98;98;98;98;98;98;98;98;98;98;98;98;1;1;1;1;1;1;1;1;1;1;1
2022-03-23;"alle";30;30;30;30;30;30;30;30;30;30;30;30;138;138;138;138;138;138;138;138;138;138;138;138;1;1;1;1;1;1;1;1;1;1;1
2022-03-22;"0-60";3;3;3;3;3;3;3;3;3;3;3;3;34;34;34;34;34;34;34;34;34;34;34;34;1;1;1;1;1;1;1;1;1;1;1
2022-03-22;"60+";9;9;9;9;9;9;9;9;9;9;9;9;103;103;103;103;103;103;103;103;103;103;103;103;1;1;1;1;1;1;1;1;1;1;1
2022-03-22;"alle";12;12;12;12;12;12;12;12;12;12;12;12;137;137;137;137;137;137;137;137;137;137;137;137;1;1;1;1;1;1;1;1;1;1;1
2022-03-21;"0-60";2;2;2;2;2;2;2;2;2;2;2;2;36;36;36;36;36;36;36;36;36;36;36;36;1;1;1;1;1;1;1;1;1;1;1
2022-03-21;"60+";2;2;2;2;2;2;2;2;2;2;2;2;104;104;104;104;104;104;104;104;104;104;104;104;1;1;1;1;1;1;1;1;1;1;1
2022-03-21;"alle";4;4;4;4;4;4;4;4;4;4;4;4;140;140;140;140;140;140;140;140;140;140;140;140;1;1;1;1;1;1;1;1;1;1;1
2022-03-20;"0-60";3;3;3;3;3;3;3;3;3;3;3;3;38;38;38;38;38;38;38;38;38;38;38;38;1;1;1;1;1;1;1;1;1;1;1
2022-03-20;"60+";15;15;15;15;15;15;15;15;15;15;15;15;113;113;113;113;113;113;113;113;113;113;113;113;1;1;1;1;1;1;1;1;1;1;1
2022-03-20;"alle";18;18;18;18;18;18;18;18;18;18;18;18;151;151;151;151;151;151;151;151;151;151;151;151;1;1;1;1;1;1;1;1;1;1;1
2022-03-19;"0-60";7;7;7;7;7;7;7;7;7;7;7;7;42;42;42;42;42;42;42;42;42;42;42;42;1;1;1;1;1;1;1;1;1;1;1
2022-03-19;"60+";18;18;18;18;18;18;18;18;18;18;18;18;110;110;110;110;110;110;110;110;110;110;110;110;1;1;1;1;1;1;1;1;1;1;1
2022-03-19;"alle";25;25;25;25;25;25;25;25;25;25;25;25;152;152;152;152;152;152;152;152;152;152;152;152;1;1;1;1;1;1;1;1;1;1;1
2022-03-18;"0-60";11;11;11;11;11;11;11;11;11;11;11;11;38;38;38;38;38;38;38;38;38;38;38;38;1;1;1;1;1;1;1;1;1;1;1
2022-03-18;"60+";18;18;18;18;18;18;18;18;18;18;18;18;109;109;109;109;109;109;109;109;109;109;109;109;1;1;1;1;1;1;1;1;1;1;1
2022-03-18;"alle";29;29;29;29;29;29;29;29;29;29;29;29;147;147;147;147;147;147;147;147;147;147;147;147;NA;NA;NA;NA;NA;NA;NA;NA;NA;NA;NA
2022-03-17;"0-60";3;3;3;3;3;3;3;3;3;3;3;3;36;36;36;36;36;36;36;36;36;36;36;36;1;1;1;1;1;1;1;1;1;1;1
2022-03-17;"60+";17;17;17;17;17;17;17;17;17;17;17;17;109;109;109;109;109;109;109;109;109;109;109;109;1;1;1;1;1;1;1;1;1;1;1
2022-03-17;"alle";20;20;20;20;20;20;20;20;20;20;20;20;145;145;145;145;145;145;145;145;145;145;145;145;NA;NA;NA;NA;NA;NA;NA;NA;NA;NA;NA
2022-03-16;"0-60";5;5;5;5;5;5;5;5;5;5;5;5;37;37;37;37;37;37;37;37;37;37;37;37;1;1;1;1;1;1;1;1;1;1;1
2022-03-16;"60+";24;24;24;24;24;24;24;24;24;24;24;24;110;110;110;110;110;110;110;110;110;110;110;110;1;1;1;1;1;1;1;1;1;1;1
2022-03-16;"alle";29;29;29;29;29;29;29;29;29;29;29;29;147;147;147;147;147;147;147;147;147;147;147;147;NA;NA;NA;NA;NA;NA;NA;NA;NA;NA;NA
2022-03-15;"0-60";5;5;5;5;5;5;5;5;5;5;5;5;40;40;40;40;40;40;40;40;40;40;40;40;1;1;1;1;1;1;1;1;1;1;1
2022-03-15;"60+";10;10;10;10;10;10;10;10;10;10;10;10;105;105;105;105;105;105;105;105;105;105;105;105;1;1;1;1;1;1;1;1;1;1;1
2022-03-15;"alle";15;15;15;15;15;15;15;15;15;15;15;15;145;145;145;145;145;145;145;145;145;145;145;145;NA;NA;NA;NA;NA;NA;NA;NA;NA;NA;NA
2022-03-14;"0-60";4;4;4;4;4;4;4;4;4;4;4;4;35;35;35;35;35;35;35;35;35;35;35;35;1;1;1;1;1;1;1;1;1;1;1
2022-03-14;"60+";11;11;11;11;11;11;11;11;11;11;11;11;100;100;100;100;100;100;100;100;100;100;100;100;1;1;1;1;1;1;1;1;1;1;1
2022-03-14;"alle";15;15;15;15;15;15;15;15;15;15;15;15;135;135;135;135;135;135;135;135;135;135;135;135;NA;NA;NA;NA;NA;NA;NA;NA;NA;NA;NA
2022-03-13;"0-60";7;7;7;7;7;7;7;7;7;7;7;7;33;33;33;33;33;33;33;33;33;33;33;33;1;1;1;1;1;1;1;1;1;1;1
2022-03-13;"60+";12;12;12;12;12;12;12;12;12;12;12;12;89;89;89;89;89;89;89;89;89;89;89;89;1;1;1;1;1;1;1;1;1;1;1
2022-03-13;"alle";19;19;19;19;19;19;19;19;19;19;19;19;122;122;122;122;122;122;122;122;122;122;122;122;NA;NA;NA;NA;NA;NA;NA;NA;NA;NA;NA
2022-03-12;"0-60";3;3;3;3;3;3;3;3;3;3;3;3;27;27;27;27;27;27;27;27;27;27;27;27;1;1;1;1;1;1;1;1;1;1;1
2022-03-12;"60+";17;17;17;17;17;17;17;17;17;17;17;17;83;83;83;83;83;83;83;83;83;83;83;83;1;1;1;1;1;1;1;1;1;1;1
2022-03-12;"alle";20;20;20;20;20;20;20;20;20;20;20;20;110;110;110;110;110;110;110;110;110;110;110;110;NA;NA;NA;NA;NA;NA;NA;NA;NA;NA;NA
2022-03-11;"0-60";9;9;9;9;9;9;9;9;9;9;9;9;27;27;27;27;27;27;27;27;27;27;27;27;1;1;1;1;1;1;1;1;1;1;1
2022-03-11;"60+";18;18;18;18;18;18;18;18;18;18;18;18;76;76;76;76;76;76;76;76;76;76;76;76;1;1;1;1;1;1;1;1;1;1;1
2022-03-11;"alle";27;27;27;27;27;27;27;27;27;27;27;27;103;103;103;103;103;103;103;103;103;103;103;103;NA;NA;NA;NA;NA;NA;NA;NA;NA;NA;NA
2022-03-10;"0-60";4;4;4;4;4;4;4;4;4;4;4;4;19;19;19;19;19;19;19;19;19;19;19;19;1;1;1;1;1;1;1;1;1;1;1
2022-03-10;"60+";18;18;18;18;18;18;18;18;18;18;18;18;65;65;65;65;65;65;65;65;65;65;65;65;1;1;1;1;1;1;1;1;1;1;1
2022-03-10;"alle";22;22;22;22;22;22;22;22;22;22;22;22;84;84;84;84;84;84;84;84;84;84;84;84;NA;NA;NA;NA;NA;NA;NA;NA;NA;NA;NA
2022-03-09;"0-60";8;8;8;8;8;8;8;8;8;8;8;8;18;18;18;18;18;18;18;18;18;18;18;18;1;1;1;1;1;1;1;1;1;1;1
2022-03-09;"60+";19;19;19;19;19;19;19;19;19;19;19;19;54;54;54;54;54;54;54;54;54;54;54;54;1;1;1;1;1;1;1;1;1;1;1
2022-03-09;"alle";27;27;27;27;27;27;27;27;27;27;27;27;72;72;72;72;72;72;72;72;72;72;72;72;NA;NA;NA;NA;NA;NA;NA;NA;NA;NA;NA
2022-03-08;"0-60";0;0;0;0;0;0;0;0;0;0;0;0;19;19;19;19;19;19;19;19;19;19;19;19;1;1;1;1;1;1;1;1;1;1;1
2022-03-08;"60+";5;5;5;5;5;5;5;5;5;5;5;5;43;43;43;43;43;43;43;43;43;43;43;43;1;1;1;1;1;1;1;1;1;1;1
2022-03-08;"alle";5;5;5;5;5;5;5;5;5;5;5;5;62;62;62;62;62;62;62;62;62;62;62;62;NA;NA;NA;NA;NA;NA;NA;NA;NA;NA;NA
2022-03-07;"0-60";2;2;2;2;2;2;2;2;2;2;2;2;19;19;19;19;19;19;19;19;19;19;19;19;1;1;1;1;1;1;1;1;1;1;1
2022-03-07;"60+";0;0;0;0;0;0;0;0;0;0;0;0;41;41;41;41;41;41;41;41;41;41;41;41;1;1;1;1;1;1;1;1;1;1;1
2022-03-07;"alle";2;2;2;2;2;2;2;2;2;2;2;2;60;60;60;60;60;60;60;60;60;60;60;60;NA;NA;NA;NA;NA;NA;NA;NA;NA;NA;NA
2022-03-06;"0-60";1;1;1;1;1;1;1;1;1;1;1;1;17;17;17;17;17;17;17;17;17;17;17;17;1;1;1;1;1;1;1;1;1;1;1
2022-03-06;"60+";6;6;6;6;6;6;6;6;6;6;6;6;43;43;43;43;43;43;43;43;43;43;43;43;1;1;1;1;1;1;1;1;1;1;1
2022-03-06;"alle";7;7;7;7;7;7;7;7;7;7;7;7;60;60;60;60;60;60;60;60;60;60;60;60;NA;NA;NA;NA;NA;NA;NA;NA;NA;NA;NA
2022-03-05;"0-60";3;3;3;3;3;3;3;3;3;3;3;3;16;16;16;16;16;16;16;16;16;16;16;16;1;1;1;1;1;1;1;1;1;1;1
2022-03-05;"60+";10;10;10;10;10;10;10;10;10;10;10;10;42;42;42;42;42;42;42;42;42;42;42;42;1;1;1;1;1;1;1;1;1;1;1
2022-03-05;"alle";13;13;13;13;13;13;13;13;13;13;13;13;58;58;58;58;58;58;58;58;58;58;58;58;NA;NA;NA;NA;NA;NA;NA;NA;NA;NA;NA
2022-03-04;"0-60";1;1;1;1;1;1;1;1;1;1;1;1;14;14;14;14;14;14;14;14;14;14;14;14;1;1;1;1;1;1;1;1;1;1;1
2022-03-04;"60+";7;7;7;7;7;7;7;7;7;7;7;7;36;36;36;36;36;36;36;36;36;36;36;36;1;1;1;1;1;1;1;1;1;1;1
2022-03-04;"alle";8;8;8;8;8;8;8;8;8;8;8;8;50;50;50;50;50;50;50;50;50;50;50;50;NA;NA;NA;NA;NA;NA;NA;NA;NA;NA;NA
2022-03-03;"0-60";3;3;3;3;3;3;3;3;3;3;3;3;16;16;16;16;16;16;16;16;16;16;16;16;1;1;1;1;1;1;1;1;1;1;1
2022-03-03;"60+";7;7;7;7;7;7;7;7;7;7;7;7;32;32;32;32;32;32;32;32;32;32;32;32;1;1;1;1;1;1;1;1;1;1;1
2022-03-03;"alle";10;10;10;10;10;10;10;10;10;10;10;10;48;48;48;48;48;48;48;48;48;48;48;48;NA;NA;NA;NA;NA;NA;NA;NA;NA;NA;NA
2022-03-02;"0-60";9;9;9;9;9;9;9;9;9;9;9;9;14;14;14;14;14;14;14;14;14;14;14;14;1;1;1;1;1;1;1;1;1;1;1
2022-03-02;"60+";8;8;8;8;8;8;8;8;8;8;8;8;31;31;31;31;31;31;31;31;31;31;31;31;1;1;1;1;1;1;1;1;1;1;1
2022-03-02;"alle";17;17;17;17;17;17;17;17;17;17;17;17;45;45;45;45;45;45;45;45;45;45;45;45;NA;NA;NA;NA;NA;NA;NA;NA;NA;NA;NA
2022-03-01;"0-60";0;0;0;0;0;0;0;0;0;0;0;0;6;6;6;6;6;6;6;6;6;6;6;6;1;1;1;1;1;1;1;1;1;1;1
2022-03-01;"60+";3;3;3;3;3;3;3;3;3;3;3;3;29;29;29;29;29;29;29;29;29;29;29;29;1;1;1;1;1;1;1;1;1;1;1
2022-03-01;"alle";3;3;3;3;3;3;3;3;3;3;3;3;35;35;35;35;35;35;35;35;35;35;35;35;NA;NA;NA;NA;NA;NA;NA;NA;NA;NA;NA
2022-02-28;"0-60";0;0;0;0;0;0;0;0;0;0;0;0;8;8;8;8;8;8;8;8;8;8;8;8;1;1;1;1;1;1;1;1;1;1;1
2022-02-28;"60+";2;2;2;2;2;2;2;2;2;2;2;2;29;29;29;29;29;29;29;29;29;29;29;29;1;1;1;1;1;1;1;1;1;1;1
2022-02-28;"alle";2;2;2;2;2;2;2;2;2;2;2;2;37;37;37;37;37;37;37;37;37;37;37;37;NA;NA;NA;NA;NA;NA;NA;NA;NA;NA;NA
2022-02-27;"0-60";0;0;0;0;0;0;0;0;0;0;0;0;9;9;9;9;9;9;9;9;9;9;9;9;1;1;1;1;1;1;1;1;1;1;1
2022-02-27;"60+";5;5;5;5;5;5;5;5;5;5;5;5;29;29;29;29;29;29;29;29;29;29;29;29;1;1;1;1;1;1;1;1;1;1;1
2022-02-27;"alle";5;5;5;5;5;5;5;5;5;5;5;5;38;38;38;38;38;38;38;38;38;38;38;38;NA;NA;NA;NA;NA;NA;NA;NA;NA;NA;NA
2022-02-26;"0-60";1;1;1;1;1;1;1;1;1;1;1;1;11;11;11;11;11;11;11;11;11;11;11;11;1;1;1;1;1;1;1;1;1;1;1
2022-02-26;"60+";4;4;4;4;4;4;4;4;4;4;4;4;29;29;29;29;29;29;29;29;29;29;29;29;1;1;1;1;1;1;1;1;1;1;1
2022-02-26;"alle";5;5;5;5;5;5;5;5;5;5;5;5;40;40;40;40;40;40;40;40;40;40;40;40;NA;NA;NA;NA;NA;NA;NA;NA;NA;NA;NA
2022-02-25;"0-60";3;3;3;3;3;3;3;3;3;3;3;3;12;12;12;12;12;12;12;12;12;12;12;12;1;1;1;1;1;1;1;1;1;1;1
2022-02-25;"60+";3;3;3;3;3;3;3;3;3;3;3;3;34;34;34;34;34;34;34;34;34;34;34;34;1;1;1;1;1;1;1;1;1;1;1
2022-02-25;"alle";6;6;6;6;6;6;6;6;6;6;6;6;46;46;46;46;46;46;46;46;46;46;46;46;NA;NA;NA;NA;NA;NA;NA;NA;NA;NA;NA
2022-02-24;"0-60";1;1;1;1;1;1;1;1;1;1;1;1;14;14;14;14;14;14;14;14;14;14;14;14;1;1;1;1;1;1;1;1;1;1;1
2022-02-24;"60+";6;6;6;6;6;6;6;6;6;6;6;6;37;37;37;37;37;37;37;37;37;37;37;37;1;1;1;1;1;1;1;1;1;1;1
2022-02-24;"alle";7;7;7;7;7;7;7;7;7;7;7;7;51;51;51;51;51;51;51;51;51;51;51;51;NA;NA;NA;NA;NA;NA;NA;NA;NA;NA;NA
2022-02-23;"0-60";1;1;1;1;1;1;1;1;1;1;1;1;24;24;24;24;24;24;24;24;24;24;24;24;1;1;1;1;1;1;1;1;1;1;1
2022-02-23;"60+";6;6;6;6;6;6;6;6;6;6;6;6;42;42;42;42;42;42;42;42;42;42;42;42;1;1;1;1;1;1;1;1;1;1;1
2022-02-23;"alle";7;7;7;7;7;7;7;7;7;7;7;7;66;66;66;66;66;66;66;66;66;66;66;66;NA;NA;NA;NA;NA;NA;NA;NA;NA;NA;NA
2022-02-22;"0-60";2;2;2;2;2;2;2;2;2;2;2;2;24;24;24;24;24;24;24;24;24;24;24;24;1;1;1;1;1;1;1;1;1;1;1
2022-02-22;"60+";3;3;3;3;3;3;3;3;3;3;3;3;54;54;54;54;54;54;54;54;54;54;54;54;1;1;1;1;1;1;1;1;1;1;1
2022-02-22;"alle";5;5;5;5;5;5;5;5;5;5;5;5;78;78;78;78;78;78;78;78;78;78;78;78;NA;NA;NA;NA;NA;NA;NA;NA;NA;NA;NA
2022-02-21;"0-60";1;1;1;1;1;1;1;1;1;1;1;1;27;27;27;27;27;27;27;27;27;27;27;27;1;1;1;1;1;1;1;1;1;1;1
2022-02-21;"60+";2;2;2;2;2;2;2;2;2;2;2;2;55;55;55;55;55;55;55;55;55;55;55;55;1;1;1;1;1;1;1;1;1;1;1
2022-02-21;"alle";3;3;3;3;3;3;3;3;3;3;3;3;82;82;82;82;82;82;82;82;82;82;82;82;NA;NA;NA;NA;NA;NA;NA;NA;NA;NA;NA
2022-02-20;"0-60";2;2;2;2;2;2;2;2;2;2;2;2;28;28;28;28;28;28;28;28;28;28;28;28;1;1;1;1;1;1;1;1;1;1;1
2022-02-20;"60+";5;5;5;5;5;5;5;5;5;5;5;5;57;57;57;57;57;57;57;57;57;57;57;57;1;1;1;1;1;1;1;1;1;1;1
2022-02-20;"alle";7;7;7;7;7;7;7;7;7;7;7;7;85;85;85;85;85;85;85;85;85;85;85;85;NA;NA;NA;NA;NA;NA;NA;NA;NA;NA;NA
2022-02-19;"0-60";2;2;2;2;2;2;2;2;2;2;2;2;27;27;27;27;27;27;27;27;27;27;27;27;1;1;1;1;1;1;1;1;1;1;1
2022-02-19;"60+";9;9;9;9;9;9;9;9;9;9;9;9;59;59;59;59;59;59;59;59;59;59;59;59;1;1;1;1;1;1;1;1;1;1;1
2022-02-19;"alle";11;11;11;11;11;11;11;11;11;11;11;11;86;86;86;86;86;86;86;86;86;86;86;86;NA;NA;NA;NA;NA;NA;NA;NA;NA;NA;NA
2022-02-18;"0-60";5;5;5;5;5;5;5;5;5;5;5;5;29;29;29;29;29;29;29;29;29;29;29;29;1;1;1;1;1;1;1;1;1;1;1
2022-02-18;"60+";6;6;6;6;6;6;6;6;6;6;6;6;60;60;60;60;60;60;60;60;60;60;60;60;1;1;1;1;1;1;1;1;1;1;1
2022-02-18;"alle";11;11;11;11;11;11;11;11;11;11;11;11;89;89;89;89;89;89;89;89;89;89;89;89;NA;NA;NA;NA;NA;NA;NA;NA;NA;NA;NA
2022-02-17;"0-60";11;11;11;11;11;11;11;11;11;11;11;11;29;29;29;29;29;29;29;29;29;29;29;29;1;1;1;1;1;1;1;1;1;1;1
2022-02-17;"60+";11;11;11;11;11;11;11;11;11;11;11;11;59;59;59;59;59;59;59;59;59;59;59;59;1;1;1;1;1;1;1;1;1;1;1
2022-02-17;"alle";22;22;22;22;22;22;22;22;22;22;22;22;88;88;88;88;88;88;88;88;88;88;88;88;NA;NA;NA;NA;NA;NA;NA;NA;NA;NA;NA
2022-02-16;"0-60";1;1;1;1;1;1;1;1;1;1;1;1;19;19;19;19;19;19;19;19;19;19;19;19;1;1;1;1;1;1;1;1;1;1;1
2022-02-16;"60+";18;18;18;18;18;18;18;18;18;18;18;18;53;53;53;53;53;53;53;53;53;53;53;53;1;1;1;1;1;1;1;1;1;1;1
2022-02-16;"alle";19;19;19;19;19;19;19;19;19;19;19;19;72;72;72;72;72;72;72;72;72;72;72;72;NA;NA;NA;NA;NA;NA;NA;NA;NA;NA;NA
2022-02-15;"0-60";5;5;5;5;5;5;5;5;5;5;5;5;22;22;22;22;22;22;22;22;22;22;22;22;1;1;1;1;1;1;1;1;1;1;1
2022-02-15;"60+";4;4;4;4;4;4;4;4;4;4;4;4;41;41;41;41;41;41;41;41;41;41;41;41;1;1;1;1;1;1;1;1;1;1;1
2022-02-15;"alle";9;9;9;9;9;9;9;9;9;9;9;9;63;63;63;63;63;63;63;63;63;63;63;63;NA;NA;NA;NA;NA;NA;NA;NA;NA;NA;NA
2022-02-14;"0-60";2;2;2;2;2;2;2;2;2;2;2;2;24;24;24;24;24;24;24;24;24;24;24;24;1;1;1;1;1;1;1;1;1;1;1
2022-02-14;"60+";4;4;4;4;4;4;4;4;4;4;4;4;43;43;43;43;43;43;43;43;43;43;43;43;1;1;1;1;1;1;1;1;1;1;1
2022-02-14;"alle";6;6;6;6;6;6;6;6;6;6;6;6;67;67;67;67;67;67;67;67;67;67;67;67;NA;NA;NA;NA;NA;NA;NA;NA;NA;NA;NA
2022-02-13;"0-60";1;1;1;1;1;1;1;1;1;1;1;1;23;23;23;23;23;23;23;23;23;23;23;23;1;1;1;1;1;1;1;1;1;1;1
2022-02-13;"60+";7;7;7;7;7;7;7;7;7;7;7;7;41;41;41;41;41;41;41;41;41;41;41;41;1;1;1;1;1;1;1;1;1;1;1
2022-02-13;"alle";8;8;8;8;8;8;8;8;8;8;8;8;64;64;64;64;64;64;64;64;64;64;64;64;NA;NA;NA;NA;NA;NA;NA;NA;NA;NA;NA
2022-02-12;"0-60";4;4;4;4;4;4;4;4;4;4;4;4;26;26;26;26;26;26;26;26;26;26;26;26;1;1;1;1;1;1;1;1;1;1;1
2022-02-12;"60+";10;10;10;10;10;10;10;10;10;10;10;10;40;40;40;40;40;40;40;40;40;40;40;40;1;1;1;1;1;1;1;1;1;1;1
2022-02-12;"alle";14;14;14;14;14;14;14;14;14;14;14;14;66;66;66;66;66;66;66;66;66;66;66;66;NA;NA;NA;NA;NA;NA;NA;NA;NA;NA;NA
2022-02-11;"0-60";5;5;5;5;5;5;5;5;5;5;5;5;28;28;28;28;28;28;28;28;28;28;28;28;1;1;1;1;1;1;1;1;1;1;1
2022-02-11;"60+";5;5;5;5;5;5;5;5;5;5;5;5;34;34;34;34;34;34;34;34;34;34;34;34;1;1;1;1;1;1;1;1;1;1;1
2022-02-11;"alle";10;10;10;10;10;10;10;10;10;10;10;10;62;62;62;62;62;62;62;62;62;62;62;62;NA;NA;NA;NA;NA;NA;NA;NA;NA;NA;NA
2022-02-10;"0-60";1;1;1;1;1;1;1;1;1;1;1;1;29;29;29;29;29;29;29;29;29;29;29;29;1;1;1;1;1;1;1;1;1;1;1
2022-02-10;"60+";5;5;5;5;5;5;5;5;5;5;5;5;39;39;39;39;39;39;39;39;39;39;39;39;1;1;1;1;1;1;1;1;1;1;1
2022-02-10;"alle";6;6;6;6;6;6;6;6;6;6;6;6;68;68;68;68;68;68;68;68;68;68;68;68;NA;NA;NA;NA;NA;NA;NA;NA;NA;NA;NA
2022-02-09;"0-60";4;4;4;4;4;4;4;4;4;4;4;4;38;38;38;38;38;38;38;38;38;38;38;38;1;1;1;1;1;1;1;1;1;1;1
2022-02-09;"60+";6;6;6;6;6;6;6;6;6;6;6;6;38;38;38;38;38;38;38;38;38;38;38;38;1;1;1;1;1;1;1;1;1;1;1
2022-02-09;"alle";10;10;10;10;10;10;10;10;10;10;10;10;76;76;76;76;76;76;76;76;76;76;76;76;NA;NA;NA;NA;NA;NA;NA;NA;NA;NA;NA
2022-02-08;"0-60";7;7;7;7;7;7;7;7;7;7;7;7;42;42;42;42;42;42;42;42;42;42;42;42;1;1;1;1;1;1;1;1;1;1;1
2022-02-08;"60+";6;6;6;6;6;6;6;6;6;6;6;6;40;40;40;40;40;40;40;40;40;40;40;40;1;1;1;1;1;1;1;1;1;1;1
2022-02-08;"alle";13;13;13;13;13;13;13;13;13;13;13;13;82;82;82;82;82;82;82;82;82;82;82;82;NA;NA;NA;NA;NA;NA;NA;NA;NA;NA;NA
2022-02-07;"0-60";1;1;1;1;1;1;1;1;1;1;1;1;41;41;41;41;41;41;41;41;41;41;41;41;1;1;1;1;1;1;1;1;1;1;1
2022-02-07;"60+";2;2;2;2;2;2;2;2;2;2;2;2;37;37;37;37;37;37;37;37;37;37;37;37;1;1;1;1;1;1;1;1;1;1;1
2022-02-07;"alle";3;3;3;3;3;3;3;3;3;3;3;3;78;78;78;78;78;78;78;78;78;78;78;78;NA;NA;NA;NA;NA;NA;NA;NA;NA;NA;NA
2022-02-06;"0-60";4;4;4;4;4;4;4;4;4;4;4;4;42;42;42;42;42;42;42;42;42;42;42;42;1;1;1;1;1;1;1;1;1;1;1
2022-02-06;"60+";6;6;6;6;6;6;6;6;6;6;6;6;37;37;37;37;37;37;37;37;37;37;37;37;1;1;1;1;1;1;1;1;1;1;1
2022-02-06;"alle";10;10;10;10;10;10;10;10;10;10;10;10;79;79;79;79;79;79;79;79;79;79;79;79;NA;NA;NA;NA;NA;NA;NA;NA;NA;NA;NA
2022-02-05;"0-60";6;6;6;6;6;6;6;6;6;6;6;6;41;41;41;41;41;41;41;41;41;41;41;41;1;1;1;1;1;1;1;1;1;1;1
2022-02-05;"60+";4;4;4;4;4;4;4;4;4;4;4;4;33;33;33;33;33;33;33;33;33;33;33;33;1;1;1;1;1;1;1;1;1;1;1
2022-02-05;"alle";10;10;10;10;10;10;10;10;10;10;10;10;74;74;74;74;74;74;74;74;74;74;74;74;NA;NA;NA;NA;NA;NA;NA;NA;NA;NA;NA
2022-02-04;"0-60";6;6;6;6;6;6;6;6;6;6;6;6;44;44;44;44;44;44;44;44;44;44;44;44;1;1;1;1;1;1;1;1;1;1;1
2022-02-04;"60+";10;10;10;10;10;10;10;10;10;10;10;10;36;36;36;36;36;36;36;36;36;36;36;36;1;1;1;1;1;1;1;1;1;1;1
2022-02-04;"alle";16;16;16;16;16;16;16;16;16;16;16;16;80;80;80;80;80;80;80;80;80;80;80;80;NA;NA;NA;NA;NA;NA;NA;NA;NA;NA;NA
2022-02-03;"0-60";10;10;10;10;10;10;10;10;10;10;10;10;42;42;42;42;42;42;42;42;42;42;42;42;1;1;1;1;1;1;1;1;1;1;1
2022-02-03;"60+";4;4;4;4;4;4;4;4;4;4;4;4;31;31;31;31;31;31;31;31;31;31;31;31;1;1;1;1;1;1;1;1;1;1;1
2022-02-03;"alle";14;14;14;14;14;14;14;14;14;14;14;14;73;73;73;73;73;73;73;73;73;73;73;73;NA;NA;NA;NA;NA;NA;NA;NA;NA;NA;NA
2022-02-02;"0-60";8;8;8;8;8;8;8;8;8;8;8;8;36;36;36;36;36;36;36;36;36;36;36;36;1;1;1;1;1;1;1;1;1;1;1
2022-02-02;"60+";8;8;8;8;8;8;8;8;8;8;8;8;30;30;30;30;30;30;30;30;30;30;30;30;1;1;1;1;1;1;1;1;1;1;1
2022-02-02;"alle";16;16;16;16;16;16;16;16;16;16;16;16;66;66;66;66;66;66;66;66;66;66;66;66;NA;NA;NA;NA;NA;NA;NA;NA;NA;NA;NA
2022-02-01;"0-60";6;6;6;6;6;6;6;6;6;6;6;6;32;32;32;32;32;32;32;32;32;32;32;32;1;1;1;1;1;1;1;1;1;1;1
2022-02-01;"60+";3;3;3;3;3;3;3;3;3;3;3;3;31;31;31;31;31;31;31;31;31;31;31;31;1;1;1;1;1;1;1;1;1;1;1
2022-02-01;"alle";9;9;9;9;9;9;9;9;9;9;9;9;63;63;63;63;63;63;63;63;63;63;63;63;NA;NA;NA;NA;NA;NA;NA;NA;NA;NA;NA
2022-01-31;"0-60";2;2;2;2;2;2;2;2;2;2;2;2;26;26;26;26;26;26;26;26;26;26;26;26;1;1;1;1;1;1;1;1;1;1;1
2022-01-31;"60+";2;2;2;2;2;2;2;2;2;2;2;2;31;31;31;31;31;31;31;31;31;31;31;31;1;1;1;1;1;1;1;1;1;1;1
2022-01-31;"alle";4;4;4;4;4;4;4;4;4;4;4;4;57;57;57;57;57;57;57;57;57;57;57;57;NA;NA;NA;NA;NA;NA;NA;NA;NA;NA;NA
2022-01-30;"0-60";3;3;3;3;3;3;3;3;3;3;3;3;25;25;25;25;25;25;25;25;25;25;25;25;1;1;1;1;1;1;1;1;1;1;1
2022-01-30;"60+";2;2;2;2;2;2;2;2;2;2;2;2;30;30;30;30;30;30;30;30;30;30;30;30;1;1;1;1;1;1;1;1;1;1;1
2022-01-30;"alle";5;5;5;5;5;5;5;5;5;5;5;5;55;55;55;55;55;55;55;55;55;55;55;55;NA;NA;NA;NA;NA;NA;NA;NA;NA;NA;NA
2022-01-29;"0-60";9;9;9;9;9;9;9;9;9;9;9;9;24;24;24;24;24;24;24;24;24;24;24;24;1;1;1;1;1;1;1;1;1;1;1
2022-01-29;"60+";7;7;7;7;7;7;7;7;7;7;7;7;30;30;30;30;30;30;30;30;30;30;30;30;1;1;1;1;1;1;1;1;1;1;1
2022-01-29;"alle";16;16;16;16;16;16;16;16;16;16;16;16;54;54;54;54;54;54;54;54;54;54;54;54;NA;NA;NA;NA;NA;NA;NA;NA;NA;NA;NA
2022-01-28;"0-60";4;4;4;4;4;4;4;4;4;4;4;4;18;18;18;18;18;18;18;18;18;18;18;18;1;1;1;1;1;1;1;1;1;1;1
2022-01-28;"60+";5;5;5;5;5;5;5;5;5;5;5;5;31;31;31;31;31;31;31;31;31;31;31;31;1;1;1;1;1;1;1;1;1;1;1
2022-01-28;"alle";9;9;9;9;9;9;9;9;9;9;9;9;49;49;49;49;49;49;49;49;49;49;49;49;NA;NA;NA;NA;NA;NA;NA;NA;NA;NA;NA
2022-01-27;"0-60";4;4;4;4;4;4;4;4;4;4;4;4;19;19;19;19;19;19;19;19;19;19;19;19;1;1;1;1;1;1;1;1;1;1;1
2022-01-27;"60+";3;3;3;3;3;3;3;3;3;3;3;3;30;30;30;30;30;30;30;30;30;30;30;30;1;1;1;1;1;1;1;1;1;1;1
2022-01-27;"alle";7;7;7;7;7;7;7;7;7;7;7;7;49;49;49;49;49;49;49;49;49;49;49;49;NA;NA;NA;NA;NA;NA;NA;NA;NA;NA;NA
2022-01-26;"0-60";4;4;4;4;4;4;4;4;4;4;4;4;17;17;17;17;17;17;17;17;17;17;17;17;1;1;1;1;1;1;1;1;1;1;1
2022-01-26;"60+";9;9;9;9;9;9;9;9;9;9;9;9;28;28;28;28;28;28;28;28;28;28;28;28;1;1;1;1;1;1;1;1;1;1;1
2022-01-26;"alle";13;13;13;13;13;13;13;13;13;13;13;13;45;45;45;45;45;45;45;45;45;45;45;45;NA;NA;NA;NA;NA;NA;NA;NA;NA;NA;NA
2022-01-25;"0-60";0;0;0;0;0;0;0;0;0;0;0;0;14;14;14;14;14;14;14;14;14;14;14;14;1;1;1;1;1;1;1;1;1;1;1
2022-01-25;"60+";3;3;3;3;3;3;3;3;3;3;3;3;24;24;24;24;24;24;24;24;24;24;24;24;1;1;1;1;1;1;1;1;1;1;1
2022-01-25;"alle";3;3;3;3;3;3;3;3;3;3;3;3;38;38;38;38;38;38;38;38;38;38;38;38;NA;NA;NA;NA;NA;NA;NA;NA;NA;NA;NA
2022-01-24;"0-60";1;1;1;1;1;1;1;1;1;1;1;1;18;18;18;18;18;18;18;18;18;18;18;18;1;1;1;1;1;1;1;1;1;1;1
2022-01-24;"60+";1;1;1;1;1;1;1;1;1;1;1;1;23;23;23;23;23;23;23;23;23;23;23;23;1;1;1;1;1;1;1;1;1;1;1
2022-01-24;"alle";2;2;2;2;2;2;2;2;2;2;2;2;41;41;41;41;41;41;41;41;41;41;41;41;NA;NA;NA;NA;NA;NA;NA;NA;NA;NA;NA
2022-01-23;"0-60";2;2;2;2;2;2;2;2;2;2;2;2;17;17;17;17;17;17;17;17;17;17;17;17;1;1;1;1;1;1;1;1;1;1;1
2022-01-23;"60+";2;2;2;2;2;2;2;2;2;2;2;2;24;24;24;24;24;24;24;24;24;24;24;24;1;1;1;1;1;1;1;1;1;1;1
2022-01-23;"alle";4;4;4;4;4;4;4;4;4;4;4;4;41;41;41;41;41;41;41;41;41;41;41;41;NA;NA;NA;NA;NA;NA;NA;NA;NA;NA;NA
2022-01-22;"0-60";3;3;3;3;3;3;3;3;3;3;3;3;16;16;16;16;16;16;16;16;16;16;16;16;1;1;1;1;1;1;1;1;1;1;1
2022-01-22;"60+";8;8;8;8;8;8;8;8;8;8;8;8;23;23;23;23;23;23;23;23;23;23;23;23;1;1;1;1;1;1;1;1;1;1;1
2022-01-22;"alle";11;11;11;11;11;11;11;11;11;11;11;11;39;39;39;39;39;39;39;39;39;39;39;39;NA;NA;NA;NA;NA;NA;NA;NA;NA;NA;NA
2022-01-21;"0-60";5;5;5;5;5;5;5;5;5;5;5;5;15;15;15;15;15;15;15;15;15;15;15;15;1;1;1;1;1;1;1;1;1;1;1
2022-01-21;"60+";4;4;4;4;4;4;4;4;4;4;4;4;21;21;21;21;21;21;21;21;21;21;21;21;1;1;1;1;1;1;1;1;1;1;1
2022-01-21;"alle";9;9;9;9;9;9;9;9;9;9;9;9;36;36;36;36;36;36;36;36;36;36;36;36;NA;NA;NA;NA;NA;NA;NA;NA;NA;NA;NA
2022-01-20;"0-60";2;2;2;2;2;2;2;2;2;2;2;2;12;12;12;12;12;12;12;12;12;12;12;12;1;1;1;1;1;1;1;1;1;1;1
2022-01-20;"60+";1;1;1;1;1;1;1;1;1;1;1;1;20;20;20;20;20;20;20;20;20;20;20;20;1;1;1;1;1;1;1;1;1;1;1
2022-01-20;"alle";3;3;3;3;3;3;3;3;3;3;3;3;32;32;32;32;32;32;32;32;32;32;32;32;NA;NA;NA;NA;NA;NA;NA;NA;NA;NA;NA
2022-01-19;"0-60";1;1;1;1;1;1;1;1;1;1;1;1;12;12;12;12;12;12;12;12;12;12;12;12;1;1;1;1;1;1;1;1;1;1;1
2022-01-19;"60+";5;5;5;5;5;5;5;5;5;5;5;5;20;20;20;20;20;20;20;20;20;20;20;20;1;1;1;1;1;1;1;1;1;1;1
2022-01-19;"alle";6;6;6;6;6;6;6;6;6;6;6;6;32;32;32;32;32;32;32;32;32;32;32;32;NA;NA;NA;NA;NA;NA;NA;NA;NA;NA;NA
2022-01-18;"0-60";4;4;4;4;4;4;4;4;4;4;4;4;15;15;15;15;15;15;15;15;15;15;15;15;1;1;1;1;1;1;1;1;1;1;1
2022-01-18;"60+";2;2;2;2;2;2;2;2;2;2;2;2;19;19;19;19;19;19;19;19;19;19;19;19;1;1;1;1;1;1;1;1;1;1;1
2022-01-18;"alle";6;6;6;6;6;6;6;6;6;6;6;6;34;34;34;34;34;34;34;34;34;34;34;34;NA;NA;NA;NA;NA;NA;NA;NA;NA;NA;NA
2022-01-17;"0-60";0;0;0;0;0;0;0;0;0;0;0;0;14;14;14;14;14;14;14;14;14;14;14;14;1;1;1;1;1;1;1;1;1;1;1
2022-01-17;"60+";2;2;2;2;2;2;2;2;2;2;2;2;20;20;20;20;20;20;20;20;20;20;20;20;1;1;1;1;1;1;1;1;1;1;1
2022-01-17;"alle";2;2;2;2;2;2;2;2;2;2;2;2;34;34;34;34;34;34;34;34;34;34;34;34;NA;NA;NA;NA;NA;NA;NA;NA;NA;NA;NA
2022-01-16;"0-60";1;1;1;1;1;1;1;1;1;1;1;1;15;15;15;15;15;15;15;15;15;15;15;15;1;1;1;1;1;1;1;1;1;1;1
2022-01-16;"60+";1;1;1;1;1;1;1;1;1;1;1;1;20;20;20;20;20;20;20;20;20;20;20;20;1;1;1;1;1;1;1;1;1;1;1
2022-01-16;"alle";2;2;2;2;2;2;2;2;2;2;2;2;35;35;35;35;35;35;35;35;35;35;35;35;NA;NA;NA;NA;NA;NA;NA;NA;NA;NA;NA
2022-01-15;"0-60";2;2;2;2;2;2;2;2;2;2;2;2;17;17;17;17;17;17;17;17;17;17;17;17;1;1;1;1;1;1;1;1;1;1;1
2022-01-15;"60+";6;6;6;6;6;6;6;6;6;6;6;6;19;19;19;19;19;19;19;19;19;19;19;19;1;1;1;1;1;1;1;1;1;1;1
2022-01-15;"alle";8;8;8;8;8;8;8;8;8;8;8;8;36;36;36;36;36;36;36;36;36;36;36;36;NA;NA;NA;NA;NA;NA;NA;NA;NA;NA;NA
2022-01-14;"0-60";2;2;2;2;2;2;2;2;2;2;2;2;16;16;16;16;16;16;16;16;16;16;16;16;1;1;1;1;1;1;1;1;1;1;1
2022-01-14;"60+";3;3;3;3;3;3;3;3;3;3;3;3;18;18;18;18;18;18;18;18;18;18;18;18;1;1;1;1;1;1;1;1;1;1;1
2022-01-14;"alle";5;5;5;5;5;5;5;5;5;5;5;5;34;34;34;34;34;34;34;34;34;34;34;34;NA;NA;NA;NA;NA;NA;NA;NA;NA;NA;NA
2022-01-13;"0-60";2;2;2;2;2;2;2;2;2;2;2;2;17;17;17;17;17;17;17;17;17;17;17;17;1;1;1;1;1;1;1;1;1;1;1
2022-01-13;"60+";1;1;1;1;1;1;1;1;1;1;1;1;18;18;18;18;18;18;18;18;18;18;18;18;1;1;1;1;1;1;1;1;1;1;1
2022-01-13;"alle";3;3;3;3;3;3;3;3;3;3;3;3;35;35;35;35;35;35;35;35;35;35;35;35;NA;NA;NA;NA;NA;NA;NA;NA;NA;NA;NA
2022-01-12;"0-60";4;4;4;4;4;4;4;4;4;4;4;4;20;20;20;20;20;20;20;20;20;20;20;20;1;1;1;1;1;1;1;1;1;1;1
2022-01-12;"60+";4;4;4;4;4;4;4;4;4;4;4;4;18;18;18;18;18;18;18;18;18;18;18;18;1;1;1;1;1;1;1;1;1;1;1
2022-01-12;"alle";8;8;8;8;8;8;8;8;8;8;8;8;38;38;38;38;38;38;38;38;38;38;38;38;NA;NA;NA;NA;NA;NA;NA;NA;NA;NA;NA
2022-01-11;"0-60";3;3;3;3;3;3;3;3;3;3;3;3;21;21;21;21;21;21;21;21;21;21;21;21;1;1;1;1;1;1;1;1;1;1;1
2022-01-11;"60+";3;3;3;3;3;3;3;3;3;3;3;3;21;21;21;21;21;21;21;21;21;21;21;21;1;1;1;1;1;1;1;1;1;1;1
2022-01-11;"alle";6;6;6;6;6;6;6;6;6;6;6;6;42;42;42;42;42;42;42;42;42;42;42;42;NA;NA;NA;NA;NA;NA;NA;NA;NA;NA;NA
2022-01-10;"0-60";1;1;1;1;1;1;1;1;1;1;1;1;19;19;19;19;19;19;19;19;19;19;19;19;1;1;1;1;1;1;1;1;1;1;1
2022-01-10;"60+";2;2;2;2;2;2;2;2;2;2;2;2;22;22;22;22;22;22;22;22;22;22;22;22;1;1;1;1;1;1;1;1;1;1;1
2022-01-10;"alle";3;3;3;3;3;3;3;3;3;3;3;3;41;41;41;41;41;41;41;41;41;41;41;41;NA;NA;NA;NA;NA;NA;NA;NA;NA;NA;NA
2022-01-09;"0-60";3;3;3;3;3;3;3;3;3;3;3;3;18;18;18;18;18;18;18;18;18;18;18;18;1;1;1;1;1;1;1;1;1;1;1
2022-01-09;"60+";0;0;0;0;0;0;0;0;0;0;0;0;21;21;21;21;21;21;21;21;21;21;21;21;1;1;1;1;1;1;1;1;1;1;1
2022-01-09;"alle";3;3;3;3;3;3;3;3;3;3;3;3;39;39;39;39;39;39;39;39;39;39;39;39;NA;NA;NA;NA;NA;NA;NA;NA;NA;NA;NA
2022-01-08;"0-60";1;1;1;1;1;1;1;1;1;1;1;1;18;18;18;18;18;18;18;18;18;18;18;18;1;1;1;1;1;1;1;1;1;1;1
2022-01-08;"60+";5;5;5;5;5;5;5;5;5;5;5;5;21;21;21;21;21;21;21;21;21;21;21;21;1;1;1;1;1;1;1;1;1;1;1
2022-01-08;"alle";6;6;6;6;6;6;6;6;6;6;6;6;39;39;39;39;39;39;39;39;39;39;39;39;NA;NA;NA;NA;NA;NA;NA;NA;NA;NA;NA
2022-01-07;"0-60";3;3;3;3;3;3;3;3;3;3;3;3;17;17;17;17;17;17;17;17;17;17;17;17;1;1;1;1;1;1;1;1;1;1;1
2022-01-07;"60+";3;3;3;3;3;3;3;3;3;3;3;3;18;18;18;18;18;18;18;18;18;18;18;18;1;1;1;1;1;1;1;1;1;1;1
2022-01-07;"alle";6;6;6;6;6;6;6;6;6;6;6;6;35;35;35;35;35;35;35;35;35;35;35;35;NA;NA;NA;NA;NA;NA;NA;NA;NA;NA;NA
2022-01-06;"0-60";5;5;5;5;5;5;5;5;5;5;5;5;15;15;15;15;15;15;15;15;15;15;15;15;1;1;1;1;1;1;1;1;1;1;1
2022-01-06;"60+";1;1;1;1;1;1;1;1;1;1;1;1;16;16;16;16;16;16;16;16;16;16;16;16;1;1;1;1;1;1;1;1;1;1;1
2022-01-06;"alle";6;6;6;6;6;6;6;6;6;6;6;6;31;31;31;31;31;31;31;31;31;31;31;31;NA;NA;NA;NA;NA;NA;NA;NA;NA;NA;NA
2022-01-05;"0-60";5;5;5;5;5;5;5;5;5;5;5;5;11;11;11;11;11;11;11;11;11;11;11;11;1;1;1;1;1;1;1;1;1;1;1
2022-01-05;"60+";7;7;7;7;7;7;7;7;7;7;7;7;17;17;17;17;17;17;17;17;17;17;17;17;1;1;1;1;1;1;1;1;1;1;1
2022-01-05;"alle";12;12;12;12;12;12;12;12;12;12;12;12;28;28;28;28;28;28;28;28;28;28;28;28;NA;NA;NA;NA;NA;NA;NA;NA;NA;NA;NA
2022-01-04;"0-60";1;1;1;1;1;1;1;1;1;1;1;1;10;10;10;10;10;10;10;10;10;10;10;10;1;1;1;1;1;1;1;1;1;1;1
2022-01-04;"60+";4;4;4;4;4;4;4;4;4;4;4;4;16;16;16;16;16;16;16;16;16;16;16;16;1;1;1;1;1;1;1;1;1;1;1
2022-01-04;"alle";5;5;5;5;5;5;5;5;5;5;5;5;26;26;26;26;26;26;26;26;26;26;26;26;NA;NA;NA;NA;NA;NA;NA;NA;NA;NA;NA
2022-01-03;"0-60";0;0;0;0;0;0;0;0;0;0;0;0;9;9;9;9;9;9;9;9;9;9;9;9;1;1;1;1;1;1;1;1;1;1;1
2022-01-03;"60+";1;1;1;1;1;1;1;1;1;1;1;1;19;19;19;19;19;19;19;19;19;19;19;19;1;1;1;1;1;1;1;1;1;1;1
2022-01-03;"alle";1;1;1;1;1;1;1;1;1;1;1;1;28;28;28;28;28;28;28;28;28;28;28;28;NA;NA;NA;NA;NA;NA;NA;NA;NA;NA;NA
2022-01-02;"0-60";3;3;3;3;3;3;3;3;3;3;3;3;10;10;10;10;10;10;10;10;10;10;10;10;1;1;1;1;1;1;1;1;1;1;1
2022-01-02;"60+";0;0;0;0;0;0;0;0;0;0;0;0;20;20;20;20;20;20;20;20;20;20;20;20;1;1;1;1;1;1;1;1;1;1;1
2022-01-02;"alle";3;3;3;3;3;3;3;3;3;3;3;3;30;30;30;30;30;30;30;30;30;30;30;30;NA;NA;NA;NA;NA;NA;NA;NA;NA;NA;NA
2022-01-01;"0-60";0;0;0;0;0;0;0;0;0;0;0;0;9;9;9;9;9;9;9;9;9;9;9;9;1;1;1;1;1;1;1;1;1;1;1
2022-01-01;"60+";2;2;2;2;2;2;2;2;2;2;2;2;23;23;23;23;23;23;23;23;23;23;23;23;1;1;1;1;1;1;1;1;1;1;1
2022-01-01;"alle";2;2;2;2;2;2;2;2;2;2;2;2;32;32;32;32;32;32;32;32;32;32;32;32;NA;NA;NA;NA;NA;NA;NA;NA;NA;NA;NA
2021-12-31;"0-60";1;1;1;1;1;1;1;1;1;1;1;1;10;10;10;10;10;10;10;10;10;10;10;10;1;1;1;1;1;1;1;1;1;1;1
2021-12-31;"60+";1;1;1;1;1;1;1;1;1;1;1;1;22;22;22;22;22;22;22;22;22;22;22;22;1;1;1;1;1;1;1;1;1;1;1
2021-12-31;"alle";2;2;2;2;2;2;2;2;2;2;2;2;32;32;32;32;32;32;32;32;32;32;32;32;NA;NA;NA;NA;NA;NA;NA;NA;NA;NA;NA
2021-12-30;"0-60";1;1;1;1;1;1;1;1;1;1;1;1;13;13;13;13;13;13;13;13;13;13;13;13;1;1;1;1;1;1;1;1;1;1;1
2021-12-30;"60+";2;2;2;2;2;2;2;2;2;2;2;2;27;27;27;27;27;27;27;27;27;27;27;27;1;1;1;1;1;1;1;1;1;1;1
2021-12-30;"alle";3;3;3;3;3;3;3;3;3;3;3;3;40;40;40;40;40;40;40;40;40;40;40;40;NA;NA;NA;NA;NA;NA;NA;NA;NA;NA;NA
2021-12-29;"0-60";4;4;4;4;4;4;4;4;4;4;4;4;13;13;13;13;13;13;13;13;13;13;13;13;1;1;1;1;1;1;1;1;1;1;1
2021-12-29;"60+";6;6;6;6;6;6;6;6;6;6;6;6;31;31;31;31;31;31;31;31;31;31;31;31;1;1;1;1;1;1;1;1;1;1;1
2021-12-29;"alle";10;10;10;10;10;10;10;10;10;10;10;10;44;44;44;44;44;44;44;44;44;44;44;44;NA;NA;NA;NA;NA;NA;NA;NA;NA;NA;NA
2021-12-28;"0-60";0;0;0;0;0;0;0;0;0;0;0;0;14;14;14;14;14;14;14;14;14;14;14;14;1;1;1;1;1;1;1;1;1;1;1
2021-12-28;"60+";7;7;7;7;7;7;7;7;7;7;7;7;37;37;37;37;37;37;37;37;37;37;37;37;1;1;1;1;1;1;1;1;1;1;1
2021-12-28;"alle";7;7;7;7;7;7;7;7;7;7;7;7;51;51;51;51;51;51;51;51;51;51;51;51;NA;NA;NA;NA;NA;NA;NA;NA;NA;NA;NA
2021-12-27;"0-60";1;1;1;1;1;1;1;1;1;1;1;1;16;16;16;16;16;16;16;16;16;16;16;16;1;1;1;1;1;1;1;1;1;1;1
2021-12-27;"60+";2;2;2;2;2;2;2;2;2;2;2;2;35;35;35;35;35;35;35;35;35;35;35;35;1;1;1;1;1;1;1;1;1;1;1
2021-12-27;"alle";3;3;3;3;3;3;3;3;3;3;3;3;51;51;51;51;51;51;51;51;51;51;51;51;NA;NA;NA;NA;NA;NA;NA;NA;NA;NA;NA
2021-12-26;"0-60";2;2;2;2;2;2;2;2;2;2;2;2;16;16;16;16;16;16;16;16;16;16;16;16;1;1;1;1;1;1;1;1;1;1;1
2021-12-26;"60+";3;3;3;3;3;3;3;3;3;3;3;3;35;35;35;35;35;35;35;35;35;35;35;35;1;1;1;1;1;1;1;1;1;1;1
2021-12-26;"alle";5;5;5;5;5;5;5;5;5;5;5;5;51;51;51;51;51;51;51;51;51;51;51;51;NA;NA;NA;NA;NA;NA;NA;NA;NA;NA;NA
2021-12-25;"0-60";1;1;1;1;1;1;1;1;1;1;1;1;15;15;15;15;15;15;15;15;15;15;15;15;1;1;1;1;1;1;1;1;1;1;1
2021-12-25;"60+";1;1;1;1;1;1;1;1;1;1;1;1;37;37;37;37;37;37;37;37;37;37;37;37;1;1;1;1;1;1;1;1;1;1;1
2021-12-25;"alle";2;2;2;2;2;2;2;2;2;2;2;2;52;52;52;52;52;52;52;52;52;52;52;52;NA;NA;NA;NA;NA;NA;NA;NA;NA;NA;NA
2021-12-24;"0-60";4;4;4;4;4;4;4;4;4;4;4;4;14;14;14;14;14;14;14;14;14;14;14;14;1;1;1;1;1;1;1;1;1;1;1
2021-12-24;"60+";6;6;6;6;6;6;6;6;6;6;6;6;42;42;42;42;42;42;42;42;42;42;42;42;1;1;1;1;1;1;1;1;1;1;1
2021-12-24;"alle";10;10;10;10;10;10;10;10;10;10;10;10;56;56;56;56;56;56;56;56;56;56;56;56;NA;NA;NA;NA;NA;NA;NA;NA;NA;NA;NA
2021-12-23;"0-60";1;1;1;1;1;1;1;1;1;1;1;1;13;13;13;13;13;13;13;13;13;13;13;13;1;1;1;1;1;1;1;1;1;1;1
2021-12-23;"60+";6;6;6;6;6;6;6;6;6;6;6;6;44;44;44;44;44;44;44;44;44;44;44;44;1;1;1;1;1;1;1;1;1;1;1
2021-12-23;"alle";7;7;7;7;7;7;7;7;7;7;7;7;57;57;57;57;57;57;57;57;57;57;57;57;NA;NA;NA;NA;NA;NA;NA;NA;NA;NA;NA
2021-12-22;"0-60";5;5;5;5;5;5;5;5;5;5;5;5;13;13;13;13;13;13;13;13;13;13;13;13;1;1;1;1;1;1;1;1;1;1;1
2021-12-22;"60+";12;12;12;12;12;12;12;12;12;12;12;12;47;47;47;47;47;47;47;47;47;47;47;47;1;1;1;1;1;1;1;1;1;1;1
2021-12-22;"alle";17;17;17;17;17;17;17;17;17;17;17;17;60;60;60;60;60;60;60;60;60;60;60;60;NA;NA;NA;NA;NA;NA;NA;NA;NA;NA;NA
2021-12-21;"0-60";2;2;2;2;2;2;2;2;2;2;2;2;14;14;14;14;14;14;14;14;14;14;14;14;1;1;1;1;1;1;1;1;1;1;1
2021-12-21;"60+";5;5;5;5;5;5;5;5;5;5;5;5;46;46;46;46;46;46;46;46;46;46;46;46;1;1;1;1;1;1;1;1;1;1;1
2021-12-21;"alle";7;7;7;7;7;7;7;7;7;7;7;7;60;60;60;60;60;60;60;60;60;60;60;60;NA;NA;NA;NA;NA;NA;NA;NA;NA;NA;NA
2021-12-20;"0-60";1;1;1;1;1;1;1;1;1;1;1;1;15;15;15;15;15;15;15;15;15;15;15;15;1;1;1;1;1;1;1;1;1;1;1
2021-12-20;"60+";2;2;2;2;2;2;2;2;2;2;2;2;51;51;51;51;51;51;51;51;51;51;51;51;1;1;1;1;1;1;1;1;1;1;1
2021-12-20;"alle";3;3;3;3;3;3;3;3;3;3;3;3;66;66;66;66;66;66;66;66;66;66;66;66;NA;NA;NA;NA;NA;NA;NA;NA;NA;NA;NA
2021-12-19;"0-60";1;1;1;1;1;1;1;1;1;1;1;1;16;16;16;16;16;16;16;16;16;16;16;16;1;1;1;1;1;1;1;1;1;1;1
2021-12-19;"60+";5;5;5;5;5;5;5;5;5;5;5;5;55;55;55;55;55;55;55;55;55;55;55;55;1;1;1;1;1;1;1;1;1;1;1
2021-12-19;"alle";6;6;6;6;6;6;6;6;6;6;6;6;71;71;71;71;71;71;71;71;71;71;71;71;NA;NA;NA;NA;NA;NA;NA;NA;NA;NA;NA
2021-12-18;"0-60";0;0;0;0;0;0;0;0;0;0;0;0;15;15;15;15;15;15;15;15;15;15;15;15;1;1;1;1;1;1;1;1;1;1;1
2021-12-18;"60+";6;6;6;6;6;6;6;6;6;6;6;6;59;59;59;59;59;59;59;59;59;59;59;59;1;1;1;1;1;1;1;1;1;1;1
2021-12-18;"alle";6;6;6;6;6;6;6;6;6;6;6;6;74;74;74;74;74;74;74;74;74;74;74;74;NA;NA;NA;NA;NA;NA;NA;NA;NA;NA;NA
2021-12-17;"0-60";3;3;3;3;3;3;3;3;3;3;3;3;16;16;16;16;16;16;16;16;16;16;16;16;1;1;1;1;1;1;1;1;1;1;1
2021-12-17;"60+";8;8;8;8;8;8;8;8;8;8;8;8;61;61;61;61;61;61;61;61;61;61;61;61;1;1;1;1;1;1;1;1;1;1;1
2021-12-17;"alle";11;11;11;11;11;11;11;11;11;11;11;11;77;77;77;77;77;77;77;77;77;77;77;77;NA;NA;NA;NA;NA;NA;NA;NA;NA;NA;NA
2021-12-16;"0-60";1;1;1;1;1;1;1;1;1;1;1;1;17;17;17;17;17;17;17;17;17;17;17;17;1;1;1;1;1;1;1;1;1;1;1
2021-12-16;"60+";9;9;9;9;9;9;9;9;9;9;9;9;60;60;60;60;60;60;60;60;60;60;60;60;1;1;1;1;1;1;1;1;1;1;1
2021-12-16;"alle";10;10;10;10;10;10;10;10;10;10;10;10;77;77;77;77;77;77;77;77;77;77;77;77;NA;NA;NA;NA;NA;NA;NA;NA;NA;NA;NA
2021-12-15;"0-60";6;6;6;6;6;6;6;6;6;6;6;6;21;21;21;21;21;21;21;21;21;21;21;21;1;1;1;1;1;1;1;1;1;1;1
2021-12-15;"60+";11;11;11;11;11;11;11;11;11;11;11;11;67;67;67;67;67;67;67;67;67;67;67;67;1;1;1;1;1;1;1;1;1;1;1
2021-12-15;"alle";17;17;17;17;17;17;17;17;17;17;17;17;88;88;88;88;88;88;88;88;88;88;88;88;NA;NA;NA;NA;NA;NA;NA;NA;NA;NA;NA
2021-12-14;"0-60";3;3;3;3;3;3;3;3;3;3;3;3;19;19;19;19;19;19;19;19;19;19;19;19;1;1;1;1;1;1;1;1;1;1;1
2021-12-14;"60+";10;10;10;10;10;10;10;10;10;10;10;10;70;70;70;70;70;70;70;70;70;70;70;70;1;1;1;1;1;1;1;1;1;1;1
2021-12-14;"alle";13;13;13;13;13;13;13;13;13;13;13;13;89;89;89;89;89;89;89;89;89;89;89;89;NA;NA;NA;NA;NA;NA;NA;NA;NA;NA;NA
2021-12-13;"0-60";2;2;2;2;2;2;2;2;2;2;2;2;17;17;17;17;17;17;17;17;17;17;17;17;1;1;1;1;1;1;1;1;1;1;1
2021-12-13;"60+";6;6;6;6;6;6;6;6;6;6;6;6;72;72;72;72;72;72;72;72;72;72;72;72;1;1;1;1;1;1;1;1;1;1;1
2021-12-13;"alle";8;8;8;8;8;8;8;8;8;8;8;8;89;89;89;89;89;89;89;89;89;89;89;89;NA;NA;NA;NA;NA;NA;NA;NA;NA;NA;NA
2021-12-12;"0-60";0;0;0;0;0;0;0;0;0;0;0;0;17;17;17;17;17;17;17;17;17;17;17;17;1;1;1;1;1;1;1;1;1;1;1
2021-12-12;"60+";9;9;9;9;9;9;9;9;9;9;9;9;76;76;76;76;76;76;76;76;76;76;76;76;1;1;1;1;1;1;1;1;1;1;1
2021-12-12;"alle";9;9;9;9;9;9;9;9;9;9;9;9;93;93;93;93;93;93;93;93;93;93;93;93;NA;NA;NA;NA;NA;NA;NA;NA;NA;NA;NA
2021-12-11;"0-60";1;1;1;1;1;1;1;1;1;1;1;1;19;19;19;19;19;19;19;19;19;19;19;19;1;1;1;1;1;1;1;1;1;1;1
2021-12-11;"60+";8;8;8;8;8;8;8;8;8;8;8;8;72;72;72;72;72;72;72;72;72;72;72;72;1;1;1;1;1;1;1;1;1;1;1
2021-12-11;"alle";9;9;9;9;9;9;9;9;9;9;9;9;91;91;91;91;91;91;91;91;91;91;91;91;NA;NA;NA;NA;NA;NA;NA;NA;NA;NA;NA
2021-12-10;"0-60";4;4;4;4;4;4;4;4;4;4;4;4;19;19;19;19;19;19;19;19;19;19;19;19;1;1;1;1;1;1;1;1;1;1;1
2021-12-10;"60+";7;7;7;7;7;7;7;7;7;7;7;7;71;71;71;71;71;71;71;71;71;71;71;71;1;1;1;1;1;1;1;1;1;1;1
2021-12-10;"alle";11;11;11;11;11;11;11;11;11;11;11;11;90;90;90;90;90;90;90;90;90;90;90;90;NA;NA;NA;NA;NA;NA;NA;NA;NA;NA;NA
2021-12-09;"0-60";5;5;5;5;5;5;5;5;5;5;5;5;19;19;19;19;19;19;19;19;19;19;19;19;1;1;1;1;1;1;1;1;1;1;1
2021-12-09;"60+";16;16;16;16;16;16;16;16;16;16;16;16;74;74;74;74;74;74;74;74;74;74;74;74;1;1;1;1;1;1;1;1;1;1;1
2021-12-09;"alle";21;21;21;21;21;21;21;21;21;21;21;21;93;93;93;93;93;93;93;93;93;93;93;93;NA;NA;NA;NA;NA;NA;NA;NA;NA;NA;NA
2021-12-08;"0-60";4;4;4;4;4;4;4;4;4;4;4;4;18;18;18;18;18;18;18;18;18;18;18;18;1;1;1;1;1;1;1;1;1;1;1
2021-12-08;"60+";14;14;14;14;14;14;14;14;14;14;14;14;72;72;72;72;72;72;72;72;72;72;72;72;1;1;1;1;1;1;1;1;1;1;1
2021-12-08;"alle";18;18;18;18;18;18;18;18;18;18;18;18;90;90;90;90;90;90;90;90;90;90;90;90;NA;NA;NA;NA;NA;NA;NA;NA;NA;NA;NA
2021-12-07;"0-60";1;1;1;1;1;1;1;1;1;1;1;1;19;19;19;19;19;19;19;19;19;19;19;19;1;1;1;1;1;1;1;1;1;1;1
2021-12-07;"60+";12;12;12;12;12;12;12;12;12;12;12;12;69;69;69;69;69;69;69;69;69;69;69;69;1;1;1;1;1;1;1;1;1;1;1
2021-12-07;"alle";13;13;13;13;13;13;13;13;13;13;13;13;88;88;88;88;88;88;88;88;88;88;88;88;NA;NA;NA;NA;NA;NA;NA;NA;NA;NA;NA
2021-12-06;"0-60";2;2;2;2;2;2;2;2;2;2;2;2;20;20;20;20;20;20;20;20;20;20;20;20;1;1;1;1;1;1;1;1;1;1;1
2021-12-06;"60+";10;10;10;10;10;10;10;10;10;10;10;10;66;66;66;66;66;66;66;66;66;66;66;66;1;1;1;1;1;1;1;1;1;1;1
2021-12-06;"alle";12;12;12;12;12;12;12;12;12;12;12;12;86;86;86;86;86;86;86;86;86;86;86;86;NA;NA;NA;NA;NA;NA;NA;NA;NA;NA;NA
2021-12-05;"0-60";2;2;2;2;2;2;2;2;2;2;2;2;19;19;19;19;19;19;19;19;19;19;19;19;1;1;1;1;1;1;1;1;1;1;1
2021-12-05;"60+";5;5;5;5;5;5;5;5;5;5;5;5;58;58;58;58;58;58;58;58;58;58;58;58;1;1;1;1;1;1;1;1;1;1;1
2021-12-05;"alle";7;7;7;7;7;7;7;7;7;7;7;7;77;77;77;77;77;77;77;77;77;77;77;77;NA;NA;NA;NA;NA;NA;NA;NA;NA;NA;NA
2021-12-04;"0-60";1;1;1;1;1;1;1;1;1;1;1;1;18;18;18;18;18;18;18;18;18;18;18;18;1;1;1;1;1;1;1;1;1;1;1
2021-12-04;"60+";7;7;7;7;7;7;7;7;7;7;7;7;61;61;61;61;61;61;61;61;61;61;61;61;1;1;1;1;1;1;1;1;1;1;1
2021-12-04;"alle";8;8;8;8;8;8;8;8;8;8;8;8;79;79;79;79;79;79;79;79;79;79;79;79;NA;NA;NA;NA;NA;NA;NA;NA;NA;NA;NA
2021-12-03;"0-60";4;4;4;4;4;4;4;4;4;4;4;4;22;22;22;22;22;22;22;22;22;22;22;22;1;1;1;1;1;1;1;1;1;1;1
2021-12-03;"60+";10;10;10;10;10;10;10;10;10;10;10;10;60;60;60;60;60;60;60;60;60;60;60;60;1;1;1;1;1;1;1;1;1;1;1
2021-12-03;"alle";14;14;14;14;14;14;14;14;14;14;14;14;82;82;82;82;82;82;82;82;82;82;82;82;NA;NA;NA;NA;NA;NA;NA;NA;NA;NA;NA
2021-12-02;"0-60";4;4;4;4;4;4;4;4;4;4;4;4;21;21;21;21;21;21;21;21;21;21;21;21;1;1;1;1;1;1;1;1;1;1;1
2021-12-02;"60+";14;14;14;14;14;14;14;14;14;14;14;14;64;64;64;64;64;64;64;64;64;64;64;64;1;1;1;1;1;1;1;1;1;1;1
2021-12-02;"alle";18;18;18;18;18;18;18;18;18;18;18;18;85;85;85;85;85;85;85;85;85;85;85;85;NA;NA;NA;NA;NA;NA;NA;NA;NA;NA;NA
2021-12-01;"0-60";5;5;5;5;5;5;5;5;5;5;5;5;21;21;21;21;21;21;21;21;21;21;21;21;1;1;1;1;1;1;1;1;1;1;1
2021-12-01;"60+";11;11;11;11;11;11;11;11;11;11;11;11;57;57;57;57;57;57;57;57;57;57;57;57;1;1;1;1;1;1;1;1;1;1;1
2021-12-01;"alle";16;16;16;16;16;16;16;16;16;16;16;16;78;78;78;78;78;78;78;78;78;78;78;78;NA;NA;NA;NA;NA;NA;NA;NA;NA;NA;NA
2021-11-30;"0-60";2;2;2;2;2;2;2;2;2;2;2;2;25;25;25;25;25;25;25;25;25;25;25;25;1;1;1;1;1;1;1;1;1;1;1
2021-11-30;"60+";9;9;9;9;9;9;9;9;9;9;9;9;56;56;56;56;56;56;56;56;56;56;56;56;1;1;1;1;1;1;1;1;1;1;1
2021-11-30;"alle";11;11;11;11;11;11;11;11;11;11;11;11;81;81;81;81;81;81;81;81;81;81;81;81;NA;NA;NA;NA;NA;NA;NA;NA;NA;NA;NA
2021-11-29;"0-60";1;1;1;1;1;1;1;1;1;1;1;1;23;23;23;23;23;23;23;23;23;23;23;23;1;1;1;1;1;1;1;1;1;1;1
2021-11-29;"60+";2;2;2;2;2;2;2;2;2;2;2;2;52;52;52;52;52;52;52;52;52;52;52;52;1;1;1;1;1;1;1;1;1;1;1
2021-11-29;"alle";3;3;3;3;3;3;3;3;3;3;3;3;75;75;75;75;75;75;75;75;75;75;75;75;NA;NA;NA;NA;NA;NA;NA;NA;NA;NA;NA
2021-11-28;"0-60";1;1;1;1;1;1;1;1;1;1;1;1;22;22;22;22;22;22;22;22;22;22;22;22;1;1;1;1;1;1;1;1;1;1;1
2021-11-28;"60+";8;8;8;8;8;8;8;8;8;8;8;8;50;50;50;50;50;50;50;50;50;50;50;50;1;1;1;1;1;1;1;1;1;1;1
2021-11-28;"alle";9;9;9;9;9;9;9;9;9;9;9;9;72;72;72;72;72;72;72;72;72;72;72;72;NA;NA;NA;NA;NA;NA;NA;NA;NA;NA;NA
2021-11-27;"0-60";5;5;5;5;5;5;5;5;5;5;5;5;22;22;22;22;22;22;22;22;22;22;22;22;1;1;1;1;1;1;1;1;1;1;1
2021-11-27;"60+";6;6;6;6;6;6;6;6;6;6;6;6;44;44;44;44;44;44;44;44;44;44;44;44;1;1;1;1;1;1;1;1;1;1;1
2021-11-27;"alle";11;11;11;11;11;11;11;11;11;11;11;11;66;66;66;66;66;66;66;66;66;66;66;66;NA;NA;NA;NA;NA;NA;NA;NA;NA;NA;NA
2021-11-26;"0-60";3;3;3;3;3;3;3;3;3;3;3;3;18;18;18;18;18;18;18;18;18;18;18;18;1;1;1;1;1;1;1;1;1;1;1
2021-11-26;"60+";14;14;14;14;14;14;14;14;14;14;14;14;41;41;41;41;41;41;41;41;41;41;41;41;1;1;1;1;1;1;1;1;1;1;1
2021-11-26;"alle";17;17;17;17;17;17;17;17;17;17;17;17;59;59;59;59;59;59;59;59;59;59;59;59;NA;NA;NA;NA;NA;NA;NA;NA;NA;NA;NA
2021-11-25;"0-60";4;4;4;4;4;4;4;4;4;4;4;4;19;19;19;19;19;19;19;19;19;19;19;19;1;1;1;1;1;1;1;1;1;1;1
2021-11-25;"60+";7;7;7;7;7;7;7;7;7;7;7;7;34;34;34;34;34;34;34;34;34;34;34;34;1;1;1;1;1;1;1;1;1;1;1
2021-11-25;"alle";11;11;11;11;11;11;11;11;11;11;11;11;53;53;53;53;53;53;53;53;53;53;53;53;NA;NA;NA;NA;NA;NA;NA;NA;NA;NA;NA
2021-11-24;"0-60";9;9;9;9;9;9;9;9;9;9;9;9;16;16;16;16;16;16;16;16;16;16;16;16;1;1;1;1;1;1;1;1;1;1;1
2021-11-24;"60+";10;10;10;10;10;10;10;10;10;10;10;10;31;31;31;31;31;31;31;31;31;31;31;31;1;1;1;1;1;1;1;1;1;1;1
2021-11-24;"alle";19;19;19;19;19;19;19;19;19;19;19;19;47;47;47;47;47;47;47;47;47;47;47;47;NA;NA;NA;NA;NA;NA;NA;NA;NA;NA;NA
2021-11-23;"0-60";0;0;0;0;0;0;0;0;0;0;0;0;10;10;10;10;10;10;10;10;10;10;10;10;1;1;1;1;1;1;1;1;1;1;1
2021-11-23;"60+";5;5;5;5;5;5;5;5;5;5;5;5;29;29;29;29;29;29;29;29;29;29;29;29;1;1;1;1;1;1;1;1;1;1;1
2021-11-23;"alle";5;5;5;5;5;5;5;5;5;5;5;5;39;39;39;39;39;39;39;39;39;39;39;39;NA;NA;NA;NA;NA;NA;NA;NA;NA;NA;NA
2021-11-22;"0-60";0;0;0;0;0;0;0;0;0;0;0;0;12;12;12;12;12;12;12;12;12;12;12;12;1;1;1;1;1;1;1;1;1;1;1
2021-11-22;"60+";0;0;0;0;0;0;0;0;0;0;0;0;27;27;27;27;27;27;27;27;27;27;27;27;1;1;1;1;1;1;1;1;1;1;1
2021-11-22;"alle";0;0;0;0;0;0;0;0;0;0;0;0;39;39;39;39;39;39;39;39;39;39;39;39;NA;NA;NA;NA;NA;NA;NA;NA;NA;NA;NA
2021-11-21;"0-60";1;1;1;1;1;1;1;1;1;1;1;1;12;12;12;12;12;12;12;12;12;12;12;12;1;1;1;1;1;1;1;1;1;1;1
2021-11-21;"60+";2;2;2;2;2;2;2;2;2;2;2;2;27;27;27;27;27;27;27;27;27;27;27;27;1;1;1;1;1;1;1;1;1;1;1
2021-11-21;"alle";3;3;3;3;3;3;3;3;3;3;3;3;39;39;39;39;39;39;39;39;39;39;39;39;NA;NA;NA;NA;NA;NA;NA;NA;NA;NA;NA
2021-11-20;"0-60";1;1;1;1;1;1;1;1;1;1;1;1;14;14;14;14;14;14;14;14;14;14;14;14;1;1;1;1;1;1;1;1;1;1;1
2021-11-20;"60+";3;3;3;3;3;3;3;3;3;3;3;3;26;26;26;26;26;26;26;26;26;26;26;26;1;1;1;1;1;1;1;1;1;1;1
2021-11-20;"alle";4;4;4;4;4;4;4;4;4;4;4;4;40;40;40;40;40;40;40;40;40;40;40;40;NA;NA;NA;NA;NA;NA;NA;NA;NA;NA;NA
2021-11-19;"0-60";4;4;4;4;4;4;4;4;4;4;4;4;16;16;16;16;16;16;16;16;16;16;16;16;1;1;1;1;1;1;1;1;1;1;1
2021-11-19;"60+";7;7;7;7;7;7;7;7;7;7;7;7;27;27;27;27;27;27;27;27;27;27;27;27;1;1;1;1;1;1;1;1;1;1;1
2021-11-19;"alle";11;11;11;11;11;11;11;11;11;11;11;11;43;43;43;43;43;43;43;43;43;43;43;43;NA;NA;NA;NA;NA;NA;NA;NA;NA;NA;NA
2021-11-18;"0-60";1;1;1;1;1;1;1;1;1;1;1;1;13;13;13;13;13;13;13;13;13;13;13;13;1;1;1;1;1;1;1;1;1;1;1
2021-11-18;"60+";4;4;4;4;4;4;4;4;4;4;4;4;22;22;22;22;22;22;22;22;22;22;22;22;1;1;1;1;1;1;1;1;1;1;1
2021-11-18;"alle";5;5;5;5;5;5;5;5;5;5;5;5;35;35;35;35;35;35;35;35;35;35;35;35;NA;NA;NA;NA;NA;NA;NA;NA;NA;NA;NA
2021-11-17;"0-60";3;3;3;3;3;3;3;3;3;3;3;3;15;15;15;15;15;15;15;15;15;15;15;15;1;1;1;1;1;1;1;1;1;1;1
2021-11-17;"60+";8;8;8;8;8;8;8;8;8;8;8;8;23;23;23;23;23;23;23;23;23;23;23;23;1;1;1;1;1;1;1;1;1;1;1
2021-11-17;"alle";11;11;11;11;11;11;11;11;11;11;11;11;38;38;38;38;38;38;38;38;38;38;38;38;NA;NA;NA;NA;NA;NA;NA;NA;NA;NA;NA
2021-11-16;"0-60";2;2;2;2;2;2;2;2;2;2;2;2;15;15;15;15;15;15;15;15;15;15;15;15;1;1;1;1;1;1;1;1;1;1;1
2021-11-16;"60+";3;3;3;3;3;3;3;3;3;3;3;3;24;24;24;24;24;24;24;24;24;24;24;24;1;1;1;1;1;1;1;1;1;1;1
2021-11-16;"alle";5;5;5;5;5;5;5;5;5;5;5;5;39;39;39;39;39;39;39;39;39;39;39;39;NA;NA;NA;NA;NA;NA;NA;NA;NA;NA;NA
2021-11-15;"0-60";0;0;0;0;0;0;0;0;0;0;0;0;14;14;14;14;14;14;14;14;14;14;14;14;1;1;1;1;1;1;1;1;1;1;1
2021-11-15;"60+";0;0;0;0;0;0;0;0;0;0;0;0;25;25;25;25;25;25;25;25;25;25;25;25;1;1;1;1;1;1;1;1;1;1;1
2021-11-15;"alle";0;0;0;0;0;0;0;0;0;0;0;0;39;39;39;39;39;39;39;39;39;39;39;39;NA;NA;NA;NA;NA;NA;NA;NA;NA;NA;NA
2021-11-14;"0-60";3;3;3;3;3;3;3;3;3;3;3;3;16;16;16;16;16;16;16;16;16;16;16;16;1;1;1;1;1;1;1;1;1;1;1
2021-11-14;"60+";1;1;1;1;1;1;1;1;1;1;1;1;25;25;25;25;25;25;25;25;25;25;25;25;1;1;1;1;1;1;1;1;1;1;1
2021-11-14;"alle";4;4;4;4;4;4;4;4;4;4;4;4;41;41;41;41;41;41;41;41;41;41;41;41;NA;NA;NA;NA;NA;NA;NA;NA;NA;NA;NA
2021-11-13;"0-60";3;3;3;3;3;3;3;3;3;3;3;3;15;15;15;15;15;15;15;15;15;15;15;15;1;1;1;1;1;1;1;1;1;1;1
2021-11-13;"60+";4;4;4;4;4;4;4;4;4;4;4;4;26;26;26;26;26;26;26;26;26;26;26;26;1;1;1;1;1;1;1;1;1;1;1
2021-11-13;"alle";7;7;7;7;7;7;7;7;7;7;7;7;41;41;41;41;41;41;41;41;41;41;41;41;NA;NA;NA;NA;NA;NA;NA;NA;NA;NA;NA
2021-11-12;"0-60";1;1;1;1;1;1;1;1;1;1;1;1;13;13;13;13;13;13;13;13;13;13;13;13;1;1;1;1;1;1;1;1;1;1;1
2021-11-12;"60+";2;2;2;2;2;2;2;2;2;2;2;2;25;25;25;25;25;25;25;25;25;25;25;25;1;1;1;1;1;1;1;1;1;1;1
2021-11-12;"alle";3;3;3;3;3;3;3;3;3;3;3;3;38;38;38;38;38;38;38;38;38;38;38;38;NA;NA;NA;NA;NA;NA;NA;NA;NA;NA;NA
2021-11-11;"0-60";3;3;3;3;3;3;3;3;3;3;3;3;13;13;13;13;13;13;13;13;13;13;13;13;1;1;1;1;1;1;1;1;1;1;1
2021-11-11;"60+";5;5;5;5;5;5;5;5;5;5;5;5;26;26;26;26;26;26;26;26;26;26;26;26;1;1;1;1;1;1;1;1;1;1;1
2021-11-11;"alle";8;8;8;8;8;8;8;8;8;8;8;8;39;39;39;39;39;39;39;39;39;39;39;39;NA;NA;NA;NA;NA;NA;NA;NA;NA;NA;NA
2021-11-10;"0-60";3;3;3;3;3;3;3;3;3;3;3;3;12;12;12;12;12;12;12;12;12;12;12;12;1;1;1;1;1;1;1;1;1;1;1
2021-11-10;"60+";9;9;9;9;9;9;9;9;9;9;9;9;23;23;23;23;23;23;23;23;23;23;23;23;1;1;1;1;1;1;1;1;1;1;1
2021-11-10;"alle";12;12;12;12;12;12;12;12;12;12;12;12;35;35;35;35;35;35;35;35;35;35;35;35;NA;NA;NA;NA;NA;NA;NA;NA;NA;NA;NA
2021-11-09;"0-60";1;1;1;1;1;1;1;1;1;1;1;1;11;11;11;11;11;11;11;11;11;11;11;11;1;1;1;1;1;1;1;1;1;1;1
2021-11-09;"60+";4;4;4;4;4;4;4;4;4;4;4;4;19;19;19;19;19;19;19;19;19;19;19;19;1;1;1;1;1;1;1;1;1;1;1
2021-11-09;"alle";5;5;5;5;5;5;5;5;5;5;5;5;30;30;30;30;30;30;30;30;30;30;30;30;NA;NA;NA;NA;NA;NA;NA;NA;NA;NA;NA
2021-11-08;"0-60";2;2;2;2;2;2;2;2;2;2;2;2;10;10;10;10;10;10;10;10;10;10;10;10;1;1;1;1;1;1;1;1;1;1;1
2021-11-08;"60+";0;0;0;0;0;0;0;0;0;0;0;0;16;16;16;16;16;16;16;16;16;16;16;16;1;1;1;1;1;1;1;1;1;1;1
2021-11-08;"alle";2;2;2;2;2;2;2;2;2;2;2;2;26;26;26;26;26;26;26;26;26;26;26;26;NA;NA;NA;NA;NA;NA;NA;NA;NA;NA;NA
2021-11-07;"0-60";2;2;2;2;2;2;2;2;2;2;2;2;8;8;8;8;8;8;8;8;8;8;8;8;1;1;1;1;1;1;1;1;1;1;1
2021-11-07;"60+";2;2;2;2;2;2;2;2;2;2;2;2;16;16;16;16;16;16;16;16;16;16;16;16;1;1;1;1;1;1;1;1;1;1;1
2021-11-07;"alle";4;4;4;4;4;4;4;4;4;4;4;4;24;24;24;24;24;24;24;24;24;24;24;24;NA;NA;NA;NA;NA;NA;NA;NA;NA;NA;NA
2021-11-06;"0-60";1;1;1;1;1;1;1;1;1;1;1;1;8;8;8;8;8;8;8;8;8;8;8;8;1;1;1;1;1;1;1;1;1;1;1
2021-11-06;"60+";3;3;3;3;3;3;3;3;3;3;3;3;16;16;16;16;16;16;16;16;16;16;16;16;1;1;1;1;1;1;1;1;1;1;1
2021-11-06;"alle";4;4;4;4;4;4;4;4;4;4;4;4;24;24;24;24;24;24;24;24;24;24;24;24;NA;NA;NA;NA;NA;NA;NA;NA;NA;NA;NA
2021-11-05;"0-60";1;1;1;1;1;1;1;1;1;1;1;1;10;10;10;10;10;10;10;10;10;10;10;10;1;1;1;1;1;1;1;1;1;1;1
2021-11-05;"60+";3;3;3;3;3;3;3;3;3;3;3;3;14;14;14;14;14;14;14;14;14;14;14;14;1;1;1;1;1;1;1;1;1;1;1
2021-11-05;"alle";4;4;4;4;4;4;4;4;4;4;4;4;24;24;24;24;24;24;24;24;24;24;24;24;NA;NA;NA;NA;NA;NA;NA;NA;NA;NA;NA
2021-11-04;"0-60";2;2;2;2;2;2;2;2;2;2;2;2;9;9;9;9;9;9;9;9;9;9;9;9;1;1;1;1;1;1;1;1;1;1;1
2021-11-04;"60+";2;2;2;2;2;2;2;2;2;2;2;2;12;12;12;12;12;12;12;12;12;12;12;12;1;1;1;1;1;1;1;1;1;1;1
2021-11-04;"alle";4;4;4;4;4;4;4;4;4;4;4;4;21;21;21;21;21;21;21;21;21;21;21;21;NA;NA;NA;NA;NA;NA;NA;NA;NA;NA;NA
2021-11-03;"0-60";2;2;2;2;2;2;2;2;2;2;2;2;9;9;9;9;9;9;9;9;9;9;9;9;1;1;1;1;1;1;1;1;1;1;1
2021-11-03;"60+";5;5;5;5;5;5;5;5;5;5;5;5;10;10;10;10;10;10;10;10;10;10;10;10;1;1;1;1;1;1;1;1;1;1;1
2021-11-03;"alle";7;7;7;7;7;7;7;7;7;7;7;7;19;19;19;19;19;19;19;19;19;19;19;19;NA;NA;NA;NA;NA;NA;NA;NA;NA;NA;NA
2021-11-02;"0-60";0;0;0;0;0;0;0;0;0;0;0;0;8;8;8;8;8;8;8;8;8;8;8;8;1;1;1;1;1;1;1;1;1;1;1
2021-11-02;"60+";1;1;1;1;1;1;1;1;1;1;1;1;8;8;8;8;8;8;8;8;8;8;8;8;1;1;1;1;1;1;1;1;1;1;1
2021-11-02;"alle";1;1;1;1;1;1;1;1;1;1;1;1;16;16;16;16;16;16;16;16;16;16;16;16;NA;NA;NA;NA;NA;NA;NA;NA;NA;NA;NA
2021-11-01;"0-60";0;0;0;0;0;0;0;0;0;0;0;0;9;9;9;9;9;9;9;9;9;9;9;9;1;1;1;1;1;1;1;1;1;1;1
2021-11-01;"60+";0;0;0;0;0;0;0;0;0;0;0;0;8;8;8;8;8;8;8;8;8;8;8;8;1;1;1;1;1;1;1;1;1;1;1
2021-11-01;"alle";0;0;0;0;0;0;0;0;0;0;0;0;17;17;17;17;17;17;17;17;17;17;17;17;NA;NA;NA;NA;NA;NA;NA;NA;NA;NA;NA
2021-10-31;"0-60";2;2;2;2;2;2;2;2;2;2;2;2;10;10;10;10;10;10;10;10;10;10;10;10;1;1;1;1;1;1;1;1;1;1;1
2021-10-31;"60+";2;2;2;2;2;2;2;2;2;2;2;2;8;8;8;8;8;8;8;8;8;8;8;8;1;1;1;1;1;1;1;1;1;1;1
2021-10-31;"alle";4;4;4;4;4;4;4;4;4;4;4;4;18;18;18;18;18;18;18;18;18;18;18;18;NA;NA;NA;NA;NA;NA;NA;NA;NA;NA;NA
2021-10-30;"0-60";3;3;3;3;3;3;3;3;3;3;3;3;10;10;10;10;10;10;10;10;10;10;10;10;1;1;1;1;1;1;1;1;1;1;1
2021-10-30;"60+";1;1;1;1;1;1;1;1;1;1;1;1;9;9;9;9;9;9;9;9;9;9;9;9;1;1;1;1;1;1;1;1;1;1;1
2021-10-30;"alle";4;4;4;4;4;4;4;4;4;4;4;4;19;19;19;19;19;19;19;19;19;19;19;19;NA;NA;NA;NA;NA;NA;NA;NA;NA;NA;NA
2021-10-29;"0-60";0;0;0;0;0;0;0;0;0;0;0;0;8;8;8;8;8;8;8;8;8;8;8;8;1;1;1;1;1;1;1;1;1;1;1
2021-10-29;"60+";1;1;1;1;1;1;1;1;1;1;1;1;8;8;8;8;8;8;8;8;8;8;8;8;1;1;1;1;1;1;1;1;1;1;1
2021-10-29;"alle";1;1;1;1;1;1;1;1;1;1;1;1;16;16;16;16;16;16;16;16;16;16;16;16;NA;NA;NA;NA;NA;NA;NA;NA;NA;NA;NA
2021-10-28;"0-60";2;2;2;2;2;2;2;2;2;2;2;2;9;9;9;9;9;9;9;9;9;9;9;9;1;1;1;1;1;1;1;1;1;1;1
2021-10-28;"60+";0;0;0;0;0;0;0;0;0;0;0;0;9;9;9;9;9;9;9;9;9;9;9;9;1;1;1;1;1;1;1;1;1;1;1
2021-10-28;"alle";2;2;2;2;2;2;2;2;2;2;2;2;18;18;18;18;18;18;18;18;18;18;18;18;NA;NA;NA;NA;NA;NA;NA;NA;NA;NA;NA
2021-10-27;"0-60";1;1;1;1;1;1;1;1;1;1;1;1;9;9;9;9;9;9;9;9;9;9;9;9;1;1;1;1;1;1;1;1;1;1;1
2021-10-27;"60+";3;3;3;3;3;3;3;3;3;3;3;3;12;12;12;12;12;12;12;12;12;12;12;12;1;1;1;1;1;1;1;1;1;1;1
2021-10-27;"alle";4;4;4;4;4;4;4;4;4;4;4;4;21;21;21;21;21;21;21;21;21;21;21;21;NA;NA;NA;NA;NA;NA;NA;NA;NA;NA;NA
2021-10-26;"0-60";1;1;1;1;1;1;1;1;1;1;1;1;10;10;10;10;10;10;10;10;10;10;10;10;1;1;1;1;1;1;1;1;1;1;1
2021-10-26;"60+";1;1;1;1;1;1;1;1;1;1;1;1;10;10;10;10;10;10;10;10;10;10;10;10;1;1;1;1;1;1;1;1;1;1;1
2021-10-26;"alle";2;2;2;2;2;2;2;2;2;2;2;2;20;20;20;20;20;20;20;20;20;20;20;20;NA;NA;NA;NA;NA;NA;NA;NA;NA;NA;NA
2021-10-25;"0-60";1;1;1;1;1;1;1;1;1;1;1;1;10;10;10;10;10;10;10;10;10;10;10;10;1;1;1;1;1;1;1;1;1;1;1
2021-10-25;"60+";0;0;0;0;0;0;0;0;0;0;0;0;12;12;12;12;12;12;12;12;12;12;12;12;1;1;1;1;1;1;1;1;1;1;1
2021-10-25;"alle";1;1;1;1;1;1;1;1;1;1;1;1;22;22;22;22;22;22;22;22;22;22;22;22;NA;NA;NA;NA;NA;NA;NA;NA;NA;NA;NA
2021-10-24;"0-60";2;2;2;2;2;2;2;2;2;2;2;2;9;9;9;9;9;9;9;9;9;9;9;9;1;1;1;1;1;1;1;1;1;1;1
2021-10-24;"60+";3;3;3;3;3;3;3;3;3;3;3;3;12;12;12;12;12;12;12;12;12;12;12;12;1;1;1;1;1;1;1;1;1;1;1
2021-10-24;"alle";5;5;5;5;5;5;5;5;5;5;5;5;21;21;21;21;21;21;21;21;21;21;21;21;NA;NA;NA;NA;NA;NA;NA;NA;NA;NA;NA
2021-10-23;"0-60";1;1;1;1;1;1;1;1;1;1;1;1;9;9;9;9;9;9;9;9;9;9;9;9;1;1;1;1;1;1;1;1;1;1;1
2021-10-23;"60+";0;0;0;0;0;0;0;0;0;0;0;0;11;11;11;11;11;11;11;11;11;11;11;11;1;1;1;1;1;1;1;1;1;1;1
2021-10-23;"alle";1;1;1;1;1;1;1;1;1;1;1;1;20;20;20;20;20;20;20;20;20;20;20;20;NA;NA;NA;NA;NA;NA;NA;NA;NA;NA;NA
2021-10-22;"0-60";1;1;1;1;1;1;1;1;1;1;1;1;9;9;9;9;9;9;9;9;9;9;9;9;1;1;1;1;1;1;1;1;1;1;1
2021-10-22;"60+";2;2;2;2;2;2;2;2;2;2;2;2;14;14;14;14;14;14;14;14;14;14;14;14;1;1;1;1;1;1;1;1;1;1;1
2021-10-22;"alle";3;3;3;3;3;3;3;3;3;3;3;3;23;23;23;23;23;23;23;23;23;23;23;23;NA;NA;NA;NA;NA;NA;NA;NA;NA;NA;NA
2021-10-21;"0-60";2;2;2;2;2;2;2;2;2;2;2;2;9;9;9;9;9;9;9;9;9;9;9;9;1;1;1;1;1;1;1;1;1;1;1
2021-10-21;"60+";3;3;3;3;3;3;3;3;3;3;3;3;14;14;14;14;14;14;14;14;14;14;14;14;1;1;1;1;1;1;1;1;1;1;1
2021-10-21;"alle";5;5;5;5;5;5;5;5;5;5;5;5;23;23;23;23;23;23;23;23;23;23;23;23;NA;NA;NA;NA;NA;NA;NA;NA;NA;NA;NA
2021-10-20;"0-60";2;2;2;2;2;2;2;2;2;2;2;2;10;10;10;10;10;10;10;10;10;10;10;10;1;1;1;1;1;1;1;1;1;1;1
2021-10-20;"60+";1;1;1;1;1;1;1;1;1;1;1;1;11;11;11;11;11;11;11;11;11;11;11;11;1;1;1;1;1;1;1;1;1;1;1
2021-10-20;"alle";3;3;3;3;3;3;3;3;3;3;3;3;21;21;21;21;21;21;21;21;21;21;21;21;NA;NA;NA;NA;NA;NA;NA;NA;NA;NA;NA
2021-10-19;"0-60";1;1;1;1;1;1;1;1;1;1;1;1;10;10;10;10;10;10;10;10;10;10;10;10;1;1;1;1;1;1;1;1;1;1;1
2021-10-19;"60+";3;3;3;3;3;3;3;3;3;3;3;3;10;10;10;10;10;10;10;10;10;10;10;10;1;1;1;1;1;1;1;1;1;1;1
2021-10-19;"alle";4;4;4;4;4;4;4;4;4;4;4;4;20;20;20;20;20;20;20;20;20;20;20;20;NA;NA;NA;NA;NA;NA;NA;NA;NA;NA;NA
2021-10-18;"0-60";0;0;0;0;0;0;0;0;0;0;0;0;11;11;11;11;11;11;11;11;11;11;11;11;1;1;1;1;1;1;1;1;1;1;1
2021-10-18;"60+";0;0;0;0;0;0;0;0;0;0;0;0;8;8;8;8;8;8;8;8;8;8;8;8;1;1;1;1;1;1;1;1;1;1;1
2021-10-18;"alle";0;0;0;0;0;0;0;0;0;0;0;0;19;19;19;19;19;19;19;19;19;19;19;19;NA;NA;NA;NA;NA;NA;NA;NA;NA;NA;NA
2021-10-17;"0-60";2;2;2;2;2;2;2;2;2;2;2;2;12;12;12;12;12;12;12;12;12;12;12;12;1;1;1;1;1;1;1;1;1;1;1
2021-10-17;"60+";2;2;2;2;2;2;2;2;2;2;2;2;9;9;9;9;9;9;9;9;9;9;9;9;1;1;1;1;1;1;1;1;1;1;1
2021-10-17;"alle";4;4;4;4;4;4;4;4;4;4;4;4;21;21;21;21;21;21;21;21;21;21;21;21;NA;NA;NA;NA;NA;NA;NA;NA;NA;NA;NA
2021-10-16;"0-60";1;1;1;1;1;1;1;1;1;1;1;1;11;11;11;11;11;11;11;11;11;11;11;11;1;1;1;1;1;1;1;1;1;1;1
2021-10-16;"60+";3;3;3;3;3;3;3;3;3;3;3;3;9;9;9;9;9;9;9;9;9;9;9;9;1;1;1;1;1;1;1;1;1;1;1
2021-10-16;"alle";4;4;4;4;4;4;4;4;4;4;4;4;20;20;20;20;20;20;20;20;20;20;20;20;NA;NA;NA;NA;NA;NA;NA;NA;NA;NA;NA
2021-10-15;"0-60";1;1;1;1;1;1;1;1;1;1;1;1;11;11;11;11;11;11;11;11;11;11;11;11;1;1;1;1;1;1;1;1;1;1;1
2021-10-15;"60+";2;2;2;2;2;2;2;2;2;2;2;2;9;9;9;9;9;9;9;9;9;9;9;9;1;1;1;1;1;1;1;1;1;1;1
2021-10-15;"alle";3;3;3;3;3;3;3;3;3;3;3;3;20;20;20;20;20;20;20;20;20;20;20;20;NA;NA;NA;NA;NA;NA;NA;NA;NA;NA;NA
2021-10-14;"0-60";3;3;3;3;3;3;3;3;3;3;3;3;11;11;11;11;11;11;11;11;11;11;11;11;1;1;1;1;1;1;1;1;1;1;1
2021-10-14;"60+";0;0;0;0;0;0;0;0;0;0;0;0;7;7;7;7;7;7;7;7;7;7;7;7;1;1;1;1;1;1;1;1;1;1;1
2021-10-14;"alle";3;3;3;3;3;3;3;3;3;3;3;3;18;18;18;18;18;18;18;18;18;18;18;18;NA;NA;NA;NA;NA;NA;NA;NA;NA;NA;NA
2021-10-13;"0-60";2;2;2;2;2;2;2;2;2;2;2;2;9;9;9;9;9;9;9;9;9;9;9;9;1;1;1;1;1;1;1;1;1;1;1
2021-10-13;"60+";0;0;0;0;0;0;0;0;0;0;0;0;9;9;9;9;9;9;9;9;9;9;9;9;1;1;1;1;1;1;1;1;1;1;1
2021-10-13;"alle";2;2;2;2;2;2;2;2;2;2;2;2;18;18;18;18;18;18;18;18;18;18;18;18;NA;NA;NA;NA;NA;NA;NA;NA;NA;NA;NA
2021-10-12;"0-60";2;2;2;2;2;2;2;2;2;2;2;2;11;11;11;11;11;11;11;11;11;11;11;11;1;1;1;1;1;1;1;1;1;1;1
2021-10-12;"60+";1;1;1;1;1;1;1;1;1;1;1;1;10;10;10;10;10;10;10;10;10;10;10;10;1;1;1;1;1;1;1;1;1;1;1
2021-10-12;"alle";3;3;3;3;3;3;3;3;3;3;3;3;21;21;21;21;21;21;21;21;21;21;21;21;NA;NA;NA;NA;NA;NA;NA;NA;NA;NA;NA
2021-10-11;"0-60";1;1;1;1;1;1;1;1;1;1;1;1;11;11;11;11;11;11;11;11;11;11;11;11;1;1;1;1;1;1;1;1;1;1;1
2021-10-11;"60+";1;1;1;1;1;1;1;1;1;1;1;1;9;9;9;9;9;9;9;9;9;9;9;9;1;1;1;1;1;1;1;1;1;1;1
2021-10-11;"alle";2;2;2;2;2;2;2;2;2;2;2;2;20;20;20;20;20;20;20;20;20;20;20;20;NA;NA;NA;NA;NA;NA;NA;NA;NA;NA;NA
2021-10-10;"0-60";1;1;1;1;1;1;1;1;1;1;1;1;10;10;10;10;10;10;10;10;10;10;10;10;1;1;1;1;1;1;1;1;1;1;1
2021-10-10;"60+";2;2;2;2;2;2;2;2;2;2;2;2;9;9;9;9;9;9;9;9;9;9;9;9;1;1;1;1;1;1;1;1;1;1;1
2021-10-10;"alle";3;3;3;3;3;3;3;3;3;3;3;3;19;19;19;19;19;19;19;19;19;19;19;19;NA;NA;NA;NA;NA;NA;NA;NA;NA;NA;NA
2021-10-09;"0-60";1;1;1;1;1;1;1;1;1;1;1;1;10;10;10;10;10;10;10;10;10;10;10;10;1;1;1;1;1;1;1;1;1;1;1
2021-10-09;"60+";3;3;3;3;3;3;3;3;3;3;3;3;8;8;8;8;8;8;8;8;8;8;8;8;1;1;1;1;1;1;1;1;1;1;1
2021-10-09;"alle";4;4;4;4;4;4;4;4;4;4;4;4;18;18;18;18;18;18;18;18;18;18;18;18;NA;NA;NA;NA;NA;NA;NA;NA;NA;NA;NA
2021-10-08;"0-60";1;1;1;1;1;1;1;1;1;1;1;1;9;9;9;9;9;9;9;9;9;9;9;9;1;1;1;1;1;1;1;1;1;1;1
2021-10-08;"60+";0;0;0;0;0;0;0;0;0;0;0;0;9;9;9;9;9;9;9;9;9;9;9;9;1;1;1;1;1;1;1;1;1;1;1
2021-10-08;"alle";1;1;1;1;1;1;1;1;1;1;1;1;18;18;18;18;18;18;18;18;18;18;18;18;NA;NA;NA;NA;NA;NA;NA;NA;NA;NA;NA
2021-10-07;"0-60";1;1;1;1;1;1;1;1;1;1;1;1;9;9;9;9;9;9;9;9;9;9;9;9;1;1;1;1;1;1;1;1;1;1;1
2021-10-07;"60+";2;2;2;2;2;2;2;2;2;2;2;2;10;10;10;10;10;10;10;10;10;10;10;10;1;1;1;1;1;1;1;1;1;1;1
2021-10-07;"alle";3;3;3;3;3;3;3;3;3;3;3;3;19;19;19;19;19;19;19;19;19;19;19;19;NA;NA;NA;NA;NA;NA;NA;NA;NA;NA;NA
2021-10-06;"0-60";4;4;4;4;4;4;4;4;4;4;4;4;8;8;8;8;8;8;8;8;8;8;8;8;1;1;1;1;1;1;1;1;1;1;1
2021-10-06;"60+";1;1;1;1;1;1;1;1;1;1;1;1;9;9;9;9;9;9;9;9;9;9;9;9;1;1;1;1;1;1;1;1;1;1;1
2021-10-06;"alle";5;5;5;5;5;5;5;5;5;5;5;5;17;17;17;17;17;17;17;17;17;17;17;17;NA;NA;NA;NA;NA;NA;NA;NA;NA;NA;NA
2021-10-05;"0-60";2;2;2;2;2;2;2;2;2;2;2;2;8;8;8;8;8;8;8;8;8;8;8;8;1;1;1;1;1;1;1;1;1;1;1
2021-10-05;"60+";0;0;0;0;0;0;0;0;0;0;0;0;12;12;12;12;12;12;12;12;12;12;12;12;1;1;1;1;1;1;1;1;1;1;1
2021-10-05;"alle";2;2;2;2;2;2;2;2;2;2;2;2;20;20;20;20;20;20;20;20;20;20;20;20;NA;NA;NA;NA;NA;NA;NA;NA;NA;NA;NA
2021-10-04;"0-60";0;0;0;0;0;0;0;0;0;0;0;0;6;6;6;6;6;6;6;6;6;6;6;6;1;1;1;1;1;1;1;1;1;1;1
2021-10-04;"60+";1;1;1;1;1;1;1;1;1;1;1;1;15;15;15;15;15;15;15;15;15;15;15;15;1;1;1;1;1;1;1;1;1;1;1
2021-10-04;"alle";1;1;1;1;1;1;1;1;1;1;1;1;21;21;21;21;21;21;21;21;21;21;21;21;NA;NA;NA;NA;NA;NA;NA;NA;NA;NA;NA
2021-10-03;"0-60";1;1;1;1;1;1;1;1;1;1;1;1;6;6;6;6;6;6;6;6;6;6;6;6;1;1;1;1;1;1;1;1;1;1;1
2021-10-03;"60+";1;1;1;1;1;1;1;1;1;1;1;1;14;14;14;14;14;14;14;14;14;14;14;14;1;1;1;1;1;1;1;1;1;1;1
2021-10-03;"alle";2;2;2;2;2;2;2;2;2;2;2;2;20;20;20;20;20;20;20;20;20;20;20;20;NA;NA;NA;NA;NA;NA;NA;NA;NA;NA;NA
2021-10-02;"0-60";0;0;0;0;0;0;0;0;0;0;0;0;5;5;5;5;5;5;5;5;5;5;5;5;1;1;1;1;1;1;1;1;1;1;1
2021-10-02;"60+";4;4;4;4;4;4;4;4;4;4;4;4;13;13;13;13;13;13;13;13;13;13;13;13;1;1;1;1;1;1;1;1;1;1;1
2021-10-02;"alle";4;4;4;4;4;4;4;4;4;4;4;4;18;18;18;18;18;18;18;18;18;18;18;18;NA;NA;NA;NA;NA;NA;NA;NA;NA;NA;NA
2021-10-01;"0-60";1;1;1;1;1;1;1;1;1;1;1;1;6;6;6;6;6;6;6;6;6;6;6;6;1;1;1;1;1;1;1;1;1;1;1
2021-10-01;"60+";1;1;1;1;1;1;1;1;1;1;1;1;10;10;10;10;10;10;10;10;10;10;10;10;1;1;1;1;1;1;1;1;1;1;1
2021-10-01;"alle";2;2;2;2;2;2;2;2;2;2;2;2;16;16;16;16;16;16;16;16;16;16;16;16;NA;NA;NA;NA;NA;NA;NA;NA;NA;NA;NA
2021-09-30;"0-60";0;0;0;0;0;0;0;0;0;0;0;0;7;7;7;7;7;7;7;7;7;7;7;7;1;1;1;1;1;1;1;1;1;1;1
2021-09-30;"60+";1;1;1;1;1;1;1;1;1;1;1;1;11;11;11;11;11;11;11;11;11;11;11;11;1;1;1;1;1;1;1;1;1;1;1
2021-09-30;"alle";1;1;1;1;1;1;1;1;1;1;1;1;18;18;18;18;18;18;18;18;18;18;18;18;NA;NA;NA;NA;NA;NA;NA;NA;NA;NA;NA
2021-09-29;"0-60";4;4;4;4;4;4;4;4;4;4;4;4;8;8;8;8;8;8;8;8;8;8;8;8;1;1;1;1;1;1;1;1;1;1;1
2021-09-29;"60+";4;4;4;4;4;4;4;4;4;4;4;4;11;11;11;11;11;11;11;11;11;11;11;11;1;1;1;1;1;1;1;1;1;1;1
2021-09-29;"alle";8;8;8;8;8;8;8;8;8;8;8;8;19;19;19;19;19;19;19;19;19;19;19;19;NA;NA;NA;NA;NA;NA;NA;NA;NA;NA;NA
2021-09-28;"0-60";0;0;0;0;0;0;0;0;0;0;0;0;6;6;6;6;6;6;6;6;6;6;6;6;1;1;1;1;1;1;1;1;1;1;1
2021-09-28;"60+";3;3;3;3;3;3;3;3;3;3;3;3;10;10;10;10;10;10;10;10;10;10;10;10;1;1;1;1;1;1;1;1;1;1;1
2021-09-28;"alle";3;3;3;3;3;3;3;3;3;3;3;3;16;16;16;16;16;16;16;16;16;16;16;16;NA;NA;NA;NA;NA;NA;NA;NA;NA;NA;NA
2021-09-27;"0-60";0;0;0;0;0;0;0;0;0;0;0;0;6;6;6;6;6;6;6;6;6;6;6;6;1;1;1;1;1;1;1;1;1;1;1
2021-09-27;"60+";0;0;0;0;0;0;0;0;0;0;0;0;8;8;8;8;8;8;8;8;8;8;8;8;1;1;1;1;1;1;1;1;1;1;1
2021-09-27;"alle";0;0;0;0;0;0;0;0;0;0;0;0;14;14;14;14;14;14;14;14;14;14;14;14;NA;NA;NA;NA;NA;NA;NA;NA;NA;NA;NA
2021-09-26;"0-60";0;0;0;0;0;0;0;0;0;0;0;0;6;6;6;6;6;6;6;6;6;6;6;6;1;1;1;1;1;1;1;1;1;1;1
2021-09-26;"60+";0;0;0;0;0;0;0;0;0;0;0;0;8;8;8;8;8;8;8;8;8;8;8;8;1;1;1;1;1;1;1;1;1;1;1
2021-09-26;"alle";0;0;0;0;0;0;0;0;0;0;0;0;14;14;14;14;14;14;14;14;14;14;14;14;NA;NA;NA;NA;NA;NA;NA;NA;NA;NA;NA
2021-09-25;"0-60";1;1;1;1;1;1;1;1;1;1;1;1;7;7;7;7;7;7;7;7;7;7;7;7;1;1;1;1;1;1;1;1;1;1;1
2021-09-25;"60+";1;1;1;1;1;1;1;1;1;1;1;1;8;8;8;8;8;8;8;8;8;8;8;8;1;1;1;1;1;1;1;1;1;1;1
2021-09-25;"alle";2;2;2;2;2;2;2;2;2;2;2;2;15;15;15;15;15;15;15;15;15;15;15;15;NA;NA;NA;NA;NA;NA;NA;NA;NA;NA;NA
2021-09-24;"0-60";2;2;2;2;2;2;2;2;2;2;2;2;6;6;6;6;6;6;6;6;6;6;6;6;1;1;1;1;1;1;1;1;1;1;1
2021-09-24;"60+";2;2;2;2;2;2;2;2;2;2;2;2;9;9;9;9;9;9;9;9;9;9;9;9;1;1;1;1;1;1;1;1;1;1;1
2021-09-24;"alle";4;4;4;4;4;4;4;4;4;4;4;4;15;15;15;15;15;15;15;15;15;15;15;15;NA;NA;NA;NA;NA;NA;NA;NA;NA;NA;NA
2021-09-23;"0-60";1;1;1;1;1;1;1;1;1;1;1;1;5;5;5;5;5;5;5;5;5;5;5;5;1;1;1;1;1;1;1;1;1;1;1
2021-09-23;"60+";1;1;1;1;1;1;1;1;1;1;1;1;8;8;8;8;8;8;8;8;8;8;8;8;1;1;1;1;1;1;1;1;1;1;1
2021-09-23;"alle";2;2;2;2;2;2;2;2;2;2;2;2;13;13;13;13;13;13;13;13;13;13;13;13;NA;NA;NA;NA;NA;NA;NA;NA;NA;NA;NA
2021-09-22;"0-60";2;2;2;2;2;2;2;2;2;2;2;2;6;6;6;6;6;6;6;6;6;6;6;6;1;1;1;1;1;1;1;1;1;1;1
2021-09-22;"60+";3;3;3;3;3;3;3;3;3;3;3;3;8;8;8;8;8;8;8;8;8;8;8;8;1;1;1;1;1;1;1;1;1;1;1
2021-09-22;"alle";5;5;5;5;5;5;5;5;5;5;5;5;14;14;14;14;14;14;14;14;14;14;14;14;NA;NA;NA;NA;NA;NA;NA;NA;NA;NA;NA
2021-09-21;"0-60";0;0;0;0;0;0;0;0;0;0;0;0;6;6;6;6;6;6;6;6;6;6;6;6;1;1;1;1;1;1;1;1;1;1;1
2021-09-21;"60+";1;1;1;1;1;1;1;1;1;1;1;1;5;5;5;5;5;5;5;5;5;5;5;5;1;1;1;1;1;1;1;1;1;1;1
2021-09-21;"alle";1;1;1;1;1;1;1;1;1;1;1;1;11;11;11;11;11;11;11;11;11;11;11;11;NA;NA;NA;NA;NA;NA;NA;NA;NA;NA;NA
2021-09-20;"0-60";0;0;0;0;0;0;0;0;0;0;0;0;6;6;6;6;6;6;6;6;6;6;6;6;1;1;1;1;1;1;1;1;1;1;1
2021-09-20;"60+";0;0;0;0;0;0;0;0;0;0;0;0;4;4;4;4;4;4;4;4;4;4;4;4;1;1;1;1;1;1;1;1;1;1;1
2021-09-20;"alle";0;0;0;0;0;0;0;0;0;0;0;0;10;10;10;10;10;10;10;10;10;10;10;10;NA;NA;NA;NA;NA;NA;NA;NA;NA;NA;NA
2021-09-19;"0-60";1;1;1;1;1;1;1;1;1;1;1;1;6;6;6;6;6;6;6;6;6;6;6;6;1;1;1;1;1;1;1;1;1;1;1
2021-09-19;"60+";0;0;0;0;0;0;0;0;0;0;0;0;5;5;5;5;5;5;5;5;5;5;5;5;1;1;1;1;1;1;1;1;1;1;1
2021-09-19;"alle";1;1;1;1;1;1;1;1;1;1;1;1;11;11;11;11;11;11;11;11;11;11;11;11;NA;NA;NA;NA;NA;NA;NA;NA;NA;NA;NA
2021-09-18;"0-60";0;0;0;0;0;0;0;0;0;0;0;0;5;5;5;5;5;5;5;5;5;5;5;5;1;1;1;1;1;1;1;1;1;1;1
2021-09-18;"60+";2;2;2;2;2;2;2;2;2;2;2;2;5;5;5;5;5;5;5;5;5;5;5;5;1;1;1;1;1;1;1;1;1;1;1
2021-09-18;"alle";2;2;2;2;2;2;2;2;2;2;2;2;10;10;10;10;10;10;10;10;10;10;10;10;NA;NA;NA;NA;NA;NA;NA;NA;NA;NA;NA
2021-09-17;"0-60";1;1;1;1;1;1;1;1;1;1;1;1;6;6;6;6;6;6;6;6;6;6;6;6;1;1;1;1;1;1;1;1;1;1;1
2021-09-17;"60+";1;1;1;1;1;1;1;1;1;1;1;1;4;4;4;4;4;4;4;4;4;4;4;4;1;1;1;1;1;1;1;1;1;1;1
2021-09-17;"alle";2;2;2;2;2;2;2;2;2;2;2;2;10;10;10;10;10;10;10;10;10;10;10;10;NA;NA;NA;NA;NA;NA;NA;NA;NA;NA;NA
2021-09-16;"0-60";2;2;2;2;2;2;2;2;2;2;2;2;6;6;6;6;6;6;6;6;6;6;6;6;1;1;1;1;1;1;1;1;1;1;1
2021-09-16;"60+";1;1;1;1;1;1;1;1;1;1;1;1;6;6;6;6;6;6;6;6;6;6;6;6;1;1;1;1;1;1;1;1;1;1;1
2021-09-16;"alle";3;3;3;3;3;3;3;3;3;3;3;3;12;12;12;12;12;12;12;12;12;12;12;12;NA;NA;NA;NA;NA;NA;NA;NA;NA;NA;NA
2021-09-15;"0-60";2;2;2;2;2;2;2;2;2;2;2;2;7;7;7;7;7;7;7;7;7;7;7;7;1;1;1;1;1;1;1;1;1;1;1
2021-09-15;"60+";0;0;0;0;0;0;0;0;0;0;0;0;8;8;8;8;8;8;8;8;8;8;8;8;1;1;1;1;1;1;1;1;1;1;1
2021-09-15;"alle";2;2;2;2;2;2;2;2;2;2;2;2;15;15;15;15;15;15;15;15;15;15;15;15;NA;NA;NA;NA;NA;NA;NA;NA;NA;NA;NA
2021-09-14;"0-60";0;0;0;0;0;0;0;0;0;0;0;0;7;7;7;7;7;7;7;7;7;7;7;7;1;1;1;1;1;1;1;1;1;1;1
2021-09-14;"60+";0;0;0;0;0;0;0;0;0;0;0;0;11;11;11;11;11;11;11;11;11;11;11;11;1;1;1;1;1;1;1;1;1;1;1
2021-09-14;"alle";0;0;0;0;0;0;0;0;0;0;0;0;18;18;18;18;18;18;18;18;18;18;18;18;NA;NA;NA;NA;NA;NA;NA;NA;NA;NA;NA
2021-09-13;"0-60";0;0;0;0;0;0;0;0;0;0;0;0;11;11;11;11;11;11;11;11;11;11;11;11;1;1;1;1;1;1;1;1;1;1;1
2021-09-13;"60+";1;1;1;1;1;1;1;1;1;1;1;1;13;13;13;13;13;13;13;13;13;13;13;13;1;1;1;1;1;1;1;1;1;1;1
2021-09-13;"alle";1;1;1;1;1;1;1;1;1;1;1;1;24;24;24;24;24;24;24;24;24;24;24;24;NA;NA;NA;NA;NA;NA;NA;NA;NA;NA;NA
2021-09-12;"0-60";0;0;0;0;0;0;0;0;0;0;0;0;11;11;11;11;11;11;11;11;11;11;11;11;1;1;1;1;1;1;1;1;1;1;1
2021-09-12;"60+";0;0;0;0;0;0;0;0;0;0;0;0;12;12;12;12;12;12;12;12;12;12;12;12;1;1;1;1;1;1;1;1;1;1;1
2021-09-12;"alle";0;0;0;0;0;0;0;0;0;0;0;0;23;23;23;23;23;23;23;23;23;23;23;23;NA;NA;NA;NA;NA;NA;NA;NA;NA;NA;NA
2021-09-11;"0-60";1;1;1;1;1;1;1;1;1;1;1;1;13;13;13;13;13;13;13;13;13;13;13;13;1;1;1;1;1;1;1;1;1;1;1
2021-09-11;"60+";1;1;1;1;1;1;1;1;1;1;1;1;16;16;16;16;16;16;16;16;16;16;16;16;1;1;1;1;1;1;1;1;1;1;1
2021-09-11;"alle";2;2;2;2;2;2;2;2;2;2;2;2;29;29;29;29;29;29;29;29;29;29;29;29;NA;NA;NA;NA;NA;NA;NA;NA;NA;NA;NA
2021-09-10;"0-60";1;1;1;1;1;1;1;1;1;1;1;1;14;14;14;14;14;14;14;14;14;14;14;14;1;1;1;1;1;1;1;1;1;1;1
2021-09-10;"60+";3;3;3;3;3;3;3;3;3;3;3;3;15;15;15;15;15;15;15;15;15;15;15;15;1;1;1;1;1;1;1;1;1;1;1
2021-09-10;"alle";4;4;4;4;4;4;4;4;4;4;4;4;29;29;29;29;29;29;29;29;29;29;29;29;NA;NA;NA;NA;NA;NA;NA;NA;NA;NA;NA
2021-09-09;"0-60";3;3;3;3;3;3;3;3;3;3;3;3;18;18;18;18;18;18;18;18;18;18;18;18;1;1;1;1;1;1;1;1;1;1;1
2021-09-09;"60+";3;3;3;3;3;3;3;3;3;3;3;3;14;14;14;14;14;14;14;14;14;14;14;14;1;1;1;1;1;1;1;1;1;1;1
2021-09-09;"alle";6;6;6;6;6;6;6;6;6;6;6;6;32;32;32;32;32;32;32;32;32;32;32;32;NA;NA;NA;NA;NA;NA;NA;NA;NA;NA;NA
2021-09-08;"0-60";2;2;2;2;2;2;2;2;2;2;2;2;16;16;16;16;16;16;16;16;16;16;16;16;1;1;1;1;1;1;1;1;1;1;1
2021-09-08;"60+";3;3;3;3;3;3;3;3;3;3;3;3;12;12;12;12;12;12;12;12;12;12;12;12;1;1;1;1;1;1;1;1;1;1;1
2021-09-08;"alle";5;5;5;5;5;5;5;5;5;5;5;5;28;28;28;28;28;28;28;28;28;28;28;28;NA;NA;NA;NA;NA;NA;NA;NA;NA;NA;NA
2021-09-07;"0-60";4;4;4;4;4;4;4;4;4;4;4;4;16;16;16;16;16;16;16;16;16;16;16;16;1;1;1;1;1;1;1;1;1;1;1
2021-09-07;"60+";2;2;2;2;2;2;2;2;2;2;2;2;12;12;12;12;12;12;12;12;12;12;12;12;1;1;1;1;1;1;1;1;1;1;1
2021-09-07;"alle";6;6;6;6;6;6;6;6;6;6;6;6;28;28;28;28;28;28;28;28;28;28;28;28;NA;NA;NA;NA;NA;NA;NA;NA;NA;NA;NA
2021-09-06;"0-60";0;0;0;0;0;0;0;0;0;0;0;0;12;12;12;12;12;12;12;12;12;12;12;12;1;1;1;1;1;1;1;1;1;1;1
2021-09-06;"60+";0;0;0;0;0;0;0;0;0;0;0;0;11;11;11;11;11;11;11;11;11;11;11;11;1;1;1;1;1;1;1;1;1;1;1
2021-09-06;"alle";0;0;0;0;0;0;0;0;0;0;0;0;23;23;23;23;23;23;23;23;23;23;23;23;NA;NA;NA;NA;NA;NA;NA;NA;NA;NA;NA
2021-09-05;"0-60";2;2;2;2;2;2;2;2;2;2;2;2;14;14;14;14;14;14;14;14;14;14;14;14;1;1;1;1;1;1;1;1;1;1;1
2021-09-05;"60+";4;4;4;4;4;4;4;4;4;4;4;4;12;12;12;12;12;12;12;12;12;12;12;12;1;1;1;1;1;1;1;1;1;1;1
2021-09-05;"alle";6;6;6;6;6;6;6;6;6;6;6;6;26;26;26;26;26;26;26;26;26;26;26;26;NA;NA;NA;NA;NA;NA;NA;NA;NA;NA;NA
2021-09-04;"0-60";2;2;2;2;2;2;2;2;2;2;2;2;15;15;15;15;15;15;15;15;15;15;15;15;1;1;1;1;1;1;1;1;1;1;1
2021-09-04;"60+";0;0;0;0;0;0;0;0;0;0;0;0;10;10;10;10;10;10;10;10;10;10;10;10;1;1;1;1;1;1;1;1;1;1;1
2021-09-04;"alle";2;2;2;2;2;2;2;2;2;2;2;2;25;25;25;25;25;25;25;25;25;25;25;25;NA;NA;NA;NA;NA;NA;NA;NA;NA;NA;NA
2021-09-03;"0-60";5;5;5;5;5;5;5;5;5;5;5;5;16;16;16;16;16;16;16;16;16;16;16;16;1;1;1;1;1;1;1;1;1;1;1
2021-09-03;"60+";2;2;2;2;2;2;2;2;2;2;2;2;12;12;12;12;12;12;12;12;12;12;12;12;1;1;1;1;1;1;1;1;1;1;1
2021-09-03;"alle";7;7;7;7;7;7;7;7;7;7;7;7;28;28;28;28;28;28;28;28;28;28;28;28;NA;NA;NA;NA;NA;NA;NA;NA;NA;NA;NA
2021-09-02;"0-60";1;1;1;1;1;1;1;1;1;1;1;1;15;15;15;15;15;15;15;15;15;15;15;15;1;1;1;1;1;1;1;1;1;1;1
2021-09-02;"60+";1;1;1;1;1;1;1;1;1;1;1;1;13;13;13;13;13;13;13;13;13;13;13;13;1;1;1;1;1;1;1;1;1;1;1
2021-09-02;"alle";2;2;2;2;2;2;2;2;2;2;2;2;28;28;28;28;28;28;28;28;28;28;28;28;NA;NA;NA;NA;NA;NA;NA;NA;NA;NA;NA
2021-09-01;"0-60";2;2;2;2;2;2;2;2;2;2;2;2;17;17;17;17;17;17;17;17;17;17;17;17;1;1;1;1;1;1;1;1;1;1;1
2021-09-01;"60+";3;3;3;3;3;3;3;3;3;3;3;3;16;16;16;16;16;16;16;16;16;16;16;16;1;1;1;1;1;1;1;1;1;1;1
2021-09-01;"alle";5;5;5;5;5;5;5;5;5;5;5;5;33;33;33;33;33;33;33;33;33;33;33;33;NA;NA;NA;NA;NA;NA;NA;NA;NA;NA;NA
2021-08-31;"0-60";0;0;0;0;0;0;0;0;0;0;0;0;17;17;17;17;17;17;17;17;17;17;17;17;1;1;1;1;1;1;1;1;1;1;1
2021-08-31;"60+";1;1;1;1;1;1;1;1;1;1;1;1;17;17;17;17;17;17;17;17;17;17;17;17;1;1;1;1;1;1;1;1;1;1;1
2021-08-31;"alle";1;1;1;1;1;1;1;1;1;1;1;1;34;34;34;34;34;34;34;34;34;34;34;34;NA;NA;NA;NA;NA;NA;NA;NA;NA;NA;NA
2021-08-30;"0-60";2;2;2;2;2;2;2;2;2;2;2;2;21;21;21;21;21;21;21;21;21;21;21;21;1;1;1;1;1;1;1;1;1;1;1
2021-08-30;"60+";1;1;1;1;1;1;1;1;1;1;1;1;16;16;16;16;16;16;16;16;16;16;16;16;1;1;1;1;1;1;1;1;1;1;1
2021-08-30;"alle";3;3;3;3;3;3;3;3;3;3;3;3;37;37;37;37;37;37;37;37;37;37;37;37;NA;NA;NA;NA;NA;NA;NA;NA;NA;NA;NA
2021-08-29;"0-60";3;3;3;3;3;3;3;3;3;3;3;3;22;22;22;22;22;22;22;22;22;22;22;22;1;1;1;1;1;1;1;1;1;1;1
2021-08-29;"60+";2;2;2;2;2;2;2;2;2;2;2;2;16;16;16;16;16;16;16;16;16;16;16;16;1;1;1;1;1;1;1;1;1;1;1
2021-08-29;"alle";5;5;5;5;5;5;5;5;5;5;5;5;38;38;38;38;38;38;38;38;38;38;38;38;NA;NA;NA;NA;NA;NA;NA;NA;NA;NA;NA
2021-08-28;"0-60";3;3;3;3;3;3;3;3;3;3;3;3;20;20;20;20;20;20;20;20;20;20;20;20;1;1;1;1;1;1;1;1;1;1;1
2021-08-28;"60+";2;2;2;2;2;2;2;2;2;2;2;2;14;14;14;14;14;14;14;14;14;14;14;14;1;1;1;1;1;1;1;1;1;1;1
2021-08-28;"alle";5;5;5;5;5;5;5;5;5;5;5;5;34;34;34;34;34;34;34;34;34;34;34;34;NA;NA;NA;NA;NA;NA;NA;NA;NA;NA;NA
2021-08-27;"0-60";4;4;4;4;4;4;4;4;4;4;4;4;18;18;18;18;18;18;18;18;18;18;18;18;1;1;1;1;1;1;1;1;1;1;1
2021-08-27;"60+";3;3;3;3;3;3;3;3;3;3;3;3;14;14;14;14;14;14;14;14;14;14;14;14;1;1;1;1;1;1;1;1;1;1;1
2021-08-27;"alle";7;7;7;7;7;7;7;7;7;7;7;7;32;32;32;32;32;32;32;32;32;32;32;32;NA;NA;NA;NA;NA;NA;NA;NA;NA;NA;NA
2021-08-26;"0-60";3;3;3;3;3;3;3;3;3;3;3;3;15;15;15;15;15;15;15;15;15;15;15;15;1;1;1;1;1;1;1;1;1;1;1
2021-08-26;"60+";4;4;4;4;4;4;4;4;4;4;4;4;12;12;12;12;12;12;12;12;12;12;12;12;1;1;1;1;1;1;1;1;1;1;1
2021-08-26;"alle";7;7;7;7;7;7;7;7;7;7;7;7;27;27;27;27;27;27;27;27;27;27;27;27;NA;NA;NA;NA;NA;NA;NA;NA;NA;NA;NA
2021-08-25;"0-60";2;2;2;2;2;2;2;2;2;2;2;2;14;14;14;14;14;14;14;14;14;14;14;14;1;1;1;1;1;1;1;1;1;1;1
2021-08-25;"60+";4;4;4;4;4;4;4;4;4;4;4;4;8;8;8;8;8;8;8;8;8;8;8;8;1;1;1;1;1;1;1;1;1;1;1
2021-08-25;"alle";6;6;6;6;6;6;6;6;6;6;6;6;22;22;22;22;22;22;22;22;22;22;22;22;NA;NA;NA;NA;NA;NA;NA;NA;NA;NA;NA
2021-08-24;"0-60";4;4;4;4;4;4;4;4;4;4;4;4;17;17;17;17;17;17;17;17;17;17;17;17;1;1;1;1;1;1;1;1;1;1;1
2021-08-24;"60+";0;0;0;0;0;0;0;0;0;0;0;0;5;5;5;5;5;5;5;5;5;5;5;5;1;1;1;1;1;1;1;1;1;1;1
2021-08-24;"alle";4;4;4;4;4;4;4;4;4;4;4;4;22;22;22;22;22;22;22;22;22;22;22;22;NA;NA;NA;NA;NA;NA;NA;NA;NA;NA;NA
2021-08-23;"0-60";3;3;3;3;3;3;3;3;3;3;3;3;14;14;14;14;14;14;14;14;14;14;14;14;1;1;1;1;1;1;1;1;1;1;1
2021-08-23;"60+";1;1;1;1;1;1;1;1;1;1;1;1;7;7;7;7;7;7;7;7;7;7;7;7;1;1;1;1;1;1;1;1;1;1;1
2021-08-23;"alle";4;4;4;4;4;4;4;4;4;4;4;4;21;21;21;21;21;21;21;21;21;21;21;21;NA;NA;NA;NA;NA;NA;NA;NA;NA;NA;NA
2021-08-22;"0-60";1;1;1;1;1;1;1;1;1;1;1;1;13;13;13;13;13;13;13;13;13;13;13;13;1;1;1;1;1;1;1;1;1;1;1
2021-08-22;"60+";0;0;0;0;0;0;0;0;0;0;0;0;6;6;6;6;6;6;6;6;6;6;6;6;1;1;1;1;1;1;1;1;1;1;1
2021-08-22;"alle";1;1;1;1;1;1;1;1;1;1;1;1;19;19;19;19;19;19;19;19;19;19;19;19;NA;NA;NA;NA;NA;NA;NA;NA;NA;NA;NA
2021-08-21;"0-60";1;1;1;1;1;1;1;1;1;1;1;1;13;13;13;13;13;13;13;13;13;13;13;13;1;1;1;1;1;1;1;1;1;1;1
2021-08-21;"60+";2;2;2;2;2;2;2;2;2;2;2;2;6;6;6;6;6;6;6;6;6;6;6;6;1;1;1;1;1;1;1;1;1;1;1
2021-08-21;"alle";3;3;3;3;3;3;3;3;3;3;3;3;19;19;19;19;19;19;19;19;19;19;19;19;NA;NA;NA;NA;NA;NA;NA;NA;NA;NA;NA
2021-08-20;"0-60";1;1;1;1;1;1;1;1;1;1;1;1;15;15;15;15;15;15;15;15;15;15;15;15;1;1;1;1;1;1;1;1;1;1;1
2021-08-20;"60+";1;1;1;1;1;1;1;1;1;1;1;1;4;4;4;4;4;4;4;4;4;4;4;4;1;1;1;1;1;1;1;1;1;1;1
2021-08-20;"alle";2;2;2;2;2;2;2;2;2;2;2;2;19;19;19;19;19;19;19;19;19;19;19;19;NA;NA;NA;NA;NA;NA;NA;NA;NA;NA;NA
2021-08-19;"0-60";2;2;2;2;2;2;2;2;2;2;2;2;14;14;14;14;14;14;14;14;14;14;14;14;1;1;1;1;1;1;1;1;1;1;1
2021-08-19;"60+";0;0;0;0;0;0;0;0;0;0;0;0;3;3;3;3;3;3;3;3;3;3;3;3;1;1;1;1;1;1;1;1;1;1;1
2021-08-19;"alle";2;2;2;2;2;2;2;2;2;2;2;2;17;17;17;17;17;17;17;17;17;17;17;17;NA;NA;NA;NA;NA;NA;NA;NA;NA;NA;NA
2021-08-18;"0-60";5;5;5;5;5;5;5;5;5;5;5;5;14;14;14;14;14;14;14;14;14;14;14;14;1;1;1;1;1;1;1;1;1;1;1
2021-08-18;"60+";1;1;1;1;1;1;1;1;1;1;1;1;4;4;4;4;4;4;4;4;4;4;4;4;1;1;1;1;1;1;1;1;1;1;1
2021-08-18;"alle";6;6;6;6;6;6;6;6;6;6;6;6;18;18;18;18;18;18;18;18;18;18;18;18;NA;NA;NA;NA;NA;NA;NA;NA;NA;NA;NA
2021-08-17;"0-60";1;1;1;1;1;1;1;1;1;1;1;1;12;12;12;12;12;12;12;12;12;12;12;12;1;1;1;1;1;1;1;1;1;1;1
2021-08-17;"60+";2;2;2;2;2;2;2;2;2;2;2;2;4;4;4;4;4;4;4;4;4;4;4;4;1;1;1;1;1;1;1;1;1;1;1
2021-08-17;"alle";3;3;3;3;3;3;3;3;3;3;3;3;16;16;16;16;16;16;16;16;16;16;16;16;NA;NA;NA;NA;NA;NA;NA;NA;NA;NA;NA
2021-08-16;"0-60";2;2;2;2;2;2;2;2;2;2;2;2;11;11;11;11;11;11;11;11;11;11;11;11;1;1;1;1;1;1;1;1;1;1;1
2021-08-16;"60+";0;0;0;0;0;0;0;0;0;0;0;0;3;3;3;3;3;3;3;3;3;3;3;3;1;1;1;1;1;1;1;1;1;1;1
2021-08-16;"alle";2;2;2;2;2;2;2;2;2;2;2;2;14;14;14;14;14;14;14;14;14;14;14;14;NA;NA;NA;NA;NA;NA;NA;NA;NA;NA;NA
2021-08-15;"0-60";1;1;1;1;1;1;1;1;1;1;1;1;9;9;9;9;9;9;9;9;9;9;9;9;1;1;1;1;1;1;1;1;1;1;1
2021-08-15;"60+";0;0;0;0;0;0;0;0;0;0;0;0;3;3;3;3;3;3;3;3;3;3;3;3;1;1;1;1;1;1;1;1;1;1;1
2021-08-15;"alle";1;1;1;1;1;1;1;1;1;1;1;1;12;12;12;12;12;12;12;12;12;12;12;12;NA;NA;NA;NA;NA;NA;NA;NA;NA;NA;NA
2021-08-14;"0-60";3;3;3;3;3;3;3;3;3;3;3;3;8;8;8;8;8;8;8;8;8;8;8;8;1;1;1;1;1;1;1;1;1;1;1
2021-08-14;"60+";0;0;0;0;0;0;0;0;0;0;0;0;3;3;3;3;3;3;3;3;3;3;3;3;1;1;1;1;1;1;1;1;1;1;1
2021-08-14;"alle";3;3;3;3;3;3;3;3;3;3;3;3;11;11;11;11;11;11;11;11;11;11;11;11;NA;NA;NA;NA;NA;NA;NA;NA;NA;NA;NA
2021-08-13;"0-60";0;0;0;0;0;0;0;0;0;0;0;0;7;7;7;7;7;7;7;7;7;7;7;7;1;1;1;1;1;1;1;1;1;1;1
2021-08-13;"60+";0;0;0;0;0;0;0;0;0;0;0;0;4;4;4;4;4;4;4;4;4;4;4;4;1;1;1;1;1;1;1;1;1;1;1
2021-08-13;"alle";0;0;0;0;0;0;0;0;0;0;0;0;11;11;11;11;11;11;11;11;11;11;11;11;NA;NA;NA;NA;NA;NA;NA;NA;NA;NA;NA
2021-08-12;"0-60";2;2;2;2;2;2;2;2;2;2;2;2;7;7;7;7;7;7;7;7;7;7;7;7;1;1;1;1;1;1;1;1;1;1;1
2021-08-12;"60+";1;1;1;1;1;1;1;1;1;1;1;1;4;4;4;4;4;4;4;4;4;4;4;4;1;1;1;1;1;1;1;1;1;1;1
2021-08-12;"alle";3;3;3;3;3;3;3;3;3;3;3;3;11;11;11;11;11;11;11;11;11;11;11;11;NA;NA;NA;NA;NA;NA;NA;NA;NA;NA;NA
2021-08-11;"0-60";3;3;3;3;3;3;3;3;3;3;3;3;8;8;8;8;8;8;8;8;8;8;8;8;1;1;1;1;1;1;1;1;1;1;1
2021-08-11;"60+";1;1;1;1;1;1;1;1;1;1;1;1;3;3;3;3;3;3;3;3;3;3;3;3;1;1;1;1;1;1;1;1;1;1;1
2021-08-11;"alle";4;4;4;4;4;4;4;4;4;4;4;4;11;11;11;11;11;11;11;11;11;11;11;11;NA;NA;NA;NA;NA;NA;NA;NA;NA;NA;NA
2021-08-10;"0-60";0;0;0;0;0;0;0;0;0;0;0;0;6;6;6;6;6;6;6;6;6;6;6;6;1;1;1;1;1;1;1;1;1;1;1
2021-08-10;"60+";1;1;1;1;1;1;1;1;1;1;1;1;2;2;2;2;2;2;2;2;2;2;2;2;1;1;1;1;1;1;1;1;1;1;1
2021-08-10;"alle";1;1;1;1;1;1;1;1;1;1;1;1;8;8;8;8;8;8;8;8;8;8;8;8;NA;NA;NA;NA;NA;NA;NA;NA;NA;NA;NA
2021-08-09;"0-60";0;0;0;0;0;0;0;0;0;0;0;0;7;7;7;7;7;7;7;7;7;7;7;7;1;1;1;1;1;1;1;1;1;1;1
2021-08-09;"60+";0;0;0;0;0;0;0;0;0;0;0;0;2;2;2;2;2;2;2;2;2;2;2;2;1;1;1;1;1;1;1;1;1;1;1
2021-08-09;"alle";0;0;0;0;0;0;0;0;0;0;0;0;9;9;9;9;9;9;9;9;9;9;9;9;NA;NA;NA;NA;NA;NA;NA;NA;NA;NA;NA
2021-08-08;"0-60";0;0;0;0;0;0;0;0;0;0;0;0;7;7;7;7;7;7;7;7;7;7;7;7;1;1;1;1;1;1;1;1;1;1;1
2021-08-08;"60+";0;0;0;0;0;0;0;0;0;0;0;0;2;2;2;2;2;2;2;2;2;2;2;2;1;1;1;1;1;1;1;1;1;1;1
2021-08-08;"alle";0;0;0;0;0;0;0;0;0;0;0;0;9;9;9;9;9;9;9;9;9;9;9;9;NA;NA;NA;NA;NA;NA;NA;NA;NA;NA;NA
2021-08-07;"0-60";2;2;2;2;2;2;2;2;2;2;2;2;7;7;7;7;7;7;7;7;7;7;7;7;1;1;1;1;1;1;1;1;1;1;1
2021-08-07;"60+";1;1;1;1;1;1;1;1;1;1;1;1;4;4;4;4;4;4;4;4;4;4;4;4;1;1;1;1;1;1;1;1;1;1;1
2021-08-07;"alle";3;3;3;3;3;3;3;3;3;3;3;3;11;11;11;11;11;11;11;11;11;11;11;11;NA;NA;NA;NA;NA;NA;NA;NA;NA;NA;NA
2021-08-06;"0-60";0;0;0;0;0;0;0;0;0;0;0;0;7;7;7;7;7;7;7;7;7;7;7;7;1;1;1;1;1;1;1;1;1;1;1
2021-08-06;"60+";0;0;0;0;0;0;0;0;0;0;0;0;5;5;5;5;5;5;5;5;5;5;5;5;1;1;1;1;1;1;1;1;1;1;1
2021-08-06;"alle";0;0;0;0;0;0;0;0;0;0;0;0;12;12;12;12;12;12;12;12;12;12;12;12;NA;NA;NA;NA;NA;NA;NA;NA;NA;NA;NA
2021-08-05;"0-60";3;3;3;3;3;3;3;3;3;3;3;3;8;8;8;8;8;8;8;8;8;8;8;8;1;1;1;1;1;1;1;1;1;1;1
2021-08-05;"60+";0;0;0;0;0;0;0;0;0;0;0;0;5;5;5;5;5;5;5;5;5;5;5;5;1;1;1;1;1;1;1;1;1;1;1
2021-08-05;"alle";3;3;3;3;3;3;3;3;3;3;3;3;13;13;13;13;13;13;13;13;13;13;13;13;NA;NA;NA;NA;NA;NA;NA;NA;NA;NA;NA
2021-08-04;"0-60";1;1;1;1;1;1;1;1;1;1;1;1;6;6;6;6;6;6;6;6;6;6;6;6;1;1;1;1;1;1;1;1;1;1;1
2021-08-04;"60+";0;0;0;0;0;0;0;0;0;0;0;0;6;6;6;6;6;6;6;6;6;6;6;6;1;1;1;1;1;1;1;1;1;1;1
2021-08-04;"alle";1;1;1;1;1;1;1;1;1;1;1;1;12;12;12;12;12;12;12;12;12;12;12;12;NA;NA;NA;NA;NA;NA;NA;NA;NA;NA;NA
2021-08-03;"0-60";1;1;1;1;1;1;1;1;1;1;1;1;6;6;6;6;6;6;6;6;6;6;6;6;1;1;1;1;1;1;1;1;1;1;1
2021-08-03;"60+";1;1;1;1;1;1;1;1;1;1;1;1;6;6;6;6;6;6;6;6;6;6;6;6;1;1;1;1;1;1;1;1;1;1;1
2021-08-03;"alle";2;2;2;2;2;2;2;2;2;2;2;2;12;12;12;12;12;12;12;12;12;12;12;12;NA;NA;NA;NA;NA;NA;NA;NA;NA;NA;NA
2021-08-02;"0-60";0;0;0;0;0;0;0;0;0;0;0;0;5;5;5;5;5;5;5;5;5;5;5;5;1;1;1;1;1;1;1;1;1;1;1
2021-08-02;"60+";0;0;0;0;0;0;0;0;0;0;0;0;5;5;5;5;5;5;5;5;5;5;5;5;1;1;1;1;1;1;1;1;1;1;1
2021-08-02;"alle";0;0;0;0;0;0;0;0;0;0;0;0;10;10;10;10;10;10;10;10;10;10;10;10;NA;NA;NA;NA;NA;NA;NA;NA;NA;NA;NA
2021-08-01;"0-60";0;0;0;0;0;0;0;0;0;0;0;0;6;6;6;6;6;6;6;6;6;6;6;6;1;1;1;1;1;1;1;1;1;1;1
2021-08-01;"60+";2;2;2;2;2;2;2;2;2;2;2;2;5;5;5;5;5;5;5;5;5;5;5;5;1;1;1;1;1;1;1;1;1;1;1
2021-08-01;"alle";2;2;2;2;2;2;2;2;2;2;2;2;11;11;11;11;11;11;11;11;11;11;11;11;NA;NA;NA;NA;NA;NA;NA;NA;NA;NA;NA
2021-07-31;"0-60";2;2;2;2;2;2;2;2;2;2;2;2;8;8;8;8;8;8;8;8;8;8;8;8;1;1;1;1;1;1;1;1;1;1;1
2021-07-31;"60+";2;2;2;2;2;2;2;2;2;2;2;2;3;3;3;3;3;3;3;3;3;3;3;3;1;1;1;1;1;1;1;1;1;1;1
2021-07-31;"alle";4;4;4;4;4;4;4;4;4;4;4;4;11;11;11;11;11;11;11;11;11;11;11;11;NA;NA;NA;NA;NA;NA;NA;NA;NA;NA;NA
2021-07-30;"0-60";1;1;1;1;1;1;1;1;1;1;1;1;6;6;6;6;6;6;6;6;6;6;6;6;1;1;1;1;1;1;1;1;1;1;1
2021-07-30;"60+";0;0;0;0;0;0;0;0;0;0;0;0;1;1;1;1;1;1;1;1;1;1;1;1;1;1;1;1;1;1;1;1;1;1;1
2021-07-30;"alle";1;1;1;1;1;1;1;1;1;1;1;1;7;7;7;7;7;7;7;7;7;7;7;7;NA;NA;NA;NA;NA;NA;NA;NA;NA;NA;NA
2021-07-29;"0-60";1;1;1;1;1;1;1;1;1;1;1;1;5;5;5;5;5;5;5;5;5;5;5;5;1;1;1;1;1;1;1;1;1;1;1
2021-07-29;"60+";1;1;1;1;1;1;1;1;1;1;1;1;1;1;1;1;1;1;1;1;1;1;1;1;1;1;1;1;1;1;1;1;1;1;1
2021-07-29;"alle";2;2;2;2;2;2;2;2;2;2;2;2;6;6;6;6;6;6;6;6;6;6;6;6;NA;NA;NA;NA;NA;NA;NA;NA;NA;NA;NA
2021-07-28;"0-60";1;1;1;1;1;1;1;1;1;1;1;1;4;4;4;4;4;4;4;4;4;4;4;4;1;1;1;1;1;1;1;1;1;1;1
2021-07-28;"60+";0;0;0;0;0;0;0;0;0;0;0;0;1;1;1;1;1;1;1;1;1;1;1;1;1;1;1;1;1;1;1;1;1;1;1
2021-07-28;"alle";1;1;1;1;1;1;1;1;1;1;1;1;5;5;5;5;5;5;5;5;5;5;5;5;NA;NA;NA;NA;NA;NA;NA;NA;NA;NA;NA
2021-07-27;"0-60";0;0;0;0;0;0;0;0;0;0;0;0;4;4;4;4;4;4;4;4;4;4;4;4;1;1;1;1;1;1;1;1;1;1;1
2021-07-27;"60+";0;0;0;0;0;0;0;0;0;0;0;0;1;1;1;1;1;1;1;1;1;1;1;1;1;1;1;1;1;1;1;1;1;1;1
2021-07-27;"alle";0;0;0;0;0;0;0;0;0;0;0;0;5;5;5;5;5;5;5;5;5;5;5;5;NA;NA;NA;NA;NA;NA;NA;NA;NA;NA;NA
2021-07-26;"0-60";1;1;1;1;1;1;1;1;1;1;1;1;5;5;5;5;5;5;5;5;5;5;5;5;1;1;1;1;1;1;1;1;1;1;1
2021-07-26;"60+";0;0;0;0;0;0;0;0;0;0;0;0;2;2;2;2;2;2;2;2;2;2;2;2;1;1;1;1;1;1;1;1;1;1;1
2021-07-26;"alle";1;1;1;1;1;1;1;1;1;1;1;1;7;7;7;7;7;7;7;7;7;7;7;7;NA;NA;NA;NA;NA;NA;NA;NA;NA;NA;NA
2021-07-25;"0-60";2;2;2;2;2;2;2;2;2;2;2;2;4;4;4;4;4;4;4;4;4;4;4;4;1;1;1;1;1;1;1;1;1;1;1
2021-07-25;"60+";0;0;0;0;0;0;0;0;0;0;0;0;2;2;2;2;2;2;2;2;2;2;2;2;1;1;1;1;1;1;1;1;1;1;1
2021-07-25;"alle";2;2;2;2;2;2;2;2;2;2;2;2;6;6;6;6;6;6;6;6;6;6;6;6;NA;NA;NA;NA;NA;NA;NA;NA;NA;NA;NA
2021-07-24;"0-60";0;0;0;0;0;0;0;0;0;0;0;0;2;2;2;2;2;2;2;2;2;2;2;2;1;1;1;1;1;1;1;1;1;1;1
2021-07-24;"60+";0;0;0;0;0;0;0;0;0;0;0;0;2;2;2;2;2;2;2;2;2;2;2;2;1;1;1;1;1;1;1;1;1;1;1
2021-07-24;"alle";0;0;0;0;0;0;0;0;0;0;0;0;4;4;4;4;4;4;4;4;4;4;4;4;NA;NA;NA;NA;NA;NA;NA;NA;NA;NA;NA
2021-07-23;"0-60";0;0;0;0;0;0;0;0;0;0;0;0;3;3;3;3;3;3;3;3;3;3;3;3;1;1;1;1;1;1;1;1;1;1;1
2021-07-23;"60+";0;0;0;0;0;0;0;0;0;0;0;0;3;3;3;3;3;3;3;3;3;3;3;3;1;1;1;1;1;1;1;1;1;1;1
2021-07-23;"alle";0;0;0;0;0;0;0;0;0;0;0;0;6;6;6;6;6;6;6;6;6;6;6;6;NA;NA;NA;NA;NA;NA;NA;NA;NA;NA;NA
2021-07-22;"0-60";0;0;0;0;0;0;0;0;0;0;0;0;3;3;3;3;3;3;3;3;3;3;3;3;1;1;1;1;1;1;1;1;1;1;1
2021-07-22;"60+";1;1;1;1;1;1;1;1;1;1;1;1;3;3;3;3;3;3;3;3;3;3;3;3;1;1;1;1;1;1;1;1;1;1;1
2021-07-22;"alle";1;1;1;1;1;1;1;1;1;1;1;1;6;6;6;6;6;6;6;6;6;6;6;6;NA;NA;NA;NA;NA;NA;NA;NA;NA;NA;NA
2021-07-21;"0-60";1;1;1;1;1;1;1;1;1;1;1;1;3;3;3;3;3;3;3;3;3;3;3;3;1;1;1;1;1;1;1;1;1;1;1
2021-07-21;"60+";0;0;0;0;0;0;0;0;0;0;0;0;3;3;3;3;3;3;3;3;3;3;3;3;1;1;1;1;1;1;1;1;1;1;1
2021-07-21;"alle";1;1;1;1;1;1;1;1;1;1;1;1;6;6;6;6;6;6;6;6;6;6;6;6;NA;NA;NA;NA;NA;NA;NA;NA;NA;NA;NA
2021-07-20;"0-60";1;1;1;1;1;1;1;1;1;1;1;1;2;2;2;2;2;2;2;2;2;2;2;2;1;1;1;1;1;1;1;1;1;1;1
2021-07-20;"60+";1;1;1;1;1;1;1;1;1;1;1;1;3;3;3;3;3;3;3;3;3;3;3;3;1;1;1;1;1;1;1;1;1;1;1
2021-07-20;"alle";2;2;2;2;2;2;2;2;2;2;2;2;5;5;5;5;5;5;5;5;5;5;5;5;NA;NA;NA;NA;NA;NA;NA;NA;NA;NA;NA
2021-07-19;"0-60";0;0;0;0;0;0;0;0;0;0;0;0;1;1;1;1;1;1;1;1;1;1;1;1;1;1;1;1;1;1;1;1;1;1;1
2021-07-19;"60+";0;0;0;0;0;0;0;0;0;0;0;0;3;3;3;3;3;3;3;3;3;3;3;3;1;1;1;1;1;1;1;1;1;1;1
2021-07-19;"alle";0;0;0;0;0;0;0;0;0;0;0;0;4;4;4;4;4;4;4;4;4;4;4;4;NA;NA;NA;NA;NA;NA;NA;NA;NA;NA;NA
2021-07-18;"0-60";0;0;0;0;0;0;0;0;0;0;0;0;1;1;1;1;1;1;1;1;1;1;1;1;1;1;1;1;1;1;1;1;1;1;1
2021-07-18;"60+";0;0;0;0;0;0;0;0;0;0;0;0;3;3;3;3;3;3;3;3;3;3;3;3;1;1;1;1;1;1;1;1;1;1;1
2021-07-18;"alle";0;0;0;0;0;0;0;0;0;0;0;0;4;4;4;4;4;4;4;4;4;4;4;4;NA;NA;NA;NA;NA;NA;NA;NA;NA;NA;NA
2021-07-17;"0-60";1;1;1;1;1;1;1;1;1;1;1;1;2;2;2;2;2;2;2;2;2;2;2;2;1;1;1;1;1;1;1;1;1;1;1
2021-07-17;"60+";1;1;1;1;1;1;1;1;1;1;1;1;3;3;3;3;3;3;3;3;3;3;3;3;1;1;1;1;1;1;1;1;1;1;1
2021-07-17;"alle";2;2;2;2;2;2;2;2;2;2;2;2;5;5;5;5;5;5;5;5;5;5;5;5;NA;NA;NA;NA;NA;NA;NA;NA;NA;NA;NA
2021-07-16;"0-60";0;0;0;0;0;0;0;0;0;0;0;0;1;1;1;1;1;1;1;1;1;1;1;1;1;1;1;1;1;1;1;1;1;1;1
2021-07-16;"60+";0;0;0;0;0;0;0;0;0;0;0;0;2;2;2;2;2;2;2;2;2;2;2;2;1;1;1;1;1;1;1;1;1;1;1
2021-07-16;"alle";0;0;0;0;0;0;0;0;0;0;0;0;3;3;3;3;3;3;3;3;3;3;3;3;NA;NA;NA;NA;NA;NA;NA;NA;NA;NA;NA
2021-07-15;"0-60";0;0;0;0;0;0;0;0;0;0;0;0;1;1;1;1;1;1;1;1;1;1;1;1;1;1;1;1;1;1;1;1;1;1;1
2021-07-15;"60+";1;1;1;1;1;1;1;1;1;1;1;1;2;2;2;2;2;2;2;2;2;2;2;2;1;1;1;1;1;1;1;1;1;1;1
2021-07-15;"alle";1;1;1;1;1;1;1;1;1;1;1;1;3;3;3;3;3;3;3;3;3;3;3;3;NA;NA;NA;NA;NA;NA;NA;NA;NA;NA;NA
2021-07-14;"0-60";0;0;0;0;0;0;0;0;0;0;0;0;2;2;2;2;2;2;2;2;2;2;2;2;1;1;1;1;1;1;1;1;1;1;1
2021-07-14;"60+";0;0;0;0;0;0;0;0;0;0;0;0;2;2;2;2;2;2;2;2;2;2;2;2;1;1;1;1;1;1;1;1;1;1;1
2021-07-14;"alle";0;0;0;0;0;0;0;0;0;0;0;0;4;4;4;4;4;4;4;4;4;4;4;4;NA;NA;NA;NA;NA;NA;NA;NA;NA;NA;NA
2021-07-13;"0-60";0;0;0;0;0;0;0;0;0;0;0;0;3;3;3;3;3;3;3;3;3;3;3;3;1;1;1;1;1;1;1;1;1;1;1
2021-07-13;"60+";1;1;1;1;1;1;1;1;1;1;1;1;2;2;2;2;2;2;2;2;2;2;2;2;1;1;1;1;1;1;1;1;1;1;1
2021-07-13;"alle";1;1;1;1;1;1;1;1;1;1;1;1;5;5;5;5;5;5;5;5;5;5;5;5;NA;NA;NA;NA;NA;NA;NA;NA;NA;NA;NA
2021-07-12;"0-60";0;0;0;0;0;0;0;0;0;0;0;0;4;4;4;4;4;4;4;4;4;4;4;4;1;1;1;1;1;1;1;1;1;1;1
2021-07-12;"60+";0;0;0;0;0;0;0;0;0;0;0;0;1;1;1;1;1;1;1;1;1;1;1;1;1;1;1;1;1;1;1;1;1;1;1
2021-07-12;"alle";0;0;0;0;0;0;0;0;0;0;0;0;5;5;5;5;5;5;5;5;5;5;5;5;NA;NA;NA;NA;NA;NA;NA;NA;NA;NA;NA
2021-07-11;"0-60";1;1;1;1;1;1;1;1;1;1;1;1;4;4;4;4;4;4;4;4;4;4;4;4;1;1;1;1;1;1;1;1;1;1;1
2021-07-11;"60+";0;0;0;0;0;0;0;0;0;0;0;0;1;1;1;1;1;1;1;1;1;1;1;1;1;1;1;1;1;1;1;1;1;1;1
2021-07-11;"alle";1;1;1;1;1;1;1;1;1;1;1;1;5;5;5;5;5;5;5;5;5;5;5;5;NA;NA;NA;NA;NA;NA;NA;NA;NA;NA;NA
2021-07-10;"0-60";0;0;0;0;0;0;0;0;0;0;0;0;3;3;3;3;3;3;3;3;3;3;3;3;1;1;1;1;1;1;1;1;1;1;1
2021-07-10;"60+";0;0;0;0;0;0;0;0;0;0;0;0;1;1;1;1;1;1;1;1;1;1;1;1;1;1;1;1;1;1;1;1;1;1;1
2021-07-10;"alle";0;0;0;0;0;0;0;0;0;0;0;0;4;4;4;4;4;4;4;4;4;4;4;4;NA;NA;NA;NA;NA;NA;NA;NA;NA;NA;NA
2021-07-09;"0-60";0;0;0;0;0;0;0;0;0;0;0;0;3;3;3;3;3;3;3;3;3;3;3;3;1;1;1;1;1;1;1;1;1;1;1
2021-07-09;"60+";0;0;0;0;0;0;0;0;0;0;0;0;3;3;3;3;3;3;3;3;3;3;3;3;1;1;1;1;1;1;1;1;1;1;1
2021-07-09;"alle";0;0;0;0;0;0;0;0;0;0;0;0;6;6;6;6;6;6;6;6;6;6;6;6;NA;NA;NA;NA;NA;NA;NA;NA;NA;NA;NA
2021-07-08;"0-60";1;1;1;1;1;1;1;1;1;1;1;1;3;3;3;3;3;3;3;3;3;3;3;3;1;1;1;1;1;1;1;1;1;1;1
2021-07-08;"60+";1;1;1;1;1;1;1;1;1;1;1;1;3;3;3;3;3;3;3;3;3;3;3;3;1;1;1;1;1;1;1;1;1;1;1
2021-07-08;"alle";2;2;2;2;2;2;2;2;2;2;2;2;6;6;6;6;6;6;6;6;6;6;6;6;NA;NA;NA;NA;NA;NA;NA;NA;NA;NA;NA
2021-07-07;"0-60";1;1;1;1;1;1;1;1;1;1;1;1;2;2;2;2;2;2;2;2;2;2;2;2;1;1;1;1;1;1;1;1;1;1;1
2021-07-07;"60+";0;0;0;0;0;0;0;0;0;0;0;0;2;2;2;2;2;2;2;2;2;2;2;2;1;1;1;1;1;1;1;1;1;1;1
2021-07-07;"alle";1;1;1;1;1;1;1;1;1;1;1;1;4;4;4;4;4;4;4;4;4;4;4;4;NA;NA;NA;NA;NA;NA;NA;NA;NA;NA;NA
2021-07-06;"0-60";1;1;1;1;1;1;1;1;1;1;1;1;1;1;1;1;1;1;1;1;1;1;1;1;1;1;1;1;1;1;1;1;1;1;1
2021-07-06;"60+";0;0;0;0;0;0;0;0;0;0;0;0;2;2;2;2;2;2;2;2;2;2;2;2;1;1;1;1;1;1;1;1;1;1;1
2021-07-06;"alle";1;1;1;1;1;1;1;1;1;1;1;1;3;3;3;3;3;3;3;3;3;3;3;3;NA;NA;NA;NA;NA;NA;NA;NA;NA;NA;NA
2021-07-05;"0-60";0;0;0;0;0;0;0;0;0;0;0;0;1;1;1;1;1;1;1;1;1;1;1;1;1;1;1;1;1;1;1;1;1;1;1
2021-07-05;"60+";0;0;0;0;0;0;0;0;0;0;0;0;3;3;3;3;3;3;3;3;3;3;3;3;1;1;1;1;1;1;1;1;1;1;1
2021-07-05;"alle";0;0;0;0;0;0;0;0;0;0;0;0;4;4;4;4;4;4;4;4;4;4;4;4;NA;NA;NA;NA;NA;NA;NA;NA;NA;NA;NA
2021-07-04;"0-60";0;0;0;0;0;0;0;0;0;0;0;0;2;2;2;2;2;2;2;2;2;2;2;2;1;1;1;1;1;1;1;1;1;1;1
2021-07-04;"60+";0;0;0;0;0;0;0;0;0;0;0;0;3;3;3;3;3;3;3;3;3;3;3;3;1;1;1;1;1;1;1;1;1;1;1
2021-07-04;"alle";0;0;0;0;0;0;0;0;0;0;0;0;5;5;5;5;5;5;5;5;5;5;5;5;NA;NA;NA;NA;NA;NA;NA;NA;NA;NA;NA
2021-07-03;"0-60";0;0;0;0;0;0;0;0;0;0;0;0;2;2;2;2;2;2;2;2;2;2;2;2;1;1;1;1;1;1;1;1;1;1;1
2021-07-03;"60+";2;2;2;2;2;2;2;2;2;2;2;2;3;3;3;3;3;3;3;3;3;3;3;3;1;1;1;1;1;1;1;1;1;1;1
2021-07-03;"alle";2;2;2;2;2;2;2;2;2;2;2;2;5;5;5;5;5;5;5;5;5;5;5;5;NA;NA;NA;NA;NA;NA;NA;NA;NA;NA;NA
2021-07-02;"0-60";0;0;0;0;0;0;0;0;0;0;0;0;2;2;2;2;2;2;2;2;2;2;2;2;1;1;1;1;1;1;1;1;1;1;1
2021-07-02;"60+";0;0;0;0;0;0;0;0;0;0;0;0;1;1;1;1;1;1;1;1;1;1;1;1;1;1;1;1;1;1;1;1;1;1;1
2021-07-02;"alle";0;0;0;0;0;0;0;0;0;0;0;0;3;3;3;3;3;3;3;3;3;3;3;3;NA;NA;NA;NA;NA;NA;NA;NA;NA;NA;NA
2021-07-01;"0-60";0;0;0;0;0;0;0;0;0;0;0;0;2;2;2;2;2;2;2;2;2;2;2;2;1;1;1;1;1;1;1;1;1;1;1
2021-07-01;"60+";0;0;0;0;0;0;0;0;0;0;0;0;3;3;3;3;3;3;3;3;3;3;3;3;1;1;1;1;1;1;1;1;1;1;1
2021-07-01;"alle";0;0;0;0;0;0;0;0;0;0;0;0;5;5;5;5;5;5;5;5;5;5;5;5;NA;NA;NA;NA;NA;NA;NA;NA;NA;NA;NA
2021-06-30;"0-60";0;0;0;0;0;0;0;0;0;0;0;0;2;2;2;2;2;2;2;2;2;2;2;2;1;1;1;1;1;1;1;1;1;1;1
2021-06-30;"60+";0;0;0;0;0;0;0;0;0;0;0;0;3;3;3;3;3;3;3;3;3;3;3;3;1;1;1;1;1;1;1;1;1;1;1
2021-06-30;"alle";0;0;0;0;0;0;0;0;0;0;0;0;5;5;5;5;5;5;5;5;5;5;5;5;NA;NA;NA;NA;NA;NA;NA;NA;NA;NA;NA
2021-06-29;"0-60";1;1;1;1;1;1;1;1;1;1;1;1;2;2;2;2;2;2;2;2;2;2;2;2;1;1;1;1;1;1;1;1;1;1;1
2021-06-29;"60+";1;1;1;1;1;1;1;1;1;1;1;1;4;4;4;4;4;4;4;4;4;4;4;4;1;1;1;1;1;1;1;1;1;1;1
2021-06-29;"alle";2;2;2;2;2;2;2;2;2;2;2;2;6;6;6;6;6;6;6;6;6;6;6;6;NA;NA;NA;NA;NA;NA;NA;NA;NA;NA;NA
2021-06-28;"0-60";1;1;1;1;1;1;1;1;1;1;1;1;1;1;1;1;1;1;1;1;1;1;1;1;1;1;1;1;1;1;1;1;1;1;1
2021-06-28;"60+";0;0;0;0;0;0;0;0;0;0;0;0;3;3;3;3;3;3;3;3;3;3;3;3;1;1;1;1;1;1;1;1;1;1;1
2021-06-28;"alle";1;1;1;1;1;1;1;1;1;1;1;1;4;4;4;4;4;4;4;4;4;4;4;4;NA;NA;NA;NA;NA;NA;NA;NA;NA;NA;NA
2021-06-27;"0-60";0;0;0;0;0;0;0;0;0;0;0;0;0;0;0;0;0;0;0;NA;NA;NA;NA;NA;1;1;1;1;1;1;1;1;1;1;1
2021-06-27;"60+";0;0;0;0;0;0;0;0;0;0;0;0;3;3;3;3;3;3;3;3;3;3;3;3;1;1;1;1;1;1;1;1;1;1;1
2021-06-27;"alle";0;0;0;0;0;0;0;0;0;0;0;0;3;3;3;3;3;3;3;3;3;3;3;3;NA;NA;NA;NA;NA;NA;NA;NA;NA;NA;NA
2021-06-26;"0-60";0;0;0;0;0;0;0;0;0;0;0;0;0;0;0;0;0;0;0;NA;NA;NA;NA;NA;1;1;1;1;1;1;1;1;1;1;1
2021-06-26;"60+";0;0;0;0;0;0;0;0;0;0;0;0;3;3;3;3;3;3;3;3;3;3;3;3;1;1;1;1;1;1;1;1;1;1;1
2021-06-26;"alle";0;0;0;0;0;0;0;0;0;0;0;0;3;3;3;3;3;3;3;3;3;3;3;3;NA;NA;NA;NA;NA;NA;NA;NA;NA;NA;NA
2021-06-25;"0-60";0;0;0;0;0;0;0;0;0;0;0;0;0;0;0;0;0;0;0;NA;NA;NA;NA;NA;1;1;1;1;1;1;1;1;1;1;1
2021-06-25;"60+";2;2;2;2;2;2;2;2;2;2;2;2;4;4;4;4;4;4;4;4;4;4;4;4;1;1;1;1;1;1;1;1;1;1;1
2021-06-25;"alle";2;2;2;2;2;2;2;2;2;2;2;2;4;4;4;4;4;4;4;4;4;4;4;4;NA;NA;NA;NA;NA;NA;NA;NA;NA;NA;NA
2021-06-24;"0-60";0;0;0;0;0;0;0;0;0;0;0;0;1;1;1;1;1;1;1;1;1;1;1;1;1;1;1;1;1;1;1;1;1;1;1
2021-06-24;"60+";0;0;0;0;0;0;0;0;0;0;0;0;2;2;2;2;2;2;2;2;2;2;2;2;1;1;1;1;1;1;1;1;1;1;1
2021-06-24;"alle";0;0;0;0;0;0;0;0;0;0;0;0;3;3;3;3;3;3;3;3;3;3;3;3;NA;NA;NA;NA;NA;NA;NA;NA;NA;NA;NA
2021-06-23;"0-60";0;0;0;0;0;0;0;0;0;0;0;0;1;1;1;1;1;1;1;1;1;1;1;1;1;1;1;1;1;1;1;1;1;1;1
2021-06-23;"60+";1;1;1;1;1;1;1;1;1;1;1;1;3;3;3;3;3;3;3;3;3;3;3;3;1;1;1;1;1;1;1;1;1;1;1
2021-06-23;"alle";1;1;1;1;1;1;1;1;1;1;1;1;4;4;4;4;4;4;4;4;4;4;4;4;NA;NA;NA;NA;NA;NA;NA;NA;NA;NA;NA
2021-06-22;"0-60";0;0;0;0;0;0;0;0;0;0;0;0;4;4;4;4;4;4;4;4;4;4;4;4;1;1;1;1;1;1;1;1;1;1;1
2021-06-22;"60+";0;0;0;0;0;0;0;0;0;0;0;0;3;3;3;3;3;3;3;3;3;3;3;3;1;1;1;1;1;1;1;1;1;1;1
2021-06-22;"alle";0;0;0;0;0;0;0;0;0;0;0;0;7;7;7;7;7;7;7;7;7;7;7;7;NA;NA;NA;NA;NA;NA;NA;NA;NA;NA;NA
2021-06-21;"0-60";0;0;0;0;0;0;0;0;0;0;0;0;5;5;5;5;5;5;5;5;5;5;5;5;1;1;1;1;1;1;1;1;1;1;1
2021-06-21;"60+";0;0;0;0;0;0;0;0;0;0;0;0;4;4;4;4;4;4;4;4;4;4;4;4;1;1;1;1;1;1;1;1;1;1;1
2021-06-21;"alle";0;0;0;0;0;0;0;0;0;0;0;0;9;9;9;9;9;9;9;9;9;9;9;9;NA;NA;NA;NA;NA;NA;NA;NA;NA;NA;NA
2021-06-20;"0-60";0;0;0;0;0;0;0;0;0;0;0;0;5;5;5;5;5;5;5;5;5;5;5;5;1;1;1;1;1;1;1;1;1;1;1
2021-06-20;"60+";0;0;0;0;0;0;0;0;0;0;0;0;4;4;4;4;4;4;4;4;4;4;4;4;1;1;1;1;1;1;1;1;1;1;1
2021-06-20;"alle";0;0;0;0;0;0;0;0;0;0;0;0;9;9;9;9;9;9;9;9;9;9;9;9;NA;NA;NA;NA;NA;NA;NA;NA;NA;NA;NA
2021-06-19;"0-60";0;0;0;0;0;0;0;0;0;0;0;0;5;5;5;5;5;5;5;5;5;5;5;5;1;1;1;1;1;1;1;1;1;1;1
2021-06-19;"60+";1;1;1;1;1;1;1;1;1;1;1;1;4;4;4;4;4;4;4;4;4;4;4;4;1;1;1;1;1;1;1;1;1;1;1
2021-06-19;"alle";1;1;1;1;1;1;1;1;1;1;1;1;9;9;9;9;9;9;9;9;9;9;9;9;NA;NA;NA;NA;NA;NA;NA;NA;NA;NA;NA
2021-06-18;"0-60";1;1;1;1;1;1;1;1;1;1;1;1;5;5;5;5;5;5;5;5;5;5;5;5;1;1;1;1;1;1;1;1;1;1;1
2021-06-18;"60+";0;0;0;0;0;0;0;0;0;0;0;0;3;3;3;3;3;3;3;3;3;3;3;3;1;1;1;1;1;1;1;1;1;1;1
2021-06-18;"alle";1;1;1;1;1;1;1;1;1;1;1;1;8;8;8;8;8;8;8;8;8;8;8;8;NA;NA;NA;NA;NA;NA;NA;NA;NA;NA;NA
2021-06-17;"0-60";0;0;0;0;0;0;0;0;0;0;0;0;6;6;6;6;6;6;6;6;6;6;6;6;1;1;1;1;1;1;1;1;1;1;1
2021-06-17;"60+";1;1;1;1;1;1;1;1;1;1;1;1;3;3;3;3;3;3;3;3;3;3;3;3;1;1;1;1;1;1;1;1;1;1;1
2021-06-17;"alle";1;1;1;1;1;1;1;1;1;1;1;1;9;9;9;9;9;9;9;9;9;9;9;9;NA;NA;NA;NA;NA;NA;NA;NA;NA;NA;NA
2021-06-16;"0-60";3;3;3;3;3;3;3;3;3;3;3;3;7;7;7;7;7;7;7;7;7;7;7;7;1;1;1;1;1;1;1;1;1;1;1
2021-06-16;"60+";1;1;1;1;1;1;1;1;1;1;1;1;3;3;3;3;3;3;3;3;3;3;3;3;1;1;1;1;1;1;1;1;1;1;1
2021-06-16;"alle";4;4;4;4;4;4;4;4;4;4;4;4;10;10;10;10;10;10;10;10;10;10;10;10;NA;NA;NA;NA;NA;NA;NA;NA;NA;NA;NA
2021-06-15;"0-60";1;1;1;1;1;1;1;1;1;1;1;1;5;5;5;5;5;5;5;5;5;5;5;5;1;1;1;1;1;1;1;1;1;1;1
2021-06-15;"60+";1;1;1;1;1;1;1;1;1;1;1;1;4;4;4;4;4;4;4;4;4;4;4;4;1;1;1;1;1;1;1;1;1;1;1
2021-06-15;"alle";2;2;2;2;2;2;2;2;2;2;2;2;9;9;9;9;9;9;9;9;9;9;9;9;NA;NA;NA;NA;NA;NA;NA;NA;NA;NA;NA
2021-06-14;"0-60";0;0;0;0;0;0;0;0;0;0;0;0;5;5;5;5;5;5;5;5;5;5;5;5;1;1;1;1;1;1;1;1;1;1;1
2021-06-14;"60+";0;0;0;0;0;0;0;0;0;0;0;0;4;4;4;4;4;4;4;4;4;4;4;4;1;1;1;1;1;1;1;1;1;1;1
2021-06-14;"alle";0;0;0;0;0;0;0;0;0;0;0;0;9;9;9;9;9;9;9;9;9;9;9;9;NA;NA;NA;NA;NA;NA;NA;NA;NA;NA;NA
2021-06-13;"0-60";0;0;0;0;0;0;0;0;0;0;0;0;5;5;5;5;5;5;5;5;5;5;5;5;1;1;1;1;1;1;1;1;1;1;1
2021-06-13;"60+";0;0;0;0;0;0;0;0;0;0;0;0;4;4;4;4;4;4;4;4;4;4;4;4;1;1;1;1;1;1;1;1;1;1;1
2021-06-13;"alle";0;0;0;0;0;0;0;0;0;0;0;0;9;9;9;9;9;9;9;9;9;9;9;9;NA;NA;NA;NA;NA;NA;NA;NA;NA;NA;NA
2021-06-12;"0-60";0;0;0;0;0;0;0;0;0;0;0;0;6;6;6;6;6;6;6;6;6;6;6;6;1;1;1;1;1;1;1;1;1;1;1
2021-06-12;"60+";0;0;0;0;0;0;0;0;0;0;0;0;5;5;5;5;5;5;5;5;5;5;5;5;1;1;1;1;1;1;1;1;1;1;1
2021-06-12;"alle";0;0;0;0;0;0;0;0;0;0;0;0;11;11;11;11;11;11;11;11;11;11;11;11;NA;NA;NA;NA;NA;NA;NA;NA;NA;NA;NA
2021-06-11;"0-60";2;2;2;2;2;2;2;2;2;2;2;2;6;6;6;6;6;6;6;6;6;6;6;6;1;1;1;1;1;1;1;1;1;1;1
2021-06-11;"60+";0;0;0;0;0;0;0;0;0;0;0;0;6;6;6;6;6;6;6;6;6;6;6;6;1;1;1;1;1;1;1;1;1;1;1
2021-06-11;"alle";2;2;2;2;2;2;2;2;2;2;2;2;12;12;12;12;12;12;12;12;12;12;12;12;NA;NA;NA;NA;NA;NA;NA;NA;NA;NA;NA
2021-06-10;"0-60";1;1;1;1;1;1;1;1;1;1;1;1;5;5;5;5;5;5;5;5;5;5;5;5;1;1;1;1;1;1;1;1;1;1;1
2021-06-10;"60+";1;1;1;1;1;1;1;1;1;1;1;1;6;6;6;6;6;6;6;6;6;6;6;6;1;1;1;1;1;1;1;1;1;1;1
2021-06-10;"alle";2;2;2;2;2;2;2;2;2;2;2;2;11;11;11;11;11;11;11;11;11;11;11;11;NA;NA;NA;NA;NA;NA;NA;NA;NA;NA;NA
2021-06-09;"0-60";1;1;1;1;1;1;1;1;1;1;1;1;5;5;5;5;5;5;5;5;5;5;5;5;1;1;1;1;1;1;1;1;1;1;1
2021-06-09;"60+";2;2;2;2;2;2;2;2;2;2;2;2;6;6;6;6;6;6;6;6;6;6;6;6;1;1;1;1;1;1;1;1;1;1;1
2021-06-09;"alle";3;3;3;3;3;3;3;3;3;3;3;3;11;11;11;11;11;11;11;11;11;11;11;11;NA;NA;NA;NA;NA;NA;NA;NA;NA;NA;NA
2021-06-08;"0-60";1;1;1;1;1;1;1;1;1;1;1;1;5;5;5;5;5;5;5;5;5;5;5;5;1;1;1;1;1;1;1;1;1;1;1
2021-06-08;"60+";1;1;1;1;1;1;1;1;1;1;1;1;4;4;4;4;4;4;4;4;4;4;4;4;1;1;1;1;1;1;1;1;1;1;1
2021-06-08;"alle";2;2;2;2;2;2;2;2;2;2;2;2;9;9;9;9;9;9;9;9;9;9;9;9;NA;NA;NA;NA;NA;NA;NA;NA;NA;NA;NA
2021-06-07;"0-60";0;0;0;0;0;0;0;0;0;0;0;0;4;4;4;4;4;4;4;4;4;4;4;4;1;1;1;1;1;1;1;1;1;1;1
2021-06-07;"60+";0;0;0;0;0;0;0;0;0;0;0;0;4;4;4;4;4;4;4;4;4;4;4;4;1;1;1;1;1;1;1;1;1;1;1
2021-06-07;"alle";0;0;0;0;0;0;0;0;0;0;0;0;8;8;8;8;8;8;8;8;8;8;8;8;NA;NA;NA;NA;NA;NA;NA;NA;NA;NA;NA
2021-06-06;"0-60";1;1;1;1;1;1;1;1;1;1;1;1;4;4;4;4;4;4;4;4;4;4;4;4;1;1;1;1;1;1;1;1;1;1;1
2021-06-06;"60+";1;1;1;1;1;1;1;1;1;1;1;1;4;4;4;4;4;4;4;4;4;4;4;4;1;1;1;1;1;1;1;1;1;1;1
2021-06-06;"alle";2;2;2;2;2;2;2;2;2;2;2;2;8;8;8;8;8;8;8;8;8;8;8;8;NA;NA;NA;NA;NA;NA;NA;NA;NA;NA;NA
2021-06-05;"0-60";0;0;0;0;0;0;0;0;0;0;0;0;4;4;4;4;4;4;4;4;4;4;4;4;1;1;1;1;1;1;1;1;1;1;1
2021-06-05;"60+";1;1;1;1;1;1;1;1;1;1;1;1;5;5;5;5;5;5;5;5;5;5;5;5;1;1;1;1;1;1;1;1;1;1;1
2021-06-05;"alle";1;1;1;1;1;1;1;1;1;1;1;1;9;9;9;9;9;9;9;9;9;9;9;9;NA;NA;NA;NA;NA;NA;NA;NA;NA;NA;NA
2021-06-04;"0-60";1;1;1;1;1;1;1;1;1;1;1;1;5;5;5;5;5;5;5;5;5;5;5;5;1;1;1;1;1;1;1;1;1;1;1
2021-06-04;"60+";0;0;0;0;0;0;0;0;0;0;0;0;5;5;5;5;5;5;5;5;5;5;5;5;1;1;1;1;1;1;1;1;1;1;1
2021-06-04;"alle";1;1;1;1;1;1;1;1;1;1;1;1;10;10;10;10;10;10;10;10;10;10;10;10;NA;NA;NA;NA;NA;NA;NA;NA;NA;NA;NA
2021-06-03;"0-60";1;1;1;1;1;1;1;1;1;1;1;1;5;5;5;5;5;5;5;5;5;5;5;5;1;1;1;1;1;1;1;1;1;1;1
2021-06-03;"60+";1;1;1;1;1;1;1;1;1;1;1;1;7;7;7;7;7;7;7;7;7;7;7;7;1;1;1;1;1;1;1;1;1;1;1
2021-06-03;"alle";2;2;2;2;2;2;2;2;2;2;2;2;12;12;12;12;12;12;12;12;12;12;12;12;NA;NA;NA;NA;NA;NA;NA;NA;NA;NA;NA
2021-06-02;"0-60";1;1;1;1;1;1;1;1;1;1;1;1;6;6;6;6;6;6;6;6;6;6;6;6;1;1;1;1;1;1;1;1;1;1;1
2021-06-02;"60+";0;0;0;0;0;0;0;0;0;0;0;0;8;8;8;8;8;8;8;8;8;8;8;8;1;1;1;1;1;1;1;1;1;1;1
2021-06-02;"alle";1;1;1;1;1;1;1;1;1;1;1;1;14;14;14;14;14;14;14;14;14;14;14;14;NA;NA;NA;NA;NA;NA;NA;NA;NA;NA;NA
2021-06-01;"0-60";0;0;0;0;0;0;0;0;0;0;0;0;7;7;7;7;7;7;7;7;7;7;7;7;1;1;1;1;1;1;1;1;1;1;1
2021-06-01;"60+";1;1;1;1;1;1;1;1;1;1;1;1;9;9;9;9;9;9;9;9;9;9;9;9;1;1;1;1;1;1;1;1;1;1;1
2021-06-01;"alle";1;1;1;1;1;1;1;1;1;1;1;1;16;16;16;16;16;16;16;16;16;16;16;16;NA;NA;NA;NA;NA;NA;NA;NA;NA;NA;NA
2021-05-31;"0-60";0;0;0;0;0;0;0;0;0;0;0;0;7;7;7;7;7;7;7;7;7;7;7;7;1;1;1;1;1;1;1;1;1;1;1
2021-05-31;"60+";0;0;0;0;0;0;0;0;0;0;0;0;9;9;9;9;9;9;9;9;9;9;9;9;1;1;1;1;1;1;1;1;1;1;1
2021-05-31;"alle";0;0;0;0;0;0;0;0;0;0;0;0;16;16;16;16;16;16;16;16;16;16;16;16;NA;NA;NA;NA;NA;NA;NA;NA;NA;NA;NA
2021-05-30;"0-60";1;1;1;1;1;1;1;1;1;1;1;1;7;7;7;7;7;7;7;7;7;7;7;7;1;1;1;1;1;1;1;1;1;1;1
2021-05-30;"60+";2;2;2;2;2;2;2;2;2;2;2;2;9;9;9;9;9;9;9;9;9;9;9;9;1;1;1;1;1;1;1;1;1;1;1
2021-05-30;"alle";3;3;3;3;3;3;3;3;3;3;3;3;16;16;16;16;16;16;16;16;16;16;16;16;NA;NA;NA;NA;NA;NA;NA;NA;NA;NA;NA
2021-05-29;"0-60";1;1;1;1;1;1;1;1;1;1;1;1;7;7;7;7;7;7;7;7;7;7;7;7;1;1;1;1;1;1;1;1;1;1;1
2021-05-29;"60+";1;1;1;1;1;1;1;1;1;1;1;1;7;7;7;7;7;7;7;7;7;7;7;7;1;1;1;1;1;1;1;1;1;1;1
2021-05-29;"alle";2;2;2;2;2;2;2;2;2;2;2;2;14;14;14;14;14;14;14;14;14;14;14;14;NA;NA;NA;NA;NA;NA;NA;NA;NA;NA;NA
2021-05-28;"0-60";1;1;1;1;1;1;1;1;1;1;1;1;7;7;7;7;7;7;7;7;7;7;7;7;1;1;1;1;1;1;1;1;1;1;1
2021-05-28;"60+";2;2;2;2;2;2;2;2;2;2;2;2;8;8;8;8;8;8;8;8;8;8;8;8;1;1;1;1;1;1;1;1;1;1;1
2021-05-28;"alle";3;3;3;3;3;3;3;3;3;3;3;3;15;15;15;15;15;15;15;15;15;15;15;15;NA;NA;NA;NA;NA;NA;NA;NA;NA;NA;NA
2021-05-27;"0-60";2;2;2;2;2;2;2;2;2;2;2;2;8;8;8;8;8;8;8;8;8;8;8;8;1;1;1;1;1;1;1;1;1;1;1
2021-05-27;"60+";2;2;2;2;2;2;2;2;2;2;2;2;6;6;6;6;6;6;6;6;6;6;6;6;1;1;1;1;1;1;1;1;1;1;1
2021-05-27;"alle";4;4;4;4;4;4;4;4;4;4;4;4;14;14;14;14;14;14;14;14;14;14;14;14;NA;NA;NA;NA;NA;NA;NA;NA;NA;NA;NA
2021-05-26;"0-60";2;2;2;2;2;2;2;2;2;2;2;2;10;10;10;10;10;10;10;10;10;10;10;10;1;1;1;1;1;1;1;1;1;1;1
2021-05-26;"60+";1;1;1;1;1;1;1;1;1;1;1;1;10;10;10;10;10;10;10;10;10;10;10;10;1;1;1;1;1;1;1;1;1;1;1
2021-05-26;"alle";3;3;3;3;3;3;3;3;3;3;3;3;20;20;20;20;20;20;20;20;20;20;20;20;NA;NA;NA;NA;NA;NA;NA;NA;NA;NA;NA
2021-05-25;"0-60";0;0;0;0;0;0;0;0;0;0;0;0;10;10;10;10;10;10;10;10;10;10;10;10;1;1;1;1;1;1;1;1;1;1;1
2021-05-25;"60+";1;1;1;1;1;1;1;1;1;1;1;1;13;13;13;13;13;13;13;13;13;13;13;13;1;1;1;1;1;1;1;1;1;1;1
2021-05-25;"alle";1;1;1;1;1;1;1;1;1;1;1;1;23;23;23;23;23;23;23;23;23;23;23;23;NA;NA;NA;NA;NA;NA;NA;NA;NA;NA;NA
2021-05-24;"0-60";0;0;0;0;0;0;0;0;0;0;0;0;11;11;11;11;11;11;11;11;11;11;11;11;1;1;1;1;1;1;1;1;1;1;1
2021-05-24;"60+";0;0;0;0;0;0;0;0;0;0;0;0;13;13;13;13;13;13;13;13;13;13;13;13;1;1;1;1;1;1;1;1;1;1;1
2021-05-24;"alle";0;0;0;0;0;0;0;0;0;0;0;0;24;24;24;24;24;24;24;24;24;24;24;24;NA;NA;NA;NA;NA;NA;NA;NA;NA;NA;NA
2021-05-23;"0-60";1;1;1;1;1;1;1;1;1;1;1;1;12;12;12;12;12;12;12;12;12;12;12;12;1;1;1;1;1;1;1;1;1;1;1
2021-05-23;"60+";0;0;0;0;0;0;0;0;0;0;0;0;14;14;14;14;14;14;14;14;14;14;14;14;1;1;1;1;1;1;1;1;1;1;1
2021-05-23;"alle";1;1;1;1;1;1;1;1;1;1;1;1;26;26;26;26;26;26;26;26;26;26;26;26;NA;NA;NA;NA;NA;NA;NA;NA;NA;NA;NA
2021-05-22;"0-60";1;1;1;1;1;1;1;1;1;1;1;1;11;11;11;11;11;11;11;11;11;11;11;11;1;1;1;1;1;1;1;1;1;1;1
2021-05-22;"60+";2;2;2;2;2;2;2;2;2;2;2;2;18;18;18;18;18;18;18;18;18;18;18;18;1;1;1;1;1;1;1;1;1;1;1
2021-05-22;"alle";3;3;3;3;3;3;3;3;3;3;3;3;29;29;29;29;29;29;29;29;29;29;29;29;NA;NA;NA;NA;NA;NA;NA;NA;NA;NA;NA
2021-05-21;"0-60";2;2;2;2;2;2;2;2;2;2;2;2;12;12;12;12;12;12;12;12;12;12;12;12;1;1;1;1;1;1;1;1;1;1;1
2021-05-21;"60+";0;0;0;0;0;0;0;0;0;0;0;0;20;20;20;20;20;20;20;20;20;20;20;20;1;1;1;1;1;1;1;1;1;1;1
2021-05-21;"alle";2;2;2;2;2;2;2;2;2;2;2;2;32;32;32;32;32;32;32;32;32;32;32;32;NA;NA;NA;NA;NA;NA;NA;NA;NA;NA;NA
2021-05-20;"0-60";4;4;4;4;4;4;4;4;4;4;4;4;15;15;15;15;15;15;15;15;15;15;15;15;1;1;1;1;1;1;1;1;1;1;1
2021-05-20;"60+";6;6;6;6;6;6;6;6;6;6;6;6;24;24;24;24;24;24;24;24;24;24;24;24;1;1;1;1;1;1;1;1;1;1;1
2021-05-20;"alle";10;10;10;10;10;10;10;10;10;10;10;10;39;39;39;39;39;39;39;39;39;39;39;39;NA;NA;NA;NA;NA;NA;NA;NA;NA;NA;NA
2021-05-19;"0-60";2;2;2;2;2;2;2;2;2;2;2;2;18;18;18;18;18;18;18;18;18;18;18;18;1;1;1;1;1;1;1;1;1;1;1
2021-05-19;"60+";4;4;4;4;4;4;4;4;4;4;4;4;23;23;23;23;23;23;23;23;23;23;23;23;1;1;1;1;1;1;1;1;1;1;1
2021-05-19;"alle";6;6;6;6;6;6;6;6;6;6;6;6;41;41;41;41;41;41;41;41;41;41;41;41;NA;NA;NA;NA;NA;NA;NA;NA;NA;NA;NA
2021-05-18;"0-60";1;1;1;1;1;1;1;1;1;1;1;1;18;18;18;18;18;18;18;18;18;18;18;18;1;1;1;1;1;1;1;1;1;1;1
2021-05-18;"60+";1;1;1;1;1;1;1;1;1;1;1;1;19;19;19;19;19;19;19;19;19;19;19;19;1;1;1;1;1;1;1;1;1;1;1
2021-05-18;"alle";2;2;2;2;2;2;2;2;2;2;2;2;37;37;37;37;37;37;37;37;37;37;37;37;NA;NA;NA;NA;NA;NA;NA;NA;NA;NA;NA
2021-05-17;"0-60";1;1;1;1;1;1;1;1;1;1;1;1;17;17;17;17;17;17;17;17;17;17;17;17;1;1;1;1;1;1;1;1;1;1;1
2021-05-17;"60+";1;1;1;1;1;1;1;1;1;1;1;1;20;20;20;20;20;20;20;20;20;20;20;20;1;1;1;1;1;1;1;1;1;1;1
2021-05-17;"alle";2;2;2;2;2;2;2;2;2;2;2;2;37;37;37;37;37;37;37;37;37;37;37;37;NA;NA;NA;NA;NA;NA;NA;NA;NA;NA;NA
2021-05-16;"0-60";0;0;0;0;0;0;0;0;0;0;0;0;16;16;16;16;16;16;16;16;16;16;16;16;1;1;1;1;1;1;1;1;1;1;1
2021-05-16;"60+";4;4;4;4;4;4;4;4;4;4;4;4;20;20;20;20;20;20;20;20;20;20;20;20;1;1;1;1;1;1;1;1;1;1;1
2021-05-16;"alle";4;4;4;4;4;4;4;4;4;4;4;4;36;36;36;36;36;36;36;36;36;36;36;36;NA;NA;NA;NA;NA;NA;NA;NA;NA;NA;NA
2021-05-15;"0-60";2;2;2;2;2;2;2;2;2;2;2;2;18;18;18;18;18;18;18;18;18;18;18;18;1;1;1;1;1;1;1;1;1;1;1
2021-05-15;"60+";4;4;4;4;4;4;4;4;4;4;4;4;17;17;17;17;17;17;17;17;17;17;17;17;1;1;1;1;1;1;1;1;1;1;1
2021-05-15;"alle";6;6;6;6;6;6;6;6;6;6;6;6;35;35;35;35;35;35;35;35;35;35;35;35;NA;NA;NA;NA;NA;NA;NA;NA;NA;NA;NA
2021-05-14;"0-60";5;5;5;5;5;5;5;5;5;5;5;5;20;20;20;20;20;20;20;20;20;20;20;20;1;1;1;1;1;1;1;1;1;1;1
2021-05-14;"60+";4;4;4;4;4;4;4;4;4;4;4;4;16;16;16;16;16;16;16;16;16;16;16;16;1;1;1;1;1;1;1;1;1;1;1
2021-05-14;"alle";9;9;9;9;9;9;9;9;9;9;9;9;36;36;36;36;36;36;36;36;36;36;36;36;NA;NA;NA;NA;NA;NA;NA;NA;NA;NA;NA
2021-05-13;"0-60";7;7;7;7;7;7;7;7;7;7;7;7;17;17;17;17;17;17;17;17;17;17;17;17;1;1;1;1;1;1;1;1;1;1;1
2021-05-13;"60+";5;5;5;5;5;5;5;5;5;5;5;5;14;14;14;14;14;14;14;14;14;14;14;14;1;1;1;1;1;1;1;1;1;1;1
2021-05-13;"alle";12;12;12;12;12;12;12;12;12;12;12;12;31;31;31;31;31;31;31;31;31;31;31;31;NA;NA;NA;NA;NA;NA;NA;NA;NA;NA;NA
2021-05-12;"0-60";2;2;2;2;2;2;2;2;2;2;2;2;12;12;12;12;12;12;12;12;12;12;12;12;1;1;1;1;1;1;1;1;1;1;1
2021-05-12;"60+";0;0;0;0;0;0;0;0;0;0;0;0;10;10;10;10;10;10;10;10;10;10;10;10;1;1;1;1;1;1;1;1;1;1;1
2021-05-12;"alle";2;2;2;2;2;2;2;2;2;2;2;2;22;22;22;22;22;22;22;22;22;22;22;22;NA;NA;NA;NA;NA;NA;NA;NA;NA;NA;NA
2021-05-11;"0-60";0;0;0;0;0;0;0;0;0;0;0;0;13;13;13;13;13;13;13;13;13;13;13;13;1;1;1;1;1;1;1;1;1;1;1
2021-05-11;"60+";2;2;2;2;2;2;2;2;2;2;2;2;11;11;11;11;11;11;11;11;11;11;11;11;1;1;1;1;1;1;1;1;1;1;1
2021-05-11;"alle";2;2;2;2;2;2;2;2;2;2;2;2;24;24;24;24;24;24;24;24;24;24;24;24;NA;NA;NA;NA;NA;NA;NA;NA;NA;NA;NA
2021-05-10;"0-60";0;0;0;0;0;0;0;0;0;0;0;0;13;13;13;13;13;13;13;13;13;13;13;13;1;1;1;1;1;1;1;1;1;1;1
2021-05-10;"60+";1;1;1;1;1;1;1;1;1;1;1;1;10;10;10;10;10;10;10;10;10;10;10;10;1;1;1;1;1;1;1;1;1;1;1
2021-05-10;"alle";1;1;1;1;1;1;1;1;1;1;1;1;23;23;23;23;23;23;23;23;23;23;23;23;NA;NA;NA;NA;NA;NA;NA;NA;NA;NA;NA
2021-05-09;"0-60";2;2;2;2;2;2;2;2;2;2;2;2;14;14;14;14;14;14;14;14;14;14;14;14;1;1;1;1;1;1;1;1;1;1;1
2021-05-09;"60+";1;1;1;1;1;1;1;1;1;1;1;1;9;9;9;9;9;9;9;9;9;9;9;9;1;1;1;1;1;1;1;1;1;1;1
2021-05-09;"alle";3;3;3;3;3;3;3;3;3;3;3;3;23;23;23;23;23;23;23;23;23;23;23;23;NA;NA;NA;NA;NA;NA;NA;NA;NA;NA;NA
2021-05-08;"0-60";4;4;4;4;4;4;4;4;4;4;4;4;13;13;13;13;13;13;13;13;13;13;13;13;1;1;1;1;1;1;1;1;1;1;1
2021-05-08;"60+";3;3;3;3;3;3;3;3;3;3;3;3;11;11;11;11;11;11;11;11;11;11;11;11;1;1;1;1;1;1;1;1;1;1;1
2021-05-08;"alle";7;7;7;7;7;7;7;7;7;7;7;7;24;24;24;24;24;24;24;24;24;24;24;24;NA;NA;NA;NA;NA;NA;NA;NA;NA;NA;NA
2021-05-07;"0-60";2;2;2;2;2;2;2;2;2;2;2;2;11;11;11;11;11;11;11;11;11;11;11;11;1;1;1;1;1;1;1;1;1;1;1
2021-05-07;"60+";2;2;2;2;2;2;2;2;2;2;2;2;11;11;11;11;11;11;11;11;11;11;11;11;1;1;1;1;1;1;1;1;1;1;1
2021-05-07;"alle";4;4;4;4;4;4;4;4;4;4;4;4;22;22;22;22;22;22;22;22;22;22;22;22;NA;NA;NA;NA;NA;NA;NA;NA;NA;NA;NA
2021-05-06;"0-60";2;2;2;2;2;2;2;2;2;2;2;2;10;10;10;10;10;10;10;10;10;10;10;10;1;1;1;1;1;1;1;1;1;1;1
2021-05-06;"60+";1;1;1;1;1;1;1;1;1;1;1;1;13;13;13;13;13;13;13;13;13;13;13;13;1;1;1;1;1;1;1;1;1;1;1
2021-05-06;"alle";3;3;3;3;3;3;3;3;3;3;3;3;23;23;23;23;23;23;23;23;23;23;23;23;NA;NA;NA;NA;NA;NA;NA;NA;NA;NA;NA
2021-05-05;"0-60";3;3;3;3;3;3;3;3;3;3;3;3;9;9;9;9;9;9;9;9;9;9;9;9;1;1;1;1;1;1;1;1;1;1;1
2021-05-05;"60+";1;1;1;1;1;1;1;1;1;1;1;1;13;13;13;13;13;13;13;13;13;13;13;13;1;1;1;1;1;1;1;1;1;1;1
2021-05-05;"alle";4;4;4;4;4;4;4;4;4;4;4;4;22;22;22;22;22;22;22;22;22;22;22;22;NA;NA;NA;NA;NA;NA;NA;NA;NA;NA;NA
2021-05-04;"0-60";0;0;0;0;0;0;0;0;0;0;0;0;6;6;6;6;6;6;6;6;6;6;6;6;1;1;1;1;1;1;1;1;1;1;1
2021-05-04;"60+";1;1;1;1;1;1;1;1;1;1;1;1;14;14;14;14;14;14;14;14;14;14;14;14;1;1;1;1;1;1;1;1;1;1;1
2021-05-04;"alle";1;1;1;1;1;1;1;1;1;1;1;1;20;20;20;20;20;20;20;20;20;20;20;20;NA;NA;NA;NA;NA;NA;NA;NA;NA;NA;NA
2021-05-03;"0-60";1;1;1;1;1;1;1;1;1;1;1;1;8;8;8;8;8;8;8;8;8;8;8;8;1;1;1;1;1;1;1;1;1;1;1
2021-05-03;"60+";0;0;0;0;0;0;0;0;0;0;0;0;15;15;15;15;15;15;15;15;15;15;15;15;1;1;1;1;1;1;1;1;1;1;1
2021-05-03;"alle";1;1;1;1;1;1;1;1;1;1;1;1;23;23;23;23;23;23;23;23;23;23;23;23;NA;NA;NA;NA;NA;NA;NA;NA;NA;NA;NA
2021-05-02;"0-60";1;1;1;1;1;1;1;1;1;1;1;1;9;9;9;9;9;9;9;9;9;9;9;9;1;1;1;1;1;1;1;1;1;1;1
2021-05-02;"60+";3;3;3;3;3;3;3;3;3;3;3;3;16;16;16;16;16;16;16;16;16;16;16;16;1;1;1;1;1;1;1;1;1;1;1
2021-05-02;"alle";4;4;4;4;4;4;4;4;4;4;4;4;25;25;25;25;25;25;25;25;25;25;25;25;NA;NA;NA;NA;NA;NA;NA;NA;NA;NA;NA
2021-05-01;"0-60";2;2;2;2;2;2;2;2;2;2;2;2;9;9;9;9;9;9;9;9;9;9;9;9;1;1;1;1;1;1;1;1;1;1;1
2021-05-01;"60+";3;3;3;3;3;3;3;3;3;3;3;3;14;14;14;14;14;14;14;14;14;14;14;14;1;1;1;1;1;1;1;1;1;1;1
2021-05-01;"alle";5;5;5;5;5;5;5;5;5;5;5;5;23;23;23;23;23;23;23;23;23;23;23;23;NA;NA;NA;NA;NA;NA;NA;NA;NA;NA;NA
2021-04-30;"0-60";1;1;1;1;1;1;1;1;1;1;1;1;10;10;10;10;10;10;10;10;10;10;10;10;1;1;1;1;1;1;1;1;1;1;1
2021-04-30;"60+";4;4;4;4;4;4;4;4;4;4;4;4;14;14;14;14;14;14;14;14;14;14;14;14;1;1;1;1;1;1;1;1;1;1;1
2021-04-30;"alle";5;5;5;5;5;5;5;5;5;5;5;5;24;24;24;24;24;24;24;24;24;24;24;24;NA;NA;NA;NA;NA;NA;NA;NA;NA;NA;NA
2021-04-29;"0-60";1;1;1;1;1;1;1;1;1;1;1;1;11;11;11;11;11;11;11;11;11;11;11;11;1;1;1;1;1;1;1;1;1;1;1
2021-04-29;"60+";1;1;1;1;1;1;1;1;1;1;1;1;13;13;13;13;13;13;13;13;13;13;13;13;1;1;1;1;1;1;1;1;1;1;1
2021-04-29;"alle";2;2;2;2;2;2;2;2;2;2;2;2;24;24;24;24;24;24;24;24;24;24;24;24;NA;NA;NA;NA;NA;NA;NA;NA;NA;NA;NA
2021-04-28;"0-60";0;0;0;0;0;0;0;0;0;0;0;0;13;13;13;13;13;13;13;13;13;13;13;13;1;1;1;1;1;1;1;1;1;1;1
2021-04-28;"60+";2;2;2;2;2;2;2;2;2;2;2;2;14;14;14;14;14;14;14;14;14;14;14;14;1;1;1;1;1;1;1;1;1;1;1
2021-04-28;"alle";2;2;2;2;2;2;2;2;2;2;2;2;27;27;27;27;27;27;27;27;27;27;27;27;NA;NA;NA;NA;NA;NA;NA;NA;NA;NA;NA
2021-04-27;"0-60";2;2;2;2;2;2;2;2;2;2;2;2;17;17;17;17;17;17;17;17;17;17;17;17;1;1;1;1;1;1;1;1;1;1;1
2021-04-27;"60+";2;2;2;2;2;2;2;2;2;2;2;2;21;21;21;21;21;21;21;21;21;21;21;21;1;1;1;1;1;1;1;1;1;1;1
2021-04-27;"alle";4;4;4;4;4;4;4;4;4;4;4;4;38;38;38;38;38;38;38;38;38;38;38;38;NA;NA;NA;NA;NA;NA;NA;NA;NA;NA;NA
2021-04-26;"0-60";2;2;2;2;2;2;2;2;2;2;2;2;15;15;15;15;15;15;15;15;15;15;15;15;1;1;1;1;1;1;1;1;1;1;1
2021-04-26;"60+";1;1;1;1;1;1;1;1;1;1;1;1;21;21;21;21;21;21;21;21;21;21;21;21;1;1;1;1;1;1;1;1;1;1;1
2021-04-26;"alle";3;3;3;3;3;3;3;3;3;3;3;3;36;36;36;36;36;36;36;36;36;36;36;36;NA;NA;NA;NA;NA;NA;NA;NA;NA;NA;NA
2021-04-25;"0-60";1;1;1;1;1;1;1;1;1;1;1;1;14;14;14;14;14;14;14;14;14;14;14;14;1;1;1;1;1;1;1;1;1;1;1
2021-04-25;"60+";1;1;1;1;1;1;1;1;1;1;1;1;22;22;22;22;22;22;22;22;22;22;22;22;1;1;1;1;1;1;1;1;1;1;1
2021-04-25;"alle";2;2;2;2;2;2;2;2;2;2;2;2;36;36;36;36;36;36;36;36;36;36;36;36;NA;NA;NA;NA;NA;NA;NA;NA;NA;NA;NA
2021-04-24;"0-60";3;3;3;3;3;3;3;3;3;3;3;3;17;17;17;17;17;17;17;17;17;17;17;17;1;1;1;1;1;1;1;1;1;1;1
2021-04-24;"60+";3;3;3;3;3;3;3;3;3;3;3;3;23;23;23;23;23;23;23;23;23;23;23;23;1;1;1;1;1;1;1;1;1;1;1
2021-04-24;"alle";6;6;6;6;6;6;6;6;6;6;6;6;40;40;40;40;40;40;40;40;40;40;40;40;NA;NA;NA;NA;NA;NA;NA;NA;NA;NA;NA
2021-04-23;"0-60";2;2;2;2;2;2;2;2;2;2;2;2;17;17;17;17;17;17;17;17;17;17;17;17;1;1;1;1;1;1;1;1;1;1;1
2021-04-23;"60+";3;3;3;3;3;3;3;3;3;3;3;3;25;25;25;25;25;25;25;25;25;25;25;25;1;1;1;1;1;1;1;1;1;1;1
2021-04-23;"alle";5;5;5;5;5;5;5;5;5;5;5;5;42;42;42;42;42;42;42;42;42;42;42;42;NA;NA;NA;NA;NA;NA;NA;NA;NA;NA;NA
2021-04-22;"0-60";3;3;3;3;3;3;3;3;3;3;3;3;22;22;22;22;22;22;22;22;22;22;22;22;1;1;1;1;1;1;1;1;1;1;1
2021-04-22;"60+";2;2;2;2;2;2;2;2;2;2;2;2;24;24;24;24;24;24;24;24;24;24;24;24;1;1;1;1;1;1;1;1;1;1;1
2021-04-22;"alle";5;5;5;5;5;5;5;5;5;5;5;5;46;46;46;46;46;46;46;46;46;46;46;46;NA;NA;NA;NA;NA;NA;NA;NA;NA;NA;NA
2021-04-21;"0-60";4;4;4;4;4;4;4;4;4;4;4;4;23;23;23;23;23;23;23;23;23;23;23;23;1;1;1;1;1;1;1;1;1;1;1
2021-04-21;"60+";9;9;9;9;9;9;9;9;9;9;9;9;29;29;29;29;29;29;29;29;29;29;29;29;1;1;1;1;1;1;1;1;1;1;1
2021-04-21;"alle";13;13;13;13;13;13;13;13;13;13;13;13;52;52;52;52;52;52;52;52;52;52;52;52;NA;NA;NA;NA;NA;NA;NA;NA;NA;NA;NA
2021-04-20;"0-60";0;0;0;0;0;0;0;0;0;0;0;0;21;21;21;21;21;21;21;21;21;21;21;21;1;1;1;1;1;1;1;1;1;1;1
2021-04-20;"60+";2;2;2;2;2;2;2;2;2;2;2;2;21;21;21;21;21;21;21;21;21;21;21;21;1;1;1;1;1;1;1;1;1;1;1
2021-04-20;"alle";2;2;2;2;2;2;2;2;2;2;2;2;42;42;42;42;42;42;42;42;42;42;42;42;NA;NA;NA;NA;NA;NA;NA;NA;NA;NA;NA
2021-04-19;"0-60";1;1;1;1;1;1;1;1;1;1;1;1;24;24;24;24;24;24;24;24;24;24;24;24;1;1;1;1;1;1;1;1;1;1;1
2021-04-19;"60+";2;2;2;2;2;2;2;2;2;2;2;2;23;23;23;23;23;23;23;23;23;23;23;23;1;1;1;1;1;1;1;1;1;1;1
2021-04-19;"alle";3;3;3;3;3;3;3;3;3;3;3;3;47;47;47;47;47;47;47;47;47;47;47;47;NA;NA;NA;NA;NA;NA;NA;NA;NA;NA;NA
2021-04-18;"0-60";4;4;4;4;4;4;4;4;4;4;4;4;25;25;25;25;25;25;25;25;25;25;25;25;1;1;1;1;1;1;1;1;1;1;1
2021-04-18;"60+";2;2;2;2;2;2;2;2;2;2;2;2;22;22;22;22;22;22;22;22;22;22;22;22;1;1;1;1;1;1;1;1;1;1;1
2021-04-18;"alle";6;6;6;6;6;6;6;6;6;6;6;6;47;47;47;47;47;47;47;47;47;47;47;47;NA;NA;NA;NA;NA;NA;NA;NA;NA;NA;NA
2021-04-17;"0-60";3;3;3;3;3;3;3;3;3;3;3;3;25;25;25;25;25;25;25;25;25;25;25;25;1;1;1;1;1;1;1;1;1;1;1
2021-04-17;"60+";5;5;5;5;5;5;5;5;5;5;5;5;25;25;25;25;25;25;25;25;25;25;25;25;1;1;1;1;1;1;1;1;1;1;1
2021-04-17;"alle";8;8;8;8;8;8;8;8;8;8;8;8;50;50;50;50;50;50;50;50;50;50;50;50;NA;NA;NA;NA;NA;NA;NA;NA;NA;NA;NA
2021-04-16;"0-60";7;7;7;7;7;7;7;7;7;7;7;7;28;28;28;28;28;28;28;28;28;28;28;28;1;1;1;1;1;1;1;1;1;1;1
2021-04-16;"60+";2;2;2;2;2;2;2;2;2;2;2;2;25;25;25;25;25;25;25;25;25;25;25;25;1;1;1;1;1;1;1;1;1;1;1
2021-04-16;"alle";9;9;9;9;9;9;9;9;9;9;9;9;53;53;53;53;53;53;53;53;53;53;53;53;NA;NA;NA;NA;NA;NA;NA;NA;NA;NA;NA
2021-04-15;"0-60";4;4;4;4;4;4;4;4;4;4;4;4;24;24;24;24;24;24;24;24;24;24;24;24;1;1;1;1;1;1;1;1;1;1;1
2021-04-15;"60+";7;7;7;7;7;7;7;7;7;7;7;7;30;30;30;30;30;30;30;30;30;30;30;30;1;1;1;1;1;1;1;1;1;1;1
2021-04-15;"alle";11;11;11;11;11;11;11;11;11;11;11;11;54;54;54;54;54;54;54;54;54;54;54;54;NA;NA;NA;NA;NA;NA;NA;NA;NA;NA;NA
2021-04-14;"0-60";2;2;2;2;2;2;2;2;2;2;2;2;25;25;25;25;25;25;25;25;25;25;25;25;1;1;1;1;1;1;1;1;1;1;1
2021-04-14;"60+";1;1;1;1;1;1;1;1;1;1;1;1;32;32;32;32;32;32;32;32;32;32;32;32;1;1;1;1;1;1;1;1;1;1;1
2021-04-14;"alle";3;3;3;3;3;3;3;3;3;3;3;3;57;57;57;57;57;57;57;57;57;57;57;57;NA;NA;NA;NA;NA;NA;NA;NA;NA;NA;NA
2021-04-13;"0-60";3;3;3;3;3;3;3;3;3;3;3;3;27;27;27;27;27;27;27;27;27;27;27;27;1;1;1;1;1;1;1;1;1;1;1
2021-04-13;"60+";4;4;4;4;4;4;4;4;4;4;4;4;33;33;33;33;33;33;33;33;33;33;33;33;1;1;1;1;1;1;1;1;1;1;1
2021-04-13;"alle";7;7;7;7;7;7;7;7;7;7;7;7;60;60;60;60;60;60;60;60;60;60;60;60;NA;NA;NA;NA;NA;NA;NA;NA;NA;NA;NA
2021-04-12;"0-60";2;2;2;2;2;2;2;2;2;2;2;2;25;25;25;25;25;25;25;25;25;25;25;25;1;1;1;1;1;1;1;1;1;1;1
2021-04-12;"60+";1;1;1;1;1;1;1;1;1;1;1;1;31;31;31;31;31;31;31;31;31;31;31;31;1;1;1;1;1;1;1;1;1;1;1
2021-04-12;"alle";3;3;3;3;3;3;3;3;3;3;3;3;56;56;56;56;56;56;56;56;56;56;56;56;NA;NA;NA;NA;NA;NA;NA;NA;NA;NA;NA
2021-04-11;"0-60";4;4;4;4;4;4;4;4;4;4;4;4;NA;NA;NA;NA;NA;NA;NA;NA;NA;NA;NA;NA;1;1;1;1;1;1;1;1;1;1;1
2021-04-11;"60+";5;5;5;5;5;5;5;5;5;5;5;5;NA;NA;NA;NA;NA;NA;NA;NA;NA;NA;NA;NA;1;1;1;1;1;1;1;1;1;1;1
2021-04-11;"alle";9;9;9;9;9;9;9;9;9;9;9;9;NA;NA;NA;NA;NA;NA;NA;NA;NA;NA;NA;NA;NA;NA;NA;NA;NA;NA;NA;NA;NA;NA;NA
2021-04-10;"0-60";6;6;6;6;6;6;6;6;6;6;6;6;NA;NA;NA;NA;NA;NA;NA;NA;NA;NA;NA;NA;1;1;1;1;1;1;1;1;1;1;1
2021-04-10;"60+";5;5;5;5;5;5;5;5;5;5;5;5;NA;NA;NA;NA;NA;NA;NA;NA;NA;NA;NA;NA;1;1;1;1;1;1;1;1;1;1;1
2021-04-10;"alle";11;11;11;11;11;11;11;11;11;11;11;11;NA;NA;NA;NA;NA;NA;NA;NA;NA;NA;NA;NA;NA;NA;NA;NA;NA;NA;NA;NA;NA;NA;NA
2021-04-09;"0-60";3;3;3;3;3;3;3;3;3;3;3;3;NA;NA;NA;NA;NA;NA;NA;NA;NA;NA;NA;NA;1;1;1;1;1;1;1;1;1;1;1
2021-04-09;"60+";7;7;7;7;7;7;7;7;7;7;7;7;NA;NA;NA;NA;NA;NA;NA;NA;NA;NA;NA;NA;1;1;1;1;1;1;1;1;1;1;1
2021-04-09;"alle";10;10;10;10;10;10;10;10;10;10;10;10;NA;NA;NA;NA;NA;NA;NA;NA;NA;NA;NA;NA;NA;NA;NA;NA;NA;NA;NA;NA;NA;NA;NA
2021-04-08;"0-60";5;5;5;5;5;5;5;5;5;5;5;5;NA;NA;NA;NA;NA;NA;NA;NA;NA;NA;NA;NA;1;1;1;1;1;1;1;1;1;1;1
2021-04-08;"60+";9;9;9;9;9;9;9;9;9;9;9;9;NA;NA;NA;NA;NA;NA;NA;NA;NA;NA;NA;NA;1;1;1;1;1;1;1;1;1;1;1
2021-04-08;"alle";14;14;14;14;14;14;14;14;14;14;14;14;NA;NA;NA;NA;NA;NA;NA;NA;NA;NA;NA;NA;NA;NA;NA;NA;NA;NA;NA;NA;NA;NA;NA
2021-04-07;"0-60";4;4;4;4;4;4;4;4;4;4;4;4;NA;NA;NA;NA;NA;NA;NA;NA;NA;NA;NA;NA;1;1;1;1;1;1;1;1;1;1;1
2021-04-07;"60+";2;2;2;2;2;2;2;2;2;2;2;2;NA;NA;NA;NA;NA;NA;NA;NA;NA;NA;NA;NA;1;1;1;1;1;1;1;1;1;1;1
2021-04-07;"alle";6;6;6;6;6;6;6;6;6;6;6;6;NA;NA;NA;NA;NA;NA;NA;NA;NA;NA;NA;NA;NA;NA;NA;NA;NA;NA;NA;NA;NA;NA;NA
2021-04-06;"0-60";1;1;1;1;1;1;1;1;1;1;1;1;NA;NA;NA;NA;NA;NA;NA;NA;NA;NA;NA;NA;1;1;1;1;1;1;1;1;1;1;1
2021-04-06;"60+";2;2;2;2;2;2;2;2;2;2;2;2;NA;NA;NA;NA;NA;NA;NA;NA;NA;NA;NA;NA;1;1;1;1;1;1;1;1;1;1;1
2021-04-06;"alle";3;3;3;3;3;3;3;3;3;3;3;3;NA;NA;NA;NA;NA;NA;NA;NA;NA;NA;NA;NA;NA;NA;NA;NA;NA;NA;NA;NA;NA;NA;NA
