date;age60;reported;nowcast_est;nowcast_0.025;nowcast_0.1;nowcast_0.25;nowcast_0.5;nowcast_0.75;nowcast_0.8;nowcast_0.85;nowcast_0.9;nowcast_0.95;nowcast_0.975;reported7;nowcast7_est;nowcast7_0.025;nowcast7_0.1;nowcast7_0.25;nowcast7_0.5;nowcast7_0.75;nowcast7_0.8;nowcast7_0.85;nowcast7_0.9;nowcast7_0.95;nowcast7_0.975;F_est;F_0.025;F_0.1;F_0.25;F_0.5;F_0.75;F_0.8;F_0.85;F_0.9;F_0.95;F_0.975
2022-05-14;0-60;1;2,4;1;1;2;2;3;3;4;4;5;5;24;32,3;27;29;30;32;35;35;36;37;38;40;0,415036307689945;0,512817826038707;0,479280085005258;0,448604911235719;0,413515116766171;0,377080458264707;0,368220239447383;0,358233862593402;0,345497881026481;0,326587916163218;0,310239592915356
2022-05-14;60+;4;10,3;6;7;8;10;12;13;13;14;16;17;75;110,6;97;101;106;111;117;118;120;122;126;129;0,389616096312310;0,484129463107908;0,452056656725534;0,422777752625423;0,388998911302800;0,355388932093805;0,347145952928953;0,336882794421173;0,324409418979912;0,307532275176467;0,291098502752012
2022-05-14;alle;5;12,7;7;9;11;13;15;15;16;17;19;20;99;142,8;127;132;137;143;150;152;154;156;161;165;NA;NA;NA;NA;NA;NA;NA;NA;NA;NA;NA
2022-05-13;0-60;1;2,0;1;1;1;2;3;3;3;3;4;4;27;34,6;30;31;33;35;37;37;38;39;40;41;0,508124848965019;0,599232764033548;0,567641070058817;0,538462965173978;0,506284848507082;0,471837468141701;0,462399654788111;0,452529978300485;0,439578619673809;0,421600738807909;0,406588892940281
2022-05-13;60+;10;20,8;14;16;18;21;24;24;25;26;28;30;80;111,2;99;103;107;111;117;118;120;122;125;128;0,481048555330007;0,571336663578157;0,541022893118103;0,512711974174374;0,479982841414676;0,446764696953731;0,437944918935369;0,428401286330042;0,416741780634267;0,399103059523690;0,382397732647795
2022-05-13;alle;11;22,8;16;18;20;23;26;26;27;29;31;32;107;145,7;131;136;141;146;152;154;156;158;162;165;NA;NA;NA;NA;NA;NA;NA;NA;NA;NA;NA
2022-05-12;0-60;4;5,9;4;4;5;6;7;7;7;8;9;9;33;40,8;36;37;39;41;43;43;44;45;46;48;0,673947958023294;0,745565183726869;0,720663137640725;0,698595639024634;0,672044931964725;0,644894039399909;0,637366215919257;0,628670478766844;0,618054244100702;0,601451126567506;0,587291968958199
2022-05-12;60+;8;12,4;9;10;11;12;14;14;15;15;16;17;89;113,4;103;106;110;113;118;119;120;122;124;126;0,646945837792236;0,719303156327811;0,695347713027841;0,672395958156884;0,645716160694561;0,618396214596311;0,611633739974818;0,604113436297815;0,593072919003626;0,576025937406821;0,563675221410338
2022-05-12;alle;12;18,3;14;15;16;18;20;21;21;22;23;24;122;154,1;142;146;150;154;159;161;162;164;167;170;NA;NA;NA;NA;NA;NA;NA;NA;NA;NA;NA
2022-05-11;0-60;4;5,2;4;4;4;5;6;6;6;7;7;8;32;38,2;34;35;36;38;40;41;41;42;43;44;0,765117692905705;0,816294472399273;0,799216244507052;0,782910662787981;0,763434136174250;0,742962464387004;0,737206760177308;0,730849162226029;0,722120367563612;0,708623822086020;0,698540911856058
2022-05-11;60+;17;23,0;19;20;21;23;25;25;26;27;28;29;106;129,6;120;123;126;130;134;135;136;138;140;142;0,738607068334720;0,792252365433060;0,775088387795499;0,757501292977376;0,738206666684364;0,716484531357417;0,710855766890144;0,704282145836956;0,696531242770047;0,683161976625904;0,670413247064728
2022-05-11;alle;21;28,2;23;25;26;28;30;31;32;32;34;35;138;167,8;156;160;164;168;173;174;175;177;180;183;NA;NA;NA;NA;NA;NA;NA;NA;NA;NA;NA
2022-05-10;0-60;12;14,2;12;12;13;14;15;15;16;16;17;18;31;36,2;32;33;35;36;38;38;39;40;41;42;0,845807873355655;0,879748255687652;0,868375866357885;0,857650872312935;0,844421973332754;0,830058191846538;0,826396504825686;0,821710903511312;0,816042055913369;0,806991090191239;0,799085762140004
2022-05-10;60+;32;38,8;34;35;37;39;41;41;42;43;44;45;103;122,2;113;116;119;122;126;127;128;129;131;133;0,823907544357236;0,860135636800776;0,848596142919725;0,837216905239909;0,823482192233547;0,808652488895075;0,804932060599031;0,800298599901954;0,794213708514388;0,785460340923840;0,777471787484956
2022-05-10;alle;44;53,0;47;49;51;53;55;56;57;58;59;60;134;158,5;148;152;155;159;163;164;165;167;169;171;NA;NA;NA;NA;NA;NA;NA;NA;NA;NA;NA
2022-05-09;0-60;0;0,0;0;0;0;0;0;0;0;0;0;0;27;30,6;27;28;29;30;32;32;33;33;34;35;0,789496127437498;0,841262148497296;0,824014640542806;0,806956981485104;0,786974725356790;0,764925928604693;0,759481955652360;0,751974711442803;0,743329124117393;0,728523613232217;0,715730592055279
2022-05-09;60+;4;5,3;4;4;4;5;6;6;6;7;7;8;99;113,7;106;109;111;114;117;117;118;119;121;123;0,757172745751379;0,814262048377612;0,796163660517567;0,778035852794901;0,756382616626916;0,732845279671076;0,726995721714693;0,719432092210342;0,710695297814525;0,696486836573312;0,683812600274284
2022-05-09;alle;4;5,3;4;4;4;5;6;6;6;7;7;8;126;144,2;136;139;141;144;148;149;150;151;153;155;NA;NA;NA;NA;NA;NA;NA;NA;NA;NA;NA
2022-05-08;0-60;2;2,6;2;2;2;2;3;3;3;4;4;4;29;32,8;30;30;31;33;34;35;35;36;37;37;0,782300670255927;0,835029585011159;0,817336191962140;0,800123019797022;0,779223896469472;0,756731471615477;0,750895030050583;0,743868635823364;0,733946504107826;0,720076204025498;0,707276674183545
2022-05-08;60+;0;0,0;0;0;0;0;0;0;0;0;0;0;104;118,5;111;114;116;119;122;122;123;124;126;128;0,745397902217541;0,805631203119060;0,785646756363002;0,767108717829092;0,744318814452594;0,720156041355230;0,714331973565203;0,707041500409027;0,696875560192804;0,683723422317606;0,669991717401120
2022-05-08;alle;2;2,6;2;2;2;2;3;3;3;4;4;4;133;151,3;143;146;148;152;155;156;157;158;160;162;NA;NA;NA;NA;NA;NA;NA;NA;NA;NA;NA
2022-05-07;0-60;4;4,7;4;4;4;4;5;5;6;6;6;7;28;31,3;28;29;30;31;33;33;33;34;35;36;0,854550880731720;0,885383762867178;0,874419352325428;0,864052809013803;0,851768791788693;0,838441967505774;0,834674853695220;0,830462707132789;0,824950462390861;0,816677161135855;0,808118970897602
2022-05-07;60+;9;10,9;9;9;10;11;12;12;12;13;14;14;111;126,5;119;121;124;127;130;130;131;133;134;136;0,826489130298967;0,861319035968110;0,849679129034505;0,838953658113332;0,825600098941681;0,811205788885313;0,807536838381293;0,803378655812246;0,797327937822664;0,789016799846042;0,781865633600084
2022-05-07;alle;13;15,6;13;14;14;15;17;17;17;18;19;19;139;157,9;149;152;155;158;161;162;163;165;167;169;NA;NA;NA;NA;NA;NA;NA;NA;NA;NA;NA
2022-05-06;0-60;7;8,2;7;7;7;8;9;9;9;10;10;11;30;33,2;30;31;32;33;34;35;35;36;37;37;0,856626567020306;0,887030618499540;0,876054028366611;0,865935108497992;0,853703705113097;0,840373421793508;0,836832245502938;0,832727794169172;0,827534193860519;0,819534916442469;0,811698909639997
2022-05-06;60+;19;23,0;20;21;22;23;24;25;25;26;27;28;127;143,0;135;138;140;143;146;147;148;149;151;153;0,827252343832028;0,861209364993741;0,850015797174099;0,839202031508800;0,826108397682995;0,812393689094203;0,808813925958843;0,804333609897429;0,799101417642269;0,790872663980563;0,783115016149006
2022-05-06;alle;26;31,1;27;28;30;31;33;33;34;34;35;36;157;176,1;168;170;173;176;180;181;182;183;185;187;NA;NA;NA;NA;NA;NA;NA;NA;NA;NA;NA
2022-05-05;0-60;3;3,3;3;3;3;3;4;4;4;4;5;5;33;35,8;33;34;35;36;37;37;38;38;39;40;0,896020812829824;0,918630004157017;0,911063500563309;0,903429573766910;0,894167505496879;0,884206417194176;0,881544796155341;0,878453140072236;0,874678846870199;0,867725490261611;0,862289882542633
2022-05-05;60+;25;28,6;25;26;27;29;30;30;31;31;32;33;129;142,9;136;138;140;143;146;147;148;149;150;152;0,872893609780372;0,899436871269813;0,890677664816288;0,882229775404880;0,872181295409692;0,861448760879094;0,858752519030496;0,855467227013747;0,851620338946129;0,844897500804342;0,839776837724722
2022-05-05;alle;28;32,0;29;30;31;32;33;34;34;35;36;37;162;178,8;171;174;176;179;182;183;184;185;187;189;NA;NA;NA;NA;NA;NA;NA;NA;NA;NA;NA
2022-05-04;0-60;3;3,3;3;3;3;3;4;4;4;4;4;5;42;45,2;42;43;44;45;47;47;47;48;49;50;0,915284704016757;0,933709600639167;0,927296168294485;0,921155005894864;0,913781998048719;0,905793933345870;0,903691796596466;0,901211029736072;0,897910535587246;0,892664948193282;0,888052294147195
2022-05-04;60+;14;15,6;14;14;15;15;16;17;17;17;18;19;125;136,6;130;132;134;137;139;140;141;142;143;145;0,896434448051665;0,917173967196133;0,910187462638281;0,903826617743681;0,895832298343038;0,887282179194352;0,885115962700585;0,882667817976256;0,879218541020998;0,874169361024125;0,869053836846602
2022-05-04;alle;17;18,9;17;17;18;19;20;20;20;21;21;22;167;181,9;175;177;179;182;185;186;187;188;190;192;NA;NA;NA;NA;NA;NA;NA;NA;NA;NA;NA
2022-05-03;0-60;8;8,5;8;8;8;8;9;9;9;10;10;10;49;52,5;49;50;51;52;54;54;55;55;56;57;0,937691622700810;0,951113903024149;0,946462472594543;0,941873578928356;0,936374422261836;0,930222672916764;0,928689496553385;0,926682431860730;0,924198787842951;0,920378103012405;0,916687940622451
2022-05-03;60+;28;30,3;28;28;29;30;31;32;32;32;33;34;135;146,2;140;142;144;146;149;149;150;151;153;154;0,925157618172260;0,940094333430506;0,935190262147317;0,930493920652969;0,924695801832445;0,918335314836148;0,916770681351383;0,914863567623285;0,912521318392498;0,908866399505311;0,905217590337935
2022-05-03;alle;36;38,8;36;37;38;39;40;40;41;41;42;43;184;198,7;191;194;196;199;202;203;203;205;206;208;NA;NA;NA;NA;NA;NA;NA;NA;NA;NA;NA
2022-05-02;0-60;2;2,2;2;2;2;2;2;3;3;3;3;3;51;54,3;51;52;53;54;56;56;56;57;58;59;0,902364125219608;0,926841592505591;0,918397377852652;0,910036416247237;0,899608321343691;0,888158016004387;0,885331361086142;0,881524502266265;0,876650536462313;0,869461446674695;0,862254764130658
2022-05-02;60+;9;10,2;9;9;9;10;11;11;11;12;12;13;145;155,3;149;151;153;155;158;158;159;160;162;163;0,886248789626215;0,913330406240084;0,904542492841239;0,896025695661382;0,885049588428282;0,873528710415685;0,870713863043180;0,867324923644437;0,862424932581906;0,855477780551644;0,847721651014627
2022-05-02;alle;11;12,4;11;11;11;12;13;13;14;14;15;15;196;209,6;203;205;207;210;212;213;214;215;217;219;NA;NA;NA;NA;NA;NA;NA;NA;NA;NA;NA
2022-05-01;0-60;1;1,1;1;1;1;1;1;1;1;2;2;2;52;55,3;52;53;54;55;57;57;57;58;59;59;0,890012467121670;0,918615234459408;0,908268604067816;0,898624639817139;0,886721381938966;0,873695612569084;0,870131505411845;0,866085735916235;0,860218661518284;0,851785205010017;0,843408081905069
2022-05-01;60+;7;8,0;7;7;7;8;9;9;9;9;10;10;147;156,7;151;153;155;157;159;160;160;161;163;164;0,874883615134685;0,905038590280324;0,894941294609916;0,885452687988012;0,873724077241100;0,861098395357793;0,857670269445259;0,853695487907318;0,848708754145756;0,841063120836578;0,833776545126446
2022-05-01;alle;8;9,1;8;8;8;9;10;10;10;11;11;12;199;211,9;205;207;209;212;215;215;216;217;219;221;NA;NA;NA;NA;NA;NA;NA;NA;NA;NA;NA
2022-04-30;0-60;6;6,5;6;6;6;6;7;7;7;8;8;8;57;60,6;57;58;59;61;62;62;63;63;64;65;0,923468674132388;0,940696938229158;0,934336583393047;0,928193604258028;0,920911451917978;0,912619002829137;0,910436478385743;0,907605492809173;0,904107731836368;0,898404400721490;0,893525316662321
2022-04-30;60+;25;27,3;25;25;26;27;28;29;29;29;30;31;144;152,9;147;149;151;153;155;156;156;157;159;160;0,915180834249635;0,932474918919848;0,926391668635047;0,921060667922828;0,914185598672420;0,906809230063902;0,904989900229820;0,902753952773037;0,899684314350537;0,894978682934586;0,890813612279229
2022-04-30;alle;31;33,8;31;32;33;34;35;35;36;36;37;38;201;213,4;207;209;211;214;216;217;218;219;221;222;NA;NA;NA;NA;NA;NA;NA;NA;NA;NA;NA
2022-04-29;0-60;10;10,9;10;10;10;11;11;12;12;12;13;13;63;66,6;64;64;65;67;68;68;69;70;70;71;0,921373339271277;0,938856284793885;0,932646376265107;0,926282637610770;0,918766623257055;0,910108789939750;0,907899550849126;0,905336061495051;0,901705874451095;0,895840315221791;0,889805250592045
2022-04-29;60+;21;22,9;21;21;22;23;24;24;24;25;26;26;157;164,8;160;161;163;165;167;167;168;169;170;172;0,915333557233728;0,931977753120053;0,926458467483922;0,920794918563985;0,914319067296577;0,907178566524782;0,905385464205122;0,903307278390784;0,900562143786625;0,895634897827100;0,891461721089331
2022-04-29;alle;31;33,8;31;32;33;34;35;35;36;36;37;38;220;231,4;225;227;229;232;234;235;236;237;238;240;NA;NA;NA;NA;NA;NA;NA;NA;NA;NA;NA
2022-04-28;0-60;12;12,7;12;12;12;13;13;13;14;14;14;15;63;66,3;63;64;65;66;68;68;68;69;70;71;0,942253002907875;0,955821870447155;0,951139135579179;0,946491564580399;0,940667604257496;0,934408671516634;0,932539718652296;0,930588108822314;0,927830433533293;0,923567076570035;0,919414424789568
2022-04-28;60+;21;22,4;21;21;21;22;23;23;24;24;25;25;175;182,1;177;179;180;182;184;185;185;186;187;189;0,939550806372750;0,952197955769440;0,948012007895217;0,943967709545527;0,938885247012670;0,933557314298971;0,932202358093306;0,930514869710079;0,928304947871473;0,925077630161196;0,922219426908952
2022-04-28;alle;33;35,1;33;33;34;35;36;36;37;37;38;38;238;248,3;243;244;246;249;251;252;252;253;255;257;NA;NA;NA;NA;NA;NA;NA;NA;NA;NA;NA
2022-04-27;0-60;10;10,5;10;10;10;10;11;11;11;11;12;12;60;62,8;60;61;62;63;64;64;65;65;66;67;0,952199617717261;0,963794114511397;0,959912831117231;0,955955256881799;0,951165752835562;0,945674557959263;0,944189062961322;0,942362576148826;0,940010814264670;0,936567767869183;0,933317826838760
2022-04-27;60+;24;25,2;24;24;24;25;26;26;26;27;27;28;187;193,4;189;190;192;193;195;196;196;197;199;200;0,952458138624388;0,962427794070213;0,959118139507091;0,955834914265399;0,952000702554909;0,947663976348706;0,946612031175663;0,945350788811604;0,943634055445479;0,940956481883924;0,938529305865866
2022-04-27;alle;34;35,7;34;34;35;36;37;37;37;38;38;39;247;256,2;251;252;254;256;259;259;260;261;263;264;NA;NA;NA;NA;NA;NA;NA;NA;NA;NA;NA
2022-04-26;0-60;10;10,4;10;10;10;10;11;11;11;11;12;12;74;77,0;74;75;76;77;78;79;79;80;81;81;0,964088976625138;0,973260214382067;0,970111934870854;0,966933748203618;0,963099148413228;0,958582784519981;0,957391897046910;0,955877813766500;0,954016667942329;0,950861672857524;0,948180140266734
2022-04-26;60+;38;39,3;38;38;38;39;40;40;41;41;42;42;230;236,2;232;233;235;236;238;239;239;240;241;242;0,967125745762299;0,974392330610662;0,971981346896342;0,969570958274203;0,966799881153313;0,963558595318328;0,962730551173077;0,961671625305937;0,960284036585998;0,958365882295003;0,956502153388281
2022-04-26;alle;48;49,7;48;48;49;50;50;51;51;52;52;53;304;313,2;308;309;311;313;316;316;317;318;320;321;NA;NA;NA;NA;NA;NA;NA;NA;NA;NA;NA
2022-04-25;0-60;3;3,2;3;3;3;3;3;3;4;4;4;4;67;69,7;67;68;69;70;71;71;72;72;73;74;0,942193700479338;0,959104315944929;0,953267352502691;0,947559169246635;0,940112472415928;0,931587894900366;0,929025522663249;0,926123164487225;0,921812436594739;0,915963850371679;0,909939248252435
2022-04-25;60+;11;11,6;11;11;11;11;12;12;12;13;13;13;212;217,1;213;214;216;217;219;219;220;221;222;223;0,951533739763313;0,964418628782849;0,960257180006798;0,955881213810677;0,950530359555335;0,944767088255591;0,943310900911895;0,941541128681819;0,938920154659444;0,935139710102929;0,931391411037535
2022-04-25;alle;14;14,7;14;14;14;15;15;15;16;16;16;17;279;286,8;282;283;285;287;289;290;291;291;293;294;NA;NA;NA;NA;NA;NA;NA;NA;NA;NA;NA
2022-04-24;0-60;6;6,4;6;6;6;6;7;7;7;7;8;8;64;66,5;64;65;65;66;68;68;68;69;70;71;0,934553638517661;0,954754015848801;0,947870582567366;0,940985580894516;0,932279925076370;0,921870784837637;0,918859314017517;0,915240468765197;0,910105891570095;0,902339122720482;0,894185791354741
2022-04-24;60+;4;4,2;4;4;4;4;4;5;5;5;5;5;205;209,6;206;207;208;210;211;212;212;213;214;215;0,949266952845960;0,963220695766405;0,958599233241568;0,953981854956799;0,948322547082364;0,941989611115546;0,940277271244889;0,938136166357435;0,935303586320491;0,931085536250713;0,926731287252624
2022-04-24;alle;10;10,6;10;10;10;10;11;11;12;12;12;13;269;276,1;271;273;274;276;278;279;280;281;282;283;NA;NA;NA;NA;NA;NA;NA;NA;NA;NA;NA
2022-04-23;0-60;12;12,6;12;12;12;12;13;13;13;14;14;15;64;66,3;64;65;65;66;67;68;68;69;69;70;0,954901966603184;0,968592104015204;0,963722333811497;0,959130519417165;0,953151320439304;0,945788721451367;0,943859507320443;0,941319389952552;0,937569702340855;0,931802361647243;0,926234101702507
2022-04-23;60+;38;39,3;38;38;38;39;40;40;41;41;41;42;208;212,5;209;210;211;213;214;215;215;216;217;218;0,967947527347428;0,976369039430755;0,973362850888573;0,970588736204655;0,967239344811520;0,963321975104617;0,962207874118442;0,960875797877265;0,959182310458109;0,956476115559230;0,953911178868052
2022-04-23;alle;50;51,8;50;50;51;52;53;53;53;54;55;55;272;278,8;274;276;277;279;281;282;282;283;285;286;NA;NA;NA;NA;NA;NA;NA;NA;NA;NA;NA
2022-04-22;0-60;10;10,5;10;10;10;10;11;11;11;11;12;12;57;58,9;57;57;58;59;60;60;60;61;62;62;0,954322316346749;0,968521066870150;0,963745302422287;0,958859678209348;0,952455566879787;0,944734285115094;0,942646039573961;0,939930932115472;0,936317089960957;0,930664492261949;0,924419730084677
2022-04-22;60+;39;40,2;39;39;39;40;41;41;41;42;42;43;183;186,4;183;184;185;186;188;188;189;189;190;191;0,969883783256465;0,977991586490030;0,975221815665474;0,972528544438556;0,969044749161587;0,965267194390747;0,964220800767386;0,962940525572061;0,961202041892304;0,958477692504207;0,955724498237596
2022-04-22;alle;49;50,7;49;49;50;51;52;52;52;53;53;54;240;245,3;241;242;244;245;247;248;248;249;250;251;NA;NA;NA;NA;NA;NA;NA;NA;NA;NA;NA
2022-04-21;0-60;9;9,3;9;9;9;9;10;10;10;10;10;11;55;56,6;55;55;56;56;57;58;58;59;59;60;0,967538025518806;0,978395745347952;0,974882896452144;0,971269076125753;0,966458352330919;0,961011792653848;0,959389537282407;0,957444994216766;0,954786832901725;0,950471962509231;0,946464991835998
2022-04-21;60+;33;33,7;33;33;33;33;34;34;35;35;35;36;186;188,6;186;187;187;189;190;190;191;191;192;193;0,980022649930200;0,985903121912082;0,983995748913835;0,982092217427900;0,979595752006037;0,976829634767087;0,976098377136638;0,975113535291520;0,974003364244135;0,971996335427062;0,970153475852988
2022-04-21;alle;42;43,0;42;42;42;43;44;44;44;44;45;45;241;245,2;242;243;244;245;247;247;248;248;250;251;NA;NA;NA;NA;NA;NA;NA;NA;NA;NA;NA
2022-04-20;0-60;24;24,7;24;24;24;24;25;25;26;26;26;27;60;61,5;60;60;61;61;62;63;63;63;64;65;0,973576695897485;0,983081754264013;0,980045698871279;0,976973714279764;0,972921970198631;0,968158686700382;0,966935396760072;0,965286821256866;0,963015081913106;0,959379341541080;0,955990357261754
2022-04-20;60+;67;68,0;67;67;67;68;69;69;69;69;70;71;191;193,1;191;191;192;193;194;195;195;195;196;197;0,985089340265779;0,989801208212648;0,988280824826381;0,986741249585984;0,984809006311934;0,982619611799281;0,982046704205770;0,981322311981285;0,980343941196389;0,978848162957380;0,977261705459418
2022-04-20;alle;91;92,7;91;91;92;93;94;94;94;95;95;96;251;254,6;251;252;253;255;256;257;257;258;259;260;NA;NA;NA;NA;NA;NA;NA;NA;NA;NA;NA
2022-04-19;0-60;3;3,1;3;3;3;3;3;3;3;3;4;4;50;51,0;50;50;50;51;52;52;52;53;53;54;0,979906109345439;0,987656779404548;0,985200888960588;0,982660288112331;0,979297524951334;0,975123061146357;0,973921215814300;0,972432372090897;0,970560143264024;0,967305494915683;0,964324613180988
2022-04-19;60+;20;20,2;20;20;20;20;20;20;21;21;21;21;169;170,3;169;169;169;170;171;171;172;172;173;173;0,989869885086941;0,993294851139014;0,992205294482061;0,991064770686421;0,989623029346971;0,987912267614109;0,987418832744449;0,986849015023679;0,986104616818515;0,984901394277728;0,983633032162118
2022-04-19;alle;23;23,3;23;23;23;23;23;24;24;24;24;25;219;221,3;219;220;220;221;223;223;223;224;225;225;NA;NA;NA;NA;NA;NA;NA;NA;NA;NA;NA
2022-04-18;0-60;0;0,0;0;0;0;0;0;0;0;0;0;0;71;72,2;71;71;71;72;73;73;74;74;75;75;0,967070263631587;0,980892873916864;0,976618002750568;0,972075601975243;0,965830896929990;0,957605673766741;0,955431665651692;0,952618762507333;0,948633779208883;0,941515531884554;0,934715757210747
2022-04-18;60+;4;4,1;4;4;4;4;4;4;4;4;5;5;192;193,2;192;192;192;193;194;194;195;195;196;196;0,984929036204535;0,990626390347798;0,988863898744261;0,986988954594078;0,984460321706001;0,981334426847182;0,980454226932556;0,979335685806180;0,977927688784527;0,975564807154841;0,973082216857913
2022-04-18;alle;4;4,1;4;4;4;4;4;4;4;4;5;5;263;265,4;263;264;264;265;267;267;268;268;269;270;NA;NA;NA;NA;NA;NA;NA;NA;NA;NA;NA
2022-04-17;0-60;6;6,2;6;6;6;6;6;7;7;7;7;8;73;74,2;73;73;73;74;75;75;76;76;77;77;0,963044408068938;0,979363918982440;0,974511402835591;0,969236759657310;0,961731306490251;0,952034531946171;0,949061972251261;0,945498478435193;0,940330365512632;0,931357875356365;0,922184058602341
2022-04-17;60+;7;7,1;7;7;7;7;7;7;7;8;8;8;197;198,2;197;197;197;198;199;199;200;200;201;201;0,984296753804705;0,990600920454405;0,988683980292760;0,986627761852554;0,983791316545309;0,980345230112535;0,979359281948051;0,978130710180028;0,976432786493733;0,973093546235663;0,969924942255116
2022-04-17;alle;13;13,3;13;13;13;13;14;14;14;14;15;15;270;272,4;270;271;271;272;274;274;275;275;276;277;NA;NA;NA;NA;NA;NA;NA;NA;NA;NA;NA
2022-04-16;0-60;5;5,1;5;5;5;5;5;5;5;6;6;6;71;72,1;71;71;71;72;73;73;73;74;74;75;0,974985863039298;0,986220195803829;0,982971373481046;0,979350223136479;0,974023303727308;0,966766158597649;0,964722364040910;0,962083003966743;0,958205338447180;0,951664220702803;0,944001063304175
2022-04-16;60+;13;13,1;13;13;13;13;13;13;13;14;14;14;200;201,2;200;200;200;201;202;202;203;203;204;204;0,990113642975523;0,994236384742165;0,992965934134181;0,991682401449830;0,989793496129947;0,987349418035398;0,986670655378448;0,985747573160159;0,984442675823192;0,982121553120594;0,979562482583181
2022-04-16;alle;18;18,3;18;18;18;18;18;19;19;19;19;20;271;273,2;271;271;272;273;274;275;275;276;277;277;NA;NA;NA;NA;NA;NA;NA;NA;NA;NA;NA
2022-04-15;0-60;8;8,2;8;8;8;8;8;9;9;9;9;9;73;74,0;73;73;73;74;75;75;75;76;76;77;0,975627458569505;0,986932130062854;0,983851238277101;0,980108409554046;0,974669687141486;0,967288739710366;0,965225750433429;0,962457577587433;0,958701228806751;0,951582151631756;0,943998566115750
2022-04-15;60+;42;42,4;42;42;42;42;43;43;43;43;44;44;208;209,1;208;208;208;209;210;210;210;211;212;212;0,990853938238659;0,994869399306187;0,993702631742523;0,992428342696870;0,990603357822994;0,988127013113066;0,987419929682392;0,986550838398090;0,985223217420073;0,982869478322864;0,980167548004499
2022-04-15;alle;50;50,6;50;50;50;50;51;51;51;52;52;53;281;283,1;281;281;282;283;284;285;285;286;287;287;NA;NA;NA;NA;NA;NA;NA;NA;NA;NA;NA
2022-04-14;0-60;14;14,2;14;14;14;14;14;15;15;15;15;16;75;75,9;75;75;75;76;77;77;77;77;78;79;0,984045347348107;0,991784499951645;0,989517520774899;0,987123835692239;0,983617573264522;0,978883349883056;0,977510078588478;0,975805667338805;0,973439137333741;0,969281535610001;0,965240051918095
2022-04-14;60+;38;38,2;38;38;38;38;38;39;39;39;39;40;210;210,8;210;210;210;211;211;212;212;212;213;214;0,994263998341671;0,996902703447456;0,996148873101206;0,995310369849386;0,994151393021095;0,992611876079880;0,992172554029561;0,991655028242107;0,990849454957602;0,989457554668873;0,987907347858618
2022-04-14;alle;52;52,4;52;52;52;52;53;53;53;53;54;54;285;286,7;285;285;286;287;288;288;288;289;290;291;NA;NA;NA;NA;NA;NA;NA;NA;NA;NA;NA
2022-04-13;0-60;14;14,2;14;14;14;14;14;14;15;15;15;15;73;73,7;73;73;73;74;74;75;75;75;76;76;0,987721962014339;0,993877904403749;0,992161301268193;0,990276324392056;0,987548827396977;0,983908136354780;0,982888961906550;0,981562867341320;0,979771072514564;0,976868762997845;0,973733655233745
2022-04-13;60+;45;45,2;45;45;45;45;45;45;46;46;46;46;221;221,6;221;221;221;221;222;222;223;223;224;224;0,995812783985611;0,997829410171496;0,997276932222528;0,996663291172319;0,995766335043638;0,994606849645448;0,994286182594647;0,993874724313850;0,993305050094528;0,992333258041947;0,991300850820893
2022-04-13;alle;59;59,4;59;59;59;59;60;60;60;60;61;61;294;295,3;294;294;294;295;296;297;297;297;298;299;NA;NA;NA;NA;NA;NA;NA;NA;NA;NA;NA
2022-04-12;0-60;24;24,2;24;24;24;24;24;25;25;25;25;26;75;75,5;75;75;75;75;76;76;76;77;77;78;0,990521916404986;0,995767618334006;0,994398250213590;0,992782990189308;0,990383887001609;0,986953100410155;0,985991241451760;0,984735885514029;0,983132648766605;0,979784623396652;0,976760111734128
2022-04-12;60+;43;43,1;43;43;43;43;43;43;43;44;44;44;225;225,4;225;225;225;225;226;226;226;227;227;228;0,996959976690910;0,998631302710381;0,998188772057715;0,997680645009209;0,996930810129390;0,995897240077761;0,995563102075875;0,995172351749788;0,994641388718291;0,993644541315050;0,992595062857012
2022-04-12;alle;67;67,4;67;67;67;67;68;68;68;68;69;69;300;301,0;300;300;300;301;302;302;302;303;303;304;NA;NA;NA;NA;NA;NA;NA;NA;NA;NA;NA
2022-04-11;0-60;2;2,0;2;2;2;2;2;2;2;2;2;3;62;62,3;62;62;62;62;63;63;63;63;64;64;0,984341187867693;0,993994847714243;0,991606056845089;0,988661406398574;0,984046332644633;0,977206555511018;0,975188462572983;0,972734270719776;0,968903705343199;0,962266781369654;0,954286409429458
2022-04-11;60+;9;9,0;9;9;9;9;9;9;9;9;9;10;244;244,3;244;244;244;244;245;245;245;245;246;246;0,995171384084512;0,998147929682781;0,997434844628840;0,996577804334583;0,995143219460434;0,993065321500609;0,992423354490967;0,991545045366663;0,990314031095097;0,988152006821935;0,985790850652376
2022-04-11;alle;11;11,1;11;11;11;11;11;11;11;11;12;12;306;306,6;306;306;306;307;307;307;308;308;309;309;NA;NA;NA;NA;NA;NA;NA;NA;NA;NA;NA
2022-04-10;0-60;4;4,1;4;4;4;4;4;4;4;4;5;5;65;65,3;65;65;65;65;66;66;66;66;67;67;0,983528984881653;0,994328371416326;0,991897790035860;0,988575675037790;0,983383045300469;0,975191745340566;0,972666948771683;0,969479347940231;0,964748849169164;0,956604867412747;0,946845793022765
2022-04-10;60+;10;10,0;10;10;10;10;10;10;10;10;11;11;253;253,3;253;253;253;253;254;254;254;254;255;255;0,995043034417517;0,998328422189390;0,997596708792786;0,996635138471351;0,995030030607241;0,992592467166745;0,991840727974041;0,990770043126848;0,989400714409279;0,986754535149128;0,983685342242631
2022-04-10;alle;14;14,1;14;14;14;14;14;14;14;15;15;15;318;318,5;318;318;318;318;319;319;320;320;320;321;NA;NA;NA;NA;NA;NA;NA;NA;NA;NA;NA
2022-04-09;0-60;7;7,1;7;7;7;7;7;7;7;7;8;8;68;68,2;68;68;68;68;68;69;69;69;69;70;0,989835949775957;0,996956551821389;0,995384038574028;0,993284692439214;0,989655441339620;0,984004059301431;0,982280633757249;0,980119207773928;0,976311487478441;0,969928236867857;0,962565437073520
2022-04-09;60+;21;21,1;21;21;21;21;21;21;21;21;22;22;260;260,2;260;260;260;260;260;261;261;261;261;262;0,996993665885237;0,999138162308026;0,998679639858233;0,998061947150401;0,996981982590201;0,995293539592021;0,994733986077950;0,993956024538659;0,992839413958393;0,990932705631040;0,988515338986781
2022-04-09;alle;28;28,1;28;28;28;28;28;28;29;29;29;29;328;328,4;328;328;328;328;329;329;329;330;330;331;NA;NA;NA;NA;NA;NA;NA;NA;NA;NA;NA
2022-04-08;0-60;10;10,1;10;10;10;10;10;10;10;10;11;11;71;71,1;71;71;71;71;71;71;71;72;72;72;0,992038427900031;0,997883703629210;0,996673202117633;0,994962775237654;0,991951837476404;0,986830107238245;0,985311924280304;0,983206329802217;0,979982688447737;0,973933173250930;0,967070899435149
2022-04-08;60+;44;44,1;44;44;44;44;44;44;44;45;45;45;273;273,2;273;273;273;273;273;273;274;274;274;274;0,997658749787979;0,999416401006298;0,999068463151233;0,998561513223635;0,997665816202157;0,996161832277247;0,995676580398279;0,994976299660633;0,993953711121237;0,992159187674524;0,989900989658564
2022-04-08;alle;54;54,2;54;54;54;54;54;55;55;55;55;56;344;344,3;344;344;344;344;345;345;345;345;346;346;NA;NA;NA;NA;NA;NA;NA;NA;NA;NA;NA
2022-04-07;0-60;12;12,0;12;12;12;12;12;12;12;12;12;13;76;76,0;76;76;76;76;76;76;76;76;77;77;0,997105478432461;0,999296549843301;0,998852858448678;0,998195899735984;0,997066990058855;0,995125615274605;0,994489732375656;0,993689435210243;0,992380980437434;0,989956594382802;0,987013551533234
2022-04-07;60+;49;49,0;49;49;49;49;49;49;49;49;50;50;272;272,1;272;272;272;272;272;272;272;272;273;273;0,999151597080246;0,999803416895071;0,999679569849347;0,999491560642210;0,999141389237306;0,998576511578512;0,998391150322736;0,998114619257574;0,997735630024310;0,997051559039655;0,996122285372231
2022-04-07;alle;61;61,1;61;61;61;61;61;61;61;61;62;62;348;348,1;348;348;348;348;348;348;348;349;349;349;NA;NA;NA;NA;NA;NA;NA;NA;NA;NA;NA
2022-04-06;0-60;16;16,0;16;16;16;16;16;16;16;16;16;16;75;75,0;75;75;75;75;75;75;75;75;75;75;0,999327222717032;0,999825199881613;0,999718609971583;0,999574045865300;0,999316016883279;0,998883315289050;0,998757156240202;0,998588772407653;0,998321500789948;0,997827127568247;0,997290173567429
2022-04-06;60+;49;49,0;49;49;49;49;49;49;49;49;49;49;272;272,0;272;272;272;272;272;272;272;272;272;272;0,999804241012676;0,999951497249151;0,999921215752412;0,999879892204847;0,999803163441491;0,999679490775580;0,999637080486365;0,999581611423503;0,999503339884850;0,999360579820875;0,999180475962175
2022-04-06;alle;65;65,0;65;65;65;65;65;65;65;65;65;65;347;347,0;347;347;347;347;347;347;347;347;347;348;NA;NA;NA;NA;NA;NA;NA;NA;NA;NA;NA
2022-04-05;0-60;11;11,0;11;11;11;11;11;11;11;11;11;11;78;78,0;78;78;78;78;78;78;78;78;78;78;0,999607325407311;0,999919010911461;0,999862069346618;0,999770092756437;0,999601691685057;0,999307983561163;0,999209199063673;0,999075538688151;0,998884563846367;0,998497219795831;0,998024826982564
2022-04-05;60+;62;62,0;62;62;62;62;62;62;62;62;62;62;279;279,0;279;279;279;279;279;279;279;279;279;279;0,999885242037186;0,999977755107077;0,999960789106956;0,999934820797708;0,999885138745386;0,999798667778634;0,999768803533291;0,999729957959989;0,999667359632640;0,999558477231965;0,999407168513527
2022-04-05;alle;73;73,0;73;73;73;73;73;73;73;73;73;73;357;357,0;357;357;357;357;357;357;357;357;357;357;NA;NA;NA;NA;NA;NA;NA;NA;NA;NA;NA
2022-04-04;0-60;5;5,0;5;5;5;5;5;5;5;5;5;5;81;81,0;81;81;81;81;81;81;81;81;81;81;1,000000000000000;1,000000000000000;1,000000000000000;1,000000000000000;1,000000000000000;1,000000000000000;1,000000000000000;1,000000000000000;1,000000000000000;1,000000000000000;1,000000000000000
2022-04-04;60+;18;18,0;18;18;18;18;18;18;18;18;18;18;271;271,0;271;271;271;271;271;271;271;271;271;271;1,000000000000000;1,000000000000000;1,000000000000000;1,000000000000000;1,000000000000000;1,000000000000000;1,000000000000000;1,000000000000000;1,000000000000000;1,000000000000000;1,000000000000000
2022-04-04;alle;23;23,0;23;23;23;23;23;23;23;23;23;23;352;352,0;352;352;352;352;352;352;352;352;352;352;1,000000000000000;1,000000000000000;1,000000000000000;1,000000000000000;1,000000000000000;1,000000000000000;1,000000000000000;1,000000000000000;1,000000000000000;1,000000000000000;1,000000000000000
2022-04-03;0-60;7;7,0;7;7;7;7;7;7;7;7;7;7;83;83,0;83;83;83;83;83;83;83;83;83;83;1,000000000000000;1,000000000000000;1,000000000000000;1,000000000000000;1,000000000000000;1,000000000000000;1,000000000000000;1,000000000000000;1,000000000000000;1,000000000000000;1,000000000000000
2022-04-03;60+;17;17,0;17;17;17;17;17;17;17;17;17;17;284;284,0;284;284;284;284;284;284;284;284;284;284;1,000000000000000;1,000000000000000;1,000000000000000;1,000000000000000;1,000000000000000;1,000000000000000;1,000000000000000;1,000000000000000;1,000000000000000;1,000000000000000;1,000000000000000
2022-04-03;alle;24;24,0;24;24;24;24;24;24;24;24;24;24;367;367,0;367;367;367;367;367;367;367;367;367;367;1,000000000000000;1,000000000000000;1,000000000000000;1,000000000000000;1,000000000000000;1,000000000000000;1,000000000000000;1,000000000000000;1,000000000000000;1,000000000000000;1,000000000000000
2022-04-02;0-60;10;10,0;10;10;10;10;10;10;10;10;10;10;85;85,0;85;85;85;85;85;85;85;85;85;85;1,000000000000000;1,000000000000000;1,000000000000000;1,000000000000000;1,000000000000000;1,000000000000000;1,000000000000000;1,000000000000000;1,000000000000000;1,000000000000000;1,000000000000000
2022-04-02;60+;34;34,0;34;34;34;34;34;34;34;34;34;34;291;291,0;291;291;291;291;291;291;291;291;291;291;1,000000000000000;1,000000000000000;1,000000000000000;1,000000000000000;1,000000000000000;1,000000000000000;1,000000000000000;1,000000000000000;1,000000000000000;1,000000000000000;1,000000000000000
2022-04-02;alle;44;44,0;44;44;44;44;44;44;44;44;44;44;376;376,0;376;376;376;376;376;376;376;376;376;376;1,000000000000000;1,000000000000000;1,000000000000000;1,000000000000000;1,000000000000000;1,000000000000000;1,000000000000000;1,000000000000000;1,000000000000000;1,000000000000000;1,000000000000000
2022-04-01;0-60;15;15,0;15;15;15;15;15;15;15;15;15;15;89;89,0;89;89;89;89;89;89;89;89;89;89;1,000000000000000;1,000000000000000;1,000000000000000;1,000000000000000;1,000000000000000;1,000000000000000;1,000000000000000;1,000000000000000;1,000000000000000;1,000000000000000;1,000000000000000
2022-04-01;60+;43;43,0;43;43;43;43;43;43;43;43;43;43;311;311,0;311;311;311;311;311;311;311;311;311;311;1,000000000000000;1,000000000000000;1,000000000000000;1,000000000000000;1,000000000000000;1,000000000000000;1,000000000000000;1,000000000000000;1,000000000000000;1,000000000000000;1,000000000000000
2022-04-01;alle;58;58,0;58;58;58;58;58;58;58;58;58;58;400;400,0;400;400;400;400;400;400;400;400;400;400;1,000000000000000;1,000000000000000;1,000000000000000;1,000000000000000;1,000000000000000;1,000000000000000;1,000000000000000;1,000000000000000;1,000000000000000;1,000000000000000;1,000000000000000
2022-03-31;0-60;11;11,0;11;11;11;11;11;11;11;11;11;11;96;96,0;96;96;96;96;96;96;96;96;96;96;1,000000000000000;1,000000000000000;1,000000000000000;1,000000000000000;1,000000000000000;1,000000000000000;1,000000000000000;1,000000000000000;1,000000000000000;1,000000000000000;1,000000000000000
2022-03-31;60+;49;49,0;49;49;49;49;49;49;49;49;49;49;324;324,0;324;324;324;324;324;324;324;324;324;324;1,000000000000000;1,000000000000000;1,000000000000000;1,000000000000000;1,000000000000000;1,000000000000000;1,000000000000000;1,000000000000000;1,000000000000000;1,000000000000000;1,000000000000000
2022-03-31;alle;60;60,0;60;60;60;60;60;60;60;60;60;60;420;420,0;420;420;420;420;420;420;420;420;420;420;1,000000000000000;1,000000000000000;1,000000000000000;1,000000000000000;1,000000000000000;1,000000000000000;1,000000000000000;1,000000000000000;1,000000000000000;1,000000000000000;1,000000000000000
2022-03-30;0-60;19;19,0;19;19;19;19;19;19;19;19;19;19;107;107,0;107;107;107;107;107;107;107;107;107;107;1,000000000000000;1,000000000000000;1,000000000000000;1,000000000000000;1,000000000000000;1,000000000000000;1,000000000000000;1,000000000000000;1,000000000000000;1,000000000000000;1,000000000000000
2022-03-30;60+;56;56,0;56;56;56;56;56;56;56;56;56;56;329;329,0;329;329;329;329;329;329;329;329;329;329;1,000000000000000;1,000000000000000;1,000000000000000;1,000000000000000;1,000000000000000;1,000000000000000;1,000000000000000;1,000000000000000;1,000000000000000;1,000000000000000;1,000000000000000
2022-03-30;alle;75;75,0;75;75;75;75;75;75;75;75;75;75;436;436,0;436;436;436;436;436;436;436;436;436;436;1,000000000000000;1,000000000000000;1,000000000000000;1,000000000000000;1,000000000000000;1,000000000000000;1,000000000000000;1,000000000000000;1,000000000000000;1,000000000000000;1,000000000000000
2022-03-29;0-60;14;14,0;14;14;14;14;14;14;14;14;14;14;109;109,0;109;109;109;109;109;109;109;109;109;109;1,000000000000000;1,000000000000000;1,000000000000000;1,000000000000000;1,000000000000000;1,000000000000000;1,000000000000000;1,000000000000000;1,000000000000000;1,000000000000000;1,000000000000000
2022-03-29;60+;54;54,0;54;54;54;54;54;54;54;54;54;54;345;345,0;345;345;345;345;345;345;345;345;345;345;1,000000000000000;1,000000000000000;1,000000000000000;1,000000000000000;1,000000000000000;1,000000000000000;1,000000000000000;1,000000000000000;1,000000000000000;1,000000000000000;1,000000000000000
2022-03-29;alle;68;68,0;68;68;68;68;68;68;68;68;68;68;454;454,0;454;454;454;454;454;454;454;454;454;454;1,000000000000000;1,000000000000000;1,000000000000000;1,000000000000000;1,000000000000000;1,000000000000000;1,000000000000000;1,000000000000000;1,000000000000000;1,000000000000000;1,000000000000000
2022-03-28;0-60;7;7,0;7;7;7;7;7;7;7;7;7;7;108;108,0;108;108;108;108;108;108;108;108;108;108;1,000000000000000;1,000000000000000;1,000000000000000;1,000000000000000;1,000000000000000;1,000000000000000;1,000000000000000;1,000000000000000;1,000000000000000;1,000000000000000;1,000000000000000
2022-03-28;60+;31;31,0;31;31;31;31;31;31;31;31;31;31;357;357,0;357;357;357;357;357;357;357;357;357;357;1,000000000000000;1,000000000000000;1,000000000000000;1,000000000000000;1,000000000000000;1,000000000000000;1,000000000000000;1,000000000000000;1,000000000000000;1,000000000000000;1,000000000000000
2022-03-28;alle;38;38,0;38;38;38;38;38;38;38;38;38;38;465;465,0;465;465;465;465;465;465;465;465;465;465;1,000000000000000;1,000000000000000;1,000000000000000;1,000000000000000;1,000000000000000;1,000000000000000;1,000000000000000;1,000000000000000;1,000000000000000;1,000000000000000;1,000000000000000
2022-03-27;0-60;9;9,0;9;9;9;9;9;9;9;9;9;9;110;110,0;110;110;110;110;110;110;110;110;110;110;1,000000000000000;1,000000000000000;1,000000000000000;1,000000000000000;1,000000000000000;1,000000000000000;1,000000000000000;1,000000000000000;1,000000000000000;1,000000000000000;1,000000000000000
2022-03-27;60+;24;24,0;24;24;24;24;24;24;24;24;24;24;349;349,0;349;349;349;349;349;349;349;349;349;349;1,000000000000000;1,000000000000000;1,000000000000000;1,000000000000000;1,000000000000000;1,000000000000000;1,000000000000000;1,000000000000000;1,000000000000000;1,000000000000000;1,000000000000000
2022-03-27;alle;33;33,0;33;33;33;33;33;33;33;33;33;33;459;459,0;459;459;459;459;459;459;459;459;459;459;1,000000000000000;1,000000000000000;1,000000000000000;1,000000000000000;1,000000000000000;1,000000000000000;1,000000000000000;1,000000000000000;1,000000000000000;1,000000000000000;1,000000000000000
2022-03-26;0-60;14;14,0;14;14;14;14;14;14;14;14;14;14;108;108,0;108;108;108;108;108;108;108;108;108;108;1,000000000000000;1,000000000000000;1,000000000000000;1,000000000000000;1,000000000000000;1,000000000000000;1,000000000000000;1,000000000000000;1,000000000000000;1,000000000000000;1,000000000000000
2022-03-26;60+;54;54,0;54;54;54;54;54;54;54;54;54;54;344;344,0;344;344;344;344;344;344;344;344;344;344;1,000000000000000;1,000000000000000;1,000000000000000;1,000000000000000;1,000000000000000;1,000000000000000;1,000000000000000;1,000000000000000;1,000000000000000;1,000000000000000;1,000000000000000
2022-03-26;alle;68;68,0;68;68;68;68;68;68;68;68;68;68;452;452,0;452;452;452;452;452;452;452;452;452;452;1,000000000000000;1,000000000000000;1,000000000000000;1,000000000000000;1,000000000000000;1,000000000000000;1,000000000000000;1,000000000000000;1,000000000000000;1,000000000000000;1,000000000000000
2022-03-25;0-60;22;22,0;22;22;22;22;22;22;22;22;22;22;110;110,0;110;110;110;110;110;110;110;110;110;110;1,000000000000000;1,000000000000000;1,000000000000000;1,000000000000000;1,000000000000000;1,000000000000000;1,000000000000000;1,000000000000000;1,000000000000000;1,000000000000000;1,000000000000000
2022-03-25;60+;56;56,0;56;56;56;56;56;56;56;56;56;56;344;344,0;344;344;344;344;344;344;344;344;344;344;1,000000000000000;1,000000000000000;1,000000000000000;1,000000000000000;1,000000000000000;1,000000000000000;1,000000000000000;1,000000000000000;1,000000000000000;1,000000000000000;1,000000000000000
2022-03-25;alle;78;78,0;78;78;78;78;78;78;78;78;78;78;454;454,0;454;454;454;454;454;454;454;454;454;454;1,000000000000000;1,000000000000000;1,000000000000000;1,000000000000000;1,000000000000000;1,000000000000000;1,000000000000000;1,000000000000000;1,000000000000000;1,000000000000000;1,000000000000000
2022-03-24;0-60;22;22,0;22;22;22;22;22;22;22;22;22;22;105;105,0;105;105;105;105;105;105;105;105;105;105;1,000000000000000;1,000000000000000;1,000000000000000;1,000000000000000;1,000000000000000;1,000000000000000;1,000000000000000;1,000000000000000;1,000000000000000;1,000000000000000;1,000000000000000
2022-03-24;60+;54;54,0;54;54;54;54;54;54;54;54;54;54;343;343,0;343;343;343;343;343;343;343;343;343;343;1,000000000000000;1,000000000000000;1,000000000000000;1,000000000000000;1,000000000000000;1,000000000000000;1,000000000000000;1,000000000000000;1,000000000000000;1,000000000000000;1,000000000000000
2022-03-24;alle;76;76,0;76;76;76;76;76;76;76;76;76;76;448;448,0;448;448;448;448;448;448;448;448;448;448;1,000000000000000;1,000000000000000;1,000000000000000;1,000000000000000;1,000000000000000;1,000000000000000;1,000000000000000;1,000000000000000;1,000000000000000;1,000000000000000;1,000000000000000
2022-03-23;0-60;21;21,0;21;21;21;21;21;21;21;21;21;21;105;105,0;105;105;105;105;105;105;105;105;105;105;1,000000000000000;1,000000000000000;1,000000000000000;1,000000000000000;1,000000000000000;1,000000000000000;1,000000000000000;1,000000000000000;1,000000000000000;1,000000000000000;1,000000000000000
2022-03-23;60+;72;72,0;72;72;72;72;72;72;72;72;72;72;350;350,0;350;350;350;350;350;350;350;350;350;350;1,000000000000000;1,000000000000000;1,000000000000000;1,000000000000000;1,000000000000000;1,000000000000000;1,000000000000000;1,000000000000000;1,000000000000000;1,000000000000000;1,000000000000000
2022-03-23;alle;93;93,0;93;93;93;93;93;93;93;93;93;93;455;455,0;455;455;455;455;455;455;455;455;455;455;1,000000000000000;1,000000000000000;1,000000000000000;1,000000000000000;1,000000000000000;1,000000000000000;1,000000000000000;1,000000000000000;1,000000000000000;1,000000000000000;1,000000000000000
2022-03-22;0-60;13;13,0;13;13;13;13;13;13;13;13;13;13;115;115,0;115;115;115;115;115;115;115;115;115;115;1,000000000000000;1,000000000000000;1,000000000000000;1,000000000000000;1,000000000000000;1,000000000000000;1,000000000000000;1,000000000000000;1,000000000000000;1,000000000000000;1,000000000000000
2022-03-22;60+;66;66,0;66;66;66;66;66;66;66;66;66;66;347;347,0;347;347;347;347;347;347;347;347;347;347;1,000000000000000;1,000000000000000;1,000000000000000;1,000000000000000;1,000000000000000;1,000000000000000;1,000000000000000;1,000000000000000;1,000000000000000;1,000000000000000;1,000000000000000
2022-03-22;alle;79;79,0;79;79;79;79;79;79;79;79;79;79;462;462,0;462;462;462;462;462;462;462;462;462;462;1,000000000000000;1,000000000000000;1,000000000000000;1,000000000000000;1,000000000000000;1,000000000000000;1,000000000000000;1,000000000000000;1,000000000000000;1,000000000000000;1,000000000000000
2022-03-21;0-60;9;9,0;9;9;9;9;9;9;9;9;9;9;120;120,0;120;120;120;120;120;120;120;120;120;120;1,000000000000000;1,000000000000000;1,000000000000000;1,000000000000000;1,000000000000000;1,000000000000000;1,000000000000000;1,000000000000000;1,000000000000000;1,000000000000000;1,000000000000000
2022-03-21;60+;23;23,0;23;23;23;23;23;23;23;23;23;23;340;340,0;340;340;340;340;340;340;340;340;340;340;1,000000000000000;1,000000000000000;1,000000000000000;1,000000000000000;1,000000000000000;1,000000000000000;1,000000000000000;1,000000000000000;1,000000000000000;1,000000000000000;1,000000000000000
2022-03-21;alle;32;32,0;32;32;32;32;32;32;32;32;32;32;460;460,0;460;460;460;460;460;460;460;460;460;460;1,000000000000000;1,000000000000000;1,000000000000000;1,000000000000000;1,000000000000000;1,000000000000000;1,000000000000000;1,000000000000000;1,000000000000000;1,000000000000000;1,000000000000000
2022-03-20;0-60;7;7,0;7;7;7;7;7;7;7;7;7;7;122;122,0;122;122;122;122;122;122;122;122;122;122;1,000000000000000;1,000000000000000;1,000000000000000;1,000000000000000;1,000000000000000;1,000000000000000;1,000000000000000;1,000000000000000;1,000000000000000;1,000000000000000;1,000000000000000
2022-03-20;60+;19;19,0;19;19;19;19;19;19;19;19;19;19;340;340,0;340;340;340;340;340;340;340;340;340;340;1,000000000000000;1,000000000000000;1,000000000000000;1,000000000000000;1,000000000000000;1,000000000000000;1,000000000000000;1,000000000000000;1,000000000000000;1,000000000000000;1,000000000000000
2022-03-20;alle;26;26,0;26;26;26;26;26;26;26;26;26;26;462;462,0;462;462;462;462;462;462;462;462;462;462;1,000000000000000;1,000000000000000;1,000000000000000;1,000000000000000;1,000000000000000;1,000000000000000;1,000000000000000;1,000000000000000;1,000000000000000;1,000000000000000;1,000000000000000
2022-03-19;0-60;16;16,0;16;16;16;16;16;16;16;16;16;16;133;133,0;133;133;133;133;133;133;133;133;133;133;1,000000000000000;1,000000000000000;1,000000000000000;1,000000000000000;1,000000000000000;1,000000000000000;1,000000000000000;1,000000000000000;1,000000000000000;1,000000000000000;1,000000000000000
2022-03-19;60+;54;54,0;54;54;54;54;54;54;54;54;54;54;365;365,0;365;365;365;365;365;365;365;365;365;365;1,000000000000000;1,000000000000000;1,000000000000000;1,000000000000000;1,000000000000000;1,000000000000000;1,000000000000000;1,000000000000000;1,000000000000000;1,000000000000000;1,000000000000000
2022-03-19;alle;70;70,0;70;70;70;70;70;70;70;70;70;70;498;498,0;498;498;498;498;498;498;498;498;498;498;1,000000000000000;1,000000000000000;1,000000000000000;1,000000000000000;1,000000000000000;1,000000000000000;1,000000000000000;1,000000000000000;1,000000000000000;1,000000000000000;1,000000000000000
2022-03-18;0-60;17;17,0;17;17;17;17;17;17;17;17;17;17;138;138,0;138;138;138;138;138;138;138;138;138;138;1,000000000000000;1,000000000000000;1,000000000000000;1,000000000000000;1,000000000000000;1,000000000000000;1,000000000000000;1,000000000000000;1,000000000000000;1,000000000000000;1,000000000000000
2022-03-18;60+;55;55,0;55;55;55;55;55;55;55;55;55;55;376;376,0;376;376;376;376;376;376;376;376;376;376;1,000000000000000;1,000000000000000;1,000000000000000;1,000000000000000;1,000000000000000;1,000000000000000;1,000000000000000;1,000000000000000;1,000000000000000;1,000000000000000;1,000000000000000
2022-03-18;alle;72;72,0;72;72;72;72;72;72;72;72;72;72;514;514,0;514;514;514;514;514;514;514;514;514;514;NA;NA;NA;NA;NA;NA;NA;NA;NA;NA;NA
2022-03-17;0-60;22;22,0;22;22;22;22;22;22;22;22;22;22;135;135,0;135;135;135;135;135;135;135;135;135;135;1,000000000000000;1,000000000000000;1,000000000000000;1,000000000000000;1,000000000000000;1,000000000000000;1,000000000000000;1,000000000000000;1,000000000000000;1,000000000000000;1,000000000000000
2022-03-17;60+;61;61,0;61;61;61;61;61;61;61;61;61;61;363;363,0;363;363;363;363;363;363;363;363;363;363;1,000000000000000;1,000000000000000;1,000000000000000;1,000000000000000;1,000000000000000;1,000000000000000;1,000000000000000;1,000000000000000;1,000000000000000;1,000000000000000;1,000000000000000
2022-03-17;alle;83;83,0;83;83;83;83;83;83;83;83;83;83;498;498,0;498;498;498;498;498;498;498;498;498;498;NA;NA;NA;NA;NA;NA;NA;NA;NA;NA;NA
2022-03-16;0-60;31;31,0;31;31;31;31;31;31;31;31;31;31;138;138,0;138;138;138;138;138;138;138;138;138;138;1,000000000000000;1,000000000000000;1,000000000000000;1,000000000000000;1,000000000000000;1,000000000000000;1,000000000000000;1,000000000000000;1,000000000000000;1,000000000000000;1,000000000000000
2022-03-16;60+;69;69,0;69;69;69;69;69;69;69;69;69;69;357;357,0;357;357;357;357;357;357;357;357;357;357;1,000000000000000;1,000000000000000;1,000000000000000;1,000000000000000;1,000000000000000;1,000000000000000;1,000000000000000;1,000000000000000;1,000000000000000;1,000000000000000;1,000000000000000
2022-03-16;alle;100;100,0;100;100;100;100;100;100;100;100;100;100;495;495,0;495;495;495;495;495;495;495;495;495;495;NA;NA;NA;NA;NA;NA;NA;NA;NA;NA;NA
2022-03-15;0-60;18;18,0;18;18;18;18;18;18;18;18;18;18;134;134,0;134;134;134;134;134;134;134;134;134;134;1,000000000000000;1,000000000000000;1,000000000000000;1,000000000000000;1,000000000000000;1,000000000000000;1,000000000000000;1,000000000000000;1,000000000000000;1,000000000000000;1,000000000000000
2022-03-15;60+;59;59,0;59;59;59;59;59;59;59;59;59;59;343;343,0;343;343;343;343;343;343;343;343;343;343;1,000000000000000;1,000000000000000;1,000000000000000;1,000000000000000;1,000000000000000;1,000000000000000;1,000000000000000;1,000000000000000;1,000000000000000;1,000000000000000;1,000000000000000
2022-03-15;alle;77;77,0;77;77;77;77;77;77;77;77;77;77;477;477,0;477;477;477;477;477;477;477;477;477;477;NA;NA;NA;NA;NA;NA;NA;NA;NA;NA;NA
2022-03-14;0-60;11;11,0;11;11;11;11;11;11;11;11;11;11;135;135,0;135;135;135;135;135;135;135;135;135;135;1,000000000000000;1,000000000000000;1,000000000000000;1,000000000000000;1,000000000000000;1,000000000000000;1,000000000000000;1,000000000000000;1,000000000000000;1,000000000000000;1,000000000000000
2022-03-14;60+;23;23,0;23;23;23;23;23;23;23;23;23;23;328;328,0;328;328;328;328;328;328;328;328;328;328;1,000000000000000;1,000000000000000;1,000000000000000;1,000000000000000;1,000000000000000;1,000000000000000;1,000000000000000;1,000000000000000;1,000000000000000;1,000000000000000;1,000000000000000
2022-03-14;alle;34;34,0;34;34;34;34;34;34;34;34;34;34;463;463,0;463;463;463;463;463;463;463;463;463;463;NA;NA;NA;NA;NA;NA;NA;NA;NA;NA;NA
2022-03-13;0-60;18;18,0;18;18;18;18;18;18;18;18;18;18;133;133,0;133;133;133;133;133;133;133;133;133;133;1,000000000000000;1,000000000000000;1,000000000000000;1,000000000000000;1,000000000000000;1,000000000000000;1,000000000000000;1,000000000000000;1,000000000000000;1,000000000000000;1,000000000000000
2022-03-13;60+;44;44,0;44;44;44;44;44;44;44;44;44;44;320;320,0;320;320;320;320;320;320;320;320;320;320;1,000000000000000;1,000000000000000;1,000000000000000;1,000000000000000;1,000000000000000;1,000000000000000;1,000000000000000;1,000000000000000;1,000000000000000;1,000000000000000;1,000000000000000
2022-03-13;alle;62;62,0;62;62;62;62;62;62;62;62;62;62;453;453,0;453;453;453;453;453;453;453;453;453;453;NA;NA;NA;NA;NA;NA;NA;NA;NA;NA;NA
2022-03-12;0-60;21;21,0;21;21;21;21;21;21;21;21;21;21;143;143,0;143;143;143;143;143;143;143;143;143;143;1,000000000000000;1,000000000000000;1,000000000000000;1,000000000000000;1,000000000000000;1,000000000000000;1,000000000000000;1,000000000000000;1,000000000000000;1,000000000000000;1,000000000000000
2022-03-12;60+;65;65,0;65;65;65;65;65;65;65;65;65;65;312;312,0;312;312;312;312;312;312;312;312;312;312;1,000000000000000;1,000000000000000;1,000000000000000;1,000000000000000;1,000000000000000;1,000000000000000;1,000000000000000;1,000000000000000;1,000000000000000;1,000000000000000;1,000000000000000
2022-03-12;alle;86;86,0;86;86;86;86;86;86;86;86;86;86;455;455,0;455;455;455;455;455;455;455;455;455;455;NA;NA;NA;NA;NA;NA;NA;NA;NA;NA;NA
2022-03-11;0-60;14;14,0;14;14;14;14;14;14;14;14;14;14;138;138,0;138;138;138;138;138;138;138;138;138;138;1,000000000000000;1,000000000000000;1,000000000000000;1,000000000000000;1,000000000000000;1,000000000000000;1,000000000000000;1,000000000000000;1,000000000000000;1,000000000000000;1,000000000000000
2022-03-11;60+;42;42,0;42;42;42;42;42;42;42;42;42;42;292;292,0;292;292;292;292;292;292;292;292;292;292;1,000000000000000;1,000000000000000;1,000000000000000;1,000000000000000;1,000000000000000;1,000000000000000;1,000000000000000;1,000000000000000;1,000000000000000;1,000000000000000;1,000000000000000
2022-03-11;alle;56;56,0;56;56;56;56;56;56;56;56;56;56;430;430,0;430;430;430;430;430;430;430;430;430;430;NA;NA;NA;NA;NA;NA;NA;NA;NA;NA;NA
2022-03-10;0-60;25;25,0;25;25;25;25;25;25;25;25;25;25;141;141,0;141;141;141;141;141;141;141;141;141;141;1,000000000000000;1,000000000000000;1,000000000000000;1,000000000000000;1,000000000000000;1,000000000000000;1,000000000000000;1,000000000000000;1,000000000000000;1,000000000000000;1,000000000000000
2022-03-10;60+;55;55,0;55;55;55;55;55;55;55;55;55;55;293;293,0;293;293;293;293;293;293;293;293;293;293;1,000000000000000;1,000000000000000;1,000000000000000;1,000000000000000;1,000000000000000;1,000000000000000;1,000000000000000;1,000000000000000;1,000000000000000;1,000000000000000;1,000000000000000
2022-03-10;alle;80;80,0;80;80;80;80;80;80;80;80;80;80;434;434,0;434;434;434;434;434;434;434;434;434;434;NA;NA;NA;NA;NA;NA;NA;NA;NA;NA;NA
2022-03-09;0-60;27;27,0;27;27;27;27;27;27;27;27;27;27;136;136,0;136;136;136;136;136;136;136;136;136;136;1,000000000000000;1,000000000000000;1,000000000000000;1,000000000000000;1,000000000000000;1,000000000000000;1,000000000000000;1,000000000000000;1,000000000000000;1,000000000000000;1,000000000000000
2022-03-09;60+;55;55,0;55;55;55;55;55;55;55;55;55;55;272;272,0;272;272;272;272;272;272;272;272;272;272;1,000000000000000;1,000000000000000;1,000000000000000;1,000000000000000;1,000000000000000;1,000000000000000;1,000000000000000;1,000000000000000;1,000000000000000;1,000000000000000;1,000000000000000
2022-03-09;alle;82;82,0;82;82;82;82;82;82;82;82;82;82;408;408,0;408;408;408;408;408;408;408;408;408;408;NA;NA;NA;NA;NA;NA;NA;NA;NA;NA;NA
2022-03-08;0-60;19;19,0;19;19;19;19;19;19;19;19;19;19;128;128,0;128;128;128;128;128;128;128;128;128;128;1,000000000000000;1,000000000000000;1,000000000000000;1,000000000000000;1,000000000000000;1,000000000000000;1,000000000000000;1,000000000000000;1,000000000000000;1,000000000000000;1,000000000000000
2022-03-08;60+;44;44,0;44;44;44;44;44;44;44;44;44;44;268;268,0;268;268;268;268;268;268;268;268;268;268;1,000000000000000;1,000000000000000;1,000000000000000;1,000000000000000;1,000000000000000;1,000000000000000;1,000000000000000;1,000000000000000;1,000000000000000;1,000000000000000;1,000000000000000
2022-03-08;alle;63;63,0;63;63;63;63;63;63;63;63;63;63;396;396,0;396;396;396;396;396;396;396;396;396;396;NA;NA;NA;NA;NA;NA;NA;NA;NA;NA;NA
2022-03-07;0-60;9;9,0;9;9;9;9;9;9;9;9;9;9;125;125,0;125;125;125;125;125;125;125;125;125;125;1,000000000000000;1,000000000000000;1,000000000000000;1,000000000000000;1,000000000000000;1,000000000000000;1,000000000000000;1,000000000000000;1,000000000000000;1,000000000000000;1,000000000000000
2022-03-07;60+;15;15,0;15;15;15;15;15;15;15;15;15;15;253;253,0;253;253;253;253;253;253;253;253;253;253;1,000000000000000;1,000000000000000;1,000000000000000;1,000000000000000;1,000000000000000;1,000000000000000;1,000000000000000;1,000000000000000;1,000000000000000;1,000000000000000;1,000000000000000
2022-03-07;alle;24;24,0;24;24;24;24;24;24;24;24;24;24;378;378,0;378;378;378;378;378;378;378;378;378;378;NA;NA;NA;NA;NA;NA;NA;NA;NA;NA;NA
2022-03-06;0-60;28;28,0;28;28;28;28;28;28;28;28;28;28;125;125,0;125;125;125;125;125;125;125;125;125;125;1,000000000000000;1,000000000000000;1,000000000000000;1,000000000000000;1,000000000000000;1,000000000000000;1,000000000000000;1,000000000000000;1,000000000000000;1,000000000000000;1,000000000000000
2022-03-06;60+;36;36,0;36;36;36;36;36;36;36;36;36;36;253;253,0;253;253;253;253;253;253;253;253;253;253;1,000000000000000;1,000000000000000;1,000000000000000;1,000000000000000;1,000000000000000;1,000000000000000;1,000000000000000;1,000000000000000;1,000000000000000;1,000000000000000;1,000000000000000
2022-03-06;alle;64;64,0;64;64;64;64;64;64;64;64;64;64;378;378,0;378;378;378;378;378;378;378;378;378;378;NA;NA;NA;NA;NA;NA;NA;NA;NA;NA;NA
2022-03-05;0-60;16;16,0;16;16;16;16;16;16;16;16;16;16;109;109,0;109;109;109;109;109;109;109;109;109;109;1,000000000000000;1,000000000000000;1,000000000000000;1,000000000000000;1,000000000000000;1,000000000000000;1,000000000000000;1,000000000000000;1,000000000000000;1,000000000000000;1,000000000000000
2022-03-05;60+;45;45,0;45;45;45;45;45;45;45;45;45;45;237;237,0;237;237;237;237;237;237;237;237;237;237;1,000000000000000;1,000000000000000;1,000000000000000;1,000000000000000;1,000000000000000;1,000000000000000;1,000000000000000;1,000000000000000;1,000000000000000;1,000000000000000;1,000000000000000
2022-03-05;alle;61;61,0;61;61;61;61;61;61;61;61;61;61;346;346,0;346;346;346;346;346;346;346;346;346;346;NA;NA;NA;NA;NA;NA;NA;NA;NA;NA;NA
2022-03-04;0-60;17;17,0;17;17;17;17;17;17;17;17;17;17;112;112,0;112;112;112;112;112;112;112;112;112;112;1,000000000000000;1,000000000000000;1,000000000000000;1,000000000000000;1,000000000000000;1,000000000000000;1,000000000000000;1,000000000000000;1,000000000000000;1,000000000000000;1,000000000000000
2022-03-04;60+;43;43,0;43;43;43;43;43;43;43;43;43;43;248;248,0;248;248;248;248;248;248;248;248;248;248;1,000000000000000;1,000000000000000;1,000000000000000;1,000000000000000;1,000000000000000;1,000000000000000;1,000000000000000;1,000000000000000;1,000000000000000;1,000000000000000;1,000000000000000
2022-03-04;alle;60;60,0;60;60;60;60;60;60;60;60;60;60;360;360,0;360;360;360;360;360;360;360;360;360;360;NA;NA;NA;NA;NA;NA;NA;NA;NA;NA;NA
2022-03-03;0-60;20;20,0;20;20;20;20;20;20;20;20;20;20;118;118,0;118;118;118;118;118;118;118;118;118;118;1,000000000000000;1,000000000000000;1,000000000000000;1,000000000000000;1,000000000000000;1,000000000000000;1,000000000000000;1,000000000000000;1,000000000000000;1,000000000000000;1,000000000000000
2022-03-03;60+;34;34,0;34;34;34;34;34;34;34;34;34;34;246;246,0;246;246;246;246;246;246;246;246;246;246;1,000000000000000;1,000000000000000;1,000000000000000;1,000000000000000;1,000000000000000;1,000000000000000;1,000000000000000;1,000000000000000;1,000000000000000;1,000000000000000;1,000000000000000
2022-03-03;alle;54;54,0;54;54;54;54;54;54;54;54;54;54;364;364,0;364;364;364;364;364;364;364;364;364;364;NA;NA;NA;NA;NA;NA;NA;NA;NA;NA;NA
2022-03-02;0-60;19;19,0;19;19;19;19;19;19;19;19;19;19;117;117,0;117;117;117;117;117;117;117;117;117;117;1,000000000000000;1,000000000000000;1,000000000000000;1,000000000000000;1,000000000000000;1,000000000000000;1,000000000000000;1,000000000000000;1,000000000000000;1,000000000000000;1,000000000000000
2022-03-02;60+;51;51,0;51;51;51;51;51;51;51;51;51;51;263;263,0;263;263;263;263;263;263;263;263;263;263;1,000000000000000;1,000000000000000;1,000000000000000;1,000000000000000;1,000000000000000;1,000000000000000;1,000000000000000;1,000000000000000;1,000000000000000;1,000000000000000;1,000000000000000
2022-03-02;alle;70;70,0;70;70;70;70;70;70;70;70;70;70;380;380,0;380;380;380;380;380;380;380;380;380;380;NA;NA;NA;NA;NA;NA;NA;NA;NA;NA;NA
2022-03-01;0-60;16;16,0;16;16;16;16;16;16;16;16;16;16;125;125,0;125;125;125;125;125;125;125;125;125;125;1,000000000000000;1,000000000000000;1,000000000000000;1,000000000000000;1,000000000000000;1,000000000000000;1,000000000000000;1,000000000000000;1,000000000000000;1,000000000000000;1,000000000000000
2022-03-01;60+;29;29,0;29;29;29;29;29;29;29;29;29;29;259;259,0;259;259;259;259;259;259;259;259;259;259;1,000000000000000;1,000000000000000;1,000000000000000;1,000000000000000;1,000000000000000;1,000000000000000;1,000000000000000;1,000000000000000;1,000000000000000;1,000000000000000;1,000000000000000
2022-03-01;alle;45;45,0;45;45;45;45;45;45;45;45;45;45;384;384,0;384;384;384;384;384;384;384;384;384;384;NA;NA;NA;NA;NA;NA;NA;NA;NA;NA;NA
2022-02-28;0-60;9;9,0;9;9;9;9;9;9;9;9;9;9;126;126,0;126;126;126;126;126;126;126;126;126;126;1,000000000000000;1,000000000000000;1,000000000000000;1,000000000000000;1,000000000000000;1,000000000000000;1,000000000000000;1,000000000000000;1,000000000000000;1,000000000000000;1,000000000000000
2022-02-28;60+;15;15,0;15;15;15;15;15;15;15;15;15;15;275;275,0;275;275;275;275;275;275;275;275;275;275;1,000000000000000;1,000000000000000;1,000000000000000;1,000000000000000;1,000000000000000;1,000000000000000;1,000000000000000;1,000000000000000;1,000000000000000;1,000000000000000;1,000000000000000
2022-02-28;alle;24;24,0;24;24;24;24;24;24;24;24;24;24;401;401,0;401;401;401;401;401;401;401;401;401;401;NA;NA;NA;NA;NA;NA;NA;NA;NA;NA;NA
2022-02-27;0-60;12;12,0;12;12;12;12;12;12;12;12;12;12;124;124,0;124;124;124;124;124;124;124;124;124;124;1,000000000000000;1,000000000000000;1,000000000000000;1,000000000000000;1,000000000000000;1,000000000000000;1,000000000000000;1,000000000000000;1,000000000000000;1,000000000000000;1,000000000000000
2022-02-27;60+;20;20,0;20;20;20;20;20;20;20;20;20;20;274;274,0;274;274;274;274;274;274;274;274;274;274;1,000000000000000;1,000000000000000;1,000000000000000;1,000000000000000;1,000000000000000;1,000000000000000;1,000000000000000;1,000000000000000;1,000000000000000;1,000000000000000;1,000000000000000
2022-02-27;alle;32;32,0;32;32;32;32;32;32;32;32;32;32;398;398,0;398;398;398;398;398;398;398;398;398;398;NA;NA;NA;NA;NA;NA;NA;NA;NA;NA;NA
2022-02-26;0-60;19;19,0;19;19;19;19;19;19;19;19;19;19;127;127,0;127;127;127;127;127;127;127;127;127;127;1,000000000000000;1,000000000000000;1,000000000000000;1,000000000000000;1,000000000000000;1,000000000000000;1,000000000000000;1,000000000000000;1,000000000000000;1,000000000000000;1,000000000000000
2022-02-26;60+;56;56,0;56;56;56;56;56;56;56;56;56;56;278;278,0;278;278;278;278;278;278;278;278;278;278;1,000000000000000;1,000000000000000;1,000000000000000;1,000000000000000;1,000000000000000;1,000000000000000;1,000000000000000;1,000000000000000;1,000000000000000;1,000000000000000;1,000000000000000
2022-02-26;alle;75;75,0;75;75;75;75;75;75;75;75;75;75;405;405,0;405;405;405;405;405;405;405;405;405;405;NA;NA;NA;NA;NA;NA;NA;NA;NA;NA;NA
2022-02-25;0-60;23;23,0;23;23;23;23;23;23;23;23;23;23;139;139,0;139;139;139;139;139;139;139;139;139;139;1,000000000000000;1,000000000000000;1,000000000000000;1,000000000000000;1,000000000000000;1,000000000000000;1,000000000000000;1,000000000000000;1,000000000000000;1,000000000000000;1,000000000000000
2022-02-25;60+;41;41,0;41;41;41;41;41;41;41;41;41;41;276;276,0;276;276;276;276;276;276;276;276;276;276;1,000000000000000;1,000000000000000;1,000000000000000;1,000000000000000;1,000000000000000;1,000000000000000;1,000000000000000;1,000000000000000;1,000000000000000;1,000000000000000;1,000000000000000
2022-02-25;alle;64;64,0;64;64;64;64;64;64;64;64;64;64;415;415,0;415;415;415;415;415;415;415;415;415;415;NA;NA;NA;NA;NA;NA;NA;NA;NA;NA;NA
2022-02-24;0-60;19;19,0;19;19;19;19;19;19;19;19;19;19;137;137,0;137;137;137;137;137;137;137;137;137;137;1,000000000000000;1,000000000000000;1,000000000000000;1,000000000000000;1,000000000000000;1,000000000000000;1,000000000000000;1,000000000000000;1,000000000000000;1,000000000000000;1,000000000000000
2022-02-24;60+;51;51,0;51;51;51;51;51;51;51;51;51;51;270;270,0;270;270;270;270;270;270;270;270;270;270;1,000000000000000;1,000000000000000;1,000000000000000;1,000000000000000;1,000000000000000;1,000000000000000;1,000000000000000;1,000000000000000;1,000000000000000;1,000000000000000;1,000000000000000
2022-02-24;alle;70;70,0;70;70;70;70;70;70;70;70;70;70;407;407,0;407;407;407;407;407;407;407;407;407;407;NA;NA;NA;NA;NA;NA;NA;NA;NA;NA;NA
2022-02-23;0-60;27;27,0;27;27;27;27;27;27;27;27;27;27;143;143,0;143;143;143;143;143;143;143;143;143;143;1,000000000000000;1,000000000000000;1,000000000000000;1,000000000000000;1,000000000000000;1,000000000000000;1,000000000000000;1,000000000000000;1,000000000000000;1,000000000000000;1,000000000000000
2022-02-23;60+;47;47,0;47;47;47;47;47;47;47;47;47;47;269;269,0;269;269;269;269;269;269;269;269;269;269;1,000000000000000;1,000000000000000;1,000000000000000;1,000000000000000;1,000000000000000;1,000000000000000;1,000000000000000;1,000000000000000;1,000000000000000;1,000000000000000;1,000000000000000
2022-02-23;alle;74;74,0;74;74;74;74;74;74;74;74;74;74;412;412,0;412;412;412;412;412;412;412;412;412;412;NA;NA;NA;NA;NA;NA;NA;NA;NA;NA;NA
2022-02-22;0-60;17;17,0;17;17;17;17;17;17;17;17;17;17;135;135,0;135;135;135;135;135;135;135;135;135;135;1,000000000000000;1,000000000000000;1,000000000000000;1,000000000000000;1,000000000000000;1,000000000000000;1,000000000000000;1,000000000000000;1,000000000000000;1,000000000000000;1,000000000000000
2022-02-22;60+;45;45,0;45;45;45;45;45;45;45;45;45;45;265;265,0;265;265;265;265;265;265;265;265;265;265;1,000000000000000;1,000000000000000;1,000000000000000;1,000000000000000;1,000000000000000;1,000000000000000;1,000000000000000;1,000000000000000;1,000000000000000;1,000000000000000;1,000000000000000
2022-02-22;alle;62;62,0;62;62;62;62;62;62;62;62;62;62;400;400,0;400;400;400;400;400;400;400;400;400;400;NA;NA;NA;NA;NA;NA;NA;NA;NA;NA;NA
2022-02-21;0-60;7;7,0;7;7;7;7;7;7;7;7;7;7;139;139,0;139;139;139;139;139;139;139;139;139;139;1,000000000000000;1,000000000000000;1,000000000000000;1,000000000000000;1,000000000000000;1,000000000000000;1,000000000000000;1,000000000000000;1,000000000000000;1,000000000000000;1,000000000000000
2022-02-21;60+;14;14,0;14;14;14;14;14;14;14;14;14;14;256;256,0;256;256;256;256;256;256;256;256;256;256;1,000000000000000;1,000000000000000;1,000000000000000;1,000000000000000;1,000000000000000;1,000000000000000;1,000000000000000;1,000000000000000;1,000000000000000;1,000000000000000;1,000000000000000
2022-02-21;alle;21;21,0;21;21;21;21;21;21;21;21;21;21;395;395,0;395;395;395;395;395;395;395;395;395;395;NA;NA;NA;NA;NA;NA;NA;NA;NA;NA;NA
2022-02-20;0-60;15;15,0;15;15;15;15;15;15;15;15;15;15;141;141,0;141;141;141;141;141;141;141;141;141;141;1,000000000000000;1,000000000000000;1,000000000000000;1,000000000000000;1,000000000000000;1,000000000000000;1,000000000000000;1,000000000000000;1,000000000000000;1,000000000000000;1,000000000000000
2022-02-20;60+;24;24,0;24;24;24;24;24;24;24;24;24;24;255;255,0;255;255;255;255;255;255;255;255;255;255;1,000000000000000;1,000000000000000;1,000000000000000;1,000000000000000;1,000000000000000;1,000000000000000;1,000000000000000;1,000000000000000;1,000000000000000;1,000000000000000;1,000000000000000
2022-02-20;alle;39;39,0;39;39;39;39;39;39;39;39;39;39;396;396,0;396;396;396;396;396;396;396;396;396;396;NA;NA;NA;NA;NA;NA;NA;NA;NA;NA;NA
2022-02-19;0-60;31;31,0;31;31;31;31;31;31;31;31;31;31;140;140,0;140;140;140;140;140;140;140;140;140;140;1,000000000000000;1,000000000000000;1,000000000000000;1,000000000000000;1,000000000000000;1,000000000000000;1,000000000000000;1,000000000000000;1,000000000000000;1,000000000000000;1,000000000000000
2022-02-19;60+;54;54,0;54;54;54;54;54;54;54;54;54;54;254;254,0;254;254;254;254;254;254;254;254;254;254;1,000000000000000;1,000000000000000;1,000000000000000;1,000000000000000;1,000000000000000;1,000000000000000;1,000000000000000;1,000000000000000;1,000000000000000;1,000000000000000;1,000000000000000
2022-02-19;alle;85;85,0;85;85;85;85;85;85;85;85;85;85;394;394,0;394;394;394;394;394;394;394;394;394;394;NA;NA;NA;NA;NA;NA;NA;NA;NA;NA;NA
2022-02-18;0-60;21;21,0;21;21;21;21;21;21;21;21;21;21;130;130,0;130;130;130;130;130;130;130;130;130;130;1,000000000000000;1,000000000000000;1,000000000000000;1,000000000000000;1,000000000000000;1,000000000000000;1,000000000000000;1,000000000000000;1,000000000000000;1,000000000000000;1,000000000000000
2022-02-18;60+;35;35,0;35;35;35;35;35;35;35;35;35;35;231;231,0;231;231;231;231;231;231;231;231;231;231;1,000000000000000;1,000000000000000;1,000000000000000;1,000000000000000;1,000000000000000;1,000000000000000;1,000000000000000;1,000000000000000;1,000000000000000;1,000000000000000;1,000000000000000
2022-02-18;alle;56;56,0;56;56;56;56;56;56;56;56;56;56;361;361,0;361;361;361;361;361;361;361;361;361;361;NA;NA;NA;NA;NA;NA;NA;NA;NA;NA;NA
2022-02-17;0-60;25;25,0;25;25;25;25;25;25;25;25;25;25;134;134,0;134;134;134;134;134;134;134;134;134;134;1,000000000000000;1,000000000000000;1,000000000000000;1,000000000000000;1,000000000000000;1,000000000000000;1,000000000000000;1,000000000000000;1,000000000000000;1,000000000000000;1,000000000000000
2022-02-17;60+;50;50,0;50;50;50;50;50;50;50;50;50;50;234;234,0;234;234;234;234;234;234;234;234;234;234;1,000000000000000;1,000000000000000;1,000000000000000;1,000000000000000;1,000000000000000;1,000000000000000;1,000000000000000;1,000000000000000;1,000000000000000;1,000000000000000;1,000000000000000
2022-02-17;alle;75;75,0;75;75;75;75;75;75;75;75;75;75;368;368,0;368;368;368;368;368;368;368;368;368;368;NA;NA;NA;NA;NA;NA;NA;NA;NA;NA;NA
2022-02-16;0-60;19;19,0;19;19;19;19;19;19;19;19;19;19;132;132,0;132;132;132;132;132;132;132;132;132;132;1,000000000000000;1,000000000000000;1,000000000000000;1,000000000000000;1,000000000000000;1,000000000000000;1,000000000000000;1,000000000000000;1,000000000000000;1,000000000000000;1,000000000000000
2022-02-16;60+;43;43,0;43;43;43;43;43;43;43;43;43;43;210;210,0;210;210;210;210;210;210;210;210;210;210;1,000000000000000;1,000000000000000;1,000000000000000;1,000000000000000;1,000000000000000;1,000000000000000;1,000000000000000;1,000000000000000;1,000000000000000;1,000000000000000;1,000000000000000
2022-02-16;alle;62;62,0;62;62;62;62;62;62;62;62;62;62;342;342,0;342;342;342;342;342;342;342;342;342;342;NA;NA;NA;NA;NA;NA;NA;NA;NA;NA;NA
2022-02-15;0-60;21;21,0;21;21;21;21;21;21;21;21;21;21;145;145,0;145;145;145;145;145;145;145;145;145;145;1,000000000000000;1,000000000000000;1,000000000000000;1,000000000000000;1,000000000000000;1,000000000000000;1,000000000000000;1,000000000000000;1,000000000000000;1,000000000000000;1,000000000000000
2022-02-15;60+;36;36,0;36;36;36;36;36;36;36;36;36;36;204;204,0;204;204;204;204;204;204;204;204;204;204;1,000000000000000;1,000000000000000;1,000000000000000;1,000000000000000;1,000000000000000;1,000000000000000;1,000000000000000;1,000000000000000;1,000000000000000;1,000000000000000;1,000000000000000
2022-02-15;alle;57;57,0;57;57;57;57;57;57;57;57;57;57;349;349,0;349;349;349;349;349;349;349;349;349;349;NA;NA;NA;NA;NA;NA;NA;NA;NA;NA;NA
2022-02-14;0-60;9;9,0;9;9;9;9;9;9;9;9;9;9;148;148,0;148;148;148;148;148;148;148;148;148;148;1,000000000000000;1,000000000000000;1,000000000000000;1,000000000000000;1,000000000000000;1,000000000000000;1,000000000000000;1,000000000000000;1,000000000000000;1,000000000000000;1,000000000000000
2022-02-14;60+;13;13,0;13;13;13;13;13;13;13;13;13;13;198;198,0;198;198;198;198;198;198;198;198;198;198;1,000000000000000;1,000000000000000;1,000000000000000;1,000000000000000;1,000000000000000;1,000000000000000;1,000000000000000;1,000000000000000;1,000000000000000;1,000000000000000;1,000000000000000
2022-02-14;alle;22;22,0;22;22;22;22;22;22;22;22;22;22;346;346,0;346;346;346;346;346;346;346;346;346;346;NA;NA;NA;NA;NA;NA;NA;NA;NA;NA;NA
2022-02-13;0-60;14;14,0;14;14;14;14;14;14;14;14;14;14;150;150,0;150;150;150;150;150;150;150;150;150;150;1,000000000000000;1,000000000000000;1,000000000000000;1,000000000000000;1,000000000000000;1,000000000000000;1,000000000000000;1,000000000000000;1,000000000000000;1,000000000000000;1,000000000000000
2022-02-13;60+;23;23,0;23;23;23;23;23;23;23;23;23;23;194;194,0;194;194;194;194;194;194;194;194;194;194;1,000000000000000;1,000000000000000;1,000000000000000;1,000000000000000;1,000000000000000;1,000000000000000;1,000000000000000;1,000000000000000;1,000000000000000;1,000000000000000;1,000000000000000
2022-02-13;alle;37;37,0;37;37;37;37;37;37;37;37;37;37;344;344,0;344;344;344;344;344;344;344;344;344;344;NA;NA;NA;NA;NA;NA;NA;NA;NA;NA;NA
2022-02-12;0-60;21;21,0;21;21;21;21;21;21;21;21;21;21;148;148,0;148;148;148;148;148;148;148;148;148;148;1,000000000000000;1,000000000000000;1,000000000000000;1,000000000000000;1,000000000000000;1,000000000000000;1,000000000000000;1,000000000000000;1,000000000000000;1,000000000000000;1,000000000000000
2022-02-12;60+;31;31,0;31;31;31;31;31;31;31;31;31;31;184;184,0;184;184;184;184;184;184;184;184;184;184;1,000000000000000;1,000000000000000;1,000000000000000;1,000000000000000;1,000000000000000;1,000000000000000;1,000000000000000;1,000000000000000;1,000000000000000;1,000000000000000;1,000000000000000
2022-02-12;alle;52;52,0;52;52;52;52;52;52;52;52;52;52;332;332,0;332;332;332;332;332;332;332;332;332;332;NA;NA;NA;NA;NA;NA;NA;NA;NA;NA;NA
2022-02-11;0-60;25;25,0;25;25;25;25;25;25;25;25;25;25;150;150,0;150;150;150;150;150;150;150;150;150;150;1,000000000000000;1,000000000000000;1,000000000000000;1,000000000000000;1,000000000000000;1,000000000000000;1,000000000000000;1,000000000000000;1,000000000000000;1,000000000000000;1,000000000000000
2022-02-11;60+;38;38,0;38;38;38;38;38;38;38;38;38;38;170;170,0;170;170;170;170;170;170;170;170;170;170;1,000000000000000;1,000000000000000;1,000000000000000;1,000000000000000;1,000000000000000;1,000000000000000;1,000000000000000;1,000000000000000;1,000000000000000;1,000000000000000;1,000000000000000
2022-02-11;alle;63;63,0;63;63;63;63;63;63;63;63;63;63;320;320,0;320;320;320;320;320;320;320;320;320;320;NA;NA;NA;NA;NA;NA;NA;NA;NA;NA;NA
2022-02-10;0-60;23;23,0;23;23;23;23;23;23;23;23;23;23;142;142,0;142;142;142;142;142;142;142;142;142;142;1,000000000000000;1,000000000000000;1,000000000000000;1,000000000000000;1,000000000000000;1,000000000000000;1,000000000000000;1,000000000000000;1,000000000000000;1,000000000000000;1,000000000000000
2022-02-10;60+;26;26,0;26;26;26;26;26;26;26;26;26;26;156;156,0;156;156;156;156;156;156;156;156;156;156;1,000000000000000;1,000000000000000;1,000000000000000;1,000000000000000;1,000000000000000;1,000000000000000;1,000000000000000;1,000000000000000;1,000000000000000;1,000000000000000;1,000000000000000
2022-02-10;alle;49;49,0;49;49;49;49;49;49;49;49;49;49;298;298,0;298;298;298;298;298;298;298;298;298;298;NA;NA;NA;NA;NA;NA;NA;NA;NA;NA;NA
2022-02-09;0-60;32;32,0;32;32;32;32;32;32;32;32;32;32;142;142,0;142;142;142;142;142;142;142;142;142;142;1,000000000000000;1,000000000000000;1,000000000000000;1,000000000000000;1,000000000000000;1,000000000000000;1,000000000000000;1,000000000000000;1,000000000000000;1,000000000000000;1,000000000000000
2022-02-09;60+;37;37,0;37;37;37;37;37;37;37;37;37;37;153;153,0;153;153;153;153;153;153;153;153;153;153;1,000000000000000;1,000000000000000;1,000000000000000;1,000000000000000;1,000000000000000;1,000000000000000;1,000000000000000;1,000000000000000;1,000000000000000;1,000000000000000;1,000000000000000
2022-02-09;alle;69;69,0;69;69;69;69;69;69;69;69;69;69;295;295,0;295;295;295;295;295;295;295;295;295;295;NA;NA;NA;NA;NA;NA;NA;NA;NA;NA;NA
2022-02-08;0-60;24;24,0;24;24;24;24;24;24;24;24;24;24;136;136,0;136;136;136;136;136;136;136;136;136;136;1,000000000000000;1,000000000000000;1,000000000000000;1,000000000000000;1,000000000000000;1,000000000000000;1,000000000000000;1,000000000000000;1,000000000000000;1,000000000000000;1,000000000000000
2022-02-08;60+;30;30,0;30;30;30;30;30;30;30;30;30;30;139;139,0;139;139;139;139;139;139;139;139;139;139;1,000000000000000;1,000000000000000;1,000000000000000;1,000000000000000;1,000000000000000;1,000000000000000;1,000000000000000;1,000000000000000;1,000000000000000;1,000000000000000;1,000000000000000
2022-02-08;alle;54;54,0;54;54;54;54;54;54;54;54;54;54;275;275,0;275;275;275;275;275;275;275;275;275;275;NA;NA;NA;NA;NA;NA;NA;NA;NA;NA;NA
2022-02-07;0-60;11;11,0;11;11;11;11;11;11;11;11;11;11;130;130,0;130;130;130;130;130;130;130;130;130;130;1,000000000000000;1,000000000000000;1,000000000000000;1,000000000000000;1,000000000000000;1,000000000000000;1,000000000000000;1,000000000000000;1,000000000000000;1,000000000000000;1,000000000000000
2022-02-07;60+;9;9,0;9;9;9;9;9;9;9;9;9;9;125;125,0;125;125;125;125;125;125;125;125;125;125;1,000000000000000;1,000000000000000;1,000000000000000;1,000000000000000;1,000000000000000;1,000000000000000;1,000000000000000;1,000000000000000;1,000000000000000;1,000000000000000;1,000000000000000
2022-02-07;alle;20;20,0;20;20;20;20;20;20;20;20;20;20;255;255,0;255;255;255;255;255;255;255;255;255;255;NA;NA;NA;NA;NA;NA;NA;NA;NA;NA;NA
2022-02-06;0-60;12;12,0;12;12;12;12;12;12;12;12;12;12;128;128,0;128;128;128;128;128;128;128;128;128;128;1,000000000000000;1,000000000000000;1,000000000000000;1,000000000000000;1,000000000000000;1,000000000000000;1,000000000000000;1,000000000000000;1,000000000000000;1,000000000000000;1,000000000000000
2022-02-06;60+;13;13,0;13;13;13;13;13;13;13;13;13;13;125;125,0;125;125;125;125;125;125;125;125;125;125;1,000000000000000;1,000000000000000;1,000000000000000;1,000000000000000;1,000000000000000;1,000000000000000;1,000000000000000;1,000000000000000;1,000000000000000;1,000000000000000;1,000000000000000
2022-02-06;alle;25;25,0;25;25;25;25;25;25;25;25;25;25;253;253,0;253;253;253;253;253;253;253;253;253;253;NA;NA;NA;NA;NA;NA;NA;NA;NA;NA;NA
2022-02-05;0-60;23;23,0;23;23;23;23;23;23;23;23;23;23;127;127,0;127;127;127;127;127;127;127;127;127;127;1,000000000000000;1,000000000000000;1,000000000000000;1,000000000000000;1,000000000000000;1,000000000000000;1,000000000000000;1,000000000000000;1,000000000000000;1,000000000000000;1,000000000000000
2022-02-05;60+;17;17,0;17;17;17;17;17;17;17;17;17;17;123;123,0;123;123;123;123;123;123;123;123;123;123;1,000000000000000;1,000000000000000;1,000000000000000;1,000000000000000;1,000000000000000;1,000000000000000;1,000000000000000;1,000000000000000;1,000000000000000;1,000000000000000;1,000000000000000
2022-02-05;alle;40;40,0;40;40;40;40;40;40;40;40;40;40;250;250,0;250;250;250;250;250;250;250;250;250;250;NA;NA;NA;NA;NA;NA;NA;NA;NA;NA;NA
2022-02-04;0-60;17;17,0;17;17;17;17;17;17;17;17;17;17;119;119,0;119;119;119;119;119;119;119;119;119;119;1,000000000000000;1,000000000000000;1,000000000000000;1,000000000000000;1,000000000000000;1,000000000000000;1,000000000000000;1,000000000000000;1,000000000000000;1,000000000000000;1,000000000000000
2022-02-04;60+;24;24,0;24;24;24;24;24;24;24;24;24;24;123;123,0;123;123;123;123;123;123;123;123;123;123;1,000000000000000;1,000000000000000;1,000000000000000;1,000000000000000;1,000000000000000;1,000000000000000;1,000000000000000;1,000000000000000;1,000000000000000;1,000000000000000;1,000000000000000
2022-02-04;alle;41;41,0;41;41;41;41;41;41;41;41;41;41;242;242,0;242;242;242;242;242;242;242;242;242;242;NA;NA;NA;NA;NA;NA;NA;NA;NA;NA;NA
2022-02-03;0-60;23;23,0;23;23;23;23;23;23;23;23;23;23;112;112,0;112;112;112;112;112;112;112;112;112;112;1,000000000000000;1,000000000000000;1,000000000000000;1,000000000000000;1,000000000000000;1,000000000000000;1,000000000000000;1,000000000000000;1,000000000000000;1,000000000000000;1,000000000000000
2022-02-03;60+;23;23,0;23;23;23;23;23;23;23;23;23;23;116;116,0;116;116;116;116;116;116;116;116;116;116;1,000000000000000;1,000000000000000;1,000000000000000;1,000000000000000;1,000000000000000;1,000000000000000;1,000000000000000;1,000000000000000;1,000000000000000;1,000000000000000;1,000000000000000
2022-02-03;alle;46;46,0;46;46;46;46;46;46;46;46;46;46;228;228,0;228;228;228;228;228;228;228;228;228;228;NA;NA;NA;NA;NA;NA;NA;NA;NA;NA;NA
2022-02-02;0-60;26;26,0;26;26;26;26;26;26;26;26;26;26;103;103,0;103;103;103;103;103;103;103;103;103;103;1,000000000000000;1,000000000000000;1,000000000000000;1,000000000000000;1,000000000000000;1,000000000000000;1,000000000000000;1,000000000000000;1,000000000000000;1,000000000000000;1,000000000000000
2022-02-02;60+;23;23,0;23;23;23;23;23;23;23;23;23;23;110;110,0;110;110;110;110;110;110;110;110;110;110;1,000000000000000;1,000000000000000;1,000000000000000;1,000000000000000;1,000000000000000;1,000000000000000;1,000000000000000;1,000000000000000;1,000000000000000;1,000000000000000;1,000000000000000
2022-02-02;alle;49;49,0;49;49;49;49;49;49;49;49;49;49;213;213,0;213;213;213;213;213;213;213;213;213;213;NA;NA;NA;NA;NA;NA;NA;NA;NA;NA;NA
2022-02-01;0-60;18;18,0;18;18;18;18;18;18;18;18;18;18;97;97,0;97;97;97;97;97;97;97;97;97;97;1,000000000000000;1,000000000000000;1,000000000000000;1,000000000000000;1,000000000000000;1,000000000000000;1,000000000000000;1,000000000000000;1,000000000000000;1,000000000000000;1,000000000000000
2022-02-01;60+;16;16,0;16;16;16;16;16;16;16;16;16;16;112;112,0;112;112;112;112;112;112;112;112;112;112;1,000000000000000;1,000000000000000;1,000000000000000;1,000000000000000;1,000000000000000;1,000000000000000;1,000000000000000;1,000000000000000;1,000000000000000;1,000000000000000;1,000000000000000
2022-02-01;alle;34;34,0;34;34;34;34;34;34;34;34;34;34;209;209,0;209;209;209;209;209;209;209;209;209;209;NA;NA;NA;NA;NA;NA;NA;NA;NA;NA;NA
2022-01-31;0-60;9;9,0;9;9;9;9;9;9;9;9;9;9;103;103,0;103;103;103;103;103;103;103;103;103;103;1,000000000000000;1,000000000000000;1,000000000000000;1,000000000000000;1,000000000000000;1,000000000000000;1,000000000000000;1,000000000000000;1,000000000000000;1,000000000000000;1,000000000000000
2022-01-31;60+;9;9,0;9;9;9;9;9;9;9;9;9;9;110;110,0;110;110;110;110;110;110;110;110;110;110;1,000000000000000;1,000000000000000;1,000000000000000;1,000000000000000;1,000000000000000;1,000000000000000;1,000000000000000;1,000000000000000;1,000000000000000;1,000000000000000;1,000000000000000
2022-01-31;alle;18;18,0;18;18;18;18;18;18;18;18;18;18;213;213,0;213;213;213;213;213;213;213;213;213;213;NA;NA;NA;NA;NA;NA;NA;NA;NA;NA;NA
2022-01-30;0-60;11;11,0;11;11;11;11;11;11;11;11;11;11;100;100,0;100;100;100;100;100;100;100;100;100;100;1,000000000000000;1,000000000000000;1,000000000000000;1,000000000000000;1,000000000000000;1,000000000000000;1,000000000000000;1,000000000000000;1,000000000000000;1,000000000000000;1,000000000000000
2022-01-30;60+;11;11,0;11;11;11;11;11;11;11;11;11;11;104;104,0;104;104;104;104;104;104;104;104;104;104;1,000000000000000;1,000000000000000;1,000000000000000;1,000000000000000;1,000000000000000;1,000000000000000;1,000000000000000;1,000000000000000;1,000000000000000;1,000000000000000;1,000000000000000
2022-01-30;alle;22;22,0;22;22;22;22;22;22;22;22;22;22;204;204,0;204;204;204;204;204;204;204;204;204;204;NA;NA;NA;NA;NA;NA;NA;NA;NA;NA;NA
2022-01-29;0-60;15;15,0;15;15;15;15;15;15;15;15;15;15;102;102,0;102;102;102;102;102;102;102;102;102;102;1,000000000000000;1,000000000000000;1,000000000000000;1,000000000000000;1,000000000000000;1,000000000000000;1,000000000000000;1,000000000000000;1,000000000000000;1,000000000000000;1,000000000000000
2022-01-29;60+;17;17,0;17;17;17;17;17;17;17;17;17;17;100;100,0;100;100;100;100;100;100;100;100;100;100;1,000000000000000;1,000000000000000;1,000000000000000;1,000000000000000;1,000000000000000;1,000000000000000;1,000000000000000;1,000000000000000;1,000000000000000;1,000000000000000;1,000000000000000
2022-01-29;alle;32;32,0;32;32;32;32;32;32;32;32;32;32;202;202,0;202;202;202;202;202;202;202;202;202;202;NA;NA;NA;NA;NA;NA;NA;NA;NA;NA;NA
2022-01-28;0-60;10;10,0;10;10;10;10;10;10;10;10;10;10;92;92,0;92;92;92;92;92;92;92;92;92;92;1,000000000000000;1,000000000000000;1,000000000000000;1,000000000000000;1,000000000000000;1,000000000000000;1,000000000000000;1,000000000000000;1,000000000000000;1,000000000000000;1,000000000000000
2022-01-28;60+;17;17,0;17;17;17;17;17;17;17;17;17;17;92;92,0;92;92;92;92;92;92;92;92;92;92;1,000000000000000;1,000000000000000;1,000000000000000;1,000000000000000;1,000000000000000;1,000000000000000;1,000000000000000;1,000000000000000;1,000000000000000;1,000000000000000;1,000000000000000
2022-01-28;alle;27;27,0;27;27;27;27;27;27;27;27;27;27;184;184,0;184;184;184;184;184;184;184;184;184;184;NA;NA;NA;NA;NA;NA;NA;NA;NA;NA;NA
2022-01-27;0-60;14;14,0;14;14;14;14;14;14;14;14;14;14;93;93,0;93;93;93;93;93;93;93;93;93;93;1,000000000000000;1,000000000000000;1,000000000000000;1,000000000000000;1,000000000000000;1,000000000000000;1,000000000000000;1,000000000000000;1,000000000000000;1,000000000000000;1,000000000000000
2022-01-27;60+;17;17,0;17;17;17;17;17;17;17;17;17;17;87;87,0;87;87;87;87;87;87;87;87;87;87;1,000000000000000;1,000000000000000;1,000000000000000;1,000000000000000;1,000000000000000;1,000000000000000;1,000000000000000;1,000000000000000;1,000000000000000;1,000000000000000;1,000000000000000
2022-01-27;alle;31;31,0;31;31;31;31;31;31;31;31;31;31;180;180,0;180;180;180;180;180;180;180;180;180;180;NA;NA;NA;NA;NA;NA;NA;NA;NA;NA;NA
2022-01-26;0-60;20;20,0;20;20;20;20;20;20;20;20;20;20;90;90,0;90;90;90;90;90;90;90;90;90;90;1,000000000000000;1,000000000000000;1,000000000000000;1,000000000000000;1,000000000000000;1,000000000000000;1,000000000000000;1,000000000000000;1,000000000000000;1,000000000000000;1,000000000000000
2022-01-26;60+;25;25,0;25;25;25;25;25;25;25;25;25;25;77;77,0;77;77;77;77;77;77;77;77;77;77;1,000000000000000;1,000000000000000;1,000000000000000;1,000000000000000;1,000000000000000;1,000000000000000;1,000000000000000;1,000000000000000;1,000000000000000;1,000000000000000;1,000000000000000
2022-01-26;alle;45;45,0;45;45;45;45;45;45;45;45;45;45;167;167,0;167;167;167;167;167;167;167;167;167;167;NA;NA;NA;NA;NA;NA;NA;NA;NA;NA;NA
2022-01-25;0-60;24;24,0;24;24;24;24;24;24;24;24;24;24;82;82,0;82;82;82;82;82;82;82;82;82;82;1,000000000000000;1,000000000000000;1,000000000000000;1,000000000000000;1,000000000000000;1,000000000000000;1,000000000000000;1,000000000000000;1,000000000000000;1,000000000000000;1,000000000000000
2022-01-25;60+;14;14,0;14;14;14;14;14;14;14;14;14;14;70;70,0;70;70;70;70;70;70;70;70;70;70;1,000000000000000;1,000000000000000;1,000000000000000;1,000000000000000;1,000000000000000;1,000000000000000;1,000000000000000;1,000000000000000;1,000000000000000;1,000000000000000;1,000000000000000
2022-01-25;alle;38;38,0;38;38;38;38;38;38;38;38;38;38;152;152,0;152;152;152;152;152;152;152;152;152;152;NA;NA;NA;NA;NA;NA;NA;NA;NA;NA;NA
2022-01-24;0-60;6;6,0;6;6;6;6;6;6;6;6;6;6;65;65,0;65;65;65;65;65;65;65;65;65;65;1,000000000000000;1,000000000000000;1,000000000000000;1,000000000000000;1,000000000000000;1,000000000000000;1,000000000000000;1,000000000000000;1,000000000000000;1,000000000000000;1,000000000000000
2022-01-24;60+;3;3,0;3;3;3;3;3;3;3;3;3;3;69;69,0;69;69;69;69;69;69;69;69;69;69;1,000000000000000;1,000000000000000;1,000000000000000;1,000000000000000;1,000000000000000;1,000000000000000;1,000000000000000;1,000000000000000;1,000000000000000;1,000000000000000;1,000000000000000
2022-01-24;alle;9;9,0;9;9;9;9;9;9;9;9;9;9;134;134,0;134;134;134;134;134;134;134;134;134;134;NA;NA;NA;NA;NA;NA;NA;NA;NA;NA;NA
2022-01-23;0-60;13;13,0;13;13;13;13;13;13;13;13;13;13;62;62,0;62;62;62;62;62;62;62;62;62;62;1,000000000000000;1,000000000000000;1,000000000000000;1,000000000000000;1,000000000000000;1,000000000000000;1,000000000000000;1,000000000000000;1,000000000000000;1,000000000000000;1,000000000000000
2022-01-23;60+;7;7,0;7;7;7;7;7;7;7;7;7;7;71;71,0;71;71;71;71;71;71;71;71;71;71;1,000000000000000;1,000000000000000;1,000000000000000;1,000000000000000;1,000000000000000;1,000000000000000;1,000000000000000;1,000000000000000;1,000000000000000;1,000000000000000;1,000000000000000
2022-01-23;alle;20;20,0;20;20;20;20;20;20;20;20;20;20;133;133,0;133;133;133;133;133;133;133;133;133;133;NA;NA;NA;NA;NA;NA;NA;NA;NA;NA;NA
2022-01-22;0-60;5;5,0;5;5;5;5;5;5;5;5;5;5;53;53,0;53;53;53;53;53;53;53;53;53;53;1,000000000000000;1,000000000000000;1,000000000000000;1,000000000000000;1,000000000000000;1,000000000000000;1,000000000000000;1,000000000000000;1,000000000000000;1,000000000000000;1,000000000000000
2022-01-22;60+;9;9,0;9;9;9;9;9;9;9;9;9;9;71;71,0;71;71;71;71;71;71;71;71;71;71;1,000000000000000;1,000000000000000;1,000000000000000;1,000000000000000;1,000000000000000;1,000000000000000;1,000000000000000;1,000000000000000;1,000000000000000;1,000000000000000;1,000000000000000
2022-01-22;alle;14;14,0;14;14;14;14;14;14;14;14;14;14;124;124,0;124;124;124;124;124;124;124;124;124;124;NA;NA;NA;NA;NA;NA;NA;NA;NA;NA;NA
2022-01-21;0-60;11;11,0;11;11;11;11;11;11;11;11;11;11;57;57,0;57;57;57;57;57;57;57;57;57;57;1,000000000000000;1,000000000000000;1,000000000000000;1,000000000000000;1,000000000000000;1,000000000000000;1,000000000000000;1,000000000000000;1,000000000000000;1,000000000000000;1,000000000000000
2022-01-21;60+;12;12,0;12;12;12;12;12;12;12;12;12;12;82;82,0;82;82;82;82;82;82;82;82;82;82;1,000000000000000;1,000000000000000;1,000000000000000;1,000000000000000;1,000000000000000;1,000000000000000;1,000000000000000;1,000000000000000;1,000000000000000;1,000000000000000;1,000000000000000
2022-01-21;alle;23;23,0;23;23;23;23;23;23;23;23;23;23;139;139,0;139;139;139;139;139;139;139;139;139;139;NA;NA;NA;NA;NA;NA;NA;NA;NA;NA;NA
2022-01-20;0-60;11;11,0;11;11;11;11;11;11;11;11;11;11;53;53,0;53;53;53;53;53;53;53;53;53;53;1,000000000000000;1,000000000000000;1,000000000000000;1,000000000000000;1,000000000000000;1,000000000000000;1,000000000000000;1,000000000000000;1,000000000000000;1,000000000000000;1,000000000000000
2022-01-20;60+;7;7,0;7;7;7;7;7;7;7;7;7;7;87;87,0;87;87;87;87;87;87;87;87;87;87;1,000000000000000;1,000000000000000;1,000000000000000;1,000000000000000;1,000000000000000;1,000000000000000;1,000000000000000;1,000000000000000;1,000000000000000;1,000000000000000;1,000000000000000
2022-01-20;alle;18;18,0;18;18;18;18;18;18;18;18;18;18;140;140,0;140;140;140;140;140;140;140;140;140;140;NA;NA;NA;NA;NA;NA;NA;NA;NA;NA;NA
2022-01-19;0-60;12;12,0;12;12;12;12;12;12;12;12;12;12;46;46,0;46;46;46;46;46;46;46;46;46;46;1,000000000000000;1,000000000000000;1,000000000000000;1,000000000000000;1,000000000000000;1,000000000000000;1,000000000000000;1,000000000000000;1,000000000000000;1,000000000000000;1,000000000000000
2022-01-19;60+;18;18,0;18;18;18;18;18;18;18;18;18;18;92;92,0;92;92;92;92;92;92;92;92;92;92;1,000000000000000;1,000000000000000;1,000000000000000;1,000000000000000;1,000000000000000;1,000000000000000;1,000000000000000;1,000000000000000;1,000000000000000;1,000000000000000;1,000000000000000
2022-01-19;alle;30;30,0;30;30;30;30;30;30;30;30;30;30;138;138,0;138;138;138;138;138;138;138;138;138;138;NA;NA;NA;NA;NA;NA;NA;NA;NA;NA;NA
2022-01-18;0-60;7;7,0;7;7;7;7;7;7;7;7;7;7;52;52,0;52;52;52;52;52;52;52;52;52;52;1,000000000000000;1,000000000000000;1,000000000000000;1,000000000000000;1,000000000000000;1,000000000000000;1,000000000000000;1,000000000000000;1,000000000000000;1,000000000000000;1,000000000000000
2022-01-18;60+;13;13,0;13;13;13;13;13;13;13;13;13;13;101;101,0;101;101;101;101;101;101;101;101;101;101;1,000000000000000;1,000000000000000;1,000000000000000;1,000000000000000;1,000000000000000;1,000000000000000;1,000000000000000;1,000000000000000;1,000000000000000;1,000000000000000;1,000000000000000
2022-01-18;alle;20;20,0;20;20;20;20;20;20;20;20;20;20;153;153,0;153;153;153;153;153;153;153;153;153;153;NA;NA;NA;NA;NA;NA;NA;NA;NA;NA;NA
2022-01-17;0-60;3;3,0;3;3;3;3;3;3;3;3;3;3;54;54,0;54;54;54;54;54;54;54;54;54;54;1,000000000000000;1,000000000000000;1,000000000000000;1,000000000000000;1,000000000000000;1,000000000000000;1,000000000000000;1,000000000000000;1,000000000000000;1,000000000000000;1,000000000000000
2022-01-17;60+;5;5,0;5;5;5;5;5;5;5;5;5;5;110;110,0;110;110;110;110;110;110;110;110;110;110;1,000000000000000;1,000000000000000;1,000000000000000;1,000000000000000;1,000000000000000;1,000000000000000;1,000000000000000;1,000000000000000;1,000000000000000;1,000000000000000;1,000000000000000
2022-01-17;alle;8;8,0;8;8;8;8;8;8;8;8;8;8;164;164,0;164;164;164;164;164;164;164;164;164;164;NA;NA;NA;NA;NA;NA;NA;NA;NA;NA;NA
2022-01-16;0-60;4;4,0;4;4;4;4;4;4;4;4;4;4;57;57,0;57;57;57;57;57;57;57;57;57;57;1,000000000000000;1,000000000000000;1,000000000000000;1,000000000000000;1,000000000000000;1,000000000000000;1,000000000000000;1,000000000000000;1,000000000000000;1,000000000000000;1,000000000000000
2022-01-16;60+;7;7,0;7;7;7;7;7;7;7;7;7;7;110;110,0;110;110;110;110;110;110;110;110;110;110;1,000000000000000;1,000000000000000;1,000000000000000;1,000000000000000;1,000000000000000;1,000000000000000;1,000000000000000;1,000000000000000;1,000000000000000;1,000000000000000;1,000000000000000
2022-01-16;alle;11;11,0;11;11;11;11;11;11;11;11;11;11;167;167,0;167;167;167;167;167;167;167;167;167;167;NA;NA;NA;NA;NA;NA;NA;NA;NA;NA;NA
2022-01-15;0-60;9;9,0;9;9;9;9;9;9;9;9;9;9;57;57,0;57;57;57;57;57;57;57;57;57;57;1,000000000000000;1,000000000000000;1,000000000000000;1,000000000000000;1,000000000000000;1,000000000000000;1,000000000000000;1,000000000000000;1,000000000000000;1,000000000000000;1,000000000000000
2022-01-15;60+;20;20,0;20;20;20;20;20;20;20;20;20;20;113;113,0;113;113;113;113;113;113;113;113;113;113;1,000000000000000;1,000000000000000;1,000000000000000;1,000000000000000;1,000000000000000;1,000000000000000;1,000000000000000;1,000000000000000;1,000000000000000;1,000000000000000;1,000000000000000
2022-01-15;alle;29;29,0;29;29;29;29;29;29;29;29;29;29;170;170,0;170;170;170;170;170;170;170;170;170;170;NA;NA;NA;NA;NA;NA;NA;NA;NA;NA;NA
2022-01-14;0-60;7;7,0;7;7;7;7;7;7;7;7;7;7;57;57,0;57;57;57;57;57;57;57;57;57;57;1,000000000000000;1,000000000000000;1,000000000000000;1,000000000000000;1,000000000000000;1,000000000000000;1,000000000000000;1,000000000000000;1,000000000000000;1,000000000000000;1,000000000000000
2022-01-14;60+;17;17,0;17;17;17;17;17;17;17;17;17;17;106;106,0;106;106;106;106;106;106;106;106;106;106;1,000000000000000;1,000000000000000;1,000000000000000;1,000000000000000;1,000000000000000;1,000000000000000;1,000000000000000;1,000000000000000;1,000000000000000;1,000000000000000;1,000000000000000
2022-01-14;alle;24;24,0;24;24;24;24;24;24;24;24;24;24;163;163,0;163;163;163;163;163;163;163;163;163;163;NA;NA;NA;NA;NA;NA;NA;NA;NA;NA;NA
2022-01-13;0-60;4;4,0;4;4;4;4;4;4;4;4;4;4;57;57,0;57;57;57;57;57;57;57;57;57;57;1,000000000000000;1,000000000000000;1,000000000000000;1,000000000000000;1,000000000000000;1,000000000000000;1,000000000000000;1,000000000000000;1,000000000000000;1,000000000000000;1,000000000000000
2022-01-13;60+;12;12,0;12;12;12;12;12;12;12;12;12;12;104;104,0;104;104;104;104;104;104;104;104;104;104;1,000000000000000;1,000000000000000;1,000000000000000;1,000000000000000;1,000000000000000;1,000000000000000;1,000000000000000;1,000000000000000;1,000000000000000;1,000000000000000;1,000000000000000
2022-01-13;alle;16;16,0;16;16;16;16;16;16;16;16;16;16;161;161,0;161;161;161;161;161;161;161;161;161;161;NA;NA;NA;NA;NA;NA;NA;NA;NA;NA;NA
2022-01-12;0-60;18;18,0;18;18;18;18;18;18;18;18;18;18;73;73,0;73;73;73;73;73;73;73;73;73;73;1,000000000000000;1,000000000000000;1,000000000000000;1,000000000000000;1,000000000000000;1,000000000000000;1,000000000000000;1,000000000000000;1,000000000000000;1,000000000000000;1,000000000000000
2022-01-12;60+;27;27,0;27;27;27;27;27;27;27;27;27;27;130;130,0;130;130;130;130;130;130;130;130;130;130;1,000000000000000;1,000000000000000;1,000000000000000;1,000000000000000;1,000000000000000;1,000000000000000;1,000000000000000;1,000000000000000;1,000000000000000;1,000000000000000;1,000000000000000
2022-01-12;alle;45;45,0;45;45;45;45;45;45;45;45;45;45;203;203,0;203;203;203;203;203;203;203;203;203;203;NA;NA;NA;NA;NA;NA;NA;NA;NA;NA;NA
2022-01-11;0-60;9;9,0;9;9;9;9;9;9;9;9;9;9;70;70,0;70;70;70;70;70;70;70;70;70;70;1,000000000000000;1,000000000000000;1,000000000000000;1,000000000000000;1,000000000000000;1,000000000000000;1,000000000000000;1,000000000000000;1,000000000000000;1,000000000000000;1,000000000000000
2022-01-11;60+;22;22,0;22;22;22;22;22;22;22;22;22;22;144;144,0;144;144;144;144;144;144;144;144;144;144;1,000000000000000;1,000000000000000;1,000000000000000;1,000000000000000;1,000000000000000;1,000000000000000;1,000000000000000;1,000000000000000;1,000000000000000;1,000000000000000;1,000000000000000
2022-01-11;alle;31;31,0;31;31;31;31;31;31;31;31;31;31;214;214,0;214;214;214;214;214;214;214;214;214;214;NA;NA;NA;NA;NA;NA;NA;NA;NA;NA;NA
2022-01-10;0-60;6;6,0;6;6;6;6;6;6;6;6;6;6;81;81,0;81;81;81;81;81;81;81;81;81;81;1,000000000000000;1,000000000000000;1,000000000000000;1,000000000000000;1,000000000000000;1,000000000000000;1,000000000000000;1,000000000000000;1,000000000000000;1,000000000000000;1,000000000000000
2022-01-10;60+;5;5,0;5;5;5;5;5;5;5;5;5;5;159;159,0;159;159;159;159;159;159;159;159;159;159;1,000000000000000;1,000000000000000;1,000000000000000;1,000000000000000;1,000000000000000;1,000000000000000;1,000000000000000;1,000000000000000;1,000000000000000;1,000000000000000;1,000000000000000
2022-01-10;alle;11;11,0;11;11;11;11;11;11;11;11;11;11;240;240,0;240;240;240;240;240;240;240;240;240;240;NA;NA;NA;NA;NA;NA;NA;NA;NA;NA;NA
2022-01-09;0-60;4;4,0;4;4;4;4;4;4;4;4;4;4;82;82,0;82;82;82;82;82;82;82;82;82;82;1,000000000000000;1,000000000000000;1,000000000000000;1,000000000000000;1,000000000000000;1,000000000000000;1,000000000000000;1,000000000000000;1,000000000000000;1,000000000000000;1,000000000000000
2022-01-09;60+;10;10,0;10;10;10;10;10;10;10;10;10;10;167;167,0;167;167;167;167;167;167;167;167;167;167;1,000000000000000;1,000000000000000;1,000000000000000;1,000000000000000;1,000000000000000;1,000000000000000;1,000000000000000;1,000000000000000;1,000000000000000;1,000000000000000;1,000000000000000
2022-01-09;alle;14;14,0;14;14;14;14;14;14;14;14;14;14;249;249,0;249;249;249;249;249;249;249;249;249;249;NA;NA;NA;NA;NA;NA;NA;NA;NA;NA;NA
2022-01-08;0-60;9;9,0;9;9;9;9;9;9;9;9;9;9;85;85,0;85;85;85;85;85;85;85;85;85;85;1,000000000000000;1,000000000000000;1,000000000000000;1,000000000000000;1,000000000000000;1,000000000000000;1,000000000000000;1,000000000000000;1,000000000000000;1,000000000000000;1,000000000000000
2022-01-08;60+;13;13,0;13;13;13;13;13;13;13;13;13;13;163;163,0;163;163;163;163;163;163;163;163;163;163;1,000000000000000;1,000000000000000;1,000000000000000;1,000000000000000;1,000000000000000;1,000000000000000;1,000000000000000;1,000000000000000;1,000000000000000;1,000000000000000;1,000000000000000
2022-01-08;alle;22;22,0;22;22;22;22;22;22;22;22;22;22;248;248,0;248;248;248;248;248;248;248;248;248;248;NA;NA;NA;NA;NA;NA;NA;NA;NA;NA;NA
2022-01-07;0-60;7;7,0;7;7;7;7;7;7;7;7;7;7;83;83,0;83;83;83;83;83;83;83;83;83;83;1,000000000000000;1,000000000000000;1,000000000000000;1,000000000000000;1,000000000000000;1,000000000000000;1,000000000000000;1,000000000000000;1,000000000000000;1,000000000000000;1,000000000000000
2022-01-07;60+;15;15,0;15;15;15;15;15;15;15;15;15;15;173;173,0;173;173;173;173;173;173;173;173;173;173;1,000000000000000;1,000000000000000;1,000000000000000;1,000000000000000;1,000000000000000;1,000000000000000;1,000000000000000;1,000000000000000;1,000000000000000;1,000000000000000;1,000000000000000
2022-01-07;alle;22;22,0;22;22;22;22;22;22;22;22;22;22;256;256,0;256;256;256;256;256;256;256;256;256;256;NA;NA;NA;NA;NA;NA;NA;NA;NA;NA;NA
2022-01-06;0-60;20;20,0;20;20;20;20;20;20;20;20;20;20;92;92,0;92;92;92;92;92;92;92;92;92;92;1,000000000000000;1,000000000000000;1,000000000000000;1,000000000000000;1,000000000000000;1,000000000000000;1,000000000000000;1,000000000000000;1,000000000000000;1,000000000000000;1,000000000000000
2022-01-06;60+;38;38,0;38;38;38;38;38;38;38;38;38;38;192;192,0;192;192;192;192;192;192;192;192;192;192;1,000000000000000;1,000000000000000;1,000000000000000;1,000000000000000;1,000000000000000;1,000000000000000;1,000000000000000;1,000000000000000;1,000000000000000;1,000000000000000;1,000000000000000
2022-01-06;alle;58;58,0;58;58;58;58;58;58;58;58;58;58;284;284,0;284;284;284;284;284;284;284;284;284;284;NA;NA;NA;NA;NA;NA;NA;NA;NA;NA;NA
2022-01-05;0-60;15;15,0;15;15;15;15;15;15;15;15;15;15;97;97,0;97;97;97;97;97;97;97;97;97;97;1,000000000000000;1,000000000000000;1,000000000000000;1,000000000000000;1,000000000000000;1,000000000000000;1,000000000000000;1,000000000000000;1,000000000000000;1,000000000000000;1,000000000000000
2022-01-05;60+;41;41,0;41;41;41;41;41;41;41;41;41;41;189;189,0;189;189;189;189;189;189;189;189;189;189;1,000000000000000;1,000000000000000;1,000000000000000;1,000000000000000;1,000000000000000;1,000000000000000;1,000000000000000;1,000000000000000;1,000000000000000;1,000000000000000;1,000000000000000
2022-01-05;alle;56;56,0;56;56;56;56;56;56;56;56;56;56;286;286,0;286;286;286;286;286;286;286;286;286;286;NA;NA;NA;NA;NA;NA;NA;NA;NA;NA;NA
2022-01-04;0-60;20;20,0;20;20;20;20;20;20;20;20;20;20;111;111,0;111;111;111;111;111;111;111;111;111;111;1,000000000000000;1,000000000000000;1,000000000000000;1,000000000000000;1,000000000000000;1,000000000000000;1,000000000000000;1,000000000000000;1,000000000000000;1,000000000000000;1,000000000000000
2022-01-04;60+;37;37,0;37;37;37;37;37;37;37;37;37;37;200;200,0;200;200;200;200;200;200;200;200;200;200;1,000000000000000;1,000000000000000;1,000000000000000;1,000000000000000;1,000000000000000;1,000000000000000;1,000000000000000;1,000000000000000;1,000000000000000;1,000000000000000;1,000000000000000
2022-01-04;alle;57;57,0;57;57;57;57;57;57;57;57;57;57;311;311,0;311;311;311;311;311;311;311;311;311;311;NA;NA;NA;NA;NA;NA;NA;NA;NA;NA;NA
2022-01-03;0-60;7;7,0;7;7;7;7;7;7;7;7;7;7;106;106,0;106;106;106;106;106;106;106;106;106;106;1,000000000000000;1,000000000000000;1,000000000000000;1,000000000000000;1,000000000000000;1,000000000000000;1,000000000000000;1,000000000000000;1,000000000000000;1,000000000000000;1,000000000000000
2022-01-03;60+;13;13,0;13;13;13;13;13;13;13;13;13;13;198;198,0;198;198;198;198;198;198;198;198;198;198;1,000000000000000;1,000000000000000;1,000000000000000;1,000000000000000;1,000000000000000;1,000000000000000;1,000000000000000;1,000000000000000;1,000000000000000;1,000000000000000;1,000000000000000
2022-01-03;alle;20;20,0;20;20;20;20;20;20;20;20;20;20;304;304,0;304;304;304;304;304;304;304;304;304;304;NA;NA;NA;NA;NA;NA;NA;NA;NA;NA;NA
2022-01-02;0-60;7;7,0;7;7;7;7;7;7;7;7;7;7;109;109,0;109;109;109;109;109;109;109;109;109;109;1,000000000000000;1,000000000000000;1,000000000000000;1,000000000000000;1,000000000000000;1,000000000000000;1,000000000000000;1,000000000000000;1,000000000000000;1,000000000000000;1,000000000000000
2022-01-02;60+;6;6,0;6;6;6;6;6;6;6;6;6;6;194;194,0;194;194;194;194;194;194;194;194;194;194;1,000000000000000;1,000000000000000;1,000000000000000;1,000000000000000;1,000000000000000;1,000000000000000;1,000000000000000;1,000000000000000;1,000000000000000;1,000000000000000;1,000000000000000
2022-01-02;alle;13;13,0;13;13;13;13;13;13;13;13;13;13;303;303,0;303;303;303;303;303;303;303;303;303;303;NA;NA;NA;NA;NA;NA;NA;NA;NA;NA;NA
2022-01-01;0-60;7;7,0;7;7;7;7;7;7;7;7;7;7;110;110,0;110;110;110;110;110;110;110;110;110;110;1,000000000000000;1,000000000000000;1,000000000000000;1,000000000000000;1,000000000000000;1,000000000000000;1,000000000000000;1,000000000000000;1,000000000000000;1,000000000000000;1,000000000000000
2022-01-01;60+;23;23,0;23;23;23;23;23;23;23;23;23;23;203;203,0;203;203;203;203;203;203;203;203;203;203;1,000000000000000;1,000000000000000;1,000000000000000;1,000000000000000;1,000000000000000;1,000000000000000;1,000000000000000;1,000000000000000;1,000000000000000;1,000000000000000;1,000000000000000
2022-01-01;alle;30;30,0;30;30;30;30;30;30;30;30;30;30;313;313,0;313;313;313;313;313;313;313;313;313;313;NA;NA;NA;NA;NA;NA;NA;NA;NA;NA;NA
2021-12-31;0-60;16;16,0;16;16;16;16;16;16;16;16;16;16;114;114,0;114;114;114;114;114;114;114;114;114;114;1,000000000000000;1,000000000000000;1,000000000000000;1,000000000000000;1,000000000000000;1,000000000000000;1,000000000000000;1,000000000000000;1,000000000000000;1,000000000000000;1,000000000000000
2021-12-31;60+;34;34,0;34;34;34;34;34;34;34;34;34;34;206;206,0;206;206;206;206;206;206;206;206;206;206;1,000000000000000;1,000000000000000;1,000000000000000;1,000000000000000;1,000000000000000;1,000000000000000;1,000000000000000;1,000000000000000;1,000000000000000;1,000000000000000;1,000000000000000
2021-12-31;alle;50;50,0;50;50;50;50;50;50;50;50;50;50;320;320,0;320;320;320;320;320;320;320;320;320;320;NA;NA;NA;NA;NA;NA;NA;NA;NA;NA;NA
2021-12-30;0-60;25;25,0;25;25;25;25;25;25;25;25;25;25;118;118,0;118;118;118;118;118;118;118;118;118;118;1,000000000000000;1,000000000000000;1,000000000000000;1,000000000000000;1,000000000000000;1,000000000000000;1,000000000000000;1,000000000000000;1,000000000000000;1,000000000000000;1,000000000000000
2021-12-30;60+;35;35,0;35;35;35;35;35;35;35;35;35;35;212;212,0;212;212;212;212;212;212;212;212;212;212;1,000000000000000;1,000000000000000;1,000000000000000;1,000000000000000;1,000000000000000;1,000000000000000;1,000000000000000;1,000000000000000;1,000000000000000;1,000000000000000;1,000000000000000
2021-12-30;alle;60;60,0;60;60;60;60;60;60;60;60;60;60;330;330,0;330;330;330;330;330;330;330;330;330;330;NA;NA;NA;NA;NA;NA;NA;NA;NA;NA;NA
2021-12-29;0-60;29;29,0;29;29;29;29;29;29;29;29;29;29;121;121,0;121;121;121;121;121;121;121;121;121;121;1,000000000000000;1,000000000000000;1,000000000000000;1,000000000000000;1,000000000000000;1,000000000000000;1,000000000000000;1,000000000000000;1,000000000000000;1,000000000000000;1,000000000000000
2021-12-29;60+;52;52,0;52;52;52;52;52;52;52;52;52;52;230;230,0;230;230;230;230;230;230;230;230;230;230;1,000000000000000;1,000000000000000;1,000000000000000;1,000000000000000;1,000000000000000;1,000000000000000;1,000000000000000;1,000000000000000;1,000000000000000;1,000000000000000;1,000000000000000
2021-12-29;alle;81;81,0;81;81;81;81;81;81;81;81;81;81;351;351,0;351;351;351;351;351;351;351;351;351;351;NA;NA;NA;NA;NA;NA;NA;NA;NA;NA;NA
2021-12-28;0-60;15;15,0;15;15;15;15;15;15;15;15;15;15;120;120,0;120;120;120;120;120;120;120;120;120;120;1,000000000000000;1,000000000000000;1,000000000000000;1,000000000000000;1,000000000000000;1,000000000000000;1,000000000000000;1,000000000000000;1,000000000000000;1,000000000000000;1,000000000000000
2021-12-28;60+;35;35,0;35;35;35;35;35;35;35;35;35;35;229;229,0;229;229;229;229;229;229;229;229;229;229;1,000000000000000;1,000000000000000;1,000000000000000;1,000000000000000;1,000000000000000;1,000000000000000;1,000000000000000;1,000000000000000;1,000000000000000;1,000000000000000;1,000000000000000
2021-12-28;alle;50;50,0;50;50;50;50;50;50;50;50;50;50;349;349,0;349;349;349;349;349;349;349;349;349;349;NA;NA;NA;NA;NA;NA;NA;NA;NA;NA;NA
2021-12-27;0-60;10;10,0;10;10;10;10;10;10;10;10;10;10;131;131,0;131;131;131;131;131;131;131;131;131;131;1,000000000000000;1,000000000000000;1,000000000000000;1,000000000000000;1,000000000000000;1,000000000000000;1,000000000000000;1,000000000000000;1,000000000000000;1,000000000000000;1,000000000000000
2021-12-27;60+;9;9,0;9;9;9;9;9;9;9;9;9;9;246;246,0;246;246;246;246;246;246;246;246;246;246;1,000000000000000;1,000000000000000;1,000000000000000;1,000000000000000;1,000000000000000;1,000000000000000;1,000000000000000;1,000000000000000;1,000000000000000;1,000000000000000;1,000000000000000
2021-12-27;alle;19;19,0;19;19;19;19;19;19;19;19;19;19;377;377,0;377;377;377;377;377;377;377;377;377;377;NA;NA;NA;NA;NA;NA;NA;NA;NA;NA;NA
2021-12-26;0-60;8;8,0;8;8;8;8;8;8;8;8;8;8;126;126,0;126;126;126;126;126;126;126;126;126;126;1,000000000000000;1,000000000000000;1,000000000000000;1,000000000000000;1,000000000000000;1,000000000000000;1,000000000000000;1,000000000000000;1,000000000000000;1,000000000000000;1,000000000000000
2021-12-26;60+;15;15,0;15;15;15;15;15;15;15;15;15;15;260;260,0;260;260;260;260;260;260;260;260;260;260;1,000000000000000;1,000000000000000;1,000000000000000;1,000000000000000;1,000000000000000;1,000000000000000;1,000000000000000;1,000000000000000;1,000000000000000;1,000000000000000;1,000000000000000
2021-12-26;alle;23;23,0;23;23;23;23;23;23;23;23;23;23;386;386,0;386;386;386;386;386;386;386;386;386;386;NA;NA;NA;NA;NA;NA;NA;NA;NA;NA;NA
2021-12-25;0-60;11;11,0;11;11;11;11;11;11;11;11;11;11;135;135,0;135;135;135;135;135;135;135;135;135;135;1,000000000000000;1,000000000000000;1,000000000000000;1,000000000000000;1,000000000000000;1,000000000000000;1,000000000000000;1,000000000000000;1,000000000000000;1,000000000000000;1,000000000000000
2021-12-25;60+;26;26,0;26;26;26;26;26;26;26;26;26;26;280;280,0;280;280;280;280;280;280;280;280;280;280;1,000000000000000;1,000000000000000;1,000000000000000;1,000000000000000;1,000000000000000;1,000000000000000;1,000000000000000;1,000000000000000;1,000000000000000;1,000000000000000;1,000000000000000
2021-12-25;alle;37;37,0;37;37;37;37;37;37;37;37;37;37;415;415,0;415;415;415;415;415;415;415;415;415;415;NA;NA;NA;NA;NA;NA;NA;NA;NA;NA;NA
2021-12-24;0-60;20;20,0;20;20;20;20;20;20;20;20;20;20;143;143,0;143;143;143;143;143;143;143;143;143;143;1,000000000000000;1,000000000000000;1,000000000000000;1,000000000000000;1,000000000000000;1,000000000000000;1,000000000000000;1,000000000000000;1,000000000000000;1,000000000000000;1,000000000000000
2021-12-24;60+;40;40,0;40;40;40;40;40;40;40;40;40;40;291;291,0;291;291;291;291;291;291;291;291;291;291;1,000000000000000;1,000000000000000;1,000000000000000;1,000000000000000;1,000000000000000;1,000000000000000;1,000000000000000;1,000000000000000;1,000000000000000;1,000000000000000;1,000000000000000
2021-12-24;alle;60;60,0;60;60;60;60;60;60;60;60;60;60;434;434,0;434;434;434;434;434;434;434;434;434;434;NA;NA;NA;NA;NA;NA;NA;NA;NA;NA;NA
2021-12-23;0-60;28;28,0;28;28;28;28;28;28;28;28;28;28;147;147,0;147;147;147;147;147;147;147;147;147;147;1,000000000000000;1,000000000000000;1,000000000000000;1,000000000000000;1,000000000000000;1,000000000000000;1,000000000000000;1,000000000000000;1,000000000000000;1,000000000000000;1,000000000000000
2021-12-23;60+;53;53,0;53;53;53;53;53;53;53;53;53;53;320;320,0;320;320;320;320;320;320;320;320;320;320;1,000000000000000;1,000000000000000;1,000000000000000;1,000000000000000;1,000000000000000;1,000000000000000;1,000000000000000;1,000000000000000;1,000000000000000;1,000000000000000;1,000000000000000
2021-12-23;alle;81;81,0;81;81;81;81;81;81;81;81;81;81;467;467,0;467;467;467;467;467;467;467;467;467;467;NA;NA;NA;NA;NA;NA;NA;NA;NA;NA;NA
2021-12-22;0-60;28;28,0;28;28;28;28;28;28;28;28;28;28;145;145,0;145;145;145;145;145;145;145;145;145;145;1,000000000000000;1,000000000000000;1,000000000000000;1,000000000000000;1,000000000000000;1,000000000000000;1,000000000000000;1,000000000000000;1,000000000000000;1,000000000000000;1,000000000000000
2021-12-22;60+;51;51,0;51;51;51;51;51;51;51;51;51;51;342;342,0;342;342;342;342;342;342;342;342;342;342;1,000000000000000;1,000000000000000;1,000000000000000;1,000000000000000;1,000000000000000;1,000000000000000;1,000000000000000;1,000000000000000;1,000000000000000;1,000000000000000;1,000000000000000
2021-12-22;alle;79;79,0;79;79;79;79;79;79;79;79;79;79;487;487,0;487;487;487;487;487;487;487;487;487;487;NA;NA;NA;NA;NA;NA;NA;NA;NA;NA;NA
2021-12-21;0-60;26;26,0;26;26;26;26;26;26;26;26;26;26;147;147,0;147;147;147;147;147;147;147;147;147;147;1,000000000000000;1,000000000000000;1,000000000000000;1,000000000000000;1,000000000000000;1,000000000000000;1,000000000000000;1,000000000000000;1,000000000000000;1,000000000000000;1,000000000000000
2021-12-21;60+;52;52,0;52;52;52;52;52;52;52;52;52;52;363;363,0;363;363;363;363;363;363;363;363;363;363;1,000000000000000;1,000000000000000;1,000000000000000;1,000000000000000;1,000000000000000;1,000000000000000;1,000000000000000;1,000000000000000;1,000000000000000;1,000000000000000;1,000000000000000
2021-12-21;alle;78;78,0;78;78;78;78;78;78;78;78;78;78;510;510,0;510;510;510;510;510;510;510;510;510;510;NA;NA;NA;NA;NA;NA;NA;NA;NA;NA;NA
2021-12-20;0-60;5;5,0;5;5;5;5;5;5;5;5;5;5;143;143,0;143;143;143;143;143;143;143;143;143;143;1,000000000000000;1,000000000000000;1,000000000000000;1,000000000000000;1,000000000000000;1,000000000000000;1,000000000000000;1,000000000000000;1,000000000000000;1,000000000000000;1,000000000000000
2021-12-20;60+;23;23,0;23;23;23;23;23;23;23;23;23;23;360;360,0;360;360;360;360;360;360;360;360;360;360;1,000000000000000;1,000000000000000;1,000000000000000;1,000000000000000;1,000000000000000;1,000000000000000;1,000000000000000;1,000000000000000;1,000000000000000;1,000000000000000;1,000000000000000
2021-12-20;alle;28;28,0;28;28;28;28;28;28;28;28;28;28;503;503,0;503;503;503;503;503;503;503;503;503;503;NA;NA;NA;NA;NA;NA;NA;NA;NA;NA;NA
2021-12-19;0-60;17;17,0;17;17;17;17;17;17;17;17;17;17;152;152,0;152;152;152;152;152;152;152;152;152;152;1,000000000000000;1,000000000000000;1,000000000000000;1,000000000000000;1,000000000000000;1,000000000000000;1,000000000000000;1,000000000000000;1,000000000000000;1,000000000000000;1,000000000000000
2021-12-19;60+;35;35,0;35;35;35;35;35;35;35;35;35;35;361;361,0;361;361;361;361;361;361;361;361;361;361;1,000000000000000;1,000000000000000;1,000000000000000;1,000000000000000;1,000000000000000;1,000000000000000;1,000000000000000;1,000000000000000;1,000000000000000;1,000000000000000;1,000000000000000
2021-12-19;alle;52;52,0;52;52;52;52;52;52;52;52;52;52;513;513,0;513;513;513;513;513;513;513;513;513;513;NA;NA;NA;NA;NA;NA;NA;NA;NA;NA;NA
2021-12-18;0-60;19;19,0;19;19;19;19;19;19;19;19;19;19;155;155,0;155;155;155;155;155;155;155;155;155;155;1,000000000000000;1,000000000000000;1,000000000000000;1,000000000000000;1,000000000000000;1,000000000000000;1,000000000000000;1,000000000000000;1,000000000000000;1,000000000000000;1,000000000000000
2021-12-18;60+;37;37,0;37;37;37;37;37;37;37;37;37;37;372;372,0;372;372;372;372;372;372;372;372;372;372;1,000000000000000;1,000000000000000;1,000000000000000;1,000000000000000;1,000000000000000;1,000000000000000;1,000000000000000;1,000000000000000;1,000000000000000;1,000000000000000;1,000000000000000
2021-12-18;alle;56;56,0;56;56;56;56;56;56;56;56;56;56;527;527,0;527;527;527;527;527;527;527;527;527;527;NA;NA;NA;NA;NA;NA;NA;NA;NA;NA;NA
2021-12-17;0-60;24;24,0;24;24;24;24;24;24;24;24;24;24;155;155,0;155;155;155;155;155;155;155;155;155;155;1,000000000000000;1,000000000000000;1,000000000000000;1,000000000000000;1,000000000000000;1,000000000000000;1,000000000000000;1,000000000000000;1,000000000000000;1,000000000000000;1,000000000000000
2021-12-17;60+;69;69,0;69;69;69;69;69;69;69;69;69;69;383;383,0;383;383;383;383;383;383;383;383;383;383;1,000000000000000;1,000000000000000;1,000000000000000;1,000000000000000;1,000000000000000;1,000000000000000;1,000000000000000;1,000000000000000;1,000000000000000;1,000000000000000;1,000000000000000
2021-12-17;alle;93;93,0;93;93;93;93;93;93;93;93;93;93;538;538,0;538;538;538;538;538;538;538;538;538;538;NA;NA;NA;NA;NA;NA;NA;NA;NA;NA;NA
2021-12-16;0-60;26;26,0;26;26;26;26;26;26;26;26;26;26;158;158,0;158;158;158;158;158;158;158;158;158;158;1,000000000000000;1,000000000000000;1,000000000000000;1,000000000000000;1,000000000000000;1,000000000000000;1,000000000000000;1,000000000000000;1,000000000000000;1,000000000000000;1,000000000000000
2021-12-16;60+;75;75,0;75;75;75;75;75;75;75;75;75;75;374;374,0;374;374;374;374;374;374;374;374;374;374;1,000000000000000;1,000000000000000;1,000000000000000;1,000000000000000;1,000000000000000;1,000000000000000;1,000000000000000;1,000000000000000;1,000000000000000;1,000000000000000;1,000000000000000
2021-12-16;alle;101;101,0;101;101;101;101;101;101;101;101;101;101;532;532,0;532;532;532;532;532;532;532;532;532;532;NA;NA;NA;NA;NA;NA;NA;NA;NA;NA;NA
2021-12-15;0-60;30;30,0;30;30;30;30;30;30;30;30;30;30;172;172,0;172;172;172;172;172;172;172;172;172;172;1,000000000000000;1,000000000000000;1,000000000000000;1,000000000000000;1,000000000000000;1,000000000000000;1,000000000000000;1,000000000000000;1,000000000000000;1,000000000000000;1,000000000000000
2021-12-15;60+;72;72,0;72;72;72;72;72;72;72;72;72;72;365;365,0;365;365;365;365;365;365;365;365;365;365;1,000000000000000;1,000000000000000;1,000000000000000;1,000000000000000;1,000000000000000;1,000000000000000;1,000000000000000;1,000000000000000;1,000000000000000;1,000000000000000;1,000000000000000
2021-12-15;alle;102;102,0;102;102;102;102;102;102;102;102;102;102;537;537,0;537;537;537;537;537;537;537;537;537;537;NA;NA;NA;NA;NA;NA;NA;NA;NA;NA;NA
2021-12-14;0-60;22;22,0;22;22;22;22;22;22;22;22;22;22;186;186,0;186;186;186;186;186;186;186;186;186;186;1,000000000000000;1,000000000000000;1,000000000000000;1,000000000000000;1,000000000000000;1,000000000000000;1,000000000000000;1,000000000000000;1,000000000000000;1,000000000000000;1,000000000000000
2021-12-14;60+;49;49,0;49;49;49;49;49;49;49;49;49;49;364;364,0;364;364;364;364;364;364;364;364;364;364;1,000000000000000;1,000000000000000;1,000000000000000;1,000000000000000;1,000000000000000;1,000000000000000;1,000000000000000;1,000000000000000;1,000000000000000;1,000000000000000;1,000000000000000
2021-12-14;alle;71;71,0;71;71;71;71;71;71;71;71;71;71;550;550,0;550;550;550;550;550;550;550;550;550;550;NA;NA;NA;NA;NA;NA;NA;NA;NA;NA;NA
2021-12-13;0-60;14;14,0;14;14;14;14;14;14;14;14;14;14;186;186,0;186;186;186;186;186;186;186;186;186;186;1,000000000000000;1,000000000000000;1,000000000000000;1,000000000000000;1,000000000000000;1,000000000000000;1,000000000000000;1,000000000000000;1,000000000000000;1,000000000000000;1,000000000000000
2021-12-13;60+;24;24,0;24;24;24;24;24;24;24;24;24;24;359;359,0;359;359;359;359;359;359;359;359;359;359;1,000000000000000;1,000000000000000;1,000000000000000;1,000000000000000;1,000000000000000;1,000000000000000;1,000000000000000;1,000000000000000;1,000000000000000;1,000000000000000;1,000000000000000
2021-12-13;alle;38;38,0;38;38;38;38;38;38;38;38;38;38;545;545,0;545;545;545;545;545;545;545;545;545;545;NA;NA;NA;NA;NA;NA;NA;NA;NA;NA;NA
2021-12-12;0-60;20;20,0;20;20;20;20;20;20;20;20;20;20;187;187,0;187;187;187;187;187;187;187;187;187;187;1,000000000000000;1,000000000000000;1,000000000000000;1,000000000000000;1,000000000000000;1,000000000000000;1,000000000000000;1,000000000000000;1,000000000000000;1,000000000000000;1,000000000000000
2021-12-12;60+;46;46,0;46;46;46;46;46;46;46;46;46;46;369;369,0;369;369;369;369;369;369;369;369;369;369;1,000000000000000;1,000000000000000;1,000000000000000;1,000000000000000;1,000000000000000;1,000000000000000;1,000000000000000;1,000000000000000;1,000000000000000;1,000000000000000;1,000000000000000
2021-12-12;alle;66;66,0;66;66;66;66;66;66;66;66;66;66;556;556,0;556;556;556;556;556;556;556;556;556;556;NA;NA;NA;NA;NA;NA;NA;NA;NA;NA;NA
2021-12-11;0-60;19;19,0;19;19;19;19;19;19;19;19;19;19;183;183,0;183;183;183;183;183;183;183;183;183;183;1,000000000000000;1,000000000000000;1,000000000000000;1,000000000000000;1,000000000000000;1,000000000000000;1,000000000000000;1,000000000000000;1,000000000000000;1,000000000000000;1,000000000000000
2021-12-11;60+;48;48,0;48;48;48;48;48;48;48;48;48;48;373;373,0;373;373;373;373;373;373;373;373;373;373;1,000000000000000;1,000000000000000;1,000000000000000;1,000000000000000;1,000000000000000;1,000000000000000;1,000000000000000;1,000000000000000;1,000000000000000;1,000000000000000;1,000000000000000
2021-12-11;alle;67;67,0;67;67;67;67;67;67;67;67;67;67;556;556,0;556;556;556;556;556;556;556;556;556;556;NA;NA;NA;NA;NA;NA;NA;NA;NA;NA;NA
2021-12-10;0-60;27;27,0;27;27;27;27;27;27;27;27;27;27;204;204,0;204;204;204;204;204;204;204;204;204;204;1,000000000000000;1,000000000000000;1,000000000000000;1,000000000000000;1,000000000000000;1,000000000000000;1,000000000000000;1,000000000000000;1,000000000000000;1,000000000000000;1,000000000000000
2021-12-10;60+;60;60,0;60;60;60;60;60;60;60;60;60;60;381;381,0;381;381;381;381;381;381;381;381;381;381;1,000000000000000;1,000000000000000;1,000000000000000;1,000000000000000;1,000000000000000;1,000000000000000;1,000000000000000;1,000000000000000;1,000000000000000;1,000000000000000;1,000000000000000
2021-12-10;alle;87;87,0;87;87;87;87;87;87;87;87;87;87;585;585,0;585;585;585;585;585;585;585;585;585;585;NA;NA;NA;NA;NA;NA;NA;NA;NA;NA;NA
2021-12-09;0-60;40;40,0;40;40;40;40;40;40;40;40;40;40;203;203,0;203;203;203;203;203;203;203;203;203;203;1,000000000000000;1,000000000000000;1,000000000000000;1,000000000000000;1,000000000000000;1,000000000000000;1,000000000000000;1,000000000000000;1,000000000000000;1,000000000000000;1,000000000000000
2021-12-09;60+;66;66,0;66;66;66;66;66;66;66;66;66;66;366;366,0;366;366;366;366;366;366;366;366;366;366;1,000000000000000;1,000000000000000;1,000000000000000;1,000000000000000;1,000000000000000;1,000000000000000;1,000000000000000;1,000000000000000;1,000000000000000;1,000000000000000;1,000000000000000
2021-12-09;alle;106;106,0;106;106;106;106;106;106;106;106;106;106;569;569,0;569;569;569;569;569;569;569;569;569;569;NA;NA;NA;NA;NA;NA;NA;NA;NA;NA;NA
2021-12-08;0-60;44;44,0;44;44;44;44;44;44;44;44;44;44;191;191,0;191;191;191;191;191;191;191;191;191;191;1,000000000000000;1,000000000000000;1,000000000000000;1,000000000000000;1,000000000000000;1,000000000000000;1,000000000000000;1,000000000000000;1,000000000000000;1,000000000000000;1,000000000000000
2021-12-08;60+;71;71,0;71;71;71;71;71;71;71;71;71;71;356;356,0;356;356;356;356;356;356;356;356;356;356;1,000000000000000;1,000000000000000;1,000000000000000;1,000000000000000;1,000000000000000;1,000000000000000;1,000000000000000;1,000000000000000;1,000000000000000;1,000000000000000;1,000000000000000
2021-12-08;alle;115;115,0;115;115;115;115;115;115;115;115;115;115;547;547,0;547;547;547;547;547;547;547;547;547;547;NA;NA;NA;NA;NA;NA;NA;NA;NA;NA;NA
2021-12-07;0-60;22;22,0;22;22;22;22;22;22;22;22;22;22;186;186,0;186;186;186;186;186;186;186;186;186;186;1,000000000000000;1,000000000000000;1,000000000000000;1,000000000000000;1,000000000000000;1,000000000000000;1,000000000000000;1,000000000000000;1,000000000000000;1,000000000000000;1,000000000000000
2021-12-07;60+;44;44,0;44;44;44;44;44;44;44;44;44;44;344;344,0;344;344;344;344;344;344;344;344;344;344;1,000000000000000;1,000000000000000;1,000000000000000;1,000000000000000;1,000000000000000;1,000000000000000;1,000000000000000;1,000000000000000;1,000000000000000;1,000000000000000;1,000000000000000
2021-12-07;alle;66;66,0;66;66;66;66;66;66;66;66;66;66;530;530,0;530;530;530;530;530;530;530;530;530;530;NA;NA;NA;NA;NA;NA;NA;NA;NA;NA;NA
2021-12-06;0-60;15;15,0;15;15;15;15;15;15;15;15;15;15;185;185,0;185;185;185;185;185;185;185;185;185;185;1,000000000000000;1,000000000000000;1,000000000000000;1,000000000000000;1,000000000000000;1,000000000000000;1,000000000000000;1,000000000000000;1,000000000000000;1,000000000000000;1,000000000000000
2021-12-06;60+;34;34,0;34;34;34;34;34;34;34;34;34;34;334;334,0;334;334;334;334;334;334;334;334;334;334;1,000000000000000;1,000000000000000;1,000000000000000;1,000000000000000;1,000000000000000;1,000000000000000;1,000000000000000;1,000000000000000;1,000000000000000;1,000000000000000;1,000000000000000
2021-12-06;alle;49;49,0;49;49;49;49;49;49;49;49;49;49;519;519,0;519;519;519;519;519;519;519;519;519;519;NA;NA;NA;NA;NA;NA;NA;NA;NA;NA;NA
2021-12-05;0-60;16;16,0;16;16;16;16;16;16;16;16;16;16;175;175,0;175;175;175;175;175;175;175;175;175;175;1,000000000000000;1,000000000000000;1,000000000000000;1,000000000000000;1,000000000000000;1,000000000000000;1,000000000000000;1,000000000000000;1,000000000000000;1,000000000000000;1,000000000000000
2021-12-05;60+;50;50,0;50;50;50;50;50;50;50;50;50;50;322;322,0;322;322;322;322;322;322;322;322;322;322;1,000000000000000;1,000000000000000;1,000000000000000;1,000000000000000;1,000000000000000;1,000000000000000;1,000000000000000;1,000000000000000;1,000000000000000;1,000000000000000;1,000000000000000
2021-12-05;alle;66;66,0;66;66;66;66;66;66;66;66;66;66;497;497,0;497;497;497;497;497;497;497;497;497;497;NA;NA;NA;NA;NA;NA;NA;NA;NA;NA;NA
2021-12-04;0-60;40;40,0;40;40;40;40;40;40;40;40;40;40;180;180,0;180;180;180;180;180;180;180;180;180;180;1,000000000000000;1,000000000000000;1,000000000000000;1,000000000000000;1,000000000000000;1,000000000000000;1,000000000000000;1,000000000000000;1,000000000000000;1,000000000000000;1,000000000000000
2021-12-04;60+;56;56,0;56;56;56;56;56;56;56;56;56;56;312;312,0;312;312;312;312;312;312;312;312;312;312;1,000000000000000;1,000000000000000;1,000000000000000;1,000000000000000;1,000000000000000;1,000000000000000;1,000000000000000;1,000000000000000;1,000000000000000;1,000000000000000;1,000000000000000
2021-12-04;alle;96;96,0;96;96;96;96;96;96;96;96;96;96;492;492,0;492;492;492;492;492;492;492;492;492;492;NA;NA;NA;NA;NA;NA;NA;NA;NA;NA;NA
2021-12-03;0-60;26;26,0;26;26;26;26;26;26;26;26;26;26;155;155,0;155;155;155;155;155;155;155;155;155;155;1,000000000000000;1,000000000000000;1,000000000000000;1,000000000000000;1,000000000000000;1,000000000000000;1,000000000000000;1,000000000000000;1,000000000000000;1,000000000000000;1,000000000000000
2021-12-03;60+;45;45,0;45;45;45;45;45;45;45;45;45;45;320;320,0;320;320;320;320;320;320;320;320;320;320;1,000000000000000;1,000000000000000;1,000000000000000;1,000000000000000;1,000000000000000;1,000000000000000;1,000000000000000;1,000000000000000;1,000000000000000;1,000000000000000;1,000000000000000
2021-12-03;alle;71;71,0;71;71;71;71;71;71;71;71;71;71;475;475,0;475;475;475;475;475;475;475;475;475;475;NA;NA;NA;NA;NA;NA;NA;NA;NA;NA;NA
2021-12-02;0-60;28;28,0;28;28;28;28;28;28;28;28;28;28;151;151,0;151;151;151;151;151;151;151;151;151;151;1,000000000000000;1,000000000000000;1,000000000000000;1,000000000000000;1,000000000000000;1,000000000000000;1,000000000000000;1,000000000000000;1,000000000000000;1,000000000000000;1,000000000000000
2021-12-02;60+;56;56,0;56;56;56;56;56;56;56;56;56;56;328;328,0;328;328;328;328;328;328;328;328;328;328;1,000000000000000;1,000000000000000;1,000000000000000;1,000000000000000;1,000000000000000;1,000000000000000;1,000000000000000;1,000000000000000;1,000000000000000;1,000000000000000;1,000000000000000
2021-12-02;alle;84;84,0;84;84;84;84;84;84;84;84;84;84;479;479,0;479;479;479;479;479;479;479;479;479;479;NA;NA;NA;NA;NA;NA;NA;NA;NA;NA;NA
2021-12-01;0-60;39;39,0;39;39;39;39;39;39;39;39;39;39;149;149,0;149;149;149;149;149;149;149;149;149;149;1,000000000000000;1,000000000000000;1,000000000000000;1,000000000000000;1,000000000000000;1,000000000000000;1,000000000000000;1,000000000000000;1,000000000000000;1,000000000000000;1,000000000000000
2021-12-01;60+;59;59,0;59;59;59;59;59;59;59;59;59;59;323;323,0;323;323;323;323;323;323;323;323;323;323;1,000000000000000;1,000000000000000;1,000000000000000;1,000000000000000;1,000000000000000;1,000000000000000;1,000000000000000;1,000000000000000;1,000000000000000;1,000000000000000;1,000000000000000
2021-12-01;alle;98;98,0;98;98;98;98;98;98;98;98;98;98;472;472,0;472;472;472;472;472;472;472;472;472;472;NA;NA;NA;NA;NA;NA;NA;NA;NA;NA;NA
2021-11-30;0-60;21;21,0;21;21;21;21;21;21;21;21;21;21;146;146,0;146;146;146;146;146;146;146;146;146;146;1,000000000000000;1,000000000000000;1,000000000000000;1,000000000000000;1,000000000000000;1,000000000000000;1,000000000000000;1,000000000000000;1,000000000000000;1,000000000000000;1,000000000000000
2021-11-30;60+;34;34,0;34;34;34;34;34;34;34;34;34;34;357;357,0;357;357;357;357;357;357;357;357;357;357;1,000000000000000;1,000000000000000;1,000000000000000;1,000000000000000;1,000000000000000;1,000000000000000;1,000000000000000;1,000000000000000;1,000000000000000;1,000000000000000;1,000000000000000
2021-11-30;alle;55;55,0;55;55;55;55;55;55;55;55;55;55;503;503,0;503;503;503;503;503;503;503;503;503;503;NA;NA;NA;NA;NA;NA;NA;NA;NA;NA;NA
2021-11-29;0-60;5;5,0;5;5;5;5;5;5;5;5;5;5;147;147,0;147;147;147;147;147;147;147;147;147;147;1,000000000000000;1,000000000000000;1,000000000000000;1,000000000000000;1,000000000000000;1,000000000000000;1,000000000000000;1,000000000000000;1,000000000000000;1,000000000000000;1,000000000000000
2021-11-29;60+;22;22,0;22;22;22;22;22;22;22;22;22;22;367;367,0;367;367;367;367;367;367;367;367;367;367;1,000000000000000;1,000000000000000;1,000000000000000;1,000000000000000;1,000000000000000;1,000000000000000;1,000000000000000;1,000000000000000;1,000000000000000;1,000000000000000;1,000000000000000
2021-11-29;alle;27;27,0;27;27;27;27;27;27;27;27;27;27;514;514,0;514;514;514;514;514;514;514;514;514;514;NA;NA;NA;NA;NA;NA;NA;NA;NA;NA;NA
2021-11-28;0-60;21;21,0;21;21;21;21;21;21;21;21;21;21;150;150,0;150;150;150;150;150;150;150;150;150;150;1,000000000000000;1,000000000000000;1,000000000000000;1,000000000000000;1,000000000000000;1,000000000000000;1,000000000000000;1,000000000000000;1,000000000000000;1,000000000000000;1,000000000000000
2021-11-28;60+;40;40,0;40;40;40;40;40;40;40;40;40;40;361;361,0;361;361;361;361;361;361;361;361;361;361;1,000000000000000;1,000000000000000;1,000000000000000;1,000000000000000;1,000000000000000;1,000000000000000;1,000000000000000;1,000000000000000;1,000000000000000;1,000000000000000;1,000000000000000
2021-11-28;alle;61;61,0;61;61;61;61;61;61;61;61;61;61;511;511,0;511;511;511;511;511;511;511;511;511;511;NA;NA;NA;NA;NA;NA;NA;NA;NA;NA;NA
2021-11-27;0-60;15;15,0;15;15;15;15;15;15;15;15;15;15;148;148,0;148;148;148;148;148;148;148;148;148;148;1,000000000000000;1,000000000000000;1,000000000000000;1,000000000000000;1,000000000000000;1,000000000000000;1,000000000000000;1,000000000000000;1,000000000000000;1,000000000000000;1,000000000000000
2021-11-27;60+;64;64,0;64;64;64;64;64;64;64;64;64;64;353;353,0;353;353;353;353;353;353;353;353;353;353;1,000000000000000;1,000000000000000;1,000000000000000;1,000000000000000;1,000000000000000;1,000000000000000;1,000000000000000;1,000000000000000;1,000000000000000;1,000000000000000;1,000000000000000
2021-11-27;alle;79;79,0;79;79;79;79;79;79;79;79;79;79;501;501,0;501;501;501;501;501;501;501;501;501;501;NA;NA;NA;NA;NA;NA;NA;NA;NA;NA;NA
2021-11-26;0-60;22;22,0;22;22;22;22;22;22;22;22;22;22;155;155,0;155;155;155;155;155;155;155;155;155;155;1,000000000000000;1,000000000000000;1,000000000000000;1,000000000000000;1,000000000000000;1,000000000000000;1,000000000000000;1,000000000000000;1,000000000000000;1,000000000000000;1,000000000000000
2021-11-26;60+;53;53,0;53;53;53;53;53;53;53;53;53;53;345;345,0;345;345;345;345;345;345;345;345;345;345;1,000000000000000;1,000000000000000;1,000000000000000;1,000000000000000;1,000000000000000;1,000000000000000;1,000000000000000;1,000000000000000;1,000000000000000;1,000000000000000;1,000000000000000
2021-11-26;alle;75;75,0;75;75;75;75;75;75;75;75;75;75;500;500,0;500;500;500;500;500;500;500;500;500;500;NA;NA;NA;NA;NA;NA;NA;NA;NA;NA;NA
2021-11-25;0-60;26;26,0;26;26;26;26;26;26;26;26;26;26;155;155,0;155;155;155;155;155;155;155;155;155;155;1,000000000000000;1,000000000000000;1,000000000000000;1,000000000000000;1,000000000000000;1,000000000000000;1,000000000000000;1,000000000000000;1,000000000000000;1,000000000000000;1,000000000000000
2021-11-25;60+;51;51,0;51;51;51;51;51;51;51;51;51;51;334;334,0;334;334;334;334;334;334;334;334;334;334;1,000000000000000;1,000000000000000;1,000000000000000;1,000000000000000;1,000000000000000;1,000000000000000;1,000000000000000;1,000000000000000;1,000000000000000;1,000000000000000;1,000000000000000
2021-11-25;alle;77;77,0;77;77;77;77;77;77;77;77;77;77;489;489,0;489;489;489;489;489;489;489;489;489;489;NA;NA;NA;NA;NA;NA;NA;NA;NA;NA;NA
2021-11-24;0-60;36;36,0;36;36;36;36;36;36;36;36;36;36;156;156,0;156;156;156;156;156;156;156;156;156;156;1,000000000000000;1,000000000000000;1,000000000000000;1,000000000000000;1,000000000000000;1,000000000000000;1,000000000000000;1,000000000000000;1,000000000000000;1,000000000000000;1,000000000000000
2021-11-24;60+;93;93,0;93;93;93;93;93;93;93;93;93;93;335;335,0;335;335;335;335;335;335;335;335;335;335;1,000000000000000;1,000000000000000;1,000000000000000;1,000000000000000;1,000000000000000;1,000000000000000;1,000000000000000;1,000000000000000;1,000000000000000;1,000000000000000;1,000000000000000
2021-11-24;alle;129;129,0;129;129;129;129;129;129;129;129;129;129;491;491,0;491;491;491;491;491;491;491;491;491;491;NA;NA;NA;NA;NA;NA;NA;NA;NA;NA;NA
2021-11-23;0-60;22;22,0;22;22;22;22;22;22;22;22;22;22;152;152,0;152;152;152;152;152;152;152;152;152;152;1,000000000000000;1,000000000000000;1,000000000000000;1,000000000000000;1,000000000000000;1,000000000000000;1,000000000000000;1,000000000000000;1,000000000000000;1,000000000000000;1,000000000000000
2021-11-23;60+;44;44,0;44;44;44;44;44;44;44;44;44;44;295;295,0;295;295;295;295;295;295;295;295;295;295;1,000000000000000;1,000000000000000;1,000000000000000;1,000000000000000;1,000000000000000;1,000000000000000;1,000000000000000;1,000000000000000;1,000000000000000;1,000000000000000;1,000000000000000
2021-11-23;alle;66;66,0;66;66;66;66;66;66;66;66;66;66;447;447,0;447;447;447;447;447;447;447;447;447;447;NA;NA;NA;NA;NA;NA;NA;NA;NA;NA;NA
2021-11-22;0-60;8;8,0;8;8;8;8;8;8;8;8;8;8;152;152,0;152;152;152;152;152;152;152;152;152;152;1,000000000000000;1,000000000000000;1,000000000000000;1,000000000000000;1,000000000000000;1,000000000000000;1,000000000000000;1,000000000000000;1,000000000000000;1,000000000000000;1,000000000000000
2021-11-22;60+;16;16,0;16;16;16;16;16;16;16;16;16;16;294;294,0;294;294;294;294;294;294;294;294;294;294;1,000000000000000;1,000000000000000;1,000000000000000;1,000000000000000;1,000000000000000;1,000000000000000;1,000000000000000;1,000000000000000;1,000000000000000;1,000000000000000;1,000000000000000
2021-11-22;alle;24;24,0;24;24;24;24;24;24;24;24;24;24;446;446,0;446;446;446;446;446;446;446;446;446;446;NA;NA;NA;NA;NA;NA;NA;NA;NA;NA;NA
2021-11-21;0-60;19;19,0;19;19;19;19;19;19;19;19;19;19;148;148,0;148;148;148;148;148;148;148;148;148;148;1,000000000000000;1,000000000000000;1,000000000000000;1,000000000000000;1,000000000000000;1,000000000000000;1,000000000000000;1,000000000000000;1,000000000000000;1,000000000000000;1,000000000000000
2021-11-21;60+;32;32,0;32;32;32;32;32;32;32;32;32;32;292;292,0;292;292;292;292;292;292;292;292;292;292;1,000000000000000;1,000000000000000;1,000000000000000;1,000000000000000;1,000000000000000;1,000000000000000;1,000000000000000;1,000000000000000;1,000000000000000;1,000000000000000;1,000000000000000
2021-11-21;alle;51;51,0;51;51;51;51;51;51;51;51;51;51;440;440,0;440;440;440;440;440;440;440;440;440;440;NA;NA;NA;NA;NA;NA;NA;NA;NA;NA;NA
2021-11-20;0-60;22;22,0;22;22;22;22;22;22;22;22;22;22;147;147,0;147;147;147;147;147;147;147;147;147;147;1,000000000000000;1,000000000000000;1,000000000000000;1,000000000000000;1,000000000000000;1,000000000000000;1,000000000000000;1,000000000000000;1,000000000000000;1,000000000000000;1,000000000000000
2021-11-20;60+;56;56,0;56;56;56;56;56;56;56;56;56;56;288;288,0;288;288;288;288;288;288;288;288;288;288;1,000000000000000;1,000000000000000;1,000000000000000;1,000000000000000;1,000000000000000;1,000000000000000;1,000000000000000;1,000000000000000;1,000000000000000;1,000000000000000;1,000000000000000
2021-11-20;alle;78;78,0;78;78;78;78;78;78;78;78;78;78;435;435,0;435;435;435;435;435;435;435;435;435;435;NA;NA;NA;NA;NA;NA;NA;NA;NA;NA;NA
2021-11-19;0-60;22;22,0;22;22;22;22;22;22;22;22;22;22;139;139,0;139;139;139;139;139;139;139;139;139;139;1,000000000000000;1,000000000000000;1,000000000000000;1,000000000000000;1,000000000000000;1,000000000000000;1,000000000000000;1,000000000000000;1,000000000000000;1,000000000000000;1,000000000000000
2021-11-19;60+;42;42,0;42;42;42;42;42;42;42;42;42;42;277;277,0;277;277;277;277;277;277;277;277;277;277;1,000000000000000;1,000000000000000;1,000000000000000;1,000000000000000;1,000000000000000;1,000000000000000;1,000000000000000;1,000000000000000;1,000000000000000;1,000000000000000;1,000000000000000
2021-11-19;alle;64;64,0;64;64;64;64;64;64;64;64;64;64;416;416,0;416;416;416;416;416;416;416;416;416;416;NA;NA;NA;NA;NA;NA;NA;NA;NA;NA;NA
2021-11-18;0-60;27;27,0;27;27;27;27;27;27;27;27;27;27;140;140,0;140;140;140;140;140;140;140;140;140;140;1,000000000000000;1,000000000000000;1,000000000000000;1,000000000000000;1,000000000000000;1,000000000000000;1,000000000000000;1,000000000000000;1,000000000000000;1,000000000000000;1,000000000000000
2021-11-18;60+;52;52,0;52;52;52;52;52;52;52;52;52;52;272;272,0;272;272;272;272;272;272;272;272;272;272;1,000000000000000;1,000000000000000;1,000000000000000;1,000000000000000;1,000000000000000;1,000000000000000;1,000000000000000;1,000000000000000;1,000000000000000;1,000000000000000;1,000000000000000
2021-11-18;alle;79;79,0;79;79;79;79;79;79;79;79;79;79;412;412,0;412;412;412;412;412;412;412;412;412;412;NA;NA;NA;NA;NA;NA;NA;NA;NA;NA;NA
2021-11-17;0-60;32;32,0;32;32;32;32;32;32;32;32;32;32;127;127,0;127;127;127;127;127;127;127;127;127;127;1,000000000000000;1,000000000000000;1,000000000000000;1,000000000000000;1,000000000000000;1,000000000000000;1,000000000000000;1,000000000000000;1,000000000000000;1,000000000000000;1,000000000000000
2021-11-17;60+;53;53,0;53;53;53;53;53;53;53;53;53;53;253;253,0;253;253;253;253;253;253;253;253;253;253;1,000000000000000;1,000000000000000;1,000000000000000;1,000000000000000;1,000000000000000;1,000000000000000;1,000000000000000;1,000000000000000;1,000000000000000;1,000000000000000;1,000000000000000
2021-11-17;alle;85;85,0;85;85;85;85;85;85;85;85;85;85;380;380,0;380;380;380;380;380;380;380;380;380;380;NA;NA;NA;NA;NA;NA;NA;NA;NA;NA;NA
2021-11-16;0-60;22;22,0;22;22;22;22;22;22;22;22;22;22;113;113,0;113;113;113;113;113;113;113;113;113;113;1,000000000000000;1,000000000000000;1,000000000000000;1,000000000000000;1,000000000000000;1,000000000000000;1,000000000000000;1,000000000000000;1,000000000000000;1,000000000000000;1,000000000000000
2021-11-16;60+;43;43,0;43;43;43;43;43;43;43;43;43;43;241;241,0;241;241;241;241;241;241;241;241;241;241;1,000000000000000;1,000000000000000;1,000000000000000;1,000000000000000;1,000000000000000;1,000000000000000;1,000000000000000;1,000000000000000;1,000000000000000;1,000000000000000;1,000000000000000
2021-11-16;alle;65;65,0;65;65;65;65;65;65;65;65;65;65;354;354,0;354;354;354;354;354;354;354;354;354;354;NA;NA;NA;NA;NA;NA;NA;NA;NA;NA;NA
2021-11-15;0-60;4;4,0;4;4;4;4;4;4;4;4;4;4;106;106,0;106;106;106;106;106;106;106;106;106;106;1,000000000000000;1,000000000000000;1,000000000000000;1,000000000000000;1,000000000000000;1,000000000000000;1,000000000000000;1,000000000000000;1,000000000000000;1,000000000000000;1,000000000000000
2021-11-15;60+;14;14,0;14;14;14;14;14;14;14;14;14;14;234;234,0;234;234;234;234;234;234;234;234;234;234;1,000000000000000;1,000000000000000;1,000000000000000;1,000000000000000;1,000000000000000;1,000000000000000;1,000000000000000;1,000000000000000;1,000000000000000;1,000000000000000;1,000000000000000
2021-11-15;alle;18;18,0;18;18;18;18;18;18;18;18;18;18;340;340,0;340;340;340;340;340;340;340;340;340;340;NA;NA;NA;NA;NA;NA;NA;NA;NA;NA;NA
2021-11-14;0-60;18;18,0;18;18;18;18;18;18;18;18;18;18;106;106,0;106;106;106;106;106;106;106;106;106;106;1,000000000000000;1,000000000000000;1,000000000000000;1,000000000000000;1,000000000000000;1,000000000000000;1,000000000000000;1,000000000000000;1,000000000000000;1,000000000000000;1,000000000000000
2021-11-14;60+;28;28,0;28;28;28;28;28;28;28;28;28;28;230;230,0;230;230;230;230;230;230;230;230;230;230;1,000000000000000;1,000000000000000;1,000000000000000;1,000000000000000;1,000000000000000;1,000000000000000;1,000000000000000;1,000000000000000;1,000000000000000;1,000000000000000;1,000000000000000
2021-11-14;alle;46;46,0;46;46;46;46;46;46;46;46;46;46;336;336,0;336;336;336;336;336;336;336;336;336;336;NA;NA;NA;NA;NA;NA;NA;NA;NA;NA;NA
2021-11-13;0-60;14;14,0;14;14;14;14;14;14;14;14;14;14;92;92,0;92;92;92;92;92;92;92;92;92;92;1,000000000000000;1,000000000000000;1,000000000000000;1,000000000000000;1,000000000000000;1,000000000000000;1,000000000000000;1,000000000000000;1,000000000000000;1,000000000000000;1,000000000000000
2021-11-13;60+;45;45,0;45;45;45;45;45;45;45;45;45;45;217;217,0;217;217;217;217;217;217;217;217;217;217;1,000000000000000;1,000000000000000;1,000000000000000;1,000000000000000;1,000000000000000;1,000000000000000;1,000000000000000;1,000000000000000;1,000000000000000;1,000000000000000;1,000000000000000
2021-11-13;alle;59;59,0;59;59;59;59;59;59;59;59;59;59;309;309,0;309;309;309;309;309;309;309;309;309;309;NA;NA;NA;NA;NA;NA;NA;NA;NA;NA;NA
2021-11-12;0-60;23;23,0;23;23;23;23;23;23;23;23;23;23;90;90,0;90;90;90;90;90;90;90;90;90;90;1,000000000000000;1,000000000000000;1,000000000000000;1,000000000000000;1,000000000000000;1,000000000000000;1,000000000000000;1,000000000000000;1,000000000000000;1,000000000000000;1,000000000000000
2021-11-12;60+;37;37,0;37;37;37;37;37;37;37;37;37;37;198;198,0;198;198;198;198;198;198;198;198;198;198;1,000000000000000;1,000000000000000;1,000000000000000;1,000000000000000;1,000000000000000;1,000000000000000;1,000000000000000;1,000000000000000;1,000000000000000;1,000000000000000;1,000000000000000
2021-11-12;alle;60;60,0;60;60;60;60;60;60;60;60;60;60;288;288,0;288;288;288;288;288;288;288;288;288;288;NA;NA;NA;NA;NA;NA;NA;NA;NA;NA;NA
2021-11-11;0-60;14;14,0;14;14;14;14;14;14;14;14;14;14;77;77,0;77;77;77;77;77;77;77;77;77;77;1,000000000000000;1,000000000000000;1,000000000000000;1,000000000000000;1,000000000000000;1,000000000000000;1,000000000000000;1,000000000000000;1,000000000000000;1,000000000000000;1,000000000000000
2021-11-11;60+;33;33,0;33;33;33;33;33;33;33;33;33;33;188;188,0;188;188;188;188;188;188;188;188;188;188;1,000000000000000;1,000000000000000;1,000000000000000;1,000000000000000;1,000000000000000;1,000000000000000;1,000000000000000;1,000000000000000;1,000000000000000;1,000000000000000;1,000000000000000
2021-11-11;alle;47;47,0;47;47;47;47;47;47;47;47;47;47;265;265,0;265;265;265;265;265;265;265;265;265;265;NA;NA;NA;NA;NA;NA;NA;NA;NA;NA;NA
2021-11-10;0-60;18;18,0;18;18;18;18;18;18;18;18;18;18;72;72,0;72;72;72;72;72;72;72;72;72;72;1,000000000000000;1,000000000000000;1,000000000000000;1,000000000000000;1,000000000000000;1,000000000000000;1,000000000000000;1,000000000000000;1,000000000000000;1,000000000000000;1,000000000000000
2021-11-10;60+;41;41,0;41;41;41;41;41;41;41;41;41;41;185;185,0;185;185;185;185;185;185;185;185;185;185;1,000000000000000;1,000000000000000;1,000000000000000;1,000000000000000;1,000000000000000;1,000000000000000;1,000000000000000;1,000000000000000;1,000000000000000;1,000000000000000;1,000000000000000
2021-11-10;alle;59;59,0;59;59;59;59;59;59;59;59;59;59;257;257,0;257;257;257;257;257;257;257;257;257;257;NA;NA;NA;NA;NA;NA;NA;NA;NA;NA;NA
2021-11-09;0-60;15;15,0;15;15;15;15;15;15;15;15;15;15;74;74,0;74;74;74;74;74;74;74;74;74;74;1,000000000000000;1,000000000000000;1,000000000000000;1,000000000000000;1,000000000000000;1,000000000000000;1,000000000000000;1,000000000000000;1,000000000000000;1,000000000000000;1,000000000000000
2021-11-09;60+;36;36,0;36;36;36;36;36;36;36;36;36;36;180;180,0;180;180;180;180;180;180;180;180;180;180;1,000000000000000;1,000000000000000;1,000000000000000;1,000000000000000;1,000000000000000;1,000000000000000;1,000000000000000;1,000000000000000;1,000000000000000;1,000000000000000;1,000000000000000
2021-11-09;alle;51;51,0;51;51;51;51;51;51;51;51;51;51;254;254,0;254;254;254;254;254;254;254;254;254;254;NA;NA;NA;NA;NA;NA;NA;NA;NA;NA;NA
2021-11-08;0-60;4;4,0;4;4;4;4;4;4;4;4;4;4;63;63,0;63;63;63;63;63;63;63;63;63;63;1,000000000000000;1,000000000000000;1,000000000000000;1,000000000000000;1,000000000000000;1,000000000000000;1,000000000000000;1,000000000000000;1,000000000000000;1,000000000000000;1,000000000000000
2021-11-08;60+;10;10,0;10;10;10;10;10;10;10;10;10;10;170;170,0;170;170;170;170;170;170;170;170;170;170;1,000000000000000;1,000000000000000;1,000000000000000;1,000000000000000;1,000000000000000;1,000000000000000;1,000000000000000;1,000000000000000;1,000000000000000;1,000000000000000;1,000000000000000
2021-11-08;alle;14;14,0;14;14;14;14;14;14;14;14;14;14;233;233,0;233;233;233;233;233;233;233;233;233;233;NA;NA;NA;NA;NA;NA;NA;NA;NA;NA;NA
2021-11-07;0-60;4;4,0;4;4;4;4;4;4;4;4;4;4;61;61,0;61;61;61;61;61;61;61;61;61;61;1,000000000000000;1,000000000000000;1,000000000000000;1,000000000000000;1,000000000000000;1,000000000000000;1,000000000000000;1,000000000000000;1,000000000000000;1,000000000000000;1,000000000000000
2021-11-07;60+;15;15,0;15;15;15;15;15;15;15;15;15;15;165;165,0;165;165;165;165;165;165;165;165;165;165;1,000000000000000;1,000000000000000;1,000000000000000;1,000000000000000;1,000000000000000;1,000000000000000;1,000000000000000;1,000000000000000;1,000000000000000;1,000000000000000;1,000000000000000
2021-11-07;alle;19;19,0;19;19;19;19;19;19;19;19;19;19;226;226,0;226;226;226;226;226;226;226;226;226;226;NA;NA;NA;NA;NA;NA;NA;NA;NA;NA;NA
2021-11-06;0-60;12;12,0;12;12;12;12;12;12;12;12;12;12;63;63,0;63;63;63;63;63;63;63;63;63;63;1,000000000000000;1,000000000000000;1,000000000000000;1,000000000000000;1,000000000000000;1,000000000000000;1,000000000000000;1,000000000000000;1,000000000000000;1,000000000000000;1,000000000000000
2021-11-06;60+;26;26,0;26;26;26;26;26;26;26;26;26;26;154;154,0;154;154;154;154;154;154;154;154;154;154;1,000000000000000;1,000000000000000;1,000000000000000;1,000000000000000;1,000000000000000;1,000000000000000;1,000000000000000;1,000000000000000;1,000000000000000;1,000000000000000;1,000000000000000
2021-11-06;alle;38;38,0;38;38;38;38;38;38;38;38;38;38;217;217,0;217;217;217;217;217;217;217;217;217;217;NA;NA;NA;NA;NA;NA;NA;NA;NA;NA;NA
2021-11-05;0-60;10;10,0;10;10;10;10;10;10;10;10;10;10;58;58,0;58;58;58;58;58;58;58;58;58;58;1,000000000000000;1,000000000000000;1,000000000000000;1,000000000000000;1,000000000000000;1,000000000000000;1,000000000000000;1,000000000000000;1,000000000000000;1,000000000000000;1,000000000000000
2021-11-05;60+;27;27,0;27;27;27;27;27;27;27;27;27;27;164;164,0;164;164;164;164;164;164;164;164;164;164;1,000000000000000;1,000000000000000;1,000000000000000;1,000000000000000;1,000000000000000;1,000000000000000;1,000000000000000;1,000000000000000;1,000000000000000;1,000000000000000;1,000000000000000
2021-11-05;alle;37;37,0;37;37;37;37;37;37;37;37;37;37;222;222,0;222;222;222;222;222;222;222;222;222;222;NA;NA;NA;NA;NA;NA;NA;NA;NA;NA;NA
2021-11-04;0-60;9;9,0;9;9;9;9;9;9;9;9;9;9;55;55,0;55;55;55;55;55;55;55;55;55;55;1,000000000000000;1,000000000000000;1,000000000000000;1,000000000000000;1,000000000000000;1,000000000000000;1,000000000000000;1,000000000000000;1,000000000000000;1,000000000000000;1,000000000000000
2021-11-04;60+;30;30,0;30;30;30;30;30;30;30;30;30;30;161;161,0;161;161;161;161;161;161;161;161;161;161;1,000000000000000;1,000000000000000;1,000000000000000;1,000000000000000;1,000000000000000;1,000000000000000;1,000000000000000;1,000000000000000;1,000000000000000;1,000000000000000;1,000000000000000
2021-11-04;alle;39;39,0;39;39;39;39;39;39;39;39;39;39;216;216,0;216;216;216;216;216;216;216;216;216;216;NA;NA;NA;NA;NA;NA;NA;NA;NA;NA;NA
2021-11-03;0-60;20;20,0;20;20;20;20;20;20;20;20;20;20;56;56,0;56;56;56;56;56;56;56;56;56;56;1,000000000000000;1,000000000000000;1,000000000000000;1,000000000000000;1,000000000000000;1,000000000000000;1,000000000000000;1,000000000000000;1,000000000000000;1,000000000000000;1,000000000000000
2021-11-03;60+;36;36,0;36;36;36;36;36;36;36;36;36;36;152;152,0;152;152;152;152;152;152;152;152;152;152;1,000000000000000;1,000000000000000;1,000000000000000;1,000000000000000;1,000000000000000;1,000000000000000;1,000000000000000;1,000000000000000;1,000000000000000;1,000000000000000;1,000000000000000
2021-11-03;alle;56;56,0;56;56;56;56;56;56;56;56;56;56;208;208,0;208;208;208;208;208;208;208;208;208;208;NA;NA;NA;NA;NA;NA;NA;NA;NA;NA;NA
2021-11-02;0-60;4;4,0;4;4;4;4;4;4;4;4;4;4;46;46,0;46;46;46;46;46;46;46;46;46;46;1,000000000000000;1,000000000000000;1,000000000000000;1,000000000000000;1,000000000000000;1,000000000000000;1,000000000000000;1,000000000000000;1,000000000000000;1,000000000000000;1,000000000000000
2021-11-02;60+;26;26,0;26;26;26;26;26;26;26;26;26;26;136;136,0;136;136;136;136;136;136;136;136;136;136;1,000000000000000;1,000000000000000;1,000000000000000;1,000000000000000;1,000000000000000;1,000000000000000;1,000000000000000;1,000000000000000;1,000000000000000;1,000000000000000;1,000000000000000
2021-11-02;alle;30;30,0;30;30;30;30;30;30;30;30;30;30;182;182,0;182;182;182;182;182;182;182;182;182;182;NA;NA;NA;NA;NA;NA;NA;NA;NA;NA;NA
2021-11-01;0-60;2;2,0;2;2;2;2;2;2;2;2;2;2;47;47,0;47;47;47;47;47;47;47;47;47;47;1,000000000000000;1,000000000000000;1,000000000000000;1,000000000000000;1,000000000000000;1,000000000000000;1,000000000000000;1,000000000000000;1,000000000000000;1,000000000000000;1,000000000000000
2021-11-01;60+;5;5,0;5;5;5;5;5;5;5;5;5;5;116;116,0;116;116;116;116;116;116;116;116;116;116;1,000000000000000;1,000000000000000;1,000000000000000;1,000000000000000;1,000000000000000;1,000000000000000;1,000000000000000;1,000000000000000;1,000000000000000;1,000000000000000;1,000000000000000
2021-11-01;alle;7;7,0;7;7;7;7;7;7;7;7;7;7;163;163,0;163;163;163;163;163;163;163;163;163;163;NA;NA;NA;NA;NA;NA;NA;NA;NA;NA;NA
2021-10-31;0-60;6;6,0;6;6;6;6;6;6;6;6;6;6;49;49,0;49;49;49;49;49;49;49;49;49;49;1,000000000000000;1,000000000000000;1,000000000000000;1,000000000000000;1,000000000000000;1,000000000000000;1,000000000000000;1,000000000000000;1,000000000000000;1,000000000000000;1,000000000000000
2021-10-31;60+;4;4,0;4;4;4;4;4;4;4;4;4;4;116;116,0;116;116;116;116;116;116;116;116;116;116;1,000000000000000;1,000000000000000;1,000000000000000;1,000000000000000;1,000000000000000;1,000000000000000;1,000000000000000;1,000000000000000;1,000000000000000;1,000000000000000;1,000000000000000
2021-10-31;alle;10;10,0;10;10;10;10;10;10;10;10;10;10;165;165,0;165;165;165;165;165;165;165;165;165;165;NA;NA;NA;NA;NA;NA;NA;NA;NA;NA;NA
2021-10-30;0-60;7;7,0;7;7;7;7;7;7;7;7;7;7;51;51,0;51;51;51;51;51;51;51;51;51;51;1,000000000000000;1,000000000000000;1,000000000000000;1,000000000000000;1,000000000000000;1,000000000000000;1,000000000000000;1,000000000000000;1,000000000000000;1,000000000000000;1,000000000000000
2021-10-30;60+;36;36,0;36;36;36;36;36;36;36;36;36;36;116;116,0;116;116;116;116;116;116;116;116;116;116;1,000000000000000;1,000000000000000;1,000000000000000;1,000000000000000;1,000000000000000;1,000000000000000;1,000000000000000;1,000000000000000;1,000000000000000;1,000000000000000;1,000000000000000
2021-10-30;alle;43;43,0;43;43;43;43;43;43;43;43;43;43;167;167,0;167;167;167;167;167;167;167;167;167;167;NA;NA;NA;NA;NA;NA;NA;NA;NA;NA;NA
2021-10-29;0-60;7;7,0;7;7;7;7;7;7;7;7;7;7;50;50,0;50;50;50;50;50;50;50;50;50;50;1,000000000000000;1,000000000000000;1,000000000000000;1,000000000000000;1,000000000000000;1,000000000000000;1,000000000000000;1,000000000000000;1,000000000000000;1,000000000000000;1,000000000000000
2021-10-29;60+;24;24,0;24;24;24;24;24;24;24;24;24;24;92;92,0;92;92;92;92;92;92;92;92;92;92;1,000000000000000;1,000000000000000;1,000000000000000;1,000000000000000;1,000000000000000;1,000000000000000;1,000000000000000;1,000000000000000;1,000000000000000;1,000000000000000;1,000000000000000
2021-10-29;alle;31;31,0;31;31;31;31;31;31;31;31;31;31;142;142,0;142;142;142;142;142;142;142;142;142;142;NA;NA;NA;NA;NA;NA;NA;NA;NA;NA;NA
2021-10-28;0-60;10;10,0;10;10;10;10;10;10;10;10;10;10;48;48,0;48;48;48;48;48;48;48;48;48;48;1,000000000000000;1,000000000000000;1,000000000000000;1,000000000000000;1,000000000000000;1,000000000000000;1,000000000000000;1,000000000000000;1,000000000000000;1,000000000000000;1,000000000000000
2021-10-28;60+;21;21,0;21;21;21;21;21;21;21;21;21;21;85;85,0;85;85;85;85;85;85;85;85;85;85;1,000000000000000;1,000000000000000;1,000000000000000;1,000000000000000;1,000000000000000;1,000000000000000;1,000000000000000;1,000000000000000;1,000000000000000;1,000000000000000;1,000000000000000
2021-10-28;alle;31;31,0;31;31;31;31;31;31;31;31;31;31;133;133,0;133;133;133;133;133;133;133;133;133;133;NA;NA;NA;NA;NA;NA;NA;NA;NA;NA;NA
2021-10-27;0-60;10;10,0;10;10;10;10;10;10;10;10;10;10;43;43,0;43;43;43;43;43;43;43;43;43;43;1,000000000000000;1,000000000000000;1,000000000000000;1,000000000000000;1,000000000000000;1,000000000000000;1,000000000000000;1,000000000000000;1,000000000000000;1,000000000000000;1,000000000000000
2021-10-27;60+;20;20,0;20;20;20;20;20;20;20;20;20;20;69;69,0;69;69;69;69;69;69;69;69;69;69;1,000000000000000;1,000000000000000;1,000000000000000;1,000000000000000;1,000000000000000;1,000000000000000;1,000000000000000;1,000000000000000;1,000000000000000;1,000000000000000;1,000000000000000
2021-10-27;alle;30;30,0;30;30;30;30;30;30;30;30;30;30;112;112,0;112;112;112;112;112;112;112;112;112;112;NA;NA;NA;NA;NA;NA;NA;NA;NA;NA;NA
2021-10-26;0-60;5;5,0;5;5;5;5;5;5;5;5;5;5;40;40,0;40;40;40;40;40;40;40;40;40;40;1,000000000000000;1,000000000000000;1,000000000000000;1,000000000000000;1,000000000000000;1,000000000000000;1,000000000000000;1,000000000000000;1,000000000000000;1,000000000000000;1,000000000000000
2021-10-26;60+;6;6,0;6;6;6;6;6;6;6;6;6;6;68;68,0;68;68;68;68;68;68;68;68;68;68;1,000000000000000;1,000000000000000;1,000000000000000;1,000000000000000;1,000000000000000;1,000000000000000;1,000000000000000;1,000000000000000;1,000000000000000;1,000000000000000;1,000000000000000
2021-10-26;alle;11;11,0;11;11;11;11;11;11;11;11;11;11;108;108,0;108;108;108;108;108;108;108;108;108;108;NA;NA;NA;NA;NA;NA;NA;NA;NA;NA;NA
2021-10-25;0-60;4;4,0;4;4;4;4;4;4;4;4;4;4;39;39,0;39;39;39;39;39;39;39;39;39;39;1,000000000000000;1,000000000000000;1,000000000000000;1,000000000000000;1,000000000000000;1,000000000000000;1,000000000000000;1,000000000000000;1,000000000000000;1,000000000000000;1,000000000000000
2021-10-25;60+;5;5,0;5;5;5;5;5;5;5;5;5;5;72;72,0;72;72;72;72;72;72;72;72;72;72;1,000000000000000;1,000000000000000;1,000000000000000;1,000000000000000;1,000000000000000;1,000000000000000;1,000000000000000;1,000000000000000;1,000000000000000;1,000000000000000;1,000000000000000
2021-10-25;alle;9;9,0;9;9;9;9;9;9;9;9;9;9;111;111,0;111;111;111;111;111;111;111;111;111;111;NA;NA;NA;NA;NA;NA;NA;NA;NA;NA;NA
2021-10-24;0-60;8;8,0;8;8;8;8;8;8;8;8;8;8;39;39,0;39;39;39;39;39;39;39;39;39;39;1,000000000000000;1,000000000000000;1,000000000000000;1,000000000000000;1,000000000000000;1,000000000000000;1,000000000000000;1,000000000000000;1,000000000000000;1,000000000000000;1,000000000000000
2021-10-24;60+;4;4,0;4;4;4;4;4;4;4;4;4;4;72;72,0;72;72;72;72;72;72;72;72;72;72;1,000000000000000;1,000000000000000;1,000000000000000;1,000000000000000;1,000000000000000;1,000000000000000;1,000000000000000;1,000000000000000;1,000000000000000;1,000000000000000;1,000000000000000
2021-10-24;alle;12;12,0;12;12;12;12;12;12;12;12;12;12;111;111,0;111;111;111;111;111;111;111;111;111;111;NA;NA;NA;NA;NA;NA;NA;NA;NA;NA;NA
2021-10-23;0-60;6;6,0;6;6;6;6;6;6;6;6;6;6;33;33,0;33;33;33;33;33;33;33;33;33;33;1,000000000000000;1,000000000000000;1,000000000000000;1,000000000000000;1,000000000000000;1,000000000000000;1,000000000000000;1,000000000000000;1,000000000000000;1,000000000000000;1,000000000000000
2021-10-23;60+;12;12,0;12;12;12;12;12;12;12;12;12;12;69;69,0;69;69;69;69;69;69;69;69;69;69;1,000000000000000;1,000000000000000;1,000000000000000;1,000000000000000;1,000000000000000;1,000000000000000;1,000000000000000;1,000000000000000;1,000000000000000;1,000000000000000;1,000000000000000
2021-10-23;alle;18;18,0;18;18;18;18;18;18;18;18;18;18;102;102,0;102;102;102;102;102;102;102;102;102;102;NA;NA;NA;NA;NA;NA;NA;NA;NA;NA;NA
2021-10-22;0-60;5;5,0;5;5;5;5;5;5;5;5;5;5;32;32,0;32;32;32;32;32;32;32;32;32;32;1,000000000000000;1,000000000000000;1,000000000000000;1,000000000000000;1,000000000000000;1,000000000000000;1,000000000000000;1,000000000000000;1,000000000000000;1,000000000000000;1,000000000000000
2021-10-22;60+;17;17,0;17;17;17;17;17;17;17;17;17;17;72;72,0;72;72;72;72;72;72;72;72;72;72;1,000000000000000;1,000000000000000;1,000000000000000;1,000000000000000;1,000000000000000;1,000000000000000;1,000000000000000;1,000000000000000;1,000000000000000;1,000000000000000;1,000000000000000
2021-10-22;alle;22;22,0;22;22;22;22;22;22;22;22;22;22;104;104,0;104;104;104;104;104;104;104;104;104;104;NA;NA;NA;NA;NA;NA;NA;NA;NA;NA;NA
2021-10-21;0-60;5;5,0;5;5;5;5;5;5;5;5;5;5;34;34,0;34;34;34;34;34;34;34;34;34;34;1,000000000000000;1,000000000000000;1,000000000000000;1,000000000000000;1,000000000000000;1,000000000000000;1,000000000000000;1,000000000000000;1,000000000000000;1,000000000000000;1,000000000000000
2021-10-21;60+;5;5,0;5;5;5;5;5;5;5;5;5;5;58;58,0;58;58;58;58;58;58;58;58;58;58;1,000000000000000;1,000000000000000;1,000000000000000;1,000000000000000;1,000000000000000;1,000000000000000;1,000000000000000;1,000000000000000;1,000000000000000;1,000000000000000;1,000000000000000
2021-10-21;alle;10;10,0;10;10;10;10;10;10;10;10;10;10;92;92,0;92;92;92;92;92;92;92;92;92;92;NA;NA;NA;NA;NA;NA;NA;NA;NA;NA;NA
2021-10-20;0-60;7;7,0;7;7;7;7;7;7;7;7;7;7;31;31,0;31;31;31;31;31;31;31;31;31;31;1,000000000000000;1,000000000000000;1,000000000000000;1,000000000000000;1,000000000000000;1,000000000000000;1,000000000000000;1,000000000000000;1,000000000000000;1,000000000000000;1,000000000000000
2021-10-20;60+;19;19,0;19;19;19;19;19;19;19;19;19;19;56;56,0;56;56;56;56;56;56;56;56;56;56;1,000000000000000;1,000000000000000;1,000000000000000;1,000000000000000;1,000000000000000;1,000000000000000;1,000000000000000;1,000000000000000;1,000000000000000;1,000000000000000;1,000000000000000
2021-10-20;alle;26;26,0;26;26;26;26;26;26;26;26;26;26;87;87,0;87;87;87;87;87;87;87;87;87;87;NA;NA;NA;NA;NA;NA;NA;NA;NA;NA;NA
2021-10-19;0-60;4;4,0;4;4;4;4;4;4;4;4;4;4;29;29,0;29;29;29;29;29;29;29;29;29;29;1,000000000000000;1,000000000000000;1,000000000000000;1,000000000000000;1,000000000000000;1,000000000000000;1,000000000000000;1,000000000000000;1,000000000000000;1,000000000000000;1,000000000000000
2021-10-19;60+;10;10,0;10;10;10;10;10;10;10;10;10;10;49;49,0;49;49;49;49;49;49;49;49;49;49;1,000000000000000;1,000000000000000;1,000000000000000;1,000000000000000;1,000000000000000;1,000000000000000;1,000000000000000;1,000000000000000;1,000000000000000;1,000000000000000;1,000000000000000
2021-10-19;alle;14;14,0;14;14;14;14;14;14;14;14;14;14;78;78,0;78;78;78;78;78;78;78;78;78;78;NA;NA;NA;NA;NA;NA;NA;NA;NA;NA;NA
2021-10-18;0-60;4;4,0;4;4;4;4;4;4;4;4;4;4;28;28,0;28;28;28;28;28;28;28;28;28;28;1,000000000000000;1,000000000000000;1,000000000000000;1,000000000000000;1,000000000000000;1,000000000000000;1,000000000000000;1,000000000000000;1,000000000000000;1,000000000000000;1,000000000000000
2021-10-18;60+;5;5,0;5;5;5;5;5;5;5;5;5;5;49;49,0;49;49;49;49;49;49;49;49;49;49;1,000000000000000;1,000000000000000;1,000000000000000;1,000000000000000;1,000000000000000;1,000000000000000;1,000000000000000;1,000000000000000;1,000000000000000;1,000000000000000;1,000000000000000
2021-10-18;alle;9;9,0;9;9;9;9;9;9;9;9;9;9;77;77,0;77;77;77;77;77;77;77;77;77;77;NA;NA;NA;NA;NA;NA;NA;NA;NA;NA;NA
2021-10-17;0-60;2;2,0;2;2;2;2;2;2;2;2;2;2;26;26,0;26;26;26;26;26;26;26;26;26;26;1,000000000000000;1,000000000000000;1,000000000000000;1,000000000000000;1,000000000000000;1,000000000000000;1,000000000000000;1,000000000000000;1,000000000000000;1,000000000000000;1,000000000000000
2021-10-17;60+;1;1,0;1;1;1;1;1;1;1;1;1;1;48;48,0;48;48;48;48;48;48;48;48;48;48;1,000000000000000;1,000000000000000;1,000000000000000;1,000000000000000;1,000000000000000;1,000000000000000;1,000000000000000;1,000000000000000;1,000000000000000;1,000000000000000;1,000000000000000
2021-10-17;alle;3;3,0;3;3;3;3;3;3;3;3;3;3;74;74,0;74;74;74;74;74;74;74;74;74;74;NA;NA;NA;NA;NA;NA;NA;NA;NA;NA;NA
2021-10-16;0-60;5;5,0;5;5;5;5;5;5;5;5;5;5;26;26,0;26;26;26;26;26;26;26;26;26;26;1,000000000000000;1,000000000000000;1,000000000000000;1,000000000000000;1,000000000000000;1,000000000000000;1,000000000000000;1,000000000000000;1,000000000000000;1,000000000000000;1,000000000000000
2021-10-16;60+;15;15,0;15;15;15;15;15;15;15;15;15;15;53;53,0;53;53;53;53;53;53;53;53;53;53;1,000000000000000;1,000000000000000;1,000000000000000;1,000000000000000;1,000000000000000;1,000000000000000;1,000000000000000;1,000000000000000;1,000000000000000;1,000000000000000;1,000000000000000
2021-10-16;alle;20;20,0;20;20;20;20;20;20;20;20;20;20;79;79,0;79;79;79;79;79;79;79;79;79;79;NA;NA;NA;NA;NA;NA;NA;NA;NA;NA;NA
2021-10-15;0-60;7;7,0;7;7;7;7;7;7;7;7;7;7;30;30,0;30;30;30;30;30;30;30;30;30;30;1,000000000000000;1,000000000000000;1,000000000000000;1,000000000000000;1,000000000000000;1,000000000000000;1,000000000000000;1,000000000000000;1,000000000000000;1,000000000000000;1,000000000000000
2021-10-15;60+;3;3,0;3;3;3;3;3;3;3;3;3;3;45;45,0;45;45;45;45;45;45;45;45;45;45;1,000000000000000;1,000000000000000;1,000000000000000;1,000000000000000;1,000000000000000;1,000000000000000;1,000000000000000;1,000000000000000;1,000000000000000;1,000000000000000;1,000000000000000
2021-10-15;alle;10;10,0;10;10;10;10;10;10;10;10;10;10;75;75,0;75;75;75;75;75;75;75;75;75;75;NA;NA;NA;NA;NA;NA;NA;NA;NA;NA;NA
2021-10-14;0-60;2;2,0;2;2;2;2;2;2;2;2;2;2;26;26,0;26;26;26;26;26;26;26;26;26;26;1,000000000000000;1,000000000000000;1,000000000000000;1,000000000000000;1,000000000000000;1,000000000000000;1,000000000000000;1,000000000000000;1,000000000000000;1,000000000000000;1,000000000000000
2021-10-14;60+;3;3,0;3;3;3;3;3;3;3;3;3;3;52;52,0;52;52;52;52;52;52;52;52;52;52;1,000000000000000;1,000000000000000;1,000000000000000;1,000000000000000;1,000000000000000;1,000000000000000;1,000000000000000;1,000000000000000;1,000000000000000;1,000000000000000;1,000000000000000
2021-10-14;alle;5;5,0;5;5;5;5;5;5;5;5;5;5;78;78,0;78;78;78;78;78;78;78;78;78;78;NA;NA;NA;NA;NA;NA;NA;NA;NA;NA;NA
2021-10-13;0-60;5;5,0;5;5;5;5;5;5;5;5;5;5;30;30,0;30;30;30;30;30;30;30;30;30;30;1,000000000000000;1,000000000000000;1,000000000000000;1,000000000000000;1,000000000000000;1,000000000000000;1,000000000000000;1,000000000000000;1,000000000000000;1,000000000000000;1,000000000000000
2021-10-13;60+;12;12,0;12;12;12;12;12;12;12;12;12;12;55;55,0;55;55;55;55;55;55;55;55;55;55;1,000000000000000;1,000000000000000;1,000000000000000;1,000000000000000;1,000000000000000;1,000000000000000;1,000000000000000;1,000000000000000;1,000000000000000;1,000000000000000;1,000000000000000
2021-10-13;alle;17;17,0;17;17;17;17;17;17;17;17;17;17;85;85,0;85;85;85;85;85;85;85;85;85;85;NA;NA;NA;NA;NA;NA;NA;NA;NA;NA;NA
2021-10-12;0-60;3;3,0;3;3;3;3;3;3;3;3;3;3;29;29,0;29;29;29;29;29;29;29;29;29;29;1,000000000000000;1,000000000000000;1,000000000000000;1,000000000000000;1,000000000000000;1,000000000000000;1,000000000000000;1,000000000000000;1,000000000000000;1,000000000000000;1,000000000000000
2021-10-12;60+;10;10,0;10;10;10;10;10;10;10;10;10;10;51;51,0;51;51;51;51;51;51;51;51;51;51;1,000000000000000;1,000000000000000;1,000000000000000;1,000000000000000;1,000000000000000;1,000000000000000;1,000000000000000;1,000000000000000;1,000000000000000;1,000000000000000;1,000000000000000
2021-10-12;alle;13;13,0;13;13;13;13;13;13;13;13;13;13;80;80,0;80;80;80;80;80;80;80;80;80;80;NA;NA;NA;NA;NA;NA;NA;NA;NA;NA;NA
2021-10-11;0-60;2;2,0;2;2;2;2;2;2;2;2;2;2;29;29,0;29;29;29;29;29;29;29;29;29;29;1,000000000000000;1,000000000000000;1,000000000000000;1,000000000000000;1,000000000000000;1,000000000000000;1,000000000000000;1,000000000000000;1,000000000000000;1,000000000000000;1,000000000000000
2021-10-11;60+;4;4,0;4;4;4;4;4;4;4;4;4;4;45;45,0;45;45;45;45;45;45;45;45;45;45;1,000000000000000;1,000000000000000;1,000000000000000;1,000000000000000;1,000000000000000;1,000000000000000;1,000000000000000;1,000000000000000;1,000000000000000;1,000000000000000;1,000000000000000
2021-10-11;alle;6;6,0;6;6;6;6;6;6;6;6;6;6;74;74,0;74;74;74;74;74;74;74;74;74;74;NA;NA;NA;NA;NA;NA;NA;NA;NA;NA;NA
2021-10-10;0-60;2;2,0;2;2;2;2;2;2;2;2;2;2;29;29,0;29;29;29;29;29;29;29;29;29;29;1,000000000000000;1,000000000000000;1,000000000000000;1,000000000000000;1,000000000000000;1,000000000000000;1,000000000000000;1,000000000000000;1,000000000000000;1,000000000000000;1,000000000000000
2021-10-10;60+;6;6,0;6;6;6;6;6;6;6;6;6;6;43;43,0;43;43;43;43;43;43;43;43;43;43;1,000000000000000;1,000000000000000;1,000000000000000;1,000000000000000;1,000000000000000;1,000000000000000;1,000000000000000;1,000000000000000;1,000000000000000;1,000000000000000;1,000000000000000
2021-10-10;alle;8;8,0;8;8;8;8;8;8;8;8;8;8;72;72,0;72;72;72;72;72;72;72;72;72;72;NA;NA;NA;NA;NA;NA;NA;NA;NA;NA;NA
2021-10-09;0-60;9;9,0;9;9;9;9;9;9;9;9;9;9;29;29,0;29;29;29;29;29;29;29;29;29;29;1,000000000000000;1,000000000000000;1,000000000000000;1,000000000000000;1,000000000000000;1,000000000000000;1,000000000000000;1,000000000000000;1,000000000000000;1,000000000000000;1,000000000000000
2021-10-09;60+;7;7,0;7;7;7;7;7;7;7;7;7;7;38;38,0;38;38;38;38;38;38;38;38;38;38;1,000000000000000;1,000000000000000;1,000000000000000;1,000000000000000;1,000000000000000;1,000000000000000;1,000000000000000;1,000000000000000;1,000000000000000;1,000000000000000;1,000000000000000
2021-10-09;alle;16;16,0;16;16;16;16;16;16;16;16;16;16;67;67,0;67;67;67;67;67;67;67;67;67;67;NA;NA;NA;NA;NA;NA;NA;NA;NA;NA;NA
2021-10-08;0-60;3;3,0;3;3;3;3;3;3;3;3;3;3;24;24,0;24;24;24;24;24;24;24;24;24;24;1,000000000000000;1,000000000000000;1,000000000000000;1,000000000000000;1,000000000000000;1,000000000000000;1,000000000000000;1,000000000000000;1,000000000000000;1,000000000000000;1,000000000000000
2021-10-08;60+;10;10,0;10;10;10;10;10;10;10;10;10;10;33;33,0;33;33;33;33;33;33;33;33;33;33;1,000000000000000;1,000000000000000;1,000000000000000;1,000000000000000;1,000000000000000;1,000000000000000;1,000000000000000;1,000000000000000;1,000000000000000;1,000000000000000;1,000000000000000
2021-10-08;alle;13;13,0;13;13;13;13;13;13;13;13;13;13;57;57,0;57;57;57;57;57;57;57;57;57;57;NA;NA;NA;NA;NA;NA;NA;NA;NA;NA;NA
2021-10-07;0-60;6;6,0;6;6;6;6;6;6;6;6;6;6;25;25,0;25;25;25;25;25;25;25;25;25;25;1,000000000000000;1,000000000000000;1,000000000000000;1,000000000000000;1,000000000000000;1,000000000000000;1,000000000000000;1,000000000000000;1,000000000000000;1,000000000000000;1,000000000000000
2021-10-07;60+;6;6,0;6;6;6;6;6;6;6;6;6;6;28;28,0;28;28;28;28;28;28;28;28;28;28;1,000000000000000;1,000000000000000;1,000000000000000;1,000000000000000;1,000000000000000;1,000000000000000;1,000000000000000;1,000000000000000;1,000000000000000;1,000000000000000;1,000000000000000
2021-10-07;alle;12;12,0;12;12;12;12;12;12;12;12;12;12;53;53,0;53;53;53;53;53;53;53;53;53;53;NA;NA;NA;NA;NA;NA;NA;NA;NA;NA;NA
2021-10-06;0-60;4;4,0;4;4;4;4;4;4;4;4;4;4;22;22,0;22;22;22;22;22;22;22;22;22;22;1,000000000000000;1,000000000000000;1,000000000000000;1,000000000000000;1,000000000000000;1,000000000000000;1,000000000000000;1,000000000000000;1,000000000000000;1,000000000000000;1,000000000000000
2021-10-06;60+;8;8,0;8;8;8;8;8;8;8;8;8;8;25;25,0;25;25;25;25;25;25;25;25;25;25;1,000000000000000;1,000000000000000;1,000000000000000;1,000000000000000;1,000000000000000;1,000000000000000;1,000000000000000;1,000000000000000;1,000000000000000;1,000000000000000;1,000000000000000
2021-10-06;alle;12;12,0;12;12;12;12;12;12;12;12;12;12;47;47,0;47;47;47;47;47;47;47;47;47;47;NA;NA;NA;NA;NA;NA;NA;NA;NA;NA;NA
2021-10-05;0-60;3;3,0;3;3;3;3;3;3;3;3;3;3;26;26,0;26;26;26;26;26;26;26;26;26;26;1,000000000000000;1,000000000000000;1,000000000000000;1,000000000000000;1,000000000000000;1,000000000000000;1,000000000000000;1,000000000000000;1,000000000000000;1,000000000000000;1,000000000000000
2021-10-05;60+;4;4,0;4;4;4;4;4;4;4;4;4;4;23;23,0;23;23;23;23;23;23;23;23;23;23;1,000000000000000;1,000000000000000;1,000000000000000;1,000000000000000;1,000000000000000;1,000000000000000;1,000000000000000;1,000000000000000;1,000000000000000;1,000000000000000;1,000000000000000
2021-10-05;alle;7;7,0;7;7;7;7;7;7;7;7;7;7;49;49,0;49;49;49;49;49;49;49;49;49;49;NA;NA;NA;NA;NA;NA;NA;NA;NA;NA;NA
2021-10-04;0-60;2;2,0;2;2;2;2;2;2;2;2;2;2;25;25,0;25;25;25;25;25;25;25;25;25;25;1,000000000000000;1,000000000000000;1,000000000000000;1,000000000000000;1,000000000000000;1,000000000000000;1,000000000000000;1,000000000000000;1,000000000000000;1,000000000000000;1,000000000000000
2021-10-04;60+;2;2,0;2;2;2;2;2;2;2;2;2;2;29;29,0;29;29;29;29;29;29;29;29;29;29;1,000000000000000;1,000000000000000;1,000000000000000;1,000000000000000;1,000000000000000;1,000000000000000;1,000000000000000;1,000000000000000;1,000000000000000;1,000000000000000;1,000000000000000
2021-10-04;alle;4;4,0;4;4;4;4;4;4;4;4;4;4;54;54,0;54;54;54;54;54;54;54;54;54;54;NA;NA;NA;NA;NA;NA;NA;NA;NA;NA;NA
2021-10-03;0-60;2;2,0;2;2;2;2;2;2;2;2;2;2;23;23,0;23;23;23;23;23;23;23;23;23;23;1,000000000000000;1,000000000000000;1,000000000000000;1,000000000000000;1,000000000000000;1,000000000000000;1,000000000000000;1,000000000000000;1,000000000000000;1,000000000000000;1,000000000000000
2021-10-03;60+;1;1,0;1;1;1;1;1;1;1;1;1;1;28;28,0;28;28;28;28;28;28;28;28;28;28;1,000000000000000;1,000000000000000;1,000000000000000;1,000000000000000;1,000000000000000;1,000000000000000;1,000000000000000;1,000000000000000;1,000000000000000;1,000000000000000;1,000000000000000
2021-10-03;alle;3;3,0;3;3;3;3;3;3;3;3;3;3;51;51,0;51;51;51;51;51;51;51;51;51;51;NA;NA;NA;NA;NA;NA;NA;NA;NA;NA;NA
2021-10-02;0-60;4;4,0;4;4;4;4;4;4;4;4;4;4;21;21,0;21;21;21;21;21;21;21;21;21;21;1,000000000000000;1,000000000000000;1,000000000000000;1,000000000000000;1,000000000000000;1,000000000000000;1,000000000000000;1,000000000000000;1,000000000000000;1,000000000000000;1,000000000000000
2021-10-02;60+;2;2,0;2;2;2;2;2;2;2;2;2;2;31;31,0;31;31;31;31;31;31;31;31;31;31;1,000000000000000;1,000000000000000;1,000000000000000;1,000000000000000;1,000000000000000;1,000000000000000;1,000000000000000;1,000000000000000;1,000000000000000;1,000000000000000;1,000000000000000
2021-10-02;alle;6;6,0;6;6;6;6;6;6;6;6;6;6;52;52,0;52;52;52;52;52;52;52;52;52;52;NA;NA;NA;NA;NA;NA;NA;NA;NA;NA;NA
2021-10-01;0-60;4;4,0;4;4;4;4;4;4;4;4;4;4;23;23,0;23;23;23;23;23;23;23;23;23;23;1,000000000000000;1,000000000000000;1,000000000000000;1,000000000000000;1,000000000000000;1,000000000000000;1,000000000000000;1,000000000000000;1,000000000000000;1,000000000000000;1,000000000000000
2021-10-01;60+;5;5,0;5;5;5;5;5;5;5;5;5;5;33;33,0;33;33;33;33;33;33;33;33;33;33;1,000000000000000;1,000000000000000;1,000000000000000;1,000000000000000;1,000000000000000;1,000000000000000;1,000000000000000;1,000000000000000;1,000000000000000;1,000000000000000;1,000000000000000
2021-10-01;alle;9;9,0;9;9;9;9;9;9;9;9;9;9;56;56,0;56;56;56;56;56;56;56;56;56;56;NA;NA;NA;NA;NA;NA;NA;NA;NA;NA;NA
2021-09-30;0-60;3;3,0;3;3;3;3;3;3;3;3;3;3;25;25,0;25;25;25;25;25;25;25;25;25;25;1,000000000000000;1,000000000000000;1,000000000000000;1,000000000000000;1,000000000000000;1,000000000000000;1,000000000000000;1,000000000000000;1,000000000000000;1,000000000000000;1,000000000000000
2021-09-30;60+;3;3,0;3;3;3;3;3;3;3;3;3;3;31;31,0;31;31;31;31;31;31;31;31;31;31;1,000000000000000;1,000000000000000;1,000000000000000;1,000000000000000;1,000000000000000;1,000000000000000;1,000000000000000;1,000000000000000;1,000000000000000;1,000000000000000;1,000000000000000
2021-09-30;alle;6;6,0;6;6;6;6;6;6;6;6;6;6;56;56,0;56;56;56;56;56;56;56;56;56;56;NA;NA;NA;NA;NA;NA;NA;NA;NA;NA;NA
2021-09-29;0-60;8;8,0;8;8;8;8;8;8;8;8;8;8;26;26,0;26;26;26;26;26;26;26;26;26;26;1,000000000000000;1,000000000000000;1,000000000000000;1,000000000000000;1,000000000000000;1,000000000000000;1,000000000000000;1,000000000000000;1,000000000000000;1,000000000000000;1,000000000000000
2021-09-29;60+;6;6,0;6;6;6;6;6;6;6;6;6;6;33;33,0;33;33;33;33;33;33;33;33;33;33;1,000000000000000;1,000000000000000;1,000000000000000;1,000000000000000;1,000000000000000;1,000000000000000;1,000000000000000;1,000000000000000;1,000000000000000;1,000000000000000;1,000000000000000
2021-09-29;alle;14;14,0;14;14;14;14;14;14;14;14;14;14;59;59,0;59;59;59;59;59;59;59;59;59;59;NA;NA;NA;NA;NA;NA;NA;NA;NA;NA;NA
2021-09-28;0-60;2;2,0;2;2;2;2;2;2;2;2;2;2;22;22,0;22;22;22;22;22;22;22;22;22;22;1,000000000000000;1,000000000000000;1,000000000000000;1,000000000000000;1,000000000000000;1,000000000000000;1,000000000000000;1,000000000000000;1,000000000000000;1,000000000000000;1,000000000000000
2021-09-28;60+;10;10,0;10;10;10;10;10;10;10;10;10;10;29;29,0;29;29;29;29;29;29;29;29;29;29;1,000000000000000;1,000000000000000;1,000000000000000;1,000000000000000;1,000000000000000;1,000000000000000;1,000000000000000;1,000000000000000;1,000000000000000;1,000000000000000;1,000000000000000
2021-09-28;alle;12;12,0;12;12;12;12;12;12;12;12;12;12;51;51,0;51;51;51;51;51;51;51;51;51;51;NA;NA;NA;NA;NA;NA;NA;NA;NA;NA;NA
2021-09-27;0-60;0;0,0;0;0;0;0;0;0;0;0;0;0;23;23,0;23;23;23;23;23;23;23;23;23;23;1,000000000000000;1,000000000000000;1,000000000000000;1,000000000000000;1,000000000000000;1,000000000000000;1,000000000000000;1,000000000000000;1,000000000000000;1,000000000000000;1,000000000000000
2021-09-27;60+;1;1,0;1;1;1;1;1;1;1;1;1;1;26;26,0;26;26;26;26;26;26;26;26;26;26;1,000000000000000;1,000000000000000;1,000000000000000;1,000000000000000;1,000000000000000;1,000000000000000;1,000000000000000;1,000000000000000;1,000000000000000;1,000000000000000;1,000000000000000
2021-09-27;alle;1;1,0;1;1;1;1;1;1;1;1;1;1;49;49,0;49;49;49;49;49;49;49;49;49;49;NA;NA;NA;NA;NA;NA;NA;NA;NA;NA;NA
2021-09-26;0-60;0;0,0;0;0;0;0;0;0;0;0;0;0;24;24,0;24;24;24;24;24;24;24;24;24;24;1,000000000000000;1,000000000000000;1,000000000000000;1,000000000000000;1,000000000000000;1,000000000000000;1,000000000000000;1,000000000000000;1,000000000000000;1,000000000000000;1,000000000000000
2021-09-26;60+;4;4,0;4;4;4;4;4;4;4;4;4;4;25;25,0;25;25;25;25;25;25;25;25;25;25;1,000000000000000;1,000000000000000;1,000000000000000;1,000000000000000;1,000000000000000;1,000000000000000;1,000000000000000;1,000000000000000;1,000000000000000;1,000000000000000;1,000000000000000
2021-09-26;alle;4;4,0;4;4;4;4;4;4;4;4;4;4;49;49,0;49;49;49;49;49;49;49;49;49;49;NA;NA;NA;NA;NA;NA;NA;NA;NA;NA;NA
2021-09-25;0-60;6;6,0;6;6;6;6;6;6;6;6;6;6;26;26,0;26;26;26;26;26;26;26;26;26;26;1,000000000000000;1,000000000000000;1,000000000000000;1,000000000000000;1,000000000000000;1,000000000000000;1,000000000000000;1,000000000000000;1,000000000000000;1,000000000000000;1,000000000000000
2021-09-25;60+;4;4,0;4;4;4;4;4;4;4;4;4;4;23;23,0;23;23;23;23;23;23;23;23;23;23;1,000000000000000;1,000000000000000;1,000000000000000;1,000000000000000;1,000000000000000;1,000000000000000;1,000000000000000;1,000000000000000;1,000000000000000;1,000000000000000;1,000000000000000
2021-09-25;alle;10;10,0;10;10;10;10;10;10;10;10;10;10;49;49,0;49;49;49;49;49;49;49;49;49;49;NA;NA;NA;NA;NA;NA;NA;NA;NA;NA;NA
2021-09-24;0-60;6;6,0;6;6;6;6;6;6;6;6;6;6;22;22,0;22;22;22;22;22;22;22;22;22;22;1,000000000000000;1,000000000000000;1,000000000000000;1,000000000000000;1,000000000000000;1,000000000000000;1,000000000000000;1,000000000000000;1,000000000000000;1,000000000000000;1,000000000000000
2021-09-24;60+;3;3,0;3;3;3;3;3;3;3;3;3;3;22;22,0;22;22;22;22;22;22;22;22;22;22;1,000000000000000;1,000000000000000;1,000000000000000;1,000000000000000;1,000000000000000;1,000000000000000;1,000000000000000;1,000000000000000;1,000000000000000;1,000000000000000;1,000000000000000
2021-09-24;alle;9;9,0;9;9;9;9;9;9;9;9;9;9;44;44,0;44;44;44;44;44;44;44;44;44;44;NA;NA;NA;NA;NA;NA;NA;NA;NA;NA;NA
2021-09-23;0-60;4;4,0;4;4;4;4;4;4;4;4;4;4;19;19,0;19;19;19;19;19;19;19;19;19;19;1,000000000000000;1,000000000000000;1,000000000000000;1,000000000000000;1,000000000000000;1,000000000000000;1,000000000000000;1,000000000000000;1,000000000000000;1,000000000000000;1,000000000000000
2021-09-23;60+;5;5,0;5;5;5;5;5;5;5;5;5;5;20;20,0;20;20;20;20;20;20;20;20;20;20;1,000000000000000;1,000000000000000;1,000000000000000;1,000000000000000;1,000000000000000;1,000000000000000;1,000000000000000;1,000000000000000;1,000000000000000;1,000000000000000;1,000000000000000
2021-09-23;alle;9;9,0;9;9;9;9;9;9;9;9;9;9;39;39,0;39;39;39;39;39;39;39;39;39;39;NA;NA;NA;NA;NA;NA;NA;NA;NA;NA;NA
2021-09-22;0-60;4;4,0;4;4;4;4;4;4;4;4;4;4;22;22,0;22;22;22;22;22;22;22;22;22;22;1,000000000000000;1,000000000000000;1,000000000000000;1,000000000000000;1,000000000000000;1,000000000000000;1,000000000000000;1,000000000000000;1,000000000000000;1,000000000000000;1,000000000000000
2021-09-22;60+;2;2,0;2;2;2;2;2;2;2;2;2;2;21;21,0;21;21;21;21;21;21;21;21;21;21;1,000000000000000;1,000000000000000;1,000000000000000;1,000000000000000;1,000000000000000;1,000000000000000;1,000000000000000;1,000000000000000;1,000000000000000;1,000000000000000;1,000000000000000
2021-09-22;alle;6;6,0;6;6;6;6;6;6;6;6;6;6;43;43,0;43;43;43;43;43;43;43;43;43;43;NA;NA;NA;NA;NA;NA;NA;NA;NA;NA;NA
2021-09-21;0-60;3;3,0;3;3;3;3;3;3;3;3;3;3;20;20,0;20;20;20;20;20;20;20;20;20;20;1,000000000000000;1,000000000000000;1,000000000000000;1,000000000000000;1,000000000000000;1,000000000000000;1,000000000000000;1,000000000000000;1,000000000000000;1,000000000000000;1,000000000000000
2021-09-21;60+;7;7,0;7;7;7;7;7;7;7;7;7;7;21;21,0;21;21;21;21;21;21;21;21;21;21;1,000000000000000;1,000000000000000;1,000000000000000;1,000000000000000;1,000000000000000;1,000000000000000;1,000000000000000;1,000000000000000;1,000000000000000;1,000000000000000;1,000000000000000
2021-09-21;alle;10;10,0;10;10;10;10;10;10;10;10;10;10;41;41,0;41;41;41;41;41;41;41;41;41;41;NA;NA;NA;NA;NA;NA;NA;NA;NA;NA;NA
2021-09-20;0-60;1;1,0;1;1;1;1;1;1;1;1;1;1;21;21,0;21;21;21;21;21;21;21;21;21;21;1,000000000000000;1,000000000000000;1,000000000000000;1,000000000000000;1,000000000000000;1,000000000000000;1,000000000000000;1,000000000000000;1,000000000000000;1,000000000000000;1,000000000000000
2021-09-20;60+;0;0,0;0;0;0;0;0;0;0;0;0;0;14;14,0;14;14;14;14;14;14;14;14;14;14;1,000000000000000;1,000000000000000;1,000000000000000;1,000000000000000;1,000000000000000;1,000000000000000;1,000000000000000;1,000000000000000;1,000000000000000;1,000000000000000;1,000000000000000
2021-09-20;alle;1;1,0;1;1;1;1;1;1;1;1;1;1;35;35,0;35;35;35;35;35;35;35;35;35;35;NA;NA;NA;NA;NA;NA;NA;NA;NA;NA;NA
2021-09-19;0-60;2;2,0;2;2;2;2;2;2;2;2;2;2;21;21,0;21;21;21;21;21;21;21;21;21;21;1,000000000000000;1,000000000000000;1,000000000000000;1,000000000000000;1,000000000000000;1,000000000000000;1,000000000000000;1,000000000000000;1,000000000000000;1,000000000000000;1,000000000000000
2021-09-19;60+;2;2,0;2;2;2;2;2;2;2;2;2;2;14;14,0;14;14;14;14;14;14;14;14;14;14;1,000000000000000;1,000000000000000;1,000000000000000;1,000000000000000;1,000000000000000;1,000000000000000;1,000000000000000;1,000000000000000;1,000000000000000;1,000000000000000;1,000000000000000
2021-09-19;alle;4;4,0;4;4;4;4;4;4;4;4;4;4;35;35,0;35;35;35;35;35;35;35;35;35;35;NA;NA;NA;NA;NA;NA;NA;NA;NA;NA;NA
2021-09-18;0-60;2;2,0;2;2;2;2;2;2;2;2;2;2;20;20,0;20;20;20;20;20;20;20;20;20;20;1,000000000000000;1,000000000000000;1,000000000000000;1,000000000000000;1,000000000000000;1,000000000000000;1,000000000000000;1,000000000000000;1,000000000000000;1,000000000000000;1,000000000000000
2021-09-18;60+;3;3,0;3;3;3;3;3;3;3;3;3;3;12;12,0;12;12;12;12;12;12;12;12;12;12;1,000000000000000;1,000000000000000;1,000000000000000;1,000000000000000;1,000000000000000;1,000000000000000;1,000000000000000;1,000000000000000;1,000000000000000;1,000000000000000;1,000000000000000
2021-09-18;alle;5;5,0;5;5;5;5;5;5;5;5;5;5;32;32,0;32;32;32;32;32;32;32;32;32;32;NA;NA;NA;NA;NA;NA;NA;NA;NA;NA;NA
2021-09-17;0-60;3;3,0;3;3;3;3;3;3;3;3;3;3;20;20,0;20;20;20;20;20;20;20;20;20;20;1,000000000000000;1,000000000000000;1,000000000000000;1,000000000000000;1,000000000000000;1,000000000000000;1,000000000000000;1,000000000000000;1,000000000000000;1,000000000000000;1,000000000000000
2021-09-17;60+;1;1,0;1;1;1;1;1;1;1;1;1;1;12;12,0;12;12;12;12;12;12;12;12;12;12;1,000000000000000;1,000000000000000;1,000000000000000;1,000000000000000;1,000000000000000;1,000000000000000;1,000000000000000;1,000000000000000;1,000000000000000;1,000000000000000;1,000000000000000
2021-09-17;alle;4;4,0;4;4;4;4;4;4;4;4;4;4;32;32,0;32;32;32;32;32;32;32;32;32;32;NA;NA;NA;NA;NA;NA;NA;NA;NA;NA;NA
2021-09-16;0-60;7;7,0;7;7;7;7;7;7;7;7;7;7;19;19,0;19;19;19;19;19;19;19;19;19;19;1,000000000000000;1,000000000000000;1,000000000000000;1,000000000000000;1,000000000000000;1,000000000000000;1,000000000000000;1,000000000000000;1,000000000000000;1,000000000000000;1,000000000000000
2021-09-16;60+;6;6,0;6;6;6;6;6;6;6;6;6;6;16;16,0;16;16;16;16;16;16;16;16;16;16;1,000000000000000;1,000000000000000;1,000000000000000;1,000000000000000;1,000000000000000;1,000000000000000;1,000000000000000;1,000000000000000;1,000000000000000;1,000000000000000;1,000000000000000
2021-09-16;alle;13;13,0;13;13;13;13;13;13;13;13;13;13;35;35,0;35;35;35;35;35;35;35;35;35;35;NA;NA;NA;NA;NA;NA;NA;NA;NA;NA;NA
2021-09-15;0-60;2;2,0;2;2;2;2;2;2;2;2;2;2;15;15,0;15;15;15;15;15;15;15;15;15;15;1,000000000000000;1,000000000000000;1,000000000000000;1,000000000000000;1,000000000000000;1,000000000000000;1,000000000000000;1,000000000000000;1,000000000000000;1,000000000000000;1,000000000000000
2021-09-15;60+;2;2,0;2;2;2;2;2;2;2;2;2;2;11;11,0;11;11;11;11;11;11;11;11;11;11;1,000000000000000;1,000000000000000;1,000000000000000;1,000000000000000;1,000000000000000;1,000000000000000;1,000000000000000;1,000000000000000;1,000000000000000;1,000000000000000;1,000000000000000
2021-09-15;alle;4;4,0;4;4;4;4;4;4;4;4;4;4;26;26,0;26;26;26;26;26;26;26;26;26;26;NA;NA;NA;NA;NA;NA;NA;NA;NA;NA;NA
2021-09-14;0-60;4;4,0;4;4;4;4;4;4;4;4;4;4;18;18,0;18;18;18;18;18;18;18;18;18;18;1,000000000000000;1,000000000000000;1,000000000000000;1,000000000000000;1,000000000000000;1,000000000000000;1,000000000000000;1,000000000000000;1,000000000000000;1,000000000000000;1,000000000000000
2021-09-14;60+;0;0,0;0;0;0;0;0;0;0;0;0;0;14;14,0;14;14;14;14;14;14;14;14;14;14;1,000000000000000;1,000000000000000;1,000000000000000;1,000000000000000;1,000000000000000;1,000000000000000;1,000000000000000;1,000000000000000;1,000000000000000;1,000000000000000;1,000000000000000
2021-09-14;alle;4;4,0;4;4;4;4;4;4;4;4;4;4;32;32,0;32;32;32;32;32;32;32;32;32;32;NA;NA;NA;NA;NA;NA;NA;NA;NA;NA;NA
2021-09-13;0-60;1;1,0;1;1;1;1;1;1;1;1;1;1;16;16,0;16;16;16;16;16;16;16;16;16;16;1,000000000000000;1,000000000000000;1,000000000000000;1,000000000000000;1,000000000000000;1,000000000000000;1,000000000000000;1,000000000000000;1,000000000000000;1,000000000000000;1,000000000000000
2021-09-13;60+;0;0,0;0;0;0;0;0;0;0;0;0;0;17;17,0;17;17;17;17;17;17;17;17;17;17;1,000000000000000;1,000000000000000;1,000000000000000;1,000000000000000;1,000000000000000;1,000000000000000;1,000000000000000;1,000000000000000;1,000000000000000;1,000000000000000;1,000000000000000
2021-09-13;alle;1;1,0;1;1;1;1;1;1;1;1;1;1;33;33,0;33;33;33;33;33;33;33;33;33;33;NA;NA;NA;NA;NA;NA;NA;NA;NA;NA;NA
2021-09-12;0-60;1;1,0;1;1;1;1;1;1;1;1;1;1;16;16,0;16;16;16;16;16;16;16;16;16;16;1,000000000000000;1,000000000000000;1,000000000000000;1,000000000000000;1,000000000000000;1,000000000000000;1,000000000000000;1,000000000000000;1,000000000000000;1,000000000000000;1,000000000000000
2021-09-12;60+;0;0,0;0;0;0;0;0;0;0;0;0;0;17;17,0;17;17;17;17;17;17;17;17;17;17;1,000000000000000;1,000000000000000;1,000000000000000;1,000000000000000;1,000000000000000;1,000000000000000;1,000000000000000;1,000000000000000;1,000000000000000;1,000000000000000;1,000000000000000
2021-09-12;alle;1;1,0;1;1;1;1;1;1;1;1;1;1;33;33,0;33;33;33;33;33;33;33;33;33;33;NA;NA;NA;NA;NA;NA;NA;NA;NA;NA;NA
2021-09-11;0-60;2;2,0;2;2;2;2;2;2;2;2;2;2;19;19,0;19;19;19;19;19;19;19;19;19;19;1,000000000000000;1,000000000000000;1,000000000000000;1,000000000000000;1,000000000000000;1,000000000000000;1,000000000000000;1,000000000000000;1,000000000000000;1,000000000000000;1,000000000000000
2021-09-11;60+;3;3,0;3;3;3;3;3;3;3;3;3;3;17;17,0;17;17;17;17;17;17;17;17;17;17;1,000000000000000;1,000000000000000;1,000000000000000;1,000000000000000;1,000000000000000;1,000000000000000;1,000000000000000;1,000000000000000;1,000000000000000;1,000000000000000;1,000000000000000
2021-09-11;alle;5;5,0;5;5;5;5;5;5;5;5;5;5;36;36,0;36;36;36;36;36;36;36;36;36;36;NA;NA;NA;NA;NA;NA;NA;NA;NA;NA;NA
2021-09-10;0-60;2;2,0;2;2;2;2;2;2;2;2;2;2;17;17,0;17;17;17;17;17;17;17;17;17;17;1,000000000000000;1,000000000000000;1,000000000000000;1,000000000000000;1,000000000000000;1,000000000000000;1,000000000000000;1,000000000000000;1,000000000000000;1,000000000000000;1,000000000000000
2021-09-10;60+;5;5,0;5;5;5;5;5;5;5;5;5;5;18;18,0;18;18;18;18;18;18;18;18;18;18;1,000000000000000;1,000000000000000;1,000000000000000;1,000000000000000;1,000000000000000;1,000000000000000;1,000000000000000;1,000000000000000;1,000000000000000;1,000000000000000;1,000000000000000
2021-09-10;alle;7;7,0;7;7;7;7;7;7;7;7;7;7;35;35,0;35;35;35;35;35;35;35;35;35;35;NA;NA;NA;NA;NA;NA;NA;NA;NA;NA;NA
2021-09-09;0-60;3;3,0;3;3;3;3;3;3;3;3;3;3;16;16,0;16;16;16;16;16;16;16;16;16;16;1,000000000000000;1,000000000000000;1,000000000000000;1,000000000000000;1,000000000000000;1,000000000000000;1,000000000000000;1,000000000000000;1,000000000000000;1,000000000000000;1,000000000000000
2021-09-09;60+;1;1,0;1;1;1;1;1;1;1;1;1;1;13;13,0;13;13;13;13;13;13;13;13;13;13;1,000000000000000;1,000000000000000;1,000000000000000;1,000000000000000;1,000000000000000;1,000000000000000;1,000000000000000;1,000000000000000;1,000000000000000;1,000000000000000;1,000000000000000
2021-09-09;alle;4;4,0;4;4;4;4;4;4;4;4;4;4;29;29,0;29;29;29;29;29;29;29;29;29;29;NA;NA;NA;NA;NA;NA;NA;NA;NA;NA;NA
2021-09-08;0-60;5;5,0;5;5;5;5;5;5;5;5;5;5;14;14,0;14;14;14;14;14;14;14;14;14;14;1,000000000000000;1,000000000000000;1,000000000000000;1,000000000000000;1,000000000000000;1,000000000000000;1,000000000000000;1,000000000000000;1,000000000000000;1,000000000000000;1,000000000000000
2021-09-08;60+;5;5,0;5;5;5;5;5;5;5;5;5;5;13;13,0;13;13;13;13;13;13;13;13;13;13;1,000000000000000;1,000000000000000;1,000000000000000;1,000000000000000;1,000000000000000;1,000000000000000;1,000000000000000;1,000000000000000;1,000000000000000;1,000000000000000;1,000000000000000
2021-09-08;alle;10;10,0;10;10;10;10;10;10;10;10;10;10;27;27,0;27;27;27;27;27;27;27;27;27;27;NA;NA;NA;NA;NA;NA;NA;NA;NA;NA;NA
2021-09-07;0-60;2;2,0;2;2;2;2;2;2;2;2;2;2;10;10,0;10;10;10;10;10;10;10;10;10;10;1,000000000000000;1,000000000000000;1,000000000000000;1,000000000000000;1,000000000000000;1,000000000000000;1,000000000000000;1,000000000000000;1,000000000000000;1,000000000000000;1,000000000000000
2021-09-07;60+;3;3,0;3;3;3;3;3;3;3;3;3;3;11;11,0;11;11;11;11;11;11;11;11;11;11;1,000000000000000;1,000000000000000;1,000000000000000;1,000000000000000;1,000000000000000;1,000000000000000;1,000000000000000;1,000000000000000;1,000000000000000;1,000000000000000;1,000000000000000
2021-09-07;alle;5;5,0;5;5;5;5;5;5;5;5;5;5;21;21,0;21;21;21;21;21;21;21;21;21;21;NA;NA;NA;NA;NA;NA;NA;NA;NA;NA;NA
2021-09-06;0-60;1;1,0;1;1;1;1;1;1;1;1;1;1;9;9,0;9;9;9;9;9;9;9;9;9;9;1,000000000000000;1,000000000000000;1,000000000000000;1,000000000000000;1,000000000000000;1,000000000000000;1,000000000000000;1,000000000000000;1,000000000000000;1,000000000000000;1,000000000000000
2021-09-06;60+;0;0,0;0;0;0;0;0;0;0;0;0;0;9;9,0;9;9;9;9;9;9;9;9;9;9;1,000000000000000;1,000000000000000;1,000000000000000;1,000000000000000;1,000000000000000;1,000000000000000;1,000000000000000;1,000000000000000;1,000000000000000;1,000000000000000;1,000000000000000
2021-09-06;alle;1;1,0;1;1;1;1;1;1;1;1;1;1;18;18,0;18;18;18;18;18;18;18;18;18;18;NA;NA;NA;NA;NA;NA;NA;NA;NA;NA;NA
2021-09-05;0-60;4;4,0;4;4;4;4;4;4;4;4;4;4;8;8,0;8;8;8;8;8;8;8;8;8;8;1,000000000000000;1,000000000000000;1,000000000000000;1,000000000000000;1,000000000000000;1,000000000000000;1,000000000000000;1,000000000000000;1,000000000000000;1,000000000000000;1,000000000000000
2021-09-05;60+;0;0,0;0;0;0;0;0;0;0;0;0;0;9;9,0;9;9;9;9;9;9;9;9;9;9;1,000000000000000;1,000000000000000;1,000000000000000;1,000000000000000;1,000000000000000;1,000000000000000;1,000000000000000;1,000000000000000;1,000000000000000;1,000000000000000;1,000000000000000
2021-09-05;alle;4;4,0;4;4;4;4;4;4;4;4;4;4;17;17,0;17;17;17;17;17;17;17;17;17;17;NA;NA;NA;NA;NA;NA;NA;NA;NA;NA;NA
2021-09-04;0-60;0;0,0;0;0;0;0;0;0;0;0;0;0;8;8,0;8;8;8;8;8;8;8;8;8;8;1,000000000000000;1,000000000000000;1,000000000000000;1,000000000000000;1,000000000000000;1,000000000000000;1,000000000000000;1,000000000000000;1,000000000000000;1,000000000000000;1,000000000000000
2021-09-04;60+;4;4,0;4;4;4;4;4;4;4;4;4;4;9;9,0;9;9;9;9;9;9;9;9;9;9;1,000000000000000;1,000000000000000;1,000000000000000;1,000000000000000;1,000000000000000;1,000000000000000;1,000000000000000;1,000000000000000;1,000000000000000;1,000000000000000;1,000000000000000
2021-09-04;alle;4;4,0;4;4;4;4;4;4;4;4;4;4;17;17,0;17;17;17;17;17;17;17;17;17;17;NA;NA;NA;NA;NA;NA;NA;NA;NA;NA;NA
2021-09-03;0-60;1;1,0;1;1;1;1;1;1;1;1;1;1;9;9,0;9;9;9;9;9;9;9;9;9;9;1,000000000000000;1,000000000000000;1,000000000000000;1,000000000000000;1,000000000000000;1,000000000000000;1,000000000000000;1,000000000000000;1,000000000000000;1,000000000000000;1,000000000000000
2021-09-03;60+;0;0,0;0;0;0;0;0;0;0;0;0;0;6;6,0;6;6;6;6;6;6;6;6;6;6;1,000000000000000;1,000000000000000;1,000000000000000;1,000000000000000;1,000000000000000;1,000000000000000;1,000000000000000;1,000000000000000;1,000000000000000;1,000000000000000;1,000000000000000
2021-09-03;alle;1;1,0;1;1;1;1;1;1;1;1;1;1;15;15,0;15;15;15;15;15;15;15;15;15;15;NA;NA;NA;NA;NA;NA;NA;NA;NA;NA;NA
2021-09-02;0-60;1;1,0;1;1;1;1;1;1;1;1;1;1;11;11,0;11;11;11;11;11;11;11;11;11;11;1,000000000000000;1,000000000000000;1,000000000000000;1,000000000000000;1,000000000000000;1,000000000000000;1,000000000000000;1,000000000000000;1,000000000000000;1,000000000000000;1,000000000000000
2021-09-02;60+;1;1,0;1;1;1;1;1;1;1;1;1;1;8;8,0;8;8;8;8;8;8;8;8;8;8;1,000000000000000;1,000000000000000;1,000000000000000;1,000000000000000;1,000000000000000;1,000000000000000;1,000000000000000;1,000000000000000;1,000000000000000;1,000000000000000;1,000000000000000
2021-09-02;alle;2;2,0;2;2;2;2;2;2;2;2;2;2;19;19,0;19;19;19;19;19;19;19;19;19;19;NA;NA;NA;NA;NA;NA;NA;NA;NA;NA;NA
2021-09-01;0-60;1;1,0;1;1;1;1;1;1;1;1;1;1;13;13,0;13;13;13;13;13;13;13;13;13;13;1,000000000000000;1,000000000000000;1,000000000000000;1,000000000000000;1,000000000000000;1,000000000000000;1,000000000000000;1,000000000000000;1,000000000000000;1,000000000000000;1,000000000000000
2021-09-01;60+;3;3,0;3;3;3;3;3;3;3;3;3;3;9;9,0;9;9;9;9;9;9;9;9;9;9;1,000000000000000;1,000000000000000;1,000000000000000;1,000000000000000;1,000000000000000;1,000000000000000;1,000000000000000;1,000000000000000;1,000000000000000;1,000000000000000;1,000000000000000
2021-09-01;alle;4;4,0;4;4;4;4;4;4;4;4;4;4;22;22,0;22;22;22;22;22;22;22;22;22;22;NA;NA;NA;NA;NA;NA;NA;NA;NA;NA;NA
2021-08-31;0-60;1;1,0;1;1;1;1;1;1;1;1;1;1;18;18,0;18;18;18;18;18;18;18;18;18;18;1,000000000000000;1,000000000000000;1,000000000000000;1,000000000000000;1,000000000000000;1,000000000000000;1,000000000000000;1,000000000000000;1,000000000000000;1,000000000000000;1,000000000000000
2021-08-31;60+;1;1,0;1;1;1;1;1;1;1;1;1;1;8;8,0;8;8;8;8;8;8;8;8;8;8;1,000000000000000;1,000000000000000;1,000000000000000;1,000000000000000;1,000000000000000;1,000000000000000;1,000000000000000;1,000000000000000;1,000000000000000;1,000000000000000;1,000000000000000
2021-08-31;alle;2;2,0;2;2;2;2;2;2;2;2;2;2;26;26,0;26;26;26;26;26;26;26;26;26;26;NA;NA;NA;NA;NA;NA;NA;NA;NA;NA;NA
2021-08-30;0-60;0;0,0;0;0;0;0;0;0;0;0;0;0;17;17,0;17;17;17;17;17;17;17;17;17;17;1,000000000000000;1,000000000000000;1,000000000000000;1,000000000000000;1,000000000000000;1,000000000000000;1,000000000000000;1,000000000000000;1,000000000000000;1,000000000000000;1,000000000000000
2021-08-30;60+;0;0,0;0;0;0;0;0;0;0;0;0;0;8;8,0;8;8;8;8;8;8;8;8;8;8;1,000000000000000;1,000000000000000;1,000000000000000;1,000000000000000;1,000000000000000;1,000000000000000;1,000000000000000;1,000000000000000;1,000000000000000;1,000000000000000;1,000000000000000
2021-08-30;alle;0;0,0;0;0;0;0;0;0;0;0;0;0;25;25,0;25;25;25;25;25;25;25;25;25;25;NA;NA;NA;NA;NA;NA;NA;NA;NA;NA;NA
2021-08-29;0-60;4;4,0;4;4;4;4;4;4;4;4;4;4;19;19,0;19;19;19;19;19;19;19;19;19;19;1,000000000000000;1,000000000000000;1,000000000000000;1,000000000000000;1,000000000000000;1,000000000000000;1,000000000000000;1,000000000000000;1,000000000000000;1,000000000000000;1,000000000000000
2021-08-29;60+;0;0,0;0;0;0;0;0;0;0;0;0;0;8;8,0;8;8;8;8;8;8;8;8;8;8;1,000000000000000;1,000000000000000;1,000000000000000;1,000000000000000;1,000000000000000;1,000000000000000;1,000000000000000;1,000000000000000;1,000000000000000;1,000000000000000;1,000000000000000
2021-08-29;alle;4;4,0;4;4;4;4;4;4;4;4;4;4;27;27,0;27;27;27;27;27;27;27;27;27;27;NA;NA;NA;NA;NA;NA;NA;NA;NA;NA;NA
2021-08-28;0-60;1;1,0;1;1;1;1;1;1;1;1;1;1;18;18,0;18;18;18;18;18;18;18;18;18;18;1,000000000000000;1,000000000000000;1,000000000000000;1,000000000000000;1,000000000000000;1,000000000000000;1,000000000000000;1,000000000000000;1,000000000000000;1,000000000000000;1,000000000000000
2021-08-28;60+;1;1,0;1;1;1;1;1;1;1;1;1;1;8;8,0;8;8;8;8;8;8;8;8;8;8;1,000000000000000;1,000000000000000;1,000000000000000;1,000000000000000;1,000000000000000;1,000000000000000;1,000000000000000;1,000000000000000;1,000000000000000;1,000000000000000;1,000000000000000
2021-08-28;alle;2;2,0;2;2;2;2;2;2;2;2;2;2;26;26,0;26;26;26;26;26;26;26;26;26;26;NA;NA;NA;NA;NA;NA;NA;NA;NA;NA;NA
2021-08-27;0-60;3;3,0;3;3;3;3;3;3;3;3;3;3;19;19,0;19;19;19;19;19;19;19;19;19;19;1,000000000000000;1,000000000000000;1,000000000000000;1,000000000000000;1,000000000000000;1,000000000000000;1,000000000000000;1,000000000000000;1,000000000000000;1,000000000000000;1,000000000000000
2021-08-27;60+;2;2,0;2;2;2;2;2;2;2;2;2;2;7;7,0;7;7;7;7;7;7;7;7;7;7;1,000000000000000;1,000000000000000;1,000000000000000;1,000000000000000;1,000000000000000;1,000000000000000;1,000000000000000;1,000000000000000;1,000000000000000;1,000000000000000;1,000000000000000
2021-08-27;alle;5;5,0;5;5;5;5;5;5;5;5;5;5;26;26,0;26;26;26;26;26;26;26;26;26;26;NA;NA;NA;NA;NA;NA;NA;NA;NA;NA;NA
2021-08-26;0-60;3;3,0;3;3;3;3;3;3;3;3;3;3;17;17,0;17;17;17;17;17;17;17;17;17;17;1,000000000000000;1,000000000000000;1,000000000000000;1,000000000000000;1,000000000000000;1,000000000000000;1,000000000000000;1,000000000000000;1,000000000000000;1,000000000000000;1,000000000000000
2021-08-26;60+;2;2,0;2;2;2;2;2;2;2;2;2;2;6;6,0;6;6;6;6;6;6;6;6;6;6;1,000000000000000;1,000000000000000;1,000000000000000;1,000000000000000;1,000000000000000;1,000000000000000;1,000000000000000;1,000000000000000;1,000000000000000;1,000000000000000;1,000000000000000
2021-08-26;alle;5;5,0;5;5;5;5;5;5;5;5;5;5;23;23,0;23;23;23;23;23;23;23;23;23;23;NA;NA;NA;NA;NA;NA;NA;NA;NA;NA;NA
2021-08-25;0-60;6;6,0;6;6;6;6;6;6;6;6;6;6;16;16,0;16;16;16;16;16;16;16;16;16;16;1,000000000000000;1,000000000000000;1,000000000000000;1,000000000000000;1,000000000000000;1,000000000000000;1,000000000000000;1,000000000000000;1,000000000000000;1,000000000000000;1,000000000000000
2021-08-25;60+;2;2,0;2;2;2;2;2;2;2;2;2;2;4;4,0;4;4;4;4;4;4;4;4;4;4;1,000000000000000;1,000000000000000;1,000000000000000;1,000000000000000;1,000000000000000;1,000000000000000;1,000000000000000;1,000000000000000;1,000000000000000;1,000000000000000;1,000000000000000
2021-08-25;alle;8;8,0;8;8;8;8;8;8;8;8;8;8;20;20,0;20;20;20;20;20;20;20;20;20;20;NA;NA;NA;NA;NA;NA;NA;NA;NA;NA;NA
2021-08-24;0-60;0;0,0;0;0;0;0;0;0;0;0;0;0;14;14,0;14;14;14;14;14;14;14;14;14;14;1,000000000000000;1,000000000000000;1,000000000000000;1,000000000000000;1,000000000000000;1,000000000000000;1,000000000000000;1,000000000000000;1,000000000000000;1,000000000000000;1,000000000000000
2021-08-24;60+;1;1,0;1;1;1;1;1;1;1;1;1;1;3;3,0;3;3;3;3;3;3;3;3;3;3;1,000000000000000;1,000000000000000;1,000000000000000;1,000000000000000;1,000000000000000;1,000000000000000;1,000000000000000;1,000000000000000;1,000000000000000;1,000000000000000;1,000000000000000
2021-08-24;alle;1;1,0;1;1;1;1;1;1;1;1;1;1;17;17,0;17;17;17;17;17;17;17;17;17;17;NA;NA;NA;NA;NA;NA;NA;NA;NA;NA;NA
2021-08-23;0-60;2;2,0;2;2;2;2;2;2;2;2;2;2;15;15,0;15;15;15;15;15;15;15;15;15;15;1,000000000000000;1,000000000000000;1,000000000000000;1,000000000000000;1,000000000000000;1,000000000000000;1,000000000000000;1,000000000000000;1,000000000000000;1,000000000000000;1,000000000000000
2021-08-23;60+;0;0,0;0;0;0;0;0;0;0;0;0;0;2;2,0;2;2;2;2;2;2;2;2;2;2;1,000000000000000;1,000000000000000;1,000000000000000;1,000000000000000;1,000000000000000;1,000000000000000;1,000000000000000;1,000000000000000;1,000000000000000;1,000000000000000;1,000000000000000
2021-08-23;alle;2;2,0;2;2;2;2;2;2;2;2;2;2;17;17,0;17;17;17;17;17;17;17;17;17;17;NA;NA;NA;NA;NA;NA;NA;NA;NA;NA;NA
2021-08-22;0-60;3;3,0;3;3;3;3;3;3;3;3;3;3;13;13,0;13;13;13;13;13;13;13;13;13;13;1,000000000000000;1,000000000000000;1,000000000000000;1,000000000000000;1,000000000000000;1,000000000000000;1,000000000000000;1,000000000000000;1,000000000000000;1,000000000000000;1,000000000000000
2021-08-22;60+;0;0,0;0;0;0;0;0;0;0;0;0;0;3;3,0;3;3;3;3;3;3;3;3;3;3;1,000000000000000;1,000000000000000;1,000000000000000;1,000000000000000;1,000000000000000;1,000000000000000;1,000000000000000;1,000000000000000;1,000000000000000;1,000000000000000;1,000000000000000
2021-08-22;alle;3;3,0;3;3;3;3;3;3;3;3;3;3;16;16,0;16;16;16;16;16;16;16;16;16;16;NA;NA;NA;NA;NA;NA;NA;NA;NA;NA;NA
2021-08-21;0-60;2;2,0;2;2;2;2;2;2;2;2;2;2;11;11,0;11;11;11;11;11;11;11;11;11;11;1,000000000000000;1,000000000000000;1,000000000000000;1,000000000000000;1,000000000000000;1,000000000000000;1,000000000000000;1,000000000000000;1,000000000000000;1,000000000000000;1,000000000000000
2021-08-21;60+;0;0,0;0;0;0;0;0;0;0;0;0;0;4;4,0;4;4;4;4;4;4;4;4;4;4;1,000000000000000;1,000000000000000;1,000000000000000;1,000000000000000;1,000000000000000;1,000000000000000;1,000000000000000;1,000000000000000;1,000000000000000;1,000000000000000;1,000000000000000
2021-08-21;alle;2;2,0;2;2;2;2;2;2;2;2;2;2;15;15,0;15;15;15;15;15;15;15;15;15;15;NA;NA;NA;NA;NA;NA;NA;NA;NA;NA;NA
2021-08-20;0-60;1;1,0;1;1;1;1;1;1;1;1;1;1;10;10,0;10;10;10;10;10;10;10;10;10;10;1,000000000000000;1,000000000000000;1,000000000000000;1,000000000000000;1,000000000000000;1,000000000000000;1,000000000000000;1,000000000000000;1,000000000000000;1,000000000000000;1,000000000000000
2021-08-20;60+;1;1,0;1;1;1;1;1;1;1;1;1;1;5;5,0;5;5;5;5;5;5;5;5;5;5;1,000000000000000;1,000000000000000;1,000000000000000;1,000000000000000;1,000000000000000;1,000000000000000;1,000000000000000;1,000000000000000;1,000000000000000;1,000000000000000;1,000000000000000
2021-08-20;alle;2;2,0;2;2;2;2;2;2;2;2;2;2;15;15,0;15;15;15;15;15;15;15;15;15;15;NA;NA;NA;NA;NA;NA;NA;NA;NA;NA;NA
2021-08-19;0-60;2;2,0;2;2;2;2;2;2;2;2;2;2;11;11,0;11;11;11;11;11;11;11;11;11;11;1,000000000000000;1,000000000000000;1,000000000000000;1,000000000000000;1,000000000000000;1,000000000000000;1,000000000000000;1,000000000000000;1,000000000000000;1,000000000000000;1,000000000000000
2021-08-19;60+;0;0,0;0;0;0;0;0;0;0;0;0;0;4;4,0;4;4;4;4;4;4;4;4;4;4;1,000000000000000;1,000000000000000;1,000000000000000;1,000000000000000;1,000000000000000;1,000000000000000;1,000000000000000;1,000000000000000;1,000000000000000;1,000000000000000;1,000000000000000
2021-08-19;alle;2;2,0;2;2;2;2;2;2;2;2;2;2;15;15,0;15;15;15;15;15;15;15;15;15;15;NA;NA;NA;NA;NA;NA;NA;NA;NA;NA;NA
2021-08-18;0-60;4;4,0;4;4;4;4;4;4;4;4;4;4;10;10,0;10;10;10;10;10;10;10;10;10;10;1,000000000000000;1,000000000000000;1,000000000000000;1,000000000000000;1,000000000000000;1,000000000000000;1,000000000000000;1,000000000000000;1,000000000000000;1,000000000000000;1,000000000000000
2021-08-18;60+;1;1,0;1;1;1;1;1;1;1;1;1;1;5;5,0;5;5;5;5;5;5;5;5;5;5;1,000000000000000;1,000000000000000;1,000000000000000;1,000000000000000;1,000000000000000;1,000000000000000;1,000000000000000;1,000000000000000;1,000000000000000;1,000000000000000;1,000000000000000
2021-08-18;alle;5;5,0;5;5;5;5;5;5;5;5;5;5;15;15,0;15;15;15;15;15;15;15;15;15;15;NA;NA;NA;NA;NA;NA;NA;NA;NA;NA;NA
2021-08-17;0-60;1;1,0;1;1;1;1;1;1;1;1;1;1;7;7,0;7;7;7;7;7;7;7;7;7;7;1,000000000000000;1,000000000000000;1,000000000000000;1,000000000000000;1,000000000000000;1,000000000000000;1,000000000000000;1,000000000000000;1,000000000000000;1,000000000000000;1,000000000000000
2021-08-17;60+;0;0,0;0;0;0;0;0;0;0;0;0;0;5;5,0;5;5;5;5;5;5;5;5;5;5;1,000000000000000;1,000000000000000;1,000000000000000;1,000000000000000;1,000000000000000;1,000000000000000;1,000000000000000;1,000000000000000;1,000000000000000;1,000000000000000;1,000000000000000
2021-08-17;alle;1;1,0;1;1;1;1;1;1;1;1;1;1;12;12,0;12;12;12;12;12;12;12;12;12;12;NA;NA;NA;NA;NA;NA;NA;NA;NA;NA;NA
2021-08-16;0-60;0;0,0;0;0;0;0;0;0;0;0;0;0;6;6,0;6;6;6;6;6;6;6;6;6;6;1,000000000000000;1,000000000000000;1,000000000000000;1,000000000000000;1,000000000000000;1,000000000000000;1,000000000000000;1,000000000000000;1,000000000000000;1,000000000000000;1,000000000000000
2021-08-16;60+;1;1,0;1;1;1;1;1;1;1;1;1;1;8;8,0;8;8;8;8;8;8;8;8;8;8;1,000000000000000;1,000000000000000;1,000000000000000;1,000000000000000;1,000000000000000;1,000000000000000;1,000000000000000;1,000000000000000;1,000000000000000;1,000000000000000;1,000000000000000
2021-08-16;alle;1;1,0;1;1;1;1;1;1;1;1;1;1;14;14,0;14;14;14;14;14;14;14;14;14;14;NA;NA;NA;NA;NA;NA;NA;NA;NA;NA;NA
2021-08-15;0-60;1;1,0;1;1;1;1;1;1;1;1;1;1;6;6,0;6;6;6;6;6;6;6;6;6;6;1,000000000000000;1,000000000000000;1,000000000000000;1,000000000000000;1,000000000000000;1,000000000000000;1,000000000000000;1,000000000000000;1,000000000000000;1,000000000000000;1,000000000000000
2021-08-15;60+;1;1,0;1;1;1;1;1;1;1;1;1;1;7;7,0;7;7;7;7;7;7;7;7;7;7;1,000000000000000;1,000000000000000;1,000000000000000;1,000000000000000;1,000000000000000;1,000000000000000;1,000000000000000;1,000000000000000;1,000000000000000;1,000000000000000;1,000000000000000
2021-08-15;alle;2;2,0;2;2;2;2;2;2;2;2;2;2;13;13,0;13;13;13;13;13;13;13;13;13;13;NA;NA;NA;NA;NA;NA;NA;NA;NA;NA;NA
2021-08-14;0-60;1;1,0;1;1;1;1;1;1;1;1;1;1;5;5,0;5;5;5;5;5;5;5;5;5;5;1,000000000000000;1,000000000000000;1,000000000000000;1,000000000000000;1,000000000000000;1,000000000000000;1,000000000000000;1,000000000000000;1,000000000000000;1,000000000000000;1,000000000000000
2021-08-14;60+;1;1,0;1;1;1;1;1;1;1;1;1;1;6;6,0;6;6;6;6;6;6;6;6;6;6;1,000000000000000;1,000000000000000;1,000000000000000;1,000000000000000;1,000000000000000;1,000000000000000;1,000000000000000;1,000000000000000;1,000000000000000;1,000000000000000;1,000000000000000
2021-08-14;alle;2;2,0;2;2;2;2;2;2;2;2;2;2;11;11,0;11;11;11;11;11;11;11;11;11;11;NA;NA;NA;NA;NA;NA;NA;NA;NA;NA;NA
2021-08-13;0-60;2;2,0;2;2;2;2;2;2;2;2;2;2;5;5,0;5;5;5;5;5;5;5;5;5;5;1,000000000000000;1,000000000000000;1,000000000000000;1,000000000000000;1,000000000000000;1,000000000000000;1,000000000000000;1,000000000000000;1,000000000000000;1,000000000000000;1,000000000000000
2021-08-13;60+;0;0,0;0;0;0;0;0;0;0;0;0;0;5;5,0;5;5;5;5;5;5;5;5;5;5;1,000000000000000;1,000000000000000;1,000000000000000;1,000000000000000;1,000000000000000;1,000000000000000;1,000000000000000;1,000000000000000;1,000000000000000;1,000000000000000;1,000000000000000
2021-08-13;alle;2;2,0;2;2;2;2;2;2;2;2;2;2;10;10,0;10;10;10;10;10;10;10;10;10;10;NA;NA;NA;NA;NA;NA;NA;NA;NA;NA;NA
2021-08-12;0-60;1;1,0;1;1;1;1;1;1;1;1;1;1;4;4,0;4;4;4;4;4;4;4;4;4;4;1,000000000000000;1,000000000000000;1,000000000000000;1,000000000000000;1,000000000000000;1,000000000000000;1,000000000000000;1,000000000000000;1,000000000000000;1,000000000000000;1,000000000000000
2021-08-12;60+;1;1,0;1;1;1;1;1;1;1;1;1;1;6;6,0;6;6;6;6;6;6;6;6;6;6;1,000000000000000;1,000000000000000;1,000000000000000;1,000000000000000;1,000000000000000;1,000000000000000;1,000000000000000;1,000000000000000;1,000000000000000;1,000000000000000;1,000000000000000
2021-08-12;alle;2;2,0;2;2;2;2;2;2;2;2;2;2;10;10,0;10;10;10;10;10;10;10;10;10;10;NA;NA;NA;NA;NA;NA;NA;NA;NA;NA;NA
2021-08-11;0-60;1;1,0;1;1;1;1;1;1;1;1;1;1;3;3,0;3;3;3;3;3;3;3;3;3;3;1,000000000000000;1,000000000000000;1,000000000000000;1,000000000000000;1,000000000000000;1,000000000000000;1,000000000000000;1,000000000000000;1,000000000000000;1,000000000000000;1,000000000000000
2021-08-11;60+;1;1,0;1;1;1;1;1;1;1;1;1;1;5;5,0;5;5;5;5;5;5;5;5;5;5;1,000000000000000;1,000000000000000;1,000000000000000;1,000000000000000;1,000000000000000;1,000000000000000;1,000000000000000;1,000000000000000;1,000000000000000;1,000000000000000;1,000000000000000
2021-08-11;alle;2;2,0;2;2;2;2;2;2;2;2;2;2;8;8,0;8;8;8;8;8;8;8;8;8;8;NA;NA;NA;NA;NA;NA;NA;NA;NA;NA;NA
2021-08-10;0-60;0;0,0;0;0;0;0;0;0;0;0;0;0;4;4,0;4;4;4;4;4;4;4;4;4;4;1,000000000000000;1,000000000000000;1,000000000000000;1,000000000000000;1,000000000000000;1,000000000000000;1,000000000000000;1,000000000000000;1,000000000000000;1,000000000000000;1,000000000000000
2021-08-10;60+;3;3,0;3;3;3;3;3;3;3;3;3;3;7;7,0;7;7;7;7;7;7;7;7;7;7;1,000000000000000;1,000000000000000;1,000000000000000;1,000000000000000;1,000000000000000;1,000000000000000;1,000000000000000;1,000000000000000;1,000000000000000;1,000000000000000;1,000000000000000
2021-08-10;alle;3;3,0;3;3;3;3;3;3;3;3;3;3;11;11,0;11;11;11;11;11;11;11;11;11;11;NA;NA;NA;NA;NA;NA;NA;NA;NA;NA;NA
2021-08-09;0-60;0;0,0;0;0;0;0;0;0;0;0;0;0;5;5,0;5;5;5;5;5;5;5;5;5;5;1,000000000000000;1,000000000000000;1,000000000000000;1,000000000000000;1,000000000000000;1,000000000000000;1,000000000000000;1,000000000000000;1,000000000000000;1,000000000000000;1,000000000000000
2021-08-09;60+;0;0,0;0;0;0;0;0;0;0;0;0;0;5;5,0;5;5;5;5;5;5;5;5;5;5;1,000000000000000;1,000000000000000;1,000000000000000;1,000000000000000;1,000000000000000;1,000000000000000;1,000000000000000;1,000000000000000;1,000000000000000;1,000000000000000;1,000000000000000
2021-08-09;alle;0;0,0;0;0;0;0;0;0;0;0;0;0;10;10,0;10;10;10;10;10;10;10;10;10;10;NA;NA;NA;NA;NA;NA;NA;NA;NA;NA;NA
2021-08-08;0-60;0;0,0;0;0;0;0;0;0;0;0;0;0;6;6,0;6;6;6;6;6;6;6;6;6;6;1,000000000000000;1,000000000000000;1,000000000000000;1,000000000000000;1,000000000000000;1,000000000000000;1,000000000000000;1,000000000000000;1,000000000000000;1,000000000000000;1,000000000000000
2021-08-08;60+;0;0,0;0;0;0;0;0;0;0;0;0;0;5;5,0;5;5;5;5;5;5;5;5;5;5;1,000000000000000;1,000000000000000;1,000000000000000;1,000000000000000;1,000000000000000;1,000000000000000;1,000000000000000;1,000000000000000;1,000000000000000;1,000000000000000;1,000000000000000
2021-08-08;alle;0;0,0;0;0;0;0;0;0;0;0;0;0;11;11,0;11;11;11;11;11;11;11;11;11;11;NA;NA;NA;NA;NA;NA;NA;NA;NA;NA;NA
2021-08-07;0-60;1;1,0;1;1;1;1;1;1;1;1;1;1;6;6,0;6;6;6;6;6;6;6;6;6;6;1,000000000000000;1,000000000000000;1,000000000000000;1,000000000000000;1,000000000000000;1,000000000000000;1,000000000000000;1,000000000000000;1,000000000000000;1,000000000000000;1,000000000000000
2021-08-07;60+;0;0,0;0;0;0;0;0;0;0;0;0;0;5;5,0;5;5;5;5;5;5;5;5;5;5;1,000000000000000;1,000000000000000;1,000000000000000;1,000000000000000;1,000000000000000;1,000000000000000;1,000000000000000;1,000000000000000;1,000000000000000;1,000000000000000;1,000000000000000
2021-08-07;alle;1;1,0;1;1;1;1;1;1;1;1;1;1;11;11,0;11;11;11;11;11;11;11;11;11;11;NA;NA;NA;NA;NA;NA;NA;NA;NA;NA;NA
2021-08-06;0-60;1;1,0;1;1;1;1;1;1;1;1;1;1;6;6,0;6;6;6;6;6;6;6;6;6;6;1,000000000000000;1,000000000000000;1,000000000000000;1,000000000000000;1,000000000000000;1,000000000000000;1,000000000000000;1,000000000000000;1,000000000000000;1,000000000000000;1,000000000000000
2021-08-06;60+;1;1,0;1;1;1;1;1;1;1;1;1;1;8;8,0;8;8;8;8;8;8;8;8;8;8;1,000000000000000;1,000000000000000;1,000000000000000;1,000000000000000;1,000000000000000;1,000000000000000;1,000000000000000;1,000000000000000;1,000000000000000;1,000000000000000;1,000000000000000
2021-08-06;alle;2;2,0;2;2;2;2;2;2;2;2;2;2;14;14,0;14;14;14;14;14;14;14;14;14;14;NA;NA;NA;NA;NA;NA;NA;NA;NA;NA;NA
2021-08-05;0-60;0;0,0;0;0;0;0;0;0;0;0;0;0;5;5,0;5;5;5;5;5;5;5;5;5;5;1,000000000000000;1,000000000000000;1,000000000000000;1,000000000000000;1,000000000000000;1,000000000000000;1,000000000000000;1,000000000000000;1,000000000000000;1,000000000000000;1,000000000000000
2021-08-05;60+;0;0,0;0;0;0;0;0;0;0;0;0;0;7;7,0;7;7;7;7;7;7;7;7;7;7;1,000000000000000;1,000000000000000;1,000000000000000;1,000000000000000;1,000000000000000;1,000000000000000;1,000000000000000;1,000000000000000;1,000000000000000;1,000000000000000;1,000000000000000
2021-08-05;alle;0;0,0;0;0;0;0;0;0;0;0;0;0;12;12,0;12;12;12;12;12;12;12;12;12;12;NA;NA;NA;NA;NA;NA;NA;NA;NA;NA;NA
2021-08-04;0-60;2;2,0;2;2;2;2;2;2;2;2;2;2;7;7,0;7;7;7;7;7;7;7;7;7;7;1,000000000000000;1,000000000000000;1,000000000000000;1,000000000000000;1,000000000000000;1,000000000000000;1,000000000000000;1,000000000000000;1,000000000000000;1,000000000000000;1,000000000000000
2021-08-04;60+;3;3,0;3;3;3;3;3;3;3;3;3;3;8;8,0;8;8;8;8;8;8;8;8;8;8;1,000000000000000;1,000000000000000;1,000000000000000;1,000000000000000;1,000000000000000;1,000000000000000;1,000000000000000;1,000000000000000;1,000000000000000;1,000000000000000;1,000000000000000
2021-08-04;alle;5;5,0;5;5;5;5;5;5;5;5;5;5;15;15,0;15;15;15;15;15;15;15;15;15;15;NA;NA;NA;NA;NA;NA;NA;NA;NA;NA;NA
2021-08-03;0-60;1;1,0;1;1;1;1;1;1;1;1;1;1;5;5,0;5;5;5;5;5;5;5;5;5;5;1,000000000000000;1,000000000000000;1,000000000000000;1,000000000000000;1,000000000000000;1,000000000000000;1,000000000000000;1,000000000000000;1,000000000000000;1,000000000000000;1,000000000000000
2021-08-03;60+;1;1,0;1;1;1;1;1;1;1;1;1;1;8;8,0;8;8;8;8;8;8;8;8;8;8;1,000000000000000;1,000000000000000;1,000000000000000;1,000000000000000;1,000000000000000;1,000000000000000;1,000000000000000;1,000000000000000;1,000000000000000;1,000000000000000;1,000000000000000
2021-08-03;alle;2;2,0;2;2;2;2;2;2;2;2;2;2;13;13,0;13;13;13;13;13;13;13;13;13;13;NA;NA;NA;NA;NA;NA;NA;NA;NA;NA;NA
2021-08-02;0-60;1;1,0;1;1;1;1;1;1;1;1;1;1;5;5,0;5;5;5;5;5;5;5;5;5;5;1,000000000000000;1,000000000000000;1,000000000000000;1,000000000000000;1,000000000000000;1,000000000000000;1,000000000000000;1,000000000000000;1,000000000000000;1,000000000000000;1,000000000000000
2021-08-02;60+;0;0,0;0;0;0;0;0;0;0;0;0;0;7;7,0;7;7;7;7;7;7;7;7;7;7;1,000000000000000;1,000000000000000;1,000000000000000;1,000000000000000;1,000000000000000;1,000000000000000;1,000000000000000;1,000000000000000;1,000000000000000;1,000000000000000;1,000000000000000
2021-08-02;alle;1;1,0;1;1;1;1;1;1;1;1;1;1;12;12,0;12;12;12;12;12;12;12;12;12;12;NA;NA;NA;NA;NA;NA;NA;NA;NA;NA;NA
2021-08-01;0-60;0;0,0;0;0;0;0;0;0;0;0;0;0;4;4,0;4;4;4;4;4;4;4;4;4;4;1,000000000000000;1,000000000000000;1,000000000000000;1,000000000000000;1,000000000000000;1,000000000000000;1,000000000000000;1,000000000000000;1,000000000000000;1,000000000000000;1,000000000000000
2021-08-01;60+;0;0,0;0;0;0;0;0;0;0;0;0;0;7;7,0;7;7;7;7;7;7;7;7;7;7;1,000000000000000;1,000000000000000;1,000000000000000;1,000000000000000;1,000000000000000;1,000000000000000;1,000000000000000;1,000000000000000;1,000000000000000;1,000000000000000;1,000000000000000
2021-08-01;alle;0;0,0;0;0;0;0;0;0;0;0;0;0;11;11,0;11;11;11;11;11;11;11;11;11;11;NA;NA;NA;NA;NA;NA;NA;NA;NA;NA;NA
2021-07-31;0-60;1;1,0;1;1;1;1;1;1;1;1;1;1;4;4,0;4;4;4;4;4;4;4;4;4;4;1,000000000000000;1,000000000000000;1,000000000000000;1,000000000000000;1,000000000000000;1,000000000000000;1,000000000000000;1,000000000000000;1,000000000000000;1,000000000000000;1,000000000000000
2021-07-31;60+;3;3,0;3;3;3;3;3;3;3;3;3;3;7;7,0;7;7;7;7;7;7;7;7;7;7;1,000000000000000;1,000000000000000;1,000000000000000;1,000000000000000;1,000000000000000;1,000000000000000;1,000000000000000;1,000000000000000;1,000000000000000;1,000000000000000;1,000000000000000
2021-07-31;alle;4;4,0;4;4;4;4;4;4;4;4;4;4;11;11,0;11;11;11;11;11;11;11;11;11;11;NA;NA;NA;NA;NA;NA;NA;NA;NA;NA;NA
2021-07-30;0-60;0;0,0;0;0;0;0;0;0;0;0;0;0;4;4,0;4;4;4;4;4;4;4;4;4;4;1,000000000000000;1,000000000000000;1,000000000000000;1,000000000000000;1,000000000000000;1,000000000000000;1,000000000000000;1,000000000000000;1,000000000000000;1,000000000000000;1,000000000000000
2021-07-30;60+;0;0,0;0;0;0;0;0;0;0;0;0;0;5;5,0;5;5;5;5;5;5;5;5;5;5;1,000000000000000;1,000000000000000;1,000000000000000;1,000000000000000;1,000000000000000;1,000000000000000;1,000000000000000;1,000000000000000;1,000000000000000;1,000000000000000;1,000000000000000
2021-07-30;alle;0;0,0;0;0;0;0;0;0;0;0;0;0;9;9,0;9;9;9;9;9;9;9;9;9;9;NA;NA;NA;NA;NA;NA;NA;NA;NA;NA;NA
2021-07-29;0-60;2;2,0;2;2;2;2;2;2;2;2;2;2;4;4,0;4;4;4;4;4;4;4;4;4;4;1,000000000000000;1,000000000000000;1,000000000000000;1,000000000000000;1,000000000000000;1,000000000000000;1,000000000000000;1,000000000000000;1,000000000000000;1,000000000000000;1,000000000000000
2021-07-29;60+;1;1,0;1;1;1;1;1;1;1;1;1;1;6;6,0;6;6;6;6;6;6;6;6;6;6;1,000000000000000;1,000000000000000;1,000000000000000;1,000000000000000;1,000000000000000;1,000000000000000;1,000000000000000;1,000000000000000;1,000000000000000;1,000000000000000;1,000000000000000
2021-07-29;alle;3;3,0;3;3;3;3;3;3;3;3;3;3;10;10,0;10;10;10;10;10;10;10;10;10;10;NA;NA;NA;NA;NA;NA;NA;NA;NA;NA;NA
2021-07-28;0-60;0;0,0;0;0;0;0;0;0;0;0;0;0;2;2,0;2;2;2;2;2;2;2;2;2;2;1,000000000000000;1,000000000000000;1,000000000000000;1,000000000000000;1,000000000000000;1,000000000000000;1,000000000000000;1,000000000000000;1,000000000000000;1,000000000000000;1,000000000000000
2021-07-28;60+;3;3,0;3;3;3;3;3;3;3;3;3;3;5;5,0;5;5;5;5;5;5;5;5;5;5;1,000000000000000;1,000000000000000;1,000000000000000;1,000000000000000;1,000000000000000;1,000000000000000;1,000000000000000;1,000000000000000;1,000000000000000;1,000000000000000;1,000000000000000
2021-07-28;alle;3;3,0;3;3;3;3;3;3;3;3;3;3;7;7,0;7;7;7;7;7;7;7;7;7;7;NA;NA;NA;NA;NA;NA;NA;NA;NA;NA;NA
2021-07-27;0-60;1;1,0;1;1;1;1;1;1;1;1;1;1;3;3,0;3;3;3;3;3;3;3;3;3;3;1,000000000000000;1,000000000000000;1,000000000000000;1,000000000000000;1,000000000000000;1,000000000000000;1,000000000000000;1,000000000000000;1,000000000000000;1,000000000000000;1,000000000000000
2021-07-27;60+;0;0,0;0;0;0;0;0;0;0;0;0;0;2;2,0;2;2;2;2;2;2;2;2;2;2;1,000000000000000;1,000000000000000;1,000000000000000;1,000000000000000;1,000000000000000;1,000000000000000;1,000000000000000;1,000000000000000;1,000000000000000;1,000000000000000;1,000000000000000
2021-07-27;alle;1;1,0;1;1;1;1;1;1;1;1;1;1;5;5,0;5;5;5;5;5;5;5;5;5;5;NA;NA;NA;NA;NA;NA;NA;NA;NA;NA;NA
2021-07-26;0-60;0;0,0;0;0;0;0;0;0;0;0;0;0;2;2,0;2;2;2;2;2;2;2;2;2;2;1,000000000000000;1,000000000000000;1,000000000000000;1,000000000000000;1,000000000000000;1,000000000000000;1,000000000000000;1,000000000000000;1,000000000000000;1,000000000000000;1,000000000000000
2021-07-26;60+;0;0,0;0;0;0;0;0;0;0;0;0;0;2;2,0;2;2;2;2;2;2;2;2;2;2;1,000000000000000;1,000000000000000;1,000000000000000;1,000000000000000;1,000000000000000;1,000000000000000;1,000000000000000;1,000000000000000;1,000000000000000;1,000000000000000;1,000000000000000
2021-07-26;alle;0;0,0;0;0;0;0;0;0;0;0;0;0;4;4,0;4;4;4;4;4;4;4;4;4;4;NA;NA;NA;NA;NA;NA;NA;NA;NA;NA;NA
2021-07-25;0-60;0;0,0;0;0;0;0;0;0;0;0;0;0;2;2,0;2;2;2;2;2;2;2;2;2;2;1,000000000000000;1,000000000000000;1,000000000000000;1,000000000000000;1,000000000000000;1,000000000000000;1,000000000000000;1,000000000000000;1,000000000000000;1,000000000000000;1,000000000000000
2021-07-25;60+;0;0,0;0;0;0;0;0;0;0;0;0;0;2;2,0;2;2;2;2;2;2;2;2;2;2;1,000000000000000;1,000000000000000;1,000000000000000;1,000000000000000;1,000000000000000;1,000000000000000;1,000000000000000;1,000000000000000;1,000000000000000;1,000000000000000;1,000000000000000
2021-07-25;alle;0;0,0;0;0;0;0;0;0;0;0;0;0;4;4,0;4;4;4;4;4;4;4;4;4;4;NA;NA;NA;NA;NA;NA;NA;NA;NA;NA;NA
2021-07-24;0-60;1;1,0;1;1;1;1;1;1;1;1;1;1;3;3,0;3;3;3;3;3;3;3;3;3;3;1,000000000000000;1,000000000000000;1,000000000000000;1,000000000000000;1,000000000000000;1,000000000000000;1,000000000000000;1,000000000000000;1,000000000000000;1,000000000000000;1,000000000000000
2021-07-24;60+;1;1,0;1;1;1;1;1;1;1;1;1;1;2;2,0;2;2;2;2;2;2;2;2;2;2;1,000000000000000;1,000000000000000;1,000000000000000;1,000000000000000;1,000000000000000;1,000000000000000;1,000000000000000;1,000000000000000;1,000000000000000;1,000000000000000;1,000000000000000
2021-07-24;alle;2;2,0;2;2;2;2;2;2;2;2;2;2;5;5,0;5;5;5;5;5;5;5;5;5;5;NA;NA;NA;NA;NA;NA;NA;NA;NA;NA;NA
2021-07-23;0-60;0;0,0;0;0;0;0;0;0;0;0;0;0;2;2,0;2;2;2;2;2;2;2;2;2;2;1,000000000000000;1,000000000000000;1,000000000000000;1,000000000000000;1,000000000000000;1,000000000000000;1,000000000000000;1,000000000000000;1,000000000000000;1,000000000000000;1,000000000000000
2021-07-23;60+;1;1,0;1;1;1;1;1;1;1;1;1;1;1;1,0;1;1;1;1;1;1;1;1;1;1;1,000000000000000;1,000000000000000;1,000000000000000;1,000000000000000;1,000000000000000;1,000000000000000;1,000000000000000;1,000000000000000;1,000000000000000;1,000000000000000;1,000000000000000
2021-07-23;alle;1;1,0;1;1;1;1;1;1;1;1;1;1;3;3,0;3;3;3;3;3;3;3;3;3;3;NA;NA;NA;NA;NA;NA;NA;NA;NA;NA;NA
2021-07-22;0-60;0;0,0;0;0;0;0;0;0;0;0;0;0;2;2,0;2;2;2;2;2;2;2;2;2;2;1,000000000000000;1,000000000000000;1,000000000000000;1,000000000000000;1,000000000000000;1,000000000000000;1,000000000000000;1,000000000000000;1,000000000000000;1,000000000000000;1,000000000000000
2021-07-22;60+;0;0,0;0;0;0;0;0;0;0;0;0;0;0;0,0;0;0;0;0;0;NA;NA;NA;NA;NA;1,000000000000000;1,000000000000000;1,000000000000000;1,000000000000000;1,000000000000000;1,000000000000000;1,000000000000000;1,000000000000000;1,000000000000000;1,000000000000000;1,000000000000000
2021-07-22;alle;0;0,0;0;0;0;0;0;0;0;0;0;0;2;2,0;2;2;2;2;2;2;2;2;2;2;NA;NA;NA;NA;NA;NA;NA;NA;NA;NA;NA
2021-07-21;0-60;1;1,0;1;1;1;1;1;1;1;1;1;1;2;2,0;2;2;2;2;2;2;2;2;2;2;1,000000000000000;1,000000000000000;1,000000000000000;1,000000000000000;1,000000000000000;1,000000000000000;1,000000000000000;1,000000000000000;1,000000000000000;1,000000000000000;1,000000000000000
2021-07-21;60+;0;0,0;0;0;0;0;0;0;0;0;0;0;1;1,0;1;1;1;1;1;1;1;1;1;1;1,000000000000000;1,000000000000000;1,000000000000000;1,000000000000000;1,000000000000000;1,000000000000000;1,000000000000000;1,000000000000000;1,000000000000000;1,000000000000000;1,000000000000000
2021-07-21;alle;1;1,0;1;1;1;1;1;1;1;1;1;1;3;3,0;3;3;3;3;3;3;3;3;3;3;NA;NA;NA;NA;NA;NA;NA;NA;NA;NA;NA
2021-07-20;0-60;0;0,0;0;0;0;0;0;0;0;0;0;0;2;2,0;2;2;2;2;2;2;2;2;2;2;1,000000000000000;1,000000000000000;1,000000000000000;1,000000000000000;1,000000000000000;1,000000000000000;1,000000000000000;1,000000000000000;1,000000000000000;1,000000000000000;1,000000000000000
2021-07-20;60+;0;0,0;0;0;0;0;0;0;0;0;0;0;1;1,0;1;1;1;1;1;1;1;1;1;1;1,000000000000000;1,000000000000000;1,000000000000000;1,000000000000000;1,000000000000000;1,000000000000000;1,000000000000000;1,000000000000000;1,000000000000000;1,000000000000000;1,000000000000000
2021-07-20;alle;0;0,0;0;0;0;0;0;0;0;0;0;0;3;3,0;3;3;3;3;3;3;3;3;3;3;NA;NA;NA;NA;NA;NA;NA;NA;NA;NA;NA
2021-07-19;0-60;0;0,0;0;0;0;0;0;0;0;0;0;0;2;2,0;2;2;2;2;2;2;2;2;2;2;1,000000000000000;1,000000000000000;1,000000000000000;1,000000000000000;1,000000000000000;1,000000000000000;1,000000000000000;1,000000000000000;1,000000000000000;1,000000000000000;1,000000000000000
2021-07-19;60+;0;0,0;0;0;0;0;0;0;0;0;0;0;1;1,0;1;1;1;1;1;1;1;1;1;1;1,000000000000000;1,000000000000000;1,000000000000000;1,000000000000000;1,000000000000000;1,000000000000000;1,000000000000000;1,000000000000000;1,000000000000000;1,000000000000000;1,000000000000000
2021-07-19;alle;0;0,0;0;0;0;0;0;0;0;0;0;0;3;3,0;3;3;3;3;3;3;3;3;3;3;NA;NA;NA;NA;NA;NA;NA;NA;NA;NA;NA
2021-07-18;0-60;1;1,0;1;1;1;1;1;1;1;1;1;1;2;2,0;2;2;2;2;2;2;2;2;2;2;1,000000000000000;1,000000000000000;1,000000000000000;1,000000000000000;1,000000000000000;1,000000000000000;1,000000000000000;1,000000000000000;1,000000000000000;1,000000000000000;1,000000000000000
2021-07-18;60+;0;0,0;0;0;0;0;0;0;0;0;0;0;1;1,0;1;1;1;1;1;1;1;1;1;1;1,000000000000000;1,000000000000000;1,000000000000000;1,000000000000000;1,000000000000000;1,000000000000000;1,000000000000000;1,000000000000000;1,000000000000000;1,000000000000000;1,000000000000000
2021-07-18;alle;1;1,0;1;1;1;1;1;1;1;1;1;1;3;3,0;3;3;3;3;3;3;3;3;3;3;NA;NA;NA;NA;NA;NA;NA;NA;NA;NA;NA
2021-07-17;0-60;0;0,0;0;0;0;0;0;0;0;0;0;0;2;2,0;2;2;2;2;2;2;2;2;2;2;1,000000000000000;1,000000000000000;1,000000000000000;1,000000000000000;1,000000000000000;1,000000000000000;1,000000000000000;1,000000000000000;1,000000000000000;1,000000000000000;1,000000000000000
2021-07-17;60+;0;0,0;0;0;0;0;0;0;0;0;0;0;1;1,0;1;1;1;1;1;1;1;1;1;1;1,000000000000000;1,000000000000000;1,000000000000000;1,000000000000000;1,000000000000000;1,000000000000000;1,000000000000000;1,000000000000000;1,000000000000000;1,000000000000000;1,000000000000000
2021-07-17;alle;0;0,0;0;0;0;0;0;0;0;0;0;0;3;3,0;3;3;3;3;3;3;3;3;3;3;NA;NA;NA;NA;NA;NA;NA;NA;NA;NA;NA
2021-07-16;0-60;0;0,0;0;0;0;0;0;0;0;0;0;0;2;2,0;2;2;2;2;2;2;2;2;2;2;1,000000000000000;1,000000000000000;1,000000000000000;1,000000000000000;1,000000000000000;1,000000000000000;1,000000000000000;1,000000000000000;1,000000000000000;1,000000000000000;1,000000000000000
2021-07-16;60+;0;0,0;0;0;0;0;0;0;0;0;0;0;1;1,0;1;1;1;1;1;1;1;1;1;1;1,000000000000000;1,000000000000000;1,000000000000000;1,000000000000000;1,000000000000000;1,000000000000000;1,000000000000000;1,000000000000000;1,000000000000000;1,000000000000000;1,000000000000000
2021-07-16;alle;0;0,0;0;0;0;0;0;0;0;0;0;0;3;3,0;3;3;3;3;3;3;3;3;3;3;NA;NA;NA;NA;NA;NA;NA;NA;NA;NA;NA
2021-07-15;0-60;0;0,0;0;0;0;0;0;0;0;0;0;0;2;2,0;2;2;2;2;2;2;2;2;2;2;1,000000000000000;1,000000000000000;1,000000000000000;1,000000000000000;1,000000000000000;1,000000000000000;1,000000000000000;1,000000000000000;1,000000000000000;1,000000000000000;1,000000000000000
2021-07-15;60+;1;1,0;1;1;1;1;1;1;1;1;1;1;1;1,0;1;1;1;1;1;1;1;1;1;1;1,000000000000000;1,000000000000000;1,000000000000000;1,000000000000000;1,000000000000000;1,000000000000000;1,000000000000000;1,000000000000000;1,000000000000000;1,000000000000000;1,000000000000000
2021-07-15;alle;1;1,0;1;1;1;1;1;1;1;1;1;1;3;3,0;3;3;3;3;3;3;3;3;3;3;NA;NA;NA;NA;NA;NA;NA;NA;NA;NA;NA
2021-07-14;0-60;1;1,0;1;1;1;1;1;1;1;1;1;1;2;2,0;2;2;2;2;2;2;2;2;2;2;1,000000000000000;1,000000000000000;1,000000000000000;1,000000000000000;1,000000000000000;1,000000000000000;1,000000000000000;1,000000000000000;1,000000000000000;1,000000000000000;1,000000000000000
2021-07-14;60+;0;0,0;0;0;0;0;0;0;0;0;0;0;0;0,0;0;0;0;0;0;NA;NA;NA;NA;NA;1,000000000000000;1,000000000000000;1,000000000000000;1,000000000000000;1,000000000000000;1,000000000000000;1,000000000000000;1,000000000000000;1,000000000000000;1,000000000000000;1,000000000000000
2021-07-14;alle;1;1,0;1;1;1;1;1;1;1;1;1;1;2;2,0;2;2;2;2;2;2;2;2;2;2;NA;NA;NA;NA;NA;NA;NA;NA;NA;NA;NA
2021-07-13;0-60;0;0,0;0;0;0;0;0;0;0;0;0;0;1;1,0;1;1;1;1;1;1;1;1;1;1;1,000000000000000;1,000000000000000;1,000000000000000;1,000000000000000;1,000000000000000;1,000000000000000;1,000000000000000;1,000000000000000;1,000000000000000;1,000000000000000;1,000000000000000
2021-07-13;60+;0;0,0;0;0;0;0;0;0;0;0;0;0;0;0,0;0;0;0;0;0;NA;NA;NA;NA;NA;1,000000000000000;1,000000000000000;1,000000000000000;1,000000000000000;1,000000000000000;1,000000000000000;1,000000000000000;1,000000000000000;1,000000000000000;1,000000000000000;1,000000000000000
2021-07-13;alle;0;0,0;0;0;0;0;0;0;0;0;0;0;1;1,0;1;1;1;1;1;1;1;1;1;1;NA;NA;NA;NA;NA;NA;NA;NA;NA;NA;NA
2021-07-12;0-60;0;0,0;0;0;0;0;0;0;0;0;0;0;2;2,0;2;2;2;2;2;2;2;2;2;2;1,000000000000000;1,000000000000000;1,000000000000000;1,000000000000000;1,000000000000000;1,000000000000000;1,000000000000000;1,000000000000000;1,000000000000000;1,000000000000000;1,000000000000000
2021-07-12;60+;0;0,0;0;0;0;0;0;0;0;0;0;0;0;0,0;0;0;0;0;0;NA;NA;NA;NA;NA;1,000000000000000;1,000000000000000;1,000000000000000;1,000000000000000;1,000000000000000;1,000000000000000;1,000000000000000;1,000000000000000;1,000000000000000;1,000000000000000;1,000000000000000
2021-07-12;alle;0;0,0;0;0;0;0;0;0;0;0;0;0;2;2,0;2;2;2;2;2;2;2;2;2;2;NA;NA;NA;NA;NA;NA;NA;NA;NA;NA;NA
2021-07-11;0-60;1;1,0;1;1;1;1;1;1;1;1;1;1;2;2,0;2;2;2;2;2;2;2;2;2;2;1,000000000000000;1,000000000000000;1,000000000000000;1,000000000000000;1,000000000000000;1,000000000000000;1,000000000000000;1,000000000000000;1,000000000000000;1,000000000000000;1,000000000000000
2021-07-11;60+;0;0,0;0;0;0;0;0;0;0;0;0;0;0;0,0;0;0;0;0;0;NA;NA;NA;NA;NA;1,000000000000000;1,000000000000000;1,000000000000000;1,000000000000000;1,000000000000000;1,000000000000000;1,000000000000000;1,000000000000000;1,000000000000000;1,000000000000000;1,000000000000000
2021-07-11;alle;1;1,0;1;1;1;1;1;1;1;1;1;1;2;2,0;2;2;2;2;2;2;2;2;2;2;NA;NA;NA;NA;NA;NA;NA;NA;NA;NA;NA
2021-07-10;0-60;0;0,0;0;0;0;0;0;0;0;0;0;0;1;1,0;1;1;1;1;1;1;1;1;1;1;1,000000000000000;1,000000000000000;1,000000000000000;1,000000000000000;1,000000000000000;1,000000000000000;1,000000000000000;1,000000000000000;1,000000000000000;1,000000000000000;1,000000000000000
2021-07-10;60+;0;0,0;0;0;0;0;0;0;0;0;0;0;0;0,0;0;0;0;0;0;NA;NA;NA;NA;NA;1,000000000000000;1,000000000000000;1,000000000000000;1,000000000000000;1,000000000000000;1,000000000000000;1,000000000000000;1,000000000000000;1,000000000000000;1,000000000000000;1,000000000000000
2021-07-10;alle;0;0,0;0;0;0;0;0;0;0;0;0;0;1;1,0;1;1;1;1;1;1;1;1;1;1;NA;NA;NA;NA;NA;NA;NA;NA;NA;NA;NA
2021-07-09;0-60;0;0,0;0;0;0;0;0;0;0;0;0;0;1;1,0;1;1;1;1;1;1;1;1;1;1;1,000000000000000;1,000000000000000;1,000000000000000;1,000000000000000;1,000000000000000;1,000000000000000;1,000000000000000;1,000000000000000;1,000000000000000;1,000000000000000;1,000000000000000
2021-07-09;60+;0;0,0;0;0;0;0;0;0;0;0;0;0;0;0,0;0;0;0;0;0;NA;NA;NA;NA;NA;1,000000000000000;1,000000000000000;1,000000000000000;1,000000000000000;1,000000000000000;1,000000000000000;1,000000000000000;1,000000000000000;1,000000000000000;1,000000000000000;1,000000000000000
2021-07-09;alle;0;0,0;0;0;0;0;0;0;0;0;0;0;1;1,0;1;1;1;1;1;1;1;1;1;1;NA;NA;NA;NA;NA;NA;NA;NA;NA;NA;NA
2021-07-08;0-60;0;0,0;0;0;0;0;0;0;0;0;0;0;1;1,0;1;1;1;1;1;1;1;1;1;1;1,000000000000000;1,000000000000000;1,000000000000000;1,000000000000000;1,000000000000000;1,000000000000000;1,000000000000000;1,000000000000000;1,000000000000000;1,000000000000000;1,000000000000000
2021-07-08;60+;0;0,0;0;0;0;0;0;0;0;0;0;0;0;0,0;0;0;0;0;0;NA;NA;NA;NA;NA;1,000000000000000;1,000000000000000;1,000000000000000;1,000000000000000;1,000000000000000;1,000000000000000;1,000000000000000;1,000000000000000;1,000000000000000;1,000000000000000;1,000000000000000
2021-07-08;alle;0;0,0;0;0;0;0;0;0;0;0;0;0;1;1,0;1;1;1;1;1;1;1;1;1;1;NA;NA;NA;NA;NA;NA;NA;NA;NA;NA;NA
2021-07-07;0-60;0;0,0;0;0;0;0;0;0;0;0;0;0;2;2,0;2;2;2;2;2;2;2;2;2;2;1,000000000000000;1,000000000000000;1,000000000000000;1,000000000000000;1,000000000000000;1,000000000000000;1,000000000000000;1,000000000000000;1,000000000000000;1,000000000000000;1,000000000000000
2021-07-07;60+;0;0,0;0;0;0;0;0;0;0;0;0;0;0;0,0;0;0;0;0;0;NA;NA;NA;NA;NA;1,000000000000000;1,000000000000000;1,000000000000000;1,000000000000000;1,000000000000000;1,000000000000000;1,000000000000000;1,000000000000000;1,000000000000000;1,000000000000000;1,000000000000000
2021-07-07;alle;0;0,0;0;0;0;0;0;0;0;0;0;0;2;2,0;2;2;2;2;2;2;2;2;2;2;NA;NA;NA;NA;NA;NA;NA;NA;NA;NA;NA
2021-07-06;0-60;1;1,0;1;1;1;1;1;1;1;1;1;1;2;2,0;2;2;2;2;2;2;2;2;2;2;1,000000000000000;1,000000000000000;1,000000000000000;1,000000000000000;1,000000000000000;1,000000000000000;1,000000000000000;1,000000000000000;1,000000000000000;1,000000000000000;1,000000000000000
2021-07-06;60+;0;0,0;0;0;0;0;0;0;0;0;0;0;0;0,0;0;0;0;0;0;NA;NA;NA;NA;NA;1,000000000000000;1,000000000000000;1,000000000000000;1,000000000000000;1,000000000000000;1,000000000000000;1,000000000000000;1,000000000000000;1,000000000000000;1,000000000000000;1,000000000000000
2021-07-06;alle;1;1,0;1;1;1;1;1;1;1;1;1;1;2;2,0;2;2;2;2;2;2;2;2;2;2;NA;NA;NA;NA;NA;NA;NA;NA;NA;NA;NA
2021-07-05;0-60;0;0,0;0;0;0;0;0;0;0;0;0;0;4;4,0;4;4;4;4;4;4;4;4;4;4;1,000000000000000;1,000000000000000;1,000000000000000;1,000000000000000;1,000000000000000;1,000000000000000;1,000000000000000;1,000000000000000;1,000000000000000;1,000000000000000;1,000000000000000
2021-07-05;60+;0;0,0;0;0;0;0;0;0;0;0;0;0;0;0,0;0;0;0;0;0;NA;NA;NA;NA;NA;1,000000000000000;1,000000000000000;1,000000000000000;1,000000000000000;1,000000000000000;1,000000000000000;1,000000000000000;1,000000000000000;1,000000000000000;1,000000000000000;1,000000000000000
2021-07-05;alle;0;0,0;0;0;0;0;0;0;0;0;0;0;4;4,0;4;4;4;4;4;4;4;4;4;4;NA;NA;NA;NA;NA;NA;NA;NA;NA;NA;NA
2021-07-04;0-60;0;0,0;0;0;0;0;0;0;0;0;0;0;4;4,0;4;4;4;4;4;4;4;4;4;4;1,000000000000000;1,000000000000000;1,000000000000000;1,000000000000000;1,000000000000000;1,000000000000000;1,000000000000000;1,000000000000000;1,000000000000000;1,000000000000000;1,000000000000000
2021-07-04;60+;0;0,0;0;0;0;0;0;0;0;0;0;0;0;0,0;0;0;0;0;0;NA;NA;NA;NA;NA;1,000000000000000;1,000000000000000;1,000000000000000;1,000000000000000;1,000000000000000;1,000000000000000;1,000000000000000;1,000000000000000;1,000000000000000;1,000000000000000;1,000000000000000
2021-07-04;alle;0;0,0;0;0;0;0;0;0;0;0;0;0;4;4,0;4;4;4;4;4;4;4;4;4;4;NA;NA;NA;NA;NA;NA;NA;NA;NA;NA;NA
2021-07-03;0-60;0;0,0;0;0;0;0;0;0;0;0;0;0;4;4,0;4;4;4;4;4;4;4;4;4;4;1,000000000000000;1,000000000000000;1,000000000000000;1,000000000000000;1,000000000000000;1,000000000000000;1,000000000000000;1,000000000000000;1,000000000000000;1,000000000000000;1,000000000000000
2021-07-03;60+;0;0,0;0;0;0;0;0;0;0;0;0;0;0;0,0;0;0;0;0;0;NA;NA;NA;NA;NA;1,000000000000000;1,000000000000000;1,000000000000000;1,000000000000000;1,000000000000000;1,000000000000000;1,000000000000000;1,000000000000000;1,000000000000000;1,000000000000000;1,000000000000000
2021-07-03;alle;0;0,0;0;0;0;0;0;0;0;0;0;0;4;4,0;4;4;4;4;4;4;4;4;4;4;NA;NA;NA;NA;NA;NA;NA;NA;NA;NA;NA
2021-07-02;0-60;0;0,0;0;0;0;0;0;0;0;0;0;0;4;4,0;4;4;4;4;4;4;4;4;4;4;1,000000000000000;1,000000000000000;1,000000000000000;1,000000000000000;1,000000000000000;1,000000000000000;1,000000000000000;1,000000000000000;1,000000000000000;1,000000000000000;1,000000000000000
2021-07-02;60+;0;0,0;0;0;0;0;0;0;0;0;0;0;0;0,0;0;0;0;0;0;NA;NA;NA;NA;NA;1,000000000000000;1,000000000000000;1,000000000000000;1,000000000000000;1,000000000000000;1,000000000000000;1,000000000000000;1,000000000000000;1,000000000000000;1,000000000000000;1,000000000000000
2021-07-02;alle;0;0,0;0;0;0;0;0;0;0;0;0;0;4;4,0;4;4;4;4;4;4;4;4;4;4;NA;NA;NA;NA;NA;NA;NA;NA;NA;NA;NA
2021-07-01;0-60;1;1,0;1;1;1;1;1;1;1;1;1;1;4;4,0;4;4;4;4;4;4;4;4;4;4;1,000000000000000;1,000000000000000;1,000000000000000;1,000000000000000;1,000000000000000;1,000000000000000;1,000000000000000;1,000000000000000;1,000000000000000;1,000000000000000;1,000000000000000
2021-07-01;60+;0;0,0;0;0;0;0;0;0;0;0;0;0;0;0,0;0;0;0;0;0;NA;NA;NA;NA;NA;1,000000000000000;1,000000000000000;1,000000000000000;1,000000000000000;1,000000000000000;1,000000000000000;1,000000000000000;1,000000000000000;1,000000000000000;1,000000000000000;1,000000000000000
2021-07-01;alle;1;1,0;1;1;1;1;1;1;1;1;1;1;4;4,0;4;4;4;4;4;4;4;4;4;4;NA;NA;NA;NA;NA;NA;NA;NA;NA;NA;NA
2021-06-30;0-60;0;0,0;0;0;0;0;0;0;0;0;0;0;3;3,0;3;3;3;3;3;3;3;3;3;3;1,000000000000000;1,000000000000000;1,000000000000000;1,000000000000000;1,000000000000000;1,000000000000000;1,000000000000000;1,000000000000000;1,000000000000000;1,000000000000000;1,000000000000000
2021-06-30;60+;0;0,0;0;0;0;0;0;0;0;0;0;0;0;0,0;0;0;0;0;0;NA;NA;NA;NA;NA;1,000000000000000;1,000000000000000;1,000000000000000;1,000000000000000;1,000000000000000;1,000000000000000;1,000000000000000;1,000000000000000;1,000000000000000;1,000000000000000;1,000000000000000
2021-06-30;alle;0;0,0;0;0;0;0;0;0;0;0;0;0;3;3,0;3;3;3;3;3;3;3;3;3;3;NA;NA;NA;NA;NA;NA;NA;NA;NA;NA;NA
2021-06-29;0-60;3;3,0;3;3;3;3;3;3;3;3;3;3;3;3,0;3;3;3;3;3;3;3;3;3;3;1,000000000000000;1,000000000000000;1,000000000000000;1,000000000000000;1,000000000000000;1,000000000000000;1,000000000000000;1,000000000000000;1,000000000000000;1,000000000000000;1,000000000000000
2021-06-29;60+;0;0,0;0;0;0;0;0;0;0;0;0;0;0;0,0;0;0;0;0;0;NA;NA;NA;NA;NA;1,000000000000000;1,000000000000000;1,000000000000000;1,000000000000000;1,000000000000000;1,000000000000000;1,000000000000000;1,000000000000000;1,000000000000000;1,000000000000000;1,000000000000000
2021-06-29;alle;3;3,0;3;3;3;3;3;3;3;3;3;3;3;3,0;3;3;3;3;3;3;3;3;3;3;NA;NA;NA;NA;NA;NA;NA;NA;NA;NA;NA
2021-06-28;0-60;0;0,0;0;0;0;0;0;0;0;0;0;0;0;0,0;0;0;0;0;0;NA;NA;NA;NA;NA;1,000000000000000;1,000000000000000;1,000000000000000;1,000000000000000;1,000000000000000;1,000000000000000;1,000000000000000;1,000000000000000;1,000000000000000;1,000000000000000;1,000000000000000
2021-06-28;60+;0;0,0;0;0;0;0;0;0;0;0;0;0;0;0,0;0;0;0;0;0;NA;NA;NA;NA;NA;1,000000000000000;1,000000000000000;1,000000000000000;1,000000000000000;1,000000000000000;1,000000000000000;1,000000000000000;1,000000000000000;1,000000000000000;1,000000000000000;1,000000000000000
2021-06-28;alle;0;0,0;0;0;0;0;0;0;0;0;0;0;0;0,0;0;0;0;0;0;NA;NA;NA;NA;NA;NA;NA;NA;NA;NA;NA;NA;NA;NA;NA;NA
2021-06-27;0-60;0;0,0;0;0;0;0;0;0;0;0;0;0;0;0,0;0;0;0;0;0;NA;NA;NA;NA;NA;1,000000000000000;1,000000000000000;1,000000000000000;1,000000000000000;1,000000000000000;1,000000000000000;1,000000000000000;1,000000000000000;1,000000000000000;1,000000000000000;1,000000000000000
2021-06-27;60+;0;0,0;0;0;0;0;0;0;0;0;0;0;0;0,0;0;0;0;0;0;NA;NA;NA;NA;NA;1,000000000000000;1,000000000000000;1,000000000000000;1,000000000000000;1,000000000000000;1,000000000000000;1,000000000000000;1,000000000000000;1,000000000000000;1,000000000000000;1,000000000000000
2021-06-27;alle;0;0,0;0;0;0;0;0;0;0;0;0;0;0;0,0;0;0;0;0;0;NA;NA;NA;NA;NA;NA;NA;NA;NA;NA;NA;NA;NA;NA;NA;NA
2021-06-26;0-60;0;0,0;0;0;0;0;0;0;0;0;0;0;2;2,0;2;2;2;2;2;2;2;2;2;2;1,000000000000000;1,000000000000000;1,000000000000000;1,000000000000000;1,000000000000000;1,000000000000000;1,000000000000000;1,000000000000000;1,000000000000000;1,000000000000000;1,000000000000000
2021-06-26;60+;0;0,0;0;0;0;0;0;0;0;0;0;0;0;0,0;0;0;0;0;0;NA;NA;NA;NA;NA;1,000000000000000;1,000000000000000;1,000000000000000;1,000000000000000;1,000000000000000;1,000000000000000;1,000000000000000;1,000000000000000;1,000000000000000;1,000000000000000;1,000000000000000
2021-06-26;alle;0;0,0;0;0;0;0;0;0;0;0;0;0;2;2,0;2;2;2;2;2;2;2;2;2;2;NA;NA;NA;NA;NA;NA;NA;NA;NA;NA;NA
2021-06-25;0-60;0;0,0;0;0;0;0;0;0;0;0;0;0;3;3,0;3;3;3;3;3;3;3;3;3;3;1,000000000000000;1,000000000000000;1,000000000000000;1,000000000000000;1,000000000000000;1,000000000000000;1,000000000000000;1,000000000000000;1,000000000000000;1,000000000000000;1,000000000000000
2021-06-25;60+;0;0,0;0;0;0;0;0;0;0;0;0;0;0;0,0;0;0;0;0;0;NA;NA;NA;NA;NA;1,000000000000000;1,000000000000000;1,000000000000000;1,000000000000000;1,000000000000000;1,000000000000000;1,000000000000000;1,000000000000000;1,000000000000000;1,000000000000000;1,000000000000000
2021-06-25;alle;0;0,0;0;0;0;0;0;0;0;0;0;0;3;3,0;3;3;3;3;3;3;3;3;3;3;NA;NA;NA;NA;NA;NA;NA;NA;NA;NA;NA
2021-06-24;0-60;0;0,0;0;0;0;0;0;0;0;0;0;0;4;4,0;4;4;4;4;4;4;4;4;4;4;1,000000000000000;1,000000000000000;1,000000000000000;1,000000000000000;1,000000000000000;1,000000000000000;1,000000000000000;1,000000000000000;1,000000000000000;1,000000000000000;1,000000000000000
2021-06-24;60+;0;0,0;0;0;0;0;0;0;0;0;0;0;1;1,0;1;1;1;1;1;1;1;1;1;1;1,000000000000000;1,000000000000000;1,000000000000000;1,000000000000000;1,000000000000000;1,000000000000000;1,000000000000000;1,000000000000000;1,000000000000000;1,000000000000000;1,000000000000000
2021-06-24;alle;0;0,0;0;0;0;0;0;0;0;0;0;0;5;5,0;5;5;5;5;5;5;5;5;5;5;NA;NA;NA;NA;NA;NA;NA;NA;NA;NA;NA
2021-06-23;0-60;0;0,0;0;0;0;0;0;0;0;0;0;0;7;7,0;7;7;7;7;7;7;7;7;7;7;1,000000000000000;1,000000000000000;1,000000000000000;1,000000000000000;1,000000000000000;1,000000000000000;1,000000000000000;1,000000000000000;1,000000000000000;1,000000000000000;1,000000000000000
2021-06-23;60+;0;0,0;0;0;0;0;0;0;0;0;0;0;1;1,0;1;1;1;1;1;1;1;1;1;1;1,000000000000000;1,000000000000000;1,000000000000000;1,000000000000000;1,000000000000000;1,000000000000000;1,000000000000000;1,000000000000000;1,000000000000000;1,000000000000000;1,000000000000000
2021-06-23;alle;0;0,0;0;0;0;0;0;0;0;0;0;0;8;8,0;8;8;8;8;8;8;8;8;8;8;NA;NA;NA;NA;NA;NA;NA;NA;NA;NA;NA
2021-06-22;0-60;0;0,0;0;0;0;0;0;0;0;0;0;0;7;7,0;7;7;7;7;7;7;7;7;7;7;1,000000000000000;1,000000000000000;1,000000000000000;1,000000000000000;1,000000000000000;1,000000000000000;1,000000000000000;1,000000000000000;1,000000000000000;1,000000000000000;1,000000000000000
2021-06-22;60+;0;0,0;0;0;0;0;0;0;0;0;0;0;1;1,0;1;1;1;1;1;1;1;1;1;1;1,000000000000000;1,000000000000000;1,000000000000000;1,000000000000000;1,000000000000000;1,000000000000000;1,000000000000000;1,000000000000000;1,000000000000000;1,000000000000000;1,000000000000000
2021-06-22;alle;0;0,0;0;0;0;0;0;0;0;0;0;0;8;8,0;8;8;8;8;8;8;8;8;8;8;NA;NA;NA;NA;NA;NA;NA;NA;NA;NA;NA
2021-06-21;0-60;0;0,0;0;0;0;0;0;0;0;0;0;0;8;8,0;8;8;8;8;8;8;8;8;8;8;1,000000000000000;1,000000000000000;1,000000000000000;1,000000000000000;1,000000000000000;1,000000000000000;1,000000000000000;1,000000000000000;1,000000000000000;1,000000000000000;1,000000000000000
2021-06-21;60+;0;0,0;0;0;0;0;0;0;0;0;0;0;1;1,0;1;1;1;1;1;1;1;1;1;1;1,000000000000000;1,000000000000000;1,000000000000000;1,000000000000000;1,000000000000000;1,000000000000000;1,000000000000000;1,000000000000000;1,000000000000000;1,000000000000000;1,000000000000000
2021-06-21;alle;0;0,0;0;0;0;0;0;0;0;0;0;0;9;9,0;9;9;9;9;9;9;9;9;9;9;NA;NA;NA;NA;NA;NA;NA;NA;NA;NA;NA
2021-06-20;0-60;2;2,0;2;2;2;2;2;2;2;2;2;2;8;8,0;8;8;8;8;8;8;8;8;8;8;1,000000000000000;1,000000000000000;1,000000000000000;1,000000000000000;1,000000000000000;1,000000000000000;1,000000000000000;1,000000000000000;1,000000000000000;1,000000000000000;1,000000000000000
2021-06-20;60+;0;0,0;0;0;0;0;0;0;0;0;0;0;2;2,0;2;2;2;2;2;2;2;2;2;2;1,000000000000000;1,000000000000000;1,000000000000000;1,000000000000000;1,000000000000000;1,000000000000000;1,000000000000000;1,000000000000000;1,000000000000000;1,000000000000000;1,000000000000000
2021-06-20;alle;2;2,0;2;2;2;2;2;2;2;2;2;2;10;10,0;10;10;10;10;10;10;10;10;10;10;NA;NA;NA;NA;NA;NA;NA;NA;NA;NA;NA
2021-06-19;0-60;1;1,0;1;1;1;1;1;1;1;1;1;1;6;6,0;6;6;6;6;6;6;6;6;6;6;1,000000000000000;1,000000000000000;1,000000000000000;1,000000000000000;1,000000000000000;1,000000000000000;1,000000000000000;1,000000000000000;1,000000000000000;1,000000000000000;1,000000000000000
2021-06-19;60+;0;0,0;0;0;0;0;0;0;0;0;0;0;5;5,0;5;5;5;5;5;5;5;5;5;5;1,000000000000000;1,000000000000000;1,000000000000000;1,000000000000000;1,000000000000000;1,000000000000000;1,000000000000000;1,000000000000000;1,000000000000000;1,000000000000000;1,000000000000000
2021-06-19;alle;1;1,0;1;1;1;1;1;1;1;1;1;1;11;11,0;11;11;11;11;11;11;11;11;11;11;NA;NA;NA;NA;NA;NA;NA;NA;NA;NA;NA
2021-06-18;0-60;1;1,0;1;1;1;1;1;1;1;1;1;1;7;7,0;7;7;7;7;7;7;7;7;7;7;1,000000000000000;1,000000000000000;1,000000000000000;1,000000000000000;1,000000000000000;1,000000000000000;1,000000000000000;1,000000000000000;1,000000000000000;1,000000000000000;1,000000000000000
2021-06-18;60+;1;1,0;1;1;1;1;1;1;1;1;1;1;7;7,0;7;7;7;7;7;7;7;7;7;7;1,000000000000000;1,000000000000000;1,000000000000000;1,000000000000000;1,000000000000000;1,000000000000000;1,000000000000000;1,000000000000000;1,000000000000000;1,000000000000000;1,000000000000000
2021-06-18;alle;2;2,0;2;2;2;2;2;2;2;2;2;2;14;14,0;14;14;14;14;14;14;14;14;14;14;NA;NA;NA;NA;NA;NA;NA;NA;NA;NA;NA
2021-06-17;0-60;3;3,0;3;3;3;3;3;3;3;3;3;3;7;7,0;7;7;7;7;7;7;7;7;7;7;1,000000000000000;1,000000000000000;1,000000000000000;1,000000000000000;1,000000000000000;1,000000000000000;1,000000000000000;1,000000000000000;1,000000000000000;1,000000000000000;1,000000000000000
2021-06-17;60+;0;0,0;0;0;0;0;0;0;0;0;0;0;8;8,0;8;8;8;8;8;8;8;8;8;8;1,000000000000000;1,000000000000000;1,000000000000000;1,000000000000000;1,000000000000000;1,000000000000000;1,000000000000000;1,000000000000000;1,000000000000000;1,000000000000000;1,000000000000000
2021-06-17;alle;3;3,0;3;3;3;3;3;3;3;3;3;3;15;15,0;15;15;15;15;15;15;15;15;15;15;NA;NA;NA;NA;NA;NA;NA;NA;NA;NA;NA
2021-06-16;0-60;0;0,0;0;0;0;0;0;0;0;0;0;0;4;4,0;4;4;4;4;4;4;4;4;4;4;1,000000000000000;1,000000000000000;1,000000000000000;1,000000000000000;1,000000000000000;1,000000000000000;1,000000000000000;1,000000000000000;1,000000000000000;1,000000000000000;1,000000000000000
2021-06-16;60+;0;0,0;0;0;0;0;0;0;0;0;0;0;11;11,0;11;11;11;11;11;11;11;11;11;11;1,000000000000000;1,000000000000000;1,000000000000000;1,000000000000000;1,000000000000000;1,000000000000000;1,000000000000000;1,000000000000000;1,000000000000000;1,000000000000000;1,000000000000000
2021-06-16;alle;0;0,0;0;0;0;0;0;0;0;0;0;0;15;15,0;15;15;15;15;15;15;15;15;15;15;NA;NA;NA;NA;NA;NA;NA;NA;NA;NA;NA
2021-06-15;0-60;1;1,0;1;1;1;1;1;1;1;1;1;1;5;5,0;5;5;5;5;5;5;5;5;5;5;1,000000000000000;1,000000000000000;1,000000000000000;1,000000000000000;1,000000000000000;1,000000000000000;1,000000000000000;1,000000000000000;1,000000000000000;1,000000000000000;1,000000000000000
2021-06-15;60+;0;0,0;0;0;0;0;0;0;0;0;0;0;15;15,0;15;15;15;15;15;15;15;15;15;15;1,000000000000000;1,000000000000000;1,000000000000000;1,000000000000000;1,000000000000000;1,000000000000000;1,000000000000000;1,000000000000000;1,000000000000000;1,000000000000000;1,000000000000000
2021-06-15;alle;1;1,0;1;1;1;1;1;1;1;1;1;1;20;20,0;20;20;20;20;20;20;20;20;20;20;NA;NA;NA;NA;NA;NA;NA;NA;NA;NA;NA
2021-06-14;0-60;0;0,0;0;0;0;0;0;0;0;0;0;0;5;5,0;5;5;5;5;5;5;5;5;5;5;1,000000000000000;1,000000000000000;1,000000000000000;1,000000000000000;1,000000000000000;1,000000000000000;1,000000000000000;1,000000000000000;1,000000000000000;1,000000000000000;1,000000000000000
2021-06-14;60+;1;1,0;1;1;1;1;1;1;1;1;1;1;16;16,0;16;16;16;16;16;16;16;16;16;16;1,000000000000000;1,000000000000000;1,000000000000000;1,000000000000000;1,000000000000000;1,000000000000000;1,000000000000000;1,000000000000000;1,000000000000000;1,000000000000000;1,000000000000000
2021-06-14;alle;1;1,0;1;1;1;1;1;1;1;1;1;1;21;21,0;21;21;21;21;21;21;21;21;21;21;NA;NA;NA;NA;NA;NA;NA;NA;NA;NA;NA
2021-06-13;0-60;0;0,0;0;0;0;0;0;0;0;0;0;0;6;6,0;6;6;6;6;6;6;6;6;6;6;1,000000000000000;1,000000000000000;1,000000000000000;1,000000000000000;1,000000000000000;1,000000000000000;1,000000000000000;1,000000000000000;1,000000000000000;1,000000000000000;1,000000000000000
2021-06-13;60+;3;3,0;3;3;3;3;3;3;3;3;3;3;17;17,0;17;17;17;17;17;17;17;17;17;17;1,000000000000000;1,000000000000000;1,000000000000000;1,000000000000000;1,000000000000000;1,000000000000000;1,000000000000000;1,000000000000000;1,000000000000000;1,000000000000000;1,000000000000000
2021-06-13;alle;3;3,0;3;3;3;3;3;3;3;3;3;3;23;23,0;23;23;23;23;23;23;23;23;23;23;NA;NA;NA;NA;NA;NA;NA;NA;NA;NA;NA
2021-06-12;0-60;2;2,0;2;2;2;2;2;2;2;2;2;2;8;8,0;8;8;8;8;8;8;8;8;8;8;1,000000000000000;1,000000000000000;1,000000000000000;1,000000000000000;1,000000000000000;1,000000000000000;1,000000000000000;1,000000000000000;1,000000000000000;1,000000000000000;1,000000000000000
2021-06-12;60+;2;2,0;2;2;2;2;2;2;2;2;2;2;15;15,0;15;15;15;15;15;15;15;15;15;15;1,000000000000000;1,000000000000000;1,000000000000000;1,000000000000000;1,000000000000000;1,000000000000000;1,000000000000000;1,000000000000000;1,000000000000000;1,000000000000000;1,000000000000000
2021-06-12;alle;4;4,0;4;4;4;4;4;4;4;4;4;4;23;23,0;23;23;23;23;23;23;23;23;23;23;NA;NA;NA;NA;NA;NA;NA;NA;NA;NA;NA
2021-06-11;0-60;1;1,0;1;1;1;1;1;1;1;1;1;1;7;7,0;7;7;7;7;7;7;7;7;7;7;1,000000000000000;1,000000000000000;1,000000000000000;1,000000000000000;1,000000000000000;1,000000000000000;1,000000000000000;1,000000000000000;1,000000000000000;1,000000000000000;1,000000000000000
2021-06-11;60+;2;2,0;2;2;2;2;2;2;2;2;2;2;15;15,0;15;15;15;15;15;15;15;15;15;15;1,000000000000000;1,000000000000000;1,000000000000000;1,000000000000000;1,000000000000000;1,000000000000000;1,000000000000000;1,000000000000000;1,000000000000000;1,000000000000000;1,000000000000000
2021-06-11;alle;3;3,0;3;3;3;3;3;3;3;3;3;3;22;22,0;22;22;22;22;22;22;22;22;22;22;NA;NA;NA;NA;NA;NA;NA;NA;NA;NA;NA
2021-06-10;0-60;0;0,0;0;0;0;0;0;0;0;0;0;0;7;7,0;7;7;7;7;7;7;7;7;7;7;1,000000000000000;1,000000000000000;1,000000000000000;1,000000000000000;1,000000000000000;1,000000000000000;1,000000000000000;1,000000000000000;1,000000000000000;1,000000000000000;1,000000000000000
2021-06-10;60+;3;3,0;3;3;3;3;3;3;3;3;3;3;16;16,0;16;16;16;16;16;16;16;16;16;16;1,000000000000000;1,000000000000000;1,000000000000000;1,000000000000000;1,000000000000000;1,000000000000000;1,000000000000000;1,000000000000000;1,000000000000000;1,000000000000000;1,000000000000000
2021-06-10;alle;3;3,0;3;3;3;3;3;3;3;3;3;3;23;23,0;23;23;23;23;23;23;23;23;23;23;NA;NA;NA;NA;NA;NA;NA;NA;NA;NA;NA
2021-06-09;0-60;1;1,0;1;1;1;1;1;1;1;1;1;1;8;8,0;8;8;8;8;8;8;8;8;8;8;1,000000000000000;1,000000000000000;1,000000000000000;1,000000000000000;1,000000000000000;1,000000000000000;1,000000000000000;1,000000000000000;1,000000000000000;1,000000000000000;1,000000000000000
2021-06-09;60+;4;4,0;4;4;4;4;4;4;4;4;4;4;19;19,0;19;19;19;19;19;19;19;19;19;19;1,000000000000000;1,000000000000000;1,000000000000000;1,000000000000000;1,000000000000000;1,000000000000000;1,000000000000000;1,000000000000000;1,000000000000000;1,000000000000000;1,000000000000000
2021-06-09;alle;5;5,0;5;5;5;5;5;5;5;5;5;5;27;27,0;27;27;27;27;27;27;27;27;27;27;NA;NA;NA;NA;NA;NA;NA;NA;NA;NA;NA
2021-06-08;0-60;1;1,0;1;1;1;1;1;1;1;1;1;1;8;8,0;8;8;8;8;8;8;8;8;8;8;1,000000000000000;1,000000000000000;1,000000000000000;1,000000000000000;1,000000000000000;1,000000000000000;1,000000000000000;1,000000000000000;1,000000000000000;1,000000000000000;1,000000000000000
2021-06-08;60+;1;1,0;1;1;1;1;1;1;1;1;1;1;23;23,0;23;23;23;23;23;23;23;23;23;23;1,000000000000000;1,000000000000000;1,000000000000000;1,000000000000000;1,000000000000000;1,000000000000000;1,000000000000000;1,000000000000000;1,000000000000000;1,000000000000000;1,000000000000000
2021-06-08;alle;2;2,0;2;2;2;2;2;2;2;2;2;2;31;31,0;31;31;31;31;31;31;31;31;31;31;NA;NA;NA;NA;NA;NA;NA;NA;NA;NA;NA
2021-06-07;0-60;1;1,0;1;1;1;1;1;1;1;1;1;1;9;9,0;9;9;9;9;9;9;9;9;9;9;1,000000000000000;1,000000000000000;1,000000000000000;1,000000000000000;1,000000000000000;1,000000000000000;1,000000000000000;1,000000000000000;1,000000000000000;1,000000000000000;1,000000000000000
2021-06-07;60+;2;2,0;2;2;2;2;2;2;2;2;2;2;25;25,0;25;25;25;25;25;25;25;25;25;25;1,000000000000000;1,000000000000000;1,000000000000000;1,000000000000000;1,000000000000000;1,000000000000000;1,000000000000000;1,000000000000000;1,000000000000000;1,000000000000000;1,000000000000000
2021-06-07;alle;3;3,0;3;3;3;3;3;3;3;3;3;3;34;34,0;34;34;34;34;34;34;34;34;34;34;NA;NA;NA;NA;NA;NA;NA;NA;NA;NA;NA
2021-06-06;0-60;2;2,0;2;2;2;2;2;2;2;2;2;2;9;9,0;9;9;9;9;9;9;9;9;9;9;1,000000000000000;1,000000000000000;1,000000000000000;1,000000000000000;1,000000000000000;1,000000000000000;1,000000000000000;1,000000000000000;1,000000000000000;1,000000000000000;1,000000000000000
2021-06-06;60+;1;1,0;1;1;1;1;1;1;1;1;1;1;26;26,0;26;26;26;26;26;26;26;26;26;26;1,000000000000000;1,000000000000000;1,000000000000000;1,000000000000000;1,000000000000000;1,000000000000000;1,000000000000000;1,000000000000000;1,000000000000000;1,000000000000000;1,000000000000000
2021-06-06;alle;3;3,0;3;3;3;3;3;3;3;3;3;3;35;35,0;35;35;35;35;35;35;35;35;35;35;NA;NA;NA;NA;NA;NA;NA;NA;NA;NA;NA
2021-06-05;0-60;1;1,0;1;1;1;1;1;1;1;1;1;1;13;13,0;13;13;13;13;13;13;13;13;13;13;1,000000000000000;1,000000000000000;1,000000000000000;1,000000000000000;1,000000000000000;1,000000000000000;1,000000000000000;1,000000000000000;1,000000000000000;1,000000000000000;1,000000000000000
2021-06-05;60+;2;2,0;2;2;2;2;2;2;2;2;2;2;32;32,0;32;32;32;32;32;32;32;32;32;32;1,000000000000000;1,000000000000000;1,000000000000000;1,000000000000000;1,000000000000000;1,000000000000000;1,000000000000000;1,000000000000000;1,000000000000000;1,000000000000000;1,000000000000000
2021-06-05;alle;3;3,0;3;3;3;3;3;3;3;3;3;3;45;45,0;45;45;45;45;45;45;45;45;45;45;NA;NA;NA;NA;NA;NA;NA;NA;NA;NA;NA
2021-06-04;0-60;1;1,0;1;1;1;1;1;1;1;1;1;1;14;14,0;14;14;14;14;14;14;14;14;14;14;1,000000000000000;1,000000000000000;1,000000000000000;1,000000000000000;1,000000000000000;1,000000000000000;1,000000000000000;1,000000000000000;1,000000000000000;1,000000000000000;1,000000000000000
2021-06-04;60+;3;3,0;3;3;3;3;3;3;3;3;3;3;35;35,0;35;35;35;35;35;35;35;35;35;35;1,000000000000000;1,000000000000000;1,000000000000000;1,000000000000000;1,000000000000000;1,000000000000000;1,000000000000000;1,000000000000000;1,000000000000000;1,000000000000000;1,000000000000000
2021-06-04;alle;4;4,0;4;4;4;4;4;4;4;4;4;4;49;49,0;49;49;49;49;49;49;49;49;49;49;NA;NA;NA;NA;NA;NA;NA;NA;NA;NA;NA
2021-06-03;0-60;1;1,0;1;1;1;1;1;1;1;1;1;1;18;18,0;18;18;18;18;18;18;18;18;18;18;1,000000000000000;1,000000000000000;1,000000000000000;1,000000000000000;1,000000000000000;1,000000000000000;1,000000000000000;1,000000000000000;1,000000000000000;1,000000000000000;1,000000000000000
2021-06-03;60+;6;6,0;6;6;6;6;6;6;6;6;6;6;41;41,0;41;41;41;41;41;41;41;41;41;41;1,000000000000000;1,000000000000000;1,000000000000000;1,000000000000000;1,000000000000000;1,000000000000000;1,000000000000000;1,000000000000000;1,000000000000000;1,000000000000000;1,000000000000000
2021-06-03;alle;7;7,0;7;7;7;7;7;7;7;7;7;7;59;59,0;59;59;59;59;59;59;59;59;59;59;NA;NA;NA;NA;NA;NA;NA;NA;NA;NA;NA
2021-06-02;0-60;1;1,0;1;1;1;1;1;1;1;1;1;1;18;18,0;18;18;18;18;18;18;18;18;18;18;1,000000000000000;1,000000000000000;1,000000000000000;1,000000000000000;1,000000000000000;1,000000000000000;1,000000000000000;1,000000000000000;1,000000000000000;1,000000000000000;1,000000000000000
2021-06-02;60+;8;8,0;8;8;8;8;8;8;8;8;8;8;40;40,0;40;40;40;40;40;40;40;40;40;40;1,000000000000000;1,000000000000000;1,000000000000000;1,000000000000000;1,000000000000000;1,000000000000000;1,000000000000000;1,000000000000000;1,000000000000000;1,000000000000000;1,000000000000000
2021-06-02;alle;9;9,0;9;9;9;9;9;9;9;9;9;9;58;58,0;58;58;58;58;58;58;58;58;58;58;NA;NA;NA;NA;NA;NA;NA;NA;NA;NA;NA
2021-06-01;0-60;2;2,0;2;2;2;2;2;2;2;2;2;2;21;21,0;21;21;21;21;21;21;21;21;21;21;1,000000000000000;1,000000000000000;1,000000000000000;1,000000000000000;1,000000000000000;1,000000000000000;1,000000000000000;1,000000000000000;1,000000000000000;1,000000000000000;1,000000000000000
2021-06-01;60+;3;3,0;3;3;3;3;3;3;3;3;3;3;39;39,0;39;39;39;39;39;39;39;39;39;39;1,000000000000000;1,000000000000000;1,000000000000000;1,000000000000000;1,000000000000000;1,000000000000000;1,000000000000000;1,000000000000000;1,000000000000000;1,000000000000000;1,000000000000000
2021-06-01;alle;5;5,0;5;5;5;5;5;5;5;5;5;5;60;60,0;60;60;60;60;60;60;60;60;60;60;NA;NA;NA;NA;NA;NA;NA;NA;NA;NA;NA
2021-05-31;0-60;1;1,0;1;1;1;1;1;1;1;1;1;1;21;21,0;21;21;21;21;21;21;21;21;21;21;1,000000000000000;1,000000000000000;1,000000000000000;1,000000000000000;1,000000000000000;1,000000000000000;1,000000000000000;1,000000000000000;1,000000000000000;1,000000000000000;1,000000000000000
2021-05-31;60+;3;3,0;3;3;3;3;3;3;3;3;3;3;38;38,0;38;38;38;38;38;38;38;38;38;38;1,000000000000000;1,000000000000000;1,000000000000000;1,000000000000000;1,000000000000000;1,000000000000000;1,000000000000000;1,000000000000000;1,000000000000000;1,000000000000000;1,000000000000000
2021-05-31;alle;4;4,0;4;4;4;4;4;4;4;4;4;4;59;59,0;59;59;59;59;59;59;59;59;59;59;NA;NA;NA;NA;NA;NA;NA;NA;NA;NA;NA
2021-05-30;0-60;6;6,0;6;6;6;6;6;6;6;6;6;6;22;22,0;22;22;22;22;22;22;22;22;22;22;1,000000000000000;1,000000000000000;1,000000000000000;1,000000000000000;1,000000000000000;1,000000000000000;1,000000000000000;1,000000000000000;1,000000000000000;1,000000000000000;1,000000000000000
2021-05-30;60+;7;7,0;7;7;7;7;7;7;7;7;7;7;36;36,0;36;36;36;36;36;36;36;36;36;36;1,000000000000000;1,000000000000000;1,000000000000000;1,000000000000000;1,000000000000000;1,000000000000000;1,000000000000000;1,000000000000000;1,000000000000000;1,000000000000000;1,000000000000000
2021-05-30;alle;13;13,0;13;13;13;13;13;13;13;13;13;13;58;58,0;58;58;58;58;58;58;58;58;58;58;NA;NA;NA;NA;NA;NA;NA;NA;NA;NA;NA
2021-05-29;0-60;2;2,0;2;2;2;2;2;2;2;2;2;2;18;18,0;18;18;18;18;18;18;18;18;18;18;1,000000000000000;1,000000000000000;1,000000000000000;1,000000000000000;1,000000000000000;1,000000000000000;1,000000000000000;1,000000000000000;1,000000000000000;1,000000000000000;1,000000000000000
2021-05-29;60+;5;5,0;5;5;5;5;5;5;5;5;5;5;30;30,0;30;30;30;30;30;30;30;30;30;30;1,000000000000000;1,000000000000000;1,000000000000000;1,000000000000000;1,000000000000000;1,000000000000000;1,000000000000000;1,000000000000000;1,000000000000000;1,000000000000000;1,000000000000000
2021-05-29;alle;7;7,0;7;7;7;7;7;7;7;7;7;7;48;48,0;48;48;48;48;48;48;48;48;48;48;NA;NA;NA;NA;NA;NA;NA;NA;NA;NA;NA
2021-05-28;0-60;5;5,0;5;5;5;5;5;5;5;5;5;5;19;19,0;19;19;19;19;19;19;19;19;19;19;1,000000000000000;1,000000000000000;1,000000000000000;1,000000000000000;1,000000000000000;1,000000000000000;1,000000000000000;1,000000000000000;1,000000000000000;1,000000000000000;1,000000000000000
2021-05-28;60+;9;9,0;9;9;9;9;9;9;9;9;9;9;33;33,0;33;33;33;33;33;33;33;33;33;33;1,000000000000000;1,000000000000000;1,000000000000000;1,000000000000000;1,000000000000000;1,000000000000000;1,000000000000000;1,000000000000000;1,000000000000000;1,000000000000000;1,000000000000000
2021-05-28;alle;14;14,0;14;14;14;14;14;14;14;14;14;14;52;52,0;52;52;52;52;52;52;52;52;52;52;NA;NA;NA;NA;NA;NA;NA;NA;NA;NA;NA
2021-05-27;0-60;1;1,0;1;1;1;1;1;1;1;1;1;1;17;17,0;17;17;17;17;17;17;17;17;17;17;1,000000000000000;1,000000000000000;1,000000000000000;1,000000000000000;1,000000000000000;1,000000000000000;1,000000000000000;1,000000000000000;1,000000000000000;1,000000000000000;1,000000000000000
2021-05-27;60+;5;5,0;5;5;5;5;5;5;5;5;5;5;36;36,0;36;36;36;36;36;36;36;36;36;36;1,000000000000000;1,000000000000000;1,000000000000000;1,000000000000000;1,000000000000000;1,000000000000000;1,000000000000000;1,000000000000000;1,000000000000000;1,000000000000000;1,000000000000000
2021-05-27;alle;6;6,0;6;6;6;6;6;6;6;6;6;6;53;53,0;53;53;53;53;53;53;53;53;53;53;NA;NA;NA;NA;NA;NA;NA;NA;NA;NA;NA
2021-05-26;0-60;4;4,0;4;4;4;4;4;4;4;4;4;4;22;22,0;22;22;22;22;22;22;22;22;22;22;1,000000000000000;1,000000000000000;1,000000000000000;1,000000000000000;1,000000000000000;1,000000000000000;1,000000000000000;1,000000000000000;1,000000000000000;1,000000000000000;1,000000000000000
2021-05-26;60+;7;7,0;7;7;7;7;7;7;7;7;7;7;52;52,0;52;52;52;52;52;52;52;52;52;52;1,000000000000000;1,000000000000000;1,000000000000000;1,000000000000000;1,000000000000000;1,000000000000000;1,000000000000000;1,000000000000000;1,000000000000000;1,000000000000000;1,000000000000000
2021-05-26;alle;11;11,0;11;11;11;11;11;11;11;11;11;11;74;74,0;74;74;74;74;74;74;74;74;74;74;NA;NA;NA;NA;NA;NA;NA;NA;NA;NA;NA
2021-05-25;0-60;2;2,0;2;2;2;2;2;2;2;2;2;2;20;20,0;20;20;20;20;20;20;20;20;20;20;1,000000000000000;1,000000000000000;1,000000000000000;1,000000000000000;1,000000000000000;1,000000000000000;1,000000000000000;1,000000000000000;1,000000000000000;1,000000000000000;1,000000000000000
2021-05-25;60+;2;2,0;2;2;2;2;2;2;2;2;2;2;54;54,0;54;54;54;54;54;54;54;54;54;54;1,000000000000000;1,000000000000000;1,000000000000000;1,000000000000000;1,000000000000000;1,000000000000000;1,000000000000000;1,000000000000000;1,000000000000000;1,000000000000000;1,000000000000000
2021-05-25;alle;4;4,0;4;4;4;4;4;4;4;4;4;4;74;74,0;74;74;74;74;74;74;74;74;74;74;NA;NA;NA;NA;NA;NA;NA;NA;NA;NA;NA
2021-05-24;0-60;2;2,0;2;2;2;2;2;2;2;2;2;2;24;24,0;24;24;24;24;24;24;24;24;24;24;1,000000000000000;1,000000000000000;1,000000000000000;1,000000000000000;1,000000000000000;1,000000000000000;1,000000000000000;1,000000000000000;1,000000000000000;1,000000000000000;1,000000000000000
2021-05-24;60+;1;1,0;1;1;1;1;1;1;1;1;1;1;58;58,0;58;58;58;58;58;58;58;58;58;58;1,000000000000000;1,000000000000000;1,000000000000000;1,000000000000000;1,000000000000000;1,000000000000000;1,000000000000000;1,000000000000000;1,000000000000000;1,000000000000000;1,000000000000000
2021-05-24;alle;3;3,0;3;3;3;3;3;3;3;3;3;3;82;82,0;82;82;82;82;82;82;82;82;82;82;NA;NA;NA;NA;NA;NA;NA;NA;NA;NA;NA
2021-05-23;0-60;2;2,0;2;2;2;2;2;2;2;2;2;2;30;30,0;30;30;30;30;30;30;30;30;30;30;1,000000000000000;1,000000000000000;1,000000000000000;1,000000000000000;1,000000000000000;1,000000000000000;1,000000000000000;1,000000000000000;1,000000000000000;1,000000000000000;1,000000000000000
2021-05-23;60+;1;1,0;1;1;1;1;1;1;1;1;1;1;63;63,0;63;63;63;63;63;63;63;63;63;63;1,000000000000000;1,000000000000000;1,000000000000000;1,000000000000000;1,000000000000000;1,000000000000000;1,000000000000000;1,000000000000000;1,000000000000000;1,000000000000000;1,000000000000000
2021-05-23;alle;3;3,0;3;3;3;3;3;3;3;3;3;3;93;93,0;93;93;93;93;93;93;93;93;93;93;NA;NA;NA;NA;NA;NA;NA;NA;NA;NA;NA
2021-05-22;0-60;3;3,0;3;3;3;3;3;3;3;3;3;3;34;34,0;34;34;34;34;34;34;34;34;34;34;1,000000000000000;1,000000000000000;1,000000000000000;1,000000000000000;1,000000000000000;1,000000000000000;1,000000000000000;1,000000000000000;1,000000000000000;1,000000000000000;1,000000000000000
2021-05-22;60+;8;8,0;8;8;8;8;8;8;8;8;8;8;71;71,0;71;71;71;71;71;71;71;71;71;71;1,000000000000000;1,000000000000000;1,000000000000000;1,000000000000000;1,000000000000000;1,000000000000000;1,000000000000000;1,000000000000000;1,000000000000000;1,000000000000000;1,000000000000000
2021-05-22;alle;11;11,0;11;11;11;11;11;11;11;11;11;11;105;105,0;105;105;105;105;105;105;105;105;105;105;NA;NA;NA;NA;NA;NA;NA;NA;NA;NA;NA
2021-05-21;0-60;3;3,0;3;3;3;3;3;3;3;3;3;3;50;50,0;50;50;50;50;50;50;50;50;50;50;1,000000000000000;1,000000000000000;1,000000000000000;1,000000000000000;1,000000000000000;1,000000000000000;1,000000000000000;1,000000000000000;1,000000000000000;1,000000000000000;1,000000000000000
2021-05-21;60+;12;12,0;12;12;12;12;12;12;12;12;12;12;74;74,0;74;74;74;74;74;74;74;74;74;74;1,000000000000000;1,000000000000000;1,000000000000000;1,000000000000000;1,000000000000000;1,000000000000000;1,000000000000000;1,000000000000000;1,000000000000000;1,000000000000000;1,000000000000000
2021-05-21;alle;15;15,0;15;15;15;15;15;15;15;15;15;15;124;124,0;124;124;124;124;124;124;124;124;124;124;NA;NA;NA;NA;NA;NA;NA;NA;NA;NA;NA
2021-05-20;0-60;6;6,0;6;6;6;6;6;6;6;6;6;6;56;56,0;56;56;56;56;56;56;56;56;56;56;1,000000000000000;1,000000000000000;1,000000000000000;1,000000000000000;1,000000000000000;1,000000000000000;1,000000000000000;1,000000000000000;1,000000000000000;1,000000000000000;1,000000000000000
2021-05-20;60+;21;21,0;21;21;21;21;21;21;21;21;21;21;73;73,0;73;73;73;73;73;73;73;73;73;73;1,000000000000000;1,000000000000000;1,000000000000000;1,000000000000000;1,000000000000000;1,000000000000000;1,000000000000000;1,000000000000000;1,000000000000000;1,000000000000000;1,000000000000000
2021-05-20;alle;27;27,0;27;27;27;27;27;27;27;27;27;27;129;129,0;129;129;129;129;129;129;129;129;129;129;NA;NA;NA;NA;NA;NA;NA;NA;NA;NA;NA
2021-05-19;0-60;2;2,0;2;2;2;2;2;2;2;2;2;2;57;57,0;57;57;57;57;57;57;57;57;57;57;1,000000000000000;1,000000000000000;1,000000000000000;1,000000000000000;1,000000000000000;1,000000000000000;1,000000000000000;1,000000000000000;1,000000000000000;1,000000000000000;1,000000000000000
2021-05-19;60+;9;9,0;9;9;9;9;9;9;9;9;9;9;60;60,0;60;60;60;60;60;60;60;60;60;60;1,000000000000000;1,000000000000000;1,000000000000000;1,000000000000000;1,000000000000000;1,000000000000000;1,000000000000000;1,000000000000000;1,000000000000000;1,000000000000000;1,000000000000000
2021-05-19;alle;11;11,0;11;11;11;11;11;11;11;11;11;11;117;117,0;117;117;117;117;117;117;117;117;117;117;NA;NA;NA;NA;NA;NA;NA;NA;NA;NA;NA
2021-05-18;0-60;6;6,0;6;6;6;6;6;6;6;6;6;6;65;65,0;65;65;65;65;65;65;65;65;65;65;1,000000000000000;1,000000000000000;1,000000000000000;1,000000000000000;1,000000000000000;1,000000000000000;1,000000000000000;1,000000000000000;1,000000000000000;1,000000000000000;1,000000000000000
2021-05-18;60+;6;6,0;6;6;6;6;6;6;6;6;6;6;79;79,0;79;79;79;79;79;79;79;79;79;79;1,000000000000000;1,000000000000000;1,000000000000000;1,000000000000000;1,000000000000000;1,000000000000000;1,000000000000000;1,000000000000000;1,000000000000000;1,000000000000000;1,000000000000000
2021-05-18;alle;12;12,0;12;12;12;12;12;12;12;12;12;12;144;144,0;144;144;144;144;144;144;144;144;144;144;NA;NA;NA;NA;NA;NA;NA;NA;NA;NA;NA
2021-05-17;0-60;8;8,0;8;8;8;8;8;8;8;8;8;8;66;66,0;66;66;66;66;66;66;66;66;66;66;1,000000000000000;1,000000000000000;1,000000000000000;1,000000000000000;1,000000000000000;1,000000000000000;1,000000000000000;1,000000000000000;1,000000000000000;1,000000000000000;1,000000000000000
2021-05-17;60+;6;6,0;6;6;6;6;6;6;6;6;6;6;85;85,0;85;85;85;85;85;85;85;85;85;85;1,000000000000000;1,000000000000000;1,000000000000000;1,000000000000000;1,000000000000000;1,000000000000000;1,000000000000000;1,000000000000000;1,000000000000000;1,000000000000000;1,000000000000000
2021-05-17;alle;14;14,0;14;14;14;14;14;14;14;14;14;14;151;151,0;151;151;151;151;151;151;151;151;151;151;NA;NA;NA;NA;NA;NA;NA;NA;NA;NA;NA
2021-05-16;0-60;6;6,0;6;6;6;6;6;6;6;6;6;6;58;58,0;58;58;58;58;58;58;58;58;58;58;1,000000000000000;1,000000000000000;1,000000000000000;1,000000000000000;1,000000000000000;1,000000000000000;1,000000000000000;1,000000000000000;1,000000000000000;1,000000000000000;1,000000000000000
2021-05-16;60+;9;9,0;9;9;9;9;9;9;9;9;9;9;86;86,0;86;86;86;86;86;86;86;86;86;86;1,000000000000000;1,000000000000000;1,000000000000000;1,000000000000000;1,000000000000000;1,000000000000000;1,000000000000000;1,000000000000000;1,000000000000000;1,000000000000000;1,000000000000000
2021-05-16;alle;15;15,0;15;15;15;15;15;15;15;15;15;15;144;144,0;144;144;144;144;144;144;144;144;144;144;NA;NA;NA;NA;NA;NA;NA;NA;NA;NA;NA
2021-05-15;0-60;19;19,0;19;19;19;19;19;19;19;19;19;19;58;58,0;58;58;58;58;58;58;58;58;58;58;1,000000000000000;1,000000000000000;1,000000000000000;1,000000000000000;1,000000000000000;1,000000000000000;1,000000000000000;1,000000000000000;1,000000000000000;1,000000000000000;1,000000000000000
2021-05-15;60+;11;11,0;11;11;11;11;11;11;11;11;11;11;87;87,0;87;87;87;87;87;87;87;87;87;87;1,000000000000000;1,000000000000000;1,000000000000000;1,000000000000000;1,000000000000000;1,000000000000000;1,000000000000000;1,000000000000000;1,000000000000000;1,000000000000000;1,000000000000000
2021-05-15;alle;30;30,0;30;30;30;30;30;30;30;30;30;30;145;145,0;145;145;145;145;145;145;145;145;145;145;NA;NA;NA;NA;NA;NA;NA;NA;NA;NA;NA
2021-05-14;0-60;9;9,0;9;9;9;9;9;9;9;9;9;9;43;43,0;43;43;43;43;43;43;43;43;43;43;1,000000000000000;1,000000000000000;1,000000000000000;1,000000000000000;1,000000000000000;1,000000000000000;1,000000000000000;1,000000000000000;1,000000000000000;1,000000000000000;1,000000000000000
2021-05-14;60+;11;11,0;11;11;11;11;11;11;11;11;11;11;106;106,0;106;106;106;106;106;106;106;106;106;106;1,000000000000000;1,000000000000000;1,000000000000000;1,000000000000000;1,000000000000000;1,000000000000000;1,000000000000000;1,000000000000000;1,000000000000000;1,000000000000000;1,000000000000000
2021-05-14;alle;20;20,0;20;20;20;20;20;20;20;20;20;20;149;149,0;149;149;149;149;149;149;149;149;149;149;NA;NA;NA;NA;NA;NA;NA;NA;NA;NA;NA
2021-05-13;0-60;7;7,0;7;7;7;7;7;7;7;7;7;7;40;40,0;40;40;40;40;40;40;40;40;40;40;1,000000000000000;1,000000000000000;1,000000000000000;1,000000000000000;1,000000000000000;1,000000000000000;1,000000000000000;1,000000000000000;1,000000000000000;1,000000000000000;1,000000000000000
2021-05-13;60+;8;8,0;8;8;8;8;8;8;8;8;8;8;121;121,0;121;121;121;121;121;121;121;121;121;121;1,000000000000000;1,000000000000000;1,000000000000000;1,000000000000000;1,000000000000000;1,000000000000000;1,000000000000000;1,000000000000000;1,000000000000000;1,000000000000000;1,000000000000000
2021-05-13;alle;15;15,0;15;15;15;15;15;15;15;15;15;15;161;161,0;161;161;161;161;161;161;161;161;161;161;NA;NA;NA;NA;NA;NA;NA;NA;NA;NA;NA
2021-05-12;0-60;10;10,0;10;10;10;10;10;10;10;10;10;10;42;42,0;42;42;42;42;42;42;42;42;42;42;1,000000000000000;1,000000000000000;1,000000000000000;1,000000000000000;1,000000000000000;1,000000000000000;1,000000000000000;1,000000000000000;1,000000000000000;1,000000000000000;1,000000000000000
2021-05-12;60+;28;28,0;28;28;28;28;28;28;28;28;28;28;127;127,0;127;127;127;127;127;127;127;127;127;127;1,000000000000000;1,000000000000000;1,000000000000000;1,000000000000000;1,000000000000000;1,000000000000000;1,000000000000000;1,000000000000000;1,000000000000000;1,000000000000000;1,000000000000000
2021-05-12;alle;38;38,0;38;38;38;38;38;38;38;38;38;38;169;169,0;169;169;169;169;169;169;169;169;169;169;NA;NA;NA;NA;NA;NA;NA;NA;NA;NA;NA
2021-05-11;0-60;7;7,0;7;7;7;7;7;7;7;7;7;7;44;44,0;44;44;44;44;44;44;44;44;44;44;1,000000000000000;1,000000000000000;1,000000000000000;1,000000000000000;1,000000000000000;1,000000000000000;1,000000000000000;1,000000000000000;1,000000000000000;1,000000000000000;1,000000000000000
2021-05-11;60+;12;12,0;12;12;12;12;12;12;12;12;12;12;118;118,0;118;118;118;118;118;118;118;118;118;118;1,000000000000000;1,000000000000000;1,000000000000000;1,000000000000000;1,000000000000000;1,000000000000000;1,000000000000000;1,000000000000000;1,000000000000000;1,000000000000000;1,000000000000000
2021-05-11;alle;19;19,0;19;19;19;19;19;19;19;19;19;19;162;162,0;162;162;162;162;162;162;162;162;162;162;NA;NA;NA;NA;NA;NA;NA;NA;NA;NA;NA
2021-05-10;0-60;0;0,0;0;0;0;0;0;0;0;0;0;0;45;45,0;45;45;45;45;45;45;45;45;45;45;1,000000000000000;1,000000000000000;1,000000000000000;1,000000000000000;1,000000000000000;1,000000000000000;1,000000000000000;1,000000000000000;1,000000000000000;1,000000000000000;1,000000000000000
2021-05-10;60+;7;7,0;7;7;7;7;7;7;7;7;7;7;120;120,0;120;120;120;120;120;120;120;120;120;120;1,000000000000000;1,000000000000000;1,000000000000000;1,000000000000000;1,000000000000000;1,000000000000000;1,000000000000000;1,000000000000000;1,000000000000000;1,000000000000000;1,000000000000000
2021-05-10;alle;7;7,0;7;7;7;7;7;7;7;7;7;7;165;165,0;165;165;165;165;165;165;165;165;165;165;NA;NA;NA;NA;NA;NA;NA;NA;NA;NA;NA
2021-05-09;0-60;6;6,0;6;6;6;6;6;6;6;6;6;6;53;53,0;53;53;53;53;53;53;53;53;53;53;1,000000000000000;1,000000000000000;1,000000000000000;1,000000000000000;1,000000000000000;1,000000000000000;1,000000000000000;1,000000000000000;1,000000000000000;1,000000000000000;1,000000000000000
2021-05-09;60+;10;10,0;10;10;10;10;10;10;10;10;10;10;122;122,0;122;122;122;122;122;122;122;122;122;122;1,000000000000000;1,000000000000000;1,000000000000000;1,000000000000000;1,000000000000000;1,000000000000000;1,000000000000000;1,000000000000000;1,000000000000000;1,000000000000000;1,000000000000000
2021-05-09;alle;16;16,0;16;16;16;16;16;16;16;16;16;16;175;175,0;175;175;175;175;175;175;175;175;175;175;NA;NA;NA;NA;NA;NA;NA;NA;NA;NA;NA
2021-05-08;0-60;4;4,0;4;4;4;4;4;4;4;4;4;4;60;60,0;60;60;60;60;60;60;60;60;60;60;1,000000000000000;1,000000000000000;1,000000000000000;1,000000000000000;1,000000000000000;1,000000000000000;1,000000000000000;1,000000000000000;1,000000000000000;1,000000000000000;1,000000000000000
2021-05-08;60+;30;30,0;30;30;30;30;30;30;30;30;30;30;136;136,0;136;136;136;136;136;136;136;136;136;136;1,000000000000000;1,000000000000000;1,000000000000000;1,000000000000000;1,000000000000000;1,000000000000000;1,000000000000000;1,000000000000000;1,000000000000000;1,000000000000000;1,000000000000000
2021-05-08;alle;34;34,0;34;34;34;34;34;34;34;34;34;34;196;196,0;196;196;196;196;196;196;196;196;196;196;NA;NA;NA;NA;NA;NA;NA;NA;NA;NA;NA
2021-05-07;0-60;6;6,0;6;6;6;6;6;6;6;6;6;6;70;70,0;70;70;70;70;70;70;70;70;70;70;1,000000000000000;1,000000000000000;1,000000000000000;1,000000000000000;1,000000000000000;1,000000000000000;1,000000000000000;1,000000000000000;1,000000000000000;1,000000000000000;1,000000000000000
2021-05-07;60+;26;26,0;26;26;26;26;26;26;26;26;26;26;130;130,0;130;130;130;130;130;130;130;130;130;130;1,000000000000000;1,000000000000000;1,000000000000000;1,000000000000000;1,000000000000000;1,000000000000000;1,000000000000000;1,000000000000000;1,000000000000000;1,000000000000000;1,000000000000000
2021-05-07;alle;32;32,0;32;32;32;32;32;32;32;32;32;32;200;200,0;200;200;200;200;200;200;200;200;200;200;NA;NA;NA;NA;NA;NA;NA;NA;NA;NA;NA
2021-05-06;0-60;9;9,0;9;9;9;9;9;9;9;9;9;9;75;75,0;75;75;75;75;75;75;75;75;75;75;1,000000000000000;1,000000000000000;1,000000000000000;1,000000000000000;1,000000000000000;1,000000000000000;1,000000000000000;1,000000000000000;1,000000000000000;1,000000000000000;1,000000000000000
2021-05-06;60+;14;14,0;14;14;14;14;14;14;14;14;14;14;126;126,0;126;126;126;126;126;126;126;126;126;126;1,000000000000000;1,000000000000000;1,000000000000000;1,000000000000000;1,000000000000000;1,000000000000000;1,000000000000000;1,000000000000000;1,000000000000000;1,000000000000000;1,000000000000000
2021-05-06;alle;23;23,0;23;23;23;23;23;23;23;23;23;23;201;201,0;201;201;201;201;201;201;201;201;201;201;NA;NA;NA;NA;NA;NA;NA;NA;NA;NA;NA
2021-05-05;0-60;12;12,0;12;12;12;12;12;12;12;12;12;12;82;82,0;82;82;82;82;82;82;82;82;82;82;1,000000000000000;1,000000000000000;1,000000000000000;1,000000000000000;1,000000000000000;1,000000000000000;1,000000000000000;1,000000000000000;1,000000000000000;1,000000000000000;1,000000000000000
2021-05-05;60+;19;19,0;19;19;19;19;19;19;19;19;19;19;132;132,0;132;132;132;132;132;132;132;132;132;132;1,000000000000000;1,000000000000000;1,000000000000000;1,000000000000000;1,000000000000000;1,000000000000000;1,000000000000000;1,000000000000000;1,000000000000000;1,000000000000000;1,000000000000000
2021-05-05;alle;31;31,0;31;31;31;31;31;31;31;31;31;31;214;214,0;214;214;214;214;214;214;214;214;214;214;NA;NA;NA;NA;NA;NA;NA;NA;NA;NA;NA
2021-05-04;0-60;8;8,0;8;8;8;8;8;8;8;8;8;8;88;88,0;88;88;88;88;88;88;88;88;88;88;1,000000000000000;1,000000000000000;1,000000000000000;1,000000000000000;1,000000000000000;1,000000000000000;1,000000000000000;1,000000000000000;1,000000000000000;1,000000000000000;1,000000000000000
2021-05-04;60+;14;14,0;14;14;14;14;14;14;14;14;14;14;147;147,0;147;147;147;147;147;147;147;147;147;147;1,000000000000000;1,000000000000000;1,000000000000000;1,000000000000000;1,000000000000000;1,000000000000000;1,000000000000000;1,000000000000000;1,000000000000000;1,000000000000000;1,000000000000000
2021-05-04;alle;22;22,0;22;22;22;22;22;22;22;22;22;22;235;235,0;235;235;235;235;235;235;235;235;235;235;NA;NA;NA;NA;NA;NA;NA;NA;NA;NA;NA
2021-05-03;0-60;8;8,0;8;8;8;8;8;8;8;8;8;8;85;85,0;85;85;85;85;85;85;85;85;85;85;1,000000000000000;1,000000000000000;1,000000000000000;1,000000000000000;1,000000000000000;1,000000000000000;1,000000000000000;1,000000000000000;1,000000000000000;1,000000000000000;1,000000000000000
2021-05-03;60+;9;9,0;9;9;9;9;9;9;9;9;9;9;153;153,0;153;153;153;153;153;153;153;153;153;153;1,000000000000000;1,000000000000000;1,000000000000000;1,000000000000000;1,000000000000000;1,000000000000000;1,000000000000000;1,000000000000000;1,000000000000000;1,000000000000000;1,000000000000000
2021-05-03;alle;17;17,0;17;17;17;17;17;17;17;17;17;17;238;238,0;238;238;238;238;238;238;238;238;238;238;NA;NA;NA;NA;NA;NA;NA;NA;NA;NA;NA
2021-05-02;0-60;13;13,0;13;13;13;13;13;13;13;13;13;13;84;84,0;84;84;84;84;84;84;84;84;84;84;1,000000000000000;1,000000000000000;1,000000000000000;1,000000000000000;1,000000000000000;1,000000000000000;1,000000000000000;1,000000000000000;1,000000000000000;1,000000000000000;1,000000000000000
2021-05-02;60+;24;24,0;24;24;24;24;24;24;24;24;24;24;163;163,0;163;163;163;163;163;163;163;163;163;163;1,000000000000000;1,000000000000000;1,000000000000000;1,000000000000000;1,000000000000000;1,000000000000000;1,000000000000000;1,000000000000000;1,000000000000000;1,000000000000000;1,000000000000000
2021-05-02;alle;37;37,0;37;37;37;37;37;37;37;37;37;37;247;247,0;247;247;247;247;247;247;247;247;247;247;NA;NA;NA;NA;NA;NA;NA;NA;NA;NA;NA
2021-05-01;0-60;14;14,0;14;14;14;14;14;14;14;14;14;14;78;78,0;78;78;78;78;78;78;78;78;78;78;1,000000000000000;1,000000000000000;1,000000000000000;1,000000000000000;1,000000000000000;1,000000000000000;1,000000000000000;1,000000000000000;1,000000000000000;1,000000000000000;1,000000000000000
2021-05-01;60+;24;24,0;24;24;24;24;24;24;24;24;24;24;166;166,0;166;166;166;166;166;166;166;166;166;166;1,000000000000000;1,000000000000000;1,000000000000000;1,000000000000000;1,000000000000000;1,000000000000000;1,000000000000000;1,000000000000000;1,000000000000000;1,000000000000000;1,000000000000000
2021-05-01;alle;38;38,0;38;38;38;38;38;38;38;38;38;38;244;244,0;244;244;244;244;244;244;244;244;244;244;NA;NA;NA;NA;NA;NA;NA;NA;NA;NA;NA
2021-04-30;0-60;11;11,0;11;11;11;11;11;11;11;11;11;11;77;77,0;77;77;77;77;77;77;77;77;77;77;1,000000000000000;1,000000000000000;1,000000000000000;1,000000000000000;1,000000000000000;1,000000000000000;1,000000000000000;1,000000000000000;1,000000000000000;1,000000000000000;1,000000000000000
2021-04-30;60+;22;22,0;22;22;22;22;22;22;22;22;22;22;192;192,0;192;192;192;192;192;192;192;192;192;192;1,000000000000000;1,000000000000000;1,000000000000000;1,000000000000000;1,000000000000000;1,000000000000000;1,000000000000000;1,000000000000000;1,000000000000000;1,000000000000000;1,000000000000000
2021-04-30;alle;33;33,0;33;33;33;33;33;33;33;33;33;33;269;269,0;269;269;269;269;269;269;269;269;269;269;NA;NA;NA;NA;NA;NA;NA;NA;NA;NA;NA
2021-04-29;0-60;16;16,0;16;16;16;16;16;16;16;16;16;16;86;86,0;86;86;86;86;86;86;86;86;86;86;1,000000000000000;1,000000000000000;1,000000000000000;1,000000000000000;1,000000000000000;1,000000000000000;1,000000000000000;1,000000000000000;1,000000000000000;1,000000000000000;1,000000000000000
2021-04-29;60+;20;20,0;20;20;20;20;20;20;20;20;20;20;206;206,0;206;206;206;206;206;206;206;206;206;206;1,000000000000000;1,000000000000000;1,000000000000000;1,000000000000000;1,000000000000000;1,000000000000000;1,000000000000000;1,000000000000000;1,000000000000000;1,000000000000000;1,000000000000000
2021-04-29;alle;36;36,0;36;36;36;36;36;36;36;36;36;36;292;292,0;292;292;292;292;292;292;292;292;292;292;NA;NA;NA;NA;NA;NA;NA;NA;NA;NA;NA
2021-04-28;0-60;18;18,0;18;18;18;18;18;18;18;18;18;18;85;85,0;85;85;85;85;85;85;85;85;85;85;1,000000000000000;1,000000000000000;1,000000000000000;1,000000000000000;1,000000000000000;1,000000000000000;1,000000000000000;1,000000000000000;1,000000000000000;1,000000000000000;1,000000000000000
2021-04-28;60+;34;34,0;34;34;34;34;34;34;34;34;34;34;218;218,0;218;218;218;218;218;218;218;218;218;218;1,000000000000000;1,000000000000000;1,000000000000000;1,000000000000000;1,000000000000000;1,000000000000000;1,000000000000000;1,000000000000000;1,000000000000000;1,000000000000000;1,000000000000000
2021-04-28;alle;52;52,0;52;52;52;52;52;52;52;52;52;52;303;303,0;303;303;303;303;303;303;303;303;303;303;NA;NA;NA;NA;NA;NA;NA;NA;NA;NA;NA
2021-04-27;0-60;5;5,0;5;5;5;5;5;5;5;5;5;5;78;78,0;78;78;78;78;78;78;78;78;78;78;1,000000000000000;1,000000000000000;1,000000000000000;1,000000000000000;1,000000000000000;1,000000000000000;1,000000000000000;1,000000000000000;1,000000000000000;1,000000000000000;1,000000000000000
2021-04-27;60+;20;20,0;20;20;20;20;20;20;20;20;20;20;218;218,0;218;218;218;218;218;218;218;218;218;218;1,000000000000000;1,000000000000000;1,000000000000000;1,000000000000000;1,000000000000000;1,000000000000000;1,000000000000000;1,000000000000000;1,000000000000000;1,000000000000000;1,000000000000000
2021-04-27;alle;25;25,0;25;25;25;25;25;25;25;25;25;25;296;296,0;296;296;296;296;296;296;296;296;296;296;NA;NA;NA;NA;NA;NA;NA;NA;NA;NA;NA
2021-04-26;0-60;7;7,0;7;7;7;7;7;7;7;7;7;7;84;84,0;84;84;84;84;84;84;84;84;84;84;1,000000000000000;1,000000000000000;1,000000000000000;1,000000000000000;1,000000000000000;1,000000000000000;1,000000000000000;1,000000000000000;1,000000000000000;1,000000000000000;1,000000000000000
2021-04-26;60+;19;19,0;19;19;19;19;19;19;19;19;19;19;214;214,0;214;214;214;214;214;214;214;214;214;214;1,000000000000000;1,000000000000000;1,000000000000000;1,000000000000000;1,000000000000000;1,000000000000000;1,000000000000000;1,000000000000000;1,000000000000000;1,000000000000000;1,000000000000000
2021-04-26;alle;26;26,0;26;26;26;26;26;26;26;26;26;26;298;298,0;298;298;298;298;298;298;298;298;298;298;NA;NA;NA;NA;NA;NA;NA;NA;NA;NA;NA
2021-04-25;0-60;7;7,0;7;7;7;7;7;7;7;7;7;7;81;81,0;81;81;81;81;81;81;81;81;81;81;1,000000000000000;1,000000000000000;1,000000000000000;1,000000000000000;1,000000000000000;1,000000000000000;1,000000000000000;1,000000000000000;1,000000000000000;1,000000000000000;1,000000000000000
2021-04-25;60+;27;27,0;27;27;27;27;27;27;27;27;27;27;215;215,0;215;215;215;215;215;215;215;215;215;215;1,000000000000000;1,000000000000000;1,000000000000000;1,000000000000000;1,000000000000000;1,000000000000000;1,000000000000000;1,000000000000000;1,000000000000000;1,000000000000000;1,000000000000000
2021-04-25;alle;34;34,0;34;34;34;34;34;34;34;34;34;34;296;296,0;296;296;296;296;296;296;296;296;296;296;NA;NA;NA;NA;NA;NA;NA;NA;NA;NA;NA
2021-04-24;0-60;13;13,0;13;13;13;13;13;13;13;13;13;13;85;85,0;85;85;85;85;85;85;85;85;85;85;1,000000000000000;1,000000000000000;1,000000000000000;1,000000000000000;1,000000000000000;1,000000000000000;1,000000000000000;1,000000000000000;1,000000000000000;1,000000000000000;1,000000000000000
2021-04-24;60+;50;50,0;50;50;50;50;50;50;50;50;50;50;201;201,0;201;201;201;201;201;201;201;201;201;201;1,000000000000000;1,000000000000000;1,000000000000000;1,000000000000000;1,000000000000000;1,000000000000000;1,000000000000000;1,000000000000000;1,000000000000000;1,000000000000000;1,000000000000000
2021-04-24;alle;63;63,0;63;63;63;63;63;63;63;63;63;63;286;286,0;286;286;286;286;286;286;286;286;286;286;NA;NA;NA;NA;NA;NA;NA;NA;NA;NA;NA
2021-04-23;0-60;20;20,0;20;20;20;20;20;20;20;20;20;20;96;96,0;96;96;96;96;96;96;96;96;96;96;1,000000000000000;1,000000000000000;1,000000000000000;1,000000000000000;1,000000000000000;1,000000000000000;1,000000000000000;1,000000000000000;1,000000000000000;1,000000000000000;1,000000000000000
2021-04-23;60+;36;36,0;36;36;36;36;36;36;36;36;36;36;182;182,0;182;182;182;182;182;182;182;182;182;182;1,000000000000000;1,000000000000000;1,000000000000000;1,000000000000000;1,000000000000000;1,000000000000000;1,000000000000000;1,000000000000000;1,000000000000000;1,000000000000000;1,000000000000000
2021-04-23;alle;56;56,0;56;56;56;56;56;56;56;56;56;56;278;278,0;278;278;278;278;278;278;278;278;278;278;NA;NA;NA;NA;NA;NA;NA;NA;NA;NA;NA
2021-04-22;0-60;15;15,0;15;15;15;15;15;15;15;15;15;15;87;87,0;87;87;87;87;87;87;87;87;87;87;1,000000000000000;1,000000000000000;1,000000000000000;1,000000000000000;1,000000000000000;1,000000000000000;1,000000000000000;1,000000000000000;1,000000000000000;1,000000000000000;1,000000000000000
2021-04-22;60+;32;32,0;32;32;32;32;32;32;32;32;32;32;184;184,0;184;184;184;184;184;184;184;184;184;184;1,000000000000000;1,000000000000000;1,000000000000000;1,000000000000000;1,000000000000000;1,000000000000000;1,000000000000000;1,000000000000000;1,000000000000000;1,000000000000000;1,000000000000000
2021-04-22;alle;47;47,0;47;47;47;47;47;47;47;47;47;47;271;271,0;271;271;271;271;271;271;271;271;271;271;NA;NA;NA;NA;NA;NA;NA;NA;NA;NA;NA
2021-04-21;0-60;11;11,0;11;11;11;11;11;11;11;11;11;11;87;87,0;87;87;87;87;87;87;87;87;87;87;1,000000000000000;1,000000000000000;1,000000000000000;1,000000000000000;1,000000000000000;1,000000000000000;1,000000000000000;1,000000000000000;1,000000000000000;1,000000000000000;1,000000000000000
2021-04-21;60+;34;34,0;34;34;34;34;34;34;34;34;34;34;184;184,0;184;184;184;184;184;184;184;184;184;184;1,000000000000000;1,000000000000000;1,000000000000000;1,000000000000000;1,000000000000000;1,000000000000000;1,000000000000000;1,000000000000000;1,000000000000000;1,000000000000000;1,000000000000000
2021-04-21;alle;45;45,0;45;45;45;45;45;45;45;45;45;45;271;271,0;271;271;271;271;271;271;271;271;271;271;NA;NA;NA;NA;NA;NA;NA;NA;NA;NA;NA
2021-04-20;0-60;11;11,0;11;11;11;11;11;11;11;11;11;11;88;88,0;88;88;88;88;88;88;88;88;88;88;1,000000000000000;1,000000000000000;1,000000000000000;1,000000000000000;1,000000000000000;1,000000000000000;1,000000000000000;1,000000000000000;1,000000000000000;1,000000000000000;1,000000000000000
2021-04-20;60+;16;16,0;16;16;16;16;16;16;16;16;16;16;189;189,0;189;189;189;189;189;189;189;189;189;189;1,000000000000000;1,000000000000000;1,000000000000000;1,000000000000000;1,000000000000000;1,000000000000000;1,000000000000000;1,000000000000000;1,000000000000000;1,000000000000000;1,000000000000000
2021-04-20;alle;27;27,0;27;27;27;27;27;27;27;27;27;27;277;277,0;277;277;277;277;277;277;277;277;277;277;NA;NA;NA;NA;NA;NA;NA;NA;NA;NA;NA
2021-04-19;0-60;4;4,0;4;4;4;4;4;4;4;4;4;4;89;89,0;89;89;89;89;89;89;89;89;89;89;1,000000000000000;1,000000000000000;1,000000000000000;1,000000000000000;1,000000000000000;1,000000000000000;1,000000000000000;1,000000000000000;1,000000000000000;1,000000000000000;1,000000000000000
2021-04-19;60+;20;20,0;20;20;20;20;20;20;20;20;20;20;194;194,0;194;194;194;194;194;194;194;194;194;194;1,000000000000000;1,000000000000000;1,000000000000000;1,000000000000000;1,000000000000000;1,000000000000000;1,000000000000000;1,000000000000000;1,000000000000000;1,000000000000000;1,000000000000000
2021-04-19;alle;24;24,0;24;24;24;24;24;24;24;24;24;24;283;283,0;283;283;283;283;283;283;283;283;283;283;NA;NA;NA;NA;NA;NA;NA;NA;NA;NA;NA
2021-04-18;0-60;11;11,0;11;11;11;11;11;11;11;11;11;11;95;95,0;95;95;95;95;95;95;95;95;95;95;1,000000000000000;1,000000000000000;1,000000000000000;1,000000000000000;1,000000000000000;1,000000000000000;1,000000000000000;1,000000000000000;1,000000000000000;1,000000000000000;1,000000000000000
2021-04-18;60+;13;13,0;13;13;13;13;13;13;13;13;13;13;183;183,0;183;183;183;183;183;183;183;183;183;183;1,000000000000000;1,000000000000000;1,000000000000000;1,000000000000000;1,000000000000000;1,000000000000000;1,000000000000000;1,000000000000000;1,000000000000000;1,000000000000000;1,000000000000000
2021-04-18;alle;24;24,0;24;24;24;24;24;24;24;24;24;24;278;278,0;278;278;278;278;278;278;278;278;278;278;NA;NA;NA;NA;NA;NA;NA;NA;NA;NA;NA
2021-04-17;0-60;24;24,0;24;24;24;24;24;24;24;24;24;24;92;92,0;92;92;92;92;92;92;92;92;92;92;1,000000000000000;1,000000000000000;1,000000000000000;1,000000000000000;1,000000000000000;1,000000000000000;1,000000000000000;1,000000000000000;1,000000000000000;1,000000000000000;1,000000000000000
2021-04-17;60+;31;31,0;31;31;31;31;31;31;31;31;31;31;189;189,0;189;189;189;189;189;189;189;189;189;189;1,000000000000000;1,000000000000000;1,000000000000000;1,000000000000000;1,000000000000000;1,000000000000000;1,000000000000000;1,000000000000000;1,000000000000000;1,000000000000000;1,000000000000000
2021-04-17;alle;55;55,0;55;55;55;55;55;55;55;55;55;55;281;281,0;281;281;281;281;281;281;281;281;281;281;NA;NA;NA;NA;NA;NA;NA;NA;NA;NA;NA
2021-04-16;0-60;11;11,0;11;11;11;11;11;11;11;11;11;11;89;89,0;89;89;89;89;89;89;89;89;89;89;1,000000000000000;1,000000000000000;1,000000000000000;1,000000000000000;1,000000000000000;1,000000000000000;1,000000000000000;1,000000000000000;1,000000000000000;1,000000000000000;1,000000000000000
2021-04-16;60+;38;38,0;38;38;38;38;38;38;38;38;38;38;206;206,0;206;206;206;206;206;206;206;206;206;206;1,000000000000000;1,000000000000000;1,000000000000000;1,000000000000000;1,000000000000000;1,000000000000000;1,000000000000000;1,000000000000000;1,000000000000000;1,000000000000000;1,000000000000000
2021-04-16;alle;49;49,0;49;49;49;49;49;49;49;49;49;49;295;295,0;295;295;295;295;295;295;295;295;295;295;NA;NA;NA;NA;NA;NA;NA;NA;NA;NA;NA
2021-04-15;0-60;15;15,0;15;15;15;15;15;15;15;15;15;15;91;91,0;91;91;91;91;91;91;91;91;91;91;1,000000000000000;1,000000000000000;1,000000000000000;1,000000000000000;1,000000000000000;1,000000000000000;1,000000000000000;1,000000000000000;1,000000000000000;1,000000000000000;1,000000000000000
2021-04-15;60+;32;32,0;32;32;32;32;32;32;32;32;32;32;201;201,0;201;201;201;201;201;201;201;201;201;201;1,000000000000000;1,000000000000000;1,000000000000000;1,000000000000000;1,000000000000000;1,000000000000000;1,000000000000000;1,000000000000000;1,000000000000000;1,000000000000000;1,000000000000000
2021-04-15;alle;47;47,0;47;47;47;47;47;47;47;47;47;47;292;292,0;292;292;292;292;292;292;292;292;292;292;NA;NA;NA;NA;NA;NA;NA;NA;NA;NA;NA
2021-04-14;0-60;12;12,0;12;12;12;12;12;12;12;12;12;12;90;90,0;90;90;90;90;90;90;90;90;90;90;1,000000000000000;1,000000000000000;1,000000000000000;1,000000000000000;1,000000000000000;1,000000000000000;1,000000000000000;1,000000000000000;1,000000000000000;1,000000000000000;1,000000000000000
2021-04-14;60+;39;39,0;39;39;39;39;39;39;39;39;39;39;200;200,0;200;200;200;200;200;200;200;200;200;200;1,000000000000000;1,000000000000000;1,000000000000000;1,000000000000000;1,000000000000000;1,000000000000000;1,000000000000000;1,000000000000000;1,000000000000000;1,000000000000000;1,000000000000000
2021-04-14;alle;51;51,0;51;51;51;51;51;51;51;51;51;51;290;290,0;290;290;290;290;290;290;290;290;290;290;NA;NA;NA;NA;NA;NA;NA;NA;NA;NA;NA
2021-04-13;0-60;12;12,0;12;12;12;12;12;12;12;12;12;12;93;93,0;93;93;93;93;93;93;93;93;93;93;1,000000000000000;1,000000000000000;1,000000000000000;1,000000000000000;1,000000000000000;1,000000000000000;1,000000000000000;1,000000000000000;1,000000000000000;1,000000000000000;1,000000000000000
2021-04-13;60+;21;21,0;21;21;21;21;21;21;21;21;21;21;200;200,0;200;200;200;200;200;200;200;200;200;200;1,000000000000000;1,000000000000000;1,000000000000000;1,000000000000000;1,000000000000000;1,000000000000000;1,000000000000000;1,000000000000000;1,000000000000000;1,000000000000000;1,000000000000000
2021-04-13;alle;33;33,0;33;33;33;33;33;33;33;33;33;33;293;293,0;293;293;293;293;293;293;293;293;293;293;NA;NA;NA;NA;NA;NA;NA;NA;NA;NA;NA
2021-04-12;0-60;10;10,0;10;10;10;10;10;10;10;10;10;10;90;90,0;90;90;90;90;90;90;90;90;90;90;1,000000000000000;1,000000000000000;1,000000000000000;1,000000000000000;1,000000000000000;1,000000000000000;1,000000000000000;1,000000000000000;1,000000000000000;1,000000000000000;1,000000000000000
2021-04-12;60+;9;9,0;9;9;9;9;9;9;9;9;9;9;194;194,0;194;194;194;194;194;194;194;194;194;194;1,000000000000000;1,000000000000000;1,000000000000000;1,000000000000000;1,000000000000000;1,000000000000000;1,000000000000000;1,000000000000000;1,000000000000000;1,000000000000000;1,000000000000000
2021-04-12;alle;19;19,0;19;19;19;19;19;19;19;19;19;19;284;284,0;284;284;284;284;284;284;284;284;284;284;NA;NA;NA;NA;NA;NA;NA;NA;NA;NA;NA
2021-04-11;0-60;8;8,0;8;8;8;8;8;8;8;8;8;8;NA;NA;NA;NA;NA;NA;NA;NA;NA;NA;NA;NA;1,000000000000000;1,000000000000000;1,000000000000000;1,000000000000000;1,000000000000000;1,000000000000000;1,000000000000000;1,000000000000000;1,000000000000000;1,000000000000000;1,000000000000000
2021-04-11;60+;19;19,0;19;19;19;19;19;19;19;19;19;19;NA;NA;NA;NA;NA;NA;NA;NA;NA;NA;NA;NA;1,000000000000000;1,000000000000000;1,000000000000000;1,000000000000000;1,000000000000000;1,000000000000000;1,000000000000000;1,000000000000000;1,000000000000000;1,000000000000000;1,000000000000000
2021-04-11;alle;27;27,0;27;27;27;27;27;27;27;27;27;27;NA;NA;NA;NA;NA;NA;NA;NA;NA;NA;NA;NA;NA;NA;NA;NA;NA;NA;NA;NA;NA;NA;NA
2021-04-10;0-60;21;21,0;21;21;21;21;21;21;21;21;21;21;NA;NA;NA;NA;NA;NA;NA;NA;NA;NA;NA;NA;1,000000000000000;1,000000000000000;1,000000000000000;1,000000000000000;1,000000000000000;1,000000000000000;1,000000000000000;1,000000000000000;1,000000000000000;1,000000000000000;1,000000000000000
2021-04-10;60+;48;48,0;48;48;48;48;48;48;48;48;48;48;NA;NA;NA;NA;NA;NA;NA;NA;NA;NA;NA;NA;1,000000000000000;1,000000000000000;1,000000000000000;1,000000000000000;1,000000000000000;1,000000000000000;1,000000000000000;1,000000000000000;1,000000000000000;1,000000000000000;1,000000000000000
2021-04-10;alle;69;69,0;69;69;69;69;69;69;69;69;69;69;NA;NA;NA;NA;NA;NA;NA;NA;NA;NA;NA;NA;NA;NA;NA;NA;NA;NA;NA;NA;NA;NA;NA
2021-04-09;0-60;13;13,0;13;13;13;13;13;13;13;13;13;13;NA;NA;NA;NA;NA;NA;NA;NA;NA;NA;NA;NA;1,000000000000000;1,000000000000000;1,000000000000000;1,000000000000000;1,000000000000000;1,000000000000000;1,000000000000000;1,000000000000000;1,000000000000000;1,000000000000000;1,000000000000000
2021-04-09;60+;33;33,0;33;33;33;33;33;33;33;33;33;33;NA;NA;NA;NA;NA;NA;NA;NA;NA;NA;NA;NA;1,000000000000000;1,000000000000000;1,000000000000000;1,000000000000000;1,000000000000000;1,000000000000000;1,000000000000000;1,000000000000000;1,000000000000000;1,000000000000000;1,000000000000000
2021-04-09;alle;46;46,0;46;46;46;46;46;46;46;46;46;46;NA;NA;NA;NA;NA;NA;NA;NA;NA;NA;NA;NA;NA;NA;NA;NA;NA;NA;NA;NA;NA;NA;NA
2021-04-08;0-60;14;14,0;14;14;14;14;14;14;14;14;14;14;NA;NA;NA;NA;NA;NA;NA;NA;NA;NA;NA;NA;1,000000000000000;1,000000000000000;1,000000000000000;1,000000000000000;1,000000000000000;1,000000000000000;1,000000000000000;1,000000000000000;1,000000000000000;1,000000000000000;1,000000000000000
2021-04-08;60+;31;31,0;31;31;31;31;31;31;31;31;31;31;NA;NA;NA;NA;NA;NA;NA;NA;NA;NA;NA;NA;1,000000000000000;1,000000000000000;1,000000000000000;1,000000000000000;1,000000000000000;1,000000000000000;1,000000000000000;1,000000000000000;1,000000000000000;1,000000000000000;1,000000000000000
2021-04-08;alle;45;45,0;45;45;45;45;45;45;45;45;45;45;NA;NA;NA;NA;NA;NA;NA;NA;NA;NA;NA;NA;NA;NA;NA;NA;NA;NA;NA;NA;NA;NA;NA
2021-04-07;0-60;15;15,0;15;15;15;15;15;15;15;15;15;15;NA;NA;NA;NA;NA;NA;NA;NA;NA;NA;NA;NA;1,000000000000000;1,000000000000000;1,000000000000000;1,000000000000000;1,000000000000000;1,000000000000000;1,000000000000000;1,000000000000000;1,000000000000000;1,000000000000000;1,000000000000000
2021-04-07;60+;39;39,0;39;39;39;39;39;39;39;39;39;39;NA;NA;NA;NA;NA;NA;NA;NA;NA;NA;NA;NA;1,000000000000000;1,000000000000000;1,000000000000000;1,000000000000000;1,000000000000000;1,000000000000000;1,000000000000000;1,000000000000000;1,000000000000000;1,000000000000000;1,000000000000000
2021-04-07;alle;54;54,0;54;54;54;54;54;54;54;54;54;54;NA;NA;NA;NA;NA;NA;NA;NA;NA;NA;NA;NA;NA;NA;NA;NA;NA;NA;NA;NA;NA;NA;NA
2021-04-06;0-60;9;9,0;9;9;9;9;9;9;9;9;9;9;NA;NA;NA;NA;NA;NA;NA;NA;NA;NA;NA;NA;1,000000000000000;1,000000000000000;1,000000000000000;1,000000000000000;1,000000000000000;1,000000000000000;1,000000000000000;1,000000000000000;1,000000000000000;1,000000000000000;1,000000000000000
2021-04-06;60+;15;15,0;15;15;15;15;15;15;15;15;15;15;NA;NA;NA;NA;NA;NA;NA;NA;NA;NA;NA;NA;1,000000000000000;1,000000000000000;1,000000000000000;1,000000000000000;1,000000000000000;1,000000000000000;1,000000000000000;1,000000000000000;1,000000000000000;1,000000000000000;1,000000000000000
2021-04-06;alle;24;24,0;24;24;24;24;24;24;24;24;24;24;NA;NA;NA;NA;NA;NA;NA;NA;NA;NA;NA;NA;NA;NA;NA;NA;NA;NA;NA;NA;NA;NA;NA
