date;age60;reported;nowcast_est;nowcast_0.025;nowcast_0.1;nowcast_0.25;nowcast_0.5;nowcast_0.75;nowcast_0.8;nowcast_0.85;nowcast_0.9;nowcast_0.95;nowcast_0.975;reported7;nowcast7_est;nowcast7_0.025;nowcast7_0.1;nowcast7_0.25;nowcast7_0.5;nowcast7_0.75;nowcast7_0.8;nowcast7_0.85;nowcast7_0.9;nowcast7_0.95;nowcast7_0.975;F_est;F_0.025;F_0.1;F_0.25;F_0.5;F_0.75;F_0.8;F_0.85;F_0.9;F_0.95;F_0.975
2024-02-08;0-60;1;2,4;1;1;1;2;3;4;4;4;5;6;10;13,0;10;11;12;13;14;15;15;16,0;17,0;18,2;0,418806054452181;0,574745308299705;0,520195280680236;0,471999167488295;0,415083284858027;0,359088212470969;0,343938962030848;0,328709469758341;0,309705559020650;0,279157869720272;0,251891576390954
2024-02-08;60+;1;2,2;1;1;1;2;3;3;4;4;5;5;27;36,1;30;32;34;36;39;40;41;42,0;44,0;46,0;0,444582682016961;0,583813514351057;0,538502395601505;0,494399057022733;0,443679675186691;0,392609740638277;0,379909981514140;0,365723381695409;0,345701777107460;0,317017610030021;0,290195448066752
2024-02-08;alle;2;4,6;2;3;3;5;6;6;7;7;8;9;37;49,1;42;44;46;49;53;54;55;57,0;59,0;62,0;NA;NA;NA;NA;NA;NA;NA;NA;NA;NA;NA
2024-02-07;0-60;1;1,6;1;1;1;1;2;2;2;3;3;4;10;11,7;10;10;11;12;13;13;13;14,0;15,0;16,0;0,637702188016637;0,757585114763405;0,719363190499186;0,680479605957024;0,634590723658724;0,584609068213502;0,572365859408793;0,557690822546158;0,537765234054595;0,510481507153671;0,482590918490886
2024-02-07;60+;7;11,0;7;8;9;11;13;13;14;14;16;17;33;41,2;36;37;39;41;44;45;46;47,0;49,0;51,0;0,635587445736575;0,748899059535552;0,714376477189012;0,678575056537236;0,635166100683053;0,588048873423332;0,576316140571152;0,563741907166103;0,546516875350963;0,519026014079915;0,495826192050244
2024-02-07;alle;8;12,6;9;10;11;13;14;15;15;16;18;19;43;52,9;47;48;51;53;56;57;58;59,0;62,0;64,0;NA;NA;NA;NA;NA;NA;NA;NA;NA;NA;NA
2024-02-06;0-60;4;4,6;4;4;4;4;5;5;6;6;6;7;9;10,1;9;9;9;10;11;11;11;12,0;13,0;13,0;0,860410513041066;0,911175828087542;0,895528545223958;0,878858072437128;0,857676363409862;0,833139110687622;0,826692248514690;0,818717972336279;0,807898593907408;0,790741528199329;0,772489268123288
2024-02-06;60+;12;14,2;12;12;13;14;15;15;16;16;17;18;36;40,6;37;38;39;41;42;43;44;44,0;46,0;47,0;0,847942974058083;0,899848316630994;0,883471432136079;0,867617751821256;0,847504518668870;0,823804813094029;0,817590228978815;0,810295611840799;0,800935910362927;0,784572635436916;0,769518215357958
2024-02-06;alle;16;18,8;16;17;18;19;20;20;21;21;22;23;45;50,7;46;48;49;51;53;54;54;55,0;57,0;58,0;NA;NA;NA;NA;NA;NA;NA;NA;NA;NA;NA
2024-02-05;0-60;0;0,0;0;0;0;0;0;0;0;0;0;0;7;7,5;7;7;7;7;8;8;8;8,9;9,0;9,7;0,571851616340398;0,738445618633970;0,683009672499802;0,626581878735365;0,559552610313979;0,483979976820543;0,464120105894006;0,439646230426772;0,407885830603583;0,359962451296127;0,313957123263918
2024-02-05;60+;1;1,9;1;1;1;2;3;3;3;4;4;5;45;47,9;45;46;47;48;49;50;50;51,0;52,0;53,0;0,513658783829007;0,686233599788109;0,630350320467511;0,576236919032934;0,510296274158872;0,438474739050864;0,420418148195080;0,399557347772619;0,373901848122289;0,332990570243870;0,297149733678436
2024-02-05;alle;1;1,9;1;1;1;2;3;3;3;4;4;5;52;55,4;52;53;54;55;57;58;58;59,0;60,0;61,0;NA;NA;NA;NA;NA;NA;NA;NA;NA;NA;NA
2024-02-04;0-60;0;0,0;0;0;0;0;0;0;0;0;0;0;7;7,5;7;7;7;7;8;8;8;8,9;9,0;9,7;0,687698336198040;0,809813425694234;0,769306953418521;0,728232201945475;0,673707546455296;0,609018916846164;0,592095376573257;0,571059073949018;0,538260237697322;0,493926788654150;0,438386284441149
2024-02-04;60+;0;0,0;0;0;0;0;0;0;0;0;0;0;46;48,2;46;46;47;48;49;50;50;51,0;51,0;52,0;0,621665423183258;0,750141915564057;0,709776395242691;0,668040536297130;0,615649012999833;0,561253688461873;0,546873366277919;0,527635206695995;0,505189717614751;0,471432716347742;0,433496562594946
2024-02-04;alle;0;0,0;0;0;0;0;0;0;0;0;0;0;53;55,7;53;54;55;56;57;57;58;59,0;60,0;61,0;NA;NA;NA;NA;NA;NA;NA;NA;NA;NA;NA
2024-02-03;0-60;1;1,2;1;1;1;1;1;2;2;2;2;3;7;7,5;7;7;7;7;8;8;8;8,9;9,0;9,7;0,833986114543898;0,899154461972146;0,877953921840318;0,854652728518556;0,823764521482967;0,785332808299529;0,774276014565239;0,759781487962043;0,740831600933444;0,701348201817845;0,655863704370578
2024-02-03;60+;1;1,3;1;1;1;1;1;2;2;2;2;3;49;51,5;49;50;50;51;53;53;54;54,0;55,0;56,0;0,784733198384409;0,853263991910665;0,830971747904055;0,809132446922449;0,780965882256544;0,749186499582247;0,740900213748323;0,730328025132072;0,716139028023218;0,692372357497517;0,668426874997714
2024-02-03;alle;2;2,5;2;2;2;2;3;3;3;4;4;5;56;59,0;56;57;58;59;60;61;61;62,0;63,0;64,0;NA;NA;NA;NA;NA;NA;NA;NA;NA;NA;NA
2024-02-02;0-60;3;3,2;3;3;3;3;3;4;4;4;4;5;10;10,4;10;10;10;10;11;11;11;12,0;12,0;12,9;0,936988932188698;0,964852831655563;0,955782106566920;0,946088783550127;0,932189369249588;0,913776983840082;0,908055112276571;0,901815080798527;0,891258103716374;0,870037208820344;0,839601423724318
2024-02-02;60+;5;5,5;5;5;5;5;6;6;6;6;7;7;55;57,7;55;56;57;58;59;59;60;60,0;61,0;62,0;0,913796575631091;0,943600441704035;0,934126132329624;0,924614920363903;0,911752065018568;0,897669221129046;0,893605566997397;0,888618931602503;0,881899904844005;0,870153740153307;0,857411889431053
2024-02-02;alle;8;8,7;8;8;8;9;9;9;10;10;11;11;65;68,1;65;66;67;68;70;70;71;71,0;72,7;74,0;NA;NA;NA;NA;NA;NA;NA;NA;NA;NA;NA
2024-02-01;0-60;1;1,0;1;1;1;1;1;1;1;1;1;2;8;8,2;8;8;8;8;9;9;9;9,0;10,0;10,0;0,966319214450552;0,981830848209896;0,977118587602016;0,971587019544669;0,963502124576471;0,952773208052525;0,949363241723348;0,945075997484920;0,939029042279797;0,926494977103482;0,909625735081524
2024-02-01;60+;7;7,3;7;7;7;7;8;8;8;8;9;9;60;62,4;60;61;61;62;64;64;64;65,0;66,0;67,0;0,952588758526924;0,968775723507166;0,963775877806775;0,958378993986328;0,951521969339058;0,943643139951769;0,941321322627701;0,938592546074762;0,934801308844843;0,928324437113713;0,920730602028840
2024-02-01;alle;8;8,4;8;8;8;8;9;9;9;9;10;10;68;70,7;68;69;70;71;72;72;73;74,0;75,0;76,0;NA;NA;NA;NA;NA;NA;NA;NA;NA;NA;NA
2024-01-31;0-60;0;0,0;0;0;0;0;0;0;0;0;0;0;11;11,2;11;11;11;11;12;12;12;12,0;13,0;13,0;0,971745556592575;0,985873830169747;0,981633629756258;0,976936122034679;0,969659203945483;0,960362015304876;0,957319480109552;0,953658581383104;0,948449207843069;0,939723179123933;0,930127575852928
2024-01-31;60+;10;10,4;10;10;10;10;11;11;11;11;12;12;64;66,2;64;64;65;66;67;68;68;69,0;70,0;71,0;0,959659559999895;0,973924959829417;0,969502650756383;0,964804885865630;0,958908202090738;0,951920158088891;0,949819388157117;0,947530968581942;0,944447694706183;0,939501421407912;0,935019100972199
2024-01-31;alle;10;10,4;10;10;10;10;11;11;11;11;12;12;75;77,5;75;76;76;78;79;79;80;80,0;82,0;83,0;NA;NA;NA;NA;NA;NA;NA;NA;NA;NA;NA
2024-01-30;0-60;2;2,0;2;2;2;2;2;2;2;2;2;3;13;13,3;13;13;13;13;14;14;14;14,0;15,0;15,0;0,985509278825326;0,992983413210798;0,990720659291877;0,988127010890390;0,984202947654370;0,978699162691081;0,977079304475074;0,974899971671345;0,971697246966241;0,965846222332684;0,959731998507411
2024-01-30;60+;21;21,4;21;21;21;21;22;22;22;22;23;23;73;75,0;73;73;74;75;76;76;77;77,0;78,0;79,0;0,979116658629160;0,986341815893933;0,984073324505672;0,981660730710016;0,978651390453901;0,974943139067941;0,973884219484051;0,972551720708872;0,970695106457354;0,968042245404204;0,965131393638186
2024-01-30;alle;23;23,5;23;23;23;23;24;24;24;24;25;25;86;88,3;86;87;87;88;90;90;90;91,0;92,0;94,0;NA;NA;NA;NA;NA;NA;NA;NA;NA;NA;NA
2024-01-29;0-60;0;0,0;0;0;0;0;0;0;0;0;0;0;15;15,3;15;15;15;15;16;16;16;16,0;17,0;17,0;0,920503146592461;0,964654985936791;0,951886177226862;0,936223106943718;0,911747265258085;0,877007106859051;0,865719746738905;0,850241531475602;0,828188823454773;0,787062825353984;0,737500695192690
2024-01-29;60+;2;2,3;2;2;2;2;2;3;3;3;3;4;78;79,7;78;78;79;80;81;81;81;82,0;83,0;84,0;0,887354701075438;0,934153462508612;0,920358077381763;0,904854801786503;0,884005854999945;0,858597681423974;0,851060792115691;0,841436992522621;0,829417060924758;0,807935985604065;0,781928654326066
2024-01-29;alle;2;2,3;2;2;2;2;2;3;3;3;3;4;93;95,0;93;93;94;95;96;97;97;98,0;99,0;100,0;NA;NA;NA;NA;NA;NA;NA;NA;NA;NA;NA
2024-01-28;0-60;0;0,0;0;0;0;0;0;0;0;0;0;0;15;15,3;15;15;15;15;16;16;16;16,0;17,0;17,0;0,931525357085505;0,969740181994237;0,958022789732879;0,944301083412702;0,923159578754245;0,891677847957268;0,881469869302878;0,867898406426255;0,845988803525760;0,801767401968813;0,735486538305460
2024-01-28;60+;3;3,3;3;3;3;3;4;4;4;4;5;5;76;77,5;76;76;77;77;78;79;79;79,0;80,0;81,0;0,903146500322601;0,940794454440336;0,929347131886479;0,916274099291481;0,899736783934702;0,879454598026942;0,873615798405654;0,866070105241045;0,856204279579915;0,838265623534832;0,814793409027738
2024-01-28;alle;3;3,3;3;3;3;3;4;4;4;4;5;5;91;92,7;91;91;92;93;94;94;95;95,0;96,0;98,0;NA;NA;NA;NA;NA;NA;NA;NA;NA;NA;NA
2024-01-27;0-60;4;4,2;4;4;4;4;4;5;5;5;5;6;16;16,3;16;16;16;16;17;17;17;17,0;18,0;19,0;0,959955396755305;0,982613727800170;0,975779199362469;0,967498926554607;0,954399782608238;0,934744406362130;0,928328522640372;0,919162298399019;0,905481990347017;0,875184465878493;0,819375593560080
2024-01-27;60+;7;7,4;7;7;7;7;8;8;8;8;9;9;75;76,2;75;75;75;76;77;77;78;78,0;79,0;79,0;0,943472535885612;0,963649920593999;0,957387070486411;0,950303052835584;0,941324338661594;0,930480035475102;0,927373628043112;0,923156759789841;0,917326597012869;0,907324095383424;0,891926934529701
2024-01-27;alle;11;11,6;11;11;11;11;12;12;13;13;14;14;91;92,4;91;91;92;92;93;94;94;95,0;96,0;97,0;NA;NA;NA;NA;NA;NA;NA;NA;NA;NA;NA
2024-01-26;0-60;1;1,0;1;1;1;1;1;1;1;1;1;2;14;14,1;14;14;14;14;14;14;15;15,0;15,0;16,0;0,983692334589036;0,993262543535942;0,990545230816534;0,986880290168199;0,981263203570813;0,972443742199918;0,969254789078804;0,965234409158649;0,958976066241417;0,944452568636885;0,911790532921524
2024-01-26;60+;10;10,2;10;10;10;10;10;11;11;11;11;12;84;84,9;84;84;84;85;86;86;86;87,0;87,0;88,0;0,977170379801909;0,985615937161616;0,983103975369231;0,980187433823565;0,976206417264369;0,971476372616464;0,970152083428527;0,968349647308403;0,965960862957865;0,960842000980030;0,953131387157668
2024-01-26;alle;11;11,3;11;11;11;11;11;12;12;12;12;13;98;99,0;98;98;98;99;100;100;101;101,0;102,0;103,0;NA;NA;NA;NA;NA;NA;NA;NA;NA;NA;NA
2024-01-25;0-60;4;4,0;4;4;4;4;4;4;4;4;5;5;14;14,1;14;14;14;14;14;14;15;15,0;15,0;16,0;0,990797331810969;0,996403966640814;0,994795104491743;0,992732702277984;0,989514467842261;0,984137941185217;0,982493682410743;0,979965278446056;0,976185569857278;0,968006882427416;0,951847513710026
2024-01-25;60+;11;11,1;11;11;11;11;11;11;11;12;12;12;92;92,8;92;92;92;93;93;94;94;94,0;95,0;96,0;0,987338574505813;0,992181173541649;0,990637688332657;0,989035725942859;0,986869082448652;0,984148625246160;0,983393389172740;0,982408212807562;0,980883816985144;0,977913484022030;0,973990031330339
2024-01-25;alle;15;15,2;15;15;15;15;15;15;16;16;16;17;106;106,9;106;106;106;107;108;108;108;109,0;110,0;111,0;NA;NA;NA;NA;NA;NA;NA;NA;NA;NA;NA
2024-01-24;0-60;2;2,0;2;2;2;2;2;2;2;2;2;2;13;13,1;13;13;13;13;13;13;13;14,0;14,0;15,0;0,992126104356801;0,997126203527552;0,995784703819038;0,993986022965087;0,991162474735216;0,986744620866419;0,985226089650573;0,983330158724000;0,980493239256087;0,975131294184344;0,969308628827390
2024-01-24;60+;19;19,2;19;19;19;19;19;20;20;20;20;21;89;89,6;89;89;89;90;90;90;91;91,0;92,0;93,0;0,989416236954059;0,993662739215803;0,992394110133239;0,991012793225087;0,989071457909781;0,986654301071035;0,985920585565422;0,985085656891067;0,983804718238456;0,981728801413078;0,979498862793424
2024-01-24;alle;21;21,2;21;21;21;21;21;22;22;22;22;23;102;102,7;102;102;102;103;103;104;104;104,0;105,0;107,0;NA;NA;NA;NA;NA;NA;NA;NA;NA;NA;NA
2024-01-23;0-60;4;4,0;4;4;4;4;4;4;4;4;4;4;14;14,1;14;14;14;14;14;14;14;15,0;15,0;15,0;0,996044698727329;0,998595749285298;0,997901790984740;0,996993295796253;0,995461770210015;0,992930499773224;0,992087406551226;0,990951956940886;0,989226805395721;0,985576453442765;0,980281495147592
2024-01-23;60+;26;26,1;26;26;26;26;26;26;26;27;27;27;87;87,4;87;87;87;87;88;88;88;89,0;89,0;90,0;0,994825422319206;0,997018791240960;0,996351269586279;0,995622842680108;0,994630989785703;0,993336271203124;0,992927305613983;0,992422211591173;0,991672130000827;0,990307962805002;0,988864510666147
2024-01-23;alle;30;30,2;30;30;30;30;30;30;31;31;31;31;101;101,5;101;101;101;101;102;102;103;103,0;104,0;105,0;NA;NA;NA;NA;NA;NA;NA;NA;NA;NA;NA
2024-01-22;0-60;0;0,0;0;0;0;0;0;0;0;0;0;0;20;20,1;20;20;20;20;20;20;20;21,0;21,0;22,0;0,978689199188879;0,992963138799585;0,989192222833474;0,983946494035611;0,974928109211396;0,959229103443268;0,953755940340641;0,945533605858261;0,931302948326468;0,903556654616153;0,843905670798986
2024-01-22;60+;0;0,0;0;0;0;0;0;0;0;0;0;0;89;89,3;89;89;89;89;90;90;90;90,0;91,0;92,0;0,973074976681063;0,986237647748826;0,982495269105381;0,978163861067417;0,971664897701078;0,962900585614867;0,960386055312695;0,956453562522982;0,951479551497911;0,941016656976593;0,923081449777158
2024-01-22;alle;0;0,0;0;0;0;0;0;0;0;0;0;0;109;109,4;109;109;109;109;110;110;110;111,0;111,0;113,0;NA;NA;NA;NA;NA;NA;NA;NA;NA;NA;NA
2024-01-21;0-60;1;1,0;1;1;1;1;1;1;1;1;1;2;21;21,1;21;21;21;21;21;21;21;22,0;22,0;23,0;0,982975910206537;0,994527343185360;0,991471932853409;0,987047708254945;0,979683338689697;0,966061108093101;0,961109734712990;0,953381795154769;0,940758330314819;0,904953683529483;0,822422760734023
2024-01-21;60+;2;2,0;2;2;2;2;2;2;2;2;3;3;89;89,3;89;89;89;89;90;90;90;90,0;91,0;92,0;0,979227376471190;0,989561344374945;0,986555343264571;0,983064015348381;0,978020749291547;0,970949089586604;0,968664591416904;0,965694827735835;0,961099668258612;0,951223202179555;0,929164277563173
2024-01-21;alle;3;3,1;3;3;3;3;3;3;3;3;4;4;110;110,4;110;110;110;110;111;111;111;112,0;112,0;114,0;NA;NA;NA;NA;NA;NA;NA;NA;NA;NA;NA
2024-01-20;0-60;2;2,0;2;2;2;2;2;2;2;2;2;3;21;21,0;21;21;21;21;21;21;21;21,0;22,0;23,0;0,991037337832424;0,997215231414184;0,995608495908849;0,993345544194891;0,989136250165207;0,981106847548028;0,977979546563099;0,973856705813500;0,965178244589887;0,940430966415259;0,862054313434772
2024-01-20;60+;16;16,2;16;16;16;16;16;16;17;17;17;18;100;100,3;100;100;100;100;101;101;101;101,0;102,0;103,0;0,989482650459138;0,994766305843133;0,993265950328733;0,991501169434900;0,988861240141739;0,985014620491870;0,983652013875783;0,981998044588707;0,979546337682021;0,972595735421327;0,954117263166955
2024-01-20;alle;18;18,2;18;18;18;18;18;19;19;19;20;20;121;121,3;121;121;121;121;122;122;122;123,0;123,0;125,0;NA;NA;NA;NA;NA;NA;NA;NA;NA;NA;NA
2024-01-19;0-60;1;1,0;1;1;1;1;1;1;1;1;1;1;19;19,0;19;19;19;19;19;19;19;19,0;20,0;20,0;0,996770673224620;0,999080089740243;0,998556427239966;0,997688703572920;0,996002840217917;0,992738385516214;0,991489027914341;0,989602087646901;0,985773454152792;0,972773494402190;0,932561236139687
2024-01-19;60+;18;18,1;18;18;18;18;18;18;18;18;19;19;96;96,1;96;96;96;96;96;96;97;97,0;97,0;98,0;0,996377233226731;0,998355450335500;0,997835627401057;0,997192884601892;0,996162040224448;0,994606078972535;0,994046233290542;0,993323335200431;0,992204113311708;0,989064802537964;0,979521635233371
2024-01-19;alle;19;19,1;19;19;19;19;19;19;19;20;20;20;115;115,2;115;115;115;115;115;116;116;116,0;117,0;118,0;NA;NA;NA;NA;NA;NA;NA;NA;NA;NA;NA
2024-01-18;0-60;3;3,0;3;3;3;3;3;3;3;3;3;3;21;21,0;21;21;21;21;21;21;21;21,0;22,0;22,0;0,998400763940710;0,999592996168452;0,999330758262604;0,998908888674144;0,998040740362346;0,996249378879798;0,995602536998235;0,994572000213062;0,992393405380060;0,985859331898446;0,967325954315069
2024-01-18;60+;8;8,0;8;8;8;8;8;8;8;8;8;9;87;87,1;87;87;87;87;87;87;87;88,0;88,0;89,0;0,998295901318843;0,999284467715159;0,999034751582803;0,998726632768517;0,998211801881077;0,997349161071980;0,997080616676272;0,996678484621902;0,996006939282792;0,994281413998014;0,990056726562918
2024-01-18;alle;11;11,0;11;11;11;11;11;11;11;11;11;12;108;108,1;108;108;108;108;108;108;109;109,0;109,0;111,0;NA;NA;NA;NA;NA;NA;NA;NA;NA;NA;NA
2024-01-17;0-60;3;3,0;3;3;3;3;3;3;3;3;3;3;18;18,0;18;18;18;18;18;18;18;18,0;19,0;19,0;0,998809641382539;0,999744745980528;0,999564617909988;0,999261072045535;0,998601863543912;0,997234364537904;0,996712648861939;0,995971968947845;0,994537188164438;0,991028611007878;0,986593522528799
2024-01-17;60+;17;17,0;17;17;17;17;17;17;17;17;17;18;98;98,1;98;98;98;98;98;98;98;99,0;99,0;100,0;0,998802622714004;0,999559384633449;0,999381426738737;0,999146861180481;0,998756994287082;0,998073357934212;0,997847897681307;0,997523790710911;0,997025365405596;0,995987551871870;0,994327742715136
2024-01-17;alle;20;20,0;20;20;20;20;20;20;20;20;20;21;116;116,1;116;116;116;116;116;116;116;117,0;117,0;119,0;NA;NA;NA;NA;NA;NA;NA;NA;NA;NA;NA
2024-01-16;0-60;10;10,0;10;10;10;10;10;10;10;10;10;10;17;17,0;17;17;17;17;17;17;17;17,0;17,0;18,0;0,999484883254854;0,999906378928043;0,999829751318206;0,999694038695595;0,999370499733110;0,998654209166352;0,998369344151506;0,997897802187065;0,996925670468387;0,994275134539197;0,989492140837261
2024-01-16;60+;28;28,0;28;28;28;28;28;28;28;28;28;28;95;95,0;95;95;95;95;95;95;95;95,0;96,0;97,0;0,999513865526659;0,999847810752551;0,999773804357098;0,999670523344981;0,999484230387030;0,999150165237881;0,999027436328812;0,998862404358502;0,998561546291110;0,997878829911604;0,996445023946535
2024-01-16;alle;38;38,0;38;38;38;38;38;38;38;38;38;39;112;112,1;112;112;112;112;112;112;112;113,0;113,0;115,0;NA;NA;NA;NA;NA;NA;NA;NA;NA;NA;NA
2024-01-15;0-60;1;1,0;1;1;1;1;1;1;1;1;1;1;15;15,0;15;15;15;15;15;15;15;15,0;15,0;16,0;0,997599530392805;0,999638607399937;0,999280771810876;0,998627375915372;0,996893021094828;0,992735836679346;0,990846082304938;0,987582348503939;0,980278064339426;0,953036068142452;0,884988050737464
2024-01-15;60+;0;0,0;0;0;0;0;0;0;0;0;0;0;95;95,0;95;95;95;95;95;95;95;95,0;96,0;96,0;0,997887181677567;0,999461427331354;0,999124289939855;0,998647587624356;0,997713915206628;0,995897092239927;0,995143100207485;0,994103695142670;0,992184331141472;0,986298848246962;0,966413930372081
2024-01-15;alle;1;1,0;1;1;1;1;1;1;1;1;1;1;110;110,0;110;110;110;110;110;110;110;111,0;111,0;113,0;NA;NA;NA;NA;NA;NA;NA;NA;NA;NA;NA
2024-01-14;0-60;1;1,0;1;1;1;1;1;1;1;1;1;1;14;14,0;14;14;14;14;14;14;14;14,0;14,0;15,0;0,998368757243965;0,999800462983545;0,999572655132533;0,999119140827355;0,997820065813467;0,994368986350331;0,992649059786571;0,989324920620128;0,982304557023049;0,950255919819156;0,853955192394936
2024-01-14;60+;13;13,0;13;13;13;13;13;13;13;13;13;14;100;100,0;100;100;100;100;100;100;100;100,0;101,0;101,0;0,998668802811285;0,999712987258287;0,999509227429324;0,999196469457677;0,998542411932805;0,997138941171768;0,996569924573466;0,995633096697775;0,993838679484372;0,987238929993544;0,961078800419539
2024-01-14;alle;14;14,0;14;14;14;14;14;14;14;14;15;15;114;114,0;114;114;114;114;114;114;114;114,0;115,0;117,0;NA;NA;NA;NA;NA;NA;NA;NA;NA;NA;NA
2024-01-13;0-60;0;0,0;0;0;0;0;0;0;0;0;0;0;13;13,0;13;13;13;13;13;13;13;13,0;13,0;13,0;0,999273280411760;0,999929803517588;0,999835463720659;0,999632450227731;0,999007744241347;0,997138589582796;0,996106442270471;0,994137053284026;0,989572347188720;0,966554005126524;0,887901335143386
2024-01-13;60+;12;12,0;12;12;12;12;12;12;12;12;12;13;88;88,0;88;88;88;88;88;88;88;88,0;88,0;89,0;0,999453253421883;0,999902529310202;0,999824550915880;0,999690800692179;0,999398539241890;0,998697246187269;0,998384465749764;0,997885012596316;0,996751892166184;0,992253267574024;0,969408446437787
2024-01-13;alle;12;12,0;12;12;12;12;12;12;12;12;12;13;101;101,0;101;101;101;101;101;101;101;101,0;102,0;103,0;NA;NA;NA;NA;NA;NA;NA;NA;NA;NA;NA
2024-01-12;0-60;3;3,0;3;3;3;3;3;3;3;3;3;3;14;14,0;14;14;14;14;14;14;14;14,0;14,0;15,0;0,999778193066647;0,999983937659039;0,999958649966070;0,999897345562759;0,999696414143287;0,999004981373959;0,998605115129360;0,997784311455170;0,995810372566851;0,985254648739449;0,942515353837651
2024-01-12;60+;9;9,0;9;9;9;9;9;9;9;9;9;9;86;86,0;86;86;86;86;86;86;86;86,0;86,0;87,0;0,999846959613032;0,999979453035705;0,999958744246634;0,999922430101573;0,999831498681828;0,999583632474875;0,999466303013432;0,999270509779380;0,998817684633129;0,996754813890636;0,986462265392378
2024-01-12;alle;12;12,0;12;12;12;12;12;12;12;12;12;13;100;100,0;100;100;100;100;100;100;100;100,0;101,0;102,0;NA;NA;NA;NA;NA;NA;NA;NA;NA;NA;NA
2024-01-11;0-60;0;0,0;0;0;0;0;0;0;0;0;0;0;17;17,0;17;17;17;17;17;17;17;17,0;17,0;18,0;0,999906589444506;0,999994891604219;0,999986051408863;0,999961441868605;0,999874972868132;0,999551184848883;0,999344046919679;0,998954196434615;0,997991809568900;0,992839273995538;0,974790686195579
2024-01-11;60+;19;19,0;19;19;19;19;19;19;19;19;19;19;96;96,0;96;96;96;96;96;96;96;96,0;96,0;97,0;0,999941171386783;0,999994108164908;0,999986935354497;0,999973268111869;0,999934747043964;0,999823075524241;0,999765686245873;0,999669165442114;0,999433666890092;0,998486114982677;0,994266580289822
2024-01-11;alle;19;19,0;19;19;19;19;19;19;19;19;19;19;113;113,0;113;113;113;113;113;113;113;113,0;114,0;116,0;NA;NA;NA;NA;NA;NA;NA;NA;NA;NA;NA
2024-01-10;0-60;2;2,0;2;2;2;2;2;2;2;2;2;2;18;18,0;18;18;18;18;18;18;18;18,0;18,0;19,0;0,999940661439631;0,999997672135540;0,999993183695151;0,999978724535341;0,999925397988355;0,999720291515797;0,999587403128563;0,999370632819658;0,998837032172400;0,996922023464154;0,993110063104132
2024-01-10;60+;14;14,0;14;14;14;14;14;14;14;14;14;14;99;99,0;99;99;99;99;99;99;99;99,0;99,0;100,0;0,999966054413666;0,999997642356108;0,999994126563903;0,999986361917734;0,999962819241557;0,999886641053209;0,999845554154138;0,999781724108678;0,999637189423255;0,999165828524035;0,997913696822263
2024-01-10;alle;16;16,0;16;16;16;16;16;16;16;16;16;16;117;117,0;117;117;117;117;117;117;117;117,0;118,0;120,0;NA;NA;NA;NA;NA;NA;NA;NA;NA;NA;NA
2024-01-09;0-60;8;8,0;8;8;8;8;8;8;8;8;8;8;27;27,0;27;27;27;27;27;27;27;27,0;27,0;28,0;0,999977369350328;0,999999412312618;0,999997956076535;0,999992722577623;0,999970587669575;0,999859287543333;0,999784436837838;0,999644081923728;0,999248777307040;0,997513108007128;0,993233898363928
2024-01-09;60+;28;28,0;28;28;28;28;28;28;28;28;28;28;137;137,0;137;137;137;137;137;137;137;137,0;137,0;138,0;0,999988304411934;0,999999488718133;0,999998482116503;0,999995992877624;0,999986989625082;0,999951509840142;0,999930374543980;0,999892066614619;0,999796651880987;0,999421517150728;0,998136359563362
2024-01-09;alle;36;36,0;36;36;36;36;36;36;36;36;36;36;164;164,0;164;164;164;164;164;164;164;164,0;165,0;167,0;NA;NA;NA;NA;NA;NA;NA;NA;NA;NA;NA
2024-01-08;0-60;0;0,0;0;0;0;0;0;0;0;0;0;0;22;22,0;22;22;22;22;22;22;22;22,0;22,0;23,0;0,999906543974737;0,999998453705203;0,999993504356388;0,999974735100596;0,999873183472393;0,999233501834807;0,998708471581447;0,997511275341259;0,994036212950804;0,972616207477624;0,903230187107193
2024-01-08;60+;5;5,0;5;5;5;5;5;5;5;5;5;5;114;114,0;114;114;114;114;114;114;114;114,0;114,0;115,0;0,999956538566622;0,999998862971529;0,999995990973454;0,999987627485278;0,999951817731323;0,999774025710159;0,999644899273485;0,999382256544442;0,998605715807835;0,994264275304666;0,976022771693919
2024-01-08;alle;5;5,0;5;5;5;5;5;5;5;5;5;5;136;136,0;136;136;136;136;136;136;136;136,0;137,0;139,0;NA;NA;NA;NA;NA;NA;NA;NA;NA;NA;NA
2024-01-07;0-60;0;0,0;0;0;0;0;0;0;0;0;0;0;23;23,0;23;23;23;23;23;23;23;23,0;23,0;24,0;0,999943715298331;0,999999448270635;0,999997233423944;0,999987166495255;0,999923431373501;0,999399644924031;0,998874047324831;0,997743891782385;0,993768476562828;0,966799942435287;0,868892721926042
2024-01-07;60+;1;1,0;1;1;1;1;1;1;1;1;1;1;114;114,0;114;114;114;114;114;114;114;114,0;114,0;115,0;0,999976492424729;0,999999656669153;0,999998544107034;0,999994508982782;0,999973821090787;0,999840461914609;0,999733389696992;0,999479764889790;0,998717050834994;0,993307171480991;0,967876773396492
2024-01-07;alle;1;1,0;1;1;1;1;1;1;1;1;1;1;137;137,0;137;137;137;137;137;137;137;137,0;138,0;140,0;NA;NA;NA;NA;NA;NA;NA;NA;NA;NA;NA
2024-01-06;0-60;1;1,0;1;1;1;1;1;1;1;1;1;1;25;25,0;25;25;25;25;25;25;25;25,0;25,0;26,0;0,999977802529456;0,999999882066550;0,999999283699148;0,999996026252589;0,999970863461780;0,999696280888560;0,999395218010011;0,998619907975417;0,995926418726186;0,975770879557941;0,892604938147972
2024-01-06;60+;10;10,0;10;10;10;10;10;10;10;10;10;10;121;121,0;121;121;121;121;121;121;121;121,0;121,0;122,0;0,999991674078888;0,999999940791082;0,999999678082461;0,999998502409967;0,999991027236502;0,999925831532932;0,999869938768955;0,999710756834985;0,999176813272010;0,995232097215855;0,972743816063668
2024-01-06;alle;11;11,0;11;11;11;11;11;11;11;11;11;12;146;146,0;146;146;146;146;146;146;146;146,0;147,0;149,0;NA;NA;NA;NA;NA;NA;NA;NA;NA;NA;NA
2024-01-05;0-60;6;6,0;6;6;6;6;6;6;6;6;6;6;29;29,0;29;29;29;29;29;29;29;29,0;29,0;30,0;0,999994048519356;0,999999986056600;0,999999888300154;0,999999227667845;0,999992589247343;0,999896595498221;0,999786000335819;0,999472529519938;0,998296291697865;0,989200942595102;0,945793882987081
2024-01-05;60+;19;19,0;19;19;19;19;19;19;19;19;19;19;143;143,0;143;143;143;143;143;143;143;143,0;143,0;144,0;0,999997988562614;0,999999993818650;0,999999955068184;0,999999726021334;0,999997895716740;0,999976826150129;0,999956436220106;0,999897734856844;0,999672773743826;0,997835323602232;0,987529919433031
2024-01-05;alle;25;25,0;25;25;25;25;25;25;25;25;25;26;172;172,0;172;172;172;172;172;172;172;172,0;173,0;175,0;NA;NA;NA;NA;NA;NA;NA;NA;NA;NA;NA
2024-01-04;0-60;1;1,0;1;1;1;1;1;1;1;1;1;1;27;27,0;27;27;27;27;27;27;27;27,0;27,0;27,0;0,999997855109057;0,999999997743091;0,999999977184469;0,999999803024551;0,999997554705866;0,999960119338070;0,999917422222952;0,999791878240129;0,999315367124320;0,995548399023404;0,978138057824636
2024-01-04;60+;22;22,0;22;22;22;22;22;22;22;22;22;22;188;188,0;188;188;188;188;188;188;188;188,0;188,0;188,0;0,999999340059801;0,999999999232652;0,999999992299774;0,999999936949327;0,999999333904271;0,999991054056786;0,999982910931297;0,999958221619214;0,999870556046467;0,999110882588138;0,995124733038959
2024-01-04;alle;23;23,0;23;23;23;23;23;23;23;23;23;23;215;215,0;215;215;215;215;215;215;215;215,0;215,0;216,0;NA;NA;NA;NA;NA;NA;NA;NA;NA;NA;NA
2024-01-03;0-60;11;11,0;11;11;11;11;11;11;11;11;11;11;49;49,0;49;49;49;49;49;49;49;49,0;49,0;49,0;0,999998844915055;0,999999999574588;0,999999993842112;0,999999926783789;0,999998883095082;0,999981799993782;0,999964941735706;0,999920871634301;0,999795436935506;0,999036554917701;0,997110816463635
2024-01-03;60+;52;52,0;52;52;52;52;52;52;52;52;52;52;265;265,0;265;265;265;265;265;265;265;265,0;265,0;265,0;0,999999676303751;0,999999999880286;0,999999998154750;0,999999978931703;0,999999688440147;0,999995281831590;0,999990870200287;0,999979730436824;0,999946224111777;0,999776789865088;0,999169109369834
2024-01-03;alle;63;63,0;63;63;63;63;63;63;63;63;63;63;314;314,0;314;314;314;314;314;314;314;314,0;314,0;315,0;NA;NA;NA;NA;NA;NA;NA;NA;NA;NA;NA
2024-01-02;0-60;3;3,0;3;3;3;3;3;3;3;3;3;3;38;38,0;38;38;38;38;38;38;38;38,0;38,0;38,0;0,999999605086043;0,999999999958999;0,999999999089286;0,999999984498050;0,999999610019807;0,999989914913498;0,999978008631503;0,999943478884934;0,999828588097273;0,998948799279972;0,996252318766246
2024-01-02;60+;5;5,0;5;5;5;5;5;5;5;5;5;5;223;223,0;223;223;223;223;223;223;223;223,0;223,0;223,0;0,999999902193020;0,999999999990196;0,999999999762966;0,999999996063999;0,999999905219132;0,999997747198494;0,999995202080870;0,999987447020820;0,999961842975795;0,999784325710174;0,999001149809061
2024-01-02;alle;8;8,0;8;8;8;8;8;8;8;8;8;8;261;261,0;261;261;261;261;261;261;261;261,0;261,0;262,0;NA;NA;NA;NA;NA;NA;NA;NA;NA;NA;NA
2024-01-01;0-60;1;1,0;1;1;1;1;1;1;1;1;1;1;38;38,0;38;38;38;38;38;38;38;38,0;38,0;38,0;0,999998529651800;0,999999999971510;0,999999998737337;0,999999966348456;0,999998552539784;0,999936573780089;0,999834728129501;0,999520271724808;0,998128186696990;0,986448050758456;0,930704938691736
2024-01-01;60+;5;5,0;5;5;5;5;5;5;5;5;5;5;228;228,0;228;228;228;228;228;228;228;228,0;228,0;228,0;0,999999678370539;0,999999999993373;0,999999999716870;0,999999992454727;0,999999683171910;0,999987659746906;0,999969472971725;0,999913616328996;0,999645157627624;0,997467867184020;0,985110511758206
2024-01-01;alle;6;6,0;6;6;6;6;6;6;6;6;6;6;266;266,0;266;266;266;266;266;266;266;266,0;266,0;267,0;NA;NA;NA;NA;NA;NA;NA;NA;NA;NA;NA
2023-12-31;0-60;2;2,0;2;2;2;2;2;2;2;2;2;2;38;38,0;38;38;38;38;38;38;38;38,0;38,0;38,0;0,999999371763942;0,999999999997285;0,999999999800203;0,999999991803640;0,999999408933765;0,999959295324597;0,999887228812229;0,999619825409539;0,998388578323494;0,986999287621104;0,929846187151097
2023-12-31;60+;8;8,0;8;8;8;8;8;8;8;8;8;8;234;234,0;234;234;234;234;234;234;234;234,0;234,0;234,0;0,999999875444034;0,999999999999385;0,999999999959240;0,999999998210918;0,999999880900209;0,999992887587339;0,999980136753918;0,999937426958454;0,999713467407509;0,997392129817565;0,982552751840934
2023-12-31;alle;10;10,0;10;10;10;10;10;10;10;10;10;11;272;272,0;272;272;272;272;272;272;272;272,0;272,0;273,0;NA;NA;NA;NA;NA;NA;NA;NA;NA;NA;NA
2023-12-30;0-60;5;5,0;5;5;5;5;5;5;5;5;5;5;37;37,0;37;37;37;37;37;37;37;37,0;37,0;37,0;1,000000000000000;1,000000000000000;1,000000000000000;1,000000000000000;1,000000000000000;1,000000000000000;1,000000000000000;1,000000000000000;1,000000000000000;1,000000000000000;1,000000000000000
2023-12-30;60+;32;32,0;32;32;32;32;32;32;32;32;32;32;232;232,0;232;232;232;232;232;232;232;232,0;232,0;232,0;1,000000000000000;1,000000000000000;1,000000000000000;1,000000000000000;1,000000000000000;1,000000000000000;1,000000000000000;1,000000000000000;1,000000000000000;1,000000000000000;1,000000000000000
2023-12-30;alle;37;37,0;37;37;37;37;37;37;37;37;37;37;269;269,0;269;269;269;269;269;269;269;269,0;269,0;269,0;1,000000000000000;1,000000000000000;1,000000000000000;1,000000000000000;1,000000000000000;1,000000000000000;1,000000000000000;1,000000000000000;1,000000000000000;1,000000000000000;1,000000000000000
2023-12-29;0-60;4;4,0;4;4;4;4;4;4;4;4;4;4;40;40,0;40;40;40;40;40;40;40;40,0;40,0;40,0;1,000000000000000;1,000000000000000;1,000000000000000;1,000000000000000;1,000000000000000;1,000000000000000;1,000000000000000;1,000000000000000;1,000000000000000;1,000000000000000;1,000000000000000
2023-12-29;60+;64;64,0;64;64;64;64;64;64;64;64;64;64;234;234,0;234;234;234;234;234;234;234;234,0;234,0;234,0;1,000000000000000;1,000000000000000;1,000000000000000;1,000000000000000;1,000000000000000;1,000000000000000;1,000000000000000;1,000000000000000;1,000000000000000;1,000000000000000;1,000000000000000
2023-12-29;alle;68;68,0;68;68;68;68;68;68;68;68;68;68;274;274,0;274;274;274;274;274;274;274;274,0;274,0;274,0;1,000000000000000;1,000000000000000;1,000000000000000;1,000000000000000;1,000000000000000;1,000000000000000;1,000000000000000;1,000000000000000;1,000000000000000;1,000000000000000;1,000000000000000
2023-12-28;0-60;23;23,0;23;23;23;23;23;23;23;23;23;23;44;44,0;44;44;44;44;44;44;44;44,0;44,0;44,0;1,000000000000000;1,000000000000000;1,000000000000000;1,000000000000000;1,000000000000000;1,000000000000000;1,000000000000000;1,000000000000000;1,000000000000000;1,000000000000000;1,000000000000000
2023-12-28;60+;99;99,0;99;99;99;99;99;99;99;99;99;99;215;215,0;215;215;215;215;215;215;215;215,0;215,0;215,0;1,000000000000000;1,000000000000000;1,000000000000000;1,000000000000000;1,000000000000000;1,000000000000000;1,000000000000000;1,000000000000000;1,000000000000000;1,000000000000000;1,000000000000000
2023-12-28;alle;122;122,0;122;122;122;122;122;122;122;122;122;122;259;259,0;259;259;259;259;259;259;259;259,0;259,0;259,0;1,000000000000000;1,000000000000000;1,000000000000000;1,000000000000000;1,000000000000000;1,000000000000000;1,000000000000000;1,000000000000000;1,000000000000000;1,000000000000000;1,000000000000000
2023-12-27;0-60;0;0,0;0;0;0;0;0;0;0;0;0;0;29;29,0;29;29;29;29;29;29;29;29,0;29,0;29,0;1,000000000000000;1,000000000000000;1,000000000000000;1,000000000000000;1,000000000000000;1,000000000000000;1,000000000000000;1,000000000000000;1,000000000000000;1,000000000000000;1,000000000000000
2023-12-27;60+;10;10,0;10;10;10;10;10;10;10;10;10;10;173;173,0;173;173;173;173;173;173;173;173,0;173,0;173,0;1,000000000000000;1,000000000000000;1,000000000000000;1,000000000000000;1,000000000000000;1,000000000000000;1,000000000000000;1,000000000000000;1,000000000000000;1,000000000000000;1,000000000000000
2023-12-27;alle;10;10,0;10;10;10;10;10;10;10;10;10;10;202;202,0;202;202;202;202;202;202;202;202,0;202,0;202,0;1,000000000000000;1,000000000000000;1,000000000000000;1,000000000000000;1,000000000000000;1,000000000000000;1,000000000000000;1,000000000000000;1,000000000000000;1,000000000000000;1,000000000000000
2023-12-26;0-60;3;3,0;3;3;3;3;3;3;3;3;3;3;40;40,0;40;40;40;40;40;40;40;40,0;40,0;40,0;1,000000000000000;1,000000000000000;1,000000000000000;1,000000000000000;1,000000000000000;1,000000000000000;1,000000000000000;1,000000000000000;1,000000000000000;1,000000000000000;1,000000000000000
2023-12-26;60+;10;10,0;10;10;10;10;10;10;10;10;10;10;209;209,0;209;209;209;209;209;209;209;209,0;209,0;209,0;1,000000000000000;1,000000000000000;1,000000000000000;1,000000000000000;1,000000000000000;1,000000000000000;1,000000000000000;1,000000000000000;1,000000000000000;1,000000000000000;1,000000000000000
2023-12-26;alle;13;13,0;13;13;13;13;13;13;13;13;13;13;249;249,0;249;249;249;249;249;249;249;249,0;249,0;249,0;1,000000000000000;1,000000000000000;1,000000000000000;1,000000000000000;1,000000000000000;1,000000000000000;1,000000000000000;1,000000000000000;1,000000000000000;1,000000000000000;1,000000000000000
2023-12-25;0-60;1;1,0;1;1;1;1;1;1;1;1;1;1;56;56,0;56;56;56;56;56;56;56;56,0;56,0;56,0;1,000000000000000;1,000000000000000;1,000000000000000;1,000000000000000;1,000000000000000;1,000000000000000;1,000000000000000;1,000000000000000;1,000000000000000;1,000000000000000;1,000000000000000
2023-12-25;60+;11;11,0;11;11;11;11;11;11;11;11;11;11;280;280,0;280;280;280;280;280;280;280;280,0;280,0;280,0;1,000000000000000;1,000000000000000;1,000000000000000;1,000000000000000;1,000000000000000;1,000000000000000;1,000000000000000;1,000000000000000;1,000000000000000;1,000000000000000;1,000000000000000
2023-12-25;alle;12;12,0;12;12;12;12;12;12;12;12;12;12;336;336,0;336;336;336;336;336;336;336;336,0;336,0;336,0;1,000000000000000;1,000000000000000;1,000000000000000;1,000000000000000;1,000000000000000;1,000000000000000;1,000000000000000;1,000000000000000;1,000000000000000;1,000000000000000;1,000000000000000
2023-12-24;0-60;1;1,0;1;1;1;1;1;1;1;1;1;1;56;56,0;56;56;56;56;56;56;56;56,0;56,0;56,0;1,000000000000000;1,000000000000000;1,000000000000000;1,000000000000000;1,000000000000000;1,000000000000000;1,000000000000000;1,000000000000000;1,000000000000000;1,000000000000000;1,000000000000000
2023-12-24;60+;6;6,0;6;6;6;6;6;6;6;6;6;6;277;277,0;277;277;277;277;277;277;277;277,0;277,0;277,0;1,000000000000000;1,000000000000000;1,000000000000000;1,000000000000000;1,000000000000000;1,000000000000000;1,000000000000000;1,000000000000000;1,000000000000000;1,000000000000000;1,000000000000000
2023-12-24;alle;7;7,0;7;7;7;7;7;7;7;7;7;7;333;333,0;333;333;333;333;333;333;333;333,0;333,0;333,0;1,000000000000000;1,000000000000000;1,000000000000000;1,000000000000000;1,000000000000000;1,000000000000000;1,000000000000000;1,000000000000000;1,000000000000000;1,000000000000000;1,000000000000000
2023-12-23;0-60;8;8,0;8;8;8;8;8;8;8;8;8;8;57;57,0;57;57;57;57;57;57;57;57,0;57,0;57,0;1,000000000000000;1,000000000000000;1,000000000000000;1,000000000000000;1,000000000000000;1,000000000000000;1,000000000000000;1,000000000000000;1,000000000000000;1,000000000000000;1,000000000000000
2023-12-23;60+;34;34,0;34;34;34;34;34;34;34;34;34;34;283;283,0;283;283;283;283;283;283;283;283,0;283,0;283,0;1,000000000000000;1,000000000000000;1,000000000000000;1,000000000000000;1,000000000000000;1,000000000000000;1,000000000000000;1,000000000000000;1,000000000000000;1,000000000000000;1,000000000000000
2023-12-23;alle;42;42,0;42;42;42;42;42;42;42;42;42;42;340;340,0;340;340;340;340;340;340;340;340,0;340,0;340,0;1,000000000000000;1,000000000000000;1,000000000000000;1,000000000000000;1,000000000000000;1,000000000000000;1,000000000000000;1,000000000000000;1,000000000000000;1,000000000000000;1,000000000000000
2023-12-22;0-60;8;8,0;8;8;8;8;8;8;8;8;8;8;60;60,0;60;60;60;60;60;60;60;60,0;60,0;60,0;1,000000000000000;1,000000000000000;1,000000000000000;1,000000000000000;1,000000000000000;1,000000000000000;1,000000000000000;1,000000000000000;1,000000000000000;1,000000000000000;1,000000000000000
2023-12-22;60+;45;45,0;45;45;45;45;45;45;45;45;45;45;282;282,0;282;282;282;282;282;282;282;282,0;282,0;282,0;1,000000000000000;1,000000000000000;1,000000000000000;1,000000000000000;1,000000000000000;1,000000000000000;1,000000000000000;1,000000000000000;1,000000000000000;1,000000000000000;1,000000000000000
2023-12-22;alle;53;53,0;53;53;53;53;53;53;53;53;53;53;342;342,0;342;342;342;342;342;342;342;342,0;342,0;342,0;1,000000000000000;1,000000000000000;1,000000000000000;1,000000000000000;1,000000000000000;1,000000000000000;1,000000000000000;1,000000000000000;1,000000000000000;1,000000000000000;1,000000000000000
2023-12-21;0-60;8;8,0;8;8;8;8;8;8;8;8;8;8;62;62,0;62;62;62;62;62;62;62;62,0;62,0;62,0;1,000000000000000;1,000000000000000;1,000000000000000;1,000000000000000;1,000000000000000;1,000000000000000;1,000000000000000;1,000000000000000;1,000000000000000;1,000000000000000;1,000000000000000
2023-12-21;60+;57;57,0;57;57;57;57;57;57;57;57;57;57;272;272,0;272;272;272;272;272;272;272;272,0;272,0;272,0;1,000000000000000;1,000000000000000;1,000000000000000;1,000000000000000;1,000000000000000;1,000000000000000;1,000000000000000;1,000000000000000;1,000000000000000;1,000000000000000;1,000000000000000
2023-12-21;alle;65;65,0;65;65;65;65;65;65;65;65;65;65;334;334,0;334;334;334;334;334;334;334;334,0;334,0;334,0;1,000000000000000;1,000000000000000;1,000000000000000;1,000000000000000;1,000000000000000;1,000000000000000;1,000000000000000;1,000000000000000;1,000000000000000;1,000000000000000;1,000000000000000
2023-12-20;0-60;11;11,0;11;11;11;11;11;11;11;11;11;11;61;61,0;61;61;61;61;61;61;61;61,0;61,0;61,0;1,000000000000000;1,000000000000000;1,000000000000000;1,000000000000000;1,000000000000000;1,000000000000000;1,000000000000000;1,000000000000000;1,000000000000000;1,000000000000000;1,000000000000000
2023-12-20;60+;46;46,0;46;46;46;46;46;46;46;46;46;46;282;282,0;282;282;282;282;282;282;282;282,0;282,0;282,0;1,000000000000000;1,000000000000000;1,000000000000000;1,000000000000000;1,000000000000000;1,000000000000000;1,000000000000000;1,000000000000000;1,000000000000000;1,000000000000000;1,000000000000000
2023-12-20;alle;57;57,0;57;57;57;57;57;57;57;57;57;57;343;343,0;343;343;343;343;343;343;343;343,0;343,0;343,0;1,000000000000000;1,000000000000000;1,000000000000000;1,000000000000000;1,000000000000000;1,000000000000000;1,000000000000000;1,000000000000000;1,000000000000000;1,000000000000000;1,000000000000000
2023-12-19;0-60;19;19,0;19;19;19;19;19;19;19;19;19;19;66;66,0;66;66;66;66;66;66;66;66,0;66,0;66,0;1,000000000000000;1,000000000000000;1,000000000000000;1,000000000000000;1,000000000000000;1,000000000000000;1,000000000000000;1,000000000000000;1,000000000000000;1,000000000000000;1,000000000000000
2023-12-19;60+;81;81,0;81;81;81;81;81;81;81;81;81;81;316;316,0;316;316;316;316;316;316;316;316,0;316,0;316,0;1,000000000000000;1,000000000000000;1,000000000000000;1,000000000000000;1,000000000000000;1,000000000000000;1,000000000000000;1,000000000000000;1,000000000000000;1,000000000000000;1,000000000000000
2023-12-19;alle;100;100,0;100;100;100;100;100;100;100;100;100;100;382;382,0;382;382;382;382;382;382;382;382,0;382,0;382,0;1,000000000000000;1,000000000000000;1,000000000000000;1,000000000000000;1,000000000000000;1,000000000000000;1,000000000000000;1,000000000000000;1,000000000000000;1,000000000000000;1,000000000000000
2023-12-18;0-60;1;1,0;1;1;1;1;1;1;1;1;1;1;67;67,0;67;67;67;67;67;67;67;67,0;67,0;67,0;1,000000000000000;1,000000000000000;1,000000000000000;1,000000000000000;1,000000000000000;1,000000000000000;1,000000000000000;1,000000000000000;1,000000000000000;1,000000000000000;1,000000000000000
2023-12-18;60+;8;8,0;8;8;8;8;8;8;8;8;8;8;349;349,0;349;349;349;349;349;349;349;349,0;349,0;349,0;1,000000000000000;1,000000000000000;1,000000000000000;1,000000000000000;1,000000000000000;1,000000000000000;1,000000000000000;1,000000000000000;1,000000000000000;1,000000000000000;1,000000000000000
2023-12-18;alle;9;9,0;9;9;9;9;9;9;9;9;9;9;416;416,0;416;416;416;416;416;416;416;416,0;416,0;416,0;1,000000000000000;1,000000000000000;1,000000000000000;1,000000000000000;1,000000000000000;1,000000000000000;1,000000000000000;1,000000000000000;1,000000000000000;1,000000000000000;1,000000000000000
2023-12-17;0-60;2;2,0;2;2;2;2;2;2;2;2;2;2;69;69,0;69;69;69;69;69;69;69;69,0;69,0;69,0;1,000000000000000;1,000000000000000;1,000000000000000;1,000000000000000;1,000000000000000;1,000000000000000;1,000000000000000;1,000000000000000;1,000000000000000;1,000000000000000;1,000000000000000
2023-12-17;60+;12;12,0;12;12;12;12;12;12;12;12;12;12;348;348,0;348;348;348;348;348;348;348;348,0;348,0;348,0;1,000000000000000;1,000000000000000;1,000000000000000;1,000000000000000;1,000000000000000;1,000000000000000;1,000000000000000;1,000000000000000;1,000000000000000;1,000000000000000;1,000000000000000
2023-12-17;alle;14;14,0;14;14;14;14;14;14;14;14;14;14;417;417,0;417;417;417;417;417;417;417;417,0;417,0;417,0;1,000000000000000;1,000000000000000;1,000000000000000;1,000000000000000;1,000000000000000;1,000000000000000;1,000000000000000;1,000000000000000;1,000000000000000;1,000000000000000;1,000000000000000
2023-12-16;0-60;11;11,0;11;11;11;11;11;11;11;11;11;11;71;71,0;71;71;71;71;71;71;71;71,0;71,0;71,0;1,000000000000000;1,000000000000000;1,000000000000000;1,000000000000000;1,000000000000000;1,000000000000000;1,000000000000000;1,000000000000000;1,000000000000000;1,000000000000000;1,000000000000000
2023-12-16;60+;33;33,0;33;33;33;33;33;33;33;33;33;33;344;344,0;344;344;344;344;344;344;344;344,0;344,0;344,0;1,000000000000000;1,000000000000000;1,000000000000000;1,000000000000000;1,000000000000000;1,000000000000000;1,000000000000000;1,000000000000000;1,000000000000000;1,000000000000000;1,000000000000000
2023-12-16;alle;44;44,0;44;44;44;44;44;44;44;44;44;44;415;415,0;415;415;415;415;415;415;415;415,0;415,0;415,0;1,000000000000000;1,000000000000000;1,000000000000000;1,000000000000000;1,000000000000000;1,000000000000000;1,000000000000000;1,000000000000000;1,000000000000000;1,000000000000000;1,000000000000000
2023-12-15;0-60;10;10,0;10;10;10;10;10;10;10;10;10;10;69;69,0;69;69;69;69;69;69;69;69,0;69,0;69,0;1,000000000000000;1,000000000000000;1,000000000000000;1,000000000000000;1,000000000000000;1,000000000000000;1,000000000000000;1,000000000000000;1,000000000000000;1,000000000000000;1,000000000000000
2023-12-15;60+;35;35,0;35;35;35;35;35;35;35;35;35;35;357;357,0;357;357;357;357;357;357;357;357,0;357,0;357,0;1,000000000000000;1,000000000000000;1,000000000000000;1,000000000000000;1,000000000000000;1,000000000000000;1,000000000000000;1,000000000000000;1,000000000000000;1,000000000000000;1,000000000000000
2023-12-15;alle;45;45,0;45;45;45;45;45;45;45;45;45;45;426;426,0;426;426;426;426;426;426;426;426,0;426,0;426,0;1,000000000000000;1,000000000000000;1,000000000000000;1,000000000000000;1,000000000000000;1,000000000000000;1,000000000000000;1,000000000000000;1,000000000000000;1,000000000000000;1,000000000000000
2023-12-14;0-60;7;7,0;7;7;7;7;7;7;7;7;7;7;72;72,0;72;72;72;72;72;72;72;72,0;72,0;72,0;1,000000000000000;1,000000000000000;1,000000000000000;1,000000000000000;1,000000000000000;1,000000000000000;1,000000000000000;1,000000000000000;1,000000000000000;1,000000000000000;1,000000000000000
2023-12-14;60+;67;67,0;67;67;67;67;67;67;67;67;67;67;380;380,0;380;380;380;380;380;380;380;380,0;380,0;380,0;1,000000000000000;1,000000000000000;1,000000000000000;1,000000000000000;1,000000000000000;1,000000000000000;1,000000000000000;1,000000000000000;1,000000000000000;1,000000000000000;1,000000000000000
2023-12-14;alle;74;74,0;74;74;74;74;74;74;74;74;74;74;452;452,0;452;452;452;452;452;452;452;452,0;452,0;452,0;1,000000000000000;1,000000000000000;1,000000000000000;1,000000000000000;1,000000000000000;1,000000000000000;1,000000000000000;1,000000000000000;1,000000000000000;1,000000000000000;1,000000000000000
2023-12-13;0-60;16;16,0;16;16;16;16;16;16;16;16;16;16;80;80,0;80;80;80;80;80;80;80;80,0;80,0;80,0;1,000000000000000;1,000000000000000;1,000000000000000;1,000000000000000;1,000000000000000;1,000000000000000;1,000000000000000;1,000000000000000;1,000000000000000;1,000000000000000;1,000000000000000
2023-12-13;60+;80;80,0;80;80;80;80;80;80;80;80;80;80;371;371,0;371;371;371;371;371;371;371;371,0;371,0;371,0;1,000000000000000;1,000000000000000;1,000000000000000;1,000000000000000;1,000000000000000;1,000000000000000;1,000000000000000;1,000000000000000;1,000000000000000;1,000000000000000;1,000000000000000
2023-12-13;alle;96;96,0;96;96;96;96;96;96;96;96;96;96;451;451,0;451;451;451;451;451;451;451;451,0;451,0;451,0;NA;NA;NA;NA;NA;NA;NA;NA;NA;NA;NA
2023-12-12;0-60;20;20,0;20;20;20;20;20;20;20;20;20;20;74;74,0;74;74;74;74;74;74;74;74,0;74,0;74,0;1,000000000000000;1,000000000000000;1,000000000000000;1,000000000000000;1,000000000000000;1,000000000000000;1,000000000000000;1,000000000000000;1,000000000000000;1,000000000000000;1,000000000000000
2023-12-12;60+;114;114,0;114;114;114;114;114;114;114;114;114;114;356;356,0;356;356;356;356;356;356;356;356,0;356,0;356,0;1,000000000000000;1,000000000000000;1,000000000000000;1,000000000000000;1,000000000000000;1,000000000000000;1,000000000000000;1,000000000000000;1,000000000000000;1,000000000000000;1,000000000000000
2023-12-12;alle;134;134,0;134;134;134;134;134;134;134;134;134;134;430;430,0;430;430;430;430;430;430;430;430,0;430,0;430,0;NA;NA;NA;NA;NA;NA;NA;NA;NA;NA;NA
2023-12-11;0-60;3;3,0;3;3;3;3;3;3;3;3;3;3;68;68,0;68;68;68;68;68;68;68;68,0;68,0;68,0;1,000000000000000;1,000000000000000;1,000000000000000;1,000000000000000;1,000000000000000;1,000000000000000;1,000000000000000;1,000000000000000;1,000000000000000;1,000000000000000;1,000000000000000
2023-12-11;60+;7;7,0;7;7;7;7;7;7;7;7;7;7;331;331,0;331;331;331;331;331;331;331;331,0;331,0;331,0;1,000000000000000;1,000000000000000;1,000000000000000;1,000000000000000;1,000000000000000;1,000000000000000;1,000000000000000;1,000000000000000;1,000000000000000;1,000000000000000;1,000000000000000
2023-12-11;alle;10;10,0;10;10;10;10;10;10;10;10;10;10;399;399,0;399;399;399;399;399;399;399;399,0;399,0;399,0;NA;NA;NA;NA;NA;NA;NA;NA;NA;NA;NA
2023-12-10;0-60;4;4,0;4;4;4;4;4;4;4;4;4;4;68;68,0;68;68;68;68;68;68;68;68,0;68,0;68,0;1,000000000000000;1,000000000000000;1,000000000000000;1,000000000000000;1,000000000000000;1,000000000000000;1,000000000000000;1,000000000000000;1,000000000000000;1,000000000000000;1,000000000000000
2023-12-10;60+;8;8,0;8;8;8;8;8;8;8;8;8;8;334;334,0;334;334;334;334;334;334;334;334,0;334,0;334,0;1,000000000000000;1,000000000000000;1,000000000000000;1,000000000000000;1,000000000000000;1,000000000000000;1,000000000000000;1,000000000000000;1,000000000000000;1,000000000000000;1,000000000000000
2023-12-10;alle;12;12,0;12;12;12;12;12;12;12;12;12;12;402;402,0;402;402;402;402;402;402;402;402,0;402,0;402,0;NA;NA;NA;NA;NA;NA;NA;NA;NA;NA;NA
2023-12-09;0-60;9;9,0;9;9;9;9;9;9;9;9;9;9;67;67,0;67;67;67;67;67;67;67;67,0;67,0;67,0;1,000000000000000;1,000000000000000;1,000000000000000;1,000000000000000;1,000000000000000;1,000000000000000;1,000000000000000;1,000000000000000;1,000000000000000;1,000000000000000;1,000000000000000
2023-12-09;60+;46;46,0;46;46;46;46;46;46;46;46;46;46;332;332,0;332;332;332;332;332;332;332;332,0;332,0;332,0;1,000000000000000;1,000000000000000;1,000000000000000;1,000000000000000;1,000000000000000;1,000000000000000;1,000000000000000;1,000000000000000;1,000000000000000;1,000000000000000;1,000000000000000
2023-12-09;alle;55;55,0;55;55;55;55;55;55;55;55;55;55;399;399,0;399;399;399;399;399;399;399;399,0;399,0;399,0;NA;NA;NA;NA;NA;NA;NA;NA;NA;NA;NA
2023-12-08;0-60;13;13,0;13;13;13;13;13;13;13;13;13;13;64;64,0;64;64;64;64;64;64;64;64,0;64,0;64,0;1,000000000000000;1,000000000000000;1,000000000000000;1,000000000000000;1,000000000000000;1,000000000000000;1,000000000000000;1,000000000000000;1,000000000000000;1,000000000000000;1,000000000000000
2023-12-08;60+;58;58,0;58;58;58;58;58;58;58;58;58;58;341;341,0;341;341;341;341;341;341;341;341,0;341,0;341,0;1,000000000000000;1,000000000000000;1,000000000000000;1,000000000000000;1,000000000000000;1,000000000000000;1,000000000000000;1,000000000000000;1,000000000000000;1,000000000000000;1,000000000000000
2023-12-08;alle;71;71,0;71;71;71;71;71;71;71;71;71;71;405;405,0;405;405;405;405;405;405;405;405,0;405,0;405,0;NA;NA;NA;NA;NA;NA;NA;NA;NA;NA;NA
2023-12-07;0-60;15;15,0;15;15;15;15;15;15;15;15;15;15;57;57,0;57;57;57;57;57;57;57;57,0;57,0;57,0;1,000000000000000;1,000000000000000;1,000000000000000;1,000000000000000;1,000000000000000;1,000000000000000;1,000000000000000;1,000000000000000;1,000000000000000;1,000000000000000;1,000000000000000
2023-12-07;60+;58;58,0;58;58;58;58;58;58;58;58;58;58;326;326,0;326;326;326;326;326;326;326;326,0;326,0;326,0;1,000000000000000;1,000000000000000;1,000000000000000;1,000000000000000;1,000000000000000;1,000000000000000;1,000000000000000;1,000000000000000;1,000000000000000;1,000000000000000;1,000000000000000
2023-12-07;alle;73;73,0;73;73;73;73;73;73;73;73;73;73;383;383,0;383;383;383;383;383;383;383;383,0;383,0;383,0;NA;NA;NA;NA;NA;NA;NA;NA;NA;NA;NA
2023-12-06;0-60;10;10,0;10;10;10;10;10;10;10;10;10;10;49;49,0;49;49;49;49;49;49;49;49,0;49,0;49,0;1,000000000000000;1,000000000000000;1,000000000000000;1,000000000000000;1,000000000000000;1,000000000000000;1,000000000000000;1,000000000000000;1,000000000000000;1,000000000000000;1,000000000000000
2023-12-06;60+;65;65,0;65;65;65;65;65;65;65;65;65;65;309;309,0;309;309;309;309;309;309;309;309,0;309,0;309,0;1,000000000000000;1,000000000000000;1,000000000000000;1,000000000000000;1,000000000000000;1,000000000000000;1,000000000000000;1,000000000000000;1,000000000000000;1,000000000000000;1,000000000000000
2023-12-06;alle;75;75,0;75;75;75;75;75;75;75;75;75;75;358;358,0;358;358;358;358;358;358;358;358,0;358,0;358,0;NA;NA;NA;NA;NA;NA;NA;NA;NA;NA;NA
2023-12-05;0-60;14;14,0;14;14;14;14;14;14;14;14;14;14;53;53,0;53;53;53;53;53;53;53;53,0;53,0;53,0;1,000000000000000;1,000000000000000;1,000000000000000;1,000000000000000;1,000000000000000;1,000000000000000;1,000000000000000;1,000000000000000;1,000000000000000;1,000000000000000;1,000000000000000
2023-12-05;60+;89;89,0;89;89;89;89;89;89;89;89;89;89;307;307,0;307;307;307;307;307;307;307;307,0;307,0;307,0;1,000000000000000;1,000000000000000;1,000000000000000;1,000000000000000;1,000000000000000;1,000000000000000;1,000000000000000;1,000000000000000;1,000000000000000;1,000000000000000;1,000000000000000
2023-12-05;alle;103;103,0;103;103;103;103;103;103;103;103;103;103;360;360,0;360;360;360;360;360;360;360;360,0;360,0;360,0;NA;NA;NA;NA;NA;NA;NA;NA;NA;NA;NA
2023-12-04;0-60;3;3,0;3;3;3;3;3;3;3;3;3;3;58;58,0;58;58;58;58;58;58;58;58,0;58,0;58,0;1,000000000000000;1,000000000000000;1,000000000000000;1,000000000000000;1,000000000000000;1,000000000000000;1,000000000000000;1,000000000000000;1,000000000000000;1,000000000000000;1,000000000000000
2023-12-04;60+;10;10,0;10;10;10;10;10;10;10;10;10;10;326;326,0;326;326;326;326;326;326;326;326,0;326,0;326,0;1,000000000000000;1,000000000000000;1,000000000000000;1,000000000000000;1,000000000000000;1,000000000000000;1,000000000000000;1,000000000000000;1,000000000000000;1,000000000000000;1,000000000000000
2023-12-04;alle;13;13,0;13;13;13;13;13;13;13;13;13;13;384;384,0;384;384;384;384;384;384;384;384,0;384,0;384,0;NA;NA;NA;NA;NA;NA;NA;NA;NA;NA;NA
2023-12-03;0-60;3;3,0;3;3;3;3;3;3;3;3;3;3;57;57,0;57;57;57;57;57;57;57;57,0;57,0;57,0;1,000000000000000;1,000000000000000;1,000000000000000;1,000000000000000;1,000000000000000;1,000000000000000;1,000000000000000;1,000000000000000;1,000000000000000;1,000000000000000;1,000000000000000
2023-12-03;60+;6;6,0;6;6;6;6;6;6;6;6;6;6;321;321,0;321;321;321;321;321;321;321;321,0;321,0;321,0;1,000000000000000;1,000000000000000;1,000000000000000;1,000000000000000;1,000000000000000;1,000000000000000;1,000000000000000;1,000000000000000;1,000000000000000;1,000000000000000;1,000000000000000
2023-12-03;alle;9;9,0;9;9;9;9;9;9;9;9;9;9;378;378,0;378;378;378;378;378;378;378;378,0;378,0;378,0;NA;NA;NA;NA;NA;NA;NA;NA;NA;NA;NA
2023-12-02;0-60;6;6,0;6;6;6;6;6;6;6;6;6;6;56;56,0;56;56;56;56;56;56;56;56,0;56,0;56,0;1,000000000000000;1,000000000000000;1,000000000000000;1,000000000000000;1,000000000000000;1,000000000000000;1,000000000000000;1,000000000000000;1,000000000000000;1,000000000000000;1,000000000000000
2023-12-02;60+;55;55,0;55;55;55;55;55;55;55;55;55;55;320;320,0;320;320;320;320;320;320;320;320,0;320,0;320,0;1,000000000000000;1,000000000000000;1,000000000000000;1,000000000000000;1,000000000000000;1,000000000000000;1,000000000000000;1,000000000000000;1,000000000000000;1,000000000000000;1,000000000000000
2023-12-02;alle;61;61,0;61;61;61;61;61;61;61;61;61;61;376;376,0;376;376;376;376;376;376;376;376,0;376,0;376,0;NA;NA;NA;NA;NA;NA;NA;NA;NA;NA;NA
2023-12-01;0-60;6;6,0;6;6;6;6;6;6;6;6;6;6;58;58,0;58;58;58;58;58;58;58;58,0;58,0;58,0;1,000000000000000;1,000000000000000;1,000000000000000;1,000000000000000;1,000000000000000;1,000000000000000;1,000000000000000;1,000000000000000;1,000000000000000;1,000000000000000;1,000000000000000
2023-12-01;60+;43;43,0;43;43;43;43;43;43;43;43;43;43;300;300,0;300;300;300;300;300;300;300;300,0;300,0;300,0;1,000000000000000;1,000000000000000;1,000000000000000;1,000000000000000;1,000000000000000;1,000000000000000;1,000000000000000;1,000000000000000;1,000000000000000;1,000000000000000;1,000000000000000
2023-12-01;alle;49;49,0;49;49;49;49;49;49;49;49;49;49;358;358,0;358;358;358;358;358;358;358;358,0;358,0;358,0;NA;NA;NA;NA;NA;NA;NA;NA;NA;NA;NA
2023-11-30;0-60;7;7,0;7;7;7;7;7;7;7;7;7;7;58;58,0;58;58;58;58;58;58;58;58,0;58,0;58,0;1,000000000000000;1,000000000000000;1,000000000000000;1,000000000000000;1,000000000000000;1,000000000000000;1,000000000000000;1,000000000000000;1,000000000000000;1,000000000000000;1,000000000000000
2023-11-30;60+;41;41,0;41;41;41;41;41;41;41;41;41;41;293;293,0;293;293;293;293;293;293;293;293,0;293,0;293,0;1,000000000000000;1,000000000000000;1,000000000000000;1,000000000000000;1,000000000000000;1,000000000000000;1,000000000000000;1,000000000000000;1,000000000000000;1,000000000000000;1,000000000000000
2023-11-30;alle;48;48,0;48;48;48;48;48;48;48;48;48;48;351;351,0;351;351;351;351;351;351;351;351,0;351,0;351,0;NA;NA;NA;NA;NA;NA;NA;NA;NA;NA;NA
2023-11-29;0-60;14;14,0;14;14;14;14;14;14;14;14;14;14;67;67,0;67;67;67;67;67;67;67;67,0;67,0;67,0;1,000000000000000;1,000000000000000;1,000000000000000;1,000000000000000;1,000000000000000;1,000000000000000;1,000000000000000;1,000000000000000;1,000000000000000;1,000000000000000;1,000000000000000
2023-11-29;60+;63;63,0;63;63;63;63;63;63;63;63;63;63;304;304,0;304;304;304;304;304;304;304;304,0;304,0;304,0;1,000000000000000;1,000000000000000;1,000000000000000;1,000000000000000;1,000000000000000;1,000000000000000;1,000000000000000;1,000000000000000;1,000000000000000;1,000000000000000;1,000000000000000
2023-11-29;alle;77;77,0;77;77;77;77;77;77;77;77;77;77;371;371,0;371;371;371;371;371;371;371;371,0;371,0;371,0;NA;NA;NA;NA;NA;NA;NA;NA;NA;NA;NA
2023-11-28;0-60;19;19,0;19;19;19;19;19;19;19;19;19;19;67;67,0;67;67;67;67;67;67;67;67,0;67,0;67,0;1,000000000000000;1,000000000000000;1,000000000000000;1,000000000000000;1,000000000000000;1,000000000000000;1,000000000000000;1,000000000000000;1,000000000000000;1,000000000000000;1,000000000000000
2023-11-28;60+;108;108,0;108;108;108;108;108;108;108;108;108;108;288;288,0;288;288;288;288;288;288;288;288,0;288,0;288,0;1,000000000000000;1,000000000000000;1,000000000000000;1,000000000000000;1,000000000000000;1,000000000000000;1,000000000000000;1,000000000000000;1,000000000000000;1,000000000000000;1,000000000000000
2023-11-28;alle;127;127,0;127;127;127;127;127;127;127;127;127;127;355;355,0;355;355;355;355;355;355;355;355,0;355,0;355,0;NA;NA;NA;NA;NA;NA;NA;NA;NA;NA;NA
2023-11-27;0-60;2;2,0;2;2;2;2;2;2;2;2;2;2;62;62,0;62;62;62;62;62;62;62;62,0;62,0;62,0;1,000000000000000;1,000000000000000;1,000000000000000;1,000000000000000;1,000000000000000;1,000000000000000;1,000000000000000;1,000000000000000;1,000000000000000;1,000000000000000;1,000000000000000
2023-11-27;60+;5;5,0;5;5;5;5;5;5;5;5;5;5;256;256,0;256;256;256;256;256;256;256;256,0;256,0;256,0;1,000000000000000;1,000000000000000;1,000000000000000;1,000000000000000;1,000000000000000;1,000000000000000;1,000000000000000;1,000000000000000;1,000000000000000;1,000000000000000;1,000000000000000
2023-11-27;alle;7;7,0;7;7;7;7;7;7;7;7;7;7;318;318,0;318;318;318;318;318;318;318;318,0;318,0;318,0;NA;NA;NA;NA;NA;NA;NA;NA;NA;NA;NA
2023-11-26;0-60;2;2,0;2;2;2;2;2;2;2;2;2;2;60;60,0;60;60;60;60;60;60;60;60,0;60,0;60,0;1,000000000000000;1,000000000000000;1,000000000000000;1,000000000000000;1,000000000000000;1,000000000000000;1,000000000000000;1,000000000000000;1,000000000000000;1,000000000000000;1,000000000000000
2023-11-26;60+;5;5,0;5;5;5;5;5;5;5;5;5;5;255;255,0;255;255;255;255;255;255;255;255,0;255,0;255,0;1,000000000000000;1,000000000000000;1,000000000000000;1,000000000000000;1,000000000000000;1,000000000000000;1,000000000000000;1,000000000000000;1,000000000000000;1,000000000000000;1,000000000000000
2023-11-26;alle;7;7,0;7;7;7;7;7;7;7;7;7;7;315;315,0;315;315;315;315;315;315;315;315,0;315,0;315,0;NA;NA;NA;NA;NA;NA;NA;NA;NA;NA;NA
2023-11-25;0-60;8;8,0;8;8;8;8;8;8;8;8;8;8;60;60,0;60;60;60;60;60;60;60;60,0;60,0;60,0;1,000000000000000;1,000000000000000;1,000000000000000;1,000000000000000;1,000000000000000;1,000000000000000;1,000000000000000;1,000000000000000;1,000000000000000;1,000000000000000;1,000000000000000
2023-11-25;60+;35;35,0;35;35;35;35;35;35;35;35;35;35;257;257,0;257;257;257;257;257;257;257;257,0;257,0;257,0;1,000000000000000;1,000000000000000;1,000000000000000;1,000000000000000;1,000000000000000;1,000000000000000;1,000000000000000;1,000000000000000;1,000000000000000;1,000000000000000;1,000000000000000
2023-11-25;alle;43;43,0;43;43;43;43;43;43;43;43;43;43;317;317,0;317;317;317;317;317;317;317;317,0;317,0;317,0;NA;NA;NA;NA;NA;NA;NA;NA;NA;NA;NA
2023-11-24;0-60;6;6,0;6;6;6;6;6;6;6;6;6;6;57;57,0;57;57;57;57;57;57;57;57,0;57,0;57,0;1,000000000000000;1,000000000000000;1,000000000000000;1,000000000000000;1,000000000000000;1,000000000000000;1,000000000000000;1,000000000000000;1,000000000000000;1,000000000000000;1,000000000000000
2023-11-24;60+;36;36,0;36;36;36;36;36;36;36;36;36;36;247;247,0;247;247;247;247;247;247;247;247,0;247,0;247,0;1,000000000000000;1,000000000000000;1,000000000000000;1,000000000000000;1,000000000000000;1,000000000000000;1,000000000000000;1,000000000000000;1,000000000000000;1,000000000000000;1,000000000000000
2023-11-24;alle;42;42,0;42;42;42;42;42;42;42;42;42;42;304;304,0;304;304;304;304;304;304;304;304,0;304,0;304,0;NA;NA;NA;NA;NA;NA;NA;NA;NA;NA;NA
2023-11-23;0-60;16;16,0;16;16;16;16;16;16;16;16;16;16;55;55,0;55;55;55;55;55;55;55;55,0;55,0;55,0;1,000000000000000;1,000000000000000;1,000000000000000;1,000000000000000;1,000000000000000;1,000000000000000;1,000000000000000;1,000000000000000;1,000000000000000;1,000000000000000;1,000000000000000
2023-11-23;60+;52;52,0;52;52;52;52;52;52;52;52;52;52;242;242,0;242;242;242;242;242;242;242;242,0;242,0;242,0;1,000000000000000;1,000000000000000;1,000000000000000;1,000000000000000;1,000000000000000;1,000000000000000;1,000000000000000;1,000000000000000;1,000000000000000;1,000000000000000;1,000000000000000
2023-11-23;alle;68;68,0;68;68;68;68;68;68;68;68;68;68;297;297,0;297;297;297;297;297;297;297;297,0;297,0;297,0;NA;NA;NA;NA;NA;NA;NA;NA;NA;NA;NA
2023-11-22;0-60;14;14,0;14;14;14;14;14;14;14;14;14;14;45;45,0;45;45;45;45;45;45;45;45,0;45,0;45,0;1,000000000000000;1,000000000000000;1,000000000000000;1,000000000000000;1,000000000000000;1,000000000000000;1,000000000000000;1,000000000000000;1,000000000000000;1,000000000000000;1,000000000000000
2023-11-22;60+;47;47,0;47;47;47;47;47;47;47;47;47;47;242;242,0;242;242;242;242;242;242;242;242,0;242,0;242,0;1,000000000000000;1,000000000000000;1,000000000000000;1,000000000000000;1,000000000000000;1,000000000000000;1,000000000000000;1,000000000000000;1,000000000000000;1,000000000000000;1,000000000000000
2023-11-22;alle;61;61,0;61;61;61;61;61;61;61;61;61;61;287;287,0;287;287;287;287;287;287;287;287,0;287,0;287,0;NA;NA;NA;NA;NA;NA;NA;NA;NA;NA;NA
2023-11-21;0-60;14;14,0;14;14;14;14;14;14;14;14;14;14;40;40,0;40;40;40;40;40;40;40;40,0;40,0;40,0;1,000000000000000;1,000000000000000;1,000000000000000;1,000000000000000;1,000000000000000;1,000000000000000;1,000000000000000;1,000000000000000;1,000000000000000;1,000000000000000;1,000000000000000
2023-11-21;60+;76;76,0;76;76;76;76;76;76;76;76;76;76;248;248,0;248;248;248;248;248;248;248;248,0;248,0;248,0;1,000000000000000;1,000000000000000;1,000000000000000;1,000000000000000;1,000000000000000;1,000000000000000;1,000000000000000;1,000000000000000;1,000000000000000;1,000000000000000;1,000000000000000
2023-11-21;alle;90;90,0;90;90;90;90;90;90;90;90;90;90;288;288,0;288;288;288;288;288;288;288;288,0;288,0;288,0;NA;NA;NA;NA;NA;NA;NA;NA;NA;NA;NA
2023-11-20;0-60;0;0,0;0;0;0;0;0;0;0;0;0;0;37;37,0;37;37;37;37;37;37;37;37,0;37,0;37,0;1,000000000000000;1,000000000000000;1,000000000000000;1,000000000000000;1,000000000000000;1,000000000000000;1,000000000000000;1,000000000000000;1,000000000000000;1,000000000000000;1,000000000000000
2023-11-20;60+;4;4,0;4;4;4;4;4;4;4;4;4;4;221;221,0;221;221;221;221;221;221;221;221,0;221,0;221,0;1,000000000000000;1,000000000000000;1,000000000000000;1,000000000000000;1,000000000000000;1,000000000000000;1,000000000000000;1,000000000000000;1,000000000000000;1,000000000000000;1,000000000000000
2023-11-20;alle;4;4,0;4;4;4;4;4;4;4;4;4;4;258;258,0;258;258;258;258;258;258;258;258,0;258,0;258,0;NA;NA;NA;NA;NA;NA;NA;NA;NA;NA;NA
2023-11-19;0-60;2;2,0;2;2;2;2;2;2;2;2;2;2;37;37,0;37;37;37;37;37;37;37;37,0;37,0;37,0;1,000000000000000;1,000000000000000;1,000000000000000;1,000000000000000;1,000000000000000;1,000000000000000;1,000000000000000;1,000000000000000;1,000000000000000;1,000000000000000;1,000000000000000
2023-11-19;60+;7;7,0;7;7;7;7;7;7;7;7;7;7;225;225,0;225;225;225;225;225;225;225;225,0;225,0;225,0;1,000000000000000;1,000000000000000;1,000000000000000;1,000000000000000;1,000000000000000;1,000000000000000;1,000000000000000;1,000000000000000;1,000000000000000;1,000000000000000;1,000000000000000
2023-11-19;alle;9;9,0;9;9;9;9;9;9;9;9;9;9;262;262,0;262;262;262;262;262;262;262;262,0;262,0;262,0;NA;NA;NA;NA;NA;NA;NA;NA;NA;NA;NA
2023-11-18;0-60;5;5,0;5;5;5;5;5;5;5;5;5;5;36;36,0;36;36;36;36;36;36;36;36,0;36,0;36,0;1,000000000000000;1,000000000000000;1,000000000000000;1,000000000000000;1,000000000000000;1,000000000000000;1,000000000000000;1,000000000000000;1,000000000000000;1,000000000000000;1,000000000000000
2023-11-18;60+;25;25,0;25;25;25;25;25;25;25;25;25;25;223;223,0;223;223;223;223;223;223;223;223,0;223,0;223,0;1,000000000000000;1,000000000000000;1,000000000000000;1,000000000000000;1,000000000000000;1,000000000000000;1,000000000000000;1,000000000000000;1,000000000000000;1,000000000000000;1,000000000000000
2023-11-18;alle;30;30,0;30;30;30;30;30;30;30;30;30;30;259;259,0;259;259;259;259;259;259;259;259,0;259,0;259,0;NA;NA;NA;NA;NA;NA;NA;NA;NA;NA;NA
2023-11-17;0-60;4;4,0;4;4;4;4;4;4;4;4;4;4;36;36,0;36;36;36;36;36;36;36;36,0;36,0;36,0;1,000000000000000;1,000000000000000;1,000000000000000;1,000000000000000;1,000000000000000;1,000000000000000;1,000000000000000;1,000000000000000;1,000000000000000;1,000000000000000;1,000000000000000
2023-11-17;60+;31;31,0;31;31;31;31;31;31;31;31;31;31;226;226,0;226;226;226;226;226;226;226;226,0;226,0;226,0;1,000000000000000;1,000000000000000;1,000000000000000;1,000000000000000;1,000000000000000;1,000000000000000;1,000000000000000;1,000000000000000;1,000000000000000;1,000000000000000;1,000000000000000
2023-11-17;alle;35;35,0;35;35;35;35;35;35;35;35;35;35;262;262,0;262;262;262;262;262;262;262;262,0;262,0;262,0;NA;NA;NA;NA;NA;NA;NA;NA;NA;NA;NA
2023-11-16;0-60;6;6,0;6;6;6;6;6;6;6;6;6;6;40;40,0;40;40;40;40;40;40;40;40,0;40,0;40,0;1,000000000000000;1,000000000000000;1,000000000000000;1,000000000000000;1,000000000000000;1,000000000000000;1,000000000000000;1,000000000000000;1,000000000000000;1,000000000000000;1,000000000000000
2023-11-16;60+;52;52,0;52;52;52;52;52;52;52;52;52;52;239;239,0;239;239;239;239;239;239;239;239,0;239,0;239,0;1,000000000000000;1,000000000000000;1,000000000000000;1,000000000000000;1,000000000000000;1,000000000000000;1,000000000000000;1,000000000000000;1,000000000000000;1,000000000000000;1,000000000000000
2023-11-16;alle;58;58,0;58;58;58;58;58;58;58;58;58;58;279;279,0;279;279;279;279;279;279;279;279,0;279,0;279,0;NA;NA;NA;NA;NA;NA;NA;NA;NA;NA;NA
2023-11-15;0-60;9;9,0;9;9;9;9;9;9;9;9;9;9;43;43,0;43;43;43;43;43;43;43;43,0;43,0;43,0;1,000000000000000;1,000000000000000;1,000000000000000;1,000000000000000;1,000000000000000;1,000000000000000;1,000000000000000;1,000000000000000;1,000000000000000;1,000000000000000;1,000000000000000
2023-11-15;60+;53;53,0;53;53;53;53;53;53;53;53;53;53;246;246,0;246;246;246;246;246;246;246;246,0;246,0;246,0;1,000000000000000;1,000000000000000;1,000000000000000;1,000000000000000;1,000000000000000;1,000000000000000;1,000000000000000;1,000000000000000;1,000000000000000;1,000000000000000;1,000000000000000
2023-11-15;alle;62;62,0;62;62;62;62;62;62;62;62;62;62;289;289,0;289;289;289;289;289;289;289;289,0;289,0;289,0;NA;NA;NA;NA;NA;NA;NA;NA;NA;NA;NA
2023-11-14;0-60;11;11,0;11;11;11;11;11;11;11;11;11;11;38;38,0;38;38;38;38;38;38;38;38,0;38,0;38,0;1,000000000000000;1,000000000000000;1,000000000000000;1,000000000000000;1,000000000000000;1,000000000000000;1,000000000000000;1,000000000000000;1,000000000000000;1,000000000000000;1,000000000000000
2023-11-14;60+;49;49,0;49;49;49;49;49;49;49;49;49;49;231;231,0;231;231;231;231;231;231;231;231,0;231,0;231,0;1,000000000000000;1,000000000000000;1,000000000000000;1,000000000000000;1,000000000000000;1,000000000000000;1,000000000000000;1,000000000000000;1,000000000000000;1,000000000000000;1,000000000000000
2023-11-14;alle;60;60,0;60;60;60;60;60;60;60;60;60;60;269;269,0;269;269;269;269;269;269;269;269,0;269,0;269,0;NA;NA;NA;NA;NA;NA;NA;NA;NA;NA;NA
2023-11-13;0-60;0;0,0;0;0;0;0;0;0;0;0;0;0;52;52,0;52;52;52;52;52;52;52;52,0;52,0;52,0;1,000000000000000;1,000000000000000;1,000000000000000;1,000000000000000;1,000000000000000;1,000000000000000;1,000000000000000;1,000000000000000;1,000000000000000;1,000000000000000;1,000000000000000
2023-11-13;60+;8;8,0;8;8;8;8;8;8;8;8;8;8;295;295,0;295;295;295;295;295;295;295;295,0;295,0;295,0;1,000000000000000;1,000000000000000;1,000000000000000;1,000000000000000;1,000000000000000;1,000000000000000;1,000000000000000;1,000000000000000;1,000000000000000;1,000000000000000;1,000000000000000
2023-11-13;alle;8;8,0;8;8;8;8;8;8;8;8;8;8;347;347,0;347;347;347;347;347;347;347;347,0;347,0;347,0;NA;NA;NA;NA;NA;NA;NA;NA;NA;NA;NA
2023-11-12;0-60;1;1,0;1;1;1;1;1;1;1;1;1;1;52;52,0;52;52;52;52;52;52;52;52,0;52,0;52,0;1,000000000000000;1,000000000000000;1,000000000000000;1,000000000000000;1,000000000000000;1,000000000000000;1,000000000000000;1,000000000000000;1,000000000000000;1,000000000000000;1,000000000000000
2023-11-12;60+;5;5,0;5;5;5;5;5;5;5;5;5;5;290;290,0;290;290;290;290;290;290;290;290,0;290,0;290,0;1,000000000000000;1,000000000000000;1,000000000000000;1,000000000000000;1,000000000000000;1,000000000000000;1,000000000000000;1,000000000000000;1,000000000000000;1,000000000000000;1,000000000000000
2023-11-12;alle;6;6,0;6;6;6;6;6;6;6;6;6;6;342;342,0;342;342;342;342;342;342;342;342,0;342,0;342,0;NA;NA;NA;NA;NA;NA;NA;NA;NA;NA;NA
2023-11-11;0-60;5;5,0;5;5;5;5;5;5;5;5;5;5;51;51,0;51;51;51;51;51;51;51;51,0;51,0;51,0;1,000000000000000;1,000000000000000;1,000000000000000;1,000000000000000;1,000000000000000;1,000000000000000;1,000000000000000;1,000000000000000;1,000000000000000;1,000000000000000;1,000000000000000
2023-11-11;60+;28;28,0;28;28;28;28;28;28;28;28;28;28;293;293,0;293;293;293;293;293;293;293;293,0;293,0;293,0;1,000000000000000;1,000000000000000;1,000000000000000;1,000000000000000;1,000000000000000;1,000000000000000;1,000000000000000;1,000000000000000;1,000000000000000;1,000000000000000;1,000000000000000
2023-11-11;alle;33;33,0;33;33;33;33;33;33;33;33;33;33;344;344,0;344;344;344;344;344;344;344;344,0;344,0;344,0;NA;NA;NA;NA;NA;NA;NA;NA;NA;NA;NA
2023-11-10;0-60;8;8,0;8;8;8;8;8;8;8;8;8;8;54;54,0;54;54;54;54;54;54;54;54,0;54,0;54,0;1,000000000000000;1,000000000000000;1,000000000000000;1,000000000000000;1,000000000000000;1,000000000000000;1,000000000000000;1,000000000000000;1,000000000000000;1,000000000000000;1,000000000000000
2023-11-10;60+;44;44,0;44;44;44;44;44;44;44;44;44;44;299;299,0;299;299;299;299;299;299;299;299,0;299,0;299,0;1,000000000000000;1,000000000000000;1,000000000000000;1,000000000000000;1,000000000000000;1,000000000000000;1,000000000000000;1,000000000000000;1,000000000000000;1,000000000000000;1,000000000000000
2023-11-10;alle;52;52,0;52;52;52;52;52;52;52;52;52;52;353;353,0;353;353;353;353;353;353;353;353,0;353,0;353,0;NA;NA;NA;NA;NA;NA;NA;NA;NA;NA;NA
2023-11-09;0-60;9;9,0;9;9;9;9;9;9;9;9;9;9;55;55,0;55;55;55;55;55;55;55;55,0;55,0;55,0;1,000000000000000;1,000000000000000;1,000000000000000;1,000000000000000;1,000000000000000;1,000000000000000;1,000000000000000;1,000000000000000;1,000000000000000;1,000000000000000;1,000000000000000
2023-11-09;60+;59;59,0;59;59;59;59;59;59;59;59;59;59;331;331,0;331;331;331;331;331;331;331;331,0;331,0;331,0;1,000000000000000;1,000000000000000;1,000000000000000;1,000000000000000;1,000000000000000;1,000000000000000;1,000000000000000;1,000000000000000;1,000000000000000;1,000000000000000;1,000000000000000
2023-11-09;alle;68;68,0;68;68;68;68;68;68;68;68;68;68;386;386,0;386;386;386;386;386;386;386;386,0;386,0;386,0;NA;NA;NA;NA;NA;NA;NA;NA;NA;NA;NA
2023-11-08;0-60;4;4,0;4;4;4;4;4;4;4;4;4;4;64;64,0;64;64;64;64;64;64;64;64,0;64,0;64,0;1,000000000000000;1,000000000000000;1,000000000000000;1,000000000000000;1,000000000000000;1,000000000000000;1,000000000000000;1,000000000000000;1,000000000000000;1,000000000000000;1,000000000000000
2023-11-08;60+;38;38,0;38;38;38;38;38;38;38;38;38;38;348;348,0;348;348;348;348;348;348;348;348,0;348,0;348,0;1,000000000000000;1,000000000000000;1,000000000000000;1,000000000000000;1,000000000000000;1,000000000000000;1,000000000000000;1,000000000000000;1,000000000000000;1,000000000000000;1,000000000000000
2023-11-08;alle;42;42,0;42;42;42;42;42;42;42;42;42;42;412;412,0;412;412;412;412;412;412;412;412,0;412,0;412,0;NA;NA;NA;NA;NA;NA;NA;NA;NA;NA;NA
2023-11-07;0-60;25;25,0;25;25;25;25;25;25;25;25;25;25;62;62,0;62;62;62;62;62;62;62;62,0;62,0;62,0;1,000000000000000;1,000000000000000;1,000000000000000;1,000000000000000;1,000000000000000;1,000000000000000;1,000000000000000;1,000000000000000;1,000000000000000;1,000000000000000;1,000000000000000
2023-11-07;60+;113;113,0;113;113;113;113;113;113;113;113;113;113;324;324,0;324;324;324;324;324;324;324;324,0;324,0;324,0;1,000000000000000;1,000000000000000;1,000000000000000;1,000000000000000;1,000000000000000;1,000000000000000;1,000000000000000;1,000000000000000;1,000000000000000;1,000000000000000;1,000000000000000
2023-11-07;alle;138;138,0;138;138;138;138;138;138;138;138;138;138;386;386,0;386;386;386;386;386;386;386;386,0;386,0;386,0;NA;NA;NA;NA;NA;NA;NA;NA;NA;NA;NA
2023-11-06;0-60;0;0,0;0;0;0;0;0;0;0;0;0;0;54;54,0;54;54;54;54;54;54;54;54,0;54,0;54,0;1,000000000000000;1,000000000000000;1,000000000000000;1,000000000000000;1,000000000000000;1,000000000000000;1,000000000000000;1,000000000000000;1,000000000000000;1,000000000000000;1,000000000000000
2023-11-06;60+;3;3,0;3;3;3;3;3;3;3;3;3;3;317;317,0;317;317;317;317;317;317;317;317,0;317,0;317,0;1,000000000000000;1,000000000000000;1,000000000000000;1,000000000000000;1,000000000000000;1,000000000000000;1,000000000000000;1,000000000000000;1,000000000000000;1,000000000000000;1,000000000000000
2023-11-06;alle;3;3,0;3;3;3;3;3;3;3;3;3;3;371;371,0;371;371;371;371;371;371;371;371,0;371,0;371,0;NA;NA;NA;NA;NA;NA;NA;NA;NA;NA;NA
2023-11-05;0-60;0;0,0;0;0;0;0;0;0;0;0;0;0;55;55,0;55;55;55;55;55;55;55;55,0;55,0;55,0;1,000000000000000;1,000000000000000;1,000000000000000;1,000000000000000;1,000000000000000;1,000000000000000;1,000000000000000;1,000000000000000;1,000000000000000;1,000000000000000;1,000000000000000
2023-11-05;60+;8;8,0;8;8;8;8;8;8;8;8;8;8;319;319,0;319;319;319;319;319;319;319;319,0;319,0;319,0;1,000000000000000;1,000000000000000;1,000000000000000;1,000000000000000;1,000000000000000;1,000000000000000;1,000000000000000;1,000000000000000;1,000000000000000;1,000000000000000;1,000000000000000
2023-11-05;alle;8;8,0;8;8;8;8;8;8;8;8;8;8;374;374,0;374;374;374;374;374;374;374;374,0;374,0;374,0;NA;NA;NA;NA;NA;NA;NA;NA;NA;NA;NA
2023-11-04;0-60;8;8,0;8;8;8;8;8;8;8;8;8;8;56;56,0;56;56;56;56;56;56;56;56,0;56,0;56,0;1,000000000000000;1,000000000000000;1,000000000000000;1,000000000000000;1,000000000000000;1,000000000000000;1,000000000000000;1,000000000000000;1,000000000000000;1,000000000000000;1,000000000000000
2023-11-04;60+;34;34,0;34;34;34;34;34;34;34;34;34;34;321;321,0;321;321;321;321;321;321;321;321,0;321,0;321,0;1,000000000000000;1,000000000000000;1,000000000000000;1,000000000000000;1,000000000000000;1,000000000000000;1,000000000000000;1,000000000000000;1,000000000000000;1,000000000000000;1,000000000000000
2023-11-04;alle;42;42,0;42;42;42;42;42;42;42;42;42;42;377;377,0;377;377;377;377;377;377;377;377,0;377,0;377,0;NA;NA;NA;NA;NA;NA;NA;NA;NA;NA;NA
2023-11-03;0-60;9;9,0;9;9;9;9;9;9;9;9;9;9;54;54,0;54;54;54;54;54;54;54;54,0;54,0;54,0;1,000000000000000;1,000000000000000;1,000000000000000;1,000000000000000;1,000000000000000;1,000000000000000;1,000000000000000;1,000000000000000;1,000000000000000;1,000000000000000;1,000000000000000
2023-11-03;60+;76;76,0;76;76;76;76;76;76;76;76;76;76;322;322,0;322;322;322;322;322;322;322;322,0;322,0;322,0;1,000000000000000;1,000000000000000;1,000000000000000;1,000000000000000;1,000000000000000;1,000000000000000;1,000000000000000;1,000000000000000;1,000000000000000;1,000000000000000;1,000000000000000
2023-11-03;alle;85;85,0;85;85;85;85;85;85;85;85;85;85;376;376,0;376;376;376;376;376;376;376;376,0;376,0;376,0;NA;NA;NA;NA;NA;NA;NA;NA;NA;NA;NA
2023-11-02;0-60;18;18,0;18;18;18;18;18;18;18;18;18;18;58;58,0;58;58;58;58;58;58;58;58,0;58,0;58,0;1,000000000000000;1,000000000000000;1,000000000000000;1,000000000000000;1,000000000000000;1,000000000000000;1,000000000000000;1,000000000000000;1,000000000000000;1,000000000000000;1,000000000000000
2023-11-02;60+;76;76,0;76;76;76;76;76;76;76;76;76;76;281;281,0;281;281;281;281;281;281;281;281,0;281,0;281,0;1,000000000000000;1,000000000000000;1,000000000000000;1,000000000000000;1,000000000000000;1,000000000000000;1,000000000000000;1,000000000000000;1,000000000000000;1,000000000000000;1,000000000000000
2023-11-02;alle;94;94,0;94;94;94;94;94;94;94;94;94;94;339;339,0;339;339;339;339;339;339;339;339,0;339,0;339,0;NA;NA;NA;NA;NA;NA;NA;NA;NA;NA;NA
2023-11-01;0-60;2;2,0;2;2;2;2;2;2;2;2;2;2;47;47,0;47;47;47;47;47;47;47;47,0;47,0;47,0;1,000000000000000;1,000000000000000;1,000000000000000;1,000000000000000;1,000000000000000;1,000000000000000;1,000000000000000;1,000000000000000;1,000000000000000;1,000000000000000;1,000000000000000
2023-11-01;60+;14;14,0;14;14;14;14;14;14;14;14;14;14;249;249,0;249;249;249;249;249;249;249;249,0;249,0;249,0;1,000000000000000;1,000000000000000;1,000000000000000;1,000000000000000;1,000000000000000;1,000000000000000;1,000000000000000;1,000000000000000;1,000000000000000;1,000000000000000;1,000000000000000
2023-11-01;alle;16;16,0;16;16;16;16;16;16;16;16;16;16;296;296,0;296;296;296;296;296;296;296;296,0;296,0;296,0;NA;NA;NA;NA;NA;NA;NA;NA;NA;NA;NA
2023-10-31;0-60;17;17,0;17;17;17;17;17;17;17;17;17;17;55;55,0;55;55;55;55;55;55;55;55,0;55,0;55,0;1,000000000000000;1,000000000000000;1,000000000000000;1,000000000000000;1,000000000000000;1,000000000000000;1,000000000000000;1,000000000000000;1,000000000000000;1,000000000000000;1,000000000000000
2023-10-31;60+;106;106,0;106;106;106;106;106;106;106;106;106;106;289;289,0;289;289;289;289;289;289;289;289,0;289,0;289,0;1,000000000000000;1,000000000000000;1,000000000000000;1,000000000000000;1,000000000000000;1,000000000000000;1,000000000000000;1,000000000000000;1,000000000000000;1,000000000000000;1,000000000000000
2023-10-31;alle;123;123,0;123;123;123;123;123;123;123;123;123;123;344;344,0;344;344;344;344;344;344;344;344,0;344,0;344,0;NA;NA;NA;NA;NA;NA;NA;NA;NA;NA;NA
2023-10-30;0-60;1;1,0;1;1;1;1;1;1;1;1;1;1;52;52,0;52;52;52;52;52;52;52;52,0;52,0;52,0;1,000000000000000;1,000000000000000;1,000000000000000;1,000000000000000;1,000000000000000;1,000000000000000;1,000000000000000;1,000000000000000;1,000000000000000;1,000000000000000;1,000000000000000
2023-10-30;60+;5;5,0;5;5;5;5;5;5;5;5;5;5;272;272,0;272;272;272;272;272;272;272;272,0;272,0;272,0;1,000000000000000;1,000000000000000;1,000000000000000;1,000000000000000;1,000000000000000;1,000000000000000;1,000000000000000;1,000000000000000;1,000000000000000;1,000000000000000;1,000000000000000
2023-10-30;alle;6;6,0;6;6;6;6;6;6;6;6;6;6;324;324,0;324;324;324;324;324;324;324;324,0;324,0;324,0;NA;NA;NA;NA;NA;NA;NA;NA;NA;NA;NA
2023-10-29;0-60;1;1,0;1;1;1;1;1;1;1;1;1;1;52;52,0;52;52;52;52;52;52;52;52,0;52,0;52,0;1,000000000000000;1,000000000000000;1,000000000000000;1,000000000000000;1,000000000000000;1,000000000000000;1,000000000000000;1,000000000000000;1,000000000000000;1,000000000000000;1,000000000000000
2023-10-29;60+;10;10,0;10;10;10;10;10;10;10;10;10;10;275;275,0;275;275;275;275;275;275;275;275,0;275,0;275,0;1,000000000000000;1,000000000000000;1,000000000000000;1,000000000000000;1,000000000000000;1,000000000000000;1,000000000000000;1,000000000000000;1,000000000000000;1,000000000000000;1,000000000000000
2023-10-29;alle;11;11,0;11;11;11;11;11;11;11;11;11;11;327;327,0;327;327;327;327;327;327;327;327,0;327,0;327,0;NA;NA;NA;NA;NA;NA;NA;NA;NA;NA;NA
2023-10-28;0-60;6;6,0;6;6;6;6;6;6;6;6;6;6;54;54,0;54;54;54;54;54;54;54;54,0;54,0;54,0;1,000000000000000;1,000000000000000;1,000000000000000;1,000000000000000;1,000000000000000;1,000000000000000;1,000000000000000;1,000000000000000;1,000000000000000;1,000000000000000;1,000000000000000
2023-10-28;60+;35;35,0;35;35;35;35;35;35;35;35;35;35;269;269,0;269;269;269;269;269;269;269;269,0;269,0;269,0;1,000000000000000;1,000000000000000;1,000000000000000;1,000000000000000;1,000000000000000;1,000000000000000;1,000000000000000;1,000000000000000;1,000000000000000;1,000000000000000;1,000000000000000
2023-10-28;alle;41;41,0;41;41;41;41;41;41;41;41;41;41;323;323,0;323;323;323;323;323;323;323;323,0;323,0;323,0;NA;NA;NA;NA;NA;NA;NA;NA;NA;NA;NA
2023-10-27;0-60;13;13,0;13;13;13;13;13;13;13;13;13;13;50;50,0;50;50;50;50;50;50;50;50,0;50,0;50,0;1,000000000000000;1,000000000000000;1,000000000000000;1,000000000000000;1,000000000000000;1,000000000000000;1,000000000000000;1,000000000000000;1,000000000000000;1,000000000000000;1,000000000000000
2023-10-27;60+;35;35,0;35;35;35;35;35;35;35;35;35;35;261;261,0;261;261;261;261;261;261;261;261,0;261,0;261,0;1,000000000000000;1,000000000000000;1,000000000000000;1,000000000000000;1,000000000000000;1,000000000000000;1,000000000000000;1,000000000000000;1,000000000000000;1,000000000000000;1,000000000000000
2023-10-27;alle;48;48,0;48;48;48;48;48;48;48;48;48;48;311;311,0;311;311;311;311;311;311;311;311,0;311,0;311,0;NA;NA;NA;NA;NA;NA;NA;NA;NA;NA;NA
2023-10-26;0-60;7;7,0;7;7;7;7;7;7;7;7;7;7;38;38,0;38;38;38;38;38;38;38;38,0;38,0;38,0;1,000000000000000;1,000000000000000;1,000000000000000;1,000000000000000;1,000000000000000;1,000000000000000;1,000000000000000;1,000000000000000;1,000000000000000;1,000000000000000;1,000000000000000
2023-10-26;60+;44;44,0;44;44;44;44;44;44;44;44;44;44;250;250,0;250;250;250;250;250;250;250;250,0;250,0;250,0;1,000000000000000;1,000000000000000;1,000000000000000;1,000000000000000;1,000000000000000;1,000000000000000;1,000000000000000;1,000000000000000;1,000000000000000;1,000000000000000;1,000000000000000
2023-10-26;alle;51;51,0;51;51;51;51;51;51;51;51;51;51;288;288,0;288;288;288;288;288;288;288;288,0;288,0;288,0;NA;NA;NA;NA;NA;NA;NA;NA;NA;NA;NA
2023-10-25;0-60;10;10,0;10;10;10;10;10;10;10;10;10;10;36;36,0;36;36;36;36;36;36;36;36,0;36,0;36,0;1,000000000000000;1,000000000000000;1,000000000000000;1,000000000000000;1,000000000000000;1,000000000000000;1,000000000000000;1,000000000000000;1,000000000000000;1,000000000000000;1,000000000000000
2023-10-25;60+;54;54,0;54;54;54;54;54;54;54;54;54;54;241;241,0;241;241;241;241;241;241;241;241,0;241,0;241,0;1,000000000000000;1,000000000000000;1,000000000000000;1,000000000000000;1,000000000000000;1,000000000000000;1,000000000000000;1,000000000000000;1,000000000000000;1,000000000000000;1,000000000000000
2023-10-25;alle;64;64,0;64;64;64;64;64;64;64;64;64;64;277;277,0;277;277;277;277;277;277;277;277,0;277,0;277,0;NA;NA;NA;NA;NA;NA;NA;NA;NA;NA;NA
2023-10-24;0-60;14;14,0;14;14;14;14;14;14;14;14;14;14;31;31,0;31;31;31;31;31;31;31;31,0;31,0;31,0;1,000000000000000;1,000000000000000;1,000000000000000;1,000000000000000;1,000000000000000;1,000000000000000;1,000000000000000;1,000000000000000;1,000000000000000;1,000000000000000;1,000000000000000
2023-10-24;60+;89;89,0;89;89;89;89;89;89;89;89;89;89;209;209,0;209;209;209;209;209;209;209;209,0;209,0;209,0;1,000000000000000;1,000000000000000;1,000000000000000;1,000000000000000;1,000000000000000;1,000000000000000;1,000000000000000;1,000000000000000;1,000000000000000;1,000000000000000;1,000000000000000
2023-10-24;alle;103;103,0;103;103;103;103;103;103;103;103;103;103;240;240,0;240;240;240;240;240;240;240;240,0;240,0;240,0;NA;NA;NA;NA;NA;NA;NA;NA;NA;NA;NA
2023-10-23;0-60;1;1,0;1;1;1;1;1;1;1;1;1;1;22;22,0;22;22;22;22;22;22;22;22,0;22,0;22,0;1,000000000000000;1,000000000000000;1,000000000000000;1,000000000000000;1,000000000000000;1,000000000000000;1,000000000000000;1,000000000000000;1,000000000000000;1,000000000000000;1,000000000000000
2023-10-23;60+;8;8,0;8;8;8;8;8;8;8;8;8;8;156;156,0;156;156;156;156;156;156;156;156,0;156,0;156,0;1,000000000000000;1,000000000000000;1,000000000000000;1,000000000000000;1,000000000000000;1,000000000000000;1,000000000000000;1,000000000000000;1,000000000000000;1,000000000000000;1,000000000000000
2023-10-23;alle;9;9,0;9;9;9;9;9;9;9;9;9;9;178;178,0;178;178;178;178;178;178;178;178,0;178,0;178,0;NA;NA;NA;NA;NA;NA;NA;NA;NA;NA;NA
2023-10-22;0-60;3;3,0;3;3;3;3;3;3;3;3;3;3;22;22,0;22;22;22;22;22;22;22;22,0;22,0;22,0;1,000000000000000;1,000000000000000;1,000000000000000;1,000000000000000;1,000000000000000;1,000000000000000;1,000000000000000;1,000000000000000;1,000000000000000;1,000000000000000;1,000000000000000
2023-10-22;60+;4;4,0;4;4;4;4;4;4;4;4;4;4;150;150,0;150;150;150;150;150;150;150;150,0;150,0;150,0;1,000000000000000;1,000000000000000;1,000000000000000;1,000000000000000;1,000000000000000;1,000000000000000;1,000000000000000;1,000000000000000;1,000000000000000;1,000000000000000;1,000000000000000
2023-10-22;alle;7;7,0;7;7;7;7;7;7;7;7;7;7;172;172,0;172;172;172;172;172;172;172;172,0;172,0;172,0;NA;NA;NA;NA;NA;NA;NA;NA;NA;NA;NA
2023-10-21;0-60;2;2,0;2;2;2;2;2;2;2;2;2;2;21;21,0;21;21;21;21;21;21;21;21,0;21,0;21,0;1,000000000000000;1,000000000000000;1,000000000000000;1,000000000000000;1,000000000000000;1,000000000000000;1,000000000000000;1,000000000000000;1,000000000000000;1,000000000000000;1,000000000000000
2023-10-21;60+;27;27,0;27;27;27;27;27;27;27;27;27;27;151;151,0;151;151;151;151;151;151;151;151,0;151,0;151,0;1,000000000000000;1,000000000000000;1,000000000000000;1,000000000000000;1,000000000000000;1,000000000000000;1,000000000000000;1,000000000000000;1,000000000000000;1,000000000000000;1,000000000000000
2023-10-21;alle;29;29,0;29;29;29;29;29;29;29;29;29;29;172;172,0;172;172;172;172;172;172;172;172,0;172,0;172,0;NA;NA;NA;NA;NA;NA;NA;NA;NA;NA;NA
2023-10-20;0-60;1;1,0;1;1;1;1;1;1;1;1;1;1;23;23,0;23;23;23;23;23;23;23;23,0;23,0;23,0;1,000000000000000;1,000000000000000;1,000000000000000;1,000000000000000;1,000000000000000;1,000000000000000;1,000000000000000;1,000000000000000;1,000000000000000;1,000000000000000;1,000000000000000
2023-10-20;60+;24;24,0;24;24;24;24;24;24;24;24;24;24;142;142,0;142;142;142;142;142;142;142;142,0;142,0;142,0;1,000000000000000;1,000000000000000;1,000000000000000;1,000000000000000;1,000000000000000;1,000000000000000;1,000000000000000;1,000000000000000;1,000000000000000;1,000000000000000;1,000000000000000
2023-10-20;alle;25;25,0;25;25;25;25;25;25;25;25;25;25;165;165,0;165;165;165;165;165;165;165;165,0;165,0;165,0;NA;NA;NA;NA;NA;NA;NA;NA;NA;NA;NA
2023-10-19;0-60;5;5,0;5;5;5;5;5;5;5;5;5;5;25;25,0;25;25;25;25;25;25;25;25,0;25,0;25,0;1,000000000000000;1,000000000000000;1,000000000000000;1,000000000000000;1,000000000000000;1,000000000000000;1,000000000000000;1,000000000000000;1,000000000000000;1,000000000000000;1,000000000000000
2023-10-19;60+;35;35,0;35;35;35;35;35;35;35;35;35;35;136;136,0;136;136;136;136;136;136;136;136,0;136,0;136,0;1,000000000000000;1,000000000000000;1,000000000000000;1,000000000000000;1,000000000000000;1,000000000000000;1,000000000000000;1,000000000000000;1,000000000000000;1,000000000000000;1,000000000000000
2023-10-19;alle;40;40,0;40;40;40;40;40;40;40;40;40;40;161;161,0;161;161;161;161;161;161;161;161,0;161,0;161,0;NA;NA;NA;NA;NA;NA;NA;NA;NA;NA;NA
2023-10-18;0-60;5;5,0;5;5;5;5;5;5;5;5;5;5;24;24,0;24;24;24;24;24;24;24;24,0;24,0;24,0;1,000000000000000;1,000000000000000;1,000000000000000;1,000000000000000;1,000000000000000;1,000000000000000;1,000000000000000;1,000000000000000;1,000000000000000;1,000000000000000;1,000000000000000
2023-10-18;60+;22;22,0;22;22;22;22;22;22;22;22;22;22;115;115,0;115;115;115;115;115;115;115;115,0;115,0;115,0;1,000000000000000;1,000000000000000;1,000000000000000;1,000000000000000;1,000000000000000;1,000000000000000;1,000000000000000;1,000000000000000;1,000000000000000;1,000000000000000;1,000000000000000
2023-10-18;alle;27;27,0;27;27;27;27;27;27;27;27;27;27;139;139,0;139;139;139;139;139;139;139;139,0;139,0;139,0;NA;NA;NA;NA;NA;NA;NA;NA;NA;NA;NA
2023-10-17;0-60;5;5,0;5;5;5;5;5;5;5;5;5;5;20;20,0;20;20;20;20;20;20;20;20,0;20,0;20,0;1,000000000000000;1,000000000000000;1,000000000000000;1,000000000000000;1,000000000000000;1,000000000000000;1,000000000000000;1,000000000000000;1,000000000000000;1,000000000000000;1,000000000000000
2023-10-17;60+;36;36,0;36;36;36;36;36;36;36;36;36;36;116;116,0;116;116;116;116;116;116;116;116,0;116,0;116,0;1,000000000000000;1,000000000000000;1,000000000000000;1,000000000000000;1,000000000000000;1,000000000000000;1,000000000000000;1,000000000000000;1,000000000000000;1,000000000000000;1,000000000000000
2023-10-17;alle;41;41,0;41;41;41;41;41;41;41;41;41;41;136;136,0;136;136;136;136;136;136;136;136,0;136,0;136,0;NA;NA;NA;NA;NA;NA;NA;NA;NA;NA;NA
2023-10-16;0-60;1;1,0;1;1;1;1;1;1;1;1;1;1;16;16,0;16;16;16;16;16;16;16;16,0;16,0;16,0;1,000000000000000;1,000000000000000;1,000000000000000;1,000000000000000;1,000000000000000;1,000000000000000;1,000000000000000;1,000000000000000;1,000000000000000;1,000000000000000;1,000000000000000
2023-10-16;60+;2;2,0;2;2;2;2;2;2;2;2;2;2;111;111,0;111;111;111;111;111;111;111;111,0;111,0;111,0;1,000000000000000;1,000000000000000;1,000000000000000;1,000000000000000;1,000000000000000;1,000000000000000;1,000000000000000;1,000000000000000;1,000000000000000;1,000000000000000;1,000000000000000
2023-10-16;alle;3;3,0;3;3;3;3;3;3;3;3;3;3;127;127,0;127;127;127;127;127;127;127;127,0;127,0;127,0;NA;NA;NA;NA;NA;NA;NA;NA;NA;NA;NA
2023-10-15;0-60;2;2,0;2;2;2;2;2;2;2;2;2;2;15;15,0;15;15;15;15;15;15;15;15,0;15,0;15,0;1,000000000000000;1,000000000000000;1,000000000000000;1,000000000000000;1,000000000000000;1,000000000000000;1,000000000000000;1,000000000000000;1,000000000000000;1,000000000000000;1,000000000000000
2023-10-15;60+;5;5,0;5;5;5;5;5;5;5;5;5;5;111;111,0;111;111;111;111;111;111;111;111,0;111,0;111,0;1,000000000000000;1,000000000000000;1,000000000000000;1,000000000000000;1,000000000000000;1,000000000000000;1,000000000000000;1,000000000000000;1,000000000000000;1,000000000000000;1,000000000000000
2023-10-15;alle;7;7,0;7;7;7;7;7;7;7;7;7;7;126;126,0;126;126;126;126;126;126;126;126,0;126,0;126,0;NA;NA;NA;NA;NA;NA;NA;NA;NA;NA;NA
2023-10-14;0-60;4;4,0;4;4;4;4;4;4;4;4;4;4;16;16,0;16;16;16;16;16;16;16;16,0;16,0;16,0;1,000000000000000;1,000000000000000;1,000000000000000;1,000000000000000;1,000000000000000;1,000000000000000;1,000000000000000;1,000000000000000;1,000000000000000;1,000000000000000;1,000000000000000
2023-10-14;60+;18;18,0;18;18;18;18;18;18;18;18;18;18;109;109,0;109;109;109;109;109;109;109;109,0;109,0;109,0;1,000000000000000;1,000000000000000;1,000000000000000;1,000000000000000;1,000000000000000;1,000000000000000;1,000000000000000;1,000000000000000;1,000000000000000;1,000000000000000;1,000000000000000
2023-10-14;alle;22;22,0;22;22;22;22;22;22;22;22;22;22;125;125,0;125;125;125;125;125;125;125;125,0;125,0;125,0;NA;NA;NA;NA;NA;NA;NA;NA;NA;NA;NA
2023-10-13;0-60;3;3,0;3;3;3;3;3;3;3;3;3;3;15;15,0;15;15;15;15;15;15;15;15,0;15,0;15,0;1,000000000000000;1,000000000000000;1,000000000000000;1,000000000000000;1,000000000000000;1,000000000000000;1,000000000000000;1,000000000000000;1,000000000000000;1,000000000000000;1,000000000000000
2023-10-13;60+;18;18,0;18;18;18;18;18;18;18;18;18;18;109;109,0;109;109;109;109;109;109;109;109,0;109,0;109,0;1,000000000000000;1,000000000000000;1,000000000000000;1,000000000000000;1,000000000000000;1,000000000000000;1,000000000000000;1,000000000000000;1,000000000000000;1,000000000000000;1,000000000000000
2023-10-13;alle;21;21,0;21;21;21;21;21;21;21;21;21;21;124;124,0;124;124;124;124;124;124;124;124,0;124,0;124,0;NA;NA;NA;NA;NA;NA;NA;NA;NA;NA;NA
2023-10-12;0-60;4;4,0;4;4;4;4;4;4;4;4;4;4;13;13,0;13;13;13;13;13;13;13;13,0;13,0;13,0;1,000000000000000;1,000000000000000;1,000000000000000;1,000000000000000;1,000000000000000;1,000000000000000;1,000000000000000;1,000000000000000;1,000000000000000;1,000000000000000;1,000000000000000
2023-10-12;60+;14;14,0;14;14;14;14;14;14;14;14;14;14;116;116,0;116;116;116;116;116;116;116;116,0;116,0;116,0;1,000000000000000;1,000000000000000;1,000000000000000;1,000000000000000;1,000000000000000;1,000000000000000;1,000000000000000;1,000000000000000;1,000000000000000;1,000000000000000;1,000000000000000
2023-10-12;alle;18;18,0;18;18;18;18;18;18;18;18;18;18;129;129,0;129;129;129;129;129;129;129;129,0;129,0;129,0;NA;NA;NA;NA;NA;NA;NA;NA;NA;NA;NA
2023-10-11;0-60;1;1,0;1;1;1;1;1;1;1;1;1;1;12;12,0;12;12;12;12;12;12;12;12,0;12,0;12,0;1,000000000000000;1,000000000000000;1,000000000000000;1,000000000000000;1,000000000000000;1,000000000000000;1,000000000000000;1,000000000000000;1,000000000000000;1,000000000000000;1,000000000000000
2023-10-11;60+;23;23,0;23;23;23;23;23;23;23;23;23;23;133;133,0;133;133;133;133;133;133;133;133,0;133,0;133,0;1,000000000000000;1,000000000000000;1,000000000000000;1,000000000000000;1,000000000000000;1,000000000000000;1,000000000000000;1,000000000000000;1,000000000000000;1,000000000000000;1,000000000000000
2023-10-11;alle;24;24,0;24;24;24;24;24;24;24;24;24;24;145;145,0;145;145;145;145;145;145;145;145,0;145,0;145,0;NA;NA;NA;NA;NA;NA;NA;NA;NA;NA;NA
2023-10-10;0-60;1;1,0;1;1;1;1;1;1;1;1;1;1;11;11,0;11;11;11;11;11;11;11;11,0;11,0;11,0;1,000000000000000;1,000000000000000;1,000000000000000;1,000000000000000;1,000000000000000;1,000000000000000;1,000000000000000;1,000000000000000;1,000000000000000;1,000000000000000;1,000000000000000
2023-10-10;60+;31;31,0;31;31;31;31;31;31;31;31;31;31;114;114,0;114;114;114;114;114;114;114;114,0;114,0;114,0;1,000000000000000;1,000000000000000;1,000000000000000;1,000000000000000;1,000000000000000;1,000000000000000;1,000000000000000;1,000000000000000;1,000000000000000;1,000000000000000;1,000000000000000
2023-10-10;alle;32;32,0;32;32;32;32;32;32;32;32;32;32;125;125,0;125;125;125;125;125;125;125;125,0;125,0;125,0;NA;NA;NA;NA;NA;NA;NA;NA;NA;NA;NA
2023-10-09;0-60;0;0,0;0;0;0;0;0;0;0;0;0;0;12;12,0;12;12;12;12;12;12;12;12,0;12,0;12,0;1,000000000000000;1,000000000000000;1,000000000000000;1,000000000000000;1,000000000000000;1,000000000000000;1,000000000000000;1,000000000000000;1,000000000000000;1,000000000000000;1,000000000000000
2023-10-09;60+;2;2,0;2;2;2;2;2;2;2;2;2;2;124;124,0;124;124;124;124;124;124;124;124,0;124,0;124,0;1,000000000000000;1,000000000000000;1,000000000000000;1,000000000000000;1,000000000000000;1,000000000000000;1,000000000000000;1,000000000000000;1,000000000000000;1,000000000000000;1,000000000000000
2023-10-09;alle;2;2,0;2;2;2;2;2;2;2;2;2;2;136;136,0;136;136;136;136;136;136;136;136,0;136,0;136,0;NA;NA;NA;NA;NA;NA;NA;NA;NA;NA;NA
2023-10-08;0-60;3;3,0;3;3;3;3;3;3;3;3;3;3;12;12,0;12;12;12;12;12;12;12;12,0;12,0;12,0;1,000000000000000;1,000000000000000;1,000000000000000;1,000000000000000;1,000000000000000;1,000000000000000;1,000000000000000;1,000000000000000;1,000000000000000;1,000000000000000;1,000000000000000
2023-10-08;60+;3;3,0;3;3;3;3;3;3;3;3;3;3;122;122,0;122;122;122;122;122;122;122;122,0;122,0;122,0;1,000000000000000;1,000000000000000;1,000000000000000;1,000000000000000;1,000000000000000;1,000000000000000;1,000000000000000;1,000000000000000;1,000000000000000;1,000000000000000;1,000000000000000
2023-10-08;alle;6;6,0;6;6;6;6;6;6;6;6;6;6;134;134,0;134;134;134;134;134;134;134;134,0;134,0;134,0;NA;NA;NA;NA;NA;NA;NA;NA;NA;NA;NA
2023-10-07;0-60;3;3,0;3;3;3;3;3;3;3;3;3;3;9;9,0;9;9;9;9;9;9;9;9,0;9,0;9,0;1,000000000000000;1,000000000000000;1,000000000000000;1,000000000000000;1,000000000000000;1,000000000000000;1,000000000000000;1,000000000000000;1,000000000000000;1,000000000000000;1,000000000000000
2023-10-07;60+;18;18,0;18;18;18;18;18;18;18;18;18;18;123;123,0;123;123;123;123;123;123;123;123,0;123,0;123,0;1,000000000000000;1,000000000000000;1,000000000000000;1,000000000000000;1,000000000000000;1,000000000000000;1,000000000000000;1,000000000000000;1,000000000000000;1,000000000000000;1,000000000000000
2023-10-07;alle;21;21,0;21;21;21;21;21;21;21;21;21;21;132;132,0;132;132;132;132;132;132;132;132,0;132,0;132,0;NA;NA;NA;NA;NA;NA;NA;NA;NA;NA;NA
2023-10-06;0-60;1;1,0;1;1;1;1;1;1;1;1;1;1;7;7,0;7;7;7;7;7;7;7;7,0;7,0;7,0;1,000000000000000;1,000000000000000;1,000000000000000;1,000000000000000;1,000000000000000;1,000000000000000;1,000000000000000;1,000000000000000;1,000000000000000;1,000000000000000;1,000000000000000
2023-10-06;60+;25;25,0;25;25;25;25;25;25;25;25;25;25;122;122,0;122;122;122;122;122;122;122;122,0;122,0;122,0;1,000000000000000;1,000000000000000;1,000000000000000;1,000000000000000;1,000000000000000;1,000000000000000;1,000000000000000;1,000000000000000;1,000000000000000;1,000000000000000;1,000000000000000
2023-10-06;alle;26;26,0;26;26;26;26;26;26;26;26;26;26;129;129,0;129;129;129;129;129;129;129;129,0;129,0;129,0;NA;NA;NA;NA;NA;NA;NA;NA;NA;NA;NA
2023-10-05;0-60;3;3,0;3;3;3;3;3;3;3;3;3;3;12;12,0;12;12;12;12;12;12;12;12,0;12,0;12,0;1,000000000000000;1,000000000000000;1,000000000000000;1,000000000000000;1,000000000000000;1,000000000000000;1,000000000000000;1,000000000000000;1,000000000000000;1,000000000000000;1,000000000000000
2023-10-05;60+;31;31,0;31;31;31;31;31;31;31;31;31;31;111;111,0;111;111;111;111;111;111;111;111,0;111,0;111,0;1,000000000000000;1,000000000000000;1,000000000000000;1,000000000000000;1,000000000000000;1,000000000000000;1,000000000000000;1,000000000000000;1,000000000000000;1,000000000000000;1,000000000000000
2023-10-05;alle;34;34,0;34;34;34;34;34;34;34;34;34;34;123;123,0;123;123;123;123;123;123;123;123,0;123,0;123,0;NA;NA;NA;NA;NA;NA;NA;NA;NA;NA;NA
2023-10-04;0-60;0;0,0;0;0;0;0;0;0;0;0;0;0;11;11,0;11;11;11;11;11;11;11;11,0;11,0;11,0;1,000000000000000;1,000000000000000;1,000000000000000;1,000000000000000;1,000000000000000;1,000000000000000;1,000000000000000;1,000000000000000;1,000000000000000;1,000000000000000;1,000000000000000
2023-10-04;60+;4;4,0;4;4;4;4;4;4;4;4;4;4;96;96,0;96;96;96;96;96;96;96;96,0;96,0;96,0;1,000000000000000;1,000000000000000;1,000000000000000;1,000000000000000;1,000000000000000;1,000000000000000;1,000000000000000;1,000000000000000;1,000000000000000;1,000000000000000;1,000000000000000
2023-10-04;alle;4;4,0;4;4;4;4;4;4;4;4;4;4;107;107,0;107;107;107;107;107;107;107;107,0;107,0;107,0;NA;NA;NA;NA;NA;NA;NA;NA;NA;NA;NA
2023-10-03;0-60;2;2,0;2;2;2;2;2;2;2;2;2;2;14;14,0;14;14;14;14;14;14;14;14,0;14,0;14,0;1,000000000000000;1,000000000000000;1,000000000000000;1,000000000000000;1,000000000000000;1,000000000000000;1,000000000000000;1,000000000000000;1,000000000000000;1,000000000000000;1,000000000000000
2023-10-03;60+;41;41,0;41;41;41;41;41;41;41;41;41;41;112;112,0;112;112;112;112;112;112;112;112,0;112,0;112,0;1,000000000000000;1,000000000000000;1,000000000000000;1,000000000000000;1,000000000000000;1,000000000000000;1,000000000000000;1,000000000000000;1,000000000000000;1,000000000000000;1,000000000000000
2023-10-03;alle;43;43,0;43;43;43;43;43;43;43;43;43;43;126;126,0;126;126;126;126;126;126;126;126,0;126,0;126,0;NA;NA;NA;NA;NA;NA;NA;NA;NA;NA;NA
2023-10-02;0-60;0;0,0;0;0;0;0;0;0;0;0;0;0;14;14,0;14;14;14;14;14;14;14;14,0;14,0;14,0;1,000000000000000;1,000000000000000;1,000000000000000;1,000000000000000;1,000000000000000;1,000000000000000;1,000000000000000;1,000000000000000;1,000000000000000;1,000000000000000;1,000000000000000
2023-10-02;60+;0;0,0;0;0;0;0;0;0;0;0;0;0;98;98,0;98;98;98;98;98;98;98;98,0;98,0;98,0;1,000000000000000;1,000000000000000;1,000000000000000;1,000000000000000;1,000000000000000;1,000000000000000;1,000000000000000;1,000000000000000;1,000000000000000;1,000000000000000;1,000000000000000
2023-10-02;alle;0;0,0;0;0;0;0;0;0;0;0;0;0;112;112,0;112;112;112;112;112;112;112;112,0;112,0;112,0;NA;NA;NA;NA;NA;NA;NA;NA;NA;NA;NA
2023-10-01;0-60;0;0,0;0;0;0;0;0;0;0;0;0;0;14;14,0;14;14;14;14;14;14;14;14,0;14,0;14,0;1,000000000000000;1,000000000000000;1,000000000000000;1,000000000000000;1,000000000000000;1,000000000000000;1,000000000000000;1,000000000000000;1,000000000000000;1,000000000000000;1,000000000000000
2023-10-01;60+;4;4,0;4;4;4;4;4;4;4;4;4;4;98;98,0;98;98;98;98;98;98;98;98,0;98,0;98,0;1,000000000000000;1,000000000000000;1,000000000000000;1,000000000000000;1,000000000000000;1,000000000000000;1,000000000000000;1,000000000000000;1,000000000000000;1,000000000000000;1,000000000000000
2023-10-01;alle;4;4,0;4;4;4;4;4;4;4;4;4;4;112;112,0;112;112;112;112;112;112;112;112,0;112,0;112,0;NA;NA;NA;NA;NA;NA;NA;NA;NA;NA;NA
2023-09-30;0-60;1;1,0;1;1;1;1;1;1;1;1;1;1;15;15,0;15;15;15;15;15;15;15;15,0;15,0;15,0;1,000000000000000;1,000000000000000;1,000000000000000;1,000000000000000;1,000000000000000;1,000000000000000;1,000000000000000;1,000000000000000;1,000000000000000;1,000000000000000;1,000000000000000
2023-09-30;60+;17;17,0;17;17;17;17;17;17;17;17;17;17;99;99,0;99;99;99;99;99;99;99;99,0;99,0;99,0;1,000000000000000;1,000000000000000;1,000000000000000;1,000000000000000;1,000000000000000;1,000000000000000;1,000000000000000;1,000000000000000;1,000000000000000;1,000000000000000;1,000000000000000
2023-09-30;alle;18;18,0;18;18;18;18;18;18;18;18;18;18;114;114,0;114;114;114;114;114;114;114;114,0;114,0;114,0;NA;NA;NA;NA;NA;NA;NA;NA;NA;NA;NA
2023-09-29;0-60;6;6,0;6;6;6;6;6;6;6;6;6;6;15;15,0;15;15;15;15;15;15;15;15,0;15,0;15,0;1,000000000000000;1,000000000000000;1,000000000000000;1,000000000000000;1,000000000000000;1,000000000000000;1,000000000000000;1,000000000000000;1,000000000000000;1,000000000000000;1,000000000000000
2023-09-29;60+;14;14,0;14;14;14;14;14;14;14;14;14;14;97;97,0;97;97;97;97;97;97;97;97,0;97,0;97,0;1,000000000000000;1,000000000000000;1,000000000000000;1,000000000000000;1,000000000000000;1,000000000000000;1,000000000000000;1,000000000000000;1,000000000000000;1,000000000000000;1,000000000000000
2023-09-29;alle;20;20,0;20;20;20;20;20;20;20;20;20;20;112;112,0;112;112;112;112;112;112;112;112,0;112,0;112,0;NA;NA;NA;NA;NA;NA;NA;NA;NA;NA;NA
2023-09-28;0-60;2;2,0;2;2;2;2;2;2;2;2;2;2;14;14,0;14;14;14;14;14;14;14;14,0;14,0;14,0;1,000000000000000;1,000000000000000;1,000000000000000;1,000000000000000;1,000000000000000;1,000000000000000;1,000000000000000;1,000000000000000;1,000000000000000;1,000000000000000;1,000000000000000
2023-09-28;60+;16;16,0;16;16;16;16;16;16;16;16;16;16;100;100,0;100;100;100;100;100;100;100;100,0;100,0;100,0;1,000000000000000;1,000000000000000;1,000000000000000;1,000000000000000;1,000000000000000;1,000000000000000;1,000000000000000;1,000000000000000;1,000000000000000;1,000000000000000;1,000000000000000
2023-09-28;alle;18;18,0;18;18;18;18;18;18;18;18;18;18;114;114,0;114;114;114;114;114;114;114;114,0;114,0;114,0;NA;NA;NA;NA;NA;NA;NA;NA;NA;NA;NA
2023-09-27;0-60;3;3,0;3;3;3;3;3;3;3;3;3;3;12;12,0;12;12;12;12;12;12;12;12,0;12,0;12,0;1,000000000000000;1,000000000000000;1,000000000000000;1,000000000000000;1,000000000000000;1,000000000000000;1,000000000000000;1,000000000000000;1,000000000000000;1,000000000000000;1,000000000000000
2023-09-27;60+;20;20,0;20;20;20;20;20;20;20;20;20;20;98;98,0;98;98;98;98;98;98;98;98,0;98,0;98,0;1,000000000000000;1,000000000000000;1,000000000000000;1,000000000000000;1,000000000000000;1,000000000000000;1,000000000000000;1,000000000000000;1,000000000000000;1,000000000000000;1,000000000000000
2023-09-27;alle;23;23,0;23;23;23;23;23;23;23;23;23;23;110;110,0;110;110;110;110;110;110;110;110,0;110,0;110,0;NA;NA;NA;NA;NA;NA;NA;NA;NA;NA;NA
2023-09-26;0-60;2;2,0;2;2;2;2;2;2;2;2;2;2;13;13,0;13;13;13;13;13;13;13;13,0;13,0;13,0;1,000000000000000;1,000000000000000;1,000000000000000;1,000000000000000;1,000000000000000;1,000000000000000;1,000000000000000;1,000000000000000;1,000000000000000;1,000000000000000;1,000000000000000
2023-09-26;60+;27;27,0;27;27;27;27;27;27;27;27;27;27;104;104,0;104;104;104;104;104;104;104;104,0;104,0;104,0;1,000000000000000;1,000000000000000;1,000000000000000;1,000000000000000;1,000000000000000;1,000000000000000;1,000000000000000;1,000000000000000;1,000000000000000;1,000000000000000;1,000000000000000
2023-09-26;alle;29;29,0;29;29;29;29;29;29;29;29;29;29;117;117,0;117;117;117;117;117;117;117;117,0;117,0;117,0;NA;NA;NA;NA;NA;NA;NA;NA;NA;NA;NA
2023-09-25;0-60;0;0,0;0;0;0;0;0;0;0;0;0;0;17;17,0;17;17;17;17;17;17;17;17,0;17,0;17,0;1,000000000000000;1,000000000000000;1,000000000000000;1,000000000000000;1,000000000000000;1,000000000000000;1,000000000000000;1,000000000000000;1,000000000000000;1,000000000000000;1,000000000000000
2023-09-25;60+;0;0,0;0;0;0;0;0;0;0;0;0;0;102;102,0;102;102;102;102;102;102;102;102,0;102,0;102,0;1,000000000000000;1,000000000000000;1,000000000000000;1,000000000000000;1,000000000000000;1,000000000000000;1,000000000000000;1,000000000000000;1,000000000000000;1,000000000000000;1,000000000000000
2023-09-25;alle;0;0,0;0;0;0;0;0;0;0;0;0;0;119;119,0;119;119;119;119;119;119;119;119,0;119,0;119,0;NA;NA;NA;NA;NA;NA;NA;NA;NA;NA;NA
2023-09-24;0-60;1;1,0;1;1;1;1;1;1;1;1;1;1;18;18,0;18;18;18;18;18;18;18;18,0;18,0;18,0;1,000000000000000;1,000000000000000;1,000000000000000;1,000000000000000;1,000000000000000;1,000000000000000;1,000000000000000;1,000000000000000;1,000000000000000;1,000000000000000;1,000000000000000
2023-09-24;60+;5;5,0;5;5;5;5;5;5;5;5;5;5;102;102,0;102;102;102;102;102;102;102;102,0;102,0;102,0;1,000000000000000;1,000000000000000;1,000000000000000;1,000000000000000;1,000000000000000;1,000000000000000;1,000000000000000;1,000000000000000;1,000000000000000;1,000000000000000;1,000000000000000
2023-09-24;alle;6;6,0;6;6;6;6;6;6;6;6;6;6;120;120,0;120;120;120;120;120;120;120;120,0;120,0;120,0;NA;NA;NA;NA;NA;NA;NA;NA;NA;NA;NA
2023-09-23;0-60;1;1,0;1;1;1;1;1;1;1;1;1;1;18;18,0;18;18;18;18;18;18;18;18,0;18,0;18,0;1,000000000000000;1,000000000000000;1,000000000000000;1,000000000000000;1,000000000000000;1,000000000000000;1,000000000000000;1,000000000000000;1,000000000000000;1,000000000000000;1,000000000000000
2023-09-23;60+;15;15,0;15;15;15;15;15;15;15;15;15;15;101;101,0;101;101;101;101;101;101;101;101,0;101,0;101,0;1,000000000000000;1,000000000000000;1,000000000000000;1,000000000000000;1,000000000000000;1,000000000000000;1,000000000000000;1,000000000000000;1,000000000000000;1,000000000000000;1,000000000000000
2023-09-23;alle;16;16,0;16;16;16;16;16;16;16;16;16;16;119;119,0;119;119;119;119;119;119;119;119,0;119,0;119,0;NA;NA;NA;NA;NA;NA;NA;NA;NA;NA;NA
2023-09-22;0-60;5;5,0;5;5;5;5;5;5;5;5;5;5;22;22,0;22;22;22;22;22;22;22;22,0;22,0;22,0;1,000000000000000;1,000000000000000;1,000000000000000;1,000000000000000;1,000000000000000;1,000000000000000;1,000000000000000;1,000000000000000;1,000000000000000;1,000000000000000;1,000000000000000
2023-09-22;60+;17;17,0;17;17;17;17;17;17;17;17;17;17;96;96,0;96;96;96;96;96;96;96;96,0;96,0;96,0;1,000000000000000;1,000000000000000;1,000000000000000;1,000000000000000;1,000000000000000;1,000000000000000;1,000000000000000;1,000000000000000;1,000000000000000;1,000000000000000;1,000000000000000
2023-09-22;alle;22;22,0;22;22;22;22;22;22;22;22;22;22;118;118,0;118;118;118;118;118;118;118;118,0;118,0;118,0;NA;NA;NA;NA;NA;NA;NA;NA;NA;NA;NA
2023-09-21;0-60;0;0,0;0;0;0;0;0;0;0;0;0;0;21;21,0;21;21;21;21;21;21;21;21,0;21,0;21,0;1,000000000000000;1,000000000000000;1,000000000000000;1,000000000000000;1,000000000000000;1,000000000000000;1,000000000000000;1,000000000000000;1,000000000000000;1,000000000000000;1,000000000000000
2023-09-21;60+;14;14,0;14;14;14;14;14;14;14;14;14;14;95;95,0;95;95;95;95;95;95;95;95,0;95,0;95,0;1,000000000000000;1,000000000000000;1,000000000000000;1,000000000000000;1,000000000000000;1,000000000000000;1,000000000000000;1,000000000000000;1,000000000000000;1,000000000000000;1,000000000000000
2023-09-21;alle;14;14,0;14;14;14;14;14;14;14;14;14;14;116;116,0;116;116;116;116;116;116;116;116,0;116,0;116,0;NA;NA;NA;NA;NA;NA;NA;NA;NA;NA;NA
2023-09-20;0-60;4;4,0;4;4;4;4;4;4;4;4;4;4;26;26,0;26;26;26;26;26;26;26;26,0;26,0;26,0;1,000000000000000;1,000000000000000;1,000000000000000;1,000000000000000;1,000000000000000;1,000000000000000;1,000000000000000;1,000000000000000;1,000000000000000;1,000000000000000;1,000000000000000
2023-09-20;60+;26;26,0;26;26;26;26;26;26;26;26;26;26;101;101,0;101;101;101;101;101;101;101;101,0;101,0;101,0;1,000000000000000;1,000000000000000;1,000000000000000;1,000000000000000;1,000000000000000;1,000000000000000;1,000000000000000;1,000000000000000;1,000000000000000;1,000000000000000;1,000000000000000
2023-09-20;alle;30;30,0;30;30;30;30;30;30;30;30;30;30;127;127,0;127;127;127;127;127;127;127;127,0;127,0;127,0;NA;NA;NA;NA;NA;NA;NA;NA;NA;NA;NA
2023-09-19;0-60;6;6,0;6;6;6;6;6;6;6;6;6;6;27;27,0;27;27;27;27;27;27;27;27,0;27,0;27,0;1,000000000000000;1,000000000000000;1,000000000000000;1,000000000000000;1,000000000000000;1,000000000000000;1,000000000000000;1,000000000000000;1,000000000000000;1,000000000000000;1,000000000000000
2023-09-19;60+;25;25,0;25;25;25;25;25;25;25;25;25;25;96;96,0;96;96;96;96;96;96;96;96,0;96,0;96,0;1,000000000000000;1,000000000000000;1,000000000000000;1,000000000000000;1,000000000000000;1,000000000000000;1,000000000000000;1,000000000000000;1,000000000000000;1,000000000000000;1,000000000000000
2023-09-19;alle;31;31,0;31;31;31;31;31;31;31;31;31;31;123;123,0;123;123;123;123;123;123;123;123,0;123,0;123,0;NA;NA;NA;NA;NA;NA;NA;NA;NA;NA;NA
2023-09-18;0-60;1;1,0;1;1;1;1;1;1;1;1;1;1;27;27,0;27;27;27;27;27;27;27;27,0;27,0;27,0;1,000000000000000;1,000000000000000;1,000000000000000;1,000000000000000;1,000000000000000;1,000000000000000;1,000000000000000;1,000000000000000;1,000000000000000;1,000000000000000;1,000000000000000
2023-09-18;60+;0;0,0;0;0;0;0;0;0;0;0;0;0;98;98,0;98;98;98;98;98;98;98;98,0;98,0;98,0;1,000000000000000;1,000000000000000;1,000000000000000;1,000000000000000;1,000000000000000;1,000000000000000;1,000000000000000;1,000000000000000;1,000000000000000;1,000000000000000;1,000000000000000
2023-09-18;alle;1;1,0;1;1;1;1;1;1;1;1;1;1;125;125,0;125;125;125;125;125;125;125;125,0;125,0;125,0;NA;NA;NA;NA;NA;NA;NA;NA;NA;NA;NA
2023-09-17;0-60;1;1,0;1;1;1;1;1;1;1;1;1;1;26;26,0;26;26;26;26;26;26;26;26,0;26,0;26,0;1,000000000000000;1,000000000000000;1,000000000000000;1,000000000000000;1,000000000000000;1,000000000000000;1,000000000000000;1,000000000000000;1,000000000000000;1,000000000000000;1,000000000000000
2023-09-17;60+;4;4,0;4;4;4;4;4;4;4;4;4;4;101;101,0;101;101;101;101;101;101;101;101,0;101,0;101,0;1,000000000000000;1,000000000000000;1,000000000000000;1,000000000000000;1,000000000000000;1,000000000000000;1,000000000000000;1,000000000000000;1,000000000000000;1,000000000000000;1,000000000000000
2023-09-17;alle;5;5,0;5;5;5;5;5;5;5;5;5;5;127;127,0;127;127;127;127;127;127;127;127,0;127,0;127,0;NA;NA;NA;NA;NA;NA;NA;NA;NA;NA;NA
2023-09-16;0-60;5;5,0;5;5;5;5;5;5;5;5;5;5;27;27,0;27;27;27;27;27;27;27;27,0;27,0;27,0;1,000000000000000;1,000000000000000;1,000000000000000;1,000000000000000;1,000000000000000;1,000000000000000;1,000000000000000;1,000000000000000;1,000000000000000;1,000000000000000;1,000000000000000
2023-09-16;60+;10;10,0;10;10;10;10;10;10;10;10;10;10;100;100,0;100;100;100;100;100;100;100;100,0;100,0;100,0;1,000000000000000;1,000000000000000;1,000000000000000;1,000000000000000;1,000000000000000;1,000000000000000;1,000000000000000;1,000000000000000;1,000000000000000;1,000000000000000;1,000000000000000
2023-09-16;alle;15;15,0;15;15;15;15;15;15;15;15;15;15;127;127,0;127;127;127;127;127;127;127;127,0;127,0;127,0;NA;NA;NA;NA;NA;NA;NA;NA;NA;NA;NA
2023-09-15;0-60;4;4,0;4;4;4;4;4;4;4;4;4;4;23;23,0;23;23;23;23;23;23;23;23,0;23,0;23,0;1,000000000000000;1,000000000000000;1,000000000000000;1,000000000000000;1,000000000000000;1,000000000000000;1,000000000000000;1,000000000000000;1,000000000000000;1,000000000000000;1,000000000000000
2023-09-15;60+;16;16,0;16;16;16;16;16;16;16;16;16;16;109;109,0;109;109;109;109;109;109;109;109,0;109,0;109,0;1,000000000000000;1,000000000000000;1,000000000000000;1,000000000000000;1,000000000000000;1,000000000000000;1,000000000000000;1,000000000000000;1,000000000000000;1,000000000000000;1,000000000000000
2023-09-15;alle;20;20,0;20;20;20;20;20;20;20;20;20;20;132;132,0;132;132;132;132;132;132;132;132,0;132,0;132,0;NA;NA;NA;NA;NA;NA;NA;NA;NA;NA;NA
2023-09-14;0-60;5;5,0;5;5;5;5;5;5;5;5;5;5;21;21,0;21;21;21;21;21;21;21;21,0;21,0;21,0;1,000000000000000;1,000000000000000;1,000000000000000;1,000000000000000;1,000000000000000;1,000000000000000;1,000000000000000;1,000000000000000;1,000000000000000;1,000000000000000;1,000000000000000
2023-09-14;60+;20;20,0;20;20;20;20;20;20;20;20;20;20;109;109,0;109;109;109;109;109;109;109;109,0;109,0;109,0;1,000000000000000;1,000000000000000;1,000000000000000;1,000000000000000;1,000000000000000;1,000000000000000;1,000000000000000;1,000000000000000;1,000000000000000;1,000000000000000;1,000000000000000
2023-09-14;alle;25;25,0;25;25;25;25;25;25;25;25;25;25;130;130,0;130;130;130;130;130;130;130;130,0;130,0;130,0;NA;NA;NA;NA;NA;NA;NA;NA;NA;NA;NA
2023-09-13;0-60;5;5,0;5;5;5;5;5;5;5;5;5;5;22;22,0;22;22;22;22;22;22;22;22,0;22,0;22,0;1,000000000000000;1,000000000000000;1,000000000000000;1,000000000000000;1,000000000000000;1,000000000000000;1,000000000000000;1,000000000000000;1,000000000000000;1,000000000000000;1,000000000000000
2023-09-13;60+;21;21,0;21;21;21;21;21;21;21;21;21;21;99;99,0;99;99;99;99;99;99;99;99,0;99,0;99,0;1,000000000000000;1,000000000000000;1,000000000000000;1,000000000000000;1,000000000000000;1,000000000000000;1,000000000000000;1,000000000000000;1,000000000000000;1,000000000000000;1,000000000000000
2023-09-13;alle;26;26,0;26;26;26;26;26;26;26;26;26;26;121;121,0;121;121;121;121;121;121;121;121,0;121,0;121,0;NA;NA;NA;NA;NA;NA;NA;NA;NA;NA;NA
2023-09-12;0-60;6;6,0;6;6;6;6;6;6;6;6;6;6;19;19,0;19;19;19;19;19;19;19;19,0;19,0;19,0;1,000000000000000;1,000000000000000;1,000000000000000;1,000000000000000;1,000000000000000;1,000000000000000;1,000000000000000;1,000000000000000;1,000000000000000;1,000000000000000;1,000000000000000
2023-09-12;60+;27;27,0;27;27;27;27;27;27;27;27;27;27;93;93,0;93;93;93;93;93;93;93;93,0;93,0;93,0;1,000000000000000;1,000000000000000;1,000000000000000;1,000000000000000;1,000000000000000;1,000000000000000;1,000000000000000;1,000000000000000;1,000000000000000;1,000000000000000;1,000000000000000
2023-09-12;alle;33;33,0;33;33;33;33;33;33;33;33;33;33;112;112,0;112;112;112;112;112;112;112;112,0;112,0;112,0;NA;NA;NA;NA;NA;NA;NA;NA;NA;NA;NA
2023-09-11;0-60;0;0,0;0;0;0;0;0;0;0;0;0;0;18;18,0;18;18;18;18;18;18;18;18,0;18,0;18,0;1,000000000000000;1,000000000000000;1,000000000000000;1,000000000000000;1,000000000000000;1,000000000000000;1,000000000000000;1,000000000000000;1,000000000000000;1,000000000000000;1,000000000000000
2023-09-11;60+;3;3,0;3;3;3;3;3;3;3;3;3;3;92;92,0;92;92;92;92;92;92;92;92,0;92,0;92,0;1,000000000000000;1,000000000000000;1,000000000000000;1,000000000000000;1,000000000000000;1,000000000000000;1,000000000000000;1,000000000000000;1,000000000000000;1,000000000000000;1,000000000000000
2023-09-11;alle;3;3,0;3;3;3;3;3;3;3;3;3;3;110;110,0;110;110;110;110;110;110;110;110,0;110,0;110,0;NA;NA;NA;NA;NA;NA;NA;NA;NA;NA;NA
2023-09-10;0-60;2;2,0;2;2;2;2;2;2;2;2;2;2;18;18,0;18;18;18;18;18;18;18;18,0;18,0;18,0;1,000000000000000;1,000000000000000;1,000000000000000;1,000000000000000;1,000000000000000;1,000000000000000;1,000000000000000;1,000000000000000;1,000000000000000;1,000000000000000;1,000000000000000
2023-09-10;60+;3;3,0;3;3;3;3;3;3;3;3;3;3;92;92,0;92;92;92;92;92;92;92;92,0;92,0;92,0;1,000000000000000;1,000000000000000;1,000000000000000;1,000000000000000;1,000000000000000;1,000000000000000;1,000000000000000;1,000000000000000;1,000000000000000;1,000000000000000;1,000000000000000
2023-09-10;alle;5;5,0;5;5;5;5;5;5;5;5;5;5;110;110,0;110;110;110;110;110;110;110;110,0;110,0;110,0;NA;NA;NA;NA;NA;NA;NA;NA;NA;NA;NA
2023-09-09;0-60;1;1,0;1;1;1;1;1;1;1;1;1;1;16;16,0;16;16;16;16;16;16;16;16,0;16,0;16,0;1,000000000000000;1,000000000000000;1,000000000000000;1,000000000000000;1,000000000000000;1,000000000000000;1,000000000000000;1,000000000000000;1,000000000000000;1,000000000000000;1,000000000000000
2023-09-09;60+;19;19,0;19;19;19;19;19;19;19;19;19;19;90;90,0;90;90;90;90;90;90;90;90,0;90,0;90,0;1,000000000000000;1,000000000000000;1,000000000000000;1,000000000000000;1,000000000000000;1,000000000000000;1,000000000000000;1,000000000000000;1,000000000000000;1,000000000000000;1,000000000000000
2023-09-09;alle;20;20,0;20;20;20;20;20;20;20;20;20;20;106;106,0;106;106;106;106;106;106;106;106,0;106,0;106,0;NA;NA;NA;NA;NA;NA;NA;NA;NA;NA;NA
2023-09-08;0-60;2;2,0;2;2;2;2;2;2;2;2;2;2;15;15,0;15;15;15;15;15;15;15;15,0;15,0;15,0;1,000000000000000;1,000000000000000;1,000000000000000;1,000000000000000;1,000000000000000;1,000000000000000;1,000000000000000;1,000000000000000;1,000000000000000;1,000000000000000;1,000000000000000
2023-09-08;60+;16;16,0;16;16;16;16;16;16;16;16;16;16;80;80,0;80;80;80;80;80;80;80;80,0;80,0;80,0;1,000000000000000;1,000000000000000;1,000000000000000;1,000000000000000;1,000000000000000;1,000000000000000;1,000000000000000;1,000000000000000;1,000000000000000;1,000000000000000;1,000000000000000
2023-09-08;alle;18;18,0;18;18;18;18;18;18;18;18;18;18;95;95,0;95;95;95;95;95;95;95;95,0;95,0;95,0;NA;NA;NA;NA;NA;NA;NA;NA;NA;NA;NA
2023-09-07;0-60;6;6,0;6;6;6;6;6;6;6;6;6;6;14;14,0;14;14;14;14;14;14;14;14,0;14,0;14,0;1,000000000000000;1,000000000000000;1,000000000000000;1,000000000000000;1,000000000000000;1,000000000000000;1,000000000000000;1,000000000000000;1,000000000000000;1,000000000000000;1,000000000000000
2023-09-07;60+;10;10,0;10;10;10;10;10;10;10;10;10;10;72;72,0;72;72;72;72;72;72;72;72,0;72,0;72,0;1,000000000000000;1,000000000000000;1,000000000000000;1,000000000000000;1,000000000000000;1,000000000000000;1,000000000000000;1,000000000000000;1,000000000000000;1,000000000000000;1,000000000000000
2023-09-07;alle;16;16,0;16;16;16;16;16;16;16;16;16;16;86;86,0;86;86;86;86;86;86;86;86,0;86,0;86,0;NA;NA;NA;NA;NA;NA;NA;NA;NA;NA;NA
2023-09-06;0-60;2;2,0;2;2;2;2;2;2;2;2;2;2;9;9,0;9;9;9;9;9;9;9;9,0;9,0;9,0;1,000000000000000;1,000000000000000;1,000000000000000;1,000000000000000;1,000000000000000;1,000000000000000;1,000000000000000;1,000000000000000;1,000000000000000;1,000000000000000;1,000000000000000
2023-09-06;60+;15;15,0;15;15;15;15;15;15;15;15;15;15;78;78,0;78;78;78;78;78;78;78;78,0;78,0;78,0;1,000000000000000;1,000000000000000;1,000000000000000;1,000000000000000;1,000000000000000;1,000000000000000;1,000000000000000;1,000000000000000;1,000000000000000;1,000000000000000;1,000000000000000
2023-09-06;alle;17;17,0;17;17;17;17;17;17;17;17;17;17;87;87,0;87;87;87;87;87;87;87;87,0;87,0;87,0;NA;NA;NA;NA;NA;NA;NA;NA;NA;NA;NA
2023-09-05;0-60;5;5,0;5;5;5;5;5;5;5;5;5;5;10;10,0;10;10;10;10;10;10;10;10,0;10,0;10,0;1,000000000000000;1,000000000000000;1,000000000000000;1,000000000000000;1,000000000000000;1,000000000000000;1,000000000000000;1,000000000000000;1,000000000000000;1,000000000000000;1,000000000000000
2023-09-05;60+;26;26,0;26;26;26;26;26;26;26;26;26;26;73;73,0;73;73;73;73;73;73;73;73,0;73,0;73,0;1,000000000000000;1,000000000000000;1,000000000000000;1,000000000000000;1,000000000000000;1,000000000000000;1,000000000000000;1,000000000000000;1,000000000000000;1,000000000000000;1,000000000000000
2023-09-05;alle;31;31,0;31;31;31;31;31;31;31;31;31;31;83;83,0;83;83;83;83;83;83;83;83,0;83,0;83,0;NA;NA;NA;NA;NA;NA;NA;NA;NA;NA;NA
2023-09-04;0-60;0;0,0;0;0;0;0;0;0;0;0;0;0;12;12,0;12;12;12;12;12;12;12;12,0;12,0;12,0;1,000000000000000;1,000000000000000;1,000000000000000;1,000000000000000;1,000000000000000;1,000000000000000;1,000000000000000;1,000000000000000;1,000000000000000;1,000000000000000;1,000000000000000
2023-09-04;60+;3;3,0;3;3;3;3;3;3;3;3;3;3;78;78,0;78;78;78;78;78;78;78;78,0;78,0;78,0;1,000000000000000;1,000000000000000;1,000000000000000;1,000000000000000;1,000000000000000;1,000000000000000;1,000000000000000;1,000000000000000;1,000000000000000;1,000000000000000;1,000000000000000
2023-09-04;alle;3;3,0;3;3;3;3;3;3;3;3;3;3;90;90,0;90;90;90;90;90;90;90;90,0;90,0;90,0;NA;NA;NA;NA;NA;NA;NA;NA;NA;NA;NA
2023-09-03;0-60;0;0,0;0;0;0;0;0;0;0;0;0;0;13;13,0;13;13;13;13;13;13;13;13,0;13,0;13,0;1,000000000000000;1,000000000000000;1,000000000000000;1,000000000000000;1,000000000000000;1,000000000000000;1,000000000000000;1,000000000000000;1,000000000000000;1,000000000000000;1,000000000000000
2023-09-03;60+;1;1,0;1;1;1;1;1;1;1;1;1;1;77;77,0;77;77;77;77;77;77;77;77,0;77,0;77,0;1,000000000000000;1,000000000000000;1,000000000000000;1,000000000000000;1,000000000000000;1,000000000000000;1,000000000000000;1,000000000000000;1,000000000000000;1,000000000000000;1,000000000000000
2023-09-03;alle;1;1,0;1;1;1;1;1;1;1;1;1;1;90;90,0;90;90;90;90;90;90;90;90,0;90,0;90,0;NA;NA;NA;NA;NA;NA;NA;NA;NA;NA;NA
2023-09-02;0-60;0;0,0;0;0;0;0;0;0;0;0;0;0;14;14,0;14;14;14;14;14;14;14;14,0;14,0;14,0;1,000000000000000;1,000000000000000;1,000000000000000;1,000000000000000;1,000000000000000;1,000000000000000;1,000000000000000;1,000000000000000;1,000000000000000;1,000000000000000;1,000000000000000
2023-09-02;60+;9;9,0;9;9;9;9;9;9;9;9;9;9;76;76,0;76;76;76;76;76;76;76;76,0;76,0;76,0;1,000000000000000;1,000000000000000;1,000000000000000;1,000000000000000;1,000000000000000;1,000000000000000;1,000000000000000;1,000000000000000;1,000000000000000;1,000000000000000;1,000000000000000
2023-09-02;alle;9;9,0;9;9;9;9;9;9;9;9;9;9;90;90,0;90;90;90;90;90;90;90;90,0;90,0;90,0;NA;NA;NA;NA;NA;NA;NA;NA;NA;NA;NA
2023-09-01;0-60;1;1,0;1;1;1;1;1;1;1;1;1;1;16;16,0;16;16;16;16;16;16;16;16,0;16,0;16,0;1,000000000000000;1,000000000000000;1,000000000000000;1,000000000000000;1,000000000000000;1,000000000000000;1,000000000000000;1,000000000000000;1,000000000000000;1,000000000000000;1,000000000000000
2023-09-01;60+;8;8,0;8;8;8;8;8;8;8;8;8;8;77;77,0;77;77;77;77;77;77;77;77,0;77,0;77,0;1,000000000000000;1,000000000000000;1,000000000000000;1,000000000000000;1,000000000000000;1,000000000000000;1,000000000000000;1,000000000000000;1,000000000000000;1,000000000000000;1,000000000000000
2023-09-01;alle;9;9,0;9;9;9;9;9;9;9;9;9;9;93;93,0;93;93;93;93;93;93;93;93,0;93,0;93,0;NA;NA;NA;NA;NA;NA;NA;NA;NA;NA;NA
2023-08-31;0-60;1;1,0;1;1;1;1;1;1;1;1;1;1;17;17,0;17;17;17;17;17;17;17;17,0;17,0;17,0;1,000000000000000;1,000000000000000;1,000000000000000;1,000000000000000;1,000000000000000;1,000000000000000;1,000000000000000;1,000000000000000;1,000000000000000;1,000000000000000;1,000000000000000
2023-08-31;60+;16;16,0;16;16;16;16;16;16;16;16;16;16;81;81,0;81;81;81;81;81;81;81;81,0;81,0;81,0;1,000000000000000;1,000000000000000;1,000000000000000;1,000000000000000;1,000000000000000;1,000000000000000;1,000000000000000;1,000000000000000;1,000000000000000;1,000000000000000;1,000000000000000
2023-08-31;alle;17;17,0;17;17;17;17;17;17;17;17;17;17;98;98,0;98;98;98;98;98;98;98;98,0;98,0;98,0;NA;NA;NA;NA;NA;NA;NA;NA;NA;NA;NA
2023-08-30;0-60;3;3,0;3;3;3;3;3;3;3;3;3;3;19;19,0;19;19;19;19;19;19;19;19,0;19,0;19,0;1,000000000000000;1,000000000000000;1,000000000000000;1,000000000000000;1,000000000000000;1,000000000000000;1,000000000000000;1,000000000000000;1,000000000000000;1,000000000000000;1,000000000000000
2023-08-30;60+;10;10,0;10;10;10;10;10;10;10;10;10;10;75;75,0;75;75;75;75;75;75;75;75,0;75,0;75,0;1,000000000000000;1,000000000000000;1,000000000000000;1,000000000000000;1,000000000000000;1,000000000000000;1,000000000000000;1,000000000000000;1,000000000000000;1,000000000000000;1,000000000000000
2023-08-30;alle;13;13,0;13;13;13;13;13;13;13;13;13;13;94;94,0;94;94;94;94;94;94;94;94,0;94,0;94,0;NA;NA;NA;NA;NA;NA;NA;NA;NA;NA;NA
2023-08-29;0-60;7;7,0;7;7;7;7;7;7;7;7;7;7;19;19,0;19;19;19;19;19;19;19;19,0;19,0;19,0;1,000000000000000;1,000000000000000;1,000000000000000;1,000000000000000;1,000000000000000;1,000000000000000;1,000000000000000;1,000000000000000;1,000000000000000;1,000000000000000;1,000000000000000
2023-08-29;60+;31;31,0;31;31;31;31;31;31;31;31;31;31;100;100,0;100;100;100;100;100;100;100;100,0;100,0;100,0;1,000000000000000;1,000000000000000;1,000000000000000;1,000000000000000;1,000000000000000;1,000000000000000;1,000000000000000;1,000000000000000;1,000000000000000;1,000000000000000;1,000000000000000
2023-08-29;alle;38;38,0;38;38;38;38;38;38;38;38;38;38;119;119,0;119;119;119;119;119;119;119;119,0;119,0;119,0;NA;NA;NA;NA;NA;NA;NA;NA;NA;NA;NA
2023-08-28;0-60;1;1,0;1;1;1;1;1;1;1;1;1;1;17;17,0;17;17;17;17;17;17;17;17,0;17,0;17,0;1,000000000000000;1,000000000000000;1,000000000000000;1,000000000000000;1,000000000000000;1,000000000000000;1,000000000000000;1,000000000000000;1,000000000000000;1,000000000000000;1,000000000000000
2023-08-28;60+;2;2,0;2;2;2;2;2;2;2;2;2;2;85;85,0;85;85;85;85;85;85;85;85,0;85,0;85,0;1,000000000000000;1,000000000000000;1,000000000000000;1,000000000000000;1,000000000000000;1,000000000000000;1,000000000000000;1,000000000000000;1,000000000000000;1,000000000000000;1,000000000000000
2023-08-28;alle;3;3,0;3;3;3;3;3;3;3;3;3;3;102;102,0;102;102;102;102;102;102;102;102,0;102,0;102,0;NA;NA;NA;NA;NA;NA;NA;NA;NA;NA;NA
2023-08-27;0-60;1;1,0;1;1;1;1;1;1;1;1;1;1;17;17,0;17;17;17;17;17;17;17;17,0;17,0;17,0;1,000000000000000;1,000000000000000;1,000000000000000;1,000000000000000;1,000000000000000;1,000000000000000;1,000000000000000;1,000000000000000;1,000000000000000;1,000000000000000;1,000000000000000
2023-08-27;60+;0;0,0;0;0;0;0;0;0;0;0;0;0;84;84,0;84;84;84;84;84;84;84;84,0;84,0;84,0;1,000000000000000;1,000000000000000;1,000000000000000;1,000000000000000;1,000000000000000;1,000000000000000;1,000000000000000;1,000000000000000;1,000000000000000;1,000000000000000;1,000000000000000
2023-08-27;alle;1;1,0;1;1;1;1;1;1;1;1;1;1;101;101,0;101;101;101;101;101;101;101;101,0;101,0;101,0;NA;NA;NA;NA;NA;NA;NA;NA;NA;NA;NA
2023-08-26;0-60;2;2,0;2;2;2;2;2;2;2;2;2;2;17;17,0;17;17;17;17;17;17;17;17,0;17,0;17,0;1,000000000000000;1,000000000000000;1,000000000000000;1,000000000000000;1,000000000000000;1,000000000000000;1,000000000000000;1,000000000000000;1,000000000000000;1,000000000000000;1,000000000000000
2023-08-26;60+;10;10,0;10;10;10;10;10;10;10;10;10;10;89;89,0;89;89;89;89;89;89;89;89,0;89,0;89,0;1,000000000000000;1,000000000000000;1,000000000000000;1,000000000000000;1,000000000000000;1,000000000000000;1,000000000000000;1,000000000000000;1,000000000000000;1,000000000000000;1,000000000000000
2023-08-26;alle;12;12,0;12;12;12;12;12;12;12;12;12;12;106;106,0;106;106;106;106;106;106;106;106,0;106,0;106,0;NA;NA;NA;NA;NA;NA;NA;NA;NA;NA;NA
2023-08-25;0-60;2;2,0;2;2;2;2;2;2;2;2;2;2;18;18,0;18;18;18;18;18;18;18;18,0;18,0;18,0;1,000000000000000;1,000000000000000;1,000000000000000;1,000000000000000;1,000000000000000;1,000000000000000;1,000000000000000;1,000000000000000;1,000000000000000;1,000000000000000;1,000000000000000
2023-08-25;60+;12;12,0;12;12;12;12;12;12;12;12;12;12;83;83,0;83;83;83;83;83;83;83;83,0;83,0;83,0;1,000000000000000;1,000000000000000;1,000000000000000;1,000000000000000;1,000000000000000;1,000000000000000;1,000000000000000;1,000000000000000;1,000000000000000;1,000000000000000;1,000000000000000
2023-08-25;alle;14;14,0;14;14;14;14;14;14;14;14;14;14;101;101,0;101;101;101;101;101;101;101;101,0;101,0;101,0;NA;NA;NA;NA;NA;NA;NA;NA;NA;NA;NA
2023-08-24;0-60;3;3,0;3;3;3;3;3;3;3;3;3;3;21;21,0;21;21;21;21;21;21;21;21,0;21,0;21,0;1,000000000000000;1,000000000000000;1,000000000000000;1,000000000000000;1,000000000000000;1,000000000000000;1,000000000000000;1,000000000000000;1,000000000000000;1,000000000000000;1,000000000000000
2023-08-24;60+;10;10,0;10;10;10;10;10;10;10;10;10;10;86;86,0;86;86;86;86;86;86;86;86,0;86,0;86,0;1,000000000000000;1,000000000000000;1,000000000000000;1,000000000000000;1,000000000000000;1,000000000000000;1,000000000000000;1,000000000000000;1,000000000000000;1,000000000000000;1,000000000000000
2023-08-24;alle;13;13,0;13;13;13;13;13;13;13;13;13;13;107;107,0;107;107;107;107;107;107;107;107,0;107,0;107,0;NA;NA;NA;NA;NA;NA;NA;NA;NA;NA;NA
2023-08-23;0-60;3;3,0;3;3;3;3;3;3;3;3;3;3;21;21,0;21;21;21;21;21;21;21;21,0;21,0;21,0;1,000000000000000;1,000000000000000;1,000000000000000;1,000000000000000;1,000000000000000;1,000000000000000;1,000000000000000;1,000000000000000;1,000000000000000;1,000000000000000;1,000000000000000
2023-08-23;60+;35;35,0;35;35;35;35;35;35;35;35;35;35;91;91,0;91;91;91;91;91;91;91;91,0;91,0;91,0;1,000000000000000;1,000000000000000;1,000000000000000;1,000000000000000;1,000000000000000;1,000000000000000;1,000000000000000;1,000000000000000;1,000000000000000;1,000000000000000;1,000000000000000
2023-08-23;alle;38;38,0;38;38;38;38;38;38;38;38;38;38;112;112,0;112;112;112;112;112;112;112;112,0;112,0;112,0;NA;NA;NA;NA;NA;NA;NA;NA;NA;NA;NA
2023-08-22;0-60;5;5,0;5;5;5;5;5;5;5;5;5;5;21;21,0;21;21;21;21;21;21;21;21,0;21,0;21,0;1,000000000000000;1,000000000000000;1,000000000000000;1,000000000000000;1,000000000000000;1,000000000000000;1,000000000000000;1,000000000000000;1,000000000000000;1,000000000000000;1,000000000000000
2023-08-22;60+;16;16,0;16;16;16;16;16;16;16;16;16;16;69;69,0;69;69;69;69;69;69;69;69,0;69,0;69,0;1,000000000000000;1,000000000000000;1,000000000000000;1,000000000000000;1,000000000000000;1,000000000000000;1,000000000000000;1,000000000000000;1,000000000000000;1,000000000000000;1,000000000000000
2023-08-22;alle;21;21,0;21;21;21;21;21;21;21;21;21;21;90;90,0;90;90;90;90;90;90;90;90,0;90,0;90,0;NA;NA;NA;NA;NA;NA;NA;NA;NA;NA;NA
2023-08-21;0-60;1;1,0;1;1;1;1;1;1;1;1;1;1;18;18,0;18;18;18;18;18;18;18;18,0;18,0;18,0;1,000000000000000;1,000000000000000;1,000000000000000;1,000000000000000;1,000000000000000;1,000000000000000;1,000000000000000;1,000000000000000;1,000000000000000;1,000000000000000;1,000000000000000
2023-08-21;60+;1;1,0;1;1;1;1;1;1;1;1;1;1;78;78,0;78;78;78;78;78;78;78;78,0;78,0;78,0;1,000000000000000;1,000000000000000;1,000000000000000;1,000000000000000;1,000000000000000;1,000000000000000;1,000000000000000;1,000000000000000;1,000000000000000;1,000000000000000;1,000000000000000
2023-08-21;alle;2;2,0;2;2;2;2;2;2;2;2;2;2;96;96,0;96;96;96;96;96;96;96;96,0;96,0;96,0;NA;NA;NA;NA;NA;NA;NA;NA;NA;NA;NA
2023-08-20;0-60;1;1,0;1;1;1;1;1;1;1;1;1;1;18;18,0;18;18;18;18;18;18;18;18,0;18,0;18,0;1,000000000000000;1,000000000000000;1,000000000000000;1,000000000000000;1,000000000000000;1,000000000000000;1,000000000000000;1,000000000000000;1,000000000000000;1,000000000000000;1,000000000000000
2023-08-20;60+;5;5,0;5;5;5;5;5;5;5;5;5;5;81;81,0;81;81;81;81;81;81;81;81,0;81,0;81,0;1,000000000000000;1,000000000000000;1,000000000000000;1,000000000000000;1,000000000000000;1,000000000000000;1,000000000000000;1,000000000000000;1,000000000000000;1,000000000000000;1,000000000000000
2023-08-20;alle;6;6,0;6;6;6;6;6;6;6;6;6;6;99;99,0;99;99;99;99;99;99;99;99,0;99,0;99,0;NA;NA;NA;NA;NA;NA;NA;NA;NA;NA;NA
2023-08-19;0-60;3;3,0;3;3;3;3;3;3;3;3;3;3;17;17,0;17;17;17;17;17;17;17;17,0;17,0;17,0;1,000000000000000;1,000000000000000;1,000000000000000;1,000000000000000;1,000000000000000;1,000000000000000;1,000000000000000;1,000000000000000;1,000000000000000;1,000000000000000;1,000000000000000
2023-08-19;60+;4;4,0;4;4;4;4;4;4;4;4;4;4;76;76,0;76;76;76;76;76;76;76;76,0;76,0;76,0;1,000000000000000;1,000000000000000;1,000000000000000;1,000000000000000;1,000000000000000;1,000000000000000;1,000000000000000;1,000000000000000;1,000000000000000;1,000000000000000;1,000000000000000
2023-08-19;alle;7;7,0;7;7;7;7;7;7;7;7;7;7;93;93,0;93;93;93;93;93;93;93;93,0;93,0;93,0;NA;NA;NA;NA;NA;NA;NA;NA;NA;NA;NA
2023-08-18;0-60;5;5,0;5;5;5;5;5;5;5;5;5;5;14;14,0;14;14;14;14;14;14;14;14,0;14,0;14,0;1,000000000000000;1,000000000000000;1,000000000000000;1,000000000000000;1,000000000000000;1,000000000000000;1,000000000000000;1,000000000000000;1,000000000000000;1,000000000000000;1,000000000000000
2023-08-18;60+;15;15,0;15;15;15;15;15;15;15;15;15;15;79;79,0;79;79;79;79;79;79;79;79,0;79,0;79,0;1,000000000000000;1,000000000000000;1,000000000000000;1,000000000000000;1,000000000000000;1,000000000000000;1,000000000000000;1,000000000000000;1,000000000000000;1,000000000000000;1,000000000000000
2023-08-18;alle;20;20,0;20;20;20;20;20;20;20;20;20;20;93;93,0;93;93;93;93;93;93;93;93,0;93,0;93,0;NA;NA;NA;NA;NA;NA;NA;NA;NA;NA;NA
2023-08-17;0-60;3;3,0;3;3;3;3;3;3;3;3;3;3;12;12,0;12;12;12;12;12;12;12;12,0;12,0;12,0;1,000000000000000;1,000000000000000;1,000000000000000;1,000000000000000;1,000000000000000;1,000000000000000;1,000000000000000;1,000000000000000;1,000000000000000;1,000000000000000;1,000000000000000
2023-08-17;60+;15;15,0;15;15;15;15;15;15;15;15;15;15;74;74,0;74;74;74;74;74;74;74;74,0;74,0;74,0;1,000000000000000;1,000000000000000;1,000000000000000;1,000000000000000;1,000000000000000;1,000000000000000;1,000000000000000;1,000000000000000;1,000000000000000;1,000000000000000;1,000000000000000
2023-08-17;alle;18;18,0;18;18;18;18;18;18;18;18;18;18;86;86,0;86;86;86;86;86;86;86;86,0;86,0;86,0;NA;NA;NA;NA;NA;NA;NA;NA;NA;NA;NA
2023-08-16;0-60;3;3,0;3;3;3;3;3;3;3;3;3;3;10;10,0;10;10;10;10;10;10;10;10,0;10,0;10,0;1,000000000000000;1,000000000000000;1,000000000000000;1,000000000000000;1,000000000000000;1,000000000000000;1,000000000000000;1,000000000000000;1,000000000000000;1,000000000000000;1,000000000000000
2023-08-16;60+;13;13,0;13;13;13;13;13;13;13;13;13;13;66;66,0;66;66;66;66;66;66;66;66,0;66,0;66,0;1,000000000000000;1,000000000000000;1,000000000000000;1,000000000000000;1,000000000000000;1,000000000000000;1,000000000000000;1,000000000000000;1,000000000000000;1,000000000000000;1,000000000000000
2023-08-16;alle;16;16,0;16;16;16;16;16;16;16;16;16;16;76;76,0;76;76;76;76;76;76;76;76,0;76,0;76,0;NA;NA;NA;NA;NA;NA;NA;NA;NA;NA;NA
2023-08-15;0-60;2;2,0;2;2;2;2;2;2;2;2;2;2;8;8,0;8;8;8;8;8;8;8;8,0;8,0;8,0;1,000000000000000;1,000000000000000;1,000000000000000;1,000000000000000;1,000000000000000;1,000000000000000;1,000000000000000;1,000000000000000;1,000000000000000;1,000000000000000;1,000000000000000
2023-08-15;60+;25;25,0;25;25;25;25;25;25;25;25;25;25;63;63,0;63;63;63;63;63;63;63;63,0;63,0;63,0;1,000000000000000;1,000000000000000;1,000000000000000;1,000000000000000;1,000000000000000;1,000000000000000;1,000000000000000;1,000000000000000;1,000000000000000;1,000000000000000;1,000000000000000
2023-08-15;alle;27;27,0;27;27;27;27;27;27;27;27;27;27;71;71,0;71;71;71;71;71;71;71;71,0;71,0;71,0;NA;NA;NA;NA;NA;NA;NA;NA;NA;NA;NA
2023-08-14;0-60;1;1,0;1;1;1;1;1;1;1;1;1;1;7;7,0;7;7;7;7;7;7;7;7,0;7,0;7,0;1,000000000000000;1,000000000000000;1,000000000000000;1,000000000000000;1,000000000000000;1,000000000000000;1,000000000000000;1,000000000000000;1,000000000000000;1,000000000000000;1,000000000000000
2023-08-14;60+;4;4,0;4;4;4;4;4;4;4;4;4;4;45;45,0;45;45;45;45;45;45;45;45,0;45,0;45,0;1,000000000000000;1,000000000000000;1,000000000000000;1,000000000000000;1,000000000000000;1,000000000000000;1,000000000000000;1,000000000000000;1,000000000000000;1,000000000000000;1,000000000000000
2023-08-14;alle;5;5,0;5;5;5;5;5;5;5;5;5;5;52;52,0;52;52;52;52;52;52;52;52,0;52,0;52,0;NA;NA;NA;NA;NA;NA;NA;NA;NA;NA;NA
2023-08-13;0-60;0;0,0;0;0;0;0;0;0;0;0;0;0;6;6,0;6;6;6;6;6;6;6;6,0;6,0;6,0;1,000000000000000;1,000000000000000;1,000000000000000;1,000000000000000;1,000000000000000;1,000000000000000;1,000000000000000;1,000000000000000;1,000000000000000;1,000000000000000;1,000000000000000
2023-08-13;60+;0;0,0;0;0;0;0;0;0;0;0;0;0;41;41,0;41;41;41;41;41;41;41;41,0;41,0;41,0;1,000000000000000;1,000000000000000;1,000000000000000;1,000000000000000;1,000000000000000;1,000000000000000;1,000000000000000;1,000000000000000;1,000000000000000;1,000000000000000;1,000000000000000
2023-08-13;alle;0;0,0;0;0;0;0;0;0;0;0;0;0;47;47,0;47;47;47;47;47;47;47;47,0;47,0;47,0;NA;NA;NA;NA;NA;NA;NA;NA;NA;NA;NA
2023-08-12;0-60;0;0,0;0;0;0;0;0;0;0;0;0;0;6;6,0;6;6;6;6;6;6;6;6,0;6,0;6,0;1,000000000000000;1,000000000000000;1,000000000000000;1,000000000000000;1,000000000000000;1,000000000000000;1,000000000000000;1,000000000000000;1,000000000000000;1,000000000000000;1,000000000000000
2023-08-12;60+;7;7,0;7;7;7;7;7;7;7;7;7;7;41;41,0;41;41;41;41;41;41;41;41,0;41,0;41,0;1,000000000000000;1,000000000000000;1,000000000000000;1,000000000000000;1,000000000000000;1,000000000000000;1,000000000000000;1,000000000000000;1,000000000000000;1,000000000000000;1,000000000000000
2023-08-12;alle;7;7,0;7;7;7;7;7;7;7;7;7;7;47;47,0;47;47;47;47;47;47;47;47,0;47,0;47,0;NA;NA;NA;NA;NA;NA;NA;NA;NA;NA;NA
2023-08-11;0-60;3;3,0;3;3;3;3;3;3;3;3;3;3;7;7,0;7;7;7;7;7;7;7;7,0;7,0;7,0;1,000000000000000;1,000000000000000;1,000000000000000;1,000000000000000;1,000000000000000;1,000000000000000;1,000000000000000;1,000000000000000;1,000000000000000;1,000000000000000;1,000000000000000
2023-08-11;60+;10;10,0;10;10;10;10;10;10;10;10;10;10;35;35,0;35;35;35;35;35;35;35;35,0;35,0;35,0;1,000000000000000;1,000000000000000;1,000000000000000;1,000000000000000;1,000000000000000;1,000000000000000;1,000000000000000;1,000000000000000;1,000000000000000;1,000000000000000;1,000000000000000
2023-08-11;alle;13;13,0;13;13;13;13;13;13;13;13;13;13;42;42,0;42;42;42;42;42;42;42;42,0;42,0;42,0;NA;NA;NA;NA;NA;NA;NA;NA;NA;NA;NA
2023-08-10;0-60;1;1,0;1;1;1;1;1;1;1;1;1;1;4;4,0;4;4;4;4;4;4;4;4,0;4,0;4,0;1,000000000000000;1,000000000000000;1,000000000000000;1,000000000000000;1,000000000000000;1,000000000000000;1,000000000000000;1,000000000000000;1,000000000000000;1,000000000000000;1,000000000000000
2023-08-10;60+;7;7,0;7;7;7;7;7;7;7;7;7;7;30;30,0;30;30;30;30;30;30;30;30,0;30,0;30,0;1,000000000000000;1,000000000000000;1,000000000000000;1,000000000000000;1,000000000000000;1,000000000000000;1,000000000000000;1,000000000000000;1,000000000000000;1,000000000000000;1,000000000000000
2023-08-10;alle;8;8,0;8;8;8;8;8;8;8;8;8;8;34;34,0;34;34;34;34;34;34;34;34,0;34,0;34,0;NA;NA;NA;NA;NA;NA;NA;NA;NA;NA;NA
2023-08-09;0-60;1;1,0;1;1;1;1;1;1;1;1;1;1;3;3,0;3;3;3;3;3;3;3;3,0;3,0;3,0;1,000000000000000;1,000000000000000;1,000000000000000;1,000000000000000;1,000000000000000;1,000000000000000;1,000000000000000;1,000000000000000;1,000000000000000;1,000000000000000;1,000000000000000
2023-08-09;60+;10;10,0;10;10;10;10;10;10;10;10;10;10;27;27,0;27;27;27;27;27;27;27;27,0;27,0;27,0;1,000000000000000;1,000000000000000;1,000000000000000;1,000000000000000;1,000000000000000;1,000000000000000;1,000000000000000;1,000000000000000;1,000000000000000;1,000000000000000;1,000000000000000
2023-08-09;alle;11;11,0;11;11;11;11;11;11;11;11;11;11;30;30,0;30;30;30;30;30;30;30;30,0;30,0;30,0;NA;NA;NA;NA;NA;NA;NA;NA;NA;NA;NA
2023-08-08;0-60;1;1,0;1;1;1;1;1;1;1;1;1;1;2;2,0;2;2;2;2;2;2;2;2,0;2,0;2,0;1,000000000000000;1,000000000000000;1,000000000000000;1,000000000000000;1,000000000000000;1,000000000000000;1,000000000000000;1,000000000000000;1,000000000000000;1,000000000000000;1,000000000000000
2023-08-08;60+;7;7,0;7;7;7;7;7;7;7;7;7;7;28;28,0;28;28;28;28;28;28;28;28,0;28,0;28,0;1,000000000000000;1,000000000000000;1,000000000000000;1,000000000000000;1,000000000000000;1,000000000000000;1,000000000000000;1,000000000000000;1,000000000000000;1,000000000000000;1,000000000000000
2023-08-08;alle;8;8,0;8;8;8;8;8;8;8;8;8;8;30;30,0;30;30;30;30;30;30;30;30,0;30,0;30,0;NA;NA;NA;NA;NA;NA;NA;NA;NA;NA;NA
2023-08-07;0-60;0;0,0;0;0;0;0;0;0;0;0;0;0;3;3,0;3;3;3;3;3;3;3;3,0;3,0;3,0;1,000000000000000;1,000000000000000;1,000000000000000;1,000000000000000;1,000000000000000;1,000000000000000;1,000000000000000;1,000000000000000;1,000000000000000;1,000000000000000;1,000000000000000
2023-08-07;60+;0;0,0;0;0;0;0;0;0;0;0;0;0;29;29,0;29;29;29;29;29;29;29;29,0;29,0;29,0;1,000000000000000;1,000000000000000;1,000000000000000;1,000000000000000;1,000000000000000;1,000000000000000;1,000000000000000;1,000000000000000;1,000000000000000;1,000000000000000;1,000000000000000
2023-08-07;alle;0;0,0;0;0;0;0;0;0;0;0;0;0;32;32,0;32;32;32;32;32;32;32;32,0;32,0;32,0;NA;NA;NA;NA;NA;NA;NA;NA;NA;NA;NA
2023-08-06;0-60;0;0,0;0;0;0;0;0;0;0;0;0;0;3;3,0;3;3;3;3;3;3;3;3,0;3,0;3,0;1,000000000000000;1,000000000000000;1,000000000000000;1,000000000000000;1,000000000000000;1,000000000000000;1,000000000000000;1,000000000000000;1,000000000000000;1,000000000000000;1,000000000000000
2023-08-06;60+;0;0,0;0;0;0;0;0;0;0;0;0;0;29;29,0;29;29;29;29;29;29;29;29,0;29,0;29,0;1,000000000000000;1,000000000000000;1,000000000000000;1,000000000000000;1,000000000000000;1,000000000000000;1,000000000000000;1,000000000000000;1,000000000000000;1,000000000000000;1,000000000000000
2023-08-06;alle;0;0,0;0;0;0;0;0;0;0;0;0;0;32;32,0;32;32;32;32;32;32;32;32,0;32,0;32,0;NA;NA;NA;NA;NA;NA;NA;NA;NA;NA;NA
2023-08-05;0-60;1;1,0;1;1;1;1;1;1;1;1;1;1;4;4,0;4;4;4;4;4;4;4;4,0;4,0;4,0;1,000000000000000;1,000000000000000;1,000000000000000;1,000000000000000;1,000000000000000;1,000000000000000;1,000000000000000;1,000000000000000;1,000000000000000;1,000000000000000;1,000000000000000
2023-08-05;60+;1;1,0;1;1;1;1;1;1;1;1;1;1;30;30,0;30;30;30;30;30;30;30;30,0;30,0;30,0;1,000000000000000;1,000000000000000;1,000000000000000;1,000000000000000;1,000000000000000;1,000000000000000;1,000000000000000;1,000000000000000;1,000000000000000;1,000000000000000;1,000000000000000
2023-08-05;alle;2;2,0;2;2;2;2;2;2;2;2;2;2;34;34,0;34;34;34;34;34;34;34;34,0;34,0;34,0;NA;NA;NA;NA;NA;NA;NA;NA;NA;NA;NA
2023-08-04;0-60;0;0,0;0;0;0;0;0;0;0;0;0;0;3;3,0;3;3;3;3;3;3;3;3,0;3,0;3,0;1,000000000000000;1,000000000000000;1,000000000000000;1,000000000000000;1,000000000000000;1,000000000000000;1,000000000000000;1,000000000000000;1,000000000000000;1,000000000000000;1,000000000000000
2023-08-04;60+;5;5,0;5;5;5;5;5;5;5;5;5;5;30;30,0;30;30;30;30;30;30;30;30,0;30,0;30,0;1,000000000000000;1,000000000000000;1,000000000000000;1,000000000000000;1,000000000000000;1,000000000000000;1,000000000000000;1,000000000000000;1,000000000000000;1,000000000000000;1,000000000000000
2023-08-04;alle;5;5,0;5;5;5;5;5;5;5;5;5;5;33;33,0;33;33;33;33;33;33;33;33,0;33,0;33,0;NA;NA;NA;NA;NA;NA;NA;NA;NA;NA;NA
2023-08-03;0-60;0;0,0;0;0;0;0;0;0;0;0;0;0;3;3,0;3;3;3;3;3;3;3;3,0;3,0;3,0;1,000000000000000;1,000000000000000;1,000000000000000;1,000000000000000;1,000000000000000;1,000000000000000;1,000000000000000;1,000000000000000;1,000000000000000;1,000000000000000;1,000000000000000
2023-08-03;60+;4;4,0;4;4;4;4;4;4;4;4;4;4;25;25,0;25;25;25;25;25;25;25;25,0;25,0;25,0;1,000000000000000;1,000000000000000;1,000000000000000;1,000000000000000;1,000000000000000;1,000000000000000;1,000000000000000;1,000000000000000;1,000000000000000;1,000000000000000;1,000000000000000
2023-08-03;alle;4;4,0;4;4;4;4;4;4;4;4;4;4;28;28,0;28;28;28;28;28;28;28;28,0;28,0;28,0;NA;NA;NA;NA;NA;NA;NA;NA;NA;NA;NA
2023-08-02;0-60;0;0,0;0;0;0;0;0;0;0;0;0;0;3;3,0;3;3;3;3;3;3;3;3,0;3,0;3,0;1,000000000000000;1,000000000000000;1,000000000000000;1,000000000000000;1,000000000000000;1,000000000000000;1,000000000000000;1,000000000000000;1,000000000000000;1,000000000000000;1,000000000000000
2023-08-02;60+;11;11,0;11;11;11;11;11;11;11;11;11;11;22;22,0;22;22;22;22;22;22;22;22,0;22,0;22,0;1,000000000000000;1,000000000000000;1,000000000000000;1,000000000000000;1,000000000000000;1,000000000000000;1,000000000000000;1,000000000000000;1,000000000000000;1,000000000000000;1,000000000000000
2023-08-02;alle;11;11,0;11;11;11;11;11;11;11;11;11;11;25;25,0;25;25;25;25;25;25;25;25,0;25,0;25,0;NA;NA;NA;NA;NA;NA;NA;NA;NA;NA;NA
2023-08-01;0-60;2;2,0;2;2;2;2;2;2;2;2;2;2;3;3,0;3;3;3;3;3;3;3;3,0;3,0;3,0;1,000000000000000;1,000000000000000;1,000000000000000;1,000000000000000;1,000000000000000;1,000000000000000;1,000000000000000;1,000000000000000;1,000000000000000;1,000000000000000;1,000000000000000
2023-08-01;60+;8;8,0;8;8;8;8;8;8;8;8;8;8;12;12,0;12;12;12;12;12;12;12;12,0;12,0;12,0;1,000000000000000;1,000000000000000;1,000000000000000;1,000000000000000;1,000000000000000;1,000000000000000;1,000000000000000;1,000000000000000;1,000000000000000;1,000000000000000;1,000000000000000
2023-08-01;alle;10;10,0;10;10;10;10;10;10;10;10;10;10;15;15,0;15;15;15;15;15;15;15;15,0;15,0;15,0;NA;NA;NA;NA;NA;NA;NA;NA;NA;NA;NA
2023-07-31;0-60;0;0,0;0;0;0;0;0;0;0;0;0;0;2;2,0;2;2;2;2;2;2;2;2,0;2,0;2,0;1,000000000000000;1,000000000000000;1,000000000000000;1,000000000000000;1,000000000000000;1,000000000000000;1,000000000000000;1,000000000000000;1,000000000000000;1,000000000000000;1,000000000000000
2023-07-31;60+;0;0,0;0;0;0;0;0;0;0;0;0;0;11;11,0;11;11;11;11;11;11;11;11,0;11,0;11,0;1,000000000000000;1,000000000000000;1,000000000000000;1,000000000000000;1,000000000000000;1,000000000000000;1,000000000000000;1,000000000000000;1,000000000000000;1,000000000000000;1,000000000000000
2023-07-31;alle;0;0,0;0;0;0;0;0;0;0;0;0;0;13;13,0;13;13;13;13;13;13;13;13,0;13,0;13,0;NA;NA;NA;NA;NA;NA;NA;NA;NA;NA;NA
2023-07-30;0-60;1;1,0;1;1;1;1;1;1;1;1;1;1;2;2,0;2;2;2;2;2;2;2;2,0;2,0;2,0;1,000000000000000;1,000000000000000;1,000000000000000;1,000000000000000;1,000000000000000;1,000000000000000;1,000000000000000;1,000000000000000;1,000000000000000;1,000000000000000;1,000000000000000
2023-07-30;60+;1;1,0;1;1;1;1;1;1;1;1;1;1;12;12,0;12;12;12;12;12;12;12;12,0;12,0;12,0;1,000000000000000;1,000000000000000;1,000000000000000;1,000000000000000;1,000000000000000;1,000000000000000;1,000000000000000;1,000000000000000;1,000000000000000;1,000000000000000;1,000000000000000
2023-07-30;alle;2;2,0;2;2;2;2;2;2;2;2;2;2;14;14,0;14;14;14;14;14;14;14;14,0;14,0;14,0;NA;NA;NA;NA;NA;NA;NA;NA;NA;NA;NA
2023-07-29;0-60;0;0,0;0;0;0;0;0;0;0;0;0;0;1;1,0;1;1;1;1;1;1;1;1,0;1,0;1,0;1,000000000000000;1,000000000000000;1,000000000000000;1,000000000000000;1,000000000000000;1,000000000000000;1,000000000000000;1,000000000000000;1,000000000000000;1,000000000000000;1,000000000000000
2023-07-29;60+;1;1,0;1;1;1;1;1;1;1;1;1;1;13;13,0;13;13;13;13;13;13;13;13,0;13,0;13,0;1,000000000000000;1,000000000000000;1,000000000000000;1,000000000000000;1,000000000000000;1,000000000000000;1,000000000000000;1,000000000000000;1,000000000000000;1,000000000000000;1,000000000000000
2023-07-29;alle;1;1,0;1;1;1;1;1;1;1;1;1;1;14;14,0;14;14;14;14;14;14;14;14,0;14,0;14,0;NA;NA;NA;NA;NA;NA;NA;NA;NA;NA;NA
2023-07-28;0-60;0;0,0;0;0;0;0;0;0;0;0;0;0;1;1,0;1;1;1;1;1;1;1;1,0;1,0;1,0;1,000000000000000;1,000000000000000;1,000000000000000;1,000000000000000;1,000000000000000;1,000000000000000;1,000000000000000;1,000000000000000;1,000000000000000;1,000000000000000;1,000000000000000
2023-07-28;60+;0;0,0;0;0;0;0;0;0;0;0;0;0;15;15,0;15;15;15;15;15;15;15;15,0;15,0;15,0;1,000000000000000;1,000000000000000;1,000000000000000;1,000000000000000;1,000000000000000;1,000000000000000;1,000000000000000;1,000000000000000;1,000000000000000;1,000000000000000;1,000000000000000
2023-07-28;alle;0;0,0;0;0;0;0;0;0;0;0;0;0;16;16,0;16;16;16;16;16;16;16;16,0;16,0;16,0;NA;NA;NA;NA;NA;NA;NA;NA;NA;NA;NA
2023-07-27;0-60;0;0,0;0;0;0;0;0;0;0;0;0;0;3;3,0;3;3;3;3;3;3;3;3,0;3,0;3,0;1,000000000000000;1,000000000000000;1,000000000000000;1,000000000000000;1,000000000000000;1,000000000000000;1,000000000000000;1,000000000000000;1,000000000000000;1,000000000000000;1,000000000000000
2023-07-27;60+;1;1,0;1;1;1;1;1;1;1;1;1;1;17;17,0;17;17;17;17;17;17;17;17,0;17,0;17,0;1,000000000000000;1,000000000000000;1,000000000000000;1,000000000000000;1,000000000000000;1,000000000000000;1,000000000000000;1,000000000000000;1,000000000000000;1,000000000000000;1,000000000000000
2023-07-27;alle;1;1,0;1;1;1;1;1;1;1;1;1;1;20;20,0;20;20;20;20;20;20;20;20,0;20,0;20,0;NA;NA;NA;NA;NA;NA;NA;NA;NA;NA;NA
2023-07-26;0-60;0;0,0;0;0;0;0;0;0;0;0;0;0;3;3,0;3;3;3;3;3;3;3;3,0;3,0;3,0;1,000000000000000;1,000000000000000;1,000000000000000;1,000000000000000;1,000000000000000;1,000000000000000;1,000000000000000;1,000000000000000;1,000000000000000;1,000000000000000;1,000000000000000
2023-07-26;60+;1;1,0;1;1;1;1;1;1;1;1;1;1;17;17,0;17;17;17;17;17;17;17;17,0;17,0;17,0;1,000000000000000;1,000000000000000;1,000000000000000;1,000000000000000;1,000000000000000;1,000000000000000;1,000000000000000;1,000000000000000;1,000000000000000;1,000000000000000;1,000000000000000
2023-07-26;alle;1;1,0;1;1;1;1;1;1;1;1;1;1;20;20,0;20;20;20;20;20;20;20;20,0;20,0;20,0;NA;NA;NA;NA;NA;NA;NA;NA;NA;NA;NA
2023-07-25;0-60;1;1,0;1;1;1;1;1;1;1;1;1;1;3;3,0;3;3;3;3;3;3;3;3,0;3,0;3,0;1,000000000000000;1,000000000000000;1,000000000000000;1,000000000000000;1,000000000000000;1,000000000000000;1,000000000000000;1,000000000000000;1,000000000000000;1,000000000000000;1,000000000000000
2023-07-25;60+;7;7,0;7;7;7;7;7;7;7;7;7;7;19;19,0;19;19;19;19;19;19;19;19,0;19,0;19,0;1,000000000000000;1,000000000000000;1,000000000000000;1,000000000000000;1,000000000000000;1,000000000000000;1,000000000000000;1,000000000000000;1,000000000000000;1,000000000000000;1,000000000000000
2023-07-25;alle;8;8,0;8;8;8;8;8;8;8;8;8;8;22;22,0;22;22;22;22;22;22;22;22,0;22,0;22,0;NA;NA;NA;NA;NA;NA;NA;NA;NA;NA;NA
2023-07-24;0-60;0;0,0;0;0;0;0;0;0;0;0;0;0;3;3,0;3;3;3;3;3;3;3;3,0;3,0;3,0;1,000000000000000;1,000000000000000;1,000000000000000;1,000000000000000;1,000000000000000;1,000000000000000;1,000000000000000;1,000000000000000;1,000000000000000;1,000000000000000;1,000000000000000
2023-07-24;60+;1;1,0;1;1;1;1;1;1;1;1;1;1;15;15,0;15;15;15;15;15;15;15;15,0;15,0;15,0;1,000000000000000;1,000000000000000;1,000000000000000;1,000000000000000;1,000000000000000;1,000000000000000;1,000000000000000;1,000000000000000;1,000000000000000;1,000000000000000;1,000000000000000
2023-07-24;alle;1;1,0;1;1;1;1;1;1;1;1;1;1;18;18,0;18;18;18;18;18;18;18;18,0;18,0;18,0;NA;NA;NA;NA;NA;NA;NA;NA;NA;NA;NA
2023-07-23;0-60;0;0,0;0;0;0;0;0;0;0;0;0;0;3;3,0;3;3;3;3;3;3;3;3,0;3,0;3,0;1,000000000000000;1,000000000000000;1,000000000000000;1,000000000000000;1,000000000000000;1,000000000000000;1,000000000000000;1,000000000000000;1,000000000000000;1,000000000000000;1,000000000000000
2023-07-23;60+;2;2,0;2;2;2;2;2;2;2;2;2;2;15;15,0;15;15;15;15;15;15;15;15,0;15,0;15,0;1,000000000000000;1,000000000000000;1,000000000000000;1,000000000000000;1,000000000000000;1,000000000000000;1,000000000000000;1,000000000000000;1,000000000000000;1,000000000000000;1,000000000000000
2023-07-23;alle;2;2,0;2;2;2;2;2;2;2;2;2;2;18;18,0;18;18;18;18;18;18;18;18,0;18,0;18,0;NA;NA;NA;NA;NA;NA;NA;NA;NA;NA;NA
2023-07-22;0-60;0;0,0;0;0;0;0;0;0;0;0;0;0;3;3,0;3;3;3;3;3;3;3;3,0;3,0;3,0;1,000000000000000;1,000000000000000;1,000000000000000;1,000000000000000;1,000000000000000;1,000000000000000;1,000000000000000;1,000000000000000;1,000000000000000;1,000000000000000;1,000000000000000
2023-07-22;60+;3;3,0;3;3;3;3;3;3;3;3;3;3;14;14,0;14;14;14;14;14;14;14;14,0;14,0;14,0;1,000000000000000;1,000000000000000;1,000000000000000;1,000000000000000;1,000000000000000;1,000000000000000;1,000000000000000;1,000000000000000;1,000000000000000;1,000000000000000;1,000000000000000
2023-07-22;alle;3;3,0;3;3;3;3;3;3;3;3;3;3;17;17,0;17;17;17;17;17;17;17;17,0;17,0;17,0;NA;NA;NA;NA;NA;NA;NA;NA;NA;NA;NA
2023-07-21;0-60;2;2,0;2;2;2;2;2;2;2;2;2;2;3;3,0;3;3;3;3;3;3;3;3,0;3,0;3,0;1,000000000000000;1,000000000000000;1,000000000000000;1,000000000000000;1,000000000000000;1,000000000000000;1,000000000000000;1,000000000000000;1,000000000000000;1,000000000000000;1,000000000000000
2023-07-21;60+;2;2,0;2;2;2;2;2;2;2;2;2;2;13;13,0;13;13;13;13;13;13;13;13,0;13,0;13,0;1,000000000000000;1,000000000000000;1,000000000000000;1,000000000000000;1,000000000000000;1,000000000000000;1,000000000000000;1,000000000000000;1,000000000000000;1,000000000000000;1,000000000000000
2023-07-21;alle;4;4,0;4;4;4;4;4;4;4;4;4;4;16;16,0;16;16;16;16;16;16;16;16,0;16,0;16,0;NA;NA;NA;NA;NA;NA;NA;NA;NA;NA;NA
2023-07-20;0-60;0;0,0;0;0;0;0;0;0;0;0;0;0;1;1,0;1;1;1;1;1;1;1;1,0;1,0;1,0;1,000000000000000;1,000000000000000;1,000000000000000;1,000000000000000;1,000000000000000;1,000000000000000;1,000000000000000;1,000000000000000;1,000000000000000;1,000000000000000;1,000000000000000
2023-07-20;60+;1;1,0;1;1;1;1;1;1;1;1;1;1;14;14,0;14;14;14;14;14;14;14;14,0;14,0;14,0;1,000000000000000;1,000000000000000;1,000000000000000;1,000000000000000;1,000000000000000;1,000000000000000;1,000000000000000;1,000000000000000;1,000000000000000;1,000000000000000;1,000000000000000
2023-07-20;alle;1;1,0;1;1;1;1;1;1;1;1;1;1;15;15,0;15;15;15;15;15;15;15;15,0;15,0;15,0;NA;NA;NA;NA;NA;NA;NA;NA;NA;NA;NA
2023-07-19;0-60;0;0,0;0;0;0;0;0;0;0;0;0;0;1;1,0;1;1;1;1;1;1;1;1,0;1,0;1,0;1,000000000000000;1,000000000000000;1,000000000000000;1,000000000000000;1,000000000000000;1,000000000000000;1,000000000000000;1,000000000000000;1,000000000000000;1,000000000000000;1,000000000000000
2023-07-19;60+;3;3,0;3;3;3;3;3;3;3;3;3;3;21;21,0;21;21;21;21;21;21;21;21,0;21,0;21,0;1,000000000000000;1,000000000000000;1,000000000000000;1,000000000000000;1,000000000000000;1,000000000000000;1,000000000000000;1,000000000000000;1,000000000000000;1,000000000000000;1,000000000000000
2023-07-19;alle;3;3,0;3;3;3;3;3;3;3;3;3;3;22;22,0;22;22;22;22;22;22;22;22,0;22,0;22,0;NA;NA;NA;NA;NA;NA;NA;NA;NA;NA;NA
2023-07-18;0-60;1;1,0;1;1;1;1;1;1;1;1;1;1;2;2,0;2;2;2;2;2;2;2;2,0;2,0;2,0;1,000000000000000;1,000000000000000;1,000000000000000;1,000000000000000;1,000000000000000;1,000000000000000;1,000000000000000;1,000000000000000;1,000000000000000;1,000000000000000;1,000000000000000
2023-07-18;60+;3;3,0;3;3;3;3;3;3;3;3;3;3;22;22,0;22;22;22;22;22;22;22;22,0;22,0;22,0;1,000000000000000;1,000000000000000;1,000000000000000;1,000000000000000;1,000000000000000;1,000000000000000;1,000000000000000;1,000000000000000;1,000000000000000;1,000000000000000;1,000000000000000
2023-07-18;alle;4;4,0;4;4;4;4;4;4;4;4;4;4;24;24,0;24;24;24;24;24;24;24;24,0;24,0;24,0;NA;NA;NA;NA;NA;NA;NA;NA;NA;NA;NA
2023-07-17;0-60;0;0,0;0;0;0;0;0;0;0;0;0;0;2;2,0;2;2;2;2;2;2;2;2,0;2,0;2,0;1,000000000000000;1,000000000000000;1,000000000000000;1,000000000000000;1,000000000000000;1,000000000000000;1,000000000000000;1,000000000000000;1,000000000000000;1,000000000000000;1,000000000000000
2023-07-17;60+;1;1,0;1;1;1;1;1;1;1;1;1;1;24;24,0;24;24;24;24;24;24;24;24,0;24,0;24,0;1,000000000000000;1,000000000000000;1,000000000000000;1,000000000000000;1,000000000000000;1,000000000000000;1,000000000000000;1,000000000000000;1,000000000000000;1,000000000000000;1,000000000000000
2023-07-17;alle;1;1,0;1;1;1;1;1;1;1;1;1;1;26;26,0;26;26;26;26;26;26;26;26,0;26,0;26,0;NA;NA;NA;NA;NA;NA;NA;NA;NA;NA;NA
2023-07-16;0-60;0;0,0;0;0;0;0;0;0;0;0;0;0;2;2,0;2;2;2;2;2;2;2;2,0;2,0;2,0;1,000000000000000;1,000000000000000;1,000000000000000;1,000000000000000;1,000000000000000;1,000000000000000;1,000000000000000;1,000000000000000;1,000000000000000;1,000000000000000;1,000000000000000
2023-07-16;60+;1;1,0;1;1;1;1;1;1;1;1;1;1;23;23,0;23;23;23;23;23;23;23;23,0;23,0;23,0;1,000000000000000;1,000000000000000;1,000000000000000;1,000000000000000;1,000000000000000;1,000000000000000;1,000000000000000;1,000000000000000;1,000000000000000;1,000000000000000;1,000000000000000
2023-07-16;alle;1;1,0;1;1;1;1;1;1;1;1;1;1;25;25,0;25;25;25;25;25;25;25;25,0;25,0;25,0;NA;NA;NA;NA;NA;NA;NA;NA;NA;NA;NA
2023-07-15;0-60;0;0,0;0;0;0;0;0;0;0;0;0;0;2;2,0;2;2;2;2;2;2;2;2,0;2,0;2,0;1,000000000000000;1,000000000000000;1,000000000000000;1,000000000000000;1,000000000000000;1,000000000000000;1,000000000000000;1,000000000000000;1,000000000000000;1,000000000000000;1,000000000000000
2023-07-15;60+;2;2,0;2;2;2;2;2;2;2;2;2;2;22;22,0;22;22;22;22;22;22;22;22,0;22,0;22,0;1,000000000000000;1,000000000000000;1,000000000000000;1,000000000000000;1,000000000000000;1,000000000000000;1,000000000000000;1,000000000000000;1,000000000000000;1,000000000000000;1,000000000000000
2023-07-15;alle;2;2,0;2;2;2;2;2;2;2;2;2;2;24;24,0;24;24;24;24;24;24;24;24,0;24,0;24,0;NA;NA;NA;NA;NA;NA;NA;NA;NA;NA;NA
2023-07-14;0-60;0;0,0;0;0;0;0;0;0;0;0;0;0;2;2,0;2;2;2;2;2;2;2;2,0;2,0;2,0;1,000000000000000;1,000000000000000;1,000000000000000;1,000000000000000;1,000000000000000;1,000000000000000;1,000000000000000;1,000000000000000;1,000000000000000;1,000000000000000;1,000000000000000
2023-07-14;60+;3;3,0;3;3;3;3;3;3;3;3;3;3;21;21,0;21;21;21;21;21;21;21;21,0;21,0;21,0;1,000000000000000;1,000000000000000;1,000000000000000;1,000000000000000;1,000000000000000;1,000000000000000;1,000000000000000;1,000000000000000;1,000000000000000;1,000000000000000;1,000000000000000
2023-07-14;alle;3;3,0;3;3;3;3;3;3;3;3;3;3;23;23,0;23;23;23;23;23;23;23;23,0;23,0;23,0;NA;NA;NA;NA;NA;NA;NA;NA;NA;NA;NA
2023-07-13;0-60;0;0,0;0;0;0;0;0;0;0;0;0;0;2;2,0;2;2;2;2;2;2;2;2,0;2,0;2,0;1,000000000000000;1,000000000000000;1,000000000000000;1,000000000000000;1,000000000000000;1,000000000000000;1,000000000000000;1,000000000000000;1,000000000000000;1,000000000000000;1,000000000000000
2023-07-13;60+;8;8,0;8;8;8;8;8;8;8;8;8;8;18;18,0;18;18;18;18;18;18;18;18,0;18,0;18,0;1,000000000000000;1,000000000000000;1,000000000000000;1,000000000000000;1,000000000000000;1,000000000000000;1,000000000000000;1,000000000000000;1,000000000000000;1,000000000000000;1,000000000000000
2023-07-13;alle;8;8,0;8;8;8;8;8;8;8;8;8;8;20;20,0;20;20;20;20;20;20;20;20,0;20,0;20,0;NA;NA;NA;NA;NA;NA;NA;NA;NA;NA;NA
2023-07-12;0-60;1;1,0;1;1;1;1;1;1;1;1;1;1;2;2,0;2;2;2;2;2;2;2;2,0;2,0;2,0;1,000000000000000;1,000000000000000;1,000000000000000;1,000000000000000;1,000000000000000;1,000000000000000;1,000000000000000;1,000000000000000;1,000000000000000;1,000000000000000;1,000000000000000
2023-07-12;60+;4;4,0;4;4;4;4;4;4;4;4;4;4;14;14,0;14;14;14;14;14;14;14;14,0;14,0;14,0;1,000000000000000;1,000000000000000;1,000000000000000;1,000000000000000;1,000000000000000;1,000000000000000;1,000000000000000;1,000000000000000;1,000000000000000;1,000000000000000;1,000000000000000
2023-07-12;alle;5;5,0;5;5;5;5;5;5;5;5;5;5;16;16,0;16;16;16;16;16;16;16;16,0;16,0;16,0;NA;NA;NA;NA;NA;NA;NA;NA;NA;NA;NA
2023-07-11;0-60;1;1,0;1;1;1;1;1;1;1;1;1;1;1;1,0;1;1;1;1;1;1;1;1,0;1,0;1,0;1,000000000000000;1,000000000000000;1,000000000000000;1,000000000000000;1,000000000000000;1,000000000000000;1,000000000000000;1,000000000000000;1,000000000000000;1,000000000000000;1,000000000000000
2023-07-11;60+;5;5,0;5;5;5;5;5;5;5;5;5;5;13;13,0;13;13;13;13;13;13;13;13,0;13,0;13,0;1,000000000000000;1,000000000000000;1,000000000000000;1,000000000000000;1,000000000000000;1,000000000000000;1,000000000000000;1,000000000000000;1,000000000000000;1,000000000000000;1,000000000000000
2023-07-11;alle;6;6,0;6;6;6;6;6;6;6;6;6;6;14;14,0;14;14;14;14;14;14;14;14,0;14,0;14,0;NA;NA;NA;NA;NA;NA;NA;NA;NA;NA;NA
2023-07-10;0-60;0;0,0;0;0;0;0;0;0;0;0;0;0;2;2,0;2;2;2;2;2;2;2;2,0;2,0;2,0;1,000000000000000;1,000000000000000;1,000000000000000;1,000000000000000;1,000000000000000;1,000000000000000;1,000000000000000;1,000000000000000;1,000000000000000;1,000000000000000;1,000000000000000
2023-07-10;60+;0;0,0;0;0;0;0;0;0;0;0;0;0;10;10,0;10;10;10;10;10;10;10;10,0;10,0;10,0;1,000000000000000;1,000000000000000;1,000000000000000;1,000000000000000;1,000000000000000;1,000000000000000;1,000000000000000;1,000000000000000;1,000000000000000;1,000000000000000;1,000000000000000
2023-07-10;alle;0;0,0;0;0;0;0;0;0;0;0;0;0;12;12,0;12;12;12;12;12;12;12;12,0;12,0;12,0;NA;NA;NA;NA;NA;NA;NA;NA;NA;NA;NA
2023-07-09;0-60;0;0,0;0;0;0;0;0;0;0;0;0;0;2;2,0;2;2;2;2;2;2;2;2,0;2,0;2,0;1,000000000000000;1,000000000000000;1,000000000000000;1,000000000000000;1,000000000000000;1,000000000000000;1,000000000000000;1,000000000000000;1,000000000000000;1,000000000000000;1,000000000000000
2023-07-09;60+;0;0,0;0;0;0;0;0;0;0;0;0;0;11;11,0;11;11;11;11;11;11;11;11,0;11,0;11,0;1,000000000000000;1,000000000000000;1,000000000000000;1,000000000000000;1,000000000000000;1,000000000000000;1,000000000000000;1,000000000000000;1,000000000000000;1,000000000000000;1,000000000000000
2023-07-09;alle;0;0,0;0;0;0;0;0;0;0;0;0;0;13;13,0;13;13;13;13;13;13;13;13,0;13,0;13,0;NA;NA;NA;NA;NA;NA;NA;NA;NA;NA;NA
2023-07-08;0-60;0;0,0;0;0;0;0;0;0;0;0;0;0;3;3,0;3;3;3;3;3;3;3;3,0;3,0;3,0;1,000000000000000;1,000000000000000;1,000000000000000;1,000000000000000;1,000000000000000;1,000000000000000;1,000000000000000;1,000000000000000;1,000000000000000;1,000000000000000;1,000000000000000
2023-07-08;60+;1;1,0;1;1;1;1;1;1;1;1;1;1;11;11,0;11;11;11;11;11;11;11;11,0;11,0;11,0;1,000000000000000;1,000000000000000;1,000000000000000;1,000000000000000;1,000000000000000;1,000000000000000;1,000000000000000;1,000000000000000;1,000000000000000;1,000000000000000;1,000000000000000
2023-07-08;alle;1;1,0;1;1;1;1;1;1;1;1;1;1;14;14,0;14;14;14;14;14;14;14;14,0;14,0;14,0;NA;NA;NA;NA;NA;NA;NA;NA;NA;NA;NA
2023-07-07;0-60;0;0,0;0;0;0;0;0;0;0;0;0;0;4;4,0;4;4;4;4;4;4;4;4,0;4,0;4,0;1,000000000000000;1,000000000000000;1,000000000000000;1,000000000000000;1,000000000000000;1,000000000000000;1,000000000000000;1,000000000000000;1,000000000000000;1,000000000000000;1,000000000000000
2023-07-07;60+;0;0,0;0;0;0;0;0;0;0;0;0;0;13;13,0;13;13;13;13;13;13;13;13,0;13,0;13,0;1,000000000000000;1,000000000000000;1,000000000000000;1,000000000000000;1,000000000000000;1,000000000000000;1,000000000000000;1,000000000000000;1,000000000000000;1,000000000000000;1,000000000000000
2023-07-07;alle;0;0,0;0;0;0;0;0;0;0;0;0;0;17;17,0;17;17;17;17;17;17;17;17,0;17,0;17,0;NA;NA;NA;NA;NA;NA;NA;NA;NA;NA;NA
2023-07-06;0-60;0;0,0;0;0;0;0;0;0;0;0;0;0;5;5,0;5;5;5;5;5;5;5;5,0;5,0;5,0;1,000000000000000;1,000000000000000;1,000000000000000;1,000000000000000;1,000000000000000;1,000000000000000;1,000000000000000;1,000000000000000;1,000000000000000;1,000000000000000;1,000000000000000
2023-07-06;60+;4;4,0;4;4;4;4;4;4;4;4;4;4;14;14,0;14;14;14;14;14;14;14;14,0;14,0;14,0;1,000000000000000;1,000000000000000;1,000000000000000;1,000000000000000;1,000000000000000;1,000000000000000;1,000000000000000;1,000000000000000;1,000000000000000;1,000000000000000;1,000000000000000
2023-07-06;alle;4;4,0;4;4;4;4;4;4;4;4;4;4;19;19,0;19;19;19;19;19;19;19;19,0;19,0;19,0;NA;NA;NA;NA;NA;NA;NA;NA;NA;NA;NA
2023-07-05;0-60;0;0,0;0;0;0;0;0;0;0;0;0;0;6;6,0;6;6;6;6;6;6;6;6,0;6,0;6,0;1,000000000000000;1,000000000000000;1,000000000000000;1,000000000000000;1,000000000000000;1,000000000000000;1,000000000000000;1,000000000000000;1,000000000000000;1,000000000000000;1,000000000000000
2023-07-05;60+;3;3,0;3;3;3;3;3;3;3;3;3;3;14;14,0;14;14;14;14;14;14;14;14,0;14,0;14,0;1,000000000000000;1,000000000000000;1,000000000000000;1,000000000000000;1,000000000000000;1,000000000000000;1,000000000000000;1,000000000000000;1,000000000000000;1,000000000000000;1,000000000000000
2023-07-05;alle;3;3,0;3;3;3;3;3;3;3;3;3;3;20;20,0;20;20;20;20;20;20;20;20,0;20,0;20,0;NA;NA;NA;NA;NA;NA;NA;NA;NA;NA;NA
2023-07-04;0-60;2;2,0;2;2;2;2;2;2;2;2;2;2;6;6,0;6;6;6;6;6;6;6;6,0;6,0;6,0;1,000000000000000;1,000000000000000;1,000000000000000;1,000000000000000;1,000000000000000;1,000000000000000;1,000000000000000;1,000000000000000;1,000000000000000;1,000000000000000;1,000000000000000
2023-07-04;60+;2;2,0;2;2;2;2;2;2;2;2;2;2;11;11,0;11;11;11;11;11;11;11;11,0;11,0;11,0;1,000000000000000;1,000000000000000;1,000000000000000;1,000000000000000;1,000000000000000;1,000000000000000;1,000000000000000;1,000000000000000;1,000000000000000;1,000000000000000;1,000000000000000
2023-07-04;alle;4;4,0;4;4;4;4;4;4;4;4;4;4;17;17,0;17;17;17;17;17;17;17;17,0;17,0;17,0;NA;NA;NA;NA;NA;NA;NA;NA;NA;NA;NA
2023-07-03;0-60;0;0,0;0;0;0;0;0;0;0;0;0;0;5;5,0;5;5;5;5;5;5;5;5,0;5,0;5,0;1,000000000000000;1,000000000000000;1,000000000000000;1,000000000000000;1,000000000000000;1,000000000000000;1,000000000000000;1,000000000000000;1,000000000000000;1,000000000000000;1,000000000000000
2023-07-03;60+;1;1,0;1;1;1;1;1;1;1;1;1;1;11;11,0;11;11;11;11;11;11;11;11,0;11,0;11,0;1,000000000000000;1,000000000000000;1,000000000000000;1,000000000000000;1,000000000000000;1,000000000000000;1,000000000000000;1,000000000000000;1,000000000000000;1,000000000000000;1,000000000000000
2023-07-03;alle;1;1,0;1;1;1;1;1;1;1;1;1;1;16;16,0;16;16;16;16;16;16;16;16,0;16,0;16,0;NA;NA;NA;NA;NA;NA;NA;NA;NA;NA;NA
2023-07-02;0-60;1;1,0;1;1;1;1;1;1;1;1;1;1;5;5,0;5;5;5;5;5;5;5;5,0;5,0;5,0;1,000000000000000;1,000000000000000;1,000000000000000;1,000000000000000;1,000000000000000;1,000000000000000;1,000000000000000;1,000000000000000;1,000000000000000;1,000000000000000;1,000000000000000
2023-07-02;60+;0;0,0;0;0;0;0;0;0;0;0;0;0;10;10,0;10;10;10;10;10;10;10;10,0;10,0;10,0;1,000000000000000;1,000000000000000;1,000000000000000;1,000000000000000;1,000000000000000;1,000000000000000;1,000000000000000;1,000000000000000;1,000000000000000;1,000000000000000;1,000000000000000
2023-07-02;alle;1;1,0;1;1;1;1;1;1;1;1;1;1;15;15,0;15;15;15;15;15;15;15;15,0;15,0;15,0;NA;NA;NA;NA;NA;NA;NA;NA;NA;NA;NA
2023-07-01;0-60;1;1,0;1;1;1;1;1;1;1;1;1;1;4;4,0;4;4;4;4;4;4;4;4,0;4,0;4,0;1,000000000000000;1,000000000000000;1,000000000000000;1,000000000000000;1,000000000000000;1,000000000000000;1,000000000000000;1,000000000000000;1,000000000000000;1,000000000000000;1,000000000000000
2023-07-01;60+;3;3,0;3;3;3;3;3;3;3;3;3;3;10;10,0;10;10;10;10;10;10;10;10,0;10,0;10,0;1,000000000000000;1,000000000000000;1,000000000000000;1,000000000000000;1,000000000000000;1,000000000000000;1,000000000000000;1,000000000000000;1,000000000000000;1,000000000000000;1,000000000000000
2023-07-01;alle;4;4,0;4;4;4;4;4;4;4;4;4;4;14;14,0;14;14;14;14;14;14;14;14,0;14,0;14,0;NA;NA;NA;NA;NA;NA;NA;NA;NA;NA;NA
2023-06-30;0-60;1;1,0;1;1;1;1;1;1;1;1;1;1;4;4,0;4;4;4;4;4;4;4;4,0;4,0;4,0;1,000000000000000;1,000000000000000;1,000000000000000;1,000000000000000;1,000000000000000;1,000000000000000;1,000000000000000;1,000000000000000;1,000000000000000;1,000000000000000;1,000000000000000
2023-06-30;60+;1;1,0;1;1;1;1;1;1;1;1;1;1;11;11,0;11;11;11;11;11;11;11;11,0;11,0;11,0;1,000000000000000;1,000000000000000;1,000000000000000;1,000000000000000;1,000000000000000;1,000000000000000;1,000000000000000;1,000000000000000;1,000000000000000;1,000000000000000;1,000000000000000
2023-06-30;alle;2;2,0;2;2;2;2;2;2;2;2;2;2;15;15,0;15;15;15;15;15;15;15;15,0;15,0;15,0;NA;NA;NA;NA;NA;NA;NA;NA;NA;NA;NA
2023-06-29;0-60;1;1,0;1;1;1;1;1;1;1;1;1;1;4;4,0;4;4;4;4;4;4;4;4,0;4,0;4,0;1,000000000000000;1,000000000000000;1,000000000000000;1,000000000000000;1,000000000000000;1,000000000000000;1,000000000000000;1,000000000000000;1,000000000000000;1,000000000000000;1,000000000000000
2023-06-29;60+;4;4,0;4;4;4;4;4;4;4;4;4;4;11;11,0;11;11;11;11;11;11;11;11,0;11,0;11,0;1,000000000000000;1,000000000000000;1,000000000000000;1,000000000000000;1,000000000000000;1,000000000000000;1,000000000000000;1,000000000000000;1,000000000000000;1,000000000000000;1,000000000000000
2023-06-29;alle;5;5,0;5;5;5;5;5;5;5;5;5;5;15;15,0;15;15;15;15;15;15;15;15,0;15,0;15,0;NA;NA;NA;NA;NA;NA;NA;NA;NA;NA;NA
2023-06-28;0-60;0;0,0;0;0;0;0;0;0;0;0;0;0;4;4,0;4;4;4;4;4;4;4;4,0;4,0;4,0;1,000000000000000;1,000000000000000;1,000000000000000;1,000000000000000;1,000000000000000;1,000000000000000;1,000000000000000;1,000000000000000;1,000000000000000;1,000000000000000;1,000000000000000
2023-06-28;60+;0;0,0;0;0;0;0;0;0;0;0;0;0;7;7,0;7;7;7;7;7;7;7;7,0;7,0;7,0;1,000000000000000;1,000000000000000;1,000000000000000;1,000000000000000;1,000000000000000;1,000000000000000;1,000000000000000;1,000000000000000;1,000000000000000;1,000000000000000;1,000000000000000
2023-06-28;alle;0;0,0;0;0;0;0;0;0;0;0;0;0;11;11,0;11;11;11;11;11;11;11;11,0;11,0;11,0;NA;NA;NA;NA;NA;NA;NA;NA;NA;NA;NA
2023-06-27;0-60;1;1,0;1;1;1;1;1;1;1;1;1;1;4;4,0;4;4;4;4;4;4;4;4,0;4,0;4,0;1,000000000000000;1,000000000000000;1,000000000000000;1,000000000000000;1,000000000000000;1,000000000000000;1,000000000000000;1,000000000000000;1,000000000000000;1,000000000000000;1,000000000000000
2023-06-27;60+;2;2,0;2;2;2;2;2;2;2;2;2;2;9;9,0;9;9;9;9;9;9;9;9,0;9,0;9,0;1,000000000000000;1,000000000000000;1,000000000000000;1,000000000000000;1,000000000000000;1,000000000000000;1,000000000000000;1,000000000000000;1,000000000000000;1,000000000000000;1,000000000000000
2023-06-27;alle;3;3,0;3;3;3;3;3;3;3;3;3;3;13;13,0;13;13;13;13;13;13;13;13,0;13,0;13,0;NA;NA;NA;NA;NA;NA;NA;NA;NA;NA;NA
2023-06-26;0-60;0;0,0;0;0;0;0;0;0;0;0;0;0;5;5,0;5;5;5;5;5;5;5;5,0;5,0;5,0;1,000000000000000;1,000000000000000;1,000000000000000;1,000000000000000;1,000000000000000;1,000000000000000;1,000000000000000;1,000000000000000;1,000000000000000;1,000000000000000;1,000000000000000
2023-06-26;60+;0;0,0;0;0;0;0;0;0;0;0;0;0;18;18,0;18;18;18;18;18;18;18;18,0;18,0;18,0;1,000000000000000;1,000000000000000;1,000000000000000;1,000000000000000;1,000000000000000;1,000000000000000;1,000000000000000;1,000000000000000;1,000000000000000;1,000000000000000;1,000000000000000
2023-06-26;alle;0;0,0;0;0;0;0;0;0;0;0;0;0;23;23,0;23;23;23;23;23;23;23;23,0;23,0;23,0;NA;NA;NA;NA;NA;NA;NA;NA;NA;NA;NA
2023-06-25;0-60;0;0,0;0;0;0;0;0;0;0;0;0;0;5;5,0;5;5;5;5;5;5;5;5,0;5,0;5,0;1,000000000000000;1,000000000000000;1,000000000000000;1,000000000000000;1,000000000000000;1,000000000000000;1,000000000000000;1,000000000000000;1,000000000000000;1,000000000000000;1,000000000000000
2023-06-25;60+;0;0,0;0;0;0;0;0;0;0;0;0;0;18;18,0;18;18;18;18;18;18;18;18,0;18,0;18,0;1,000000000000000;1,000000000000000;1,000000000000000;1,000000000000000;1,000000000000000;1,000000000000000;1,000000000000000;1,000000000000000;1,000000000000000;1,000000000000000;1,000000000000000
2023-06-25;alle;0;0,0;0;0;0;0;0;0;0;0;0;0;23;23,0;23;23;23;23;23;23;23;23,0;23,0;23,0;NA;NA;NA;NA;NA;NA;NA;NA;NA;NA;NA
2023-06-24;0-60;1;1,0;1;1;1;1;1;1;1;1;1;1;5;5,0;5;5;5;5;5;5;5;5,0;5,0;5,0;1,000000000000000;1,000000000000000;1,000000000000000;1,000000000000000;1,000000000000000;1,000000000000000;1,000000000000000;1,000000000000000;1,000000000000000;1,000000000000000;1,000000000000000
2023-06-24;60+;4;4,0;4;4;4;4;4;4;4;4;4;4;19;19,0;19;19;19;19;19;19;19;19,0;19,0;19,0;1,000000000000000;1,000000000000000;1,000000000000000;1,000000000000000;1,000000000000000;1,000000000000000;1,000000000000000;1,000000000000000;1,000000000000000;1,000000000000000;1,000000000000000
2023-06-24;alle;5;5,0;5;5;5;5;5;5;5;5;5;5;24;24,0;24;24;24;24;24;24;24;24,0;24,0;24,0;NA;NA;NA;NA;NA;NA;NA;NA;NA;NA;NA
2023-06-23;0-60;1;1,0;1;1;1;1;1;1;1;1;1;1;4;4,0;4;4;4;4;4;4;4;4,0;4,0;4,0;1,000000000000000;1,000000000000000;1,000000000000000;1,000000000000000;1,000000000000000;1,000000000000000;1,000000000000000;1,000000000000000;1,000000000000000;1,000000000000000;1,000000000000000
2023-06-23;60+;1;1,0;1;1;1;1;1;1;1;1;1;1;18;18,0;18;18;18;18;18;18;18;18,0;18,0;18,0;1,000000000000000;1,000000000000000;1,000000000000000;1,000000000000000;1,000000000000000;1,000000000000000;1,000000000000000;1,000000000000000;1,000000000000000;1,000000000000000;1,000000000000000
2023-06-23;alle;2;2,0;2;2;2;2;2;2;2;2;2;2;22;22,0;22;22;22;22;22;22;22;22,0;22,0;22,0;NA;NA;NA;NA;NA;NA;NA;NA;NA;NA;NA
2023-06-22;0-60;1;1,0;1;1;1;1;1;1;1;1;1;1;4;4,0;4;4;4;4;4;4;4;4,0;4,0;4,0;1,000000000000000;1,000000000000000;1,000000000000000;1,000000000000000;1,000000000000000;1,000000000000000;1,000000000000000;1,000000000000000;1,000000000000000;1,000000000000000;1,000000000000000
2023-06-22;60+;0;0,0;0;0;0;0;0;0;0;0;0;0;23;23,0;23;23;23;23;23;23;23;23,0;23,0;23,0;1,000000000000000;1,000000000000000;1,000000000000000;1,000000000000000;1,000000000000000;1,000000000000000;1,000000000000000;1,000000000000000;1,000000000000000;1,000000000000000;1,000000000000000
2023-06-22;alle;1;1,0;1;1;1;1;1;1;1;1;1;1;27;27,0;27;27;27;27;27;27;27;27,0;27,0;27,0;NA;NA;NA;NA;NA;NA;NA;NA;NA;NA;NA
2023-06-21;0-60;0;0,0;0;0;0;0;0;0;0;0;0;0;7;7,0;7;7;7;7;7;7;7;7,0;7,0;7,0;1,000000000000000;1,000000000000000;1,000000000000000;1,000000000000000;1,000000000000000;1,000000000000000;1,000000000000000;1,000000000000000;1,000000000000000;1,000000000000000;1,000000000000000
2023-06-21;60+;2;2,0;2;2;2;2;2;2;2;2;2;2;31;31,0;31;31;31;31;31;31;31;31,0;31,0;31,0;1,000000000000000;1,000000000000000;1,000000000000000;1,000000000000000;1,000000000000000;1,000000000000000;1,000000000000000;1,000000000000000;1,000000000000000;1,000000000000000;1,000000000000000
2023-06-21;alle;2;2,0;2;2;2;2;2;2;2;2;2;2;38;38,0;38;38;38;38;38;38;38;38,0;38,0;38,0;NA;NA;NA;NA;NA;NA;NA;NA;NA;NA;NA
2023-06-20;0-60;2;2,0;2;2;2;2;2;2;2;2;2;2;8;8,0;8;8;8;8;8;8;8;8,0;8,0;8,0;1,000000000000000;1,000000000000000;1,000000000000000;1,000000000000000;1,000000000000000;1,000000000000000;1,000000000000000;1,000000000000000;1,000000000000000;1,000000000000000;1,000000000000000
2023-06-20;60+;11;11,0;11;11;11;11;11;11;11;11;11;11;40;40,0;40;40;40;40;40;40;40;40,0;40,0;40,0;1,000000000000000;1,000000000000000;1,000000000000000;1,000000000000000;1,000000000000000;1,000000000000000;1,000000000000000;1,000000000000000;1,000000000000000;1,000000000000000;1,000000000000000
2023-06-20;alle;13;13,0;13;13;13;13;13;13;13;13;13;13;48;48,0;48;48;48;48;48;48;48;48,0;48,0;48,0;NA;NA;NA;NA;NA;NA;NA;NA;NA;NA;NA
2023-06-19;0-60;0;0,0;0;0;0;0;0;0;0;0;0;0;9;9,0;9;9;9;9;9;9;9;9,0;9,0;9,0;1,000000000000000;1,000000000000000;1,000000000000000;1,000000000000000;1,000000000000000;1,000000000000000;1,000000000000000;1,000000000000000;1,000000000000000;1,000000000000000;1,000000000000000
2023-06-19;60+;0;0,0;0;0;0;0;0;0;0;0;0;0;43;43,0;43;43;43;43;43;43;43;43,0;43,0;43,0;1,000000000000000;1,000000000000000;1,000000000000000;1,000000000000000;1,000000000000000;1,000000000000000;1,000000000000000;1,000000000000000;1,000000000000000;1,000000000000000;1,000000000000000
2023-06-19;alle;0;0,0;0;0;0;0;0;0;0;0;0;0;52;52,0;52;52;52;52;52;52;52;52,0;52,0;52,0;NA;NA;NA;NA;NA;NA;NA;NA;NA;NA;NA
2023-06-18;0-60;0;0,0;0;0;0;0;0;0;0;0;0;0;10;10,0;10;10;10;10;10;10;10;10,0;10,0;10,0;1,000000000000000;1,000000000000000;1,000000000000000;1,000000000000000;1,000000000000000;1,000000000000000;1,000000000000000;1,000000000000000;1,000000000000000;1,000000000000000;1,000000000000000
2023-06-18;60+;1;1,0;1;1;1;1;1;1;1;1;1;1;44;44,0;44;44;44;44;44;44;44;44,0;44,0;44,0;1,000000000000000;1,000000000000000;1,000000000000000;1,000000000000000;1,000000000000000;1,000000000000000;1,000000000000000;1,000000000000000;1,000000000000000;1,000000000000000;1,000000000000000
2023-06-18;alle;1;1,0;1;1;1;1;1;1;1;1;1;1;54;54,0;54;54;54;54;54;54;54;54,0;54,0;54,0;NA;NA;NA;NA;NA;NA;NA;NA;NA;NA;NA
2023-06-17;0-60;0;0,0;0;0;0;0;0;0;0;0;0;0;10;10,0;10;10;10;10;10;10;10;10,0;10,0;10,0;1,000000000000000;1,000000000000000;1,000000000000000;1,000000000000000;1,000000000000000;1,000000000000000;1,000000000000000;1,000000000000000;1,000000000000000;1,000000000000000;1,000000000000000
2023-06-17;60+;3;3,0;3;3;3;3;3;3;3;3;3;3;44;44,0;44;44;44;44;44;44;44;44,0;44,0;44,0;1,000000000000000;1,000000000000000;1,000000000000000;1,000000000000000;1,000000000000000;1,000000000000000;1,000000000000000;1,000000000000000;1,000000000000000;1,000000000000000;1,000000000000000
2023-06-17;alle;3;3,0;3;3;3;3;3;3;3;3;3;3;54;54,0;54;54;54;54;54;54;54;54,0;54,0;54,0;NA;NA;NA;NA;NA;NA;NA;NA;NA;NA;NA
2023-06-16;0-60;1;1,0;1;1;1;1;1;1;1;1;1;1;10;10,0;10;10;10;10;10;10;10;10,0;10,0;10,0;1,000000000000000;1,000000000000000;1,000000000000000;1,000000000000000;1,000000000000000;1,000000000000000;1,000000000000000;1,000000000000000;1,000000000000000;1,000000000000000;1,000000000000000
2023-06-16;60+;6;6,0;6;6;6;6;6;6;6;6;6;6;47;47,0;47;47;47;47;47;47;47;47,0;47,0;47,0;1,000000000000000;1,000000000000000;1,000000000000000;1,000000000000000;1,000000000000000;1,000000000000000;1,000000000000000;1,000000000000000;1,000000000000000;1,000000000000000;1,000000000000000
2023-06-16;alle;7;7,0;7;7;7;7;7;7;7;7;7;7;57;57,0;57;57;57;57;57;57;57;57,0;57,0;57,0;NA;NA;NA;NA;NA;NA;NA;NA;NA;NA;NA
2023-06-15;0-60;4;4,0;4;4;4;4;4;4;4;4;4;4;10;10,0;10;10;10;10;10;10;10;10,0;10,0;10,0;1,000000000000000;1,000000000000000;1,000000000000000;1,000000000000000;1,000000000000000;1,000000000000000;1,000000000000000;1,000000000000000;1,000000000000000;1,000000000000000;1,000000000000000
2023-06-15;60+;8;8,0;8;8;8;8;8;8;8;8;8;8;53;53,0;53;53;53;53;53;53;53;53,0;53,0;53,0;1,000000000000000;1,000000000000000;1,000000000000000;1,000000000000000;1,000000000000000;1,000000000000000;1,000000000000000;1,000000000000000;1,000000000000000;1,000000000000000;1,000000000000000
2023-06-15;alle;12;12,0;12;12;12;12;12;12;12;12;12;12;63;63,0;63;63;63;63;63;63;63;63,0;63,0;63,0;NA;NA;NA;NA;NA;NA;NA;NA;NA;NA;NA
2023-06-14;0-60;1;1,0;1;1;1;1;1;1;1;1;1;1;7;7,0;7;7;7;7;7;7;7;7,0;7,0;7,0;1,000000000000000;1,000000000000000;1,000000000000000;1,000000000000000;1,000000000000000;1,000000000000000;1,000000000000000;1,000000000000000;1,000000000000000;1,000000000000000;1,000000000000000
2023-06-14;60+;11;11,0;11;11;11;11;11;11;11;11;11;11;53;53,0;53;53;53;53;53;53;53;53,0;53,0;53,0;1,000000000000000;1,000000000000000;1,000000000000000;1,000000000000000;1,000000000000000;1,000000000000000;1,000000000000000;1,000000000000000;1,000000000000000;1,000000000000000;1,000000000000000
2023-06-14;alle;12;12,0;12;12;12;12;12;12;12;12;12;12;60;60,0;60;60;60;60;60;60;60;60,0;60,0;60,0;NA;NA;NA;NA;NA;NA;NA;NA;NA;NA;NA
2023-06-13;0-60;3;3,0;3;3;3;3;3;3;3;3;3;3;9;9,0;9;9;9;9;9;9;9;9,0;9,0;9,0;1,000000000000000;1,000000000000000;1,000000000000000;1,000000000000000;1,000000000000000;1,000000000000000;1,000000000000000;1,000000000000000;1,000000000000000;1,000000000000000;1,000000000000000
2023-06-13;60+;14;14,0;14;14;14;14;14;14;14;14;14;14;56;56,0;56;56;56;56;56;56;56;56,0;56,0;56,0;1,000000000000000;1,000000000000000;1,000000000000000;1,000000000000000;1,000000000000000;1,000000000000000;1,000000000000000;1,000000000000000;1,000000000000000;1,000000000000000;1,000000000000000
2023-06-13;alle;17;17,0;17;17;17;17;17;17;17;17;17;17;65;65,0;65;65;65;65;65;65;65;65,0;65,0;65,0;NA;NA;NA;NA;NA;NA;NA;NA;NA;NA;NA
2023-06-12;0-60;1;1,0;1;1;1;1;1;1;1;1;1;1;9;9,0;9;9;9;9;9;9;9;9,0;9,0;9,0;1,000000000000000;1,000000000000000;1,000000000000000;1,000000000000000;1,000000000000000;1,000000000000000;1,000000000000000;1,000000000000000;1,000000000000000;1,000000000000000;1,000000000000000
2023-06-12;60+;1;1,0;1;1;1;1;1;1;1;1;1;1;61;61,0;61;61;61;61;61;61;61;61,0;61,0;61,0;1,000000000000000;1,000000000000000;1,000000000000000;1,000000000000000;1,000000000000000;1,000000000000000;1,000000000000000;1,000000000000000;1,000000000000000;1,000000000000000;1,000000000000000
2023-06-12;alle;2;2,0;2;2;2;2;2;2;2;2;2;2;70;70,0;70;70;70;70;70;70;70;70,0;70,0;70,0;NA;NA;NA;NA;NA;NA;NA;NA;NA;NA;NA
2023-06-11;0-60;0;0,0;0;0;0;0;0;0;0;0;0;0;9;9,0;9;9;9;9;9;9;9;9,0;9,0;9,0;1,000000000000000;1,000000000000000;1,000000000000000;1,000000000000000;1,000000000000000;1,000000000000000;1,000000000000000;1,000000000000000;1,000000000000000;1,000000000000000;1,000000000000000
2023-06-11;60+;1;1,0;1;1;1;1;1;1;1;1;1;1;61;61,0;61;61;61;61;61;61;61;61,0;61,0;61,0;1,000000000000000;1,000000000000000;1,000000000000000;1,000000000000000;1,000000000000000;1,000000000000000;1,000000000000000;1,000000000000000;1,000000000000000;1,000000000000000;1,000000000000000
2023-06-11;alle;1;1,0;1;1;1;1;1;1;1;1;1;1;70;70,0;70;70;70;70;70;70;70;70,0;70,0;70,0;NA;NA;NA;NA;NA;NA;NA;NA;NA;NA;NA
2023-06-10;0-60;0;0,0;0;0;0;0;0;0;0;0;0;0;9;9,0;9;9;9;9;9;9;9;9,0;9,0;9,0;1,000000000000000;1,000000000000000;1,000000000000000;1,000000000000000;1,000000000000000;1,000000000000000;1,000000000000000;1,000000000000000;1,000000000000000;1,000000000000000;1,000000000000000
2023-06-10;60+;6;6,0;6;6;6;6;6;6;6;6;6;6;60;60,0;60;60;60;60;60;60;60;60,0;60,0;60,0;1,000000000000000;1,000000000000000;1,000000000000000;1,000000000000000;1,000000000000000;1,000000000000000;1,000000000000000;1,000000000000000;1,000000000000000;1,000000000000000;1,000000000000000
2023-06-10;alle;6;6,0;6;6;6;6;6;6;6;6;6;6;69;69,0;69;69;69;69;69;69;69;69,0;69,0;69,0;NA;NA;NA;NA;NA;NA;NA;NA;NA;NA;NA
2023-06-09;0-60;1;1,0;1;1;1;1;1;1;1;1;1;1;10;10,0;10;10;10;10;10;10;10;10,0;10,0;10,0;1,000000000000000;1,000000000000000;1,000000000000000;1,000000000000000;1,000000000000000;1,000000000000000;1,000000000000000;1,000000000000000;1,000000000000000;1,000000000000000;1,000000000000000
2023-06-09;60+;12;12,0;12;12;12;12;12;12;12;12;12;12;63;63,0;63;63;63;63;63;63;63;63,0;63,0;63,0;1,000000000000000;1,000000000000000;1,000000000000000;1,000000000000000;1,000000000000000;1,000000000000000;1,000000000000000;1,000000000000000;1,000000000000000;1,000000000000000;1,000000000000000
2023-06-09;alle;13;13,0;13;13;13;13;13;13;13;13;13;13;73;73,0;73;73;73;73;73;73;73;73,0;73,0;73,0;NA;NA;NA;NA;NA;NA;NA;NA;NA;NA;NA
2023-06-08;0-60;1;1,0;1;1;1;1;1;1;1;1;1;1;11;11,0;11;11;11;11;11;11;11;11,0;11,0;11,0;1,000000000000000;1,000000000000000;1,000000000000000;1,000000000000000;1,000000000000000;1,000000000000000;1,000000000000000;1,000000000000000;1,000000000000000;1,000000000000000;1,000000000000000
2023-06-08;60+;8;8,0;8;8;8;8;8;8;8;8;8;8;64;64,0;64;64;64;64;64;64;64;64,0;64,0;64,0;1,000000000000000;1,000000000000000;1,000000000000000;1,000000000000000;1,000000000000000;1,000000000000000;1,000000000000000;1,000000000000000;1,000000000000000;1,000000000000000;1,000000000000000
2023-06-08;alle;9;9,0;9;9;9;9;9;9;9;9;9;9;75;75,0;75;75;75;75;75;75;75;75,0;75,0;75,0;NA;NA;NA;NA;NA;NA;NA;NA;NA;NA;NA
2023-06-07;0-60;3;3,0;3;3;3;3;3;3;3;3;3;3;12;12,0;12;12;12;12;12;12;12;12,0;12,0;12,0;1,000000000000000;1,000000000000000;1,000000000000000;1,000000000000000;1,000000000000000;1,000000000000000;1,000000000000000;1,000000000000000;1,000000000000000;1,000000000000000;1,000000000000000
2023-06-07;60+;14;14,0;14;14;14;14;14;14;14;14;14;14;72;72,0;72;72;72;72;72;72;72;72,0;72,0;72,0;1,000000000000000;1,000000000000000;1,000000000000000;1,000000000000000;1,000000000000000;1,000000000000000;1,000000000000000;1,000000000000000;1,000000000000000;1,000000000000000;1,000000000000000
2023-06-07;alle;17;17,0;17;17;17;17;17;17;17;17;17;17;84;84,0;84;84;84;84;84;84;84;84,0;84,0;84,0;NA;NA;NA;NA;NA;NA;NA;NA;NA;NA;NA
2023-06-06;0-60;3;3,0;3;3;3;3;3;3;3;3;3;3;14;14,0;14;14;14;14;14;14;14;14,0;14,0;14,0;1,000000000000000;1,000000000000000;1,000000000000000;1,000000000000000;1,000000000000000;1,000000000000000;1,000000000000000;1,000000000000000;1,000000000000000;1,000000000000000;1,000000000000000
2023-06-06;60+;19;19,0;19;19;19;19;19;19;19;19;19;19;82;82,0;82;82;82;82;82;82;82;82,0;82,0;82,0;1,000000000000000;1,000000000000000;1,000000000000000;1,000000000000000;1,000000000000000;1,000000000000000;1,000000000000000;1,000000000000000;1,000000000000000;1,000000000000000;1,000000000000000
2023-06-06;alle;22;22,0;22;22;22;22;22;22;22;22;22;22;96;96,0;96;96;96;96;96;96;96;96,0;96,0;96,0;NA;NA;NA;NA;NA;NA;NA;NA;NA;NA;NA
2023-06-05;0-60;1;1,0;1;1;1;1;1;1;1;1;1;1;12;12,0;12;12;12;12;12;12;12;12,0;12,0;12,0;1,000000000000000;1,000000000000000;1,000000000000000;1,000000000000000;1,000000000000000;1,000000000000000;1,000000000000000;1,000000000000000;1,000000000000000;1,000000000000000;1,000000000000000
2023-06-05;60+;1;1,0;1;1;1;1;1;1;1;1;1;1;64;64,0;64;64;64;64;64;64;64;64,0;64,0;64,0;1,000000000000000;1,000000000000000;1,000000000000000;1,000000000000000;1,000000000000000;1,000000000000000;1,000000000000000;1,000000000000000;1,000000000000000;1,000000000000000;1,000000000000000
2023-06-05;alle;2;2,0;2;2;2;2;2;2;2;2;2;2;76;76,0;76;76;76;76;76;76;76;76,0;76,0;76,0;NA;NA;NA;NA;NA;NA;NA;NA;NA;NA;NA
2023-06-04;0-60;0;0,0;0;0;0;0;0;0;0;0;0;0;12;12,0;12;12;12;12;12;12;12;12,0;12,0;12,0;1,000000000000000;1,000000000000000;1,000000000000000;1,000000000000000;1,000000000000000;1,000000000000000;1,000000000000000;1,000000000000000;1,000000000000000;1,000000000000000;1,000000000000000
2023-06-04;60+;0;0,0;0;0;0;0;0;0;0;0;0;0;65;65,0;65;65;65;65;65;65;65;65,0;65,0;65,0;1,000000000000000;1,000000000000000;1,000000000000000;1,000000000000000;1,000000000000000;1,000000000000000;1,000000000000000;1,000000000000000;1,000000000000000;1,000000000000000;1,000000000000000
2023-06-04;alle;0;0,0;0;0;0;0;0;0;0;0;0;0;77;77,0;77;77;77;77;77;77;77;77,0;77,0;77,0;NA;NA;NA;NA;NA;NA;NA;NA;NA;NA;NA
2023-06-03;0-60;1;1,0;1;1;1;1;1;1;1;1;1;1;12;12,0;12;12;12;12;12;12;12;12,0;12,0;12,0;1,000000000000000;1,000000000000000;1,000000000000000;1,000000000000000;1,000000000000000;1,000000000000000;1,000000000000000;1,000000000000000;1,000000000000000;1,000000000000000;1,000000000000000
2023-06-03;60+;9;9,0;9;9;9;9;9;9;9;9;9;9;68;68,0;68;68;68;68;68;68;68;68,0;68,0;68,0;1,000000000000000;1,000000000000000;1,000000000000000;1,000000000000000;1,000000000000000;1,000000000000000;1,000000000000000;1,000000000000000;1,000000000000000;1,000000000000000;1,000000000000000
2023-06-03;alle;10;10,0;10;10;10;10;10;10;10;10;10;10;80;80,0;80;80;80;80;80;80;80;80,0;80,0;80,0;NA;NA;NA;NA;NA;NA;NA;NA;NA;NA;NA
2023-06-02;0-60;2;2,0;2;2;2;2;2;2;2;2;2;2;12;12,0;12;12;12;12;12;12;12;12,0;12,0;12,0;1,000000000000000;1,000000000000000;1,000000000000000;1,000000000000000;1,000000000000000;1,000000000000000;1,000000000000000;1,000000000000000;1,000000000000000;1,000000000000000;1,000000000000000
2023-06-02;60+;13;13,0;13;13;13;13;13;13;13;13;13;13;71;71,0;71;71;71;71;71;71;71;71,0;71,0;71,0;1,000000000000000;1,000000000000000;1,000000000000000;1,000000000000000;1,000000000000000;1,000000000000000;1,000000000000000;1,000000000000000;1,000000000000000;1,000000000000000;1,000000000000000
2023-06-02;alle;15;15,0;15;15;15;15;15;15;15;15;15;15;83;83,0;83;83;83;83;83;83;83;83,0;83,0;83,0;NA;NA;NA;NA;NA;NA;NA;NA;NA;NA;NA
2023-06-01;0-60;2;2,0;2;2;2;2;2;2;2;2;2;2;13;13,0;13;13;13;13;13;13;13;13,0;13,0;13,0;1,000000000000000;1,000000000000000;1,000000000000000;1,000000000000000;1,000000000000000;1,000000000000000;1,000000000000000;1,000000000000000;1,000000000000000;1,000000000000000;1,000000000000000
2023-06-01;60+;16;16,0;16;16;16;16;16;16;16;16;16;16;69;69,0;69;69;69;69;69;69;69;69,0;69,0;69,0;1,000000000000000;1,000000000000000;1,000000000000000;1,000000000000000;1,000000000000000;1,000000000000000;1,000000000000000;1,000000000000000;1,000000000000000;1,000000000000000;1,000000000000000
2023-06-01;alle;18;18,0;18;18;18;18;18;18;18;18;18;18;82;82,0;82;82;82;82;82;82;82;82,0;82,0;82,0;NA;NA;NA;NA;NA;NA;NA;NA;NA;NA;NA
2023-05-31;0-60;5;5,0;5;5;5;5;5;5;5;5;5;5;14;14,0;14;14;14;14;14;14;14;14,0;14,0;14,0;1,000000000000000;1,000000000000000;1,000000000000000;1,000000000000000;1,000000000000000;1,000000000000000;1,000000000000000;1,000000000000000;1,000000000000000;1,000000000000000;1,000000000000000
2023-05-31;60+;24;24,0;24;24;24;24;24;24;24;24;24;24;76;76,0;76;76;76;76;76;76;76;76,0;76,0;76,0;1,000000000000000;1,000000000000000;1,000000000000000;1,000000000000000;1,000000000000000;1,000000000000000;1,000000000000000;1,000000000000000;1,000000000000000;1,000000000000000;1,000000000000000
2023-05-31;alle;29;29,0;29;29;29;29;29;29;29;29;29;29;90;90,0;90;90;90;90;90;90;90;90,0;90,0;90,0;NA;NA;NA;NA;NA;NA;NA;NA;NA;NA;NA
2023-05-30;0-60;1;1,0;1;1;1;1;1;1;1;1;1;1;12;12,0;12;12;12;12;12;12;12;12,0;12,0;12,0;1,000000000000000;1,000000000000000;1,000000000000000;1,000000000000000;1,000000000000000;1,000000000000000;1,000000000000000;1,000000000000000;1,000000000000000;1,000000000000000;1,000000000000000
2023-05-30;60+;1;1,0;1;1;1;1;1;1;1;1;1;1;66;66,0;66;66;66;66;66;66;66;66,0;66,0;66,0;1,000000000000000;1,000000000000000;1,000000000000000;1,000000000000000;1,000000000000000;1,000000000000000;1,000000000000000;1,000000000000000;1,000000000000000;1,000000000000000;1,000000000000000
2023-05-30;alle;2;2,0;2;2;2;2;2;2;2;2;2;2;78;78,0;78;78;78;78;78;78;78;78,0;78,0;78,0;NA;NA;NA;NA;NA;NA;NA;NA;NA;NA;NA
2023-05-29;0-60;1;1,0;1;1;1;1;1;1;1;1;1;1;16;16,0;16;16;16;16;16;16;16;16,0;16,0;16,0;1,000000000000000;1,000000000000000;1,000000000000000;1,000000000000000;1,000000000000000;1,000000000000000;1,000000000000000;1,000000000000000;1,000000000000000;1,000000000000000;1,000000000000000
2023-05-29;60+;2;2,0;2;2;2;2;2;2;2;2;2;2;89;89,0;89;89;89;89;89;89;89;89,0;89,0;89,0;1,000000000000000;1,000000000000000;1,000000000000000;1,000000000000000;1,000000000000000;1,000000000000000;1,000000000000000;1,000000000000000;1,000000000000000;1,000000000000000;1,000000000000000
2023-05-29;alle;3;3,0;3;3;3;3;3;3;3;3;3;3;105;105,0;105;105;105;105;105;105;105;105,0;105,0;105,0;NA;NA;NA;NA;NA;NA;NA;NA;NA;NA;NA
2023-05-28;0-60;0;0,0;0;0;0;0;0;0;0;0;0;0;15;15,0;15;15;15;15;15;15;15;15,0;15,0;15,0;1,000000000000000;1,000000000000000;1,000000000000000;1,000000000000000;1,000000000000000;1,000000000000000;1,000000000000000;1,000000000000000;1,000000000000000;1,000000000000000;1,000000000000000
2023-05-28;60+;3;3,0;3;3;3;3;3;3;3;3;3;3;91;91,0;91;91;91;91;91;91;91;91,0;91,0;91,0;1,000000000000000;1,000000000000000;1,000000000000000;1,000000000000000;1,000000000000000;1,000000000000000;1,000000000000000;1,000000000000000;1,000000000000000;1,000000000000000;1,000000000000000
2023-05-28;alle;3;3,0;3;3;3;3;3;3;3;3;3;3;106;106,0;106;106;106;106;106;106;106;106,0;106,0;106,0;NA;NA;NA;NA;NA;NA;NA;NA;NA;NA;NA
2023-05-27;0-60;1;1,0;1;1;1;1;1;1;1;1;1;1;15;15,0;15;15;15;15;15;15;15;15,0;15,0;15,0;1,000000000000000;1,000000000000000;1,000000000000000;1,000000000000000;1,000000000000000;1,000000000000000;1,000000000000000;1,000000000000000;1,000000000000000;1,000000000000000;1,000000000000000
2023-05-27;60+;12;12,0;12;12;12;12;12;12;12;12;12;12;89;89,0;89;89;89;89;89;89;89;89,0;89,0;89,0;1,000000000000000;1,000000000000000;1,000000000000000;1,000000000000000;1,000000000000000;1,000000000000000;1,000000000000000;1,000000000000000;1,000000000000000;1,000000000000000;1,000000000000000
2023-05-27;alle;13;13,0;13;13;13;13;13;13;13;13;13;13;104;104,0;104;104;104;104;104;104;104;104,0;104,0;104,0;NA;NA;NA;NA;NA;NA;NA;NA;NA;NA;NA
2023-05-26;0-60;3;3,0;3;3;3;3;3;3;3;3;3;3;15;15,0;15;15;15;15;15;15;15;15,0;15,0;15,0;1,000000000000000;1,000000000000000;1,000000000000000;1,000000000000000;1,000000000000000;1,000000000000000;1,000000000000000;1,000000000000000;1,000000000000000;1,000000000000000;1,000000000000000
2023-05-26;60+;11;11,0;11;11;11;11;11;11;11;11;11;11;84;84,0;84;84;84;84;84;84;84;84,0;84,0;84,0;1,000000000000000;1,000000000000000;1,000000000000000;1,000000000000000;1,000000000000000;1,000000000000000;1,000000000000000;1,000000000000000;1,000000000000000;1,000000000000000;1,000000000000000
2023-05-26;alle;14;14,0;14;14;14;14;14;14;14;14;14;14;99;99,0;99;99;99;99;99;99;99;99,0;99,0;99,0;NA;NA;NA;NA;NA;NA;NA;NA;NA;NA;NA
2023-05-25;0-60;3;3,0;3;3;3;3;3;3;3;3;3;3;12;12,0;12;12;12;12;12;12;12;12,0;12,0;12,0;1,000000000000000;1,000000000000000;1,000000000000000;1,000000000000000;1,000000000000000;1,000000000000000;1,000000000000000;1,000000000000000;1,000000000000000;1,000000000000000;1,000000000000000
2023-05-25;60+;23;23,0;23;23;23;23;23;23;23;23;23;23;74;74,0;74;74;74;74;74;74;74;74,0;74,0;74,0;1,000000000000000;1,000000000000000;1,000000000000000;1,000000000000000;1,000000000000000;1,000000000000000;1,000000000000000;1,000000000000000;1,000000000000000;1,000000000000000;1,000000000000000
2023-05-25;alle;26;26,0;26;26;26;26;26;26;26;26;26;26;86;86,0;86;86;86;86;86;86;86;86,0;86,0;86,0;NA;NA;NA;NA;NA;NA;NA;NA;NA;NA;NA
2023-05-24;0-60;3;3,0;3;3;3;3;3;3;3;3;3;3;12;12,0;12;12;12;12;12;12;12;12,0;12,0;12,0;1,000000000000000;1,000000000000000;1,000000000000000;1,000000000000000;1,000000000000000;1,000000000000000;1,000000000000000;1,000000000000000;1,000000000000000;1,000000000000000;1,000000000000000
2023-05-24;60+;14;14,0;14;14;14;14;14;14;14;14;14;14;66;66,0;66;66;66;66;66;66;66;66,0;66,0;66,0;1,000000000000000;1,000000000000000;1,000000000000000;1,000000000000000;1,000000000000000;1,000000000000000;1,000000000000000;1,000000000000000;1,000000000000000;1,000000000000000;1,000000000000000
2023-05-24;alle;17;17,0;17;17;17;17;17;17;17;17;17;17;78;78,0;78;78;78;78;78;78;78;78,0;78,0;78,0;NA;NA;NA;NA;NA;NA;NA;NA;NA;NA;NA
2023-05-23;0-60;5;5,0;5;5;5;5;5;5;5;5;5;5;11;11,0;11;11;11;11;11;11;11;11,0;11,0;11,0;1,000000000000000;1,000000000000000;1,000000000000000;1,000000000000000;1,000000000000000;1,000000000000000;1,000000000000000;1,000000000000000;1,000000000000000;1,000000000000000;1,000000000000000
2023-05-23;60+;24;24,0;24;24;24;24;24;24;24;24;24;24;67;67,0;67;67;67;67;67;67;67;67,0;67,0;67,0;1,000000000000000;1,000000000000000;1,000000000000000;1,000000000000000;1,000000000000000;1,000000000000000;1,000000000000000;1,000000000000000;1,000000000000000;1,000000000000000;1,000000000000000
2023-05-23;alle;29;29,0;29;29;29;29;29;29;29;29;29;29;78;78,0;78;78;78;78;78;78;78;78,0;78,0;78,0;NA;NA;NA;NA;NA;NA;NA;NA;NA;NA;NA
2023-05-22;0-60;0;0,0;0;0;0;0;0;0;0;0;0;0;9;9,0;9;9;9;9;9;9;9;9,0;9,0;9,0;1,000000000000000;1,000000000000000;1,000000000000000;1,000000000000000;1,000000000000000;1,000000000000000;1,000000000000000;1,000000000000000;1,000000000000000;1,000000000000000;1,000000000000000
2023-05-22;60+;4;4,0;4;4;4;4;4;4;4;4;4;4;76;76,0;76;76;76;76;76;76;76;76,0;76,0;76,0;1,000000000000000;1,000000000000000;1,000000000000000;1,000000000000000;1,000000000000000;1,000000000000000;1,000000000000000;1,000000000000000;1,000000000000000;1,000000000000000;1,000000000000000
2023-05-22;alle;4;4,0;4;4;4;4;4;4;4;4;4;4;85;85,0;85;85;85;85;85;85;85;85,0;85,0;85,0;NA;NA;NA;NA;NA;NA;NA;NA;NA;NA;NA
2023-05-21;0-60;0;0,0;0;0;0;0;0;0;0;0;0;0;10;10,0;10;10;10;10;10;10;10;10,0;10,0;10,0;1,000000000000000;1,000000000000000;1,000000000000000;1,000000000000000;1,000000000000000;1,000000000000000;1,000000000000000;1,000000000000000;1,000000000000000;1,000000000000000;1,000000000000000
2023-05-21;60+;1;1,0;1;1;1;1;1;1;1;1;1;1;72;72,0;72;72;72;72;72;72;72;72,0;72,0;72,0;1,000000000000000;1,000000000000000;1,000000000000000;1,000000000000000;1,000000000000000;1,000000000000000;1,000000000000000;1,000000000000000;1,000000000000000;1,000000000000000;1,000000000000000
2023-05-21;alle;1;1,0;1;1;1;1;1;1;1;1;1;1;82;82,0;82;82;82;82;82;82;82;82,0;82,0;82,0;NA;NA;NA;NA;NA;NA;NA;NA;NA;NA;NA
2023-05-20;0-60;1;1,0;1;1;1;1;1;1;1;1;1;1;11;11,0;11;11;11;11;11;11;11;11,0;11,0;11,0;1,000000000000000;1,000000000000000;1,000000000000000;1,000000000000000;1,000000000000000;1,000000000000000;1,000000000000000;1,000000000000000;1,000000000000000;1,000000000000000;1,000000000000000
2023-05-20;60+;7;7,0;7;7;7;7;7;7;7;7;7;7;74;74,0;74;74;74;74;74;74;74;74,0;74,0;74,0;1,000000000000000;1,000000000000000;1,000000000000000;1,000000000000000;1,000000000000000;1,000000000000000;1,000000000000000;1,000000000000000;1,000000000000000;1,000000000000000;1,000000000000000
2023-05-20;alle;8;8,0;8;8;8;8;8;8;8;8;8;8;85;85,0;85;85;85;85;85;85;85;85,0;85,0;85,0;NA;NA;NA;NA;NA;NA;NA;NA;NA;NA;NA
2023-05-19;0-60;0;0,0;0;0;0;0;0;0;0;0;0;0;14;14,0;14;14;14;14;14;14;14;14,0;14,0;14,0;1,000000000000000;1,000000000000000;1,000000000000000;1,000000000000000;1,000000000000000;1,000000000000000;1,000000000000000;1,000000000000000;1,000000000000000;1,000000000000000;1,000000000000000
2023-05-19;60+;1;1,0;1;1;1;1;1;1;1;1;1;1;97;97,0;97;97;97;97;97;97;97;97,0;97,0;97,0;1,000000000000000;1,000000000000000;1,000000000000000;1,000000000000000;1,000000000000000;1,000000000000000;1,000000000000000;1,000000000000000;1,000000000000000;1,000000000000000;1,000000000000000
2023-05-19;alle;1;1,0;1;1;1;1;1;1;1;1;1;1;111;111,0;111;111;111;111;111;111;111;111,0;111,0;111,0;NA;NA;NA;NA;NA;NA;NA;NA;NA;NA;NA
2023-05-18;0-60;3;3,0;3;3;3;3;3;3;3;3;3;3;16;16,0;16;16;16;16;16;16;16;16,0;16,0;16,0;1,000000000000000;1,000000000000000;1,000000000000000;1,000000000000000;1,000000000000000;1,000000000000000;1,000000000000000;1,000000000000000;1,000000000000000;1,000000000000000;1,000000000000000
2023-05-18;60+;15;15,0;15;15;15;15;15;15;15;15;15;15;107;107,0;107;107;107;107;107;107;107;107,0;107,0;107,0;1,000000000000000;1,000000000000000;1,000000000000000;1,000000000000000;1,000000000000000;1,000000000000000;1,000000000000000;1,000000000000000;1,000000000000000;1,000000000000000;1,000000000000000
2023-05-18;alle;18;18,0;18;18;18;18;18;18;18;18;18;18;123;123,0;123;123;123;123;123;123;123;123,0;123,0;123,0;NA;NA;NA;NA;NA;NA;NA;NA;NA;NA;NA
2023-05-17;0-60;2;2,0;2;2;2;2;2;2;2;2;2;2;16;16,0;16;16;16;16;16;16;16;16,0;16,0;16,0;1,000000000000000;1,000000000000000;1,000000000000000;1,000000000000000;1,000000000000000;1,000000000000000;1,000000000000000;1,000000000000000;1,000000000000000;1,000000000000000;1,000000000000000
2023-05-17;60+;15;15,0;15;15;15;15;15;15;15;15;15;15;107;107,0;107;107;107;107;107;107;107;107,0;107,0;107,0;1,000000000000000;1,000000000000000;1,000000000000000;1,000000000000000;1,000000000000000;1,000000000000000;1,000000000000000;1,000000000000000;1,000000000000000;1,000000000000000;1,000000000000000
2023-05-17;alle;17;17,0;17;17;17;17;17;17;17;17;17;17;123;123,0;123;123;123;123;123;123;123;123,0;123,0;123,0;NA;NA;NA;NA;NA;NA;NA;NA;NA;NA;NA
2023-05-16;0-60;3;3,0;3;3;3;3;3;3;3;3;3;3;18;18,0;18;18;18;18;18;18;18;18,0;18,0;18,0;1,000000000000000;1,000000000000000;1,000000000000000;1,000000000000000;1,000000000000000;1,000000000000000;1,000000000000000;1,000000000000000;1,000000000000000;1,000000000000000;1,000000000000000
2023-05-16;60+;33;33,0;33;33;33;33;33;33;33;33;33;33;117;117,0;117;117;117;117;117;117;117;117,0;117,0;117,0;1,000000000000000;1,000000000000000;1,000000000000000;1,000000000000000;1,000000000000000;1,000000000000000;1,000000000000000;1,000000000000000;1,000000000000000;1,000000000000000;1,000000000000000
2023-05-16;alle;36;36,0;36;36;36;36;36;36;36;36;36;36;135;135,0;135;135;135;135;135;135;135;135,0;135,0;135,0;NA;NA;NA;NA;NA;NA;NA;NA;NA;NA;NA
2023-05-15;0-60;1;1,0;1;1;1;1;1;1;1;1;1;1;19;19,0;19;19;19;19;19;19;19;19,0;19,0;19,0;1,000000000000000;1,000000000000000;1,000000000000000;1,000000000000000;1,000000000000000;1,000000000000000;1,000000000000000;1,000000000000000;1,000000000000000;1,000000000000000;1,000000000000000
2023-05-15;60+;0;0,0;0;0;0;0;0;0;0;0;0;0;112;112,0;112;112;112;112;112;112;112;112,0;112,0;112,0;1,000000000000000;1,000000000000000;1,000000000000000;1,000000000000000;1,000000000000000;1,000000000000000;1,000000000000000;1,000000000000000;1,000000000000000;1,000000000000000;1,000000000000000
2023-05-15;alle;1;1,0;1;1;1;1;1;1;1;1;1;1;131;131,0;131;131;131;131;131;131;131;131,0;131,0;131,0;NA;NA;NA;NA;NA;NA;NA;NA;NA;NA;NA
2023-05-14;0-60;1;1,0;1;1;1;1;1;1;1;1;1;1;18;18,0;18;18;18;18;18;18;18;18,0;18,0;18,0;1,000000000000000;1,000000000000000;1,000000000000000;1,000000000000000;1,000000000000000;1,000000000000000;1,000000000000000;1,000000000000000;1,000000000000000;1,000000000000000;1,000000000000000
2023-05-14;60+;3;3,0;3;3;3;3;3;3;3;3;3;3;114;114,0;114;114;114;114;114;114;114;114,0;114,0;114,0;1,000000000000000;1,000000000000000;1,000000000000000;1,000000000000000;1,000000000000000;1,000000000000000;1,000000000000000;1,000000000000000;1,000000000000000;1,000000000000000;1,000000000000000
2023-05-14;alle;4;4,0;4;4;4;4;4;4;4;4;4;4;132;132,0;132;132;132;132;132;132;132;132,0;132,0;132,0;NA;NA;NA;NA;NA;NA;NA;NA;NA;NA;NA
2023-05-13;0-60;4;4,0;4;4;4;4;4;4;4;4;4;4;17;17,0;17;17;17;17;17;17;17;17,0;17,0;17,0;1,000000000000000;1,000000000000000;1,000000000000000;1,000000000000000;1,000000000000000;1,000000000000000;1,000000000000000;1,000000000000000;1,000000000000000;1,000000000000000;1,000000000000000
2023-05-13;60+;30;30,0;30;30;30;30;30;30;30;30;30;30;113;113,0;113;113;113;113;113;113;113;113,0;113,0;113,0;1,000000000000000;1,000000000000000;1,000000000000000;1,000000000000000;1,000000000000000;1,000000000000000;1,000000000000000;1,000000000000000;1,000000000000000;1,000000000000000;1,000000000000000
2023-05-13;alle;34;34,0;34;34;34;34;34;34;34;34;34;34;130;130,0;130;130;130;130;130;130;130;130,0;130,0;130,0;NA;NA;NA;NA;NA;NA;NA;NA;NA;NA;NA
2023-05-12;0-60;2;2,0;2;2;2;2;2;2;2;2;2;2;16;16,0;16;16;16;16;16;16;16;16,0;16,0;16,0;1,000000000000000;1,000000000000000;1,000000000000000;1,000000000000000;1,000000000000000;1,000000000000000;1,000000000000000;1,000000000000000;1,000000000000000;1,000000000000000;1,000000000000000
2023-05-12;60+;11;11,0;11;11;11;11;11;11;11;11;11;11;91;91,0;91;91;91;91;91;91;91;91,0;91,0;91,0;1,000000000000000;1,000000000000000;1,000000000000000;1,000000000000000;1,000000000000000;1,000000000000000;1,000000000000000;1,000000000000000;1,000000000000000;1,000000000000000;1,000000000000000
2023-05-12;alle;13;13,0;13;13;13;13;13;13;13;13;13;13;107;107,0;107;107;107;107;107;107;107;107,0;107,0;107,0;NA;NA;NA;NA;NA;NA;NA;NA;NA;NA;NA
2023-05-11;0-60;3;3,0;3;3;3;3;3;3;3;3;3;3;22;22,0;22;22;22;22;22;22;22;22,0;22,0;22,0;1,000000000000000;1,000000000000000;1,000000000000000;1,000000000000000;1,000000000000000;1,000000000000000;1,000000000000000;1,000000000000000;1,000000000000000;1,000000000000000;1,000000000000000
2023-05-11;60+;15;15,0;15;15;15;15;15;15;15;15;15;15;104;104,0;104;104;104;104;104;104;104;104,0;104,0;104,0;1,000000000000000;1,000000000000000;1,000000000000000;1,000000000000000;1,000000000000000;1,000000000000000;1,000000000000000;1,000000000000000;1,000000000000000;1,000000000000000;1,000000000000000
2023-05-11;alle;18;18,0;18;18;18;18;18;18;18;18;18;18;126;126,0;126;126;126;126;126;126;126;126,0;126,0;126,0;NA;NA;NA;NA;NA;NA;NA;NA;NA;NA;NA
2023-05-10;0-60;4;4,0;4;4;4;4;4;4;4;4;4;4;19;19,0;19;19;19;19;19;19;19;19,0;19,0;19,0;1,000000000000000;1,000000000000000;1,000000000000000;1,000000000000000;1,000000000000000;1,000000000000000;1,000000000000000;1,000000000000000;1,000000000000000;1,000000000000000;1,000000000000000
2023-05-10;60+;25;25,0;25;25;25;25;25;25;25;25;25;25;128;128,0;128;128;128;128;128;128;128;128,0;128,0;128,0;1,000000000000000;1,000000000000000;1,000000000000000;1,000000000000000;1,000000000000000;1,000000000000000;1,000000000000000;1,000000000000000;1,000000000000000;1,000000000000000;1,000000000000000
2023-05-10;alle;29;29,0;29;29;29;29;29;29;29;29;29;29;147;147,0;147;147;147;147;147;147;147;147,0;147,0;147,0;NA;NA;NA;NA;NA;NA;NA;NA;NA;NA;NA
2023-05-09;0-60;4;4,0;4;4;4;4;4;4;4;4;4;4;23;23,0;23;23;23;23;23;23;23;23,0;23,0;23,0;1,000000000000000;1,000000000000000;1,000000000000000;1,000000000000000;1,000000000000000;1,000000000000000;1,000000000000000;1,000000000000000;1,000000000000000;1,000000000000000;1,000000000000000
2023-05-09;60+;28;28,0;28;28;28;28;28;28;28;28;28;28;146;146,0;146;146;146;146;146;146;146;146,0;146,0;146,0;1,000000000000000;1,000000000000000;1,000000000000000;1,000000000000000;1,000000000000000;1,000000000000000;1,000000000000000;1,000000000000000;1,000000000000000;1,000000000000000;1,000000000000000
2023-05-09;alle;32;32,0;32;32;32;32;32;32;32;32;32;32;169;169,0;169;169;169;169;169;169;169;169,0;169,0;169,0;NA;NA;NA;NA;NA;NA;NA;NA;NA;NA;NA
2023-05-08;0-60;0;0,0;0;0;0;0;0;0;0;0;0;0;21;21,0;21;21;21;21;21;21;21;21,0;21,0;21,0;1,000000000000000;1,000000000000000;1,000000000000000;1,000000000000000;1,000000000000000;1,000000000000000;1,000000000000000;1,000000000000000;1,000000000000000;1,000000000000000;1,000000000000000
2023-05-08;60+;2;2,0;2;2;2;2;2;2;2;2;2;2;125;125,0;125;125;125;125;125;125;125;125,0;125,0;125,0;1,000000000000000;1,000000000000000;1,000000000000000;1,000000000000000;1,000000000000000;1,000000000000000;1,000000000000000;1,000000000000000;1,000000000000000;1,000000000000000;1,000000000000000
2023-05-08;alle;2;2,0;2;2;2;2;2;2;2;2;2;2;146;146,0;146;146;146;146;146;146;146;146,0;146,0;146,0;NA;NA;NA;NA;NA;NA;NA;NA;NA;NA;NA
2023-05-07;0-60;0;0,0;0;0;0;0;0;0;0;0;0;0;25;25,0;25;25;25;25;25;25;25;25,0;25,0;25,0;1,000000000000000;1,000000000000000;1,000000000000000;1,000000000000000;1,000000000000000;1,000000000000000;1,000000000000000;1,000000000000000;1,000000000000000;1,000000000000000;1,000000000000000
2023-05-07;60+;2;2,0;2;2;2;2;2;2;2;2;2;2;127;127,0;127;127;127;127;127;127;127;127,0;127,0;127,0;1,000000000000000;1,000000000000000;1,000000000000000;1,000000000000000;1,000000000000000;1,000000000000000;1,000000000000000;1,000000000000000;1,000000000000000;1,000000000000000;1,000000000000000
2023-05-07;alle;2;2,0;2;2;2;2;2;2;2;2;2;2;152;152,0;152;152;152;152;152;152;152;152,0;152,0;152,0;NA;NA;NA;NA;NA;NA;NA;NA;NA;NA;NA
2023-05-06;0-60;3;3,0;3;3;3;3;3;3;3;3;3;3;26;26,0;26;26;26;26;26;26;26;26,0;26,0;26,0;1,000000000000000;1,000000000000000;1,000000000000000;1,000000000000000;1,000000000000000;1,000000000000000;1,000000000000000;1,000000000000000;1,000000000000000;1,000000000000000;1,000000000000000
2023-05-06;60+;8;8,0;8;8;8;8;8;8;8;8;8;8;128;128,0;128;128;128;128;128;128;128;128,0;128,0;128,0;1,000000000000000;1,000000000000000;1,000000000000000;1,000000000000000;1,000000000000000;1,000000000000000;1,000000000000000;1,000000000000000;1,000000000000000;1,000000000000000;1,000000000000000
2023-05-06;alle;11;11,0;11;11;11;11;11;11;11;11;11;11;154;154,0;154;154;154;154;154;154;154;154,0;154,0;154,0;NA;NA;NA;NA;NA;NA;NA;NA;NA;NA;NA
2023-05-05;0-60;8;8,0;8;8;8;8;8;8;8;8;8;8;26;26,0;26;26;26;26;26;26;26;26,0;26,0;26,0;1,000000000000000;1,000000000000000;1,000000000000000;1,000000000000000;1,000000000000000;1,000000000000000;1,000000000000000;1,000000000000000;1,000000000000000;1,000000000000000;1,000000000000000
2023-05-05;60+;24;24,0;24;24;24;24;24;24;24;24;24;24;156;156,0;156;156;156;156;156;156;156;156,0;156,0;156,0;1,000000000000000;1,000000000000000;1,000000000000000;1,000000000000000;1,000000000000000;1,000000000000000;1,000000000000000;1,000000000000000;1,000000000000000;1,000000000000000;1,000000000000000
2023-05-05;alle;32;32,0;32;32;32;32;32;32;32;32;32;32;182;182,0;182;182;182;182;182;182;182;182,0;182,0;182,0;NA;NA;NA;NA;NA;NA;NA;NA;NA;NA;NA
2023-05-04;0-60;0;0,0;0;0;0;0;0;0;0;0;0;0;19;19,0;19;19;19;19;19;19;19;19,0;19,0;19,0;1,000000000000000;1,000000000000000;1,000000000000000;1,000000000000000;1,000000000000000;1,000000000000000;1,000000000000000;1,000000000000000;1,000000000000000;1,000000000000000;1,000000000000000
2023-05-04;60+;39;39,0;39;39;39;39;39;39;39;39;39;39;155;155,0;155;155;155;155;155;155;155;155,0;155,0;155,0;1,000000000000000;1,000000000000000;1,000000000000000;1,000000000000000;1,000000000000000;1,000000000000000;1,000000000000000;1,000000000000000;1,000000000000000;1,000000000000000;1,000000000000000
2023-05-04;alle;39;39,0;39;39;39;39;39;39;39;39;39;39;174;174,0;174;174;174;174;174;174;174;174,0;174,0;174,0;NA;NA;NA;NA;NA;NA;NA;NA;NA;NA;NA
2023-05-03;0-60;8;8,0;8;8;8;8;8;8;8;8;8;8;26;26,0;26;26;26;26;26;26;26;26,0;26,0;26,0;1,000000000000000;1,000000000000000;1,000000000000000;1,000000000000000;1,000000000000000;1,000000000000000;1,000000000000000;1,000000000000000;1,000000000000000;1,000000000000000;1,000000000000000
2023-05-03;60+;43;43,0;43;43;43;43;43;43;43;43;43;43;132;132,0;132;132;132;132;132;132;132;132,0;132,0;132,0;1,000000000000000;1,000000000000000;1,000000000000000;1,000000000000000;1,000000000000000;1,000000000000000;1,000000000000000;1,000000000000000;1,000000000000000;1,000000000000000;1,000000000000000
2023-05-03;alle;51;51,0;51;51;51;51;51;51;51;51;51;51;158;158,0;158;158;158;158;158;158;158;158,0;158,0;158,0;NA;NA;NA;NA;NA;NA;NA;NA;NA;NA;NA
2023-05-02;0-60;2;2,0;2;2;2;2;2;2;2;2;2;2;19;19,0;19;19;19;19;19;19;19;19,0;19,0;19,0;1,000000000000000;1,000000000000000;1,000000000000000;1,000000000000000;1,000000000000000;1,000000000000000;1,000000000000000;1,000000000000000;1,000000000000000;1,000000000000000;1,000000000000000
2023-05-02;60+;7;7,0;7;7;7;7;7;7;7;7;7;7;113;113,0;113;113;113;113;113;113;113;113,0;113,0;113,0;1,000000000000000;1,000000000000000;1,000000000000000;1,000000000000000;1,000000000000000;1,000000000000000;1,000000000000000;1,000000000000000;1,000000000000000;1,000000000000000;1,000000000000000
2023-05-02;alle;9;9,0;9;9;9;9;9;9;9;9;9;9;132;132,0;132;132;132;132;132;132;132;132,0;132,0;132,0;NA;NA;NA;NA;NA;NA;NA;NA;NA;NA;NA
2023-05-01;0-60;4;4,0;4;4;4;4;4;4;4;4;4;4;29;29,0;29;29;29;29;29;29;29;29,0;29,0;29,0;1,000000000000000;1,000000000000000;1,000000000000000;1,000000000000000;1,000000000000000;1,000000000000000;1,000000000000000;1,000000000000000;1,000000000000000;1,000000000000000;1,000000000000000
2023-05-01;60+;4;4,0;4;4;4;4;4;4;4;4;4;4;141;141,0;141;141;141;141;141;141;141;141,0;141,0;141,0;1,000000000000000;1,000000000000000;1,000000000000000;1,000000000000000;1,000000000000000;1,000000000000000;1,000000000000000;1,000000000000000;1,000000000000000;1,000000000000000;1,000000000000000
2023-05-01;alle;8;8,0;8;8;8;8;8;8;8;8;8;8;170;170,0;170;170;170;170;170;170;170;170,0;170,0;170,0;NA;NA;NA;NA;NA;NA;NA;NA;NA;NA;NA
2023-04-30;0-60;1;1,0;1;1;1;1;1;1;1;1;1;1;26;26,0;26;26;26;26;26;26;26;26,0;26,0;26,0;1,000000000000000;1,000000000000000;1,000000000000000;1,000000000000000;1,000000000000000;1,000000000000000;1,000000000000000;1,000000000000000;1,000000000000000;1,000000000000000;1,000000000000000
2023-04-30;60+;3;3,0;3;3;3;3;3;3;3;3;3;3;143;143,0;143;143;143;143;143;143;143;143,0;143,0;143,0;1,000000000000000;1,000000000000000;1,000000000000000;1,000000000000000;1,000000000000000;1,000000000000000;1,000000000000000;1,000000000000000;1,000000000000000;1,000000000000000;1,000000000000000
2023-04-30;alle;4;4,0;4;4;4;4;4;4;4;4;4;4;169;169,0;169;169;169;169;169;169;169;169,0;169,0;169,0;NA;NA;NA;NA;NA;NA;NA;NA;NA;NA;NA
2023-04-29;0-60;3;3,0;3;3;3;3;3;3;3;3;3;3;25;25,0;25;25;25;25;25;25;25;25,0;25,0;25,0;1,000000000000000;1,000000000000000;1,000000000000000;1,000000000000000;1,000000000000000;1,000000000000000;1,000000000000000;1,000000000000000;1,000000000000000;1,000000000000000;1,000000000000000
2023-04-29;60+;36;36,0;36;36;36;36;36;36;36;36;36;36;145;145,0;145;145;145;145;145;145;145;145,0;145,0;145,0;1,000000000000000;1,000000000000000;1,000000000000000;1,000000000000000;1,000000000000000;1,000000000000000;1,000000000000000;1,000000000000000;1,000000000000000;1,000000000000000;1,000000000000000
2023-04-29;alle;39;39,0;39;39;39;39;39;39;39;39;39;39;170;170,0;170;170;170;170;170;170;170;170,0;170,0;170,0;NA;NA;NA;NA;NA;NA;NA;NA;NA;NA;NA
2023-04-28;0-60;1;1,0;1;1;1;1;1;1;1;1;1;1;26;26,0;26;26;26;26;26;26;26;26,0;26,0;26,0;1,000000000000000;1,000000000000000;1,000000000000000;1,000000000000000;1,000000000000000;1,000000000000000;1,000000000000000;1,000000000000000;1,000000000000000;1,000000000000000;1,000000000000000
2023-04-28;60+;23;23,0;23;23;23;23;23;23;23;23;23;23;128;128,0;128;128;128;128;128;128;128;128,0;128,0;128,0;1,000000000000000;1,000000000000000;1,000000000000000;1,000000000000000;1,000000000000000;1,000000000000000;1,000000000000000;1,000000000000000;1,000000000000000;1,000000000000000;1,000000000000000
2023-04-28;alle;24;24,0;24;24;24;24;24;24;24;24;24;24;154;154,0;154;154;154;154;154;154;154;154,0;154,0;154,0;NA;NA;NA;NA;NA;NA;NA;NA;NA;NA;NA
2023-04-27;0-60;7;7,0;7;7;7;7;7;7;7;7;7;7;33;33,0;33;33;33;33;33;33;33;33,0;33,0;33,0;1,000000000000000;1,000000000000000;1,000000000000000;1,000000000000000;1,000000000000000;1,000000000000000;1,000000000000000;1,000000000000000;1,000000000000000;1,000000000000000;1,000000000000000
2023-04-27;60+;16;16,0;16;16;16;16;16;16;16;16;16;16;132;132,0;132;132;132;132;132;132;132;132,0;132,0;132,0;1,000000000000000;1,000000000000000;1,000000000000000;1,000000000000000;1,000000000000000;1,000000000000000;1,000000000000000;1,000000000000000;1,000000000000000;1,000000000000000;1,000000000000000
2023-04-27;alle;23;23,0;23;23;23;23;23;23;23;23;23;23;165;165,0;165;165;165;165;165;165;165;165,0;165,0;165,0;NA;NA;NA;NA;NA;NA;NA;NA;NA;NA;NA
2023-04-26;0-60;1;1,0;1;1;1;1;1;1;1;1;1;1;28;28,0;28;28;28;28;28;28;28;28,0;28,0;28,0;1,000000000000000;1,000000000000000;1,000000000000000;1,000000000000000;1,000000000000000;1,000000000000000;1,000000000000000;1,000000000000000;1,000000000000000;1,000000000000000;1,000000000000000
2023-04-26;60+;24;24,0;24;24;24;24;24;24;24;24;24;24;142;142,0;142;142;142;142;142;142;142;142,0;142,0;142,0;1,000000000000000;1,000000000000000;1,000000000000000;1,000000000000000;1,000000000000000;1,000000000000000;1,000000000000000;1,000000000000000;1,000000000000000;1,000000000000000;1,000000000000000
2023-04-26;alle;25;25,0;25;25;25;25;25;25;25;25;25;25;170;170,0;170;170;170;170;170;170;170;170,0;170,0;170,0;NA;NA;NA;NA;NA;NA;NA;NA;NA;NA;NA
2023-04-25;0-60;12;12,0;12;12;12;12;12;12;12;12;12;12;34;34,0;34;34;34;34;34;34;34;34,0;34,0;34,0;1,000000000000000;1,000000000000000;1,000000000000000;1,000000000000000;1,000000000000000;1,000000000000000;1,000000000000000;1,000000000000000;1,000000000000000;1,000000000000000;1,000000000000000
2023-04-25;60+;35;35,0;35;35;35;35;35;35;35;35;35;35;157;157,0;157;157;157;157;157;157;157;157,0;157,0;157,0;1,000000000000000;1,000000000000000;1,000000000000000;1,000000000000000;1,000000000000000;1,000000000000000;1,000000000000000;1,000000000000000;1,000000000000000;1,000000000000000;1,000000000000000
2023-04-25;alle;47;47,0;47;47;47;47;47;47;47;47;47;47;191;191,0;191;191;191;191;191;191;191;191,0;191,0;191,0;NA;NA;NA;NA;NA;NA;NA;NA;NA;NA;NA
2023-04-24;0-60;1;1,0;1;1;1;1;1;1;1;1;1;1;44;44,0;44;44;44;44;44;44;44;44,0;44,0;44,0;1,000000000000000;1,000000000000000;1,000000000000000;1,000000000000000;1,000000000000000;1,000000000000000;1,000000000000000;1,000000000000000;1,000000000000000;1,000000000000000;1,000000000000000
2023-04-24;60+;6;6,0;6;6;6;6;6;6;6;6;6;6;167;167,0;167;167;167;167;167;167;167;167,0;167,0;167,0;1,000000000000000;1,000000000000000;1,000000000000000;1,000000000000000;1,000000000000000;1,000000000000000;1,000000000000000;1,000000000000000;1,000000000000000;1,000000000000000;1,000000000000000
2023-04-24;alle;7;7,0;7;7;7;7;7;7;7;7;7;7;211;211,0;211;211;211;211;211;211;211;211,0;211,0;211,0;NA;NA;NA;NA;NA;NA;NA;NA;NA;NA;NA
2023-04-23;0-60;0;0,0;0;0;0;0;0;0;0;0;0;0;46;46,0;46;46;46;46;46;46;46;46,0;46,0;46,0;1,000000000000000;1,000000000000000;1,000000000000000;1,000000000000000;1,000000000000000;1,000000000000000;1,000000000000000;1,000000000000000;1,000000000000000;1,000000000000000;1,000000000000000
2023-04-23;60+;5;5,0;5;5;5;5;5;5;5;5;5;5;163;163,0;163;163;163;163;163;163;163;163,0;163,0;163,0;1,000000000000000;1,000000000000000;1,000000000000000;1,000000000000000;1,000000000000000;1,000000000000000;1,000000000000000;1,000000000000000;1,000000000000000;1,000000000000000;1,000000000000000
2023-04-23;alle;5;5,0;5;5;5;5;5;5;5;5;5;5;209;209,0;209;209;209;209;209;209;209;209,0;209,0;209,0;NA;NA;NA;NA;NA;NA;NA;NA;NA;NA;NA
2023-04-22;0-60;4;4,0;4;4;4;4;4;4;4;4;4;4;48;48,0;48;48;48;48;48;48;48;48,0;48,0;48,0;1,000000000000000;1,000000000000000;1,000000000000000;1,000000000000000;1,000000000000000;1,000000000000000;1,000000000000000;1,000000000000000;1,000000000000000;1,000000000000000;1,000000000000000
2023-04-22;60+;19;19,0;19;19;19;19;19;19;19;19;19;19;164;164,0;164;164;164;164;164;164;164;164,0;164,0;164,0;1,000000000000000;1,000000000000000;1,000000000000000;1,000000000000000;1,000000000000000;1,000000000000000;1,000000000000000;1,000000000000000;1,000000000000000;1,000000000000000;1,000000000000000
2023-04-22;alle;23;23,0;23;23;23;23;23;23;23;23;23;23;212;212,0;212;212;212;212;212;212;212;212,0;212,0;212,0;NA;NA;NA;NA;NA;NA;NA;NA;NA;NA;NA
2023-04-21;0-60;8;8,0;8;8;8;8;8;8;8;8;8;8;48;48,0;48;48;48;48;48;48;48;48,0;48,0;48,0;1,000000000000000;1,000000000000000;1,000000000000000;1,000000000000000;1,000000000000000;1,000000000000000;1,000000000000000;1,000000000000000;1,000000000000000;1,000000000000000;1,000000000000000
2023-04-21;60+;27;27,0;27;27;27;27;27;27;27;27;27;27;171;171,0;171;171;171;171;171;171;171;171,0;171,0;171,0;1,000000000000000;1,000000000000000;1,000000000000000;1,000000000000000;1,000000000000000;1,000000000000000;1,000000000000000;1,000000000000000;1,000000000000000;1,000000000000000;1,000000000000000
2023-04-21;alle;35;35,0;35;35;35;35;35;35;35;35;35;35;219;219,0;219;219;219;219;219;219;219;219,0;219,0;219,0;NA;NA;NA;NA;NA;NA;NA;NA;NA;NA;NA
2023-04-20;0-60;2;2,0;2;2;2;2;2;2;2;2;2;2;46;46,0;46;46;46;46;46;46;46;46,0;46,0;46,0;1,000000000000000;1,000000000000000;1,000000000000000;1,000000000000000;1,000000000000000;1,000000000000000;1,000000000000000;1,000000000000000;1,000000000000000;1,000000000000000;1,000000000000000
2023-04-20;60+;26;26,0;26;26;26;26;26;26;26;26;26;26;174;174,0;174;174;174;174;174;174;174;174,0;174,0;174,0;1,000000000000000;1,000000000000000;1,000000000000000;1,000000000000000;1,000000000000000;1,000000000000000;1,000000000000000;1,000000000000000;1,000000000000000;1,000000000000000;1,000000000000000
2023-04-20;alle;28;28,0;28;28;28;28;28;28;28;28;28;28;220;220,0;220;220;220;220;220;220;220;220,0;220,0;220,0;NA;NA;NA;NA;NA;NA;NA;NA;NA;NA;NA
2023-04-19;0-60;7;7,0;7;7;7;7;7;7;7;7;7;7;49;49,0;49;49;49;49;49;49;49;49,0;49,0;49,0;1,000000000000000;1,000000000000000;1,000000000000000;1,000000000000000;1,000000000000000;1,000000000000000;1,000000000000000;1,000000000000000;1,000000000000000;1,000000000000000;1,000000000000000
2023-04-19;60+;39;39,0;39;39;39;39;39;39;39;39;39;39;167;167,0;167;167;167;167;167;167;167;167,0;167,0;167,0;1,000000000000000;1,000000000000000;1,000000000000000;1,000000000000000;1,000000000000000;1,000000000000000;1,000000000000000;1,000000000000000;1,000000000000000;1,000000000000000;1,000000000000000
2023-04-19;alle;46;46,0;46;46;46;46;46;46;46;46;46;46;216;216,0;216;216;216;216;216;216;216;216,0;216,0;216,0;NA;NA;NA;NA;NA;NA;NA;NA;NA;NA;NA
2023-04-18;0-60;22;22,0;22;22;22;22;22;22;22;22;22;22;57;57,0;57;57;57;57;57;57;57;57,0;57,0;57,0;1,000000000000000;1,000000000000000;1,000000000000000;1,000000000000000;1,000000000000000;1,000000000000000;1,000000000000000;1,000000000000000;1,000000000000000;1,000000000000000;1,000000000000000
2023-04-18;60+;45;45,0;45;45;45;45;45;45;45;45;45;45;205;205,0;205;205;205;205;205;205;205;205,0;205,0;205,0;1,000000000000000;1,000000000000000;1,000000000000000;1,000000000000000;1,000000000000000;1,000000000000000;1,000000000000000;1,000000000000000;1,000000000000000;1,000000000000000;1,000000000000000
2023-04-18;alle;67;67,0;67;67;67;67;67;67;67;67;67;67;262;262,0;262;262;262;262;262;262;262;262,0;262,0;262,0;NA;NA;NA;NA;NA;NA;NA;NA;NA;NA;NA
2023-04-17;0-60;3;3,0;3;3;3;3;3;3;3;3;3;3;36;36,0;36;36;36;36;36;36;36;36,0;36,0;36,0;1,000000000000000;1,000000000000000;1,000000000000000;1,000000000000000;1,000000000000000;1,000000000000000;1,000000000000000;1,000000000000000;1,000000000000000;1,000000000000000;1,000000000000000
2023-04-17;60+;2;2,0;2;2;2;2;2;2;2;2;2;2;171;171,0;171;171;171;171;171;171;171;171,0;171,0;171,0;1,000000000000000;1,000000000000000;1,000000000000000;1,000000000000000;1,000000000000000;1,000000000000000;1,000000000000000;1,000000000000000;1,000000000000000;1,000000000000000;1,000000000000000
2023-04-17;alle;5;5,0;5;5;5;5;5;5;5;5;5;5;207;207,0;207;207;207;207;207;207;207;207,0;207,0;207,0;NA;NA;NA;NA;NA;NA;NA;NA;NA;NA;NA
2023-04-16;0-60;2;2,0;2;2;2;2;2;2;2;2;2;2;33;33,0;33;33;33;33;33;33;33;33,0;33,0;33,0;1,000000000000000;1,000000000000000;1,000000000000000;1,000000000000000;1,000000000000000;1,000000000000000;1,000000000000000;1,000000000000000;1,000000000000000;1,000000000000000;1,000000000000000
2023-04-16;60+;6;6,0;6;6;6;6;6;6;6;6;6;6;174;174,0;174;174;174;174;174;174;174;174,0;174,0;174,0;1,000000000000000;1,000000000000000;1,000000000000000;1,000000000000000;1,000000000000000;1,000000000000000;1,000000000000000;1,000000000000000;1,000000000000000;1,000000000000000;1,000000000000000
2023-04-16;alle;8;8,0;8;8;8;8;8;8;8;8;8;8;207;207,0;207;207;207;207;207;207;207;207,0;207,0;207,0;NA;NA;NA;NA;NA;NA;NA;NA;NA;NA;NA
2023-04-15;0-60;4;4,0;4;4;4;4;4;4;4;4;4;4;31;31,0;31;31;31;31;31;31;31;31,0;31,0;31,0;1,000000000000000;1,000000000000000;1,000000000000000;1,000000000000000;1,000000000000000;1,000000000000000;1,000000000000000;1,000000000000000;1,000000000000000;1,000000000000000;1,000000000000000
2023-04-15;60+;26;26,0;26;26;26;26;26;26;26;26;26;26;175;175,0;175;175;175;175;175;175;175;175,0;175,0;175,0;1,000000000000000;1,000000000000000;1,000000000000000;1,000000000000000;1,000000000000000;1,000000000000000;1,000000000000000;1,000000000000000;1,000000000000000;1,000000000000000;1,000000000000000
2023-04-15;alle;30;30,0;30;30;30;30;30;30;30;30;30;30;206;206,0;206;206;206;206;206;206;206;206,0;206,0;206,0;NA;NA;NA;NA;NA;NA;NA;NA;NA;NA;NA
2023-04-14;0-60;6;6,0;6;6;6;6;6;6;6;6;6;6;27;27,0;27;27;27;27;27;27;27;27,0;27,0;27,0;1,000000000000000;1,000000000000000;1,000000000000000;1,000000000000000;1,000000000000000;1,000000000000000;1,000000000000000;1,000000000000000;1,000000000000000;1,000000000000000;1,000000000000000
2023-04-14;60+;30;30,0;30;30;30;30;30;30;30;30;30;30;152;152,0;152;152;152;152;152;152;152;152,0;152,0;152,0;1,000000000000000;1,000000000000000;1,000000000000000;1,000000000000000;1,000000000000000;1,000000000000000;1,000000000000000;1,000000000000000;1,000000000000000;1,000000000000000;1,000000000000000
2023-04-14;alle;36;36,0;36;36;36;36;36;36;36;36;36;36;179;179,0;179;179;179;179;179;179;179;179,0;179,0;179,0;NA;NA;NA;NA;NA;NA;NA;NA;NA;NA;NA
2023-04-13;0-60;5;5,0;5;5;5;5;5;5;5;5;5;5;25;25,0;25;25;25;25;25;25;25;25,0;25,0;25,0;1,000000000000000;1,000000000000000;1,000000000000000;1,000000000000000;1,000000000000000;1,000000000000000;1,000000000000000;1,000000000000000;1,000000000000000;1,000000000000000;1,000000000000000
2023-04-13;60+;19;19,0;19;19;19;19;19;19;19;19;19;19;152;152,0;152;152;152;152;152;152;152;152,0;152,0;152,0;1,000000000000000;1,000000000000000;1,000000000000000;1,000000000000000;1,000000000000000;1,000000000000000;1,000000000000000;1,000000000000000;1,000000000000000;1,000000000000000;1,000000000000000
2023-04-13;alle;24;24,0;24;24;24;24;24;24;24;24;24;24;177;177,0;177;177;177;177;177;177;177;177,0;177,0;177,0;NA;NA;NA;NA;NA;NA;NA;NA;NA;NA;NA
2023-04-12;0-60;15;15,0;15;15;15;15;15;15;15;15;15;15;29;29,0;29;29;29;29;29;29;29;29,0;29,0;29,0;1,000000000000000;1,000000000000000;1,000000000000000;1,000000000000000;1,000000000000000;1,000000000000000;1,000000000000000;1,000000000000000;1,000000000000000;1,000000000000000;1,000000000000000
2023-04-12;60+;77;77,0;77;77;77;77;77;77;77;77;77;77;159;159,0;159;159;159;159;159;159;159;159,0;159,0;159,0;1,000000000000000;1,000000000000000;1,000000000000000;1,000000000000000;1,000000000000000;1,000000000000000;1,000000000000000;1,000000000000000;1,000000000000000;1,000000000000000;1,000000000000000
2023-04-12;alle;92;92,0;92;92;92;92;92;92;92;92;92;92;188;188,0;188;188;188;188;188;188;188;188,0;188,0;188,0;NA;NA;NA;NA;NA;NA;NA;NA;NA;NA;NA
2023-04-11;0-60;1;1,0;1;1;1;1;1;1;1;1;1;1;21;21,0;21;21;21;21;21;21;21;21,0;21,0;21,0;1,000000000000000;1,000000000000000;1,000000000000000;1,000000000000000;1,000000000000000;1,000000000000000;1,000000000000000;1,000000000000000;1,000000000000000;1,000000000000000;1,000000000000000
2023-04-11;60+;11;11,0;11;11;11;11;11;11;11;11;11;11;114;114,0;114;114;114;114;114;114;114;114,0;114,0;114,0;1,000000000000000;1,000000000000000;1,000000000000000;1,000000000000000;1,000000000000000;1,000000000000000;1,000000000000000;1,000000000000000;1,000000000000000;1,000000000000000;1,000000000000000
2023-04-11;alle;12;12,0;12;12;12;12;12;12;12;12;12;12;135;135,0;135;135;135;135;135;135;135;135,0;135,0;135,0;NA;NA;NA;NA;NA;NA;NA;NA;NA;NA;NA
2023-04-10;0-60;0;0,0;0;0;0;0;0;0;0;0;0;0;30;30,0;30;30;30;30;30;30;30;30,0;30,0;30,0;1,000000000000000;1,000000000000000;1,000000000000000;1,000000000000000;1,000000000000000;1,000000000000000;1,000000000000000;1,000000000000000;1,000000000000000;1,000000000000000;1,000000000000000
2023-04-10;60+;5;5,0;5;5;5;5;5;5;5;5;5;5;142;142,0;142;142;142;142;142;142;142;142,0;142,0;142,0;1,000000000000000;1,000000000000000;1,000000000000000;1,000000000000000;1,000000000000000;1,000000000000000;1,000000000000000;1,000000000000000;1,000000000000000;1,000000000000000;1,000000000000000
2023-04-10;alle;5;5,0;5;5;5;5;5;5;5;5;5;5;172;172,0;172;172;172;172;172;172;172;172,0;172,0;172,0;NA;NA;NA;NA;NA;NA;NA;NA;NA;NA;NA
2023-04-09;0-60;0;0,0;0;0;0;0;0;0;0;0;0;0;30;30,0;30;30;30;30;30;30;30;30,0;30,0;30,0;1,000000000000000;1,000000000000000;1,000000000000000;1,000000000000000;1,000000000000000;1,000000000000000;1,000000000000000;1,000000000000000;1,000000000000000;1,000000000000000;1,000000000000000
2023-04-09;60+;7;7,0;7;7;7;7;7;7;7;7;7;7;147;147,0;147;147;147;147;147;147;147;147,0;147,0;147,0;1,000000000000000;1,000000000000000;1,000000000000000;1,000000000000000;1,000000000000000;1,000000000000000;1,000000000000000;1,000000000000000;1,000000000000000;1,000000000000000;1,000000000000000
2023-04-09;alle;7;7,0;7;7;7;7;7;7;7;7;7;7;177;177,0;177;177;177;177;177;177;177;177,0;177,0;177,0;NA;NA;NA;NA;NA;NA;NA;NA;NA;NA;NA
2023-04-08;0-60;0;0,0;0;0;0;0;0;0;0;0;0;0;31;31,0;31;31;31;31;31;31;31;31,0;31,0;31,0;1,000000000000000;1,000000000000000;1,000000000000000;1,000000000000000;1,000000000000000;1,000000000000000;1,000000000000000;1,000000000000000;1,000000000000000;1,000000000000000;1,000000000000000
2023-04-08;60+;3;3,0;3;3;3;3;3;3;3;3;3;3;145;145,0;145;145;145;145;145;145;145;145,0;145,0;145,0;1,000000000000000;1,000000000000000;1,000000000000000;1,000000000000000;1,000000000000000;1,000000000000000;1,000000000000000;1,000000000000000;1,000000000000000;1,000000000000000;1,000000000000000
2023-04-08;alle;3;3,0;3;3;3;3;3;3;3;3;3;3;176;176,0;176;176;176;176;176;176;176;176,0;176,0;176,0;NA;NA;NA;NA;NA;NA;NA;NA;NA;NA;NA
2023-04-07;0-60;4;4,0;4;4;4;4;4;4;4;4;4;4;36;36,0;36;36;36;36;36;36;36;36,0;36,0;36,0;1,000000000000000;1,000000000000000;1,000000000000000;1,000000000000000;1,000000000000000;1,000000000000000;1,000000000000000;1,000000000000000;1,000000000000000;1,000000000000000;1,000000000000000
2023-04-07;60+;30;30,0;30;30;30;30;30;30;30;30;30;30;170;170,0;170;170;170;170;170;170;170;170,0;170,0;170,0;1,000000000000000;1,000000000000000;1,000000000000000;1,000000000000000;1,000000000000000;1,000000000000000;1,000000000000000;1,000000000000000;1,000000000000000;1,000000000000000;1,000000000000000
2023-04-07;alle;34;34,0;34;34;34;34;34;34;34;34;34;34;206;206,0;206;206;206;206;206;206;206;206,0;206,0;206,0;NA;NA;NA;NA;NA;NA;NA;NA;NA;NA;NA
2023-04-06;0-60;9;9,0;9;9;9;9;9;9;9;9;9;9;39;39,0;39;39;39;39;39;39;39;39,0;39,0;39,0;1,000000000000000;1,000000000000000;1,000000000000000;1,000000000000000;1,000000000000000;1,000000000000000;1,000000000000000;1,000000000000000;1,000000000000000;1,000000000000000;1,000000000000000
2023-04-06;60+;26;26,0;26;26;26;26;26;26;26;26;26;26;177;177,0;177;177;177;177;177;177;177;177,0;177,0;177,0;1,000000000000000;1,000000000000000;1,000000000000000;1,000000000000000;1,000000000000000;1,000000000000000;1,000000000000000;1,000000000000000;1,000000000000000;1,000000000000000;1,000000000000000
2023-04-06;alle;35;35,0;35;35;35;35;35;35;35;35;35;35;216;216,0;216;216;216;216;216;216;216;216,0;216,0;216,0;NA;NA;NA;NA;NA;NA;NA;NA;NA;NA;NA
2023-04-05;0-60;7;7,0;7;7;7;7;7;7;7;7;7;7;31;31,0;31;31;31;31;31;31;31;31,0;31,0;31,0;1,000000000000000;1,000000000000000;1,000000000000000;1,000000000000000;1,000000000000000;1,000000000000000;1,000000000000000;1,000000000000000;1,000000000000000;1,000000000000000;1,000000000000000
2023-04-05;60+;32;32,0;32;32;32;32;32;32;32;32;32;32;181;181,0;181;181;181;181;181;181;181;181,0;181,0;181,0;1,000000000000000;1,000000000000000;1,000000000000000;1,000000000000000;1,000000000000000;1,000000000000000;1,000000000000000;1,000000000000000;1,000000000000000;1,000000000000000;1,000000000000000
2023-04-05;alle;39;39,0;39;39;39;39;39;39;39;39;39;39;212;212,0;212;212;212;212;212;212;212;212,0;212,0;212,0;NA;NA;NA;NA;NA;NA;NA;NA;NA;NA;NA
2023-04-04;0-60;10;10,0;10;10;10;10;10;10;10;10;10;10;31;31,0;31;31;31;31;31;31;31;31,0;31,0;31,0;1,000000000000000;1,000000000000000;1,000000000000000;1,000000000000000;1,000000000000000;1,000000000000000;1,000000000000000;1,000000000000000;1,000000000000000;1,000000000000000;1,000000000000000
2023-04-04;60+;39;39,0;39;39;39;39;39;39;39;39;39;39;191;191,0;191;191;191;191;191;191;191;191,0;191,0;191,0;1,000000000000000;1,000000000000000;1,000000000000000;1,000000000000000;1,000000000000000;1,000000000000000;1,000000000000000;1,000000000000000;1,000000000000000;1,000000000000000;1,000000000000000
2023-04-04;alle;49;49,0;49;49;49;49;49;49;49;49;49;49;222;222,0;222;222;222;222;222;222;222;222,0;222,0;222,0;NA;NA;NA;NA;NA;NA;NA;NA;NA;NA;NA
2023-04-03;0-60;0;0,0;0;0;0;0;0;0;0;0;0;0;36;36,0;36;36;36;36;36;36;36;36,0;36,0;36,0;1,000000000000000;1,000000000000000;1,000000000000000;1,000000000000000;1,000000000000000;1,000000000000000;1,000000000000000;1,000000000000000;1,000000000000000;1,000000000000000;1,000000000000000
2023-04-03;60+;10;10,0;10;10;10;10;10;10;10;10;10;10;221;221,0;221;221;221;221;221;221;221;221,0;221,0;221,0;1,000000000000000;1,000000000000000;1,000000000000000;1,000000000000000;1,000000000000000;1,000000000000000;1,000000000000000;1,000000000000000;1,000000000000000;1,000000000000000;1,000000000000000
2023-04-03;alle;10;10,0;10;10;10;10;10;10;10;10;10;10;257;257,0;257;257;257;257;257;257;257;257,0;257,0;257,0;NA;NA;NA;NA;NA;NA;NA;NA;NA;NA;NA
2023-04-02;0-60;1;1,0;1;1;1;1;1;1;1;1;1;1;39;39,0;39;39;39;39;39;39;39;39,0;39,0;39,0;1,000000000000000;1,000000000000000;1,000000000000000;1,000000000000000;1,000000000000000;1,000000000000000;1,000000000000000;1,000000000000000;1,000000000000000;1,000000000000000;1,000000000000000
2023-04-02;60+;5;5,0;5;5;5;5;5;5;5;5;5;5;217;217,0;217;217;217;217;217;217;217;217,0;217,0;217,0;1,000000000000000;1,000000000000000;1,000000000000000;1,000000000000000;1,000000000000000;1,000000000000000;1,000000000000000;1,000000000000000;1,000000000000000;1,000000000000000;1,000000000000000
2023-04-02;alle;6;6,0;6;6;6;6;6;6;6;6;6;6;256;256,0;256;256;256;256;256;256;256;256,0;256,0;256,0;NA;NA;NA;NA;NA;NA;NA;NA;NA;NA;NA
2023-04-01;0-60;5;5,0;5;5;5;5;5;5;5;5;5;5;41;41,0;41;41;41;41;41;41;41;41,0;41,0;41,0;1,000000000000000;1,000000000000000;1,000000000000000;1,000000000000000;1,000000000000000;1,000000000000000;1,000000000000000;1,000000000000000;1,000000000000000;1,000000000000000;1,000000000000000
2023-04-01;60+;28;28,0;28;28;28;28;28;28;28;28;28;28;218;218,0;218;218;218;218;218;218;218;218,0;218,0;218,0;1,000000000000000;1,000000000000000;1,000000000000000;1,000000000000000;1,000000000000000;1,000000000000000;1,000000000000000;1,000000000000000;1,000000000000000;1,000000000000000;1,000000000000000
2023-04-01;alle;33;33,0;33;33;33;33;33;33;33;33;33;33;259;259,0;259;259;259;259;259;259;259;259,0;259,0;259,0;NA;NA;NA;NA;NA;NA;NA;NA;NA;NA;NA
2023-03-31;0-60;7;7,0;7;7;7;7;7;7;7;7;7;7;38;38,0;38;38;38;38;38;38;38;38,0;38,0;38,0;1,000000000000000;1,000000000000000;1,000000000000000;1,000000000000000;1,000000000000000;1,000000000000000;1,000000000000000;1,000000000000000;1,000000000000000;1,000000000000000;1,000000000000000
2023-03-31;60+;37;37,0;37;37;37;37;37;37;37;37;37;37;221;221,0;221;221;221;221;221;221;221;221,0;221,0;221,0;1,000000000000000;1,000000000000000;1,000000000000000;1,000000000000000;1,000000000000000;1,000000000000000;1,000000000000000;1,000000000000000;1,000000000000000;1,000000000000000;1,000000000000000
2023-03-31;alle;44;44,0;44;44;44;44;44;44;44;44;44;44;259;259,0;259;259;259;259;259;259;259;259,0;259,0;259,0;NA;NA;NA;NA;NA;NA;NA;NA;NA;NA;NA
2023-03-30;0-60;1;1,0;1;1;1;1;1;1;1;1;1;1;39;39,0;39;39;39;39;39;39;39;39,0;39,0;39,0;1,000000000000000;1,000000000000000;1,000000000000000;1,000000000000000;1,000000000000000;1,000000000000000;1,000000000000000;1,000000000000000;1,000000000000000;1,000000000000000;1,000000000000000
2023-03-30;60+;30;30,0;30;30;30;30;30;30;30;30;30;30;222;222,0;222;222;222;222;222;222;222;222,0;222,0;222,0;1,000000000000000;1,000000000000000;1,000000000000000;1,000000000000000;1,000000000000000;1,000000000000000;1,000000000000000;1,000000000000000;1,000000000000000;1,000000000000000;1,000000000000000
2023-03-30;alle;31;31,0;31;31;31;31;31;31;31;31;31;31;261;261,0;261;261;261;261;261;261;261;261,0;261,0;261,0;NA;NA;NA;NA;NA;NA;NA;NA;NA;NA;NA
2023-03-29;0-60;7;7,0;7;7;7;7;7;7;7;7;7;7;47;47,0;47;47;47;47;47;47;47;47,0;47,0;47,0;1,000000000000000;1,000000000000000;1,000000000000000;1,000000000000000;1,000000000000000;1,000000000000000;1,000000000000000;1,000000000000000;1,000000000000000;1,000000000000000;1,000000000000000
2023-03-29;60+;42;42,0;42;42;42;42;42;42;42;42;42;42;224;224,0;224;224;224;224;224;224;224;224,0;224,0;224,0;1,000000000000000;1,000000000000000;1,000000000000000;1,000000000000000;1,000000000000000;1,000000000000000;1,000000000000000;1,000000000000000;1,000000000000000;1,000000000000000;1,000000000000000
2023-03-29;alle;49;49,0;49;49;49;49;49;49;49;49;49;49;271;271,0;271;271;271;271;271;271;271;271,0;271,0;271,0;NA;NA;NA;NA;NA;NA;NA;NA;NA;NA;NA
2023-03-28;0-60;15;15,0;15;15;15;15;15;15;15;15;15;15;50;50,0;50;50;50;50;50;50;50;50,0;50,0;50,0;1,000000000000000;1,000000000000000;1,000000000000000;1,000000000000000;1,000000000000000;1,000000000000000;1,000000000000000;1,000000000000000;1,000000000000000;1,000000000000000;1,000000000000000
2023-03-28;60+;69;69,0;69;69;69;69;69;69;69;69;69;69;226;226,0;226;226;226;226;226;226;226;226,0;226,0;226,0;1,000000000000000;1,000000000000000;1,000000000000000;1,000000000000000;1,000000000000000;1,000000000000000;1,000000000000000;1,000000000000000;1,000000000000000;1,000000000000000;1,000000000000000
2023-03-28;alle;84;84,0;84;84;84;84;84;84;84;84;84;84;276;276,0;276;276;276;276;276;276;276;276,0;276,0;276,0;NA;NA;NA;NA;NA;NA;NA;NA;NA;NA;NA
2023-03-27;0-60;3;3,0;3;3;3;3;3;3;3;3;3;3;43;43,0;43;43;43;43;43;43;43;43,0;43,0;43,0;1,000000000000000;1,000000000000000;1,000000000000000;1,000000000000000;1,000000000000000;1,000000000000000;1,000000000000000;1,000000000000000;1,000000000000000;1,000000000000000;1,000000000000000
2023-03-27;60+;6;6,0;6;6;6;6;6;6;6;6;6;6;206;206,0;206;206;206;206;206;206;206;206,0;206,0;206,0;1,000000000000000;1,000000000000000;1,000000000000000;1,000000000000000;1,000000000000000;1,000000000000000;1,000000000000000;1,000000000000000;1,000000000000000;1,000000000000000;1,000000000000000
2023-03-27;alle;9;9,0;9;9;9;9;9;9;9;9;9;9;249;249,0;249;249;249;249;249;249;249;249,0;249,0;249,0;NA;NA;NA;NA;NA;NA;NA;NA;NA;NA;NA
2023-03-26;0-60;3;3,0;3;3;3;3;3;3;3;3;3;3;41;41,0;41;41;41;41;41;41;41;41,0;41,0;41,0;1,000000000000000;1,000000000000000;1,000000000000000;1,000000000000000;1,000000000000000;1,000000000000000;1,000000000000000;1,000000000000000;1,000000000000000;1,000000000000000;1,000000000000000
2023-03-26;60+;6;6,0;6;6;6;6;6;6;6;6;6;6;213;213,0;213;213;213;213;213;213;213;213,0;213,0;213,0;1,000000000000000;1,000000000000000;1,000000000000000;1,000000000000000;1,000000000000000;1,000000000000000;1,000000000000000;1,000000000000000;1,000000000000000;1,000000000000000;1,000000000000000
2023-03-26;alle;9;9,0;9;9;9;9;9;9;9;9;9;9;254;254,0;254;254;254;254;254;254;254;254,0;254,0;254,0;NA;NA;NA;NA;NA;NA;NA;NA;NA;NA;NA
2023-03-25;0-60;2;2,0;2;2;2;2;2;2;2;2;2;2;39;39,0;39;39;39;39;39;39;39;39,0;39,0;39,0;1,000000000000000;1,000000000000000;1,000000000000000;1,000000000000000;1,000000000000000;1,000000000000000;1,000000000000000;1,000000000000000;1,000000000000000;1,000000000000000;1,000000000000000
2023-03-25;60+;31;31,0;31;31;31;31;31;31;31;31;31;31;218;218,0;218;218;218;218;218;218;218;218,0;218,0;218,0;1,000000000000000;1,000000000000000;1,000000000000000;1,000000000000000;1,000000000000000;1,000000000000000;1,000000000000000;1,000000000000000;1,000000000000000;1,000000000000000;1,000000000000000
2023-03-25;alle;33;33,0;33;33;33;33;33;33;33;33;33;33;257;257,0;257;257;257;257;257;257;257;257,0;257,0;257,0;NA;NA;NA;NA;NA;NA;NA;NA;NA;NA;NA
2023-03-24;0-60;8;8,0;8;8;8;8;8;8;8;8;8;8;43;43,0;43;43;43;43;43;43;43;43,0;43,0;43,0;1,000000000000000;1,000000000000000;1,000000000000000;1,000000000000000;1,000000000000000;1,000000000000000;1,000000000000000;1,000000000000000;1,000000000000000;1,000000000000000;1,000000000000000
2023-03-24;60+;38;38,0;38;38;38;38;38;38;38;38;38;38;212;212,0;212;212;212;212;212;212;212;212,0;212,0;212,0;1,000000000000000;1,000000000000000;1,000000000000000;1,000000000000000;1,000000000000000;1,000000000000000;1,000000000000000;1,000000000000000;1,000000000000000;1,000000000000000;1,000000000000000
2023-03-24;alle;46;46,0;46;46;46;46;46;46;46;46;46;46;255;255,0;255;255;255;255;255;255;255;255,0;255,0;255,0;NA;NA;NA;NA;NA;NA;NA;NA;NA;NA;NA
2023-03-23;0-60;9;9,0;9;9;9;9;9;9;9;9;9;9;45;45,0;45;45;45;45;45;45;45;45,0;45,0;45,0;1,000000000000000;1,000000000000000;1,000000000000000;1,000000000000000;1,000000000000000;1,000000000000000;1,000000000000000;1,000000000000000;1,000000000000000;1,000000000000000;1,000000000000000
2023-03-23;60+;32;32,0;32;32;32;32;32;32;32;32;32;32;220;220,0;220;220;220;220;220;220;220;220,0;220,0;220,0;1,000000000000000;1,000000000000000;1,000000000000000;1,000000000000000;1,000000000000000;1,000000000000000;1,000000000000000;1,000000000000000;1,000000000000000;1,000000000000000;1,000000000000000
2023-03-23;alle;41;41,0;41;41;41;41;41;41;41;41;41;41;265;265,0;265;265;265;265;265;265;265;265,0;265,0;265,0;NA;NA;NA;NA;NA;NA;NA;NA;NA;NA;NA
2023-03-22;0-60;10;10,0;10;10;10;10;10;10;10;10;10;10;46;46,0;46;46;46;46;46;46;46;46,0;46,0;46,0;1,000000000000000;1,000000000000000;1,000000000000000;1,000000000000000;1,000000000000000;1,000000000000000;1,000000000000000;1,000000000000000;1,000000000000000;1,000000000000000;1,000000000000000
2023-03-22;60+;44;44,0;44;44;44;44;44;44;44;44;44;44;240;240,0;240;240;240;240;240;240;240;240,0;240,0;240,0;1,000000000000000;1,000000000000000;1,000000000000000;1,000000000000000;1,000000000000000;1,000000000000000;1,000000000000000;1,000000000000000;1,000000000000000;1,000000000000000;1,000000000000000
2023-03-22;alle;54;54,0;54;54;54;54;54;54;54;54;54;54;286;286,0;286;286;286;286;286;286;286;286,0;286,0;286,0;NA;NA;NA;NA;NA;NA;NA;NA;NA;NA;NA
2023-03-21;0-60;8;8,0;8;8;8;8;8;8;8;8;8;8;45;45,0;45;45;45;45;45;45;45;45,0;45,0;45,0;1,000000000000000;1,000000000000000;1,000000000000000;1,000000000000000;1,000000000000000;1,000000000000000;1,000000000000000;1,000000000000000;1,000000000000000;1,000000000000000;1,000000000000000
2023-03-21;60+;49;49,0;49;49;49;49;49;49;49;49;49;49;258;258,0;258;258;258;258;258;258;258;258,0;258,0;258,0;1,000000000000000;1,000000000000000;1,000000000000000;1,000000000000000;1,000000000000000;1,000000000000000;1,000000000000000;1,000000000000000;1,000000000000000;1,000000000000000;1,000000000000000
2023-03-21;alle;57;57,0;57;57;57;57;57;57;57;57;57;57;303;303,0;303;303;303;303;303;303;303;303,0;303,0;303,0;NA;NA;NA;NA;NA;NA;NA;NA;NA;NA;NA
2023-03-20;0-60;1;1,0;1;1;1;1;1;1;1;1;1;1;50;50,0;50;50;50;50;50;50;50;50,0;50,0;50,0;1,000000000000000;1,000000000000000;1,000000000000000;1,000000000000000;1,000000000000000;1,000000000000000;1,000000000000000;1,000000000000000;1,000000000000000;1,000000000000000;1,000000000000000
2023-03-20;60+;13;13,0;13;13;13;13;13;13;13;13;13;13;267;267,0;267;267;267;267;267;267;267;267,0;267,0;267,0;1,000000000000000;1,000000000000000;1,000000000000000;1,000000000000000;1,000000000000000;1,000000000000000;1,000000000000000;1,000000000000000;1,000000000000000;1,000000000000000;1,000000000000000
2023-03-20;alle;14;14,0;14;14;14;14;14;14;14;14;14;14;317;317,0;317;317;317;317;317;317;317;317,0;317,0;317,0;NA;NA;NA;NA;NA;NA;NA;NA;NA;NA;NA
2023-03-19;0-60;1;1,0;1;1;1;1;1;1;1;1;1;1;50;50,0;50;50;50;50;50;50;50;50,0;50,0;50,0;1,000000000000000;1,000000000000000;1,000000000000000;1,000000000000000;1,000000000000000;1,000000000000000;1,000000000000000;1,000000000000000;1,000000000000000;1,000000000000000;1,000000000000000
2023-03-19;60+;11;11,0;11;11;11;11;11;11;11;11;11;11;260;260,0;260;260;260;260;260;260;260;260,0;260,0;260,0;1,000000000000000;1,000000000000000;1,000000000000000;1,000000000000000;1,000000000000000;1,000000000000000;1,000000000000000;1,000000000000000;1,000000000000000;1,000000000000000;1,000000000000000
2023-03-19;alle;12;12,0;12;12;12;12;12;12;12;12;12;12;310;310,0;310;310;310;310;310;310;310;310,0;310,0;310,0;NA;NA;NA;NA;NA;NA;NA;NA;NA;NA;NA
2023-03-18;0-60;6;6,0;6;6;6;6;6;6;6;6;6;6;52;52,0;52;52;52;52;52;52;52;52,0;52,0;52,0;1,000000000000000;1,000000000000000;1,000000000000000;1,000000000000000;1,000000000000000;1,000000000000000;1,000000000000000;1,000000000000000;1,000000000000000;1,000000000000000;1,000000000000000
2023-03-18;60+;25;25,0;25;25;25;25;25;25;25;25;25;25;255;255,0;255;255;255;255;255;255;255;255,0;255,0;255,0;1,000000000000000;1,000000000000000;1,000000000000000;1,000000000000000;1,000000000000000;1,000000000000000;1,000000000000000;1,000000000000000;1,000000000000000;1,000000000000000;1,000000000000000
2023-03-18;alle;31;31,0;31;31;31;31;31;31;31;31;31;31;307;307,0;307;307;307;307;307;307;307;307,0;307,0;307,0;NA;NA;NA;NA;NA;NA;NA;NA;NA;NA;NA
2023-03-17;0-60;10;10,0;10;10;10;10;10;10;10;10;10;10;52;52,0;52;52;52;52;52;52;52;52,0;52,0;52,0;1,000000000000000;1,000000000000000;1,000000000000000;1,000000000000000;1,000000000000000;1,000000000000000;1,000000000000000;1,000000000000000;1,000000000000000;1,000000000000000;1,000000000000000
2023-03-17;60+;46;46,0;46;46;46;46;46;46;46;46;46;46;255;255,0;255;255;255;255;255;255;255;255,0;255,0;255,0;1,000000000000000;1,000000000000000;1,000000000000000;1,000000000000000;1,000000000000000;1,000000000000000;1,000000000000000;1,000000000000000;1,000000000000000;1,000000000000000;1,000000000000000
2023-03-17;alle;56;56,0;56;56;56;56;56;56;56;56;56;56;307;307,0;307;307;307;307;307;307;307;307,0;307,0;307,0;NA;NA;NA;NA;NA;NA;NA;NA;NA;NA;NA
2023-03-16;0-60;10;10,0;10;10;10;10;10;10;10;10;10;10;46;46,0;46;46;46;46;46;46;46;46,0;46,0;46,0;1,000000000000000;1,000000000000000;1,000000000000000;1,000000000000000;1,000000000000000;1,000000000000000;1,000000000000000;1,000000000000000;1,000000000000000;1,000000000000000;1,000000000000000
2023-03-16;60+;52;52,0;52;52;52;52;52;52;52;52;52;52;242;242,0;242;242;242;242;242;242;242;242,0;242,0;242,0;1,000000000000000;1,000000000000000;1,000000000000000;1,000000000000000;1,000000000000000;1,000000000000000;1,000000000000000;1,000000000000000;1,000000000000000;1,000000000000000;1,000000000000000
2023-03-16;alle;62;62,0;62;62;62;62;62;62;62;62;62;62;288;288,0;288;288;288;288;288;288;288;288,0;288,0;288,0;NA;NA;NA;NA;NA;NA;NA;NA;NA;NA;NA
2023-03-15;0-60;9;9,0;9;9;9;9;9;9;9;9;9;9;41;41,0;41;41;41;41;41;41;41;41,0;41,0;41,0;1,000000000000000;1,000000000000000;1,000000000000000;1,000000000000000;1,000000000000000;1,000000000000000;1,000000000000000;1,000000000000000;1,000000000000000;1,000000000000000;1,000000000000000
2023-03-15;60+;62;62,0;62;62;62;62;62;62;62;62;62;62;218;218,0;218;218;218;218;218;218;218;218,0;218,0;218,0;1,000000000000000;1,000000000000000;1,000000000000000;1,000000000000000;1,000000000000000;1,000000000000000;1,000000000000000;1,000000000000000;1,000000000000000;1,000000000000000;1,000000000000000
2023-03-15;alle;71;71,0;71;71;71;71;71;71;71;71;71;71;259;259,0;259;259;259;259;259;259;259;259,0;259,0;259,0;NA;NA;NA;NA;NA;NA;NA;NA;NA;NA;NA
2023-03-14;0-60;13;13,0;13;13;13;13;13;13;13;13;13;13;38;38,0;38;38;38;38;38;38;38;38,0;38,0;38,0;1,000000000000000;1,000000000000000;1,000000000000000;1,000000000000000;1,000000000000000;1,000000000000000;1,000000000000000;1,000000000000000;1,000000000000000;1,000000000000000;1,000000000000000
2023-03-14;60+;58;58,0;58;58;58;58;58;58;58;58;58;58;194;194,0;194;194;194;194;194;194;194;194,0;194,0;194,0;1,000000000000000;1,000000000000000;1,000000000000000;1,000000000000000;1,000000000000000;1,000000000000000;1,000000000000000;1,000000000000000;1,000000000000000;1,000000000000000;1,000000000000000
2023-03-14;alle;71;71,0;71;71;71;71;71;71;71;71;71;71;232;232,0;232;232;232;232;232;232;232;232,0;232,0;232,0;NA;NA;NA;NA;NA;NA;NA;NA;NA;NA;NA
2023-03-13;0-60;1;1,0;1;1;1;1;1;1;1;1;1;1;34;34,0;34;34;34;34;34;34;34;34,0;34,0;34,0;1,000000000000000;1,000000000000000;1,000000000000000;1,000000000000000;1,000000000000000;1,000000000000000;1,000000000000000;1,000000000000000;1,000000000000000;1,000000000000000;1,000000000000000
2023-03-13;60+;6;6,0;6;6;6;6;6;6;6;6;6;6;182;182,0;182;182;182;182;182;182;182;182,0;182,0;182,0;1,000000000000000;1,000000000000000;1,000000000000000;1,000000000000000;1,000000000000000;1,000000000000000;1,000000000000000;1,000000000000000;1,000000000000000;1,000000000000000;1,000000000000000
2023-03-13;alle;7;7,0;7;7;7;7;7;7;7;7;7;7;216;216,0;216;216;216;216;216;216;216;216,0;216,0;216,0;NA;NA;NA;NA;NA;NA;NA;NA;NA;NA;NA
2023-03-12;0-60;3;3,0;3;3;3;3;3;3;3;3;3;3;34;34,0;34;34;34;34;34;34;34;34,0;34,0;34,0;1,000000000000000;1,000000000000000;1,000000000000000;1,000000000000000;1,000000000000000;1,000000000000000;1,000000000000000;1,000000000000000;1,000000000000000;1,000000000000000;1,000000000000000
2023-03-12;60+;6;6,0;6;6;6;6;6;6;6;6;6;6;187;187,0;187;187;187;187;187;187;187;187,0;187,0;187,0;1,000000000000000;1,000000000000000;1,000000000000000;1,000000000000000;1,000000000000000;1,000000000000000;1,000000000000000;1,000000000000000;1,000000000000000;1,000000000000000;1,000000000000000
2023-03-12;alle;9;9,0;9;9;9;9;9;9;9;9;9;9;221;221,0;221;221;221;221;221;221;221;221,0;221,0;221,0;NA;NA;NA;NA;NA;NA;NA;NA;NA;NA;NA
2023-03-11;0-60;6;6,0;6;6;6;6;6;6;6;6;6;6;33;33,0;33;33;33;33;33;33;33;33,0;33,0;33,0;1,000000000000000;1,000000000000000;1,000000000000000;1,000000000000000;1,000000000000000;1,000000000000000;1,000000000000000;1,000000000000000;1,000000000000000;1,000000000000000;1,000000000000000
2023-03-11;60+;25;25,0;25;25;25;25;25;25;25;25;25;25;182;182,0;182;182;182;182;182;182;182;182,0;182,0;182,0;1,000000000000000;1,000000000000000;1,000000000000000;1,000000000000000;1,000000000000000;1,000000000000000;1,000000000000000;1,000000000000000;1,000000000000000;1,000000000000000;1,000000000000000
2023-03-11;alle;31;31,0;31;31;31;31;31;31;31;31;31;31;215;215,0;215;215;215;215;215;215;215;215,0;215,0;215,0;NA;NA;NA;NA;NA;NA;NA;NA;NA;NA;NA
2023-03-10;0-60;4;4,0;4;4;4;4;4;4;4;4;4;4;31;31,0;31;31;31;31;31;31;31;31,0;31,0;31,0;1,000000000000000;1,000000000000000;1,000000000000000;1,000000000000000;1,000000000000000;1,000000000000000;1,000000000000000;1,000000000000000;1,000000000000000;1,000000000000000;1,000000000000000
2023-03-10;60+;33;33,0;33;33;33;33;33;33;33;33;33;33;182;182,0;182;182;182;182;182;182;182;182,0;182,0;182,0;1,000000000000000;1,000000000000000;1,000000000000000;1,000000000000000;1,000000000000000;1,000000000000000;1,000000000000000;1,000000000000000;1,000000000000000;1,000000000000000;1,000000000000000
2023-03-10;alle;37;37,0;37;37;37;37;37;37;37;37;37;37;213;213,0;213;213;213;213;213;213;213;213,0;213,0;213,0;NA;NA;NA;NA;NA;NA;NA;NA;NA;NA;NA
2023-03-09;0-60;5;5,0;5;5;5;5;5;5;5;5;5;5;29;29,0;29;29;29;29;29;29;29;29,0;29,0;29,0;1,000000000000000;1,000000000000000;1,000000000000000;1,000000000000000;1,000000000000000;1,000000000000000;1,000000000000000;1,000000000000000;1,000000000000000;1,000000000000000;1,000000000000000
2023-03-09;60+;28;28,0;28;28;28;28;28;28;28;28;28;28;174;174,0;174;174;174;174;174;174;174;174,0;174,0;174,0;1,000000000000000;1,000000000000000;1,000000000000000;1,000000000000000;1,000000000000000;1,000000000000000;1,000000000000000;1,000000000000000;1,000000000000000;1,000000000000000;1,000000000000000
2023-03-09;alle;33;33,0;33;33;33;33;33;33;33;33;33;33;203;203,0;203;203;203;203;203;203;203;203,0;203,0;203,0;NA;NA;NA;NA;NA;NA;NA;NA;NA;NA;NA
2023-03-08;0-60;6;6,0;6;6;6;6;6;6;6;6;6;6;30;30,0;30;30;30;30;30;30;30;30,0;30,0;30,0;1,000000000000000;1,000000000000000;1,000000000000000;1,000000000000000;1,000000000000000;1,000000000000000;1,000000000000000;1,000000000000000;1,000000000000000;1,000000000000000;1,000000000000000
2023-03-08;60+;38;38,0;38;38;38;38;38;38;38;38;38;38;169;169,0;169;169;169;169;169;169;169;169,0;169,0;169,0;1,000000000000000;1,000000000000000;1,000000000000000;1,000000000000000;1,000000000000000;1,000000000000000;1,000000000000000;1,000000000000000;1,000000000000000;1,000000000000000;1,000000000000000
2023-03-08;alle;44;44,0;44;44;44;44;44;44;44;44;44;44;199;199,0;199;199;199;199;199;199;199;199,0;199,0;199,0;NA;NA;NA;NA;NA;NA;NA;NA;NA;NA;NA
2023-03-07;0-60;9;9,0;9;9;9;9;9;9;9;9;9;9;36;36,0;36;36;36;36;36;36;36;36,0;36,0;36,0;1,000000000000000;1,000000000000000;1,000000000000000;1,000000000000000;1,000000000000000;1,000000000000000;1,000000000000000;1,000000000000000;1,000000000000000;1,000000000000000;1,000000000000000
2023-03-07;60+;46;46,0;46;46;46;46;46;46;46;46;46;46;170;170,0;170;170;170;170;170;170;170;170,0;170,0;170,0;1,000000000000000;1,000000000000000;1,000000000000000;1,000000000000000;1,000000000000000;1,000000000000000;1,000000000000000;1,000000000000000;1,000000000000000;1,000000000000000;1,000000000000000
2023-03-07;alle;55;55,0;55;55;55;55;55;55;55;55;55;55;206;206,0;206;206;206;206;206;206;206;206,0;206,0;206,0;NA;NA;NA;NA;NA;NA;NA;NA;NA;NA;NA
2023-03-06;0-60;1;1,0;1;1;1;1;1;1;1;1;1;1;36;36,0;36;36;36;36;36;36;36;36,0;36,0;36,0;1,000000000000000;1,000000000000000;1,000000000000000;1,000000000000000;1,000000000000000;1,000000000000000;1,000000000000000;1,000000000000000;1,000000000000000;1,000000000000000;1,000000000000000
2023-03-06;60+;11;11,0;11;11;11;11;11;11;11;11;11;11;176;176,0;176;176;176;176;176;176;176;176,0;176,0;176,0;1,000000000000000;1,000000000000000;1,000000000000000;1,000000000000000;1,000000000000000;1,000000000000000;1,000000000000000;1,000000000000000;1,000000000000000;1,000000000000000;1,000000000000000
2023-03-06;alle;12;12,0;12;12;12;12;12;12;12;12;12;12;212;212,0;212;212;212;212;212;212;212;212,0;212,0;212,0;NA;NA;NA;NA;NA;NA;NA;NA;NA;NA;NA
2023-03-05;0-60;2;2,0;2;2;2;2;2;2;2;2;2;2;35;35,0;35;35;35;35;35;35;35;35,0;35,0;35,0;1,000000000000000;1,000000000000000;1,000000000000000;1,000000000000000;1,000000000000000;1,000000000000000;1,000000000000000;1,000000000000000;1,000000000000000;1,000000000000000;1,000000000000000
2023-03-05;60+;1;1,0;1;1;1;1;1;1;1;1;1;1;170;170,0;170;170;170;170;170;170;170;170,0;170,0;170,0;1,000000000000000;1,000000000000000;1,000000000000000;1,000000000000000;1,000000000000000;1,000000000000000;1,000000000000000;1,000000000000000;1,000000000000000;1,000000000000000;1,000000000000000
2023-03-05;alle;3;3,0;3;3;3;3;3;3;3;3;3;3;205;205,0;205;205;205;205;205;205;205;205,0;205,0;205,0;NA;NA;NA;NA;NA;NA;NA;NA;NA;NA;NA
2023-03-04;0-60;4;4,0;4;4;4;4;4;4;4;4;4;4;33;33,0;33;33;33;33;33;33;33;33,0;33,0;33,0;1,000000000000000;1,000000000000000;1,000000000000000;1,000000000000000;1,000000000000000;1,000000000000000;1,000000000000000;1,000000000000000;1,000000000000000;1,000000000000000;1,000000000000000
2023-03-04;60+;25;25,0;25;25;25;25;25;25;25;25;25;25;172;172,0;172;172;172;172;172;172;172;172,0;172,0;172,0;1,000000000000000;1,000000000000000;1,000000000000000;1,000000000000000;1,000000000000000;1,000000000000000;1,000000000000000;1,000000000000000;1,000000000000000;1,000000000000000;1,000000000000000
2023-03-04;alle;29;29,0;29;29;29;29;29;29;29;29;29;29;205;205,0;205;205;205;205;205;205;205;205,0;205,0;205,0;NA;NA;NA;NA;NA;NA;NA;NA;NA;NA;NA
2023-03-03;0-60;2;2,0;2;2;2;2;2;2;2;2;2;2;39;39,0;39;39;39;39;39;39;39;39,0;39,0;39,0;1,000000000000000;1,000000000000000;1,000000000000000;1,000000000000000;1,000000000000000;1,000000000000000;1,000000000000000;1,000000000000000;1,000000000000000;1,000000000000000;1,000000000000000
2023-03-03;60+;25;25,0;25;25;25;25;25;25;25;25;25;25;182;182,0;182;182;182;182;182;182;182;182,0;182,0;182,0;1,000000000000000;1,000000000000000;1,000000000000000;1,000000000000000;1,000000000000000;1,000000000000000;1,000000000000000;1,000000000000000;1,000000000000000;1,000000000000000;1,000000000000000
2023-03-03;alle;27;27,0;27;27;27;27;27;27;27;27;27;27;221;221,0;221;221;221;221;221;221;221;221,0;221,0;221,0;NA;NA;NA;NA;NA;NA;NA;NA;NA;NA;NA
2023-03-02;0-60;6;6,0;6;6;6;6;6;6;6;6;6;6;41;41,0;41;41;41;41;41;41;41;41,0;41,0;41,0;1,000000000000000;1,000000000000000;1,000000000000000;1,000000000000000;1,000000000000000;1,000000000000000;1,000000000000000;1,000000000000000;1,000000000000000;1,000000000000000;1,000000000000000
2023-03-02;60+;23;23,0;23;23;23;23;23;23;23;23;23;23;187;187,0;187;187;187;187;187;187;187;187,0;187,0;187,0;1,000000000000000;1,000000000000000;1,000000000000000;1,000000000000000;1,000000000000000;1,000000000000000;1,000000000000000;1,000000000000000;1,000000000000000;1,000000000000000;1,000000000000000
2023-03-02;alle;29;29,0;29;29;29;29;29;29;29;29;29;29;228;228,0;228;228;228;228;228;228;228;228,0;228,0;228,0;NA;NA;NA;NA;NA;NA;NA;NA;NA;NA;NA
2023-03-01;0-60;12;12,0;12;12;12;12;12;12;12;12;12;12;42;42,0;42;42;42;42;42;42;42;42,0;42,0;42,0;1,000000000000000;1,000000000000000;1,000000000000000;1,000000000000000;1,000000000000000;1,000000000000000;1,000000000000000;1,000000000000000;1,000000000000000;1,000000000000000;1,000000000000000
2023-03-01;60+;39;39,0;39;39;39;39;39;39;39;39;39;39;189;189,0;189;189;189;189;189;189;189;189,0;189,0;189,0;1,000000000000000;1,000000000000000;1,000000000000000;1,000000000000000;1,000000000000000;1,000000000000000;1,000000000000000;1,000000000000000;1,000000000000000;1,000000000000000;1,000000000000000
2023-03-01;alle;51;51,0;51;51;51;51;51;51;51;51;51;51;231;231,0;231;231;231;231;231;231;231;231,0;231,0;231,0;NA;NA;NA;NA;NA;NA;NA;NA;NA;NA;NA
2023-02-28;0-60;9;9,0;9;9;9;9;9;9;9;9;9;9;40;40,0;40;40;40;40;40;40;40;40,0;40,0;40,0;1,000000000000000;1,000000000000000;1,000000000000000;1,000000000000000;1,000000000000000;1,000000000000000;1,000000000000000;1,000000000000000;1,000000000000000;1,000000000000000;1,000000000000000
2023-02-28;60+;52;52,0;52;52;52;52;52;52;52;52;52;52;183;183,0;183;183;183;183;183;183;183;183,0;183,0;183,0;1,000000000000000;1,000000000000000;1,000000000000000;1,000000000000000;1,000000000000000;1,000000000000000;1,000000000000000;1,000000000000000;1,000000000000000;1,000000000000000;1,000000000000000
2023-02-28;alle;61;61,0;61;61;61;61;61;61;61;61;61;61;223;223,0;223;223;223;223;223;223;223;223,0;223,0;223,0;NA;NA;NA;NA;NA;NA;NA;NA;NA;NA;NA
2023-02-27;0-60;0;0,0;0;0;0;0;0;0;0;0;0;0;42;42,0;42;42;42;42;42;42;42;42,0;42,0;42,0;1,000000000000000;1,000000000000000;1,000000000000000;1,000000000000000;1,000000000000000;1,000000000000000;1,000000000000000;1,000000000000000;1,000000000000000;1,000000000000000;1,000000000000000
2023-02-27;60+;5;5,0;5;5;5;5;5;5;5;5;5;5;166;166,0;166;166;166;166;166;166;166;166,0;166,0;166,0;1,000000000000000;1,000000000000000;1,000000000000000;1,000000000000000;1,000000000000000;1,000000000000000;1,000000000000000;1,000000000000000;1,000000000000000;1,000000000000000;1,000000000000000
2023-02-27;alle;5;5,0;5;5;5;5;5;5;5;5;5;5;208;208,0;208;208;208;208;208;208;208;208,0;208,0;208,0;NA;NA;NA;NA;NA;NA;NA;NA;NA;NA;NA
2023-02-26;0-60;0;0,0;0;0;0;0;0;0;0;0;0;0;43;43,0;43;43;43;43;43;43;43;43,0;43,0;43,0;1,000000000000000;1,000000000000000;1,000000000000000;1,000000000000000;1,000000000000000;1,000000000000000;1,000000000000000;1,000000000000000;1,000000000000000;1,000000000000000;1,000000000000000
2023-02-26;60+;3;3,0;3;3;3;3;3;3;3;3;3;3;172;172,0;172;172;172;172;172;172;172;172,0;172,0;172,0;1,000000000000000;1,000000000000000;1,000000000000000;1,000000000000000;1,000000000000000;1,000000000000000;1,000000000000000;1,000000000000000;1,000000000000000;1,000000000000000;1,000000000000000
2023-02-26;alle;3;3,0;3;3;3;3;3;3;3;3;3;3;215;215,0;215;215;215;215;215;215;215;215,0;215,0;215,0;NA;NA;NA;NA;NA;NA;NA;NA;NA;NA;NA
2023-02-25;0-60;10;10,0;10;10;10;10;10;10;10;10;10;10;43;43,0;43;43;43;43;43;43;43;43,0;43,0;43,0;1,000000000000000;1,000000000000000;1,000000000000000;1,000000000000000;1,000000000000000;1,000000000000000;1,000000000000000;1,000000000000000;1,000000000000000;1,000000000000000;1,000000000000000
2023-02-25;60+;35;35,0;35;35;35;35;35;35;35;35;35;35;176;176,0;176;176;176;176;176;176;176;176,0;176,0;176,0;1,000000000000000;1,000000000000000;1,000000000000000;1,000000000000000;1,000000000000000;1,000000000000000;1,000000000000000;1,000000000000000;1,000000000000000;1,000000000000000;1,000000000000000
2023-02-25;alle;45;45,0;45;45;45;45;45;45;45;45;45;45;219;219,0;219;219;219;219;219;219;219;219,0;219,0;219,0;NA;NA;NA;NA;NA;NA;NA;NA;NA;NA;NA
2023-02-24;0-60;4;4,0;4;4;4;4;4;4;4;4;4;4;36;36,0;36;36;36;36;36;36;36;36,0;36,0;36,0;1,000000000000000;1,000000000000000;1,000000000000000;1,000000000000000;1,000000000000000;1,000000000000000;1,000000000000000;1,000000000000000;1,000000000000000;1,000000000000000;1,000000000000000
2023-02-24;60+;30;30,0;30;30;30;30;30;30;30;30;30;30;167;167,0;167;167;167;167;167;167;167;167,0;167,0;167,0;1,000000000000000;1,000000000000000;1,000000000000000;1,000000000000000;1,000000000000000;1,000000000000000;1,000000000000000;1,000000000000000;1,000000000000000;1,000000000000000;1,000000000000000
2023-02-24;alle;34;34,0;34;34;34;34;34;34;34;34;34;34;203;203,0;203;203;203;203;203;203;203;203,0;203,0;203,0;NA;NA;NA;NA;NA;NA;NA;NA;NA;NA;NA
2023-02-23;0-60;7;7,0;7;7;7;7;7;7;7;7;7;7;43;43,0;43;43;43;43;43;43;43;43,0;43,0;43,0;1,000000000000000;1,000000000000000;1,000000000000000;1,000000000000000;1,000000000000000;1,000000000000000;1,000000000000000;1,000000000000000;1,000000000000000;1,000000000000000;1,000000000000000
2023-02-23;60+;25;25,0;25;25;25;25;25;25;25;25;25;25;165;165,0;165;165;165;165;165;165;165;165,0;165,0;165,0;1,000000000000000;1,000000000000000;1,000000000000000;1,000000000000000;1,000000000000000;1,000000000000000;1,000000000000000;1,000000000000000;1,000000000000000;1,000000000000000;1,000000000000000
2023-02-23;alle;32;32,0;32;32;32;32;32;32;32;32;32;32;208;208,0;208;208;208;208;208;208;208;208,0;208,0;208,0;NA;NA;NA;NA;NA;NA;NA;NA;NA;NA;NA
2023-02-22;0-60;10;10,0;10;10;10;10;10;10;10;10;10;10;43;43,0;43;43;43;43;43;43;43;43,0;43,0;43,0;1,000000000000000;1,000000000000000;1,000000000000000;1,000000000000000;1,000000000000000;1,000000000000000;1,000000000000000;1,000000000000000;1,000000000000000;1,000000000000000;1,000000000000000
2023-02-22;60+;33;33,0;33;33;33;33;33;33;33;33;33;33;155;155,0;155;155;155;155;155;155;155;155,0;155,0;155,0;1,000000000000000;1,000000000000000;1,000000000000000;1,000000000000000;1,000000000000000;1,000000000000000;1,000000000000000;1,000000000000000;1,000000000000000;1,000000000000000;1,000000000000000
2023-02-22;alle;43;43,0;43;43;43;43;43;43;43;43;43;43;198;198,0;198;198;198;198;198;198;198;198,0;198,0;198,0;NA;NA;NA;NA;NA;NA;NA;NA;NA;NA;NA
2023-02-21;0-60;11;11,0;11;11;11;11;11;11;11;11;11;11;42;42,0;42;42;42;42;42;42;42;42,0;42,0;42,0;1,000000000000000;1,000000000000000;1,000000000000000;1,000000000000000;1,000000000000000;1,000000000000000;1,000000000000000;1,000000000000000;1,000000000000000;1,000000000000000;1,000000000000000
2023-02-21;60+;35;35,0;35;35;35;35;35;35;35;35;35;35;159;159,0;159;159;159;159;159;159;159;159,0;159,0;159,0;1,000000000000000;1,000000000000000;1,000000000000000;1,000000000000000;1,000000000000000;1,000000000000000;1,000000000000000;1,000000000000000;1,000000000000000;1,000000000000000;1,000000000000000
2023-02-21;alle;46;46,0;46;46;46;46;46;46;46;46;46;46;201;201,0;201;201;201;201;201;201;201;201,0;201,0;201,0;NA;NA;NA;NA;NA;NA;NA;NA;NA;NA;NA
2023-02-20;0-60;1;1,0;1;1;1;1;1;1;1;1;1;1;46;46,0;46;46;46;46;46;46;46;46,0;46,0;46,0;1,000000000000000;1,000000000000000;1,000000000000000;1,000000000000000;1,000000000000000;1,000000000000000;1,000000000000000;1,000000000000000;1,000000000000000;1,000000000000000;1,000000000000000
2023-02-20;60+;11;11,0;11;11;11;11;11;11;11;11;11;11;176;176,0;176;176;176;176;176;176;176;176,0;176,0;176,0;1,000000000000000;1,000000000000000;1,000000000000000;1,000000000000000;1,000000000000000;1,000000000000000;1,000000000000000;1,000000000000000;1,000000000000000;1,000000000000000;1,000000000000000
2023-02-20;alle;12;12,0;12;12;12;12;12;12;12;12;12;12;222;222,0;222;222;222;222;222;222;222;222,0;222,0;222,0;NA;NA;NA;NA;NA;NA;NA;NA;NA;NA;NA
2023-02-19;0-60;0;0,0;0;0;0;0;0;0;0;0;0;0;45;45,0;45;45;45;45;45;45;45;45,0;45,0;45,0;1,000000000000000;1,000000000000000;1,000000000000000;1,000000000000000;1,000000000000000;1,000000000000000;1,000000000000000;1,000000000000000;1,000000000000000;1,000000000000000;1,000000000000000
2023-02-19;60+;7;7,0;7;7;7;7;7;7;7;7;7;7;170;170,0;170;170;170;170;170;170;170;170,0;170,0;170,0;1,000000000000000;1,000000000000000;1,000000000000000;1,000000000000000;1,000000000000000;1,000000000000000;1,000000000000000;1,000000000000000;1,000000000000000;1,000000000000000;1,000000000000000
2023-02-19;alle;7;7,0;7;7;7;7;7;7;7;7;7;7;215;215,0;215;215;215;215;215;215;215;215,0;215,0;215,0;NA;NA;NA;NA;NA;NA;NA;NA;NA;NA;NA
2023-02-18;0-60;3;3,0;3;3;3;3;3;3;3;3;3;3;45;45,0;45;45;45;45;45;45;45;45,0;45,0;45,0;1,000000000000000;1,000000000000000;1,000000000000000;1,000000000000000;1,000000000000000;1,000000000000000;1,000000000000000;1,000000000000000;1,000000000000000;1,000000000000000;1,000000000000000
2023-02-18;60+;26;26,0;26;26;26;26;26;26;26;26;26;26;168;168,0;168;168;168;168;168;168;168;168,0;168,0;168,0;1,000000000000000;1,000000000000000;1,000000000000000;1,000000000000000;1,000000000000000;1,000000000000000;1,000000000000000;1,000000000000000;1,000000000000000;1,000000000000000;1,000000000000000
2023-02-18;alle;29;29,0;29;29;29;29;29;29;29;29;29;29;213;213,0;213;213;213;213;213;213;213;213,0;213,0;213,0;NA;NA;NA;NA;NA;NA;NA;NA;NA;NA;NA
2023-02-17;0-60;11;11,0;11;11;11;11;11;11;11;11;11;11;46;46,0;46;46;46;46;46;46;46;46,0;46,0;46,0;1,000000000000000;1,000000000000000;1,000000000000000;1,000000000000000;1,000000000000000;1,000000000000000;1,000000000000000;1,000000000000000;1,000000000000000;1,000000000000000;1,000000000000000
2023-02-17;60+;28;28,0;28;28;28;28;28;28;28;28;28;28;156;156,0;156;156;156;156;156;156;156;156,0;156,0;156,0;1,000000000000000;1,000000000000000;1,000000000000000;1,000000000000000;1,000000000000000;1,000000000000000;1,000000000000000;1,000000000000000;1,000000000000000;1,000000000000000;1,000000000000000
2023-02-17;alle;39;39,0;39;39;39;39;39;39;39;39;39;39;202;202,0;202;202;202;202;202;202;202;202,0;202,0;202,0;NA;NA;NA;NA;NA;NA;NA;NA;NA;NA;NA
2023-02-16;0-60;7;7,0;7;7;7;7;7;7;7;7;7;7;38;38,0;38;38;38;38;38;38;38;38,0;38,0;38,0;1,000000000000000;1,000000000000000;1,000000000000000;1,000000000000000;1,000000000000000;1,000000000000000;1,000000000000000;1,000000000000000;1,000000000000000;1,000000000000000;1,000000000000000
2023-02-16;60+;15;15,0;15;15;15;15;15;15;15;15;15;15;144;144,0;144;144;144;144;144;144;144;144,0;144,0;144,0;1,000000000000000;1,000000000000000;1,000000000000000;1,000000000000000;1,000000000000000;1,000000000000000;1,000000000000000;1,000000000000000;1,000000000000000;1,000000000000000;1,000000000000000
2023-02-16;alle;22;22,0;22;22;22;22;22;22;22;22;22;22;182;182,0;182;182;182;182;182;182;182;182,0;182,0;182,0;NA;NA;NA;NA;NA;NA;NA;NA;NA;NA;NA
2023-02-15;0-60;9;9,0;9;9;9;9;9;9;9;9;9;9;41;41,0;41;41;41;41;41;41;41;41,0;41,0;41,0;1,000000000000000;1,000000000000000;1,000000000000000;1,000000000000000;1,000000000000000;1,000000000000000;1,000000000000000;1,000000000000000;1,000000000000000;1,000000000000000;1,000000000000000
2023-02-15;60+;37;37,0;37;37;37;37;37;37;37;37;37;37;153;153,0;153;153;153;153;153;153;153;153,0;153,0;153,0;1,000000000000000;1,000000000000000;1,000000000000000;1,000000000000000;1,000000000000000;1,000000000000000;1,000000000000000;1,000000000000000;1,000000000000000;1,000000000000000;1,000000000000000
2023-02-15;alle;46;46,0;46;46;46;46;46;46;46;46;46;46;194;194,0;194;194;194;194;194;194;194;194,0;194,0;194,0;NA;NA;NA;NA;NA;NA;NA;NA;NA;NA;NA
2023-02-14;0-60;15;15,0;15;15;15;15;15;15;15;15;15;15;36;36,0;36;36;36;36;36;36;36;36,0;36,0;36,0;1,000000000000000;1,000000000000000;1,000000000000000;1,000000000000000;1,000000000000000;1,000000000000000;1,000000000000000;1,000000000000000;1,000000000000000;1,000000000000000;1,000000000000000
2023-02-14;60+;52;52,0;52;52;52;52;52;52;52;52;52;52;128;128,0;128;128;128;128;128;128;128;128,0;128,0;128,0;1,000000000000000;1,000000000000000;1,000000000000000;1,000000000000000;1,000000000000000;1,000000000000000;1,000000000000000;1,000000000000000;1,000000000000000;1,000000000000000;1,000000000000000
2023-02-14;alle;67;67,0;67;67;67;67;67;67;67;67;67;67;164;164,0;164;164;164;164;164;164;164;164,0;164,0;164,0;NA;NA;NA;NA;NA;NA;NA;NA;NA;NA;NA
2023-02-13;0-60;0;0,0;0;0;0;0;0;0;0;0;0;0;32;32,0;32;32;32;32;32;32;32;32,0;32,0;32,0;1,000000000000000;1,000000000000000;1,000000000000000;1,000000000000000;1,000000000000000;1,000000000000000;1,000000000000000;1,000000000000000;1,000000000000000;1,000000000000000;1,000000000000000
2023-02-13;60+;5;5,0;5;5;5;5;5;5;5;5;5;5;111;111,0;111;111;111;111;111;111;111;111,0;111,0;111,0;1,000000000000000;1,000000000000000;1,000000000000000;1,000000000000000;1,000000000000000;1,000000000000000;1,000000000000000;1,000000000000000;1,000000000000000;1,000000000000000;1,000000000000000
2023-02-13;alle;5;5,0;5;5;5;5;5;5;5;5;5;5;143;143,0;143;143;143;143;143;143;143;143,0;143,0;143,0;NA;NA;NA;NA;NA;NA;NA;NA;NA;NA;NA
2023-02-12;0-60;0;0,0;0;0;0;0;0;0;0;0;0;0;33;33,0;33;33;33;33;33;33;33;33,0;33,0;33,0;1,000000000000000;1,000000000000000;1,000000000000000;1,000000000000000;1,000000000000000;1,000000000000000;1,000000000000000;1,000000000000000;1,000000000000000;1,000000000000000;1,000000000000000
2023-02-12;60+;5;5,0;5;5;5;5;5;5;5;5;5;5;109;109,0;109;109;109;109;109;109;109;109,0;109,0;109,0;1,000000000000000;1,000000000000000;1,000000000000000;1,000000000000000;1,000000000000000;1,000000000000000;1,000000000000000;1,000000000000000;1,000000000000000;1,000000000000000;1,000000000000000
2023-02-12;alle;5;5,0;5;5;5;5;5;5;5;5;5;5;142;142,0;142;142;142;142;142;142;142;142,0;142,0;142,0;NA;NA;NA;NA;NA;NA;NA;NA;NA;NA;NA
2023-02-11;0-60;4;4,0;4;4;4;4;4;4;4;4;4;4;34;34,0;34;34;34;34;34;34;34;34,0;34,0;34,0;1,000000000000000;1,000000000000000;1,000000000000000;1,000000000000000;1,000000000000000;1,000000000000000;1,000000000000000;1,000000000000000;1,000000000000000;1,000000000000000;1,000000000000000
2023-02-11;60+;14;14,0;14;14;14;14;14;14;14;14;14;14;106;106,0;106;106;106;106;106;106;106;106,0;106,0;106,0;1,000000000000000;1,000000000000000;1,000000000000000;1,000000000000000;1,000000000000000;1,000000000000000;1,000000000000000;1,000000000000000;1,000000000000000;1,000000000000000;1,000000000000000
2023-02-11;alle;18;18,0;18;18;18;18;18;18;18;18;18;18;140;140,0;140;140;140;140;140;140;140;140,0;140,0;140,0;NA;NA;NA;NA;NA;NA;NA;NA;NA;NA;NA
2023-02-10;0-60;3;3,0;3;3;3;3;3;3;3;3;3;3;36;36,0;36;36;36;36;36;36;36;36,0;36,0;36,0;1,000000000000000;1,000000000000000;1,000000000000000;1,000000000000000;1,000000000000000;1,000000000000000;1,000000000000000;1,000000000000000;1,000000000000000;1,000000000000000;1,000000000000000
2023-02-10;60+;16;16,0;16;16;16;16;16;16;16;16;16;16;104;104,0;104;104;104;104;104;104;104;104,0;104,0;104,0;1,000000000000000;1,000000000000000;1,000000000000000;1,000000000000000;1,000000000000000;1,000000000000000;1,000000000000000;1,000000000000000;1,000000000000000;1,000000000000000;1,000000000000000
2023-02-10;alle;19;19,0;19;19;19;19;19;19;19;19;19;19;140;140,0;140;140;140;140;140;140;140;140,0;140,0;140,0;NA;NA;NA;NA;NA;NA;NA;NA;NA;NA;NA
2023-02-09;0-60;10;10,0;10;10;10;10;10;10;10;10;10;10;35;35,0;35;35;35;35;35;35;35;35,0;35,0;35,0;1,000000000000000;1,000000000000000;1,000000000000000;1,000000000000000;1,000000000000000;1,000000000000000;1,000000000000000;1,000000000000000;1,000000000000000;1,000000000000000;1,000000000000000
2023-02-09;60+;24;24,0;24;24;24;24;24;24;24;24;24;24;107;107,0;107;107;107;107;107;107;107;107,0;107,0;107,0;1,000000000000000;1,000000000000000;1,000000000000000;1,000000000000000;1,000000000000000;1,000000000000000;1,000000000000000;1,000000000000000;1,000000000000000;1,000000000000000;1,000000000000000
2023-02-09;alle;34;34,0;34;34;34;34;34;34;34;34;34;34;142;142,0;142;142;142;142;142;142;142;142,0;142,0;142,0;NA;NA;NA;NA;NA;NA;NA;NA;NA;NA;NA
2023-02-08;0-60;4;4,0;4;4;4;4;4;4;4;4;4;4;31;31,0;31;31;31;31;31;31;31;31,0;31,0;31,0;1,000000000000000;1,000000000000000;1,000000000000000;1,000000000000000;1,000000000000000;1,000000000000000;1,000000000000000;1,000000000000000;1,000000000000000;1,000000000000000;1,000000000000000
2023-02-08;60+;12;12,0;12;12;12;12;12;12;12;12;12;12;106;106,0;106;106;106;106;106;106;106;106,0;106,0;106,0;1,000000000000000;1,000000000000000;1,000000000000000;1,000000000000000;1,000000000000000;1,000000000000000;1,000000000000000;1,000000000000000;1,000000000000000;1,000000000000000;1,000000000000000
2023-02-08;alle;16;16,0;16;16;16;16;16;16;16;16;16;16;137;137,0;137;137;137;137;137;137;137;137,0;137,0;137,0;NA;NA;NA;NA;NA;NA;NA;NA;NA;NA;NA
2023-02-07;0-60;11;11,0;11;11;11;11;11;11;11;11;11;11;30;30,0;30;30;30;30;30;30;30;30,0;30,0;30,0;1,000000000000000;1,000000000000000;1,000000000000000;1,000000000000000;1,000000000000000;1,000000000000000;1,000000000000000;1,000000000000000;1,000000000000000;1,000000000000000;1,000000000000000
2023-02-07;60+;35;35,0;35;35;35;35;35;35;35;35;35;35;103;103,0;103;103;103;103;103;103;103;103,0;103,0;103,0;1,000000000000000;1,000000000000000;1,000000000000000;1,000000000000000;1,000000000000000;1,000000000000000;1,000000000000000;1,000000000000000;1,000000000000000;1,000000000000000;1,000000000000000
2023-02-07;alle;46;46,0;46;46;46;46;46;46;46;46;46;46;133;133,0;133;133;133;133;133;133;133;133,0;133,0;133,0;NA;NA;NA;NA;NA;NA;NA;NA;NA;NA;NA
2023-02-06;0-60;1;1,0;1;1;1;1;1;1;1;1;1;1;26;26,0;26;26;26;26;26;26;26;26,0;26,0;26,0;1,000000000000000;1,000000000000000;1,000000000000000;1,000000000000000;1,000000000000000;1,000000000000000;1,000000000000000;1,000000000000000;1,000000000000000;1,000000000000000;1,000000000000000
2023-02-06;60+;3;3,0;3;3;3;3;3;3;3;3;3;3;96;96,0;96;96;96;96;96;96;96;96,0;96,0;96,0;1,000000000000000;1,000000000000000;1,000000000000000;1,000000000000000;1,000000000000000;1,000000000000000;1,000000000000000;1,000000000000000;1,000000000000000;1,000000000000000;1,000000000000000
2023-02-06;alle;4;4,0;4;4;4;4;4;4;4;4;4;4;122;122,0;122;122;122;122;122;122;122;122,0;122,0;122,0;NA;NA;NA;NA;NA;NA;NA;NA;NA;NA;NA
2023-02-05;0-60;1;1,0;1;1;1;1;1;1;1;1;1;1;26;26,0;26;26;26;26;26;26;26;26,0;26,0;26,0;1,000000000000000;1,000000000000000;1,000000000000000;1,000000000000000;1,000000000000000;1,000000000000000;1,000000000000000;1,000000000000000;1,000000000000000;1,000000000000000;1,000000000000000
2023-02-05;60+;2;2,0;2;2;2;2;2;2;2;2;2;2;95;95,0;95;95;95;95;95;95;95;95,0;95,0;95,0;1,000000000000000;1,000000000000000;1,000000000000000;1,000000000000000;1,000000000000000;1,000000000000000;1,000000000000000;1,000000000000000;1,000000000000000;1,000000000000000;1,000000000000000
2023-02-05;alle;3;3,0;3;3;3;3;3;3;3;3;3;3;121;121,0;121;121;121;121;121;121;121;121,0;121,0;121,0;NA;NA;NA;NA;NA;NA;NA;NA;NA;NA;NA
2023-02-04;0-60;6;6,0;6;6;6;6;6;6;6;6;6;6;27;27,0;27;27;27;27;27;27;27;27,0;27,0;27,0;1,000000000000000;1,000000000000000;1,000000000000000;1,000000000000000;1,000000000000000;1,000000000000000;1,000000000000000;1,000000000000000;1,000000000000000;1,000000000000000;1,000000000000000
2023-02-04;60+;12;12,0;12;12;12;12;12;12;12;12;12;12;96;96,0;96;96;96;96;96;96;96;96,0;96,0;96,0;1,000000000000000;1,000000000000000;1,000000000000000;1,000000000000000;1,000000000000000;1,000000000000000;1,000000000000000;1,000000000000000;1,000000000000000;1,000000000000000;1,000000000000000
2023-02-04;alle;18;18,0;18;18;18;18;18;18;18;18;18;18;123;123,0;123;123;123;123;123;123;123;123,0;123,0;123,0;NA;NA;NA;NA;NA;NA;NA;NA;NA;NA;NA
2023-02-03;0-60;2;2,0;2;2;2;2;2;2;2;2;2;2;23;23,0;23;23;23;23;23;23;23;23,0;23,0;23,0;1,000000000000000;1,000000000000000;1,000000000000000;1,000000000000000;1,000000000000000;1,000000000000000;1,000000000000000;1,000000000000000;1,000000000000000;1,000000000000000;1,000000000000000
2023-02-03;60+;19;19,0;19;19;19;19;19;19;19;19;19;19;96;96,0;96;96;96;96;96;96;96;96,0;96,0;96,0;1,000000000000000;1,000000000000000;1,000000000000000;1,000000000000000;1,000000000000000;1,000000000000000;1,000000000000000;1,000000000000000;1,000000000000000;1,000000000000000;1,000000000000000
2023-02-03;alle;21;21,0;21;21;21;21;21;21;21;21;21;21;119;119,0;119;119;119;119;119;119;119;119,0;119,0;119,0;NA;NA;NA;NA;NA;NA;NA;NA;NA;NA;NA
2023-02-02;0-60;6;6,0;6;6;6;6;6;6;6;6;6;6;22;22,0;22;22;22;22;22;22;22;22,0;22,0;22,0;1,000000000000000;1,000000000000000;1,000000000000000;1,000000000000000;1,000000000000000;1,000000000000000;1,000000000000000;1,000000000000000;1,000000000000000;1,000000000000000;1,000000000000000
2023-02-02;60+;23;23,0;23;23;23;23;23;23;23;23;23;23;94;94,0;94;94;94;94;94;94;94;94,0;94,0;94,0;1,000000000000000;1,000000000000000;1,000000000000000;1,000000000000000;1,000000000000000;1,000000000000000;1,000000000000000;1,000000000000000;1,000000000000000;1,000000000000000;1,000000000000000
2023-02-02;alle;29;29,0;29;29;29;29;29;29;29;29;29;29;116;116,0;116;116;116;116;116;116;116;116,0;116,0;116,0;NA;NA;NA;NA;NA;NA;NA;NA;NA;NA;NA
2023-02-01;0-60;3;3,0;3;3;3;3;3;3;3;3;3;3;22;22,0;22;22;22;22;22;22;22;22,0;22,0;22,0;1,000000000000000;1,000000000000000;1,000000000000000;1,000000000000000;1,000000000000000;1,000000000000000;1,000000000000000;1,000000000000000;1,000000000000000;1,000000000000000;1,000000000000000
2023-02-01;60+;9;9,0;9;9;9;9;9;9;9;9;9;9;89;89,0;89;89;89;89;89;89;89;89,0;89,0;89,0;1,000000000000000;1,000000000000000;1,000000000000000;1,000000000000000;1,000000000000000;1,000000000000000;1,000000000000000;1,000000000000000;1,000000000000000;1,000000000000000;1,000000000000000
2023-02-01;alle;12;12,0;12;12;12;12;12;12;12;12;12;12;111;111,0;111;111;111;111;111;111;111;111,0;111,0;111,0;NA;NA;NA;NA;NA;NA;NA;NA;NA;NA;NA
2023-01-31;0-60;7;7,0;7;7;7;7;7;7;7;7;7;7;25;25,0;25;25;25;25;25;25;25;25,0;25,0;25,0;1,000000000000000;1,000000000000000;1,000000000000000;1,000000000000000;1,000000000000000;1,000000000000000;1,000000000000000;1,000000000000000;1,000000000000000;1,000000000000000;1,000000000000000
2023-01-31;60+;28;28,0;28;28;28;28;28;28;28;28;28;28;101;101,0;101;101;101;101;101;101;101;101,0;101,0;101,0;1,000000000000000;1,000000000000000;1,000000000000000;1,000000000000000;1,000000000000000;1,000000000000000;1,000000000000000;1,000000000000000;1,000000000000000;1,000000000000000;1,000000000000000
2023-01-31;alle;35;35,0;35;35;35;35;35;35;35;35;35;35;126;126,0;126;126;126;126;126;126;126;126,0;126,0;126,0;NA;NA;NA;NA;NA;NA;NA;NA;NA;NA;NA
2023-01-30;0-60;1;1,0;1;1;1;1;1;1;1;1;1;1;24;24,0;24;24;24;24;24;24;24;24,0;24,0;24,0;1,000000000000000;1,000000000000000;1,000000000000000;1,000000000000000;1,000000000000000;1,000000000000000;1,000000000000000;1,000000000000000;1,000000000000000;1,000000000000000;1,000000000000000
2023-01-30;60+;2;2,0;2;2;2;2;2;2;2;2;2;2;101;101,0;101;101;101;101;101;101;101;101,0;101,0;101,0;1,000000000000000;1,000000000000000;1,000000000000000;1,000000000000000;1,000000000000000;1,000000000000000;1,000000000000000;1,000000000000000;1,000000000000000;1,000000000000000;1,000000000000000
2023-01-30;alle;3;3,0;3;3;3;3;3;3;3;3;3;3;125;125,0;125;125;125;125;125;125;125;125,0;125,0;125,0;NA;NA;NA;NA;NA;NA;NA;NA;NA;NA;NA
2023-01-29;0-60;2;2,0;2;2;2;2;2;2;2;2;2;2;23;23,0;23;23;23;23;23;23;23;23,0;23,0;23,0;1,000000000000000;1,000000000000000;1,000000000000000;1,000000000000000;1,000000000000000;1,000000000000000;1,000000000000000;1,000000000000000;1,000000000000000;1,000000000000000;1,000000000000000
2023-01-29;60+;3;3,0;3;3;3;3;3;3;3;3;3;3;105;105,0;105;105;105;105;105;105;105;105,0;105,0;105,0;1,000000000000000;1,000000000000000;1,000000000000000;1,000000000000000;1,000000000000000;1,000000000000000;1,000000000000000;1,000000000000000;1,000000000000000;1,000000000000000;1,000000000000000
2023-01-29;alle;5;5,0;5;5;5;5;5;5;5;5;5;5;128;128,0;128;128;128;128;128;128;128;128,0;128,0;128,0;NA;NA;NA;NA;NA;NA;NA;NA;NA;NA;NA
2023-01-28;0-60;2;2,0;2;2;2;2;2;2;2;2;2;2;21;21,0;21;21;21;21;21;21;21;21,0;21,0;21,0;1,000000000000000;1,000000000000000;1,000000000000000;1,000000000000000;1,000000000000000;1,000000000000000;1,000000000000000;1,000000000000000;1,000000000000000;1,000000000000000;1,000000000000000
2023-01-28;60+;12;12,0;12;12;12;12;12;12;12;12;12;12;105;105,0;105;105;105;105;105;105;105;105,0;105,0;105,0;1,000000000000000;1,000000000000000;1,000000000000000;1,000000000000000;1,000000000000000;1,000000000000000;1,000000000000000;1,000000000000000;1,000000000000000;1,000000000000000;1,000000000000000
2023-01-28;alle;14;14,0;14;14;14;14;14;14;14;14;14;14;126;126,0;126;126;126;126;126;126;126;126,0;126,0;126,0;NA;NA;NA;NA;NA;NA;NA;NA;NA;NA;NA
2023-01-27;0-60;1;1,0;1;1;1;1;1;1;1;1;1;1;23;23,0;23;23;23;23;23;23;23;23,0;23,0;23,0;1,000000000000000;1,000000000000000;1,000000000000000;1,000000000000000;1,000000000000000;1,000000000000000;1,000000000000000;1,000000000000000;1,000000000000000;1,000000000000000;1,000000000000000
2023-01-27;60+;17;17,0;17;17;17;17;17;17;17;17;17;17;109;109,0;109;109;109;109;109;109;109;109,0;109,0;109,0;1,000000000000000;1,000000000000000;1,000000000000000;1,000000000000000;1,000000000000000;1,000000000000000;1,000000000000000;1,000000000000000;1,000000000000000;1,000000000000000;1,000000000000000
2023-01-27;alle;18;18,0;18;18;18;18;18;18;18;18;18;18;132;132,0;132;132;132;132;132;132;132;132,0;132,0;132,0;NA;NA;NA;NA;NA;NA;NA;NA;NA;NA;NA
2023-01-26;0-60;6;6,0;6;6;6;6;6;6;6;6;6;6;27;27,0;27;27;27;27;27;27;27;27,0;27,0;27,0;1,000000000000000;1,000000000000000;1,000000000000000;1,000000000000000;1,000000000000000;1,000000000000000;1,000000000000000;1,000000000000000;1,000000000000000;1,000000000000000;1,000000000000000
2023-01-26;60+;18;18,0;18;18;18;18;18;18;18;18;18;18;114;114,0;114;114;114;114;114;114;114;114,0;114,0;114,0;1,000000000000000;1,000000000000000;1,000000000000000;1,000000000000000;1,000000000000000;1,000000000000000;1,000000000000000;1,000000000000000;1,000000000000000;1,000000000000000;1,000000000000000
2023-01-26;alle;24;24,0;24;24;24;24;24;24;24;24;24;24;141;141,0;141;141;141;141;141;141;141;141,0;141,0;141,0;NA;NA;NA;NA;NA;NA;NA;NA;NA;NA;NA
2023-01-25;0-60;6;6,0;6;6;6;6;6;6;6;6;6;6;29;29,0;29;29;29;29;29;29;29;29,0;29,0;29,0;1,000000000000000;1,000000000000000;1,000000000000000;1,000000000000000;1,000000000000000;1,000000000000000;1,000000000000000;1,000000000000000;1,000000000000000;1,000000000000000;1,000000000000000
2023-01-25;60+;21;21,0;21;21;21;21;21;21;21;21;21;21;131;131,0;131;131;131;131;131;131;131;131,0;131,0;131,0;1,000000000000000;1,000000000000000;1,000000000000000;1,000000000000000;1,000000000000000;1,000000000000000;1,000000000000000;1,000000000000000;1,000000000000000;1,000000000000000;1,000000000000000
2023-01-25;alle;27;27,0;27;27;27;27;27;27;27;27;27;27;160;160,0;160;160;160;160;160;160;160;160,0;160,0;160,0;NA;NA;NA;NA;NA;NA;NA;NA;NA;NA;NA
2023-01-24;0-60;6;6,0;6;6;6;6;6;6;6;6;6;6;26;26,0;26;26;26;26;26;26;26;26,0;26,0;26,0;1,000000000000000;1,000000000000000;1,000000000000000;1,000000000000000;1,000000000000000;1,000000000000000;1,000000000000000;1,000000000000000;1,000000000000000;1,000000000000000;1,000000000000000
2023-01-24;60+;28;28,0;28;28;28;28;28;28;28;28;28;28;128;128,0;128;128;128;128;128;128;128;128,0;128,0;128,0;1,000000000000000;1,000000000000000;1,000000000000000;1,000000000000000;1,000000000000000;1,000000000000000;1,000000000000000;1,000000000000000;1,000000000000000;1,000000000000000;1,000000000000000
2023-01-24;alle;34;34,0;34;34;34;34;34;34;34;34;34;34;154;154,0;154;154;154;154;154;154;154;154,0;154,0;154,0;NA;NA;NA;NA;NA;NA;NA;NA;NA;NA;NA
2023-01-23;0-60;0;0,0;0;0;0;0;0;0;0;0;0;0;28;28,0;28;28;28;28;28;28;28;28,0;28,0;28,0;1,000000000000000;1,000000000000000;1,000000000000000;1,000000000000000;1,000000000000000;1,000000000000000;1,000000000000000;1,000000000000000;1,000000000000000;1,000000000000000;1,000000000000000
2023-01-23;60+;6;6,0;6;6;6;6;6;6;6;6;6;6;147;147,0;147;147;147;147;147;147;147;147,0;147,0;147,0;1,000000000000000;1,000000000000000;1,000000000000000;1,000000000000000;1,000000000000000;1,000000000000000;1,000000000000000;1,000000000000000;1,000000000000000;1,000000000000000;1,000000000000000
2023-01-23;alle;6;6,0;6;6;6;6;6;6;6;6;6;6;175;175,0;175;175;175;175;175;175;175;175,0;175,0;175,0;NA;NA;NA;NA;NA;NA;NA;NA;NA;NA;NA
2023-01-22;0-60;0;0,0;0;0;0;0;0;0;0;0;0;0;29;29,0;29;29;29;29;29;29;29;29,0;29,0;29,0;1,000000000000000;1,000000000000000;1,000000000000000;1,000000000000000;1,000000000000000;1,000000000000000;1,000000000000000;1,000000000000000;1,000000000000000;1,000000000000000;1,000000000000000
2023-01-22;60+;3;3,0;3;3;3;3;3;3;3;3;3;3;147;147,0;147;147;147;147;147;147;147;147,0;147,0;147,0;1,000000000000000;1,000000000000000;1,000000000000000;1,000000000000000;1,000000000000000;1,000000000000000;1,000000000000000;1,000000000000000;1,000000000000000;1,000000000000000;1,000000000000000
2023-01-22;alle;3;3,0;3;3;3;3;3;3;3;3;3;3;176;176,0;176;176;176;176;176;176;176;176,0;176,0;176,0;NA;NA;NA;NA;NA;NA;NA;NA;NA;NA;NA
2023-01-21;0-60;4;4,0;4;4;4;4;4;4;4;4;4;4;30;30,0;30;30;30;30;30;30;30;30,0;30,0;30,0;1,000000000000000;1,000000000000000;1,000000000000000;1,000000000000000;1,000000000000000;1,000000000000000;1,000000000000000;1,000000000000000;1,000000000000000;1,000000000000000;1,000000000000000
2023-01-21;60+;16;16,0;16;16;16;16;16;16;16;16;16;16;148;148,0;148;148;148;148;148;148;148;148,0;148,0;148,0;1,000000000000000;1,000000000000000;1,000000000000000;1,000000000000000;1,000000000000000;1,000000000000000;1,000000000000000;1,000000000000000;1,000000000000000;1,000000000000000;1,000000000000000
2023-01-21;alle;20;20,0;20;20;20;20;20;20;20;20;20;20;178;178,0;178;178;178;178;178;178;178;178,0;178,0;178,0;NA;NA;NA;NA;NA;NA;NA;NA;NA;NA;NA
2023-01-20;0-60;5;5,0;5;5;5;5;5;5;5;5;5;5;30;30,0;30;30;30;30;30;30;30;30,0;30,0;30,0;1,000000000000000;1,000000000000000;1,000000000000000;1,000000000000000;1,000000000000000;1,000000000000000;1,000000000000000;1,000000000000000;1,000000000000000;1,000000000000000;1,000000000000000
2023-01-20;60+;22;22,0;22;22;22;22;22;22;22;22;22;22;154;154,0;154;154;154;154;154;154;154;154,0;154,0;154,0;1,000000000000000;1,000000000000000;1,000000000000000;1,000000000000000;1,000000000000000;1,000000000000000;1,000000000000000;1,000000000000000;1,000000000000000;1,000000000000000;1,000000000000000
2023-01-20;alle;27;27,0;27;27;27;27;27;27;27;27;27;27;184;184,0;184;184;184;184;184;184;184;184,0;184,0;184,0;NA;NA;NA;NA;NA;NA;NA;NA;NA;NA;NA
2023-01-19;0-60;8;8,0;8;8;8;8;8;8;8;8;8;8;33;33,0;33;33;33;33;33;33;33;33,0;33,0;33,0;1,000000000000000;1,000000000000000;1,000000000000000;1,000000000000000;1,000000000000000;1,000000000000000;1,000000000000000;1,000000000000000;1,000000000000000;1,000000000000000;1,000000000000000
2023-01-19;60+;35;35,0;35;35;35;35;35;35;35;35;35;35;161;161,0;161;161;161;161;161;161;161;161,0;161,0;161,0;1,000000000000000;1,000000000000000;1,000000000000000;1,000000000000000;1,000000000000000;1,000000000000000;1,000000000000000;1,000000000000000;1,000000000000000;1,000000000000000;1,000000000000000
2023-01-19;alle;43;43,0;43;43;43;43;43;43;43;43;43;43;194;194,0;194;194;194;194;194;194;194;194,0;194,0;194,0;NA;NA;NA;NA;NA;NA;NA;NA;NA;NA;NA
2023-01-18;0-60;3;3,0;3;3;3;3;3;3;3;3;3;3;31;31,0;31;31;31;31;31;31;31;31,0;31,0;31,0;1,000000000000000;1,000000000000000;1,000000000000000;1,000000000000000;1,000000000000000;1,000000000000000;1,000000000000000;1,000000000000000;1,000000000000000;1,000000000000000;1,000000000000000
2023-01-18;60+;18;18,0;18;18;18;18;18;18;18;18;18;18;157;157,0;157;157;157;157;157;157;157;157,0;157,0;157,0;1,000000000000000;1,000000000000000;1,000000000000000;1,000000000000000;1,000000000000000;1,000000000000000;1,000000000000000;1,000000000000000;1,000000000000000;1,000000000000000;1,000000000000000
2023-01-18;alle;21;21,0;21;21;21;21;21;21;21;21;21;21;188;188,0;188;188;188;188;188;188;188;188,0;188,0;188,0;NA;NA;NA;NA;NA;NA;NA;NA;NA;NA;NA
2023-01-17;0-60;8;8,0;8;8;8;8;8;8;8;8;8;8;39;39,0;39;39;39;39;39;39;39;39,0;39,0;39,0;1,000000000000000;1,000000000000000;1,000000000000000;1,000000000000000;1,000000000000000;1,000000000000000;1,000000000000000;1,000000000000000;1,000000000000000;1,000000000000000;1,000000000000000
2023-01-17;60+;47;47,0;47;47;47;47;47;47;47;47;47;47;181;181,0;181;181;181;181;181;181;181;181,0;181,0;181,0;1,000000000000000;1,000000000000000;1,000000000000000;1,000000000000000;1,000000000000000;1,000000000000000;1,000000000000000;1,000000000000000;1,000000000000000;1,000000000000000;1,000000000000000
2023-01-17;alle;55;55,0;55;55;55;55;55;55;55;55;55;55;220;220,0;220;220;220;220;220;220;220;220,0;220,0;220,0;NA;NA;NA;NA;NA;NA;NA;NA;NA;NA;NA
2023-01-16;0-60;1;1,0;1;1;1;1;1;1;1;1;1;1;45;45,0;45;45;45;45;45;45;45;45,0;45,0;45,0;1,000000000000000;1,000000000000000;1,000000000000000;1,000000000000000;1,000000000000000;1,000000000000000;1,000000000000000;1,000000000000000;1,000000000000000;1,000000000000000;1,000000000000000
2023-01-16;60+;6;6,0;6;6;6;6;6;6;6;6;6;6;215;215,0;215;215;215;215;215;215;215;215,0;215,0;215,0;1,000000000000000;1,000000000000000;1,000000000000000;1,000000000000000;1,000000000000000;1,000000000000000;1,000000000000000;1,000000000000000;1,000000000000000;1,000000000000000;1,000000000000000
2023-01-16;alle;7;7,0;7;7;7;7;7;7;7;7;7;7;260;260,0;260;260;260;260;260;260;260;260,0;260,0;260,0;NA;NA;NA;NA;NA;NA;NA;NA;NA;NA;NA
2023-01-15;0-60;1;1,0;1;1;1;1;1;1;1;1;1;1;44;44,0;44;44;44;44;44;44;44;44,0;44,0;44,0;1,000000000000000;1,000000000000000;1,000000000000000;1,000000000000000;1,000000000000000;1,000000000000000;1,000000000000000;1,000000000000000;1,000000000000000;1,000000000000000;1,000000000000000
2023-01-15;60+;4;4,0;4;4;4;4;4;4;4;4;4;4;219;219,0;219;219;219;219;219;219;219;219,0;219,0;219,0;1,000000000000000;1,000000000000000;1,000000000000000;1,000000000000000;1,000000000000000;1,000000000000000;1,000000000000000;1,000000000000000;1,000000000000000;1,000000000000000;1,000000000000000
2023-01-15;alle;5;5,0;5;5;5;5;5;5;5;5;5;5;263;263,0;263;263;263;263;263;263;263;263,0;263,0;263,0;NA;NA;NA;NA;NA;NA;NA;NA;NA;NA;NA
2023-01-14;0-60;4;4,0;4;4;4;4;4;4;4;4;4;4;48;48,0;48;48;48;48;48;48;48;48,0;48,0;48,0;1,000000000000000;1,000000000000000;1,000000000000000;1,000000000000000;1,000000000000000;1,000000000000000;1,000000000000000;1,000000000000000;1,000000000000000;1,000000000000000;1,000000000000000
2023-01-14;60+;22;22,0;22;22;22;22;22;22;22;22;22;22;225;225,0;225;225;225;225;225;225;225;225,0;225,0;225,0;1,000000000000000;1,000000000000000;1,000000000000000;1,000000000000000;1,000000000000000;1,000000000000000;1,000000000000000;1,000000000000000;1,000000000000000;1,000000000000000;1,000000000000000
2023-01-14;alle;26;26,0;26;26;26;26;26;26;26;26;26;26;273;273,0;273;273;273;273;273;273;273;273,0;273,0;273,0;NA;NA;NA;NA;NA;NA;NA;NA;NA;NA;NA
2023-01-13;0-60;8;8,0;8;8;8;8;8;8;8;8;8;8;55;55,0;55;55;55;55;55;55;55;55,0;55,0;55,0;1,000000000000000;1,000000000000000;1,000000000000000;1,000000000000000;1,000000000000000;1,000000000000000;1,000000000000000;1,000000000000000;1,000000000000000;1,000000000000000;1,000000000000000
2023-01-13;60+;29;29,0;29;29;29;29;29;29;29;29;29;29;235;235,0;235;235;235;235;235;235;235;235,0;235,0;235,0;1,000000000000000;1,000000000000000;1,000000000000000;1,000000000000000;1,000000000000000;1,000000000000000;1,000000000000000;1,000000000000000;1,000000000000000;1,000000000000000;1,000000000000000
2023-01-13;alle;37;37,0;37;37;37;37;37;37;37;37;37;37;290;290,0;290;290;290;290;290;290;290;290,0;290,0;290,0;NA;NA;NA;NA;NA;NA;NA;NA;NA;NA;NA
2023-01-12;0-60;6;6,0;6;6;6;6;6;6;6;6;6;6;63;63,0;63;63;63;63;63;63;63;63,0;63,0;63,0;1,000000000000000;1,000000000000000;1,000000000000000;1,000000000000000;1,000000000000000;1,000000000000000;1,000000000000000;1,000000000000000;1,000000000000000;1,000000000000000;1,000000000000000
2023-01-12;60+;31;31,0;31;31;31;31;31;31;31;31;31;31;254;254,0;254;254;254;254;254;254;254;254,0;254,0;254,0;1,000000000000000;1,000000000000000;1,000000000000000;1,000000000000000;1,000000000000000;1,000000000000000;1,000000000000000;1,000000000000000;1,000000000000000;1,000000000000000;1,000000000000000
2023-01-12;alle;37;37,0;37;37;37;37;37;37;37;37;37;37;317;317,0;317;317;317;317;317;317;317;317,0;317,0;317,0;NA;NA;NA;NA;NA;NA;NA;NA;NA;NA;NA
2023-01-11;0-60;11;11,0;11;11;11;11;11;11;11;11;11;11;70;70,0;70;70;70;70;70;70;70;70,0;70,0;70,0;1,000000000000000;1,000000000000000;1,000000000000000;1,000000000000000;1,000000000000000;1,000000000000000;1,000000000000000;1,000000000000000;1,000000000000000;1,000000000000000;1,000000000000000
2023-01-11;60+;42;42,0;42;42;42;42;42;42;42;42;42;42;278;278,0;278;278;278;278;278;278;278;278,0;278,0;278,0;1,000000000000000;1,000000000000000;1,000000000000000;1,000000000000000;1,000000000000000;1,000000000000000;1,000000000000000;1,000000000000000;1,000000000000000;1,000000000000000;1,000000000000000
2023-01-11;alle;53;53,0;53;53;53;53;53;53;53;53;53;53;348;348,0;348;348;348;348;348;348;348;348,0;348,0;348,0;NA;NA;NA;NA;NA;NA;NA;NA;NA;NA;NA
2023-01-10;0-60;14;14,0;14;14;14;14;14;14;14;14;14;14;71;71,0;71;71;71;71;71;71;71;71,0;71,0;71,0;1,000000000000000;1,000000000000000;1,000000000000000;1,000000000000000;1,000000000000000;1,000000000000000;1,000000000000000;1,000000000000000;1,000000000000000;1,000000000000000;1,000000000000000
2023-01-10;60+;81;81,0;81;81;81;81;81;81;81;81;81;81;297;297,0;297;297;297;297;297;297;297;297,0;297,0;297,0;1,000000000000000;1,000000000000000;1,000000000000000;1,000000000000000;1,000000000000000;1,000000000000000;1,000000000000000;1,000000000000000;1,000000000000000;1,000000000000000;1,000000000000000
2023-01-10;alle;95;95,0;95;95;95;95;95;95;95;95;95;95;368;368,0;368;368;368;368;368;368;368;368,0;368,0;368,0;NA;NA;NA;NA;NA;NA;NA;NA;NA;NA;NA
2023-01-09;0-60;0;0,0;0;0;0;0;0;0;0;0;0;0;90;90,0;90;90;90;90;90;90;90;90,0;90,0;90,0;1,000000000000000;1,000000000000000;1,000000000000000;1,000000000000000;1,000000000000000;1,000000000000000;1,000000000000000;1,000000000000000;1,000000000000000;1,000000000000000;1,000000000000000
2023-01-09;60+;10;10,0;10;10;10;10;10;10;10;10;10;10;321;321,0;321;321;321;321;321;321;321;321,0;321,0;321,0;1,000000000000000;1,000000000000000;1,000000000000000;1,000000000000000;1,000000000000000;1,000000000000000;1,000000000000000;1,000000000000000;1,000000000000000;1,000000000000000;1,000000000000000
2023-01-09;alle;10;10,0;10;10;10;10;10;10;10;10;10;10;411;411,0;411;411;411;411;411;411;411;411,0;411,0;411,0;NA;NA;NA;NA;NA;NA;NA;NA;NA;NA;NA
2023-01-08;0-60;5;5,0;5;5;5;5;5;5;5;5;5;5;91;91,0;91;91;91;91;91;91;91;91,0;91,0;91,0;1,000000000000000;1,000000000000000;1,000000000000000;1,000000000000000;1,000000000000000;1,000000000000000;1,000000000000000;1,000000000000000;1,000000000000000;1,000000000000000;1,000000000000000
2023-01-08;60+;10;10,0;10;10;10;10;10;10;10;10;10;10;316;316,0;316;316;316;316;316;316;316;316,0;316,0;316,0;1,000000000000000;1,000000000000000;1,000000000000000;1,000000000000000;1,000000000000000;1,000000000000000;1,000000000000000;1,000000000000000;1,000000000000000;1,000000000000000;1,000000000000000
2023-01-08;alle;15;15,0;15;15;15;15;15;15;15;15;15;15;407;407,0;407;407;407;407;407;407;407;407,0;407,0;407,0;NA;NA;NA;NA;NA;NA;NA;NA;NA;NA;NA
2023-01-07;0-60;11;11,0;11;11;11;11;11;11;11;11;11;11;89;89,0;89;89;89;89;89;89;89;89,0;89,0;89,0;1,000000000000000;1,000000000000000;1,000000000000000;1,000000000000000;1,000000000000000;1,000000000000000;1,000000000000000;1,000000000000000;1,000000000000000;1,000000000000000;1,000000000000000
2023-01-07;60+;32;32,0;32;32;32;32;32;32;32;32;32;32;318;318,0;318;318;318;318;318;318;318;318,0;318,0;318,0;1,000000000000000;1,000000000000000;1,000000000000000;1,000000000000000;1,000000000000000;1,000000000000000;1,000000000000000;1,000000000000000;1,000000000000000;1,000000000000000;1,000000000000000
2023-01-07;alle;43;43,0;43;43;43;43;43;43;43;43;43;43;407;407,0;407;407;407;407;407;407;407;407,0;407,0;407,0;NA;NA;NA;NA;NA;NA;NA;NA;NA;NA;NA
2023-01-06;0-60;16;16,0;16;16;16;16;16;16;16;16;16;16;94;94,0;94;94;94;94;94;94;94;94,0;94,0;94,0;1,000000000000000;1,000000000000000;1,000000000000000;1,000000000000000;1,000000000000000;1,000000000000000;1,000000000000000;1,000000000000000;1,000000000000000;1,000000000000000;1,000000000000000
2023-01-06;60+;48;48,0;48;48;48;48;48;48;48;48;48;48;362;362,0;362;362;362;362;362;362;362;362,0;362,0;362,0;1,000000000000000;1,000000000000000;1,000000000000000;1,000000000000000;1,000000000000000;1,000000000000000;1,000000000000000;1,000000000000000;1,000000000000000;1,000000000000000;1,000000000000000
2023-01-06;alle;64;64,0;64;64;64;64;64;64;64;64;64;64;456;456,0;456;456;456;456;456;456;456;456,0;456,0;456,0;NA;NA;NA;NA;NA;NA;NA;NA;NA;NA;NA
2023-01-05;0-60;13;13,0;13;13;13;13;13;13;13;13;13;13;96;96,0;96;96;96;96;96;96;96;96,0;96,0;96,0;1,000000000000000;1,000000000000000;1,000000000000000;1,000000000000000;1,000000000000000;1,000000000000000;1,000000000000000;1,000000000000000;1,000000000000000;1,000000000000000;1,000000000000000
2023-01-05;60+;55;55,0;55;55;55;55;55;55;55;55;55;55;389;389,0;389;389;389;389;389;389;389;389,0;389,0;389,0;1,000000000000000;1,000000000000000;1,000000000000000;1,000000000000000;1,000000000000000;1,000000000000000;1,000000000000000;1,000000000000000;1,000000000000000;1,000000000000000;1,000000000000000
2023-01-05;alle;68;68,0;68;68;68;68;68;68;68;68;68;68;485;485,0;485;485;485;485;485;485;485;485,0;485,0;485,0;NA;NA;NA;NA;NA;NA;NA;NA;NA;NA;NA
2023-01-04;0-60;12;12,0;12;12;12;12;12;12;12;12;12;12;114;114,0;114;114;114;114;114;114;114;114,0;114,0;114,0;1,000000000000000;1,000000000000000;1,000000000000000;1,000000000000000;1,000000000000000;1,000000000000000;1,000000000000000;1,000000000000000;1,000000000000000;1,000000000000000;1,000000000000000
2023-01-04;60+;61;61,0;61;61;61;61;61;61;61;61;61;61;450;450,0;450;450;450;450;450;450;450;450,0;450,0;450,0;1,000000000000000;1,000000000000000;1,000000000000000;1,000000000000000;1,000000000000000;1,000000000000000;1,000000000000000;1,000000000000000;1,000000000000000;1,000000000000000;1,000000000000000
2023-01-04;alle;73;73,0;73;73;73;73;73;73;73;73;73;73;564;564,0;564;564;564;564;564;564;564;564,0;564,0;564,0;NA;NA;NA;NA;NA;NA;NA;NA;NA;NA;NA
2023-01-03;0-60;33;33,0;33;33;33;33;33;33;33;33;33;33;125;125,0;125;125;125;125;125;125;125;125,0;125,0;125,0;1,000000000000000;1,000000000000000;1,000000000000000;1,000000000000000;1,000000000000000;1,000000000000000;1,000000000000000;1,000000000000000;1,000000000000000;1,000000000000000;1,000000000000000
2023-01-03;60+;105;105,0;105;105;105;105;105;105;105;105;105;105;512;512,0;512;512;512;512;512;512;512;512,0;512,0;512,0;1,000000000000000;1,000000000000000;1,000000000000000;1,000000000000000;1,000000000000000;1,000000000000000;1,000000000000000;1,000000000000000;1,000000000000000;1,000000000000000;1,000000000000000
2023-01-03;alle;138;138,0;138;138;138;138;138;138;138;138;138;138;637;637,0;637;637;637;637;637;637;637;637,0;637,0;637,0;NA;NA;NA;NA;NA;NA;NA;NA;NA;NA;NA
2023-01-02;0-60;1;1,0;1;1;1;1;1;1;1;1;1;1;94;94,0;94;94;94;94;94;94;94;94,0;94,0;94,0;1,000000000000000;1,000000000000000;1,000000000000000;1,000000000000000;1,000000000000000;1,000000000000000;1,000000000000000;1,000000000000000;1,000000000000000;1,000000000000000;1,000000000000000
2023-01-02;60+;5;5,0;5;5;5;5;5;5;5;5;5;5;427;427,0;427;427;427;427;427;427;427;427,0;427,0;427,0;1,000000000000000;1,000000000000000;1,000000000000000;1,000000000000000;1,000000000000000;1,000000000000000;1,000000000000000;1,000000000000000;1,000000000000000;1,000000000000000;1,000000000000000
2023-01-02;alle;6;6,0;6;6;6;6;6;6;6;6;6;6;521;521,0;521;521;521;521;521;521;521;521,0;521,0;521,0;NA;NA;NA;NA;NA;NA;NA;NA;NA;NA;NA
2023-01-01;0-60;3;3,0;3;3;3;3;3;3;3;3;3;3;96;96,0;96;96;96;96;96;96;96;96,0;96,0;96,0;1,000000000000000;1,000000000000000;1,000000000000000;1,000000000000000;1,000000000000000;1,000000000000000;1,000000000000000;1,000000000000000;1,000000000000000;1,000000000000000;1,000000000000000
2023-01-01;60+;12;12,0;12;12;12;12;12;12;12;12;12;12;431;431,0;431;431;431;431;431;431;431;431,0;431,0;431,0;1,000000000000000;1,000000000000000;1,000000000000000;1,000000000000000;1,000000000000000;1,000000000000000;1,000000000000000;1,000000000000000;1,000000000000000;1,000000000000000;1,000000000000000
2023-01-01;alle;15;15,0;15;15;15;15;15;15;15;15;15;15;527;527,0;527;527;527;527;527;527;527;527,0;527,0;527,0;NA;NA;NA;NA;NA;NA;NA;NA;NA;NA;NA
2022-12-31;0-60;16;16,0;16;16;16;16;16;16;16;16;16;16;97;97,0;97;97;97;97;97;97;97;97,0;97,0;97,0;1,000000000000000;1,000000000000000;1,000000000000000;1,000000000000000;1,000000000000000;1,000000000000000;1,000000000000000;1,000000000000000;1,000000000000000;1,000000000000000;1,000000000000000
2022-12-31;60+;76;76,0;76;76;76;76;76;76;76;76;76;76;437;437,0;437;437;437;437;437;437;437;437,0;437,0;437,0;1,000000000000000;1,000000000000000;1,000000000000000;1,000000000000000;1,000000000000000;1,000000000000000;1,000000000000000;1,000000000000000;1,000000000000000;1,000000000000000;1,000000000000000
2022-12-31;alle;92;92,0;92;92;92;92;92;92;92;92;92;92;534;534,0;534;534;534;534;534;534;534;534,0;534,0;534,0;NA;NA;NA;NA;NA;NA;NA;NA;NA;NA;NA
2022-12-30;0-60;18;18,0;18;18;18;18;18;18;18;18;18;18;95;95,0;95;95;95;95;95;95;95;95,0;95,0;95,0;1,000000000000000;1,000000000000000;1,000000000000000;1,000000000000000;1,000000000000000;1,000000000000000;1,000000000000000;1,000000000000000;1,000000000000000;1,000000000000000;1,000000000000000
2022-12-30;60+;75;75,0;75;75;75;75;75;75;75;75;75;75;437;437,0;437;437;437;437;437;437;437;437,0;437,0;437,0;1,000000000000000;1,000000000000000;1,000000000000000;1,000000000000000;1,000000000000000;1,000000000000000;1,000000000000000;1,000000000000000;1,000000000000000;1,000000000000000;1,000000000000000
2022-12-30;alle;93;93,0;93;93;93;93;93;93;93;93;93;93;532;532,0;532;532;532;532;532;532;532;532,0;532,0;532,0;NA;NA;NA;NA;NA;NA;NA;NA;NA;NA;NA
2022-12-29;0-60;31;31,0;31;31;31;31;31;31;31;31;31;31;92;92,0;92;92;92;92;92;92;92;92,0;92,0;92,0;1,000000000000000;1,000000000000000;1,000000000000000;1,000000000000000;1,000000000000000;1,000000000000000;1,000000000000000;1,000000000000000;1,000000000000000;1,000000000000000;1,000000000000000
2022-12-29;60+;116;116,0;116;116;116;116;116;116;116;116;116;116;456;456,0;456;456;456;456;456;456;456;456,0;456,0;456,0;1,000000000000000;1,000000000000000;1,000000000000000;1,000000000000000;1,000000000000000;1,000000000000000;1,000000000000000;1,000000000000000;1,000000000000000;1,000000000000000;1,000000000000000
2022-12-29;alle;147;147,0;147;147;147;147;147;147;147;147;147;147;548;548,0;548;548;548;548;548;548;548;548,0;548,0;548,0;NA;NA;NA;NA;NA;NA;NA;NA;NA;NA;NA
2022-12-28;0-60;23;23,0;23;23;23;23;23;23;23;23;23;23;78;78,0;78;78;78;78;78;78;78;78,0;78,0;78,0;1,000000000000000;1,000000000000000;1,000000000000000;1,000000000000000;1,000000000000000;1,000000000000000;1,000000000000000;1,000000000000000;1,000000000000000;1,000000000000000;1,000000000000000
2022-12-28;60+;123;123,0;123;123;123;123;123;123;123;123;123;123;447;447,0;447;447;447;447;447;447;447;447,0;447,0;447,0;1,000000000000000;1,000000000000000;1,000000000000000;1,000000000000000;1,000000000000000;1,000000000000000;1,000000000000000;1,000000000000000;1,000000000000000;1,000000000000000;1,000000000000000
2022-12-28;alle;146;146,0;146;146;146;146;146;146;146;146;146;146;525;525,0;525;525;525;525;525;525;525;525,0;525,0;525,0;NA;NA;NA;NA;NA;NA;NA;NA;NA;NA;NA
2022-12-27;0-60;2;2,0;2;2;2;2;2;2;2;2;2;2;80;80,0;80;80;80;80;80;80;80;80,0;80,0;80,0;1,000000000000000;1,000000000000000;1,000000000000000;1,000000000000000;1,000000000000000;1,000000000000000;1,000000000000000;1,000000000000000;1,000000000000000;1,000000000000000;1,000000000000000
2022-12-27;60+;20;20,0;20;20;20;20;20;20;20;20;20;20;461;461,0;461;461;461;461;461;461;461;461,0;461,0;461,0;1,000000000000000;1,000000000000000;1,000000000000000;1,000000000000000;1,000000000000000;1,000000000000000;1,000000000000000;1,000000000000000;1,000000000000000;1,000000000000000;1,000000000000000
2022-12-27;alle;22;22,0;22;22;22;22;22;22;22;22;22;22;541;541,0;541;541;541;541;541;541;541;541,0;541,0;541,0;NA;NA;NA;NA;NA;NA;NA;NA;NA;NA;NA
2022-12-26;0-60;3;3,0;3;3;3;3;3;3;3;3;3;3;118;118,0;118;118;118;118;118;118;118;118,0;118,0;118,0;1,000000000000000;1,000000000000000;1,000000000000000;1,000000000000000;1,000000000000000;1,000000000000000;1,000000000000000;1,000000000000000;1,000000000000000;1,000000000000000;1,000000000000000
2022-12-26;60+;9;9,0;9;9;9;9;9;9;9;9;9;9;576;576,0;576;576;576;576;576;576;576;576,0;576,0;576,0;1,000000000000000;1,000000000000000;1,000000000000000;1,000000000000000;1,000000000000000;1,000000000000000;1,000000000000000;1,000000000000000;1,000000000000000;1,000000000000000;1,000000000000000
2022-12-26;alle;12;12,0;12;12;12;12;12;12;12;12;12;12;694;694,0;694;694;694;694;694;694;694;694,0;694,0;694,0;NA;NA;NA;NA;NA;NA;NA;NA;NA;NA;NA
2022-12-25;0-60;4;4,0;4;4;4;4;4;4;4;4;4;4;117;117,0;117;117;117;117;117;117;117;117,0;117,0;117,0;1,000000000000000;1,000000000000000;1,000000000000000;1,000000000000000;1,000000000000000;1,000000000000000;1,000000000000000;1,000000000000000;1,000000000000000;1,000000000000000;1,000000000000000
2022-12-25;60+;18;18,0;18;18;18;18;18;18;18;18;18;18;598;598,0;598;598;598;598;598;598;598;598,0;598,0;598,0;1,000000000000000;1,000000000000000;1,000000000000000;1,000000000000000;1,000000000000000;1,000000000000000;1,000000000000000;1,000000000000000;1,000000000000000;1,000000000000000;1,000000000000000
2022-12-25;alle;22;22,0;22;22;22;22;22;22;22;22;22;22;715;715,0;715;715;715;715;715;715;715;715,0;715,0;715,0;NA;NA;NA;NA;NA;NA;NA;NA;NA;NA;NA
2022-12-24;0-60;14;14,0;14;14;14;14;14;14;14;14;14;14;115;115,0;115;115;115;115;115;115;115;115,0;115,0;115,0;1,000000000000000;1,000000000000000;1,000000000000000;1,000000000000000;1,000000000000000;1,000000000000000;1,000000000000000;1,000000000000000;1,000000000000000;1,000000000000000;1,000000000000000
2022-12-24;60+;76;76,0;76;76;76;76;76;76;76;76;76;76;602;602,0;602;602;602;602;602;602;602;602,0;602,0;602,0;1,000000000000000;1,000000000000000;1,000000000000000;1,000000000000000;1,000000000000000;1,000000000000000;1,000000000000000;1,000000000000000;1,000000000000000;1,000000000000000;1,000000000000000
2022-12-24;alle;90;90,0;90;90;90;90;90;90;90;90;90;90;717;717,0;717;717;717;717;717;717;717;717,0;717,0;717,0;NA;NA;NA;NA;NA;NA;NA;NA;NA;NA;NA
2022-12-23;0-60;15;15,0;15;15;15;15;15;15;15;15;15;15;112;112,0;112;112;112;112;112;112;112;112,0;112,0;112,0;1,000000000000000;1,000000000000000;1,000000000000000;1,000000000000000;1,000000000000000;1,000000000000000;1,000000000000000;1,000000000000000;1,000000000000000;1,000000000000000;1,000000000000000
2022-12-23;60+;94;94,0;94;94;94;94;94;94;94;94;94;94;615;615,0;615;615;615;615;615;615;615;615,0;615,0;615,0;1,000000000000000;1,000000000000000;1,000000000000000;1,000000000000000;1,000000000000000;1,000000000000000;1,000000000000000;1,000000000000000;1,000000000000000;1,000000000000000;1,000000000000000
2022-12-23;alle;109;109,0;109;109;109;109;109;109;109;109;109;109;727;727,0;727;727;727;727;727;727;727;727,0;727,0;727,0;NA;NA;NA;NA;NA;NA;NA;NA;NA;NA;NA
2022-12-22;0-60;17;17,0;17;17;17;17;17;17;17;17;17;17;113;113,0;113;113;113;113;113;113;113;113,0;113,0;113,0;1,000000000000000;1,000000000000000;1,000000000000000;1,000000000000000;1,000000000000000;1,000000000000000;1,000000000000000;1,000000000000000;1,000000000000000;1,000000000000000;1,000000000000000
2022-12-22;60+;107;107,0;107;107;107;107;107;107;107;107;107;107;608;608,0;608;608;608;608;608;608;608;608,0;608,0;608,0;1,000000000000000;1,000000000000000;1,000000000000000;1,000000000000000;1,000000000000000;1,000000000000000;1,000000000000000;1,000000000000000;1,000000000000000;1,000000000000000;1,000000000000000
2022-12-22;alle;124;124,0;124;124;124;124;124;124;124;124;124;124;721;721,0;721;721;721;721;721;721;721;721,0;721,0;721,0;NA;NA;NA;NA;NA;NA;NA;NA;NA;NA;NA
2022-12-21;0-60;25;25,0;25;25;25;25;25;25;25;25;25;25;113;113,0;113;113;113;113;113;113;113;113,0;113,0;113,0;1,000000000000000;1,000000000000000;1,000000000000000;1,000000000000000;1,000000000000000;1,000000000000000;1,000000000000000;1,000000000000000;1,000000000000000;1,000000000000000;1,000000000000000
2022-12-21;60+;137;137,0;137;137;137;137;137;137;137;137;137;137;599;599,0;599;599;599;599;599;599;599;599,0;599,0;599,0;1,000000000000000;1,000000000000000;1,000000000000000;1,000000000000000;1,000000000000000;1,000000000000000;1,000000000000000;1,000000000000000;1,000000000000000;1,000000000000000;1,000000000000000
2022-12-21;alle;162;162,0;162;162;162;162;162;162;162;162;162;162;712;712,0;712;712;712;712;712;712;712;712,0;712,0;712,0;NA;NA;NA;NA;NA;NA;NA;NA;NA;NA;NA
2022-12-20;0-60;40;40,0;40;40;40;40;40;40;40;40;40;40;106;106,0;106;106;106;106;106;106;106;106,0;106,0;106,0;1,000000000000000;1,000000000000000;1,000000000000000;1,000000000000000;1,000000000000000;1,000000000000000;1,000000000000000;1,000000000000000;1,000000000000000;1,000000000000000;1,000000000000000
2022-12-20;60+;135;135,0;135;135;135;135;135;135;135;135;135;135;572;572,0;572;572;572;572;572;572;572;572,0;572,0;572,0;1,000000000000000;1,000000000000000;1,000000000000000;1,000000000000000;1,000000000000000;1,000000000000000;1,000000000000000;1,000000000000000;1,000000000000000;1,000000000000000;1,000000000000000
2022-12-20;alle;175;175,0;175;175;175;175;175;175;175;175;175;175;678;678,0;678;678;678;678;678;678;678;678,0;678,0;678,0;NA;NA;NA;NA;NA;NA;NA;NA;NA;NA;NA
2022-12-19;0-60;2;2,0;2;2;2;2;2;2;2;2;2;2;99;99,0;99;99;99;99;99;99;99;99,0;99,0;99,0;1,000000000000000;1,000000000000000;1,000000000000000;1,000000000000000;1,000000000000000;1,000000000000000;1,000000000000000;1,000000000000000;1,000000000000000;1,000000000000000;1,000000000000000
2022-12-19;60+;31;31,0;31;31;31;31;31;31;31;31;31;31;578;578,0;578;578;578;578;578;578;578;578,0;578,0;578,0;1,000000000000000;1,000000000000000;1,000000000000000;1,000000000000000;1,000000000000000;1,000000000000000;1,000000000000000;1,000000000000000;1,000000000000000;1,000000000000000;1,000000000000000
2022-12-19;alle;33;33,0;33;33;33;33;33;33;33;33;33;33;677;677,0;677;677;677;677;677;677;677;677,0;677,0;677,0;NA;NA;NA;NA;NA;NA;NA;NA;NA;NA;NA
2022-12-18;0-60;2;2,0;2;2;2;2;2;2;2;2;2;2;101;101,0;101;101;101;101;101;101;101;101,0;101,0;101,0;1,000000000000000;1,000000000000000;1,000000000000000;1,000000000000000;1,000000000000000;1,000000000000000;1,000000000000000;1,000000000000000;1,000000000000000;1,000000000000000;1,000000000000000
2022-12-18;60+;22;22,0;22;22;22;22;22;22;22;22;22;22;568;568,0;568;568;568;568;568;568;568;568,0;568,0;568,0;1,000000000000000;1,000000000000000;1,000000000000000;1,000000000000000;1,000000000000000;1,000000000000000;1,000000000000000;1,000000000000000;1,000000000000000;1,000000000000000;1,000000000000000
2022-12-18;alle;24;24,0;24;24;24;24;24;24;24;24;24;24;669;669,0;669;669;669;669;669;669;669;669,0;669,0;669,0;NA;NA;NA;NA;NA;NA;NA;NA;NA;NA;NA
2022-12-17;0-60;11;11,0;11;11;11;11;11;11;11;11;11;11;100;100,0;100;100;100;100;100;100;100;100,0;100,0;100,0;1,000000000000000;1,000000000000000;1,000000000000000;1,000000000000000;1,000000000000000;1,000000000000000;1,000000000000000;1,000000000000000;1,000000000000000;1,000000000000000;1,000000000000000
2022-12-17;60+;89;89,0;89;89;89;89;89;89;89;89;89;89;569;569,0;569;569;569;569;569;569;569;569,0;569,0;569,0;1,000000000000000;1,000000000000000;1,000000000000000;1,000000000000000;1,000000000000000;1,000000000000000;1,000000000000000;1,000000000000000;1,000000000000000;1,000000000000000;1,000000000000000
2022-12-17;alle;100;100,0;100;100;100;100;100;100;100;100;100;100;669;669,0;669;669;669;669;669;669;669;669,0;669,0;669,0;NA;NA;NA;NA;NA;NA;NA;NA;NA;NA;NA
2022-12-16;0-60;16;16,0;16;16;16;16;16;16;16;16;16;16;106;106,0;106;106;106;106;106;106;106;106,0;106,0;106,0;1,000000000000000;1,000000000000000;1,000000000000000;1,000000000000000;1,000000000000000;1,000000000000000;1,000000000000000;1,000000000000000;1,000000000000000;1,000000000000000;1,000000000000000
2022-12-16;60+;87;87,0;87;87;87;87;87;87;87;87;87;87;551;551,0;551;551;551;551;551;551;551;551,0;551,0;551,0;1,000000000000000;1,000000000000000;1,000000000000000;1,000000000000000;1,000000000000000;1,000000000000000;1,000000000000000;1,000000000000000;1,000000000000000;1,000000000000000;1,000000000000000
2022-12-16;alle;103;103,0;103;103;103;103;103;103;103;103;103;103;657;657,0;657;657;657;657;657;657;657;657,0;657,0;657,0;NA;NA;NA;NA;NA;NA;NA;NA;NA;NA;NA
2022-12-15;0-60;17;17,0;17;17;17;17;17;17;17;17;17;17;107;107,0;107;107;107;107;107;107;107;107,0;107,0;107,0;1,000000000000000;1,000000000000000;1,000000000000000;1,000000000000000;1,000000000000000;1,000000000000000;1,000000000000000;1,000000000000000;1,000000000000000;1,000000000000000;1,000000000000000
2022-12-15;60+;98;98,0;98;98;98;98;98;98;98;98;98;98;537;537,0;537;537;537;537;537;537;537;537,0;537,0;537,0;1,000000000000000;1,000000000000000;1,000000000000000;1,000000000000000;1,000000000000000;1,000000000000000;1,000000000000000;1,000000000000000;1,000000000000000;1,000000000000000;1,000000000000000
2022-12-15;alle;115;115,0;115;115;115;115;115;115;115;115;115;115;644;644,0;644;644;644;644;644;644;644;644,0;644,0;644,0;NA;NA;NA;NA;NA;NA;NA;NA;NA;NA;NA
2022-12-14;0-60;18;18,0;18;18;18;18;18;18;18;18;18;18;111;111,0;111;111;111;111;111;111;111;111,0;111,0;111,0;1,000000000000000;1,000000000000000;1,000000000000000;1,000000000000000;1,000000000000000;1,000000000000000;1,000000000000000;1,000000000000000;1,000000000000000;1,000000000000000;1,000000000000000
2022-12-14;60+;110;110,0;110;110;110;110;110;110;110;110;110;110;536;536,0;536;536;536;536;536;536;536;536,0;536,0;536,0;1,000000000000000;1,000000000000000;1,000000000000000;1,000000000000000;1,000000000000000;1,000000000000000;1,000000000000000;1,000000000000000;1,000000000000000;1,000000000000000;1,000000000000000
2022-12-14;alle;128;128,0;128;128;128;128;128;128;128;128;128;128;647;647,0;647;647;647;647;647;647;647;647,0;647,0;647,0;NA;NA;NA;NA;NA;NA;NA;NA;NA;NA;NA
2022-12-13;0-60;33;33,0;33;33;33;33;33;33;33;33;33;33;124;124,0;124;124;124;124;124;124;124;124,0;124,0;124,0;1,000000000000000;1,000000000000000;1,000000000000000;1,000000000000000;1,000000000000000;1,000000000000000;1,000000000000000;1,000000000000000;1,000000000000000;1,000000000000000;1,000000000000000
2022-12-13;60+;141;141,0;141;141;141;141;141;141;141;141;141;141;526;526,0;526;526;526;526;526;526;526;526,0;526,0;526,0;1,000000000000000;1,000000000000000;1,000000000000000;1,000000000000000;1,000000000000000;1,000000000000000;1,000000000000000;1,000000000000000;1,000000000000000;1,000000000000000;1,000000000000000
2022-12-13;alle;174;174,0;174;174;174;174;174;174;174;174;174;174;650;650,0;650;650;650;650;650;650;650;650,0;650,0;650,0;NA;NA;NA;NA;NA;NA;NA;NA;NA;NA;NA
2022-12-12;0-60;4;4,0;4;4;4;4;4;4;4;4;4;4;108;108,0;108;108;108;108;108;108;108;108,0;108,0;108,0;1,000000000000000;1,000000000000000;1,000000000000000;1,000000000000000;1,000000000000000;1,000000000000000;1,000000000000000;1,000000000000000;1,000000000000000;1,000000000000000;1,000000000000000
2022-12-12;60+;21;21,0;21;21;21;21;21;21;21;21;21;21;512;512,0;512;512;512;512;512;512;512;512,0;512,0;512,0;1,000000000000000;1,000000000000000;1,000000000000000;1,000000000000000;1,000000000000000;1,000000000000000;1,000000000000000;1,000000000000000;1,000000000000000;1,000000000000000;1,000000000000000
2022-12-12;alle;25;25,0;25;25;25;25;25;25;25;25;25;25;620;620,0;620;620;620;620;620;620;620;620,0;620,0;620,0;NA;NA;NA;NA;NA;NA;NA;NA;NA;NA;NA
2022-12-11;0-60;1;1,0;1;1;1;1;1;1;1;1;1;1;107;107,0;107;107;107;107;107;107;107;107,0;107,0;107,0;1,000000000000000;1,000000000000000;1,000000000000000;1,000000000000000;1,000000000000000;1,000000000000000;1,000000000000000;1,000000000000000;1,000000000000000;1,000000000000000;1,000000000000000
2022-12-11;60+;23;23,0;23;23;23;23;23;23;23;23;23;23;509;509,0;509;509;509;509;509;509;509;509,0;509,0;509,0;1,000000000000000;1,000000000000000;1,000000000000000;1,000000000000000;1,000000000000000;1,000000000000000;1,000000000000000;1,000000000000000;1,000000000000000;1,000000000000000;1,000000000000000
2022-12-11;alle;24;24,0;24;24;24;24;24;24;24;24;24;24;616;616,0;616;616;616;616;616;616;616;616,0;616,0;616,0;NA;NA;NA;NA;NA;NA;NA;NA;NA;NA;NA
2022-12-10;0-60;17;17,0;17;17;17;17;17;17;17;17;17;17;109;109,0;109;109;109;109;109;109;109;109,0;109,0;109,0;1,000000000000000;1,000000000000000;1,000000000000000;1,000000000000000;1,000000000000000;1,000000000000000;1,000000000000000;1,000000000000000;1,000000000000000;1,000000000000000;1,000000000000000
2022-12-10;60+;71;71,0;71;71;71;71;71;71;71;71;71;71;500;500,0;500;500;500;500;500;500;500;500,0;500,0;500,0;1,000000000000000;1,000000000000000;1,000000000000000;1,000000000000000;1,000000000000000;1,000000000000000;1,000000000000000;1,000000000000000;1,000000000000000;1,000000000000000;1,000000000000000
2022-12-10;alle;88;88,0;88;88;88;88;88;88;88;88;88;88;609;609,0;609;609;609;609;609;609;609;609,0;609,0;609,0;NA;NA;NA;NA;NA;NA;NA;NA;NA;NA;NA
2022-12-09;0-60;17;17,0;17;17;17;17;17;17;17;17;17;17;107;107,0;107;107;107;107;107;107;107;107,0;107,0;107,0;1,000000000000000;1,000000000000000;1,000000000000000;1,000000000000000;1,000000000000000;1,000000000000000;1,000000000000000;1,000000000000000;1,000000000000000;1,000000000000000;1,000000000000000
2022-12-09;60+;73;73,0;73;73;73;73;73;73;73;73;73;73;478;478,0;478;478;478;478;478;478;478;478,0;478,0;478,0;1,000000000000000;1,000000000000000;1,000000000000000;1,000000000000000;1,000000000000000;1,000000000000000;1,000000000000000;1,000000000000000;1,000000000000000;1,000000000000000;1,000000000000000
2022-12-09;alle;90;90,0;90;90;90;90;90;90;90;90;90;90;585;585,0;585;585;585;585;585;585;585;585,0;585,0;585,0;NA;NA;NA;NA;NA;NA;NA;NA;NA;NA;NA
2022-12-08;0-60;21;21,0;21;21;21;21;21;21;21;21;21;21;107;107,0;107;107;107;107;107;107;107;107,0;107,0;107,0;1,000000000000000;1,000000000000000;1,000000000000000;1,000000000000000;1,000000000000000;1,000000000000000;1,000000000000000;1,000000000000000;1,000000000000000;1,000000000000000;1,000000000000000
2022-12-08;60+;97;97,0;97;97;97;97;97;97;97;97;97;97;483;483,0;483;483;483;483;483;483;483;483,0;483,0;483,0;1,000000000000000;1,000000000000000;1,000000000000000;1,000000000000000;1,000000000000000;1,000000000000000;1,000000000000000;1,000000000000000;1,000000000000000;1,000000000000000;1,000000000000000
2022-12-08;alle;118;118,0;118;118;118;118;118;118;118;118;118;118;590;590,0;590;590;590;590;590;590;590;590,0;590,0;590,0;NA;NA;NA;NA;NA;NA;NA;NA;NA;NA;NA
2022-12-07;0-60;31;31,0;31;31;31;31;31;31;31;31;31;31;93;93,0;93;93;93;93;93;93;93;93,0;93,0;93,0;1,000000000000000;1,000000000000000;1,000000000000000;1,000000000000000;1,000000000000000;1,000000000000000;1,000000000000000;1,000000000000000;1,000000000000000;1,000000000000000;1,000000000000000
2022-12-07;60+;100;100,0;100;100;100;100;100;100;100;100;100;100;471;471,0;471;471;471;471;471;471;471;471,0;471,0;471,0;1,000000000000000;1,000000000000000;1,000000000000000;1,000000000000000;1,000000000000000;1,000000000000000;1,000000000000000;1,000000000000000;1,000000000000000;1,000000000000000;1,000000000000000
2022-12-07;alle;131;131,0;131;131;131;131;131;131;131;131;131;131;564;564,0;564;564;564;564;564;564;564;564,0;564,0;564,0;NA;NA;NA;NA;NA;NA;NA;NA;NA;NA;NA
2022-12-06;0-60;17;17,0;17;17;17;17;17;17;17;17;17;17;80;80,0;80;80;80;80;80;80;80;80,0;80,0;80,0;1,000000000000000;1,000000000000000;1,000000000000000;1,000000000000000;1,000000000000000;1,000000000000000;1,000000000000000;1,000000000000000;1,000000000000000;1,000000000000000;1,000000000000000
2022-12-06;60+;127;127,0;127;127;127;127;127;127;127;127;127;127;434;434,0;434;434;434;434;434;434;434;434,0;434,0;434,0;1,000000000000000;1,000000000000000;1,000000000000000;1,000000000000000;1,000000000000000;1,000000000000000;1,000000000000000;1,000000000000000;1,000000000000000;1,000000000000000;1,000000000000000
2022-12-06;alle;144;144,0;144;144;144;144;144;144;144;144;144;144;514;514,0;514;514;514;514;514;514;514;514,0;514,0;514,0;NA;NA;NA;NA;NA;NA;NA;NA;NA;NA;NA
2022-12-05;0-60;3;3,0;3;3;3;3;3;3;3;3;3;3;83;83,0;83;83;83;83;83;83;83;83,0;83,0;83,0;1,000000000000000;1,000000000000000;1,000000000000000;1,000000000000000;1,000000000000000;1,000000000000000;1,000000000000000;1,000000000000000;1,000000000000000;1,000000000000000;1,000000000000000
2022-12-05;60+;18;18,0;18;18;18;18;18;18;18;18;18;18;418;418,0;418;418;418;418;418;418;418;418,0;418,0;418,0;1,000000000000000;1,000000000000000;1,000000000000000;1,000000000000000;1,000000000000000;1,000000000000000;1,000000000000000;1,000000000000000;1,000000000000000;1,000000000000000;1,000000000000000
2022-12-05;alle;21;21,0;21;21;21;21;21;21;21;21;21;21;501;501,0;501;501;501;501;501;501;501;501,0;501,0;501,0;NA;NA;NA;NA;NA;NA;NA;NA;NA;NA;NA
2022-12-04;0-60;3;3,0;3;3;3;3;3;3;3;3;3;3;84;84,0;84;84;84;84;84;84;84;84,0;84,0;84,0;1,000000000000000;1,000000000000000;1,000000000000000;1,000000000000000;1,000000000000000;1,000000000000000;1,000000000000000;1,000000000000000;1,000000000000000;1,000000000000000;1,000000000000000
2022-12-04;60+;14;14,0;14;14;14;14;14;14;14;14;14;14;417;417,0;417;417;417;417;417;417;417;417,0;417,0;417,0;1,000000000000000;1,000000000000000;1,000000000000000;1,000000000000000;1,000000000000000;1,000000000000000;1,000000000000000;1,000000000000000;1,000000000000000;1,000000000000000;1,000000000000000
2022-12-04;alle;17;17,0;17;17;17;17;17;17;17;17;17;17;501;501,0;501;501;501;501;501;501;501;501,0;501,0;501,0;NA;NA;NA;NA;NA;NA;NA;NA;NA;NA;NA
2022-12-03;0-60;15;15,0;15;15;15;15;15;15;15;15;15;15;82;82,0;82;82;82;82;82;82;82;82,0;82,0;82,0;1,000000000000000;1,000000000000000;1,000000000000000;1,000000000000000;1,000000000000000;1,000000000000000;1,000000000000000;1,000000000000000;1,000000000000000;1,000000000000000;1,000000000000000
2022-12-03;60+;49;49,0;49;49;49;49;49;49;49;49;49;49;411;411,0;411;411;411;411;411;411;411;411,0;411,0;411,0;1,000000000000000;1,000000000000000;1,000000000000000;1,000000000000000;1,000000000000000;1,000000000000000;1,000000000000000;1,000000000000000;1,000000000000000;1,000000000000000;1,000000000000000
2022-12-03;alle;64;64,0;64;64;64;64;64;64;64;64;64;64;493;493,0;493;493;493;493;493;493;493;493,0;493,0;493,0;NA;NA;NA;NA;NA;NA;NA;NA;NA;NA;NA
2022-12-02;0-60;17;17,0;17;17;17;17;17;17;17;17;17;17;78;78,0;78;78;78;78;78;78;78;78,0;78,0;78,0;1,000000000000000;1,000000000000000;1,000000000000000;1,000000000000000;1,000000000000000;1,000000000000000;1,000000000000000;1,000000000000000;1,000000000000000;1,000000000000000;1,000000000000000
2022-12-02;60+;78;78,0;78;78;78;78;78;78;78;78;78;78;426;426,0;426;426;426;426;426;426;426;426,0;426,0;426,0;1,000000000000000;1,000000000000000;1,000000000000000;1,000000000000000;1,000000000000000;1,000000000000000;1,000000000000000;1,000000000000000;1,000000000000000;1,000000000000000;1,000000000000000
2022-12-02;alle;95;95,0;95;95;95;95;95;95;95;95;95;95;504;504,0;504;504;504;504;504;504;504;504,0;504,0;504,0;NA;NA;NA;NA;NA;NA;NA;NA;NA;NA;NA
2022-12-01;0-60;7;7,0;7;7;7;7;7;7;7;7;7;7;67;67,0;67;67;67;67;67;67;67;67,0;67,0;67,0;1,000000000000000;1,000000000000000;1,000000000000000;1,000000000000000;1,000000000000000;1,000000000000000;1,000000000000000;1,000000000000000;1,000000000000000;1,000000000000000;1,000000000000000
2022-12-01;60+;85;85,0;85;85;85;85;85;85;85;85;85;85;397;397,0;397;397;397;397;397;397;397;397,0;397,0;397,0;1,000000000000000;1,000000000000000;1,000000000000000;1,000000000000000;1,000000000000000;1,000000000000000;1,000000000000000;1,000000000000000;1,000000000000000;1,000000000000000;1,000000000000000
2022-12-01;alle;92;92,0;92;92;92;92;92;92;92;92;92;92;464;464,0;464;464;464;464;464;464;464;464,0;464,0;464,0;NA;NA;NA;NA;NA;NA;NA;NA;NA;NA;NA
2022-11-30;0-60;18;18,0;18;18;18;18;18;18;18;18;18;18;68;68,0;68;68;68;68;68;68;68;68,0;68,0;68,0;1,000000000000000;1,000000000000000;1,000000000000000;1,000000000000000;1,000000000000000;1,000000000000000;1,000000000000000;1,000000000000000;1,000000000000000;1,000000000000000;1,000000000000000
2022-11-30;60+;63;63,0;63;63;63;63;63;63;63;63;63;63;346;346,0;346;346;346;346;346;346;346;346,0;346,0;346,0;1,000000000000000;1,000000000000000;1,000000000000000;1,000000000000000;1,000000000000000;1,000000000000000;1,000000000000000;1,000000000000000;1,000000000000000;1,000000000000000;1,000000000000000
2022-11-30;alle;81;81,0;81;81;81;81;81;81;81;81;81;81;414;414,0;414;414;414;414;414;414;414;414,0;414,0;414,0;NA;NA;NA;NA;NA;NA;NA;NA;NA;NA;NA
2022-11-29;0-60;20;20,0;20;20;20;20;20;20;20;20;20;20;60;60,0;60;60;60;60;60;60;60;60,0;60,0;60,0;1,000000000000000;1,000000000000000;1,000000000000000;1,000000000000000;1,000000000000000;1,000000000000000;1,000000000000000;1,000000000000000;1,000000000000000;1,000000000000000;1,000000000000000
2022-11-29;60+;111;111,0;111;111;111;111;111;111;111;111;111;111;322;322,0;322;322;322;322;322;322;322;322,0;322,0;322,0;1,000000000000000;1,000000000000000;1,000000000000000;1,000000000000000;1,000000000000000;1,000000000000000;1,000000000000000;1,000000000000000;1,000000000000000;1,000000000000000;1,000000000000000
2022-11-29;alle;131;131,0;131;131;131;131;131;131;131;131;131;131;382;382,0;382;382;382;382;382;382;382;382,0;382,0;382,0;NA;NA;NA;NA;NA;NA;NA;NA;NA;NA;NA
2022-11-28;0-60;4;4,0;4;4;4;4;4;4;4;4;4;4;50;50,0;50;50;50;50;50;50;50;50,0;50,0;50,0;1,000000000000000;1,000000000000000;1,000000000000000;1,000000000000000;1,000000000000000;1,000000000000000;1,000000000000000;1,000000000000000;1,000000000000000;1,000000000000000;1,000000000000000
2022-11-28;60+;17;17,0;17;17;17;17;17;17;17;17;17;17;274;274,0;274;274;274;274;274;274;274;274,0;274,0;274,0;1,000000000000000;1,000000000000000;1,000000000000000;1,000000000000000;1,000000000000000;1,000000000000000;1,000000000000000;1,000000000000000;1,000000000000000;1,000000000000000;1,000000000000000
2022-11-28;alle;21;21,0;21;21;21;21;21;21;21;21;21;21;324;324,0;324;324;324;324;324;324;324;324,0;324,0;324,0;NA;NA;NA;NA;NA;NA;NA;NA;NA;NA;NA
2022-11-27;0-60;1;1,0;1;1;1;1;1;1;1;1;1;1;48;48,0;48;48;48;48;48;48;48;48,0;48,0;48,0;1,000000000000000;1,000000000000000;1,000000000000000;1,000000000000000;1,000000000000000;1,000000000000000;1,000000000000000;1,000000000000000;1,000000000000000;1,000000000000000;1,000000000000000
2022-11-27;60+;8;8,0;8;8;8;8;8;8;8;8;8;8;272;272,0;272;272;272;272;272;272;272;272,0;272,0;272,0;1,000000000000000;1,000000000000000;1,000000000000000;1,000000000000000;1,000000000000000;1,000000000000000;1,000000000000000;1,000000000000000;1,000000000000000;1,000000000000000;1,000000000000000
2022-11-27;alle;9;9,0;9;9;9;9;9;9;9;9;9;9;320;320,0;320;320;320;320;320;320;320;320,0;320,0;320,0;NA;NA;NA;NA;NA;NA;NA;NA;NA;NA;NA
2022-11-26;0-60;11;11,0;11;11;11;11;11;11;11;11;11;11;50;50,0;50;50;50;50;50;50;50;50,0;50,0;50,0;1,000000000000000;1,000000000000000;1,000000000000000;1,000000000000000;1,000000000000000;1,000000000000000;1,000000000000000;1,000000000000000;1,000000000000000;1,000000000000000;1,000000000000000
2022-11-26;60+;64;64,0;64;64;64;64;64;64;64;64;64;64;272;272,0;272;272;272;272;272;272;272;272,0;272,0;272,0;1,000000000000000;1,000000000000000;1,000000000000000;1,000000000000000;1,000000000000000;1,000000000000000;1,000000000000000;1,000000000000000;1,000000000000000;1,000000000000000;1,000000000000000
2022-11-26;alle;75;75,0;75;75;75;75;75;75;75;75;75;75;322;322,0;322;322;322;322;322;322;322;322,0;322,0;322,0;NA;NA;NA;NA;NA;NA;NA;NA;NA;NA;NA
2022-11-25;0-60;6;6,0;6;6;6;6;6;6;6;6;6;6;46;46,0;46;46;46;46;46;46;46;46,0;46,0;46,0;1,000000000000000;1,000000000000000;1,000000000000000;1,000000000000000;1,000000000000000;1,000000000000000;1,000000000000000;1,000000000000000;1,000000000000000;1,000000000000000;1,000000000000000
2022-11-25;60+;49;49,0;49;49;49;49;49;49;49;49;49;49;231;231,0;231;231;231;231;231;231;231;231,0;231,0;231,0;1,000000000000000;1,000000000000000;1,000000000000000;1,000000000000000;1,000000000000000;1,000000000000000;1,000000000000000;1,000000000000000;1,000000000000000;1,000000000000000;1,000000000000000
2022-11-25;alle;55;55,0;55;55;55;55;55;55;55;55;55;55;277;277,0;277;277;277;277;277;277;277;277,0;277,0;277,0;NA;NA;NA;NA;NA;NA;NA;NA;NA;NA;NA
2022-11-24;0-60;8;8,0;8;8;8;8;8;8;8;8;8;8;52;52,0;52;52;52;52;52;52;52;52,0;52,0;52,0;1,000000000000000;1,000000000000000;1,000000000000000;1,000000000000000;1,000000000000000;1,000000000000000;1,000000000000000;1,000000000000000;1,000000000000000;1,000000000000000;1,000000000000000
2022-11-24;60+;34;34,0;34;34;34;34;34;34;34;34;34;34;222;222,0;222;222;222;222;222;222;222;222,0;222,0;222,0;1,000000000000000;1,000000000000000;1,000000000000000;1,000000000000000;1,000000000000000;1,000000000000000;1,000000000000000;1,000000000000000;1,000000000000000;1,000000000000000;1,000000000000000
2022-11-24;alle;42;42,0;42;42;42;42;42;42;42;42;42;42;274;274,0;274;274;274;274;274;274;274;274,0;274,0;274,0;NA;NA;NA;NA;NA;NA;NA;NA;NA;NA;NA
2022-11-23;0-60;10;10,0;10;10;10;10;10;10;10;10;10;10;60;60,0;60;60;60;60;60;60;60;60,0;60,0;60,0;1,000000000000000;1,000000000000000;1,000000000000000;1,000000000000000;1,000000000000000;1,000000000000000;1,000000000000000;1,000000000000000;1,000000000000000;1,000000000000000;1,000000000000000
2022-11-23;60+;39;39,0;39;39;39;39;39;39;39;39;39;39;216;216,0;216;216;216;216;216;216;216;216,0;216,0;216,0;1,000000000000000;1,000000000000000;1,000000000000000;1,000000000000000;1,000000000000000;1,000000000000000;1,000000000000000;1,000000000000000;1,000000000000000;1,000000000000000;1,000000000000000
2022-11-23;alle;49;49,0;49;49;49;49;49;49;49;49;49;49;276;276,0;276;276;276;276;276;276;276;276,0;276,0;276,0;NA;NA;NA;NA;NA;NA;NA;NA;NA;NA;NA
2022-11-22;0-60;10;10,0;10;10;10;10;10;10;10;10;10;10;65;65,0;65;65;65;65;65;65;65;65,0;65,0;65,0;1,000000000000000;1,000000000000000;1,000000000000000;1,000000000000000;1,000000000000000;1,000000000000000;1,000000000000000;1,000000000000000;1,000000000000000;1,000000000000000;1,000000000000000
2022-11-22;60+;63;63,0;63;63;63;63;63;63;63;63;63;63;229;229,0;229;229;229;229;229;229;229;229,0;229,0;229,0;1,000000000000000;1,000000000000000;1,000000000000000;1,000000000000000;1,000000000000000;1,000000000000000;1,000000000000000;1,000000000000000;1,000000000000000;1,000000000000000;1,000000000000000
2022-11-22;alle;73;73,0;73;73;73;73;73;73;73;73;73;73;294;294,0;294;294;294;294;294;294;294;294,0;294,0;294,0;NA;NA;NA;NA;NA;NA;NA;NA;NA;NA;NA
2022-11-21;0-60;2;2,0;2;2;2;2;2;2;2;2;2;2;70;70,0;70;70;70;70;70;70;70;70,0;70,0;70,0;1,000000000000000;1,000000000000000;1,000000000000000;1,000000000000000;1,000000000000000;1,000000000000000;1,000000000000000;1,000000000000000;1,000000000000000;1,000000000000000;1,000000000000000
2022-11-21;60+;15;15,0;15;15;15;15;15;15;15;15;15;15;229;229,0;229;229;229;229;229;229;229;229,0;229,0;229,0;1,000000000000000;1,000000000000000;1,000000000000000;1,000000000000000;1,000000000000000;1,000000000000000;1,000000000000000;1,000000000000000;1,000000000000000;1,000000000000000;1,000000000000000
2022-11-21;alle;17;17,0;17;17;17;17;17;17;17;17;17;17;299;299,0;299;299;299;299;299;299;299;299,0;299,0;299,0;NA;NA;NA;NA;NA;NA;NA;NA;NA;NA;NA
2022-11-20;0-60;3;3,0;3;3;3;3;3;3;3;3;3;3;70;70,0;70;70;70;70;70;70;70;70,0;70,0;70,0;1,000000000000000;1,000000000000000;1,000000000000000;1,000000000000000;1,000000000000000;1,000000000000000;1,000000000000000;1,000000000000000;1,000000000000000;1,000000000000000;1,000000000000000
2022-11-20;60+;8;8,0;8;8;8;8;8;8;8;8;8;8;226;226,0;226;226;226;226;226;226;226;226,0;226,0;226,0;1,000000000000000;1,000000000000000;1,000000000000000;1,000000000000000;1,000000000000000;1,000000000000000;1,000000000000000;1,000000000000000;1,000000000000000;1,000000000000000;1,000000000000000
2022-11-20;alle;11;11,0;11;11;11;11;11;11;11;11;11;11;296;296,0;296;296;296;296;296;296;296;296,0;296,0;296,0;NA;NA;NA;NA;NA;NA;NA;NA;NA;NA;NA
2022-11-19;0-60;7;7,0;7;7;7;7;7;7;7;7;7;7;69;69,0;69;69;69;69;69;69;69;69,0;69,0;69,0;1,000000000000000;1,000000000000000;1,000000000000000;1,000000000000000;1,000000000000000;1,000000000000000;1,000000000000000;1,000000000000000;1,000000000000000;1,000000000000000;1,000000000000000
2022-11-19;60+;23;23,0;23;23;23;23;23;23;23;23;23;23;228;228,0;228;228;228;228;228;228;228;228,0;228,0;228,0;1,000000000000000;1,000000000000000;1,000000000000000;1,000000000000000;1,000000000000000;1,000000000000000;1,000000000000000;1,000000000000000;1,000000000000000;1,000000000000000;1,000000000000000
2022-11-19;alle;30;30,0;30;30;30;30;30;30;30;30;30;30;297;297,0;297;297;297;297;297;297;297;297,0;297,0;297,0;NA;NA;NA;NA;NA;NA;NA;NA;NA;NA;NA
2022-11-18;0-60;12;12,0;12;12;12;12;12;12;12;12;12;12;71;71,0;71;71;71;71;71;71;71;71,0;71,0;71,0;1,000000000000000;1,000000000000000;1,000000000000000;1,000000000000000;1,000000000000000;1,000000000000000;1,000000000000000;1,000000000000000;1,000000000000000;1,000000000000000;1,000000000000000
2022-11-18;60+;40;40,0;40;40;40;40;40;40;40;40;40;40;247;247,0;247;247;247;247;247;247;247;247,0;247,0;247,0;1,000000000000000;1,000000000000000;1,000000000000000;1,000000000000000;1,000000000000000;1,000000000000000;1,000000000000000;1,000000000000000;1,000000000000000;1,000000000000000;1,000000000000000
2022-11-18;alle;52;52,0;52;52;52;52;52;52;52;52;52;52;318;318,0;318;318;318;318;318;318;318;318,0;318,0;318,0;NA;NA;NA;NA;NA;NA;NA;NA;NA;NA;NA
2022-11-17;0-60;16;16,0;16;16;16;16;16;16;16;16;16;16;72;72,0;72;72;72;72;72;72;72;72,0;72,0;72,0;1,000000000000000;1,000000000000000;1,000000000000000;1,000000000000000;1,000000000000000;1,000000000000000;1,000000000000000;1,000000000000000;1,000000000000000;1,000000000000000;1,000000000000000
2022-11-17;60+;28;28,0;28;28;28;28;28;28;28;28;28;28;245;245,0;245;245;245;245;245;245;245;245,0;245,0;245,0;1,000000000000000;1,000000000000000;1,000000000000000;1,000000000000000;1,000000000000000;1,000000000000000;1,000000000000000;1,000000000000000;1,000000000000000;1,000000000000000;1,000000000000000
2022-11-17;alle;44;44,0;44;44;44;44;44;44;44;44;44;44;317;317,0;317;317;317;317;317;317;317;317,0;317,0;317,0;NA;NA;NA;NA;NA;NA;NA;NA;NA;NA;NA
2022-11-16;0-60;15;15,0;15;15;15;15;15;15;15;15;15;15;65;65,0;65;65;65;65;65;65;65;65,0;65,0;65,0;1,000000000000000;1,000000000000000;1,000000000000000;1,000000000000000;1,000000000000000;1,000000000000000;1,000000000000000;1,000000000000000;1,000000000000000;1,000000000000000;1,000000000000000
2022-11-16;60+;52;52,0;52;52;52;52;52;52;52;52;52;52;264;264,0;264;264;264;264;264;264;264;264,0;264,0;264,0;1,000000000000000;1,000000000000000;1,000000000000000;1,000000000000000;1,000000000000000;1,000000000000000;1,000000000000000;1,000000000000000;1,000000000000000;1,000000000000000;1,000000000000000
2022-11-16;alle;67;67,0;67;67;67;67;67;67;67;67;67;67;329;329,0;329;329;329;329;329;329;329;329,0;329,0;329,0;NA;NA;NA;NA;NA;NA;NA;NA;NA;NA;NA
2022-11-15;0-60;15;15,0;15;15;15;15;15;15;15;15;15;15;65;65,0;65;65;65;65;65;65;65;65,0;65,0;65,0;1,000000000000000;1,000000000000000;1,000000000000000;1,000000000000000;1,000000000000000;1,000000000000000;1,000000000000000;1,000000000000000;1,000000000000000;1,000000000000000;1,000000000000000
2022-11-15;60+;63;63,0;63;63;63;63;63;63;63;63;63;63;255;255,0;255;255;255;255;255;255;255;255,0;255,0;255,0;1,000000000000000;1,000000000000000;1,000000000000000;1,000000000000000;1,000000000000000;1,000000000000000;1,000000000000000;1,000000000000000;1,000000000000000;1,000000000000000;1,000000000000000
2022-11-15;alle;78;78,0;78;78;78;78;78;78;78;78;78;78;320;320,0;320;320;320;320;320;320;320;320,0;320,0;320,0;NA;NA;NA;NA;NA;NA;NA;NA;NA;NA;NA
2022-11-14;0-60;2;2,0;2;2;2;2;2;2;2;2;2;2;72;72,0;72;72;72;72;72;72;72;72,0;72,0;72,0;1,000000000000000;1,000000000000000;1,000000000000000;1,000000000000000;1,000000000000000;1,000000000000000;1,000000000000000;1,000000000000000;1,000000000000000;1,000000000000000;1,000000000000000
2022-11-14;60+;12;12,0;12;12;12;12;12;12;12;12;12;12;264;264,0;264;264;264;264;264;264;264;264,0;264,0;264,0;1,000000000000000;1,000000000000000;1,000000000000000;1,000000000000000;1,000000000000000;1,000000000000000;1,000000000000000;1,000000000000000;1,000000000000000;1,000000000000000;1,000000000000000
2022-11-14;alle;14;14,0;14;14;14;14;14;14;14;14;14;14;336;336,0;336;336;336;336;336;336;336;336,0;336,0;336,0;NA;NA;NA;NA;NA;NA;NA;NA;NA;NA;NA
2022-11-13;0-60;2;2,0;2;2;2;2;2;2;2;2;2;2;72;72,0;72;72;72;72;72;72;72;72,0;72,0;72,0;1,000000000000000;1,000000000000000;1,000000000000000;1,000000000000000;1,000000000000000;1,000000000000000;1,000000000000000;1,000000000000000;1,000000000000000;1,000000000000000;1,000000000000000
2022-11-13;60+;10;10,0;10;10;10;10;10;10;10;10;10;10;268;268,0;268;268;268;268;268;268;268;268,0;268,0;268,0;1,000000000000000;1,000000000000000;1,000000000000000;1,000000000000000;1,000000000000000;1,000000000000000;1,000000000000000;1,000000000000000;1,000000000000000;1,000000000000000;1,000000000000000
2022-11-13;alle;12;12,0;12;12;12;12;12;12;12;12;12;12;340;340,0;340;340;340;340;340;340;340;340,0;340,0;340,0;NA;NA;NA;NA;NA;NA;NA;NA;NA;NA;NA
2022-11-12;0-60;9;9,0;9;9;9;9;9;9;9;9;9;9;70;70,0;70;70;70;70;70;70;70;70,0;70,0;70,0;1,000000000000000;1,000000000000000;1,000000000000000;1,000000000000000;1,000000000000000;1,000000000000000;1,000000000000000;1,000000000000000;1,000000000000000;1,000000000000000;1,000000000000000
2022-11-12;60+;42;42,0;42;42;42;42;42;42;42;42;42;42;268;268,0;268;268;268;268;268;268;268;268,0;268,0;268,0;1,000000000000000;1,000000000000000;1,000000000000000;1,000000000000000;1,000000000000000;1,000000000000000;1,000000000000000;1,000000000000000;1,000000000000000;1,000000000000000;1,000000000000000
2022-11-12;alle;51;51,0;51;51;51;51;51;51;51;51;51;51;338;338,0;338;338;338;338;338;338;338;338,0;338,0;338,0;NA;NA;NA;NA;NA;NA;NA;NA;NA;NA;NA
2022-11-11;0-60;13;13,0;13;13;13;13;13;13;13;13;13;13;75;75,0;75;75;75;75;75;75;75;75,0;75,0;75,0;1,000000000000000;1,000000000000000;1,000000000000000;1,000000000000000;1,000000000000000;1,000000000000000;1,000000000000000;1,000000000000000;1,000000000000000;1,000000000000000;1,000000000000000
2022-11-11;60+;38;38,0;38;38;38;38;38;38;38;38;38;38;270;270,0;270;270;270;270;270;270;270;270,0;270,0;270,0;1,000000000000000;1,000000000000000;1,000000000000000;1,000000000000000;1,000000000000000;1,000000000000000;1,000000000000000;1,000000000000000;1,000000000000000;1,000000000000000;1,000000000000000
2022-11-11;alle;51;51,0;51;51;51;51;51;51;51;51;51;51;345;345,0;345;345;345;345;345;345;345;345,0;345,0;345,0;NA;NA;NA;NA;NA;NA;NA;NA;NA;NA;NA
2022-11-10;0-60;9;9,0;9;9;9;9;9;9;9;9;9;9;81;81,0;81;81;81;81;81;81;81;81,0;81,0;81,0;1,000000000000000;1,000000000000000;1,000000000000000;1,000000000000000;1,000000000000000;1,000000000000000;1,000000000000000;1,000000000000000;1,000000000000000;1,000000000000000;1,000000000000000
2022-11-10;60+;47;47,0;47;47;47;47;47;47;47;47;47;47;290;290,0;290;290;290;290;290;290;290;290,0;290,0;290,0;1,000000000000000;1,000000000000000;1,000000000000000;1,000000000000000;1,000000000000000;1,000000000000000;1,000000000000000;1,000000000000000;1,000000000000000;1,000000000000000;1,000000000000000
2022-11-10;alle;56;56,0;56;56;56;56;56;56;56;56;56;56;371;371,0;371;371;371;371;371;371;371;371,0;371,0;371,0;NA;NA;NA;NA;NA;NA;NA;NA;NA;NA;NA
2022-11-09;0-60;15;15,0;15;15;15;15;15;15;15;15;15;15;87;87,0;87;87;87;87;87;87;87;87,0;87,0;87,0;1,000000000000000;1,000000000000000;1,000000000000000;1,000000000000000;1,000000000000000;1,000000000000000;1,000000000000000;1,000000000000000;1,000000000000000;1,000000000000000;1,000000000000000
2022-11-09;60+;43;43,0;43;43;43;43;43;43;43;43;43;43;299;299,0;299;299;299;299;299;299;299;299,0;299,0;299,0;1,000000000000000;1,000000000000000;1,000000000000000;1,000000000000000;1,000000000000000;1,000000000000000;1,000000000000000;1,000000000000000;1,000000000000000;1,000000000000000;1,000000000000000
2022-11-09;alle;58;58,0;58;58;58;58;58;58;58;58;58;58;386;386,0;386;386;386;386;386;386;386;386,0;386,0;386,0;NA;NA;NA;NA;NA;NA;NA;NA;NA;NA;NA
2022-11-08;0-60;22;22,0;22;22;22;22;22;22;22;22;22;22;86;86,0;86;86;86;86;86;86;86;86,0;86,0;86,0;1,000000000000000;1,000000000000000;1,000000000000000;1,000000000000000;1,000000000000000;1,000000000000000;1,000000000000000;1,000000000000000;1,000000000000000;1,000000000000000;1,000000000000000
2022-11-08;60+;72;72,0;72;72;72;72;72;72;72;72;72;72;326;326,0;326;326;326;326;326;326;326;326,0;326,0;326,0;1,000000000000000;1,000000000000000;1,000000000000000;1,000000000000000;1,000000000000000;1,000000000000000;1,000000000000000;1,000000000000000;1,000000000000000;1,000000000000000;1,000000000000000
2022-11-08;alle;94;94,0;94;94;94;94;94;94;94;94;94;94;412;412,0;412;412;412;412;412;412;412;412,0;412,0;412,0;NA;NA;NA;NA;NA;NA;NA;NA;NA;NA;NA
2022-11-07;0-60;2;2,0;2;2;2;2;2;2;2;2;2;2;71;71,0;71;71;71;71;71;71;71;71,0;71,0;71,0;1,000000000000000;1,000000000000000;1,000000000000000;1,000000000000000;1,000000000000000;1,000000000000000;1,000000000000000;1,000000000000000;1,000000000000000;1,000000000000000;1,000000000000000
2022-11-07;60+;16;16,0;16;16;16;16;16;16;16;16;16;16;269;269,0;269;269;269;269;269;269;269;269,0;269,0;269,0;1,000000000000000;1,000000000000000;1,000000000000000;1,000000000000000;1,000000000000000;1,000000000000000;1,000000000000000;1,000000000000000;1,000000000000000;1,000000000000000;1,000000000000000
2022-11-07;alle;18;18,0;18;18;18;18;18;18;18;18;18;18;340;340,0;340;340;340;340;340;340;340;340,0;340,0;340,0;NA;NA;NA;NA;NA;NA;NA;NA;NA;NA;NA
2022-11-06;0-60;0;0,0;0;0;0;0;0;0;0;0;0;0;73;73,0;73;73;73;73;73;73;73;73,0;73,0;73,0;1,000000000000000;1,000000000000000;1,000000000000000;1,000000000000000;1,000000000000000;1,000000000000000;1,000000000000000;1,000000000000000;1,000000000000000;1,000000000000000;1,000000000000000
2022-11-06;60+;10;10,0;10;10;10;10;10;10;10;10;10;10;267;267,0;267;267;267;267;267;267;267;267,0;267,0;267,0;1,000000000000000;1,000000000000000;1,000000000000000;1,000000000000000;1,000000000000000;1,000000000000000;1,000000000000000;1,000000000000000;1,000000000000000;1,000000000000000;1,000000000000000
2022-11-06;alle;10;10,0;10;10;10;10;10;10;10;10;10;10;340;340,0;340;340;340;340;340;340;340;340,0;340,0;340,0;NA;NA;NA;NA;NA;NA;NA;NA;NA;NA;NA
2022-11-05;0-60;14;14,0;14;14;14;14;14;14;14;14;14;14;79;79,0;79;79;79;79;79;79;79;79,0;79,0;79,0;1,000000000000000;1,000000000000000;1,000000000000000;1,000000000000000;1,000000000000000;1,000000000000000;1,000000000000000;1,000000000000000;1,000000000000000;1,000000000000000;1,000000000000000
2022-11-05;60+;44;44,0;44;44;44;44;44;44;44;44;44;44;272;272,0;272;272;272;272;272;272;272;272,0;272,0;272,0;1,000000000000000;1,000000000000000;1,000000000000000;1,000000000000000;1,000000000000000;1,000000000000000;1,000000000000000;1,000000000000000;1,000000000000000;1,000000000000000;1,000000000000000
2022-11-05;alle;58;58,0;58;58;58;58;58;58;58;58;58;58;351;351,0;351;351;351;351;351;351;351;351,0;351,0;351,0;NA;NA;NA;NA;NA;NA;NA;NA;NA;NA;NA
2022-11-04;0-60;19;19,0;19;19;19;19;19;19;19;19;19;19;74;74,0;74;74;74;74;74;74;74;74,0;74,0;74,0;1,000000000000000;1,000000000000000;1,000000000000000;1,000000000000000;1,000000000000000;1,000000000000000;1,000000000000000;1,000000000000000;1,000000000000000;1,000000000000000;1,000000000000000
2022-11-04;60+;58;58,0;58;58;58;58;58;58;58;58;58;58;266;266,0;266;266;266;266;266;266;266;266,0;266,0;266,0;1,000000000000000;1,000000000000000;1,000000000000000;1,000000000000000;1,000000000000000;1,000000000000000;1,000000000000000;1,000000000000000;1,000000000000000;1,000000000000000;1,000000000000000
2022-11-04;alle;77;77,0;77;77;77;77;77;77;77;77;77;77;340;340,0;340;340;340;340;340;340;340;340,0;340,0;340,0;NA;NA;NA;NA;NA;NA;NA;NA;NA;NA;NA
2022-11-03;0-60;15;15,0;15;15;15;15;15;15;15;15;15;15;65;65,0;65;65;65;65;65;65;65;65,0;65,0;65,0;1,000000000000000;1,000000000000000;1,000000000000000;1,000000000000000;1,000000000000000;1,000000000000000;1,000000000000000;1,000000000000000;1,000000000000000;1,000000000000000;1,000000000000000
2022-11-03;60+;56;56,0;56;56;56;56;56;56;56;56;56;56;259;259,0;259;259;259;259;259;259;259;259,0;259,0;259,0;1,000000000000000;1,000000000000000;1,000000000000000;1,000000000000000;1,000000000000000;1,000000000000000;1,000000000000000;1,000000000000000;1,000000000000000;1,000000000000000;1,000000000000000
2022-11-03;alle;71;71,0;71;71;71;71;71;71;71;71;71;71;324;324,0;324;324;324;324;324;324;324;324,0;324,0;324,0;NA;NA;NA;NA;NA;NA;NA;NA;NA;NA;NA
2022-11-02;0-60;14;14,0;14;14;14;14;14;14;14;14;14;14;61;61,0;61;61;61;61;61;61;61;61,0;61,0;61,0;1,000000000000000;1,000000000000000;1,000000000000000;1,000000000000000;1,000000000000000;1,000000000000000;1,000000000000000;1,000000000000000;1,000000000000000;1,000000000000000;1,000000000000000
2022-11-02;60+;70;70,0;70;70;70;70;70;70;70;70;70;70;266;266,0;266;266;266;266;266;266;266;266,0;266,0;266,0;1,000000000000000;1,000000000000000;1,000000000000000;1,000000000000000;1,000000000000000;1,000000000000000;1,000000000000000;1,000000000000000;1,000000000000000;1,000000000000000;1,000000000000000
2022-11-02;alle;84;84,0;84;84;84;84;84;84;84;84;84;84;327;327,0;327;327;327;327;327;327;327;327,0;327,0;327,0;NA;NA;NA;NA;NA;NA;NA;NA;NA;NA;NA
2022-11-01;0-60;7;7,0;7;7;7;7;7;7;7;7;7;7;64;64,0;64;64;64;64;64;64;64;64,0;64,0;64,0;1,000000000000000;1,000000000000000;1,000000000000000;1,000000000000000;1,000000000000000;1,000000000000000;1,000000000000000;1,000000000000000;1,000000000000000;1,000000000000000;1,000000000000000
2022-11-01;60+;15;15,0;15;15;15;15;15;15;15;15;15;15;273;273,0;273;273;273;273;273;273;273;273,0;273,0;273,0;1,000000000000000;1,000000000000000;1,000000000000000;1,000000000000000;1,000000000000000;1,000000000000000;1,000000000000000;1,000000000000000;1,000000000000000;1,000000000000000;1,000000000000000
2022-11-01;alle;22;22,0;22;22;22;22;22;22;22;22;22;22;337;337,0;337;337;337;337;337;337;337;337,0;337,0;337,0;NA;NA;NA;NA;NA;NA;NA;NA;NA;NA;NA
2022-10-31;0-60;4;4,0;4;4;4;4;4;4;4;4;4;4;78;78,0;78;78;78;78;78;78;78;78,0;78,0;78,0;1,000000000000000;1,000000000000000;1,000000000000000;1,000000000000000;1,000000000000000;1,000000000000000;1,000000000000000;1,000000000000000;1,000000000000000;1,000000000000000;1,000000000000000
2022-10-31;60+;14;14,0;14;14;14;14;14;14;14;14;14;14;351;351,0;351;351;351;351;351;351;351;351,0;351,0;351,0;1,000000000000000;1,000000000000000;1,000000000000000;1,000000000000000;1,000000000000000;1,000000000000000;1,000000000000000;1,000000000000000;1,000000000000000;1,000000000000000;1,000000000000000
2022-10-31;alle;18;18,0;18;18;18;18;18;18;18;18;18;18;429;429,0;429;429;429;429;429;429;429;429,0;429,0;429,0;NA;NA;NA;NA;NA;NA;NA;NA;NA;NA;NA
2022-10-30;0-60;6;6,0;6;6;6;6;6;6;6;6;6;6;80;80,0;80;80;80;80;80;80;80;80,0;80,0;80,0;1,000000000000000;1,000000000000000;1,000000000000000;1,000000000000000;1,000000000000000;1,000000000000000;1,000000000000000;1,000000000000000;1,000000000000000;1,000000000000000;1,000000000000000
2022-10-30;60+;15;15,0;15;15;15;15;15;15;15;15;15;15;361;361,0;361;361;361;361;361;361;361;361,0;361,0;361,0;1,000000000000000;1,000000000000000;1,000000000000000;1,000000000000000;1,000000000000000;1,000000000000000;1,000000000000000;1,000000000000000;1,000000000000000;1,000000000000000;1,000000000000000
2022-10-30;alle;21;21,0;21;21;21;21;21;21;21;21;21;21;441;441,0;441;441;441;441;441;441;441;441,0;441,0;441,0;NA;NA;NA;NA;NA;NA;NA;NA;NA;NA;NA
2022-10-29;0-60;9;9,0;9;9;9;9;9;9;9;9;9;9;79;79,0;79;79;79;79;79;79;79;79,0;79,0;79,0;1,000000000000000;1,000000000000000;1,000000000000000;1,000000000000000;1,000000000000000;1,000000000000000;1,000000000000000;1,000000000000000;1,000000000000000;1,000000000000000;1,000000000000000
2022-10-29;60+;38;38,0;38;38;38;38;38;38;38;38;38;38;366;366,0;366;366;366;366;366;366;366;366,0;366,0;366,0;1,000000000000000;1,000000000000000;1,000000000000000;1,000000000000000;1,000000000000000;1,000000000000000;1,000000000000000;1,000000000000000;1,000000000000000;1,000000000000000;1,000000000000000
2022-10-29;alle;47;47,0;47;47;47;47;47;47;47;47;47;47;445;445,0;445;445;445;445;445;445;445;445,0;445,0;445,0;NA;NA;NA;NA;NA;NA;NA;NA;NA;NA;NA
2022-10-28;0-60;10;10,0;10;10;10;10;10;10;10;10;10;10;87;87,0;87;87;87;87;87;87;87;87,0;87,0;87,0;1,000000000000000;1,000000000000000;1,000000000000000;1,000000000000000;1,000000000000000;1,000000000000000;1,000000000000000;1,000000000000000;1,000000000000000;1,000000000000000;1,000000000000000
2022-10-28;60+;51;51,0;51;51;51;51;51;51;51;51;51;51;391;391,0;391;391;391;391;391;391;391;391,0;391,0;391,0;1,000000000000000;1,000000000000000;1,000000000000000;1,000000000000000;1,000000000000000;1,000000000000000;1,000000000000000;1,000000000000000;1,000000000000000;1,000000000000000;1,000000000000000
2022-10-28;alle;61;61,0;61;61;61;61;61;61;61;61;61;61;478;478,0;478;478;478;478;478;478;478;478,0;478,0;478,0;NA;NA;NA;NA;NA;NA;NA;NA;NA;NA;NA
2022-10-27;0-60;11;11,0;11;11;11;11;11;11;11;11;11;11;91;91,0;91;91;91;91;91;91;91;91,0;91,0;91,0;1,000000000000000;1,000000000000000;1,000000000000000;1,000000000000000;1,000000000000000;1,000000000000000;1,000000000000000;1,000000000000000;1,000000000000000;1,000000000000000;1,000000000000000
2022-10-27;60+;63;63,0;63;63;63;63;63;63;63;63;63;63;411;411,0;411;411;411;411;411;411;411;411,0;411,0;411,0;1,000000000000000;1,000000000000000;1,000000000000000;1,000000000000000;1,000000000000000;1,000000000000000;1,000000000000000;1,000000000000000;1,000000000000000;1,000000000000000;1,000000000000000
2022-10-27;alle;74;74,0;74;74;74;74;74;74;74;74;74;74;502;502,0;502;502;502;502;502;502;502;502,0;502,0;502,0;NA;NA;NA;NA;NA;NA;NA;NA;NA;NA;NA
2022-10-26;0-60;17;17,0;17;17;17;17;17;17;17;17;17;17;97;97,0;97;97;97;97;97;97;97;97,0;97,0;97,0;1,000000000000000;1,000000000000000;1,000000000000000;1,000000000000000;1,000000000000000;1,000000000000000;1,000000000000000;1,000000000000000;1,000000000000000;1,000000000000000;1,000000000000000
2022-10-26;60+;77;77,0;77;77;77;77;77;77;77;77;77;77;425;425,0;425;425;425;425;425;425;425;425,0;425,0;425,0;1,000000000000000;1,000000000000000;1,000000000000000;1,000000000000000;1,000000000000000;1,000000000000000;1,000000000000000;1,000000000000000;1,000000000000000;1,000000000000000;1,000000000000000
2022-10-26;alle;94;94,0;94;94;94;94;94;94;94;94;94;94;522;522,0;522;522;522;522;522;522;522;522,0;522,0;522,0;NA;NA;NA;NA;NA;NA;NA;NA;NA;NA;NA
2022-10-25;0-60;21;21,0;21;21;21;21;21;21;21;21;21;21;111;111,0;111;111;111;111;111;111;111;111,0;111,0;111,0;1,000000000000000;1,000000000000000;1,000000000000000;1,000000000000000;1,000000000000000;1,000000000000000;1,000000000000000;1,000000000000000;1,000000000000000;1,000000000000000;1,000000000000000
2022-10-25;60+;93;93,0;93;93;93;93;93;93;93;93;93;93;431;431,0;431;431;431;431;431;431;431;431,0;431,0;431,0;1,000000000000000;1,000000000000000;1,000000000000000;1,000000000000000;1,000000000000000;1,000000000000000;1,000000000000000;1,000000000000000;1,000000000000000;1,000000000000000;1,000000000000000
2022-10-25;alle;114;114,0;114;114;114;114;114;114;114;114;114;114;542;542,0;542;542;542;542;542;542;542;542,0;542,0;542,0;NA;NA;NA;NA;NA;NA;NA;NA;NA;NA;NA
2022-10-24;0-60;6;6,0;6;6;6;6;6;6;6;6;6;6;122;122,0;122;122;122;122;122;122;122;122,0;122,0;122,0;1,000000000000000;1,000000000000000;1,000000000000000;1,000000000000000;1,000000000000000;1,000000000000000;1,000000000000000;1,000000000000000;1,000000000000000;1,000000000000000;1,000000000000000
2022-10-24;60+;24;24,0;24;24;24;24;24;24;24;24;24;24;463;463,0;463;463;463;463;463;463;463;463,0;463,0;463,0;1,000000000000000;1,000000000000000;1,000000000000000;1,000000000000000;1,000000000000000;1,000000000000000;1,000000000000000;1,000000000000000;1,000000000000000;1,000000000000000;1,000000000000000
2022-10-24;alle;30;30,0;30;30;30;30;30;30;30;30;30;30;585;585,0;585;585;585;585;585;585;585;585,0;585,0;585,0;NA;NA;NA;NA;NA;NA;NA;NA;NA;NA;NA
2022-10-23;0-60;5;5,0;5;5;5;5;5;5;5;5;5;5;121;121,0;121;121;121;121;121;121;121;121,0;121,0;121,0;1,000000000000000;1,000000000000000;1,000000000000000;1,000000000000000;1,000000000000000;1,000000000000000;1,000000000000000;1,000000000000000;1,000000000000000;1,000000000000000;1,000000000000000
2022-10-23;60+;20;20,0;20;20;20;20;20;20;20;20;20;20;455;455,0;455;455;455;455;455;455;455;455,0;455,0;455,0;1,000000000000000;1,000000000000000;1,000000000000000;1,000000000000000;1,000000000000000;1,000000000000000;1,000000000000000;1,000000000000000;1,000000000000000;1,000000000000000;1,000000000000000
2022-10-23;alle;25;25,0;25;25;25;25;25;25;25;25;25;25;576;576,0;576;576;576;576;576;576;576;576,0;576,0;576,0;NA;NA;NA;NA;NA;NA;NA;NA;NA;NA;NA
2022-10-22;0-60;17;17,0;17;17;17;17;17;17;17;17;17;17;124;124,0;124;124;124;124;124;124;124;124,0;124,0;124,0;1,000000000000000;1,000000000000000;1,000000000000000;1,000000000000000;1,000000000000000;1,000000000000000;1,000000000000000;1,000000000000000;1,000000000000000;1,000000000000000;1,000000000000000
2022-10-22;60+;63;63,0;63;63;63;63;63;63;63;63;63;63;457;457,0;457;457;457;457;457;457;457;457,0;457,0;457,0;1,000000000000000;1,000000000000000;1,000000000000000;1,000000000000000;1,000000000000000;1,000000000000000;1,000000000000000;1,000000000000000;1,000000000000000;1,000000000000000;1,000000000000000
2022-10-22;alle;80;80,0;80;80;80;80;80;80;80;80;80;80;581;581,0;581;581;581;581;581;581;581;581,0;581,0;581,0;NA;NA;NA;NA;NA;NA;NA;NA;NA;NA;NA
2022-10-21;0-60;14;14,0;14;14;14;14;14;14;14;14;14;14;126;126,0;126;126;126;126;126;126;126;126,0;126,0;126,0;1,000000000000000;1,000000000000000;1,000000000000000;1,000000000000000;1,000000000000000;1,000000000000000;1,000000000000000;1,000000000000000;1,000000000000000;1,000000000000000;1,000000000000000
2022-10-21;60+;71;71,0;71;71;71;71;71;71;71;71;71;71;458;458,0;458;458;458;458;458;458;458;458,0;458,0;458,0;1,000000000000000;1,000000000000000;1,000000000000000;1,000000000000000;1,000000000000000;1,000000000000000;1,000000000000000;1,000000000000000;1,000000000000000;1,000000000000000;1,000000000000000
2022-10-21;alle;85;85,0;85;85;85;85;85;85;85;85;85;85;584;584,0;584;584;584;584;584;584;584;584,0;584,0;584,0;NA;NA;NA;NA;NA;NA;NA;NA;NA;NA;NA
2022-10-20;0-60;17;17,0;17;17;17;17;17;17;17;17;17;17;134;134,0;134;134;134;134;134;134;134;134,0;134,0;134,0;1,000000000000000;1,000000000000000;1,000000000000000;1,000000000000000;1,000000000000000;1,000000000000000;1,000000000000000;1,000000000000000;1,000000000000000;1,000000000000000;1,000000000000000
2022-10-20;60+;77;77,0;77;77;77;77;77;77;77;77;77;77;459;459,0;459;459;459;459;459;459;459;459,0;459,0;459,0;1,000000000000000;1,000000000000000;1,000000000000000;1,000000000000000;1,000000000000000;1,000000000000000;1,000000000000000;1,000000000000000;1,000000000000000;1,000000000000000;1,000000000000000
2022-10-20;alle;94;94,0;94;94;94;94;94;94;94;94;94;94;593;593,0;593;593;593;593;593;593;593;593,0;593,0;593,0;NA;NA;NA;NA;NA;NA;NA;NA;NA;NA;NA
2022-10-19;0-60;31;31,0;31;31;31;31;31;31;31;31;31;31;130;130,0;130;130;130;130;130;130;130;130,0;130,0;130,0;1,000000000000000;1,000000000000000;1,000000000000000;1,000000000000000;1,000000000000000;1,000000000000000;1,000000000000000;1,000000000000000;1,000000000000000;1,000000000000000;1,000000000000000
2022-10-19;60+;83;83,0;83;83;83;83;83;83;83;83;83;83;463;463,0;463;463;463;463;463;463;463;463,0;463,0;463,0;1,000000000000000;1,000000000000000;1,000000000000000;1,000000000000000;1,000000000000000;1,000000000000000;1,000000000000000;1,000000000000000;1,000000000000000;1,000000000000000;1,000000000000000
2022-10-19;alle;114;114,0;114;114;114;114;114;114;114;114;114;114;593;593,0;593;593;593;593;593;593;593;593,0;593,0;593,0;NA;NA;NA;NA;NA;NA;NA;NA;NA;NA;NA
2022-10-18;0-60;32;32,0;32;32;32;32;32;32;32;32;32;32;117;117,0;117;117;117;117;117;117;117;117,0;117,0;117,0;1,000000000000000;1,000000000000000;1,000000000000000;1,000000000000000;1,000000000000000;1,000000000000000;1,000000000000000;1,000000000000000;1,000000000000000;1,000000000000000;1,000000000000000
2022-10-18;60+;125;125,0;125;125;125;125;125;125;125;125;125;125;448;448,0;448;448;448;448;448;448;448;448,0;448,0;448,0;1,000000000000000;1,000000000000000;1,000000000000000;1,000000000000000;1,000000000000000;1,000000000000000;1,000000000000000;1,000000000000000;1,000000000000000;1,000000000000000;1,000000000000000
2022-10-18;alle;157;157,0;157;157;157;157;157;157;157;157;157;157;565;565,0;565;565;565;565;565;565;565;565,0;565,0;565,0;NA;NA;NA;NA;NA;NA;NA;NA;NA;NA;NA
2022-10-17;0-60;5;5,0;5;5;5;5;5;5;5;5;5;5;116;116,0;116;116;116;116;116;116;116;116,0;116,0;116,0;1,000000000000000;1,000000000000000;1,000000000000000;1,000000000000000;1,000000000000000;1,000000000000000;1,000000000000000;1,000000000000000;1,000000000000000;1,000000000000000;1,000000000000000
2022-10-17;60+;16;16,0;16;16;16;16;16;16;16;16;16;16;432;432,0;432;432;432;432;432;432;432;432,0;432,0;432,0;1,000000000000000;1,000000000000000;1,000000000000000;1,000000000000000;1,000000000000000;1,000000000000000;1,000000000000000;1,000000000000000;1,000000000000000;1,000000000000000;1,000000000000000
2022-10-17;alle;21;21,0;21;21;21;21;21;21;21;21;21;21;548;548,0;548;548;548;548;548;548;548;548,0;548,0;548,0;NA;NA;NA;NA;NA;NA;NA;NA;NA;NA;NA
2022-10-16;0-60;8;8,0;8;8;8;8;8;8;8;8;8;8;114;114,0;114;114;114;114;114;114;114;114,0;114,0;114,0;1,000000000000000;1,000000000000000;1,000000000000000;1,000000000000000;1,000000000000000;1,000000000000000;1,000000000000000;1,000000000000000;1,000000000000000;1,000000000000000;1,000000000000000
2022-10-16;60+;22;22,0;22;22;22;22;22;22;22;22;22;22;433;433,0;433;433;433;433;433;433;433;433,0;433,0;433,0;1,000000000000000;1,000000000000000;1,000000000000000;1,000000000000000;1,000000000000000;1,000000000000000;1,000000000000000;1,000000000000000;1,000000000000000;1,000000000000000;1,000000000000000
2022-10-16;alle;30;30,0;30;30;30;30;30;30;30;30;30;30;547;547,0;547;547;547;547;547;547;547;547,0;547,0;547,0;NA;NA;NA;NA;NA;NA;NA;NA;NA;NA;NA
2022-10-15;0-60;19;19,0;19;19;19;19;19;19;19;19;19;19;115;115,0;115;115;115;115;115;115;115;115,0;115,0;115,0;1,000000000000000;1,000000000000000;1,000000000000000;1,000000000000000;1,000000000000000;1,000000000000000;1,000000000000000;1,000000000000000;1,000000000000000;1,000000000000000;1,000000000000000
2022-10-15;60+;64;64,0;64;64;64;64;64;64;64;64;64;64;431;431,0;431;431;431;431;431;431;431;431,0;431,0;431,0;1,000000000000000;1,000000000000000;1,000000000000000;1,000000000000000;1,000000000000000;1,000000000000000;1,000000000000000;1,000000000000000;1,000000000000000;1,000000000000000;1,000000000000000
2022-10-15;alle;83;83,0;83;83;83;83;83;83;83;83;83;83;546;546,0;546;546;546;546;546;546;546;546,0;546,0;546,0;NA;NA;NA;NA;NA;NA;NA;NA;NA;NA;NA
2022-10-14;0-60;22;22,0;22;22;22;22;22;22;22;22;22;22;106;106,0;106;106;106;106;106;106;106;106,0;106,0;106,0;1,000000000000000;1,000000000000000;1,000000000000000;1,000000000000000;1,000000000000000;1,000000000000000;1,000000000000000;1,000000000000000;1,000000000000000;1,000000000000000;1,000000000000000
2022-10-14;60+;72;72,0;72;72;72;72;72;72;72;72;72;72;436;436,0;436;436;436;436;436;436;436;436,0;436,0;436,0;1,000000000000000;1,000000000000000;1,000000000000000;1,000000000000000;1,000000000000000;1,000000000000000;1,000000000000000;1,000000000000000;1,000000000000000;1,000000000000000;1,000000000000000
2022-10-14;alle;94;94,0;94;94;94;94;94;94;94;94;94;94;542;542,0;542;542;542;542;542;542;542;542,0;542,0;542,0;NA;NA;NA;NA;NA;NA;NA;NA;NA;NA;NA
2022-10-13;0-60;13;13,0;13;13;13;13;13;13;13;13;13;13;101;101,0;101;101;101;101;101;101;101;101,0;101,0;101,0;1,000000000000000;1,000000000000000;1,000000000000000;1,000000000000000;1,000000000000000;1,000000000000000;1,000000000000000;1,000000000000000;1,000000000000000;1,000000000000000;1,000000000000000
2022-10-13;60+;81;81,0;81;81;81;81;81;81;81;81;81;81;450;450,0;450;450;450;450;450;450;450;450,0;450,0;450,0;1,000000000000000;1,000000000000000;1,000000000000000;1,000000000000000;1,000000000000000;1,000000000000000;1,000000000000000;1,000000000000000;1,000000000000000;1,000000000000000;1,000000000000000
2022-10-13;alle;94;94,0;94;94;94;94;94;94;94;94;94;94;551;551,0;551;551;551;551;551;551;551;551,0;551,0;551,0;NA;NA;NA;NA;NA;NA;NA;NA;NA;NA;NA
2022-10-12;0-60;18;18,0;18;18;18;18;18;18;18;18;18;18;111;111,0;111;111;111;111;111;111;111;111,0;111,0;111,0;1,000000000000000;1,000000000000000;1,000000000000000;1,000000000000000;1,000000000000000;1,000000000000000;1,000000000000000;1,000000000000000;1,000000000000000;1,000000000000000;1,000000000000000
2022-10-12;60+;68;68,0;68;68;68;68;68;68;68;68;68;68;467;467,0;467;467;467;467;467;467;467;467,0;467,0;467,0;1,000000000000000;1,000000000000000;1,000000000000000;1,000000000000000;1,000000000000000;1,000000000000000;1,000000000000000;1,000000000000000;1,000000000000000;1,000000000000000;1,000000000000000
2022-10-12;alle;86;86,0;86;86;86;86;86;86;86;86;86;86;578;578,0;578;578;578;578;578;578;578;578,0;578,0;578,0;NA;NA;NA;NA;NA;NA;NA;NA;NA;NA;NA
2022-10-11;0-60;31;31,0;31;31;31;31;31;31;31;31;31;31;121;121,0;121;121;121;121;121;121;121;121,0;121,0;121,0;1,000000000000000;1,000000000000000;1,000000000000000;1,000000000000000;1,000000000000000;1,000000000000000;1,000000000000000;1,000000000000000;1,000000000000000;1,000000000000000;1,000000000000000
2022-10-11;60+;109;109,0;109;109;109;109;109;109;109;109;109;109;533;533,0;533;533;533;533;533;533;533;533,0;533,0;533,0;1,000000000000000;1,000000000000000;1,000000000000000;1,000000000000000;1,000000000000000;1,000000000000000;1,000000000000000;1,000000000000000;1,000000000000000;1,000000000000000;1,000000000000000
2022-10-11;alle;140;140,0;140;140;140;140;140;140;140;140;140;140;654;654,0;654;654;654;654;654;654;654;654,0;654,0;654,0;NA;NA;NA;NA;NA;NA;NA;NA;NA;NA;NA
2022-10-10;0-60;3;3,0;3;3;3;3;3;3;3;3;3;3;92;92,0;92;92;92;92;92;92;92;92,0;92,0;92,0;1,000000000000000;1,000000000000000;1,000000000000000;1,000000000000000;1,000000000000000;1,000000000000000;1,000000000000000;1,000000000000000;1,000000000000000;1,000000000000000;1,000000000000000
2022-10-10;60+;17;17,0;17;17;17;17;17;17;17;17;17;17;450;450,0;450;450;450;450;450;450;450;450,0;450,0;450,0;1,000000000000000;1,000000000000000;1,000000000000000;1,000000000000000;1,000000000000000;1,000000000000000;1,000000000000000;1,000000000000000;1,000000000000000;1,000000000000000;1,000000000000000
2022-10-10;alle;20;20,0;20;20;20;20;20;20;20;20;20;20;542;542,0;542;542;542;542;542;542;542;542,0;542,0;542,0;NA;NA;NA;NA;NA;NA;NA;NA;NA;NA;NA
2022-10-09;0-60;9;9,0;9;9;9;9;9;9;9;9;9;9;98;98,0;98;98;98;98;98;98;98;98,0;98,0;98,0;1,000000000000000;1,000000000000000;1,000000000000000;1,000000000000000;1,000000000000000;1,000000000000000;1,000000000000000;1,000000000000000;1,000000000000000;1,000000000000000;1,000000000000000
2022-10-09;60+;20;20,0;20;20;20;20;20;20;20;20;20;20;454;454,0;454;454;454;454;454;454;454;454,0;454,0;454,0;1,000000000000000;1,000000000000000;1,000000000000000;1,000000000000000;1,000000000000000;1,000000000000000;1,000000000000000;1,000000000000000;1,000000000000000;1,000000000000000;1,000000000000000
2022-10-09;alle;29;29,0;29;29;29;29;29;29;29;29;29;29;552;552,0;552;552;552;552;552;552;552;552,0;552,0;552,0;NA;NA;NA;NA;NA;NA;NA;NA;NA;NA;NA
2022-10-08;0-60;10;10,0;10;10;10;10;10;10;10;10;10;10;93;93,0;93;93;93;93;93;93;93;93,0;93,0;93,0;1,000000000000000;1,000000000000000;1,000000000000000;1,000000000000000;1,000000000000000;1,000000000000000;1,000000000000000;1,000000000000000;1,000000000000000;1,000000000000000;1,000000000000000
2022-10-08;60+;69;69,0;69;69;69;69;69;69;69;69;69;69;452;452,0;452;452;452;452;452;452;452;452,0;452,0;452,0;1,000000000000000;1,000000000000000;1,000000000000000;1,000000000000000;1,000000000000000;1,000000000000000;1,000000000000000;1,000000000000000;1,000000000000000;1,000000000000000;1,000000000000000
2022-10-08;alle;79;79,0;79;79;79;79;79;79;79;79;79;79;545;545,0;545;545;545;545;545;545;545;545,0;545,0;545,0;NA;NA;NA;NA;NA;NA;NA;NA;NA;NA;NA
2022-10-07;0-60;17;17,0;17;17;17;17;17;17;17;17;17;17;94;94,0;94;94;94;94;94;94;94;94,0;94,0;94,0;1,000000000000000;1,000000000000000;1,000000000000000;1,000000000000000;1,000000000000000;1,000000000000000;1,000000000000000;1,000000000000000;1,000000000000000;1,000000000000000;1,000000000000000
2022-10-07;60+;86;86,0;86;86;86;86;86;86;86;86;86;86;441;441,0;441;441;441;441;441;441;441;441,0;441,0;441,0;1,000000000000000;1,000000000000000;1,000000000000000;1,000000000000000;1,000000000000000;1,000000000000000;1,000000000000000;1,000000000000000;1,000000000000000;1,000000000000000;1,000000000000000
2022-10-07;alle;103;103,0;103;103;103;103;103;103;103;103;103;103;535;535,0;535;535;535;535;535;535;535;535,0;535,0;535,0;NA;NA;NA;NA;NA;NA;NA;NA;NA;NA;NA
2022-10-06;0-60;23;23,0;23;23;23;23;23;23;23;23;23;23;93;93,0;93;93;93;93;93;93;93;93,0;93,0;93,0;1,000000000000000;1,000000000000000;1,000000000000000;1,000000000000000;1,000000000000000;1,000000000000000;1,000000000000000;1,000000000000000;1,000000000000000;1,000000000000000;1,000000000000000
2022-10-06;60+;98;98,0;98;98;98;98;98;98;98;98;98;98;424;424,0;424;424;424;424;424;424;424;424,0;424,0;424,0;1,000000000000000;1,000000000000000;1,000000000000000;1,000000000000000;1,000000000000000;1,000000000000000;1,000000000000000;1,000000000000000;1,000000000000000;1,000000000000000;1,000000000000000
2022-10-06;alle;121;121,0;121;121;121;121;121;121;121;121;121;121;517;517,0;517;517;517;517;517;517;517;517,0;517,0;517,0;NA;NA;NA;NA;NA;NA;NA;NA;NA;NA;NA
2022-10-05;0-60;28;28,0;28;28;28;28;28;28;28;28;28;28;77;77,0;77;77;77;77;77;77;77;77,0;77,0;77,0;1,000000000000000;1,000000000000000;1,000000000000000;1,000000000000000;1,000000000000000;1,000000000000000;1,000000000000000;1,000000000000000;1,000000000000000;1,000000000000000;1,000000000000000
2022-10-05;60+;134;134,0;134;134;134;134;134;134;134;134;134;134;384;384,0;384;384;384;384;384;384;384;384,0;384,0;384,0;1,000000000000000;1,000000000000000;1,000000000000000;1,000000000000000;1,000000000000000;1,000000000000000;1,000000000000000;1,000000000000000;1,000000000000000;1,000000000000000;1,000000000000000
2022-10-05;alle;162;162,0;162;162;162;162;162;162;162;162;162;162;461;461,0;461;461;461;461;461;461;461;461,0;461,0;461,0;NA;NA;NA;NA;NA;NA;NA;NA;NA;NA;NA
2022-10-04;0-60;2;2,0;2;2;2;2;2;2;2;2;2;2;70;70,0;70;70;70;70;70;70;70;70,0;70,0;70,0;1,000000000000000;1,000000000000000;1,000000000000000;1,000000000000000;1,000000000000000;1,000000000000000;1,000000000000000;1,000000000000000;1,000000000000000;1,000000000000000;1,000000000000000
2022-10-04;60+;26;26,0;26;26;26;26;26;26;26;26;26;26;336;336,0;336;336;336;336;336;336;336;336,0;336,0;336,0;1,000000000000000;1,000000000000000;1,000000000000000;1,000000000000000;1,000000000000000;1,000000000000000;1,000000000000000;1,000000000000000;1,000000000000000;1,000000000000000;1,000000000000000
2022-10-04;alle;28;28,0;28;28;28;28;28;28;28;28;28;28;406;406,0;406;406;406;406;406;406;406;406,0;406,0;406,0;NA;NA;NA;NA;NA;NA;NA;NA;NA;NA;NA
2022-10-03;0-60;9;9,0;9;9;9;9;9;9;9;9;9;9;89;89,0;89;89;89;89;89;89;89;89,0;89,0;89,0;1,000000000000000;1,000000000000000;1,000000000000000;1,000000000000000;1,000000000000000;1,000000000000000;1,000000000000000;1,000000000000000;1,000000000000000;1,000000000000000;1,000000000000000
2022-10-03;60+;21;21,0;21;21;21;21;21;21;21;21;21;21;409;409,0;409;409;409;409;409;409;409;409,0;409,0;409,0;1,000000000000000;1,000000000000000;1,000000000000000;1,000000000000000;1,000000000000000;1,000000000000000;1,000000000000000;1,000000000000000;1,000000000000000;1,000000000000000;1,000000000000000
2022-10-03;alle;30;30,0;30;30;30;30;30;30;30;30;30;30;498;498,0;498;498;498;498;498;498;498;498,0;498,0;498,0;NA;NA;NA;NA;NA;NA;NA;NA;NA;NA;NA
2022-10-02;0-60;4;4,0;4;4;4;4;4;4;4;4;4;4;85;85,0;85;85;85;85;85;85;85;85,0;85,0;85,0;1,000000000000000;1,000000000000000;1,000000000000000;1,000000000000000;1,000000000000000;1,000000000000000;1,000000000000000;1,000000000000000;1,000000000000000;1,000000000000000;1,000000000000000
2022-10-02;60+;18;18,0;18;18;18;18;18;18;18;18;18;18;418;418,0;418;418;418;418;418;418;418;418,0;418,0;418,0;1,000000000000000;1,000000000000000;1,000000000000000;1,000000000000000;1,000000000000000;1,000000000000000;1,000000000000000;1,000000000000000;1,000000000000000;1,000000000000000;1,000000000000000
2022-10-02;alle;22;22,0;22;22;22;22;22;22;22;22;22;22;503;503,0;503;503;503;503;503;503;503;503,0;503,0;503,0;NA;NA;NA;NA;NA;NA;NA;NA;NA;NA;NA
2022-10-01;0-60;11;11,0;11;11;11;11;11;11;11;11;11;11;85;85,0;85;85;85;85;85;85;85;85,0;85,0;85,0;1,000000000000000;1,000000000000000;1,000000000000000;1,000000000000000;1,000000000000000;1,000000000000000;1,000000000000000;1,000000000000000;1,000000000000000;1,000000000000000;1,000000000000000
2022-10-01;60+;58;58,0;58;58;58;58;58;58;58;58;58;58;414;414,0;414;414;414;414;414;414;414;414,0;414,0;414,0;1,000000000000000;1,000000000000000;1,000000000000000;1,000000000000000;1,000000000000000;1,000000000000000;1,000000000000000;1,000000000000000;1,000000000000000;1,000000000000000;1,000000000000000
2022-10-01;alle;69;69,0;69;69;69;69;69;69;69;69;69;69;499;499,0;499;499;499;499;499;499;499;499,0;499,0;499,0;NA;NA;NA;NA;NA;NA;NA;NA;NA;NA;NA
2022-09-30;0-60;16;16,0;16;16;16;16;16;16;16;16;16;16;83;83,0;83;83;83;83;83;83;83;83,0;83,0;83,0;1,000000000000000;1,000000000000000;1,000000000000000;1,000000000000000;1,000000000000000;1,000000000000000;1,000000000000000;1,000000000000000;1,000000000000000;1,000000000000000;1,000000000000000
2022-09-30;60+;69;69,0;69;69;69;69;69;69;69;69;69;69;395;395,0;395;395;395;395;395;395;395;395,0;395,0;395,0;1,000000000000000;1,000000000000000;1,000000000000000;1,000000000000000;1,000000000000000;1,000000000000000;1,000000000000000;1,000000000000000;1,000000000000000;1,000000000000000;1,000000000000000
2022-09-30;alle;85;85,0;85;85;85;85;85;85;85;85;85;85;478;478,0;478;478;478;478;478;478;478;478,0;478,0;478,0;NA;NA;NA;NA;NA;NA;NA;NA;NA;NA;NA
2022-09-29;0-60;7;7,0;7;7;7;7;7;7;7;7;7;7;72;72,0;72;72;72;72;72;72;72;72,0;72,0;72,0;1,000000000000000;1,000000000000000;1,000000000000000;1,000000000000000;1,000000000000000;1,000000000000000;1,000000000000000;1,000000000000000;1,000000000000000;1,000000000000000;1,000000000000000
2022-09-29;60+;58;58,0;58;58;58;58;58;58;58;58;58;58;355;355,0;355;355;355;355;355;355;355;355,0;355,0;355,0;1,000000000000000;1,000000000000000;1,000000000000000;1,000000000000000;1,000000000000000;1,000000000000000;1,000000000000000;1,000000000000000;1,000000000000000;1,000000000000000;1,000000000000000
2022-09-29;alle;65;65,0;65;65;65;65;65;65;65;65;65;65;427;427,0;427;427;427;427;427;427;427;427,0;427,0;427,0;NA;NA;NA;NA;NA;NA;NA;NA;NA;NA;NA
2022-09-28;0-60;21;21,0;21;21;21;21;21;21;21;21;21;21;76;76,0;76;76;76;76;76;76;76;76,0;76,0;76,0;1,000000000000000;1,000000000000000;1,000000000000000;1,000000000000000;1,000000000000000;1,000000000000000;1,000000000000000;1,000000000000000;1,000000000000000;1,000000000000000;1,000000000000000
2022-09-28;60+;86;86,0;86;86;86;86;86;86;86;86;86;86;324;324,0;324;324;324;324;324;324;324;324,0;324,0;324,0;1,000000000000000;1,000000000000000;1,000000000000000;1,000000000000000;1,000000000000000;1,000000000000000;1,000000000000000;1,000000000000000;1,000000000000000;1,000000000000000;1,000000000000000
2022-09-28;alle;107;107,0;107;107;107;107;107;107;107;107;107;107;400;400,0;400;400;400;400;400;400;400;400,0;400,0;400,0;NA;NA;NA;NA;NA;NA;NA;NA;NA;NA;NA
2022-09-27;0-60;21;21,0;21;21;21;21;21;21;21;21;21;21;68;68,0;68;68;68;68;68;68;68;68,0;68,0;68,0;1,000000000000000;1,000000000000000;1,000000000000000;1,000000000000000;1,000000000000000;1,000000000000000;1,000000000000000;1,000000000000000;1,000000000000000;1,000000000000000;1,000000000000000
2022-09-27;60+;99;99,0;99;99;99;99;99;99;99;99;99;99;274;274,0;274;274;274;274;274;274;274;274,0;274,0;274,0;1,000000000000000;1,000000000000000;1,000000000000000;1,000000000000000;1,000000000000000;1,000000000000000;1,000000000000000;1,000000000000000;1,000000000000000;1,000000000000000;1,000000000000000
2022-09-27;alle;120;120,0;120;120;120;120;120;120;120;120;120;120;342;342,0;342;342;342;342;342;342;342;342,0;342,0;342,0;NA;NA;NA;NA;NA;NA;NA;NA;NA;NA;NA
2022-09-26;0-60;5;5,0;5;5;5;5;5;5;5;5;5;5;50;50,0;50;50;50;50;50;50;50;50,0;50,0;50,0;1,000000000000000;1,000000000000000;1,000000000000000;1,000000000000000;1,000000000000000;1,000000000000000;1,000000000000000;1,000000000000000;1,000000000000000;1,000000000000000;1,000000000000000
2022-09-26;60+;30;30,0;30;30;30;30;30;30;30;30;30;30;219;219,0;219;219;219;219;219;219;219;219,0;219,0;219,0;1,000000000000000;1,000000000000000;1,000000000000000;1,000000000000000;1,000000000000000;1,000000000000000;1,000000000000000;1,000000000000000;1,000000000000000;1,000000000000000;1,000000000000000
2022-09-26;alle;35;35,0;35;35;35;35;35;35;35;35;35;35;269;269,0;269;269;269;269;269;269;269;269,0;269,0;269,0;NA;NA;NA;NA;NA;NA;NA;NA;NA;NA;NA
2022-09-25;0-60;4;4,0;4;4;4;4;4;4;4;4;4;4;47;47,0;47;47;47;47;47;47;47;47,0;47,0;47,0;1,000000000000000;1,000000000000000;1,000000000000000;1,000000000000000;1,000000000000000;1,000000000000000;1,000000000000000;1,000000000000000;1,000000000000000;1,000000000000000;1,000000000000000
2022-09-25;60+;14;14,0;14;14;14;14;14;14;14;14;14;14;197;197,0;197;197;197;197;197;197;197;197,0;197,0;197,0;1,000000000000000;1,000000000000000;1,000000000000000;1,000000000000000;1,000000000000000;1,000000000000000;1,000000000000000;1,000000000000000;1,000000000000000;1,000000000000000;1,000000000000000
2022-09-25;alle;18;18,0;18;18;18;18;18;18;18;18;18;18;244;244,0;244;244;244;244;244;244;244;244,0;244,0;244,0;NA;NA;NA;NA;NA;NA;NA;NA;NA;NA;NA
2022-09-24;0-60;9;9,0;9;9;9;9;9;9;9;9;9;9;48;48,0;48;48;48;48;48;48;48;48,0;48,0;48,0;1,000000000000000;1,000000000000000;1,000000000000000;1,000000000000000;1,000000000000000;1,000000000000000;1,000000000000000;1,000000000000000;1,000000000000000;1,000000000000000;1,000000000000000
2022-09-24;60+;39;39,0;39;39;39;39;39;39;39;39;39;39;191;191,0;191;191;191;191;191;191;191;191,0;191,0;191,0;1,000000000000000;1,000000000000000;1,000000000000000;1,000000000000000;1,000000000000000;1,000000000000000;1,000000000000000;1,000000000000000;1,000000000000000;1,000000000000000;1,000000000000000
2022-09-24;alle;48;48,0;48;48;48;48;48;48;48;48;48;48;239;239,0;239;239;239;239;239;239;239;239,0;239,0;239,0;NA;NA;NA;NA;NA;NA;NA;NA;NA;NA;NA
2022-09-23;0-60;5;5,0;5;5;5;5;5;5;5;5;5;5;46;46,0;46;46;46;46;46;46;46;46,0;46,0;46,0;1,000000000000000;1,000000000000000;1,000000000000000;1,000000000000000;1,000000000000000;1,000000000000000;1,000000000000000;1,000000000000000;1,000000000000000;1,000000000000000;1,000000000000000
2022-09-23;60+;29;29,0;29;29;29;29;29;29;29;29;29;29;170;170,0;170;170;170;170;170;170;170;170,0;170,0;170,0;1,000000000000000;1,000000000000000;1,000000000000000;1,000000000000000;1,000000000000000;1,000000000000000;1,000000000000000;1,000000000000000;1,000000000000000;1,000000000000000;1,000000000000000
2022-09-23;alle;34;34,0;34;34;34;34;34;34;34;34;34;34;216;216,0;216;216;216;216;216;216;216;216,0;216,0;216,0;NA;NA;NA;NA;NA;NA;NA;NA;NA;NA;NA
2022-09-22;0-60;11;11,0;11;11;11;11;11;11;11;11;11;11;48;48,0;48;48;48;48;48;48;48;48,0;48,0;48,0;1,000000000000000;1,000000000000000;1,000000000000000;1,000000000000000;1,000000000000000;1,000000000000000;1,000000000000000;1,000000000000000;1,000000000000000;1,000000000000000;1,000000000000000
2022-09-22;60+;27;27,0;27;27;27;27;27;27;27;27;27;27;156;156,0;156;156;156;156;156;156;156;156,0;156,0;156,0;1,000000000000000;1,000000000000000;1,000000000000000;1,000000000000000;1,000000000000000;1,000000000000000;1,000000000000000;1,000000000000000;1,000000000000000;1,000000000000000;1,000000000000000
2022-09-22;alle;38;38,0;38;38;38;38;38;38;38;38;38;38;204;204,0;204;204;204;204;204;204;204;204,0;204,0;204,0;NA;NA;NA;NA;NA;NA;NA;NA;NA;NA;NA
2022-09-21;0-60;13;13,0;13;13;13;13;13;13;13;13;13;13;41;41,0;41;41;41;41;41;41;41;41,0;41,0;41,0;1,000000000000000;1,000000000000000;1,000000000000000;1,000000000000000;1,000000000000000;1,000000000000000;1,000000000000000;1,000000000000000;1,000000000000000;1,000000000000000;1,000000000000000
2022-09-21;60+;36;36,0;36;36;36;36;36;36;36;36;36;36;145;145,0;145;145;145;145;145;145;145;145,0;145,0;145,0;1,000000000000000;1,000000000000000;1,000000000000000;1,000000000000000;1,000000000000000;1,000000000000000;1,000000000000000;1,000000000000000;1,000000000000000;1,000000000000000;1,000000000000000
2022-09-21;alle;49;49,0;49;49;49;49;49;49;49;49;49;49;186;186,0;186;186;186;186;186;186;186;186,0;186,0;186,0;NA;NA;NA;NA;NA;NA;NA;NA;NA;NA;NA
2022-09-20;0-60;3;3,0;3;3;3;3;3;3;3;3;3;3;41;41,0;41;41;41;41;41;41;41;41,0;41,0;41,0;1,000000000000000;1,000000000000000;1,000000000000000;1,000000000000000;1,000000000000000;1,000000000000000;1,000000000000000;1,000000000000000;1,000000000000000;1,000000000000000;1,000000000000000
2022-09-20;60+;44;44,0;44;44;44;44;44;44;44;44;44;44;143;143,0;143;143;143;143;143;143;143;143,0;143,0;143,0;1,000000000000000;1,000000000000000;1,000000000000000;1,000000000000000;1,000000000000000;1,000000000000000;1,000000000000000;1,000000000000000;1,000000000000000;1,000000000000000;1,000000000000000
2022-09-20;alle;47;47,0;47;47;47;47;47;47;47;47;47;47;184;184,0;184;184;184;184;184;184;184;184,0;184,0;184,0;NA;NA;NA;NA;NA;NA;NA;NA;NA;NA;NA
2022-09-19;0-60;2;2,0;2;2;2;2;2;2;2;2;2;2;48;48,0;48;48;48;48;48;48;48;48,0;48,0;48,0;1,000000000000000;1,000000000000000;1,000000000000000;1,000000000000000;1,000000000000000;1,000000000000000;1,000000000000000;1,000000000000000;1,000000000000000;1,000000000000000;1,000000000000000
2022-09-19;60+;8;8,0;8;8;8;8;8;8;8;8;8;8;132;132,0;132;132;132;132;132;132;132;132,0;132,0;132,0;1,000000000000000;1,000000000000000;1,000000000000000;1,000000000000000;1,000000000000000;1,000000000000000;1,000000000000000;1,000000000000000;1,000000000000000;1,000000000000000;1,000000000000000
2022-09-19;alle;10;10,0;10;10;10;10;10;10;10;10;10;10;180;180,0;180;180;180;180;180;180;180;180,0;180,0;180,0;NA;NA;NA;NA;NA;NA;NA;NA;NA;NA;NA
2022-09-18;0-60;5;5,0;5;5;5;5;5;5;5;5;5;5;49;49,0;49;49;49;49;49;49;49;49,0;49,0;49,0;1,000000000000000;1,000000000000000;1,000000000000000;1,000000000000000;1,000000000000000;1,000000000000000;1,000000000000000;1,000000000000000;1,000000000000000;1,000000000000000;1,000000000000000
2022-09-18;60+;8;8,0;8;8;8;8;8;8;8;8;8;8;125;125,0;125;125;125;125;125;125;125;125,0;125,0;125,0;1,000000000000000;1,000000000000000;1,000000000000000;1,000000000000000;1,000000000000000;1,000000000000000;1,000000000000000;1,000000000000000;1,000000000000000;1,000000000000000;1,000000000000000
2022-09-18;alle;13;13,0;13;13;13;13;13;13;13;13;13;13;174;174,0;174;174;174;174;174;174;174;174,0;174,0;174,0;NA;NA;NA;NA;NA;NA;NA;NA;NA;NA;NA
2022-09-17;0-60;7;7,0;7;7;7;7;7;7;7;7;7;7;46;46,0;46;46;46;46;46;46;46;46,0;46,0;46,0;1,000000000000000;1,000000000000000;1,000000000000000;1,000000000000000;1,000000000000000;1,000000000000000;1,000000000000000;1,000000000000000;1,000000000000000;1,000000000000000;1,000000000000000
2022-09-17;60+;18;18,0;18;18;18;18;18;18;18;18;18;18;127;127,0;127;127;127;127;127;127;127;127,0;127,0;127,0;1,000000000000000;1,000000000000000;1,000000000000000;1,000000000000000;1,000000000000000;1,000000000000000;1,000000000000000;1,000000000000000;1,000000000000000;1,000000000000000;1,000000000000000
2022-09-17;alle;25;25,0;25;25;25;25;25;25;25;25;25;25;173;173,0;173;173;173;173;173;173;173;173,0;173,0;173,0;NA;NA;NA;NA;NA;NA;NA;NA;NA;NA;NA
2022-09-16;0-60;7;7,0;7;7;7;7;7;7;7;7;7;7;41;41,0;41;41;41;41;41;41;41;41,0;41,0;41,0;1,000000000000000;1,000000000000000;1,000000000000000;1,000000000000000;1,000000000000000;1,000000000000000;1,000000000000000;1,000000000000000;1,000000000000000;1,000000000000000;1,000000000000000
2022-09-16;60+;15;15,0;15;15;15;15;15;15;15;15;15;15;127;127,0;127;127;127;127;127;127;127;127,0;127,0;127,0;1,000000000000000;1,000000000000000;1,000000000000000;1,000000000000000;1,000000000000000;1,000000000000000;1,000000000000000;1,000000000000000;1,000000000000000;1,000000000000000;1,000000000000000
2022-09-16;alle;22;22,0;22;22;22;22;22;22;22;22;22;22;168;168,0;168;168;168;168;168;168;168;168,0;168,0;168,0;NA;NA;NA;NA;NA;NA;NA;NA;NA;NA;NA
2022-09-15;0-60;4;4,0;4;4;4;4;4;4;4;4;4;4;40;40,0;40;40;40;40;40;40;40;40,0;40,0;40,0;1,000000000000000;1,000000000000000;1,000000000000000;1,000000000000000;1,000000000000000;1,000000000000000;1,000000000000000;1,000000000000000;1,000000000000000;1,000000000000000;1,000000000000000
2022-09-15;60+;16;16,0;16;16;16;16;16;16;16;16;16;16;125;125,0;125;125;125;125;125;125;125;125,0;125,0;125,0;1,000000000000000;1,000000000000000;1,000000000000000;1,000000000000000;1,000000000000000;1,000000000000000;1,000000000000000;1,000000000000000;1,000000000000000;1,000000000000000;1,000000000000000
2022-09-15;alle;20;20,0;20;20;20;20;20;20;20;20;20;20;165;165,0;165;165;165;165;165;165;165;165,0;165,0;165,0;NA;NA;NA;NA;NA;NA;NA;NA;NA;NA;NA
2022-09-14;0-60;13;13,0;13;13;13;13;13;13;13;13;13;13;39;39,0;39;39;39;39;39;39;39;39,0;39,0;39,0;1,000000000000000;1,000000000000000;1,000000000000000;1,000000000000000;1,000000000000000;1,000000000000000;1,000000000000000;1,000000000000000;1,000000000000000;1,000000000000000;1,000000000000000
2022-09-14;60+;34;34,0;34;34;34;34;34;34;34;34;34;34;126;126,0;126;126;126;126;126;126;126;126,0;126,0;126,0;1,000000000000000;1,000000000000000;1,000000000000000;1,000000000000000;1,000000000000000;1,000000000000000;1,000000000000000;1,000000000000000;1,000000000000000;1,000000000000000;1,000000000000000
2022-09-14;alle;47;47,0;47;47;47;47;47;47;47;47;47;47;165;165,0;165;165;165;165;165;165;165;165,0;165,0;165,0;NA;NA;NA;NA;NA;NA;NA;NA;NA;NA;NA
2022-09-13;0-60;10;10,0;10;10;10;10;10;10;10;10;10;10;38;38,0;38;38;38;38;38;38;38;38,0;38,0;38,0;1,000000000000000;1,000000000000000;1,000000000000000;1,000000000000000;1,000000000000000;1,000000000000000;1,000000000000000;1,000000000000000;1,000000000000000;1,000000000000000;1,000000000000000
2022-09-13;60+;33;33,0;33;33;33;33;33;33;33;33;33;33;112;112,0;112;112;112;112;112;112;112;112,0;112,0;112,0;1,000000000000000;1,000000000000000;1,000000000000000;1,000000000000000;1,000000000000000;1,000000000000000;1,000000000000000;1,000000000000000;1,000000000000000;1,000000000000000;1,000000000000000
2022-09-13;alle;43;43,0;43;43;43;43;43;43;43;43;43;43;150;150,0;150;150;150;150;150;150;150;150,0;150,0;150,0;NA;NA;NA;NA;NA;NA;NA;NA;NA;NA;NA
2022-09-12;0-60;3;3,0;3;3;3;3;3;3;3;3;3;3;40;40,0;40;40;40;40;40;40;40;40,0;40,0;40,0;1,000000000000000;1,000000000000000;1,000000000000000;1,000000000000000;1,000000000000000;1,000000000000000;1,000000000000000;1,000000000000000;1,000000000000000;1,000000000000000;1,000000000000000
2022-09-12;60+;1;1,0;1;1;1;1;1;1;1;1;1;1;107;107,0;107;107;107;107;107;107;107;107,0;107,0;107,0;1,000000000000000;1,000000000000000;1,000000000000000;1,000000000000000;1,000000000000000;1,000000000000000;1,000000000000000;1,000000000000000;1,000000000000000;1,000000000000000;1,000000000000000
2022-09-12;alle;4;4,0;4;4;4;4;4;4;4;4;4;4;147;147,0;147;147;147;147;147;147;147;147,0;147,0;147,0;NA;NA;NA;NA;NA;NA;NA;NA;NA;NA;NA
2022-09-11;0-60;2;2,0;2;2;2;2;2;2;2;2;2;2;38;38,0;38;38;38;38;38;38;38;38,0;38,0;38,0;1,000000000000000;1,000000000000000;1,000000000000000;1,000000000000000;1,000000000000000;1,000000000000000;1,000000000000000;1,000000000000000;1,000000000000000;1,000000000000000;1,000000000000000
2022-09-11;60+;10;10,0;10;10;10;10;10;10;10;10;10;10;112;112,0;112;112;112;112;112;112;112;112,0;112,0;112,0;1,000000000000000;1,000000000000000;1,000000000000000;1,000000000000000;1,000000000000000;1,000000000000000;1,000000000000000;1,000000000000000;1,000000000000000;1,000000000000000;1,000000000000000
2022-09-11;alle;12;12,0;12;12;12;12;12;12;12;12;12;12;150;150,0;150;150;150;150;150;150;150;150,0;150,0;150,0;NA;NA;NA;NA;NA;NA;NA;NA;NA;NA;NA
2022-09-10;0-60;2;2,0;2;2;2;2;2;2;2;2;2;2;40;40,0;40;40;40;40;40;40;40;40,0;40,0;40,0;1,000000000000000;1,000000000000000;1,000000000000000;1,000000000000000;1,000000000000000;1,000000000000000;1,000000000000000;1,000000000000000;1,000000000000000;1,000000000000000;1,000000000000000
2022-09-10;60+;18;18,0;18;18;18;18;18;18;18;18;18;18;105;105,0;105;105;105;105;105;105;105;105,0;105,0;105,0;1,000000000000000;1,000000000000000;1,000000000000000;1,000000000000000;1,000000000000000;1,000000000000000;1,000000000000000;1,000000000000000;1,000000000000000;1,000000000000000;1,000000000000000
2022-09-10;alle;20;20,0;20;20;20;20;20;20;20;20;20;20;145;145,0;145;145;145;145;145;145;145;145,0;145,0;145,0;NA;NA;NA;NA;NA;NA;NA;NA;NA;NA;NA
2022-09-09;0-60;6;6,0;6;6;6;6;6;6;6;6;6;6;44;44,0;44;44;44;44;44;44;44;44,0;44,0;44,0;1,000000000000000;1,000000000000000;1,000000000000000;1,000000000000000;1,000000000000000;1,000000000000000;1,000000000000000;1,000000000000000;1,000000000000000;1,000000000000000;1,000000000000000
2022-09-09;60+;13;13,0;13;13;13;13;13;13;13;13;13;13;106;106,0;106;106;106;106;106;106;106;106,0;106,0;106,0;1,000000000000000;1,000000000000000;1,000000000000000;1,000000000000000;1,000000000000000;1,000000000000000;1,000000000000000;1,000000000000000;1,000000000000000;1,000000000000000;1,000000000000000
2022-09-09;alle;19;19,0;19;19;19;19;19;19;19;19;19;19;150;150,0;150;150;150;150;150;150;150;150,0;150,0;150,0;NA;NA;NA;NA;NA;NA;NA;NA;NA;NA;NA
2022-09-08;0-60;3;3,0;3;3;3;3;3;3;3;3;3;3;42;42,0;42;42;42;42;42;42;42;42,0;42,0;42,0;1,000000000000000;1,000000000000000;1,000000000000000;1,000000000000000;1,000000000000000;1,000000000000000;1,000000000000000;1,000000000000000;1,000000000000000;1,000000000000000;1,000000000000000
2022-09-08;60+;17;17,0;17;17;17;17;17;17;17;17;17;17;108;108,0;108;108;108;108;108;108;108;108,0;108,0;108,0;1,000000000000000;1,000000000000000;1,000000000000000;1,000000000000000;1,000000000000000;1,000000000000000;1,000000000000000;1,000000000000000;1,000000000000000;1,000000000000000;1,000000000000000
2022-09-08;alle;20;20,0;20;20;20;20;20;20;20;20;20;20;150;150,0;150;150;150;150;150;150;150;150,0;150,0;150,0;NA;NA;NA;NA;NA;NA;NA;NA;NA;NA;NA
2022-09-07;0-60;12;12,0;12;12;12;12;12;12;12;12;12;12;45;45,0;45;45;45;45;45;45;45;45,0;45,0;45,0;1,000000000000000;1,000000000000000;1,000000000000000;1,000000000000000;1,000000000000000;1,000000000000000;1,000000000000000;1,000000000000000;1,000000000000000;1,000000000000000;1,000000000000000
2022-09-07;60+;20;20,0;20;20;20;20;20;20;20;20;20;20;119;119,0;119;119;119;119;119;119;119;119,0;119,0;119,0;1,000000000000000;1,000000000000000;1,000000000000000;1,000000000000000;1,000000000000000;1,000000000000000;1,000000000000000;1,000000000000000;1,000000000000000;1,000000000000000;1,000000000000000
2022-09-07;alle;32;32,0;32;32;32;32;32;32;32;32;32;32;164;164,0;164;164;164;164;164;164;164;164,0;164,0;164,0;NA;NA;NA;NA;NA;NA;NA;NA;NA;NA;NA
2022-09-06;0-60;12;12,0;12;12;12;12;12;12;12;12;12;12;36;36,0;36;36;36;36;36;36;36;36,0;36,0;36,0;1,000000000000000;1,000000000000000;1,000000000000000;1,000000000000000;1,000000000000000;1,000000000000000;1,000000000000000;1,000000000000000;1,000000000000000;1,000000000000000;1,000000000000000
2022-09-06;60+;28;28,0;28;28;28;28;28;28;28;28;28;28;128;128,0;128;128;128;128;128;128;128;128,0;128,0;128,0;1,000000000000000;1,000000000000000;1,000000000000000;1,000000000000000;1,000000000000000;1,000000000000000;1,000000000000000;1,000000000000000;1,000000000000000;1,000000000000000;1,000000000000000
2022-09-06;alle;40;40,0;40;40;40;40;40;40;40;40;40;40;164;164,0;164;164;164;164;164;164;164;164,0;164,0;164,0;NA;NA;NA;NA;NA;NA;NA;NA;NA;NA;NA
2022-09-05;0-60;1;1,0;1;1;1;1;1;1;1;1;1;1;35;35,0;35;35;35;35;35;35;35;35,0;35,0;35,0;1,000000000000000;1,000000000000000;1,000000000000000;1,000000000000000;1,000000000000000;1,000000000000000;1,000000000000000;1,000000000000000;1,000000000000000;1,000000000000000;1,000000000000000
2022-09-05;60+;6;6,0;6;6;6;6;6;6;6;6;6;6;128;128,0;128;128;128;128;128;128;128;128,0;128,0;128,0;1,000000000000000;1,000000000000000;1,000000000000000;1,000000000000000;1,000000000000000;1,000000000000000;1,000000000000000;1,000000000000000;1,000000000000000;1,000000000000000;1,000000000000000
2022-09-05;alle;7;7,0;7;7;7;7;7;7;7;7;7;7;163;163,0;163;163;163;163;163;163;163;163,0;163,0;163,0;NA;NA;NA;NA;NA;NA;NA;NA;NA;NA;NA
2022-09-04;0-60;4;4,0;4;4;4;4;4;4;4;4;4;4;37;37,0;37;37;37;37;37;37;37;37,0;37,0;37,0;1,000000000000000;1,000000000000000;1,000000000000000;1,000000000000000;1,000000000000000;1,000000000000000;1,000000000000000;1,000000000000000;1,000000000000000;1,000000000000000;1,000000000000000
2022-09-04;60+;3;3,0;3;3;3;3;3;3;3;3;3;3;129;129,0;129;129;129;129;129;129;129;129,0;129,0;129,0;1,000000000000000;1,000000000000000;1,000000000000000;1,000000000000000;1,000000000000000;1,000000000000000;1,000000000000000;1,000000000000000;1,000000000000000;1,000000000000000;1,000000000000000
2022-09-04;alle;7;7,0;7;7;7;7;7;7;7;7;7;7;166;166,0;166;166;166;166;166;166;166;166,0;166,0;166,0;NA;NA;NA;NA;NA;NA;NA;NA;NA;NA;NA
2022-09-03;0-60;6;6,0;6;6;6;6;6;6;6;6;6;6;38;38,0;38;38;38;38;38;38;38;38,0;38,0;38,0;1,000000000000000;1,000000000000000;1,000000000000000;1,000000000000000;1,000000000000000;1,000000000000000;1,000000000000000;1,000000000000000;1,000000000000000;1,000000000000000;1,000000000000000
2022-09-03;60+;19;19,0;19;19;19;19;19;19;19;19;19;19;141;141,0;141;141;141;141;141;141;141;141,0;141,0;141,0;1,000000000000000;1,000000000000000;1,000000000000000;1,000000000000000;1,000000000000000;1,000000000000000;1,000000000000000;1,000000000000000;1,000000000000000;1,000000000000000;1,000000000000000
2022-09-03;alle;25;25,0;25;25;25;25;25;25;25;25;25;25;179;179,0;179;179;179;179;179;179;179;179,0;179,0;179,0;NA;NA;NA;NA;NA;NA;NA;NA;NA;NA;NA
2022-09-02;0-60;4;4,0;4;4;4;4;4;4;4;4;4;4;41;41,0;41;41;41;41;41;41;41;41,0;41,0;41,0;1,000000000000000;1,000000000000000;1,000000000000000;1,000000000000000;1,000000000000000;1,000000000000000;1,000000000000000;1,000000000000000;1,000000000000000;1,000000000000000;1,000000000000000
2022-09-02;60+;15;15,0;15;15;15;15;15;15;15;15;15;15;136;136,0;136;136;136;136;136;136;136;136,0;136,0;136,0;1,000000000000000;1,000000000000000;1,000000000000000;1,000000000000000;1,000000000000000;1,000000000000000;1,000000000000000;1,000000000000000;1,000000000000000;1,000000000000000;1,000000000000000
2022-09-02;alle;19;19,0;19;19;19;19;19;19;19;19;19;19;177;177,0;177;177;177;177;177;177;177;177,0;177,0;177,0;NA;NA;NA;NA;NA;NA;NA;NA;NA;NA;NA
2022-09-01;0-60;6;6,0;6;6;6;6;6;6;6;6;6;6;38;38,0;38;38;38;38;38;38;38;38,0;38,0;38,0;1,000000000000000;1,000000000000000;1,000000000000000;1,000000000000000;1,000000000000000;1,000000000000000;1,000000000000000;1,000000000000000;1,000000000000000;1,000000000000000;1,000000000000000
2022-09-01;60+;28;28,0;28;28;28;28;28;28;28;28;28;28;146;146,0;146;146;146;146;146;146;146;146,0;146,0;146,0;1,000000000000000;1,000000000000000;1,000000000000000;1,000000000000000;1,000000000000000;1,000000000000000;1,000000000000000;1,000000000000000;1,000000000000000;1,000000000000000;1,000000000000000
2022-09-01;alle;34;34,0;34;34;34;34;34;34;34;34;34;34;184;184,0;184;184;184;184;184;184;184;184,0;184,0;184,0;NA;NA;NA;NA;NA;NA;NA;NA;NA;NA;NA
2022-08-31;0-60;3;3,0;3;3;3;3;3;3;3;3;3;3;40;40,0;40;40;40;40;40;40;40;40,0;40,0;40,0;1,000000000000000;1,000000000000000;1,000000000000000;1,000000000000000;1,000000000000000;1,000000000000000;1,000000000000000;1,000000000000000;1,000000000000000;1,000000000000000;1,000000000000000
2022-08-31;60+;29;29,0;29;29;29;29;29;29;29;29;29;29;140;140,0;140;140;140;140;140;140;140;140,0;140,0;140,0;1,000000000000000;1,000000000000000;1,000000000000000;1,000000000000000;1,000000000000000;1,000000000000000;1,000000000000000;1,000000000000000;1,000000000000000;1,000000000000000;1,000000000000000
2022-08-31;alle;32;32,0;32;32;32;32;32;32;32;32;32;32;180;180,0;180;180;180;180;180;180;180;180,0;180,0;180,0;NA;NA;NA;NA;NA;NA;NA;NA;NA;NA;NA
2022-08-30;0-60;11;11,0;11;11;11;11;11;11;11;11;11;11;46;46,0;46;46;46;46;46;46;46;46,0;46,0;46,0;1,000000000000000;1,000000000000000;1,000000000000000;1,000000000000000;1,000000000000000;1,000000000000000;1,000000000000000;1,000000000000000;1,000000000000000;1,000000000000000;1,000000000000000
2022-08-30;60+;28;28,0;28;28;28;28;28;28;28;28;28;28;139;139,0;139;139;139;139;139;139;139;139,0;139,0;139,0;1,000000000000000;1,000000000000000;1,000000000000000;1,000000000000000;1,000000000000000;1,000000000000000;1,000000000000000;1,000000000000000;1,000000000000000;1,000000000000000;1,000000000000000
2022-08-30;alle;39;39,0;39;39;39;39;39;39;39;39;39;39;185;185,0;185;185;185;185;185;185;185;185,0;185,0;185,0;NA;NA;NA;NA;NA;NA;NA;NA;NA;NA;NA
2022-08-29;0-60;3;3,0;3;3;3;3;3;3;3;3;3;3;49;49,0;49;49;49;49;49;49;49;49,0;49,0;49,0;1,000000000000000;1,000000000000000;1,000000000000000;1,000000000000000;1,000000000000000;1,000000000000000;1,000000000000000;1,000000000000000;1,000000000000000;1,000000000000000;1,000000000000000
2022-08-29;60+;7;7,0;7;7;7;7;7;7;7;7;7;7;155;155,0;155;155;155;155;155;155;155;155,0;155,0;155,0;1,000000000000000;1,000000000000000;1,000000000000000;1,000000000000000;1,000000000000000;1,000000000000000;1,000000000000000;1,000000000000000;1,000000000000000;1,000000000000000;1,000000000000000
2022-08-29;alle;10;10,0;10;10;10;10;10;10;10;10;10;10;204;204,0;204;204;204;204;204;204;204;204,0;204,0;204,0;NA;NA;NA;NA;NA;NA;NA;NA;NA;NA;NA
2022-08-28;0-60;5;5,0;5;5;5;5;5;5;5;5;5;5;49;49,0;49;49;49;49;49;49;49;49,0;49,0;49,0;1,000000000000000;1,000000000000000;1,000000000000000;1,000000000000000;1,000000000000000;1,000000000000000;1,000000000000000;1,000000000000000;1,000000000000000;1,000000000000000;1,000000000000000
2022-08-28;60+;15;15,0;15;15;15;15;15;15;15;15;15;15;157;157,0;157;157;157;157;157;157;157;157,0;157,0;157,0;1,000000000000000;1,000000000000000;1,000000000000000;1,000000000000000;1,000000000000000;1,000000000000000;1,000000000000000;1,000000000000000;1,000000000000000;1,000000000000000;1,000000000000000
2022-08-28;alle;20;20,0;20;20;20;20;20;20;20;20;20;20;206;206,0;206;206;206;206;206;206;206;206,0;206,0;206,0;NA;NA;NA;NA;NA;NA;NA;NA;NA;NA;NA
2022-08-27;0-60;9;9,0;9;9;9;9;9;9;9;9;9;9;47;47,0;47;47;47;47;47;47;47;47,0;47,0;47,0;1,000000000000000;1,000000000000000;1,000000000000000;1,000000000000000;1,000000000000000;1,000000000000000;1,000000000000000;1,000000000000000;1,000000000000000;1,000000000000000;1,000000000000000
2022-08-27;60+;14;14,0;14;14;14;14;14;14;14;14;14;14;152;152,0;152;152;152;152;152;152;152;152,0;152,0;152,0;1,000000000000000;1,000000000000000;1,000000000000000;1,000000000000000;1,000000000000000;1,000000000000000;1,000000000000000;1,000000000000000;1,000000000000000;1,000000000000000;1,000000000000000
2022-08-27;alle;23;23,0;23;23;23;23;23;23;23;23;23;23;199;199,0;199;199;199;199;199;199;199;199,0;199,0;199,0;NA;NA;NA;NA;NA;NA;NA;NA;NA;NA;NA
2022-08-26;0-60;1;1,0;1;1;1;1;1;1;1;1;1;1;44;44,0;44;44;44;44;44;44;44;44,0;44,0;44,0;1,000000000000000;1,000000000000000;1,000000000000000;1,000000000000000;1,000000000000000;1,000000000000000;1,000000000000000;1,000000000000000;1,000000000000000;1,000000000000000;1,000000000000000
2022-08-26;60+;25;25,0;25;25;25;25;25;25;25;25;25;25;155;155,0;155;155;155;155;155;155;155;155,0;155,0;155,0;1,000000000000000;1,000000000000000;1,000000000000000;1,000000000000000;1,000000000000000;1,000000000000000;1,000000000000000;1,000000000000000;1,000000000000000;1,000000000000000;1,000000000000000
2022-08-26;alle;26;26,0;26;26;26;26;26;26;26;26;26;26;199;199,0;199;199;199;199;199;199;199;199,0;199,0;199,0;NA;NA;NA;NA;NA;NA;NA;NA;NA;NA;NA
2022-08-25;0-60;8;8,0;8;8;8;8;8;8;8;8;8;8;56;56,0;56;56;56;56;56;56;56;56,0;56,0;56,0;1,000000000000000;1,000000000000000;1,000000000000000;1,000000000000000;1,000000000000000;1,000000000000000;1,000000000000000;1,000000000000000;1,000000000000000;1,000000000000000;1,000000000000000
2022-08-25;60+;22;22,0;22;22;22;22;22;22;22;22;22;22;172;172,0;172;172;172;172;172;172;172;172,0;172,0;172,0;1,000000000000000;1,000000000000000;1,000000000000000;1,000000000000000;1,000000000000000;1,000000000000000;1,000000000000000;1,000000000000000;1,000000000000000;1,000000000000000;1,000000000000000
2022-08-25;alle;30;30,0;30;30;30;30;30;30;30;30;30;30;228;228,0;228;228;228;228;228;228;228;228,0;228,0;228,0;NA;NA;NA;NA;NA;NA;NA;NA;NA;NA;NA
2022-08-24;0-60;9;9,0;9;9;9;9;9;9;9;9;9;9;64;64,0;64;64;64;64;64;64;64;64,0;64,0;64,0;1,000000000000000;1,000000000000000;1,000000000000000;1,000000000000000;1,000000000000000;1,000000000000000;1,000000000000000;1,000000000000000;1,000000000000000;1,000000000000000;1,000000000000000
2022-08-24;60+;28;28,0;28;28;28;28;28;28;28;28;28;28;181;181,0;181;181;181;181;181;181;181;181,0;181,0;181,0;1,000000000000000;1,000000000000000;1,000000000000000;1,000000000000000;1,000000000000000;1,000000000000000;1,000000000000000;1,000000000000000;1,000000000000000;1,000000000000000;1,000000000000000
2022-08-24;alle;37;37,0;37;37;37;37;37;37;37;37;37;37;245;245,0;245;245;245;245;245;245;245;245,0;245,0;245,0;NA;NA;NA;NA;NA;NA;NA;NA;NA;NA;NA
2022-08-23;0-60;14;14,0;14;14;14;14;14;14;14;14;14;14;64;64,0;64;64;64;64;64;64;64;64,0;64,0;64,0;1,000000000000000;1,000000000000000;1,000000000000000;1,000000000000000;1,000000000000000;1,000000000000000;1,000000000000000;1,000000000000000;1,000000000000000;1,000000000000000;1,000000000000000
2022-08-23;60+;44;44,0;44;44;44;44;44;44;44;44;44;44;198;198,0;198;198;198;198;198;198;198;198,0;198,0;198,0;1,000000000000000;1,000000000000000;1,000000000000000;1,000000000000000;1,000000000000000;1,000000000000000;1,000000000000000;1,000000000000000;1,000000000000000;1,000000000000000;1,000000000000000
2022-08-23;alle;58;58,0;58;58;58;58;58;58;58;58;58;58;262;262,0;262;262;262;262;262;262;262;262,0;262,0;262,0;NA;NA;NA;NA;NA;NA;NA;NA;NA;NA;NA
2022-08-22;0-60;3;3,0;3;3;3;3;3;3;3;3;3;3;68;68,0;68;68;68;68;68;68;68;68,0;68,0;68,0;1,000000000000000;1,000000000000000;1,000000000000000;1,000000000000000;1,000000000000000;1,000000000000000;1,000000000000000;1,000000000000000;1,000000000000000;1,000000000000000;1,000000000000000
2022-08-22;60+;9;9,0;9;9;9;9;9;9;9;9;9;9;198;198,0;198;198;198;198;198;198;198;198,0;198,0;198,0;1,000000000000000;1,000000000000000;1,000000000000000;1,000000000000000;1,000000000000000;1,000000000000000;1,000000000000000;1,000000000000000;1,000000000000000;1,000000000000000;1,000000000000000
2022-08-22;alle;12;12,0;12;12;12;12;12;12;12;12;12;12;266;266,0;266;266;266;266;266;266;266;266,0;266,0;266,0;NA;NA;NA;NA;NA;NA;NA;NA;NA;NA;NA
2022-08-21;0-60;3;3,0;3;3;3;3;3;3;3;3;3;3;70;70,0;70;70;70;70;70;70;70;70,0;70,0;70,0;1,000000000000000;1,000000000000000;1,000000000000000;1,000000000000000;1,000000000000000;1,000000000000000;1,000000000000000;1,000000000000000;1,000000000000000;1,000000000000000;1,000000000000000
2022-08-21;60+;10;10,0;10;10;10;10;10;10;10;10;10;10;206;206,0;206;206;206;206;206;206;206;206,0;206,0;206,0;1,000000000000000;1,000000000000000;1,000000000000000;1,000000000000000;1,000000000000000;1,000000000000000;1,000000000000000;1,000000000000000;1,000000000000000;1,000000000000000;1,000000000000000
2022-08-21;alle;13;13,0;13;13;13;13;13;13;13;13;13;13;276;276,0;276;276;276;276;276;276;276;276,0;276,0;276,0;NA;NA;NA;NA;NA;NA;NA;NA;NA;NA;NA
2022-08-20;0-60;6;6,0;6;6;6;6;6;6;6;6;6;6;69;69,0;69;69;69;69;69;69;69;69,0;69,0;69,0;1,000000000000000;1,000000000000000;1,000000000000000;1,000000000000000;1,000000000000000;1,000000000000000;1,000000000000000;1,000000000000000;1,000000000000000;1,000000000000000;1,000000000000000
2022-08-20;60+;17;17,0;17;17;17;17;17;17;17;17;17;17;202;202,0;202;202;202;202;202;202;202;202,0;202,0;202,0;1,000000000000000;1,000000000000000;1,000000000000000;1,000000000000000;1,000000000000000;1,000000000000000;1,000000000000000;1,000000000000000;1,000000000000000;1,000000000000000;1,000000000000000
2022-08-20;alle;23;23,0;23;23;23;23;23;23;23;23;23;23;271;271,0;271;271;271;271;271;271;271;271,0;271,0;271,0;NA;NA;NA;NA;NA;NA;NA;NA;NA;NA;NA
2022-08-19;0-60;13;13,0;13;13;13;13;13;13;13;13;13;13;73;73,0;73;73;73;73;73;73;73;73,0;73,0;73,0;1,000000000000000;1,000000000000000;1,000000000000000;1,000000000000000;1,000000000000000;1,000000000000000;1,000000000000000;1,000000000000000;1,000000000000000;1,000000000000000;1,000000000000000
2022-08-19;60+;42;42,0;42;42;42;42;42;42;42;42;42;42;217;217,0;217;217;217;217;217;217;217;217,0;217,0;217,0;1,000000000000000;1,000000000000000;1,000000000000000;1,000000000000000;1,000000000000000;1,000000000000000;1,000000000000000;1,000000000000000;1,000000000000000;1,000000000000000;1,000000000000000
2022-08-19;alle;55;55,0;55;55;55;55;55;55;55;55;55;55;290;290,0;290;290;290;290;290;290;290;290,0;290,0;290,0;NA;NA;NA;NA;NA;NA;NA;NA;NA;NA;NA
2022-08-18;0-60;16;16,0;16;16;16;16;16;16;16;16;16;16;77;77,0;77;77;77;77;77;77;77;77,0;77,0;77,0;1,000000000000000;1,000000000000000;1,000000000000000;1,000000000000000;1,000000000000000;1,000000000000000;1,000000000000000;1,000000000000000;1,000000000000000;1,000000000000000;1,000000000000000
2022-08-18;60+;31;31,0;31;31;31;31;31;31;31;31;31;31;209;209,0;209;209;209;209;209;209;209;209,0;209,0;209,0;1,000000000000000;1,000000000000000;1,000000000000000;1,000000000000000;1,000000000000000;1,000000000000000;1,000000000000000;1,000000000000000;1,000000000000000;1,000000000000000;1,000000000000000
2022-08-18;alle;47;47,0;47;47;47;47;47;47;47;47;47;47;286;286,0;286;286;286;286;286;286;286;286,0;286,0;286,0;NA;NA;NA;NA;NA;NA;NA;NA;NA;NA;NA
2022-08-17;0-60;9;9,0;9;9;9;9;9;9;9;9;9;9;75;75,0;75;75;75;75;75;75;75;75,0;75,0;75,0;1,000000000000000;1,000000000000000;1,000000000000000;1,000000000000000;1,000000000000000;1,000000000000000;1,000000000000000;1,000000000000000;1,000000000000000;1,000000000000000;1,000000000000000
2022-08-17;60+;45;45,0;45;45;45;45;45;45;45;45;45;45;207;207,0;207;207;207;207;207;207;207;207,0;207,0;207,0;1,000000000000000;1,000000000000000;1,000000000000000;1,000000000000000;1,000000000000000;1,000000000000000;1,000000000000000;1,000000000000000;1,000000000000000;1,000000000000000;1,000000000000000
2022-08-17;alle;54;54,0;54;54;54;54;54;54;54;54;54;54;282;282,0;282;282;282;282;282;282;282;282,0;282,0;282,0;NA;NA;NA;NA;NA;NA;NA;NA;NA;NA;NA
2022-08-16;0-60;18;18,0;18;18;18;18;18;18;18;18;18;18;76;76,0;76;76;76;76;76;76;76;76,0;76,0;76,0;1,000000000000000;1,000000000000000;1,000000000000000;1,000000000000000;1,000000000000000;1,000000000000000;1,000000000000000;1,000000000000000;1,000000000000000;1,000000000000000;1,000000000000000
2022-08-16;60+;44;44,0;44;44;44;44;44;44;44;44;44;44;189;189,0;189;189;189;189;189;189;189;189,0;189,0;189,0;1,000000000000000;1,000000000000000;1,000000000000000;1,000000000000000;1,000000000000000;1,000000000000000;1,000000000000000;1,000000000000000;1,000000000000000;1,000000000000000;1,000000000000000
2022-08-16;alle;62;62,0;62;62;62;62;62;62;62;62;62;62;265;265,0;265;265;265;265;265;265;265;265,0;265,0;265,0;NA;NA;NA;NA;NA;NA;NA;NA;NA;NA;NA
2022-08-15;0-60;5;5,0;5;5;5;5;5;5;5;5;5;5;78;78,0;78;78;78;78;78;78;78;78,0;78,0;78,0;1,000000000000000;1,000000000000000;1,000000000000000;1,000000000000000;1,000000000000000;1,000000000000000;1,000000000000000;1,000000000000000;1,000000000000000;1,000000000000000;1,000000000000000
2022-08-15;60+;17;17,0;17;17;17;17;17;17;17;17;17;17;196;196,0;196;196;196;196;196;196;196;196,0;196,0;196,0;1,000000000000000;1,000000000000000;1,000000000000000;1,000000000000000;1,000000000000000;1,000000000000000;1,000000000000000;1,000000000000000;1,000000000000000;1,000000000000000;1,000000000000000
2022-08-15;alle;22;22,0;22;22;22;22;22;22;22;22;22;22;274;274,0;274;274;274;274;274;274;274;274,0;274,0;274,0;NA;NA;NA;NA;NA;NA;NA;NA;NA;NA;NA
2022-08-14;0-60;2;2,0;2;2;2;2;2;2;2;2;2;2;79;79,0;79;79;79;79;79;79;79;79,0;79,0;79,0;1,000000000000000;1,000000000000000;1,000000000000000;1,000000000000000;1,000000000000000;1,000000000000000;1,000000000000000;1,000000000000000;1,000000000000000;1,000000000000000;1,000000000000000
2022-08-14;60+;6;6,0;6;6;6;6;6;6;6;6;6;6;196;196,0;196;196;196;196;196;196;196;196,0;196,0;196,0;1,000000000000000;1,000000000000000;1,000000000000000;1,000000000000000;1,000000000000000;1,000000000000000;1,000000000000000;1,000000000000000;1,000000000000000;1,000000000000000;1,000000000000000
2022-08-14;alle;8;8,0;8;8;8;8;8;8;8;8;8;8;275;275,0;275;275;275;275;275;275;275;275,0;275,0;275,0;NA;NA;NA;NA;NA;NA;NA;NA;NA;NA;NA
2022-08-13;0-60;10;10,0;10;10;10;10;10;10;10;10;10;10;80;80,0;80;80;80;80;80;80;80;80,0;80,0;80,0;1,000000000000000;1,000000000000000;1,000000000000000;1,000000000000000;1,000000000000000;1,000000000000000;1,000000000000000;1,000000000000000;1,000000000000000;1,000000000000000;1,000000000000000
2022-08-13;60+;32;32,0;32;32;32;32;32;32;32;32;32;32;203;203,0;203;203;203;203;203;203;203;203,0;203,0;203,0;1,000000000000000;1,000000000000000;1,000000000000000;1,000000000000000;1,000000000000000;1,000000000000000;1,000000000000000;1,000000000000000;1,000000000000000;1,000000000000000;1,000000000000000
2022-08-13;alle;42;42,0;42;42;42;42;42;42;42;42;42;42;283;283,0;283;283;283;283;283;283;283;283,0;283,0;283,0;NA;NA;NA;NA;NA;NA;NA;NA;NA;NA;NA
2022-08-12;0-60;17;17,0;17;17;17;17;17;17;17;17;17;17;82;82,0;82;82;82;82;82;82;82;82,0;82,0;82,0;1,000000000000000;1,000000000000000;1,000000000000000;1,000000000000000;1,000000000000000;1,000000000000000;1,000000000000000;1,000000000000000;1,000000000000000;1,000000000000000;1,000000000000000
2022-08-12;60+;34;34,0;34;34;34;34;34;34;34;34;34;34;202;202,0;202;202;202;202;202;202;202;202,0;202,0;202,0;1,000000000000000;1,000000000000000;1,000000000000000;1,000000000000000;1,000000000000000;1,000000000000000;1,000000000000000;1,000000000000000;1,000000000000000;1,000000000000000;1,000000000000000
2022-08-12;alle;51;51,0;51;51;51;51;51;51;51;51;51;51;284;284,0;284;284;284;284;284;284;284;284,0;284,0;284,0;NA;NA;NA;NA;NA;NA;NA;NA;NA;NA;NA
2022-08-11;0-60;14;14,0;14;14;14;14;14;14;14;14;14;14;74;74,0;74;74;74;74;74;74;74;74,0;74,0;74,0;1,000000000000000;1,000000000000000;1,000000000000000;1,000000000000000;1,000000000000000;1,000000000000000;1,000000000000000;1,000000000000000;1,000000000000000;1,000000000000000;1,000000000000000
2022-08-11;60+;29;29,0;29;29;29;29;29;29;29;29;29;29;200;200,0;200;200;200;200;200;200;200;200,0;200,0;200,0;1,000000000000000;1,000000000000000;1,000000000000000;1,000000000000000;1,000000000000000;1,000000000000000;1,000000000000000;1,000000000000000;1,000000000000000;1,000000000000000;1,000000000000000
2022-08-11;alle;43;43,0;43;43;43;43;43;43;43;43;43;43;274;274,0;274;274;274;274;274;274;274;274,0;274,0;274,0;NA;NA;NA;NA;NA;NA;NA;NA;NA;NA;NA
2022-08-10;0-60;10;10,0;10;10;10;10;10;10;10;10;10;10;77;77,0;77;77;77;77;77;77;77;77,0;77,0;77,0;1,000000000000000;1,000000000000000;1,000000000000000;1,000000000000000;1,000000000000000;1,000000000000000;1,000000000000000;1,000000000000000;1,000000000000000;1,000000000000000;1,000000000000000
2022-08-10;60+;27;27,0;27;27;27;27;27;27;27;27;27;27;198;198,0;198;198;198;198;198;198;198;198,0;198,0;198,0;1,000000000000000;1,000000000000000;1,000000000000000;1,000000000000000;1,000000000000000;1,000000000000000;1,000000000000000;1,000000000000000;1,000000000000000;1,000000000000000;1,000000000000000
2022-08-10;alle;37;37,0;37;37;37;37;37;37;37;37;37;37;275;275,0;275;275;275;275;275;275;275;275,0;275,0;275,0;NA;NA;NA;NA;NA;NA;NA;NA;NA;NA;NA
2022-08-09;0-60;20;20,0;20;20;20;20;20;20;20;20;20;20;84;84,0;84;84;84;84;84;84;84;84,0;84,0;84,0;1,000000000000000;1,000000000000000;1,000000000000000;1,000000000000000;1,000000000000000;1,000000000000000;1,000000000000000;1,000000000000000;1,000000000000000;1,000000000000000;1,000000000000000
2022-08-09;60+;51;51,0;51;51;51;51;51;51;51;51;51;51;202;202,0;202;202;202;202;202;202;202;202,0;202,0;202,0;1,000000000000000;1,000000000000000;1,000000000000000;1,000000000000000;1,000000000000000;1,000000000000000;1,000000000000000;1,000000000000000;1,000000000000000;1,000000000000000;1,000000000000000
2022-08-09;alle;71;71,0;71;71;71;71;71;71;71;71;71;71;286;286,0;286;286;286;286;286;286;286;286,0;286,0;286,0;NA;NA;NA;NA;NA;NA;NA;NA;NA;NA;NA
2022-08-08;0-60;6;6,0;6;6;6;6;6;6;6;6;6;6;72;72,0;72;72;72;72;72;72;72;72,0;72,0;72,0;1,000000000000000;1,000000000000000;1,000000000000000;1,000000000000000;1,000000000000000;1,000000000000000;1,000000000000000;1,000000000000000;1,000000000000000;1,000000000000000;1,000000000000000
2022-08-08;60+;17;17,0;17;17;17;17;17;17;17;17;17;17;203;203,0;203;203;203;203;203;203;203;203,0;203,0;203,0;1,000000000000000;1,000000000000000;1,000000000000000;1,000000000000000;1,000000000000000;1,000000000000000;1,000000000000000;1,000000000000000;1,000000000000000;1,000000000000000;1,000000000000000
2022-08-08;alle;23;23,0;23;23;23;23;23;23;23;23;23;23;275;275,0;275;275;275;275;275;275;275;275,0;275,0;275,0;NA;NA;NA;NA;NA;NA;NA;NA;NA;NA;NA
2022-08-07;0-60;3;3,0;3;3;3;3;3;3;3;3;3;3;70;70,0;70;70;70;70;70;70;70;70,0;70,0;70,0;1,000000000000000;1,000000000000000;1,000000000000000;1,000000000000000;1,000000000000000;1,000000000000000;1,000000000000000;1,000000000000000;1,000000000000000;1,000000000000000;1,000000000000000
2022-08-07;60+;13;13,0;13;13;13;13;13;13;13;13;13;13;201;201,0;201;201;201;201;201;201;201;201,0;201,0;201,0;1,000000000000000;1,000000000000000;1,000000000000000;1,000000000000000;1,000000000000000;1,000000000000000;1,000000000000000;1,000000000000000;1,000000000000000;1,000000000000000;1,000000000000000
2022-08-07;alle;16;16,0;16;16;16;16;16;16;16;16;16;16;271;271,0;271;271;271;271;271;271;271;271,0;271,0;271,0;NA;NA;NA;NA;NA;NA;NA;NA;NA;NA;NA
2022-08-06;0-60;12;12,0;12;12;12;12;12;12;12;12;12;12;71;71,0;71;71;71;71;71;71;71;71,0;71,0;71,0;1,000000000000000;1,000000000000000;1,000000000000000;1,000000000000000;1,000000000000000;1,000000000000000;1,000000000000000;1,000000000000000;1,000000000000000;1,000000000000000;1,000000000000000
2022-08-06;60+;31;31,0;31;31;31;31;31;31;31;31;31;31;201;201,0;201;201;201;201;201;201;201;201,0;201,0;201,0;1,000000000000000;1,000000000000000;1,000000000000000;1,000000000000000;1,000000000000000;1,000000000000000;1,000000000000000;1,000000000000000;1,000000000000000;1,000000000000000;1,000000000000000
2022-08-06;alle;43;43,0;43;43;43;43;43;43;43;43;43;43;272;272,0;272;272;272;272;272;272;272;272,0;272,0;272,0;NA;NA;NA;NA;NA;NA;NA;NA;NA;NA;NA
2022-08-05;0-60;9;9,0;9;9;9;9;9;9;9;9;9;9;64;64,0;64;64;64;64;64;64;64;64,0;64,0;64,0;1,000000000000000;1,000000000000000;1,000000000000000;1,000000000000000;1,000000000000000;1,000000000000000;1,000000000000000;1,000000000000000;1,000000000000000;1,000000000000000;1,000000000000000
2022-08-05;60+;32;32,0;32;32;32;32;32;32;32;32;32;32;188;188,0;188;188;188;188;188;188;188;188,0;188,0;188,0;1,000000000000000;1,000000000000000;1,000000000000000;1,000000000000000;1,000000000000000;1,000000000000000;1,000000000000000;1,000000000000000;1,000000000000000;1,000000000000000;1,000000000000000
2022-08-05;alle;41;41,0;41;41;41;41;41;41;41;41;41;41;252;252,0;252;252;252;252;252;252;252;252,0;252,0;252,0;NA;NA;NA;NA;NA;NA;NA;NA;NA;NA;NA
2022-08-04;0-60;17;17,0;17;17;17;17;17;17;17;17;17;17;68;68,0;68;68;68;68;68;68;68;68,0;68,0;68,0;1,000000000000000;1,000000000000000;1,000000000000000;1,000000000000000;1,000000000000000;1,000000000000000;1,000000000000000;1,000000000000000;1,000000000000000;1,000000000000000;1,000000000000000
2022-08-04;60+;27;27,0;27;27;27;27;27;27;27;27;27;27;184;184,0;184;184;184;184;184;184;184;184,0;184,0;184,0;1,000000000000000;1,000000000000000;1,000000000000000;1,000000000000000;1,000000000000000;1,000000000000000;1,000000000000000;1,000000000000000;1,000000000000000;1,000000000000000;1,000000000000000
2022-08-04;alle;44;44,0;44;44;44;44;44;44;44;44;44;44;252;252,0;252;252;252;252;252;252;252;252,0;252,0;252,0;NA;NA;NA;NA;NA;NA;NA;NA;NA;NA;NA
2022-08-03;0-60;17;17,0;17;17;17;17;17;17;17;17;17;17;69;69,0;69;69;69;69;69;69;69;69,0;69,0;69,0;1,000000000000000;1,000000000000000;1,000000000000000;1,000000000000000;1,000000000000000;1,000000000000000;1,000000000000000;1,000000000000000;1,000000000000000;1,000000000000000;1,000000000000000
2022-08-03;60+;31;31,0;31;31;31;31;31;31;31;31;31;31;190;190,0;190;190;190;190;190;190;190;190,0;190,0;190,0;1,000000000000000;1,000000000000000;1,000000000000000;1,000000000000000;1,000000000000000;1,000000000000000;1,000000000000000;1,000000000000000;1,000000000000000;1,000000000000000;1,000000000000000
2022-08-03;alle;48;48,0;48;48;48;48;48;48;48;48;48;48;259;259,0;259;259;259;259;259;259;259;259,0;259,0;259,0;NA;NA;NA;NA;NA;NA;NA;NA;NA;NA;NA
2022-08-02;0-60;8;8,0;8;8;8;8;8;8;8;8;8;8;66;66,0;66;66;66;66;66;66;66;66,0;66,0;66,0;1,000000000000000;1,000000000000000;1,000000000000000;1,000000000000000;1,000000000000000;1,000000000000000;1,000000000000000;1,000000000000000;1,000000000000000;1,000000000000000;1,000000000000000
2022-08-02;60+;52;52,0;52;52;52;52;52;52;52;52;52;52;213;213,0;213;213;213;213;213;213;213;213,0;213,0;213,0;1,000000000000000;1,000000000000000;1,000000000000000;1,000000000000000;1,000000000000000;1,000000000000000;1,000000000000000;1,000000000000000;1,000000000000000;1,000000000000000;1,000000000000000
2022-08-02;alle;60;60,0;60;60;60;60;60;60;60;60;60;60;279;279,0;279;279;279;279;279;279;279;279,0;279,0;279,0;NA;NA;NA;NA;NA;NA;NA;NA;NA;NA;NA
2022-08-01;0-60;4;4,0;4;4;4;4;4;4;4;4;4;4;80;80,0;80;80;80;80;80;80;80;80,0;80,0;80,0;1,000000000000000;1,000000000000000;1,000000000000000;1,000000000000000;1,000000000000000;1,000000000000000;1,000000000000000;1,000000000000000;1,000000000000000;1,000000000000000;1,000000000000000
2022-08-01;60+;15;15,0;15;15;15;15;15;15;15;15;15;15;206;206,0;206;206;206;206;206;206;206;206,0;206,0;206,0;1,000000000000000;1,000000000000000;1,000000000000000;1,000000000000000;1,000000000000000;1,000000000000000;1,000000000000000;1,000000000000000;1,000000000000000;1,000000000000000;1,000000000000000
2022-08-01;alle;19;19,0;19;19;19;19;19;19;19;19;19;19;286;286,0;286;286;286;286;286;286;286;286,0;286,0;286,0;NA;NA;NA;NA;NA;NA;NA;NA;NA;NA;NA
2022-07-31;0-60;4;4,0;4;4;4;4;4;4;4;4;4;4;81;81,0;81;81;81;81;81;81;81;81,0;81,0;81,0;1,000000000000000;1,000000000000000;1,000000000000000;1,000000000000000;1,000000000000000;1,000000000000000;1,000000000000000;1,000000000000000;1,000000000000000;1,000000000000000;1,000000000000000
2022-07-31;60+;13;13,0;13;13;13;13;13;13;13;13;13;13;201;201,0;201;201;201;201;201;201;201;201,0;201,0;201,0;1,000000000000000;1,000000000000000;1,000000000000000;1,000000000000000;1,000000000000000;1,000000000000000;1,000000000000000;1,000000000000000;1,000000000000000;1,000000000000000;1,000000000000000
2022-07-31;alle;17;17,0;17;17;17;17;17;17;17;17;17;17;282;282,0;282;282;282;282;282;282;282;282,0;282,0;282,0;NA;NA;NA;NA;NA;NA;NA;NA;NA;NA;NA
2022-07-30;0-60;5;5,0;5;5;5;5;5;5;5;5;5;5;80;80,0;80;80;80;80;80;80;80;80,0;80,0;80,0;1,000000000000000;1,000000000000000;1,000000000000000;1,000000000000000;1,000000000000000;1,000000000000000;1,000000000000000;1,000000000000000;1,000000000000000;1,000000000000000;1,000000000000000
2022-07-30;60+;18;18,0;18;18;18;18;18;18;18;18;18;18;208;208,0;208;208;208;208;208;208;208;208,0;208,0;208,0;1,000000000000000;1,000000000000000;1,000000000000000;1,000000000000000;1,000000000000000;1,000000000000000;1,000000000000000;1,000000000000000;1,000000000000000;1,000000000000000;1,000000000000000
2022-07-30;alle;23;23,0;23;23;23;23;23;23;23;23;23;23;288;288,0;288;288;288;288;288;288;288;288,0;288,0;288,0;NA;NA;NA;NA;NA;NA;NA;NA;NA;NA;NA
2022-07-29;0-60;13;13,0;13;13;13;13;13;13;13;13;13;13;86;86,0;86;86;86;86;86;86;86;86,0;86,0;86,0;1,000000000000000;1,000000000000000;1,000000000000000;1,000000000000000;1,000000000000000;1,000000000000000;1,000000000000000;1,000000000000000;1,000000000000000;1,000000000000000;1,000000000000000
2022-07-29;60+;28;28,0;28;28;28;28;28;28;28;28;28;28;228;228,0;228;228;228;228;228;228;228;228,0;228,0;228,0;1,000000000000000;1,000000000000000;1,000000000000000;1,000000000000000;1,000000000000000;1,000000000000000;1,000000000000000;1,000000000000000;1,000000000000000;1,000000000000000;1,000000000000000
2022-07-29;alle;41;41,0;41;41;41;41;41;41;41;41;41;41;314;314,0;314;314;314;314;314;314;314;314,0;314,0;314,0;NA;NA;NA;NA;NA;NA;NA;NA;NA;NA;NA
2022-07-28;0-60;18;18,0;18;18;18;18;18;18;18;18;18;18;89;89,0;89;89;89;89;89;89;89;89,0;89,0;89,0;1,000000000000000;1,000000000000000;1,000000000000000;1,000000000000000;1,000000000000000;1,000000000000000;1,000000000000000;1,000000000000000;1,000000000000000;1,000000000000000;1,000000000000000
2022-07-28;60+;33;33,0;33;33;33;33;33;33;33;33;33;33;246;246,0;246;246;246;246;246;246;246;246,0;246,0;246,0;1,000000000000000;1,000000000000000;1,000000000000000;1,000000000000000;1,000000000000000;1,000000000000000;1,000000000000000;1,000000000000000;1,000000000000000;1,000000000000000;1,000000000000000
2022-07-28;alle;51;51,0;51;51;51;51;51;51;51;51;51;51;335;335,0;335;335;335;335;335;335;335;335,0;335,0;335,0;NA;NA;NA;NA;NA;NA;NA;NA;NA;NA;NA
2022-07-27;0-60;14;14,0;14;14;14;14;14;14;14;14;14;14;89;89,0;89;89;89;89;89;89;89;89,0;89,0;89,0;1,000000000000000;1,000000000000000;1,000000000000000;1,000000000000000;1,000000000000000;1,000000000000000;1,000000000000000;1,000000000000000;1,000000000000000;1,000000000000000;1,000000000000000
2022-07-27;60+;54;54,0;54;54;54;54;54;54;54;54;54;54;257;257,0;257;257;257;257;257;257;257;257,0;257,0;257,0;1,000000000000000;1,000000000000000;1,000000000000000;1,000000000000000;1,000000000000000;1,000000000000000;1,000000000000000;1,000000000000000;1,000000000000000;1,000000000000000;1,000000000000000
2022-07-27;alle;68;68,0;68;68;68;68;68;68;68;68;68;68;346;346,0;346;346;346;346;346;346;346;346,0;346,0;346,0;NA;NA;NA;NA;NA;NA;NA;NA;NA;NA;NA
2022-07-26;0-60;22;22,0;22;22;22;22;22;22;22;22;22;22;99;99,0;99;99;99;99;99;99;99;99,0;99,0;99,0;1,000000000000000;1,000000000000000;1,000000000000000;1,000000000000000;1,000000000000000;1,000000000000000;1,000000000000000;1,000000000000000;1,000000000000000;1,000000000000000;1,000000000000000
2022-07-26;60+;45;45,0;45;45;45;45;45;45;45;45;45;45;276;276,0;276;276;276;276;276;276;276;276,0;276,0;276,0;1,000000000000000;1,000000000000000;1,000000000000000;1,000000000000000;1,000000000000000;1,000000000000000;1,000000000000000;1,000000000000000;1,000000000000000;1,000000000000000;1,000000000000000
2022-07-26;alle;67;67,0;67;67;67;67;67;67;67;67;67;67;375;375,0;375;375;375;375;375;375;375;375,0;375,0;375,0;NA;NA;NA;NA;NA;NA;NA;NA;NA;NA;NA
2022-07-25;0-60;5;5,0;5;5;5;5;5;5;5;5;5;5;103;103,0;103;103;103;103;103;103;103;103,0;103,0;103,0;1,000000000000000;1,000000000000000;1,000000000000000;1,000000000000000;1,000000000000000;1,000000000000000;1,000000000000000;1,000000000000000;1,000000000000000;1,000000000000000;1,000000000000000
2022-07-25;60+;10;10,0;10;10;10;10;10;10;10;10;10;10;306;306,0;306;306;306;306;306;306;306;306,0;306,0;306,0;1,000000000000000;1,000000000000000;1,000000000000000;1,000000000000000;1,000000000000000;1,000000000000000;1,000000000000000;1,000000000000000;1,000000000000000;1,000000000000000;1,000000000000000
2022-07-25;alle;15;15,0;15;15;15;15;15;15;15;15;15;15;409;409,0;409;409;409;409;409;409;409;409,0;409,0;409,0;NA;NA;NA;NA;NA;NA;NA;NA;NA;NA;NA
2022-07-24;0-60;3;3,0;3;3;3;3;3;3;3;3;3;3;101;101,0;101;101;101;101;101;101;101;101,0;101,0;101,0;1,000000000000000;1,000000000000000;1,000000000000000;1,000000000000000;1,000000000000000;1,000000000000000;1,000000000000000;1,000000000000000;1,000000000000000;1,000000000000000;1,000000000000000
2022-07-24;60+;20;20,0;20;20;20;20;20;20;20;20;20;20;306;306,0;306;306;306;306;306;306;306;306,0;306,0;306,0;1,000000000000000;1,000000000000000;1,000000000000000;1,000000000000000;1,000000000000000;1,000000000000000;1,000000000000000;1,000000000000000;1,000000000000000;1,000000000000000;1,000000000000000
2022-07-24;alle;23;23,0;23;23;23;23;23;23;23;23;23;23;407;407,0;407;407;407;407;407;407;407;407,0;407,0;407,0;NA;NA;NA;NA;NA;NA;NA;NA;NA;NA;NA
2022-07-23;0-60;11;11,0;11;11;11;11;11;11;11;11;11;11;109;109,0;109;109;109;109;109;109;109;109,0;109,0;109,0;1,000000000000000;1,000000000000000;1,000000000000000;1,000000000000000;1,000000000000000;1,000000000000000;1,000000000000000;1,000000000000000;1,000000000000000;1,000000000000000;1,000000000000000
2022-07-23;60+;38;38,0;38;38;38;38;38;38;38;38;38;38;299;299,0;299;299;299;299;299;299;299;299,0;299,0;299,0;1,000000000000000;1,000000000000000;1,000000000000000;1,000000000000000;1,000000000000000;1,000000000000000;1,000000000000000;1,000000000000000;1,000000000000000;1,000000000000000;1,000000000000000
2022-07-23;alle;49;49,0;49;49;49;49;49;49;49;49;49;49;408;408,0;408;408;408;408;408;408;408;408,0;408,0;408,0;NA;NA;NA;NA;NA;NA;NA;NA;NA;NA;NA
2022-07-22;0-60;16;16,0;16;16;16;16;16;16;16;16;16;16;116;116,0;116;116;116;116;116;116;116;116,0;116,0;116,0;1,000000000000000;1,000000000000000;1,000000000000000;1,000000000000000;1,000000000000000;1,000000000000000;1,000000000000000;1,000000000000000;1,000000000000000;1,000000000000000;1,000000000000000
2022-07-22;60+;46;46,0;46;46;46;46;46;46;46;46;46;46;295;295,0;295;295;295;295;295;295;295;295,0;295,0;295,0;1,000000000000000;1,000000000000000;1,000000000000000;1,000000000000000;1,000000000000000;1,000000000000000;1,000000000000000;1,000000000000000;1,000000000000000;1,000000000000000;1,000000000000000
2022-07-22;alle;62;62,0;62;62;62;62;62;62;62;62;62;62;411;411,0;411;411;411;411;411;411;411;411,0;411,0;411,0;NA;NA;NA;NA;NA;NA;NA;NA;NA;NA;NA
2022-07-21;0-60;18;18,0;18;18;18;18;18;18;18;18;18;18;113;113,0;113;113;113;113;113;113;113;113,0;113,0;113,0;1,000000000000000;1,000000000000000;1,000000000000000;1,000000000000000;1,000000000000000;1,000000000000000;1,000000000000000;1,000000000000000;1,000000000000000;1,000000000000000;1,000000000000000
2022-07-21;60+;44;44,0;44;44;44;44;44;44;44;44;44;44;292;292,0;292;292;292;292;292;292;292;292,0;292,0;292,0;1,000000000000000;1,000000000000000;1,000000000000000;1,000000000000000;1,000000000000000;1,000000000000000;1,000000000000000;1,000000000000000;1,000000000000000;1,000000000000000;1,000000000000000
2022-07-21;alle;62;62,0;62;62;62;62;62;62;62;62;62;62;405;405,0;405;405;405;405;405;405;405;405,0;405,0;405,0;NA;NA;NA;NA;NA;NA;NA;NA;NA;NA;NA
2022-07-20;0-60;24;24,0;24;24;24;24;24;24;24;24;24;24;113;113,0;113;113;113;113;113;113;113;113,0;113,0;113,0;1,000000000000000;1,000000000000000;1,000000000000000;1,000000000000000;1,000000000000000;1,000000000000000;1,000000000000000;1,000000000000000;1,000000000000000;1,000000000000000;1,000000000000000
2022-07-20;60+;73;73,0;73;73;73;73;73;73;73;73;73;73;293;293,0;293;293;293;293;293;293;293;293,0;293,0;293,0;1,000000000000000;1,000000000000000;1,000000000000000;1,000000000000000;1,000000000000000;1,000000000000000;1,000000000000000;1,000000000000000;1,000000000000000;1,000000000000000;1,000000000000000
2022-07-20;alle;97;97,0;97;97;97;97;97;97;97;97;97;97;406;406,0;406;406;406;406;406;406;406;406,0;406,0;406,0;NA;NA;NA;NA;NA;NA;NA;NA;NA;NA;NA
2022-07-19;0-60;26;26,0;26;26;26;26;26;26;26;26;26;26;97;97,0;97;97;97;97;97;97;97;97,0;97,0;97,0;1,000000000000000;1,000000000000000;1,000000000000000;1,000000000000000;1,000000000000000;1,000000000000000;1,000000000000000;1,000000000000000;1,000000000000000;1,000000000000000;1,000000000000000
2022-07-19;60+;75;75,0;75;75;75;75;75;75;75;75;75;75;270;270,0;270;270;270;270;270;270;270;270,0;270,0;270,0;1,000000000000000;1,000000000000000;1,000000000000000;1,000000000000000;1,000000000000000;1,000000000000000;1,000000000000000;1,000000000000000;1,000000000000000;1,000000000000000;1,000000000000000
2022-07-19;alle;101;101,0;101;101;101;101;101;101;101;101;101;101;367;367,0;367;367;367;367;367;367;367;367,0;367,0;367,0;NA;NA;NA;NA;NA;NA;NA;NA;NA;NA;NA
2022-07-18;0-60;3;3,0;3;3;3;3;3;3;3;3;3;3;89;89,0;89;89;89;89;89;89;89;89,0;89,0;89,0;1,000000000000000;1,000000000000000;1,000000000000000;1,000000000000000;1,000000000000000;1,000000000000000;1,000000000000000;1,000000000000000;1,000000000000000;1,000000000000000;1,000000000000000
2022-07-18;60+;10;10,0;10;10;10;10;10;10;10;10;10;10;262;262,0;262;262;262;262;262;262;262;262,0;262,0;262,0;1,000000000000000;1,000000000000000;1,000000000000000;1,000000000000000;1,000000000000000;1,000000000000000;1,000000000000000;1,000000000000000;1,000000000000000;1,000000000000000;1,000000000000000
2022-07-18;alle;13;13,0;13;13;13;13;13;13;13;13;13;13;351;351,0;351;351;351;351;351;351;351;351,0;351,0;351,0;NA;NA;NA;NA;NA;NA;NA;NA;NA;NA;NA
2022-07-17;0-60;11;11,0;11;11;11;11;11;11;11;11;11;11;89;89,0;89;89;89;89;89;89;89;89,0;89,0;89,0;1,000000000000000;1,000000000000000;1,000000000000000;1,000000000000000;1,000000000000000;1,000000000000000;1,000000000000000;1,000000000000000;1,000000000000000;1,000000000000000;1,000000000000000
2022-07-17;60+;13;13,0;13;13;13;13;13;13;13;13;13;13;268;268,0;268;268;268;268;268;268;268;268,0;268,0;268,0;1,000000000000000;1,000000000000000;1,000000000000000;1,000000000000000;1,000000000000000;1,000000000000000;1,000000000000000;1,000000000000000;1,000000000000000;1,000000000000000;1,000000000000000
2022-07-17;alle;24;24,0;24;24;24;24;24;24;24;24;24;24;357;357,0;357;357;357;357;357;357;357;357,0;357,0;357,0;NA;NA;NA;NA;NA;NA;NA;NA;NA;NA;NA
2022-07-16;0-60;18;18,0;18;18;18;18;18;18;18;18;18;18;89;89,0;89;89;89;89;89;89;89;89,0;89,0;89,0;1,000000000000000;1,000000000000000;1,000000000000000;1,000000000000000;1,000000000000000;1,000000000000000;1,000000000000000;1,000000000000000;1,000000000000000;1,000000000000000;1,000000000000000
2022-07-16;60+;34;34,0;34;34;34;34;34;34;34;34;34;34;273;273,0;273;273;273;273;273;273;273;273,0;273,0;273,0;1,000000000000000;1,000000000000000;1,000000000000000;1,000000000000000;1,000000000000000;1,000000000000000;1,000000000000000;1,000000000000000;1,000000000000000;1,000000000000000;1,000000000000000
2022-07-16;alle;52;52,0;52;52;52;52;52;52;52;52;52;52;362;362,0;362;362;362;362;362;362;362;362,0;362,0;362,0;NA;NA;NA;NA;NA;NA;NA;NA;NA;NA;NA
2022-07-15;0-60;13;13,0;13;13;13;13;13;13;13;13;13;13;88;88,0;88;88;88;88;88;88;88;88,0;88,0;88,0;1,000000000000000;1,000000000000000;1,000000000000000;1,000000000000000;1,000000000000000;1,000000000000000;1,000000000000000;1,000000000000000;1,000000000000000;1,000000000000000;1,000000000000000
2022-07-15;60+;43;43,0;43;43;43;43;43;43;43;43;43;43;274;274,0;274;274;274;274;274;274;274;274,0;274,0;274,0;1,000000000000000;1,000000000000000;1,000000000000000;1,000000000000000;1,000000000000000;1,000000000000000;1,000000000000000;1,000000000000000;1,000000000000000;1,000000000000000;1,000000000000000
2022-07-15;alle;56;56,0;56;56;56;56;56;56;56;56;56;56;362;362,0;362;362;362;362;362;362;362;362,0;362,0;362,0;NA;NA;NA;NA;NA;NA;NA;NA;NA;NA;NA
2022-07-14;0-60;18;18,0;18;18;18;18;18;18;18;18;18;18;95;95,0;95;95;95;95;95;95;95;95,0;95,0;95,0;1,000000000000000;1,000000000000000;1,000000000000000;1,000000000000000;1,000000000000000;1,000000000000000;1,000000000000000;1,000000000000000;1,000000000000000;1,000000000000000;1,000000000000000
2022-07-14;60+;45;45,0;45;45;45;45;45;45;45;45;45;45;263;263,0;263;263;263;263;263;263;263;263,0;263,0;263,0;1,000000000000000;1,000000000000000;1,000000000000000;1,000000000000000;1,000000000000000;1,000000000000000;1,000000000000000;1,000000000000000;1,000000000000000;1,000000000000000;1,000000000000000
2022-07-14;alle;63;63,0;63;63;63;63;63;63;63;63;63;63;358;358,0;358;358;358;358;358;358;358;358,0;358,0;358,0;NA;NA;NA;NA;NA;NA;NA;NA;NA;NA;NA
2022-07-13;0-60;8;8,0;8;8;8;8;8;8;8;8;8;8;97;97,0;97;97;97;97;97;97;97;97,0;97,0;97,0;1,000000000000000;1,000000000000000;1,000000000000000;1,000000000000000;1,000000000000000;1,000000000000000;1,000000000000000;1,000000000000000;1,000000000000000;1,000000000000000;1,000000000000000
2022-07-13;60+;50;50,0;50;50;50;50;50;50;50;50;50;50;261;261,0;261;261;261;261;261;261;261;261,0;261,0;261,0;1,000000000000000;1,000000000000000;1,000000000000000;1,000000000000000;1,000000000000000;1,000000000000000;1,000000000000000;1,000000000000000;1,000000000000000;1,000000000000000;1,000000000000000
2022-07-13;alle;58;58,0;58;58;58;58;58;58;58;58;58;58;358;358,0;358;358;358;358;358;358;358;358,0;358,0;358,0;NA;NA;NA;NA;NA;NA;NA;NA;NA;NA;NA
2022-07-12;0-60;18;18,0;18;18;18;18;18;18;18;18;18;18;126;126,0;126;126;126;126;126;126;126;126,0;126,0;126,0;1,000000000000000;1,000000000000000;1,000000000000000;1,000000000000000;1,000000000000000;1,000000000000000;1,000000000000000;1,000000000000000;1,000000000000000;1,000000000000000;1,000000000000000
2022-07-12;60+;67;67,0;67;67;67;67;67;67;67;67;67;67;278;278,0;278;278;278;278;278;278;278;278,0;278,0;278,0;1,000000000000000;1,000000000000000;1,000000000000000;1,000000000000000;1,000000000000000;1,000000000000000;1,000000000000000;1,000000000000000;1,000000000000000;1,000000000000000;1,000000000000000
2022-07-12;alle;85;85,0;85;85;85;85;85;85;85;85;85;85;404;404,0;404;404;404;404;404;404;404;404,0;404,0;404,0;NA;NA;NA;NA;NA;NA;NA;NA;NA;NA;NA
2022-07-11;0-60;3;3,0;3;3;3;3;3;3;3;3;3;3;133;133,0;133;133;133;133;133;133;133;133,0;133,0;133,0;1,000000000000000;1,000000000000000;1,000000000000000;1,000000000000000;1,000000000000000;1,000000000000000;1,000000000000000;1,000000000000000;1,000000000000000;1,000000000000000;1,000000000000000
2022-07-11;60+;16;16,0;16;16;16;16;16;16;16;16;16;16;309;309,0;309;309;309;309;309;309;309;309,0;309,0;309,0;1,000000000000000;1,000000000000000;1,000000000000000;1,000000000000000;1,000000000000000;1,000000000000000;1,000000000000000;1,000000000000000;1,000000000000000;1,000000000000000;1,000000000000000
2022-07-11;alle;19;19,0;19;19;19;19;19;19;19;19;19;19;442;442,0;442;442;442;442;442;442;442;442,0;442,0;442,0;NA;NA;NA;NA;NA;NA;NA;NA;NA;NA;NA
2022-07-10;0-60;11;11,0;11;11;11;11;11;11;11;11;11;11;135;135,0;135;135;135;135;135;135;135;135,0;135,0;135,0;1,000000000000000;1,000000000000000;1,000000000000000;1,000000000000000;1,000000000000000;1,000000000000000;1,000000000000000;1,000000000000000;1,000000000000000;1,000000000000000;1,000000000000000
2022-07-10;60+;18;18,0;18;18;18;18;18;18;18;18;18;18;310;310,0;310;310;310;310;310;310;310;310,0;310,0;310,0;1,000000000000000;1,000000000000000;1,000000000000000;1,000000000000000;1,000000000000000;1,000000000000000;1,000000000000000;1,000000000000000;1,000000000000000;1,000000000000000;1,000000000000000
2022-07-10;alle;29;29,0;29;29;29;29;29;29;29;29;29;29;445;445,0;445;445;445;445;445;445;445;445,0;445,0;445,0;NA;NA;NA;NA;NA;NA;NA;NA;NA;NA;NA
2022-07-09;0-60;17;17,0;17;17;17;17;17;17;17;17;17;17;126;126,0;126;126;126;126;126;126;126;126,0;126,0;126,0;1,000000000000000;1,000000000000000;1,000000000000000;1,000000000000000;1,000000000000000;1,000000000000000;1,000000000000000;1,000000000000000;1,000000000000000;1,000000000000000;1,000000000000000
2022-07-09;60+;35;35,0;35;35;35;35;35;35;35;35;35;35;302;302,0;302;302;302;302;302;302;302;302,0;302,0;302,0;1,000000000000000;1,000000000000000;1,000000000000000;1,000000000000000;1,000000000000000;1,000000000000000;1,000000000000000;1,000000000000000;1,000000000000000;1,000000000000000;1,000000000000000
2022-07-09;alle;52;52,0;52;52;52;52;52;52;52;52;52;52;428;428,0;428;428;428;428;428;428;428;428,0;428,0;428,0;NA;NA;NA;NA;NA;NA;NA;NA;NA;NA;NA
2022-07-08;0-60;20;20,0;20;20;20;20;20;20;20;20;20;20;134;134,0;134;134;134;134;134;134;134;134,0;134,0;134,0;1,000000000000000;1,000000000000000;1,000000000000000;1,000000000000000;1,000000000000000;1,000000000000000;1,000000000000000;1,000000000000000;1,000000000000000;1,000000000000000;1,000000000000000
2022-07-08;60+;32;32,0;32;32;32;32;32;32;32;32;32;32;307;307,0;307;307;307;307;307;307;307;307,0;307,0;307,0;1,000000000000000;1,000000000000000;1,000000000000000;1,000000000000000;1,000000000000000;1,000000000000000;1,000000000000000;1,000000000000000;1,000000000000000;1,000000000000000;1,000000000000000
2022-07-08;alle;52;52,0;52;52;52;52;52;52;52;52;52;52;441;441,0;441;441;441;441;441;441;441;441,0;441,0;441,0;NA;NA;NA;NA;NA;NA;NA;NA;NA;NA;NA
2022-07-07;0-60;20;20,0;20;20;20;20;20;20;20;20;20;20;131;131,0;131;131;131;131;131;131;131;131,0;131,0;131,0;1,000000000000000;1,000000000000000;1,000000000000000;1,000000000000000;1,000000000000000;1,000000000000000;1,000000000000000;1,000000000000000;1,000000000000000;1,000000000000000;1,000000000000000
2022-07-07;60+;43;43,0;43;43;43;43;43;43;43;43;43;43;316;316,0;316;316;316;316;316;316;316;316,0;316,0;316,0;1,000000000000000;1,000000000000000;1,000000000000000;1,000000000000000;1,000000000000000;1,000000000000000;1,000000000000000;1,000000000000000;1,000000000000000;1,000000000000000;1,000000000000000
2022-07-07;alle;63;63,0;63;63;63;63;63;63;63;63;63;63;447;447,0;447;447;447;447;447;447;447;447,0;447,0;447,0;NA;NA;NA;NA;NA;NA;NA;NA;NA;NA;NA
2022-07-06;0-60;37;37,0;37;37;37;37;37;37;37;37;37;37;129;129,0;129;129;129;129;129;129;129;129,0;129,0;129,0;1,000000000000000;1,000000000000000;1,000000000000000;1,000000000000000;1,000000000000000;1,000000000000000;1,000000000000000;1,000000000000000;1,000000000000000;1,000000000000000;1,000000000000000
2022-07-06;60+;67;67,0;67;67;67;67;67;67;67;67;67;67;308;308,0;308;308;308;308;308;308;308;308,0;308,0;308,0;1,000000000000000;1,000000000000000;1,000000000000000;1,000000000000000;1,000000000000000;1,000000000000000;1,000000000000000;1,000000000000000;1,000000000000000;1,000000000000000;1,000000000000000
2022-07-06;alle;104;104,0;104;104;104;104;104;104;104;104;104;104;437;437,0;437;437;437;437;437;437;437;437,0;437,0;437,0;NA;NA;NA;NA;NA;NA;NA;NA;NA;NA;NA
2022-07-05;0-60;25;25,0;25;25;25;25;25;25;25;25;25;25;119;119,0;119;119;119;119;119;119;119;119,0;119,0;119,0;1,000000000000000;1,000000000000000;1,000000000000000;1,000000000000000;1,000000000000000;1,000000000000000;1,000000000000000;1,000000000000000;1,000000000000000;1,000000000000000;1,000000000000000
2022-07-05;60+;98;98,0;98;98;98;98;98;98;98;98;98;98;297;297,0;297;297;297;297;297;297;297;297,0;297,0;297,0;1,000000000000000;1,000000000000000;1,000000000000000;1,000000000000000;1,000000000000000;1,000000000000000;1,000000000000000;1,000000000000000;1,000000000000000;1,000000000000000;1,000000000000000
2022-07-05;alle;123;123,0;123;123;123;123;123;123;123;123;123;123;416;416,0;416;416;416;416;416;416;416;416,0;416,0;416,0;NA;NA;NA;NA;NA;NA;NA;NA;NA;NA;NA
2022-07-04;0-60;5;5,0;5;5;5;5;5;5;5;5;5;5;125;125,0;125;125;125;125;125;125;125;125,0;125,0;125,0;1,000000000000000;1,000000000000000;1,000000000000000;1,000000000000000;1,000000000000000;1,000000000000000;1,000000000000000;1,000000000000000;1,000000000000000;1,000000000000000;1,000000000000000
2022-07-04;60+;17;17,0;17;17;17;17;17;17;17;17;17;17;249;249,0;249;249;249;249;249;249;249;249,0;249,0;249,0;1,000000000000000;1,000000000000000;1,000000000000000;1,000000000000000;1,000000000000000;1,000000000000000;1,000000000000000;1,000000000000000;1,000000000000000;1,000000000000000;1,000000000000000
2022-07-04;alle;22;22,0;22;22;22;22;22;22;22;22;22;22;374;374,0;374;374;374;374;374;374;374;374,0;374,0;374,0;NA;NA;NA;NA;NA;NA;NA;NA;NA;NA;NA
2022-07-03;0-60;2;2,0;2;2;2;2;2;2;2;2;2;2;126;126,0;126;126;126;126;126;126;126;126,0;126,0;126,0;1,000000000000000;1,000000000000000;1,000000000000000;1,000000000000000;1,000000000000000;1,000000000000000;1,000000000000000;1,000000000000000;1,000000000000000;1,000000000000000;1,000000000000000
2022-07-03;60+;10;10,0;10;10;10;10;10;10;10;10;10;10;251;251,0;251;251;251;251;251;251;251;251,0;251,0;251,0;1,000000000000000;1,000000000000000;1,000000000000000;1,000000000000000;1,000000000000000;1,000000000000000;1,000000000000000;1,000000000000000;1,000000000000000;1,000000000000000;1,000000000000000
2022-07-03;alle;12;12,0;12;12;12;12;12;12;12;12;12;12;377;377,0;377;377;377;377;377;377;377;377,0;377,0;377,0;NA;NA;NA;NA;NA;NA;NA;NA;NA;NA;NA
2022-07-02;0-60;25;25,0;25;25;25;25;25;25;25;25;25;25;128;128,0;128;128;128;128;128;128;128;128,0;128,0;128,0;1,000000000000000;1,000000000000000;1,000000000000000;1,000000000000000;1,000000000000000;1,000000000000000;1,000000000000000;1,000000000000000;1,000000000000000;1,000000000000000;1,000000000000000
2022-07-02;60+;40;40,0;40;40;40;40;40;40;40;40;40;40;257;257,0;257;257;257;257;257;257;257;257,0;257,0;257,0;1,000000000000000;1,000000000000000;1,000000000000000;1,000000000000000;1,000000000000000;1,000000000000000;1,000000000000000;1,000000000000000;1,000000000000000;1,000000000000000;1,000000000000000
2022-07-02;alle;65;65,0;65;65;65;65;65;65;65;65;65;65;385;385,0;385;385;385;385;385;385;385;385,0;385,0;385,0;NA;NA;NA;NA;NA;NA;NA;NA;NA;NA;NA
2022-07-01;0-60;17;17,0;17;17;17;17;17;17;17;17;17;17;127;127,0;127;127;127;127;127;127;127;127,0;127,0;127,0;1,000000000000000;1,000000000000000;1,000000000000000;1,000000000000000;1,000000000000000;1,000000000000000;1,000000000000000;1,000000000000000;1,000000000000000;1,000000000000000;1,000000000000000
2022-07-01;60+;41;41,0;41;41;41;41;41;41;41;41;41;41;240;240,0;240;240;240;240;240;240;240;240,0;240,0;240,0;1,000000000000000;1,000000000000000;1,000000000000000;1,000000000000000;1,000000000000000;1,000000000000000;1,000000000000000;1,000000000000000;1,000000000000000;1,000000000000000;1,000000000000000
2022-07-01;alle;58;58,0;58;58;58;58;58;58;58;58;58;58;367;367,0;367;367;367;367;367;367;367;367,0;367,0;367,0;NA;NA;NA;NA;NA;NA;NA;NA;NA;NA;NA
2022-06-30;0-60;18;18,0;18;18;18;18;18;18;18;18;18;18;132;132,0;132;132;132;132;132;132;132;132,0;132,0;132,0;1,000000000000000;1,000000000000000;1,000000000000000;1,000000000000000;1,000000000000000;1,000000000000000;1,000000000000000;1,000000000000000;1,000000000000000;1,000000000000000;1,000000000000000
2022-06-30;60+;35;35,0;35;35;35;35;35;35;35;35;35;35;237;237,0;237;237;237;237;237;237;237;237,0;237,0;237,0;1,000000000000000;1,000000000000000;1,000000000000000;1,000000000000000;1,000000000000000;1,000000000000000;1,000000000000000;1,000000000000000;1,000000000000000;1,000000000000000;1,000000000000000
2022-06-30;alle;53;53,0;53;53;53;53;53;53;53;53;53;53;369;369,0;369;369;369;369;369;369;369;369,0;369,0;369,0;NA;NA;NA;NA;NA;NA;NA;NA;NA;NA;NA
2022-06-29;0-60;27;27,0;27;27;27;27;27;27;27;27;27;27;137;137,0;137;137;137;137;137;137;137;137,0;137,0;137,0;1,000000000000000;1,000000000000000;1,000000000000000;1,000000000000000;1,000000000000000;1,000000000000000;1,000000000000000;1,000000000000000;1,000000000000000;1,000000000000000;1,000000000000000
2022-06-29;60+;56;56,0;56;56;56;56;56;56;56;56;56;56;244;244,0;244;244;244;244;244;244;244;244,0;244,0;244,0;1,000000000000000;1,000000000000000;1,000000000000000;1,000000000000000;1,000000000000000;1,000000000000000;1,000000000000000;1,000000000000000;1,000000000000000;1,000000000000000;1,000000000000000
2022-06-29;alle;83;83,0;83;83;83;83;83;83;83;83;83;83;381;381,0;381;381;381;381;381;381;381;381,0;381,0;381,0;NA;NA;NA;NA;NA;NA;NA;NA;NA;NA;NA
2022-06-28;0-60;31;31,0;31;31;31;31;31;31;31;31;31;31;128;128,0;128;128;128;128;128;128;128;128,0;128,0;128,0;1,000000000000000;1,000000000000000;1,000000000000000;1,000000000000000;1,000000000000000;1,000000000000000;1,000000000000000;1,000000000000000;1,000000000000000;1,000000000000000;1,000000000000000
2022-06-28;60+;50;50,0;50;50;50;50;50;50;50;50;50;50;225;225,0;225;225;225;225;225;225;225;225,0;225,0;225,0;1,000000000000000;1,000000000000000;1,000000000000000;1,000000000000000;1,000000000000000;1,000000000000000;1,000000000000000;1,000000000000000;1,000000000000000;1,000000000000000;1,000000000000000
2022-06-28;alle;81;81,0;81;81;81;81;81;81;81;81;81;81;353;353,0;353;353;353;353;353;353;353;353,0;353,0;353,0;NA;NA;NA;NA;NA;NA;NA;NA;NA;NA;NA
2022-06-27;0-60;6;6,0;6;6;6;6;6;6;6;6;6;6;119;119,0;119;119;119;119;119;119;119;119,0;119,0;119,0;1,000000000000000;1,000000000000000;1,000000000000000;1,000000000000000;1,000000000000000;1,000000000000000;1,000000000000000;1,000000000000000;1,000000000000000;1,000000000000000;1,000000000000000
2022-06-27;60+;19;19,0;19;19;19;19;19;19;19;19;19;19;216;216,0;216;216;216;216;216;216;216;216,0;216,0;216,0;1,000000000000000;1,000000000000000;1,000000000000000;1,000000000000000;1,000000000000000;1,000000000000000;1,000000000000000;1,000000000000000;1,000000000000000;1,000000000000000;1,000000000000000
2022-06-27;alle;25;25,0;25;25;25;25;25;25;25;25;25;25;335;335,0;335;335;335;335;335;335;335;335,0;335,0;335,0;NA;NA;NA;NA;NA;NA;NA;NA;NA;NA;NA
2022-06-26;0-60;4;4,0;4;4;4;4;4;4;4;4;4;4;118;118,0;118;118;118;118;118;118;118;118,0;118,0;118,0;1,000000000000000;1,000000000000000;1,000000000000000;1,000000000000000;1,000000000000000;1,000000000000000;1,000000000000000;1,000000000000000;1,000000000000000;1,000000000000000;1,000000000000000
2022-06-26;60+;16;16,0;16;16;16;16;16;16;16;16;16;16;206;206,0;206;206;206;206;206;206;206;206,0;206,0;206,0;1,000000000000000;1,000000000000000;1,000000000000000;1,000000000000000;1,000000000000000;1,000000000000000;1,000000000000000;1,000000000000000;1,000000000000000;1,000000000000000;1,000000000000000
2022-06-26;alle;20;20,0;20;20;20;20;20;20;20;20;20;20;324;324,0;324;324;324;324;324;324;324;324,0;324,0;324,0;NA;NA;NA;NA;NA;NA;NA;NA;NA;NA;NA
2022-06-25;0-60;24;24,0;24;24;24;24;24;24;24;24;24;24;116;116,0;116;116;116;116;116;116;116;116,0;116,0;116,0;1,000000000000000;1,000000000000000;1,000000000000000;1,000000000000000;1,000000000000000;1,000000000000000;1,000000000000000;1,000000000000000;1,000000000000000;1,000000000000000;1,000000000000000
2022-06-25;60+;23;23,0;23;23;23;23;23;23;23;23;23;23;205;205,0;205;205;205;205;205;205;205;205,0;205,0;205,0;1,000000000000000;1,000000000000000;1,000000000000000;1,000000000000000;1,000000000000000;1,000000000000000;1,000000000000000;1,000000000000000;1,000000000000000;1,000000000000000;1,000000000000000
2022-06-25;alle;47;47,0;47;47;47;47;47;47;47;47;47;47;321;321,0;321;321;321;321;321;321;321;321,0;321,0;321,0;NA;NA;NA;NA;NA;NA;NA;NA;NA;NA;NA
2022-06-24;0-60;22;22,0;22;22;22;22;22;22;22;22;22;22;106;106,0;106;106;106;106;106;106;106;106,0;106,0;106,0;1,000000000000000;1,000000000000000;1,000000000000000;1,000000000000000;1,000000000000000;1,000000000000000;1,000000000000000;1,000000000000000;1,000000000000000;1,000000000000000;1,000000000000000
2022-06-24;60+;38;38,0;38;38;38;38;38;38;38;38;38;38;206;206,0;206;206;206;206;206;206;206;206,0;206,0;206,0;1,000000000000000;1,000000000000000;1,000000000000000;1,000000000000000;1,000000000000000;1,000000000000000;1,000000000000000;1,000000000000000;1,000000000000000;1,000000000000000;1,000000000000000
2022-06-24;alle;60;60,0;60;60;60;60;60;60;60;60;60;60;312;312,0;312;312;312;312;312;312;312;312,0;312,0;312,0;NA;NA;NA;NA;NA;NA;NA;NA;NA;NA;NA
2022-06-23;0-60;23;23,0;23;23;23;23;23;23;23;23;23;23;95;95,0;95;95;95;95;95;95;95;95,0;95,0;95,0;1,000000000000000;1,000000000000000;1,000000000000000;1,000000000000000;1,000000000000000;1,000000000000000;1,000000000000000;1,000000000000000;1,000000000000000;1,000000000000000;1,000000000000000
2022-06-23;60+;42;42,0;42;42;42;42;42;42;42;42;42;42;191;191,0;191;191;191;191;191;191;191;191,0;191,0;191,0;1,000000000000000;1,000000000000000;1,000000000000000;1,000000000000000;1,000000000000000;1,000000000000000;1,000000000000000;1,000000000000000;1,000000000000000;1,000000000000000;1,000000000000000
2022-06-23;alle;65;65,0;65;65;65;65;65;65;65;65;65;65;286;286,0;286;286;286;286;286;286;286;286,0;286,0;286,0;NA;NA;NA;NA;NA;NA;NA;NA;NA;NA;NA
2022-06-22;0-60;18;18,0;18;18;18;18;18;18;18;18;18;18;84;84,0;84;84;84;84;84;84;84;84,0;84,0;84,0;1,000000000000000;1,000000000000000;1,000000000000000;1,000000000000000;1,000000000000000;1,000000000000000;1,000000000000000;1,000000000000000;1,000000000000000;1,000000000000000;1,000000000000000
2022-06-22;60+;37;37,0;37;37;37;37;37;37;37;37;37;37;168;168,0;168;168;168;168;168;168;168;168,0;168,0;168,0;1,000000000000000;1,000000000000000;1,000000000000000;1,000000000000000;1,000000000000000;1,000000000000000;1,000000000000000;1,000000000000000;1,000000000000000;1,000000000000000;1,000000000000000
2022-06-22;alle;55;55,0;55;55;55;55;55;55;55;55;55;55;252;252,0;252;252;252;252;252;252;252;252,0;252,0;252,0;NA;NA;NA;NA;NA;NA;NA;NA;NA;NA;NA
2022-06-21;0-60;22;22,0;22;22;22;22;22;22;22;22;22;22;88;88,0;88;88;88;88;88;88;88;88,0;88,0;88,0;1,000000000000000;1,000000000000000;1,000000000000000;1,000000000000000;1,000000000000000;1,000000000000000;1,000000000000000;1,000000000000000;1,000000000000000;1,000000000000000;1,000000000000000
2022-06-21;60+;41;41,0;41;41;41;41;41;41;41;41;41;41;173;173,0;173;173;173;173;173;173;173;173,0;173,0;173,0;1,000000000000000;1,000000000000000;1,000000000000000;1,000000000000000;1,000000000000000;1,000000000000000;1,000000000000000;1,000000000000000;1,000000000000000;1,000000000000000;1,000000000000000
2022-06-21;alle;63;63,0;63;63;63;63;63;63;63;63;63;63;261;261,0;261;261;261;261;261;261;261;261,0;261,0;261,0;NA;NA;NA;NA;NA;NA;NA;NA;NA;NA;NA
2022-06-20;0-60;5;5,0;5;5;5;5;5;5;5;5;5;5;80;80,0;80;80;80;80;80;80;80;80,0;80,0;80,0;1,000000000000000;1,000000000000000;1,000000000000000;1,000000000000000;1,000000000000000;1,000000000000000;1,000000000000000;1,000000000000000;1,000000000000000;1,000000000000000;1,000000000000000
2022-06-20;60+;9;9,0;9;9;9;9;9;9;9;9;9;9;154;154,0;154;154;154;154;154;154;154;154,0;154,0;154,0;1,000000000000000;1,000000000000000;1,000000000000000;1,000000000000000;1,000000000000000;1,000000000000000;1,000000000000000;1,000000000000000;1,000000000000000;1,000000000000000;1,000000000000000
2022-06-20;alle;14;14,0;14;14;14;14;14;14;14;14;14;14;234;234,0;234;234;234;234;234;234;234;234,0;234,0;234,0;NA;NA;NA;NA;NA;NA;NA;NA;NA;NA;NA
2022-06-19;0-60;2;2,0;2;2;2;2;2;2;2;2;2;2;76;76,0;76;76;76;76;76;76;76;76,0;76,0;76,0;1,000000000000000;1,000000000000000;1,000000000000000;1,000000000000000;1,000000000000000;1,000000000000000;1,000000000000000;1,000000000000000;1,000000000000000;1,000000000000000;1,000000000000000
2022-06-19;60+;15;15,0;15;15;15;15;15;15;15;15;15;15;151;151,0;151;151;151;151;151;151;151;151,0;151,0;151,0;1,000000000000000;1,000000000000000;1,000000000000000;1,000000000000000;1,000000000000000;1,000000000000000;1,000000000000000;1,000000000000000;1,000000000000000;1,000000000000000;1,000000000000000
2022-06-19;alle;17;17,0;17;17;17;17;17;17;17;17;17;17;227;227,0;227;227;227;227;227;227;227;227,0;227,0;227,0;NA;NA;NA;NA;NA;NA;NA;NA;NA;NA;NA
2022-06-18;0-60;14;14,0;14;14;14;14;14;14;14;14;14;14;78;78,0;78;78;78;78;78;78;78;78,0;78,0;78,0;1,000000000000000;1,000000000000000;1,000000000000000;1,000000000000000;1,000000000000000;1,000000000000000;1,000000000000000;1,000000000000000;1,000000000000000;1,000000000000000;1,000000000000000
2022-06-18;60+;24;24,0;24;24;24;24;24;24;24;24;24;24;150;150,0;150;150;150;150;150;150;150;150,0;150,0;150,0;1,000000000000000;1,000000000000000;1,000000000000000;1,000000000000000;1,000000000000000;1,000000000000000;1,000000000000000;1,000000000000000;1,000000000000000;1,000000000000000;1,000000000000000
2022-06-18;alle;38;38,0;38;38;38;38;38;38;38;38;38;38;228;228,0;228;228;228;228;228;228;228;228,0;228,0;228,0;NA;NA;NA;NA;NA;NA;NA;NA;NA;NA;NA
2022-06-17;0-60;11;11,0;11;11;11;11;11;11;11;11;11;11;76;76,0;76;76;76;76;76;76;76;76,0;76,0;76,0;1,000000000000000;1,000000000000000;1,000000000000000;1,000000000000000;1,000000000000000;1,000000000000000;1,000000000000000;1,000000000000000;1,000000000000000;1,000000000000000;1,000000000000000
2022-06-17;60+;23;23,0;23;23;23;23;23;23;23;23;23;23;140;140,0;140;140;140;140;140;140;140;140,0;140,0;140,0;1,000000000000000;1,000000000000000;1,000000000000000;1,000000000000000;1,000000000000000;1,000000000000000;1,000000000000000;1,000000000000000;1,000000000000000;1,000000000000000;1,000000000000000
2022-06-17;alle;34;34,0;34;34;34;34;34;34;34;34;34;34;216;216,0;216;216;216;216;216;216;216;216,0;216,0;216,0;NA;NA;NA;NA;NA;NA;NA;NA;NA;NA;NA
2022-06-16;0-60;12;12,0;12;12;12;12;12;12;12;12;12;12;79;79,0;79;79;79;79;79;79;79;79,0;79,0;79,0;1,000000000000000;1,000000000000000;1,000000000000000;1,000000000000000;1,000000000000000;1,000000000000000;1,000000000000000;1,000000000000000;1,000000000000000;1,000000000000000;1,000000000000000
2022-06-16;60+;19;19,0;19;19;19;19;19;19;19;19;19;19;132;132,0;132;132;132;132;132;132;132;132,0;132,0;132,0;1,000000000000000;1,000000000000000;1,000000000000000;1,000000000000000;1,000000000000000;1,000000000000000;1,000000000000000;1,000000000000000;1,000000000000000;1,000000000000000;1,000000000000000
2022-06-16;alle;31;31,0;31;31;31;31;31;31;31;31;31;31;211;211,0;211;211;211;211;211;211;211;211,0;211,0;211,0;NA;NA;NA;NA;NA;NA;NA;NA;NA;NA;NA
2022-06-15;0-60;22;22,0;22;22;22;22;22;22;22;22;22;22;83;83,0;83;83;83;83;83;83;83;83,0;83,0;83,0;1,000000000000000;1,000000000000000;1,000000000000000;1,000000000000000;1,000000000000000;1,000000000000000;1,000000000000000;1,000000000000000;1,000000000000000;1,000000000000000;1,000000000000000
2022-06-15;60+;42;42,0;42;42;42;42;42;42;42;42;42;42;132;132,0;132;132;132;132;132;132;132;132,0;132,0;132,0;1,000000000000000;1,000000000000000;1,000000000000000;1,000000000000000;1,000000000000000;1,000000000000000;1,000000000000000;1,000000000000000;1,000000000000000;1,000000000000000;1,000000000000000
2022-06-15;alle;64;64,0;64;64;64;64;64;64;64;64;64;64;215;215,0;215;215;215;215;215;215;215;215,0;215,0;215,0;NA;NA;NA;NA;NA;NA;NA;NA;NA;NA;NA
2022-06-14;0-60;14;14,0;14;14;14;14;14;14;14;14;14;14;74;74,0;74;74;74;74;74;74;74;74,0;74,0;74,0;1,000000000000000;1,000000000000000;1,000000000000000;1,000000000000000;1,000000000000000;1,000000000000000;1,000000000000000;1,000000000000000;1,000000000000000;1,000000000000000;1,000000000000000
2022-06-14;60+;22;22,0;22;22;22;22;22;22;22;22;22;22;117;117,0;117;117;117;117;117;117;117;117,0;117,0;117,0;1,000000000000000;1,000000000000000;1,000000000000000;1,000000000000000;1,000000000000000;1,000000000000000;1,000000000000000;1,000000000000000;1,000000000000000;1,000000000000000;1,000000000000000
2022-06-14;alle;36;36,0;36;36;36;36;36;36;36;36;36;36;191;191,0;191;191;191;191;191;191;191;191,0;191,0;191,0;NA;NA;NA;NA;NA;NA;NA;NA;NA;NA;NA
2022-06-13;0-60;1;1,0;1;1;1;1;1;1;1;1;1;1;62;62,0;62;62;62;62;62;62;62;62,0;62,0;62,0;1,000000000000000;1,000000000000000;1,000000000000000;1,000000000000000;1,000000000000000;1,000000000000000;1,000000000000000;1,000000000000000;1,000000000000000;1,000000000000000;1,000000000000000
2022-06-13;60+;6;6,0;6;6;6;6;6;6;6;6;6;6;103;103,0;103;103;103;103;103;103;103;103,0;103,0;103,0;1,000000000000000;1,000000000000000;1,000000000000000;1,000000000000000;1,000000000000000;1,000000000000000;1,000000000000000;1,000000000000000;1,000000000000000;1,000000000000000;1,000000000000000
2022-06-13;alle;7;7,0;7;7;7;7;7;7;7;7;7;7;165;165,0;165;165;165;165;165;165;165;165,0;165,0;165,0;NA;NA;NA;NA;NA;NA;NA;NA;NA;NA;NA
2022-06-12;0-60;4;4,0;4;4;4;4;4;4;4;4;4;4;63;63,0;63;63;63;63;63;63;63;63,0;63,0;63,0;1,000000000000000;1,000000000000000;1,000000000000000;1,000000000000000;1,000000000000000;1,000000000000000;1,000000000000000;1,000000000000000;1,000000000000000;1,000000000000000;1,000000000000000
2022-06-12;60+;14;14,0;14;14;14;14;14;14;14;14;14;14;104;104,0;104;104;104;104;104;104;104;104,0;104,0;104,0;1,000000000000000;1,000000000000000;1,000000000000000;1,000000000000000;1,000000000000000;1,000000000000000;1,000000000000000;1,000000000000000;1,000000000000000;1,000000000000000;1,000000000000000
2022-06-12;alle;18;18,0;18;18;18;18;18;18;18;18;18;18;167;167,0;167;167;167;167;167;167;167;167,0;167,0;167,0;NA;NA;NA;NA;NA;NA;NA;NA;NA;NA;NA
2022-06-11;0-60;12;12,0;12;12;12;12;12;12;12;12;12;12;62;62,0;62;62;62;62;62;62;62;62,0;62,0;62,0;1,000000000000000;1,000000000000000;1,000000000000000;1,000000000000000;1,000000000000000;1,000000000000000;1,000000000000000;1,000000000000000;1,000000000000000;1,000000000000000;1,000000000000000
2022-06-11;60+;14;14,0;14;14;14;14;14;14;14;14;14;14;98;98,0;98;98;98;98;98;98;98;98,0;98,0;98,0;1,000000000000000;1,000000000000000;1,000000000000000;1,000000000000000;1,000000000000000;1,000000000000000;1,000000000000000;1,000000000000000;1,000000000000000;1,000000000000000;1,000000000000000
2022-06-11;alle;26;26,0;26;26;26;26;26;26;26;26;26;26;160;160,0;160;160;160;160;160;160;160;160,0;160,0;160,0;NA;NA;NA;NA;NA;NA;NA;NA;NA;NA;NA
2022-06-10;0-60;14;14,0;14;14;14;14;14;14;14;14;14;14;62;62,0;62;62;62;62;62;62;62;62,0;62,0;62,0;1,000000000000000;1,000000000000000;1,000000000000000;1,000000000000000;1,000000000000000;1,000000000000000;1,000000000000000;1,000000000000000;1,000000000000000;1,000000000000000;1,000000000000000
2022-06-10;60+;15;15,0;15;15;15;15;15;15;15;15;15;15;91;91,0;91;91;91;91;91;91;91;91,0;91,0;91,0;1,000000000000000;1,000000000000000;1,000000000000000;1,000000000000000;1,000000000000000;1,000000000000000;1,000000000000000;1,000000000000000;1,000000000000000;1,000000000000000;1,000000000000000
2022-06-10;alle;29;29,0;29;29;29;29;29;29;29;29;29;29;153;153,0;153;153;153;153;153;153;153;153,0;153,0;153,0;NA;NA;NA;NA;NA;NA;NA;NA;NA;NA;NA
2022-06-09;0-60;16;16,0;16;16;16;16;16;16;16;16;16;16;64;64,0;64;64;64;64;64;64;64;64,0;64,0;64,0;1,000000000000000;1,000000000000000;1,000000000000000;1,000000000000000;1,000000000000000;1,000000000000000;1,000000000000000;1,000000000000000;1,000000000000000;1,000000000000000;1,000000000000000
2022-06-09;60+;19;19,0;19;19;19;19;19;19;19;19;19;19;88;88,0;88;88;88;88;88;88;88;88,0;88,0;88,0;1,000000000000000;1,000000000000000;1,000000000000000;1,000000000000000;1,000000000000000;1,000000000000000;1,000000000000000;1,000000000000000;1,000000000000000;1,000000000000000;1,000000000000000
2022-06-09;alle;35;35,0;35;35;35;35;35;35;35;35;35;35;152;152,0;152;152;152;152;152;152;152;152,0;152,0;152,0;NA;NA;NA;NA;NA;NA;NA;NA;NA;NA;NA
2022-06-08;0-60;13;13,0;13;13;13;13;13;13;13;13;13;13;57;57,0;57;57;57;57;57;57;57;57,0;57,0;57,0;1,000000000000000;1,000000000000000;1,000000000000000;1,000000000000000;1,000000000000000;1,000000000000000;1,000000000000000;1,000000000000000;1,000000000000000;1,000000000000000;1,000000000000000
2022-06-08;60+;27;27,0;27;27;27;27;27;27;27;27;27;27;81;81,0;81;81;81;81;81;81;81;81,0;81,0;81,0;1,000000000000000;1,000000000000000;1,000000000000000;1,000000000000000;1,000000000000000;1,000000000000000;1,000000000000000;1,000000000000000;1,000000000000000;1,000000000000000;1,000000000000000
2022-06-08;alle;40;40,0;40;40;40;40;40;40;40;40;40;40;138;138,0;138;138;138;138;138;138;138;138,0;138,0;138,0;NA;NA;NA;NA;NA;NA;NA;NA;NA;NA;NA
2022-06-07;0-60;2;2,0;2;2;2;2;2;2;2;2;2;2;52;52,0;52;52;52;52;52;52;52;52,0;52,0;52,0;1,000000000000000;1,000000000000000;1,000000000000000;1,000000000000000;1,000000000000000;1,000000000000000;1,000000000000000;1,000000000000000;1,000000000000000;1,000000000000000;1,000000000000000
2022-06-07;60+;8;8,0;8;8;8;8;8;8;8;8;8;8;76;76,0;76;76;76;76;76;76;76;76,0;76,0;76,0;1,000000000000000;1,000000000000000;1,000000000000000;1,000000000000000;1,000000000000000;1,000000000000000;1,000000000000000;1,000000000000000;1,000000000000000;1,000000000000000;1,000000000000000
2022-06-07;alle;10;10,0;10;10;10;10;10;10;10;10;10;10;128;128,0;128;128;128;128;128;128;128;128,0;128,0;128,0;NA;NA;NA;NA;NA;NA;NA;NA;NA;NA;NA
2022-06-06;0-60;2;2,0;2;2;2;2;2;2;2;2;2;2;57;57,0;57;57;57;57;57;57;57;57,0;57,0;57,0;1,000000000000000;1,000000000000000;1,000000000000000;1,000000000000000;1,000000000000000;1,000000000000000;1,000000000000000;1,000000000000000;1,000000000000000;1,000000000000000;1,000000000000000
2022-06-06;60+;7;7,0;7;7;7;7;7;7;7;7;7;7;86;86,0;86;86;86;86;86;86;86;86,0;86,0;86,0;1,000000000000000;1,000000000000000;1,000000000000000;1,000000000000000;1,000000000000000;1,000000000000000;1,000000000000000;1,000000000000000;1,000000000000000;1,000000000000000;1,000000000000000
2022-06-06;alle;9;9,0;9;9;9;9;9;9;9;9;9;9;143;143,0;143;143;143;143;143;143;143;143,0;143,0;143,0;NA;NA;NA;NA;NA;NA;NA;NA;NA;NA;NA
2022-06-05;0-60;3;3,0;3;3;3;3;3;3;3;3;3;3;55;55,0;55;55;55;55;55;55;55;55,0;55,0;55,0;1,000000000000000;1,000000000000000;1,000000000000000;1,000000000000000;1,000000000000000;1,000000000000000;1,000000000000000;1,000000000000000;1,000000000000000;1,000000000000000;1,000000000000000
2022-06-05;60+;8;8,0;8;8;8;8;8;8;8;8;8;8;84;84,0;84;84;84;84;84;84;84;84,0;84,0;84,0;1,000000000000000;1,000000000000000;1,000000000000000;1,000000000000000;1,000000000000000;1,000000000000000;1,000000000000000;1,000000000000000;1,000000000000000;1,000000000000000;1,000000000000000
2022-06-05;alle;11;11,0;11;11;11;11;11;11;11;11;11;11;139;139,0;139;139;139;139;139;139;139;139,0;139,0;139,0;NA;NA;NA;NA;NA;NA;NA;NA;NA;NA;NA
2022-06-04;0-60;12;12,0;12;12;12;12;12;12;12;12;12;12;54;54,0;54;54;54;54;54;54;54;54,0;54,0;54,0;1,000000000000000;1,000000000000000;1,000000000000000;1,000000000000000;1,000000000000000;1,000000000000000;1,000000000000000;1,000000000000000;1,000000000000000;1,000000000000000;1,000000000000000
2022-06-04;60+;7;7,0;7;7;7;7;7;7;7;7;7;7;83;83,0;83;83;83;83;83;83;83;83,0;83,0;83,0;1,000000000000000;1,000000000000000;1,000000000000000;1,000000000000000;1,000000000000000;1,000000000000000;1,000000000000000;1,000000000000000;1,000000000000000;1,000000000000000;1,000000000000000
2022-06-04;alle;19;19,0;19;19;19;19;19;19;19;19;19;19;137;137,0;137;137;137;137;137;137;137;137,0;137,0;137,0;NA;NA;NA;NA;NA;NA;NA;NA;NA;NA;NA
2022-06-03;0-60;16;16,0;16;16;16;16;16;16;16;16;16;16;46;46,0;46;46;46;46;46;46;46;46,0;46,0;46,0;1,000000000000000;1,000000000000000;1,000000000000000;1,000000000000000;1,000000000000000;1,000000000000000;1,000000000000000;1,000000000000000;1,000000000000000;1,000000000000000;1,000000000000000
2022-06-03;60+;12;12,0;12;12;12;12;12;12;12;12;12;12;85;85,0;85;85;85;85;85;85;85;85,0;85,0;85,0;1,000000000000000;1,000000000000000;1,000000000000000;1,000000000000000;1,000000000000000;1,000000000000000;1,000000000000000;1,000000000000000;1,000000000000000;1,000000000000000;1,000000000000000
2022-06-03;alle;28;28,0;28;28;28;28;28;28;28;28;28;28;131;131,0;131;131;131;131;131;131;131;131,0;131,0;131,0;NA;NA;NA;NA;NA;NA;NA;NA;NA;NA;NA
2022-06-02;0-60;9;9,0;9;9;9;9;9;9;9;9;9;9;32;32,0;32;32;32;32;32;32;32;32,0;32,0;32,0;1,000000000000000;1,000000000000000;1,000000000000000;1,000000000000000;1,000000000000000;1,000000000000000;1,000000000000000;1,000000000000000;1,000000000000000;1,000000000000000;1,000000000000000
2022-06-02;60+;12;12,0;12;12;12;12;12;12;12;12;12;12;80;80,0;80;80;80;80;80;80;80;80,0;80,0;80,0;1,000000000000000;1,000000000000000;1,000000000000000;1,000000000000000;1,000000000000000;1,000000000000000;1,000000000000000;1,000000000000000;1,000000000000000;1,000000000000000;1,000000000000000
2022-06-02;alle;21;21,0;21;21;21;21;21;21;21;21;21;21;112;112,0;112;112;112;112;112;112;112;112,0;112,0;112,0;NA;NA;NA;NA;NA;NA;NA;NA;NA;NA;NA
2022-06-01;0-60;8;8,0;8;8;8;8;8;8;8;8;8;8;28;28,0;28;28;28;28;28;28;28;28,0;28,0;28,0;1,000000000000000;1,000000000000000;1,000000000000000;1,000000000000000;1,000000000000000;1,000000000000000;1,000000000000000;1,000000000000000;1,000000000000000;1,000000000000000;1,000000000000000
2022-06-01;60+;22;22,0;22;22;22;22;22;22;22;22;22;22;88;88,0;88;88;88;88;88;88;88;88,0;88,0;88,0;1,000000000000000;1,000000000000000;1,000000000000000;1,000000000000000;1,000000000000000;1,000000000000000;1,000000000000000;1,000000000000000;1,000000000000000;1,000000000000000;1,000000000000000
2022-06-01;alle;30;30,0;30;30;30;30;30;30;30;30;30;30;116;116,0;116;116;116;116;116;116;116;116,0;116,0;116,0;NA;NA;NA;NA;NA;NA;NA;NA;NA;NA;NA
2022-05-31;0-60;7;7,0;7;7;7;7;7;7;7;7;7;7;31;31,0;31;31;31;31;31;31;31;31,0;31,0;31,0;1,000000000000000;1,000000000000000;1,000000000000000;1,000000000000000;1,000000000000000;1,000000000000000;1,000000000000000;1,000000000000000;1,000000000000000;1,000000000000000;1,000000000000000
2022-05-31;60+;18;18,0;18;18;18;18;18;18;18;18;18;18;86;86,0;86;86;86;86;86;86;86;86,0;86,0;86,0;1,000000000000000;1,000000000000000;1,000000000000000;1,000000000000000;1,000000000000000;1,000000000000000;1,000000000000000;1,000000000000000;1,000000000000000;1,000000000000000;1,000000000000000
2022-05-31;alle;25;25,0;25;25;25;25;25;25;25;25;25;25;117;117,0;117;117;117;117;117;117;117;117,0;117,0;117,0;NA;NA;NA;NA;NA;NA;NA;NA;NA;NA;NA
2022-05-30;0-60;0;0,0;0;0;0;0;0;0;0;0;0;0;38;38,0;38;38;38;38;38;38;38;38,0;38,0;38,0;1,000000000000000;1,000000000000000;1,000000000000000;1,000000000000000;1,000000000000000;1,000000000000000;1,000000000000000;1,000000000000000;1,000000000000000;1,000000000000000;1,000000000000000
2022-05-30;60+;5;5,0;5;5;5;5;5;5;5;5;5;5;94;94,0;94;94;94;94;94;94;94;94,0;94,0;94,0;1,000000000000000;1,000000000000000;1,000000000000000;1,000000000000000;1,000000000000000;1,000000000000000;1,000000000000000;1,000000000000000;1,000000000000000;1,000000000000000;1,000000000000000
2022-05-30;alle;5;5,0;5;5;5;5;5;5;5;5;5;5;132;132,0;132;132;132;132;132;132;132;132,0;132,0;132,0;NA;NA;NA;NA;NA;NA;NA;NA;NA;NA;NA
2022-05-29;0-60;2;2,0;2;2;2;2;2;2;2;2;2;2;43;43,0;43;43;43;43;43;43;43;43,0;43,0;43,0;1,000000000000000;1,000000000000000;1,000000000000000;1,000000000000000;1,000000000000000;1,000000000000000;1,000000000000000;1,000000000000000;1,000000000000000;1,000000000000000;1,000000000000000
2022-05-29;60+;7;7,0;7;7;7;7;7;7;7;7;7;7;94;94,0;94;94;94;94;94;94;94;94,0;94,0;94,0;1,000000000000000;1,000000000000000;1,000000000000000;1,000000000000000;1,000000000000000;1,000000000000000;1,000000000000000;1,000000000000000;1,000000000000000;1,000000000000000;1,000000000000000
2022-05-29;alle;9;9,0;9;9;9;9;9;9;9;9;9;9;137;137,0;137;137;137;137;137;137;137;137,0;137,0;137,0;NA;NA;NA;NA;NA;NA;NA;NA;NA;NA;NA
2022-05-28;0-60;4;4,0;4;4;4;4;4;4;4;4;4;4;45;45,0;45;45;45;45;45;45;45;45,0;45,0;45,0;1,000000000000000;1,000000000000000;1,000000000000000;1,000000000000000;1,000000000000000;1,000000000000000;1,000000000000000;1,000000000000000;1,000000000000000;1,000000000000000;1,000000000000000
2022-05-28;60+;9;9,0;9;9;9;9;9;9;9;9;9;9;90;90,0;90;90;90;90;90;90;90;90,0;90,0;90,0;1,000000000000000;1,000000000000000;1,000000000000000;1,000000000000000;1,000000000000000;1,000000000000000;1,000000000000000;1,000000000000000;1,000000000000000;1,000000000000000;1,000000000000000
2022-05-28;alle;13;13,0;13;13;13;13;13;13;13;13;13;13;135;135,0;135;135;135;135;135;135;135;135,0;135,0;135,0;NA;NA;NA;NA;NA;NA;NA;NA;NA;NA;NA
2022-05-27;0-60;2;2,0;2;2;2;2;2;2;2;2;2;2;47;47,0;47;47;47;47;47;47;47;47,0;47,0;47,0;1,000000000000000;1,000000000000000;1,000000000000000;1,000000000000000;1,000000000000000;1,000000000000000;1,000000000000000;1,000000000000000;1,000000000000000;1,000000000000000;1,000000000000000
2022-05-27;60+;7;7,0;7;7;7;7;7;7;7;7;7;7;95;95,0;95;95;95;95;95;95;95;95,0;95,0;95,0;1,000000000000000;1,000000000000000;1,000000000000000;1,000000000000000;1,000000000000000;1,000000000000000;1,000000000000000;1,000000000000000;1,000000000000000;1,000000000000000;1,000000000000000
2022-05-27;alle;9;9,0;9;9;9;9;9;9;9;9;9;9;142;142,0;142;142;142;142;142;142;142;142,0;142,0;142,0;NA;NA;NA;NA;NA;NA;NA;NA;NA;NA;NA
2022-05-26;0-60;5;5,0;5;5;5;5;5;5;5;5;5;5;51;51,0;51;51;51;51;51;51;51;51,0;51,0;51,0;1,000000000000000;1,000000000000000;1,000000000000000;1,000000000000000;1,000000000000000;1,000000000000000;1,000000000000000;1,000000000000000;1,000000000000000;1,000000000000000;1,000000000000000
2022-05-26;60+;20;20,0;20;20;20;20;20;20;20;20;20;20;107;107,0;107;107;107;107;107;107;107;107,0;107,0;107,0;1,000000000000000;1,000000000000000;1,000000000000000;1,000000000000000;1,000000000000000;1,000000000000000;1,000000000000000;1,000000000000000;1,000000000000000;1,000000000000000;1,000000000000000
2022-05-26;alle;25;25,0;25;25;25;25;25;25;25;25;25;25;158;158,0;158;158;158;158;158;158;158;158,0;158,0;158,0;NA;NA;NA;NA;NA;NA;NA;NA;NA;NA;NA
2022-05-25;0-60;11;11,0;11;11;11;11;11;11;11;11;11;11;50;50,0;50;50;50;50;50;50;50;50,0;50,0;50,0;1,000000000000000;1,000000000000000;1,000000000000000;1,000000000000000;1,000000000000000;1,000000000000000;1,000000000000000;1,000000000000000;1,000000000000000;1,000000000000000;1,000000000000000
2022-05-25;60+;20;20,0;20;20;20;20;20;20;20;20;20;20;105;105,0;105;105;105;105;105;105;105;105,0;105,0;105,0;1,000000000000000;1,000000000000000;1,000000000000000;1,000000000000000;1,000000000000000;1,000000000000000;1,000000000000000;1,000000000000000;1,000000000000000;1,000000000000000;1,000000000000000
2022-05-25;alle;31;31,0;31;31;31;31;31;31;31;31;31;31;155;155,0;155;155;155;155;155;155;155;155,0;155,0;155,0;NA;NA;NA;NA;NA;NA;NA;NA;NA;NA;NA
2022-05-24;0-60;14;14,0;14;14;14;14;14;14;14;14;14;14;44;44,0;44;44;44;44;44;44;44;44,0;44,0;44,0;1,000000000000000;1,000000000000000;1,000000000000000;1,000000000000000;1,000000000000000;1,000000000000000;1,000000000000000;1,000000000000000;1,000000000000000;1,000000000000000;1,000000000000000
2022-05-24;60+;26;26,0;26;26;26;26;26;26;26;26;26;26;99;99,0;99;99;99;99;99;99;99;99,0;99,0;99,0;1,000000000000000;1,000000000000000;1,000000000000000;1,000000000000000;1,000000000000000;1,000000000000000;1,000000000000000;1,000000000000000;1,000000000000000;1,000000000000000;1,000000000000000
2022-05-24;alle;40;40,0;40;40;40;40;40;40;40;40;40;40;143;143,0;143;143;143;143;143;143;143;143,0;143,0;143,0;NA;NA;NA;NA;NA;NA;NA;NA;NA;NA;NA
2022-05-23;0-60;5;5,0;5;5;5;5;5;5;5;5;5;5;41;41,0;41;41;41;41;41;41;41;41,0;41,0;41,0;1,000000000000000;1,000000000000000;1,000000000000000;1,000000000000000;1,000000000000000;1,000000000000000;1,000000000000000;1,000000000000000;1,000000000000000;1,000000000000000;1,000000000000000
2022-05-23;60+;5;5,0;5;5;5;5;5;5;5;5;5;5;95;95,0;95;95;95;95;95;95;95;95,0;95,0;95,0;1,000000000000000;1,000000000000000;1,000000000000000;1,000000000000000;1,000000000000000;1,000000000000000;1,000000000000000;1,000000000000000;1,000000000000000;1,000000000000000;1,000000000000000
2022-05-23;alle;10;10,0;10;10;10;10;10;10;10;10;10;10;136;136,0;136;136;136;136;136;136;136;136,0;136,0;136,0;NA;NA;NA;NA;NA;NA;NA;NA;NA;NA;NA
2022-05-22;0-60;4;4,0;4;4;4;4;4;4;4;4;4;4;37;37,0;37;37;37;37;37;37;37;37,0;37,0;37,0;1,000000000000000;1,000000000000000;1,000000000000000;1,000000000000000;1,000000000000000;1,000000000000000;1,000000000000000;1,000000000000000;1,000000000000000;1,000000000000000;1,000000000000000
2022-05-22;60+;3;3,0;3;3;3;3;3;3;3;3;3;3;94;94,0;94;94;94;94;94;94;94;94,0;94,0;94,0;1,000000000000000;1,000000000000000;1,000000000000000;1,000000000000000;1,000000000000000;1,000000000000000;1,000000000000000;1,000000000000000;1,000000000000000;1,000000000000000;1,000000000000000
2022-05-22;alle;7;7,0;7;7;7;7;7;7;7;7;7;7;131;131,0;131;131;131;131;131;131;131;131,0;131,0;131,0;NA;NA;NA;NA;NA;NA;NA;NA;NA;NA;NA
2022-05-21;0-60;6;6,0;6;6;6;6;6;6;6;6;6;6;35;35,0;35;35;35;35;35;35;35;35,0;35,0;35,0;1,000000000000000;1,000000000000000;1,000000000000000;1,000000000000000;1,000000000000000;1,000000000000000;1,000000000000000;1,000000000000000;1,000000000000000;1,000000000000000;1,000000000000000
2022-05-21;60+;14;14,0;14;14;14;14;14;14;14;14;14;14;95;95,0;95;95;95;95;95;95;95;95,0;95,0;95,0;1,000000000000000;1,000000000000000;1,000000000000000;1,000000000000000;1,000000000000000;1,000000000000000;1,000000000000000;1,000000000000000;1,000000000000000;1,000000000000000;1,000000000000000
2022-05-21;alle;20;20,0;20;20;20;20;20;20;20;20;20;20;130;130,0;130;130;130;130;130;130;130;130,0;130,0;130,0;NA;NA;NA;NA;NA;NA;NA;NA;NA;NA;NA
2022-05-20;0-60;6;6,0;6;6;6;6;6;6;6;6;6;6;39;39,0;39;39;39;39;39;39;39;39,0;39,0;39,0;1,000000000000000;1,000000000000000;1,000000000000000;1,000000000000000;1,000000000000000;1,000000000000000;1,000000000000000;1,000000000000000;1,000000000000000;1,000000000000000;1,000000000000000
2022-05-20;60+;19;19,0;19;19;19;19;19;19;19;19;19;19;96;96,0;96;96;96;96;96;96;96;96,0;96,0;96,0;1,000000000000000;1,000000000000000;1,000000000000000;1,000000000000000;1,000000000000000;1,000000000000000;1,000000000000000;1,000000000000000;1,000000000000000;1,000000000000000;1,000000000000000
2022-05-20;alle;25;25,0;25;25;25;25;25;25;25;25;25;25;135;135,0;135;135;135;135;135;135;135;135,0;135,0;135,0;NA;NA;NA;NA;NA;NA;NA;NA;NA;NA;NA
2022-05-19;0-60;4;4,0;4;4;4;4;4;4;4;4;4;4;44;44,0;44;44;44;44;44;44;44;44,0;44,0;44,0;1,000000000000000;1,000000000000000;1,000000000000000;1,000000000000000;1,000000000000000;1,000000000000000;1,000000000000000;1,000000000000000;1,000000000000000;1,000000000000000;1,000000000000000
2022-05-19;60+;18;18,0;18;18;18;18;18;18;18;18;18;18;97;97,0;97;97;97;97;97;97;97;97,0;97,0;97,0;1,000000000000000;1,000000000000000;1,000000000000000;1,000000000000000;1,000000000000000;1,000000000000000;1,000000000000000;1,000000000000000;1,000000000000000;1,000000000000000;1,000000000000000
2022-05-19;alle;22;22,0;22;22;22;22;22;22;22;22;22;22;141;141,0;141;141;141;141;141;141;141;141,0;141,0;141,0;NA;NA;NA;NA;NA;NA;NA;NA;NA;NA;NA
2022-05-18;0-60;5;5,0;5;5;5;5;5;5;5;5;5;5;53;53,0;53;53;53;53;53;53;53;53,0;53,0;53,0;1,000000000000000;1,000000000000000;1,000000000000000;1,000000000000000;1,000000000000000;1,000000000000000;1,000000000000000;1,000000000000000;1,000000000000000;1,000000000000000;1,000000000000000
2022-05-18;60+;14;14,0;14;14;14;14;14;14;14;14;14;14;98;98,0;98;98;98;98;98;98;98;98,0;98,0;98,0;1,000000000000000;1,000000000000000;1,000000000000000;1,000000000000000;1,000000000000000;1,000000000000000;1,000000000000000;1,000000000000000;1,000000000000000;1,000000000000000;1,000000000000000
2022-05-18;alle;19;19,0;19;19;19;19;19;19;19;19;19;19;151;151,0;151;151;151;151;151;151;151;151,0;151,0;151,0;NA;NA;NA;NA;NA;NA;NA;NA;NA;NA;NA
2022-05-17;0-60;11;11,0;11;11;11;11;11;11;11;11;11;11;65;65,0;65;65;65;65;65;65;65;65,0;65,0;65,0;1,000000000000000;1,000000000000000;1,000000000000000;1,000000000000000;1,000000000000000;1,000000000000000;1,000000000000000;1,000000000000000;1,000000000000000;1,000000000000000;1,000000000000000
2022-05-17;60+;22;22,0;22;22;22;22;22;22;22;22;22;22;112;112,0;112;112;112;112;112;112;112;112,0;112,0;112,0;1,000000000000000;1,000000000000000;1,000000000000000;1,000000000000000;1,000000000000000;1,000000000000000;1,000000000000000;1,000000000000000;1,000000000000000;1,000000000000000;1,000000000000000
2022-05-17;alle;33;33,0;33;33;33;33;33;33;33;33;33;33;177;177,0;177;177;177;177;177;177;177;177,0;177,0;177,0;NA;NA;NA;NA;NA;NA;NA;NA;NA;NA;NA
2022-05-16;0-60;1;1,0;1;1;1;1;1;1;1;1;1;1;86;86,0;86;86;86;86;86;86;86;86,0;86,0;86,0;1,000000000000000;1,000000000000000;1,000000000000000;1,000000000000000;1,000000000000000;1,000000000000000;1,000000000000000;1,000000000000000;1,000000000000000;1,000000000000000;1,000000000000000
2022-05-16;60+;4;4,0;4;4;4;4;4;4;4;4;4;4;119;119,0;119;119;119;119;119;119;119;119,0;119,0;119,0;1,000000000000000;1,000000000000000;1,000000000000000;1,000000000000000;1,000000000000000;1,000000000000000;1,000000000000000;1,000000000000000;1,000000000000000;1,000000000000000;1,000000000000000
2022-05-16;alle;5;5,0;5;5;5;5;5;5;5;5;5;5;205;205,0;205;205;205;205;205;205;205;205,0;205,0;205,0;NA;NA;NA;NA;NA;NA;NA;NA;NA;NA;NA
2022-05-15;0-60;2;2,0;2;2;2;2;2;2;2;2;2;2;86;86,0;86;86;86;86;86;86;86;86,0;86,0;86,0;1,000000000000000;1,000000000000000;1,000000000000000;1,000000000000000;1,000000000000000;1,000000000000000;1,000000000000000;1,000000000000000;1,000000000000000;1,000000000000000;1,000000000000000
2022-05-15;60+;4;4,0;4;4;4;4;4;4;4;4;4;4;118;118,0;118;118;118;118;118;118;118;118,0;118,0;118,0;1,000000000000000;1,000000000000000;1,000000000000000;1,000000000000000;1,000000000000000;1,000000000000000;1,000000000000000;1,000000000000000;1,000000000000000;1,000000000000000;1,000000000000000
2022-05-15;alle;6;6,0;6;6;6;6;6;6;6;6;6;6;204;204,0;204;204;204;204;204;204;204;204,0;204,0;204,0;NA;NA;NA;NA;NA;NA;NA;NA;NA;NA;NA
2022-05-14;0-60;10;10,0;10;10;10;10;10;10;10;10;10;10;87;87,0;87;87;87;87;87;87;87;87,0;87,0;87,0;1,000000000000000;1,000000000000000;1,000000000000000;1,000000000000000;1,000000000000000;1,000000000000000;1,000000000000000;1,000000000000000;1,000000000000000;1,000000000000000;1,000000000000000
2022-05-14;60+;15;15,0;15;15;15;15;15;15;15;15;15;15;116;116,0;116;116;116;116;116;116;116;116,0;116,0;116,0;1,000000000000000;1,000000000000000;1,000000000000000;1,000000000000000;1,000000000000000;1,000000000000000;1,000000000000000;1,000000000000000;1,000000000000000;1,000000000000000;1,000000000000000
2022-05-14;alle;25;25,0;25;25;25;25;25;25;25;25;25;25;203;203,0;203;203;203;203;203;203;203;203,0;203,0;203,0;NA;NA;NA;NA;NA;NA;NA;NA;NA;NA;NA
2022-05-13;0-60;11;11,0;11;11;11;11;11;11;11;11;11;11;83;83,0;83;83;83;83;83;83;83;83,0;83,0;83,0;1,000000000000000;1,000000000000000;1,000000000000000;1,000000000000000;1,000000000000000;1,000000000000000;1,000000000000000;1,000000000000000;1,000000000000000;1,000000000000000;1,000000000000000
2022-05-13;60+;20;20,0;20;20;20;20;20;20;20;20;20;20;124;124,0;124;124;124;124;124;124;124;124,0;124,0;124,0;1,000000000000000;1,000000000000000;1,000000000000000;1,000000000000000;1,000000000000000;1,000000000000000;1,000000000000000;1,000000000000000;1,000000000000000;1,000000000000000;1,000000000000000
2022-05-13;alle;31;31,0;31;31;31;31;31;31;31;31;31;31;207;207,0;207;207;207;207;207;207;207;207,0;207,0;207,0;NA;NA;NA;NA;NA;NA;NA;NA;NA;NA;NA
2022-05-12;0-60;13;13,0;13;13;13;13;13;13;13;13;13;13;83;83,0;83;83;83;83;83;83;83;83,0;83,0;83,0;1,000000000000000;1,000000000000000;1,000000000000000;1,000000000000000;1,000000000000000;1,000000000000000;1,000000000000000;1,000000000000000;1,000000000000000;1,000000000000000;1,000000000000000
2022-05-12;60+;19;19,0;19;19;19;19;19;19;19;19;19;19;117;117,0;117;117;117;117;117;117;117;117,0;117,0;117,0;1,000000000000000;1,000000000000000;1,000000000000000;1,000000000000000;1,000000000000000;1,000000000000000;1,000000000000000;1,000000000000000;1,000000000000000;1,000000000000000;1,000000000000000
2022-05-12;alle;32;32,0;32;32;32;32;32;32;32;32;32;32;200;200,0;200;200;200;200;200;200;200;200,0;200,0;200,0;NA;NA;NA;NA;NA;NA;NA;NA;NA;NA;NA
2022-05-11;0-60;17;17,0;17;17;17;17;17;17;17;17;17;17;78;78,0;78;78;78;78;78;78;78;78,0;78,0;78,0;1,000000000000000;1,000000000000000;1,000000000000000;1,000000000000000;1,000000000000000;1,000000000000000;1,000000000000000;1,000000000000000;1,000000000000000;1,000000000000000;1,000000000000000
2022-05-11;60+;28;28,0;28;28;28;28;28;28;28;28;28;28;114;114,0;114;114;114;114;114;114;114;114,0;114,0;114,0;1,000000000000000;1,000000000000000;1,000000000000000;1,000000000000000;1,000000000000000;1,000000000000000;1,000000000000000;1,000000000000000;1,000000000000000;1,000000000000000;1,000000000000000
2022-05-11;alle;45;45,0;45;45;45;45;45;45;45;45;45;45;192;192,0;192;192;192;192;192;192;192;192,0;192,0;192,0;NA;NA;NA;NA;NA;NA;NA;NA;NA;NA;NA
2022-05-10;0-60;32;32,0;32;32;32;32;32;32;32;32;32;32;77;77,0;77;77;77;77;77;77;77;77,0;77,0;77,0;1,000000000000000;1,000000000000000;1,000000000000000;1,000000000000000;1,000000000000000;1,000000000000000;1,000000000000000;1,000000000000000;1,000000000000000;1,000000000000000;1,000000000000000
2022-05-10;60+;29;29,0;29;29;29;29;29;29;29;29;29;29;107;107,0;107;107;107;107;107;107;107;107,0;107,0;107,0;1,000000000000000;1,000000000000000;1,000000000000000;1,000000000000000;1,000000000000000;1,000000000000000;1,000000000000000;1,000000000000000;1,000000000000000;1,000000000000000;1,000000000000000
2022-05-10;alle;61;61,0;61;61;61;61;61;61;61;61;61;61;184;184,0;184;184;184;184;184;184;184;184,0;184,0;184,0;NA;NA;NA;NA;NA;NA;NA;NA;NA;NA;NA
2022-05-09;0-60;1;1,0;1;1;1;1;1;1;1;1;1;1;59;59,0;59;59;59;59;59;59;59;59,0;59,0;59,0;1,000000000000000;1,000000000000000;1,000000000000000;1,000000000000000;1,000000000000000;1,000000000000000;1,000000000000000;1,000000000000000;1,000000000000000;1,000000000000000;1,000000000000000
2022-05-09;60+;3;3,0;3;3;3;3;3;3;3;3;3;3;114;114,0;114;114;114;114;114;114;114;114,0;114,0;114,0;1,000000000000000;1,000000000000000;1,000000000000000;1,000000000000000;1,000000000000000;1,000000000000000;1,000000000000000;1,000000000000000;1,000000000000000;1,000000000000000;1,000000000000000
2022-05-09;alle;4;4,0;4;4;4;4;4;4;4;4;4;4;173;173,0;173;173;173;173;173;173;173;173,0;173,0;173,0;NA;NA;NA;NA;NA;NA;NA;NA;NA;NA;NA
2022-05-08;0-60;3;3,0;3;3;3;3;3;3;3;3;3;3;60;60,0;60;60;60;60;60;60;60;60,0;60,0;60,0;1,000000000000000;1,000000000000000;1,000000000000000;1,000000000000000;1,000000000000000;1,000000000000000;1,000000000000000;1,000000000000000;1,000000000000000;1,000000000000000;1,000000000000000
2022-05-08;60+;2;2,0;2;2;2;2;2;2;2;2;2;2;113;113,0;113;113;113;113;113;113;113;113,0;113,0;113,0;1,000000000000000;1,000000000000000;1,000000000000000;1,000000000000000;1,000000000000000;1,000000000000000;1,000000000000000;1,000000000000000;1,000000000000000;1,000000000000000;1,000000000000000
2022-05-08;alle;5;5,0;5;5;5;5;5;5;5;5;5;5;173;173,0;173;173;173;173;173;173;173;173,0;173,0;173,0;NA;NA;NA;NA;NA;NA;NA;NA;NA;NA;NA
2022-05-07;0-60;6;6,0;6;6;6;6;6;6;6;6;6;6;58;58,0;58;58;58;58;58;58;58;58,0;58,0;58,0;1,000000000000000;1,000000000000000;1,000000000000000;1,000000000000000;1,000000000000000;1,000000000000000;1,000000000000000;1,000000000000000;1,000000000000000;1,000000000000000;1,000000000000000
2022-05-07;60+;23;23,0;23;23;23;23;23;23;23;23;23;23;115;115,0;115;115;115;115;115;115;115;115,0;115,0;115,0;1,000000000000000;1,000000000000000;1,000000000000000;1,000000000000000;1,000000000000000;1,000000000000000;1,000000000000000;1,000000000000000;1,000000000000000;1,000000000000000;1,000000000000000
2022-05-07;alle;29;29,0;29;29;29;29;29;29;29;29;29;29;173;173,0;173;173;173;173;173;173;173;173,0;173,0;173,0;NA;NA;NA;NA;NA;NA;NA;NA;NA;NA;NA
2022-05-06;0-60;11;11,0;11;11;11;11;11;11;11;11;11;11;57;57,0;57;57;57;57;57;57;57;57,0;57,0;57,0;1,000000000000000;1,000000000000000;1,000000000000000;1,000000000000000;1,000000000000000;1,000000000000000;1,000000000000000;1,000000000000000;1,000000000000000;1,000000000000000;1,000000000000000
2022-05-06;60+;13;13,0;13;13;13;13;13;13;13;13;13;13;113;113,0;113;113;113;113;113;113;113;113,0;113,0;113,0;1,000000000000000;1,000000000000000;1,000000000000000;1,000000000000000;1,000000000000000;1,000000000000000;1,000000000000000;1,000000000000000;1,000000000000000;1,000000000000000;1,000000000000000
2022-05-06;alle;24;24,0;24;24;24;24;24;24;24;24;24;24;170;170,0;170;170;170;170;170;170;170;170,0;170,0;170,0;NA;NA;NA;NA;NA;NA;NA;NA;NA;NA;NA
2022-05-05;0-60;8;8,0;8;8;8;8;8;8;8;8;8;8;59;59,0;59;59;59;59;59;59;59;59,0;59,0;59,0;1,000000000000000;1,000000000000000;1,000000000000000;1,000000000000000;1,000000000000000;1,000000000000000;1,000000000000000;1,000000000000000;1,000000000000000;1,000000000000000;1,000000000000000
2022-05-05;60+;16;16,0;16;16;16;16;16;16;16;16;16;16;120;120,0;120;120;120;120;120;120;120;120,0;120,0;120,0;1,000000000000000;1,000000000000000;1,000000000000000;1,000000000000000;1,000000000000000;1,000000000000000;1,000000000000000;1,000000000000000;1,000000000000000;1,000000000000000;1,000000000000000
2022-05-05;alle;24;24,0;24;24;24;24;24;24;24;24;24;24;179;179,0;179;179;179;179;179;179;179;179,0;179,0;179,0;NA;NA;NA;NA;NA;NA;NA;NA;NA;NA;NA
2022-05-04;0-60;16;16,0;16;16;16;16;16;16;16;16;16;16;68;68,0;68;68;68;68;68;68;68;68,0;68,0;68,0;1,000000000000000;1,000000000000000;1,000000000000000;1,000000000000000;1,000000000000000;1,000000000000000;1,000000000000000;1,000000000000000;1,000000000000000;1,000000000000000;1,000000000000000
2022-05-04;60+;21;21,0;21;21;21;21;21;21;21;21;21;21;125;125,0;125;125;125;125;125;125;125;125,0;125,0;125,0;1,000000000000000;1,000000000000000;1,000000000000000;1,000000000000000;1,000000000000000;1,000000000000000;1,000000000000000;1,000000000000000;1,000000000000000;1,000000000000000;1,000000000000000
2022-05-04;alle;37;37,0;37;37;37;37;37;37;37;37;37;37;193;193,0;193;193;193;193;193;193;193;193,0;193,0;193,0;NA;NA;NA;NA;NA;NA;NA;NA;NA;NA;NA
2022-05-03;0-60;14;14,0;14;14;14;14;14;14;14;14;14;14;70;70,0;70;70;70;70;70;70;70;70,0;70,0;70,0;1,000000000000000;1,000000000000000;1,000000000000000;1,000000000000000;1,000000000000000;1,000000000000000;1,000000000000000;1,000000000000000;1,000000000000000;1,000000000000000;1,000000000000000
2022-05-03;60+;36;36,0;36;36;36;36;36;36;36;36;36;36;143;143,0;143;143;143;143;143;143;143;143,0;143,0;143,0;1,000000000000000;1,000000000000000;1,000000000000000;1,000000000000000;1,000000000000000;1,000000000000000;1,000000000000000;1,000000000000000;1,000000000000000;1,000000000000000;1,000000000000000
2022-05-03;alle;50;50,0;50;50;50;50;50;50;50;50;50;50;213;213,0;213;213;213;213;213;213;213;213,0;213,0;213,0;NA;NA;NA;NA;NA;NA;NA;NA;NA;NA;NA
2022-05-02;0-60;2;2,0;2;2;2;2;2;2;2;2;2;2;78;78,0;78;78;78;78;78;78;78;78,0;78,0;78,0;1,000000000000000;1,000000000000000;1,000000000000000;1,000000000000000;1,000000000000000;1,000000000000000;1,000000000000000;1,000000000000000;1,000000000000000;1,000000000000000;1,000000000000000
2022-05-02;60+;2;2,0;2;2;2;2;2;2;2;2;2;2;148;148,0;148;148;148;148;148;148;148;148,0;148,0;148,0;1,000000000000000;1,000000000000000;1,000000000000000;1,000000000000000;1,000000000000000;1,000000000000000;1,000000000000000;1,000000000000000;1,000000000000000;1,000000000000000;1,000000000000000
2022-05-02;alle;4;4,0;4;4;4;4;4;4;4;4;4;4;226;226,0;226;226;226;226;226;226;226;226,0;226,0;226,0;NA;NA;NA;NA;NA;NA;NA;NA;NA;NA;NA
2022-05-01;0-60;1;1,0;1;1;1;1;1;1;1;1;1;1;78;78,0;78;78;78;78;78;78;78;78,0;78,0;78,0;1,000000000000000;1,000000000000000;1,000000000000000;1,000000000000000;1,000000000000000;1,000000000000000;1,000000000000000;1,000000000000000;1,000000000000000;1,000000000000000;1,000000000000000
2022-05-01;60+;4;4,0;4;4;4;4;4;4;4;4;4;4;151;151,0;151;151;151;151;151;151;151;151,0;151,0;151,0;1,000000000000000;1,000000000000000;1,000000000000000;1,000000000000000;1,000000000000000;1,000000000000000;1,000000000000000;1,000000000000000;1,000000000000000;1,000000000000000;1,000000000000000
2022-05-01;alle;5;5,0;5;5;5;5;5;5;5;5;5;5;229;229,0;229;229;229;229;229;229;229;229,0;229,0;229,0;NA;NA;NA;NA;NA;NA;NA;NA;NA;NA;NA
2022-04-30;0-60;5;5,0;5;5;5;5;5;5;5;5;5;5;82;82,0;82;82;82;82;82;82;82;82,0;82,0;82,0;1,000000000000000;1,000000000000000;1,000000000000000;1,000000000000000;1,000000000000000;1,000000000000000;1,000000000000000;1,000000000000000;1,000000000000000;1,000000000000000;1,000000000000000
2022-04-30;60+;21;21,0;21;21;21;21;21;21;21;21;21;21;158;158,0;158;158;158;158;158;158;158;158,0;158,0;158,0;1,000000000000000;1,000000000000000;1,000000000000000;1,000000000000000;1,000000000000000;1,000000000000000;1,000000000000000;1,000000000000000;1,000000000000000;1,000000000000000;1,000000000000000
2022-04-30;alle;26;26,0;26;26;26;26;26;26;26;26;26;26;240;240,0;240;240;240;240;240;240;240;240,0;240,0;240,0;NA;NA;NA;NA;NA;NA;NA;NA;NA;NA;NA
2022-04-29;0-60;13;13,0;13;13;13;13;13;13;13;13;13;13;87;87,0;87;87;87;87;87;87;87;87,0;87,0;87,0;1,000000000000000;1,000000000000000;1,000000000000000;1,000000000000000;1,000000000000000;1,000000000000000;1,000000000000000;1,000000000000000;1,000000000000000;1,000000000000000;1,000000000000000
2022-04-29;60+;20;20,0;20;20;20;20;20;20;20;20;20;20;176;176,0;176;176;176;176;176;176;176;176,0;176,0;176,0;1,000000000000000;1,000000000000000;1,000000000000000;1,000000000000000;1,000000000000000;1,000000000000000;1,000000000000000;1,000000000000000;1,000000000000000;1,000000000000000;1,000000000000000
2022-04-29;alle;33;33,0;33;33;33;33;33;33;33;33;33;33;263;263,0;263;263;263;263;263;263;263;263,0;263,0;263,0;NA;NA;NA;NA;NA;NA;NA;NA;NA;NA;NA
2022-04-28;0-60;17;17,0;17;17;17;17;17;17;17;17;17;17;98;98,0;98;98;98;98;98;98;98;98,0;98,0;98,0;1,000000000000000;1,000000000000000;1,000000000000000;1,000000000000000;1,000000000000000;1,000000000000000;1,000000000000000;1,000000000000000;1,000000000000000;1,000000000000000;1,000000000000000
2022-04-28;60+;21;21,0;21;21;21;21;21;21;21;21;21;21;193;193,0;193;193;193;193;193;193;193;193,0;193,0;193,0;1,000000000000000;1,000000000000000;1,000000000000000;1,000000000000000;1,000000000000000;1,000000000000000;1,000000000000000;1,000000000000000;1,000000000000000;1,000000000000000;1,000000000000000
2022-04-28;alle;38;38,0;38;38;38;38;38;38;38;38;38;38;291;291,0;291;291;291;291;291;291;291;291,0;291,0;291,0;NA;NA;NA;NA;NA;NA;NA;NA;NA;NA;NA
2022-04-27;0-60;18;18,0;18;18;18;18;18;18;18;18;18;18;106;106,0;106;106;106;106;106;106;106;106,0;106,0;106,0;1,000000000000000;1,000000000000000;1,000000000000000;1,000000000000000;1,000000000000000;1,000000000000000;1,000000000000000;1,000000000000000;1,000000000000000;1,000000000000000;1,000000000000000
2022-04-27;60+;39;39,0;39;39;39;39;39;39;39;39;39;39;262;262,0;262;262;262;262;262;262;262;262,0;262,0;262,0;1,000000000000000;1,000000000000000;1,000000000000000;1,000000000000000;1,000000000000000;1,000000000000000;1,000000000000000;1,000000000000000;1,000000000000000;1,000000000000000;1,000000000000000
2022-04-27;alle;57;57,0;57;57;57;57;57;57;57;57;57;57;368;368,0;368;368;368;368;368;368;368;368,0;368,0;368,0;NA;NA;NA;NA;NA;NA;NA;NA;NA;NA;NA
2022-04-26;0-60;22;22,0;22;22;22;22;22;22;22;22;22;22;109;109,0;109;109;109;109;109;109;109;109,0;109,0;109,0;1,000000000000000;1,000000000000000;1,000000000000000;1,000000000000000;1,000000000000000;1,000000000000000;1,000000000000000;1,000000000000000;1,000000000000000;1,000000000000000;1,000000000000000
2022-04-26;60+;41;41,0;41;41;41;41;41;41;41;41;41;41;275;275,0;275;275;275;275;275;275;275;275,0;275,0;275,0;1,000000000000000;1,000000000000000;1,000000000000000;1,000000000000000;1,000000000000000;1,000000000000000;1,000000000000000;1,000000000000000;1,000000000000000;1,000000000000000;1,000000000000000
2022-04-26;alle;63;63,0;63;63;63;63;63;63;63;63;63;63;384;384,0;384;384;384;384;384;384;384;384,0;384,0;384,0;NA;NA;NA;NA;NA;NA;NA;NA;NA;NA;NA
2022-04-25;0-60;2;2,0;2;2;2;2;2;2;2;2;2;2;89;89,0;89;89;89;89;89;89;89;89,0;89,0;89,0;1,000000000000000;1,000000000000000;1,000000000000000;1,000000000000000;1,000000000000000;1,000000000000000;1,000000000000000;1,000000000000000;1,000000000000000;1,000000000000000;1,000000000000000
2022-04-25;60+;5;5,0;5;5;5;5;5;5;5;5;5;5;244;244,0;244;244;244;244;244;244;244;244,0;244,0;244,0;1,000000000000000;1,000000000000000;1,000000000000000;1,000000000000000;1,000000000000000;1,000000000000000;1,000000000000000;1,000000000000000;1,000000000000000;1,000000000000000;1,000000000000000
2022-04-25;alle;7;7,0;7;7;7;7;7;7;7;7;7;7;333;333,0;333;333;333;333;333;333;333;333,0;333,0;333,0;NA;NA;NA;NA;NA;NA;NA;NA;NA;NA;NA
2022-04-24;0-60;5;5,0;5;5;5;5;5;5;5;5;5;5;91;91,0;91;91;91;91;91;91;91;91,0;91,0;91,0;1,000000000000000;1,000000000000000;1,000000000000000;1,000000000000000;1,000000000000000;1,000000000000000;1,000000000000000;1,000000000000000;1,000000000000000;1,000000000000000;1,000000000000000
2022-04-24;60+;11;11,0;11;11;11;11;11;11;11;11;11;11;245;245,0;245;245;245;245;245;245;245;245,0;245,0;245,0;1,000000000000000;1,000000000000000;1,000000000000000;1,000000000000000;1,000000000000000;1,000000000000000;1,000000000000000;1,000000000000000;1,000000000000000;1,000000000000000;1,000000000000000
2022-04-24;alle;16;16,0;16;16;16;16;16;16;16;16;16;16;336;336,0;336;336;336;336;336;336;336;336,0;336,0;336,0;NA;NA;NA;NA;NA;NA;NA;NA;NA;NA;NA
2022-04-23;0-60;10;10,0;10;10;10;10;10;10;10;10;10;10;88;88,0;88;88;88;88;88;88;88;88,0;88,0;88,0;1,000000000000000;1,000000000000000;1,000000000000000;1,000000000000000;1,000000000000000;1,000000000000000;1,000000000000000;1,000000000000000;1,000000000000000;1,000000000000000;1,000000000000000
2022-04-23;60+;39;39,0;39;39;39;39;39;39;39;39;39;39;239;239,0;239;239;239;239;239;239;239;239,0;239,0;239,0;1,000000000000000;1,000000000000000;1,000000000000000;1,000000000000000;1,000000000000000;1,000000000000000;1,000000000000000;1,000000000000000;1,000000000000000;1,000000000000000;1,000000000000000
2022-04-23;alle;49;49,0;49;49;49;49;49;49;49;49;49;49;327;327,0;327;327;327;327;327;327;327;327,0;327,0;327,0;NA;NA;NA;NA;NA;NA;NA;NA;NA;NA;NA
2022-04-22;0-60;24;24,0;24;24;24;24;24;24;24;24;24;24;84;84,0;84;84;84;84;84;84;84;84,0;84,0;84,0;1,000000000000000;1,000000000000000;1,000000000000000;1,000000000000000;1,000000000000000;1,000000000000000;1,000000000000000;1,000000000000000;1,000000000000000;1,000000000000000;1,000000000000000
2022-04-22;60+;37;37,0;37;37;37;37;37;37;37;37;37;37;211;211,0;211;211;211;211;211;211;211;211,0;211,0;211,0;1,000000000000000;1,000000000000000;1,000000000000000;1,000000000000000;1,000000000000000;1,000000000000000;1,000000000000000;1,000000000000000;1,000000000000000;1,000000000000000;1,000000000000000
2022-04-22;alle;61;61,0;61;61;61;61;61;61;61;61;61;61;295;295,0;295;295;295;295;295;295;295;295,0;295,0;295,0;NA;NA;NA;NA;NA;NA;NA;NA;NA;NA;NA
2022-04-21;0-60;25;25,0;25;25;25;25;25;25;25;25;25;25;79;79,0;79;79;79;79;79;79;79;79,0;79,0;79,0;1,000000000000000;1,000000000000000;1,000000000000000;1,000000000000000;1,000000000000000;1,000000000000000;1,000000000000000;1,000000000000000;1,000000000000000;1,000000000000000;1,000000000000000
2022-04-21;60+;90;90,0;90;90;90;90;90;90;90;90;90;90;212;212,0;212;212;212;212;212;212;212;212,0;212,0;212,0;1,000000000000000;1,000000000000000;1,000000000000000;1,000000000000000;1,000000000000000;1,000000000000000;1,000000000000000;1,000000000000000;1,000000000000000;1,000000000000000;1,000000000000000
2022-04-21;alle;115;115,0;115;115;115;115;115;115;115;115;115;115;291;291,0;291;291;291;291;291;291;291;291,0;291,0;291,0;NA;NA;NA;NA;NA;NA;NA;NA;NA;NA;NA
2022-04-20;0-60;21;21,0;21;21;21;21;21;21;21;21;21;21;71;71,0;71;71;71;71;71;71;71;71,0;71,0;71,0;1,000000000000000;1,000000000000000;1,000000000000000;1,000000000000000;1,000000000000000;1,000000000000000;1,000000000000000;1,000000000000000;1,000000000000000;1,000000000000000;1,000000000000000
2022-04-20;60+;52;52,0;52;52;52;52;52;52;52;52;52;52;167;167,0;167;167;167;167;167;167;167;167,0;167,0;167,0;1,000000000000000;1,000000000000000;1,000000000000000;1,000000000000000;1,000000000000000;1,000000000000000;1,000000000000000;1,000000000000000;1,000000000000000;1,000000000000000;1,000000000000000
2022-04-20;alle;73;73,0;73;73;73;73;73;73;73;73;73;73;238;238,0;238;238;238;238;238;238;238;238,0;238,0;238,0;NA;NA;NA;NA;NA;NA;NA;NA;NA;NA;NA
2022-04-19;0-60;2;2,0;2;2;2;2;2;2;2;2;2;2;70;70,0;70;70;70;70;70;70;70;70,0;70,0;70,0;1,000000000000000;1,000000000000000;1,000000000000000;1,000000000000000;1,000000000000000;1,000000000000000;1,000000000000000;1,000000000000000;1,000000000000000;1,000000000000000;1,000000000000000
2022-04-19;60+;10;10,0;10;10;10;10;10;10;10;10;10;10;161;161,0;161;161;161;161;161;161;161;161,0;161,0;161,0;1,000000000000000;1,000000000000000;1,000000000000000;1,000000000000000;1,000000000000000;1,000000000000000;1,000000000000000;1,000000000000000;1,000000000000000;1,000000000000000;1,000000000000000
2022-04-19;alle;12;12,0;12;12;12;12;12;12;12;12;12;12;231;231,0;231;231;231;231;231;231;231;231,0;231,0;231,0;NA;NA;NA;NA;NA;NA;NA;NA;NA;NA;NA
2022-04-18;0-60;4;4,0;4;4;4;4;4;4;4;4;4;4;83;83,0;83;83;83;83;83;83;83;83,0;83,0;83,0;1,000000000000000;1,000000000000000;1,000000000000000;1,000000000000000;1,000000000000000;1,000000000000000;1,000000000000000;1,000000000000000;1,000000000000000;1,000000000000000;1,000000000000000
2022-04-18;60+;6;6,0;6;6;6;6;6;6;6;6;6;6;206;206,0;206;206;206;206;206;206;206;206,0;206,0;206,0;1,000000000000000;1,000000000000000;1,000000000000000;1,000000000000000;1,000000000000000;1,000000000000000;1,000000000000000;1,000000000000000;1,000000000000000;1,000000000000000;1,000000000000000
2022-04-18;alle;10;10,0;10;10;10;10;10;10;10;10;10;10;289;289,0;289;289;289;289;289;289;289;289,0;289,0;289,0;NA;NA;NA;NA;NA;NA;NA;NA;NA;NA;NA
2022-04-17;0-60;2;2,0;2;2;2;2;2;2;2;2;2;2;81;81,0;81;81;81;81;81;81;81;81,0;81,0;81,0;1,000000000000000;1,000000000000000;1,000000000000000;1,000000000000000;1,000000000000000;1,000000000000000;1,000000000000000;1,000000000000000;1,000000000000000;1,000000000000000;1,000000000000000
2022-04-17;60+;5;5,0;5;5;5;5;5;5;5;5;5;5;206;206,0;206;206;206;206;206;206;206;206,0;206,0;206,0;1,000000000000000;1,000000000000000;1,000000000000000;1,000000000000000;1,000000000000000;1,000000000000000;1,000000000000000;1,000000000000000;1,000000000000000;1,000000000000000;1,000000000000000
2022-04-17;alle;7;7,0;7;7;7;7;7;7;7;7;7;7;287;287,0;287;287;287;287;287;287;287;287,0;287,0;287,0;NA;NA;NA;NA;NA;NA;NA;NA;NA;NA;NA
2022-04-16;0-60;6;6,0;6;6;6;6;6;6;6;6;6;6;87;87,0;87;87;87;87;87;87;87;87,0;87,0;87,0;1,000000000000000;1,000000000000000;1,000000000000000;1,000000000000000;1,000000000000000;1,000000000000000;1,000000000000000;1,000000000000000;1,000000000000000;1,000000000000000;1,000000000000000
2022-04-16;60+;11;11,0;11;11;11;11;11;11;11;11;11;11;214;214,0;214;214;214;214;214;214;214;214,0;214,0;214,0;1,000000000000000;1,000000000000000;1,000000000000000;1,000000000000000;1,000000000000000;1,000000000000000;1,000000000000000;1,000000000000000;1,000000000000000;1,000000000000000;1,000000000000000
2022-04-16;alle;17;17,0;17;17;17;17;17;17;17;17;17;17;301;301,0;301;301;301;301;301;301;301;301,0;301,0;301,0;NA;NA;NA;NA;NA;NA;NA;NA;NA;NA;NA
2022-04-15;0-60;19;19,0;19;19;19;19;19;19;19;19;19;19;102;102,0;102;102;102;102;102;102;102;102,0;102,0;102,0;1,000000000000000;1,000000000000000;1,000000000000000;1,000000000000000;1,000000000000000;1,000000000000000;1,000000000000000;1,000000000000000;1,000000000000000;1,000000000000000;1,000000000000000
2022-04-15;60+;38;38,0;38;38;38;38;38;38;38;38;38;38;242;242,0;242;242;242;242;242;242;242;242,0;242,0;242,0;1,000000000000000;1,000000000000000;1,000000000000000;1,000000000000000;1,000000000000000;1,000000000000000;1,000000000000000;1,000000000000000;1,000000000000000;1,000000000000000;1,000000000000000
2022-04-15;alle;57;57,0;57;57;57;57;57;57;57;57;57;57;344;344,0;344;344;344;344;344;344;344;344,0;344,0;344,0;NA;NA;NA;NA;NA;NA;NA;NA;NA;NA;NA
2022-04-14;0-60;17;17,0;17;17;17;17;17;17;17;17;17;17;102;102,0;102;102;102;102;102;102;102;102,0;102,0;102,0;1,000000000000000;1,000000000000000;1,000000000000000;1,000000000000000;1,000000000000000;1,000000000000000;1,000000000000000;1,000000000000000;1,000000000000000;1,000000000000000;1,000000000000000
2022-04-14;60+;45;45,0;45;45;45;45;45;45;45;45;45;45;253;253,0;253;253;253;253;253;253;253;253,0;253,0;253,0;1,000000000000000;1,000000000000000;1,000000000000000;1,000000000000000;1,000000000000000;1,000000000000000;1,000000000000000;1,000000000000000;1,000000000000000;1,000000000000000;1,000000000000000
2022-04-14;alle;62;62,0;62;62;62;62;62;62;62;62;62;62;355;355,0;355;355;355;355;355;355;355;355,0;355,0;355,0;NA;NA;NA;NA;NA;NA;NA;NA;NA;NA;NA
2022-04-13;0-60;20;20,0;20;20;20;20;20;20;20;20;20;20;108;108,0;108;108;108;108;108;108;108;108,0;108,0;108,0;1,000000000000000;1,000000000000000;1,000000000000000;1,000000000000000;1,000000000000000;1,000000000000000;1,000000000000000;1,000000000000000;1,000000000000000;1,000000000000000;1,000000000000000
2022-04-13;60+;46;46,0;46;46;46;46;46;46;46;46;46;46;255;255,0;255;255;255;255;255;255;255;255,0;255,0;255,0;1,000000000000000;1,000000000000000;1,000000000000000;1,000000000000000;1,000000000000000;1,000000000000000;1,000000000000000;1,000000000000000;1,000000000000000;1,000000000000000;1,000000000000000
2022-04-13;alle;66;66,0;66;66;66;66;66;66;66;66;66;66;363;363,0;363;363;363;363;363;363;363;363,0;363,0;363,0;NA;NA;NA;NA;NA;NA;NA;NA;NA;NA;NA
2022-04-12;0-60;15;15,0;15;15;15;15;15;15;15;15;15;15;115;115,0;115;115;115;115;115;115;115;115,0;115,0;115,0;1,000000000000000;1,000000000000000;1,000000000000000;1,000000000000000;1,000000000000000;1,000000000000000;1,000000000000000;1,000000000000000;1,000000000000000;1,000000000000000;1,000000000000000
2022-04-12;60+;55;55,0;55;55;55;55;55;55;55;55;55;55;269;269,0;269;269;269;269;269;269;269;269,0;269,0;269,0;1,000000000000000;1,000000000000000;1,000000000000000;1,000000000000000;1,000000000000000;1,000000000000000;1,000000000000000;1,000000000000000;1,000000000000000;1,000000000000000;1,000000000000000
2022-04-12;alle;70;70,0;70;70;70;70;70;70;70;70;70;70;384;384,0;384;384;384;384;384;384;384;384,0;384,0;384,0;NA;NA;NA;NA;NA;NA;NA;NA;NA;NA;NA
2022-04-11;0-60;2;2,0;2;2;2;2;2;2;2;2;2;2;114;114,0;114;114;114;114;114;114;114;114,0;114,0;114,0;1,000000000000000;1,000000000000000;1,000000000000000;1,000000000000000;1,000000000000000;1,000000000000000;1,000000000000000;1,000000000000000;1,000000000000000;1,000000000000000;1,000000000000000
2022-04-11;60+;6;6,0;6;6;6;6;6;6;6;6;6;6;271;271,0;271;271;271;271;271;271;271;271,0;271,0;271,0;1,000000000000000;1,000000000000000;1,000000000000000;1,000000000000000;1,000000000000000;1,000000000000000;1,000000000000000;1,000000000000000;1,000000000000000;1,000000000000000;1,000000000000000
2022-04-11;alle;8;8,0;8;8;8;8;8;8;8;8;8;8;385;385,0;385;385;385;385;385;385;385;385,0;385,0;385,0;NA;NA;NA;NA;NA;NA;NA;NA;NA;NA;NA
2022-04-10;0-60;8;8,0;8;8;8;8;8;8;8;8;8;8;119;119,0;119;119;119;119;119;119;119;119,0;119,0;119,0;1,000000000000000;1,000000000000000;1,000000000000000;1,000000000000000;1,000000000000000;1,000000000000000;1,000000000000000;1,000000000000000;1,000000000000000;1,000000000000000;1,000000000000000
2022-04-10;60+;13;13,0;13;13;13;13;13;13;13;13;13;13;277;277,0;277;277;277;277;277;277;277;277,0;277,0;277,0;1,000000000000000;1,000000000000000;1,000000000000000;1,000000000000000;1,000000000000000;1,000000000000000;1,000000000000000;1,000000000000000;1,000000000000000;1,000000000000000;1,000000000000000
2022-04-10;alle;21;21,0;21;21;21;21;21;21;21;21;21;21;396;396,0;396;396;396;396;396;396;396;396,0;396,0;396,0;NA;NA;NA;NA;NA;NA;NA;NA;NA;NA;NA
2022-04-09;0-60;21;21,0;21;21;21;21;21;21;21;21;21;21;114;114,0;114;114;114;114;114;114;114;114,0;114,0;114,0;1,000000000000000;1,000000000000000;1,000000000000000;1,000000000000000;1,000000000000000;1,000000000000000;1,000000000000000;1,000000000000000;1,000000000000000;1,000000000000000;1,000000000000000
2022-04-09;60+;39;39,0;39;39;39;39;39;39;39;39;39;39;272;272,0;272;272;272;272;272;272;272;272,0;272,0;272,0;1,000000000000000;1,000000000000000;1,000000000000000;1,000000000000000;1,000000000000000;1,000000000000000;1,000000000000000;1,000000000000000;1,000000000000000;1,000000000000000;1,000000000000000
2022-04-09;alle;60;60,0;60;60;60;60;60;60;60;60;60;60;386;386,0;386;386;386;386;386;386;386;386,0;386,0;386,0;NA;NA;NA;NA;NA;NA;NA;NA;NA;NA;NA
2022-04-08;0-60;19;19,0;19;19;19;19;19;19;19;19;19;19;105;105,0;105;105;105;105;105;105;105;105,0;105,0;105,0;1,000000000000000;1,000000000000000;1,000000000000000;1,000000000000000;1,000000000000000;1,000000000000000;1,000000000000000;1,000000000000000;1,000000000000000;1,000000000000000;1,000000000000000
2022-04-08;60+;49;49,0;49;49;49;49;49;49;49;49;49;49;282;282,0;282;282;282;282;282;282;282;282,0;282,0;282,0;1,000000000000000;1,000000000000000;1,000000000000000;1,000000000000000;1,000000000000000;1,000000000000000;1,000000000000000;1,000000000000000;1,000000000000000;1,000000000000000;1,000000000000000
2022-04-08;alle;68;68,0;68;68;68;68;68;68;68;68;68;68;387;387,0;387;387;387;387;387;387;387;387,0;387,0;387,0;NA;NA;NA;NA;NA;NA;NA;NA;NA;NA;NA
2022-04-07;0-60;23;23,0;23;23;23;23;23;23;23;23;23;23;106;106,0;106;106;106;106;106;106;106;106,0;106,0;106,0;1,000000000000000;1,000000000000000;1,000000000000000;1,000000000000000;1,000000000000000;1,000000000000000;1,000000000000000;1,000000000000000;1,000000000000000;1,000000000000000;1,000000000000000
2022-04-07;60+;47;47,0;47;47;47;47;47;47;47;47;47;47;273;273,0;273;273;273;273;273;273;273;273,0;273,0;273,0;1,000000000000000;1,000000000000000;1,000000000000000;1,000000000000000;1,000000000000000;1,000000000000000;1,000000000000000;1,000000000000000;1,000000000000000;1,000000000000000;1,000000000000000
2022-04-07;alle;70;70,0;70;70;70;70;70;70;70;70;70;70;379;379,0;379;379;379;379;379;379;379;379,0;379,0;379,0;NA;NA;NA;NA;NA;NA;NA;NA;NA;NA;NA
2022-04-06;0-60;27;27,0;27;27;27;27;27;27;27;27;27;27;107;107,0;107;107;107;107;107;107;107;107,0;107,0;107,0;1,000000000000000;1,000000000000000;1,000000000000000;1,000000000000000;1,000000000000000;1,000000000000000;1,000000000000000;1,000000000000000;1,000000000000000;1,000000000000000;1,000000000000000
2022-04-06;60+;60;60,0;60;60;60;60;60;60;60;60;60;60;263;263,0;263;263;263;263;263;263;263;263,0;263,0;263,0;1,000000000000000;1,000000000000000;1,000000000000000;1,000000000000000;1,000000000000000;1,000000000000000;1,000000000000000;1,000000000000000;1,000000000000000;1,000000000000000;1,000000000000000
2022-04-06;alle;87;87,0;87;87;87;87;87;87;87;87;87;87;370;370,0;370;370;370;370;370;370;370;370,0;370,0;370,0;NA;NA;NA;NA;NA;NA;NA;NA;NA;NA;NA
2022-04-05;0-60;14;14,0;14;14;14;14;14;14;14;14;14;14;113;113,0;113;113;113;113;113;113;113;113,0;113,0;113,0;1,000000000000000;1,000000000000000;1,000000000000000;1,000000000000000;1,000000000000000;1,000000000000000;1,000000000000000;1,000000000000000;1,000000000000000;1,000000000000000;1,000000000000000
2022-04-05;60+;57;57,0;57;57;57;57;57;57;57;57;57;57;251;251,0;251;251;251;251;251;251;251;251,0;251,0;251,0;1,000000000000000;1,000000000000000;1,000000000000000;1,000000000000000;1,000000000000000;1,000000000000000;1,000000000000000;1,000000000000000;1,000000000000000;1,000000000000000;1,000000000000000
2022-04-05;alle;71;71,0;71;71;71;71;71;71;71;71;71;71;364;364,0;364;364;364;364;364;364;364;364,0;364,0;364,0;NA;NA;NA;NA;NA;NA;NA;NA;NA;NA;NA
2022-04-04;0-60;7;7,0;7;7;7;7;7;7;7;7;7;7;128;128,0;128;128;128;128;128;128;128;128,0;128,0;128,0;1,000000000000000;1,000000000000000;1,000000000000000;1,000000000000000;1,000000000000000;1,000000000000000;1,000000000000000;1,000000000000000;1,000000000000000;1,000000000000000;1,000000000000000
2022-04-04;60+;12;12,0;12;12;12;12;12;12;12;12;12;12;259;259,0;259;259;259;259;259;259;259;259,0;259,0;259,0;1,000000000000000;1,000000000000000;1,000000000000000;1,000000000000000;1,000000000000000;1,000000000000000;1,000000000000000;1,000000000000000;1,000000000000000;1,000000000000000;1,000000000000000
2022-04-04;alle;19;19,0;19;19;19;19;19;19;19;19;19;19;387;387,0;387;387;387;387;387;387;387;387,0;387,0;387,0;NA;NA;NA;NA;NA;NA;NA;NA;NA;NA;NA
2022-04-03;0-60;3;3,0;3;3;3;3;3;3;3;3;3;3;126;126,0;126;126;126;126;126;126;126;126,0;126,0;126,0;1,000000000000000;1,000000000000000;1,000000000000000;1,000000000000000;1,000000000000000;1,000000000000000;1,000000000000000;1,000000000000000;1,000000000000000;1,000000000000000;1,000000000000000
2022-04-03;60+;8;8,0;8;8;8;8;8;8;8;8;8;8;261;261,0;261;261;261;261;261;261;261;261,0;261,0;261,0;1,000000000000000;1,000000000000000;1,000000000000000;1,000000000000000;1,000000000000000;1,000000000000000;1,000000000000000;1,000000000000000;1,000000000000000;1,000000000000000;1,000000000000000
2022-04-03;alle;11;11,0;11;11;11;11;11;11;11;11;11;11;387;387,0;387;387;387;387;387;387;387;387,0;387,0;387,0;NA;NA;NA;NA;NA;NA;NA;NA;NA;NA;NA
2022-04-02;0-60;12;12,0;12;12;12;12;12;12;12;12;12;12;132;132,0;132;132;132;132;132;132;132;132,0;132,0;132,0;1,000000000000000;1,000000000000000;1,000000000000000;1,000000000000000;1,000000000000000;1,000000000000000;1,000000000000000;1,000000000000000;1,000000000000000;1,000000000000000;1,000000000000000
2022-04-02;60+;49;49,0;49;49;49;49;49;49;49;49;49;49;271;271,0;271;271;271;271;271;271;271;271,0;271,0;271,0;1,000000000000000;1,000000000000000;1,000000000000000;1,000000000000000;1,000000000000000;1,000000000000000;1,000000000000000;1,000000000000000;1,000000000000000;1,000000000000000;1,000000000000000
2022-04-02;alle;61;61,0;61;61;61;61;61;61;61;61;61;61;403;403,0;403;403;403;403;403;403;403;403,0;403,0;403,0;NA;NA;NA;NA;NA;NA;NA;NA;NA;NA;NA
2022-04-01;0-60;20;20,0;20;20;20;20;20;20;20;20;20;20;133;133,0;133;133;133;133;133;133;133;133,0;133,0;133,0;1,000000000000000;1,000000000000000;1,000000000000000;1,000000000000000;1,000000000000000;1,000000000000000;1,000000000000000;1,000000000000000;1,000000000000000;1,000000000000000;1,000000000000000
2022-04-01;60+;40;40,0;40;40;40;40;40;40;40;40;40;40;276;276,0;276;276;276;276;276;276;276;276,0;276,0;276,0;1,000000000000000;1,000000000000000;1,000000000000000;1,000000000000000;1,000000000000000;1,000000000000000;1,000000000000000;1,000000000000000;1,000000000000000;1,000000000000000;1,000000000000000
2022-04-01;alle;60;60,0;60;60;60;60;60;60;60;60;60;60;409;409,0;409;409;409;409;409;409;409;409,0;409,0;409,0;NA;NA;NA;NA;NA;NA;NA;NA;NA;NA;NA
2022-03-31;0-60;24;24,0;24;24;24;24;24;24;24;24;24;24;131;131,0;131;131;131;131;131;131;131;131,0;131,0;131,0;1,000000000000000;1,000000000000000;1,000000000000000;1,000000000000000;1,000000000000000;1,000000000000000;1,000000000000000;1,000000000000000;1,000000000000000;1,000000000000000;1,000000000000000
2022-03-31;60+;37;37,0;37;37;37;37;37;37;37;37;37;37;277;277,0;277;277;277;277;277;277;277;277,0;277,0;277,0;1,000000000000000;1,000000000000000;1,000000000000000;1,000000000000000;1,000000000000000;1,000000000000000;1,000000000000000;1,000000000000000;1,000000000000000;1,000000000000000;1,000000000000000
2022-03-31;alle;61;61,0;61;61;61;61;61;61;61;61;61;61;408;408,0;408;408;408;408;408;408;408;408,0;408,0;408,0;NA;NA;NA;NA;NA;NA;NA;NA;NA;NA;NA
2022-03-30;0-60;33;33,0;33;33;33;33;33;33;33;33;33;33;125;125,0;125;125;125;125;125;125;125;125,0;125,0;125,0;1,000000000000000;1,000000000000000;1,000000000000000;1,000000000000000;1,000000000000000;1,000000000000000;1,000000000000000;1,000000000000000;1,000000000000000;1,000000000000000;1,000000000000000
2022-03-30;60+;48;48,0;48;48;48;48;48;48;48;48;48;48;291;291,0;291;291;291;291;291;291;291;291,0;291,0;291,0;1,000000000000000;1,000000000000000;1,000000000000000;1,000000000000000;1,000000000000000;1,000000000000000;1,000000000000000;1,000000000000000;1,000000000000000;1,000000000000000;1,000000000000000
2022-03-30;alle;81;81,0;81;81;81;81;81;81;81;81;81;81;416;416,0;416;416;416;416;416;416;416;416,0;416,0;416,0;NA;NA;NA;NA;NA;NA;NA;NA;NA;NA;NA
2022-03-29;0-60;29;29,0;29;29;29;29;29;29;29;29;29;29;121;121,0;121;121;121;121;121;121;121;121,0;121,0;121,0;1,000000000000000;1,000000000000000;1,000000000000000;1,000000000000000;1,000000000000000;1,000000000000000;1,000000000000000;1,000000000000000;1,000000000000000;1,000000000000000;1,000000000000000
2022-03-29;60+;65;65,0;65;65;65;65;65;65;65;65;65;65;312;312,0;312;312;312;312;312;312;312;312,0;312,0;312,0;1,000000000000000;1,000000000000000;1,000000000000000;1,000000000000000;1,000000000000000;1,000000000000000;1,000000000000000;1,000000000000000;1,000000000000000;1,000000000000000;1,000000000000000
2022-03-29;alle;94;94,0;94;94;94;94;94;94;94;94;94;94;433;433,0;433;433;433;433;433;433;433;433,0;433,0;433,0;NA;NA;NA;NA;NA;NA;NA;NA;NA;NA;NA
2022-03-28;0-60;5;5,0;5;5;5;5;5;5;5;5;5;5;115;115,0;115;115;115;115;115;115;115;115,0;115,0;115,0;1,000000000000000;1,000000000000000;1,000000000000000;1,000000000000000;1,000000000000000;1,000000000000000;1,000000000000000;1,000000000000000;1,000000000000000;1,000000000000000;1,000000000000000
2022-03-28;60+;14;14,0;14;14;14;14;14;14;14;14;14;14;302;302,0;302;302;302;302;302;302;302;302,0;302,0;302,0;1,000000000000000;1,000000000000000;1,000000000000000;1,000000000000000;1,000000000000000;1,000000000000000;1,000000000000000;1,000000000000000;1,000000000000000;1,000000000000000;1,000000000000000
2022-03-28;alle;19;19,0;19;19;19;19;19;19;19;19;19;19;417;417,0;417;417;417;417;417;417;417;417,0;417,0;417,0;NA;NA;NA;NA;NA;NA;NA;NA;NA;NA;NA
2022-03-27;0-60;9;9,0;9;9;9;9;9;9;9;9;9;9;119;119,0;119;119;119;119;119;119;119;119,0;119,0;119,0;1,000000000000000;1,000000000000000;1,000000000000000;1,000000000000000;1,000000000000000;1,000000000000000;1,000000000000000;1,000000000000000;1,000000000000000;1,000000000000000;1,000000000000000
2022-03-27;60+;18;18,0;18;18;18;18;18;18;18;18;18;18;301;301,0;301;301;301;301;301;301;301;301,0;301,0;301,0;1,000000000000000;1,000000000000000;1,000000000000000;1,000000000000000;1,000000000000000;1,000000000000000;1,000000000000000;1,000000000000000;1,000000000000000;1,000000000000000;1,000000000000000
2022-03-27;alle;27;27,0;27;27;27;27;27;27;27;27;27;27;420;420,0;420;420;420;420;420;420;420;420,0;420,0;420,0;NA;NA;NA;NA;NA;NA;NA;NA;NA;NA;NA
2022-03-26;0-60;13;13,0;13;13;13;13;13;13;13;13;13;13;114;114,0;114;114;114;114;114;114;114;114,0;114,0;114,0;1,000000000000000;1,000000000000000;1,000000000000000;1,000000000000000;1,000000000000000;1,000000000000000;1,000000000000000;1,000000000000000;1,000000000000000;1,000000000000000;1,000000000000000
2022-03-26;60+;54;54,0;54;54;54;54;54;54;54;54;54;54;301;301,0;301;301;301;301;301;301;301;301,0;301,0;301,0;1,000000000000000;1,000000000000000;1,000000000000000;1,000000000000000;1,000000000000000;1,000000000000000;1,000000000000000;1,000000000000000;1,000000000000000;1,000000000000000;1,000000000000000
2022-03-26;alle;67;67,0;67;67;67;67;67;67;67;67;67;67;415;415,0;415;415;415;415;415;415;415;415,0;415,0;415,0;NA;NA;NA;NA;NA;NA;NA;NA;NA;NA;NA
2022-03-25;0-60;18;18,0;18;18;18;18;18;18;18;18;18;18;121;121,0;121;121;121;121;121;121;121;121,0;121,0;121,0;1,000000000000000;1,000000000000000;1,000000000000000;1,000000000000000;1,000000000000000;1,000000000000000;1,000000000000000;1,000000000000000;1,000000000000000;1,000000000000000;1,000000000000000
2022-03-25;60+;41;41,0;41;41;41;41;41;41;41;41;41;41;281;281,0;281;281;281;281;281;281;281;281,0;281,0;281,0;1,000000000000000;1,000000000000000;1,000000000000000;1,000000000000000;1,000000000000000;1,000000000000000;1,000000000000000;1,000000000000000;1,000000000000000;1,000000000000000;1,000000000000000
2022-03-25;alle;59;59,0;59;59;59;59;59;59;59;59;59;59;402;402,0;402;402;402;402;402;402;402;402,0;402,0;402,0;NA;NA;NA;NA;NA;NA;NA;NA;NA;NA;NA
2022-03-24;0-60;18;18,0;18;18;18;18;18;18;18;18;18;18;121;121,0;121;121;121;121;121;121;121;121,0;121,0;121,0;1,000000000000000;1,000000000000000;1,000000000000000;1,000000000000000;1,000000000000000;1,000000000000000;1,000000000000000;1,000000000000000;1,000000000000000;1,000000000000000;1,000000000000000
2022-03-24;60+;51;51,0;51;51;51;51;51;51;51;51;51;51;280;280,0;280;280;280;280;280;280;280;280,0;280,0;280,0;1,000000000000000;1,000000000000000;1,000000000000000;1,000000000000000;1,000000000000000;1,000000000000000;1,000000000000000;1,000000000000000;1,000000000000000;1,000000000000000;1,000000000000000
2022-03-24;alle;69;69,0;69;69;69;69;69;69;69;69;69;69;401;401,0;401;401;401;401;401;401;401;401,0;401,0;401,0;NA;NA;NA;NA;NA;NA;NA;NA;NA;NA;NA
2022-03-23;0-60;29;29,0;29;29;29;29;29;29;29;29;29;29;123;123,0;123;123;123;123;123;123;123;123,0;123,0;123,0;1,000000000000000;1,000000000000000;1,000000000000000;1,000000000000000;1,000000000000000;1,000000000000000;1,000000000000000;1,000000000000000;1,000000000000000;1,000000000000000;1,000000000000000
2022-03-23;60+;69;69,0;69;69;69;69;69;69;69;69;69;69;279;279,0;279;279;279;279;279;279;279;279,0;279,0;279,0;1,000000000000000;1,000000000000000;1,000000000000000;1,000000000000000;1,000000000000000;1,000000000000000;1,000000000000000;1,000000000000000;1,000000000000000;1,000000000000000;1,000000000000000
2022-03-23;alle;98;98,0;98;98;98;98;98;98;98;98;98;98;402;402,0;402;402;402;402;402;402;402;402,0;402,0;402,0;NA;NA;NA;NA;NA;NA;NA;NA;NA;NA;NA
2022-03-22;0-60;23;23,0;23;23;23;23;23;23;23;23;23;23;126;126,0;126;126;126;126;126;126;126;126,0;126,0;126,0;1,000000000000000;1,000000000000000;1,000000000000000;1,000000000000000;1,000000000000000;1,000000000000000;1,000000000000000;1,000000000000000;1,000000000000000;1,000000000000000;1,000000000000000
2022-03-22;60+;55;55,0;55;55;55;55;55;55;55;55;55;55;262;262,0;262;262;262;262;262;262;262;262,0;262,0;262,0;1,000000000000000;1,000000000000000;1,000000000000000;1,000000000000000;1,000000000000000;1,000000000000000;1,000000000000000;1,000000000000000;1,000000000000000;1,000000000000000;1,000000000000000
2022-03-22;alle;78;78,0;78;78;78;78;78;78;78;78;78;78;388;388,0;388;388;388;388;388;388;388;388,0;388,0;388,0;NA;NA;NA;NA;NA;NA;NA;NA;NA;NA;NA
2022-03-21;0-60;9;9,0;9;9;9;9;9;9;9;9;9;9;128;128,0;128;128;128;128;128;128;128;128,0;128,0;128,0;1,000000000000000;1,000000000000000;1,000000000000000;1,000000000000000;1,000000000000000;1,000000000000000;1,000000000000000;1,000000000000000;1,000000000000000;1,000000000000000;1,000000000000000
2022-03-21;60+;13;13,0;13;13;13;13;13;13;13;13;13;13;255;255,0;255;255;255;255;255;255;255;255,0;255,0;255,0;1,000000000000000;1,000000000000000;1,000000000000000;1,000000000000000;1,000000000000000;1,000000000000000;1,000000000000000;1,000000000000000;1,000000000000000;1,000000000000000;1,000000000000000
2022-03-21;alle;22;22,0;22;22;22;22;22;22;22;22;22;22;383;383,0;383;383;383;383;383;383;383;383,0;383,0;383,0;NA;NA;NA;NA;NA;NA;NA;NA;NA;NA;NA
2022-03-20;0-60;4;4,0;4;4;4;4;4;4;4;4;4;4;124;124,0;124;124;124;124;124;124;124;124,0;124,0;124,0;1,000000000000000;1,000000000000000;1,000000000000000;1,000000000000000;1,000000000000000;1,000000000000000;1,000000000000000;1,000000000000000;1,000000000000000;1,000000000000000;1,000000000000000
2022-03-20;60+;18;18,0;18;18;18;18;18;18;18;18;18;18;252;252,0;252;252;252;252;252;252;252;252,0;252,0;252,0;1,000000000000000;1,000000000000000;1,000000000000000;1,000000000000000;1,000000000000000;1,000000000000000;1,000000000000000;1,000000000000000;1,000000000000000;1,000000000000000;1,000000000000000
2022-03-20;alle;22;22,0;22;22;22;22;22;22;22;22;22;22;376;376,0;376;376;376;376;376;376;376;376,0;376,0;376,0;NA;NA;NA;NA;NA;NA;NA;NA;NA;NA;NA
2022-03-19;0-60;20;20,0;20;20;20;20;20;20;20;20;20;20;130;130,0;130;130;130;130;130;130;130;130,0;130,0;130,0;1,000000000000000;1,000000000000000;1,000000000000000;1,000000000000000;1,000000000000000;1,000000000000000;1,000000000000000;1,000000000000000;1,000000000000000;1,000000000000000;1,000000000000000
2022-03-19;60+;34;34,0;34;34;34;34;34;34;34;34;34;34;247;247,0;247;247;247;247;247;247;247;247,0;247,0;247,0;1,000000000000000;1,000000000000000;1,000000000000000;1,000000000000000;1,000000000000000;1,000000000000000;1,000000000000000;1,000000000000000;1,000000000000000;1,000000000000000;1,000000000000000
2022-03-19;alle;54;54,0;54;54;54;54;54;54;54;54;54;54;377;377,0;377;377;377;377;377;377;377;377,0;377,0;377,0;NA;NA;NA;NA;NA;NA;NA;NA;NA;NA;NA
2022-03-18;0-60;18;18,0;18;18;18;18;18;18;18;18;18;18;121;121,0;121;121;121;121;121;121;121;121,0;121,0;121,0;1,000000000000000;1,000000000000000;1,000000000000000;1,000000000000000;1,000000000000000;1,000000000000000;1,000000000000000;1,000000000000000;1,000000000000000;1,000000000000000;1,000000000000000
2022-03-18;60+;40;40,0;40;40;40;40;40;40;40;40;40;40;237;237,0;237;237;237;237;237;237;237;237,0;237,0;237,0;1,000000000000000;1,000000000000000;1,000000000000000;1,000000000000000;1,000000000000000;1,000000000000000;1,000000000000000;1,000000000000000;1,000000000000000;1,000000000000000;1,000000000000000
2022-03-18;alle;58;58,0;58;58;58;58;58;58;58;58;58;58;358;358,0;358;358;358;358;358;358;358;358,0;358,0;358,0;NA;NA;NA;NA;NA;NA;NA;NA;NA;NA;NA
2022-03-17;0-60;20;20,0;20;20;20;20;20;20;20;20;20;20;125;125,0;125;125;125;125;125;125;125;125,0;125,0;125,0;1,000000000000000;1,000000000000000;1,000000000000000;1,000000000000000;1,000000000000000;1,000000000000000;1,000000000000000;1,000000000000000;1,000000000000000;1,000000000000000;1,000000000000000
2022-03-17;60+;50;50,0;50;50;50;50;50;50;50;50;50;50;233;233,0;233;233;233;233;233;233;233;233,0;233,0;233,0;1,000000000000000;1,000000000000000;1,000000000000000;1,000000000000000;1,000000000000000;1,000000000000000;1,000000000000000;1,000000000000000;1,000000000000000;1,000000000000000;1,000000000000000
2022-03-17;alle;70;70,0;70;70;70;70;70;70;70;70;70;70;358;358,0;358;358;358;358;358;358;358;358,0;358,0;358,0;NA;NA;NA;NA;NA;NA;NA;NA;NA;NA;NA
2022-03-16;0-60;32;32,0;32;32;32;32;32;32;32;32;32;32;132;132,0;132;132;132;132;132;132;132;132,0;132,0;132,0;1,000000000000000;1,000000000000000;1,000000000000000;1,000000000000000;1,000000000000000;1,000000000000000;1,000000000000000;1,000000000000000;1,000000000000000;1,000000000000000;1,000000000000000
2022-03-16;60+;52;52,0;52;52;52;52;52;52;52;52;52;52;216;216,0;216;216;216;216;216;216;216;216,0;216,0;216,0;1,000000000000000;1,000000000000000;1,000000000000000;1,000000000000000;1,000000000000000;1,000000000000000;1,000000000000000;1,000000000000000;1,000000000000000;1,000000000000000;1,000000000000000
2022-03-16;alle;84;84,0;84;84;84;84;84;84;84;84;84;84;348;348,0;348;348;348;348;348;348;348;348,0;348,0;348,0;NA;NA;NA;NA;NA;NA;NA;NA;NA;NA;NA
2022-03-15;0-60;25;25,0;25;25;25;25;25;25;25;25;25;25;120;120,0;120;120;120;120;120;120;120;120,0;120,0;120,0;1,000000000000000;1,000000000000000;1,000000000000000;1,000000000000000;1,000000000000000;1,000000000000000;1,000000000000000;1,000000000000000;1,000000000000000;1,000000000000000;1,000000000000000
2022-03-15;60+;48;48,0;48;48;48;48;48;48;48;48;48;48;201;201,0;201;201;201;201;201;201;201;201,0;201,0;201,0;1,000000000000000;1,000000000000000;1,000000000000000;1,000000000000000;1,000000000000000;1,000000000000000;1,000000000000000;1,000000000000000;1,000000000000000;1,000000000000000;1,000000000000000
2022-03-15;alle;73;73,0;73;73;73;73;73;73;73;73;73;73;321;321,0;321;321;321;321;321;321;321;321,0;321,0;321,0;NA;NA;NA;NA;NA;NA;NA;NA;NA;NA;NA
2022-03-14;0-60;5;5,0;5;5;5;5;5;5;5;5;5;5;113;113,0;113;113;113;113;113;113;113;113,0;113,0;113,0;1,000000000000000;1,000000000000000;1,000000000000000;1,000000000000000;1,000000000000000;1,000000000000000;1,000000000000000;1,000000000000000;1,000000000000000;1,000000000000000;1,000000000000000
2022-03-14;60+;10;10,0;10;10;10;10;10;10;10;10;10;10;185;185,0;185;185;185;185;185;185;185;185,0;185,0;185,0;1,000000000000000;1,000000000000000;1,000000000000000;1,000000000000000;1,000000000000000;1,000000000000000;1,000000000000000;1,000000000000000;1,000000000000000;1,000000000000000;1,000000000000000
2022-03-14;alle;15;15,0;15;15;15;15;15;15;15;15;15;15;298;298,0;298;298;298;298;298;298;298;298,0;298,0;298,0;NA;NA;NA;NA;NA;NA;NA;NA;NA;NA;NA
2022-03-13;0-60;10;10,0;10;10;10;10;10;10;10;10;10;10;118;118,0;118;118;118;118;118;118;118;118,0;118,0;118,0;1,000000000000000;1,000000000000000;1,000000000000000;1,000000000000000;1,000000000000000;1,000000000000000;1,000000000000000;1,000000000000000;1,000000000000000;1,000000000000000;1,000000000000000
2022-03-13;60+;13;13,0;13;13;13;13;13;13;13;13;13;13;185;185,0;185;185;185;185;185;185;185;185,0;185,0;185,0;1,000000000000000;1,000000000000000;1,000000000000000;1,000000000000000;1,000000000000000;1,000000000000000;1,000000000000000;1,000000000000000;1,000000000000000;1,000000000000000;1,000000000000000
2022-03-13;alle;23;23,0;23;23;23;23;23;23;23;23;23;23;303;303,0;303;303;303;303;303;303;303;303,0;303,0;303,0;NA;NA;NA;NA;NA;NA;NA;NA;NA;NA;NA
2022-03-12;0-60;11;11,0;11;11;11;11;11;11;11;11;11;11;112;112,0;112;112;112;112;112;112;112;112,0;112,0;112,0;1,000000000000000;1,000000000000000;1,000000000000000;1,000000000000000;1,000000000000000;1,000000000000000;1,000000000000000;1,000000000000000;1,000000000000000;1,000000000000000;1,000000000000000
2022-03-12;60+;24;24,0;24;24;24;24;24;24;24;24;24;24;180;180,0;180;180;180;180;180;180;180;180,0;180,0;180,0;1,000000000000000;1,000000000000000;1,000000000000000;1,000000000000000;1,000000000000000;1,000000000000000;1,000000000000000;1,000000000000000;1,000000000000000;1,000000000000000;1,000000000000000
2022-03-12;alle;35;35,0;35;35;35;35;35;35;35;35;35;35;292;292,0;292;292;292;292;292;292;292;292,0;292,0;292,0;NA;NA;NA;NA;NA;NA;NA;NA;NA;NA;NA
2022-03-11;0-60;22;22,0;22;22;22;22;22;22;22;22;22;22;111;111,0;111;111;111;111;111;111;111;111,0;111,0;111,0;1,000000000000000;1,000000000000000;1,000000000000000;1,000000000000000;1,000000000000000;1,000000000000000;1,000000000000000;1,000000000000000;1,000000000000000;1,000000000000000;1,000000000000000
2022-03-11;60+;36;36,0;36;36;36;36;36;36;36;36;36;36;195;195,0;195;195;195;195;195;195;195;195,0;195,0;195,0;1,000000000000000;1,000000000000000;1,000000000000000;1,000000000000000;1,000000000000000;1,000000000000000;1,000000000000000;1,000000000000000;1,000000000000000;1,000000000000000;1,000000000000000
2022-03-11;alle;58;58,0;58;58;58;58;58;58;58;58;58;58;306;306,0;306;306;306;306;306;306;306;306,0;306,0;306,0;NA;NA;NA;NA;NA;NA;NA;NA;NA;NA;NA
2022-03-10;0-60;27;27,0;27;27;27;27;27;27;27;27;27;27;99;99,0;99;99;99;99;99;99;99;99,0;99,0;99,0;1,000000000000000;1,000000000000000;1,000000000000000;1,000000000000000;1,000000000000000;1,000000000000000;1,000000000000000;1,000000000000000;1,000000000000000;1,000000000000000;1,000000000000000
2022-03-10;60+;33;33,0;33;33;33;33;33;33;33;33;33;33;189;189,0;189;189;189;189;189;189;189;189,0;189,0;189,0;1,000000000000000;1,000000000000000;1,000000000000000;1,000000000000000;1,000000000000000;1,000000000000000;1,000000000000000;1,000000000000000;1,000000000000000;1,000000000000000;1,000000000000000
2022-03-10;alle;60;60,0;60;60;60;60;60;60;60;60;60;60;288;288,0;288;288;288;288;288;288;288;288,0;288,0;288,0;NA;NA;NA;NA;NA;NA;NA;NA;NA;NA;NA
2022-03-09;0-60;20;20,0;20;20;20;20;20;20;20;20;20;20;87;87,0;87;87;87;87;87;87;87;87,0;87,0;87,0;1,000000000000000;1,000000000000000;1,000000000000000;1,000000000000000;1,000000000000000;1,000000000000000;1,000000000000000;1,000000000000000;1,000000000000000;1,000000000000000;1,000000000000000
2022-03-09;60+;37;37,0;37;37;37;37;37;37;37;37;37;37;180;180,0;180;180;180;180;180;180;180;180,0;180,0;180,0;1,000000000000000;1,000000000000000;1,000000000000000;1,000000000000000;1,000000000000000;1,000000000000000;1,000000000000000;1,000000000000000;1,000000000000000;1,000000000000000;1,000000000000000
2022-03-09;alle;57;57,0;57;57;57;57;57;57;57;57;57;57;267;267,0;267;267;267;267;267;267;267;267,0;267,0;267,0;NA;NA;NA;NA;NA;NA;NA;NA;NA;NA;NA
2022-03-08;0-60;18;18,0;18;18;18;18;18;18;18;18;18;18;88;88,0;88;88;88;88;88;88;88;88,0;88,0;88,0;1,000000000000000;1,000000000000000;1,000000000000000;1,000000000000000;1,000000000000000;1,000000000000000;1,000000000000000;1,000000000000000;1,000000000000000;1,000000000000000;1,000000000000000
2022-03-08;60+;32;32,0;32;32;32;32;32;32;32;32;32;32;176;176,0;176;176;176;176;176;176;176;176,0;176,0;176,0;1,000000000000000;1,000000000000000;1,000000000000000;1,000000000000000;1,000000000000000;1,000000000000000;1,000000000000000;1,000000000000000;1,000000000000000;1,000000000000000;1,000000000000000
2022-03-08;alle;50;50,0;50;50;50;50;50;50;50;50;50;50;264;264,0;264;264;264;264;264;264;264;264,0;264,0;264,0;NA;NA;NA;NA;NA;NA;NA;NA;NA;NA;NA
2022-03-07;0-60;10;10,0;10;10;10;10;10;10;10;10;10;10;90;90,0;90;90;90;90;90;90;90;90,0;90,0;90,0;1,000000000000000;1,000000000000000;1,000000000000000;1,000000000000000;1,000000000000000;1,000000000000000;1,000000000000000;1,000000000000000;1,000000000000000;1,000000000000000;1,000000000000000
2022-03-07;60+;10;10,0;10;10;10;10;10;10;10;10;10;10;170;170,0;170;170;170;170;170;170;170;170,0;170,0;170,0;1,000000000000000;1,000000000000000;1,000000000000000;1,000000000000000;1,000000000000000;1,000000000000000;1,000000000000000;1,000000000000000;1,000000000000000;1,000000000000000;1,000000000000000
2022-03-07;alle;20;20,0;20;20;20;20;20;20;20;20;20;20;260;260,0;260;260;260;260;260;260;260;260,0;260,0;260,0;NA;NA;NA;NA;NA;NA;NA;NA;NA;NA;NA
2022-03-06;0-60;4;4,0;4;4;4;4;4;4;4;4;4;4;82;82,0;82;82;82;82;82;82;82;82,0;82,0;82,0;1,000000000000000;1,000000000000000;1,000000000000000;1,000000000000000;1,000000000000000;1,000000000000000;1,000000000000000;1,000000000000000;1,000000000000000;1,000000000000000;1,000000000000000
2022-03-06;60+;8;8,0;8;8;8;8;8;8;8;8;8;8;172;172,0;172;172;172;172;172;172;172;172,0;172,0;172,0;1,000000000000000;1,000000000000000;1,000000000000000;1,000000000000000;1,000000000000000;1,000000000000000;1,000000000000000;1,000000000000000;1,000000000000000;1,000000000000000;1,000000000000000
2022-03-06;alle;12;12,0;12;12;12;12;12;12;12;12;12;12;254;254,0;254;254;254;254;254;254;254;254,0;254,0;254,0;NA;NA;NA;NA;NA;NA;NA;NA;NA;NA;NA
2022-03-05;0-60;10;10,0;10;10;10;10;10;10;10;10;10;10;90;90,0;90;90;90;90;90;90;90;90,0;90,0;90,0;1,000000000000000;1,000000000000000;1,000000000000000;1,000000000000000;1,000000000000000;1,000000000000000;1,000000000000000;1,000000000000000;1,000000000000000;1,000000000000000;1,000000000000000
2022-03-05;60+;39;39,0;39;39;39;39;39;39;39;39;39;39;181;181,0;181;181;181;181;181;181;181;181,0;181,0;181,0;1,000000000000000;1,000000000000000;1,000000000000000;1,000000000000000;1,000000000000000;1,000000000000000;1,000000000000000;1,000000000000000;1,000000000000000;1,000000000000000;1,000000000000000
2022-03-05;alle;49;49,0;49;49;49;49;49;49;49;49;49;49;271;271,0;271;271;271;271;271;271;271;271,0;271,0;271,0;NA;NA;NA;NA;NA;NA;NA;NA;NA;NA;NA
2022-03-04;0-60;10;10,0;10;10;10;10;10;10;10;10;10;10;89;89,0;89;89;89;89;89;89;89;89,0;89,0;89,0;1,000000000000000;1,000000000000000;1,000000000000000;1,000000000000000;1,000000000000000;1,000000000000000;1,000000000000000;1,000000000000000;1,000000000000000;1,000000000000000;1,000000000000000
2022-03-04;60+;30;30,0;30;30;30;30;30;30;30;30;30;30;174;174,0;174;174;174;174;174;174;174;174,0;174,0;174,0;1,000000000000000;1,000000000000000;1,000000000000000;1,000000000000000;1,000000000000000;1,000000000000000;1,000000000000000;1,000000000000000;1,000000000000000;1,000000000000000;1,000000000000000
2022-03-04;alle;40;40,0;40;40;40;40;40;40;40;40;40;40;263;263,0;263;263;263;263;263;263;263;263,0;263,0;263,0;NA;NA;NA;NA;NA;NA;NA;NA;NA;NA;NA
2022-03-03;0-60;15;15,0;15;15;15;15;15;15;15;15;15;15;92;92,0;92;92;92;92;92;92;92;92,0;92,0;92,0;1,000000000000000;1,000000000000000;1,000000000000000;1,000000000000000;1,000000000000000;1,000000000000000;1,000000000000000;1,000000000000000;1,000000000000000;1,000000000000000;1,000000000000000
2022-03-03;60+;24;24,0;24;24;24;24;24;24;24;24;24;24;183;183,0;183;183;183;183;183;183;183;183,0;183,0;183,0;1,000000000000000;1,000000000000000;1,000000000000000;1,000000000000000;1,000000000000000;1,000000000000000;1,000000000000000;1,000000000000000;1,000000000000000;1,000000000000000;1,000000000000000
2022-03-03;alle;39;39,0;39;39;39;39;39;39;39;39;39;39;275;275,0;275;275;275;275;275;275;275;275,0;275,0;275,0;NA;NA;NA;NA;NA;NA;NA;NA;NA;NA;NA
2022-03-02;0-60;21;21,0;21;21;21;21;21;21;21;21;21;21;93;93,0;93;93;93;93;93;93;93;93,0;93,0;93,0;1,000000000000000;1,000000000000000;1,000000000000000;1,000000000000000;1,000000000000000;1,000000000000000;1,000000000000000;1,000000000000000;1,000000000000000;1,000000000000000;1,000000000000000
2022-03-02;60+;33;33,0;33;33;33;33;33;33;33;33;33;33;186;186,0;186;186;186;186;186;186;186;186,0;186,0;186,0;1,000000000000000;1,000000000000000;1,000000000000000;1,000000000000000;1,000000000000000;1,000000000000000;1,000000000000000;1,000000000000000;1,000000000000000;1,000000000000000;1,000000000000000
2022-03-02;alle;54;54,0;54;54;54;54;54;54;54;54;54;54;279;279,0;279;279;279;279;279;279;279;279,0;279,0;279,0;NA;NA;NA;NA;NA;NA;NA;NA;NA;NA;NA
2022-03-01;0-60;20;20,0;20;20;20;20;20;20;20;20;20;20;89;89,0;89;89;89;89;89;89;89;89,0;89,0;89,0;1,000000000000000;1,000000000000000;1,000000000000000;1,000000000000000;1,000000000000000;1,000000000000000;1,000000000000000;1,000000000000000;1,000000000000000;1,000000000000000;1,000000000000000
2022-03-01;60+;26;26,0;26;26;26;26;26;26;26;26;26;26;187;187,0;187;187;187;187;187;187;187;187,0;187,0;187,0;1,000000000000000;1,000000000000000;1,000000000000000;1,000000000000000;1,000000000000000;1,000000000000000;1,000000000000000;1,000000000000000;1,000000000000000;1,000000000000000;1,000000000000000
2022-03-01;alle;46;46,0;46;46;46;46;46;46;46;46;46;46;276;276,0;276;276;276;276;276;276;276;276,0;276,0;276,0;NA;NA;NA;NA;NA;NA;NA;NA;NA;NA;NA
2022-02-28;0-60;2;2,0;2;2;2;2;2;2;2;2;2;2;93;93,0;93;93;93;93;93;93;93;93,0;93,0;93,0;1,000000000000000;1,000000000000000;1,000000000000000;1,000000000000000;1,000000000000000;1,000000000000000;1,000000000000000;1,000000000000000;1,000000000000000;1,000000000000000;1,000000000000000
2022-02-28;60+;12;12,0;12;12;12;12;12;12;12;12;12;12;190;190,0;190;190;190;190;190;190;190;190,0;190,0;190,0;1,000000000000000;1,000000000000000;1,000000000000000;1,000000000000000;1,000000000000000;1,000000000000000;1,000000000000000;1,000000000000000;1,000000000000000;1,000000000000000;1,000000000000000
2022-02-28;alle;14;14,0;14;14;14;14;14;14;14;14;14;14;283;283,0;283;283;283;283;283;283;283;283,0;283,0;283,0;NA;NA;NA;NA;NA;NA;NA;NA;NA;NA;NA
2022-02-27;0-60;12;12,0;12;12;12;12;12;12;12;12;12;12;95;95,0;95;95;95;95;95;95;95;95,0;95,0;95,0;1,000000000000000;1,000000000000000;1,000000000000000;1,000000000000000;1,000000000000000;1,000000000000000;1,000000000000000;1,000000000000000;1,000000000000000;1,000000000000000;1,000000000000000
2022-02-27;60+;17;17,0;17;17;17;17;17;17;17;17;17;17;182;182,0;182;182;182;182;182;182;182;182,0;182,0;182,0;1,000000000000000;1,000000000000000;1,000000000000000;1,000000000000000;1,000000000000000;1,000000000000000;1,000000000000000;1,000000000000000;1,000000000000000;1,000000000000000;1,000000000000000
2022-02-27;alle;29;29,0;29;29;29;29;29;29;29;29;29;29;277;277,0;277;277;277;277;277;277;277;277,0;277,0;277,0;NA;NA;NA;NA;NA;NA;NA;NA;NA;NA;NA
2022-02-26;0-60;9;9,0;9;9;9;9;9;9;9;9;9;9;90;90,0;90;90;90;90;90;90;90;90,0;90,0;90,0;1,000000000000000;1,000000000000000;1,000000000000000;1,000000000000000;1,000000000000000;1,000000000000000;1,000000000000000;1,000000000000000;1,000000000000000;1,000000000000000;1,000000000000000
2022-02-26;60+;32;32,0;32;32;32;32;32;32;32;32;32;32;180;180,0;180;180;180;180;180;180;180;180,0;180,0;180,0;1,000000000000000;1,000000000000000;1,000000000000000;1,000000000000000;1,000000000000000;1,000000000000000;1,000000000000000;1,000000000000000;1,000000000000000;1,000000000000000;1,000000000000000
2022-02-26;alle;41;41,0;41;41;41;41;41;41;41;41;41;41;270;270,0;270;270;270;270;270;270;270;270,0;270,0;270,0;NA;NA;NA;NA;NA;NA;NA;NA;NA;NA;NA
2022-02-25;0-60;13;13,0;13;13;13;13;13;13;13;13;13;13;103;103,0;103;103;103;103;103;103;103;103,0;103,0;103,0;1,000000000000000;1,000000000000000;1,000000000000000;1,000000000000000;1,000000000000000;1,000000000000000;1,000000000000000;1,000000000000000;1,000000000000000;1,000000000000000;1,000000000000000
2022-02-25;60+;39;39,0;39;39;39;39;39;39;39;39;39;39;180;180,0;180;180;180;180;180;180;180;180,0;180,0;180,0;1,000000000000000;1,000000000000000;1,000000000000000;1,000000000000000;1,000000000000000;1,000000000000000;1,000000000000000;1,000000000000000;1,000000000000000;1,000000000000000;1,000000000000000
2022-02-25;alle;52;52,0;52;52;52;52;52;52;52;52;52;52;283;283,0;283;283;283;283;283;283;283;283,0;283,0;283,0;NA;NA;NA;NA;NA;NA;NA;NA;NA;NA;NA
2022-02-24;0-60;16;16,0;16;16;16;16;16;16;16;16;16;16;105;105,0;105;105;105;105;105;105;105;105,0;105,0;105,0;1,000000000000000;1,000000000000000;1,000000000000000;1,000000000000000;1,000000000000000;1,000000000000000;1,000000000000000;1,000000000000000;1,000000000000000;1,000000000000000;1,000000000000000
2022-02-24;60+;27;27,0;27;27;27;27;27;27;27;27;27;27;173;173,0;173;173;173;173;173;173;173;173,0;173,0;173,0;1,000000000000000;1,000000000000000;1,000000000000000;1,000000000000000;1,000000000000000;1,000000000000000;1,000000000000000;1,000000000000000;1,000000000000000;1,000000000000000;1,000000000000000
2022-02-24;alle;43;43,0;43;43;43;43;43;43;43;43;43;43;278;278,0;278;278;278;278;278;278;278;278,0;278,0;278,0;NA;NA;NA;NA;NA;NA;NA;NA;NA;NA;NA
2022-02-23;0-60;17;17,0;17;17;17;17;17;17;17;17;17;17;110;110,0;110;110;110;110;110;110;110;110,0;110,0;110,0;1,000000000000000;1,000000000000000;1,000000000000000;1,000000000000000;1,000000000000000;1,000000000000000;1,000000000000000;1,000000000000000;1,000000000000000;1,000000000000000;1,000000000000000
2022-02-23;60+;34;34,0;34;34;34;34;34;34;34;34;34;34;175;175,0;175;175;175;175;175;175;175;175,0;175,0;175,0;1,000000000000000;1,000000000000000;1,000000000000000;1,000000000000000;1,000000000000000;1,000000000000000;1,000000000000000;1,000000000000000;1,000000000000000;1,000000000000000;1,000000000000000
2022-02-23;alle;51;51,0;51;51;51;51;51;51;51;51;51;51;285;285,0;285;285;285;285;285;285;285;285,0;285,0;285,0;NA;NA;NA;NA;NA;NA;NA;NA;NA;NA;NA
2022-02-22;0-60;24;24,0;24;24;24;24;24;24;24;24;24;24;120;120,0;120;120;120;120;120;120;120;120,0;120,0;120,0;1,000000000000000;1,000000000000000;1,000000000000000;1,000000000000000;1,000000000000000;1,000000000000000;1,000000000000000;1,000000000000000;1,000000000000000;1,000000000000000;1,000000000000000
2022-02-22;60+;29;29,0;29;29;29;29;29;29;29;29;29;29;173;173,0;173;173;173;173;173;173;173;173,0;173,0;173,0;1,000000000000000;1,000000000000000;1,000000000000000;1,000000000000000;1,000000000000000;1,000000000000000;1,000000000000000;1,000000000000000;1,000000000000000;1,000000000000000;1,000000000000000
2022-02-22;alle;53;53,0;53;53;53;53;53;53;53;53;53;53;293;293,0;293;293;293;293;293;293;293;293,0;293,0;293,0;NA;NA;NA;NA;NA;NA;NA;NA;NA;NA;NA
2022-02-21;0-60;4;4,0;4;4;4;4;4;4;4;4;4;4;114;114,0;114;114;114;114;114;114;114;114,0;114,0;114,0;1,000000000000000;1,000000000000000;1,000000000000000;1,000000000000000;1,000000000000000;1,000000000000000;1,000000000000000;1,000000000000000;1,000000000000000;1,000000000000000;1,000000000000000
2022-02-21;60+;4;4,0;4;4;4;4;4;4;4;4;4;4;177;177,0;177;177;177;177;177;177;177;177,0;177,0;177,0;1,000000000000000;1,000000000000000;1,000000000000000;1,000000000000000;1,000000000000000;1,000000000000000;1,000000000000000;1,000000000000000;1,000000000000000;1,000000000000000;1,000000000000000
2022-02-21;alle;8;8,0;8;8;8;8;8;8;8;8;8;8;291;291,0;291;291;291;291;291;291;291;291,0;291,0;291,0;NA;NA;NA;NA;NA;NA;NA;NA;NA;NA;NA
2022-02-20;0-60;7;7,0;7;7;7;7;7;7;7;7;7;7;113;113,0;113;113;113;113;113;113;113;113,0;113,0;113,0;1,000000000000000;1,000000000000000;1,000000000000000;1,000000000000000;1,000000000000000;1,000000000000000;1,000000000000000;1,000000000000000;1,000000000000000;1,000000000000000;1,000000000000000
2022-02-20;60+;15;15,0;15;15;15;15;15;15;15;15;15;15;180;180,0;180;180;180;180;180;180;180;180,0;180,0;180,0;1,000000000000000;1,000000000000000;1,000000000000000;1,000000000000000;1,000000000000000;1,000000000000000;1,000000000000000;1,000000000000000;1,000000000000000;1,000000000000000;1,000000000000000
2022-02-20;alle;22;22,0;22;22;22;22;22;22;22;22;22;22;293;293,0;293;293;293;293;293;293;293;293,0;293,0;293,0;NA;NA;NA;NA;NA;NA;NA;NA;NA;NA;NA
2022-02-19;0-60;22;22,0;22;22;22;22;22;22;22;22;22;22;114;114,0;114;114;114;114;114;114;114;114,0;114,0;114,0;1,000000000000000;1,000000000000000;1,000000000000000;1,000000000000000;1,000000000000000;1,000000000000000;1,000000000000000;1,000000000000000;1,000000000000000;1,000000000000000;1,000000000000000
2022-02-19;60+;32;32,0;32;32;32;32;32;32;32;32;32;32;169;169,0;169;169;169;169;169;169;169;169,0;169,0;169,0;1,000000000000000;1,000000000000000;1,000000000000000;1,000000000000000;1,000000000000000;1,000000000000000;1,000000000000000;1,000000000000000;1,000000000000000;1,000000000000000;1,000000000000000
2022-02-19;alle;54;54,0;54;54;54;54;54;54;54;54;54;54;283;283,0;283;283;283;283;283;283;283;283,0;283,0;283,0;NA;NA;NA;NA;NA;NA;NA;NA;NA;NA;NA
2022-02-18;0-60;15;15,0;15;15;15;15;15;15;15;15;15;15;114;114,0;114;114;114;114;114;114;114;114,0;114,0;114,0;1,000000000000000;1,000000000000000;1,000000000000000;1,000000000000000;1,000000000000000;1,000000000000000;1,000000000000000;1,000000000000000;1,000000000000000;1,000000000000000;1,000000000000000
2022-02-18;60+;32;32,0;32;32;32;32;32;32;32;32;32;32;152;152,0;152;152;152;152;152;152;152;152,0;152,0;152,0;1,000000000000000;1,000000000000000;1,000000000000000;1,000000000000000;1,000000000000000;1,000000000000000;1,000000000000000;1,000000000000000;1,000000000000000;1,000000000000000;1,000000000000000
2022-02-18;alle;47;47,0;47;47;47;47;47;47;47;47;47;47;266;266,0;266;266;266;266;266;266;266;266,0;266,0;266,0;NA;NA;NA;NA;NA;NA;NA;NA;NA;NA;NA
2022-02-17;0-60;21;21,0;21;21;21;21;21;21;21;21;21;21;120;120,0;120;120;120;120;120;120;120;120,0;120,0;120,0;1,000000000000000;1,000000000000000;1,000000000000000;1,000000000000000;1,000000000000000;1,000000000000000;1,000000000000000;1,000000000000000;1,000000000000000;1,000000000000000;1,000000000000000
2022-02-17;60+;29;29,0;29;29;29;29;29;29;29;29;29;29;146;146,0;146;146;146;146;146;146;146;146,0;146,0;146,0;1,000000000000000;1,000000000000000;1,000000000000000;1,000000000000000;1,000000000000000;1,000000000000000;1,000000000000000;1,000000000000000;1,000000000000000;1,000000000000000;1,000000000000000
2022-02-17;alle;50;50,0;50;50;50;50;50;50;50;50;50;50;266;266,0;266;266;266;266;266;266;266;266,0;266,0;266,0;NA;NA;NA;NA;NA;NA;NA;NA;NA;NA;NA
2022-02-16;0-60;27;27,0;27;27;27;27;27;27;27;27;27;27;111;111,0;111;111;111;111;111;111;111;111,0;111,0;111,0;1,000000000000000;1,000000000000000;1,000000000000000;1,000000000000000;1,000000000000000;1,000000000000000;1,000000000000000;1,000000000000000;1,000000000000000;1,000000000000000;1,000000000000000
2022-02-16;60+;32;32,0;32;32;32;32;32;32;32;32;32;32;148;148,0;148;148;148;148;148;148;148;148,0;148,0;148,0;1,000000000000000;1,000000000000000;1,000000000000000;1,000000000000000;1,000000000000000;1,000000000000000;1,000000000000000;1,000000000000000;1,000000000000000;1,000000000000000;1,000000000000000
2022-02-16;alle;59;59,0;59;59;59;59;59;59;59;59;59;59;259;259,0;259;259;259;259;259;259;259;259,0;259,0;259,0;NA;NA;NA;NA;NA;NA;NA;NA;NA;NA;NA
2022-02-15;0-60;18;18,0;18;18;18;18;18;18;18;18;18;18;106;106,0;106;106;106;106;106;106;106;106,0;106,0;106,0;1,000000000000000;1,000000000000000;1,000000000000000;1,000000000000000;1,000000000000000;1,000000000000000;1,000000000000000;1,000000000000000;1,000000000000000;1,000000000000000;1,000000000000000
2022-02-15;60+;33;33,0;33;33;33;33;33;33;33;33;33;33;162;162,0;162;162;162;162;162;162;162;162,0;162,0;162,0;1,000000000000000;1,000000000000000;1,000000000000000;1,000000000000000;1,000000000000000;1,000000000000000;1,000000000000000;1,000000000000000;1,000000000000000;1,000000000000000;1,000000000000000
2022-02-15;alle;51;51,0;51;51;51;51;51;51;51;51;51;51;268;268,0;268;268;268;268;268;268;268;268,0;268,0;268,0;NA;NA;NA;NA;NA;NA;NA;NA;NA;NA;NA
2022-02-14;0-60;3;3,0;3;3;3;3;3;3;3;3;3;3;106;106,0;106;106;106;106;106;106;106;106,0;106,0;106,0;1,000000000000000;1,000000000000000;1,000000000000000;1,000000000000000;1,000000000000000;1,000000000000000;1,000000000000000;1,000000000000000;1,000000000000000;1,000000000000000;1,000000000000000
2022-02-14;60+;7;7,0;7;7;7;7;7;7;7;7;7;7;165;165,0;165;165;165;165;165;165;165;165,0;165,0;165,0;1,000000000000000;1,000000000000000;1,000000000000000;1,000000000000000;1,000000000000000;1,000000000000000;1,000000000000000;1,000000000000000;1,000000000000000;1,000000000000000;1,000000000000000
2022-02-14;alle;10;10,0;10;10;10;10;10;10;10;10;10;10;271;271,0;271;271;271;271;271;271;271;271,0;271,0;271,0;NA;NA;NA;NA;NA;NA;NA;NA;NA;NA;NA
2022-02-13;0-60;8;8,0;8;8;8;8;8;8;8;8;8;8;110;110,0;110;110;110;110;110;110;110;110,0;110,0;110,0;1,000000000000000;1,000000000000000;1,000000000000000;1,000000000000000;1,000000000000000;1,000000000000000;1,000000000000000;1,000000000000000;1,000000000000000;1,000000000000000;1,000000000000000
2022-02-13;60+;4;4,0;4;4;4;4;4;4;4;4;4;4;165;165,0;165;165;165;165;165;165;165;165,0;165,0;165,0;1,000000000000000;1,000000000000000;1,000000000000000;1,000000000000000;1,000000000000000;1,000000000000000;1,000000000000000;1,000000000000000;1,000000000000000;1,000000000000000;1,000000000000000
2022-02-13;alle;12;12,0;12;12;12;12;12;12;12;12;12;12;275;275,0;275;275;275;275;275;275;275;275,0;275,0;275,0;NA;NA;NA;NA;NA;NA;NA;NA;NA;NA;NA
2022-02-12;0-60;22;22,0;22;22;22;22;22;22;22;22;22;22;118;118,0;118;118;118;118;118;118;118;118,0;118,0;118,0;1,000000000000000;1,000000000000000;1,000000000000000;1,000000000000000;1,000000000000000;1,000000000000000;1,000000000000000;1,000000000000000;1,000000000000000;1,000000000000000;1,000000000000000
2022-02-12;60+;15;15,0;15;15;15;15;15;15;15;15;15;15;174;174,0;174;174;174;174;174;174;174;174,0;174,0;174,0;1,000000000000000;1,000000000000000;1,000000000000000;1,000000000000000;1,000000000000000;1,000000000000000;1,000000000000000;1,000000000000000;1,000000000000000;1,000000000000000;1,000000000000000
2022-02-12;alle;37;37,0;37;37;37;37;37;37;37;37;37;37;292;292,0;292;292;292;292;292;292;292;292,0;292,0;292,0;NA;NA;NA;NA;NA;NA;NA;NA;NA;NA;NA
2022-02-11;0-60;21;21,0;21;21;21;21;21;21;21;21;21;21;113;113,0;113;113;113;113;113;113;113;113,0;113,0;113,0;1,000000000000000;1,000000000000000;1,000000000000000;1,000000000000000;1,000000000000000;1,000000000000000;1,000000000000000;1,000000000000000;1,000000000000000;1,000000000000000;1,000000000000000
2022-02-11;60+;26;26,0;26;26;26;26;26;26;26;26;26;26;189;189,0;189;189;189;189;189;189;189;189,0;189,0;189,0;1,000000000000000;1,000000000000000;1,000000000000000;1,000000000000000;1,000000000000000;1,000000000000000;1,000000000000000;1,000000000000000;1,000000000000000;1,000000000000000;1,000000000000000
2022-02-11;alle;47;47,0;47;47;47;47;47;47;47;47;47;47;302;302,0;302;302;302;302;302;302;302;302,0;302,0;302,0;NA;NA;NA;NA;NA;NA;NA;NA;NA;NA;NA
2022-02-10;0-60;12;12,0;12;12;12;12;12;12;12;12;12;12;111;111,0;111;111;111;111;111;111;111;111,0;111,0;111,0;1,000000000000000;1,000000000000000;1,000000000000000;1,000000000000000;1,000000000000000;1,000000000000000;1,000000000000000;1,000000000000000;1,000000000000000;1,000000000000000;1,000000000000000
2022-02-10;60+;31;31,0;31;31;31;31;31;31;31;31;31;31;195;195,0;195;195;195;195;195;195;195;195,0;195,0;195,0;1,000000000000000;1,000000000000000;1,000000000000000;1,000000000000000;1,000000000000000;1,000000000000000;1,000000000000000;1,000000000000000;1,000000000000000;1,000000000000000;1,000000000000000
2022-02-10;alle;43;43,0;43;43;43;43;43;43;43;43;43;43;306;306,0;306;306;306;306;306;306;306;306,0;306,0;306,0;NA;NA;NA;NA;NA;NA;NA;NA;NA;NA;NA
2022-02-09;0-60;22;22,0;22;22;22;22;22;22;22;22;22;22;120;120,0;120;120;120;120;120;120;120;120,0;120,0;120,0;1,000000000000000;1,000000000000000;1,000000000000000;1,000000000000000;1,000000000000000;1,000000000000000;1,000000000000000;1,000000000000000;1,000000000000000;1,000000000000000;1,000000000000000
2022-02-09;60+;46;46,0;46;46;46;46;46;46;46;46;46;46;189;189,0;189;189;189;189;189;189;189;189,0;189,0;189,0;1,000000000000000;1,000000000000000;1,000000000000000;1,000000000000000;1,000000000000000;1,000000000000000;1,000000000000000;1,000000000000000;1,000000000000000;1,000000000000000;1,000000000000000
2022-02-09;alle;68;68,0;68;68;68;68;68;68;68;68;68;68;309;309,0;309;309;309;309;309;309;309;309,0;309,0;309,0;NA;NA;NA;NA;NA;NA;NA;NA;NA;NA;NA
2022-02-08;0-60;18;18,0;18;18;18;18;18;18;18;18;18;18;125;125,0;125;125;125;125;125;125;125;125,0;125,0;125,0;1,000000000000000;1,000000000000000;1,000000000000000;1,000000000000000;1,000000000000000;1,000000000000000;1,000000000000000;1,000000000000000;1,000000000000000;1,000000000000000;1,000000000000000
2022-02-08;60+;36;36,0;36;36;36;36;36;36;36;36;36;36;180;180,0;180;180;180;180;180;180;180;180,0;180,0;180,0;1,000000000000000;1,000000000000000;1,000000000000000;1,000000000000000;1,000000000000000;1,000000000000000;1,000000000000000;1,000000000000000;1,000000000000000;1,000000000000000;1,000000000000000
2022-02-08;alle;54;54,0;54;54;54;54;54;54;54;54;54;54;305;305,0;305;305;305;305;305;305;305;305,0;305,0;305,0;NA;NA;NA;NA;NA;NA;NA;NA;NA;NA;NA
2022-02-07;0-60;7;7,0;7;7;7;7;7;7;7;7;7;7;128;128,0;128;128;128;128;128;128;128;128,0;128,0;128,0;1,000000000000000;1,000000000000000;1,000000000000000;1,000000000000000;1,000000000000000;1,000000000000000;1,000000000000000;1,000000000000000;1,000000000000000;1,000000000000000;1,000000000000000
2022-02-07;60+;7;7,0;7;7;7;7;7;7;7;7;7;7;176;176,0;176;176;176;176;176;176;176;176,0;176,0;176,0;1,000000000000000;1,000000000000000;1,000000000000000;1,000000000000000;1,000000000000000;1,000000000000000;1,000000000000000;1,000000000000000;1,000000000000000;1,000000000000000;1,000000000000000
2022-02-07;alle;14;14,0;14;14;14;14;14;14;14;14;14;14;304;304,0;304;304;304;304;304;304;304;304,0;304,0;304,0;NA;NA;NA;NA;NA;NA;NA;NA;NA;NA;NA
2022-02-06;0-60;16;16,0;16;16;16;16;16;16;16;16;16;16;127;127,0;127;127;127;127;127;127;127;127,0;127,0;127,0;1,000000000000000;1,000000000000000;1,000000000000000;1,000000000000000;1,000000000000000;1,000000000000000;1,000000000000000;1,000000000000000;1,000000000000000;1,000000000000000;1,000000000000000
2022-02-06;60+;13;13,0;13;13;13;13;13;13;13;13;13;13;172;172,0;172;172;172;172;172;172;172;172,0;172,0;172,0;1,000000000000000;1,000000000000000;1,000000000000000;1,000000000000000;1,000000000000000;1,000000000000000;1,000000000000000;1,000000000000000;1,000000000000000;1,000000000000000;1,000000000000000
2022-02-06;alle;29;29,0;29;29;29;29;29;29;29;29;29;29;299;299,0;299;299;299;299;299;299;299;299,0;299,0;299,0;NA;NA;NA;NA;NA;NA;NA;NA;NA;NA;NA
2022-02-05;0-60;17;17,0;17;17;17;17;17;17;17;17;17;17;120;120,0;120;120;120;120;120;120;120;120,0;120,0;120,0;1,000000000000000;1,000000000000000;1,000000000000000;1,000000000000000;1,000000000000000;1,000000000000000;1,000000000000000;1,000000000000000;1,000000000000000;1,000000000000000;1,000000000000000
2022-02-05;60+;30;30,0;30;30;30;30;30;30;30;30;30;30;169;169,0;169;169;169;169;169;169;169;169,0;169,0;169,0;1,000000000000000;1,000000000000000;1,000000000000000;1,000000000000000;1,000000000000000;1,000000000000000;1,000000000000000;1,000000000000000;1,000000000000000;1,000000000000000;1,000000000000000
2022-02-05;alle;47;47,0;47;47;47;47;47;47;47;47;47;47;289;289,0;289;289;289;289;289;289;289;289,0;289,0;289,0;NA;NA;NA;NA;NA;NA;NA;NA;NA;NA;NA
2022-02-04;0-60;19;19,0;19;19;19;19;19;19;19;19;19;19;114;114,0;114;114;114;114;114;114;114;114,0;114,0;114,0;1,000000000000000;1,000000000000000;1,000000000000000;1,000000000000000;1,000000000000000;1,000000000000000;1,000000000000000;1,000000000000000;1,000000000000000;1,000000000000000;1,000000000000000
2022-02-04;60+;32;32,0;32;32;32;32;32;32;32;32;32;32;159;159,0;159;159;159;159;159;159;159;159,0;159,0;159,0;1,000000000000000;1,000000000000000;1,000000000000000;1,000000000000000;1,000000000000000;1,000000000000000;1,000000000000000;1,000000000000000;1,000000000000000;1,000000000000000;1,000000000000000
2022-02-04;alle;51;51,0;51;51;51;51;51;51;51;51;51;51;273;273,0;273;273;273;273;273;273;273;273,0;273,0;273,0;NA;NA;NA;NA;NA;NA;NA;NA;NA;NA;NA
2022-02-03;0-60;21;21,0;21;21;21;21;21;21;21;21;21;21;120;120,0;120;120;120;120;120;120;120;120,0;120,0;120,0;1,000000000000000;1,000000000000000;1,000000000000000;1,000000000000000;1,000000000000000;1,000000000000000;1,000000000000000;1,000000000000000;1,000000000000000;1,000000000000000;1,000000000000000
2022-02-03;60+;25;25,0;25;25;25;25;25;25;25;25;25;25;157;157,0;157;157;157;157;157;157;157;157,0;157,0;157,0;1,000000000000000;1,000000000000000;1,000000000000000;1,000000000000000;1,000000000000000;1,000000000000000;1,000000000000000;1,000000000000000;1,000000000000000;1,000000000000000;1,000000000000000
2022-02-03;alle;46;46,0;46;46;46;46;46;46;46;46;46;46;277;277,0;277;277;277;277;277;277;277;277,0;277,0;277,0;NA;NA;NA;NA;NA;NA;NA;NA;NA;NA;NA
2022-02-02;0-60;27;27,0;27;27;27;27;27;27;27;27;27;27;125;125,0;125;125;125;125;125;125;125;125,0;125,0;125,0;1,000000000000000;1,000000000000000;1,000000000000000;1,000000000000000;1,000000000000000;1,000000000000000;1,000000000000000;1,000000000000000;1,000000000000000;1,000000000000000;1,000000000000000
2022-02-02;60+;37;37,0;37;37;37;37;37;37;37;37;37;37;162;162,0;162;162;162;162;162;162;162;162,0;162,0;162,0;1,000000000000000;1,000000000000000;1,000000000000000;1,000000000000000;1,000000000000000;1,000000000000000;1,000000000000000;1,000000000000000;1,000000000000000;1,000000000000000;1,000000000000000
2022-02-02;alle;64;64,0;64;64;64;64;64;64;64;64;64;64;287;287,0;287;287;287;287;287;287;287;287,0;287,0;287,0;NA;NA;NA;NA;NA;NA;NA;NA;NA;NA;NA
2022-02-01;0-60;21;21,0;21;21;21;21;21;21;21;21;21;21;129;129,0;129;129;129;129;129;129;129;129,0;129,0;129,0;1,000000000000000;1,000000000000000;1,000000000000000;1,000000000000000;1,000000000000000;1,000000000000000;1,000000000000000;1,000000000000000;1,000000000000000;1,000000000000000;1,000000000000000
2022-02-01;60+;32;32,0;32;32;32;32;32;32;32;32;32;32;154;154,0;154;154;154;154;154;154;154;154,0;154,0;154,0;1,000000000000000;1,000000000000000;1,000000000000000;1,000000000000000;1,000000000000000;1,000000000000000;1,000000000000000;1,000000000000000;1,000000000000000;1,000000000000000;1,000000000000000
2022-02-01;alle;53;53,0;53;53;53;53;53;53;53;53;53;53;283;283,0;283;283;283;283;283;283;283;283,0;283,0;283,0;NA;NA;NA;NA;NA;NA;NA;NA;NA;NA;NA
2022-01-31;0-60;6;6,0;6;6;6;6;6;6;6;6;6;6;137;137,0;137;137;137;137;137;137;137;137,0;137,0;137,0;1,000000000000000;1,000000000000000;1,000000000000000;1,000000000000000;1,000000000000000;1,000000000000000;1,000000000000000;1,000000000000000;1,000000000000000;1,000000000000000;1,000000000000000
2022-01-31;60+;3;3,0;3;3;3;3;3;3;3;3;3;3;157;157,0;157;157;157;157;157;157;157;157,0;157,0;157,0;1,000000000000000;1,000000000000000;1,000000000000000;1,000000000000000;1,000000000000000;1,000000000000000;1,000000000000000;1,000000000000000;1,000000000000000;1,000000000000000;1,000000000000000
2022-01-31;alle;9;9,0;9;9;9;9;9;9;9;9;9;9;294;294,0;294;294;294;294;294;294;294;294,0;294,0;294,0;NA;NA;NA;NA;NA;NA;NA;NA;NA;NA;NA
2022-01-30;0-60;9;9,0;9;9;9;9;9;9;9;9;9;9;142;142,0;142;142;142;142;142;142;142;142,0;142,0;142,0;1,000000000000000;1,000000000000000;1,000000000000000;1,000000000000000;1,000000000000000;1,000000000000000;1,000000000000000;1,000000000000000;1,000000000000000;1,000000000000000;1,000000000000000
2022-01-30;60+;10;10,0;10;10;10;10;10;10;10;10;10;10;164;164,0;164;164;164;164;164;164;164;164,0;164,0;164,0;1,000000000000000;1,000000000000000;1,000000000000000;1,000000000000000;1,000000000000000;1,000000000000000;1,000000000000000;1,000000000000000;1,000000000000000;1,000000000000000;1,000000000000000
2022-01-30;alle;19;19,0;19;19;19;19;19;19;19;19;19;19;306;306,0;306;306;306;306;306;306;306;306,0;306,0;306,0;NA;NA;NA;NA;NA;NA;NA;NA;NA;NA;NA
2022-01-29;0-60;11;11,0;11;11;11;11;11;11;11;11;11;11;142;142,0;142;142;142;142;142;142;142;142,0;142,0;142,0;1,000000000000000;1,000000000000000;1,000000000000000;1,000000000000000;1,000000000000000;1,000000000000000;1,000000000000000;1,000000000000000;1,000000000000000;1,000000000000000;1,000000000000000
2022-01-29;60+;20;20,0;20;20;20;20;20;20;20;20;20;20;170;170,0;170;170;170;170;170;170;170;170,0;170,0;170,0;1,000000000000000;1,000000000000000;1,000000000000000;1,000000000000000;1,000000000000000;1,000000000000000;1,000000000000000;1,000000000000000;1,000000000000000;1,000000000000000;1,000000000000000
2022-01-29;alle;31;31,0;31;31;31;31;31;31;31;31;31;31;312;312,0;312;312;312;312;312;312;312;312,0;312,0;312,0;NA;NA;NA;NA;NA;NA;NA;NA;NA;NA;NA
2022-01-28;0-60;25;25,0;25;25;25;25;25;25;25;25;25;25;148;148,0;148;148;148;148;148;148;148;148,0;148,0;148,0;1,000000000000000;1,000000000000000;1,000000000000000;1,000000000000000;1,000000000000000;1,000000000000000;1,000000000000000;1,000000000000000;1,000000000000000;1,000000000000000;1,000000000000000
2022-01-28;60+;30;30,0;30;30;30;30;30;30;30;30;30;30;183;183,0;183;183;183;183;183;183;183;183,0;183,0;183,0;1,000000000000000;1,000000000000000;1,000000000000000;1,000000000000000;1,000000000000000;1,000000000000000;1,000000000000000;1,000000000000000;1,000000000000000;1,000000000000000;1,000000000000000
2022-01-28;alle;55;55,0;55;55;55;55;55;55;55;55;55;55;331;331,0;331;331;331;331;331;331;331;331,0;331,0;331,0;NA;NA;NA;NA;NA;NA;NA;NA;NA;NA;NA
2022-01-27;0-60;26;26,0;26;26;26;26;26;26;26;26;26;26;159;159,0;159;159;159;159;159;159;159;159,0;159,0;159,0;1,000000000000000;1,000000000000000;1,000000000000000;1,000000000000000;1,000000000000000;1,000000000000000;1,000000000000000;1,000000000000000;1,000000000000000;1,000000000000000;1,000000000000000
2022-01-27;60+;30;30,0;30;30;30;30;30;30;30;30;30;30;179;179,0;179;179;179;179;179;179;179;179,0;179,0;179,0;1,000000000000000;1,000000000000000;1,000000000000000;1,000000000000000;1,000000000000000;1,000000000000000;1,000000000000000;1,000000000000000;1,000000000000000;1,000000000000000;1,000000000000000
2022-01-27;alle;56;56,0;56;56;56;56;56;56;56;56;56;56;338;338,0;338;338;338;338;338;338;338;338,0;338,0;338,0;NA;NA;NA;NA;NA;NA;NA;NA;NA;NA;NA
2022-01-26;0-60;31;31,0;31;31;31;31;31;31;31;31;31;31;164;164,0;164;164;164;164;164;164;164;164,0;164,0;164,0;1,000000000000000;1,000000000000000;1,000000000000000;1,000000000000000;1,000000000000000;1,000000000000000;1,000000000000000;1,000000000000000;1,000000000000000;1,000000000000000;1,000000000000000
2022-01-26;60+;29;29,0;29;29;29;29;29;29;29;29;29;29;171;171,0;171;171;171;171;171;171;171;171,0;171,0;171,0;1,000000000000000;1,000000000000000;1,000000000000000;1,000000000000000;1,000000000000000;1,000000000000000;1,000000000000000;1,000000000000000;1,000000000000000;1,000000000000000;1,000000000000000
2022-01-26;alle;60;60,0;60;60;60;60;60;60;60;60;60;60;335;335,0;335;335;335;335;335;335;335;335,0;335,0;335,0;NA;NA;NA;NA;NA;NA;NA;NA;NA;NA;NA
2022-01-25;0-60;29;29,0;29;29;29;29;29;29;29;29;29;29;158;158,0;158;158;158;158;158;158;158;158,0;158,0;158,0;1,000000000000000;1,000000000000000;1,000000000000000;1,000000000000000;1,000000000000000;1,000000000000000;1,000000000000000;1,000000000000000;1,000000000000000;1,000000000000000;1,000000000000000
2022-01-25;60+;35;35,0;35;35;35;35;35;35;35;35;35;35;172;172,0;172;172;172;172;172;172;172;172,0;172,0;172,0;1,000000000000000;1,000000000000000;1,000000000000000;1,000000000000000;1,000000000000000;1,000000000000000;1,000000000000000;1,000000000000000;1,000000000000000;1,000000000000000;1,000000000000000
2022-01-25;alle;64;64,0;64;64;64;64;64;64;64;64;64;64;330;330,0;330;330;330;330;330;330;330;330,0;330,0;330,0;NA;NA;NA;NA;NA;NA;NA;NA;NA;NA;NA
2022-01-24;0-60;11;11,0;11;11;11;11;11;11;11;11;11;11;154;154,0;154;154;154;154;154;154;154;154,0;154,0;154,0;1,000000000000000;1,000000000000000;1,000000000000000;1,000000000000000;1,000000000000000;1,000000000000000;1,000000000000000;1,000000000000000;1,000000000000000;1,000000000000000;1,000000000000000
2022-01-24;60+;10;10,0;10;10;10;10;10;10;10;10;10;10;161;161,0;161;161;161;161;161;161;161;161,0;161,0;161,0;1,000000000000000;1,000000000000000;1,000000000000000;1,000000000000000;1,000000000000000;1,000000000000000;1,000000000000000;1,000000000000000;1,000000000000000;1,000000000000000;1,000000000000000
2022-01-24;alle;21;21,0;21;21;21;21;21;21;21;21;21;21;315;315,0;315;315;315;315;315;315;315;315,0;315,0;315,0;NA;NA;NA;NA;NA;NA;NA;NA;NA;NA;NA
2022-01-23;0-60;9;9,0;9;9;9;9;9;9;9;9;9;9;155;155,0;155;155;155;155;155;155;155;155,0;155,0;155,0;1,000000000000000;1,000000000000000;1,000000000000000;1,000000000000000;1,000000000000000;1,000000000000000;1,000000000000000;1,000000000000000;1,000000000000000;1,000000000000000;1,000000000000000
2022-01-23;60+;16;16,0;16;16;16;16;16;16;16;16;16;16;160;160,0;160;160;160;160;160;160;160;160,0;160,0;160,0;1,000000000000000;1,000000000000000;1,000000000000000;1,000000000000000;1,000000000000000;1,000000000000000;1,000000000000000;1,000000000000000;1,000000000000000;1,000000000000000;1,000000000000000
2022-01-23;alle;25;25,0;25;25;25;25;25;25;25;25;25;25;315;315,0;315;315;315;315;315;315;315;315,0;315,0;315,0;NA;NA;NA;NA;NA;NA;NA;NA;NA;NA;NA
2022-01-22;0-60;17;17,0;17;17;17;17;17;17;17;17;17;17;162;162,0;162;162;162;162;162;162;162;162,0;162,0;162,0;1,000000000000000;1,000000000000000;1,000000000000000;1,000000000000000;1,000000000000000;1,000000000000000;1,000000000000000;1,000000000000000;1,000000000000000;1,000000000000000;1,000000000000000
2022-01-22;60+;33;33,0;33;33;33;33;33;33;33;33;33;33;155;155,0;155;155;155;155;155;155;155;155,0;155,0;155,0;1,000000000000000;1,000000000000000;1,000000000000000;1,000000000000000;1,000000000000000;1,000000000000000;1,000000000000000;1,000000000000000;1,000000000000000;1,000000000000000;1,000000000000000
2022-01-22;alle;50;50,0;50;50;50;50;50;50;50;50;50;50;317;317,0;317;317;317;317;317;317;317;317,0;317,0;317,0;NA;NA;NA;NA;NA;NA;NA;NA;NA;NA;NA
2022-01-21;0-60;36;36,0;36;36;36;36;36;36;36;36;36;36;177;177,0;177;177;177;177;177;177;177;177,0;177,0;177,0;1,000000000000000;1,000000000000000;1,000000000000000;1,000000000000000;1,000000000000000;1,000000000000000;1,000000000000000;1,000000000000000;1,000000000000000;1,000000000000000;1,000000000000000
2022-01-21;60+;26;26,0;26;26;26;26;26;26;26;26;26;26;142;142,0;142;142;142;142;142;142;142;142,0;142,0;142,0;1,000000000000000;1,000000000000000;1,000000000000000;1,000000000000000;1,000000000000000;1,000000000000000;1,000000000000000;1,000000000000000;1,000000000000000;1,000000000000000;1,000000000000000
2022-01-21;alle;62;62,0;62;62;62;62;62;62;62;62;62;62;319;319,0;319;319;319;319;319;319;319;319,0;319,0;319,0;NA;NA;NA;NA;NA;NA;NA;NA;NA;NA;NA
2022-01-20;0-60;31;31,0;31;31;31;31;31;31;31;31;31;31;166;166,0;166;166;166;166;166;166;166;166,0;166,0;166,0;1,000000000000000;1,000000000000000;1,000000000000000;1,000000000000000;1,000000000000000;1,000000000000000;1,000000000000000;1,000000000000000;1,000000000000000;1,000000000000000;1,000000000000000
2022-01-20;60+;22;22,0;22;22;22;22;22;22;22;22;22;22;144;144,0;144;144;144;144;144;144;144;144,0;144,0;144,0;1,000000000000000;1,000000000000000;1,000000000000000;1,000000000000000;1,000000000000000;1,000000000000000;1,000000000000000;1,000000000000000;1,000000000000000;1,000000000000000;1,000000000000000
2022-01-20;alle;53;53,0;53;53;53;53;53;53;53;53;53;53;310;310,0;310;310;310;310;310;310;310;310,0;310,0;310,0;NA;NA;NA;NA;NA;NA;NA;NA;NA;NA;NA
2022-01-19;0-60;25;25,0;25;25;25;25;25;25;25;25;25;25;152;152,0;152;152;152;152;152;152;152;152,0;152,0;152,0;1,000000000000000;1,000000000000000;1,000000000000000;1,000000000000000;1,000000000000000;1,000000000000000;1,000000000000000;1,000000000000000;1,000000000000000;1,000000000000000;1,000000000000000
2022-01-19;60+;30;30,0;30;30;30;30;30;30;30;30;30;30;135;135,0;135;135;135;135;135;135;135;135,0;135,0;135,0;1,000000000000000;1,000000000000000;1,000000000000000;1,000000000000000;1,000000000000000;1,000000000000000;1,000000000000000;1,000000000000000;1,000000000000000;1,000000000000000;1,000000000000000
2022-01-19;alle;55;55,0;55;55;55;55;55;55;55;55;55;55;287;287,0;287;287;287;287;287;287;287;287,0;287,0;287,0;NA;NA;NA;NA;NA;NA;NA;NA;NA;NA;NA
2022-01-18;0-60;25;25,0;25;25;25;25;25;25;25;25;25;25;150;150,0;150;150;150;150;150;150;150;150,0;150,0;150,0;1,000000000000000;1,000000000000000;1,000000000000000;1,000000000000000;1,000000000000000;1,000000000000000;1,000000000000000;1,000000000000000;1,000000000000000;1,000000000000000;1,000000000000000
2022-01-18;60+;24;24,0;24;24;24;24;24;24;24;24;24;24;121;121,0;121;121;121;121;121;121;121;121,0;121,0;121,0;1,000000000000000;1,000000000000000;1,000000000000000;1,000000000000000;1,000000000000000;1,000000000000000;1,000000000000000;1,000000000000000;1,000000000000000;1,000000000000000;1,000000000000000
2022-01-18;alle;49;49,0;49;49;49;49;49;49;49;49;49;49;271;271,0;271;271;271;271;271;271;271;271,0;271,0;271,0;NA;NA;NA;NA;NA;NA;NA;NA;NA;NA;NA
2022-01-17;0-60;12;12,0;12;12;12;12;12;12;12;12;12;12;150;150,0;150;150;150;150;150;150;150;150,0;150,0;150,0;1,000000000000000;1,000000000000000;1,000000000000000;1,000000000000000;1,000000000000000;1,000000000000000;1,000000000000000;1,000000000000000;1,000000000000000;1,000000000000000;1,000000000000000
2022-01-17;60+;9;9,0;9;9;9;9;9;9;9;9;9;9;114;114,0;114;114;114;114;114;114;114;114,0;114,0;114,0;1,000000000000000;1,000000000000000;1,000000000000000;1,000000000000000;1,000000000000000;1,000000000000000;1,000000000000000;1,000000000000000;1,000000000000000;1,000000000000000;1,000000000000000
2022-01-17;alle;21;21,0;21;21;21;21;21;21;21;21;21;21;264;264,0;264;264;264;264;264;264;264;264,0;264,0;264,0;NA;NA;NA;NA;NA;NA;NA;NA;NA;NA;NA
2022-01-16;0-60;16;16,0;16;16;16;16;16;16;16;16;16;16;150;150,0;150;150;150;150;150;150;150;150,0;150,0;150,0;1,000000000000000;1,000000000000000;1,000000000000000;1,000000000000000;1,000000000000000;1,000000000000000;1,000000000000000;1,000000000000000;1,000000000000000;1,000000000000000;1,000000000000000
2022-01-16;60+;11;11,0;11;11;11;11;11;11;11;11;11;11;108;108,0;108;108;108;108;108;108;108;108,0;108,0;108,0;1,000000000000000;1,000000000000000;1,000000000000000;1,000000000000000;1,000000000000000;1,000000000000000;1,000000000000000;1,000000000000000;1,000000000000000;1,000000000000000;1,000000000000000
2022-01-16;alle;27;27,0;27;27;27;27;27;27;27;27;27;27;258;258,0;258;258;258;258;258;258;258;258,0;258,0;258,0;NA;NA;NA;NA;NA;NA;NA;NA;NA;NA;NA
2022-01-15;0-60;32;32,0;32;32;32;32;32;32;32;32;32;32;142;142,0;142;142;142;142;142;142;142;142,0;142,0;142,0;1,000000000000000;1,000000000000000;1,000000000000000;1,000000000000000;1,000000000000000;1,000000000000000;1,000000000000000;1,000000000000000;1,000000000000000;1,000000000000000;1,000000000000000
2022-01-15;60+;20;20,0;20;20;20;20;20;20;20;20;20;20;105;105,0;105;105;105;105;105;105;105;105,0;105,0;105,0;1,000000000000000;1,000000000000000;1,000000000000000;1,000000000000000;1,000000000000000;1,000000000000000;1,000000000000000;1,000000000000000;1,000000000000000;1,000000000000000;1,000000000000000
2022-01-15;alle;52;52,0;52;52;52;52;52;52;52;52;52;52;247;247,0;247;247;247;247;247;247;247;247,0;247,0;247,0;NA;NA;NA;NA;NA;NA;NA;NA;NA;NA;NA
2022-01-14;0-60;25;25,0;25;25;25;25;25;25;25;25;25;25;133;133,0;133;133;133;133;133;133;133;133,0;133,0;133,0;1,000000000000000;1,000000000000000;1,000000000000000;1,000000000000000;1,000000000000000;1,000000000000000;1,000000000000000;1,000000000000000;1,000000000000000;1,000000000000000;1,000000000000000
2022-01-14;60+;28;28,0;28;28;28;28;28;28;28;28;28;28;95;95,0;95;95;95;95;95;95;95;95,0;95,0;95,0;1,000000000000000;1,000000000000000;1,000000000000000;1,000000000000000;1,000000000000000;1,000000000000000;1,000000000000000;1,000000000000000;1,000000000000000;1,000000000000000;1,000000000000000
2022-01-14;alle;53;53,0;53;53;53;53;53;53;53;53;53;53;228;228,0;228;228;228;228;228;228;228;228,0;228,0;228,0;NA;NA;NA;NA;NA;NA;NA;NA;NA;NA;NA
2022-01-13;0-60;17;17,0;17;17;17;17;17;17;17;17;17;17;134;134,0;134;134;134;134;134;134;134;134,0;134,0;134,0;1,000000000000000;1,000000000000000;1,000000000000000;1,000000000000000;1,000000000000000;1,000000000000000;1,000000000000000;1,000000000000000;1,000000000000000;1,000000000000000;1,000000000000000
2022-01-13;60+;13;13,0;13;13;13;13;13;13;13;13;13;13;86;86,0;86;86;86;86;86;86;86;86,0;86,0;86,0;1,000000000000000;1,000000000000000;1,000000000000000;1,000000000000000;1,000000000000000;1,000000000000000;1,000000000000000;1,000000000000000;1,000000000000000;1,000000000000000;1,000000000000000
2022-01-13;alle;30;30,0;30;30;30;30;30;30;30;30;30;30;220;220,0;220;220;220;220;220;220;220;220,0;220,0;220,0;NA;NA;NA;NA;NA;NA;NA;NA;NA;NA;NA
2022-01-12;0-60;23;23,0;23;23;23;23;23;23;23;23;23;23;131;131,0;131;131;131;131;131;131;131;131,0;131,0;131,0;1,000000000000000;1,000000000000000;1,000000000000000;1,000000000000000;1,000000000000000;1,000000000000000;1,000000000000000;1,000000000000000;1,000000000000000;1,000000000000000;1,000000000000000
2022-01-12;60+;16;16,0;16;16;16;16;16;16;16;16;16;16;89;89,0;89;89;89;89;89;89;89;89,0;89,0;89,0;1,000000000000000;1,000000000000000;1,000000000000000;1,000000000000000;1,000000000000000;1,000000000000000;1,000000000000000;1,000000000000000;1,000000000000000;1,000000000000000;1,000000000000000
2022-01-12;alle;39;39,0;39;39;39;39;39;39;39;39;39;39;220;220,0;220;220;220;220;220;220;220;220,0;220,0;220,0;NA;NA;NA;NA;NA;NA;NA;NA;NA;NA;NA
2022-01-11;0-60;25;25,0;25;25;25;25;25;25;25;25;25;25;129;129,0;129;129;129;129;129;129;129;129,0;129,0;129,0;1,000000000000000;1,000000000000000;1,000000000000000;1,000000000000000;1,000000000000000;1,000000000000000;1,000000000000000;1,000000000000000;1,000000000000000;1,000000000000000;1,000000000000000
2022-01-11;60+;17;17,0;17;17;17;17;17;17;17;17;17;17;92;92,0;92;92;92;92;92;92;92;92,0;92,0;92,0;1,000000000000000;1,000000000000000;1,000000000000000;1,000000000000000;1,000000000000000;1,000000000000000;1,000000000000000;1,000000000000000;1,000000000000000;1,000000000000000;1,000000000000000
2022-01-11;alle;42;42,0;42;42;42;42;42;42;42;42;42;42;221;221,0;221;221;221;221;221;221;221;221,0;221,0;221,0;NA;NA;NA;NA;NA;NA;NA;NA;NA;NA;NA
2022-01-10;0-60;12;12,0;12;12;12;12;12;12;12;12;12;12;130;130,0;130;130;130;130;130;130;130;130,0;130,0;130,0;1,000000000000000;1,000000000000000;1,000000000000000;1,000000000000000;1,000000000000000;1,000000000000000;1,000000000000000;1,000000000000000;1,000000000000000;1,000000000000000;1,000000000000000
2022-01-10;60+;3;3,0;3;3;3;3;3;3;3;3;3;3;90;90,0;90;90;90;90;90;90;90;90,0;90,0;90,0;1,000000000000000;1,000000000000000;1,000000000000000;1,000000000000000;1,000000000000000;1,000000000000000;1,000000000000000;1,000000000000000;1,000000000000000;1,000000000000000;1,000000000000000
2022-01-10;alle;15;15,0;15;15;15;15;15;15;15;15;15;15;220;220,0;220;220;220;220;220;220;220;220,0;220,0;220,0;NA;NA;NA;NA;NA;NA;NA;NA;NA;NA;NA
2022-01-09;0-60;8;8,0;8;8;8;8;8;8;8;8;8;8;130;130,0;130;130;130;130;130;130;130;130,0;130,0;130,0;1,000000000000000;1,000000000000000;1,000000000000000;1,000000000000000;1,000000000000000;1,000000000000000;1,000000000000000;1,000000000000000;1,000000000000000;1,000000000000000;1,000000000000000
2022-01-09;60+;8;8,0;8;8;8;8;8;8;8;8;8;8;99;99,0;99;99;99;99;99;99;99;99,0;99,0;99,0;1,000000000000000;1,000000000000000;1,000000000000000;1,000000000000000;1,000000000000000;1,000000000000000;1,000000000000000;1,000000000000000;1,000000000000000;1,000000000000000;1,000000000000000
2022-01-09;alle;16;16,0;16;16;16;16;16;16;16;16;16;16;229;229,0;229;229;229;229;229;229;229;229,0;229,0;229,0;NA;NA;NA;NA;NA;NA;NA;NA;NA;NA;NA
2022-01-08;0-60;23;23,0;23;23;23;23;23;23;23;23;23;23;134;134,0;134;134;134;134;134;134;134;134,0;134,0;134,0;1,000000000000000;1,000000000000000;1,000000000000000;1,000000000000000;1,000000000000000;1,000000000000000;1,000000000000000;1,000000000000000;1,000000000000000;1,000000000000000;1,000000000000000
2022-01-08;60+;10;10,0;10;10;10;10;10;10;10;10;10;10;97;97,0;97;97;97;97;97;97;97;97,0;97,0;97,0;1,000000000000000;1,000000000000000;1,000000000000000;1,000000000000000;1,000000000000000;1,000000000000000;1,000000000000000;1,000000000000000;1,000000000000000;1,000000000000000;1,000000000000000
2022-01-08;alle;33;33,0;33;33;33;33;33;33;33;33;33;33;231;231,0;231;231;231;231;231;231;231;231,0;231,0;231,0;NA;NA;NA;NA;NA;NA;NA;NA;NA;NA;NA
2022-01-07;0-60;26;26,0;26;26;26;26;26;26;26;26;26;26;124;124,0;124;124;124;124;124;124;124;124,0;124,0;124,0;1,000000000000000;1,000000000000000;1,000000000000000;1,000000000000000;1,000000000000000;1,000000000000000;1,000000000000000;1,000000000000000;1,000000000000000;1,000000000000000;1,000000000000000
2022-01-07;60+;19;19,0;19;19;19;19;19;19;19;19;19;19;95;95,0;95;95;95;95;95;95;95;95,0;95,0;95,0;1,000000000000000;1,000000000000000;1,000000000000000;1,000000000000000;1,000000000000000;1,000000000000000;1,000000000000000;1,000000000000000;1,000000000000000;1,000000000000000;1,000000000000000
2022-01-07;alle;45;45,0;45;45;45;45;45;45;45;45;45;45;219;219,0;219;219;219;219;219;219;219;219,0;219,0;219,0;NA;NA;NA;NA;NA;NA;NA;NA;NA;NA;NA
2022-01-06;0-60;14;14,0;14;14;14;14;14;14;14;14;14;14;115;115,0;115;115;115;115;115;115;115;115,0;115,0;115,0;1,000000000000000;1,000000000000000;1,000000000000000;1,000000000000000;1,000000000000000;1,000000000000000;1,000000000000000;1,000000000000000;1,000000000000000;1,000000000000000;1,000000000000000
2022-01-06;60+;16;16,0;16;16;16;16;16;16;16;16;16;16;86;86,0;86;86;86;86;86;86;86;86,0;86,0;86,0;1,000000000000000;1,000000000000000;1,000000000000000;1,000000000000000;1,000000000000000;1,000000000000000;1,000000000000000;1,000000000000000;1,000000000000000;1,000000000000000;1,000000000000000
2022-01-06;alle;30;30,0;30;30;30;30;30;30;30;30;30;30;201;201,0;201;201;201;201;201;201;201;201,0;201,0;201,0;NA;NA;NA;NA;NA;NA;NA;NA;NA;NA;NA
2022-01-05;0-60;21;21,0;21;21;21;21;21;21;21;21;21;21;124;124,0;124;124;124;124;124;124;124;124,0;124,0;124,0;1,000000000000000;1,000000000000000;1,000000000000000;1,000000000000000;1,000000000000000;1,000000000000000;1,000000000000000;1,000000000000000;1,000000000000000;1,000000000000000;1,000000000000000
2022-01-05;60+;19;19,0;19;19;19;19;19;19;19;19;19;19;84;84,0;84;84;84;84;84;84;84;84,0;84,0;84,0;1,000000000000000;1,000000000000000;1,000000000000000;1,000000000000000;1,000000000000000;1,000000000000000;1,000000000000000;1,000000000000000;1,000000000000000;1,000000000000000;1,000000000000000
2022-01-05;alle;40;40,0;40;40;40;40;40;40;40;40;40;40;208;208,0;208;208;208;208;208;208;208;208,0;208,0;208,0;NA;NA;NA;NA;NA;NA;NA;NA;NA;NA;NA
2022-01-04;0-60;26;26,0;26;26;26;26;26;26;26;26;26;26;112;112,0;112;112;112;112;112;112;112;112,0;112,0;112,0;1,000000000000000;1,000000000000000;1,000000000000000;1,000000000000000;1,000000000000000;1,000000000000000;1,000000000000000;1,000000000000000;1,000000000000000;1,000000000000000;1,000000000000000
2022-01-04;60+;15;15,0;15;15;15;15;15;15;15;15;15;15;78;78,0;78;78;78;78;78;78;78;78,0;78,0;78,0;1,000000000000000;1,000000000000000;1,000000000000000;1,000000000000000;1,000000000000000;1,000000000000000;1,000000000000000;1,000000000000000;1,000000000000000;1,000000000000000;1,000000000000000
2022-01-04;alle;41;41,0;41;41;41;41;41;41;41;41;41;41;190;190,0;190;190;190;190;190;190;190;190,0;190,0;190,0;NA;NA;NA;NA;NA;NA;NA;NA;NA;NA;NA
2022-01-03;0-60;12;12,0;12;12;12;12;12;12;12;12;12;12;101;101,0;101;101;101;101;101;101;101;101,0;101,0;101,0;1,000000000000000;1,000000000000000;1,000000000000000;1,000000000000000;1,000000000000000;1,000000000000000;1,000000000000000;1,000000000000000;1,000000000000000;1,000000000000000;1,000000000000000
2022-01-03;60+;12;12,0;12;12;12;12;12;12;12;12;12;12;69;69,0;69;69;69;69;69;69;69;69,0;69,0;69,0;1,000000000000000;1,000000000000000;1,000000000000000;1,000000000000000;1,000000000000000;1,000000000000000;1,000000000000000;1,000000000000000;1,000000000000000;1,000000000000000;1,000000000000000
2022-01-03;alle;24;24,0;24;24;24;24;24;24;24;24;24;24;170;170,0;170;170;170;170;170;170;170;170,0;170,0;170,0;NA;NA;NA;NA;NA;NA;NA;NA;NA;NA;NA
2022-01-02;0-60;12;12,0;12;12;12;12;12;12;12;12;12;12;96;96,0;96;96;96;96;96;96;96;96,0;96,0;96,0;1,000000000000000;1,000000000000000;1,000000000000000;1,000000000000000;1,000000000000000;1,000000000000000;1,000000000000000;1,000000000000000;1,000000000000000;1,000000000000000;1,000000000000000
2022-01-02;60+;6;6,0;6;6;6;6;6;6;6;6;6;6;58;58,0;58;58;58;58;58;58;58;58,0;58,0;58,0;1,000000000000000;1,000000000000000;1,000000000000000;1,000000000000000;1,000000000000000;1,000000000000000;1,000000000000000;1,000000000000000;1,000000000000000;1,000000000000000;1,000000000000000
2022-01-02;alle;18;18,0;18;18;18;18;18;18;18;18;18;18;154;154,0;154;154;154;154;154;154;154;154,0;154,0;154,0;NA;NA;NA;NA;NA;NA;NA;NA;NA;NA;NA
2022-01-01;0-60;13;13,0;13;13;13;13;13;13;13;13;13;13;86;86,0;86;86;86;86;86;86;86;86,0;86,0;86,0;1,000000000000000;1,000000000000000;1,000000000000000;1,000000000000000;1,000000000000000;1,000000000000000;1,000000000000000;1,000000000000000;1,000000000000000;1,000000000000000;1,000000000000000
2022-01-01;60+;8;8,0;8;8;8;8;8;8;8;8;8;8;55;55,0;55;55;55;55;55;55;55;55,0;55,0;55,0;1,000000000000000;1,000000000000000;1,000000000000000;1,000000000000000;1,000000000000000;1,000000000000000;1,000000000000000;1,000000000000000;1,000000000000000;1,000000000000000;1,000000000000000
2022-01-01;alle;21;21,0;21;21;21;21;21;21;21;21;21;21;141;141,0;141;141;141;141;141;141;141;141,0;141,0;141,0;NA;NA;NA;NA;NA;NA;NA;NA;NA;NA;NA
2021-12-31;0-60;17;17,0;17;17;17;17;17;17;17;17;17;17;78;78,0;78;78;78;78;78;78;78;78,0;78,0;78,0;1,000000000000000;1,000000000000000;1,000000000000000;1,000000000000000;1,000000000000000;1,000000000000000;1,000000000000000;1,000000000000000;1,000000000000000;1,000000000000000;1,000000000000000
2021-12-31;60+;10;10,0;10;10;10;10;10;10;10;10;10;10;50;50,0;50;50;50;50;50;50;50;50,0;50,0;50,0;1,000000000000000;1,000000000000000;1,000000000000000;1,000000000000000;1,000000000000000;1,000000000000000;1,000000000000000;1,000000000000000;1,000000000000000;1,000000000000000;1,000000000000000
2021-12-31;alle;27;27,0;27;27;27;27;27;27;27;27;27;27;128;128,0;128;128;128;128;128;128;128;128,0;128,0;128,0;NA;NA;NA;NA;NA;NA;NA;NA;NA;NA;NA
2021-12-30;0-60;23;23,0;23;23;23;23;23;23;23;23;23;23;75;75,0;75;75;75;75;75;75;75;75,0;75,0;75,0;1,000000000000000;1,000000000000000;1,000000000000000;1,000000000000000;1,000000000000000;1,000000000000000;1,000000000000000;1,000000000000000;1,000000000000000;1,000000000000000;1,000000000000000
2021-12-30;60+;14;14,0;14;14;14;14;14;14;14;14;14;14;56;56,0;56;56;56;56;56;56;56;56,0;56,0;56,0;1,000000000000000;1,000000000000000;1,000000000000000;1,000000000000000;1,000000000000000;1,000000000000000;1,000000000000000;1,000000000000000;1,000000000000000;1,000000000000000;1,000000000000000
2021-12-30;alle;37;37,0;37;37;37;37;37;37;37;37;37;37;131;131,0;131;131;131;131;131;131;131;131,0;131,0;131,0;NA;NA;NA;NA;NA;NA;NA;NA;NA;NA;NA
2021-12-29;0-60;9;9,0;9;9;9;9;9;9;9;9;9;9;69;69,0;69;69;69;69;69;69;69;69,0;69,0;69,0;1,000000000000000;1,000000000000000;1,000000000000000;1,000000000000000;1,000000000000000;1,000000000000000;1,000000000000000;1,000000000000000;1,000000000000000;1,000000000000000;1,000000000000000
2021-12-29;60+;13;13,0;13;13;13;13;13;13;13;13;13;13;54;54,0;54;54;54;54;54;54;54;54,0;54,0;54,0;1,000000000000000;1,000000000000000;1,000000000000000;1,000000000000000;1,000000000000000;1,000000000000000;1,000000000000000;1,000000000000000;1,000000000000000;1,000000000000000;1,000000000000000
2021-12-29;alle;22;22,0;22;22;22;22;22;22;22;22;22;22;123;123,0;123;123;123;123;123;123;123;123,0;123,0;123,0;NA;NA;NA;NA;NA;NA;NA;NA;NA;NA;NA
2021-12-28;0-60;15;15,0;15;15;15;15;15;15;15;15;15;15;69;69,0;69;69;69;69;69;69;69;69,0;69,0;69,0;1,000000000000000;1,000000000000000;1,000000000000000;1,000000000000000;1,000000000000000;1,000000000000000;1,000000000000000;1,000000000000000;1,000000000000000;1,000000000000000;1,000000000000000
2021-12-28;60+;6;6,0;6;6;6;6;6;6;6;6;6;6;53;53,0;53;53;53;53;53;53;53;53,0;53,0;53,0;1,000000000000000;1,000000000000000;1,000000000000000;1,000000000000000;1,000000000000000;1,000000000000000;1,000000000000000;1,000000000000000;1,000000000000000;1,000000000000000;1,000000000000000
2021-12-28;alle;21;21,0;21;21;21;21;21;21;21;21;21;21;122;122,0;122;122;122;122;122;122;122;122,0;122,0;122,0;NA;NA;NA;NA;NA;NA;NA;NA;NA;NA;NA
2021-12-27;0-60;7;7,0;7;7;7;7;7;7;7;7;7;7;64;64,0;64;64;64;64;64;64;64;64,0;64,0;64,0;1,000000000000000;1,000000000000000;1,000000000000000;1,000000000000000;1,000000000000000;1,000000000000000;1,000000000000000;1,000000000000000;1,000000000000000;1,000000000000000;1,000000000000000
2021-12-27;60+;1;1,0;1;1;1;1;1;1;1;1;1;1;59;59,0;59;59;59;59;59;59;59;59,0;59,0;59,0;1,000000000000000;1,000000000000000;1,000000000000000;1,000000000000000;1,000000000000000;1,000000000000000;1,000000000000000;1,000000000000000;1,000000000000000;1,000000000000000;1,000000000000000
2021-12-27;alle;8;8,0;8;8;8;8;8;8;8;8;8;8;123;123,0;123;123;123;123;123;123;123;123,0;123,0;123,0;NA;NA;NA;NA;NA;NA;NA;NA;NA;NA;NA
2021-12-26;0-60;2;2,0;2;2;2;2;2;2;2;2;2;2;60;60,0;60;60;60;60;60;60;60;60,0;60,0;60,0;1,000000000000000;1,000000000000000;1,000000000000000;1,000000000000000;1,000000000000000;1,000000000000000;1,000000000000000;1,000000000000000;1,000000000000000;1,000000000000000;1,000000000000000
2021-12-26;60+;3;3,0;3;3;3;3;3;3;3;3;3;3;62;62,0;62;62;62;62;62;62;62;62,0;62,0;62,0;1,000000000000000;1,000000000000000;1,000000000000000;1,000000000000000;1,000000000000000;1,000000000000000;1,000000000000000;1,000000000000000;1,000000000000000;1,000000000000000;1,000000000000000
2021-12-26;alle;5;5,0;5;5;5;5;5;5;5;5;5;5;122;122,0;122;122;122;122;122;122;122;122,0;122,0;122,0;NA;NA;NA;NA;NA;NA;NA;NA;NA;NA;NA
2021-12-25;0-60;5;5,0;5;5;5;5;5;5;5;5;5;5;65;65,0;65;65;65;65;65;65;65;65,0;65,0;65,0;1,000000000000000;1,000000000000000;1,000000000000000;1,000000000000000;1,000000000000000;1,000000000000000;1,000000000000000;1,000000000000000;1,000000000000000;1,000000000000000;1,000000000000000
2021-12-25;60+;3;3,0;3;3;3;3;3;3;3;3;3;3;64;64,0;64;64;64;64;64;64;64;64,0;64,0;64,0;1,000000000000000;1,000000000000000;1,000000000000000;1,000000000000000;1,000000000000000;1,000000000000000;1,000000000000000;1,000000000000000;1,000000000000000;1,000000000000000;1,000000000000000
2021-12-25;alle;8;8,0;8;8;8;8;8;8;8;8;8;8;129;129,0;129;129;129;129;129;129;129;129,0;129,0;129,0;NA;NA;NA;NA;NA;NA;NA;NA;NA;NA;NA
2021-12-24;0-60;14;14,0;14;14;14;14;14;14;14;14;14;14;72;72,0;72;72;72;72;72;72;72;72,0;72,0;72,0;1,000000000000000;1,000000000000000;1,000000000000000;1,000000000000000;1,000000000000000;1,000000000000000;1,000000000000000;1,000000000000000;1,000000000000000;1,000000000000000;1,000000000000000
2021-12-24;60+;16;16,0;16;16;16;16;16;16;16;16;16;16;84;84,0;84;84;84;84;84;84;84;84,0;84,0;84,0;1,000000000000000;1,000000000000000;1,000000000000000;1,000000000000000;1,000000000000000;1,000000000000000;1,000000000000000;1,000000000000000;1,000000000000000;1,000000000000000;1,000000000000000
2021-12-24;alle;30;30,0;30;30;30;30;30;30;30;30;30;30;156;156,0;156;156;156;156;156;156;156;156,0;156,0;156,0;NA;NA;NA;NA;NA;NA;NA;NA;NA;NA;NA
2021-12-23;0-60;17;17,0;17;17;17;17;17;17;17;17;17;17;72;72,0;72;72;72;72;72;72;72;72,0;72,0;72,0;1,000000000000000;1,000000000000000;1,000000000000000;1,000000000000000;1,000000000000000;1,000000000000000;1,000000000000000;1,000000000000000;1,000000000000000;1,000000000000000;1,000000000000000
2021-12-23;60+;12;12,0;12;12;12;12;12;12;12;12;12;12;89;89,0;89;89;89;89;89;89;89;89,0;89,0;89,0;1,000000000000000;1,000000000000000;1,000000000000000;1,000000000000000;1,000000000000000;1,000000000000000;1,000000000000000;1,000000000000000;1,000000000000000;1,000000000000000;1,000000000000000
2021-12-23;alle;29;29,0;29;29;29;29;29;29;29;29;29;29;161;161,0;161;161;161;161;161;161;161;161,0;161,0;161,0;NA;NA;NA;NA;NA;NA;NA;NA;NA;NA;NA
2021-12-22;0-60;9;9,0;9;9;9;9;9;9;9;9;9;9;74;74,0;74;74;74;74;74;74;74;74,0;74,0;74,0;1,000000000000000;1,000000000000000;1,000000000000000;1,000000000000000;1,000000000000000;1,000000000000000;1,000000000000000;1,000000000000000;1,000000000000000;1,000000000000000;1,000000000000000
2021-12-22;60+;12;12,0;12;12;12;12;12;12;12;12;12;12;100;100,0;100;100;100;100;100;100;100;100,0;100,0;100,0;1,000000000000000;1,000000000000000;1,000000000000000;1,000000000000000;1,000000000000000;1,000000000000000;1,000000000000000;1,000000000000000;1,000000000000000;1,000000000000000;1,000000000000000
2021-12-22;alle;21;21,0;21;21;21;21;21;21;21;21;21;21;174;174,0;174;174;174;174;174;174;174;174,0;174,0;174,0;NA;NA;NA;NA;NA;NA;NA;NA;NA;NA;NA
2021-12-21;0-60;10;10,0;10;10;10;10;10;10;10;10;10;10;77;77,0;77;77;77;77;77;77;77;77,0;77,0;77,0;1,000000000000000;1,000000000000000;1,000000000000000;1,000000000000000;1,000000000000000;1,000000000000000;1,000000000000000;1,000000000000000;1,000000000000000;1,000000000000000;1,000000000000000
2021-12-21;60+;12;12,0;12;12;12;12;12;12;12;12;12;12;107;107,0;107;107;107;107;107;107;107;107,0;107,0;107,0;1,000000000000000;1,000000000000000;1,000000000000000;1,000000000000000;1,000000000000000;1,000000000000000;1,000000000000000;1,000000000000000;1,000000000000000;1,000000000000000;1,000000000000000
2021-12-21;alle;22;22,0;22;22;22;22;22;22;22;22;22;22;184;184,0;184;184;184;184;184;184;184;184,0;184,0;184,0;NA;NA;NA;NA;NA;NA;NA;NA;NA;NA;NA
2021-12-20;0-60;3;3,0;3;3;3;3;3;3;3;3;3;3;75;75,0;75;75;75;75;75;75;75;75,0;75,0;75,0;1,000000000000000;1,000000000000000;1,000000000000000;1,000000000000000;1,000000000000000;1,000000000000000;1,000000000000000;1,000000000000000;1,000000000000000;1,000000000000000;1,000000000000000
2021-12-20;60+;4;4,0;4;4;4;4;4;4;4;4;4;4;113;113,0;113;113;113;113;113;113;113;113,0;113,0;113,0;1,000000000000000;1,000000000000000;1,000000000000000;1,000000000000000;1,000000000000000;1,000000000000000;1,000000000000000;1,000000000000000;1,000000000000000;1,000000000000000;1,000000000000000
2021-12-20;alle;7;7,0;7;7;7;7;7;7;7;7;7;7;188;188,0;188;188;188;188;188;188;188;188,0;188,0;188,0;NA;NA;NA;NA;NA;NA;NA;NA;NA;NA;NA
2021-12-19;0-60;7;7,0;7;7;7;7;7;7;7;7;7;7;75;75,0;75;75;75;75;75;75;75;75,0;75,0;75,0;1,000000000000000;1,000000000000000;1,000000000000000;1,000000000000000;1,000000000000000;1,000000000000000;1,000000000000000;1,000000000000000;1,000000000000000;1,000000000000000;1,000000000000000
2021-12-19;60+;5;5,0;5;5;5;5;5;5;5;5;5;5;113;113,0;113;113;113;113;113;113;113;113,0;113,0;113,0;1,000000000000000;1,000000000000000;1,000000000000000;1,000000000000000;1,000000000000000;1,000000000000000;1,000000000000000;1,000000000000000;1,000000000000000;1,000000000000000;1,000000000000000
2021-12-19;alle;12;12,0;12;12;12;12;12;12;12;12;12;12;188;188,0;188;188;188;188;188;188;188;188,0;188,0;188,0;NA;NA;NA;NA;NA;NA;NA;NA;NA;NA;NA
2021-12-18;0-60;12;12,0;12;12;12;12;12;12;12;12;12;12;77;77,0;77;77;77;77;77;77;77;77,0;77,0;77,0;1,000000000000000;1,000000000000000;1,000000000000000;1,000000000000000;1,000000000000000;1,000000000000000;1,000000000000000;1,000000000000000;1,000000000000000;1,000000000000000;1,000000000000000
2021-12-18;60+;23;23,0;23;23;23;23;23;23;23;23;23;23;119;119,0;119;119;119;119;119;119;119;119,0;119,0;119,0;1,000000000000000;1,000000000000000;1,000000000000000;1,000000000000000;1,000000000000000;1,000000000000000;1,000000000000000;1,000000000000000;1,000000000000000;1,000000000000000;1,000000000000000
2021-12-18;alle;35;35,0;35;35;35;35;35;35;35;35;35;35;196;196,0;196;196;196;196;196;196;196;196,0;196,0;196,0;NA;NA;NA;NA;NA;NA;NA;NA;NA;NA;NA
2021-12-17;0-60;14;14,0;14;14;14;14;14;14;14;14;14;14;75;75,0;75;75;75;75;75;75;75;75,0;75,0;75,0;1,000000000000000;1,000000000000000;1,000000000000000;1,000000000000000;1,000000000000000;1,000000000000000;1,000000000000000;1,000000000000000;1,000000000000000;1,000000000000000;1,000000000000000
2021-12-17;60+;21;21,0;21;21;21;21;21;21;21;21;21;21;109;109,0;109;109;109;109;109;109;109;109,0;109,0;109,0;1,000000000000000;1,000000000000000;1,000000000000000;1,000000000000000;1,000000000000000;1,000000000000000;1,000000000000000;1,000000000000000;1,000000000000000;1,000000000000000;1,000000000000000
2021-12-17;alle;35;35,0;35;35;35;35;35;35;35;35;35;35;184;184,0;184;184;184;184;184;184;184;184,0;184,0;184,0;NA;NA;NA;NA;NA;NA;NA;NA;NA;NA;NA
2021-12-16;0-60;19;19,0;19;19;19;19;19;19;19;19;19;19;75;75,0;75;75;75;75;75;75;75;75,0;75,0;75,0;1,000000000000000;1,000000000000000;1,000000000000000;1,000000000000000;1,000000000000000;1,000000000000000;1,000000000000000;1,000000000000000;1,000000000000000;1,000000000000000;1,000000000000000
2021-12-16;60+;23;23,0;23;23;23;23;23;23;23;23;23;23;97;97,0;97;97;97;97;97;97;97;97,0;97,0;97,0;1,000000000000000;1,000000000000000;1,000000000000000;1,000000000000000;1,000000000000000;1,000000000000000;1,000000000000000;1,000000000000000;1,000000000000000;1,000000000000000;1,000000000000000
2021-12-16;alle;42;42,0;42;42;42;42;42;42;42;42;42;42;172;172,0;172;172;172;172;172;172;172;172,0;172,0;172,0;NA;NA;NA;NA;NA;NA;NA;NA;NA;NA;NA
2021-12-15;0-60;12;12,0;12;12;12;12;12;12;12;12;12;12;65;65,0;65;65;65;65;65;65;65;65,0;65,0;65,0;1,000000000000000;1,000000000000000;1,000000000000000;1,000000000000000;1,000000000000000;1,000000000000000;1,000000000000000;1,000000000000000;1,000000000000000;1,000000000000000;1,000000000000000
2021-12-15;60+;19;19,0;19;19;19;19;19;19;19;19;19;19;84;84,0;84;84;84;84;84;84;84;84,0;84,0;84,0;1,000000000000000;1,000000000000000;1,000000000000000;1,000000000000000;1,000000000000000;1,000000000000000;1,000000000000000;1,000000000000000;1,000000000000000;1,000000000000000;1,000000000000000
2021-12-15;alle;31;31,0;31;31;31;31;31;31;31;31;31;31;149;149,0;149;149;149;149;149;149;149;149,0;149,0;149,0;NA;NA;NA;NA;NA;NA;NA;NA;NA;NA;NA
2021-12-14;0-60;8;8,0;8;8;8;8;8;8;8;8;8;8;69;69,0;69;69;69;69;69;69;69;69,0;69,0;69,0;1,000000000000000;1,000000000000000;1,000000000000000;1,000000000000000;1,000000000000000;1,000000000000000;1,000000000000000;1,000000000000000;1,000000000000000;1,000000000000000;1,000000000000000
2021-12-14;60+;18;18,0;18;18;18;18;18;18;18;18;18;18;86;86,0;86;86;86;86;86;86;86;86,0;86,0;86,0;1,000000000000000;1,000000000000000;1,000000000000000;1,000000000000000;1,000000000000000;1,000000000000000;1,000000000000000;1,000000000000000;1,000000000000000;1,000000000000000;1,000000000000000
2021-12-14;alle;26;26,0;26;26;26;26;26;26;26;26;26;26;155;155,0;155;155;155;155;155;155;155;155,0;155,0;155,0;NA;NA;NA;NA;NA;NA;NA;NA;NA;NA;NA
2021-12-13;0-60;3;3,0;3;3;3;3;3;3;3;3;3;3;74;74,0;74;74;74;74;74;74;74;74,0;74,0;74,0;1,000000000000000;1,000000000000000;1,000000000000000;1,000000000000000;1,000000000000000;1,000000000000000;1,000000000000000;1,000000000000000;1,000000000000000;1,000000000000000;1,000000000000000
2021-12-13;60+;4;4,0;4;4;4;4;4;4;4;4;4;4;83;83,0;83;83;83;83;83;83;83;83,0;83,0;83,0;1,000000000000000;1,000000000000000;1,000000000000000;1,000000000000000;1,000000000000000;1,000000000000000;1,000000000000000;1,000000000000000;1,000000000000000;1,000000000000000;1,000000000000000
2021-12-13;alle;7;7,0;7;7;7;7;7;7;7;7;7;7;157;157,0;157;157;157;157;157;157;157;157,0;157,0;157,0;NA;NA;NA;NA;NA;NA;NA;NA;NA;NA;NA
2021-12-12;0-60;9;9,0;9;9;9;9;9;9;9;9;9;9;78;78,0;78;78;78;78;78;78;78;78,0;78,0;78,0;1,000000000000000;1,000000000000000;1,000000000000000;1,000000000000000;1,000000000000000;1,000000000000000;1,000000000000000;1,000000000000000;1,000000000000000;1,000000000000000;1,000000000000000
2021-12-12;60+;11;11,0;11;11;11;11;11;11;11;11;11;11;87;87,0;87;87;87;87;87;87;87;87,0;87,0;87,0;1,000000000000000;1,000000000000000;1,000000000000000;1,000000000000000;1,000000000000000;1,000000000000000;1,000000000000000;1,000000000000000;1,000000000000000;1,000000000000000;1,000000000000000
2021-12-12;alle;20;20,0;20;20;20;20;20;20;20;20;20;20;165;165,0;165;165;165;165;165;165;165;165,0;165,0;165,0;NA;NA;NA;NA;NA;NA;NA;NA;NA;NA;NA
2021-12-11;0-60;10;10,0;10;10;10;10;10;10;10;10;10;10;77;77,0;77;77;77;77;77;77;77;77,0;77,0;77,0;1,000000000000000;1,000000000000000;1,000000000000000;1,000000000000000;1,000000000000000;1,000000000000000;1,000000000000000;1,000000000000000;1,000000000000000;1,000000000000000;1,000000000000000
2021-12-11;60+;13;13,0;13;13;13;13;13;13;13;13;13;13;88;88,0;88;88;88;88;88;88;88;88,0;88,0;88,0;1,000000000000000;1,000000000000000;1,000000000000000;1,000000000000000;1,000000000000000;1,000000000000000;1,000000000000000;1,000000000000000;1,000000000000000;1,000000000000000;1,000000000000000
2021-12-11;alle;23;23,0;23;23;23;23;23;23;23;23;23;23;165;165,0;165;165;165;165;165;165;165;165,0;165,0;165,0;NA;NA;NA;NA;NA;NA;NA;NA;NA;NA;NA
2021-12-10;0-60;14;14,0;14;14;14;14;14;14;14;14;14;14;76;76,0;76;76;76;76;76;76;76;76,0;76,0;76,0;1,000000000000000;1,000000000000000;1,000000000000000;1,000000000000000;1,000000000000000;1,000000000000000;1,000000000000000;1,000000000000000;1,000000000000000;1,000000000000000;1,000000000000000
2021-12-10;60+;9;9,0;9;9;9;9;9;9;9;9;9;9;90;90,0;90;90;90;90;90;90;90;90,0;90,0;90,0;1,000000000000000;1,000000000000000;1,000000000000000;1,000000000000000;1,000000000000000;1,000000000000000;1,000000000000000;1,000000000000000;1,000000000000000;1,000000000000000;1,000000000000000
2021-12-10;alle;23;23,0;23;23;23;23;23;23;23;23;23;23;166;166,0;166;166;166;166;166;166;166;166,0;166,0;166,0;NA;NA;NA;NA;NA;NA;NA;NA;NA;NA;NA
2021-12-09;0-60;9;9,0;9;9;9;9;9;9;9;9;9;9;83;83,0;83;83;83;83;83;83;83;83,0;83,0;83,0;1,000000000000000;1,000000000000000;1,000000000000000;1,000000000000000;1,000000000000000;1,000000000000000;1,000000000000000;1,000000000000000;1,000000000000000;1,000000000000000;1,000000000000000
2021-12-09;60+;10;10,0;10;10;10;10;10;10;10;10;10;10;88;88,0;88;88;88;88;88;88;88;88,0;88,0;88,0;1,000000000000000;1,000000000000000;1,000000000000000;1,000000000000000;1,000000000000000;1,000000000000000;1,000000000000000;1,000000000000000;1,000000000000000;1,000000000000000;1,000000000000000
2021-12-09;alle;19;19,0;19;19;19;19;19;19;19;19;19;19;171;171,0;171;171;171;171;171;171;171;171,0;171,0;171,0;NA;NA;NA;NA;NA;NA;NA;NA;NA;NA;NA
2021-12-08;0-60;16;16,0;16;16;16;16;16;16;16;16;16;16;85;85,0;85;85;85;85;85;85;85;85,0;85,0;85,0;1,000000000000000;1,000000000000000;1,000000000000000;1,000000000000000;1,000000000000000;1,000000000000000;1,000000000000000;1,000000000000000;1,000000000000000;1,000000000000000;1,000000000000000
2021-12-08;60+;21;21,0;21;21;21;21;21;21;21;21;21;21;93;93,0;93;93;93;93;93;93;93;93,0;93,0;93,0;1,000000000000000;1,000000000000000;1,000000000000000;1,000000000000000;1,000000000000000;1,000000000000000;1,000000000000000;1,000000000000000;1,000000000000000;1,000000000000000;1,000000000000000
2021-12-08;alle;37;37,0;37;37;37;37;37;37;37;37;37;37;178;178,0;178;178;178;178;178;178;178;178,0;178,0;178,0;NA;NA;NA;NA;NA;NA;NA;NA;NA;NA;NA
2021-12-07;0-60;13;13,0;13;13;13;13;13;13;13;13;13;13;79;79,0;79;79;79;79;79;79;79;79,0;79,0;79,0;1,000000000000000;1,000000000000000;1,000000000000000;1,000000000000000;1,000000000000000;1,000000000000000;1,000000000000000;1,000000000000000;1,000000000000000;1,000000000000000;1,000000000000000
2021-12-07;60+;15;15,0;15;15;15;15;15;15;15;15;15;15;86;86,0;86;86;86;86;86;86;86;86,0;86,0;86,0;1,000000000000000;1,000000000000000;1,000000000000000;1,000000000000000;1,000000000000000;1,000000000000000;1,000000000000000;1,000000000000000;1,000000000000000;1,000000000000000;1,000000000000000
2021-12-07;alle;28;28,0;28;28;28;28;28;28;28;28;28;28;165;165,0;165;165;165;165;165;165;165;165,0;165,0;165,0;NA;NA;NA;NA;NA;NA;NA;NA;NA;NA;NA
2021-12-06;0-60;7;7,0;7;7;7;7;7;7;7;7;7;7;89;89,0;89;89;89;89;89;89;89;89,0;89,0;89,0;1,000000000000000;1,000000000000000;1,000000000000000;1,000000000000000;1,000000000000000;1,000000000000000;1,000000000000000;1,000000000000000;1,000000000000000;1,000000000000000;1,000000000000000
2021-12-06;60+;8;8,0;8;8;8;8;8;8;8;8;8;8;84;84,0;84;84;84;84;84;84;84;84,0;84,0;84,0;1,000000000000000;1,000000000000000;1,000000000000000;1,000000000000000;1,000000000000000;1,000000000000000;1,000000000000000;1,000000000000000;1,000000000000000;1,000000000000000;1,000000000000000
2021-12-06;alle;15;15,0;15;15;15;15;15;15;15;15;15;15;173;173,0;173;173;173;173;173;173;173;173,0;173,0;173,0;NA;NA;NA;NA;NA;NA;NA;NA;NA;NA;NA
2021-12-05;0-60;8;8,0;8;8;8;8;8;8;8;8;8;8;87;87,0;87;87;87;87;87;87;87;87,0;87,0;87,0;1,000000000000000;1,000000000000000;1,000000000000000;1,000000000000000;1,000000000000000;1,000000000000000;1,000000000000000;1,000000000000000;1,000000000000000;1,000000000000000;1,000000000000000
2021-12-05;60+;12;12,0;12;12;12;12;12;12;12;12;12;12;77;77,0;77;77;77;77;77;77;77;77,0;77,0;77,0;1,000000000000000;1,000000000000000;1,000000000000000;1,000000000000000;1,000000000000000;1,000000000000000;1,000000000000000;1,000000000000000;1,000000000000000;1,000000000000000;1,000000000000000
2021-12-05;alle;20;20,0;20;20;20;20;20;20;20;20;20;20;164;164,0;164;164;164;164;164;164;164;164,0;164,0;164,0;NA;NA;NA;NA;NA;NA;NA;NA;NA;NA;NA
2021-12-04;0-60;9;9,0;9;9;9;9;9;9;9;9;9;9;81;81,0;81;81;81;81;81;81;81;81,0;81,0;81,0;1,000000000000000;1,000000000000000;1,000000000000000;1,000000000000000;1,000000000000000;1,000000000000000;1,000000000000000;1,000000000000000;1,000000000000000;1,000000000000000;1,000000000000000
2021-12-04;60+;15;15,0;15;15;15;15;15;15;15;15;15;15;80;80,0;80;80;80;80;80;80;80;80,0;80,0;80,0;1,000000000000000;1,000000000000000;1,000000000000000;1,000000000000000;1,000000000000000;1,000000000000000;1,000000000000000;1,000000000000000;1,000000000000000;1,000000000000000;1,000000000000000
2021-12-04;alle;24;24,0;24;24;24;24;24;24;24;24;24;24;161;161,0;161;161;161;161;161;161;161;161,0;161,0;161,0;NA;NA;NA;NA;NA;NA;NA;NA;NA;NA;NA
2021-12-03;0-60;21;21,0;21;21;21;21;21;21;21;21;21;21;78;78,0;78;78;78;78;78;78;78;78,0;78,0;78,0;1,000000000000000;1,000000000000000;1,000000000000000;1,000000000000000;1,000000000000000;1,000000000000000;1,000000000000000;1,000000000000000;1,000000000000000;1,000000000000000;1,000000000000000
2021-12-03;60+;7;7,0;7;7;7;7;7;7;7;7;7;7;78;78,0;78;78;78;78;78;78;78;78,0;78,0;78,0;1,000000000000000;1,000000000000000;1,000000000000000;1,000000000000000;1,000000000000000;1,000000000000000;1,000000000000000;1,000000000000000;1,000000000000000;1,000000000000000;1,000000000000000
2021-12-03;alle;28;28,0;28;28;28;28;28;28;28;28;28;28;156;156,0;156;156;156;156;156;156;156;156,0;156,0;156,0;NA;NA;NA;NA;NA;NA;NA;NA;NA;NA;NA
2021-12-02;0-60;11;11,0;11;11;11;11;11;11;11;11;11;11;71;71,0;71;71;71;71;71;71;71;71,0;71,0;71,0;1,000000000000000;1,000000000000000;1,000000000000000;1,000000000000000;1,000000000000000;1,000000000000000;1,000000000000000;1,000000000000000;1,000000000000000;1,000000000000000;1,000000000000000
2021-12-02;60+;15;15,0;15;15;15;15;15;15;15;15;15;15;92;92,0;92;92;92;92;92;92;92;92,0;92,0;92,0;1,000000000000000;1,000000000000000;1,000000000000000;1,000000000000000;1,000000000000000;1,000000000000000;1,000000000000000;1,000000000000000;1,000000000000000;1,000000000000000;1,000000000000000
2021-12-02;alle;26;26,0;26;26;26;26;26;26;26;26;26;26;163;163,0;163;163;163;163;163;163;163;163,0;163,0;163,0;NA;NA;NA;NA;NA;NA;NA;NA;NA;NA;NA
2021-12-01;0-60;10;10,0;10;10;10;10;10;10;10;10;10;10;82;82,0;82;82;82;82;82;82;82;82,0;82,0;82,0;1,000000000000000;1,000000000000000;1,000000000000000;1,000000000000000;1,000000000000000;1,000000000000000;1,000000000000000;1,000000000000000;1,000000000000000;1,000000000000000;1,000000000000000
2021-12-01;60+;14;14,0;14;14;14;14;14;14;14;14;14;14;94;94,0;94;94;94;94;94;94;94;94,0;94,0;94,0;1,000000000000000;1,000000000000000;1,000000000000000;1,000000000000000;1,000000000000000;1,000000000000000;1,000000000000000;1,000000000000000;1,000000000000000;1,000000000000000;1,000000000000000
2021-12-01;alle;24;24,0;24;24;24;24;24;24;24;24;24;24;176;176,0;176;176;176;176;176;176;176;176,0;176,0;176,0;NA;NA;NA;NA;NA;NA;NA;NA;NA;NA;NA
2021-11-30;0-60;23;23,0;23;23;23;23;23;23;23;23;23;23;93;93,0;93;93;93;93;93;93;93;93,0;93,0;93,0;1,000000000000000;1,000000000000000;1,000000000000000;1,000000000000000;1,000000000000000;1,000000000000000;1,000000000000000;1,000000000000000;1,000000000000000;1,000000000000000;1,000000000000000
2021-11-30;60+;13;13,0;13;13;13;13;13;13;13;13;13;13;102;102,0;102;102;102;102;102;102;102;102,0;102,0;102,0;1,000000000000000;1,000000000000000;1,000000000000000;1,000000000000000;1,000000000000000;1,000000000000000;1,000000000000000;1,000000000000000;1,000000000000000;1,000000000000000;1,000000000000000
2021-11-30;alle;36;36,0;36;36;36;36;36;36;36;36;36;36;195;195,0;195;195;195;195;195;195;195;195,0;195,0;195,0;NA;NA;NA;NA;NA;NA;NA;NA;NA;NA;NA
2021-11-29;0-60;5;5,0;5;5;5;5;5;5;5;5;5;5;86;86,0;86;86;86;86;86;86;86;86,0;86,0;86,0;1,000000000000000;1,000000000000000;1,000000000000000;1,000000000000000;1,000000000000000;1,000000000000000;1,000000000000000;1,000000000000000;1,000000000000000;1,000000000000000;1,000000000000000
2021-11-29;60+;1;1,0;1;1;1;1;1;1;1;1;1;1;105;105,0;105;105;105;105;105;105;105;105,0;105,0;105,0;1,000000000000000;1,000000000000000;1,000000000000000;1,000000000000000;1,000000000000000;1,000000000000000;1,000000000000000;1,000000000000000;1,000000000000000;1,000000000000000;1,000000000000000
2021-11-29;alle;6;6,0;6;6;6;6;6;6;6;6;6;6;191;191,0;191;191;191;191;191;191;191;191,0;191,0;191,0;NA;NA;NA;NA;NA;NA;NA;NA;NA;NA;NA
2021-11-28;0-60;2;2,0;2;2;2;2;2;2;2;2;2;2;91;91,0;91;91;91;91;91;91;91;91,0;91,0;91,0;1,000000000000000;1,000000000000000;1,000000000000000;1,000000000000000;1,000000000000000;1,000000000000000;1,000000000000000;1,000000000000000;1,000000000000000;1,000000000000000;1,000000000000000
2021-11-28;60+;15;15,0;15;15;15;15;15;15;15;15;15;15;107;107,0;107;107;107;107;107;107;107;107,0;107,0;107,0;1,000000000000000;1,000000000000000;1,000000000000000;1,000000000000000;1,000000000000000;1,000000000000000;1,000000000000000;1,000000000000000;1,000000000000000;1,000000000000000;1,000000000000000
2021-11-28;alle;17;17,0;17;17;17;17;17;17;17;17;17;17;198;198,0;198;198;198;198;198;198;198;198,0;198,0;198,0;NA;NA;NA;NA;NA;NA;NA;NA;NA;NA;NA
2021-11-27;0-60;6;6,0;6;6;6;6;6;6;6;6;6;6;96;96,0;96;96;96;96;96;96;96;96,0;96,0;96,0;1,000000000000000;1,000000000000000;1,000000000000000;1,000000000000000;1,000000000000000;1,000000000000000;1,000000000000000;1,000000000000000;1,000000000000000;1,000000000000000;1,000000000000000
2021-11-27;60+;13;13,0;13;13;13;13;13;13;13;13;13;13;104;104,0;104;104;104;104;104;104;104;104,0;104,0;104,0;1,000000000000000;1,000000000000000;1,000000000000000;1,000000000000000;1,000000000000000;1,000000000000000;1,000000000000000;1,000000000000000;1,000000000000000;1,000000000000000;1,000000000000000
2021-11-27;alle;19;19,0;19;19;19;19;19;19;19;19;19;19;200;200,0;200;200;200;200;200;200;200;200,0;200,0;200,0;NA;NA;NA;NA;NA;NA;NA;NA;NA;NA;NA
2021-11-26;0-60;14;14,0;14;14;14;14;14;14;14;14;14;14;106;106,0;106;106;106;106;106;106;106;106,0;106,0;106,0;1,000000000000000;1,000000000000000;1,000000000000000;1,000000000000000;1,000000000000000;1,000000000000000;1,000000000000000;1,000000000000000;1,000000000000000;1,000000000000000;1,000000000000000
2021-11-26;60+;21;21,0;21;21;21;21;21;21;21;21;21;21;111;111,0;111;111;111;111;111;111;111;111,0;111,0;111,0;1,000000000000000;1,000000000000000;1,000000000000000;1,000000000000000;1,000000000000000;1,000000000000000;1,000000000000000;1,000000000000000;1,000000000000000;1,000000000000000;1,000000000000000
2021-11-26;alle;35;35,0;35;35;35;35;35;35;35;35;35;35;217;217,0;217;217;217;217;217;217;217;217,0;217,0;217,0;NA;NA;NA;NA;NA;NA;NA;NA;NA;NA;NA
2021-11-25;0-60;22;22,0;22;22;22;22;22;22;22;22;22;22;108;108,0;108;108;108;108;108;108;108;108,0;108,0;108,0;1,000000000000000;1,000000000000000;1,000000000000000;1,000000000000000;1,000000000000000;1,000000000000000;1,000000000000000;1,000000000000000;1,000000000000000;1,000000000000000;1,000000000000000
2021-11-25;60+;17;17,0;17;17;17;17;17;17;17;17;17;17;110;110,0;110;110;110;110;110;110;110;110,0;110,0;110,0;1,000000000000000;1,000000000000000;1,000000000000000;1,000000000000000;1,000000000000000;1,000000000000000;1,000000000000000;1,000000000000000;1,000000000000000;1,000000000000000;1,000000000000000
2021-11-25;alle;39;39,0;39;39;39;39;39;39;39;39;39;39;218;218,0;218;218;218;218;218;218;218;218,0;218,0;218,0;NA;NA;NA;NA;NA;NA;NA;NA;NA;NA;NA
2021-11-24;0-60;21;21,0;21;21;21;21;21;21;21;21;21;21;96;96,0;96;96;96;96;96;96;96;96,0;96,0;96,0;1,000000000000000;1,000000000000000;1,000000000000000;1,000000000000000;1,000000000000000;1,000000000000000;1,000000000000000;1,000000000000000;1,000000000000000;1,000000000000000;1,000000000000000
2021-11-24;60+;22;22,0;22;22;22;22;22;22;22;22;22;22;117;117,0;117;117;117;117;117;117;117;117,0;117,0;117,0;1,000000000000000;1,000000000000000;1,000000000000000;1,000000000000000;1,000000000000000;1,000000000000000;1,000000000000000;1,000000000000000;1,000000000000000;1,000000000000000;1,000000000000000
2021-11-24;alle;43;43,0;43;43;43;43;43;43;43;43;43;43;213;213,0;213;213;213;213;213;213;213;213,0;213,0;213,0;NA;NA;NA;NA;NA;NA;NA;NA;NA;NA;NA
2021-11-23;0-60;16;16,0;16;16;16;16;16;16;16;16;16;16;83;83,0;83;83;83;83;83;83;83;83,0;83,0;83,0;1,000000000000000;1,000000000000000;1,000000000000000;1,000000000000000;1,000000000000000;1,000000000000000;1,000000000000000;1,000000000000000;1,000000000000000;1,000000000000000;1,000000000000000
2021-11-23;60+;16;16,0;16;16;16;16;16;16;16;16;16;16;116;116,0;116;116;116;116;116;116;116;116,0;116,0;116,0;1,000000000000000;1,000000000000000;1,000000000000000;1,000000000000000;1,000000000000000;1,000000000000000;1,000000000000000;1,000000000000000;1,000000000000000;1,000000000000000;1,000000000000000
2021-11-23;alle;32;32,0;32;32;32;32;32;32;32;32;32;32;199;199,0;199;199;199;199;199;199;199;199,0;199,0;199,0;NA;NA;NA;NA;NA;NA;NA;NA;NA;NA;NA
2021-11-22;0-60;10;10,0;10;10;10;10;10;10;10;10;10;10;73;73,0;73;73;73;73;73;73;73;73,0;73,0;73,0;1,000000000000000;1,000000000000000;1,000000000000000;1,000000000000000;1,000000000000000;1,000000000000000;1,000000000000000;1,000000000000000;1,000000000000000;1,000000000000000;1,000000000000000
2021-11-22;60+;3;3,0;3;3;3;3;3;3;3;3;3;3;114;114,0;114;114;114;114;114;114;114;114,0;114,0;114,0;1,000000000000000;1,000000000000000;1,000000000000000;1,000000000000000;1,000000000000000;1,000000000000000;1,000000000000000;1,000000000000000;1,000000000000000;1,000000000000000;1,000000000000000
2021-11-22;alle;13;13,0;13;13;13;13;13;13;13;13;13;13;187;187,0;187;187;187;187;187;187;187;187,0;187,0;187,0;NA;NA;NA;NA;NA;NA;NA;NA;NA;NA;NA
2021-11-21;0-60;7;7,0;7;7;7;7;7;7;7;7;7;7;63;63,0;63;63;63;63;63;63;63;63,0;63,0;63,0;1,000000000000000;1,000000000000000;1,000000000000000;1,000000000000000;1,000000000000000;1,000000000000000;1,000000000000000;1,000000000000000;1,000000000000000;1,000000000000000;1,000000000000000
2021-11-21;60+;12;12,0;12;12;12;12;12;12;12;12;12;12;116;116,0;116;116;116;116;116;116;116;116,0;116,0;116,0;1,000000000000000;1,000000000000000;1,000000000000000;1,000000000000000;1,000000000000000;1,000000000000000;1,000000000000000;1,000000000000000;1,000000000000000;1,000000000000000;1,000000000000000
2021-11-21;alle;19;19,0;19;19;19;19;19;19;19;19;19;19;179;179,0;179;179;179;179;179;179;179;179,0;179,0;179,0;NA;NA;NA;NA;NA;NA;NA;NA;NA;NA;NA
2021-11-20;0-60;16;16,0;16;16;16;16;16;16;16;16;16;16;59;59,0;59;59;59;59;59;59;59;59,0;59,0;59,0;1,000000000000000;1,000000000000000;1,000000000000000;1,000000000000000;1,000000000000000;1,000000000000000;1,000000000000000;1,000000000000000;1,000000000000000;1,000000000000000;1,000000000000000
2021-11-20;60+;20;20,0;20;20;20;20;20;20;20;20;20;20;113;113,0;113;113;113;113;113;113;113;113,0;113,0;113,0;1,000000000000000;1,000000000000000;1,000000000000000;1,000000000000000;1,000000000000000;1,000000000000000;1,000000000000000;1,000000000000000;1,000000000000000;1,000000000000000;1,000000000000000
2021-11-20;alle;36;36,0;36;36;36;36;36;36;36;36;36;36;172;172,0;172;172;172;172;172;172;172;172,0;172,0;172,0;NA;NA;NA;NA;NA;NA;NA;NA;NA;NA;NA
2021-11-19;0-60;16;16,0;16;16;16;16;16;16;16;16;16;16;55;55,0;55;55;55;55;55;55;55;55,0;55,0;55,0;1,000000000000000;1,000000000000000;1,000000000000000;1,000000000000000;1,000000000000000;1,000000000000000;1,000000000000000;1,000000000000000;1,000000000000000;1,000000000000000;1,000000000000000
2021-11-19;60+;20;20,0;20;20;20;20;20;20;20;20;20;20;108;108,0;108;108;108;108;108;108;108;108,0;108,0;108,0;1,000000000000000;1,000000000000000;1,000000000000000;1,000000000000000;1,000000000000000;1,000000000000000;1,000000000000000;1,000000000000000;1,000000000000000;1,000000000000000;1,000000000000000
2021-11-19;alle;36;36,0;36;36;36;36;36;36;36;36;36;36;163;163,0;163;163;163;163;163;163;163;163,0;163,0;163,0;NA;NA;NA;NA;NA;NA;NA;NA;NA;NA;NA
2021-11-18;0-60;10;10,0;10;10;10;10;10;10;10;10;10;10;47;47,0;47;47;47;47;47;47;47;47,0;47,0;47,0;1,000000000000000;1,000000000000000;1,000000000000000;1,000000000000000;1,000000000000000;1,000000000000000;1,000000000000000;1,000000000000000;1,000000000000000;1,000000000000000;1,000000000000000
2021-11-18;60+;24;24,0;24;24;24;24;24;24;24;24;24;24;99;99,0;99;99;99;99;99;99;99;99,0;99,0;99,0;1,000000000000000;1,000000000000000;1,000000000000000;1,000000000000000;1,000000000000000;1,000000000000000;1,000000000000000;1,000000000000000;1,000000000000000;1,000000000000000;1,000000000000000
2021-11-18;alle;34;34,0;34;34;34;34;34;34;34;34;34;34;146;146,0;146;146;146;146;146;146;146;146,0;146,0;146,0;NA;NA;NA;NA;NA;NA;NA;NA;NA;NA;NA
2021-11-17;0-60;8;8,0;8;8;8;8;8;8;8;8;8;8;55;55,0;55;55;55;55;55;55;55;55,0;55,0;55,0;1,000000000000000;1,000000000000000;1,000000000000000;1,000000000000000;1,000000000000000;1,000000000000000;1,000000000000000;1,000000000000000;1,000000000000000;1,000000000000000;1,000000000000000
2021-11-17;60+;21;21,0;21;21;21;21;21;21;21;21;21;21;89;89,0;89;89;89;89;89;89;89;89,0;89,0;89,0;1,000000000000000;1,000000000000000;1,000000000000000;1,000000000000000;1,000000000000000;1,000000000000000;1,000000000000000;1,000000000000000;1,000000000000000;1,000000000000000;1,000000000000000
2021-11-17;alle;29;29,0;29;29;29;29;29;29;29;29;29;29;144;144,0;144;144;144;144;144;144;144;144,0;144,0;144,0;NA;NA;NA;NA;NA;NA;NA;NA;NA;NA;NA
2021-11-16;0-60;6;6,0;6;6;6;6;6;6;6;6;6;6;63;63,0;63;63;63;63;63;63;63;63,0;63,0;63,0;1,000000000000000;1,000000000000000;1,000000000000000;1,000000000000000;1,000000000000000;1,000000000000000;1,000000000000000;1,000000000000000;1,000000000000000;1,000000000000000;1,000000000000000
2021-11-16;60+;14;14,0;14;14;14;14;14;14;14;14;14;14;90;90,0;90;90;90;90;90;90;90;90,0;90,0;90,0;1,000000000000000;1,000000000000000;1,000000000000000;1,000000000000000;1,000000000000000;1,000000000000000;1,000000000000000;1,000000000000000;1,000000000000000;1,000000000000000;1,000000000000000
2021-11-16;alle;20;20,0;20;20;20;20;20;20;20;20;20;20;153;153,0;153;153;153;153;153;153;153;153,0;153,0;153,0;NA;NA;NA;NA;NA;NA;NA;NA;NA;NA;NA
2021-11-15;0-60;0;0,0;0;0;0;0;0;0;0;0;0;0;68;68,0;68;68;68;68;68;68;68;68,0;68,0;68,0;1,000000000000000;1,000000000000000;1,000000000000000;1,000000000000000;1,000000000000000;1,000000000000000;1,000000000000000;1,000000000000000;1,000000000000000;1,000000000000000;1,000000000000000
2021-11-15;60+;5;5,0;5;5;5;5;5;5;5;5;5;5;80;80,0;80;80;80;80;80;80;80;80,0;80,0;80,0;1,000000000000000;1,000000000000000;1,000000000000000;1,000000000000000;1,000000000000000;1,000000000000000;1,000000000000000;1,000000000000000;1,000000000000000;1,000000000000000;1,000000000000000
2021-11-15;alle;5;5,0;5;5;5;5;5;5;5;5;5;5;148;148,0;148;148;148;148;148;148;148;148,0;148,0;148,0;NA;NA;NA;NA;NA;NA;NA;NA;NA;NA;NA
2021-11-14;0-60;3;3,0;3;3;3;3;3;3;3;3;3;3;72;72,0;72;72;72;72;72;72;72;72,0;72,0;72,0;1,000000000000000;1,000000000000000;1,000000000000000;1,000000000000000;1,000000000000000;1,000000000000000;1,000000000000000;1,000000000000000;1,000000000000000;1,000000000000000;1,000000000000000
2021-11-14;60+;9;9,0;9;9;9;9;9;9;9;9;9;9;79;79,0;79;79;79;79;79;79;79;79,0;79,0;79,0;1,000000000000000;1,000000000000000;1,000000000000000;1,000000000000000;1,000000000000000;1,000000000000000;1,000000000000000;1,000000000000000;1,000000000000000;1,000000000000000;1,000000000000000
2021-11-14;alle;12;12,0;12;12;12;12;12;12;12;12;12;12;151;151,0;151;151;151;151;151;151;151;151,0;151,0;151,0;NA;NA;NA;NA;NA;NA;NA;NA;NA;NA;NA
2021-11-13;0-60;12;12,0;12;12;12;12;12;12;12;12;12;12;74;74,0;74;74;74;74;74;74;74;74,0;74,0;74,0;1,000000000000000;1,000000000000000;1,000000000000000;1,000000000000000;1,000000000000000;1,000000000000000;1,000000000000000;1,000000000000000;1,000000000000000;1,000000000000000;1,000000000000000
2021-11-13;60+;15;15,0;15;15;15;15;15;15;15;15;15;15;74;74,0;74;74;74;74;74;74;74;74,0;74,0;74,0;1,000000000000000;1,000000000000000;1,000000000000000;1,000000000000000;1,000000000000000;1,000000000000000;1,000000000000000;1,000000000000000;1,000000000000000;1,000000000000000;1,000000000000000
2021-11-13;alle;27;27,0;27;27;27;27;27;27;27;27;27;27;148;148,0;148;148;148;148;148;148;148;148,0;148,0;148,0;NA;NA;NA;NA;NA;NA;NA;NA;NA;NA;NA
2021-11-12;0-60;8;8,0;8;8;8;8;8;8;8;8;8;8;71;71,0;71;71;71;71;71;71;71;71,0;71,0;71,0;1,000000000000000;1,000000000000000;1,000000000000000;1,000000000000000;1,000000000000000;1,000000000000000;1,000000000000000;1,000000000000000;1,000000000000000;1,000000000000000;1,000000000000000
2021-11-12;60+;11;11,0;11;11;11;11;11;11;11;11;11;11;70;70,0;70;70;70;70;70;70;70;70,0;70,0;70,0;1,000000000000000;1,000000000000000;1,000000000000000;1,000000000000000;1,000000000000000;1,000000000000000;1,000000000000000;1,000000000000000;1,000000000000000;1,000000000000000;1,000000000000000
2021-11-12;alle;19;19,0;19;19;19;19;19;19;19;19;19;19;141;141,0;141;141;141;141;141;141;141;141,0;141,0;141,0;NA;NA;NA;NA;NA;NA;NA;NA;NA;NA;NA
2021-11-11;0-60;18;18,0;18;18;18;18;18;18;18;18;18;18;70;70,0;70;70;70;70;70;70;70;70,0;70,0;70,0;1,000000000000000;1,000000000000000;1,000000000000000;1,000000000000000;1,000000000000000;1,000000000000000;1,000000000000000;1,000000000000000;1,000000000000000;1,000000000000000;1,000000000000000
2021-11-11;60+;14;14,0;14;14;14;14;14;14;14;14;14;14;69;69,0;69;69;69;69;69;69;69;69,0;69,0;69,0;1,000000000000000;1,000000000000000;1,000000000000000;1,000000000000000;1,000000000000000;1,000000000000000;1,000000000000000;1,000000000000000;1,000000000000000;1,000000000000000;1,000000000000000
2021-11-11;alle;32;32,0;32;32;32;32;32;32;32;32;32;32;139;139,0;139;139;139;139;139;139;139;139,0;139,0;139,0;NA;NA;NA;NA;NA;NA;NA;NA;NA;NA;NA
2021-11-10;0-60;16;16,0;16;16;16;16;16;16;16;16;16;16;53;53,0;53;53;53;53;53;53;53;53,0;53,0;53,0;1,000000000000000;1,000000000000000;1,000000000000000;1,000000000000000;1,000000000000000;1,000000000000000;1,000000000000000;1,000000000000000;1,000000000000000;1,000000000000000;1,000000000000000
2021-11-10;60+;22;22,0;22;22;22;22;22;22;22;22;22;22;63;63,0;63;63;63;63;63;63;63;63,0;63,0;63,0;1,000000000000000;1,000000000000000;1,000000000000000;1,000000000000000;1,000000000000000;1,000000000000000;1,000000000000000;1,000000000000000;1,000000000000000;1,000000000000000;1,000000000000000
2021-11-10;alle;38;38,0;38;38;38;38;38;38;38;38;38;38;116;116,0;116;116;116;116;116;116;116;116,0;116,0;116,0;NA;NA;NA;NA;NA;NA;NA;NA;NA;NA;NA
2021-11-09;0-60;11;11,0;11;11;11;11;11;11;11;11;11;11;43;43,0;43;43;43;43;43;43;43;43,0;43,0;43,0;1,000000000000000;1,000000000000000;1,000000000000000;1,000000000000000;1,000000000000000;1,000000000000000;1,000000000000000;1,000000000000000;1,000000000000000;1,000000000000000;1,000000000000000
2021-11-09;60+;4;4,0;4;4;4;4;4;4;4;4;4;4;51;51,0;51;51;51;51;51;51;51;51,0;51,0;51,0;1,000000000000000;1,000000000000000;1,000000000000000;1,000000000000000;1,000000000000000;1,000000000000000;1,000000000000000;1,000000000000000;1,000000000000000;1,000000000000000;1,000000000000000
2021-11-09;alle;15;15,0;15;15;15;15;15;15;15;15;15;15;94;94,0;94;94;94;94;94;94;94;94,0;94,0;94,0;NA;NA;NA;NA;NA;NA;NA;NA;NA;NA;NA
2021-11-08;0-60;4;4,0;4;4;4;4;4;4;4;4;4;4;35;35,0;35;35;35;35;35;35;35;35,0;35,0;35,0;1,000000000000000;1,000000000000000;1,000000000000000;1,000000000000000;1,000000000000000;1,000000000000000;1,000000000000000;1,000000000000000;1,000000000000000;1,000000000000000;1,000000000000000
2021-11-08;60+;4;4,0;4;4;4;4;4;4;4;4;4;4;53;53,0;53;53;53;53;53;53;53;53,0;53,0;53,0;1,000000000000000;1,000000000000000;1,000000000000000;1,000000000000000;1,000000000000000;1,000000000000000;1,000000000000000;1,000000000000000;1,000000000000000;1,000000000000000;1,000000000000000
2021-11-08;alle;8;8,0;8;8;8;8;8;8;8;8;8;8;88;88,0;88;88;88;88;88;88;88;88,0;88,0;88,0;NA;NA;NA;NA;NA;NA;NA;NA;NA;NA;NA
2021-11-07;0-60;5;5,0;5;5;5;5;5;5;5;5;5;5;35;35,0;35;35;35;35;35;35;35;35,0;35,0;35,0;1,000000000000000;1,000000000000000;1,000000000000000;1,000000000000000;1,000000000000000;1,000000000000000;1,000000000000000;1,000000000000000;1,000000000000000;1,000000000000000;1,000000000000000
2021-11-07;60+;4;4,0;4;4;4;4;4;4;4;4;4;4;50;50,0;50;50;50;50;50;50;50;50,0;50,0;50,0;1,000000000000000;1,000000000000000;1,000000000000000;1,000000000000000;1,000000000000000;1,000000000000000;1,000000000000000;1,000000000000000;1,000000000000000;1,000000000000000;1,000000000000000
2021-11-07;alle;9;9,0;9;9;9;9;9;9;9;9;9;9;85;85,0;85;85;85;85;85;85;85;85,0;85,0;85,0;NA;NA;NA;NA;NA;NA;NA;NA;NA;NA;NA
2021-11-06;0-60;9;9,0;9;9;9;9;9;9;9;9;9;9;36;36,0;36;36;36;36;36;36;36;36,0;36,0;36,0;1,000000000000000;1,000000000000000;1,000000000000000;1,000000000000000;1,000000000000000;1,000000000000000;1,000000000000000;1,000000000000000;1,000000000000000;1,000000000000000;1,000000000000000
2021-11-06;60+;11;11,0;11;11;11;11;11;11;11;11;11;11;49;49,0;49;49;49;49;49;49;49;49,0;49,0;49,0;1,000000000000000;1,000000000000000;1,000000000000000;1,000000000000000;1,000000000000000;1,000000000000000;1,000000000000000;1,000000000000000;1,000000000000000;1,000000000000000;1,000000000000000
2021-11-06;alle;20;20,0;20;20;20;20;20;20;20;20;20;20;85;85,0;85;85;85;85;85;85;85;85,0;85,0;85,0;NA;NA;NA;NA;NA;NA;NA;NA;NA;NA;NA
2021-11-05;0-60;7;7,0;7;7;7;7;7;7;7;7;7;7;36;36,0;36;36;36;36;36;36;36;36,0;36,0;36,0;1,000000000000000;1,000000000000000;1,000000000000000;1,000000000000000;1,000000000000000;1,000000000000000;1,000000000000000;1,000000000000000;1,000000000000000;1,000000000000000;1,000000000000000
2021-11-05;60+;10;10,0;10;10;10;10;10;10;10;10;10;10;45;45,0;45;45;45;45;45;45;45;45,0;45,0;45,0;1,000000000000000;1,000000000000000;1,000000000000000;1,000000000000000;1,000000000000000;1,000000000000000;1,000000000000000;1,000000000000000;1,000000000000000;1,000000000000000;1,000000000000000
2021-11-05;alle;17;17,0;17;17;17;17;17;17;17;17;17;17;81;81,0;81;81;81;81;81;81;81;81,0;81,0;81,0;NA;NA;NA;NA;NA;NA;NA;NA;NA;NA;NA
2021-11-04;0-60;1;1,0;1;1;1;1;1;1;1;1;1;1;37;37,0;37;37;37;37;37;37;37;37,0;37,0;37,0;1,000000000000000;1,000000000000000;1,000000000000000;1,000000000000000;1,000000000000000;1,000000000000000;1,000000000000000;1,000000000000000;1,000000000000000;1,000000000000000;1,000000000000000
2021-11-04;60+;8;8,0;8;8;8;8;8;8;8;8;8;8;44;44,0;44;44;44;44;44;44;44;44,0;44,0;44,0;1,000000000000000;1,000000000000000;1,000000000000000;1,000000000000000;1,000000000000000;1,000000000000000;1,000000000000000;1,000000000000000;1,000000000000000;1,000000000000000;1,000000000000000
2021-11-04;alle;9;9,0;9;9;9;9;9;9;9;9;9;9;81;81,0;81;81;81;81;81;81;81;81,0;81,0;81,0;NA;NA;NA;NA;NA;NA;NA;NA;NA;NA;NA
2021-11-03;0-60;6;6,0;6;6;6;6;6;6;6;6;6;6;46;46,0;46;46;46;46;46;46;46;46,0;46,0;46,0;1,000000000000000;1,000000000000000;1,000000000000000;1,000000000000000;1,000000000000000;1,000000000000000;1,000000000000000;1,000000000000000;1,000000000000000;1,000000000000000;1,000000000000000
2021-11-03;60+;10;10,0;10;10;10;10;10;10;10;10;10;10;42;42,0;42;42;42;42;42;42;42;42,0;42,0;42,0;1,000000000000000;1,000000000000000;1,000000000000000;1,000000000000000;1,000000000000000;1,000000000000000;1,000000000000000;1,000000000000000;1,000000000000000;1,000000000000000;1,000000000000000
2021-11-03;alle;16;16,0;16;16;16;16;16;16;16;16;16;16;88;88,0;88;88;88;88;88;88;88;88,0;88,0;88,0;NA;NA;NA;NA;NA;NA;NA;NA;NA;NA;NA
2021-11-02;0-60;3;3,0;3;3;3;3;3;3;3;3;3;3;51;51,0;51;51;51;51;51;51;51;51,0;51,0;51,0;1,000000000000000;1,000000000000000;1,000000000000000;1,000000000000000;1,000000000000000;1,000000000000000;1,000000000000000;1,000000000000000;1,000000000000000;1,000000000000000;1,000000000000000
2021-11-02;60+;6;6,0;6;6;6;6;6;6;6;6;6;6;38;38,0;38;38;38;38;38;38;38;38,0;38,0;38,0;1,000000000000000;1,000000000000000;1,000000000000000;1,000000000000000;1,000000000000000;1,000000000000000;1,000000000000000;1,000000000000000;1,000000000000000;1,000000000000000;1,000000000000000
2021-11-02;alle;9;9,0;9;9;9;9;9;9;9;9;9;9;89;89,0;89;89;89;89;89;89;89;89,0;89,0;89,0;NA;NA;NA;NA;NA;NA;NA;NA;NA;NA;NA
2021-11-01;0-60;4;4,0;4;4;4;4;4;4;4;4;4;4;51;51,0;51;51;51;51;51;51;51;51,0;51,0;51,0;1,000000000000000;1,000000000000000;1,000000000000000;1,000000000000000;1,000000000000000;1,000000000000000;1,000000000000000;1,000000000000000;1,000000000000000;1,000000000000000;1,000000000000000
2021-11-01;60+;1;1,0;1;1;1;1;1;1;1;1;1;1;37;37,0;37;37;37;37;37;37;37;37,0;37,0;37,0;1,000000000000000;1,000000000000000;1,000000000000000;1,000000000000000;1,000000000000000;1,000000000000000;1,000000000000000;1,000000000000000;1,000000000000000;1,000000000000000;1,000000000000000
2021-11-01;alle;5;5,0;5;5;5;5;5;5;5;5;5;5;88;88,0;88;88;88;88;88;88;88;88,0;88,0;88,0;NA;NA;NA;NA;NA;NA;NA;NA;NA;NA;NA
2021-10-31;0-60;6;6,0;6;6;6;6;6;6;6;6;6;6;50;50,0;50;50;50;50;50;50;50;50,0;50,0;50,0;1,000000000000000;1,000000000000000;1,000000000000000;1,000000000000000;1,000000000000000;1,000000000000000;1,000000000000000;1,000000000000000;1,000000000000000;1,000000000000000;1,000000000000000
2021-10-31;60+;3;3,0;3;3;3;3;3;3;3;3;3;3;36;36,0;36;36;36;36;36;36;36;36,0;36,0;36,0;1,000000000000000;1,000000000000000;1,000000000000000;1,000000000000000;1,000000000000000;1,000000000000000;1,000000000000000;1,000000000000000;1,000000000000000;1,000000000000000;1,000000000000000
2021-10-31;alle;9;9,0;9;9;9;9;9;9;9;9;9;9;86;86,0;86;86;86;86;86;86;86;86,0;86,0;86,0;NA;NA;NA;NA;NA;NA;NA;NA;NA;NA;NA
2021-10-30;0-60;9;9,0;9;9;9;9;9;9;9;9;9;9;49;49,0;49;49;49;49;49;49;49;49,0;49,0;49,0;1,000000000000000;1,000000000000000;1,000000000000000;1,000000000000000;1,000000000000000;1,000000000000000;1,000000000000000;1,000000000000000;1,000000000000000;1,000000000000000;1,000000000000000
2021-10-30;60+;7;7,0;7;7;7;7;7;7;7;7;7;7;38;38,0;38;38;38;38;38;38;38;38,0;38,0;38,0;1,000000000000000;1,000000000000000;1,000000000000000;1,000000000000000;1,000000000000000;1,000000000000000;1,000000000000000;1,000000000000000;1,000000000000000;1,000000000000000;1,000000000000000
2021-10-30;alle;16;16,0;16;16;16;16;16;16;16;16;16;16;87;87,0;87;87;87;87;87;87;87;87,0;87,0;87,0;NA;NA;NA;NA;NA;NA;NA;NA;NA;NA;NA
2021-10-29;0-60;8;8,0;8;8;8;8;8;8;8;8;8;8;48;48,0;48;48;48;48;48;48;48;48,0;48,0;48,0;1,000000000000000;1,000000000000000;1,000000000000000;1,000000000000000;1,000000000000000;1,000000000000000;1,000000000000000;1,000000000000000;1,000000000000000;1,000000000000000;1,000000000000000
2021-10-29;60+;9;9,0;9;9;9;9;9;9;9;9;9;9;40;40,0;40;40;40;40;40;40;40;40,0;40,0;40,0;1,000000000000000;1,000000000000000;1,000000000000000;1,000000000000000;1,000000000000000;1,000000000000000;1,000000000000000;1,000000000000000;1,000000000000000;1,000000000000000;1,000000000000000
2021-10-29;alle;17;17,0;17;17;17;17;17;17;17;17;17;17;88;88,0;88;88;88;88;88;88;88;88,0;88,0;88,0;NA;NA;NA;NA;NA;NA;NA;NA;NA;NA;NA
2021-10-28;0-60;10;10,0;10;10;10;10;10;10;10;10;10;10;52;52,0;52;52;52;52;52;52;52;52,0;52,0;52,0;1,000000000000000;1,000000000000000;1,000000000000000;1,000000000000000;1,000000000000000;1,000000000000000;1,000000000000000;1,000000000000000;1,000000000000000;1,000000000000000;1,000000000000000
2021-10-28;60+;6;6,0;6;6;6;6;6;6;6;6;6;6;37;37,0;37;37;37;37;37;37;37;37,0;37,0;37,0;1,000000000000000;1,000000000000000;1,000000000000000;1,000000000000000;1,000000000000000;1,000000000000000;1,000000000000000;1,000000000000000;1,000000000000000;1,000000000000000;1,000000000000000
2021-10-28;alle;16;16,0;16;16;16;16;16;16;16;16;16;16;89;89,0;89;89;89;89;89;89;89;89,0;89,0;89,0;NA;NA;NA;NA;NA;NA;NA;NA;NA;NA;NA
2021-10-27;0-60;11;11,0;11;11;11;11;11;11;11;11;11;11;53;53,0;53;53;53;53;53;53;53;53,0;53,0;53,0;1,000000000000000;1,000000000000000;1,000000000000000;1,000000000000000;1,000000000000000;1,000000000000000;1,000000000000000;1,000000000000000;1,000000000000000;1,000000000000000;1,000000000000000
2021-10-27;60+;6;6,0;6;6;6;6;6;6;6;6;6;6;34;34,0;34;34;34;34;34;34;34;34,0;34,0;34,0;1,000000000000000;1,000000000000000;1,000000000000000;1,000000000000000;1,000000000000000;1,000000000000000;1,000000000000000;1,000000000000000;1,000000000000000;1,000000000000000;1,000000000000000
2021-10-27;alle;17;17,0;17;17;17;17;17;17;17;17;17;17;87;87,0;87;87;87;87;87;87;87;87,0;87,0;87,0;NA;NA;NA;NA;NA;NA;NA;NA;NA;NA;NA
2021-10-26;0-60;3;3,0;3;3;3;3;3;3;3;3;3;3;52;52,0;52;52;52;52;52;52;52;52,0;52,0;52,0;1,000000000000000;1,000000000000000;1,000000000000000;1,000000000000000;1,000000000000000;1,000000000000000;1,000000000000000;1,000000000000000;1,000000000000000;1,000000000000000;1,000000000000000
2021-10-26;60+;5;5,0;5;5;5;5;5;5;5;5;5;5;39;39,0;39;39;39;39;39;39;39;39,0;39,0;39,0;1,000000000000000;1,000000000000000;1,000000000000000;1,000000000000000;1,000000000000000;1,000000000000000;1,000000000000000;1,000000000000000;1,000000000000000;1,000000000000000;1,000000000000000
2021-10-26;alle;8;8,0;8;8;8;8;8;8;8;8;8;8;91;91,0;91;91;91;91;91;91;91;91,0;91,0;91,0;NA;NA;NA;NA;NA;NA;NA;NA;NA;NA;NA
2021-10-25;0-60;3;3,0;3;3;3;3;3;3;3;3;3;3;57;57,0;57;57;57;57;57;57;57;57,0;57,0;57,0;1,000000000000000;1,000000000000000;1,000000000000000;1,000000000000000;1,000000000000000;1,000000000000000;1,000000000000000;1,000000000000000;1,000000000000000;1,000000000000000;1,000000000000000
2021-10-25;60+;0;0,0;0;0;0;0;0;0;0;0;0;0;43;43,0;43;43;43;43;43;43;43;43,0;43,0;43,0;1,000000000000000;1,000000000000000;1,000000000000000;1,000000000000000;1,000000000000000;1,000000000000000;1,000000000000000;1,000000000000000;1,000000000000000;1,000000000000000;1,000000000000000
2021-10-25;alle;3;3,0;3;3;3;3;3;3;3;3;3;3;100;100,0;100;100;100;100;100;100;100;100,0;100,0;100,0;NA;NA;NA;NA;NA;NA;NA;NA;NA;NA;NA
2021-10-24;0-60;5;5,0;5;5;5;5;5;5;5;5;5;5;55;55,0;55;55;55;55;55;55;55;55,0;55,0;55,0;1,000000000000000;1,000000000000000;1,000000000000000;1,000000000000000;1,000000000000000;1,000000000000000;1,000000000000000;1,000000000000000;1,000000000000000;1,000000000000000;1,000000000000000
2021-10-24;60+;5;5,0;5;5;5;5;5;5;5;5;5;5;44;44,0;44;44;44;44;44;44;44;44,0;44,0;44,0;1,000000000000000;1,000000000000000;1,000000000000000;1,000000000000000;1,000000000000000;1,000000000000000;1,000000000000000;1,000000000000000;1,000000000000000;1,000000000000000;1,000000000000000
2021-10-24;alle;10;10,0;10;10;10;10;10;10;10;10;10;10;99;99,0;99;99;99;99;99;99;99;99,0;99,0;99,0;NA;NA;NA;NA;NA;NA;NA;NA;NA;NA;NA
2021-10-23;0-60;8;8,0;8;8;8;8;8;8;8;8;8;8;53;53,0;53;53;53;53;53;53;53;53,0;53,0;53,0;1,000000000000000;1,000000000000000;1,000000000000000;1,000000000000000;1,000000000000000;1,000000000000000;1,000000000000000;1,000000000000000;1,000000000000000;1,000000000000000;1,000000000000000
2021-10-23;60+;9;9,0;9;9;9;9;9;9;9;9;9;9;41;41,0;41;41;41;41;41;41;41;41,0;41,0;41,0;1,000000000000000;1,000000000000000;1,000000000000000;1,000000000000000;1,000000000000000;1,000000000000000;1,000000000000000;1,000000000000000;1,000000000000000;1,000000000000000;1,000000000000000
2021-10-23;alle;17;17,0;17;17;17;17;17;17;17;17;17;17;94;94,0;94;94;94;94;94;94;94;94,0;94,0;94,0;NA;NA;NA;NA;NA;NA;NA;NA;NA;NA;NA
2021-10-22;0-60;12;12,0;12;12;12;12;12;12;12;12;12;12;46;46,0;46;46;46;46;46;46;46;46,0;46,0;46,0;1,000000000000000;1,000000000000000;1,000000000000000;1,000000000000000;1,000000000000000;1,000000000000000;1,000000000000000;1,000000000000000;1,000000000000000;1,000000000000000;1,000000000000000
2021-10-22;60+;6;6,0;6;6;6;6;6;6;6;6;6;6;42;42,0;42;42;42;42;42;42;42;42,0;42,0;42,0;1,000000000000000;1,000000000000000;1,000000000000000;1,000000000000000;1,000000000000000;1,000000000000000;1,000000000000000;1,000000000000000;1,000000000000000;1,000000000000000;1,000000000000000
2021-10-22;alle;18;18,0;18;18;18;18;18;18;18;18;18;18;88;88,0;88;88;88;88;88;88;88;88,0;88,0;88,0;NA;NA;NA;NA;NA;NA;NA;NA;NA;NA;NA
2021-10-21;0-60;11;11,0;11;11;11;11;11;11;11;11;11;11;37;37,0;37;37;37;37;37;37;37;37,0;37,0;37,0;1,000000000000000;1,000000000000000;1,000000000000000;1,000000000000000;1,000000000000000;1,000000000000000;1,000000000000000;1,000000000000000;1,000000000000000;1,000000000000000;1,000000000000000
2021-10-21;60+;3;3,0;3;3;3;3;3;3;3;3;3;3;40;40,0;40;40;40;40;40;40;40;40,0;40,0;40,0;1,000000000000000;1,000000000000000;1,000000000000000;1,000000000000000;1,000000000000000;1,000000000000000;1,000000000000000;1,000000000000000;1,000000000000000;1,000000000000000;1,000000000000000
2021-10-21;alle;14;14,0;14;14;14;14;14;14;14;14;14;14;77;77,0;77;77;77;77;77;77;77;77,0;77,0;77,0;NA;NA;NA;NA;NA;NA;NA;NA;NA;NA;NA
2021-10-20;0-60;10;10,0;10;10;10;10;10;10;10;10;10;10;30;30,0;30;30;30;30;30;30;30;30,0;30,0;30,0;1,000000000000000;1,000000000000000;1,000000000000000;1,000000000000000;1,000000000000000;1,000000000000000;1,000000000000000;1,000000000000000;1,000000000000000;1,000000000000000;1,000000000000000
2021-10-20;60+;11;11,0;11;11;11;11;11;11;11;11;11;11;40;40,0;40;40;40;40;40;40;40;40,0;40,0;40,0;1,000000000000000;1,000000000000000;1,000000000000000;1,000000000000000;1,000000000000000;1,000000000000000;1,000000000000000;1,000000000000000;1,000000000000000;1,000000000000000;1,000000000000000
2021-10-20;alle;21;21,0;21;21;21;21;21;21;21;21;21;21;70;70,0;70;70;70;70;70;70;70;70,0;70,0;70,0;NA;NA;NA;NA;NA;NA;NA;NA;NA;NA;NA
2021-10-19;0-60;8;8,0;8;8;8;8;8;8;8;8;8;8;23;23,0;23;23;23;23;23;23;23;23,0;23,0;23,0;1,000000000000000;1,000000000000000;1,000000000000000;1,000000000000000;1,000000000000000;1,000000000000000;1,000000000000000;1,000000000000000;1,000000000000000;1,000000000000000;1,000000000000000
2021-10-19;60+;9;9,0;9;9;9;9;9;9;9;9;9;9;34;34,0;34;34;34;34;34;34;34;34,0;34,0;34,0;1,000000000000000;1,000000000000000;1,000000000000000;1,000000000000000;1,000000000000000;1,000000000000000;1,000000000000000;1,000000000000000;1,000000000000000;1,000000000000000;1,000000000000000
2021-10-19;alle;17;17,0;17;17;17;17;17;17;17;17;17;17;57;57,0;57;57;57;57;57;57;57;57,0;57,0;57,0;NA;NA;NA;NA;NA;NA;NA;NA;NA;NA;NA
2021-10-18;0-60;1;1,0;1;1;1;1;1;1;1;1;1;1;20;20,0;20;20;20;20;20;20;20;20,0;20,0;20,0;1,000000000000000;1,000000000000000;1,000000000000000;1,000000000000000;1,000000000000000;1,000000000000000;1,000000000000000;1,000000000000000;1,000000000000000;1,000000000000000;1,000000000000000
2021-10-18;60+;1;1,0;1;1;1;1;1;1;1;1;1;1;31;31,0;31;31;31;31;31;31;31;31,0;31,0;31,0;1,000000000000000;1,000000000000000;1,000000000000000;1,000000000000000;1,000000000000000;1,000000000000000;1,000000000000000;1,000000000000000;1,000000000000000;1,000000000000000;1,000000000000000
2021-10-18;alle;2;2,0;2;2;2;2;2;2;2;2;2;2;51;51,0;51;51;51;51;51;51;51;51,0;51,0;51,0;NA;NA;NA;NA;NA;NA;NA;NA;NA;NA;NA
2021-10-17;0-60;3;3,0;3;3;3;3;3;3;3;3;3;3;20;20,0;20;20;20;20;20;20;20;20,0;20,0;20,0;1,000000000000000;1,000000000000000;1,000000000000000;1,000000000000000;1,000000000000000;1,000000000000000;1,000000000000000;1,000000000000000;1,000000000000000;1,000000000000000;1,000000000000000
2021-10-17;60+;2;2,0;2;2;2;2;2;2;2;2;2;2;32;32,0;32;32;32;32;32;32;32;32,0;32,0;32,0;1,000000000000000;1,000000000000000;1,000000000000000;1,000000000000000;1,000000000000000;1,000000000000000;1,000000000000000;1,000000000000000;1,000000000000000;1,000000000000000;1,000000000000000
2021-10-17;alle;5;5,0;5;5;5;5;5;5;5;5;5;5;52;52,0;52;52;52;52;52;52;52;52,0;52,0;52,0;NA;NA;NA;NA;NA;NA;NA;NA;NA;NA;NA
2021-10-16;0-60;1;1,0;1;1;1;1;1;1;1;1;1;1;19;19,0;19;19;19;19;19;19;19;19,0;19,0;19,0;1,000000000000000;1,000000000000000;1,000000000000000;1,000000000000000;1,000000000000000;1,000000000000000;1,000000000000000;1,000000000000000;1,000000000000000;1,000000000000000;1,000000000000000
2021-10-16;60+;10;10,0;10;10;10;10;10;10;10;10;10;10;35;35,0;35;35;35;35;35;35;35;35,0;35,0;35,0;1,000000000000000;1,000000000000000;1,000000000000000;1,000000000000000;1,000000000000000;1,000000000000000;1,000000000000000;1,000000000000000;1,000000000000000;1,000000000000000;1,000000000000000
2021-10-16;alle;11;11,0;11;11;11;11;11;11;11;11;11;11;54;54,0;54;54;54;54;54;54;54;54,0;54,0;54,0;NA;NA;NA;NA;NA;NA;NA;NA;NA;NA;NA
2021-10-15;0-60;3;3,0;3;3;3;3;3;3;3;3;3;3;24;24,0;24;24;24;24;24;24;24;24,0;24,0;24,0;1,000000000000000;1,000000000000000;1,000000000000000;1,000000000000000;1,000000000000000;1,000000000000000;1,000000000000000;1,000000000000000;1,000000000000000;1,000000000000000;1,000000000000000
2021-10-15;60+;4;4,0;4;4;4;4;4;4;4;4;4;4;29;29,0;29;29;29;29;29;29;29;29,0;29,0;29,0;1,000000000000000;1,000000000000000;1,000000000000000;1,000000000000000;1,000000000000000;1,000000000000000;1,000000000000000;1,000000000000000;1,000000000000000;1,000000000000000;1,000000000000000
2021-10-15;alle;7;7,0;7;7;7;7;7;7;7;7;7;7;53;53,0;53;53;53;53;53;53;53;53,0;53,0;53,0;NA;NA;NA;NA;NA;NA;NA;NA;NA;NA;NA
2021-10-14;0-60;4;4,0;4;4;4;4;4;4;4;4;4;4;25;25,0;25;25;25;25;25;25;25;25,0;25,0;25,0;1,000000000000000;1,000000000000000;1,000000000000000;1,000000000000000;1,000000000000000;1,000000000000000;1,000000000000000;1,000000000000000;1,000000000000000;1,000000000000000;1,000000000000000
2021-10-14;60+;3;3,0;3;3;3;3;3;3;3;3;3;3;31;31,0;31;31;31;31;31;31;31;31,0;31,0;31,0;1,000000000000000;1,000000000000000;1,000000000000000;1,000000000000000;1,000000000000000;1,000000000000000;1,000000000000000;1,000000000000000;1,000000000000000;1,000000000000000;1,000000000000000
2021-10-14;alle;7;7,0;7;7;7;7;7;7;7;7;7;7;56;56,0;56;56;56;56;56;56;56;56,0;56,0;56,0;NA;NA;NA;NA;NA;NA;NA;NA;NA;NA;NA
2021-10-13;0-60;3;3,0;3;3;3;3;3;3;3;3;3;3;22;22,0;22;22;22;22;22;22;22;22,0;22,0;22,0;1,000000000000000;1,000000000000000;1,000000000000000;1,000000000000000;1,000000000000000;1,000000000000000;1,000000000000000;1,000000000000000;1,000000000000000;1,000000000000000;1,000000000000000
2021-10-13;60+;5;5,0;5;5;5;5;5;5;5;5;5;5;30;30,0;30;30;30;30;30;30;30;30,0;30,0;30,0;1,000000000000000;1,000000000000000;1,000000000000000;1,000000000000000;1,000000000000000;1,000000000000000;1,000000000000000;1,000000000000000;1,000000000000000;1,000000000000000;1,000000000000000
2021-10-13;alle;8;8,0;8;8;8;8;8;8;8;8;8;8;52;52,0;52;52;52;52;52;52;52;52,0;52,0;52,0;NA;NA;NA;NA;NA;NA;NA;NA;NA;NA;NA
2021-10-12;0-60;5;5,0;5;5;5;5;5;5;5;5;5;5;23;23,0;23;23;23;23;23;23;23;23,0;23,0;23,0;1,000000000000000;1,000000000000000;1,000000000000000;1,000000000000000;1,000000000000000;1,000000000000000;1,000000000000000;1,000000000000000;1,000000000000000;1,000000000000000;1,000000000000000
2021-10-12;60+;6;6,0;6;6;6;6;6;6;6;6;6;6;33;33,0;33;33;33;33;33;33;33;33,0;33,0;33,0;1,000000000000000;1,000000000000000;1,000000000000000;1,000000000000000;1,000000000000000;1,000000000000000;1,000000000000000;1,000000000000000;1,000000000000000;1,000000000000000;1,000000000000000
2021-10-12;alle;11;11,0;11;11;11;11;11;11;11;11;11;11;56;56,0;56;56;56;56;56;56;56;56,0;56,0;56,0;NA;NA;NA;NA;NA;NA;NA;NA;NA;NA;NA
2021-10-11;0-60;1;1,0;1;1;1;1;1;1;1;1;1;1;22;22,0;22;22;22;22;22;22;22;22,0;22,0;22,0;1,000000000000000;1,000000000000000;1,000000000000000;1,000000000000000;1,000000000000000;1,000000000000000;1,000000000000000;1,000000000000000;1,000000000000000;1,000000000000000;1,000000000000000
2021-10-11;60+;2;2,0;2;2;2;2;2;2;2;2;2;2;32;32,0;32;32;32;32;32;32;32;32,0;32,0;32,0;1,000000000000000;1,000000000000000;1,000000000000000;1,000000000000000;1,000000000000000;1,000000000000000;1,000000000000000;1,000000000000000;1,000000000000000;1,000000000000000;1,000000000000000
2021-10-11;alle;3;3,0;3;3;3;3;3;3;3;3;3;3;54;54,0;54;54;54;54;54;54;54;54,0;54,0;54,0;NA;NA;NA;NA;NA;NA;NA;NA;NA;NA;NA
2021-10-10;0-60;2;2,0;2;2;2;2;2;2;2;2;2;2;23;23,0;23;23;23;23;23;23;23;23,0;23,0;23,0;1,000000000000000;1,000000000000000;1,000000000000000;1,000000000000000;1,000000000000000;1,000000000000000;1,000000000000000;1,000000000000000;1,000000000000000;1,000000000000000;1,000000000000000
2021-10-10;60+;5;5,0;5;5;5;5;5;5;5;5;5;5;32;32,0;32;32;32;32;32;32;32;32,0;32,0;32,0;1,000000000000000;1,000000000000000;1,000000000000000;1,000000000000000;1,000000000000000;1,000000000000000;1,000000000000000;1,000000000000000;1,000000000000000;1,000000000000000;1,000000000000000
2021-10-10;alle;7;7,0;7;7;7;7;7;7;7;7;7;7;55;55,0;55;55;55;55;55;55;55;55,0;55,0;55,0;NA;NA;NA;NA;NA;NA;NA;NA;NA;NA;NA
2021-10-09;0-60;6;6,0;6;6;6;6;6;6;6;6;6;6;24;24,0;24;24;24;24;24;24;24;24,0;24,0;24,0;1,000000000000000;1,000000000000000;1,000000000000000;1,000000000000000;1,000000000000000;1,000000000000000;1,000000000000000;1,000000000000000;1,000000000000000;1,000000000000000;1,000000000000000
2021-10-09;60+;4;4,0;4;4;4;4;4;4;4;4;4;4;33;33,0;33;33;33;33;33;33;33;33,0;33,0;33,0;1,000000000000000;1,000000000000000;1,000000000000000;1,000000000000000;1,000000000000000;1,000000000000000;1,000000000000000;1,000000000000000;1,000000000000000;1,000000000000000;1,000000000000000
2021-10-09;alle;10;10,0;10;10;10;10;10;10;10;10;10;10;57;57,0;57;57;57;57;57;57;57;57,0;57,0;57,0;NA;NA;NA;NA;NA;NA;NA;NA;NA;NA;NA
2021-10-08;0-60;4;4,0;4;4;4;4;4;4;4;4;4;4;24;24,0;24;24;24;24;24;24;24;24,0;24,0;24,0;1,000000000000000;1,000000000000000;1,000000000000000;1,000000000000000;1,000000000000000;1,000000000000000;1,000000000000000;1,000000000000000;1,000000000000000;1,000000000000000;1,000000000000000
2021-10-08;60+;6;6,0;6;6;6;6;6;6;6;6;6;6;33;33,0;33;33;33;33;33;33;33;33,0;33,0;33,0;1,000000000000000;1,000000000000000;1,000000000000000;1,000000000000000;1,000000000000000;1,000000000000000;1,000000000000000;1,000000000000000;1,000000000000000;1,000000000000000;1,000000000000000
2021-10-08;alle;10;10,0;10;10;10;10;10;10;10;10;10;10;57;57,0;57;57;57;57;57;57;57;57,0;57,0;57,0;NA;NA;NA;NA;NA;NA;NA;NA;NA;NA;NA
2021-10-07;0-60;1;1,0;1;1;1;1;1;1;1;1;1;1;27;27,0;27;27;27;27;27;27;27;27,0;27,0;27,0;1,000000000000000;1,000000000000000;1,000000000000000;1,000000000000000;1,000000000000000;1,000000000000000;1,000000000000000;1,000000000000000;1,000000000000000;1,000000000000000;1,000000000000000
2021-10-07;60+;2;2,0;2;2;2;2;2;2;2;2;2;2;34;34,0;34;34;34;34;34;34;34;34,0;34,0;34,0;1,000000000000000;1,000000000000000;1,000000000000000;1,000000000000000;1,000000000000000;1,000000000000000;1,000000000000000;1,000000000000000;1,000000000000000;1,000000000000000;1,000000000000000
2021-10-07;alle;3;3,0;3;3;3;3;3;3;3;3;3;3;61;61,0;61;61;61;61;61;61;61;61,0;61,0;61,0;NA;NA;NA;NA;NA;NA;NA;NA;NA;NA;NA
2021-10-06;0-60;4;4,0;4;4;4;4;4;4;4;4;4;4;29;29,0;29;29;29;29;29;29;29;29,0;29,0;29,0;1,000000000000000;1,000000000000000;1,000000000000000;1,000000000000000;1,000000000000000;1,000000000000000;1,000000000000000;1,000000000000000;1,000000000000000;1,000000000000000;1,000000000000000
2021-10-06;60+;8;8,0;8;8;8;8;8;8;8;8;8;8;36;36,0;36;36;36;36;36;36;36;36,0;36,0;36,0;1,000000000000000;1,000000000000000;1,000000000000000;1,000000000000000;1,000000000000000;1,000000000000000;1,000000000000000;1,000000000000000;1,000000000000000;1,000000000000000;1,000000000000000
2021-10-06;alle;12;12,0;12;12;12;12;12;12;12;12;12;12;65;65,0;65;65;65;65;65;65;65;65,0;65,0;65,0;NA;NA;NA;NA;NA;NA;NA;NA;NA;NA;NA
2021-10-05;0-60;4;4,0;4;4;4;4;4;4;4;4;4;4;28;28,0;28;28;28;28;28;28;28;28,0;28,0;28,0;1,000000000000000;1,000000000000000;1,000000000000000;1,000000000000000;1,000000000000000;1,000000000000000;1,000000000000000;1,000000000000000;1,000000000000000;1,000000000000000;1,000000000000000
2021-10-05;60+;5;5,0;5;5;5;5;5;5;5;5;5;5;31;31,0;31;31;31;31;31;31;31;31,0;31,0;31,0;1,000000000000000;1,000000000000000;1,000000000000000;1,000000000000000;1,000000000000000;1,000000000000000;1,000000000000000;1,000000000000000;1,000000000000000;1,000000000000000;1,000000000000000
2021-10-05;alle;9;9,0;9;9;9;9;9;9;9;9;9;9;59;59,0;59;59;59;59;59;59;59;59,0;59,0;59,0;NA;NA;NA;NA;NA;NA;NA;NA;NA;NA;NA
2021-10-04;0-60;2;2,0;2;2;2;2;2;2;2;2;2;2;28;28,0;28;28;28;28;28;28;28;28,0;28,0;28,0;1,000000000000000;1,000000000000000;1,000000000000000;1,000000000000000;1,000000000000000;1,000000000000000;1,000000000000000;1,000000000000000;1,000000000000000;1,000000000000000;1,000000000000000
2021-10-04;60+;2;2,0;2;2;2;2;2;2;2;2;2;2;31;31,0;31;31;31;31;31;31;31;31,0;31,0;31,0;1,000000000000000;1,000000000000000;1,000000000000000;1,000000000000000;1,000000000000000;1,000000000000000;1,000000000000000;1,000000000000000;1,000000000000000;1,000000000000000;1,000000000000000
2021-10-04;alle;4;4,0;4;4;4;4;4;4;4;4;4;4;59;59,0;59;59;59;59;59;59;59;59,0;59,0;59,0;NA;NA;NA;NA;NA;NA;NA;NA;NA;NA;NA
2021-10-03;0-60;3;3,0;3;3;3;3;3;3;3;3;3;3;29;29,0;29;29;29;29;29;29;29;29,0;29,0;29,0;1,000000000000000;1,000000000000000;1,000000000000000;1,000000000000000;1,000000000000000;1,000000000000000;1,000000000000000;1,000000000000000;1,000000000000000;1,000000000000000;1,000000000000000
2021-10-03;60+;6;6,0;6;6;6;6;6;6;6;6;6;6;29;29,0;29;29;29;29;29;29;29;29,0;29,0;29,0;1,000000000000000;1,000000000000000;1,000000000000000;1,000000000000000;1,000000000000000;1,000000000000000;1,000000000000000;1,000000000000000;1,000000000000000;1,000000000000000;1,000000000000000
2021-10-03;alle;9;9,0;9;9;9;9;9;9;9;9;9;9;58;58,0;58;58;58;58;58;58;58;58,0;58,0;58,0;NA;NA;NA;NA;NA;NA;NA;NA;NA;NA;NA
2021-10-02;0-60;6;6,0;6;6;6;6;6;6;6;6;6;6;28;28,0;28;28;28;28;28;28;28;28,0;28,0;28,0;1,000000000000000;1,000000000000000;1,000000000000000;1,000000000000000;1,000000000000000;1,000000000000000;1,000000000000000;1,000000000000000;1,000000000000000;1,000000000000000;1,000000000000000
2021-10-02;60+;4;4,0;4;4;4;4;4;4;4;4;4;4;25;25,0;25;25;25;25;25;25;25;25,0;25,0;25,0;1,000000000000000;1,000000000000000;1,000000000000000;1,000000000000000;1,000000000000000;1,000000000000000;1,000000000000000;1,000000000000000;1,000000000000000;1,000000000000000;1,000000000000000
2021-10-02;alle;10;10,0;10;10;10;10;10;10;10;10;10;10;53;53,0;53;53;53;53;53;53;53;53,0;53,0;53,0;NA;NA;NA;NA;NA;NA;NA;NA;NA;NA;NA
2021-10-01;0-60;7;7,0;7;7;7;7;7;7;7;7;7;7;32;32,0;32;32;32;32;32;32;32;32,0;32,0;32,0;1,000000000000000;1,000000000000000;1,000000000000000;1,000000000000000;1,000000000000000;1,000000000000000;1,000000000000000;1,000000000000000;1,000000000000000;1,000000000000000;1,000000000000000
2021-10-01;60+;7;7,0;7;7;7;7;7;7;7;7;7;7;23;23,0;23;23;23;23;23;23;23;23,0;23,0;23,0;1,000000000000000;1,000000000000000;1,000000000000000;1,000000000000000;1,000000000000000;1,000000000000000;1,000000000000000;1,000000000000000;1,000000000000000;1,000000000000000;1,000000000000000
2021-10-01;alle;14;14,0;14;14;14;14;14;14;14;14;14;14;55;55,0;55;55;55;55;55;55;55;55,0;55,0;55,0;NA;NA;NA;NA;NA;NA;NA;NA;NA;NA;NA
2021-09-30;0-60;3;3,0;3;3;3;3;3;3;3;3;3;3;32;32,0;32;32;32;32;32;32;32;32,0;32,0;32,0;1,000000000000000;1,000000000000000;1,000000000000000;1,000000000000000;1,000000000000000;1,000000000000000;1,000000000000000;1,000000000000000;1,000000000000000;1,000000000000000;1,000000000000000
2021-09-30;60+;4;4,0;4;4;4;4;4;4;4;4;4;4;17;17,0;17;17;17;17;17;17;17;17,0;17,0;17,0;1,000000000000000;1,000000000000000;1,000000000000000;1,000000000000000;1,000000000000000;1,000000000000000;1,000000000000000;1,000000000000000;1,000000000000000;1,000000000000000;1,000000000000000
2021-09-30;alle;7;7,0;7;7;7;7;7;7;7;7;7;7;49;49,0;49;49;49;49;49;49;49;49,0;49,0;49,0;NA;NA;NA;NA;NA;NA;NA;NA;NA;NA;NA
2021-09-29;0-60;3;3,0;3;3;3;3;3;3;3;3;3;3;37;37,0;37;37;37;37;37;37;37;37,0;37,0;37,0;1,000000000000000;1,000000000000000;1,000000000000000;1,000000000000000;1,000000000000000;1,000000000000000;1,000000000000000;1,000000000000000;1,000000000000000;1,000000000000000;1,000000000000000
2021-09-29;60+;3;3,0;3;3;3;3;3;3;3;3;3;3;17;17,0;17;17;17;17;17;17;17;17,0;17,0;17,0;1,000000000000000;1,000000000000000;1,000000000000000;1,000000000000000;1,000000000000000;1,000000000000000;1,000000000000000;1,000000000000000;1,000000000000000;1,000000000000000;1,000000000000000
2021-09-29;alle;6;6,0;6;6;6;6;6;6;6;6;6;6;54;54,0;54;54;54;54;54;54;54;54,0;54,0;54,0;NA;NA;NA;NA;NA;NA;NA;NA;NA;NA;NA
2021-09-28;0-60;4;4,0;4;4;4;4;4;4;4;4;4;4;41;41,0;41;41;41;41;41;41;41;41,0;41,0;41,0;1,000000000000000;1,000000000000000;1,000000000000000;1,000000000000000;1,000000000000000;1,000000000000000;1,000000000000000;1,000000000000000;1,000000000000000;1,000000000000000;1,000000000000000
2021-09-28;60+;5;5,0;5;5;5;5;5;5;5;5;5;5;18;18,0;18;18;18;18;18;18;18;18,0;18,0;18,0;1,000000000000000;1,000000000000000;1,000000000000000;1,000000000000000;1,000000000000000;1,000000000000000;1,000000000000000;1,000000000000000;1,000000000000000;1,000000000000000;1,000000000000000
2021-09-28;alle;9;9,0;9;9;9;9;9;9;9;9;9;9;59;59,0;59;59;59;59;59;59;59;59,0;59,0;59,0;NA;NA;NA;NA;NA;NA;NA;NA;NA;NA;NA
2021-09-27;0-60;3;3,0;3;3;3;3;3;3;3;3;3;3;43;43,0;43;43;43;43;43;43;43;43,0;43,0;43,0;1,000000000000000;1,000000000000000;1,000000000000000;1,000000000000000;1,000000000000000;1,000000000000000;1,000000000000000;1,000000000000000;1,000000000000000;1,000000000000000;1,000000000000000
2021-09-27;60+;0;0,0;0;0;0;0;0;0;0;0;0;0;16;16,0;16;16;16;16;16;16;16;16,0;16,0;16,0;1,000000000000000;1,000000000000000;1,000000000000000;1,000000000000000;1,000000000000000;1,000000000000000;1,000000000000000;1,000000000000000;1,000000000000000;1,000000000000000;1,000000000000000
2021-09-27;alle;3;3,0;3;3;3;3;3;3;3;3;3;3;59;59,0;59;59;59;59;59;59;59;59,0;59,0;59,0;NA;NA;NA;NA;NA;NA;NA;NA;NA;NA;NA
2021-09-26;0-60;2;2,0;2;2;2;2;2;2;2;2;2;2;43;43,0;43;43;43;43;43;43;43;43,0;43,0;43,0;1,000000000000000;1,000000000000000;1,000000000000000;1,000000000000000;1,000000000000000;1,000000000000000;1,000000000000000;1,000000000000000;1,000000000000000;1,000000000000000;1,000000000000000
2021-09-26;60+;2;2,0;2;2;2;2;2;2;2;2;2;2;16;16,0;16;16;16;16;16;16;16;16,0;16,0;16,0;1,000000000000000;1,000000000000000;1,000000000000000;1,000000000000000;1,000000000000000;1,000000000000000;1,000000000000000;1,000000000000000;1,000000000000000;1,000000000000000;1,000000000000000
2021-09-26;alle;4;4,0;4;4;4;4;4;4;4;4;4;4;59;59,0;59;59;59;59;59;59;59;59,0;59,0;59,0;NA;NA;NA;NA;NA;NA;NA;NA;NA;NA;NA
2021-09-25;0-60;10;10,0;10;10;10;10;10;10;10;10;10;10;44;44,0;44;44;44;44;44;44;44;44,0;44,0;44,0;1,000000000000000;1,000000000000000;1,000000000000000;1,000000000000000;1,000000000000000;1,000000000000000;1,000000000000000;1,000000000000000;1,000000000000000;1,000000000000000;1,000000000000000
2021-09-25;60+;2;2,0;2;2;2;2;2;2;2;2;2;2;16;16,0;16;16;16;16;16;16;16;16,0;16,0;16,0;1,000000000000000;1,000000000000000;1,000000000000000;1,000000000000000;1,000000000000000;1,000000000000000;1,000000000000000;1,000000000000000;1,000000000000000;1,000000000000000;1,000000000000000
2021-09-25;alle;12;12,0;12;12;12;12;12;12;12;12;12;12;60;60,0;60;60;60;60;60;60;60;60,0;60,0;60,0;NA;NA;NA;NA;NA;NA;NA;NA;NA;NA;NA
2021-09-24;0-60;7;7,0;7;7;7;7;7;7;7;7;7;7;40;40,0;40;40;40;40;40;40;40;40,0;40,0;40,0;1,000000000000000;1,000000000000000;1,000000000000000;1,000000000000000;1,000000000000000;1,000000000000000;1,000000000000000;1,000000000000000;1,000000000000000;1,000000000000000;1,000000000000000
2021-09-24;60+;1;1,0;1;1;1;1;1;1;1;1;1;1;18;18,0;18;18;18;18;18;18;18;18,0;18,0;18,0;1,000000000000000;1,000000000000000;1,000000000000000;1,000000000000000;1,000000000000000;1,000000000000000;1,000000000000000;1,000000000000000;1,000000000000000;1,000000000000000;1,000000000000000
2021-09-24;alle;8;8,0;8;8;8;8;8;8;8;8;8;8;58;58,0;58;58;58;58;58;58;58;58,0;58,0;58,0;NA;NA;NA;NA;NA;NA;NA;NA;NA;NA;NA
2021-09-23;0-60;8;8,0;8;8;8;8;8;8;8;8;8;8;36;36,0;36;36;36;36;36;36;36;36,0;36,0;36,0;1,000000000000000;1,000000000000000;1,000000000000000;1,000000000000000;1,000000000000000;1,000000000000000;1,000000000000000;1,000000000000000;1,000000000000000;1,000000000000000;1,000000000000000
2021-09-23;60+;4;4,0;4;4;4;4;4;4;4;4;4;4;22;22,0;22;22;22;22;22;22;22;22,0;22,0;22,0;1,000000000000000;1,000000000000000;1,000000000000000;1,000000000000000;1,000000000000000;1,000000000000000;1,000000000000000;1,000000000000000;1,000000000000000;1,000000000000000;1,000000000000000
2021-09-23;alle;12;12,0;12;12;12;12;12;12;12;12;12;12;58;58,0;58;58;58;58;58;58;58;58,0;58,0;58,0;NA;NA;NA;NA;NA;NA;NA;NA;NA;NA;NA
2021-09-22;0-60;7;7,0;7;7;7;7;7;7;7;7;7;7;38;38,0;38;38;38;38;38;38;38;38,0;38,0;38,0;1,000000000000000;1,000000000000000;1,000000000000000;1,000000000000000;1,000000000000000;1,000000000000000;1,000000000000000;1,000000000000000;1,000000000000000;1,000000000000000;1,000000000000000
2021-09-22;60+;4;4,0;4;4;4;4;4;4;4;4;4;4;25;25,0;25;25;25;25;25;25;25;25,0;25,0;25,0;1,000000000000000;1,000000000000000;1,000000000000000;1,000000000000000;1,000000000000000;1,000000000000000;1,000000000000000;1,000000000000000;1,000000000000000;1,000000000000000;1,000000000000000
2021-09-22;alle;11;11,0;11;11;11;11;11;11;11;11;11;11;63;63,0;63;63;63;63;63;63;63;63,0;63,0;63,0;NA;NA;NA;NA;NA;NA;NA;NA;NA;NA;NA
2021-09-21;0-60;6;6,0;6;6;6;6;6;6;6;6;6;6;39;39,0;39;39;39;39;39;39;39;39,0;39,0;39,0;1,000000000000000;1,000000000000000;1,000000000000000;1,000000000000000;1,000000000000000;1,000000000000000;1,000000000000000;1,000000000000000;1,000000000000000;1,000000000000000;1,000000000000000
2021-09-21;60+;3;3,0;3;3;3;3;3;3;3;3;3;3;26;26,0;26;26;26;26;26;26;26;26,0;26,0;26,0;1,000000000000000;1,000000000000000;1,000000000000000;1,000000000000000;1,000000000000000;1,000000000000000;1,000000000000000;1,000000000000000;1,000000000000000;1,000000000000000;1,000000000000000
2021-09-21;alle;9;9,0;9;9;9;9;9;9;9;9;9;9;65;65,0;65;65;65;65;65;65;65;65,0;65,0;65,0;NA;NA;NA;NA;NA;NA;NA;NA;NA;NA;NA
2021-09-20;0-60;3;3,0;3;3;3;3;3;3;3;3;3;3;38;38,0;38;38;38;38;38;38;38;38,0;38,0;38,0;1,000000000000000;1,000000000000000;1,000000000000000;1,000000000000000;1,000000000000000;1,000000000000000;1,000000000000000;1,000000000000000;1,000000000000000;1,000000000000000;1,000000000000000
2021-09-20;60+;0;0,0;0;0;0;0;0;0;0;0;0;0;28;28,0;28;28;28;28;28;28;28;28,0;28,0;28,0;1,000000000000000;1,000000000000000;1,000000000000000;1,000000000000000;1,000000000000000;1,000000000000000;1,000000000000000;1,000000000000000;1,000000000000000;1,000000000000000;1,000000000000000
2021-09-20;alle;3;3,0;3;3;3;3;3;3;3;3;3;3;66;66,0;66;66;66;66;66;66;66;66,0;66,0;66,0;NA;NA;NA;NA;NA;NA;NA;NA;NA;NA;NA
2021-09-19;0-60;3;3,0;3;3;3;3;3;3;3;3;3;3;38;38,0;38;38;38;38;38;38;38;38,0;38,0;38,0;1,000000000000000;1,000000000000000;1,000000000000000;1,000000000000000;1,000000000000000;1,000000000000000;1,000000000000000;1,000000000000000;1,000000000000000;1,000000000000000;1,000000000000000
2021-09-19;60+;2;2,0;2;2;2;2;2;2;2;2;2;2;32;32,0;32;32;32;32;32;32;32;32,0;32,0;32,0;1,000000000000000;1,000000000000000;1,000000000000000;1,000000000000000;1,000000000000000;1,000000000000000;1,000000000000000;1,000000000000000;1,000000000000000;1,000000000000000;1,000000000000000
2021-09-19;alle;5;5,0;5;5;5;5;5;5;5;5;5;5;70;70,0;70;70;70;70;70;70;70;70,0;70,0;70,0;NA;NA;NA;NA;NA;NA;NA;NA;NA;NA;NA
2021-09-18;0-60;6;6,0;6;6;6;6;6;6;6;6;6;6;41;41,0;41;41;41;41;41;41;41;41,0;41,0;41,0;1,000000000000000;1,000000000000000;1,000000000000000;1,000000000000000;1,000000000000000;1,000000000000000;1,000000000000000;1,000000000000000;1,000000000000000;1,000000000000000;1,000000000000000
2021-09-18;60+;4;4,0;4;4;4;4;4;4;4;4;4;4;32;32,0;32;32;32;32;32;32;32;32,0;32,0;32,0;1,000000000000000;1,000000000000000;1,000000000000000;1,000000000000000;1,000000000000000;1,000000000000000;1,000000000000000;1,000000000000000;1,000000000000000;1,000000000000000;1,000000000000000
2021-09-18;alle;10;10,0;10;10;10;10;10;10;10;10;10;10;73;73,0;73;73;73;73;73;73;73;73,0;73,0;73,0;NA;NA;NA;NA;NA;NA;NA;NA;NA;NA;NA
2021-09-17;0-60;3;3,0;3;3;3;3;3;3;3;3;3;3;43;43,0;43;43;43;43;43;43;43;43,0;43,0;43,0;1,000000000000000;1,000000000000000;1,000000000000000;1,000000000000000;1,000000000000000;1,000000000000000;1,000000000000000;1,000000000000000;1,000000000000000;1,000000000000000;1,000000000000000
2021-09-17;60+;5;5,0;5;5;5;5;5;5;5;5;5;5;33;33,0;33;33;33;33;33;33;33;33,0;33,0;33,0;1,000000000000000;1,000000000000000;1,000000000000000;1,000000000000000;1,000000000000000;1,000000000000000;1,000000000000000;1,000000000000000;1,000000000000000;1,000000000000000;1,000000000000000
2021-09-17;alle;8;8,0;8;8;8;8;8;8;8;8;8;8;76;76,0;76;76;76;76;76;76;76;76,0;76,0;76,0;NA;NA;NA;NA;NA;NA;NA;NA;NA;NA;NA
2021-09-16;0-60;10;10,0;10;10;10;10;10;10;10;10;10;10;50;50,0;50;50;50;50;50;50;50;50,0;50,0;50,0;1,000000000000000;1,000000000000000;1,000000000000000;1,000000000000000;1,000000000000000;1,000000000000000;1,000000000000000;1,000000000000000;1,000000000000000;1,000000000000000;1,000000000000000
2021-09-16;60+;7;7,0;7;7;7;7;7;7;7;7;7;7;33;33,0;33;33;33;33;33;33;33;33,0;33,0;33,0;1,000000000000000;1,000000000000000;1,000000000000000;1,000000000000000;1,000000000000000;1,000000000000000;1,000000000000000;1,000000000000000;1,000000000000000;1,000000000000000;1,000000000000000
2021-09-16;alle;17;17,0;17;17;17;17;17;17;17;17;17;17;83;83,0;83;83;83;83;83;83;83;83,0;83,0;83,0;NA;NA;NA;NA;NA;NA;NA;NA;NA;NA;NA
2021-09-15;0-60;8;8,0;8;8;8;8;8;8;8;8;8;8;52;52,0;52;52;52;52;52;52;52;52,0;52,0;52,0;1,000000000000000;1,000000000000000;1,000000000000000;1,000000000000000;1,000000000000000;1,000000000000000;1,000000000000000;1,000000000000000;1,000000000000000;1,000000000000000;1,000000000000000
2021-09-15;60+;5;5,0;5;5;5;5;5;5;5;5;5;5;33;33,0;33;33;33;33;33;33;33;33,0;33,0;33,0;1,000000000000000;1,000000000000000;1,000000000000000;1,000000000000000;1,000000000000000;1,000000000000000;1,000000000000000;1,000000000000000;1,000000000000000;1,000000000000000;1,000000000000000
2021-09-15;alle;13;13,0;13;13;13;13;13;13;13;13;13;13;85;85,0;85;85;85;85;85;85;85;85,0;85,0;85,0;NA;NA;NA;NA;NA;NA;NA;NA;NA;NA;NA
2021-09-14;0-60;5;5,0;5;5;5;5;5;5;5;5;5;5;53;53,0;53;53;53;53;53;53;53;53,0;53,0;53,0;1,000000000000000;1,000000000000000;1,000000000000000;1,000000000000000;1,000000000000000;1,000000000000000;1,000000000000000;1,000000000000000;1,000000000000000;1,000000000000000;1,000000000000000
2021-09-14;60+;5;5,0;5;5;5;5;5;5;5;5;5;5;35;35,0;35;35;35;35;35;35;35;35,0;35,0;35,0;1,000000000000000;1,000000000000000;1,000000000000000;1,000000000000000;1,000000000000000;1,000000000000000;1,000000000000000;1,000000000000000;1,000000000000000;1,000000000000000;1,000000000000000
2021-09-14;alle;10;10,0;10;10;10;10;10;10;10;10;10;10;88;88,0;88;88;88;88;88;88;88;88,0;88,0;88,0;NA;NA;NA;NA;NA;NA;NA;NA;NA;NA;NA
2021-09-13;0-60;3;3,0;3;3;3;3;3;3;3;3;3;3;57;57,0;57;57;57;57;57;57;57;57,0;57,0;57,0;1,000000000000000;1,000000000000000;1,000000000000000;1,000000000000000;1,000000000000000;1,000000000000000;1,000000000000000;1,000000000000000;1,000000000000000;1,000000000000000;1,000000000000000
2021-09-13;60+;4;4,0;4;4;4;4;4;4;4;4;4;4;31;31,0;31;31;31;31;31;31;31;31,0;31,0;31,0;1,000000000000000;1,000000000000000;1,000000000000000;1,000000000000000;1,000000000000000;1,000000000000000;1,000000000000000;1,000000000000000;1,000000000000000;1,000000000000000;1,000000000000000
2021-09-13;alle;7;7,0;7;7;7;7;7;7;7;7;7;7;88;88,0;88;88;88;88;88;88;88;88,0;88,0;88,0;NA;NA;NA;NA;NA;NA;NA;NA;NA;NA;NA
2021-09-12;0-60;6;6,0;6;6;6;6;6;6;6;6;6;6;56;56,0;56;56;56;56;56;56;56;56,0;56,0;56,0;1,000000000000000;1,000000000000000;1,000000000000000;1,000000000000000;1,000000000000000;1,000000000000000;1,000000000000000;1,000000000000000;1,000000000000000;1,000000000000000;1,000000000000000
2021-09-12;60+;2;2,0;2;2;2;2;2;2;2;2;2;2;27;27,0;27;27;27;27;27;27;27;27,0;27,0;27,0;1,000000000000000;1,000000000000000;1,000000000000000;1,000000000000000;1,000000000000000;1,000000000000000;1,000000000000000;1,000000000000000;1,000000000000000;1,000000000000000;1,000000000000000
2021-09-12;alle;8;8,0;8;8;8;8;8;8;8;8;8;8;83;83,0;83;83;83;83;83;83;83;83,0;83,0;83,0;NA;NA;NA;NA;NA;NA;NA;NA;NA;NA;NA
2021-09-11;0-60;8;8,0;8;8;8;8;8;8;8;8;8;8;57;57,0;57;57;57;57;57;57;57;57,0;57,0;57,0;1,000000000000000;1,000000000000000;1,000000000000000;1,000000000000000;1,000000000000000;1,000000000000000;1,000000000000000;1,000000000000000;1,000000000000000;1,000000000000000;1,000000000000000
2021-09-11;60+;5;5,0;5;5;5;5;5;5;5;5;5;5;28;28,0;28;28;28;28;28;28;28;28,0;28,0;28,0;1,000000000000000;1,000000000000000;1,000000000000000;1,000000000000000;1,000000000000000;1,000000000000000;1,000000000000000;1,000000000000000;1,000000000000000;1,000000000000000;1,000000000000000
2021-09-11;alle;13;13,0;13;13;13;13;13;13;13;13;13;13;85;85,0;85;85;85;85;85;85;85;85,0;85,0;85,0;NA;NA;NA;NA;NA;NA;NA;NA;NA;NA;NA
2021-09-10;0-60;10;10,0;10;10;10;10;10;10;10;10;10;10;60;60,0;60;60;60;60;60;60;60;60,0;60,0;60,0;1,000000000000000;1,000000000000000;1,000000000000000;1,000000000000000;1,000000000000000;1,000000000000000;1,000000000000000;1,000000000000000;1,000000000000000;1,000000000000000;1,000000000000000
2021-09-10;60+;5;5,0;5;5;5;5;5;5;5;5;5;5;26;26,0;26;26;26;26;26;26;26;26,0;26,0;26,0;1,000000000000000;1,000000000000000;1,000000000000000;1,000000000000000;1,000000000000000;1,000000000000000;1,000000000000000;1,000000000000000;1,000000000000000;1,000000000000000;1,000000000000000
2021-09-10;alle;15;15,0;15;15;15;15;15;15;15;15;15;15;86;86,0;86;86;86;86;86;86;86;86,0;86,0;86,0;NA;NA;NA;NA;NA;NA;NA;NA;NA;NA;NA
2021-09-09;0-60;12;12,0;12;12;12;12;12;12;12;12;12;12;56;56,0;56;56;56;56;56;56;56;56,0;56,0;56,0;1,000000000000000;1,000000000000000;1,000000000000000;1,000000000000000;1,000000000000000;1,000000000000000;1,000000000000000;1,000000000000000;1,000000000000000;1,000000000000000;1,000000000000000
2021-09-09;60+;7;7,0;7;7;7;7;7;7;7;7;7;7;27;27,0;27;27;27;27;27;27;27;27,0;27,0;27,0;1,000000000000000;1,000000000000000;1,000000000000000;1,000000000000000;1,000000000000000;1,000000000000000;1,000000000000000;1,000000000000000;1,000000000000000;1,000000000000000;1,000000000000000
2021-09-09;alle;19;19,0;19;19;19;19;19;19;19;19;19;19;83;83,0;83;83;83;83;83;83;83;83,0;83,0;83,0;NA;NA;NA;NA;NA;NA;NA;NA;NA;NA;NA
2021-09-08;0-60;9;9,0;9;9;9;9;9;9;9;9;9;9;53;53,0;53;53;53;53;53;53;53;53,0;53,0;53,0;1,000000000000000;1,000000000000000;1,000000000000000;1,000000000000000;1,000000000000000;1,000000000000000;1,000000000000000;1,000000000000000;1,000000000000000;1,000000000000000;1,000000000000000
2021-09-08;60+;7;7,0;7;7;7;7;7;7;7;7;7;7;24;24,0;24;24;24;24;24;24;24;24,0;24,0;24,0;1,000000000000000;1,000000000000000;1,000000000000000;1,000000000000000;1,000000000000000;1,000000000000000;1,000000000000000;1,000000000000000;1,000000000000000;1,000000000000000;1,000000000000000
2021-09-08;alle;16;16,0;16;16;16;16;16;16;16;16;16;16;77;77,0;77;77;77;77;77;77;77;77,0;77,0;77,0;NA;NA;NA;NA;NA;NA;NA;NA;NA;NA;NA
2021-09-07;0-60;9;9,0;9;9;9;9;9;9;9;9;9;9;53;53,0;53;53;53;53;53;53;53;53,0;53,0;53,0;1,000000000000000;1,000000000000000;1,000000000000000;1,000000000000000;1,000000000000000;1,000000000000000;1,000000000000000;1,000000000000000;1,000000000000000;1,000000000000000;1,000000000000000
2021-09-07;60+;1;1,0;1;1;1;1;1;1;1;1;1;1;22;22,0;22;22;22;22;22;22;22;22,0;22,0;22,0;1,000000000000000;1,000000000000000;1,000000000000000;1,000000000000000;1,000000000000000;1,000000000000000;1,000000000000000;1,000000000000000;1,000000000000000;1,000000000000000;1,000000000000000
2021-09-07;alle;10;10,0;10;10;10;10;10;10;10;10;10;10;75;75,0;75;75;75;75;75;75;75;75,0;75,0;75,0;NA;NA;NA;NA;NA;NA;NA;NA;NA;NA;NA
2021-09-06;0-60;2;2,0;2;2;2;2;2;2;2;2;2;2;51;51,0;51;51;51;51;51;51;51;51,0;51,0;51,0;1,000000000000000;1,000000000000000;1,000000000000000;1,000000000000000;1,000000000000000;1,000000000000000;1,000000000000000;1,000000000000000;1,000000000000000;1,000000000000000;1,000000000000000
2021-09-06;60+;0;0,0;0;0;0;0;0;0;0;0;0;0;29;29,0;29;29;29;29;29;29;29;29,0;29,0;29,0;1,000000000000000;1,000000000000000;1,000000000000000;1,000000000000000;1,000000000000000;1,000000000000000;1,000000000000000;1,000000000000000;1,000000000000000;1,000000000000000;1,000000000000000
2021-09-06;alle;2;2,0;2;2;2;2;2;2;2;2;2;2;80;80,0;80;80;80;80;80;80;80;80,0;80,0;80,0;NA;NA;NA;NA;NA;NA;NA;NA;NA;NA;NA
2021-09-05;0-60;7;7,0;7;7;7;7;7;7;7;7;7;7;50;50,0;50;50;50;50;50;50;50;50,0;50,0;50,0;1,000000000000000;1,000000000000000;1,000000000000000;1,000000000000000;1,000000000000000;1,000000000000000;1,000000000000000;1,000000000000000;1,000000000000000;1,000000000000000;1,000000000000000
2021-09-05;60+;3;3,0;3;3;3;3;3;3;3;3;3;3;29;29,0;29;29;29;29;29;29;29;29,0;29,0;29,0;1,000000000000000;1,000000000000000;1,000000000000000;1,000000000000000;1,000000000000000;1,000000000000000;1,000000000000000;1,000000000000000;1,000000000000000;1,000000000000000;1,000000000000000
2021-09-05;alle;10;10,0;10;10;10;10;10;10;10;10;10;10;79;79,0;79;79;79;79;79;79;79;79,0;79,0;79,0;NA;NA;NA;NA;NA;NA;NA;NA;NA;NA;NA
2021-09-04;0-60;11;11,0;11;11;11;11;11;11;11;11;11;11;48;48,0;48;48;48;48;48;48;48;48,0;48,0;48,0;1,000000000000000;1,000000000000000;1,000000000000000;1,000000000000000;1,000000000000000;1,000000000000000;1,000000000000000;1,000000000000000;1,000000000000000;1,000000000000000;1,000000000000000
2021-09-04;60+;3;3,0;3;3;3;3;3;3;3;3;3;3;29;29,0;29;29;29;29;29;29;29;29,0;29,0;29,0;1,000000000000000;1,000000000000000;1,000000000000000;1,000000000000000;1,000000000000000;1,000000000000000;1,000000000000000;1,000000000000000;1,000000000000000;1,000000000000000;1,000000000000000
2021-09-04;alle;14;14,0;14;14;14;14;14;14;14;14;14;14;77;77,0;77;77;77;77;77;77;77;77,0;77,0;77,0;NA;NA;NA;NA;NA;NA;NA;NA;NA;NA;NA
2021-09-03;0-60;6;6,0;6;6;6;6;6;6;6;6;6;6;43;43,0;43;43;43;43;43;43;43;43,0;43,0;43,0;1,000000000000000;1,000000000000000;1,000000000000000;1,000000000000000;1,000000000000000;1,000000000000000;1,000000000000000;1,000000000000000;1,000000000000000;1,000000000000000;1,000000000000000
2021-09-03;60+;6;6,0;6;6;6;6;6;6;6;6;6;6;26;26,0;26;26;26;26;26;26;26;26,0;26,0;26,0;1,000000000000000;1,000000000000000;1,000000000000000;1,000000000000000;1,000000000000000;1,000000000000000;1,000000000000000;1,000000000000000;1,000000000000000;1,000000000000000;1,000000000000000
2021-09-03;alle;12;12,0;12;12;12;12;12;12;12;12;12;12;69;69,0;69;69;69;69;69;69;69;69,0;69,0;69,0;NA;NA;NA;NA;NA;NA;NA;NA;NA;NA;NA
2021-09-02;0-60;9;9,0;9;9;9;9;9;9;9;9;9;9;46;46,0;46;46;46;46;46;46;46;46,0;46,0;46,0;1,000000000000000;1,000000000000000;1,000000000000000;1,000000000000000;1,000000000000000;1,000000000000000;1,000000000000000;1,000000000000000;1,000000000000000;1,000000000000000;1,000000000000000
2021-09-02;60+;4;4,0;4;4;4;4;4;4;4;4;4;4;21;21,0;21;21;21;21;21;21;21;21,0;21,0;21,0;1,000000000000000;1,000000000000000;1,000000000000000;1,000000000000000;1,000000000000000;1,000000000000000;1,000000000000000;1,000000000000000;1,000000000000000;1,000000000000000;1,000000000000000
2021-09-02;alle;13;13,0;13;13;13;13;13;13;13;13;13;13;67;67,0;67;67;67;67;67;67;67;67,0;67,0;67,0;NA;NA;NA;NA;NA;NA;NA;NA;NA;NA;NA
2021-09-01;0-60;9;9,0;9;9;9;9;9;9;9;9;9;9;49;49,0;49;49;49;49;49;49;49;49,0;49,0;49,0;1,000000000000000;1,000000000000000;1,000000000000000;1,000000000000000;1,000000000000000;1,000000000000000;1,000000000000000;1,000000000000000;1,000000000000000;1,000000000000000;1,000000000000000
2021-09-01;60+;5;5,0;5;5;5;5;5;5;5;5;5;5;21;21,0;21;21;21;21;21;21;21;21,0;21,0;21,0;1,000000000000000;1,000000000000000;1,000000000000000;1,000000000000000;1,000000000000000;1,000000000000000;1,000000000000000;1,000000000000000;1,000000000000000;1,000000000000000;1,000000000000000
2021-09-01;alle;14;14,0;14;14;14;14;14;14;14;14;14;14;70;70,0;70;70;70;70;70;70;70;70,0;70,0;70,0;NA;NA;NA;NA;NA;NA;NA;NA;NA;NA;NA
2021-08-31;0-60;7;7,0;7;7;7;7;7;7;7;7;7;7;51;51,0;51;51;51;51;51;51;51;51,0;51,0;51,0;1,000000000000000;1,000000000000000;1,000000000000000;1,000000000000000;1,000000000000000;1,000000000000000;1,000000000000000;1,000000000000000;1,000000000000000;1,000000000000000;1,000000000000000
2021-08-31;60+;8;8,0;8;8;8;8;8;8;8;8;8;8;22;22,0;22;22;22;22;22;22;22;22,0;22,0;22,0;1,000000000000000;1,000000000000000;1,000000000000000;1,000000000000000;1,000000000000000;1,000000000000000;1,000000000000000;1,000000000000000;1,000000000000000;1,000000000000000;1,000000000000000
2021-08-31;alle;15;15,0;15;15;15;15;15;15;15;15;15;15;73;73,0;73;73;73;73;73;73;73;73,0;73,0;73,0;NA;NA;NA;NA;NA;NA;NA;NA;NA;NA;NA
2021-08-30;0-60;1;1,0;1;1;1;1;1;1;1;1;1;1;55;55,0;55;55;55;55;55;55;55;55,0;55,0;55,0;1,000000000000000;1,000000000000000;1,000000000000000;1,000000000000000;1,000000000000000;1,000000000000000;1,000000000000000;1,000000000000000;1,000000000000000;1,000000000000000;1,000000000000000
2021-08-30;60+;0;0,0;0;0;0;0;0;0;0;0;0;0;20;20,0;20;20;20;20;20;20;20;20,0;20,0;20,0;1,000000000000000;1,000000000000000;1,000000000000000;1,000000000000000;1,000000000000000;1,000000000000000;1,000000000000000;1,000000000000000;1,000000000000000;1,000000000000000;1,000000000000000
2021-08-30;alle;1;1,0;1;1;1;1;1;1;1;1;1;1;75;75,0;75;75;75;75;75;75;75;75,0;75,0;75,0;NA;NA;NA;NA;NA;NA;NA;NA;NA;NA;NA
2021-08-29;0-60;5;5,0;5;5;5;5;5;5;5;5;5;5;55;55,0;55;55;55;55;55;55;55;55,0;55,0;55,0;1,000000000000000;1,000000000000000;1,000000000000000;1,000000000000000;1,000000000000000;1,000000000000000;1,000000000000000;1,000000000000000;1,000000000000000;1,000000000000000;1,000000000000000
2021-08-29;60+;3;3,0;3;3;3;3;3;3;3;3;3;3;21;21,0;21;21;21;21;21;21;21;21,0;21,0;21,0;1,000000000000000;1,000000000000000;1,000000000000000;1,000000000000000;1,000000000000000;1,000000000000000;1,000000000000000;1,000000000000000;1,000000000000000;1,000000000000000;1,000000000000000
2021-08-29;alle;8;8,0;8;8;8;8;8;8;8;8;8;8;76;76,0;76;76;76;76;76;76;76;76,0;76,0;76,0;NA;NA;NA;NA;NA;NA;NA;NA;NA;NA;NA
2021-08-28;0-60;6;6,0;6;6;6;6;6;6;6;6;6;6;55;55,0;55;55;55;55;55;55;55;55,0;55,0;55,0;1,000000000000000;1,000000000000000;1,000000000000000;1,000000000000000;1,000000000000000;1,000000000000000;1,000000000000000;1,000000000000000;1,000000000000000;1,000000000000000;1,000000000000000
2021-08-28;60+;0;0,0;0;0;0;0;0;0;0;0;0;0;20;20,0;20;20;20;20;20;20;20;20,0;20,0;20,0;1,000000000000000;1,000000000000000;1,000000000000000;1,000000000000000;1,000000000000000;1,000000000000000;1,000000000000000;1,000000000000000;1,000000000000000;1,000000000000000;1,000000000000000
2021-08-28;alle;6;6,0;6;6;6;6;6;6;6;6;6;6;75;75,0;75;75;75;75;75;75;75;75,0;75,0;75,0;NA;NA;NA;NA;NA;NA;NA;NA;NA;NA;NA
2021-08-27;0-60;9;9,0;9;9;9;9;9;9;9;9;9;9;56;56,0;56;56;56;56;56;56;56;56,0;56,0;56,0;1,000000000000000;1,000000000000000;1,000000000000000;1,000000000000000;1,000000000000000;1,000000000000000;1,000000000000000;1,000000000000000;1,000000000000000;1,000000000000000;1,000000000000000
2021-08-27;60+;1;1,0;1;1;1;1;1;1;1;1;1;1;22;22,0;22;22;22;22;22;22;22;22,0;22,0;22,0;1,000000000000000;1,000000000000000;1,000000000000000;1,000000000000000;1,000000000000000;1,000000000000000;1,000000000000000;1,000000000000000;1,000000000000000;1,000000000000000;1,000000000000000
2021-08-27;alle;10;10,0;10;10;10;10;10;10;10;10;10;10;78;78,0;78;78;78;78;78;78;78;78,0;78,0;78,0;NA;NA;NA;NA;NA;NA;NA;NA;NA;NA;NA
2021-08-26;0-60;12;12,0;12;12;12;12;12;12;12;12;12;12;55;55,0;55;55;55;55;55;55;55;55,0;55,0;55,0;1,000000000000000;1,000000000000000;1,000000000000000;1,000000000000000;1,000000000000000;1,000000000000000;1,000000000000000;1,000000000000000;1,000000000000000;1,000000000000000;1,000000000000000
2021-08-26;60+;4;4,0;4;4;4;4;4;4;4;4;4;4;23;23,0;23;23;23;23;23;23;23;23,0;23,0;23,0;1,000000000000000;1,000000000000000;1,000000000000000;1,000000000000000;1,000000000000000;1,000000000000000;1,000000000000000;1,000000000000000;1,000000000000000;1,000000000000000;1,000000000000000
2021-08-26;alle;16;16,0;16;16;16;16;16;16;16;16;16;16;78;78,0;78;78;78;78;78;78;78;78,0;78,0;78,0;NA;NA;NA;NA;NA;NA;NA;NA;NA;NA;NA
2021-08-25;0-60;11;11,0;11;11;11;11;11;11;11;11;11;11;55;55,0;55;55;55;55;55;55;55;55,0;55,0;55,0;1,000000000000000;1,000000000000000;1,000000000000000;1,000000000000000;1,000000000000000;1,000000000000000;1,000000000000000;1,000000000000000;1,000000000000000;1,000000000000000;1,000000000000000
2021-08-25;60+;6;6,0;6;6;6;6;6;6;6;6;6;6;29;29,0;29;29;29;29;29;29;29;29,0;29,0;29,0;1,000000000000000;1,000000000000000;1,000000000000000;1,000000000000000;1,000000000000000;1,000000000000000;1,000000000000000;1,000000000000000;1,000000000000000;1,000000000000000;1,000000000000000
2021-08-25;alle;17;17,0;17;17;17;17;17;17;17;17;17;17;84;84,0;84;84;84;84;84;84;84;84,0;84,0;84,0;NA;NA;NA;NA;NA;NA;NA;NA;NA;NA;NA
2021-08-24;0-60;11;11,0;11;11;11;11;11;11;11;11;11;11;50;50,0;50;50;50;50;50;50;50;50,0;50,0;50,0;1,000000000000000;1,000000000000000;1,000000000000000;1,000000000000000;1,000000000000000;1,000000000000000;1,000000000000000;1,000000000000000;1,000000000000000;1,000000000000000;1,000000000000000
2021-08-24;60+;6;6,0;6;6;6;6;6;6;6;6;6;6;26;26,0;26;26;26;26;26;26;26;26,0;26,0;26,0;1,000000000000000;1,000000000000000;1,000000000000000;1,000000000000000;1,000000000000000;1,000000000000000;1,000000000000000;1,000000000000000;1,000000000000000;1,000000000000000;1,000000000000000
2021-08-24;alle;17;17,0;17;17;17;17;17;17;17;17;17;17;76;76,0;76;76;76;76;76;76;76;76,0;76,0;76,0;NA;NA;NA;NA;NA;NA;NA;NA;NA;NA;NA
2021-08-23;0-60;1;1,0;1;1;1;1;1;1;1;1;1;1;47;47,0;47;47;47;47;47;47;47;47,0;47,0;47,0;1,000000000000000;1,000000000000000;1,000000000000000;1,000000000000000;1,000000000000000;1,000000000000000;1,000000000000000;1,000000000000000;1,000000000000000;1,000000000000000;1,000000000000000
2021-08-23;60+;1;1,0;1;1;1;1;1;1;1;1;1;1;26;26,0;26;26;26;26;26;26;26;26,0;26,0;26,0;1,000000000000000;1,000000000000000;1,000000000000000;1,000000000000000;1,000000000000000;1,000000000000000;1,000000000000000;1,000000000000000;1,000000000000000;1,000000000000000;1,000000000000000
2021-08-23;alle;2;2,0;2;2;2;2;2;2;2;2;2;2;73;73,0;73;73;73;73;73;73;73;73,0;73,0;73,0;NA;NA;NA;NA;NA;NA;NA;NA;NA;NA;NA
2021-08-22;0-60;5;5,0;5;5;5;5;5;5;5;5;5;5;48;48,0;48;48;48;48;48;48;48;48,0;48,0;48,0;1,000000000000000;1,000000000000000;1,000000000000000;1,000000000000000;1,000000000000000;1,000000000000000;1,000000000000000;1,000000000000000;1,000000000000000;1,000000000000000;1,000000000000000
2021-08-22;60+;2;2,0;2;2;2;2;2;2;2;2;2;2;25;25,0;25;25;25;25;25;25;25;25,0;25,0;25,0;1,000000000000000;1,000000000000000;1,000000000000000;1,000000000000000;1,000000000000000;1,000000000000000;1,000000000000000;1,000000000000000;1,000000000000000;1,000000000000000;1,000000000000000
2021-08-22;alle;7;7,0;7;7;7;7;7;7;7;7;7;7;73;73,0;73;73;73;73;73;73;73;73,0;73,0;73,0;NA;NA;NA;NA;NA;NA;NA;NA;NA;NA;NA
2021-08-21;0-60;7;7,0;7;7;7;7;7;7;7;7;7;7;46;46,0;46;46;46;46;46;46;46;46,0;46,0;46,0;1,000000000000000;1,000000000000000;1,000000000000000;1,000000000000000;1,000000000000000;1,000000000000000;1,000000000000000;1,000000000000000;1,000000000000000;1,000000000000000;1,000000000000000
2021-08-21;60+;2;2,0;2;2;2;2;2;2;2;2;2;2;25;25,0;25;25;25;25;25;25;25;25,0;25,0;25,0;1,000000000000000;1,000000000000000;1,000000000000000;1,000000000000000;1,000000000000000;1,000000000000000;1,000000000000000;1,000000000000000;1,000000000000000;1,000000000000000;1,000000000000000
2021-08-21;alle;9;9,0;9;9;9;9;9;9;9;9;9;9;71;71,0;71;71;71;71;71;71;71;71,0;71,0;71,0;NA;NA;NA;NA;NA;NA;NA;NA;NA;NA;NA
2021-08-20;0-60;8;8,0;8;8;8;8;8;8;8;8;8;8;48;48,0;48;48;48;48;48;48;48;48,0;48,0;48,0;1,000000000000000;1,000000000000000;1,000000000000000;1,000000000000000;1,000000000000000;1,000000000000000;1,000000000000000;1,000000000000000;1,000000000000000;1,000000000000000;1,000000000000000
2021-08-20;60+;2;2,0;2;2;2;2;2;2;2;2;2;2;27;27,0;27;27;27;27;27;27;27;27,0;27,0;27,0;1,000000000000000;1,000000000000000;1,000000000000000;1,000000000000000;1,000000000000000;1,000000000000000;1,000000000000000;1,000000000000000;1,000000000000000;1,000000000000000;1,000000000000000
2021-08-20;alle;10;10,0;10;10;10;10;10;10;10;10;10;10;75;75,0;75;75;75;75;75;75;75;75,0;75,0;75,0;NA;NA;NA;NA;NA;NA;NA;NA;NA;NA;NA
2021-08-19;0-60;12;12,0;12;12;12;12;12;12;12;12;12;12;49;49,0;49;49;49;49;49;49;49;49,0;49,0;49,0;1,000000000000000;1,000000000000000;1,000000000000000;1,000000000000000;1,000000000000000;1,000000000000000;1,000000000000000;1,000000000000000;1,000000000000000;1,000000000000000;1,000000000000000
2021-08-19;60+;10;10,0;10;10;10;10;10;10;10;10;10;10;29;29,0;29;29;29;29;29;29;29;29,0;29,0;29,0;1,000000000000000;1,000000000000000;1,000000000000000;1,000000000000000;1,000000000000000;1,000000000000000;1,000000000000000;1,000000000000000;1,000000000000000;1,000000000000000;1,000000000000000
2021-08-19;alle;22;22,0;22;22;22;22;22;22;22;22;22;22;78;78,0;78;78;78;78;78;78;78;78,0;78,0;78,0;NA;NA;NA;NA;NA;NA;NA;NA;NA;NA;NA
2021-08-18;0-60;6;6,0;6;6;6;6;6;6;6;6;6;6;48;48,0;48;48;48;48;48;48;48;48,0;48,0;48,0;1,000000000000000;1,000000000000000;1,000000000000000;1,000000000000000;1,000000000000000;1,000000000000000;1,000000000000000;1,000000000000000;1,000000000000000;1,000000000000000;1,000000000000000
2021-08-18;60+;3;3,0;3;3;3;3;3;3;3;3;3;3;22;22,0;22;22;22;22;22;22;22;22,0;22,0;22,0;1,000000000000000;1,000000000000000;1,000000000000000;1,000000000000000;1,000000000000000;1,000000000000000;1,000000000000000;1,000000000000000;1,000000000000000;1,000000000000000;1,000000000000000
2021-08-18;alle;9;9,0;9;9;9;9;9;9;9;9;9;9;70;70,0;70;70;70;70;70;70;70;70,0;70,0;70,0;NA;NA;NA;NA;NA;NA;NA;NA;NA;NA;NA
2021-08-17;0-60;8;8,0;8;8;8;8;8;8;8;8;8;8;51;51,0;51;51;51;51;51;51;51;51,0;51,0;51,0;1,000000000000000;1,000000000000000;1,000000000000000;1,000000000000000;1,000000000000000;1,000000000000000;1,000000000000000;1,000000000000000;1,000000000000000;1,000000000000000;1,000000000000000
2021-08-17;60+;6;6,0;6;6;6;6;6;6;6;6;6;6;24;24,0;24;24;24;24;24;24;24;24,0;24,0;24,0;1,000000000000000;1,000000000000000;1,000000000000000;1,000000000000000;1,000000000000000;1,000000000000000;1,000000000000000;1,000000000000000;1,000000000000000;1,000000000000000;1,000000000000000
2021-08-17;alle;14;14,0;14;14;14;14;14;14;14;14;14;14;75;75,0;75;75;75;75;75;75;75;75,0;75,0;75,0;NA;NA;NA;NA;NA;NA;NA;NA;NA;NA;NA
2021-08-16;0-60;2;2,0;2;2;2;2;2;2;2;2;2;2;49;49,0;49;49;49;49;49;49;49;49,0;49,0;49,0;1,000000000000000;1,000000000000000;1,000000000000000;1,000000000000000;1,000000000000000;1,000000000000000;1,000000000000000;1,000000000000000;1,000000000000000;1,000000000000000;1,000000000000000
2021-08-16;60+;0;0,0;0;0;0;0;0;0;0;0;0;0;21;21,0;21;21;21;21;21;21;21;21,0;21,0;21,0;1,000000000000000;1,000000000000000;1,000000000000000;1,000000000000000;1,000000000000000;1,000000000000000;1,000000000000000;1,000000000000000;1,000000000000000;1,000000000000000;1,000000000000000
2021-08-16;alle;2;2,0;2;2;2;2;2;2;2;2;2;2;70;70,0;70;70;70;70;70;70;70;70,0;70,0;70,0;NA;NA;NA;NA;NA;NA;NA;NA;NA;NA;NA
2021-08-15;0-60;3;3,0;3;3;3;3;3;3;3;3;3;3;52;52,0;52;52;52;52;52;52;52;52,0;52,0;52,0;1,000000000000000;1,000000000000000;1,000000000000000;1,000000000000000;1,000000000000000;1,000000000000000;1,000000000000000;1,000000000000000;1,000000000000000;1,000000000000000;1,000000000000000
2021-08-15;60+;2;2,0;2;2;2;2;2;2;2;2;2;2;21;21,0;21;21;21;21;21;21;21;21,0;21,0;21,0;1,000000000000000;1,000000000000000;1,000000000000000;1,000000000000000;1,000000000000000;1,000000000000000;1,000000000000000;1,000000000000000;1,000000000000000;1,000000000000000;1,000000000000000
2021-08-15;alle;5;5,0;5;5;5;5;5;5;5;5;5;5;73;73,0;73;73;73;73;73;73;73;73,0;73,0;73,0;NA;NA;NA;NA;NA;NA;NA;NA;NA;NA;NA
2021-08-14;0-60;9;9,0;9;9;9;9;9;9;9;9;9;9;55;55,0;55;55;55;55;55;55;55;55,0;55,0;55,0;1,000000000000000;1,000000000000000;1,000000000000000;1,000000000000000;1,000000000000000;1,000000000000000;1,000000000000000;1,000000000000000;1,000000000000000;1,000000000000000;1,000000000000000
2021-08-14;60+;4;4,0;4;4;4;4;4;4;4;4;4;4;20;20,0;20;20;20;20;20;20;20;20,0;20,0;20,0;1,000000000000000;1,000000000000000;1,000000000000000;1,000000000000000;1,000000000000000;1,000000000000000;1,000000000000000;1,000000000000000;1,000000000000000;1,000000000000000;1,000000000000000
2021-08-14;alle;13;13,0;13;13;13;13;13;13;13;13;13;13;75;75,0;75;75;75;75;75;75;75;75,0;75,0;75,0;NA;NA;NA;NA;NA;NA;NA;NA;NA;NA;NA
2021-08-13;0-60;9;9,0;9;9;9;9;9;9;9;9;9;9;56;56,0;56;56;56;56;56;56;56;56,0;56,0;56,0;1,000000000000000;1,000000000000000;1,000000000000000;1,000000000000000;1,000000000000000;1,000000000000000;1,000000000000000;1,000000000000000;1,000000000000000;1,000000000000000;1,000000000000000
2021-08-13;60+;4;4,0;4;4;4;4;4;4;4;4;4;4;17;17,0;17;17;17;17;17;17;17;17,0;17,0;17,0;1,000000000000000;1,000000000000000;1,000000000000000;1,000000000000000;1,000000000000000;1,000000000000000;1,000000000000000;1,000000000000000;1,000000000000000;1,000000000000000;1,000000000000000
2021-08-13;alle;13;13,0;13;13;13;13;13;13;13;13;13;13;73;73,0;73;73;73;73;73;73;73;73,0;73,0;73,0;NA;NA;NA;NA;NA;NA;NA;NA;NA;NA;NA
2021-08-12;0-60;11;11,0;11;11;11;11;11;11;11;11;11;11;52;52,0;52;52;52;52;52;52;52;52,0;52,0;52,0;1,000000000000000;1,000000000000000;1,000000000000000;1,000000000000000;1,000000000000000;1,000000000000000;1,000000000000000;1,000000000000000;1,000000000000000;1,000000000000000;1,000000000000000
2021-08-12;60+;3;3,0;3;3;3;3;3;3;3;3;3;3;17;17,0;17;17;17;17;17;17;17;17,0;17,0;17,0;1,000000000000000;1,000000000000000;1,000000000000000;1,000000000000000;1,000000000000000;1,000000000000000;1,000000000000000;1,000000000000000;1,000000000000000;1,000000000000000;1,000000000000000
2021-08-12;alle;14;14,0;14;14;14;14;14;14;14;14;14;14;69;69,0;69;69;69;69;69;69;69;69,0;69,0;69,0;NA;NA;NA;NA;NA;NA;NA;NA;NA;NA;NA
2021-08-11;0-60;9;9,0;9;9;9;9;9;9;9;9;9;9;43;43,0;43;43;43;43;43;43;43;43,0;43,0;43,0;1,000000000000000;1,000000000000000;1,000000000000000;1,000000000000000;1,000000000000000;1,000000000000000;1,000000000000000;1,000000000000000;1,000000000000000;1,000000000000000;1,000000000000000
2021-08-11;60+;5;5,0;5;5;5;5;5;5;5;5;5;5;15;15,0;15;15;15;15;15;15;15;15,0;15,0;15,0;1,000000000000000;1,000000000000000;1,000000000000000;1,000000000000000;1,000000000000000;1,000000000000000;1,000000000000000;1,000000000000000;1,000000000000000;1,000000000000000;1,000000000000000
2021-08-11;alle;14;14,0;14;14;14;14;14;14;14;14;14;14;58;58,0;58;58;58;58;58;58;58;58,0;58,0;58,0;NA;NA;NA;NA;NA;NA;NA;NA;NA;NA;NA
2021-08-10;0-60;6;6,0;6;6;6;6;6;6;6;6;6;6;46;46,0;46;46;46;46;46;46;46;46,0;46,0;46,0;1,000000000000000;1,000000000000000;1,000000000000000;1,000000000000000;1,000000000000000;1,000000000000000;1,000000000000000;1,000000000000000;1,000000000000000;1,000000000000000;1,000000000000000
2021-08-10;60+;3;3,0;3;3;3;3;3;3;3;3;3;3;12;12,0;12;12;12;12;12;12;12;12,0;12,0;12,0;1,000000000000000;1,000000000000000;1,000000000000000;1,000000000000000;1,000000000000000;1,000000000000000;1,000000000000000;1,000000000000000;1,000000000000000;1,000000000000000;1,000000000000000
2021-08-10;alle;9;9,0;9;9;9;9;9;9;9;9;9;9;58;58,0;58;58;58;58;58;58;58;58,0;58,0;58,0;NA;NA;NA;NA;NA;NA;NA;NA;NA;NA;NA
2021-08-09;0-60;5;5,0;5;5;5;5;5;5;5;5;5;5;44;44,0;44;44;44;44;44;44;44;44,0;44,0;44,0;1,000000000000000;1,000000000000000;1,000000000000000;1,000000000000000;1,000000000000000;1,000000000000000;1,000000000000000;1,000000000000000;1,000000000000000;1,000000000000000;1,000000000000000
2021-08-09;60+;0;0,0;0;0;0;0;0;0;0;0;0;0;10;10,0;10;10;10;10;10;10;10;10,0;10,0;10,0;1,000000000000000;1,000000000000000;1,000000000000000;1,000000000000000;1,000000000000000;1,000000000000000;1,000000000000000;1,000000000000000;1,000000000000000;1,000000000000000;1,000000000000000
2021-08-09;alle;5;5,0;5;5;5;5;5;5;5;5;5;5;54;54,0;54;54;54;54;54;54;54;54,0;54,0;54,0;NA;NA;NA;NA;NA;NA;NA;NA;NA;NA;NA
2021-08-08;0-60;6;6,0;6;6;6;6;6;6;6;6;6;6;40;40,0;40;40;40;40;40;40;40;40,0;40,0;40,0;1,000000000000000;1,000000000000000;1,000000000000000;1,000000000000000;1,000000000000000;1,000000000000000;1,000000000000000;1,000000000000000;1,000000000000000;1,000000000000000;1,000000000000000
2021-08-08;60+;1;1,0;1;1;1;1;1;1;1;1;1;1;12;12,0;12;12;12;12;12;12;12;12,0;12,0;12,0;1,000000000000000;1,000000000000000;1,000000000000000;1,000000000000000;1,000000000000000;1,000000000000000;1,000000000000000;1,000000000000000;1,000000000000000;1,000000000000000;1,000000000000000
2021-08-08;alle;7;7,0;7;7;7;7;7;7;7;7;7;7;52;52,0;52;52;52;52;52;52;52;52,0;52,0;52,0;NA;NA;NA;NA;NA;NA;NA;NA;NA;NA;NA
2021-08-07;0-60;10;10,0;10;10;10;10;10;10;10;10;10;10;36;36,0;36;36;36;36;36;36;36;36,0;36,0;36,0;1,000000000000000;1,000000000000000;1,000000000000000;1,000000000000000;1,000000000000000;1,000000000000000;1,000000000000000;1,000000000000000;1,000000000000000;1,000000000000000;1,000000000000000
2021-08-07;60+;1;1,0;1;1;1;1;1;1;1;1;1;1;11;11,0;11;11;11;11;11;11;11;11,0;11,0;11,0;1,000000000000000;1,000000000000000;1,000000000000000;1,000000000000000;1,000000000000000;1,000000000000000;1,000000000000000;1,000000000000000;1,000000000000000;1,000000000000000;1,000000000000000
2021-08-07;alle;11;11,0;11;11;11;11;11;11;11;11;11;11;47;47,0;47;47;47;47;47;47;47;47,0;47,0;47,0;NA;NA;NA;NA;NA;NA;NA;NA;NA;NA;NA
2021-08-06;0-60;5;5,0;5;5;5;5;5;5;5;5;5;5;35;35,0;35;35;35;35;35;35;35;35,0;35,0;35,0;1,000000000000000;1,000000000000000;1,000000000000000;1,000000000000000;1,000000000000000;1,000000000000000;1,000000000000000;1,000000000000000;1,000000000000000;1,000000000000000;1,000000000000000
2021-08-06;60+;4;4,0;4;4;4;4;4;4;4;4;4;4;12;12,0;12;12;12;12;12;12;12;12,0;12,0;12,0;1,000000000000000;1,000000000000000;1,000000000000000;1,000000000000000;1,000000000000000;1,000000000000000;1,000000000000000;1,000000000000000;1,000000000000000;1,000000000000000;1,000000000000000
2021-08-06;alle;9;9,0;9;9;9;9;9;9;9;9;9;9;47;47,0;47;47;47;47;47;47;47;47,0;47,0;47,0;NA;NA;NA;NA;NA;NA;NA;NA;NA;NA;NA
2021-08-05;0-60;2;2,0;2;2;2;2;2;2;2;2;2;2;34;34,0;34;34;34;34;34;34;34;34,0;34,0;34,0;1,000000000000000;1,000000000000000;1,000000000000000;1,000000000000000;1,000000000000000;1,000000000000000;1,000000000000000;1,000000000000000;1,000000000000000;1,000000000000000;1,000000000000000
2021-08-05;60+;1;1,0;1;1;1;1;1;1;1;1;1;1;10;10,0;10;10;10;10;10;10;10;10,0;10,0;10,0;1,000000000000000;1,000000000000000;1,000000000000000;1,000000000000000;1,000000000000000;1,000000000000000;1,000000000000000;1,000000000000000;1,000000000000000;1,000000000000000;1,000000000000000
2021-08-05;alle;3;3,0;3;3;3;3;3;3;3;3;3;3;44;44,0;44;44;44;44;44;44;44;44,0;44,0;44,0;NA;NA;NA;NA;NA;NA;NA;NA;NA;NA;NA
2021-08-04;0-60;12;12,0;12;12;12;12;12;12;12;12;12;12;33;33,0;33;33;33;33;33;33;33;33,0;33,0;33,0;1,000000000000000;1,000000000000000;1,000000000000000;1,000000000000000;1,000000000000000;1,000000000000000;1,000000000000000;1,000000000000000;1,000000000000000;1,000000000000000;1,000000000000000
2021-08-04;60+;2;2,0;2;2;2;2;2;2;2;2;2;2;10;10,0;10;10;10;10;10;10;10;10,0;10,0;10,0;1,000000000000000;1,000000000000000;1,000000000000000;1,000000000000000;1,000000000000000;1,000000000000000;1,000000000000000;1,000000000000000;1,000000000000000;1,000000000000000;1,000000000000000
2021-08-04;alle;14;14,0;14;14;14;14;14;14;14;14;14;14;43;43,0;43;43;43;43;43;43;43;43,0;43,0;43,0;NA;NA;NA;NA;NA;NA;NA;NA;NA;NA;NA
2021-08-03;0-60;4;4,0;4;4;4;4;4;4;4;4;4;4;30;30,0;30;30;30;30;30;30;30;30,0;30,0;30,0;1,000000000000000;1,000000000000000;1,000000000000000;1,000000000000000;1,000000000000000;1,000000000000000;1,000000000000000;1,000000000000000;1,000000000000000;1,000000000000000;1,000000000000000
2021-08-03;60+;1;1,0;1;1;1;1;1;1;1;1;1;1;12;12,0;12;12;12;12;12;12;12;12,0;12,0;12,0;1,000000000000000;1,000000000000000;1,000000000000000;1,000000000000000;1,000000000000000;1,000000000000000;1,000000000000000;1,000000000000000;1,000000000000000;1,000000000000000;1,000000000000000
2021-08-03;alle;5;5,0;5;5;5;5;5;5;5;5;5;5;42;42,0;42;42;42;42;42;42;42;42,0;42,0;42,0;NA;NA;NA;NA;NA;NA;NA;NA;NA;NA;NA
2021-08-02;0-60;1;1,0;1;1;1;1;1;1;1;1;1;1;31;31,0;31;31;31;31;31;31;31;31,0;31,0;31,0;1,000000000000000;1,000000000000000;1,000000000000000;1,000000000000000;1,000000000000000;1,000000000000000;1,000000000000000;1,000000000000000;1,000000000000000;1,000000000000000;1,000000000000000
2021-08-02;60+;2;2,0;2;2;2;2;2;2;2;2;2;2;12;12,0;12;12;12;12;12;12;12;12,0;12,0;12,0;1,000000000000000;1,000000000000000;1,000000000000000;1,000000000000000;1,000000000000000;1,000000000000000;1,000000000000000;1,000000000000000;1,000000000000000;1,000000000000000;1,000000000000000
2021-08-02;alle;3;3,0;3;3;3;3;3;3;3;3;3;3;43;43,0;43;43;43;43;43;43;43;43,0;43,0;43,0;NA;NA;NA;NA;NA;NA;NA;NA;NA;NA;NA
2021-08-01;0-60;2;2,0;2;2;2;2;2;2;2;2;2;2;33;33,0;33;33;33;33;33;33;33;33,0;33,0;33,0;1,000000000000000;1,000000000000000;1,000000000000000;1,000000000000000;1,000000000000000;1,000000000000000;1,000000000000000;1,000000000000000;1,000000000000000;1,000000000000000;1,000000000000000
2021-08-01;60+;0;0,0;0;0;0;0;0;0;0;0;0;0;11;11,0;11;11;11;11;11;11;11;11,0;11,0;11,0;1,000000000000000;1,000000000000000;1,000000000000000;1,000000000000000;1,000000000000000;1,000000000000000;1,000000000000000;1,000000000000000;1,000000000000000;1,000000000000000;1,000000000000000
2021-08-01;alle;2;2,0;2;2;2;2;2;2;2;2;2;2;44;44,0;44;44;44;44;44;44;44;44,0;44,0;44,0;NA;NA;NA;NA;NA;NA;NA;NA;NA;NA;NA
2021-07-31;0-60;9;9,0;9;9;9;9;9;9;9;9;9;9;36;36,0;36;36;36;36;36;36;36;36,0;36,0;36,0;1,000000000000000;1,000000000000000;1,000000000000000;1,000000000000000;1,000000000000000;1,000000000000000;1,000000000000000;1,000000000000000;1,000000000000000;1,000000000000000;1,000000000000000
2021-07-31;60+;2;2,0;2;2;2;2;2;2;2;2;2;2;12;12,0;12;12;12;12;12;12;12;12,0;12,0;12,0;1,000000000000000;1,000000000000000;1,000000000000000;1,000000000000000;1,000000000000000;1,000000000000000;1,000000000000000;1,000000000000000;1,000000000000000;1,000000000000000;1,000000000000000
2021-07-31;alle;11;11,0;11;11;11;11;11;11;11;11;11;11;48;48,0;48;48;48;48;48;48;48;48,0;48,0;48,0;NA;NA;NA;NA;NA;NA;NA;NA;NA;NA;NA
2021-07-30;0-60;4;4,0;4;4;4;4;4;4;4;4;4;4;29;29,0;29;29;29;29;29;29;29;29,0;29,0;29,0;1,000000000000000;1,000000000000000;1,000000000000000;1,000000000000000;1,000000000000000;1,000000000000000;1,000000000000000;1,000000000000000;1,000000000000000;1,000000000000000;1,000000000000000
2021-07-30;60+;2;2,0;2;2;2;2;2;2;2;2;2;2;12;12,0;12;12;12;12;12;12;12;12,0;12,0;12,0;1,000000000000000;1,000000000000000;1,000000000000000;1,000000000000000;1,000000000000000;1,000000000000000;1,000000000000000;1,000000000000000;1,000000000000000;1,000000000000000;1,000000000000000
2021-07-30;alle;6;6,0;6;6;6;6;6;6;6;6;6;6;41;41,0;41;41;41;41;41;41;41;41,0;41,0;41,0;NA;NA;NA;NA;NA;NA;NA;NA;NA;NA;NA
2021-07-29;0-60;1;1,0;1;1;1;1;1;1;1;1;1;1;28;28,0;28;28;28;28;28;28;28;28,0;28,0;28,0;1,000000000000000;1,000000000000000;1,000000000000000;1,000000000000000;1,000000000000000;1,000000000000000;1,000000000000000;1,000000000000000;1,000000000000000;1,000000000000000;1,000000000000000
2021-07-29;60+;1;1,0;1;1;1;1;1;1;1;1;1;1;11;11,0;11;11;11;11;11;11;11;11,0;11,0;11,0;1,000000000000000;1,000000000000000;1,000000000000000;1,000000000000000;1,000000000000000;1,000000000000000;1,000000000000000;1,000000000000000;1,000000000000000;1,000000000000000;1,000000000000000
2021-07-29;alle;2;2,0;2;2;2;2;2;2;2;2;2;2;39;39,0;39;39;39;39;39;39;39;39,0;39,0;39,0;NA;NA;NA;NA;NA;NA;NA;NA;NA;NA;NA
2021-07-28;0-60;9;9,0;9;9;9;9;9;9;9;9;9;9;30;30,0;30;30;30;30;30;30;30;30,0;30,0;30,0;1,000000000000000;1,000000000000000;1,000000000000000;1,000000000000000;1,000000000000000;1,000000000000000;1,000000000000000;1,000000000000000;1,000000000000000;1,000000000000000;1,000000000000000
2021-07-28;60+;4;4,0;4;4;4;4;4;4;4;4;4;4;10;10,0;10;10;10;10;10;10;10;10,0;10,0;10,0;1,000000000000000;1,000000000000000;1,000000000000000;1,000000000000000;1,000000000000000;1,000000000000000;1,000000000000000;1,000000000000000;1,000000000000000;1,000000000000000;1,000000000000000
2021-07-28;alle;13;13,0;13;13;13;13;13;13;13;13;13;13;40;40,0;40;40;40;40;40;40;40;40,0;40,0;40,0;NA;NA;NA;NA;NA;NA;NA;NA;NA;NA;NA
2021-07-27;0-60;5;5,0;5;5;5;5;5;5;5;5;5;5;23;23,0;23;23;23;23;23;23;23;23,0;23,0;23,0;1,000000000000000;1,000000000000000;1,000000000000000;1,000000000000000;1,000000000000000;1,000000000000000;1,000000000000000;1,000000000000000;1,000000000000000;1,000000000000000;1,000000000000000
2021-07-27;60+;1;1,0;1;1;1;1;1;1;1;1;1;1;7;7,0;7;7;7;7;7;7;7;7,0;7,0;7,0;1,000000000000000;1,000000000000000;1,000000000000000;1,000000000000000;1,000000000000000;1,000000000000000;1,000000000000000;1,000000000000000;1,000000000000000;1,000000000000000;1,000000000000000
2021-07-27;alle;6;6,0;6;6;6;6;6;6;6;6;6;6;30;30,0;30;30;30;30;30;30;30;30,0;30,0;30,0;NA;NA;NA;NA;NA;NA;NA;NA;NA;NA;NA
2021-07-26;0-60;3;3,0;3;3;3;3;3;3;3;3;3;3;18;18,0;18;18;18;18;18;18;18;18,0;18,0;18,0;1,000000000000000;1,000000000000000;1,000000000000000;1,000000000000000;1,000000000000000;1,000000000000000;1,000000000000000;1,000000000000000;1,000000000000000;1,000000000000000;1,000000000000000
2021-07-26;60+;1;1,0;1;1;1;1;1;1;1;1;1;1;10;10,0;10;10;10;10;10;10;10;10,0;10,0;10,0;1,000000000000000;1,000000000000000;1,000000000000000;1,000000000000000;1,000000000000000;1,000000000000000;1,000000000000000;1,000000000000000;1,000000000000000;1,000000000000000;1,000000000000000
2021-07-26;alle;4;4,0;4;4;4;4;4;4;4;4;4;4;28;28,0;28;28;28;28;28;28;28;28,0;28,0;28,0;NA;NA;NA;NA;NA;NA;NA;NA;NA;NA;NA
2021-07-25;0-60;5;5,0;5;5;5;5;5;5;5;5;5;5;15;15,0;15;15;15;15;15;15;15;15,0;15,0;15,0;1,000000000000000;1,000000000000000;1,000000000000000;1,000000000000000;1,000000000000000;1,000000000000000;1,000000000000000;1,000000000000000;1,000000000000000;1,000000000000000;1,000000000000000
2021-07-25;60+;1;1,0;1;1;1;1;1;1;1;1;1;1;9;9,0;9;9;9;9;9;9;9;9,0;9,0;9,0;1,000000000000000;1,000000000000000;1,000000000000000;1,000000000000000;1,000000000000000;1,000000000000000;1,000000000000000;1,000000000000000;1,000000000000000;1,000000000000000;1,000000000000000
2021-07-25;alle;6;6,0;6;6;6;6;6;6;6;6;6;6;24;24,0;24;24;24;24;24;24;24;24,0;24,0;24,0;NA;NA;NA;NA;NA;NA;NA;NA;NA;NA;NA
2021-07-24;0-60;2;2,0;2;2;2;2;2;2;2;2;2;2;10;10,0;10;10;10;10;10;10;10;10,0;10,0;10,0;1,000000000000000;1,000000000000000;1,000000000000000;1,000000000000000;1,000000000000000;1,000000000000000;1,000000000000000;1,000000000000000;1,000000000000000;1,000000000000000;1,000000000000000
2021-07-24;60+;2;2,0;2;2;2;2;2;2;2;2;2;2;9;9,0;9;9;9;9;9;9;9;9,0;9,0;9,0;1,000000000000000;1,000000000000000;1,000000000000000;1,000000000000000;1,000000000000000;1,000000000000000;1,000000000000000;1,000000000000000;1,000000000000000;1,000000000000000;1,000000000000000
2021-07-24;alle;4;4,0;4;4;4;4;4;4;4;4;4;4;19;19,0;19;19;19;19;19;19;19;19,0;19,0;19,0;NA;NA;NA;NA;NA;NA;NA;NA;NA;NA;NA
2021-07-23;0-60;3;3,0;3;3;3;3;3;3;3;3;3;3;9;9,0;9;9;9;9;9;9;9;9,0;9,0;9,0;1,000000000000000;1,000000000000000;1,000000000000000;1,000000000000000;1,000000000000000;1,000000000000000;1,000000000000000;1,000000000000000;1,000000000000000;1,000000000000000;1,000000000000000
2021-07-23;60+;1;1,0;1;1;1;1;1;1;1;1;1;1;7;7,0;7;7;7;7;7;7;7;7,0;7,0;7,0;1,000000000000000;1,000000000000000;1,000000000000000;1,000000000000000;1,000000000000000;1,000000000000000;1,000000000000000;1,000000000000000;1,000000000000000;1,000000000000000;1,000000000000000
2021-07-23;alle;4;4,0;4;4;4;4;4;4;4;4;4;4;16;16,0;16;16;16;16;16;16;16;16,0;16,0;16,0;NA;NA;NA;NA;NA;NA;NA;NA;NA;NA;NA
2021-07-22;0-60;3;3,0;3;3;3;3;3;3;3;3;3;3;6;6,0;6;6;6;6;6;6;6;6,0;6,0;6,0;1,000000000000000;1,000000000000000;1,000000000000000;1,000000000000000;1,000000000000000;1,000000000000000;1,000000000000000;1,000000000000000;1,000000000000000;1,000000000000000;1,000000000000000
2021-07-22;60+;0;0,0;0;0;0;0;0;0;0;0;0;0;7;7,0;7;7;7;7;7;7;7;7,0;7,0;7,0;1,000000000000000;1,000000000000000;1,000000000000000;1,000000000000000;1,000000000000000;1,000000000000000;1,000000000000000;1,000000000000000;1,000000000000000;1,000000000000000;1,000000000000000
2021-07-22;alle;3;3,0;3;3;3;3;3;3;3;3;3;3;13;13,0;13;13;13;13;13;13;13;13,0;13,0;13,0;NA;NA;NA;NA;NA;NA;NA;NA;NA;NA;NA
2021-07-21;0-60;2;2,0;2;2;2;2;2;2;2;2;2;2;3;3,0;3;3;3;3;3;3;3;3,0;3,0;3,0;1,000000000000000;1,000000000000000;1,000000000000000;1,000000000000000;1,000000000000000;1,000000000000000;1,000000000000000;1,000000000000000;1,000000000000000;1,000000000000000;1,000000000000000
2021-07-21;60+;1;1,0;1;1;1;1;1;1;1;1;1;1;7;7,0;7;7;7;7;7;7;7;7,0;7,0;7,0;1,000000000000000;1,000000000000000;1,000000000000000;1,000000000000000;1,000000000000000;1,000000000000000;1,000000000000000;1,000000000000000;1,000000000000000;1,000000000000000;1,000000000000000
2021-07-21;alle;3;3,0;3;3;3;3;3;3;3;3;3;3;10;10,0;10;10;10;10;10;10;10;10,0;10,0;10,0;NA;NA;NA;NA;NA;NA;NA;NA;NA;NA;NA
2021-07-20;0-60;0;0,0;0;0;0;0;0;0;0;0;0;0;2;2,0;2;2;2;2;2;2;2;2,0;2,0;2,0;1,000000000000000;1,000000000000000;1,000000000000000;1,000000000000000;1,000000000000000;1,000000000000000;1,000000000000000;1,000000000000000;1,000000000000000;1,000000000000000;1,000000000000000
2021-07-20;60+;4;4,0;4;4;4;4;4;4;4;4;4;4;6;6,0;6;6;6;6;6;6;6;6,0;6,0;6,0;1,000000000000000;1,000000000000000;1,000000000000000;1,000000000000000;1,000000000000000;1,000000000000000;1,000000000000000;1,000000000000000;1,000000000000000;1,000000000000000;1,000000000000000
2021-07-20;alle;4;4,0;4;4;4;4;4;4;4;4;4;4;8;8,0;8;8;8;8;8;8;8;8,0;8,0;8,0;NA;NA;NA;NA;NA;NA;NA;NA;NA;NA;NA
2021-07-19;0-60;0;0,0;0;0;0;0;0;0;0;0;0;0;4;4,0;4;4;4;4;4;4;4;4,0;4,0;4,0;1,000000000000000;1,000000000000000;1,000000000000000;1,000000000000000;1,000000000000000;1,000000000000000;1,000000000000000;1,000000000000000;1,000000000000000;1,000000000000000;1,000000000000000
2021-07-19;60+;0;0,0;0;0;0;0;0;0;0;0;0;0;2;2,0;2;2;2;2;2;2;2;2,0;2,0;2,0;1,000000000000000;1,000000000000000;1,000000000000000;1,000000000000000;1,000000000000000;1,000000000000000;1,000000000000000;1,000000000000000;1,000000000000000;1,000000000000000;1,000000000000000
2021-07-19;alle;0;0,0;0;0;0;0;0;0;0;0;0;0;6;6,0;6;6;6;6;6;6;6;6,0;6,0;6,0;NA;NA;NA;NA;NA;NA;NA;NA;NA;NA;NA
2021-07-18;0-60;0;0,0;0;0;0;0;0;0;0;0;0;0;5;5,0;5;5;5;5;5;5;5;5,0;5,0;5,0;1,000000000000000;1,000000000000000;1,000000000000000;1,000000000000000;1,000000000000000;1,000000000000000;1,000000000000000;1,000000000000000;1,000000000000000;1,000000000000000;1,000000000000000
2021-07-18;60+;1;1,0;1;1;1;1;1;1;1;1;1;1;2;2,0;2;2;2;2;2;2;2;2,0;2,0;2,0;1,000000000000000;1,000000000000000;1,000000000000000;1,000000000000000;1,000000000000000;1,000000000000000;1,000000000000000;1,000000000000000;1,000000000000000;1,000000000000000;1,000000000000000
2021-07-18;alle;1;1,0;1;1;1;1;1;1;1;1;1;1;7;7,0;7;7;7;7;7;7;7;7,0;7,0;7,0;NA;NA;NA;NA;NA;NA;NA;NA;NA;NA;NA
2021-07-17;0-60;1;1,0;1;1;1;1;1;1;1;1;1;1;5;5,0;5;5;5;5;5;5;5;5,0;5,0;5,0;1,000000000000000;1,000000000000000;1,000000000000000;1,000000000000000;1,000000000000000;1,000000000000000;1,000000000000000;1,000000000000000;1,000000000000000;1,000000000000000;1,000000000000000
2021-07-17;60+;0;0,0;0;0;0;0;0;0;0;0;0;0;1;1,0;1;1;1;1;1;1;1;1,0;1,0;1,0;1,000000000000000;1,000000000000000;1,000000000000000;1,000000000000000;1,000000000000000;1,000000000000000;1,000000000000000;1,000000000000000;1,000000000000000;1,000000000000000;1,000000000000000
2021-07-17;alle;1;1,0;1;1;1;1;1;1;1;1;1;1;6;6,0;6;6;6;6;6;6;6;6,0;6,0;6,0;NA;NA;NA;NA;NA;NA;NA;NA;NA;NA;NA
2021-07-16;0-60;0;0,0;0;0;0;0;0;0;0;0;0;0;4;4,0;4;4;4;4;4;4;4;4,0;4,0;4,0;1,000000000000000;1,000000000000000;1,000000000000000;1,000000000000000;1,000000000000000;1,000000000000000;1,000000000000000;1,000000000000000;1,000000000000000;1,000000000000000;1,000000000000000
2021-07-16;60+;1;1,0;1;1;1;1;1;1;1;1;1;1;2;2,0;2;2;2;2;2;2;2;2,0;2,0;2,0;1,000000000000000;1,000000000000000;1,000000000000000;1,000000000000000;1,000000000000000;1,000000000000000;1,000000000000000;1,000000000000000;1,000000000000000;1,000000000000000;1,000000000000000
2021-07-16;alle;1;1,0;1;1;1;1;1;1;1;1;1;1;6;6,0;6;6;6;6;6;6;6;6,0;6,0;6,0;NA;NA;NA;NA;NA;NA;NA;NA;NA;NA;NA
2021-07-15;0-60;0;0,0;0;0;0;0;0;0;0;0;0;0;6;6,0;6;6;6;6;6;6;6;6,0;6,0;6,0;1,000000000000000;1,000000000000000;1,000000000000000;1,000000000000000;1,000000000000000;1,000000000000000;1,000000000000000;1,000000000000000;1,000000000000000;1,000000000000000;1,000000000000000
2021-07-15;60+;0;0,0;0;0;0;0;0;0;0;0;0;0;1;1,0;1;1;1;1;1;1;1;1,0;1,0;1,0;1,000000000000000;1,000000000000000;1,000000000000000;1,000000000000000;1,000000000000000;1,000000000000000;1,000000000000000;1,000000000000000;1,000000000000000;1,000000000000000;1,000000000000000
2021-07-15;alle;0;0,0;0;0;0;0;0;0;0;0;0;0;7;7,0;7;7;7;7;7;7;7;7,0;7,0;7,0;NA;NA;NA;NA;NA;NA;NA;NA;NA;NA;NA
2021-07-14;0-60;1;1,0;1;1;1;1;1;1;1;1;1;1;6;6,0;6;6;6;6;6;6;6;6,0;6,0;6,0;1,000000000000000;1,000000000000000;1,000000000000000;1,000000000000000;1,000000000000000;1,000000000000000;1,000000000000000;1,000000000000000;1,000000000000000;1,000000000000000;1,000000000000000
2021-07-14;60+;0;0,0;0;0;0;0;0;0;0;0;0;0;2;2,0;2;2;2;2;2;2;2;2,0;2,0;2,0;1,000000000000000;1,000000000000000;1,000000000000000;1,000000000000000;1,000000000000000;1,000000000000000;1,000000000000000;1,000000000000000;1,000000000000000;1,000000000000000;1,000000000000000
2021-07-14;alle;1;1,0;1;1;1;1;1;1;1;1;1;1;8;8,0;8;8;8;8;8;8;8;8,0;8,0;8,0;NA;NA;NA;NA;NA;NA;NA;NA;NA;NA;NA
2021-07-13;0-60;2;2,0;2;2;2;2;2;2;2;2;2;2;6;6,0;6;6;6;6;6;6;6;6,0;6,0;6,0;1,000000000000000;1,000000000000000;1,000000000000000;1,000000000000000;1,000000000000000;1,000000000000000;1,000000000000000;1,000000000000000;1,000000000000000;1,000000000000000;1,000000000000000
2021-07-13;60+;0;0,0;0;0;0;0;0;0;0;0;0;0;2;2,0;2;2;2;2;2;2;2;2,0;2,0;2,0;1,000000000000000;1,000000000000000;1,000000000000000;1,000000000000000;1,000000000000000;1,000000000000000;1,000000000000000;1,000000000000000;1,000000000000000;1,000000000000000;1,000000000000000
2021-07-13;alle;2;2,0;2;2;2;2;2;2;2;2;2;2;8;8,0;8;8;8;8;8;8;8;8,0;8,0;8,0;NA;NA;NA;NA;NA;NA;NA;NA;NA;NA;NA
2021-07-12;0-60;1;1,0;1;1;1;1;1;1;1;1;1;1;5;5,0;5;5;5;5;5;5;5;5,0;5,0;5,0;1,000000000000000;1,000000000000000;1,000000000000000;1,000000000000000;1,000000000000000;1,000000000000000;1,000000000000000;1,000000000000000;1,000000000000000;1,000000000000000;1,000000000000000
2021-07-12;60+;0;0,0;0;0;0;0;0;0;0;0;0;0;3;3,0;3;3;3;3;3;3;3;3,0;3,0;3,0;1,000000000000000;1,000000000000000;1,000000000000000;1,000000000000000;1,000000000000000;1,000000000000000;1,000000000000000;1,000000000000000;1,000000000000000;1,000000000000000;1,000000000000000
2021-07-12;alle;1;1,0;1;1;1;1;1;1;1;1;1;1;8;8,0;8;8;8;8;8;8;8;8,0;8,0;8,0;NA;NA;NA;NA;NA;NA;NA;NA;NA;NA;NA
2021-07-11;0-60;0;0,0;0;0;0;0;0;0;0;0;0;0;4;4,0;4;4;4;4;4;4;4;4,0;4,0;4,0;1,000000000000000;1,000000000000000;1,000000000000000;1,000000000000000;1,000000000000000;1,000000000000000;1,000000000000000;1,000000000000000;1,000000000000000;1,000000000000000;1,000000000000000
2021-07-11;60+;0;0,0;0;0;0;0;0;0;0;0;0;0;3;3,0;3;3;3;3;3;3;3;3,0;3,0;3,0;1,000000000000000;1,000000000000000;1,000000000000000;1,000000000000000;1,000000000000000;1,000000000000000;1,000000000000000;1,000000000000000;1,000000000000000;1,000000000000000;1,000000000000000
2021-07-11;alle;0;0,0;0;0;0;0;0;0;0;0;0;0;7;7,0;7;7;7;7;7;7;7;7,0;7,0;7,0;NA;NA;NA;NA;NA;NA;NA;NA;NA;NA;NA
2021-07-10;0-60;0;0,0;0;0;0;0;0;0;0;0;0;0;5;5,0;5;5;5;5;5;5;5;5,0;5,0;5,0;1,000000000000000;1,000000000000000;1,000000000000000;1,000000000000000;1,000000000000000;1,000000000000000;1,000000000000000;1,000000000000000;1,000000000000000;1,000000000000000;1,000000000000000
2021-07-10;60+;1;1,0;1;1;1;1;1;1;1;1;1;1;5;5,0;5;5;5;5;5;5;5;5,0;5,0;5,0;1,000000000000000;1,000000000000000;1,000000000000000;1,000000000000000;1,000000000000000;1,000000000000000;1,000000000000000;1,000000000000000;1,000000000000000;1,000000000000000;1,000000000000000
2021-07-10;alle;1;1,0;1;1;1;1;1;1;1;1;1;1;10;10,0;10;10;10;10;10;10;10;10,0;10,0;10,0;NA;NA;NA;NA;NA;NA;NA;NA;NA;NA;NA
2021-07-09;0-60;2;2,0;2;2;2;2;2;2;2;2;2;2;5;5,0;5;5;5;5;5;5;5;5,0;5,0;5,0;1,000000000000000;1,000000000000000;1,000000000000000;1,000000000000000;1,000000000000000;1,000000000000000;1,000000000000000;1,000000000000000;1,000000000000000;1,000000000000000;1,000000000000000
2021-07-09;60+;0;0,0;0;0;0;0;0;0;0;0;0;0;4;4,0;4;4;4;4;4;4;4;4,0;4,0;4,0;1,000000000000000;1,000000000000000;1,000000000000000;1,000000000000000;1,000000000000000;1,000000000000000;1,000000000000000;1,000000000000000;1,000000000000000;1,000000000000000;1,000000000000000
2021-07-09;alle;2;2,0;2;2;2;2;2;2;2;2;2;2;9;9,0;9;9;9;9;9;9;9;9,0;9,0;9,0;NA;NA;NA;NA;NA;NA;NA;NA;NA;NA;NA
2021-07-08;0-60;0;0,0;0;0;0;0;0;0;0;0;0;0;5;5,0;5;5;5;5;5;5;5;5,0;5,0;5,0;1,000000000000000;1,000000000000000;1,000000000000000;1,000000000000000;1,000000000000000;1,000000000000000;1,000000000000000;1,000000000000000;1,000000000000000;1,000000000000000;1,000000000000000
2021-07-08;60+;1;1,0;1;1;1;1;1;1;1;1;1;1;4;4,0;4;4;4;4;4;4;4;4,0;4,0;4,0;1,000000000000000;1,000000000000000;1,000000000000000;1,000000000000000;1,000000000000000;1,000000000000000;1,000000000000000;1,000000000000000;1,000000000000000;1,000000000000000;1,000000000000000
2021-07-08;alle;1;1,0;1;1;1;1;1;1;1;1;1;1;9;9,0;9;9;9;9;9;9;9;9,0;9,0;9,0;NA;NA;NA;NA;NA;NA;NA;NA;NA;NA;NA
2021-07-07;0-60;1;1,0;1;1;1;1;1;1;1;1;1;1;6;6,0;6;6;6;6;6;6;6;6,0;6,0;6,0;1,000000000000000;1,000000000000000;1,000000000000000;1,000000000000000;1,000000000000000;1,000000000000000;1,000000000000000;1,000000000000000;1,000000000000000;1,000000000000000;1,000000000000000
2021-07-07;60+;0;0,0;0;0;0;0;0;0;0;0;0;0;3;3,0;3;3;3;3;3;3;3;3,0;3,0;3,0;1,000000000000000;1,000000000000000;1,000000000000000;1,000000000000000;1,000000000000000;1,000000000000000;1,000000000000000;1,000000000000000;1,000000000000000;1,000000000000000;1,000000000000000
2021-07-07;alle;1;1,0;1;1;1;1;1;1;1;1;1;1;9;9,0;9;9;9;9;9;9;9;9,0;9,0;9,0;NA;NA;NA;NA;NA;NA;NA;NA;NA;NA;NA
2021-07-06;0-60;1;1,0;1;1;1;1;1;1;1;1;1;1;5;5,0;5;5;5;5;5;5;5;5,0;5,0;5,0;1,000000000000000;1,000000000000000;1,000000000000000;1,000000000000000;1,000000000000000;1,000000000000000;1,000000000000000;1,000000000000000;1,000000000000000;1,000000000000000;1,000000000000000
2021-07-06;60+;1;1,0;1;1;1;1;1;1;1;1;1;1;4;4,0;4;4;4;4;4;4;4;4,0;4,0;4,0;1,000000000000000;1,000000000000000;1,000000000000000;1,000000000000000;1,000000000000000;1,000000000000000;1,000000000000000;1,000000000000000;1,000000000000000;1,000000000000000;1,000000000000000
2021-07-06;alle;2;2,0;2;2;2;2;2;2;2;2;2;2;9;9,0;9;9;9;9;9;9;9;9,0;9,0;9,0;NA;NA;NA;NA;NA;NA;NA;NA;NA;NA;NA
2021-07-05;0-60;0;0,0;0;0;0;0;0;0;0;0;0;0;4;4,0;4;4;4;4;4;4;4;4,0;4,0;4,0;1,000000000000000;1,000000000000000;1,000000000000000;1,000000000000000;1,000000000000000;1,000000000000000;1,000000000000000;1,000000000000000;1,000000000000000;1,000000000000000;1,000000000000000
2021-07-05;60+;0;0,0;0;0;0;0;0;0;0;0;0;0;3;3,0;3;3;3;3;3;3;3;3,0;3,0;3,0;1,000000000000000;1,000000000000000;1,000000000000000;1,000000000000000;1,000000000000000;1,000000000000000;1,000000000000000;1,000000000000000;1,000000000000000;1,000000000000000;1,000000000000000
2021-07-05;alle;0;0,0;0;0;0;0;0;0;0;0;0;0;7;7,0;7;7;7;7;7;7;7;7,0;7,0;7,0;NA;NA;NA;NA;NA;NA;NA;NA;NA;NA;NA
2021-07-04;0-60;1;1,0;1;1;1;1;1;1;1;1;1;1;4;4,0;4;4;4;4;4;4;4;4,0;4,0;4,0;1,000000000000000;1,000000000000000;1,000000000000000;1,000000000000000;1,000000000000000;1,000000000000000;1,000000000000000;1,000000000000000;1,000000000000000;1,000000000000000;1,000000000000000
2021-07-04;60+;2;2,0;2;2;2;2;2;2;2;2;2;2;3;3,0;3;3;3;3;3;3;3;3,0;3,0;3,0;1,000000000000000;1,000000000000000;1,000000000000000;1,000000000000000;1,000000000000000;1,000000000000000;1,000000000000000;1,000000000000000;1,000000000000000;1,000000000000000;1,000000000000000
2021-07-04;alle;3;3,0;3;3;3;3;3;3;3;3;3;3;7;7,0;7;7;7;7;7;7;7;7,0;7,0;7,0;NA;NA;NA;NA;NA;NA;NA;NA;NA;NA;NA
2021-07-03;0-60;0;0,0;0;0;0;0;0;0;0;0;0;0;4;4,0;4;4;4;4;4;4;4;4,0;4,0;4,0;1,000000000000000;1,000000000000000;1,000000000000000;1,000000000000000;1,000000000000000;1,000000000000000;1,000000000000000;1,000000000000000;1,000000000000000;1,000000000000000;1,000000000000000
2021-07-03;60+;0;0,0;0;0;0;0;0;0;0;0;0;0;1;1,0;1;1;1;1;1;1;1;1,0;1,0;1,0;1,000000000000000;1,000000000000000;1,000000000000000;1,000000000000000;1,000000000000000;1,000000000000000;1,000000000000000;1,000000000000000;1,000000000000000;1,000000000000000;1,000000000000000
2021-07-03;alle;0;0,0;0;0;0;0;0;0;0;0;0;0;5;5,0;5;5;5;5;5;5;5;5,0;5,0;5,0;NA;NA;NA;NA;NA;NA;NA;NA;NA;NA;NA
2021-07-02;0-60;2;2,0;2;2;2;2;2;2;2;2;2;2;7;7,0;7;7;7;7;7;7;7;7,0;7,0;7,0;1,000000000000000;1,000000000000000;1,000000000000000;1,000000000000000;1,000000000000000;1,000000000000000;1,000000000000000;1,000000000000000;1,000000000000000;1,000000000000000;1,000000000000000
2021-07-02;60+;0;0,0;0;0;0;0;0;0;0;0;0;0;3;3,0;3;3;3;3;3;3;3;3,0;3,0;3,0;1,000000000000000;1,000000000000000;1,000000000000000;1,000000000000000;1,000000000000000;1,000000000000000;1,000000000000000;1,000000000000000;1,000000000000000;1,000000000000000;1,000000000000000
2021-07-02;alle;2;2,0;2;2;2;2;2;2;2;2;2;2;10;10,0;10;10;10;10;10;10;10;10,0;10,0;10,0;NA;NA;NA;NA;NA;NA;NA;NA;NA;NA;NA
2021-07-01;0-60;1;1,0;1;1;1;1;1;1;1;1;1;1;6;6,0;6;6;6;6;6;6;6;6,0;6,0;6,0;1,000000000000000;1,000000000000000;1,000000000000000;1,000000000000000;1,000000000000000;1,000000000000000;1,000000000000000;1,000000000000000;1,000000000000000;1,000000000000000;1,000000000000000
2021-07-01;60+;0;0,0;0;0;0;0;0;0;0;0;0;0;4;4,0;4;4;4;4;4;4;4;4,0;4,0;4,0;1,000000000000000;1,000000000000000;1,000000000000000;1,000000000000000;1,000000000000000;1,000000000000000;1,000000000000000;1,000000000000000;1,000000000000000;1,000000000000000;1,000000000000000
2021-07-01;alle;1;1,0;1;1;1;1;1;1;1;1;1;1;10;10,0;10;10;10;10;10;10;10;10,0;10,0;10,0;NA;NA;NA;NA;NA;NA;NA;NA;NA;NA;NA
2021-06-30;0-60;0;0,0;0;0;0;0;0;0;0;0;0;0;6;6,0;6;6;6;6;6;6;6;6,0;6,0;6,0;1,000000000000000;1,000000000000000;1,000000000000000;1,000000000000000;1,000000000000000;1,000000000000000;1,000000000000000;1,000000000000000;1,000000000000000;1,000000000000000;1,000000000000000
2021-06-30;60+;1;1,0;1;1;1;1;1;1;1;1;1;1;5;5,0;5;5;5;5;5;5;5;5,0;5,0;5,0;1,000000000000000;1,000000000000000;1,000000000000000;1,000000000000000;1,000000000000000;1,000000000000000;1,000000000000000;1,000000000000000;1,000000000000000;1,000000000000000;1,000000000000000
2021-06-30;alle;1;1,0;1;1;1;1;1;1;1;1;1;1;11;11,0;11;11;11;11;11;11;11;11,0;11,0;11,0;NA;NA;NA;NA;NA;NA;NA;NA;NA;NA;NA
2021-06-29;0-60;0;0,0;0;0;0;0;0;0;0;0;0;0;6;6,0;6;6;6;6;6;6;6;6,0;6,0;6,0;1,000000000000000;1,000000000000000;1,000000000000000;1,000000000000000;1,000000000000000;1,000000000000000;1,000000000000000;1,000000000000000;1,000000000000000;1,000000000000000;1,000000000000000
2021-06-29;60+;0;0,0;0;0;0;0;0;0;0;0;0;0;6;6,0;6;6;6;6;6;6;6;6,0;6,0;6,0;1,000000000000000;1,000000000000000;1,000000000000000;1,000000000000000;1,000000000000000;1,000000000000000;1,000000000000000;1,000000000000000;1,000000000000000;1,000000000000000;1,000000000000000
2021-06-29;alle;0;0,0;0;0;0;0;0;0;0;0;0;0;12;12,0;12;12;12;12;12;12;12;12,0;12,0;12,0;NA;NA;NA;NA;NA;NA;NA;NA;NA;NA;NA
2021-06-28;0-60;0;0,0;0;0;0;0;0;0;0;0;0;0;7;7,0;7;7;7;7;7;7;7;7,0;7,0;7,0;1,000000000000000;1,000000000000000;1,000000000000000;1,000000000000000;1,000000000000000;1,000000000000000;1,000000000000000;1,000000000000000;1,000000000000000;1,000000000000000;1,000000000000000
2021-06-28;60+;0;0,0;0;0;0;0;0;0;0;0;0;0;6;6,0;6;6;6;6;6;6;6;6,0;6,0;6,0;1,000000000000000;1,000000000000000;1,000000000000000;1,000000000000000;1,000000000000000;1,000000000000000;1,000000000000000;1,000000000000000;1,000000000000000;1,000000000000000;1,000000000000000
2021-06-28;alle;0;0,0;0;0;0;0;0;0;0;0;0;0;13;13,0;13;13;13;13;13;13;13;13,0;13,0;13,0;NA;NA;NA;NA;NA;NA;NA;NA;NA;NA;NA
2021-06-27;0-60;1;1,0;1;1;1;1;1;1;1;1;1;1;9;9,0;9;9;9;9;9;9;9;9,0;9,0;9,0;1,000000000000000;1,000000000000000;1,000000000000000;1,000000000000000;1,000000000000000;1,000000000000000;1,000000000000000;1,000000000000000;1,000000000000000;1,000000000000000;1,000000000000000
2021-06-27;60+;0;0,0;0;0;0;0;0;0;0;0;0;0;7;7,0;7;7;7;7;7;7;7;7,0;7,0;7,0;1,000000000000000;1,000000000000000;1,000000000000000;1,000000000000000;1,000000000000000;1,000000000000000;1,000000000000000;1,000000000000000;1,000000000000000;1,000000000000000;1,000000000000000
2021-06-27;alle;1;1,0;1;1;1;1;1;1;1;1;1;1;16;16,0;16;16;16;16;16;16;16;16,0;16,0;16,0;NA;NA;NA;NA;NA;NA;NA;NA;NA;NA;NA
2021-06-26;0-60;3;3,0;3;3;3;3;3;3;3;3;3;3;11;11,0;11;11;11;11;11;11;11;11,0;11,0;11,0;1,000000000000000;1,000000000000000;1,000000000000000;1,000000000000000;1,000000000000000;1,000000000000000;1,000000000000000;1,000000000000000;1,000000000000000;1,000000000000000;1,000000000000000
2021-06-26;60+;2;2,0;2;2;2;2;2;2;2;2;2;2;7;7,0;7;7;7;7;7;7;7;7,0;7,0;7,0;1,000000000000000;1,000000000000000;1,000000000000000;1,000000000000000;1,000000000000000;1,000000000000000;1,000000000000000;1,000000000000000;1,000000000000000;1,000000000000000;1,000000000000000
2021-06-26;alle;5;5,0;5;5;5;5;5;5;5;5;5;5;18;18,0;18;18;18;18;18;18;18;18,0;18,0;18,0;NA;NA;NA;NA;NA;NA;NA;NA;NA;NA;NA
2021-06-25;0-60;1;1,0;1;1;1;1;1;1;1;1;1;1;9;9,0;9;9;9;9;9;9;9;9,0;9,0;9,0;1,000000000000000;1,000000000000000;1,000000000000000;1,000000000000000;1,000000000000000;1,000000000000000;1,000000000000000;1,000000000000000;1,000000000000000;1,000000000000000;1,000000000000000
2021-06-25;60+;1;1,0;1;1;1;1;1;1;1;1;1;1;6;6,0;6;6;6;6;6;6;6;6,0;6,0;6,0;1,000000000000000;1,000000000000000;1,000000000000000;1,000000000000000;1,000000000000000;1,000000000000000;1,000000000000000;1,000000000000000;1,000000000000000;1,000000000000000;1,000000000000000
2021-06-25;alle;2;2,0;2;2;2;2;2;2;2;2;2;2;15;15,0;15;15;15;15;15;15;15;15,0;15,0;15,0;NA;NA;NA;NA;NA;NA;NA;NA;NA;NA;NA
2021-06-24;0-60;1;1,0;1;1;1;1;1;1;1;1;1;1;10;10,0;10;10;10;10;10;10;10;10,0;10,0;10,0;1,000000000000000;1,000000000000000;1,000000000000000;1,000000000000000;1,000000000000000;1,000000000000000;1,000000000000000;1,000000000000000;1,000000000000000;1,000000000000000;1,000000000000000
2021-06-24;60+;1;1,0;1;1;1;1;1;1;1;1;1;1;5;5,0;5;5;5;5;5;5;5;5,0;5,0;5,0;1,000000000000000;1,000000000000000;1,000000000000000;1,000000000000000;1,000000000000000;1,000000000000000;1,000000000000000;1,000000000000000;1,000000000000000;1,000000000000000;1,000000000000000
2021-06-24;alle;2;2,0;2;2;2;2;2;2;2;2;2;2;15;15,0;15;15;15;15;15;15;15;15,0;15,0;15,0;NA;NA;NA;NA;NA;NA;NA;NA;NA;NA;NA
2021-06-23;0-60;0;0,0;0;0;0;0;0;0;0;0;0;0;10;10,0;10;10;10;10;10;10;10;10,0;10,0;10,0;1,000000000000000;1,000000000000000;1,000000000000000;1,000000000000000;1,000000000000000;1,000000000000000;1,000000000000000;1,000000000000000;1,000000000000000;1,000000000000000;1,000000000000000
2021-06-23;60+;2;2,0;2;2;2;2;2;2;2;2;2;2;6;6,0;6;6;6;6;6;6;6;6,0;6,0;6,0;1,000000000000000;1,000000000000000;1,000000000000000;1,000000000000000;1,000000000000000;1,000000000000000;1,000000000000000;1,000000000000000;1,000000000000000;1,000000000000000;1,000000000000000
2021-06-23;alle;2;2,0;2;2;2;2;2;2;2;2;2;2;16;16,0;16;16;16;16;16;16;16;16,0;16,0;16,0;NA;NA;NA;NA;NA;NA;NA;NA;NA;NA;NA
2021-06-22;0-60;1;1,0;1;1;1;1;1;1;1;1;1;1;12;12,0;12;12;12;12;12;12;12;12,0;12,0;12,0;1,000000000000000;1,000000000000000;1,000000000000000;1,000000000000000;1,000000000000000;1,000000000000000;1,000000000000000;1,000000000000000;1,000000000000000;1,000000000000000;1,000000000000000
2021-06-22;60+;0;0,0;0;0;0;0;0;0;0;0;0;0;4;4,0;4;4;4;4;4;4;4;4,0;4,0;4,0;1,000000000000000;1,000000000000000;1,000000000000000;1,000000000000000;1,000000000000000;1,000000000000000;1,000000000000000;1,000000000000000;1,000000000000000;1,000000000000000;1,000000000000000
2021-06-22;alle;1;1,0;1;1;1;1;1;1;1;1;1;1;16;16,0;16;16;16;16;16;16;16;16,0;16,0;16,0;NA;NA;NA;NA;NA;NA;NA;NA;NA;NA;NA
2021-06-21;0-60;2;2,0;2;2;2;2;2;2;2;2;2;2;12;12,0;12;12;12;12;12;12;12;12,0;12,0;12,0;1,000000000000000;1,000000000000000;1,000000000000000;1,000000000000000;1,000000000000000;1,000000000000000;1,000000000000000;1,000000000000000;1,000000000000000;1,000000000000000;1,000000000000000
2021-06-21;60+;1;1,0;1;1;1;1;1;1;1;1;1;1;5;5,0;5;5;5;5;5;5;5;5,0;5,0;5,0;1,000000000000000;1,000000000000000;1,000000000000000;1,000000000000000;1,000000000000000;1,000000000000000;1,000000000000000;1,000000000000000;1,000000000000000;1,000000000000000;1,000000000000000
2021-06-21;alle;3;3,0;3;3;3;3;3;3;3;3;3;3;17;17,0;17;17;17;17;17;17;17;17,0;17,0;17,0;NA;NA;NA;NA;NA;NA;NA;NA;NA;NA;NA
2021-06-20;0-60;3;3,0;3;3;3;3;3;3;3;3;3;3;10;10,0;10;10;10;10;10;10;10;10,0;10,0;10,0;1,000000000000000;1,000000000000000;1,000000000000000;1,000000000000000;1,000000000000000;1,000000000000000;1,000000000000000;1,000000000000000;1,000000000000000;1,000000000000000;1,000000000000000
2021-06-20;60+;0;0,0;0;0;0;0;0;0;0;0;0;0;4;4,0;4;4;4;4;4;4;4;4,0;4,0;4,0;1,000000000000000;1,000000000000000;1,000000000000000;1,000000000000000;1,000000000000000;1,000000000000000;1,000000000000000;1,000000000000000;1,000000000000000;1,000000000000000;1,000000000000000
2021-06-20;alle;3;3,0;3;3;3;3;3;3;3;3;3;3;14;14,0;14;14;14;14;14;14;14;14,0;14,0;14,0;NA;NA;NA;NA;NA;NA;NA;NA;NA;NA;NA
2021-06-19;0-60;1;1,0;1;1;1;1;1;1;1;1;1;1;9;9,0;9;9;9;9;9;9;9;9,0;9,0;9,0;1,000000000000000;1,000000000000000;1,000000000000000;1,000000000000000;1,000000000000000;1,000000000000000;1,000000000000000;1,000000000000000;1,000000000000000;1,000000000000000;1,000000000000000
2021-06-19;60+;1;1,0;1;1;1;1;1;1;1;1;1;1;5;5,0;5;5;5;5;5;5;5;5,0;5,0;5,0;1,000000000000000;1,000000000000000;1,000000000000000;1,000000000000000;1,000000000000000;1,000000000000000;1,000000000000000;1,000000000000000;1,000000000000000;1,000000000000000;1,000000000000000
2021-06-19;alle;2;2,0;2;2;2;2;2;2;2;2;2;2;14;14,0;14;14;14;14;14;14;14;14,0;14,0;14,0;NA;NA;NA;NA;NA;NA;NA;NA;NA;NA;NA
2021-06-18;0-60;2;2,0;2;2;2;2;2;2;2;2;2;2;11;11,0;11;11;11;11;11;11;11;11,0;11,0;11,0;1,000000000000000;1,000000000000000;1,000000000000000;1,000000000000000;1,000000000000000;1,000000000000000;1,000000000000000;1,000000000000000;1,000000000000000;1,000000000000000;1,000000000000000
2021-06-18;60+;0;0,0;0;0;0;0;0;0;0;0;0;0;5;5,0;5;5;5;5;5;5;5;5,0;5,0;5,0;1,000000000000000;1,000000000000000;1,000000000000000;1,000000000000000;1,000000000000000;1,000000000000000;1,000000000000000;1,000000000000000;1,000000000000000;1,000000000000000;1,000000000000000
2021-06-18;alle;2;2,0;2;2;2;2;2;2;2;2;2;2;16;16,0;16;16;16;16;16;16;16;16,0;16,0;16,0;NA;NA;NA;NA;NA;NA;NA;NA;NA;NA;NA
2021-06-17;0-60;1;1,0;1;1;1;1;1;1;1;1;1;1;13;13,0;13;13;13;13;13;13;13;13,0;13,0;13,0;1,000000000000000;1,000000000000000;1,000000000000000;1,000000000000000;1,000000000000000;1,000000000000000;1,000000000000000;1,000000000000000;1,000000000000000;1,000000000000000;1,000000000000000
2021-06-17;60+;2;2,0;2;2;2;2;2;2;2;2;2;2;6;6,0;6;6;6;6;6;6;6;6,0;6,0;6,0;1,000000000000000;1,000000000000000;1,000000000000000;1,000000000000000;1,000000000000000;1,000000000000000;1,000000000000000;1,000000000000000;1,000000000000000;1,000000000000000;1,000000000000000
2021-06-17;alle;3;3,0;3;3;3;3;3;3;3;3;3;3;19;19,0;19;19;19;19;19;19;19;19,0;19,0;19,0;NA;NA;NA;NA;NA;NA;NA;NA;NA;NA;NA
2021-06-16;0-60;2;2,0;2;2;2;2;2;2;2;2;2;2;15;15,0;15;15;15;15;15;15;15;15,0;15,0;15,0;1,000000000000000;1,000000000000000;1,000000000000000;1,000000000000000;1,000000000000000;1,000000000000000;1,000000000000000;1,000000000000000;1,000000000000000;1,000000000000000;1,000000000000000
2021-06-16;60+;0;0,0;0;0;0;0;0;0;0;0;0;0;5;5,0;5;5;5;5;5;5;5;5,0;5,0;5,0;1,000000000000000;1,000000000000000;1,000000000000000;1,000000000000000;1,000000000000000;1,000000000000000;1,000000000000000;1,000000000000000;1,000000000000000;1,000000000000000;1,000000000000000
2021-06-16;alle;2;2,0;2;2;2;2;2;2;2;2;2;2;20;20,0;20;20;20;20;20;20;20;20,0;20,0;20,0;NA;NA;NA;NA;NA;NA;NA;NA;NA;NA;NA
2021-06-15;0-60;1;1,0;1;1;1;1;1;1;1;1;1;1;20;20,0;20;20;20;20;20;20;20;20,0;20,0;20,0;1,000000000000000;1,000000000000000;1,000000000000000;1,000000000000000;1,000000000000000;1,000000000000000;1,000000000000000;1,000000000000000;1,000000000000000;1,000000000000000;1,000000000000000
2021-06-15;60+;1;1,0;1;1;1;1;1;1;1;1;1;1;5;5,0;5;5;5;5;5;5;5;5,0;5,0;5,0;1,000000000000000;1,000000000000000;1,000000000000000;1,000000000000000;1,000000000000000;1,000000000000000;1,000000000000000;1,000000000000000;1,000000000000000;1,000000000000000;1,000000000000000
2021-06-15;alle;2;2,0;2;2;2;2;2;2;2;2;2;2;25;25,0;25;25;25;25;25;25;25;25,0;25,0;25,0;NA;NA;NA;NA;NA;NA;NA;NA;NA;NA;NA
2021-06-14;0-60;0;0,0;0;0;0;0;0;0;0;0;0;0;20;20,0;20;20;20;20;20;20;20;20,0;20,0;20,0;1,000000000000000;1,000000000000000;1,000000000000000;1,000000000000000;1,000000000000000;1,000000000000000;1,000000000000000;1,000000000000000;1,000000000000000;1,000000000000000;1,000000000000000
2021-06-14;60+;0;0,0;0;0;0;0;0;0;0;0;0;0;5;5,0;5;5;5;5;5;5;5;5,0;5,0;5,0;1,000000000000000;1,000000000000000;1,000000000000000;1,000000000000000;1,000000000000000;1,000000000000000;1,000000000000000;1,000000000000000;1,000000000000000;1,000000000000000;1,000000000000000
2021-06-14;alle;0;0,0;0;0;0;0;0;0;0;0;0;0;25;25,0;25;25;25;25;25;25;25;25,0;25,0;25,0;NA;NA;NA;NA;NA;NA;NA;NA;NA;NA;NA
2021-06-13;0-60;2;2,0;2;2;2;2;2;2;2;2;2;2;20;20,0;20;20;20;20;20;20;20;20,0;20,0;20,0;1,000000000000000;1,000000000000000;1,000000000000000;1,000000000000000;1,000000000000000;1,000000000000000;1,000000000000000;1,000000000000000;1,000000000000000;1,000000000000000;1,000000000000000
2021-06-13;60+;1;1,0;1;1;1;1;1;1;1;1;1;1;5;5,0;5;5;5;5;5;5;5;5,0;5,0;5,0;1,000000000000000;1,000000000000000;1,000000000000000;1,000000000000000;1,000000000000000;1,000000000000000;1,000000000000000;1,000000000000000;1,000000000000000;1,000000000000000;1,000000000000000
2021-06-13;alle;3;3,0;3;3;3;3;3;3;3;3;3;3;25;25,0;25;25;25;25;25;25;25;25,0;25,0;25,0;NA;NA;NA;NA;NA;NA;NA;NA;NA;NA;NA
2021-06-12;0-60;3;3,0;3;3;3;3;3;3;3;3;3;3;20;20,0;20;20;20;20;20;20;20;20,0;20,0;20,0;1,000000000000000;1,000000000000000;1,000000000000000;1,000000000000000;1,000000000000000;1,000000000000000;1,000000000000000;1,000000000000000;1,000000000000000;1,000000000000000;1,000000000000000
2021-06-12;60+;1;1,0;1;1;1;1;1;1;1;1;1;1;4;4,0;4;4;4;4;4;4;4;4,0;4,0;4,0;1,000000000000000;1,000000000000000;1,000000000000000;1,000000000000000;1,000000000000000;1,000000000000000;1,000000000000000;1,000000000000000;1,000000000000000;1,000000000000000;1,000000000000000
2021-06-12;alle;4;4,0;4;4;4;4;4;4;4;4;4;4;24;24,0;24;24;24;24;24;24;24;24,0;24,0;24,0;NA;NA;NA;NA;NA;NA;NA;NA;NA;NA;NA
2021-06-11;0-60;4;4,0;4;4;4;4;4;4;4;4;4;4;18;18,0;18;18;18;18;18;18;18;18,0;18,0;18,0;1,000000000000000;1,000000000000000;1,000000000000000;1,000000000000000;1,000000000000000;1,000000000000000;1,000000000000000;1,000000000000000;1,000000000000000;1,000000000000000;1,000000000000000
2021-06-11;60+;1;1,0;1;1;1;1;1;1;1;1;1;1;3;3,0;3;3;3;3;3;3;3;3,0;3,0;3,0;1,000000000000000;1,000000000000000;1,000000000000000;1,000000000000000;1,000000000000000;1,000000000000000;1,000000000000000;1,000000000000000;1,000000000000000;1,000000000000000;1,000000000000000
2021-06-11;alle;5;5,0;5;5;5;5;5;5;5;5;5;5;21;21,0;21;21;21;21;21;21;21;21,0;21,0;21,0;NA;NA;NA;NA;NA;NA;NA;NA;NA;NA;NA
2021-06-10;0-60;3;3,0;3;3;3;3;3;3;3;3;3;3;16;16,0;16;16;16;16;16;16;16;16,0;16,0;16,0;1,000000000000000;1,000000000000000;1,000000000000000;1,000000000000000;1,000000000000000;1,000000000000000;1,000000000000000;1,000000000000000;1,000000000000000;1,000000000000000;1,000000000000000
2021-06-10;60+;1;1,0;1;1;1;1;1;1;1;1;1;1;4;4,0;4;4;4;4;4;4;4;4,0;4,0;4,0;1,000000000000000;1,000000000000000;1,000000000000000;1,000000000000000;1,000000000000000;1,000000000000000;1,000000000000000;1,000000000000000;1,000000000000000;1,000000000000000;1,000000000000000
2021-06-10;alle;4;4,0;4;4;4;4;4;4;4;4;4;4;20;20,0;20;20;20;20;20;20;20;20,0;20,0;20,0;NA;NA;NA;NA;NA;NA;NA;NA;NA;NA;NA
2021-06-09;0-60;7;7,0;7;7;7;7;7;7;7;7;7;7;14;14,0;14;14;14;14;14;14;14;14,0;14,0;14,0;1,000000000000000;1,000000000000000;1,000000000000000;1,000000000000000;1,000000000000000;1,000000000000000;1,000000000000000;1,000000000000000;1,000000000000000;1,000000000000000;1,000000000000000
2021-06-09;60+;0;0,0;0;0;0;0;0;0;0;0;0;0;7;7,0;7;7;7;7;7;7;7;7,0;7,0;7,0;1,000000000000000;1,000000000000000;1,000000000000000;1,000000000000000;1,000000000000000;1,000000000000000;1,000000000000000;1,000000000000000;1,000000000000000;1,000000000000000;1,000000000000000
2021-06-09;alle;7;7,0;7;7;7;7;7;7;7;7;7;7;21;21,0;21;21;21;21;21;21;21;21,0;21,0;21,0;NA;NA;NA;NA;NA;NA;NA;NA;NA;NA;NA
2021-06-08;0-60;1;1,0;1;1;1;1;1;1;1;1;1;1;8;8,0;8;8;8;8;8;8;8;8,0;8,0;8,0;1,000000000000000;1,000000000000000;1,000000000000000;1,000000000000000;1,000000000000000;1,000000000000000;1,000000000000000;1,000000000000000;1,000000000000000;1,000000000000000;1,000000000000000
2021-06-08;60+;1;1,0;1;1;1;1;1;1;1;1;1;1;8;8,0;8;8;8;8;8;8;8;8,0;8,0;8,0;1,000000000000000;1,000000000000000;1,000000000000000;1,000000000000000;1,000000000000000;1,000000000000000;1,000000000000000;1,000000000000000;1,000000000000000;1,000000000000000;1,000000000000000
2021-06-08;alle;2;2,0;2;2;2;2;2;2;2;2;2;2;16;16,0;16;16;16;16;16;16;16;16,0;16,0;16,0;NA;NA;NA;NA;NA;NA;NA;NA;NA;NA;NA
2021-06-07;0-60;0;0,0;0;0;0;0;0;0;0;0;0;0;8;8,0;8;8;8;8;8;8;8;8,0;8,0;8,0;1,000000000000000;1,000000000000000;1,000000000000000;1,000000000000000;1,000000000000000;1,000000000000000;1,000000000000000;1,000000000000000;1,000000000000000;1,000000000000000;1,000000000000000
2021-06-07;60+;0;0,0;0;0;0;0;0;0;0;0;0;0;7;7,0;7;7;7;7;7;7;7;7,0;7,0;7,0;1,000000000000000;1,000000000000000;1,000000000000000;1,000000000000000;1,000000000000000;1,000000000000000;1,000000000000000;1,000000000000000;1,000000000000000;1,000000000000000;1,000000000000000
2021-06-07;alle;0;0,0;0;0;0;0;0;0;0;0;0;0;15;15,0;15;15;15;15;15;15;15;15,0;15,0;15,0;NA;NA;NA;NA;NA;NA;NA;NA;NA;NA;NA
2021-06-06;0-60;2;2,0;2;2;2;2;2;2;2;2;2;2;13;13,0;13;13;13;13;13;13;13;13,0;13,0;13,0;1,000000000000000;1,000000000000000;1,000000000000000;1,000000000000000;1,000000000000000;1,000000000000000;1,000000000000000;1,000000000000000;1,000000000000000;1,000000000000000;1,000000000000000
2021-06-06;60+;0;0,0;0;0;0;0;0;0;0;0;0;0;8;8,0;8;8;8;8;8;8;8;8,0;8,0;8,0;1,000000000000000;1,000000000000000;1,000000000000000;1,000000000000000;1,000000000000000;1,000000000000000;1,000000000000000;1,000000000000000;1,000000000000000;1,000000000000000;1,000000000000000
2021-06-06;alle;2;2,0;2;2;2;2;2;2;2;2;2;2;21;21,0;21;21;21;21;21;21;21;21,0;21,0;21,0;NA;NA;NA;NA;NA;NA;NA;NA;NA;NA;NA
2021-06-05;0-60;1;1,0;1;1;1;1;1;1;1;1;1;1;13;13,0;13;13;13;13;13;13;13;13,0;13,0;13,0;1,000000000000000;1,000000000000000;1,000000000000000;1,000000000000000;1,000000000000000;1,000000000000000;1,000000000000000;1,000000000000000;1,000000000000000;1,000000000000000;1,000000000000000
2021-06-05;60+;0;0,0;0;0;0;0;0;0;0;0;0;0;8;8,0;8;8;8;8;8;8;8;8,0;8,0;8,0;1,000000000000000;1,000000000000000;1,000000000000000;1,000000000000000;1,000000000000000;1,000000000000000;1,000000000000000;1,000000000000000;1,000000000000000;1,000000000000000;1,000000000000000
2021-06-05;alle;1;1,0;1;1;1;1;1;1;1;1;1;1;21;21,0;21;21;21;21;21;21;21;21,0;21,0;21,0;NA;NA;NA;NA;NA;NA;NA;NA;NA;NA;NA
2021-06-04;0-60;2;2,0;2;2;2;2;2;2;2;2;2;2;16;16,0;16;16;16;16;16;16;16;16,0;16,0;16,0;1,000000000000000;1,000000000000000;1,000000000000000;1,000000000000000;1,000000000000000;1,000000000000000;1,000000000000000;1,000000000000000;1,000000000000000;1,000000000000000;1,000000000000000
2021-06-04;60+;2;2,0;2;2;2;2;2;2;2;2;2;2;10;10,0;10;10;10;10;10;10;10;10,0;10,0;10,0;1,000000000000000;1,000000000000000;1,000000000000000;1,000000000000000;1,000000000000000;1,000000000000000;1,000000000000000;1,000000000000000;1,000000000000000;1,000000000000000;1,000000000000000
2021-06-04;alle;4;4,0;4;4;4;4;4;4;4;4;4;4;26;26,0;26;26;26;26;26;26;26;26,0;26,0;26,0;NA;NA;NA;NA;NA;NA;NA;NA;NA;NA;NA
2021-06-03;0-60;1;1,0;1;1;1;1;1;1;1;1;1;1;18;18,0;18;18;18;18;18;18;18;18,0;18,0;18,0;1,000000000000000;1,000000000000000;1,000000000000000;1,000000000000000;1,000000000000000;1,000000000000000;1,000000000000000;1,000000000000000;1,000000000000000;1,000000000000000;1,000000000000000
2021-06-03;60+;4;4,0;4;4;4;4;4;4;4;4;4;4;10;10,0;10;10;10;10;10;10;10;10,0;10,0;10,0;1,000000000000000;1,000000000000000;1,000000000000000;1,000000000000000;1,000000000000000;1,000000000000000;1,000000000000000;1,000000000000000;1,000000000000000;1,000000000000000;1,000000000000000
2021-06-03;alle;5;5,0;5;5;5;5;5;5;5;5;5;5;28;28,0;28;28;28;28;28;28;28;28,0;28,0;28,0;NA;NA;NA;NA;NA;NA;NA;NA;NA;NA;NA
2021-06-02;0-60;1;1,0;1;1;1;1;1;1;1;1;1;1;19;19,0;19;19;19;19;19;19;19;19,0;19,0;19,0;1,000000000000000;1,000000000000000;1,000000000000000;1,000000000000000;1,000000000000000;1,000000000000000;1,000000000000000;1,000000000000000;1,000000000000000;1,000000000000000;1,000000000000000
2021-06-02;60+;1;1,0;1;1;1;1;1;1;1;1;1;1;6;6,0;6;6;6;6;6;6;6;6,0;6,0;6,0;1,000000000000000;1,000000000000000;1,000000000000000;1,000000000000000;1,000000000000000;1,000000000000000;1,000000000000000;1,000000000000000;1,000000000000000;1,000000000000000;1,000000000000000
2021-06-02;alle;2;2,0;2;2;2;2;2;2;2;2;2;2;25;25,0;25;25;25;25;25;25;25;25,0;25,0;25,0;NA;NA;NA;NA;NA;NA;NA;NA;NA;NA;NA
2021-06-01;0-60;1;1,0;1;1;1;1;1;1;1;1;1;1;22;22,0;22;22;22;22;22;22;22;22,0;22,0;22,0;1,000000000000000;1,000000000000000;1,000000000000000;1,000000000000000;1,000000000000000;1,000000000000000;1,000000000000000;1,000000000000000;1,000000000000000;1,000000000000000;1,000000000000000
2021-06-01;60+;0;0,0;0;0;0;0;0;0;0;0;0;0;6;6,0;6;6;6;6;6;6;6;6,0;6,0;6,0;1,000000000000000;1,000000000000000;1,000000000000000;1,000000000000000;1,000000000000000;1,000000000000000;1,000000000000000;1,000000000000000;1,000000000000000;1,000000000000000;1,000000000000000
2021-06-01;alle;1;1,0;1;1;1;1;1;1;1;1;1;1;28;28,0;28;28;28;28;28;28;28;28,0;28,0;28,0;NA;NA;NA;NA;NA;NA;NA;NA;NA;NA;NA
2021-05-31;0-60;5;5,0;5;5;5;5;5;5;5;5;5;5;22;22,0;22;22;22;22;22;22;22;22,0;22,0;22,0;1,000000000000000;1,000000000000000;1,000000000000000;1,000000000000000;1,000000000000000;1,000000000000000;1,000000000000000;1,000000000000000;1,000000000000000;1,000000000000000;1,000000000000000
2021-05-31;60+;1;1,0;1;1;1;1;1;1;1;1;1;1;7;7,0;7;7;7;7;7;7;7;7,0;7,0;7,0;1,000000000000000;1,000000000000000;1,000000000000000;1,000000000000000;1,000000000000000;1,000000000000000;1,000000000000000;1,000000000000000;1,000000000000000;1,000000000000000;1,000000000000000
2021-05-31;alle;6;6,0;6;6;6;6;6;6;6;6;6;6;29;29,0;29;29;29;29;29;29;29;29,0;29,0;29,0;NA;NA;NA;NA;NA;NA;NA;NA;NA;NA;NA
2021-05-30;0-60;2;2,0;2;2;2;2;2;2;2;2;2;2;19;19,0;19;19;19;19;19;19;19;19,0;19,0;19,0;1,000000000000000;1,000000000000000;1,000000000000000;1,000000000000000;1,000000000000000;1,000000000000000;1,000000000000000;1,000000000000000;1,000000000000000;1,000000000000000;1,000000000000000
2021-05-30;60+;0;0,0;0;0;0;0;0;0;0;0;0;0;8;8,0;8;8;8;8;8;8;8;8,0;8,0;8,0;1,000000000000000;1,000000000000000;1,000000000000000;1,000000000000000;1,000000000000000;1,000000000000000;1,000000000000000;1,000000000000000;1,000000000000000;1,000000000000000;1,000000000000000
2021-05-30;alle;2;2,0;2;2;2;2;2;2;2;2;2;2;27;27,0;27;27;27;27;27;27;27;27,0;27,0;27,0;NA;NA;NA;NA;NA;NA;NA;NA;NA;NA;NA
2021-05-29;0-60;4;4,0;4;4;4;4;4;4;4;4;4;4;25;25,0;25;25;25;25;25;25;25;25,0;25,0;25,0;1,000000000000000;1,000000000000000;1,000000000000000;1,000000000000000;1,000000000000000;1,000000000000000;1,000000000000000;1,000000000000000;1,000000000000000;1,000000000000000;1,000000000000000
2021-05-29;60+;2;2,0;2;2;2;2;2;2;2;2;2;2;10;10,0;10;10;10;10;10;10;10;10,0;10,0;10,0;1,000000000000000;1,000000000000000;1,000000000000000;1,000000000000000;1,000000000000000;1,000000000000000;1,000000000000000;1,000000000000000;1,000000000000000;1,000000000000000;1,000000000000000
2021-05-29;alle;6;6,0;6;6;6;6;6;6;6;6;6;6;35;35,0;35;35;35;35;35;35;35;35,0;35,0;35,0;NA;NA;NA;NA;NA;NA;NA;NA;NA;NA;NA
2021-05-28;0-60;4;4,0;4;4;4;4;4;4;4;4;4;4;27;27,0;27;27;27;27;27;27;27;27,0;27,0;27,0;1,000000000000000;1,000000000000000;1,000000000000000;1,000000000000000;1,000000000000000;1,000000000000000;1,000000000000000;1,000000000000000;1,000000000000000;1,000000000000000;1,000000000000000
2021-05-28;60+;2;2,0;2;2;2;2;2;2;2;2;2;2;11;11,0;11;11;11;11;11;11;11;11,0;11,0;11,0;1,000000000000000;1,000000000000000;1,000000000000000;1,000000000000000;1,000000000000000;1,000000000000000;1,000000000000000;1,000000000000000;1,000000000000000;1,000000000000000;1,000000000000000
2021-05-28;alle;6;6,0;6;6;6;6;6;6;6;6;6;6;38;38,0;38;38;38;38;38;38;38;38,0;38,0;38,0;NA;NA;NA;NA;NA;NA;NA;NA;NA;NA;NA
2021-05-27;0-60;2;2,0;2;2;2;2;2;2;2;2;2;2;25;25,0;25;25;25;25;25;25;25;25,0;25,0;25,0;1,000000000000000;1,000000000000000;1,000000000000000;1,000000000000000;1,000000000000000;1,000000000000000;1,000000000000000;1,000000000000000;1,000000000000000;1,000000000000000;1,000000000000000
2021-05-27;60+;0;0,0;0;0;0;0;0;0;0;0;0;0;10;10,0;10;10;10;10;10;10;10;10,0;10,0;10,0;1,000000000000000;1,000000000000000;1,000000000000000;1,000000000000000;1,000000000000000;1,000000000000000;1,000000000000000;1,000000000000000;1,000000000000000;1,000000000000000;1,000000000000000
2021-05-27;alle;2;2,0;2;2;2;2;2;2;2;2;2;2;35;35,0;35;35;35;35;35;35;35;35,0;35,0;35,0;NA;NA;NA;NA;NA;NA;NA;NA;NA;NA;NA
2021-05-26;0-60;4;4,0;4;4;4;4;4;4;4;4;4;4;30;30,0;30;30;30;30;30;30;30;30,0;30,0;30,0;1,000000000000000;1,000000000000000;1,000000000000000;1,000000000000000;1,000000000000000;1,000000000000000;1,000000000000000;1,000000000000000;1,000000000000000;1,000000000000000;1,000000000000000
2021-05-26;60+;1;1,0;1;1;1;1;1;1;1;1;1;1;16;16,0;16;16;16;16;16;16;16;16,0;16,0;16,0;1,000000000000000;1,000000000000000;1,000000000000000;1,000000000000000;1,000000000000000;1,000000000000000;1,000000000000000;1,000000000000000;1,000000000000000;1,000000000000000;1,000000000000000
2021-05-26;alle;5;5,0;5;5;5;5;5;5;5;5;5;5;46;46,0;46;46;46;46;46;46;46;46,0;46,0;46,0;NA;NA;NA;NA;NA;NA;NA;NA;NA;NA;NA
2021-05-25;0-60;1;1,0;1;1;1;1;1;1;1;1;1;1;31;31,0;31;31;31;31;31;31;31;31,0;31,0;31,0;1,000000000000000;1,000000000000000;1,000000000000000;1,000000000000000;1,000000000000000;1,000000000000000;1,000000000000000;1,000000000000000;1,000000000000000;1,000000000000000;1,000000000000000
2021-05-25;60+;1;1,0;1;1;1;1;1;1;1;1;1;1;18;18,0;18;18;18;18;18;18;18;18,0;18,0;18,0;1,000000000000000;1,000000000000000;1,000000000000000;1,000000000000000;1,000000000000000;1,000000000000000;1,000000000000000;1,000000000000000;1,000000000000000;1,000000000000000;1,000000000000000
2021-05-25;alle;2;2,0;2;2;2;2;2;2;2;2;2;2;49;49,0;49;49;49;49;49;49;49;49,0;49,0;49,0;NA;NA;NA;NA;NA;NA;NA;NA;NA;NA;NA
2021-05-24;0-60;2;2,0;2;2;2;2;2;2;2;2;2;2;35;35,0;35;35;35;35;35;35;35;35,0;35,0;35,0;1,000000000000000;1,000000000000000;1,000000000000000;1,000000000000000;1,000000000000000;1,000000000000000;1,000000000000000;1,000000000000000;1,000000000000000;1,000000000000000;1,000000000000000
2021-05-24;60+;2;2,0;2;2;2;2;2;2;2;2;2;2;19;19,0;19;19;19;19;19;19;19;19,0;19,0;19,0;1,000000000000000;1,000000000000000;1,000000000000000;1,000000000000000;1,000000000000000;1,000000000000000;1,000000000000000;1,000000000000000;1,000000000000000;1,000000000000000;1,000000000000000
2021-05-24;alle;4;4,0;4;4;4;4;4;4;4;4;4;4;54;54,0;54;54;54;54;54;54;54;54,0;54,0;54,0;NA;NA;NA;NA;NA;NA;NA;NA;NA;NA;NA
2021-05-23;0-60;8;8,0;8;8;8;8;8;8;8;8;8;8;36;36,0;36;36;36;36;36;36;36;36,0;36,0;36,0;1,000000000000000;1,000000000000000;1,000000000000000;1,000000000000000;1,000000000000000;1,000000000000000;1,000000000000000;1,000000000000000;1,000000000000000;1,000000000000000;1,000000000000000
2021-05-23;60+;2;2,0;2;2;2;2;2;2;2;2;2;2;19;19,0;19;19;19;19;19;19;19;19,0;19,0;19,0;1,000000000000000;1,000000000000000;1,000000000000000;1,000000000000000;1,000000000000000;1,000000000000000;1,000000000000000;1,000000000000000;1,000000000000000;1,000000000000000;1,000000000000000
2021-05-23;alle;10;10,0;10;10;10;10;10;10;10;10;10;10;55;55,0;55;55;55;55;55;55;55;55,0;55,0;55,0;NA;NA;NA;NA;NA;NA;NA;NA;NA;NA;NA
2021-05-22;0-60;6;6,0;6;6;6;6;6;6;6;6;6;6;34;34,0;34;34;34;34;34;34;34;34,0;34,0;34,0;1,000000000000000;1,000000000000000;1,000000000000000;1,000000000000000;1,000000000000000;1,000000000000000;1,000000000000000;1,000000000000000;1,000000000000000;1,000000000000000;1,000000000000000
2021-05-22;60+;3;3,0;3;3;3;3;3;3;3;3;3;3;21;21,0;21;21;21;21;21;21;21;21,0;21,0;21,0;1,000000000000000;1,000000000000000;1,000000000000000;1,000000000000000;1,000000000000000;1,000000000000000;1,000000000000000;1,000000000000000;1,000000000000000;1,000000000000000;1,000000000000000
2021-05-22;alle;9;9,0;9;9;9;9;9;9;9;9;9;9;55;55,0;55;55;55;55;55;55;55;55,0;55,0;55,0;NA;NA;NA;NA;NA;NA;NA;NA;NA;NA;NA
2021-05-21;0-60;2;2,0;2;2;2;2;2;2;2;2;2;2;33;33,0;33;33;33;33;33;33;33;33,0;33,0;33,0;1,000000000000000;1,000000000000000;1,000000000000000;1,000000000000000;1,000000000000000;1,000000000000000;1,000000000000000;1,000000000000000;1,000000000000000;1,000000000000000;1,000000000000000
2021-05-21;60+;1;1,0;1;1;1;1;1;1;1;1;1;1;22;22,0;22;22;22;22;22;22;22;22,0;22,0;22,0;1,000000000000000;1,000000000000000;1,000000000000000;1,000000000000000;1,000000000000000;1,000000000000000;1,000000000000000;1,000000000000000;1,000000000000000;1,000000000000000;1,000000000000000
2021-05-21;alle;3;3,0;3;3;3;3;3;3;3;3;3;3;55;55,0;55;55;55;55;55;55;55;55,0;55,0;55,0;NA;NA;NA;NA;NA;NA;NA;NA;NA;NA;NA
2021-05-20;0-60;7;7,0;7;7;7;7;7;7;7;7;7;7;39;39,0;39;39;39;39;39;39;39;39,0;39,0;39,0;1,000000000000000;1,000000000000000;1,000000000000000;1,000000000000000;1,000000000000000;1,000000000000000;1,000000000000000;1,000000000000000;1,000000000000000;1,000000000000000;1,000000000000000
2021-05-20;60+;6;6,0;6;6;6;6;6;6;6;6;6;6;28;28,0;28;28;28;28;28;28;28;28,0;28,0;28,0;1,000000000000000;1,000000000000000;1,000000000000000;1,000000000000000;1,000000000000000;1,000000000000000;1,000000000000000;1,000000000000000;1,000000000000000;1,000000000000000;1,000000000000000
2021-05-20;alle;13;13,0;13;13;13;13;13;13;13;13;13;13;67;67,0;67;67;67;67;67;67;67;67,0;67,0;67,0;NA;NA;NA;NA;NA;NA;NA;NA;NA;NA;NA
2021-05-19;0-60;5;5,0;5;5;5;5;5;5;5;5;5;5;39;39,0;39;39;39;39;39;39;39;39,0;39,0;39,0;1,000000000000000;1,000000000000000;1,000000000000000;1,000000000000000;1,000000000000000;1,000000000000000;1,000000000000000;1,000000000000000;1,000000000000000;1,000000000000000;1,000000000000000
2021-05-19;60+;3;3,0;3;3;3;3;3;3;3;3;3;3;31;31,0;31;31;31;31;31;31;31;31,0;31,0;31,0;1,000000000000000;1,000000000000000;1,000000000000000;1,000000000000000;1,000000000000000;1,000000000000000;1,000000000000000;1,000000000000000;1,000000000000000;1,000000000000000;1,000000000000000
2021-05-19;alle;8;8,0;8;8;8;8;8;8;8;8;8;8;70;70,0;70;70;70;70;70;70;70;70,0;70,0;70,0;NA;NA;NA;NA;NA;NA;NA;NA;NA;NA;NA
2021-05-18;0-60;5;5,0;5;5;5;5;5;5;5;5;5;5;40;40,0;40;40;40;40;40;40;40;40,0;40,0;40,0;1,000000000000000;1,000000000000000;1,000000000000000;1,000000000000000;1,000000000000000;1,000000000000000;1,000000000000000;1,000000000000000;1,000000000000000;1,000000000000000;1,000000000000000
2021-05-18;60+;2;2,0;2;2;2;2;2;2;2;2;2;2;33;33,0;33;33;33;33;33;33;33;33,0;33,0;33,0;1,000000000000000;1,000000000000000;1,000000000000000;1,000000000000000;1,000000000000000;1,000000000000000;1,000000000000000;1,000000000000000;1,000000000000000;1,000000000000000;1,000000000000000
2021-05-18;alle;7;7,0;7;7;7;7;7;7;7;7;7;7;73;73,0;73;73;73;73;73;73;73;73,0;73,0;73,0;NA;NA;NA;NA;NA;NA;NA;NA;NA;NA;NA
2021-05-17;0-60;3;3,0;3;3;3;3;3;3;3;3;3;3;38;38,0;38;38;38;38;38;38;38;38,0;38,0;38,0;1,000000000000000;1,000000000000000;1,000000000000000;1,000000000000000;1,000000000000000;1,000000000000000;1,000000000000000;1,000000000000000;1,000000000000000;1,000000000000000;1,000000000000000
2021-05-17;60+;2;2,0;2;2;2;2;2;2;2;2;2;2;39;39,0;39;39;39;39;39;39;39;39,0;39,0;39,0;1,000000000000000;1,000000000000000;1,000000000000000;1,000000000000000;1,000000000000000;1,000000000000000;1,000000000000000;1,000000000000000;1,000000000000000;1,000000000000000;1,000000000000000
2021-05-17;alle;5;5,0;5;5;5;5;5;5;5;5;5;5;77;77,0;77;77;77;77;77;77;77;77,0;77,0;77,0;NA;NA;NA;NA;NA;NA;NA;NA;NA;NA;NA
2021-05-16;0-60;6;6,0;6;6;6;6;6;6;6;6;6;6;40;40,0;40;40;40;40;40;40;40;40,0;40,0;40,0;1,000000000000000;1,000000000000000;1,000000000000000;1,000000000000000;1,000000000000000;1,000000000000000;1,000000000000000;1,000000000000000;1,000000000000000;1,000000000000000;1,000000000000000
2021-05-16;60+;4;4,0;4;4;4;4;4;4;4;4;4;4;39;39,0;39;39;39;39;39;39;39;39,0;39,0;39,0;1,000000000000000;1,000000000000000;1,000000000000000;1,000000000000000;1,000000000000000;1,000000000000000;1,000000000000000;1,000000000000000;1,000000000000000;1,000000000000000;1,000000000000000
2021-05-16;alle;10;10,0;10;10;10;10;10;10;10;10;10;10;79;79,0;79;79;79;79;79;79;79;79,0;79,0;79,0;NA;NA;NA;NA;NA;NA;NA;NA;NA;NA;NA
2021-05-15;0-60;5;5,0;5;5;5;5;5;5;5;5;5;5;41;41,0;41;41;41;41;41;41;41;41,0;41,0;41,0;1,000000000000000;1,000000000000000;1,000000000000000;1,000000000000000;1,000000000000000;1,000000000000000;1,000000000000000;1,000000000000000;1,000000000000000;1,000000000000000;1,000000000000000
2021-05-15;60+;4;4,0;4;4;4;4;4;4;4;4;4;4;44;44,0;44;44;44;44;44;44;44;44,0;44,0;44,0;1,000000000000000;1,000000000000000;1,000000000000000;1,000000000000000;1,000000000000000;1,000000000000000;1,000000000000000;1,000000000000000;1,000000000000000;1,000000000000000;1,000000000000000
2021-05-15;alle;9;9,0;9;9;9;9;9;9;9;9;9;9;85;85,0;85;85;85;85;85;85;85;85,0;85,0;85,0;NA;NA;NA;NA;NA;NA;NA;NA;NA;NA;NA
2021-05-14;0-60;8;8,0;8;8;8;8;8;8;8;8;8;8;40;40,0;40;40;40;40;40;40;40;40,0;40,0;40,0;1,000000000000000;1,000000000000000;1,000000000000000;1,000000000000000;1,000000000000000;1,000000000000000;1,000000000000000;1,000000000000000;1,000000000000000;1,000000000000000;1,000000000000000
2021-05-14;60+;7;7,0;7;7;7;7;7;7;7;7;7;7;48;48,0;48;48;48;48;48;48;48;48,0;48,0;48,0;1,000000000000000;1,000000000000000;1,000000000000000;1,000000000000000;1,000000000000000;1,000000000000000;1,000000000000000;1,000000000000000;1,000000000000000;1,000000000000000;1,000000000000000
2021-05-14;alle;15;15,0;15;15;15;15;15;15;15;15;15;15;88;88,0;88;88;88;88;88;88;88;88,0;88,0;88,0;NA;NA;NA;NA;NA;NA;NA;NA;NA;NA;NA
2021-05-13;0-60;7;7,0;7;7;7;7;7;7;7;7;7;7;45;45,0;45;45;45;45;45;45;45;45,0;45,0;45,0;1,000000000000000;1,000000000000000;1,000000000000000;1,000000000000000;1,000000000000000;1,000000000000000;1,000000000000000;1,000000000000000;1,000000000000000;1,000000000000000;1,000000000000000
2021-05-13;60+;9;9,0;9;9;9;9;9;9;9;9;9;9;50;50,0;50;50;50;50;50;50;50;50,0;50,0;50,0;1,000000000000000;1,000000000000000;1,000000000000000;1,000000000000000;1,000000000000000;1,000000000000000;1,000000000000000;1,000000000000000;1,000000000000000;1,000000000000000;1,000000000000000
2021-05-13;alle;16;16,0;16;16;16;16;16;16;16;16;16;16;95;95,0;95;95;95;95;95;95;95;95,0;95,0;95,0;NA;NA;NA;NA;NA;NA;NA;NA;NA;NA;NA
2021-05-12;0-60;6;6,0;6;6;6;6;6;6;6;6;6;6;47;47,0;47;47;47;47;47;47;47;47,0;47,0;47,0;1,000000000000000;1,000000000000000;1,000000000000000;1,000000000000000;1,000000000000000;1,000000000000000;1,000000000000000;1,000000000000000;1,000000000000000;1,000000000000000;1,000000000000000
2021-05-12;60+;5;5,0;5;5;5;5;5;5;5;5;5;5;48;48,0;48;48;48;48;48;48;48;48,0;48,0;48,0;1,000000000000000;1,000000000000000;1,000000000000000;1,000000000000000;1,000000000000000;1,000000000000000;1,000000000000000;1,000000000000000;1,000000000000000;1,000000000000000;1,000000000000000
2021-05-12;alle;11;11,0;11;11;11;11;11;11;11;11;11;11;95;95,0;95;95;95;95;95;95;95;95,0;95,0;95,0;NA;NA;NA;NA;NA;NA;NA;NA;NA;NA;NA
2021-05-11;0-60;3;3,0;3;3;3;3;3;3;3;3;3;3;47;47,0;47;47;47;47;47;47;47;47,0;47,0;47,0;1,000000000000000;1,000000000000000;1,000000000000000;1,000000000000000;1,000000000000000;1,000000000000000;1,000000000000000;1,000000000000000;1,000000000000000;1,000000000000000;1,000000000000000
2021-05-11;60+;8;8,0;8;8;8;8;8;8;8;8;8;8;56;56,0;56;56;56;56;56;56;56;56,0;56,0;56,0;1,000000000000000;1,000000000000000;1,000000000000000;1,000000000000000;1,000000000000000;1,000000000000000;1,000000000000000;1,000000000000000;1,000000000000000;1,000000000000000;1,000000000000000
2021-05-11;alle;11;11,0;11;11;11;11;11;11;11;11;11;11;103;103,0;103;103;103;103;103;103;103;103,0;103,0;103,0;NA;NA;NA;NA;NA;NA;NA;NA;NA;NA;NA
2021-05-10;0-60;5;5,0;5;5;5;5;5;5;5;5;5;5;54;54,0;54;54;54;54;54;54;54;54,0;54,0;54,0;1,000000000000000;1,000000000000000;1,000000000000000;1,000000000000000;1,000000000000000;1,000000000000000;1,000000000000000;1,000000000000000;1,000000000000000;1,000000000000000;1,000000000000000
2021-05-10;60+;2;2,0;2;2;2;2;2;2;2;2;2;2;54;54,0;54;54;54;54;54;54;54;54,0;54,0;54,0;1,000000000000000;1,000000000000000;1,000000000000000;1,000000000000000;1,000000000000000;1,000000000000000;1,000000000000000;1,000000000000000;1,000000000000000;1,000000000000000;1,000000000000000
2021-05-10;alle;7;7,0;7;7;7;7;7;7;7;7;7;7;108;108,0;108;108;108;108;108;108;108;108,0;108,0;108,0;NA;NA;NA;NA;NA;NA;NA;NA;NA;NA;NA
2021-05-09;0-60;7;7,0;7;7;7;7;7;7;7;7;7;7;55;55,0;55;55;55;55;55;55;55;55,0;55,0;55,0;1,000000000000000;1,000000000000000;1,000000000000000;1,000000000000000;1,000000000000000;1,000000000000000;1,000000000000000;1,000000000000000;1,000000000000000;1,000000000000000;1,000000000000000
2021-05-09;60+;9;9,0;9;9;9;9;9;9;9;9;9;9;54;54,0;54;54;54;54;54;54;54;54,0;54,0;54,0;1,000000000000000;1,000000000000000;1,000000000000000;1,000000000000000;1,000000000000000;1,000000000000000;1,000000000000000;1,000000000000000;1,000000000000000;1,000000000000000;1,000000000000000
2021-05-09;alle;16;16,0;16;16;16;16;16;16;16;16;16;16;109;109,0;109;109;109;109;109;109;109;109,0;109,0;109,0;NA;NA;NA;NA;NA;NA;NA;NA;NA;NA;NA
2021-05-08;0-60;4;4,0;4;4;4;4;4;4;4;4;4;4;56;56,0;56;56;56;56;56;56;56;56,0;56,0;56,0;1,000000000000000;1,000000000000000;1,000000000000000;1,000000000000000;1,000000000000000;1,000000000000000;1,000000000000000;1,000000000000000;1,000000000000000;1,000000000000000;1,000000000000000
2021-05-08;60+;8;8,0;8;8;8;8;8;8;8;8;8;8;51;51,0;51;51;51;51;51;51;51;51,0;51,0;51,0;1,000000000000000;1,000000000000000;1,000000000000000;1,000000000000000;1,000000000000000;1,000000000000000;1,000000000000000;1,000000000000000;1,000000000000000;1,000000000000000;1,000000000000000
2021-05-08;alle;12;12,0;12;12;12;12;12;12;12;12;12;12;107;107,0;107;107;107;107;107;107;107;107,0;107,0;107,0;NA;NA;NA;NA;NA;NA;NA;NA;NA;NA;NA
2021-05-07;0-60;13;13,0;13;13;13;13;13;13;13;13;13;13;62;62,0;62;62;62;62;62;62;62;62,0;62,0;62,0;1,000000000000000;1,000000000000000;1,000000000000000;1,000000000000000;1,000000000000000;1,000000000000000;1,000000000000000;1,000000000000000;1,000000000000000;1,000000000000000;1,000000000000000
2021-05-07;60+;9;9,0;9;9;9;9;9;9;9;9;9;9;52;52,0;52;52;52;52;52;52;52;52,0;52,0;52,0;1,000000000000000;1,000000000000000;1,000000000000000;1,000000000000000;1,000000000000000;1,000000000000000;1,000000000000000;1,000000000000000;1,000000000000000;1,000000000000000;1,000000000000000
2021-05-07;alle;22;22,0;22;22;22;22;22;22;22;22;22;22;114;114,0;114;114;114;114;114;114;114;114,0;114,0;114,0;NA;NA;NA;NA;NA;NA;NA;NA;NA;NA;NA
2021-05-06;0-60;9;9,0;9;9;9;9;9;9;9;9;9;9;60;60,0;60;60;60;60;60;60;60;60,0;60,0;60,0;1,000000000000000;1,000000000000000;1,000000000000000;1,000000000000000;1,000000000000000;1,000000000000000;1,000000000000000;1,000000000000000;1,000000000000000;1,000000000000000;1,000000000000000
2021-05-06;60+;7;7,0;7;7;7;7;7;7;7;7;7;7;49;49,0;49;49;49;49;49;49;49;49,0;49,0;49,0;1,000000000000000;1,000000000000000;1,000000000000000;1,000000000000000;1,000000000000000;1,000000000000000;1,000000000000000;1,000000000000000;1,000000000000000;1,000000000000000;1,000000000000000
2021-05-06;alle;16;16,0;16;16;16;16;16;16;16;16;16;16;109;109,0;109;109;109;109;109;109;109;109,0;109,0;109,0;NA;NA;NA;NA;NA;NA;NA;NA;NA;NA;NA
2021-05-05;0-60;6;6,0;6;6;6;6;6;6;6;6;6;6;60;60,0;60;60;60;60;60;60;60;60,0;60,0;60,0;1,000000000000000;1,000000000000000;1,000000000000000;1,000000000000000;1,000000000000000;1,000000000000000;1,000000000000000;1,000000000000000;1,000000000000000;1,000000000000000;1,000000000000000
2021-05-05;60+;13;13,0;13;13;13;13;13;13;13;13;13;13;50;50,0;50;50;50;50;50;50;50;50,0;50,0;50,0;1,000000000000000;1,000000000000000;1,000000000000000;1,000000000000000;1,000000000000000;1,000000000000000;1,000000000000000;1,000000000000000;1,000000000000000;1,000000000000000;1,000000000000000
2021-05-05;alle;19;19,0;19;19;19;19;19;19;19;19;19;19;110;110,0;110;110;110;110;110;110;110;110,0;110,0;110,0;NA;NA;NA;NA;NA;NA;NA;NA;NA;NA;NA
2021-05-04;0-60;10;10,0;10;10;10;10;10;10;10;10;10;10;69;69,0;69;69;69;69;69;69;69;69,0;69,0;69,0;1,000000000000000;1,000000000000000;1,000000000000000;1,000000000000000;1,000000000000000;1,000000000000000;1,000000000000000;1,000000000000000;1,000000000000000;1,000000000000000;1,000000000000000
2021-05-04;60+;6;6,0;6;6;6;6;6;6;6;6;6;6;48;48,0;48;48;48;48;48;48;48;48,0;48,0;48,0;1,000000000000000;1,000000000000000;1,000000000000000;1,000000000000000;1,000000000000000;1,000000000000000;1,000000000000000;1,000000000000000;1,000000000000000;1,000000000000000;1,000000000000000
2021-05-04;alle;16;16,0;16;16;16;16;16;16;16;16;16;16;117;117,0;117;117;117;117;117;117;117;117,0;117,0;117,0;NA;NA;NA;NA;NA;NA;NA;NA;NA;NA;NA
2021-05-03;0-60;6;6,0;6;6;6;6;6;6;6;6;6;6;64;64,0;64;64;64;64;64;64;64;64,0;64,0;64,0;1,000000000000000;1,000000000000000;1,000000000000000;1,000000000000000;1,000000000000000;1,000000000000000;1,000000000000000;1,000000000000000;1,000000000000000;1,000000000000000;1,000000000000000
2021-05-03;60+;2;2,0;2;2;2;2;2;2;2;2;2;2;47;47,0;47;47;47;47;47;47;47;47,0;47,0;47,0;1,000000000000000;1,000000000000000;1,000000000000000;1,000000000000000;1,000000000000000;1,000000000000000;1,000000000000000;1,000000000000000;1,000000000000000;1,000000000000000;1,000000000000000
2021-05-03;alle;8;8,0;8;8;8;8;8;8;8;8;8;8;111;111,0;111;111;111;111;111;111;111;111,0;111,0;111,0;NA;NA;NA;NA;NA;NA;NA;NA;NA;NA;NA
2021-05-02;0-60;8;8,0;8;8;8;8;8;8;8;8;8;8;70;70,0;70;70;70;70;70;70;70;70,0;70,0;70,0;1,000000000000000;1,000000000000000;1,000000000000000;1,000000000000000;1,000000000000000;1,000000000000000;1,000000000000000;1,000000000000000;1,000000000000000;1,000000000000000;1,000000000000000
2021-05-02;60+;6;6,0;6;6;6;6;6;6;6;6;6;6;47;47,0;47;47;47;47;47;47;47;47,0;47,0;47,0;1,000000000000000;1,000000000000000;1,000000000000000;1,000000000000000;1,000000000000000;1,000000000000000;1,000000000000000;1,000000000000000;1,000000000000000;1,000000000000000;1,000000000000000
2021-05-02;alle;14;14,0;14;14;14;14;14;14;14;14;14;14;117;117,0;117;117;117;117;117;117;117;117,0;117,0;117,0;NA;NA;NA;NA;NA;NA;NA;NA;NA;NA;NA
2021-05-01;0-60;10;10,0;10;10;10;10;10;10;10;10;10;10;72;72,0;72;72;72;72;72;72;72;72,0;72,0;72,0;1,000000000000000;1,000000000000000;1,000000000000000;1,000000000000000;1,000000000000000;1,000000000000000;1,000000000000000;1,000000000000000;1,000000000000000;1,000000000000000;1,000000000000000
2021-05-01;60+;9;9,0;9;9;9;9;9;9;9;9;9;9;57;57,0;57;57;57;57;57;57;57;57,0;57,0;57,0;1,000000000000000;1,000000000000000;1,000000000000000;1,000000000000000;1,000000000000000;1,000000000000000;1,000000000000000;1,000000000000000;1,000000000000000;1,000000000000000;1,000000000000000
2021-05-01;alle;19;19,0;19;19;19;19;19;19;19;19;19;19;129;129,0;129;129;129;129;129;129;129;129,0;129,0;129,0;NA;NA;NA;NA;NA;NA;NA;NA;NA;NA;NA
2021-04-30;0-60;11;11,0;11;11;11;11;11;11;11;11;11;11;70;70,0;70;70;70;70;70;70;70;70,0;70,0;70,0;1,000000000000000;1,000000000000000;1,000000000000000;1,000000000000000;1,000000000000000;1,000000000000000;1,000000000000000;1,000000000000000;1,000000000000000;1,000000000000000;1,000000000000000
2021-04-30;60+;6;6,0;6;6;6;6;6;6;6;6;6;6;57;57,0;57;57;57;57;57;57;57;57,0;57,0;57,0;1,000000000000000;1,000000000000000;1,000000000000000;1,000000000000000;1,000000000000000;1,000000000000000;1,000000000000000;1,000000000000000;1,000000000000000;1,000000000000000;1,000000000000000
2021-04-30;alle;17;17,0;17;17;17;17;17;17;17;17;17;17;127;127,0;127;127;127;127;127;127;127;127,0;127,0;127,0;NA;NA;NA;NA;NA;NA;NA;NA;NA;NA;NA
2021-04-29;0-60;9;9,0;9;9;9;9;9;9;9;9;9;9;73;73,0;73;73;73;73;73;73;73;73,0;73,0;73,0;1,000000000000000;1,000000000000000;1,000000000000000;1,000000000000000;1,000000000000000;1,000000000000000;1,000000000000000;1,000000000000000;1,000000000000000;1,000000000000000;1,000000000000000
2021-04-29;60+;8;8,0;8;8;8;8;8;8;8;8;8;8;65;65,0;65;65;65;65;65;65;65;65,0;65,0;65,0;1,000000000000000;1,000000000000000;1,000000000000000;1,000000000000000;1,000000000000000;1,000000000000000;1,000000000000000;1,000000000000000;1,000000000000000;1,000000000000000;1,000000000000000
2021-04-29;alle;17;17,0;17;17;17;17;17;17;17;17;17;17;138;138,0;138;138;138;138;138;138;138;138,0;138,0;138,0;NA;NA;NA;NA;NA;NA;NA;NA;NA;NA;NA
2021-04-28;0-60;15;15,0;15;15;15;15;15;15;15;15;15;15;77;77,0;77;77;77;77;77;77;77;77,0;77,0;77,0;1,000000000000000;1,000000000000000;1,000000000000000;1,000000000000000;1,000000000000000;1,000000000000000;1,000000000000000;1,000000000000000;1,000000000000000;1,000000000000000;1,000000000000000
2021-04-28;60+;11;11,0;11;11;11;11;11;11;11;11;11;11;65;65,0;65;65;65;65;65;65;65;65,0;65,0;65,0;1,000000000000000;1,000000000000000;1,000000000000000;1,000000000000000;1,000000000000000;1,000000000000000;1,000000000000000;1,000000000000000;1,000000000000000;1,000000000000000;1,000000000000000
2021-04-28;alle;26;26,0;26;26;26;26;26;26;26;26;26;26;142;142,0;142;142;142;142;142;142;142;142,0;142,0;142,0;NA;NA;NA;NA;NA;NA;NA;NA;NA;NA;NA
2021-04-27;0-60;5;5,0;5;5;5;5;5;5;5;5;5;5;73;73,0;73;73;73;73;73;73;73;73,0;73,0;73,0;1,000000000000000;1,000000000000000;1,000000000000000;1,000000000000000;1,000000000000000;1,000000000000000;1,000000000000000;1,000000000000000;1,000000000000000;1,000000000000000;1,000000000000000
2021-04-27;60+;5;5,0;5;5;5;5;5;5;5;5;5;5;64;64,0;64;64;64;64;64;64;64;64,0;64,0;64,0;1,000000000000000;1,000000000000000;1,000000000000000;1,000000000000000;1,000000000000000;1,000000000000000;1,000000000000000;1,000000000000000;1,000000000000000;1,000000000000000;1,000000000000000
2021-04-27;alle;10;10,0;10;10;10;10;10;10;10;10;10;10;137;137,0;137;137;137;137;137;137;137;137,0;137,0;137,0;NA;NA;NA;NA;NA;NA;NA;NA;NA;NA;NA
2021-04-26;0-60;12;12,0;12;12;12;12;12;12;12;12;12;12;75;75,0;75;75;75;75;75;75;75;75,0;75,0;75,0;1,000000000000000;1,000000000000000;1,000000000000000;1,000000000000000;1,000000000000000;1,000000000000000;1,000000000000000;1,000000000000000;1,000000000000000;1,000000000000000;1,000000000000000
2021-04-26;60+;2;2,0;2;2;2;2;2;2;2;2;2;2;69;69,0;69;69;69;69;69;69;69;69,0;69,0;69,0;1,000000000000000;1,000000000000000;1,000000000000000;1,000000000000000;1,000000000000000;1,000000000000000;1,000000000000000;1,000000000000000;1,000000000000000;1,000000000000000;1,000000000000000
2021-04-26;alle;14;14,0;14;14;14;14;14;14;14;14;14;14;144;144,0;144;144;144;144;144;144;144;144,0;144,0;144,0;NA;NA;NA;NA;NA;NA;NA;NA;NA;NA;NA
2021-04-25;0-60;10;10,0;10;10;10;10;10;10;10;10;10;10;69;69,0;69;69;69;69;69;69;69;69,0;69,0;69,0;1,000000000000000;1,000000000000000;1,000000000000000;1,000000000000000;1,000000000000000;1,000000000000000;1,000000000000000;1,000000000000000;1,000000000000000;1,000000000000000;1,000000000000000
2021-04-25;60+;16;16,0;16;16;16;16;16;16;16;16;16;16;75;75,0;75;75;75;75;75;75;75;75,0;75,0;75,0;1,000000000000000;1,000000000000000;1,000000000000000;1,000000000000000;1,000000000000000;1,000000000000000;1,000000000000000;1,000000000000000;1,000000000000000;1,000000000000000;1,000000000000000
2021-04-25;alle;26;26,0;26;26;26;26;26;26;26;26;26;26;144;144,0;144;144;144;144;144;144;144;144,0;144,0;144,0;NA;NA;NA;NA;NA;NA;NA;NA;NA;NA;NA
2021-04-24;0-60;8;8,0;8;8;8;8;8;8;8;8;8;8;66;66,0;66;66;66;66;66;66;66;66,0;66,0;66,0;1,000000000000000;1,000000000000000;1,000000000000000;1,000000000000000;1,000000000000000;1,000000000000000;1,000000000000000;1,000000000000000;1,000000000000000;1,000000000000000;1,000000000000000
2021-04-24;60+;9;9,0;9;9;9;9;9;9;9;9;9;9;70;70,0;70;70;70;70;70;70;70;70,0;70,0;70,0;1,000000000000000;1,000000000000000;1,000000000000000;1,000000000000000;1,000000000000000;1,000000000000000;1,000000000000000;1,000000000000000;1,000000000000000;1,000000000000000;1,000000000000000
2021-04-24;alle;17;17,0;17;17;17;17;17;17;17;17;17;17;136;136,0;136;136;136;136;136;136;136;136,0;136,0;136,0;NA;NA;NA;NA;NA;NA;NA;NA;NA;NA;NA
2021-04-23;0-60;14;14,0;14;14;14;14;14;14;14;14;14;14;71;71,0;71;71;71;71;71;71;71;71,0;71,0;71,0;1,000000000000000;1,000000000000000;1,000000000000000;1,000000000000000;1,000000000000000;1,000000000000000;1,000000000000000;1,000000000000000;1,000000000000000;1,000000000000000;1,000000000000000
2021-04-23;60+;14;14,0;14;14;14;14;14;14;14;14;14;14;69;69,0;69;69;69;69;69;69;69;69,0;69,0;69,0;1,000000000000000;1,000000000000000;1,000000000000000;1,000000000000000;1,000000000000000;1,000000000000000;1,000000000000000;1,000000000000000;1,000000000000000;1,000000000000000;1,000000000000000
2021-04-23;alle;28;28,0;28;28;28;28;28;28;28;28;28;28;140;140,0;140;140;140;140;140;140;140;140,0;140,0;140,0;NA;NA;NA;NA;NA;NA;NA;NA;NA;NA;NA
2021-04-22;0-60;13;13,0;13;13;13;13;13;13;13;13;13;13;70;70,0;70;70;70;70;70;70;70;70,0;70,0;70,0;1,000000000000000;1,000000000000000;1,000000000000000;1,000000000000000;1,000000000000000;1,000000000000000;1,000000000000000;1,000000000000000;1,000000000000000;1,000000000000000;1,000000000000000
2021-04-22;60+;8;8,0;8;8;8;8;8;8;8;8;8;8;63;63,0;63;63;63;63;63;63;63;63,0;63,0;63,0;1,000000000000000;1,000000000000000;1,000000000000000;1,000000000000000;1,000000000000000;1,000000000000000;1,000000000000000;1,000000000000000;1,000000000000000;1,000000000000000;1,000000000000000
2021-04-22;alle;21;21,0;21;21;21;21;21;21;21;21;21;21;133;133,0;133;133;133;133;133;133;133;133,0;133,0;133,0;NA;NA;NA;NA;NA;NA;NA;NA;NA;NA;NA
2021-04-21;0-60;11;11,0;11;11;11;11;11;11;11;11;11;11;70;70,0;70;70;70;70;70;70;70;70,0;70,0;70,0;1,000000000000000;1,000000000000000;1,000000000000000;1,000000000000000;1,000000000000000;1,000000000000000;1,000000000000000;1,000000000000000;1,000000000000000;1,000000000000000;1,000000000000000
2021-04-21;60+;10;10,0;10;10;10;10;10;10;10;10;10;10;68;68,0;68;68;68;68;68;68;68;68,0;68,0;68,0;1,000000000000000;1,000000000000000;1,000000000000000;1,000000000000000;1,000000000000000;1,000000000000000;1,000000000000000;1,000000000000000;1,000000000000000;1,000000000000000;1,000000000000000
2021-04-21;alle;21;21,0;21;21;21;21;21;21;21;21;21;21;138;138,0;138;138;138;138;138;138;138;138,0;138,0;138,0;NA;NA;NA;NA;NA;NA;NA;NA;NA;NA;NA
2021-04-20;0-60;7;7,0;7;7;7;7;7;7;7;7;7;7;75;75,0;75;75;75;75;75;75;75;75,0;75,0;75,0;1,000000000000000;1,000000000000000;1,000000000000000;1,000000000000000;1,000000000000000;1,000000000000000;1,000000000000000;1,000000000000000;1,000000000000000;1,000000000000000;1,000000000000000
2021-04-20;60+;10;10,0;10;10;10;10;10;10;10;10;10;10;73;73,0;73;73;73;73;73;73;73;73,0;73,0;73,0;1,000000000000000;1,000000000000000;1,000000000000000;1,000000000000000;1,000000000000000;1,000000000000000;1,000000000000000;1,000000000000000;1,000000000000000;1,000000000000000;1,000000000000000
2021-04-20;alle;17;17,0;17;17;17;17;17;17;17;17;17;17;148;148,0;148;148;148;148;148;148;148;148,0;148,0;148,0;NA;NA;NA;NA;NA;NA;NA;NA;NA;NA;NA
2021-04-19;0-60;6;6,0;6;6;6;6;6;6;6;6;6;6;77;77,0;77;77;77;77;77;77;77;77,0;77,0;77,0;1,000000000000000;1,000000000000000;1,000000000000000;1,000000000000000;1,000000000000000;1,000000000000000;1,000000000000000;1,000000000000000;1,000000000000000;1,000000000000000;1,000000000000000
2021-04-19;60+;8;8,0;8;8;8;8;8;8;8;8;8;8;70;70,0;70;70;70;70;70;70;70;70,0;70,0;70,0;1,000000000000000;1,000000000000000;1,000000000000000;1,000000000000000;1,000000000000000;1,000000000000000;1,000000000000000;1,000000000000000;1,000000000000000;1,000000000000000;1,000000000000000
2021-04-19;alle;14;14,0;14;14;14;14;14;14;14;14;14;14;147;147,0;147;147;147;147;147;147;147;147,0;147,0;147,0;NA;NA;NA;NA;NA;NA;NA;NA;NA;NA;NA
2021-04-18;0-60;7;7,0;7;7;7;7;7;7;7;7;7;7;75;75,0;75;75;75;75;75;75;75;75,0;75,0;75,0;1,000000000000000;1,000000000000000;1,000000000000000;1,000000000000000;1,000000000000000;1,000000000000000;1,000000000000000;1,000000000000000;1,000000000000000;1,000000000000000;1,000000000000000
2021-04-18;60+;11;11,0;11;11;11;11;11;11;11;11;11;11;70;70,0;70;70;70;70;70;70;70;70,0;70,0;70,0;1,000000000000000;1,000000000000000;1,000000000000000;1,000000000000000;1,000000000000000;1,000000000000000;1,000000000000000;1,000000000000000;1,000000000000000;1,000000000000000;1,000000000000000
2021-04-18;alle;18;18,0;18;18;18;18;18;18;18;18;18;18;145;145,0;145;145;145;145;145;145;145;145,0;145,0;145,0;NA;NA;NA;NA;NA;NA;NA;NA;NA;NA;NA
2021-04-17;0-60;13;13,0;13;13;13;13;13;13;13;13;13;13;79;79,0;79;79;79;79;79;79;79;79,0;79,0;79,0;1,000000000000000;1,000000000000000;1,000000000000000;1,000000000000000;1,000000000000000;1,000000000000000;1,000000000000000;1,000000000000000;1,000000000000000;1,000000000000000;1,000000000000000
2021-04-17;60+;8;8,0;8;8;8;8;8;8;8;8;8;8;64;64,0;64;64;64;64;64;64;64;64,0;64,0;64,0;1,000000000000000;1,000000000000000;1,000000000000000;1,000000000000000;1,000000000000000;1,000000000000000;1,000000000000000;1,000000000000000;1,000000000000000;1,000000000000000;1,000000000000000
2021-04-17;alle;21;21,0;21;21;21;21;21;21;21;21;21;21;143;143,0;143;143;143;143;143;143;143;143,0;143,0;143,0;NA;NA;NA;NA;NA;NA;NA;NA;NA;NA;NA
2021-04-16;0-60;13;13,0;13;13;13;13;13;13;13;13;13;13;76;76,0;76;76;76;76;76;76;76;76,0;76,0;76,0;1,000000000000000;1,000000000000000;1,000000000000000;1,000000000000000;1,000000000000000;1,000000000000000;1,000000000000000;1,000000000000000;1,000000000000000;1,000000000000000;1,000000000000000
2021-04-16;60+;8;8,0;8;8;8;8;8;8;8;8;8;8;67;67,0;67;67;67;67;67;67;67;67,0;67,0;67,0;1,000000000000000;1,000000000000000;1,000000000000000;1,000000000000000;1,000000000000000;1,000000000000000;1,000000000000000;1,000000000000000;1,000000000000000;1,000000000000000;1,000000000000000
2021-04-16;alle;21;21,0;21;21;21;21;21;21;21;21;21;21;143;143,0;143;143;143;143;143;143;143;143,0;143,0;143,0;NA;NA;NA;NA;NA;NA;NA;NA;NA;NA;NA
2021-04-15;0-60;13;13,0;13;13;13;13;13;13;13;13;13;13;76;76,0;76;76;76;76;76;76;76;76,0;76,0;76,0;1,000000000000000;1,000000000000000;1,000000000000000;1,000000000000000;1,000000000000000;1,000000000000000;1,000000000000000;1,000000000000000;1,000000000000000;1,000000000000000;1,000000000000000
2021-04-15;60+;13;13,0;13;13;13;13;13;13;13;13;13;13;68;68,0;68;68;68;68;68;68;68;68,0;68,0;68,0;1,000000000000000;1,000000000000000;1,000000000000000;1,000000000000000;1,000000000000000;1,000000000000000;1,000000000000000;1,000000000000000;1,000000000000000;1,000000000000000;1,000000000000000
2021-04-15;alle;26;26,0;26;26;26;26;26;26;26;26;26;26;144;144,0;144;144;144;144;144;144;144;144,0;144,0;144,0;NA;NA;NA;NA;NA;NA;NA;NA;NA;NA;NA
2021-04-14;0-60;16;16,0;16;16;16;16;16;16;16;16;16;16;79;79,0;79;79;79;79;79;79;79;79,0;79,0;79,0;1,000000000000000;1,000000000000000;1,000000000000000;1,000000000000000;1,000000000000000;1,000000000000000;1,000000000000000;1,000000000000000;1,000000000000000;1,000000000000000;1,000000000000000
2021-04-14;60+;15;15,0;15;15;15;15;15;15;15;15;15;15;72;72,0;72;72;72;72;72;72;72;72,0;72,0;72,0;1,000000000000000;1,000000000000000;1,000000000000000;1,000000000000000;1,000000000000000;1,000000000000000;1,000000000000000;1,000000000000000;1,000000000000000;1,000000000000000;1,000000000000000
2021-04-14;alle;31;31,0;31;31;31;31;31;31;31;31;31;31;151;151,0;151;151;151;151;151;151;151;151,0;151,0;151,0;NA;NA;NA;NA;NA;NA;NA;NA;NA;NA;NA
2021-04-13;0-60;9;9,0;9;9;9;9;9;9;9;9;9;9;69;69,0;69;69;69;69;69;69;69;69,0;69,0;69,0;1,000000000000000;1,000000000000000;1,000000000000000;1,000000000000000;1,000000000000000;1,000000000000000;1,000000000000000;1,000000000000000;1,000000000000000;1,000000000000000;1,000000000000000
2021-04-13;60+;7;7,0;7;7;7;7;7;7;7;7;7;7;76;76,0;76;76;76;76;76;76;76;76,0;76,0;76,0;1,000000000000000;1,000000000000000;1,000000000000000;1,000000000000000;1,000000000000000;1,000000000000000;1,000000000000000;1,000000000000000;1,000000000000000;1,000000000000000;1,000000000000000
2021-04-13;alle;16;16,0;16;16;16;16;16;16;16;16;16;16;145;145,0;145;145;145;145;145;145;145;145,0;145,0;145,0;NA;NA;NA;NA;NA;NA;NA;NA;NA;NA;NA
2021-04-12;0-60;4;4,0;4;4;4;4;4;4;4;4;4;4;67;67,0;67;67;67;67;67;67;67;67,0;67,0;67,0;1,000000000000000;1,000000000000000;1,000000000000000;1,000000000000000;1,000000000000000;1,000000000000000;1,000000000000000;1,000000000000000;1,000000000000000;1,000000000000000;1,000000000000000
2021-04-12;60+;8;8,0;8;8;8;8;8;8;8;8;8;8;78;78,0;78;78;78;78;78;78;78;78,0;78,0;78,0;1,000000000000000;1,000000000000000;1,000000000000000;1,000000000000000;1,000000000000000;1,000000000000000;1,000000000000000;1,000000000000000;1,000000000000000;1,000000000000000;1,000000000000000
2021-04-12;alle;12;12,0;12;12;12;12;12;12;12;12;12;12;145;145,0;145;145;145;145;145;145;145;145,0;145,0;145,0;NA;NA;NA;NA;NA;NA;NA;NA;NA;NA;NA
2021-04-11;0-60;11;11,0;11;11;11;11;11;11;11;11;11;11;NA;NA;NA;NA;NA;NA;NA;NA;NA;NA;NA;NA;1,000000000000000;1,000000000000000;1,000000000000000;1,000000000000000;1,000000000000000;1,000000000000000;1,000000000000000;1,000000000000000;1,000000000000000;1,000000000000000;1,000000000000000
2021-04-11;60+;5;5,0;5;5;5;5;5;5;5;5;5;5;NA;NA;NA;NA;NA;NA;NA;NA;NA;NA;NA;NA;1,000000000000000;1,000000000000000;1,000000000000000;1,000000000000000;1,000000000000000;1,000000000000000;1,000000000000000;1,000000000000000;1,000000000000000;1,000000000000000;1,000000000000000
2021-04-11;alle;16;16,0;16;16;16;16;16;16;16;16;16;16;NA;NA;NA;NA;NA;NA;NA;NA;NA;NA;NA;NA;NA;NA;NA;NA;NA;NA;NA;NA;NA;NA;NA
2021-04-10;0-60;10;10,0;10;10;10;10;10;10;10;10;10;10;NA;NA;NA;NA;NA;NA;NA;NA;NA;NA;NA;NA;1,000000000000000;1,000000000000000;1,000000000000000;1,000000000000000;1,000000000000000;1,000000000000000;1,000000000000000;1,000000000000000;1,000000000000000;1,000000000000000;1,000000000000000
2021-04-10;60+;11;11,0;11;11;11;11;11;11;11;11;11;11;NA;NA;NA;NA;NA;NA;NA;NA;NA;NA;NA;NA;1,000000000000000;1,000000000000000;1,000000000000000;1,000000000000000;1,000000000000000;1,000000000000000;1,000000000000000;1,000000000000000;1,000000000000000;1,000000000000000;1,000000000000000
2021-04-10;alle;21;21,0;21;21;21;21;21;21;21;21;21;21;NA;NA;NA;NA;NA;NA;NA;NA;NA;NA;NA;NA;NA;NA;NA;NA;NA;NA;NA;NA;NA;NA;NA
2021-04-09;0-60;13;13,0;13;13;13;13;13;13;13;13;13;13;NA;NA;NA;NA;NA;NA;NA;NA;NA;NA;NA;NA;1,000000000000000;1,000000000000000;1,000000000000000;1,000000000000000;1,000000000000000;1,000000000000000;1,000000000000000;1,000000000000000;1,000000000000000;1,000000000000000;1,000000000000000
2021-04-09;60+;9;9,0;9;9;9;9;9;9;9;9;9;9;NA;NA;NA;NA;NA;NA;NA;NA;NA;NA;NA;NA;1,000000000000000;1,000000000000000;1,000000000000000;1,000000000000000;1,000000000000000;1,000000000000000;1,000000000000000;1,000000000000000;1,000000000000000;1,000000000000000;1,000000000000000
2021-04-09;alle;22;22,0;22;22;22;22;22;22;22;22;22;22;NA;NA;NA;NA;NA;NA;NA;NA;NA;NA;NA;NA;NA;NA;NA;NA;NA;NA;NA;NA;NA;NA;NA
2021-04-08;0-60;16;16,0;16;16;16;16;16;16;16;16;16;16;NA;NA;NA;NA;NA;NA;NA;NA;NA;NA;NA;NA;1,000000000000000;1,000000000000000;1,000000000000000;1,000000000000000;1,000000000000000;1,000000000000000;1,000000000000000;1,000000000000000;1,000000000000000;1,000000000000000;1,000000000000000
2021-04-08;60+;17;17,0;17;17;17;17;17;17;17;17;17;17;NA;NA;NA;NA;NA;NA;NA;NA;NA;NA;NA;NA;1,000000000000000;1,000000000000000;1,000000000000000;1,000000000000000;1,000000000000000;1,000000000000000;1,000000000000000;1,000000000000000;1,000000000000000;1,000000000000000;1,000000000000000
2021-04-08;alle;33;33,0;33;33;33;33;33;33;33;33;33;33;NA;NA;NA;NA;NA;NA;NA;NA;NA;NA;NA;NA;NA;NA;NA;NA;NA;NA;NA;NA;NA;NA;NA
2021-04-07;0-60;6;6,0;6;6;6;6;6;6;6;6;6;6;NA;NA;NA;NA;NA;NA;NA;NA;NA;NA;NA;NA;1,000000000000000;1,000000000000000;1,000000000000000;1,000000000000000;1,000000000000000;1,000000000000000;1,000000000000000;1,000000000000000;1,000000000000000;1,000000000000000;1,000000000000000
2021-04-07;60+;19;19,0;19;19;19;19;19;19;19;19;19;19;NA;NA;NA;NA;NA;NA;NA;NA;NA;NA;NA;NA;1,000000000000000;1,000000000000000;1,000000000000000;1,000000000000000;1,000000000000000;1,000000000000000;1,000000000000000;1,000000000000000;1,000000000000000;1,000000000000000;1,000000000000000
2021-04-07;alle;25;25,0;25;25;25;25;25;25;25;25;25;25;NA;NA;NA;NA;NA;NA;NA;NA;NA;NA;NA;NA;NA;NA;NA;NA;NA;NA;NA;NA;NA;NA;NA
2021-04-06;0-60;7;7,0;7;7;7;7;7;7;7;7;7;7;NA;NA;NA;NA;NA;NA;NA;NA;NA;NA;NA;NA;1,000000000000000;1,000000000000000;1,000000000000000;1,000000000000000;1,000000000000000;1,000000000000000;1,000000000000000;1,000000000000000;1,000000000000000;1,000000000000000;1,000000000000000
2021-04-06;60+;9;9,0;9;9;9;9;9;9;9;9;9;9;NA;NA;NA;NA;NA;NA;NA;NA;NA;NA;NA;NA;1,000000000000000;1,000000000000000;1,000000000000000;1,000000000000000;1,000000000000000;1,000000000000000;1,000000000000000;1,000000000000000;1,000000000000000;1,000000000000000;1,000000000000000
2021-04-06;alle;16;16,0;16;16;16;16;16;16;16;16;16;16;NA;NA;NA;NA;NA;NA;NA;NA;NA;NA;NA;NA;NA;NA;NA;NA;NA;NA;NA;NA;NA;NA;NA
