date;age60;reported;nowcast_est;nowcast_0.025;nowcast_0.1;nowcast_0.25;nowcast_0.5;nowcast_0.75;nowcast_0.8;nowcast_0.85;nowcast_0.9;nowcast_0.95;nowcast_0.975;reported7;nowcast7_est;nowcast7_0.025;nowcast7_0.1;nowcast7_0.25;nowcast7_0.5;nowcast7_0.75;nowcast7_0.8;nowcast7_0.85;nowcast7_0.9;nowcast7_0.95;nowcast7_0.975;F_est;F_0.025;F_0.1;F_0.25;F_0.5;F_0.75;F_0.8;F_0.85;F_0.9;F_0.95;F_0.975
2024-03-22;0-60;0;0,0;0;0;0;0;0;0;0;0;0;0;0;0,0;0;0;0;0;0;0;0,0;0,0;0,0;0,0;0,978513374450014;0,999188869276474;0,997368948769013;0,992373165845230;0,975789592332727;0,924993123048522;0,902763888921721;0,868825408191102;0,801615264997048;0,674138842538930;0,543814393589883
2024-03-22;60+;0;0,0;0;0;0;0;0;0;0;0;0;0;3;3,3;3;3;3;3;4;4;4,4;4,9;5,7;6,1;0,983424621322188;0,999356491497289;0,997943791905166;0,994010309628999;0,982326617856716;0,945182923638333;0,928784392588002;0,903660149924255;0,859380764607883;0,773605646296290;0,681152679085338
2024-03-22;alle;0;0,0;0;0;0;0;0;0;0;0;0;0;3;3,3;3;3;3;3;4;4;4,4;4,9;5,7;6,1;NA;NA;NA;NA;NA;NA;NA;NA;NA;NA;NA
2024-03-21;0-60;0;0,0;0;0;0;0;0;0;0;0;0;0;0;0,0;0;0;0;0;0;0;0,0;0,0;0,0;0,0;0,967240391317919;0,998342115129844;0,994675145536935;0,986843840568391;0,962688872997465;0,891143225872264;0,858202217377104;0,810266607598938;0,731485123010368;0,576034124773307;0,417905874550846
2024-03-21;60+;0;0,0;0;0;0;0;0;0;0;0;0;0;4;4,3;4;4;4;4;5;5;5,5;6,0;6,9;7,4;0,945230742611332;0,996803658004831;0,990948901123784;0,977761894351460;0,941221987385569;0,847333933935211;0,807935429343243;0,754515015002751;0,677909293361996;0,534490365952141;0,384721978070801
2024-03-21;alle;0;0,0;0;0;0;0;0;0;0;0;0;0;4;4,3;4;4;4;4;5;5;5,5;6,0;6,9;7,4;NA;NA;NA;NA;NA;NA;NA;NA;NA;NA;NA
2024-03-20;0-60;0;0,0;0;0;0;0;0;0;0;0;0;0;0;0,0;0;0;0;0;0;0;0,0;0,0;0,0;0,0;0,995589913323478;0,999792401769370;0,999352723792186;0,998233113077097;0,994453535374030;0,981921004891284;0,976003674474391;0,967386802446690;0,952854539252372;0,910117153703555;0,833188493860773
2024-03-20;60+;2;2,0;2;2;2;2;2;2;2;2;3;3;5;5,3;5;5;5;5;6;6;6,6;7,4;8,5;9,2;0,991061584036756;0,999516376084418;0,998597235126952;0,996463874620734;0,989861061031338;0,971034601020994;0,963604868223409;0,951450972727074;0,930509070022941;0,884722591932181;0,829302872647720
2024-03-20;alle;2;2,0;2;2;2;2;2;2;2;2;3;3;5;5,3;5;5;5;5;6;6;6,6;7,4;8,5;9,2;NA;NA;NA;NA;NA;NA;NA;NA;NA;NA;NA
2024-03-19;0-60;0;0,0;0;0;0;0;0;0;0;0;0;0;0;0,0;0;0;0;0;0;0;0,0;0,0;0,0;0,0;0,997210112381386;0,999879657535957;0,999614876568348;0,998866472425113;0,996231293415668;0,987502853578032;0,982938886916634;0,975149487372405;0,962672509222340;0,930866753611470;0,872644324262337
2024-03-19;60+;0;0,0;0;0;0;0;0;0;0;0;0;0;4;4,3;4;4;4;4;5;5;5,5;6,0;6,9;7,4;0,994704374692027;0,999727915506292;0,999214624909003;0,997810481738019;0,993707384251421;0,981368995887426;0,975981920925796;0,966483744556890;0,950843763773362;0,917737895914131;0,863515275512932
2024-03-19;alle;0;0,0;0;0;0;0;0;0;0;0;0;0;4;4,3;4;4;4;4;5;5;5,5;6,0;6,9;7,4;NA;NA;NA;NA;NA;NA;NA;NA;NA;NA;NA
2024-03-18;0-60;0;0,0;0;0;0;0;0;0;0;0;0;0;1;1,0;1;1;1;1;1;1;1,0;1,0;1,0;1,0;0,849177243550605;0,982421277924666;0,959507510296437;0,910122649622440;0,798372145157452;0,589967044863859;0,526369717583148;0,447470863620356;0,339059326915595;0,194955494805706;0,110768950195471
2024-03-18;60+;1;1,3;1;1;1;1;2;2;3;3;5;7;4;4,3;4;4;4;4;5;5;5,5;6,0;6,9;7,4;0,770542281982319;0,956807520838197;0,918483454219640;0,854718283639745;0,735140948805479;0,557818602966202;0,507906362116258;0,442057639070939;0,357769678966496;0,247874781572237;0,159990102991523
2024-03-18;alle;1;1,3;1;1;1;1;2;2;3;3;5;7;5;5,3;5;5;5;5;6;6;6,6;7,0;8,1;8,7;NA;NA;NA;NA;NA;NA;NA;NA;NA;NA;NA
2024-03-17;0-60;0;0,0;0;0;0;0;0;0;0;0;0;0;1;1,0;1;1;1;1;1;1;1,0;1,0;1,0;1,0;0,935119429539281;0,996491062446861;0,987971118267877;0,968449533401480;0,905243428687847;0,738830160423516;0,678974814900068;0,596385322018022;0,484315244907800;0,288793885779819;0,158854662415919
2024-03-17;60+;0;0,0;0;0;0;0;0;0;0;0;0;0;3;3,0;3;3;3;3;3;3;3,0;3,0;3,0;3,2;0,910185533546568;0,996818167289197;0,988978813858653;0,966144191304593;0,881003996014220;0,658069798350344;0,563769107020017;0,440201102210054;0,307949145814354;0,139112915793429;0,050760032910166
2024-03-17;alle;0;0,0;0;0;0;0;0;0;0;0;0;0;4;4,0;4;4;4;4;4;4;4,0;4,0;4,0;4,3;NA;NA;NA;NA;NA;NA;NA;NA;NA;NA;NA
2024-03-16;0-60;0;0,0;0;0;0;0;0;0;0;0;0;0;1;1,0;1;1;1;1;1;1;1,0;1,0;1,0;1,0;0,998570573905597;0,999947126105482;0,999808167924105;0,999442447338659;0,997961775839180;0,992846227890171;0,990213006650720;0,985822909822872;0,976354345180628;0,949420009540652;0,909876233170704
2024-03-16;60+;0;0,0;0;0;0;0;0;0;0;0;0;0;3;3,0;3;3;3;3;3;3;3,0;3,0;3,0;3,2;0,998074375254298;0,999905114629376;0,999687226086019;0,999161698335561;0,997508285909182;0,992675642232495;0,990553306705725;0,986780814844592;0,980395072507415;0,963611128803003;0,939563504891754
2024-03-16;alle;0;0,0;0;0;0;0;0;0;0;0;0;0;4;4,0;4;4;4;4;4;4;4,0;4,0;4,0;4,3;NA;NA;NA;NA;NA;NA;NA;NA;NA;NA;NA
2024-03-15;0-60;0;0,0;0;0;0;0;0;0;0;0;0;0;1;1,0;1;1;1;1;1;1;1,0;1,0;1,0;1,0;0,998933725189379;0,999950776154211;0,999840497280621;0,999535591292381;0,998535941812982;0,995216828449040;0,993489178293805;0,990628897219701;0,986116415811716;0,973148508705258;0,946263174036357
2024-03-15;60+;1;1,0;1;1;1;1;1;1;1;1;1;1;3;3,0;3;3;3;3;3;3;3,0;3,0;3,0;3,2;0,998356433567512;0,999871777270450;0,999670345168191;0,999208533753935;0,997931122644020;0,994306949986340;0,992761129698956;0,990399149453435;0,986266835093771;0,977078578942907;0,964439663583167
2024-03-15;alle;1;1,0;1;1;1;1;1;1;1;1;1;1;4;4,0;4;4;4;4;4;4;4,0;4,0;4,0;4,3;NA;NA;NA;NA;NA;NA;NA;NA;NA;NA;NA
2024-03-14;0-60;0;0,0;0;0;0;0;0;0;0;0;0;0;1;1,0;1;1;1;1;1;1;1,0;1,0;1,0;1,0;0,995283621375912;0,999737729819786;0,999266718832925;0,998023251577402;0,994245665792482;0,982447849395086;0,976551053222927;0,966841541517024;0,949990502232036;0,905981084323255;0,847230318363104
2024-03-14;60+;1;1,0;1;1;1;1;1;1;1;1;1;2;2;2,0;2;2;2;2;2;2;2,0;2,0;2,0;2,1;0,991291728007928;0,998988082764288;0,997739702042982;0,995157016200068;0,988522288266199;0,974278778414992;0,967822715268024;0,960083921905797;0,945220888654884;0,910970474060027;0,875303636088660
2024-03-14;alle;1;1,0;1;1;1;1;1;1;1;1;1;2;3;3,0;3;3;3;3;3;3;3,0;3,0;3,0;3,2;NA;NA;NA;NA;NA;NA;NA;NA;NA;NA;NA
2024-03-13;0-60;0;0,0;0;0;0;0;0;0;0;0;0;0;2;2,0;2;2;2;2;2;2;2,0;2,0;2,0;2,0;0,999288163305248;0,999976275624485;0,999930008293135;0,999782177222244;0,999255172157638;0,997479292795618;0,996486785222679;0,994972626372106;0,991745927535353;0,983724644563246;0,970450547926822
2024-03-13;60+;1;1,0;1;1;1;1;1;1;1;1;1;1;2;2,0;2;2;2;2;2;2;2,0;2,0;2,0;2,1;0,998111541785002;0,999804845415451;0,999515676158187;0,998954806241511;0,997321567884503;0,993408566986349;0,991698986038342;0,989414557148434;0,985290111155710;0,976609648508254;0,964671271670759
2024-03-13;alle;1;1,0;1;1;1;1;1;1;1;1;1;1;4;4,0;4;4;4;4;4;4;4,0;4,0;4,0;4,3;NA;NA;NA;NA;NA;NA;NA;NA;NA;NA;NA
2024-03-12;0-60;1;1,0;1;1;1;1;1;1;1;1;1;1;2;2,0;2;2;2;2;2;2;2,0;2,0;2,0;2,0;0,999749602735934;0,999997214403473;0,999988174719375;0,999950282872191;0,999780688556236;0,998991626844159;0,998530557916683;0,997778493075363;0,995823251599704;0,989314087800471;0,978288012071049
2024-03-12;60+;0;0,0;0;0;0;0;0;0;0;0;0;0;1;1,0;1;1;1;1;1;1;1,0;1,0;1,0;1,0;0,998470689009515;0,999842835086539;0,999615243204652;0,999090257133384;0,997740629019174;0,994306750936588;0,992841809083473;0,990634432177947;0,986776874275150;0,978382402820891;0,965191835794511
2024-03-12;alle;1;1,0;1;1;1;1;1;1;1;1;1;1;3;3,0;3;3;3;3;3;3;3,0;3,0;3,0;3,2;NA;NA;NA;NA;NA;NA;NA;NA;NA;NA;NA
2024-03-11;0-60;0;0,0;0;0;0;0;0;0;0;0;0;0;1;1,0;1;1;1;1;1;1;1,0;1,0;1,0;1,0;0,995327209993147;0,999986746857670;0,999908086642419;0,999381125066753;0,994577488009378;0,959104145448030;0,932832204310069;0,885140663908223;0,799276168371790;0,610297789948534;0,417636551530366
2024-03-11;60+;0;0,0;0;0;0;0;0;0;0;0;0;0;2;2,0;2;2;2;2;2;2;2,0;2,0;2,0;2,1;0,907100759666616;0,988904047465014;0,972359595769864;0,942602560605535;0,872231756903427;0,721602753147633;0,669883796194305;0,608171076173471;0,506545899482443;0,345155373126161;0,212290064697817
2024-03-11;alle;0;0,0;0;0;0;0;0;0;0;0;0;0;3;3,0;3;3;3;3;3;3;3,0;3,0;3,0;3,2;NA;NA;NA;NA;NA;NA;NA;NA;NA;NA;NA
2024-03-10;0-60;0;0,0;0;0;0;0;0;0;0;0;0;0;1;1,0;1;1;1;1;1;1;1,0;1,0;1,0;1,0;0,999661063491869;0,999999944128960;0,999998664343463;0,999980685675511;0,999624079262527;0,993998413648507;0,988384400121070;0,974123397736986;0,935669097326904;0,810449775213084;0,614858548608985
2024-03-10;60+;0;0,0;0;0;0;0;0;0;0;0;0;0;2;2,0;2;2;2;2;2;2;2,0;2,0;2,0;2,1;0,957775696730385;0,997791526219128;0,993092150397554;0,980159693906553;0,936104989395193;0,810350868234010;0,763298136491212;0,685757854698093;0,563753145476749;0,361668559900130;0,210971961870953
2024-03-10;alle;0;0,0;0;0;0;0;0;0;0;0;0;0;3;3,0;3;3;3;3;3;3;3,0;3,0;3,0;3,2;NA;NA;NA;NA;NA;NA;NA;NA;NA;NA;NA
2024-03-09;0-60;0;0,0;0;0;0;0;0;0;0;0;0;0;1;1,0;1;1;1;1;1;1;1,0;1,0;1,0;1,0;0,999996568338882;0,999999999998231;0,999999999781155;0,999999987473163;0,999998902661576;0,999935471019191;0,999844827207499;0,999600470694369;0,998705576503146;0,994610594703726;0,983783684610348
2024-03-09;60+;0;0,0;0;0;0;0;0;0;0;0;0;0;2;2,0;2;2;2;2;2;2;2,0;2,0;2,0;2,1;0,998613636701749;0,999889666901750;0,999704236192051;0,999307425213632;0,998145642618368;0,994965278260727;0,993687148298345;0,991473495869525;0,987576683347160;0,979626923329396;0,968582407349155
2024-03-09;alle;0;0,0;0;0;0;0;0;0;0;0;0;0;3;3,0;3;3;3;3;3;3;3,0;3,0;3,0;3,2;NA;NA;NA;NA;NA;NA;NA;NA;NA;NA;NA
2024-03-08;0-60;0;0,0;0;0;0;0;0;0;0;0;0;0;1;1,0;1;1;1;1;1;1;1,0;1,0;1,0;1,0;0,999996963426066;0,999999999999997;0,999999999998945;0,999999999730270;0,999999888793028;0,999981805432968;0,999943910290617;0,999819601928601;0,999363685149349;0,996502608098069;0,988235135286156
2024-03-08;60+;0;0,0;0;0;0;0;0;0;0;0;0;0;2;2,0;2;2;2;2;2;2;2,0;2,0;2,0;2,1;0,998272782753156;0,999801427790853;0,999545446955205;0,999046851675127;0,997824789581510;0,995006653712444;0,993678249887210;0,991880658006729;0,988969445746667;0,982923539270255;0,974247036703431
2024-03-08;alle;0;0,0;0;0;0;0;0;0;0;0;0;0;3;3,0;3;3;3;3;3;3;3,0;3,0;3,0;3,2;NA;NA;NA;NA;NA;NA;NA;NA;NA;NA;NA
2024-03-07;0-60;1;1,0;1;1;1;1;1;1;1;1;1;1;1;1,0;1;1;1;1;1;1;1,0;1,0;1,0;1,0;0,999994516434621;1,000000000000000;0,999999999999977;0,999999999969373;0,999999949107029;0,999975979594145;0,999916700172762;0,999700057048710;0,998742619243090;0,992200652281852;0,976663874800398
2024-03-07;60+;1;1,0;1;1;1;1;1;1;1;1;1;1;3;3,0;3;3;3;3;3;3;3,0;3,0;3,0;3,2;0,989520599978437;0,998176485383758;0,996349835441754;0,993254505382416;0,986682851469266;0,973955998807743;0,969057784532851;0,962614053604063;0,952813067501243;0,930819093997792;0,905623937611722
2024-03-07;alle;2;2,0;2;2;2;2;2;2;2;2;2;2;4;4,0;4;4;4;4;4;4;4,0;4,0;4,0;4,3;NA;NA;NA;NA;NA;NA;NA;NA;NA;NA;NA
2024-03-06;0-60;0;0,0;0;0;0;0;0;0;0;0;0;0;0;0,0;0;0;0;0;0;0;0,0;0,0;0,0;0,0;0,999999999999995;1,000000000000000;1,000000000000000;1,000000000000000;0,999999999999996;0,999999999746752;0,999999997265294;0,999999954457406;0,999998921880538;0,999945575291878;0,999396385574302
2024-03-06;60+;0;0,0;0;0;0;0;0;0;0;0;0;0;3;3,0;3;3;3;3;3;3;3,0;3,0;3,0;3,0;0,997665016755783;0,999630612360390;0,999235396439381;0,998500283626370;0,996820255053362;0,993138257758003;0,991749998348397;0,989703310388928;0,986392735869222;0,979630625023349;0,969429230716166
2024-03-06;alle;0;0,0;0;0;0;0;0;0;0;0;0;0;3;3,0;3;3;3;3;3;3;3,0;3,0;3,0;3,0;NA;NA;NA;NA;NA;NA;NA;NA;NA;NA;NA
2024-03-05;0-60;0;0,0;0;0;0;0;0;0;0;0;0;0;0;0,0;0;0;0;0;0;0;0,0;0,0;0,0;0,0;0,999999999999995;1,000000000000000;1,000000000000000;1,000000000000000;1,000000000000000;0,999999999998623;0,999999999969111;0,999999998726948;0,999999914826031;0,999988662887729;0,999784435310061
2024-03-05;60+;1;1,0;1;1;1;1;1;1;1;1;1;1;4;4,0;4;4;4;4;4;4;4,0;4,0;4,0;4,3;0,998116071178084;0,999707668749458;0,999374466200963;0,998772400970612;0,997305945777010;0,994155254613196;0,992975996498497;0,991166965915689;0,988243584167102;0,981765756333927;0,972085762092538
2024-03-05;alle;1;1,0;1;1;1;1;1;1;1;1;1;1;4;4,0;4;4;4;4;4;4;4,0;4,0;4,0;4,3;NA;NA;NA;NA;NA;NA;NA;NA;NA;NA;NA
2024-03-04;0-60;0;0,0;0;0;0;0;0;0;0;0;0;0;2;2,0;2;2;2;2;2;2;2,0;2,0;2,0;2,0;0,999249095580019;1,000000000000000;1,000000000000000;0,999999999997299;0,999999898522795;0,999578145927613;0,997899642374527;0,990142112634566;0,951179332620185;0,795372643750046;0,604039785302656
2024-03-04;60+;0;0,0;0;0;0;0;0;0;0;0;0;0;6;6,0;6;6;6;6;6;6;6,0;6,0;6,0;6,0;0,897866352746309;0,992205805826701;0,978043098740301;0,945547032676442;0,864789522364583;0,667920455195331;0,599989416364539;0,511307343278354;0,391550527163361;0,233747210662095;0,123154574597172
2024-03-04;alle;0;0,0;0;0;0;0;0;0;0;0;0;0;8;8,0;8;8;8;8;8;8;8,0;8,0;8,0;8,0;NA;NA;NA;NA;NA;NA;NA;NA;NA;NA;NA
2024-03-03;0-60;0;0,0;0;0;0;0;0;0;0;0;0;0;2;2,0;2;2;2;2;2;2;2,0;2,0;2,0;2,0;0,999801692274364;1,000000000000000;1,000000000000000;0,999999999999633;0,999999980628504;0,999911758861459;0,999421669098148;0,997318176977514;0,987032938755770;0,916353084524374;0,732096639184517
2024-03-03;60+;0;0,0;0;0;0;0;0;0;0;0;0;0;6;6,0;6;6;6;6;6;6;6,0;6,0;6,0;6,0;0,960886272533858;0,997424776427319;0,991858433357188;0,979089157123509;0,941845786141855;0,843381971615448;0,801183707301153;0,738358163171578;0,636685003363409;0,475253693801618;0,314180119806513
2024-03-03;alle;0;0,0;0;0;0;0;0;0;0;0;0;0;8;8,0;8;8;8;8;8;8;8,0;8,0;8,0;8,0;NA;NA;NA;NA;NA;NA;NA;NA;NA;NA;NA
2024-03-02;0-60;0;0,0;0;0;0;0;0;0;0;0;0;0;2;2,0;2;2;2;2;2;2;2,0;2,0;2,0;2,0;0,999994484415608;1,000000000000000;1,000000000000000;0,999999999999994;0,999999999734368;0,999998068327788;0,999988247909025;0,999938989618251;0,999653927915927;0,997463529153052;0,990359436499663
2024-03-02;60+;0;0,0;0;0;0;0;0;0;0;0;0;0;6;6,0;6;6;6;6;6;6;6,0;6,0;6,0;6,0;0,998695168761633;0,999863027179238;0,999661926629857;0,999281865732428;0,998255030448144;0,995848653527326;0,994770590283965;0,993396848250978;0,990678468944414;0,985075720532752;0,976065936830294
2024-03-02;alle;0;0,0;0;0;0;0;0;0;0;0;0;0;8;8,0;8;8;8;8;8;8;8,0;8,0;8,0;8,0;NA;NA;NA;NA;NA;NA;NA;NA;NA;NA;NA
2024-03-01;0-60;0;0,0;0;0;0;0;0;0;0;0;0;0;2;2,0;2;2;2;2;2;2;2,0;2,0;2,0;2,0;0,999994755466470;1,000000000000000;1,000000000000000;0,999999999999997;0,999999999817132;0,999998247215084;0,999989877321444;0,999953903196777;0,999713176035414;0,997752480336565;0,991080639649055
2024-03-01;60+;1;1,0;1;1;1;1;1;1;1;1;1;1;9;9,0;9;9;9;9;9;9;9,0;9,0;9,0;9,0;0,998393501164724;0,999798038712391;0,999578985741137;0,999142193367882;0,998158319654000;0,995954014807306;0,995019050422089;0,993719675812531;0,991365762015501;0,986946357552598;0,980983499358437
2024-03-01;alle;1;1,0;1;1;1;1;1;1;1;1;1;1;11;11,0;11;11;11;11;11;11;11,0;11,0;11,0;11,0;NA;NA;NA;NA;NA;NA;NA;NA;NA;NA;NA
2024-02-29;0-60;0;0,0;0;0;0;0;0;0;0;0;0;0;2;2,0;2;2;2;2;2;2;2,0;2,0;2,0;2,0;0,999990518858963;1,000000000000000;1,000000000000000;0,999999999999996;0,999999999702958;0,999996952475620;0,999984928435895;0,999912627146764;0,999491298209894;0,995899170921192;0,983421633068786
2024-02-29;60+;1;1,0;1;1;1;1;1;1;1;1;1;1;9;9,0;9;9;9;9;9;9;9,0;9,0;9,0;9,0;0,993827129298761;0,999390430366966;0,998661071220729;0,997295801803878;0,994078754262940;0,987119763286789;0,984550688433555;0,980661767715329;0,973725905558510;0,958495280375736;0,936438904292765
2024-02-29;alle;1;1,0;1;1;1;1;1;1;1;1;1;1;11;11,0;11;11;11;11;11;11;11,0;11,0;11,0;11,0;NA;NA;NA;NA;NA;NA;NA;NA;NA;NA;NA
2024-02-28;0-60;0;0,0;0;0;0;0;0;0;0;0;0;0;2;2,0;2;2;2;2;2;2;2,0;2,0;2,0;2,0;0,999999999999996;1,000000000000000;1,000000000000000;1,000000000000000;1,000000000000000;1,000000000000000;1,000000000000000;1,000000000000000;1,000000000000000;0,999999999997210;0,999999968914156
2024-02-28;60+;1;1,0;1;1;1;1;1;1;1;1;1;1;8;8,0;8;8;8;8;8;8;8,0;8,0;8,0;8,0;0,999730269611349;0,999998541316726;0,999991049934702;0,999961646779709;0,999815484986423;0,999149886649826;0,998798974624611;0,998086593948975;0,996807842738405;0,993135504990865;0,986466621167182
2024-02-28;alle;1;1,0;1;1;1;1;1;1;1;1;1;1;10;10,0;10;10;10;10;10;10;10,0;10,0;10,0;10,0;NA;NA;NA;NA;NA;NA;NA;NA;NA;NA;NA
2024-02-27;0-60;2;2,0;2;2;2;2;2;2;2;2;2;2;2;2,0;2;2;2;2;2;2;2,0;2,0;2,0;2,0;0,999999999999996;1,000000000000000;1,000000000000000;1,000000000000000;1,000000000000000;1,000000000000000;1,000000000000000;1,000000000000000;0,999999999999997;0,999999999914568;0,999999881563383
2024-02-27;60+;3;3,0;3;3;3;3;3;3;3;3;3;3;9;9,0;9;9;9;9;9;9;9,0;9,0;9,0;9,0;0,999994254222209;0,999999999938910;0,999999996872244;0,999999924845418;0,999997362598868;0,999935676050973;0,999867693905124;0,999722626139057;0,999265605926173;0,997238256550425;0,992657970160754
2024-02-27;alle;5;5,0;5;5;5;5;5;5;5;5;5;5;11;11,0;11;11;11;11;11;11;11,0;11,0;11,0;11,0;NA;NA;NA;NA;NA;NA;NA;NA;NA;NA;NA
2024-02-26;0-60;0;0,0;0;0;0;0;0;0;0;0;0;0;0;0,0;0;0;0;0;0;0;0,0;0,0;0,0;0,0;0,998702358627182;1,000000000000000;1,000000000000000;0,999999999999738;0,999999975588058;0,999705197224017;0,998056675296972;0,988486888679687;0,945164654959092;0,725198822304097;0,504021454181854
2024-02-26;60+;0;0,0;0;0;0;0;0;0;0;0;0;0;8;8,0;8;8;8;8;8;8;8,0;8,0;8,0;8,0;0,999999228626827;1,000000000000000;0,999999999999624;0,999999999835555;0,999999834740436;0,999924700938480;0,999709721667315;0,998747449962398;0,993247512166210;0,928097067127901;0,740166266296122
2024-02-26;alle;0;0,0;0;0;0;0;0;0;0;0;0;0;8;8,0;8;8;8;8;8;8;8,0;8,0;8,0;8,0;NA;NA;NA;NA;NA;NA;NA;NA;NA;NA;NA
2024-02-25;0-60;0;0,0;0;0;0;0;0;0;0;0;0;0;0;0,0;0;0;0;0;0;0;0,0;0,0;0,0;0,0;0,999657165467119;1,000000000000000;1,000000000000000;0,999999999999924;0,999999993372103;0,999918915139017;0,999445955629562;0,997189349725953;0,985454038252934;0,898505712192286;0,691173077194727
2024-02-25;60+;0;0,0;0;0;0;0;0;0;0;0;0;0;8;8,0;8;8;8;8;8;8;8,0;8,0;8,0;8,0;0,999999999974114;1,000000000000000;1,000000000000000;1,000000000000000;0,999999999998034;0,999999937043729;0,999999462523606;0,999992795198384;0,999859972755632;0,995491432212884;0,961591237939038
2024-02-25;alle;0;0,0;0;0;0;0;0;0;0;0;0;0;8;8,0;8;8;8;8;8;8;8,0;8,0;8,0;8,0;NA;NA;NA;NA;NA;NA;NA;NA;NA;NA;NA
2024-02-24;0-60;0;0,0;0;0;0;0;0;0;0;0;0;0;0;0,0;0;0;0;0;0;0;0,0;0,0;0,0;0,0;0,999990463313666;1,000000000000000;1,000000000000000;0,999999999999998;0,999999999827453;0,999997883971318;0,999986487467926;0,999932811510021;0,999538837368234;0,996772049995859;0,988647526491330
2024-02-24;60+;3;3,0;3;3;3;3;3;3;3;3;3;3;8;8,0;8;8;8;8;8;8;8,0;8,0;8,0;8,0;0,999999999999997;1,000000000000000;1,000000000000000;1,000000000000000;1,000000000000000;0,999999999999863;0,999999999995481;0,999999999664664;0,999999951936412;0,999991147985197;0,999798410445611
2024-02-24;alle;3;3,0;3;3;3;3;3;3;3;3;3;3;8;8,0;8;8;8;8;8;8;8,0;8,0;8,0;8,0;NA;NA;NA;NA;NA;NA;NA;NA;NA;NA;NA
2024-02-23;0-60;0;0,0;0;0;0;0;0;0;0;0;0;0;0;0,0;0;0;0;0;0;0;0,0;0,0;0,0;0,0;0,999990931970654;1,000000000000000;1,000000000000000;0,999999999999999;0,999999999833869;0,999997747207180;0,999987398074410;0,999934506568869;0,999615004324746;0,997118043947397;0,988984191702041
2024-02-23;60+;1;1,0;1;1;1;1;1;1;1;1;1;1;8;8,0;8;8;8;8;8;8;8,0;8,0;8,0;8,0;0,999999999999997;1,000000000000000;1,000000000000000;1,000000000000000;1,000000000000000;1,000000000000000;1,000000000000000;0,999999999999943;0,999999999907893;0,999999841994986;0,999984418908559
2024-02-23;alle;1;1,0;1;1;1;1;1;1;1;1;1;1;8;8,0;8;8;8;8;8;8;8,0;8,0;8,0;8,0;NA;NA;NA;NA;NA;NA;NA;NA;NA;NA;NA
2024-02-22;0-60;0;0,0;0;0;0;0;0;0;0;0;0;0;0;0,0;0;0;0;0;0;0;0,0;0,0;0,0;0,0;0,999983606740401;1,000000000000000;1,000000000000000;0,999999999999997;0,999999999723859;0,999996211215126;0,999979755084944;0,999885185329353;0,999288259635163;0,994534975774358;0,979429332318387
2024-02-22;60+;0;0,0;0;0;0;0;0;0;0;0;0;0;7;7,0;7;7;7;7;7;7;7,0;7,0;7,0;7,0;0,999999999999998;1,000000000000000;1,000000000000000;1,000000000000000;1,000000000000000;1,000000000000000;1,000000000000000;1,000000000000000;0,999999999999838;0,999999992061971;0,999993843163620
2024-02-22;alle;0;0,0;0;0;0;0;0;0;0;0;0;0;7;7,0;7;7;7;7;7;7;7,0;7,0;7,0;7,0;NA;NA;NA;NA;NA;NA;NA;NA;NA;NA;NA
2024-02-21;0-60;0;0,0;0;0;0;0;0;0;0;0;0;0;0;0,0;0;0;0;0;0;0;0,0;0,0;0,0;0,0;0,999999999999998;1,000000000000000;1,000000000000000;1,000000000000000;1,000000000000000;1,000000000000000;1,000000000000000;1,000000000000000;1,000000000000000;0,999999999999996;0,999999999920777
2024-02-21;60+;2;2,0;2;2;2;2;2;2;2;2;2;2;8;8,0;8;8;8;8;8;8;8,0;8,0;8,0;8,0;0,999999999999998;1,000000000000000;1,000000000000000;1,000000000000000;1,000000000000000;1,000000000000000;1,000000000000000;1,000000000000000;1,000000000000000;0,999999999996988;0,999999933629091
2024-02-21;alle;2;2,0;2;2;2;2;2;2;2;2;2;2;8;8,0;8;8;8;8;8;8;8,0;8,0;8,0;8,0;NA;NA;NA;NA;NA;NA;NA;NA;NA;NA;NA
2024-02-20;0-60;0;0,0;0;0;0;0;0;0;0;0;0;0;1;1,0;1;1;1;1;1;1;1,0;1,0;1,0;1,0;0,999999999999998;1,000000000000000;1,000000000000000;1,000000000000000;1,000000000000000;1,000000000000000;1,000000000000000;1,000000000000000;0,999999999999999;0,999999999987125;0,999999989699764
2024-02-20;60+;2;2,0;2;2;2;2;2;2;2;2;2;2;9;9,0;9;9;9;9;9;9;9,0;9,0;9,0;9,0;0,999999999999998;1,000000000000000;1,000000000000000;1,000000000000000;1,000000000000000;1,000000000000000;1,000000000000000;1,000000000000000;1,000000000000000;0,999999999999998;0,999999999200237
2024-02-20;alle;2;2,0;2;2;2;2;2;2;2;2;2;2;10;10,0;10;10;10;10;10;10;10,0;10,0;10,0;10,0;NA;NA;NA;NA;NA;NA;NA;NA;NA;NA;NA
2024-02-19;0-60;0;0,0;0;0;0;0;0;0;0;0;0;0;2;2,0;2;2;2;2;2;2;2,0;2,0;2,0;2,0;0,997745301418350;1,000000000000000;1,000000000000000;0,999999999999658;0,999999964266984;0,999563400789744;0,997373114737025;0,981324379858377;0,915235186211115;0,599133768936039;0,382824586070492
2024-02-19;60+;0;0,0;0;0;0;0;0;0;0;0;0;0;9;9,0;9;9;9;9;9;9;9,0;9,0;9,0;9,0;0,999999999999998;1,000000000000000;1,000000000000000;1,000000000000000;1,000000000000000;1,000000000000000;1,000000000000000;1,000000000000000;1,000000000000000;1,000000000000000;0,999999999783159
2024-02-19;alle;0;0,0;0;0;0;0;0;0;0;0;0;0;11;11,0;11;11;11;11;11;11;11,0;11,0;11,0;11,0;NA;NA;NA;NA;NA;NA;NA;NA;NA;NA;NA
2024-02-18;0-60;0;0,0;0;0;0;0;0;0;0;0;0;0;2;2,0;2;2;2;2;2;2;2,0;2,0;2,0;2,0;0,999402728634584;1,000000000000000;1,000000000000000;0,999999999999909;0,999999990603261;0,999884460795865;0,999190738839500;0,995581383515588;0,977258563873458;0,843233753212355;0,601886681155776
2024-02-18;60+;0;0,0;0;0;0;0;0;0;0;0;0;0;9;9,0;9;9;9;9;9;9;9,0;9,0;9,0;9,0;0,999999999999998;1,000000000000000;1,000000000000000;1,000000000000000;1,000000000000000;1,000000000000000;1,000000000000000;1,000000000000000;1,000000000000000;1,000000000000000;0,999999999999872
2024-02-18;alle;0;0,0;0;0;0;0;0;0;0;0;0;0;11;11,0;11;11;11;11;11;11;11,0;11,0;11,0;11,0;NA;NA;NA;NA;NA;NA;NA;NA;NA;NA;NA
2024-02-17;0-60;0;0,0;0;0;0;0;0;0;0;0;0;0;3;3,0;3;3;3;3;3;3;3,0;3,0;3,0;3,0;0,999983349028086;1,000000000000000;1,000000000000000;0,999999999999998;0,999999999746725;0,999997236875763;0,999979843850065;0,999896896697547;0,999259212837696;0,994794480921590;0,981082749447127
2024-02-17;60+;3;3,0;3;3;3;3;3;3;3;3;3;3;9;9,0;9;9;9;9;9;9;9,0;9,0;9,0;9,0;0,999999999999999;1,000000000000000;1,000000000000000;1,000000000000000;1,000000000000000;1,000000000000000;1,000000000000000;1,000000000000000;1,000000000000000;1,000000000000000;1,000000000000000
2024-02-17;alle;3;3,0;3;3;3;3;3;3;3;3;3;3;12;12,0;12;12;12;12;12;12;12,0;12,0;12,0;12,0;NA;NA;NA;NA;NA;NA;NA;NA;NA;NA;NA
2024-02-16;0-60;0;0,0;0;0;0;0;0;0;0;0;0;0;4;4,0;4;4;4;4;4;4;4,0;4,0;4,0;4,0;0,999984136367569;1,000000000000000;1,000000000000000;0,999999999999998;0,999999999778451;0,999996953991179;0,999980557130493;0,999894198108283;0,999367645004748;0,995261432747902;0,981071232904935
2024-02-16;60+;0;0,0;0;0;0;0;0;0;0;0;0;0;11;11,0;11;11;11;11;11;11;11,0;11,0;11,0;11,0;0,999999999999999;1,000000000000000;1,000000000000000;1,000000000000000;1,000000000000000;1,000000000000000;1,000000000000000;1,000000000000000;1,000000000000000;1,000000000000000;1,000000000000000
2024-02-16;alle;0;0,0;0;0;0;0;0;0;0;0;0;0;15;15,0;15;15;15;15;15;15;15,0;15,0;15,0;15,0;NA;NA;NA;NA;NA;NA;NA;NA;NA;NA;NA
2024-02-15;0-60;0;0,0;0;0;0;0;0;0;0;0;0;0;5;5,0;5;5;5;5;5;5;5,0;5,0;5,0;5,0;0,999971265732991;1,000000000000000;1,000000000000000;0,999999999999996;0,999999999650376;0,999994789695340;0,999969862372033;0,999815804768404;0,998842488662018;0,991330691416419;0,966290778869443
2024-02-15;60+;1;1,0;1;1;1;1;1;1;1;1;1;1;14;14,0;14;14;14;14;14;14;14,0;14,0;14,0;14,0;0,999999999999999;1,000000000000000;1,000000000000000;1,000000000000000;1,000000000000000;1,000000000000000;1,000000000000000;1,000000000000000;1,000000000000000;1,000000000000000;1,000000000000000
2024-02-15;alle;1;1,0;1;1;1;1;1;1;1;1;1;1;19;19,0;19;19;19;19;19;19;19,0;19,0;19,0;19,0;NA;NA;NA;NA;NA;NA;NA;NA;NA;NA;NA
2024-02-14;0-60;1;1,0;1;1;1;1;1;1;1;1;1;1;6;6,0;6;6;6;6;6;6;6,0;6,0;6,0;6,0;0,999999999999999;1,000000000000000;1,000000000000000;1,000000000000000;1,000000000000000;1,000000000000000;1,000000000000000;1,000000000000000;1,000000000000000;0,999999999999999;0,999999999987552
2024-02-14;60+;3;3,0;3;3;3;3;3;3;3;3;3;3;16;16,0;16;16;16;16;16;16;16,0;16,0;16,0;16,0;0,999999999999999;1,000000000000000;1,000000000000000;1,000000000000000;1,000000000000000;1,000000000000000;1,000000000000000;1,000000000000000;1,000000000000000;1,000000000000000;1,000000000000000
2024-02-14;alle;4;4,0;4;4;4;4;4;4;4;4;4;4;22;22,0;22;22;22;22;22;22;22,0;22,0;22,0;22,0;NA;NA;NA;NA;NA;NA;NA;NA;NA;NA;NA
2024-02-13;0-60;1;1,0;1;1;1;1;1;1;1;1;1;1;7;7,0;7;7;7;7;7;7;7,0;7,0;7,0;7,0;1,000000000000000;1,000000000000000;1,000000000000000;1,000000000000000;1,000000000000000;1,000000000000000;1,000000000000000;1,000000000000000;0,999999999999999;0,999999999995609;0,999999997266756
2024-02-13;60+;2;2,0;2;2;2;2;2;2;2;2;2;2;15;15,0;15;15;15;15;15;15;15,0;15,0;15,0;15,0;1,000000000000000;1,000000000000000;1,000000000000000;1,000000000000000;1,000000000000000;1,000000000000000;1,000000000000000;1,000000000000000;1,000000000000000;1,000000000000000;1,000000000000000
2024-02-13;alle;3;3,0;3;3;3;3;3;3;3;3;3;3;22;22,0;22;22;22;22;22;22;22,0;22,0;22,0;22,0;NA;NA;NA;NA;NA;NA;NA;NA;NA;NA;NA
2024-02-12;0-60;0;0,0;0;0;0;0;0;0;0;0;0;0;6;6,0;6;6;6;6;6;6;6,0;6,0;6,0;6,0;0,996054590298274;1,000000000000000;1,000000000000000;0,999999999999554;0,999999950990634;0,999273692224251;0,995397151102974;0,969199613100185;0,859792912535582;0,457514606207085;0,266365750297140
2024-02-12;60+;0;0,0;0;0;0;0;0;0;0;0;0;0;13;13,0;13;13;13;13;13;13;13,0;13,0;13,0;13,0;1,000000000000000;1,000000000000000;1,000000000000000;1,000000000000000;1,000000000000000;1,000000000000000;1,000000000000000;1,000000000000000;1,000000000000000;1,000000000000000;1,000000000000000
2024-02-12;alle;0;0,0;0;0;0;0;0;0;0;0;0;0;19;19,0;19;19;19;19;19;19;19,0;19,0;19,0;19,0;NA;NA;NA;NA;NA;NA;NA;NA;NA;NA;NA
2024-02-11;0-60;1;1,0;1;1;1;1;1;1;1;1;1;1;6;6,0;6;6;6;6;6;6;6,0;6,0;6,0;6,0;1,000000000000000;1,000000000000000;1,000000000000000;1,000000000000000;1,000000000000000;1,000000000000000;1,000000000000000;1,000000000000000;1,000000000000000;1,000000000000000;1,000000000000000
2024-02-11;60+;0;0,0;0;0;0;0;0;0;0;0;0;0;13;13,0;13;13;13;13;13;13;13,0;13,0;13,0;13,0;1,000000000000000;1,000000000000000;1,000000000000000;1,000000000000000;1,000000000000000;1,000000000000000;1,000000000000000;1,000000000000000;1,000000000000000;1,000000000000000;1,000000000000000
2024-02-11;alle;1;1,0;1;1;1;1;1;1;1;1;1;1;19;19,0;19;19;19;19;19;19;19,0;19,0;19,0;19,0;1,000000000000000;1,000000000000000;1,000000000000000;1,000000000000000;1,000000000000000;1,000000000000000;1,000000000000000;1,000000000000000;1,000000000000000;1,000000000000000;1,000000000000000
2024-02-10;0-60;1;1,0;1;1;1;1;1;1;1;1;1;1;5;5,0;5;5;5;5;5;5;5,0;5,0;5,0;5,0;1,000000000000000;1,000000000000000;1,000000000000000;1,000000000000000;1,000000000000000;1,000000000000000;1,000000000000000;1,000000000000000;1,000000000000000;1,000000000000000;1,000000000000000
2024-02-10;60+;5;5,0;5;5;5;5;5;5;5;5;5;5;13;13,0;13;13;13;13;13;13;13,0;13,0;13,0;13,0;1,000000000000000;1,000000000000000;1,000000000000000;1,000000000000000;1,000000000000000;1,000000000000000;1,000000000000000;1,000000000000000;1,000000000000000;1,000000000000000;1,000000000000000
2024-02-10;alle;6;6,0;6;6;6;6;6;6;6;6;6;6;18;18,0;18;18;18;18;18;18;18,0;18,0;18,0;18,0;1,000000000000000;1,000000000000000;1,000000000000000;1,000000000000000;1,000000000000000;1,000000000000000;1,000000000000000;1,000000000000000;1,000000000000000;1,000000000000000;1,000000000000000
2024-02-09;0-60;1;1,0;1;1;1;1;1;1;1;1;1;1;4;4,0;4;4;4;4;4;4;4,0;4,0;4,0;4,0;1,000000000000000;1,000000000000000;1,000000000000000;1,000000000000000;1,000000000000000;1,000000000000000;1,000000000000000;1,000000000000000;1,000000000000000;1,000000000000000;1,000000000000000
2024-02-09;60+;3;3,0;3;3;3;3;3;3;3;3;3;3;8;8,0;8;8;8;8;8;8;8,0;8,0;8,0;8,0;1,000000000000000;1,000000000000000;1,000000000000000;1,000000000000000;1,000000000000000;1,000000000000000;1,000000000000000;1,000000000000000;1,000000000000000;1,000000000000000;1,000000000000000
2024-02-09;alle;4;4,0;4;4;4;4;4;4;4;4;4;4;12;12,0;12;12;12;12;12;12;12,0;12,0;12,0;12,0;1,000000000000000;1,000000000000000;1,000000000000000;1,000000000000000;1,000000000000000;1,000000000000000;1,000000000000000;1,000000000000000;1,000000000000000;1,000000000000000;1,000000000000000
2024-02-08;0-60;1;1,0;1;1;1;1;1;1;1;1;1;1;3;3,0;3;3;3;3;3;3;3,0;3,0;3,0;3,0;1,000000000000000;1,000000000000000;1,000000000000000;1,000000000000000;1,000000000000000;1,000000000000000;1,000000000000000;1,000000000000000;1,000000000000000;1,000000000000000;1,000000000000000
2024-02-08;60+;3;3,0;3;3;3;3;3;3;3;3;3;3;6;6,0;6;6;6;6;6;6;6,0;6,0;6,0;6,0;1,000000000000000;1,000000000000000;1,000000000000000;1,000000000000000;1,000000000000000;1,000000000000000;1,000000000000000;1,000000000000000;1,000000000000000;1,000000000000000;1,000000000000000
2024-02-08;alle;4;4,0;4;4;4;4;4;4;4;4;4;4;9;9,0;9;9;9;9;9;9;9,0;9,0;9,0;9,0;1,000000000000000;1,000000000000000;1,000000000000000;1,000000000000000;1,000000000000000;1,000000000000000;1,000000000000000;1,000000000000000;1,000000000000000;1,000000000000000;1,000000000000000
2024-02-07;0-60;2;2,0;2;2;2;2;2;2;2;2;2;2;2;2,0;2;2;2;2;2;2;2,0;2,0;2,0;2,0;1,000000000000000;1,000000000000000;1,000000000000000;1,000000000000000;1,000000000000000;1,000000000000000;1,000000000000000;1,000000000000000;1,000000000000000;1,000000000000000;1,000000000000000
2024-02-07;60+;2;2,0;2;2;2;2;2;2;2;2;2;2;5;5,0;5;5;5;5;5;5;5,0;5,0;5,0;5,0;1,000000000000000;1,000000000000000;1,000000000000000;1,000000000000000;1,000000000000000;1,000000000000000;1,000000000000000;1,000000000000000;1,000000000000000;1,000000000000000;1,000000000000000
2024-02-07;alle;4;4,0;4;4;4;4;4;4;4;4;4;4;7;7,0;7;7;7;7;7;7;7,0;7,0;7,0;7,0;1,000000000000000;1,000000000000000;1,000000000000000;1,000000000000000;1,000000000000000;1,000000000000000;1,000000000000000;1,000000000000000;1,000000000000000;1,000000000000000;1,000000000000000
2024-02-06;0-60;0;0,0;0;0;0;0;0;0;0;0;0;0;1;1,0;1;1;1;1;1;1;1,0;1,0;1,0;1,0;1,000000000000000;1,000000000000000;1,000000000000000;1,000000000000000;1,000000000000000;1,000000000000000;1,000000000000000;1,000000000000000;1,000000000000000;1,000000000000000;1,000000000000000
2024-02-06;60+;0;0,0;0;0;0;0;0;0;0;0;0;0;9;9,0;9;9;9;9;9;9;9,0;9,0;9,0;9,0;1,000000000000000;1,000000000000000;1,000000000000000;1,000000000000000;1,000000000000000;1,000000000000000;1,000000000000000;1,000000000000000;1,000000000000000;1,000000000000000;1,000000000000000
2024-02-06;alle;0;0,0;0;0;0;0;0;0;0;0;0;0;10;10,0;10;10;10;10;10;10;10,0;10,0;10,0;10,0;1,000000000000000;1,000000000000000;1,000000000000000;1,000000000000000;1,000000000000000;1,000000000000000;1,000000000000000;1,000000000000000;1,000000000000000;1,000000000000000;1,000000000000000
2024-02-05;0-60;0;0,0;0;0;0;0;0;0;0;0;0;0;1;1,0;1;1;1;1;1;1;1,0;1,0;1,0;1,0;1,000000000000000;1,000000000000000;1,000000000000000;1,000000000000000;1,000000000000000;1,000000000000000;1,000000000000000;1,000000000000000;1,000000000000000;1,000000000000000;1,000000000000000
2024-02-05;60+;0;0,0;0;0;0;0;0;0;0;0;0;0;9;9,0;9;9;9;9;9;9;9,0;9,0;9,0;9,0;1,000000000000000;1,000000000000000;1,000000000000000;1,000000000000000;1,000000000000000;1,000000000000000;1,000000000000000;1,000000000000000;1,000000000000000;1,000000000000000;1,000000000000000
2024-02-05;alle;0;0,0;0;0;0;0;0;0;0;0;0;0;10;10,0;10;10;10;10;10;10;10,0;10,0;10,0;10,0;1,000000000000000;1,000000000000000;1,000000000000000;1,000000000000000;1,000000000000000;1,000000000000000;1,000000000000000;1,000000000000000;1,000000000000000;1,000000000000000;1,000000000000000
2024-02-04;0-60;0;0,0;0;0;0;0;0;0;0;0;0;0;1;1,0;1;1;1;1;1;1;1,0;1,0;1,0;1,0;1,000000000000000;1,000000000000000;1,000000000000000;1,000000000000000;1,000000000000000;1,000000000000000;1,000000000000000;1,000000000000000;1,000000000000000;1,000000000000000;1,000000000000000
2024-02-04;60+;0;0,0;0;0;0;0;0;0;0;0;0;0;9;9,0;9;9;9;9;9;9;9,0;9,0;9,0;9,0;1,000000000000000;1,000000000000000;1,000000000000000;1,000000000000000;1,000000000000000;1,000000000000000;1,000000000000000;1,000000000000000;1,000000000000000;1,000000000000000;1,000000000000000
2024-02-04;alle;0;0,0;0;0;0;0;0;0;0;0;0;0;10;10,0;10;10;10;10;10;10;10,0;10,0;10,0;10,0;1,000000000000000;1,000000000000000;1,000000000000000;1,000000000000000;1,000000000000000;1,000000000000000;1,000000000000000;1,000000000000000;1,000000000000000;1,000000000000000;1,000000000000000
2024-02-03;0-60;0;0,0;0;0;0;0;0;0;0;0;0;0;1;1,0;1;1;1;1;1;1;1,0;1,0;1,0;1,0;1,000000000000000;1,000000000000000;1,000000000000000;1,000000000000000;1,000000000000000;1,000000000000000;1,000000000000000;1,000000000000000;1,000000000000000;1,000000000000000;1,000000000000000
2024-02-03;60+;0;0,0;0;0;0;0;0;0;0;0;0;0;9;9,0;9;9;9;9;9;9;9,0;9,0;9,0;9,0;1,000000000000000;1,000000000000000;1,000000000000000;1,000000000000000;1,000000000000000;1,000000000000000;1,000000000000000;1,000000000000000;1,000000000000000;1,000000000000000;1,000000000000000
2024-02-03;alle;0;0,0;0;0;0;0;0;0;0;0;0;0;10;10,0;10;10;10;10;10;10;10,0;10,0;10,0;10,0;1,000000000000000;1,000000000000000;1,000000000000000;1,000000000000000;1,000000000000000;1,000000000000000;1,000000000000000;1,000000000000000;1,000000000000000;1,000000000000000;1,000000000000000
2024-02-02;0-60;0;0,0;0;0;0;0;0;0;0;0;0;0;1;1,0;1;1;1;1;1;1;1,0;1,0;1,0;1,0;1,000000000000000;1,000000000000000;1,000000000000000;1,000000000000000;1,000000000000000;1,000000000000000;1,000000000000000;1,000000000000000;1,000000000000000;1,000000000000000;1,000000000000000
2024-02-02;60+;1;1,0;1;1;1;1;1;1;1;1;1;1;9;9,0;9;9;9;9;9;9;9,0;9,0;9,0;9,0;1,000000000000000;1,000000000000000;1,000000000000000;1,000000000000000;1,000000000000000;1,000000000000000;1,000000000000000;1,000000000000000;1,000000000000000;1,000000000000000;1,000000000000000
2024-02-02;alle;1;1,0;1;1;1;1;1;1;1;1;1;1;10;10,0;10;10;10;10;10;10;10,0;10,0;10,0;10,0;1,000000000000000;1,000000000000000;1,000000000000000;1,000000000000000;1,000000000000000;1,000000000000000;1,000000000000000;1,000000000000000;1,000000000000000;1,000000000000000;1,000000000000000
2024-02-01;0-60;0;0,0;0;0;0;0;0;0;0;0;0;0;1;1,0;1;1;1;1;1;1;1,0;1,0;1,0;1,0;1,000000000000000;1,000000000000000;1,000000000000000;1,000000000000000;1,000000000000000;1,000000000000000;1,000000000000000;1,000000000000000;1,000000000000000;1,000000000000000;1,000000000000000
2024-02-01;60+;2;2,0;2;2;2;2;2;2;2;2;2;2;9;9,0;9;9;9;9;9;9;9,0;9,0;9,0;9,0;1,000000000000000;1,000000000000000;1,000000000000000;1,000000000000000;1,000000000000000;1,000000000000000;1,000000000000000;1,000000000000000;1,000000000000000;1,000000000000000;1,000000000000000
2024-02-01;alle;2;2,0;2;2;2;2;2;2;2;2;2;2;10;10,0;10;10;10;10;10;10;10,0;10,0;10,0;10,0;1,000000000000000;1,000000000000000;1,000000000000000;1,000000000000000;1,000000000000000;1,000000000000000;1,000000000000000;1,000000000000000;1,000000000000000;1,000000000000000;1,000000000000000
2024-01-31;0-60;1;1,0;1;1;1;1;1;1;1;1;1;1;1;1,0;1;1;1;1;1;1;1,0;1,0;1,0;1,0;1,000000000000000;1,000000000000000;1,000000000000000;1,000000000000000;1,000000000000000;1,000000000000000;1,000000000000000;1,000000000000000;1,000000000000000;1,000000000000000;1,000000000000000
2024-01-31;60+;6;6,0;6;6;6;6;6;6;6;6;6;6;8;8,0;8;8;8;8;8;8;8,0;8,0;8,0;8,0;1,000000000000000;1,000000000000000;1,000000000000000;1,000000000000000;1,000000000000000;1,000000000000000;1,000000000000000;1,000000000000000;1,000000000000000;1,000000000000000;1,000000000000000
2024-01-31;alle;7;7,0;7;7;7;7;7;7;7;7;7;7;9;9,0;9;9;9;9;9;9;9,0;9,0;9,0;9,0;1,000000000000000;1,000000000000000;1,000000000000000;1,000000000000000;1,000000000000000;1,000000000000000;1,000000000000000;1,000000000000000;1,000000000000000;1,000000000000000;1,000000000000000
2024-01-30;0-60;0;0,0;0;0;0;0;0;0;0;0;0;0;1;1,0;1;1;1;1;1;1;1,0;1,0;1,0;1,0;1,000000000000000;1,000000000000000;1,000000000000000;1,000000000000000;1,000000000000000;1,000000000000000;1,000000000000000;1,000000000000000;1,000000000000000;1,000000000000000;1,000000000000000
2024-01-30;60+;0;0,0;0;0;0;0;0;0;0;0;0;0;10;10,0;10;10;10;10;10;10;10,0;10,0;10,0;10,0;1,000000000000000;1,000000000000000;1,000000000000000;1,000000000000000;1,000000000000000;1,000000000000000;1,000000000000000;1,000000000000000;1,000000000000000;1,000000000000000;1,000000000000000
2024-01-30;alle;0;0,0;0;0;0;0;0;0;0;0;0;0;11;11,0;11;11;11;11;11;11;11,0;11,0;11,0;11,0;1,000000000000000;1,000000000000000;1,000000000000000;1,000000000000000;1,000000000000000;1,000000000000000;1,000000000000000;1,000000000000000;1,000000000000000;1,000000000000000;1,000000000000000
2024-01-29;0-60;0;0,0;0;0;0;0;0;0;0;0;0;0;3;3,0;3;3;3;3;3;3;3,0;3,0;3,0;3,0;1,000000000000000;1,000000000000000;1,000000000000000;1,000000000000000;1,000000000000000;1,000000000000000;1,000000000000000;1,000000000000000;1,000000000000000;1,000000000000000;1,000000000000000
2024-01-29;60+;0;0,0;0;0;0;0;0;0;0;0;0;0;13;13,0;13;13;13;13;13;13;13,0;13,0;13,0;13,0;1,000000000000000;1,000000000000000;1,000000000000000;1,000000000000000;1,000000000000000;1,000000000000000;1,000000000000000;1,000000000000000;1,000000000000000;1,000000000000000;1,000000000000000
2024-01-29;alle;0;0,0;0;0;0;0;0;0;0;0;0;0;16;16,0;16;16;16;16;16;16;16,0;16,0;16,0;16,0;1,000000000000000;1,000000000000000;1,000000000000000;1,000000000000000;1,000000000000000;1,000000000000000;1,000000000000000;1,000000000000000;1,000000000000000;1,000000000000000;1,000000000000000
2024-01-28;0-60;0;0,0;0;0;0;0;0;0;0;0;0;0;3;3,0;3;3;3;3;3;3;3,0;3,0;3,0;3,0;1,000000000000000;1,000000000000000;1,000000000000000;1,000000000000000;1,000000000000000;1,000000000000000;1,000000000000000;1,000000000000000;1,000000000000000;1,000000000000000;1,000000000000000
2024-01-28;60+;0;0,0;0;0;0;0;0;0;0;0;0;0;13;13,0;13;13;13;13;13;13;13,0;13,0;13,0;13,0;1,000000000000000;1,000000000000000;1,000000000000000;1,000000000000000;1,000000000000000;1,000000000000000;1,000000000000000;1,000000000000000;1,000000000000000;1,000000000000000;1,000000000000000
2024-01-28;alle;0;0,0;0;0;0;0;0;0;0;0;0;0;16;16,0;16;16;16;16;16;16;16,0;16,0;16,0;16,0;1,000000000000000;1,000000000000000;1,000000000000000;1,000000000000000;1,000000000000000;1,000000000000000;1,000000000000000;1,000000000000000;1,000000000000000;1,000000000000000;1,000000000000000
2024-01-27;0-60;0;0,0;0;0;0;0;0;0;0;0;0;0;3;3,0;3;3;3;3;3;3;3,0;3,0;3,0;3,0;1,000000000000000;1,000000000000000;1,000000000000000;1,000000000000000;1,000000000000000;1,000000000000000;1,000000000000000;1,000000000000000;1,000000000000000;1,000000000000000;1,000000000000000
2024-01-27;60+;0;0,0;0;0;0;0;0;0;0;0;0;0;13;13,0;13;13;13;13;13;13;13,0;13,0;13,0;13,0;1,000000000000000;1,000000000000000;1,000000000000000;1,000000000000000;1,000000000000000;1,000000000000000;1,000000000000000;1,000000000000000;1,000000000000000;1,000000000000000;1,000000000000000
2024-01-27;alle;0;0,0;0;0;0;0;0;0;0;0;0;0;16;16,0;16;16;16;16;16;16;16,0;16,0;16,0;16,0;1,000000000000000;1,000000000000000;1,000000000000000;1,000000000000000;1,000000000000000;1,000000000000000;1,000000000000000;1,000000000000000;1,000000000000000;1,000000000000000;1,000000000000000
2024-01-26;0-60;0;0,0;0;0;0;0;0;0;0;0;0;0;5;5,0;5;5;5;5;5;5;5,0;5,0;5,0;5,0;1,000000000000000;1,000000000000000;1,000000000000000;1,000000000000000;1,000000000000000;1,000000000000000;1,000000000000000;1,000000000000000;1,000000000000000;1,000000000000000;1,000000000000000
2024-01-26;60+;1;1,0;1;1;1;1;1;1;1;1;1;1;20;20,0;20;20;20;20;20;20;20,0;20,0;20,0;20,0;1,000000000000000;1,000000000000000;1,000000000000000;1,000000000000000;1,000000000000000;1,000000000000000;1,000000000000000;1,000000000000000;1,000000000000000;1,000000000000000;1,000000000000000
2024-01-26;alle;1;1,0;1;1;1;1;1;1;1;1;1;1;25;25,0;25;25;25;25;25;25;25,0;25,0;25,0;25,0;1,000000000000000;1,000000000000000;1,000000000000000;1,000000000000000;1,000000000000000;1,000000000000000;1,000000000000000;1,000000000000000;1,000000000000000;1,000000000000000;1,000000000000000
2024-01-25;0-60;0;0,0;0;0;0;0;0;0;0;0;0;0;7;7,0;7;7;7;7;7;7;7,0;7,0;7,0;7,0;1,000000000000000;1,000000000000000;1,000000000000000;1,000000000000000;1,000000000000000;1,000000000000000;1,000000000000000;1,000000000000000;1,000000000000000;1,000000000000000;1,000000000000000
2024-01-25;60+;1;1,0;1;1;1;1;1;1;1;1;1;1;23;23,0;23;23;23;23;23;23;23,0;23,0;23,0;23,0;1,000000000000000;1,000000000000000;1,000000000000000;1,000000000000000;1,000000000000000;1,000000000000000;1,000000000000000;1,000000000000000;1,000000000000000;1,000000000000000;1,000000000000000
2024-01-25;alle;1;1,0;1;1;1;1;1;1;1;1;1;1;30;30,0;30;30;30;30;30;30;30,0;30,0;30,0;30,0;NA;NA;NA;NA;NA;NA;NA;NA;NA;NA;NA
2024-01-24;0-60;1;1,0;1;1;1;1;1;1;1;1;1;1;10;10,0;10;10;10;10;10;10;10,0;10,0;10,0;10,0;1,000000000000000;1,000000000000000;1,000000000000000;1,000000000000000;1,000000000000000;1,000000000000000;1,000000000000000;1,000000000000000;1,000000000000000;1,000000000000000;1,000000000000000
2024-01-24;60+;8;8,0;8;8;8;8;8;8;8;8;8;8;26;26,0;26;26;26;26;26;26;26,0;26,0;26,0;26,0;1,000000000000000;1,000000000000000;1,000000000000000;1,000000000000000;1,000000000000000;1,000000000000000;1,000000000000000;1,000000000000000;1,000000000000000;1,000000000000000;1,000000000000000
2024-01-24;alle;9;9,0;9;9;9;9;9;9;9;9;9;9;36;36,0;36;36;36;36;36;36;36,0;36,0;36,0;36,0;NA;NA;NA;NA;NA;NA;NA;NA;NA;NA;NA
2024-01-23;0-60;2;2,0;2;2;2;2;2;2;2;2;2;2;14;14,0;14;14;14;14;14;14;14,0;14,0;14,0;14,0;1,000000000000000;1,000000000000000;1,000000000000000;1,000000000000000;1,000000000000000;1,000000000000000;1,000000000000000;1,000000000000000;1,000000000000000;1,000000000000000;1,000000000000000
2024-01-23;60+;3;3,0;3;3;3;3;3;3;3;3;3;3;24;24,0;24;24;24;24;24;24;24,0;24,0;24,0;24,0;1,000000000000000;1,000000000000000;1,000000000000000;1,000000000000000;1,000000000000000;1,000000000000000;1,000000000000000;1,000000000000000;1,000000000000000;1,000000000000000;1,000000000000000
2024-01-23;alle;5;5,0;5;5;5;5;5;5;5;5;5;5;38;38,0;38;38;38;38;38;38;38,0;38,0;38,0;38,0;NA;NA;NA;NA;NA;NA;NA;NA;NA;NA;NA
2024-01-22;0-60;0;0,0;0;0;0;0;0;0;0;0;0;0;13;13,0;13;13;13;13;13;13;13,0;13,0;13,0;13,0;1,000000000000000;1,000000000000000;1,000000000000000;1,000000000000000;1,000000000000000;1,000000000000000;1,000000000000000;1,000000000000000;1,000000000000000;1,000000000000000;1,000000000000000
2024-01-22;60+;0;0,0;0;0;0;0;0;0;0;0;0;0;29;29,0;29;29;29;29;29;29;29,0;29,0;29,0;29,0;1,000000000000000;1,000000000000000;1,000000000000000;1,000000000000000;1,000000000000000;1,000000000000000;1,000000000000000;1,000000000000000;1,000000000000000;1,000000000000000;1,000000000000000
2024-01-22;alle;0;0,0;0;0;0;0;0;0;0;0;0;0;42;42,0;42;42;42;42;42;42;42,0;42,0;42,0;42,0;NA;NA;NA;NA;NA;NA;NA;NA;NA;NA;NA
2024-01-21;0-60;0;0,0;0;0;0;0;0;0;0;0;0;0;13;13,0;13;13;13;13;13;13;13,0;13,0;13,0;13,0;1,000000000000000;1,000000000000000;1,000000000000000;1,000000000000000;1,000000000000000;1,000000000000000;1,000000000000000;1,000000000000000;1,000000000000000;1,000000000000000;1,000000000000000
2024-01-21;60+;0;0,0;0;0;0;0;0;0;0;0;0;0;29;29,0;29;29;29;29;29;29;29,0;29,0;29,0;29,0;1,000000000000000;1,000000000000000;1,000000000000000;1,000000000000000;1,000000000000000;1,000000000000000;1,000000000000000;1,000000000000000;1,000000000000000;1,000000000000000;1,000000000000000
2024-01-21;alle;0;0,0;0;0;0;0;0;0;0;0;0;0;42;42,0;42;42;42;42;42;42;42,0;42,0;42,0;42,0;NA;NA;NA;NA;NA;NA;NA;NA;NA;NA;NA
2024-01-20;0-60;2;2,0;2;2;2;2;2;2;2;2;2;2;13;13,0;13;13;13;13;13;13;13,0;13,0;13,0;13,0;1,000000000000000;1,000000000000000;1,000000000000000;1,000000000000000;1,000000000000000;1,000000000000000;1,000000000000000;1,000000000000000;1,000000000000000;1,000000000000000;1,000000000000000
2024-01-20;60+;7;7,0;7;7;7;7;7;7;7;7;7;7;29;29,0;29;29;29;29;29;29;29,0;29,0;29,0;29,0;1,000000000000000;1,000000000000000;1,000000000000000;1,000000000000000;1,000000000000000;1,000000000000000;1,000000000000000;1,000000000000000;1,000000000000000;1,000000000000000;1,000000000000000
2024-01-20;alle;9;9,0;9;9;9;9;9;9;9;9;9;9;42;42,0;42;42;42;42;42;42;42,0;42,0;42,0;42,0;NA;NA;NA;NA;NA;NA;NA;NA;NA;NA;NA
2024-01-19;0-60;2;2,0;2;2;2;2;2;2;2;2;2;2;11;11,0;11;11;11;11;11;11;11,0;11,0;11,0;11,0;1,000000000000000;1,000000000000000;1,000000000000000;1,000000000000000;1,000000000000000;1,000000000000000;1,000000000000000;1,000000000000000;1,000000000000000;1,000000000000000;1,000000000000000
2024-01-19;60+;4;4,0;4;4;4;4;4;4;4;4;4;4;23;23,0;23;23;23;23;23;23;23,0;23,0;23,0;23,0;1,000000000000000;1,000000000000000;1,000000000000000;1,000000000000000;1,000000000000000;1,000000000000000;1,000000000000000;1,000000000000000;1,000000000000000;1,000000000000000;1,000000000000000
2024-01-19;alle;6;6,0;6;6;6;6;6;6;6;6;6;6;34;34,0;34;34;34;34;34;34;34,0;34,0;34,0;34,0;NA;NA;NA;NA;NA;NA;NA;NA;NA;NA;NA
2024-01-18;0-60;3;3,0;3;3;3;3;3;3;3;3;3;3;11;11,0;11;11;11;11;11;11;11,0;11,0;11,0;11,0;1,000000000000000;1,000000000000000;1,000000000000000;1,000000000000000;1,000000000000000;1,000000000000000;1,000000000000000;1,000000000000000;1,000000000000000;1,000000000000000;1,000000000000000
2024-01-18;60+;4;4,0;4;4;4;4;4;4;4;4;4;4;23;23,0;23;23;23;23;23;23;23,0;23,0;23,0;23,0;1,000000000000000;1,000000000000000;1,000000000000000;1,000000000000000;1,000000000000000;1,000000000000000;1,000000000000000;1,000000000000000;1,000000000000000;1,000000000000000;1,000000000000000
2024-01-18;alle;7;7,0;7;7;7;7;7;7;7;7;7;7;34;34,0;34;34;34;34;34;34;34,0;34,0;34,0;34,0;NA;NA;NA;NA;NA;NA;NA;NA;NA;NA;NA
2024-01-17;0-60;5;5,0;5;5;5;5;5;5;5;5;5;5;14;14,0;14;14;14;14;14;14;14,0;14,0;14,0;14,0;1,000000000000000;1,000000000000000;1,000000000000000;1,000000000000000;1,000000000000000;1,000000000000000;1,000000000000000;1,000000000000000;1,000000000000000;1,000000000000000;1,000000000000000
2024-01-17;60+;6;6,0;6;6;6;6;6;6;6;6;6;6;22;22,0;22;22;22;22;22;22;22,0;22,0;22,0;22,0;1,000000000000000;1,000000000000000;1,000000000000000;1,000000000000000;1,000000000000000;1,000000000000000;1,000000000000000;1,000000000000000;1,000000000000000;1,000000000000000;1,000000000000000
2024-01-17;alle;11;11,0;11;11;11;11;11;11;11;11;11;11;36;36,0;36;36;36;36;36;36;36,0;36,0;36,0;36,0;NA;NA;NA;NA;NA;NA;NA;NA;NA;NA;NA
2024-01-16;0-60;1;1,0;1;1;1;1;1;1;1;1;1;1;17;17,0;17;17;17;17;17;17;17,0;17,0;17,0;17,0;1,000000000000000;1,000000000000000;1,000000000000000;1,000000000000000;1,000000000000000;1,000000000000000;1,000000000000000;1,000000000000000;1,000000000000000;1,000000000000000;1,000000000000000
2024-01-16;60+;8;8,0;8;8;8;8;8;8;8;8;8;8;34;34,0;34;34;34;34;34;34;34,0;34,0;34,0;34,0;1,000000000000000;1,000000000000000;1,000000000000000;1,000000000000000;1,000000000000000;1,000000000000000;1,000000000000000;1,000000000000000;1,000000000000000;1,000000000000000;1,000000000000000
2024-01-16;alle;9;9,0;9;9;9;9;9;9;9;9;9;9;51;51,0;51;51;51;51;51;51;51,0;51,0;51,0;51,0;NA;NA;NA;NA;NA;NA;NA;NA;NA;NA;NA
2024-01-15;0-60;0;0,0;0;0;0;0;0;0;0;0;0;0;17;17,0;17;17;17;17;17;17;17,0;17,0;17,0;17,0;1,000000000000000;1,000000000000000;1,000000000000000;1,000000000000000;1,000000000000000;1,000000000000000;1,000000000000000;1,000000000000000;1,000000000000000;1,000000000000000;1,000000000000000
2024-01-15;60+;0;0,0;0;0;0;0;0;0;0;0;0;0;28;28,0;28;28;28;28;28;28;28,0;28,0;28,0;28,0;1,000000000000000;1,000000000000000;1,000000000000000;1,000000000000000;1,000000000000000;1,000000000000000;1,000000000000000;1,000000000000000;1,000000000000000;1,000000000000000;1,000000000000000
2024-01-15;alle;0;0,0;0;0;0;0;0;0;0;0;0;0;45;45,0;45;45;45;45;45;45;45,0;45,0;45,0;45,0;NA;NA;NA;NA;NA;NA;NA;NA;NA;NA;NA
2024-01-14;0-60;0;0,0;0;0;0;0;0;0;0;0;0;0;17;17,0;17;17;17;17;17;17;17,0;17,0;17,0;17,0;1,000000000000000;1,000000000000000;1,000000000000000;1,000000000000000;1,000000000000000;1,000000000000000;1,000000000000000;1,000000000000000;1,000000000000000;1,000000000000000;1,000000000000000
2024-01-14;60+;0;0,0;0;0;0;0;0;0;0;0;0;0;28;28,0;28;28;28;28;28;28;28,0;28,0;28,0;28,0;1,000000000000000;1,000000000000000;1,000000000000000;1,000000000000000;1,000000000000000;1,000000000000000;1,000000000000000;1,000000000000000;1,000000000000000;1,000000000000000;1,000000000000000
2024-01-14;alle;0;0,0;0;0;0;0;0;0;0;0;0;0;45;45,0;45;45;45;45;45;45;45,0;45,0;45,0;45,0;NA;NA;NA;NA;NA;NA;NA;NA;NA;NA;NA
2024-01-13;0-60;0;0,0;0;0;0;0;0;0;0;0;0;0;17;17,0;17;17;17;17;17;17;17,0;17,0;17,0;17,0;1,000000000000000;1,000000000000000;1,000000000000000;1,000000000000000;1,000000000000000;1,000000000000000;1,000000000000000;1,000000000000000;1,000000000000000;1,000000000000000;1,000000000000000
2024-01-13;60+;1;1,0;1;1;1;1;1;1;1;1;1;1;28;28,0;28;28;28;28;28;28;28,0;28,0;28,0;28,0;1,000000000000000;1,000000000000000;1,000000000000000;1,000000000000000;1,000000000000000;1,000000000000000;1,000000000000000;1,000000000000000;1,000000000000000;1,000000000000000;1,000000000000000
2024-01-13;alle;1;1,0;1;1;1;1;1;1;1;1;1;1;45;45,0;45;45;45;45;45;45;45,0;45,0;45,0;45,0;NA;NA;NA;NA;NA;NA;NA;NA;NA;NA;NA
2024-01-12;0-60;2;2,0;2;2;2;2;2;2;2;2;2;2;19;19,0;19;19;19;19;19;19;19,0;19,0;19,0;19,0;1,000000000000000;1,000000000000000;1,000000000000000;1,000000000000000;1,000000000000000;1,000000000000000;1,000000000000000;1,000000000000000;1,000000000000000;1,000000000000000;1,000000000000000
2024-01-12;60+;4;4,0;4;4;4;4;4;4;4;4;4;4;31;31,0;31;31;31;31;31;31;31,0;31,0;31,0;31,0;1,000000000000000;1,000000000000000;1,000000000000000;1,000000000000000;1,000000000000000;1,000000000000000;1,000000000000000;1,000000000000000;1,000000000000000;1,000000000000000;1,000000000000000
2024-01-12;alle;6;6,0;6;6;6;6;6;6;6;6;6;6;50;50,0;50;50;50;50;50;50;50,0;50,0;50,0;50,0;NA;NA;NA;NA;NA;NA;NA;NA;NA;NA;NA
2024-01-11;0-60;6;6,0;6;6;6;6;6;6;6;6;6;6;21;21,0;21;21;21;21;21;21;21,0;21,0;21,0;21,0;1,000000000000000;1,000000000000000;1,000000000000000;1,000000000000000;1,000000000000000;1,000000000000000;1,000000000000000;1,000000000000000;1,000000000000000;1,000000000000000;1,000000000000000
2024-01-11;60+;3;3,0;3;3;3;3;3;3;3;3;3;3;31;31,0;31;31;31;31;31;31;31,0;31,0;31,0;31,0;1,000000000000000;1,000000000000000;1,000000000000000;1,000000000000000;1,000000000000000;1,000000000000000;1,000000000000000;1,000000000000000;1,000000000000000;1,000000000000000;1,000000000000000
2024-01-11;alle;9;9,0;9;9;9;9;9;9;9;9;9;9;52;52,0;52;52;52;52;52;52;52,0;52,0;52,0;52,0;NA;NA;NA;NA;NA;NA;NA;NA;NA;NA;NA
2024-01-10;0-60;8;8,0;8;8;8;8;8;8;8;8;8;8;17;17,0;17;17;17;17;17;17;17,0;17,0;17,0;17,0;1,000000000000000;1,000000000000000;1,000000000000000;1,000000000000000;1,000000000000000;1,000000000000000;1,000000000000000;1,000000000000000;1,000000000000000;1,000000000000000;1,000000000000000
2024-01-10;60+;18;18,0;18;18;18;18;18;18;18;18;18;18;37;37,0;37;37;37;37;37;37;37,0;37,0;37,0;37,0;1,000000000000000;1,000000000000000;1,000000000000000;1,000000000000000;1,000000000000000;1,000000000000000;1,000000000000000;1,000000000000000;1,000000000000000;1,000000000000000;1,000000000000000
2024-01-10;alle;26;26,0;26;26;26;26;26;26;26;26;26;26;54;54,0;54;54;54;54;54;54;54,0;54,0;54,0;54,0;NA;NA;NA;NA;NA;NA;NA;NA;NA;NA;NA
2024-01-09;0-60;1;1,0;1;1;1;1;1;1;1;1;1;1;16;16,0;16;16;16;16;16;16;16,0;16,0;16,0;16,0;1,000000000000000;1,000000000000000;1,000000000000000;1,000000000000000;1,000000000000000;1,000000000000000;1,000000000000000;1,000000000000000;1,000000000000000;1,000000000000000;1,000000000000000
2024-01-09;60+;2;2,0;2;2;2;2;2;2;2;2;2;2;49;49,0;49;49;49;49;49;49;49,0;49,0;49,0;49,0;1,000000000000000;1,000000000000000;1,000000000000000;1,000000000000000;1,000000000000000;1,000000000000000;1,000000000000000;1,000000000000000;1,000000000000000;1,000000000000000;1,000000000000000
2024-01-09;alle;3;3,0;3;3;3;3;3;3;3;3;3;3;65;65,0;65;65;65;65;65;65;65,0;65,0;65,0;65,0;NA;NA;NA;NA;NA;NA;NA;NA;NA;NA;NA
2024-01-08;0-60;0;0,0;0;0;0;0;0;0;0;0;0;0;15;15,0;15;15;15;15;15;15;15,0;15,0;15,0;15,0;1,000000000000000;1,000000000000000;1,000000000000000;1,000000000000000;1,000000000000000;1,000000000000000;1,000000000000000;1,000000000000000;1,000000000000000;1,000000000000000;1,000000000000000
2024-01-08;60+;0;0,0;0;0;0;0;0;0;0;0;0;0;47;47,0;47;47;47;47;47;47;47,0;47,0;47,0;47,0;1,000000000000000;1,000000000000000;1,000000000000000;1,000000000000000;1,000000000000000;1,000000000000000;1,000000000000000;1,000000000000000;1,000000000000000;1,000000000000000;1,000000000000000
2024-01-08;alle;0;0,0;0;0;0;0;0;0;0;0;0;0;62;62,0;62;62;62;62;62;62;62,0;62,0;62,0;62,0;NA;NA;NA;NA;NA;NA;NA;NA;NA;NA;NA
2024-01-07;0-60;0;0,0;0;0;0;0;0;0;0;0;0;0;15;15,0;15;15;15;15;15;15;15,0;15,0;15,0;15,0;1,000000000000000;1,000000000000000;1,000000000000000;1,000000000000000;1,000000000000000;1,000000000000000;1,000000000000000;1,000000000000000;1,000000000000000;1,000000000000000;1,000000000000000
2024-01-07;60+;0;0,0;0;0;0;0;0;0;0;0;0;0;47;47,0;47;47;47;47;47;47;47,0;47,0;47,0;47,0;1,000000000000000;1,000000000000000;1,000000000000000;1,000000000000000;1,000000000000000;1,000000000000000;1,000000000000000;1,000000000000000;1,000000000000000;1,000000000000000;1,000000000000000
2024-01-07;alle;0;0,0;0;0;0;0;0;0;0;0;0;0;62;62,0;62;62;62;62;62;62;62,0;62,0;62,0;62,0;NA;NA;NA;NA;NA;NA;NA;NA;NA;NA;NA
2024-01-06;0-60;2;2,0;2;2;2;2;2;2;2;2;2;2;15;15,0;15;15;15;15;15;15;15,0;15,0;15,0;15,0;1,000000000000000;1,000000000000000;1,000000000000000;1,000000000000000;1,000000000000000;1,000000000000000;1,000000000000000;1,000000000000000;1,000000000000000;1,000000000000000;1,000000000000000
2024-01-06;60+;4;4,0;4;4;4;4;4;4;4;4;4;4;47;47,0;47;47;47;47;47;47;47,0;47,0;47,0;47,0;1,000000000000000;1,000000000000000;1,000000000000000;1,000000000000000;1,000000000000000;1,000000000000000;1,000000000000000;1,000000000000000;1,000000000000000;1,000000000000000;1,000000000000000
2024-01-06;alle;6;6,0;6;6;6;6;6;6;6;6;6;6;62;62,0;62;62;62;62;62;62;62,0;62,0;62,0;62,0;NA;NA;NA;NA;NA;NA;NA;NA;NA;NA;NA
2024-01-05;0-60;4;4,0;4;4;4;4;4;4;4;4;4;4;16;16,0;16;16;16;16;16;16;16,0;16,0;16,0;16,0;1,000000000000000;1,000000000000000;1,000000000000000;1,000000000000000;1,000000000000000;1,000000000000000;1,000000000000000;1,000000000000000;1,000000000000000;1,000000000000000;1,000000000000000
2024-01-05;60+;4;4,0;4;4;4;4;4;4;4;4;4;4;57;57,0;57;57;57;57;57;57;57,0;57,0;57,0;57,0;1,000000000000000;1,000000000000000;1,000000000000000;1,000000000000000;1,000000000000000;1,000000000000000;1,000000000000000;1,000000000000000;1,000000000000000;1,000000000000000;1,000000000000000
2024-01-05;alle;8;8,0;8;8;8;8;8;8;8;8;8;8;73;73,0;73;73;73;73;73;73;73,0;73,0;73,0;73,0;NA;NA;NA;NA;NA;NA;NA;NA;NA;NA;NA
2024-01-04;0-60;2;2,0;2;2;2;2;2;2;2;2;2;2;16;16,0;16;16;16;16;16;16;16,0;16,0;16,0;16,0;1,000000000000000;1,000000000000000;1,000000000000000;1,000000000000000;1,000000000000000;1,000000000000000;1,000000000000000;1,000000000000000;1,000000000000000;1,000000000000000;1,000000000000000
2024-01-04;60+;9;9,0;9;9;9;9;9;9;9;9;9;9;66;66,0;66;66;66;66;66;66;66,0;66,0;66,0;66,0;1,000000000000000;1,000000000000000;1,000000000000000;1,000000000000000;1,000000000000000;1,000000000000000;1,000000000000000;1,000000000000000;1,000000000000000;1,000000000000000;1,000000000000000
2024-01-04;alle;11;11,0;11;11;11;11;11;11;11;11;11;11;82;82,0;82;82;82;82;82;82;82,0;82,0;82,0;82,0;NA;NA;NA;NA;NA;NA;NA;NA;NA;NA;NA
2024-01-03;0-60;7;7,0;7;7;7;7;7;7;7;7;7;7;25;25,0;25;25;25;25;25;25;25,0;25,0;25,0;25,0;1,000000000000000;1,000000000000000;1,000000000000000;1,000000000000000;1,000000000000000;1,000000000000000;1,000000000000000;1,000000000000000;1,000000000000000;1,000000000000000;1,000000000000000
2024-01-03;60+;30;30,0;30;30;30;30;30;30;30;30;30;30;109;109,0;109;109;109;109;109;109;109,0;109,0;109,0;109,0;1,000000000000000;1,000000000000000;1,000000000000000;1,000000000000000;1,000000000000000;1,000000000000000;1,000000000000000;1,000000000000000;1,000000000000000;1,000000000000000;1,000000000000000
2024-01-03;alle;37;37,0;37;37;37;37;37;37;37;37;37;37;134;134,0;134;134;134;134;134;134;134,0;134,0;134,0;134,0;NA;NA;NA;NA;NA;NA;NA;NA;NA;NA;NA
2024-01-02;0-60;0;0,0;0;0;0;0;0;0;0;0;0;0;18;18,0;18;18;18;18;18;18;18,0;18,0;18,0;18,0;1,000000000000000;1,000000000000000;1,000000000000000;1,000000000000000;1,000000000000000;1,000000000000000;1,000000000000000;1,000000000000000;1,000000000000000;1,000000000000000;1,000000000000000
2024-01-02;60+;0;0,0;0;0;0;0;0;0;0;0;0;0;79;79,0;79;79;79;79;79;79;79,0;79,0;79,0;79,0;1,000000000000000;1,000000000000000;1,000000000000000;1,000000000000000;1,000000000000000;1,000000000000000;1,000000000000000;1,000000000000000;1,000000000000000;1,000000000000000;1,000000000000000
2024-01-02;alle;0;0,0;0;0;0;0;0;0;0;0;0;0;97;97,0;97;97;97;97;97;97;97,0;97,0;97,0;97,0;NA;NA;NA;NA;NA;NA;NA;NA;NA;NA;NA
2024-01-01;0-60;0;0,0;0;0;0;0;0;0;0;0;0;0;18;18,0;18;18;18;18;18;18;18,0;18,0;18,0;18,0;1,000000000000000;1,000000000000000;1,000000000000000;1,000000000000000;1,000000000000000;1,000000000000000;1,000000000000000;1,000000000000000;1,000000000000000;1,000000000000000;1,000000000000000
2024-01-01;60+;0;0,0;0;0;0;0;0;0;0;0;0;0;79;79,0;79;79;79;79;79;79;79,0;79,0;79,0;79,0;1,000000000000000;1,000000000000000;1,000000000000000;1,000000000000000;1,000000000000000;1,000000000000000;1,000000000000000;1,000000000000000;1,000000000000000;1,000000000000000;1,000000000000000
2024-01-01;alle;0;0,0;0;0;0;0;0;0;0;0;0;0;97;97,0;97;97;97;97;97;97;97,0;97,0;97,0;97,0;NA;NA;NA;NA;NA;NA;NA;NA;NA;NA;NA
2023-12-31;0-60;0;0,0;0;0;0;0;0;0;0;0;0;0;18;18,0;18;18;18;18;18;18;18,0;18,0;18,0;18,0;1,000000000000000;1,000000000000000;1,000000000000000;1,000000000000000;1,000000000000000;1,000000000000000;1,000000000000000;1,000000000000000;1,000000000000000;1,000000000000000;1,000000000000000
2023-12-31;60+;0;0,0;0;0;0;0;0;0;0;0;0;0;79;79,0;79;79;79;79;79;79;79,0;79,0;79,0;79,0;1,000000000000000;1,000000000000000;1,000000000000000;1,000000000000000;1,000000000000000;1,000000000000000;1,000000000000000;1,000000000000000;1,000000000000000;1,000000000000000;1,000000000000000
2023-12-31;alle;0;0,0;0;0;0;0;0;0;0;0;0;0;97;97,0;97;97;97;97;97;97;97,0;97,0;97,0;97,0;NA;NA;NA;NA;NA;NA;NA;NA;NA;NA;NA
2023-12-30;0-60;3;3,0;3;3;3;3;3;3;3;3;3;3;18;18,0;18;18;18;18;18;18;18,0;18,0;18,0;18,0;1,000000000000000;1,000000000000000;1,000000000000000;1,000000000000000;1,000000000000000;1,000000000000000;1,000000000000000;1,000000000000000;1,000000000000000;1,000000000000000;1,000000000000000
2023-12-30;60+;14;14,0;14;14;14;14;14;14;14;14;14;14;79;79,0;79;79;79;79;79;79;79,0;79,0;79,0;79,0;1,000000000000000;1,000000000000000;1,000000000000000;1,000000000000000;1,000000000000000;1,000000000000000;1,000000000000000;1,000000000000000;1,000000000000000;1,000000000000000;1,000000000000000
2023-12-30;alle;17;17,0;17;17;17;17;17;17;17;17;17;17;97;97,0;97;97;97;97;97;97;97,0;97,0;97,0;97,0;NA;NA;NA;NA;NA;NA;NA;NA;NA;NA;NA
2023-12-29;0-60;4;4,0;4;4;4;4;4;4;4;4;4;4;23;23,0;23;23;23;23;23;23;23,0;23,0;23,0;23,0;1,000000000000000;1,000000000000000;1,000000000000000;1,000000000000000;1,000000000000000;1,000000000000000;1,000000000000000;1,000000000000000;1,000000000000000;1,000000000000000;1,000000000000000
2023-12-29;60+;13;13,0;13;13;13;13;13;13;13;13;13;13;86;86,0;86;86;86;86;86;86;86,0;86,0;86,0;86,0;1,000000000000000;1,000000000000000;1,000000000000000;1,000000000000000;1,000000000000000;1,000000000000000;1,000000000000000;1,000000000000000;1,000000000000000;1,000000000000000;1,000000000000000
2023-12-29;alle;17;17,0;17;17;17;17;17;17;17;17;17;17;109;109,0;109;109;109;109;109;109;109,0;109,0;109,0;109,0;NA;NA;NA;NA;NA;NA;NA;NA;NA;NA;NA
2023-12-28;0-60;11;11,0;11;11;11;11;11;11;11;11;11;11;20;20,0;20;20;20;20;20;20;20,0;20,0;20,0;20,0;1,000000000000000;1,000000000000000;1,000000000000000;1,000000000000000;1,000000000000000;1,000000000000000;1,000000000000000;1,000000000000000;1,000000000000000;1,000000000000000;1,000000000000000
2023-12-28;60+;52;52,0;52;52;52;52;52;52;52;52;52;52;76;76,0;76;76;76;76;76;76;76,0;76,0;76,0;76,0;1,000000000000000;1,000000000000000;1,000000000000000;1,000000000000000;1,000000000000000;1,000000000000000;1,000000000000000;1,000000000000000;1,000000000000000;1,000000000000000;1,000000000000000
2023-12-28;alle;63;63,0;63;63;63;63;63;63;63;63;63;63;96;96,0;96;96;96;96;96;96;96,0;96,0;96,0;96,0;NA;NA;NA;NA;NA;NA;NA;NA;NA;NA;NA
2023-12-27;0-60;0;0,0;0;0;0;0;0;0;0;0;0;0;9;9,0;9;9;9;9;9;9;9,0;9,0;9,0;9,0;1,000000000000000;1,000000000000000;1,000000000000000;1,000000000000000;1,000000000000000;1,000000000000000;1,000000000000000;1,000000000000000;1,000000000000000;1,000000000000000;1,000000000000000
2023-12-27;60+;0;0,0;0;0;0;0;0;0;0;0;0;0;29;29,0;29;29;29;29;29;29;29,0;29,0;29,0;29,0;1,000000000000000;1,000000000000000;1,000000000000000;1,000000000000000;1,000000000000000;1,000000000000000;1,000000000000000;1,000000000000000;1,000000000000000;1,000000000000000;1,000000000000000
2023-12-27;alle;0;0,0;0;0;0;0;0;0;0;0;0;0;38;38,0;38;38;38;38;38;38;38,0;38,0;38,0;38,0;NA;NA;NA;NA;NA;NA;NA;NA;NA;NA;NA
2023-12-26;0-60;0;0,0;0;0;0;0;0;0;0;0;0;0;32;32,0;32;32;32;32;32;32;32,0;32,0;32,0;32,0;1,000000000000000;1,000000000000000;1,000000000000000;1,000000000000000;1,000000000000000;1,000000000000000;1,000000000000000;1,000000000000000;1,000000000000000;1,000000000000000;1,000000000000000
2023-12-26;60+;0;0,0;0;0;0;0;0;0;0;0;0;0;97;97,0;97;97;97;97;97;97;97,0;97,0;97,0;97,0;1,000000000000000;1,000000000000000;1,000000000000000;1,000000000000000;1,000000000000000;1,000000000000000;1,000000000000000;1,000000000000000;1,000000000000000;1,000000000000000;1,000000000000000
2023-12-26;alle;0;0,0;0;0;0;0;0;0;0;0;0;0;129;129,0;129;129;129;129;129;129;129,0;129,0;129,0;129,0;NA;NA;NA;NA;NA;NA;NA;NA;NA;NA;NA
2023-12-25;0-60;0;0,0;0;0;0;0;0;0;0;0;0;0;34;34,0;34;34;34;34;34;34;34,0;34,0;34,0;34,0;1,000000000000000;1,000000000000000;1,000000000000000;1,000000000000000;1,000000000000000;1,000000000000000;1,000000000000000;1,000000000000000;1,000000000000000;1,000000000000000;1,000000000000000
2023-12-25;60+;0;0,0;0;0;0;0;0;0;0;0;0;0;99;99,0;99;99;99;99;99;99;99,0;99,0;99,0;99,0;1,000000000000000;1,000000000000000;1,000000000000000;1,000000000000000;1,000000000000000;1,000000000000000;1,000000000000000;1,000000000000000;1,000000000000000;1,000000000000000;1,000000000000000
2023-12-25;alle;0;0,0;0;0;0;0;0;0;0;0;0;0;133;133,0;133;133;133;133;133;133;133,0;133,0;133,0;133,0;NA;NA;NA;NA;NA;NA;NA;NA;NA;NA;NA
2023-12-24;0-60;0;0,0;0;0;0;0;0;0;0;0;0;0;34;34,0;34;34;34;34;34;34;34,0;34,0;34,0;34,0;1,000000000000000;1,000000000000000;1,000000000000000;1,000000000000000;1,000000000000000;1,000000000000000;1,000000000000000;1,000000000000000;1,000000000000000;1,000000000000000;1,000000000000000
2023-12-24;60+;0;0,0;0;0;0;0;0;0;0;0;0;0;99;99,0;99;99;99;99;99;99;99,0;99,0;99,0;99,0;1,000000000000000;1,000000000000000;1,000000000000000;1,000000000000000;1,000000000000000;1,000000000000000;1,000000000000000;1,000000000000000;1,000000000000000;1,000000000000000;1,000000000000000
2023-12-24;alle;0;0,0;0;0;0;0;0;0;0;0;0;0;133;133,0;133;133;133;133;133;133;133,0;133,0;133,0;133,0;NA;NA;NA;NA;NA;NA;NA;NA;NA;NA;NA
2023-12-23;0-60;8;8,0;8;8;8;8;8;8;8;8;8;8;34;34,0;34;34;34;34;34;34;34,0;34,0;34,0;34,0;1,000000000000000;1,000000000000000;1,000000000000000;1,000000000000000;1,000000000000000;1,000000000000000;1,000000000000000;1,000000000000000;1,000000000000000;1,000000000000000;1,000000000000000
2023-12-23;60+;21;21,0;21;21;21;21;21;21;21;21;21;21;99;99,0;99;99;99;99;99;99;99,0;99,0;99,0;99,0;1,000000000000000;1,000000000000000;1,000000000000000;1,000000000000000;1,000000000000000;1,000000000000000;1,000000000000000;1,000000000000000;1,000000000000000;1,000000000000000;1,000000000000000
2023-12-23;alle;29;29,0;29;29;29;29;29;29;29;29;29;29;133;133,0;133;133;133;133;133;133;133,0;133,0;133,0;133,0;NA;NA;NA;NA;NA;NA;NA;NA;NA;NA;NA
2023-12-22;0-60;1;1,0;1;1;1;1;1;1;1;1;1;1;34;34,0;34;34;34;34;34;34;34,0;34,0;34,0;34,0;1,000000000000000;1,000000000000000;1,000000000000000;1,000000000000000;1,000000000000000;1,000000000000000;1,000000000000000;1,000000000000000;1,000000000000000;1,000000000000000;1,000000000000000
2023-12-22;60+;3;3,0;3;3;3;3;3;3;3;3;3;3;100;100,0;100;100;100;100;100;100;100,0;100,0;100,0;100,0;1,000000000000000;1,000000000000000;1,000000000000000;1,000000000000000;1,000000000000000;1,000000000000000;1,000000000000000;1,000000000000000;1,000000000000000;1,000000000000000;1,000000000000000
2023-12-22;alle;4;4,0;4;4;4;4;4;4;4;4;4;4;134;134,0;134;134;134;134;134;134;134,0;134,0;134,0;134,0;NA;NA;NA;NA;NA;NA;NA;NA;NA;NA;NA
2023-12-21;0-60;0;0,0;0;0;0;0;0;0;0;0;0;0;42;42,0;42;42;42;42;42;42;42,0;42,0;42,0;42,0;1,000000000000000;1,000000000000000;1,000000000000000;1,000000000000000;1,000000000000000;1,000000000000000;1,000000000000000;1,000000000000000;1,000000000000000;1,000000000000000;1,000000000000000
2023-12-21;60+;5;5,0;5;5;5;5;5;5;5;5;5;5;114;114,0;114;114;114;114;114;114;114,0;114,0;114,0;114,0;1,000000000000000;1,000000000000000;1,000000000000000;1,000000000000000;1,000000000000000;1,000000000000000;1,000000000000000;1,000000000000000;1,000000000000000;1,000000000000000;1,000000000000000
2023-12-21;alle;5;5,0;5;5;5;5;5;5;5;5;5;5;156;156,0;156;156;156;156;156;156;156,0;156,0;156,0;156,0;NA;NA;NA;NA;NA;NA;NA;NA;NA;NA;NA
2023-12-20;0-60;23;23,0;23;23;23;23;23;23;23;23;23;23;49;49,0;49;49;49;49;49;49;49,0;49,0;49,0;49,0;1,000000000000000;1,000000000000000;1,000000000000000;1,000000000000000;1,000000000000000;1,000000000000000;1,000000000000000;1,000000000000000;1,000000000000000;1,000000000000000;1,000000000000000
2023-12-20;60+;68;68,0;68;68;68;68;68;68;68;68;68;68;127;127,0;127;127;127;127;127;127;127,0;127,0;127,0;127,0;1,000000000000000;1,000000000000000;1,000000000000000;1,000000000000000;1,000000000000000;1,000000000000000;1,000000000000000;1,000000000000000;1,000000000000000;1,000000000000000;1,000000000000000
2023-12-20;alle;91;91,0;91;91;91;91;91;91;91;91;91;91;176;176,0;176;176;176;176;176;176;176,0;176,0;176,0;176,0;NA;NA;NA;NA;NA;NA;NA;NA;NA;NA;NA
2023-12-19;0-60;2;2,0;2;2;2;2;2;2;2;2;2;2;42;42,0;42;42;42;42;42;42;42,0;42,0;42,0;42,0;1,000000000000000;1,000000000000000;1,000000000000000;1,000000000000000;1,000000000000000;1,000000000000000;1,000000000000000;1,000000000000000;1,000000000000000;1,000000000000000;1,000000000000000
2023-12-19;60+;2;2,0;2;2;2;2;2;2;2;2;2;2;75;75,0;75;75;75;75;75;75;75,0;75,0;75,0;75,0;1,000000000000000;1,000000000000000;1,000000000000000;1,000000000000000;1,000000000000000;1,000000000000000;1,000000000000000;1,000000000000000;1,000000000000000;1,000000000000000;1,000000000000000
2023-12-19;alle;4;4,0;4;4;4;4;4;4;4;4;4;4;117;117,0;117;117;117;117;117;117;117,0;117,0;117,0;117,0;NA;NA;NA;NA;NA;NA;NA;NA;NA;NA;NA
2023-12-18;0-60;0;0,0;0;0;0;0;0;0;0;0;0;0;46;46,0;46;46;46;46;46;46;46,0;46,0;46,0;46,0;1,000000000000000;1,000000000000000;1,000000000000000;1,000000000000000;1,000000000000000;1,000000000000000;1,000000000000000;1,000000000000000;1,000000000000000;1,000000000000000;1,000000000000000
2023-12-18;60+;0;0,0;0;0;0;0;0;0;0;0;0;0;98;98,0;98;98;98;98;98;98;98,0;98,0;98,0;98,0;1,000000000000000;1,000000000000000;1,000000000000000;1,000000000000000;1,000000000000000;1,000000000000000;1,000000000000000;1,000000000000000;1,000000000000000;1,000000000000000;1,000000000000000
2023-12-18;alle;0;0,0;0;0;0;0;0;0;0;0;0;0;144;144,0;144;144;144;144;144;144;144,0;144,0;144,0;144,0;NA;NA;NA;NA;NA;NA;NA;NA;NA;NA;NA
2023-12-17;0-60;0;0,0;0;0;0;0;0;0;0;0;0;0;46;46,0;46;46;46;46;46;46;46,0;46,0;46,0;46,0;1,000000000000000;1,000000000000000;1,000000000000000;1,000000000000000;1,000000000000000;1,000000000000000;1,000000000000000;1,000000000000000;1,000000000000000;1,000000000000000;1,000000000000000
2023-12-17;60+;0;0,0;0;0;0;0;0;0;0;0;0;0;98;98,0;98;98;98;98;98;98;98,0;98,0;98,0;98,0;1,000000000000000;1,000000000000000;1,000000000000000;1,000000000000000;1,000000000000000;1,000000000000000;1,000000000000000;1,000000000000000;1,000000000000000;1,000000000000000;1,000000000000000
2023-12-17;alle;0;0,0;0;0;0;0;0;0;0;0;0;0;144;144,0;144;144;144;144;144;144;144,0;144,0;144,0;144,0;NA;NA;NA;NA;NA;NA;NA;NA;NA;NA;NA
2023-12-16;0-60;8;8,0;8;8;8;8;8;8;8;8;8;8;46;46,0;46;46;46;46;46;46;46,0;46,0;46,0;46,0;1,000000000000000;1,000000000000000;1,000000000000000;1,000000000000000;1,000000000000000;1,000000000000000;1,000000000000000;1,000000000000000;1,000000000000000;1,000000000000000;1,000000000000000
2023-12-16;60+;22;22,0;22;22;22;22;22;22;22;22;22;22;98;98,0;98;98;98;98;98;98;98,0;98,0;98,0;98,0;1,000000000000000;1,000000000000000;1,000000000000000;1,000000000000000;1,000000000000000;1,000000000000000;1,000000000000000;1,000000000000000;1,000000000000000;1,000000000000000;1,000000000000000
2023-12-16;alle;30;30,0;30;30;30;30;30;30;30;30;30;30;144;144,0;144;144;144;144;144;144;144,0;144,0;144,0;144,0;NA;NA;NA;NA;NA;NA;NA;NA;NA;NA;NA
2023-12-15;0-60;9;9,0;9;9;9;9;9;9;9;9;9;9;45;45,0;45;45;45;45;45;45;45,0;45,0;45,0;45,0;1,000000000000000;1,000000000000000;1,000000000000000;1,000000000000000;1,000000000000000;1,000000000000000;1,000000000000000;1,000000000000000;1,000000000000000;1,000000000000000;1,000000000000000
2023-12-15;60+;17;17,0;17;17;17;17;17;17;17;17;17;17;90;90,0;90;90;90;90;90;90;90,0;90,0;90,0;90,0;1,000000000000000;1,000000000000000;1,000000000000000;1,000000000000000;1,000000000000000;1,000000000000000;1,000000000000000;1,000000000000000;1,000000000000000;1,000000000000000;1,000000000000000
2023-12-15;alle;26;26,0;26;26;26;26;26;26;26;26;26;26;135;135,0;135;135;135;135;135;135;135,0;135,0;135,0;135,0;NA;NA;NA;NA;NA;NA;NA;NA;NA;NA;NA
2023-12-14;0-60;7;7,0;7;7;7;7;7;7;7;7;7;7;41;41,0;41;41;41;41;41;41;41,0;41,0;41,0;41,0;1,000000000000000;1,000000000000000;1,000000000000000;1,000000000000000;1,000000000000000;1,000000000000000;1,000000000000000;1,000000000000000;1,000000000000000;1,000000000000000;1,000000000000000
2023-12-14;60+;18;18,0;18;18;18;18;18;18;18;18;18;18;84;84,0;84;84;84;84;84;84;84,0;84,0;84,0;84,0;1,000000000000000;1,000000000000000;1,000000000000000;1,000000000000000;1,000000000000000;1,000000000000000;1,000000000000000;1,000000000000000;1,000000000000000;1,000000000000000;1,000000000000000
2023-12-14;alle;25;25,0;25;25;25;25;25;25;25;25;25;25;125;125,0;125;125;125;125;125;125;125,0;125,0;125,0;125,0;NA;NA;NA;NA;NA;NA;NA;NA;NA;NA;NA
2023-12-13;0-60;16;16,0;16;16;16;16;16;16;16;16;16;16;41;41,0;41;41;41;41;41;41;41,0;41,0;41,0;41,0;1,000000000000000;1,000000000000000;1,000000000000000;1,000000000000000;1,000000000000000;1,000000000000000;1,000000000000000;1,000000000000000;1,000000000000000;1,000000000000000;1,000000000000000
2023-12-13;60+;16;16,0;16;16;16;16;16;16;16;16;16;16;94;94,0;94;94;94;94;94;94;94,0;94,0;94,0;94,0;1,000000000000000;1,000000000000000;1,000000000000000;1,000000000000000;1,000000000000000;1,000000000000000;1,000000000000000;1,000000000000000;1,000000000000000;1,000000000000000;1,000000000000000
2023-12-13;alle;32;32,0;32;32;32;32;32;32;32;32;32;32;135;135,0;135;135;135;135;135;135;135,0;135,0;135,0;135,0;NA;NA;NA;NA;NA;NA;NA;NA;NA;NA;NA
2023-12-12;0-60;6;6,0;6;6;6;6;6;6;6;6;6;6;28;28,0;28;28;28;28;28;28;28,0;28,0;28,0;28,0;1,000000000000000;1,000000000000000;1,000000000000000;1,000000000000000;1,000000000000000;1,000000000000000;1,000000000000000;1,000000000000000;1,000000000000000;1,000000000000000;1,000000000000000
2023-12-12;60+;25;25,0;25;25;25;25;25;25;25;25;25;25;96;96,0;96;96;96;96;96;96;96,0;96,0;96,0;96,0;1,000000000000000;1,000000000000000;1,000000000000000;1,000000000000000;1,000000000000000;1,000000000000000;1,000000000000000;1,000000000000000;1,000000000000000;1,000000000000000;1,000000000000000
2023-12-12;alle;31;31,0;31;31;31;31;31;31;31;31;31;31;124;124,0;124;124;124;124;124;124;124,0;124,0;124,0;124,0;NA;NA;NA;NA;NA;NA;NA;NA;NA;NA;NA
2023-12-11;0-60;0;0,0;0;0;0;0;0;0;0;0;0;0;23;23,0;23;23;23;23;23;23;23,0;23,0;23,0;23,0;1,000000000000000;1,000000000000000;1,000000000000000;1,000000000000000;1,000000000000000;1,000000000000000;1,000000000000000;1,000000000000000;1,000000000000000;1,000000000000000;1,000000000000000
2023-12-11;60+;0;0,0;0;0;0;0;0;0;0;0;0;0;89;89,0;89;89;89;89;89;89;89,0;89,0;89,0;89,0;1,000000000000000;1,000000000000000;1,000000000000000;1,000000000000000;1,000000000000000;1,000000000000000;1,000000000000000;1,000000000000000;1,000000000000000;1,000000000000000;1,000000000000000
2023-12-11;alle;0;0,0;0;0;0;0;0;0;0;0;0;0;112;112,0;112;112;112;112;112;112;112,0;112,0;112,0;112,0;NA;NA;NA;NA;NA;NA;NA;NA;NA;NA;NA
2023-12-10;0-60;0;0,0;0;0;0;0;0;0;0;0;0;0;23;23,0;23;23;23;23;23;23;23,0;23,0;23,0;23,0;1,000000000000000;1,000000000000000;1,000000000000000;1,000000000000000;1,000000000000000;1,000000000000000;1,000000000000000;1,000000000000000;1,000000000000000;1,000000000000000;1,000000000000000
2023-12-10;60+;0;0,0;0;0;0;0;0;0;0;0;0;0;89;89,0;89;89;89;89;89;89;89,0;89,0;89,0;89,0;1,000000000000000;1,000000000000000;1,000000000000000;1,000000000000000;1,000000000000000;1,000000000000000;1,000000000000000;1,000000000000000;1,000000000000000;1,000000000000000;1,000000000000000
2023-12-10;alle;0;0,0;0;0;0;0;0;0;0;0;0;0;112;112,0;112;112;112;112;112;112;112,0;112,0;112,0;112,0;NA;NA;NA;NA;NA;NA;NA;NA;NA;NA;NA
2023-12-09;0-60;7;7,0;7;7;7;7;7;7;7;7;7;7;23;23,0;23;23;23;23;23;23;23,0;23,0;23,0;23,0;1,000000000000000;1,000000000000000;1,000000000000000;1,000000000000000;1,000000000000000;1,000000000000000;1,000000000000000;1,000000000000000;1,000000000000000;1,000000000000000;1,000000000000000
2023-12-09;60+;14;14,0;14;14;14;14;14;14;14;14;14;14;89;89,0;89;89;89;89;89;89;89,0;89,0;89,0;89,0;1,000000000000000;1,000000000000000;1,000000000000000;1,000000000000000;1,000000000000000;1,000000000000000;1,000000000000000;1,000000000000000;1,000000000000000;1,000000000000000;1,000000000000000
2023-12-09;alle;21;21,0;21;21;21;21;21;21;21;21;21;21;112;112,0;112;112;112;112;112;112;112,0;112,0;112,0;112,0;NA;NA;NA;NA;NA;NA;NA;NA;NA;NA;NA
2023-12-08;0-60;5;5,0;5;5;5;5;5;5;5;5;5;5;20;20,0;20;20;20;20;20;20;20,0;20,0;20,0;20,0;1,000000000000000;1,000000000000000;1,000000000000000;1,000000000000000;1,000000000000000;1,000000000000000;1,000000000000000;1,000000000000000;1,000000000000000;1,000000000000000;1,000000000000000
2023-12-08;60+;11;11,0;11;11;11;11;11;11;11;11;11;11;82;82,0;82;82;82;82;82;82;82,0;82,0;82,0;82,0;1,000000000000000;1,000000000000000;1,000000000000000;1,000000000000000;1,000000000000000;1,000000000000000;1,000000000000000;1,000000000000000;1,000000000000000;1,000000000000000;1,000000000000000
2023-12-08;alle;16;16,0;16;16;16;16;16;16;16;16;16;16;102;102,0;102;102;102;102;102;102;102,0;102,0;102,0;102,0;NA;NA;NA;NA;NA;NA;NA;NA;NA;NA;NA
2023-12-07;0-60;7;7,0;7;7;7;7;7;7;7;7;7;7;16;16,0;16;16;16;16;16;16;16,0;16,0;16,0;16,0;1,000000000000000;1,000000000000000;1,000000000000000;1,000000000000000;1,000000000000000;1,000000000000000;1,000000000000000;1,000000000000000;1,000000000000000;1,000000000000000;1,000000000000000
2023-12-07;60+;28;28,0;28;28;28;28;28;28;28;28;28;28;79;79,0;79;79;79;79;79;79;79,0;79,0;79,0;79,0;1,000000000000000;1,000000000000000;1,000000000000000;1,000000000000000;1,000000000000000;1,000000000000000;1,000000000000000;1,000000000000000;1,000000000000000;1,000000000000000;1,000000000000000
2023-12-07;alle;35;35,0;35;35;35;35;35;35;35;35;35;35;95;95,0;95;95;95;95;95;95;95,0;95,0;95,0;95,0;NA;NA;NA;NA;NA;NA;NA;NA;NA;NA;NA
2023-12-06;0-60;3;3,0;3;3;3;3;3;3;3;3;3;3;15;15,0;15;15;15;15;15;15;15,0;15,0;15,0;15,0;1,000000000000000;1,000000000000000;1,000000000000000;1,000000000000000;1,000000000000000;1,000000000000000;1,000000000000000;1,000000000000000;1,000000000000000;1,000000000000000;1,000000000000000
2023-12-06;60+;18;18,0;18;18;18;18;18;18;18;18;18;18;63;63,0;63;63;63;63;63;63;63,0;63,0;63,0;63,0;1,000000000000000;1,000000000000000;1,000000000000000;1,000000000000000;1,000000000000000;1,000000000000000;1,000000000000000;1,000000000000000;1,000000000000000;1,000000000000000;1,000000000000000
2023-12-06;alle;21;21,0;21;21;21;21;21;21;21;21;21;21;78;78,0;78;78;78;78;78;78;78,0;78,0;78,0;78,0;NA;NA;NA;NA;NA;NA;NA;NA;NA;NA;NA
2023-12-05;0-60;1;1,0;1;1;1;1;1;1;1;1;1;1;23;23,0;23;23;23;23;23;23;23,0;23,0;23,0;23,0;1,000000000000000;1,000000000000000;1,000000000000000;1,000000000000000;1,000000000000000;1,000000000000000;1,000000000000000;1,000000000000000;1,000000000000000;1,000000000000000;1,000000000000000
2023-12-05;60+;18;18,0;18;18;18;18;18;18;18;18;18;18;85;85,0;85;85;85;85;85;85;85,0;85,0;85,0;85,0;1,000000000000000;1,000000000000000;1,000000000000000;1,000000000000000;1,000000000000000;1,000000000000000;1,000000000000000;1,000000000000000;1,000000000000000;1,000000000000000;1,000000000000000
2023-12-05;alle;19;19,0;19;19;19;19;19;19;19;19;19;19;108;108,0;108;108;108;108;108;108;108,0;108,0;108,0;108,0;NA;NA;NA;NA;NA;NA;NA;NA;NA;NA;NA
2023-12-04;0-60;0;0,0;0;0;0;0;0;0;0;0;0;0;23;23,0;23;23;23;23;23;23;23,0;23,0;23,0;23,0;1,000000000000000;1,000000000000000;1,000000000000000;1,000000000000000;1,000000000000000;1,000000000000000;1,000000000000000;1,000000000000000;1,000000000000000;1,000000000000000;1,000000000000000
2023-12-04;60+;0;0,0;0;0;0;0;0;0;0;0;0;0;71;71,0;71;71;71;71;71;71;71,0;71,0;71,0;71,0;1,000000000000000;1,000000000000000;1,000000000000000;1,000000000000000;1,000000000000000;1,000000000000000;1,000000000000000;1,000000000000000;1,000000000000000;1,000000000000000;1,000000000000000
2023-12-04;alle;0;0,0;0;0;0;0;0;0;0;0;0;0;94;94,0;94;94;94;94;94;94;94,0;94,0;94,0;94,0;NA;NA;NA;NA;NA;NA;NA;NA;NA;NA;NA
2023-12-03;0-60;0;0,0;0;0;0;0;0;0;0;0;0;0;23;23,0;23;23;23;23;23;23;23,0;23,0;23,0;23,0;1,000000000000000;1,000000000000000;1,000000000000000;1,000000000000000;1,000000000000000;1,000000000000000;1,000000000000000;1,000000000000000;1,000000000000000;1,000000000000000;1,000000000000000
2023-12-03;60+;0;0,0;0;0;0;0;0;0;0;0;0;0;71;71,0;71;71;71;71;71;71;71,0;71,0;71,0;71,0;1,000000000000000;1,000000000000000;1,000000000000000;1,000000000000000;1,000000000000000;1,000000000000000;1,000000000000000;1,000000000000000;1,000000000000000;1,000000000000000;1,000000000000000
2023-12-03;alle;0;0,0;0;0;0;0;0;0;0;0;0;0;94;94,0;94;94;94;94;94;94;94,0;94,0;94,0;94,0;NA;NA;NA;NA;NA;NA;NA;NA;NA;NA;NA
2023-12-02;0-60;4;4,0;4;4;4;4;4;4;4;4;4;4;23;23,0;23;23;23;23;23;23;23,0;23,0;23,0;23,0;1,000000000000000;1,000000000000000;1,000000000000000;1,000000000000000;1,000000000000000;1,000000000000000;1,000000000000000;1,000000000000000;1,000000000000000;1,000000000000000;1,000000000000000
2023-12-02;60+;7;7,0;7;7;7;7;7;7;7;7;7;7;71;71,0;71;71;71;71;71;71;71,0;71,0;71,0;71,0;1,000000000000000;1,000000000000000;1,000000000000000;1,000000000000000;1,000000000000000;1,000000000000000;1,000000000000000;1,000000000000000;1,000000000000000;1,000000000000000;1,000000000000000
2023-12-02;alle;11;11,0;11;11;11;11;11;11;11;11;11;11;94;94,0;94;94;94;94;94;94;94,0;94,0;94,0;94,0;NA;NA;NA;NA;NA;NA;NA;NA;NA;NA;NA
2023-12-01;0-60;1;1,0;1;1;1;1;1;1;1;1;1;1;21;21,0;21;21;21;21;21;21;21,0;21,0;21,0;21,0;1,000000000000000;1,000000000000000;1,000000000000000;1,000000000000000;1,000000000000000;1,000000000000000;1,000000000000000;1,000000000000000;1,000000000000000;1,000000000000000;1,000000000000000
2023-12-01;60+;8;8,0;8;8;8;8;8;8;8;8;8;8;66;66,0;66;66;66;66;66;66;66,0;66,0;66,0;66,0;1,000000000000000;1,000000000000000;1,000000000000000;1,000000000000000;1,000000000000000;1,000000000000000;1,000000000000000;1,000000000000000;1,000000000000000;1,000000000000000;1,000000000000000
2023-12-01;alle;9;9,0;9;9;9;9;9;9;9;9;9;9;87;87,0;87;87;87;87;87;87;87,0;87,0;87,0;87,0;NA;NA;NA;NA;NA;NA;NA;NA;NA;NA;NA
2023-11-30;0-60;6;6,0;6;6;6;6;6;6;6;6;6;6;25;25,0;25;25;25;25;25;25;25,0;25,0;25,0;25,0;1,000000000000000;1,000000000000000;1,000000000000000;1,000000000000000;1,000000000000000;1,000000000000000;1,000000000000000;1,000000000000000;1,000000000000000;1,000000000000000;1,000000000000000
2023-11-30;60+;12;12,0;12;12;12;12;12;12;12;12;12;12;74;74,0;74;74;74;74;74;74;74,0;74,0;74,0;74,0;1,000000000000000;1,000000000000000;1,000000000000000;1,000000000000000;1,000000000000000;1,000000000000000;1,000000000000000;1,000000000000000;1,000000000000000;1,000000000000000;1,000000000000000
2023-11-30;alle;18;18,0;18;18;18;18;18;18;18;18;18;18;99;99,0;99;99;99;99;99;99;99,0;99,0;99,0;99,0;NA;NA;NA;NA;NA;NA;NA;NA;NA;NA;NA
2023-11-29;0-60;11;11,0;11;11;11;11;11;11;11;11;11;11;28;28,0;28;28;28;28;28;28;28,0;28,0;28,0;28,0;1,000000000000000;1,000000000000000;1,000000000000000;1,000000000000000;1,000000000000000;1,000000000000000;1,000000000000000;1,000000000000000;1,000000000000000;1,000000000000000;1,000000000000000
2023-11-29;60+;40;40,0;40;40;40;40;40;40;40;40;40;40;67;67,0;67;67;67;67;67;67;67,0;67,0;67,0;67,0;1,000000000000000;1,000000000000000;1,000000000000000;1,000000000000000;1,000000000000000;1,000000000000000;1,000000000000000;1,000000000000000;1,000000000000000;1,000000000000000;1,000000000000000
2023-11-29;alle;51;51,0;51;51;51;51;51;51;51;51;51;51;95;95,0;95;95;95;95;95;95;95,0;95,0;95,0;95,0;NA;NA;NA;NA;NA;NA;NA;NA;NA;NA;NA
2023-11-28;0-60;1;1,0;1;1;1;1;1;1;1;1;1;1;27;27,0;27;27;27;27;27;27;27,0;27,0;27,0;27,0;1,000000000000000;1,000000000000000;1,000000000000000;1,000000000000000;1,000000000000000;1,000000000000000;1,000000000000000;1,000000000000000;1,000000000000000;1,000000000000000;1,000000000000000
2023-11-28;60+;4;4,0;4;4;4;4;4;4;4;4;4;4;46;46,0;46;46;46;46;46;46;46,0;46,0;46,0;46,0;1,000000000000000;1,000000000000000;1,000000000000000;1,000000000000000;1,000000000000000;1,000000000000000;1,000000000000000;1,000000000000000;1,000000000000000;1,000000000000000;1,000000000000000
2023-11-28;alle;5;5,0;5;5;5;5;5;5;5;5;5;5;73;73,0;73;73;73;73;73;73;73,0;73,0;73,0;73,0;NA;NA;NA;NA;NA;NA;NA;NA;NA;NA;NA
2023-11-27;0-60;0;0,0;0;0;0;0;0;0;0;0;0;0;31;31,0;31;31;31;31;31;31;31,0;31,0;31,0;31,0;1,000000000000000;1,000000000000000;1,000000000000000;1,000000000000000;1,000000000000000;1,000000000000000;1,000000000000000;1,000000000000000;1,000000000000000;1,000000000000000;1,000000000000000
2023-11-27;60+;0;0,0;0;0;0;0;0;0;0;0;0;0;59;59,0;59;59;59;59;59;59;59,0;59,0;59,0;59,0;1,000000000000000;1,000000000000000;1,000000000000000;1,000000000000000;1,000000000000000;1,000000000000000;1,000000000000000;1,000000000000000;1,000000000000000;1,000000000000000;1,000000000000000
2023-11-27;alle;0;0,0;0;0;0;0;0;0;0;0;0;0;90;90,0;90;90;90;90;90;90;90,0;90,0;90,0;90,0;NA;NA;NA;NA;NA;NA;NA;NA;NA;NA;NA
2023-11-26;0-60;0;0,0;0;0;0;0;0;0;0;0;0;0;31;31,0;31;31;31;31;31;31;31,0;31,0;31,0;31,0;1,000000000000000;1,000000000000000;1,000000000000000;1,000000000000000;1,000000000000000;1,000000000000000;1,000000000000000;1,000000000000000;1,000000000000000;1,000000000000000;1,000000000000000
2023-11-26;60+;0;0,0;0;0;0;0;0;0;0;0;0;0;59;59,0;59;59;59;59;59;59;59,0;59,0;59,0;59,0;1,000000000000000;1,000000000000000;1,000000000000000;1,000000000000000;1,000000000000000;1,000000000000000;1,000000000000000;1,000000000000000;1,000000000000000;1,000000000000000;1,000000000000000
2023-11-26;alle;0;0,0;0;0;0;0;0;0;0;0;0;0;90;90,0;90;90;90;90;90;90;90,0;90,0;90,0;90,0;NA;NA;NA;NA;NA;NA;NA;NA;NA;NA;NA
2023-11-25;0-60;2;2,0;2;2;2;2;2;2;2;2;2;2;31;31,0;31;31;31;31;31;31;31,0;31,0;31,0;31,0;1,000000000000000;1,000000000000000;1,000000000000000;1,000000000000000;1,000000000000000;1,000000000000000;1,000000000000000;1,000000000000000;1,000000000000000;1,000000000000000;1,000000000000000
2023-11-25;60+;2;2,0;2;2;2;2;2;2;2;2;2;2;59;59,0;59;59;59;59;59;59;59,0;59,0;59,0;59,0;1,000000000000000;1,000000000000000;1,000000000000000;1,000000000000000;1,000000000000000;1,000000000000000;1,000000000000000;1,000000000000000;1,000000000000000;1,000000000000000;1,000000000000000
2023-11-25;alle;4;4,0;4;4;4;4;4;4;4;4;4;4;90;90,0;90;90;90;90;90;90;90,0;90,0;90,0;90,0;NA;NA;NA;NA;NA;NA;NA;NA;NA;NA;NA
2023-11-24;0-60;5;5,0;5;5;5;5;5;5;5;5;5;5;30;30,0;30;30;30;30;30;30;30,0;30,0;30,0;30,0;1,000000000000000;1,000000000000000;1,000000000000000;1,000000000000000;1,000000000000000;1,000000000000000;1,000000000000000;1,000000000000000;1,000000000000000;1,000000000000000;1,000000000000000
2023-11-24;60+;16;16,0;16;16;16;16;16;16;16;16;16;16;62;62,0;62;62;62;62;62;62;62,0;62,0;62,0;62,0;1,000000000000000;1,000000000000000;1,000000000000000;1,000000000000000;1,000000000000000;1,000000000000000;1,000000000000000;1,000000000000000;1,000000000000000;1,000000000000000;1,000000000000000
2023-11-24;alle;21;21,0;21;21;21;21;21;21;21;21;21;21;92;92,0;92;92;92;92;92;92;92,0;92,0;92,0;92,0;NA;NA;NA;NA;NA;NA;NA;NA;NA;NA;NA
2023-11-23;0-60;9;9,0;9;9;9;9;9;9;9;9;9;9;26;26,0;26;26;26;26;26;26;26,0;26,0;26,0;26,0;1,000000000000000;1,000000000000000;1,000000000000000;1,000000000000000;1,000000000000000;1,000000000000000;1,000000000000000;1,000000000000000;1,000000000000000;1,000000000000000;1,000000000000000
2023-11-23;60+;5;5,0;5;5;5;5;5;5;5;5;5;5;54;54,0;54;54;54;54;54;54;54,0;54,0;54,0;54,0;1,000000000000000;1,000000000000000;1,000000000000000;1,000000000000000;1,000000000000000;1,000000000000000;1,000000000000000;1,000000000000000;1,000000000000000;1,000000000000000;1,000000000000000
2023-11-23;alle;14;14,0;14;14;14;14;14;14;14;14;14;14;80;80,0;80;80;80;80;80;80;80,0;80,0;80,0;80,0;NA;NA;NA;NA;NA;NA;NA;NA;NA;NA;NA
2023-11-22;0-60;10;10,0;10;10;10;10;10;10;10;10;10;10;18;18,0;18;18;18;18;18;18;18,0;18,0;18,0;18,0;1,000000000000000;1,000000000000000;1,000000000000000;1,000000000000000;1,000000000000000;1,000000000000000;1,000000000000000;1,000000000000000;1,000000000000000;1,000000000000000;1,000000000000000
2023-11-22;60+;19;19,0;19;19;19;19;19;19;19;19;19;19;55;55,0;55;55;55;55;55;55;55,0;55,0;55,0;55,0;1,000000000000000;1,000000000000000;1,000000000000000;1,000000000000000;1,000000000000000;1,000000000000000;1,000000000000000;1,000000000000000;1,000000000000000;1,000000000000000;1,000000000000000
2023-11-22;alle;29;29,0;29;29;29;29;29;29;29;29;29;29;73;73,0;73;73;73;73;73;73;73,0;73,0;73,0;73,0;NA;NA;NA;NA;NA;NA;NA;NA;NA;NA;NA
2023-11-21;0-60;5;5,0;5;5;5;5;5;5;5;5;5;5;15;15,0;15;15;15;15;15;15;15,0;15,0;15,0;15,0;1,000000000000000;1,000000000000000;1,000000000000000;1,000000000000000;1,000000000000000;1,000000000000000;1,000000000000000;1,000000000000000;1,000000000000000;1,000000000000000;1,000000000000000
2023-11-21;60+;17;17,0;17;17;17;17;17;17;17;17;17;17;51;51,0;51;51;51;51;51;51;51,0;51,0;51,0;51,0;1,000000000000000;1,000000000000000;1,000000000000000;1,000000000000000;1,000000000000000;1,000000000000000;1,000000000000000;1,000000000000000;1,000000000000000;1,000000000000000;1,000000000000000
2023-11-21;alle;22;22,0;22;22;22;22;22;22;22;22;22;22;66;66,0;66;66;66;66;66;66;66,0;66,0;66,0;66,0;NA;NA;NA;NA;NA;NA;NA;NA;NA;NA;NA
2023-11-20;0-60;0;0,0;0;0;0;0;0;0;0;0;0;0;13;13,0;13;13;13;13;13;13;13,0;13,0;13,0;13,0;1,000000000000000;1,000000000000000;1,000000000000000;1,000000000000000;1,000000000000000;1,000000000000000;1,000000000000000;1,000000000000000;1,000000000000000;1,000000000000000;1,000000000000000
2023-11-20;60+;0;0,0;0;0;0;0;0;0;0;0;0;0;55;55,0;55;55;55;55;55;55;55,0;55,0;55,0;55,0;1,000000000000000;1,000000000000000;1,000000000000000;1,000000000000000;1,000000000000000;1,000000000000000;1,000000000000000;1,000000000000000;1,000000000000000;1,000000000000000;1,000000000000000
2023-11-20;alle;0;0,0;0;0;0;0;0;0;0;0;0;0;68;68,0;68;68;68;68;68;68;68,0;68,0;68,0;68,0;NA;NA;NA;NA;NA;NA;NA;NA;NA;NA;NA
2023-11-19;0-60;0;0,0;0;0;0;0;0;0;0;0;0;0;13;13,0;13;13;13;13;13;13;13,0;13,0;13,0;13,0;1,000000000000000;1,000000000000000;1,000000000000000;1,000000000000000;1,000000000000000;1,000000000000000;1,000000000000000;1,000000000000000;1,000000000000000;1,000000000000000;1,000000000000000
2023-11-19;60+;0;0,0;0;0;0;0;0;0;0;0;0;0;55;55,0;55;55;55;55;55;55;55,0;55,0;55,0;55,0;1,000000000000000;1,000000000000000;1,000000000000000;1,000000000000000;1,000000000000000;1,000000000000000;1,000000000000000;1,000000000000000;1,000000000000000;1,000000000000000;1,000000000000000
2023-11-19;alle;0;0,0;0;0;0;0;0;0;0;0;0;0;68;68,0;68;68;68;68;68;68;68,0;68,0;68,0;68,0;NA;NA;NA;NA;NA;NA;NA;NA;NA;NA;NA
2023-11-18;0-60;1;1,0;1;1;1;1;1;1;1;1;1;1;13;13,0;13;13;13;13;13;13;13,0;13,0;13,0;13,0;1,000000000000000;1,000000000000000;1,000000000000000;1,000000000000000;1,000000000000000;1,000000000000000;1,000000000000000;1,000000000000000;1,000000000000000;1,000000000000000;1,000000000000000
2023-11-18;60+;5;5,0;5;5;5;5;5;5;5;5;5;5;58;58,0;58;58;58;58;58;58;58,0;58,0;58,0;58,0;1,000000000000000;1,000000000000000;1,000000000000000;1,000000000000000;1,000000000000000;1,000000000000000;1,000000000000000;1,000000000000000;1,000000000000000;1,000000000000000;1,000000000000000
2023-11-18;alle;6;6,0;6;6;6;6;6;6;6;6;6;6;71;71,0;71;71;71;71;71;71;71,0;71,0;71,0;71,0;NA;NA;NA;NA;NA;NA;NA;NA;NA;NA;NA
2023-11-17;0-60;1;1,0;1;1;1;1;1;1;1;1;1;1;13;13,0;13;13;13;13;13;13;13,0;13,0;13,0;13,0;1,000000000000000;1,000000000000000;1,000000000000000;1,000000000000000;1,000000000000000;1,000000000000000;1,000000000000000;1,000000000000000;1,000000000000000;1,000000000000000;1,000000000000000
2023-11-17;60+;8;8,0;8;8;8;8;8;8;8;8;8;8;70;70,0;70;70;70;70;70;70;70,0;70,0;70,0;70,0;1,000000000000000;1,000000000000000;1,000000000000000;1,000000000000000;1,000000000000000;1,000000000000000;1,000000000000000;1,000000000000000;1,000000000000000;1,000000000000000;1,000000000000000
2023-11-17;alle;9;9,0;9;9;9;9;9;9;9;9;9;9;83;83,0;83;83;83;83;83;83;83,0;83,0;83,0;83,0;NA;NA;NA;NA;NA;NA;NA;NA;NA;NA;NA
2023-11-16;0-60;1;1,0;1;1;1;1;1;1;1;1;1;1;17;17,0;17;17;17;17;17;17;17,0;17,0;17,0;17,0;1,000000000000000;1,000000000000000;1,000000000000000;1,000000000000000;1,000000000000000;1,000000000000000;1,000000000000000;1,000000000000000;1,000000000000000;1,000000000000000;1,000000000000000
2023-11-16;60+;6;6,0;6;6;6;6;6;6;6;6;6;6;75;75,0;75;75;75;75;75;75;75,0;75,0;75,0;75,0;1,000000000000000;1,000000000000000;1,000000000000000;1,000000000000000;1,000000000000000;1,000000000000000;1,000000000000000;1,000000000000000;1,000000000000000;1,000000000000000;1,000000000000000
2023-11-16;alle;7;7,0;7;7;7;7;7;7;7;7;7;7;92;92,0;92;92;92;92;92;92;92,0;92,0;92,0;92,0;NA;NA;NA;NA;NA;NA;NA;NA;NA;NA;NA
2023-11-15;0-60;7;7,0;7;7;7;7;7;7;7;7;7;7;18;18,0;18;18;18;18;18;18;18,0;18,0;18,0;18,0;1,000000000000000;1,000000000000000;1,000000000000000;1,000000000000000;1,000000000000000;1,000000000000000;1,000000000000000;1,000000000000000;1,000000000000000;1,000000000000000;1,000000000000000
2023-11-15;60+;15;15,0;15;15;15;15;15;15;15;15;15;15;96;96,0;96;96;96;96;96;96;96,0;96,0;96,0;96,0;1,000000000000000;1,000000000000000;1,000000000000000;1,000000000000000;1,000000000000000;1,000000000000000;1,000000000000000;1,000000000000000;1,000000000000000;1,000000000000000;1,000000000000000
2023-11-15;alle;22;22,0;22;22;22;22;22;22;22;22;22;22;114;114,0;114;114;114;114;114;114;114,0;114,0;114,0;114,0;NA;NA;NA;NA;NA;NA;NA;NA;NA;NA;NA
2023-11-14;0-60;3;3,0;3;3;3;3;3;3;3;3;3;3;14;14,0;14;14;14;14;14;14;14,0;14,0;14,0;14,0;1,000000000000000;1,000000000000000;1,000000000000000;1,000000000000000;1,000000000000000;1,000000000000000;1,000000000000000;1,000000000000000;1,000000000000000;1,000000000000000;1,000000000000000
2023-11-14;60+;21;21,0;21;21;21;21;21;21;21;21;21;21;89;89,0;89;89;89;89;89;89;89,0;89,0;89,0;89,0;1,000000000000000;1,000000000000000;1,000000000000000;1,000000000000000;1,000000000000000;1,000000000000000;1,000000000000000;1,000000000000000;1,000000000000000;1,000000000000000;1,000000000000000
2023-11-14;alle;24;24,0;24;24;24;24;24;24;24;24;24;24;103;103,0;103;103;103;103;103;103;103,0;103,0;103,0;103,0;NA;NA;NA;NA;NA;NA;NA;NA;NA;NA;NA
2023-11-13;0-60;0;0,0;0;0;0;0;0;0;0;0;0;0;13;13,0;13;13;13;13;13;13;13,0;13,0;13,0;13,0;1,000000000000000;1,000000000000000;1,000000000000000;1,000000000000000;1,000000000000000;1,000000000000000;1,000000000000000;1,000000000000000;1,000000000000000;1,000000000000000;1,000000000000000
2023-11-13;60+;0;0,0;0;0;0;0;0;0;0;0;0;0;84;84,0;84;84;84;84;84;84;84,0;84,0;84,0;84,0;1,000000000000000;1,000000000000000;1,000000000000000;1,000000000000000;1,000000000000000;1,000000000000000;1,000000000000000;1,000000000000000;1,000000000000000;1,000000000000000;1,000000000000000
2023-11-13;alle;0;0,0;0;0;0;0;0;0;0;0;0;0;97;97,0;97;97;97;97;97;97;97,0;97,0;97,0;97,0;NA;NA;NA;NA;NA;NA;NA;NA;NA;NA;NA
2023-11-12;0-60;0;0,0;0;0;0;0;0;0;0;0;0;0;13;13,0;13;13;13;13;13;13;13,0;13,0;13,0;13,0;1,000000000000000;1,000000000000000;1,000000000000000;1,000000000000000;1,000000000000000;1,000000000000000;1,000000000000000;1,000000000000000;1,000000000000000;1,000000000000000;1,000000000000000
2023-11-12;60+;3;3,0;3;3;3;3;3;3;3;3;3;3;84;84,0;84;84;84;84;84;84;84,0;84,0;84,0;84,0;1,000000000000000;1,000000000000000;1,000000000000000;1,000000000000000;1,000000000000000;1,000000000000000;1,000000000000000;1,000000000000000;1,000000000000000;1,000000000000000;1,000000000000000
2023-11-12;alle;3;3,0;3;3;3;3;3;3;3;3;3;3;97;97,0;97;97;97;97;97;97;97,0;97,0;97,0;97,0;NA;NA;NA;NA;NA;NA;NA;NA;NA;NA;NA
2023-11-11;0-60;1;1,0;1;1;1;1;1;1;1;1;1;1;13;13,0;13;13;13;13;13;13;13,0;13,0;13,0;13,0;1,000000000000000;1,000000000000000;1,000000000000000;1,000000000000000;1,000000000000000;1,000000000000000;1,000000000000000;1,000000000000000;1,000000000000000;1,000000000000000;1,000000000000000
2023-11-11;60+;17;17,0;17;17;17;17;17;17;17;17;17;17;81;81,0;81;81;81;81;81;81;81,0;81,0;81,0;81,0;1,000000000000000;1,000000000000000;1,000000000000000;1,000000000000000;1,000000000000000;1,000000000000000;1,000000000000000;1,000000000000000;1,000000000000000;1,000000000000000;1,000000000000000
2023-11-11;alle;18;18,0;18;18;18;18;18;18;18;18;18;18;94;94,0;94;94;94;94;94;94;94,0;94,0;94,0;94,0;NA;NA;NA;NA;NA;NA;NA;NA;NA;NA;NA
2023-11-10;0-60;5;5,0;5;5;5;5;5;5;5;5;5;5;14;14,0;14;14;14;14;14;14;14,0;14,0;14,0;14,0;1,000000000000000;1,000000000000000;1,000000000000000;1,000000000000000;1,000000000000000;1,000000000000000;1,000000000000000;1,000000000000000;1,000000000000000;1,000000000000000;1,000000000000000
2023-11-10;60+;13;13,0;13;13;13;13;13;13;13;13;13;13;74;74,0;74;74;74;74;74;74;74,0;74,0;74,0;74,0;1,000000000000000;1,000000000000000;1,000000000000000;1,000000000000000;1,000000000000000;1,000000000000000;1,000000000000000;1,000000000000000;1,000000000000000;1,000000000000000;1,000000000000000
2023-11-10;alle;18;18,0;18;18;18;18;18;18;18;18;18;18;88;88,0;88;88;88;88;88;88;88,0;88,0;88,0;88,0;NA;NA;NA;NA;NA;NA;NA;NA;NA;NA;NA
2023-11-09;0-60;2;2,0;2;2;2;2;2;2;2;2;2;2;19;19,0;19;19;19;19;19;19;19,0;19,0;19,0;19,0;1,000000000000000;1,000000000000000;1,000000000000000;1,000000000000000;1,000000000000000;1,000000000000000;1,000000000000000;1,000000000000000;1,000000000000000;1,000000000000000;1,000000000000000
2023-11-09;60+;27;27,0;27;27;27;27;27;27;27;27;27;27;80;80,0;80;80;80;80;80;80;80,0;80,0;80,0;80,0;1,000000000000000;1,000000000000000;1,000000000000000;1,000000000000000;1,000000000000000;1,000000000000000;1,000000000000000;1,000000000000000;1,000000000000000;1,000000000000000;1,000000000000000
2023-11-09;alle;29;29,0;29;29;29;29;29;29;29;29;29;29;99;99,0;99;99;99;99;99;99;99,0;99,0;99,0;99,0;NA;NA;NA;NA;NA;NA;NA;NA;NA;NA;NA
2023-11-08;0-60;3;3,0;3;3;3;3;3;3;3;3;3;3;21;21,0;21;21;21;21;21;21;21,0;21,0;21,0;21,0;1,000000000000000;1,000000000000000;1,000000000000000;1,000000000000000;1,000000000000000;1,000000000000000;1,000000000000000;1,000000000000000;1,000000000000000;1,000000000000000;1,000000000000000
2023-11-08;60+;8;8,0;8;8;8;8;8;8;8;8;8;8;76;76,0;76;76;76;76;76;76;76,0;76,0;76,0;76,0;1,000000000000000;1,000000000000000;1,000000000000000;1,000000000000000;1,000000000000000;1,000000000000000;1,000000000000000;1,000000000000000;1,000000000000000;1,000000000000000;1,000000000000000
2023-11-08;alle;11;11,0;11;11;11;11;11;11;11;11;11;11;97;97,0;97;97;97;97;97;97;97,0;97,0;97,0;97,0;NA;NA;NA;NA;NA;NA;NA;NA;NA;NA;NA
2023-11-07;0-60;2;2,0;2;2;2;2;2;2;2;2;2;2;18;18,0;18;18;18;18;18;18;18,0;18,0;18,0;18,0;1,000000000000000;1,000000000000000;1,000000000000000;1,000000000000000;1,000000000000000;1,000000000000000;1,000000000000000;1,000000000000000;1,000000000000000;1,000000000000000;1,000000000000000
2023-11-07;60+;16;16,0;16;16;16;16;16;16;16;16;16;16;68;68,0;68;68;68;68;68;68;68,0;68,0;68,0;68,0;1,000000000000000;1,000000000000000;1,000000000000000;1,000000000000000;1,000000000000000;1,000000000000000;1,000000000000000;1,000000000000000;1,000000000000000;1,000000000000000;1,000000000000000
2023-11-07;alle;18;18,0;18;18;18;18;18;18;18;18;18;18;86;86,0;86;86;86;86;86;86;86,0;86,0;86,0;86,0;NA;NA;NA;NA;NA;NA;NA;NA;NA;NA;NA
2023-11-06;0-60;0;0,0;0;0;0;0;0;0;0;0;0;0;19;19,0;19;19;19;19;19;19;19,0;19,0;19,0;19,0;1,000000000000000;1,000000000000000;1,000000000000000;1,000000000000000;1,000000000000000;1,000000000000000;1,000000000000000;1,000000000000000;1,000000000000000;1,000000000000000;1,000000000000000
2023-11-06;60+;0;0,0;0;0;0;0;0;0;0;0;0;0;64;64,0;64;64;64;64;64;64;64,0;64,0;64,0;64,0;1,000000000000000;1,000000000000000;1,000000000000000;1,000000000000000;1,000000000000000;1,000000000000000;1,000000000000000;1,000000000000000;1,000000000000000;1,000000000000000;1,000000000000000
2023-11-06;alle;0;0,0;0;0;0;0;0;0;0;0;0;0;83;83,0;83;83;83;83;83;83;83,0;83,0;83,0;83,0;NA;NA;NA;NA;NA;NA;NA;NA;NA;NA;NA
2023-11-05;0-60;0;0,0;0;0;0;0;0;0;0;0;0;0;19;19,0;19;19;19;19;19;19;19,0;19,0;19,0;19,0;1,000000000000000;1,000000000000000;1,000000000000000;1,000000000000000;1,000000000000000;1,000000000000000;1,000000000000000;1,000000000000000;1,000000000000000;1,000000000000000;1,000000000000000
2023-11-05;60+;0;0,0;0;0;0;0;0;0;0;0;0;0;64;64,0;64;64;64;64;64;64;64,0;64,0;64,0;64,0;1,000000000000000;1,000000000000000;1,000000000000000;1,000000000000000;1,000000000000000;1,000000000000000;1,000000000000000;1,000000000000000;1,000000000000000;1,000000000000000;1,000000000000000
2023-11-05;alle;0;0,0;0;0;0;0;0;0;0;0;0;0;83;83,0;83;83;83;83;83;83;83,0;83,0;83,0;83,0;NA;NA;NA;NA;NA;NA;NA;NA;NA;NA;NA
2023-11-04;0-60;2;2,0;2;2;2;2;2;2;2;2;2;2;19;19,0;19;19;19;19;19;19;19,0;19,0;19,0;19,0;1,000000000000000;1,000000000000000;1,000000000000000;1,000000000000000;1,000000000000000;1,000000000000000;1,000000000000000;1,000000000000000;1,000000000000000;1,000000000000000;1,000000000000000
2023-11-04;60+;10;10,0;10;10;10;10;10;10;10;10;10;10;64;64,0;64;64;64;64;64;64;64,0;64,0;64,0;64,0;1,000000000000000;1,000000000000000;1,000000000000000;1,000000000000000;1,000000000000000;1,000000000000000;1,000000000000000;1,000000000000000;1,000000000000000;1,000000000000000;1,000000000000000
2023-11-04;alle;12;12,0;12;12;12;12;12;12;12;12;12;12;83;83,0;83;83;83;83;83;83;83,0;83,0;83,0;83,0;NA;NA;NA;NA;NA;NA;NA;NA;NA;NA;NA
2023-11-03;0-60;10;10,0;10;10;10;10;10;10;10;10;10;10;22;22,0;22;22;22;22;22;22;22,0;22,0;22,0;22,0;1,000000000000000;1,000000000000000;1,000000000000000;1,000000000000000;1,000000000000000;1,000000000000000;1,000000000000000;1,000000000000000;1,000000000000000;1,000000000000000;1,000000000000000
2023-11-03;60+;19;19,0;19;19;19;19;19;19;19;19;19;19;64;64,0;64;64;64;64;64;64;64,0;64,0;64,0;64,0;1,000000000000000;1,000000000000000;1,000000000000000;1,000000000000000;1,000000000000000;1,000000000000000;1,000000000000000;1,000000000000000;1,000000000000000;1,000000000000000;1,000000000000000
2023-11-03;alle;29;29,0;29;29;29;29;29;29;29;29;29;29;86;86,0;86;86;86;86;86;86;86,0;86,0;86,0;86,0;NA;NA;NA;NA;NA;NA;NA;NA;NA;NA;NA
2023-11-02;0-60;4;4,0;4;4;4;4;4;4;4;4;4;4;12;12,0;12;12;12;12;12;12;12,0;12,0;12,0;12,0;1,000000000000000;1,000000000000000;1,000000000000000;1,000000000000000;1,000000000000000;1,000000000000000;1,000000000000000;1,000000000000000;1,000000000000000;1,000000000000000;1,000000000000000
2023-11-02;60+;23;23,0;23;23;23;23;23;23;23;23;23;23;47;47,0;47;47;47;47;47;47;47,0;47,0;47,0;47,0;1,000000000000000;1,000000000000000;1,000000000000000;1,000000000000000;1,000000000000000;1,000000000000000;1,000000000000000;1,000000000000000;1,000000000000000;1,000000000000000;1,000000000000000
2023-11-02;alle;27;27,0;27;27;27;27;27;27;27;27;27;27;59;59,0;59;59;59;59;59;59;59,0;59,0;59,0;59,0;NA;NA;NA;NA;NA;NA;NA;NA;NA;NA;NA
2023-11-01;0-60;0;0,0;0;0;0;0;0;0;0;0;0;0;9;9,0;9;9;9;9;9;9;9,0;9,0;9,0;9,0;1,000000000000000;1,000000000000000;1,000000000000000;1,000000000000000;1,000000000000000;1,000000000000000;1,000000000000000;1,000000000000000;1,000000000000000;1,000000000000000;1,000000000000000
2023-11-01;60+;0;0,0;0;0;0;0;0;0;0;0;0;0;27;27,0;27;27;27;27;27;27;27,0;27,0;27,0;27,0;1,000000000000000;1,000000000000000;1,000000000000000;1,000000000000000;1,000000000000000;1,000000000000000;1,000000000000000;1,000000000000000;1,000000000000000;1,000000000000000;1,000000000000000
2023-11-01;alle;0;0,0;0;0;0;0;0;0;0;0;0;0;36;36,0;36;36;36;36;36;36;36,0;36,0;36,0;36,0;NA;NA;NA;NA;NA;NA;NA;NA;NA;NA;NA
2023-10-31;0-60;3;3,0;3;3;3;3;3;3;3;3;3;3;10;10,0;10;10;10;10;10;10;10,0;10,0;10,0;10,0;1,000000000000000;1,000000000000000;1,000000000000000;1,000000000000000;1,000000000000000;1,000000000000000;1,000000000000000;1,000000000000000;1,000000000000000;1,000000000000000;1,000000000000000
2023-10-31;60+;12;12,0;12;12;12;12;12;12;12;12;12;12;32;32,0;32;32;32;32;32;32;32,0;32,0;32,0;32,0;1,000000000000000;1,000000000000000;1,000000000000000;1,000000000000000;1,000000000000000;1,000000000000000;1,000000000000000;1,000000000000000;1,000000000000000;1,000000000000000;1,000000000000000
2023-10-31;alle;15;15,0;15;15;15;15;15;15;15;15;15;15;42;42,0;42;42;42;42;42;42;42,0;42,0;42,0;42,0;NA;NA;NA;NA;NA;NA;NA;NA;NA;NA;NA
2023-10-30;0-60;0;0,0;0;0;0;0;0;0;0;0;0;0;8;8,0;8;8;8;8;8;8;8,0;8,0;8,0;8,0;1,000000000000000;1,000000000000000;1,000000000000000;1,000000000000000;1,000000000000000;1,000000000000000;1,000000000000000;1,000000000000000;1,000000000000000;1,000000000000000;1,000000000000000
2023-10-30;60+;0;0,0;0;0;0;0;0;0;0;0;0;0;27;27,0;27;27;27;27;27;27;27,0;27,0;27,0;27,0;1,000000000000000;1,000000000000000;1,000000000000000;1,000000000000000;1,000000000000000;1,000000000000000;1,000000000000000;1,000000000000000;1,000000000000000;1,000000000000000;1,000000000000000
2023-10-30;alle;0;0,0;0;0;0;0;0;0;0;0;0;0;35;35,0;35;35;35;35;35;35;35,0;35,0;35,0;35,0;NA;NA;NA;NA;NA;NA;NA;NA;NA;NA;NA
2023-10-29;0-60;0;0,0;0;0;0;0;0;0;0;0;0;0;8;8,0;8;8;8;8;8;8;8,0;8,0;8,0;8,0;1,000000000000000;1,000000000000000;1,000000000000000;1,000000000000000;1,000000000000000;1,000000000000000;1,000000000000000;1,000000000000000;1,000000000000000;1,000000000000000;1,000000000000000
2023-10-29;60+;0;0,0;0;0;0;0;0;0;0;0;0;0;27;27,0;27;27;27;27;27;27;27,0;27,0;27,0;27,0;1,000000000000000;1,000000000000000;1,000000000000000;1,000000000000000;1,000000000000000;1,000000000000000;1,000000000000000;1,000000000000000;1,000000000000000;1,000000000000000;1,000000000000000
2023-10-29;alle;0;0,0;0;0;0;0;0;0;0;0;0;0;35;35,0;35;35;35;35;35;35;35,0;35,0;35,0;35,0;NA;NA;NA;NA;NA;NA;NA;NA;NA;NA;NA
2023-10-28;0-60;5;5,0;5;5;5;5;5;5;5;5;5;5;8;8,0;8;8;8;8;8;8;8,0;8,0;8,0;8,0;1,000000000000000;1,000000000000000;1,000000000000000;1,000000000000000;1,000000000000000;1,000000000000000;1,000000000000000;1,000000000000000;1,000000000000000;1,000000000000000;1,000000000000000
2023-10-28;60+;10;10,0;10;10;10;10;10;10;10;10;10;10;27;27,0;27;27;27;27;27;27;27,0;27,0;27,0;27,0;1,000000000000000;1,000000000000000;1,000000000000000;1,000000000000000;1,000000000000000;1,000000000000000;1,000000000000000;1,000000000000000;1,000000000000000;1,000000000000000;1,000000000000000
2023-10-28;alle;15;15,0;15;15;15;15;15;15;15;15;15;15;35;35,0;35;35;35;35;35;35;35,0;35,0;35,0;35,0;NA;NA;NA;NA;NA;NA;NA;NA;NA;NA;NA
2023-10-27;0-60;0;0,0;0;0;0;0;0;0;0;0;0;0;3;3,0;3;3;3;3;3;3;3,0;3,0;3,0;3,0;1,000000000000000;1,000000000000000;1,000000000000000;1,000000000000000;1,000000000000000;1,000000000000000;1,000000000000000;1,000000000000000;1,000000000000000;1,000000000000000;1,000000000000000
2023-10-27;60+;2;2,0;2;2;2;2;2;2;2;2;2;2;19;19,0;19;19;19;19;19;19;19,0;19,0;19,0;19,0;1,000000000000000;1,000000000000000;1,000000000000000;1,000000000000000;1,000000000000000;1,000000000000000;1,000000000000000;1,000000000000000;1,000000000000000;1,000000000000000;1,000000000000000
2023-10-27;alle;2;2,0;2;2;2;2;2;2;2;2;2;2;22;22,0;22;22;22;22;22;22;22,0;22,0;22,0;22,0;NA;NA;NA;NA;NA;NA;NA;NA;NA;NA;NA
2023-10-26;0-60;1;1,0;1;1;1;1;1;1;1;1;1;1;3;3,0;3;3;3;3;3;3;3,0;3,0;3,0;3,0;1,000000000000000;1,000000000000000;1,000000000000000;1,000000000000000;1,000000000000000;1,000000000000000;1,000000000000000;1,000000000000000;1,000000000000000;1,000000000000000;1,000000000000000
2023-10-26;60+;3;3,0;3;3;3;3;3;3;3;3;3;3;17;17,0;17;17;17;17;17;17;17,0;17,0;17,0;17,0;1,000000000000000;1,000000000000000;1,000000000000000;1,000000000000000;1,000000000000000;1,000000000000000;1,000000000000000;1,000000000000000;1,000000000000000;1,000000000000000;1,000000000000000
2023-10-26;alle;4;4,0;4;4;4;4;4;4;4;4;4;4;20;20,0;20;20;20;20;20;20;20,0;20,0;20,0;20,0;NA;NA;NA;NA;NA;NA;NA;NA;NA;NA;NA
2023-10-25;0-60;1;1,0;1;1;1;1;1;1;1;1;1;1;3;3,0;3;3;3;3;3;3;3,0;3,0;3,0;3,0;1,000000000000000;1,000000000000000;1,000000000000000;1,000000000000000;1,000000000000000;1,000000000000000;1,000000000000000;1,000000000000000;1,000000000000000;1,000000000000000;1,000000000000000
2023-10-25;60+;5;5,0;5;5;5;5;5;5;5;5;5;5;19;19,0;19;19;19;19;19;19;19,0;19,0;19,0;19,0;1,000000000000000;1,000000000000000;1,000000000000000;1,000000000000000;1,000000000000000;1,000000000000000;1,000000000000000;1,000000000000000;1,000000000000000;1,000000000000000;1,000000000000000
2023-10-25;alle;6;6,0;6;6;6;6;6;6;6;6;6;6;22;22,0;22;22;22;22;22;22;22,0;22,0;22,0;22,0;NA;NA;NA;NA;NA;NA;NA;NA;NA;NA;NA
2023-10-24;0-60;1;1,0;1;1;1;1;1;1;1;1;1;1;2;2,0;2;2;2;2;2;2;2,0;2,0;2,0;2,0;1,000000000000000;1,000000000000000;1,000000000000000;1,000000000000000;1,000000000000000;1,000000000000000;1,000000000000000;1,000000000000000;1,000000000000000;1,000000000000000;1,000000000000000
2023-10-24;60+;7;7,0;7;7;7;7;7;7;7;7;7;7;15;15,0;15;15;15;15;15;15;15,0;15,0;15,0;15,0;1,000000000000000;1,000000000000000;1,000000000000000;1,000000000000000;1,000000000000000;1,000000000000000;1,000000000000000;1,000000000000000;1,000000000000000;1,000000000000000;1,000000000000000
2023-10-24;alle;8;8,0;8;8;8;8;8;8;8;8;8;8;17;17,0;17;17;17;17;17;17;17,0;17,0;17,0;17,0;NA;NA;NA;NA;NA;NA;NA;NA;NA;NA;NA
2023-10-23;0-60;0;0,0;0;0;0;0;0;0;0;0;0;0;4;4,0;4;4;4;4;4;4;4,0;4,0;4,0;4,0;1,000000000000000;1,000000000000000;1,000000000000000;1,000000000000000;1,000000000000000;1,000000000000000;1,000000000000000;1,000000000000000;1,000000000000000;1,000000000000000;1,000000000000000
2023-10-23;60+;0;0,0;0;0;0;0;0;0;0;0;0;0;15;15,0;15;15;15;15;15;15;15,0;15,0;15,0;15,0;1,000000000000000;1,000000000000000;1,000000000000000;1,000000000000000;1,000000000000000;1,000000000000000;1,000000000000000;1,000000000000000;1,000000000000000;1,000000000000000;1,000000000000000
2023-10-23;alle;0;0,0;0;0;0;0;0;0;0;0;0;0;19;19,0;19;19;19;19;19;19;19,0;19,0;19,0;19,0;NA;NA;NA;NA;NA;NA;NA;NA;NA;NA;NA
2023-10-22;0-60;0;0,0;0;0;0;0;0;0;0;0;0;0;4;4,0;4;4;4;4;4;4;4,0;4,0;4,0;4,0;1,000000000000000;1,000000000000000;1,000000000000000;1,000000000000000;1,000000000000000;1,000000000000000;1,000000000000000;1,000000000000000;1,000000000000000;1,000000000000000;1,000000000000000
2023-10-22;60+;0;0,0;0;0;0;0;0;0;0;0;0;0;15;15,0;15;15;15;15;15;15;15,0;15,0;15,0;15,0;1,000000000000000;1,000000000000000;1,000000000000000;1,000000000000000;1,000000000000000;1,000000000000000;1,000000000000000;1,000000000000000;1,000000000000000;1,000000000000000;1,000000000000000
2023-10-22;alle;0;0,0;0;0;0;0;0;0;0;0;0;0;19;19,0;19;19;19;19;19;19;19,0;19,0;19,0;19,0;NA;NA;NA;NA;NA;NA;NA;NA;NA;NA;NA
2023-10-21;0-60;0;0,0;0;0;0;0;0;0;0;0;0;0;4;4,0;4;4;4;4;4;4;4,0;4,0;4,0;4,0;1,000000000000000;1,000000000000000;1,000000000000000;1,000000000000000;1,000000000000000;1,000000000000000;1,000000000000000;1,000000000000000;1,000000000000000;1,000000000000000;1,000000000000000
2023-10-21;60+;2;2,0;2;2;2;2;2;2;2;2;2;2;15;15,0;15;15;15;15;15;15;15,0;15,0;15,0;15,0;1,000000000000000;1,000000000000000;1,000000000000000;1,000000000000000;1,000000000000000;1,000000000000000;1,000000000000000;1,000000000000000;1,000000000000000;1,000000000000000;1,000000000000000
2023-10-21;alle;2;2,0;2;2;2;2;2;2;2;2;2;2;19;19,0;19;19;19;19;19;19;19,0;19,0;19,0;19,0;NA;NA;NA;NA;NA;NA;NA;NA;NA;NA;NA
2023-10-20;0-60;0;0,0;0;0;0;0;0;0;0;0;0;0;5;5,0;5;5;5;5;5;5;5,0;5,0;5,0;5,0;1,000000000000000;1,000000000000000;1,000000000000000;1,000000000000000;1,000000000000000;1,000000000000000;1,000000000000000;1,000000000000000;1,000000000000000;1,000000000000000;1,000000000000000
2023-10-20;60+;0;0,0;0;0;0;0;0;0;0;0;0;0;15;15,0;15;15;15;15;15;15;15,0;15,0;15,0;15,0;1,000000000000000;1,000000000000000;1,000000000000000;1,000000000000000;1,000000000000000;1,000000000000000;1,000000000000000;1,000000000000000;1,000000000000000;1,000000000000000;1,000000000000000
2023-10-20;alle;0;0,0;0;0;0;0;0;0;0;0;0;0;20;20,0;20;20;20;20;20;20;20,0;20,0;20,0;20,0;NA;NA;NA;NA;NA;NA;NA;NA;NA;NA;NA
2023-10-19;0-60;1;1,0;1;1;1;1;1;1;1;1;1;1;6;6,0;6;6;6;6;6;6;6,0;6,0;6,0;6,0;1,000000000000000;1,000000000000000;1,000000000000000;1,000000000000000;1,000000000000000;1,000000000000000;1,000000000000000;1,000000000000000;1,000000000000000;1,000000000000000;1,000000000000000
2023-10-19;60+;5;5,0;5;5;5;5;5;5;5;5;5;5;16;16,0;16;16;16;16;16;16;16,0;16,0;16,0;16,0;1,000000000000000;1,000000000000000;1,000000000000000;1,000000000000000;1,000000000000000;1,000000000000000;1,000000000000000;1,000000000000000;1,000000000000000;1,000000000000000;1,000000000000000
2023-10-19;alle;6;6,0;6;6;6;6;6;6;6;6;6;6;22;22,0;22;22;22;22;22;22;22,0;22,0;22,0;22,0;NA;NA;NA;NA;NA;NA;NA;NA;NA;NA;NA
2023-10-18;0-60;0;0,0;0;0;0;0;0;0;0;0;0;0;5;5,0;5;5;5;5;5;5;5,0;5,0;5,0;5,0;1,000000000000000;1,000000000000000;1,000000000000000;1,000000000000000;1,000000000000000;1,000000000000000;1,000000000000000;1,000000000000000;1,000000000000000;1,000000000000000;1,000000000000000
2023-10-18;60+;1;1,0;1;1;1;1;1;1;1;1;1;1;14;14,0;14;14;14;14;14;14;14,0;14,0;14,0;14,0;1,000000000000000;1,000000000000000;1,000000000000000;1,000000000000000;1,000000000000000;1,000000000000000;1,000000000000000;1,000000000000000;1,000000000000000;1,000000000000000;1,000000000000000
2023-10-18;alle;1;1,0;1;1;1;1;1;1;1;1;1;1;19;19,0;19;19;19;19;19;19;19,0;19,0;19,0;19,0;NA;NA;NA;NA;NA;NA;NA;NA;NA;NA;NA
2023-10-17;0-60;3;3,0;3;3;3;3;3;3;3;3;3;3;5;5,0;5;5;5;5;5;5;5,0;5,0;5,0;5,0;1,000000000000000;1,000000000000000;1,000000000000000;1,000000000000000;1,000000000000000;1,000000000000000;1,000000000000000;1,000000000000000;1,000000000000000;1,000000000000000;1,000000000000000
2023-10-17;60+;7;7,0;7;7;7;7;7;7;7;7;7;7;13;13,0;13;13;13;13;13;13;13,0;13,0;13,0;13,0;1,000000000000000;1,000000000000000;1,000000000000000;1,000000000000000;1,000000000000000;1,000000000000000;1,000000000000000;1,000000000000000;1,000000000000000;1,000000000000000;1,000000000000000
2023-10-17;alle;10;10,0;10;10;10;10;10;10;10;10;10;10;18;18,0;18;18;18;18;18;18;18,0;18,0;18,0;18,0;NA;NA;NA;NA;NA;NA;NA;NA;NA;NA;NA
2023-10-16;0-60;0;0,0;0;0;0;0;0;0;0;0;0;0;3;3,0;3;3;3;3;3;3;3,0;3,0;3,0;3,0;1,000000000000000;1,000000000000000;1,000000000000000;1,000000000000000;1,000000000000000;1,000000000000000;1,000000000000000;1,000000000000000;1,000000000000000;1,000000000000000;1,000000000000000
2023-10-16;60+;0;0,0;0;0;0;0;0;0;0;0;0;0;7;7,0;7;7;7;7;7;7;7,0;7,0;7,0;7,0;1,000000000000000;1,000000000000000;1,000000000000000;1,000000000000000;1,000000000000000;1,000000000000000;1,000000000000000;1,000000000000000;1,000000000000000;1,000000000000000;1,000000000000000
2023-10-16;alle;0;0,0;0;0;0;0;0;0;0;0;0;0;10;10,0;10;10;10;10;10;10;10,0;10,0;10,0;10,0;NA;NA;NA;NA;NA;NA;NA;NA;NA;NA;NA
2023-10-15;0-60;0;0,0;0;0;0;0;0;0;0;0;0;0;4;4,0;4;4;4;4;4;4;4,0;4,0;4,0;4,0;1,000000000000000;1,000000000000000;1,000000000000000;1,000000000000000;1,000000000000000;1,000000000000000;1,000000000000000;1,000000000000000;1,000000000000000;1,000000000000000;1,000000000000000
2023-10-15;60+;0;0,0;0;0;0;0;0;0;0;0;0;0;7;7,0;7;7;7;7;7;7;7,0;7,0;7,0;7,0;1,000000000000000;1,000000000000000;1,000000000000000;1,000000000000000;1,000000000000000;1,000000000000000;1,000000000000000;1,000000000000000;1,000000000000000;1,000000000000000;1,000000000000000
2023-10-15;alle;0;0,0;0;0;0;0;0;0;0;0;0;0;11;11,0;11;11;11;11;11;11;11,0;11,0;11,0;11,0;NA;NA;NA;NA;NA;NA;NA;NA;NA;NA;NA
2023-10-14;0-60;1;1,0;1;1;1;1;1;1;1;1;1;1;4;4,0;4;4;4;4;4;4;4,0;4,0;4,0;4,0;1,000000000000000;1,000000000000000;1,000000000000000;1,000000000000000;1,000000000000000;1,000000000000000;1,000000000000000;1,000000000000000;1,000000000000000;1,000000000000000;1,000000000000000
2023-10-14;60+;2;2,0;2;2;2;2;2;2;2;2;2;2;7;7,0;7;7;7;7;7;7;7,0;7,0;7,0;7,0;1,000000000000000;1,000000000000000;1,000000000000000;1,000000000000000;1,000000000000000;1,000000000000000;1,000000000000000;1,000000000000000;1,000000000000000;1,000000000000000;1,000000000000000
2023-10-14;alle;3;3,0;3;3;3;3;3;3;3;3;3;3;11;11,0;11;11;11;11;11;11;11,0;11,0;11,0;11,0;NA;NA;NA;NA;NA;NA;NA;NA;NA;NA;NA
2023-10-13;0-60;1;1,0;1;1;1;1;1;1;1;1;1;1;3;3,0;3;3;3;3;3;3;3,0;3,0;3,0;3,0;1,000000000000000;1,000000000000000;1,000000000000000;1,000000000000000;1,000000000000000;1,000000000000000;1,000000000000000;1,000000000000000;1,000000000000000;1,000000000000000;1,000000000000000
2023-10-13;60+;1;1,0;1;1;1;1;1;1;1;1;1;1;5;5,0;5;5;5;5;5;5;5,0;5,0;5,0;5,0;1,000000000000000;1,000000000000000;1,000000000000000;1,000000000000000;1,000000000000000;1,000000000000000;1,000000000000000;1,000000000000000;1,000000000000000;1,000000000000000;1,000000000000000
2023-10-13;alle;2;2,0;2;2;2;2;2;2;2;2;2;2;8;8,0;8;8;8;8;8;8;8,0;8,0;8,0;8,0;NA;NA;NA;NA;NA;NA;NA;NA;NA;NA;NA
2023-10-12;0-60;0;0,0;0;0;0;0;0;0;0;0;0;0;3;3,0;3;3;3;3;3;3;3,0;3,0;3,0;3,0;1,000000000000000;1,000000000000000;1,000000000000000;1,000000000000000;1,000000000000000;1,000000000000000;1,000000000000000;1,000000000000000;1,000000000000000;1,000000000000000;1,000000000000000
2023-10-12;60+;3;3,0;3;3;3;3;3;3;3;3;3;3;5;5,0;5;5;5;5;5;5;5,0;5,0;5,0;5,0;1,000000000000000;1,000000000000000;1,000000000000000;1,000000000000000;1,000000000000000;1,000000000000000;1,000000000000000;1,000000000000000;1,000000000000000;1,000000000000000;1,000000000000000
2023-10-12;alle;3;3,0;3;3;3;3;3;3;3;3;3;3;8;8,0;8;8;8;8;8;8;8,0;8,0;8,0;8,0;NA;NA;NA;NA;NA;NA;NA;NA;NA;NA;NA
2023-10-11;0-60;0;0,0;0;0;0;0;0;0;0;0;0;0;3;3,0;3;3;3;3;3;3;3,0;3,0;3,0;3,0;1,000000000000000;1,000000000000000;1,000000000000000;1,000000000000000;1,000000000000000;1,000000000000000;1,000000000000000;1,000000000000000;1,000000000000000;1,000000000000000;1,000000000000000
2023-10-11;60+;0;0,0;0;0;0;0;0;0;0;0;0;0;2;2,0;2;2;2;2;2;2;2,0;2,0;2,0;2,0;1,000000000000000;1,000000000000000;1,000000000000000;1,000000000000000;1,000000000000000;1,000000000000000;1,000000000000000;1,000000000000000;1,000000000000000;1,000000000000000;1,000000000000000
2023-10-11;alle;0;0,0;0;0;0;0;0;0;0;0;0;0;5;5,0;5;5;5;5;5;5;5,0;5,0;5,0;5,0;NA;NA;NA;NA;NA;NA;NA;NA;NA;NA;NA
2023-10-10;0-60;1;1,0;1;1;1;1;1;1;1;1;1;1;3;3,0;3;3;3;3;3;3;3,0;3,0;3,0;3,0;1,000000000000000;1,000000000000000;1,000000000000000;1,000000000000000;1,000000000000000;1,000000000000000;1,000000000000000;1,000000000000000;1,000000000000000;1,000000000000000;1,000000000000000
2023-10-10;60+;1;1,0;1;1;1;1;1;1;1;1;1;1;2;2,0;2;2;2;2;2;2;2,0;2,0;2,0;2,0;1,000000000000000;1,000000000000000;1,000000000000000;1,000000000000000;1,000000000000000;1,000000000000000;1,000000000000000;1,000000000000000;1,000000000000000;1,000000000000000;1,000000000000000
2023-10-10;alle;2;2,0;2;2;2;2;2;2;2;2;2;2;5;5,0;5;5;5;5;5;5;5,0;5,0;5,0;5,0;NA;NA;NA;NA;NA;NA;NA;NA;NA;NA;NA
2023-10-09;0-60;1;1,0;1;1;1;1;1;1;1;1;1;1;3;3,0;3;3;3;3;3;3;3,0;3,0;3,0;3,0;1,000000000000000;1,000000000000000;1,000000000000000;1,000000000000000;1,000000000000000;1,000000000000000;1,000000000000000;1,000000000000000;1,000000000000000;1,000000000000000;1,000000000000000
2023-10-09;60+;0;0,0;0;0;0;0;0;0;0;0;0;0;4;4,0;4;4;4;4;4;4;4,0;4,0;4,0;4,0;1,000000000000000;1,000000000000000;1,000000000000000;1,000000000000000;1,000000000000000;1,000000000000000;1,000000000000000;1,000000000000000;1,000000000000000;1,000000000000000;1,000000000000000
2023-10-09;alle;1;1,0;1;1;1;1;1;1;1;1;1;1;7;7,0;7;7;7;7;7;7;7,0;7,0;7,0;7,0;NA;NA;NA;NA;NA;NA;NA;NA;NA;NA;NA
2023-10-08;0-60;0;0,0;0;0;0;0;0;0;0;0;0;0;2;2,0;2;2;2;2;2;2;2,0;2,0;2,0;2,0;1,000000000000000;1,000000000000000;1,000000000000000;1,000000000000000;1,000000000000000;1,000000000000000;1,000000000000000;1,000000000000000;1,000000000000000;1,000000000000000;1,000000000000000
2023-10-08;60+;0;0,0;0;0;0;0;0;0;0;0;0;0;4;4,0;4;4;4;4;4;4;4,0;4,0;4,0;4,0;1,000000000000000;1,000000000000000;1,000000000000000;1,000000000000000;1,000000000000000;1,000000000000000;1,000000000000000;1,000000000000000;1,000000000000000;1,000000000000000;1,000000000000000
2023-10-08;alle;0;0,0;0;0;0;0;0;0;0;0;0;0;6;6,0;6;6;6;6;6;6;6,0;6,0;6,0;6,0;NA;NA;NA;NA;NA;NA;NA;NA;NA;NA;NA
2023-10-07;0-60;0;0,0;0;0;0;0;0;0;0;0;0;0;2;2,0;2;2;2;2;2;2;2,0;2,0;2,0;2,0;1,000000000000000;1,000000000000000;1,000000000000000;1,000000000000000;1,000000000000000;1,000000000000000;1,000000000000000;1,000000000000000;1,000000000000000;1,000000000000000;1,000000000000000
2023-10-07;60+;0;0,0;0;0;0;0;0;0;0;0;0;0;4;4,0;4;4;4;4;4;4;4,0;4,0;4,0;4,0;1,000000000000000;1,000000000000000;1,000000000000000;1,000000000000000;1,000000000000000;1,000000000000000;1,000000000000000;1,000000000000000;1,000000000000000;1,000000000000000;1,000000000000000
2023-10-07;alle;0;0,0;0;0;0;0;0;0;0;0;0;0;6;6,0;6;6;6;6;6;6;6,0;6,0;6,0;6,0;NA;NA;NA;NA;NA;NA;NA;NA;NA;NA;NA
2023-10-06;0-60;1;1,0;1;1;1;1;1;1;1;1;1;1;2;2,0;2;2;2;2;2;2;2,0;2,0;2,0;2,0;1,000000000000000;1,000000000000000;1,000000000000000;1,000000000000000;1,000000000000000;1,000000000000000;1,000000000000000;1,000000000000000;1,000000000000000;1,000000000000000;1,000000000000000
2023-10-06;60+;1;1,0;1;1;1;1;1;1;1;1;1;1;6;6,0;6;6;6;6;6;6;6,0;6,0;6,0;6,0;1,000000000000000;1,000000000000000;1,000000000000000;1,000000000000000;1,000000000000000;1,000000000000000;1,000000000000000;1,000000000000000;1,000000000000000;1,000000000000000;1,000000000000000
2023-10-06;alle;2;2,0;2;2;2;2;2;2;2;2;2;2;8;8,0;8;8;8;8;8;8;8,0;8,0;8,0;8,0;NA;NA;NA;NA;NA;NA;NA;NA;NA;NA;NA
2023-10-05;0-60;0;0,0;0;0;0;0;0;0;0;0;0;0;3;3,0;3;3;3;3;3;3;3,0;3,0;3,0;3,0;1,000000000000000;1,000000000000000;1,000000000000000;1,000000000000000;1,000000000000000;1,000000000000000;1,000000000000000;1,000000000000000;1,000000000000000;1,000000000000000;1,000000000000000
2023-10-05;60+;0;0,0;0;0;0;0;0;0;0;0;0;0;7;7,0;7;7;7;7;7;7;7,0;7,0;7,0;7,0;1,000000000000000;1,000000000000000;1,000000000000000;1,000000000000000;1,000000000000000;1,000000000000000;1,000000000000000;1,000000000000000;1,000000000000000;1,000000000000000;1,000000000000000
2023-10-05;alle;0;0,0;0;0;0;0;0;0;0;0;0;0;10;10,0;10;10;10;10;10;10;10,0;10,0;10,0;10,0;NA;NA;NA;NA;NA;NA;NA;NA;NA;NA;NA
2023-10-04;0-60;0;0,0;0;0;0;0;0;0;0;0;0;0;4;4,0;4;4;4;4;4;4;4,0;4,0;4,0;4,0;1,000000000000000;1,000000000000000;1,000000000000000;1,000000000000000;1,000000000000000;1,000000000000000;1,000000000000000;1,000000000000000;1,000000000000000;1,000000000000000;1,000000000000000
2023-10-04;60+;0;0,0;0;0;0;0;0;0;0;0;0;0;10;10,0;10;10;10;10;10;10;10,0;10,0;10,0;10,0;1,000000000000000;1,000000000000000;1,000000000000000;1,000000000000000;1,000000000000000;1,000000000000000;1,000000000000000;1,000000000000000;1,000000000000000;1,000000000000000;1,000000000000000
2023-10-04;alle;0;0,0;0;0;0;0;0;0;0;0;0;0;14;14,0;14;14;14;14;14;14;14,0;14,0;14,0;14,0;NA;NA;NA;NA;NA;NA;NA;NA;NA;NA;NA
2023-10-03;0-60;1;1,0;1;1;1;1;1;1;1;1;1;1;6;6,0;6;6;6;6;6;6;6,0;6,0;6,0;6,0;1,000000000000000;1,000000000000000;1,000000000000000;1,000000000000000;1,000000000000000;1,000000000000000;1,000000000000000;1,000000000000000;1,000000000000000;1,000000000000000;1,000000000000000
2023-10-03;60+;3;3,0;3;3;3;3;3;3;3;3;3;3;16;16,0;16;16;16;16;16;16;16,0;16,0;16,0;16,0;1,000000000000000;1,000000000000000;1,000000000000000;1,000000000000000;1,000000000000000;1,000000000000000;1,000000000000000;1,000000000000000;1,000000000000000;1,000000000000000;1,000000000000000
2023-10-03;alle;4;4,0;4;4;4;4;4;4;4;4;4;4;22;22,0;22;22;22;22;22;22;22,0;22,0;22,0;22,0;NA;NA;NA;NA;NA;NA;NA;NA;NA;NA;NA
2023-10-02;0-60;0;0,0;0;0;0;0;0;0;0;0;0;0;5;5,0;5;5;5;5;5;5;5,0;5,0;5,0;5,0;1,000000000000000;1,000000000000000;1,000000000000000;1,000000000000000;1,000000000000000;1,000000000000000;1,000000000000000;1,000000000000000;1,000000000000000;1,000000000000000;1,000000000000000
2023-10-02;60+;0;0,0;0;0;0;0;0;0;0;0;0;0;20;20,0;20;20;20;20;20;20;20,0;20,0;20,0;20,0;1,000000000000000;1,000000000000000;1,000000000000000;1,000000000000000;1,000000000000000;1,000000000000000;1,000000000000000;1,000000000000000;1,000000000000000;1,000000000000000;1,000000000000000
2023-10-02;alle;0;0,0;0;0;0;0;0;0;0;0;0;0;25;25,0;25;25;25;25;25;25;25,0;25,0;25,0;25,0;NA;NA;NA;NA;NA;NA;NA;NA;NA;NA;NA
2023-10-01;0-60;0;0,0;0;0;0;0;0;0;0;0;0;0;5;5,0;5;5;5;5;5;5;5,0;5,0;5,0;5,0;1,000000000000000;1,000000000000000;1,000000000000000;1,000000000000000;1,000000000000000;1,000000000000000;1,000000000000000;1,000000000000000;1,000000000000000;1,000000000000000;1,000000000000000
2023-10-01;60+;0;0,0;0;0;0;0;0;0;0;0;0;0;20;20,0;20;20;20;20;20;20;20,0;20,0;20,0;20,0;1,000000000000000;1,000000000000000;1,000000000000000;1,000000000000000;1,000000000000000;1,000000000000000;1,000000000000000;1,000000000000000;1,000000000000000;1,000000000000000;1,000000000000000
2023-10-01;alle;0;0,0;0;0;0;0;0;0;0;0;0;0;25;25,0;25;25;25;25;25;25;25,0;25,0;25,0;25,0;NA;NA;NA;NA;NA;NA;NA;NA;NA;NA;NA
2023-09-30;0-60;0;0,0;0;0;0;0;0;0;0;0;0;0;5;5,0;5;5;5;5;5;5;5,0;5,0;5,0;5,0;1,000000000000000;1,000000000000000;1,000000000000000;1,000000000000000;1,000000000000000;1,000000000000000;1,000000000000000;1,000000000000000;1,000000000000000;1,000000000000000;1,000000000000000
2023-09-30;60+;2;2,0;2;2;2;2;2;2;2;2;2;2;20;20,0;20;20;20;20;20;20;20,0;20,0;20,0;20,0;1,000000000000000;1,000000000000000;1,000000000000000;1,000000000000000;1,000000000000000;1,000000000000000;1,000000000000000;1,000000000000000;1,000000000000000;1,000000000000000;1,000000000000000
2023-09-30;alle;2;2,0;2;2;2;2;2;2;2;2;2;2;25;25,0;25;25;25;25;25;25;25,0;25,0;25,0;25,0;NA;NA;NA;NA;NA;NA;NA;NA;NA;NA;NA
2023-09-29;0-60;2;2,0;2;2;2;2;2;2;2;2;2;2;6;6,0;6;6;6;6;6;6;6,0;6,0;6,0;6,0;1,000000000000000;1,000000000000000;1,000000000000000;1,000000000000000;1,000000000000000;1,000000000000000;1,000000000000000;1,000000000000000;1,000000000000000;1,000000000000000;1,000000000000000
2023-09-29;60+;2;2,0;2;2;2;2;2;2;2;2;2;2;23;23,0;23;23;23;23;23;23;23,0;23,0;23,0;23,0;1,000000000000000;1,000000000000000;1,000000000000000;1,000000000000000;1,000000000000000;1,000000000000000;1,000000000000000;1,000000000000000;1,000000000000000;1,000000000000000;1,000000000000000
2023-09-29;alle;4;4,0;4;4;4;4;4;4;4;4;4;4;29;29,0;29;29;29;29;29;29;29,0;29,0;29,0;29,0;NA;NA;NA;NA;NA;NA;NA;NA;NA;NA;NA
2023-09-28;0-60;1;1,0;1;1;1;1;1;1;1;1;1;1;4;4,0;4;4;4;4;4;4;4,0;4,0;4,0;4,0;1,000000000000000;1,000000000000000;1,000000000000000;1,000000000000000;1,000000000000000;1,000000000000000;1,000000000000000;1,000000000000000;1,000000000000000;1,000000000000000;1,000000000000000
2023-09-28;60+;3;3,0;3;3;3;3;3;3;3;3;3;3;24;24,0;24;24;24;24;24;24;24,0;24,0;24,0;24,0;1,000000000000000;1,000000000000000;1,000000000000000;1,000000000000000;1,000000000000000;1,000000000000000;1,000000000000000;1,000000000000000;1,000000000000000;1,000000000000000;1,000000000000000
2023-09-28;alle;4;4,0;4;4;4;4;4;4;4;4;4;4;28;28,0;28;28;28;28;28;28;28,0;28,0;28,0;28,0;NA;NA;NA;NA;NA;NA;NA;NA;NA;NA;NA
2023-09-27;0-60;2;2,0;2;2;2;2;2;2;2;2;2;2;3;3,0;3;3;3;3;3;3;3,0;3,0;3,0;3,0;1,000000000000000;1,000000000000000;1,000000000000000;1,000000000000000;1,000000000000000;1,000000000000000;1,000000000000000;1,000000000000000;1,000000000000000;1,000000000000000;1,000000000000000
2023-09-27;60+;6;6,0;6;6;6;6;6;6;6;6;6;6;24;24,0;24;24;24;24;24;24;24,0;24,0;24,0;24,0;1,000000000000000;1,000000000000000;1,000000000000000;1,000000000000000;1,000000000000000;1,000000000000000;1,000000000000000;1,000000000000000;1,000000000000000;1,000000000000000;1,000000000000000
2023-09-27;alle;8;8,0;8;8;8;8;8;8;8;8;8;8;27;27,0;27;27;27;27;27;27;27,0;27,0;27,0;27,0;NA;NA;NA;NA;NA;NA;NA;NA;NA;NA;NA
2023-09-26;0-60;0;0,0;0;0;0;0;0;0;0;0;0;0;1;1,0;1;1;1;1;1;1;1,0;1,0;1,0;1,0;1,000000000000000;1,000000000000000;1,000000000000000;1,000000000000000;1,000000000000000;1,000000000000000;1,000000000000000;1,000000000000000;1,000000000000000;1,000000000000000;1,000000000000000
2023-09-26;60+;7;7,0;7;7;7;7;7;7;7;7;7;7;19;19,0;19;19;19;19;19;19;19,0;19,0;19,0;19,0;1,000000000000000;1,000000000000000;1,000000000000000;1,000000000000000;1,000000000000000;1,000000000000000;1,000000000000000;1,000000000000000;1,000000000000000;1,000000000000000;1,000000000000000
2023-09-26;alle;7;7,0;7;7;7;7;7;7;7;7;7;7;20;20,0;20;20;20;20;20;20;20,0;20,0;20,0;20,0;NA;NA;NA;NA;NA;NA;NA;NA;NA;NA;NA
2023-09-25;0-60;0;0,0;0;0;0;0;0;0;0;0;0;0;2;2,0;2;2;2;2;2;2;2,0;2,0;2,0;2,0;1,000000000000000;1,000000000000000;1,000000000000000;1,000000000000000;1,000000000000000;1,000000000000000;1,000000000000000;1,000000000000000;1,000000000000000;1,000000000000000;1,000000000000000
2023-09-25;60+;0;0,0;0;0;0;0;0;0;0;0;0;0;22;22,0;22;22;22;22;22;22;22,0;22,0;22,0;22,0;1,000000000000000;1,000000000000000;1,000000000000000;1,000000000000000;1,000000000000000;1,000000000000000;1,000000000000000;1,000000000000000;1,000000000000000;1,000000000000000;1,000000000000000
2023-09-25;alle;0;0,0;0;0;0;0;0;0;0;0;0;0;24;24,0;24;24;24;24;24;24;24,0;24,0;24,0;24,0;NA;NA;NA;NA;NA;NA;NA;NA;NA;NA;NA
2023-09-24;0-60;0;0,0;0;0;0;0;0;0;0;0;0;0;2;2,0;2;2;2;2;2;2;2,0;2,0;2,0;2,0;1,000000000000000;1,000000000000000;1,000000000000000;1,000000000000000;1,000000000000000;1,000000000000000;1,000000000000000;1,000000000000000;1,000000000000000;1,000000000000000;1,000000000000000
2023-09-24;60+;0;0,0;0;0;0;0;0;0;0;0;0;0;22;22,0;22;22;22;22;22;22;22,0;22,0;22,0;22,0;1,000000000000000;1,000000000000000;1,000000000000000;1,000000000000000;1,000000000000000;1,000000000000000;1,000000000000000;1,000000000000000;1,000000000000000;1,000000000000000;1,000000000000000
2023-09-24;alle;0;0,0;0;0;0;0;0;0;0;0;0;0;24;24,0;24;24;24;24;24;24;24,0;24,0;24,0;24,0;NA;NA;NA;NA;NA;NA;NA;NA;NA;NA;NA
2023-09-23;0-60;1;1,0;1;1;1;1;1;1;1;1;1;1;2;2,0;2;2;2;2;2;2;2,0;2,0;2,0;2,0;1,000000000000000;1,000000000000000;1,000000000000000;1,000000000000000;1,000000000000000;1,000000000000000;1,000000000000000;1,000000000000000;1,000000000000000;1,000000000000000;1,000000000000000
2023-09-23;60+;5;5,0;5;5;5;5;5;5;5;5;5;5;22;22,0;22;22;22;22;22;22;22,0;22,0;22,0;22,0;1,000000000000000;1,000000000000000;1,000000000000000;1,000000000000000;1,000000000000000;1,000000000000000;1,000000000000000;1,000000000000000;1,000000000000000;1,000000000000000;1,000000000000000
2023-09-23;alle;6;6,0;6;6;6;6;6;6;6;6;6;6;24;24,0;24;24;24;24;24;24;24,0;24,0;24,0;24,0;NA;NA;NA;NA;NA;NA;NA;NA;NA;NA;NA
2023-09-22;0-60;0;0,0;0;0;0;0;0;0;0;0;0;0;2;2,0;2;2;2;2;2;2;2,0;2,0;2,0;2,0;1,000000000000000;1,000000000000000;1,000000000000000;1,000000000000000;1,000000000000000;1,000000000000000;1,000000000000000;1,000000000000000;1,000000000000000;1,000000000000000;1,000000000000000
2023-09-22;60+;3;3,0;3;3;3;3;3;3;3;3;3;3;22;22,0;22;22;22;22;22;22;22,0;22,0;22,0;22,0;1,000000000000000;1,000000000000000;1,000000000000000;1,000000000000000;1,000000000000000;1,000000000000000;1,000000000000000;1,000000000000000;1,000000000000000;1,000000000000000;1,000000000000000
2023-09-22;alle;3;3,0;3;3;3;3;3;3;3;3;3;3;24;24,0;24;24;24;24;24;24;24,0;24,0;24,0;24,0;NA;NA;NA;NA;NA;NA;NA;NA;NA;NA;NA
2023-09-21;0-60;0;0,0;0;0;0;0;0;0;0;0;0;0;2;2,0;2;2;2;2;2;2;2,0;2,0;2,0;2,0;1,000000000000000;1,000000000000000;1,000000000000000;1,000000000000000;1,000000000000000;1,000000000000000;1,000000000000000;1,000000000000000;1,000000000000000;1,000000000000000;1,000000000000000
2023-09-21;60+;3;3,0;3;3;3;3;3;3;3;3;3;3;20;20,0;20;20;20;20;20;20;20,0;20,0;20,0;20,0;1,000000000000000;1,000000000000000;1,000000000000000;1,000000000000000;1,000000000000000;1,000000000000000;1,000000000000000;1,000000000000000;1,000000000000000;1,000000000000000;1,000000000000000
2023-09-21;alle;3;3,0;3;3;3;3;3;3;3;3;3;3;22;22,0;22;22;22;22;22;22;22,0;22,0;22,0;22,0;NA;NA;NA;NA;NA;NA;NA;NA;NA;NA;NA
2023-09-20;0-60;0;0,0;0;0;0;0;0;0;0;0;0;0;6;6,0;6;6;6;6;6;6;6,0;6,0;6,0;6,0;1,000000000000000;1,000000000000000;1,000000000000000;1,000000000000000;1,000000000000000;1,000000000000000;1,000000000000000;1,000000000000000;1,000000000000000;1,000000000000000;1,000000000000000
2023-09-20;60+;1;1,0;1;1;1;1;1;1;1;1;1;1;17;17,0;17;17;17;17;17;17;17,0;17,0;17,0;17,0;1,000000000000000;1,000000000000000;1,000000000000000;1,000000000000000;1,000000000000000;1,000000000000000;1,000000000000000;1,000000000000000;1,000000000000000;1,000000000000000;1,000000000000000
2023-09-20;alle;1;1,0;1;1;1;1;1;1;1;1;1;1;23;23,0;23;23;23;23;23;23;23,0;23,0;23,0;23,0;NA;NA;NA;NA;NA;NA;NA;NA;NA;NA;NA
2023-09-19;0-60;1;1,0;1;1;1;1;1;1;1;1;1;1;7;7,0;7;7;7;7;7;7;7,0;7,0;7,0;7,0;1,000000000000000;1,000000000000000;1,000000000000000;1,000000000000000;1,000000000000000;1,000000000000000;1,000000000000000;1,000000000000000;1,000000000000000;1,000000000000000;1,000000000000000
2023-09-19;60+;10;10,0;10;10;10;10;10;10;10;10;10;10;21;21,0;21;21;21;21;21;21;21,0;21,0;21,0;21,0;1,000000000000000;1,000000000000000;1,000000000000000;1,000000000000000;1,000000000000000;1,000000000000000;1,000000000000000;1,000000000000000;1,000000000000000;1,000000000000000;1,000000000000000
2023-09-19;alle;11;11,0;11;11;11;11;11;11;11;11;11;11;28;28,0;28;28;28;28;28;28;28,0;28,0;28,0;28,0;NA;NA;NA;NA;NA;NA;NA;NA;NA;NA;NA
2023-09-18;0-60;0;0,0;0;0;0;0;0;0;0;0;0;0;6;6,0;6;6;6;6;6;6;6,0;6,0;6,0;6,0;1,000000000000000;1,000000000000000;1,000000000000000;1,000000000000000;1,000000000000000;1,000000000000000;1,000000000000000;1,000000000000000;1,000000000000000;1,000000000000000;1,000000000000000
2023-09-18;60+;0;0,0;0;0;0;0;0;0;0;0;0;0;16;16,0;16;16;16;16;16;16;16,0;16,0;16,0;16,0;1,000000000000000;1,000000000000000;1,000000000000000;1,000000000000000;1,000000000000000;1,000000000000000;1,000000000000000;1,000000000000000;1,000000000000000;1,000000000000000;1,000000000000000
2023-09-18;alle;0;0,0;0;0;0;0;0;0;0;0;0;0;22;22,0;22;22;22;22;22;22;22,0;22,0;22,0;22,0;NA;NA;NA;NA;NA;NA;NA;NA;NA;NA;NA
2023-09-17;0-60;0;0,0;0;0;0;0;0;0;0;0;0;0;6;6,0;6;6;6;6;6;6;6,0;6,0;6,0;6,0;1,000000000000000;1,000000000000000;1,000000000000000;1,000000000000000;1,000000000000000;1,000000000000000;1,000000000000000;1,000000000000000;1,000000000000000;1,000000000000000;1,000000000000000
2023-09-17;60+;0;0,0;0;0;0;0;0;0;0;0;0;0;16;16,0;16;16;16;16;16;16;16,0;16,0;16,0;16,0;1,000000000000000;1,000000000000000;1,000000000000000;1,000000000000000;1,000000000000000;1,000000000000000;1,000000000000000;1,000000000000000;1,000000000000000;1,000000000000000;1,000000000000000
2023-09-17;alle;0;0,0;0;0;0;0;0;0;0;0;0;0;22;22,0;22;22;22;22;22;22;22,0;22,0;22,0;22,0;NA;NA;NA;NA;NA;NA;NA;NA;NA;NA;NA
2023-09-16;0-60;1;1,0;1;1;1;1;1;1;1;1;1;1;6;6,0;6;6;6;6;6;6;6,0;6,0;6,0;6,0;1,000000000000000;1,000000000000000;1,000000000000000;1,000000000000000;1,000000000000000;1,000000000000000;1,000000000000000;1,000000000000000;1,000000000000000;1,000000000000000;1,000000000000000
2023-09-16;60+;5;5,0;5;5;5;5;5;5;5;5;5;5;16;16,0;16;16;16;16;16;16;16,0;16,0;16,0;16,0;1,000000000000000;1,000000000000000;1,000000000000000;1,000000000000000;1,000000000000000;1,000000000000000;1,000000000000000;1,000000000000000;1,000000000000000;1,000000000000000;1,000000000000000
2023-09-16;alle;6;6,0;6;6;6;6;6;6;6;6;6;6;22;22,0;22;22;22;22;22;22;22,0;22,0;22,0;22,0;NA;NA;NA;NA;NA;NA;NA;NA;NA;NA;NA
2023-09-15;0-60;0;0,0;0;0;0;0;0;0;0;0;0;0;12;12,0;12;12;12;12;12;12;12,0;12,0;12,0;12,0;1,000000000000000;1,000000000000000;1,000000000000000;1,000000000000000;1,000000000000000;1,000000000000000;1,000000000000000;1,000000000000000;1,000000000000000;1,000000000000000;1,000000000000000
2023-09-15;60+;1;1,0;1;1;1;1;1;1;1;1;1;1;13;13,0;13;13;13;13;13;13;13,0;13,0;13,0;13,0;1,000000000000000;1,000000000000000;1,000000000000000;1,000000000000000;1,000000000000000;1,000000000000000;1,000000000000000;1,000000000000000;1,000000000000000;1,000000000000000;1,000000000000000
2023-09-15;alle;1;1,0;1;1;1;1;1;1;1;1;1;1;25;25,0;25;25;25;25;25;25;25,0;25,0;25,0;25,0;NA;NA;NA;NA;NA;NA;NA;NA;NA;NA;NA
2023-09-14;0-60;4;4,0;4;4;4;4;4;4;4;4;4;4;17;17,0;17;17;17;17;17;17;17,0;17,0;17,0;17,0;1,000000000000000;1,000000000000000;1,000000000000000;1,000000000000000;1,000000000000000;1,000000000000000;1,000000000000000;1,000000000000000;1,000000000000000;1,000000000000000;1,000000000000000
2023-09-14;60+;0;0,0;0;0;0;0;0;0;0;0;0;0;24;24,0;24;24;24;24;24;24;24,0;24,0;24,0;24,0;1,000000000000000;1,000000000000000;1,000000000000000;1,000000000000000;1,000000000000000;1,000000000000000;1,000000000000000;1,000000000000000;1,000000000000000;1,000000000000000;1,000000000000000
2023-09-14;alle;4;4,0;4;4;4;4;4;4;4;4;4;4;41;41,0;41;41;41;41;41;41;41,0;41,0;41,0;41,0;NA;NA;NA;NA;NA;NA;NA;NA;NA;NA;NA
2023-09-13;0-60;1;1,0;1;1;1;1;1;1;1;1;1;1;13;13,0;13;13;13;13;13;13;13,0;13,0;13,0;13,0;1,000000000000000;1,000000000000000;1,000000000000000;1,000000000000000;1,000000000000000;1,000000000000000;1,000000000000000;1,000000000000000;1,000000000000000;1,000000000000000;1,000000000000000
2023-09-13;60+;5;5,0;5;5;5;5;5;5;5;5;5;5;32;32,0;32;32;32;32;32;32;32,0;32,0;32,0;32,0;1,000000000000000;1,000000000000000;1,000000000000000;1,000000000000000;1,000000000000000;1,000000000000000;1,000000000000000;1,000000000000000;1,000000000000000;1,000000000000000;1,000000000000000
2023-09-13;alle;6;6,0;6;6;6;6;6;6;6;6;6;6;45;45,0;45;45;45;45;45;45;45,0;45,0;45,0;45,0;NA;NA;NA;NA;NA;NA;NA;NA;NA;NA;NA
2023-09-12;0-60;0;0,0;0;0;0;0;0;0;0;0;0;0;14;14,0;14;14;14;14;14;14;14,0;14,0;14,0;14,0;1,000000000000000;1,000000000000000;1,000000000000000;1,000000000000000;1,000000000000000;1,000000000000000;1,000000000000000;1,000000000000000;1,000000000000000;1,000000000000000;1,000000000000000
2023-09-12;60+;5;5,0;5;5;5;5;5;5;5;5;5;5;34;34,0;34;34;34;34;34;34;34,0;34,0;34,0;34,0;1,000000000000000;1,000000000000000;1,000000000000000;1,000000000000000;1,000000000000000;1,000000000000000;1,000000000000000;1,000000000000000;1,000000000000000;1,000000000000000;1,000000000000000
2023-09-12;alle;5;5,0;5;5;5;5;5;5;5;5;5;5;48;48,0;48;48;48;48;48;48;48,0;48,0;48,0;48,0;NA;NA;NA;NA;NA;NA;NA;NA;NA;NA;NA
2023-09-11;0-60;0;0,0;0;0;0;0;0;0;0;0;0;0;14;14,0;14;14;14;14;14;14;14,0;14,0;14,0;14,0;1,000000000000000;1,000000000000000;1,000000000000000;1,000000000000000;1,000000000000000;1,000000000000000;1,000000000000000;1,000000000000000;1,000000000000000;1,000000000000000;1,000000000000000
2023-09-11;60+;0;0,0;0;0;0;0;0;0;0;0;0;0;33;33,0;33;33;33;33;33;33;33,0;33,0;33,0;33,0;1,000000000000000;1,000000000000000;1,000000000000000;1,000000000000000;1,000000000000000;1,000000000000000;1,000000000000000;1,000000000000000;1,000000000000000;1,000000000000000;1,000000000000000
2023-09-11;alle;0;0,0;0;0;0;0;0;0;0;0;0;0;47;47,0;47;47;47;47;47;47;47,0;47,0;47,0;47,0;NA;NA;NA;NA;NA;NA;NA;NA;NA;NA;NA
2023-09-10;0-60;0;0,0;0;0;0;0;0;0;0;0;0;0;14;14,0;14;14;14;14;14;14;14,0;14,0;14,0;14,0;1,000000000000000;1,000000000000000;1,000000000000000;1,000000000000000;1,000000000000000;1,000000000000000;1,000000000000000;1,000000000000000;1,000000000000000;1,000000000000000;1,000000000000000
2023-09-10;60+;0;0,0;0;0;0;0;0;0;0;0;0;0;33;33,0;33;33;33;33;33;33;33,0;33,0;33,0;33,0;1,000000000000000;1,000000000000000;1,000000000000000;1,000000000000000;1,000000000000000;1,000000000000000;1,000000000000000;1,000000000000000;1,000000000000000;1,000000000000000;1,000000000000000
2023-09-10;alle;0;0,0;0;0;0;0;0;0;0;0;0;0;47;47,0;47;47;47;47;47;47;47,0;47,0;47,0;47,0;NA;NA;NA;NA;NA;NA;NA;NA;NA;NA;NA
2023-09-09;0-60;7;7,0;7;7;7;7;7;7;7;7;7;7;14;14,0;14;14;14;14;14;14;14,0;14,0;14,0;14,0;1,000000000000000;1,000000000000000;1,000000000000000;1,000000000000000;1,000000000000000;1,000000000000000;1,000000000000000;1,000000000000000;1,000000000000000;1,000000000000000;1,000000000000000
2023-09-09;60+;2;2,0;2;2;2;2;2;2;2;2;2;2;33;33,0;33;33;33;33;33;33;33,0;33,0;33,0;33,0;1,000000000000000;1,000000000000000;1,000000000000000;1,000000000000000;1,000000000000000;1,000000000000000;1,000000000000000;1,000000000000000;1,000000000000000;1,000000000000000;1,000000000000000
2023-09-09;alle;9;9,0;9;9;9;9;9;9;9;9;9;9;47;47,0;47;47;47;47;47;47;47,0;47,0;47,0;47,0;NA;NA;NA;NA;NA;NA;NA;NA;NA;NA;NA
2023-09-08;0-60;5;5,0;5;5;5;5;5;5;5;5;5;5;7;7,0;7;7;7;7;7;7;7,0;7,0;7,0;7,0;1,000000000000000;1,000000000000000;1,000000000000000;1,000000000000000;1,000000000000000;1,000000000000000;1,000000000000000;1,000000000000000;1,000000000000000;1,000000000000000;1,000000000000000
2023-09-08;60+;12;12,0;12;12;12;12;12;12;12;12;12;12;39;39,0;39;39;39;39;39;39;39,0;39,0;39,0;39,0;1,000000000000000;1,000000000000000;1,000000000000000;1,000000000000000;1,000000000000000;1,000000000000000;1,000000000000000;1,000000000000000;1,000000000000000;1,000000000000000;1,000000000000000
2023-09-08;alle;17;17,0;17;17;17;17;17;17;17;17;17;17;46;46,0;46;46;46;46;46;46;46,0;46,0;46,0;46,0;NA;NA;NA;NA;NA;NA;NA;NA;NA;NA;NA
2023-09-07;0-60;0;0,0;0;0;0;0;0;0;0;0;0;0;2;2,0;2;2;2;2;2;2;2,0;2,0;2,0;2,0;1,000000000000000;1,000000000000000;1,000000000000000;1,000000000000000;1,000000000000000;1,000000000000000;1,000000000000000;1,000000000000000;1,000000000000000;1,000000000000000;1,000000000000000
2023-09-07;60+;8;8,0;8;8;8;8;8;8;8;8;8;8;28;28,0;28;28;28;28;28;28;28,0;28,0;28,0;28,0;1,000000000000000;1,000000000000000;1,000000000000000;1,000000000000000;1,000000000000000;1,000000000000000;1,000000000000000;1,000000000000000;1,000000000000000;1,000000000000000;1,000000000000000
2023-09-07;alle;8;8,0;8;8;8;8;8;8;8;8;8;8;30;30,0;30;30;30;30;30;30;30,0;30,0;30,0;30,0;NA;NA;NA;NA;NA;NA;NA;NA;NA;NA;NA
2023-09-06;0-60;2;2,0;2;2;2;2;2;2;2;2;2;2;14;14,0;14;14;14;14;14;14;14,0;14,0;14,0;14,0;1,000000000000000;1,000000000000000;1,000000000000000;1,000000000000000;1,000000000000000;1,000000000000000;1,000000000000000;1,000000000000000;1,000000000000000;1,000000000000000;1,000000000000000
2023-09-06;60+;7;7,0;7;7;7;7;7;7;7;7;7;7;31;31,0;31;31;31;31;31;31;31,0;31,0;31,0;31,0;1,000000000000000;1,000000000000000;1,000000000000000;1,000000000000000;1,000000000000000;1,000000000000000;1,000000000000000;1,000000000000000;1,000000000000000;1,000000000000000;1,000000000000000
2023-09-06;alle;9;9,0;9;9;9;9;9;9;9;9;9;9;45;45,0;45;45;45;45;45;45;45,0;45,0;45,0;45,0;NA;NA;NA;NA;NA;NA;NA;NA;NA;NA;NA
2023-09-05;0-60;0;0,0;0;0;0;0;0;0;0;0;0;0;16;16,0;16;16;16;16;16;16;16,0;16,0;16,0;16,0;1,000000000000000;1,000000000000000;1,000000000000000;1,000000000000000;1,000000000000000;1,000000000000000;1,000000000000000;1,000000000000000;1,000000000000000;1,000000000000000;1,000000000000000
2023-09-05;60+;4;4,0;4;4;4;4;4;4;4;4;4;4;32;32,0;32;32;32;32;32;32;32,0;32,0;32,0;32,0;1,000000000000000;1,000000000000000;1,000000000000000;1,000000000000000;1,000000000000000;1,000000000000000;1,000000000000000;1,000000000000000;1,000000000000000;1,000000000000000;1,000000000000000
2023-09-05;alle;4;4,0;4;4;4;4;4;4;4;4;4;4;48;48,0;48;48;48;48;48;48;48,0;48,0;48,0;48,0;NA;NA;NA;NA;NA;NA;NA;NA;NA;NA;NA
2023-09-04;0-60;0;0,0;0;0;0;0;0;0;0;0;0;0;19;19,0;19;19;19;19;19;19;19,0;19,0;19,0;19,0;1,000000000000000;1,000000000000000;1,000000000000000;1,000000000000000;1,000000000000000;1,000000000000000;1,000000000000000;1,000000000000000;1,000000000000000;1,000000000000000;1,000000000000000
2023-09-04;60+;0;0,0;0;0;0;0;0;0;0;0;0;0;38;38,0;38;38;38;38;38;38;38,0;38,0;38,0;38,0;1,000000000000000;1,000000000000000;1,000000000000000;1,000000000000000;1,000000000000000;1,000000000000000;1,000000000000000;1,000000000000000;1,000000000000000;1,000000000000000;1,000000000000000
2023-09-04;alle;0;0,0;0;0;0;0;0;0;0;0;0;0;57;57,0;57;57;57;57;57;57;57,0;57,0;57,0;57,0;NA;NA;NA;NA;NA;NA;NA;NA;NA;NA;NA
2023-09-03;0-60;0;0,0;0;0;0;0;0;0;0;0;0;0;19;19,0;19;19;19;19;19;19;19,0;19,0;19,0;19,0;1,000000000000000;1,000000000000000;1,000000000000000;1,000000000000000;1,000000000000000;1,000000000000000;1,000000000000000;1,000000000000000;1,000000000000000;1,000000000000000;1,000000000000000
2023-09-03;60+;0;0,0;0;0;0;0;0;0;0;0;0;0;38;38,0;38;38;38;38;38;38;38,0;38,0;38,0;38,0;1,000000000000000;1,000000000000000;1,000000000000000;1,000000000000000;1,000000000000000;1,000000000000000;1,000000000000000;1,000000000000000;1,000000000000000;1,000000000000000;1,000000000000000
2023-09-03;alle;0;0,0;0;0;0;0;0;0;0;0;0;0;57;57,0;57;57;57;57;57;57;57,0;57,0;57,0;57,0;NA;NA;NA;NA;NA;NA;NA;NA;NA;NA;NA
2023-09-02;0-60;0;0,0;0;0;0;0;0;0;0;0;0;0;19;19,0;19;19;19;19;19;19;19,0;19,0;19,0;19,0;1,000000000000000;1,000000000000000;1,000000000000000;1,000000000000000;1,000000000000000;1,000000000000000;1,000000000000000;1,000000000000000;1,000000000000000;1,000000000000000;1,000000000000000
2023-09-02;60+;8;8,0;8;8;8;8;8;8;8;8;8;8;38;38,0;38;38;38;38;38;38;38,0;38,0;38,0;38,0;1,000000000000000;1,000000000000000;1,000000000000000;1,000000000000000;1,000000000000000;1,000000000000000;1,000000000000000;1,000000000000000;1,000000000000000;1,000000000000000;1,000000000000000
2023-09-02;alle;8;8,0;8;8;8;8;8;8;8;8;8;8;57;57,0;57;57;57;57;57;57;57,0;57,0;57,0;57,0;NA;NA;NA;NA;NA;NA;NA;NA;NA;NA;NA
2023-09-01;0-60;0;0,0;0;0;0;0;0;0;0;0;0;0;19;19,0;19;19;19;19;19;19;19,0;19,0;19,0;19,0;1,000000000000000;1,000000000000000;1,000000000000000;1,000000000000000;1,000000000000000;1,000000000000000;1,000000000000000;1,000000000000000;1,000000000000000;1,000000000000000;1,000000000000000
2023-09-01;60+;1;1,0;1;1;1;1;1;1;1;1;1;1;37;37,0;37;37;37;37;37;37;37,0;37,0;37,0;37,0;1,000000000000000;1,000000000000000;1,000000000000000;1,000000000000000;1,000000000000000;1,000000000000000;1,000000000000000;1,000000000000000;1,000000000000000;1,000000000000000;1,000000000000000
2023-09-01;alle;1;1,0;1;1;1;1;1;1;1;1;1;1;56;56,0;56;56;56;56;56;56;56,0;56,0;56,0;56,0;NA;NA;NA;NA;NA;NA;NA;NA;NA;NA;NA
2023-08-31;0-60;12;12,0;12;12;12;12;12;12;12;12;12;12;19;19,0;19;19;19;19;19;19;19,0;19,0;19,0;19,0;1,000000000000000;1,000000000000000;1,000000000000000;1,000000000000000;1,000000000000000;1,000000000000000;1,000000000000000;1,000000000000000;1,000000000000000;1,000000000000000;1,000000000000000
2023-08-31;60+;11;11,0;11;11;11;11;11;11;11;11;11;11;42;42,0;42;42;42;42;42;42;42,0;42,0;42,0;42,0;1,000000000000000;1,000000000000000;1,000000000000000;1,000000000000000;1,000000000000000;1,000000000000000;1,000000000000000;1,000000000000000;1,000000000000000;1,000000000000000;1,000000000000000
2023-08-31;alle;23;23,0;23;23;23;23;23;23;23;23;23;23;61;61,0;61;61;61;61;61;61;61,0;61,0;61,0;61,0;NA;NA;NA;NA;NA;NA;NA;NA;NA;NA;NA
2023-08-30;0-60;4;4,0;4;4;4;4;4;4;4;4;4;4;7;7,0;7;7;7;7;7;7;7,0;7,0;7,0;7,0;1,000000000000000;1,000000000000000;1,000000000000000;1,000000000000000;1,000000000000000;1,000000000000000;1,000000000000000;1,000000000000000;1,000000000000000;1,000000000000000;1,000000000000000
2023-08-30;60+;8;8,0;8;8;8;8;8;8;8;8;8;8;33;33,0;33;33;33;33;33;33;33,0;33,0;33,0;33,0;1,000000000000000;1,000000000000000;1,000000000000000;1,000000000000000;1,000000000000000;1,000000000000000;1,000000000000000;1,000000000000000;1,000000000000000;1,000000000000000;1,000000000000000
2023-08-30;alle;12;12,0;12;12;12;12;12;12;12;12;12;12;40;40,0;40;40;40;40;40;40;40,0;40,0;40,0;40,0;NA;NA;NA;NA;NA;NA;NA;NA;NA;NA;NA
2023-08-29;0-60;3;3,0;3;3;3;3;3;3;3;3;3;3;3;3,0;3;3;3;3;3;3;3,0;3,0;3,0;3,0;1,000000000000000;1,000000000000000;1,000000000000000;1,000000000000000;1,000000000000000;1,000000000000000;1,000000000000000;1,000000000000000;1,000000000000000;1,000000000000000;1,000000000000000
2023-08-29;60+;10;10,0;10;10;10;10;10;10;10;10;10;10;31;31,0;31;31;31;31;31;31;31,0;31,0;31,0;31,0;1,000000000000000;1,000000000000000;1,000000000000000;1,000000000000000;1,000000000000000;1,000000000000000;1,000000000000000;1,000000000000000;1,000000000000000;1,000000000000000;1,000000000000000
2023-08-29;alle;13;13,0;13;13;13;13;13;13;13;13;13;13;34;34,0;34;34;34;34;34;34;34,0;34,0;34,0;34,0;NA;NA;NA;NA;NA;NA;NA;NA;NA;NA;NA
2023-08-28;0-60;0;0,0;0;0;0;0;0;0;0;0;0;0;3;3,0;3;3;3;3;3;3;3,0;3,0;3,0;3,0;1,000000000000000;1,000000000000000;1,000000000000000;1,000000000000000;1,000000000000000;1,000000000000000;1,000000000000000;1,000000000000000;1,000000000000000;1,000000000000000;1,000000000000000
2023-08-28;60+;0;0,0;0;0;0;0;0;0;0;0;0;0;36;36,0;36;36;36;36;36;36;36,0;36,0;36,0;36,0;1,000000000000000;1,000000000000000;1,000000000000000;1,000000000000000;1,000000000000000;1,000000000000000;1,000000000000000;1,000000000000000;1,000000000000000;1,000000000000000;1,000000000000000
2023-08-28;alle;0;0,0;0;0;0;0;0;0;0;0;0;0;39;39,0;39;39;39;39;39;39;39,0;39,0;39,0;39,0;NA;NA;NA;NA;NA;NA;NA;NA;NA;NA;NA
2023-08-27;0-60;0;0,0;0;0;0;0;0;0;0;0;0;0;3;3,0;3;3;3;3;3;3;3,0;3,0;3,0;3,0;1,000000000000000;1,000000000000000;1,000000000000000;1,000000000000000;1,000000000000000;1,000000000000000;1,000000000000000;1,000000000000000;1,000000000000000;1,000000000000000;1,000000000000000
2023-08-27;60+;0;0,0;0;0;0;0;0;0;0;0;0;0;36;36,0;36;36;36;36;36;36;36,0;36,0;36,0;36,0;1,000000000000000;1,000000000000000;1,000000000000000;1,000000000000000;1,000000000000000;1,000000000000000;1,000000000000000;1,000000000000000;1,000000000000000;1,000000000000000;1,000000000000000
2023-08-27;alle;0;0,0;0;0;0;0;0;0;0;0;0;0;39;39,0;39;39;39;39;39;39;39,0;39,0;39,0;39,0;NA;NA;NA;NA;NA;NA;NA;NA;NA;NA;NA
2023-08-26;0-60;0;0,0;0;0;0;0;0;0;0;0;0;0;3;3,0;3;3;3;3;3;3;3,0;3,0;3,0;3,0;1,000000000000000;1,000000000000000;1,000000000000000;1,000000000000000;1,000000000000000;1,000000000000000;1,000000000000000;1,000000000000000;1,000000000000000;1,000000000000000;1,000000000000000
2023-08-26;60+;7;7,0;7;7;7;7;7;7;7;7;7;7;36;36,0;36;36;36;36;36;36;36,0;36,0;36,0;36,0;1,000000000000000;1,000000000000000;1,000000000000000;1,000000000000000;1,000000000000000;1,000000000000000;1,000000000000000;1,000000000000000;1,000000000000000;1,000000000000000;1,000000000000000
2023-08-26;alle;7;7,0;7;7;7;7;7;7;7;7;7;7;39;39,0;39;39;39;39;39;39;39,0;39,0;39,0;39,0;NA;NA;NA;NA;NA;NA;NA;NA;NA;NA;NA
2023-08-25;0-60;0;0,0;0;0;0;0;0;0;0;0;0;0;3;3,0;3;3;3;3;3;3;3,0;3,0;3,0;3,0;1,000000000000000;1,000000000000000;1,000000000000000;1,000000000000000;1,000000000000000;1,000000000000000;1,000000000000000;1,000000000000000;1,000000000000000;1,000000000000000;1,000000000000000
2023-08-25;60+;6;6,0;6;6;6;6;6;6;6;6;6;6;29;29,0;29;29;29;29;29;29;29,0;29,0;29,0;29,0;1,000000000000000;1,000000000000000;1,000000000000000;1,000000000000000;1,000000000000000;1,000000000000000;1,000000000000000;1,000000000000000;1,000000000000000;1,000000000000000;1,000000000000000
2023-08-25;alle;6;6,0;6;6;6;6;6;6;6;6;6;6;32;32,0;32;32;32;32;32;32;32,0;32,0;32,0;32,0;NA;NA;NA;NA;NA;NA;NA;NA;NA;NA;NA
2023-08-24;0-60;0;0,0;0;0;0;0;0;0;0;0;0;0;3;3,0;3;3;3;3;3;3;3,0;3,0;3,0;3,0;1,000000000000000;1,000000000000000;1,000000000000000;1,000000000000000;1,000000000000000;1,000000000000000;1,000000000000000;1,000000000000000;1,000000000000000;1,000000000000000;1,000000000000000
2023-08-24;60+;2;2,0;2;2;2;2;2;2;2;2;2;2;30;30,0;30;30;30;30;30;30;30,0;30,0;30,0;30,0;1,000000000000000;1,000000000000000;1,000000000000000;1,000000000000000;1,000000000000000;1,000000000000000;1,000000000000000;1,000000000000000;1,000000000000000;1,000000000000000;1,000000000000000
2023-08-24;alle;2;2,0;2;2;2;2;2;2;2;2;2;2;33;33,0;33;33;33;33;33;33;33,0;33,0;33,0;33,0;NA;NA;NA;NA;NA;NA;NA;NA;NA;NA;NA
2023-08-23;0-60;0;0,0;0;0;0;0;0;0;0;0;0;0;3;3,0;3;3;3;3;3;3;3,0;3,0;3,0;3,0;1,000000000000000;1,000000000000000;1,000000000000000;1,000000000000000;1,000000000000000;1,000000000000000;1,000000000000000;1,000000000000000;1,000000000000000;1,000000000000000;1,000000000000000
2023-08-23;60+;6;6,0;6;6;6;6;6;6;6;6;6;6;29;29,0;29;29;29;29;29;29;29,0;29,0;29,0;29,0;1,000000000000000;1,000000000000000;1,000000000000000;1,000000000000000;1,000000000000000;1,000000000000000;1,000000000000000;1,000000000000000;1,000000000000000;1,000000000000000;1,000000000000000
2023-08-23;alle;6;6,0;6;6;6;6;6;6;6;6;6;6;32;32,0;32;32;32;32;32;32;32,0;32,0;32,0;32,0;NA;NA;NA;NA;NA;NA;NA;NA;NA;NA;NA
2023-08-22;0-60;3;3,0;3;3;3;3;3;3;3;3;3;3;3;3,0;3;3;3;3;3;3;3,0;3,0;3,0;3,0;1,000000000000000;1,000000000000000;1,000000000000000;1,000000000000000;1,000000000000000;1,000000000000000;1,000000000000000;1,000000000000000;1,000000000000000;1,000000000000000;1,000000000000000
2023-08-22;60+;15;15,0;15;15;15;15;15;15;15;15;15;15;26;26,0;26;26;26;26;26;26;26,0;26,0;26,0;26,0;1,000000000000000;1,000000000000000;1,000000000000000;1,000000000000000;1,000000000000000;1,000000000000000;1,000000000000000;1,000000000000000;1,000000000000000;1,000000000000000;1,000000000000000
2023-08-22;alle;18;18,0;18;18;18;18;18;18;18;18;18;18;29;29,0;29;29;29;29;29;29;29,0;29,0;29,0;29,0;NA;NA;NA;NA;NA;NA;NA;NA;NA;NA;NA
2023-08-21;0-60;0;0,0;0;0;0;0;0;0;0;0;0;0;2;2,0;2;2;2;2;2;2;2,0;2,0;2,0;2,0;1,000000000000000;1,000000000000000;1,000000000000000;1,000000000000000;1,000000000000000;1,000000000000000;1,000000000000000;1,000000000000000;1,000000000000000;1,000000000000000;1,000000000000000
2023-08-21;60+;0;0,0;0;0;0;0;0;0;0;0;0;0;14;14,0;14;14;14;14;14;14;14,0;14,0;14,0;14,0;1,000000000000000;1,000000000000000;1,000000000000000;1,000000000000000;1,000000000000000;1,000000000000000;1,000000000000000;1,000000000000000;1,000000000000000;1,000000000000000;1,000000000000000
2023-08-21;alle;0;0,0;0;0;0;0;0;0;0;0;0;0;16;16,0;16;16;16;16;16;16;16,0;16,0;16,0;16,0;NA;NA;NA;NA;NA;NA;NA;NA;NA;NA;NA
2023-08-20;0-60;0;0,0;0;0;0;0;0;0;0;0;0;0;2;2,0;2;2;2;2;2;2;2,0;2,0;2,0;2,0;1,000000000000000;1,000000000000000;1,000000000000000;1,000000000000000;1,000000000000000;1,000000000000000;1,000000000000000;1,000000000000000;1,000000000000000;1,000000000000000;1,000000000000000
2023-08-20;60+;0;0,0;0;0;0;0;0;0;0;0;0;0;14;14,0;14;14;14;14;14;14;14,0;14,0;14,0;14,0;1,000000000000000;1,000000000000000;1,000000000000000;1,000000000000000;1,000000000000000;1,000000000000000;1,000000000000000;1,000000000000000;1,000000000000000;1,000000000000000;1,000000000000000
2023-08-20;alle;0;0,0;0;0;0;0;0;0;0;0;0;0;16;16,0;16;16;16;16;16;16;16,0;16,0;16,0;16,0;NA;NA;NA;NA;NA;NA;NA;NA;NA;NA;NA
2023-08-19;0-60;0;0,0;0;0;0;0;0;0;0;0;0;0;2;2,0;2;2;2;2;2;2;2,0;2,0;2,0;2,0;1,000000000000000;1,000000000000000;1,000000000000000;1,000000000000000;1,000000000000000;1,000000000000000;1,000000000000000;1,000000000000000;1,000000000000000;1,000000000000000;1,000000000000000
2023-08-19;60+;0;0,0;0;0;0;0;0;0;0;0;0;0;14;14,0;14;14;14;14;14;14;14,0;14,0;14,0;14,0;1,000000000000000;1,000000000000000;1,000000000000000;1,000000000000000;1,000000000000000;1,000000000000000;1,000000000000000;1,000000000000000;1,000000000000000;1,000000000000000;1,000000000000000
2023-08-19;alle;0;0,0;0;0;0;0;0;0;0;0;0;0;16;16,0;16;16;16;16;16;16;16,0;16,0;16,0;16,0;NA;NA;NA;NA;NA;NA;NA;NA;NA;NA;NA
2023-08-18;0-60;0;0,0;0;0;0;0;0;0;0;0;0;0;3;3,0;3;3;3;3;3;3;3,0;3,0;3,0;3,0;1,000000000000000;1,000000000000000;1,000000000000000;1,000000000000000;1,000000000000000;1,000000000000000;1,000000000000000;1,000000000000000;1,000000000000000;1,000000000000000;1,000000000000000
2023-08-18;60+;7;7,0;7;7;7;7;7;7;7;7;7;7;15;15,0;15;15;15;15;15;15;15,0;15,0;15,0;15,0;1,000000000000000;1,000000000000000;1,000000000000000;1,000000000000000;1,000000000000000;1,000000000000000;1,000000000000000;1,000000000000000;1,000000000000000;1,000000000000000;1,000000000000000
2023-08-18;alle;7;7,0;7;7;7;7;7;7;7;7;7;7;18;18,0;18;18;18;18;18;18;18,0;18,0;18,0;18,0;NA;NA;NA;NA;NA;NA;NA;NA;NA;NA;NA
2023-08-17;0-60;0;0,0;0;0;0;0;0;0;0;0;0;0;3;3,0;3;3;3;3;3;3;3,0;3,0;3,0;3,0;1,000000000000000;1,000000000000000;1,000000000000000;1,000000000000000;1,000000000000000;1,000000000000000;1,000000000000000;1,000000000000000;1,000000000000000;1,000000000000000;1,000000000000000
2023-08-17;60+;1;1,0;1;1;1;1;1;1;1;1;1;1;8;8,0;8;8;8;8;8;8;8,0;8,0;8,0;8,0;1,000000000000000;1,000000000000000;1,000000000000000;1,000000000000000;1,000000000000000;1,000000000000000;1,000000000000000;1,000000000000000;1,000000000000000;1,000000000000000;1,000000000000000
2023-08-17;alle;1;1,0;1;1;1;1;1;1;1;1;1;1;11;11,0;11;11;11;11;11;11;11,0;11,0;11,0;11,0;NA;NA;NA;NA;NA;NA;NA;NA;NA;NA;NA
2023-08-16;0-60;0;0,0;0;0;0;0;0;0;0;0;0;0;5;5,0;5;5;5;5;5;5;5,0;5,0;5,0;5,0;1,000000000000000;1,000000000000000;1,000000000000000;1,000000000000000;1,000000000000000;1,000000000000000;1,000000000000000;1,000000000000000;1,000000000000000;1,000000000000000;1,000000000000000
2023-08-16;60+;3;3,0;3;3;3;3;3;3;3;3;3;3;8;8,0;8;8;8;8;8;8;8,0;8,0;8,0;8,0;1,000000000000000;1,000000000000000;1,000000000000000;1,000000000000000;1,000000000000000;1,000000000000000;1,000000000000000;1,000000000000000;1,000000000000000;1,000000000000000;1,000000000000000
2023-08-16;alle;3;3,0;3;3;3;3;3;3;3;3;3;3;13;13,0;13;13;13;13;13;13;13,0;13,0;13,0;13,0;NA;NA;NA;NA;NA;NA;NA;NA;NA;NA;NA
2023-08-15;0-60;2;2,0;2;2;2;2;2;2;2;2;2;2;5;5,0;5;5;5;5;5;5;5,0;5,0;5,0;5,0;1,000000000000000;1,000000000000000;1,000000000000000;1,000000000000000;1,000000000000000;1,000000000000000;1,000000000000000;1,000000000000000;1,000000000000000;1,000000000000000;1,000000000000000
2023-08-15;60+;3;3,0;3;3;3;3;3;3;3;3;3;3;5;5,0;5;5;5;5;5;5;5,0;5,0;5,0;5,0;1,000000000000000;1,000000000000000;1,000000000000000;1,000000000000000;1,000000000000000;1,000000000000000;1,000000000000000;1,000000000000000;1,000000000000000;1,000000000000000;1,000000000000000
2023-08-15;alle;5;5,0;5;5;5;5;5;5;5;5;5;5;10;10,0;10;10;10;10;10;10;10,0;10,0;10,0;10,0;NA;NA;NA;NA;NA;NA;NA;NA;NA;NA;NA
2023-08-14;0-60;0;0,0;0;0;0;0;0;0;0;0;0;0;3;3,0;3;3;3;3;3;3;3,0;3,0;3,0;3,0;1,000000000000000;1,000000000000000;1,000000000000000;1,000000000000000;1,000000000000000;1,000000000000000;1,000000000000000;1,000000000000000;1,000000000000000;1,000000000000000;1,000000000000000
2023-08-14;60+;0;0,0;0;0;0;0;0;0;0;0;0;0;2;2,0;2;2;2;2;2;2;2,0;2,0;2,0;2,0;1,000000000000000;1,000000000000000;1,000000000000000;1,000000000000000;1,000000000000000;1,000000000000000;1,000000000000000;1,000000000000000;1,000000000000000;1,000000000000000;1,000000000000000
2023-08-14;alle;0;0,0;0;0;0;0;0;0;0;0;0;0;5;5,0;5;5;5;5;5;5;5,0;5,0;5,0;5,0;NA;NA;NA;NA;NA;NA;NA;NA;NA;NA;NA
2023-08-13;0-60;0;0,0;0;0;0;0;0;0;0;0;0;0;3;3,0;3;3;3;3;3;3;3,0;3,0;3,0;3,0;1,000000000000000;1,000000000000000;1,000000000000000;1,000000000000000;1,000000000000000;1,000000000000000;1,000000000000000;1,000000000000000;1,000000000000000;1,000000000000000;1,000000000000000
2023-08-13;60+;0;0,0;0;0;0;0;0;0;0;0;0;0;2;2,0;2;2;2;2;2;2;2,0;2,0;2,0;2,0;1,000000000000000;1,000000000000000;1,000000000000000;1,000000000000000;1,000000000000000;1,000000000000000;1,000000000000000;1,000000000000000;1,000000000000000;1,000000000000000;1,000000000000000
2023-08-13;alle;0;0,0;0;0;0;0;0;0;0;0;0;0;5;5,0;5;5;5;5;5;5;5,0;5,0;5,0;5,0;NA;NA;NA;NA;NA;NA;NA;NA;NA;NA;NA
2023-08-12;0-60;1;1,0;1;1;1;1;1;1;1;1;1;1;3;3,0;3;3;3;3;3;3;3,0;3,0;3,0;3,0;1,000000000000000;1,000000000000000;1,000000000000000;1,000000000000000;1,000000000000000;1,000000000000000;1,000000000000000;1,000000000000000;1,000000000000000;1,000000000000000;1,000000000000000
2023-08-12;60+;1;1,0;1;1;1;1;1;1;1;1;1;1;2;2,0;2;2;2;2;2;2;2,0;2,0;2,0;2,0;1,000000000000000;1,000000000000000;1,000000000000000;1,000000000000000;1,000000000000000;1,000000000000000;1,000000000000000;1,000000000000000;1,000000000000000;1,000000000000000;1,000000000000000
2023-08-12;alle;2;2,0;2;2;2;2;2;2;2;2;2;2;5;5,0;5;5;5;5;5;5;5,0;5,0;5,0;5,0;NA;NA;NA;NA;NA;NA;NA;NA;NA;NA;NA
2023-08-11;0-60;0;0,0;0;0;0;0;0;0;0;0;0;0;2;2,0;2;2;2;2;2;2;2,0;2,0;2,0;2,0;1,000000000000000;1,000000000000000;1,000000000000000;1,000000000000000;1,000000000000000;1,000000000000000;1,000000000000000;1,000000000000000;1,000000000000000;1,000000000000000;1,000000000000000
2023-08-11;60+;0;0,0;0;0;0;0;0;0;0;0;0;0;1;1,0;1;1;1;1;1;1;1,0;1,0;1,0;1,0;1,000000000000000;1,000000000000000;1,000000000000000;1,000000000000000;1,000000000000000;1,000000000000000;1,000000000000000;1,000000000000000;1,000000000000000;1,000000000000000;1,000000000000000
2023-08-11;alle;0;0,0;0;0;0;0;0;0;0;0;0;0;3;3,0;3;3;3;3;3;3;3,0;3,0;3,0;3,0;NA;NA;NA;NA;NA;NA;NA;NA;NA;NA;NA
2023-08-10;0-60;2;2,0;2;2;2;2;2;2;2;2;2;2;2;2,0;2;2;2;2;2;2;2,0;2,0;2,0;2,0;1,000000000000000;1,000000000000000;1,000000000000000;1,000000000000000;1,000000000000000;1,000000000000000;1,000000000000000;1,000000000000000;1,000000000000000;1,000000000000000;1,000000000000000
2023-08-10;60+;1;1,0;1;1;1;1;1;1;1;1;1;1;2;2,0;2;2;2;2;2;2;2,0;2,0;2,0;2,0;1,000000000000000;1,000000000000000;1,000000000000000;1,000000000000000;1,000000000000000;1,000000000000000;1,000000000000000;1,000000000000000;1,000000000000000;1,000000000000000;1,000000000000000
2023-08-10;alle;3;3,0;3;3;3;3;3;3;3;3;3;3;4;4,0;4;4;4;4;4;4;4,0;4,0;4,0;4,0;NA;NA;NA;NA;NA;NA;NA;NA;NA;NA;NA
2023-08-09;0-60;0;0,0;0;0;0;0;0;0;0;0;0;0;0;0,0;0;0;0;0;0;0;0,0;0,0;0,0;0,0;1,000000000000000;1,000000000000000;1,000000000000000;1,000000000000000;1,000000000000000;1,000000000000000;1,000000000000000;1,000000000000000;1,000000000000000;1,000000000000000;1,000000000000000
2023-08-09;60+;0;0,0;0;0;0;0;0;0;0;0;0;0;1;1,0;1;1;1;1;1;1;1,0;1,0;1,0;1,0;1,000000000000000;1,000000000000000;1,000000000000000;1,000000000000000;1,000000000000000;1,000000000000000;1,000000000000000;1,000000000000000;1,000000000000000;1,000000000000000;1,000000000000000
2023-08-09;alle;0;0,0;0;0;0;0;0;0;0;0;0;0;1;1,0;1;1;1;1;1;1;1,0;1,0;1,0;1,0;NA;NA;NA;NA;NA;NA;NA;NA;NA;NA;NA
2023-08-08;0-60;0;0,0;0;0;0;0;0;0;0;0;0;0;0;0,0;0;0;0;0;0;0;0,0;0,0;0,0;0,0;1,000000000000000;1,000000000000000;1,000000000000000;1,000000000000000;1,000000000000000;1,000000000000000;1,000000000000000;1,000000000000000;1,000000000000000;1,000000000000000;1,000000000000000
2023-08-08;60+;0;0,0;0;0;0;0;0;0;0;0;0;0;2;2,0;2;2;2;2;2;2;2,0;2,0;2,0;2,0;1,000000000000000;1,000000000000000;1,000000000000000;1,000000000000000;1,000000000000000;1,000000000000000;1,000000000000000;1,000000000000000;1,000000000000000;1,000000000000000;1,000000000000000
2023-08-08;alle;0;0,0;0;0;0;0;0;0;0;0;0;0;2;2,0;2;2;2;2;2;2;2,0;2,0;2,0;2,0;NA;NA;NA;NA;NA;NA;NA;NA;NA;NA;NA
2023-08-07;0-60;0;0,0;0;0;0;0;0;0;0;0;0;0;0;0,0;0;0;0;0;0;0;0,0;0,0;0,0;0,0;1,000000000000000;1,000000000000000;1,000000000000000;1,000000000000000;1,000000000000000;1,000000000000000;1,000000000000000;1,000000000000000;1,000000000000000;1,000000000000000;1,000000000000000
2023-08-07;60+;0;0,0;0;0;0;0;0;0;0;0;0;0;2;2,0;2;2;2;2;2;2;2,0;2,0;2,0;2,0;1,000000000000000;1,000000000000000;1,000000000000000;1,000000000000000;1,000000000000000;1,000000000000000;1,000000000000000;1,000000000000000;1,000000000000000;1,000000000000000;1,000000000000000
2023-08-07;alle;0;0,0;0;0;0;0;0;0;0;0;0;0;2;2,0;2;2;2;2;2;2;2,0;2,0;2,0;2,0;NA;NA;NA;NA;NA;NA;NA;NA;NA;NA;NA
2023-08-06;0-60;0;0,0;0;0;0;0;0;0;0;0;0;0;0;0,0;0;0;0;0;0;0;0,0;0,0;0,0;0,0;1,000000000000000;1,000000000000000;1,000000000000000;1,000000000000000;1,000000000000000;1,000000000000000;1,000000000000000;1,000000000000000;1,000000000000000;1,000000000000000;1,000000000000000
2023-08-06;60+;0;0,0;0;0;0;0;0;0;0;0;0;0;2;2,0;2;2;2;2;2;2;2,0;2,0;2,0;2,0;1,000000000000000;1,000000000000000;1,000000000000000;1,000000000000000;1,000000000000000;1,000000000000000;1,000000000000000;1,000000000000000;1,000000000000000;1,000000000000000;1,000000000000000
2023-08-06;alle;0;0,0;0;0;0;0;0;0;0;0;0;0;2;2,0;2;2;2;2;2;2;2,0;2,0;2,0;2,0;NA;NA;NA;NA;NA;NA;NA;NA;NA;NA;NA
2023-08-05;0-60;0;0,0;0;0;0;0;0;0;0;0;0;0;0;0,0;0;0;0;0;0;0;0,0;0,0;0,0;0,0;1,000000000000000;1,000000000000000;1,000000000000000;1,000000000000000;1,000000000000000;1,000000000000000;1,000000000000000;1,000000000000000;1,000000000000000;1,000000000000000;1,000000000000000
2023-08-05;60+;0;0,0;0;0;0;0;0;0;0;0;0;0;2;2,0;2;2;2;2;2;2;2,0;2,0;2,0;2,0;1,000000000000000;1,000000000000000;1,000000000000000;1,000000000000000;1,000000000000000;1,000000000000000;1,000000000000000;1,000000000000000;1,000000000000000;1,000000000000000;1,000000000000000
2023-08-05;alle;0;0,0;0;0;0;0;0;0;0;0;0;0;2;2,0;2;2;2;2;2;2;2,0;2,0;2,0;2,0;NA;NA;NA;NA;NA;NA;NA;NA;NA;NA;NA
2023-08-04;0-60;0;0,0;0;0;0;0;0;0;0;0;0;0;0;0,0;0;0;0;0;0;0;0,0;0,0;0,0;0,0;1,000000000000000;1,000000000000000;1,000000000000000;1,000000000000000;1,000000000000000;1,000000000000000;1,000000000000000;1,000000000000000;1,000000000000000;1,000000000000000;1,000000000000000
2023-08-04;60+;1;1,0;1;1;1;1;1;1;1;1;1;1;2;2,0;2;2;2;2;2;2;2,0;2,0;2,0;2,0;1,000000000000000;1,000000000000000;1,000000000000000;1,000000000000000;1,000000000000000;1,000000000000000;1,000000000000000;1,000000000000000;1,000000000000000;1,000000000000000;1,000000000000000
2023-08-04;alle;1;1,0;1;1;1;1;1;1;1;1;1;1;2;2,0;2;2;2;2;2;2;2,0;2,0;2,0;2,0;NA;NA;NA;NA;NA;NA;NA;NA;NA;NA;NA
2023-08-03;0-60;0;0,0;0;0;0;0;0;0;0;0;0;0;0;0,0;0;0;0;0;0;0;0,0;0,0;0,0;0,0;1,000000000000000;1,000000000000000;1,000000000000000;1,000000000000000;1,000000000000000;1,000000000000000;1,000000000000000;1,000000000000000;1,000000000000000;1,000000000000000;1,000000000000000
2023-08-03;60+;0;0,0;0;0;0;0;0;0;0;0;0;0;2;2,0;2;2;2;2;2;2;2,0;2,0;2,0;2,0;1,000000000000000;1,000000000000000;1,000000000000000;1,000000000000000;1,000000000000000;1,000000000000000;1,000000000000000;1,000000000000000;1,000000000000000;1,000000000000000;1,000000000000000
2023-08-03;alle;0;0,0;0;0;0;0;0;0;0;0;0;0;2;2,0;2;2;2;2;2;2;2,0;2,0;2,0;2,0;NA;NA;NA;NA;NA;NA;NA;NA;NA;NA;NA
2023-08-02;0-60;0;0,0;0;0;0;0;0;0;0;0;0;0;0;0,0;0;0;0;0;0;0;0,0;0,0;0,0;0,0;1,000000000000000;1,000000000000000;1,000000000000000;1,000000000000000;1,000000000000000;1,000000000000000;1,000000000000000;1,000000000000000;1,000000000000000;1,000000000000000;1,000000000000000
2023-08-02;60+;1;1,0;1;1;1;1;1;1;1;1;1;1;3;3,0;3;3;3;3;3;3;3,0;3,0;3,0;3,0;1,000000000000000;1,000000000000000;1,000000000000000;1,000000000000000;1,000000000000000;1,000000000000000;1,000000000000000;1,000000000000000;1,000000000000000;1,000000000000000;1,000000000000000
2023-08-02;alle;1;1,0;1;1;1;1;1;1;1;1;1;1;3;3,0;3;3;3;3;3;3;3,0;3,0;3,0;3,0;NA;NA;NA;NA;NA;NA;NA;NA;NA;NA;NA
2023-08-01;0-60;0;0,0;0;0;0;0;0;0;0;0;0;0;0;0,0;0;0;0;0;0;0;0,0;0,0;0,0;0,0;1,000000000000000;1,000000000000000;1,000000000000000;1,000000000000000;1,000000000000000;1,000000000000000;1,000000000000000;1,000000000000000;1,000000000000000;1,000000000000000;1,000000000000000
2023-08-01;60+;0;0,0;0;0;0;0;0;0;0;0;0;0;2;2,0;2;2;2;2;2;2;2,0;2,0;2,0;2,0;1,000000000000000;1,000000000000000;1,000000000000000;1,000000000000000;1,000000000000000;1,000000000000000;1,000000000000000;1,000000000000000;1,000000000000000;1,000000000000000;1,000000000000000
2023-08-01;alle;0;0,0;0;0;0;0;0;0;0;0;0;0;2;2,0;2;2;2;2;2;2;2,0;2,0;2,0;2,0;NA;NA;NA;NA;NA;NA;NA;NA;NA;NA;NA
2023-07-31;0-60;0;0,0;0;0;0;0;0;0;0;0;0;0;0;0,0;0;0;0;0;0;0;0,0;0,0;0,0;0,0;1,000000000000000;1,000000000000000;1,000000000000000;1,000000000000000;1,000000000000000;1,000000000000000;1,000000000000000;1,000000000000000;1,000000000000000;1,000000000000000;1,000000000000000
2023-07-31;60+;0;0,0;0;0;0;0;0;0;0;0;0;0;2;2,0;2;2;2;2;2;2;2,0;2,0;2,0;2,0;1,000000000000000;1,000000000000000;1,000000000000000;1,000000000000000;1,000000000000000;1,000000000000000;1,000000000000000;1,000000000000000;1,000000000000000;1,000000000000000;1,000000000000000
2023-07-31;alle;0;0,0;0;0;0;0;0;0;0;0;0;0;2;2,0;2;2;2;2;2;2;2,0;2,0;2,0;2,0;NA;NA;NA;NA;NA;NA;NA;NA;NA;NA;NA
2023-07-30;0-60;0;0,0;0;0;0;0;0;0;0;0;0;0;0;0,0;0;0;0;0;0;0;0,0;0,0;0,0;0,0;1,000000000000000;1,000000000000000;1,000000000000000;1,000000000000000;1,000000000000000;1,000000000000000;1,000000000000000;1,000000000000000;1,000000000000000;1,000000000000000;1,000000000000000
2023-07-30;60+;0;0,0;0;0;0;0;0;0;0;0;0;0;2;2,0;2;2;2;2;2;2;2,0;2,0;2,0;2,0;1,000000000000000;1,000000000000000;1,000000000000000;1,000000000000000;1,000000000000000;1,000000000000000;1,000000000000000;1,000000000000000;1,000000000000000;1,000000000000000;1,000000000000000
2023-07-30;alle;0;0,0;0;0;0;0;0;0;0;0;0;0;2;2,0;2;2;2;2;2;2;2,0;2,0;2,0;2,0;NA;NA;NA;NA;NA;NA;NA;NA;NA;NA;NA
2023-07-29;0-60;0;0,0;0;0;0;0;0;0;0;0;0;0;0;0,0;0;0;0;0;0;0;0,0;0,0;0,0;0,0;1,000000000000000;1,000000000000000;1,000000000000000;1,000000000000000;1,000000000000000;1,000000000000000;1,000000000000000;1,000000000000000;1,000000000000000;1,000000000000000;1,000000000000000
2023-07-29;60+;0;0,0;0;0;0;0;0;0;0;0;0;0;2;2,0;2;2;2;2;2;2;2,0;2,0;2,0;2,0;1,000000000000000;1,000000000000000;1,000000000000000;1,000000000000000;1,000000000000000;1,000000000000000;1,000000000000000;1,000000000000000;1,000000000000000;1,000000000000000;1,000000000000000
2023-07-29;alle;0;0,0;0;0;0;0;0;0;0;0;0;0;2;2,0;2;2;2;2;2;2;2,0;2,0;2,0;2,0;NA;NA;NA;NA;NA;NA;NA;NA;NA;NA;NA
2023-07-28;0-60;0;0,0;0;0;0;0;0;0;0;0;0;0;1;1,0;1;1;1;1;1;1;1,0;1,0;1,0;1,0;1,000000000000000;1,000000000000000;1,000000000000000;1,000000000000000;1,000000000000000;1,000000000000000;1,000000000000000;1,000000000000000;1,000000000000000;1,000000000000000;1,000000000000000
2023-07-28;60+;1;1,0;1;1;1;1;1;1;1;1;1;1;4;4,0;4;4;4;4;4;4;4,0;4,0;4,0;4,0;1,000000000000000;1,000000000000000;1,000000000000000;1,000000000000000;1,000000000000000;1,000000000000000;1,000000000000000;1,000000000000000;1,000000000000000;1,000000000000000;1,000000000000000
2023-07-28;alle;1;1,0;1;1;1;1;1;1;1;1;1;1;5;5,0;5;5;5;5;5;5;5,0;5,0;5,0;5,0;NA;NA;NA;NA;NA;NA;NA;NA;NA;NA;NA
2023-07-27;0-60;0;0,0;0;0;0;0;0;0;0;0;0;0;1;1,0;1;1;1;1;1;1;1,0;1,0;1,0;1,0;1,000000000000000;1,000000000000000;1,000000000000000;1,000000000000000;1,000000000000000;1,000000000000000;1,000000000000000;1,000000000000000;1,000000000000000;1,000000000000000;1,000000000000000
2023-07-27;60+;1;1,0;1;1;1;1;1;1;1;1;1;1;3;3,0;3;3;3;3;3;3;3,0;3,0;3,0;3,0;1,000000000000000;1,000000000000000;1,000000000000000;1,000000000000000;1,000000000000000;1,000000000000000;1,000000000000000;1,000000000000000;1,000000000000000;1,000000000000000;1,000000000000000
2023-07-27;alle;1;1,0;1;1;1;1;1;1;1;1;1;1;4;4,0;4;4;4;4;4;4;4,0;4,0;4,0;4,0;NA;NA;NA;NA;NA;NA;NA;NA;NA;NA;NA
2023-07-26;0-60;0;0,0;0;0;0;0;0;0;0;0;0;0;1;1,0;1;1;1;1;1;1;1,0;1,0;1,0;1,0;1,000000000000000;1,000000000000000;1,000000000000000;1,000000000000000;1,000000000000000;1,000000000000000;1,000000000000000;1,000000000000000;1,000000000000000;1,000000000000000;1,000000000000000
2023-07-26;60+;0;0,0;0;0;0;0;0;0;0;0;0;0;2;2,0;2;2;2;2;2;2;2,0;2,0;2,0;2,0;1,000000000000000;1,000000000000000;1,000000000000000;1,000000000000000;1,000000000000000;1,000000000000000;1,000000000000000;1,000000000000000;1,000000000000000;1,000000000000000;1,000000000000000
2023-07-26;alle;0;0,0;0;0;0;0;0;0;0;0;0;0;3;3,0;3;3;3;3;3;3;3,0;3,0;3,0;3,0;NA;NA;NA;NA;NA;NA;NA;NA;NA;NA;NA
2023-07-25;0-60;0;0,0;0;0;0;0;0;0;0;0;0;0;1;1,0;1;1;1;1;1;1;1,0;1,0;1,0;1,0;1,000000000000000;1,000000000000000;1,000000000000000;1,000000000000000;1,000000000000000;1,000000000000000;1,000000000000000;1,000000000000000;1,000000000000000;1,000000000000000;1,000000000000000
2023-07-25;60+;0;0,0;0;0;0;0;0;0;0;0;0;0;2;2,0;2;2;2;2;2;2;2,0;2,0;2,0;2,0;1,000000000000000;1,000000000000000;1,000000000000000;1,000000000000000;1,000000000000000;1,000000000000000;1,000000000000000;1,000000000000000;1,000000000000000;1,000000000000000;1,000000000000000
2023-07-25;alle;0;0,0;0;0;0;0;0;0;0;0;0;0;3;3,0;3;3;3;3;3;3;3,0;3,0;3,0;3,0;NA;NA;NA;NA;NA;NA;NA;NA;NA;NA;NA
2023-07-24;0-60;0;0,0;0;0;0;0;0;0;0;0;0;0;1;1,0;1;1;1;1;1;1;1,0;1,0;1,0;1,0;1,000000000000000;1,000000000000000;1,000000000000000;1,000000000000000;1,000000000000000;1,000000000000000;1,000000000000000;1,000000000000000;1,000000000000000;1,000000000000000;1,000000000000000
2023-07-24;60+;0;0,0;0;0;0;0;0;0;0;0;0;0;2;2,0;2;2;2;2;2;2;2,0;2,0;2,0;2,0;1,000000000000000;1,000000000000000;1,000000000000000;1,000000000000000;1,000000000000000;1,000000000000000;1,000000000000000;1,000000000000000;1,000000000000000;1,000000000000000;1,000000000000000
2023-07-24;alle;0;0,0;0;0;0;0;0;0;0;0;0;0;3;3,0;3;3;3;3;3;3;3,0;3,0;3,0;3,0;NA;NA;NA;NA;NA;NA;NA;NA;NA;NA;NA
2023-07-23;0-60;0;0,0;0;0;0;0;0;0;0;0;0;0;1;1,0;1;1;1;1;1;1;1,0;1,0;1,0;1,0;1,000000000000000;1,000000000000000;1,000000000000000;1,000000000000000;1,000000000000000;1,000000000000000;1,000000000000000;1,000000000000000;1,000000000000000;1,000000000000000;1,000000000000000
2023-07-23;60+;0;0,0;0;0;0;0;0;0;0;0;0;0;2;2,0;2;2;2;2;2;2;2,0;2,0;2,0;2,0;1,000000000000000;1,000000000000000;1,000000000000000;1,000000000000000;1,000000000000000;1,000000000000000;1,000000000000000;1,000000000000000;1,000000000000000;1,000000000000000;1,000000000000000
2023-07-23;alle;0;0,0;0;0;0;0;0;0;0;0;0;0;3;3,0;3;3;3;3;3;3;3,0;3,0;3,0;3,0;NA;NA;NA;NA;NA;NA;NA;NA;NA;NA;NA
2023-07-22;0-60;1;1,0;1;1;1;1;1;1;1;1;1;1;1;1,0;1;1;1;1;1;1;1,0;1,0;1,0;1,0;1,000000000000000;1,000000000000000;1,000000000000000;1,000000000000000;1,000000000000000;1,000000000000000;1,000000000000000;1,000000000000000;1,000000000000000;1,000000000000000;1,000000000000000
2023-07-22;60+;2;2,0;2;2;2;2;2;2;2;2;2;2;2;2,0;2;2;2;2;2;2;2,0;2,0;2,0;2,0;1,000000000000000;1,000000000000000;1,000000000000000;1,000000000000000;1,000000000000000;1,000000000000000;1,000000000000000;1,000000000000000;1,000000000000000;1,000000000000000;1,000000000000000
2023-07-22;alle;3;3,0;3;3;3;3;3;3;3;3;3;3;3;3,0;3;3;3;3;3;3;3,0;3,0;3,0;3,0;NA;NA;NA;NA;NA;NA;NA;NA;NA;NA;NA
2023-07-21;0-60;0;0,0;0;0;0;0;0;0;0;0;0;0;0;0,0;0;0;0;0;0;0;0,0;0,0;0,0;0,0;1,000000000000000;1,000000000000000;1,000000000000000;1,000000000000000;1,000000000000000;1,000000000000000;1,000000000000000;1,000000000000000;1,000000000000000;1,000000000000000;1,000000000000000
2023-07-21;60+;0;0,0;0;0;0;0;0;0;0;0;0;0;0;0,0;0;0;0;0;0;0;0,0;0,0;0,0;0,0;1,000000000000000;1,000000000000000;1,000000000000000;1,000000000000000;1,000000000000000;1,000000000000000;1,000000000000000;1,000000000000000;1,000000000000000;1,000000000000000;1,000000000000000
2023-07-21;alle;0;0,0;0;0;0;0;0;0;0;0;0;0;0;0,0;0;0;0;0;0;0;0,0;0,0;0,0;0,0;NA;NA;NA;NA;NA;NA;NA;NA;NA;NA;NA
2023-07-20;0-60;0;0,0;0;0;0;0;0;0;0;0;0;0;0;0,0;0;0;0;0;0;0;0,0;0,0;0,0;0,0;1,000000000000000;1,000000000000000;1,000000000000000;1,000000000000000;1,000000000000000;1,000000000000000;1,000000000000000;1,000000000000000;1,000000000000000;1,000000000000000;1,000000000000000
2023-07-20;60+;0;0,0;0;0;0;0;0;0;0;0;0;0;1;1,0;1;1;1;1;1;1;1,0;1,0;1,0;1,0;1,000000000000000;1,000000000000000;1,000000000000000;1,000000000000000;1,000000000000000;1,000000000000000;1,000000000000000;1,000000000000000;1,000000000000000;1,000000000000000;1,000000000000000
2023-07-20;alle;0;0,0;0;0;0;0;0;0;0;0;0;0;1;1,0;1;1;1;1;1;1;1,0;1,0;1,0;1,0;NA;NA;NA;NA;NA;NA;NA;NA;NA;NA;NA
2023-07-19;0-60;0;0,0;0;0;0;0;0;0;0;0;0;0;0;0,0;0;0;0;0;0;0;0,0;0,0;0,0;0,0;1,000000000000000;1,000000000000000;1,000000000000000;1,000000000000000;1,000000000000000;1,000000000000000;1,000000000000000;1,000000000000000;1,000000000000000;1,000000000000000;1,000000000000000
2023-07-19;60+;0;0,0;0;0;0;0;0;0;0;0;0;0;1;1,0;1;1;1;1;1;1;1,0;1,0;1,0;1,0;1,000000000000000;1,000000000000000;1,000000000000000;1,000000000000000;1,000000000000000;1,000000000000000;1,000000000000000;1,000000000000000;1,000000000000000;1,000000000000000;1,000000000000000
2023-07-19;alle;0;0,0;0;0;0;0;0;0;0;0;0;0;1;1,0;1;1;1;1;1;1;1,0;1,0;1,0;1,0;NA;NA;NA;NA;NA;NA;NA;NA;NA;NA;NA
2023-07-18;0-60;0;0,0;0;0;0;0;0;0;0;0;0;0;0;0,0;0;0;0;0;0;0;0,0;0,0;0,0;0,0;1,000000000000000;1,000000000000000;1,000000000000000;1,000000000000000;1,000000000000000;1,000000000000000;1,000000000000000;1,000000000000000;1,000000000000000;1,000000000000000;1,000000000000000
2023-07-18;60+;0;0,0;0;0;0;0;0;0;0;0;0;0;1;1,0;1;1;1;1;1;1;1,0;1,0;1,0;1,0;1,000000000000000;1,000000000000000;1,000000000000000;1,000000000000000;1,000000000000000;1,000000000000000;1,000000000000000;1,000000000000000;1,000000000000000;1,000000000000000;1,000000000000000
2023-07-18;alle;0;0,0;0;0;0;0;0;0;0;0;0;0;1;1,0;1;1;1;1;1;1;1,0;1,0;1,0;1,0;NA;NA;NA;NA;NA;NA;NA;NA;NA;NA;NA
2023-07-17;0-60;0;0,0;0;0;0;0;0;0;0;0;0;0;0;0,0;0;0;0;0;0;0;0,0;0,0;0,0;0,0;1,000000000000000;1,000000000000000;1,000000000000000;1,000000000000000;1,000000000000000;1,000000000000000;1,000000000000000;1,000000000000000;1,000000000000000;1,000000000000000;1,000000000000000
2023-07-17;60+;0;0,0;0;0;0;0;0;0;0;0;0;0;1;1,0;1;1;1;1;1;1;1,0;1,0;1,0;1,0;1,000000000000000;1,000000000000000;1,000000000000000;1,000000000000000;1,000000000000000;1,000000000000000;1,000000000000000;1,000000000000000;1,000000000000000;1,000000000000000;1,000000000000000
2023-07-17;alle;0;0,0;0;0;0;0;0;0;0;0;0;0;1;1,0;1;1;1;1;1;1;1,0;1,0;1,0;1,0;NA;NA;NA;NA;NA;NA;NA;NA;NA;NA;NA
2023-07-16;0-60;0;0,0;0;0;0;0;0;0;0;0;0;0;0;0,0;0;0;0;0;0;0;0,0;0,0;0,0;0,0;1,000000000000000;1,000000000000000;1,000000000000000;1,000000000000000;1,000000000000000;1,000000000000000;1,000000000000000;1,000000000000000;1,000000000000000;1,000000000000000;1,000000000000000
2023-07-16;60+;0;0,0;0;0;0;0;0;0;0;0;0;0;1;1,0;1;1;1;1;1;1;1,0;1,0;1,0;1,0;1,000000000000000;1,000000000000000;1,000000000000000;1,000000000000000;1,000000000000000;1,000000000000000;1,000000000000000;1,000000000000000;1,000000000000000;1,000000000000000;1,000000000000000
2023-07-16;alle;0;0,0;0;0;0;0;0;0;0;0;0;0;1;1,0;1;1;1;1;1;1;1,0;1,0;1,0;1,0;NA;NA;NA;NA;NA;NA;NA;NA;NA;NA;NA
2023-07-15;0-60;0;0,0;0;0;0;0;0;0;0;0;0;0;0;0,0;0;0;0;0;0;0;0,0;0,0;0,0;0,0;1,000000000000000;1,000000000000000;1,000000000000000;1,000000000000000;1,000000000000000;1,000000000000000;1,000000000000000;1,000000000000000;1,000000000000000;1,000000000000000;1,000000000000000
2023-07-15;60+;0;0,0;0;0;0;0;0;0;0;0;0;0;1;1,0;1;1;1;1;1;1;1,0;1,0;1,0;1,0;1,000000000000000;1,000000000000000;1,000000000000000;1,000000000000000;1,000000000000000;1,000000000000000;1,000000000000000;1,000000000000000;1,000000000000000;1,000000000000000;1,000000000000000
2023-07-15;alle;0;0,0;0;0;0;0;0;0;0;0;0;0;1;1,0;1;1;1;1;1;1;1,0;1,0;1,0;1,0;NA;NA;NA;NA;NA;NA;NA;NA;NA;NA;NA
2023-07-14;0-60;0;0,0;0;0;0;0;0;0;0;0;0;0;0;0,0;0;0;0;0;0;0;0,0;0,0;0,0;0,0;1,000000000000000;1,000000000000000;1,000000000000000;1,000000000000000;1,000000000000000;1,000000000000000;1,000000000000000;1,000000000000000;1,000000000000000;1,000000000000000;1,000000000000000
2023-07-14;60+;1;1,0;1;1;1;1;1;1;1;1;1;1;1;1,0;1;1;1;1;1;1;1,0;1,0;1,0;1,0;1,000000000000000;1,000000000000000;1,000000000000000;1,000000000000000;1,000000000000000;1,000000000000000;1,000000000000000;1,000000000000000;1,000000000000000;1,000000000000000;1,000000000000000
2023-07-14;alle;1;1,0;1;1;1;1;1;1;1;1;1;1;1;1,0;1;1;1;1;1;1;1,0;1,0;1,0;1,0;NA;NA;NA;NA;NA;NA;NA;NA;NA;NA;NA
2023-07-13;0-60;0;0,0;0;0;0;0;0;0;0;0;0;0;0;0,0;0;0;0;0;0;0;0,0;0,0;0,0;0,0;1,000000000000000;1,000000000000000;1,000000000000000;1,000000000000000;1,000000000000000;1,000000000000000;1,000000000000000;1,000000000000000;1,000000000000000;1,000000000000000;1,000000000000000
2023-07-13;60+;0;0,0;0;0;0;0;0;0;0;0;0;0;0;0,0;0;0;0;0;0;0;0,0;0,0;0,0;0,0;1,000000000000000;1,000000000000000;1,000000000000000;1,000000000000000;1,000000000000000;1,000000000000000;1,000000000000000;1,000000000000000;1,000000000000000;1,000000000000000;1,000000000000000
2023-07-13;alle;0;0,0;0;0;0;0;0;0;0;0;0;0;0;0,0;0;0;0;0;0;0;0,0;0,0;0,0;0,0;NA;NA;NA;NA;NA;NA;NA;NA;NA;NA;NA
2023-07-12;0-60;0;0,0;0;0;0;0;0;0;0;0;0;0;0;0,0;0;0;0;0;0;0;0,0;0,0;0,0;0,0;1,000000000000000;1,000000000000000;1,000000000000000;1,000000000000000;1,000000000000000;1,000000000000000;1,000000000000000;1,000000000000000;1,000000000000000;1,000000000000000;1,000000000000000
2023-07-12;60+;0;0,0;0;0;0;0;0;0;0;0;0;0;0;0,0;0;0;0;0;0;0;0,0;0,0;0,0;0,0;1,000000000000000;1,000000000000000;1,000000000000000;1,000000000000000;1,000000000000000;1,000000000000000;1,000000000000000;1,000000000000000;1,000000000000000;1,000000000000000;1,000000000000000
2023-07-12;alle;0;0,0;0;0;0;0;0;0;0;0;0;0;0;0,0;0;0;0;0;0;0;0,0;0,0;0,0;0,0;NA;NA;NA;NA;NA;NA;NA;NA;NA;NA;NA
2023-07-11;0-60;0;0,0;0;0;0;0;0;0;0;0;0;0;0;0,0;0;0;0;0;0;0;0,0;0,0;0,0;0,0;1,000000000000000;1,000000000000000;1,000000000000000;1,000000000000000;1,000000000000000;1,000000000000000;1,000000000000000;1,000000000000000;1,000000000000000;1,000000000000000;1,000000000000000
2023-07-11;60+;0;0,0;0;0;0;0;0;0;0;0;0;0;0;0,0;0;0;0;0;0;0;0,0;0,0;0,0;0,0;1,000000000000000;1,000000000000000;1,000000000000000;1,000000000000000;1,000000000000000;1,000000000000000;1,000000000000000;1,000000000000000;1,000000000000000;1,000000000000000;1,000000000000000
2023-07-11;alle;0;0,0;0;0;0;0;0;0;0;0;0;0;0;0,0;0;0;0;0;0;0;0,0;0,0;0,0;0,0;NA;NA;NA;NA;NA;NA;NA;NA;NA;NA;NA
2023-07-10;0-60;0;0,0;0;0;0;0;0;0;0;0;0;0;0;0,0;0;0;0;0;0;0;0,0;0,0;0,0;0,0;1,000000000000000;1,000000000000000;1,000000000000000;1,000000000000000;1,000000000000000;1,000000000000000;1,000000000000000;1,000000000000000;1,000000000000000;1,000000000000000;1,000000000000000
2023-07-10;60+;0;0,0;0;0;0;0;0;0;0;0;0;0;1;1,0;1;1;1;1;1;1;1,0;1,0;1,0;1,0;1,000000000000000;1,000000000000000;1,000000000000000;1,000000000000000;1,000000000000000;1,000000000000000;1,000000000000000;1,000000000000000;1,000000000000000;1,000000000000000;1,000000000000000
2023-07-10;alle;0;0,0;0;0;0;0;0;0;0;0;0;0;1;1,0;1;1;1;1;1;1;1,0;1,0;1,0;1,0;NA;NA;NA;NA;NA;NA;NA;NA;NA;NA;NA
2023-07-09;0-60;0;0,0;0;0;0;0;0;0;0;0;0;0;0;0,0;0;0;0;0;0;0;0,0;0,0;0,0;0,0;1,000000000000000;1,000000000000000;1,000000000000000;1,000000000000000;1,000000000000000;1,000000000000000;1,000000000000000;1,000000000000000;1,000000000000000;1,000000000000000;1,000000000000000
2023-07-09;60+;0;0,0;0;0;0;0;0;0;0;0;0;0;1;1,0;1;1;1;1;1;1;1,0;1,0;1,0;1,0;1,000000000000000;1,000000000000000;1,000000000000000;1,000000000000000;1,000000000000000;1,000000000000000;1,000000000000000;1,000000000000000;1,000000000000000;1,000000000000000;1,000000000000000
2023-07-09;alle;0;0,0;0;0;0;0;0;0;0;0;0;0;1;1,0;1;1;1;1;1;1;1,0;1,0;1,0;1,0;NA;NA;NA;NA;NA;NA;NA;NA;NA;NA;NA
2023-07-08;0-60;0;0,0;0;0;0;0;0;0;0;0;0;0;0;0,0;0;0;0;0;0;0;0,0;0,0;0,0;0,0;1,000000000000000;1,000000000000000;1,000000000000000;1,000000000000000;1,000000000000000;1,000000000000000;1,000000000000000;1,000000000000000;1,000000000000000;1,000000000000000;1,000000000000000
2023-07-08;60+;0;0,0;0;0;0;0;0;0;0;0;0;0;1;1,0;1;1;1;1;1;1;1,0;1,0;1,0;1,0;1,000000000000000;1,000000000000000;1,000000000000000;1,000000000000000;1,000000000000000;1,000000000000000;1,000000000000000;1,000000000000000;1,000000000000000;1,000000000000000;1,000000000000000
2023-07-08;alle;0;0,0;0;0;0;0;0;0;0;0;0;0;1;1,0;1;1;1;1;1;1;1,0;1,0;1,0;1,0;NA;NA;NA;NA;NA;NA;NA;NA;NA;NA;NA
2023-07-07;0-60;0;0,0;0;0;0;0;0;0;0;0;0;0;0;0,0;0;0;0;0;0;0;0,0;0,0;0,0;0,0;1,000000000000000;1,000000000000000;1,000000000000000;1,000000000000000;1,000000000000000;1,000000000000000;1,000000000000000;1,000000000000000;1,000000000000000;1,000000000000000;1,000000000000000
2023-07-07;60+;0;0,0;0;0;0;0;0;0;0;0;0;0;1;1,0;1;1;1;1;1;1;1,0;1,0;1,0;1,0;1,000000000000000;1,000000000000000;1,000000000000000;1,000000000000000;1,000000000000000;1,000000000000000;1,000000000000000;1,000000000000000;1,000000000000000;1,000000000000000;1,000000000000000
2023-07-07;alle;0;0,0;0;0;0;0;0;0;0;0;0;0;1;1,0;1;1;1;1;1;1;1,0;1,0;1,0;1,0;NA;NA;NA;NA;NA;NA;NA;NA;NA;NA;NA
2023-07-06;0-60;0;0,0;0;0;0;0;0;0;0;0;0;0;0;0,0;0;0;0;0;0;0;0,0;0,0;0,0;0,0;1,000000000000000;1,000000000000000;1,000000000000000;1,000000000000000;1,000000000000000;1,000000000000000;1,000000000000000;1,000000000000000;1,000000000000000;1,000000000000000;1,000000000000000
2023-07-06;60+;0;0,0;0;0;0;0;0;0;0;0;0;0;2;2,0;2;2;2;2;2;2;2,0;2,0;2,0;2,0;1,000000000000000;1,000000000000000;1,000000000000000;1,000000000000000;1,000000000000000;1,000000000000000;1,000000000000000;1,000000000000000;1,000000000000000;1,000000000000000;1,000000000000000
2023-07-06;alle;0;0,0;0;0;0;0;0;0;0;0;0;0;2;2,0;2;2;2;2;2;2;2,0;2,0;2,0;2,0;NA;NA;NA;NA;NA;NA;NA;NA;NA;NA;NA
2023-07-05;0-60;0;0,0;0;0;0;0;0;0;0;0;0;0;0;0,0;0;0;0;0;0;0;0,0;0,0;0,0;0,0;1,000000000000000;1,000000000000000;1,000000000000000;1,000000000000000;1,000000000000000;1,000000000000000;1,000000000000000;1,000000000000000;1,000000000000000;1,000000000000000;1,000000000000000
2023-07-05;60+;0;0,0;0;0;0;0;0;0;0;0;0;0;2;2,0;2;2;2;2;2;2;2,0;2,0;2,0;2,0;1,000000000000000;1,000000000000000;1,000000000000000;1,000000000000000;1,000000000000000;1,000000000000000;1,000000000000000;1,000000000000000;1,000000000000000;1,000000000000000;1,000000000000000
2023-07-05;alle;0;0,0;0;0;0;0;0;0;0;0;0;0;2;2,0;2;2;2;2;2;2;2,0;2,0;2,0;2,0;NA;NA;NA;NA;NA;NA;NA;NA;NA;NA;NA
2023-07-04;0-60;0;0,0;0;0;0;0;0;0;0;0;0;0;0;0,0;0;0;0;0;0;0;0,0;0,0;0,0;0,0;1,000000000000000;1,000000000000000;1,000000000000000;1,000000000000000;1,000000000000000;1,000000000000000;1,000000000000000;1,000000000000000;1,000000000000000;1,000000000000000;1,000000000000000
2023-07-04;60+;1;1,0;1;1;1;1;1;1;1;1;1;1;2;2,0;2;2;2;2;2;2;2,0;2,0;2,0;2,0;1,000000000000000;1,000000000000000;1,000000000000000;1,000000000000000;1,000000000000000;1,000000000000000;1,000000000000000;1,000000000000000;1,000000000000000;1,000000000000000;1,000000000000000
2023-07-04;alle;1;1,0;1;1;1;1;1;1;1;1;1;1;2;2,0;2;2;2;2;2;2;2,0;2,0;2,0;2,0;NA;NA;NA;NA;NA;NA;NA;NA;NA;NA;NA
2023-07-03;0-60;0;0,0;0;0;0;0;0;0;0;0;0;0;1;1,0;1;1;1;1;1;1;1,0;1,0;1,0;1,0;1,000000000000000;1,000000000000000;1,000000000000000;1,000000000000000;1,000000000000000;1,000000000000000;1,000000000000000;1,000000000000000;1,000000000000000;1,000000000000000;1,000000000000000
2023-07-03;60+;0;0,0;0;0;0;0;0;0;0;0;0;0;1;1,0;1;1;1;1;1;1;1,0;1,0;1,0;1,0;1,000000000000000;1,000000000000000;1,000000000000000;1,000000000000000;1,000000000000000;1,000000000000000;1,000000000000000;1,000000000000000;1,000000000000000;1,000000000000000;1,000000000000000
2023-07-03;alle;0;0,0;0;0;0;0;0;0;0;0;0;0;2;2,0;2;2;2;2;2;2;2,0;2,0;2,0;2,0;NA;NA;NA;NA;NA;NA;NA;NA;NA;NA;NA
2023-07-02;0-60;0;0,0;0;0;0;0;0;0;0;0;0;0;1;1,0;1;1;1;1;1;1;1,0;1,0;1,0;1,0;1,000000000000000;1,000000000000000;1,000000000000000;1,000000000000000;1,000000000000000;1,000000000000000;1,000000000000000;1,000000000000000;1,000000000000000;1,000000000000000;1,000000000000000
2023-07-02;60+;0;0,0;0;0;0;0;0;0;0;0;0;0;1;1,0;1;1;1;1;1;1;1,0;1,0;1,0;1,0;1,000000000000000;1,000000000000000;1,000000000000000;1,000000000000000;1,000000000000000;1,000000000000000;1,000000000000000;1,000000000000000;1,000000000000000;1,000000000000000;1,000000000000000
2023-07-02;alle;0;0,0;0;0;0;0;0;0;0;0;0;0;2;2,0;2;2;2;2;2;2;2,0;2,0;2,0;2,0;NA;NA;NA;NA;NA;NA;NA;NA;NA;NA;NA
2023-07-01;0-60;0;0,0;0;0;0;0;0;0;0;0;0;0;1;1,0;1;1;1;1;1;1;1,0;1,0;1,0;1,0;1,000000000000000;1,000000000000000;1,000000000000000;1,000000000000000;1,000000000000000;1,000000000000000;1,000000000000000;1,000000000000000;1,000000000000000;1,000000000000000;1,000000000000000
2023-07-01;60+;0;0,0;0;0;0;0;0;0;0;0;0;0;1;1,0;1;1;1;1;1;1;1,0;1,0;1,0;1,0;1,000000000000000;1,000000000000000;1,000000000000000;1,000000000000000;1,000000000000000;1,000000000000000;1,000000000000000;1,000000000000000;1,000000000000000;1,000000000000000;1,000000000000000
2023-07-01;alle;0;0,0;0;0;0;0;0;0;0;0;0;0;2;2,0;2;2;2;2;2;2;2,0;2,0;2,0;2,0;NA;NA;NA;NA;NA;NA;NA;NA;NA;NA;NA
2023-06-30;0-60;0;0,0;0;0;0;0;0;0;0;0;0;0;1;1,0;1;1;1;1;1;1;1,0;1,0;1,0;1,0;1,000000000000000;1,000000000000000;1,000000000000000;1,000000000000000;1,000000000000000;1,000000000000000;1,000000000000000;1,000000000000000;1,000000000000000;1,000000000000000;1,000000000000000
2023-06-30;60+;1;1,0;1;1;1;1;1;1;1;1;1;1;1;1,0;1;1;1;1;1;1;1,0;1,0;1,0;1,0;1,000000000000000;1,000000000000000;1,000000000000000;1,000000000000000;1,000000000000000;1,000000000000000;1,000000000000000;1,000000000000000;1,000000000000000;1,000000000000000;1,000000000000000
2023-06-30;alle;1;1,0;1;1;1;1;1;1;1;1;1;1;2;2,0;2;2;2;2;2;2;2,0;2,0;2,0;2,0;NA;NA;NA;NA;NA;NA;NA;NA;NA;NA;NA
2023-06-29;0-60;0;0,0;0;0;0;0;0;0;0;0;0;0;1;1,0;1;1;1;1;1;1;1,0;1,0;1,0;1,0;1,000000000000000;1,000000000000000;1,000000000000000;1,000000000000000;1,000000000000000;1,000000000000000;1,000000000000000;1,000000000000000;1,000000000000000;1,000000000000000;1,000000000000000
2023-06-29;60+;0;0,0;0;0;0;0;0;0;0;0;0;0;0;0,0;0;0;0;0;0;0;0,0;0,0;0,0;0,0;1,000000000000000;1,000000000000000;1,000000000000000;1,000000000000000;1,000000000000000;1,000000000000000;1,000000000000000;1,000000000000000;1,000000000000000;1,000000000000000;1,000000000000000
2023-06-29;alle;0;0,0;0;0;0;0;0;0;0;0;0;0;1;1,0;1;1;1;1;1;1;1,0;1,0;1,0;1,0;NA;NA;NA;NA;NA;NA;NA;NA;NA;NA;NA
2023-06-28;0-60;0;0,0;0;0;0;0;0;0;0;0;0;0;1;1,0;1;1;1;1;1;1;1,0;1,0;1,0;1,0;1,000000000000000;1,000000000000000;1,000000000000000;1,000000000000000;1,000000000000000;1,000000000000000;1,000000000000000;1,000000000000000;1,000000000000000;1,000000000000000;1,000000000000000
2023-06-28;60+;0;0,0;0;0;0;0;0;0;0;0;0;0;0;0,0;0;0;0;0;0;0;0,0;0,0;0,0;0,0;1,000000000000000;1,000000000000000;1,000000000000000;1,000000000000000;1,000000000000000;1,000000000000000;1,000000000000000;1,000000000000000;1,000000000000000;1,000000000000000;1,000000000000000
2023-06-28;alle;0;0,0;0;0;0;0;0;0;0;0;0;0;1;1,0;1;1;1;1;1;1;1,0;1,0;1,0;1,0;NA;NA;NA;NA;NA;NA;NA;NA;NA;NA;NA
2023-06-27;0-60;1;1,0;1;1;1;1;1;1;1;1;1;1;1;1,0;1;1;1;1;1;1;1,0;1,0;1,0;1,0;1,000000000000000;1,000000000000000;1,000000000000000;1,000000000000000;1,000000000000000;1,000000000000000;1,000000000000000;1,000000000000000;1,000000000000000;1,000000000000000;1,000000000000000
2023-06-27;60+;0;0,0;0;0;0;0;0;0;0;0;0;0;1;1,0;1;1;1;1;1;1;1,0;1,0;1,0;1,0;1,000000000000000;1,000000000000000;1,000000000000000;1,000000000000000;1,000000000000000;1,000000000000000;1,000000000000000;1,000000000000000;1,000000000000000;1,000000000000000;1,000000000000000
2023-06-27;alle;1;1,0;1;1;1;1;1;1;1;1;1;1;2;2,0;2;2;2;2;2;2;2,0;2,0;2,0;2,0;NA;NA;NA;NA;NA;NA;NA;NA;NA;NA;NA
2023-06-26;0-60;0;0,0;0;0;0;0;0;0;0;0;0;0;0;0,0;0;0;0;0;0;0;0,0;0,0;0,0;0,0;1,000000000000000;1,000000000000000;1,000000000000000;1,000000000000000;1,000000000000000;1,000000000000000;1,000000000000000;1,000000000000000;1,000000000000000;1,000000000000000;1,000000000000000
2023-06-26;60+;0;0,0;0;0;0;0;0;0;0;0;0;0;2;2,0;2;2;2;2;2;2;2,0;2,0;2,0;2,0;1,000000000000000;1,000000000000000;1,000000000000000;1,000000000000000;1,000000000000000;1,000000000000000;1,000000000000000;1,000000000000000;1,000000000000000;1,000000000000000;1,000000000000000
2023-06-26;alle;0;0,0;0;0;0;0;0;0;0;0;0;0;2;2,0;2;2;2;2;2;2;2,0;2,0;2,0;2,0;NA;NA;NA;NA;NA;NA;NA;NA;NA;NA;NA
2023-06-25;0-60;0;0,0;0;0;0;0;0;0;0;0;0;0;0;0,0;0;0;0;0;0;0;0,0;0,0;0,0;0,0;1,000000000000000;1,000000000000000;1,000000000000000;1,000000000000000;1,000000000000000;1,000000000000000;1,000000000000000;1,000000000000000;1,000000000000000;1,000000000000000;1,000000000000000
2023-06-25;60+;0;0,0;0;0;0;0;0;0;0;0;0;0;2;2,0;2;2;2;2;2;2;2,0;2,0;2,0;2,0;1,000000000000000;1,000000000000000;1,000000000000000;1,000000000000000;1,000000000000000;1,000000000000000;1,000000000000000;1,000000000000000;1,000000000000000;1,000000000000000;1,000000000000000
2023-06-25;alle;0;0,0;0;0;0;0;0;0;0;0;0;0;2;2,0;2;2;2;2;2;2;2,0;2,0;2,0;2,0;NA;NA;NA;NA;NA;NA;NA;NA;NA;NA;NA
2023-06-24;0-60;0;0,0;0;0;0;0;0;0;0;0;0;0;0;0,0;0;0;0;0;0;0;0,0;0,0;0,0;0,0;1,000000000000000;1,000000000000000;1,000000000000000;1,000000000000000;1,000000000000000;1,000000000000000;1,000000000000000;1,000000000000000;1,000000000000000;1,000000000000000;1,000000000000000
2023-06-24;60+;0;0,0;0;0;0;0;0;0;0;0;0;0;3;3,0;3;3;3;3;3;3;3,0;3,0;3,0;3,0;1,000000000000000;1,000000000000000;1,000000000000000;1,000000000000000;1,000000000000000;1,000000000000000;1,000000000000000;1,000000000000000;1,000000000000000;1,000000000000000;1,000000000000000
2023-06-24;alle;0;0,0;0;0;0;0;0;0;0;0;0;0;3;3,0;3;3;3;3;3;3;3,0;3,0;3,0;3,0;NA;NA;NA;NA;NA;NA;NA;NA;NA;NA;NA
2023-06-23;0-60;0;0,0;0;0;0;0;0;0;0;0;0;0;0;0,0;0;0;0;0;0;0;0,0;0,0;0,0;0,0;1,000000000000000;1,000000000000000;1,000000000000000;1,000000000000000;1,000000000000000;1,000000000000000;1,000000000000000;1,000000000000000;1,000000000000000;1,000000000000000;1,000000000000000
2023-06-23;60+;0;0,0;0;0;0;0;0;0;0;0;0;0;3;3,0;3;3;3;3;3;3;3,0;3,0;3,0;3,0;1,000000000000000;1,000000000000000;1,000000000000000;1,000000000000000;1,000000000000000;1,000000000000000;1,000000000000000;1,000000000000000;1,000000000000000;1,000000000000000;1,000000000000000
2023-06-23;alle;0;0,0;0;0;0;0;0;0;0;0;0;0;3;3,0;3;3;3;3;3;3;3,0;3,0;3,0;3,0;NA;NA;NA;NA;NA;NA;NA;NA;NA;NA;NA
2023-06-22;0-60;0;0,0;0;0;0;0;0;0;0;0;0;0;0;0,0;0;0;0;0;0;0;0,0;0,0;0,0;0,0;1,000000000000000;1,000000000000000;1,000000000000000;1,000000000000000;1,000000000000000;1,000000000000000;1,000000000000000;1,000000000000000;1,000000000000000;1,000000000000000;1,000000000000000
2023-06-22;60+;0;0,0;0;0;0;0;0;0;0;0;0;0;3;3,0;3;3;3;3;3;3;3,0;3,0;3,0;3,0;1,000000000000000;1,000000000000000;1,000000000000000;1,000000000000000;1,000000000000000;1,000000000000000;1,000000000000000;1,000000000000000;1,000000000000000;1,000000000000000;1,000000000000000
2023-06-22;alle;0;0,0;0;0;0;0;0;0;0;0;0;0;3;3,0;3;3;3;3;3;3;3,0;3,0;3,0;3,0;NA;NA;NA;NA;NA;NA;NA;NA;NA;NA;NA
2023-06-21;0-60;0;0,0;0;0;0;0;0;0;0;0;0;0;0;0,0;0;0;0;0;0;0;0,0;0,0;0,0;0,0;1,000000000000000;1,000000000000000;1,000000000000000;1,000000000000000;1,000000000000000;1,000000000000000;1,000000000000000;1,000000000000000;1,000000000000000;1,000000000000000;1,000000000000000
2023-06-21;60+;1;1,0;1;1;1;1;1;1;1;1;1;1;3;3,0;3;3;3;3;3;3;3,0;3,0;3,0;3,0;1,000000000000000;1,000000000000000;1,000000000000000;1,000000000000000;1,000000000000000;1,000000000000000;1,000000000000000;1,000000000000000;1,000000000000000;1,000000000000000;1,000000000000000
2023-06-21;alle;1;1,0;1;1;1;1;1;1;1;1;1;1;3;3,0;3;3;3;3;3;3;3,0;3,0;3,0;3,0;NA;NA;NA;NA;NA;NA;NA;NA;NA;NA;NA
2023-06-20;0-60;0;0,0;0;0;0;0;0;0;0;0;0;0;0;0,0;0;0;0;0;0;0;0,0;0,0;0,0;0,0;1,000000000000000;1,000000000000000;1,000000000000000;1,000000000000000;1,000000000000000;1,000000000000000;1,000000000000000;1,000000000000000;1,000000000000000;1,000000000000000;1,000000000000000
2023-06-20;60+;1;1,0;1;1;1;1;1;1;1;1;1;1;2;2,0;2;2;2;2;2;2;2,0;2,0;2,0;2,0;1,000000000000000;1,000000000000000;1,000000000000000;1,000000000000000;1,000000000000000;1,000000000000000;1,000000000000000;1,000000000000000;1,000000000000000;1,000000000000000;1,000000000000000
2023-06-20;alle;1;1,0;1;1;1;1;1;1;1;1;1;1;2;2,0;2;2;2;2;2;2;2,0;2,0;2,0;2,0;NA;NA;NA;NA;NA;NA;NA;NA;NA;NA;NA
2023-06-19;0-60;0;0,0;0;0;0;0;0;0;0;0;0;0;0;0,0;0;0;0;0;0;0;0,0;0,0;0,0;0,0;1,000000000000000;1,000000000000000;1,000000000000000;1,000000000000000;1,000000000000000;1,000000000000000;1,000000000000000;1,000000000000000;1,000000000000000;1,000000000000000;1,000000000000000
2023-06-19;60+;0;0,0;0;0;0;0;0;0;0;0;0;0;1;1,0;1;1;1;1;1;1;1,0;1,0;1,0;1,0;1,000000000000000;1,000000000000000;1,000000000000000;1,000000000000000;1,000000000000000;1,000000000000000;1,000000000000000;1,000000000000000;1,000000000000000;1,000000000000000;1,000000000000000
2023-06-19;alle;0;0,0;0;0;0;0;0;0;0;0;0;0;1;1,0;1;1;1;1;1;1;1,0;1,0;1,0;1,0;NA;NA;NA;NA;NA;NA;NA;NA;NA;NA;NA
2023-06-18;0-60;0;0,0;0;0;0;0;0;0;0;0;0;0;0;0,0;0;0;0;0;0;0;0,0;0,0;0,0;0,0;1,000000000000000;1,000000000000000;1,000000000000000;1,000000000000000;1,000000000000000;1,000000000000000;1,000000000000000;1,000000000000000;1,000000000000000;1,000000000000000;1,000000000000000
2023-06-18;60+;1;1,0;1;1;1;1;1;1;1;1;1;1;1;1,0;1;1;1;1;1;1;1,0;1,0;1,0;1,0;1,000000000000000;1,000000000000000;1,000000000000000;1,000000000000000;1,000000000000000;1,000000000000000;1,000000000000000;1,000000000000000;1,000000000000000;1,000000000000000;1,000000000000000
2023-06-18;alle;1;1,0;1;1;1;1;1;1;1;1;1;1;1;1,0;1;1;1;1;1;1;1,0;1,0;1,0;1,0;NA;NA;NA;NA;NA;NA;NA;NA;NA;NA;NA
2023-06-17;0-60;0;0,0;0;0;0;0;0;0;0;0;0;0;0;0,0;0;0;0;0;0;0;0,0;0,0;0,0;0,0;1,000000000000000;1,000000000000000;1,000000000000000;1,000000000000000;1,000000000000000;1,000000000000000;1,000000000000000;1,000000000000000;1,000000000000000;1,000000000000000;1,000000000000000
2023-06-17;60+;0;0,0;0;0;0;0;0;0;0;0;0;0;1;1,0;1;1;1;1;1;1;1,0;1,0;1,0;1,0;1,000000000000000;1,000000000000000;1,000000000000000;1,000000000000000;1,000000000000000;1,000000000000000;1,000000000000000;1,000000000000000;1,000000000000000;1,000000000000000;1,000000000000000
2023-06-17;alle;0;0,0;0;0;0;0;0;0;0;0;0;0;1;1,0;1;1;1;1;1;1;1,0;1,0;1,0;1,0;NA;NA;NA;NA;NA;NA;NA;NA;NA;NA;NA
2023-06-16;0-60;0;0,0;0;0;0;0;0;0;0;0;0;0;0;0,0;0;0;0;0;0;0;0,0;0,0;0,0;0,0;1,000000000000000;1,000000000000000;1,000000000000000;1,000000000000000;1,000000000000000;1,000000000000000;1,000000000000000;1,000000000000000;1,000000000000000;1,000000000000000;1,000000000000000
2023-06-16;60+;0;0,0;0;0;0;0;0;0;0;0;0;0;1;1,0;1;1;1;1;1;1;1,0;1,0;1,0;1,0;1,000000000000000;1,000000000000000;1,000000000000000;1,000000000000000;1,000000000000000;1,000000000000000;1,000000000000000;1,000000000000000;1,000000000000000;1,000000000000000;1,000000000000000
2023-06-16;alle;0;0,0;0;0;0;0;0;0;0;0;0;0;1;1,0;1;1;1;1;1;1;1,0;1,0;1,0;1,0;NA;NA;NA;NA;NA;NA;NA;NA;NA;NA;NA
2023-06-15;0-60;0;0,0;0;0;0;0;0;0;0;0;0;0;0;0,0;0;0;0;0;0;0;0,0;0,0;0,0;0,0;1,000000000000000;1,000000000000000;1,000000000000000;1,000000000000000;1,000000000000000;1,000000000000000;1,000000000000000;1,000000000000000;1,000000000000000;1,000000000000000;1,000000000000000
2023-06-15;60+;0;0,0;0;0;0;0;0;0;0;0;0;0;1;1,0;1;1;1;1;1;1;1,0;1,0;1,0;1,0;1,000000000000000;1,000000000000000;1,000000000000000;1,000000000000000;1,000000000000000;1,000000000000000;1,000000000000000;1,000000000000000;1,000000000000000;1,000000000000000;1,000000000000000
2023-06-15;alle;0;0,0;0;0;0;0;0;0;0;0;0;0;1;1,0;1;1;1;1;1;1;1,0;1,0;1,0;1,0;NA;NA;NA;NA;NA;NA;NA;NA;NA;NA;NA
2023-06-14;0-60;0;0,0;0;0;0;0;0;0;0;0;0;0;0;0,0;0;0;0;0;0;0;0,0;0,0;0,0;0,0;1,000000000000000;1,000000000000000;1,000000000000000;1,000000000000000;1,000000000000000;1,000000000000000;1,000000000000000;1,000000000000000;1,000000000000000;1,000000000000000;1,000000000000000
2023-06-14;60+;0;0,0;0;0;0;0;0;0;0;0;0;0;1;1,0;1;1;1;1;1;1;1,0;1,0;1,0;1,0;1,000000000000000;1,000000000000000;1,000000000000000;1,000000000000000;1,000000000000000;1,000000000000000;1,000000000000000;1,000000000000000;1,000000000000000;1,000000000000000;1,000000000000000
2023-06-14;alle;0;0,0;0;0;0;0;0;0;0;0;0;0;1;1,0;1;1;1;1;1;1;1,0;1,0;1,0;1,0;NA;NA;NA;NA;NA;NA;NA;NA;NA;NA;NA
2023-06-13;0-60;0;0,0;0;0;0;0;0;0;0;0;0;0;0;0,0;0;0;0;0;0;0;0,0;0,0;0,0;0,0;1,000000000000000;1,000000000000000;1,000000000000000;1,000000000000000;1,000000000000000;1,000000000000000;1,000000000000000;1,000000000000000;1,000000000000000;1,000000000000000;1,000000000000000
2023-06-13;60+;0;0,0;0;0;0;0;0;0;0;0;0;0;1;1,0;1;1;1;1;1;1;1,0;1,0;1,0;1,0;1,000000000000000;1,000000000000000;1,000000000000000;1,000000000000000;1,000000000000000;1,000000000000000;1,000000000000000;1,000000000000000;1,000000000000000;1,000000000000000;1,000000000000000
2023-06-13;alle;0;0,0;0;0;0;0;0;0;0;0;0;0;1;1,0;1;1;1;1;1;1;1,0;1,0;1,0;1,0;NA;NA;NA;NA;NA;NA;NA;NA;NA;NA;NA
2023-06-12;0-60;0;0,0;0;0;0;0;0;0;0;0;0;0;0;0,0;0;0;0;0;0;0;0,0;0,0;0,0;0,0;1,000000000000000;1,000000000000000;1,000000000000000;1,000000000000000;1,000000000000000;1,000000000000000;1,000000000000000;1,000000000000000;1,000000000000000;1,000000000000000;1,000000000000000
2023-06-12;60+;0;0,0;0;0;0;0;0;0;0;0;0;0;1;1,0;1;1;1;1;1;1;1,0;1,0;1,0;1,0;1,000000000000000;1,000000000000000;1,000000000000000;1,000000000000000;1,000000000000000;1,000000000000000;1,000000000000000;1,000000000000000;1,000000000000000;1,000000000000000;1,000000000000000
2023-06-12;alle;0;0,0;0;0;0;0;0;0;0;0;0;0;1;1,0;1;1;1;1;1;1;1,0;1,0;1,0;1,0;NA;NA;NA;NA;NA;NA;NA;NA;NA;NA;NA
2023-06-11;0-60;0;0,0;0;0;0;0;0;0;0;0;0;0;0;0,0;0;0;0;0;0;0;0,0;0,0;0,0;0,0;1,000000000000000;1,000000000000000;1,000000000000000;1,000000000000000;1,000000000000000;1,000000000000000;1,000000000000000;1,000000000000000;1,000000000000000;1,000000000000000;1,000000000000000
2023-06-11;60+;1;1,0;1;1;1;1;1;1;1;1;1;1;1;1,0;1;1;1;1;1;1;1,0;1,0;1,0;1,0;1,000000000000000;1,000000000000000;1,000000000000000;1,000000000000000;1,000000000000000;1,000000000000000;1,000000000000000;1,000000000000000;1,000000000000000;1,000000000000000;1,000000000000000
2023-06-11;alle;1;1,0;1;1;1;1;1;1;1;1;1;1;1;1,0;1;1;1;1;1;1;1,0;1,0;1,0;1,0;NA;NA;NA;NA;NA;NA;NA;NA;NA;NA;NA
2023-06-10;0-60;0;0,0;0;0;0;0;0;0;0;0;0;0;0;0,0;0;0;0;0;0;0;0,0;0,0;0,0;0,0;1,000000000000000;1,000000000000000;1,000000000000000;1,000000000000000;1,000000000000000;1,000000000000000;1,000000000000000;1,000000000000000;1,000000000000000;1,000000000000000;1,000000000000000
2023-06-10;60+;0;0,0;0;0;0;0;0;0;0;0;0;0;1;1,0;1;1;1;1;1;1;1,0;1,0;1,0;1,0;1,000000000000000;1,000000000000000;1,000000000000000;1,000000000000000;1,000000000000000;1,000000000000000;1,000000000000000;1,000000000000000;1,000000000000000;1,000000000000000;1,000000000000000
2023-06-10;alle;0;0,0;0;0;0;0;0;0;0;0;0;0;1;1,0;1;1;1;1;1;1;1,0;1,0;1,0;1,0;NA;NA;NA;NA;NA;NA;NA;NA;NA;NA;NA
2023-06-09;0-60;0;0,0;0;0;0;0;0;0;0;0;0;0;0;0,0;0;0;0;0;0;0;0,0;0,0;0,0;0,0;1,000000000000000;1,000000000000000;1,000000000000000;1,000000000000000;1,000000000000000;1,000000000000000;1,000000000000000;1,000000000000000;1,000000000000000;1,000000000000000;1,000000000000000
2023-06-09;60+;0;0,0;0;0;0;0;0;0;0;0;0;0;2;2,0;2;2;2;2;2;2;2,0;2,0;2,0;2,0;1,000000000000000;1,000000000000000;1,000000000000000;1,000000000000000;1,000000000000000;1,000000000000000;1,000000000000000;1,000000000000000;1,000000000000000;1,000000000000000;1,000000000000000
2023-06-09;alle;0;0,0;0;0;0;0;0;0;0;0;0;0;2;2,0;2;2;2;2;2;2;2,0;2,0;2,0;2,0;NA;NA;NA;NA;NA;NA;NA;NA;NA;NA;NA
2023-06-08;0-60;0;0,0;0;0;0;0;0;0;0;0;0;0;0;0,0;0;0;0;0;0;0;0,0;0,0;0,0;0,0;1,000000000000000;1,000000000000000;1,000000000000000;1,000000000000000;1,000000000000000;1,000000000000000;1,000000000000000;1,000000000000000;1,000000000000000;1,000000000000000;1,000000000000000
2023-06-08;60+;0;0,0;0;0;0;0;0;0;0;0;0;0;3;3,0;3;3;3;3;3;3;3,0;3,0;3,0;3,0;1,000000000000000;1,000000000000000;1,000000000000000;1,000000000000000;1,000000000000000;1,000000000000000;1,000000000000000;1,000000000000000;1,000000000000000;1,000000000000000;1,000000000000000
2023-06-08;alle;0;0,0;0;0;0;0;0;0;0;0;0;0;3;3,0;3;3;3;3;3;3;3,0;3,0;3,0;3,0;NA;NA;NA;NA;NA;NA;NA;NA;NA;NA;NA
2023-06-07;0-60;0;0,0;0;0;0;0;0;0;0;0;0;0;0;0,0;0;0;0;0;0;0;0,0;0,0;0,0;0,0;1,000000000000000;1,000000000000000;1,000000000000000;1,000000000000000;1,000000000000000;1,000000000000000;1,000000000000000;1,000000000000000;1,000000000000000;1,000000000000000;1,000000000000000
2023-06-07;60+;0;0,0;0;0;0;0;0;0;0;0;0;0;4;4,0;4;4;4;4;4;4;4,0;4,0;4,0;4,0;1,000000000000000;1,000000000000000;1,000000000000000;1,000000000000000;1,000000000000000;1,000000000000000;1,000000000000000;1,000000000000000;1,000000000000000;1,000000000000000;1,000000000000000
2023-06-07;alle;0;0,0;0;0;0;0;0;0;0;0;0;0;4;4,0;4;4;4;4;4;4;4,0;4,0;4,0;4,0;NA;NA;NA;NA;NA;NA;NA;NA;NA;NA;NA
2023-06-06;0-60;0;0,0;0;0;0;0;0;0;0;0;0;0;0;0,0;0;0;0;0;0;0;0,0;0,0;0,0;0,0;1,000000000000000;1,000000000000000;1,000000000000000;1,000000000000000;1,000000000000000;1,000000000000000;1,000000000000000;1,000000000000000;1,000000000000000;1,000000000000000;1,000000000000000
2023-06-06;60+;0;0,0;0;0;0;0;0;0;0;0;0;0;5;5,0;5;5;5;5;5;5;5,0;5,0;5,0;5,0;1,000000000000000;1,000000000000000;1,000000000000000;1,000000000000000;1,000000000000000;1,000000000000000;1,000000000000000;1,000000000000000;1,000000000000000;1,000000000000000;1,000000000000000
2023-06-06;alle;0;0,0;0;0;0;0;0;0;0;0;0;0;5;5,0;5;5;5;5;5;5;5,0;5,0;5,0;5,0;NA;NA;NA;NA;NA;NA;NA;NA;NA;NA;NA
2023-06-05;0-60;0;0,0;0;0;0;0;0;0;0;0;0;0;0;0,0;0;0;0;0;0;0;0,0;0,0;0,0;0,0;1,000000000000000;1,000000000000000;1,000000000000000;1,000000000000000;1,000000000000000;1,000000000000000;1,000000000000000;1,000000000000000;1,000000000000000;1,000000000000000;1,000000000000000
2023-06-05;60+;0;0,0;0;0;0;0;0;0;0;0;0;0;5;5,0;5;5;5;5;5;5;5,0;5,0;5,0;5,0;1,000000000000000;1,000000000000000;1,000000000000000;1,000000000000000;1,000000000000000;1,000000000000000;1,000000000000000;1,000000000000000;1,000000000000000;1,000000000000000;1,000000000000000
2023-06-05;alle;0;0,0;0;0;0;0;0;0;0;0;0;0;5;5,0;5;5;5;5;5;5;5,0;5,0;5,0;5,0;NA;NA;NA;NA;NA;NA;NA;NA;NA;NA;NA
2023-06-04;0-60;0;0,0;0;0;0;0;0;0;0;0;0;0;0;0,0;0;0;0;0;0;0;0,0;0,0;0,0;0,0;1,000000000000000;1,000000000000000;1,000000000000000;1,000000000000000;1,000000000000000;1,000000000000000;1,000000000000000;1,000000000000000;1,000000000000000;1,000000000000000;1,000000000000000
2023-06-04;60+;1;1,0;1;1;1;1;1;1;1;1;1;1;5;5,0;5;5;5;5;5;5;5,0;5,0;5,0;5,0;1,000000000000000;1,000000000000000;1,000000000000000;1,000000000000000;1,000000000000000;1,000000000000000;1,000000000000000;1,000000000000000;1,000000000000000;1,000000000000000;1,000000000000000
2023-06-04;alle;1;1,0;1;1;1;1;1;1;1;1;1;1;5;5,0;5;5;5;5;5;5;5,0;5,0;5,0;5,0;NA;NA;NA;NA;NA;NA;NA;NA;NA;NA;NA
2023-06-03;0-60;0;0,0;0;0;0;0;0;0;0;0;0;0;0;0,0;0;0;0;0;0;0;0,0;0,0;0,0;0,0;1,000000000000000;1,000000000000000;1,000000000000000;1,000000000000000;1,000000000000000;1,000000000000000;1,000000000000000;1,000000000000000;1,000000000000000;1,000000000000000;1,000000000000000
2023-06-03;60+;1;1,0;1;1;1;1;1;1;1;1;1;1;4;4,0;4;4;4;4;4;4;4,0;4,0;4,0;4,0;1,000000000000000;1,000000000000000;1,000000000000000;1,000000000000000;1,000000000000000;1,000000000000000;1,000000000000000;1,000000000000000;1,000000000000000;1,000000000000000;1,000000000000000
2023-06-03;alle;1;1,0;1;1;1;1;1;1;1;1;1;1;4;4,0;4;4;4;4;4;4;4,0;4,0;4,0;4,0;NA;NA;NA;NA;NA;NA;NA;NA;NA;NA;NA
2023-06-02;0-60;0;0,0;0;0;0;0;0;0;0;0;0;0;0;0,0;0;0;0;0;0;0;0,0;0,0;0,0;0,0;1,000000000000000;1,000000000000000;1,000000000000000;1,000000000000000;1,000000000000000;1,000000000000000;1,000000000000000;1,000000000000000;1,000000000000000;1,000000000000000;1,000000000000000
2023-06-02;60+;1;1,0;1;1;1;1;1;1;1;1;1;1;7;7,0;7;7;7;7;7;7;7,0;7,0;7,0;7,0;1,000000000000000;1,000000000000000;1,000000000000000;1,000000000000000;1,000000000000000;1,000000000000000;1,000000000000000;1,000000000000000;1,000000000000000;1,000000000000000;1,000000000000000
2023-06-02;alle;1;1,0;1;1;1;1;1;1;1;1;1;1;7;7,0;7;7;7;7;7;7;7,0;7,0;7,0;7,0;NA;NA;NA;NA;NA;NA;NA;NA;NA;NA;NA
2023-06-01;0-60;0;0,0;0;0;0;0;0;0;0;0;0;0;0;0,0;0;0;0;0;0;0;0,0;0,0;0,0;0,0;1,000000000000000;1,000000000000000;1,000000000000000;1,000000000000000;1,000000000000000;1,000000000000000;1,000000000000000;1,000000000000000;1,000000000000000;1,000000000000000;1,000000000000000
2023-06-01;60+;1;1,0;1;1;1;1;1;1;1;1;1;1;6;6,0;6;6;6;6;6;6;6,0;6,0;6,0;6,0;1,000000000000000;1,000000000000000;1,000000000000000;1,000000000000000;1,000000000000000;1,000000000000000;1,000000000000000;1,000000000000000;1,000000000000000;1,000000000000000;1,000000000000000
2023-06-01;alle;1;1,0;1;1;1;1;1;1;1;1;1;1;6;6,0;6;6;6;6;6;6;6,0;6,0;6,0;6,0;NA;NA;NA;NA;NA;NA;NA;NA;NA;NA;NA
2023-05-31;0-60;0;0,0;0;0;0;0;0;0;0;0;0;0;0;0,0;0;0;0;0;0;0;0,0;0,0;0,0;0,0;1,000000000000000;1,000000000000000;1,000000000000000;1,000000000000000;1,000000000000000;1,000000000000000;1,000000000000000;1,000000000000000;1,000000000000000;1,000000000000000;1,000000000000000
2023-05-31;60+;1;1,0;1;1;1;1;1;1;1;1;1;1;6;6,0;6;6;6;6;6;6;6,0;6,0;6,0;6,0;1,000000000000000;1,000000000000000;1,000000000000000;1,000000000000000;1,000000000000000;1,000000000000000;1,000000000000000;1,000000000000000;1,000000000000000;1,000000000000000;1,000000000000000
2023-05-31;alle;1;1,0;1;1;1;1;1;1;1;1;1;1;6;6,0;6;6;6;6;6;6;6,0;6,0;6,0;6,0;NA;NA;NA;NA;NA;NA;NA;NA;NA;NA;NA
2023-05-30;0-60;0;0,0;0;0;0;0;0;0;0;0;0;0;0;0,0;0;0;0;0;0;0;0,0;0,0;0,0;0,0;1,000000000000000;1,000000000000000;1,000000000000000;1,000000000000000;1,000000000000000;1,000000000000000;1,000000000000000;1,000000000000000;1,000000000000000;1,000000000000000;1,000000000000000
2023-05-30;60+;0;0,0;0;0;0;0;0;0;0;0;0;0;6;6,0;6;6;6;6;6;6;6,0;6,0;6,0;6,0;1,000000000000000;1,000000000000000;1,000000000000000;1,000000000000000;1,000000000000000;1,000000000000000;1,000000000000000;1,000000000000000;1,000000000000000;1,000000000000000;1,000000000000000
2023-05-30;alle;0;0,0;0;0;0;0;0;0;0;0;0;0;6;6,0;6;6;6;6;6;6;6,0;6,0;6,0;6,0;NA;NA;NA;NA;NA;NA;NA;NA;NA;NA;NA
2023-05-29;0-60;0;0,0;0;0;0;0;0;0;0;0;0;0;0;0,0;0;0;0;0;0;0;0,0;0,0;0,0;0,0;1,000000000000000;1,000000000000000;1,000000000000000;1,000000000000000;1,000000000000000;1,000000000000000;1,000000000000000;1,000000000000000;1,000000000000000;1,000000000000000;1,000000000000000
2023-05-29;60+;0;0,0;0;0;0;0;0;0;0;0;0;0;7;7,0;7;7;7;7;7;7;7,0;7,0;7,0;7,0;1,000000000000000;1,000000000000000;1,000000000000000;1,000000000000000;1,000000000000000;1,000000000000000;1,000000000000000;1,000000000000000;1,000000000000000;1,000000000000000;1,000000000000000
2023-05-29;alle;0;0,0;0;0;0;0;0;0;0;0;0;0;7;7,0;7;7;7;7;7;7;7,0;7,0;7,0;7,0;NA;NA;NA;NA;NA;NA;NA;NA;NA;NA;NA
2023-05-28;0-60;0;0,0;0;0;0;0;0;0;0;0;0;0;0;0,0;0;0;0;0;0;0;0,0;0,0;0,0;0,0;1,000000000000000;1,000000000000000;1,000000000000000;1,000000000000000;1,000000000000000;1,000000000000000;1,000000000000000;1,000000000000000;1,000000000000000;1,000000000000000;1,000000000000000
2023-05-28;60+;0;0,0;0;0;0;0;0;0;0;0;0;0;7;7,0;7;7;7;7;7;7;7,0;7,0;7,0;7,0;1,000000000000000;1,000000000000000;1,000000000000000;1,000000000000000;1,000000000000000;1,000000000000000;1,000000000000000;1,000000000000000;1,000000000000000;1,000000000000000;1,000000000000000
2023-05-28;alle;0;0,0;0;0;0;0;0;0;0;0;0;0;7;7,0;7;7;7;7;7;7;7,0;7,0;7,0;7,0;NA;NA;NA;NA;NA;NA;NA;NA;NA;NA;NA
2023-05-27;0-60;0;0,0;0;0;0;0;0;0;0;0;0;0;0;0,0;0;0;0;0;0;0;0,0;0,0;0,0;0,0;1,000000000000000;1,000000000000000;1,000000000000000;1,000000000000000;1,000000000000000;1,000000000000000;1,000000000000000;1,000000000000000;1,000000000000000;1,000000000000000;1,000000000000000
2023-05-27;60+;4;4,0;4;4;4;4;4;4;4;4;4;4;7;7,0;7;7;7;7;7;7;7,0;7,0;7,0;7,0;1,000000000000000;1,000000000000000;1,000000000000000;1,000000000000000;1,000000000000000;1,000000000000000;1,000000000000000;1,000000000000000;1,000000000000000;1,000000000000000;1,000000000000000
2023-05-27;alle;4;4,0;4;4;4;4;4;4;4;4;4;4;7;7,0;7;7;7;7;7;7;7,0;7,0;7,0;7,0;NA;NA;NA;NA;NA;NA;NA;NA;NA;NA;NA
2023-05-26;0-60;0;0,0;0;0;0;0;0;0;0;0;0;0;0;0,0;0;0;0;0;0;0;0,0;0,0;0,0;0,0;1,000000000000000;1,000000000000000;1,000000000000000;1,000000000000000;1,000000000000000;1,000000000000000;1,000000000000000;1,000000000000000;1,000000000000000;1,000000000000000;1,000000000000000
2023-05-26;60+;0;0,0;0;0;0;0;0;0;0;0;0;0;3;3,0;3;3;3;3;3;3;3,0;3,0;3,0;3,0;1,000000000000000;1,000000000000000;1,000000000000000;1,000000000000000;1,000000000000000;1,000000000000000;1,000000000000000;1,000000000000000;1,000000000000000;1,000000000000000;1,000000000000000
2023-05-26;alle;0;0,0;0;0;0;0;0;0;0;0;0;0;3;3,0;3;3;3;3;3;3;3,0;3,0;3,0;3,0;NA;NA;NA;NA;NA;NA;NA;NA;NA;NA;NA
2023-05-25;0-60;0;0,0;0;0;0;0;0;0;0;0;0;0;0;0,0;0;0;0;0;0;0;0,0;0,0;0,0;0,0;1,000000000000000;1,000000000000000;1,000000000000000;1,000000000000000;1,000000000000000;1,000000000000000;1,000000000000000;1,000000000000000;1,000000000000000;1,000000000000000;1,000000000000000
2023-05-25;60+;1;1,0;1;1;1;1;1;1;1;1;1;1;3;3,0;3;3;3;3;3;3;3,0;3,0;3,0;3,0;1,000000000000000;1,000000000000000;1,000000000000000;1,000000000000000;1,000000000000000;1,000000000000000;1,000000000000000;1,000000000000000;1,000000000000000;1,000000000000000;1,000000000000000
2023-05-25;alle;1;1,0;1;1;1;1;1;1;1;1;1;1;3;3,0;3;3;3;3;3;3;3,0;3,0;3,0;3,0;NA;NA;NA;NA;NA;NA;NA;NA;NA;NA;NA
2023-05-24;0-60;0;0,0;0;0;0;0;0;0;0;0;0;0;0;0,0;0;0;0;0;0;0;0,0;0,0;0,0;0,0;1,000000000000000;1,000000000000000;1,000000000000000;1,000000000000000;1,000000000000000;1,000000000000000;1,000000000000000;1,000000000000000;1,000000000000000;1,000000000000000;1,000000000000000
2023-05-24;60+;1;1,0;1;1;1;1;1;1;1;1;1;1;3;3,0;3;3;3;3;3;3;3,0;3,0;3,0;3,0;1,000000000000000;1,000000000000000;1,000000000000000;1,000000000000000;1,000000000000000;1,000000000000000;1,000000000000000;1,000000000000000;1,000000000000000;1,000000000000000;1,000000000000000
2023-05-24;alle;1;1,0;1;1;1;1;1;1;1;1;1;1;3;3,0;3;3;3;3;3;3;3,0;3,0;3,0;3,0;NA;NA;NA;NA;NA;NA;NA;NA;NA;NA;NA
2023-05-23;0-60;0;0,0;0;0;0;0;0;0;0;0;0;0;0;0,0;0;0;0;0;0;0;0,0;0,0;0,0;0,0;1,000000000000000;1,000000000000000;1,000000000000000;1,000000000000000;1,000000000000000;1,000000000000000;1,000000000000000;1,000000000000000;1,000000000000000;1,000000000000000;1,000000000000000
2023-05-23;60+;1;1,0;1;1;1;1;1;1;1;1;1;1;5;5,0;5;5;5;5;5;5;5,0;5,0;5,0;5,0;1,000000000000000;1,000000000000000;1,000000000000000;1,000000000000000;1,000000000000000;1,000000000000000;1,000000000000000;1,000000000000000;1,000000000000000;1,000000000000000;1,000000000000000
2023-05-23;alle;1;1,0;1;1;1;1;1;1;1;1;1;1;5;5,0;5;5;5;5;5;5;5,0;5,0;5,0;5,0;NA;NA;NA;NA;NA;NA;NA;NA;NA;NA;NA
2023-05-22;0-60;0;0,0;0;0;0;0;0;0;0;0;0;0;0;0,0;0;0;0;0;0;0;0,0;0,0;0,0;0,0;1,000000000000000;1,000000000000000;1,000000000000000;1,000000000000000;1,000000000000000;1,000000000000000;1,000000000000000;1,000000000000000;1,000000000000000;1,000000000000000;1,000000000000000
2023-05-22;60+;0;0,0;0;0;0;0;0;0;0;0;0;0;5;5,0;5;5;5;5;5;5;5,0;5,0;5,0;5,0;1,000000000000000;1,000000000000000;1,000000000000000;1,000000000000000;1,000000000000000;1,000000000000000;1,000000000000000;1,000000000000000;1,000000000000000;1,000000000000000;1,000000000000000
2023-05-22;alle;0;0,0;0;0;0;0;0;0;0;0;0;0;5;5,0;5;5;5;5;5;5;5,0;5,0;5,0;5,0;NA;NA;NA;NA;NA;NA;NA;NA;NA;NA;NA
2023-05-21;0-60;0;0,0;0;0;0;0;0;0;0;0;0;0;0;0,0;0;0;0;0;0;0;0,0;0,0;0,0;0,0;1,000000000000000;1,000000000000000;1,000000000000000;1,000000000000000;1,000000000000000;1,000000000000000;1,000000000000000;1,000000000000000;1,000000000000000;1,000000000000000;1,000000000000000
2023-05-21;60+;0;0,0;0;0;0;0;0;0;0;0;0;0;5;5,0;5;5;5;5;5;5;5,0;5,0;5,0;5,0;1,000000000000000;1,000000000000000;1,000000000000000;1,000000000000000;1,000000000000000;1,000000000000000;1,000000000000000;1,000000000000000;1,000000000000000;1,000000000000000;1,000000000000000
2023-05-21;alle;0;0,0;0;0;0;0;0;0;0;0;0;0;5;5,0;5;5;5;5;5;5;5,0;5,0;5,0;5,0;NA;NA;NA;NA;NA;NA;NA;NA;NA;NA;NA
2023-05-20;0-60;0;0,0;0;0;0;0;0;0;0;0;0;0;0;0,0;0;0;0;0;0;0;0,0;0,0;0,0;0,0;1,000000000000000;1,000000000000000;1,000000000000000;1,000000000000000;1,000000000000000;1,000000000000000;1,000000000000000;1,000000000000000;1,000000000000000;1,000000000000000;1,000000000000000
2023-05-20;60+;0;0,0;0;0;0;0;0;0;0;0;0;0;5;5,0;5;5;5;5;5;5;5,0;5,0;5,0;5,0;1,000000000000000;1,000000000000000;1,000000000000000;1,000000000000000;1,000000000000000;1,000000000000000;1,000000000000000;1,000000000000000;1,000000000000000;1,000000000000000;1,000000000000000
2023-05-20;alle;0;0,0;0;0;0;0;0;0;0;0;0;0;5;5,0;5;5;5;5;5;5;5,0;5,0;5,0;5,0;NA;NA;NA;NA;NA;NA;NA;NA;NA;NA;NA
2023-05-19;0-60;0;0,0;0;0;0;0;0;0;0;0;0;0;0;0,0;0;0;0;0;0;0;0,0;0,0;0,0;0,0;1,000000000000000;1,000000000000000;1,000000000000000;1,000000000000000;1,000000000000000;1,000000000000000;1,000000000000000;1,000000000000000;1,000000000000000;1,000000000000000;1,000000000000000
2023-05-19;60+;0;0,0;0;0;0;0;0;0;0;0;0;0;5;5,0;5;5;5;5;5;5;5,0;5,0;5,0;5,0;1,000000000000000;1,000000000000000;1,000000000000000;1,000000000000000;1,000000000000000;1,000000000000000;1,000000000000000;1,000000000000000;1,000000000000000;1,000000000000000;1,000000000000000
2023-05-19;alle;0;0,0;0;0;0;0;0;0;0;0;0;0;5;5,0;5;5;5;5;5;5;5,0;5,0;5,0;5,0;NA;NA;NA;NA;NA;NA;NA;NA;NA;NA;NA
2023-05-18;0-60;0;0,0;0;0;0;0;0;0;0;0;0;0;0;0,0;0;0;0;0;0;0;0,0;0,0;0,0;0,0;1,000000000000000;1,000000000000000;1,000000000000000;1,000000000000000;1,000000000000000;1,000000000000000;1,000000000000000;1,000000000000000;1,000000000000000;1,000000000000000;1,000000000000000
2023-05-18;60+;1;1,0;1;1;1;1;1;1;1;1;1;1;6;6,0;6;6;6;6;6;6;6,0;6,0;6,0;6,0;1,000000000000000;1,000000000000000;1,000000000000000;1,000000000000000;1,000000000000000;1,000000000000000;1,000000000000000;1,000000000000000;1,000000000000000;1,000000000000000;1,000000000000000
2023-05-18;alle;1;1,0;1;1;1;1;1;1;1;1;1;1;6;6,0;6;6;6;6;6;6;6,0;6,0;6,0;6,0;NA;NA;NA;NA;NA;NA;NA;NA;NA;NA;NA
2023-05-17;0-60;0;0,0;0;0;0;0;0;0;0;0;0;0;0;0,0;0;0;0;0;0;0;0,0;0,0;0,0;0,0;1,000000000000000;1,000000000000000;1,000000000000000;1,000000000000000;1,000000000000000;1,000000000000000;1,000000000000000;1,000000000000000;1,000000000000000;1,000000000000000;1,000000000000000
2023-05-17;60+;3;3,0;3;3;3;3;3;3;3;3;3;3;5;5,0;5;5;5;5;5;5;5,0;5,0;5,0;5,0;1,000000000000000;1,000000000000000;1,000000000000000;1,000000000000000;1,000000000000000;1,000000000000000;1,000000000000000;1,000000000000000;1,000000000000000;1,000000000000000;1,000000000000000
2023-05-17;alle;3;3,0;3;3;3;3;3;3;3;3;3;3;5;5,0;5;5;5;5;5;5;5,0;5,0;5,0;5,0;NA;NA;NA;NA;NA;NA;NA;NA;NA;NA;NA
2023-05-16;0-60;0;0,0;0;0;0;0;0;0;0;0;0;0;0;0,0;0;0;0;0;0;0;0,0;0,0;0,0;0,0;1,000000000000000;1,000000000000000;1,000000000000000;1,000000000000000;1,000000000000000;1,000000000000000;1,000000000000000;1,000000000000000;1,000000000000000;1,000000000000000;1,000000000000000
2023-05-16;60+;1;1,0;1;1;1;1;1;1;1;1;1;1;2;2,0;2;2;2;2;2;2;2,0;2,0;2,0;2,0;1,000000000000000;1,000000000000000;1,000000000000000;1,000000000000000;1,000000000000000;1,000000000000000;1,000000000000000;1,000000000000000;1,000000000000000;1,000000000000000;1,000000000000000
2023-05-16;alle;1;1,0;1;1;1;1;1;1;1;1;1;1;2;2,0;2;2;2;2;2;2;2,0;2,0;2,0;2,0;NA;NA;NA;NA;NA;NA;NA;NA;NA;NA;NA
2023-05-15;0-60;0;0,0;0;0;0;0;0;0;0;0;0;0;0;0,0;0;0;0;0;0;0;0,0;0,0;0,0;0,0;1,000000000000000;1,000000000000000;1,000000000000000;1,000000000000000;1,000000000000000;1,000000000000000;1,000000000000000;1,000000000000000;1,000000000000000;1,000000000000000;1,000000000000000
2023-05-15;60+;0;0,0;0;0;0;0;0;0;0;0;0;0;5;5,0;5;5;5;5;5;5;5,0;5,0;5,0;5,0;1,000000000000000;1,000000000000000;1,000000000000000;1,000000000000000;1,000000000000000;1,000000000000000;1,000000000000000;1,000000000000000;1,000000000000000;1,000000000000000;1,000000000000000
2023-05-15;alle;0;0,0;0;0;0;0;0;0;0;0;0;0;5;5,0;5;5;5;5;5;5;5,0;5,0;5,0;5,0;NA;NA;NA;NA;NA;NA;NA;NA;NA;NA;NA
2023-05-14;0-60;0;0,0;0;0;0;0;0;0;0;0;0;0;0;0,0;0;0;0;0;0;0;0,0;0,0;0,0;0,0;1,000000000000000;1,000000000000000;1,000000000000000;1,000000000000000;1,000000000000000;1,000000000000000;1,000000000000000;1,000000000000000;1,000000000000000;1,000000000000000;1,000000000000000
2023-05-14;60+;0;0,0;0;0;0;0;0;0;0;0;0;0;5;5,0;5;5;5;5;5;5;5,0;5,0;5,0;5,0;1,000000000000000;1,000000000000000;1,000000000000000;1,000000000000000;1,000000000000000;1,000000000000000;1,000000000000000;1,000000000000000;1,000000000000000;1,000000000000000;1,000000000000000
2023-05-14;alle;0;0,0;0;0;0;0;0;0;0;0;0;0;5;5,0;5;5;5;5;5;5;5,0;5,0;5,0;5,0;NA;NA;NA;NA;NA;NA;NA;NA;NA;NA;NA
2023-05-13;0-60;0;0,0;0;0;0;0;0;0;0;0;0;0;0;0,0;0;0;0;0;0;0;0,0;0,0;0,0;0,0;1,000000000000000;1,000000000000000;1,000000000000000;1,000000000000000;1,000000000000000;1,000000000000000;1,000000000000000;1,000000000000000;1,000000000000000;1,000000000000000;1,000000000000000
2023-05-13;60+;0;0,0;0;0;0;0;0;0;0;0;0;0;5;5,0;5;5;5;5;5;5;5,0;5,0;5,0;5,0;1,000000000000000;1,000000000000000;1,000000000000000;1,000000000000000;1,000000000000000;1,000000000000000;1,000000000000000;1,000000000000000;1,000000000000000;1,000000000000000;1,000000000000000
2023-05-13;alle;0;0,0;0;0;0;0;0;0;0;0;0;0;5;5,0;5;5;5;5;5;5;5,0;5,0;5,0;5,0;NA;NA;NA;NA;NA;NA;NA;NA;NA;NA;NA
2023-05-12;0-60;0;0,0;0;0;0;0;0;0;0;0;0;0;1;1,0;1;1;1;1;1;1;1,0;1,0;1,0;1,0;1,000000000000000;1,000000000000000;1,000000000000000;1,000000000000000;1,000000000000000;1,000000000000000;1,000000000000000;1,000000000000000;1,000000000000000;1,000000000000000;1,000000000000000
2023-05-12;60+;1;1,0;1;1;1;1;1;1;1;1;1;1;8;8,0;8;8;8;8;8;8;8,0;8,0;8,0;8,0;1,000000000000000;1,000000000000000;1,000000000000000;1,000000000000000;1,000000000000000;1,000000000000000;1,000000000000000;1,000000000000000;1,000000000000000;1,000000000000000;1,000000000000000
2023-05-12;alle;1;1,0;1;1;1;1;1;1;1;1;1;1;9;9,0;9;9;9;9;9;9;9,0;9,0;9,0;9,0;NA;NA;NA;NA;NA;NA;NA;NA;NA;NA;NA
2023-05-11;0-60;0;0,0;0;0;0;0;0;0;0;0;0;0;1;1,0;1;1;1;1;1;1;1,0;1,0;1,0;1,0;1,000000000000000;1,000000000000000;1,000000000000000;1,000000000000000;1,000000000000000;1,000000000000000;1,000000000000000;1,000000000000000;1,000000000000000;1,000000000000000;1,000000000000000
2023-05-11;60+;0;0,0;0;0;0;0;0;0;0;0;0;0;9;9,0;9;9;9;9;9;9;9,0;9,0;9,0;9,0;1,000000000000000;1,000000000000000;1,000000000000000;1,000000000000000;1,000000000000000;1,000000000000000;1,000000000000000;1,000000000000000;1,000000000000000;1,000000000000000;1,000000000000000
2023-05-11;alle;0;0,0;0;0;0;0;0;0;0;0;0;0;10;10,0;10;10;10;10;10;10;10,0;10,0;10,0;10,0;NA;NA;NA;NA;NA;NA;NA;NA;NA;NA;NA
2023-05-10;0-60;0;0,0;0;0;0;0;0;0;0;0;0;0;1;1,0;1;1;1;1;1;1;1,0;1,0;1,0;1,0;1,000000000000000;1,000000000000000;1,000000000000000;1,000000000000000;1,000000000000000;1,000000000000000;1,000000000000000;1,000000000000000;1,000000000000000;1,000000000000000;1,000000000000000
2023-05-10;60+;0;0,0;0;0;0;0;0;0;0;0;0;0;12;12,0;12;12;12;12;12;12;12,0;12,0;12,0;12,0;1,000000000000000;1,000000000000000;1,000000000000000;1,000000000000000;1,000000000000000;1,000000000000000;1,000000000000000;1,000000000000000;1,000000000000000;1,000000000000000;1,000000000000000
2023-05-10;alle;0;0,0;0;0;0;0;0;0;0;0;0;0;13;13,0;13;13;13;13;13;13;13,0;13,0;13,0;13,0;NA;NA;NA;NA;NA;NA;NA;NA;NA;NA;NA
2023-05-09;0-60;0;0,0;0;0;0;0;0;0;0;0;0;0;2;2,0;2;2;2;2;2;2;2,0;2,0;2,0;2,0;1,000000000000000;1,000000000000000;1,000000000000000;1,000000000000000;1,000000000000000;1,000000000000000;1,000000000000000;1,000000000000000;1,000000000000000;1,000000000000000;1,000000000000000
2023-05-09;60+;4;4,0;4;4;4;4;4;4;4;4;4;4;23;23,0;23;23;23;23;23;23;23,0;23,0;23,0;23,0;1,000000000000000;1,000000000000000;1,000000000000000;1,000000000000000;1,000000000000000;1,000000000000000;1,000000000000000;1,000000000000000;1,000000000000000;1,000000000000000;1,000000000000000
2023-05-09;alle;4;4,0;4;4;4;4;4;4;4;4;4;4;25;25,0;25;25;25;25;25;25;25,0;25,0;25,0;25,0;NA;NA;NA;NA;NA;NA;NA;NA;NA;NA;NA
2023-05-08;0-60;0;0,0;0;0;0;0;0;0;0;0;0;0;2;2,0;2;2;2;2;2;2;2,0;2,0;2,0;2,0;1,000000000000000;1,000000000000000;1,000000000000000;1,000000000000000;1,000000000000000;1,000000000000000;1,000000000000000;1,000000000000000;1,000000000000000;1,000000000000000;1,000000000000000
2023-05-08;60+;0;0,0;0;0;0;0;0;0;0;0;0;0;20;20,0;20;20;20;20;20;20;20,0;20,0;20,0;20,0;1,000000000000000;1,000000000000000;1,000000000000000;1,000000000000000;1,000000000000000;1,000000000000000;1,000000000000000;1,000000000000000;1,000000000000000;1,000000000000000;1,000000000000000
2023-05-08;alle;0;0,0;0;0;0;0;0;0;0;0;0;0;22;22,0;22;22;22;22;22;22;22,0;22,0;22,0;22,0;NA;NA;NA;NA;NA;NA;NA;NA;NA;NA;NA
2023-05-07;0-60;0;0,0;0;0;0;0;0;0;0;0;0;0;2;2,0;2;2;2;2;2;2;2,0;2,0;2,0;2,0;1,000000000000000;1,000000000000000;1,000000000000000;1,000000000000000;1,000000000000000;1,000000000000000;1,000000000000000;1,000000000000000;1,000000000000000;1,000000000000000;1,000000000000000
2023-05-07;60+;0;0,0;0;0;0;0;0;0;0;0;0;0;20;20,0;20;20;20;20;20;20;20,0;20,0;20,0;20,0;1,000000000000000;1,000000000000000;1,000000000000000;1,000000000000000;1,000000000000000;1,000000000000000;1,000000000000000;1,000000000000000;1,000000000000000;1,000000000000000;1,000000000000000
2023-05-07;alle;0;0,0;0;0;0;0;0;0;0;0;0;0;22;22,0;22;22;22;22;22;22;22,0;22,0;22,0;22,0;NA;NA;NA;NA;NA;NA;NA;NA;NA;NA;NA
2023-05-06;0-60;1;1,0;1;1;1;1;1;1;1;1;1;1;2;2,0;2;2;2;2;2;2;2,0;2,0;2,0;2,0;1,000000000000000;1,000000000000000;1,000000000000000;1,000000000000000;1,000000000000000;1,000000000000000;1,000000000000000;1,000000000000000;1,000000000000000;1,000000000000000;1,000000000000000
2023-05-06;60+;3;3,0;3;3;3;3;3;3;3;3;3;3;20;20,0;20;20;20;20;20;20;20,0;20,0;20,0;20,0;1,000000000000000;1,000000000000000;1,000000000000000;1,000000000000000;1,000000000000000;1,000000000000000;1,000000000000000;1,000000000000000;1,000000000000000;1,000000000000000;1,000000000000000
2023-05-06;alle;4;4,0;4;4;4;4;4;4;4;4;4;4;22;22,0;22;22;22;22;22;22;22,0;22,0;22,0;22,0;NA;NA;NA;NA;NA;NA;NA;NA;NA;NA;NA
2023-05-05;0-60;0;0,0;0;0;0;0;0;0;0;0;0;0;1;1,0;1;1;1;1;1;1;1,0;1,0;1,0;1,0;1,000000000000000;1,000000000000000;1,000000000000000;1,000000000000000;1,000000000000000;1,000000000000000;1,000000000000000;1,000000000000000;1,000000000000000;1,000000000000000;1,000000000000000
2023-05-05;60+;2;2,0;2;2;2;2;2;2;2;2;2;2;18;18,0;18;18;18;18;18;18;18,0;18,0;18,0;18,0;1,000000000000000;1,000000000000000;1,000000000000000;1,000000000000000;1,000000000000000;1,000000000000000;1,000000000000000;1,000000000000000;1,000000000000000;1,000000000000000;1,000000000000000
2023-05-05;alle;2;2,0;2;2;2;2;2;2;2;2;2;2;19;19,0;19;19;19;19;19;19;19,0;19,0;19,0;19,0;NA;NA;NA;NA;NA;NA;NA;NA;NA;NA;NA
2023-05-04;0-60;0;0,0;0;0;0;0;0;0;0;0;0;0;1;1,0;1;1;1;1;1;1;1,0;1,0;1,0;1,0;1,000000000000000;1,000000000000000;1,000000000000000;1,000000000000000;1,000000000000000;1,000000000000000;1,000000000000000;1,000000000000000;1,000000000000000;1,000000000000000;1,000000000000000
2023-05-04;60+;3;3,0;3;3;3;3;3;3;3;3;3;3;20;20,0;20;20;20;20;20;20;20,0;20,0;20,0;20,0;1,000000000000000;1,000000000000000;1,000000000000000;1,000000000000000;1,000000000000000;1,000000000000000;1,000000000000000;1,000000000000000;1,000000000000000;1,000000000000000;1,000000000000000
2023-05-04;alle;3;3,0;3;3;3;3;3;3;3;3;3;3;21;21,0;21;21;21;21;21;21;21,0;21,0;21,0;21,0;NA;NA;NA;NA;NA;NA;NA;NA;NA;NA;NA
2023-05-03;0-60;1;1,0;1;1;1;1;1;1;1;1;1;1;1;1,0;1;1;1;1;1;1;1,0;1,0;1,0;1,0;1,000000000000000;1,000000000000000;1,000000000000000;1,000000000000000;1,000000000000000;1,000000000000000;1,000000000000000;1,000000000000000;1,000000000000000;1,000000000000000;1,000000000000000
2023-05-03;60+;11;11,0;11;11;11;11;11;11;11;11;11;11;18;18,0;18;18;18;18;18;18;18,0;18,0;18,0;18,0;1,000000000000000;1,000000000000000;1,000000000000000;1,000000000000000;1,000000000000000;1,000000000000000;1,000000000000000;1,000000000000000;1,000000000000000;1,000000000000000;1,000000000000000
2023-05-03;alle;12;12,0;12;12;12;12;12;12;12;12;12;12;19;19,0;19;19;19;19;19;19;19,0;19,0;19,0;19,0;NA;NA;NA;NA;NA;NA;NA;NA;NA;NA;NA
2023-05-02;0-60;0;0,0;0;0;0;0;0;0;0;0;0;0;1;1,0;1;1;1;1;1;1;1,0;1,0;1,0;1,0;1,000000000000000;1,000000000000000;1,000000000000000;1,000000000000000;1,000000000000000;1,000000000000000;1,000000000000000;1,000000000000000;1,000000000000000;1,000000000000000;1,000000000000000
2023-05-02;60+;1;1,0;1;1;1;1;1;1;1;1;1;1;8;8,0;8;8;8;8;8;8;8,0;8,0;8,0;8,0;1,000000000000000;1,000000000000000;1,000000000000000;1,000000000000000;1,000000000000000;1,000000000000000;1,000000000000000;1,000000000000000;1,000000000000000;1,000000000000000;1,000000000000000
2023-05-02;alle;1;1,0;1;1;1;1;1;1;1;1;1;1;9;9,0;9;9;9;9;9;9;9,0;9,0;9,0;9,0;NA;NA;NA;NA;NA;NA;NA;NA;NA;NA;NA
2023-05-01;0-60;0;0,0;0;0;0;0;0;0;0;0;0;0;1;1,0;1;1;1;1;1;1;1,0;1,0;1,0;1,0;1,000000000000000;1,000000000000000;1,000000000000000;1,000000000000000;1,000000000000000;1,000000000000000;1,000000000000000;1,000000000000000;1,000000000000000;1,000000000000000;1,000000000000000
2023-05-01;60+;0;0,0;0;0;0;0;0;0;0;0;0;0;12;12,0;12;12;12;12;12;12;12,0;12,0;12,0;12,0;1,000000000000000;1,000000000000000;1,000000000000000;1,000000000000000;1,000000000000000;1,000000000000000;1,000000000000000;1,000000000000000;1,000000000000000;1,000000000000000;1,000000000000000
2023-05-01;alle;0;0,0;0;0;0;0;0;0;0;0;0;0;13;13,0;13;13;13;13;13;13;13,0;13,0;13,0;13,0;NA;NA;NA;NA;NA;NA;NA;NA;NA;NA;NA
2023-04-30;0-60;0;0,0;0;0;0;0;0;0;0;0;0;0;1;1,0;1;1;1;1;1;1;1,0;1,0;1,0;1,0;1,000000000000000;1,000000000000000;1,000000000000000;1,000000000000000;1,000000000000000;1,000000000000000;1,000000000000000;1,000000000000000;1,000000000000000;1,000000000000000;1,000000000000000
2023-04-30;60+;0;0,0;0;0;0;0;0;0;0;0;0;0;12;12,0;12;12;12;12;12;12;12,0;12,0;12,0;12,0;1,000000000000000;1,000000000000000;1,000000000000000;1,000000000000000;1,000000000000000;1,000000000000000;1,000000000000000;1,000000000000000;1,000000000000000;1,000000000000000;1,000000000000000
2023-04-30;alle;0;0,0;0;0;0;0;0;0;0;0;0;0;13;13,0;13;13;13;13;13;13;13,0;13,0;13,0;13,0;NA;NA;NA;NA;NA;NA;NA;NA;NA;NA;NA
2023-04-29;0-60;0;0,0;0;0;0;0;0;0;0;0;0;0;1;1,0;1;1;1;1;1;1;1,0;1,0;1,0;1,0;1,000000000000000;1,000000000000000;1,000000000000000;1,000000000000000;1,000000000000000;1,000000000000000;1,000000000000000;1,000000000000000;1,000000000000000;1,000000000000000;1,000000000000000
2023-04-29;60+;1;1,0;1;1;1;1;1;1;1;1;1;1;12;12,0;12;12;12;12;12;12;12,0;12,0;12,0;12,0;1,000000000000000;1,000000000000000;1,000000000000000;1,000000000000000;1,000000000000000;1,000000000000000;1,000000000000000;1,000000000000000;1,000000000000000;1,000000000000000;1,000000000000000
2023-04-29;alle;1;1,0;1;1;1;1;1;1;1;1;1;1;13;13,0;13;13;13;13;13;13;13,0;13,0;13,0;13,0;NA;NA;NA;NA;NA;NA;NA;NA;NA;NA;NA
2023-04-28;0-60;0;0,0;0;0;0;0;0;0;0;0;0;0;1;1,0;1;1;1;1;1;1;1,0;1,0;1,0;1,0;1,000000000000000;1,000000000000000;1,000000000000000;1,000000000000000;1,000000000000000;1,000000000000000;1,000000000000000;1,000000000000000;1,000000000000000;1,000000000000000;1,000000000000000
2023-04-28;60+;4;4,0;4;4;4;4;4;4;4;4;4;4;13;13,0;13;13;13;13;13;13;13,0;13,0;13,0;13,0;1,000000000000000;1,000000000000000;1,000000000000000;1,000000000000000;1,000000000000000;1,000000000000000;1,000000000000000;1,000000000000000;1,000000000000000;1,000000000000000;1,000000000000000
2023-04-28;alle;4;4,0;4;4;4;4;4;4;4;4;4;4;14;14,0;14;14;14;14;14;14;14,0;14,0;14,0;14,0;NA;NA;NA;NA;NA;NA;NA;NA;NA;NA;NA
2023-04-27;0-60;0;0,0;0;0;0;0;0;0;0;0;0;0;1;1,0;1;1;1;1;1;1;1,0;1,0;1,0;1,0;1,000000000000000;1,000000000000000;1,000000000000000;1,000000000000000;1,000000000000000;1,000000000000000;1,000000000000000;1,000000000000000;1,000000000000000;1,000000000000000;1,000000000000000
2023-04-27;60+;1;1,0;1;1;1;1;1;1;1;1;1;1;10;10,0;10;10;10;10;10;10;10,0;10,0;10,0;10,0;1,000000000000000;1,000000000000000;1,000000000000000;1,000000000000000;1,000000000000000;1,000000000000000;1,000000000000000;1,000000000000000;1,000000000000000;1,000000000000000;1,000000000000000
2023-04-27;alle;1;1,0;1;1;1;1;1;1;1;1;1;1;11;11,0;11;11;11;11;11;11;11,0;11,0;11,0;11,0;NA;NA;NA;NA;NA;NA;NA;NA;NA;NA;NA
2023-04-26;0-60;1;1,0;1;1;1;1;1;1;1;1;1;1;1;1,0;1;1;1;1;1;1;1,0;1,0;1,0;1,0;1,000000000000000;1,000000000000000;1,000000000000000;1,000000000000000;1,000000000000000;1,000000000000000;1,000000000000000;1,000000000000000;1,000000000000000;1,000000000000000;1,000000000000000
2023-04-26;60+;1;1,0;1;1;1;1;1;1;1;1;1;1;11;11,0;11;11;11;11;11;11;11,0;11,0;11,0;11,0;1,000000000000000;1,000000000000000;1,000000000000000;1,000000000000000;1,000000000000000;1,000000000000000;1,000000000000000;1,000000000000000;1,000000000000000;1,000000000000000;1,000000000000000
2023-04-26;alle;2;2,0;2;2;2;2;2;2;2;2;2;2;12;12,0;12;12;12;12;12;12;12,0;12,0;12,0;12,0;NA;NA;NA;NA;NA;NA;NA;NA;NA;NA;NA
2023-04-25;0-60;0;0,0;0;0;0;0;0;0;0;0;0;0;0;0,0;0;0;0;0;0;0;0,0;0,0;0,0;0,0;1,000000000000000;1,000000000000000;1,000000000000000;1,000000000000000;1,000000000000000;1,000000000000000;1,000000000000000;1,000000000000000;1,000000000000000;1,000000000000000;1,000000000000000
2023-04-25;60+;5;5,0;5;5;5;5;5;5;5;5;5;5;12;12,0;12;12;12;12;12;12;12,0;12,0;12,0;12,0;1,000000000000000;1,000000000000000;1,000000000000000;1,000000000000000;1,000000000000000;1,000000000000000;1,000000000000000;1,000000000000000;1,000000000000000;1,000000000000000;1,000000000000000
2023-04-25;alle;5;5,0;5;5;5;5;5;5;5;5;5;5;12;12,0;12;12;12;12;12;12;12,0;12,0;12,0;12,0;NA;NA;NA;NA;NA;NA;NA;NA;NA;NA;NA
2023-04-24;0-60;0;0,0;0;0;0;0;0;0;0;0;0;0;1;1,0;1;1;1;1;1;1;1,0;1,0;1,0;1,0;1,000000000000000;1,000000000000000;1,000000000000000;1,000000000000000;1,000000000000000;1,000000000000000;1,000000000000000;1,000000000000000;1,000000000000000;1,000000000000000;1,000000000000000
2023-04-24;60+;0;0,0;0;0;0;0;0;0;0;0;0;0;12;12,0;12;12;12;12;12;12;12,0;12,0;12,0;12,0;1,000000000000000;1,000000000000000;1,000000000000000;1,000000000000000;1,000000000000000;1,000000000000000;1,000000000000000;1,000000000000000;1,000000000000000;1,000000000000000;1,000000000000000
2023-04-24;alle;0;0,0;0;0;0;0;0;0;0;0;0;0;13;13,0;13;13;13;13;13;13;13,0;13,0;13,0;13,0;NA;NA;NA;NA;NA;NA;NA;NA;NA;NA;NA
2023-04-23;0-60;0;0,0;0;0;0;0;0;0;0;0;0;0;1;1,0;1;1;1;1;1;1;1,0;1,0;1,0;1,0;1,000000000000000;1,000000000000000;1,000000000000000;1,000000000000000;1,000000000000000;1,000000000000000;1,000000000000000;1,000000000000000;1,000000000000000;1,000000000000000;1,000000000000000
2023-04-23;60+;0;0,0;0;0;0;0;0;0;0;0;0;0;13;13,0;13;13;13;13;13;13;13,0;13,0;13,0;13,0;1,000000000000000;1,000000000000000;1,000000000000000;1,000000000000000;1,000000000000000;1,000000000000000;1,000000000000000;1,000000000000000;1,000000000000000;1,000000000000000;1,000000000000000
2023-04-23;alle;0;0,0;0;0;0;0;0;0;0;0;0;0;14;14,0;14;14;14;14;14;14;14,0;14,0;14,0;14,0;NA;NA;NA;NA;NA;NA;NA;NA;NA;NA;NA
2023-04-22;0-60;0;0,0;0;0;0;0;0;0;0;0;0;0;1;1,0;1;1;1;1;1;1;1,0;1,0;1,0;1,0;1,000000000000000;1,000000000000000;1,000000000000000;1,000000000000000;1,000000000000000;1,000000000000000;1,000000000000000;1,000000000000000;1,000000000000000;1,000000000000000;1,000000000000000
2023-04-22;60+;2;2,0;2;2;2;2;2;2;2;2;2;2;13;13,0;13;13;13;13;13;13;13,0;13,0;13,0;13,0;1,000000000000000;1,000000000000000;1,000000000000000;1,000000000000000;1,000000000000000;1,000000000000000;1,000000000000000;1,000000000000000;1,000000000000000;1,000000000000000;1,000000000000000
2023-04-22;alle;2;2,0;2;2;2;2;2;2;2;2;2;2;14;14,0;14;14;14;14;14;14;14,0;14,0;14,0;14,0;NA;NA;NA;NA;NA;NA;NA;NA;NA;NA;NA
2023-04-21;0-60;0;0,0;0;0;0;0;0;0;0;0;0;0;1;1,0;1;1;1;1;1;1;1,0;1,0;1,0;1,0;1,000000000000000;1,000000000000000;1,000000000000000;1,000000000000000;1,000000000000000;1,000000000000000;1,000000000000000;1,000000000000000;1,000000000000000;1,000000000000000;1,000000000000000
2023-04-21;60+;1;1,0;1;1;1;1;1;1;1;1;1;1;14;14,0;14;14;14;14;14;14;14,0;14,0;14,0;14,0;1,000000000000000;1,000000000000000;1,000000000000000;1,000000000000000;1,000000000000000;1,000000000000000;1,000000000000000;1,000000000000000;1,000000000000000;1,000000000000000;1,000000000000000
2023-04-21;alle;1;1,0;1;1;1;1;1;1;1;1;1;1;15;15,0;15;15;15;15;15;15;15,0;15,0;15,0;15,0;NA;NA;NA;NA;NA;NA;NA;NA;NA;NA;NA
2023-04-20;0-60;0;0,0;0;0;0;0;0;0;0;0;0;0;2;2,0;2;2;2;2;2;2;2,0;2,0;2,0;2,0;1,000000000000000;1,000000000000000;1,000000000000000;1,000000000000000;1,000000000000000;1,000000000000000;1,000000000000000;1,000000000000000;1,000000000000000;1,000000000000000;1,000000000000000
2023-04-20;60+;2;2,0;2;2;2;2;2;2;2;2;2;2;14;14,0;14;14;14;14;14;14;14,0;14,0;14,0;14,0;1,000000000000000;1,000000000000000;1,000000000000000;1,000000000000000;1,000000000000000;1,000000000000000;1,000000000000000;1,000000000000000;1,000000000000000;1,000000000000000;1,000000000000000
2023-04-20;alle;2;2,0;2;2;2;2;2;2;2;2;2;2;16;16,0;16;16;16;16;16;16;16,0;16,0;16,0;16,0;NA;NA;NA;NA;NA;NA;NA;NA;NA;NA;NA
2023-04-19;0-60;0;0,0;0;0;0;0;0;0;0;0;0;0;3;3,0;3;3;3;3;3;3;3,0;3,0;3,0;3,0;1,000000000000000;1,000000000000000;1,000000000000000;1,000000000000000;1,000000000000000;1,000000000000000;1,000000000000000;1,000000000000000;1,000000000000000;1,000000000000000;1,000000000000000
2023-04-19;60+;2;2,0;2;2;2;2;2;2;2;2;2;2;13;13,0;13;13;13;13;13;13;13,0;13,0;13,0;13,0;1,000000000000000;1,000000000000000;1,000000000000000;1,000000000000000;1,000000000000000;1,000000000000000;1,000000000000000;1,000000000000000;1,000000000000000;1,000000000000000;1,000000000000000
2023-04-19;alle;2;2,0;2;2;2;2;2;2;2;2;2;2;16;16,0;16;16;16;16;16;16;16,0;16,0;16,0;16,0;NA;NA;NA;NA;NA;NA;NA;NA;NA;NA;NA
2023-04-18;0-60;1;1,0;1;1;1;1;1;1;1;1;1;1;5;5,0;5;5;5;5;5;5;5,0;5,0;5,0;5,0;1,000000000000000;1,000000000000000;1,000000000000000;1,000000000000000;1,000000000000000;1,000000000000000;1,000000000000000;1,000000000000000;1,000000000000000;1,000000000000000;1,000000000000000
2023-04-18;60+;5;5,0;5;5;5;5;5;5;5;5;5;5;18;18,0;18;18;18;18;18;18;18,0;18,0;18,0;18,0;1,000000000000000;1,000000000000000;1,000000000000000;1,000000000000000;1,000000000000000;1,000000000000000;1,000000000000000;1,000000000000000;1,000000000000000;1,000000000000000;1,000000000000000
2023-04-18;alle;6;6,0;6;6;6;6;6;6;6;6;6;6;23;23,0;23;23;23;23;23;23;23,0;23,0;23,0;23,0;NA;NA;NA;NA;NA;NA;NA;NA;NA;NA;NA
2023-04-17;0-60;0;0,0;0;0;0;0;0;0;0;0;0;0;4;4,0;4;4;4;4;4;4;4,0;4,0;4,0;4,0;1,000000000000000;1,000000000000000;1,000000000000000;1,000000000000000;1,000000000000000;1,000000000000000;1,000000000000000;1,000000000000000;1,000000000000000;1,000000000000000;1,000000000000000
2023-04-17;60+;1;1,0;1;1;1;1;1;1;1;1;1;1;13;13,0;13;13;13;13;13;13;13,0;13,0;13,0;13,0;1,000000000000000;1,000000000000000;1,000000000000000;1,000000000000000;1,000000000000000;1,000000000000000;1,000000000000000;1,000000000000000;1,000000000000000;1,000000000000000;1,000000000000000
2023-04-17;alle;1;1,0;1;1;1;1;1;1;1;1;1;1;17;17,0;17;17;17;17;17;17;17,0;17,0;17,0;17,0;NA;NA;NA;NA;NA;NA;NA;NA;NA;NA;NA
2023-04-16;0-60;0;0,0;0;0;0;0;0;0;0;0;0;0;4;4,0;4;4;4;4;4;4;4,0;4,0;4,0;4,0;1,000000000000000;1,000000000000000;1,000000000000000;1,000000000000000;1,000000000000000;1,000000000000000;1,000000000000000;1,000000000000000;1,000000000000000;1,000000000000000;1,000000000000000
2023-04-16;60+;0;0,0;0;0;0;0;0;0;0;0;0;0;12;12,0;12;12;12;12;12;12;12,0;12,0;12,0;12,0;1,000000000000000;1,000000000000000;1,000000000000000;1,000000000000000;1,000000000000000;1,000000000000000;1,000000000000000;1,000000000000000;1,000000000000000;1,000000000000000;1,000000000000000
2023-04-16;alle;0;0,0;0;0;0;0;0;0;0;0;0;0;16;16,0;16;16;16;16;16;16;16,0;16,0;16,0;16,0;NA;NA;NA;NA;NA;NA;NA;NA;NA;NA;NA
2023-04-15;0-60;0;0,0;0;0;0;0;0;0;0;0;0;0;4;4,0;4;4;4;4;4;4;4,0;4,0;4,0;4,0;1,000000000000000;1,000000000000000;1,000000000000000;1,000000000000000;1,000000000000000;1,000000000000000;1,000000000000000;1,000000000000000;1,000000000000000;1,000000000000000;1,000000000000000
2023-04-15;60+;3;3,0;3;3;3;3;3;3;3;3;3;3;12;12,0;12;12;12;12;12;12;12,0;12,0;12,0;12,0;1,000000000000000;1,000000000000000;1,000000000000000;1,000000000000000;1,000000000000000;1,000000000000000;1,000000000000000;1,000000000000000;1,000000000000000;1,000000000000000;1,000000000000000
2023-04-15;alle;3;3,0;3;3;3;3;3;3;3;3;3;3;16;16,0;16;16;16;16;16;16;16,0;16,0;16,0;16,0;NA;NA;NA;NA;NA;NA;NA;NA;NA;NA;NA
2023-04-14;0-60;1;1,0;1;1;1;1;1;1;1;1;1;1;4;4,0;4;4;4;4;4;4;4,0;4,0;4,0;4,0;1,000000000000000;1,000000000000000;1,000000000000000;1,000000000000000;1,000000000000000;1,000000000000000;1,000000000000000;1,000000000000000;1,000000000000000;1,000000000000000;1,000000000000000
2023-04-14;60+;1;1,0;1;1;1;1;1;1;1;1;1;1;10;10,0;10;10;10;10;10;10;10,0;10,0;10,0;10,0;1,000000000000000;1,000000000000000;1,000000000000000;1,000000000000000;1,000000000000000;1,000000000000000;1,000000000000000;1,000000000000000;1,000000000000000;1,000000000000000;1,000000000000000
2023-04-14;alle;2;2,0;2;2;2;2;2;2;2;2;2;2;14;14,0;14;14;14;14;14;14;14,0;14,0;14,0;14,0;NA;NA;NA;NA;NA;NA;NA;NA;NA;NA;NA
2023-04-13;0-60;1;1,0;1;1;1;1;1;1;1;1;1;1;3;3,0;3;3;3;3;3;3;3,0;3,0;3,0;3,0;1,000000000000000;1,000000000000000;1,000000000000000;1,000000000000000;1,000000000000000;1,000000000000000;1,000000000000000;1,000000000000000;1,000000000000000;1,000000000000000;1,000000000000000
2023-04-13;60+;1;1,0;1;1;1;1;1;1;1;1;1;1;12;12,0;12;12;12;12;12;12;12,0;12,0;12,0;12,0;1,000000000000000;1,000000000000000;1,000000000000000;1,000000000000000;1,000000000000000;1,000000000000000;1,000000000000000;1,000000000000000;1,000000000000000;1,000000000000000;1,000000000000000
2023-04-13;alle;2;2,0;2;2;2;2;2;2;2;2;2;2;15;15,0;15;15;15;15;15;15;15,0;15,0;15,0;15,0;NA;NA;NA;NA;NA;NA;NA;NA;NA;NA;NA
2023-04-12;0-60;2;2,0;2;2;2;2;2;2;2;2;2;2;2;2,0;2;2;2;2;2;2;2,0;2,0;2,0;2,0;1,000000000000000;1,000000000000000;1,000000000000000;1,000000000000000;1,000000000000000;1,000000000000000;1,000000000000000;1,000000000000000;1,000000000000000;1,000000000000000;1,000000000000000
2023-04-12;60+;7;7,0;7;7;7;7;7;7;7;7;7;7;18;18,0;18;18;18;18;18;18;18,0;18,0;18,0;18,0;1,000000000000000;1,000000000000000;1,000000000000000;1,000000000000000;1,000000000000000;1,000000000000000;1,000000000000000;1,000000000000000;1,000000000000000;1,000000000000000;1,000000000000000
2023-04-12;alle;9;9,0;9;9;9;9;9;9;9;9;9;9;20;20,0;20;20;20;20;20;20;20,0;20,0;20,0;20,0;NA;NA;NA;NA;NA;NA;NA;NA;NA;NA;NA
2023-04-11;0-60;0;0,0;0;0;0;0;0;0;0;0;0;0;1;1,0;1;1;1;1;1;1;1,0;1,0;1,0;1,0;1,000000000000000;1,000000000000000;1,000000000000000;1,000000000000000;1,000000000000000;1,000000000000000;1,000000000000000;1,000000000000000;1,000000000000000;1,000000000000000;1,000000000000000
2023-04-11;60+;0;0,0;0;0;0;0;0;0;0;0;0;0;18;18,0;18;18;18;18;18;18;18,0;18,0;18,0;18,0;1,000000000000000;1,000000000000000;1,000000000000000;1,000000000000000;1,000000000000000;1,000000000000000;1,000000000000000;1,000000000000000;1,000000000000000;1,000000000000000;1,000000000000000
2023-04-11;alle;0;0,0;0;0;0;0;0;0;0;0;0;0;19;19,0;19;19;19;19;19;19;19,0;19,0;19,0;19,0;NA;NA;NA;NA;NA;NA;NA;NA;NA;NA;NA
2023-04-10;0-60;0;0,0;0;0;0;0;0;0;0;0;0;0;1;1,0;1;1;1;1;1;1;1,0;1,0;1,0;1,0;1,000000000000000;1,000000000000000;1,000000000000000;1,000000000000000;1,000000000000000;1,000000000000000;1,000000000000000;1,000000000000000;1,000000000000000;1,000000000000000;1,000000000000000
2023-04-10;60+;0;0,0;0;0;0;0;0;0;0;0;0;0;30;30,0;30;30;30;30;30;30;30,0;30,0;30,0;30,0;1,000000000000000;1,000000000000000;1,000000000000000;1,000000000000000;1,000000000000000;1,000000000000000;1,000000000000000;1,000000000000000;1,000000000000000;1,000000000000000;1,000000000000000
2023-04-10;alle;0;0,0;0;0;0;0;0;0;0;0;0;0;31;31,0;31;31;31;31;31;31;31,0;31,0;31,0;31,0;NA;NA;NA;NA;NA;NA;NA;NA;NA;NA;NA
2023-04-09;0-60;0;0,0;0;0;0;0;0;0;0;0;0;0;1;1,0;1;1;1;1;1;1;1,0;1,0;1,0;1,0;1,000000000000000;1,000000000000000;1,000000000000000;1,000000000000000;1,000000000000000;1,000000000000000;1,000000000000000;1,000000000000000;1,000000000000000;1,000000000000000;1,000000000000000
2023-04-09;60+;0;0,0;0;0;0;0;0;0;0;0;0;0;30;30,0;30;30;30;30;30;30;30,0;30,0;30,0;30,0;1,000000000000000;1,000000000000000;1,000000000000000;1,000000000000000;1,000000000000000;1,000000000000000;1,000000000000000;1,000000000000000;1,000000000000000;1,000000000000000;1,000000000000000
2023-04-09;alle;0;0,0;0;0;0;0;0;0;0;0;0;0;31;31,0;31;31;31;31;31;31;31,0;31,0;31,0;31,0;NA;NA;NA;NA;NA;NA;NA;NA;NA;NA;NA
2023-04-08;0-60;0;0,0;0;0;0;0;0;0;0;0;0;0;1;1,0;1;1;1;1;1;1;1,0;1,0;1,0;1,0;1,000000000000000;1,000000000000000;1,000000000000000;1,000000000000000;1,000000000000000;1,000000000000000;1,000000000000000;1,000000000000000;1,000000000000000;1,000000000000000;1,000000000000000
2023-04-08;60+;1;1,0;1;1;1;1;1;1;1;1;1;1;30;30,0;30;30;30;30;30;30;30,0;30,0;30,0;30,0;1,000000000000000;1,000000000000000;1,000000000000000;1,000000000000000;1,000000000000000;1,000000000000000;1,000000000000000;1,000000000000000;1,000000000000000;1,000000000000000;1,000000000000000
2023-04-08;alle;1;1,0;1;1;1;1;1;1;1;1;1;1;31;31,0;31;31;31;31;31;31;31,0;31,0;31,0;31,0;NA;NA;NA;NA;NA;NA;NA;NA;NA;NA;NA
2023-04-07;0-60;0;0,0;0;0;0;0;0;0;0;0;0;0;2;2,0;2;2;2;2;2;2;2,0;2,0;2,0;2,0;1,000000000000000;1,000000000000000;1,000000000000000;1,000000000000000;1,000000000000000;1,000000000000000;1,000000000000000;1,000000000000000;1,000000000000000;1,000000000000000;1,000000000000000
2023-04-07;60+;3;3,0;3;3;3;3;3;3;3;3;3;3;30;30,0;30;30;30;30;30;30;30,0;30,0;30,0;30,0;1,000000000000000;1,000000000000000;1,000000000000000;1,000000000000000;1,000000000000000;1,000000000000000;1,000000000000000;1,000000000000000;1,000000000000000;1,000000000000000;1,000000000000000
2023-04-07;alle;3;3,0;3;3;3;3;3;3;3;3;3;3;32;32,0;32;32;32;32;32;32;32,0;32,0;32,0;32,0;NA;NA;NA;NA;NA;NA;NA;NA;NA;NA;NA
2023-04-06;0-60;0;0,0;0;0;0;0;0;0;0;0;0;0;2;2,0;2;2;2;2;2;2;2,0;2,0;2,0;2,0;1,000000000000000;1,000000000000000;1,000000000000000;1,000000000000000;1,000000000000000;1,000000000000000;1,000000000000000;1,000000000000000;1,000000000000000;1,000000000000000;1,000000000000000
2023-04-06;60+;7;7,0;7;7;7;7;7;7;7;7;7;7;31;31,0;31;31;31;31;31;31;31,0;31,0;31,0;31,0;1,000000000000000;1,000000000000000;1,000000000000000;1,000000000000000;1,000000000000000;1,000000000000000;1,000000000000000;1,000000000000000;1,000000000000000;1,000000000000000;1,000000000000000
2023-04-06;alle;7;7,0;7;7;7;7;7;7;7;7;7;7;33;33,0;33;33;33;33;33;33;33,0;33,0;33,0;33,0;NA;NA;NA;NA;NA;NA;NA;NA;NA;NA;NA
2023-04-05;0-60;1;1,0;1;1;1;1;1;1;1;1;1;1;2;2,0;2;2;2;2;2;2;2,0;2,0;2,0;2,0;1,000000000000000;1,000000000000000;1,000000000000000;1,000000000000000;1,000000000000000;1,000000000000000;1,000000000000000;1,000000000000000;1,000000000000000;1,000000000000000;1,000000000000000
2023-04-05;60+;7;7,0;7;7;7;7;7;7;7;7;7;7;28;28,0;28;28;28;28;28;28;28,0;28,0;28,0;28,0;1,000000000000000;1,000000000000000;1,000000000000000;1,000000000000000;1,000000000000000;1,000000000000000;1,000000000000000;1,000000000000000;1,000000000000000;1,000000000000000;1,000000000000000
2023-04-05;alle;8;8,0;8;8;8;8;8;8;8;8;8;8;30;30,0;30;30;30;30;30;30;30,0;30,0;30,0;30,0;NA;NA;NA;NA;NA;NA;NA;NA;NA;NA;NA
2023-04-04;0-60;0;0,0;0;0;0;0;0;0;0;0;0;0;2;2,0;2;2;2;2;2;2;2,0;2,0;2,0;2,0;1,000000000000000;1,000000000000000;1,000000000000000;1,000000000000000;1,000000000000000;1,000000000000000;1,000000000000000;1,000000000000000;1,000000000000000;1,000000000000000;1,000000000000000
2023-04-04;60+;12;12,0;12;12;12;12;12;12;12;12;12;12;23;23,0;23;23;23;23;23;23;23,0;23,0;23,0;23,0;1,000000000000000;1,000000000000000;1,000000000000000;1,000000000000000;1,000000000000000;1,000000000000000;1,000000000000000;1,000000000000000;1,000000000000000;1,000000000000000;1,000000000000000
2023-04-04;alle;12;12,0;12;12;12;12;12;12;12;12;12;12;25;25,0;25;25;25;25;25;25;25,0;25,0;25,0;25,0;NA;NA;NA;NA;NA;NA;NA;NA;NA;NA;NA
2023-04-03;0-60;0;0,0;0;0;0;0;0;0;0;0;0;0;4;4,0;4;4;4;4;4;4;4,0;4,0;4,0;4,0;1,000000000000000;1,000000000000000;1,000000000000000;1,000000000000000;1,000000000000000;1,000000000000000;1,000000000000000;1,000000000000000;1,000000000000000;1,000000000000000;1,000000000000000
2023-04-03;60+;0;0,0;0;0;0;0;0;0;0;0;0;0;26;26,0;26;26;26;26;26;26;26,0;26,0;26,0;26,0;1,000000000000000;1,000000000000000;1,000000000000000;1,000000000000000;1,000000000000000;1,000000000000000;1,000000000000000;1,000000000000000;1,000000000000000;1,000000000000000;1,000000000000000
2023-04-03;alle;0;0,0;0;0;0;0;0;0;0;0;0;0;30;30,0;30;30;30;30;30;30;30,0;30,0;30,0;30,0;NA;NA;NA;NA;NA;NA;NA;NA;NA;NA;NA
2023-04-02;0-60;0;0,0;0;0;0;0;0;0;0;0;0;0;4;4,0;4;4;4;4;4;4;4,0;4,0;4,0;4,0;1,000000000000000;1,000000000000000;1,000000000000000;1,000000000000000;1,000000000000000;1,000000000000000;1,000000000000000;1,000000000000000;1,000000000000000;1,000000000000000;1,000000000000000
2023-04-02;60+;0;0,0;0;0;0;0;0;0;0;0;0;0;26;26,0;26;26;26;26;26;26;26,0;26,0;26,0;26,0;1,000000000000000;1,000000000000000;1,000000000000000;1,000000000000000;1,000000000000000;1,000000000000000;1,000000000000000;1,000000000000000;1,000000000000000;1,000000000000000;1,000000000000000
2023-04-02;alle;0;0,0;0;0;0;0;0;0;0;0;0;0;30;30,0;30;30;30;30;30;30;30,0;30,0;30,0;30,0;NA;NA;NA;NA;NA;NA;NA;NA;NA;NA;NA
2023-04-01;0-60;1;1,0;1;1;1;1;1;1;1;1;1;1;4;4,0;4;4;4;4;4;4;4,0;4,0;4,0;4,0;1,000000000000000;1,000000000000000;1,000000000000000;1,000000000000000;1,000000000000000;1,000000000000000;1,000000000000000;1,000000000000000;1,000000000000000;1,000000000000000;1,000000000000000
2023-04-01;60+;1;1,0;1;1;1;1;1;1;1;1;1;1;26;26,0;26;26;26;26;26;26;26,0;26,0;26,0;26,0;1,000000000000000;1,000000000000000;1,000000000000000;1,000000000000000;1,000000000000000;1,000000000000000;1,000000000000000;1,000000000000000;1,000000000000000;1,000000000000000;1,000000000000000
2023-04-01;alle;2;2,0;2;2;2;2;2;2;2;2;2;2;30;30,0;30;30;30;30;30;30;30,0;30,0;30,0;30,0;NA;NA;NA;NA;NA;NA;NA;NA;NA;NA;NA
2023-03-31;0-60;0;0,0;0;0;0;0;0;0;0;0;0;0;4;4,0;4;4;4;4;4;4;4,0;4,0;4,0;4,0;1,000000000000000;1,000000000000000;1,000000000000000;1,000000000000000;1,000000000000000;1,000000000000000;1,000000000000000;1,000000000000000;1,000000000000000;1,000000000000000;1,000000000000000
2023-03-31;60+;4;4,0;4;4;4;4;4;4;4;4;4;4;27;27,0;27;27;27;27;27;27;27,0;27,0;27,0;27,0;1,000000000000000;1,000000000000000;1,000000000000000;1,000000000000000;1,000000000000000;1,000000000000000;1,000000000000000;1,000000000000000;1,000000000000000;1,000000000000000;1,000000000000000
2023-03-31;alle;4;4,0;4;4;4;4;4;4;4;4;4;4;31;31,0;31;31;31;31;31;31;31,0;31,0;31,0;31,0;NA;NA;NA;NA;NA;NA;NA;NA;NA;NA;NA
2023-03-30;0-60;0;0,0;0;0;0;0;0;0;0;0;0;0;4;4,0;4;4;4;4;4;4;4,0;4,0;4,0;4,0;1,000000000000000;1,000000000000000;1,000000000000000;1,000000000000000;1,000000000000000;1,000000000000000;1,000000000000000;1,000000000000000;1,000000000000000;1,000000000000000;1,000000000000000
2023-03-30;60+;4;4,0;4;4;4;4;4;4;4;4;4;4;29;29,0;29;29;29;29;29;29;29,0;29,0;29,0;29,0;1,000000000000000;1,000000000000000;1,000000000000000;1,000000000000000;1,000000000000000;1,000000000000000;1,000000000000000;1,000000000000000;1,000000000000000;1,000000000000000;1,000000000000000
2023-03-30;alle;4;4,0;4;4;4;4;4;4;4;4;4;4;33;33,0;33;33;33;33;33;33;33,0;33,0;33,0;33,0;NA;NA;NA;NA;NA;NA;NA;NA;NA;NA;NA
2023-03-29;0-60;1;1,0;1;1;1;1;1;1;1;1;1;1;4;4,0;4;4;4;4;4;4;4,0;4,0;4,0;4,0;1,000000000000000;1,000000000000000;1,000000000000000;1,000000000000000;1,000000000000000;1,000000000000000;1,000000000000000;1,000000000000000;1,000000000000000;1,000000000000000;1,000000000000000
2023-03-29;60+;2;2,0;2;2;2;2;2;2;2;2;2;2;32;32,0;32;32;32;32;32;32;32,0;32,0;32,0;32,0;1,000000000000000;1,000000000000000;1,000000000000000;1,000000000000000;1,000000000000000;1,000000000000000;1,000000000000000;1,000000000000000;1,000000000000000;1,000000000000000;1,000000000000000
2023-03-29;alle;3;3,0;3;3;3;3;3;3;3;3;3;3;36;36,0;36;36;36;36;36;36;36,0;36,0;36,0;36,0;NA;NA;NA;NA;NA;NA;NA;NA;NA;NA;NA
2023-03-28;0-60;2;2,0;2;2;2;2;2;2;2;2;2;2;7;7,0;7;7;7;7;7;7;7,0;7,0;7,0;7,0;1,000000000000000;1,000000000000000;1,000000000000000;1,000000000000000;1,000000000000000;1,000000000000000;1,000000000000000;1,000000000000000;1,000000000000000;1,000000000000000;1,000000000000000
2023-03-28;60+;15;15,0;15;15;15;15;15;15;15;15;15;15;42;42,0;42;42;42;42;42;42;42,0;42,0;42,0;42,0;1,000000000000000;1,000000000000000;1,000000000000000;1,000000000000000;1,000000000000000;1,000000000000000;1,000000000000000;1,000000000000000;1,000000000000000;1,000000000000000;1,000000000000000
2023-03-28;alle;17;17,0;17;17;17;17;17;17;17;17;17;17;49;49,0;49;49;49;49;49;49;49,0;49,0;49,0;49,0;NA;NA;NA;NA;NA;NA;NA;NA;NA;NA;NA
2023-03-27;0-60;0;0,0;0;0;0;0;0;0;0;0;0;0;6;6,0;6;6;6;6;6;6;6,0;6,0;6,0;6,0;1,000000000000000;1,000000000000000;1,000000000000000;1,000000000000000;1,000000000000000;1,000000000000000;1,000000000000000;1,000000000000000;1,000000000000000;1,000000000000000;1,000000000000000
2023-03-27;60+;0;0,0;0;0;0;0;0;0;0;0;0;0;43;43,0;43;43;43;43;43;43;43,0;43,0;43,0;43,0;1,000000000000000;1,000000000000000;1,000000000000000;1,000000000000000;1,000000000000000;1,000000000000000;1,000000000000000;1,000000000000000;1,000000000000000;1,000000000000000;1,000000000000000
2023-03-27;alle;0;0,0;0;0;0;0;0;0;0;0;0;0;49;49,0;49;49;49;49;49;49;49,0;49,0;49,0;49,0;NA;NA;NA;NA;NA;NA;NA;NA;NA;NA;NA
2023-03-26;0-60;0;0,0;0;0;0;0;0;0;0;0;0;0;6;6,0;6;6;6;6;6;6;6,0;6,0;6,0;6,0;1,000000000000000;1,000000000000000;1,000000000000000;1,000000000000000;1,000000000000000;1,000000000000000;1,000000000000000;1,000000000000000;1,000000000000000;1,000000000000000;1,000000000000000
2023-03-26;60+;0;0,0;0;0;0;0;0;0;0;0;0;0;43;43,0;43;43;43;43;43;43;43,0;43,0;43,0;43,0;1,000000000000000;1,000000000000000;1,000000000000000;1,000000000000000;1,000000000000000;1,000000000000000;1,000000000000000;1,000000000000000;1,000000000000000;1,000000000000000;1,000000000000000
2023-03-26;alle;0;0,0;0;0;0;0;0;0;0;0;0;0;49;49,0;49;49;49;49;49;49;49,0;49,0;49,0;49,0;NA;NA;NA;NA;NA;NA;NA;NA;NA;NA;NA
2023-03-25;0-60;1;1,0;1;1;1;1;1;1;1;1;1;1;6;6,0;6;6;6;6;6;6;6,0;6,0;6,0;6,0;1,000000000000000;1,000000000000000;1,000000000000000;1,000000000000000;1,000000000000000;1,000000000000000;1,000000000000000;1,000000000000000;1,000000000000000;1,000000000000000;1,000000000000000
2023-03-25;60+;2;2,0;2;2;2;2;2;2;2;2;2;2;43;43,0;43;43;43;43;43;43;43,0;43,0;43,0;43,0;1,000000000000000;1,000000000000000;1,000000000000000;1,000000000000000;1,000000000000000;1,000000000000000;1,000000000000000;1,000000000000000;1,000000000000000;1,000000000000000;1,000000000000000
2023-03-25;alle;3;3,0;3;3;3;3;3;3;3;3;3;3;49;49,0;49;49;49;49;49;49;49,0;49,0;49,0;49,0;NA;NA;NA;NA;NA;NA;NA;NA;NA;NA;NA
2023-03-24;0-60;0;0,0;0;0;0;0;0;0;0;0;0;0;6;6,0;6;6;6;6;6;6;6,0;6,0;6,0;6,0;1,000000000000000;1,000000000000000;1,000000000000000;1,000000000000000;1,000000000000000;1,000000000000000;1,000000000000000;1,000000000000000;1,000000000000000;1,000000000000000;1,000000000000000
2023-03-24;60+;6;6,0;6;6;6;6;6;6;6;6;6;6;43;43,0;43;43;43;43;43;43;43,0;43,0;43,0;43,0;1,000000000000000;1,000000000000000;1,000000000000000;1,000000000000000;1,000000000000000;1,000000000000000;1,000000000000000;1,000000000000000;1,000000000000000;1,000000000000000;1,000000000000000
2023-03-24;alle;6;6,0;6;6;6;6;6;6;6;6;6;6;49;49,0;49;49;49;49;49;49;49,0;49,0;49,0;49,0;NA;NA;NA;NA;NA;NA;NA;NA;NA;NA;NA
2023-03-23;0-60;0;0,0;0;0;0;0;0;0;0;0;0;0;8;8,0;8;8;8;8;8;8;8,0;8,0;8,0;8,0;1,000000000000000;1,000000000000000;1,000000000000000;1,000000000000000;1,000000000000000;1,000000000000000;1,000000000000000;1,000000000000000;1,000000000000000;1,000000000000000;1,000000000000000
2023-03-23;60+;7;7,0;7;7;7;7;7;7;7;7;7;7;43;43,0;43;43;43;43;43;43;43,0;43,0;43,0;43,0;1,000000000000000;1,000000000000000;1,000000000000000;1,000000000000000;1,000000000000000;1,000000000000000;1,000000000000000;1,000000000000000;1,000000000000000;1,000000000000000;1,000000000000000
2023-03-23;alle;7;7,0;7;7;7;7;7;7;7;7;7;7;51;51,0;51;51;51;51;51;51;51,0;51,0;51,0;51,0;NA;NA;NA;NA;NA;NA;NA;NA;NA;NA;NA
2023-03-22;0-60;4;4,0;4;4;4;4;4;4;4;4;4;4;9;9,0;9;9;9;9;9;9;9,0;9,0;9,0;9,0;1,000000000000000;1,000000000000000;1,000000000000000;1,000000000000000;1,000000000000000;1,000000000000000;1,000000000000000;1,000000000000000;1,000000000000000;1,000000000000000;1,000000000000000
2023-03-22;60+;12;12,0;12;12;12;12;12;12;12;12;12;12;39;39,0;39;39;39;39;39;39;39,0;39,0;39,0;39,0;1,000000000000000;1,000000000000000;1,000000000000000;1,000000000000000;1,000000000000000;1,000000000000000;1,000000000000000;1,000000000000000;1,000000000000000;1,000000000000000;1,000000000000000
2023-03-22;alle;16;16,0;16;16;16;16;16;16;16;16;16;16;48;48,0;48;48;48;48;48;48;48,0;48,0;48,0;48,0;NA;NA;NA;NA;NA;NA;NA;NA;NA;NA;NA
2023-03-21;0-60;1;1,0;1;1;1;1;1;1;1;1;1;1;6;6,0;6;6;6;6;6;6;6,0;6,0;6,0;6,0;1,000000000000000;1,000000000000000;1,000000000000000;1,000000000000000;1,000000000000000;1,000000000000000;1,000000000000000;1,000000000000000;1,000000000000000;1,000000000000000;1,000000000000000
2023-03-21;60+;16;16,0;16;16;16;16;16;16;16;16;16;16;46;46,0;46;46;46;46;46;46;46,0;46,0;46,0;46,0;1,000000000000000;1,000000000000000;1,000000000000000;1,000000000000000;1,000000000000000;1,000000000000000;1,000000000000000;1,000000000000000;1,000000000000000;1,000000000000000;1,000000000000000
2023-03-21;alle;17;17,0;17;17;17;17;17;17;17;17;17;17;52;52,0;52;52;52;52;52;52;52,0;52,0;52,0;52,0;NA;NA;NA;NA;NA;NA;NA;NA;NA;NA;NA
2023-03-20;0-60;0;0,0;0;0;0;0;0;0;0;0;0;0;10;10,0;10;10;10;10;10;10;10,0;10,0;10,0;10,0;1,000000000000000;1,000000000000000;1,000000000000000;1,000000000000000;1,000000000000000;1,000000000000000;1,000000000000000;1,000000000000000;1,000000000000000;1,000000000000000;1,000000000000000
2023-03-20;60+;0;0,0;0;0;0;0;0;0;0;0;0;0;59;59,0;59;59;59;59;59;59;59,0;59,0;59,0;59,0;1,000000000000000;1,000000000000000;1,000000000000000;1,000000000000000;1,000000000000000;1,000000000000000;1,000000000000000;1,000000000000000;1,000000000000000;1,000000000000000;1,000000000000000
2023-03-20;alle;0;0,0;0;0;0;0;0;0;0;0;0;0;69;69,0;69;69;69;69;69;69;69,0;69,0;69,0;69,0;NA;NA;NA;NA;NA;NA;NA;NA;NA;NA;NA
2023-03-19;0-60;0;0,0;0;0;0;0;0;0;0;0;0;0;10;10,0;10;10;10;10;10;10;10,0;10,0;10,0;10,0;1,000000000000000;1,000000000000000;1,000000000000000;1,000000000000000;1,000000000000000;1,000000000000000;1,000000000000000;1,000000000000000;1,000000000000000;1,000000000000000;1,000000000000000
2023-03-19;60+;0;0,0;0;0;0;0;0;0;0;0;0;0;59;59,0;59;59;59;59;59;59;59,0;59,0;59,0;59,0;1,000000000000000;1,000000000000000;1,000000000000000;1,000000000000000;1,000000000000000;1,000000000000000;1,000000000000000;1,000000000000000;1,000000000000000;1,000000000000000;1,000000000000000
2023-03-19;alle;0;0,0;0;0;0;0;0;0;0;0;0;0;69;69,0;69;69;69;69;69;69;69,0;69,0;69,0;69,0;NA;NA;NA;NA;NA;NA;NA;NA;NA;NA;NA
2023-03-18;0-60;1;1,0;1;1;1;1;1;1;1;1;1;1;10;10,0;10;10;10;10;10;10;10,0;10,0;10,0;10,0;1,000000000000000;1,000000000000000;1,000000000000000;1,000000000000000;1,000000000000000;1,000000000000000;1,000000000000000;1,000000000000000;1,000000000000000;1,000000000000000;1,000000000000000
2023-03-18;60+;2;2,0;2;2;2;2;2;2;2;2;2;2;60;60,0;60;60;60;60;60;60;60,0;60,0;60,0;60,0;1,000000000000000;1,000000000000000;1,000000000000000;1,000000000000000;1,000000000000000;1,000000000000000;1,000000000000000;1,000000000000000;1,000000000000000;1,000000000000000;1,000000000000000
2023-03-18;alle;3;3,0;3;3;3;3;3;3;3;3;3;3;70;70,0;70;70;70;70;70;70;70,0;70,0;70,0;70,0;NA;NA;NA;NA;NA;NA;NA;NA;NA;NA;NA
2023-03-17;0-60;2;2,0;2;2;2;2;2;2;2;2;2;2;10;10,0;10;10;10;10;10;10;10,0;10,0;10,0;10,0;1,000000000000000;1,000000000000000;1,000000000000000;1,000000000000000;1,000000000000000;1,000000000000000;1,000000000000000;1,000000000000000;1,000000000000000;1,000000000000000;1,000000000000000
2023-03-17;60+;6;6,0;6;6;6;6;6;6;6;6;6;6;61;61,0;61;61;61;61;61;61;61,0;61,0;61,0;61,0;1,000000000000000;1,000000000000000;1,000000000000000;1,000000000000000;1,000000000000000;1,000000000000000;1,000000000000000;1,000000000000000;1,000000000000000;1,000000000000000;1,000000000000000
2023-03-17;alle;8;8,0;8;8;8;8;8;8;8;8;8;8;71;71,0;71;71;71;71;71;71;71,0;71,0;71,0;71,0;NA;NA;NA;NA;NA;NA;NA;NA;NA;NA;NA
2023-03-16;0-60;1;1,0;1;1;1;1;1;1;1;1;1;1;10;10,0;10;10;10;10;10;10;10,0;10,0;10,0;10,0;1,000000000000000;1,000000000000000;1,000000000000000;1,000000000000000;1,000000000000000;1,000000000000000;1,000000000000000;1,000000000000000;1,000000000000000;1,000000000000000;1,000000000000000
2023-03-16;60+;3;3,0;3;3;3;3;3;3;3;3;3;3;61;61,0;61;61;61;61;61;61;61,0;61,0;61,0;61,0;1,000000000000000;1,000000000000000;1,000000000000000;1,000000000000000;1,000000000000000;1,000000000000000;1,000000000000000;1,000000000000000;1,000000000000000;1,000000000000000;1,000000000000000
2023-03-16;alle;4;4,0;4;4;4;4;4;4;4;4;4;4;71;71,0;71;71;71;71;71;71;71,0;71,0;71,0;71,0;NA;NA;NA;NA;NA;NA;NA;NA;NA;NA;NA
2023-03-15;0-60;1;1,0;1;1;1;1;1;1;1;1;1;1;11;11,0;11;11;11;11;11;11;11,0;11,0;11,0;11,0;1,000000000000000;1,000000000000000;1,000000000000000;1,000000000000000;1,000000000000000;1,000000000000000;1,000000000000000;1,000000000000000;1,000000000000000;1,000000000000000;1,000000000000000
2023-03-15;60+;19;19,0;19;19;19;19;19;19;19;19;19;19;69;69,0;69;69;69;69;69;69;69,0;69,0;69,0;69,0;1,000000000000000;1,000000000000000;1,000000000000000;1,000000000000000;1,000000000000000;1,000000000000000;1,000000000000000;1,000000000000000;1,000000000000000;1,000000000000000;1,000000000000000
2023-03-15;alle;20;20,0;20;20;20;20;20;20;20;20;20;20;80;80,0;80;80;80;80;80;80;80,0;80,0;80,0;80,0;NA;NA;NA;NA;NA;NA;NA;NA;NA;NA;NA
2023-03-14;0-60;5;5,0;5;5;5;5;5;5;5;5;5;5;13;13,0;13;13;13;13;13;13;13,0;13,0;13,0;13,0;1,000000000000000;1,000000000000000;1,000000000000000;1,000000000000000;1,000000000000000;1,000000000000000;1,000000000000000;1,000000000000000;1,000000000000000;1,000000000000000;1,000000000000000
2023-03-14;60+;29;29,0;29;29;29;29;29;29;29;29;29;29;63;63,0;63;63;63;63;63;63;63,0;63,0;63,0;63,0;1,000000000000000;1,000000000000000;1,000000000000000;1,000000000000000;1,000000000000000;1,000000000000000;1,000000000000000;1,000000000000000;1,000000000000000;1,000000000000000;1,000000000000000
2023-03-14;alle;34;34,0;34;34;34;34;34;34;34;34;34;34;76;76,0;76;76;76;76;76;76;76,0;76,0;76,0;76,0;NA;NA;NA;NA;NA;NA;NA;NA;NA;NA;NA
2023-03-13;0-60;0;0,0;0;0;0;0;0;0;0;0;0;0;13;13,0;13;13;13;13;13;13;13,0;13,0;13,0;13,0;1,000000000000000;1,000000000000000;1,000000000000000;1,000000000000000;1,000000000000000;1,000000000000000;1,000000000000000;1,000000000000000;1,000000000000000;1,000000000000000;1,000000000000000
2023-03-13;60+;0;0,0;0;0;0;0;0;0;0;0;0;0;47;47,0;47;47;47;47;47;47;47,0;47,0;47,0;47,0;1,000000000000000;1,000000000000000;1,000000000000000;1,000000000000000;1,000000000000000;1,000000000000000;1,000000000000000;1,000000000000000;1,000000000000000;1,000000000000000;1,000000000000000
2023-03-13;alle;0;0,0;0;0;0;0;0;0;0;0;0;0;60;60,0;60;60;60;60;60;60;60,0;60,0;60,0;60,0;NA;NA;NA;NA;NA;NA;NA;NA;NA;NA;NA
2023-03-12;0-60;0;0,0;0;0;0;0;0;0;0;0;0;0;13;13,0;13;13;13;13;13;13;13,0;13,0;13,0;13,0;1,000000000000000;1,000000000000000;1,000000000000000;1,000000000000000;1,000000000000000;1,000000000000000;1,000000000000000;1,000000000000000;1,000000000000000;1,000000000000000;1,000000000000000
2023-03-12;60+;1;1,0;1;1;1;1;1;1;1;1;1;1;47;47,0;47;47;47;47;47;47;47,0;47,0;47,0;47,0;1,000000000000000;1,000000000000000;1,000000000000000;1,000000000000000;1,000000000000000;1,000000000000000;1,000000000000000;1,000000000000000;1,000000000000000;1,000000000000000;1,000000000000000
2023-03-12;alle;1;1,0;1;1;1;1;1;1;1;1;1;1;60;60,0;60;60;60;60;60;60;60,0;60,0;60,0;60,0;NA;NA;NA;NA;NA;NA;NA;NA;NA;NA;NA
2023-03-11;0-60;1;1,0;1;1;1;1;1;1;1;1;1;1;13;13,0;13;13;13;13;13;13;13,0;13,0;13,0;13,0;1,000000000000000;1,000000000000000;1,000000000000000;1,000000000000000;1,000000000000000;1,000000000000000;1,000000000000000;1,000000000000000;1,000000000000000;1,000000000000000;1,000000000000000
2023-03-11;60+;3;3,0;3;3;3;3;3;3;3;3;3;3;46;46,0;46;46;46;46;46;46;46,0;46,0;46,0;46,0;1,000000000000000;1,000000000000000;1,000000000000000;1,000000000000000;1,000000000000000;1,000000000000000;1,000000000000000;1,000000000000000;1,000000000000000;1,000000000000000;1,000000000000000
2023-03-11;alle;4;4,0;4;4;4;4;4;4;4;4;4;4;59;59,0;59;59;59;59;59;59;59,0;59,0;59,0;59,0;NA;NA;NA;NA;NA;NA;NA;NA;NA;NA;NA
2023-03-10;0-60;2;2,0;2;2;2;2;2;2;2;2;2;2;14;14,0;14;14;14;14;14;14;14,0;14,0;14,0;14,0;1,000000000000000;1,000000000000000;1,000000000000000;1,000000000000000;1,000000000000000;1,000000000000000;1,000000000000000;1,000000000000000;1,000000000000000;1,000000000000000;1,000000000000000
2023-03-10;60+;6;6,0;6;6;6;6;6;6;6;6;6;6;43;43,0;43;43;43;43;43;43;43,0;43,0;43,0;43,0;1,000000000000000;1,000000000000000;1,000000000000000;1,000000000000000;1,000000000000000;1,000000000000000;1,000000000000000;1,000000000000000;1,000000000000000;1,000000000000000;1,000000000000000
2023-03-10;alle;8;8,0;8;8;8;8;8;8;8;8;8;8;57;57,0;57;57;57;57;57;57;57,0;57,0;57,0;57,0;NA;NA;NA;NA;NA;NA;NA;NA;NA;NA;NA
2023-03-09;0-60;2;2,0;2;2;2;2;2;2;2;2;2;2;14;14,0;14;14;14;14;14;14;14,0;14,0;14,0;14,0;1,000000000000000;1,000000000000000;1,000000000000000;1,000000000000000;1,000000000000000;1,000000000000000;1,000000000000000;1,000000000000000;1,000000000000000;1,000000000000000;1,000000000000000
2023-03-09;60+;11;11,0;11;11;11;11;11;11;11;11;11;11;50;50,0;50;50;50;50;50;50;50,0;50,0;50,0;50,0;1,000000000000000;1,000000000000000;1,000000000000000;1,000000000000000;1,000000000000000;1,000000000000000;1,000000000000000;1,000000000000000;1,000000000000000;1,000000000000000;1,000000000000000
2023-03-09;alle;13;13,0;13;13;13;13;13;13;13;13;13;13;64;64,0;64;64;64;64;64;64;64,0;64,0;64,0;64,0;NA;NA;NA;NA;NA;NA;NA;NA;NA;NA;NA
2023-03-08;0-60;3;3,0;3;3;3;3;3;3;3;3;3;3;14;14,0;14;14;14;14;14;14;14,0;14,0;14,0;14,0;1,000000000000000;1,000000000000000;1,000000000000000;1,000000000000000;1,000000000000000;1,000000000000000;1,000000000000000;1,000000000000000;1,000000000000000;1,000000000000000;1,000000000000000
2023-03-08;60+;13;13,0;13;13;13;13;13;13;13;13;13;13;51;51,0;51;51;51;51;51;51;51,0;51,0;51,0;51,0;1,000000000000000;1,000000000000000;1,000000000000000;1,000000000000000;1,000000000000000;1,000000000000000;1,000000000000000;1,000000000000000;1,000000000000000;1,000000000000000;1,000000000000000
2023-03-08;alle;16;16,0;16;16;16;16;16;16;16;16;16;16;65;65,0;65;65;65;65;65;65;65,0;65,0;65,0;65,0;NA;NA;NA;NA;NA;NA;NA;NA;NA;NA;NA
2023-03-07;0-60;5;5,0;5;5;5;5;5;5;5;5;5;5;11;11,0;11;11;11;11;11;11;11,0;11,0;11,0;11,0;1,000000000000000;1,000000000000000;1,000000000000000;1,000000000000000;1,000000000000000;1,000000000000000;1,000000000000000;1,000000000000000;1,000000000000000;1,000000000000000;1,000000000000000
2023-03-07;60+;13;13,0;13;13;13;13;13;13;13;13;13;13;43;43,0;43;43;43;43;43;43;43,0;43,0;43,0;43,0;1,000000000000000;1,000000000000000;1,000000000000000;1,000000000000000;1,000000000000000;1,000000000000000;1,000000000000000;1,000000000000000;1,000000000000000;1,000000000000000;1,000000000000000
2023-03-07;alle;18;18,0;18;18;18;18;18;18;18;18;18;18;54;54,0;54;54;54;54;54;54;54,0;54,0;54,0;54,0;NA;NA;NA;NA;NA;NA;NA;NA;NA;NA;NA
2023-03-06;0-60;0;0,0;0;0;0;0;0;0;0;0;0;0;7;7,0;7;7;7;7;7;7;7,0;7,0;7,0;7,0;1,000000000000000;1,000000000000000;1,000000000000000;1,000000000000000;1,000000000000000;1,000000000000000;1,000000000000000;1,000000000000000;1,000000000000000;1,000000000000000;1,000000000000000
2023-03-06;60+;0;0,0;0;0;0;0;0;0;0;0;0;0;38;38,0;38;38;38;38;38;38;38,0;38,0;38,0;38,0;1,000000000000000;1,000000000000000;1,000000000000000;1,000000000000000;1,000000000000000;1,000000000000000;1,000000000000000;1,000000000000000;1,000000000000000;1,000000000000000;1,000000000000000
2023-03-06;alle;0;0,0;0;0;0;0;0;0;0;0;0;0;45;45,0;45;45;45;45;45;45;45,0;45,0;45,0;45,0;NA;NA;NA;NA;NA;NA;NA;NA;NA;NA;NA
2023-03-05;0-60;0;0,0;0;0;0;0;0;0;0;0;0;0;7;7,0;7;7;7;7;7;7;7,0;7,0;7,0;7,0;1,000000000000000;1,000000000000000;1,000000000000000;1,000000000000000;1,000000000000000;1,000000000000000;1,000000000000000;1,000000000000000;1,000000000000000;1,000000000000000;1,000000000000000
2023-03-05;60+;0;0,0;0;0;0;0;0;0;0;0;0;0;38;38,0;38;38;38;38;38;38;38,0;38,0;38,0;38,0;1,000000000000000;1,000000000000000;1,000000000000000;1,000000000000000;1,000000000000000;1,000000000000000;1,000000000000000;1,000000000000000;1,000000000000000;1,000000000000000;1,000000000000000
2023-03-05;alle;0;0,0;0;0;0;0;0;0;0;0;0;0;45;45,0;45;45;45;45;45;45;45,0;45,0;45,0;45,0;NA;NA;NA;NA;NA;NA;NA;NA;NA;NA;NA
2023-03-04;0-60;2;2,0;2;2;2;2;2;2;2;2;2;2;7;7,0;7;7;7;7;7;7;7,0;7,0;7,0;7,0;1,000000000000000;1,000000000000000;1,000000000000000;1,000000000000000;1,000000000000000;1,000000000000000;1,000000000000000;1,000000000000000;1,000000000000000;1,000000000000000;1,000000000000000
2023-03-04;60+;0;0,0;0;0;0;0;0;0;0;0;0;0;40;40,0;40;40;40;40;40;40;40,0;40,0;40,0;40,0;1,000000000000000;1,000000000000000;1,000000000000000;1,000000000000000;1,000000000000000;1,000000000000000;1,000000000000000;1,000000000000000;1,000000000000000;1,000000000000000;1,000000000000000
2023-03-04;alle;2;2,0;2;2;2;2;2;2;2;2;2;2;47;47,0;47;47;47;47;47;47;47,0;47,0;47,0;47,0;NA;NA;NA;NA;NA;NA;NA;NA;NA;NA;NA
2023-03-03;0-60;2;2,0;2;2;2;2;2;2;2;2;2;2;6;6,0;6;6;6;6;6;6;6,0;6,0;6,0;6,0;1,000000000000000;1,000000000000000;1,000000000000000;1,000000000000000;1,000000000000000;1,000000000000000;1,000000000000000;1,000000000000000;1,000000000000000;1,000000000000000;1,000000000000000
2023-03-03;60+;13;13,0;13;13;13;13;13;13;13;13;13;13;41;41,0;41;41;41;41;41;41;41,0;41,0;41,0;41,0;1,000000000000000;1,000000000000000;1,000000000000000;1,000000000000000;1,000000000000000;1,000000000000000;1,000000000000000;1,000000000000000;1,000000000000000;1,000000000000000;1,000000000000000
2023-03-03;alle;15;15,0;15;15;15;15;15;15;15;15;15;15;47;47,0;47;47;47;47;47;47;47,0;47,0;47,0;47,0;NA;NA;NA;NA;NA;NA;NA;NA;NA;NA;NA
2023-03-02;0-60;2;2,0;2;2;2;2;2;2;2;2;2;2;6;6,0;6;6;6;6;6;6;6,0;6,0;6,0;6,0;1,000000000000000;1,000000000000000;1,000000000000000;1,000000000000000;1,000000000000000;1,000000000000000;1,000000000000000;1,000000000000000;1,000000000000000;1,000000000000000;1,000000000000000
2023-03-02;60+;12;12,0;12;12;12;12;12;12;12;12;12;12;41;41,0;41;41;41;41;41;41;41,0;41,0;41,0;41,0;1,000000000000000;1,000000000000000;1,000000000000000;1,000000000000000;1,000000000000000;1,000000000000000;1,000000000000000;1,000000000000000;1,000000000000000;1,000000000000000;1,000000000000000
2023-03-02;alle;14;14,0;14;14;14;14;14;14;14;14;14;14;47;47,0;47;47;47;47;47;47;47,0;47,0;47,0;47,0;NA;NA;NA;NA;NA;NA;NA;NA;NA;NA;NA
2023-03-01;0-60;0;0,0;0;0;0;0;0;0;0;0;0;0;9;9,0;9;9;9;9;9;9;9,0;9,0;9,0;9,0;1,000000000000000;1,000000000000000;1,000000000000000;1,000000000000000;1,000000000000000;1,000000000000000;1,000000000000000;1,000000000000000;1,000000000000000;1,000000000000000;1,000000000000000
2023-03-01;60+;5;5,0;5;5;5;5;5;5;5;5;5;5;47;47,0;47;47;47;47;47;47;47,0;47,0;47,0;47,0;1,000000000000000;1,000000000000000;1,000000000000000;1,000000000000000;1,000000000000000;1,000000000000000;1,000000000000000;1,000000000000000;1,000000000000000;1,000000000000000;1,000000000000000
2023-03-01;alle;5;5,0;5;5;5;5;5;5;5;5;5;5;56;56,0;56;56;56;56;56;56;56,0;56,0;56,0;56,0;NA;NA;NA;NA;NA;NA;NA;NA;NA;NA;NA
2023-02-28;0-60;1;1,0;1;1;1;1;1;1;1;1;1;1;10;10,0;10;10;10;10;10;10;10,0;10,0;10,0;10,0;1,000000000000000;1,000000000000000;1,000000000000000;1,000000000000000;1,000000000000000;1,000000000000000;1,000000000000000;1,000000000000000;1,000000000000000;1,000000000000000;1,000000000000000
2023-02-28;60+;8;8,0;8;8;8;8;8;8;8;8;8;8;48;48,0;48;48;48;48;48;48;48,0;48,0;48,0;48,0;1,000000000000000;1,000000000000000;1,000000000000000;1,000000000000000;1,000000000000000;1,000000000000000;1,000000000000000;1,000000000000000;1,000000000000000;1,000000000000000;1,000000000000000
2023-02-28;alle;9;9,0;9;9;9;9;9;9;9;9;9;9;58;58,0;58;58;58;58;58;58;58,0;58,0;58,0;58,0;NA;NA;NA;NA;NA;NA;NA;NA;NA;NA;NA
2023-02-27;0-60;0;0,0;0;0;0;0;0;0;0;0;0;0;15;15,0;15;15;15;15;15;15;15,0;15,0;15,0;15,0;1,000000000000000;1,000000000000000;1,000000000000000;1,000000000000000;1,000000000000000;1,000000000000000;1,000000000000000;1,000000000000000;1,000000000000000;1,000000000000000;1,000000000000000
2023-02-27;60+;0;0,0;0;0;0;0;0;0;0;0;0;0;51;51,0;51;51;51;51;51;51;51,0;51,0;51,0;51,0;1,000000000000000;1,000000000000000;1,000000000000000;1,000000000000000;1,000000000000000;1,000000000000000;1,000000000000000;1,000000000000000;1,000000000000000;1,000000000000000;1,000000000000000
2023-02-27;alle;0;0,0;0;0;0;0;0;0;0;0;0;0;66;66,0;66;66;66;66;66;66;66,0;66,0;66,0;66,0;NA;NA;NA;NA;NA;NA;NA;NA;NA;NA;NA
2023-02-26;0-60;0;0,0;0;0;0;0;0;0;0;0;0;0;15;15,0;15;15;15;15;15;15;15,0;15,0;15,0;15,0;1,000000000000000;1,000000000000000;1,000000000000000;1,000000000000000;1,000000000000000;1,000000000000000;1,000000000000000;1,000000000000000;1,000000000000000;1,000000000000000;1,000000000000000
2023-02-26;60+;2;2,0;2;2;2;2;2;2;2;2;2;2;51;51,0;51;51;51;51;51;51;51,0;51,0;51,0;51,0;1,000000000000000;1,000000000000000;1,000000000000000;1,000000000000000;1,000000000000000;1,000000000000000;1,000000000000000;1,000000000000000;1,000000000000000;1,000000000000000;1,000000000000000
2023-02-26;alle;2;2,0;2;2;2;2;2;2;2;2;2;2;66;66,0;66;66;66;66;66;66;66,0;66,0;66,0;66,0;NA;NA;NA;NA;NA;NA;NA;NA;NA;NA;NA
2023-02-25;0-60;1;1,0;1;1;1;1;1;1;1;1;1;1;15;15,0;15;15;15;15;15;15;15,0;15,0;15,0;15,0;1,000000000000000;1,000000000000000;1,000000000000000;1,000000000000000;1,000000000000000;1,000000000000000;1,000000000000000;1,000000000000000;1,000000000000000;1,000000000000000;1,000000000000000
2023-02-25;60+;1;1,0;1;1;1;1;1;1;1;1;1;1;49;49,0;49;49;49;49;49;49;49,0;49,0;49,0;49,0;1,000000000000000;1,000000000000000;1,000000000000000;1,000000000000000;1,000000000000000;1,000000000000000;1,000000000000000;1,000000000000000;1,000000000000000;1,000000000000000;1,000000000000000
2023-02-25;alle;2;2,0;2;2;2;2;2;2;2;2;2;2;64;64,0;64;64;64;64;64;64;64,0;64,0;64,0;64,0;NA;NA;NA;NA;NA;NA;NA;NA;NA;NA;NA
2023-02-24;0-60;2;2,0;2;2;2;2;2;2;2;2;2;2;14;14,0;14;14;14;14;14;14;14,0;14,0;14,0;14,0;1,000000000000000;1,000000000000000;1,000000000000000;1,000000000000000;1,000000000000000;1,000000000000000;1,000000000000000;1,000000000000000;1,000000000000000;1,000000000000000;1,000000000000000
2023-02-24;60+;13;13,0;13;13;13;13;13;13;13;13;13;13;48;48,0;48;48;48;48;48;48;48,0;48,0;48,0;48,0;1,000000000000000;1,000000000000000;1,000000000000000;1,000000000000000;1,000000000000000;1,000000000000000;1,000000000000000;1,000000000000000;1,000000000000000;1,000000000000000;1,000000000000000
2023-02-24;alle;15;15,0;15;15;15;15;15;15;15;15;15;15;62;62,0;62;62;62;62;62;62;62,0;62,0;62,0;62,0;NA;NA;NA;NA;NA;NA;NA;NA;NA;NA;NA
2023-02-23;0-60;5;5,0;5;5;5;5;5;5;5;5;5;5;12;12,0;12;12;12;12;12;12;12,0;12,0;12,0;12,0;1,000000000000000;1,000000000000000;1,000000000000000;1,000000000000000;1,000000000000000;1,000000000000000;1,000000000000000;1,000000000000000;1,000000000000000;1,000000000000000;1,000000000000000
2023-02-23;60+;18;18,0;18;18;18;18;18;18;18;18;18;18;40;40,0;40;40;40;40;40;40;40,0;40,0;40,0;40,0;1,000000000000000;1,000000000000000;1,000000000000000;1,000000000000000;1,000000000000000;1,000000000000000;1,000000000000000;1,000000000000000;1,000000000000000;1,000000000000000;1,000000000000000
2023-02-23;alle;23;23,0;23;23;23;23;23;23;23;23;23;23;52;52,0;52;52;52;52;52;52;52,0;52,0;52,0;52,0;NA;NA;NA;NA;NA;NA;NA;NA;NA;NA;NA
2023-02-22;0-60;1;1,0;1;1;1;1;1;1;1;1;1;1;11;11,0;11;11;11;11;11;11;11,0;11,0;11,0;11,0;1,000000000000000;1,000000000000000;1,000000000000000;1,000000000000000;1,000000000000000;1,000000000000000;1,000000000000000;1,000000000000000;1,000000000000000;1,000000000000000;1,000000000000000
2023-02-22;60+;6;6,0;6;6;6;6;6;6;6;6;6;6;27;27,0;27;27;27;27;27;27;27,0;27,0;27,0;27,0;1,000000000000000;1,000000000000000;1,000000000000000;1,000000000000000;1,000000000000000;1,000000000000000;1,000000000000000;1,000000000000000;1,000000000000000;1,000000000000000;1,000000000000000
2023-02-22;alle;7;7,0;7;7;7;7;7;7;7;7;7;7;38;38,0;38;38;38;38;38;38;38,0;38,0;38,0;38,0;NA;NA;NA;NA;NA;NA;NA;NA;NA;NA;NA
2023-02-21;0-60;6;6,0;6;6;6;6;6;6;6;6;6;6;14;14,0;14;14;14;14;14;14;14,0;14,0;14,0;14,0;1,000000000000000;1,000000000000000;1,000000000000000;1,000000000000000;1,000000000000000;1,000000000000000;1,000000000000000;1,000000000000000;1,000000000000000;1,000000000000000;1,000000000000000
2023-02-21;60+;11;11,0;11;11;11;11;11;11;11;11;11;11;34;34,0;34;34;34;34;34;34;34,0;34,0;34,0;34,0;1,000000000000000;1,000000000000000;1,000000000000000;1,000000000000000;1,000000000000000;1,000000000000000;1,000000000000000;1,000000000000000;1,000000000000000;1,000000000000000;1,000000000000000
2023-02-21;alle;17;17,0;17;17;17;17;17;17;17;17;17;17;48;48,0;48;48;48;48;48;48;48,0;48,0;48,0;48,0;NA;NA;NA;NA;NA;NA;NA;NA;NA;NA;NA
2023-02-20;0-60;0;0,0;0;0;0;0;0;0;0;0;0;0;13;13,0;13;13;13;13;13;13;13,0;13,0;13,0;13,0;1,000000000000000;1,000000000000000;1,000000000000000;1,000000000000000;1,000000000000000;1,000000000000000;1,000000000000000;1,000000000000000;1,000000000000000;1,000000000000000;1,000000000000000
2023-02-20;60+;0;0,0;0;0;0;0;0;0;0;0;0;0;40;40,0;40;40;40;40;40;40;40,0;40,0;40,0;40,0;1,000000000000000;1,000000000000000;1,000000000000000;1,000000000000000;1,000000000000000;1,000000000000000;1,000000000000000;1,000000000000000;1,000000000000000;1,000000000000000;1,000000000000000
2023-02-20;alle;0;0,0;0;0;0;0;0;0;0;0;0;0;53;53,0;53;53;53;53;53;53;53,0;53,0;53,0;53,0;NA;NA;NA;NA;NA;NA;NA;NA;NA;NA;NA
2023-02-19;0-60;0;0,0;0;0;0;0;0;0;0;0;0;0;13;13,0;13;13;13;13;13;13;13,0;13,0;13,0;13,0;1,000000000000000;1,000000000000000;1,000000000000000;1,000000000000000;1,000000000000000;1,000000000000000;1,000000000000000;1,000000000000000;1,000000000000000;1,000000000000000;1,000000000000000
2023-02-19;60+;0;0,0;0;0;0;0;0;0;0;0;0;0;40;40,0;40;40;40;40;40;40;40,0;40,0;40,0;40,0;1,000000000000000;1,000000000000000;1,000000000000000;1,000000000000000;1,000000000000000;1,000000000000000;1,000000000000000;1,000000000000000;1,000000000000000;1,000000000000000;1,000000000000000
2023-02-19;alle;0;0,0;0;0;0;0;0;0;0;0;0;0;53;53,0;53;53;53;53;53;53;53,0;53,0;53,0;53,0;NA;NA;NA;NA;NA;NA;NA;NA;NA;NA;NA
2023-02-18;0-60;0;0,0;0;0;0;0;0;0;0;0;0;0;13;13,0;13;13;13;13;13;13;13,0;13,0;13,0;13,0;1,000000000000000;1,000000000000000;1,000000000000000;1,000000000000000;1,000000000000000;1,000000000000000;1,000000000000000;1,000000000000000;1,000000000000000;1,000000000000000;1,000000000000000
2023-02-18;60+;0;0,0;0;0;0;0;0;0;0;0;0;0;40;40,0;40;40;40;40;40;40;40,0;40,0;40,0;40,0;1,000000000000000;1,000000000000000;1,000000000000000;1,000000000000000;1,000000000000000;1,000000000000000;1,000000000000000;1,000000000000000;1,000000000000000;1,000000000000000;1,000000000000000
2023-02-18;alle;0;0,0;0;0;0;0;0;0;0;0;0;0;53;53,0;53;53;53;53;53;53;53,0;53,0;53,0;53,0;NA;NA;NA;NA;NA;NA;NA;NA;NA;NA;NA
2023-02-17;0-60;0;0,0;0;0;0;0;0;0;0;0;0;0;14;14,0;14;14;14;14;14;14;14,0;14,0;14,0;14,0;1,000000000000000;1,000000000000000;1,000000000000000;1,000000000000000;1,000000000000000;1,000000000000000;1,000000000000000;1,000000000000000;1,000000000000000;1,000000000000000;1,000000000000000
2023-02-17;60+;5;5,0;5;5;5;5;5;5;5;5;5;5;41;41,0;41;41;41;41;41;41;41,0;41,0;41,0;41,0;1,000000000000000;1,000000000000000;1,000000000000000;1,000000000000000;1,000000000000000;1,000000000000000;1,000000000000000;1,000000000000000;1,000000000000000;1,000000000000000;1,000000000000000
2023-02-17;alle;5;5,0;5;5;5;5;5;5;5;5;5;5;55;55,0;55;55;55;55;55;55;55,0;55,0;55,0;55,0;NA;NA;NA;NA;NA;NA;NA;NA;NA;NA;NA
2023-02-16;0-60;4;4,0;4;4;4;4;4;4;4;4;4;4;14;14,0;14;14;14;14;14;14;14,0;14,0;14,0;14,0;1,000000000000000;1,000000000000000;1,000000000000000;1,000000000000000;1,000000000000000;1,000000000000000;1,000000000000000;1,000000000000000;1,000000000000000;1,000000000000000;1,000000000000000
2023-02-16;60+;5;5,0;5;5;5;5;5;5;5;5;5;5;40;40,0;40;40;40;40;40;40;40,0;40,0;40,0;40,0;1,000000000000000;1,000000000000000;1,000000000000000;1,000000000000000;1,000000000000000;1,000000000000000;1,000000000000000;1,000000000000000;1,000000000000000;1,000000000000000;1,000000000000000
2023-02-16;alle;9;9,0;9;9;9;9;9;9;9;9;9;9;54;54,0;54;54;54;54;54;54;54,0;54,0;54,0;54,0;NA;NA;NA;NA;NA;NA;NA;NA;NA;NA;NA
2023-02-15;0-60;4;4,0;4;4;4;4;4;4;4;4;4;4;11;11,0;11;11;11;11;11;11;11,0;11,0;11,0;11,0;1,000000000000000;1,000000000000000;1,000000000000000;1,000000000000000;1,000000000000000;1,000000000000000;1,000000000000000;1,000000000000000;1,000000000000000;1,000000000000000;1,000000000000000
2023-02-15;60+;13;13,0;13;13;13;13;13;13;13;13;13;13;38;38,0;38;38;38;38;38;38;38,0;38,0;38,0;38,0;1,000000000000000;1,000000000000000;1,000000000000000;1,000000000000000;1,000000000000000;1,000000000000000;1,000000000000000;1,000000000000000;1,000000000000000;1,000000000000000;1,000000000000000
2023-02-15;alle;17;17,0;17;17;17;17;17;17;17;17;17;17;49;49,0;49;49;49;49;49;49;49,0;49,0;49,0;49,0;NA;NA;NA;NA;NA;NA;NA;NA;NA;NA;NA
2023-02-14;0-60;5;5,0;5;5;5;5;5;5;5;5;5;5;9;9,0;9;9;9;9;9;9;9,0;9,0;9,0;9,0;1,000000000000000;1,000000000000000;1,000000000000000;1,000000000000000;1,000000000000000;1,000000000000000;1,000000000000000;1,000000000000000;1,000000000000000;1,000000000000000;1,000000000000000
2023-02-14;60+;17;17,0;17;17;17;17;17;17;17;17;17;17;34;34,0;34;34;34;34;34;34;34,0;34,0;34,0;34,0;1,000000000000000;1,000000000000000;1,000000000000000;1,000000000000000;1,000000000000000;1,000000000000000;1,000000000000000;1,000000000000000;1,000000000000000;1,000000000000000;1,000000000000000
2023-02-14;alle;22;22,0;22;22;22;22;22;22;22;22;22;22;43;43,0;43;43;43;43;43;43;43,0;43,0;43,0;43,0;NA;NA;NA;NA;NA;NA;NA;NA;NA;NA;NA
2023-02-13;0-60;0;0,0;0;0;0;0;0;0;0;0;0;0;5;5,0;5;5;5;5;5;5;5,0;5,0;5,0;5,0;1,000000000000000;1,000000000000000;1,000000000000000;1,000000000000000;1,000000000000000;1,000000000000000;1,000000000000000;1,000000000000000;1,000000000000000;1,000000000000000;1,000000000000000
2023-02-13;60+;0;0,0;0;0;0;0;0;0;0;0;0;0;23;23,0;23;23;23;23;23;23;23,0;23,0;23,0;23,0;1,000000000000000;1,000000000000000;1,000000000000000;1,000000000000000;1,000000000000000;1,000000000000000;1,000000000000000;1,000000000000000;1,000000000000000;1,000000000000000;1,000000000000000
2023-02-13;alle;0;0,0;0;0;0;0;0;0;0;0;0;0;28;28,0;28;28;28;28;28;28;28,0;28,0;28,0;28,0;NA;NA;NA;NA;NA;NA;NA;NA;NA;NA;NA
2023-02-12;0-60;0;0,0;0;0;0;0;0;0;0;0;0;0;5;5,0;5;5;5;5;5;5;5,0;5,0;5,0;5,0;1,000000000000000;1,000000000000000;1,000000000000000;1,000000000000000;1,000000000000000;1,000000000000000;1,000000000000000;1,000000000000000;1,000000000000000;1,000000000000000;1,000000000000000
2023-02-12;60+;0;0,0;0;0;0;0;0;0;0;0;0;0;23;23,0;23;23;23;23;23;23;23,0;23,0;23,0;23,0;1,000000000000000;1,000000000000000;1,000000000000000;1,000000000000000;1,000000000000000;1,000000000000000;1,000000000000000;1,000000000000000;1,000000000000000;1,000000000000000;1,000000000000000
2023-02-12;alle;0;0,0;0;0;0;0;0;0;0;0;0;0;28;28,0;28;28;28;28;28;28;28,0;28,0;28,0;28,0;NA;NA;NA;NA;NA;NA;NA;NA;NA;NA;NA
2023-02-11;0-60;1;1,0;1;1;1;1;1;1;1;1;1;1;5;5,0;5;5;5;5;5;5;5,0;5,0;5,0;5,0;1,000000000000000;1,000000000000000;1,000000000000000;1,000000000000000;1,000000000000000;1,000000000000000;1,000000000000000;1,000000000000000;1,000000000000000;1,000000000000000;1,000000000000000
2023-02-11;60+;1;1,0;1;1;1;1;1;1;1;1;1;1;23;23,0;23;23;23;23;23;23;23,0;23,0;23,0;23,0;1,000000000000000;1,000000000000000;1,000000000000000;1,000000000000000;1,000000000000000;1,000000000000000;1,000000000000000;1,000000000000000;1,000000000000000;1,000000000000000;1,000000000000000
2023-02-11;alle;2;2,0;2;2;2;2;2;2;2;2;2;2;28;28,0;28;28;28;28;28;28;28,0;28,0;28,0;28,0;NA;NA;NA;NA;NA;NA;NA;NA;NA;NA;NA
2023-02-10;0-60;0;0,0;0;0;0;0;0;0;0;0;0;0;6;6,0;6;6;6;6;6;6;6,0;6,0;6,0;6,0;1,000000000000000;1,000000000000000;1,000000000000000;1,000000000000000;1,000000000000000;1,000000000000000;1,000000000000000;1,000000000000000;1,000000000000000;1,000000000000000;1,000000000000000
2023-02-10;60+;4;4,0;4;4;4;4;4;4;4;4;4;4;25;25,0;25;25;25;25;25;25;25,0;25,0;25,0;25,0;1,000000000000000;1,000000000000000;1,000000000000000;1,000000000000000;1,000000000000000;1,000000000000000;1,000000000000000;1,000000000000000;1,000000000000000;1,000000000000000;1,000000000000000
2023-02-10;alle;4;4,0;4;4;4;4;4;4;4;4;4;4;31;31,0;31;31;31;31;31;31;31,0;31,0;31,0;31,0;NA;NA;NA;NA;NA;NA;NA;NA;NA;NA;NA
2023-02-09;0-60;1;1,0;1;1;1;1;1;1;1;1;1;1;6;6,0;6;6;6;6;6;6;6,0;6,0;6,0;6,0;1,000000000000000;1,000000000000000;1,000000000000000;1,000000000000000;1,000000000000000;1,000000000000000;1,000000000000000;1,000000000000000;1,000000000000000;1,000000000000000;1,000000000000000
2023-02-09;60+;3;3,0;3;3;3;3;3;3;3;3;3;3;24;24,0;24;24;24;24;24;24;24,0;24,0;24,0;24,0;1,000000000000000;1,000000000000000;1,000000000000000;1,000000000000000;1,000000000000000;1,000000000000000;1,000000000000000;1,000000000000000;1,000000000000000;1,000000000000000;1,000000000000000
2023-02-09;alle;4;4,0;4;4;4;4;4;4;4;4;4;4;30;30,0;30;30;30;30;30;30;30,0;30,0;30,0;30,0;NA;NA;NA;NA;NA;NA;NA;NA;NA;NA;NA
2023-02-08;0-60;2;2,0;2;2;2;2;2;2;2;2;2;2;7;7,0;7;7;7;7;7;7;7,0;7,0;7,0;7,0;1,000000000000000;1,000000000000000;1,000000000000000;1,000000000000000;1,000000000000000;1,000000000000000;1,000000000000000;1,000000000000000;1,000000000000000;1,000000000000000;1,000000000000000
2023-02-08;60+;9;9,0;9;9;9;9;9;9;9;9;9;9;24;24,0;24;24;24;24;24;24;24,0;24,0;24,0;24,0;1,000000000000000;1,000000000000000;1,000000000000000;1,000000000000000;1,000000000000000;1,000000000000000;1,000000000000000;1,000000000000000;1,000000000000000;1,000000000000000;1,000000000000000
2023-02-08;alle;11;11,0;11;11;11;11;11;11;11;11;11;11;31;31,0;31;31;31;31;31;31;31,0;31,0;31,0;31,0;NA;NA;NA;NA;NA;NA;NA;NA;NA;NA;NA
2023-02-07;0-60;1;1,0;1;1;1;1;1;1;1;1;1;1;6;6,0;6;6;6;6;6;6;6,0;6,0;6,0;6,0;1,000000000000000;1,000000000000000;1,000000000000000;1,000000000000000;1,000000000000000;1,000000000000000;1,000000000000000;1,000000000000000;1,000000000000000;1,000000000000000;1,000000000000000
2023-02-07;60+;6;6,0;6;6;6;6;6;6;6;6;6;6;18;18,0;18;18;18;18;18;18;18,0;18,0;18,0;18,0;1,000000000000000;1,000000000000000;1,000000000000000;1,000000000000000;1,000000000000000;1,000000000000000;1,000000000000000;1,000000000000000;1,000000000000000;1,000000000000000;1,000000000000000
2023-02-07;alle;7;7,0;7;7;7;7;7;7;7;7;7;7;24;24,0;24;24;24;24;24;24;24,0;24,0;24,0;24,0;NA;NA;NA;NA;NA;NA;NA;NA;NA;NA;NA
2023-02-06;0-60;0;0,0;0;0;0;0;0;0;0;0;0;0;5;5,0;5;5;5;5;5;5;5,0;5,0;5,0;5,0;1,000000000000000;1,000000000000000;1,000000000000000;1,000000000000000;1,000000000000000;1,000000000000000;1,000000000000000;1,000000000000000;1,000000000000000;1,000000000000000;1,000000000000000
2023-02-06;60+;0;0,0;0;0;0;0;0;0;0;0;0;0;16;16,0;16;16;16;16;16;16;16,0;16,0;16,0;16,0;1,000000000000000;1,000000000000000;1,000000000000000;1,000000000000000;1,000000000000000;1,000000000000000;1,000000000000000;1,000000000000000;1,000000000000000;1,000000000000000;1,000000000000000
2023-02-06;alle;0;0,0;0;0;0;0;0;0;0;0;0;0;21;21,0;21;21;21;21;21;21;21,0;21,0;21,0;21,0;NA;NA;NA;NA;NA;NA;NA;NA;NA;NA;NA
2023-02-05;0-60;0;0,0;0;0;0;0;0;0;0;0;0;0;5;5,0;5;5;5;5;5;5;5,0;5,0;5,0;5,0;1,000000000000000;1,000000000000000;1,000000000000000;1,000000000000000;1,000000000000000;1,000000000000000;1,000000000000000;1,000000000000000;1,000000000000000;1,000000000000000;1,000000000000000
2023-02-05;60+;0;0,0;0;0;0;0;0;0;0;0;0;0;16;16,0;16;16;16;16;16;16;16,0;16,0;16,0;16,0;1,000000000000000;1,000000000000000;1,000000000000000;1,000000000000000;1,000000000000000;1,000000000000000;1,000000000000000;1,000000000000000;1,000000000000000;1,000000000000000;1,000000000000000
2023-02-05;alle;0;0,0;0;0;0;0;0;0;0;0;0;0;21;21,0;21;21;21;21;21;21;21,0;21,0;21,0;21,0;NA;NA;NA;NA;NA;NA;NA;NA;NA;NA;NA
2023-02-04;0-60;2;2,0;2;2;2;2;2;2;2;2;2;2;5;5,0;5;5;5;5;5;5;5,0;5,0;5,0;5,0;1,000000000000000;1,000000000000000;1,000000000000000;1,000000000000000;1,000000000000000;1,000000000000000;1,000000000000000;1,000000000000000;1,000000000000000;1,000000000000000;1,000000000000000
2023-02-04;60+;3;3,0;3;3;3;3;3;3;3;3;3;3;16;16,0;16;16;16;16;16;16;16,0;16,0;16,0;16,0;1,000000000000000;1,000000000000000;1,000000000000000;1,000000000000000;1,000000000000000;1,000000000000000;1,000000000000000;1,000000000000000;1,000000000000000;1,000000000000000;1,000000000000000
2023-02-04;alle;5;5,0;5;5;5;5;5;5;5;5;5;5;21;21,0;21;21;21;21;21;21;21,0;21,0;21,0;21,0;NA;NA;NA;NA;NA;NA;NA;NA;NA;NA;NA
2023-02-03;0-60;0;0,0;0;0;0;0;0;0;0;0;0;0;3;3,0;3;3;3;3;3;3;3,0;3,0;3,0;3,0;1,000000000000000;1,000000000000000;1,000000000000000;1,000000000000000;1,000000000000000;1,000000000000000;1,000000000000000;1,000000000000000;1,000000000000000;1,000000000000000;1,000000000000000
2023-02-03;60+;3;3,0;3;3;3;3;3;3;3;3;3;3;13;13,0;13;13;13;13;13;13;13,0;13,0;13,0;13,0;1,000000000000000;1,000000000000000;1,000000000000000;1,000000000000000;1,000000000000000;1,000000000000000;1,000000000000000;1,000000000000000;1,000000000000000;1,000000000000000;1,000000000000000
2023-02-03;alle;3;3,0;3;3;3;3;3;3;3;3;3;3;16;16,0;16;16;16;16;16;16;16,0;16,0;16,0;16,0;NA;NA;NA;NA;NA;NA;NA;NA;NA;NA;NA
2023-02-02;0-60;2;2,0;2;2;2;2;2;2;2;2;2;2;5;5,0;5;5;5;5;5;5;5,0;5,0;5,0;5,0;1,000000000000000;1,000000000000000;1,000000000000000;1,000000000000000;1,000000000000000;1,000000000000000;1,000000000000000;1,000000000000000;1,000000000000000;1,000000000000000;1,000000000000000
2023-02-02;60+;3;3,0;3;3;3;3;3;3;3;3;3;3;13;13,0;13;13;13;13;13;13;13,0;13,0;13,0;13,0;1,000000000000000;1,000000000000000;1,000000000000000;1,000000000000000;1,000000000000000;1,000000000000000;1,000000000000000;1,000000000000000;1,000000000000000;1,000000000000000;1,000000000000000
2023-02-02;alle;5;5,0;5;5;5;5;5;5;5;5;5;5;18;18,0;18;18;18;18;18;18;18,0;18,0;18,0;18,0;NA;NA;NA;NA;NA;NA;NA;NA;NA;NA;NA
2023-02-01;0-60;1;1,0;1;1;1;1;1;1;1;1;1;1;3;3,0;3;3;3;3;3;3;3,0;3,0;3,0;3,0;1,000000000000000;1,000000000000000;1,000000000000000;1,000000000000000;1,000000000000000;1,000000000000000;1,000000000000000;1,000000000000000;1,000000000000000;1,000000000000000;1,000000000000000
2023-02-01;60+;3;3,0;3;3;3;3;3;3;3;3;3;3;12;12,0;12;12;12;12;12;12;12,0;12,0;12,0;12,0;1,000000000000000;1,000000000000000;1,000000000000000;1,000000000000000;1,000000000000000;1,000000000000000;1,000000000000000;1,000000000000000;1,000000000000000;1,000000000000000;1,000000000000000
2023-02-01;alle;4;4,0;4;4;4;4;4;4;4;4;4;4;15;15,0;15;15;15;15;15;15;15,0;15,0;15,0;15,0;NA;NA;NA;NA;NA;NA;NA;NA;NA;NA;NA
2023-01-31;0-60;0;0,0;0;0;0;0;0;0;0;0;0;0;3;3,0;3;3;3;3;3;3;3,0;3,0;3,0;3,0;1,000000000000000;1,000000000000000;1,000000000000000;1,000000000000000;1,000000000000000;1,000000000000000;1,000000000000000;1,000000000000000;1,000000000000000;1,000000000000000;1,000000000000000
2023-01-31;60+;4;4,0;4;4;4;4;4;4;4;4;4;4;10;10,0;10;10;10;10;10;10;10,0;10,0;10,0;10,0;1,000000000000000;1,000000000000000;1,000000000000000;1,000000000000000;1,000000000000000;1,000000000000000;1,000000000000000;1,000000000000000;1,000000000000000;1,000000000000000;1,000000000000000
2023-01-31;alle;4;4,0;4;4;4;4;4;4;4;4;4;4;13;13,0;13;13;13;13;13;13;13,0;13,0;13,0;13,0;NA;NA;NA;NA;NA;NA;NA;NA;NA;NA;NA
2023-01-30;0-60;0;0,0;0;0;0;0;0;0;0;0;0;0;4;4,0;4;4;4;4;4;4;4,0;4,0;4,0;4,0;1,000000000000000;1,000000000000000;1,000000000000000;1,000000000000000;1,000000000000000;1,000000000000000;1,000000000000000;1,000000000000000;1,000000000000000;1,000000000000000;1,000000000000000
2023-01-30;60+;0;0,0;0;0;0;0;0;0;0;0;0;0;10;10,0;10;10;10;10;10;10;10,0;10,0;10,0;10,0;1,000000000000000;1,000000000000000;1,000000000000000;1,000000000000000;1,000000000000000;1,000000000000000;1,000000000000000;1,000000000000000;1,000000000000000;1,000000000000000;1,000000000000000
2023-01-30;alle;0;0,0;0;0;0;0;0;0;0;0;0;0;14;14,0;14;14;14;14;14;14;14,0;14,0;14,0;14,0;NA;NA;NA;NA;NA;NA;NA;NA;NA;NA;NA
2023-01-29;0-60;0;0,0;0;0;0;0;0;0;0;0;0;0;4;4,0;4;4;4;4;4;4;4,0;4,0;4,0;4,0;1,000000000000000;1,000000000000000;1,000000000000000;1,000000000000000;1,000000000000000;1,000000000000000;1,000000000000000;1,000000000000000;1,000000000000000;1,000000000000000;1,000000000000000
2023-01-29;60+;0;0,0;0;0;0;0;0;0;0;0;0;0;10;10,0;10;10;10;10;10;10;10,0;10,0;10,0;10,0;1,000000000000000;1,000000000000000;1,000000000000000;1,000000000000000;1,000000000000000;1,000000000000000;1,000000000000000;1,000000000000000;1,000000000000000;1,000000000000000;1,000000000000000
2023-01-29;alle;0;0,0;0;0;0;0;0;0;0;0;0;0;14;14,0;14;14;14;14;14;14;14,0;14,0;14,0;14,0;NA;NA;NA;NA;NA;NA;NA;NA;NA;NA;NA
2023-01-28;0-60;0;0,0;0;0;0;0;0;0;0;0;0;0;4;4,0;4;4;4;4;4;4;4,0;4,0;4,0;4,0;1,000000000000000;1,000000000000000;1,000000000000000;1,000000000000000;1,000000000000000;1,000000000000000;1,000000000000000;1,000000000000000;1,000000000000000;1,000000000000000;1,000000000000000
2023-01-28;60+;0;0,0;0;0;0;0;0;0;0;0;0;0;10;10,0;10;10;10;10;10;10;10,0;10,0;10,0;10,0;1,000000000000000;1,000000000000000;1,000000000000000;1,000000000000000;1,000000000000000;1,000000000000000;1,000000000000000;1,000000000000000;1,000000000000000;1,000000000000000;1,000000000000000
2023-01-28;alle;0;0,0;0;0;0;0;0;0;0;0;0;0;14;14,0;14;14;14;14;14;14;14,0;14,0;14,0;14,0;NA;NA;NA;NA;NA;NA;NA;NA;NA;NA;NA
2023-01-27;0-60;2;2,0;2;2;2;2;2;2;2;2;2;2;5;5,0;5;5;5;5;5;5;5,0;5,0;5,0;5,0;1,000000000000000;1,000000000000000;1,000000000000000;1,000000000000000;1,000000000000000;1,000000000000000;1,000000000000000;1,000000000000000;1,000000000000000;1,000000000000000;1,000000000000000
2023-01-27;60+;3;3,0;3;3;3;3;3;3;3;3;3;3;11;11,0;11;11;11;11;11;11;11,0;11,0;11,0;11,0;1,000000000000000;1,000000000000000;1,000000000000000;1,000000000000000;1,000000000000000;1,000000000000000;1,000000000000000;1,000000000000000;1,000000000000000;1,000000000000000;1,000000000000000
2023-01-27;alle;5;5,0;5;5;5;5;5;5;5;5;5;5;16;16,0;16;16;16;16;16;16;16,0;16,0;16,0;16,0;NA;NA;NA;NA;NA;NA;NA;NA;NA;NA;NA
2023-01-26;0-60;0;0,0;0;0;0;0;0;0;0;0;0;0;4;4,0;4;4;4;4;4;4;4,0;4,0;4,0;4,0;1,000000000000000;1,000000000000000;1,000000000000000;1,000000000000000;1,000000000000000;1,000000000000000;1,000000000000000;1,000000000000000;1,000000000000000;1,000000000000000;1,000000000000000
2023-01-26;60+;2;2,0;2;2;2;2;2;2;2;2;2;2;8;8,0;8;8;8;8;8;8;8,0;8,0;8,0;8,0;1,000000000000000;1,000000000000000;1,000000000000000;1,000000000000000;1,000000000000000;1,000000000000000;1,000000000000000;1,000000000000000;1,000000000000000;1,000000000000000;1,000000000000000
2023-01-26;alle;2;2,0;2;2;2;2;2;2;2;2;2;2;12;12,0;12;12;12;12;12;12;12,0;12,0;12,0;12,0;NA;NA;NA;NA;NA;NA;NA;NA;NA;NA;NA
2023-01-25;0-60;1;1,0;1;1;1;1;1;1;1;1;1;1;4;4,0;4;4;4;4;4;4;4,0;4,0;4,0;4,0;1,000000000000000;1,000000000000000;1,000000000000000;1,000000000000000;1,000000000000000;1,000000000000000;1,000000000000000;1,000000000000000;1,000000000000000;1,000000000000000;1,000000000000000
2023-01-25;60+;1;1,0;1;1;1;1;1;1;1;1;1;1;9;9,0;9;9;9;9;9;9;9,0;9,0;9,0;9,0;1,000000000000000;1,000000000000000;1,000000000000000;1,000000000000000;1,000000000000000;1,000000000000000;1,000000000000000;1,000000000000000;1,000000000000000;1,000000000000000;1,000000000000000
2023-01-25;alle;2;2,0;2;2;2;2;2;2;2;2;2;2;13;13,0;13;13;13;13;13;13;13,0;13,0;13,0;13,0;NA;NA;NA;NA;NA;NA;NA;NA;NA;NA;NA
2023-01-24;0-60;1;1,0;1;1;1;1;1;1;1;1;1;1;4;4,0;4;4;4;4;4;4;4,0;4,0;4,0;4,0;1,000000000000000;1,000000000000000;1,000000000000000;1,000000000000000;1,000000000000000;1,000000000000000;1,000000000000000;1,000000000000000;1,000000000000000;1,000000000000000;1,000000000000000
2023-01-24;60+;4;4,0;4;4;4;4;4;4;4;4;4;4;10;10,0;10;10;10;10;10;10;10,0;10,0;10,0;10,0;1,000000000000000;1,000000000000000;1,000000000000000;1,000000000000000;1,000000000000000;1,000000000000000;1,000000000000000;1,000000000000000;1,000000000000000;1,000000000000000;1,000000000000000
2023-01-24;alle;5;5,0;5;5;5;5;5;5;5;5;5;5;14;14,0;14;14;14;14;14;14;14,0;14,0;14,0;14,0;NA;NA;NA;NA;NA;NA;NA;NA;NA;NA;NA
2023-01-23;0-60;0;0,0;0;0;0;0;0;0;0;0;0;0;7;7,0;7;7;7;7;7;7;7,0;7,0;7,0;7,0;1,000000000000000;1,000000000000000;1,000000000000000;1,000000000000000;1,000000000000000;1,000000000000000;1,000000000000000;1,000000000000000;1,000000000000000;1,000000000000000;1,000000000000000
2023-01-23;60+;0;0,0;0;0;0;0;0;0;0;0;0;0;12;12,0;12;12;12;12;12;12;12,0;12,0;12,0;12,0;1,000000000000000;1,000000000000000;1,000000000000000;1,000000000000000;1,000000000000000;1,000000000000000;1,000000000000000;1,000000000000000;1,000000000000000;1,000000000000000;1,000000000000000
2023-01-23;alle;0;0,0;0;0;0;0;0;0;0;0;0;0;19;19,0;19;19;19;19;19;19;19,0;19,0;19,0;19,0;NA;NA;NA;NA;NA;NA;NA;NA;NA;NA;NA
2023-01-22;0-60;0;0,0;0;0;0;0;0;0;0;0;0;0;7;7,0;7;7;7;7;7;7;7,0;7,0;7,0;7,0;1,000000000000000;1,000000000000000;1,000000000000000;1,000000000000000;1,000000000000000;1,000000000000000;1,000000000000000;1,000000000000000;1,000000000000000;1,000000000000000;1,000000000000000
2023-01-22;60+;0;0,0;0;0;0;0;0;0;0;0;0;0;12;12,0;12;12;12;12;12;12;12,0;12,0;12,0;12,0;1,000000000000000;1,000000000000000;1,000000000000000;1,000000000000000;1,000000000000000;1,000000000000000;1,000000000000000;1,000000000000000;1,000000000000000;1,000000000000000;1,000000000000000
2023-01-22;alle;0;0,0;0;0;0;0;0;0;0;0;0;0;19;19,0;19;19;19;19;19;19;19,0;19,0;19,0;19,0;NA;NA;NA;NA;NA;NA;NA;NA;NA;NA;NA
2023-01-21;0-60;1;1,0;1;1;1;1;1;1;1;1;1;1;7;7,0;7;7;7;7;7;7;7,0;7,0;7,0;7,0;1,000000000000000;1,000000000000000;1,000000000000000;1,000000000000000;1,000000000000000;1,000000000000000;1,000000000000000;1,000000000000000;1,000000000000000;1,000000000000000;1,000000000000000
2023-01-21;60+;1;1,0;1;1;1;1;1;1;1;1;1;1;12;12,0;12;12;12;12;12;12;12,0;12,0;12,0;12,0;1,000000000000000;1,000000000000000;1,000000000000000;1,000000000000000;1,000000000000000;1,000000000000000;1,000000000000000;1,000000000000000;1,000000000000000;1,000000000000000;1,000000000000000
2023-01-21;alle;2;2,0;2;2;2;2;2;2;2;2;2;2;19;19,0;19;19;19;19;19;19;19,0;19,0;19,0;19,0;NA;NA;NA;NA;NA;NA;NA;NA;NA;NA;NA
2023-01-20;0-60;1;1,0;1;1;1;1;1;1;1;1;1;1;7;7,0;7;7;7;7;7;7;7,0;7,0;7,0;7,0;1,000000000000000;1,000000000000000;1,000000000000000;1,000000000000000;1,000000000000000;1,000000000000000;1,000000000000000;1,000000000000000;1,000000000000000;1,000000000000000;1,000000000000000
2023-01-20;60+;0;0,0;0;0;0;0;0;0;0;0;0;0;13;13,0;13;13;13;13;13;13;13,0;13,0;13,0;13,0;1,000000000000000;1,000000000000000;1,000000000000000;1,000000000000000;1,000000000000000;1,000000000000000;1,000000000000000;1,000000000000000;1,000000000000000;1,000000000000000;1,000000000000000
2023-01-20;alle;1;1,0;1;1;1;1;1;1;1;1;1;1;20;20,0;20;20;20;20;20;20;20,0;20,0;20,0;20,0;NA;NA;NA;NA;NA;NA;NA;NA;NA;NA;NA
2023-01-19;0-60;0;0,0;0;0;0;0;0;0;0;0;0;0;9;9,0;9;9;9;9;9;9;9,0;9,0;9,0;9,0;1,000000000000000;1,000000000000000;1,000000000000000;1,000000000000000;1,000000000000000;1,000000000000000;1,000000000000000;1,000000000000000;1,000000000000000;1,000000000000000;1,000000000000000
2023-01-19;60+;3;3,0;3;3;3;3;3;3;3;3;3;3;17;17,0;17;17;17;17;17;17;17,0;17,0;17,0;17,0;1,000000000000000;1,000000000000000;1,000000000000000;1,000000000000000;1,000000000000000;1,000000000000000;1,000000000000000;1,000000000000000;1,000000000000000;1,000000000000000;1,000000000000000
2023-01-19;alle;3;3,0;3;3;3;3;3;3;3;3;3;3;26;26,0;26;26;26;26;26;26;26,0;26,0;26,0;26,0;NA;NA;NA;NA;NA;NA;NA;NA;NA;NA;NA
2023-01-18;0-60;1;1,0;1;1;1;1;1;1;1;1;1;1;11;11,0;11;11;11;11;11;11;11,0;11,0;11,0;11,0;1,000000000000000;1,000000000000000;1,000000000000000;1,000000000000000;1,000000000000000;1,000000000000000;1,000000000000000;1,000000000000000;1,000000000000000;1,000000000000000;1,000000000000000
2023-01-18;60+;2;2,0;2;2;2;2;2;2;2;2;2;2;19;19,0;19;19;19;19;19;19;19,0;19,0;19,0;19,0;1,000000000000000;1,000000000000000;1,000000000000000;1,000000000000000;1,000000000000000;1,000000000000000;1,000000000000000;1,000000000000000;1,000000000000000;1,000000000000000;1,000000000000000
2023-01-18;alle;3;3,0;3;3;3;3;3;3;3;3;3;3;30;30,0;30;30;30;30;30;30;30,0;30,0;30,0;30,0;NA;NA;NA;NA;NA;NA;NA;NA;NA;NA;NA
2023-01-17;0-60;4;4,0;4;4;4;4;4;4;4;4;4;4;10;10,0;10;10;10;10;10;10;10,0;10,0;10,0;10,0;1,000000000000000;1,000000000000000;1,000000000000000;1,000000000000000;1,000000000000000;1,000000000000000;1,000000000000000;1,000000000000000;1,000000000000000;1,000000000000000;1,000000000000000
2023-01-17;60+;6;6,0;6;6;6;6;6;6;6;6;6;6;24;24,0;24;24;24;24;24;24;24,0;24,0;24,0;24,0;1,000000000000000;1,000000000000000;1,000000000000000;1,000000000000000;1,000000000000000;1,000000000000000;1,000000000000000;1,000000000000000;1,000000000000000;1,000000000000000;1,000000000000000
2023-01-17;alle;10;10,0;10;10;10;10;10;10;10;10;10;10;34;34,0;34;34;34;34;34;34;34,0;34,0;34,0;34,0;NA;NA;NA;NA;NA;NA;NA;NA;NA;NA;NA
2023-01-16;0-60;0;0,0;0;0;0;0;0;0;0;0;0;0;9;9,0;9;9;9;9;9;9;9,0;9,0;9,0;9,0;1,000000000000000;1,000000000000000;1,000000000000000;1,000000000000000;1,000000000000000;1,000000000000000;1,000000000000000;1,000000000000000;1,000000000000000;1,000000000000000;1,000000000000000
2023-01-16;60+;0;0,0;0;0;0;0;0;0;0;0;0;0;27;27,0;27;27;27;27;27;27;27,0;27,0;27,0;27,0;1,000000000000000;1,000000000000000;1,000000000000000;1,000000000000000;1,000000000000000;1,000000000000000;1,000000000000000;1,000000000000000;1,000000000000000;1,000000000000000;1,000000000000000
2023-01-16;alle;0;0,0;0;0;0;0;0;0;0;0;0;0;36;36,0;36;36;36;36;36;36;36,0;36,0;36,0;36,0;NA;NA;NA;NA;NA;NA;NA;NA;NA;NA;NA
2023-01-15;0-60;0;0,0;0;0;0;0;0;0;0;0;0;0;9;9,0;9;9;9;9;9;9;9,0;9,0;9,0;9,0;1,000000000000000;1,000000000000000;1,000000000000000;1,000000000000000;1,000000000000000;1,000000000000000;1,000000000000000;1,000000000000000;1,000000000000000;1,000000000000000;1,000000000000000
2023-01-15;60+;0;0,0;0;0;0;0;0;0;0;0;0;0;27;27,0;27;27;27;27;27;27;27,0;27,0;27,0;27,0;1,000000000000000;1,000000000000000;1,000000000000000;1,000000000000000;1,000000000000000;1,000000000000000;1,000000000000000;1,000000000000000;1,000000000000000;1,000000000000000;1,000000000000000
2023-01-15;alle;0;0,0;0;0;0;0;0;0;0;0;0;0;36;36,0;36;36;36;36;36;36;36,0;36,0;36,0;36,0;NA;NA;NA;NA;NA;NA;NA;NA;NA;NA;NA
2023-01-14;0-60;1;1,0;1;1;1;1;1;1;1;1;1;1;9;9,0;9;9;9;9;9;9;9,0;9,0;9,0;9,0;1,000000000000000;1,000000000000000;1,000000000000000;1,000000000000000;1,000000000000000;1,000000000000000;1,000000000000000;1,000000000000000;1,000000000000000;1,000000000000000;1,000000000000000
2023-01-14;60+;2;2,0;2;2;2;2;2;2;2;2;2;2;28;28,0;28;28;28;28;28;28;28,0;28,0;28,0;28,0;1,000000000000000;1,000000000000000;1,000000000000000;1,000000000000000;1,000000000000000;1,000000000000000;1,000000000000000;1,000000000000000;1,000000000000000;1,000000000000000;1,000000000000000
2023-01-14;alle;3;3,0;3;3;3;3;3;3;3;3;3;3;37;37,0;37;37;37;37;37;37;37,0;37,0;37,0;37,0;NA;NA;NA;NA;NA;NA;NA;NA;NA;NA;NA
2023-01-13;0-60;3;3,0;3;3;3;3;3;3;3;3;3;3;10;10,0;10;10;10;10;10;10;10,0;10,0;10,0;10,0;1,000000000000000;1,000000000000000;1,000000000000000;1,000000000000000;1,000000000000000;1,000000000000000;1,000000000000000;1,000000000000000;1,000000000000000;1,000000000000000;1,000000000000000
2023-01-13;60+;4;4,0;4;4;4;4;4;4;4;4;4;4;40;40,0;40;40;40;40;40;40;40,0;40,0;40,0;40,0;1,000000000000000;1,000000000000000;1,000000000000000;1,000000000000000;1,000000000000000;1,000000000000000;1,000000000000000;1,000000000000000;1,000000000000000;1,000000000000000;1,000000000000000
2023-01-13;alle;7;7,0;7;7;7;7;7;7;7;7;7;7;50;50,0;50;50;50;50;50;50;50,0;50,0;50,0;50,0;NA;NA;NA;NA;NA;NA;NA;NA;NA;NA;NA
2023-01-12;0-60;2;2,0;2;2;2;2;2;2;2;2;2;2;8;8,0;8;8;8;8;8;8;8,0;8,0;8,0;8,0;1,000000000000000;1,000000000000000;1,000000000000000;1,000000000000000;1,000000000000000;1,000000000000000;1,000000000000000;1,000000000000000;1,000000000000000;1,000000000000000;1,000000000000000
2023-01-12;60+;5;5,0;5;5;5;5;5;5;5;5;5;5;39;39,0;39;39;39;39;39;39;39,0;39,0;39,0;39,0;1,000000000000000;1,000000000000000;1,000000000000000;1,000000000000000;1,000000000000000;1,000000000000000;1,000000000000000;1,000000000000000;1,000000000000000;1,000000000000000;1,000000000000000
2023-01-12;alle;7;7,0;7;7;7;7;7;7;7;7;7;7;47;47,0;47;47;47;47;47;47;47,0;47,0;47,0;47,0;NA;NA;NA;NA;NA;NA;NA;NA;NA;NA;NA
2023-01-11;0-60;0;0,0;0;0;0;0;0;0;0;0;0;0;10;10,0;10;10;10;10;10;10;10,0;10,0;10,0;10,0;1,000000000000000;1,000000000000000;1,000000000000000;1,000000000000000;1,000000000000000;1,000000000000000;1,000000000000000;1,000000000000000;1,000000000000000;1,000000000000000;1,000000000000000
2023-01-11;60+;7;7,0;7;7;7;7;7;7;7;7;7;7;53;53,0;53;53;53;53;53;53;53,0;53,0;53,0;53,0;1,000000000000000;1,000000000000000;1,000000000000000;1,000000000000000;1,000000000000000;1,000000000000000;1,000000000000000;1,000000000000000;1,000000000000000;1,000000000000000;1,000000000000000
2023-01-11;alle;7;7,0;7;7;7;7;7;7;7;7;7;7;63;63,0;63;63;63;63;63;63;63,0;63,0;63,0;63,0;NA;NA;NA;NA;NA;NA;NA;NA;NA;NA;NA
2023-01-10;0-60;3;3,0;3;3;3;3;3;3;3;3;3;3;18;18,0;18;18;18;18;18;18;18,0;18,0;18,0;18,0;1,000000000000000;1,000000000000000;1,000000000000000;1,000000000000000;1,000000000000000;1,000000000000000;1,000000000000000;1,000000000000000;1,000000000000000;1,000000000000000;1,000000000000000
2023-01-10;60+;9;9,0;9;9;9;9;9;9;9;9;9;9;59;59,0;59;59;59;59;59;59;59,0;59,0;59,0;59,0;1,000000000000000;1,000000000000000;1,000000000000000;1,000000000000000;1,000000000000000;1,000000000000000;1,000000000000000;1,000000000000000;1,000000000000000;1,000000000000000;1,000000000000000
2023-01-10;alle;12;12,0;12;12;12;12;12;12;12;12;12;12;77;77,0;77;77;77;77;77;77;77,0;77,0;77,0;77,0;NA;NA;NA;NA;NA;NA;NA;NA;NA;NA;NA
2023-01-09;0-60;0;0,0;0;0;0;0;0;0;0;0;0;0;22;22,0;22;22;22;22;22;22;22,0;22,0;22,0;22,0;1,000000000000000;1,000000000000000;1,000000000000000;1,000000000000000;1,000000000000000;1,000000000000000;1,000000000000000;1,000000000000000;1,000000000000000;1,000000000000000;1,000000000000000
2023-01-09;60+;0;0,0;0;0;0;0;0;0;0;0;0;0;73;73,0;73;73;73;73;73;73;73,0;73,0;73,0;73,0;1,000000000000000;1,000000000000000;1,000000000000000;1,000000000000000;1,000000000000000;1,000000000000000;1,000000000000000;1,000000000000000;1,000000000000000;1,000000000000000;1,000000000000000
2023-01-09;alle;0;0,0;0;0;0;0;0;0;0;0;0;0;95;95,0;95;95;95;95;95;95;95,0;95,0;95,0;95,0;NA;NA;NA;NA;NA;NA;NA;NA;NA;NA;NA
2023-01-08;0-60;0;0,0;0;0;0;0;0;0;0;0;0;0;22;22,0;22;22;22;22;22;22;22,0;22,0;22,0;22,0;1,000000000000000;1,000000000000000;1,000000000000000;1,000000000000000;1,000000000000000;1,000000000000000;1,000000000000000;1,000000000000000;1,000000000000000;1,000000000000000;1,000000000000000
2023-01-08;60+;1;1,0;1;1;1;1;1;1;1;1;1;1;73;73,0;73;73;73;73;73;73;73,0;73,0;73,0;73,0;1,000000000000000;1,000000000000000;1,000000000000000;1,000000000000000;1,000000000000000;1,000000000000000;1,000000000000000;1,000000000000000;1,000000000000000;1,000000000000000;1,000000000000000
2023-01-08;alle;1;1,0;1;1;1;1;1;1;1;1;1;1;95;95,0;95;95;95;95;95;95;95,0;95,0;95,0;95,0;NA;NA;NA;NA;NA;NA;NA;NA;NA;NA;NA
2023-01-07;0-60;2;2,0;2;2;2;2;2;2;2;2;2;2;22;22,0;22;22;22;22;22;22;22,0;22,0;22,0;22,0;1,000000000000000;1,000000000000000;1,000000000000000;1,000000000000000;1,000000000000000;1,000000000000000;1,000000000000000;1,000000000000000;1,000000000000000;1,000000000000000;1,000000000000000
2023-01-07;60+;14;14,0;14;14;14;14;14;14;14;14;14;14;72;72,0;72;72;72;72;72;72;72,0;72,0;72,0;72,0;1,000000000000000;1,000000000000000;1,000000000000000;1,000000000000000;1,000000000000000;1,000000000000000;1,000000000000000;1,000000000000000;1,000000000000000;1,000000000000000;1,000000000000000
2023-01-07;alle;16;16,0;16;16;16;16;16;16;16;16;16;16;94;94,0;94;94;94;94;94;94;94,0;94,0;94,0;94,0;NA;NA;NA;NA;NA;NA;NA;NA;NA;NA;NA
2023-01-06;0-60;1;1,0;1;1;1;1;1;1;1;1;1;1;24;24,0;24;24;24;24;24;24;24,0;24,0;24,0;24,0;1,000000000000000;1,000000000000000;1,000000000000000;1,000000000000000;1,000000000000000;1,000000000000000;1,000000000000000;1,000000000000000;1,000000000000000;1,000000000000000;1,000000000000000
2023-01-06;60+;3;3,0;3;3;3;3;3;3;3;3;3;3;70;70,0;70;70;70;70;70;70;70,0;70,0;70,0;70,0;1,000000000000000;1,000000000000000;1,000000000000000;1,000000000000000;1,000000000000000;1,000000000000000;1,000000000000000;1,000000000000000;1,000000000000000;1,000000000000000;1,000000000000000
2023-01-06;alle;4;4,0;4;4;4;4;4;4;4;4;4;4;94;94,0;94;94;94;94;94;94;94,0;94,0;94,0;94,0;NA;NA;NA;NA;NA;NA;NA;NA;NA;NA;NA
2023-01-05;0-60;4;4,0;4;4;4;4;4;4;4;4;4;4;27;27,0;27;27;27;27;27;27;27,0;27,0;27,0;27,0;1,000000000000000;1,000000000000000;1,000000000000000;1,000000000000000;1,000000000000000;1,000000000000000;1,000000000000000;1,000000000000000;1,000000000000000;1,000000000000000;1,000000000000000
2023-01-05;60+;19;19,0;19;19;19;19;19;19;19;19;19;19;77;77,0;77;77;77;77;77;77;77,0;77,0;77,0;77,0;1,000000000000000;1,000000000000000;1,000000000000000;1,000000000000000;1,000000000000000;1,000000000000000;1,000000000000000;1,000000000000000;1,000000000000000;1,000000000000000;1,000000000000000
2023-01-05;alle;23;23,0;23;23;23;23;23;23;23;23;23;23;104;104,0;104;104;104;104;104;104;104,0;104,0;104,0;104,0;NA;NA;NA;NA;NA;NA;NA;NA;NA;NA;NA
2023-01-04;0-60;8;8,0;8;8;8;8;8;8;8;8;8;8;25;25,0;25;25;25;25;25;25;25,0;25,0;25,0;25,0;1,000000000000000;1,000000000000000;1,000000000000000;1,000000000000000;1,000000000000000;1,000000000000000;1,000000000000000;1,000000000000000;1,000000000000000;1,000000000000000;1,000000000000000
2023-01-04;60+;13;13,0;13;13;13;13;13;13;13;13;13;13;69;69,0;69;69;69;69;69;69;69,0;69,0;69,0;69,0;1,000000000000000;1,000000000000000;1,000000000000000;1,000000000000000;1,000000000000000;1,000000000000000;1,000000000000000;1,000000000000000;1,000000000000000;1,000000000000000;1,000000000000000
2023-01-04;alle;21;21,0;21;21;21;21;21;21;21;21;21;21;94;94,0;94;94;94;94;94;94;94,0;94,0;94,0;94,0;NA;NA;NA;NA;NA;NA;NA;NA;NA;NA;NA
2023-01-03;0-60;7;7,0;7;7;7;7;7;7;7;7;7;7;23;23,0;23;23;23;23;23;23;23,0;23,0;23,0;23,0;1,000000000000000;1,000000000000000;1,000000000000000;1,000000000000000;1,000000000000000;1,000000000000000;1,000000000000000;1,000000000000000;1,000000000000000;1,000000000000000;1,000000000000000
2023-01-03;60+;23;23,0;23;23;23;23;23;23;23;23;23;23;94;94,0;94;94;94;94;94;94;94,0;94,0;94,0;94,0;1,000000000000000;1,000000000000000;1,000000000000000;1,000000000000000;1,000000000000000;1,000000000000000;1,000000000000000;1,000000000000000;1,000000000000000;1,000000000000000;1,000000000000000
2023-01-03;alle;30;30,0;30;30;30;30;30;30;30;30;30;30;117;117,0;117;117;117;117;117;117;117,0;117,0;117,0;117,0;NA;NA;NA;NA;NA;NA;NA;NA;NA;NA;NA
2023-01-02;0-60;0;0,0;0;0;0;0;0;0;0;0;0;0;16;16,0;16;16;16;16;16;16;16,0;16,0;16,0;16,0;1,000000000000000;1,000000000000000;1,000000000000000;1,000000000000000;1,000000000000000;1,000000000000000;1,000000000000000;1,000000000000000;1,000000000000000;1,000000000000000;1,000000000000000
2023-01-02;60+;0;0,0;0;0;0;0;0;0;0;0;0;0;71;71,0;71;71;71;71;71;71;71,0;71,0;71,0;71,0;1,000000000000000;1,000000000000000;1,000000000000000;1,000000000000000;1,000000000000000;1,000000000000000;1,000000000000000;1,000000000000000;1,000000000000000;1,000000000000000;1,000000000000000
2023-01-02;alle;0;0,0;0;0;0;0;0;0;0;0;0;0;87;87,0;87;87;87;87;87;87;87,0;87,0;87,0;87,0;NA;NA;NA;NA;NA;NA;NA;NA;NA;NA;NA
2023-01-01;0-60;0;0,0;0;0;0;0;0;0;0;0;0;0;16;16,0;16;16;16;16;16;16;16,0;16,0;16,0;16,0;1,000000000000000;1,000000000000000;1,000000000000000;1,000000000000000;1,000000000000000;1,000000000000000;1,000000000000000;1,000000000000000;1,000000000000000;1,000000000000000;1,000000000000000
2023-01-01;60+;0;0,0;0;0;0;0;0;0;0;0;0;0;71;71,0;71;71;71;71;71;71;71,0;71,0;71,0;71,0;1,000000000000000;1,000000000000000;1,000000000000000;1,000000000000000;1,000000000000000;1,000000000000000;1,000000000000000;1,000000000000000;1,000000000000000;1,000000000000000;1,000000000000000
2023-01-01;alle;0;0,0;0;0;0;0;0;0;0;0;0;0;87;87,0;87;87;87;87;87;87;87,0;87,0;87,0;87,0;NA;NA;NA;NA;NA;NA;NA;NA;NA;NA;NA
2022-12-31;0-60;4;4,0;4;4;4;4;4;4;4;4;4;4;16;16,0;16;16;16;16;16;16;16,0;16,0;16,0;16,0;1,000000000000000;1,000000000000000;1,000000000000000;1,000000000000000;1,000000000000000;1,000000000000000;1,000000000000000;1,000000000000000;1,000000000000000;1,000000000000000;1,000000000000000
2022-12-31;60+;12;12,0;12;12;12;12;12;12;12;12;12;12;71;71,0;71;71;71;71;71;71;71,0;71,0;71,0;71,0;1,000000000000000;1,000000000000000;1,000000000000000;1,000000000000000;1,000000000000000;1,000000000000000;1,000000000000000;1,000000000000000;1,000000000000000;1,000000000000000;1,000000000000000
2022-12-31;alle;16;16,0;16;16;16;16;16;16;16;16;16;16;87;87,0;87;87;87;87;87;87;87,0;87,0;87,0;87,0;NA;NA;NA;NA;NA;NA;NA;NA;NA;NA;NA
2022-12-30;0-60;4;4,0;4;4;4;4;4;4;4;4;4;4;12;12,0;12;12;12;12;12;12;12,0;12,0;12,0;12,0;1,000000000000000;1,000000000000000;1,000000000000000;1,000000000000000;1,000000000000000;1,000000000000000;1,000000000000000;1,000000000000000;1,000000000000000;1,000000000000000;1,000000000000000
2022-12-30;60+;10;10,0;10;10;10;10;10;10;10;10;10;10;72;72,0;72;72;72;72;72;72;72,0;72,0;72,0;72,0;1,000000000000000;1,000000000000000;1,000000000000000;1,000000000000000;1,000000000000000;1,000000000000000;1,000000000000000;1,000000000000000;1,000000000000000;1,000000000000000;1,000000000000000
2022-12-30;alle;14;14,0;14;14;14;14;14;14;14;14;14;14;84;84,0;84;84;84;84;84;84;84,0;84,0;84,0;84,0;NA;NA;NA;NA;NA;NA;NA;NA;NA;NA;NA
2022-12-29;0-60;2;2,0;2;2;2;2;2;2;2;2;2;2;11;11,0;11;11;11;11;11;11;11,0;11,0;11,0;11,0;1,000000000000000;1,000000000000000;1,000000000000000;1,000000000000000;1,000000000000000;1,000000000000000;1,000000000000000;1,000000000000000;1,000000000000000;1,000000000000000;1,000000000000000
2022-12-29;60+;11;11,0;11;11;11;11;11;11;11;11;11;11;77;77,0;77;77;77;77;77;77;77,0;77,0;77,0;77,0;1,000000000000000;1,000000000000000;1,000000000000000;1,000000000000000;1,000000000000000;1,000000000000000;1,000000000000000;1,000000000000000;1,000000000000000;1,000000000000000;1,000000000000000
2022-12-29;alle;13;13,0;13;13;13;13;13;13;13;13;13;13;88;88,0;88;88;88;88;88;88;88,0;88,0;88,0;88,0;NA;NA;NA;NA;NA;NA;NA;NA;NA;NA;NA
2022-12-28;0-60;6;6,0;6;6;6;6;6;6;6;6;6;6;13;13,0;13;13;13;13;13;13;13,0;13,0;13,0;13,0;1,000000000000000;1,000000000000000;1,000000000000000;1,000000000000000;1,000000000000000;1,000000000000000;1,000000000000000;1,000000000000000;1,000000000000000;1,000000000000000;1,000000000000000
2022-12-28;60+;38;38,0;38;38;38;38;38;38;38;38;38;38;83;83,0;83;83;83;83;83;83;83,0;83,0;83,0;83,0;1,000000000000000;1,000000000000000;1,000000000000000;1,000000000000000;1,000000000000000;1,000000000000000;1,000000000000000;1,000000000000000;1,000000000000000;1,000000000000000;1,000000000000000
2022-12-28;alle;44;44,0;44;44;44;44;44;44;44;44;44;44;96;96,0;96;96;96;96;96;96;96,0;96,0;96,0;96,0;NA;NA;NA;NA;NA;NA;NA;NA;NA;NA;NA
2022-12-27;0-60;0;0,0;0;0;0;0;0;0;0;0;0;0;14;14,0;14;14;14;14;14;14;14,0;14,0;14,0;14,0;1,000000000000000;1,000000000000000;1,000000000000000;1,000000000000000;1,000000000000000;1,000000000000000;1,000000000000000;1,000000000000000;1,000000000000000;1,000000000000000;1,000000000000000
2022-12-27;60+;0;0,0;0;0;0;0;0;0;0;0;0;0;58;58,0;58;58;58;58;58;58;58,0;58,0;58,0;58,0;1,000000000000000;1,000000000000000;1,000000000000000;1,000000000000000;1,000000000000000;1,000000000000000;1,000000000000000;1,000000000000000;1,000000000000000;1,000000000000000;1,000000000000000
2022-12-27;alle;0;0,0;0;0;0;0;0;0;0;0;0;0;72;72,0;72;72;72;72;72;72;72,0;72,0;72,0;72,0;NA;NA;NA;NA;NA;NA;NA;NA;NA;NA;NA
2022-12-26;0-60;0;0,0;0;0;0;0;0;0;0;0;0;0;17;17,0;17;17;17;17;17;17;17,0;17,0;17,0;17,0;1,000000000000000;1,000000000000000;1,000000000000000;1,000000000000000;1,000000000000000;1,000000000000000;1,000000000000000;1,000000000000000;1,000000000000000;1,000000000000000;1,000000000000000
2022-12-26;60+;0;0,0;0;0;0;0;0;0;0;0;0;0;82;82,0;82;82;82;82;82;82;82,0;82,0;82,0;82,0;1,000000000000000;1,000000000000000;1,000000000000000;1,000000000000000;1,000000000000000;1,000000000000000;1,000000000000000;1,000000000000000;1,000000000000000;1,000000000000000;1,000000000000000
2022-12-26;alle;0;0,0;0;0;0;0;0;0;0;0;0;0;99;99,0;99;99;99;99;99;99;99,0;99,0;99,0;99,0;NA;NA;NA;NA;NA;NA;NA;NA;NA;NA;NA
2022-12-25;0-60;0;0,0;0;0;0;0;0;0;0;0;0;0;17;17,0;17;17;17;17;17;17;17,0;17,0;17,0;17,0;1,000000000000000;1,000000000000000;1,000000000000000;1,000000000000000;1,000000000000000;1,000000000000000;1,000000000000000;1,000000000000000;1,000000000000000;1,000000000000000;1,000000000000000
2022-12-25;60+;0;0,0;0;0;0;0;0;0;0;0;0;0;83;83,0;83;83;83;83;83;83;83,0;83,0;83,0;83,0;1,000000000000000;1,000000000000000;1,000000000000000;1,000000000000000;1,000000000000000;1,000000000000000;1,000000000000000;1,000000000000000;1,000000000000000;1,000000000000000;1,000000000000000
2022-12-25;alle;0;0,0;0;0;0;0;0;0;0;0;0;0;100;100,0;100;100;100;100;100;100;100,0;100,0;100,0;100,0;NA;NA;NA;NA;NA;NA;NA;NA;NA;NA;NA
2022-12-24;0-60;0;0,0;0;0;0;0;0;0;0;0;0;0;17;17,0;17;17;17;17;17;17;17,0;17,0;17,0;17,0;1,000000000000000;1,000000000000000;1,000000000000000;1,000000000000000;1,000000000000000;1,000000000000000;1,000000000000000;1,000000000000000;1,000000000000000;1,000000000000000;1,000000000000000
2022-12-24;60+;13;13,0;13;13;13;13;13;13;13;13;13;13;84;84,0;84;84;84;84;84;84;84,0;84,0;84,0;84,0;1,000000000000000;1,000000000000000;1,000000000000000;1,000000000000000;1,000000000000000;1,000000000000000;1,000000000000000;1,000000000000000;1,000000000000000;1,000000000000000;1,000000000000000
2022-12-24;alle;13;13,0;13;13;13;13;13;13;13;13;13;13;101;101,0;101;101;101;101;101;101;101,0;101,0;101,0;101,0;NA;NA;NA;NA;NA;NA;NA;NA;NA;NA;NA
2022-12-23;0-60;3;3,0;3;3;3;3;3;3;3;3;3;3;20;20,0;20;20;20;20;20;20;20,0;20,0;20,0;20,0;1,000000000000000;1,000000000000000;1,000000000000000;1,000000000000000;1,000000000000000;1,000000000000000;1,000000000000000;1,000000000000000;1,000000000000000;1,000000000000000;1,000000000000000
2022-12-23;60+;15;15,0;15;15;15;15;15;15;15;15;15;15;83;83,0;83;83;83;83;83;83;83,0;83,0;83,0;83,0;1,000000000000000;1,000000000000000;1,000000000000000;1,000000000000000;1,000000000000000;1,000000000000000;1,000000000000000;1,000000000000000;1,000000000000000;1,000000000000000;1,000000000000000
2022-12-23;alle;18;18,0;18;18;18;18;18;18;18;18;18;18;103;103,0;103;103;103;103;103;103;103,0;103,0;103,0;103,0;NA;NA;NA;NA;NA;NA;NA;NA;NA;NA;NA
2022-12-22;0-60;4;4,0;4;4;4;4;4;4;4;4;4;4;22;22,0;22;22;22;22;22;22;22,0;22,0;22,0;22,0;1,000000000000000;1,000000000000000;1,000000000000000;1,000000000000000;1,000000000000000;1,000000000000000;1,000000000000000;1,000000000000000;1,000000000000000;1,000000000000000;1,000000000000000
2022-12-22;60+;17;17,0;17;17;17;17;17;17;17;17;17;17;80;80,0;80;80;80;80;80;80;80,0;80,0;80,0;80,0;1,000000000000000;1,000000000000000;1,000000000000000;1,000000000000000;1,000000000000000;1,000000000000000;1,000000000000000;1,000000000000000;1,000000000000000;1,000000000000000;1,000000000000000
2022-12-22;alle;21;21,0;21;21;21;21;21;21;21;21;21;21;102;102,0;102;102;102;102;102;102;102,0;102,0;102,0;102,0;NA;NA;NA;NA;NA;NA;NA;NA;NA;NA;NA
2022-12-21;0-60;7;7,0;7;7;7;7;7;7;7;7;7;7;25;25,0;25;25;25;25;25;25;25,0;25,0;25,0;25,0;1,000000000000000;1,000000000000000;1,000000000000000;1,000000000000000;1,000000000000000;1,000000000000000;1,000000000000000;1,000000000000000;1,000000000000000;1,000000000000000;1,000000000000000
2022-12-21;60+;13;13,0;13;13;13;13;13;13;13;13;13;13;85;85,0;85;85;85;85;85;85;85,0;85,0;85,0;85,0;1,000000000000000;1,000000000000000;1,000000000000000;1,000000000000000;1,000000000000000;1,000000000000000;1,000000000000000;1,000000000000000;1,000000000000000;1,000000000000000;1,000000000000000
2022-12-21;alle;20;20,0;20;20;20;20;20;20;20;20;20;20;110;110,0;110;110;110;110;110;110;110,0;110,0;110,0;110,0;NA;NA;NA;NA;NA;NA;NA;NA;NA;NA;NA
2022-12-20;0-60;3;3,0;3;3;3;3;3;3;3;3;3;3;21;21,0;21;21;21;21;21;21;21,0;21,0;21,0;21,0;1,000000000000000;1,000000000000000;1,000000000000000;1,000000000000000;1,000000000000000;1,000000000000000;1,000000000000000;1,000000000000000;1,000000000000000;1,000000000000000;1,000000000000000
2022-12-20;60+;24;24,0;24;24;24;24;24;24;24;24;24;24;89;89,0;89;89;89;89;89;89;89,0;89,0;89,0;89,0;1,000000000000000;1,000000000000000;1,000000000000000;1,000000000000000;1,000000000000000;1,000000000000000;1,000000000000000;1,000000000000000;1,000000000000000;1,000000000000000;1,000000000000000
2022-12-20;alle;27;27,0;27;27;27;27;27;27;27;27;27;27;110;110,0;110;110;110;110;110;110;110,0;110,0;110,0;110,0;NA;NA;NA;NA;NA;NA;NA;NA;NA;NA;NA
2022-12-19;0-60;0;0,0;0;0;0;0;0;0;0;0;0;0;30;30,0;30;30;30;30;30;30;30,0;30,0;30,0;30,0;1,000000000000000;1,000000000000000;1,000000000000000;1,000000000000000;1,000000000000000;1,000000000000000;1,000000000000000;1,000000000000000;1,000000000000000;1,000000000000000;1,000000000000000
2022-12-19;60+;1;1,0;1;1;1;1;1;1;1;1;1;1;98;98,0;98;98;98;98;98;98;98,0;98,0;98,0;98,0;1,000000000000000;1,000000000000000;1,000000000000000;1,000000000000000;1,000000000000000;1,000000000000000;1,000000000000000;1,000000000000000;1,000000000000000;1,000000000000000;1,000000000000000
2022-12-19;alle;1;1,0;1;1;1;1;1;1;1;1;1;1;128;128,0;128;128;128;128;128;128;128,0;128,0;128,0;128,0;NA;NA;NA;NA;NA;NA;NA;NA;NA;NA;NA
2022-12-18;0-60;0;0,0;0;0;0;0;0;0;0;0;0;0;30;30,0;30;30;30;30;30;30;30,0;30,0;30,0;30,0;1,000000000000000;1,000000000000000;1,000000000000000;1,000000000000000;1,000000000000000;1,000000000000000;1,000000000000000;1,000000000000000;1,000000000000000;1,000000000000000;1,000000000000000
2022-12-18;60+;1;1,0;1;1;1;1;1;1;1;1;1;1;97;97,0;97;97;97;97;97;97;97,0;97,0;97,0;97,0;1,000000000000000;1,000000000000000;1,000000000000000;1,000000000000000;1,000000000000000;1,000000000000000;1,000000000000000;1,000000000000000;1,000000000000000;1,000000000000000;1,000000000000000
2022-12-18;alle;1;1,0;1;1;1;1;1;1;1;1;1;1;127;127,0;127;127;127;127;127;127;127,0;127,0;127,0;127,0;NA;NA;NA;NA;NA;NA;NA;NA;NA;NA;NA
2022-12-17;0-60;3;3,0;3;3;3;3;3;3;3;3;3;3;30;30,0;30;30;30;30;30;30;30,0;30,0;30,0;30,0;1,000000000000000;1,000000000000000;1,000000000000000;1,000000000000000;1,000000000000000;1,000000000000000;1,000000000000000;1,000000000000000;1,000000000000000;1,000000000000000;1,000000000000000
2022-12-17;60+;12;12,0;12;12;12;12;12;12;12;12;12;12;96;96,0;96;96;96;96;96;96;96,0;96,0;96,0;96,0;1,000000000000000;1,000000000000000;1,000000000000000;1,000000000000000;1,000000000000000;1,000000000000000;1,000000000000000;1,000000000000000;1,000000000000000;1,000000000000000;1,000000000000000
2022-12-17;alle;15;15,0;15;15;15;15;15;15;15;15;15;15;126;126,0;126;126;126;126;126;126;126,0;126,0;126,0;126,0;NA;NA;NA;NA;NA;NA;NA;NA;NA;NA;NA
2022-12-16;0-60;5;5,0;5;5;5;5;5;5;5;5;5;5;29;29,0;29;29;29;29;29;29;29,0;29,0;29,0;29,0;1,000000000000000;1,000000000000000;1,000000000000000;1,000000000000000;1,000000000000000;1,000000000000000;1,000000000000000;1,000000000000000;1,000000000000000;1,000000000000000;1,000000000000000
2022-12-16;60+;12;12,0;12;12;12;12;12;12;12;12;12;12;97;97,0;97;97;97;97;97;97;97,0;97,0;97,0;97,0;1,000000000000000;1,000000000000000;1,000000000000000;1,000000000000000;1,000000000000000;1,000000000000000;1,000000000000000;1,000000000000000;1,000000000000000;1,000000000000000;1,000000000000000
2022-12-16;alle;17;17,0;17;17;17;17;17;17;17;17;17;17;126;126,0;126;126;126;126;126;126;126,0;126,0;126,0;126,0;NA;NA;NA;NA;NA;NA;NA;NA;NA;NA;NA
2022-12-15;0-60;7;7,0;7;7;7;7;7;7;7;7;7;7;27;27,0;27;27;27;27;27;27;27,0;27,0;27,0;27,0;1,000000000000000;1,000000000000000;1,000000000000000;1,000000000000000;1,000000000000000;1,000000000000000;1,000000000000000;1,000000000000000;1,000000000000000;1,000000000000000;1,000000000000000
2022-12-15;60+;22;22,0;22;22;22;22;22;22;22;22;22;22;101;101,0;101;101;101;101;101;101;101,0;101,0;101,0;101,0;1,000000000000000;1,000000000000000;1,000000000000000;1,000000000000000;1,000000000000000;1,000000000000000;1,000000000000000;1,000000000000000;1,000000000000000;1,000000000000000;1,000000000000000
2022-12-15;alle;29;29,0;29;29;29;29;29;29;29;29;29;29;128;128,0;128;128;128;128;128;128;128,0;128,0;128,0;128,0;NA;NA;NA;NA;NA;NA;NA;NA;NA;NA;NA
2022-12-14;0-60;3;3,0;3;3;3;3;3;3;3;3;3;3;35;35,0;35;35;35;35;35;35;35,0;35,0;35,0;35,0;1,000000000000000;1,000000000000000;1,000000000000000;1,000000000000000;1,000000000000000;1,000000000000000;1,000000000000000;1,000000000000000;1,000000000000000;1,000000000000000;1,000000000000000
2022-12-14;60+;17;17,0;17;17;17;17;17;17;17;17;17;17;97;97,0;97;97;97;97;97;97;97,0;97,0;97,0;97,0;1,000000000000000;1,000000000000000;1,000000000000000;1,000000000000000;1,000000000000000;1,000000000000000;1,000000000000000;1,000000000000000;1,000000000000000;1,000000000000000;1,000000000000000
2022-12-14;alle;20;20,0;20;20;20;20;20;20;20;20;20;20;132;132,0;132;132;132;132;132;132;132,0;132,0;132,0;132,0;NA;NA;NA;NA;NA;NA;NA;NA;NA;NA;NA
2022-12-13;0-60;12;12,0;12;12;12;12;12;12;12;12;12;12;41;41,0;41;41;41;41;41;41;41,0;41,0;41,0;41,0;1,000000000000000;1,000000000000000;1,000000000000000;1,000000000000000;1,000000000000000;1,000000000000000;1,000000000000000;1,000000000000000;1,000000000000000;1,000000000000000;1,000000000000000
2022-12-13;60+;33;33,0;33;33;33;33;33;33;33;33;33;33;97;97,0;97;97;97;97;97;97;97,0;97,0;97,0;97,0;1,000000000000000;1,000000000000000;1,000000000000000;1,000000000000000;1,000000000000000;1,000000000000000;1,000000000000000;1,000000000000000;1,000000000000000;1,000000000000000;1,000000000000000
2022-12-13;alle;45;45,0;45;45;45;45;45;45;45;45;45;45;138;138,0;138;138;138;138;138;138;138,0;138,0;138,0;138,0;NA;NA;NA;NA;NA;NA;NA;NA;NA;NA;NA
2022-12-12;0-60;0;0,0;0;0;0;0;0;0;0;0;0;0;33;33,0;33;33;33;33;33;33;33,0;33,0;33,0;33,0;1,000000000000000;1,000000000000000;1,000000000000000;1,000000000000000;1,000000000000000;1,000000000000000;1,000000000000000;1,000000000000000;1,000000000000000;1,000000000000000;1,000000000000000
2022-12-12;60+;0;0,0;0;0;0;0;0;0;0;0;0;0;98;98,0;98;98;98;98;98;98;98,0;98,0;98,0;98,0;1,000000000000000;1,000000000000000;1,000000000000000;1,000000000000000;1,000000000000000;1,000000000000000;1,000000000000000;1,000000000000000;1,000000000000000;1,000000000000000;1,000000000000000
2022-12-12;alle;0;0,0;0;0;0;0;0;0;0;0;0;0;131;131,0;131;131;131;131;131;131;131,0;131,0;131,0;131,0;NA;NA;NA;NA;NA;NA;NA;NA;NA;NA;NA
2022-12-11;0-60;0;0,0;0;0;0;0;0;0;0;0;0;0;33;33,0;33;33;33;33;33;33;33,0;33,0;33,0;33,0;1,000000000000000;1,000000000000000;1,000000000000000;1,000000000000000;1,000000000000000;1,000000000000000;1,000000000000000;1,000000000000000;1,000000000000000;1,000000000000000;1,000000000000000
2022-12-11;60+;0;0,0;0;0;0;0;0;0;0;0;0;0;98;98,0;98;98;98;98;98;98;98,0;98,0;98,0;98,0;1,000000000000000;1,000000000000000;1,000000000000000;1,000000000000000;1,000000000000000;1,000000000000000;1,000000000000000;1,000000000000000;1,000000000000000;1,000000000000000;1,000000000000000
2022-12-11;alle;0;0,0;0;0;0;0;0;0;0;0;0;0;131;131,0;131;131;131;131;131;131;131,0;131,0;131,0;131,0;NA;NA;NA;NA;NA;NA;NA;NA;NA;NA;NA
2022-12-10;0-60;2;2,0;2;2;2;2;2;2;2;2;2;2;33;33,0;33;33;33;33;33;33;33,0;33,0;33,0;33,0;1,000000000000000;1,000000000000000;1,000000000000000;1,000000000000000;1,000000000000000;1,000000000000000;1,000000000000000;1,000000000000000;1,000000000000000;1,000000000000000;1,000000000000000
2022-12-10;60+;13;13,0;13;13;13;13;13;13;13;13;13;13;98;98,0;98;98;98;98;98;98;98,0;98,0;98,0;98,0;1,000000000000000;1,000000000000000;1,000000000000000;1,000000000000000;1,000000000000000;1,000000000000000;1,000000000000000;1,000000000000000;1,000000000000000;1,000000000000000;1,000000000000000
2022-12-10;alle;15;15,0;15;15;15;15;15;15;15;15;15;15;131;131,0;131;131;131;131;131;131;131,0;131,0;131,0;131,0;NA;NA;NA;NA;NA;NA;NA;NA;NA;NA;NA
2022-12-09;0-60;3;3,0;3;3;3;3;3;3;3;3;3;3;36;36,0;36;36;36;36;36;36;36,0;36,0;36,0;36,0;1,000000000000000;1,000000000000000;1,000000000000000;1,000000000000000;1,000000000000000;1,000000000000000;1,000000000000000;1,000000000000000;1,000000000000000;1,000000000000000;1,000000000000000
2022-12-09;60+;16;16,0;16;16;16;16;16;16;16;16;16;16;96;96,0;96;96;96;96;96;96;96,0;96,0;96,0;96,0;1,000000000000000;1,000000000000000;1,000000000000000;1,000000000000000;1,000000000000000;1,000000000000000;1,000000000000000;1,000000000000000;1,000000000000000;1,000000000000000;1,000000000000000
2022-12-09;alle;19;19,0;19;19;19;19;19;19;19;19;19;19;132;132,0;132;132;132;132;132;132;132,0;132,0;132,0;132,0;NA;NA;NA;NA;NA;NA;NA;NA;NA;NA;NA
2022-12-08;0-60;15;15,0;15;15;15;15;15;15;15;15;15;15;35;35,0;35;35;35;35;35;35;35,0;35,0;35,0;35,0;1,000000000000000;1,000000000000000;1,000000000000000;1,000000000000000;1,000000000000000;1,000000000000000;1,000000000000000;1,000000000000000;1,000000000000000;1,000000000000000;1,000000000000000
2022-12-08;60+;18;18,0;18;18;18;18;18;18;18;18;18;18;90;90,0;90;90;90;90;90;90;90,0;90,0;90,0;90,0;1,000000000000000;1,000000000000000;1,000000000000000;1,000000000000000;1,000000000000000;1,000000000000000;1,000000000000000;1,000000000000000;1,000000000000000;1,000000000000000;1,000000000000000
2022-12-08;alle;33;33,0;33;33;33;33;33;33;33;33;33;33;125;125,0;125;125;125;125;125;125;125,0;125,0;125,0;125,0;NA;NA;NA;NA;NA;NA;NA;NA;NA;NA;NA
2022-12-07;0-60;9;9,0;9;9;9;9;9;9;9;9;9;9;29;29,0;29;29;29;29;29;29;29,0;29,0;29,0;29,0;1,000000000000000;1,000000000000000;1,000000000000000;1,000000000000000;1,000000000000000;1,000000000000000;1,000000000000000;1,000000000000000;1,000000000000000;1,000000000000000;1,000000000000000
2022-12-07;60+;17;17,0;17;17;17;17;17;17;17;17;17;17;82;82,0;82;82;82;82;82;82;82,0;82,0;82,0;82,0;1,000000000000000;1,000000000000000;1,000000000000000;1,000000000000000;1,000000000000000;1,000000000000000;1,000000000000000;1,000000000000000;1,000000000000000;1,000000000000000;1,000000000000000
2022-12-07;alle;26;26,0;26;26;26;26;26;26;26;26;26;26;111;111,0;111;111;111;111;111;111;111,0;111,0;111,0;111,0;NA;NA;NA;NA;NA;NA;NA;NA;NA;NA;NA
2022-12-06;0-60;4;4,0;4;4;4;4;4;4;4;4;4;4;34;34,0;34;34;34;34;34;34;34,0;34,0;34,0;34,0;1,000000000000000;1,000000000000000;1,000000000000000;1,000000000000000;1,000000000000000;1,000000000000000;1,000000000000000;1,000000000000000;1,000000000000000;1,000000000000000;1,000000000000000
2022-12-06;60+;34;34,0;34;34;34;34;34;34;34;34;34;34;86;86,0;86;86;86;86;86;86;86,0;86,0;86,0;86,0;1,000000000000000;1,000000000000000;1,000000000000000;1,000000000000000;1,000000000000000;1,000000000000000;1,000000000000000;1,000000000000000;1,000000000000000;1,000000000000000;1,000000000000000
2022-12-06;alle;38;38,0;38;38;38;38;38;38;38;38;38;38;120;120,0;120;120;120;120;120;120;120,0;120,0;120,0;120,0;NA;NA;NA;NA;NA;NA;NA;NA;NA;NA;NA
2022-12-05;0-60;0;0,0;0;0;0;0;0;0;0;0;0;0;44;44,0;44;44;44;44;44;44;44,0;44,0;44,0;44,0;1,000000000000000;1,000000000000000;1,000000000000000;1,000000000000000;1,000000000000000;1,000000000000000;1,000000000000000;1,000000000000000;1,000000000000000;1,000000000000000;1,000000000000000
2022-12-05;60+;0;0,0;0;0;0;0;0;0;0;0;0;0;86;86,0;86;86;86;86;86;86;86,0;86,0;86,0;86,0;1,000000000000000;1,000000000000000;1,000000000000000;1,000000000000000;1,000000000000000;1,000000000000000;1,000000000000000;1,000000000000000;1,000000000000000;1,000000000000000;1,000000000000000
2022-12-05;alle;0;0,0;0;0;0;0;0;0;0;0;0;0;130;130,0;130;130;130;130;130;130;130,0;130,0;130,0;130,0;NA;NA;NA;NA;NA;NA;NA;NA;NA;NA;NA
2022-12-04;0-60;0;0,0;0;0;0;0;0;0;0;0;0;0;44;44,0;44;44;44;44;44;44;44,0;44,0;44,0;44,0;1,000000000000000;1,000000000000000;1,000000000000000;1,000000000000000;1,000000000000000;1,000000000000000;1,000000000000000;1,000000000000000;1,000000000000000;1,000000000000000;1,000000000000000
2022-12-04;60+;0;0,0;0;0;0;0;0;0;0;0;0;0;87;87,0;87;87;87;87;87;87;87,0;87,0;87,0;87,0;1,000000000000000;1,000000000000000;1,000000000000000;1,000000000000000;1,000000000000000;1,000000000000000;1,000000000000000;1,000000000000000;1,000000000000000;1,000000000000000;1,000000000000000
2022-12-04;alle;0;0,0;0;0;0;0;0;0;0;0;0;0;131;131,0;131;131;131;131;131;131;131,0;131,0;131,0;131,0;NA;NA;NA;NA;NA;NA;NA;NA;NA;NA;NA
2022-12-03;0-60;5;5,0;5;5;5;5;5;5;5;5;5;5;44;44,0;44;44;44;44;44;44;44,0;44,0;44,0;44,0;1,000000000000000;1,000000000000000;1,000000000000000;1,000000000000000;1,000000000000000;1,000000000000000;1,000000000000000;1,000000000000000;1,000000000000000;1,000000000000000;1,000000000000000
2022-12-03;60+;11;11,0;11;11;11;11;11;11;11;11;11;11;87;87,0;87;87;87;87;87;87;87,0;87,0;87,0;87,0;1,000000000000000;1,000000000000000;1,000000000000000;1,000000000000000;1,000000000000000;1,000000000000000;1,000000000000000;1,000000000000000;1,000000000000000;1,000000000000000;1,000000000000000
2022-12-03;alle;16;16,0;16;16;16;16;16;16;16;16;16;16;131;131,0;131;131;131;131;131;131;131,0;131,0;131,0;131,0;NA;NA;NA;NA;NA;NA;NA;NA;NA;NA;NA
2022-12-02;0-60;2;2,0;2;2;2;2;2;2;2;2;2;2;42;42,0;42;42;42;42;42;42;42,0;42,0;42,0;42,0;1,000000000000000;1,000000000000000;1,000000000000000;1,000000000000000;1,000000000000000;1,000000000000000;1,000000000000000;1,000000000000000;1,000000000000000;1,000000000000000;1,000000000000000
2022-12-02;60+;10;10,0;10;10;10;10;10;10;10;10;10;10;85;85,0;85;85;85;85;85;85;85,0;85,0;85,0;85,0;1,000000000000000;1,000000000000000;1,000000000000000;1,000000000000000;1,000000000000000;1,000000000000000;1,000000000000000;1,000000000000000;1,000000000000000;1,000000000000000;1,000000000000000
2022-12-02;alle;12;12,0;12;12;12;12;12;12;12;12;12;12;127;127,0;127;127;127;127;127;127;127,0;127,0;127,0;127,0;NA;NA;NA;NA;NA;NA;NA;NA;NA;NA;NA
2022-12-01;0-60;9;9,0;9;9;9;9;9;9;9;9;9;9;40;40,0;40;40;40;40;40;40;40,0;40,0;40,0;40,0;1,000000000000000;1,000000000000000;1,000000000000000;1,000000000000000;1,000000000000000;1,000000000000000;1,000000000000000;1,000000000000000;1,000000000000000;1,000000000000000;1,000000000000000
2022-12-01;60+;10;10,0;10;10;10;10;10;10;10;10;10;10;79;79,0;79;79;79;79;79;79;79,0;79,0;79,0;79,0;1,000000000000000;1,000000000000000;1,000000000000000;1,000000000000000;1,000000000000000;1,000000000000000;1,000000000000000;1,000000000000000;1,000000000000000;1,000000000000000;1,000000000000000
2022-12-01;alle;19;19,0;19;19;19;19;19;19;19;19;19;19;119;119,0;119;119;119;119;119;119;119,0;119,0;119,0;119,0;NA;NA;NA;NA;NA;NA;NA;NA;NA;NA;NA
2022-11-30;0-60;14;14,0;14;14;14;14;14;14;14;14;14;14;41;41,0;41;41;41;41;41;41;41,0;41,0;41,0;41,0;1,000000000000000;1,000000000000000;1,000000000000000;1,000000000000000;1,000000000000000;1,000000000000000;1,000000000000000;1,000000000000000;1,000000000000000;1,000000000000000;1,000000000000000
2022-11-30;60+;21;21,0;21;21;21;21;21;21;21;21;21;21;79;79,0;79;79;79;79;79;79;79,0;79,0;79,0;79,0;1,000000000000000;1,000000000000000;1,000000000000000;1,000000000000000;1,000000000000000;1,000000000000000;1,000000000000000;1,000000000000000;1,000000000000000;1,000000000000000;1,000000000000000
2022-11-30;alle;35;35,0;35;35;35;35;35;35;35;35;35;35;120;120,0;120;120;120;120;120;120;120,0;120,0;120,0;120,0;NA;NA;NA;NA;NA;NA;NA;NA;NA;NA;NA
2022-11-29;0-60;14;14,0;14;14;14;14;14;14;14;14;14;14;31;31,0;31;31;31;31;31;31;31,0;31,0;31,0;31,0;1,000000000000000;1,000000000000000;1,000000000000000;1,000000000000000;1,000000000000000;1,000000000000000;1,000000000000000;1,000000000000000;1,000000000000000;1,000000000000000;1,000000000000000
2022-11-29;60+;34;34,0;34;34;34;34;34;34;34;34;34;34;64;64,0;64;64;64;64;64;64;64,0;64,0;64,0;64,0;1,000000000000000;1,000000000000000;1,000000000000000;1,000000000000000;1,000000000000000;1,000000000000000;1,000000000000000;1,000000000000000;1,000000000000000;1,000000000000000;1,000000000000000
2022-11-29;alle;48;48,0;48;48;48;48;48;48;48;48;48;48;95;95,0;95;95;95;95;95;95;95,0;95,0;95,0;95,0;NA;NA;NA;NA;NA;NA;NA;NA;NA;NA;NA
2022-11-28;0-60;0;0,0;0;0;0;0;0;0;0;0;0;0;23;23,0;23;23;23;23;23;23;23,0;23,0;23,0;23,0;1,000000000000000;1,000000000000000;1,000000000000000;1,000000000000000;1,000000000000000;1,000000000000000;1,000000000000000;1,000000000000000;1,000000000000000;1,000000000000000;1,000000000000000
2022-11-28;60+;1;1,0;1;1;1;1;1;1;1;1;1;1;49;49,0;49;49;49;49;49;49;49,0;49,0;49,0;49,0;1,000000000000000;1,000000000000000;1,000000000000000;1,000000000000000;1,000000000000000;1,000000000000000;1,000000000000000;1,000000000000000;1,000000000000000;1,000000000000000;1,000000000000000
2022-11-28;alle;1;1,0;1;1;1;1;1;1;1;1;1;1;72;72,0;72;72;72;72;72;72;72,0;72,0;72,0;72,0;NA;NA;NA;NA;NA;NA;NA;NA;NA;NA;NA
2022-11-27;0-60;0;0,0;0;0;0;0;0;0;0;0;0;0;23;23,0;23;23;23;23;23;23;23,0;23,0;23,0;23,0;1,000000000000000;1,000000000000000;1,000000000000000;1,000000000000000;1,000000000000000;1,000000000000000;1,000000000000000;1,000000000000000;1,000000000000000;1,000000000000000;1,000000000000000
2022-11-27;60+;0;0,0;0;0;0;0;0;0;0;0;0;0;48;48,0;48;48;48;48;48;48;48,0;48,0;48,0;48,0;1,000000000000000;1,000000000000000;1,000000000000000;1,000000000000000;1,000000000000000;1,000000000000000;1,000000000000000;1,000000000000000;1,000000000000000;1,000000000000000;1,000000000000000
2022-11-27;alle;0;0,0;0;0;0;0;0;0;0;0;0;0;71;71,0;71;71;71;71;71;71;71,0;71,0;71,0;71,0;NA;NA;NA;NA;NA;NA;NA;NA;NA;NA;NA
2022-11-26;0-60;3;3,0;3;3;3;3;3;3;3;3;3;3;23;23,0;23;23;23;23;23;23;23,0;23,0;23,0;23,0;1,000000000000000;1,000000000000000;1,000000000000000;1,000000000000000;1,000000000000000;1,000000000000000;1,000000000000000;1,000000000000000;1,000000000000000;1,000000000000000;1,000000000000000
2022-11-26;60+;9;9,0;9;9;9;9;9;9;9;9;9;9;48;48,0;48;48;48;48;48;48;48,0;48,0;48,0;48,0;1,000000000000000;1,000000000000000;1,000000000000000;1,000000000000000;1,000000000000000;1,000000000000000;1,000000000000000;1,000000000000000;1,000000000000000;1,000000000000000;1,000000000000000
2022-11-26;alle;12;12,0;12;12;12;12;12;12;12;12;12;12;71;71,0;71;71;71;71;71;71;71,0;71,0;71,0;71,0;NA;NA;NA;NA;NA;NA;NA;NA;NA;NA;NA
2022-11-25;0-60;0;0,0;0;0;0;0;0;0;0;0;0;0;20;20,0;20;20;20;20;20;20;20,0;20,0;20,0;20,0;1,000000000000000;1,000000000000000;1,000000000000000;1,000000000000000;1,000000000000000;1,000000000000000;1,000000000000000;1,000000000000000;1,000000000000000;1,000000000000000;1,000000000000000
2022-11-25;60+;4;4,0;4;4;4;4;4;4;4;4;4;4;44;44,0;44;44;44;44;44;44;44,0;44,0;44,0;44,0;1,000000000000000;1,000000000000000;1,000000000000000;1,000000000000000;1,000000000000000;1,000000000000000;1,000000000000000;1,000000000000000;1,000000000000000;1,000000000000000;1,000000000000000
2022-11-25;alle;4;4,0;4;4;4;4;4;4;4;4;4;4;64;64,0;64;64;64;64;64;64;64,0;64,0;64,0;64,0;NA;NA;NA;NA;NA;NA;NA;NA;NA;NA;NA
2022-11-24;0-60;10;10,0;10;10;10;10;10;10;10;10;10;10;29;29,0;29;29;29;29;29;29;29,0;29,0;29,0;29,0;1,000000000000000;1,000000000000000;1,000000000000000;1,000000000000000;1,000000000000000;1,000000000000000;1,000000000000000;1,000000000000000;1,000000000000000;1,000000000000000;1,000000000000000
2022-11-24;60+;10;10,0;10;10;10;10;10;10;10;10;10;10;45;45,0;45;45;45;45;45;45;45,0;45,0;45,0;45,0;1,000000000000000;1,000000000000000;1,000000000000000;1,000000000000000;1,000000000000000;1,000000000000000;1,000000000000000;1,000000000000000;1,000000000000000;1,000000000000000;1,000000000000000
2022-11-24;alle;20;20,0;20;20;20;20;20;20;20;20;20;20;74;74,0;74;74;74;74;74;74;74,0;74,0;74,0;74,0;NA;NA;NA;NA;NA;NA;NA;NA;NA;NA;NA
2022-11-23;0-60;4;4,0;4;4;4;4;4;4;4;4;4;4;20;20,0;20;20;20;20;20;20;20,0;20,0;20,0;20,0;1,000000000000000;1,000000000000000;1,000000000000000;1,000000000000000;1,000000000000000;1,000000000000000;1,000000000000000;1,000000000000000;1,000000000000000;1,000000000000000;1,000000000000000
2022-11-23;60+;6;6,0;6;6;6;6;6;6;6;6;6;6;39;39,0;39;39;39;39;39;39;39,0;39,0;39,0;39,0;1,000000000000000;1,000000000000000;1,000000000000000;1,000000000000000;1,000000000000000;1,000000000000000;1,000000000000000;1,000000000000000;1,000000000000000;1,000000000000000;1,000000000000000
2022-11-23;alle;10;10,0;10;10;10;10;10;10;10;10;10;10;59;59,0;59;59;59;59;59;59;59,0;59,0;59,0;59,0;NA;NA;NA;NA;NA;NA;NA;NA;NA;NA;NA
2022-11-22;0-60;6;6,0;6;6;6;6;6;6;6;6;6;6;17;17,0;17;17;17;17;17;17;17,0;17,0;17,0;17,0;1,000000000000000;1,000000000000000;1,000000000000000;1,000000000000000;1,000000000000000;1,000000000000000;1,000000000000000;1,000000000000000;1,000000000000000;1,000000000000000;1,000000000000000
2022-11-22;60+;19;19,0;19;19;19;19;19;19;19;19;19;19;40;40,0;40;40;40;40;40;40;40,0;40,0;40,0;40,0;1,000000000000000;1,000000000000000;1,000000000000000;1,000000000000000;1,000000000000000;1,000000000000000;1,000000000000000;1,000000000000000;1,000000000000000;1,000000000000000;1,000000000000000
2022-11-22;alle;25;25,0;25;25;25;25;25;25;25;25;25;25;57;57,0;57;57;57;57;57;57;57,0;57,0;57,0;57,0;NA;NA;NA;NA;NA;NA;NA;NA;NA;NA;NA
2022-11-21;0-60;0;0,0;0;0;0;0;0;0;0;0;0;0;15;15,0;15;15;15;15;15;15;15,0;15,0;15,0;15,0;1,000000000000000;1,000000000000000;1,000000000000000;1,000000000000000;1,000000000000000;1,000000000000000;1,000000000000000;1,000000000000000;1,000000000000000;1,000000000000000;1,000000000000000
2022-11-21;60+;0;0,0;0;0;0;0;0;0;0;0;0;0;35;35,0;35;35;35;35;35;35;35,0;35,0;35,0;35,0;1,000000000000000;1,000000000000000;1,000000000000000;1,000000000000000;1,000000000000000;1,000000000000000;1,000000000000000;1,000000000000000;1,000000000000000;1,000000000000000;1,000000000000000
2022-11-21;alle;0;0,0;0;0;0;0;0;0;0;0;0;0;50;50,0;50;50;50;50;50;50;50,0;50,0;50,0;50,0;NA;NA;NA;NA;NA;NA;NA;NA;NA;NA;NA
2022-11-20;0-60;0;0,0;0;0;0;0;0;0;0;0;0;0;15;15,0;15;15;15;15;15;15;15,0;15,0;15,0;15,0;1,000000000000000;1,000000000000000;1,000000000000000;1,000000000000000;1,000000000000000;1,000000000000000;1,000000000000000;1,000000000000000;1,000000000000000;1,000000000000000;1,000000000000000
2022-11-20;60+;0;0,0;0;0;0;0;0;0;0;0;0;0;35;35,0;35;35;35;35;35;35;35,0;35,0;35,0;35,0;1,000000000000000;1,000000000000000;1,000000000000000;1,000000000000000;1,000000000000000;1,000000000000000;1,000000000000000;1,000000000000000;1,000000000000000;1,000000000000000;1,000000000000000
2022-11-20;alle;0;0,0;0;0;0;0;0;0;0;0;0;0;50;50,0;50;50;50;50;50;50;50,0;50,0;50,0;50,0;NA;NA;NA;NA;NA;NA;NA;NA;NA;NA;NA
2022-11-19;0-60;0;0,0;0;0;0;0;0;0;0;0;0;0;15;15,0;15;15;15;15;15;15;15,0;15,0;15,0;15,0;1,000000000000000;1,000000000000000;1,000000000000000;1,000000000000000;1,000000000000000;1,000000000000000;1,000000000000000;1,000000000000000;1,000000000000000;1,000000000000000;1,000000000000000
2022-11-19;60+;5;5,0;5;5;5;5;5;5;5;5;5;5;35;35,0;35;35;35;35;35;35;35,0;35,0;35,0;35,0;1,000000000000000;1,000000000000000;1,000000000000000;1,000000000000000;1,000000000000000;1,000000000000000;1,000000000000000;1,000000000000000;1,000000000000000;1,000000000000000;1,000000000000000
2022-11-19;alle;5;5,0;5;5;5;5;5;5;5;5;5;5;50;50,0;50;50;50;50;50;50;50,0;50,0;50,0;50,0;NA;NA;NA;NA;NA;NA;NA;NA;NA;NA;NA
2022-11-18;0-60;9;9,0;9;9;9;9;9;9;9;9;9;9;15;15,0;15;15;15;15;15;15;15,0;15,0;15,0;15,0;1,000000000000000;1,000000000000000;1,000000000000000;1,000000000000000;1,000000000000000;1,000000000000000;1,000000000000000;1,000000000000000;1,000000000000000;1,000000000000000;1,000000000000000
2022-11-18;60+;5;5,0;5;5;5;5;5;5;5;5;5;5;35;35,0;35;35;35;35;35;35;35,0;35,0;35,0;35,0;1,000000000000000;1,000000000000000;1,000000000000000;1,000000000000000;1,000000000000000;1,000000000000000;1,000000000000000;1,000000000000000;1,000000000000000;1,000000000000000;1,000000000000000
2022-11-18;alle;14;14,0;14;14;14;14;14;14;14;14;14;14;50;50,0;50;50;50;50;50;50;50,0;50,0;50,0;50,0;NA;NA;NA;NA;NA;NA;NA;NA;NA;NA;NA
2022-11-17;0-60;1;1,0;1;1;1;1;1;1;1;1;1;1;7;7,0;7;7;7;7;7;7;7,0;7,0;7,0;7,0;1,000000000000000;1,000000000000000;1,000000000000000;1,000000000000000;1,000000000000000;1,000000000000000;1,000000000000000;1,000000000000000;1,000000000000000;1,000000000000000;1,000000000000000
2022-11-17;60+;4;4,0;4;4;4;4;4;4;4;4;4;4;33;33,0;33;33;33;33;33;33;33,0;33,0;33,0;33,0;1,000000000000000;1,000000000000000;1,000000000000000;1,000000000000000;1,000000000000000;1,000000000000000;1,000000000000000;1,000000000000000;1,000000000000000;1,000000000000000;1,000000000000000
2022-11-17;alle;5;5,0;5;5;5;5;5;5;5;5;5;5;40;40,0;40;40;40;40;40;40;40,0;40,0;40,0;40,0;NA;NA;NA;NA;NA;NA;NA;NA;NA;NA;NA
2022-11-16;0-60;1;1,0;1;1;1;1;1;1;1;1;1;1;6;6,0;6;6;6;6;6;6;6,0;6,0;6,0;6,0;1,000000000000000;1,000000000000000;1,000000000000000;1,000000000000000;1,000000000000000;1,000000000000000;1,000000000000000;1,000000000000000;1,000000000000000;1,000000000000000;1,000000000000000
2022-11-16;60+;7;7,0;7;7;7;7;7;7;7;7;7;7;33;33,0;33;33;33;33;33;33;33,0;33,0;33,0;33,0;1,000000000000000;1,000000000000000;1,000000000000000;1,000000000000000;1,000000000000000;1,000000000000000;1,000000000000000;1,000000000000000;1,000000000000000;1,000000000000000;1,000000000000000
2022-11-16;alle;8;8,0;8;8;8;8;8;8;8;8;8;8;39;39,0;39;39;39;39;39;39;39,0;39,0;39,0;39,0;NA;NA;NA;NA;NA;NA;NA;NA;NA;NA;NA
2022-11-15;0-60;4;4,0;4;4;4;4;4;4;4;4;4;4;6;6,0;6;6;6;6;6;6;6,0;6,0;6,0;6,0;1,000000000000000;1,000000000000000;1,000000000000000;1,000000000000000;1,000000000000000;1,000000000000000;1,000000000000000;1,000000000000000;1,000000000000000;1,000000000000000;1,000000000000000
2022-11-15;60+;14;14,0;14;14;14;14;14;14;14;14;14;14;29;29,0;29;29;29;29;29;29;29,0;29,0;29,0;29,0;1,000000000000000;1,000000000000000;1,000000000000000;1,000000000000000;1,000000000000000;1,000000000000000;1,000000000000000;1,000000000000000;1,000000000000000;1,000000000000000;1,000000000000000
2022-11-15;alle;18;18,0;18;18;18;18;18;18;18;18;18;18;35;35,0;35;35;35;35;35;35;35,0;35,0;35,0;35,0;NA;NA;NA;NA;NA;NA;NA;NA;NA;NA;NA
2022-11-14;0-60;0;0,0;0;0;0;0;0;0;0;0;0;0;5;5,0;5;5;5;5;5;5;5,0;5,0;5,0;5,0;1,000000000000000;1,000000000000000;1,000000000000000;1,000000000000000;1,000000000000000;1,000000000000000;1,000000000000000;1,000000000000000;1,000000000000000;1,000000000000000;1,000000000000000
2022-11-14;60+;0;0,0;0;0;0;0;0;0;0;0;0;0;21;21,0;21;21;21;21;21;21;21,0;21,0;21,0;21,0;1,000000000000000;1,000000000000000;1,000000000000000;1,000000000000000;1,000000000000000;1,000000000000000;1,000000000000000;1,000000000000000;1,000000000000000;1,000000000000000;1,000000000000000
2022-11-14;alle;0;0,0;0;0;0;0;0;0;0;0;0;0;26;26,0;26;26;26;26;26;26;26,0;26,0;26,0;26,0;NA;NA;NA;NA;NA;NA;NA;NA;NA;NA;NA
2022-11-13;0-60;0;0,0;0;0;0;0;0;0;0;0;0;0;5;5,0;5;5;5;5;5;5;5,0;5,0;5,0;5,0;1,000000000000000;1,000000000000000;1,000000000000000;1,000000000000000;1,000000000000000;1,000000000000000;1,000000000000000;1,000000000000000;1,000000000000000;1,000000000000000;1,000000000000000
2022-11-13;60+;0;0,0;0;0;0;0;0;0;0;0;0;0;21;21,0;21;21;21;21;21;21;21,0;21,0;21,0;21,0;1,000000000000000;1,000000000000000;1,000000000000000;1,000000000000000;1,000000000000000;1,000000000000000;1,000000000000000;1,000000000000000;1,000000000000000;1,000000000000000;1,000000000000000
2022-11-13;alle;0;0,0;0;0;0;0;0;0;0;0;0;0;26;26,0;26;26;26;26;26;26;26,0;26,0;26,0;26,0;NA;NA;NA;NA;NA;NA;NA;NA;NA;NA;NA
2022-11-12;0-60;0;0,0;0;0;0;0;0;0;0;0;0;0;5;5,0;5;5;5;5;5;5;5,0;5,0;5,0;5,0;1,000000000000000;1,000000000000000;1,000000000000000;1,000000000000000;1,000000000000000;1,000000000000000;1,000000000000000;1,000000000000000;1,000000000000000;1,000000000000000;1,000000000000000
2022-11-12;60+;5;5,0;5;5;5;5;5;5;5;5;5;5;21;21,0;21;21;21;21;21;21;21,0;21,0;21,0;21,0;1,000000000000000;1,000000000000000;1,000000000000000;1,000000000000000;1,000000000000000;1,000000000000000;1,000000000000000;1,000000000000000;1,000000000000000;1,000000000000000;1,000000000000000
2022-11-12;alle;5;5,0;5;5;5;5;5;5;5;5;5;5;26;26,0;26;26;26;26;26;26;26,0;26,0;26,0;26,0;NA;NA;NA;NA;NA;NA;NA;NA;NA;NA;NA
2022-11-11;0-60;1;1,0;1;1;1;1;1;1;1;1;1;1;6;6,0;6;6;6;6;6;6;6,0;6,0;6,0;6,0;1,000000000000000;1,000000000000000;1,000000000000000;1,000000000000000;1,000000000000000;1,000000000000000;1,000000000000000;1,000000000000000;1,000000000000000;1,000000000000000;1,000000000000000
2022-11-11;60+;3;3,0;3;3;3;3;3;3;3;3;3;3;22;22,0;22;22;22;22;22;22;22,0;22,0;22,0;22,0;1,000000000000000;1,000000000000000;1,000000000000000;1,000000000000000;1,000000000000000;1,000000000000000;1,000000000000000;1,000000000000000;1,000000000000000;1,000000000000000;1,000000000000000
2022-11-11;alle;4;4,0;4;4;4;4;4;4;4;4;4;4;28;28,0;28;28;28;28;28;28;28,0;28,0;28,0;28,0;NA;NA;NA;NA;NA;NA;NA;NA;NA;NA;NA
2022-11-10;0-60;0;0,0;0;0;0;0;0;0;0;0;0;0;6;6,0;6;6;6;6;6;6;6,0;6,0;6,0;6,0;1,000000000000000;1,000000000000000;1,000000000000000;1,000000000000000;1,000000000000000;1,000000000000000;1,000000000000000;1,000000000000000;1,000000000000000;1,000000000000000;1,000000000000000
2022-11-10;60+;4;4,0;4;4;4;4;4;4;4;4;4;4;26;26,0;26;26;26;26;26;26;26,0;26,0;26,0;26,0;1,000000000000000;1,000000000000000;1,000000000000000;1,000000000000000;1,000000000000000;1,000000000000000;1,000000000000000;1,000000000000000;1,000000000000000;1,000000000000000;1,000000000000000
2022-11-10;alle;4;4,0;4;4;4;4;4;4;4;4;4;4;32;32,0;32;32;32;32;32;32;32,0;32,0;32,0;32,0;NA;NA;NA;NA;NA;NA;NA;NA;NA;NA;NA
2022-11-09;0-60;1;1,0;1;1;1;1;1;1;1;1;1;1;6;6,0;6;6;6;6;6;6;6,0;6,0;6,0;6,0;1,000000000000000;1,000000000000000;1,000000000000000;1,000000000000000;1,000000000000000;1,000000000000000;1,000000000000000;1,000000000000000;1,000000000000000;1,000000000000000;1,000000000000000
2022-11-09;60+;3;3,0;3;3;3;3;3;3;3;3;3;3;31;31,0;31;31;31;31;31;31;31,0;31,0;31,0;31,0;1,000000000000000;1,000000000000000;1,000000000000000;1,000000000000000;1,000000000000000;1,000000000000000;1,000000000000000;1,000000000000000;1,000000000000000;1,000000000000000;1,000000000000000
2022-11-09;alle;4;4,0;4;4;4;4;4;4;4;4;4;4;37;37,0;37;37;37;37;37;37;37,0;37,0;37,0;37,0;NA;NA;NA;NA;NA;NA;NA;NA;NA;NA;NA
2022-11-08;0-60;3;3,0;3;3;3;3;3;3;3;3;3;3;6;6,0;6;6;6;6;6;6;6,0;6,0;6,0;6,0;1,000000000000000;1,000000000000000;1,000000000000000;1,000000000000000;1,000000000000000;1,000000000000000;1,000000000000000;1,000000000000000;1,000000000000000;1,000000000000000;1,000000000000000
2022-11-08;60+;6;6,0;6;6;6;6;6;6;6;6;6;6;41;41,0;41;41;41;41;41;41;41,0;41,0;41,0;41,0;1,000000000000000;1,000000000000000;1,000000000000000;1,000000000000000;1,000000000000000;1,000000000000000;1,000000000000000;1,000000000000000;1,000000000000000;1,000000000000000;1,000000000000000
2022-11-08;alle;9;9,0;9;9;9;9;9;9;9;9;9;9;47;47,0;47;47;47;47;47;47;47,0;47,0;47,0;47,0;NA;NA;NA;NA;NA;NA;NA;NA;NA;NA;NA
2022-11-07;0-60;0;0,0;0;0;0;0;0;0;0;0;0;0;3;3,0;3;3;3;3;3;3;3,0;3,0;3,0;3,0;1,000000000000000;1,000000000000000;1,000000000000000;1,000000000000000;1,000000000000000;1,000000000000000;1,000000000000000;1,000000000000000;1,000000000000000;1,000000000000000;1,000000000000000
2022-11-07;60+;0;0,0;0;0;0;0;0;0;0;0;0;0;37;37,0;37;37;37;37;37;37;37,0;37,0;37,0;37,0;1,000000000000000;1,000000000000000;1,000000000000000;1,000000000000000;1,000000000000000;1,000000000000000;1,000000000000000;1,000000000000000;1,000000000000000;1,000000000000000;1,000000000000000
2022-11-07;alle;0;0,0;0;0;0;0;0;0;0;0;0;0;40;40,0;40;40;40;40;40;40;40,0;40,0;40,0;40,0;NA;NA;NA;NA;NA;NA;NA;NA;NA;NA;NA
2022-11-06;0-60;0;0,0;0;0;0;0;0;0;0;0;0;0;3;3,0;3;3;3;3;3;3;3,0;3,0;3,0;3,0;1,000000000000000;1,000000000000000;1,000000000000000;1,000000000000000;1,000000000000000;1,000000000000000;1,000000000000000;1,000000000000000;1,000000000000000;1,000000000000000;1,000000000000000
2022-11-06;60+;0;0,0;0;0;0;0;0;0;0;0;0;0;37;37,0;37;37;37;37;37;37;37,0;37,0;37,0;37,0;1,000000000000000;1,000000000000000;1,000000000000000;1,000000000000000;1,000000000000000;1,000000000000000;1,000000000000000;1,000000000000000;1,000000000000000;1,000000000000000;1,000000000000000
2022-11-06;alle;0;0,0;0;0;0;0;0;0;0;0;0;0;40;40,0;40;40;40;40;40;40;40,0;40,0;40,0;40,0;NA;NA;NA;NA;NA;NA;NA;NA;NA;NA;NA
2022-11-05;0-60;1;1,0;1;1;1;1;1;1;1;1;1;1;3;3,0;3;3;3;3;3;3;3,0;3,0;3,0;3,0;1,000000000000000;1,000000000000000;1,000000000000000;1,000000000000000;1,000000000000000;1,000000000000000;1,000000000000000;1,000000000000000;1,000000000000000;1,000000000000000;1,000000000000000
2022-11-05;60+;6;6,0;6;6;6;6;6;6;6;6;6;6;37;37,0;37;37;37;37;37;37;37,0;37,0;37,0;37,0;1,000000000000000;1,000000000000000;1,000000000000000;1,000000000000000;1,000000000000000;1,000000000000000;1,000000000000000;1,000000000000000;1,000000000000000;1,000000000000000;1,000000000000000
2022-11-05;alle;7;7,0;7;7;7;7;7;7;7;7;7;7;40;40,0;40;40;40;40;40;40;40,0;40,0;40,0;40,0;NA;NA;NA;NA;NA;NA;NA;NA;NA;NA;NA
2022-11-04;0-60;1;1,0;1;1;1;1;1;1;1;1;1;1;3;3,0;3;3;3;3;3;3;3,0;3,0;3,0;3,0;1,000000000000000;1,000000000000000;1,000000000000000;1,000000000000000;1,000000000000000;1,000000000000000;1,000000000000000;1,000000000000000;1,000000000000000;1,000000000000000;1,000000000000000
2022-11-04;60+;7;7,0;7;7;7;7;7;7;7;7;7;7;35;35,0;35;35;35;35;35;35;35,0;35,0;35,0;35,0;1,000000000000000;1,000000000000000;1,000000000000000;1,000000000000000;1,000000000000000;1,000000000000000;1,000000000000000;1,000000000000000;1,000000000000000;1,000000000000000;1,000000000000000
2022-11-04;alle;8;8,0;8;8;8;8;8;8;8;8;8;8;38;38,0;38;38;38;38;38;38;38,0;38,0;38,0;38,0;NA;NA;NA;NA;NA;NA;NA;NA;NA;NA;NA
2022-11-03;0-60;0;0,0;0;0;0;0;0;0;0;0;0;0;3;3,0;3;3;3;3;3;3;3,0;3,0;3,0;3,0;1,000000000000000;1,000000000000000;1,000000000000000;1,000000000000000;1,000000000000000;1,000000000000000;1,000000000000000;1,000000000000000;1,000000000000000;1,000000000000000;1,000000000000000
2022-11-03;60+;9;9,0;9;9;9;9;9;9;9;9;9;9;35;35,0;35;35;35;35;35;35;35,0;35,0;35,0;35,0;1,000000000000000;1,000000000000000;1,000000000000000;1,000000000000000;1,000000000000000;1,000000000000000;1,000000000000000;1,000000000000000;1,000000000000000;1,000000000000000;1,000000000000000
2022-11-03;alle;9;9,0;9;9;9;9;9;9;9;9;9;9;38;38,0;38;38;38;38;38;38;38,0;38,0;38,0;38,0;NA;NA;NA;NA;NA;NA;NA;NA;NA;NA;NA
2022-11-02;0-60;1;1,0;1;1;1;1;1;1;1;1;1;1;5;5,0;5;5;5;5;5;5;5,0;5,0;5,0;5,0;1,000000000000000;1,000000000000000;1,000000000000000;1,000000000000000;1,000000000000000;1,000000000000000;1,000000000000000;1,000000000000000;1,000000000000000;1,000000000000000;1,000000000000000
2022-11-02;60+;13;13,0;13;13;13;13;13;13;13;13;13;13;32;32,0;32;32;32;32;32;32;32,0;32,0;32,0;32,0;1,000000000000000;1,000000000000000;1,000000000000000;1,000000000000000;1,000000000000000;1,000000000000000;1,000000000000000;1,000000000000000;1,000000000000000;1,000000000000000;1,000000000000000
2022-11-02;alle;14;14,0;14;14;14;14;14;14;14;14;14;14;37;37,0;37;37;37;37;37;37;37,0;37,0;37,0;37,0;NA;NA;NA;NA;NA;NA;NA;NA;NA;NA;NA
2022-11-01;0-60;0;0,0;0;0;0;0;0;0;0;0;0;0;6;6,0;6;6;6;6;6;6;6,0;6,0;6,0;6,0;1,000000000000000;1,000000000000000;1,000000000000000;1,000000000000000;1,000000000000000;1,000000000000000;1,000000000000000;1,000000000000000;1,000000000000000;1,000000000000000;1,000000000000000
2022-11-01;60+;2;2,0;2;2;2;2;2;2;2;2;2;2;22;22,0;22;22;22;22;22;22;22,0;22,0;22,0;22,0;1,000000000000000;1,000000000000000;1,000000000000000;1,000000000000000;1,000000000000000;1,000000000000000;1,000000000000000;1,000000000000000;1,000000000000000;1,000000000000000;1,000000000000000
2022-11-01;alle;2;2,0;2;2;2;2;2;2;2;2;2;2;28;28,0;28;28;28;28;28;28;28,0;28,0;28,0;28,0;NA;NA;NA;NA;NA;NA;NA;NA;NA;NA;NA
2022-10-31;0-60;0;0,0;0;0;0;0;0;0;0;0;0;0;8;8,0;8;8;8;8;8;8;8,0;8,0;8,0;8,0;1,000000000000000;1,000000000000000;1,000000000000000;1,000000000000000;1,000000000000000;1,000000000000000;1,000000000000000;1,000000000000000;1,000000000000000;1,000000000000000;1,000000000000000
2022-10-31;60+;0;0,0;0;0;0;0;0;0;0;0;0;0;29;29,0;29;29;29;29;29;29;29,0;29,0;29,0;29,0;1,000000000000000;1,000000000000000;1,000000000000000;1,000000000000000;1,000000000000000;1,000000000000000;1,000000000000000;1,000000000000000;1,000000000000000;1,000000000000000;1,000000000000000
2022-10-31;alle;0;0,0;0;0;0;0;0;0;0;0;0;0;37;37,0;37;37;37;37;37;37;37,0;37,0;37,0;37,0;NA;NA;NA;NA;NA;NA;NA;NA;NA;NA;NA
2022-10-30;0-60;0;0,0;0;0;0;0;0;0;0;0;0;0;8;8,0;8;8;8;8;8;8;8,0;8,0;8,0;8,0;1,000000000000000;1,000000000000000;1,000000000000000;1,000000000000000;1,000000000000000;1,000000000000000;1,000000000000000;1,000000000000000;1,000000000000000;1,000000000000000;1,000000000000000
2022-10-30;60+;0;0,0;0;0;0;0;0;0;0;0;0;0;29;29,0;29;29;29;29;29;29;29,0;29,0;29,0;29,0;1,000000000000000;1,000000000000000;1,000000000000000;1,000000000000000;1,000000000000000;1,000000000000000;1,000000000000000;1,000000000000000;1,000000000000000;1,000000000000000;1,000000000000000
2022-10-30;alle;0;0,0;0;0;0;0;0;0;0;0;0;0;37;37,0;37;37;37;37;37;37;37,0;37,0;37,0;37,0;NA;NA;NA;NA;NA;NA;NA;NA;NA;NA;NA
2022-10-29;0-60;1;1,0;1;1;1;1;1;1;1;1;1;1;8;8,0;8;8;8;8;8;8;8,0;8,0;8,0;8,0;1,000000000000000;1,000000000000000;1,000000000000000;1,000000000000000;1,000000000000000;1,000000000000000;1,000000000000000;1,000000000000000;1,000000000000000;1,000000000000000;1,000000000000000
2022-10-29;60+;4;4,0;4;4;4;4;4;4;4;4;4;4;29;29,0;29;29;29;29;29;29;29,0;29,0;29,0;29,0;1,000000000000000;1,000000000000000;1,000000000000000;1,000000000000000;1,000000000000000;1,000000000000000;1,000000000000000;1,000000000000000;1,000000000000000;1,000000000000000;1,000000000000000
2022-10-29;alle;5;5,0;5;5;5;5;5;5;5;5;5;5;37;37,0;37;37;37;37;37;37;37,0;37,0;37,0;37,0;NA;NA;NA;NA;NA;NA;NA;NA;NA;NA;NA
2022-10-28;0-60;1;1,0;1;1;1;1;1;1;1;1;1;1;9;9,0;9;9;9;9;9;9;9,0;9,0;9,0;9,0;1,000000000000000;1,000000000000000;1,000000000000000;1,000000000000000;1,000000000000000;1,000000000000000;1,000000000000000;1,000000000000000;1,000000000000000;1,000000000000000;1,000000000000000
2022-10-28;60+;7;7,0;7;7;7;7;7;7;7;7;7;7;31;31,0;31;31;31;31;31;31;31,0;31,0;31,0;31,0;1,000000000000000;1,000000000000000;1,000000000000000;1,000000000000000;1,000000000000000;1,000000000000000;1,000000000000000;1,000000000000000;1,000000000000000;1,000000000000000;1,000000000000000
2022-10-28;alle;8;8,0;8;8;8;8;8;8;8;8;8;8;40;40,0;40;40;40;40;40;40;40,0;40,0;40,0;40,0;NA;NA;NA;NA;NA;NA;NA;NA;NA;NA;NA
2022-10-27;0-60;2;2,0;2;2;2;2;2;2;2;2;2;2;9;9,0;9;9;9;9;9;9;9,0;9,0;9,0;9,0;1,000000000000000;1,000000000000000;1,000000000000000;1,000000000000000;1,000000000000000;1,000000000000000;1,000000000000000;1,000000000000000;1,000000000000000;1,000000000000000;1,000000000000000
2022-10-27;60+;6;6,0;6;6;6;6;6;6;6;6;6;6;29;29,0;29;29;29;29;29;29;29,0;29,0;29,0;29,0;1,000000000000000;1,000000000000000;1,000000000000000;1,000000000000000;1,000000000000000;1,000000000000000;1,000000000000000;1,000000000000000;1,000000000000000;1,000000000000000;1,000000000000000
2022-10-27;alle;8;8,0;8;8;8;8;8;8;8;8;8;8;38;38,0;38;38;38;38;38;38;38,0;38,0;38,0;38,0;NA;NA;NA;NA;NA;NA;NA;NA;NA;NA;NA
2022-10-26;0-60;2;2,0;2;2;2;2;2;2;2;2;2;2;9;9,0;9;9;9;9;9;9;9,0;9,0;9,0;9,0;1,000000000000000;1,000000000000000;1,000000000000000;1,000000000000000;1,000000000000000;1,000000000000000;1,000000000000000;1,000000000000000;1,000000000000000;1,000000000000000;1,000000000000000
2022-10-26;60+;3;3,0;3;3;3;3;3;3;3;3;3;3;33;33,0;33;33;33;33;33;33;33,0;33,0;33,0;33,0;1,000000000000000;1,000000000000000;1,000000000000000;1,000000000000000;1,000000000000000;1,000000000000000;1,000000000000000;1,000000000000000;1,000000000000000;1,000000000000000;1,000000000000000
2022-10-26;alle;5;5,0;5;5;5;5;5;5;5;5;5;5;42;42,0;42;42;42;42;42;42;42,0;42,0;42,0;42,0;NA;NA;NA;NA;NA;NA;NA;NA;NA;NA;NA
2022-10-25;0-60;2;2,0;2;2;2;2;2;2;2;2;2;2;8;8,0;8;8;8;8;8;8;8,0;8,0;8,0;8,0;1,000000000000000;1,000000000000000;1,000000000000000;1,000000000000000;1,000000000000000;1,000000000000000;1,000000000000000;1,000000000000000;1,000000000000000;1,000000000000000;1,000000000000000
2022-10-25;60+;9;9,0;9;9;9;9;9;9;9;9;9;9;36;36,0;36;36;36;36;36;36;36,0;36,0;36,0;36,0;1,000000000000000;1,000000000000000;1,000000000000000;1,000000000000000;1,000000000000000;1,000000000000000;1,000000000000000;1,000000000000000;1,000000000000000;1,000000000000000;1,000000000000000
2022-10-25;alle;11;11,0;11;11;11;11;11;11;11;11;11;11;44;44,0;44;44;44;44;44;44;44,0;44,0;44,0;44,0;NA;NA;NA;NA;NA;NA;NA;NA;NA;NA;NA
2022-10-24;0-60;0;0,0;0;0;0;0;0;0;0;0;0;0;16;16,0;16;16;16;16;16;16;16,0;16,0;16,0;16,0;1,000000000000000;1,000000000000000;1,000000000000000;1,000000000000000;1,000000000000000;1,000000000000000;1,000000000000000;1,000000000000000;1,000000000000000;1,000000000000000;1,000000000000000
2022-10-24;60+;0;0,0;0;0;0;0;0;0;0;0;0;0;43;43,0;43;43;43;43;43;43;43,0;43,0;43,0;43,0;1,000000000000000;1,000000000000000;1,000000000000000;1,000000000000000;1,000000000000000;1,000000000000000;1,000000000000000;1,000000000000000;1,000000000000000;1,000000000000000;1,000000000000000
2022-10-24;alle;0;0,0;0;0;0;0;0;0;0;0;0;0;59;59,0;59;59;59;59;59;59;59,0;59,0;59,0;59,0;NA;NA;NA;NA;NA;NA;NA;NA;NA;NA;NA
2022-10-23;0-60;0;0,0;0;0;0;0;0;0;0;0;0;0;16;16,0;16;16;16;16;16;16;16,0;16,0;16,0;16,0;1,000000000000000;1,000000000000000;1,000000000000000;1,000000000000000;1,000000000000000;1,000000000000000;1,000000000000000;1,000000000000000;1,000000000000000;1,000000000000000;1,000000000000000
2022-10-23;60+;0;0,0;0;0;0;0;0;0;0;0;0;0;44;44,0;44;44;44;44;44;44;44,0;44,0;44,0;44,0;1,000000000000000;1,000000000000000;1,000000000000000;1,000000000000000;1,000000000000000;1,000000000000000;1,000000000000000;1,000000000000000;1,000000000000000;1,000000000000000;1,000000000000000
2022-10-23;alle;0;0,0;0;0;0;0;0;0;0;0;0;0;60;60,0;60;60;60;60;60;60;60,0;60,0;60,0;60,0;NA;NA;NA;NA;NA;NA;NA;NA;NA;NA;NA
2022-10-22;0-60;2;2,0;2;2;2;2;2;2;2;2;2;2;16;16,0;16;16;16;16;16;16;16,0;16,0;16,0;16,0;1,000000000000000;1,000000000000000;1,000000000000000;1,000000000000000;1,000000000000000;1,000000000000000;1,000000000000000;1,000000000000000;1,000000000000000;1,000000000000000;1,000000000000000
2022-10-22;60+;6;6,0;6;6;6;6;6;6;6;6;6;6;45;45,0;45;45;45;45;45;45;45,0;45,0;45,0;45,0;1,000000000000000;1,000000000000000;1,000000000000000;1,000000000000000;1,000000000000000;1,000000000000000;1,000000000000000;1,000000000000000;1,000000000000000;1,000000000000000;1,000000000000000
2022-10-22;alle;8;8,0;8;8;8;8;8;8;8;8;8;8;61;61,0;61;61;61;61;61;61;61,0;61,0;61,0;61,0;NA;NA;NA;NA;NA;NA;NA;NA;NA;NA;NA
2022-10-21;0-60;1;1,0;1;1;1;1;1;1;1;1;1;1;16;16,0;16;16;16;16;16;16;16,0;16,0;16,0;16,0;1,000000000000000;1,000000000000000;1,000000000000000;1,000000000000000;1,000000000000000;1,000000000000000;1,000000000000000;1,000000000000000;1,000000000000000;1,000000000000000;1,000000000000000
2022-10-21;60+;5;5,0;5;5;5;5;5;5;5;5;5;5;48;48,0;48;48;48;48;48;48;48,0;48,0;48,0;48,0;1,000000000000000;1,000000000000000;1,000000000000000;1,000000000000000;1,000000000000000;1,000000000000000;1,000000000000000;1,000000000000000;1,000000000000000;1,000000000000000;1,000000000000000
2022-10-21;alle;6;6,0;6;6;6;6;6;6;6;6;6;6;64;64,0;64;64;64;64;64;64;64,0;64,0;64,0;64,0;NA;NA;NA;NA;NA;NA;NA;NA;NA;NA;NA
2022-10-20;0-60;2;2,0;2;2;2;2;2;2;2;2;2;2;20;20,0;20;20;20;20;20;20;20,0;20,0;20,0;20,0;1,000000000000000;1,000000000000000;1,000000000000000;1,000000000000000;1,000000000000000;1,000000000000000;1,000000000000000;1,000000000000000;1,000000000000000;1,000000000000000;1,000000000000000
2022-10-20;60+;10;10,0;10;10;10;10;10;10;10;10;10;10;49;49,0;49;49;49;49;49;49;49,0;49,0;49,0;49,0;1,000000000000000;1,000000000000000;1,000000000000000;1,000000000000000;1,000000000000000;1,000000000000000;1,000000000000000;1,000000000000000;1,000000000000000;1,000000000000000;1,000000000000000
2022-10-20;alle;12;12,0;12;12;12;12;12;12;12;12;12;12;69;69,0;69;69;69;69;69;69;69,0;69,0;69,0;69,0;NA;NA;NA;NA;NA;NA;NA;NA;NA;NA;NA
2022-10-19;0-60;1;1,0;1;1;1;1;1;1;1;1;1;1;19;19,0;19;19;19;19;19;19;19,0;19,0;19,0;19,0;1,000000000000000;1,000000000000000;1,000000000000000;1,000000000000000;1,000000000000000;1,000000000000000;1,000000000000000;1,000000000000000;1,000000000000000;1,000000000000000;1,000000000000000
2022-10-19;60+;6;6,0;6;6;6;6;6;6;6;6;6;6;45;45,0;45;45;45;45;45;45;45,0;45,0;45,0;45,0;1,000000000000000;1,000000000000000;1,000000000000000;1,000000000000000;1,000000000000000;1,000000000000000;1,000000000000000;1,000000000000000;1,000000000000000;1,000000000000000;1,000000000000000
2022-10-19;alle;7;7,0;7;7;7;7;7;7;7;7;7;7;64;64,0;64;64;64;64;64;64;64,0;64,0;64,0;64,0;NA;NA;NA;NA;NA;NA;NA;NA;NA;NA;NA
2022-10-18;0-60;10;10,0;10;10;10;10;10;10;10;10;10;10;19;19,0;19;19;19;19;19;19;19,0;19,0;19,0;19,0;1,000000000000000;1,000000000000000;1,000000000000000;1,000000000000000;1,000000000000000;1,000000000000000;1,000000000000000;1,000000000000000;1,000000000000000;1,000000000000000;1,000000000000000
2022-10-18;60+;16;16,0;16;16;16;16;16;16;16;16;16;16;45;45,0;45;45;45;45;45;45;45,0;45,0;45,0;45,0;1,000000000000000;1,000000000000000;1,000000000000000;1,000000000000000;1,000000000000000;1,000000000000000;1,000000000000000;1,000000000000000;1,000000000000000;1,000000000000000;1,000000000000000
2022-10-18;alle;26;26,0;26;26;26;26;26;26;26;26;26;26;64;64,0;64;64;64;64;64;64;64,0;64,0;64,0;64,0;NA;NA;NA;NA;NA;NA;NA;NA;NA;NA;NA
2022-10-17;0-60;0;0,0;0;0;0;0;0;0;0;0;0;0;12;12,0;12;12;12;12;12;12;12,0;12,0;12,0;12,0;1,000000000000000;1,000000000000000;1,000000000000000;1,000000000000000;1,000000000000000;1,000000000000000;1,000000000000000;1,000000000000000;1,000000000000000;1,000000000000000;1,000000000000000
2022-10-17;60+;1;1,0;1;1;1;1;1;1;1;1;1;1;42;42,0;42;42;42;42;42;42;42,0;42,0;42,0;42,0;1,000000000000000;1,000000000000000;1,000000000000000;1,000000000000000;1,000000000000000;1,000000000000000;1,000000000000000;1,000000000000000;1,000000000000000;1,000000000000000;1,000000000000000
2022-10-17;alle;1;1,0;1;1;1;1;1;1;1;1;1;1;54;54,0;54;54;54;54;54;54;54,0;54,0;54,0;54,0;NA;NA;NA;NA;NA;NA;NA;NA;NA;NA;NA
2022-10-16;0-60;0;0,0;0;0;0;0;0;0;0;0;0;0;12;12,0;12;12;12;12;12;12;12,0;12,0;12,0;12,0;1,000000000000000;1,000000000000000;1,000000000000000;1,000000000000000;1,000000000000000;1,000000000000000;1,000000000000000;1,000000000000000;1,000000000000000;1,000000000000000;1,000000000000000
2022-10-16;60+;1;1,0;1;1;1;1;1;1;1;1;1;1;41;41,0;41;41;41;41;41;41;41,0;41,0;41,0;41,0;1,000000000000000;1,000000000000000;1,000000000000000;1,000000000000000;1,000000000000000;1,000000000000000;1,000000000000000;1,000000000000000;1,000000000000000;1,000000000000000;1,000000000000000
2022-10-16;alle;1;1,0;1;1;1;1;1;1;1;1;1;1;53;53,0;53;53;53;53;53;53;53,0;53,0;53,0;53,0;NA;NA;NA;NA;NA;NA;NA;NA;NA;NA;NA
2022-10-15;0-60;2;2,0;2;2;2;2;2;2;2;2;2;2;12;12,0;12;12;12;12;12;12;12,0;12,0;12,0;12,0;1,000000000000000;1,000000000000000;1,000000000000000;1,000000000000000;1,000000000000000;1,000000000000000;1,000000000000000;1,000000000000000;1,000000000000000;1,000000000000000;1,000000000000000
2022-10-15;60+;9;9,0;9;9;9;9;9;9;9;9;9;9;40;40,0;40;40;40;40;40;40;40,0;40,0;40,0;40,0;1,000000000000000;1,000000000000000;1,000000000000000;1,000000000000000;1,000000000000000;1,000000000000000;1,000000000000000;1,000000000000000;1,000000000000000;1,000000000000000;1,000000000000000
2022-10-15;alle;11;11,0;11;11;11;11;11;11;11;11;11;11;52;52,0;52;52;52;52;52;52;52,0;52,0;52,0;52,0;NA;NA;NA;NA;NA;NA;NA;NA;NA;NA;NA
2022-10-14;0-60;5;5,0;5;5;5;5;5;5;5;5;5;5;12;12,0;12;12;12;12;12;12;12,0;12,0;12,0;12,0;1,000000000000000;1,000000000000000;1,000000000000000;1,000000000000000;1,000000000000000;1,000000000000000;1,000000000000000;1,000000000000000;1,000000000000000;1,000000000000000;1,000000000000000
2022-10-14;60+;6;6,0;6;6;6;6;6;6;6;6;6;6;42;42,0;42;42;42;42;42;42;42,0;42,0;42,0;42,0;1,000000000000000;1,000000000000000;1,000000000000000;1,000000000000000;1,000000000000000;1,000000000000000;1,000000000000000;1,000000000000000;1,000000000000000;1,000000000000000;1,000000000000000
2022-10-14;alle;11;11,0;11;11;11;11;11;11;11;11;11;11;54;54,0;54;54;54;54;54;54;54,0;54,0;54,0;54,0;NA;NA;NA;NA;NA;NA;NA;NA;NA;NA;NA
2022-10-13;0-60;1;1,0;1;1;1;1;1;1;1;1;1;1;9;9,0;9;9;9;9;9;9;9,0;9,0;9,0;9,0;1,000000000000000;1,000000000000000;1,000000000000000;1,000000000000000;1,000000000000000;1,000000000000000;1,000000000000000;1,000000000000000;1,000000000000000;1,000000000000000;1,000000000000000
2022-10-13;60+;6;6,0;6;6;6;6;6;6;6;6;6;6;39;39,0;39;39;39;39;39;39;39,0;39,0;39,0;39,0;1,000000000000000;1,000000000000000;1,000000000000000;1,000000000000000;1,000000000000000;1,000000000000000;1,000000000000000;1,000000000000000;1,000000000000000;1,000000000000000;1,000000000000000
2022-10-13;alle;7;7,0;7;7;7;7;7;7;7;7;7;7;48;48,0;48;48;48;48;48;48;48,0;48,0;48,0;48,0;NA;NA;NA;NA;NA;NA;NA;NA;NA;NA;NA
2022-10-12;0-60;1;1,0;1;1;1;1;1;1;1;1;1;1;10;10,0;10;10;10;10;10;10;10,0;10,0;10,0;10,0;1,000000000000000;1,000000000000000;1,000000000000000;1,000000000000000;1,000000000000000;1,000000000000000;1,000000000000000;1,000000000000000;1,000000000000000;1,000000000000000;1,000000000000000
2022-10-12;60+;6;6,0;6;6;6;6;6;6;6;6;6;6;42;42,0;42;42;42;42;42;42;42,0;42,0;42,0;42,0;1,000000000000000;1,000000000000000;1,000000000000000;1,000000000000000;1,000000000000000;1,000000000000000;1,000000000000000;1,000000000000000;1,000000000000000;1,000000000000000;1,000000000000000
2022-10-12;alle;7;7,0;7;7;7;7;7;7;7;7;7;7;52;52,0;52;52;52;52;52;52;52,0;52,0;52,0;52,0;NA;NA;NA;NA;NA;NA;NA;NA;NA;NA;NA
2022-10-11;0-60;3;3,0;3;3;3;3;3;3;3;3;3;3;11;11,0;11;11;11;11;11;11;11,0;11,0;11,0;11,0;1,000000000000000;1,000000000000000;1,000000000000000;1,000000000000000;1,000000000000000;1,000000000000000;1,000000000000000;1,000000000000000;1,000000000000000;1,000000000000000;1,000000000000000
2022-10-11;60+;13;13,0;13;13;13;13;13;13;13;13;13;13;54;54,0;54;54;54;54;54;54;54,0;54,0;54,0;54,0;1,000000000000000;1,000000000000000;1,000000000000000;1,000000000000000;1,000000000000000;1,000000000000000;1,000000000000000;1,000000000000000;1,000000000000000;1,000000000000000;1,000000000000000
2022-10-11;alle;16;16,0;16;16;16;16;16;16;16;16;16;16;65;65,0;65;65;65;65;65;65;65,0;65,0;65,0;65,0;NA;NA;NA;NA;NA;NA;NA;NA;NA;NA;NA
2022-10-10;0-60;0;0,0;0;0;0;0;0;0;0;0;0;0;8;8,0;8;8;8;8;8;8;8,0;8,0;8,0;8,0;1,000000000000000;1,000000000000000;1,000000000000000;1,000000000000000;1,000000000000000;1,000000000000000;1,000000000000000;1,000000000000000;1,000000000000000;1,000000000000000;1,000000000000000
2022-10-10;60+;0;0,0;0;0;0;0;0;0;0;0;0;0;41;41,0;41;41;41;41;41;41;41,0;41,0;41,0;41,0;1,000000000000000;1,000000000000000;1,000000000000000;1,000000000000000;1,000000000000000;1,000000000000000;1,000000000000000;1,000000000000000;1,000000000000000;1,000000000000000;1,000000000000000
2022-10-10;alle;0;0,0;0;0;0;0;0;0;0;0;0;0;49;49,0;49;49;49;49;49;49;49,0;49,0;49,0;49,0;NA;NA;NA;NA;NA;NA;NA;NA;NA;NA;NA
2022-10-09;0-60;0;0,0;0;0;0;0;0;0;0;0;0;0;8;8,0;8;8;8;8;8;8;8,0;8,0;8,0;8,0;1,000000000000000;1,000000000000000;1,000000000000000;1,000000000000000;1,000000000000000;1,000000000000000;1,000000000000000;1,000000000000000;1,000000000000000;1,000000000000000;1,000000000000000
2022-10-09;60+;0;0,0;0;0;0;0;0;0;0;0;0;0;41;41,0;41;41;41;41;41;41;41,0;41,0;41,0;41,0;1,000000000000000;1,000000000000000;1,000000000000000;1,000000000000000;1,000000000000000;1,000000000000000;1,000000000000000;1,000000000000000;1,000000000000000;1,000000000000000;1,000000000000000
2022-10-09;alle;0;0,0;0;0;0;0;0;0;0;0;0;0;49;49,0;49;49;49;49;49;49;49,0;49,0;49,0;49,0;NA;NA;NA;NA;NA;NA;NA;NA;NA;NA;NA
2022-10-08;0-60;2;2,0;2;2;2;2;2;2;2;2;2;2;9;9,0;9;9;9;9;9;9;9,0;9,0;9,0;9,0;1,000000000000000;1,000000000000000;1,000000000000000;1,000000000000000;1,000000000000000;1,000000000000000;1,000000000000000;1,000000000000000;1,000000000000000;1,000000000000000;1,000000000000000
2022-10-08;60+;11;11,0;11;11;11;11;11;11;11;11;11;11;42;42,0;42;42;42;42;42;42;42,0;42,0;42,0;42,0;1,000000000000000;1,000000000000000;1,000000000000000;1,000000000000000;1,000000000000000;1,000000000000000;1,000000000000000;1,000000000000000;1,000000000000000;1,000000000000000;1,000000000000000
2022-10-08;alle;13;13,0;13;13;13;13;13;13;13;13;13;13;51;51,0;51;51;51;51;51;51;51,0;51,0;51,0;51,0;NA;NA;NA;NA;NA;NA;NA;NA;NA;NA;NA
2022-10-07;0-60;2;2,0;2;2;2;2;2;2;2;2;2;2;8;8,0;8;8;8;8;8;8;8,0;8,0;8,0;8,0;1,000000000000000;1,000000000000000;1,000000000000000;1,000000000000000;1,000000000000000;1,000000000000000;1,000000000000000;1,000000000000000;1,000000000000000;1,000000000000000;1,000000000000000
2022-10-07;60+;3;3,0;3;3;3;3;3;3;3;3;3;3;35;35,0;35;35;35;35;35;35;35,0;35,0;35,0;35,0;1,000000000000000;1,000000000000000;1,000000000000000;1,000000000000000;1,000000000000000;1,000000000000000;1,000000000000000;1,000000000000000;1,000000000000000;1,000000000000000;1,000000000000000
2022-10-07;alle;5;5,0;5;5;5;5;5;5;5;5;5;5;43;43,0;43;43;43;43;43;43;43,0;43,0;43,0;43,0;NA;NA;NA;NA;NA;NA;NA;NA;NA;NA;NA
2022-10-06;0-60;2;2,0;2;2;2;2;2;2;2;2;2;2;7;7,0;7;7;7;7;7;7;7,0;7,0;7,0;7,0;1,000000000000000;1,000000000000000;1,000000000000000;1,000000000000000;1,000000000000000;1,000000000000000;1,000000000000000;1,000000000000000;1,000000000000000;1,000000000000000;1,000000000000000
2022-10-06;60+;9;9,0;9;9;9;9;9;9;9;9;9;9;35;35,0;35;35;35;35;35;35;35,0;35,0;35,0;35,0;1,000000000000000;1,000000000000000;1,000000000000000;1,000000000000000;1,000000000000000;1,000000000000000;1,000000000000000;1,000000000000000;1,000000000000000;1,000000000000000;1,000000000000000
2022-10-06;alle;11;11,0;11;11;11;11;11;11;11;11;11;11;42;42,0;42;42;42;42;42;42;42,0;42,0;42,0;42,0;NA;NA;NA;NA;NA;NA;NA;NA;NA;NA;NA
2022-10-05;0-60;2;2,0;2;2;2;2;2;2;2;2;2;2;5;5,0;5;5;5;5;5;5;5,0;5,0;5,0;5,0;1,000000000000000;1,000000000000000;1,000000000000000;1,000000000000000;1,000000000000000;1,000000000000000;1,000000000000000;1,000000000000000;1,000000000000000;1,000000000000000;1,000000000000000
2022-10-05;60+;18;18,0;18;18;18;18;18;18;18;18;18;18;27;27,0;27;27;27;27;27;27;27,0;27,0;27,0;27,0;1,000000000000000;1,000000000000000;1,000000000000000;1,000000000000000;1,000000000000000;1,000000000000000;1,000000000000000;1,000000000000000;1,000000000000000;1,000000000000000;1,000000000000000
2022-10-05;alle;20;20,0;20;20;20;20;20;20;20;20;20;20;32;32,0;32;32;32;32;32;32;32,0;32,0;32,0;32,0;NA;NA;NA;NA;NA;NA;NA;NA;NA;NA;NA
2022-10-04;0-60;0;0,0;0;0;0;0;0;0;0;0;0;0;4;4,0;4;4;4;4;4;4;4,0;4,0;4,0;4,0;1,000000000000000;1,000000000000000;1,000000000000000;1,000000000000000;1,000000000000000;1,000000000000000;1,000000000000000;1,000000000000000;1,000000000000000;1,000000000000000;1,000000000000000
2022-10-04;60+;0;0,0;0;0;0;0;0;0;0;0;0;0;11;11,0;11;11;11;11;11;11;11,0;11,0;11,0;11,0;1,000000000000000;1,000000000000000;1,000000000000000;1,000000000000000;1,000000000000000;1,000000000000000;1,000000000000000;1,000000000000000;1,000000000000000;1,000000000000000;1,000000000000000
2022-10-04;alle;0;0,0;0;0;0;0;0;0;0;0;0;0;15;15,0;15;15;15;15;15;15;15,0;15,0;15,0;15,0;NA;NA;NA;NA;NA;NA;NA;NA;NA;NA;NA
2022-10-03;0-60;0;0,0;0;0;0;0;0;0;0;0;0;0;5;5,0;5;5;5;5;5;5;5,0;5,0;5,0;5,0;1,000000000000000;1,000000000000000;1,000000000000000;1,000000000000000;1,000000000000000;1,000000000000000;1,000000000000000;1,000000000000000;1,000000000000000;1,000000000000000;1,000000000000000
2022-10-03;60+;0;0,0;0;0;0;0;0;0;0;0;0;0;21;21,0;21;21;21;21;21;21;21,0;21,0;21,0;21,0;1,000000000000000;1,000000000000000;1,000000000000000;1,000000000000000;1,000000000000000;1,000000000000000;1,000000000000000;1,000000000000000;1,000000000000000;1,000000000000000;1,000000000000000
2022-10-03;alle;0;0,0;0;0;0;0;0;0;0;0;0;0;26;26,0;26;26;26;26;26;26;26,0;26,0;26,0;26,0;NA;NA;NA;NA;NA;NA;NA;NA;NA;NA;NA
2022-10-02;0-60;1;1,0;1;1;1;1;1;1;1;1;1;1;5;5,0;5;5;5;5;5;5;5,0;5,0;5,0;5,0;1,000000000000000;1,000000000000000;1,000000000000000;1,000000000000000;1,000000000000000;1,000000000000000;1,000000000000000;1,000000000000000;1,000000000000000;1,000000000000000;1,000000000000000
2022-10-02;60+;1;1,0;1;1;1;1;1;1;1;1;1;1;21;21,0;21;21;21;21;21;21;21,0;21,0;21,0;21,0;1,000000000000000;1,000000000000000;1,000000000000000;1,000000000000000;1,000000000000000;1,000000000000000;1,000000000000000;1,000000000000000;1,000000000000000;1,000000000000000;1,000000000000000
2022-10-02;alle;2;2,0;2;2;2;2;2;2;2;2;2;2;26;26,0;26;26;26;26;26;26;26,0;26,0;26,0;26,0;NA;NA;NA;NA;NA;NA;NA;NA;NA;NA;NA
2022-10-01;0-60;1;1,0;1;1;1;1;1;1;1;1;1;1;4;4,0;4;4;4;4;4;4;4,0;4,0;4,0;4,0;1,000000000000000;1,000000000000000;1,000000000000000;1,000000000000000;1,000000000000000;1,000000000000000;1,000000000000000;1,000000000000000;1,000000000000000;1,000000000000000;1,000000000000000
2022-10-01;60+;4;4,0;4;4;4;4;4;4;4;4;4;4;21;21,0;21;21;21;21;21;21;21,0;21,0;21,0;21,0;1,000000000000000;1,000000000000000;1,000000000000000;1,000000000000000;1,000000000000000;1,000000000000000;1,000000000000000;1,000000000000000;1,000000000000000;1,000000000000000;1,000000000000000
2022-10-01;alle;5;5,0;5;5;5;5;5;5;5;5;5;5;25;25,0;25;25;25;25;25;25;25,0;25,0;25,0;25,0;NA;NA;NA;NA;NA;NA;NA;NA;NA;NA;NA
2022-09-30;0-60;1;1,0;1;1;1;1;1;1;1;1;1;1;3;3,0;3;3;3;3;3;3;3,0;3,0;3,0;3,0;1,000000000000000;1,000000000000000;1,000000000000000;1,000000000000000;1,000000000000000;1,000000000000000;1,000000000000000;1,000000000000000;1,000000000000000;1,000000000000000;1,000000000000000
2022-09-30;60+;3;3,0;3;3;3;3;3;3;3;3;3;3;20;20,0;20;20;20;20;20;20;20,0;20,0;20,0;20,0;1,000000000000000;1,000000000000000;1,000000000000000;1,000000000000000;1,000000000000000;1,000000000000000;1,000000000000000;1,000000000000000;1,000000000000000;1,000000000000000;1,000000000000000
2022-09-30;alle;4;4,0;4;4;4;4;4;4;4;4;4;4;23;23,0;23;23;23;23;23;23;23,0;23,0;23,0;23,0;NA;NA;NA;NA;NA;NA;NA;NA;NA;NA;NA
2022-09-29;0-60;0;0,0;0;0;0;0;0;0;0;0;0;0;2;2,0;2;2;2;2;2;2;2,0;2,0;2,0;2,0;1,000000000000000;1,000000000000000;1,000000000000000;1,000000000000000;1,000000000000000;1,000000000000000;1,000000000000000;1,000000000000000;1,000000000000000;1,000000000000000;1,000000000000000
2022-09-29;60+;1;1,0;1;1;1;1;1;1;1;1;1;1;19;19,0;19;19;19;19;19;19;19,0;19,0;19,0;19,0;1,000000000000000;1,000000000000000;1,000000000000000;1,000000000000000;1,000000000000000;1,000000000000000;1,000000000000000;1,000000000000000;1,000000000000000;1,000000000000000;1,000000000000000
2022-09-29;alle;1;1,0;1;1;1;1;1;1;1;1;1;1;21;21,0;21;21;21;21;21;21;21,0;21,0;21,0;21,0;NA;NA;NA;NA;NA;NA;NA;NA;NA;NA;NA
2022-09-28;0-60;1;1,0;1;1;1;1;1;1;1;1;1;1;2;2,0;2;2;2;2;2;2;2,0;2,0;2,0;2,0;1,000000000000000;1,000000000000000;1,000000000000000;1,000000000000000;1,000000000000000;1,000000000000000;1,000000000000000;1,000000000000000;1,000000000000000;1,000000000000000;1,000000000000000
2022-09-28;60+;2;2,0;2;2;2;2;2;2;2;2;2;2;21;21,0;21;21;21;21;21;21;21,0;21,0;21,0;21,0;1,000000000000000;1,000000000000000;1,000000000000000;1,000000000000000;1,000000000000000;1,000000000000000;1,000000000000000;1,000000000000000;1,000000000000000;1,000000000000000;1,000000000000000
2022-09-28;alle;3;3,0;3;3;3;3;3;3;3;3;3;3;23;23,0;23;23;23;23;23;23;23,0;23,0;23,0;23,0;NA;NA;NA;NA;NA;NA;NA;NA;NA;NA;NA
2022-09-27;0-60;1;1,0;1;1;1;1;1;1;1;1;1;1;2;2,0;2;2;2;2;2;2;2,0;2,0;2,0;2,0;1,000000000000000;1,000000000000000;1,000000000000000;1,000000000000000;1,000000000000000;1,000000000000000;1,000000000000000;1,000000000000000;1,000000000000000;1,000000000000000;1,000000000000000
2022-09-27;60+;10;10,0;10;10;10;10;10;10;10;10;10;10;22;22,0;22;22;22;22;22;22;22,0;22,0;22,0;22,0;1,000000000000000;1,000000000000000;1,000000000000000;1,000000000000000;1,000000000000000;1,000000000000000;1,000000000000000;1,000000000000000;1,000000000000000;1,000000000000000;1,000000000000000
2022-09-27;alle;11;11,0;11;11;11;11;11;11;11;11;11;11;24;24,0;24;24;24;24;24;24;24,0;24,0;24,0;24,0;NA;NA;NA;NA;NA;NA;NA;NA;NA;NA;NA
2022-09-26;0-60;0;0,0;0;0;0;0;0;0;0;0;0;0;1;1,0;1;1;1;1;1;1;1,0;1,0;1,0;1,0;1,000000000000000;1,000000000000000;1,000000000000000;1,000000000000000;1,000000000000000;1,000000000000000;1,000000000000000;1,000000000000000;1,000000000000000;1,000000000000000;1,000000000000000
2022-09-26;60+;0;0,0;0;0;0;0;0;0;0;0;0;0;14;14,0;14;14;14;14;14;14;14,0;14,0;14,0;14,0;1,000000000000000;1,000000000000000;1,000000000000000;1,000000000000000;1,000000000000000;1,000000000000000;1,000000000000000;1,000000000000000;1,000000000000000;1,000000000000000;1,000000000000000
2022-09-26;alle;0;0,0;0;0;0;0;0;0;0;0;0;0;15;15,0;15;15;15;15;15;15;15,0;15,0;15,0;15,0;NA;NA;NA;NA;NA;NA;NA;NA;NA;NA;NA
2022-09-25;0-60;0;0,0;0;0;0;0;0;0;0;0;0;0;1;1,0;1;1;1;1;1;1;1,0;1,0;1,0;1,0;1,000000000000000;1,000000000000000;1,000000000000000;1,000000000000000;1,000000000000000;1,000000000000000;1,000000000000000;1,000000000000000;1,000000000000000;1,000000000000000;1,000000000000000
2022-09-25;60+;1;1,0;1;1;1;1;1;1;1;1;1;1;14;14,0;14;14;14;14;14;14;14,0;14,0;14,0;14,0;1,000000000000000;1,000000000000000;1,000000000000000;1,000000000000000;1,000000000000000;1,000000000000000;1,000000000000000;1,000000000000000;1,000000000000000;1,000000000000000;1,000000000000000
2022-09-25;alle;1;1,0;1;1;1;1;1;1;1;1;1;1;15;15,0;15;15;15;15;15;15;15,0;15,0;15,0;15,0;NA;NA;NA;NA;NA;NA;NA;NA;NA;NA;NA
2022-09-24;0-60;0;0,0;0;0;0;0;0;0;0;0;0;0;1;1,0;1;1;1;1;1;1;1,0;1,0;1,0;1,0;1,000000000000000;1,000000000000000;1,000000000000000;1,000000000000000;1,000000000000000;1,000000000000000;1,000000000000000;1,000000000000000;1,000000000000000;1,000000000000000;1,000000000000000
2022-09-24;60+;3;3,0;3;3;3;3;3;3;3;3;3;3;13;13,0;13;13;13;13;13;13;13,0;13,0;13,0;13,0;1,000000000000000;1,000000000000000;1,000000000000000;1,000000000000000;1,000000000000000;1,000000000000000;1,000000000000000;1,000000000000000;1,000000000000000;1,000000000000000;1,000000000000000
2022-09-24;alle;3;3,0;3;3;3;3;3;3;3;3;3;3;14;14,0;14;14;14;14;14;14;14,0;14,0;14,0;14,0;NA;NA;NA;NA;NA;NA;NA;NA;NA;NA;NA
2022-09-23;0-60;0;0,0;0;0;0;0;0;0;0;0;0;0;1;1,0;1;1;1;1;1;1;1,0;1,0;1,0;1,0;1,000000000000000;1,000000000000000;1,000000000000000;1,000000000000000;1,000000000000000;1,000000000000000;1,000000000000000;1,000000000000000;1,000000000000000;1,000000000000000;1,000000000000000
2022-09-23;60+;2;2,0;2;2;2;2;2;2;2;2;2;2;10;10,0;10;10;10;10;10;10;10,0;10,0;10,0;10,0;1,000000000000000;1,000000000000000;1,000000000000000;1,000000000000000;1,000000000000000;1,000000000000000;1,000000000000000;1,000000000000000;1,000000000000000;1,000000000000000;1,000000000000000
2022-09-23;alle;2;2,0;2;2;2;2;2;2;2;2;2;2;11;11,0;11;11;11;11;11;11;11,0;11,0;11,0;11,0;NA;NA;NA;NA;NA;NA;NA;NA;NA;NA;NA
2022-09-22;0-60;0;0,0;0;0;0;0;0;0;0;0;0;0;1;1,0;1;1;1;1;1;1;1,0;1,0;1,0;1,0;1,000000000000000;1,000000000000000;1,000000000000000;1,000000000000000;1,000000000000000;1,000000000000000;1,000000000000000;1,000000000000000;1,000000000000000;1,000000000000000;1,000000000000000
2022-09-22;60+;3;3,0;3;3;3;3;3;3;3;3;3;3;9;9,0;9;9;9;9;9;9;9,0;9,0;9,0;9,0;1,000000000000000;1,000000000000000;1,000000000000000;1,000000000000000;1,000000000000000;1,000000000000000;1,000000000000000;1,000000000000000;1,000000000000000;1,000000000000000;1,000000000000000
2022-09-22;alle;3;3,0;3;3;3;3;3;3;3;3;3;3;10;10,0;10;10;10;10;10;10;10,0;10,0;10,0;10,0;NA;NA;NA;NA;NA;NA;NA;NA;NA;NA;NA
2022-09-21;0-60;1;1,0;1;1;1;1;1;1;1;1;1;1;1;1,0;1;1;1;1;1;1;1,0;1,0;1,0;1,0;1,000000000000000;1,000000000000000;1,000000000000000;1,000000000000000;1,000000000000000;1,000000000000000;1,000000000000000;1,000000000000000;1,000000000000000;1,000000000000000;1,000000000000000
2022-09-21;60+;3;3,0;3;3;3;3;3;3;3;3;3;3;9;9,0;9;9;9;9;9;9;9,0;9,0;9,0;9,0;1,000000000000000;1,000000000000000;1,000000000000000;1,000000000000000;1,000000000000000;1,000000000000000;1,000000000000000;1,000000000000000;1,000000000000000;1,000000000000000;1,000000000000000
2022-09-21;alle;4;4,0;4;4;4;4;4;4;4;4;4;4;10;10,0;10;10;10;10;10;10;10,0;10,0;10,0;10,0;NA;NA;NA;NA;NA;NA;NA;NA;NA;NA;NA
2022-09-20;0-60;0;0,0;0;0;0;0;0;0;0;0;0;0;4;4,0;4;4;4;4;4;4;4,0;4,0;4,0;4,0;1,000000000000000;1,000000000000000;1,000000000000000;1,000000000000000;1,000000000000000;1,000000000000000;1,000000000000000;1,000000000000000;1,000000000000000;1,000000000000000;1,000000000000000
2022-09-20;60+;2;2,0;2;2;2;2;2;2;2;2;2;2;8;8,0;8;8;8;8;8;8;8,0;8,0;8,0;8,0;1,000000000000000;1,000000000000000;1,000000000000000;1,000000000000000;1,000000000000000;1,000000000000000;1,000000000000000;1,000000000000000;1,000000000000000;1,000000000000000;1,000000000000000
2022-09-20;alle;2;2,0;2;2;2;2;2;2;2;2;2;2;12;12,0;12;12;12;12;12;12;12,0;12,0;12,0;12,0;NA;NA;NA;NA;NA;NA;NA;NA;NA;NA;NA
2022-09-19;0-60;0;0,0;0;0;0;0;0;0;0;0;0;0;7;7,0;7;7;7;7;7;7;7,0;7,0;7,0;7,0;1,000000000000000;1,000000000000000;1,000000000000000;1,000000000000000;1,000000000000000;1,000000000000000;1,000000000000000;1,000000000000000;1,000000000000000;1,000000000000000;1,000000000000000
2022-09-19;60+;0;0,0;0;0;0;0;0;0;0;0;0;0;12;12,0;12;12;12;12;12;12;12,0;12,0;12,0;12,0;1,000000000000000;1,000000000000000;1,000000000000000;1,000000000000000;1,000000000000000;1,000000000000000;1,000000000000000;1,000000000000000;1,000000000000000;1,000000000000000;1,000000000000000
2022-09-19;alle;0;0,0;0;0;0;0;0;0;0;0;0;0;19;19,0;19;19;19;19;19;19;19,0;19,0;19,0;19,0;NA;NA;NA;NA;NA;NA;NA;NA;NA;NA;NA
2022-09-18;0-60;0;0,0;0;0;0;0;0;0;0;0;0;0;7;7,0;7;7;7;7;7;7;7,0;7,0;7,0;7,0;1,000000000000000;1,000000000000000;1,000000000000000;1,000000000000000;1,000000000000000;1,000000000000000;1,000000000000000;1,000000000000000;1,000000000000000;1,000000000000000;1,000000000000000
2022-09-18;60+;0;0,0;0;0;0;0;0;0;0;0;0;0;12;12,0;12;12;12;12;12;12;12,0;12,0;12,0;12,0;1,000000000000000;1,000000000000000;1,000000000000000;1,000000000000000;1,000000000000000;1,000000000000000;1,000000000000000;1,000000000000000;1,000000000000000;1,000000000000000;1,000000000000000
2022-09-18;alle;0;0,0;0;0;0;0;0;0;0;0;0;0;19;19,0;19;19;19;19;19;19;19,0;19,0;19,0;19,0;NA;NA;NA;NA;NA;NA;NA;NA;NA;NA;NA
2022-09-17;0-60;0;0,0;0;0;0;0;0;0;0;0;0;0;7;7,0;7;7;7;7;7;7;7,0;7,0;7,0;7,0;1,000000000000000;1,000000000000000;1,000000000000000;1,000000000000000;1,000000000000000;1,000000000000000;1,000000000000000;1,000000000000000;1,000000000000000;1,000000000000000;1,000000000000000
2022-09-17;60+;0;0,0;0;0;0;0;0;0;0;0;0;0;13;13,0;13;13;13;13;13;13;13,0;13,0;13,0;13,0;1,000000000000000;1,000000000000000;1,000000000000000;1,000000000000000;1,000000000000000;1,000000000000000;1,000000000000000;1,000000000000000;1,000000000000000;1,000000000000000;1,000000000000000
2022-09-17;alle;0;0,0;0;0;0;0;0;0;0;0;0;0;20;20,0;20;20;20;20;20;20;20,0;20,0;20,0;20,0;NA;NA;NA;NA;NA;NA;NA;NA;NA;NA;NA
2022-09-16;0-60;0;0,0;0;0;0;0;0;0;0;0;0;0;8;8,0;8;8;8;8;8;8;8,0;8,0;8,0;8,0;1,000000000000000;1,000000000000000;1,000000000000000;1,000000000000000;1,000000000000000;1,000000000000000;1,000000000000000;1,000000000000000;1,000000000000000;1,000000000000000;1,000000000000000
2022-09-16;60+;1;1,0;1;1;1;1;1;1;1;1;1;1;17;17,0;17;17;17;17;17;17;17,0;17,0;17,0;17,0;1,000000000000000;1,000000000000000;1,000000000000000;1,000000000000000;1,000000000000000;1,000000000000000;1,000000000000000;1,000000000000000;1,000000000000000;1,000000000000000;1,000000000000000
2022-09-16;alle;1;1,0;1;1;1;1;1;1;1;1;1;1;25;25,0;25;25;25;25;25;25;25,0;25,0;25,0;25,0;NA;NA;NA;NA;NA;NA;NA;NA;NA;NA;NA
2022-09-15;0-60;0;0,0;0;0;0;0;0;0;0;0;0;0;9;9,0;9;9;9;9;9;9;9,0;9,0;9,0;9,0;1,000000000000000;1,000000000000000;1,000000000000000;1,000000000000000;1,000000000000000;1,000000000000000;1,000000000000000;1,000000000000000;1,000000000000000;1,000000000000000;1,000000000000000
2022-09-15;60+;3;3,0;3;3;3;3;3;3;3;3;3;3;18;18,0;18;18;18;18;18;18;18,0;18,0;18,0;18,0;1,000000000000000;1,000000000000000;1,000000000000000;1,000000000000000;1,000000000000000;1,000000000000000;1,000000000000000;1,000000000000000;1,000000000000000;1,000000000000000;1,000000000000000
2022-09-15;alle;3;3,0;3;3;3;3;3;3;3;3;3;3;27;27,0;27;27;27;27;27;27;27,0;27,0;27,0;27,0;NA;NA;NA;NA;NA;NA;NA;NA;NA;NA;NA
2022-09-14;0-60;4;4,0;4;4;4;4;4;4;4;4;4;4;10;10,0;10;10;10;10;10;10;10,0;10,0;10,0;10,0;1,000000000000000;1,000000000000000;1,000000000000000;1,000000000000000;1,000000000000000;1,000000000000000;1,000000000000000;1,000000000000000;1,000000000000000;1,000000000000000;1,000000000000000
2022-09-14;60+;2;2,0;2;2;2;2;2;2;2;2;2;2;20;20,0;20;20;20;20;20;20;20,0;20,0;20,0;20,0;1,000000000000000;1,000000000000000;1,000000000000000;1,000000000000000;1,000000000000000;1,000000000000000;1,000000000000000;1,000000000000000;1,000000000000000;1,000000000000000;1,000000000000000
2022-09-14;alle;6;6,0;6;6;6;6;6;6;6;6;6;6;30;30,0;30;30;30;30;30;30;30,0;30,0;30,0;30,0;NA;NA;NA;NA;NA;NA;NA;NA;NA;NA;NA
2022-09-13;0-60;3;3,0;3;3;3;3;3;3;3;3;3;3;7;7,0;7;7;7;7;7;7;7,0;7,0;7,0;7,0;1,000000000000000;1,000000000000000;1,000000000000000;1,000000000000000;1,000000000000000;1,000000000000000;1,000000000000000;1,000000000000000;1,000000000000000;1,000000000000000;1,000000000000000
2022-09-13;60+;6;6,0;6;6;6;6;6;6;6;6;6;6;21;21,0;21;21;21;21;21;21;21,0;21,0;21,0;21,0;1,000000000000000;1,000000000000000;1,000000000000000;1,000000000000000;1,000000000000000;1,000000000000000;1,000000000000000;1,000000000000000;1,000000000000000;1,000000000000000;1,000000000000000
2022-09-13;alle;9;9,0;9;9;9;9;9;9;9;9;9;9;28;28,0;28;28;28;28;28;28;28,0;28,0;28,0;28,0;NA;NA;NA;NA;NA;NA;NA;NA;NA;NA;NA
2022-09-12;0-60;0;0,0;0;0;0;0;0;0;0;0;0;0;8;8,0;8;8;8;8;8;8;8,0;8,0;8,0;8,0;1,000000000000000;1,000000000000000;1,000000000000000;1,000000000000000;1,000000000000000;1,000000000000000;1,000000000000000;1,000000000000000;1,000000000000000;1,000000000000000;1,000000000000000
2022-09-12;60+;0;0,0;0;0;0;0;0;0;0;0;0;0;21;21,0;21;21;21;21;21;21;21,0;21,0;21,0;21,0;1,000000000000000;1,000000000000000;1,000000000000000;1,000000000000000;1,000000000000000;1,000000000000000;1,000000000000000;1,000000000000000;1,000000000000000;1,000000000000000;1,000000000000000
2022-09-12;alle;0;0,0;0;0;0;0;0;0;0;0;0;0;29;29,0;29;29;29;29;29;29;29,0;29,0;29,0;29,0;NA;NA;NA;NA;NA;NA;NA;NA;NA;NA;NA
2022-09-11;0-60;0;0,0;0;0;0;0;0;0;0;0;0;0;8;8,0;8;8;8;8;8;8;8,0;8,0;8,0;8,0;1,000000000000000;1,000000000000000;1,000000000000000;1,000000000000000;1,000000000000000;1,000000000000000;1,000000000000000;1,000000000000000;1,000000000000000;1,000000000000000;1,000000000000000
2022-09-11;60+;1;1,0;1;1;1;1;1;1;1;1;1;1;21;21,0;21;21;21;21;21;21;21,0;21,0;21,0;21,0;1,000000000000000;1,000000000000000;1,000000000000000;1,000000000000000;1,000000000000000;1,000000000000000;1,000000000000000;1,000000000000000;1,000000000000000;1,000000000000000;1,000000000000000
2022-09-11;alle;1;1,0;1;1;1;1;1;1;1;1;1;1;29;29,0;29;29;29;29;29;29;29,0;29,0;29,0;29,0;NA;NA;NA;NA;NA;NA;NA;NA;NA;NA;NA
2022-09-10;0-60;1;1,0;1;1;1;1;1;1;1;1;1;1;8;8,0;8;8;8;8;8;8;8,0;8,0;8,0;8,0;1,000000000000000;1,000000000000000;1,000000000000000;1,000000000000000;1,000000000000000;1,000000000000000;1,000000000000000;1,000000000000000;1,000000000000000;1,000000000000000;1,000000000000000
2022-09-10;60+;4;4,0;4;4;4;4;4;4;4;4;4;4;20;20,0;20;20;20;20;20;20;20,0;20,0;20,0;20,0;1,000000000000000;1,000000000000000;1,000000000000000;1,000000000000000;1,000000000000000;1,000000000000000;1,000000000000000;1,000000000000000;1,000000000000000;1,000000000000000;1,000000000000000
2022-09-10;alle;5;5,0;5;5;5;5;5;5;5;5;5;5;28;28,0;28;28;28;28;28;28;28,0;28,0;28,0;28,0;NA;NA;NA;NA;NA;NA;NA;NA;NA;NA;NA
2022-09-09;0-60;1;1,0;1;1;1;1;1;1;1;1;1;1;8;8,0;8;8;8;8;8;8;8,0;8,0;8,0;8,0;1,000000000000000;1,000000000000000;1,000000000000000;1,000000000000000;1,000000000000000;1,000000000000000;1,000000000000000;1,000000000000000;1,000000000000000;1,000000000000000;1,000000000000000
2022-09-09;60+;2;2,0;2;2;2;2;2;2;2;2;2;2;18;18,0;18;18;18;18;18;18;18,0;18,0;18,0;18,0;1,000000000000000;1,000000000000000;1,000000000000000;1,000000000000000;1,000000000000000;1,000000000000000;1,000000000000000;1,000000000000000;1,000000000000000;1,000000000000000;1,000000000000000
2022-09-09;alle;3;3,0;3;3;3;3;3;3;3;3;3;3;26;26,0;26;26;26;26;26;26;26,0;26,0;26,0;26,0;NA;NA;NA;NA;NA;NA;NA;NA;NA;NA;NA
2022-09-08;0-60;1;1,0;1;1;1;1;1;1;1;1;1;1;7;7,0;7;7;7;7;7;7;7,0;7,0;7,0;7,0;1,000000000000000;1,000000000000000;1,000000000000000;1,000000000000000;1,000000000000000;1,000000000000000;1,000000000000000;1,000000000000000;1,000000000000000;1,000000000000000;1,000000000000000
2022-09-08;60+;5;5,0;5;5;5;5;5;5;5;5;5;5;17;17,0;17;17;17;17;17;17;17,0;17,0;17,0;17,0;1,000000000000000;1,000000000000000;1,000000000000000;1,000000000000000;1,000000000000000;1,000000000000000;1,000000000000000;1,000000000000000;1,000000000000000;1,000000000000000;1,000000000000000
2022-09-08;alle;6;6,0;6;6;6;6;6;6;6;6;6;6;24;24,0;24;24;24;24;24;24;24,0;24,0;24,0;24,0;NA;NA;NA;NA;NA;NA;NA;NA;NA;NA;NA
2022-09-07;0-60;1;1,0;1;1;1;1;1;1;1;1;1;1;6;6,0;6;6;6;6;6;6;6,0;6,0;6,0;6,0;1,000000000000000;1,000000000000000;1,000000000000000;1,000000000000000;1,000000000000000;1,000000000000000;1,000000000000000;1,000000000000000;1,000000000000000;1,000000000000000;1,000000000000000
2022-09-07;60+;3;3,0;3;3;3;3;3;3;3;3;3;3;14;14,0;14;14;14;14;14;14;14,0;14,0;14,0;14,0;1,000000000000000;1,000000000000000;1,000000000000000;1,000000000000000;1,000000000000000;1,000000000000000;1,000000000000000;1,000000000000000;1,000000000000000;1,000000000000000;1,000000000000000
2022-09-07;alle;4;4,0;4;4;4;4;4;4;4;4;4;4;20;20,0;20;20;20;20;20;20;20,0;20,0;20,0;20,0;NA;NA;NA;NA;NA;NA;NA;NA;NA;NA;NA
2022-09-06;0-60;4;4,0;4;4;4;4;4;4;4;4;4;4;7;7,0;7;7;7;7;7;7;7,0;7,0;7,0;7,0;1,000000000000000;1,000000000000000;1,000000000000000;1,000000000000000;1,000000000000000;1,000000000000000;1,000000000000000;1,000000000000000;1,000000000000000;1,000000000000000;1,000000000000000
2022-09-06;60+;6;6,0;6;6;6;6;6;6;6;6;6;6;12;12,0;12;12;12;12;12;12;12,0;12,0;12,0;12,0;1,000000000000000;1,000000000000000;1,000000000000000;1,000000000000000;1,000000000000000;1,000000000000000;1,000000000000000;1,000000000000000;1,000000000000000;1,000000000000000;1,000000000000000
2022-09-06;alle;10;10,0;10;10;10;10;10;10;10;10;10;10;19;19,0;19;19;19;19;19;19;19,0;19,0;19,0;19,0;NA;NA;NA;NA;NA;NA;NA;NA;NA;NA;NA
2022-09-05;0-60;0;0,0;0;0;0;0;0;0;0;0;0;0;3;3,0;3;3;3;3;3;3;3,0;3,0;3,0;3,0;1,000000000000000;1,000000000000000;1,000000000000000;1,000000000000000;1,000000000000000;1,000000000000000;1,000000000000000;1,000000000000000;1,000000000000000;1,000000000000000;1,000000000000000
2022-09-05;60+;0;0,0;0;0;0;0;0;0;0;0;0;0;10;10,0;10;10;10;10;10;10;10,0;10,0;10,0;10,0;1,000000000000000;1,000000000000000;1,000000000000000;1,000000000000000;1,000000000000000;1,000000000000000;1,000000000000000;1,000000000000000;1,000000000000000;1,000000000000000;1,000000000000000
2022-09-05;alle;0;0,0;0;0;0;0;0;0;0;0;0;0;13;13,0;13;13;13;13;13;13;13,0;13,0;13,0;13,0;NA;NA;NA;NA;NA;NA;NA;NA;NA;NA;NA
2022-09-04;0-60;0;0,0;0;0;0;0;0;0;0;0;0;0;3;3,0;3;3;3;3;3;3;3,0;3,0;3,0;3,0;1,000000000000000;1,000000000000000;1,000000000000000;1,000000000000000;1,000000000000000;1,000000000000000;1,000000000000000;1,000000000000000;1,000000000000000;1,000000000000000;1,000000000000000
2022-09-04;60+;0;0,0;0;0;0;0;0;0;0;0;0;0;10;10,0;10;10;10;10;10;10;10,0;10,0;10,0;10,0;1,000000000000000;1,000000000000000;1,000000000000000;1,000000000000000;1,000000000000000;1,000000000000000;1,000000000000000;1,000000000000000;1,000000000000000;1,000000000000000;1,000000000000000
2022-09-04;alle;0;0,0;0;0;0;0;0;0;0;0;0;0;13;13,0;13;13;13;13;13;13;13,0;13,0;13,0;13,0;NA;NA;NA;NA;NA;NA;NA;NA;NA;NA;NA
2022-09-03;0-60;1;1,0;1;1;1;1;1;1;1;1;1;1;3;3,0;3;3;3;3;3;3;3,0;3,0;3,0;3,0;1,000000000000000;1,000000000000000;1,000000000000000;1,000000000000000;1,000000000000000;1,000000000000000;1,000000000000000;1,000000000000000;1,000000000000000;1,000000000000000;1,000000000000000
2022-09-03;60+;2;2,0;2;2;2;2;2;2;2;2;2;2;10;10,0;10;10;10;10;10;10;10,0;10,0;10,0;10,0;1,000000000000000;1,000000000000000;1,000000000000000;1,000000000000000;1,000000000000000;1,000000000000000;1,000000000000000;1,000000000000000;1,000000000000000;1,000000000000000;1,000000000000000
2022-09-03;alle;3;3,0;3;3;3;3;3;3;3;3;3;3;13;13,0;13;13;13;13;13;13;13,0;13,0;13,0;13,0;NA;NA;NA;NA;NA;NA;NA;NA;NA;NA;NA
2022-09-02;0-60;0;0,0;0;0;0;0;0;0;0;0;0;0;2;2,0;2;2;2;2;2;2;2,0;2,0;2,0;2,0;1,000000000000000;1,000000000000000;1,000000000000000;1,000000000000000;1,000000000000000;1,000000000000000;1,000000000000000;1,000000000000000;1,000000000000000;1,000000000000000;1,000000000000000
2022-09-02;60+;1;1,0;1;1;1;1;1;1;1;1;1;1;11;11,0;11;11;11;11;11;11;11,0;11,0;11,0;11,0;1,000000000000000;1,000000000000000;1,000000000000000;1,000000000000000;1,000000000000000;1,000000000000000;1,000000000000000;1,000000000000000;1,000000000000000;1,000000000000000;1,000000000000000
2022-09-02;alle;1;1,0;1;1;1;1;1;1;1;1;1;1;13;13,0;13;13;13;13;13;13;13,0;13,0;13,0;13,0;NA;NA;NA;NA;NA;NA;NA;NA;NA;NA;NA
2022-09-01;0-60;0;0,0;0;0;0;0;0;0;0;0;0;0;4;4,0;4;4;4;4;4;4;4,0;4,0;4,0;4,0;1,000000000000000;1,000000000000000;1,000000000000000;1,000000000000000;1,000000000000000;1,000000000000000;1,000000000000000;1,000000000000000;1,000000000000000;1,000000000000000;1,000000000000000
2022-09-01;60+;2;2,0;2;2;2;2;2;2;2;2;2;2;11;11,0;11;11;11;11;11;11;11,0;11,0;11,0;11,0;1,000000000000000;1,000000000000000;1,000000000000000;1,000000000000000;1,000000000000000;1,000000000000000;1,000000000000000;1,000000000000000;1,000000000000000;1,000000000000000;1,000000000000000
2022-09-01;alle;2;2,0;2;2;2;2;2;2;2;2;2;2;15;15,0;15;15;15;15;15;15;15,0;15,0;15,0;15,0;NA;NA;NA;NA;NA;NA;NA;NA;NA;NA;NA
2022-08-31;0-60;2;2,0;2;2;2;2;2;2;2;2;2;2;5;5,0;5;5;5;5;5;5;5,0;5,0;5,0;5,0;1,000000000000000;1,000000000000000;1,000000000000000;1,000000000000000;1,000000000000000;1,000000000000000;1,000000000000000;1,000000000000000;1,000000000000000;1,000000000000000;1,000000000000000
2022-08-31;60+;1;1,0;1;1;1;1;1;1;1;1;1;1;13;13,0;13;13;13;13;13;13;13,0;13,0;13,0;13,0;1,000000000000000;1,000000000000000;1,000000000000000;1,000000000000000;1,000000000000000;1,000000000000000;1,000000000000000;1,000000000000000;1,000000000000000;1,000000000000000;1,000000000000000
2022-08-31;alle;3;3,0;3;3;3;3;3;3;3;3;3;3;18;18,0;18;18;18;18;18;18;18,0;18,0;18,0;18,0;NA;NA;NA;NA;NA;NA;NA;NA;NA;NA;NA
2022-08-30;0-60;0;0,0;0;0;0;0;0;0;0;0;0;0;3;3,0;3;3;3;3;3;3;3,0;3,0;3,0;3,0;1,000000000000000;1,000000000000000;1,000000000000000;1,000000000000000;1,000000000000000;1,000000000000000;1,000000000000000;1,000000000000000;1,000000000000000;1,000000000000000;1,000000000000000
2022-08-30;60+;4;4,0;4;4;4;4;4;4;4;4;4;4;12;12,0;12;12;12;12;12;12;12,0;12,0;12,0;12,0;1,000000000000000;1,000000000000000;1,000000000000000;1,000000000000000;1,000000000000000;1,000000000000000;1,000000000000000;1,000000000000000;1,000000000000000;1,000000000000000;1,000000000000000
2022-08-30;alle;4;4,0;4;4;4;4;4;4;4;4;4;4;15;15,0;15;15;15;15;15;15;15,0;15,0;15,0;15,0;NA;NA;NA;NA;NA;NA;NA;NA;NA;NA;NA
2022-08-29;0-60;0;0,0;0;0;0;0;0;0;0;0;0;0;3;3,0;3;3;3;3;3;3;3,0;3,0;3,0;3,0;1,000000000000000;1,000000000000000;1,000000000000000;1,000000000000000;1,000000000000000;1,000000000000000;1,000000000000000;1,000000000000000;1,000000000000000;1,000000000000000;1,000000000000000
2022-08-29;60+;0;0,0;0;0;0;0;0;0;0;0;0;0;11;11,0;11;11;11;11;11;11;11,0;11,0;11,0;11,0;1,000000000000000;1,000000000000000;1,000000000000000;1,000000000000000;1,000000000000000;1,000000000000000;1,000000000000000;1,000000000000000;1,000000000000000;1,000000000000000;1,000000000000000
2022-08-29;alle;0;0,0;0;0;0;0;0;0;0;0;0;0;14;14,0;14;14;14;14;14;14;14,0;14,0;14,0;14,0;NA;NA;NA;NA;NA;NA;NA;NA;NA;NA;NA
2022-08-28;0-60;0;0,0;0;0;0;0;0;0;0;0;0;0;3;3,0;3;3;3;3;3;3;3,0;3,0;3,0;3,0;1,000000000000000;1,000000000000000;1,000000000000000;1,000000000000000;1,000000000000000;1,000000000000000;1,000000000000000;1,000000000000000;1,000000000000000;1,000000000000000;1,000000000000000
2022-08-28;60+;0;0,0;0;0;0;0;0;0;0;0;0;0;11;11,0;11;11;11;11;11;11;11,0;11,0;11,0;11,0;1,000000000000000;1,000000000000000;1,000000000000000;1,000000000000000;1,000000000000000;1,000000000000000;1,000000000000000;1,000000000000000;1,000000000000000;1,000000000000000;1,000000000000000
2022-08-28;alle;0;0,0;0;0;0;0;0;0;0;0;0;0;14;14,0;14;14;14;14;14;14;14,0;14,0;14,0;14,0;NA;NA;NA;NA;NA;NA;NA;NA;NA;NA;NA
2022-08-27;0-60;0;0,0;0;0;0;0;0;0;0;0;0;0;3;3,0;3;3;3;3;3;3;3,0;3,0;3,0;3,0;1,000000000000000;1,000000000000000;1,000000000000000;1,000000000000000;1,000000000000000;1,000000000000000;1,000000000000000;1,000000000000000;1,000000000000000;1,000000000000000;1,000000000000000
2022-08-27;60+;3;3,0;3;3;3;3;3;3;3;3;3;3;11;11,0;11;11;11;11;11;11;11,0;11,0;11,0;11,0;1,000000000000000;1,000000000000000;1,000000000000000;1,000000000000000;1,000000000000000;1,000000000000000;1,000000000000000;1,000000000000000;1,000000000000000;1,000000000000000;1,000000000000000
2022-08-27;alle;3;3,0;3;3;3;3;3;3;3;3;3;3;14;14,0;14;14;14;14;14;14;14,0;14,0;14,0;14,0;NA;NA;NA;NA;NA;NA;NA;NA;NA;NA;NA
2022-08-26;0-60;2;2,0;2;2;2;2;2;2;2;2;2;2;3;3,0;3;3;3;3;3;3;3,0;3,0;3,0;3,0;1,000000000000000;1,000000000000000;1,000000000000000;1,000000000000000;1,000000000000000;1,000000000000000;1,000000000000000;1,000000000000000;1,000000000000000;1,000000000000000;1,000000000000000
2022-08-26;60+;1;1,0;1;1;1;1;1;1;1;1;1;1;9;9,0;9;9;9;9;9;9;9,0;9,0;9,0;9,0;1,000000000000000;1,000000000000000;1,000000000000000;1,000000000000000;1,000000000000000;1,000000000000000;1,000000000000000;1,000000000000000;1,000000000000000;1,000000000000000;1,000000000000000
2022-08-26;alle;3;3,0;3;3;3;3;3;3;3;3;3;3;12;12,0;12;12;12;12;12;12;12,0;12,0;12,0;12,0;NA;NA;NA;NA;NA;NA;NA;NA;NA;NA;NA
2022-08-25;0-60;1;1,0;1;1;1;1;1;1;1;1;1;1;2;2,0;2;2;2;2;2;2;2,0;2,0;2,0;2,0;1,000000000000000;1,000000000000000;1,000000000000000;1,000000000000000;1,000000000000000;1,000000000000000;1,000000000000000;1,000000000000000;1,000000000000000;1,000000000000000;1,000000000000000
2022-08-25;60+;4;4,0;4;4;4;4;4;4;4;4;4;4;9;9,0;9;9;9;9;9;9;9,0;9,0;9,0;9,0;1,000000000000000;1,000000000000000;1,000000000000000;1,000000000000000;1,000000000000000;1,000000000000000;1,000000000000000;1,000000000000000;1,000000000000000;1,000000000000000;1,000000000000000
2022-08-25;alle;5;5,0;5;5;5;5;5;5;5;5;5;5;11;11,0;11;11;11;11;11;11;11,0;11,0;11,0;11,0;NA;NA;NA;NA;NA;NA;NA;NA;NA;NA;NA
2022-08-24;0-60;0;0,0;0;0;0;0;0;0;0;0;0;0;2;2,0;2;2;2;2;2;2;2,0;2,0;2,0;2,0;1,000000000000000;1,000000000000000;1,000000000000000;1,000000000000000;1,000000000000000;1,000000000000000;1,000000000000000;1,000000000000000;1,000000000000000;1,000000000000000;1,000000000000000
2022-08-24;60+;0;0,0;0;0;0;0;0;0;0;0;0;0;7;7,0;7;7;7;7;7;7;7,0;7,0;7,0;7,0;1,000000000000000;1,000000000000000;1,000000000000000;1,000000000000000;1,000000000000000;1,000000000000000;1,000000000000000;1,000000000000000;1,000000000000000;1,000000000000000;1,000000000000000
2022-08-24;alle;0;0,0;0;0;0;0;0;0;0;0;0;0;9;9,0;9;9;9;9;9;9;9,0;9,0;9,0;9,0;NA;NA;NA;NA;NA;NA;NA;NA;NA;NA;NA
2022-08-23;0-60;0;0,0;0;0;0;0;0;0;0;0;0;0;2;2,0;2;2;2;2;2;2;2,0;2,0;2,0;2,0;1,000000000000000;1,000000000000000;1,000000000000000;1,000000000000000;1,000000000000000;1,000000000000000;1,000000000000000;1,000000000000000;1,000000000000000;1,000000000000000;1,000000000000000
2022-08-23;60+;3;3,0;3;3;3;3;3;3;3;3;3;3;9;9,0;9;9;9;9;9;9;9,0;9,0;9,0;9,0;1,000000000000000;1,000000000000000;1,000000000000000;1,000000000000000;1,000000000000000;1,000000000000000;1,000000000000000;1,000000000000000;1,000000000000000;1,000000000000000;1,000000000000000
2022-08-23;alle;3;3,0;3;3;3;3;3;3;3;3;3;3;11;11,0;11;11;11;11;11;11;11,0;11,0;11,0;11,0;NA;NA;NA;NA;NA;NA;NA;NA;NA;NA;NA
2022-08-22;0-60;0;0,0;0;0;0;0;0;0;0;0;0;0;3;3,0;3;3;3;3;3;3;3,0;3,0;3,0;3,0;1,000000000000000;1,000000000000000;1,000000000000000;1,000000000000000;1,000000000000000;1,000000000000000;1,000000000000000;1,000000000000000;1,000000000000000;1,000000000000000;1,000000000000000
2022-08-22;60+;0;0,0;0;0;0;0;0;0;0;0;0;0;8;8,0;8;8;8;8;8;8;8,0;8,0;8,0;8,0;1,000000000000000;1,000000000000000;1,000000000000000;1,000000000000000;1,000000000000000;1,000000000000000;1,000000000000000;1,000000000000000;1,000000000000000;1,000000000000000;1,000000000000000
2022-08-22;alle;0;0,0;0;0;0;0;0;0;0;0;0;0;11;11,0;11;11;11;11;11;11;11,0;11,0;11,0;11,0;NA;NA;NA;NA;NA;NA;NA;NA;NA;NA;NA
2022-08-21;0-60;0;0,0;0;0;0;0;0;0;0;0;0;0;3;3,0;3;3;3;3;3;3;3,0;3,0;3,0;3,0;1,000000000000000;1,000000000000000;1,000000000000000;1,000000000000000;1,000000000000000;1,000000000000000;1,000000000000000;1,000000000000000;1,000000000000000;1,000000000000000;1,000000000000000
2022-08-21;60+;0;0,0;0;0;0;0;0;0;0;0;0;0;8;8,0;8;8;8;8;8;8;8,0;8,0;8,0;8,0;1,000000000000000;1,000000000000000;1,000000000000000;1,000000000000000;1,000000000000000;1,000000000000000;1,000000000000000;1,000000000000000;1,000000000000000;1,000000000000000;1,000000000000000
2022-08-21;alle;0;0,0;0;0;0;0;0;0;0;0;0;0;11;11,0;11;11;11;11;11;11;11,0;11,0;11,0;11,0;NA;NA;NA;NA;NA;NA;NA;NA;NA;NA;NA
2022-08-20;0-60;0;0,0;0;0;0;0;0;0;0;0;0;0;3;3,0;3;3;3;3;3;3;3,0;3,0;3,0;3,0;1,000000000000000;1,000000000000000;1,000000000000000;1,000000000000000;1,000000000000000;1,000000000000000;1,000000000000000;1,000000000000000;1,000000000000000;1,000000000000000;1,000000000000000
2022-08-20;60+;1;1,0;1;1;1;1;1;1;1;1;1;1;8;8,0;8;8;8;8;8;8;8,0;8,0;8,0;8,0;1,000000000000000;1,000000000000000;1,000000000000000;1,000000000000000;1,000000000000000;1,000000000000000;1,000000000000000;1,000000000000000;1,000000000000000;1,000000000000000;1,000000000000000
2022-08-20;alle;1;1,0;1;1;1;1;1;1;1;1;1;1;11;11,0;11;11;11;11;11;11;11,0;11,0;11,0;11,0;NA;NA;NA;NA;NA;NA;NA;NA;NA;NA;NA
2022-08-19;0-60;1;1,0;1;1;1;1;1;1;1;1;1;1;4;4,0;4;4;4;4;4;4;4,0;4,0;4,0;4,0;1,000000000000000;1,000000000000000;1,000000000000000;1,000000000000000;1,000000000000000;1,000000000000000;1,000000000000000;1,000000000000000;1,000000000000000;1,000000000000000;1,000000000000000
2022-08-19;60+;1;1,0;1;1;1;1;1;1;1;1;1;1;9;9,0;9;9;9;9;9;9;9,0;9,0;9,0;9,0;1,000000000000000;1,000000000000000;1,000000000000000;1,000000000000000;1,000000000000000;1,000000000000000;1,000000000000000;1,000000000000000;1,000000000000000;1,000000000000000;1,000000000000000
2022-08-19;alle;2;2,0;2;2;2;2;2;2;2;2;2;2;13;13,0;13;13;13;13;13;13;13,0;13,0;13,0;13,0;NA;NA;NA;NA;NA;NA;NA;NA;NA;NA;NA
2022-08-18;0-60;1;1,0;1;1;1;1;1;1;1;1;1;1;5;5,0;5;5;5;5;5;5;5,0;5,0;5,0;5,0;1,000000000000000;1,000000000000000;1,000000000000000;1,000000000000000;1,000000000000000;1,000000000000000;1,000000000000000;1,000000000000000;1,000000000000000;1,000000000000000;1,000000000000000
2022-08-18;60+;2;2,0;2;2;2;2;2;2;2;2;2;2;11;11,0;11;11;11;11;11;11;11,0;11,0;11,0;11,0;1,000000000000000;1,000000000000000;1,000000000000000;1,000000000000000;1,000000000000000;1,000000000000000;1,000000000000000;1,000000000000000;1,000000000000000;1,000000000000000;1,000000000000000
2022-08-18;alle;3;3,0;3;3;3;3;3;3;3;3;3;3;16;16,0;16;16;16;16;16;16;16,0;16,0;16,0;16,0;NA;NA;NA;NA;NA;NA;NA;NA;NA;NA;NA
2022-08-17;0-60;0;0,0;0;0;0;0;0;0;0;0;0;0;4;4,0;4;4;4;4;4;4;4,0;4,0;4,0;4,0;1,000000000000000;1,000000000000000;1,000000000000000;1,000000000000000;1,000000000000000;1,000000000000000;1,000000000000000;1,000000000000000;1,000000000000000;1,000000000000000;1,000000000000000
2022-08-17;60+;2;2,0;2;2;2;2;2;2;2;2;2;2;10;10,0;10;10;10;10;10;10;10,0;10,0;10,0;10,0;1,000000000000000;1,000000000000000;1,000000000000000;1,000000000000000;1,000000000000000;1,000000000000000;1,000000000000000;1,000000000000000;1,000000000000000;1,000000000000000;1,000000000000000
2022-08-17;alle;2;2,0;2;2;2;2;2;2;2;2;2;2;14;14,0;14;14;14;14;14;14;14,0;14,0;14,0;14,0;NA;NA;NA;NA;NA;NA;NA;NA;NA;NA;NA
2022-08-16;0-60;1;1,0;1;1;1;1;1;1;1;1;1;1;4;4,0;4;4;4;4;4;4;4,0;4,0;4,0;4,0;1,000000000000000;1,000000000000000;1,000000000000000;1,000000000000000;1,000000000000000;1,000000000000000;1,000000000000000;1,000000000000000;1,000000000000000;1,000000000000000;1,000000000000000
2022-08-16;60+;2;2,0;2;2;2;2;2;2;2;2;2;2;13;13,0;13;13;13;13;13;13;13,0;13,0;13,0;13,0;1,000000000000000;1,000000000000000;1,000000000000000;1,000000000000000;1,000000000000000;1,000000000000000;1,000000000000000;1,000000000000000;1,000000000000000;1,000000000000000;1,000000000000000
2022-08-16;alle;3;3,0;3;3;3;3;3;3;3;3;3;3;17;17,0;17;17;17;17;17;17;17,0;17,0;17,0;17,0;NA;NA;NA;NA;NA;NA;NA;NA;NA;NA;NA
2022-08-15;0-60;0;0,0;0;0;0;0;0;0;0;0;0;0;3;3,0;3;3;3;3;3;3;3,0;3,0;3,0;3,0;1,000000000000000;1,000000000000000;1,000000000000000;1,000000000000000;1,000000000000000;1,000000000000000;1,000000000000000;1,000000000000000;1,000000000000000;1,000000000000000;1,000000000000000
2022-08-15;60+;0;0,0;0;0;0;0;0;0;0;0;0;0;13;13,0;13;13;13;13;13;13;13,0;13,0;13,0;13,0;1,000000000000000;1,000000000000000;1,000000000000000;1,000000000000000;1,000000000000000;1,000000000000000;1,000000000000000;1,000000000000000;1,000000000000000;1,000000000000000;1,000000000000000
2022-08-15;alle;0;0,0;0;0;0;0;0;0;0;0;0;0;16;16,0;16;16;16;16;16;16;16,0;16,0;16,0;16,0;NA;NA;NA;NA;NA;NA;NA;NA;NA;NA;NA
2022-08-14;0-60;0;0,0;0;0;0;0;0;0;0;0;0;0;3;3,0;3;3;3;3;3;3;3,0;3,0;3,0;3,0;1,000000000000000;1,000000000000000;1,000000000000000;1,000000000000000;1,000000000000000;1,000000000000000;1,000000000000000;1,000000000000000;1,000000000000000;1,000000000000000;1,000000000000000
2022-08-14;60+;0;0,0;0;0;0;0;0;0;0;0;0;0;13;13,0;13;13;13;13;13;13;13,0;13,0;13,0;13,0;1,000000000000000;1,000000000000000;1,000000000000000;1,000000000000000;1,000000000000000;1,000000000000000;1,000000000000000;1,000000000000000;1,000000000000000;1,000000000000000;1,000000000000000
2022-08-14;alle;0;0,0;0;0;0;0;0;0;0;0;0;0;16;16,0;16;16;16;16;16;16;16,0;16,0;16,0;16,0;NA;NA;NA;NA;NA;NA;NA;NA;NA;NA;NA
2022-08-13;0-60;1;1,0;1;1;1;1;1;1;1;1;1;1;3;3,0;3;3;3;3;3;3;3,0;3,0;3,0;3,0;1,000000000000000;1,000000000000000;1,000000000000000;1,000000000000000;1,000000000000000;1,000000000000000;1,000000000000000;1,000000000000000;1,000000000000000;1,000000000000000;1,000000000000000
2022-08-13;60+;2;2,0;2;2;2;2;2;2;2;2;2;2;13;13,0;13;13;13;13;13;13;13,0;13,0;13,0;13,0;1,000000000000000;1,000000000000000;1,000000000000000;1,000000000000000;1,000000000000000;1,000000000000000;1,000000000000000;1,000000000000000;1,000000000000000;1,000000000000000;1,000000000000000
2022-08-13;alle;3;3,0;3;3;3;3;3;3;3;3;3;3;16;16,0;16;16;16;16;16;16;16,0;16,0;16,0;16,0;NA;NA;NA;NA;NA;NA;NA;NA;NA;NA;NA
2022-08-12;0-60;2;2,0;2;2;2;2;2;2;2;2;2;2;2;2,0;2;2;2;2;2;2;2,0;2,0;2,0;2,0;1,000000000000000;1,000000000000000;1,000000000000000;1,000000000000000;1,000000000000000;1,000000000000000;1,000000000000000;1,000000000000000;1,000000000000000;1,000000000000000;1,000000000000000
2022-08-12;60+;3;3,0;3;3;3;3;3;3;3;3;3;3;17;17,0;17;17;17;17;17;17;17,0;17,0;17,0;17,0;1,000000000000000;1,000000000000000;1,000000000000000;1,000000000000000;1,000000000000000;1,000000000000000;1,000000000000000;1,000000000000000;1,000000000000000;1,000000000000000;1,000000000000000
2022-08-12;alle;5;5,0;5;5;5;5;5;5;5;5;5;5;19;19,0;19;19;19;19;19;19;19,0;19,0;19,0;19,0;NA;NA;NA;NA;NA;NA;NA;NA;NA;NA;NA
2022-08-11;0-60;0;0,0;0;0;0;0;0;0;0;0;0;0;1;1,0;1;1;1;1;1;1;1,0;1,0;1,0;1,0;1,000000000000000;1,000000000000000;1,000000000000000;1,000000000000000;1,000000000000000;1,000000000000000;1,000000000000000;1,000000000000000;1,000000000000000;1,000000000000000;1,000000000000000
2022-08-11;60+;1;1,0;1;1;1;1;1;1;1;1;1;1;17;17,0;17;17;17;17;17;17;17,0;17,0;17,0;17,0;1,000000000000000;1,000000000000000;1,000000000000000;1,000000000000000;1,000000000000000;1,000000000000000;1,000000000000000;1,000000000000000;1,000000000000000;1,000000000000000;1,000000000000000
2022-08-11;alle;1;1,0;1;1;1;1;1;1;1;1;1;1;18;18,0;18;18;18;18;18;18;18,0;18,0;18,0;18,0;NA;NA;NA;NA;NA;NA;NA;NA;NA;NA;NA
2022-08-10;0-60;0;0,0;0;0;0;0;0;0;0;0;0;0;5;5,0;5;5;5;5;5;5;5,0;5,0;5,0;5,0;1,000000000000000;1,000000000000000;1,000000000000000;1,000000000000000;1,000000000000000;1,000000000000000;1,000000000000000;1,000000000000000;1,000000000000000;1,000000000000000;1,000000000000000
2022-08-10;60+;5;5,0;5;5;5;5;5;5;5;5;5;5;17;17,0;17;17;17;17;17;17;17,0;17,0;17,0;17,0;1,000000000000000;1,000000000000000;1,000000000000000;1,000000000000000;1,000000000000000;1,000000000000000;1,000000000000000;1,000000000000000;1,000000000000000;1,000000000000000;1,000000000000000
2022-08-10;alle;5;5,0;5;5;5;5;5;5;5;5;5;5;22;22,0;22;22;22;22;22;22;22,0;22,0;22,0;22,0;NA;NA;NA;NA;NA;NA;NA;NA;NA;NA;NA
2022-08-09;0-60;0;0,0;0;0;0;0;0;0;0;0;0;0;5;5,0;5;5;5;5;5;5;5,0;5,0;5,0;5,0;1,000000000000000;1,000000000000000;1,000000000000000;1,000000000000000;1,000000000000000;1,000000000000000;1,000000000000000;1,000000000000000;1,000000000000000;1,000000000000000;1,000000000000000
2022-08-09;60+;2;2,0;2;2;2;2;2;2;2;2;2;2;12;12,0;12;12;12;12;12;12;12,0;12,0;12,0;12,0;1,000000000000000;1,000000000000000;1,000000000000000;1,000000000000000;1,000000000000000;1,000000000000000;1,000000000000000;1,000000000000000;1,000000000000000;1,000000000000000;1,000000000000000
2022-08-09;alle;2;2,0;2;2;2;2;2;2;2;2;2;2;17;17,0;17;17;17;17;17;17;17,0;17,0;17,0;17,0;NA;NA;NA;NA;NA;NA;NA;NA;NA;NA;NA
2022-08-08;0-60;0;0,0;0;0;0;0;0;0;0;0;0;0;8;8,0;8;8;8;8;8;8;8,0;8,0;8,0;8,0;1,000000000000000;1,000000000000000;1,000000000000000;1,000000000000000;1,000000000000000;1,000000000000000;1,000000000000000;1,000000000000000;1,000000000000000;1,000000000000000;1,000000000000000
2022-08-08;60+;0;0,0;0;0;0;0;0;0;0;0;0;0;17;17,0;17;17;17;17;17;17;17,0;17,0;17,0;17,0;1,000000000000000;1,000000000000000;1,000000000000000;1,000000000000000;1,000000000000000;1,000000000000000;1,000000000000000;1,000000000000000;1,000000000000000;1,000000000000000;1,000000000000000
2022-08-08;alle;0;0,0;0;0;0;0;0;0;0;0;0;0;25;25,0;25;25;25;25;25;25;25,0;25,0;25,0;25,0;NA;NA;NA;NA;NA;NA;NA;NA;NA;NA;NA
2022-08-07;0-60;0;0,0;0;0;0;0;0;0;0;0;0;0;8;8,0;8;8;8;8;8;8;8,0;8,0;8,0;8,0;1,000000000000000;1,000000000000000;1,000000000000000;1,000000000000000;1,000000000000000;1,000000000000000;1,000000000000000;1,000000000000000;1,000000000000000;1,000000000000000;1,000000000000000
2022-08-07;60+;0;0,0;0;0;0;0;0;0;0;0;0;0;17;17,0;17;17;17;17;17;17;17,0;17,0;17,0;17,0;1,000000000000000;1,000000000000000;1,000000000000000;1,000000000000000;1,000000000000000;1,000000000000000;1,000000000000000;1,000000000000000;1,000000000000000;1,000000000000000;1,000000000000000
2022-08-07;alle;0;0,0;0;0;0;0;0;0;0;0;0;0;25;25,0;25;25;25;25;25;25;25,0;25,0;25,0;25,0;NA;NA;NA;NA;NA;NA;NA;NA;NA;NA;NA
2022-08-06;0-60;0;0,0;0;0;0;0;0;0;0;0;0;0;8;8,0;8;8;8;8;8;8;8,0;8,0;8,0;8,0;1,000000000000000;1,000000000000000;1,000000000000000;1,000000000000000;1,000000000000000;1,000000000000000;1,000000000000000;1,000000000000000;1,000000000000000;1,000000000000000;1,000000000000000
2022-08-06;60+;6;6,0;6;6;6;6;6;6;6;6;6;6;17;17,0;17;17;17;17;17;17;17,0;17,0;17,0;17,0;1,000000000000000;1,000000000000000;1,000000000000000;1,000000000000000;1,000000000000000;1,000000000000000;1,000000000000000;1,000000000000000;1,000000000000000;1,000000000000000;1,000000000000000
2022-08-06;alle;6;6,0;6;6;6;6;6;6;6;6;6;6;25;25,0;25;25;25;25;25;25;25,0;25,0;25,0;25,0;NA;NA;NA;NA;NA;NA;NA;NA;NA;NA;NA
2022-08-05;0-60;1;1,0;1;1;1;1;1;1;1;1;1;1;8;8,0;8;8;8;8;8;8;8,0;8,0;8,0;8,0;1,000000000000000;1,000000000000000;1,000000000000000;1,000000000000000;1,000000000000000;1,000000000000000;1,000000000000000;1,000000000000000;1,000000000000000;1,000000000000000;1,000000000000000
2022-08-05;60+;3;3,0;3;3;3;3;3;3;3;3;3;3;14;14,0;14;14;14;14;14;14;14,0;14,0;14,0;14,0;1,000000000000000;1,000000000000000;1,000000000000000;1,000000000000000;1,000000000000000;1,000000000000000;1,000000000000000;1,000000000000000;1,000000000000000;1,000000000000000;1,000000000000000
2022-08-05;alle;4;4,0;4;4;4;4;4;4;4;4;4;4;22;22,0;22;22;22;22;22;22;22,0;22,0;22,0;22,0;NA;NA;NA;NA;NA;NA;NA;NA;NA;NA;NA
2022-08-04;0-60;4;4,0;4;4;4;4;4;4;4;4;4;4;7;7,0;7;7;7;7;7;7;7,0;7,0;7,0;7,0;1,000000000000000;1,000000000000000;1,000000000000000;1,000000000000000;1,000000000000000;1,000000000000000;1,000000000000000;1,000000000000000;1,000000000000000;1,000000000000000;1,000000000000000
2022-08-04;60+;1;1,0;1;1;1;1;1;1;1;1;1;1;18;18,0;18;18;18;18;18;18;18,0;18,0;18,0;18,0;1,000000000000000;1,000000000000000;1,000000000000000;1,000000000000000;1,000000000000000;1,000000000000000;1,000000000000000;1,000000000000000;1,000000000000000;1,000000000000000;1,000000000000000
2022-08-04;alle;5;5,0;5;5;5;5;5;5;5;5;5;5;25;25,0;25;25;25;25;25;25;25,0;25,0;25,0;25,0;NA;NA;NA;NA;NA;NA;NA;NA;NA;NA;NA
2022-08-03;0-60;0;0,0;0;0;0;0;0;0;0;0;0;0;3;3,0;3;3;3;3;3;3;3,0;3,0;3,0;3,0;1,000000000000000;1,000000000000000;1,000000000000000;1,000000000000000;1,000000000000000;1,000000000000000;1,000000000000000;1,000000000000000;1,000000000000000;1,000000000000000;1,000000000000000
2022-08-03;60+;0;0,0;0;0;0;0;0;0;0;0;0;0;21;21,0;21;21;21;21;21;21;21,0;21,0;21,0;21,0;1,000000000000000;1,000000000000000;1,000000000000000;1,000000000000000;1,000000000000000;1,000000000000000;1,000000000000000;1,000000000000000;1,000000000000000;1,000000000000000;1,000000000000000
2022-08-03;alle;0;0,0;0;0;0;0;0;0;0;0;0;0;24;24,0;24;24;24;24;24;24;24,0;24,0;24,0;24,0;NA;NA;NA;NA;NA;NA;NA;NA;NA;NA;NA
2022-08-02;0-60;3;3,0;3;3;3;3;3;3;3;3;3;3;4;4,0;4;4;4;4;4;4;4,0;4,0;4,0;4,0;1,000000000000000;1,000000000000000;1,000000000000000;1,000000000000000;1,000000000000000;1,000000000000000;1,000000000000000;1,000000000000000;1,000000000000000;1,000000000000000;1,000000000000000
2022-08-02;60+;7;7,0;7;7;7;7;7;7;7;7;7;7;35;35,0;35;35;35;35;35;35;35,0;35,0;35,0;35,0;1,000000000000000;1,000000000000000;1,000000000000000;1,000000000000000;1,000000000000000;1,000000000000000;1,000000000000000;1,000000000000000;1,000000000000000;1,000000000000000;1,000000000000000
2022-08-02;alle;10;10,0;10;10;10;10;10;10;10;10;10;10;39;39,0;39;39;39;39;39;39;39,0;39,0;39,0;39,0;NA;NA;NA;NA;NA;NA;NA;NA;NA;NA;NA
2022-08-01;0-60;0;0,0;0;0;0;0;0;0;0;0;0;0;3;3,0;3;3;3;3;3;3;3,0;3,0;3,0;3,0;1,000000000000000;1,000000000000000;1,000000000000000;1,000000000000000;1,000000000000000;1,000000000000000;1,000000000000000;1,000000000000000;1,000000000000000;1,000000000000000;1,000000000000000
2022-08-01;60+;0;0,0;0;0;0;0;0;0;0;0;0;0;37;37,0;37;37;37;37;37;37;37,0;37,0;37,0;37,0;1,000000000000000;1,000000000000000;1,000000000000000;1,000000000000000;1,000000000000000;1,000000000000000;1,000000000000000;1,000000000000000;1,000000000000000;1,000000000000000;1,000000000000000
2022-08-01;alle;0;0,0;0;0;0;0;0;0;0;0;0;0;40;40,0;40;40;40;40;40;40;40,0;40,0;40,0;40,0;NA;NA;NA;NA;NA;NA;NA;NA;NA;NA;NA
2022-07-31;0-60;0;0,0;0;0;0;0;0;0;0;0;0;0;3;3,0;3;3;3;3;3;3;3,0;3,0;3,0;3,0;1,000000000000000;1,000000000000000;1,000000000000000;1,000000000000000;1,000000000000000;1,000000000000000;1,000000000000000;1,000000000000000;1,000000000000000;1,000000000000000;1,000000000000000
2022-07-31;60+;0;0,0;0;0;0;0;0;0;0;0;0;0;37;37,0;37;37;37;37;37;37;37,0;37,0;37,0;37,0;1,000000000000000;1,000000000000000;1,000000000000000;1,000000000000000;1,000000000000000;1,000000000000000;1,000000000000000;1,000000000000000;1,000000000000000;1,000000000000000;1,000000000000000
2022-07-31;alle;0;0,0;0;0;0;0;0;0;0;0;0;0;40;40,0;40;40;40;40;40;40;40,0;40,0;40,0;40,0;NA;NA;NA;NA;NA;NA;NA;NA;NA;NA;NA
2022-07-30;0-60;0;0,0;0;0;0;0;0;0;0;0;0;0;3;3,0;3;3;3;3;3;3;3,0;3,0;3,0;3,0;1,000000000000000;1,000000000000000;1,000000000000000;1,000000000000000;1,000000000000000;1,000000000000000;1,000000000000000;1,000000000000000;1,000000000000000;1,000000000000000;1,000000000000000
2022-07-30;60+;3;3,0;3;3;3;3;3;3;3;3;3;3;39;39,0;39;39;39;39;39;39;39,0;39,0;39,0;39,0;1,000000000000000;1,000000000000000;1,000000000000000;1,000000000000000;1,000000000000000;1,000000000000000;1,000000000000000;1,000000000000000;1,000000000000000;1,000000000000000;1,000000000000000
2022-07-30;alle;3;3,0;3;3;3;3;3;3;3;3;3;3;42;42,0;42;42;42;42;42;42;42,0;42,0;42,0;42,0;NA;NA;NA;NA;NA;NA;NA;NA;NA;NA;NA
2022-07-29;0-60;0;0,0;0;0;0;0;0;0;0;0;0;0;4;4,0;4;4;4;4;4;4;4,0;4,0;4,0;4,0;1,000000000000000;1,000000000000000;1,000000000000000;1,000000000000000;1,000000000000000;1,000000000000000;1,000000000000000;1,000000000000000;1,000000000000000;1,000000000000000;1,000000000000000
2022-07-29;60+;7;7,0;7;7;7;7;7;7;7;7;7;7;39;39,0;39;39;39;39;39;39;39,0;39,0;39,0;39,0;1,000000000000000;1,000000000000000;1,000000000000000;1,000000000000000;1,000000000000000;1,000000000000000;1,000000000000000;1,000000000000000;1,000000000000000;1,000000000000000;1,000000000000000
2022-07-29;alle;7;7,0;7;7;7;7;7;7;7;7;7;7;43;43,0;43;43;43;43;43;43;43,0;43,0;43,0;43,0;NA;NA;NA;NA;NA;NA;NA;NA;NA;NA;NA
2022-07-28;0-60;0;0,0;0;0;0;0;0;0;0;0;0;0;5;5,0;5;5;5;5;5;5;5,0;5,0;5,0;5,0;1,000000000000000;1,000000000000000;1,000000000000000;1,000000000000000;1,000000000000000;1,000000000000000;1,000000000000000;1,000000000000000;1,000000000000000;1,000000000000000;1,000000000000000
2022-07-28;60+;4;4,0;4;4;4;4;4;4;4;4;4;4;36;36,0;36;36;36;36;36;36;36,0;36,0;36,0;36,0;1,000000000000000;1,000000000000000;1,000000000000000;1,000000000000000;1,000000000000000;1,000000000000000;1,000000000000000;1,000000000000000;1,000000000000000;1,000000000000000;1,000000000000000
2022-07-28;alle;4;4,0;4;4;4;4;4;4;4;4;4;4;41;41,0;41;41;41;41;41;41;41,0;41,0;41,0;41,0;NA;NA;NA;NA;NA;NA;NA;NA;NA;NA;NA
2022-07-27;0-60;1;1,0;1;1;1;1;1;1;1;1;1;1;8;8,0;8;8;8;8;8;8;8,0;8,0;8,0;8,0;1,000000000000000;1,000000000000000;1,000000000000000;1,000000000000000;1,000000000000000;1,000000000000000;1,000000000000000;1,000000000000000;1,000000000000000;1,000000000000000;1,000000000000000
2022-07-27;60+;14;14,0;14;14;14;14;14;14;14;14;14;14;37;37,0;37;37;37;37;37;37;37,0;37,0;37,0;37,0;1,000000000000000;1,000000000000000;1,000000000000000;1,000000000000000;1,000000000000000;1,000000000000000;1,000000000000000;1,000000000000000;1,000000000000000;1,000000000000000;1,000000000000000
2022-07-27;alle;15;15,0;15;15;15;15;15;15;15;15;15;15;45;45,0;45;45;45;45;45;45;45,0;45,0;45,0;45,0;NA;NA;NA;NA;NA;NA;NA;NA;NA;NA;NA
2022-07-26;0-60;2;2,0;2;2;2;2;2;2;2;2;2;2;9;9,0;9;9;9;9;9;9;9,0;9,0;9,0;9,0;1,000000000000000;1,000000000000000;1,000000000000000;1,000000000000000;1,000000000000000;1,000000000000000;1,000000000000000;1,000000000000000;1,000000000000000;1,000000000000000;1,000000000000000
2022-07-26;60+;9;9,0;9;9;9;9;9;9;9;9;9;9;28;28,0;28;28;28;28;28;28;28,0;28,0;28,0;28,0;1,000000000000000;1,000000000000000;1,000000000000000;1,000000000000000;1,000000000000000;1,000000000000000;1,000000000000000;1,000000000000000;1,000000000000000;1,000000000000000;1,000000000000000
2022-07-26;alle;11;11,0;11;11;11;11;11;11;11;11;11;11;37;37,0;37;37;37;37;37;37;37,0;37,0;37,0;37,0;NA;NA;NA;NA;NA;NA;NA;NA;NA;NA;NA
2022-07-25;0-60;0;0,0;0;0;0;0;0;0;0;0;0;0;9;9,0;9;9;9;9;9;9;9,0;9,0;9,0;9,0;1,000000000000000;1,000000000000000;1,000000000000000;1,000000000000000;1,000000000000000;1,000000000000000;1,000000000000000;1,000000000000000;1,000000000000000;1,000000000000000;1,000000000000000
2022-07-25;60+;0;0,0;0;0;0;0;0;0;0;0;0;0;24;24,0;24;24;24;24;24;24;24,0;24,0;24,0;24,0;1,000000000000000;1,000000000000000;1,000000000000000;1,000000000000000;1,000000000000000;1,000000000000000;1,000000000000000;1,000000000000000;1,000000000000000;1,000000000000000;1,000000000000000
2022-07-25;alle;0;0,0;0;0;0;0;0;0;0;0;0;0;33;33,0;33;33;33;33;33;33;33,0;33,0;33,0;33,0;NA;NA;NA;NA;NA;NA;NA;NA;NA;NA;NA
2022-07-24;0-60;0;0,0;0;0;0;0;0;0;0;0;0;0;9;9,0;9;9;9;9;9;9;9,0;9,0;9,0;9,0;1,000000000000000;1,000000000000000;1,000000000000000;1,000000000000000;1,000000000000000;1,000000000000000;1,000000000000000;1,000000000000000;1,000000000000000;1,000000000000000;1,000000000000000
2022-07-24;60+;2;2,0;2;2;2;2;2;2;2;2;2;2;25;25,0;25;25;25;25;25;25;25,0;25,0;25,0;25,0;1,000000000000000;1,000000000000000;1,000000000000000;1,000000000000000;1,000000000000000;1,000000000000000;1,000000000000000;1,000000000000000;1,000000000000000;1,000000000000000;1,000000000000000
2022-07-24;alle;2;2,0;2;2;2;2;2;2;2;2;2;2;34;34,0;34;34;34;34;34;34;34,0;34,0;34,0;34,0;NA;NA;NA;NA;NA;NA;NA;NA;NA;NA;NA
2022-07-23;0-60;1;1,0;1;1;1;1;1;1;1;1;1;1;9;9,0;9;9;9;9;9;9;9,0;9,0;9,0;9,0;1,000000000000000;1,000000000000000;1,000000000000000;1,000000000000000;1,000000000000000;1,000000000000000;1,000000000000000;1,000000000000000;1,000000000000000;1,000000000000000;1,000000000000000
2022-07-23;60+;3;3,0;3;3;3;3;3;3;3;3;3;3;23;23,0;23;23;23;23;23;23;23,0;23,0;23,0;23,0;1,000000000000000;1,000000000000000;1,000000000000000;1,000000000000000;1,000000000000000;1,000000000000000;1,000000000000000;1,000000000000000;1,000000000000000;1,000000000000000;1,000000000000000
2022-07-23;alle;4;4,0;4;4;4;4;4;4;4;4;4;4;32;32,0;32;32;32;32;32;32;32,0;32,0;32,0;32,0;NA;NA;NA;NA;NA;NA;NA;NA;NA;NA;NA
2022-07-22;0-60;1;1,0;1;1;1;1;1;1;1;1;1;1;9;9,0;9;9;9;9;9;9;9,0;9,0;9,0;9,0;1,000000000000000;1,000000000000000;1,000000000000000;1,000000000000000;1,000000000000000;1,000000000000000;1,000000000000000;1,000000000000000;1,000000000000000;1,000000000000000;1,000000000000000
2022-07-22;60+;4;4,0;4;4;4;4;4;4;4;4;4;4;23;23,0;23;23;23;23;23;23;23,0;23,0;23,0;23,0;1,000000000000000;1,000000000000000;1,000000000000000;1,000000000000000;1,000000000000000;1,000000000000000;1,000000000000000;1,000000000000000;1,000000000000000;1,000000000000000;1,000000000000000
2022-07-22;alle;5;5,0;5;5;5;5;5;5;5;5;5;5;32;32,0;32;32;32;32;32;32;32,0;32,0;32,0;32,0;NA;NA;NA;NA;NA;NA;NA;NA;NA;NA;NA
2022-07-21;0-60;3;3,0;3;3;3;3;3;3;3;3;3;3;9;9,0;9;9;9;9;9;9;9,0;9,0;9,0;9,0;1,000000000000000;1,000000000000000;1,000000000000000;1,000000000000000;1,000000000000000;1,000000000000000;1,000000000000000;1,000000000000000;1,000000000000000;1,000000000000000;1,000000000000000
2022-07-21;60+;5;5,0;5;5;5;5;5;5;5;5;5;5;25;25,0;25;25;25;25;25;25;25,0;25,0;25,0;25,0;1,000000000000000;1,000000000000000;1,000000000000000;1,000000000000000;1,000000000000000;1,000000000000000;1,000000000000000;1,000000000000000;1,000000000000000;1,000000000000000;1,000000000000000
2022-07-21;alle;8;8,0;8;8;8;8;8;8;8;8;8;8;34;34,0;34;34;34;34;34;34;34,0;34,0;34,0;34,0;NA;NA;NA;NA;NA;NA;NA;NA;NA;NA;NA
2022-07-20;0-60;2;2,0;2;2;2;2;2;2;2;2;2;2;7;7,0;7;7;7;7;7;7;7,0;7,0;7,0;7,0;1,000000000000000;1,000000000000000;1,000000000000000;1,000000000000000;1,000000000000000;1,000000000000000;1,000000000000000;1,000000000000000;1,000000000000000;1,000000000000000;1,000000000000000
2022-07-20;60+;5;5,0;5;5;5;5;5;5;5;5;5;5;31;31,0;31;31;31;31;31;31;31,0;31,0;31,0;31,0;1,000000000000000;1,000000000000000;1,000000000000000;1,000000000000000;1,000000000000000;1,000000000000000;1,000000000000000;1,000000000000000;1,000000000000000;1,000000000000000;1,000000000000000
2022-07-20;alle;7;7,0;7;7;7;7;7;7;7;7;7;7;38;38,0;38;38;38;38;38;38;38,0;38,0;38,0;38,0;NA;NA;NA;NA;NA;NA;NA;NA;NA;NA;NA
2022-07-19;0-60;2;2,0;2;2;2;2;2;2;2;2;2;2;8;8,0;8;8;8;8;8;8;8,0;8,0;8,0;8,0;1,000000000000000;1,000000000000000;1,000000000000000;1,000000000000000;1,000000000000000;1,000000000000000;1,000000000000000;1,000000000000000;1,000000000000000;1,000000000000000;1,000000000000000
2022-07-19;60+;5;5,0;5;5;5;5;5;5;5;5;5;5;31;31,0;31;31;31;31;31;31;31,0;31,0;31,0;31,0;1,000000000000000;1,000000000000000;1,000000000000000;1,000000000000000;1,000000000000000;1,000000000000000;1,000000000000000;1,000000000000000;1,000000000000000;1,000000000000000;1,000000000000000
2022-07-19;alle;7;7,0;7;7;7;7;7;7;7;7;7;7;39;39,0;39;39;39;39;39;39;39,0;39,0;39,0;39,0;NA;NA;NA;NA;NA;NA;NA;NA;NA;NA;NA
2022-07-18;0-60;0;0,0;0;0;0;0;0;0;0;0;0;0;7;7,0;7;7;7;7;7;7;7,0;7,0;7,0;7,0;1,000000000000000;1,000000000000000;1,000000000000000;1,000000000000000;1,000000000000000;1,000000000000000;1,000000000000000;1,000000000000000;1,000000000000000;1,000000000000000;1,000000000000000
2022-07-18;60+;1;1,0;1;1;1;1;1;1;1;1;1;1;36;36,0;36;36;36;36;36;36;36,0;36,0;36,0;36,0;1,000000000000000;1,000000000000000;1,000000000000000;1,000000000000000;1,000000000000000;1,000000000000000;1,000000000000000;1,000000000000000;1,000000000000000;1,000000000000000;1,000000000000000
2022-07-18;alle;1;1,0;1;1;1;1;1;1;1;1;1;1;43;43,0;43;43;43;43;43;43;43,0;43,0;43,0;43,0;NA;NA;NA;NA;NA;NA;NA;NA;NA;NA;NA
2022-07-17;0-60;0;0,0;0;0;0;0;0;0;0;0;0;0;7;7,0;7;7;7;7;7;7;7,0;7,0;7,0;7,0;1,000000000000000;1,000000000000000;1,000000000000000;1,000000000000000;1,000000000000000;1,000000000000000;1,000000000000000;1,000000000000000;1,000000000000000;1,000000000000000;1,000000000000000
2022-07-17;60+;0;0,0;0;0;0;0;0;0;0;0;0;0;36;36,0;36;36;36;36;36;36;36,0;36,0;36,0;36,0;1,000000000000000;1,000000000000000;1,000000000000000;1,000000000000000;1,000000000000000;1,000000000000000;1,000000000000000;1,000000000000000;1,000000000000000;1,000000000000000;1,000000000000000
2022-07-17;alle;0;0,0;0;0;0;0;0;0;0;0;0;0;43;43,0;43;43;43;43;43;43;43,0;43,0;43,0;43,0;NA;NA;NA;NA;NA;NA;NA;NA;NA;NA;NA
2022-07-16;0-60;1;1,0;1;1;1;1;1;1;1;1;1;1;7;7,0;7;7;7;7;7;7;7,0;7,0;7,0;7,0;1,000000000000000;1,000000000000000;1,000000000000000;1,000000000000000;1,000000000000000;1,000000000000000;1,000000000000000;1,000000000000000;1,000000000000000;1,000000000000000;1,000000000000000
2022-07-16;60+;3;3,0;3;3;3;3;3;3;3;3;3;3;37;37,0;37;37;37;37;37;37;37,0;37,0;37,0;37,0;1,000000000000000;1,000000000000000;1,000000000000000;1,000000000000000;1,000000000000000;1,000000000000000;1,000000000000000;1,000000000000000;1,000000000000000;1,000000000000000;1,000000000000000
2022-07-16;alle;4;4,0;4;4;4;4;4;4;4;4;4;4;44;44,0;44;44;44;44;44;44;44,0;44,0;44,0;44,0;NA;NA;NA;NA;NA;NA;NA;NA;NA;NA;NA
2022-07-15;0-60;1;1,0;1;1;1;1;1;1;1;1;1;1;7;7,0;7;7;7;7;7;7;7,0;7,0;7,0;7,0;1,000000000000000;1,000000000000000;1,000000000000000;1,000000000000000;1,000000000000000;1,000000000000000;1,000000000000000;1,000000000000000;1,000000000000000;1,000000000000000;1,000000000000000
2022-07-15;60+;6;6,0;6;6;6;6;6;6;6;6;6;6;36;36,0;36;36;36;36;36;36;36,0;36,0;36,0;36,0;1,000000000000000;1,000000000000000;1,000000000000000;1,000000000000000;1,000000000000000;1,000000000000000;1,000000000000000;1,000000000000000;1,000000000000000;1,000000000000000;1,000000000000000
2022-07-15;alle;7;7,0;7;7;7;7;7;7;7;7;7;7;43;43,0;43;43;43;43;43;43;43,0;43,0;43,0;43,0;NA;NA;NA;NA;NA;NA;NA;NA;NA;NA;NA
2022-07-14;0-60;1;1,0;1;1;1;1;1;1;1;1;1;1;7;7,0;7;7;7;7;7;7;7,0;7,0;7,0;7,0;1,000000000000000;1,000000000000000;1,000000000000000;1,000000000000000;1,000000000000000;1,000000000000000;1,000000000000000;1,000000000000000;1,000000000000000;1,000000000000000;1,000000000000000
2022-07-14;60+;11;11,0;11;11;11;11;11;11;11;11;11;11;34;34,0;34;34;34;34;34;34;34,0;34,0;34,0;34,0;1,000000000000000;1,000000000000000;1,000000000000000;1,000000000000000;1,000000000000000;1,000000000000000;1,000000000000000;1,000000000000000;1,000000000000000;1,000000000000000;1,000000000000000
2022-07-14;alle;12;12,0;12;12;12;12;12;12;12;12;12;12;41;41,0;41;41;41;41;41;41;41,0;41,0;41,0;41,0;NA;NA;NA;NA;NA;NA;NA;NA;NA;NA;NA
2022-07-13;0-60;3;3,0;3;3;3;3;3;3;3;3;3;3;6;6,0;6;6;6;6;6;6;6,0;6,0;6,0;6,0;1,000000000000000;1,000000000000000;1,000000000000000;1,000000000000000;1,000000000000000;1,000000000000000;1,000000000000000;1,000000000000000;1,000000000000000;1,000000000000000;1,000000000000000
2022-07-13;60+;5;5,0;5;5;5;5;5;5;5;5;5;5;23;23,0;23;23;23;23;23;23;23,0;23,0;23,0;23,0;1,000000000000000;1,000000000000000;1,000000000000000;1,000000000000000;1,000000000000000;1,000000000000000;1,000000000000000;1,000000000000000;1,000000000000000;1,000000000000000;1,000000000000000
2022-07-13;alle;8;8,0;8;8;8;8;8;8;8;8;8;8;29;29,0;29;29;29;29;29;29;29,0;29,0;29,0;29,0;NA;NA;NA;NA;NA;NA;NA;NA;NA;NA;NA
2022-07-12;0-60;1;1,0;1;1;1;1;1;1;1;1;1;1;3;3,0;3;3;3;3;3;3;3,0;3,0;3,0;3,0;1,000000000000000;1,000000000000000;1,000000000000000;1,000000000000000;1,000000000000000;1,000000000000000;1,000000000000000;1,000000000000000;1,000000000000000;1,000000000000000;1,000000000000000
2022-07-12;60+;10;10,0;10;10;10;10;10;10;10;10;10;10;22;22,0;22;22;22;22;22;22;22,0;22,0;22,0;22,0;1,000000000000000;1,000000000000000;1,000000000000000;1,000000000000000;1,000000000000000;1,000000000000000;1,000000000000000;1,000000000000000;1,000000000000000;1,000000000000000;1,000000000000000
2022-07-12;alle;11;11,0;11;11;11;11;11;11;11;11;11;11;25;25,0;25;25;25;25;25;25;25,0;25,0;25,0;25,0;NA;NA;NA;NA;NA;NA;NA;NA;NA;NA;NA
2022-07-11;0-60;0;0,0;0;0;0;0;0;0;0;0;0;0;4;4,0;4;4;4;4;4;4;4,0;4,0;4,0;4,0;1,000000000000000;1,000000000000000;1,000000000000000;1,000000000000000;1,000000000000000;1,000000000000000;1,000000000000000;1,000000000000000;1,000000000000000;1,000000000000000;1,000000000000000
2022-07-11;60+;1;1,0;1;1;1;1;1;1;1;1;1;1;20;20,0;20;20;20;20;20;20;20,0;20,0;20,0;20,0;1,000000000000000;1,000000000000000;1,000000000000000;1,000000000000000;1,000000000000000;1,000000000000000;1,000000000000000;1,000000000000000;1,000000000000000;1,000000000000000;1,000000000000000
2022-07-11;alle;1;1,0;1;1;1;1;1;1;1;1;1;1;24;24,0;24;24;24;24;24;24;24,0;24,0;24,0;24,0;NA;NA;NA;NA;NA;NA;NA;NA;NA;NA;NA
2022-07-10;0-60;0;0,0;0;0;0;0;0;0;0;0;0;0;4;4,0;4;4;4;4;4;4;4,0;4,0;4,0;4,0;1,000000000000000;1,000000000000000;1,000000000000000;1,000000000000000;1,000000000000000;1,000000000000000;1,000000000000000;1,000000000000000;1,000000000000000;1,000000000000000;1,000000000000000
2022-07-10;60+;1;1,0;1;1;1;1;1;1;1;1;1;1;19;19,0;19;19;19;19;19;19;19,0;19,0;19,0;19,0;1,000000000000000;1,000000000000000;1,000000000000000;1,000000000000000;1,000000000000000;1,000000000000000;1,000000000000000;1,000000000000000;1,000000000000000;1,000000000000000;1,000000000000000
2022-07-10;alle;1;1,0;1;1;1;1;1;1;1;1;1;1;23;23,0;23;23;23;23;23;23;23,0;23,0;23,0;23,0;NA;NA;NA;NA;NA;NA;NA;NA;NA;NA;NA
2022-07-09;0-60;1;1,0;1;1;1;1;1;1;1;1;1;1;4;4,0;4;4;4;4;4;4;4,0;4,0;4,0;4,0;1,000000000000000;1,000000000000000;1,000000000000000;1,000000000000000;1,000000000000000;1,000000000000000;1,000000000000000;1,000000000000000;1,000000000000000;1,000000000000000;1,000000000000000
2022-07-09;60+;2;2,0;2;2;2;2;2;2;2;2;2;2;19;19,0;19;19;19;19;19;19;19,0;19,0;19,0;19,0;1,000000000000000;1,000000000000000;1,000000000000000;1,000000000000000;1,000000000000000;1,000000000000000;1,000000000000000;1,000000000000000;1,000000000000000;1,000000000000000;1,000000000000000
2022-07-09;alle;3;3,0;3;3;3;3;3;3;3;3;3;3;23;23,0;23;23;23;23;23;23;23,0;23,0;23,0;23,0;NA;NA;NA;NA;NA;NA;NA;NA;NA;NA;NA
2022-07-08;0-60;1;1,0;1;1;1;1;1;1;1;1;1;1;3;3,0;3;3;3;3;3;3;3,0;3,0;3,0;3,0;1,000000000000000;1,000000000000000;1,000000000000000;1,000000000000000;1,000000000000000;1,000000000000000;1,000000000000000;1,000000000000000;1,000000000000000;1,000000000000000;1,000000000000000
2022-07-08;60+;4;4,0;4;4;4;4;4;4;4;4;4;4;17;17,0;17;17;17;17;17;17;17,0;17,0;17,0;17,0;1,000000000000000;1,000000000000000;1,000000000000000;1,000000000000000;1,000000000000000;1,000000000000000;1,000000000000000;1,000000000000000;1,000000000000000;1,000000000000000;1,000000000000000
2022-07-08;alle;5;5,0;5;5;5;5;5;5;5;5;5;5;20;20,0;20;20;20;20;20;20;20,0;20,0;20,0;20,0;NA;NA;NA;NA;NA;NA;NA;NA;NA;NA;NA
2022-07-07;0-60;0;0,0;0;0;0;0;0;0;0;0;0;0;3;3,0;3;3;3;3;3;3;3,0;3,0;3,0;3,0;1,000000000000000;1,000000000000000;1,000000000000000;1,000000000000000;1,000000000000000;1,000000000000000;1,000000000000000;1,000000000000000;1,000000000000000;1,000000000000000;1,000000000000000
2022-07-07;60+;0;0,0;0;0;0;0;0;0;0;0;0;0;14;14,0;14;14;14;14;14;14;14,0;14,0;14,0;14,0;1,000000000000000;1,000000000000000;1,000000000000000;1,000000000000000;1,000000000000000;1,000000000000000;1,000000000000000;1,000000000000000;1,000000000000000;1,000000000000000;1,000000000000000
2022-07-07;alle;0;0,0;0;0;0;0;0;0;0;0;0;0;17;17,0;17;17;17;17;17;17;17,0;17,0;17,0;17,0;NA;NA;NA;NA;NA;NA;NA;NA;NA;NA;NA
2022-07-06;0-60;0;0,0;0;0;0;0;0;0;0;0;0;0;3;3,0;3;3;3;3;3;3;3,0;3,0;3,0;3,0;1,000000000000000;1,000000000000000;1,000000000000000;1,000000000000000;1,000000000000000;1,000000000000000;1,000000000000000;1,000000000000000;1,000000000000000;1,000000000000000;1,000000000000000
2022-07-06;60+;4;4,0;4;4;4;4;4;4;4;4;4;4;15;15,0;15;15;15;15;15;15;15,0;15,0;15,0;15,0;1,000000000000000;1,000000000000000;1,000000000000000;1,000000000000000;1,000000000000000;1,000000000000000;1,000000000000000;1,000000000000000;1,000000000000000;1,000000000000000;1,000000000000000
2022-07-06;alle;4;4,0;4;4;4;4;4;4;4;4;4;4;18;18,0;18;18;18;18;18;18;18,0;18,0;18,0;18,0;NA;NA;NA;NA;NA;NA;NA;NA;NA;NA;NA
2022-07-05;0-60;2;2,0;2;2;2;2;2;2;2;2;2;2;5;5,0;5;5;5;5;5;5;5,0;5,0;5,0;5,0;1,000000000000000;1,000000000000000;1,000000000000000;1,000000000000000;1,000000000000000;1,000000000000000;1,000000000000000;1,000000000000000;1,000000000000000;1,000000000000000;1,000000000000000
2022-07-05;60+;8;8,0;8;8;8;8;8;8;8;8;8;8;14;14,0;14;14;14;14;14;14;14,0;14,0;14,0;14,0;1,000000000000000;1,000000000000000;1,000000000000000;1,000000000000000;1,000000000000000;1,000000000000000;1,000000000000000;1,000000000000000;1,000000000000000;1,000000000000000;1,000000000000000
2022-07-05;alle;10;10,0;10;10;10;10;10;10;10;10;10;10;19;19,0;19;19;19;19;19;19;19,0;19,0;19,0;19,0;NA;NA;NA;NA;NA;NA;NA;NA;NA;NA;NA
2022-07-04;0-60;0;0,0;0;0;0;0;0;0;0;0;0;0;3;3,0;3;3;3;3;3;3;3,0;3,0;3,0;3,0;1,000000000000000;1,000000000000000;1,000000000000000;1,000000000000000;1,000000000000000;1,000000000000000;1,000000000000000;1,000000000000000;1,000000000000000;1,000000000000000;1,000000000000000
2022-07-04;60+;0;0,0;0;0;0;0;0;0;0;0;0;0;10;10,0;10;10;10;10;10;10;10,0;10,0;10,0;10,0;1,000000000000000;1,000000000000000;1,000000000000000;1,000000000000000;1,000000000000000;1,000000000000000;1,000000000000000;1,000000000000000;1,000000000000000;1,000000000000000;1,000000000000000
2022-07-04;alle;0;0,0;0;0;0;0;0;0;0;0;0;0;13;13,0;13;13;13;13;13;13;13,0;13,0;13,0;13,0;NA;NA;NA;NA;NA;NA;NA;NA;NA;NA;NA
2022-07-03;0-60;0;0,0;0;0;0;0;0;0;0;0;0;0;3;3,0;3;3;3;3;3;3;3,0;3,0;3,0;3,0;1,000000000000000;1,000000000000000;1,000000000000000;1,000000000000000;1,000000000000000;1,000000000000000;1,000000000000000;1,000000000000000;1,000000000000000;1,000000000000000;1,000000000000000
2022-07-03;60+;1;1,0;1;1;1;1;1;1;1;1;1;1;10;10,0;10;10;10;10;10;10;10,0;10,0;10,0;10,0;1,000000000000000;1,000000000000000;1,000000000000000;1,000000000000000;1,000000000000000;1,000000000000000;1,000000000000000;1,000000000000000;1,000000000000000;1,000000000000000;1,000000000000000
2022-07-03;alle;1;1,0;1;1;1;1;1;1;1;1;1;1;13;13,0;13;13;13;13;13;13;13,0;13,0;13,0;13,0;NA;NA;NA;NA;NA;NA;NA;NA;NA;NA;NA
2022-07-02;0-60;0;0,0;0;0;0;0;0;0;0;0;0;0;3;3,0;3;3;3;3;3;3;3,0;3,0;3,0;3,0;1,000000000000000;1,000000000000000;1,000000000000000;1,000000000000000;1,000000000000000;1,000000000000000;1,000000000000000;1,000000000000000;1,000000000000000;1,000000000000000;1,000000000000000
2022-07-02;60+;0;0,0;0;0;0;0;0;0;0;0;0;0;11;11,0;11;11;11;11;11;11;11,0;11,0;11,0;11,0;1,000000000000000;1,000000000000000;1,000000000000000;1,000000000000000;1,000000000000000;1,000000000000000;1,000000000000000;1,000000000000000;1,000000000000000;1,000000000000000;1,000000000000000
2022-07-02;alle;0;0,0;0;0;0;0;0;0;0;0;0;0;14;14,0;14;14;14;14;14;14;14,0;14,0;14,0;14,0;NA;NA;NA;NA;NA;NA;NA;NA;NA;NA;NA
2022-07-01;0-60;1;1,0;1;1;1;1;1;1;1;1;1;1;6;6,0;6;6;6;6;6;6;6,0;6,0;6,0;6,0;1,000000000000000;1,000000000000000;1,000000000000000;1,000000000000000;1,000000000000000;1,000000000000000;1,000000000000000;1,000000000000000;1,000000000000000;1,000000000000000;1,000000000000000
2022-07-01;60+;1;1,0;1;1;1;1;1;1;1;1;1;1;15;15,0;15;15;15;15;15;15;15,0;15,0;15,0;15,0;1,000000000000000;1,000000000000000;1,000000000000000;1,000000000000000;1,000000000000000;1,000000000000000;1,000000000000000;1,000000000000000;1,000000000000000;1,000000000000000;1,000000000000000
2022-07-01;alle;2;2,0;2;2;2;2;2;2;2;2;2;2;21;21,0;21;21;21;21;21;21;21,0;21,0;21,0;21,0;NA;NA;NA;NA;NA;NA;NA;NA;NA;NA;NA
2022-06-30;0-60;0;0,0;0;0;0;0;0;0;0;0;0;0;6;6,0;6;6;6;6;6;6;6,0;6,0;6,0;6,0;1,000000000000000;1,000000000000000;1,000000000000000;1,000000000000000;1,000000000000000;1,000000000000000;1,000000000000000;1,000000000000000;1,000000000000000;1,000000000000000;1,000000000000000
2022-06-30;60+;1;1,0;1;1;1;1;1;1;1;1;1;1;14;14,0;14;14;14;14;14;14;14,0;14,0;14,0;14,0;1,000000000000000;1,000000000000000;1,000000000000000;1,000000000000000;1,000000000000000;1,000000000000000;1,000000000000000;1,000000000000000;1,000000000000000;1,000000000000000;1,000000000000000
2022-06-30;alle;1;1,0;1;1;1;1;1;1;1;1;1;1;20;20,0;20;20;20;20;20;20;20,0;20,0;20,0;20,0;NA;NA;NA;NA;NA;NA;NA;NA;NA;NA;NA
2022-06-29;0-60;2;2,0;2;2;2;2;2;2;2;2;2;2;7;7,0;7;7;7;7;7;7;7,0;7,0;7,0;7,0;1,000000000000000;1,000000000000000;1,000000000000000;1,000000000000000;1,000000000000000;1,000000000000000;1,000000000000000;1,000000000000000;1,000000000000000;1,000000000000000;1,000000000000000
2022-06-29;60+;3;3,0;3;3;3;3;3;3;3;3;3;3;16;16,0;16;16;16;16;16;16;16,0;16,0;16,0;16,0;1,000000000000000;1,000000000000000;1,000000000000000;1,000000000000000;1,000000000000000;1,000000000000000;1,000000000000000;1,000000000000000;1,000000000000000;1,000000000000000;1,000000000000000
2022-06-29;alle;5;5,0;5;5;5;5;5;5;5;5;5;5;23;23,0;23;23;23;23;23;23;23,0;23,0;23,0;23,0;NA;NA;NA;NA;NA;NA;NA;NA;NA;NA;NA
2022-06-28;0-60;0;0,0;0;0;0;0;0;0;0;0;0;0;5;5,0;5;5;5;5;5;5;5,0;5,0;5,0;5,0;1,000000000000000;1,000000000000000;1,000000000000000;1,000000000000000;1,000000000000000;1,000000000000000;1,000000000000000;1,000000000000000;1,000000000000000;1,000000000000000;1,000000000000000
2022-06-28;60+;4;4,0;4;4;4;4;4;4;4;4;4;4;16;16,0;16;16;16;16;16;16;16,0;16,0;16,0;16,0;1,000000000000000;1,000000000000000;1,000000000000000;1,000000000000000;1,000000000000000;1,000000000000000;1,000000000000000;1,000000000000000;1,000000000000000;1,000000000000000;1,000000000000000
2022-06-28;alle;4;4,0;4;4;4;4;4;4;4;4;4;4;21;21,0;21;21;21;21;21;21;21,0;21,0;21,0;21,0;NA;NA;NA;NA;NA;NA;NA;NA;NA;NA;NA
2022-06-27;0-60;0;0,0;0;0;0;0;0;0;0;0;0;0;7;7,0;7;7;7;7;7;7;7,0;7,0;7,0;7,0;1,000000000000000;1,000000000000000;1,000000000000000;1,000000000000000;1,000000000000000;1,000000000000000;1,000000000000000;1,000000000000000;1,000000000000000;1,000000000000000;1,000000000000000
2022-06-27;60+;0;0,0;0;0;0;0;0;0;0;0;0;0;17;17,0;17;17;17;17;17;17;17,0;17,0;17,0;17,0;1,000000000000000;1,000000000000000;1,000000000000000;1,000000000000000;1,000000000000000;1,000000000000000;1,000000000000000;1,000000000000000;1,000000000000000;1,000000000000000;1,000000000000000
2022-06-27;alle;0;0,0;0;0;0;0;0;0;0;0;0;0;24;24,0;24;24;24;24;24;24;24,0;24,0;24,0;24,0;NA;NA;NA;NA;NA;NA;NA;NA;NA;NA;NA
2022-06-26;0-60;0;0,0;0;0;0;0;0;0;0;0;0;0;7;7,0;7;7;7;7;7;7;7,0;7,0;7,0;7,0;1,000000000000000;1,000000000000000;1,000000000000000;1,000000000000000;1,000000000000000;1,000000000000000;1,000000000000000;1,000000000000000;1,000000000000000;1,000000000000000;1,000000000000000
2022-06-26;60+;2;2,0;2;2;2;2;2;2;2;2;2;2;17;17,0;17;17;17;17;17;17;17,0;17,0;17,0;17,0;1,000000000000000;1,000000000000000;1,000000000000000;1,000000000000000;1,000000000000000;1,000000000000000;1,000000000000000;1,000000000000000;1,000000000000000;1,000000000000000;1,000000000000000
2022-06-26;alle;2;2,0;2;2;2;2;2;2;2;2;2;2;24;24,0;24;24;24;24;24;24;24,0;24,0;24,0;24,0;NA;NA;NA;NA;NA;NA;NA;NA;NA;NA;NA
2022-06-25;0-60;3;3,0;3;3;3;3;3;3;3;3;3;3;7;7,0;7;7;7;7;7;7;7,0;7,0;7,0;7,0;1,000000000000000;1,000000000000000;1,000000000000000;1,000000000000000;1,000000000000000;1,000000000000000;1,000000000000000;1,000000000000000;1,000000000000000;1,000000000000000;1,000000000000000
2022-06-25;60+;4;4,0;4;4;4;4;4;4;4;4;4;4;15;15,0;15;15;15;15;15;15;15,0;15,0;15,0;15,0;1,000000000000000;1,000000000000000;1,000000000000000;1,000000000000000;1,000000000000000;1,000000000000000;1,000000000000000;1,000000000000000;1,000000000000000;1,000000000000000;1,000000000000000
2022-06-25;alle;7;7,0;7;7;7;7;7;7;7;7;7;7;22;22,0;22;22;22;22;22;22;22,0;22,0;22,0;22,0;NA;NA;NA;NA;NA;NA;NA;NA;NA;NA;NA
2022-06-24;0-60;1;1,0;1;1;1;1;1;1;1;1;1;1;6;6,0;6;6;6;6;6;6;6,0;6,0;6,0;6,0;1,000000000000000;1,000000000000000;1,000000000000000;1,000000000000000;1,000000000000000;1,000000000000000;1,000000000000000;1,000000000000000;1,000000000000000;1,000000000000000;1,000000000000000
2022-06-24;60+;0;0,0;0;0;0;0;0;0;0;0;0;0;12;12,0;12;12;12;12;12;12;12,0;12,0;12,0;12,0;1,000000000000000;1,000000000000000;1,000000000000000;1,000000000000000;1,000000000000000;1,000000000000000;1,000000000000000;1,000000000000000;1,000000000000000;1,000000000000000;1,000000000000000
2022-06-24;alle;1;1,0;1;1;1;1;1;1;1;1;1;1;18;18,0;18;18;18;18;18;18;18,0;18,0;18,0;18,0;NA;NA;NA;NA;NA;NA;NA;NA;NA;NA;NA
2022-06-23;0-60;1;1,0;1;1;1;1;1;1;1;1;1;1;5;5,0;5;5;5;5;5;5;5,0;5,0;5,0;5,0;1,000000000000000;1,000000000000000;1,000000000000000;1,000000000000000;1,000000000000000;1,000000000000000;1,000000000000000;1,000000000000000;1,000000000000000;1,000000000000000;1,000000000000000
2022-06-23;60+;3;3,0;3;3;3;3;3;3;3;3;3;3;12;12,0;12;12;12;12;12;12;12,0;12,0;12,0;12,0;1,000000000000000;1,000000000000000;1,000000000000000;1,000000000000000;1,000000000000000;1,000000000000000;1,000000000000000;1,000000000000000;1,000000000000000;1,000000000000000;1,000000000000000
2022-06-23;alle;4;4,0;4;4;4;4;4;4;4;4;4;4;17;17,0;17;17;17;17;17;17;17,0;17,0;17,0;17,0;NA;NA;NA;NA;NA;NA;NA;NA;NA;NA;NA
2022-06-22;0-60;0;0,0;0;0;0;0;0;0;0;0;0;0;4;4,0;4;4;4;4;4;4;4,0;4,0;4,0;4,0;1,000000000000000;1,000000000000000;1,000000000000000;1,000000000000000;1,000000000000000;1,000000000000000;1,000000000000000;1,000000000000000;1,000000000000000;1,000000000000000;1,000000000000000
2022-06-22;60+;3;3,0;3;3;3;3;3;3;3;3;3;3;9;9,0;9;9;9;9;9;9;9,0;9,0;9,0;9,0;1,000000000000000;1,000000000000000;1,000000000000000;1,000000000000000;1,000000000000000;1,000000000000000;1,000000000000000;1,000000000000000;1,000000000000000;1,000000000000000;1,000000000000000
2022-06-22;alle;3;3,0;3;3;3;3;3;3;3;3;3;3;13;13,0;13;13;13;13;13;13;13,0;13,0;13,0;13,0;NA;NA;NA;NA;NA;NA;NA;NA;NA;NA;NA
2022-06-21;0-60;2;2,0;2;2;2;2;2;2;2;2;2;2;5;5,0;5;5;5;5;5;5;5,0;5,0;5,0;5,0;1,000000000000000;1,000000000000000;1,000000000000000;1,000000000000000;1,000000000000000;1,000000000000000;1,000000000000000;1,000000000000000;1,000000000000000;1,000000000000000;1,000000000000000
2022-06-21;60+;5;5,0;5;5;5;5;5;5;5;5;5;5;8;8,0;8;8;8;8;8;8;8,0;8,0;8,0;8,0;1,000000000000000;1,000000000000000;1,000000000000000;1,000000000000000;1,000000000000000;1,000000000000000;1,000000000000000;1,000000000000000;1,000000000000000;1,000000000000000;1,000000000000000
2022-06-21;alle;7;7,0;7;7;7;7;7;7;7;7;7;7;13;13,0;13;13;13;13;13;13;13,0;13,0;13,0;13,0;NA;NA;NA;NA;NA;NA;NA;NA;NA;NA;NA
2022-06-20;0-60;0;0,0;0;0;0;0;0;0;0;0;0;0;3;3,0;3;3;3;3;3;3;3,0;3,0;3,0;3,0;1,000000000000000;1,000000000000000;1,000000000000000;1,000000000000000;1,000000000000000;1,000000000000000;1,000000000000000;1,000000000000000;1,000000000000000;1,000000000000000;1,000000000000000
2022-06-20;60+;0;0,0;0;0;0;0;0;0;0;0;0;0;3;3,0;3;3;3;3;3;3;3,0;3,0;3,0;3,0;1,000000000000000;1,000000000000000;1,000000000000000;1,000000000000000;1,000000000000000;1,000000000000000;1,000000000000000;1,000000000000000;1,000000000000000;1,000000000000000;1,000000000000000
2022-06-20;alle;0;0,0;0;0;0;0;0;0;0;0;0;0;6;6,0;6;6;6;6;6;6;6,0;6,0;6,0;6,0;NA;NA;NA;NA;NA;NA;NA;NA;NA;NA;NA
2022-06-19;0-60;0;0,0;0;0;0;0;0;0;0;0;0;0;3;3,0;3;3;3;3;3;3;3,0;3,0;3,0;3,0;1,000000000000000;1,000000000000000;1,000000000000000;1,000000000000000;1,000000000000000;1,000000000000000;1,000000000000000;1,000000000000000;1,000000000000000;1,000000000000000;1,000000000000000
2022-06-19;60+;0;0,0;0;0;0;0;0;0;0;0;0;0;3;3,0;3;3;3;3;3;3;3,0;3,0;3,0;3,0;1,000000000000000;1,000000000000000;1,000000000000000;1,000000000000000;1,000000000000000;1,000000000000000;1,000000000000000;1,000000000000000;1,000000000000000;1,000000000000000;1,000000000000000
2022-06-19;alle;0;0,0;0;0;0;0;0;0;0;0;0;0;6;6,0;6;6;6;6;6;6;6,0;6,0;6,0;6,0;NA;NA;NA;NA;NA;NA;NA;NA;NA;NA;NA
2022-06-18;0-60;2;2,0;2;2;2;2;2;2;2;2;2;2;3;3,0;3;3;3;3;3;3;3,0;3,0;3,0;3,0;1,000000000000000;1,000000000000000;1,000000000000000;1,000000000000000;1,000000000000000;1,000000000000000;1,000000000000000;1,000000000000000;1,000000000000000;1,000000000000000;1,000000000000000
2022-06-18;60+;1;1,0;1;1;1;1;1;1;1;1;1;1;3;3,0;3;3;3;3;3;3;3,0;3,0;3,0;3,0;1,000000000000000;1,000000000000000;1,000000000000000;1,000000000000000;1,000000000000000;1,000000000000000;1,000000000000000;1,000000000000000;1,000000000000000;1,000000000000000;1,000000000000000
2022-06-18;alle;3;3,0;3;3;3;3;3;3;3;3;3;3;6;6,0;6;6;6;6;6;6;6,0;6,0;6,0;6,0;NA;NA;NA;NA;NA;NA;NA;NA;NA;NA;NA
2022-06-17;0-60;0;0,0;0;0;0;0;0;0;0;0;0;0;2;2,0;2;2;2;2;2;2;2,0;2,0;2,0;2,0;1,000000000000000;1,000000000000000;1,000000000000000;1,000000000000000;1,000000000000000;1,000000000000000;1,000000000000000;1,000000000000000;1,000000000000000;1,000000000000000;1,000000000000000
2022-06-17;60+;0;0,0;0;0;0;0;0;0;0;0;0;0;4;4,0;4;4;4;4;4;4;4,0;4,0;4,0;4,0;1,000000000000000;1,000000000000000;1,000000000000000;1,000000000000000;1,000000000000000;1,000000000000000;1,000000000000000;1,000000000000000;1,000000000000000;1,000000000000000;1,000000000000000
2022-06-17;alle;0;0,0;0;0;0;0;0;0;0;0;0;0;6;6,0;6;6;6;6;6;6;6,0;6,0;6,0;6,0;NA;NA;NA;NA;NA;NA;NA;NA;NA;NA;NA
2022-06-16;0-60;0;0,0;0;0;0;0;0;0;0;0;0;0;2;2,0;2;2;2;2;2;2;2,0;2,0;2,0;2,0;1,000000000000000;1,000000000000000;1,000000000000000;1,000000000000000;1,000000000000000;1,000000000000000;1,000000000000000;1,000000000000000;1,000000000000000;1,000000000000000;1,000000000000000
2022-06-16;60+;0;0,0;0;0;0;0;0;0;0;0;0;0;5;5,0;5;5;5;5;5;5;5,0;5,0;5,0;5,0;1,000000000000000;1,000000000000000;1,000000000000000;1,000000000000000;1,000000000000000;1,000000000000000;1,000000000000000;1,000000000000000;1,000000000000000;1,000000000000000;1,000000000000000
2022-06-16;alle;0;0,0;0;0;0;0;0;0;0;0;0;0;7;7,0;7;7;7;7;7;7;7,0;7,0;7,0;7,0;NA;NA;NA;NA;NA;NA;NA;NA;NA;NA;NA
2022-06-15;0-60;1;1,0;1;1;1;1;1;1;1;1;1;1;2;2,0;2;2;2;2;2;2;2,0;2,0;2,0;2,0;1,000000000000000;1,000000000000000;1,000000000000000;1,000000000000000;1,000000000000000;1,000000000000000;1,000000000000000;1,000000000000000;1,000000000000000;1,000000000000000;1,000000000000000
2022-06-15;60+;2;2,0;2;2;2;2;2;2;2;2;2;2;6;6,0;6;6;6;6;6;6;6,0;6,0;6,0;6,0;1,000000000000000;1,000000000000000;1,000000000000000;1,000000000000000;1,000000000000000;1,000000000000000;1,000000000000000;1,000000000000000;1,000000000000000;1,000000000000000;1,000000000000000
2022-06-15;alle;3;3,0;3;3;3;3;3;3;3;3;3;3;8;8,0;8;8;8;8;8;8;8,0;8,0;8,0;8,0;NA;NA;NA;NA;NA;NA;NA;NA;NA;NA;NA
2022-06-14;0-60;0;0,0;0;0;0;0;0;0;0;0;0;0;1;1,0;1;1;1;1;1;1;1,0;1,0;1,0;1,0;1,000000000000000;1,000000000000000;1,000000000000000;1,000000000000000;1,000000000000000;1,000000000000000;1,000000000000000;1,000000000000000;1,000000000000000;1,000000000000000;1,000000000000000
2022-06-14;60+;0;0,0;0;0;0;0;0;0;0;0;0;0;6;6,0;6;6;6;6;6;6;6,0;6,0;6,0;6,0;1,000000000000000;1,000000000000000;1,000000000000000;1,000000000000000;1,000000000000000;1,000000000000000;1,000000000000000;1,000000000000000;1,000000000000000;1,000000000000000;1,000000000000000
2022-06-14;alle;0;0,0;0;0;0;0;0;0;0;0;0;0;7;7,0;7;7;7;7;7;7;7,0;7,0;7,0;7,0;NA;NA;NA;NA;NA;NA;NA;NA;NA;NA;NA
2022-06-13;0-60;0;0,0;0;0;0;0;0;0;0;0;0;0;1;1,0;1;1;1;1;1;1;1,0;1,0;1,0;1,0;1,000000000000000;1,000000000000000;1,000000000000000;1,000000000000000;1,000000000000000;1,000000000000000;1,000000000000000;1,000000000000000;1,000000000000000;1,000000000000000;1,000000000000000
2022-06-13;60+;0;0,0;0;0;0;0;0;0;0;0;0;0;6;6,0;6;6;6;6;6;6;6,0;6,0;6,0;6,0;1,000000000000000;1,000000000000000;1,000000000000000;1,000000000000000;1,000000000000000;1,000000000000000;1,000000000000000;1,000000000000000;1,000000000000000;1,000000000000000;1,000000000000000
2022-06-13;alle;0;0,0;0;0;0;0;0;0;0;0;0;0;7;7,0;7;7;7;7;7;7;7,0;7,0;7,0;7,0;NA;NA;NA;NA;NA;NA;NA;NA;NA;NA;NA
2022-06-12;0-60;0;0,0;0;0;0;0;0;0;0;0;0;0;2;2,0;2;2;2;2;2;2;2,0;2,0;2,0;2,0;1,000000000000000;1,000000000000000;1,000000000000000;1,000000000000000;1,000000000000000;1,000000000000000;1,000000000000000;1,000000000000000;1,000000000000000;1,000000000000000;1,000000000000000
2022-06-12;60+;0;0,0;0;0;0;0;0;0;0;0;0;0;6;6,0;6;6;6;6;6;6;6,0;6,0;6,0;6,0;1,000000000000000;1,000000000000000;1,000000000000000;1,000000000000000;1,000000000000000;1,000000000000000;1,000000000000000;1,000000000000000;1,000000000000000;1,000000000000000;1,000000000000000
2022-06-12;alle;0;0,0;0;0;0;0;0;0;0;0;0;0;8;8,0;8;8;8;8;8;8;8,0;8,0;8,0;8,0;NA;NA;NA;NA;NA;NA;NA;NA;NA;NA;NA
2022-06-11;0-60;1;1,0;1;1;1;1;1;1;1;1;1;1;2;2,0;2;2;2;2;2;2;2,0;2,0;2,0;2,0;1,000000000000000;1,000000000000000;1,000000000000000;1,000000000000000;1,000000000000000;1,000000000000000;1,000000000000000;1,000000000000000;1,000000000000000;1,000000000000000;1,000000000000000
2022-06-11;60+;2;2,0;2;2;2;2;2;2;2;2;2;2;6;6,0;6;6;6;6;6;6;6,0;6,0;6,0;6,0;1,000000000000000;1,000000000000000;1,000000000000000;1,000000000000000;1,000000000000000;1,000000000000000;1,000000000000000;1,000000000000000;1,000000000000000;1,000000000000000;1,000000000000000
2022-06-11;alle;3;3,0;3;3;3;3;3;3;3;3;3;3;8;8,0;8;8;8;8;8;8;8,0;8,0;8,0;8,0;NA;NA;NA;NA;NA;NA;NA;NA;NA;NA;NA
2022-06-10;0-60;0;0,0;0;0;0;0;0;0;0;0;0;0;1;1,0;1;1;1;1;1;1;1,0;1,0;1,0;1,0;1,000000000000000;1,000000000000000;1,000000000000000;1,000000000000000;1,000000000000000;1,000000000000000;1,000000000000000;1,000000000000000;1,000000000000000;1,000000000000000;1,000000000000000
2022-06-10;60+;1;1,0;1;1;1;1;1;1;1;1;1;1;5;5,0;5;5;5;5;5;5;5,0;5,0;5,0;5,0;1,000000000000000;1,000000000000000;1,000000000000000;1,000000000000000;1,000000000000000;1,000000000000000;1,000000000000000;1,000000000000000;1,000000000000000;1,000000000000000;1,000000000000000
2022-06-10;alle;1;1,0;1;1;1;1;1;1;1;1;1;1;6;6,0;6;6;6;6;6;6;6,0;6,0;6,0;6,0;NA;NA;NA;NA;NA;NA;NA;NA;NA;NA;NA
2022-06-09;0-60;0;0,0;0;0;0;0;0;0;0;0;0;0;1;1,0;1;1;1;1;1;1;1,0;1,0;1,0;1,0;1,000000000000000;1,000000000000000;1,000000000000000;1,000000000000000;1,000000000000000;1,000000000000000;1,000000000000000;1,000000000000000;1,000000000000000;1,000000000000000;1,000000000000000
2022-06-09;60+;1;1,0;1;1;1;1;1;1;1;1;1;1;6;6,0;6;6;6;6;6;6;6,0;6,0;6,0;6,0;1,000000000000000;1,000000000000000;1,000000000000000;1,000000000000000;1,000000000000000;1,000000000000000;1,000000000000000;1,000000000000000;1,000000000000000;1,000000000000000;1,000000000000000
2022-06-09;alle;1;1,0;1;1;1;1;1;1;1;1;1;1;7;7,0;7;7;7;7;7;7;7,0;7,0;7,0;7,0;NA;NA;NA;NA;NA;NA;NA;NA;NA;NA;NA
2022-06-08;0-60;0;0,0;0;0;0;0;0;0;0;0;0;0;2;2,0;2;2;2;2;2;2;2,0;2,0;2,0;2,0;1,000000000000000;1,000000000000000;1,000000000000000;1,000000000000000;1,000000000000000;1,000000000000000;1,000000000000000;1,000000000000000;1,000000000000000;1,000000000000000;1,000000000000000
2022-06-08;60+;2;2,0;2;2;2;2;2;2;2;2;2;2;7;7,0;7;7;7;7;7;7;7,0;7,0;7,0;7,0;1,000000000000000;1,000000000000000;1,000000000000000;1,000000000000000;1,000000000000000;1,000000000000000;1,000000000000000;1,000000000000000;1,000000000000000;1,000000000000000;1,000000000000000
2022-06-08;alle;2;2,0;2;2;2;2;2;2;2;2;2;2;9;9,0;9;9;9;9;9;9;9,0;9,0;9,0;9,0;NA;NA;NA;NA;NA;NA;NA;NA;NA;NA;NA
2022-06-07;0-60;0;0,0;0;0;0;0;0;0;0;0;0;0;3;3,0;3;3;3;3;3;3;3,0;3,0;3,0;3,0;1,000000000000000;1,000000000000000;1,000000000000000;1,000000000000000;1,000000000000000;1,000000000000000;1,000000000000000;1,000000000000000;1,000000000000000;1,000000000000000;1,000000000000000
2022-06-07;60+;0;0,0;0;0;0;0;0;0;0;0;0;0;7;7,0;7;7;7;7;7;7;7,0;7,0;7,0;7,0;1,000000000000000;1,000000000000000;1,000000000000000;1,000000000000000;1,000000000000000;1,000000000000000;1,000000000000000;1,000000000000000;1,000000000000000;1,000000000000000;1,000000000000000
2022-06-07;alle;0;0,0;0;0;0;0;0;0;0;0;0;0;10;10,0;10;10;10;10;10;10;10,0;10,0;10,0;10,0;NA;NA;NA;NA;NA;NA;NA;NA;NA;NA;NA
2022-06-06;0-60;1;1,0;1;1;1;1;1;1;1;1;1;1;4;4,0;4;4;4;4;4;4;4,0;4,0;4,0;4,0;1,000000000000000;1,000000000000000;1,000000000000000;1,000000000000000;1,000000000000000;1,000000000000000;1,000000000000000;1,000000000000000;1,000000000000000;1,000000000000000;1,000000000000000
2022-06-06;60+;0;0,0;0;0;0;0;0;0;0;0;0;0;8;8,0;8;8;8;8;8;8;8,0;8,0;8,0;8,0;1,000000000000000;1,000000000000000;1,000000000000000;1,000000000000000;1,000000000000000;1,000000000000000;1,000000000000000;1,000000000000000;1,000000000000000;1,000000000000000;1,000000000000000
2022-06-06;alle;1;1,0;1;1;1;1;1;1;1;1;1;1;12;12,0;12;12;12;12;12;12;12,0;12,0;12,0;12,0;NA;NA;NA;NA;NA;NA;NA;NA;NA;NA;NA
2022-06-05;0-60;0;0,0;0;0;0;0;0;0;0;0;0;0;3;3,0;3;3;3;3;3;3;3,0;3,0;3,0;3,0;1,000000000000000;1,000000000000000;1,000000000000000;1,000000000000000;1,000000000000000;1,000000000000000;1,000000000000000;1,000000000000000;1,000000000000000;1,000000000000000;1,000000000000000
2022-06-05;60+;0;0,0;0;0;0;0;0;0;0;0;0;0;8;8,0;8;8;8;8;8;8;8,0;8,0;8,0;8,0;1,000000000000000;1,000000000000000;1,000000000000000;1,000000000000000;1,000000000000000;1,000000000000000;1,000000000000000;1,000000000000000;1,000000000000000;1,000000000000000;1,000000000000000
2022-06-05;alle;0;0,0;0;0;0;0;0;0;0;0;0;0;11;11,0;11;11;11;11;11;11;11,0;11,0;11,0;11,0;NA;NA;NA;NA;NA;NA;NA;NA;NA;NA;NA
2022-06-04;0-60;0;0,0;0;0;0;0;0;0;0;0;0;0;5;5,0;5;5;5;5;5;5;5,0;5,0;5,0;5,0;1,000000000000000;1,000000000000000;1,000000000000000;1,000000000000000;1,000000000000000;1,000000000000000;1,000000000000000;1,000000000000000;1,000000000000000;1,000000000000000;1,000000000000000
2022-06-04;60+;1;1,0;1;1;1;1;1;1;1;1;1;1;9;9,0;9;9;9;9;9;9;9,0;9,0;9,0;9,0;1,000000000000000;1,000000000000000;1,000000000000000;1,000000000000000;1,000000000000000;1,000000000000000;1,000000000000000;1,000000000000000;1,000000000000000;1,000000000000000;1,000000000000000
2022-06-04;alle;1;1,0;1;1;1;1;1;1;1;1;1;1;14;14,0;14;14;14;14;14;14;14,0;14,0;14,0;14,0;NA;NA;NA;NA;NA;NA;NA;NA;NA;NA;NA
2022-06-03;0-60;0;0,0;0;0;0;0;0;0;0;0;0;0;6;6,0;6;6;6;6;6;6;6,0;6,0;6,0;6,0;1,000000000000000;1,000000000000000;1,000000000000000;1,000000000000000;1,000000000000000;1,000000000000000;1,000000000000000;1,000000000000000;1,000000000000000;1,000000000000000;1,000000000000000
2022-06-03;60+;2;2,0;2;2;2;2;2;2;2;2;2;2;9;9,0;9;9;9;9;9;9;9,0;9,0;9,0;9,0;1,000000000000000;1,000000000000000;1,000000000000000;1,000000000000000;1,000000000000000;1,000000000000000;1,000000000000000;1,000000000000000;1,000000000000000;1,000000000000000;1,000000000000000
2022-06-03;alle;2;2,0;2;2;2;2;2;2;2;2;2;2;15;15,0;15;15;15;15;15;15;15,0;15,0;15,0;15,0;NA;NA;NA;NA;NA;NA;NA;NA;NA;NA;NA
2022-06-02;0-60;1;1,0;1;1;1;1;1;1;1;1;1;1;6;6,0;6;6;6;6;6;6;6,0;6,0;6,0;6,0;1,000000000000000;1,000000000000000;1,000000000000000;1,000000000000000;1,000000000000000;1,000000000000000;1,000000000000000;1,000000000000000;1,000000000000000;1,000000000000000;1,000000000000000
2022-06-02;60+;2;2,0;2;2;2;2;2;2;2;2;2;2;7;7,0;7;7;7;7;7;7;7,0;7,0;7,0;7,0;1,000000000000000;1,000000000000000;1,000000000000000;1,000000000000000;1,000000000000000;1,000000000000000;1,000000000000000;1,000000000000000;1,000000000000000;1,000000000000000;1,000000000000000
2022-06-02;alle;3;3,0;3;3;3;3;3;3;3;3;3;3;13;13,0;13;13;13;13;13;13;13,0;13,0;13,0;13,0;NA;NA;NA;NA;NA;NA;NA;NA;NA;NA;NA
2022-06-01;0-60;1;1,0;1;1;1;1;1;1;1;1;1;1;5;5,0;5;5;5;5;5;5;5,0;5,0;5,0;5,0;1,000000000000000;1,000000000000000;1,000000000000000;1,000000000000000;1,000000000000000;1,000000000000000;1,000000000000000;1,000000000000000;1,000000000000000;1,000000000000000;1,000000000000000
2022-06-01;60+;2;2,0;2;2;2;2;2;2;2;2;2;2;7;7,0;7;7;7;7;7;7;7,0;7,0;7,0;7,0;1,000000000000000;1,000000000000000;1,000000000000000;1,000000000000000;1,000000000000000;1,000000000000000;1,000000000000000;1,000000000000000;1,000000000000000;1,000000000000000;1,000000000000000
2022-06-01;alle;3;3,0;3;3;3;3;3;3;3;3;3;3;12;12,0;12;12;12;12;12;12;12,0;12,0;12,0;12,0;NA;NA;NA;NA;NA;NA;NA;NA;NA;NA;NA
2022-05-31;0-60;1;1,0;1;1;1;1;1;1;1;1;1;1;4;4,0;4;4;4;4;4;4;4,0;4,0;4,0;4,0;1,000000000000000;1,000000000000000;1,000000000000000;1,000000000000000;1,000000000000000;1,000000000000000;1,000000000000000;1,000000000000000;1,000000000000000;1,000000000000000;1,000000000000000
2022-05-31;60+;1;1,0;1;1;1;1;1;1;1;1;1;1;10;10,0;10;10;10;10;10;10;10,0;10,0;10,0;10,0;1,000000000000000;1,000000000000000;1,000000000000000;1,000000000000000;1,000000000000000;1,000000000000000;1,000000000000000;1,000000000000000;1,000000000000000;1,000000000000000;1,000000000000000
2022-05-31;alle;2;2,0;2;2;2;2;2;2;2;2;2;2;14;14,0;14;14;14;14;14;14;14,0;14,0;14,0;14,0;NA;NA;NA;NA;NA;NA;NA;NA;NA;NA;NA
2022-05-30;0-60;0;0,0;0;0;0;0;0;0;0;0;0;0;3;3,0;3;3;3;3;3;3;3,0;3,0;3,0;3,0;1,000000000000000;1,000000000000000;1,000000000000000;1,000000000000000;1,000000000000000;1,000000000000000;1,000000000000000;1,000000000000000;1,000000000000000;1,000000000000000;1,000000000000000
2022-05-30;60+;0;0,0;0;0;0;0;0;0;0;0;0;0;10;10,0;10;10;10;10;10;10;10,0;10,0;10,0;10,0;1,000000000000000;1,000000000000000;1,000000000000000;1,000000000000000;1,000000000000000;1,000000000000000;1,000000000000000;1,000000000000000;1,000000000000000;1,000000000000000;1,000000000000000
2022-05-30;alle;0;0,0;0;0;0;0;0;0;0;0;0;0;13;13,0;13;13;13;13;13;13;13,0;13,0;13,0;13,0;NA;NA;NA;NA;NA;NA;NA;NA;NA;NA;NA
2022-05-29;0-60;2;2,0;2;2;2;2;2;2;2;2;2;2;3;3,0;3;3;3;3;3;3;3,0;3,0;3,0;3,0;1,000000000000000;1,000000000000000;1,000000000000000;1,000000000000000;1,000000000000000;1,000000000000000;1,000000000000000;1,000000000000000;1,000000000000000;1,000000000000000;1,000000000000000
2022-05-29;60+;1;1,0;1;1;1;1;1;1;1;1;1;1;10;10,0;10;10;10;10;10;10;10,0;10,0;10,0;10,0;1,000000000000000;1,000000000000000;1,000000000000000;1,000000000000000;1,000000000000000;1,000000000000000;1,000000000000000;1,000000000000000;1,000000000000000;1,000000000000000;1,000000000000000
2022-05-29;alle;3;3,0;3;3;3;3;3;3;3;3;3;3;13;13,0;13;13;13;13;13;13;13,0;13,0;13,0;13,0;NA;NA;NA;NA;NA;NA;NA;NA;NA;NA;NA
2022-05-28;0-60;1;1,0;1;1;1;1;1;1;1;1;1;1;1;1,0;1;1;1;1;1;1;1,0;1,0;1,0;1,0;1,000000000000000;1,000000000000000;1,000000000000000;1,000000000000000;1,000000000000000;1,000000000000000;1,000000000000000;1,000000000000000;1,000000000000000;1,000000000000000;1,000000000000000
2022-05-28;60+;1;1,0;1;1;1;1;1;1;1;1;1;1;12;12,0;12;12;12;12;12;12;12,0;12,0;12,0;12,0;1,000000000000000;1,000000000000000;1,000000000000000;1,000000000000000;1,000000000000000;1,000000000000000;1,000000000000000;1,000000000000000;1,000000000000000;1,000000000000000;1,000000000000000
2022-05-28;alle;2;2,0;2;2;2;2;2;2;2;2;2;2;13;13,0;13;13;13;13;13;13;13,0;13,0;13,0;13,0;NA;NA;NA;NA;NA;NA;NA;NA;NA;NA;NA
2022-05-27;0-60;0;0,0;0;0;0;0;0;0;0;0;0;0;0;0,0;0;0;0;0;0;0;0,0;0,0;0,0;0,0;1,000000000000000;1,000000000000000;1,000000000000000;1,000000000000000;1,000000000000000;1,000000000000000;1,000000000000000;1,000000000000000;1,000000000000000;1,000000000000000;1,000000000000000
2022-05-27;60+;0;0,0;0;0;0;0;0;0;0;0;0;0;11;11,0;11;11;11;11;11;11;11,0;11,0;11,0;11,0;1,000000000000000;1,000000000000000;1,000000000000000;1,000000000000000;1,000000000000000;1,000000000000000;1,000000000000000;1,000000000000000;1,000000000000000;1,000000000000000;1,000000000000000
2022-05-27;alle;0;0,0;0;0;0;0;0;0;0;0;0;0;11;11,0;11;11;11;11;11;11;11,0;11,0;11,0;11,0;NA;NA;NA;NA;NA;NA;NA;NA;NA;NA;NA
2022-05-26;0-60;0;0,0;0;0;0;0;0;0;0;0;0;0;0;0,0;0;0;0;0;0;0;0,0;0,0;0,0;0,0;1,000000000000000;1,000000000000000;1,000000000000000;1,000000000000000;1,000000000000000;1,000000000000000;1,000000000000000;1,000000000000000;1,000000000000000;1,000000000000000;1,000000000000000
2022-05-26;60+;2;2,0;2;2;2;2;2;2;2;2;2;2;11;11,0;11;11;11;11;11;11;11,0;11,0;11,0;11,0;1,000000000000000;1,000000000000000;1,000000000000000;1,000000000000000;1,000000000000000;1,000000000000000;1,000000000000000;1,000000000000000;1,000000000000000;1,000000000000000;1,000000000000000
2022-05-26;alle;2;2,0;2;2;2;2;2;2;2;2;2;2;11;11,0;11;11;11;11;11;11;11,0;11,0;11,0;11,0;NA;NA;NA;NA;NA;NA;NA;NA;NA;NA;NA
2022-05-25;0-60;0;0,0;0;0;0;0;0;0;0;0;0;0;0;0,0;0;0;0;0;0;0;0,0;0,0;0,0;0,0;1,000000000000000;1,000000000000000;1,000000000000000;1,000000000000000;1,000000000000000;1,000000000000000;1,000000000000000;1,000000000000000;1,000000000000000;1,000000000000000;1,000000000000000
2022-05-25;60+;5;5,0;5;5;5;5;5;5;5;5;5;5;10;10,0;10;10;10;10;10;10;10,0;10,0;10,0;10,0;1,000000000000000;1,000000000000000;1,000000000000000;1,000000000000000;1,000000000000000;1,000000000000000;1,000000000000000;1,000000000000000;1,000000000000000;1,000000000000000;1,000000000000000
2022-05-25;alle;5;5,0;5;5;5;5;5;5;5;5;5;5;10;10,0;10;10;10;10;10;10;10,0;10,0;10,0;10,0;NA;NA;NA;NA;NA;NA;NA;NA;NA;NA;NA
2022-05-24;0-60;0;0,0;0;0;0;0;0;0;0;0;0;0;0;0,0;0;0;0;0;0;0;0,0;0,0;0,0;0,0;1,000000000000000;1,000000000000000;1,000000000000000;1,000000000000000;1,000000000000000;1,000000000000000;1,000000000000000;1,000000000000000;1,000000000000000;1,000000000000000;1,000000000000000
2022-05-24;60+;1;1,0;1;1;1;1;1;1;1;1;1;1;7;7,0;7;7;7;7;7;7;7,0;7,0;7,0;7,0;1,000000000000000;1,000000000000000;1,000000000000000;1,000000000000000;1,000000000000000;1,000000000000000;1,000000000000000;1,000000000000000;1,000000000000000;1,000000000000000;1,000000000000000
2022-05-24;alle;1;1,0;1;1;1;1;1;1;1;1;1;1;7;7,0;7;7;7;7;7;7;7,0;7,0;7,0;7,0;NA;NA;NA;NA;NA;NA;NA;NA;NA;NA;NA
2022-05-23;0-60;0;0,0;0;0;0;0;0;0;0;0;0;0;0;0,0;0;0;0;0;0;0;0,0;0,0;0,0;0,0;1,000000000000000;1,000000000000000;1,000000000000000;1,000000000000000;1,000000000000000;1,000000000000000;1,000000000000000;1,000000000000000;1,000000000000000;1,000000000000000;1,000000000000000
2022-05-23;60+;0;0,0;0;0;0;0;0;0;0;0;0;0;12;12,0;12;12;12;12;12;12;12,0;12,0;12,0;12,0;1,000000000000000;1,000000000000000;1,000000000000000;1,000000000000000;1,000000000000000;1,000000000000000;1,000000000000000;1,000000000000000;1,000000000000000;1,000000000000000;1,000000000000000
2022-05-23;alle;0;0,0;0;0;0;0;0;0;0;0;0;0;12;12,0;12;12;12;12;12;12;12,0;12,0;12,0;12,0;NA;NA;NA;NA;NA;NA;NA;NA;NA;NA;NA
2022-05-22;0-60;0;0,0;0;0;0;0;0;0;0;0;0;0;0;0,0;0;0;0;0;0;0;0,0;0,0;0,0;0,0;1,000000000000000;1,000000000000000;1,000000000000000;1,000000000000000;1,000000000000000;1,000000000000000;1,000000000000000;1,000000000000000;1,000000000000000;1,000000000000000;1,000000000000000
2022-05-22;60+;3;3,0;3;3;3;3;3;3;3;3;3;3;12;12,0;12;12;12;12;12;12;12,0;12,0;12,0;12,0;1,000000000000000;1,000000000000000;1,000000000000000;1,000000000000000;1,000000000000000;1,000000000000000;1,000000000000000;1,000000000000000;1,000000000000000;1,000000000000000;1,000000000000000
2022-05-22;alle;3;3,0;3;3;3;3;3;3;3;3;3;3;12;12,0;12;12;12;12;12;12;12,0;12,0;12,0;12,0;NA;NA;NA;NA;NA;NA;NA;NA;NA;NA;NA
2022-05-21;0-60;0;0,0;0;0;0;0;0;0;0;0;0;0;0;0,0;0;0;0;0;0;0;0,0;0,0;0,0;0,0;1,000000000000000;1,000000000000000;1,000000000000000;1,000000000000000;1,000000000000000;1,000000000000000;1,000000000000000;1,000000000000000;1,000000000000000;1,000000000000000;1,000000000000000
2022-05-21;60+;0;0,0;0;0;0;0;0;0;0;0;0;0;11;11,0;11;11;11;11;11;11;11,0;11,0;11,0;11,0;1,000000000000000;1,000000000000000;1,000000000000000;1,000000000000000;1,000000000000000;1,000000000000000;1,000000000000000;1,000000000000000;1,000000000000000;1,000000000000000;1,000000000000000
2022-05-21;alle;0;0,0;0;0;0;0;0;0;0;0;0;0;11;11,0;11;11;11;11;11;11;11,0;11,0;11,0;11,0;NA;NA;NA;NA;NA;NA;NA;NA;NA;NA;NA
2022-05-20;0-60;0;0,0;0;0;0;0;0;0;0;0;0;0;0;0,0;0;0;0;0;0;0;0,0;0,0;0,0;0,0;1,000000000000000;1,000000000000000;1,000000000000000;1,000000000000000;1,000000000000000;1,000000000000000;1,000000000000000;1,000000000000000;1,000000000000000;1,000000000000000;1,000000000000000
2022-05-20;60+;0;0,0;0;0;0;0;0;0;0;0;0;0;11;11,0;11;11;11;11;11;11;11,0;11,0;11,0;11,0;1,000000000000000;1,000000000000000;1,000000000000000;1,000000000000000;1,000000000000000;1,000000000000000;1,000000000000000;1,000000000000000;1,000000000000000;1,000000000000000;1,000000000000000
2022-05-20;alle;0;0,0;0;0;0;0;0;0;0;0;0;0;11;11,0;11;11;11;11;11;11;11,0;11,0;11,0;11,0;NA;NA;NA;NA;NA;NA;NA;NA;NA;NA;NA
2022-05-19;0-60;0;0,0;0;0;0;0;0;0;0;0;0;0;2;2,0;2;2;2;2;2;2;2,0;2,0;2,0;2,0;1,000000000000000;1,000000000000000;1,000000000000000;1,000000000000000;1,000000000000000;1,000000000000000;1,000000000000000;1,000000000000000;1,000000000000000;1,000000000000000;1,000000000000000
2022-05-19;60+;1;1,0;1;1;1;1;1;1;1;1;1;1;13;13,0;13;13;13;13;13;13;13,0;13,0;13,0;13,0;1,000000000000000;1,000000000000000;1,000000000000000;1,000000000000000;1,000000000000000;1,000000000000000;1,000000000000000;1,000000000000000;1,000000000000000;1,000000000000000;1,000000000000000
2022-05-19;alle;1;1,0;1;1;1;1;1;1;1;1;1;1;15;15,0;15;15;15;15;15;15;15,0;15,0;15,0;15,0;NA;NA;NA;NA;NA;NA;NA;NA;NA;NA;NA
2022-05-18;0-60;0;0,0;0;0;0;0;0;0;0;0;0;0;3;3,0;3;3;3;3;3;3;3,0;3,0;3,0;3,0;1,000000000000000;1,000000000000000;1,000000000000000;1,000000000000000;1,000000000000000;1,000000000000000;1,000000000000000;1,000000000000000;1,000000000000000;1,000000000000000;1,000000000000000
2022-05-18;60+;2;2,0;2;2;2;2;2;2;2;2;2;2;12;12,0;12;12;12;12;12;12;12,0;12,0;12,0;12,0;1,000000000000000;1,000000000000000;1,000000000000000;1,000000000000000;1,000000000000000;1,000000000000000;1,000000000000000;1,000000000000000;1,000000000000000;1,000000000000000;1,000000000000000
2022-05-18;alle;2;2,0;2;2;2;2;2;2;2;2;2;2;15;15,0;15;15;15;15;15;15;15,0;15,0;15,0;15,0;NA;NA;NA;NA;NA;NA;NA;NA;NA;NA;NA
2022-05-17;0-60;0;0,0;0;0;0;0;0;0;0;0;0;0;4;4,0;4;4;4;4;4;4;4,0;4,0;4,0;4,0;1,000000000000000;1,000000000000000;1,000000000000000;1,000000000000000;1,000000000000000;1,000000000000000;1,000000000000000;1,000000000000000;1,000000000000000;1,000000000000000;1,000000000000000
2022-05-17;60+;6;6,0;6;6;6;6;6;6;6;6;6;6;11;11,0;11;11;11;11;11;11;11,0;11,0;11,0;11,0;1,000000000000000;1,000000000000000;1,000000000000000;1,000000000000000;1,000000000000000;1,000000000000000;1,000000000000000;1,000000000000000;1,000000000000000;1,000000000000000;1,000000000000000
2022-05-17;alle;6;6,0;6;6;6;6;6;6;6;6;6;6;15;15,0;15;15;15;15;15;15;15,0;15,0;15,0;15,0;NA;NA;NA;NA;NA;NA;NA;NA;NA;NA;NA
2022-05-16;0-60;0;0,0;0;0;0;0;0;0;0;0;0;0;5;5,0;5;5;5;5;5;5;5,0;5,0;5,0;5,0;1,000000000000000;1,000000000000000;1,000000000000000;1,000000000000000;1,000000000000000;1,000000000000000;1,000000000000000;1,000000000000000;1,000000000000000;1,000000000000000;1,000000000000000
2022-05-16;60+;0;0,0;0;0;0;0;0;0;0;0;0;0;11;11,0;11;11;11;11;11;11;11,0;11,0;11,0;11,0;1,000000000000000;1,000000000000000;1,000000000000000;1,000000000000000;1,000000000000000;1,000000000000000;1,000000000000000;1,000000000000000;1,000000000000000;1,000000000000000;1,000000000000000
2022-05-16;alle;0;0,0;0;0;0;0;0;0;0;0;0;0;16;16,0;16;16;16;16;16;16;16,0;16,0;16,0;16,0;NA;NA;NA;NA;NA;NA;NA;NA;NA;NA;NA
2022-05-15;0-60;0;0,0;0;0;0;0;0;0;0;0;0;0;5;5,0;5;5;5;5;5;5;5,0;5,0;5,0;5,0;1,000000000000000;1,000000000000000;1,000000000000000;1,000000000000000;1,000000000000000;1,000000000000000;1,000000000000000;1,000000000000000;1,000000000000000;1,000000000000000;1,000000000000000
2022-05-15;60+;2;2,0;2;2;2;2;2;2;2;2;2;2;11;11,0;11;11;11;11;11;11;11,0;11,0;11,0;11,0;1,000000000000000;1,000000000000000;1,000000000000000;1,000000000000000;1,000000000000000;1,000000000000000;1,000000000000000;1,000000000000000;1,000000000000000;1,000000000000000;1,000000000000000
2022-05-15;alle;2;2,0;2;2;2;2;2;2;2;2;2;2;16;16,0;16;16;16;16;16;16;16,0;16,0;16,0;16,0;NA;NA;NA;NA;NA;NA;NA;NA;NA;NA;NA
2022-05-14;0-60;0;0,0;0;0;0;0;0;0;0;0;0;0;6;6,0;6;6;6;6;6;6;6,0;6,0;6,0;6,0;1,000000000000000;1,000000000000000;1,000000000000000;1,000000000000000;1,000000000000000;1,000000000000000;1,000000000000000;1,000000000000000;1,000000000000000;1,000000000000000;1,000000000000000
2022-05-14;60+;0;0,0;0;0;0;0;0;0;0;0;0;0;9;9,0;9;9;9;9;9;9;9,0;9,0;9,0;9,0;1,000000000000000;1,000000000000000;1,000000000000000;1,000000000000000;1,000000000000000;1,000000000000000;1,000000000000000;1,000000000000000;1,000000000000000;1,000000000000000;1,000000000000000
2022-05-14;alle;0;0,0;0;0;0;0;0;0;0;0;0;0;15;15,0;15;15;15;15;15;15;15,0;15,0;15,0;15,0;NA;NA;NA;NA;NA;NA;NA;NA;NA;NA;NA
2022-05-13;0-60;2;2,0;2;2;2;2;2;2;2;2;2;2;8;8,0;8;8;8;8;8;8;8,0;8,0;8,0;8,0;1,000000000000000;1,000000000000000;1,000000000000000;1,000000000000000;1,000000000000000;1,000000000000000;1,000000000000000;1,000000000000000;1,000000000000000;1,000000000000000;1,000000000000000
2022-05-13;60+;2;2,0;2;2;2;2;2;2;2;2;2;2;10;10,0;10;10;10;10;10;10;10,0;10,0;10,0;10,0;1,000000000000000;1,000000000000000;1,000000000000000;1,000000000000000;1,000000000000000;1,000000000000000;1,000000000000000;1,000000000000000;1,000000000000000;1,000000000000000;1,000000000000000
2022-05-13;alle;4;4,0;4;4;4;4;4;4;4;4;4;4;18;18,0;18;18;18;18;18;18;18,0;18,0;18,0;18,0;NA;NA;NA;NA;NA;NA;NA;NA;NA;NA;NA
2022-05-12;0-60;1;1,0;1;1;1;1;1;1;1;1;1;1;6;6,0;6;6;6;6;6;6;6,0;6,0;6,0;6,0;1,000000000000000;1,000000000000000;1,000000000000000;1,000000000000000;1,000000000000000;1,000000000000000;1,000000000000000;1,000000000000000;1,000000000000000;1,000000000000000;1,000000000000000
2022-05-12;60+;0;0,0;0;0;0;0;0;0;0;0;0;0;8;8,0;8;8;8;8;8;8;8,0;8,0;8,0;8,0;1,000000000000000;1,000000000000000;1,000000000000000;1,000000000000000;1,000000000000000;1,000000000000000;1,000000000000000;1,000000000000000;1,000000000000000;1,000000000000000;1,000000000000000
2022-05-12;alle;1;1,0;1;1;1;1;1;1;1;1;1;1;14;14,0;14;14;14;14;14;14;14,0;14,0;14,0;14,0;NA;NA;NA;NA;NA;NA;NA;NA;NA;NA;NA
2022-05-11;0-60;1;1,0;1;1;1;1;1;1;1;1;1;1;7;7,0;7;7;7;7;7;7;7,0;7,0;7,0;7,0;1,000000000000000;1,000000000000000;1,000000000000000;1,000000000000000;1,000000000000000;1,000000000000000;1,000000000000000;1,000000000000000;1,000000000000000;1,000000000000000;1,000000000000000
2022-05-11;60+;1;1,0;1;1;1;1;1;1;1;1;1;1;11;11,0;11;11;11;11;11;11;11,0;11,0;11,0;11,0;1,000000000000000;1,000000000000000;1,000000000000000;1,000000000000000;1,000000000000000;1,000000000000000;1,000000000000000;1,000000000000000;1,000000000000000;1,000000000000000;1,000000000000000
2022-05-11;alle;2;2,0;2;2;2;2;2;2;2;2;2;2;18;18,0;18;18;18;18;18;18;18,0;18,0;18,0;18,0;NA;NA;NA;NA;NA;NA;NA;NA;NA;NA;NA
2022-05-10;0-60;1;1,0;1;1;1;1;1;1;1;1;1;1;8;8,0;8;8;8;8;8;8;8,0;8,0;8,0;8,0;1,000000000000000;1,000000000000000;1,000000000000000;1,000000000000000;1,000000000000000;1,000000000000000;1,000000000000000;1,000000000000000;1,000000000000000;1,000000000000000;1,000000000000000
2022-05-10;60+;6;6,0;6;6;6;6;6;6;6;6;6;6;12;12,0;12;12;12;12;12;12;12,0;12,0;12,0;12,0;1,000000000000000;1,000000000000000;1,000000000000000;1,000000000000000;1,000000000000000;1,000000000000000;1,000000000000000;1,000000000000000;1,000000000000000;1,000000000000000;1,000000000000000
2022-05-10;alle;7;7,0;7;7;7;7;7;7;7;7;7;7;20;20,0;20;20;20;20;20;20;20,0;20,0;20,0;20,0;NA;NA;NA;NA;NA;NA;NA;NA;NA;NA;NA
2022-05-09;0-60;0;0,0;0;0;0;0;0;0;0;0;0;0;9;9,0;9;9;9;9;9;9;9,0;9,0;9,0;9,0;1,000000000000000;1,000000000000000;1,000000000000000;1,000000000000000;1,000000000000000;1,000000000000000;1,000000000000000;1,000000000000000;1,000000000000000;1,000000000000000;1,000000000000000
2022-05-09;60+;0;0,0;0;0;0;0;0;0;0;0;0;0;7;7,0;7;7;7;7;7;7;7,0;7,0;7,0;7,0;1,000000000000000;1,000000000000000;1,000000000000000;1,000000000000000;1,000000000000000;1,000000000000000;1,000000000000000;1,000000000000000;1,000000000000000;1,000000000000000;1,000000000000000
2022-05-09;alle;0;0,0;0;0;0;0;0;0;0;0;0;0;16;16,0;16;16;16;16;16;16;16,0;16,0;16,0;16,0;NA;NA;NA;NA;NA;NA;NA;NA;NA;NA;NA
2022-05-08;0-60;1;1,0;1;1;1;1;1;1;1;1;1;1;9;9,0;9;9;9;9;9;9;9,0;9,0;9,0;9,0;1,000000000000000;1,000000000000000;1,000000000000000;1,000000000000000;1,000000000000000;1,000000000000000;1,000000000000000;1,000000000000000;1,000000000000000;1,000000000000000;1,000000000000000
2022-05-08;60+;0;0,0;0;0;0;0;0;0;0;0;0;0;7;7,0;7;7;7;7;7;7;7,0;7,0;7,0;7,0;1,000000000000000;1,000000000000000;1,000000000000000;1,000000000000000;1,000000000000000;1,000000000000000;1,000000000000000;1,000000000000000;1,000000000000000;1,000000000000000;1,000000000000000
2022-05-08;alle;1;1,0;1;1;1;1;1;1;1;1;1;1;16;16,0;16;16;16;16;16;16;16,0;16,0;16,0;16,0;NA;NA;NA;NA;NA;NA;NA;NA;NA;NA;NA
2022-05-07;0-60;2;2,0;2;2;2;2;2;2;2;2;2;2;9;9,0;9;9;9;9;9;9;9,0;9,0;9,0;9,0;1,000000000000000;1,000000000000000;1,000000000000000;1,000000000000000;1,000000000000000;1,000000000000000;1,000000000000000;1,000000000000000;1,000000000000000;1,000000000000000;1,000000000000000
2022-05-07;60+;1;1,0;1;1;1;1;1;1;1;1;1;1;8;8,0;8;8;8;8;8;8;8,0;8,0;8,0;8,0;1,000000000000000;1,000000000000000;1,000000000000000;1,000000000000000;1,000000000000000;1,000000000000000;1,000000000000000;1,000000000000000;1,000000000000000;1,000000000000000;1,000000000000000
2022-05-07;alle;3;3,0;3;3;3;3;3;3;3;3;3;3;17;17,0;17;17;17;17;17;17;17,0;17,0;17,0;17,0;NA;NA;NA;NA;NA;NA;NA;NA;NA;NA;NA
2022-05-06;0-60;0;0,0;0;0;0;0;0;0;0;0;0;0;7;7,0;7;7;7;7;7;7;7,0;7,0;7,0;7,0;1,000000000000000;1,000000000000000;1,000000000000000;1,000000000000000;1,000000000000000;1,000000000000000;1,000000000000000;1,000000000000000;1,000000000000000;1,000000000000000;1,000000000000000
2022-05-06;60+;0;0,0;0;0;0;0;0;0;0;0;0;0;9;9,0;9;9;9;9;9;9;9,0;9,0;9,0;9,0;1,000000000000000;1,000000000000000;1,000000000000000;1,000000000000000;1,000000000000000;1,000000000000000;1,000000000000000;1,000000000000000;1,000000000000000;1,000000000000000;1,000000000000000
2022-05-06;alle;0;0,0;0;0;0;0;0;0;0;0;0;0;16;16,0;16;16;16;16;16;16;16,0;16,0;16,0;16,0;NA;NA;NA;NA;NA;NA;NA;NA;NA;NA;NA
2022-05-05;0-60;2;2,0;2;2;2;2;2;2;2;2;2;2;7;7,0;7;7;7;7;7;7;7,0;7,0;7,0;7,0;1,000000000000000;1,000000000000000;1,000000000000000;1,000000000000000;1,000000000000000;1,000000000000000;1,000000000000000;1,000000000000000;1,000000000000000;1,000000000000000;1,000000000000000
2022-05-05;60+;3;3,0;3;3;3;3;3;3;3;3;3;3;9;9,0;9;9;9;9;9;9;9,0;9,0;9,0;9,0;1,000000000000000;1,000000000000000;1,000000000000000;1,000000000000000;1,000000000000000;1,000000000000000;1,000000000000000;1,000000000000000;1,000000000000000;1,000000000000000;1,000000000000000
2022-05-05;alle;5;5,0;5;5;5;5;5;5;5;5;5;5;16;16,0;16;16;16;16;16;16;16,0;16,0;16,0;16,0;NA;NA;NA;NA;NA;NA;NA;NA;NA;NA;NA
2022-05-04;0-60;2;2,0;2;2;2;2;2;2;2;2;2;2;5;5,0;5;5;5;5;5;5;5,0;5,0;5,0;5,0;1,000000000000000;1,000000000000000;1,000000000000000;1,000000000000000;1,000000000000000;1,000000000000000;1,000000000000000;1,000000000000000;1,000000000000000;1,000000000000000;1,000000000000000
2022-05-04;60+;2;2,0;2;2;2;2;2;2;2;2;2;2;8;8,0;8;8;8;8;8;8;8,0;8,0;8,0;8,0;1,000000000000000;1,000000000000000;1,000000000000000;1,000000000000000;1,000000000000000;1,000000000000000;1,000000000000000;1,000000000000000;1,000000000000000;1,000000000000000;1,000000000000000
2022-05-04;alle;4;4,0;4;4;4;4;4;4;4;4;4;4;13;13,0;13;13;13;13;13;13;13,0;13,0;13,0;13,0;NA;NA;NA;NA;NA;NA;NA;NA;NA;NA;NA
2022-05-03;0-60;2;2,0;2;2;2;2;2;2;2;2;2;2;3;3,0;3;3;3;3;3;3;3,0;3,0;3,0;3,0;1,000000000000000;1,000000000000000;1,000000000000000;1,000000000000000;1,000000000000000;1,000000000000000;1,000000000000000;1,000000000000000;1,000000000000000;1,000000000000000;1,000000000000000
2022-05-03;60+;1;1,0;1;1;1;1;1;1;1;1;1;1;6;6,0;6;6;6;6;6;6;6,0;6,0;6,0;6,0;1,000000000000000;1,000000000000000;1,000000000000000;1,000000000000000;1,000000000000000;1,000000000000000;1,000000000000000;1,000000000000000;1,000000000000000;1,000000000000000;1,000000000000000
2022-05-03;alle;3;3,0;3;3;3;3;3;3;3;3;3;3;9;9,0;9;9;9;9;9;9;9,0;9,0;9,0;9,0;NA;NA;NA;NA;NA;NA;NA;NA;NA;NA;NA
2022-05-02;0-60;0;0,0;0;0;0;0;0;0;0;0;0;0;1;1,0;1;1;1;1;1;1;1,0;1,0;1,0;1,0;1,000000000000000;1,000000000000000;1,000000000000000;1,000000000000000;1,000000000000000;1,000000000000000;1,000000000000000;1,000000000000000;1,000000000000000;1,000000000000000;1,000000000000000
2022-05-02;60+;0;0,0;0;0;0;0;0;0;0;0;0;0;7;7,0;7;7;7;7;7;7;7,0;7,0;7,0;7,0;1,000000000000000;1,000000000000000;1,000000000000000;1,000000000000000;1,000000000000000;1,000000000000000;1,000000000000000;1,000000000000000;1,000000000000000;1,000000000000000;1,000000000000000
2022-05-02;alle;0;0,0;0;0;0;0;0;0;0;0;0;0;8;8,0;8;8;8;8;8;8;8,0;8,0;8,0;8,0;NA;NA;NA;NA;NA;NA;NA;NA;NA;NA;NA
2022-05-01;0-60;1;1,0;1;1;1;1;1;1;1;1;1;1;1;1,0;1;1;1;1;1;1;1,0;1,0;1,0;1,0;1,000000000000000;1,000000000000000;1,000000000000000;1,000000000000000;1,000000000000000;1,000000000000000;1,000000000000000;1,000000000000000;1,000000000000000;1,000000000000000;1,000000000000000
2022-05-01;60+;1;1,0;1;1;1;1;1;1;1;1;1;1;9;9,0;9;9;9;9;9;9;9,0;9,0;9,0;9,0;1,000000000000000;1,000000000000000;1,000000000000000;1,000000000000000;1,000000000000000;1,000000000000000;1,000000000000000;1,000000000000000;1,000000000000000;1,000000000000000;1,000000000000000
2022-05-01;alle;2;2,0;2;2;2;2;2;2;2;2;2;2;10;10,0;10;10;10;10;10;10;10,0;10,0;10,0;10,0;NA;NA;NA;NA;NA;NA;NA;NA;NA;NA;NA
2022-04-30;0-60;0;0,0;0;0;0;0;0;0;0;0;0;0;0;0,0;0;0;0;0;0;0;0,0;0,0;0,0;0,0;1,000000000000000;1,000000000000000;1,000000000000000;1,000000000000000;1,000000000000000;1,000000000000000;1,000000000000000;1,000000000000000;1,000000000000000;1,000000000000000;1,000000000000000
2022-04-30;60+;2;2,0;2;2;2;2;2;2;2;2;2;2;9;9,0;9;9;9;9;9;9;9,0;9,0;9,0;9,0;1,000000000000000;1,000000000000000;1,000000000000000;1,000000000000000;1,000000000000000;1,000000000000000;1,000000000000000;1,000000000000000;1,000000000000000;1,000000000000000;1,000000000000000
2022-04-30;alle;2;2,0;2;2;2;2;2;2;2;2;2;2;9;9,0;9;9;9;9;9;9;9,0;9,0;9,0;9,0;NA;NA;NA;NA;NA;NA;NA;NA;NA;NA;NA
2022-04-29;0-60;0;0,0;0;0;0;0;0;0;0;0;0;0;0;0,0;0;0;0;0;0;0;0,0;0,0;0,0;0,0;1,000000000000000;1,000000000000000;1,000000000000000;1,000000000000000;1,000000000000000;1,000000000000000;1,000000000000000;1,000000000000000;1,000000000000000;1,000000000000000;1,000000000000000
2022-04-29;60+;0;0,0;0;0;0;0;0;0;0;0;0;0;11;11,0;11;11;11;11;11;11;11,0;11,0;11,0;11,0;1,000000000000000;1,000000000000000;1,000000000000000;1,000000000000000;1,000000000000000;1,000000000000000;1,000000000000000;1,000000000000000;1,000000000000000;1,000000000000000;1,000000000000000
2022-04-29;alle;0;0,0;0;0;0;0;0;0;0;0;0;0;11;11,0;11;11;11;11;11;11;11,0;11,0;11,0;11,0;NA;NA;NA;NA;NA;NA;NA;NA;NA;NA;NA
2022-04-28;0-60;0;0,0;0;0;0;0;0;0;0;0;0;0;0;0,0;0;0;0;0;0;0;0,0;0,0;0,0;0,0;1,000000000000000;1,000000000000000;1,000000000000000;1,000000000000000;1,000000000000000;1,000000000000000;1,000000000000000;1,000000000000000;1,000000000000000;1,000000000000000;1,000000000000000
2022-04-28;60+;2;2,0;2;2;2;2;2;2;2;2;2;2;14;14,0;14;14;14;14;14;14;14,0;14,0;14,0;14,0;1,000000000000000;1,000000000000000;1,000000000000000;1,000000000000000;1,000000000000000;1,000000000000000;1,000000000000000;1,000000000000000;1,000000000000000;1,000000000000000;1,000000000000000
2022-04-28;alle;2;2,0;2;2;2;2;2;2;2;2;2;2;14;14,0;14;14;14;14;14;14;14,0;14,0;14,0;14,0;NA;NA;NA;NA;NA;NA;NA;NA;NA;NA;NA
2022-04-27;0-60;0;0,0;0;0;0;0;0;0;0;0;0;0;1;1,0;1;1;1;1;1;1;1,0;1,0;1,0;1,0;1,000000000000000;1,000000000000000;1,000000000000000;1,000000000000000;1,000000000000000;1,000000000000000;1,000000000000000;1,000000000000000;1,000000000000000;1,000000000000000;1,000000000000000
2022-04-27;60+;0;0,0;0;0;0;0;0;0;0;0;0;0;13;13,0;13;13;13;13;13;13;13,0;13,0;13,0;13,0;1,000000000000000;1,000000000000000;1,000000000000000;1,000000000000000;1,000000000000000;1,000000000000000;1,000000000000000;1,000000000000000;1,000000000000000;1,000000000000000;1,000000000000000
2022-04-27;alle;0;0,0;0;0;0;0;0;0;0;0;0;0;14;14,0;14;14;14;14;14;14;14,0;14,0;14,0;14,0;NA;NA;NA;NA;NA;NA;NA;NA;NA;NA;NA
2022-04-26;0-60;0;0,0;0;0;0;0;0;0;0;0;0;0;1;1,0;1;1;1;1;1;1;1,0;1,0;1,0;1,0;1,000000000000000;1,000000000000000;1,000000000000000;1,000000000000000;1,000000000000000;1,000000000000000;1,000000000000000;1,000000000000000;1,000000000000000;1,000000000000000;1,000000000000000
2022-04-26;60+;2;2,0;2;2;2;2;2;2;2;2;2;2;19;19,0;19;19;19;19;19;19;19,0;19,0;19,0;19,0;1,000000000000000;1,000000000000000;1,000000000000000;1,000000000000000;1,000000000000000;1,000000000000000;1,000000000000000;1,000000000000000;1,000000000000000;1,000000000000000;1,000000000000000
2022-04-26;alle;2;2,0;2;2;2;2;2;2;2;2;2;2;20;20,0;20;20;20;20;20;20;20,0;20,0;20,0;20,0;NA;NA;NA;NA;NA;NA;NA;NA;NA;NA;NA
2022-04-25;0-60;0;0,0;0;0;0;0;0;0;0;0;0;0;1;1,0;1;1;1;1;1;1;1,0;1,0;1,0;1,0;1,000000000000000;1,000000000000000;1,000000000000000;1,000000000000000;1,000000000000000;1,000000000000000;1,000000000000000;1,000000000000000;1,000000000000000;1,000000000000000;1,000000000000000
2022-04-25;60+;2;2,0;2;2;2;2;2;2;2;2;2;2;18;18,0;18;18;18;18;18;18;18,0;18,0;18,0;18,0;1,000000000000000;1,000000000000000;1,000000000000000;1,000000000000000;1,000000000000000;1,000000000000000;1,000000000000000;1,000000000000000;1,000000000000000;1,000000000000000;1,000000000000000
2022-04-25;alle;2;2,0;2;2;2;2;2;2;2;2;2;2;19;19,0;19;19;19;19;19;19;19,0;19,0;19,0;19,0;NA;NA;NA;NA;NA;NA;NA;NA;NA;NA;NA
2022-04-24;0-60;0;0,0;0;0;0;0;0;0;0;0;0;0;1;1,0;1;1;1;1;1;1;1,0;1,0;1,0;1,0;1,000000000000000;1,000000000000000;1,000000000000000;1,000000000000000;1,000000000000000;1,000000000000000;1,000000000000000;1,000000000000000;1,000000000000000;1,000000000000000;1,000000000000000
2022-04-24;60+;1;1,0;1;1;1;1;1;1;1;1;1;1;17;17,0;17;17;17;17;17;17;17,0;17,0;17,0;17,0;1,000000000000000;1,000000000000000;1,000000000000000;1,000000000000000;1,000000000000000;1,000000000000000;1,000000000000000;1,000000000000000;1,000000000000000;1,000000000000000;1,000000000000000
2022-04-24;alle;1;1,0;1;1;1;1;1;1;1;1;1;1;18;18,0;18;18;18;18;18;18;18,0;18,0;18,0;18,0;NA;NA;NA;NA;NA;NA;NA;NA;NA;NA;NA
2022-04-23;0-60;0;0,0;0;0;0;0;0;0;0;0;0;0;3;3,0;3;3;3;3;3;3;3,0;3,0;3,0;3,0;1,000000000000000;1,000000000000000;1,000000000000000;1,000000000000000;1,000000000000000;1,000000000000000;1,000000000000000;1,000000000000000;1,000000000000000;1,000000000000000;1,000000000000000
2022-04-23;60+;4;4,0;4;4;4;4;4;4;4;4;4;4;20;20,0;20;20;20;20;20;20;20,0;20,0;20,0;20,0;1,000000000000000;1,000000000000000;1,000000000000000;1,000000000000000;1,000000000000000;1,000000000000000;1,000000000000000;1,000000000000000;1,000000000000000;1,000000000000000;1,000000000000000
2022-04-23;alle;4;4,0;4;4;4;4;4;4;4;4;4;4;23;23,0;23;23;23;23;23;23;23,0;23,0;23,0;23,0;NA;NA;NA;NA;NA;NA;NA;NA;NA;NA;NA
2022-04-22;0-60;0;0,0;0;0;0;0;0;0;0;0;0;0;3;3,0;3;3;3;3;3;3;3,0;3,0;3,0;3,0;1,000000000000000;1,000000000000000;1,000000000000000;1,000000000000000;1,000000000000000;1,000000000000000;1,000000000000000;1,000000000000000;1,000000000000000;1,000000000000000;1,000000000000000
2022-04-22;60+;3;3,0;3;3;3;3;3;3;3;3;3;3;16;16,0;16;16;16;16;16;16;16,0;16,0;16,0;16,0;1,000000000000000;1,000000000000000;1,000000000000000;1,000000000000000;1,000000000000000;1,000000000000000;1,000000000000000;1,000000000000000;1,000000000000000;1,000000000000000;1,000000000000000
2022-04-22;alle;3;3,0;3;3;3;3;3;3;3;3;3;3;19;19,0;19;19;19;19;19;19;19,0;19,0;19,0;19,0;NA;NA;NA;NA;NA;NA;NA;NA;NA;NA;NA
2022-04-21;0-60;1;1,0;1;1;1;1;1;1;1;1;1;1;3;3,0;3;3;3;3;3;3;3,0;3,0;3,0;3,0;1,000000000000000;1,000000000000000;1,000000000000000;1,000000000000000;1,000000000000000;1,000000000000000;1,000000000000000;1,000000000000000;1,000000000000000;1,000000000000000;1,000000000000000
2022-04-21;60+;1;1,0;1;1;1;1;1;1;1;1;1;1;17;17,0;17;17;17;17;17;17;17,0;17,0;17,0;17,0;1,000000000000000;1,000000000000000;1,000000000000000;1,000000000000000;1,000000000000000;1,000000000000000;1,000000000000000;1,000000000000000;1,000000000000000;1,000000000000000;1,000000000000000
2022-04-21;alle;2;2,0;2;2;2;2;2;2;2;2;2;2;20;20,0;20;20;20;20;20;20;20,0;20,0;20,0;20,0;NA;NA;NA;NA;NA;NA;NA;NA;NA;NA;NA
2022-04-20;0-60;0;0,0;0;0;0;0;0;0;0;0;0;0;3;3,0;3;3;3;3;3;3;3,0;3,0;3,0;3,0;1,000000000000000;1,000000000000000;1,000000000000000;1,000000000000000;1,000000000000000;1,000000000000000;1,000000000000000;1,000000000000000;1,000000000000000;1,000000000000000;1,000000000000000
2022-04-20;60+;6;6,0;6;6;6;6;6;6;6;6;6;6;20;20,0;20;20;20;20;20;20;20,0;20,0;20,0;20,0;1,000000000000000;1,000000000000000;1,000000000000000;1,000000000000000;1,000000000000000;1,000000000000000;1,000000000000000;1,000000000000000;1,000000000000000;1,000000000000000;1,000000000000000
2022-04-20;alle;6;6,0;6;6;6;6;6;6;6;6;6;6;23;23,0;23;23;23;23;23;23;23,0;23,0;23,0;23,0;NA;NA;NA;NA;NA;NA;NA;NA;NA;NA;NA
2022-04-19;0-60;0;0,0;0;0;0;0;0;0;0;0;0;0;3;3,0;3;3;3;3;3;3;3,0;3,0;3,0;3,0;1,000000000000000;1,000000000000000;1,000000000000000;1,000000000000000;1,000000000000000;1,000000000000000;1,000000000000000;1,000000000000000;1,000000000000000;1,000000000000000;1,000000000000000
2022-04-19;60+;1;1,0;1;1;1;1;1;1;1;1;1;1;20;20,0;20;20;20;20;20;20;20,0;20,0;20,0;20,0;1,000000000000000;1,000000000000000;1,000000000000000;1,000000000000000;1,000000000000000;1,000000000000000;1,000000000000000;1,000000000000000;1,000000000000000;1,000000000000000;1,000000000000000
2022-04-19;alle;1;1,0;1;1;1;1;1;1;1;1;1;1;23;23,0;23;23;23;23;23;23;23,0;23,0;23,0;23,0;NA;NA;NA;NA;NA;NA;NA;NA;NA;NA;NA
2022-04-18;0-60;0;0,0;0;0;0;0;0;0;0;0;0;0;7;7,0;7;7;7;7;7;7;7,0;7,0;7,0;7,0;1,000000000000000;1,000000000000000;1,000000000000000;1,000000000000000;1,000000000000000;1,000000000000000;1,000000000000000;1,000000000000000;1,000000000000000;1,000000000000000;1,000000000000000
2022-04-18;60+;1;1,0;1;1;1;1;1;1;1;1;1;1;22;22,0;22;22;22;22;22;22;22,0;22,0;22,0;22,0;1,000000000000000;1,000000000000000;1,000000000000000;1,000000000000000;1,000000000000000;1,000000000000000;1,000000000000000;1,000000000000000;1,000000000000000;1,000000000000000;1,000000000000000
2022-04-18;alle;1;1,0;1;1;1;1;1;1;1;1;1;1;29;29,0;29;29;29;29;29;29;29,0;29,0;29,0;29,0;NA;NA;NA;NA;NA;NA;NA;NA;NA;NA;NA
2022-04-17;0-60;2;2,0;2;2;2;2;2;2;2;2;2;2;7;7,0;7;7;7;7;7;7;7,0;7,0;7,0;7,0;1,000000000000000;1,000000000000000;1,000000000000000;1,000000000000000;1,000000000000000;1,000000000000000;1,000000000000000;1,000000000000000;1,000000000000000;1,000000000000000;1,000000000000000
2022-04-17;60+;4;4,0;4;4;4;4;4;4;4;4;4;4;23;23,0;23;23;23;23;23;23;23,0;23,0;23,0;23,0;1,000000000000000;1,000000000000000;1,000000000000000;1,000000000000000;1,000000000000000;1,000000000000000;1,000000000000000;1,000000000000000;1,000000000000000;1,000000000000000;1,000000000000000
2022-04-17;alle;6;6,0;6;6;6;6;6;6;6;6;6;6;30;30,0;30;30;30;30;30;30;30,0;30,0;30,0;30,0;NA;NA;NA;NA;NA;NA;NA;NA;NA;NA;NA
2022-04-16;0-60;0;0,0;0;0;0;0;0;0;0;0;0;0;5;5,0;5;5;5;5;5;5;5,0;5,0;5,0;5,0;1,000000000000000;1,000000000000000;1,000000000000000;1,000000000000000;1,000000000000000;1,000000000000000;1,000000000000000;1,000000000000000;1,000000000000000;1,000000000000000;1,000000000000000
2022-04-16;60+;0;0,0;0;0;0;0;0;0;0;0;0;0;20;20,0;20;20;20;20;20;20;20,0;20,0;20,0;20,0;1,000000000000000;1,000000000000000;1,000000000000000;1,000000000000000;1,000000000000000;1,000000000000000;1,000000000000000;1,000000000000000;1,000000000000000;1,000000000000000;1,000000000000000
2022-04-16;alle;0;0,0;0;0;0;0;0;0;0;0;0;0;25;25,0;25;25;25;25;25;25;25,0;25,0;25,0;25,0;NA;NA;NA;NA;NA;NA;NA;NA;NA;NA;NA
2022-04-15;0-60;0;0,0;0;0;0;0;0;0;0;0;0;0;5;5,0;5;5;5;5;5;5;5,0;5,0;5,0;5,0;1,000000000000000;1,000000000000000;1,000000000000000;1,000000000000000;1,000000000000000;1,000000000000000;1,000000000000000;1,000000000000000;1,000000000000000;1,000000000000000;1,000000000000000
2022-04-15;60+;4;4,0;4;4;4;4;4;4;4;4;4;4;21;21,0;21;21;21;21;21;21;21,0;21,0;21,0;21,0;1,000000000000000;1,000000000000000;1,000000000000000;1,000000000000000;1,000000000000000;1,000000000000000;1,000000000000000;1,000000000000000;1,000000000000000;1,000000000000000;1,000000000000000
2022-04-15;alle;4;4,0;4;4;4;4;4;4;4;4;4;4;26;26,0;26;26;26;26;26;26;26,0;26,0;26,0;26,0;NA;NA;NA;NA;NA;NA;NA;NA;NA;NA;NA
2022-04-14;0-60;1;1,0;1;1;1;1;1;1;1;1;1;1;6;6,0;6;6;6;6;6;6;6,0;6,0;6,0;6,0;1,000000000000000;1,000000000000000;1,000000000000000;1,000000000000000;1,000000000000000;1,000000000000000;1,000000000000000;1,000000000000000;1,000000000000000;1,000000000000000;1,000000000000000
2022-04-14;60+;4;4,0;4;4;4;4;4;4;4;4;4;4;19;19,0;19;19;19;19;19;19;19,0;19,0;19,0;19,0;1,000000000000000;1,000000000000000;1,000000000000000;1,000000000000000;1,000000000000000;1,000000000000000;1,000000000000000;1,000000000000000;1,000000000000000;1,000000000000000;1,000000000000000
2022-04-14;alle;5;5,0;5;5;5;5;5;5;5;5;5;5;25;25,0;25;25;25;25;25;25;25,0;25,0;25,0;25,0;NA;NA;NA;NA;NA;NA;NA;NA;NA;NA;NA
2022-04-13;0-60;0;0,0;0;0;0;0;0;0;0;0;0;0;6;6,0;6;6;6;6;6;6;6,0;6,0;6,0;6,0;1,000000000000000;1,000000000000000;1,000000000000000;1,000000000000000;1,000000000000000;1,000000000000000;1,000000000000000;1,000000000000000;1,000000000000000;1,000000000000000;1,000000000000000
2022-04-13;60+;6;6,0;6;6;6;6;6;6;6;6;6;6;18;18,0;18;18;18;18;18;18;18,0;18,0;18,0;18,0;1,000000000000000;1,000000000000000;1,000000000000000;1,000000000000000;1,000000000000000;1,000000000000000;1,000000000000000;1,000000000000000;1,000000000000000;1,000000000000000;1,000000000000000
2022-04-13;alle;6;6,0;6;6;6;6;6;6;6;6;6;6;24;24,0;24;24;24;24;24;24;24,0;24,0;24,0;24,0;NA;NA;NA;NA;NA;NA;NA;NA;NA;NA;NA
2022-04-12;0-60;4;4,0;4;4;4;4;4;4;4;4;4;4;6;6,0;6;6;6;6;6;6;6,0;6,0;6,0;6,0;1,000000000000000;1,000000000000000;1,000000000000000;1,000000000000000;1,000000000000000;1,000000000000000;1,000000000000000;1,000000000000000;1,000000000000000;1,000000000000000;1,000000000000000
2022-04-12;60+;3;3,0;3;3;3;3;3;3;3;3;3;3;13;13,0;13;13;13;13;13;13;13,0;13,0;13,0;13,0;1,000000000000000;1,000000000000000;1,000000000000000;1,000000000000000;1,000000000000000;1,000000000000000;1,000000000000000;1,000000000000000;1,000000000000000;1,000000000000000;1,000000000000000
2022-04-12;alle;7;7,0;7;7;7;7;7;7;7;7;7;7;19;19,0;19;19;19;19;19;19;19,0;19,0;19,0;19,0;NA;NA;NA;NA;NA;NA;NA;NA;NA;NA;NA
2022-04-11;0-60;0;0,0;0;0;0;0;0;0;0;0;0;0;8;8,0;8;8;8;8;8;8;8,0;8,0;8,0;8,0;1,000000000000000;1,000000000000000;1,000000000000000;1,000000000000000;1,000000000000000;1,000000000000000;1,000000000000000;1,000000000000000;1,000000000000000;1,000000000000000;1,000000000000000
2022-04-11;60+;2;2,0;2;2;2;2;2;2;2;2;2;2;19;19,0;19;19;19;19;19;19;19,0;19,0;19,0;19,0;1,000000000000000;1,000000000000000;1,000000000000000;1,000000000000000;1,000000000000000;1,000000000000000;1,000000000000000;1,000000000000000;1,000000000000000;1,000000000000000;1,000000000000000
2022-04-11;alle;2;2,0;2;2;2;2;2;2;2;2;2;2;27;27,0;27;27;27;27;27;27;27,0;27,0;27,0;27,0;NA;NA;NA;NA;NA;NA;NA;NA;NA;NA;NA
2022-04-10;0-60;0;0,0;0;0;0;0;0;0;0;0;0;0;8;8,0;8;8;8;8;8;8;8,0;8,0;8,0;8,0;1,000000000000000;1,000000000000000;1,000000000000000;1,000000000000000;1,000000000000000;1,000000000000000;1,000000000000000;1,000000000000000;1,000000000000000;1,000000000000000;1,000000000000000
2022-04-10;60+;1;1,0;1;1;1;1;1;1;1;1;1;1;17;17,0;17;17;17;17;17;17;17,0;17,0;17,0;17,0;1,000000000000000;1,000000000000000;1,000000000000000;1,000000000000000;1,000000000000000;1,000000000000000;1,000000000000000;1,000000000000000;1,000000000000000;1,000000000000000;1,000000000000000
2022-04-10;alle;1;1,0;1;1;1;1;1;1;1;1;1;1;25;25,0;25;25;25;25;25;25;25,0;25,0;25,0;25,0;NA;NA;NA;NA;NA;NA;NA;NA;NA;NA;NA
2022-04-09;0-60;0;0,0;0;0;0;0;0;0;0;0;0;0;8;8,0;8;8;8;8;8;8;8,0;8,0;8,0;8,0;1,000000000000000;1,000000000000000;1,000000000000000;1,000000000000000;1,000000000000000;1,000000000000000;1,000000000000000;1,000000000000000;1,000000000000000;1,000000000000000;1,000000000000000
2022-04-09;60+;1;1,0;1;1;1;1;1;1;1;1;1;1;17;17,0;17;17;17;17;17;17;17,0;17,0;17,0;17,0;1,000000000000000;1,000000000000000;1,000000000000000;1,000000000000000;1,000000000000000;1,000000000000000;1,000000000000000;1,000000000000000;1,000000000000000;1,000000000000000;1,000000000000000
2022-04-09;alle;1;1,0;1;1;1;1;1;1;1;1;1;1;25;25,0;25;25;25;25;25;25;25,0;25,0;25,0;25,0;NA;NA;NA;NA;NA;NA;NA;NA;NA;NA;NA
2022-04-08;0-60;1;1,0;1;1;1;1;1;1;1;1;1;1;8;8,0;8;8;8;8;8;8;8,0;8,0;8,0;8,0;1,000000000000000;1,000000000000000;1,000000000000000;1,000000000000000;1,000000000000000;1,000000000000000;1,000000000000000;1,000000000000000;1,000000000000000;1,000000000000000;1,000000000000000
2022-04-08;60+;2;2,0;2;2;2;2;2;2;2;2;2;2;19;19,0;19;19;19;19;19;19;19,0;19,0;19,0;19,0;1,000000000000000;1,000000000000000;1,000000000000000;1,000000000000000;1,000000000000000;1,000000000000000;1,000000000000000;1,000000000000000;1,000000000000000;1,000000000000000;1,000000000000000
2022-04-08;alle;3;3,0;3;3;3;3;3;3;3;3;3;3;27;27,0;27;27;27;27;27;27;27,0;27,0;27,0;27,0;NA;NA;NA;NA;NA;NA;NA;NA;NA;NA;NA
2022-04-07;0-60;1;1,0;1;1;1;1;1;1;1;1;1;1;10;10,0;10;10;10;10;10;10;10,0;10,0;10,0;10,0;1,000000000000000;1,000000000000000;1,000000000000000;1,000000000000000;1,000000000000000;1,000000000000000;1,000000000000000;1,000000000000000;1,000000000000000;1,000000000000000;1,000000000000000
2022-04-07;60+;3;3,0;3;3;3;3;3;3;3;3;3;3;19;19,0;19;19;19;19;19;19;19,0;19,0;19,0;19,0;1,000000000000000;1,000000000000000;1,000000000000000;1,000000000000000;1,000000000000000;1,000000000000000;1,000000000000000;1,000000000000000;1,000000000000000;1,000000000000000;1,000000000000000
2022-04-07;alle;4;4,0;4;4;4;4;4;4;4;4;4;4;29;29,0;29;29;29;29;29;29;29,0;29,0;29,0;29,0;NA;NA;NA;NA;NA;NA;NA;NA;NA;NA;NA
2022-04-06;0-60;0;0,0;0;0;0;0;0;0;0;0;0;0;10;10,0;10;10;10;10;10;10;10,0;10,0;10,0;10,0;1,000000000000000;1,000000000000000;1,000000000000000;1,000000000000000;1,000000000000000;1,000000000000000;1,000000000000000;1,000000000000000;1,000000000000000;1,000000000000000;1,000000000000000
2022-04-06;60+;1;1,0;1;1;1;1;1;1;1;1;1;1;22;22,0;22;22;22;22;22;22;22,0;22,0;22,0;22,0;1,000000000000000;1,000000000000000;1,000000000000000;1,000000000000000;1,000000000000000;1,000000000000000;1,000000000000000;1,000000000000000;1,000000000000000;1,000000000000000;1,000000000000000
2022-04-06;alle;1;1,0;1;1;1;1;1;1;1;1;1;1;32;32,0;32;32;32;32;32;32;32,0;32,0;32,0;32,0;NA;NA;NA;NA;NA;NA;NA;NA;NA;NA;NA
2022-04-05;0-60;6;6,0;6;6;6;6;6;6;6;6;6;6;11;11,0;11;11;11;11;11;11;11,0;11,0;11,0;11,0;1,000000000000000;1,000000000000000;1,000000000000000;1,000000000000000;1,000000000000000;1,000000000000000;1,000000000000000;1,000000000000000;1,000000000000000;1,000000000000000;1,000000000000000
2022-04-05;60+;9;9,0;9;9;9;9;9;9;9;9;9;9;27;27,0;27;27;27;27;27;27;27,0;27,0;27,0;27,0;1,000000000000000;1,000000000000000;1,000000000000000;1,000000000000000;1,000000000000000;1,000000000000000;1,000000000000000;1,000000000000000;1,000000000000000;1,000000000000000;1,000000000000000
2022-04-05;alle;15;15,0;15;15;15;15;15;15;15;15;15;15;38;38,0;38;38;38;38;38;38;38,0;38,0;38,0;38,0;NA;NA;NA;NA;NA;NA;NA;NA;NA;NA;NA
2022-04-04;0-60;0;0,0;0;0;0;0;0;0;0;0;0;0;7;7,0;7;7;7;7;7;7;7,0;7,0;7,0;7,0;1,000000000000000;1,000000000000000;1,000000000000000;1,000000000000000;1,000000000000000;1,000000000000000;1,000000000000000;1,000000000000000;1,000000000000000;1,000000000000000;1,000000000000000
2022-04-04;60+;0;0,0;0;0;0;0;0;0;0;0;0;0;22;22,0;22;22;22;22;22;22;22,0;22,0;22,0;22,0;1,000000000000000;1,000000000000000;1,000000000000000;1,000000000000000;1,000000000000000;1,000000000000000;1,000000000000000;1,000000000000000;1,000000000000000;1,000000000000000;1,000000000000000
2022-04-04;alle;0;0,0;0;0;0;0;0;0;0;0;0;0;29;29,0;29;29;29;29;29;29;29,0;29,0;29,0;29,0;NA;NA;NA;NA;NA;NA;NA;NA;NA;NA;NA
2022-04-03;0-60;0;0,0;0;0;0;0;0;0;0;0;0;0;8;8,0;8;8;8;8;8;8;8,0;8,0;8,0;8,0;1,000000000000000;1,000000000000000;1,000000000000000;1,000000000000000;1,000000000000000;1,000000000000000;1,000000000000000;1,000000000000000;1,000000000000000;1,000000000000000;1,000000000000000
2022-04-03;60+;1;1,0;1;1;1;1;1;1;1;1;1;1;23;23,0;23;23;23;23;23;23;23,0;23,0;23,0;23,0;1,000000000000000;1,000000000000000;1,000000000000000;1,000000000000000;1,000000000000000;1,000000000000000;1,000000000000000;1,000000000000000;1,000000000000000;1,000000000000000;1,000000000000000
2022-04-03;alle;1;1,0;1;1;1;1;1;1;1;1;1;1;31;31,0;31;31;31;31;31;31;31,0;31,0;31,0;31,0;NA;NA;NA;NA;NA;NA;NA;NA;NA;NA;NA
2022-04-02;0-60;0;0,0;0;0;0;0;0;0;0;0;0;0;8;8,0;8;8;8;8;8;8;8,0;8,0;8,0;8,0;1,000000000000000;1,000000000000000;1,000000000000000;1,000000000000000;1,000000000000000;1,000000000000000;1,000000000000000;1,000000000000000;1,000000000000000;1,000000000000000;1,000000000000000
2022-04-02;60+;3;3,0;3;3;3;3;3;3;3;3;3;3;25;25,0;25;25;25;25;25;25;25,0;25,0;25,0;25,0;1,000000000000000;1,000000000000000;1,000000000000000;1,000000000000000;1,000000000000000;1,000000000000000;1,000000000000000;1,000000000000000;1,000000000000000;1,000000000000000;1,000000000000000
2022-04-02;alle;3;3,0;3;3;3;3;3;3;3;3;3;3;33;33,0;33;33;33;33;33;33;33,0;33,0;33,0;33,0;NA;NA;NA;NA;NA;NA;NA;NA;NA;NA;NA
2022-04-01;0-60;3;3,0;3;3;3;3;3;3;3;3;3;3;8;8,0;8;8;8;8;8;8;8,0;8,0;8,0;8,0;1,000000000000000;1,000000000000000;1,000000000000000;1,000000000000000;1,000000000000000;1,000000000000000;1,000000000000000;1,000000000000000;1,000000000000000;1,000000000000000;1,000000000000000
2022-04-01;60+;2;2,0;2;2;2;2;2;2;2;2;2;2;24;24,0;24;24;24;24;24;24;24,0;24,0;24,0;24,0;1,000000000000000;1,000000000000000;1,000000000000000;1,000000000000000;1,000000000000000;1,000000000000000;1,000000000000000;1,000000000000000;1,000000000000000;1,000000000000000;1,000000000000000
2022-04-01;alle;5;5,0;5;5;5;5;5;5;5;5;5;5;32;32,0;32;32;32;32;32;32;32,0;32,0;32,0;32,0;NA;NA;NA;NA;NA;NA;NA;NA;NA;NA;NA
2022-03-31;0-60;1;1,0;1;1;1;1;1;1;1;1;1;1;5;5,0;5;5;5;5;5;5;5,0;5,0;5,0;5,0;1,000000000000000;1,000000000000000;1,000000000000000;1,000000000000000;1,000000000000000;1,000000000000000;1,000000000000000;1,000000000000000;1,000000000000000;1,000000000000000;1,000000000000000
2022-03-31;60+;6;6,0;6;6;6;6;6;6;6;6;6;6;29;29,0;29;29;29;29;29;29;29,0;29,0;29,0;29,0;1,000000000000000;1,000000000000000;1,000000000000000;1,000000000000000;1,000000000000000;1,000000000000000;1,000000000000000;1,000000000000000;1,000000000000000;1,000000000000000;1,000000000000000
2022-03-31;alle;7;7,0;7;7;7;7;7;7;7;7;7;7;34;34,0;34;34;34;34;34;34;34,0;34,0;34,0;34,0;NA;NA;NA;NA;NA;NA;NA;NA;NA;NA;NA
2022-03-30;0-60;1;1,0;1;1;1;1;1;1;1;1;1;1;10;10,0;10;10;10;10;10;10;10,0;10,0;10,0;10,0;1,000000000000000;1,000000000000000;1,000000000000000;1,000000000000000;1,000000000000000;1,000000000000000;1,000000000000000;1,000000000000000;1,000000000000000;1,000000000000000;1,000000000000000
2022-03-30;60+;6;6,0;6;6;6;6;6;6;6;6;6;6;31;31,0;31;31;31;31;31;31;31,0;31,0;31,0;31,0;1,000000000000000;1,000000000000000;1,000000000000000;1,000000000000000;1,000000000000000;1,000000000000000;1,000000000000000;1,000000000000000;1,000000000000000;1,000000000000000;1,000000000000000
2022-03-30;alle;7;7,0;7;7;7;7;7;7;7;7;7;7;41;41,0;41;41;41;41;41;41;41,0;41,0;41,0;41,0;NA;NA;NA;NA;NA;NA;NA;NA;NA;NA;NA
2022-03-29;0-60;2;2,0;2;2;2;2;2;2;2;2;2;2;14;14,0;14;14;14;14;14;14;14,0;14,0;14,0;14,0;1,000000000000000;1,000000000000000;1,000000000000000;1,000000000000000;1,000000000000000;1,000000000000000;1,000000000000000;1,000000000000000;1,000000000000000;1,000000000000000;1,000000000000000
2022-03-29;60+;4;4,0;4;4;4;4;4;4;4;4;4;4;28;28,0;28;28;28;28;28;28;28,0;28,0;28,0;28,0;1,000000000000000;1,000000000000000;1,000000000000000;1,000000000000000;1,000000000000000;1,000000000000000;1,000000000000000;1,000000000000000;1,000000000000000;1,000000000000000;1,000000000000000
2022-03-29;alle;6;6,0;6;6;6;6;6;6;6;6;6;6;42;42,0;42;42;42;42;42;42;42,0;42,0;42,0;42,0;NA;NA;NA;NA;NA;NA;NA;NA;NA;NA;NA
2022-03-28;0-60;1;1,0;1;1;1;1;1;1;1;1;1;1;14;14,0;14;14;14;14;14;14;14,0;14,0;14,0;14,0;1,000000000000000;1,000000000000000;1,000000000000000;1,000000000000000;1,000000000000000;1,000000000000000;1,000000000000000;1,000000000000000;1,000000000000000;1,000000000000000;1,000000000000000
2022-03-28;60+;1;1,0;1;1;1;1;1;1;1;1;1;1;34;34,0;34;34;34;34;34;34;34,0;34,0;34,0;34,0;1,000000000000000;1,000000000000000;1,000000000000000;1,000000000000000;1,000000000000000;1,000000000000000;1,000000000000000;1,000000000000000;1,000000000000000;1,000000000000000;1,000000000000000
2022-03-28;alle;2;2,0;2;2;2;2;2;2;2;2;2;2;48;48,0;48;48;48;48;48;48;48,0;48,0;48,0;48,0;NA;NA;NA;NA;NA;NA;NA;NA;NA;NA;NA
2022-03-27;0-60;0;0,0;0;0;0;0;0;0;0;0;0;0;13;13,0;13;13;13;13;13;13;13,0;13,0;13,0;13,0;1,000000000000000;1,000000000000000;1,000000000000000;1,000000000000000;1,000000000000000;1,000000000000000;1,000000000000000;1,000000000000000;1,000000000000000;1,000000000000000;1,000000000000000
2022-03-27;60+;3;3,0;3;3;3;3;3;3;3;3;3;3;34;34,0;34;34;34;34;34;34;34,0;34,0;34,0;34,0;1,000000000000000;1,000000000000000;1,000000000000000;1,000000000000000;1,000000000000000;1,000000000000000;1,000000000000000;1,000000000000000;1,000000000000000;1,000000000000000;1,000000000000000
2022-03-27;alle;3;3,0;3;3;3;3;3;3;3;3;3;3;47;47,0;47;47;47;47;47;47;47,0;47,0;47,0;47,0;NA;NA;NA;NA;NA;NA;NA;NA;NA;NA;NA
2022-03-26;0-60;0;0,0;0;0;0;0;0;0;0;0;0;0;14;14,0;14;14;14;14;14;14;14,0;14,0;14,0;14,0;1,000000000000000;1,000000000000000;1,000000000000000;1,000000000000000;1,000000000000000;1,000000000000000;1,000000000000000;1,000000000000000;1,000000000000000;1,000000000000000;1,000000000000000
2022-03-26;60+;2;2,0;2;2;2;2;2;2;2;2;2;2;32;32,0;32;32;32;32;32;32;32,0;32,0;32,0;32,0;1,000000000000000;1,000000000000000;1,000000000000000;1,000000000000000;1,000000000000000;1,000000000000000;1,000000000000000;1,000000000000000;1,000000000000000;1,000000000000000;1,000000000000000
2022-03-26;alle;2;2,0;2;2;2;2;2;2;2;2;2;2;46;46,0;46;46;46;46;46;46;46,0;46,0;46,0;46,0;NA;NA;NA;NA;NA;NA;NA;NA;NA;NA;NA
2022-03-25;0-60;0;0,0;0;0;0;0;0;0;0;0;0;0;15;15,0;15;15;15;15;15;15;15,0;15,0;15,0;15,0;1,000000000000000;1,000000000000000;1,000000000000000;1,000000000000000;1,000000000000000;1,000000000000000;1,000000000000000;1,000000000000000;1,000000000000000;1,000000000000000;1,000000000000000
2022-03-25;60+;7;7,0;7;7;7;7;7;7;7;7;7;7;33;33,0;33;33;33;33;33;33;33,0;33,0;33,0;33,0;1,000000000000000;1,000000000000000;1,000000000000000;1,000000000000000;1,000000000000000;1,000000000000000;1,000000000000000;1,000000000000000;1,000000000000000;1,000000000000000;1,000000000000000
2022-03-25;alle;7;7,0;7;7;7;7;7;7;7;7;7;7;48;48,0;48;48;48;48;48;48;48,0;48,0;48,0;48,0;NA;NA;NA;NA;NA;NA;NA;NA;NA;NA;NA
2022-03-24;0-60;6;6,0;6;6;6;6;6;6;6;6;6;6;15;15,0;15;15;15;15;15;15;15,0;15,0;15,0;15,0;1,000000000000000;1,000000000000000;1,000000000000000;1,000000000000000;1,000000000000000;1,000000000000000;1,000000000000000;1,000000000000000;1,000000000000000;1,000000000000000;1,000000000000000
2022-03-24;60+;8;8,0;8;8;8;8;8;8;8;8;8;8;27;27,0;27;27;27;27;27;27;27,0;27,0;27,0;27,0;1,000000000000000;1,000000000000000;1,000000000000000;1,000000000000000;1,000000000000000;1,000000000000000;1,000000000000000;1,000000000000000;1,000000000000000;1,000000000000000;1,000000000000000
2022-03-24;alle;14;14,0;14;14;14;14;14;14;14;14;14;14;42;42,0;42;42;42;42;42;42;42,0;42,0;42,0;42,0;NA;NA;NA;NA;NA;NA;NA;NA;NA;NA;NA
2022-03-23;0-60;5;5,0;5;5;5;5;5;5;5;5;5;5;15;15,0;15;15;15;15;15;15;15,0;15,0;15,0;15,0;1,000000000000000;1,000000000000000;1,000000000000000;1,000000000000000;1,000000000000000;1,000000000000000;1,000000000000000;1,000000000000000;1,000000000000000;1,000000000000000;1,000000000000000
2022-03-23;60+;3;3,0;3;3;3;3;3;3;3;3;3;3;23;23,0;23;23;23;23;23;23;23,0;23,0;23,0;23,0;1,000000000000000;1,000000000000000;1,000000000000000;1,000000000000000;1,000000000000000;1,000000000000000;1,000000000000000;1,000000000000000;1,000000000000000;1,000000000000000;1,000000000000000
2022-03-23;alle;8;8,0;8;8;8;8;8;8;8;8;8;8;38;38,0;38;38;38;38;38;38;38,0;38,0;38,0;38,0;NA;NA;NA;NA;NA;NA;NA;NA;NA;NA;NA
2022-03-22;0-60;2;2,0;2;2;2;2;2;2;2;2;2;2;13;13,0;13;13;13;13;13;13;13,0;13,0;13,0;13,0;1,000000000000000;1,000000000000000;1,000000000000000;1,000000000000000;1,000000000000000;1,000000000000000;1,000000000000000;1,000000000000000;1,000000000000000;1,000000000000000;1,000000000000000
2022-03-22;60+;10;10,0;10;10;10;10;10;10;10;10;10;10;28;28,0;28;28;28;28;28;28;28,0;28,0;28,0;28,0;1,000000000000000;1,000000000000000;1,000000000000000;1,000000000000000;1,000000000000000;1,000000000000000;1,000000000000000;1,000000000000000;1,000000000000000;1,000000000000000;1,000000000000000
2022-03-22;alle;12;12,0;12;12;12;12;12;12;12;12;12;12;41;41,0;41;41;41;41;41;41;41,0;41,0;41,0;41,0;NA;NA;NA;NA;NA;NA;NA;NA;NA;NA;NA
2022-03-21;0-60;0;0,0;0;0;0;0;0;0;0;0;0;0;16;16,0;16;16;16;16;16;16;16,0;16,0;16,0;16,0;1,000000000000000;1,000000000000000;1,000000000000000;1,000000000000000;1,000000000000000;1,000000000000000;1,000000000000000;1,000000000000000;1,000000000000000;1,000000000000000;1,000000000000000
2022-03-21;60+;1;1,0;1;1;1;1;1;1;1;1;1;1;28;28,0;28;28;28;28;28;28;28,0;28,0;28,0;28,0;1,000000000000000;1,000000000000000;1,000000000000000;1,000000000000000;1,000000000000000;1,000000000000000;1,000000000000000;1,000000000000000;1,000000000000000;1,000000000000000;1,000000000000000
2022-03-21;alle;1;1,0;1;1;1;1;1;1;1;1;1;1;44;44,0;44;44;44;44;44;44;44,0;44,0;44,0;44,0;NA;NA;NA;NA;NA;NA;NA;NA;NA;NA;NA
2022-03-20;0-60;1;1,0;1;1;1;1;1;1;1;1;1;1;17;17,0;17;17;17;17;17;17;17,0;17,0;17,0;17,0;1,000000000000000;1,000000000000000;1,000000000000000;1,000000000000000;1,000000000000000;1,000000000000000;1,000000000000000;1,000000000000000;1,000000000000000;1,000000000000000;1,000000000000000
2022-03-20;60+;1;1,0;1;1;1;1;1;1;1;1;1;1;29;29,0;29;29;29;29;29;29;29,0;29,0;29,0;29,0;1,000000000000000;1,000000000000000;1,000000000000000;1,000000000000000;1,000000000000000;1,000000000000000;1,000000000000000;1,000000000000000;1,000000000000000;1,000000000000000;1,000000000000000
2022-03-20;alle;2;2,0;2;2;2;2;2;2;2;2;2;2;46;46,0;46;46;46;46;46;46;46,0;46,0;46,0;46,0;NA;NA;NA;NA;NA;NA;NA;NA;NA;NA;NA
2022-03-19;0-60;1;1,0;1;1;1;1;1;1;1;1;1;1;17;17,0;17;17;17;17;17;17;17,0;17,0;17,0;17,0;1,000000000000000;1,000000000000000;1,000000000000000;1,000000000000000;1,000000000000000;1,000000000000000;1,000000000000000;1,000000000000000;1,000000000000000;1,000000000000000;1,000000000000000
2022-03-19;60+;3;3,0;3;3;3;3;3;3;3;3;3;3;29;29,0;29;29;29;29;29;29;29,0;29,0;29,0;29,0;1,000000000000000;1,000000000000000;1,000000000000000;1,000000000000000;1,000000000000000;1,000000000000000;1,000000000000000;1,000000000000000;1,000000000000000;1,000000000000000;1,000000000000000
2022-03-19;alle;4;4,0;4;4;4;4;4;4;4;4;4;4;46;46,0;46;46;46;46;46;46;46,0;46,0;46,0;46,0;NA;NA;NA;NA;NA;NA;NA;NA;NA;NA;NA
2022-03-18;0-60;0;0,0;0;0;0;0;0;0;0;0;0;0;17;17,0;17;17;17;17;17;17;17,0;17,0;17,0;17,0;1,000000000000000;1,000000000000000;1,000000000000000;1,000000000000000;1,000000000000000;1,000000000000000;1,000000000000000;1,000000000000000;1,000000000000000;1,000000000000000;1,000000000000000
2022-03-18;60+;1;1,0;1;1;1;1;1;1;1;1;1;1;28;28,0;28;28;28;28;28;28;28,0;28,0;28,0;28,0;1,000000000000000;1,000000000000000;1,000000000000000;1,000000000000000;1,000000000000000;1,000000000000000;1,000000000000000;1,000000000000000;1,000000000000000;1,000000000000000;1,000000000000000
2022-03-18;alle;1;1,0;1;1;1;1;1;1;1;1;1;1;45;45,0;45;45;45;45;45;45;45,0;45,0;45,0;45,0;NA;NA;NA;NA;NA;NA;NA;NA;NA;NA;NA
2022-03-17;0-60;6;6,0;6;6;6;6;6;6;6;6;6;6;17;17,0;17;17;17;17;17;17;17,0;17,0;17,0;17,0;1,000000000000000;1,000000000000000;1,000000000000000;1,000000000000000;1,000000000000000;1,000000000000000;1,000000000000000;1,000000000000000;1,000000000000000;1,000000000000000;1,000000000000000
2022-03-17;60+;4;4,0;4;4;4;4;4;4;4;4;4;4;30;30,0;30;30;30;30;30;30;30,0;30,0;30,0;30,0;1,000000000000000;1,000000000000000;1,000000000000000;1,000000000000000;1,000000000000000;1,000000000000000;1,000000000000000;1,000000000000000;1,000000000000000;1,000000000000000;1,000000000000000
2022-03-17;alle;10;10,0;10;10;10;10;10;10;10;10;10;10;47;47,0;47;47;47;47;47;47;47,0;47,0;47,0;47,0;NA;NA;NA;NA;NA;NA;NA;NA;NA;NA;NA
2022-03-16;0-60;3;3,0;3;3;3;3;3;3;3;3;3;3;14;14,0;14;14;14;14;14;14;14,0;14,0;14,0;14,0;1,000000000000000;1,000000000000000;1,000000000000000;1,000000000000000;1,000000000000000;1,000000000000000;1,000000000000000;1,000000000000000;1,000000000000000;1,000000000000000;1,000000000000000
2022-03-16;60+;8;8,0;8;8;8;8;8;8;8;8;8;8;30;30,0;30;30;30;30;30;30;30,0;30,0;30,0;30,0;1,000000000000000;1,000000000000000;1,000000000000000;1,000000000000000;1,000000000000000;1,000000000000000;1,000000000000000;1,000000000000000;1,000000000000000;1,000000000000000;1,000000000000000
2022-03-16;alle;11;11,0;11;11;11;11;11;11;11;11;11;11;44;44,0;44;44;44;44;44;44;44,0;44,0;44,0;44,0;NA;NA;NA;NA;NA;NA;NA;NA;NA;NA;NA
2022-03-15;0-60;5;5,0;5;5;5;5;5;5;5;5;5;5;14;14,0;14;14;14;14;14;14;14,0;14,0;14,0;14,0;1,000000000000000;1,000000000000000;1,000000000000000;1,000000000000000;1,000000000000000;1,000000000000000;1,000000000000000;1,000000000000000;1,000000000000000;1,000000000000000;1,000000000000000
2022-03-15;60+;10;10,0;10;10;10;10;10;10;10;10;10;10;25;25,0;25;25;25;25;25;25;25,0;25,0;25,0;25,0;1,000000000000000;1,000000000000000;1,000000000000000;1,000000000000000;1,000000000000000;1,000000000000000;1,000000000000000;1,000000000000000;1,000000000000000;1,000000000000000;1,000000000000000
2022-03-15;alle;15;15,0;15;15;15;15;15;15;15;15;15;15;39;39,0;39;39;39;39;39;39;39,0;39,0;39,0;39,0;NA;NA;NA;NA;NA;NA;NA;NA;NA;NA;NA
2022-03-14;0-60;1;1,0;1;1;1;1;1;1;1;1;1;1;10;10,0;10;10;10;10;10;10;10,0;10,0;10,0;10,0;1,000000000000000;1,000000000000000;1,000000000000000;1,000000000000000;1,000000000000000;1,000000000000000;1,000000000000000;1,000000000000000;1,000000000000000;1,000000000000000;1,000000000000000
2022-03-14;60+;2;2,0;2;2;2;2;2;2;2;2;2;2;18;18,0;18;18;18;18;18;18;18,0;18,0;18,0;18,0;1,000000000000000;1,000000000000000;1,000000000000000;1,000000000000000;1,000000000000000;1,000000000000000;1,000000000000000;1,000000000000000;1,000000000000000;1,000000000000000;1,000000000000000
2022-03-14;alle;3;3,0;3;3;3;3;3;3;3;3;3;3;28;28,0;28;28;28;28;28;28;28,0;28,0;28,0;28,0;NA;NA;NA;NA;NA;NA;NA;NA;NA;NA;NA
2022-03-13;0-60;1;1,0;1;1;1;1;1;1;1;1;1;1;9;9,0;9;9;9;9;9;9;9,0;9,0;9,0;9,0;1,000000000000000;1,000000000000000;1,000000000000000;1,000000000000000;1,000000000000000;1,000000000000000;1,000000000000000;1,000000000000000;1,000000000000000;1,000000000000000;1,000000000000000
2022-03-13;60+;1;1,0;1;1;1;1;1;1;1;1;1;1;17;17,0;17;17;17;17;17;17;17,0;17,0;17,0;17,0;1,000000000000000;1,000000000000000;1,000000000000000;1,000000000000000;1,000000000000000;1,000000000000000;1,000000000000000;1,000000000000000;1,000000000000000;1,000000000000000;1,000000000000000
2022-03-13;alle;2;2,0;2;2;2;2;2;2;2;2;2;2;26;26,0;26;26;26;26;26;26;26,0;26,0;26,0;26,0;NA;NA;NA;NA;NA;NA;NA;NA;NA;NA;NA
2022-03-12;0-60;1;1,0;1;1;1;1;1;1;1;1;1;1;8;8,0;8;8;8;8;8;8;8,0;8,0;8,0;8,0;1,000000000000000;1,000000000000000;1,000000000000000;1,000000000000000;1,000000000000000;1,000000000000000;1,000000000000000;1,000000000000000;1,000000000000000;1,000000000000000;1,000000000000000
2022-03-12;60+;2;2,0;2;2;2;2;2;2;2;2;2;2;17;17,0;17;17;17;17;17;17;17,0;17,0;17,0;17,0;1,000000000000000;1,000000000000000;1,000000000000000;1,000000000000000;1,000000000000000;1,000000000000000;1,000000000000000;1,000000000000000;1,000000000000000;1,000000000000000;1,000000000000000
2022-03-12;alle;3;3,0;3;3;3;3;3;3;3;3;3;3;25;25,0;25;25;25;25;25;25;25,0;25,0;25,0;25,0;NA;NA;NA;NA;NA;NA;NA;NA;NA;NA;NA
2022-03-11;0-60;0;0,0;0;0;0;0;0;0;0;0;0;0;10;10,0;10;10;10;10;10;10;10,0;10,0;10,0;10,0;1,000000000000000;1,000000000000000;1,000000000000000;1,000000000000000;1,000000000000000;1,000000000000000;1,000000000000000;1,000000000000000;1,000000000000000;1,000000000000000;1,000000000000000
2022-03-11;60+;3;3,0;3;3;3;3;3;3;3;3;3;3;16;16,0;16;16;16;16;16;16;16,0;16,0;16,0;16,0;1,000000000000000;1,000000000000000;1,000000000000000;1,000000000000000;1,000000000000000;1,000000000000000;1,000000000000000;1,000000000000000;1,000000000000000;1,000000000000000;1,000000000000000
2022-03-11;alle;3;3,0;3;3;3;3;3;3;3;3;3;3;26;26,0;26;26;26;26;26;26;26,0;26,0;26,0;26,0;NA;NA;NA;NA;NA;NA;NA;NA;NA;NA;NA
2022-03-10;0-60;3;3,0;3;3;3;3;3;3;3;3;3;3;12;12,0;12;12;12;12;12;12;12,0;12,0;12,0;12,0;1,000000000000000;1,000000000000000;1,000000000000000;1,000000000000000;1,000000000000000;1,000000000000000;1,000000000000000;1,000000000000000;1,000000000000000;1,000000000000000;1,000000000000000
2022-03-10;60+;4;4,0;4;4;4;4;4;4;4;4;4;4;15;15,0;15;15;15;15;15;15;15,0;15,0;15,0;15,0;1,000000000000000;1,000000000000000;1,000000000000000;1,000000000000000;1,000000000000000;1,000000000000000;1,000000000000000;1,000000000000000;1,000000000000000;1,000000000000000;1,000000000000000
2022-03-10;alle;7;7,0;7;7;7;7;7;7;7;7;7;7;27;27,0;27;27;27;27;27;27;27,0;27,0;27,0;27,0;NA;NA;NA;NA;NA;NA;NA;NA;NA;NA;NA
2022-03-09;0-60;3;3,0;3;3;3;3;3;3;3;3;3;3;10;10,0;10;10;10;10;10;10;10,0;10,0;10,0;10,0;1,000000000000000;1,000000000000000;1,000000000000000;1,000000000000000;1,000000000000000;1,000000000000000;1,000000000000000;1,000000000000000;1,000000000000000;1,000000000000000;1,000000000000000
2022-03-09;60+;3;3,0;3;3;3;3;3;3;3;3;3;3;12;12,0;12;12;12;12;12;12;12,0;12,0;12,0;12,0;1,000000000000000;1,000000000000000;1,000000000000000;1,000000000000000;1,000000000000000;1,000000000000000;1,000000000000000;1,000000000000000;1,000000000000000;1,000000000000000;1,000000000000000
2022-03-09;alle;6;6,0;6;6;6;6;6;6;6;6;6;6;22;22,0;22;22;22;22;22;22;22,0;22,0;22,0;22,0;NA;NA;NA;NA;NA;NA;NA;NA;NA;NA;NA
2022-03-08;0-60;1;1,0;1;1;1;1;1;1;1;1;1;1;8;8,0;8;8;8;8;8;8;8,0;8,0;8,0;8,0;1,000000000000000;1,000000000000000;1,000000000000000;1,000000000000000;1,000000000000000;1,000000000000000;1,000000000000000;1,000000000000000;1,000000000000000;1,000000000000000;1,000000000000000
2022-03-08;60+;3;3,0;3;3;3;3;3;3;3;3;3;3;10;10,0;10;10;10;10;10;10;10,0;10,0;10,0;10,0;1,000000000000000;1,000000000000000;1,000000000000000;1,000000000000000;1,000000000000000;1,000000000000000;1,000000000000000;1,000000000000000;1,000000000000000;1,000000000000000;1,000000000000000
2022-03-08;alle;4;4,0;4;4;4;4;4;4;4;4;4;4;18;18,0;18;18;18;18;18;18;18,0;18,0;18,0;18,0;NA;NA;NA;NA;NA;NA;NA;NA;NA;NA;NA
2022-03-07;0-60;0;0,0;0;0;0;0;0;0;0;0;0;0;7;7,0;7;7;7;7;7;7;7,0;7,0;7,0;7,0;1,000000000000000;1,000000000000000;1,000000000000000;1,000000000000000;1,000000000000000;1,000000000000000;1,000000000000000;1,000000000000000;1,000000000000000;1,000000000000000;1,000000000000000
2022-03-07;60+;1;1,0;1;1;1;1;1;1;1;1;1;1;8;8,0;8;8;8;8;8;8;8,0;8,0;8,0;8,0;1,000000000000000;1,000000000000000;1,000000000000000;1,000000000000000;1,000000000000000;1,000000000000000;1,000000000000000;1,000000000000000;1,000000000000000;1,000000000000000;1,000000000000000
2022-03-07;alle;1;1,0;1;1;1;1;1;1;1;1;1;1;15;15,0;15;15;15;15;15;15;15,0;15,0;15,0;15,0;NA;NA;NA;NA;NA;NA;NA;NA;NA;NA;NA
2022-03-06;0-60;0;0,0;0;0;0;0;0;0;0;0;0;0;7;7,0;7;7;7;7;7;7;7,0;7,0;7,0;7,0;1,000000000000000;1,000000000000000;1,000000000000000;1,000000000000000;1,000000000000000;1,000000000000000;1,000000000000000;1,000000000000000;1,000000000000000;1,000000000000000;1,000000000000000
2022-03-06;60+;1;1,0;1;1;1;1;1;1;1;1;1;1;8;8,0;8;8;8;8;8;8;8,0;8,0;8,0;8,0;1,000000000000000;1,000000000000000;1,000000000000000;1,000000000000000;1,000000000000000;1,000000000000000;1,000000000000000;1,000000000000000;1,000000000000000;1,000000000000000;1,000000000000000
2022-03-06;alle;1;1,0;1;1;1;1;1;1;1;1;1;1;15;15,0;15;15;15;15;15;15;15,0;15,0;15,0;15,0;NA;NA;NA;NA;NA;NA;NA;NA;NA;NA;NA
2022-03-05;0-60;3;3,0;3;3;3;3;3;3;3;3;3;3;7;7,0;7;7;7;7;7;7;7,0;7,0;7,0;7,0;1,000000000000000;1,000000000000000;1,000000000000000;1,000000000000000;1,000000000000000;1,000000000000000;1,000000000000000;1,000000000000000;1,000000000000000;1,000000000000000;1,000000000000000
2022-03-05;60+;1;1,0;1;1;1;1;1;1;1;1;1;1;8;8,0;8;8;8;8;8;8;8,0;8,0;8,0;8,0;1,000000000000000;1,000000000000000;1,000000000000000;1,000000000000000;1,000000000000000;1,000000000000000;1,000000000000000;1,000000000000000;1,000000000000000;1,000000000000000;1,000000000000000
2022-03-05;alle;4;4,0;4;4;4;4;4;4;4;4;4;4;15;15,0;15;15;15;15;15;15;15,0;15,0;15,0;15,0;NA;NA;NA;NA;NA;NA;NA;NA;NA;NA;NA
2022-03-04;0-60;2;2,0;2;2;2;2;2;2;2;2;2;2;5;5,0;5;5;5;5;5;5;5,0;5,0;5,0;5,0;1,000000000000000;1,000000000000000;1,000000000000000;1,000000000000000;1,000000000000000;1,000000000000000;1,000000000000000;1,000000000000000;1,000000000000000;1,000000000000000;1,000000000000000
2022-03-04;60+;2;2,0;2;2;2;2;2;2;2;2;2;2;13;13,0;13;13;13;13;13;13;13,0;13,0;13,0;13,0;1,000000000000000;1,000000000000000;1,000000000000000;1,000000000000000;1,000000000000000;1,000000000000000;1,000000000000000;1,000000000000000;1,000000000000000;1,000000000000000;1,000000000000000
2022-03-04;alle;4;4,0;4;4;4;4;4;4;4;4;4;4;18;18,0;18;18;18;18;18;18;18,0;18,0;18,0;18,0;NA;NA;NA;NA;NA;NA;NA;NA;NA;NA;NA
2022-03-03;0-60;1;1,0;1;1;1;1;1;1;1;1;1;1;3;3,0;3;3;3;3;3;3;3,0;3,0;3,0;3,0;1,000000000000000;1,000000000000000;1,000000000000000;1,000000000000000;1,000000000000000;1,000000000000000;1,000000000000000;1,000000000000000;1,000000000000000;1,000000000000000;1,000000000000000
2022-03-03;60+;1;1,0;1;1;1;1;1;1;1;1;1;1;13;13,0;13;13;13;13;13;13;13,0;13,0;13,0;13,0;1,000000000000000;1,000000000000000;1,000000000000000;1,000000000000000;1,000000000000000;1,000000000000000;1,000000000000000;1,000000000000000;1,000000000000000;1,000000000000000;1,000000000000000
2022-03-03;alle;2;2,0;2;2;2;2;2;2;2;2;2;2;16;16,0;16;16;16;16;16;16;16,0;16,0;16,0;16,0;NA;NA;NA;NA;NA;NA;NA;NA;NA;NA;NA
2022-03-02;0-60;1;1,0;1;1;1;1;1;1;1;1;1;1;4;4,0;4;4;4;4;4;4;4,0;4,0;4,0;4,0;1,000000000000000;1,000000000000000;1,000000000000000;1,000000000000000;1,000000000000000;1,000000000000000;1,000000000000000;1,000000000000000;1,000000000000000;1,000000000000000;1,000000000000000
2022-03-02;60+;1;1,0;1;1;1;1;1;1;1;1;1;1;19;19,0;19;19;19;19;19;19;19,0;19,0;19,0;19,0;1,000000000000000;1,000000000000000;1,000000000000000;1,000000000000000;1,000000000000000;1,000000000000000;1,000000000000000;1,000000000000000;1,000000000000000;1,000000000000000;1,000000000000000
2022-03-02;alle;2;2,0;2;2;2;2;2;2;2;2;2;2;23;23,0;23;23;23;23;23;23;23,0;23,0;23,0;23,0;NA;NA;NA;NA;NA;NA;NA;NA;NA;NA;NA
2022-03-01;0-60;0;0,0;0;0;0;0;0;0;0;0;0;0;3;3,0;3;3;3;3;3;3;3,0;3,0;3,0;3,0;1,000000000000000;1,000000000000000;1,000000000000000;1,000000000000000;1,000000000000000;1,000000000000000;1,000000000000000;1,000000000000000;1,000000000000000;1,000000000000000;1,000000000000000
2022-03-01;60+;1;1,0;1;1;1;1;1;1;1;1;1;1;19;19,0;19;19;19;19;19;19;19,0;19,0;19,0;19,0;1,000000000000000;1,000000000000000;1,000000000000000;1,000000000000000;1,000000000000000;1,000000000000000;1,000000000000000;1,000000000000000;1,000000000000000;1,000000000000000;1,000000000000000
2022-03-01;alle;1;1,0;1;1;1;1;1;1;1;1;1;1;22;22,0;22;22;22;22;22;22;22,0;22,0;22,0;22,0;NA;NA;NA;NA;NA;NA;NA;NA;NA;NA;NA
2022-02-28;0-60;0;0,0;0;0;0;0;0;0;0;0;0;0;4;4,0;4;4;4;4;4;4;4,0;4,0;4,0;4,0;1,000000000000000;1,000000000000000;1,000000000000000;1,000000000000000;1,000000000000000;1,000000000000000;1,000000000000000;1,000000000000000;1,000000000000000;1,000000000000000;1,000000000000000
2022-02-28;60+;1;1,0;1;1;1;1;1;1;1;1;1;1;24;24,0;24;24;24;24;24;24;24,0;24,0;24,0;24,0;1,000000000000000;1,000000000000000;1,000000000000000;1,000000000000000;1,000000000000000;1,000000000000000;1,000000000000000;1,000000000000000;1,000000000000000;1,000000000000000;1,000000000000000
2022-02-28;alle;1;1,0;1;1;1;1;1;1;1;1;1;1;28;28,0;28;28;28;28;28;28;28,0;28,0;28,0;28,0;NA;NA;NA;NA;NA;NA;NA;NA;NA;NA;NA
2022-02-27;0-60;0;0,0;0;0;0;0;0;0;0;0;0;0;5;5,0;5;5;5;5;5;5;5,0;5,0;5,0;5,0;1,000000000000000;1,000000000000000;1,000000000000000;1,000000000000000;1,000000000000000;1,000000000000000;1,000000000000000;1,000000000000000;1,000000000000000;1,000000000000000;1,000000000000000
2022-02-27;60+;1;1,0;1;1;1;1;1;1;1;1;1;1;25;25,0;25;25;25;25;25;25;25,0;25,0;25,0;25,0;1,000000000000000;1,000000000000000;1,000000000000000;1,000000000000000;1,000000000000000;1,000000000000000;1,000000000000000;1,000000000000000;1,000000000000000;1,000000000000000;1,000000000000000
2022-02-27;alle;1;1,0;1;1;1;1;1;1;1;1;1;1;30;30,0;30;30;30;30;30;30;30,0;30,0;30,0;30,0;NA;NA;NA;NA;NA;NA;NA;NA;NA;NA;NA
2022-02-26;0-60;1;1,0;1;1;1;1;1;1;1;1;1;1;6;6,0;6;6;6;6;6;6;6,0;6,0;6,0;6,0;1,000000000000000;1,000000000000000;1,000000000000000;1,000000000000000;1,000000000000000;1,000000000000000;1,000000000000000;1,000000000000000;1,000000000000000;1,000000000000000;1,000000000000000
2022-02-26;60+;6;6,0;6;6;6;6;6;6;6;6;6;6;25;25,0;25;25;25;25;25;25;25,0;25,0;25,0;25,0;1,000000000000000;1,000000000000000;1,000000000000000;1,000000000000000;1,000000000000000;1,000000000000000;1,000000000000000;1,000000000000000;1,000000000000000;1,000000000000000;1,000000000000000
2022-02-26;alle;7;7,0;7;7;7;7;7;7;7;7;7;7;31;31,0;31;31;31;31;31;31;31,0;31,0;31,0;31,0;NA;NA;NA;NA;NA;NA;NA;NA;NA;NA;NA
2022-02-25;0-60;0;0,0;0;0;0;0;0;0;0;0;0;0;6;6,0;6;6;6;6;6;6;6,0;6,0;6,0;6,0;1,000000000000000;1,000000000000000;1,000000000000000;1,000000000000000;1,000000000000000;1,000000000000000;1,000000000000000;1,000000000000000;1,000000000000000;1,000000000000000;1,000000000000000
2022-02-25;60+;2;2,0;2;2;2;2;2;2;2;2;2;2;20;20,0;20;20;20;20;20;20;20,0;20,0;20,0;20,0;1,000000000000000;1,000000000000000;1,000000000000000;1,000000000000000;1,000000000000000;1,000000000000000;1,000000000000000;1,000000000000000;1,000000000000000;1,000000000000000;1,000000000000000
2022-02-25;alle;2;2,0;2;2;2;2;2;2;2;2;2;2;26;26,0;26;26;26;26;26;26;26,0;26,0;26,0;26,0;NA;NA;NA;NA;NA;NA;NA;NA;NA;NA;NA
2022-02-24;0-60;2;2,0;2;2;2;2;2;2;2;2;2;2;6;6,0;6;6;6;6;6;6;6,0;6,0;6,0;6,0;1,000000000000000;1,000000000000000;1,000000000000000;1,000000000000000;1,000000000000000;1,000000000000000;1,000000000000000;1,000000000000000;1,000000000000000;1,000000000000000;1,000000000000000
2022-02-24;60+;7;7,0;7;7;7;7;7;7;7;7;7;7;20;20,0;20;20;20;20;20;20;20,0;20,0;20,0;20,0;1,000000000000000;1,000000000000000;1,000000000000000;1,000000000000000;1,000000000000000;1,000000000000000;1,000000000000000;1,000000000000000;1,000000000000000;1,000000000000000;1,000000000000000
2022-02-24;alle;9;9,0;9;9;9;9;9;9;9;9;9;9;26;26,0;26;26;26;26;26;26;26,0;26,0;26,0;26,0;NA;NA;NA;NA;NA;NA;NA;NA;NA;NA;NA
2022-02-23;0-60;0;0,0;0;0;0;0;0;0;0;0;0;0;5;5,0;5;5;5;5;5;5;5,0;5,0;5,0;5,0;1,000000000000000;1,000000000000000;1,000000000000000;1,000000000000000;1,000000000000000;1,000000000000000;1,000000000000000;1,000000000000000;1,000000000000000;1,000000000000000;1,000000000000000
2022-02-23;60+;1;1,0;1;1;1;1;1;1;1;1;1;1;17;17,0;17;17;17;17;17;17;17,0;17,0;17,0;17,0;1,000000000000000;1,000000000000000;1,000000000000000;1,000000000000000;1,000000000000000;1,000000000000000;1,000000000000000;1,000000000000000;1,000000000000000;1,000000000000000;1,000000000000000
2022-02-23;alle;1;1,0;1;1;1;1;1;1;1;1;1;1;22;22,0;22;22;22;22;22;22;22,0;22,0;22,0;22,0;NA;NA;NA;NA;NA;NA;NA;NA;NA;NA;NA
2022-02-22;0-60;1;1,0;1;1;1;1;1;1;1;1;1;1;7;7,0;7;7;7;7;7;7;7,0;7,0;7,0;7,0;1,000000000000000;1,000000000000000;1,000000000000000;1,000000000000000;1,000000000000000;1,000000000000000;1,000000000000000;1,000000000000000;1,000000000000000;1,000000000000000;1,000000000000000
2022-02-22;60+;6;6,0;6;6;6;6;6;6;6;6;6;6;17;17,0;17;17;17;17;17;17;17,0;17,0;17,0;17,0;1,000000000000000;1,000000000000000;1,000000000000000;1,000000000000000;1,000000000000000;1,000000000000000;1,000000000000000;1,000000000000000;1,000000000000000;1,000000000000000;1,000000000000000
2022-02-22;alle;7;7,0;7;7;7;7;7;7;7;7;7;7;24;24,0;24;24;24;24;24;24;24,0;24,0;24,0;24,0;NA;NA;NA;NA;NA;NA;NA;NA;NA;NA;NA
2022-02-21;0-60;1;1,0;1;1;1;1;1;1;1;1;1;1;8;8,0;8;8;8;8;8;8;8,0;8,0;8,0;8,0;1,000000000000000;1,000000000000000;1,000000000000000;1,000000000000000;1,000000000000000;1,000000000000000;1,000000000000000;1,000000000000000;1,000000000000000;1,000000000000000;1,000000000000000
2022-02-21;60+;2;2,0;2;2;2;2;2;2;2;2;2;2;24;24,0;24;24;24;24;24;24;24,0;24,0;24,0;24,0;1,000000000000000;1,000000000000000;1,000000000000000;1,000000000000000;1,000000000000000;1,000000000000000;1,000000000000000;1,000000000000000;1,000000000000000;1,000000000000000;1,000000000000000
2022-02-21;alle;3;3,0;3;3;3;3;3;3;3;3;3;3;32;32,0;32;32;32;32;32;32;32,0;32,0;32,0;32,0;NA;NA;NA;NA;NA;NA;NA;NA;NA;NA;NA
2022-02-20;0-60;1;1,0;1;1;1;1;1;1;1;1;1;1;8;8,0;8;8;8;8;8;8;8,0;8,0;8,0;8,0;1,000000000000000;1,000000000000000;1,000000000000000;1,000000000000000;1,000000000000000;1,000000000000000;1,000000000000000;1,000000000000000;1,000000000000000;1,000000000000000;1,000000000000000
2022-02-20;60+;1;1,0;1;1;1;1;1;1;1;1;1;1;25;25,0;25;25;25;25;25;25;25,0;25,0;25,0;25,0;1,000000000000000;1,000000000000000;1,000000000000000;1,000000000000000;1,000000000000000;1,000000000000000;1,000000000000000;1,000000000000000;1,000000000000000;1,000000000000000;1,000000000000000
2022-02-20;alle;2;2,0;2;2;2;2;2;2;2;2;2;2;33;33,0;33;33;33;33;33;33;33,0;33,0;33,0;33,0;NA;NA;NA;NA;NA;NA;NA;NA;NA;NA;NA
2022-02-19;0-60;1;1,0;1;1;1;1;1;1;1;1;1;1;9;9,0;9;9;9;9;9;9;9,0;9,0;9,0;9,0;1,000000000000000;1,000000000000000;1,000000000000000;1,000000000000000;1,000000000000000;1,000000000000000;1,000000000000000;1,000000000000000;1,000000000000000;1,000000000000000;1,000000000000000
2022-02-19;60+;1;1,0;1;1;1;1;1;1;1;1;1;1;24;24,0;24;24;24;24;24;24;24,0;24,0;24,0;24,0;1,000000000000000;1,000000000000000;1,000000000000000;1,000000000000000;1,000000000000000;1,000000000000000;1,000000000000000;1,000000000000000;1,000000000000000;1,000000000000000;1,000000000000000
2022-02-19;alle;2;2,0;2;2;2;2;2;2;2;2;2;2;33;33,0;33;33;33;33;33;33;33,0;33,0;33,0;33,0;NA;NA;NA;NA;NA;NA;NA;NA;NA;NA;NA
2022-02-18;0-60;0;0,0;0;0;0;0;0;0;0;0;0;0;9;9,0;9;9;9;9;9;9;9,0;9,0;9,0;9,0;1,000000000000000;1,000000000000000;1,000000000000000;1,000000000000000;1,000000000000000;1,000000000000000;1,000000000000000;1,000000000000000;1,000000000000000;1,000000000000000;1,000000000000000
2022-02-18;60+;2;2,0;2;2;2;2;2;2;2;2;2;2;26;26,0;26;26;26;26;26;26;26,0;26,0;26,0;26,0;1,000000000000000;1,000000000000000;1,000000000000000;1,000000000000000;1,000000000000000;1,000000000000000;1,000000000000000;1,000000000000000;1,000000000000000;1,000000000000000;1,000000000000000
2022-02-18;alle;2;2,0;2;2;2;2;2;2;2;2;2;2;35;35,0;35;35;35;35;35;35;35,0;35,0;35,0;35,0;NA;NA;NA;NA;NA;NA;NA;NA;NA;NA;NA
2022-02-17;0-60;1;1,0;1;1;1;1;1;1;1;1;1;1;11;11,0;11;11;11;11;11;11;11,0;11,0;11,0;11,0;1,000000000000000;1,000000000000000;1,000000000000000;1,000000000000000;1,000000000000000;1,000000000000000;1,000000000000000;1,000000000000000;1,000000000000000;1,000000000000000;1,000000000000000
2022-02-17;60+;4;4,0;4;4;4;4;4;4;4;4;4;4;27;27,0;27;27;27;27;27;27;27,0;27,0;27,0;27,0;1,000000000000000;1,000000000000000;1,000000000000000;1,000000000000000;1,000000000000000;1,000000000000000;1,000000000000000;1,000000000000000;1,000000000000000;1,000000000000000;1,000000000000000
2022-02-17;alle;5;5,0;5;5;5;5;5;5;5;5;5;5;38;38,0;38;38;38;38;38;38;38,0;38,0;38,0;38,0;NA;NA;NA;NA;NA;NA;NA;NA;NA;NA;NA
2022-02-16;0-60;2;2,0;2;2;2;2;2;2;2;2;2;2;12;12,0;12;12;12;12;12;12;12,0;12,0;12,0;12,0;1,000000000000000;1,000000000000000;1,000000000000000;1,000000000000000;1,000000000000000;1,000000000000000;1,000000000000000;1,000000000000000;1,000000000000000;1,000000000000000;1,000000000000000
2022-02-16;60+;1;1,0;1;1;1;1;1;1;1;1;1;1;27;27,0;27;27;27;27;27;27;27,0;27,0;27,0;27,0;1,000000000000000;1,000000000000000;1,000000000000000;1,000000000000000;1,000000000000000;1,000000000000000;1,000000000000000;1,000000000000000;1,000000000000000;1,000000000000000;1,000000000000000
2022-02-16;alle;3;3,0;3;3;3;3;3;3;3;3;3;3;39;39,0;39;39;39;39;39;39;39,0;39,0;39,0;39,0;NA;NA;NA;NA;NA;NA;NA;NA;NA;NA;NA
2022-02-15;0-60;2;2,0;2;2;2;2;2;2;2;2;2;2;11;11,0;11;11;11;11;11;11;11,0;11,0;11,0;11,0;1,000000000000000;1,000000000000000;1,000000000000000;1,000000000000000;1,000000000000000;1,000000000000000;1,000000000000000;1,000000000000000;1,000000000000000;1,000000000000000;1,000000000000000
2022-02-15;60+;13;13,0;13;13;13;13;13;13;13;13;13;13;34;34,0;34;34;34;34;34;34;34,0;34,0;34,0;34,0;1,000000000000000;1,000000000000000;1,000000000000000;1,000000000000000;1,000000000000000;1,000000000000000;1,000000000000000;1,000000000000000;1,000000000000000;1,000000000000000;1,000000000000000
2022-02-15;alle;15;15,0;15;15;15;15;15;15;15;15;15;15;45;45,0;45;45;45;45;45;45;45,0;45,0;45,0;45,0;NA;NA;NA;NA;NA;NA;NA;NA;NA;NA;NA
2022-02-14;0-60;1;1,0;1;1;1;1;1;1;1;1;1;1;15;15,0;15;15;15;15;15;15;15,0;15,0;15,0;15,0;1,000000000000000;1,000000000000000;1,000000000000000;1,000000000000000;1,000000000000000;1,000000000000000;1,000000000000000;1,000000000000000;1,000000000000000;1,000000000000000;1,000000000000000
2022-02-14;60+;3;3,0;3;3;3;3;3;3;3;3;3;3;32;32,0;32;32;32;32;32;32;32,0;32,0;32,0;32,0;1,000000000000000;1,000000000000000;1,000000000000000;1,000000000000000;1,000000000000000;1,000000000000000;1,000000000000000;1,000000000000000;1,000000000000000;1,000000000000000;1,000000000000000
2022-02-14;alle;4;4,0;4;4;4;4;4;4;4;4;4;4;47;47,0;47;47;47;47;47;47;47,0;47,0;47,0;47,0;NA;NA;NA;NA;NA;NA;NA;NA;NA;NA;NA
2022-02-13;0-60;2;2,0;2;2;2;2;2;2;2;2;2;2;14;14,0;14;14;14;14;14;14;14,0;14,0;14,0;14,0;1,000000000000000;1,000000000000000;1,000000000000000;1,000000000000000;1,000000000000000;1,000000000000000;1,000000000000000;1,000000000000000;1,000000000000000;1,000000000000000;1,000000000000000
2022-02-13;60+;0;0,0;0;0;0;0;0;0;0;0;0;0;29;29,0;29;29;29;29;29;29;29,0;29,0;29,0;29,0;1,000000000000000;1,000000000000000;1,000000000000000;1,000000000000000;1,000000000000000;1,000000000000000;1,000000000000000;1,000000000000000;1,000000000000000;1,000000000000000;1,000000000000000
2022-02-13;alle;2;2,0;2;2;2;2;2;2;2;2;2;2;43;43,0;43;43;43;43;43;43;43,0;43,0;43,0;43,0;NA;NA;NA;NA;NA;NA;NA;NA;NA;NA;NA
2022-02-12;0-60;1;1,0;1;1;1;1;1;1;1;1;1;1;12;12,0;12;12;12;12;12;12;12,0;12,0;12,0;12,0;1,000000000000000;1,000000000000000;1,000000000000000;1,000000000000000;1,000000000000000;1,000000000000000;1,000000000000000;1,000000000000000;1,000000000000000;1,000000000000000;1,000000000000000
2022-02-12;60+;3;3,0;3;3;3;3;3;3;3;3;3;3;33;33,0;33;33;33;33;33;33;33,0;33,0;33,0;33,0;1,000000000000000;1,000000000000000;1,000000000000000;1,000000000000000;1,000000000000000;1,000000000000000;1,000000000000000;1,000000000000000;1,000000000000000;1,000000000000000;1,000000000000000
2022-02-12;alle;4;4,0;4;4;4;4;4;4;4;4;4;4;45;45,0;45;45;45;45;45;45;45,0;45,0;45,0;45,0;NA;NA;NA;NA;NA;NA;NA;NA;NA;NA;NA
2022-02-11;0-60;2;2,0;2;2;2;2;2;2;2;2;2;2;11;11,0;11;11;11;11;11;11;11,0;11,0;11,0;11,0;1,000000000000000;1,000000000000000;1,000000000000000;1,000000000000000;1,000000000000000;1,000000000000000;1,000000000000000;1,000000000000000;1,000000000000000;1,000000000000000;1,000000000000000
2022-02-11;60+;3;3,0;3;3;3;3;3;3;3;3;3;3;30;30,0;30;30;30;30;30;30;30,0;30,0;30,0;30,0;1,000000000000000;1,000000000000000;1,000000000000000;1,000000000000000;1,000000000000000;1,000000000000000;1,000000000000000;1,000000000000000;1,000000000000000;1,000000000000000;1,000000000000000
2022-02-11;alle;5;5,0;5;5;5;5;5;5;5;5;5;5;41;41,0;41;41;41;41;41;41;41,0;41,0;41,0;41,0;NA;NA;NA;NA;NA;NA;NA;NA;NA;NA;NA
2022-02-10;0-60;2;2,0;2;2;2;2;2;2;2;2;2;2;14;14,0;14;14;14;14;14;14;14,0;14,0;14,0;14,0;1,000000000000000;1,000000000000000;1,000000000000000;1,000000000000000;1,000000000000000;1,000000000000000;1,000000000000000;1,000000000000000;1,000000000000000;1,000000000000000;1,000000000000000
2022-02-10;60+;4;4,0;4;4;4;4;4;4;4;4;4;4;29;29,0;29;29;29;29;29;29;29,0;29,0;29,0;29,0;1,000000000000000;1,000000000000000;1,000000000000000;1,000000000000000;1,000000000000000;1,000000000000000;1,000000000000000;1,000000000000000;1,000000000000000;1,000000000000000;1,000000000000000
2022-02-10;alle;6;6,0;6;6;6;6;6;6;6;6;6;6;43;43,0;43;43;43;43;43;43;43,0;43,0;43,0;43,0;NA;NA;NA;NA;NA;NA;NA;NA;NA;NA;NA
2022-02-09;0-60;1;1,0;1;1;1;1;1;1;1;1;1;1;16;16,0;16;16;16;16;16;16;16,0;16,0;16,0;16,0;1,000000000000000;1,000000000000000;1,000000000000000;1,000000000000000;1,000000000000000;1,000000000000000;1,000000000000000;1,000000000000000;1,000000000000000;1,000000000000000;1,000000000000000
2022-02-09;60+;8;8,0;8;8;8;8;8;8;8;8;8;8;29;29,0;29;29;29;29;29;29;29,0;29,0;29,0;29,0;1,000000000000000;1,000000000000000;1,000000000000000;1,000000000000000;1,000000000000000;1,000000000000000;1,000000000000000;1,000000000000000;1,000000000000000;1,000000000000000;1,000000000000000
2022-02-09;alle;9;9,0;9;9;9;9;9;9;9;9;9;9;45;45,0;45;45;45;45;45;45;45,0;45,0;45,0;45,0;NA;NA;NA;NA;NA;NA;NA;NA;NA;NA;NA
2022-02-08;0-60;6;6,0;6;6;6;6;6;6;6;6;6;6;18;18,0;18;18;18;18;18;18;18,0;18,0;18,0;18,0;1,000000000000000;1,000000000000000;1,000000000000000;1,000000000000000;1,000000000000000;1,000000000000000;1,000000000000000;1,000000000000000;1,000000000000000;1,000000000000000;1,000000000000000
2022-02-08;60+;11;11,0;11;11;11;11;11;11;11;11;11;11;22;22,0;22;22;22;22;22;22;22,0;22,0;22,0;22,0;1,000000000000000;1,000000000000000;1,000000000000000;1,000000000000000;1,000000000000000;1,000000000000000;1,000000000000000;1,000000000000000;1,000000000000000;1,000000000000000;1,000000000000000
2022-02-08;alle;17;17,0;17;17;17;17;17;17;17;17;17;17;40;40,0;40;40;40;40;40;40;40,0;40,0;40,0;40,0;NA;NA;NA;NA;NA;NA;NA;NA;NA;NA;NA
2022-02-07;0-60;0;0,0;0;0;0;0;0;0;0;0;0;0;16;16,0;16;16;16;16;16;16;16,0;16,0;16,0;16,0;1,000000000000000;1,000000000000000;1,000000000000000;1,000000000000000;1,000000000000000;1,000000000000000;1,000000000000000;1,000000000000000;1,000000000000000;1,000000000000000;1,000000000000000
2022-02-07;60+;0;0,0;0;0;0;0;0;0;0;0;0;0;17;17,0;17;17;17;17;17;17;17,0;17,0;17,0;17,0;1,000000000000000;1,000000000000000;1,000000000000000;1,000000000000000;1,000000000000000;1,000000000000000;1,000000000000000;1,000000000000000;1,000000000000000;1,000000000000000;1,000000000000000
2022-02-07;alle;0;0,0;0;0;0;0;0;0;0;0;0;0;33;33,0;33;33;33;33;33;33;33,0;33,0;33,0;33,0;NA;NA;NA;NA;NA;NA;NA;NA;NA;NA;NA
2022-02-06;0-60;0;0,0;0;0;0;0;0;0;0;0;0;0;16;16,0;16;16;16;16;16;16;16,0;16,0;16,0;16,0;1,000000000000000;1,000000000000000;1,000000000000000;1,000000000000000;1,000000000000000;1,000000000000000;1,000000000000000;1,000000000000000;1,000000000000000;1,000000000000000;1,000000000000000
2022-02-06;60+;4;4,0;4;4;4;4;4;4;4;4;4;4;18;18,0;18;18;18;18;18;18;18,0;18,0;18,0;18,0;1,000000000000000;1,000000000000000;1,000000000000000;1,000000000000000;1,000000000000000;1,000000000000000;1,000000000000000;1,000000000000000;1,000000000000000;1,000000000000000;1,000000000000000
2022-02-06;alle;4;4,0;4;4;4;4;4;4;4;4;4;4;34;34,0;34;34;34;34;34;34;34,0;34,0;34,0;34,0;NA;NA;NA;NA;NA;NA;NA;NA;NA;NA;NA
2022-02-05;0-60;0;0,0;0;0;0;0;0;0;0;0;0;0;16;16,0;16;16;16;16;16;16;16,0;16,0;16,0;16,0;1,000000000000000;1,000000000000000;1,000000000000000;1,000000000000000;1,000000000000000;1,000000000000000;1,000000000000000;1,000000000000000;1,000000000000000;1,000000000000000;1,000000000000000
2022-02-05;60+;0;0,0;0;0;0;0;0;0;0;0;0;0;17;17,0;17;17;17;17;17;17;17,0;17,0;17,0;17,0;1,000000000000000;1,000000000000000;1,000000000000000;1,000000000000000;1,000000000000000;1,000000000000000;1,000000000000000;1,000000000000000;1,000000000000000;1,000000000000000;1,000000000000000
2022-02-05;alle;0;0,0;0;0;0;0;0;0;0;0;0;0;33;33,0;33;33;33;33;33;33;33,0;33,0;33,0;33,0;NA;NA;NA;NA;NA;NA;NA;NA;NA;NA;NA
2022-02-04;0-60;5;5,0;5;5;5;5;5;5;5;5;5;5;18;18,0;18;18;18;18;18;18;18,0;18,0;18,0;18,0;1,000000000000000;1,000000000000000;1,000000000000000;1,000000000000000;1,000000000000000;1,000000000000000;1,000000000000000;1,000000000000000;1,000000000000000;1,000000000000000;1,000000000000000
2022-02-04;60+;2;2,0;2;2;2;2;2;2;2;2;2;2;21;21,0;21;21;21;21;21;21;21,0;21,0;21,0;21,0;1,000000000000000;1,000000000000000;1,000000000000000;1,000000000000000;1,000000000000000;1,000000000000000;1,000000000000000;1,000000000000000;1,000000000000000;1,000000000000000;1,000000000000000
2022-02-04;alle;7;7,0;7;7;7;7;7;7;7;7;7;7;39;39,0;39;39;39;39;39;39;39,0;39,0;39,0;39,0;NA;NA;NA;NA;NA;NA;NA;NA;NA;NA;NA
2022-02-03;0-60;4;4,0;4;4;4;4;4;4;4;4;4;4;15;15,0;15;15;15;15;15;15;15,0;15,0;15,0;15,0;1,000000000000000;1,000000000000000;1,000000000000000;1,000000000000000;1,000000000000000;1,000000000000000;1,000000000000000;1,000000000000000;1,000000000000000;1,000000000000000;1,000000000000000
2022-02-03;60+;4;4,0;4;4;4;4;4;4;4;4;4;4;21;21,0;21;21;21;21;21;21;21,0;21,0;21,0;21,0;1,000000000000000;1,000000000000000;1,000000000000000;1,000000000000000;1,000000000000000;1,000000000000000;1,000000000000000;1,000000000000000;1,000000000000000;1,000000000000000;1,000000000000000
2022-02-03;alle;8;8,0;8;8;8;8;8;8;8;8;8;8;36;36,0;36;36;36;36;36;36;36,0;36,0;36,0;36,0;NA;NA;NA;NA;NA;NA;NA;NA;NA;NA;NA
2022-02-02;0-60;3;3,0;3;3;3;3;3;3;3;3;3;3;14;14,0;14;14;14;14;14;14;14,0;14,0;14,0;14,0;1,000000000000000;1,000000000000000;1,000000000000000;1,000000000000000;1,000000000000000;1,000000000000000;1,000000000000000;1,000000000000000;1,000000000000000;1,000000000000000;1,000000000000000
2022-02-02;60+;1;1,0;1;1;1;1;1;1;1;1;1;1;24;24,0;24;24;24;24;24;24;24,0;24,0;24,0;24,0;1,000000000000000;1,000000000000000;1,000000000000000;1,000000000000000;1,000000000000000;1,000000000000000;1,000000000000000;1,000000000000000;1,000000000000000;1,000000000000000;1,000000000000000
2022-02-02;alle;4;4,0;4;4;4;4;4;4;4;4;4;4;38;38,0;38;38;38;38;38;38;38,0;38,0;38,0;38,0;NA;NA;NA;NA;NA;NA;NA;NA;NA;NA;NA
2022-02-01;0-60;4;4,0;4;4;4;4;4;4;4;4;4;4;12;12,0;12;12;12;12;12;12;12,0;12,0;12,0;12,0;1,000000000000000;1,000000000000000;1,000000000000000;1,000000000000000;1,000000000000000;1,000000000000000;1,000000000000000;1,000000000000000;1,000000000000000;1,000000000000000;1,000000000000000
2022-02-01;60+;6;6,0;6;6;6;6;6;6;6;6;6;6;33;33,0;33;33;33;33;33;33;33,0;33,0;33,0;33,0;1,000000000000000;1,000000000000000;1,000000000000000;1,000000000000000;1,000000000000000;1,000000000000000;1,000000000000000;1,000000000000000;1,000000000000000;1,000000000000000;1,000000000000000
2022-02-01;alle;10;10,0;10;10;10;10;10;10;10;10;10;10;45;45,0;45;45;45;45;45;45;45,0;45,0;45,0;45,0;NA;NA;NA;NA;NA;NA;NA;NA;NA;NA;NA
2022-01-31;0-60;0;0,0;0;0;0;0;0;0;0;0;0;0;14;14,0;14;14;14;14;14;14;14,0;14,0;14,0;14,0;1,000000000000000;1,000000000000000;1,000000000000000;1,000000000000000;1,000000000000000;1,000000000000000;1,000000000000000;1,000000000000000;1,000000000000000;1,000000000000000;1,000000000000000
2022-01-31;60+;1;1,0;1;1;1;1;1;1;1;1;1;1;38;38,0;38;38;38;38;38;38;38,0;38,0;38,0;38,0;1,000000000000000;1,000000000000000;1,000000000000000;1,000000000000000;1,000000000000000;1,000000000000000;1,000000000000000;1,000000000000000;1,000000000000000;1,000000000000000;1,000000000000000
2022-01-31;alle;1;1,0;1;1;1;1;1;1;1;1;1;1;52;52,0;52;52;52;52;52;52;52,0;52,0;52,0;52,0;NA;NA;NA;NA;NA;NA;NA;NA;NA;NA;NA
2022-01-30;0-60;0;0,0;0;0;0;0;0;0;0;0;0;0;14;14,0;14;14;14;14;14;14;14,0;14,0;14,0;14,0;1,000000000000000;1,000000000000000;1,000000000000000;1,000000000000000;1,000000000000000;1,000000000000000;1,000000000000000;1,000000000000000;1,000000000000000;1,000000000000000;1,000000000000000
2022-01-30;60+;3;3,0;3;3;3;3;3;3;3;3;3;3;37;37,0;37;37;37;37;37;37;37,0;37,0;37,0;37,0;1,000000000000000;1,000000000000000;1,000000000000000;1,000000000000000;1,000000000000000;1,000000000000000;1,000000000000000;1,000000000000000;1,000000000000000;1,000000000000000;1,000000000000000
2022-01-30;alle;3;3,0;3;3;3;3;3;3;3;3;3;3;51;51,0;51;51;51;51;51;51;51,0;51,0;51,0;51,0;NA;NA;NA;NA;NA;NA;NA;NA;NA;NA;NA
2022-01-29;0-60;2;2,0;2;2;2;2;2;2;2;2;2;2;14;14,0;14;14;14;14;14;14;14,0;14,0;14,0;14,0;1,000000000000000;1,000000000000000;1,000000000000000;1,000000000000000;1,000000000000000;1,000000000000000;1,000000000000000;1,000000000000000;1,000000000000000;1,000000000000000;1,000000000000000
2022-01-29;60+;4;4,0;4;4;4;4;4;4;4;4;4;4;35;35,0;35;35;35;35;35;35;35,0;35,0;35,0;35,0;1,000000000000000;1,000000000000000;1,000000000000000;1,000000000000000;1,000000000000000;1,000000000000000;1,000000000000000;1,000000000000000;1,000000000000000;1,000000000000000;1,000000000000000
2022-01-29;alle;6;6,0;6;6;6;6;6;6;6;6;6;6;49;49,0;49;49;49;49;49;49;49,0;49,0;49,0;49,0;NA;NA;NA;NA;NA;NA;NA;NA;NA;NA;NA
2022-01-28;0-60;2;2,0;2;2;2;2;2;2;2;2;2;2;16;16,0;16;16;16;16;16;16;16,0;16,0;16,0;16,0;1,000000000000000;1,000000000000000;1,000000000000000;1,000000000000000;1,000000000000000;1,000000000000000;1,000000000000000;1,000000000000000;1,000000000000000;1,000000000000000;1,000000000000000
2022-01-28;60+;2;2,0;2;2;2;2;2;2;2;2;2;2;38;38,0;38;38;38;38;38;38;38,0;38,0;38,0;38,0;1,000000000000000;1,000000000000000;1,000000000000000;1,000000000000000;1,000000000000000;1,000000000000000;1,000000000000000;1,000000000000000;1,000000000000000;1,000000000000000;1,000000000000000
2022-01-28;alle;4;4,0;4;4;4;4;4;4;4;4;4;4;54;54,0;54;54;54;54;54;54;54,0;54,0;54,0;54,0;NA;NA;NA;NA;NA;NA;NA;NA;NA;NA;NA
2022-01-27;0-60;3;3,0;3;3;3;3;3;3;3;3;3;3;21;21,0;21;21;21;21;21;21;21,0;21,0;21,0;21,0;1,000000000000000;1,000000000000000;1,000000000000000;1,000000000000000;1,000000000000000;1,000000000000000;1,000000000000000;1,000000000000000;1,000000000000000;1,000000000000000;1,000000000000000
2022-01-27;60+;7;7,0;7;7;7;7;7;7;7;7;7;7;45;45,0;45;45;45;45;45;45;45,0;45,0;45,0;45,0;1,000000000000000;1,000000000000000;1,000000000000000;1,000000000000000;1,000000000000000;1,000000000000000;1,000000000000000;1,000000000000000;1,000000000000000;1,000000000000000;1,000000000000000
2022-01-27;alle;10;10,0;10;10;10;10;10;10;10;10;10;10;66;66,0;66;66;66;66;66;66;66,0;66,0;66,0;66,0;NA;NA;NA;NA;NA;NA;NA;NA;NA;NA;NA
2022-01-26;0-60;1;1,0;1;1;1;1;1;1;1;1;1;1;28;28,0;28;28;28;28;28;28;28,0;28,0;28,0;28,0;1,000000000000000;1,000000000000000;1,000000000000000;1,000000000000000;1,000000000000000;1,000000000000000;1,000000000000000;1,000000000000000;1,000000000000000;1,000000000000000;1,000000000000000
2022-01-26;60+;10;10,0;10;10;10;10;10;10;10;10;10;10;54;54,0;54;54;54;54;54;54;54,0;54,0;54,0;54,0;1,000000000000000;1,000000000000000;1,000000000000000;1,000000000000000;1,000000000000000;1,000000000000000;1,000000000000000;1,000000000000000;1,000000000000000;1,000000000000000;1,000000000000000
2022-01-26;alle;11;11,0;11;11;11;11;11;11;11;11;11;11;82;82,0;82;82;82;82;82;82;82,0;82,0;82,0;82,0;NA;NA;NA;NA;NA;NA;NA;NA;NA;NA;NA
2022-01-25;0-60;6;6,0;6;6;6;6;6;6;6;6;6;6;39;39,0;39;39;39;39;39;39;39,0;39,0;39,0;39,0;1,000000000000000;1,000000000000000;1,000000000000000;1,000000000000000;1,000000000000000;1,000000000000000;1,000000000000000;1,000000000000000;1,000000000000000;1,000000000000000;1,000000000000000
2022-01-25;60+;11;11,0;11;11;11;11;11;11;11;11;11;11;57;57,0;57;57;57;57;57;57;57,0;57,0;57,0;57,0;1,000000000000000;1,000000000000000;1,000000000000000;1,000000000000000;1,000000000000000;1,000000000000000;1,000000000000000;1,000000000000000;1,000000000000000;1,000000000000000;1,000000000000000
2022-01-25;alle;17;17,0;17;17;17;17;17;17;17;17;17;17;96;96,0;96;96;96;96;96;96;96,0;96,0;96,0;96,0;NA;NA;NA;NA;NA;NA;NA;NA;NA;NA;NA
2022-01-24;0-60;0;0,0;0;0;0;0;0;0;0;0;0;0;39;39,0;39;39;39;39;39;39;39,0;39,0;39,0;39,0;1,000000000000000;1,000000000000000;1,000000000000000;1,000000000000000;1,000000000000000;1,000000000000000;1,000000000000000;1,000000000000000;1,000000000000000;1,000000000000000;1,000000000000000
2022-01-24;60+;0;0,0;0;0;0;0;0;0;0;0;0;0;53;53,0;53;53;53;53;53;53;53,0;53,0;53,0;53,0;1,000000000000000;1,000000000000000;1,000000000000000;1,000000000000000;1,000000000000000;1,000000000000000;1,000000000000000;1,000000000000000;1,000000000000000;1,000000000000000;1,000000000000000
2022-01-24;alle;0;0,0;0;0;0;0;0;0;0;0;0;0;92;92,0;92;92;92;92;92;92;92,0;92,0;92,0;92,0;NA;NA;NA;NA;NA;NA;NA;NA;NA;NA;NA
2022-01-23;0-60;0;0,0;0;0;0;0;0;0;0;0;0;0;41;41,0;41;41;41;41;41;41;41,0;41,0;41,0;41,0;1,000000000000000;1,000000000000000;1,000000000000000;1,000000000000000;1,000000000000000;1,000000000000000;1,000000000000000;1,000000000000000;1,000000000000000;1,000000000000000;1,000000000000000
2022-01-23;60+;1;1,0;1;1;1;1;1;1;1;1;1;1;54;54,0;54;54;54;54;54;54;54,0;54,0;54,0;54,0;1,000000000000000;1,000000000000000;1,000000000000000;1,000000000000000;1,000000000000000;1,000000000000000;1,000000000000000;1,000000000000000;1,000000000000000;1,000000000000000;1,000000000000000
2022-01-23;alle;1;1,0;1;1;1;1;1;1;1;1;1;1;95;95,0;95;95;95;95;95;95;95,0;95,0;95,0;95,0;NA;NA;NA;NA;NA;NA;NA;NA;NA;NA;NA
2022-01-22;0-60;4;4,0;4;4;4;4;4;4;4;4;4;4;41;41,0;41;41;41;41;41;41;41,0;41,0;41,0;41,0;1,000000000000000;1,000000000000000;1,000000000000000;1,000000000000000;1,000000000000000;1,000000000000000;1,000000000000000;1,000000000000000;1,000000000000000;1,000000000000000;1,000000000000000
2022-01-22;60+;7;7,0;7;7;7;7;7;7;7;7;7;7;56;56,0;56;56;56;56;56;56;56,0;56,0;56,0;56,0;1,000000000000000;1,000000000000000;1,000000000000000;1,000000000000000;1,000000000000000;1,000000000000000;1,000000000000000;1,000000000000000;1,000000000000000;1,000000000000000;1,000000000000000
2022-01-22;alle;11;11,0;11;11;11;11;11;11;11;11;11;11;97;97,0;97;97;97;97;97;97;97,0;97,0;97,0;97,0;NA;NA;NA;NA;NA;NA;NA;NA;NA;NA;NA
2022-01-21;0-60;7;7,0;7;7;7;7;7;7;7;7;7;7;46;46,0;46;46;46;46;46;46;46,0;46,0;46,0;46,0;1,000000000000000;1,000000000000000;1,000000000000000;1,000000000000000;1,000000000000000;1,000000000000000;1,000000000000000;1,000000000000000;1,000000000000000;1,000000000000000;1,000000000000000
2022-01-21;60+;9;9,0;9;9;9;9;9;9;9;9;9;9;56;56,0;56;56;56;56;56;56;56,0;56,0;56,0;56,0;1,000000000000000;1,000000000000000;1,000000000000000;1,000000000000000;1,000000000000000;1,000000000000000;1,000000000000000;1,000000000000000;1,000000000000000;1,000000000000000;1,000000000000000
2022-01-21;alle;16;16,0;16;16;16;16;16;16;16;16;16;16;102;102,0;102;102;102;102;102;102;102,0;102,0;102,0;102,0;NA;NA;NA;NA;NA;NA;NA;NA;NA;NA;NA
2022-01-20;0-60;10;10,0;10;10;10;10;10;10;10;10;10;10;54;54,0;54;54;54;54;54;54;54,0;54,0;54,0;54,0;1,000000000000000;1,000000000000000;1,000000000000000;1,000000000000000;1,000000000000000;1,000000000000000;1,000000000000000;1,000000000000000;1,000000000000000;1,000000000000000;1,000000000000000
2022-01-20;60+;16;16,0;16;16;16;16;16;16;16;16;16;16;55;55,0;55;55;55;55;55;55;55,0;55,0;55,0;55,0;1,000000000000000;1,000000000000000;1,000000000000000;1,000000000000000;1,000000000000000;1,000000000000000;1,000000000000000;1,000000000000000;1,000000000000000;1,000000000000000;1,000000000000000
2022-01-20;alle;26;26,0;26;26;26;26;26;26;26;26;26;26;109;109,0;109;109;109;109;109;109;109,0;109,0;109,0;109,0;NA;NA;NA;NA;NA;NA;NA;NA;NA;NA;NA
2022-01-19;0-60;12;12,0;12;12;12;12;12;12;12;12;12;12;61;61,0;61;61;61;61;61;61;61,0;61,0;61,0;61,0;1,000000000000000;1,000000000000000;1,000000000000000;1,000000000000000;1,000000000000000;1,000000000000000;1,000000000000000;1,000000000000000;1,000000000000000;1,000000000000000;1,000000000000000
2022-01-19;60+;13;13,0;13;13;13;13;13;13;13;13;13;13;50;50,0;50;50;50;50;50;50;50,0;50,0;50,0;50,0;1,000000000000000;1,000000000000000;1,000000000000000;1,000000000000000;1,000000000000000;1,000000000000000;1,000000000000000;1,000000000000000;1,000000000000000;1,000000000000000;1,000000000000000
2022-01-19;alle;25;25,0;25;25;25;25;25;25;25;25;25;25;111;111,0;111;111;111;111;111;111;111,0;111,0;111,0;111,0;NA;NA;NA;NA;NA;NA;NA;NA;NA;NA;NA
2022-01-18;0-60;6;6,0;6;6;6;6;6;6;6;6;6;6;61;61,0;61;61;61;61;61;61;61,0;61,0;61,0;61,0;1,000000000000000;1,000000000000000;1,000000000000000;1,000000000000000;1,000000000000000;1,000000000000000;1,000000000000000;1,000000000000000;1,000000000000000;1,000000000000000;1,000000000000000
2022-01-18;60+;7;7,0;7;7;7;7;7;7;7;7;7;7;44;44,0;44;44;44;44;44;44;44,0;44,0;44,0;44,0;1,000000000000000;1,000000000000000;1,000000000000000;1,000000000000000;1,000000000000000;1,000000000000000;1,000000000000000;1,000000000000000;1,000000000000000;1,000000000000000;1,000000000000000
2022-01-18;alle;13;13,0;13;13;13;13;13;13;13;13;13;13;105;105,0;105;105;105;105;105;105;105,0;105,0;105,0;105,0;NA;NA;NA;NA;NA;NA;NA;NA;NA;NA;NA
2022-01-17;0-60;2;2,0;2;2;2;2;2;2;2;2;2;2;65;65,0;65;65;65;65;65;65;65,0;65,0;65,0;65,0;1,000000000000000;1,000000000000000;1,000000000000000;1,000000000000000;1,000000000000000;1,000000000000000;1,000000000000000;1,000000000000000;1,000000000000000;1,000000000000000;1,000000000000000
2022-01-17;60+;1;1,0;1;1;1;1;1;1;1;1;1;1;49;49,0;49;49;49;49;49;49;49,0;49,0;49,0;49,0;1,000000000000000;1,000000000000000;1,000000000000000;1,000000000000000;1,000000000000000;1,000000000000000;1,000000000000000;1,000000000000000;1,000000000000000;1,000000000000000;1,000000000000000
2022-01-17;alle;3;3,0;3;3;3;3;3;3;3;3;3;3;114;114,0;114;114;114;114;114;114;114,0;114,0;114,0;114,0;NA;NA;NA;NA;NA;NA;NA;NA;NA;NA;NA
2022-01-16;0-60;0;0,0;0;0;0;0;0;0;0;0;0;0;68;68,0;68;68;68;68;68;68;68,0;68,0;68,0;68,0;1,000000000000000;1,000000000000000;1,000000000000000;1,000000000000000;1,000000000000000;1,000000000000000;1,000000000000000;1,000000000000000;1,000000000000000;1,000000000000000;1,000000000000000
2022-01-16;60+;3;3,0;3;3;3;3;3;3;3;3;3;3;50;50,0;50;50;50;50;50;50;50,0;50,0;50,0;50,0;1,000000000000000;1,000000000000000;1,000000000000000;1,000000000000000;1,000000000000000;1,000000000000000;1,000000000000000;1,000000000000000;1,000000000000000;1,000000000000000;1,000000000000000
2022-01-16;alle;3;3,0;3;3;3;3;3;3;3;3;3;3;118;118,0;118;118;118;118;118;118;118,0;118,0;118,0;118,0;NA;NA;NA;NA;NA;NA;NA;NA;NA;NA;NA
2022-01-15;0-60;9;9,0;9;9;9;9;9;9;9;9;9;9;71;71,0;71;71;71;71;71;71;71,0;71,0;71,0;71,0;1,000000000000000;1,000000000000000;1,000000000000000;1,000000000000000;1,000000000000000;1,000000000000000;1,000000000000000;1,000000000000000;1,000000000000000;1,000000000000000;1,000000000000000
2022-01-15;60+;7;7,0;7;7;7;7;7;7;7;7;7;7;49;49,0;49;49;49;49;49;49;49,0;49,0;49,0;49,0;1,000000000000000;1,000000000000000;1,000000000000000;1,000000000000000;1,000000000000000;1,000000000000000;1,000000000000000;1,000000000000000;1,000000000000000;1,000000000000000;1,000000000000000
2022-01-15;alle;16;16,0;16;16;16;16;16;16;16;16;16;16;120;120,0;120;120;120;120;120;120;120,0;120,0;120,0;120,0;NA;NA;NA;NA;NA;NA;NA;NA;NA;NA;NA
2022-01-14;0-60;15;15,0;15;15;15;15;15;15;15;15;15;15;79;79,0;79;79;79;79;79;79;79,0;79,0;79,0;79,0;1,000000000000000;1,000000000000000;1,000000000000000;1,000000000000000;1,000000000000000;1,000000000000000;1,000000000000000;1,000000000000000;1,000000000000000;1,000000000000000;1,000000000000000
2022-01-14;60+;8;8,0;8;8;8;8;8;8;8;8;8;8;54;54,0;54;54;54;54;54;54;54,0;54,0;54,0;54,0;1,000000000000000;1,000000000000000;1,000000000000000;1,000000000000000;1,000000000000000;1,000000000000000;1,000000000000000;1,000000000000000;1,000000000000000;1,000000000000000;1,000000000000000
2022-01-14;alle;23;23,0;23;23;23;23;23;23;23;23;23;23;133;133,0;133;133;133;133;133;133;133,0;133,0;133,0;133,0;NA;NA;NA;NA;NA;NA;NA;NA;NA;NA;NA
2022-01-13;0-60;17;17,0;17;17;17;17;17;17;17;17;17;17;73;73,0;73;73;73;73;73;73;73,0;73,0;73,0;73,0;1,000000000000000;1,000000000000000;1,000000000000000;1,000000000000000;1,000000000000000;1,000000000000000;1,000000000000000;1,000000000000000;1,000000000000000;1,000000000000000;1,000000000000000
2022-01-13;60+;11;11,0;11;11;11;11;11;11;11;11;11;11;56;56,0;56;56;56;56;56;56;56,0;56,0;56,0;56,0;1,000000000000000;1,000000000000000;1,000000000000000;1,000000000000000;1,000000000000000;1,000000000000000;1,000000000000000;1,000000000000000;1,000000000000000;1,000000000000000;1,000000000000000
2022-01-13;alle;28;28,0;28;28;28;28;28;28;28;28;28;28;129;129,0;129;129;129;129;129;129;129,0;129,0;129,0;129,0;NA;NA;NA;NA;NA;NA;NA;NA;NA;NA;NA
2022-01-12;0-60;12;12,0;12;12;12;12;12;12;12;12;12;12;72;72,0;72;72;72;72;72;72;72,0;72,0;72,0;72,0;1,000000000000000;1,000000000000000;1,000000000000000;1,000000000000000;1,000000000000000;1,000000000000000;1,000000000000000;1,000000000000000;1,000000000000000;1,000000000000000;1,000000000000000
2022-01-12;60+;7;7,0;7;7;7;7;7;7;7;7;7;7;58;58,0;58;58;58;58;58;58;58,0;58,0;58,0;58,0;1,000000000000000;1,000000000000000;1,000000000000000;1,000000000000000;1,000000000000000;1,000000000000000;1,000000000000000;1,000000000000000;1,000000000000000;1,000000000000000;1,000000000000000
2022-01-12;alle;19;19,0;19;19;19;19;19;19;19;19;19;19;130;130,0;130;130;130;130;130;130;130,0;130,0;130,0;130,0;NA;NA;NA;NA;NA;NA;NA;NA;NA;NA;NA
2022-01-11;0-60;10;10,0;10;10;10;10;10;10;10;10;10;10;70;70,0;70;70;70;70;70;70;70,0;70,0;70,0;70,0;1,000000000000000;1,000000000000000;1,000000000000000;1,000000000000000;1,000000000000000;1,000000000000000;1,000000000000000;1,000000000000000;1,000000000000000;1,000000000000000;1,000000000000000
2022-01-11;60+;12;12,0;12;12;12;12;12;12;12;12;12;12;58;58,0;58;58;58;58;58;58;58,0;58,0;58,0;58,0;1,000000000000000;1,000000000000000;1,000000000000000;1,000000000000000;1,000000000000000;1,000000000000000;1,000000000000000;1,000000000000000;1,000000000000000;1,000000000000000;1,000000000000000
2022-01-11;alle;22;22,0;22;22;22;22;22;22;22;22;22;22;128;128,0;128;128;128;128;128;128;128,0;128,0;128,0;128,0;NA;NA;NA;NA;NA;NA;NA;NA;NA;NA;NA
2022-01-10;0-60;5;5,0;5;5;5;5;5;5;5;5;5;5;70;70,0;70;70;70;70;70;70;70,0;70,0;70,0;70,0;1,000000000000000;1,000000000000000;1,000000000000000;1,000000000000000;1,000000000000000;1,000000000000000;1,000000000000000;1,000000000000000;1,000000000000000;1,000000000000000;1,000000000000000
2022-01-10;60+;2;2,0;2;2;2;2;2;2;2;2;2;2;47;47,0;47;47;47;47;47;47;47,0;47,0;47,0;47,0;1,000000000000000;1,000000000000000;1,000000000000000;1,000000000000000;1,000000000000000;1,000000000000000;1,000000000000000;1,000000000000000;1,000000000000000;1,000000000000000;1,000000000000000
2022-01-10;alle;7;7,0;7;7;7;7;7;7;7;7;7;7;117;117,0;117;117;117;117;117;117;117,0;117,0;117,0;117,0;NA;NA;NA;NA;NA;NA;NA;NA;NA;NA;NA
2022-01-09;0-60;3;3,0;3;3;3;3;3;3;3;3;3;3;67;67,0;67;67;67;67;67;67;67,0;67,0;67,0;67,0;1,000000000000000;1,000000000000000;1,000000000000000;1,000000000000000;1,000000000000000;1,000000000000000;1,000000000000000;1,000000000000000;1,000000000000000;1,000000000000000;1,000000000000000
2022-01-09;60+;2;2,0;2;2;2;2;2;2;2;2;2;2;47;47,0;47;47;47;47;47;47;47,0;47,0;47,0;47,0;1,000000000000000;1,000000000000000;1,000000000000000;1,000000000000000;1,000000000000000;1,000000000000000;1,000000000000000;1,000000000000000;1,000000000000000;1,000000000000000;1,000000000000000
2022-01-09;alle;5;5,0;5;5;5;5;5;5;5;5;5;5;114;114,0;114;114;114;114;114;114;114,0;114,0;114,0;114,0;NA;NA;NA;NA;NA;NA;NA;NA;NA;NA;NA
2022-01-08;0-60;17;17,0;17;17;17;17;17;17;17;17;17;17;70;70,0;70;70;70;70;70;70;70,0;70,0;70,0;70,0;1,000000000000000;1,000000000000000;1,000000000000000;1,000000000000000;1,000000000000000;1,000000000000000;1,000000000000000;1,000000000000000;1,000000000000000;1,000000000000000;1,000000000000000
2022-01-08;60+;12;12,0;12;12;12;12;12;12;12;12;12;12;49;49,0;49;49;49;49;49;49;49,0;49,0;49,0;49,0;1,000000000000000;1,000000000000000;1,000000000000000;1,000000000000000;1,000000000000000;1,000000000000000;1,000000000000000;1,000000000000000;1,000000000000000;1,000000000000000;1,000000000000000
2022-01-08;alle;29;29,0;29;29;29;29;29;29;29;29;29;29;119;119,0;119;119;119;119;119;119;119,0;119,0;119,0;119,0;NA;NA;NA;NA;NA;NA;NA;NA;NA;NA;NA
2022-01-07;0-60;9;9,0;9;9;9;9;9;9;9;9;9;9;56;56,0;56;56;56;56;56;56;56,0;56,0;56,0;56,0;1,000000000000000;1,000000000000000;1,000000000000000;1,000000000000000;1,000000000000000;1,000000000000000;1,000000000000000;1,000000000000000;1,000000000000000;1,000000000000000;1,000000000000000
2022-01-07;60+;10;10,0;10;10;10;10;10;10;10;10;10;10;38;38,0;38;38;38;38;38;38;38,0;38,0;38,0;38,0;1,000000000000000;1,000000000000000;1,000000000000000;1,000000000000000;1,000000000000000;1,000000000000000;1,000000000000000;1,000000000000000;1,000000000000000;1,000000000000000;1,000000000000000
2022-01-07;alle;19;19,0;19;19;19;19;19;19;19;19;19;19;94;94,0;94;94;94;94;94;94;94,0;94,0;94,0;94,0;NA;NA;NA;NA;NA;NA;NA;NA;NA;NA;NA
2022-01-06;0-60;16;16,0;16;16;16;16;16;16;16;16;16;16;55;55,0;55;55;55;55;55;55;55,0;55,0;55,0;55,0;1,000000000000000;1,000000000000000;1,000000000000000;1,000000000000000;1,000000000000000;1,000000000000000;1,000000000000000;1,000000000000000;1,000000000000000;1,000000000000000;1,000000000000000
2022-01-06;60+;13;13,0;13;13;13;13;13;13;13;13;13;13;35;35,0;35;35;35;35;35;35;35,0;35,0;35,0;35,0;1,000000000000000;1,000000000000000;1,000000000000000;1,000000000000000;1,000000000000000;1,000000000000000;1,000000000000000;1,000000000000000;1,000000000000000;1,000000000000000;1,000000000000000
2022-01-06;alle;29;29,0;29;29;29;29;29;29;29;29;29;29;90;90,0;90;90;90;90;90;90;90,0;90,0;90,0;90,0;NA;NA;NA;NA;NA;NA;NA;NA;NA;NA;NA
2022-01-05;0-60;10;10,0;10;10;10;10;10;10;10;10;10;10;47;47,0;47;47;47;47;47;47;47,0;47,0;47,0;47,0;1,000000000000000;1,000000000000000;1,000000000000000;1,000000000000000;1,000000000000000;1,000000000000000;1,000000000000000;1,000000000000000;1,000000000000000;1,000000000000000;1,000000000000000
2022-01-05;60+;7;7,0;7;7;7;7;7;7;7;7;7;7;31;31,0;31;31;31;31;31;31;31,0;31,0;31,0;31,0;1,000000000000000;1,000000000000000;1,000000000000000;1,000000000000000;1,000000000000000;1,000000000000000;1,000000000000000;1,000000000000000;1,000000000000000;1,000000000000000;1,000000000000000
2022-01-05;alle;17;17,0;17;17;17;17;17;17;17;17;17;17;78;78,0;78;78;78;78;78;78;78,0;78,0;78,0;78,0;NA;NA;NA;NA;NA;NA;NA;NA;NA;NA;NA
2022-01-04;0-60;10;10,0;10;10;10;10;10;10;10;10;10;10;44;44,0;44;44;44;44;44;44;44,0;44,0;44,0;44,0;1,000000000000000;1,000000000000000;1,000000000000000;1,000000000000000;1,000000000000000;1,000000000000000;1,000000000000000;1,000000000000000;1,000000000000000;1,000000000000000;1,000000000000000
2022-01-04;60+;1;1,0;1;1;1;1;1;1;1;1;1;1;30;30,0;30;30;30;30;30;30;30,0;30,0;30,0;30,0;1,000000000000000;1,000000000000000;1,000000000000000;1,000000000000000;1,000000000000000;1,000000000000000;1,000000000000000;1,000000000000000;1,000000000000000;1,000000000000000;1,000000000000000
2022-01-04;alle;11;11,0;11;11;11;11;11;11;11;11;11;11;74;74,0;74;74;74;74;74;74;74,0;74,0;74,0;74,0;NA;NA;NA;NA;NA;NA;NA;NA;NA;NA;NA
2022-01-03;0-60;2;2,0;2;2;2;2;2;2;2;2;2;2;48;48,0;48;48;48;48;48;48;48,0;48,0;48,0;48,0;1,000000000000000;1,000000000000000;1,000000000000000;1,000000000000000;1,000000000000000;1,000000000000000;1,000000000000000;1,000000000000000;1,000000000000000;1,000000000000000;1,000000000000000
2022-01-03;60+;2;2,0;2;2;2;2;2;2;2;2;2;2;35;35,0;35;35;35;35;35;35;35,0;35,0;35,0;35,0;1,000000000000000;1,000000000000000;1,000000000000000;1,000000000000000;1,000000000000000;1,000000000000000;1,000000000000000;1,000000000000000;1,000000000000000;1,000000000000000;1,000000000000000
2022-01-03;alle;4;4,0;4;4;4;4;4;4;4;4;4;4;83;83,0;83;83;83;83;83;83;83,0;83,0;83,0;83,0;NA;NA;NA;NA;NA;NA;NA;NA;NA;NA;NA
2022-01-02;0-60;6;6,0;6;6;6;6;6;6;6;6;6;6;46;46,0;46;46;46;46;46;46;46,0;46,0;46,0;46,0;1,000000000000000;1,000000000000000;1,000000000000000;1,000000000000000;1,000000000000000;1,000000000000000;1,000000000000000;1,000000000000000;1,000000000000000;1,000000000000000;1,000000000000000
2022-01-02;60+;4;4,0;4;4;4;4;4;4;4;4;4;4;34;34,0;34;34;34;34;34;34;34,0;34,0;34,0;34,0;1,000000000000000;1,000000000000000;1,000000000000000;1,000000000000000;1,000000000000000;1,000000000000000;1,000000000000000;1,000000000000000;1,000000000000000;1,000000000000000;1,000000000000000
2022-01-02;alle;10;10,0;10;10;10;10;10;10;10;10;10;10;80;80,0;80;80;80;80;80;80;80,0;80,0;80,0;80,0;NA;NA;NA;NA;NA;NA;NA;NA;NA;NA;NA
2022-01-01;0-60;3;3,0;3;3;3;3;3;3;3;3;3;3;40;40,0;40;40;40;40;40;40;40,0;40,0;40,0;40,0;1,000000000000000;1,000000000000000;1,000000000000000;1,000000000000000;1,000000000000000;1,000000000000000;1,000000000000000;1,000000000000000;1,000000000000000;1,000000000000000;1,000000000000000
2022-01-01;60+;1;1,0;1;1;1;1;1;1;1;1;1;1;33;33,0;33;33;33;33;33;33;33,0;33,0;33,0;33,0;1,000000000000000;1,000000000000000;1,000000000000000;1,000000000000000;1,000000000000000;1,000000000000000;1,000000000000000;1,000000000000000;1,000000000000000;1,000000000000000;1,000000000000000
2022-01-01;alle;4;4,0;4;4;4;4;4;4;4;4;4;4;73;73,0;73;73;73;73;73;73;73,0;73,0;73,0;73,0;NA;NA;NA;NA;NA;NA;NA;NA;NA;NA;NA
2021-12-31;0-60;8;8,0;8;8;8;8;8;8;8;8;8;8;38;38,0;38;38;38;38;38;38;38,0;38,0;38,0;38,0;1,000000000000000;1,000000000000000;1,000000000000000;1,000000000000000;1,000000000000000;1,000000000000000;1,000000000000000;1,000000000000000;1,000000000000000;1,000000000000000;1,000000000000000
2021-12-31;60+;7;7,0;7;7;7;7;7;7;7;7;7;7;33;33,0;33;33;33;33;33;33;33,0;33,0;33,0;33,0;1,000000000000000;1,000000000000000;1,000000000000000;1,000000000000000;1,000000000000000;1,000000000000000;1,000000000000000;1,000000000000000;1,000000000000000;1,000000000000000;1,000000000000000
2021-12-31;alle;15;15,0;15;15;15;15;15;15;15;15;15;15;71;71,0;71;71;71;71;71;71;71,0;71,0;71,0;71,0;NA;NA;NA;NA;NA;NA;NA;NA;NA;NA;NA
2021-12-30;0-60;8;8,0;8;8;8;8;8;8;8;8;8;8;35;35,0;35;35;35;35;35;35;35,0;35,0;35,0;35,0;1,000000000000000;1,000000000000000;1,000000000000000;1,000000000000000;1,000000000000000;1,000000000000000;1,000000000000000;1,000000000000000;1,000000000000000;1,000000000000000;1,000000000000000
2021-12-30;60+;9;9,0;9;9;9;9;9;9;9;9;9;9;31;31,0;31;31;31;31;31;31;31,0;31,0;31,0;31,0;1,000000000000000;1,000000000000000;1,000000000000000;1,000000000000000;1,000000000000000;1,000000000000000;1,000000000000000;1,000000000000000;1,000000000000000;1,000000000000000;1,000000000000000
2021-12-30;alle;17;17,0;17;17;17;17;17;17;17;17;17;17;66;66,0;66;66;66;66;66;66;66,0;66,0;66,0;66,0;NA;NA;NA;NA;NA;NA;NA;NA;NA;NA;NA
2021-12-29;0-60;7;7,0;7;7;7;7;7;7;7;7;7;7;35;35,0;35;35;35;35;35;35;35,0;35,0;35,0;35,0;1,000000000000000;1,000000000000000;1,000000000000000;1,000000000000000;1,000000000000000;1,000000000000000;1,000000000000000;1,000000000000000;1,000000000000000;1,000000000000000;1,000000000000000
2021-12-29;60+;6;6,0;6;6;6;6;6;6;6;6;6;6;22;22,0;22;22;22;22;22;22;22,0;22,0;22,0;22,0;1,000000000000000;1,000000000000000;1,000000000000000;1,000000000000000;1,000000000000000;1,000000000000000;1,000000000000000;1,000000000000000;1,000000000000000;1,000000000000000;1,000000000000000
2021-12-29;alle;13;13,0;13;13;13;13;13;13;13;13;13;13;57;57,0;57;57;57;57;57;57;57,0;57,0;57,0;57,0;NA;NA;NA;NA;NA;NA;NA;NA;NA;NA;NA
2021-12-28;0-60;14;14,0;14;14;14;14;14;14;14;14;14;14;38;38,0;38;38;38;38;38;38;38,0;38,0;38,0;38,0;1,000000000000000;1,000000000000000;1,000000000000000;1,000000000000000;1,000000000000000;1,000000000000000;1,000000000000000;1,000000000000000;1,000000000000000;1,000000000000000;1,000000000000000
2021-12-28;60+;6;6,0;6;6;6;6;6;6;6;6;6;6;19;19,0;19;19;19;19;19;19;19,0;19,0;19,0;19,0;1,000000000000000;1,000000000000000;1,000000000000000;1,000000000000000;1,000000000000000;1,000000000000000;1,000000000000000;1,000000000000000;1,000000000000000;1,000000000000000;1,000000000000000
2021-12-28;alle;20;20,0;20;20;20;20;20;20;20;20;20;20;57;57,0;57;57;57;57;57;57;57,0;57,0;57,0;57,0;NA;NA;NA;NA;NA;NA;NA;NA;NA;NA;NA
2021-12-27;0-60;0;0,0;0;0;0;0;0;0;0;0;0;0;34;34,0;34;34;34;34;34;34;34,0;34,0;34,0;34,0;1,000000000000000;1,000000000000000;1,000000000000000;1,000000000000000;1,000000000000000;1,000000000000000;1,000000000000000;1,000000000000000;1,000000000000000;1,000000000000000;1,000000000000000
2021-12-27;60+;1;1,0;1;1;1;1;1;1;1;1;1;1;18;18,0;18;18;18;18;18;18;18,0;18,0;18,0;18,0;1,000000000000000;1,000000000000000;1,000000000000000;1,000000000000000;1,000000000000000;1,000000000000000;1,000000000000000;1,000000000000000;1,000000000000000;1,000000000000000;1,000000000000000
2021-12-27;alle;1;1,0;1;1;1;1;1;1;1;1;1;1;52;52,0;52;52;52;52;52;52;52,0;52,0;52,0;52,0;NA;NA;NA;NA;NA;NA;NA;NA;NA;NA;NA
2021-12-26;0-60;0;0,0;0;0;0;0;0;0;0;0;0;0;38;38,0;38;38;38;38;38;38;38,0;38,0;38,0;38,0;1,000000000000000;1,000000000000000;1,000000000000000;1,000000000000000;1,000000000000000;1,000000000000000;1,000000000000000;1,000000000000000;1,000000000000000;1,000000000000000;1,000000000000000
2021-12-26;60+;3;3,0;3;3;3;3;3;3;3;3;3;3;19;19,0;19;19;19;19;19;19;19,0;19,0;19,0;19,0;1,000000000000000;1,000000000000000;1,000000000000000;1,000000000000000;1,000000000000000;1,000000000000000;1,000000000000000;1,000000000000000;1,000000000000000;1,000000000000000;1,000000000000000
2021-12-26;alle;3;3,0;3;3;3;3;3;3;3;3;3;3;57;57,0;57;57;57;57;57;57;57,0;57,0;57,0;57,0;NA;NA;NA;NA;NA;NA;NA;NA;NA;NA;NA
2021-12-25;0-60;1;1,0;1;1;1;1;1;1;1;1;1;1;40;40,0;40;40;40;40;40;40;40,0;40,0;40,0;40,0;1,000000000000000;1,000000000000000;1,000000000000000;1,000000000000000;1,000000000000000;1,000000000000000;1,000000000000000;1,000000000000000;1,000000000000000;1,000000000000000;1,000000000000000
2021-12-25;60+;1;1,0;1;1;1;1;1;1;1;1;1;1;21;21,0;21;21;21;21;21;21;21,0;21,0;21,0;21,0;1,000000000000000;1,000000000000000;1,000000000000000;1,000000000000000;1,000000000000000;1,000000000000000;1,000000000000000;1,000000000000000;1,000000000000000;1,000000000000000;1,000000000000000
2021-12-25;alle;2;2,0;2;2;2;2;2;2;2;2;2;2;61;61,0;61;61;61;61;61;61;61,0;61,0;61,0;61,0;NA;NA;NA;NA;NA;NA;NA;NA;NA;NA;NA
2021-12-24;0-60;5;5,0;5;5;5;5;5;5;5;5;5;5;44;44,0;44;44;44;44;44;44;44,0;44,0;44,0;44,0;1,000000000000000;1,000000000000000;1,000000000000000;1,000000000000000;1,000000000000000;1,000000000000000;1,000000000000000;1,000000000000000;1,000000000000000;1,000000000000000;1,000000000000000
2021-12-24;60+;5;5,0;5;5;5;5;5;5;5;5;5;5;27;27,0;27;27;27;27;27;27;27,0;27,0;27,0;27,0;1,000000000000000;1,000000000000000;1,000000000000000;1,000000000000000;1,000000000000000;1,000000000000000;1,000000000000000;1,000000000000000;1,000000000000000;1,000000000000000;1,000000000000000
2021-12-24;alle;10;10,0;10;10;10;10;10;10;10;10;10;10;71;71,0;71;71;71;71;71;71;71,0;71,0;71,0;71,0;NA;NA;NA;NA;NA;NA;NA;NA;NA;NA;NA
2021-12-23;0-60;8;8,0;8;8;8;8;8;8;8;8;8;8;40;40,0;40;40;40;40;40;40;40,0;40,0;40,0;40,0;1,000000000000000;1,000000000000000;1,000000000000000;1,000000000000000;1,000000000000000;1,000000000000000;1,000000000000000;1,000000000000000;1,000000000000000;1,000000000000000;1,000000000000000
2021-12-23;60+;0;0,0;0;0;0;0;0;0;0;0;0;0;25;25,0;25;25;25;25;25;25;25,0;25,0;25,0;25,0;1,000000000000000;1,000000000000000;1,000000000000000;1,000000000000000;1,000000000000000;1,000000000000000;1,000000000000000;1,000000000000000;1,000000000000000;1,000000000000000;1,000000000000000
2021-12-23;alle;8;8,0;8;8;8;8;8;8;8;8;8;8;65;65,0;65;65;65;65;65;65;65,0;65,0;65,0;65,0;NA;NA;NA;NA;NA;NA;NA;NA;NA;NA;NA
2021-12-22;0-60;10;10,0;10;10;10;10;10;10;10;10;10;10;38;38,0;38;38;38;38;38;38;38,0;38,0;38,0;38,0;1,000000000000000;1,000000000000000;1,000000000000000;1,000000000000000;1,000000000000000;1,000000000000000;1,000000000000000;1,000000000000000;1,000000000000000;1,000000000000000;1,000000000000000
2021-12-22;60+;3;3,0;3;3;3;3;3;3;3;3;3;3;29;29,0;29;29;29;29;29;29;29,0;29,0;29,0;29,0;1,000000000000000;1,000000000000000;1,000000000000000;1,000000000000000;1,000000000000000;1,000000000000000;1,000000000000000;1,000000000000000;1,000000000000000;1,000000000000000;1,000000000000000
2021-12-22;alle;13;13,0;13;13;13;13;13;13;13;13;13;13;67;67,0;67;67;67;67;67;67;67,0;67,0;67,0;67,0;NA;NA;NA;NA;NA;NA;NA;NA;NA;NA;NA
2021-12-21;0-60;10;10,0;10;10;10;10;10;10;10;10;10;10;32;32,0;32;32;32;32;32;32;32,0;32,0;32,0;32,0;1,000000000000000;1,000000000000000;1,000000000000000;1,000000000000000;1,000000000000000;1,000000000000000;1,000000000000000;1,000000000000000;1,000000000000000;1,000000000000000;1,000000000000000
2021-12-21;60+;5;5,0;5;5;5;5;5;5;5;5;5;5;31;31,0;31;31;31;31;31;31;31,0;31,0;31,0;31,0;1,000000000000000;1,000000000000000;1,000000000000000;1,000000000000000;1,000000000000000;1,000000000000000;1,000000000000000;1,000000000000000;1,000000000000000;1,000000000000000;1,000000000000000
2021-12-21;alle;15;15,0;15;15;15;15;15;15;15;15;15;15;63;63,0;63;63;63;63;63;63;63,0;63,0;63,0;63,0;NA;NA;NA;NA;NA;NA;NA;NA;NA;NA;NA
2021-12-20;0-60;4;4,0;4;4;4;4;4;4;4;4;4;4;29;29,0;29;29;29;29;29;29;29,0;29,0;29,0;29,0;1,000000000000000;1,000000000000000;1,000000000000000;1,000000000000000;1,000000000000000;1,000000000000000;1,000000000000000;1,000000000000000;1,000000000000000;1,000000000000000;1,000000000000000
2021-12-20;60+;2;2,0;2;2;2;2;2;2;2;2;2;2;29;29,0;29;29;29;29;29;29;29,0;29,0;29,0;29,0;1,000000000000000;1,000000000000000;1,000000000000000;1,000000000000000;1,000000000000000;1,000000000000000;1,000000000000000;1,000000000000000;1,000000000000000;1,000000000000000;1,000000000000000
2021-12-20;alle;6;6,0;6;6;6;6;6;6;6;6;6;6;58;58,0;58;58;58;58;58;58;58,0;58,0;58,0;58,0;NA;NA;NA;NA;NA;NA;NA;NA;NA;NA;NA
2021-12-19;0-60;2;2,0;2;2;2;2;2;2;2;2;2;2;26;26,0;26;26;26;26;26;26;26,0;26,0;26,0;26,0;1,000000000000000;1,000000000000000;1,000000000000000;1,000000000000000;1,000000000000000;1,000000000000000;1,000000000000000;1,000000000000000;1,000000000000000;1,000000000000000;1,000000000000000
2021-12-19;60+;5;5,0;5;5;5;5;5;5;5;5;5;5;28;28,0;28;28;28;28;28;28;28,0;28,0;28,0;28,0;1,000000000000000;1,000000000000000;1,000000000000000;1,000000000000000;1,000000000000000;1,000000000000000;1,000000000000000;1,000000000000000;1,000000000000000;1,000000000000000;1,000000000000000
2021-12-19;alle;7;7,0;7;7;7;7;7;7;7;7;7;7;54;54,0;54;54;54;54;54;54;54,0;54,0;54,0;54,0;NA;NA;NA;NA;NA;NA;NA;NA;NA;NA;NA
2021-12-18;0-60;5;5,0;5;5;5;5;5;5;5;5;5;5;26;26,0;26;26;26;26;26;26;26,0;26,0;26,0;26,0;1,000000000000000;1,000000000000000;1,000000000000000;1,000000000000000;1,000000000000000;1,000000000000000;1,000000000000000;1,000000000000000;1,000000000000000;1,000000000000000;1,000000000000000
2021-12-18;60+;7;7,0;7;7;7;7;7;7;7;7;7;7;26;26,0;26;26;26;26;26;26;26,0;26,0;26,0;26,0;1,000000000000000;1,000000000000000;1,000000000000000;1,000000000000000;1,000000000000000;1,000000000000000;1,000000000000000;1,000000000000000;1,000000000000000;1,000000000000000;1,000000000000000
2021-12-18;alle;12;12,0;12;12;12;12;12;12;12;12;12;12;52;52,0;52;52;52;52;52;52;52,0;52,0;52,0;52,0;NA;NA;NA;NA;NA;NA;NA;NA;NA;NA;NA
2021-12-17;0-60;1;1,0;1;1;1;1;1;1;1;1;1;1;26;26,0;26;26;26;26;26;26;26,0;26,0;26,0;26,0;1,000000000000000;1,000000000000000;1,000000000000000;1,000000000000000;1,000000000000000;1,000000000000000;1,000000000000000;1,000000000000000;1,000000000000000;1,000000000000000;1,000000000000000
2021-12-17;60+;3;3,0;3;3;3;3;3;3;3;3;3;3;24;24,0;24;24;24;24;24;24;24,0;24,0;24,0;24,0;1,000000000000000;1,000000000000000;1,000000000000000;1,000000000000000;1,000000000000000;1,000000000000000;1,000000000000000;1,000000000000000;1,000000000000000;1,000000000000000;1,000000000000000
2021-12-17;alle;4;4,0;4;4;4;4;4;4;4;4;4;4;50;50,0;50;50;50;50;50;50;50,0;50,0;50,0;50,0;NA;NA;NA;NA;NA;NA;NA;NA;NA;NA;NA
2021-12-16;0-60;6;6,0;6;6;6;6;6;6;6;6;6;6;27;27,0;27;27;27;27;27;27;27,0;27,0;27,0;27,0;1,000000000000000;1,000000000000000;1,000000000000000;1,000000000000000;1,000000000000000;1,000000000000000;1,000000000000000;1,000000000000000;1,000000000000000;1,000000000000000;1,000000000000000
2021-12-16;60+;4;4,0;4;4;4;4;4;4;4;4;4;4;24;24,0;24;24;24;24;24;24;24,0;24,0;24,0;24,0;1,000000000000000;1,000000000000000;1,000000000000000;1,000000000000000;1,000000000000000;1,000000000000000;1,000000000000000;1,000000000000000;1,000000000000000;1,000000000000000;1,000000000000000
2021-12-16;alle;10;10,0;10;10;10;10;10;10;10;10;10;10;51;51,0;51;51;51;51;51;51;51,0;51,0;51,0;51,0;NA;NA;NA;NA;NA;NA;NA;NA;NA;NA;NA
2021-12-15;0-60;4;4,0;4;4;4;4;4;4;4;4;4;4;25;25,0;25;25;25;25;25;25;25,0;25,0;25,0;25,0;1,000000000000000;1,000000000000000;1,000000000000000;1,000000000000000;1,000000000000000;1,000000000000000;1,000000000000000;1,000000000000000;1,000000000000000;1,000000000000000;1,000000000000000
2021-12-15;60+;5;5,0;5;5;5;5;5;5;5;5;5;5;24;24,0;24;24;24;24;24;24;24,0;24,0;24,0;24,0;1,000000000000000;1,000000000000000;1,000000000000000;1,000000000000000;1,000000000000000;1,000000000000000;1,000000000000000;1,000000000000000;1,000000000000000;1,000000000000000;1,000000000000000
2021-12-15;alle;9;9,0;9;9;9;9;9;9;9;9;9;9;49;49,0;49;49;49;49;49;49;49,0;49,0;49,0;49,0;NA;NA;NA;NA;NA;NA;NA;NA;NA;NA;NA
2021-12-14;0-60;7;7,0;7;7;7;7;7;7;7;7;7;7;25;25,0;25;25;25;25;25;25;25,0;25,0;25,0;25,0;1,000000000000000;1,000000000000000;1,000000000000000;1,000000000000000;1,000000000000000;1,000000000000000;1,000000000000000;1,000000000000000;1,000000000000000;1,000000000000000;1,000000000000000
2021-12-14;60+;3;3,0;3;3;3;3;3;3;3;3;3;3;22;22,0;22;22;22;22;22;22;22,0;22,0;22,0;22,0;1,000000000000000;1,000000000000000;1,000000000000000;1,000000000000000;1,000000000000000;1,000000000000000;1,000000000000000;1,000000000000000;1,000000000000000;1,000000000000000;1,000000000000000
2021-12-14;alle;10;10,0;10;10;10;10;10;10;10;10;10;10;47;47,0;47;47;47;47;47;47;47,0;47,0;47,0;47,0;NA;NA;NA;NA;NA;NA;NA;NA;NA;NA;NA
2021-12-13;0-60;1;1,0;1;1;1;1;1;1;1;1;1;1;19;19,0;19;19;19;19;19;19;19,0;19,0;19,0;19,0;1,000000000000000;1,000000000000000;1,000000000000000;1,000000000000000;1,000000000000000;1,000000000000000;1,000000000000000;1,000000000000000;1,000000000000000;1,000000000000000;1,000000000000000
2021-12-13;60+;1;1,0;1;1;1;1;1;1;1;1;1;1;24;24,0;24;24;24;24;24;24;24,0;24,0;24,0;24,0;1,000000000000000;1,000000000000000;1,000000000000000;1,000000000000000;1,000000000000000;1,000000000000000;1,000000000000000;1,000000000000000;1,000000000000000;1,000000000000000;1,000000000000000
2021-12-13;alle;2;2,0;2;2;2;2;2;2;2;2;2;2;43;43,0;43;43;43;43;43;43;43,0;43,0;43,0;43,0;NA;NA;NA;NA;NA;NA;NA;NA;NA;NA;NA
2021-12-12;0-60;2;2,0;2;2;2;2;2;2;2;2;2;2;21;21,0;21;21;21;21;21;21;21,0;21,0;21,0;21,0;1,000000000000000;1,000000000000000;1,000000000000000;1,000000000000000;1,000000000000000;1,000000000000000;1,000000000000000;1,000000000000000;1,000000000000000;1,000000000000000;1,000000000000000
2021-12-12;60+;3;3,0;3;3;3;3;3;3;3;3;3;3;24;24,0;24;24;24;24;24;24;24,0;24,0;24,0;24,0;1,000000000000000;1,000000000000000;1,000000000000000;1,000000000000000;1,000000000000000;1,000000000000000;1,000000000000000;1,000000000000000;1,000000000000000;1,000000000000000;1,000000000000000
2021-12-12;alle;5;5,0;5;5;5;5;5;5;5;5;5;5;45;45,0;45;45;45;45;45;45;45,0;45,0;45,0;45,0;NA;NA;NA;NA;NA;NA;NA;NA;NA;NA;NA
2021-12-11;0-60;5;5,0;5;5;5;5;5;5;5;5;5;5;30;30,0;30;30;30;30;30;30;30,0;30,0;30,0;30,0;1,000000000000000;1,000000000000000;1,000000000000000;1,000000000000000;1,000000000000000;1,000000000000000;1,000000000000000;1,000000000000000;1,000000000000000;1,000000000000000;1,000000000000000
2021-12-11;60+;5;5,0;5;5;5;5;5;5;5;5;5;5;22;22,0;22;22;22;22;22;22;22,0;22,0;22,0;22,0;1,000000000000000;1,000000000000000;1,000000000000000;1,000000000000000;1,000000000000000;1,000000000000000;1,000000000000000;1,000000000000000;1,000000000000000;1,000000000000000;1,000000000000000
2021-12-11;alle;10;10,0;10;10;10;10;10;10;10;10;10;10;52;52,0;52;52;52;52;52;52;52,0;52,0;52,0;52,0;NA;NA;NA;NA;NA;NA;NA;NA;NA;NA;NA
2021-12-10;0-60;2;2,0;2;2;2;2;2;2;2;2;2;2;28;28,0;28;28;28;28;28;28;28,0;28,0;28,0;28,0;1,000000000000000;1,000000000000000;1,000000000000000;1,000000000000000;1,000000000000000;1,000000000000000;1,000000000000000;1,000000000000000;1,000000000000000;1,000000000000000;1,000000000000000
2021-12-10;60+;3;3,0;3;3;3;3;3;3;3;3;3;3;20;20,0;20;20;20;20;20;20;20,0;20,0;20,0;20,0;1,000000000000000;1,000000000000000;1,000000000000000;1,000000000000000;1,000000000000000;1,000000000000000;1,000000000000000;1,000000000000000;1,000000000000000;1,000000000000000;1,000000000000000
2021-12-10;alle;5;5,0;5;5;5;5;5;5;5;5;5;5;48;48,0;48;48;48;48;48;48;48,0;48,0;48,0;48,0;NA;NA;NA;NA;NA;NA;NA;NA;NA;NA;NA
2021-12-09;0-60;4;4,0;4;4;4;4;4;4;4;4;4;4;28;28,0;28;28;28;28;28;28;28,0;28,0;28,0;28,0;1,000000000000000;1,000000000000000;1,000000000000000;1,000000000000000;1,000000000000000;1,000000000000000;1,000000000000000;1,000000000000000;1,000000000000000;1,000000000000000;1,000000000000000
2021-12-09;60+;4;4,0;4;4;4;4;4;4;4;4;4;4;19;19,0;19;19;19;19;19;19;19,0;19,0;19,0;19,0;1,000000000000000;1,000000000000000;1,000000000000000;1,000000000000000;1,000000000000000;1,000000000000000;1,000000000000000;1,000000000000000;1,000000000000000;1,000000000000000;1,000000000000000
2021-12-09;alle;8;8,0;8;8;8;8;8;8;8;8;8;8;47;47,0;47;47;47;47;47;47;47,0;47,0;47,0;47,0;NA;NA;NA;NA;NA;NA;NA;NA;NA;NA;NA
2021-12-08;0-60;4;4,0;4;4;4;4;4;4;4;4;4;4;29;29,0;29;29;29;29;29;29;29,0;29,0;29,0;29,0;1,000000000000000;1,000000000000000;1,000000000000000;1,000000000000000;1,000000000000000;1,000000000000000;1,000000000000000;1,000000000000000;1,000000000000000;1,000000000000000;1,000000000000000
2021-12-08;60+;3;3,0;3;3;3;3;3;3;3;3;3;3;17;17,0;17;17;17;17;17;17;17,0;17,0;17,0;17,0;1,000000000000000;1,000000000000000;1,000000000000000;1,000000000000000;1,000000000000000;1,000000000000000;1,000000000000000;1,000000000000000;1,000000000000000;1,000000000000000;1,000000000000000
2021-12-08;alle;7;7,0;7;7;7;7;7;7;7;7;7;7;46;46,0;46;46;46;46;46;46;46,0;46,0;46,0;46,0;NA;NA;NA;NA;NA;NA;NA;NA;NA;NA;NA
2021-12-07;0-60;1;1,0;1;1;1;1;1;1;1;1;1;1;27;27,0;27;27;27;27;27;27;27,0;27,0;27,0;27,0;1,000000000000000;1,000000000000000;1,000000000000000;1,000000000000000;1,000000000000000;1,000000000000000;1,000000000000000;1,000000000000000;1,000000000000000;1,000000000000000;1,000000000000000
2021-12-07;60+;5;5,0;5;5;5;5;5;5;5;5;5;5;19;19,0;19;19;19;19;19;19;19,0;19,0;19,0;19,0;1,000000000000000;1,000000000000000;1,000000000000000;1,000000000000000;1,000000000000000;1,000000000000000;1,000000000000000;1,000000000000000;1,000000000000000;1,000000000000000;1,000000000000000
2021-12-07;alle;6;6,0;6;6;6;6;6;6;6;6;6;6;46;46,0;46;46;46;46;46;46;46,0;46,0;46,0;46,0;NA;NA;NA;NA;NA;NA;NA;NA;NA;NA;NA
2021-12-06;0-60;3;3,0;3;3;3;3;3;3;3;3;3;3;30;30,0;30;30;30;30;30;30;30,0;30,0;30,0;30,0;1,000000000000000;1,000000000000000;1,000000000000000;1,000000000000000;1,000000000000000;1,000000000000000;1,000000000000000;1,000000000000000;1,000000000000000;1,000000000000000;1,000000000000000
2021-12-06;60+;1;1,0;1;1;1;1;1;1;1;1;1;1;15;15,0;15;15;15;15;15;15;15,0;15,0;15,0;15,0;1,000000000000000;1,000000000000000;1,000000000000000;1,000000000000000;1,000000000000000;1,000000000000000;1,000000000000000;1,000000000000000;1,000000000000000;1,000000000000000;1,000000000000000
2021-12-06;alle;4;4,0;4;4;4;4;4;4;4;4;4;4;45;45,0;45;45;45;45;45;45;45,0;45,0;45,0;45,0;NA;NA;NA;NA;NA;NA;NA;NA;NA;NA;NA
2021-12-05;0-60;11;11,0;11;11;11;11;11;11;11;11;11;11;32;32,0;32;32;32;32;32;32;32,0;32,0;32,0;32,0;1,000000000000000;1,000000000000000;1,000000000000000;1,000000000000000;1,000000000000000;1,000000000000000;1,000000000000000;1,000000000000000;1,000000000000000;1,000000000000000;1,000000000000000
2021-12-05;60+;1;1,0;1;1;1;1;1;1;1;1;1;1;15;15,0;15;15;15;15;15;15;15,0;15,0;15,0;15,0;1,000000000000000;1,000000000000000;1,000000000000000;1,000000000000000;1,000000000000000;1,000000000000000;1,000000000000000;1,000000000000000;1,000000000000000;1,000000000000000;1,000000000000000
2021-12-05;alle;12;12,0;12;12;12;12;12;12;12;12;12;12;47;47,0;47;47;47;47;47;47;47,0;47,0;47,0;47,0;NA;NA;NA;NA;NA;NA;NA;NA;NA;NA;NA
2021-12-04;0-60;3;3,0;3;3;3;3;3;3;3;3;3;3;23;23,0;23;23;23;23;23;23;23,0;23,0;23,0;23,0;1,000000000000000;1,000000000000000;1,000000000000000;1,000000000000000;1,000000000000000;1,000000000000000;1,000000000000000;1,000000000000000;1,000000000000000;1,000000000000000;1,000000000000000
2021-12-04;60+;3;3,0;3;3;3;3;3;3;3;3;3;3;17;17,0;17;17;17;17;17;17;17,0;17,0;17,0;17,0;1,000000000000000;1,000000000000000;1,000000000000000;1,000000000000000;1,000000000000000;1,000000000000000;1,000000000000000;1,000000000000000;1,000000000000000;1,000000000000000;1,000000000000000
2021-12-04;alle;6;6,0;6;6;6;6;6;6;6;6;6;6;40;40,0;40;40;40;40;40;40;40,0;40,0;40,0;40,0;NA;NA;NA;NA;NA;NA;NA;NA;NA;NA;NA
2021-12-03;0-60;2;2,0;2;2;2;2;2;2;2;2;2;2;27;27,0;27;27;27;27;27;27;27,0;27,0;27,0;27,0;1,000000000000000;1,000000000000000;1,000000000000000;1,000000000000000;1,000000000000000;1,000000000000000;1,000000000000000;1,000000000000000;1,000000000000000;1,000000000000000;1,000000000000000
2021-12-03;60+;2;2,0;2;2;2;2;2;2;2;2;2;2;20;20,0;20;20;20;20;20;20;20,0;20,0;20,0;20,0;1,000000000000000;1,000000000000000;1,000000000000000;1,000000000000000;1,000000000000000;1,000000000000000;1,000000000000000;1,000000000000000;1,000000000000000;1,000000000000000;1,000000000000000
2021-12-03;alle;4;4,0;4;4;4;4;4;4;4;4;4;4;47;47,0;47;47;47;47;47;47;47,0;47,0;47,0;47,0;NA;NA;NA;NA;NA;NA;NA;NA;NA;NA;NA
2021-12-02;0-60;5;5,0;5;5;5;5;5;5;5;5;5;5;31;31,0;31;31;31;31;31;31;31,0;31,0;31,0;31,0;1,000000000000000;1,000000000000000;1,000000000000000;1,000000000000000;1,000000000000000;1,000000000000000;1,000000000000000;1,000000000000000;1,000000000000000;1,000000000000000;1,000000000000000
2021-12-02;60+;2;2,0;2;2;2;2;2;2;2;2;2;2;26;26,0;26;26;26;26;26;26;26,0;26,0;26,0;26,0;1,000000000000000;1,000000000000000;1,000000000000000;1,000000000000000;1,000000000000000;1,000000000000000;1,000000000000000;1,000000000000000;1,000000000000000;1,000000000000000;1,000000000000000
2021-12-02;alle;7;7,0;7;7;7;7;7;7;7;7;7;7;57;57,0;57;57;57;57;57;57;57,0;57,0;57,0;57,0;NA;NA;NA;NA;NA;NA;NA;NA;NA;NA;NA
2021-12-01;0-60;2;2,0;2;2;2;2;2;2;2;2;2;2;28;28,0;28;28;28;28;28;28;28,0;28,0;28,0;28,0;1,000000000000000;1,000000000000000;1,000000000000000;1,000000000000000;1,000000000000000;1,000000000000000;1,000000000000000;1,000000000000000;1,000000000000000;1,000000000000000;1,000000000000000
2021-12-01;60+;5;5,0;5;5;5;5;5;5;5;5;5;5;31;31,0;31;31;31;31;31;31;31,0;31,0;31,0;31,0;1,000000000000000;1,000000000000000;1,000000000000000;1,000000000000000;1,000000000000000;1,000000000000000;1,000000000000000;1,000000000000000;1,000000000000000;1,000000000000000;1,000000000000000
2021-12-01;alle;7;7,0;7;7;7;7;7;7;7;7;7;7;59;59,0;59;59;59;59;59;59;59,0;59,0;59,0;59,0;NA;NA;NA;NA;NA;NA;NA;NA;NA;NA;NA
2021-11-30;0-60;4;4,0;4;4;4;4;4;4;4;4;4;4;30;30,0;30;30;30;30;30;30;30,0;30,0;30,0;30,0;1,000000000000000;1,000000000000000;1,000000000000000;1,000000000000000;1,000000000000000;1,000000000000000;1,000000000000000;1,000000000000000;1,000000000000000;1,000000000000000;1,000000000000000
2021-11-30;60+;1;1,0;1;1;1;1;1;1;1;1;1;1;33;33,0;33;33;33;33;33;33;33,0;33,0;33,0;33,0;1,000000000000000;1,000000000000000;1,000000000000000;1,000000000000000;1,000000000000000;1,000000000000000;1,000000000000000;1,000000000000000;1,000000000000000;1,000000000000000;1,000000000000000
2021-11-30;alle;5;5,0;5;5;5;5;5;5;5;5;5;5;63;63,0;63;63;63;63;63;63;63,0;63,0;63,0;63,0;NA;NA;NA;NA;NA;NA;NA;NA;NA;NA;NA
2021-11-29;0-60;5;5,0;5;5;5;5;5;5;5;5;5;5;29;29,0;29;29;29;29;29;29;29,0;29,0;29,0;29,0;1,000000000000000;1,000000000000000;1,000000000000000;1,000000000000000;1,000000000000000;1,000000000000000;1,000000000000000;1,000000000000000;1,000000000000000;1,000000000000000;1,000000000000000
2021-11-29;60+;1;1,0;1;1;1;1;1;1;1;1;1;1;38;38,0;38;38;38;38;38;38;38,0;38,0;38,0;38,0;1,000000000000000;1,000000000000000;1,000000000000000;1,000000000000000;1,000000000000000;1,000000000000000;1,000000000000000;1,000000000000000;1,000000000000000;1,000000000000000;1,000000000000000
2021-11-29;alle;6;6,0;6;6;6;6;6;6;6;6;6;6;67;67,0;67;67;67;67;67;67;67,0;67,0;67,0;67,0;NA;NA;NA;NA;NA;NA;NA;NA;NA;NA;NA
2021-11-28;0-60;2;2,0;2;2;2;2;2;2;2;2;2;2;27;27,0;27;27;27;27;27;27;27,0;27,0;27,0;27,0;1,000000000000000;1,000000000000000;1,000000000000000;1,000000000000000;1,000000000000000;1,000000000000000;1,000000000000000;1,000000000000000;1,000000000000000;1,000000000000000;1,000000000000000
2021-11-28;60+;3;3,0;3;3;3;3;3;3;3;3;3;3;38;38,0;38;38;38;38;38;38;38,0;38,0;38,0;38,0;1,000000000000000;1,000000000000000;1,000000000000000;1,000000000000000;1,000000000000000;1,000000000000000;1,000000000000000;1,000000000000000;1,000000000000000;1,000000000000000;1,000000000000000
2021-11-28;alle;5;5,0;5;5;5;5;5;5;5;5;5;5;65;65,0;65;65;65;65;65;65;65,0;65,0;65,0;65,0;NA;NA;NA;NA;NA;NA;NA;NA;NA;NA;NA
2021-11-27;0-60;7;7,0;7;7;7;7;7;7;7;7;7;7;29;29,0;29;29;29;29;29;29;29,0;29,0;29,0;29,0;1,000000000000000;1,000000000000000;1,000000000000000;1,000000000000000;1,000000000000000;1,000000000000000;1,000000000000000;1,000000000000000;1,000000000000000;1,000000000000000;1,000000000000000
2021-11-27;60+;6;6,0;6;6;6;6;6;6;6;6;6;6;40;40,0;40;40;40;40;40;40;40,0;40,0;40,0;40,0;1,000000000000000;1,000000000000000;1,000000000000000;1,000000000000000;1,000000000000000;1,000000000000000;1,000000000000000;1,000000000000000;1,000000000000000;1,000000000000000;1,000000000000000
2021-11-27;alle;13;13,0;13;13;13;13;13;13;13;13;13;13;69;69,0;69;69;69;69;69;69;69,0;69,0;69,0;69,0;NA;NA;NA;NA;NA;NA;NA;NA;NA;NA;NA
2021-11-26;0-60;6;6,0;6;6;6;6;6;6;6;6;6;6;24;24,0;24;24;24;24;24;24;24,0;24,0;24,0;24,0;1,000000000000000;1,000000000000000;1,000000000000000;1,000000000000000;1,000000000000000;1,000000000000000;1,000000000000000;1,000000000000000;1,000000000000000;1,000000000000000;1,000000000000000
2021-11-26;60+;8;8,0;8;8;8;8;8;8;8;8;8;8;42;42,0;42;42;42;42;42;42;42,0;42,0;42,0;42,0;1,000000000000000;1,000000000000000;1,000000000000000;1,000000000000000;1,000000000000000;1,000000000000000;1,000000000000000;1,000000000000000;1,000000000000000;1,000000000000000;1,000000000000000
2021-11-26;alle;14;14,0;14;14;14;14;14;14;14;14;14;14;66;66,0;66;66;66;66;66;66;66,0;66,0;66,0;66,0;NA;NA;NA;NA;NA;NA;NA;NA;NA;NA;NA
2021-11-25;0-60;2;2,0;2;2;2;2;2;2;2;2;2;2;24;24,0;24;24;24;24;24;24;24,0;24,0;24,0;24,0;1,000000000000000;1,000000000000000;1,000000000000000;1,000000000000000;1,000000000000000;1,000000000000000;1,000000000000000;1,000000000000000;1,000000000000000;1,000000000000000;1,000000000000000
2021-11-25;60+;7;7,0;7;7;7;7;7;7;7;7;7;7;37;37,0;37;37;37;37;37;37;37,0;37,0;37,0;37,0;1,000000000000000;1,000000000000000;1,000000000000000;1,000000000000000;1,000000000000000;1,000000000000000;1,000000000000000;1,000000000000000;1,000000000000000;1,000000000000000;1,000000000000000
2021-11-25;alle;9;9,0;9;9;9;9;9;9;9;9;9;9;61;61,0;61;61;61;61;61;61;61,0;61,0;61,0;61,0;NA;NA;NA;NA;NA;NA;NA;NA;NA;NA;NA
2021-11-24;0-60;4;4,0;4;4;4;4;4;4;4;4;4;4;24;24,0;24;24;24;24;24;24;24,0;24,0;24,0;24,0;1,000000000000000;1,000000000000000;1,000000000000000;1,000000000000000;1,000000000000000;1,000000000000000;1,000000000000000;1,000000000000000;1,000000000000000;1,000000000000000;1,000000000000000
2021-11-24;60+;7;7,0;7;7;7;7;7;7;7;7;7;7;32;32,0;32;32;32;32;32;32;32,0;32,0;32,0;32,0;1,000000000000000;1,000000000000000;1,000000000000000;1,000000000000000;1,000000000000000;1,000000000000000;1,000000000000000;1,000000000000000;1,000000000000000;1,000000000000000;1,000000000000000
2021-11-24;alle;11;11,0;11;11;11;11;11;11;11;11;11;11;56;56,0;56;56;56;56;56;56;56,0;56,0;56,0;56,0;NA;NA;NA;NA;NA;NA;NA;NA;NA;NA;NA
2021-11-23;0-60;3;3,0;3;3;3;3;3;3;3;3;3;3;22;22,0;22;22;22;22;22;22;22,0;22,0;22,0;22,0;1,000000000000000;1,000000000000000;1,000000000000000;1,000000000000000;1,000000000000000;1,000000000000000;1,000000000000000;1,000000000000000;1,000000000000000;1,000000000000000;1,000000000000000
2021-11-23;60+;6;6,0;6;6;6;6;6;6;6;6;6;6;27;27,0;27;27;27;27;27;27;27,0;27,0;27,0;27,0;1,000000000000000;1,000000000000000;1,000000000000000;1,000000000000000;1,000000000000000;1,000000000000000;1,000000000000000;1,000000000000000;1,000000000000000;1,000000000000000;1,000000000000000
2021-11-23;alle;9;9,0;9;9;9;9;9;9;9;9;9;9;49;49,0;49;49;49;49;49;49;49,0;49,0;49,0;49,0;NA;NA;NA;NA;NA;NA;NA;NA;NA;NA;NA
2021-11-22;0-60;3;3,0;3;3;3;3;3;3;3;3;3;3;24;24,0;24;24;24;24;24;24;24,0;24,0;24,0;24,0;1,000000000000000;1,000000000000000;1,000000000000000;1,000000000000000;1,000000000000000;1,000000000000000;1,000000000000000;1,000000000000000;1,000000000000000;1,000000000000000;1,000000000000000
2021-11-22;60+;1;1,0;1;1;1;1;1;1;1;1;1;1;22;22,0;22;22;22;22;22;22;22,0;22,0;22,0;22,0;1,000000000000000;1,000000000000000;1,000000000000000;1,000000000000000;1,000000000000000;1,000000000000000;1,000000000000000;1,000000000000000;1,000000000000000;1,000000000000000;1,000000000000000
2021-11-22;alle;4;4,0;4;4;4;4;4;4;4;4;4;4;46;46,0;46;46;46;46;46;46;46,0;46,0;46,0;46,0;NA;NA;NA;NA;NA;NA;NA;NA;NA;NA;NA
2021-11-21;0-60;4;4,0;4;4;4;4;4;4;4;4;4;4;22;22,0;22;22;22;22;22;22;22,0;22,0;22,0;22,0;1,000000000000000;1,000000000000000;1,000000000000000;1,000000000000000;1,000000000000000;1,000000000000000;1,000000000000000;1,000000000000000;1,000000000000000;1,000000000000000;1,000000000000000
2021-11-21;60+;5;5,0;5;5;5;5;5;5;5;5;5;5;24;24,0;24;24;24;24;24;24;24,0;24,0;24,0;24,0;1,000000000000000;1,000000000000000;1,000000000000000;1,000000000000000;1,000000000000000;1,000000000000000;1,000000000000000;1,000000000000000;1,000000000000000;1,000000000000000;1,000000000000000
2021-11-21;alle;9;9,0;9;9;9;9;9;9;9;9;9;9;46;46,0;46;46;46;46;46;46;46,0;46,0;46,0;46,0;NA;NA;NA;NA;NA;NA;NA;NA;NA;NA;NA
2021-11-20;0-60;2;2,0;2;2;2;2;2;2;2;2;2;2;20;20,0;20;20;20;20;20;20;20,0;20,0;20,0;20,0;1,000000000000000;1,000000000000000;1,000000000000000;1,000000000000000;1,000000000000000;1,000000000000000;1,000000000000000;1,000000000000000;1,000000000000000;1,000000000000000;1,000000000000000
2021-11-20;60+;8;8,0;8;8;8;8;8;8;8;8;8;8;22;22,0;22;22;22;22;22;22;22,0;22,0;22,0;22,0;1,000000000000000;1,000000000000000;1,000000000000000;1,000000000000000;1,000000000000000;1,000000000000000;1,000000000000000;1,000000000000000;1,000000000000000;1,000000000000000;1,000000000000000
2021-11-20;alle;10;10,0;10;10;10;10;10;10;10;10;10;10;42;42,0;42;42;42;42;42;42;42,0;42,0;42,0;42,0;NA;NA;NA;NA;NA;NA;NA;NA;NA;NA;NA
2021-11-19;0-60;6;6,0;6;6;6;6;6;6;6;6;6;6;22;22,0;22;22;22;22;22;22;22,0;22,0;22,0;22,0;1,000000000000000;1,000000000000000;1,000000000000000;1,000000000000000;1,000000000000000;1,000000000000000;1,000000000000000;1,000000000000000;1,000000000000000;1,000000000000000;1,000000000000000
2021-11-19;60+;3;3,0;3;3;3;3;3;3;3;3;3;3;17;17,0;17;17;17;17;17;17;17,0;17,0;17,0;17,0;1,000000000000000;1,000000000000000;1,000000000000000;1,000000000000000;1,000000000000000;1,000000000000000;1,000000000000000;1,000000000000000;1,000000000000000;1,000000000000000;1,000000000000000
2021-11-19;alle;9;9,0;9;9;9;9;9;9;9;9;9;9;39;39,0;39;39;39;39;39;39;39,0;39,0;39,0;39,0;NA;NA;NA;NA;NA;NA;NA;NA;NA;NA;NA
2021-11-18;0-60;2;2,0;2;2;2;2;2;2;2;2;2;2;18;18,0;18;18;18;18;18;18;18,0;18,0;18,0;18,0;1,000000000000000;1,000000000000000;1,000000000000000;1,000000000000000;1,000000000000000;1,000000000000000;1,000000000000000;1,000000000000000;1,000000000000000;1,000000000000000;1,000000000000000
2021-11-18;60+;2;2,0;2;2;2;2;2;2;2;2;2;2;17;17,0;17;17;17;17;17;17;17,0;17,0;17,0;17,0;1,000000000000000;1,000000000000000;1,000000000000000;1,000000000000000;1,000000000000000;1,000000000000000;1,000000000000000;1,000000000000000;1,000000000000000;1,000000000000000;1,000000000000000
2021-11-18;alle;4;4,0;4;4;4;4;4;4;4;4;4;4;35;35,0;35;35;35;35;35;35;35,0;35,0;35,0;35,0;NA;NA;NA;NA;NA;NA;NA;NA;NA;NA;NA
2021-11-17;0-60;2;2,0;2;2;2;2;2;2;2;2;2;2;19;19,0;19;19;19;19;19;19;19,0;19,0;19,0;19,0;1,000000000000000;1,000000000000000;1,000000000000000;1,000000000000000;1,000000000000000;1,000000000000000;1,000000000000000;1,000000000000000;1,000000000000000;1,000000000000000;1,000000000000000
2021-11-17;60+;2;2,0;2;2;2;2;2;2;2;2;2;2;17;17,0;17;17;17;17;17;17;17,0;17,0;17,0;17,0;1,000000000000000;1,000000000000000;1,000000000000000;1,000000000000000;1,000000000000000;1,000000000000000;1,000000000000000;1,000000000000000;1,000000000000000;1,000000000000000;1,000000000000000
2021-11-17;alle;4;4,0;4;4;4;4;4;4;4;4;4;4;36;36,0;36;36;36;36;36;36;36,0;36,0;36,0;36,0;NA;NA;NA;NA;NA;NA;NA;NA;NA;NA;NA
2021-11-16;0-60;5;5,0;5;5;5;5;5;5;5;5;5;5;17;17,0;17;17;17;17;17;17;17,0;17,0;17,0;17,0;1,000000000000000;1,000000000000000;1,000000000000000;1,000000000000000;1,000000000000000;1,000000000000000;1,000000000000000;1,000000000000000;1,000000000000000;1,000000000000000;1,000000000000000
2021-11-16;60+;1;1,0;1;1;1;1;1;1;1;1;1;1;16;16,0;16;16;16;16;16;16;16,0;16,0;16,0;16,0;1,000000000000000;1,000000000000000;1,000000000000000;1,000000000000000;1,000000000000000;1,000000000000000;1,000000000000000;1,000000000000000;1,000000000000000;1,000000000000000;1,000000000000000
2021-11-16;alle;6;6,0;6;6;6;6;6;6;6;6;6;6;33;33,0;33;33;33;33;33;33;33,0;33,0;33,0;33,0;NA;NA;NA;NA;NA;NA;NA;NA;NA;NA;NA
2021-11-15;0-60;1;1,0;1;1;1;1;1;1;1;1;1;1;12;12,0;12;12;12;12;12;12;12,0;12,0;12,0;12,0;1,000000000000000;1,000000000000000;1,000000000000000;1,000000000000000;1,000000000000000;1,000000000000000;1,000000000000000;1,000000000000000;1,000000000000000;1,000000000000000;1,000000000000000
2021-11-15;60+;3;3,0;3;3;3;3;3;3;3;3;3;3;17;17,0;17;17;17;17;17;17;17,0;17,0;17,0;17,0;1,000000000000000;1,000000000000000;1,000000000000000;1,000000000000000;1,000000000000000;1,000000000000000;1,000000000000000;1,000000000000000;1,000000000000000;1,000000000000000;1,000000000000000
2021-11-15;alle;4;4,0;4;4;4;4;4;4;4;4;4;4;29;29,0;29;29;29;29;29;29;29,0;29,0;29,0;29,0;NA;NA;NA;NA;NA;NA;NA;NA;NA;NA;NA
2021-11-14;0-60;2;2,0;2;2;2;2;2;2;2;2;2;2;11;11,0;11;11;11;11;11;11;11,0;11,0;11,0;11,0;1,000000000000000;1,000000000000000;1,000000000000000;1,000000000000000;1,000000000000000;1,000000000000000;1,000000000000000;1,000000000000000;1,000000000000000;1,000000000000000;1,000000000000000
2021-11-14;60+;3;3,0;3;3;3;3;3;3;3;3;3;3;15;15,0;15;15;15;15;15;15;15,0;15,0;15,0;15,0;1,000000000000000;1,000000000000000;1,000000000000000;1,000000000000000;1,000000000000000;1,000000000000000;1,000000000000000;1,000000000000000;1,000000000000000;1,000000000000000;1,000000000000000
2021-11-14;alle;5;5,0;5;5;5;5;5;5;5;5;5;5;26;26,0;26;26;26;26;26;26;26,0;26,0;26,0;26,0;NA;NA;NA;NA;NA;NA;NA;NA;NA;NA;NA
2021-11-13;0-60;4;4,0;4;4;4;4;4;4;4;4;4;4;10;10,0;10;10;10;10;10;10;10,0;10,0;10,0;10,0;1,000000000000000;1,000000000000000;1,000000000000000;1,000000000000000;1,000000000000000;1,000000000000000;1,000000000000000;1,000000000000000;1,000000000000000;1,000000000000000;1,000000000000000
2021-11-13;60+;3;3,0;3;3;3;3;3;3;3;3;3;3;12;12,0;12;12;12;12;12;12;12,0;12,0;12,0;12,0;1,000000000000000;1,000000000000000;1,000000000000000;1,000000000000000;1,000000000000000;1,000000000000000;1,000000000000000;1,000000000000000;1,000000000000000;1,000000000000000;1,000000000000000
2021-11-13;alle;7;7,0;7;7;7;7;7;7;7;7;7;7;22;22,0;22;22;22;22;22;22;22,0;22,0;22,0;22,0;NA;NA;NA;NA;NA;NA;NA;NA;NA;NA;NA
2021-11-12;0-60;2;2,0;2;2;2;2;2;2;2;2;2;2;8;8,0;8;8;8;8;8;8;8,0;8,0;8,0;8,0;1,000000000000000;1,000000000000000;1,000000000000000;1,000000000000000;1,000000000000000;1,000000000000000;1,000000000000000;1,000000000000000;1,000000000000000;1,000000000000000;1,000000000000000
2021-11-12;60+;3;3,0;3;3;3;3;3;3;3;3;3;3;11;11,0;11;11;11;11;11;11;11,0;11,0;11,0;11,0;1,000000000000000;1,000000000000000;1,000000000000000;1,000000000000000;1,000000000000000;1,000000000000000;1,000000000000000;1,000000000000000;1,000000000000000;1,000000000000000;1,000000000000000
2021-11-12;alle;5;5,0;5;5;5;5;5;5;5;5;5;5;19;19,0;19;19;19;19;19;19;19,0;19,0;19,0;19,0;NA;NA;NA;NA;NA;NA;NA;NA;NA;NA;NA
2021-11-11;0-60;3;3,0;3;3;3;3;3;3;3;3;3;3;9;9,0;9;9;9;9;9;9;9,0;9,0;9,0;9,0;1,000000000000000;1,000000000000000;1,000000000000000;1,000000000000000;1,000000000000000;1,000000000000000;1,000000000000000;1,000000000000000;1,000000000000000;1,000000000000000;1,000000000000000
2021-11-11;60+;2;2,0;2;2;2;2;2;2;2;2;2;2;10;10,0;10;10;10;10;10;10;10,0;10,0;10,0;10,0;1,000000000000000;1,000000000000000;1,000000000000000;1,000000000000000;1,000000000000000;1,000000000000000;1,000000000000000;1,000000000000000;1,000000000000000;1,000000000000000;1,000000000000000
2021-11-11;alle;5;5,0;5;5;5;5;5;5;5;5;5;5;19;19,0;19;19;19;19;19;19;19,0;19,0;19,0;19,0;NA;NA;NA;NA;NA;NA;NA;NA;NA;NA;NA
2021-11-10;0-60;0;0,0;0;0;0;0;0;0;0;0;0;0;10;10,0;10;10;10;10;10;10;10,0;10,0;10,0;10,0;1,000000000000000;1,000000000000000;1,000000000000000;1,000000000000000;1,000000000000000;1,000000000000000;1,000000000000000;1,000000000000000;1,000000000000000;1,000000000000000;1,000000000000000
2021-11-10;60+;1;1,0;1;1;1;1;1;1;1;1;1;1;9;9,0;9;9;9;9;9;9;9,0;9,0;9,0;9,0;1,000000000000000;1,000000000000000;1,000000000000000;1,000000000000000;1,000000000000000;1,000000000000000;1,000000000000000;1,000000000000000;1,000000000000000;1,000000000000000;1,000000000000000
2021-11-10;alle;1;1,0;1;1;1;1;1;1;1;1;1;1;19;19,0;19;19;19;19;19;19;19,0;19,0;19,0;19,0;NA;NA;NA;NA;NA;NA;NA;NA;NA;NA;NA
2021-11-09;0-60;0;0,0;0;0;0;0;0;0;0;0;0;0;13;13,0;13;13;13;13;13;13;13,0;13,0;13,0;13,0;1,000000000000000;1,000000000000000;1,000000000000000;1,000000000000000;1,000000000000000;1,000000000000000;1,000000000000000;1,000000000000000;1,000000000000000;1,000000000000000;1,000000000000000
2021-11-09;60+;2;2,0;2;2;2;2;2;2;2;2;2;2;10;10,0;10;10;10;10;10;10;10,0;10,0;10,0;10,0;1,000000000000000;1,000000000000000;1,000000000000000;1,000000000000000;1,000000000000000;1,000000000000000;1,000000000000000;1,000000000000000;1,000000000000000;1,000000000000000;1,000000000000000
2021-11-09;alle;2;2,0;2;2;2;2;2;2;2;2;2;2;23;23,0;23;23;23;23;23;23;23,0;23,0;23,0;23,0;NA;NA;NA;NA;NA;NA;NA;NA;NA;NA;NA
2021-11-08;0-60;0;0,0;0;0;0;0;0;0;0;0;0;0;13;13,0;13;13;13;13;13;13;13,0;13,0;13,0;13,0;1,000000000000000;1,000000000000000;1,000000000000000;1,000000000000000;1,000000000000000;1,000000000000000;1,000000000000000;1,000000000000000;1,000000000000000;1,000000000000000;1,000000000000000
2021-11-08;60+;1;1,0;1;1;1;1;1;1;1;1;1;1;9;9,0;9;9;9;9;9;9;9,0;9,0;9,0;9,0;1,000000000000000;1,000000000000000;1,000000000000000;1,000000000000000;1,000000000000000;1,000000000000000;1,000000000000000;1,000000000000000;1,000000000000000;1,000000000000000;1,000000000000000
2021-11-08;alle;1;1,0;1;1;1;1;1;1;1;1;1;1;22;22,0;22;22;22;22;22;22;22,0;22,0;22,0;22,0;NA;NA;NA;NA;NA;NA;NA;NA;NA;NA;NA
2021-11-07;0-60;1;1,0;1;1;1;1;1;1;1;1;1;1;14;14,0;14;14;14;14;14;14;14,0;14,0;14,0;14,0;1,000000000000000;1,000000000000000;1,000000000000000;1,000000000000000;1,000000000000000;1,000000000000000;1,000000000000000;1,000000000000000;1,000000000000000;1,000000000000000;1,000000000000000
2021-11-07;60+;0;0,0;0;0;0;0;0;0;0;0;0;0;10;10,0;10;10;10;10;10;10;10,0;10,0;10,0;10,0;1,000000000000000;1,000000000000000;1,000000000000000;1,000000000000000;1,000000000000000;1,000000000000000;1,000000000000000;1,000000000000000;1,000000000000000;1,000000000000000;1,000000000000000
2021-11-07;alle;1;1,0;1;1;1;1;1;1;1;1;1;1;24;24,0;24;24;24;24;24;24;24,0;24,0;24,0;24,0;NA;NA;NA;NA;NA;NA;NA;NA;NA;NA;NA
2021-11-06;0-60;2;2,0;2;2;2;2;2;2;2;2;2;2;16;16,0;16;16;16;16;16;16;16,0;16,0;16,0;16,0;1,000000000000000;1,000000000000000;1,000000000000000;1,000000000000000;1,000000000000000;1,000000000000000;1,000000000000000;1,000000000000000;1,000000000000000;1,000000000000000;1,000000000000000
2021-11-06;60+;2;2,0;2;2;2;2;2;2;2;2;2;2;11;11,0;11;11;11;11;11;11;11,0;11,0;11,0;11,0;1,000000000000000;1,000000000000000;1,000000000000000;1,000000000000000;1,000000000000000;1,000000000000000;1,000000000000000;1,000000000000000;1,000000000000000;1,000000000000000;1,000000000000000
2021-11-06;alle;4;4,0;4;4;4;4;4;4;4;4;4;4;27;27,0;27;27;27;27;27;27;27,0;27,0;27,0;27,0;NA;NA;NA;NA;NA;NA;NA;NA;NA;NA;NA
2021-11-05;0-60;3;3,0;3;3;3;3;3;3;3;3;3;3;19;19,0;19;19;19;19;19;19;19,0;19,0;19,0;19,0;1,000000000000000;1,000000000000000;1,000000000000000;1,000000000000000;1,000000000000000;1,000000000000000;1,000000000000000;1,000000000000000;1,000000000000000;1,000000000000000;1,000000000000000
2021-11-05;60+;2;2,0;2;2;2;2;2;2;2;2;2;2;11;11,0;11;11;11;11;11;11;11,0;11,0;11,0;11,0;1,000000000000000;1,000000000000000;1,000000000000000;1,000000000000000;1,000000000000000;1,000000000000000;1,000000000000000;1,000000000000000;1,000000000000000;1,000000000000000;1,000000000000000
2021-11-05;alle;5;5,0;5;5;5;5;5;5;5;5;5;5;30;30,0;30;30;30;30;30;30;30,0;30,0;30,0;30,0;NA;NA;NA;NA;NA;NA;NA;NA;NA;NA;NA
2021-11-04;0-60;4;4,0;4;4;4;4;4;4;4;4;4;4;19;19,0;19;19;19;19;19;19;19,0;19,0;19,0;19,0;1,000000000000000;1,000000000000000;1,000000000000000;1,000000000000000;1,000000000000000;1,000000000000000;1,000000000000000;1,000000000000000;1,000000000000000;1,000000000000000;1,000000000000000
2021-11-04;60+;1;1,0;1;1;1;1;1;1;1;1;1;1;9;9,0;9;9;9;9;9;9;9,0;9,0;9,0;9,0;1,000000000000000;1,000000000000000;1,000000000000000;1,000000000000000;1,000000000000000;1,000000000000000;1,000000000000000;1,000000000000000;1,000000000000000;1,000000000000000;1,000000000000000
2021-11-04;alle;5;5,0;5;5;5;5;5;5;5;5;5;5;28;28,0;28;28;28;28;28;28;28,0;28,0;28,0;28,0;NA;NA;NA;NA;NA;NA;NA;NA;NA;NA;NA
2021-11-03;0-60;3;3,0;3;3;3;3;3;3;3;3;3;3;18;18,0;18;18;18;18;18;18;18,0;18,0;18,0;18,0;1,000000000000000;1,000000000000000;1,000000000000000;1,000000000000000;1,000000000000000;1,000000000000000;1,000000000000000;1,000000000000000;1,000000000000000;1,000000000000000;1,000000000000000
2021-11-03;60+;2;2,0;2;2;2;2;2;2;2;2;2;2;11;11,0;11;11;11;11;11;11;11,0;11,0;11,0;11,0;1,000000000000000;1,000000000000000;1,000000000000000;1,000000000000000;1,000000000000000;1,000000000000000;1,000000000000000;1,000000000000000;1,000000000000000;1,000000000000000;1,000000000000000
2021-11-03;alle;5;5,0;5;5;5;5;5;5;5;5;5;5;29;29,0;29;29;29;29;29;29;29,0;29,0;29,0;29,0;NA;NA;NA;NA;NA;NA;NA;NA;NA;NA;NA
2021-11-02;0-60;0;0,0;0;0;0;0;0;0;0;0;0;0;18;18,0;18;18;18;18;18;18;18,0;18,0;18,0;18,0;1,000000000000000;1,000000000000000;1,000000000000000;1,000000000000000;1,000000000000000;1,000000000000000;1,000000000000000;1,000000000000000;1,000000000000000;1,000000000000000;1,000000000000000
2021-11-02;60+;1;1,0;1;1;1;1;1;1;1;1;1;1;12;12,0;12;12;12;12;12;12;12,0;12,0;12,0;12,0;1,000000000000000;1,000000000000000;1,000000000000000;1,000000000000000;1,000000000000000;1,000000000000000;1,000000000000000;1,000000000000000;1,000000000000000;1,000000000000000;1,000000000000000
2021-11-02;alle;1;1,0;1;1;1;1;1;1;1;1;1;1;30;30,0;30;30;30;30;30;30;30,0;30,0;30,0;30,0;NA;NA;NA;NA;NA;NA;NA;NA;NA;NA;NA
2021-11-01;0-60;1;1,0;1;1;1;1;1;1;1;1;1;1;19;19,0;19;19;19;19;19;19;19,0;19,0;19,0;19,0;1,000000000000000;1,000000000000000;1,000000000000000;1,000000000000000;1,000000000000000;1,000000000000000;1,000000000000000;1,000000000000000;1,000000000000000;1,000000000000000;1,000000000000000
2021-11-01;60+;2;2,0;2;2;2;2;2;2;2;2;2;2;12;12,0;12;12;12;12;12;12;12,0;12,0;12,0;12,0;1,000000000000000;1,000000000000000;1,000000000000000;1,000000000000000;1,000000000000000;1,000000000000000;1,000000000000000;1,000000000000000;1,000000000000000;1,000000000000000;1,000000000000000
2021-11-01;alle;3;3,0;3;3;3;3;3;3;3;3;3;3;31;31,0;31;31;31;31;31;31;31,0;31,0;31,0;31,0;NA;NA;NA;NA;NA;NA;NA;NA;NA;NA;NA
2021-10-31;0-60;3;3,0;3;3;3;3;3;3;3;3;3;3;20;20,0;20;20;20;20;20;20;20,0;20,0;20,0;20,0;1,000000000000000;1,000000000000000;1,000000000000000;1,000000000000000;1,000000000000000;1,000000000000000;1,000000000000000;1,000000000000000;1,000000000000000;1,000000000000000;1,000000000000000
2021-10-31;60+;1;1,0;1;1;1;1;1;1;1;1;1;1;10;10,0;10;10;10;10;10;10;10,0;10,0;10,0;10,0;1,000000000000000;1,000000000000000;1,000000000000000;1,000000000000000;1,000000000000000;1,000000000000000;1,000000000000000;1,000000000000000;1,000000000000000;1,000000000000000;1,000000000000000
2021-10-31;alle;4;4,0;4;4;4;4;4;4;4;4;4;4;30;30,0;30;30;30;30;30;30;30,0;30,0;30,0;30,0;NA;NA;NA;NA;NA;NA;NA;NA;NA;NA;NA
2021-10-30;0-60;5;5,0;5;5;5;5;5;5;5;5;5;5;19;19,0;19;19;19;19;19;19;19,0;19,0;19,0;19,0;1,000000000000000;1,000000000000000;1,000000000000000;1,000000000000000;1,000000000000000;1,000000000000000;1,000000000000000;1,000000000000000;1,000000000000000;1,000000000000000;1,000000000000000
2021-10-30;60+;2;2,0;2;2;2;2;2;2;2;2;2;2;11;11,0;11;11;11;11;11;11;11,0;11,0;11,0;11,0;1,000000000000000;1,000000000000000;1,000000000000000;1,000000000000000;1,000000000000000;1,000000000000000;1,000000000000000;1,000000000000000;1,000000000000000;1,000000000000000;1,000000000000000
2021-10-30;alle;7;7,0;7;7;7;7;7;7;7;7;7;7;30;30,0;30;30;30;30;30;30;30,0;30,0;30,0;30,0;NA;NA;NA;NA;NA;NA;NA;NA;NA;NA;NA
2021-10-29;0-60;3;3,0;3;3;3;3;3;3;3;3;3;3;18;18,0;18;18;18;18;18;18;18,0;18,0;18,0;18,0;1,000000000000000;1,000000000000000;1,000000000000000;1,000000000000000;1,000000000000000;1,000000000000000;1,000000000000000;1,000000000000000;1,000000000000000;1,000000000000000;1,000000000000000
2021-10-29;60+;0;0,0;0;0;0;0;0;0;0;0;0;0;13;13,0;13;13;13;13;13;13;13,0;13,0;13,0;13,0;1,000000000000000;1,000000000000000;1,000000000000000;1,000000000000000;1,000000000000000;1,000000000000000;1,000000000000000;1,000000000000000;1,000000000000000;1,000000000000000;1,000000000000000
2021-10-29;alle;3;3,0;3;3;3;3;3;3;3;3;3;3;31;31,0;31;31;31;31;31;31;31,0;31,0;31,0;31,0;NA;NA;NA;NA;NA;NA;NA;NA;NA;NA;NA
2021-10-28;0-60;3;3,0;3;3;3;3;3;3;3;3;3;3;17;17,0;17;17;17;17;17;17;17,0;17,0;17,0;17,0;1,000000000000000;1,000000000000000;1,000000000000000;1,000000000000000;1,000000000000000;1,000000000000000;1,000000000000000;1,000000000000000;1,000000000000000;1,000000000000000;1,000000000000000
2021-10-28;60+;3;3,0;3;3;3;3;3;3;3;3;3;3;15;15,0;15;15;15;15;15;15;15,0;15,0;15,0;15,0;1,000000000000000;1,000000000000000;1,000000000000000;1,000000000000000;1,000000000000000;1,000000000000000;1,000000000000000;1,000000000000000;1,000000000000000;1,000000000000000;1,000000000000000
2021-10-28;alle;6;6,0;6;6;6;6;6;6;6;6;6;6;32;32,0;32;32;32;32;32;32;32,0;32,0;32,0;32,0;NA;NA;NA;NA;NA;NA;NA;NA;NA;NA;NA
2021-10-27;0-60;3;3,0;3;3;3;3;3;3;3;3;3;3;19;19,0;19;19;19;19;19;19;19,0;19,0;19,0;19,0;1,000000000000000;1,000000000000000;1,000000000000000;1,000000000000000;1,000000000000000;1,000000000000000;1,000000000000000;1,000000000000000;1,000000000000000;1,000000000000000;1,000000000000000
2021-10-27;60+;3;3,0;3;3;3;3;3;3;3;3;3;3;14;14,0;14;14;14;14;14;14;14,0;14,0;14,0;14,0;1,000000000000000;1,000000000000000;1,000000000000000;1,000000000000000;1,000000000000000;1,000000000000000;1,000000000000000;1,000000000000000;1,000000000000000;1,000000000000000;1,000000000000000
2021-10-27;alle;6;6,0;6;6;6;6;6;6;6;6;6;6;33;33,0;33;33;33;33;33;33;33,0;33,0;33,0;33,0;NA;NA;NA;NA;NA;NA;NA;NA;NA;NA;NA
2021-10-26;0-60;1;1,0;1;1;1;1;1;1;1;1;1;1;22;22,0;22;22;22;22;22;22;22,0;22,0;22,0;22,0;1,000000000000000;1,000000000000000;1,000000000000000;1,000000000000000;1,000000000000000;1,000000000000000;1,000000000000000;1,000000000000000;1,000000000000000;1,000000000000000;1,000000000000000
2021-10-26;60+;1;1,0;1;1;1;1;1;1;1;1;1;1;12;12,0;12;12;12;12;12;12;12,0;12,0;12,0;12,0;1,000000000000000;1,000000000000000;1,000000000000000;1,000000000000000;1,000000000000000;1,000000000000000;1,000000000000000;1,000000000000000;1,000000000000000;1,000000000000000;1,000000000000000
2021-10-26;alle;2;2,0;2;2;2;2;2;2;2;2;2;2;34;34,0;34;34;34;34;34;34;34,0;34,0;34,0;34,0;NA;NA;NA;NA;NA;NA;NA;NA;NA;NA;NA
2021-10-25;0-60;2;2,0;2;2;2;2;2;2;2;2;2;2;22;22,0;22;22;22;22;22;22;22,0;22,0;22,0;22,0;1,000000000000000;1,000000000000000;1,000000000000000;1,000000000000000;1,000000000000000;1,000000000000000;1,000000000000000;1,000000000000000;1,000000000000000;1,000000000000000;1,000000000000000
2021-10-25;60+;0;0,0;0;0;0;0;0;0;0;0;0;0;14;14,0;14;14;14;14;14;14;14,0;14,0;14,0;14,0;1,000000000000000;1,000000000000000;1,000000000000000;1,000000000000000;1,000000000000000;1,000000000000000;1,000000000000000;1,000000000000000;1,000000000000000;1,000000000000000;1,000000000000000
2021-10-25;alle;2;2,0;2;2;2;2;2;2;2;2;2;2;36;36,0;36;36;36;36;36;36;36,0;36,0;36,0;36,0;NA;NA;NA;NA;NA;NA;NA;NA;NA;NA;NA
2021-10-24;0-60;2;2,0;2;2;2;2;2;2;2;2;2;2;21;21,0;21;21;21;21;21;21;21,0;21,0;21,0;21,0;1,000000000000000;1,000000000000000;1,000000000000000;1,000000000000000;1,000000000000000;1,000000000000000;1,000000000000000;1,000000000000000;1,000000000000000;1,000000000000000;1,000000000000000
2021-10-24;60+;2;2,0;2;2;2;2;2;2;2;2;2;2;19;19,0;19;19;19;19;19;19;19,0;19,0;19,0;19,0;1,000000000000000;1,000000000000000;1,000000000000000;1,000000000000000;1,000000000000000;1,000000000000000;1,000000000000000;1,000000000000000;1,000000000000000;1,000000000000000;1,000000000000000
2021-10-24;alle;4;4,0;4;4;4;4;4;4;4;4;4;4;40;40,0;40;40;40;40;40;40;40,0;40,0;40,0;40,0;NA;NA;NA;NA;NA;NA;NA;NA;NA;NA;NA
2021-10-23;0-60;4;4,0;4;4;4;4;4;4;4;4;4;4;21;21,0;21;21;21;21;21;21;21,0;21,0;21,0;21,0;1,000000000000000;1,000000000000000;1,000000000000000;1,000000000000000;1,000000000000000;1,000000000000000;1,000000000000000;1,000000000000000;1,000000000000000;1,000000000000000;1,000000000000000
2021-10-23;60+;4;4,0;4;4;4;4;4;4;4;4;4;4;18;18,0;18;18;18;18;18;18;18,0;18,0;18,0;18,0;1,000000000000000;1,000000000000000;1,000000000000000;1,000000000000000;1,000000000000000;1,000000000000000;1,000000000000000;1,000000000000000;1,000000000000000;1,000000000000000;1,000000000000000
2021-10-23;alle;8;8,0;8;8;8;8;8;8;8;8;8;8;39;39,0;39;39;39;39;39;39;39,0;39,0;39,0;39,0;NA;NA;NA;NA;NA;NA;NA;NA;NA;NA;NA
2021-10-22;0-60;2;2,0;2;2;2;2;2;2;2;2;2;2;18;18,0;18;18;18;18;18;18;18,0;18,0;18,0;18,0;1,000000000000000;1,000000000000000;1,000000000000000;1,000000000000000;1,000000000000000;1,000000000000000;1,000000000000000;1,000000000000000;1,000000000000000;1,000000000000000;1,000000000000000
2021-10-22;60+;2;2,0;2;2;2;2;2;2;2;2;2;2;19;19,0;19;19;19;19;19;19;19,0;19,0;19,0;19,0;1,000000000000000;1,000000000000000;1,000000000000000;1,000000000000000;1,000000000000000;1,000000000000000;1,000000000000000;1,000000000000000;1,000000000000000;1,000000000000000;1,000000000000000
2021-10-22;alle;4;4,0;4;4;4;4;4;4;4;4;4;4;37;37,0;37;37;37;37;37;37;37,0;37,0;37,0;37,0;NA;NA;NA;NA;NA;NA;NA;NA;NA;NA;NA
2021-10-21;0-60;5;5,0;5;5;5;5;5;5;5;5;5;5;18;18,0;18;18;18;18;18;18;18,0;18,0;18,0;18,0;1,000000000000000;1,000000000000000;1,000000000000000;1,000000000000000;1,000000000000000;1,000000000000000;1,000000000000000;1,000000000000000;1,000000000000000;1,000000000000000;1,000000000000000
2021-10-21;60+;2;2,0;2;2;2;2;2;2;2;2;2;2;19;19,0;19;19;19;19;19;19;19,0;19,0;19,0;19,0;1,000000000000000;1,000000000000000;1,000000000000000;1,000000000000000;1,000000000000000;1,000000000000000;1,000000000000000;1,000000000000000;1,000000000000000;1,000000000000000;1,000000000000000
2021-10-21;alle;7;7,0;7;7;7;7;7;7;7;7;7;7;37;37,0;37;37;37;37;37;37;37,0;37,0;37,0;37,0;NA;NA;NA;NA;NA;NA;NA;NA;NA;NA;NA
2021-10-20;0-60;6;6,0;6;6;6;6;6;6;6;6;6;6;16;16,0;16;16;16;16;16;16;16,0;16,0;16,0;16,0;1,000000000000000;1,000000000000000;1,000000000000000;1,000000000000000;1,000000000000000;1,000000000000000;1,000000000000000;1,000000000000000;1,000000000000000;1,000000000000000;1,000000000000000
2021-10-20;60+;1;1,0;1;1;1;1;1;1;1;1;1;1;20;20,0;20;20;20;20;20;20;20,0;20,0;20,0;20,0;1,000000000000000;1,000000000000000;1,000000000000000;1,000000000000000;1,000000000000000;1,000000000000000;1,000000000000000;1,000000000000000;1,000000000000000;1,000000000000000;1,000000000000000
2021-10-20;alle;7;7,0;7;7;7;7;7;7;7;7;7;7;36;36,0;36;36;36;36;36;36;36,0;36,0;36,0;36,0;NA;NA;NA;NA;NA;NA;NA;NA;NA;NA;NA
2021-10-19;0-60;1;1,0;1;1;1;1;1;1;1;1;1;1;15;15,0;15;15;15;15;15;15;15,0;15,0;15,0;15,0;1,000000000000000;1,000000000000000;1,000000000000000;1,000000000000000;1,000000000000000;1,000000000000000;1,000000000000000;1,000000000000000;1,000000000000000;1,000000000000000;1,000000000000000
2021-10-19;60+;3;3,0;3;3;3;3;3;3;3;3;3;3;21;21,0;21;21;21;21;21;21;21,0;21,0;21,0;21,0;1,000000000000000;1,000000000000000;1,000000000000000;1,000000000000000;1,000000000000000;1,000000000000000;1,000000000000000;1,000000000000000;1,000000000000000;1,000000000000000;1,000000000000000
2021-10-19;alle;4;4,0;4;4;4;4;4;4;4;4;4;4;36;36,0;36;36;36;36;36;36;36,0;36,0;36,0;36,0;NA;NA;NA;NA;NA;NA;NA;NA;NA;NA;NA
2021-10-18;0-60;1;1,0;1;1;1;1;1;1;1;1;1;1;14;14,0;14;14;14;14;14;14;14,0;14,0;14,0;14,0;1,000000000000000;1,000000000000000;1,000000000000000;1,000000000000000;1,000000000000000;1,000000000000000;1,000000000000000;1,000000000000000;1,000000000000000;1,000000000000000;1,000000000000000
2021-10-18;60+;5;5,0;5;5;5;5;5;5;5;5;5;5;20;20,0;20;20;20;20;20;20;20,0;20,0;20,0;20,0;1,000000000000000;1,000000000000000;1,000000000000000;1,000000000000000;1,000000000000000;1,000000000000000;1,000000000000000;1,000000000000000;1,000000000000000;1,000000000000000;1,000000000000000
2021-10-18;alle;6;6,0;6;6;6;6;6;6;6;6;6;6;34;34,0;34;34;34;34;34;34;34,0;34,0;34,0;34,0;NA;NA;NA;NA;NA;NA;NA;NA;NA;NA;NA
2021-10-17;0-60;2;2,0;2;2;2;2;2;2;2;2;2;2;13;13,0;13;13;13;13;13;13;13,0;13,0;13,0;13,0;1,000000000000000;1,000000000000000;1,000000000000000;1,000000000000000;1,000000000000000;1,000000000000000;1,000000000000000;1,000000000000000;1,000000000000000;1,000000000000000;1,000000000000000
2021-10-17;60+;1;1,0;1;1;1;1;1;1;1;1;1;1;16;16,0;16;16;16;16;16;16;16,0;16,0;16,0;16,0;1,000000000000000;1,000000000000000;1,000000000000000;1,000000000000000;1,000000000000000;1,000000000000000;1,000000000000000;1,000000000000000;1,000000000000000;1,000000000000000;1,000000000000000
2021-10-17;alle;3;3,0;3;3;3;3;3;3;3;3;3;3;29;29,0;29;29;29;29;29;29;29,0;29,0;29,0;29,0;NA;NA;NA;NA;NA;NA;NA;NA;NA;NA;NA
2021-10-16;0-60;1;1,0;1;1;1;1;1;1;1;1;1;1;15;15,0;15;15;15;15;15;15;15,0;15,0;15,0;15,0;1,000000000000000;1,000000000000000;1,000000000000000;1,000000000000000;1,000000000000000;1,000000000000000;1,000000000000000;1,000000000000000;1,000000000000000;1,000000000000000;1,000000000000000
2021-10-16;60+;5;5,0;5;5;5;5;5;5;5;5;5;5;15;15,0;15;15;15;15;15;15;15,0;15,0;15,0;15,0;1,000000000000000;1,000000000000000;1,000000000000000;1,000000000000000;1,000000000000000;1,000000000000000;1,000000000000000;1,000000000000000;1,000000000000000;1,000000000000000;1,000000000000000
2021-10-16;alle;6;6,0;6;6;6;6;6;6;6;6;6;6;30;30,0;30;30;30;30;30;30;30,0;30,0;30,0;30,0;NA;NA;NA;NA;NA;NA;NA;NA;NA;NA;NA
2021-10-15;0-60;2;2,0;2;2;2;2;2;2;2;2;2;2;19;19,0;19;19;19;19;19;19;19,0;19,0;19,0;19,0;1,000000000000000;1,000000000000000;1,000000000000000;1,000000000000000;1,000000000000000;1,000000000000000;1,000000000000000;1,000000000000000;1,000000000000000;1,000000000000000;1,000000000000000
2021-10-15;60+;2;2,0;2;2;2;2;2;2;2;2;2;2;11;11,0;11;11;11;11;11;11;11,0;11,0;11,0;11,0;1,000000000000000;1,000000000000000;1,000000000000000;1,000000000000000;1,000000000000000;1,000000000000000;1,000000000000000;1,000000000000000;1,000000000000000;1,000000000000000;1,000000000000000
2021-10-15;alle;4;4,0;4;4;4;4;4;4;4;4;4;4;30;30,0;30;30;30;30;30;30;30,0;30,0;30,0;30,0;NA;NA;NA;NA;NA;NA;NA;NA;NA;NA;NA
2021-10-14;0-60;3;3,0;3;3;3;3;3;3;3;3;3;3;19;19,0;19;19;19;19;19;19;19,0;19,0;19,0;19,0;1,000000000000000;1,000000000000000;1,000000000000000;1,000000000000000;1,000000000000000;1,000000000000000;1,000000000000000;1,000000000000000;1,000000000000000;1,000000000000000;1,000000000000000
2021-10-14;60+;3;3,0;3;3;3;3;3;3;3;3;3;3;13;13,0;13;13;13;13;13;13;13,0;13,0;13,0;13,0;1,000000000000000;1,000000000000000;1,000000000000000;1,000000000000000;1,000000000000000;1,000000000000000;1,000000000000000;1,000000000000000;1,000000000000000;1,000000000000000;1,000000000000000
2021-10-14;alle;6;6,0;6;6;6;6;6;6;6;6;6;6;32;32,0;32;32;32;32;32;32;32,0;32,0;32,0;32,0;NA;NA;NA;NA;NA;NA;NA;NA;NA;NA;NA
2021-10-13;0-60;5;5,0;5;5;5;5;5;5;5;5;5;5;19;19,0;19;19;19;19;19;19;19,0;19,0;19,0;19,0;1,000000000000000;1,000000000000000;1,000000000000000;1,000000000000000;1,000000000000000;1,000000000000000;1,000000000000000;1,000000000000000;1,000000000000000;1,000000000000000;1,000000000000000
2021-10-13;60+;2;2,0;2;2;2;2;2;2;2;2;2;2;20;20,0;20;20;20;20;20;20;20,0;20,0;20,0;20,0;1,000000000000000;1,000000000000000;1,000000000000000;1,000000000000000;1,000000000000000;1,000000000000000;1,000000000000000;1,000000000000000;1,000000000000000;1,000000000000000;1,000000000000000
2021-10-13;alle;7;7,0;7;7;7;7;7;7;7;7;7;7;39;39,0;39;39;39;39;39;39;39,0;39,0;39,0;39,0;NA;NA;NA;NA;NA;NA;NA;NA;NA;NA;NA
2021-10-12;0-60;0;0,0;0;0;0;0;0;0;0;0;0;0;16;16,0;16;16;16;16;16;16;16,0;16,0;16,0;16,0;1,000000000000000;1,000000000000000;1,000000000000000;1,000000000000000;1,000000000000000;1,000000000000000;1,000000000000000;1,000000000000000;1,000000000000000;1,000000000000000;1,000000000000000
2021-10-12;60+;2;2,0;2;2;2;2;2;2;2;2;2;2;19;19,0;19;19;19;19;19;19;19,0;19,0;19,0;19,0;1,000000000000000;1,000000000000000;1,000000000000000;1,000000000000000;1,000000000000000;1,000000000000000;1,000000000000000;1,000000000000000;1,000000000000000;1,000000000000000;1,000000000000000
2021-10-12;alle;2;2,0;2;2;2;2;2;2;2;2;2;2;35;35,0;35;35;35;35;35;35;35,0;35,0;35,0;35,0;NA;NA;NA;NA;NA;NA;NA;NA;NA;NA;NA
2021-10-11;0-60;0;0,0;0;0;0;0;0;0;0;0;0;0;19;19,0;19;19;19;19;19;19;19,0;19,0;19,0;19,0;1,000000000000000;1,000000000000000;1,000000000000000;1,000000000000000;1,000000000000000;1,000000000000000;1,000000000000000;1,000000000000000;1,000000000000000;1,000000000000000;1,000000000000000
2021-10-11;60+;1;1,0;1;1;1;1;1;1;1;1;1;1;18;18,0;18;18;18;18;18;18;18,0;18,0;18,0;18,0;1,000000000000000;1,000000000000000;1,000000000000000;1,000000000000000;1,000000000000000;1,000000000000000;1,000000000000000;1,000000000000000;1,000000000000000;1,000000000000000;1,000000000000000
2021-10-11;alle;1;1,0;1;1;1;1;1;1;1;1;1;1;37;37,0;37;37;37;37;37;37;37,0;37,0;37,0;37,0;NA;NA;NA;NA;NA;NA;NA;NA;NA;NA;NA
2021-10-10;0-60;4;4,0;4;4;4;4;4;4;4;4;4;4;20;20,0;20;20;20;20;20;20;20,0;20,0;20,0;20,0;1,000000000000000;1,000000000000000;1,000000000000000;1,000000000000000;1,000000000000000;1,000000000000000;1,000000000000000;1,000000000000000;1,000000000000000;1,000000000000000;1,000000000000000
2021-10-10;60+;0;0,0;0;0;0;0;0;0;0;0;0;0;18;18,0;18;18;18;18;18;18;18,0;18,0;18,0;18,0;1,000000000000000;1,000000000000000;1,000000000000000;1,000000000000000;1,000000000000000;1,000000000000000;1,000000000000000;1,000000000000000;1,000000000000000;1,000000000000000;1,000000000000000
2021-10-10;alle;4;4,0;4;4;4;4;4;4;4;4;4;4;38;38,0;38;38;38;38;38;38;38,0;38,0;38,0;38,0;NA;NA;NA;NA;NA;NA;NA;NA;NA;NA;NA
2021-10-09;0-60;5;5,0;5;5;5;5;5;5;5;5;5;5;18;18,0;18;18;18;18;18;18;18,0;18,0;18,0;18,0;1,000000000000000;1,000000000000000;1,000000000000000;1,000000000000000;1,000000000000000;1,000000000000000;1,000000000000000;1,000000000000000;1,000000000000000;1,000000000000000;1,000000000000000
2021-10-09;60+;1;1,0;1;1;1;1;1;1;1;1;1;1;22;22,0;22;22;22;22;22;22;22,0;22,0;22,0;22,0;1,000000000000000;1,000000000000000;1,000000000000000;1,000000000000000;1,000000000000000;1,000000000000000;1,000000000000000;1,000000000000000;1,000000000000000;1,000000000000000;1,000000000000000
2021-10-09;alle;6;6,0;6;6;6;6;6;6;6;6;6;6;40;40,0;40;40;40;40;40;40;40,0;40,0;40,0;40,0;NA;NA;NA;NA;NA;NA;NA;NA;NA;NA;NA
2021-10-08;0-60;2;2,0;2;2;2;2;2;2;2;2;2;2;15;15,0;15;15;15;15;15;15;15,0;15,0;15,0;15,0;1,000000000000000;1,000000000000000;1,000000000000000;1,000000000000000;1,000000000000000;1,000000000000000;1,000000000000000;1,000000000000000;1,000000000000000;1,000000000000000;1,000000000000000
2021-10-08;60+;4;4,0;4;4;4;4;4;4;4;4;4;4;24;24,0;24;24;24;24;24;24;24,0;24,0;24,0;24,0;1,000000000000000;1,000000000000000;1,000000000000000;1,000000000000000;1,000000000000000;1,000000000000000;1,000000000000000;1,000000000000000;1,000000000000000;1,000000000000000;1,000000000000000
2021-10-08;alle;6;6,0;6;6;6;6;6;6;6;6;6;6;39;39,0;39;39;39;39;39;39;39,0;39,0;39,0;39,0;NA;NA;NA;NA;NA;NA;NA;NA;NA;NA;NA
2021-10-07;0-60;3;3,0;3;3;3;3;3;3;3;3;3;3;14;14,0;14;14;14;14;14;14;14,0;14,0;14,0;14,0;1,000000000000000;1,000000000000000;1,000000000000000;1,000000000000000;1,000000000000000;1,000000000000000;1,000000000000000;1,000000000000000;1,000000000000000;1,000000000000000;1,000000000000000
2021-10-07;60+;10;10,0;10;10;10;10;10;10;10;10;10;10;27;27,0;27;27;27;27;27;27;27,0;27,0;27,0;27,0;1,000000000000000;1,000000000000000;1,000000000000000;1,000000000000000;1,000000000000000;1,000000000000000;1,000000000000000;1,000000000000000;1,000000000000000;1,000000000000000;1,000000000000000
2021-10-07;alle;13;13,0;13;13;13;13;13;13;13;13;13;13;41;41,0;41;41;41;41;41;41;41,0;41,0;41,0;41,0;NA;NA;NA;NA;NA;NA;NA;NA;NA;NA;NA
2021-10-06;0-60;2;2,0;2;2;2;2;2;2;2;2;2;2;15;15,0;15;15;15;15;15;15;15,0;15,0;15,0;15,0;1,000000000000000;1,000000000000000;1,000000000000000;1,000000000000000;1,000000000000000;1,000000000000000;1,000000000000000;1,000000000000000;1,000000000000000;1,000000000000000;1,000000000000000
2021-10-06;60+;1;1,0;1;1;1;1;1;1;1;1;1;1;22;22,0;22;22;22;22;22;22;22,0;22,0;22,0;22,0;1,000000000000000;1,000000000000000;1,000000000000000;1,000000000000000;1,000000000000000;1,000000000000000;1,000000000000000;1,000000000000000;1,000000000000000;1,000000000000000;1,000000000000000
2021-10-06;alle;3;3,0;3;3;3;3;3;3;3;3;3;3;37;37,0;37;37;37;37;37;37;37,0;37,0;37,0;37,0;NA;NA;NA;NA;NA;NA;NA;NA;NA;NA;NA
2021-10-05;0-60;3;3,0;3;3;3;3;3;3;3;3;3;3;19;19,0;19;19;19;19;19;19;19,0;19,0;19,0;19,0;1,000000000000000;1,000000000000000;1,000000000000000;1,000000000000000;1,000000000000000;1,000000000000000;1,000000000000000;1,000000000000000;1,000000000000000;1,000000000000000;1,000000000000000
2021-10-05;60+;1;1,0;1;1;1;1;1;1;1;1;1;1;27;27,0;27;27;27;27;27;27;27,0;27,0;27,0;27,0;1,000000000000000;1,000000000000000;1,000000000000000;1,000000000000000;1,000000000000000;1,000000000000000;1,000000000000000;1,000000000000000;1,000000000000000;1,000000000000000;1,000000000000000
2021-10-05;alle;4;4,0;4;4;4;4;4;4;4;4;4;4;46;46,0;46;46;46;46;46;46;46,0;46,0;46,0;46,0;NA;NA;NA;NA;NA;NA;NA;NA;NA;NA;NA
2021-10-04;0-60;1;1,0;1;1;1;1;1;1;1;1;1;1;18;18,0;18;18;18;18;18;18;18,0;18,0;18,0;18,0;1,000000000000000;1,000000000000000;1,000000000000000;1,000000000000000;1,000000000000000;1,000000000000000;1,000000000000000;1,000000000000000;1,000000000000000;1,000000000000000;1,000000000000000
2021-10-04;60+;1;1,0;1;1;1;1;1;1;1;1;1;1;29;29,0;29;29;29;29;29;29;29,0;29,0;29,0;29,0;1,000000000000000;1,000000000000000;1,000000000000000;1,000000000000000;1,000000000000000;1,000000000000000;1,000000000000000;1,000000000000000;1,000000000000000;1,000000000000000;1,000000000000000
2021-10-04;alle;2;2,0;2;2;2;2;2;2;2;2;2;2;47;47,0;47;47;47;47;47;47;47,0;47,0;47,0;47,0;NA;NA;NA;NA;NA;NA;NA;NA;NA;NA;NA
2021-10-03;0-60;2;2,0;2;2;2;2;2;2;2;2;2;2;18;18,0;18;18;18;18;18;18;18,0;18,0;18,0;18,0;1,000000000000000;1,000000000000000;1,000000000000000;1,000000000000000;1,000000000000000;1,000000000000000;1,000000000000000;1,000000000000000;1,000000000000000;1,000000000000000;1,000000000000000
2021-10-03;60+;4;4,0;4;4;4;4;4;4;4;4;4;4;29;29,0;29;29;29;29;29;29;29,0;29,0;29,0;29,0;1,000000000000000;1,000000000000000;1,000000000000000;1,000000000000000;1,000000000000000;1,000000000000000;1,000000000000000;1,000000000000000;1,000000000000000;1,000000000000000;1,000000000000000
2021-10-03;alle;6;6,0;6;6;6;6;6;6;6;6;6;6;47;47,0;47;47;47;47;47;47;47,0;47,0;47,0;47,0;NA;NA;NA;NA;NA;NA;NA;NA;NA;NA;NA
2021-10-02;0-60;2;2,0;2;2;2;2;2;2;2;2;2;2;22;22,0;22;22;22;22;22;22;22,0;22,0;22,0;22,0;1,000000000000000;1,000000000000000;1,000000000000000;1,000000000000000;1,000000000000000;1,000000000000000;1,000000000000000;1,000000000000000;1,000000000000000;1,000000000000000;1,000000000000000
2021-10-02;60+;3;3,0;3;3;3;3;3;3;3;3;3;3;26;26,0;26;26;26;26;26;26;26,0;26,0;26,0;26,0;1,000000000000000;1,000000000000000;1,000000000000000;1,000000000000000;1,000000000000000;1,000000000000000;1,000000000000000;1,000000000000000;1,000000000000000;1,000000000000000;1,000000000000000
2021-10-02;alle;5;5,0;5;5;5;5;5;5;5;5;5;5;48;48,0;48;48;48;48;48;48;48,0;48,0;48,0;48,0;NA;NA;NA;NA;NA;NA;NA;NA;NA;NA;NA
2021-10-01;0-60;1;1,0;1;1;1;1;1;1;1;1;1;1;21;21,0;21;21;21;21;21;21;21,0;21,0;21,0;21,0;1,000000000000000;1,000000000000000;1,000000000000000;1,000000000000000;1,000000000000000;1,000000000000000;1,000000000000000;1,000000000000000;1,000000000000000;1,000000000000000;1,000000000000000
2021-10-01;60+;7;7,0;7;7;7;7;7;7;7;7;7;7;24;24,0;24;24;24;24;24;24;24,0;24,0;24,0;24,0;1,000000000000000;1,000000000000000;1,000000000000000;1,000000000000000;1,000000000000000;1,000000000000000;1,000000000000000;1,000000000000000;1,000000000000000;1,000000000000000;1,000000000000000
2021-10-01;alle;8;8,0;8;8;8;8;8;8;8;8;8;8;45;45,0;45;45;45;45;45;45;45,0;45,0;45,0;45,0;NA;NA;NA;NA;NA;NA;NA;NA;NA;NA;NA
2021-09-30;0-60;4;4,0;4;4;4;4;4;4;4;4;4;4;23;23,0;23;23;23;23;23;23;23,0;23,0;23,0;23,0;1,000000000000000;1,000000000000000;1,000000000000000;1,000000000000000;1,000000000000000;1,000000000000000;1,000000000000000;1,000000000000000;1,000000000000000;1,000000000000000;1,000000000000000
2021-09-30;60+;5;5,0;5;5;5;5;5;5;5;5;5;5;18;18,0;18;18;18;18;18;18;18,0;18,0;18,0;18,0;1,000000000000000;1,000000000000000;1,000000000000000;1,000000000000000;1,000000000000000;1,000000000000000;1,000000000000000;1,000000000000000;1,000000000000000;1,000000000000000;1,000000000000000
2021-09-30;alle;9;9,0;9;9;9;9;9;9;9;9;9;9;41;41,0;41;41;41;41;41;41;41,0;41,0;41,0;41,0;NA;NA;NA;NA;NA;NA;NA;NA;NA;NA;NA
2021-09-29;0-60;6;6,0;6;6;6;6;6;6;6;6;6;6;22;22,0;22;22;22;22;22;22;22,0;22,0;22,0;22,0;1,000000000000000;1,000000000000000;1,000000000000000;1,000000000000000;1,000000000000000;1,000000000000000;1,000000000000000;1,000000000000000;1,000000000000000;1,000000000000000;1,000000000000000
2021-09-29;60+;6;6,0;6;6;6;6;6;6;6;6;6;6;14;14,0;14;14;14;14;14;14;14,0;14,0;14,0;14,0;1,000000000000000;1,000000000000000;1,000000000000000;1,000000000000000;1,000000000000000;1,000000000000000;1,000000000000000;1,000000000000000;1,000000000000000;1,000000000000000;1,000000000000000
2021-09-29;alle;12;12,0;12;12;12;12;12;12;12;12;12;12;36;36,0;36;36;36;36;36;36;36,0;36,0;36,0;36,0;NA;NA;NA;NA;NA;NA;NA;NA;NA;NA;NA
2021-09-28;0-60;2;2,0;2;2;2;2;2;2;2;2;2;2;21;21,0;21;21;21;21;21;21;21,0;21,0;21,0;21,0;1,000000000000000;1,000000000000000;1,000000000000000;1,000000000000000;1,000000000000000;1,000000000000000;1,000000000000000;1,000000000000000;1,000000000000000;1,000000000000000;1,000000000000000
2021-09-28;60+;3;3,0;3;3;3;3;3;3;3;3;3;3;12;12,0;12;12;12;12;12;12;12,0;12,0;12,0;12,0;1,000000000000000;1,000000000000000;1,000000000000000;1,000000000000000;1,000000000000000;1,000000000000000;1,000000000000000;1,000000000000000;1,000000000000000;1,000000000000000;1,000000000000000
2021-09-28;alle;5;5,0;5;5;5;5;5;5;5;5;5;5;33;33,0;33;33;33;33;33;33;33,0;33,0;33,0;33,0;NA;NA;NA;NA;NA;NA;NA;NA;NA;NA;NA
2021-09-27;0-60;1;1,0;1;1;1;1;1;1;1;1;1;1;20;20,0;20;20;20;20;20;20;20,0;20,0;20,0;20,0;1,000000000000000;1,000000000000000;1,000000000000000;1,000000000000000;1,000000000000000;1,000000000000000;1,000000000000000;1,000000000000000;1,000000000000000;1,000000000000000;1,000000000000000
2021-09-27;60+;1;1,0;1;1;1;1;1;1;1;1;1;1;12;12,0;12;12;12;12;12;12;12,0;12,0;12,0;12,0;1,000000000000000;1,000000000000000;1,000000000000000;1,000000000000000;1,000000000000000;1,000000000000000;1,000000000000000;1,000000000000000;1,000000000000000;1,000000000000000;1,000000000000000
2021-09-27;alle;2;2,0;2;2;2;2;2;2;2;2;2;2;32;32,0;32;32;32;32;32;32;32,0;32,0;32,0;32,0;NA;NA;NA;NA;NA;NA;NA;NA;NA;NA;NA
2021-09-26;0-60;6;6,0;6;6;6;6;6;6;6;6;6;6;20;20,0;20;20;20;20;20;20;20,0;20,0;20,0;20,0;1,000000000000000;1,000000000000000;1,000000000000000;1,000000000000000;1,000000000000000;1,000000000000000;1,000000000000000;1,000000000000000;1,000000000000000;1,000000000000000;1,000000000000000
2021-09-26;60+;1;1,0;1;1;1;1;1;1;1;1;1;1;12;12,0;12;12;12;12;12;12;12,0;12,0;12,0;12,0;1,000000000000000;1,000000000000000;1,000000000000000;1,000000000000000;1,000000000000000;1,000000000000000;1,000000000000000;1,000000000000000;1,000000000000000;1,000000000000000;1,000000000000000
2021-09-26;alle;7;7,0;7;7;7;7;7;7;7;7;7;7;32;32,0;32;32;32;32;32;32;32,0;32,0;32,0;32,0;NA;NA;NA;NA;NA;NA;NA;NA;NA;NA;NA
2021-09-25;0-60;1;1,0;1;1;1;1;1;1;1;1;1;1;19;19,0;19;19;19;19;19;19;19,0;19,0;19,0;19,0;1,000000000000000;1,000000000000000;1,000000000000000;1,000000000000000;1,000000000000000;1,000000000000000;1,000000000000000;1,000000000000000;1,000000000000000;1,000000000000000;1,000000000000000
2021-09-25;60+;1;1,0;1;1;1;1;1;1;1;1;1;1;11;11,0;11;11;11;11;11;11;11,0;11,0;11,0;11,0;1,000000000000000;1,000000000000000;1,000000000000000;1,000000000000000;1,000000000000000;1,000000000000000;1,000000000000000;1,000000000000000;1,000000000000000;1,000000000000000;1,000000000000000
2021-09-25;alle;2;2,0;2;2;2;2;2;2;2;2;2;2;30;30,0;30;30;30;30;30;30;30,0;30,0;30,0;30,0;NA;NA;NA;NA;NA;NA;NA;NA;NA;NA;NA
2021-09-24;0-60;3;3,0;3;3;3;3;3;3;3;3;3;3;21;21,0;21;21;21;21;21;21;21,0;21,0;21,0;21,0;1,000000000000000;1,000000000000000;1,000000000000000;1,000000000000000;1,000000000000000;1,000000000000000;1,000000000000000;1,000000000000000;1,000000000000000;1,000000000000000;1,000000000000000
2021-09-24;60+;1;1,0;1;1;1;1;1;1;1;1;1;1;12;12,0;12;12;12;12;12;12;12,0;12,0;12,0;12,0;1,000000000000000;1,000000000000000;1,000000000000000;1,000000000000000;1,000000000000000;1,000000000000000;1,000000000000000;1,000000000000000;1,000000000000000;1,000000000000000;1,000000000000000
2021-09-24;alle;4;4,0;4;4;4;4;4;4;4;4;4;4;33;33,0;33;33;33;33;33;33;33,0;33,0;33,0;33,0;NA;NA;NA;NA;NA;NA;NA;NA;NA;NA;NA
2021-09-23;0-60;3;3,0;3;3;3;3;3;3;3;3;3;3;22;22,0;22;22;22;22;22;22;22,0;22,0;22,0;22,0;1,000000000000000;1,000000000000000;1,000000000000000;1,000000000000000;1,000000000000000;1,000000000000000;1,000000000000000;1,000000000000000;1,000000000000000;1,000000000000000;1,000000000000000
2021-09-23;60+;1;1,0;1;1;1;1;1;1;1;1;1;1;12;12,0;12;12;12;12;12;12;12,0;12,0;12,0;12,0;1,000000000000000;1,000000000000000;1,000000000000000;1,000000000000000;1,000000000000000;1,000000000000000;1,000000000000000;1,000000000000000;1,000000000000000;1,000000000000000;1,000000000000000
2021-09-23;alle;4;4,0;4;4;4;4;4;4;4;4;4;4;34;34,0;34;34;34;34;34;34;34,0;34,0;34,0;34,0;NA;NA;NA;NA;NA;NA;NA;NA;NA;NA;NA
2021-09-22;0-60;5;5,0;5;5;5;5;5;5;5;5;5;5;24;24,0;24;24;24;24;24;24;24,0;24,0;24,0;24,0;1,000000000000000;1,000000000000000;1,000000000000000;1,000000000000000;1,000000000000000;1,000000000000000;1,000000000000000;1,000000000000000;1,000000000000000;1,000000000000000;1,000000000000000
2021-09-22;60+;4;4,0;4;4;4;4;4;4;4;4;4;4;14;14,0;14;14;14;14;14;14;14,0;14,0;14,0;14,0;1,000000000000000;1,000000000000000;1,000000000000000;1,000000000000000;1,000000000000000;1,000000000000000;1,000000000000000;1,000000000000000;1,000000000000000;1,000000000000000;1,000000000000000
2021-09-22;alle;9;9,0;9;9;9;9;9;9;9;9;9;9;38;38,0;38;38;38;38;38;38;38,0;38,0;38,0;38,0;NA;NA;NA;NA;NA;NA;NA;NA;NA;NA;NA
2021-09-21;0-60;1;1,0;1;1;1;1;1;1;1;1;1;1;25;25,0;25;25;25;25;25;25;25,0;25,0;25,0;25,0;1,000000000000000;1,000000000000000;1,000000000000000;1,000000000000000;1,000000000000000;1,000000000000000;1,000000000000000;1,000000000000000;1,000000000000000;1,000000000000000;1,000000000000000
2021-09-21;60+;3;3,0;3;3;3;3;3;3;3;3;3;3;11;11,0;11;11;11;11;11;11;11,0;11,0;11,0;11,0;1,000000000000000;1,000000000000000;1,000000000000000;1,000000000000000;1,000000000000000;1,000000000000000;1,000000000000000;1,000000000000000;1,000000000000000;1,000000000000000;1,000000000000000
2021-09-21;alle;4;4,0;4;4;4;4;4;4;4;4;4;4;36;36,0;36;36;36;36;36;36;36,0;36,0;36,0;36,0;NA;NA;NA;NA;NA;NA;NA;NA;NA;NA;NA
2021-09-20;0-60;1;1,0;1;1;1;1;1;1;1;1;1;1;25;25,0;25;25;25;25;25;25;25,0;25,0;25,0;25,0;1,000000000000000;1,000000000000000;1,000000000000000;1,000000000000000;1,000000000000000;1,000000000000000;1,000000000000000;1,000000000000000;1,000000000000000;1,000000000000000;1,000000000000000
2021-09-20;60+;1;1,0;1;1;1;1;1;1;1;1;1;1;9;9,0;9;9;9;9;9;9;9,0;9,0;9,0;9,0;1,000000000000000;1,000000000000000;1,000000000000000;1,000000000000000;1,000000000000000;1,000000000000000;1,000000000000000;1,000000000000000;1,000000000000000;1,000000000000000;1,000000000000000
2021-09-20;alle;2;2,0;2;2;2;2;2;2;2;2;2;2;34;34,0;34;34;34;34;34;34;34,0;34,0;34,0;34,0;NA;NA;NA;NA;NA;NA;NA;NA;NA;NA;NA
2021-09-19;0-60;5;5,0;5;5;5;5;5;5;5;5;5;5;27;27,0;27;27;27;27;27;27;27,0;27,0;27,0;27,0;1,000000000000000;1,000000000000000;1,000000000000000;1,000000000000000;1,000000000000000;1,000000000000000;1,000000000000000;1,000000000000000;1,000000000000000;1,000000000000000;1,000000000000000
2021-09-19;60+;0;0,0;0;0;0;0;0;0;0;0;0;0;10;10,0;10;10;10;10;10;10;10,0;10,0;10,0;10,0;1,000000000000000;1,000000000000000;1,000000000000000;1,000000000000000;1,000000000000000;1,000000000000000;1,000000000000000;1,000000000000000;1,000000000000000;1,000000000000000;1,000000000000000
2021-09-19;alle;5;5,0;5;5;5;5;5;5;5;5;5;5;37;37,0;37;37;37;37;37;37;37,0;37,0;37,0;37,0;NA;NA;NA;NA;NA;NA;NA;NA;NA;NA;NA
2021-09-18;0-60;3;3,0;3;3;3;3;3;3;3;3;3;3;24;24,0;24;24;24;24;24;24;24,0;24,0;24,0;24,0;1,000000000000000;1,000000000000000;1,000000000000000;1,000000000000000;1,000000000000000;1,000000000000000;1,000000000000000;1,000000000000000;1,000000000000000;1,000000000000000;1,000000000000000
2021-09-18;60+;2;2,0;2;2;2;2;2;2;2;2;2;2;12;12,0;12;12;12;12;12;12;12,0;12,0;12,0;12,0;1,000000000000000;1,000000000000000;1,000000000000000;1,000000000000000;1,000000000000000;1,000000000000000;1,000000000000000;1,000000000000000;1,000000000000000;1,000000000000000;1,000000000000000
2021-09-18;alle;5;5,0;5;5;5;5;5;5;5;5;5;5;36;36,0;36;36;36;36;36;36;36,0;36,0;36,0;36,0;NA;NA;NA;NA;NA;NA;NA;NA;NA;NA;NA
2021-09-17;0-60;4;4,0;4;4;4;4;4;4;4;4;4;4;28;28,0;28;28;28;28;28;28;28,0;28,0;28,0;28,0;1,000000000000000;1,000000000000000;1,000000000000000;1,000000000000000;1,000000000000000;1,000000000000000;1,000000000000000;1,000000000000000;1,000000000000000;1,000000000000000;1,000000000000000
2021-09-17;60+;1;1,0;1;1;1;1;1;1;1;1;1;1;12;12,0;12;12;12;12;12;12;12,0;12,0;12,0;12,0;1,000000000000000;1,000000000000000;1,000000000000000;1,000000000000000;1,000000000000000;1,000000000000000;1,000000000000000;1,000000000000000;1,000000000000000;1,000000000000000;1,000000000000000
2021-09-17;alle;5;5,0;5;5;5;5;5;5;5;5;5;5;40;40,0;40;40;40;40;40;40;40,0;40,0;40,0;40,0;NA;NA;NA;NA;NA;NA;NA;NA;NA;NA;NA
2021-09-16;0-60;5;5,0;5;5;5;5;5;5;5;5;5;5;28;28,0;28;28;28;28;28;28;28,0;28,0;28,0;28,0;1,000000000000000;1,000000000000000;1,000000000000000;1,000000000000000;1,000000000000000;1,000000000000000;1,000000000000000;1,000000000000000;1,000000000000000;1,000000000000000;1,000000000000000
2021-09-16;60+;3;3,0;3;3;3;3;3;3;3;3;3;3;12;12,0;12;12;12;12;12;12;12,0;12,0;12,0;12,0;1,000000000000000;1,000000000000000;1,000000000000000;1,000000000000000;1,000000000000000;1,000000000000000;1,000000000000000;1,000000000000000;1,000000000000000;1,000000000000000;1,000000000000000
2021-09-16;alle;8;8,0;8;8;8;8;8;8;8;8;8;8;40;40,0;40;40;40;40;40;40;40,0;40,0;40,0;40,0;NA;NA;NA;NA;NA;NA;NA;NA;NA;NA;NA
2021-09-15;0-60;6;6,0;6;6;6;6;6;6;6;6;6;6;26;26,0;26;26;26;26;26;26;26,0;26,0;26,0;26,0;1,000000000000000;1,000000000000000;1,000000000000000;1,000000000000000;1,000000000000000;1,000000000000000;1,000000000000000;1,000000000000000;1,000000000000000;1,000000000000000;1,000000000000000
2021-09-15;60+;1;1,0;1;1;1;1;1;1;1;1;1;1;9;9,0;9;9;9;9;9;9;9,0;9,0;9,0;9,0;1,000000000000000;1,000000000000000;1,000000000000000;1,000000000000000;1,000000000000000;1,000000000000000;1,000000000000000;1,000000000000000;1,000000000000000;1,000000000000000;1,000000000000000
2021-09-15;alle;7;7,0;7;7;7;7;7;7;7;7;7;7;35;35,0;35;35;35;35;35;35;35,0;35,0;35,0;35,0;NA;NA;NA;NA;NA;NA;NA;NA;NA;NA;NA
2021-09-14;0-60;1;1,0;1;1;1;1;1;1;1;1;1;1;27;27,0;27;27;27;27;27;27;27,0;27,0;27,0;27,0;1,000000000000000;1,000000000000000;1,000000000000000;1,000000000000000;1,000000000000000;1,000000000000000;1,000000000000000;1,000000000000000;1,000000000000000;1,000000000000000;1,000000000000000
2021-09-14;60+;1;1,0;1;1;1;1;1;1;1;1;1;1;13;13,0;13;13;13;13;13;13;13,0;13,0;13,0;13,0;1,000000000000000;1,000000000000000;1,000000000000000;1,000000000000000;1,000000000000000;1,000000000000000;1,000000000000000;1,000000000000000;1,000000000000000;1,000000000000000;1,000000000000000
2021-09-14;alle;2;2,0;2;2;2;2;2;2;2;2;2;2;40;40,0;40;40;40;40;40;40;40,0;40,0;40,0;40,0;NA;NA;NA;NA;NA;NA;NA;NA;NA;NA;NA
2021-09-13;0-60;3;3,0;3;3;3;3;3;3;3;3;3;3;26;26,0;26;26;26;26;26;26;26,0;26,0;26,0;26,0;1,000000000000000;1,000000000000000;1,000000000000000;1,000000000000000;1,000000000000000;1,000000000000000;1,000000000000000;1,000000000000000;1,000000000000000;1,000000000000000;1,000000000000000
2021-09-13;60+;2;2,0;2;2;2;2;2;2;2;2;2;2;12;12,0;12;12;12;12;12;12;12,0;12,0;12,0;12,0;1,000000000000000;1,000000000000000;1,000000000000000;1,000000000000000;1,000000000000000;1,000000000000000;1,000000000000000;1,000000000000000;1,000000000000000;1,000000000000000;1,000000000000000
2021-09-13;alle;5;5,0;5;5;5;5;5;5;5;5;5;5;38;38,0;38;38;38;38;38;38;38,0;38,0;38,0;38,0;NA;NA;NA;NA;NA;NA;NA;NA;NA;NA;NA
2021-09-12;0-60;2;2,0;2;2;2;2;2;2;2;2;2;2;25;25,0;25;25;25;25;25;25;25,0;25,0;25,0;25,0;1,000000000000000;1,000000000000000;1,000000000000000;1,000000000000000;1,000000000000000;1,000000000000000;1,000000000000000;1,000000000000000;1,000000000000000;1,000000000000000;1,000000000000000
2021-09-12;60+;2;2,0;2;2;2;2;2;2;2;2;2;2;12;12,0;12;12;12;12;12;12;12,0;12,0;12,0;12,0;1,000000000000000;1,000000000000000;1,000000000000000;1,000000000000000;1,000000000000000;1,000000000000000;1,000000000000000;1,000000000000000;1,000000000000000;1,000000000000000;1,000000000000000
2021-09-12;alle;4;4,0;4;4;4;4;4;4;4;4;4;4;37;37,0;37;37;37;37;37;37;37,0;37,0;37,0;37,0;NA;NA;NA;NA;NA;NA;NA;NA;NA;NA;NA
2021-09-11;0-60;7;7,0;7;7;7;7;7;7;7;7;7;7;28;28,0;28;28;28;28;28;28;28,0;28,0;28,0;28,0;1,000000000000000;1,000000000000000;1,000000000000000;1,000000000000000;1,000000000000000;1,000000000000000;1,000000000000000;1,000000000000000;1,000000000000000;1,000000000000000;1,000000000000000
2021-09-11;60+;2;2,0;2;2;2;2;2;2;2;2;2;2;14;14,0;14;14;14;14;14;14;14,0;14,0;14,0;14,0;1,000000000000000;1,000000000000000;1,000000000000000;1,000000000000000;1,000000000000000;1,000000000000000;1,000000000000000;1,000000000000000;1,000000000000000;1,000000000000000;1,000000000000000
2021-09-11;alle;9;9,0;9;9;9;9;9;9;9;9;9;9;42;42,0;42;42;42;42;42;42;42,0;42,0;42,0;42,0;NA;NA;NA;NA;NA;NA;NA;NA;NA;NA;NA
2021-09-10;0-60;4;4,0;4;4;4;4;4;4;4;4;4;4;25;25,0;25;25;25;25;25;25;25,0;25,0;25,0;25,0;1,000000000000000;1,000000000000000;1,000000000000000;1,000000000000000;1,000000000000000;1,000000000000000;1,000000000000000;1,000000000000000;1,000000000000000;1,000000000000000;1,000000000000000
2021-09-10;60+;1;1,0;1;1;1;1;1;1;1;1;1;1;13;13,0;13;13;13;13;13;13;13,0;13,0;13,0;13,0;1,000000000000000;1,000000000000000;1,000000000000000;1,000000000000000;1,000000000000000;1,000000000000000;1,000000000000000;1,000000000000000;1,000000000000000;1,000000000000000;1,000000000000000
2021-09-10;alle;5;5,0;5;5;5;5;5;5;5;5;5;5;38;38,0;38;38;38;38;38;38;38,0;38,0;38,0;38,0;NA;NA;NA;NA;NA;NA;NA;NA;NA;NA;NA
2021-09-09;0-60;3;3,0;3;3;3;3;3;3;3;3;3;3;27;27,0;27;27;27;27;27;27;27,0;27,0;27,0;27,0;1,000000000000000;1,000000000000000;1,000000000000000;1,000000000000000;1,000000000000000;1,000000000000000;1,000000000000000;1,000000000000000;1,000000000000000;1,000000000000000;1,000000000000000
2021-09-09;60+;0;0,0;0;0;0;0;0;0;0;0;0;0;12;12,0;12;12;12;12;12;12;12,0;12,0;12,0;12,0;1,000000000000000;1,000000000000000;1,000000000000000;1,000000000000000;1,000000000000000;1,000000000000000;1,000000000000000;1,000000000000000;1,000000000000000;1,000000000000000;1,000000000000000
2021-09-09;alle;3;3,0;3;3;3;3;3;3;3;3;3;3;39;39,0;39;39;39;39;39;39;39,0;39,0;39,0;39,0;NA;NA;NA;NA;NA;NA;NA;NA;NA;NA;NA
2021-09-08;0-60;7;7,0;7;7;7;7;7;7;7;7;7;7;27;27,0;27;27;27;27;27;27;27,0;27,0;27,0;27,0;1,000000000000000;1,000000000000000;1,000000000000000;1,000000000000000;1,000000000000000;1,000000000000000;1,000000000000000;1,000000000000000;1,000000000000000;1,000000000000000;1,000000000000000
2021-09-08;60+;5;5,0;5;5;5;5;5;5;5;5;5;5;12;12,0;12;12;12;12;12;12;12,0;12,0;12,0;12,0;1,000000000000000;1,000000000000000;1,000000000000000;1,000000000000000;1,000000000000000;1,000000000000000;1,000000000000000;1,000000000000000;1,000000000000000;1,000000000000000;1,000000000000000
2021-09-08;alle;12;12,0;12;12;12;12;12;12;12;12;12;12;39;39,0;39;39;39;39;39;39;39,0;39,0;39,0;39,0;NA;NA;NA;NA;NA;NA;NA;NA;NA;NA;NA
2021-09-07;0-60;0;0,0;0;0;0;0;0;0;0;0;0;0;24;24,0;24;24;24;24;24;24;24,0;24,0;24,0;24,0;1,000000000000000;1,000000000000000;1,000000000000000;1,000000000000000;1,000000000000000;1,000000000000000;1,000000000000000;1,000000000000000;1,000000000000000;1,000000000000000;1,000000000000000
2021-09-07;60+;0;0,0;0;0;0;0;0;0;0;0;0;0;9;9,0;9;9;9;9;9;9;9,0;9,0;9,0;9,0;1,000000000000000;1,000000000000000;1,000000000000000;1,000000000000000;1,000000000000000;1,000000000000000;1,000000000000000;1,000000000000000;1,000000000000000;1,000000000000000;1,000000000000000
2021-09-07;alle;0;0,0;0;0;0;0;0;0;0;0;0;0;33;33,0;33;33;33;33;33;33;33,0;33,0;33,0;33,0;NA;NA;NA;NA;NA;NA;NA;NA;NA;NA;NA
2021-09-06;0-60;2;2,0;2;2;2;2;2;2;2;2;2;2;31;31,0;31;31;31;31;31;31;31,0;31,0;31,0;31,0;1,000000000000000;1,000000000000000;1,000000000000000;1,000000000000000;1,000000000000000;1,000000000000000;1,000000000000000;1,000000000000000;1,000000000000000;1,000000000000000;1,000000000000000
2021-09-06;60+;2;2,0;2;2;2;2;2;2;2;2;2;2;11;11,0;11;11;11;11;11;11;11,0;11,0;11,0;11,0;1,000000000000000;1,000000000000000;1,000000000000000;1,000000000000000;1,000000000000000;1,000000000000000;1,000000000000000;1,000000000000000;1,000000000000000;1,000000000000000;1,000000000000000
2021-09-06;alle;4;4,0;4;4;4;4;4;4;4;4;4;4;42;42,0;42;42;42;42;42;42;42,0;42,0;42,0;42,0;NA;NA;NA;NA;NA;NA;NA;NA;NA;NA;NA
2021-09-05;0-60;5;5,0;5;5;5;5;5;5;5;5;5;5;33;33,0;33;33;33;33;33;33;33,0;33,0;33,0;33,0;1,000000000000000;1,000000000000000;1,000000000000000;1,000000000000000;1,000000000000000;1,000000000000000;1,000000000000000;1,000000000000000;1,000000000000000;1,000000000000000;1,000000000000000
2021-09-05;60+;4;4,0;4;4;4;4;4;4;4;4;4;4;10;10,0;10;10;10;10;10;10;10,0;10,0;10,0;10,0;1,000000000000000;1,000000000000000;1,000000000000000;1,000000000000000;1,000000000000000;1,000000000000000;1,000000000000000;1,000000000000000;1,000000000000000;1,000000000000000;1,000000000000000
2021-09-05;alle;9;9,0;9;9;9;9;9;9;9;9;9;9;43;43,0;43;43;43;43;43;43;43,0;43,0;43,0;43,0;NA;NA;NA;NA;NA;NA;NA;NA;NA;NA;NA
2021-09-04;0-60;4;4,0;4;4;4;4;4;4;4;4;4;4;32;32,0;32;32;32;32;32;32;32,0;32,0;32,0;32,0;1,000000000000000;1,000000000000000;1,000000000000000;1,000000000000000;1,000000000000000;1,000000000000000;1,000000000000000;1,000000000000000;1,000000000000000;1,000000000000000;1,000000000000000
2021-09-04;60+;1;1,0;1;1;1;1;1;1;1;1;1;1;8;8,0;8;8;8;8;8;8;8,0;8,0;8,0;8,0;1,000000000000000;1,000000000000000;1,000000000000000;1,000000000000000;1,000000000000000;1,000000000000000;1,000000000000000;1,000000000000000;1,000000000000000;1,000000000000000;1,000000000000000
2021-09-04;alle;5;5,0;5;5;5;5;5;5;5;5;5;5;40;40,0;40;40;40;40;40;40;40,0;40,0;40,0;40,0;NA;NA;NA;NA;NA;NA;NA;NA;NA;NA;NA
2021-09-03;0-60;6;6,0;6;6;6;6;6;6;6;6;6;6;43;43,0;43;43;43;43;43;43;43,0;43,0;43,0;43,0;1,000000000000000;1,000000000000000;1,000000000000000;1,000000000000000;1,000000000000000;1,000000000000000;1,000000000000000;1,000000000000000;1,000000000000000;1,000000000000000;1,000000000000000
2021-09-03;60+;0;0,0;0;0;0;0;0;0;0;0;0;0;8;8,0;8;8;8;8;8;8;8,0;8,0;8,0;8,0;1,000000000000000;1,000000000000000;1,000000000000000;1,000000000000000;1,000000000000000;1,000000000000000;1,000000000000000;1,000000000000000;1,000000000000000;1,000000000000000;1,000000000000000
2021-09-03;alle;6;6,0;6;6;6;6;6;6;6;6;6;6;51;51,0;51;51;51;51;51;51;51,0;51,0;51,0;51,0;NA;NA;NA;NA;NA;NA;NA;NA;NA;NA;NA
2021-09-02;0-60;3;3,0;3;3;3;3;3;3;3;3;3;3;39;39,0;39;39;39;39;39;39;39,0;39,0;39,0;39,0;1,000000000000000;1,000000000000000;1,000000000000000;1,000000000000000;1,000000000000000;1,000000000000000;1,000000000000000;1,000000000000000;1,000000000000000;1,000000000000000;1,000000000000000
2021-09-02;60+;0;0,0;0;0;0;0;0;0;0;0;0;0;9;9,0;9;9;9;9;9;9;9,0;9,0;9,0;9,0;1,000000000000000;1,000000000000000;1,000000000000000;1,000000000000000;1,000000000000000;1,000000000000000;1,000000000000000;1,000000000000000;1,000000000000000;1,000000000000000;1,000000000000000
2021-09-02;alle;3;3,0;3;3;3;3;3;3;3;3;3;3;48;48,0;48;48;48;48;48;48;48,0;48,0;48,0;48,0;NA;NA;NA;NA;NA;NA;NA;NA;NA;NA;NA
2021-09-01;0-60;4;4,0;4;4;4;4;4;4;4;4;4;4;44;44,0;44;44;44;44;44;44;44,0;44,0;44,0;44,0;1,000000000000000;1,000000000000000;1,000000000000000;1,000000000000000;1,000000000000000;1,000000000000000;1,000000000000000;1,000000000000000;1,000000000000000;1,000000000000000;1,000000000000000
2021-09-01;60+;2;2,0;2;2;2;2;2;2;2;2;2;2;10;10,0;10;10;10;10;10;10;10,0;10,0;10,0;10,0;1,000000000000000;1,000000000000000;1,000000000000000;1,000000000000000;1,000000000000000;1,000000000000000;1,000000000000000;1,000000000000000;1,000000000000000;1,000000000000000;1,000000000000000
2021-09-01;alle;6;6,0;6;6;6;6;6;6;6;6;6;6;54;54,0;54;54;54;54;54;54;54,0;54,0;54,0;54,0;NA;NA;NA;NA;NA;NA;NA;NA;NA;NA;NA
2021-08-31;0-60;7;7,0;7;7;7;7;7;7;7;7;7;7;44;44,0;44;44;44;44;44;44;44,0;44,0;44,0;44,0;1,000000000000000;1,000000000000000;1,000000000000000;1,000000000000000;1,000000000000000;1,000000000000000;1,000000000000000;1,000000000000000;1,000000000000000;1,000000000000000;1,000000000000000
2021-08-31;60+;2;2,0;2;2;2;2;2;2;2;2;2;2;8;8,0;8;8;8;8;8;8;8,0;8,0;8,0;8,0;1,000000000000000;1,000000000000000;1,000000000000000;1,000000000000000;1,000000000000000;1,000000000000000;1,000000000000000;1,000000000000000;1,000000000000000;1,000000000000000;1,000000000000000
2021-08-31;alle;9;9,0;9;9;9;9;9;9;9;9;9;9;52;52,0;52;52;52;52;52;52;52,0;52,0;52,0;52,0;NA;NA;NA;NA;NA;NA;NA;NA;NA;NA;NA
2021-08-30;0-60;4;4,0;4;4;4;4;4;4;4;4;4;4;42;42,0;42;42;42;42;42;42;42,0;42,0;42,0;42,0;1,000000000000000;1,000000000000000;1,000000000000000;1,000000000000000;1,000000000000000;1,000000000000000;1,000000000000000;1,000000000000000;1,000000000000000;1,000000000000000;1,000000000000000
2021-08-30;60+;1;1,0;1;1;1;1;1;1;1;1;1;1;7;7,0;7;7;7;7;7;7;7,0;7,0;7,0;7,0;1,000000000000000;1,000000000000000;1,000000000000000;1,000000000000000;1,000000000000000;1,000000000000000;1,000000000000000;1,000000000000000;1,000000000000000;1,000000000000000;1,000000000000000
2021-08-30;alle;5;5,0;5;5;5;5;5;5;5;5;5;5;49;49,0;49;49;49;49;49;49;49,0;49,0;49,0;49,0;NA;NA;NA;NA;NA;NA;NA;NA;NA;NA;NA
2021-08-29;0-60;4;4,0;4;4;4;4;4;4;4;4;4;4;45;45,0;45;45;45;45;45;45;45,0;45,0;45,0;45,0;1,000000000000000;1,000000000000000;1,000000000000000;1,000000000000000;1,000000000000000;1,000000000000000;1,000000000000000;1,000000000000000;1,000000000000000;1,000000000000000;1,000000000000000
2021-08-29;60+;2;2,0;2;2;2;2;2;2;2;2;2;2;8;8,0;8;8;8;8;8;8;8,0;8,0;8,0;8,0;1,000000000000000;1,000000000000000;1,000000000000000;1,000000000000000;1,000000000000000;1,000000000000000;1,000000000000000;1,000000000000000;1,000000000000000;1,000000000000000;1,000000000000000
2021-08-29;alle;6;6,0;6;6;6;6;6;6;6;6;6;6;53;53,0;53;53;53;53;53;53;53,0;53,0;53,0;53,0;NA;NA;NA;NA;NA;NA;NA;NA;NA;NA;NA
2021-08-28;0-60;15;15,0;15;15;15;15;15;15;15;15;15;15;44;44,0;44;44;44;44;44;44;44,0;44,0;44,0;44,0;1,000000000000000;1,000000000000000;1,000000000000000;1,000000000000000;1,000000000000000;1,000000000000000;1,000000000000000;1,000000000000000;1,000000000000000;1,000000000000000;1,000000000000000
2021-08-28;60+;1;1,0;1;1;1;1;1;1;1;1;1;1;6;6,0;6;6;6;6;6;6;6,0;6,0;6,0;6,0;1,000000000000000;1,000000000000000;1,000000000000000;1,000000000000000;1,000000000000000;1,000000000000000;1,000000000000000;1,000000000000000;1,000000000000000;1,000000000000000;1,000000000000000
2021-08-28;alle;16;16,0;16;16;16;16;16;16;16;16;16;16;50;50,0;50;50;50;50;50;50;50,0;50,0;50,0;50,0;NA;NA;NA;NA;NA;NA;NA;NA;NA;NA;NA
2021-08-27;0-60;2;2,0;2;2;2;2;2;2;2;2;2;2;31;31,0;31;31;31;31;31;31;31,0;31,0;31,0;31,0;1,000000000000000;1,000000000000000;1,000000000000000;1,000000000000000;1,000000000000000;1,000000000000000;1,000000000000000;1,000000000000000;1,000000000000000;1,000000000000000;1,000000000000000
2021-08-27;60+;1;1,0;1;1;1;1;1;1;1;1;1;1;5;5,0;5;5;5;5;5;5;5,0;5,0;5,0;5,0;1,000000000000000;1,000000000000000;1,000000000000000;1,000000000000000;1,000000000000000;1,000000000000000;1,000000000000000;1,000000000000000;1,000000000000000;1,000000000000000;1,000000000000000
2021-08-27;alle;3;3,0;3;3;3;3;3;3;3;3;3;3;36;36,0;36;36;36;36;36;36;36,0;36,0;36,0;36,0;NA;NA;NA;NA;NA;NA;NA;NA;NA;NA;NA
2021-08-26;0-60;8;8,0;8;8;8;8;8;8;8;8;8;8;33;33,0;33;33;33;33;33;33;33,0;33,0;33,0;33,0;1,000000000000000;1,000000000000000;1,000000000000000;1,000000000000000;1,000000000000000;1,000000000000000;1,000000000000000;1,000000000000000;1,000000000000000;1,000000000000000;1,000000000000000
2021-08-26;60+;1;1,0;1;1;1;1;1;1;1;1;1;1;4;4,0;4;4;4;4;4;4;4,0;4,0;4,0;4,0;1,000000000000000;1,000000000000000;1,000000000000000;1,000000000000000;1,000000000000000;1,000000000000000;1,000000000000000;1,000000000000000;1,000000000000000;1,000000000000000;1,000000000000000
2021-08-26;alle;9;9,0;9;9;9;9;9;9;9;9;9;9;37;37,0;37;37;37;37;37;37;37,0;37,0;37,0;37,0;NA;NA;NA;NA;NA;NA;NA;NA;NA;NA;NA
2021-08-25;0-60;4;4,0;4;4;4;4;4;4;4;4;4;4;28;28,0;28;28;28;28;28;28;28,0;28,0;28,0;28,0;1,000000000000000;1,000000000000000;1,000000000000000;1,000000000000000;1,000000000000000;1,000000000000000;1,000000000000000;1,000000000000000;1,000000000000000;1,000000000000000;1,000000000000000
2021-08-25;60+;0;0,0;0;0;0;0;0;0;0;0;0;0;3;3,0;3;3;3;3;3;3;3,0;3,0;3,0;3,0;1,000000000000000;1,000000000000000;1,000000000000000;1,000000000000000;1,000000000000000;1,000000000000000;1,000000000000000;1,000000000000000;1,000000000000000;1,000000000000000;1,000000000000000
2021-08-25;alle;4;4,0;4;4;4;4;4;4;4;4;4;4;31;31,0;31;31;31;31;31;31;31,0;31,0;31,0;31,0;NA;NA;NA;NA;NA;NA;NA;NA;NA;NA;NA
2021-08-24;0-60;5;5,0;5;5;5;5;5;5;5;5;5;5;29;29,0;29;29;29;29;29;29;29,0;29,0;29,0;29,0;1,000000000000000;1,000000000000000;1,000000000000000;1,000000000000000;1,000000000000000;1,000000000000000;1,000000000000000;1,000000000000000;1,000000000000000;1,000000000000000;1,000000000000000
2021-08-24;60+;1;1,0;1;1;1;1;1;1;1;1;1;1;4;4,0;4;4;4;4;4;4;4,0;4,0;4,0;4,0;1,000000000000000;1,000000000000000;1,000000000000000;1,000000000000000;1,000000000000000;1,000000000000000;1,000000000000000;1,000000000000000;1,000000000000000;1,000000000000000;1,000000000000000
2021-08-24;alle;6;6,0;6;6;6;6;6;6;6;6;6;6;33;33,0;33;33;33;33;33;33;33,0;33,0;33,0;33,0;NA;NA;NA;NA;NA;NA;NA;NA;NA;NA;NA
2021-08-23;0-60;7;7,0;7;7;7;7;7;7;7;7;7;7;28;28,0;28;28;28;28;28;28;28,0;28,0;28,0;28,0;1,000000000000000;1,000000000000000;1,000000000000000;1,000000000000000;1,000000000000000;1,000000000000000;1,000000000000000;1,000000000000000;1,000000000000000;1,000000000000000;1,000000000000000
2021-08-23;60+;2;2,0;2;2;2;2;2;2;2;2;2;2;3;3,0;3;3;3;3;3;3;3,0;3,0;3,0;3,0;1,000000000000000;1,000000000000000;1,000000000000000;1,000000000000000;1,000000000000000;1,000000000000000;1,000000000000000;1,000000000000000;1,000000000000000;1,000000000000000;1,000000000000000
2021-08-23;alle;9;9,0;9;9;9;9;9;9;9;9;9;9;31;31,0;31;31;31;31;31;31;31,0;31,0;31,0;31,0;NA;NA;NA;NA;NA;NA;NA;NA;NA;NA;NA
2021-08-22;0-60;3;3,0;3;3;3;3;3;3;3;3;3;3;22;22,0;22;22;22;22;22;22;22,0;22,0;22,0;22,0;1,000000000000000;1,000000000000000;1,000000000000000;1,000000000000000;1,000000000000000;1,000000000000000;1,000000000000000;1,000000000000000;1,000000000000000;1,000000000000000;1,000000000000000
2021-08-22;60+;0;0,0;0;0;0;0;0;0;0;0;0;0;1;1,0;1;1;1;1;1;1;1,0;1,0;1,0;1,0;1,000000000000000;1,000000000000000;1,000000000000000;1,000000000000000;1,000000000000000;1,000000000000000;1,000000000000000;1,000000000000000;1,000000000000000;1,000000000000000;1,000000000000000
2021-08-22;alle;3;3,0;3;3;3;3;3;3;3;3;3;3;23;23,0;23;23;23;23;23;23;23,0;23,0;23,0;23,0;NA;NA;NA;NA;NA;NA;NA;NA;NA;NA;NA
2021-08-21;0-60;2;2,0;2;2;2;2;2;2;2;2;2;2;21;21,0;21;21;21;21;21;21;21,0;21,0;21,0;21,0;1,000000000000000;1,000000000000000;1,000000000000000;1,000000000000000;1,000000000000000;1,000000000000000;1,000000000000000;1,000000000000000;1,000000000000000;1,000000000000000;1,000000000000000
2021-08-21;60+;0;0,0;0;0;0;0;0;0;0;0;0;0;3;3,0;3;3;3;3;3;3;3,0;3,0;3,0;3,0;1,000000000000000;1,000000000000000;1,000000000000000;1,000000000000000;1,000000000000000;1,000000000000000;1,000000000000000;1,000000000000000;1,000000000000000;1,000000000000000;1,000000000000000
2021-08-21;alle;2;2,0;2;2;2;2;2;2;2;2;2;2;24;24,0;24;24;24;24;24;24;24,0;24,0;24,0;24,0;NA;NA;NA;NA;NA;NA;NA;NA;NA;NA;NA
2021-08-20;0-60;4;4,0;4;4;4;4;4;4;4;4;4;4;19;19,0;19;19;19;19;19;19;19,0;19,0;19,0;19,0;1,000000000000000;1,000000000000000;1,000000000000000;1,000000000000000;1,000000000000000;1,000000000000000;1,000000000000000;1,000000000000000;1,000000000000000;1,000000000000000;1,000000000000000
2021-08-20;60+;0;0,0;0;0;0;0;0;0;0;0;0;0;3;3,0;3;3;3;3;3;3;3,0;3,0;3,0;3,0;1,000000000000000;1,000000000000000;1,000000000000000;1,000000000000000;1,000000000000000;1,000000000000000;1,000000000000000;1,000000000000000;1,000000000000000;1,000000000000000;1,000000000000000
2021-08-20;alle;4;4,0;4;4;4;4;4;4;4;4;4;4;22;22,0;22;22;22;22;22;22;22,0;22,0;22,0;22,0;NA;NA;NA;NA;NA;NA;NA;NA;NA;NA;NA
2021-08-19;0-60;3;3,0;3;3;3;3;3;3;3;3;3;3;16;16,0;16;16;16;16;16;16;16,0;16,0;16,0;16,0;1,000000000000000;1,000000000000000;1,000000000000000;1,000000000000000;1,000000000000000;1,000000000000000;1,000000000000000;1,000000000000000;1,000000000000000;1,000000000000000;1,000000000000000
2021-08-19;60+;0;0,0;0;0;0;0;0;0;0;0;0;0;5;5,0;5;5;5;5;5;5;5,0;5,0;5,0;5,0;1,000000000000000;1,000000000000000;1,000000000000000;1,000000000000000;1,000000000000000;1,000000000000000;1,000000000000000;1,000000000000000;1,000000000000000;1,000000000000000;1,000000000000000
2021-08-19;alle;3;3,0;3;3;3;3;3;3;3;3;3;3;21;21,0;21;21;21;21;21;21;21,0;21,0;21,0;21,0;NA;NA;NA;NA;NA;NA;NA;NA;NA;NA;NA
2021-08-18;0-60;5;5,0;5;5;5;5;5;5;5;5;5;5;16;16,0;16;16;16;16;16;16;16,0;16,0;16,0;16,0;1,000000000000000;1,000000000000000;1,000000000000000;1,000000000000000;1,000000000000000;1,000000000000000;1,000000000000000;1,000000000000000;1,000000000000000;1,000000000000000;1,000000000000000
2021-08-18;60+;1;1,0;1;1;1;1;1;1;1;1;1;1;5;5,0;5;5;5;5;5;5;5,0;5,0;5,0;5,0;1,000000000000000;1,000000000000000;1,000000000000000;1,000000000000000;1,000000000000000;1,000000000000000;1,000000000000000;1,000000000000000;1,000000000000000;1,000000000000000;1,000000000000000
2021-08-18;alle;6;6,0;6;6;6;6;6;6;6;6;6;6;21;21,0;21;21;21;21;21;21;21,0;21,0;21,0;21,0;NA;NA;NA;NA;NA;NA;NA;NA;NA;NA;NA
2021-08-17;0-60;4;4,0;4;4;4;4;4;4;4;4;4;4;11;11,0;11;11;11;11;11;11;11,0;11,0;11,0;11,0;1,000000000000000;1,000000000000000;1,000000000000000;1,000000000000000;1,000000000000000;1,000000000000000;1,000000000000000;1,000000000000000;1,000000000000000;1,000000000000000;1,000000000000000
2021-08-17;60+;0;0,0;0;0;0;0;0;0;0;0;0;0;4;4,0;4;4;4;4;4;4;4,0;4,0;4,0;4,0;1,000000000000000;1,000000000000000;1,000000000000000;1,000000000000000;1,000000000000000;1,000000000000000;1,000000000000000;1,000000000000000;1,000000000000000;1,000000000000000;1,000000000000000
2021-08-17;alle;4;4,0;4;4;4;4;4;4;4;4;4;4;15;15,0;15;15;15;15;15;15;15,0;15,0;15,0;15,0;NA;NA;NA;NA;NA;NA;NA;NA;NA;NA;NA
2021-08-16;0-60;1;1,0;1;1;1;1;1;1;1;1;1;1;8;8,0;8;8;8;8;8;8;8,0;8,0;8,0;8,0;1,000000000000000;1,000000000000000;1,000000000000000;1,000000000000000;1,000000000000000;1,000000000000000;1,000000000000000;1,000000000000000;1,000000000000000;1,000000000000000;1,000000000000000
2021-08-16;60+;0;0,0;0;0;0;0;0;0;0;0;0;0;4;4,0;4;4;4;4;4;4;4,0;4,0;4,0;4,0;1,000000000000000;1,000000000000000;1,000000000000000;1,000000000000000;1,000000000000000;1,000000000000000;1,000000000000000;1,000000000000000;1,000000000000000;1,000000000000000;1,000000000000000
2021-08-16;alle;1;1,0;1;1;1;1;1;1;1;1;1;1;12;12,0;12;12;12;12;12;12;12,0;12,0;12,0;12,0;NA;NA;NA;NA;NA;NA;NA;NA;NA;NA;NA
2021-08-15;0-60;2;2,0;2;2;2;2;2;2;2;2;2;2;8;8,0;8;8;8;8;8;8;8,0;8,0;8,0;8,0;1,000000000000000;1,000000000000000;1,000000000000000;1,000000000000000;1,000000000000000;1,000000000000000;1,000000000000000;1,000000000000000;1,000000000000000;1,000000000000000;1,000000000000000
2021-08-15;60+;2;2,0;2;2;2;2;2;2;2;2;2;2;4;4,0;4;4;4;4;4;4;4,0;4,0;4,0;4,0;1,000000000000000;1,000000000000000;1,000000000000000;1,000000000000000;1,000000000000000;1,000000000000000;1,000000000000000;1,000000000000000;1,000000000000000;1,000000000000000;1,000000000000000
2021-08-15;alle;4;4,0;4;4;4;4;4;4;4;4;4;4;12;12,0;12;12;12;12;12;12;12,0;12,0;12,0;12,0;NA;NA;NA;NA;NA;NA;NA;NA;NA;NA;NA
2021-08-14;0-60;0;0,0;0;0;0;0;0;0;0;0;0;0;8;8,0;8;8;8;8;8;8;8,0;8,0;8,0;8,0;1,000000000000000;1,000000000000000;1,000000000000000;1,000000000000000;1,000000000000000;1,000000000000000;1,000000000000000;1,000000000000000;1,000000000000000;1,000000000000000;1,000000000000000
2021-08-14;60+;0;0,0;0;0;0;0;0;0;0;0;0;0;3;3,0;3;3;3;3;3;3;3,0;3,0;3,0;3,0;1,000000000000000;1,000000000000000;1,000000000000000;1,000000000000000;1,000000000000000;1,000000000000000;1,000000000000000;1,000000000000000;1,000000000000000;1,000000000000000;1,000000000000000
2021-08-14;alle;0;0,0;0;0;0;0;0;0;0;0;0;0;11;11,0;11;11;11;11;11;11;11,0;11,0;11,0;11,0;NA;NA;NA;NA;NA;NA;NA;NA;NA;NA;NA
2021-08-13;0-60;1;1,0;1;1;1;1;1;1;1;1;1;1;9;9,0;9;9;9;9;9;9;9,0;9,0;9,0;9,0;1,000000000000000;1,000000000000000;1,000000000000000;1,000000000000000;1,000000000000000;1,000000000000000;1,000000000000000;1,000000000000000;1,000000000000000;1,000000000000000;1,000000000000000
2021-08-13;60+;2;2,0;2;2;2;2;2;2;2;2;2;2;3;3,0;3;3;3;3;3;3;3,0;3,0;3,0;3,0;1,000000000000000;1,000000000000000;1,000000000000000;1,000000000000000;1,000000000000000;1,000000000000000;1,000000000000000;1,000000000000000;1,000000000000000;1,000000000000000;1,000000000000000
2021-08-13;alle;3;3,0;3;3;3;3;3;3;3;3;3;3;12;12,0;12;12;12;12;12;12;12,0;12,0;12,0;12,0;NA;NA;NA;NA;NA;NA;NA;NA;NA;NA;NA
2021-08-12;0-60;3;3,0;3;3;3;3;3;3;3;3;3;3;11;11,0;11;11;11;11;11;11;11,0;11,0;11,0;11,0;1,000000000000000;1,000000000000000;1,000000000000000;1,000000000000000;1,000000000000000;1,000000000000000;1,000000000000000;1,000000000000000;1,000000000000000;1,000000000000000;1,000000000000000
2021-08-12;60+;0;0,0;0;0;0;0;0;0;0;0;0;0;1;1,0;1;1;1;1;1;1;1,0;1,0;1,0;1,0;1,000000000000000;1,000000000000000;1,000000000000000;1,000000000000000;1,000000000000000;1,000000000000000;1,000000000000000;1,000000000000000;1,000000000000000;1,000000000000000;1,000000000000000
2021-08-12;alle;3;3,0;3;3;3;3;3;3;3;3;3;3;12;12,0;12;12;12;12;12;12;12,0;12,0;12,0;12,0;NA;NA;NA;NA;NA;NA;NA;NA;NA;NA;NA
2021-08-11;0-60;0;0,0;0;0;0;0;0;0;0;0;0;0;10;10,0;10;10;10;10;10;10;10,0;10,0;10,0;10,0;1,000000000000000;1,000000000000000;1,000000000000000;1,000000000000000;1,000000000000000;1,000000000000000;1,000000000000000;1,000000000000000;1,000000000000000;1,000000000000000;1,000000000000000
2021-08-11;60+;0;0,0;0;0;0;0;0;0;0;0;0;0;1;1,0;1;1;1;1;1;1;1,0;1,0;1,0;1,0;1,000000000000000;1,000000000000000;1,000000000000000;1,000000000000000;1,000000000000000;1,000000000000000;1,000000000000000;1,000000000000000;1,000000000000000;1,000000000000000;1,000000000000000
2021-08-11;alle;0;0,0;0;0;0;0;0;0;0;0;0;0;11;11,0;11;11;11;11;11;11;11,0;11,0;11,0;11,0;NA;NA;NA;NA;NA;NA;NA;NA;NA;NA;NA
2021-08-10;0-60;1;1,0;1;1;1;1;1;1;1;1;1;1;12;12,0;12;12;12;12;12;12;12,0;12,0;12,0;12,0;1,000000000000000;1,000000000000000;1,000000000000000;1,000000000000000;1,000000000000000;1,000000000000000;1,000000000000000;1,000000000000000;1,000000000000000;1,000000000000000;1,000000000000000
2021-08-10;60+;0;0,0;0;0;0;0;0;0;0;0;0;0;1;1,0;1;1;1;1;1;1;1,0;1,0;1,0;1,0;1,000000000000000;1,000000000000000;1,000000000000000;1,000000000000000;1,000000000000000;1,000000000000000;1,000000000000000;1,000000000000000;1,000000000000000;1,000000000000000;1,000000000000000
2021-08-10;alle;1;1,0;1;1;1;1;1;1;1;1;1;1;13;13,0;13;13;13;13;13;13;13,0;13,0;13,0;13,0;NA;NA;NA;NA;NA;NA;NA;NA;NA;NA;NA
2021-08-09;0-60;1;1,0;1;1;1;1;1;1;1;1;1;1;12;12,0;12;12;12;12;12;12;12,0;12,0;12,0;12,0;1,000000000000000;1,000000000000000;1,000000000000000;1,000000000000000;1,000000000000000;1,000000000000000;1,000000000000000;1,000000000000000;1,000000000000000;1,000000000000000;1,000000000000000
2021-08-09;60+;0;0,0;0;0;0;0;0;0;0;0;0;0;1;1,0;1;1;1;1;1;1;1,0;1,0;1,0;1,0;1,000000000000000;1,000000000000000;1,000000000000000;1,000000000000000;1,000000000000000;1,000000000000000;1,000000000000000;1,000000000000000;1,000000000000000;1,000000000000000;1,000000000000000
2021-08-09;alle;1;1,0;1;1;1;1;1;1;1;1;1;1;13;13,0;13;13;13;13;13;13;13,0;13,0;13,0;13,0;NA;NA;NA;NA;NA;NA;NA;NA;NA;NA;NA
2021-08-08;0-60;2;2,0;2;2;2;2;2;2;2;2;2;2;12;12,0;12;12;12;12;12;12;12,0;12,0;12,0;12,0;1,000000000000000;1,000000000000000;1,000000000000000;1,000000000000000;1,000000000000000;1,000000000000000;1,000000000000000;1,000000000000000;1,000000000000000;1,000000000000000;1,000000000000000
2021-08-08;60+;1;1,0;1;1;1;1;1;1;1;1;1;1;1;1,0;1;1;1;1;1;1;1,0;1,0;1,0;1,0;1,000000000000000;1,000000000000000;1,000000000000000;1,000000000000000;1,000000000000000;1,000000000000000;1,000000000000000;1,000000000000000;1,000000000000000;1,000000000000000;1,000000000000000
2021-08-08;alle;3;3,0;3;3;3;3;3;3;3;3;3;3;13;13,0;13;13;13;13;13;13;13,0;13,0;13,0;13,0;NA;NA;NA;NA;NA;NA;NA;NA;NA;NA;NA
2021-08-07;0-60;1;1,0;1;1;1;1;1;1;1;1;1;1;11;11,0;11;11;11;11;11;11;11,0;11,0;11,0;11,0;1,000000000000000;1,000000000000000;1,000000000000000;1,000000000000000;1,000000000000000;1,000000000000000;1,000000000000000;1,000000000000000;1,000000000000000;1,000000000000000;1,000000000000000
2021-08-07;60+;0;0,0;0;0;0;0;0;0;0;0;0;0;0;0,0;0;0;0;0;0;0;0,0;0,0;0,0;0,0;1,000000000000000;1,000000000000000;1,000000000000000;1,000000000000000;1,000000000000000;1,000000000000000;1,000000000000000;1,000000000000000;1,000000000000000;1,000000000000000;1,000000000000000
2021-08-07;alle;1;1,0;1;1;1;1;1;1;1;1;1;1;11;11,0;11;11;11;11;11;11;11,0;11,0;11,0;11,0;NA;NA;NA;NA;NA;NA;NA;NA;NA;NA;NA
2021-08-06;0-60;3;3,0;3;3;3;3;3;3;3;3;3;3;11;11,0;11;11;11;11;11;11;11,0;11,0;11,0;11,0;1,000000000000000;1,000000000000000;1,000000000000000;1,000000000000000;1,000000000000000;1,000000000000000;1,000000000000000;1,000000000000000;1,000000000000000;1,000000000000000;1,000000000000000
2021-08-06;60+;0;0,0;0;0;0;0;0;0;0;0;0;0;0;0,0;0;0;0;0;0;0;0,0;0,0;0,0;0,0;1,000000000000000;1,000000000000000;1,000000000000000;1,000000000000000;1,000000000000000;1,000000000000000;1,000000000000000;1,000000000000000;1,000000000000000;1,000000000000000;1,000000000000000
2021-08-06;alle;3;3,0;3;3;3;3;3;3;3;3;3;3;11;11,0;11;11;11;11;11;11;11,0;11,0;11,0;11,0;NA;NA;NA;NA;NA;NA;NA;NA;NA;NA;NA
2021-08-05;0-60;2;2,0;2;2;2;2;2;2;2;2;2;2;9;9,0;9;9;9;9;9;9;9,0;9,0;9,0;9,0;1,000000000000000;1,000000000000000;1,000000000000000;1,000000000000000;1,000000000000000;1,000000000000000;1,000000000000000;1,000000000000000;1,000000000000000;1,000000000000000;1,000000000000000
2021-08-05;60+;0;0,0;0;0;0;0;0;0;0;0;0;0;0;0,0;0;0;0;0;0;0;0,0;0,0;0,0;0,0;1,000000000000000;1,000000000000000;1,000000000000000;1,000000000000000;1,000000000000000;1,000000000000000;1,000000000000000;1,000000000000000;1,000000000000000;1,000000000000000;1,000000000000000
2021-08-05;alle;2;2,0;2;2;2;2;2;2;2;2;2;2;9;9,0;9;9;9;9;9;9;9,0;9,0;9,0;9,0;NA;NA;NA;NA;NA;NA;NA;NA;NA;NA;NA
2021-08-04;0-60;2;2,0;2;2;2;2;2;2;2;2;2;2;8;8,0;8;8;8;8;8;8;8,0;8,0;8,0;8,0;1,000000000000000;1,000000000000000;1,000000000000000;1,000000000000000;1,000000000000000;1,000000000000000;1,000000000000000;1,000000000000000;1,000000000000000;1,000000000000000;1,000000000000000
2021-08-04;60+;0;0,0;0;0;0;0;0;0;0;0;0;0;0;0,0;0;0;0;0;0;0;0,0;0,0;0,0;0,0;1,000000000000000;1,000000000000000;1,000000000000000;1,000000000000000;1,000000000000000;1,000000000000000;1,000000000000000;1,000000000000000;1,000000000000000;1,000000000000000;1,000000000000000
2021-08-04;alle;2;2,0;2;2;2;2;2;2;2;2;2;2;8;8,0;8;8;8;8;8;8;8,0;8,0;8,0;8,0;NA;NA;NA;NA;NA;NA;NA;NA;NA;NA;NA
2021-08-03;0-60;1;1,0;1;1;1;1;1;1;1;1;1;1;7;7,0;7;7;7;7;7;7;7,0;7,0;7,0;7,0;1,000000000000000;1,000000000000000;1,000000000000000;1,000000000000000;1,000000000000000;1,000000000000000;1,000000000000000;1,000000000000000;1,000000000000000;1,000000000000000;1,000000000000000
2021-08-03;60+;0;0,0;0;0;0;0;0;0;0;0;0;0;0;0,0;0;0;0;0;0;0;0,0;0,0;0,0;0,0;1,000000000000000;1,000000000000000;1,000000000000000;1,000000000000000;1,000000000000000;1,000000000000000;1,000000000000000;1,000000000000000;1,000000000000000;1,000000000000000;1,000000000000000
2021-08-03;alle;1;1,0;1;1;1;1;1;1;1;1;1;1;7;7,0;7;7;7;7;7;7;7,0;7,0;7,0;7,0;NA;NA;NA;NA;NA;NA;NA;NA;NA;NA;NA
2021-08-02;0-60;1;1,0;1;1;1;1;1;1;1;1;1;1;7;7,0;7;7;7;7;7;7;7,0;7,0;7,0;7,0;1,000000000000000;1,000000000000000;1,000000000000000;1,000000000000000;1,000000000000000;1,000000000000000;1,000000000000000;1,000000000000000;1,000000000000000;1,000000000000000;1,000000000000000
2021-08-02;60+;0;0,0;0;0;0;0;0;0;0;0;0;0;0;0,0;0;0;0;0;0;0;0,0;0,0;0,0;0,0;1,000000000000000;1,000000000000000;1,000000000000000;1,000000000000000;1,000000000000000;1,000000000000000;1,000000000000000;1,000000000000000;1,000000000000000;1,000000000000000;1,000000000000000
2021-08-02;alle;1;1,0;1;1;1;1;1;1;1;1;1;1;7;7,0;7;7;7;7;7;7;7,0;7,0;7,0;7,0;NA;NA;NA;NA;NA;NA;NA;NA;NA;NA;NA
2021-08-01;0-60;1;1,0;1;1;1;1;1;1;1;1;1;1;6;6,0;6;6;6;6;6;6;6,0;6,0;6,0;6,0;1,000000000000000;1,000000000000000;1,000000000000000;1,000000000000000;1,000000000000000;1,000000000000000;1,000000000000000;1,000000000000000;1,000000000000000;1,000000000000000;1,000000000000000
2021-08-01;60+;0;0,0;0;0;0;0;0;0;0;0;0;0;0;0,0;0;0;0;0;0;0;0,0;0,0;0,0;0,0;1,000000000000000;1,000000000000000;1,000000000000000;1,000000000000000;1,000000000000000;1,000000000000000;1,000000000000000;1,000000000000000;1,000000000000000;1,000000000000000;1,000000000000000
2021-08-01;alle;1;1,0;1;1;1;1;1;1;1;1;1;1;6;6,0;6;6;6;6;6;6;6,0;6,0;6,0;6,0;NA;NA;NA;NA;NA;NA;NA;NA;NA;NA;NA
2021-07-31;0-60;1;1,0;1;1;1;1;1;1;1;1;1;1;5;5,0;5;5;5;5;5;5;5,0;5,0;5,0;5,0;1,000000000000000;1,000000000000000;1,000000000000000;1,000000000000000;1,000000000000000;1,000000000000000;1,000000000000000;1,000000000000000;1,000000000000000;1,000000000000000;1,000000000000000
2021-07-31;60+;0;0,0;0;0;0;0;0;0;0;0;0;0;0;0,0;0;0;0;0;0;0;0,0;0,0;0,0;0,0;1,000000000000000;1,000000000000000;1,000000000000000;1,000000000000000;1,000000000000000;1,000000000000000;1,000000000000000;1,000000000000000;1,000000000000000;1,000000000000000;1,000000000000000
2021-07-31;alle;1;1,0;1;1;1;1;1;1;1;1;1;1;5;5,0;5;5;5;5;5;5;5,0;5,0;5,0;5,0;NA;NA;NA;NA;NA;NA;NA;NA;NA;NA;NA
2021-07-30;0-60;1;1,0;1;1;1;1;1;1;1;1;1;1;5;5,0;5;5;5;5;5;5;5,0;5,0;5,0;5,0;1,000000000000000;1,000000000000000;1,000000000000000;1,000000000000000;1,000000000000000;1,000000000000000;1,000000000000000;1,000000000000000;1,000000000000000;1,000000000000000;1,000000000000000
2021-07-30;60+;0;0,0;0;0;0;0;0;0;0;0;0;0;0;0,0;0;0;0;0;0;0;0,0;0,0;0,0;0,0;1,000000000000000;1,000000000000000;1,000000000000000;1,000000000000000;1,000000000000000;1,000000000000000;1,000000000000000;1,000000000000000;1,000000000000000;1,000000000000000;1,000000000000000
2021-07-30;alle;1;1,0;1;1;1;1;1;1;1;1;1;1;5;5,0;5;5;5;5;5;5;5,0;5,0;5,0;5,0;NA;NA;NA;NA;NA;NA;NA;NA;NA;NA;NA
2021-07-29;0-60;1;1,0;1;1;1;1;1;1;1;1;1;1;6;6,0;6;6;6;6;6;6;6,0;6,0;6,0;6,0;1,000000000000000;1,000000000000000;1,000000000000000;1,000000000000000;1,000000000000000;1,000000000000000;1,000000000000000;1,000000000000000;1,000000000000000;1,000000000000000;1,000000000000000
2021-07-29;60+;0;0,0;0;0;0;0;0;0;0;0;0;0;0;0,0;0;0;0;0;0;0;0,0;0,0;0,0;0,0;1,000000000000000;1,000000000000000;1,000000000000000;1,000000000000000;1,000000000000000;1,000000000000000;1,000000000000000;1,000000000000000;1,000000000000000;1,000000000000000;1,000000000000000
2021-07-29;alle;1;1,0;1;1;1;1;1;1;1;1;1;1;6;6,0;6;6;6;6;6;6;6,0;6,0;6,0;6,0;NA;NA;NA;NA;NA;NA;NA;NA;NA;NA;NA
2021-07-28;0-60;1;1,0;1;1;1;1;1;1;1;1;1;1;6;6,0;6;6;6;6;6;6;6,0;6,0;6,0;6,0;1,000000000000000;1,000000000000000;1,000000000000000;1,000000000000000;1,000000000000000;1,000000000000000;1,000000000000000;1,000000000000000;1,000000000000000;1,000000000000000;1,000000000000000
2021-07-28;60+;0;0,0;0;0;0;0;0;0;0;0;0;0;0;0,0;0;0;0;0;0;0;0,0;0,0;0,0;0,0;1,000000000000000;1,000000000000000;1,000000000000000;1,000000000000000;1,000000000000000;1,000000000000000;1,000000000000000;1,000000000000000;1,000000000000000;1,000000000000000;1,000000000000000
2021-07-28;alle;1;1,0;1;1;1;1;1;1;1;1;1;1;6;6,0;6;6;6;6;6;6;6,0;6,0;6,0;6,0;NA;NA;NA;NA;NA;NA;NA;NA;NA;NA;NA
2021-07-27;0-60;1;1,0;1;1;1;1;1;1;1;1;1;1;5;5,0;5;5;5;5;5;5;5,0;5,0;5,0;5,0;1,000000000000000;1,000000000000000;1,000000000000000;1,000000000000000;1,000000000000000;1,000000000000000;1,000000000000000;1,000000000000000;1,000000000000000;1,000000000000000;1,000000000000000
2021-07-27;60+;0;0,0;0;0;0;0;0;0;0;0;0;0;0;0,0;0;0;0;0;0;0;0,0;0,0;0,0;0,0;1,000000000000000;1,000000000000000;1,000000000000000;1,000000000000000;1,000000000000000;1,000000000000000;1,000000000000000;1,000000000000000;1,000000000000000;1,000000000000000;1,000000000000000
2021-07-27;alle;1;1,0;1;1;1;1;1;1;1;1;1;1;5;5,0;5;5;5;5;5;5;5,0;5,0;5,0;5,0;NA;NA;NA;NA;NA;NA;NA;NA;NA;NA;NA
2021-07-26;0-60;0;0,0;0;0;0;0;0;0;0;0;0;0;4;4,0;4;4;4;4;4;4;4,0;4,0;4,0;4,0;1,000000000000000;1,000000000000000;1,000000000000000;1,000000000000000;1,000000000000000;1,000000000000000;1,000000000000000;1,000000000000000;1,000000000000000;1,000000000000000;1,000000000000000
2021-07-26;60+;0;0,0;0;0;0;0;0;0;0;0;0;0;0;0,0;0;0;0;0;0;0;0,0;0,0;0,0;0,0;1,000000000000000;1,000000000000000;1,000000000000000;1,000000000000000;1,000000000000000;1,000000000000000;1,000000000000000;1,000000000000000;1,000000000000000;1,000000000000000;1,000000000000000
2021-07-26;alle;0;0,0;0;0;0;0;0;0;0;0;0;0;4;4,0;4;4;4;4;4;4;4,0;4,0;4,0;4,0;NA;NA;NA;NA;NA;NA;NA;NA;NA;NA;NA
2021-07-25;0-60;0;0,0;0;0;0;0;0;0;0;0;0;0;4;4,0;4;4;4;4;4;4;4,0;4,0;4,0;4,0;1,000000000000000;1,000000000000000;1,000000000000000;1,000000000000000;1,000000000000000;1,000000000000000;1,000000000000000;1,000000000000000;1,000000000000000;1,000000000000000;1,000000000000000
2021-07-25;60+;0;0,0;0;0;0;0;0;0;0;0;0;0;0;0,0;0;0;0;0;0;0;0,0;0,0;0,0;0,0;1,000000000000000;1,000000000000000;1,000000000000000;1,000000000000000;1,000000000000000;1,000000000000000;1,000000000000000;1,000000000000000;1,000000000000000;1,000000000000000;1,000000000000000
2021-07-25;alle;0;0,0;0;0;0;0;0;0;0;0;0;0;4;4,0;4;4;4;4;4;4;4,0;4,0;4,0;4,0;NA;NA;NA;NA;NA;NA;NA;NA;NA;NA;NA
2021-07-24;0-60;1;1,0;1;1;1;1;1;1;1;1;1;1;4;4,0;4;4;4;4;4;4;4,0;4,0;4,0;4,0;1,000000000000000;1,000000000000000;1,000000000000000;1,000000000000000;1,000000000000000;1,000000000000000;1,000000000000000;1,000000000000000;1,000000000000000;1,000000000000000;1,000000000000000
2021-07-24;60+;0;0,0;0;0;0;0;0;0;0;0;0;0;0;0,0;0;0;0;0;0;0;0,0;0,0;0,0;0,0;1,000000000000000;1,000000000000000;1,000000000000000;1,000000000000000;1,000000000000000;1,000000000000000;1,000000000000000;1,000000000000000;1,000000000000000;1,000000000000000;1,000000000000000
2021-07-24;alle;1;1,0;1;1;1;1;1;1;1;1;1;1;4;4,0;4;4;4;4;4;4;4,0;4,0;4,0;4,0;NA;NA;NA;NA;NA;NA;NA;NA;NA;NA;NA
2021-07-23;0-60;2;2,0;2;2;2;2;2;2;2;2;2;2;3;3,0;3;3;3;3;3;3;3,0;3,0;3,0;3,0;1,000000000000000;1,000000000000000;1,000000000000000;1,000000000000000;1,000000000000000;1,000000000000000;1,000000000000000;1,000000000000000;1,000000000000000;1,000000000000000;1,000000000000000
2021-07-23;60+;0;0,0;0;0;0;0;0;0;0;0;0;0;0;0,0;0;0;0;0;0;0;0,0;0,0;0,0;0,0;1,000000000000000;1,000000000000000;1,000000000000000;1,000000000000000;1,000000000000000;1,000000000000000;1,000000000000000;1,000000000000000;1,000000000000000;1,000000000000000;1,000000000000000
2021-07-23;alle;2;2,0;2;2;2;2;2;2;2;2;2;2;3;3,0;3;3;3;3;3;3;3,0;3,0;3,0;3,0;NA;NA;NA;NA;NA;NA;NA;NA;NA;NA;NA
2021-07-22;0-60;1;1,0;1;1;1;1;1;1;1;1;1;1;1;1,0;1;1;1;1;1;1;1,0;1,0;1,0;1,0;1,000000000000000;1,000000000000000;1,000000000000000;1,000000000000000;1,000000000000000;1,000000000000000;1,000000000000000;1,000000000000000;1,000000000000000;1,000000000000000;1,000000000000000
2021-07-22;60+;0;0,0;0;0;0;0;0;0;0;0;0;0;0;0,0;0;0;0;0;0;0;0,0;0,0;0,0;0,0;1,000000000000000;1,000000000000000;1,000000000000000;1,000000000000000;1,000000000000000;1,000000000000000;1,000000000000000;1,000000000000000;1,000000000000000;1,000000000000000;1,000000000000000
2021-07-22;alle;1;1,0;1;1;1;1;1;1;1;1;1;1;1;1,0;1;1;1;1;1;1;1,0;1,0;1,0;1,0;NA;NA;NA;NA;NA;NA;NA;NA;NA;NA;NA
2021-07-21;0-60;0;0,0;0;0;0;0;0;0;0;0;0;0;1;1,0;1;1;1;1;1;1;1,0;1,0;1,0;1,0;1,000000000000000;1,000000000000000;1,000000000000000;1,000000000000000;1,000000000000000;1,000000000000000;1,000000000000000;1,000000000000000;1,000000000000000;1,000000000000000;1,000000000000000
2021-07-21;60+;0;0,0;0;0;0;0;0;0;0;0;0;0;1;1,0;1;1;1;1;1;1;1,0;1,0;1,0;1,0;1,000000000000000;1,000000000000000;1,000000000000000;1,000000000000000;1,000000000000000;1,000000000000000;1,000000000000000;1,000000000000000;1,000000000000000;1,000000000000000;1,000000000000000
2021-07-21;alle;0;0,0;0;0;0;0;0;0;0;0;0;0;2;2,0;2;2;2;2;2;2;2,0;2,0;2,0;2,0;NA;NA;NA;NA;NA;NA;NA;NA;NA;NA;NA
2021-07-20;0-60;0;0,0;0;0;0;0;0;0;0;0;0;0;1;1,0;1;1;1;1;1;1;1,0;1,0;1,0;1,0;1,000000000000000;1,000000000000000;1,000000000000000;1,000000000000000;1,000000000000000;1,000000000000000;1,000000000000000;1,000000000000000;1,000000000000000;1,000000000000000;1,000000000000000
2021-07-20;60+;0;0,0;0;0;0;0;0;0;0;0;0;0;3;3,0;3;3;3;3;3;3;3,0;3,0;3,0;3,0;1,000000000000000;1,000000000000000;1,000000000000000;1,000000000000000;1,000000000000000;1,000000000000000;1,000000000000000;1,000000000000000;1,000000000000000;1,000000000000000;1,000000000000000
2021-07-20;alle;0;0,0;0;0;0;0;0;0;0;0;0;0;4;4,0;4;4;4;4;4;4;4,0;4,0;4,0;4,0;NA;NA;NA;NA;NA;NA;NA;NA;NA;NA;NA
2021-07-19;0-60;0;0,0;0;0;0;0;0;0;0;0;0;0;2;2,0;2;2;2;2;2;2;2,0;2,0;2,0;2,0;1,000000000000000;1,000000000000000;1,000000000000000;1,000000000000000;1,000000000000000;1,000000000000000;1,000000000000000;1,000000000000000;1,000000000000000;1,000000000000000;1,000000000000000
2021-07-19;60+;0;0,0;0;0;0;0;0;0;0;0;0;0;3;3,0;3;3;3;3;3;3;3,0;3,0;3,0;3,0;1,000000000000000;1,000000000000000;1,000000000000000;1,000000000000000;1,000000000000000;1,000000000000000;1,000000000000000;1,000000000000000;1,000000000000000;1,000000000000000;1,000000000000000
2021-07-19;alle;0;0,0;0;0;0;0;0;0;0;0;0;0;5;5,0;5;5;5;5;5;5;5,0;5,0;5,0;5,0;NA;NA;NA;NA;NA;NA;NA;NA;NA;NA;NA
2021-07-18;0-60;0;0,0;0;0;0;0;0;0;0;0;0;0;2;2,0;2;2;2;2;2;2;2,0;2,0;2,0;2,0;1,000000000000000;1,000000000000000;1,000000000000000;1,000000000000000;1,000000000000000;1,000000000000000;1,000000000000000;1,000000000000000;1,000000000000000;1,000000000000000;1,000000000000000
2021-07-18;60+;0;0,0;0;0;0;0;0;0;0;0;0;0;3;3,0;3;3;3;3;3;3;3,0;3,0;3,0;3,0;1,000000000000000;1,000000000000000;1,000000000000000;1,000000000000000;1,000000000000000;1,000000000000000;1,000000000000000;1,000000000000000;1,000000000000000;1,000000000000000;1,000000000000000
2021-07-18;alle;0;0,0;0;0;0;0;0;0;0;0;0;0;5;5,0;5;5;5;5;5;5;5,0;5,0;5,0;5,0;NA;NA;NA;NA;NA;NA;NA;NA;NA;NA;NA
2021-07-17;0-60;0;0,0;0;0;0;0;0;0;0;0;0;0;2;2,0;2;2;2;2;2;2;2,0;2,0;2,0;2,0;1,000000000000000;1,000000000000000;1,000000000000000;1,000000000000000;1,000000000000000;1,000000000000000;1,000000000000000;1,000000000000000;1,000000000000000;1,000000000000000;1,000000000000000
2021-07-17;60+;0;0,0;0;0;0;0;0;0;0;0;0;0;3;3,0;3;3;3;3;3;3;3,0;3,0;3,0;3,0;1,000000000000000;1,000000000000000;1,000000000000000;1,000000000000000;1,000000000000000;1,000000000000000;1,000000000000000;1,000000000000000;1,000000000000000;1,000000000000000;1,000000000000000
2021-07-17;alle;0;0,0;0;0;0;0;0;0;0;0;0;0;5;5,0;5;5;5;5;5;5;5,0;5,0;5,0;5,0;NA;NA;NA;NA;NA;NA;NA;NA;NA;NA;NA
2021-07-16;0-60;0;0,0;0;0;0;0;0;0;0;0;0;0;3;3,0;3;3;3;3;3;3;3,0;3,0;3,0;3,0;1,000000000000000;1,000000000000000;1,000000000000000;1,000000000000000;1,000000000000000;1,000000000000000;1,000000000000000;1,000000000000000;1,000000000000000;1,000000000000000;1,000000000000000
2021-07-16;60+;0;0,0;0;0;0;0;0;0;0;0;0;0;4;4,0;4;4;4;4;4;4;4,0;4,0;4,0;4,0;1,000000000000000;1,000000000000000;1,000000000000000;1,000000000000000;1,000000000000000;1,000000000000000;1,000000000000000;1,000000000000000;1,000000000000000;1,000000000000000;1,000000000000000
2021-07-16;alle;0;0,0;0;0;0;0;0;0;0;0;0;0;7;7,0;7;7;7;7;7;7;7,0;7,0;7,0;7,0;NA;NA;NA;NA;NA;NA;NA;NA;NA;NA;NA
2021-07-15;0-60;1;1,0;1;1;1;1;1;1;1;1;1;1;3;3,0;3;3;3;3;3;3;3,0;3,0;3,0;3,0;1,000000000000000;1,000000000000000;1,000000000000000;1,000000000000000;1,000000000000000;1,000000000000000;1,000000000000000;1,000000000000000;1,000000000000000;1,000000000000000;1,000000000000000
2021-07-15;60+;1;1,0;1;1;1;1;1;1;1;1;1;1;4;4,0;4;4;4;4;4;4;4,0;4,0;4,0;4,0;1,000000000000000;1,000000000000000;1,000000000000000;1,000000000000000;1,000000000000000;1,000000000000000;1,000000000000000;1,000000000000000;1,000000000000000;1,000000000000000;1,000000000000000
2021-07-15;alle;2;2,0;2;2;2;2;2;2;2;2;2;2;7;7,0;7;7;7;7;7;7;7,0;7,0;7,0;7,0;NA;NA;NA;NA;NA;NA;NA;NA;NA;NA;NA
2021-07-14;0-60;0;0,0;0;0;0;0;0;0;0;0;0;0;4;4,0;4;4;4;4;4;4;4,0;4,0;4,0;4,0;1,000000000000000;1,000000000000000;1,000000000000000;1,000000000000000;1,000000000000000;1,000000000000000;1,000000000000000;1,000000000000000;1,000000000000000;1,000000000000000;1,000000000000000
2021-07-14;60+;2;2,0;2;2;2;2;2;2;2;2;2;2;3;3,0;3;3;3;3;3;3;3,0;3,0;3,0;3,0;1,000000000000000;1,000000000000000;1,000000000000000;1,000000000000000;1,000000000000000;1,000000000000000;1,000000000000000;1,000000000000000;1,000000000000000;1,000000000000000;1,000000000000000
2021-07-14;alle;2;2,0;2;2;2;2;2;2;2;2;2;2;7;7,0;7;7;7;7;7;7;7,0;7,0;7,0;7,0;NA;NA;NA;NA;NA;NA;NA;NA;NA;NA;NA
2021-07-13;0-60;1;1,0;1;1;1;1;1;1;1;1;1;1;5;5,0;5;5;5;5;5;5;5,0;5,0;5,0;5,0;1,000000000000000;1,000000000000000;1,000000000000000;1,000000000000000;1,000000000000000;1,000000000000000;1,000000000000000;1,000000000000000;1,000000000000000;1,000000000000000;1,000000000000000
2021-07-13;60+;0;0,0;0;0;0;0;0;0;0;0;0;0;1;1,0;1;1;1;1;1;1;1,0;1,0;1,0;1,0;1,000000000000000;1,000000000000000;1,000000000000000;1,000000000000000;1,000000000000000;1,000000000000000;1,000000000000000;1,000000000000000;1,000000000000000;1,000000000000000;1,000000000000000
2021-07-13;alle;1;1,0;1;1;1;1;1;1;1;1;1;1;6;6,0;6;6;6;6;6;6;6,0;6,0;6,0;6,0;NA;NA;NA;NA;NA;NA;NA;NA;NA;NA;NA
2021-07-12;0-60;0;0,0;0;0;0;0;0;0;0;0;0;0;6;6,0;6;6;6;6;6;6;6,0;6,0;6,0;6,0;1,000000000000000;1,000000000000000;1,000000000000000;1,000000000000000;1,000000000000000;1,000000000000000;1,000000000000000;1,000000000000000;1,000000000000000;1,000000000000000;1,000000000000000
2021-07-12;60+;0;0,0;0;0;0;0;0;0;0;0;0;0;1;1,0;1;1;1;1;1;1;1,0;1,0;1,0;1,0;1,000000000000000;1,000000000000000;1,000000000000000;1,000000000000000;1,000000000000000;1,000000000000000;1,000000000000000;1,000000000000000;1,000000000000000;1,000000000000000;1,000000000000000
2021-07-12;alle;0;0,0;0;0;0;0;0;0;0;0;0;0;7;7,0;7;7;7;7;7;7;7,0;7,0;7,0;7,0;NA;NA;NA;NA;NA;NA;NA;NA;NA;NA;NA
2021-07-11;0-60;0;0,0;0;0;0;0;0;0;0;0;0;0;6;6,0;6;6;6;6;6;6;6,0;6,0;6,0;6,0;1,000000000000000;1,000000000000000;1,000000000000000;1,000000000000000;1,000000000000000;1,000000000000000;1,000000000000000;1,000000000000000;1,000000000000000;1,000000000000000;1,000000000000000
2021-07-11;60+;0;0,0;0;0;0;0;0;0;0;0;0;0;1;1,0;1;1;1;1;1;1;1,0;1,0;1,0;1,0;1,000000000000000;1,000000000000000;1,000000000000000;1,000000000000000;1,000000000000000;1,000000000000000;1,000000000000000;1,000000000000000;1,000000000000000;1,000000000000000;1,000000000000000
2021-07-11;alle;0;0,0;0;0;0;0;0;0;0;0;0;0;7;7,0;7;7;7;7;7;7;7,0;7,0;7,0;7,0;NA;NA;NA;NA;NA;NA;NA;NA;NA;NA;NA
2021-07-10;0-60;1;1,0;1;1;1;1;1;1;1;1;1;1;6;6,0;6;6;6;6;6;6;6,0;6,0;6,0;6,0;1,000000000000000;1,000000000000000;1,000000000000000;1,000000000000000;1,000000000000000;1,000000000000000;1,000000000000000;1,000000000000000;1,000000000000000;1,000000000000000;1,000000000000000
2021-07-10;60+;1;1,0;1;1;1;1;1;1;1;1;1;1;1;1,0;1;1;1;1;1;1;1,0;1,0;1,0;1,0;1,000000000000000;1,000000000000000;1,000000000000000;1,000000000000000;1,000000000000000;1,000000000000000;1,000000000000000;1,000000000000000;1,000000000000000;1,000000000000000;1,000000000000000
2021-07-10;alle;2;2,0;2;2;2;2;2;2;2;2;2;2;7;7,0;7;7;7;7;7;7;7,0;7,0;7,0;7,0;NA;NA;NA;NA;NA;NA;NA;NA;NA;NA;NA
2021-07-09;0-60;0;0,0;0;0;0;0;0;0;0;0;0;0;5;5,0;5;5;5;5;5;5;5,0;5,0;5,0;5,0;1,000000000000000;1,000000000000000;1,000000000000000;1,000000000000000;1,000000000000000;1,000000000000000;1,000000000000000;1,000000000000000;1,000000000000000;1,000000000000000;1,000000000000000
2021-07-09;60+;0;0,0;0;0;0;0;0;0;0;0;0;0;0;0,0;0;0;0;0;0;0;0,0;0,0;0,0;0,0;1,000000000000000;1,000000000000000;1,000000000000000;1,000000000000000;1,000000000000000;1,000000000000000;1,000000000000000;1,000000000000000;1,000000000000000;1,000000000000000;1,000000000000000
2021-07-09;alle;0;0,0;0;0;0;0;0;0;0;0;0;0;5;5,0;5;5;5;5;5;5;5,0;5,0;5,0;5,0;NA;NA;NA;NA;NA;NA;NA;NA;NA;NA;NA
2021-07-08;0-60;2;2,0;2;2;2;2;2;2;2;2;2;2;5;5,0;5;5;5;5;5;5;5,0;5,0;5,0;5,0;1,000000000000000;1,000000000000000;1,000000000000000;1,000000000000000;1,000000000000000;1,000000000000000;1,000000000000000;1,000000000000000;1,000000000000000;1,000000000000000;1,000000000000000
2021-07-08;60+;0;0,0;0;0;0;0;0;0;0;0;0;0;0;0,0;0;0;0;0;0;0;0,0;0,0;0,0;0,0;1,000000000000000;1,000000000000000;1,000000000000000;1,000000000000000;1,000000000000000;1,000000000000000;1,000000000000000;1,000000000000000;1,000000000000000;1,000000000000000;1,000000000000000
2021-07-08;alle;2;2,0;2;2;2;2;2;2;2;2;2;2;5;5,0;5;5;5;5;5;5;5,0;5,0;5,0;5,0;NA;NA;NA;NA;NA;NA;NA;NA;NA;NA;NA
2021-07-07;0-60;1;1,0;1;1;1;1;1;1;1;1;1;1;4;4,0;4;4;4;4;4;4;4,0;4,0;4,0;4,0;1,000000000000000;1,000000000000000;1,000000000000000;1,000000000000000;1,000000000000000;1,000000000000000;1,000000000000000;1,000000000000000;1,000000000000000;1,000000000000000;1,000000000000000
2021-07-07;60+;0;0,0;0;0;0;0;0;0;0;0;0;0;0;0,0;0;0;0;0;0;0;0,0;0,0;0,0;0,0;1,000000000000000;1,000000000000000;1,000000000000000;1,000000000000000;1,000000000000000;1,000000000000000;1,000000000000000;1,000000000000000;1,000000000000000;1,000000000000000;1,000000000000000
2021-07-07;alle;1;1,0;1;1;1;1;1;1;1;1;1;1;4;4,0;4;4;4;4;4;4;4,0;4,0;4,0;4,0;NA;NA;NA;NA;NA;NA;NA;NA;NA;NA;NA
2021-07-06;0-60;2;2,0;2;2;2;2;2;2;2;2;2;2;4;4,0;4;4;4;4;4;4;4,0;4,0;4,0;4,0;1,000000000000000;1,000000000000000;1,000000000000000;1,000000000000000;1,000000000000000;1,000000000000000;1,000000000000000;1,000000000000000;1,000000000000000;1,000000000000000;1,000000000000000
2021-07-06;60+;0;0,0;0;0;0;0;0;0;0;0;0;0;0;0,0;0;0;0;0;0;0;0,0;0,0;0,0;0,0;1,000000000000000;1,000000000000000;1,000000000000000;1,000000000000000;1,000000000000000;1,000000000000000;1,000000000000000;1,000000000000000;1,000000000000000;1,000000000000000;1,000000000000000
2021-07-06;alle;2;2,0;2;2;2;2;2;2;2;2;2;2;4;4,0;4;4;4;4;4;4;4,0;4,0;4,0;4,0;NA;NA;NA;NA;NA;NA;NA;NA;NA;NA;NA
2021-07-05;0-60;0;0,0;0;0;0;0;0;0;0;0;0;0;2;2,0;2;2;2;2;2;2;2,0;2,0;2,0;2,0;1,000000000000000;1,000000000000000;1,000000000000000;1,000000000000000;1,000000000000000;1,000000000000000;1,000000000000000;1,000000000000000;1,000000000000000;1,000000000000000;1,000000000000000
2021-07-05;60+;0;0,0;0;0;0;0;0;0;0;0;0;0;0;0,0;0;0;0;0;0;0;0,0;0,0;0,0;0,0;1,000000000000000;1,000000000000000;1,000000000000000;1,000000000000000;1,000000000000000;1,000000000000000;1,000000000000000;1,000000000000000;1,000000000000000;1,000000000000000;1,000000000000000
2021-07-05;alle;0;0,0;0;0;0;0;0;0;0;0;0;0;2;2,0;2;2;2;2;2;2;2,0;2,0;2,0;2,0;NA;NA;NA;NA;NA;NA;NA;NA;NA;NA;NA
2021-07-04;0-60;0;0,0;0;0;0;0;0;0;0;0;0;0;2;2,0;2;2;2;2;2;2;2,0;2,0;2,0;2,0;1,000000000000000;1,000000000000000;1,000000000000000;1,000000000000000;1,000000000000000;1,000000000000000;1,000000000000000;1,000000000000000;1,000000000000000;1,000000000000000;1,000000000000000
2021-07-04;60+;0;0,0;0;0;0;0;0;0;0;0;0;0;0;0,0;0;0;0;0;0;0;0,0;0,0;0,0;0,0;1,000000000000000;1,000000000000000;1,000000000000000;1,000000000000000;1,000000000000000;1,000000000000000;1,000000000000000;1,000000000000000;1,000000000000000;1,000000000000000;1,000000000000000
2021-07-04;alle;0;0,0;0;0;0;0;0;0;0;0;0;0;2;2,0;2;2;2;2;2;2;2,0;2,0;2,0;2,0;NA;NA;NA;NA;NA;NA;NA;NA;NA;NA;NA
2021-07-03;0-60;0;0,0;0;0;0;0;0;0;0;0;0;0;2;2,0;2;2;2;2;2;2;2,0;2,0;2,0;2,0;1,000000000000000;1,000000000000000;1,000000000000000;1,000000000000000;1,000000000000000;1,000000000000000;1,000000000000000;1,000000000000000;1,000000000000000;1,000000000000000;1,000000000000000
2021-07-03;60+;0;0,0;0;0;0;0;0;0;0;0;0;0;1;1,0;1;1;1;1;1;1;1,0;1,0;1,0;1,0;1,000000000000000;1,000000000000000;1,000000000000000;1,000000000000000;1,000000000000000;1,000000000000000;1,000000000000000;1,000000000000000;1,000000000000000;1,000000000000000;1,000000000000000
2021-07-03;alle;0;0,0;0;0;0;0;0;0;0;0;0;0;3;3,0;3;3;3;3;3;3;3,0;3,0;3,0;3,0;NA;NA;NA;NA;NA;NA;NA;NA;NA;NA;NA
2021-07-02;0-60;0;0,0;0;0;0;0;0;0;0;0;0;0;2;2,0;2;2;2;2;2;2;2,0;2,0;2,0;2,0;1,000000000000000;1,000000000000000;1,000000000000000;1,000000000000000;1,000000000000000;1,000000000000000;1,000000000000000;1,000000000000000;1,000000000000000;1,000000000000000;1,000000000000000
2021-07-02;60+;0;0,0;0;0;0;0;0;0;0;0;0;0;1;1,0;1;1;1;1;1;1;1,0;1,0;1,0;1,0;1,000000000000000;1,000000000000000;1,000000000000000;1,000000000000000;1,000000000000000;1,000000000000000;1,000000000000000;1,000000000000000;1,000000000000000;1,000000000000000;1,000000000000000
2021-07-02;alle;0;0,0;0;0;0;0;0;0;0;0;0;0;3;3,0;3;3;3;3;3;3;3,0;3,0;3,0;3,0;NA;NA;NA;NA;NA;NA;NA;NA;NA;NA;NA
2021-07-01;0-60;1;1,0;1;1;1;1;1;1;1;1;1;1;3;3,0;3;3;3;3;3;3;3,0;3,0;3,0;3,0;1,000000000000000;1,000000000000000;1,000000000000000;1,000000000000000;1,000000000000000;1,000000000000000;1,000000000000000;1,000000000000000;1,000000000000000;1,000000000000000;1,000000000000000
2021-07-01;60+;0;0,0;0;0;0;0;0;0;0;0;0;0;1;1,0;1;1;1;1;1;1;1,0;1,0;1,0;1,0;1,000000000000000;1,000000000000000;1,000000000000000;1,000000000000000;1,000000000000000;1,000000000000000;1,000000000000000;1,000000000000000;1,000000000000000;1,000000000000000;1,000000000000000
2021-07-01;alle;1;1,0;1;1;1;1;1;1;1;1;1;1;4;4,0;4;4;4;4;4;4;4,0;4,0;4,0;4,0;NA;NA;NA;NA;NA;NA;NA;NA;NA;NA;NA
2021-06-30;0-60;1;1,0;1;1;1;1;1;1;1;1;1;1;4;4,0;4;4;4;4;4;4;4,0;4,0;4,0;4,0;1,000000000000000;1,000000000000000;1,000000000000000;1,000000000000000;1,000000000000000;1,000000000000000;1,000000000000000;1,000000000000000;1,000000000000000;1,000000000000000;1,000000000000000
2021-06-30;60+;0;0,0;0;0;0;0;0;0;0;0;0;0;1;1,0;1;1;1;1;1;1;1,0;1,0;1,0;1,0;1,000000000000000;1,000000000000000;1,000000000000000;1,000000000000000;1,000000000000000;1,000000000000000;1,000000000000000;1,000000000000000;1,000000000000000;1,000000000000000;1,000000000000000
2021-06-30;alle;1;1,0;1;1;1;1;1;1;1;1;1;1;5;5,0;5;5;5;5;5;5;5,0;5,0;5,0;5,0;NA;NA;NA;NA;NA;NA;NA;NA;NA;NA;NA
2021-06-29;0-60;0;0,0;0;0;0;0;0;0;0;0;0;0;3;3,0;3;3;3;3;3;3;3,0;3,0;3,0;3,0;1,000000000000000;1,000000000000000;1,000000000000000;1,000000000000000;1,000000000000000;1,000000000000000;1,000000000000000;1,000000000000000;1,000000000000000;1,000000000000000;1,000000000000000
2021-06-29;60+;0;0,0;0;0;0;0;0;0;0;0;0;0;2;2,0;2;2;2;2;2;2;2,0;2,0;2,0;2,0;1,000000000000000;1,000000000000000;1,000000000000000;1,000000000000000;1,000000000000000;1,000000000000000;1,000000000000000;1,000000000000000;1,000000000000000;1,000000000000000;1,000000000000000
2021-06-29;alle;0;0,0;0;0;0;0;0;0;0;0;0;0;5;5,0;5;5;5;5;5;5;5,0;5,0;5,0;5,0;NA;NA;NA;NA;NA;NA;NA;NA;NA;NA;NA
2021-06-28;0-60;0;0,0;0;0;0;0;0;0;0;0;0;0;3;3,0;3;3;3;3;3;3;3,0;3,0;3,0;3,0;1,000000000000000;1,000000000000000;1,000000000000000;1,000000000000000;1,000000000000000;1,000000000000000;1,000000000000000;1,000000000000000;1,000000000000000;1,000000000000000;1,000000000000000
2021-06-28;60+;0;0,0;0;0;0;0;0;0;0;0;0;0;2;2,0;2;2;2;2;2;2;2,0;2,0;2,0;2,0;1,000000000000000;1,000000000000000;1,000000000000000;1,000000000000000;1,000000000000000;1,000000000000000;1,000000000000000;1,000000000000000;1,000000000000000;1,000000000000000;1,000000000000000
2021-06-28;alle;0;0,0;0;0;0;0;0;0;0;0;0;0;5;5,0;5;5;5;5;5;5;5,0;5,0;5,0;5,0;NA;NA;NA;NA;NA;NA;NA;NA;NA;NA;NA
2021-06-27;0-60;0;0,0;0;0;0;0;0;0;0;0;0;0;3;3,0;3;3;3;3;3;3;3,0;3,0;3,0;3,0;1,000000000000000;1,000000000000000;1,000000000000000;1,000000000000000;1,000000000000000;1,000000000000000;1,000000000000000;1,000000000000000;1,000000000000000;1,000000000000000;1,000000000000000
2021-06-27;60+;1;1,0;1;1;1;1;1;1;1;1;1;1;3;3,0;3;3;3;3;3;3;3,0;3,0;3,0;3,0;1,000000000000000;1,000000000000000;1,000000000000000;1,000000000000000;1,000000000000000;1,000000000000000;1,000000000000000;1,000000000000000;1,000000000000000;1,000000000000000;1,000000000000000
2021-06-27;alle;1;1,0;1;1;1;1;1;1;1;1;1;1;6;6,0;6;6;6;6;6;6;6,0;6,0;6,0;6,0;NA;NA;NA;NA;NA;NA;NA;NA;NA;NA;NA
2021-06-26;0-60;0;0,0;0;0;0;0;0;0;0;0;0;0;3;3,0;3;3;3;3;3;3;3,0;3,0;3,0;3,0;1,000000000000000;1,000000000000000;1,000000000000000;1,000000000000000;1,000000000000000;1,000000000000000;1,000000000000000;1,000000000000000;1,000000000000000;1,000000000000000;1,000000000000000
2021-06-26;60+;0;0,0;0;0;0;0;0;0;0;0;0;0;3;3,0;3;3;3;3;3;3;3,0;3,0;3,0;3,0;1,000000000000000;1,000000000000000;1,000000000000000;1,000000000000000;1,000000000000000;1,000000000000000;1,000000000000000;1,000000000000000;1,000000000000000;1,000000000000000;1,000000000000000
2021-06-26;alle;0;0,0;0;0;0;0;0;0;0;0;0;0;6;6,0;6;6;6;6;6;6;6,0;6,0;6,0;6,0;NA;NA;NA;NA;NA;NA;NA;NA;NA;NA;NA
2021-06-25;0-60;1;1,0;1;1;1;1;1;1;1;1;1;1;4;4,0;4;4;4;4;4;4;4,0;4,0;4,0;4,0;1,000000000000000;1,000000000000000;1,000000000000000;1,000000000000000;1,000000000000000;1,000000000000000;1,000000000000000;1,000000000000000;1,000000000000000;1,000000000000000;1,000000000000000
2021-06-25;60+;0;0,0;0;0;0;0;0;0;0;0;0;0;3;3,0;3;3;3;3;3;3;3,0;3,0;3,0;3,0;1,000000000000000;1,000000000000000;1,000000000000000;1,000000000000000;1,000000000000000;1,000000000000000;1,000000000000000;1,000000000000000;1,000000000000000;1,000000000000000;1,000000000000000
2021-06-25;alle;1;1,0;1;1;1;1;1;1;1;1;1;1;7;7,0;7;7;7;7;7;7;7,0;7,0;7,0;7,0;NA;NA;NA;NA;NA;NA;NA;NA;NA;NA;NA
2021-06-24;0-60;2;2,0;2;2;2;2;2;2;2;2;2;2;3;3,0;3;3;3;3;3;3;3,0;3,0;3,0;3,0;1,000000000000000;1,000000000000000;1,000000000000000;1,000000000000000;1,000000000000000;1,000000000000000;1,000000000000000;1,000000000000000;1,000000000000000;1,000000000000000;1,000000000000000
2021-06-24;60+;0;0,0;0;0;0;0;0;0;0;0;0;0;3;3,0;3;3;3;3;3;3;3,0;3,0;3,0;3,0;1,000000000000000;1,000000000000000;1,000000000000000;1,000000000000000;1,000000000000000;1,000000000000000;1,000000000000000;1,000000000000000;1,000000000000000;1,000000000000000;1,000000000000000
2021-06-24;alle;2;2,0;2;2;2;2;2;2;2;2;2;2;6;6,0;6;6;6;6;6;6;6,0;6,0;6,0;6,0;NA;NA;NA;NA;NA;NA;NA;NA;NA;NA;NA
2021-06-23;0-60;0;0,0;0;0;0;0;0;0;0;0;0;0;5;5,0;5;5;5;5;5;5;5,0;5,0;5,0;5,0;1,000000000000000;1,000000000000000;1,000000000000000;1,000000000000000;1,000000000000000;1,000000000000000;1,000000000000000;1,000000000000000;1,000000000000000;1,000000000000000;1,000000000000000
2021-06-23;60+;1;1,0;1;1;1;1;1;1;1;1;1;1;3;3,0;3;3;3;3;3;3;3,0;3,0;3,0;3,0;1,000000000000000;1,000000000000000;1,000000000000000;1,000000000000000;1,000000000000000;1,000000000000000;1,000000000000000;1,000000000000000;1,000000000000000;1,000000000000000;1,000000000000000
2021-06-23;alle;1;1,0;1;1;1;1;1;1;1;1;1;1;8;8,0;8;8;8;8;8;8;8,0;8,0;8,0;8,0;NA;NA;NA;NA;NA;NA;NA;NA;NA;NA;NA
2021-06-22;0-60;0;0,0;0;0;0;0;0;0;0;0;0;0;7;7,0;7;7;7;7;7;7;7,0;7,0;7,0;7,0;1,000000000000000;1,000000000000000;1,000000000000000;1,000000000000000;1,000000000000000;1,000000000000000;1,000000000000000;1,000000000000000;1,000000000000000;1,000000000000000;1,000000000000000
2021-06-22;60+;0;0,0;0;0;0;0;0;0;0;0;0;0;2;2,0;2;2;2;2;2;2;2,0;2,0;2,0;2,0;1,000000000000000;1,000000000000000;1,000000000000000;1,000000000000000;1,000000000000000;1,000000000000000;1,000000000000000;1,000000000000000;1,000000000000000;1,000000000000000;1,000000000000000
2021-06-22;alle;0;0,0;0;0;0;0;0;0;0;0;0;0;9;9,0;9;9;9;9;9;9;9,0;9,0;9,0;9,0;NA;NA;NA;NA;NA;NA;NA;NA;NA;NA;NA
2021-06-21;0-60;0;0,0;0;0;0;0;0;0;0;0;0;0;7;7,0;7;7;7;7;7;7;7,0;7,0;7,0;7,0;1,000000000000000;1,000000000000000;1,000000000000000;1,000000000000000;1,000000000000000;1,000000000000000;1,000000000000000;1,000000000000000;1,000000000000000;1,000000000000000;1,000000000000000
2021-06-21;60+;1;1,0;1;1;1;1;1;1;1;1;1;1;2;2,0;2;2;2;2;2;2;2,0;2,0;2,0;2,0;1,000000000000000;1,000000000000000;1,000000000000000;1,000000000000000;1,000000000000000;1,000000000000000;1,000000000000000;1,000000000000000;1,000000000000000;1,000000000000000;1,000000000000000
2021-06-21;alle;1;1,0;1;1;1;1;1;1;1;1;1;1;9;9,0;9;9;9;9;9;9;9,0;9,0;9,0;9,0;NA;NA;NA;NA;NA;NA;NA;NA;NA;NA;NA
2021-06-20;0-60;0;0,0;0;0;0;0;0;0;0;0;0;0;8;8,0;8;8;8;8;8;8;8,0;8,0;8,0;8,0;1,000000000000000;1,000000000000000;1,000000000000000;1,000000000000000;1,000000000000000;1,000000000000000;1,000000000000000;1,000000000000000;1,000000000000000;1,000000000000000;1,000000000000000
2021-06-20;60+;1;1,0;1;1;1;1;1;1;1;1;1;1;1;1,0;1;1;1;1;1;1;1,0;1,0;1,0;1,0;1,000000000000000;1,000000000000000;1,000000000000000;1,000000000000000;1,000000000000000;1,000000000000000;1,000000000000000;1,000000000000000;1,000000000000000;1,000000000000000;1,000000000000000
2021-06-20;alle;1;1,0;1;1;1;1;1;1;1;1;1;1;9;9,0;9;9;9;9;9;9;9,0;9,0;9,0;9,0;NA;NA;NA;NA;NA;NA;NA;NA;NA;NA;NA
2021-06-19;0-60;1;1,0;1;1;1;1;1;1;1;1;1;1;8;8,0;8;8;8;8;8;8;8,0;8,0;8,0;8,0;1,000000000000000;1,000000000000000;1,000000000000000;1,000000000000000;1,000000000000000;1,000000000000000;1,000000000000000;1,000000000000000;1,000000000000000;1,000000000000000;1,000000000000000
2021-06-19;60+;0;0,0;0;0;0;0;0;0;0;0;0;0;0;0,0;0;0;0;0;0;0;0,0;0,0;0,0;0,0;1,000000000000000;1,000000000000000;1,000000000000000;1,000000000000000;1,000000000000000;1,000000000000000;1,000000000000000;1,000000000000000;1,000000000000000;1,000000000000000;1,000000000000000
2021-06-19;alle;1;1,0;1;1;1;1;1;1;1;1;1;1;8;8,0;8;8;8;8;8;8;8,0;8,0;8,0;8,0;NA;NA;NA;NA;NA;NA;NA;NA;NA;NA;NA
2021-06-18;0-60;0;0,0;0;0;0;0;0;0;0;0;0;0;10;10,0;10;10;10;10;10;10;10,0;10,0;10,0;10,0;1,000000000000000;1,000000000000000;1,000000000000000;1,000000000000000;1,000000000000000;1,000000000000000;1,000000000000000;1,000000000000000;1,000000000000000;1,000000000000000;1,000000000000000
2021-06-18;60+;0;0,0;0;0;0;0;0;0;0;0;0;0;1;1,0;1;1;1;1;1;1;1,0;1,0;1,0;1,0;1,000000000000000;1,000000000000000;1,000000000000000;1,000000000000000;1,000000000000000;1,000000000000000;1,000000000000000;1,000000000000000;1,000000000000000;1,000000000000000;1,000000000000000
2021-06-18;alle;0;0,0;0;0;0;0;0;0;0;0;0;0;11;11,0;11;11;11;11;11;11;11,0;11,0;11,0;11,0;NA;NA;NA;NA;NA;NA;NA;NA;NA;NA;NA
2021-06-17;0-60;4;4,0;4;4;4;4;4;4;4;4;4;4;11;11,0;11;11;11;11;11;11;11,0;11,0;11,0;11,0;1,000000000000000;1,000000000000000;1,000000000000000;1,000000000000000;1,000000000000000;1,000000000000000;1,000000000000000;1,000000000000000;1,000000000000000;1,000000000000000;1,000000000000000
2021-06-17;60+;0;0,0;0;0;0;0;0;0;0;0;0;0;2;2,0;2;2;2;2;2;2;2,0;2,0;2,0;2,0;1,000000000000000;1,000000000000000;1,000000000000000;1,000000000000000;1,000000000000000;1,000000000000000;1,000000000000000;1,000000000000000;1,000000000000000;1,000000000000000;1,000000000000000
2021-06-17;alle;4;4,0;4;4;4;4;4;4;4;4;4;4;13;13,0;13;13;13;13;13;13;13,0;13,0;13,0;13,0;NA;NA;NA;NA;NA;NA;NA;NA;NA;NA;NA
2021-06-16;0-60;2;2,0;2;2;2;2;2;2;2;2;2;2;8;8,0;8;8;8;8;8;8;8,0;8,0;8,0;8,0;1,000000000000000;1,000000000000000;1,000000000000000;1,000000000000000;1,000000000000000;1,000000000000000;1,000000000000000;1,000000000000000;1,000000000000000;1,000000000000000;1,000000000000000
2021-06-16;60+;0;0,0;0;0;0;0;0;0;0;0;0;0;2;2,0;2;2;2;2;2;2;2,0;2,0;2,0;2,0;1,000000000000000;1,000000000000000;1,000000000000000;1,000000000000000;1,000000000000000;1,000000000000000;1,000000000000000;1,000000000000000;1,000000000000000;1,000000000000000;1,000000000000000
2021-06-16;alle;2;2,0;2;2;2;2;2;2;2;2;2;2;10;10,0;10;10;10;10;10;10;10,0;10,0;10,0;10,0;NA;NA;NA;NA;NA;NA;NA;NA;NA;NA;NA
2021-06-15;0-60;0;0,0;0;0;0;0;0;0;0;0;0;0;8;8,0;8;8;8;8;8;8;8,0;8,0;8,0;8,0;1,000000000000000;1,000000000000000;1,000000000000000;1,000000000000000;1,000000000000000;1,000000000000000;1,000000000000000;1,000000000000000;1,000000000000000;1,000000000000000;1,000000000000000
2021-06-15;60+;0;0,0;0;0;0;0;0;0;0;0;0;0;2;2,0;2;2;2;2;2;2;2,0;2,0;2,0;2,0;1,000000000000000;1,000000000000000;1,000000000000000;1,000000000000000;1,000000000000000;1,000000000000000;1,000000000000000;1,000000000000000;1,000000000000000;1,000000000000000;1,000000000000000
2021-06-15;alle;0;0,0;0;0;0;0;0;0;0;0;0;0;10;10,0;10;10;10;10;10;10;10,0;10,0;10,0;10,0;NA;NA;NA;NA;NA;NA;NA;NA;NA;NA;NA
2021-06-14;0-60;1;1,0;1;1;1;1;1;1;1;1;1;1;8;8,0;8;8;8;8;8;8;8,0;8,0;8,0;8,0;1,000000000000000;1,000000000000000;1,000000000000000;1,000000000000000;1,000000000000000;1,000000000000000;1,000000000000000;1,000000000000000;1,000000000000000;1,000000000000000;1,000000000000000
2021-06-14;60+;0;0,0;0;0;0;0;0;0;0;0;0;0;2;2,0;2;2;2;2;2;2;2,0;2,0;2,0;2,0;1,000000000000000;1,000000000000000;1,000000000000000;1,000000000000000;1,000000000000000;1,000000000000000;1,000000000000000;1,000000000000000;1,000000000000000;1,000000000000000;1,000000000000000
2021-06-14;alle;1;1,0;1;1;1;1;1;1;1;1;1;1;10;10,0;10;10;10;10;10;10;10,0;10,0;10,0;10,0;NA;NA;NA;NA;NA;NA;NA;NA;NA;NA;NA
2021-06-13;0-60;0;0,0;0;0;0;0;0;0;0;0;0;0;7;7,0;7;7;7;7;7;7;7,0;7,0;7,0;7,0;1,000000000000000;1,000000000000000;1,000000000000000;1,000000000000000;1,000000000000000;1,000000000000000;1,000000000000000;1,000000000000000;1,000000000000000;1,000000000000000;1,000000000000000
2021-06-13;60+;0;0,0;0;0;0;0;0;0;0;0;0;0;2;2,0;2;2;2;2;2;2;2,0;2,0;2,0;2,0;1,000000000000000;1,000000000000000;1,000000000000000;1,000000000000000;1,000000000000000;1,000000000000000;1,000000000000000;1,000000000000000;1,000000000000000;1,000000000000000;1,000000000000000
2021-06-13;alle;0;0,0;0;0;0;0;0;0;0;0;0;0;9;9,0;9;9;9;9;9;9;9,0;9,0;9,0;9,0;NA;NA;NA;NA;NA;NA;NA;NA;NA;NA;NA
2021-06-12;0-60;3;3,0;3;3;3;3;3;3;3;3;3;3;7;7,0;7;7;7;7;7;7;7,0;7,0;7,0;7,0;1,000000000000000;1,000000000000000;1,000000000000000;1,000000000000000;1,000000000000000;1,000000000000000;1,000000000000000;1,000000000000000;1,000000000000000;1,000000000000000;1,000000000000000
2021-06-12;60+;1;1,0;1;1;1;1;1;1;1;1;1;1;2;2,0;2;2;2;2;2;2;2,0;2,0;2,0;2,0;1,000000000000000;1,000000000000000;1,000000000000000;1,000000000000000;1,000000000000000;1,000000000000000;1,000000000000000;1,000000000000000;1,000000000000000;1,000000000000000;1,000000000000000
2021-06-12;alle;4;4,0;4;4;4;4;4;4;4;4;4;4;9;9,0;9;9;9;9;9;9;9,0;9,0;9,0;9,0;NA;NA;NA;NA;NA;NA;NA;NA;NA;NA;NA
2021-06-11;0-60;1;1,0;1;1;1;1;1;1;1;1;1;1;4;4,0;4;4;4;4;4;4;4,0;4,0;4,0;4,0;1,000000000000000;1,000000000000000;1,000000000000000;1,000000000000000;1,000000000000000;1,000000000000000;1,000000000000000;1,000000000000000;1,000000000000000;1,000000000000000;1,000000000000000
2021-06-11;60+;1;1,0;1;1;1;1;1;1;1;1;1;1;1;1,0;1;1;1;1;1;1;1,0;1,0;1,0;1,0;1,000000000000000;1,000000000000000;1,000000000000000;1,000000000000000;1,000000000000000;1,000000000000000;1,000000000000000;1,000000000000000;1,000000000000000;1,000000000000000;1,000000000000000
2021-06-11;alle;2;2,0;2;2;2;2;2;2;2;2;2;2;5;5,0;5;5;5;5;5;5;5,0;5,0;5,0;5,0;NA;NA;NA;NA;NA;NA;NA;NA;NA;NA;NA
2021-06-10;0-60;1;1,0;1;1;1;1;1;1;1;1;1;1;5;5,0;5;5;5;5;5;5;5,0;5,0;5,0;5,0;1,000000000000000;1,000000000000000;1,000000000000000;1,000000000000000;1,000000000000000;1,000000000000000;1,000000000000000;1,000000000000000;1,000000000000000;1,000000000000000;1,000000000000000
2021-06-10;60+;0;0,0;0;0;0;0;0;0;0;0;0;0;0;0,0;0;0;0;0;0;0;0,0;0,0;0,0;0,0;1,000000000000000;1,000000000000000;1,000000000000000;1,000000000000000;1,000000000000000;1,000000000000000;1,000000000000000;1,000000000000000;1,000000000000000;1,000000000000000;1,000000000000000
2021-06-10;alle;1;1,0;1;1;1;1;1;1;1;1;1;1;5;5,0;5;5;5;5;5;5;5,0;5,0;5,0;5,0;NA;NA;NA;NA;NA;NA;NA;NA;NA;NA;NA
2021-06-09;0-60;2;2,0;2;2;2;2;2;2;2;2;2;2;5;5,0;5;5;5;5;5;5;5,0;5,0;5,0;5,0;1,000000000000000;1,000000000000000;1,000000000000000;1,000000000000000;1,000000000000000;1,000000000000000;1,000000000000000;1,000000000000000;1,000000000000000;1,000000000000000;1,000000000000000
2021-06-09;60+;0;0,0;0;0;0;0;0;0;0;0;0;0;1;1,0;1;1;1;1;1;1;1,0;1,0;1,0;1,0;1,000000000000000;1,000000000000000;1,000000000000000;1,000000000000000;1,000000000000000;1,000000000000000;1,000000000000000;1,000000000000000;1,000000000000000;1,000000000000000;1,000000000000000
2021-06-09;alle;2;2,0;2;2;2;2;2;2;2;2;2;2;6;6,0;6;6;6;6;6;6;6,0;6,0;6,0;6,0;NA;NA;NA;NA;NA;NA;NA;NA;NA;NA;NA
2021-06-08;0-60;0;0,0;0;0;0;0;0;0;0;0;0;0;4;4,0;4;4;4;4;4;4;4,0;4,0;4,0;4,0;1,000000000000000;1,000000000000000;1,000000000000000;1,000000000000000;1,000000000000000;1,000000000000000;1,000000000000000;1,000000000000000;1,000000000000000;1,000000000000000;1,000000000000000
2021-06-08;60+;0;0,0;0;0;0;0;0;0;0;0;0;0;1;1,0;1;1;1;1;1;1;1,0;1,0;1,0;1,0;1,000000000000000;1,000000000000000;1,000000000000000;1,000000000000000;1,000000000000000;1,000000000000000;1,000000000000000;1,000000000000000;1,000000000000000;1,000000000000000;1,000000000000000
2021-06-08;alle;0;0,0;0;0;0;0;0;0;0;0;0;0;5;5,0;5;5;5;5;5;5;5,0;5,0;5,0;5,0;NA;NA;NA;NA;NA;NA;NA;NA;NA;NA;NA
2021-06-07;0-60;0;0,0;0;0;0;0;0;0;0;0;0;0;5;5,0;5;5;5;5;5;5;5,0;5,0;5,0;5,0;1,000000000000000;1,000000000000000;1,000000000000000;1,000000000000000;1,000000000000000;1,000000000000000;1,000000000000000;1,000000000000000;1,000000000000000;1,000000000000000;1,000000000000000
2021-06-07;60+;0;0,0;0;0;0;0;0;0;0;0;0;0;1;1,0;1;1;1;1;1;1;1,0;1,0;1,0;1,0;1,000000000000000;1,000000000000000;1,000000000000000;1,000000000000000;1,000000000000000;1,000000000000000;1,000000000000000;1,000000000000000;1,000000000000000;1,000000000000000;1,000000000000000
2021-06-07;alle;0;0,0;0;0;0;0;0;0;0;0;0;0;6;6,0;6;6;6;6;6;6;6,0;6,0;6,0;6,0;NA;NA;NA;NA;NA;NA;NA;NA;NA;NA;NA
2021-06-06;0-60;0;0,0;0;0;0;0;0;0;0;0;0;0;6;6,0;6;6;6;6;6;6;6,0;6,0;6,0;6,0;1,000000000000000;1,000000000000000;1,000000000000000;1,000000000000000;1,000000000000000;1,000000000000000;1,000000000000000;1,000000000000000;1,000000000000000;1,000000000000000;1,000000000000000
2021-06-06;60+;0;0,0;0;0;0;0;0;0;0;0;0;0;2;2,0;2;2;2;2;2;2;2,0;2,0;2,0;2,0;1,000000000000000;1,000000000000000;1,000000000000000;1,000000000000000;1,000000000000000;1,000000000000000;1,000000000000000;1,000000000000000;1,000000000000000;1,000000000000000;1,000000000000000
2021-06-06;alle;0;0,0;0;0;0;0;0;0;0;0;0;0;8;8,0;8;8;8;8;8;8;8,0;8,0;8,0;8,0;NA;NA;NA;NA;NA;NA;NA;NA;NA;NA;NA
2021-06-05;0-60;0;0,0;0;0;0;0;0;0;0;0;0;0;7;7,0;7;7;7;7;7;7;7,0;7,0;7,0;7,0;1,000000000000000;1,000000000000000;1,000000000000000;1,000000000000000;1,000000000000000;1,000000000000000;1,000000000000000;1,000000000000000;1,000000000000000;1,000000000000000;1,000000000000000
2021-06-05;60+;0;0,0;0;0;0;0;0;0;0;0;0;0;5;5,0;5;5;5;5;5;5;5,0;5,0;5,0;5,0;1,000000000000000;1,000000000000000;1,000000000000000;1,000000000000000;1,000000000000000;1,000000000000000;1,000000000000000;1,000000000000000;1,000000000000000;1,000000000000000;1,000000000000000
2021-06-05;alle;0;0,0;0;0;0;0;0;0;0;0;0;0;12;12,0;12;12;12;12;12;12;12,0;12,0;12,0;12,0;NA;NA;NA;NA;NA;NA;NA;NA;NA;NA;NA
2021-06-04;0-60;2;2,0;2;2;2;2;2;2;2;2;2;2;7;7,0;7;7;7;7;7;7;7,0;7,0;7,0;7,0;1,000000000000000;1,000000000000000;1,000000000000000;1,000000000000000;1,000000000000000;1,000000000000000;1,000000000000000;1,000000000000000;1,000000000000000;1,000000000000000;1,000000000000000
2021-06-04;60+;0;0,0;0;0;0;0;0;0;0;0;0;0;6;6,0;6;6;6;6;6;6;6,0;6,0;6,0;6,0;1,000000000000000;1,000000000000000;1,000000000000000;1,000000000000000;1,000000000000000;1,000000000000000;1,000000000000000;1,000000000000000;1,000000000000000;1,000000000000000;1,000000000000000
2021-06-04;alle;2;2,0;2;2;2;2;2;2;2;2;2;2;13;13,0;13;13;13;13;13;13;13,0;13,0;13,0;13,0;NA;NA;NA;NA;NA;NA;NA;NA;NA;NA;NA
2021-06-03;0-60;1;1,0;1;1;1;1;1;1;1;1;1;1;7;7,0;7;7;7;7;7;7;7,0;7,0;7,0;7,0;1,000000000000000;1,000000000000000;1,000000000000000;1,000000000000000;1,000000000000000;1,000000000000000;1,000000000000000;1,000000000000000;1,000000000000000;1,000000000000000;1,000000000000000
2021-06-03;60+;1;1,0;1;1;1;1;1;1;1;1;1;1;6;6,0;6;6;6;6;6;6;6,0;6,0;6,0;6,0;1,000000000000000;1,000000000000000;1,000000000000000;1,000000000000000;1,000000000000000;1,000000000000000;1,000000000000000;1,000000000000000;1,000000000000000;1,000000000000000;1,000000000000000
2021-06-03;alle;2;2,0;2;2;2;2;2;2;2;2;2;2;13;13,0;13;13;13;13;13;13;13,0;13,0;13,0;13,0;NA;NA;NA;NA;NA;NA;NA;NA;NA;NA;NA
2021-06-02;0-60;1;1,0;1;1;1;1;1;1;1;1;1;1;7;7,0;7;7;7;7;7;7;7,0;7,0;7,0;7,0;1,000000000000000;1,000000000000000;1,000000000000000;1,000000000000000;1,000000000000000;1,000000000000000;1,000000000000000;1,000000000000000;1,000000000000000;1,000000000000000;1,000000000000000
2021-06-02;60+;0;0,0;0;0;0;0;0;0;0;0;0;0;7;7,0;7;7;7;7;7;7;7,0;7,0;7,0;7,0;1,000000000000000;1,000000000000000;1,000000000000000;1,000000000000000;1,000000000000000;1,000000000000000;1,000000000000000;1,000000000000000;1,000000000000000;1,000000000000000;1,000000000000000
2021-06-02;alle;1;1,0;1;1;1;1;1;1;1;1;1;1;14;14,0;14;14;14;14;14;14;14,0;14,0;14,0;14,0;NA;NA;NA;NA;NA;NA;NA;NA;NA;NA;NA
2021-06-01;0-60;1;1,0;1;1;1;1;1;1;1;1;1;1;6;6,0;6;6;6;6;6;6;6,0;6,0;6,0;6,0;1,000000000000000;1,000000000000000;1,000000000000000;1,000000000000000;1,000000000000000;1,000000000000000;1,000000000000000;1,000000000000000;1,000000000000000;1,000000000000000;1,000000000000000
2021-06-01;60+;0;0,0;0;0;0;0;0;0;0;0;0;0;7;7,0;7;7;7;7;7;7;7,0;7,0;7,0;7,0;1,000000000000000;1,000000000000000;1,000000000000000;1,000000000000000;1,000000000000000;1,000000000000000;1,000000000000000;1,000000000000000;1,000000000000000;1,000000000000000;1,000000000000000
2021-06-01;alle;1;1,0;1;1;1;1;1;1;1;1;1;1;13;13,0;13;13;13;13;13;13;13,0;13,0;13,0;13,0;NA;NA;NA;NA;NA;NA;NA;NA;NA;NA;NA
2021-05-31;0-60;1;1,0;1;1;1;1;1;1;1;1;1;1;5;5,0;5;5;5;5;5;5;5,0;5,0;5,0;5,0;1,000000000000000;1,000000000000000;1,000000000000000;1,000000000000000;1,000000000000000;1,000000000000000;1,000000000000000;1,000000000000000;1,000000000000000;1,000000000000000;1,000000000000000
2021-05-31;60+;1;1,0;1;1;1;1;1;1;1;1;1;1;7;7,0;7;7;7;7;7;7;7,0;7,0;7,0;7,0;1,000000000000000;1,000000000000000;1,000000000000000;1,000000000000000;1,000000000000000;1,000000000000000;1,000000000000000;1,000000000000000;1,000000000000000;1,000000000000000;1,000000000000000
2021-05-31;alle;2;2,0;2;2;2;2;2;2;2;2;2;2;12;12,0;12;12;12;12;12;12;12,0;12,0;12,0;12,0;NA;NA;NA;NA;NA;NA;NA;NA;NA;NA;NA
2021-05-30;0-60;1;1,0;1;1;1;1;1;1;1;1;1;1;4;4,0;4;4;4;4;4;4;4,0;4,0;4,0;4,0;1,000000000000000;1,000000000000000;1,000000000000000;1,000000000000000;1,000000000000000;1,000000000000000;1,000000000000000;1,000000000000000;1,000000000000000;1,000000000000000;1,000000000000000
2021-05-30;60+;3;3,0;3;3;3;3;3;3;3;3;3;3;7;7,0;7;7;7;7;7;7;7,0;7,0;7,0;7,0;1,000000000000000;1,000000000000000;1,000000000000000;1,000000000000000;1,000000000000000;1,000000000000000;1,000000000000000;1,000000000000000;1,000000000000000;1,000000000000000;1,000000000000000
2021-05-30;alle;4;4,0;4;4;4;4;4;4;4;4;4;4;11;11,0;11;11;11;11;11;11;11,0;11,0;11,0;11,0;NA;NA;NA;NA;NA;NA;NA;NA;NA;NA;NA
2021-05-29;0-60;0;0,0;0;0;0;0;0;0;0;0;0;0;4;4,0;4;4;4;4;4;4;4,0;4,0;4,0;4,0;1,000000000000000;1,000000000000000;1,000000000000000;1,000000000000000;1,000000000000000;1,000000000000000;1,000000000000000;1,000000000000000;1,000000000000000;1,000000000000000;1,000000000000000
2021-05-29;60+;1;1,0;1;1;1;1;1;1;1;1;1;1;5;5,0;5;5;5;5;5;5;5,0;5,0;5,0;5,0;1,000000000000000;1,000000000000000;1,000000000000000;1,000000000000000;1,000000000000000;1,000000000000000;1,000000000000000;1,000000000000000;1,000000000000000;1,000000000000000;1,000000000000000
2021-05-29;alle;1;1,0;1;1;1;1;1;1;1;1;1;1;9;9,0;9;9;9;9;9;9;9,0;9,0;9,0;9,0;NA;NA;NA;NA;NA;NA;NA;NA;NA;NA;NA
2021-05-28;0-60;2;2,0;2;2;2;2;2;2;2;2;2;2;5;5,0;5;5;5;5;5;5;5,0;5,0;5,0;5,0;1,000000000000000;1,000000000000000;1,000000000000000;1,000000000000000;1,000000000000000;1,000000000000000;1,000000000000000;1,000000000000000;1,000000000000000;1,000000000000000;1,000000000000000
2021-05-28;60+;0;0,0;0;0;0;0;0;0;0;0;0;0;5;5,0;5;5;5;5;5;5;5,0;5,0;5,0;5,0;1,000000000000000;1,000000000000000;1,000000000000000;1,000000000000000;1,000000000000000;1,000000000000000;1,000000000000000;1,000000000000000;1,000000000000000;1,000000000000000;1,000000000000000
2021-05-28;alle;2;2,0;2;2;2;2;2;2;2;2;2;2;10;10,0;10;10;10;10;10;10;10,0;10,0;10,0;10,0;NA;NA;NA;NA;NA;NA;NA;NA;NA;NA;NA
2021-05-27;0-60;1;1,0;1;1;1;1;1;1;1;1;1;1;5;5,0;5;5;5;5;5;5;5,0;5,0;5,0;5,0;1,000000000000000;1,000000000000000;1,000000000000000;1,000000000000000;1,000000000000000;1,000000000000000;1,000000000000000;1,000000000000000;1,000000000000000;1,000000000000000;1,000000000000000
2021-05-27;60+;2;2,0;2;2;2;2;2;2;2;2;2;2;8;8,0;8;8;8;8;8;8;8,0;8,0;8,0;8,0;1,000000000000000;1,000000000000000;1,000000000000000;1,000000000000000;1,000000000000000;1,000000000000000;1,000000000000000;1,000000000000000;1,000000000000000;1,000000000000000;1,000000000000000
2021-05-27;alle;3;3,0;3;3;3;3;3;3;3;3;3;3;13;13,0;13;13;13;13;13;13;13,0;13,0;13,0;13,0;NA;NA;NA;NA;NA;NA;NA;NA;NA;NA;NA
2021-05-26;0-60;0;0,0;0;0;0;0;0;0;0;0;0;0;11;11,0;11;11;11;11;11;11;11,0;11,0;11,0;11,0;1,000000000000000;1,000000000000000;1,000000000000000;1,000000000000000;1,000000000000000;1,000000000000000;1,000000000000000;1,000000000000000;1,000000000000000;1,000000000000000;1,000000000000000
2021-05-26;60+;0;0,0;0;0;0;0;0;0;0;0;0;0;8;8,0;8;8;8;8;8;8;8,0;8,0;8,0;8,0;1,000000000000000;1,000000000000000;1,000000000000000;1,000000000000000;1,000000000000000;1,000000000000000;1,000000000000000;1,000000000000000;1,000000000000000;1,000000000000000;1,000000000000000
2021-05-26;alle;0;0,0;0;0;0;0;0;0;0;0;0;0;19;19,0;19;19;19;19;19;19;19,0;19,0;19,0;19,0;NA;NA;NA;NA;NA;NA;NA;NA;NA;NA;NA
2021-05-25;0-60;0;0,0;0;0;0;0;0;0;0;0;0;0;15;15,0;15;15;15;15;15;15;15,0;15,0;15,0;15,0;1,000000000000000;1,000000000000000;1,000000000000000;1,000000000000000;1,000000000000000;1,000000000000000;1,000000000000000;1,000000000000000;1,000000000000000;1,000000000000000;1,000000000000000
2021-05-25;60+;0;0,0;0;0;0;0;0;0;0;0;0;0;12;12,0;12;12;12;12;12;12;12,0;12,0;12,0;12,0;1,000000000000000;1,000000000000000;1,000000000000000;1,000000000000000;1,000000000000000;1,000000000000000;1,000000000000000;1,000000000000000;1,000000000000000;1,000000000000000;1,000000000000000
2021-05-25;alle;0;0,0;0;0;0;0;0;0;0;0;0;0;27;27,0;27;27;27;27;27;27;27,0;27,0;27,0;27,0;NA;NA;NA;NA;NA;NA;NA;NA;NA;NA;NA
2021-05-24;0-60;0;0,0;0;0;0;0;0;0;0;0;0;0;15;15,0;15;15;15;15;15;15;15,0;15,0;15,0;15,0;1,000000000000000;1,000000000000000;1,000000000000000;1,000000000000000;1,000000000000000;1,000000000000000;1,000000000000000;1,000000000000000;1,000000000000000;1,000000000000000;1,000000000000000
2021-05-24;60+;1;1,0;1;1;1;1;1;1;1;1;1;1;14;14,0;14;14;14;14;14;14;14,0;14,0;14,0;14,0;1,000000000000000;1,000000000000000;1,000000000000000;1,000000000000000;1,000000000000000;1,000000000000000;1,000000000000000;1,000000000000000;1,000000000000000;1,000000000000000;1,000000000000000
2021-05-24;alle;1;1,0;1;1;1;1;1;1;1;1;1;1;29;29,0;29;29;29;29;29;29;29,0;29,0;29,0;29,0;NA;NA;NA;NA;NA;NA;NA;NA;NA;NA;NA
2021-05-23;0-60;1;1,0;1;1;1;1;1;1;1;1;1;1;20;20,0;20;20;20;20;20;20;20,0;20,0;20,0;20,0;1,000000000000000;1,000000000000000;1,000000000000000;1,000000000000000;1,000000000000000;1,000000000000000;1,000000000000000;1,000000000000000;1,000000000000000;1,000000000000000;1,000000000000000
2021-05-23;60+;1;1,0;1;1;1;1;1;1;1;1;1;1;14;14,0;14;14;14;14;14;14;14,0;14,0;14,0;14,0;1,000000000000000;1,000000000000000;1,000000000000000;1,000000000000000;1,000000000000000;1,000000000000000;1,000000000000000;1,000000000000000;1,000000000000000;1,000000000000000;1,000000000000000
2021-05-23;alle;2;2,0;2;2;2;2;2;2;2;2;2;2;34;34,0;34;34;34;34;34;34;34,0;34,0;34,0;34,0;NA;NA;NA;NA;NA;NA;NA;NA;NA;NA;NA
2021-05-22;0-60;1;1,0;1;1;1;1;1;1;1;1;1;1;22;22,0;22;22;22;22;22;22;22,0;22,0;22,0;22,0;1,000000000000000;1,000000000000000;1,000000000000000;1,000000000000000;1,000000000000000;1,000000000000000;1,000000000000000;1,000000000000000;1,000000000000000;1,000000000000000;1,000000000000000
2021-05-22;60+;1;1,0;1;1;1;1;1;1;1;1;1;1;19;19,0;19;19;19;19;19;19;19,0;19,0;19,0;19,0;1,000000000000000;1,000000000000000;1,000000000000000;1,000000000000000;1,000000000000000;1,000000000000000;1,000000000000000;1,000000000000000;1,000000000000000;1,000000000000000;1,000000000000000
2021-05-22;alle;2;2,0;2;2;2;2;2;2;2;2;2;2;41;41,0;41;41;41;41;41;41;41,0;41,0;41,0;41,0;NA;NA;NA;NA;NA;NA;NA;NA;NA;NA;NA
2021-05-21;0-60;2;2,0;2;2;2;2;2;2;2;2;2;2;21;21,0;21;21;21;21;21;21;21,0;21,0;21,0;21,0;1,000000000000000;1,000000000000000;1,000000000000000;1,000000000000000;1,000000000000000;1,000000000000000;1,000000000000000;1,000000000000000;1,000000000000000;1,000000000000000;1,000000000000000
2021-05-21;60+;3;3,0;3;3;3;3;3;3;3;3;3;3;18;18,0;18;18;18;18;18;18;18,0;18,0;18,0;18,0;1,000000000000000;1,000000000000000;1,000000000000000;1,000000000000000;1,000000000000000;1,000000000000000;1,000000000000000;1,000000000000000;1,000000000000000;1,000000000000000;1,000000000000000
2021-05-21;alle;5;5,0;5;5;5;5;5;5;5;5;5;5;39;39,0;39;39;39;39;39;39;39,0;39,0;39,0;39,0;NA;NA;NA;NA;NA;NA;NA;NA;NA;NA;NA
2021-05-20;0-60;7;7,0;7;7;7;7;7;7;7;7;7;7;24;24,0;24;24;24;24;24;24;24,0;24,0;24,0;24,0;1,000000000000000;1,000000000000000;1,000000000000000;1,000000000000000;1,000000000000000;1,000000000000000;1,000000000000000;1,000000000000000;1,000000000000000;1,000000000000000;1,000000000000000
2021-05-20;60+;2;2,0;2;2;2;2;2;2;2;2;2;2;18;18,0;18;18;18;18;18;18;18,0;18,0;18,0;18,0;1,000000000000000;1,000000000000000;1,000000000000000;1,000000000000000;1,000000000000000;1,000000000000000;1,000000000000000;1,000000000000000;1,000000000000000;1,000000000000000;1,000000000000000
2021-05-20;alle;9;9,0;9;9;9;9;9;9;9;9;9;9;42;42,0;42;42;42;42;42;42;42,0;42,0;42,0;42,0;NA;NA;NA;NA;NA;NA;NA;NA;NA;NA;NA
2021-05-19;0-60;4;4,0;4;4;4;4;4;4;4;4;4;4;19;19,0;19;19;19;19;19;19;19,0;19,0;19,0;19,0;1,000000000000000;1,000000000000000;1,000000000000000;1,000000000000000;1,000000000000000;1,000000000000000;1,000000000000000;1,000000000000000;1,000000000000000;1,000000000000000;1,000000000000000
2021-05-19;60+;4;4,0;4;4;4;4;4;4;4;4;4;4;21;21,0;21;21;21;21;21;21;21,0;21,0;21,0;21,0;1,000000000000000;1,000000000000000;1,000000000000000;1,000000000000000;1,000000000000000;1,000000000000000;1,000000000000000;1,000000000000000;1,000000000000000;1,000000000000000;1,000000000000000
2021-05-19;alle;8;8,0;8;8;8;8;8;8;8;8;8;8;40;40,0;40;40;40;40;40;40;40,0;40,0;40,0;40,0;NA;NA;NA;NA;NA;NA;NA;NA;NA;NA;NA
2021-05-18;0-60;0;0,0;0;0;0;0;0;0;0;0;0;0;19;19,0;19;19;19;19;19;19;19,0;19,0;19,0;19,0;1,000000000000000;1,000000000000000;1,000000000000000;1,000000000000000;1,000000000000000;1,000000000000000;1,000000000000000;1,000000000000000;1,000000000000000;1,000000000000000;1,000000000000000
2021-05-18;60+;2;2,0;2;2;2;2;2;2;2;2;2;2;18;18,0;18;18;18;18;18;18;18,0;18,0;18,0;18,0;1,000000000000000;1,000000000000000;1,000000000000000;1,000000000000000;1,000000000000000;1,000000000000000;1,000000000000000;1,000000000000000;1,000000000000000;1,000000000000000;1,000000000000000
2021-05-18;alle;2;2,0;2;2;2;2;2;2;2;2;2;2;37;37,0;37;37;37;37;37;37;37,0;37,0;37,0;37,0;NA;NA;NA;NA;NA;NA;NA;NA;NA;NA;NA
2021-05-17;0-60;5;5,0;5;5;5;5;5;5;5;5;5;5;23;23,0;23;23;23;23;23;23;23,0;23,0;23,0;23,0;1,000000000000000;1,000000000000000;1,000000000000000;1,000000000000000;1,000000000000000;1,000000000000000;1,000000000000000;1,000000000000000;1,000000000000000;1,000000000000000;1,000000000000000
2021-05-17;60+;1;1,0;1;1;1;1;1;1;1;1;1;1;16;16,0;16;16;16;16;16;16;16,0;16,0;16,0;16,0;1,000000000000000;1,000000000000000;1,000000000000000;1,000000000000000;1,000000000000000;1,000000000000000;1,000000000000000;1,000000000000000;1,000000000000000;1,000000000000000;1,000000000000000
2021-05-17;alle;6;6,0;6;6;6;6;6;6;6;6;6;6;39;39,0;39;39;39;39;39;39;39,0;39,0;39,0;39,0;NA;NA;NA;NA;NA;NA;NA;NA;NA;NA;NA
2021-05-16;0-60;3;3,0;3;3;3;3;3;3;3;3;3;3;20;20,0;20;20;20;20;20;20;20,0;20,0;20,0;20,0;1,000000000000000;1,000000000000000;1,000000000000000;1,000000000000000;1,000000000000000;1,000000000000000;1,000000000000000;1,000000000000000;1,000000000000000;1,000000000000000;1,000000000000000
2021-05-16;60+;6;6,0;6;6;6;6;6;6;6;6;6;6;16;16,0;16;16;16;16;16;16;16,0;16,0;16,0;16,0;1,000000000000000;1,000000000000000;1,000000000000000;1,000000000000000;1,000000000000000;1,000000000000000;1,000000000000000;1,000000000000000;1,000000000000000;1,000000000000000;1,000000000000000
2021-05-16;alle;9;9,0;9;9;9;9;9;9;9;9;9;9;36;36,0;36;36;36;36;36;36;36,0;36,0;36,0;36,0;NA;NA;NA;NA;NA;NA;NA;NA;NA;NA;NA
2021-05-15;0-60;0;0,0;0;0;0;0;0;0;0;0;0;0;19;19,0;19;19;19;19;19;19;19,0;19,0;19,0;19,0;1,000000000000000;1,000000000000000;1,000000000000000;1,000000000000000;1,000000000000000;1,000000000000000;1,000000000000000;1,000000000000000;1,000000000000000;1,000000000000000;1,000000000000000
2021-05-15;60+;0;0,0;0;0;0;0;0;0;0;0;0;0;13;13,0;13;13;13;13;13;13;13,0;13,0;13,0;13,0;1,000000000000000;1,000000000000000;1,000000000000000;1,000000000000000;1,000000000000000;1,000000000000000;1,000000000000000;1,000000000000000;1,000000000000000;1,000000000000000;1,000000000000000
2021-05-15;alle;0;0,0;0;0;0;0;0;0;0;0;0;0;32;32,0;32;32;32;32;32;32;32,0;32,0;32,0;32,0;NA;NA;NA;NA;NA;NA;NA;NA;NA;NA;NA
2021-05-14;0-60;5;5,0;5;5;5;5;5;5;5;5;5;5;24;24,0;24;24;24;24;24;24;24,0;24,0;24,0;24,0;1,000000000000000;1,000000000000000;1,000000000000000;1,000000000000000;1,000000000000000;1,000000000000000;1,000000000000000;1,000000000000000;1,000000000000000;1,000000000000000;1,000000000000000
2021-05-14;60+;3;3,0;3;3;3;3;3;3;3;3;3;3;15;15,0;15;15;15;15;15;15;15,0;15,0;15,0;15,0;1,000000000000000;1,000000000000000;1,000000000000000;1,000000000000000;1,000000000000000;1,000000000000000;1,000000000000000;1,000000000000000;1,000000000000000;1,000000000000000;1,000000000000000
2021-05-14;alle;8;8,0;8;8;8;8;8;8;8;8;8;8;39;39,0;39;39;39;39;39;39;39,0;39,0;39,0;39,0;NA;NA;NA;NA;NA;NA;NA;NA;NA;NA;NA
2021-05-13;0-60;2;2,0;2;2;2;2;2;2;2;2;2;2;24;24,0;24;24;24;24;24;24;24,0;24,0;24,0;24,0;1,000000000000000;1,000000000000000;1,000000000000000;1,000000000000000;1,000000000000000;1,000000000000000;1,000000000000000;1,000000000000000;1,000000000000000;1,000000000000000;1,000000000000000
2021-05-13;60+;5;5,0;5;5;5;5;5;5;5;5;5;5;15;15,0;15;15;15;15;15;15;15,0;15,0;15,0;15,0;1,000000000000000;1,000000000000000;1,000000000000000;1,000000000000000;1,000000000000000;1,000000000000000;1,000000000000000;1,000000000000000;1,000000000000000;1,000000000000000;1,000000000000000
2021-05-13;alle;7;7,0;7;7;7;7;7;7;7;7;7;7;39;39,0;39;39;39;39;39;39;39,0;39,0;39,0;39,0;NA;NA;NA;NA;NA;NA;NA;NA;NA;NA;NA
2021-05-12;0-60;4;4,0;4;4;4;4;4;4;4;4;4;4;26;26,0;26;26;26;26;26;26;26,0;26,0;26,0;26,0;1,000000000000000;1,000000000000000;1,000000000000000;1,000000000000000;1,000000000000000;1,000000000000000;1,000000000000000;1,000000000000000;1,000000000000000;1,000000000000000;1,000000000000000
2021-05-12;60+;1;1,0;1;1;1;1;1;1;1;1;1;1;15;15,0;15;15;15;15;15;15;15,0;15,0;15,0;15,0;1,000000000000000;1,000000000000000;1,000000000000000;1,000000000000000;1,000000000000000;1,000000000000000;1,000000000000000;1,000000000000000;1,000000000000000;1,000000000000000;1,000000000000000
2021-05-12;alle;5;5,0;5;5;5;5;5;5;5;5;5;5;41;41,0;41;41;41;41;41;41;41,0;41,0;41,0;41,0;NA;NA;NA;NA;NA;NA;NA;NA;NA;NA;NA
2021-05-11;0-60;4;4,0;4;4;4;4;4;4;4;4;4;4;25;25,0;25;25;25;25;25;25;25,0;25,0;25,0;25,0;1,000000000000000;1,000000000000000;1,000000000000000;1,000000000000000;1,000000000000000;1,000000000000000;1,000000000000000;1,000000000000000;1,000000000000000;1,000000000000000;1,000000000000000
2021-05-11;60+;0;0,0;0;0;0;0;0;0;0;0;0;0;16;16,0;16;16;16;16;16;16;16,0;16,0;16,0;16,0;1,000000000000000;1,000000000000000;1,000000000000000;1,000000000000000;1,000000000000000;1,000000000000000;1,000000000000000;1,000000000000000;1,000000000000000;1,000000000000000;1,000000000000000
2021-05-11;alle;4;4,0;4;4;4;4;4;4;4;4;4;4;41;41,0;41;41;41;41;41;41;41,0;41,0;41,0;41,0;NA;NA;NA;NA;NA;NA;NA;NA;NA;NA;NA
2021-05-10;0-60;2;2,0;2;2;2;2;2;2;2;2;2;2;22;22,0;22;22;22;22;22;22;22,0;22,0;22,0;22,0;1,000000000000000;1,000000000000000;1,000000000000000;1,000000000000000;1,000000000000000;1,000000000000000;1,000000000000000;1,000000000000000;1,000000000000000;1,000000000000000;1,000000000000000
2021-05-10;60+;1;1,0;1;1;1;1;1;1;1;1;1;1;20;20,0;20;20;20;20;20;20;20,0;20,0;20,0;20,0;1,000000000000000;1,000000000000000;1,000000000000000;1,000000000000000;1,000000000000000;1,000000000000000;1,000000000000000;1,000000000000000;1,000000000000000;1,000000000000000;1,000000000000000
2021-05-10;alle;3;3,0;3;3;3;3;3;3;3;3;3;3;42;42,0;42;42;42;42;42;42;42,0;42,0;42,0;42,0;NA;NA;NA;NA;NA;NA;NA;NA;NA;NA;NA
2021-05-09;0-60;2;2,0;2;2;2;2;2;2;2;2;2;2;22;22,0;22;22;22;22;22;22;22,0;22,0;22,0;22,0;1,000000000000000;1,000000000000000;1,000000000000000;1,000000000000000;1,000000000000000;1,000000000000000;1,000000000000000;1,000000000000000;1,000000000000000;1,000000000000000;1,000000000000000
2021-05-09;60+;3;3,0;3;3;3;3;3;3;3;3;3;3;25;25,0;25;25;25;25;25;25;25,0;25,0;25,0;25,0;1,000000000000000;1,000000000000000;1,000000000000000;1,000000000000000;1,000000000000000;1,000000000000000;1,000000000000000;1,000000000000000;1,000000000000000;1,000000000000000;1,000000000000000
2021-05-09;alle;5;5,0;5;5;5;5;5;5;5;5;5;5;47;47,0;47;47;47;47;47;47;47,0;47,0;47,0;47,0;NA;NA;NA;NA;NA;NA;NA;NA;NA;NA;NA
2021-05-08;0-60;5;5,0;5;5;5;5;5;5;5;5;5;5;32;32,0;32;32;32;32;32;32;32,0;32,0;32,0;32,0;1,000000000000000;1,000000000000000;1,000000000000000;1,000000000000000;1,000000000000000;1,000000000000000;1,000000000000000;1,000000000000000;1,000000000000000;1,000000000000000;1,000000000000000
2021-05-08;60+;2;2,0;2;2;2;2;2;2;2;2;2;2;28;28,0;28;28;28;28;28;28;28,0;28,0;28,0;28,0;1,000000000000000;1,000000000000000;1,000000000000000;1,000000000000000;1,000000000000000;1,000000000000000;1,000000000000000;1,000000000000000;1,000000000000000;1,000000000000000;1,000000000000000
2021-05-08;alle;7;7,0;7;7;7;7;7;7;7;7;7;7;60;60,0;60;60;60;60;60;60;60,0;60,0;60,0;60,0;NA;NA;NA;NA;NA;NA;NA;NA;NA;NA;NA
2021-05-07;0-60;5;5,0;5;5;5;5;5;5;5;5;5;5;34;34,0;34;34;34;34;34;34;34,0;34,0;34,0;34,0;1,000000000000000;1,000000000000000;1,000000000000000;1,000000000000000;1,000000000000000;1,000000000000000;1,000000000000000;1,000000000000000;1,000000000000000;1,000000000000000;1,000000000000000
2021-05-07;60+;3;3,0;3;3;3;3;3;3;3;3;3;3;28;28,0;28;28;28;28;28;28;28,0;28,0;28,0;28,0;1,000000000000000;1,000000000000000;1,000000000000000;1,000000000000000;1,000000000000000;1,000000000000000;1,000000000000000;1,000000000000000;1,000000000000000;1,000000000000000;1,000000000000000
2021-05-07;alle;8;8,0;8;8;8;8;8;8;8;8;8;8;62;62,0;62;62;62;62;62;62;62,0;62,0;62,0;62,0;NA;NA;NA;NA;NA;NA;NA;NA;NA;NA;NA
2021-05-06;0-60;4;4,0;4;4;4;4;4;4;4;4;4;4;40;40,0;40;40;40;40;40;40;40,0;40,0;40,0;40,0;1,000000000000000;1,000000000000000;1,000000000000000;1,000000000000000;1,000000000000000;1,000000000000000;1,000000000000000;1,000000000000000;1,000000000000000;1,000000000000000;1,000000000000000
2021-05-06;60+;5;5,0;5;5;5;5;5;5;5;5;5;5;30;30,0;30;30;30;30;30;30;30,0;30,0;30,0;30,0;1,000000000000000;1,000000000000000;1,000000000000000;1,000000000000000;1,000000000000000;1,000000000000000;1,000000000000000;1,000000000000000;1,000000000000000;1,000000000000000;1,000000000000000
2021-05-06;alle;9;9,0;9;9;9;9;9;9;9;9;9;9;70;70,0;70;70;70;70;70;70;70,0;70,0;70,0;70,0;NA;NA;NA;NA;NA;NA;NA;NA;NA;NA;NA
2021-05-05;0-60;3;3,0;3;3;3;3;3;3;3;3;3;3;42;42,0;42;42;42;42;42;42;42,0;42,0;42,0;42,0;1,000000000000000;1,000000000000000;1,000000000000000;1,000000000000000;1,000000000000000;1,000000000000000;1,000000000000000;1,000000000000000;1,000000000000000;1,000000000000000;1,000000000000000
2021-05-05;60+;2;2,0;2;2;2;2;2;2;2;2;2;2;34;34,0;34;34;34;34;34;34;34,0;34,0;34,0;34,0;1,000000000000000;1,000000000000000;1,000000000000000;1,000000000000000;1,000000000000000;1,000000000000000;1,000000000000000;1,000000000000000;1,000000000000000;1,000000000000000;1,000000000000000
2021-05-05;alle;5;5,0;5;5;5;5;5;5;5;5;5;5;76;76,0;76;76;76;76;76;76;76,0;76,0;76,0;76,0;NA;NA;NA;NA;NA;NA;NA;NA;NA;NA;NA
2021-05-04;0-60;1;1,0;1;1;1;1;1;1;1;1;1;1;55;55,0;55;55;55;55;55;55;55,0;55,0;55,0;55,0;1,000000000000000;1,000000000000000;1,000000000000000;1,000000000000000;1,000000000000000;1,000000000000000;1,000000000000000;1,000000000000000;1,000000000000000;1,000000000000000;1,000000000000000
2021-05-04;60+;4;4,0;4;4;4;4;4;4;4;4;4;4;40;40,0;40;40;40;40;40;40;40,0;40,0;40,0;40,0;1,000000000000000;1,000000000000000;1,000000000000000;1,000000000000000;1,000000000000000;1,000000000000000;1,000000000000000;1,000000000000000;1,000000000000000;1,000000000000000;1,000000000000000
2021-05-04;alle;5;5,0;5;5;5;5;5;5;5;5;5;5;95;95,0;95;95;95;95;95;95;95,0;95,0;95,0;95,0;NA;NA;NA;NA;NA;NA;NA;NA;NA;NA;NA
2021-05-03;0-60;2;2,0;2;2;2;2;2;2;2;2;2;2;60;60,0;60;60;60;60;60;60;60,0;60,0;60,0;60,0;1,000000000000000;1,000000000000000;1,000000000000000;1,000000000000000;1,000000000000000;1,000000000000000;1,000000000000000;1,000000000000000;1,000000000000000;1,000000000000000;1,000000000000000
2021-05-03;60+;6;6,0;6;6;6;6;6;6;6;6;6;6;41;41,0;41;41;41;41;41;41;41,0;41,0;41,0;41,0;1,000000000000000;1,000000000000000;1,000000000000000;1,000000000000000;1,000000000000000;1,000000000000000;1,000000000000000;1,000000000000000;1,000000000000000;1,000000000000000;1,000000000000000
2021-05-03;alle;8;8,0;8;8;8;8;8;8;8;8;8;8;101;101,0;101;101;101;101;101;101;101,0;101,0;101,0;101,0;NA;NA;NA;NA;NA;NA;NA;NA;NA;NA;NA
2021-05-02;0-60;12;12,0;12;12;12;12;12;12;12;12;12;12;61;61,0;61;61;61;61;61;61;61,0;61,0;61,0;61,0;1,000000000000000;1,000000000000000;1,000000000000000;1,000000000000000;1,000000000000000;1,000000000000000;1,000000000000000;1,000000000000000;1,000000000000000;1,000000000000000;1,000000000000000
2021-05-02;60+;6;6,0;6;6;6;6;6;6;6;6;6;6;36;36,0;36;36;36;36;36;36;36,0;36,0;36,0;36,0;1,000000000000000;1,000000000000000;1,000000000000000;1,000000000000000;1,000000000000000;1,000000000000000;1,000000000000000;1,000000000000000;1,000000000000000;1,000000000000000;1,000000000000000
2021-05-02;alle;18;18,0;18;18;18;18;18;18;18;18;18;18;97;97,0;97;97;97;97;97;97;97,0;97,0;97,0;97,0;NA;NA;NA;NA;NA;NA;NA;NA;NA;NA;NA
2021-05-01;0-60;7;7,0;7;7;7;7;7;7;7;7;7;7;53;53,0;53;53;53;53;53;53;53,0;53,0;53,0;53,0;1,000000000000000;1,000000000000000;1,000000000000000;1,000000000000000;1,000000000000000;1,000000000000000;1,000000000000000;1,000000000000000;1,000000000000000;1,000000000000000;1,000000000000000
2021-05-01;60+;2;2,0;2;2;2;2;2;2;2;2;2;2;35;35,0;35;35;35;35;35;35;35,0;35,0;35,0;35,0;1,000000000000000;1,000000000000000;1,000000000000000;1,000000000000000;1,000000000000000;1,000000000000000;1,000000000000000;1,000000000000000;1,000000000000000;1,000000000000000;1,000000000000000
2021-05-01;alle;9;9,0;9;9;9;9;9;9;9;9;9;9;88;88,0;88;88;88;88;88;88;88,0;88,0;88,0;88,0;NA;NA;NA;NA;NA;NA;NA;NA;NA;NA;NA
2021-04-30;0-60;11;11,0;11;11;11;11;11;11;11;11;11;11;64;64,0;64;64;64;64;64;64;64,0;64,0;64,0;64,0;1,000000000000000;1,000000000000000;1,000000000000000;1,000000000000000;1,000000000000000;1,000000000000000;1,000000000000000;1,000000000000000;1,000000000000000;1,000000000000000;1,000000000000000
2021-04-30;60+;5;5,0;5;5;5;5;5;5;5;5;5;5;43;43,0;43;43;43;43;43;43;43,0;43,0;43,0;43,0;1,000000000000000;1,000000000000000;1,000000000000000;1,000000000000000;1,000000000000000;1,000000000000000;1,000000000000000;1,000000000000000;1,000000000000000;1,000000000000000;1,000000000000000
2021-04-30;alle;16;16,0;16;16;16;16;16;16;16;16;16;16;107;107,0;107;107;107;107;107;107;107,0;107,0;107,0;107,0;NA;NA;NA;NA;NA;NA;NA;NA;NA;NA;NA
2021-04-29;0-60;6;6,0;6;6;6;6;6;6;6;6;6;6;60;60,0;60;60;60;60;60;60;60,0;60,0;60,0;60,0;1,000000000000000;1,000000000000000;1,000000000000000;1,000000000000000;1,000000000000000;1,000000000000000;1,000000000000000;1,000000000000000;1,000000000000000;1,000000000000000;1,000000000000000
2021-04-29;60+;9;9,0;9;9;9;9;9;9;9;9;9;9;46;46,0;46;46;46;46;46;46;46,0;46,0;46,0;46,0;1,000000000000000;1,000000000000000;1,000000000000000;1,000000000000000;1,000000000000000;1,000000000000000;1,000000000000000;1,000000000000000;1,000000000000000;1,000000000000000;1,000000000000000
2021-04-29;alle;15;15,0;15;15;15;15;15;15;15;15;15;15;106;106,0;106;106;106;106;106;106;106,0;106,0;106,0;106,0;NA;NA;NA;NA;NA;NA;NA;NA;NA;NA;NA
2021-04-28;0-60;16;16,0;16;16;16;16;16;16;16;16;16;16;61;61,0;61;61;61;61;61;61;61,0;61,0;61,0;61,0;1,000000000000000;1,000000000000000;1,000000000000000;1,000000000000000;1,000000000000000;1,000000000000000;1,000000000000000;1,000000000000000;1,000000000000000;1,000000000000000;1,000000000000000
2021-04-28;60+;8;8,0;8;8;8;8;8;8;8;8;8;8;48;48,0;48;48;48;48;48;48;48,0;48,0;48,0;48,0;1,000000000000000;1,000000000000000;1,000000000000000;1,000000000000000;1,000000000000000;1,000000000000000;1,000000000000000;1,000000000000000;1,000000000000000;1,000000000000000;1,000000000000000
2021-04-28;alle;24;24,0;24;24;24;24;24;24;24;24;24;24;109;109,0;109;109;109;109;109;109;109,0;109,0;109,0;109,0;NA;NA;NA;NA;NA;NA;NA;NA;NA;NA;NA
2021-04-27;0-60;6;6,0;6;6;6;6;6;6;6;6;6;6;60;60,0;60;60;60;60;60;60;60,0;60,0;60,0;60,0;1,000000000000000;1,000000000000000;1,000000000000000;1,000000000000000;1,000000000000000;1,000000000000000;1,000000000000000;1,000000000000000;1,000000000000000;1,000000000000000;1,000000000000000
2021-04-27;60+;5;5,0;5;5;5;5;5;5;5;5;5;5;50;50,0;50;50;50;50;50;50;50,0;50,0;50,0;50,0;1,000000000000000;1,000000000000000;1,000000000000000;1,000000000000000;1,000000000000000;1,000000000000000;1,000000000000000;1,000000000000000;1,000000000000000;1,000000000000000;1,000000000000000
2021-04-27;alle;11;11,0;11;11;11;11;11;11;11;11;11;11;110;110,0;110;110;110;110;110;110;110,0;110,0;110,0;110,0;NA;NA;NA;NA;NA;NA;NA;NA;NA;NA;NA
2021-04-26;0-60;3;3,0;3;3;3;3;3;3;3;3;3;3;55;55,0;55;55;55;55;55;55;55,0;55,0;55,0;55,0;1,000000000000000;1,000000000000000;1,000000000000000;1,000000000000000;1,000000000000000;1,000000000000000;1,000000000000000;1,000000000000000;1,000000000000000;1,000000000000000;1,000000000000000
2021-04-26;60+;1;1,0;1;1;1;1;1;1;1;1;1;1;49;49,0;49;49;49;49;49;49;49,0;49,0;49,0;49,0;1,000000000000000;1,000000000000000;1,000000000000000;1,000000000000000;1,000000000000000;1,000000000000000;1,000000000000000;1,000000000000000;1,000000000000000;1,000000000000000;1,000000000000000
2021-04-26;alle;4;4,0;4;4;4;4;4;4;4;4;4;4;104;104,0;104;104;104;104;104;104;104,0;104,0;104,0;104,0;NA;NA;NA;NA;NA;NA;NA;NA;NA;NA;NA
2021-04-25;0-60;4;4,0;4;4;4;4;4;4;4;4;4;4;64;64,0;64;64;64;64;64;64;64,0;64,0;64,0;64,0;1,000000000000000;1,000000000000000;1,000000000000000;1,000000000000000;1,000000000000000;1,000000000000000;1,000000000000000;1,000000000000000;1,000000000000000;1,000000000000000;1,000000000000000
2021-04-25;60+;5;5,0;5;5;5;5;5;5;5;5;5;5;55;55,0;55;55;55;55;55;55;55,0;55,0;55,0;55,0;1,000000000000000;1,000000000000000;1,000000000000000;1,000000000000000;1,000000000000000;1,000000000000000;1,000000000000000;1,000000000000000;1,000000000000000;1,000000000000000;1,000000000000000
2021-04-25;alle;9;9,0;9;9;9;9;9;9;9;9;9;9;119;119,0;119;119;119;119;119;119;119,0;119,0;119,0;119,0;NA;NA;NA;NA;NA;NA;NA;NA;NA;NA;NA
2021-04-24;0-60;18;18,0;18;18;18;18;18;18;18;18;18;18;70;70,0;70;70;70;70;70;70;70,0;70,0;70,0;70,0;1,000000000000000;1,000000000000000;1,000000000000000;1,000000000000000;1,000000000000000;1,000000000000000;1,000000000000000;1,000000000000000;1,000000000000000;1,000000000000000;1,000000000000000
2021-04-24;60+;10;10,0;10;10;10;10;10;10;10;10;10;10;52;52,0;52;52;52;52;52;52;52,0;52,0;52,0;52,0;1,000000000000000;1,000000000000000;1,000000000000000;1,000000000000000;1,000000000000000;1,000000000000000;1,000000000000000;1,000000000000000;1,000000000000000;1,000000000000000;1,000000000000000
2021-04-24;alle;28;28,0;28;28;28;28;28;28;28;28;28;28;122;122,0;122;122;122;122;122;122;122,0;122,0;122,0;122,0;NA;NA;NA;NA;NA;NA;NA;NA;NA;NA;NA
2021-04-23;0-60;7;7,0;7;7;7;7;7;7;7;7;7;7;58;58,0;58;58;58;58;58;58;58,0;58,0;58,0;58,0;1,000000000000000;1,000000000000000;1,000000000000000;1,000000000000000;1,000000000000000;1,000000000000000;1,000000000000000;1,000000000000000;1,000000000000000;1,000000000000000;1,000000000000000
2021-04-23;60+;8;8,0;8;8;8;8;8;8;8;8;8;8;52;52,0;52;52;52;52;52;52;52,0;52,0;52,0;52,0;1,000000000000000;1,000000000000000;1,000000000000000;1,000000000000000;1,000000000000000;1,000000000000000;1,000000000000000;1,000000000000000;1,000000000000000;1,000000000000000;1,000000000000000
2021-04-23;alle;15;15,0;15;15;15;15;15;15;15;15;15;15;110;110,0;110;110;110;110;110;110;110,0;110,0;110,0;110,0;NA;NA;NA;NA;NA;NA;NA;NA;NA;NA;NA
2021-04-22;0-60;7;7,0;7;7;7;7;7;7;7;7;7;7;67;67,0;67;67;67;67;67;67;67,0;67,0;67,0;67,0;1,000000000000000;1,000000000000000;1,000000000000000;1,000000000000000;1,000000000000000;1,000000000000000;1,000000000000000;1,000000000000000;1,000000000000000;1,000000000000000;1,000000000000000
2021-04-22;60+;11;11,0;11;11;11;11;11;11;11;11;11;11;51;51,0;51;51;51;51;51;51;51,0;51,0;51,0;51,0;1,000000000000000;1,000000000000000;1,000000000000000;1,000000000000000;1,000000000000000;1,000000000000000;1,000000000000000;1,000000000000000;1,000000000000000;1,000000000000000;1,000000000000000
2021-04-22;alle;18;18,0;18;18;18;18;18;18;18;18;18;18;118;118,0;118;118;118;118;118;118;118,0;118,0;118,0;118,0;NA;NA;NA;NA;NA;NA;NA;NA;NA;NA;NA
2021-04-21;0-60;15;15,0;15;15;15;15;15;15;15;15;15;15;70;70,0;70;70;70;70;70;70;70,0;70,0;70,0;70,0;1,000000000000000;1,000000000000000;1,000000000000000;1,000000000000000;1,000000000000000;1,000000000000000;1,000000000000000;1,000000000000000;1,000000000000000;1,000000000000000;1,000000000000000
2021-04-21;60+;10;10,0;10;10;10;10;10;10;10;10;10;10;49;49,0;49;49;49;49;49;49;49,0;49,0;49,0;49,0;1,000000000000000;1,000000000000000;1,000000000000000;1,000000000000000;1,000000000000000;1,000000000000000;1,000000000000000;1,000000000000000;1,000000000000000;1,000000000000000;1,000000000000000
2021-04-21;alle;25;25,0;25;25;25;25;25;25;25;25;25;25;119;119,0;119;119;119;119;119;119;119,0;119,0;119,0;119,0;NA;NA;NA;NA;NA;NA;NA;NA;NA;NA;NA
2021-04-20;0-60;1;1,0;1;1;1;1;1;1;1;1;1;1;58;58,0;58;58;58;58;58;58;58,0;58,0;58,0;58,0;1,000000000000000;1,000000000000000;1,000000000000000;1,000000000000000;1,000000000000000;1,000000000000000;1,000000000000000;1,000000000000000;1,000000000000000;1,000000000000000;1,000000000000000
2021-04-20;60+;4;4,0;4;4;4;4;4;4;4;4;4;4;44;44,0;44;44;44;44;44;44;44,0;44,0;44,0;44,0;1,000000000000000;1,000000000000000;1,000000000000000;1,000000000000000;1,000000000000000;1,000000000000000;1,000000000000000;1,000000000000000;1,000000000000000;1,000000000000000;1,000000000000000
2021-04-20;alle;5;5,0;5;5;5;5;5;5;5;5;5;5;102;102,0;102;102;102;102;102;102;102,0;102,0;102,0;102,0;NA;NA;NA;NA;NA;NA;NA;NA;NA;NA;NA
2021-04-19;0-60;12;12,0;12;12;12;12;12;12;12;12;12;12;67;67,0;67;67;67;67;67;67;67,0;67,0;67,0;67,0;1,000000000000000;1,000000000000000;1,000000000000000;1,000000000000000;1,000000000000000;1,000000000000000;1,000000000000000;1,000000000000000;1,000000000000000;1,000000000000000;1,000000000000000
2021-04-19;60+;7;7,0;7;7;7;7;7;7;7;7;7;7;50;50,0;50;50;50;50;50;50;50,0;50,0;50,0;50,0;1,000000000000000;1,000000000000000;1,000000000000000;1,000000000000000;1,000000000000000;1,000000000000000;1,000000000000000;1,000000000000000;1,000000000000000;1,000000000000000;1,000000000000000
2021-04-19;alle;19;19,0;19;19;19;19;19;19;19;19;19;19;117;117,0;117;117;117;117;117;117;117,0;117,0;117,0;117,0;NA;NA;NA;NA;NA;NA;NA;NA;NA;NA;NA
2021-04-18;0-60;10;10,0;10;10;10;10;10;10;10;10;10;10;60;60,0;60;60;60;60;60;60;60,0;60,0;60,0;60,0;1,000000000000000;1,000000000000000;1,000000000000000;1,000000000000000;1,000000000000000;1,000000000000000;1,000000000000000;1,000000000000000;1,000000000000000;1,000000000000000;1,000000000000000
2021-04-18;60+;2;2,0;2;2;2;2;2;2;2;2;2;2;47;47,0;47;47;47;47;47;47;47,0;47,0;47,0;47,0;1,000000000000000;1,000000000000000;1,000000000000000;1,000000000000000;1,000000000000000;1,000000000000000;1,000000000000000;1,000000000000000;1,000000000000000;1,000000000000000;1,000000000000000
2021-04-18;alle;12;12,0;12;12;12;12;12;12;12;12;12;12;107;107,0;107;107;107;107;107;107;107,0;107,0;107,0;107,0;NA;NA;NA;NA;NA;NA;NA;NA;NA;NA;NA
2021-04-17;0-60;6;6,0;6;6;6;6;6;6;6;6;6;6;58;58,0;58;58;58;58;58;58;58,0;58,0;58,0;58,0;1,000000000000000;1,000000000000000;1,000000000000000;1,000000000000000;1,000000000000000;1,000000000000000;1,000000000000000;1,000000000000000;1,000000000000000;1,000000000000000;1,000000000000000
2021-04-17;60+;10;10,0;10;10;10;10;10;10;10;10;10;10;47;47,0;47;47;47;47;47;47;47,0;47,0;47,0;47,0;1,000000000000000;1,000000000000000;1,000000000000000;1,000000000000000;1,000000000000000;1,000000000000000;1,000000000000000;1,000000000000000;1,000000000000000;1,000000000000000;1,000000000000000
2021-04-17;alle;16;16,0;16;16;16;16;16;16;16;16;16;16;105;105,0;105;105;105;105;105;105;105,0;105,0;105,0;105,0;NA;NA;NA;NA;NA;NA;NA;NA;NA;NA;NA
2021-04-16;0-60;16;16,0;16;16;16;16;16;16;16;16;16;16;59;59,0;59;59;59;59;59;59;59,0;59,0;59,0;59,0;1,000000000000000;1,000000000000000;1,000000000000000;1,000000000000000;1,000000000000000;1,000000000000000;1,000000000000000;1,000000000000000;1,000000000000000;1,000000000000000;1,000000000000000
2021-04-16;60+;7;7,0;7;7;7;7;7;7;7;7;7;7;43;43,0;43;43;43;43;43;43;43,0;43,0;43,0;43,0;1,000000000000000;1,000000000000000;1,000000000000000;1,000000000000000;1,000000000000000;1,000000000000000;1,000000000000000;1,000000000000000;1,000000000000000;1,000000000000000;1,000000000000000
2021-04-16;alle;23;23,0;23;23;23;23;23;23;23;23;23;23;102;102,0;102;102;102;102;102;102;102,0;102,0;102,0;102,0;NA;NA;NA;NA;NA;NA;NA;NA;NA;NA;NA
2021-04-15;0-60;10;10,0;10;10;10;10;10;10;10;10;10;10;56;56,0;56;56;56;56;56;56;56,0;56,0;56,0;56,0;1,000000000000000;1,000000000000000;1,000000000000000;1,000000000000000;1,000000000000000;1,000000000000000;1,000000000000000;1,000000000000000;1,000000000000000;1,000000000000000;1,000000000000000
2021-04-15;60+;9;9,0;9;9;9;9;9;9;9;9;9;9;43;43,0;43;43;43;43;43;43;43,0;43,0;43,0;43,0;1,000000000000000;1,000000000000000;1,000000000000000;1,000000000000000;1,000000000000000;1,000000000000000;1,000000000000000;1,000000000000000;1,000000000000000;1,000000000000000;1,000000000000000
2021-04-15;alle;19;19,0;19;19;19;19;19;19;19;19;19;19;99;99,0;99;99;99;99;99;99;99,0;99,0;99,0;99,0;NA;NA;NA;NA;NA;NA;NA;NA;NA;NA;NA
2021-04-14;0-60;3;3,0;3;3;3;3;3;3;3;3;3;3;58;58,0;58;58;58;58;58;58;58,0;58,0;58,0;58,0;1,000000000000000;1,000000000000000;1,000000000000000;1,000000000000000;1,000000000000000;1,000000000000000;1,000000000000000;1,000000000000000;1,000000000000000;1,000000000000000;1,000000000000000
2021-04-14;60+;5;5,0;5;5;5;5;5;5;5;5;5;5;42;42,0;42;42;42;42;42;42;42,0;42,0;42,0;42,0;1,000000000000000;1,000000000000000;1,000000000000000;1,000000000000000;1,000000000000000;1,000000000000000;1,000000000000000;1,000000000000000;1,000000000000000;1,000000000000000;1,000000000000000
2021-04-14;alle;8;8,0;8;8;8;8;8;8;8;8;8;8;100;100,0;100;100;100;100;100;100;100,0;100,0;100,0;100,0;NA;NA;NA;NA;NA;NA;NA;NA;NA;NA;NA
2021-04-13;0-60;10;10,0;10;10;10;10;10;10;10;10;10;10;62;62,0;62;62;62;62;62;62;62,0;62,0;62,0;62,0;1,000000000000000;1,000000000000000;1,000000000000000;1,000000000000000;1,000000000000000;1,000000000000000;1,000000000000000;1,000000000000000;1,000000000000000;1,000000000000000;1,000000000000000
2021-04-13;60+;10;10,0;10;10;10;10;10;10;10;10;10;10;38;38,0;38;38;38;38;38;38;38,0;38,0;38,0;38,0;1,000000000000000;1,000000000000000;1,000000000000000;1,000000000000000;1,000000000000000;1,000000000000000;1,000000000000000;1,000000000000000;1,000000000000000;1,000000000000000;1,000000000000000
2021-04-13;alle;20;20,0;20;20;20;20;20;20;20;20;20;20;100;100,0;100;100;100;100;100;100;100,0;100,0;100,0;100,0;NA;NA;NA;NA;NA;NA;NA;NA;NA;NA;NA
2021-04-12;0-60;5;5,0;5;5;5;5;5;5;5;5;5;5;56;56,0;56;56;56;56;56;56;56,0;56,0;56,0;56,0;1,000000000000000;1,000000000000000;1,000000000000000;1,000000000000000;1,000000000000000;1,000000000000000;1,000000000000000;1,000000000000000;1,000000000000000;1,000000000000000;1,000000000000000
2021-04-12;60+;4;4,0;4;4;4;4;4;4;4;4;4;4;32;32,0;32;32;32;32;32;32;32,0;32,0;32,0;32,0;1,000000000000000;1,000000000000000;1,000000000000000;1,000000000000000;1,000000000000000;1,000000000000000;1,000000000000000;1,000000000000000;1,000000000000000;1,000000000000000;1,000000000000000
2021-04-12;alle;9;9,0;9;9;9;9;9;9;9;9;9;9;88;88,0;88;88;88;88;88;88;88,0;88,0;88,0;88,0;NA;NA;NA;NA;NA;NA;NA;NA;NA;NA;NA
2021-04-11;0-60;8;8,0;8;8;8;8;8;8;8;8;8;8;NA;NA;NA;NA;NA;NA;NA;NA;NA;NA;NA;NA;1,000000000000000;1,000000000000000;1,000000000000000;1,000000000000000;1,000000000000000;1,000000000000000;1,000000000000000;1,000000000000000;1,000000000000000;1,000000000000000;1,000000000000000
2021-04-11;60+;2;2,0;2;2;2;2;2;2;2;2;2;2;NA;NA;NA;NA;NA;NA;NA;NA;NA;NA;NA;NA;1,000000000000000;1,000000000000000;1,000000000000000;1,000000000000000;1,000000000000000;1,000000000000000;1,000000000000000;1,000000000000000;1,000000000000000;1,000000000000000;1,000000000000000
2021-04-11;alle;10;10,0;10;10;10;10;10;10;10;10;10;10;NA;NA;NA;NA;NA;NA;NA;NA;NA;NA;NA;NA;NA;NA;NA;NA;NA;NA;NA;NA;NA;NA;NA
2021-04-10;0-60;7;7,0;7;7;7;7;7;7;7;7;7;7;NA;NA;NA;NA;NA;NA;NA;NA;NA;NA;NA;NA;1,000000000000000;1,000000000000000;1,000000000000000;1,000000000000000;1,000000000000000;1,000000000000000;1,000000000000000;1,000000000000000;1,000000000000000;1,000000000000000;1,000000000000000
2021-04-10;60+;6;6,0;6;6;6;6;6;6;6;6;6;6;NA;NA;NA;NA;NA;NA;NA;NA;NA;NA;NA;NA;1,000000000000000;1,000000000000000;1,000000000000000;1,000000000000000;1,000000000000000;1,000000000000000;1,000000000000000;1,000000000000000;1,000000000000000;1,000000000000000;1,000000000000000
2021-04-10;alle;13;13,0;13;13;13;13;13;13;13;13;13;13;NA;NA;NA;NA;NA;NA;NA;NA;NA;NA;NA;NA;NA;NA;NA;NA;NA;NA;NA;NA;NA;NA;NA
2021-04-09;0-60;13;13,0;13;13;13;13;13;13;13;13;13;13;NA;NA;NA;NA;NA;NA;NA;NA;NA;NA;NA;NA;1,000000000000000;1,000000000000000;1,000000000000000;1,000000000000000;1,000000000000000;1,000000000000000;1,000000000000000;1,000000000000000;1,000000000000000;1,000000000000000;1,000000000000000
2021-04-09;60+;7;7,0;7;7;7;7;7;7;7;7;7;7;NA;NA;NA;NA;NA;NA;NA;NA;NA;NA;NA;NA;1,000000000000000;1,000000000000000;1,000000000000000;1,000000000000000;1,000000000000000;1,000000000000000;1,000000000000000;1,000000000000000;1,000000000000000;1,000000000000000;1,000000000000000
2021-04-09;alle;20;20,0;20;20;20;20;20;20;20;20;20;20;NA;NA;NA;NA;NA;NA;NA;NA;NA;NA;NA;NA;NA;NA;NA;NA;NA;NA;NA;NA;NA;NA;NA
2021-04-08;0-60;12;12,0;12;12;12;12;12;12;12;12;12;12;NA;NA;NA;NA;NA;NA;NA;NA;NA;NA;NA;NA;1,000000000000000;1,000000000000000;1,000000000000000;1,000000000000000;1,000000000000000;1,000000000000000;1,000000000000000;1,000000000000000;1,000000000000000;1,000000000000000;1,000000000000000
2021-04-08;60+;8;8,0;8;8;8;8;8;8;8;8;8;8;NA;NA;NA;NA;NA;NA;NA;NA;NA;NA;NA;NA;1,000000000000000;1,000000000000000;1,000000000000000;1,000000000000000;1,000000000000000;1,000000000000000;1,000000000000000;1,000000000000000;1,000000000000000;1,000000000000000;1,000000000000000
2021-04-08;alle;20;20,0;20;20;20;20;20;20;20;20;20;20;NA;NA;NA;NA;NA;NA;NA;NA;NA;NA;NA;NA;NA;NA;NA;NA;NA;NA;NA;NA;NA;NA;NA
2021-04-07;0-60;7;7,0;7;7;7;7;7;7;7;7;7;7;NA;NA;NA;NA;NA;NA;NA;NA;NA;NA;NA;NA;1,000000000000000;1,000000000000000;1,000000000000000;1,000000000000000;1,000000000000000;1,000000000000000;1,000000000000000;1,000000000000000;1,000000000000000;1,000000000000000;1,000000000000000
2021-04-07;60+;1;1,0;1;1;1;1;1;1;1;1;1;1;NA;NA;NA;NA;NA;NA;NA;NA;NA;NA;NA;NA;1,000000000000000;1,000000000000000;1,000000000000000;1,000000000000000;1,000000000000000;1,000000000000000;1,000000000000000;1,000000000000000;1,000000000000000;1,000000000000000;1,000000000000000
2021-04-07;alle;8;8,0;8;8;8;8;8;8;8;8;8;8;NA;NA;NA;NA;NA;NA;NA;NA;NA;NA;NA;NA;NA;NA;NA;NA;NA;NA;NA;NA;NA;NA;NA
2021-04-06;0-60;4;4,0;4;4;4;4;4;4;4;4;4;4;NA;NA;NA;NA;NA;NA;NA;NA;NA;NA;NA;NA;1,000000000000000;1,000000000000000;1,000000000000000;1,000000000000000;1,000000000000000;1,000000000000000;1,000000000000000;1,000000000000000;1,000000000000000;1,000000000000000;1,000000000000000
2021-04-06;60+;4;4,0;4;4;4;4;4;4;4;4;4;4;NA;NA;NA;NA;NA;NA;NA;NA;NA;NA;NA;NA;1,000000000000000;1,000000000000000;1,000000000000000;1,000000000000000;1,000000000000000;1,000000000000000;1,000000000000000;1,000000000000000;1,000000000000000;1,000000000000000;1,000000000000000
2021-04-06;alle;8;8,0;8;8;8;8;8;8;8;8;8;8;NA;NA;NA;NA;NA;NA;NA;NA;NA;NA;NA;NA;NA;NA;NA;NA;NA;NA;NA;NA;NA;NA;NA
