date;age60;reported;nowcast_est;nowcast_0.025;nowcast_0.1;nowcast_0.25;nowcast_0.5;nowcast_0.75;nowcast_0.8;nowcast_0.85;nowcast_0.9;nowcast_0.95;nowcast_0.975;reported7;nowcast7_est;nowcast7_0.025;nowcast7_0.1;nowcast7_0.25;nowcast7_0.5;nowcast7_0.75;nowcast7_0.8;nowcast7_0.85;nowcast7_0.9;nowcast7_0.95;nowcast7_0.975;F_est;F_0.025;F_0.1;F_0.25;F_0.5;F_0.75;F_0.8;F_0.85;F_0.9;F_0.95;F_0.975
2023-10-02;0-60;0;0,0;0;0;0;0;0;0;0;0,0;0,0;0,0;16;18,6;16,0;17;17;19;20;20;21;22,0;23,0;24,7;0,0295357961069277;0,159317528329462;0,1067695025176292;0,0713339456808334;0,0471429634506381;0,0324810117616992;0,0299655372798593;0,0272652540282859;0,0244337823183375;0,0209684330904646;0,01821267582139599
2023-10-02;60+;0;0,0;0;0;0;0;0;0;0;0,0;0,0;0,0;102;121,5;111,0;115;118;122;126;127;128;130,0;134,0;137,0;0,0280863187395509;0,145500155536758;0,0987257423046345;0,0673985218312603;0,0443110596968705;0,0310415400681619;0,0291570250500270;0,0265567789018504;0,0239778148254386;0,0207544059256891;0,01842834844987373
2023-10-02;alle;0;0,0;0;0;0;0;0;0;0;0,0;0,0;0,0;118;140,1;129,0;133;136;140;145;146;148;150,0;154,0;162,0;NA;NA;NA;NA;NA;NA;NA;NA;NA;NA;NA
2023-10-01;0-60;0;0,0;0;0;0;0;0;0;0;0,0;0,0;0,0;17;19,8;17,0;18;19;20;21;22;22;23,0;24,0;25,7;0,0188188934060380;0,190265627162661;0,1125841836884341;0,0681561249655244;0,0369924156740678;0,0219561550442026;0,0198154075255601;0,0175012992479084;0,0152022026075315;0,0120573581766445;0,00935239212787974
2023-10-01;60+;0;0,0;0;0;0;0;0;0;0;0,0;0,0;0,0;103;122,6;113,0;116;119;123;127;128;129;131,0;135,0;138,0;0,0178277757416111;0,183382974202737;0,1068104022593460;0,0653134385272082;0,0358978604368962;0,0216376748780619;0,0195883786026850;0,0174965371300025;0,0155357275143328;0,0129017025529842;0,01118743174394212
2023-10-01;alle;0;0,0;0;0;0;0;0;0;0;0,0;0,0;0,0;120;142,4;132,0;135;138;143;147;149;150;153,0;157,0;164,2;NA;NA;NA;NA;NA;NA;NA;NA;NA;NA;NA
2023-09-30;0-60;1;2,0;1;1;1;2;3;3;3;3,9;4,0;5,0;17;19,8;17,0;18;19;20;21;22;22;23,0;24,0;25,7;0,5041317125922253;0,648426386727860;0,6038623019918785;0,5637540235783632;0,5138771295799887;0,4627303650102426;0,4485573650264019;0,4314870916374614;0,4111994961369605;0,3717205349578432;0,32506683490420202
2023-09-30;60+;3;5,9;3;4;5;6;7;7;8;9,0;9,0;10,0;107;128,8;118,0;121;124;128;133;134;135;137,0;140,0;145,0;0,5070010712748220;0,630931051855163;0,5915786831387073;0,5557196266788510;0,5148612746712966;0,4731286698478057;0,4617265499569331;0,4497907893089788;0,4311971276655704;0,4053295247547157;0,37765151440455313
2023-09-30;alle;4;7,9;5;5;6;8;9;10;10;11,0;12,0;13,0;124;148,6;137,0;141;144;148;153;155;157;158,0;163,0;171,0;NA;NA;NA;NA;NA;NA;NA;NA;NA;NA;NA
2023-09-29;0-60;1;1,4;1;1;1;1;2;2;2;2,0;3,0;4,0;17;18,8;17,0;17;18;19;20;20;21;21,0;23,0;24,7;0,7067402918362132;0,812259566463545;0,7796173201916392;0,7472857805929213;0,7075676178524706;0,6605684301455050;0,6465939806387964;0,6281579825874853;0,6059762315519318;0,5486408630193823;0,38206184755776829
2023-09-29;60+;18;25,6;20;22;23;25;28;29;29;30,0;33,0;35,0;121;141,1;131,0;134;137;141;145;146;147;149,0;152,0;157,0;0,7038720359231513;0,790911688768002;0,7635160808135224;0,7385674114416793;0,7062396353677320;0,6713426415775491;0,6609350401902021;0,6500351988997211;0,6348667885471084;0,6078073119989433;0,57277061325345768
2023-09-29;alle;19;27,0;21;23;25;27;30;30;31;32,0;34,0;37,0;138;159,9;149,8;153;156;160;164;166;167;169,0;173,0;181,0;NA;NA;NA;NA;NA;NA;NA;NA;NA;NA;NA
2023-09-28;0-60;2;2,5;2;2;2;2;3;3;3;4,0;4,0;6,0;18;19,5;18,0;18;19;19;21;21;21;22,0;23,0;24,7;0,8056101659505773;0,875809874350277;0,8545514432498815;0,8318135052466074;0,8024402252240630;0,7658078153573470;0,7552090986942858;0,7383972090757875;0,7128075431405754;0,6416977714288643;0,40830514492265818
2023-09-28;60+;19;23,9;20;21;22;24;26;26;27;28,0;29,0;31,0;119;132,5;125,0;127;129;132;135;136;137;139,0;142,0;145,0;0,7944262705385821;0,852745546181608;0,8353977984892117;0,8177198149785713;0,7956116073977308;0,7680166103539230;0,7602232229722206;0,7506940267481590;0,7363298117504623;0,7157558428968640;0,68131653052862828
2023-09-28;alle;21;26,4;22;23;25;26;28;29;30;31,0;33,0;36,0;137;152,0;144,0;146;149;152;156;157;158;160,0;164,0;173,0;NA;NA;NA;NA;NA;NA;NA;NA;NA;NA;NA
2023-09-27;0-60;6;6,5;6;6;6;6;7;7;7;8,0;8,0;9,0;18;19,1;18,0;18;18;19;20;20;21;21,0;22,0;23,6;0,9168337990441459;0,950870400079436;0,9405495063741087;0,9304713872129480;0,9160113802444079;0,8979291251529149;0,8926069780782834;0,8859527641261122;0,8770363552492983;0,8629569800162031;0,84900614833924415
2023-09-27;60+;22;24,3;22;22;23;24;25;26;26;27,0;27,0;28,0;111;120,2;114,0;116;117;120;122;123;124;125,0;128,0;131,0;0,9053820149059542;0,937449710513791;0,9277996110221904;0,9182864435726603;0,9057951170949354;0,8912419683304921;0,8875255619065160;0,8822115540945359;0,8770030906251483;0,8664928363705069;0,85959041264839020
2023-09-27;alle;28;30,8;28;29;30;31;32;32;33;33,0;34,0;35,0;129;139,3;133,0;135;137;139;142;143;144;145,9;149,0;157,0;NA;NA;NA;NA;NA;NA;NA;NA;NA;NA;NA
2023-09-26;0-60;6;6,2;6;6;6;6;6;7;7;7,0;7,0;8,0;17;17,6;17,0;17;17;18;18;19;19;19,0;20,0;21,4;0,9662331884563284;0,980603326161310;0,9760723505448472;0,9713633943428462;0,9644925009175174;0,9559342366529191;0,9535110303190726;0,9500645818527186;0,9456493026513728;0,9370952009786144;0,92798965642029718
2023-09-26;60+;40;41,8;40;40;41;42;43;43;43;44,0;44,0;45,0;112;119,7;114,0;116;117;119;122;122;123;124,0;127,0;129,0;0,9580152887352532;0,972284581136142;0,9679970488283869;0,9634704680588982;0,9574179514073471;0,9506446150681880;0,9487889514237101;0,9469538137401029;0,9442567222531912;0,9395145564541467;0,93499172569059319
2023-09-26;alle;46;48,0;46;46;47;48;49;49;50;50,0;51,0;52,0;129;137,3;131,0;133;135;137;140;141;142;143,0;146,0;155,0;NA;NA;NA;NA;NA;NA;NA;NA;NA;NA;NA
2023-09-25;0-60;1;1,1;1;1;1;1;1;1;1;2,0;2,0;2,0;19;19,4;19,0;19;19;19;20;20;21;21,0;22,0;23,6;0,8805669354263974;0,959007796982123;0,9416951634724148;0,9213034236113560;0,8925298968454818;0,8572159226246706;0,8435986892067526;0,8287445093569135;0,8048584345319066;0,7497257390235754;0,66514428485325106
2023-09-25;60+;1;1,2;1;1;1;1;1;1;1;2,0;2,0;2,0;98;104,4;99,0;101;102;104;106;107;108;109,0;111,0;114,0;0,8401525484436662;0,936193398535459;0,9156908739624869;0,8937306397536733;0,8650992307703169;0,8341167894728533;0,8248607584440688;0,8153351062595049;0,8030859180256242;0,7799390365544141;0,75320281217913865
2023-09-25;alle;2;2,3;2;2;2;2;3;3;3;3,0;3,0;4,0;117;123,8;119,0;120;122;124;126;127;128;129,0;132,0;141,0;NA;NA;NA;NA;NA;NA;NA;NA;NA;NA;NA
2023-09-24;0-60;0;0,0;0;0;0;0;0;0;0;0,0;0,0;0,0;18;18,3;18,0;18;18;18;19;19;19;20,0;21,0;22,5;0,7493608770456517;0,931335337555828;0,8957321283344650;0,8527821220367604;0,7893062770041601;0,7061823154820445;0,6782414209924335;0,6481729099715070;0,5950173870717577;0,4832661540602549;0,31440929751696178
2023-09-24;60+;4;6,2;4;4;5;5;7;7;7;8,0;9,0;10,0;100;106,4;101,0;103;104;106;108;109;110;111,0;113,0;116,0;0,6496027561849521;0,884180253530347;0,8434820930301916;0,7890301111107646;0,7220048287276462;0,6533714748505265;0,6377092827070878;0,6161359910897292;0,5919508514003666;0,5437819765365094;0,49487514454805082
2023-09-24;alle;4;6,2;4;4;5;5;7;7;7;8,0;9,0;10,0;118;124,7;120,0;121;122;125;127;128;129;130,0;133,0;141,0;NA;NA;NA;NA;NA;NA;NA;NA;NA;NA;NA
2023-09-23;0-60;1;1,0;1;1;1;1;1;1;1;1,0;2,0;2,0;18;18,3;18,0;18;18;18;19;19;19;20,0;21,0;22,5;0,9585652914425273;0,980455782900515;0,9735581430799700;0,9655188406361452;0,9523040410256289;0,9313269241347448;0,9237555667568067;0,9147885563116456;0,8952746126162573;0,8277665584579990;0,66455579226383776
2023-09-23;60+;17;18,2;17;17;17;18;19;19;20;20,0;21,0;22,0;96;100,3;97,0;98;99;100;102;103;103;104,0;106,0;109,0;0,9333869523606360;0,958281970368190;0,9510130972469162;0,9424104296803038;0,9306969007451720;0,9163487164548102;0,9129621482236243;0,9080726873226367;0,9007574579241492;0,8869515668274206;0,85622110286837017
2023-09-23;alle;18;19,3;18;18;19;19;20;20;21;21,0;22,0;23,0;114;118,6;115,0;116;117;119;121;121;122;124,0;126,0;135,0;NA;NA;NA;NA;NA;NA;NA;NA;NA;NA;NA
2023-09-22;0-60;2;2,1;2;2;2;2;2;2;2;3,0;3,0;4,0;20;20,3;20,0;20;20;20;21;21;21;22,0;23,0;24,7;0,9679152778007500;0,985787509752444;0,9805640126548412;0,9732170658905077;0,9621621704635441;0,9423724537754303;0,9345027348506602;0,9235984423076949;0,9050242592566258;0,7836793334664900;0,47910387667027671
2023-09-22;60+;16;16,9;16;16;16;17;18;18;18;19,0;19,0;21,0;93;96,5;93,0;94;95;97;98;99;99;100,0;102,0;104,0;0,9439814399784722;0,965064678268197;0,9584714780998733;0,9517628771829595;0,9414833821268184;0,9299579132918089;0,9261190833361503;0,9210748611203938;0,9147311013625231;0,8995285221820928;0,85870482869154185
2023-09-22;alle;18;19,0;18;18;18;19;20;20;21;21,0;22,0;26,0;113;116,9;113,0;114;116;117;119;120;120;121,0;125,0;134,1;NA;NA;NA;NA;NA;NA;NA;NA;NA;NA;NA
2023-09-21;0-60;2;2,1;2;2;2;2;2;2;2;3,0;3,0;5,0;23;23,3;23,0;23;23;23;24;24;24;25,0;27,0;29,0;0,9709175744734928;0,988009791330974;0,9830126625443282;0,9760707815045027;0,9653356487460064;0,9443916804857280;0,9370048174808514;0,9266656268722984;0,9054813370959809;0,7665705456529726;0,45302735235034663
2023-09-21;60+;11;11,6;11;11;11;11;12;12;13;13,0;14,0;15,0;90;93,0;90,0;91;92;93;95;95;96;96,0;98,0;100,0;0,9451569765594089;0,965837798286327;0,9591028634113297;0,9528519743670603;0,9429617763019931;0,9314264020180671;0,9277353717172221;0,9232127912547130;0,9163129121963919;0,9008492430064686;0,83686307301863594
2023-09-21;alle;13;13,7;13;13;13;14;14;15;15;15,0;17,0;20,0;113;116,3;113,0;114;115;116;118;119;120;121,0;125,0;134,1;NA;NA;NA;NA;NA;NA;NA;NA;NA;NA;NA
2023-09-20;0-60;5;5,1;5;5;5;5;5;5;5;6,0;6,0;6,0;25;25,3;25,0;25;25;25;26;26;26;27,0;30,0;32,2;0,9843435462362918;0,994504695678269;0,9916565294021816;0,9881752153115689;0,9825657775598444;0,9729399818701906;0,9696024831087070;0,9657437010253160;0,9593183763536731;0,9463702327082677;0,92841359305590399
2023-09-20;60+;23;23,8;23;23;23;24;24;24;25;25,0;26,0;26,0;111;114,2;111,0;112;113;114;116;116;117;118,0;120,0;125,0;0,9680158602293074;0,981149735497598;0,9773382523617801;0,9731885101585052;0,9670987592911906;0,9600762425472211;0,9583087464816890;0,9553518796435958;0,9518769591139122;0,9466778089852012;0,94065683513889464
2023-09-20;alle;28;28,8;28;28;28;29;29;30;30;30,0;31,0;31,0;136;139,5;136,0;137;138;140;142;142;143;145,0;151,0;161,9;NA;NA;NA;NA;NA;NA;NA;NA;NA;NA;NA
2023-09-19;0-60;8;8,1;8;8;8;8;8;8;8;8,0;9,0;9,0;28;28,2;28,0;28;28;28;29;29;29;30,0;33,0;35,4;0,9922674049912863;0,997346601358889;0,9961198378225246;0,9941731989481305;0,9910175162479966;0,9855602245810231;0,9833921416964835;0,9810425833463521;0,9768909016757266;0,9682356252215354;0,95495676756219472
2023-09-19;60+;26;26,5;26;26;26;26;27;27;27;27,0;28,0;28,0;116;118,8;116,0;117;118;119;121;121;122;122,0;124,0;129,2;0,9829693265076873;0,989952968261716;0,9880054478725321;0,9856453810618799;0,9822469288345659;0,9781005918497698;0,9769666908935912;0,9755548808320169;0,9734469532576354;0,9700576507680041;0,96662389734580711
2023-09-19;alle;34;34,5;34;34;34;34;35;35;35;36,0;36,0;37,0;144;147,1;144,0;145;146;147;149;150;151;152,0;159,0;170,5;NA;NA;NA;NA;NA;NA;NA;NA;NA;NA;NA
2023-09-18;0-60;0;0,0;0;0;0;0;0;0;0;0,0;0,0;0,0;46;46,2;46,0;46;46;46;47;47;47;48,0;51,0;54,7;0,9667355952968780;0,993077802290249;0,9882838296357355;0,9805906353814883;0,9679667565327128;0,9419060582801553;0,9313197263106022;0,9157653235270586;0,8920376667580076;0,8140057847413749;0,69291867010754638
2023-09-18;60+;3;3,2;3;3;3;3;3;4;4;4,0;4,0;4,0;138;140,7;138,0;139;140;141;142;143;144;145,0;146,0;152,0;0,9231515694869753;0,972675647188130;0,9622825292694003;0,9511935590192084;0,9343948369156838;0,9135051978211353;0,9073529131667167;0,9004289976383449;0,8904146015216836;0,8685451600716667;0,83819873379539656
2023-09-18;alle;3;3,2;3;3;3;3;3;4;4;4,0;4,0;4,0;184;186,9;184,0;185;186;187;189;190;191;192,0;199,4;213,8;NA;NA;NA;NA;NA;NA;NA;NA;NA;NA;NA
2023-09-17;0-60;0;0,0;0;0;0;0;0;0;0;0,0;0,0;0,0;46;46,2;46,0;46;46;46;47;47;47;48,0;51,0;54,7;0,9183067978021301;0,987308406338765;0,9768030932775349;0,9592986692772224;0,9289004548674815;0,8647806817488801;0,8407949855468032;0,8063202637728919;0,7422622277684371;0,5623317069724834;0,32179266987255994
2023-09-17;60+;0;0,0;0;0;0;0;0;0;0;0,0;0,0;0,0;137;139,5;137,0;138;138;140;141;142;142;143,0;145,0;150,2;0,8073068303381785;0,947996456984148;0,9223172270990950;0,8926945464708531;0,8481221439935547;0,7958449161338486;0,7826981237105168;0,7637006880678179;0,7355699312228154;0,6870269585500215;0,61420916754807142
2023-09-17;alle;0;0,0;0;0;0;0;0;0;0;0,0;0,0;0,0;183;185,7;183,0;184;185;186;188;189;190;191,0;198,4;212,8;NA;NA;NA;NA;NA;NA;NA;NA;NA;NA;NA
2023-09-16;0-60;3;3,0;3;3;3;3;3;3;3;4,0;4,0;5,0;46;46,2;46,0;46;46;46;47;47;47;48,0;51,0;54,7;0,9873050613758828;0,996948584858329;0,9947635047369376;0,9911879984398456;0,9844788562263307;0,9677694584126042;0,9619482195598201;0,9522826521109240;0,9296742175763844;0,8392522420161561;0,65895271452896564
2023-09-16;60+;14;14,5;14;14;14;14;15;15;15;16,0;16,0;17,0;137;139,5;137,0;138;138;140;141;142;142;143,0;145,0;150,2;0,9657744402060375;0,981918012240006;0,9771343449632314;0,9717873994933379;0,9639091597439035;0,9528352167445121;0,9494893004105761;0,9446662034274815;0,9384034120002736;0,9238237152061666;0,89116420865671486
2023-09-16;alle;17;17,5;17;17;17;17;18;18;19;19,0;20,0;22,0;183;185,7;183,0;184;185;186;188;189;190;191,0;198,4;212,8;NA;NA;NA;NA;NA;NA;NA;NA;NA;NA;NA
2023-09-15;0-60;5;5,0;5;5;5;5;5;5;5;6,0;7,0;11,0;50;50,2;50,0;50;50;50;51;51;51;52,0;56,0;60,1;0,9902672102053351;0,997942659536253;0,9963563663032627;0,9937595835076543;0,9878073345088085;0,9730617798794696;0,9665648975715375;0,9543523091377570;0,9255367424705315;0,7737310697342510;0,44037520842303246
2023-09-15;60+;13;13,4;13;13;13;13;14;14;14;15,0;15,0;16,0;135;137,1;135,0;135;136;137;139;139;140;141,0;142,0;148,0;0,9716055746422247;0,985363801501246;0,9813725030966678;0,9767975931491465;0,9701520069051892;0,9604570645466494;0,9574648663880549;0,9531567613634981;0,9466531814150992;0,9304617942528350;0,87252420591062396
2023-09-15;alle;18;18,4;18;18;18;18;19;19;20;20,0;22,0;30,2;185;187,3;185,0;186;186;188;189;190;191;193,0;201,0;215,6;NA;NA;NA;NA;NA;NA;NA;NA;NA;NA;NA
2023-09-14;0-60;4;4,0;4;4;4;4;4;4;4;5,0;6,0;10,0;48;48,1;48,0;48;48;48;49;49;49;50,0;53,0;56,8;0,9916360073006609;0,998573359274494;0,9972170501115667;0,9950366925939844;0,9898646742151079;0,9750569141450799;0,9670218723976253;0,9554737876339081;0,9239456562546096;0,7522064833921536;0,42702278346019501
2023-09-14;60+;32;32,9;32;32;32;33;34;34;34;35,0;36,0;38,0;137;138,8;137,0;137;138;139;140;141;141;142,0;144,0;150,0;0,9734845089175856;0,986406269142768;0,9832207652461629;0,9789258699104180;0,9720873420481780;0,9621099539832825;0,9591366176249706;0,9550744436811965;0,9483270425025758;0,9317642868271088;0,85074315544318579
2023-09-14;alle;36;36,9;36;36;36;37;38;38;39;39,0;42,4;52,0;185;186,9;185,0;185;186;187;189;190;190;192,0;201,0;215,6;NA;NA;NA;NA;NA;NA;NA;NA;NA;NA;NA
2023-09-13;0-60;8;8,0;8;8;8;8;8;8;8;8,0;9,0;9,0;49;49,1;49,0;49;49;49;49;50;50;51,0;55,0;59,0;0,9959470727633599;0,999526400476199;0,9990132451516438;0,9980875020885498;0,9958410578174954;0,9904689578141365;0,9878824114163171;0,9846520019638048;0,9789501192563923;0,9623990048503013;0,93736462354296579
2023-09-13;60+;28;28,4;28;28;28;28;29;29;29;30,0;30,0;31,0;131;132,0;131,0;131;131;132;133;133;134;135,0;136,0;141,0;0,9859054574708503;0,993835690871979;0,9917862431327594;0,9893601867851225;0,9855649565271909;0,9797161067385213;0,9782852373937968;0,9761944288075248;0,9732096831082737;0,9675167176847690;0,96170423096299618
2023-09-13;alle;36;36,4;36;36;36;36;37;37;37;38,0;38,0;39,0;180;181,1;180,0;180;180;181;183;183;184;186,0;195,0;209,1;NA;NA;NA;NA;NA;NA;NA;NA;NA;NA;NA
2023-09-12;0-60;26;26,0;26;26;26;26;26;26;26;27,0;27,0;28,0;48;48,1;48,0;48;48;48;48;49;49;50,0;54,0;57,9;0,9982800498850239;0,999849992401569;0,9996617381939911;0,9992697165883019;0,9981978339771505;0,9949754331955967;0,9933107257222495;0,9913837353770987;0,9874273309705593;0,9756317686341782;0,95915338752467316
2023-09-12;60+;48;48,3;48;48;48;48;49;49;49;49,0;50,0;50,0;117;117,6;117,0;117;117;117;118;119;119;120,0;121,0;126,0;0,9934483710513906;0,997458211698571;0,9965092445345942;0,9952082015196104;0,9931409310820134;0,9899862826834418;0,9890037616593381;0,9875873080756632;0,9858667432816648;0,9823897057598691;0,97833163364298970
2023-09-12;alle;74;74,4;74;74;74;74;75;75;75;76,0;76,0;77,0;165;165,6;165,0;165;165;166;167;167;168;169,9;179,0;192,0;NA;NA;NA;NA;NA;NA;NA;NA;NA;NA;NA
2023-09-11;0-60;0;0,0;0;0;0;0;0;0;0;0,0;0,0;0,0;36;36,0;36,0;36;36;36;36;36;37;37,0;41,4;44,4;0,9938231810200656;0,999746571422055;0,9993080561319096;0,9982340085553707;0,9944847251983810;0,9807205632441126;0,9730489140669851;0,9588941215142173;0,9310755070983272;0,8209858068978713;0,66695927876086669
2023-09-11;60+;2;2,1;2;2;2;2;2;2;2;2,0;3,0;3,0;88;88,3;88,0;88;88;88;89;89;89;90,0;91,0;96,2;0,9747727214411539;0,994704312851660;0,9912513172911512;0,9865766135327705;0,9781857293240965;0,9650714212659527;0,9604355405690650;0,9530919305690421;0,9440758607062378;0,9224374506076651;0,88881272631302488
2023-09-11;alle;2;2,1;2;2;2;2;2;2;2;2,0;3,0;3,0;124;124,3;124,0;124;124;124;125;125;126;127,0;137,0;146,9;NA;NA;NA;NA;NA;NA;NA;NA;NA;NA;NA
2023-09-10;0-60;0;0,0;0;0;0;0;0;0;0;0,0;0,0;0,0;36;36,0;36,0;36;36;36;36;36;37;37,0;41,4;44,4;0,9876133703357320;0,999771056906308;0,9991056320284637;0,9973406164878772;0,9901752697324511;0,9578264419634228;0,9378419709937166;0,9016383955607543;0,8250929740129118;0,5697609217220383;0,29072199769693269
2023-09-10;60+;0;0,0;0;0;0;0;0;0;0;0,0;0,0;0,0;87;87,2;87,0;87;87;87;88;88;88;89,0;90,0;95,2;0,9470518797618581;0,992515266306267;0,9863459408347210;0,9770879166873476;0,9595030838012688;0,9289706478782029;0,9181804138595948;0,9020964274777385;0,8784975426696409;0,8263198409590713;0,71517556871613541
2023-09-10;alle;0;0,0;0;0;0;0;0;0;0;0,0;0,0;0,0;123;123,2;123,0;123;123;123;124;124;125;126,0;136,0;145,8;NA;NA;NA;NA;NA;NA;NA;NA;NA;NA;NA
2023-09-09;0-60;7;7,0;7;7;7;7;7;7;7;8,0;9,0;12,0;36;36,0;36,0;36;36;36;36;36;37;37,0;41,4;44,4;0,9985700924793031;0,999976711561426;0,9999008685712067;0,9996405971804780;0,9983886201066395;0,9906910609890290;0,9851525131179988;0,9763588171756352;0,9502737083727421;0,8276552792778946;0,61803830857519548
2023-09-09;60+;12;12,1;12;12;12;12;12;12;12;13,0;13,0;14,0;87;87,2;87,0;87;87;87;88;88;88;89,0;90,0;95,2;0,9935034831843251;0,998769195046735;0,9977506762425382;0,9961191045747564;0,9929774438364252;0,9870277959266731;0,9847111215660355;0,9808740517479109;0,9760687916290562;0,9601727582364631;0,90772883398115600
2023-09-09;alle;19;19,1;19;19;19;19;19;19;20;20,0;22,0;27,2;123;123,2;123,0;123;123;123;124;124;125;126,0;136,0;145,8;NA;NA;NA;NA;NA;NA;NA;NA;NA;NA;NA
2023-09-08;0-60;3;3,0;3;3;3;3;3;3;3;3,0;4,0;8,0;30;30,0;30,0;30;30;30;30;30;30;31,0;34,0;36,5;0,9991670362766548;0,999993417185974;0,9999638722059982;0,9998328809254128;0,9989956602597958;0,9926039346962932;0,9870804794825035;0,9760970304921561;0,9408402904098104;0,7629411255717859;0,39338164007694543
2023-09-08;60+;15;15,1;15;15;15;15;15;15;15;16,0;16,0;17,2;82;82,1;82,0;82;82;82;82;83;83;83,0;84,0;90,0;0,9962257034367573;0,999505301133105;0,9989634075043143;0,9980596076422690;0,9960308527587798;0,9916605419395600;0,9896248513290363;0,9867944508361470;0,9819577988848921;0,9643730448929324;0,87853714622844259
2023-09-08;alle;18;18,1;18;18;18;18;18;18;19;19,0;22,0;29,0;112;112,1;112,0;112;112;112;113;113;113;115,0;123,0;131,9;NA;NA;NA;NA;NA;NA;NA;NA;NA;NA;NA
2023-09-07;0-60;5;5,0;5;5;5;5;5;5;5;5,0;7,0;13,0;30;30,0;30,0;30;30;30;30;30;30;31,0;34,0;36,5;0,9994563195003955;0,999998025670149;0,9999862699134227;0,9999163029348378;0,9993584198104066;0,9938273483496011;0,9892751573097077;0,9772545851927497;0,9355831240984057;0,7331413933238522;0,39126519333128429
2023-09-07;60+;26;26,1;26;26;26;26;26;26;26;27,0;27,0;31,0;79;79,1;79,0;79;79;79;79;79;80;80,0;81,0;86,0;0,9976607866598841;0,999799969868706;0,9995273503415821;0,9990351695504378;0,9977048419734666;0,9944391913750898;0,9928080799004586;0,9906706004577246;0,9862006788374035;0,9684527644407617;0,85179828812424230
2023-09-07;alle;31;31,1;31;31;31;31;31;31;32;32,0;38,0;51,2;109;109,1;109,0;109;109;109;109;110;110;111,0;120,4;129,1;NA;NA;NA;NA;NA;NA;NA;NA;NA;NA;NA
2023-09-06;0-60;7;7,0;7;7;7;7;7;7;7;7,0;7,0;8,0;30;30,0;30,0;30;30;30;30;30;30;31,0;34,0;36,5;0,9997978258829934;0,999999714975512;0,9999975974785107;0,9999820070699715;0,9998438559589969;0,9985667042909886;0,9977006238266782;0,9958449501677740;0,9920608981767660;0,9794056106057527;0,94737107350448524
2023-09-06;60+;14;14,0;14;14;14;14;14;14;14;14,0;14,0;15,0;63;63,0;63,0;63;63;63;63;63;63;63,0;64,0;67,2;0,9992207002676798;0,999959281027183;0,9998941856912031;0,9997544346718019;0,9993216328000567;0,9981479141561262;0,9975873858712945;0,9967571046096524;0,9955464769051131;0,9918549414029008;0,98742405289503588
2023-09-06;alle;21;21,0;21;21;21;21;21;21;21;21,0;22,0;22,0;93;93,0;93,0;93;93;93;93;93;94;95,0;102,0;109,4;NA;NA;NA;NA;NA;NA;NA;NA;NA;NA;NA
2023-09-05;0-60;14;14,0;14;14;14;14;14;14;14;14,0;14,0;15,0;28;28,0;28,0;28;28;28;28;28;28;29,0;32,0;34,3;0,9999324344292260;0,999999961486154;0,9999995342198067;0,9999955946056427;0,9999459484853113;0,9992787279059436;0,9986652820888388;0,9972607208128874;0,9939884237622995;0,9836667969197352;0,96436905321438193
2023-09-05;60+;19;19,0;19;19;19;19;19;19;19;19,0;19,0;19,0;57;57,0;57,0;57;57;57;57;57;57;57,0;58,0;61,0;0,9997822905119524;0,999994863043026;0,9999830815852723;0,9999501464152851;0,9998295215864370;0,9994256323650637;0,9992160534801269;0,9988715830648986;0,9981496381259826;0,9958237965998720;0,99187293500447216
2023-09-05;alle;33;33,0;33;33;33;33;33;33;33;33,0;34,0;34,0;85;85,0;85,0;85;85;85;85;85;85;86,0;94,0;100,8;NA;NA;NA;NA;NA;NA;NA;NA;NA;NA;NA
2023-09-04;0-60;0;0,0;0;0;0;0;0;0;0;0,0;0,0;0,0;20;20,0;20,0;20;20;20;20;20;20;20,0;23,0;24,7;0,9998020567555506;0,999999963078741;0,9999993871636347;0,9999926341816314;0,9998684065828614;0,9972398334423724;0,9940399138749303;0,9861444907967707;0,9606109386102821;0,8464124778629640;0,64449286754128110
2023-09-04;60+;1;1,0;1;1;1;1;1;1;1;1,0;1,0;1,0;63;63,0;63,0;63;63;63;63;63;63;63,0;63,0;67,2;0,9995072482523106;0,999996756327630;0,9999854417528558;0,9999428084554848;0,9997558596569740;0,9987292393289497;0,9981305563203303;0,9971011165807274;0,9942738603271253;0,9809802065290663;0,93519707365761118
2023-09-04;alle;1;1,0;1;1;1;1;1;1;1;1,0;1,0;1,0;83;83,0;83,0;83;83;83;83;83;83;84,0;91,4;98,0;NA;NA;NA;NA;NA;NA;NA;NA;NA;NA;NA
2023-09-03;0-60;0;0,0;0;0;0;0;0;0;0;0,0;0,0;0,0;20;20,0;20,0;20;20;20;20;20;20;20,0;23,0;24,7;0,9996651939924902;0,999999982641641;0,9999996124089167;0,9999931149974708;0,9998146823417378;0,9945507596605180;0,9879305362717404;0,9667558167428811;0,9003658174664418;0,6210129622728755;0,25329635255786520
2023-09-03;60+;0;0,0;0;0;0;0;0;0;0;0,0;0,0;0,0;62;62,0;62,0;62;62;62;62;62;62;62,0;62,0;66,2;0,9994103673830327;0,999999049595047;0,9999941635071335;0,9999667475499208;0,9997827171550371;0,9984469003666635;0,9975039497241902;0,9956170211032335;0,9900645437123095;0,9570770051412529;0,80276866319203299
2023-09-03;alle;0;0,0;0;0;0;0;0;0;0;0,0;0,0;0,0;82;82,0;82,0;82;82;82;82;82;82;83,0;90,4;96,9;NA;NA;NA;NA;NA;NA;NA;NA;NA;NA;NA
2023-09-02;0-60;1;1,0;1;1;1;1;1;1;1;1,0;1,0;2,0;20;20,0;20,0;20;20;20;20;20;20;20,0;23,0;24,7;0,9999679161992571;0,999999999205734;0,9999999767306628;0,9999993718878946;0,9999796697280822;0,9990213021266896;0,9975214979257041;0,9928104346760160;0,9753123447767690;0,8473642309169001;0,58370289103658979
2023-09-02;60+;7;7,0;7;7;7;7;7;7;7;7,0;7,0;8,0;62;62,0;62,0;62;62;62;62;62;62;62,0;62,0;66,2;0,9999637538584006;0,999999986811583;0,9999998198110096;0,9999986809122677;0,9999850280425244;0,9998384687358665;0,9996973563072895;0,9993795445217213;0,9984179145470549;0,9900081125214480;0,91804202661550538
2023-09-02;alle;8;8,0;8;8;8;8;8;8;8;8,0;9,0;10,0;82;82,0;82,0;82;82;82;82;82;82;83,0;90,4;96,9;NA;NA;NA;NA;NA;NA;NA;NA;NA;NA;NA
2023-09-01;0-60;3;3,0;3;3;3;3;3;3;3;3,0;4,0;8,0;24;24,0;24,0;24;24;24;24;24;24;24,0;27,4;29,4;0,9999838378752087;0,999999999906374;0,9999999958086252;0,9999998398058965;0,9999911998240616;0,9993380665335607;0,9977835374892439;0,9931787586109766;0,9699519863710836;0,7765405314035148;0,38037785137496094
2023-09-01;60+;12;12,0;12;12;12;12;12;12;12;12,0;12,0;14,0;64;64,0;64,0;64;64;64;64;64;64;64,0;64,0;67,2;0,9999894878589060;0,999999999616823;0,9999999893195898;0,9999998389173608;0,9999967519747318;0,9999392487062220;0,9998702475317744;0,9996587151943959;0,9989794777763171;0,9891336549055725;0,87045884191232403
2023-09-01;alle;15;15,0;15;15;15;15;15;15;15;15,0;18,0;27,0;88;88,0;88,0;88;88;88;88;88;88;89,0;98,0;105,1;NA;NA;NA;NA;NA;NA;NA;NA;NA;NA;NA
2023-08-31;0-60;5;5,0;5;5;5;5;5;5;5;5,0;7,0;13,0;24;24,0;24,0;24;24;24;24;24;24;24,0;27,0;29,0;0,9999906046259327;0,999999999993032;0,9999999992109585;0,9999999561905140;0,9999961865817132;0,9995410611199833;0,9983903076684613;0,9943845712791650;0,9703059617946590;0,7494439052412958;0,37519046042453735
2023-08-31;60+;10;10,0;10;10;10;10;10;10;10;10,0;10,0;11,0;63;63,0;63,0;63;63;63;63;63;63;63,0;63,0;67,0;0,9999968581306593;0,999999999990678;0,9999999994534677;0,9999999831751675;0,9999992978063812;0,9999745442928270;0,9999362535086219;0,9998102873682739;0,9992909154342972;0,9899320804432630;0,84823889024112620
2023-08-31;alle;15;15,0;15;15;15;15;15;15;15;15,0;19,0;29,0;87;87,0;87,0;87;87;87;87;87;87;88,0;96,0;103,0;NA;NA;NA;NA;NA;NA;NA;NA;NA;NA;NA
2023-08-30;0-60;5;5,0;5;5;5;5;5;5;5;5,0;5,0;5,0;22;22,0;22,0;22;22;22;22;22;22;22,0;24,0;25,7;0,9999968189210742;0,999999999999618;0,9999999999284139;0,9999999947190943;0,9999993348917084;0,9999399463026204;0,9998492167308910;0,9995681568211537;0,9985987307503515;0,9950845456657786;0,98591744411771687
2023-08-30;60+;8;8,0;8;8;8;8;8;8;8;8,0;8,0;8,0;59;59,0;59,0;59;59;59;59;59;59;59,0;59,0;62,0;0,9999995127452849;0,999999999999948;0,9999999999910915;0,9999999993309237;0,9999999215588367;0,9999947890819264;0,9999843072920396;0,9999530970189036;0,9998185229284350;0,9986916672912862;0,99649848268632035
2023-08-30;alle;13;13,0;13;13;13;13;13;13;13;13,0;13,0;13,0;81;81,0;81,0;81;81;81;81;81;81;82,0;88,0;94,4;NA;NA;NA;NA;NA;NA;NA;NA;NA;NA;NA
2023-08-29;0-60;6;6,0;6;6;6;6;6;6;6;6,0;6,0;6,0;22;22,0;22,0;22;22;22;22;22;22;22,0;24,0;25,7;0,9999989818082631;0,999999999999987;0,9999999999954164;0,9999999993329221;0,9999998290185437;0,9999691097898675;0,9999133011959070;0,9996968386732050;0,9986735882265824;0,9929923704118739;0,98297008556082044
2023-08-29;60+;25;25,0;25;25;25;25;25;25;25;25,0;25,0;25,0;63;63,0;63,0;63;63;63;63;63;63;63,0;63,0;66,0;0,9999999387664255;1,000000000000000;0,9999999999999070;0,9999999999805931;0,9999999938889067;0,9999989016371962;0,9999959417740640;0,9999850652975497;0,9999130028378936;0,9990692651315645;0,99531432269282671
2023-08-29;alle;31;31,0;31;31;31;31;31;31;31;31,0;31,0;31,0;85;85,0;85,0;85;85;85;85;85;85;86,0;92,0;98,7;NA;NA;NA;NA;NA;NA;NA;NA;NA;NA;NA
2023-08-28;0-60;0;0,0;0;0;0;0;0;0;0;0,0;0,0;0,0;20;20,0;20,0;20;20;20;20;20;20;20,0;22,0;23,6;0,9999970403641339;0,999999999999997;0,9999999999984456;0,9999999994861561;0,9999997285184866;0,9998793557311747;0,9995983374408914;0,9979973799131490;0,9879706300285507;0,8996363985355447;0,68533420890684060
2023-08-28;60+;0;0,0;0;0;0;0;0;0;0;0,0;0,0;0,0;56;56,0;56,0;56;56;56;56;56;56;56,0;56,0;59,0;0,9999999397564113;1,000000000000000;0,9999999999999960;0,9999999999975695;0,9999999972313954;0,9999982012555492;0,9999921941263321;0,9999635311703666;0,9997129980884909;0,9938706726691784;0,95008216310005356
2023-08-28;alle;0;0,0;0;0;0;0;0;0;0;0,0;0,0;0,0;76;76,0;76,0;76;76;76;76;76;76;77,0;83,0;89,0;NA;NA;NA;NA;NA;NA;NA;NA;NA;NA;NA
2023-08-27;0-60;0;0,0;0;0;0;0;0;0;0;0,0;0,0;0,0;20;20,0;20,0;20;20;20;20;20;20;20,0;22,0;23,6;0,9999949170577443;1,000000000000000;0,9999999999997239;0,9999999997845802;0,9999997470165730;0,9997797291091619;0,9990799217740840;0,9943607969625878;0,9639959548722195;0,7337033157291264;0,31842126696584994
2023-08-27;60+;0;0,0;0;0;0;0;0;0;0;0,0;0,0;0,0;56;56,0;56,0;56;56;56;56;56;56;56,0;56,0;59,0;0,9999999697460216;1,000000000000000;1,0000000000000000;0,9999999999998892;0,9999999993638455;0,9999983184635624;0,9999923665189971;0,9999396116024362;0,9993801320744744;0,9824818013388126;0,83220687065075694
2023-08-27;alle;0;0,0;0;0;0;0;0;0;0;0,0;0,0;0,0;76;76,0;76,0;76;76;76;76;76;76;77,0;83,0;89,0;NA;NA;NA;NA;NA;NA;NA;NA;NA;NA;NA
2023-08-26;0-60;5;5,0;5;5;5;5;5;5;5;5,0;6,0;8,0;20;20,0;20,0;20;20;20;20;20;20;20,0;22,0;23,6;0,9999994791822905;1,000000000000000;0,9999999999999954;0,9999999999921325;0,9999999794986880;0,9999545228586978;0,9997730484814563;0,9985332830952196;0,9904069807422310;0,8763183380781355;0,62461967382784844
2023-08-26;60+;9;9,0;9;9;9;9;9;9;9;9,0;9,0;10,0;57;57,0;57,0;57;57;57;57;57;57;57,0;57,0;60,0;0,9999999992188504;1,000000000000000;1,0000000000000000;0,9999999999999996;0,9999999999885196;0,9999998740908812;0,9999990822323952;0,9999916104425568;0,9998470607109922;0,9951369141576689;0,92787452180025698
2023-08-26;alle;14;14,0;14;14;14;14;14;14;14;14,0;16,0;20,0;77;77,0;77,0;77;77;77;77;77;77;78,0;84,0;90,1;NA;NA;NA;NA;NA;NA;NA;NA;NA;NA;NA
2023-08-25;0-60;3;3,0;3;3;3;3;3;3;3;3,0;4,0;7,0;17;17,0;17,0;17;17;17;17;17;17;17,0;19,0;20,4;0,9999997187671468;1,000000000000000;0,9999999999999999;0,9999999999991275;0,9999999932406978;0,9999600471245718;0,9997777332304267;0,9982764410860494;0,9841667374821408;0,8025407955720272;0,42748731977164051
2023-08-25;60+;11;11,0;11;11;11;11;11;11;11;11,0;11,0;12,0;57;57,0;57,0;57;57;57;57;57;57;57,0;57,0;59,0;0,9999999999082435;1,000000000000000;1,0000000000000000;1,0000000000000000;0,9999999999994020;0,9999999636019971;0,9999996250208822;0,9999950711677394;0,9998642497187810;0,9926782132890739;0,87735427977253988
2023-08-25;alle;14;14,0;14;14;14;14;14;14;14;14,0;16,0;22,0;74;74,0;74,0;74;74;74;74;74;74;74,0;79,0;84,7;NA;NA;NA;NA;NA;NA;NA;NA;NA;NA;NA
2023-08-24;0-60;3;3,0;3;3;3;3;3;3;3;3,0;4,0;7,0;14;14,0;14,0;14;14;14;14;14;14;14,0;15,0;16,1;0,9999998653272842;1,000000000000000;1,0000000000000000;0,9999999999999216;0,9999999981112285;0,9999741433846800;0,9998174498319072;0,9985540648576672;0,9847463416744233;0,7733981265950948;0,41349285546730441
2023-08-24;60+;6;6,0;6;6;6;6;6;6;6;6,0;6,0;7,0;51;51,0;51,0;51;51;51;51;51;51;51,0;51,0;52,0;0,9999999999898769;1,000000000000000;1,0000000000000000;1,0000000000000000;0,9999999999999756;0,9999999897716183;0,9999998693392919;0,9999979040641163;0,9999035594609831;0,9933022767945595;0,86915455593781554
2023-08-24;alle;9;9,0;9;9;9;9;9;9;9;9,0;11,0;17,0;65;65,0;65,0;65;65;65;65;65;65;65,0;67,0;71,9;NA;NA;NA;NA;NA;NA;NA;NA;NA;NA;NA
2023-08-23;0-60;5;5,0;5;5;5;5;5;5;5;5,0;5,0;5,0;14;14,0;14,0;14;14;14;14;14;14;14,0;14,0;14,0;1,0000000000000000;1,000000000000000;1,0000000000000000;1,0000000000000000;1,0000000000000000;1,0000000000000000;1,0000000000000000;1,0000000000000000;1,0000000000000000;1,0000000000000000;1,00000000000000000
2023-08-23;60+;12;12,0;12;12;12;12;12;12;12;12,0;12,0;12,0;54;54,0;54,0;54;54;54;54;54;54;54,0;54,0;54,0;1,0000000000000000;1,000000000000000;1,0000000000000000;1,0000000000000000;1,0000000000000000;1,0000000000000000;1,0000000000000000;1,0000000000000000;1,0000000000000000;1,0000000000000000;1,00000000000000000
2023-08-23;alle;17;17,0;17;17;17;17;17;17;17;17,0;17,0;17,0;68;68,0;68,0;68;68;68;68;68;68;68,0;68,0;68,0;1,0000000000000000;1,000000000000000;1,0000000000000000;1,0000000000000000;1,0000000000000000;1,0000000000000000;1,0000000000000000;1,0000000000000000;1,0000000000000000;1,0000000000000000;1,00000000000000000
2023-08-22;0-60;4;4,0;4;4;4;4;4;4;4;4,0;4,0;4,0;10;10,0;10,0;10;10;10;10;10;10;10,0;10,0;10,0;1,0000000000000000;1,000000000000000;1,0000000000000000;1,0000000000000000;1,0000000000000000;1,0000000000000000;1,0000000000000000;1,0000000000000000;1,0000000000000000;1,0000000000000000;1,00000000000000000
2023-08-22;60+;18;18,0;18;18;18;18;18;18;18;18,0;18,0;18,0;46;46,0;46,0;46;46;46;46;46;46;46,0;46,0;46,0;1,0000000000000000;1,000000000000000;1,0000000000000000;1,0000000000000000;1,0000000000000000;1,0000000000000000;1,0000000000000000;1,0000000000000000;1,0000000000000000;1,0000000000000000;1,00000000000000000
2023-08-22;alle;22;22,0;22;22;22;22;22;22;22;22,0;22,0;22,0;56;56,0;56,0;56;56;56;56;56;56;56,0;56,0;56,0;1,0000000000000000;1,000000000000000;1,0000000000000000;1,0000000000000000;1,0000000000000000;1,0000000000000000;1,0000000000000000;1,0000000000000000;1,0000000000000000;1,0000000000000000;1,00000000000000000
2023-08-21;0-60;0;0,0;0;0;0;0;0;0;0;0,0;0,0;0,0;10;10,0;10,0;10;10;10;10;10;10;10,0;10,0;10,0;1,0000000000000000;1,000000000000000;1,0000000000000000;1,0000000000000000;1,0000000000000000;1,0000000000000000;1,0000000000000000;1,0000000000000000;1,0000000000000000;1,0000000000000000;1,00000000000000000
2023-08-21;60+;0;0,0;0;0;0;0;0;0;0;0,0;0,0;0,0;42;42,0;42,0;42;42;42;42;42;42;42,0;42,0;42,0;1,0000000000000000;1,000000000000000;1,0000000000000000;1,0000000000000000;1,0000000000000000;1,0000000000000000;1,0000000000000000;1,0000000000000000;1,0000000000000000;1,0000000000000000;1,00000000000000000
2023-08-21;alle;0;0,0;0;0;0;0;0;0;0;0,0;0,0;0,0;52;52,0;52,0;52;52;52;52;52;52;52,0;52,0;52,0;1,0000000000000000;1,000000000000000;1,0000000000000000;1,0000000000000000;1,0000000000000000;1,0000000000000000;1,0000000000000000;1,0000000000000000;1,0000000000000000;1,0000000000000000;1,00000000000000000
2023-08-20;0-60;0;0,0;0;0;0;0;0;0;0;0,0;0,0;0,0;10;10,0;10,0;10;10;10;10;10;10;10,0;10,0;10,0;1,0000000000000000;1,000000000000000;1,0000000000000000;1,0000000000000000;1,0000000000000000;1,0000000000000000;1,0000000000000000;1,0000000000000000;1,0000000000000000;1,0000000000000000;1,00000000000000000
2023-08-20;60+;1;1,0;1;1;1;1;1;1;1;1,0;1,0;1,0;43;43,0;43,0;43;43;43;43;43;43;43,0;43,0;43,0;1,0000000000000000;1,000000000000000;1,0000000000000000;1,0000000000000000;1,0000000000000000;1,0000000000000000;1,0000000000000000;1,0000000000000000;1,0000000000000000;1,0000000000000000;1,00000000000000000
2023-08-20;alle;1;1,0;1;1;1;1;1;1;1;1,0;1,0;1,0;53;53,0;53,0;53;53;53;53;53;53;53,0;53,0;53,0;1,0000000000000000;1,000000000000000;1,0000000000000000;1,0000000000000000;1,0000000000000000;1,0000000000000000;1,0000000000000000;1,0000000000000000;1,0000000000000000;1,0000000000000000;1,00000000000000000
2023-08-19;0-60;2;2,0;2;2;2;2;2;2;2;2,0;2,0;2,0;10;10,0;10,0;10;10;10;10;10;10;10,0;10,0;10,0;1,0000000000000000;1,000000000000000;1,0000000000000000;1,0000000000000000;1,0000000000000000;1,0000000000000000;1,0000000000000000;1,0000000000000000;1,0000000000000000;1,0000000000000000;1,00000000000000000
2023-08-19;60+;9;9,0;9;9;9;9;9;9;9;9,0;9,0;9,0;42;42,0;42,0;42;42;42;42;42;42;42,0;42,0;42,0;1,0000000000000000;1,000000000000000;1,0000000000000000;1,0000000000000000;1,0000000000000000;1,0000000000000000;1,0000000000000000;1,0000000000000000;1,0000000000000000;1,0000000000000000;1,00000000000000000
2023-08-19;alle;11;11,0;11;11;11;11;11;11;11;11,0;11,0;11,0;52;52,0;52,0;52;52;52;52;52;52;52,0;52,0;52,0;1,0000000000000000;1,000000000000000;1,0000000000000000;1,0000000000000000;1,0000000000000000;1,0000000000000000;1,0000000000000000;1,0000000000000000;1,0000000000000000;1,0000000000000000;1,00000000000000000
2023-08-18;0-60;0;0,0;0;0;0;0;0;0;0;0,0;0,0;0,0;8;8,0;8,0;8;8;8;8;8;8;8,0;8,0;8,0;1,0000000000000000;1,000000000000000;1,0000000000000000;1,0000000000000000;1,0000000000000000;1,0000000000000000;1,0000000000000000;1,0000000000000000;1,0000000000000000;1,0000000000000000;1,00000000000000000
2023-08-18;60+;5;5,0;5;5;5;5;5;5;5;5,0;5,0;5,0;36;36,0;36,0;36;36;36;36;36;36;36,0;36,0;36,0;1,0000000000000000;1,000000000000000;1,0000000000000000;1,0000000000000000;1,0000000000000000;1,0000000000000000;1,0000000000000000;1,0000000000000000;1,0000000000000000;1,0000000000000000;1,00000000000000000
2023-08-18;alle;5;5,0;5;5;5;5;5;5;5;5,0;5,0;5,0;44;44,0;44,0;44;44;44;44;44;44;44,0;44,0;44,0;1,0000000000000000;1,000000000000000;1,0000000000000000;1,0000000000000000;1,0000000000000000;1,0000000000000000;1,0000000000000000;1,0000000000000000;1,0000000000000000;1,0000000000000000;1,00000000000000000
2023-08-17;0-60;3;3,0;3;3;3;3;3;3;3;3,0;3,0;3,0;11;11,0;11,0;11;11;11;11;11;11;11,0;11,0;11,0;1,0000000000000000;1,000000000000000;1,0000000000000000;1,0000000000000000;1,0000000000000000;1,0000000000000000;1,0000000000000000;1,0000000000000000;1,0000000000000000;1,0000000000000000;1,00000000000000000
2023-08-17;60+;9;9,0;9;9;9;9;9;9;9;9,0;9,0;9,0;35;35,0;35,0;35;35;35;35;35;35;35,0;35,0;35,0;1,0000000000000000;1,000000000000000;1,0000000000000000;1,0000000000000000;1,0000000000000000;1,0000000000000000;1,0000000000000000;1,0000000000000000;1,0000000000000000;1,0000000000000000;1,00000000000000000
2023-08-17;alle;12;12,0;12;12;12;12;12;12;12;12,0;12,0;12,0;46;46,0;46,0;46;46;46;46;46;46;46,0;46,0;46,0;1,0000000000000000;1,000000000000000;1,0000000000000000;1,0000000000000000;1,0000000000000000;1,0000000000000000;1,0000000000000000;1,0000000000000000;1,0000000000000000;1,0000000000000000;1,00000000000000000
2023-08-16;0-60;1;1,0;1;1;1;1;1;1;1;1,0;1,0;1,0;10;10,0;10,0;10;10;10;10;10;10;10,0;10,0;10,0;1,0000000000000000;1,000000000000000;1,0000000000000000;1,0000000000000000;1,0000000000000000;1,0000000000000000;1,0000000000000000;1,0000000000000000;1,0000000000000000;1,0000000000000000;1,00000000000000000
2023-08-16;60+;4;4,0;4;4;4;4;4;4;4;4,0;4,0;4,0;31;31,0;31,0;31;31;31;31;31;31;31,0;31,0;31,0;1,0000000000000000;1,000000000000000;1,0000000000000000;1,0000000000000000;1,0000000000000000;1,0000000000000000;1,0000000000000000;1,0000000000000000;1,0000000000000000;1,0000000000000000;1,00000000000000000
2023-08-16;alle;5;5,0;5;5;5;5;5;5;5;5,0;5,0;5,0;41;41,0;41,0;41;41;41;41;41;41;41,0;41,0;41,0;1,0000000000000000;1,000000000000000;1,0000000000000000;1,0000000000000000;1,0000000000000000;1,0000000000000000;1,0000000000000000;1,0000000000000000;1,0000000000000000;1,0000000000000000;1,00000000000000000
2023-08-15;0-60;4;4,0;4;4;4;4;4;4;4;4,0;4,0;4,0;9;9,0;9,0;9;9;9;9;9;9;9,0;9,0;9,0;1,0000000000000000;1,000000000000000;1,0000000000000000;1,0000000000000000;1,0000000000000000;1,0000000000000000;1,0000000000000000;1,0000000000000000;1,0000000000000000;1,0000000000000000;1,00000000000000000
2023-08-15;60+;14;14,0;14;14;14;14;14;14;14;14,0;14,0;14,0;33;33,0;33,0;33;33;33;33;33;33;33,0;33,0;33,0;1,0000000000000000;1,000000000000000;1,0000000000000000;1,0000000000000000;1,0000000000000000;1,0000000000000000;1,0000000000000000;1,0000000000000000;1,0000000000000000;1,0000000000000000;1,00000000000000000
2023-08-15;alle;18;18,0;18;18;18;18;18;18;18;18,0;18,0;18,0;42;42,0;42,0;42;42;42;42;42;42;42,0;42,0;42,0;1,0000000000000000;1,000000000000000;1,0000000000000000;1,0000000000000000;1,0000000000000000;1,0000000000000000;1,0000000000000000;1,0000000000000000;1,0000000000000000;1,0000000000000000;1,00000000000000000
2023-08-14;0-60;0;0,0;0;0;0;0;0;0;0;0,0;0,0;0,0;7;7,0;7,0;7;7;7;7;7;7;7,0;7,0;7,0;1,0000000000000000;1,000000000000000;1,0000000000000000;1,0000000000000000;1,0000000000000000;1,0000000000000000;1,0000000000000000;1,0000000000000000;1,0000000000000000;1,0000000000000000;1,00000000000000000
2023-08-14;60+;1;1,0;1;1;1;1;1;1;1;1,0;1,0;1,0;27;27,0;27,0;27;27;27;27;27;27;27,0;27,0;27,0;1,0000000000000000;1,000000000000000;1,0000000000000000;1,0000000000000000;1,0000000000000000;1,0000000000000000;1,0000000000000000;1,0000000000000000;1,0000000000000000;1,0000000000000000;1,00000000000000000
2023-08-14;alle;1;1,0;1;1;1;1;1;1;1;1,0;1,0;1,0;34;34,0;34,0;34;34;34;34;34;34;34,0;34,0;34,0;1,0000000000000000;1,000000000000000;1,0000000000000000;1,0000000000000000;1,0000000000000000;1,0000000000000000;1,0000000000000000;1,0000000000000000;1,0000000000000000;1,0000000000000000;1,00000000000000000
2023-08-13;0-60;0;0,0;0;0;0;0;0;0;0;0,0;0,0;0,0;7;7,0;7,0;7;7;7;7;7;7;7,0;7,0;7,0;1,0000000000000000;1,000000000000000;1,0000000000000000;1,0000000000000000;1,0000000000000000;1,0000000000000000;1,0000000000000000;1,0000000000000000;1,0000000000000000;1,0000000000000000;1,00000000000000000
2023-08-13;60+;0;0,0;0;0;0;0;0;0;0;0,0;0,0;0,0;26;26,0;26,0;26;26;26;26;26;26;26,0;26,0;26,0;1,0000000000000000;1,000000000000000;1,0000000000000000;1,0000000000000000;1,0000000000000000;1,0000000000000000;1,0000000000000000;1,0000000000000000;1,0000000000000000;1,0000000000000000;1,00000000000000000
2023-08-13;alle;0;0,0;0;0;0;0;0;0;0;0,0;0,0;0,0;33;33,0;33,0;33;33;33;33;33;33;33,0;33,0;33,0;1,0000000000000000;1,000000000000000;1,0000000000000000;1,0000000000000000;1,0000000000000000;1,0000000000000000;1,0000000000000000;1,0000000000000000;1,0000000000000000;1,0000000000000000;1,00000000000000000
2023-08-12;0-60;0;0,0;0;0;0;0;0;0;0;0,0;0,0;0,0;7;7,0;7,0;7;7;7;7;7;7;7,0;7,0;7,0;1,0000000000000000;1,000000000000000;1,0000000000000000;1,0000000000000000;1,0000000000000000;1,0000000000000000;1,0000000000000000;1,0000000000000000;1,0000000000000000;1,0000000000000000;1,00000000000000000
2023-08-12;60+;3;3,0;3;3;3;3;3;3;3;3,0;3,0;3,0;26;26,0;26,0;26;26;26;26;26;26;26,0;26,0;26,0;1,0000000000000000;1,000000000000000;1,0000000000000000;1,0000000000000000;1,0000000000000000;1,0000000000000000;1,0000000000000000;1,0000000000000000;1,0000000000000000;1,0000000000000000;1,00000000000000000
2023-08-12;alle;3;3,0;3;3;3;3;3;3;3;3,0;3,0;3,0;33;33,0;33,0;33;33;33;33;33;33;33,0;33,0;33,0;1,0000000000000000;1,000000000000000;1,0000000000000000;1,0000000000000000;1,0000000000000000;1,0000000000000000;1,0000000000000000;1,0000000000000000;1,0000000000000000;1,0000000000000000;1,00000000000000000
2023-08-11;0-60;3;3,0;3;3;3;3;3;3;3;3,0;3,0;3,0;8;8,0;8,0;8;8;8;8;8;8;8,0;8,0;8,0;1,0000000000000000;1,000000000000000;1,0000000000000000;1,0000000000000000;1,0000000000000000;1,0000000000000000;1,0000000000000000;1,0000000000000000;1,0000000000000000;1,0000000000000000;1,00000000000000000
2023-08-11;60+;4;4,0;4;4;4;4;4;4;4;4,0;4,0;4,0;25;25,0;25,0;25;25;25;25;25;25;25,0;25,0;25,0;1,0000000000000000;1,000000000000000;1,0000000000000000;1,0000000000000000;1,0000000000000000;1,0000000000000000;1,0000000000000000;1,0000000000000000;1,0000000000000000;1,0000000000000000;1,00000000000000000
2023-08-11;alle;7;7,0;7;7;7;7;7;7;7;7,0;7,0;7,0;33;33,0;33,0;33;33;33;33;33;33;33,0;33,0;33,0;1,0000000000000000;1,000000000000000;1,0000000000000000;1,0000000000000000;1,0000000000000000;1,0000000000000000;1,0000000000000000;1,0000000000000000;1,0000000000000000;1,0000000000000000;1,00000000000000000
2023-08-10;0-60;2;2,0;2;2;2;2;2;2;2;2,0;2,0;2,0;6;6,0;6,0;6;6;6;6;6;6;6,0;6,0;6,0;1,0000000000000000;1,000000000000000;1,0000000000000000;1,0000000000000000;1,0000000000000000;1,0000000000000000;1,0000000000000000;1,0000000000000000;1,0000000000000000;1,0000000000000000;1,00000000000000000
2023-08-10;60+;5;5,0;5;5;5;5;5;5;5;5,0;5,0;5,0;22;22,0;22,0;22;22;22;22;22;22;22,0;22,0;22,0;1,0000000000000000;1,000000000000000;1,0000000000000000;1,0000000000000000;1,0000000000000000;1,0000000000000000;1,0000000000000000;1,0000000000000000;1,0000000000000000;1,0000000000000000;1,00000000000000000
2023-08-10;alle;7;7,0;7;7;7;7;7;7;7;7,0;7,0;7,0;28;28,0;28,0;28;28;28;28;28;28;28,0;28,0;28,0;1,0000000000000000;1,000000000000000;1,0000000000000000;1,0000000000000000;1,0000000000000000;1,0000000000000000;1,0000000000000000;1,0000000000000000;1,0000000000000000;1,0000000000000000;1,00000000000000000
2023-08-09;0-60;0;0,0;0;0;0;0;0;0;0;0,0;0,0;0,0;4;4,0;4,0;4;4;4;4;4;4;4,0;4,0;4,0;1,0000000000000000;1,000000000000000;1,0000000000000000;1,0000000000000000;1,0000000000000000;1,0000000000000000;1,0000000000000000;1,0000000000000000;1,0000000000000000;1,0000000000000000;1,00000000000000000
2023-08-09;60+;6;6,0;6;6;6;6;6;6;6;6,0;6,0;6,0;23;23,0;23,0;23;23;23;23;23;23;23,0;23,0;23,0;1,0000000000000000;1,000000000000000;1,0000000000000000;1,0000000000000000;1,0000000000000000;1,0000000000000000;1,0000000000000000;1,0000000000000000;1,0000000000000000;1,0000000000000000;1,00000000000000000
2023-08-09;alle;6;6,0;6;6;6;6;6;6;6;6,0;6,0;6,0;27;27,0;27,0;27;27;27;27;27;27;27,0;27,0;27,0;1,0000000000000000;1,000000000000000;1,0000000000000000;1,0000000000000000;1,0000000000000000;1,0000000000000000;1,0000000000000000;1,0000000000000000;1,0000000000000000;1,0000000000000000;1,00000000000000000
2023-08-08;0-60;2;2,0;2;2;2;2;2;2;2;2,0;2,0;2,0;5;5,0;5,0;5;5;5;5;5;5;5,0;5,0;5,0;1,0000000000000000;1,000000000000000;1,0000000000000000;1,0000000000000000;1,0000000000000000;1,0000000000000000;1,0000000000000000;1,0000000000000000;1,0000000000000000;1,0000000000000000;1,00000000000000000
2023-08-08;60+;8;8,0;8;8;8;8;8;8;8;8,0;8,0;8,0;24;24,0;24,0;24;24;24;24;24;24;24,0;24,0;24,0;1,0000000000000000;1,000000000000000;1,0000000000000000;1,0000000000000000;1,0000000000000000;1,0000000000000000;1,0000000000000000;1,0000000000000000;1,0000000000000000;1,0000000000000000;1,00000000000000000
2023-08-08;alle;10;10,0;10;10;10;10;10;10;10;10,0;10,0;10,0;29;29,0;29,0;29;29;29;29;29;29;29,0;29,0;29,0;1,0000000000000000;1,000000000000000;1,0000000000000000;1,0000000000000000;1,0000000000000000;1,0000000000000000;1,0000000000000000;1,0000000000000000;1,0000000000000000;1,0000000000000000;1,00000000000000000
2023-08-07;0-60;0;0,0;0;0;0;0;0;0;0;0,0;0,0;0,0;7;7,0;7,0;7;7;7;7;7;7;7,0;7,0;7,0;1,0000000000000000;1,000000000000000;1,0000000000000000;1,0000000000000000;1,0000000000000000;1,0000000000000000;1,0000000000000000;1,0000000000000000;1,0000000000000000;1,0000000000000000;1,00000000000000000
2023-08-07;60+;0;0,0;0;0;0;0;0;0;0;0,0;0,0;0,0;22;22,0;22,0;22;22;22;22;22;22;22,0;22,0;22,0;1,0000000000000000;1,000000000000000;1,0000000000000000;1,0000000000000000;1,0000000000000000;1,0000000000000000;1,0000000000000000;1,0000000000000000;1,0000000000000000;1,0000000000000000;1,00000000000000000
2023-08-07;alle;0;0,0;0;0;0;0;0;0;0;0,0;0,0;0,0;29;29,0;29,0;29;29;29;29;29;29;29,0;29,0;29,0;1,0000000000000000;1,000000000000000;1,0000000000000000;1,0000000000000000;1,0000000000000000;1,0000000000000000;1,0000000000000000;1,0000000000000000;1,0000000000000000;1,0000000000000000;1,00000000000000000
2023-08-06;0-60;0;0,0;0;0;0;0;0;0;0;0,0;0,0;0,0;7;7,0;7,0;7;7;7;7;7;7;7,0;7,0;7,0;1,0000000000000000;1,000000000000000;1,0000000000000000;1,0000000000000000;1,0000000000000000;1,0000000000000000;1,0000000000000000;1,0000000000000000;1,0000000000000000;1,0000000000000000;1,00000000000000000
2023-08-06;60+;0;0,0;0;0;0;0;0;0;0;0,0;0,0;0,0;22;22,0;22,0;22;22;22;22;22;22;22,0;22,0;22,0;1,0000000000000000;1,000000000000000;1,0000000000000000;1,0000000000000000;1,0000000000000000;1,0000000000000000;1,0000000000000000;1,0000000000000000;1,0000000000000000;1,0000000000000000;1,00000000000000000
2023-08-06;alle;0;0,0;0;0;0;0;0;0;0;0,0;0,0;0,0;29;29,0;29,0;29;29;29;29;29;29;29,0;29,0;29,0;NA;NA;NA;NA;NA;NA;NA;NA;NA;NA;NA
2023-08-05;0-60;1;1,0;1;1;1;1;1;1;1;1,0;1,0;1,0;7;7,0;7,0;7;7;7;7;7;7;7,0;7,0;7,0;1,0000000000000000;1,000000000000000;1,0000000000000000;1,0000000000000000;1,0000000000000000;1,0000000000000000;1,0000000000000000;1,0000000000000000;1,0000000000000000;1,0000000000000000;1,00000000000000000
2023-08-05;60+;2;2,0;2;2;2;2;2;2;2;2,0;2,0;2,0;22;22,0;22,0;22;22;22;22;22;22;22,0;22,0;22,0;1,0000000000000000;1,000000000000000;1,0000000000000000;1,0000000000000000;1,0000000000000000;1,0000000000000000;1,0000000000000000;1,0000000000000000;1,0000000000000000;1,0000000000000000;1,00000000000000000
2023-08-05;alle;3;3,0;3;3;3;3;3;3;3;3,0;3,0;3,0;29;29,0;29,0;29;29;29;29;29;29;29,0;29,0;29,0;NA;NA;NA;NA;NA;NA;NA;NA;NA;NA;NA
2023-08-04;0-60;1;1,0;1;1;1;1;1;1;1;1,0;1,0;1,0;8;8,0;8,0;8;8;8;8;8;8;8,0;8,0;8,0;1,0000000000000000;1,000000000000000;1,0000000000000000;1,0000000000000000;1,0000000000000000;1,0000000000000000;1,0000000000000000;1,0000000000000000;1,0000000000000000;1,0000000000000000;1,00000000000000000
2023-08-04;60+;1;1,0;1;1;1;1;1;1;1;1,0;1,0;1,0;23;23,0;23,0;23;23;23;23;23;23;23,0;23,0;23,0;1,0000000000000000;1,000000000000000;1,0000000000000000;1,0000000000000000;1,0000000000000000;1,0000000000000000;1,0000000000000000;1,0000000000000000;1,0000000000000000;1,0000000000000000;1,00000000000000000
2023-08-04;alle;2;2,0;2;2;2;2;2;2;2;2,0;2,0;2,0;31;31,0;31,0;31;31;31;31;31;31;31,0;31,0;31,0;NA;NA;NA;NA;NA;NA;NA;NA;NA;NA;NA
2023-08-03;0-60;0;0,0;0;0;0;0;0;0;0;0,0;0,0;0,0;8;8,0;8,0;8;8;8;8;8;8;8,0;8,0;8,0;1,0000000000000000;1,000000000000000;1,0000000000000000;1,0000000000000000;1,0000000000000000;1,0000000000000000;1,0000000000000000;1,0000000000000000;1,0000000000000000;1,0000000000000000;1,00000000000000000
2023-08-03;60+;6;6,0;6;6;6;6;6;6;6;6,0;6,0;6,0;26;26,0;26,0;26;26;26;26;26;26;26,0;26,0;26,0;1,0000000000000000;1,000000000000000;1,0000000000000000;1,0000000000000000;1,0000000000000000;1,0000000000000000;1,0000000000000000;1,0000000000000000;1,0000000000000000;1,0000000000000000;1,00000000000000000
2023-08-03;alle;6;6,0;6;6;6;6;6;6;6;6,0;6,0;6,0;34;34,0;34,0;34;34;34;34;34;34;34,0;34,0;34,0;NA;NA;NA;NA;NA;NA;NA;NA;NA;NA;NA
2023-08-02;0-60;1;1,0;1;1;1;1;1;1;1;1,0;1,0;1,0;11;11,0;11,0;11;11;11;11;11;11;11,0;11,0;11,0;1,0000000000000000;1,000000000000000;1,0000000000000000;1,0000000000000000;1,0000000000000000;1,0000000000000000;1,0000000000000000;1,0000000000000000;1,0000000000000000;1,0000000000000000;1,00000000000000000
2023-08-02;60+;7;7,0;7;7;7;7;7;7;7;7,0;7,0;7,0;24;24,0;24,0;24;24;24;24;24;24;24,0;24,0;24,0;1,0000000000000000;1,000000000000000;1,0000000000000000;1,0000000000000000;1,0000000000000000;1,0000000000000000;1,0000000000000000;1,0000000000000000;1,0000000000000000;1,0000000000000000;1,00000000000000000
2023-08-02;alle;8;8,0;8;8;8;8;8;8;8;8,0;8,0;8,0;35;35,0;35,0;35;35;35;35;35;35;35,0;35,0;35,0;NA;NA;NA;NA;NA;NA;NA;NA;NA;NA;NA
2023-08-01;0-60;4;4,0;4;4;4;4;4;4;4;4,0;4,0;4,0;13;13,0;13,0;13;13;13;13;13;13;13,0;13,0;13,0;1,0000000000000000;1,000000000000000;1,0000000000000000;1,0000000000000000;1,0000000000000000;1,0000000000000000;1,0000000000000000;1,0000000000000000;1,0000000000000000;1,0000000000000000;1,00000000000000000
2023-08-01;60+;6;6,0;6;6;6;6;6;6;6;6,0;6,0;6,0;20;20,0;20,0;20;20;20;20;20;20;20,0;20,0;20,0;1,0000000000000000;1,000000000000000;1,0000000000000000;1,0000000000000000;1,0000000000000000;1,0000000000000000;1,0000000000000000;1,0000000000000000;1,0000000000000000;1,0000000000000000;1,00000000000000000
2023-08-01;alle;10;10,0;10;10;10;10;10;10;10;10,0;10,0;10,0;33;33,0;33,0;33;33;33;33;33;33;33,0;33,0;33,0;NA;NA;NA;NA;NA;NA;NA;NA;NA;NA;NA
2023-07-31;0-60;0;0,0;0;0;0;0;0;0;0;0,0;0,0;0,0;9;9,0;9,0;9;9;9;9;9;9;9,0;9,0;9,0;1,0000000000000000;1,000000000000000;1,0000000000000000;1,0000000000000000;1,0000000000000000;1,0000000000000000;1,0000000000000000;1,0000000000000000;1,0000000000000000;1,0000000000000000;1,00000000000000000
2023-07-31;60+;0;0,0;0;0;0;0;0;0;0;0,0;0,0;0,0;18;18,0;18,0;18;18;18;18;18;18;18,0;18,0;18,0;1,0000000000000000;1,000000000000000;1,0000000000000000;1,0000000000000000;1,0000000000000000;1,0000000000000000;1,0000000000000000;1,0000000000000000;1,0000000000000000;1,0000000000000000;1,00000000000000000
2023-07-31;alle;0;0,0;0;0;0;0;0;0;0;0,0;0,0;0,0;27;27,0;27,0;27;27;27;27;27;27;27,0;27,0;27,0;NA;NA;NA;NA;NA;NA;NA;NA;NA;NA;NA
2023-07-30;0-60;0;0,0;0;0;0;0;0;0;0;0,0;0,0;0,0;9;9,0;9,0;9;9;9;9;9;9;9,0;9,0;9,0;1,0000000000000000;1,000000000000000;1,0000000000000000;1,0000000000000000;1,0000000000000000;1,0000000000000000;1,0000000000000000;1,0000000000000000;1,0000000000000000;1,0000000000000000;1,00000000000000000
2023-07-30;60+;0;0,0;0;0;0;0;0;0;0;0,0;0,0;0,0;18;18,0;18,0;18;18;18;18;18;18;18,0;18,0;18,0;1,0000000000000000;1,000000000000000;1,0000000000000000;1,0000000000000000;1,0000000000000000;1,0000000000000000;1,0000000000000000;1,0000000000000000;1,0000000000000000;1,0000000000000000;1,00000000000000000
2023-07-30;alle;0;0,0;0;0;0;0;0;0;0;0,0;0,0;0,0;27;27,0;27,0;27;27;27;27;27;27;27,0;27,0;27,0;NA;NA;NA;NA;NA;NA;NA;NA;NA;NA;NA
2023-07-29;0-60;2;2,0;2;2;2;2;2;2;2;2,0;2,0;2,0;9;9,0;9,0;9;9;9;9;9;9;9,0;9,0;9,0;1,0000000000000000;1,000000000000000;1,0000000000000000;1,0000000000000000;1,0000000000000000;1,0000000000000000;1,0000000000000000;1,0000000000000000;1,0000000000000000;1,0000000000000000;1,00000000000000000
2023-07-29;60+;3;3,0;3;3;3;3;3;3;3;3,0;3,0;3,0;18;18,0;18,0;18;18;18;18;18;18;18,0;18,0;18,0;1,0000000000000000;1,000000000000000;1,0000000000000000;1,0000000000000000;1,0000000000000000;1,0000000000000000;1,0000000000000000;1,0000000000000000;1,0000000000000000;1,0000000000000000;1,00000000000000000
2023-07-29;alle;5;5,0;5;5;5;5;5;5;5;5,0;5,0;5,0;27;27,0;27,0;27;27;27;27;27;27;27,0;27,0;27,0;NA;NA;NA;NA;NA;NA;NA;NA;NA;NA;NA
2023-07-28;0-60;1;1,0;1;1;1;1;1;1;1;1,0;1,0;1,0;7;7,0;7,0;7;7;7;7;7;7;7,0;7,0;7,0;1,0000000000000000;1,000000000000000;1,0000000000000000;1,0000000000000000;1,0000000000000000;1,0000000000000000;1,0000000000000000;1,0000000000000000;1,0000000000000000;1,0000000000000000;1,00000000000000000
2023-07-28;60+;4;4,0;4;4;4;4;4;4;4;4,0;4,0;4,0;17;17,0;17,0;17;17;17;17;17;17;17,0;17,0;17,0;1,0000000000000000;1,000000000000000;1,0000000000000000;1,0000000000000000;1,0000000000000000;1,0000000000000000;1,0000000000000000;1,0000000000000000;1,0000000000000000;1,0000000000000000;1,00000000000000000
2023-07-28;alle;5;5,0;5;5;5;5;5;5;5;5,0;5,0;5,0;24;24,0;24,0;24;24;24;24;24;24;24,0;24,0;24,0;NA;NA;NA;NA;NA;NA;NA;NA;NA;NA;NA
2023-07-27;0-60;3;3,0;3;3;3;3;3;3;3;3,0;3,0;3,0;6;6,0;6,0;6;6;6;6;6;6;6,0;6,0;6,0;1,0000000000000000;1,000000000000000;1,0000000000000000;1,0000000000000000;1,0000000000000000;1,0000000000000000;1,0000000000000000;1,0000000000000000;1,0000000000000000;1,0000000000000000;1,00000000000000000
2023-07-27;60+;4;4,0;4;4;4;4;4;4;4;4,0;4,0;4,0;13;13,0;13,0;13;13;13;13;13;13;13,0;13,0;13,0;1,0000000000000000;1,000000000000000;1,0000000000000000;1,0000000000000000;1,0000000000000000;1,0000000000000000;1,0000000000000000;1,0000000000000000;1,0000000000000000;1,0000000000000000;1,00000000000000000
2023-07-27;alle;7;7,0;7;7;7;7;7;7;7;7,0;7,0;7,0;19;19,0;19,0;19;19;19;19;19;19;19,0;19,0;19,0;NA;NA;NA;NA;NA;NA;NA;NA;NA;NA;NA
2023-07-26;0-60;3;3,0;3;3;3;3;3;3;3;3,0;3,0;3,0;4;4,0;4,0;4;4;4;4;4;4;4,0;4,0;4,0;1,0000000000000000;1,000000000000000;1,0000000000000000;1,0000000000000000;1,0000000000000000;1,0000000000000000;1,0000000000000000;1,0000000000000000;1,0000000000000000;1,0000000000000000;1,00000000000000000
2023-07-26;60+;3;3,0;3;3;3;3;3;3;3;3,0;3,0;3,0;13;13,0;13,0;13;13;13;13;13;13;13,0;13,0;13,0;1,0000000000000000;1,000000000000000;1,0000000000000000;1,0000000000000000;1,0000000000000000;1,0000000000000000;1,0000000000000000;1,0000000000000000;1,0000000000000000;1,0000000000000000;1,00000000000000000
2023-07-26;alle;6;6,0;6;6;6;6;6;6;6;6,0;6,0;6,0;17;17,0;17,0;17;17;17;17;17;17;17,0;17,0;17,0;NA;NA;NA;NA;NA;NA;NA;NA;NA;NA;NA
2023-07-25;0-60;0;0,0;0;0;0;0;0;0;0;0,0;0,0;0,0;2;2,0;2,0;2;2;2;2;2;2;2,0;2,0;2,0;1,0000000000000000;1,000000000000000;1,0000000000000000;1,0000000000000000;1,0000000000000000;1,0000000000000000;1,0000000000000000;1,0000000000000000;1,0000000000000000;1,0000000000000000;1,00000000000000000
2023-07-25;60+;4;4,0;4;4;4;4;4;4;4;4,0;4,0;4,0;18;18,0;18,0;18;18;18;18;18;18;18,0;18,0;18,0;1,0000000000000000;1,000000000000000;1,0000000000000000;1,0000000000000000;1,0000000000000000;1,0000000000000000;1,0000000000000000;1,0000000000000000;1,0000000000000000;1,0000000000000000;1,00000000000000000
2023-07-25;alle;4;4,0;4;4;4;4;4;4;4;4,0;4,0;4,0;20;20,0;20,0;20;20;20;20;20;20;20,0;20,0;20,0;NA;NA;NA;NA;NA;NA;NA;NA;NA;NA;NA
2023-07-24;0-60;0;0,0;0;0;0;0;0;0;0;0,0;0,0;0,0;3;3,0;3,0;3;3;3;3;3;3;3,0;3,0;3,0;1,0000000000000000;1,000000000000000;1,0000000000000000;1,0000000000000000;1,0000000000000000;1,0000000000000000;1,0000000000000000;1,0000000000000000;1,0000000000000000;1,0000000000000000;1,00000000000000000
2023-07-24;60+;0;0,0;0;0;0;0;0;0;0;0,0;0,0;0,0;22;22,0;22,0;22;22;22;22;22;22;22,0;22,0;22,0;1,0000000000000000;1,000000000000000;1,0000000000000000;1,0000000000000000;1,0000000000000000;1,0000000000000000;1,0000000000000000;1,0000000000000000;1,0000000000000000;1,0000000000000000;1,00000000000000000
2023-07-24;alle;0;0,0;0;0;0;0;0;0;0;0,0;0,0;0,0;25;25,0;25,0;25;25;25;25;25;25;25,0;25,0;25,0;NA;NA;NA;NA;NA;NA;NA;NA;NA;NA;NA
2023-07-23;0-60;0;0,0;0;0;0;0;0;0;0;0,0;0,0;0,0;3;3,0;3,0;3;3;3;3;3;3;3,0;3,0;3,0;1,0000000000000000;1,000000000000000;1,0000000000000000;1,0000000000000000;1,0000000000000000;1,0000000000000000;1,0000000000000000;1,0000000000000000;1,0000000000000000;1,0000000000000000;1,00000000000000000
2023-07-23;60+;0;0,0;0;0;0;0;0;0;0;0,0;0,0;0,0;24;24,0;24,0;24;24;24;24;24;24;24,0;24,0;24,0;1,0000000000000000;1,000000000000000;1,0000000000000000;1,0000000000000000;1,0000000000000000;1,0000000000000000;1,0000000000000000;1,0000000000000000;1,0000000000000000;1,0000000000000000;1,00000000000000000
2023-07-23;alle;0;0,0;0;0;0;0;0;0;0;0,0;0,0;0,0;27;27,0;27,0;27;27;27;27;27;27;27,0;27,0;27,0;NA;NA;NA;NA;NA;NA;NA;NA;NA;NA;NA
2023-07-22;0-60;0;0,0;0;0;0;0;0;0;0;0,0;0,0;0,0;3;3,0;3,0;3;3;3;3;3;3;3,0;3,0;3,0;1,0000000000000000;1,000000000000000;1,0000000000000000;1,0000000000000000;1,0000000000000000;1,0000000000000000;1,0000000000000000;1,0000000000000000;1,0000000000000000;1,0000000000000000;1,00000000000000000
2023-07-22;60+;2;2,0;2;2;2;2;2;2;2;2,0;2,0;2,0;24;24,0;24,0;24;24;24;24;24;24;24,0;24,0;24,0;1,0000000000000000;1,000000000000000;1,0000000000000000;1,0000000000000000;1,0000000000000000;1,0000000000000000;1,0000000000000000;1,0000000000000000;1,0000000000000000;1,0000000000000000;1,00000000000000000
2023-07-22;alle;2;2,0;2;2;2;2;2;2;2;2,0;2,0;2,0;27;27,0;27,0;27;27;27;27;27;27;27,0;27,0;27,0;NA;NA;NA;NA;NA;NA;NA;NA;NA;NA;NA
2023-07-21;0-60;0;0,0;0;0;0;0;0;0;0;0,0;0,0;0,0;4;4,0;4,0;4;4;4;4;4;4;4,0;4,0;4,0;1,0000000000000000;1,000000000000000;1,0000000000000000;1,0000000000000000;1,0000000000000000;1,0000000000000000;1,0000000000000000;1,0000000000000000;1,0000000000000000;1,0000000000000000;1,00000000000000000
2023-07-21;60+;0;0,0;0;0;0;0;0;0;0;0,0;0,0;0,0;24;24,0;24,0;24;24;24;24;24;24;24,0;24,0;24,0;1,0000000000000000;1,000000000000000;1,0000000000000000;1,0000000000000000;1,0000000000000000;1,0000000000000000;1,0000000000000000;1,0000000000000000;1,0000000000000000;1,0000000000000000;1,00000000000000000
2023-07-21;alle;0;0,0;0;0;0;0;0;0;0;0,0;0,0;0,0;28;28,0;28,0;28;28;28;28;28;28;28,0;28,0;28,0;NA;NA;NA;NA;NA;NA;NA;NA;NA;NA;NA
2023-07-20;0-60;1;1,0;1;1;1;1;1;1;1;1,0;1,0;1,0;7;7,0;7,0;7;7;7;7;7;7;7,0;7,0;7,0;1,0000000000000000;1,000000000000000;1,0000000000000000;1,0000000000000000;1,0000000000000000;1,0000000000000000;1,0000000000000000;1,0000000000000000;1,0000000000000000;1,0000000000000000;1,00000000000000000
2023-07-20;60+;4;4,0;4;4;4;4;4;4;4;4,0;4,0;4,0;26;26,0;26,0;26;26;26;26;26;26;26,0;26,0;26,0;1,0000000000000000;1,000000000000000;1,0000000000000000;1,0000000000000000;1,0000000000000000;1,0000000000000000;1,0000000000000000;1,0000000000000000;1,0000000000000000;1,0000000000000000;1,00000000000000000
2023-07-20;alle;5;5,0;5;5;5;5;5;5;5;5,0;5,0;5,0;33;33,0;33,0;33;33;33;33;33;33;33,0;33,0;33,0;NA;NA;NA;NA;NA;NA;NA;NA;NA;NA;NA
2023-07-19;0-60;1;1,0;1;1;1;1;1;1;1;1,0;1,0;1,0;7;7,0;7,0;7;7;7;7;7;7;7,0;7,0;7,0;1,0000000000000000;1,000000000000000;1,0000000000000000;1,0000000000000000;1,0000000000000000;1,0000000000000000;1,0000000000000000;1,0000000000000000;1,0000000000000000;1,0000000000000000;1,00000000000000000
2023-07-19;60+;8;8,0;8;8;8;8;8;8;8;8,0;8,0;8,0;23;23,0;23,0;23;23;23;23;23;23;23,0;23,0;23,0;1,0000000000000000;1,000000000000000;1,0000000000000000;1,0000000000000000;1,0000000000000000;1,0000000000000000;1,0000000000000000;1,0000000000000000;1,0000000000000000;1,0000000000000000;1,00000000000000000
2023-07-19;alle;9;9,0;9;9;9;9;9;9;9;9,0;9,0;9,0;30;30,0;30,0;30;30;30;30;30;30;30,0;30,0;30,0;NA;NA;NA;NA;NA;NA;NA;NA;NA;NA;NA
2023-07-18;0-60;1;1,0;1;1;1;1;1;1;1;1,0;1,0;1,0;7;7,0;7,0;7;7;7;7;7;7;7,0;7,0;7,0;1,0000000000000000;1,000000000000000;1,0000000000000000;1,0000000000000000;1,0000000000000000;1,0000000000000000;1,0000000000000000;1,0000000000000000;1,0000000000000000;1,0000000000000000;1,00000000000000000
2023-07-18;60+;8;8,0;8;8;8;8;8;8;8;8,0;8,0;8,0;18;18,0;18,0;18;18;18;18;18;18;18,0;18,0;18,0;1,0000000000000000;1,000000000000000;1,0000000000000000;1,0000000000000000;1,0000000000000000;1,0000000000000000;1,0000000000000000;1,0000000000000000;1,0000000000000000;1,0000000000000000;1,00000000000000000
2023-07-18;alle;9;9,0;9;9;9;9;9;9;9;9,0;9,0;9,0;25;25,0;25,0;25;25;25;25;25;25;25,0;25,0;25,0;NA;NA;NA;NA;NA;NA;NA;NA;NA;NA;NA
2023-07-17;0-60;0;0,0;0;0;0;0;0;0;0;0,0;0,0;0,0;9;9,0;9,0;9;9;9;9;9;9;9,0;9,0;9,0;1,0000000000000000;1,000000000000000;1,0000000000000000;1,0000000000000000;1,0000000000000000;1,0000000000000000;1,0000000000000000;1,0000000000000000;1,0000000000000000;1,0000000000000000;1,00000000000000000
2023-07-17;60+;2;2,0;2;2;2;2;2;2;2;2,0;2,0;2,0;18;18,0;18,0;18;18;18;18;18;18;18,0;18,0;18,0;1,0000000000000000;1,000000000000000;1,0000000000000000;1,0000000000000000;1,0000000000000000;1,0000000000000000;1,0000000000000000;1,0000000000000000;1,0000000000000000;1,0000000000000000;1,00000000000000000
2023-07-17;alle;2;2,0;2;2;2;2;2;2;2;2,0;2,0;2,0;27;27,0;27,0;27;27;27;27;27;27;27,0;27,0;27,0;NA;NA;NA;NA;NA;NA;NA;NA;NA;NA;NA
2023-07-16;0-60;0;0,0;0;0;0;0;0;0;0;0,0;0,0;0,0;9;9,0;9,0;9;9;9;9;9;9;9,0;9,0;9,0;1,0000000000000000;1,000000000000000;1,0000000000000000;1,0000000000000000;1,0000000000000000;1,0000000000000000;1,0000000000000000;1,0000000000000000;1,0000000000000000;1,0000000000000000;1,00000000000000000
2023-07-16;60+;0;0,0;0;0;0;0;0;0;0;0,0;0,0;0,0;16;16,0;16,0;16;16;16;16;16;16;16,0;16,0;16,0;1,0000000000000000;1,000000000000000;1,0000000000000000;1,0000000000000000;1,0000000000000000;1,0000000000000000;1,0000000000000000;1,0000000000000000;1,0000000000000000;1,0000000000000000;1,00000000000000000
2023-07-16;alle;0;0,0;0;0;0;0;0;0;0;0,0;0,0;0,0;25;25,0;25,0;25;25;25;25;25;25;25,0;25,0;25,0;NA;NA;NA;NA;NA;NA;NA;NA;NA;NA;NA
2023-07-15;0-60;1;1,0;1;1;1;1;1;1;1;1,0;1,0;1,0;9;9,0;9,0;9;9;9;9;9;9;9,0;9,0;9,0;1,0000000000000000;1,000000000000000;1,0000000000000000;1,0000000000000000;1,0000000000000000;1,0000000000000000;1,0000000000000000;1,0000000000000000;1,0000000000000000;1,0000000000000000;1,00000000000000000
2023-07-15;60+;2;2,0;2;2;2;2;2;2;2;2,0;2,0;2,0;16;16,0;16,0;16;16;16;16;16;16;16,0;16,0;16,0;1,0000000000000000;1,000000000000000;1,0000000000000000;1,0000000000000000;1,0000000000000000;1,0000000000000000;1,0000000000000000;1,0000000000000000;1,0000000000000000;1,0000000000000000;1,00000000000000000
2023-07-15;alle;3;3,0;3;3;3;3;3;3;3;3,0;3,0;3,0;25;25,0;25,0;25;25;25;25;25;25;25,0;25,0;25,0;NA;NA;NA;NA;NA;NA;NA;NA;NA;NA;NA
2023-07-14;0-60;3;3,0;3;3;3;3;3;3;3;3,0;3,0;3,0;9;9,0;9,0;9;9;9;9;9;9;9,0;9,0;9,0;1,0000000000000000;1,000000000000000;1,0000000000000000;1,0000000000000000;1,0000000000000000;1,0000000000000000;1,0000000000000000;1,0000000000000000;1,0000000000000000;1,0000000000000000;1,00000000000000000
2023-07-14;60+;2;2,0;2;2;2;2;2;2;2;2,0;2,0;2,0;16;16,0;16,0;16;16;16;16;16;16;16,0;16,0;16,0;1,0000000000000000;1,000000000000000;1,0000000000000000;1,0000000000000000;1,0000000000000000;1,0000000000000000;1,0000000000000000;1,0000000000000000;1,0000000000000000;1,0000000000000000;1,00000000000000000
2023-07-14;alle;5;5,0;5;5;5;5;5;5;5;5,0;5,0;5,0;25;25,0;25,0;25;25;25;25;25;25;25,0;25,0;25,0;NA;NA;NA;NA;NA;NA;NA;NA;NA;NA;NA
2023-07-13;0-60;1;1,0;1;1;1;1;1;1;1;1,0;1,0;1,0;7;7,0;7,0;7;7;7;7;7;7;7,0;7,0;7,0;1,0000000000000000;1,000000000000000;1,0000000000000000;1,0000000000000000;1,0000000000000000;1,0000000000000000;1,0000000000000000;1,0000000000000000;1,0000000000000000;1,0000000000000000;1,00000000000000000
2023-07-13;60+;1;1,0;1;1;1;1;1;1;1;1,0;1,0;1,0;17;17,0;17,0;17;17;17;17;17;17;17,0;17,0;17,0;1,0000000000000000;1,000000000000000;1,0000000000000000;1,0000000000000000;1,0000000000000000;1,0000000000000000;1,0000000000000000;1,0000000000000000;1,0000000000000000;1,0000000000000000;1,00000000000000000
2023-07-13;alle;2;2,0;2;2;2;2;2;2;2;2,0;2,0;2,0;24;24,0;24,0;24;24;24;24;24;24;24,0;24,0;24,0;NA;NA;NA;NA;NA;NA;NA;NA;NA;NA;NA
2023-07-12;0-60;1;1,0;1;1;1;1;1;1;1;1,0;1,0;1,0;7;7,0;7,0;7;7;7;7;7;7;7,0;7,0;7,0;1,0000000000000000;1,000000000000000;1,0000000000000000;1,0000000000000000;1,0000000000000000;1,0000000000000000;1,0000000000000000;1,0000000000000000;1,0000000000000000;1,0000000000000000;1,00000000000000000
2023-07-12;60+;3;3,0;3;3;3;3;3;3;3;3,0;3,0;3,0;24;24,0;24,0;24;24;24;24;24;24;24,0;24,0;24,0;1,0000000000000000;1,000000000000000;1,0000000000000000;1,0000000000000000;1,0000000000000000;1,0000000000000000;1,0000000000000000;1,0000000000000000;1,0000000000000000;1,0000000000000000;1,00000000000000000
2023-07-12;alle;4;4,0;4;4;4;4;4;4;4;4,0;4,0;4,0;31;31,0;31,0;31;31;31;31;31;31;31,0;31,0;31,0;NA;NA;NA;NA;NA;NA;NA;NA;NA;NA;NA
2023-07-11;0-60;3;3,0;3;3;3;3;3;3;3;3,0;3,0;3,0;6;6,0;6,0;6;6;6;6;6;6;6,0;6,0;6,0;1,0000000000000000;1,000000000000000;1,0000000000000000;1,0000000000000000;1,0000000000000000;1,0000000000000000;1,0000000000000000;1,0000000000000000;1,0000000000000000;1,0000000000000000;1,00000000000000000
2023-07-11;60+;8;8,0;8;8;8;8;8;8;8;8,0;8,0;8,0;25;25,0;25,0;25;25;25;25;25;25;25,0;25,0;25,0;1,0000000000000000;1,000000000000000;1,0000000000000000;1,0000000000000000;1,0000000000000000;1,0000000000000000;1,0000000000000000;1,0000000000000000;1,0000000000000000;1,0000000000000000;1,00000000000000000
2023-07-11;alle;11;11,0;11;11;11;11;11;11;11;11,0;11,0;11,0;31;31,0;31,0;31;31;31;31;31;31;31,0;31,0;31,0;NA;NA;NA;NA;NA;NA;NA;NA;NA;NA;NA
2023-07-10;0-60;0;0,0;0;0;0;0;0;0;0;0,0;0,0;0,0;5;5,0;5,0;5;5;5;5;5;5;5,0;5,0;5,0;1,0000000000000000;1,000000000000000;1,0000000000000000;1,0000000000000000;1,0000000000000000;1,0000000000000000;1,0000000000000000;1,0000000000000000;1,0000000000000000;1,0000000000000000;1,00000000000000000
2023-07-10;60+;0;0,0;0;0;0;0;0;0;0;0,0;0,0;0,0;24;24,0;24,0;24;24;24;24;24;24;24,0;24,0;24,0;1,0000000000000000;1,000000000000000;1,0000000000000000;1,0000000000000000;1,0000000000000000;1,0000000000000000;1,0000000000000000;1,0000000000000000;1,0000000000000000;1,0000000000000000;1,00000000000000000
2023-07-10;alle;0;0,0;0;0;0;0;0;0;0;0,0;0,0;0,0;29;29,0;29,0;29;29;29;29;29;29;29,0;29,0;29,0;NA;NA;NA;NA;NA;NA;NA;NA;NA;NA;NA
2023-07-09;0-60;0;0,0;0;0;0;0;0;0;0;0,0;0,0;0,0;5;5,0;5,0;5;5;5;5;5;5;5,0;5,0;5,0;1,0000000000000000;1,000000000000000;1,0000000000000000;1,0000000000000000;1,0000000000000000;1,0000000000000000;1,0000000000000000;1,0000000000000000;1,0000000000000000;1,0000000000000000;1,00000000000000000
2023-07-09;60+;0;0,0;0;0;0;0;0;0;0;0,0;0,0;0,0;24;24,0;24,0;24;24;24;24;24;24;24,0;24,0;24,0;1,0000000000000000;1,000000000000000;1,0000000000000000;1,0000000000000000;1,0000000000000000;1,0000000000000000;1,0000000000000000;1,0000000000000000;1,0000000000000000;1,0000000000000000;1,00000000000000000
2023-07-09;alle;0;0,0;0;0;0;0;0;0;0;0,0;0,0;0,0;29;29,0;29,0;29;29;29;29;29;29;29,0;29,0;29,0;NA;NA;NA;NA;NA;NA;NA;NA;NA;NA;NA
2023-07-08;0-60;1;1,0;1;1;1;1;1;1;1;1,0;1,0;1,0;5;5,0;5,0;5;5;5;5;5;5;5,0;5,0;5,0;1,0000000000000000;1,000000000000000;1,0000000000000000;1,0000000000000000;1,0000000000000000;1,0000000000000000;1,0000000000000000;1,0000000000000000;1,0000000000000000;1,0000000000000000;1,00000000000000000
2023-07-08;60+;2;2,0;2;2;2;2;2;2;2;2,0;2,0;2,0;24;24,0;24,0;24;24;24;24;24;24;24,0;24,0;24,0;1,0000000000000000;1,000000000000000;1,0000000000000000;1,0000000000000000;1,0000000000000000;1,0000000000000000;1,0000000000000000;1,0000000000000000;1,0000000000000000;1,0000000000000000;1,00000000000000000
2023-07-08;alle;3;3,0;3;3;3;3;3;3;3;3,0;3,0;3,0;29;29,0;29,0;29;29;29;29;29;29;29,0;29,0;29,0;NA;NA;NA;NA;NA;NA;NA;NA;NA;NA;NA
2023-07-07;0-60;1;1,0;1;1;1;1;1;1;1;1,0;1,0;1,0;4;4,0;4,0;4;4;4;4;4;4;4,0;4,0;4,0;1,0000000000000000;1,000000000000000;1,0000000000000000;1,0000000000000000;1,0000000000000000;1,0000000000000000;1,0000000000000000;1,0000000000000000;1,0000000000000000;1,0000000000000000;1,00000000000000000
2023-07-07;60+;3;3,0;3;3;3;3;3;3;3;3,0;3,0;3,0;26;26,0;26,0;26;26;26;26;26;26;26,0;26,0;26,0;1,0000000000000000;1,000000000000000;1,0000000000000000;1,0000000000000000;1,0000000000000000;1,0000000000000000;1,0000000000000000;1,0000000000000000;1,0000000000000000;1,0000000000000000;1,00000000000000000
2023-07-07;alle;4;4,0;4;4;4;4;4;4;4;4,0;4,0;4,0;30;30,0;30,0;30;30;30;30;30;30;30,0;30,0;30,0;NA;NA;NA;NA;NA;NA;NA;NA;NA;NA;NA
2023-07-06;0-60;1;1,0;1;1;1;1;1;1;1;1,0;1,0;1,0;3;3,0;3,0;3;3;3;3;3;3;3,0;3,0;3,0;1,0000000000000000;1,000000000000000;1,0000000000000000;1,0000000000000000;1,0000000000000000;1,0000000000000000;1,0000000000000000;1,0000000000000000;1,0000000000000000;1,0000000000000000;1,00000000000000000
2023-07-06;60+;8;8,0;8;8;8;8;8;8;8;8,0;8,0;8,0;26;26,0;26,0;26;26;26;26;26;26;26,0;26,0;26,0;1,0000000000000000;1,000000000000000;1,0000000000000000;1,0000000000000000;1,0000000000000000;1,0000000000000000;1,0000000000000000;1,0000000000000000;1,0000000000000000;1,0000000000000000;1,00000000000000000
2023-07-06;alle;9;9,0;9;9;9;9;9;9;9;9,0;9,0;9,0;29;29,0;29,0;29;29;29;29;29;29;29,0;29,0;29,0;NA;NA;NA;NA;NA;NA;NA;NA;NA;NA;NA
2023-07-05;0-60;0;0,0;0;0;0;0;0;0;0;0,0;0,0;0,0;4;4,0;4,0;4;4;4;4;4;4;4,0;4,0;4,0;1,0000000000000000;1,000000000000000;1,0000000000000000;1,0000000000000000;1,0000000000000000;1,0000000000000000;1,0000000000000000;1,0000000000000000;1,0000000000000000;1,0000000000000000;1,00000000000000000
2023-07-05;60+;4;4,0;4;4;4;4;4;4;4;4,0;4,0;4,0;19;19,0;19,0;19;19;19;19;19;19;19,0;19,0;19,0;1,0000000000000000;1,000000000000000;1,0000000000000000;1,0000000000000000;1,0000000000000000;1,0000000000000000;1,0000000000000000;1,0000000000000000;1,0000000000000000;1,0000000000000000;1,00000000000000000
2023-07-05;alle;4;4,0;4;4;4;4;4;4;4;4,0;4,0;4,0;23;23,0;23,0;23;23;23;23;23;23;23,0;23,0;23,0;NA;NA;NA;NA;NA;NA;NA;NA;NA;NA;NA
2023-07-04;0-60;2;2,0;2;2;2;2;2;2;2;2,0;2,0;2,0;5;5,0;5,0;5;5;5;5;5;5;5,0;5,0;5,0;1,0000000000000000;1,000000000000000;1,0000000000000000;1,0000000000000000;1,0000000000000000;1,0000000000000000;1,0000000000000000;1,0000000000000000;1,0000000000000000;1,0000000000000000;1,00000000000000000
2023-07-04;60+;7;7,0;7;7;7;7;7;7;7;7,0;7,0;7,0;18;18,0;18,0;18;18;18;18;18;18;18,0;18,0;18,0;1,0000000000000000;1,000000000000000;1,0000000000000000;1,0000000000000000;1,0000000000000000;1,0000000000000000;1,0000000000000000;1,0000000000000000;1,0000000000000000;1,0000000000000000;1,00000000000000000
2023-07-04;alle;9;9,0;9;9;9;9;9;9;9;9,0;9,0;9,0;23;23,0;23,0;23;23;23;23;23;23;23,0;23,0;23,0;NA;NA;NA;NA;NA;NA;NA;NA;NA;NA;NA
2023-07-03;0-60;0;0,0;0;0;0;0;0;0;0;0,0;0,0;0,0;5;5,0;5,0;5;5;5;5;5;5;5,0;5,0;5,0;1,0000000000000000;1,000000000000000;1,0000000000000000;1,0000000000000000;1,0000000000000000;1,0000000000000000;1,0000000000000000;1,0000000000000000;1,0000000000000000;1,0000000000000000;1,00000000000000000
2023-07-03;60+;0;0,0;0;0;0;0;0;0;0;0,0;0,0;0,0;11;11,0;11,0;11;11;11;11;11;11;11,0;11,0;11,0;1,0000000000000000;1,000000000000000;1,0000000000000000;1,0000000000000000;1,0000000000000000;1,0000000000000000;1,0000000000000000;1,0000000000000000;1,0000000000000000;1,0000000000000000;1,00000000000000000
2023-07-03;alle;0;0,0;0;0;0;0;0;0;0;0,0;0,0;0,0;16;16,0;16,0;16;16;16;16;16;16;16,0;16,0;16,0;NA;NA;NA;NA;NA;NA;NA;NA;NA;NA;NA
2023-07-02;0-60;0;0,0;0;0;0;0;0;0;0;0,0;0,0;0,0;5;5,0;5,0;5;5;5;5;5;5;5,0;5,0;5,0;1,0000000000000000;1,000000000000000;1,0000000000000000;1,0000000000000000;1,0000000000000000;1,0000000000000000;1,0000000000000000;1,0000000000000000;1,0000000000000000;1,0000000000000000;1,00000000000000000
2023-07-02;60+;0;0,0;0;0;0;0;0;0;0;0,0;0,0;0,0;11;11,0;11,0;11;11;11;11;11;11;11,0;11,0;11,0;1,0000000000000000;1,000000000000000;1,0000000000000000;1,0000000000000000;1,0000000000000000;1,0000000000000000;1,0000000000000000;1,0000000000000000;1,0000000000000000;1,0000000000000000;1,00000000000000000
2023-07-02;alle;0;0,0;0;0;0;0;0;0;0;0,0;0,0;0,0;16;16,0;16,0;16;16;16;16;16;16;16,0;16,0;16,0;NA;NA;NA;NA;NA;NA;NA;NA;NA;NA;NA
2023-07-01;0-60;0;0,0;0;0;0;0;0;0;0;0,0;0,0;0,0;5;5,0;5,0;5;5;5;5;5;5;5,0;5,0;5,0;1,0000000000000000;1,000000000000000;1,0000000000000000;1,0000000000000000;1,0000000000000000;1,0000000000000000;1,0000000000000000;1,0000000000000000;1,0000000000000000;1,0000000000000000;1,00000000000000000
2023-07-01;60+;4;4,0;4;4;4;4;4;4;4;4,0;4,0;4,0;11;11,0;11,0;11;11;11;11;11;11;11,0;11,0;11,0;1,0000000000000000;1,000000000000000;1,0000000000000000;1,0000000000000000;1,0000000000000000;1,0000000000000000;1,0000000000000000;1,0000000000000000;1,0000000000000000;1,0000000000000000;1,00000000000000000
2023-07-01;alle;4;4,0;4;4;4;4;4;4;4;4,0;4,0;4,0;16;16,0;16,0;16;16;16;16;16;16;16,0;16,0;16,0;NA;NA;NA;NA;NA;NA;NA;NA;NA;NA;NA
2023-06-30;0-60;0;0,0;0;0;0;0;0;0;0;0,0;0,0;0,0;6;6,0;6,0;6;6;6;6;6;6;6,0;6,0;6,0;1,0000000000000000;1,000000000000000;1,0000000000000000;1,0000000000000000;1,0000000000000000;1,0000000000000000;1,0000000000000000;1,0000000000000000;1,0000000000000000;1,0000000000000000;1,00000000000000000
2023-06-30;60+;3;3,0;3;3;3;3;3;3;3;3,0;3,0;3,0;8;8,0;8,0;8;8;8;8;8;8;8,0;8,0;8,0;1,0000000000000000;1,000000000000000;1,0000000000000000;1,0000000000000000;1,0000000000000000;1,0000000000000000;1,0000000000000000;1,0000000000000000;1,0000000000000000;1,0000000000000000;1,00000000000000000
2023-06-30;alle;3;3,0;3;3;3;3;3;3;3;3,0;3,0;3,0;14;14,0;14,0;14;14;14;14;14;14;14,0;14,0;14,0;NA;NA;NA;NA;NA;NA;NA;NA;NA;NA;NA
2023-06-29;0-60;2;2,0;2;2;2;2;2;2;2;2,0;2,0;2,0;8;8,0;8,0;8;8;8;8;8;8;8,0;8,0;8,0;1,0000000000000000;1,000000000000000;1,0000000000000000;1,0000000000000000;1,0000000000000000;1,0000000000000000;1,0000000000000000;1,0000000000000000;1,0000000000000000;1,0000000000000000;1,00000000000000000
2023-06-29;60+;1;1,0;1;1;1;1;1;1;1;1,0;1,0;1,0;5;5,0;5,0;5;5;5;5;5;5;5,0;5,0;5,0;1,0000000000000000;1,000000000000000;1,0000000000000000;1,0000000000000000;1,0000000000000000;1,0000000000000000;1,0000000000000000;1,0000000000000000;1,0000000000000000;1,0000000000000000;1,00000000000000000
2023-06-29;alle;3;3,0;3;3;3;3;3;3;3;3,0;3,0;3,0;13;13,0;13,0;13;13;13;13;13;13;13,0;13,0;13,0;NA;NA;NA;NA;NA;NA;NA;NA;NA;NA;NA
2023-06-28;0-60;1;1,0;1;1;1;1;1;1;1;1,0;1,0;1,0;9;9,0;9,0;9;9;9;9;9;9;9,0;9,0;9,0;1,0000000000000000;1,000000000000000;1,0000000000000000;1,0000000000000000;1,0000000000000000;1,0000000000000000;1,0000000000000000;1,0000000000000000;1,0000000000000000;1,0000000000000000;1,00000000000000000
2023-06-28;60+;3;3,0;3;3;3;3;3;3;3;3,0;3,0;3,0;4;4,0;4,0;4;4;4;4;4;4;4,0;4,0;4,0;1,0000000000000000;1,000000000000000;1,0000000000000000;1,0000000000000000;1,0000000000000000;1,0000000000000000;1,0000000000000000;1,0000000000000000;1,0000000000000000;1,0000000000000000;1,00000000000000000
2023-06-28;alle;4;4,0;4;4;4;4;4;4;4;4,0;4,0;4,0;13;13,0;13,0;13;13;13;13;13;13;13,0;13,0;13,0;NA;NA;NA;NA;NA;NA;NA;NA;NA;NA;NA
2023-06-27;0-60;2;2,0;2;2;2;2;2;2;2;2,0;2,0;2,0;8;8,0;8,0;8;8;8;8;8;8;8,0;8,0;8,0;1,0000000000000000;1,000000000000000;1,0000000000000000;1,0000000000000000;1,0000000000000000;1,0000000000000000;1,0000000000000000;1,0000000000000000;1,0000000000000000;1,0000000000000000;1,00000000000000000
2023-06-27;60+;0;0,0;0;0;0;0;0;0;0;0,0;0,0;0,0;3;3,0;3,0;3;3;3;3;3;3;3,0;3,0;3,0;1,0000000000000000;1,000000000000000;1,0000000000000000;1,0000000000000000;1,0000000000000000;1,0000000000000000;1,0000000000000000;1,0000000000000000;1,0000000000000000;1,0000000000000000;1,00000000000000000
2023-06-27;alle;2;2,0;2;2;2;2;2;2;2;2,0;2,0;2,0;11;11,0;11,0;11;11;11;11;11;11;11,0;11,0;11,0;NA;NA;NA;NA;NA;NA;NA;NA;NA;NA;NA
2023-06-26;0-60;0;0,0;0;0;0;0;0;0;0;0,0;0,0;0,0;8;8,0;8,0;8;8;8;8;8;8;8,0;8,0;8,0;1,0000000000000000;1,000000000000000;1,0000000000000000;1,0000000000000000;1,0000000000000000;1,0000000000000000;1,0000000000000000;1,0000000000000000;1,0000000000000000;1,0000000000000000;1,00000000000000000
2023-06-26;60+;0;0,0;0;0;0;0;0;0;0;0,0;0,0;0,0;14;14,0;14,0;14;14;14;14;14;14;14,0;14,0;14,0;1,0000000000000000;1,000000000000000;1,0000000000000000;1,0000000000000000;1,0000000000000000;1,0000000000000000;1,0000000000000000;1,0000000000000000;1,0000000000000000;1,0000000000000000;1,00000000000000000
2023-06-26;alle;0;0,0;0;0;0;0;0;0;0;0,0;0,0;0,0;22;22,0;22,0;22;22;22;22;22;22;22,0;22,0;22,0;NA;NA;NA;NA;NA;NA;NA;NA;NA;NA;NA
2023-06-25;0-60;0;0,0;0;0;0;0;0;0;0;0,0;0,0;0,0;8;8,0;8,0;8;8;8;8;8;8;8,0;8,0;8,0;1,0000000000000000;1,000000000000000;1,0000000000000000;1,0000000000000000;1,0000000000000000;1,0000000000000000;1,0000000000000000;1,0000000000000000;1,0000000000000000;1,0000000000000000;1,00000000000000000
2023-06-25;60+;0;0,0;0;0;0;0;0;0;0;0,0;0,0;0,0;14;14,0;14,0;14;14;14;14;14;14;14,0;14,0;14,0;1,0000000000000000;1,000000000000000;1,0000000000000000;1,0000000000000000;1,0000000000000000;1,0000000000000000;1,0000000000000000;1,0000000000000000;1,0000000000000000;1,0000000000000000;1,00000000000000000
2023-06-25;alle;0;0,0;0;0;0;0;0;0;0;0,0;0,0;0,0;22;22,0;22,0;22;22;22;22;22;22;22,0;22,0;22,0;NA;NA;NA;NA;NA;NA;NA;NA;NA;NA;NA
2023-06-24;0-60;1;1,0;1;1;1;1;1;1;1;1,0;1,0;1,0;8;8,0;8,0;8;8;8;8;8;8;8,0;8,0;8,0;1,0000000000000000;1,000000000000000;1,0000000000000000;1,0000000000000000;1,0000000000000000;1,0000000000000000;1,0000000000000000;1,0000000000000000;1,0000000000000000;1,0000000000000000;1,00000000000000000
2023-06-24;60+;1;1,0;1;1;1;1;1;1;1;1,0;1,0;1,0;14;14,0;14,0;14;14;14;14;14;14;14,0;14,0;14,0;1,0000000000000000;1,000000000000000;1,0000000000000000;1,0000000000000000;1,0000000000000000;1,0000000000000000;1,0000000000000000;1,0000000000000000;1,0000000000000000;1,0000000000000000;1,00000000000000000
2023-06-24;alle;2;2,0;2;2;2;2;2;2;2;2,0;2,0;2,0;22;22,0;22,0;22;22;22;22;22;22;22,0;22,0;22,0;NA;NA;NA;NA;NA;NA;NA;NA;NA;NA;NA
2023-06-23;0-60;2;2,0;2;2;2;2;2;2;2;2,0;2,0;2,0;9;9,0;9,0;9;9;9;9;9;9;9,0;9,0;9,0;1,0000000000000000;1,000000000000000;1,0000000000000000;1,0000000000000000;1,0000000000000000;1,0000000000000000;1,0000000000000000;1,0000000000000000;1,0000000000000000;1,0000000000000000;1,00000000000000000
2023-06-23;60+;0;0,0;0;0;0;0;0;0;0;0,0;0,0;0,0;17;17,0;17,0;17;17;17;17;17;17;17,0;17,0;17,0;1,0000000000000000;1,000000000000000;1,0000000000000000;1,0000000000000000;1,0000000000000000;1,0000000000000000;1,0000000000000000;1,0000000000000000;1,0000000000000000;1,0000000000000000;1,00000000000000000
2023-06-23;alle;2;2,0;2;2;2;2;2;2;2;2,0;2,0;2,0;26;26,0;26,0;26;26;26;26;26;26;26,0;26,0;26,0;NA;NA;NA;NA;NA;NA;NA;NA;NA;NA;NA
2023-06-22;0-60;3;3,0;3;3;3;3;3;3;3;3,0;3,0;3,0;7;7,0;7,0;7;7;7;7;7;7;7,0;7,0;7,0;1,0000000000000000;1,000000000000000;1,0000000000000000;1,0000000000000000;1,0000000000000000;1,0000000000000000;1,0000000000000000;1,0000000000000000;1,0000000000000000;1,0000000000000000;1,00000000000000000
2023-06-22;60+;0;0,0;0;0;0;0;0;0;0;0,0;0,0;0,0;20;20,0;20,0;20;20;20;20;20;20;20,0;20,0;20,0;1,0000000000000000;1,000000000000000;1,0000000000000000;1,0000000000000000;1,0000000000000000;1,0000000000000000;1,0000000000000000;1,0000000000000000;1,0000000000000000;1,0000000000000000;1,00000000000000000
2023-06-22;alle;3;3,0;3;3;3;3;3;3;3;3,0;3,0;3,0;27;27,0;27,0;27;27;27;27;27;27;27,0;27,0;27,0;NA;NA;NA;NA;NA;NA;NA;NA;NA;NA;NA
2023-06-21;0-60;0;0,0;0;0;0;0;0;0;0;0,0;0,0;0,0;8;8,0;8,0;8;8;8;8;8;8;8,0;8,0;8,0;1,0000000000000000;1,000000000000000;1,0000000000000000;1,0000000000000000;1,0000000000000000;1,0000000000000000;1,0000000000000000;1,0000000000000000;1,0000000000000000;1,0000000000000000;1,00000000000000000
2023-06-21;60+;2;2,0;2;2;2;2;2;2;2;2,0;2,0;2,0;20;20,0;20,0;20;20;20;20;20;20;20,0;20,0;20,0;1,0000000000000000;1,000000000000000;1,0000000000000000;1,0000000000000000;1,0000000000000000;1,0000000000000000;1,0000000000000000;1,0000000000000000;1,0000000000000000;1,0000000000000000;1,00000000000000000
2023-06-21;alle;2;2,0;2;2;2;2;2;2;2;2,0;2,0;2,0;28;28,0;28,0;28;28;28;28;28;28;28,0;28,0;28,0;NA;NA;NA;NA;NA;NA;NA;NA;NA;NA;NA
2023-06-20;0-60;2;2,0;2;2;2;2;2;2;2;2,0;2,0;2,0;9;9,0;9,0;9;9;9;9;9;9;9,0;9,0;9,0;1,0000000000000000;1,000000000000000;1,0000000000000000;1,0000000000000000;1,0000000000000000;1,0000000000000000;1,0000000000000000;1,0000000000000000;1,0000000000000000;1,0000000000000000;1,00000000000000000
2023-06-20;60+;11;11,0;11;11;11;11;11;11;11;11,0;11,0;11,0;21;21,0;21,0;21;21;21;21;21;21;21,0;21,0;21,0;1,0000000000000000;1,000000000000000;1,0000000000000000;1,0000000000000000;1,0000000000000000;1,0000000000000000;1,0000000000000000;1,0000000000000000;1,0000000000000000;1,0000000000000000;1,00000000000000000
2023-06-20;alle;13;13,0;13;13;13;13;13;13;13;13,0;13,0;13,0;30;30,0;30,0;30;30;30;30;30;30;30,0;30,0;30,0;NA;NA;NA;NA;NA;NA;NA;NA;NA;NA;NA
2023-06-19;0-60;0;0,0;0;0;0;0;0;0;0;0,0;0,0;0,0;9;9,0;9,0;9;9;9;9;9;9;9,0;9,0;9,0;1,0000000000000000;1,000000000000000;1,0000000000000000;1,0000000000000000;1,0000000000000000;1,0000000000000000;1,0000000000000000;1,0000000000000000;1,0000000000000000;1,0000000000000000;1,00000000000000000
2023-06-19;60+;0;0,0;0;0;0;0;0;0;0;0,0;0,0;0,0;15;15,0;15,0;15;15;15;15;15;15;15,0;15,0;15,0;1,0000000000000000;1,000000000000000;1,0000000000000000;1,0000000000000000;1,0000000000000000;1,0000000000000000;1,0000000000000000;1,0000000000000000;1,0000000000000000;1,0000000000000000;1,00000000000000000
2023-06-19;alle;0;0,0;0;0;0;0;0;0;0;0,0;0,0;0,0;24;24,0;24,0;24;24;24;24;24;24;24,0;24,0;24,0;NA;NA;NA;NA;NA;NA;NA;NA;NA;NA;NA
2023-06-18;0-60;0;0,0;0;0;0;0;0;0;0;0,0;0,0;0,0;9;9,0;9,0;9;9;9;9;9;9;9,0;9,0;9,0;1,0000000000000000;1,000000000000000;1,0000000000000000;1,0000000000000000;1,0000000000000000;1,0000000000000000;1,0000000000000000;1,0000000000000000;1,0000000000000000;1,0000000000000000;1,00000000000000000
2023-06-18;60+;0;0,0;0;0;0;0;0;0;0;0,0;0,0;0,0;16;16,0;16,0;16;16;16;16;16;16;16,0;16,0;16,0;1,0000000000000000;1,000000000000000;1,0000000000000000;1,0000000000000000;1,0000000000000000;1,0000000000000000;1,0000000000000000;1,0000000000000000;1,0000000000000000;1,0000000000000000;1,00000000000000000
2023-06-18;alle;0;0,0;0;0;0;0;0;0;0;0,0;0,0;0,0;25;25,0;25,0;25;25;25;25;25;25;25,0;25,0;25,0;NA;NA;NA;NA;NA;NA;NA;NA;NA;NA;NA
2023-06-17;0-60;2;2,0;2;2;2;2;2;2;2;2,0;2,0;2,0;10;10,0;10,0;10;10;10;10;10;10;10,0;10,0;10,0;1,0000000000000000;1,000000000000000;1,0000000000000000;1,0000000000000000;1,0000000000000000;1,0000000000000000;1,0000000000000000;1,0000000000000000;1,0000000000000000;1,0000000000000000;1,00000000000000000
2023-06-17;60+;4;4,0;4;4;4;4;4;4;4;4,0;4,0;4,0;16;16,0;16,0;16;16;16;16;16;16;16,0;16,0;16,0;1,0000000000000000;1,000000000000000;1,0000000000000000;1,0000000000000000;1,0000000000000000;1,0000000000000000;1,0000000000000000;1,0000000000000000;1,0000000000000000;1,0000000000000000;1,00000000000000000
2023-06-17;alle;6;6,0;6;6;6;6;6;6;6;6,0;6,0;6,0;26;26,0;26,0;26;26;26;26;26;26;26,0;26,0;26,0;NA;NA;NA;NA;NA;NA;NA;NA;NA;NA;NA
2023-06-16;0-60;0;0,0;0;0;0;0;0;0;0;0,0;0,0;0,0;10;10,0;10,0;10;10;10;10;10;10;10,0;10,0;10,0;1,0000000000000000;1,000000000000000;1,0000000000000000;1,0000000000000000;1,0000000000000000;1,0000000000000000;1,0000000000000000;1,0000000000000000;1,0000000000000000;1,0000000000000000;1,00000000000000000
2023-06-16;60+;3;3,0;3;3;3;3;3;3;3;3,0;3,0;3,0;17;17,0;17,0;17;17;17;17;17;17;17,0;17,0;17,0;1,0000000000000000;1,000000000000000;1,0000000000000000;1,0000000000000000;1,0000000000000000;1,0000000000000000;1,0000000000000000;1,0000000000000000;1,0000000000000000;1,0000000000000000;1,00000000000000000
2023-06-16;alle;3;3,0;3;3;3;3;3;3;3;3,0;3,0;3,0;27;27,0;27,0;27;27;27;27;27;27;27,0;27,0;27,0;NA;NA;NA;NA;NA;NA;NA;NA;NA;NA;NA
2023-06-15;0-60;4;4,0;4;4;4;4;4;4;4;4,0;4,0;4,0;10;10,0;10,0;10;10;10;10;10;10;10,0;10,0;10,0;1,0000000000000000;1,000000000000000;1,0000000000000000;1,0000000000000000;1,0000000000000000;1,0000000000000000;1,0000000000000000;1,0000000000000000;1,0000000000000000;1,0000000000000000;1,00000000000000000
2023-06-15;60+;0;0,0;0;0;0;0;0;0;0;0,0;0,0;0,0;14;14,0;14,0;14;14;14;14;14;14;14,0;14,0;14,0;1,0000000000000000;1,000000000000000;1,0000000000000000;1,0000000000000000;1,0000000000000000;1,0000000000000000;1,0000000000000000;1,0000000000000000;1,0000000000000000;1,0000000000000000;1,00000000000000000
2023-06-15;alle;4;4,0;4;4;4;4;4;4;4;4,0;4,0;4,0;24;24,0;24,0;24;24;24;24;24;24;24,0;24,0;24,0;NA;NA;NA;NA;NA;NA;NA;NA;NA;NA;NA
2023-06-14;0-60;1;1,0;1;1;1;1;1;1;1;1,0;1,0;1,0;6;6,0;6,0;6;6;6;6;6;6;6,0;6,0;6,0;1,0000000000000000;1,000000000000000;1,0000000000000000;1,0000000000000000;1,0000000000000000;1,0000000000000000;1,0000000000000000;1,0000000000000000;1,0000000000000000;1,0000000000000000;1,00000000000000000
2023-06-14;60+;3;3,0;3;3;3;3;3;3;3;3,0;3,0;3,0;14;14,0;14,0;14;14;14;14;14;14;14,0;14,0;14,0;1,0000000000000000;1,000000000000000;1,0000000000000000;1,0000000000000000;1,0000000000000000;1,0000000000000000;1,0000000000000000;1,0000000000000000;1,0000000000000000;1,0000000000000000;1,00000000000000000
2023-06-14;alle;4;4,0;4;4;4;4;4;4;4;4,0;4,0;4,0;20;20,0;20,0;20;20;20;20;20;20;20,0;20,0;20,0;NA;NA;NA;NA;NA;NA;NA;NA;NA;NA;NA
2023-06-13;0-60;2;2,0;2;2;2;2;2;2;2;2,0;2,0;2,0;6;6,0;6,0;6;6;6;6;6;6;6,0;6,0;6,0;1,0000000000000000;1,000000000000000;1,0000000000000000;1,0000000000000000;1,0000000000000000;1,0000000000000000;1,0000000000000000;1,0000000000000000;1,0000000000000000;1,0000000000000000;1,00000000000000000
2023-06-13;60+;5;5,0;5;5;5;5;5;5;5;5,0;5,0;5,0;15;15,0;15,0;15;15;15;15;15;15;15,0;15,0;15,0;1,0000000000000000;1,000000000000000;1,0000000000000000;1,0000000000000000;1,0000000000000000;1,0000000000000000;1,0000000000000000;1,0000000000000000;1,0000000000000000;1,0000000000000000;1,00000000000000000
2023-06-13;alle;7;7,0;7;7;7;7;7;7;7;7,0;7,0;7,0;21;21,0;21,0;21;21;21;21;21;21;21,0;21,0;21,0;NA;NA;NA;NA;NA;NA;NA;NA;NA;NA;NA
2023-06-12;0-60;0;0,0;0;0;0;0;0;0;0;0,0;0,0;0,0;5;5,0;5,0;5;5;5;5;5;5;5,0;5,0;5,0;1,0000000000000000;1,000000000000000;1,0000000000000000;1,0000000000000000;1,0000000000000000;1,0000000000000000;1,0000000000000000;1,0000000000000000;1,0000000000000000;1,0000000000000000;1,00000000000000000
2023-06-12;60+;1;1,0;1;1;1;1;1;1;1;1,0;1,0;1,0;21;21,0;21,0;21;21;21;21;21;21;21,0;21,0;21,0;1,0000000000000000;1,000000000000000;1,0000000000000000;1,0000000000000000;1,0000000000000000;1,0000000000000000;1,0000000000000000;1,0000000000000000;1,0000000000000000;1,0000000000000000;1,00000000000000000
2023-06-12;alle;1;1,0;1;1;1;1;1;1;1;1,0;1,0;1,0;26;26,0;26,0;26;26;26;26;26;26;26,0;26,0;26,0;NA;NA;NA;NA;NA;NA;NA;NA;NA;NA;NA
2023-06-11;0-60;1;1,0;1;1;1;1;1;1;1;1,0;1,0;1,0;5;5,0;5,0;5;5;5;5;5;5;5,0;5,0;5,0;1,0000000000000000;1,000000000000000;1,0000000000000000;1,0000000000000000;1,0000000000000000;1,0000000000000000;1,0000000000000000;1,0000000000000000;1,0000000000000000;1,0000000000000000;1,00000000000000000
2023-06-11;60+;0;0,0;0;0;0;0;0;0;0;0,0;0,0;0,0;20;20,0;20,0;20;20;20;20;20;20;20,0;20,0;20,0;1,0000000000000000;1,000000000000000;1,0000000000000000;1,0000000000000000;1,0000000000000000;1,0000000000000000;1,0000000000000000;1,0000000000000000;1,0000000000000000;1,0000000000000000;1,00000000000000000
2023-06-11;alle;1;1,0;1;1;1;1;1;1;1;1,0;1,0;1,0;25;25,0;25,0;25;25;25;25;25;25;25,0;25,0;25,0;NA;NA;NA;NA;NA;NA;NA;NA;NA;NA;NA
2023-06-10;0-60;2;2,0;2;2;2;2;2;2;2;2,0;2,0;2,0;4;4,0;4,0;4;4;4;4;4;4;4,0;4,0;4,0;1,0000000000000000;1,000000000000000;1,0000000000000000;1,0000000000000000;1,0000000000000000;1,0000000000000000;1,0000000000000000;1,0000000000000000;1,0000000000000000;1,0000000000000000;1,00000000000000000
2023-06-10;60+;5;5,0;5;5;5;5;5;5;5;5,0;5,0;5,0;20;20,0;20,0;20;20;20;20;20;20;20,0;20,0;20,0;1,0000000000000000;1,000000000000000;1,0000000000000000;1,0000000000000000;1,0000000000000000;1,0000000000000000;1,0000000000000000;1,0000000000000000;1,0000000000000000;1,0000000000000000;1,00000000000000000
2023-06-10;alle;7;7,0;7;7;7;7;7;7;7;7,0;7,0;7,0;24;24,0;24,0;24;24;24;24;24;24;24,0;24,0;24,0;NA;NA;NA;NA;NA;NA;NA;NA;NA;NA;NA
2023-06-09;0-60;0;0,0;0;0;0;0;0;0;0;0,0;0,0;0,0;5;5,0;5,0;5;5;5;5;5;5;5,0;5,0;5,0;1,0000000000000000;1,000000000000000;1,0000000000000000;1,0000000000000000;1,0000000000000000;1,0000000000000000;1,0000000000000000;1,0000000000000000;1,0000000000000000;1,0000000000000000;1,00000000000000000
2023-06-09;60+;0;0,0;0;0;0;0;0;0;0;0,0;0,0;0,0;16;16,0;16,0;16;16;16;16;16;16;16,0;16,0;16,0;1,0000000000000000;1,000000000000000;1,0000000000000000;1,0000000000000000;1,0000000000000000;1,0000000000000000;1,0000000000000000;1,0000000000000000;1,0000000000000000;1,0000000000000000;1,00000000000000000
2023-06-09;alle;0;0,0;0;0;0;0;0;0;0;0,0;0,0;0,0;21;21,0;21,0;21;21;21;21;21;21;21,0;21,0;21,0;NA;NA;NA;NA;NA;NA;NA;NA;NA;NA;NA
2023-06-08;0-60;0;0,0;0;0;0;0;0;0;0;0,0;0,0;0,0;5;5,0;5,0;5;5;5;5;5;5;5,0;5,0;5,0;1,0000000000000000;1,000000000000000;1,0000000000000000;1,0000000000000000;1,0000000000000000;1,0000000000000000;1,0000000000000000;1,0000000000000000;1,0000000000000000;1,0000000000000000;1,00000000000000000
2023-06-08;60+;0;0,0;0;0;0;0;0;0;0;0,0;0,0;0,0;30;30,0;30,0;30;30;30;30;30;30;30,0;30,0;30,0;1,0000000000000000;1,000000000000000;1,0000000000000000;1,0000000000000000;1,0000000000000000;1,0000000000000000;1,0000000000000000;1,0000000000000000;1,0000000000000000;1,0000000000000000;1,00000000000000000
2023-06-08;alle;0;0,0;0;0;0;0;0;0;0;0,0;0,0;0,0;35;35,0;35,0;35;35;35;35;35;35;35,0;35,0;35,0;NA;NA;NA;NA;NA;NA;NA;NA;NA;NA;NA
2023-06-07;0-60;1;1,0;1;1;1;1;1;1;1;1,0;1,0;1,0;5;5,0;5,0;5;5;5;5;5;5;5,0;5,0;5,0;1,0000000000000000;1,000000000000000;1,0000000000000000;1,0000000000000000;1,0000000000000000;1,0000000000000000;1,0000000000000000;1,0000000000000000;1,0000000000000000;1,0000000000000000;1,00000000000000000
2023-06-07;60+;4;4,0;4;4;4;4;4;4;4;4,0;4,0;4,0;36;36,0;36,0;36;36;36;36;36;36;36,0;36,0;36,0;1,0000000000000000;1,000000000000000;1,0000000000000000;1,0000000000000000;1,0000000000000000;1,0000000000000000;1,0000000000000000;1,0000000000000000;1,0000000000000000;1,0000000000000000;1,00000000000000000
2023-06-07;alle;5;5,0;5;5;5;5;5;5;5;5,0;5,0;5,0;41;41,0;41,0;41;41;41;41;41;41;41,0;41,0;41,0;NA;NA;NA;NA;NA;NA;NA;NA;NA;NA;NA
2023-06-06;0-60;1;1,0;1;1;1;1;1;1;1;1,0;1,0;1,0;7;7,0;7,0;7;7;7;7;7;7;7,0;7,0;7,0;1,0000000000000000;1,000000000000000;1,0000000000000000;1,0000000000000000;1,0000000000000000;1,0000000000000000;1,0000000000000000;1,0000000000000000;1,0000000000000000;1,0000000000000000;1,00000000000000000
2023-06-06;60+;11;11,0;11;11;11;11;11;11;11;11,0;11,0;11,0;48;48,0;48,0;48;48;48;48;48;48;48,0;48,0;48,0;1,0000000000000000;1,000000000000000;1,0000000000000000;1,0000000000000000;1,0000000000000000;1,0000000000000000;1,0000000000000000;1,0000000000000000;1,0000000000000000;1,0000000000000000;1,00000000000000000
2023-06-06;alle;12;12,0;12;12;12;12;12;12;12;12,0;12,0;12,0;55;55,0;55,0;55;55;55;55;55;55;55,0;55,0;55,0;NA;NA;NA;NA;NA;NA;NA;NA;NA;NA;NA
2023-06-05;0-60;0;0,0;0;0;0;0;0;0;0;0,0;0,0;0,0;6;6,0;6,0;6;6;6;6;6;6;6,0;6,0;6,0;1,0000000000000000;1,000000000000000;1,0000000000000000;1,0000000000000000;1,0000000000000000;1,0000000000000000;1,0000000000000000;1,0000000000000000;1,0000000000000000;1,0000000000000000;1,00000000000000000
2023-06-05;60+;0;0,0;0;0;0;0;0;0;0;0,0;0,0;0,0;37;37,0;37,0;37;37;37;37;37;37;37,0;37,0;37,0;1,0000000000000000;1,000000000000000;1,0000000000000000;1,0000000000000000;1,0000000000000000;1,0000000000000000;1,0000000000000000;1,0000000000000000;1,0000000000000000;1,0000000000000000;1,00000000000000000
2023-06-05;alle;0;0,0;0;0;0;0;0;0;0;0,0;0,0;0,0;43;43,0;43,0;43;43;43;43;43;43;43,0;43,0;43,0;NA;NA;NA;NA;NA;NA;NA;NA;NA;NA;NA
2023-06-04;0-60;0;0,0;0;0;0;0;0;0;0;0,0;0,0;0,0;6;6,0;6,0;6;6;6;6;6;6;6,0;6,0;6,0;1,0000000000000000;1,000000000000000;1,0000000000000000;1,0000000000000000;1,0000000000000000;1,0000000000000000;1,0000000000000000;1,0000000000000000;1,0000000000000000;1,0000000000000000;1,00000000000000000
2023-06-04;60+;0;0,0;0;0;0;0;0;0;0;0,0;0,0;0,0;39;39,0;39,0;39;39;39;39;39;39;39,0;39,0;39,0;1,0000000000000000;1,000000000000000;1,0000000000000000;1,0000000000000000;1,0000000000000000;1,0000000000000000;1,0000000000000000;1,0000000000000000;1,0000000000000000;1,0000000000000000;1,00000000000000000
2023-06-04;alle;0;0,0;0;0;0;0;0;0;0;0,0;0,0;0,0;45;45,0;45,0;45;45;45;45;45;45;45,0;45,0;45,0;NA;NA;NA;NA;NA;NA;NA;NA;NA;NA;NA
2023-06-03;0-60;3;3,0;3;3;3;3;3;3;3;3,0;3,0;3,0;6;6,0;6,0;6;6;6;6;6;6;6,0;6,0;6,0;1,0000000000000000;1,000000000000000;1,0000000000000000;1,0000000000000000;1,0000000000000000;1,0000000000000000;1,0000000000000000;1,0000000000000000;1,0000000000000000;1,0000000000000000;1,00000000000000000
2023-06-03;60+;1;1,0;1;1;1;1;1;1;1;1,0;1,0;1,0;40;40,0;40,0;40;40;40;40;40;40;40,0;40,0;40,0;1,0000000000000000;1,000000000000000;1,0000000000000000;1,0000000000000000;1,0000000000000000;1,0000000000000000;1,0000000000000000;1,0000000000000000;1,0000000000000000;1,0000000000000000;1,00000000000000000
2023-06-03;alle;4;4,0;4;4;4;4;4;4;4;4,0;4,0;4,0;46;46,0;46,0;46;46;46;46;46;46;46,0;46,0;46,0;NA;NA;NA;NA;NA;NA;NA;NA;NA;NA;NA
2023-06-02;0-60;0;0,0;0;0;0;0;0;0;0;0,0;0,0;0,0;3;3,0;3,0;3;3;3;3;3;3;3,0;3,0;3,0;1,0000000000000000;1,000000000000000;1,0000000000000000;1,0000000000000000;1,0000000000000000;1,0000000000000000;1,0000000000000000;1,0000000000000000;1,0000000000000000;1,0000000000000000;1,00000000000000000
2023-06-02;60+;14;14,0;14;14;14;14;14;14;14;14,0;14,0;14,0;44;44,0;44,0;44;44;44;44;44;44;44,0;44,0;44,0;1,0000000000000000;1,000000000000000;1,0000000000000000;1,0000000000000000;1,0000000000000000;1,0000000000000000;1,0000000000000000;1,0000000000000000;1,0000000000000000;1,0000000000000000;1,00000000000000000
2023-06-02;alle;14;14,0;14;14;14;14;14;14;14;14,0;14,0;14,0;47;47,0;47,0;47;47;47;47;47;47;47,0;47,0;47,0;NA;NA;NA;NA;NA;NA;NA;NA;NA;NA;NA
2023-06-01;0-60;0;0,0;0;0;0;0;0;0;0;0,0;0,0;0,0;3;3,0;3,0;3;3;3;3;3;3;3,0;3,0;3,0;1,0000000000000000;1,000000000000000;1,0000000000000000;1,0000000000000000;1,0000000000000000;1,0000000000000000;1,0000000000000000;1,0000000000000000;1,0000000000000000;1,0000000000000000;1,00000000000000000
2023-06-01;60+;6;6,0;6;6;6;6;6;6;6;6,0;6,0;6,0;35;35,0;35,0;35;35;35;35;35;35;35,0;35,0;35,0;1,0000000000000000;1,000000000000000;1,0000000000000000;1,0000000000000000;1,0000000000000000;1,0000000000000000;1,0000000000000000;1,0000000000000000;1,0000000000000000;1,0000000000000000;1,00000000000000000
2023-06-01;alle;6;6,0;6;6;6;6;6;6;6;6,0;6,0;6,0;38;38,0;38,0;38;38;38;38;38;38;38,0;38,0;38,0;NA;NA;NA;NA;NA;NA;NA;NA;NA;NA;NA
2023-05-31;0-60;3;3,0;3;3;3;3;3;3;3;3,0;3,0;3,0;5;5,0;5,0;5;5;5;5;5;5;5,0;5,0;5,0;1,0000000000000000;1,000000000000000;1,0000000000000000;1,0000000000000000;1,0000000000000000;1,0000000000000000;1,0000000000000000;1,0000000000000000;1,0000000000000000;1,0000000000000000;1,00000000000000000
2023-05-31;60+;16;16,0;16;16;16;16;16;16;16;16,0;16,0;16,0;34;34,0;34,0;34;34;34;34;34;34;34,0;34,0;34,0;1,0000000000000000;1,000000000000000;1,0000000000000000;1,0000000000000000;1,0000000000000000;1,0000000000000000;1,0000000000000000;1,0000000000000000;1,0000000000000000;1,0000000000000000;1,00000000000000000
2023-05-31;alle;19;19,0;19;19;19;19;19;19;19;19,0;19,0;19,0;39;39,0;39,0;39;39;39;39;39;39;39,0;39,0;39,0;NA;NA;NA;NA;NA;NA;NA;NA;NA;NA;NA
2023-05-30;0-60;0;0,0;0;0;0;0;0;0;0;0,0;0,0;0,0;8;8,0;8,0;8;8;8;8;8;8;8,0;8,0;8,0;1,0000000000000000;1,000000000000000;1,0000000000000000;1,0000000000000000;1,0000000000000000;1,0000000000000000;1,0000000000000000;1,0000000000000000;1,0000000000000000;1,0000000000000000;1,00000000000000000
2023-05-30;60+;0;0,0;0;0;0;0;0;0;0;0,0;0,0;0,0;34;34,0;34,0;34;34;34;34;34;34;34,0;34,0;34,0;1,0000000000000000;1,000000000000000;1,0000000000000000;1,0000000000000000;1,0000000000000000;1,0000000000000000;1,0000000000000000;1,0000000000000000;1,0000000000000000;1,0000000000000000;1,00000000000000000
2023-05-30;alle;0;0,0;0;0;0;0;0;0;0;0,0;0,0;0,0;42;42,0;42,0;42;42;42;42;42;42;42,0;42,0;42,0;NA;NA;NA;NA;NA;NA;NA;NA;NA;NA;NA
2023-05-29;0-60;0;0,0;0;0;0;0;0;0;0;0,0;0,0;0,0;9;9,0;9,0;9;9;9;9;9;9;9,0;9,0;9,0;1,0000000000000000;1,000000000000000;1,0000000000000000;1,0000000000000000;1,0000000000000000;1,0000000000000000;1,0000000000000000;1,0000000000000000;1,0000000000000000;1,0000000000000000;1,00000000000000000
2023-05-29;60+;2;2,0;2;2;2;2;2;2;2;2,0;2,0;2,0;45;45,0;45,0;45;45;45;45;45;45;45,0;45,0;45,0;1,0000000000000000;1,000000000000000;1,0000000000000000;1,0000000000000000;1,0000000000000000;1,0000000000000000;1,0000000000000000;1,0000000000000000;1,0000000000000000;1,0000000000000000;1,00000000000000000
2023-05-29;alle;2;2,0;2;2;2;2;2;2;2;2,0;2,0;2,0;54;54,0;54,0;54;54;54;54;54;54;54,0;54,0;54,0;NA;NA;NA;NA;NA;NA;NA;NA;NA;NA;NA
2023-05-28;0-60;0;0,0;0;0;0;0;0;0;0;0,0;0,0;0,0;9;9,0;9,0;9;9;9;9;9;9;9,0;9,0;9,0;1,0000000000000000;1,000000000000000;1,0000000000000000;1,0000000000000000;1,0000000000000000;1,0000000000000000;1,0000000000000000;1,0000000000000000;1,0000000000000000;1,0000000000000000;1,00000000000000000
2023-05-28;60+;1;1,0;1;1;1;1;1;1;1;1,0;1,0;1,0;44;44,0;44,0;44;44;44;44;44;44;44,0;44,0;44,0;1,0000000000000000;1,000000000000000;1,0000000000000000;1,0000000000000000;1,0000000000000000;1,0000000000000000;1,0000000000000000;1,0000000000000000;1,0000000000000000;1,0000000000000000;1,00000000000000000
2023-05-28;alle;1;1,0;1;1;1;1;1;1;1;1,0;1,0;1,0;53;53,0;53,0;53;53;53;53;53;53;53,0;53,0;53,0;NA;NA;NA;NA;NA;NA;NA;NA;NA;NA;NA
2023-05-27;0-60;0;0,0;0;0;0;0;0;0;0;0,0;0,0;0,0;9;9,0;9,0;9;9;9;9;9;9;9,0;9,0;9,0;1,0000000000000000;1,000000000000000;1,0000000000000000;1,0000000000000000;1,0000000000000000;1,0000000000000000;1,0000000000000000;1,0000000000000000;1,0000000000000000;1,0000000000000000;1,00000000000000000
2023-05-27;60+;5;5,0;5;5;5;5;5;5;5;5,0;5,0;5,0;44;44,0;44,0;44;44;44;44;44;44;44,0;44,0;44,0;1,0000000000000000;1,000000000000000;1,0000000000000000;1,0000000000000000;1,0000000000000000;1,0000000000000000;1,0000000000000000;1,0000000000000000;1,0000000000000000;1,0000000000000000;1,00000000000000000
2023-05-27;alle;5;5,0;5;5;5;5;5;5;5;5,0;5,0;5,0;53;53,0;53,0;53;53;53;53;53;53;53,0;53,0;53,0;NA;NA;NA;NA;NA;NA;NA;NA;NA;NA;NA
2023-05-26;0-60;0;0,0;0;0;0;0;0;0;0;0,0;0,0;0,0;10;10,0;10,0;10;10;10;10;10;10;10,0;10,0;10,0;1,0000000000000000;1,000000000000000;1,0000000000000000;1,0000000000000000;1,0000000000000000;1,0000000000000000;1,0000000000000000;1,0000000000000000;1,0000000000000000;1,0000000000000000;1,00000000000000000
2023-05-26;60+;5;5,0;5;5;5;5;5;5;5;5,0;5,0;5,0;51;51,0;51,0;51;51;51;51;51;51;51,0;51,0;51,0;1,0000000000000000;1,000000000000000;1,0000000000000000;1,0000000000000000;1,0000000000000000;1,0000000000000000;1,0000000000000000;1,0000000000000000;1,0000000000000000;1,0000000000000000;1,00000000000000000
2023-05-26;alle;5;5,0;5;5;5;5;5;5;5;5,0;5,0;5,0;61;61,0;61,0;61;61;61;61;61;61;61,0;61,0;61,0;NA;NA;NA;NA;NA;NA;NA;NA;NA;NA;NA
2023-05-25;0-60;2;2,0;2;2;2;2;2;2;2;2,0;2,0;2,0;10;10,0;10,0;10;10;10;10;10;10;10,0;10,0;10,0;1,0000000000000000;1,000000000000000;1,0000000000000000;1,0000000000000000;1,0000000000000000;1,0000000000000000;1,0000000000000000;1,0000000000000000;1,0000000000000000;1,0000000000000000;1,00000000000000000
2023-05-25;60+;5;5,0;5;5;5;5;5;5;5;5,0;5,0;5,0;46;46,0;46,0;46;46;46;46;46;46;46,0;46,0;46,0;1,0000000000000000;1,000000000000000;1,0000000000000000;1,0000000000000000;1,0000000000000000;1,0000000000000000;1,0000000000000000;1,0000000000000000;1,0000000000000000;1,0000000000000000;1,00000000000000000
2023-05-25;alle;7;7,0;7;7;7;7;7;7;7;7,0;7,0;7,0;56;56,0;56,0;56;56;56;56;56;56;56,0;56,0;56,0;NA;NA;NA;NA;NA;NA;NA;NA;NA;NA;NA
2023-05-24;0-60;6;6,0;6;6;6;6;6;6;6;6,0;6,0;6,0;9;9,0;9,0;9;9;9;9;9;9;9,0;9,0;9,0;1,0000000000000000;1,000000000000000;1,0000000000000000;1,0000000000000000;1,0000000000000000;1,0000000000000000;1,0000000000000000;1,0000000000000000;1,0000000000000000;1,0000000000000000;1,00000000000000000
2023-05-24;60+;16;16,0;16;16;16;16;16;16;16;16,0;16,0;16,0;51;51,0;51,0;51;51;51;51;51;51;51,0;51,0;51,0;1,0000000000000000;1,000000000000000;1,0000000000000000;1,0000000000000000;1,0000000000000000;1,0000000000000000;1,0000000000000000;1,0000000000000000;1,0000000000000000;1,0000000000000000;1,00000000000000000
2023-05-24;alle;22;22,0;22;22;22;22;22;22;22;22,0;22,0;22,0;60;60,0;60,0;60;60;60;60;60;60;60,0;60,0;60,0;NA;NA;NA;NA;NA;NA;NA;NA;NA;NA;NA
2023-05-23;0-60;1;1,0;1;1;1;1;1;1;1;1,0;1,0;1,0;4;4,0;4,0;4;4;4;4;4;4;4,0;4,0;4,0;1,0000000000000000;1,000000000000000;1,0000000000000000;1,0000000000000000;1,0000000000000000;1,0000000000000000;1,0000000000000000;1,0000000000000000;1,0000000000000000;1,0000000000000000;1,00000000000000000
2023-05-23;60+;11;11,0;11;11;11;11;11;11;11;11,0;11,0;11,0;54;54,0;54,0;54;54;54;54;54;54;54,0;54,0;54,0;1,0000000000000000;1,000000000000000;1,0000000000000000;1,0000000000000000;1,0000000000000000;1,0000000000000000;1,0000000000000000;1,0000000000000000;1,0000000000000000;1,0000000000000000;1,00000000000000000
2023-05-23;alle;12;12,0;12;12;12;12;12;12;12;12,0;12,0;12,0;58;58,0;58,0;58;58;58;58;58;58;58,0;58,0;58,0;NA;NA;NA;NA;NA;NA;NA;NA;NA;NA;NA
2023-05-22;0-60;0;0,0;0;0;0;0;0;0;0;0,0;0,0;0,0;5;5,0;5,0;5;5;5;5;5;5;5,0;5,0;5,0;1,0000000000000000;1,000000000000000;1,0000000000000000;1,0000000000000000;1,0000000000000000;1,0000000000000000;1,0000000000000000;1,0000000000000000;1,0000000000000000;1,0000000000000000;1,00000000000000000
2023-05-22;60+;1;1,0;1;1;1;1;1;1;1;1,0;1,0;1,0;62;62,0;62,0;62;62;62;62;62;62;62,0;62,0;62,0;1,0000000000000000;1,000000000000000;1,0000000000000000;1,0000000000000000;1,0000000000000000;1,0000000000000000;1,0000000000000000;1,0000000000000000;1,0000000000000000;1,0000000000000000;1,00000000000000000
2023-05-22;alle;1;1,0;1;1;1;1;1;1;1;1,0;1,0;1,0;67;67,0;67,0;67;67;67;67;67;67;67,0;67,0;67,0;NA;NA;NA;NA;NA;NA;NA;NA;NA;NA;NA
2023-05-21;0-60;0;0,0;0;0;0;0;0;0;0;0,0;0,0;0,0;5;5,0;5,0;5;5;5;5;5;5;5,0;5,0;5,0;1,0000000000000000;1,000000000000000;1,0000000000000000;1,0000000000000000;1,0000000000000000;1,0000000000000000;1,0000000000000000;1,0000000000000000;1,0000000000000000;1,0000000000000000;1,00000000000000000
2023-05-21;60+;1;1,0;1;1;1;1;1;1;1;1,0;1,0;1,0;61;61,0;61,0;61;61;61;61;61;61;61,0;61,0;61,0;1,0000000000000000;1,000000000000000;1,0000000000000000;1,0000000000000000;1,0000000000000000;1,0000000000000000;1,0000000000000000;1,0000000000000000;1,0000000000000000;1,0000000000000000;1,00000000000000000
2023-05-21;alle;1;1,0;1;1;1;1;1;1;1;1,0;1,0;1,0;66;66,0;66,0;66;66;66;66;66;66;66,0;66,0;66,0;NA;NA;NA;NA;NA;NA;NA;NA;NA;NA;NA
2023-05-20;0-60;1;1,0;1;1;1;1;1;1;1;1,0;1,0;1,0;5;5,0;5,0;5;5;5;5;5;5;5,0;5,0;5,0;1,0000000000000000;1,000000000000000;1,0000000000000000;1,0000000000000000;1,0000000000000000;1,0000000000000000;1,0000000000000000;1,0000000000000000;1,0000000000000000;1,0000000000000000;1,00000000000000000
2023-05-20;60+;12;12,0;12;12;12;12;12;12;12;12,0;12,0;12,0;60;60,0;60,0;60;60;60;60;60;60;60,0;60,0;60,0;1,0000000000000000;1,000000000000000;1,0000000000000000;1,0000000000000000;1,0000000000000000;1,0000000000000000;1,0000000000000000;1,0000000000000000;1,0000000000000000;1,0000000000000000;1,00000000000000000
2023-05-20;alle;13;13,0;13;13;13;13;13;13;13;13,0;13,0;13,0;65;65,0;65,0;65;65;65;65;65;65;65,0;65,0;65,0;NA;NA;NA;NA;NA;NA;NA;NA;NA;NA;NA
2023-05-19;0-60;0;0,0;0;0;0;0;0;0;0;0,0;0,0;0,0;4;4,0;4,0;4;4;4;4;4;4;4,0;4,0;4,0;1,0000000000000000;1,000000000000000;1,0000000000000000;1,0000000000000000;1,0000000000000000;1,0000000000000000;1,0000000000000000;1,0000000000000000;1,0000000000000000;1,0000000000000000;1,00000000000000000
2023-05-19;60+;0;0,0;0;0;0;0;0;0;0;0,0;0,0;0,0;52;52,0;52,0;52;52;52;52;52;52;52,0;52,0;52,0;1,0000000000000000;1,000000000000000;1,0000000000000000;1,0000000000000000;1,0000000000000000;1,0000000000000000;1,0000000000000000;1,0000000000000000;1,0000000000000000;1,0000000000000000;1,00000000000000000
2023-05-19;alle;0;0,0;0;0;0;0;0;0;0;0,0;0,0;0,0;56;56,0;56,0;56;56;56;56;56;56;56,0;56,0;56,0;NA;NA;NA;NA;NA;NA;NA;NA;NA;NA;NA
2023-05-18;0-60;1;1,0;1;1;1;1;1;1;1;1,0;1,0;1,0;8;8,0;8,0;8;8;8;8;8;8;8,0;8,0;8,0;1,0000000000000000;1,000000000000000;1,0000000000000000;1,0000000000000000;1,0000000000000000;1,0000000000000000;1,0000000000000000;1,0000000000000000;1,0000000000000000;1,0000000000000000;1,00000000000000000
2023-05-18;60+;10;10,0;10;10;10;10;10;10;10;10,0;10,0;10,0;66;66,0;66,0;66;66;66;66;66;66;66,0;66,0;66,0;1,0000000000000000;1,000000000000000;1,0000000000000000;1,0000000000000000;1,0000000000000000;1,0000000000000000;1,0000000000000000;1,0000000000000000;1,0000000000000000;1,0000000000000000;1,00000000000000000
2023-05-18;alle;11;11,0;11;11;11;11;11;11;11;11,0;11,0;11,0;74;74,0;74,0;74;74;74;74;74;74;74,0;74,0;74,0;NA;NA;NA;NA;NA;NA;NA;NA;NA;NA;NA
2023-05-17;0-60;1;1,0;1;1;1;1;1;1;1;1,0;1,0;1,0;10;10,0;10,0;10;10;10;10;10;10;10,0;10,0;10,0;1,0000000000000000;1,000000000000000;1,0000000000000000;1,0000000000000000;1,0000000000000000;1,0000000000000000;1,0000000000000000;1,0000000000000000;1,0000000000000000;1,0000000000000000;1,00000000000000000
2023-05-17;60+;19;19,0;19;19;19;19;19;19;19;19,0;19,0;19,0;66;66,0;66,0;66;66;66;66;66;66;66,0;66,0;66,0;1,0000000000000000;1,000000000000000;1,0000000000000000;1,0000000000000000;1,0000000000000000;1,0000000000000000;1,0000000000000000;1,0000000000000000;1,0000000000000000;1,0000000000000000;1,00000000000000000
2023-05-17;alle;20;20,0;20;20;20;20;20;20;20;20,0;20,0;20,0;76;76,0;76,0;76;76;76;76;76;76;76,0;76,0;76,0;NA;NA;NA;NA;NA;NA;NA;NA;NA;NA;NA
2023-05-16;0-60;2;2,0;2;2;2;2;2;2;2;2,0;2,0;2,0;12;12,0;12,0;12;12;12;12;12;12;12,0;12,0;12,0;1,0000000000000000;1,000000000000000;1,0000000000000000;1,0000000000000000;1,0000000000000000;1,0000000000000000;1,0000000000000000;1,0000000000000000;1,0000000000000000;1,0000000000000000;1,00000000000000000
2023-05-16;60+;19;19,0;19;19;19;19;19;19;19;19,0;19,0;19,0;64;64,0;64,0;64;64;64;64;64;64;64,0;64,0;64,0;1,0000000000000000;1,000000000000000;1,0000000000000000;1,0000000000000000;1,0000000000000000;1,0000000000000000;1,0000000000000000;1,0000000000000000;1,0000000000000000;1,0000000000000000;1,00000000000000000
2023-05-16;alle;21;21,0;21;21;21;21;21;21;21;21,0;21,0;21,0;76;76,0;76,0;76;76;76;76;76;76;76,0;76,0;76,0;NA;NA;NA;NA;NA;NA;NA;NA;NA;NA;NA
2023-05-15;0-60;0;0,0;0;0;0;0;0;0;0;0,0;0,0;0,0;19;19,0;19,0;19;19;19;19;19;19;19,0;19,0;19,0;1,0000000000000000;1,000000000000000;1,0000000000000000;1,0000000000000000;1,0000000000000000;1,0000000000000000;1,0000000000000000;1,0000000000000000;1,0000000000000000;1,0000000000000000;1,00000000000000000
2023-05-15;60+;0;0,0;0;0;0;0;0;0;0;0,0;0,0;0,0;83;83,0;83,0;83;83;83;83;83;83;83,0;83,0;83,0;1,0000000000000000;1,000000000000000;1,0000000000000000;1,0000000000000000;1,0000000000000000;1,0000000000000000;1,0000000000000000;1,0000000000000000;1,0000000000000000;1,0000000000000000;1,00000000000000000
2023-05-15;alle;0;0,0;0;0;0;0;0;0;0;0,0;0,0;0,0;102;102,0;102,0;102;102;102;102;102;102;102,0;102,0;102,0;NA;NA;NA;NA;NA;NA;NA;NA;NA;NA;NA
2023-05-14;0-60;0;0,0;0;0;0;0;0;0;0;0,0;0,0;0,0;19;19,0;19,0;19;19;19;19;19;19;19,0;19,0;19,0;1,0000000000000000;1,000000000000000;1,0000000000000000;1,0000000000000000;1,0000000000000000;1,0000000000000000;1,0000000000000000;1,0000000000000000;1,0000000000000000;1,0000000000000000;1,00000000000000000
2023-05-14;60+;0;0,0;0;0;0;0;0;0;0;0,0;0,0;0,0;83;83,0;83,0;83;83;83;83;83;83;83,0;83,0;83,0;1,0000000000000000;1,000000000000000;1,0000000000000000;1,0000000000000000;1,0000000000000000;1,0000000000000000;1,0000000000000000;1,0000000000000000;1,0000000000000000;1,0000000000000000;1,00000000000000000
2023-05-14;alle;0;0,0;0;0;0;0;0;0;0;0,0;0,0;0,0;102;102,0;102,0;102;102;102;102;102;102;102,0;102,0;102,0;NA;NA;NA;NA;NA;NA;NA;NA;NA;NA;NA
2023-05-13;0-60;0;0,0;0;0;0;0;0;0;0;0,0;0,0;0,0;19;19,0;19,0;19;19;19;19;19;19;19,0;19,0;19,0;1,0000000000000000;1,000000000000000;1,0000000000000000;1,0000000000000000;1,0000000000000000;1,0000000000000000;1,0000000000000000;1,0000000000000000;1,0000000000000000;1,0000000000000000;1,00000000000000000
2023-05-13;60+;4;4,0;4;4;4;4;4;4;4;4,0;4,0;4,0;83;83,0;83,0;83;83;83;83;83;83;83,0;83,0;83,0;1,0000000000000000;1,000000000000000;1,0000000000000000;1,0000000000000000;1,0000000000000000;1,0000000000000000;1,0000000000000000;1,0000000000000000;1,0000000000000000;1,0000000000000000;1,00000000000000000
2023-05-13;alle;4;4,0;4;4;4;4;4;4;4;4,0;4,0;4,0;102;102,0;102,0;102;102;102;102;102;102;102,0;102,0;102,0;NA;NA;NA;NA;NA;NA;NA;NA;NA;NA;NA
2023-05-12;0-60;4;4,0;4;4;4;4;4;4;4;4,0;4,0;4,0;22;22,0;22,0;22;22;22;22;22;22;22,0;22,0;22,0;1,0000000000000000;1,000000000000000;1,0000000000000000;1,0000000000000000;1,0000000000000000;1,0000000000000000;1,0000000000000000;1,0000000000000000;1,0000000000000000;1,0000000000000000;1,00000000000000000
2023-05-12;60+;14;14,0;14;14;14;14;14;14;14;14,0;14,0;14,0;91;91,0;91,0;91;91;91;91;91;91;91,0;91,0;91,0;1,0000000000000000;1,000000000000000;1,0000000000000000;1,0000000000000000;1,0000000000000000;1,0000000000000000;1,0000000000000000;1,0000000000000000;1,0000000000000000;1,0000000000000000;1,00000000000000000
2023-05-12;alle;18;18,0;18;18;18;18;18;18;18;18,0;18,0;18,0;113;113,0;113,0;113;113;113;113;113;113;113,0;113,0;113,0;NA;NA;NA;NA;NA;NA;NA;NA;NA;NA;NA
2023-05-11;0-60;3;3,0;3;3;3;3;3;3;3;3,0;3,0;3,0;20;20,0;20,0;20;20;20;20;20;20;20,0;20,0;20,0;1,0000000000000000;1,000000000000000;1,0000000000000000;1,0000000000000000;1,0000000000000000;1,0000000000000000;1,0000000000000000;1,0000000000000000;1,0000000000000000;1,0000000000000000;1,00000000000000000
2023-05-11;60+;10;10,0;10;10;10;10;10;10;10;10,0;10,0;10,0;92;92,0;92,0;92;92;92;92;92;92;92,0;92,0;92,0;1,0000000000000000;1,000000000000000;1,0000000000000000;1,0000000000000000;1,0000000000000000;1,0000000000000000;1,0000000000000000;1,0000000000000000;1,0000000000000000;1,0000000000000000;1,00000000000000000
2023-05-11;alle;13;13,0;13;13;13;13;13;13;13;13,0;13,0;13,0;112;112,0;112,0;112;112;112;112;112;112;112,0;112,0;112,0;NA;NA;NA;NA;NA;NA;NA;NA;NA;NA;NA
2023-05-10;0-60;3;3,0;3;3;3;3;3;3;3;3,0;3,0;3,0;21;21,0;21,0;21;21;21;21;21;21;21,0;21,0;21,0;1,0000000000000000;1,000000000000000;1,0000000000000000;1,0000000000000000;1,0000000000000000;1,0000000000000000;1,0000000000000000;1,0000000000000000;1,0000000000000000;1,0000000000000000;1,00000000000000000
2023-05-10;60+;17;17,0;17;17;17;17;17;17;17;17,0;17,0;17,0;112;112,0;112,0;112;112;112;112;112;112;112,0;112,0;112,0;1,0000000000000000;1,000000000000000;1,0000000000000000;1,0000000000000000;1,0000000000000000;1,0000000000000000;1,0000000000000000;1,0000000000000000;1,0000000000000000;1,0000000000000000;1,00000000000000000
2023-05-10;alle;20;20,0;20;20;20;20;20;20;20;20,0;20,0;20,0;133;133,0;133,0;133;133;133;133;133;133;133,0;133,0;133,0;NA;NA;NA;NA;NA;NA;NA;NA;NA;NA;NA
2023-05-09;0-60;9;9,0;9;9;9;9;9;9;9;9,0;9,0;9,0;23;23,0;23,0;23;23;23;23;23;23;23,0;23,0;23,0;1,0000000000000000;1,000000000000000;1,0000000000000000;1,0000000000000000;1,0000000000000000;1,0000000000000000;1,0000000000000000;1,0000000000000000;1,0000000000000000;1,0000000000000000;1,00000000000000000
2023-05-09;60+;38;38,0;38;38;38;38;38;38;38;38,0;38,0;38,0;158;158,0;158,0;158;158;158;158;158;158;158,0;158,0;158,0;1,0000000000000000;1,000000000000000;1,0000000000000000;1,0000000000000000;1,0000000000000000;1,0000000000000000;1,0000000000000000;1,0000000000000000;1,0000000000000000;1,0000000000000000;1,00000000000000000
2023-05-09;alle;47;47,0;47;47;47;47;47;47;47;47,0;47,0;47,0;181;181,0;181,0;181;181;181;181;181;181;181,0;181,0;181,0;NA;NA;NA;NA;NA;NA;NA;NA;NA;NA;NA
2023-05-08;0-60;0;0,0;0;0;0;0;0;0;0;0,0;0,0;0,0;15;15,0;15,0;15;15;15;15;15;15;15,0;15,0;15,0;1,0000000000000000;1,000000000000000;1,0000000000000000;1,0000000000000000;1,0000000000000000;1,0000000000000000;1,0000000000000000;1,0000000000000000;1,0000000000000000;1,0000000000000000;1,00000000000000000
2023-05-08;60+;0;0,0;0;0;0;0;0;0;0;0,0;0,0;0,0;121;121,0;121,0;121;121;121;121;121;121;121,0;121,0;121,0;1,0000000000000000;1,000000000000000;1,0000000000000000;1,0000000000000000;1,0000000000000000;1,0000000000000000;1,0000000000000000;1,0000000000000000;1,0000000000000000;1,0000000000000000;1,00000000000000000
2023-05-08;alle;0;0,0;0;0;0;0;0;0;0;0,0;0,0;0,0;136;136,0;136,0;136;136;136;136;136;136;136,0;136,0;136,0;NA;NA;NA;NA;NA;NA;NA;NA;NA;NA;NA
2023-05-07;0-60;0;0,0;0;0;0;0;0;0;0;0,0;0,0;0,0;16;16,0;16,0;16;16;16;16;16;16;16,0;16,0;16,0;1,0000000000000000;1,000000000000000;1,0000000000000000;1,0000000000000000;1,0000000000000000;1,0000000000000000;1,0000000000000000;1,0000000000000000;1,0000000000000000;1,0000000000000000;1,00000000000000000
2023-05-07;60+;0;0,0;0;0;0;0;0;0;0;0,0;0,0;0,0;122;122,0;122,0;122;122;122;122;122;122;122,0;122,0;122,0;1,0000000000000000;1,000000000000000;1,0000000000000000;1,0000000000000000;1,0000000000000000;1,0000000000000000;1,0000000000000000;1,0000000000000000;1,0000000000000000;1,0000000000000000;1,00000000000000000
2023-05-07;alle;0;0,0;0;0;0;0;0;0;0;0,0;0,0;0,0;138;138,0;138,0;138;138;138;138;138;138;138,0;138,0;138,0;NA;NA;NA;NA;NA;NA;NA;NA;NA;NA;NA
2023-05-06;0-60;3;3,0;3;3;3;3;3;3;3;3,0;3,0;3,0;16;16,0;16,0;16;16;16;16;16;16;16,0;16,0;16,0;1,0000000000000000;1,000000000000000;1,0000000000000000;1,0000000000000000;1,0000000000000000;1,0000000000000000;1,0000000000000000;1,0000000000000000;1,0000000000000000;1,0000000000000000;1,00000000000000000
2023-05-06;60+;12;12,0;12;12;12;12;12;12;12;12,0;12,0;12,0;122;122,0;122,0;122;122;122;122;122;122;122,0;122,0;122,0;1,0000000000000000;1,000000000000000;1,0000000000000000;1,0000000000000000;1,0000000000000000;1,0000000000000000;1,0000000000000000;1,0000000000000000;1,0000000000000000;1,0000000000000000;1,00000000000000000
2023-05-06;alle;15;15,0;15;15;15;15;15;15;15;15,0;15,0;15,0;138;138,0;138,0;138;138;138;138;138;138;138,0;138,0;138,0;NA;NA;NA;NA;NA;NA;NA;NA;NA;NA;NA
2023-05-05;0-60;2;2,0;2;2;2;2;2;2;2;2,0;2,0;2,0;18;18,0;18,0;18;18;18;18;18;18;18,0;18,0;18,0;1,0000000000000000;1,000000000000000;1,0000000000000000;1,0000000000000000;1,0000000000000000;1,0000000000000000;1,0000000000000000;1,0000000000000000;1,0000000000000000;1,0000000000000000;1,00000000000000000
2023-05-05;60+;15;15,0;15;15;15;15;15;15;15;15,0;15,0;15,0;126;126,0;126,0;126;126;126;126;126;126;126,0;126,0;126,0;1,0000000000000000;1,000000000000000;1,0000000000000000;1,0000000000000000;1,0000000000000000;1,0000000000000000;1,0000000000000000;1,0000000000000000;1,0000000000000000;1,0000000000000000;1,00000000000000000
2023-05-05;alle;17;17,0;17;17;17;17;17;17;17;17,0;17,0;17,0;144;144,0;144,0;144;144;144;144;144;144;144,0;144,0;144,0;NA;NA;NA;NA;NA;NA;NA;NA;NA;NA;NA
2023-05-04;0-60;4;4,0;4;4;4;4;4;4;4;4,0;4,0;4,0;17;17,0;17,0;17;17;17;17;17;17;17,0;17,0;17,0;1,0000000000000000;1,000000000000000;1,0000000000000000;1,0000000000000000;1,0000000000000000;1,0000000000000000;1,0000000000000000;1,0000000000000000;1,0000000000000000;1,0000000000000000;1,00000000000000000
2023-05-04;60+;30;30,0;30;30;30;30;30;30;30;30,0;30,0;30,0;127;127,0;127,0;127;127;127;127;127;127;127,0;127,0;127,0;1,0000000000000000;1,000000000000000;1,0000000000000000;1,0000000000000000;1,0000000000000000;1,0000000000000000;1,0000000000000000;1,0000000000000000;1,0000000000000000;1,0000000000000000;1,00000000000000000
2023-05-04;alle;34;34,0;34;34;34;34;34;34;34;34,0;34,0;34,0;144;144,0;144,0;144;144;144;144;144;144;144,0;144,0;144,0;NA;NA;NA;NA;NA;NA;NA;NA;NA;NA;NA
2023-05-03;0-60;5;5,0;5;5;5;5;5;5;5;5,0;5,0;5,0;16;16,0;16,0;16;16;16;16;16;16;16,0;16,0;16,0;1,0000000000000000;1,000000000000000;1,0000000000000000;1,0000000000000000;1,0000000000000000;1,0000000000000000;1,0000000000000000;1,0000000000000000;1,0000000000000000;1,0000000000000000;1,00000000000000000
2023-05-03;60+;63;63,0;63;63;63;63;63;63;63;63,0;63,0;63,0;113;113,0;113,0;113;113;113;113;113;113;113,0;113,0;113,0;1,0000000000000000;1,000000000000000;1,0000000000000000;1,0000000000000000;1,0000000000000000;1,0000000000000000;1,0000000000000000;1,0000000000000000;1,0000000000000000;1,0000000000000000;1,00000000000000000
2023-05-03;alle;68;68,0;68;68;68;68;68;68;68;68,0;68,0;68,0;129;129,0;129,0;129;129;129;129;129;129;129,0;129,0;129,0;NA;NA;NA;NA;NA;NA;NA;NA;NA;NA;NA
2023-05-02;0-60;1;1,0;1;1;1;1;1;1;1;1,0;1,0;1,0;15;15,0;15,0;15;15;15;15;15;15;15,0;15,0;15,0;1,0000000000000000;1,000000000000000;1,0000000000000000;1,0000000000000000;1,0000000000000000;1,0000000000000000;1,0000000000000000;1,0000000000000000;1,0000000000000000;1,0000000000000000;1,00000000000000000
2023-05-02;60+;1;1,0;1;1;1;1;1;1;1;1,0;1,0;1,0;73;73,0;73,0;73;73;73;73;73;73;73,0;73,0;73,0;1,0000000000000000;1,000000000000000;1,0000000000000000;1,0000000000000000;1,0000000000000000;1,0000000000000000;1,0000000000000000;1,0000000000000000;1,0000000000000000;1,0000000000000000;1,00000000000000000
2023-05-02;alle;2;2,0;2;2;2;2;2;2;2;2,0;2,0;2,0;88;88,0;88,0;88;88;88;88;88;88;88,0;88,0;88,0;NA;NA;NA;NA;NA;NA;NA;NA;NA;NA;NA
2023-05-01;0-60;1;1,0;1;1;1;1;1;1;1;1,0;1,0;1,0;19;19,0;19,0;19;19;19;19;19;19;19,0;19,0;19,0;1,0000000000000000;1,000000000000000;1,0000000000000000;1,0000000000000000;1,0000000000000000;1,0000000000000000;1,0000000000000000;1,0000000000000000;1,0000000000000000;1,0000000000000000;1,00000000000000000
2023-05-01;60+;1;1,0;1;1;1;1;1;1;1;1,0;1,0;1,0;103;103,0;103,0;103;103;103;103;103;103;103,0;103,0;103,0;1,0000000000000000;1,000000000000000;1,0000000000000000;1,0000000000000000;1,0000000000000000;1,0000000000000000;1,0000000000000000;1,0000000000000000;1,0000000000000000;1,0000000000000000;1,00000000000000000
2023-05-01;alle;2;2,0;2;2;2;2;2;2;2;2,0;2,0;2,0;122;122,0;122,0;122;122;122;122;122;122;122,0;122,0;122,0;NA;NA;NA;NA;NA;NA;NA;NA;NA;NA;NA
2023-04-30;0-60;0;0,0;0;0;0;0;0;0;0;0,0;0,0;0,0;18;18,0;18,0;18;18;18;18;18;18;18,0;18,0;18,0;1,0000000000000000;1,000000000000000;1,0000000000000000;1,0000000000000000;1,0000000000000000;1,0000000000000000;1,0000000000000000;1,0000000000000000;1,0000000000000000;1,0000000000000000;1,00000000000000000
2023-04-30;60+;0;0,0;0;0;0;0;0;0;0;0,0;0,0;0,0;102;102,0;102,0;102;102;102;102;102;102;102,0;102,0;102,0;1,0000000000000000;1,000000000000000;1,0000000000000000;1,0000000000000000;1,0000000000000000;1,0000000000000000;1,0000000000000000;1,0000000000000000;1,0000000000000000;1,0000000000000000;1,00000000000000000
2023-04-30;alle;0;0,0;0;0;0;0;0;0;0;0,0;0,0;0,0;120;120,0;120,0;120;120;120;120;120;120;120,0;120,0;120,0;NA;NA;NA;NA;NA;NA;NA;NA;NA;NA;NA
2023-04-29;0-60;5;5,0;5;5;5;5;5;5;5;5,0;5,0;5,0;18;18,0;18,0;18;18;18;18;18;18;18,0;18,0;18,0;1,0000000000000000;1,000000000000000;1,0000000000000000;1,0000000000000000;1,0000000000000000;1,0000000000000000;1,0000000000000000;1,0000000000000000;1,0000000000000000;1,0000000000000000;1,00000000000000000
2023-04-29;60+;16;16,0;16;16;16;16;16;16;16;16,0;16,0;16,0;102;102,0;102,0;102;102;102;102;102;102;102,0;102,0;102,0;1,0000000000000000;1,000000000000000;1,0000000000000000;1,0000000000000000;1,0000000000000000;1,0000000000000000;1,0000000000000000;1,0000000000000000;1,0000000000000000;1,0000000000000000;1,00000000000000000
2023-04-29;alle;21;21,0;21;21;21;21;21;21;21;21,0;21,0;21,0;120;120,0;120,0;120;120;120;120;120;120;120,0;120,0;120,0;NA;NA;NA;NA;NA;NA;NA;NA;NA;NA;NA
2023-04-28;0-60;1;1,0;1;1;1;1;1;1;1;1,0;1,0;1,0;17;17,0;17,0;17;17;17;17;17;17;17,0;17,0;17,0;1,0000000000000000;1,000000000000000;1,0000000000000000;1,0000000000000000;1,0000000000000000;1,0000000000000000;1,0000000000000000;1,0000000000000000;1,0000000000000000;1,0000000000000000;1,00000000000000000
2023-04-28;60+;16;16,0;16;16;16;16;16;16;16;16,0;16,0;16,0;93;93,0;93,0;93;93;93;93;93;93;93,0;93,0;93,0;1,0000000000000000;1,000000000000000;1,0000000000000000;1,0000000000000000;1,0000000000000000;1,0000000000000000;1,0000000000000000;1,0000000000000000;1,0000000000000000;1,0000000000000000;1,00000000000000000
2023-04-28;alle;17;17,0;17;17;17;17;17;17;17;17,0;17,0;17,0;110;110,0;110,0;110;110;110;110;110;110;110,0;110,0;110,0;NA;NA;NA;NA;NA;NA;NA;NA;NA;NA;NA
2023-04-27;0-60;3;3,0;3;3;3;3;3;3;3;3,0;3,0;3,0;21;21,0;21,0;21;21;21;21;21;21;21,0;21,0;21,0;1,0000000000000000;1,000000000000000;1,0000000000000000;1,0000000000000000;1,0000000000000000;1,0000000000000000;1,0000000000000000;1,0000000000000000;1,0000000000000000;1,0000000000000000;1,00000000000000000
2023-04-27;60+;16;16,0;16;16;16;16;16;16;16;16,0;16,0;16,0;94;94,0;94,0;94;94;94;94;94;94;94,0;94,0;94,0;1,0000000000000000;1,000000000000000;1,0000000000000000;1,0000000000000000;1,0000000000000000;1,0000000000000000;1,0000000000000000;1,0000000000000000;1,0000000000000000;1,0000000000000000;1,00000000000000000
2023-04-27;alle;19;19,0;19;19;19;19;19;19;19;19,0;19,0;19,0;115;115,0;115,0;115;115;115;115;115;115;115,0;115,0;115,0;NA;NA;NA;NA;NA;NA;NA;NA;NA;NA;NA
2023-04-26;0-60;4;4,0;4;4;4;4;4;4;4;4,0;4,0;4,0;20;20,0;20,0;20;20;20;20;20;20;20,0;20,0;20,0;1,0000000000000000;1,000000000000000;1,0000000000000000;1,0000000000000000;1,0000000000000000;1,0000000000000000;1,0000000000000000;1,0000000000000000;1,0000000000000000;1,0000000000000000;1,00000000000000000
2023-04-26;60+;23;23,0;23;23;23;23;23;23;23;23,0;23,0;23,0;94;94,0;94,0;94;94;94;94;94;94;94,0;94,0;94,0;1,0000000000000000;1,000000000000000;1,0000000000000000;1,0000000000000000;1,0000000000000000;1,0000000000000000;1,0000000000000000;1,0000000000000000;1,0000000000000000;1,0000000000000000;1,00000000000000000
2023-04-26;alle;27;27,0;27;27;27;27;27;27;27;27,0;27,0;27,0;114;114,0;114,0;114;114;114;114;114;114;114,0;114,0;114,0;NA;NA;NA;NA;NA;NA;NA;NA;NA;NA;NA
2023-04-25;0-60;5;5,0;5;5;5;5;5;5;5;5,0;5,0;5,0;21;21,0;21,0;21;21;21;21;21;21;21,0;21,0;21,0;1,0000000000000000;1,000000000000000;1,0000000000000000;1,0000000000000000;1,0000000000000000;1,0000000000000000;1,0000000000000000;1,0000000000000000;1,0000000000000000;1,0000000000000000;1,00000000000000000
2023-04-25;60+;31;31,0;31;31;31;31;31;31;31;31,0;31,0;31,0;108;108,0;108,0;108;108;108;108;108;108;108,0;108,0;108,0;1,0000000000000000;1,000000000000000;1,0000000000000000;1,0000000000000000;1,0000000000000000;1,0000000000000000;1,0000000000000000;1,0000000000000000;1,0000000000000000;1,0000000000000000;1,00000000000000000
2023-04-25;alle;36;36,0;36;36;36;36;36;36;36;36,0;36,0;36,0;129;129,0;129,0;129;129;129;129;129;129;129,0;129,0;129,0;NA;NA;NA;NA;NA;NA;NA;NA;NA;NA;NA
2023-04-24;0-60;0;0,0;0;0;0;0;0;0;0;0,0;0,0;0,0;24;24,0;24,0;24;24;24;24;24;24;24,0;24,0;24,0;1,0000000000000000;1,000000000000000;1,0000000000000000;1,0000000000000000;1,0000000000000000;1,0000000000000000;1,0000000000000000;1,0000000000000000;1,0000000000000000;1,0000000000000000;1,00000000000000000
2023-04-24;60+;0;0,0;0;0;0;0;0;0;0;0,0;0,0;0,0;107;107,0;107,0;107;107;107;107;107;107;107,0;107,0;107,0;1,0000000000000000;1,000000000000000;1,0000000000000000;1,0000000000000000;1,0000000000000000;1,0000000000000000;1,0000000000000000;1,0000000000000000;1,0000000000000000;1,0000000000000000;1,00000000000000000
2023-04-24;alle;0;0,0;0;0;0;0;0;0;0;0,0;0,0;0,0;131;131,0;131,0;131;131;131;131;131;131;131,0;131,0;131,0;NA;NA;NA;NA;NA;NA;NA;NA;NA;NA;NA
2023-04-23;0-60;0;0,0;0;0;0;0;0;0;0;0,0;0,0;0,0;24;24,0;24,0;24;24;24;24;24;24;24,0;24,0;24,0;1,0000000000000000;1,000000000000000;1,0000000000000000;1,0000000000000000;1,0000000000000000;1,0000000000000000;1,0000000000000000;1,0000000000000000;1,0000000000000000;1,0000000000000000;1,00000000000000000
2023-04-23;60+;0;0,0;0;0;0;0;0;0;0;0,0;0,0;0,0;110;110,0;110,0;110;110;110;110;110;110;110,0;110,0;110,0;1,0000000000000000;1,000000000000000;1,0000000000000000;1,0000000000000000;1,0000000000000000;1,0000000000000000;1,0000000000000000;1,0000000000000000;1,0000000000000000;1,0000000000000000;1,00000000000000000
2023-04-23;alle;0;0,0;0;0;0;0;0;0;0;0,0;0,0;0,0;134;134,0;134,0;134;134;134;134;134;134;134,0;134,0;134,0;NA;NA;NA;NA;NA;NA;NA;NA;NA;NA;NA
2023-04-22;0-60;4;4,0;4;4;4;4;4;4;4;4,0;4,0;4,0;25;25,0;25,0;25;25;25;25;25;25;25,0;25,0;25,0;1,0000000000000000;1,000000000000000;1,0000000000000000;1,0000000000000000;1,0000000000000000;1,0000000000000000;1,0000000000000000;1,0000000000000000;1,0000000000000000;1,0000000000000000;1,00000000000000000
2023-04-22;60+;7;7,0;7;7;7;7;7;7;7;7,0;7,0;7,0;111;111,0;111,0;111;111;111;111;111;111;111,0;111,0;111,0;1,0000000000000000;1,000000000000000;1,0000000000000000;1,0000000000000000;1,0000000000000000;1,0000000000000000;1,0000000000000000;1,0000000000000000;1,0000000000000000;1,0000000000000000;1,00000000000000000
2023-04-22;alle;11;11,0;11;11;11;11;11;11;11;11,0;11,0;11,0;136;136,0;136,0;136;136;136;136;136;136;136,0;136,0;136,0;NA;NA;NA;NA;NA;NA;NA;NA;NA;NA;NA
2023-04-21;0-60;5;5,0;5;5;5;5;5;5;5;5,0;5,0;5,0;23;23,0;23,0;23;23;23;23;23;23;23,0;23,0;23,0;1,0000000000000000;1,000000000000000;1,0000000000000000;1,0000000000000000;1,0000000000000000;1,0000000000000000;1,0000000000000000;1,0000000000000000;1,0000000000000000;1,0000000000000000;1,00000000000000000
2023-04-21;60+;17;17,0;17;17;17;17;17;17;17;17,0;17,0;17,0;113;113,0;113,0;113;113;113;113;113;113;113,0;113,0;113,0;1,0000000000000000;1,000000000000000;1,0000000000000000;1,0000000000000000;1,0000000000000000;1,0000000000000000;1,0000000000000000;1,0000000000000000;1,0000000000000000;1,0000000000000000;1,00000000000000000
2023-04-21;alle;22;22,0;22;22;22;22;22;22;22;22,0;22,0;22,0;136;136,0;136,0;136;136;136;136;136;136;136,0;136,0;136,0;NA;NA;NA;NA;NA;NA;NA;NA;NA;NA;NA
2023-04-20;0-60;2;2,0;2;2;2;2;2;2;2;2,0;2,0;2,0;23;23,0;23,0;23;23;23;23;23;23;23,0;23,0;23,0;1,0000000000000000;1,000000000000000;1,0000000000000000;1,0000000000000000;1,0000000000000000;1,0000000000000000;1,0000000000000000;1,0000000000000000;1,0000000000000000;1,0000000000000000;1,00000000000000000
2023-04-20;60+;16;16,0;16;16;16;16;16;16;16;16,0;16,0;16,0;128;128,0;128,0;128;128;128;128;128;128;128,0;128,0;128,0;1,0000000000000000;1,000000000000000;1,0000000000000000;1,0000000000000000;1,0000000000000000;1,0000000000000000;1,0000000000000000;1,0000000000000000;1,0000000000000000;1,0000000000000000;1,00000000000000000
2023-04-20;alle;18;18,0;18;18;18;18;18;18;18;18,0;18,0;18,0;151;151,0;151,0;151;151;151;151;151;151;151,0;151,0;151,0;NA;NA;NA;NA;NA;NA;NA;NA;NA;NA;NA
2023-04-19;0-60;5;5,0;5;5;5;5;5;5;5;5,0;5,0;5,0;24;24,0;24,0;24;24;24;24;24;24;24,0;24,0;24,0;1,0000000000000000;1,000000000000000;1,0000000000000000;1,0000000000000000;1,0000000000000000;1,0000000000000000;1,0000000000000000;1,0000000000000000;1,0000000000000000;1,0000000000000000;1,00000000000000000
2023-04-19;60+;37;37,0;37;37;37;37;37;37;37;37,0;37,0;37,0;132;132,0;132,0;132;132;132;132;132;132;132,0;132,0;132,0;1,0000000000000000;1,000000000000000;1,0000000000000000;1,0000000000000000;1,0000000000000000;1,0000000000000000;1,0000000000000000;1,0000000000000000;1,0000000000000000;1,0000000000000000;1,00000000000000000
2023-04-19;alle;42;42,0;42;42;42;42;42;42;42;42,0;42,0;42,0;156;156,0;156,0;156;156;156;156;156;156;156,0;156,0;156,0;NA;NA;NA;NA;NA;NA;NA;NA;NA;NA;NA
2023-04-18;0-60;8;8,0;8;8;8;8;8;8;8;8,0;8,0;8,0;30;30,0;30,0;30;30;30;30;30;30;30,0;30,0;30,0;1,0000000000000000;1,000000000000000;1,0000000000000000;1,0000000000000000;1,0000000000000000;1,0000000000000000;1,0000000000000000;1,0000000000000000;1,0000000000000000;1,0000000000000000;1,00000000000000000
2023-04-18;60+;30;30,0;30;30;30;30;30;30;30;30,0;30,0;30,0;157;157,0;157,0;157;157;157;157;157;157;157,0;157,0;157,0;1,0000000000000000;1,000000000000000;1,0000000000000000;1,0000000000000000;1,0000000000000000;1,0000000000000000;1,0000000000000000;1,0000000000000000;1,0000000000000000;1,0000000000000000;1,00000000000000000
2023-04-18;alle;38;38,0;38;38;38;38;38;38;38;38,0;38,0;38,0;187;187,0;187,0;187;187;187;187;187;187;187,0;187,0;187,0;NA;NA;NA;NA;NA;NA;NA;NA;NA;NA;NA
2023-04-17;0-60;0;0,0;0;0;0;0;0;0;0;0,0;0,0;0,0;24;24,0;24,0;24;24;24;24;24;24;24,0;24,0;24,0;1,0000000000000000;1,000000000000000;1,0000000000000000;1,0000000000000000;1,0000000000000000;1,0000000000000000;1,0000000000000000;1,0000000000000000;1,0000000000000000;1,0000000000000000;1,00000000000000000
2023-04-17;60+;3;3,0;3;3;3;3;3;3;3;3,0;3,0;3,0;131;131,0;131,0;131;131;131;131;131;131;131,0;131,0;131,0;1,0000000000000000;1,000000000000000;1,0000000000000000;1,0000000000000000;1,0000000000000000;1,0000000000000000;1,0000000000000000;1,0000000000000000;1,0000000000000000;1,0000000000000000;1,00000000000000000
2023-04-17;alle;3;3,0;3;3;3;3;3;3;3;3,0;3,0;3,0;155;155,0;155,0;155;155;155;155;155;155;155,0;155,0;155,0;NA;NA;NA;NA;NA;NA;NA;NA;NA;NA;NA
2023-04-16;0-60;1;1,0;1;1;1;1;1;1;1;1,0;1,0;1,0;26;26,0;26,0;26;26;26;26;26;26;26,0;26,0;26,0;1,0000000000000000;1,000000000000000;1,0000000000000000;1,0000000000000000;1,0000000000000000;1,0000000000000000;1,0000000000000000;1,0000000000000000;1,0000000000000000;1,0000000000000000;1,00000000000000000
2023-04-16;60+;1;1,0;1;1;1;1;1;1;1;1,0;1,0;1,0;136;136,0;136,0;136;136;136;136;136;136;136,0;136,0;136,0;1,0000000000000000;1,000000000000000;1,0000000000000000;1,0000000000000000;1,0000000000000000;1,0000000000000000;1,0000000000000000;1,0000000000000000;1,0000000000000000;1,0000000000000000;1,00000000000000000
2023-04-16;alle;2;2,0;2;2;2;2;2;2;2;2,0;2,0;2,0;162;162,0;162,0;162;162;162;162;162;162;162,0;162,0;162,0;NA;NA;NA;NA;NA;NA;NA;NA;NA;NA;NA
2023-04-15;0-60;2;2,0;2;2;2;2;2;2;2;2,0;2,0;2,0;26;26,0;26,0;26;26;26;26;26;26;26,0;26,0;26,0;1,0000000000000000;1,000000000000000;1,0000000000000000;1,0000000000000000;1,0000000000000000;1,0000000000000000;1,0000000000000000;1,0000000000000000;1,0000000000000000;1,0000000000000000;1,00000000000000000
2023-04-15;60+;9;9,0;9;9;9;9;9;9;9;9,0;9,0;9,0;138;138,0;138,0;138;138;138;138;138;138;138,0;138,0;138,0;1,0000000000000000;1,000000000000000;1,0000000000000000;1,0000000000000000;1,0000000000000000;1,0000000000000000;1,0000000000000000;1,0000000000000000;1,0000000000000000;1,0000000000000000;1,00000000000000000
2023-04-15;alle;11;11,0;11;11;11;11;11;11;11;11,0;11,0;11,0;164;164,0;164,0;164;164;164;164;164;164;164,0;164,0;164,0;NA;NA;NA;NA;NA;NA;NA;NA;NA;NA;NA
2023-04-14;0-60;5;5,0;5;5;5;5;5;5;5;5,0;5,0;5,0;26;26,0;26,0;26;26;26;26;26;26;26,0;26,0;26,0;1,0000000000000000;1,000000000000000;1,0000000000000000;1,0000000000000000;1,0000000000000000;1,0000000000000000;1,0000000000000000;1,0000000000000000;1,0000000000000000;1,0000000000000000;1,00000000000000000
2023-04-14;60+;32;32,0;32;32;32;32;32;32;32;32,0;32,0;32,0;131;131,0;131,0;131;131;131;131;131;131;131,0;131,0;131,0;1,0000000000000000;1,000000000000000;1,0000000000000000;1,0000000000000000;1,0000000000000000;1,0000000000000000;1,0000000000000000;1,0000000000000000;1,0000000000000000;1,0000000000000000;1,00000000000000000
2023-04-14;alle;37;37,0;37;37;37;37;37;37;37;37,0;37,0;37,0;157;157,0;157,0;157;157;157;157;157;157;157,0;157,0;157,0;NA;NA;NA;NA;NA;NA;NA;NA;NA;NA;NA
2023-04-13;0-60;3;3,0;3;3;3;3;3;3;3;3,0;3,0;3,0;26;26,0;26,0;26;26;26;26;26;26;26,0;26,0;26,0;1,0000000000000000;1,000000000000000;1,0000000000000000;1,0000000000000000;1,0000000000000000;1,0000000000000000;1,0000000000000000;1,0000000000000000;1,0000000000000000;1,0000000000000000;1,00000000000000000
2023-04-13;60+;20;20,0;20;20;20;20;20;20;20;20,0;20,0;20,0;122;122,0;122,0;122;122;122;122;122;122;122,0;122,0;122,0;1,0000000000000000;1,000000000000000;1,0000000000000000;1,0000000000000000;1,0000000000000000;1,0000000000000000;1,0000000000000000;1,0000000000000000;1,0000000000000000;1,0000000000000000;1,00000000000000000
2023-04-13;alle;23;23,0;23;23;23;23;23;23;23;23,0;23,0;23,0;148;148,0;148,0;148;148;148;148;148;148;148,0;148,0;148,0;NA;NA;NA;NA;NA;NA;NA;NA;NA;NA;NA
2023-04-12;0-60;11;11,0;11;11;11;11;11;11;11;11,0;11,0;11,0;31;31,0;31,0;31;31;31;31;31;31;31,0;31,0;31,0;1,0000000000000000;1,000000000000000;1,0000000000000000;1,0000000000000000;1,0000000000000000;1,0000000000000000;1,0000000000000000;1,0000000000000000;1,0000000000000000;1,0000000000000000;1,00000000000000000
2023-04-12;60+;62;62,0;62;62;62;62;62;62;62;62,0;62,0;62,0;122;122,0;122,0;122;122;122;122;122;122;122,0;122,0;122,0;1,0000000000000000;1,000000000000000;1,0000000000000000;1,0000000000000000;1,0000000000000000;1,0000000000000000;1,0000000000000000;1,0000000000000000;1,0000000000000000;1,0000000000000000;1,00000000000000000
2023-04-12;alle;73;73,0;73;73;73;73;73;73;73;73,0;73,0;73,0;153;153,0;153,0;153;153;153;153;153;153;153,0;153,0;153,0;NA;NA;NA;NA;NA;NA;NA;NA;NA;NA;NA
2023-04-11;0-60;2;2,0;2;2;2;2;2;2;2;2,0;2,0;2,0;24;24,0;24,0;24;24;24;24;24;24;24,0;24,0;24,0;1,0000000000000000;1,000000000000000;1,0000000000000000;1,0000000000000000;1,0000000000000000;1,0000000000000000;1,0000000000000000;1,0000000000000000;1,0000000000000000;1,0000000000000000;1,00000000000000000
2023-04-11;60+;4;4,0;4;4;4;4;4;4;4;4,0;4,0;4,0;86;86,0;86,0;86;86;86;86;86;86;86,0;86,0;86,0;1,0000000000000000;1,000000000000000;1,0000000000000000;1,0000000000000000;1,0000000000000000;1,0000000000000000;1,0000000000000000;1,0000000000000000;1,0000000000000000;1,0000000000000000;1,00000000000000000
2023-04-11;alle;6;6,0;6;6;6;6;6;6;6;6,0;6,0;6,0;110;110,0;110,0;110;110;110;110;110;110;110,0;110,0;110,0;NA;NA;NA;NA;NA;NA;NA;NA;NA;NA;NA
2023-04-10;0-60;2;2,0;2;2;2;2;2;2;2;2,0;2,0;2,0;33;33,0;33,0;33;33;33;33;33;33;33,0;33,0;33,0;1,0000000000000000;1,000000000000000;1,0000000000000000;1,0000000000000000;1,0000000000000000;1,0000000000000000;1,0000000000000000;1,0000000000000000;1,0000000000000000;1,0000000000000000;1,00000000000000000
2023-04-10;60+;8;8,0;8;8;8;8;8;8;8;8,0;8,0;8,0;147;147,0;147,0;147;147;147;147;147;147;147,0;147,0;147,0;1,0000000000000000;1,000000000000000;1,0000000000000000;1,0000000000000000;1,0000000000000000;1,0000000000000000;1,0000000000000000;1,0000000000000000;1,0000000000000000;1,0000000000000000;1,00000000000000000
2023-04-10;alle;10;10,0;10;10;10;10;10;10;10;10,0;10,0;10,0;180;180,0;180,0;180;180;180;180;180;180;180,0;180,0;180,0;NA;NA;NA;NA;NA;NA;NA;NA;NA;NA;NA
2023-04-09;0-60;1;1,0;1;1;1;1;1;1;1;1,0;1,0;1,0;31;31,0;31,0;31;31;31;31;31;31;31,0;31,0;31,0;1,0000000000000000;1,000000000000000;1,0000000000000000;1,0000000000000000;1,0000000000000000;1,0000000000000000;1,0000000000000000;1,0000000000000000;1,0000000000000000;1,0000000000000000;1,00000000000000000
2023-04-09;60+;3;3,0;3;3;3;3;3;3;3;3,0;3,0;3,0;144;144,0;144,0;144;144;144;144;144;144;144,0;144,0;144,0;1,0000000000000000;1,000000000000000;1,0000000000000000;1,0000000000000000;1,0000000000000000;1,0000000000000000;1,0000000000000000;1,0000000000000000;1,0000000000000000;1,0000000000000000;1,00000000000000000
2023-04-09;alle;4;4,0;4;4;4;4;4;4;4;4,0;4,0;4,0;175;175,0;175,0;175;175;175;175;175;175;175,0;175,0;175,0;NA;NA;NA;NA;NA;NA;NA;NA;NA;NA;NA
2023-04-08;0-60;2;2,0;2;2;2;2;2;2;2;2,0;2,0;2,0;30;30,0;30,0;30;30;30;30;30;30;30,0;30,0;30,0;1,0000000000000000;1,000000000000000;1,0000000000000000;1,0000000000000000;1,0000000000000000;1,0000000000000000;1,0000000000000000;1,0000000000000000;1,0000000000000000;1,0000000000000000;1,00000000000000000
2023-04-08;60+;2;2,0;2;2;2;2;2;2;2;2,0;2,0;2,0;144;144,0;144,0;144;144;144;144;144;144;144,0;144,0;144,0;1,0000000000000000;1,000000000000000;1,0000000000000000;1,0000000000000000;1,0000000000000000;1,0000000000000000;1,0000000000000000;1,0000000000000000;1,0000000000000000;1,0000000000000000;1,00000000000000000
2023-04-08;alle;4;4,0;4;4;4;4;4;4;4;4,0;4,0;4,0;174;174,0;174,0;174;174;174;174;174;174;174,0;174,0;174,0;NA;NA;NA;NA;NA;NA;NA;NA;NA;NA;NA
2023-04-07;0-60;5;5,0;5;5;5;5;5;5;5;5,0;5,0;5,0;31;31,0;31,0;31;31;31;31;31;31;31,0;31,0;31,0;1,0000000000000000;1,000000000000000;1,0000000000000000;1,0000000000000000;1,0000000000000000;1,0000000000000000;1,0000000000000000;1,0000000000000000;1,0000000000000000;1,0000000000000000;1,00000000000000000
2023-04-07;60+;23;23,0;23;23;23;23;23;23;23;23,0;23,0;23,0;162;162,0;162,0;162;162;162;162;162;162;162,0;162,0;162,0;1,0000000000000000;1,000000000000000;1,0000000000000000;1,0000000000000000;1,0000000000000000;1,0000000000000000;1,0000000000000000;1,0000000000000000;1,0000000000000000;1,0000000000000000;1,00000000000000000
2023-04-07;alle;28;28,0;28;28;28;28;28;28;28;28,0;28,0;28,0;193;193,0;193,0;193;193;193;193;193;193;193,0;193,0;193,0;NA;NA;NA;NA;NA;NA;NA;NA;NA;NA;NA
2023-04-06;0-60;8;8,0;8;8;8;8;8;8;8;8,0;8,0;8,0;38;38,0;38,0;38;38;38;38;38;38;38,0;38,0;38,0;1,0000000000000000;1,000000000000000;1,0000000000000000;1,0000000000000000;1,0000000000000000;1,0000000000000000;1,0000000000000000;1,0000000000000000;1,0000000000000000;1,0000000000000000;1,00000000000000000
2023-04-06;60+;20;20,0;20;20;20;20;20;20;20;20,0;20,0;20,0;173;173,0;173,0;173;173;173;173;173;173;173,0;173,0;173,0;1,0000000000000000;1,000000000000000;1,0000000000000000;1,0000000000000000;1,0000000000000000;1,0000000000000000;1,0000000000000000;1,0000000000000000;1,0000000000000000;1,0000000000000000;1,00000000000000000
2023-04-06;alle;28;28,0;28;28;28;28;28;28;28;28,0;28,0;28,0;211;211,0;211,0;211;211;211;211;211;211;211,0;211,0;211,0;NA;NA;NA;NA;NA;NA;NA;NA;NA;NA;NA
2023-04-05;0-60;4;4,0;4;4;4;4;4;4;4;4,0;4,0;4,0;35;35,0;35,0;35;35;35;35;35;35;35,0;35,0;35,0;1,0000000000000000;1,000000000000000;1,0000000000000000;1,0000000000000000;1,0000000000000000;1,0000000000000000;1,0000000000000000;1,0000000000000000;1,0000000000000000;1,0000000000000000;1,00000000000000000
2023-04-05;60+;26;26,0;26;26;26;26;26;26;26;26,0;26,0;26,0;199;199,0;199,0;199;199;199;199;199;199;199,0;199,0;199,0;1,0000000000000000;1,000000000000000;1,0000000000000000;1,0000000000000000;1,0000000000000000;1,0000000000000000;1,0000000000000000;1,0000000000000000;1,0000000000000000;1,0000000000000000;1,00000000000000000
2023-04-05;alle;30;30,0;30;30;30;30;30;30;30;30,0;30,0;30,0;234;234,0;234,0;234;234;234;234;234;234;234,0;234,0;234,0;NA;NA;NA;NA;NA;NA;NA;NA;NA;NA;NA
2023-04-04;0-60;11;11,0;11;11;11;11;11;11;11;11,0;11,0;11,0;44;44,0;44,0;44;44;44;44;44;44;44,0;44,0;44,0;1,0000000000000000;1,000000000000000;1,0000000000000000;1,0000000000000000;1,0000000000000000;1,0000000000000000;1,0000000000000000;1,0000000000000000;1,0000000000000000;1,0000000000000000;1,00000000000000000
2023-04-04;60+;65;65,0;65;65;65;65;65;65;65;65,0;65,0;65,0;227;227,0;227,0;227;227;227;227;227;227;227,0;227,0;227,0;1,0000000000000000;1,000000000000000;1,0000000000000000;1,0000000000000000;1,0000000000000000;1,0000000000000000;1,0000000000000000;1,0000000000000000;1,0000000000000000;1,0000000000000000;1,00000000000000000
2023-04-04;alle;76;76,0;76;76;76;76;76;76;76;76,0;76,0;76,0;271;271,0;271,0;271;271;271;271;271;271;271,0;271,0;271,0;NA;NA;NA;NA;NA;NA;NA;NA;NA;NA;NA
2023-04-03;0-60;0;0,0;0;0;0;0;0;0;0;0,0;0,0;0,0;42;42,0;42,0;42;42;42;42;42;42;42,0;42,0;42,0;1,0000000000000000;1,000000000000000;1,0000000000000000;1,0000000000000000;1,0000000000000000;1,0000000000000000;1,0000000000000000;1,0000000000000000;1,0000000000000000;1,0000000000000000;1,00000000000000000
2023-04-03;60+;5;5,0;5;5;5;5;5;5;5;5,0;5,0;5,0;249;249,0;249,0;249;249;249;249;249;249;249,0;249,0;249,0;1,0000000000000000;1,000000000000000;1,0000000000000000;1,0000000000000000;1,0000000000000000;1,0000000000000000;1,0000000000000000;1,0000000000000000;1,0000000000000000;1,0000000000000000;1,00000000000000000
2023-04-03;alle;5;5,0;5;5;5;5;5;5;5;5,0;5,0;5,0;291;291,0;291,0;291;291;291;291;291;291;291,0;291,0;291,0;NA;NA;NA;NA;NA;NA;NA;NA;NA;NA;NA
2023-04-02;0-60;0;0,0;0;0;0;0;0;0;0;0,0;0,0;0,0;43;43,0;43,0;43;43;43;43;43;43;43,0;43,0;43,0;1,0000000000000000;1,000000000000000;1,0000000000000000;1,0000000000000000;1,0000000000000000;1,0000000000000000;1,0000000000000000;1,0000000000000000;1,0000000000000000;1,0000000000000000;1,00000000000000000
2023-04-02;60+;3;3,0;3;3;3;3;3;3;3;3,0;3,0;3,0;246;246,0;246,0;246;246;246;246;246;246;246,0;246,0;246,0;1,0000000000000000;1,000000000000000;1,0000000000000000;1,0000000000000000;1,0000000000000000;1,0000000000000000;1,0000000000000000;1,0000000000000000;1,0000000000000000;1,0000000000000000;1,00000000000000000
2023-04-02;alle;3;3,0;3;3;3;3;3;3;3;3,0;3,0;3,0;289;289,0;289,0;289;289;289;289;289;289;289,0;289,0;289,0;NA;NA;NA;NA;NA;NA;NA;NA;NA;NA;NA
2023-04-01;0-60;3;3,0;3;3;3;3;3;3;3;3,0;3,0;3,0;43;43,0;43,0;43;43;43;43;43;43;43,0;43,0;43,0;1,0000000000000000;1,000000000000000;1,0000000000000000;1,0000000000000000;1,0000000000000000;1,0000000000000000;1,0000000000000000;1,0000000000000000;1,0000000000000000;1,0000000000000000;1,00000000000000000
2023-04-01;60+;20;20,0;20;20;20;20;20;20;20;20,0;20,0;20,0;250;250,0;250,0;250;250;250;250;250;250;250,0;250,0;250,0;1,0000000000000000;1,000000000000000;1,0000000000000000;1,0000000000000000;1,0000000000000000;1,0000000000000000;1,0000000000000000;1,0000000000000000;1,0000000000000000;1,0000000000000000;1,00000000000000000
2023-04-01;alle;23;23,0;23;23;23;23;23;23;23;23,0;23,0;23,0;293;293,0;293,0;293;293;293;293;293;293;293,0;293,0;293,0;NA;NA;NA;NA;NA;NA;NA;NA;NA;NA;NA
2023-03-31;0-60;12;12,0;12;12;12;12;12;12;12;12,0;12,0;12,0;49;49,0;49,0;49;49;49;49;49;49;49,0;49,0;49,0;1,0000000000000000;1,000000000000000;1,0000000000000000;1,0000000000000000;1,0000000000000000;1,0000000000000000;1,0000000000000000;1,0000000000000000;1,0000000000000000;1,0000000000000000;1,00000000000000000
2023-03-31;60+;34;34,0;34;34;34;34;34;34;34;34,0;34,0;34,0;259;259,0;259,0;259;259;259;259;259;259;259,0;259,0;259,0;1,0000000000000000;1,000000000000000;1,0000000000000000;1,0000000000000000;1,0000000000000000;1,0000000000000000;1,0000000000000000;1,0000000000000000;1,0000000000000000;1,0000000000000000;1,00000000000000000
2023-03-31;alle;46;46,0;46;46;46;46;46;46;46;46,0;46,0;46,0;308;308,0;308,0;308;308;308;308;308;308;308,0;308,0;308,0;NA;NA;NA;NA;NA;NA;NA;NA;NA;NA;NA
2023-03-30;0-60;5;5,0;5;5;5;5;5;5;5;5,0;5,0;5,0;47;47,0;47,0;47;47;47;47;47;47;47,0;47,0;47,0;1,0000000000000000;1,000000000000000;1,0000000000000000;1,0000000000000000;1,0000000000000000;1,0000000000000000;1,0000000000000000;1,0000000000000000;1,0000000000000000;1,0000000000000000;1,00000000000000000
2023-03-30;60+;46;46,0;46;46;46;46;46;46;46;46,0;46,0;46,0;256;256,0;256,0;256;256;256;256;256;256;256,0;256,0;256,0;1,0000000000000000;1,000000000000000;1,0000000000000000;1,0000000000000000;1,0000000000000000;1,0000000000000000;1,0000000000000000;1,0000000000000000;1,0000000000000000;1,0000000000000000;1,00000000000000000
2023-03-30;alle;51;51,0;51;51;51;51;51;51;51;51,0;51,0;51,0;303;303,0;303,0;303;303;303;303;303;303;303,0;303,0;303,0;NA;NA;NA;NA;NA;NA;NA;NA;NA;NA;NA
2023-03-29;0-60;13;13,0;13;13;13;13;13;13;13;13,0;13,0;13,0;52;52,0;52,0;52;52;52;52;52;52;52,0;52,0;52,0;1,0000000000000000;1,000000000000000;1,0000000000000000;1,0000000000000000;1,0000000000000000;1,0000000000000000;1,0000000000000000;1,0000000000000000;1,0000000000000000;1,0000000000000000;1,00000000000000000
2023-03-29;60+;54;54,0;54;54;54;54;54;54;54;54,0;54,0;54,0;271;271,0;271,0;271;271;271;271;271;271;271,0;271,0;271,0;1,0000000000000000;1,000000000000000;1,0000000000000000;1,0000000000000000;1,0000000000000000;1,0000000000000000;1,0000000000000000;1,0000000000000000;1,0000000000000000;1,0000000000000000;1,00000000000000000
2023-03-29;alle;67;67,0;67;67;67;67;67;67;67;67,0;67,0;67,0;323;323,0;323,0;323;323;323;323;323;323;323,0;323,0;323,0;NA;NA;NA;NA;NA;NA;NA;NA;NA;NA;NA
2023-03-28;0-60;9;9,0;9;9;9;9;9;9;9;9,0;9,0;9,0;53;53,0;53,0;53;53;53;53;53;53;53,0;53,0;53,0;1,0000000000000000;1,000000000000000;1,0000000000000000;1,0000000000000000;1,0000000000000000;1,0000000000000000;1,0000000000000000;1,0000000000000000;1,0000000000000000;1,0000000000000000;1,00000000000000000
2023-03-28;60+;87;87,0;87;87;87;87;87;87;87;87,0;87,0;87,0;275;275,0;275,0;275;275;275;275;275;275;275,0;275,0;275,0;1,0000000000000000;1,000000000000000;1,0000000000000000;1,0000000000000000;1,0000000000000000;1,0000000000000000;1,0000000000000000;1,0000000000000000;1,0000000000000000;1,0000000000000000;1,00000000000000000
2023-03-28;alle;96;96,0;96;96;96;96;96;96;96;96,0;96,0;96,0;328;328,0;328,0;328;328;328;328;328;328;328,0;328,0;328,0;NA;NA;NA;NA;NA;NA;NA;NA;NA;NA;NA
2023-03-27;0-60;1;1,0;1;1;1;1;1;1;1;1,0;1,0;1,0;61;61,0;61,0;61;61;61;61;61;61;61,0;61,0;61,0;1,0000000000000000;1,000000000000000;1,0000000000000000;1,0000000000000000;1,0000000000000000;1,0000000000000000;1,0000000000000000;1,0000000000000000;1,0000000000000000;1,0000000000000000;1,00000000000000000
2023-03-27;60+;2;2,0;2;2;2;2;2;2;2;2,0;2,0;2,0;280;280,0;280,0;280;280;280;280;280;280;280,0;280,0;280,0;1,0000000000000000;1,000000000000000;1,0000000000000000;1,0000000000000000;1,0000000000000000;1,0000000000000000;1,0000000000000000;1,0000000000000000;1,0000000000000000;1,0000000000000000;1,00000000000000000
2023-03-27;alle;3;3,0;3;3;3;3;3;3;3;3,0;3,0;3,0;341;341,0;341,0;341;341;341;341;341;341;341,0;341,0;341,0;NA;NA;NA;NA;NA;NA;NA;NA;NA;NA;NA
2023-03-26;0-60;0;0,0;0;0;0;0;0;0;0;0,0;0,0;0,0;61;61,0;61,0;61;61;61;61;61;61;61,0;61,0;61,0;1,0000000000000000;1,000000000000000;1,0000000000000000;1,0000000000000000;1,0000000000000000;1,0000000000000000;1,0000000000000000;1,0000000000000000;1,0000000000000000;1,0000000000000000;1,00000000000000000
2023-03-26;60+;7;7,0;7;7;7;7;7;7;7;7,0;7,0;7,0;285;285,0;285,0;285;285;285;285;285;285;285,0;285,0;285,0;1,0000000000000000;1,000000000000000;1,0000000000000000;1,0000000000000000;1,0000000000000000;1,0000000000000000;1,0000000000000000;1,0000000000000000;1,0000000000000000;1,0000000000000000;1,00000000000000000
2023-03-26;alle;7;7,0;7;7;7;7;7;7;7;7,0;7,0;7,0;346;346,0;346,0;346;346;346;346;346;346;346,0;346,0;346,0;NA;NA;NA;NA;NA;NA;NA;NA;NA;NA;NA
2023-03-25;0-60;9;9,0;9;9;9;9;9;9;9;9,0;9,0;9,0;63;63,0;63,0;63;63;63;63;63;63;63,0;63,0;63,0;1,0000000000000000;1,000000000000000;1,0000000000000000;1,0000000000000000;1,0000000000000000;1,0000000000000000;1,0000000000000000;1,0000000000000000;1,0000000000000000;1,0000000000000000;1,00000000000000000
2023-03-25;60+;29;29,0;29;29;29;29;29;29;29;29,0;29,0;29,0;295;295,0;295,0;295;295;295;295;295;295;295,0;295,0;295,0;1,0000000000000000;1,000000000000000;1,0000000000000000;1,0000000000000000;1,0000000000000000;1,0000000000000000;1,0000000000000000;1,0000000000000000;1,0000000000000000;1,0000000000000000;1,00000000000000000
2023-03-25;alle;38;38,0;38;38;38;38;38;38;38;38,0;38,0;38,0;358;358,0;358,0;358;358;358;358;358;358;358,0;358,0;358,0;NA;NA;NA;NA;NA;NA;NA;NA;NA;NA;NA
2023-03-24;0-60;10;10,0;10;10;10;10;10;10;10;10,0;10,0;10,0;67;67,0;67,0;67;67;67;67;67;67;67,0;67,0;67,0;1,0000000000000000;1,000000000000000;1,0000000000000000;1,0000000000000000;1,0000000000000000;1,0000000000000000;1,0000000000000000;1,0000000000000000;1,0000000000000000;1,0000000000000000;1,00000000000000000
2023-03-24;60+;31;31,0;31;31;31;31;31;31;31;31,0;31,0;31,0;309;309,0;309,0;309;309;309;309;309;309;309,0;309,0;309,0;1,0000000000000000;1,000000000000000;1,0000000000000000;1,0000000000000000;1,0000000000000000;1,0000000000000000;1,0000000000000000;1,0000000000000000;1,0000000000000000;1,0000000000000000;1,00000000000000000
2023-03-24;alle;41;41,0;41;41;41;41;41;41;41;41,0;41,0;41,0;376;376,0;376,0;376;376;376;376;376;376;376,0;376,0;376,0;NA;NA;NA;NA;NA;NA;NA;NA;NA;NA;NA
2023-03-23;0-60;10;10,0;10;10;10;10;10;10;10;10,0;10,0;10,0;71;71,0;71,0;71;71;71;71;71;71;71,0;71,0;71,0;1,0000000000000000;1,000000000000000;1,0000000000000000;1,0000000000000000;1,0000000000000000;1,0000000000000000;1,0000000000000000;1,0000000000000000;1,0000000000000000;1,0000000000000000;1,00000000000000000
2023-03-23;60+;61;61,0;61;61;61;61;61;61;61;61,0;61,0;61,0;344;344,0;344,0;344;344;344;344;344;344;344,0;344,0;344,0;1,0000000000000000;1,000000000000000;1,0000000000000000;1,0000000000000000;1,0000000000000000;1,0000000000000000;1,0000000000000000;1,0000000000000000;1,0000000000000000;1,0000000000000000;1,00000000000000000
2023-03-23;alle;71;71,0;71;71;71;71;71;71;71;71,0;71,0;71,0;415;415,0;415,0;415;415;415;415;415;415;415,0;415,0;415,0;NA;NA;NA;NA;NA;NA;NA;NA;NA;NA;NA
2023-03-22;0-60;14;14,0;14;14;14;14;14;14;14;14,0;14,0;14,0;82;82,0;82,0;82;82;82;82;82;82;82,0;82,0;82,0;1,0000000000000000;1,000000000000000;1,0000000000000000;1,0000000000000000;1,0000000000000000;1,0000000000000000;1,0000000000000000;1,0000000000000000;1,0000000000000000;1,0000000000000000;1,00000000000000000
2023-03-22;60+;58;58,0;58;58;58;58;58;58;58;58,0;58,0;58,0;351;351,0;351,0;351;351;351;351;351;351;351,0;351,0;351,0;1,0000000000000000;1,000000000000000;1,0000000000000000;1,0000000000000000;1,0000000000000000;1,0000000000000000;1,0000000000000000;1,0000000000000000;1,0000000000000000;1,0000000000000000;1,00000000000000000
2023-03-22;alle;72;72,0;72;72;72;72;72;72;72;72,0;72,0;72,0;433;433,0;433,0;433;433;433;433;433;433;433,0;433,0;433,0;NA;NA;NA;NA;NA;NA;NA;NA;NA;NA;NA
2023-03-21;0-60;17;17,0;17;17;17;17;17;17;17;17,0;17,0;17,0;93;93,0;93,0;93;93;93;93;93;93;93,0;93,0;93,0;1,0000000000000000;1,000000000000000;1,0000000000000000;1,0000000000000000;1,0000000000000000;1,0000000000000000;1,0000000000000000;1,0000000000000000;1,0000000000000000;1,0000000000000000;1,00000000000000000
2023-03-21;60+;92;92,0;92;92;92;92;92;92;92;92,0;92,0;92,0;390;390,0;390,0;390;390;390;390;390;390;390,0;390,0;390,0;1,0000000000000000;1,000000000000000;1,0000000000000000;1,0000000000000000;1,0000000000000000;1,0000000000000000;1,0000000000000000;1,0000000000000000;1,0000000000000000;1,0000000000000000;1,00000000000000000
2023-03-21;alle;109;109,0;109;109;109;109;109;109;109;109,0;109,0;109,0;483;483,0;483,0;483;483;483;483;483;483;483,0;483,0;483,0;NA;NA;NA;NA;NA;NA;NA;NA;NA;NA;NA
2023-03-20;0-60;1;1,0;1;1;1;1;1;1;1;1,0;1,0;1,0;94;94,0;94,0;94;94;94;94;94;94;94,0;94,0;94,0;1,0000000000000000;1,000000000000000;1,0000000000000000;1,0000000000000000;1,0000000000000000;1,0000000000000000;1,0000000000000000;1,0000000000000000;1,0000000000000000;1,0000000000000000;1,00000000000000000
2023-03-20;60+;7;7,0;7;7;7;7;7;7;7;7,0;7,0;7,0;402;402,0;402,0;402;402;402;402;402;402;402,0;402,0;402,0;1,0000000000000000;1,000000000000000;1,0000000000000000;1,0000000000000000;1,0000000000000000;1,0000000000000000;1,0000000000000000;1,0000000000000000;1,0000000000000000;1,0000000000000000;1,00000000000000000
2023-03-20;alle;8;8,0;8;8;8;8;8;8;8;8,0;8,0;8,0;496;496,0;496,0;496;496;496;496;496;496;496,0;496,0;496,0;NA;NA;NA;NA;NA;NA;NA;NA;NA;NA;NA
2023-03-19;0-60;2;2,0;2;2;2;2;2;2;2;2,0;2,0;2,0;94;94,0;94,0;94;94;94;94;94;94;94,0;94,0;94,0;1,0000000000000000;1,000000000000000;1,0000000000000000;1,0000000000000000;1,0000000000000000;1,0000000000000000;1,0000000000000000;1,0000000000000000;1,0000000000000000;1,0000000000000000;1,00000000000000000
2023-03-19;60+;17;17,0;17;17;17;17;17;17;17;17,0;17,0;17,0;404;404,0;404,0;404;404;404;404;404;404;404,0;404,0;404,0;1,0000000000000000;1,000000000000000;1,0000000000000000;1,0000000000000000;1,0000000000000000;1,0000000000000000;1,0000000000000000;1,0000000000000000;1,0000000000000000;1,0000000000000000;1,00000000000000000
2023-03-19;alle;19;19,0;19;19;19;19;19;19;19;19,0;19,0;19,0;498;498,0;498,0;498;498;498;498;498;498;498,0;498,0;498,0;NA;NA;NA;NA;NA;NA;NA;NA;NA;NA;NA
2023-03-18;0-60;13;13,0;13;13;13;13;13;13;13;13,0;13,0;13,0;96;96,0;96,0;96;96;96;96;96;96;96,0;96,0;96,0;1,0000000000000000;1,000000000000000;1,0000000000000000;1,0000000000000000;1,0000000000000000;1,0000000000000000;1,0000000000000000;1,0000000000000000;1,0000000000000000;1,0000000000000000;1,00000000000000000
2023-03-18;60+;43;43,0;43;43;43;43;43;43;43;43,0;43,0;43,0;400;400,0;400,0;400;400;400;400;400;400;400,0;400,0;400,0;1,0000000000000000;1,000000000000000;1,0000000000000000;1,0000000000000000;1,0000000000000000;1,0000000000000000;1,0000000000000000;1,0000000000000000;1,0000000000000000;1,0000000000000000;1,00000000000000000
2023-03-18;alle;56;56,0;56;56;56;56;56;56;56;56,0;56,0;56,0;496;496,0;496,0;496;496;496;496;496;496;496,0;496,0;496,0;NA;NA;NA;NA;NA;NA;NA;NA;NA;NA;NA
2023-03-17;0-60;14;14,0;14;14;14;14;14;14;14;14,0;14,0;14,0;104;104,0;104,0;104;104;104;104;104;104;104,0;104,0;104,0;1,0000000000000000;1,000000000000000;1,0000000000000000;1,0000000000000000;1,0000000000000000;1,0000000000000000;1,0000000000000000;1,0000000000000000;1,0000000000000000;1,0000000000000000;1,00000000000000000
2023-03-17;60+;66;66,0;66;66;66;66;66;66;66;66,0;66,0;66,0;414;414,0;414,0;414;414;414;414;414;414;414,0;414,0;414,0;1,0000000000000000;1,000000000000000;1,0000000000000000;1,0000000000000000;1,0000000000000000;1,0000000000000000;1,0000000000000000;1,0000000000000000;1,0000000000000000;1,0000000000000000;1,00000000000000000
2023-03-17;alle;80;80,0;80;80;80;80;80;80;80;80,0;80,0;80,0;518;518,0;518,0;518;518;518;518;518;518;518,0;518,0;518,0;NA;NA;NA;NA;NA;NA;NA;NA;NA;NA;NA
2023-03-16;0-60;21;21,0;21;21;21;21;21;21;21;21,0;21,0;21,0;115;115,0;115,0;115;115;115;115;115;115;115,0;115,0;115,0;1,0000000000000000;1,000000000000000;1,0000000000000000;1,0000000000000000;1,0000000000000000;1,0000000000000000;1,0000000000000000;1,0000000000000000;1,0000000000000000;1,0000000000000000;1,00000000000000000
2023-03-16;60+;68;68,0;68;68;68;68;68;68;68;68,0;68,0;68,0;417;417,0;417,0;417;417;417;417;417;417;417,0;417,0;417,0;1,0000000000000000;1,000000000000000;1,0000000000000000;1,0000000000000000;1,0000000000000000;1,0000000000000000;1,0000000000000000;1,0000000000000000;1,0000000000000000;1,0000000000000000;1,00000000000000000
2023-03-16;alle;89;89,0;89;89;89;89;89;89;89;89,0;89,0;89,0;532;532,0;532,0;532;532;532;532;532;532;532,0;532,0;532,0;NA;NA;NA;NA;NA;NA;NA;NA;NA;NA;NA
2023-03-15;0-60;25;25,0;25;25;25;25;25;25;25;25,0;25,0;25,0;123;123,0;123,0;123;123;123;123;123;123;123,0;123,0;123,0;1,0000000000000000;1,000000000000000;1,0000000000000000;1,0000000000000000;1,0000000000000000;1,0000000000000000;1,0000000000000000;1,0000000000000000;1,0000000000000000;1,0000000000000000;1,00000000000000000
2023-03-15;60+;97;97,0;97;97;97;97;97;97;97;97,0;97,0;97,0;424;424,0;424,0;424;424;424;424;424;424;424,0;424,0;424,0;1,0000000000000000;1,000000000000000;1,0000000000000000;1,0000000000000000;1,0000000000000000;1,0000000000000000;1,0000000000000000;1,0000000000000000;1,0000000000000000;1,0000000000000000;1,00000000000000000
2023-03-15;alle;122;122,0;122;122;122;122;122;122;122;122,0;122,0;122,0;547;547,0;547,0;547;547;547;547;547;547;547,0;547,0;547,0;NA;NA;NA;NA;NA;NA;NA;NA;NA;NA;NA
2023-03-14;0-60;18;18,0;18;18;18;18;18;18;18;18,0;18,0;18,0;124;124,0;124,0;124;124;124;124;124;124;124,0;124,0;124,0;1,0000000000000000;1,000000000000000;1,0000000000000000;1,0000000000000000;1,0000000000000000;1,0000000000000000;1,0000000000000000;1,0000000000000000;1,0000000000000000;1,0000000000000000;1,00000000000000000
2023-03-14;60+;104;104,0;104;104;104;104;104;104;104;104,0;104,0;104,0;410;410,0;410,0;410;410;410;410;410;410;410,0;410,0;410,0;1,0000000000000000;1,000000000000000;1,0000000000000000;1,0000000000000000;1,0000000000000000;1,0000000000000000;1,0000000000000000;1,0000000000000000;1,0000000000000000;1,0000000000000000;1,00000000000000000
2023-03-14;alle;122;122,0;122;122;122;122;122;122;122;122,0;122,0;122,0;534;534,0;534,0;534;534;534;534;534;534;534,0;534,0;534,0;NA;NA;NA;NA;NA;NA;NA;NA;NA;NA;NA
2023-03-13;0-60;1;1,0;1;1;1;1;1;1;1;1,0;1,0;1,0;133;133,0;133,0;133;133;133;133;133;133;133,0;133,0;133,0;1,0000000000000000;1,000000000000000;1,0000000000000000;1,0000000000000000;1,0000000000000000;1,0000000000000000;1,0000000000000000;1,0000000000000000;1,0000000000000000;1,0000000000000000;1,00000000000000000
2023-03-13;60+;9;9,0;9;9;9;9;9;9;9;9,0;9,0;9,0;415;415,0;415,0;415;415;415;415;415;415;415,0;415,0;415,0;1,0000000000000000;1,000000000000000;1,0000000000000000;1,0000000000000000;1,0000000000000000;1,0000000000000000;1,0000000000000000;1,0000000000000000;1,0000000000000000;1,0000000000000000;1,00000000000000000
2023-03-13;alle;10;10,0;10;10;10;10;10;10;10;10,0;10,0;10,0;548;548,0;548,0;548;548;548;548;548;548;548,0;548,0;548,0;NA;NA;NA;NA;NA;NA;NA;NA;NA;NA;NA
2023-03-12;0-60;4;4,0;4;4;4;4;4;4;4;4,0;4,0;4,0;138;138,0;138,0;138;138;138;138;138;138;138,0;138,0;138,0;1,0000000000000000;1,000000000000000;1,0000000000000000;1,0000000000000000;1,0000000000000000;1,0000000000000000;1,0000000000000000;1,0000000000000000;1,0000000000000000;1,0000000000000000;1,00000000000000000
2023-03-12;60+;13;13,0;13;13;13;13;13;13;13;13,0;13,0;13,0;414;414,0;414,0;414;414;414;414;414;414;414,0;414,0;414,0;1,0000000000000000;1,000000000000000;1,0000000000000000;1,0000000000000000;1,0000000000000000;1,0000000000000000;1,0000000000000000;1,0000000000000000;1,0000000000000000;1,0000000000000000;1,00000000000000000
2023-03-12;alle;17;17,0;17;17;17;17;17;17;17;17,0;17,0;17,0;552;552,0;552,0;552;552;552;552;552;552;552,0;552,0;552,0;NA;NA;NA;NA;NA;NA;NA;NA;NA;NA;NA
2023-03-11;0-60;21;21,0;21;21;21;21;21;21;21;21,0;21,0;21,0;135;135,0;135,0;135;135;135;135;135;135;135,0;135,0;135,0;1,0000000000000000;1,000000000000000;1,0000000000000000;1,0000000000000000;1,0000000000000000;1,0000000000000000;1,0000000000000000;1,0000000000000000;1,0000000000000000;1,0000000000000000;1,00000000000000000
2023-03-11;60+;57;57,0;57;57;57;57;57;57;57;57,0;57,0;57,0;407;407,0;407,0;407;407;407;407;407;407;407,0;407,0;407,0;1,0000000000000000;1,000000000000000;1,0000000000000000;1,0000000000000000;1,0000000000000000;1,0000000000000000;1,0000000000000000;1,0000000000000000;1,0000000000000000;1,0000000000000000;1,00000000000000000
2023-03-11;alle;78;78,0;78;78;78;78;78;78;78;78,0;78,0;78,0;542;542,0;542,0;542;542;542;542;542;542;542,0;542,0;542,0;NA;NA;NA;NA;NA;NA;NA;NA;NA;NA;NA
2023-03-10;0-60;25;25,0;25;25;25;25;25;25;25;25,0;25,0;25,0;136;136,0;136,0;136;136;136;136;136;136;136,0;136,0;136,0;1,0000000000000000;1,000000000000000;1,0000000000000000;1,0000000000000000;1,0000000000000000;1,0000000000000000;1,0000000000000000;1,0000000000000000;1,0000000000000000;1,0000000000000000;1,00000000000000000
2023-03-10;60+;69;69,0;69;69;69;69;69;69;69;69,0;69,0;69,0;394;394,0;394,0;394;394;394;394;394;394;394,0;394,0;394,0;1,0000000000000000;1,000000000000000;1,0000000000000000;1,0000000000000000;1,0000000000000000;1,0000000000000000;1,0000000000000000;1,0000000000000000;1,0000000000000000;1,0000000000000000;1,00000000000000000
2023-03-10;alle;94;94,0;94;94;94;94;94;94;94;94,0;94,0;94,0;530;530,0;530,0;530;530;530;530;530;530;530,0;530,0;530,0;NA;NA;NA;NA;NA;NA;NA;NA;NA;NA;NA
2023-03-09;0-60;29;29,0;29;29;29;29;29;29;29;29,0;29,0;29,0;136;136,0;136,0;136;136;136;136;136;136;136,0;136,0;136,0;1,0000000000000000;1,000000000000000;1,0000000000000000;1,0000000000000000;1,0000000000000000;1,0000000000000000;1,0000000000000000;1,0000000000000000;1,0000000000000000;1,0000000000000000;1,00000000000000000
2023-03-09;60+;75;75,0;75;75;75;75;75;75;75;75,0;75,0;75,0;376;376,0;376,0;376;376;376;376;376;376;376,0;376,0;376,0;1,0000000000000000;1,000000000000000;1,0000000000000000;1,0000000000000000;1,0000000000000000;1,0000000000000000;1,0000000000000000;1,0000000000000000;1,0000000000000000;1,0000000000000000;1,00000000000000000
2023-03-09;alle;104;104,0;104;104;104;104;104;104;104;104,0;104,0;104,0;512;512,0;512,0;512;512;512;512;512;512;512,0;512,0;512,0;NA;NA;NA;NA;NA;NA;NA;NA;NA;NA;NA
2023-03-08;0-60;26;26,0;26;26;26;26;26;26;26;26,0;26,0;26,0;136;136,0;136,0;136;136;136;136;136;136;136,0;136,0;136,0;1,0000000000000000;1,000000000000000;1,0000000000000000;1,0000000000000000;1,0000000000000000;1,0000000000000000;1,0000000000000000;1,0000000000000000;1,0000000000000000;1,0000000000000000;1,00000000000000000
2023-03-08;60+;83;83,0;83;83;83;83;83;83;83;83,0;83,0;83,0;369;369,0;369,0;369;369;369;369;369;369;369,0;369,0;369,0;1,0000000000000000;1,000000000000000;1,0000000000000000;1,0000000000000000;1,0000000000000000;1,0000000000000000;1,0000000000000000;1,0000000000000000;1,0000000000000000;1,0000000000000000;1,00000000000000000
2023-03-08;alle;109;109,0;109;109;109;109;109;109;109;109,0;109,0;109,0;505;505,0;505,0;505;505;505;505;505;505;505,0;505,0;505,0;NA;NA;NA;NA;NA;NA;NA;NA;NA;NA;NA
2023-03-07;0-60;27;27,0;27;27;27;27;27;27;27;27,0;27,0;27,0;136;136,0;136,0;136;136;136;136;136;136;136,0;136,0;136,0;1,0000000000000000;1,000000000000000;1,0000000000000000;1,0000000000000000;1,0000000000000000;1,0000000000000000;1,0000000000000000;1,0000000000000000;1,0000000000000000;1,0000000000000000;1,00000000000000000
2023-03-07;60+;109;109,0;109;109;109;109;109;109;109;109,0;109,0;109,0;369;369,0;369,0;369;369;369;369;369;369;369,0;369,0;369,0;1,0000000000000000;1,000000000000000;1,0000000000000000;1,0000000000000000;1,0000000000000000;1,0000000000000000;1,0000000000000000;1,0000000000000000;1,0000000000000000;1,0000000000000000;1,00000000000000000
2023-03-07;alle;136;136,0;136;136;136;136;136;136;136;136,0;136,0;136,0;505;505,0;505,0;505;505;505;505;505;505;505,0;505,0;505,0;NA;NA;NA;NA;NA;NA;NA;NA;NA;NA;NA
2023-03-06;0-60;6;6,0;6;6;6;6;6;6;6;6,0;6,0;6,0;168;168,0;168,0;168;168;168;168;168;168;168,0;168,0;168,0;1,0000000000000000;1,000000000000000;1,0000000000000000;1,0000000000000000;1,0000000000000000;1,0000000000000000;1,0000000000000000;1,0000000000000000;1,0000000000000000;1,0000000000000000;1,00000000000000000
2023-03-06;60+;8;8,0;8;8;8;8;8;8;8;8,0;8,0;8,0;397;397,0;397,0;397;397;397;397;397;397;397,0;397,0;397,0;1,0000000000000000;1,000000000000000;1,0000000000000000;1,0000000000000000;1,0000000000000000;1,0000000000000000;1,0000000000000000;1,0000000000000000;1,0000000000000000;1,0000000000000000;1,00000000000000000
2023-03-06;alle;14;14,0;14;14;14;14;14;14;14;14,0;14,0;14,0;565;565,0;565,0;565;565;565;565;565;565;565,0;565,0;565,0;NA;NA;NA;NA;NA;NA;NA;NA;NA;NA;NA
2023-03-05;0-60;1;1,0;1;1;1;1;1;1;1;1,0;1,0;1,0;163;163,0;163,0;163;163;163;163;163;163;163,0;163,0;163,0;1,0000000000000000;1,000000000000000;1,0000000000000000;1,0000000000000000;1,0000000000000000;1,0000000000000000;1,0000000000000000;1,0000000000000000;1,0000000000000000;1,0000000000000000;1,00000000000000000
2023-03-05;60+;6;6,0;6;6;6;6;6;6;6;6,0;6,0;6,0;400;400,0;400,0;400;400;400;400;400;400;400,0;400,0;400,0;1,0000000000000000;1,000000000000000;1,0000000000000000;1,0000000000000000;1,0000000000000000;1,0000000000000000;1,0000000000000000;1,0000000000000000;1,0000000000000000;1,0000000000000000;1,00000000000000000
2023-03-05;alle;7;7,0;7;7;7;7;7;7;7;7,0;7,0;7,0;563;563,0;563,0;563;563;563;563;563;563;563,0;563,0;563,0;NA;NA;NA;NA;NA;NA;NA;NA;NA;NA;NA
2023-03-04;0-60;22;22,0;22;22;22;22;22;22;22;22,0;22,0;22,0;164;164,0;164,0;164;164;164;164;164;164;164,0;164,0;164,0;1,0000000000000000;1,000000000000000;1,0000000000000000;1,0000000000000000;1,0000000000000000;1,0000000000000000;1,0000000000000000;1,0000000000000000;1,0000000000000000;1,0000000000000000;1,00000000000000000
2023-03-04;60+;44;44,0;44;44;44;44;44;44;44;44,0;44,0;44,0;400;400,0;400,0;400;400;400;400;400;400;400,0;400,0;400,0;1,0000000000000000;1,000000000000000;1,0000000000000000;1,0000000000000000;1,0000000000000000;1,0000000000000000;1,0000000000000000;1,0000000000000000;1,0000000000000000;1,0000000000000000;1,00000000000000000
2023-03-04;alle;66;66,0;66;66;66;66;66;66;66;66,0;66,0;66,0;564;564,0;564,0;564;564;564;564;564;564;564,0;564,0;564,0;NA;NA;NA;NA;NA;NA;NA;NA;NA;NA;NA
2023-03-03;0-60;25;25,0;25;25;25;25;25;25;25;25,0;25,0;25,0;170;170,0;170,0;170;170;170;170;170;170;170,0;170,0;170,0;1,0000000000000000;1,000000000000000;1,0000000000000000;1,0000000000000000;1,0000000000000000;1,0000000000000000;1,0000000000000000;1,0000000000000000;1,0000000000000000;1,0000000000000000;1,00000000000000000
2023-03-03;60+;51;51,0;51;51;51;51;51;51;51;51,0;51,0;51,0;420;420,0;420,0;420;420;420;420;420;420;420,0;420,0;420,0;1,0000000000000000;1,000000000000000;1,0000000000000000;1,0000000000000000;1,0000000000000000;1,0000000000000000;1,0000000000000000;1,0000000000000000;1,0000000000000000;1,0000000000000000;1,00000000000000000
2023-03-03;alle;76;76,0;76;76;76;76;76;76;76;76,0;76,0;76,0;590;590,0;590,0;590;590;590;590;590;590;590,0;590,0;590,0;NA;NA;NA;NA;NA;NA;NA;NA;NA;NA;NA
2023-03-02;0-60;29;29,0;29;29;29;29;29;29;29;29,0;29,0;29,0;175;175,0;175,0;175;175;175;175;175;175;175,0;175,0;175,0;1,0000000000000000;1,000000000000000;1,0000000000000000;1,0000000000000000;1,0000000000000000;1,0000000000000000;1,0000000000000000;1,0000000000000000;1,0000000000000000;1,0000000000000000;1,00000000000000000
2023-03-02;60+;68;68,0;68;68;68;68;68;68;68;68,0;68,0;68,0;446;446,0;446,0;446;446;446;446;446;446;446,0;446,0;446,0;1,0000000000000000;1,000000000000000;1,0000000000000000;1,0000000000000000;1,0000000000000000;1,0000000000000000;1,0000000000000000;1,0000000000000000;1,0000000000000000;1,0000000000000000;1,00000000000000000
2023-03-02;alle;97;97,0;97;97;97;97;97;97;97;97,0;97,0;97,0;621;621,0;621,0;621;621;621;621;621;621;621,0;621,0;621,0;NA;NA;NA;NA;NA;NA;NA;NA;NA;NA;NA
2023-03-01;0-60;26;26,0;26;26;26;26;26;26;26;26,0;26,0;26,0;175;175,0;175,0;175;175;175;175;175;175;175,0;175,0;175,0;1,0000000000000000;1,000000000000000;1,0000000000000000;1,0000000000000000;1,0000000000000000;1,0000000000000000;1,0000000000000000;1,0000000000000000;1,0000000000000000;1,0000000000000000;1,00000000000000000
2023-03-01;60+;83;83,0;83;83;83;83;83;83;83;83,0;83,0;83,0;482;482,0;482,0;482;482;482;482;482;482;482,0;482,0;482,0;1,0000000000000000;1,000000000000000;1,0000000000000000;1,0000000000000000;1,0000000000000000;1,0000000000000000;1,0000000000000000;1,0000000000000000;1,0000000000000000;1,0000000000000000;1,00000000000000000
2023-03-01;alle;109;109,0;109;109;109;109;109;109;109;109,0;109,0;109,0;657;657,0;657,0;657;657;657;657;657;657;657,0;657,0;657,0;NA;NA;NA;NA;NA;NA;NA;NA;NA;NA;NA
2023-02-28;0-60;59;59,0;59;59;59;59;59;59;59;59,0;59,0;59,0;195;195,0;195,0;195;195;195;195;195;195;195,0;195,0;195,0;1,0000000000000000;1,000000000000000;1,0000000000000000;1,0000000000000000;1,0000000000000000;1,0000000000000000;1,0000000000000000;1,0000000000000000;1,0000000000000000;1,0000000000000000;1,00000000000000000
2023-02-28;60+;137;137,0;137;137;137;137;137;137;137;137,0;137,0;137,0;511;511,0;511,0;511;511;511;511;511;511;511,0;511,0;511,0;1,0000000000000000;1,000000000000000;1,0000000000000000;1,0000000000000000;1,0000000000000000;1,0000000000000000;1,0000000000000000;1,0000000000000000;1,0000000000000000;1,0000000000000000;1,00000000000000000
2023-02-28;alle;196;196,0;196;196;196;196;196;196;196;196,0;196,0;196,0;706;706,0;706,0;706;706;706;706;706;706;706,0;706,0;706,0;NA;NA;NA;NA;NA;NA;NA;NA;NA;NA;NA
2023-02-27;0-60;1;1,0;1;1;1;1;1;1;1;1,0;1,0;1,0;167;167,0;167,0;167;167;167;167;167;167;167,0;167,0;167,0;1,0000000000000000;1,000000000000000;1,0000000000000000;1,0000000000000000;1,0000000000000000;1,0000000000000000;1,0000000000000000;1,0000000000000000;1,0000000000000000;1,0000000000000000;1,00000000000000000
2023-02-27;60+;11;11,0;11;11;11;11;11;11;11;11,0;11,0;11,0;472;472,0;472,0;472;472;472;472;472;472;472,0;472,0;472,0;1,0000000000000000;1,000000000000000;1,0000000000000000;1,0000000000000000;1,0000000000000000;1,0000000000000000;1,0000000000000000;1,0000000000000000;1,0000000000000000;1,0000000000000000;1,00000000000000000
2023-02-27;alle;12;12,0;12;12;12;12;12;12;12;12,0;12,0;12,0;639;639,0;639,0;639;639;639;639;639;639;639,0;639,0;639,0;NA;NA;NA;NA;NA;NA;NA;NA;NA;NA;NA
2023-02-26;0-60;2;2,0;2;2;2;2;2;2;2;2,0;2,0;2,0;168;168,0;168,0;168;168;168;168;168;168;168,0;168,0;168,0;1,0000000000000000;1,000000000000000;1,0000000000000000;1,0000000000000000;1,0000000000000000;1,0000000000000000;1,0000000000000000;1,0000000000000000;1,0000000000000000;1,0000000000000000;1,00000000000000000
2023-02-26;60+;6;6,0;6;6;6;6;6;6;6;6,0;6,0;6,0;481;481,0;481,0;481;481;481;481;481;481;481,0;481,0;481,0;1,0000000000000000;1,000000000000000;1,0000000000000000;1,0000000000000000;1,0000000000000000;1,0000000000000000;1,0000000000000000;1,0000000000000000;1,0000000000000000;1,0000000000000000;1,00000000000000000
2023-02-26;alle;8;8,0;8;8;8;8;8;8;8;8,0;8,0;8,0;649;649,0;649,0;649;649;649;649;649;649;649,0;649,0;649,0;NA;NA;NA;NA;NA;NA;NA;NA;NA;NA;NA
2023-02-25;0-60;28;28,0;28;28;28;28;28;28;28;28,0;28,0;28,0;167;167,0;167,0;167;167;167;167;167;167;167,0;167,0;167,0;1,0000000000000000;1,000000000000000;1,0000000000000000;1,0000000000000000;1,0000000000000000;1,0000000000000000;1,0000000000000000;1,0000000000000000;1,0000000000000000;1,0000000000000000;1,00000000000000000
2023-02-25;60+;64;64,0;64;64;64;64;64;64;64;64,0;64,0;64,0;485;485,0;485,0;485;485;485;485;485;485;485,0;485,0;485,0;1,0000000000000000;1,000000000000000;1,0000000000000000;1,0000000000000000;1,0000000000000000;1,0000000000000000;1,0000000000000000;1,0000000000000000;1,0000000000000000;1,0000000000000000;1,00000000000000000
2023-02-25;alle;92;92,0;92;92;92;92;92;92;92;92,0;92,0;92,0;652;652,0;652,0;652;652;652;652;652;652;652,0;652,0;652,0;NA;NA;NA;NA;NA;NA;NA;NA;NA;NA;NA
2023-02-24;0-60;30;30,0;30;30;30;30;30;30;30;30,0;30,0;30,0;152;152,0;152,0;152;152;152;152;152;152;152,0;152,0;152,0;1,0000000000000000;1,000000000000000;1,0000000000000000;1,0000000000000000;1,0000000000000000;1,0000000000000000;1,0000000000000000;1,0000000000000000;1,0000000000000000;1,0000000000000000;1,00000000000000000
2023-02-24;60+;77;77,0;77;77;77;77;77;77;77;77,0;77,0;77,0;481;481,0;481,0;481;481;481;481;481;481;481,0;481,0;481,0;1,0000000000000000;1,000000000000000;1,0000000000000000;1,0000000000000000;1,0000000000000000;1,0000000000000000;1,0000000000000000;1,0000000000000000;1,0000000000000000;1,0000000000000000;1,00000000000000000
2023-02-24;alle;107;107,0;107;107;107;107;107;107;107;107,0;107,0;107,0;633;633,0;633,0;633;633;633;633;633;633;633,0;633,0;633,0;NA;NA;NA;NA;NA;NA;NA;NA;NA;NA;NA
2023-02-23;0-60;29;29,0;29;29;29;29;29;29;29;29,0;29,0;29,0;136;136,0;136,0;136;136;136;136;136;136;136,0;136,0;136,0;1,0000000000000000;1,000000000000000;1,0000000000000000;1,0000000000000000;1,0000000000000000;1,0000000000000000;1,0000000000000000;1,0000000000000000;1,0000000000000000;1,0000000000000000;1,00000000000000000
2023-02-23;60+;104;104,0;104;104;104;104;104;104;104;104,0;104,0;104,0;486;486,0;486,0;486;486;486;486;486;486;486,0;486,0;486,0;1,0000000000000000;1,000000000000000;1,0000000000000000;1,0000000000000000;1,0000000000000000;1,0000000000000000;1,0000000000000000;1,0000000000000000;1,0000000000000000;1,0000000000000000;1,00000000000000000
2023-02-23;alle;133;133,0;133;133;133;133;133;133;133;133,0;133,0;133,0;622;622,0;622,0;622;622;622;622;622;622;622,0;622,0;622,0;NA;NA;NA;NA;NA;NA;NA;NA;NA;NA;NA
2023-02-22;0-60;46;46,0;46;46;46;46;46;46;46;46,0;46,0;46,0;121;121,0;121,0;121;121;121;121;121;121;121,0;121,0;121,0;1,0000000000000000;1,000000000000000;1,0000000000000000;1,0000000000000000;1,0000000000000000;1,0000000000000000;1,0000000000000000;1,0000000000000000;1,0000000000000000;1,0000000000000000;1,00000000000000000
2023-02-22;60+;112;112,0;112;112;112;112;112;112;112;112,0;112,0;112,0;447;447,0;447,0;447;447;447;447;447;447;447,0;447,0;447,0;1,0000000000000000;1,000000000000000;1,0000000000000000;1,0000000000000000;1,0000000000000000;1,0000000000000000;1,0000000000000000;1,0000000000000000;1,0000000000000000;1,0000000000000000;1,00000000000000000
2023-02-22;alle;158;158,0;158;158;158;158;158;158;158;158,0;158,0;158,0;568;568,0;568,0;568;568;568;568;568;568;568,0;568,0;568,0;NA;NA;NA;NA;NA;NA;NA;NA;NA;NA;NA
2023-02-21;0-60;31;31,0;31;31;31;31;31;31;31;31,0;31,0;31,0;91;91,0;91,0;91;91;91;91;91;91;91,0;91,0;91,0;1,0000000000000000;1,000000000000000;1,0000000000000000;1,0000000000000000;1,0000000000000000;1,0000000000000000;1,0000000000000000;1,0000000000000000;1,0000000000000000;1,0000000000000000;1,00000000000000000
2023-02-21;60+;98;98,0;98;98;98;98;98;98;98;98,0;98,0;98,0;409;409,0;409,0;409;409;409;409;409;409;409,0;409,0;409,0;1,0000000000000000;1,000000000000000;1,0000000000000000;1,0000000000000000;1,0000000000000000;1,0000000000000000;1,0000000000000000;1,0000000000000000;1,0000000000000000;1,0000000000000000;1,00000000000000000
2023-02-21;alle;129;129,0;129;129;129;129;129;129;129;129,0;129,0;129,0;500;500,0;500,0;500;500;500;500;500;500;500,0;500,0;500,0;NA;NA;NA;NA;NA;NA;NA;NA;NA;NA;NA
2023-02-20;0-60;2;2,0;2;2;2;2;2;2;2;2,0;2,0;2,0;84;84,0;84,0;84;84;84;84;84;84;84,0;84,0;84,0;1,0000000000000000;1,000000000000000;1,0000000000000000;1,0000000000000000;1,0000000000000000;1,0000000000000000;1,0000000000000000;1,0000000000000000;1,0000000000000000;1,0000000000000000;1,00000000000000000
2023-02-20;60+;20;20,0;20;20;20;20;20;20;20;20,0;20,0;20,0;428;428,0;428,0;428;428;428;428;428;428;428,0;428,0;428,0;1,0000000000000000;1,000000000000000;1,0000000000000000;1,0000000000000000;1,0000000000000000;1,0000000000000000;1,0000000000000000;1,0000000000000000;1,0000000000000000;1,0000000000000000;1,00000000000000000
2023-02-20;alle;22;22,0;22;22;22;22;22;22;22;22,0;22,0;22,0;512;512,0;512,0;512;512;512;512;512;512;512,0;512,0;512,0;NA;NA;NA;NA;NA;NA;NA;NA;NA;NA;NA
2023-02-19;0-60;1;1,0;1;1;1;1;1;1;1;1,0;1,0;1,0;86;86,0;86,0;86;86;86;86;86;86;86,0;86,0;86,0;1,0000000000000000;1,000000000000000;1,0000000000000000;1,0000000000000000;1,0000000000000000;1,0000000000000000;1,0000000000000000;1,0000000000000000;1,0000000000000000;1,0000000000000000;1,00000000000000000
2023-02-19;60+;10;10,0;10;10;10;10;10;10;10;10,0;10,0;10,0;416;416,0;416,0;416;416;416;416;416;416;416,0;416,0;416,0;1,0000000000000000;1,000000000000000;1,0000000000000000;1,0000000000000000;1,0000000000000000;1,0000000000000000;1,0000000000000000;1,0000000000000000;1,0000000000000000;1,0000000000000000;1,00000000000000000
2023-02-19;alle;11;11,0;11;11;11;11;11;11;11;11,0;11,0;11,0;502;502,0;502,0;502;502;502;502;502;502;502,0;502,0;502,0;NA;NA;NA;NA;NA;NA;NA;NA;NA;NA;NA
2023-02-18;0-60;13;13,0;13;13;13;13;13;13;13;13,0;13,0;13,0;90;90,0;90,0;90;90;90;90;90;90;90,0;90,0;90,0;1,0000000000000000;1,000000000000000;1,0000000000000000;1,0000000000000000;1,0000000000000000;1,0000000000000000;1,0000000000000000;1,0000000000000000;1,0000000000000000;1,0000000000000000;1,00000000000000000
2023-02-18;60+;60;60,0;60;60;60;60;60;60;60;60,0;60,0;60,0;409;409,0;409,0;409;409;409;409;409;409;409,0;409,0;409,0;1,0000000000000000;1,000000000000000;1,0000000000000000;1,0000000000000000;1,0000000000000000;1,0000000000000000;1,0000000000000000;1,0000000000000000;1,0000000000000000;1,0000000000000000;1,00000000000000000
2023-02-18;alle;73;73,0;73;73;73;73;73;73;73;73,0;73,0;73,0;499;499,0;499,0;499;499;499;499;499;499;499,0;499,0;499,0;NA;NA;NA;NA;NA;NA;NA;NA;NA;NA;NA
2023-02-17;0-60;14;14,0;14;14;14;14;14;14;14;14,0;14,0;14,0;89;89,0;89,0;89;89;89;89;89;89;89,0;89,0;89,0;1,0000000000000000;1,000000000000000;1,0000000000000000;1,0000000000000000;1,0000000000000000;1,0000000000000000;1,0000000000000000;1,0000000000000000;1,0000000000000000;1,0000000000000000;1,00000000000000000
2023-02-17;60+;82;82,0;82;82;82;82;82;82;82;82,0;82,0;82,0;391;391,0;391,0;391;391;391;391;391;391;391,0;391,0;391,0;1,0000000000000000;1,000000000000000;1,0000000000000000;1,0000000000000000;1,0000000000000000;1,0000000000000000;1,0000000000000000;1,0000000000000000;1,0000000000000000;1,0000000000000000;1,00000000000000000
2023-02-17;alle;96;96,0;96;96;96;96;96;96;96;96,0;96,0;96,0;480;480,0;480,0;480;480;480;480;480;480;480,0;480,0;480,0;NA;NA;NA;NA;NA;NA;NA;NA;NA;NA;NA
2023-02-16;0-60;14;14,0;14;14;14;14;14;14;14;14,0;14,0;14,0;90;90,0;90,0;90;90;90;90;90;90;90,0;90,0;90,0;1,0000000000000000;1,000000000000000;1,0000000000000000;1,0000000000000000;1,0000000000000000;1,0000000000000000;1,0000000000000000;1,0000000000000000;1,0000000000000000;1,0000000000000000;1,00000000000000000
2023-02-16;60+;65;65,0;65;65;65;65;65;65;65;65,0;65,0;65,0;358;358,0;358,0;358;358;358;358;358;358;358,0;358,0;358,0;1,0000000000000000;1,000000000000000;1,0000000000000000;1,0000000000000000;1,0000000000000000;1,0000000000000000;1,0000000000000000;1,0000000000000000;1,0000000000000000;1,0000000000000000;1,00000000000000000
2023-02-16;alle;79;79,0;79;79;79;79;79;79;79;79,0;79,0;79,0;448;448,0;448,0;448;448;448;448;448;448;448,0;448,0;448,0;NA;NA;NA;NA;NA;NA;NA;NA;NA;NA;NA
2023-02-15;0-60;16;16,0;16;16;16;16;16;16;16;16,0;16,0;16,0;94;94,0;94,0;94;94;94;94;94;94;94,0;94,0;94,0;1,0000000000000000;1,000000000000000;1,0000000000000000;1,0000000000000000;1,0000000000000000;1,0000000000000000;1,0000000000000000;1,0000000000000000;1,0000000000000000;1,0000000000000000;1,00000000000000000
2023-02-15;60+;74;74,0;74;74;74;74;74;74;74;74,0;74,0;74,0;340;340,0;340,0;340;340;340;340;340;340;340,0;340,0;340,0;1,0000000000000000;1,000000000000000;1,0000000000000000;1,0000000000000000;1,0000000000000000;1,0000000000000000;1,0000000000000000;1,0000000000000000;1,0000000000000000;1,0000000000000000;1,00000000000000000
2023-02-15;alle;90;90,0;90;90;90;90;90;90;90;90,0;90,0;90,0;434;434,0;434,0;434;434;434;434;434;434;434,0;434,0;434,0;NA;NA;NA;NA;NA;NA;NA;NA;NA;NA;NA
2023-02-14;0-60;24;24,0;24;24;24;24;24;24;24;24,0;24,0;24,0;99;99,0;99,0;99;99;99;99;99;99;99,0;99,0;99,0;1,0000000000000000;1,000000000000000;1,0000000000000000;1,0000000000000000;1,0000000000000000;1,0000000000000000;1,0000000000000000;1,0000000000000000;1,0000000000000000;1,0000000000000000;1,00000000000000000
2023-02-14;60+;117;117,0;117;117;117;117;117;117;117;117,0;117,0;117,0;339;339,0;339,0;339;339;339;339;339;339;339,0;339,0;339,0;1,0000000000000000;1,000000000000000;1,0000000000000000;1,0000000000000000;1,0000000000000000;1,0000000000000000;1,0000000000000000;1,0000000000000000;1,0000000000000000;1,0000000000000000;1,00000000000000000
2023-02-14;alle;141;141,0;141;141;141;141;141;141;141;141,0;141,0;141,0;438;438,0;438,0;438;438;438;438;438;438;438,0;438,0;438,0;NA;NA;NA;NA;NA;NA;NA;NA;NA;NA;NA
2023-02-13;0-60;4;4,0;4;4;4;4;4;4;4;4,0;4,0;4,0;111;111,0;111,0;111;111;111;111;111;111;111,0;111,0;111,0;1,0000000000000000;1,000000000000000;1,0000000000000000;1,0000000000000000;1,0000000000000000;1,0000000000000000;1,0000000000000000;1,0000000000000000;1,0000000000000000;1,0000000000000000;1,00000000000000000
2023-02-13;60+;8;8,0;8;8;8;8;8;8;8;8,0;8,0;8,0;322;322,0;322,0;322;322;322;322;322;322;322,0;322,0;322,0;1,0000000000000000;1,000000000000000;1,0000000000000000;1,0000000000000000;1,0000000000000000;1,0000000000000000;1,0000000000000000;1,0000000000000000;1,0000000000000000;1,0000000000000000;1,00000000000000000
2023-02-13;alle;12;12,0;12;12;12;12;12;12;12;12,0;12,0;12,0;433;433,0;433,0;433;433;433;433;433;433;433,0;433,0;433,0;NA;NA;NA;NA;NA;NA;NA;NA;NA;NA;NA
2023-02-12;0-60;5;5,0;5;5;5;5;5;5;5;5,0;5,0;5,0;109;109,0;109,0;109;109;109;109;109;109;109,0;109,0;109,0;1,0000000000000000;1,000000000000000;1,0000000000000000;1,0000000000000000;1,0000000000000000;1,0000000000000000;1,0000000000000000;1,0000000000000000;1,0000000000000000;1,0000000000000000;1,00000000000000000
2023-02-12;60+;3;3,0;3;3;3;3;3;3;3;3,0;3,0;3,0;322;322,0;322,0;322;322;322;322;322;322;322,0;322,0;322,0;1,0000000000000000;1,000000000000000;1,0000000000000000;1,0000000000000000;1,0000000000000000;1,0000000000000000;1,0000000000000000;1,0000000000000000;1,0000000000000000;1,0000000000000000;1,00000000000000000
2023-02-12;alle;8;8,0;8;8;8;8;8;8;8;8,0;8,0;8,0;431;431,0;431,0;431;431;431;431;431;431;431,0;431,0;431,0;NA;NA;NA;NA;NA;NA;NA;NA;NA;NA;NA
2023-02-11;0-60;12;12,0;12;12;12;12;12;12;12;12,0;12,0;12,0;108;108,0;108,0;108;108;108;108;108;108;108,0;108,0;108,0;1,0000000000000000;1,000000000000000;1,0000000000000000;1,0000000000000000;1,0000000000000000;1,0000000000000000;1,0000000000000000;1,0000000000000000;1,0000000000000000;1,0000000000000000;1,00000000000000000
2023-02-11;60+;42;42,0;42;42;42;42;42;42;42;42,0;42,0;42,0;326;326,0;326,0;326;326;326;326;326;326;326,0;326,0;326,0;1,0000000000000000;1,000000000000000;1,0000000000000000;1,0000000000000000;1,0000000000000000;1,0000000000000000;1,0000000000000000;1,0000000000000000;1,0000000000000000;1,0000000000000000;1,00000000000000000
2023-02-11;alle;54;54,0;54;54;54;54;54;54;54;54,0;54,0;54,0;434;434,0;434,0;434;434;434;434;434;434;434,0;434,0;434,0;NA;NA;NA;NA;NA;NA;NA;NA;NA;NA;NA
2023-02-10;0-60;15;15,0;15;15;15;15;15;15;15;15,0;15,0;15,0;108;108,0;108,0;108;108;108;108;108;108;108,0;108,0;108,0;1,0000000000000000;1,000000000000000;1,0000000000000000;1,0000000000000000;1,0000000000000000;1,0000000000000000;1,0000000000000000;1,0000000000000000;1,0000000000000000;1,0000000000000000;1,00000000000000000
2023-02-10;60+;49;49,0;49;49;49;49;49;49;49;49,0;49,0;49,0;328;328,0;328,0;328;328;328;328;328;328;328,0;328,0;328,0;1,0000000000000000;1,000000000000000;1,0000000000000000;1,0000000000000000;1,0000000000000000;1,0000000000000000;1,0000000000000000;1,0000000000000000;1,0000000000000000;1,0000000000000000;1,00000000000000000
2023-02-10;alle;64;64,0;64;64;64;64;64;64;64;64,0;64,0;64,0;436;436,0;436,0;436;436;436;436;436;436;436,0;436,0;436,0;NA;NA;NA;NA;NA;NA;NA;NA;NA;NA;NA
2023-02-09;0-60;18;18,0;18;18;18;18;18;18;18;18,0;18,0;18,0;102;102,0;102,0;102;102;102;102;102;102;102,0;102,0;102,0;1,0000000000000000;1,000000000000000;1,0000000000000000;1,0000000000000000;1,0000000000000000;1,0000000000000000;1,0000000000000000;1,0000000000000000;1,0000000000000000;1,0000000000000000;1,00000000000000000
2023-02-09;60+;47;47,0;47;47;47;47;47;47;47;47,0;47,0;47,0;314;314,0;314,0;314;314;314;314;314;314;314,0;314,0;314,0;1,0000000000000000;1,000000000000000;1,0000000000000000;1,0000000000000000;1,0000000000000000;1,0000000000000000;1,0000000000000000;1,0000000000000000;1,0000000000000000;1,0000000000000000;1,00000000000000000
2023-02-09;alle;65;65,0;65;65;65;65;65;65;65;65,0;65,0;65,0;416;416,0;416,0;416;416;416;416;416;416;416,0;416,0;416,0;NA;NA;NA;NA;NA;NA;NA;NA;NA;NA;NA
2023-02-08;0-60;21;21,0;21;21;21;21;21;21;21;21,0;21,0;21,0;89;89,0;89,0;89;89;89;89;89;89;89,0;89,0;89,0;1,0000000000000000;1,000000000000000;1,0000000000000000;1,0000000000000000;1,0000000000000000;1,0000000000000000;1,0000000000000000;1,0000000000000000;1,0000000000000000;1,0000000000000000;1,00000000000000000
2023-02-08;60+;73;73,0;73;73;73;73;73;73;73;73,0;73,0;73,0;306;306,0;306,0;306;306;306;306;306;306;306,0;306,0;306,0;1,0000000000000000;1,000000000000000;1,0000000000000000;1,0000000000000000;1,0000000000000000;1,0000000000000000;1,0000000000000000;1,0000000000000000;1,0000000000000000;1,0000000000000000;1,00000000000000000
2023-02-08;alle;94;94,0;94;94;94;94;94;94;94;94,0;94,0;94,0;395;395,0;395,0;395;395;395;395;395;395;395,0;395,0;395,0;NA;NA;NA;NA;NA;NA;NA;NA;NA;NA;NA
2023-02-07;0-60;36;36,0;36;36;36;36;36;36;36;36,0;36,0;36,0;82;82,0;82,0;82;82;82;82;82;82;82,0;82,0;82,0;1,0000000000000000;1,000000000000000;1,0000000000000000;1,0000000000000000;1,0000000000000000;1,0000000000000000;1,0000000000000000;1,0000000000000000;1,0000000000000000;1,0000000000000000;1,00000000000000000
2023-02-07;60+;100;100,0;100;100;100;100;100;100;100;100,0;100,0;100,0;282;282,0;282,0;282;282;282;282;282;282;282,0;282,0;282,0;1,0000000000000000;1,000000000000000;1,0000000000000000;1,0000000000000000;1,0000000000000000;1,0000000000000000;1,0000000000000000;1,0000000000000000;1,0000000000000000;1,0000000000000000;1,00000000000000000
2023-02-07;alle;136;136,0;136;136;136;136;136;136;136;136,0;136,0;136,0;364;364,0;364,0;364;364;364;364;364;364;364,0;364,0;364,0;NA;NA;NA;NA;NA;NA;NA;NA;NA;NA;NA
2023-02-06;0-60;2;2,0;2;2;2;2;2;2;2;2,0;2,0;2,0;67;67,0;67,0;67;67;67;67;67;67;67,0;67,0;67,0;1,0000000000000000;1,000000000000000;1,0000000000000000;1,0000000000000000;1,0000000000000000;1,0000000000000000;1,0000000000000000;1,0000000000000000;1,0000000000000000;1,0000000000000000;1,00000000000000000
2023-02-06;60+;8;8,0;8;8;8;8;8;8;8;8,0;8,0;8,0;238;238,0;238,0;238;238;238;238;238;238;238,0;238,0;238,0;1,0000000000000000;1,000000000000000;1,0000000000000000;1,0000000000000000;1,0000000000000000;1,0000000000000000;1,0000000000000000;1,0000000000000000;1,0000000000000000;1,0000000000000000;1,00000000000000000
2023-02-06;alle;10;10,0;10;10;10;10;10;10;10;10,0;10,0;10,0;305;305,0;305,0;305;305;305;305;305;305;305,0;305,0;305,0;NA;NA;NA;NA;NA;NA;NA;NA;NA;NA;NA
2023-02-05;0-60;4;4,0;4;4;4;4;4;4;4;4,0;4,0;4,0;65;65,0;65,0;65;65;65;65;65;65;65,0;65,0;65,0;1,0000000000000000;1,000000000000000;1,0000000000000000;1,0000000000000000;1,0000000000000000;1,0000000000000000;1,0000000000000000;1,0000000000000000;1,0000000000000000;1,0000000000000000;1,00000000000000000
2023-02-05;60+;7;7,0;7;7;7;7;7;7;7;7,0;7,0;7,0;234;234,0;234,0;234;234;234;234;234;234;234,0;234,0;234,0;1,0000000000000000;1,000000000000000;1,0000000000000000;1,0000000000000000;1,0000000000000000;1,0000000000000000;1,0000000000000000;1,0000000000000000;1,0000000000000000;1,0000000000000000;1,00000000000000000
2023-02-05;alle;11;11,0;11;11;11;11;11;11;11;11,0;11,0;11,0;299;299,0;299,0;299;299;299;299;299;299;299,0;299,0;299,0;NA;NA;NA;NA;NA;NA;NA;NA;NA;NA;NA
2023-02-04;0-60;12;12,0;12;12;12;12;12;12;12;12,0;12,0;12,0;64;64,0;64,0;64;64;64;64;64;64;64,0;64,0;64,0;1,0000000000000000;1,000000000000000;1,0000000000000000;1,0000000000000000;1,0000000000000000;1,0000000000000000;1,0000000000000000;1,0000000000000000;1,0000000000000000;1,0000000000000000;1,00000000000000000
2023-02-04;60+;44;44,0;44;44;44;44;44;44;44;44,0;44,0;44,0;232;232,0;232,0;232;232;232;232;232;232;232,0;232,0;232,0;1,0000000000000000;1,000000000000000;1,0000000000000000;1,0000000000000000;1,0000000000000000;1,0000000000000000;1,0000000000000000;1,0000000000000000;1,0000000000000000;1,0000000000000000;1,00000000000000000
2023-02-04;alle;56;56,0;56;56;56;56;56;56;56;56,0;56,0;56,0;296;296,0;296,0;296;296;296;296;296;296;296,0;296,0;296,0;NA;NA;NA;NA;NA;NA;NA;NA;NA;NA;NA
2023-02-03;0-60;9;9,0;9;9;9;9;9;9;9;9,0;9,0;9,0;62;62,0;62,0;62;62;62;62;62;62;62,0;62,0;62,0;1,0000000000000000;1,000000000000000;1,0000000000000000;1,0000000000000000;1,0000000000000000;1,0000000000000000;1,0000000000000000;1,0000000000000000;1,0000000000000000;1,0000000000000000;1,00000000000000000
2023-02-03;60+;35;35,0;35;35;35;35;35;35;35;35,0;35,0;35,0;218;218,0;218,0;218;218;218;218;218;218;218,0;218,0;218,0;1,0000000000000000;1,000000000000000;1,0000000000000000;1,0000000000000000;1,0000000000000000;1,0000000000000000;1,0000000000000000;1,0000000000000000;1,0000000000000000;1,0000000000000000;1,00000000000000000
2023-02-03;alle;44;44,0;44;44;44;44;44;44;44;44,0;44,0;44,0;280;280,0;280,0;280;280;280;280;280;280;280,0;280,0;280,0;NA;NA;NA;NA;NA;NA;NA;NA;NA;NA;NA
2023-02-02;0-60;5;5,0;5;5;5;5;5;5;5;5,0;5,0;5,0;61;61,0;61,0;61;61;61;61;61;61;61,0;61,0;61,0;1,0000000000000000;1,000000000000000;1,0000000000000000;1,0000000000000000;1,0000000000000000;1,0000000000000000;1,0000000000000000;1,0000000000000000;1,0000000000000000;1,0000000000000000;1,00000000000000000
2023-02-02;60+;39;39,0;39;39;39;39;39;39;39;39,0;39,0;39,0;212;212,0;212,0;212;212;212;212;212;212;212,0;212,0;212,0;1,0000000000000000;1,000000000000000;1,0000000000000000;1,0000000000000000;1,0000000000000000;1,0000000000000000;1,0000000000000000;1,0000000000000000;1,0000000000000000;1,0000000000000000;1,00000000000000000
2023-02-02;alle;44;44,0;44;44;44;44;44;44;44;44,0;44,0;44,0;273;273,0;273,0;273;273;273;273;273;273;273,0;273,0;273,0;NA;NA;NA;NA;NA;NA;NA;NA;NA;NA;NA
2023-02-01;0-60;14;14,0;14;14;14;14;14;14;14;14,0;14,0;14,0;67;67,0;67,0;67;67;67;67;67;67;67,0;67,0;67,0;1,0000000000000000;1,000000000000000;1,0000000000000000;1,0000000000000000;1,0000000000000000;1,0000000000000000;1,0000000000000000;1,0000000000000000;1,0000000000000000;1,0000000000000000;1,00000000000000000
2023-02-01;60+;49;49,0;49;49;49;49;49;49;49;49,0;49,0;49,0;213;213,0;213,0;213;213;213;213;213;213;213,0;213,0;213,0;1,0000000000000000;1,000000000000000;1,0000000000000000;1,0000000000000000;1,0000000000000000;1,0000000000000000;1,0000000000000000;1,0000000000000000;1,0000000000000000;1,0000000000000000;1,00000000000000000
2023-02-01;alle;63;63,0;63;63;63;63;63;63;63;63,0;63,0;63,0;280;280,0;280,0;280;280;280;280;280;280;280,0;280,0;280,0;NA;NA;NA;NA;NA;NA;NA;NA;NA;NA;NA
2023-01-31;0-60;21;21,0;21;21;21;21;21;21;21;21,0;21,0;21,0;63;63,0;63,0;63;63;63;63;63;63;63,0;63,0;63,0;1,0000000000000000;1,000000000000000;1,0000000000000000;1,0000000000000000;1,0000000000000000;1,0000000000000000;1,0000000000000000;1,0000000000000000;1,0000000000000000;1,0000000000000000;1,00000000000000000
2023-01-31;60+;56;56,0;56;56;56;56;56;56;56;56,0;56,0;56,0;236;236,0;236,0;236;236;236;236;236;236;236,0;236,0;236,0;1,0000000000000000;1,000000000000000;1,0000000000000000;1,0000000000000000;1,0000000000000000;1,0000000000000000;1,0000000000000000;1,0000000000000000;1,0000000000000000;1,0000000000000000;1,00000000000000000
2023-01-31;alle;77;77,0;77;77;77;77;77;77;77;77,0;77,0;77,0;299;299,0;299,0;299;299;299;299;299;299;299,0;299,0;299,0;NA;NA;NA;NA;NA;NA;NA;NA;NA;NA;NA
2023-01-30;0-60;0;0,0;0;0;0;0;0;0;0;0,0;0,0;0,0;64;64,0;64,0;64;64;64;64;64;64;64,0;64,0;64,0;1,0000000000000000;1,000000000000000;1,0000000000000000;1,0000000000000000;1,0000000000000000;1,0000000000000000;1,0000000000000000;1,0000000000000000;1,0000000000000000;1,0000000000000000;1,00000000000000000
2023-01-30;60+;4;4,0;4;4;4;4;4;4;4;4,0;4,0;4,0;245;245,0;245,0;245;245;245;245;245;245;245,0;245,0;245,0;1,0000000000000000;1,000000000000000;1,0000000000000000;1,0000000000000000;1,0000000000000000;1,0000000000000000;1,0000000000000000;1,0000000000000000;1,0000000000000000;1,0000000000000000;1,00000000000000000
2023-01-30;alle;4;4,0;4;4;4;4;4;4;4;4,0;4,0;4,0;309;309,0;309,0;309;309;309;309;309;309;309,0;309,0;309,0;NA;NA;NA;NA;NA;NA;NA;NA;NA;NA;NA
2023-01-29;0-60;3;3,0;3;3;3;3;3;3;3;3,0;3,0;3,0;66;66,0;66,0;66;66;66;66;66;66;66,0;66,0;66,0;1,0000000000000000;1,000000000000000;1,0000000000000000;1,0000000000000000;1,0000000000000000;1,0000000000000000;1,0000000000000000;1,0000000000000000;1,0000000000000000;1,0000000000000000;1,00000000000000000
2023-01-29;60+;5;5,0;5;5;5;5;5;5;5;5,0;5,0;5,0;254;254,0;254,0;254;254;254;254;254;254;254,0;254,0;254,0;1,0000000000000000;1,000000000000000;1,0000000000000000;1,0000000000000000;1,0000000000000000;1,0000000000000000;1,0000000000000000;1,0000000000000000;1,0000000000000000;1,0000000000000000;1,00000000000000000
2023-01-29;alle;8;8,0;8;8;8;8;8;8;8;8,0;8,0;8,0;320;320,0;320,0;320;320;320;320;320;320;320,0;320,0;320,0;NA;NA;NA;NA;NA;NA;NA;NA;NA;NA;NA
2023-01-28;0-60;10;10,0;10;10;10;10;10;10;10;10,0;10,0;10,0;65;65,0;65,0;65;65;65;65;65;65;65,0;65,0;65,0;1,0000000000000000;1,000000000000000;1,0000000000000000;1,0000000000000000;1,0000000000000000;1,0000000000000000;1,0000000000000000;1,0000000000000000;1,0000000000000000;1,0000000000000000;1,00000000000000000
2023-01-28;60+;30;30,0;30;30;30;30;30;30;30;30,0;30,0;30,0;263;263,0;263,0;263;263;263;263;263;263;263,0;263,0;263,0;1,0000000000000000;1,000000000000000;1,0000000000000000;1,0000000000000000;1,0000000000000000;1,0000000000000000;1,0000000000000000;1,0000000000000000;1,0000000000000000;1,0000000000000000;1,00000000000000000
2023-01-28;alle;40;40,0;40;40;40;40;40;40;40;40,0;40,0;40,0;328;328,0;328,0;328;328;328;328;328;328;328,0;328,0;328,0;NA;NA;NA;NA;NA;NA;NA;NA;NA;NA;NA
2023-01-27;0-60;8;8,0;8;8;8;8;8;8;8;8,0;8,0;8,0;60;60,0;60,0;60;60;60;60;60;60;60,0;60,0;60,0;1,0000000000000000;1,000000000000000;1,0000000000000000;1,0000000000000000;1,0000000000000000;1,0000000000000000;1,0000000000000000;1,0000000000000000;1,0000000000000000;1,0000000000000000;1,00000000000000000
2023-01-27;60+;29;29,0;29;29;29;29;29;29;29;29,0;29,0;29,0;255;255,0;255,0;255;255;255;255;255;255;255,0;255,0;255,0;1,0000000000000000;1,000000000000000;1,0000000000000000;1,0000000000000000;1,0000000000000000;1,0000000000000000;1,0000000000000000;1,0000000000000000;1,0000000000000000;1,0000000000000000;1,00000000000000000
2023-01-27;alle;37;37,0;37;37;37;37;37;37;37;37,0;37,0;37,0;315;315,0;315,0;315;315;315;315;315;315;315,0;315,0;315,0;NA;NA;NA;NA;NA;NA;NA;NA;NA;NA;NA
2023-01-26;0-60;11;11,0;11;11;11;11;11;11;11;11,0;11,0;11,0;61;61,0;61,0;61;61;61;61;61;61;61,0;61,0;61,0;1,0000000000000000;1,000000000000000;1,0000000000000000;1,0000000000000000;1,0000000000000000;1,0000000000000000;1,0000000000000000;1,0000000000000000;1,0000000000000000;1,0000000000000000;1,00000000000000000
2023-01-26;60+;40;40,0;40;40;40;40;40;40;40;40,0;40,0;40,0;256;256,0;256,0;256;256;256;256;256;256;256,0;256,0;256,0;1,0000000000000000;1,000000000000000;1,0000000000000000;1,0000000000000000;1,0000000000000000;1,0000000000000000;1,0000000000000000;1,0000000000000000;1,0000000000000000;1,0000000000000000;1,00000000000000000
2023-01-26;alle;51;51,0;51;51;51;51;51;51;51;51,0;51,0;51,0;317;317,0;317,0;317;317;317;317;317;317;317,0;317,0;317,0;NA;NA;NA;NA;NA;NA;NA;NA;NA;NA;NA
2023-01-25;0-60;10;10,0;10;10;10;10;10;10;10;10,0;10,0;10,0;61;61,0;61,0;61;61;61;61;61;61;61,0;61,0;61,0;1,0000000000000000;1,000000000000000;1,0000000000000000;1,0000000000000000;1,0000000000000000;1,0000000000000000;1,0000000000000000;1,0000000000000000;1,0000000000000000;1,0000000000000000;1,00000000000000000
2023-01-25;60+;72;72,0;72;72;72;72;72;72;72;72,0;72,0;72,0;254;254,0;254,0;254;254;254;254;254;254;254,0;254,0;254,0;1,0000000000000000;1,000000000000000;1,0000000000000000;1,0000000000000000;1,0000000000000000;1,0000000000000000;1,0000000000000000;1,0000000000000000;1,0000000000000000;1,0000000000000000;1,00000000000000000
2023-01-25;alle;82;82,0;82;82;82;82;82;82;82;82,0;82,0;82,0;315;315,0;315,0;315;315;315;315;315;315;315,0;315,0;315,0;NA;NA;NA;NA;NA;NA;NA;NA;NA;NA;NA
2023-01-24;0-60;22;22,0;22;22;22;22;22;22;22;22,0;22,0;22,0;65;65,0;65,0;65;65;65;65;65;65;65,0;65,0;65,0;1,0000000000000000;1,000000000000000;1,0000000000000000;1,0000000000000000;1,0000000000000000;1,0000000000000000;1,0000000000000000;1,0000000000000000;1,0000000000000000;1,0000000000000000;1,00000000000000000
2023-01-24;60+;65;65,0;65;65;65;65;65;65;65;65,0;65,0;65,0;216;216,0;216,0;216;216;216;216;216;216;216,0;216,0;216,0;1,0000000000000000;1,000000000000000;1,0000000000000000;1,0000000000000000;1,0000000000000000;1,0000000000000000;1,0000000000000000;1,0000000000000000;1,0000000000000000;1,0000000000000000;1,00000000000000000
2023-01-24;alle;87;87,0;87;87;87;87;87;87;87;87,0;87,0;87,0;281;281,0;281,0;281;281;281;281;281;281;281,0;281,0;281,0;NA;NA;NA;NA;NA;NA;NA;NA;NA;NA;NA
2023-01-23;0-60;2;2,0;2;2;2;2;2;2;2;2,0;2,0;2,0;69;69,0;69,0;69;69;69;69;69;69;69,0;69,0;69,0;1,0000000000000000;1,000000000000000;1,0000000000000000;1,0000000000000000;1,0000000000000000;1,0000000000000000;1,0000000000000000;1,0000000000000000;1,0000000000000000;1,0000000000000000;1,00000000000000000
2023-01-23;60+;13;13,0;13;13;13;13;13;13;13;13,0;13,0;13,0;225;225,0;225,0;225;225;225;225;225;225;225,0;225,0;225,0;1,0000000000000000;1,000000000000000;1,0000000000000000;1,0000000000000000;1,0000000000000000;1,0000000000000000;1,0000000000000000;1,0000000000000000;1,0000000000000000;1,0000000000000000;1,00000000000000000
2023-01-23;alle;15;15,0;15;15;15;15;15;15;15;15,0;15,0;15,0;294;294,0;294,0;294;294;294;294;294;294;294,0;294,0;294,0;NA;NA;NA;NA;NA;NA;NA;NA;NA;NA;NA
2023-01-22;0-60;2;2,0;2;2;2;2;2;2;2;2,0;2,0;2,0;69;69,0;69,0;69;69;69;69;69;69;69,0;69,0;69,0;1,0000000000000000;1,000000000000000;1,0000000000000000;1,0000000000000000;1,0000000000000000;1,0000000000000000;1,0000000000000000;1,0000000000000000;1,0000000000000000;1,0000000000000000;1,00000000000000000
2023-01-22;60+;14;14,0;14;14;14;14;14;14;14;14,0;14,0;14,0;218;218,0;218,0;218;218;218;218;218;218;218,0;218,0;218,0;1,0000000000000000;1,000000000000000;1,0000000000000000;1,0000000000000000;1,0000000000000000;1,0000000000000000;1,0000000000000000;1,0000000000000000;1,0000000000000000;1,0000000000000000;1,00000000000000000
2023-01-22;alle;16;16,0;16;16;16;16;16;16;16;16,0;16,0;16,0;287;287,0;287,0;287;287;287;287;287;287;287,0;287,0;287,0;NA;NA;NA;NA;NA;NA;NA;NA;NA;NA;NA
2023-01-21;0-60;5;5,0;5;5;5;5;5;5;5;5,0;5,0;5,0;67;67,0;67,0;67;67;67;67;67;67;67,0;67,0;67,0;1,0000000000000000;1,000000000000000;1,0000000000000000;1,0000000000000000;1,0000000000000000;1,0000000000000000;1,0000000000000000;1,0000000000000000;1,0000000000000000;1,0000000000000000;1,00000000000000000
2023-01-21;60+;22;22,0;22;22;22;22;22;22;22;22,0;22,0;22,0;210;210,0;210,0;210;210;210;210;210;210;210,0;210,0;210,0;1,0000000000000000;1,000000000000000;1,0000000000000000;1,0000000000000000;1,0000000000000000;1,0000000000000000;1,0000000000000000;1,0000000000000000;1,0000000000000000;1,0000000000000000;1,00000000000000000
2023-01-21;alle;27;27,0;27;27;27;27;27;27;27;27,0;27,0;27,0;277;277,0;277,0;277;277;277;277;277;277;277,0;277,0;277,0;NA;NA;NA;NA;NA;NA;NA;NA;NA;NA;NA
2023-01-20;0-60;9;9,0;9;9;9;9;9;9;9;9,0;9,0;9,0;70;70,0;70,0;70;70;70;70;70;70;70,0;70,0;70,0;1,0000000000000000;1,000000000000000;1,0000000000000000;1,0000000000000000;1,0000000000000000;1,0000000000000000;1,0000000000000000;1,0000000000000000;1,0000000000000000;1,0000000000000000;1,00000000000000000
2023-01-20;60+;30;30,0;30;30;30;30;30;30;30;30,0;30,0;30,0;220;220,0;220,0;220;220;220;220;220;220;220,0;220,0;220,0;1,0000000000000000;1,000000000000000;1,0000000000000000;1,0000000000000000;1,0000000000000000;1,0000000000000000;1,0000000000000000;1,0000000000000000;1,0000000000000000;1,0000000000000000;1,00000000000000000
2023-01-20;alle;39;39,0;39;39;39;39;39;39;39;39,0;39,0;39,0;290;290,0;290,0;290;290;290;290;290;290;290,0;290,0;290,0;NA;NA;NA;NA;NA;NA;NA;NA;NA;NA;NA
2023-01-19;0-60;11;11,0;11;11;11;11;11;11;11;11,0;11,0;11,0;70;70,0;70,0;70;70;70;70;70;70;70,0;70,0;70,0;1,0000000000000000;1,000000000000000;1,0000000000000000;1,0000000000000000;1,0000000000000000;1,0000000000000000;1,0000000000000000;1,0000000000000000;1,0000000000000000;1,0000000000000000;1,00000000000000000
2023-01-19;60+;38;38,0;38;38;38;38;38;38;38;38,0;38,0;38,0;225;225,0;225,0;225;225;225;225;225;225;225,0;225,0;225,0;1,0000000000000000;1,000000000000000;1,0000000000000000;1,0000000000000000;1,0000000000000000;1,0000000000000000;1,0000000000000000;1,0000000000000000;1,0000000000000000;1,0000000000000000;1,00000000000000000
2023-01-19;alle;49;49,0;49;49;49;49;49;49;49;49,0;49,0;49,0;295;295,0;295,0;295;295;295;295;295;295;295,0;295,0;295,0;NA;NA;NA;NA;NA;NA;NA;NA;NA;NA;NA
2023-01-18;0-60;14;14,0;14;14;14;14;14;14;14;14,0;14,0;14,0;69;69,0;69,0;69;69;69;69;69;69;69,0;69,0;69,0;1,0000000000000000;1,000000000000000;1,0000000000000000;1,0000000000000000;1,0000000000000000;1,0000000000000000;1,0000000000000000;1,0000000000000000;1,0000000000000000;1,0000000000000000;1,00000000000000000
2023-01-18;60+;34;34,0;34;34;34;34;34;34;34;34,0;34,0;34,0;228;228,0;228,0;228;228;228;228;228;228;228,0;228,0;228,0;1,0000000000000000;1,000000000000000;1,0000000000000000;1,0000000000000000;1,0000000000000000;1,0000000000000000;1,0000000000000000;1,0000000000000000;1,0000000000000000;1,0000000000000000;1,00000000000000000
2023-01-18;alle;48;48,0;48;48;48;48;48;48;48;48,0;48,0;48,0;297;297,0;297,0;297;297;297;297;297;297;297,0;297,0;297,0;NA;NA;NA;NA;NA;NA;NA;NA;NA;NA;NA
2023-01-17;0-60;26;26,0;26;26;26;26;26;26;26;26,0;26,0;26,0;66;66,0;66,0;66;66;66;66;66;66;66,0;66,0;66,0;1,0000000000000000;1,000000000000000;1,0000000000000000;1,0000000000000000;1,0000000000000000;1,0000000000000000;1,0000000000000000;1,0000000000000000;1,0000000000000000;1,0000000000000000;1,00000000000000000
2023-01-17;60+;74;74,0;74;74;74;74;74;74;74;74,0;74,0;74,0;246;246,0;246,0;246;246;246;246;246;246;246,0;246,0;246,0;1,0000000000000000;1,000000000000000;1,0000000000000000;1,0000000000000000;1,0000000000000000;1,0000000000000000;1,0000000000000000;1,0000000000000000;1,0000000000000000;1,0000000000000000;1,00000000000000000
2023-01-17;alle;100;100,0;100;100;100;100;100;100;100;100,0;100,0;100,0;312;312,0;312,0;312;312;312;312;312;312;312,0;312,0;312,0;NA;NA;NA;NA;NA;NA;NA;NA;NA;NA;NA
2023-01-16;0-60;2;2,0;2;2;2;2;2;2;2;2,0;2,0;2,0;56;56,0;56,0;56;56;56;56;56;56;56,0;56,0;56,0;1,0000000000000000;1,000000000000000;1,0000000000000000;1,0000000000000000;1,0000000000000000;1,0000000000000000;1,0000000000000000;1,0000000000000000;1,0000000000000000;1,0000000000000000;1,00000000000000000
2023-01-16;60+;6;6,0;6;6;6;6;6;6;6;6,0;6,0;6,0;269;269,0;269,0;269;269;269;269;269;269;269,0;269,0;269,0;1,0000000000000000;1,000000000000000;1,0000000000000000;1,0000000000000000;1,0000000000000000;1,0000000000000000;1,0000000000000000;1,0000000000000000;1,0000000000000000;1,0000000000000000;1,00000000000000000
2023-01-16;alle;8;8,0;8;8;8;8;8;8;8;8,0;8,0;8,0;325;325,0;325,0;325;325;325;325;325;325;325,0;325,0;325,0;NA;NA;NA;NA;NA;NA;NA;NA;NA;NA;NA
2023-01-15;0-60;0;0,0;0;0;0;0;0;0;0;0,0;0,0;0,0;57;57,0;57,0;57;57;57;57;57;57;57,0;57,0;57,0;1,0000000000000000;1,000000000000000;1,0000000000000000;1,0000000000000000;1,0000000000000000;1,0000000000000000;1,0000000000000000;1,0000000000000000;1,0000000000000000;1,0000000000000000;1,00000000000000000
2023-01-15;60+;6;6,0;6;6;6;6;6;6;6;6,0;6,0;6,0;266;266,0;266,0;266;266;266;266;266;266;266,0;266,0;266,0;1,0000000000000000;1,000000000000000;1,0000000000000000;1,0000000000000000;1,0000000000000000;1,0000000000000000;1,0000000000000000;1,0000000000000000;1,0000000000000000;1,0000000000000000;1,00000000000000000
2023-01-15;alle;6;6,0;6;6;6;6;6;6;6;6,0;6,0;6,0;323;323,0;323,0;323;323;323;323;323;323;323,0;323,0;323,0;NA;NA;NA;NA;NA;NA;NA;NA;NA;NA;NA
2023-01-14;0-60;8;8,0;8;8;8;8;8;8;8;8,0;8,0;8,0;60;60,0;60,0;60;60;60;60;60;60;60,0;60,0;60,0;1,0000000000000000;1,000000000000000;1,0000000000000000;1,0000000000000000;1,0000000000000000;1,0000000000000000;1,0000000000000000;1,0000000000000000;1,0000000000000000;1,0000000000000000;1,00000000000000000
2023-01-14;60+;32;32,0;32;32;32;32;32;32;32;32,0;32,0;32,0;268;268,0;268,0;268;268;268;268;268;268;268,0;268,0;268,0;1,0000000000000000;1,000000000000000;1,0000000000000000;1,0000000000000000;1,0000000000000000;1,0000000000000000;1,0000000000000000;1,0000000000000000;1,0000000000000000;1,0000000000000000;1,00000000000000000
2023-01-14;alle;40;40,0;40;40;40;40;40;40;40;40,0;40,0;40,0;328;328,0;328,0;328;328;328;328;328;328;328,0;328,0;328,0;NA;NA;NA;NA;NA;NA;NA;NA;NA;NA;NA
2023-01-13;0-60;9;9,0;9;9;9;9;9;9;9;9,0;9,0;9,0;59;59,0;59,0;59;59;59;59;59;59;59,0;59,0;59,0;1,0000000000000000;1,000000000000000;1,0000000000000000;1,0000000000000000;1,0000000000000000;1,0000000000000000;1,0000000000000000;1,0000000000000000;1,0000000000000000;1,0000000000000000;1,00000000000000000
2023-01-13;60+;35;35,0;35;35;35;35;35;35;35;35,0;35,0;35,0;282;282,0;282,0;282;282;282;282;282;282;282,0;282,0;282,0;1,0000000000000000;1,000000000000000;1,0000000000000000;1,0000000000000000;1,0000000000000000;1,0000000000000000;1,0000000000000000;1,0000000000000000;1,0000000000000000;1,0000000000000000;1,00000000000000000
2023-01-13;alle;44;44,0;44;44;44;44;44;44;44;44,0;44,0;44,0;341;341,0;341,0;341;341;341;341;341;341;341,0;341,0;341,0;NA;NA;NA;NA;NA;NA;NA;NA;NA;NA;NA
2023-01-12;0-60;10;10,0;10;10;10;10;10;10;10;10,0;10,0;10,0;68;68,0;68,0;68;68;68;68;68;68;68,0;68,0;68,0;1,0000000000000000;1,000000000000000;1,0000000000000000;1,0000000000000000;1,0000000000000000;1,0000000000000000;1,0000000000000000;1,0000000000000000;1,0000000000000000;1,0000000000000000;1,00000000000000000
2023-01-12;60+;41;41,0;41;41;41;41;41;41;41;41,0;41,0;41,0;342;342,0;342,0;342;342;342;342;342;342;342,0;342,0;342,0;1,0000000000000000;1,000000000000000;1,0000000000000000;1,0000000000000000;1,0000000000000000;1,0000000000000000;1,0000000000000000;1,0000000000000000;1,0000000000000000;1,0000000000000000;1,00000000000000000
2023-01-12;alle;51;51,0;51;51;51;51;51;51;51;51,0;51,0;51,0;410;410,0;410,0;410;410;410;410;410;410;410,0;410,0;410,0;NA;NA;NA;NA;NA;NA;NA;NA;NA;NA;NA
2023-01-11;0-60;11;11,0;11;11;11;11;11;11;11;11,0;11,0;11,0;89;89,0;89,0;89;89;89;89;89;89;89,0;89,0;89,0;1,0000000000000000;1,000000000000000;1,0000000000000000;1,0000000000000000;1,0000000000000000;1,0000000000000000;1,0000000000000000;1,0000000000000000;1,0000000000000000;1,0000000000000000;1,00000000000000000
2023-01-11;60+;52;52,0;52;52;52;52;52;52;52;52,0;52,0;52,0;384;384,0;384,0;384;384;384;384;384;384;384,0;384,0;384,0;1,0000000000000000;1,000000000000000;1,0000000000000000;1,0000000000000000;1,0000000000000000;1,0000000000000000;1,0000000000000000;1,0000000000000000;1,0000000000000000;1,0000000000000000;1,00000000000000000
2023-01-11;alle;63;63,0;63;63;63;63;63;63;63;63,0;63,0;63,0;473;473,0;473,0;473;473;473;473;473;473;473,0;473,0;473,0;NA;NA;NA;NA;NA;NA;NA;NA;NA;NA;NA
2023-01-10;0-60;16;16,0;16;16;16;16;16;16;16;16,0;16,0;16,0;108;108,0;108,0;108;108;108;108;108;108;108,0;108,0;108,0;1,0000000000000000;1,000000000000000;1,0000000000000000;1,0000000000000000;1,0000000000000000;1,0000000000000000;1,0000000000000000;1,0000000000000000;1,0000000000000000;1,0000000000000000;1,00000000000000000
2023-01-10;60+;97;97,0;97;97;97;97;97;97;97;97,0;97,0;97,0;445;445,0;445,0;445;445;445;445;445;445;445,0;445,0;445,0;1,0000000000000000;1,000000000000000;1,0000000000000000;1,0000000000000000;1,0000000000000000;1,0000000000000000;1,0000000000000000;1,0000000000000000;1,0000000000000000;1,0000000000000000;1,00000000000000000
2023-01-10;alle;113;113,0;113;113;113;113;113;113;113;113,0;113,0;113,0;553;553,0;553,0;553;553;553;553;553;553;553,0;553,0;553,0;NA;NA;NA;NA;NA;NA;NA;NA;NA;NA;NA
2023-01-09;0-60;3;3,0;3;3;3;3;3;3;3;3,0;3,0;3,0;139;139,0;139,0;139;139;139;139;139;139;139,0;139,0;139,0;1,0000000000000000;1,000000000000000;1,0000000000000000;1,0000000000000000;1,0000000000000000;1,0000000000000000;1,0000000000000000;1,0000000000000000;1,0000000000000000;1,0000000000000000;1,00000000000000000
2023-01-09;60+;3;3,0;3;3;3;3;3;3;3;3,0;3,0;3,0;507;507,0;507,0;507;507;507;507;507;507;507,0;507,0;507,0;1,0000000000000000;1,000000000000000;1,0000000000000000;1,0000000000000000;1,0000000000000000;1,0000000000000000;1,0000000000000000;1,0000000000000000;1,0000000000000000;1,0000000000000000;1,00000000000000000
2023-01-09;alle;6;6,0;6;6;6;6;6;6;6;6,0;6,0;6,0;646;646,0;646,0;646;646;646;646;646;646;646,0;646,0;646,0;NA;NA;NA;NA;NA;NA;NA;NA;NA;NA;NA
2023-01-08;0-60;3;3,0;3;3;3;3;3;3;3;3,0;3,0;3,0;140;140,0;140,0;140;140;140;140;140;140;140,0;140,0;140,0;1,0000000000000000;1,000000000000000;1,0000000000000000;1,0000000000000000;1,0000000000000000;1,0000000000000000;1,0000000000000000;1,0000000000000000;1,0000000000000000;1,0000000000000000;1,00000000000000000
2023-01-08;60+;8;8,0;8;8;8;8;8;8;8;8,0;8,0;8,0;520;520,0;520,0;520;520;520;520;520;520;520,0;520,0;520,0;1,0000000000000000;1,000000000000000;1,0000000000000000;1,0000000000000000;1,0000000000000000;1,0000000000000000;1,0000000000000000;1,0000000000000000;1,0000000000000000;1,0000000000000000;1,00000000000000000
2023-01-08;alle;11;11,0;11;11;11;11;11;11;11;11,0;11,0;11,0;660;660,0;660,0;660;660;660;660;660;660;660,0;660,0;660,0;NA;NA;NA;NA;NA;NA;NA;NA;NA;NA;NA
2023-01-07;0-60;7;7,0;7;7;7;7;7;7;7;7,0;7,0;7,0;141;141,0;141,0;141;141;141;141;141;141;141,0;141,0;141,0;1,0000000000000000;1,000000000000000;1,0000000000000000;1,0000000000000000;1,0000000000000000;1,0000000000000000;1,0000000000000000;1,0000000000000000;1,0000000000000000;1,0000000000000000;1,00000000000000000
2023-01-07;60+;46;46,0;46;46;46;46;46;46;46;46,0;46,0;46,0;520;520,0;520,0;520;520;520;520;520;520;520,0;520,0;520,0;1,0000000000000000;1,000000000000000;1,0000000000000000;1,0000000000000000;1,0000000000000000;1,0000000000000000;1,0000000000000000;1,0000000000000000;1,0000000000000000;1,0000000000000000;1,00000000000000000
2023-01-07;alle;53;53,0;53;53;53;53;53;53;53;53,0;53,0;53,0;661;661,0;661,0;661;661;661;661;661;661;661,0;661,0;661,0;NA;NA;NA;NA;NA;NA;NA;NA;NA;NA;NA
2023-01-06;0-60;18;18,0;18;18;18;18;18;18;18;18,0;18,0;18,0;141;141,0;141,0;141;141;141;141;141;141;141,0;141,0;141,0;1,0000000000000000;1,000000000000000;1,0000000000000000;1,0000000000000000;1,0000000000000000;1,0000000000000000;1,0000000000000000;1,0000000000000000;1,0000000000000000;1,0000000000000000;1,00000000000000000
2023-01-06;60+;95;95,0;95;95;95;95;95;95;95;95,0;95,0;95,0;509;509,0;509,0;509;509;509;509;509;509;509,0;509,0;509,0;1,0000000000000000;1,000000000000000;1,0000000000000000;1,0000000000000000;1,0000000000000000;1,0000000000000000;1,0000000000000000;1,0000000000000000;1,0000000000000000;1,0000000000000000;1,00000000000000000
2023-01-06;alle;113;113,0;113;113;113;113;113;113;113;113,0;113,0;113,0;650;650,0;650,0;650;650;650;650;650;650;650,0;650,0;650,0;NA;NA;NA;NA;NA;NA;NA;NA;NA;NA;NA
2023-01-05;0-60;31;31,0;31;31;31;31;31;31;31;31,0;31,0;31,0;138;138,0;138,0;138;138;138;138;138;138;138,0;138,0;138,0;1,0000000000000000;1,000000000000000;1,0000000000000000;1,0000000000000000;1,0000000000000000;1,0000000000000000;1,0000000000000000;1,0000000000000000;1,0000000000000000;1,0000000000000000;1,00000000000000000
2023-01-05;60+;83;83,0;83;83;83;83;83;83;83;83,0;83,0;83,0;459;459,0;459,0;459;459;459;459;459;459;459,0;459,0;459,0;1,0000000000000000;1,000000000000000;1,0000000000000000;1,0000000000000000;1,0000000000000000;1,0000000000000000;1,0000000000000000;1,0000000000000000;1,0000000000000000;1,0000000000000000;1,00000000000000000
2023-01-05;alle;114;114,0;114;114;114;114;114;114;114;114,0;114,0;114,0;597;597,0;597,0;597;597;597;597;597;597;597,0;597,0;597,0;NA;NA;NA;NA;NA;NA;NA;NA;NA;NA;NA
2023-01-04;0-60;30;30,0;30;30;30;30;30;30;30;30,0;30,0;30,0;124;124,0;124,0;124;124;124;124;124;124;124,0;124,0;124,0;1,0000000000000000;1,000000000000000;1,0000000000000000;1,0000000000000000;1,0000000000000000;1,0000000000000000;1,0000000000000000;1,0000000000000000;1,0000000000000000;1,0000000000000000;1,00000000000000000
2023-01-04;60+;113;113,0;113;113;113;113;113;113;113;113,0;113,0;113,0;438;438,0;438,0;438;438;438;438;438;438;438,0;438,0;438,0;1,0000000000000000;1,000000000000000;1,0000000000000000;1,0000000000000000;1,0000000000000000;1,0000000000000000;1,0000000000000000;1,0000000000000000;1,0000000000000000;1,0000000000000000;1,00000000000000000
2023-01-04;alle;143;143,0;143;143;143;143;143;143;143;143,0;143,0;143,0;562;562,0;562,0;562;562;562;562;562;562;562,0;562,0;562,0;NA;NA;NA;NA;NA;NA;NA;NA;NA;NA;NA
2023-01-03;0-60;47;47,0;47;47;47;47;47;47;47;47,0;47,0;47,0;111;111,0;111,0;111;111;111;111;111;111;111,0;111,0;111,0;1,0000000000000000;1,000000000000000;1,0000000000000000;1,0000000000000000;1,0000000000000000;1,0000000000000000;1,0000000000000000;1,0000000000000000;1,0000000000000000;1,0000000000000000;1,00000000000000000
2023-01-03;60+;159;159,0;159;159;159;159;159;159;159;159,0;159,0;159,0;417;417,0;417,0;417;417;417;417;417;417;417,0;417,0;417,0;1,0000000000000000;1,000000000000000;1,0000000000000000;1,0000000000000000;1,0000000000000000;1,0000000000000000;1,0000000000000000;1,0000000000000000;1,0000000000000000;1,0000000000000000;1,00000000000000000
2023-01-03;alle;206;206,0;206;206;206;206;206;206;206;206,0;206,0;206,0;528;528,0;528,0;528;528;528;528;528;528;528,0;528,0;528,0;NA;NA;NA;NA;NA;NA;NA;NA;NA;NA;NA
2023-01-02;0-60;4;4,0;4;4;4;4;4;4;4;4,0;4,0;4,0;66;66,0;66,0;66;66;66;66;66;66;66,0;66,0;66,0;1,0000000000000000;1,000000000000000;1,0000000000000000;1,0000000000000000;1,0000000000000000;1,0000000000000000;1,0000000000000000;1,0000000000000000;1,0000000000000000;1,0000000000000000;1,00000000000000000
2023-01-02;60+;16;16,0;16;16;16;16;16;16;16;16,0;16,0;16,0;265;265,0;265,0;265;265;265;265;265;265;265,0;265,0;265,0;1,0000000000000000;1,000000000000000;1,0000000000000000;1,0000000000000000;1,0000000000000000;1,0000000000000000;1,0000000000000000;1,0000000000000000;1,0000000000000000;1,0000000000000000;1,00000000000000000
2023-01-02;alle;20;20,0;20;20;20;20;20;20;20;20,0;20,0;20,0;331;331,0;331,0;331;331;331;331;331;331;331,0;331,0;331,0;NA;NA;NA;NA;NA;NA;NA;NA;NA;NA;NA
2023-01-01;0-60;4;4,0;4;4;4;4;4;4;4;4,0;4,0;4,0;63;63,0;63,0;63;63;63;63;63;63;63,0;63,0;63,0;1,0000000000000000;1,000000000000000;1,0000000000000000;1,0000000000000000;1,0000000000000000;1,0000000000000000;1,0000000000000000;1,0000000000000000;1,0000000000000000;1,0000000000000000;1,00000000000000000
2023-01-01;60+;8;8,0;8;8;8;8;8;8;8;8,0;8,0;8,0;266;266,0;266,0;266;266;266;266;266;266;266,0;266,0;266,0;1,0000000000000000;1,000000000000000;1,0000000000000000;1,0000000000000000;1,0000000000000000;1,0000000000000000;1,0000000000000000;1,0000000000000000;1,0000000000000000;1,0000000000000000;1,00000000000000000
2023-01-01;alle;12;12,0;12;12;12;12;12;12;12;12,0;12,0;12,0;329;329,0;329,0;329;329;329;329;329;329;329,0;329,0;329,0;NA;NA;NA;NA;NA;NA;NA;NA;NA;NA;NA
2022-12-31;0-60;7;7,0;7;7;7;7;7;7;7;7,0;7,0;7,0;61;61,0;61,0;61;61;61;61;61;61;61,0;61,0;61,0;1,0000000000000000;1,000000000000000;1,0000000000000000;1,0000000000000000;1,0000000000000000;1,0000000000000000;1,0000000000000000;1,0000000000000000;1,0000000000000000;1,0000000000000000;1,00000000000000000
2022-12-31;60+;35;35,0;35;35;35;35;35;35;35;35,0;35,0;35,0;271;271,0;271,0;271;271;271;271;271;271;271,0;271,0;271,0;1,0000000000000000;1,000000000000000;1,0000000000000000;1,0000000000000000;1,0000000000000000;1,0000000000000000;1,0000000000000000;1,0000000000000000;1,0000000000000000;1,0000000000000000;1,00000000000000000
2022-12-31;alle;42;42,0;42;42;42;42;42;42;42;42,0;42,0;42,0;332;332,0;332,0;332;332;332;332;332;332;332,0;332,0;332,0;NA;NA;NA;NA;NA;NA;NA;NA;NA;NA;NA
2022-12-30;0-60;15;15,0;15;15;15;15;15;15;15;15,0;15,0;15,0;74;74,0;74,0;74;74;74;74;74;74;74,0;74,0;74,0;1,0000000000000000;1,000000000000000;1,0000000000000000;1,0000000000000000;1,0000000000000000;1,0000000000000000;1,0000000000000000;1,0000000000000000;1,0000000000000000;1,0000000000000000;1,00000000000000000
2022-12-30;60+;45;45,0;45;45;45;45;45;45;45;45,0;45,0;45,0;306;306,0;306,0;306;306;306;306;306;306;306,0;306,0;306,0;1,0000000000000000;1,000000000000000;1,0000000000000000;1,0000000000000000;1,0000000000000000;1,0000000000000000;1,0000000000000000;1,0000000000000000;1,0000000000000000;1,0000000000000000;1,00000000000000000
2022-12-30;alle;60;60,0;60;60;60;60;60;60;60;60,0;60,0;60,0;380;380,0;380,0;380;380;380;380;380;380;380,0;380,0;380,0;NA;NA;NA;NA;NA;NA;NA;NA;NA;NA;NA
2022-12-29;0-60;17;17,0;17;17;17;17;17;17;17;17,0;17,0;17,0;84;84,0;84,0;84;84;84;84;84;84;84,0;84,0;84,0;1,0000000000000000;1,000000000000000;1,0000000000000000;1,0000000000000000;1,0000000000000000;1,0000000000000000;1,0000000000000000;1,0000000000000000;1,0000000000000000;1,0000000000000000;1,00000000000000000
2022-12-29;60+;62;62,0;62;62;62;62;62;62;62;62,0;62,0;62,0;352;352,0;352,0;352;352;352;352;352;352;352,0;352,0;352,0;1,0000000000000000;1,000000000000000;1,0000000000000000;1,0000000000000000;1,0000000000000000;1,0000000000000000;1,0000000000000000;1,0000000000000000;1,0000000000000000;1,0000000000000000;1,00000000000000000
2022-12-29;alle;79;79,0;79;79;79;79;79;79;79;79,0;79,0;79,0;436;436,0;436,0;436;436;436;436;436;436;436,0;436,0;436,0;NA;NA;NA;NA;NA;NA;NA;NA;NA;NA;NA
2022-12-28;0-60;17;17,0;17;17;17;17;17;17;17;17,0;17,0;17,0;93;93,0;93,0;93;93;93;93;93;93;93,0;93,0;93,0;1,0000000000000000;1,000000000000000;1,0000000000000000;1,0000000000000000;1,0000000000000000;1,0000000000000000;1,0000000000000000;1,0000000000000000;1,0000000000000000;1,0000000000000000;1,00000000000000000
2022-12-28;60+;92;92,0;92;92;92;92;92;92;92;92,0;92,0;92,0;383;383,0;383,0;383;383;383;383;383;383;383,0;383,0;383,0;1,0000000000000000;1,000000000000000;1,0000000000000000;1,0000000000000000;1,0000000000000000;1,0000000000000000;1,0000000000000000;1,0000000000000000;1,0000000000000000;1,0000000000000000;1,00000000000000000
2022-12-28;alle;109;109,0;109;109;109;109;109;109;109;109,0;109,0;109,0;476;476,0;476,0;476;476;476;476;476;476;476,0;476,0;476,0;NA;NA;NA;NA;NA;NA;NA;NA;NA;NA;NA
2022-12-27;0-60;2;2,0;2;2;2;2;2;2;2;2,0;2,0;2,0;103;103,0;103,0;103;103;103;103;103;103;103,0;103,0;103,0;1,0000000000000000;1,000000000000000;1,0000000000000000;1,0000000000000000;1,0000000000000000;1,0000000000000000;1,0000000000000000;1,0000000000000000;1,0000000000000000;1,0000000000000000;1,00000000000000000
2022-12-27;60+;7;7,0;7;7;7;7;7;7;7;7,0;7,0;7,0;395;395,0;395,0;395;395;395;395;395;395;395,0;395,0;395,0;1,0000000000000000;1,000000000000000;1,0000000000000000;1,0000000000000000;1,0000000000000000;1,0000000000000000;1,0000000000000000;1,0000000000000000;1,0000000000000000;1,0000000000000000;1,00000000000000000
2022-12-27;alle;9;9,0;9;9;9;9;9;9;9;9,0;9,0;9,0;498;498,0;498,0;498;498;498;498;498;498;498,0;498,0;498,0;NA;NA;NA;NA;NA;NA;NA;NA;NA;NA;NA
2022-12-26;0-60;1;1,0;1;1;1;1;1;1;1;1,0;1,0;1,0;121;121,0;121,0;121;121;121;121;121;121;121,0;121,0;121,0;1,0000000000000000;1,000000000000000;1,0000000000000000;1,0000000000000000;1,0000000000000000;1,0000000000000000;1,0000000000000000;1,0000000000000000;1,0000000000000000;1,0000000000000000;1,00000000000000000
2022-12-26;60+;17;17,0;17;17;17;17;17;17;17;17,0;17,0;17,0;487;487,0;487,0;487;487;487;487;487;487;487,0;487,0;487,0;1,0000000000000000;1,000000000000000;1,0000000000000000;1,0000000000000000;1,0000000000000000;1,0000000000000000;1,0000000000000000;1,0000000000000000;1,0000000000000000;1,0000000000000000;1,00000000000000000
2022-12-26;alle;18;18,0;18;18;18;18;18;18;18;18,0;18,0;18,0;608;608,0;608,0;608;608;608;608;608;608;608,0;608,0;608,0;NA;NA;NA;NA;NA;NA;NA;NA;NA;NA;NA
2022-12-25;0-60;2;2,0;2;2;2;2;2;2;2;2,0;2,0;2,0;123;123,0;123,0;123;123;123;123;123;123;123,0;123,0;123,0;1,0000000000000000;1,000000000000000;1,0000000000000000;1,0000000000000000;1,0000000000000000;1,0000000000000000;1,0000000000000000;1,0000000000000000;1,0000000000000000;1,0000000000000000;1,00000000000000000
2022-12-25;60+;13;13,0;13;13;13;13;13;13;13;13,0;13,0;13,0;478;478,0;478,0;478;478;478;478;478;478;478,0;478,0;478,0;1,0000000000000000;1,000000000000000;1,0000000000000000;1,0000000000000000;1,0000000000000000;1,0000000000000000;1,0000000000000000;1,0000000000000000;1,0000000000000000;1,0000000000000000;1,00000000000000000
2022-12-25;alle;15;15,0;15;15;15;15;15;15;15;15,0;15,0;15,0;601;601,0;601,0;601;601;601;601;601;601;601,0;601,0;601,0;NA;NA;NA;NA;NA;NA;NA;NA;NA;NA;NA
2022-12-24;0-60;20;20,0;20;20;20;20;20;20;20;20,0;20,0;20,0;123;123,0;123,0;123;123;123;123;123;123;123,0;123,0;123,0;1,0000000000000000;1,000000000000000;1,0000000000000000;1,0000000000000000;1,0000000000000000;1,0000000000000000;1,0000000000000000;1,0000000000000000;1,0000000000000000;1,0000000000000000;1,00000000000000000
2022-12-24;60+;70;70,0;70;70;70;70;70;70;70;70,0;70,0;70,0;477;477,0;477,0;477;477;477;477;477;477;477,0;477,0;477,0;1,0000000000000000;1,000000000000000;1,0000000000000000;1,0000000000000000;1,0000000000000000;1,0000000000000000;1,0000000000000000;1,0000000000000000;1,0000000000000000;1,0000000000000000;1,00000000000000000
2022-12-24;alle;90;90,0;90;90;90;90;90;90;90;90,0;90,0;90,0;600;600,0;600,0;600;600;600;600;600;600;600,0;600,0;600,0;NA;NA;NA;NA;NA;NA;NA;NA;NA;NA;NA
2022-12-23;0-60;25;25,0;25;25;25;25;25;25;25;25,0;25,0;25,0;123;123,0;123,0;123;123;123;123;123;123;123,0;123,0;123,0;1,0000000000000000;1,000000000000000;1,0000000000000000;1,0000000000000000;1,0000000000000000;1,0000000000000000;1,0000000000000000;1,0000000000000000;1,0000000000000000;1,0000000000000000;1,00000000000000000
2022-12-23;60+;91;91,0;91;91;91;91;91;91;91;91,0;91,0;91,0;471;471,0;471,0;471;471;471;471;471;471;471,0;471,0;471,0;1,0000000000000000;1,000000000000000;1,0000000000000000;1,0000000000000000;1,0000000000000000;1,0000000000000000;1,0000000000000000;1,0000000000000000;1,0000000000000000;1,0000000000000000;1,00000000000000000
2022-12-23;alle;116;116,0;116;116;116;116;116;116;116;116,0;116,0;116,0;594;594,0;594,0;594;594;594;594;594;594;594,0;594,0;594,0;NA;NA;NA;NA;NA;NA;NA;NA;NA;NA;NA
2022-12-22;0-60;26;26,0;26;26;26;26;26;26;26;26,0;26,0;26,0;111;111,0;111,0;111;111;111;111;111;111;111,0;111,0;111,0;1,0000000000000000;1,000000000000000;1,0000000000000000;1,0000000000000000;1,0000000000000000;1,0000000000000000;1,0000000000000000;1,0000000000000000;1,0000000000000000;1,0000000000000000;1,00000000000000000
2022-12-22;60+;93;93,0;93;93;93;93;93;93;93;93,0;93,0;93,0;440;440,0;440,0;440;440;440;440;440;440;440,0;440,0;440,0;1,0000000000000000;1,000000000000000;1,0000000000000000;1,0000000000000000;1,0000000000000000;1,0000000000000000;1,0000000000000000;1,0000000000000000;1,0000000000000000;1,0000000000000000;1,00000000000000000
2022-12-22;alle;119;119,0;119;119;119;119;119;119;119;119,0;119,0;119,0;551;551,0;551,0;551;551;551;551;551;551;551,0;551,0;551,0;NA;NA;NA;NA;NA;NA;NA;NA;NA;NA;NA
2022-12-21;0-60;27;27,0;27;27;27;27;27;27;27;27,0;27,0;27,0;104;104,0;104,0;104;104;104;104;104;104;104,0;104,0;104,0;1,0000000000000000;1,000000000000000;1,0000000000000000;1,0000000000000000;1,0000000000000000;1,0000000000000000;1,0000000000000000;1,0000000000000000;1,0000000000000000;1,0000000000000000;1,00000000000000000
2022-12-21;60+;104;104,0;104;104;104;104;104;104;104;104,0;104,0;104,0;409;409,0;409,0;409;409;409;409;409;409;409,0;409,0;409,0;1,0000000000000000;1,000000000000000;1,0000000000000000;1,0000000000000000;1,0000000000000000;1,0000000000000000;1,0000000000000000;1,0000000000000000;1,0000000000000000;1,0000000000000000;1,00000000000000000
2022-12-21;alle;131;131,0;131;131;131;131;131;131;131;131,0;131,0;131,0;513;513,0;513,0;513;513;513;513;513;513;513,0;513,0;513,0;NA;NA;NA;NA;NA;NA;NA;NA;NA;NA;NA
2022-12-20;0-60;20;20,0;20;20;20;20;20;20;20;20,0;20,0;20,0;100;100,0;100,0;100;100;100;100;100;100;100,0;100,0;100,0;1,0000000000000000;1,000000000000000;1,0000000000000000;1,0000000000000000;1,0000000000000000;1,0000000000000000;1,0000000000000000;1,0000000000000000;1,0000000000000000;1,0000000000000000;1,00000000000000000
2022-12-20;60+;99;99,0;99;99;99;99;99;99;99;99,0;99,0;99,0;384;384,0;384,0;384;384;384;384;384;384;384,0;384,0;384,0;1,0000000000000000;1,000000000000000;1,0000000000000000;1,0000000000000000;1,0000000000000000;1,0000000000000000;1,0000000000000000;1,0000000000000000;1,0000000000000000;1,0000000000000000;1,00000000000000000
2022-12-20;alle;119;119,0;119;119;119;119;119;119;119;119,0;119,0;119,0;484;484,0;484,0;484;484;484;484;484;484;484,0;484,0;484,0;NA;NA;NA;NA;NA;NA;NA;NA;NA;NA;NA
2022-12-19;0-60;3;3,0;3;3;3;3;3;3;3;3,0;3,0;3,0;103;103,0;103,0;103;103;103;103;103;103;103,0;103,0;103,0;1,0000000000000000;1,000000000000000;1,0000000000000000;1,0000000000000000;1,0000000000000000;1,0000000000000000;1,0000000000000000;1,0000000000000000;1,0000000000000000;1,0000000000000000;1,00000000000000000
2022-12-19;60+;8;8,0;8;8;8;8;8;8;8;8,0;8,0;8,0;385;385,0;385,0;385;385;385;385;385;385;385,0;385,0;385,0;1,0000000000000000;1,000000000000000;1,0000000000000000;1,0000000000000000;1,0000000000000000;1,0000000000000000;1,0000000000000000;1,0000000000000000;1,0000000000000000;1,0000000000000000;1,00000000000000000
2022-12-19;alle;11;11,0;11;11;11;11;11;11;11;11,0;11,0;11,0;488;488,0;488,0;488;488;488;488;488;488;488,0;488,0;488,0;NA;NA;NA;NA;NA;NA;NA;NA;NA;NA;NA
2022-12-18;0-60;2;2,0;2;2;2;2;2;2;2;2,0;2,0;2,0;102;102,0;102,0;102;102;102;102;102;102;102,0;102,0;102,0;1,0000000000000000;1,000000000000000;1,0000000000000000;1,0000000000000000;1,0000000000000000;1,0000000000000000;1,0000000000000000;1,0000000000000000;1,0000000000000000;1,0000000000000000;1,00000000000000000
2022-12-18;60+;12;12,0;12;12;12;12;12;12;12;12,0;12,0;12,0;385;385,0;385,0;385;385;385;385;385;385;385,0;385,0;385,0;1,0000000000000000;1,000000000000000;1,0000000000000000;1,0000000000000000;1,0000000000000000;1,0000000000000000;1,0000000000000000;1,0000000000000000;1,0000000000000000;1,0000000000000000;1,00000000000000000
2022-12-18;alle;14;14,0;14;14;14;14;14;14;14;14,0;14,0;14,0;487;487,0;487,0;487;487;487;487;487;487;487,0;487,0;487,0;NA;NA;NA;NA;NA;NA;NA;NA;NA;NA;NA
2022-12-17;0-60;20;20,0;20;20;20;20;20;20;20;20,0;20,0;20,0;101;101,0;101,0;101;101;101;101;101;101;101,0;101,0;101,0;1,0000000000000000;1,000000000000000;1,0000000000000000;1,0000000000000000;1,0000000000000000;1,0000000000000000;1,0000000000000000;1,0000000000000000;1,0000000000000000;1,0000000000000000;1,00000000000000000
2022-12-17;60+;64;64,0;64;64;64;64;64;64;64;64,0;64,0;64,0;382;382,0;382,0;382;382;382;382;382;382;382,0;382,0;382,0;1,0000000000000000;1,000000000000000;1,0000000000000000;1,0000000000000000;1,0000000000000000;1,0000000000000000;1,0000000000000000;1,0000000000000000;1,0000000000000000;1,0000000000000000;1,00000000000000000
2022-12-17;alle;84;84,0;84;84;84;84;84;84;84;84,0;84,0;84,0;483;483,0;483,0;483;483;483;483;483;483;483,0;483,0;483,0;NA;NA;NA;NA;NA;NA;NA;NA;NA;NA;NA
2022-12-16;0-60;13;13,0;13;13;13;13;13;13;13;13,0;13,0;13,0;92;92,0;92,0;92;92;92;92;92;92;92,0;92,0;92,0;1,0000000000000000;1,000000000000000;1,0000000000000000;1,0000000000000000;1,0000000000000000;1,0000000000000000;1,0000000000000000;1,0000000000000000;1,0000000000000000;1,0000000000000000;1,00000000000000000
2022-12-16;60+;60;60,0;60;60;60;60;60;60;60;60,0;60,0;60,0;388;388,0;388,0;388;388;388;388;388;388;388,0;388,0;388,0;1,0000000000000000;1,000000000000000;1,0000000000000000;1,0000000000000000;1,0000000000000000;1,0000000000000000;1,0000000000000000;1,0000000000000000;1,0000000000000000;1,0000000000000000;1,00000000000000000
2022-12-16;alle;73;73,0;73;73;73;73;73;73;73;73,0;73,0;73,0;480;480,0;480,0;480;480;480;480;480;480;480,0;480,0;480,0;NA;NA;NA;NA;NA;NA;NA;NA;NA;NA;NA
2022-12-15;0-60;19;19,0;19;19;19;19;19;19;19;19,0;19,0;19,0;90;90,0;90,0;90;90;90;90;90;90;90,0;90,0;90,0;1,0000000000000000;1,000000000000000;1,0000000000000000;1,0000000000000000;1,0000000000000000;1,0000000000000000;1,0000000000000000;1,0000000000000000;1,0000000000000000;1,0000000000000000;1,00000000000000000
2022-12-15;60+;62;62,0;62;62;62;62;62;62;62;62,0;62,0;62,0;376;376,0;376,0;376;376;376;376;376;376;376,0;376,0;376,0;1,0000000000000000;1,000000000000000;1,0000000000000000;1,0000000000000000;1,0000000000000000;1,0000000000000000;1,0000000000000000;1,0000000000000000;1,0000000000000000;1,0000000000000000;1,00000000000000000
2022-12-15;alle;81;81,0;81;81;81;81;81;81;81;81,0;81,0;81,0;466;466,0;466,0;466;466;466;466;466;466;466,0;466,0;466,0;NA;NA;NA;NA;NA;NA;NA;NA;NA;NA;NA
2022-12-14;0-60;23;23,0;23;23;23;23;23;23;23;23,0;23,0;23,0;88;88,0;88,0;88;88;88;88;88;88;88,0;88,0;88,0;1,0000000000000000;1,000000000000000;1,0000000000000000;1,0000000000000000;1,0000000000000000;1,0000000000000000;1,0000000000000000;1,0000000000000000;1,0000000000000000;1,0000000000000000;1,00000000000000000
2022-12-14;60+;79;79,0;79;79;79;79;79;79;79;79,0;79,0;79,0;367;367,0;367,0;367;367;367;367;367;367;367,0;367,0;367,0;1,0000000000000000;1,000000000000000;1,0000000000000000;1,0000000000000000;1,0000000000000000;1,0000000000000000;1,0000000000000000;1,0000000000000000;1,0000000000000000;1,0000000000000000;1,00000000000000000
2022-12-14;alle;102;102,0;102;102;102;102;102;102;102;102,0;102,0;102,0;455;455,0;455,0;455;455;455;455;455;455;455,0;455,0;455,0;NA;NA;NA;NA;NA;NA;NA;NA;NA;NA;NA
2022-12-13;0-60;23;23,0;23;23;23;23;23;23;23;23,0;23,0;23,0;77;77,0;77,0;77;77;77;77;77;77;77,0;77,0;77,0;1,0000000000000000;1,000000000000000;1,0000000000000000;1,0000000000000000;1,0000000000000000;1,0000000000000000;1,0000000000000000;1,0000000000000000;1,0000000000000000;1,0000000000000000;1,00000000000000000
2022-12-13;60+;100;100,0;100;100;100;100;100;100;100;100,0;100,0;100,0;340;340,0;340,0;340;340;340;340;340;340;340,0;340,0;340,0;1,0000000000000000;1,000000000000000;1,0000000000000000;1,0000000000000000;1,0000000000000000;1,0000000000000000;1,0000000000000000;1,0000000000000000;1,0000000000000000;1,0000000000000000;1,00000000000000000
2022-12-13;alle;123;123,0;123;123;123;123;123;123;123;123,0;123,0;123,0;417;417,0;417,0;417;417;417;417;417;417;417,0;417,0;417,0;NA;NA;NA;NA;NA;NA;NA;NA;NA;NA;NA
2022-12-12;0-60;2;2,0;2;2;2;2;2;2;2;2,0;2,0;2,0;72;72,0;72,0;72;72;72;72;72;72;72,0;72,0;72,0;1,0000000000000000;1,000000000000000;1,0000000000000000;1,0000000000000000;1,0000000000000000;1,0000000000000000;1,0000000000000000;1,0000000000000000;1,0000000000000000;1,0000000000000000;1,00000000000000000
2022-12-12;60+;8;8,0;8;8;8;8;8;8;8;8,0;8,0;8,0;329;329,0;329,0;329;329;329;329;329;329;329,0;329,0;329,0;1,0000000000000000;1,000000000000000;1,0000000000000000;1,0000000000000000;1,0000000000000000;1,0000000000000000;1,0000000000000000;1,0000000000000000;1,0000000000000000;1,0000000000000000;1,00000000000000000
2022-12-12;alle;10;10,0;10;10;10;10;10;10;10;10,0;10,0;10,0;401;401,0;401,0;401;401;401;401;401;401;401,0;401,0;401,0;NA;NA;NA;NA;NA;NA;NA;NA;NA;NA;NA
2022-12-11;0-60;1;1,0;1;1;1;1;1;1;1;1,0;1,0;1,0;70;70,0;70,0;70;70;70;70;70;70;70,0;70,0;70,0;1,0000000000000000;1,000000000000000;1,0000000000000000;1,0000000000000000;1,0000000000000000;1,0000000000000000;1,0000000000000000;1,0000000000000000;1,0000000000000000;1,0000000000000000;1,00000000000000000
2022-12-11;60+;9;9,0;9;9;9;9;9;9;9;9,0;9,0;9,0;339;339,0;339,0;339;339;339;339;339;339;339,0;339,0;339,0;1,0000000000000000;1,000000000000000;1,0000000000000000;1,0000000000000000;1,0000000000000000;1,0000000000000000;1,0000000000000000;1,0000000000000000;1,0000000000000000;1,0000000000000000;1,00000000000000000
2022-12-11;alle;10;10,0;10;10;10;10;10;10;10;10,0;10,0;10,0;409;409,0;409,0;409;409;409;409;409;409;409,0;409,0;409,0;NA;NA;NA;NA;NA;NA;NA;NA;NA;NA;NA
2022-12-10;0-60;11;11,0;11;11;11;11;11;11;11;11,0;11,0;11,0;70;70,0;70,0;70;70;70;70;70;70;70,0;70,0;70,0;1,0000000000000000;1,000000000000000;1,0000000000000000;1,0000000000000000;1,0000000000000000;1,0000000000000000;1,0000000000000000;1,0000000000000000;1,0000000000000000;1,0000000000000000;1,00000000000000000
2022-12-10;60+;70;70,0;70;70;70;70;70;70;70;70,0;70,0;70,0;340;340,0;340,0;340;340;340;340;340;340;340,0;340,0;340,0;1,0000000000000000;1,000000000000000;1,0000000000000000;1,0000000000000000;1,0000000000000000;1,0000000000000000;1,0000000000000000;1,0000000000000000;1,0000000000000000;1,0000000000000000;1,00000000000000000
2022-12-10;alle;81;81,0;81;81;81;81;81;81;81;81,0;81,0;81,0;410;410,0;410,0;410;410;410;410;410;410;410,0;410,0;410,0;NA;NA;NA;NA;NA;NA;NA;NA;NA;NA;NA
2022-12-09;0-60;11;11,0;11;11;11;11;11;11;11;11,0;11,0;11,0;76;76,0;76,0;76;76;76;76;76;76;76,0;76,0;76,0;1,0000000000000000;1,000000000000000;1,0000000000000000;1,0000000000000000;1,0000000000000000;1,0000000000000000;1,0000000000000000;1,0000000000000000;1,0000000000000000;1,0000000000000000;1,00000000000000000
2022-12-09;60+;48;48,0;48;48;48;48;48;48;48;48,0;48,0;48,0;305;305,0;305,0;305;305;305;305;305;305;305,0;305,0;305,0;1,0000000000000000;1,000000000000000;1,0000000000000000;1,0000000000000000;1,0000000000000000;1,0000000000000000;1,0000000000000000;1,0000000000000000;1,0000000000000000;1,0000000000000000;1,00000000000000000
2022-12-09;alle;59;59,0;59;59;59;59;59;59;59;59,0;59,0;59,0;381;381,0;381,0;381;381;381;381;381;381;381,0;381,0;381,0;NA;NA;NA;NA;NA;NA;NA;NA;NA;NA;NA
2022-12-08;0-60;17;17,0;17;17;17;17;17;17;17;17,0;17,0;17,0;78;78,0;78,0;78;78;78;78;78;78;78,0;78,0;78,0;1,0000000000000000;1,000000000000000;1,0000000000000000;1,0000000000000000;1,0000000000000000;1,0000000000000000;1,0000000000000000;1,0000000000000000;1,0000000000000000;1,0000000000000000;1,00000000000000000
2022-12-08;60+;53;53,0;53;53;53;53;53;53;53;53,0;53,0;53,0;314;314,0;314,0;314;314;314;314;314;314;314,0;314,0;314,0;1,0000000000000000;1,000000000000000;1,0000000000000000;1,0000000000000000;1,0000000000000000;1,0000000000000000;1,0000000000000000;1,0000000000000000;1,0000000000000000;1,0000000000000000;1,00000000000000000
2022-12-08;alle;70;70,0;70;70;70;70;70;70;70;70,0;70,0;70,0;392;392,0;392,0;392;392;392;392;392;392;392,0;392,0;392,0;NA;NA;NA;NA;NA;NA;NA;NA;NA;NA;NA
2022-12-07;0-60;12;12,0;12;12;12;12;12;12;12;12,0;12,0;12,0;70;70,0;70,0;70;70;70;70;70;70;70,0;70,0;70,0;1,0000000000000000;1,000000000000000;1,0000000000000000;1,0000000000000000;1,0000000000000000;1,0000000000000000;1,0000000000000000;1,0000000000000000;1,0000000000000000;1,0000000000000000;1,00000000000000000
2022-12-07;60+;52;52,0;52;52;52;52;52;52;52;52,0;52,0;52,0;310;310,0;310,0;310;310;310;310;310;310;310,0;310,0;310,0;1,0000000000000000;1,000000000000000;1,0000000000000000;1,0000000000000000;1,0000000000000000;1,0000000000000000;1,0000000000000000;1,0000000000000000;1,0000000000000000;1,0000000000000000;1,00000000000000000
2022-12-07;alle;64;64,0;64;64;64;64;64;64;64;64,0;64,0;64,0;380;380,0;380,0;380;380;380;380;380;380;380,0;380,0;380,0;NA;NA;NA;NA;NA;NA;NA;NA;NA;NA;NA
2022-12-06;0-60;18;18,0;18;18;18;18;18;18;18;18,0;18,0;18,0;78;78,0;78,0;78;78;78;78;78;78;78,0;78,0;78,0;1,0000000000000000;1,000000000000000;1,0000000000000000;1,0000000000000000;1,0000000000000000;1,0000000000000000;1,0000000000000000;1,0000000000000000;1,0000000000000000;1,0000000000000000;1,00000000000000000
2022-12-06;60+;89;89,0;89;89;89;89;89;89;89;89,0;89,0;89,0;304;304,0;304,0;304;304;304;304;304;304;304,0;304,0;304,0;1,0000000000000000;1,000000000000000;1,0000000000000000;1,0000000000000000;1,0000000000000000;1,0000000000000000;1,0000000000000000;1,0000000000000000;1,0000000000000000;1,0000000000000000;1,00000000000000000
2022-12-06;alle;107;107,0;107;107;107;107;107;107;107;107,0;107,0;107,0;382;382,0;382,0;382;382;382;382;382;382;382,0;382,0;382,0;NA;NA;NA;NA;NA;NA;NA;NA;NA;NA;NA
2022-12-05;0-60;0;0,0;0;0;0;0;0;0;0;0,0;0,0;0,0;98;98,0;98,0;98;98;98;98;98;98;98,0;98,0;98,0;1,0000000000000000;1,000000000000000;1,0000000000000000;1,0000000000000000;1,0000000000000000;1,0000000000000000;1,0000000000000000;1,0000000000000000;1,0000000000000000;1,0000000000000000;1,00000000000000000
2022-12-05;60+;18;18,0;18;18;18;18;18;18;18;18,0;18,0;18,0;295;295,0;295,0;295;295;295;295;295;295;295,0;295,0;295,0;1,0000000000000000;1,000000000000000;1,0000000000000000;1,0000000000000000;1,0000000000000000;1,0000000000000000;1,0000000000000000;1,0000000000000000;1,0000000000000000;1,0000000000000000;1,00000000000000000
2022-12-05;alle;18;18,0;18;18;18;18;18;18;18;18,0;18,0;18,0;393;393,0;393,0;393;393;393;393;393;393;393,0;393,0;393,0;NA;NA;NA;NA;NA;NA;NA;NA;NA;NA;NA
2022-12-04;0-60;1;1,0;1;1;1;1;1;1;1;1,0;1,0;1,0;98;98,0;98,0;98;98;98;98;98;98;98,0;98,0;98,0;1,0000000000000000;1,000000000000000;1,0000000000000000;1,0000000000000000;1,0000000000000000;1,0000000000000000;1,0000000000000000;1,0000000000000000;1,0000000000000000;1,0000000000000000;1,00000000000000000
2022-12-04;60+;10;10,0;10;10;10;10;10;10;10;10,0;10,0;10,0;285;285,0;285,0;285;285;285;285;285;285;285,0;285,0;285,0;1,0000000000000000;1,000000000000000;1,0000000000000000;1,0000000000000000;1,0000000000000000;1,0000000000000000;1,0000000000000000;1,0000000000000000;1,0000000000000000;1,0000000000000000;1,00000000000000000
2022-12-04;alle;11;11,0;11;11;11;11;11;11;11;11,0;11,0;11,0;383;383,0;383,0;383;383;383;383;383;383;383,0;383,0;383,0;NA;NA;NA;NA;NA;NA;NA;NA;NA;NA;NA
2022-12-03;0-60;17;17,0;17;17;17;17;17;17;17;17,0;17,0;17,0;98;98,0;98,0;98;98;98;98;98;98;98,0;98,0;98,0;1,0000000000000000;1,000000000000000;1,0000000000000000;1,0000000000000000;1,0000000000000000;1,0000000000000000;1,0000000000000000;1,0000000000000000;1,0000000000000000;1,0000000000000000;1,00000000000000000
2022-12-03;60+;35;35,0;35;35;35;35;35;35;35;35,0;35,0;35,0;282;282,0;282,0;282;282;282;282;282;282;282,0;282,0;282,0;1,0000000000000000;1,000000000000000;1,0000000000000000;1,0000000000000000;1,0000000000000000;1,0000000000000000;1,0000000000000000;1,0000000000000000;1,0000000000000000;1,0000000000000000;1,00000000000000000
2022-12-03;alle;52;52,0;52;52;52;52;52;52;52;52,0;52,0;52,0;380;380,0;380,0;380;380;380;380;380;380;380,0;380,0;380,0;NA;NA;NA;NA;NA;NA;NA;NA;NA;NA;NA
2022-12-02;0-60;13;13,0;13;13;13;13;13;13;13;13,0;13,0;13,0;91;91,0;91,0;91;91;91;91;91;91;91,0;91,0;91,0;1,0000000000000000;1,000000000000000;1,0000000000000000;1,0000000000000000;1,0000000000000000;1,0000000000000000;1,0000000000000000;1,0000000000000000;1,0000000000000000;1,0000000000000000;1,00000000000000000
2022-12-02;60+;57;57,0;57;57;57;57;57;57;57;57,0;57,0;57,0;288;288,0;288,0;288;288;288;288;288;288;288,0;288,0;288,0;1,0000000000000000;1,000000000000000;1,0000000000000000;1,0000000000000000;1,0000000000000000;1,0000000000000000;1,0000000000000000;1,0000000000000000;1,0000000000000000;1,0000000000000000;1,00000000000000000
2022-12-02;alle;70;70,0;70;70;70;70;70;70;70;70,0;70,0;70,0;379;379,0;379,0;379;379;379;379;379;379;379,0;379,0;379,0;NA;NA;NA;NA;NA;NA;NA;NA;NA;NA;NA
2022-12-01;0-60;9;9,0;9;9;9;9;9;9;9;9,0;9,0;9,0;82;82,0;82,0;82;82;82;82;82;82;82,0;82,0;82,0;1,0000000000000000;1,000000000000000;1,0000000000000000;1,0000000000000000;1,0000000000000000;1,0000000000000000;1,0000000000000000;1,0000000000000000;1,0000000000000000;1,0000000000000000;1,00000000000000000
2022-12-01;60+;49;49,0;49;49;49;49;49;49;49;49,0;49,0;49,0;266;266,0;266,0;266;266;266;266;266;266;266,0;266,0;266,0;1,0000000000000000;1,000000000000000;1,0000000000000000;1,0000000000000000;1,0000000000000000;1,0000000000000000;1,0000000000000000;1,0000000000000000;1,0000000000000000;1,0000000000000000;1,00000000000000000
2022-12-01;alle;58;58,0;58;58;58;58;58;58;58;58,0;58,0;58,0;348;348,0;348,0;348;348;348;348;348;348;348,0;348,0;348,0;NA;NA;NA;NA;NA;NA;NA;NA;NA;NA;NA
2022-11-30;0-60;20;20,0;20;20;20;20;20;20;20;20,0;20,0;20,0;84;84,0;84,0;84;84;84;84;84;84;84,0;84,0;84,0;1,0000000000000000;1,000000000000000;1,0000000000000000;1,0000000000000000;1,0000000000000000;1,0000000000000000;1,0000000000000000;1,0000000000000000;1,0000000000000000;1,0000000000000000;1,00000000000000000
2022-11-30;60+;46;46,0;46;46;46;46;46;46;46;46,0;46,0;46,0;255;255,0;255,0;255;255;255;255;255;255;255,0;255,0;255,0;1,0000000000000000;1,000000000000000;1,0000000000000000;1,0000000000000000;1,0000000000000000;1,0000000000000000;1,0000000000000000;1,0000000000000000;1,0000000000000000;1,0000000000000000;1,00000000000000000
2022-11-30;alle;66;66,0;66;66;66;66;66;66;66;66,0;66,0;66,0;339;339,0;339,0;339;339;339;339;339;339;339,0;339,0;339,0;NA;NA;NA;NA;NA;NA;NA;NA;NA;NA;NA
2022-11-29;0-60;38;38,0;38;38;38;38;38;38;38;38,0;38,0;38,0;77;77,0;77,0;77;77;77;77;77;77;77,0;77,0;77,0;1,0000000000000000;1,000000000000000;1,0000000000000000;1,0000000000000000;1,0000000000000000;1,0000000000000000;1,0000000000000000;1,0000000000000000;1,0000000000000000;1,0000000000000000;1,00000000000000000
2022-11-29;60+;80;80,0;80;80;80;80;80;80;80;80,0;80,0;80,0;246;246,0;246,0;246;246;246;246;246;246;246,0;246,0;246,0;1,0000000000000000;1,000000000000000;1,0000000000000000;1,0000000000000000;1,0000000000000000;1,0000000000000000;1,0000000000000000;1,0000000000000000;1,0000000000000000;1,0000000000000000;1,00000000000000000
2022-11-29;alle;118;118,0;118;118;118;118;118;118;118;118,0;118,0;118,0;323;323,0;323,0;323;323;323;323;323;323;323,0;323,0;323,0;NA;NA;NA;NA;NA;NA;NA;NA;NA;NA;NA
2022-11-28;0-60;0;0,0;0;0;0;0;0;0;0;0,0;0,0;0,0;64;64,0;64,0;64;64;64;64;64;64;64,0;64,0;64,0;1,0000000000000000;1,000000000000000;1,0000000000000000;1,0000000000000000;1,0000000000000000;1,0000000000000000;1,0000000000000000;1,0000000000000000;1,0000000000000000;1,0000000000000000;1,00000000000000000
2022-11-28;60+;8;8,0;8;8;8;8;8;8;8;8,0;8,0;8,0;253;253,0;253,0;253;253;253;253;253;253;253,0;253,0;253,0;1,0000000000000000;1,000000000000000;1,0000000000000000;1,0000000000000000;1,0000000000000000;1,0000000000000000;1,0000000000000000;1,0000000000000000;1,0000000000000000;1,0000000000000000;1,00000000000000000
2022-11-28;alle;8;8,0;8;8;8;8;8;8;8;8,0;8,0;8,0;317;317,0;317,0;317;317;317;317;317;317;317,0;317,0;317,0;NA;NA;NA;NA;NA;NA;NA;NA;NA;NA;NA
2022-11-27;0-60;1;1,0;1;1;1;1;1;1;1;1,0;1,0;1,0;67;67,0;67,0;67;67;67;67;67;67;67,0;67,0;67,0;1,0000000000000000;1,000000000000000;1,0000000000000000;1,0000000000000000;1,0000000000000000;1,0000000000000000;1,0000000000000000;1,0000000000000000;1,0000000000000000;1,0000000000000000;1,00000000000000000
2022-11-27;60+;7;7,0;7;7;7;7;7;7;7;7,0;7,0;7,0;252;252,0;252,0;252;252;252;252;252;252;252,0;252,0;252,0;1,0000000000000000;1,000000000000000;1,0000000000000000;1,0000000000000000;1,0000000000000000;1,0000000000000000;1,0000000000000000;1,0000000000000000;1,0000000000000000;1,0000000000000000;1,00000000000000000
2022-11-27;alle;8;8,0;8;8;8;8;8;8;8;8,0;8,0;8,0;319;319,0;319,0;319;319;319;319;319;319;319,0;319,0;319,0;NA;NA;NA;NA;NA;NA;NA;NA;NA;NA;NA
2022-11-26;0-60;10;10,0;10;10;10;10;10;10;10;10,0;10,0;10,0;69;69,0;69,0;69;69;69;69;69;69;69,0;69,0;69,0;1,0000000000000000;1,000000000000000;1,0000000000000000;1,0000000000000000;1,0000000000000000;1,0000000000000000;1,0000000000000000;1,0000000000000000;1,0000000000000000;1,0000000000000000;1,00000000000000000
2022-11-26;60+;41;41,0;41;41;41;41;41;41;41;41,0;41,0;41,0;250;250,0;250,0;250;250;250;250;250;250;250,0;250,0;250,0;1,0000000000000000;1,000000000000000;1,0000000000000000;1,0000000000000000;1,0000000000000000;1,0000000000000000;1,0000000000000000;1,0000000000000000;1,0000000000000000;1,0000000000000000;1,00000000000000000
2022-11-26;alle;51;51,0;51;51;51;51;51;51;51;51,0;51,0;51,0;319;319,0;319,0;319;319;319;319;319;319;319,0;319,0;319,0;NA;NA;NA;NA;NA;NA;NA;NA;NA;NA;NA
2022-11-25;0-60;4;4,0;4;4;4;4;4;4;4;4,0;4,0;4,0;66;66,0;66,0;66;66;66;66;66;66;66,0;66,0;66,0;1,0000000000000000;1,000000000000000;1,0000000000000000;1,0000000000000000;1,0000000000000000;1,0000000000000000;1,0000000000000000;1,0000000000000000;1,0000000000000000;1,0000000000000000;1,00000000000000000
2022-11-25;60+;35;35,0;35;35;35;35;35;35;35;35,0;35,0;35,0;249;249,0;249,0;249;249;249;249;249;249;249,0;249,0;249,0;1,0000000000000000;1,000000000000000;1,0000000000000000;1,0000000000000000;1,0000000000000000;1,0000000000000000;1,0000000000000000;1,0000000000000000;1,0000000000000000;1,0000000000000000;1,00000000000000000
2022-11-25;alle;39;39,0;39;39;39;39;39;39;39;39,0;39,0;39,0;315;315,0;315,0;315;315;315;315;315;315;315,0;315,0;315,0;NA;NA;NA;NA;NA;NA;NA;NA;NA;NA;NA
2022-11-24;0-60;11;11,0;11;11;11;11;11;11;11;11,0;11,0;11,0;72;72,0;72,0;72;72;72;72;72;72;72,0;72,0;72,0;1,0000000000000000;1,000000000000000;1,0000000000000000;1,0000000000000000;1,0000000000000000;1,0000000000000000;1,0000000000000000;1,0000000000000000;1,0000000000000000;1,0000000000000000;1,00000000000000000
2022-11-24;60+;38;38,0;38;38;38;38;38;38;38;38,0;38,0;38,0;250;250,0;250,0;250;250;250;250;250;250;250,0;250,0;250,0;1,0000000000000000;1,000000000000000;1,0000000000000000;1,0000000000000000;1,0000000000000000;1,0000000000000000;1,0000000000000000;1,0000000000000000;1,0000000000000000;1,0000000000000000;1,00000000000000000
2022-11-24;alle;49;49,0;49;49;49;49;49;49;49;49,0;49,0;49,0;322;322,0;322,0;322;322;322;322;322;322;322,0;322,0;322,0;NA;NA;NA;NA;NA;NA;NA;NA;NA;NA;NA
2022-11-23;0-60;13;13,0;13;13;13;13;13;13;13;13,0;13,0;13,0;68;68,0;68,0;68;68;68;68;68;68;68,0;68,0;68,0;1,0000000000000000;1,000000000000000;1,0000000000000000;1,0000000000000000;1,0000000000000000;1,0000000000000000;1,0000000000000000;1,0000000000000000;1,0000000000000000;1,0000000000000000;1,00000000000000000
2022-11-23;60+;37;37,0;37;37;37;37;37;37;37;37,0;37,0;37,0;248;248,0;248,0;248;248;248;248;248;248;248,0;248,0;248,0;1,0000000000000000;1,000000000000000;1,0000000000000000;1,0000000000000000;1,0000000000000000;1,0000000000000000;1,0000000000000000;1,0000000000000000;1,0000000000000000;1,0000000000000000;1,00000000000000000
2022-11-23;alle;50;50,0;50;50;50;50;50;50;50;50,0;50,0;50,0;316;316,0;316,0;316;316;316;316;316;316;316,0;316,0;316,0;NA;NA;NA;NA;NA;NA;NA;NA;NA;NA;NA
2022-11-22;0-60;25;25,0;25;25;25;25;25;25;25;25,0;25,0;25,0;69;69,0;69,0;69;69;69;69;69;69;69,0;69,0;69,0;1,0000000000000000;1,000000000000000;1,0000000000000000;1,0000000000000000;1,0000000000000000;1,0000000000000000;1,0000000000000000;1,0000000000000000;1,0000000000000000;1,0000000000000000;1,00000000000000000
2022-11-22;60+;87;87,0;87;87;87;87;87;87;87;87,0;87,0;87,0;264;264,0;264,0;264;264;264;264;264;264;264,0;264,0;264,0;1,0000000000000000;1,000000000000000;1,0000000000000000;1,0000000000000000;1,0000000000000000;1,0000000000000000;1,0000000000000000;1,0000000000000000;1,0000000000000000;1,0000000000000000;1,00000000000000000
2022-11-22;alle;112;112,0;112;112;112;112;112;112;112;112,0;112,0;112,0;333;333,0;333,0;333;333;333;333;333;333;333,0;333,0;333,0;NA;NA;NA;NA;NA;NA;NA;NA;NA;NA;NA
2022-11-21;0-60;3;3,0;3;3;3;3;3;3;3;3,0;3,0;3,0;64;64,0;64,0;64;64;64;64;64;64;64,0;64,0;64,0;1,0000000000000000;1,000000000000000;1,0000000000000000;1,0000000000000000;1,0000000000000000;1,0000000000000000;1,0000000000000000;1,0000000000000000;1,0000000000000000;1,0000000000000000;1,00000000000000000
2022-11-21;60+;7;7,0;7;7;7;7;7;7;7;7,0;7,0;7,0;240;240,0;240,0;240;240;240;240;240;240;240,0;240,0;240,0;1,0000000000000000;1,000000000000000;1,0000000000000000;1,0000000000000000;1,0000000000000000;1,0000000000000000;1,0000000000000000;1,0000000000000000;1,0000000000000000;1,0000000000000000;1,00000000000000000
2022-11-21;alle;10;10,0;10;10;10;10;10;10;10;10,0;10,0;10,0;304;304,0;304,0;304;304;304;304;304;304;304,0;304,0;304,0;NA;NA;NA;NA;NA;NA;NA;NA;NA;NA;NA
2022-11-20;0-60;3;3,0;3;3;3;3;3;3;3;3,0;3,0;3,0;62;62,0;62,0;62;62;62;62;62;62;62,0;62,0;62,0;1,0000000000000000;1,000000000000000;1,0000000000000000;1,0000000000000000;1,0000000000000000;1,0000000000000000;1,0000000000000000;1,0000000000000000;1,0000000000000000;1,0000000000000000;1,00000000000000000
2022-11-20;60+;5;5,0;5;5;5;5;5;5;5;5,0;5,0;5,0;237;237,0;237,0;237;237;237;237;237;237;237,0;237,0;237,0;1,0000000000000000;1,000000000000000;1,0000000000000000;1,0000000000000000;1,0000000000000000;1,0000000000000000;1,0000000000000000;1,0000000000000000;1,0000000000000000;1,0000000000000000;1,00000000000000000
2022-11-20;alle;8;8,0;8;8;8;8;8;8;8;8,0;8,0;8,0;299;299,0;299,0;299;299;299;299;299;299;299,0;299,0;299,0;NA;NA;NA;NA;NA;NA;NA;NA;NA;NA;NA
2022-11-19;0-60;7;7,0;7;7;7;7;7;7;7;7,0;7,0;7,0;60;60,0;60,0;60;60;60;60;60;60;60,0;60,0;60,0;1,0000000000000000;1,000000000000000;1,0000000000000000;1,0000000000000000;1,0000000000000000;1,0000000000000000;1,0000000000000000;1,0000000000000000;1,0000000000000000;1,0000000000000000;1,00000000000000000
2022-11-19;60+;40;40,0;40;40;40;40;40;40;40;40,0;40,0;40,0;235;235,0;235,0;235;235;235;235;235;235;235,0;235,0;235,0;1,0000000000000000;1,000000000000000;1,0000000000000000;1,0000000000000000;1,0000000000000000;1,0000000000000000;1,0000000000000000;1,0000000000000000;1,0000000000000000;1,0000000000000000;1,00000000000000000
2022-11-19;alle;47;47,0;47;47;47;47;47;47;47;47,0;47,0;47,0;295;295,0;295,0;295;295;295;295;295;295;295,0;295,0;295,0;NA;NA;NA;NA;NA;NA;NA;NA;NA;NA;NA
2022-11-18;0-60;10;10,0;10;10;10;10;10;10;10;10,0;10,0;10,0;61;61,0;61,0;61;61;61;61;61;61;61,0;61,0;61,0;1,0000000000000000;1,000000000000000;1,0000000000000000;1,0000000000000000;1,0000000000000000;1,0000000000000000;1,0000000000000000;1,0000000000000000;1,0000000000000000;1,0000000000000000;1,00000000000000000
2022-11-18;60+;36;36,0;36;36;36;36;36;36;36;36,0;36,0;36,0;233;233,0;233,0;233;233;233;233;233;233;233,0;233,0;233,0;1,0000000000000000;1,000000000000000;1,0000000000000000;1,0000000000000000;1,0000000000000000;1,0000000000000000;1,0000000000000000;1,0000000000000000;1,0000000000000000;1,0000000000000000;1,00000000000000000
2022-11-18;alle;46;46,0;46;46;46;46;46;46;46;46,0;46,0;46,0;294;294,0;294,0;294;294;294;294;294;294;294,0;294,0;294,0;NA;NA;NA;NA;NA;NA;NA;NA;NA;NA;NA
2022-11-17;0-60;7;7,0;7;7;7;7;7;7;7;7,0;7,0;7,0;66;66,0;66,0;66;66;66;66;66;66;66,0;66,0;66,0;1,0000000000000000;1,000000000000000;1,0000000000000000;1,0000000000000000;1,0000000000000000;1,0000000000000000;1,0000000000000000;1,0000000000000000;1,0000000000000000;1,0000000000000000;1,00000000000000000
2022-11-17;60+;36;36,0;36;36;36;36;36;36;36;36,0;36,0;36,0;230;230,0;230,0;230;230;230;230;230;230;230,0;230,0;230,0;1,0000000000000000;1,000000000000000;1,0000000000000000;1,0000000000000000;1,0000000000000000;1,0000000000000000;1,0000000000000000;1,0000000000000000;1,0000000000000000;1,0000000000000000;1,00000000000000000
2022-11-17;alle;43;43,0;43;43;43;43;43;43;43;43,0;43,0;43,0;296;296,0;296,0;296;296;296;296;296;296;296,0;296,0;296,0;NA;NA;NA;NA;NA;NA;NA;NA;NA;NA;NA
2022-11-16;0-60;14;14,0;14;14;14;14;14;14;14;14,0;14,0;14,0;71;71,0;71,0;71;71;71;71;71;71;71,0;71,0;71,0;1,0000000000000000;1,000000000000000;1,0000000000000000;1,0000000000000000;1,0000000000000000;1,0000000000000000;1,0000000000000000;1,0000000000000000;1,0000000000000000;1,0000000000000000;1,00000000000000000
2022-11-16;60+;53;53,0;53;53;53;53;53;53;53;53,0;53,0;53,0;240;240,0;240,0;240;240;240;240;240;240;240,0;240,0;240,0;1,0000000000000000;1,000000000000000;1,0000000000000000;1,0000000000000000;1,0000000000000000;1,0000000000000000;1,0000000000000000;1,0000000000000000;1,0000000000000000;1,0000000000000000;1,00000000000000000
2022-11-16;alle;67;67,0;67;67;67;67;67;67;67;67,0;67,0;67,0;311;311,0;311,0;311;311;311;311;311;311;311,0;311,0;311,0;NA;NA;NA;NA;NA;NA;NA;NA;NA;NA;NA
2022-11-15;0-60;20;20,0;20;20;20;20;20;20;20;20,0;20,0;20,0;68;68,0;68,0;68;68;68;68;68;68;68,0;68,0;68,0;1,0000000000000000;1,000000000000000;1,0000000000000000;1,0000000000000000;1,0000000000000000;1,0000000000000000;1,0000000000000000;1,0000000000000000;1,0000000000000000;1,0000000000000000;1,00000000000000000
2022-11-15;60+;63;63,0;63;63;63;63;63;63;63;63,0;63,0;63,0;223;223,0;223,0;223;223;223;223;223;223;223,0;223,0;223,0;1,0000000000000000;1,000000000000000;1,0000000000000000;1,0000000000000000;1,0000000000000000;1,0000000000000000;1,0000000000000000;1,0000000000000000;1,0000000000000000;1,0000000000000000;1,00000000000000000
2022-11-15;alle;83;83,0;83;83;83;83;83;83;83;83,0;83,0;83,0;291;291,0;291,0;291;291;291;291;291;291;291,0;291,0;291,0;NA;NA;NA;NA;NA;NA;NA;NA;NA;NA;NA
2022-11-14;0-60;1;1,0;1;1;1;1;1;1;1;1,0;1,0;1,0;70;70,0;70,0;70;70;70;70;70;70;70,0;70,0;70,0;1,0000000000000000;1,000000000000000;1,0000000000000000;1,0000000000000000;1,0000000000000000;1,0000000000000000;1,0000000000000000;1,0000000000000000;1,0000000000000000;1,0000000000000000;1,00000000000000000
2022-11-14;60+;4;4,0;4;4;4;4;4;4;4;4,0;4,0;4,0;252;252,0;252,0;252;252;252;252;252;252;252,0;252,0;252,0;1,0000000000000000;1,000000000000000;1,0000000000000000;1,0000000000000000;1,0000000000000000;1,0000000000000000;1,0000000000000000;1,0000000000000000;1,0000000000000000;1,0000000000000000;1,00000000000000000
2022-11-14;alle;5;5,0;5;5;5;5;5;5;5;5,0;5,0;5,0;322;322,0;322,0;322;322;322;322;322;322;322,0;322,0;322,0;NA;NA;NA;NA;NA;NA;NA;NA;NA;NA;NA
2022-11-13;0-60;1;1,0;1;1;1;1;1;1;1;1,0;1,0;1,0;70;70,0;70,0;70;70;70;70;70;70;70,0;70,0;70,0;1,0000000000000000;1,000000000000000;1,0000000000000000;1,0000000000000000;1,0000000000000000;1,0000000000000000;1,0000000000000000;1,0000000000000000;1,0000000000000000;1,0000000000000000;1,00000000000000000
2022-11-13;60+;3;3,0;3;3;3;3;3;3;3;3,0;3,0;3,0;258;258,0;258,0;258;258;258;258;258;258;258,0;258,0;258,0;1,0000000000000000;1,000000000000000;1,0000000000000000;1,0000000000000000;1,0000000000000000;1,0000000000000000;1,0000000000000000;1,0000000000000000;1,0000000000000000;1,0000000000000000;1,00000000000000000
2022-11-13;alle;4;4,0;4;4;4;4;4;4;4;4,0;4,0;4,0;328;328,0;328,0;328;328;328;328;328;328;328,0;328,0;328,0;NA;NA;NA;NA;NA;NA;NA;NA;NA;NA;NA
2022-11-12;0-60;8;8,0;8;8;8;8;8;8;8;8,0;8,0;8,0;71;71,0;71,0;71;71;71;71;71;71;71,0;71,0;71,0;1,0000000000000000;1,000000000000000;1,0000000000000000;1,0000000000000000;1,0000000000000000;1,0000000000000000;1,0000000000000000;1,0000000000000000;1,0000000000000000;1,0000000000000000;1,00000000000000000
2022-11-12;60+;38;38,0;38;38;38;38;38;38;38;38,0;38,0;38,0;257;257,0;257,0;257;257;257;257;257;257;257,0;257,0;257,0;1,0000000000000000;1,000000000000000;1,0000000000000000;1,0000000000000000;1,0000000000000000;1,0000000000000000;1,0000000000000000;1,0000000000000000;1,0000000000000000;1,0000000000000000;1,00000000000000000
2022-11-12;alle;46;46,0;46;46;46;46;46;46;46;46,0;46,0;46,0;328;328,0;328,0;328;328;328;328;328;328;328,0;328,0;328,0;NA;NA;NA;NA;NA;NA;NA;NA;NA;NA;NA
2022-11-11;0-60;15;15,0;15;15;15;15;15;15;15;15,0;15,0;15,0;73;73,0;73,0;73;73;73;73;73;73;73,0;73,0;73,0;1,0000000000000000;1,000000000000000;1,0000000000000000;1,0000000000000000;1,0000000000000000;1,0000000000000000;1,0000000000000000;1,0000000000000000;1,0000000000000000;1,0000000000000000;1,00000000000000000
2022-11-11;60+;33;33,0;33;33;33;33;33;33;33;33,0;33,0;33,0;253;253,0;253,0;253;253;253;253;253;253;253,0;253,0;253,0;1,0000000000000000;1,000000000000000;1,0000000000000000;1,0000000000000000;1,0000000000000000;1,0000000000000000;1,0000000000000000;1,0000000000000000;1,0000000000000000;1,0000000000000000;1,00000000000000000
2022-11-11;alle;48;48,0;48;48;48;48;48;48;48;48,0;48,0;48,0;326;326,0;326,0;326;326;326;326;326;326;326,0;326,0;326,0;NA;NA;NA;NA;NA;NA;NA;NA;NA;NA;NA
2022-11-10;0-60;12;12,0;12;12;12;12;12;12;12;12,0;12,0;12,0;75;75,0;75,0;75;75;75;75;75;75;75,0;75,0;75,0;1,0000000000000000;1,000000000000000;1,0000000000000000;1,0000000000000000;1,0000000000000000;1,0000000000000000;1,0000000000000000;1,0000000000000000;1,0000000000000000;1,0000000000000000;1,00000000000000000
2022-11-10;60+;46;46,0;46;46;46;46;46;46;46;46,0;46,0;46,0;291;291,0;291,0;291;291;291;291;291;291;291,0;291,0;291,0;1,0000000000000000;1,000000000000000;1,0000000000000000;1,0000000000000000;1,0000000000000000;1,0000000000000000;1,0000000000000000;1,0000000000000000;1,0000000000000000;1,0000000000000000;1,00000000000000000
2022-11-10;alle;58;58,0;58;58;58;58;58;58;58;58,0;58,0;58,0;366;366,0;366,0;366;366;366;366;366;366;366,0;366,0;366,0;NA;NA;NA;NA;NA;NA;NA;NA;NA;NA;NA
2022-11-09;0-60;11;11,0;11;11;11;11;11;11;11;11,0;11,0;11,0;82;82,0;82,0;82;82;82;82;82;82;82,0;82,0;82,0;1,0000000000000000;1,000000000000000;1,0000000000000000;1,0000000000000000;1,0000000000000000;1,0000000000000000;1,0000000000000000;1,0000000000000000;1,0000000000000000;1,0000000000000000;1,00000000000000000
2022-11-09;60+;36;36,0;36;36;36;36;36;36;36;36,0;36,0;36,0;334;334,0;334,0;334;334;334;334;334;334;334,0;334,0;334,0;1,0000000000000000;1,000000000000000;1,0000000000000000;1,0000000000000000;1,0000000000000000;1,0000000000000000;1,0000000000000000;1,0000000000000000;1,0000000000000000;1,0000000000000000;1,00000000000000000
2022-11-09;alle;47;47,0;47;47;47;47;47;47;47;47,0;47,0;47,0;416;416,0;416,0;416;416;416;416;416;416;416,0;416,0;416,0;NA;NA;NA;NA;NA;NA;NA;NA;NA;NA;NA
2022-11-08;0-60;22;22,0;22;22;22;22;22;22;22;22,0;22,0;22,0;74;74,0;74,0;74;74;74;74;74;74;74,0;74,0;74,0;1,0000000000000000;1,000000000000000;1,0000000000000000;1,0000000000000000;1,0000000000000000;1,0000000000000000;1,0000000000000000;1,0000000000000000;1,0000000000000000;1,0000000000000000;1,00000000000000000
2022-11-08;60+;92;92,0;92;92;92;92;92;92;92;92,0;92,0;92,0;311;311,0;311,0;311;311;311;311;311;311;311,0;311,0;311,0;1,0000000000000000;1,000000000000000;1,0000000000000000;1,0000000000000000;1,0000000000000000;1,0000000000000000;1,0000000000000000;1,0000000000000000;1,0000000000000000;1,0000000000000000;1,00000000000000000
2022-11-08;alle;114;114,0;114;114;114;114;114;114;114;114,0;114,0;114,0;385;385,0;385,0;385;385;385;385;385;385;385,0;385,0;385,0;NA;NA;NA;NA;NA;NA;NA;NA;NA;NA;NA
2022-11-07;0-60;1;1,0;1;1;1;1;1;1;1;1,0;1,0;1,0;78;78,0;78,0;78;78;78;78;78;78;78,0;78,0;78,0;1,0000000000000000;1,000000000000000;1,0000000000000000;1,0000000000000000;1,0000000000000000;1,0000000000000000;1,0000000000000000;1,0000000000000000;1,0000000000000000;1,0000000000000000;1,00000000000000000
2022-11-07;60+;10;10,0;10;10;10;10;10;10;10;10,0;10,0;10,0;312;312,0;312,0;312;312;312;312;312;312;312,0;312,0;312,0;1,0000000000000000;1,000000000000000;1,0000000000000000;1,0000000000000000;1,0000000000000000;1,0000000000000000;1,0000000000000000;1,0000000000000000;1,0000000000000000;1,0000000000000000;1,00000000000000000
2022-11-07;alle;11;11,0;11;11;11;11;11;11;11;11,0;11,0;11,0;390;390,0;390,0;390;390;390;390;390;390;390,0;390,0;390,0;NA;NA;NA;NA;NA;NA;NA;NA;NA;NA;NA
2022-11-06;0-60;2;2,0;2;2;2;2;2;2;2;2,0;2,0;2,0;79;79,0;79,0;79;79;79;79;79;79;79,0;79,0;79,0;1,0000000000000000;1,000000000000000;1,0000000000000000;1,0000000000000000;1,0000000000000000;1,0000000000000000;1,0000000000000000;1,0000000000000000;1,0000000000000000;1,0000000000000000;1,00000000000000000
2022-11-06;60+;2;2,0;2;2;2;2;2;2;2;2,0;2,0;2,0;308;308,0;308,0;308;308;308;308;308;308;308,0;308,0;308,0;1,0000000000000000;1,000000000000000;1,0000000000000000;1,0000000000000000;1,0000000000000000;1,0000000000000000;1,0000000000000000;1,0000000000000000;1,0000000000000000;1,0000000000000000;1,00000000000000000
2022-11-06;alle;4;4,0;4;4;4;4;4;4;4;4,0;4,0;4,0;387;387,0;387,0;387;387;387;387;387;387;387,0;387,0;387,0;NA;NA;NA;NA;NA;NA;NA;NA;NA;NA;NA
2022-11-05;0-60;10;10,0;10;10;10;10;10;10;10;10,0;10,0;10,0;81;81,0;81,0;81;81;81;81;81;81;81,0;81,0;81,0;1,0000000000000000;1,000000000000000;1,0000000000000000;1,0000000000000000;1,0000000000000000;1,0000000000000000;1,0000000000000000;1,0000000000000000;1,0000000000000000;1,0000000000000000;1,00000000000000000
2022-11-05;60+;34;34,0;34;34;34;34;34;34;34;34,0;34,0;34,0;315;315,0;315,0;315;315;315;315;315;315;315,0;315,0;315,0;1,0000000000000000;1,000000000000000;1,0000000000000000;1,0000000000000000;1,0000000000000000;1,0000000000000000;1,0000000000000000;1,0000000000000000;1,0000000000000000;1,0000000000000000;1,00000000000000000
2022-11-05;alle;44;44,0;44;44;44;44;44;44;44;44,0;44,0;44,0;396;396,0;396,0;396;396;396;396;396;396;396,0;396,0;396,0;NA;NA;NA;NA;NA;NA;NA;NA;NA;NA;NA
2022-11-04;0-60;17;17,0;17;17;17;17;17;17;17;17,0;17,0;17,0;86;86,0;86,0;86;86;86;86;86;86;86,0;86,0;86,0;1,0000000000000000;1,000000000000000;1,0000000000000000;1,0000000000000000;1,0000000000000000;1,0000000000000000;1,0000000000000000;1,0000000000000000;1,0000000000000000;1,0000000000000000;1,00000000000000000
2022-11-04;60+;71;71,0;71;71;71;71;71;71;71;71,0;71,0;71,0;319;319,0;319,0;319;319;319;319;319;319;319,0;319,0;319,0;1,0000000000000000;1,000000000000000;1,0000000000000000;1,0000000000000000;1,0000000000000000;1,0000000000000000;1,0000000000000000;1,0000000000000000;1,0000000000000000;1,0000000000000000;1,00000000000000000
2022-11-04;alle;88;88,0;88;88;88;88;88;88;88;88,0;88,0;88,0;405;405,0;405,0;405;405;405;405;405;405;405,0;405,0;405,0;NA;NA;NA;NA;NA;NA;NA;NA;NA;NA;NA
2022-11-03;0-60;19;19,0;19;19;19;19;19;19;19;19,0;19,0;19,0;90;90,0;90,0;90;90;90;90;90;90;90,0;90,0;90,0;1,0000000000000000;1,000000000000000;1,0000000000000000;1,0000000000000000;1,0000000000000000;1,0000000000000000;1,0000000000000000;1,0000000000000000;1,0000000000000000;1,0000000000000000;1,00000000000000000
2022-11-03;60+;89;89,0;89;89;89;89;89;89;89;89,0;89,0;89,0;295;295,0;295,0;295;295;295;295;295;295;295,0;295,0;295,0;1,0000000000000000;1,000000000000000;1,0000000000000000;1,0000000000000000;1,0000000000000000;1,0000000000000000;1,0000000000000000;1,0000000000000000;1,0000000000000000;1,0000000000000000;1,00000000000000000
2022-11-03;alle;108;108,0;108;108;108;108;108;108;108;108,0;108,0;108,0;385;385,0;385,0;385;385;385;385;385;385;385,0;385,0;385,0;NA;NA;NA;NA;NA;NA;NA;NA;NA;NA;NA
2022-11-02;0-60;3;3,0;3;3;3;3;3;3;3;3,0;3,0;3,0;91;91,0;91,0;91;91;91;91;91;91;91,0;91,0;91,0;1,0000000000000000;1,000000000000000;1,0000000000000000;1,0000000000000000;1,0000000000000000;1,0000000000000000;1,0000000000000000;1,0000000000000000;1,0000000000000000;1,0000000000000000;1,00000000000000000
2022-11-02;60+;13;13,0;13;13;13;13;13;13;13;13,0;13,0;13,0;275;275,0;275,0;275;275;275;275;275;275;275,0;275,0;275,0;1,0000000000000000;1,000000000000000;1,0000000000000000;1,0000000000000000;1,0000000000000000;1,0000000000000000;1,0000000000000000;1,0000000000000000;1,0000000000000000;1,0000000000000000;1,00000000000000000
2022-11-02;alle;16;16,0;16;16;16;16;16;16;16;16,0;16,0;16,0;366;366,0;366,0;366;366;366;366;366;366;366,0;366,0;366,0;NA;NA;NA;NA;NA;NA;NA;NA;NA;NA;NA
2022-11-01;0-60;26;26,0;26;26;26;26;26;26;26;26,0;26,0;26,0;113;113,0;113,0;113;113;113;113;113;113;113,0;113,0;113,0;1,0000000000000000;1,000000000000000;1,0000000000000000;1,0000000000000000;1,0000000000000000;1,0000000000000000;1,0000000000000000;1,0000000000000000;1,0000000000000000;1,0000000000000000;1,00000000000000000
2022-11-01;60+;93;93,0;93;93;93;93;93;93;93;93,0;93,0;93,0;344;344,0;344,0;344;344;344;344;344;344;344,0;344,0;344,0;1,0000000000000000;1,000000000000000;1,0000000000000000;1,0000000000000000;1,0000000000000000;1,0000000000000000;1,0000000000000000;1,0000000000000000;1,0000000000000000;1,0000000000000000;1,00000000000000000
2022-11-01;alle;119;119,0;119;119;119;119;119;119;119;119,0;119,0;119,0;457;457,0;457,0;457;457;457;457;457;457;457,0;457,0;457,0;NA;NA;NA;NA;NA;NA;NA;NA;NA;NA;NA
2022-10-31;0-60;2;2,0;2;2;2;2;2;2;2;2,0;2,0;2,0;136;136,0;136,0;136;136;136;136;136;136;136,0;136,0;136,0;1,0000000000000000;1,000000000000000;1,0000000000000000;1,0000000000000000;1,0000000000000000;1,0000000000000000;1,0000000000000000;1,0000000000000000;1,0000000000000000;1,0000000000000000;1,00000000000000000
2022-10-31;60+;6;6,0;6;6;6;6;6;6;6;6,0;6,0;6,0;403;403,0;403,0;403;403;403;403;403;403;403,0;403,0;403,0;1,0000000000000000;1,000000000000000;1,0000000000000000;1,0000000000000000;1,0000000000000000;1,0000000000000000;1,0000000000000000;1,0000000000000000;1,0000000000000000;1,0000000000000000;1,00000000000000000
2022-10-31;alle;8;8,0;8;8;8;8;8;8;8;8,0;8,0;8,0;539;539,0;539,0;539;539;539;539;539;539;539,0;539,0;539,0;NA;NA;NA;NA;NA;NA;NA;NA;NA;NA;NA
2022-10-30;0-60;4;4,0;4;4;4;4;4;4;4;4,0;4,0;4,0;136;136,0;136,0;136;136;136;136;136;136;136,0;136,0;136,0;1,0000000000000000;1,000000000000000;1,0000000000000000;1,0000000000000000;1,0000000000000000;1,0000000000000000;1,0000000000000000;1,0000000000000000;1,0000000000000000;1,0000000000000000;1,00000000000000000
2022-10-30;60+;9;9,0;9;9;9;9;9;9;9;9,0;9,0;9,0;409;409,0;409,0;409;409;409;409;409;409;409,0;409,0;409,0;1,0000000000000000;1,000000000000000;1,0000000000000000;1,0000000000000000;1,0000000000000000;1,0000000000000000;1,0000000000000000;1,0000000000000000;1,0000000000000000;1,0000000000000000;1,00000000000000000
2022-10-30;alle;13;13,0;13;13;13;13;13;13;13;13,0;13,0;13,0;545;545,0;545,0;545;545;545;545;545;545;545,0;545,0;545,0;NA;NA;NA;NA;NA;NA;NA;NA;NA;NA;NA
2022-10-29;0-60;15;15,0;15;15;15;15;15;15;15;15,0;15,0;15,0;135;135,0;135,0;135;135;135;135;135;135;135,0;135,0;135,0;1,0000000000000000;1,000000000000000;1,0000000000000000;1,0000000000000000;1,0000000000000000;1,0000000000000000;1,0000000000000000;1,0000000000000000;1,0000000000000000;1,0000000000000000;1,00000000000000000
2022-10-29;60+;38;38,0;38;38;38;38;38;38;38;38,0;38,0;38,0;410;410,0;410,0;410;410;410;410;410;410;410,0;410,0;410,0;1,0000000000000000;1,000000000000000;1,0000000000000000;1,0000000000000000;1,0000000000000000;1,0000000000000000;1,0000000000000000;1,0000000000000000;1,0000000000000000;1,0000000000000000;1,00000000000000000
2022-10-29;alle;53;53,0;53;53;53;53;53;53;53;53,0;53,0;53,0;545;545,0;545,0;545;545;545;545;545;545;545,0;545,0;545,0;NA;NA;NA;NA;NA;NA;NA;NA;NA;NA;NA
2022-10-28;0-60;21;21,0;21;21;21;21;21;21;21;21,0;21,0;21,0;143;143,0;143,0;143;143;143;143;143;143;143,0;143,0;143,0;1,0000000000000000;1,000000000000000;1,0000000000000000;1,0000000000000000;1,0000000000000000;1,0000000000000000;1,0000000000000000;1,0000000000000000;1,0000000000000000;1,0000000000000000;1,00000000000000000
2022-10-28;60+;47;47,0;47;47;47;47;47;47;47;47,0;47,0;47,0;456;456,0;456,0;456;456;456;456;456;456;456,0;456,0;456,0;1,0000000000000000;1,000000000000000;1,0000000000000000;1,0000000000000000;1,0000000000000000;1,0000000000000000;1,0000000000000000;1,0000000000000000;1,0000000000000000;1,0000000000000000;1,00000000000000000
2022-10-28;alle;68;68,0;68;68;68;68;68;68;68;68,0;68,0;68,0;599;599,0;599,0;599;599;599;599;599;599;599,0;599,0;599,0;NA;NA;NA;NA;NA;NA;NA;NA;NA;NA;NA
2022-10-27;0-60;20;20,0;20;20;20;20;20;20;20;20,0;20,0;20,0;147;147,0;147,0;147;147;147;147;147;147;147,0;147,0;147,0;1,0000000000000000;1,000000000000000;1,0000000000000000;1,0000000000000000;1,0000000000000000;1,0000000000000000;1,0000000000000000;1,0000000000000000;1,0000000000000000;1,0000000000000000;1,00000000000000000
2022-10-27;60+;69;69,0;69;69;69;69;69;69;69;69,0;69,0;69,0;491;491,0;491,0;491;491;491;491;491;491;491,0;491,0;491,0;1,0000000000000000;1,000000000000000;1,0000000000000000;1,0000000000000000;1,0000000000000000;1,0000000000000000;1,0000000000000000;1,0000000000000000;1,0000000000000000;1,0000000000000000;1,00000000000000000
2022-10-27;alle;89;89,0;89;89;89;89;89;89;89;89,0;89,0;89,0;638;638,0;638,0;638;638;638;638;638;638;638,0;638,0;638,0;NA;NA;NA;NA;NA;NA;NA;NA;NA;NA;NA
2022-10-26;0-60;25;25,0;25;25;25;25;25;25;25;25,0;25,0;25,0;154;154,0;154,0;154;154;154;154;154;154;154,0;154,0;154,0;1,0000000000000000;1,000000000000000;1,0000000000000000;1,0000000000000000;1,0000000000000000;1,0000000000000000;1,0000000000000000;1,0000000000000000;1,0000000000000000;1,0000000000000000;1,00000000000000000
2022-10-26;60+;82;82,0;82;82;82;82;82;82;82;82,0;82,0;82,0;508;508,0;508,0;508;508;508;508;508;508;508,0;508,0;508,0;1,0000000000000000;1,000000000000000;1,0000000000000000;1,0000000000000000;1,0000000000000000;1,0000000000000000;1,0000000000000000;1,0000000000000000;1,0000000000000000;1,0000000000000000;1,00000000000000000
2022-10-26;alle;107;107,0;107;107;107;107;107;107;107;107,0;107,0;107,0;662;662,0;662,0;662;662;662;662;662;662;662,0;662,0;662,0;NA;NA;NA;NA;NA;NA;NA;NA;NA;NA;NA
2022-10-25;0-60;49;49,0;49;49;49;49;49;49;49;49,0;49,0;49,0;159;159,0;159,0;159;159;159;159;159;159;159,0;159,0;159,0;1,0000000000000000;1,000000000000000;1,0000000000000000;1,0000000000000000;1,0000000000000000;1,0000000000000000;1,0000000000000000;1,0000000000000000;1,0000000000000000;1,0000000000000000;1,00000000000000000
2022-10-25;60+;152;152,0;152;152;152;152;152;152;152;152,0;152,0;152,0;598;598,0;598,0;598;598;598;598;598;598;598,0;598,0;598,0;1,0000000000000000;1,000000000000000;1,0000000000000000;1,0000000000000000;1,0000000000000000;1,0000000000000000;1,0000000000000000;1,0000000000000000;1,0000000000000000;1,0000000000000000;1,00000000000000000
2022-10-25;alle;201;201,0;201;201;201;201;201;201;201;201,0;201,0;201,0;757;757,0;757,0;757;757;757;757;757;757;757,0;757,0;757,0;NA;NA;NA;NA;NA;NA;NA;NA;NA;NA;NA
2022-10-24;0-60;2;2,0;2;2;2;2;2;2;2;2,0;2,0;2,0;149;149,0;149,0;149;149;149;149;149;149;149,0;149,0;149,0;1,0000000000000000;1,000000000000000;1,0000000000000000;1,0000000000000000;1,0000000000000000;1,0000000000000000;1,0000000000000000;1,0000000000000000;1,0000000000000000;1,0000000000000000;1,00000000000000000
2022-10-24;60+;12;12,0;12;12;12;12;12;12;12;12,0;12,0;12,0;608;608,0;608,0;608;608;608;608;608;608;608,0;608,0;608,0;1,0000000000000000;1,000000000000000;1,0000000000000000;1,0000000000000000;1,0000000000000000;1,0000000000000000;1,0000000000000000;1,0000000000000000;1,0000000000000000;1,0000000000000000;1,00000000000000000
2022-10-24;alle;14;14,0;14;14;14;14;14;14;14;14,0;14,0;14,0;757;757,0;757,0;757;757;757;757;757;757;757,0;757,0;757,0;NA;NA;NA;NA;NA;NA;NA;NA;NA;NA;NA
2022-10-23;0-60;3;3,0;3;3;3;3;3;3;3;3,0;3,0;3,0;151;151,0;151,0;151;151;151;151;151;151;151,0;151,0;151,0;1,0000000000000000;1,000000000000000;1,0000000000000000;1,0000000000000000;1,0000000000000000;1,0000000000000000;1,0000000000000000;1,0000000000000000;1,0000000000000000;1,0000000000000000;1,00000000000000000
2022-10-23;60+;10;10,0;10;10;10;10;10;10;10;10,0;10,0;10,0;610;610,0;610,0;610;610;610;610;610;610;610,0;610,0;610,0;1,0000000000000000;1,000000000000000;1,0000000000000000;1,0000000000000000;1,0000000000000000;1,0000000000000000;1,0000000000000000;1,0000000000000000;1,0000000000000000;1,0000000000000000;1,00000000000000000
2022-10-23;alle;13;13,0;13;13;13;13;13;13;13;13,0;13,0;13,0;761;761,0;761,0;761;761;761;761;761;761;761,0;761,0;761,0;NA;NA;NA;NA;NA;NA;NA;NA;NA;NA;NA
2022-10-22;0-60;23;23,0;23;23;23;23;23;23;23;23,0;23,0;23,0;149;149,0;149,0;149;149;149;149;149;149;149,0;149,0;149,0;1,0000000000000000;1,000000000000000;1,0000000000000000;1,0000000000000000;1,0000000000000000;1,0000000000000000;1,0000000000000000;1,0000000000000000;1,0000000000000000;1,0000000000000000;1,00000000000000000
2022-10-22;60+;84;84,0;84;84;84;84;84;84;84;84,0;84,0;84,0;618;618,0;618,0;618;618;618;618;618;618;618,0;618,0;618,0;1,0000000000000000;1,000000000000000;1,0000000000000000;1,0000000000000000;1,0000000000000000;1,0000000000000000;1,0000000000000000;1,0000000000000000;1,0000000000000000;1,0000000000000000;1,00000000000000000
2022-10-22;alle;107;107,0;107;107;107;107;107;107;107;107,0;107,0;107,0;767;767,0;767,0;767;767;767;767;767;767;767,0;767,0;767,0;NA;NA;NA;NA;NA;NA;NA;NA;NA;NA;NA
2022-10-21;0-60;25;25,0;25;25;25;25;25;25;25;25,0;25,0;25,0;143;143,0;143,0;143;143;143;143;143;143;143,0;143,0;143,0;1,0000000000000000;1,000000000000000;1,0000000000000000;1,0000000000000000;1,0000000000000000;1,0000000000000000;1,0000000000000000;1,0000000000000000;1,0000000000000000;1,0000000000000000;1,00000000000000000
2022-10-21;60+;82;82,0;82;82;82;82;82;82;82;82,0;82,0;82,0;634;634,0;634,0;634;634;634;634;634;634;634,0;634,0;634,0;1,0000000000000000;1,000000000000000;1,0000000000000000;1,0000000000000000;1,0000000000000000;1,0000000000000000;1,0000000000000000;1,0000000000000000;1,0000000000000000;1,0000000000000000;1,00000000000000000
2022-10-21;alle;107;107,0;107;107;107;107;107;107;107;107,0;107,0;107,0;777;777,0;777,0;777;777;777;777;777;777;777,0;777,0;777,0;NA;NA;NA;NA;NA;NA;NA;NA;NA;NA;NA
2022-10-20;0-60;27;27,0;27;27;27;27;27;27;27;27,0;27,0;27,0;152;152,0;152,0;152;152;152;152;152;152;152,0;152,0;152,0;1,0000000000000000;1,000000000000000;1,0000000000000000;1,0000000000000000;1,0000000000000000;1,0000000000000000;1,0000000000000000;1,0000000000000000;1,0000000000000000;1,0000000000000000;1,00000000000000000
2022-10-20;60+;86;86,0;86;86;86;86;86;86;86;86,0;86,0;86,0;681;681,0;681,0;681;681;681;681;681;681;681,0;681,0;681,0;1,0000000000000000;1,000000000000000;1,0000000000000000;1,0000000000000000;1,0000000000000000;1,0000000000000000;1,0000000000000000;1,0000000000000000;1,0000000000000000;1,0000000000000000;1,00000000000000000
2022-10-20;alle;113;113,0;113;113;113;113;113;113;113;113,0;113,0;113,0;833;833,0;833,0;833;833;833;833;833;833;833,0;833,0;833,0;NA;NA;NA;NA;NA;NA;NA;NA;NA;NA;NA
2022-10-19;0-60;30;30,0;30;30;30;30;30;30;30;30,0;30,0;30,0;160;160,0;160,0;160;160;160;160;160;160;160,0;160,0;160,0;1,0000000000000000;1,000000000000000;1,0000000000000000;1,0000000000000000;1,0000000000000000;1,0000000000000000;1,0000000000000000;1,0000000000000000;1,0000000000000000;1,0000000000000000;1,00000000000000000
2022-10-19;60+;172;172,0;172;172;172;172;172;172;172;172,0;172,0;172,0;733;733,0;733,0;733;733;733;733;733;733;733,0;733,0;733,0;1,0000000000000000;1,000000000000000;1,0000000000000000;1,0000000000000000;1,0000000000000000;1,0000000000000000;1,0000000000000000;1,0000000000000000;1,0000000000000000;1,0000000000000000;1,00000000000000000
2022-10-19;alle;202;202,0;202;202;202;202;202;202;202;202,0;202,0;202,0;893;893,0;893,0;893;893;893;893;893;893;893,0;893,0;893,0;NA;NA;NA;NA;NA;NA;NA;NA;NA;NA;NA
2022-10-18;0-60;39;39,0;39;39;39;39;39;39;39;39,0;39,0;39,0;160;160,0;160,0;160;160;160;160;160;160;160,0;160,0;160,0;1,0000000000000000;1,000000000000000;1,0000000000000000;1,0000000000000000;1,0000000000000000;1,0000000000000000;1,0000000000000000;1,0000000000000000;1,0000000000000000;1,0000000000000000;1,00000000000000000
2022-10-18;60+;162;162,0;162;162;162;162;162;162;162;162,0;162,0;162,0;711;711,0;711,0;711;711;711;711;711;711;711,0;711,0;711,0;1,0000000000000000;1,000000000000000;1,0000000000000000;1,0000000000000000;1,0000000000000000;1,0000000000000000;1,0000000000000000;1,0000000000000000;1,0000000000000000;1,0000000000000000;1,00000000000000000
2022-10-18;alle;201;201,0;201;201;201;201;201;201;201;201,0;201,0;201,0;871;871,0;871,0;871;871;871;871;871;871;871,0;871,0;871,0;NA;NA;NA;NA;NA;NA;NA;NA;NA;NA;NA
2022-10-17;0-60;4;4,0;4;4;4;4;4;4;4;4,0;4,0;4,0;181;181,0;181,0;181;181;181;181;181;181;181,0;181,0;181,0;1,0000000000000000;1,000000000000000;1,0000000000000000;1,0000000000000000;1,0000000000000000;1,0000000000000000;1,0000000000000000;1,0000000000000000;1,0000000000000000;1,0000000000000000;1,00000000000000000
2022-10-17;60+;14;14,0;14;14;14;14;14;14;14;14,0;14,0;14,0;767;767,0;767,0;767;767;767;767;767;767;767,0;767,0;767,0;1,0000000000000000;1,000000000000000;1,0000000000000000;1,0000000000000000;1,0000000000000000;1,0000000000000000;1,0000000000000000;1,0000000000000000;1,0000000000000000;1,0000000000000000;1,00000000000000000
2022-10-17;alle;18;18,0;18;18;18;18;18;18;18;18,0;18,0;18,0;948;948,0;948,0;948;948;948;948;948;948;948,0;948,0;948,0;NA;NA;NA;NA;NA;NA;NA;NA;NA;NA;NA
2022-10-16;0-60;1;1,0;1;1;1;1;1;1;1;1,0;1,0;1,0;180;180,0;180,0;180;180;180;180;180;180;180,0;180,0;180,0;1,0000000000000000;1,000000000000000;1,0000000000000000;1,0000000000000000;1,0000000000000000;1,0000000000000000;1,0000000000000000;1,0000000000000000;1,0000000000000000;1,0000000000000000;1,00000000000000000
2022-10-16;60+;18;18,0;18;18;18;18;18;18;18;18,0;18,0;18,0;777;777,0;777,0;777;777;777;777;777;777;777,0;777,0;777,0;1,0000000000000000;1,000000000000000;1,0000000000000000;1,0000000000000000;1,0000000000000000;1,0000000000000000;1,0000000000000000;1,0000000000000000;1,0000000000000000;1,0000000000000000;1,00000000000000000
2022-10-16;alle;19;19,0;19;19;19;19;19;19;19;19,0;19,0;19,0;957;957,0;957,0;957;957;957;957;957;957;957,0;957,0;957,0;NA;NA;NA;NA;NA;NA;NA;NA;NA;NA;NA
2022-10-15;0-60;17;17,0;17;17;17;17;17;17;17;17,0;17,0;17,0;187;187,0;187,0;187;187;187;187;187;187;187,0;187,0;187,0;1,0000000000000000;1,000000000000000;1,0000000000000000;1,0000000000000000;1,0000000000000000;1,0000000000000000;1,0000000000000000;1,0000000000000000;1,0000000000000000;1,0000000000000000;1,00000000000000000
2022-10-15;60+;100;100,0;100;100;100;100;100;100;100;100,0;100,0;100,0;772;772,0;772,0;772;772;772;772;772;772;772,0;772,0;772,0;1,0000000000000000;1,000000000000000;1,0000000000000000;1,0000000000000000;1,0000000000000000;1,0000000000000000;1,0000000000000000;1,0000000000000000;1,0000000000000000;1,0000000000000000;1,00000000000000000
2022-10-15;alle;117;117,0;117;117;117;117;117;117;117;117,0;117,0;117,0;959;959,0;959,0;959;959;959;959;959;959;959,0;959,0;959,0;NA;NA;NA;NA;NA;NA;NA;NA;NA;NA;NA
2022-10-14;0-60;34;34,0;34;34;34;34;34;34;34;34,0;34,0;34,0;198;198,0;198,0;198;198;198;198;198;198;198,0;198,0;198,0;1,0000000000000000;1,000000000000000;1,0000000000000000;1,0000000000000000;1,0000000000000000;1,0000000000000000;1,0000000000000000;1,0000000000000000;1,0000000000000000;1,0000000000000000;1,00000000000000000
2022-10-14;60+;129;129,0;129;129;129;129;129;129;129;129,0;129,0;129,0;777;777,0;777,0;777;777;777;777;777;777;777,0;777,0;777,0;1,0000000000000000;1,000000000000000;1,0000000000000000;1,0000000000000000;1,0000000000000000;1,0000000000000000;1,0000000000000000;1,0000000000000000;1,0000000000000000;1,0000000000000000;1,00000000000000000
2022-10-14;alle;163;163,0;163;163;163;163;163;163;163;163,0;163,0;163,0;975;975,0;975,0;975;975;975;975;975;975;975,0;975,0;975,0;NA;NA;NA;NA;NA;NA;NA;NA;NA;NA;NA
2022-10-13;0-60;35;35,0;35;35;35;35;35;35;35;35,0;35,0;35,0;205;205,0;205,0;205;205;205;205;205;205;205,0;205,0;205,0;1,0000000000000000;1,000000000000000;1,0000000000000000;1,0000000000000000;1,0000000000000000;1,0000000000000000;1,0000000000000000;1,0000000000000000;1,0000000000000000;1,0000000000000000;1,00000000000000000
2022-10-13;60+;138;138,0;138;138;138;138;138;138;138;138,0;138,0;138,0;785;785,0;785,0;785;785;785;785;785;785;785,0;785,0;785,0;1,0000000000000000;1,000000000000000;1,0000000000000000;1,0000000000000000;1,0000000000000000;1,0000000000000000;1,0000000000000000;1,0000000000000000;1,0000000000000000;1,0000000000000000;1,00000000000000000
2022-10-13;alle;173;173,0;173;173;173;173;173;173;173;173,0;173,0;173,0;990;990,0;990,0;990;990;990;990;990;990;990,0;990,0;990,0;NA;NA;NA;NA;NA;NA;NA;NA;NA;NA;NA
2022-10-12;0-60;30;30,0;30;30;30;30;30;30;30;30,0;30,0;30,0;199;199,0;199,0;199;199;199;199;199;199;199,0;199,0;199,0;1,0000000000000000;1,000000000000000;1,0000000000000000;1,0000000000000000;1,0000000000000000;1,0000000000000000;1,0000000000000000;1,0000000000000000;1,0000000000000000;1,0000000000000000;1,00000000000000000
2022-10-12;60+;150;150,0;150;150;150;150;150;150;150;150,0;150,0;150,0;793;793,0;793,0;793;793;793;793;793;793;793,0;793,0;793,0;1,0000000000000000;1,000000000000000;1,0000000000000000;1,0000000000000000;1,0000000000000000;1,0000000000000000;1,0000000000000000;1,0000000000000000;1,0000000000000000;1,0000000000000000;1,00000000000000000
2022-10-12;alle;180;180,0;180;180;180;180;180;180;180;180,0;180,0;180,0;992;992,0;992,0;992;992;992;992;992;992;992,0;992,0;992,0;NA;NA;NA;NA;NA;NA;NA;NA;NA;NA;NA
2022-10-11;0-60;60;60,0;60;60;60;60;60;60;60;60,0;60,0;60,0;221;221,0;221,0;221;221;221;221;221;221;221,0;221,0;221,0;1,0000000000000000;1,000000000000000;1,0000000000000000;1,0000000000000000;1,0000000000000000;1,0000000000000000;1,0000000000000000;1,0000000000000000;1,0000000000000000;1,0000000000000000;1,00000000000000000
2022-10-11;60+;218;218,0;218;218;218;218;218;218;218;218,0;218,0;218,0;865;865,0;865,0;865;865;865;865;865;865;865,0;865,0;865,0;1,0000000000000000;1,000000000000000;1,0000000000000000;1,0000000000000000;1,0000000000000000;1,0000000000000000;1,0000000000000000;1,0000000000000000;1,0000000000000000;1,0000000000000000;1,00000000000000000
2022-10-11;alle;278;278,0;278;278;278;278;278;278;278;278,0;278,0;278,0;1086;1086,0;1086,0;1086;1086;1086;1086;1086;1086;1086,0;1086,0;1086,0;NA;NA;NA;NA;NA;NA;NA;NA;NA;NA;NA
2022-10-10;0-60;3;3,0;3;3;3;3;3;3;3;3,0;3,0;3,0;168;168,0;168,0;168;168;168;168;168;168;168,0;168,0;168,0;1,0000000000000000;1,000000000000000;1,0000000000000000;1,0000000000000000;1,0000000000000000;1,0000000000000000;1,0000000000000000;1,0000000000000000;1,0000000000000000;1,0000000000000000;1,00000000000000000
2022-10-10;60+;24;24,0;24;24;24;24;24;24;24;24,0;24,0;24,0;683;683,0;683,0;683;683;683;683;683;683;683,0;683,0;683,0;1,0000000000000000;1,000000000000000;1,0000000000000000;1,0000000000000000;1,0000000000000000;1,0000000000000000;1,0000000000000000;1,0000000000000000;1,0000000000000000;1,0000000000000000;1,00000000000000000
2022-10-10;alle;27;27,0;27;27;27;27;27;27;27;27,0;27,0;27,0;851;851,0;851,0;851;851;851;851;851;851;851,0;851,0;851,0;NA;NA;NA;NA;NA;NA;NA;NA;NA;NA;NA
2022-10-09;0-60;8;8,0;8;8;8;8;8;8;8;8,0;8,0;8,0;169;169,0;169,0;169;169;169;169;169;169;169,0;169,0;169,0;1,0000000000000000;1,000000000000000;1,0000000000000000;1,0000000000000000;1,0000000000000000;1,0000000000000000;1,0000000000000000;1,0000000000000000;1,0000000000000000;1,0000000000000000;1,00000000000000000
2022-10-09;60+;13;13,0;13;13;13;13;13;13;13;13,0;13,0;13,0;674;674,0;674,0;674;674;674;674;674;674;674,0;674,0;674,0;1,0000000000000000;1,000000000000000;1,0000000000000000;1,0000000000000000;1,0000000000000000;1,0000000000000000;1,0000000000000000;1,0000000000000000;1,0000000000000000;1,0000000000000000;1,00000000000000000
2022-10-09;alle;21;21,0;21;21;21;21;21;21;21;21,0;21,0;21,0;843;843,0;843,0;843;843;843;843;843;843;843,0;843,0;843,0;NA;NA;NA;NA;NA;NA;NA;NA;NA;NA;NA
2022-10-08;0-60;28;28,0;28;28;28;28;28;28;28;28,0;28,0;28,0;162;162,0;162,0;162;162;162;162;162;162;162,0;162,0;162,0;1,0000000000000000;1,000000000000000;1,0000000000000000;1,0000000000000000;1,0000000000000000;1,0000000000000000;1,0000000000000000;1,0000000000000000;1,0000000000000000;1,0000000000000000;1,00000000000000000
2022-10-08;60+;105;105,0;105;105;105;105;105;105;105;105,0;105,0;105,0;672;672,0;672,0;672;672;672;672;672;672;672,0;672,0;672,0;1,0000000000000000;1,000000000000000;1,0000000000000000;1,0000000000000000;1,0000000000000000;1,0000000000000000;1,0000000000000000;1,0000000000000000;1,0000000000000000;1,0000000000000000;1,00000000000000000
2022-10-08;alle;133;133,0;133;133;133;133;133;133;133;133,0;133,0;133,0;834;834,0;834,0;834;834;834;834;834;834;834,0;834,0;834,0;NA;NA;NA;NA;NA;NA;NA;NA;NA;NA;NA
2022-10-07;0-60;41;41,0;41;41;41;41;41;41;41;41,0;41,0;41,0;148;148,0;148,0;148;148;148;148;148;148;148,0;148,0;148,0;1,0000000000000000;1,000000000000000;1,0000000000000000;1,0000000000000000;1,0000000000000000;1,0000000000000000;1,0000000000000000;1,0000000000000000;1,0000000000000000;1,0000000000000000;1,00000000000000000
2022-10-07;60+;137;137,0;137;137;137;137;137;137;137;137,0;137,0;137,0;631;631,0;631,0;631;631;631;631;631;631;631,0;631,0;631,0;1,0000000000000000;1,000000000000000;1,0000000000000000;1,0000000000000000;1,0000000000000000;1,0000000000000000;1,0000000000000000;1,0000000000000000;1,0000000000000000;1,0000000000000000;1,00000000000000000
2022-10-07;alle;178;178,0;178;178;178;178;178;178;178;178,0;178,0;178,0;779;779,0;779,0;779;779;779;779;779;779;779,0;779,0;779,0;NA;NA;NA;NA;NA;NA;NA;NA;NA;NA;NA
2022-10-06;0-60;29;29,0;29;29;29;29;29;29;29;29,0;29,0;29,0;136;136,0;136,0;136;136;136;136;136;136;136,0;136,0;136,0;1,0000000000000000;1,000000000000000;1,0000000000000000;1,0000000000000000;1,0000000000000000;1,0000000000000000;1,0000000000000000;1,0000000000000000;1,0000000000000000;1,0000000000000000;1,00000000000000000
2022-10-06;60+;146;146,0;146;146;146;146;146;146;146;146,0;146,0;146,0;579;579,0;579,0;579;579;579;579;579;579;579,0;579,0;579,0;1,0000000000000000;1,000000000000000;1,0000000000000000;1,0000000000000000;1,0000000000000000;1,0000000000000000;1,0000000000000000;1,0000000000000000;1,0000000000000000;1,0000000000000000;1,00000000000000000
2022-10-06;alle;175;175,0;175;175;175;175;175;175;175;175,0;175,0;175,0;715;715,0;715,0;715;715;715;715;715;715;715,0;715,0;715,0;NA;NA;NA;NA;NA;NA;NA;NA;NA;NA;NA
2022-10-05;0-60;52;52,0;52;52;52;52;52;52;52;52,0;52,0;52,0;142;142,0;142,0;142;142;142;142;142;142;142,0;142,0;142,0;1,0000000000000000;1,000000000000000;1,0000000000000000;1,0000000000000000;1,0000000000000000;1,0000000000000000;1,0000000000000000;1,0000000000000000;1,0000000000000000;1,0000000000000000;1,00000000000000000
2022-10-05;60+;222;222,0;222;222;222;222;222;222;222;222,0;222,0;222,0;511;511,0;511,0;511;511;511;511;511;511;511,0;511,0;511,0;1,0000000000000000;1,000000000000000;1,0000000000000000;1,0000000000000000;1,0000000000000000;1,0000000000000000;1,0000000000000000;1,0000000000000000;1,0000000000000000;1,0000000000000000;1,00000000000000000
2022-10-05;alle;274;274,0;274;274;274;274;274;274;274;274,0;274,0;274,0;653;653,0;653,0;653;653;653;653;653;653;653,0;653,0;653,0;NA;NA;NA;NA;NA;NA;NA;NA;NA;NA;NA
2022-10-04;0-60;7;7,0;7;7;7;7;7;7;7;7,0;7,0;7,0;137;137,0;137,0;137;137;137;137;137;137;137,0;137,0;137,0;1,0000000000000000;1,000000000000000;1,0000000000000000;1,0000000000000000;1,0000000000000000;1,0000000000000000;1,0000000000000000;1,0000000000000000;1,0000000000000000;1,0000000000000000;1,00000000000000000
2022-10-04;60+;36;36,0;36;36;36;36;36;36;36;36,0;36,0;36,0;391;391,0;391,0;391;391;391;391;391;391;391,0;391,0;391,0;1,0000000000000000;1,000000000000000;1,0000000000000000;1,0000000000000000;1,0000000000000000;1,0000000000000000;1,0000000000000000;1,0000000000000000;1,0000000000000000;1,0000000000000000;1,00000000000000000
2022-10-04;alle;43;43,0;43;43;43;43;43;43;43;43,0;43,0;43,0;528;528,0;528,0;528;528;528;528;528;528;528,0;528,0;528,0;NA;NA;NA;NA;NA;NA;NA;NA;NA;NA;NA
2022-10-03;0-60;4;4,0;4;4;4;4;4;4;4;4,0;4,0;4,0;172;172,0;172,0;172;172;172;172;172;172;172,0;172,0;172,0;1,0000000000000000;1,000000000000000;1,0000000000000000;1,0000000000000000;1,0000000000000000;1,0000000000000000;1,0000000000000000;1,0000000000000000;1,0000000000000000;1,0000000000000000;1,00000000000000000
2022-10-03;60+;15;15,0;15;15;15;15;15;15;15;15,0;15,0;15,0;481;481,0;481,0;481;481;481;481;481;481;481,0;481,0;481,0;1,0000000000000000;1,000000000000000;1,0000000000000000;1,0000000000000000;1,0000000000000000;1,0000000000000000;1,0000000000000000;1,0000000000000000;1,0000000000000000;1,0000000000000000;1,00000000000000000
2022-10-03;alle;19;19,0;19;19;19;19;19;19;19;19,0;19,0;19,0;653;653,0;653,0;653;653;653;653;653;653;653,0;653,0;653,0;NA;NA;NA;NA;NA;NA;NA;NA;NA;NA;NA
2022-10-02;0-60;1;1,0;1;1;1;1;1;1;1;1,0;1,0;1,0;174;174,0;174,0;174;174;174;174;174;174;174,0;174,0;174,0;1,0000000000000000;1,000000000000000;1,0000000000000000;1,0000000000000000;1,0000000000000000;1,0000000000000000;1,0000000000000000;1,0000000000000000;1,0000000000000000;1,0000000000000000;1,00000000000000000
2022-10-02;60+;11;11,0;11;11;11;11;11;11;11;11,0;11,0;11,0;478;478,0;478,0;478;478;478;478;478;478;478,0;478,0;478,0;1,0000000000000000;1,000000000000000;1,0000000000000000;1,0000000000000000;1,0000000000000000;1,0000000000000000;1,0000000000000000;1,0000000000000000;1,0000000000000000;1,0000000000000000;1,00000000000000000
2022-10-02;alle;12;12,0;12;12;12;12;12;12;12;12,0;12,0;12,0;652;652,0;652,0;652;652;652;652;652;652;652,0;652,0;652,0;NA;NA;NA;NA;NA;NA;NA;NA;NA;NA;NA
2022-10-01;0-60;14;14,0;14;14;14;14;14;14;14;14,0;14,0;14,0;176;176,0;176,0;176;176;176;176;176;176;176,0;176,0;176,0;1,0000000000000000;1,000000000000000;1,0000000000000000;1,0000000000000000;1,0000000000000000;1,0000000000000000;1,0000000000000000;1,0000000000000000;1,0000000000000000;1,0000000000000000;1,00000000000000000
2022-10-01;60+;64;64,0;64;64;64;64;64;64;64;64,0;64,0;64,0;470;470,0;470,0;470;470;470;470;470;470;470,0;470,0;470,0;1,0000000000000000;1,000000000000000;1,0000000000000000;1,0000000000000000;1,0000000000000000;1,0000000000000000;1,0000000000000000;1,0000000000000000;1,0000000000000000;1,0000000000000000;1,00000000000000000
2022-10-01;alle;78;78,0;78;78;78;78;78;78;78;78,0;78,0;78,0;646;646,0;646,0;646;646;646;646;646;646;646,0;646,0;646,0;NA;NA;NA;NA;NA;NA;NA;NA;NA;NA;NA
2022-09-30;0-60;29;29,0;29;29;29;29;29;29;29;29,0;29,0;29,0;172;172,0;172,0;172;172;172;172;172;172;172,0;172,0;172,0;1,0000000000000000;1,000000000000000;1,0000000000000000;1,0000000000000000;1,0000000000000000;1,0000000000000000;1,0000000000000000;1,0000000000000000;1,0000000000000000;1,0000000000000000;1,00000000000000000
2022-09-30;60+;85;85,0;85;85;85;85;85;85;85;85,0;85,0;85,0;442;442,0;442,0;442;442;442;442;442;442;442,0;442,0;442,0;1,0000000000000000;1,000000000000000;1,0000000000000000;1,0000000000000000;1,0000000000000000;1,0000000000000000;1,0000000000000000;1,0000000000000000;1,0000000000000000;1,0000000000000000;1,00000000000000000
2022-09-30;alle;114;114,0;114;114;114;114;114;114;114;114,0;114,0;114,0;614;614,0;614,0;614;614;614;614;614;614;614,0;614,0;614,0;NA;NA;NA;NA;NA;NA;NA;NA;NA;NA;NA
2022-09-29;0-60;35;35,0;35;35;35;35;35;35;35;35,0;35,0;35,0;157;157,0;157,0;157;157;157;157;157;157;157,0;157,0;157,0;1,0000000000000000;1,000000000000000;1,0000000000000000;1,0000000000000000;1,0000000000000000;1,0000000000000000;1,0000000000000000;1,0000000000000000;1,0000000000000000;1,0000000000000000;1,00000000000000000
2022-09-29;60+;78;78,0;78;78;78;78;78;78;78;78,0;78,0;78,0;399;399,0;399,0;399;399;399;399;399;399;399,0;399,0;399,0;1,0000000000000000;1,000000000000000;1,0000000000000000;1,0000000000000000;1,0000000000000000;1,0000000000000000;1,0000000000000000;1,0000000000000000;1,0000000000000000;1,0000000000000000;1,00000000000000000
2022-09-29;alle;113;113,0;113;113;113;113;113;113;113;113,0;113,0;113,0;556;556,0;556,0;556;556;556;556;556;556;556,0;556,0;556,0;NA;NA;NA;NA;NA;NA;NA;NA;NA;NA;NA
2022-09-28;0-60;47;47,0;47;47;47;47;47;47;47;47,0;47,0;47,0;133;133,0;133,0;133;133;133;133;133;133;133,0;133,0;133,0;1,0000000000000000;1,000000000000000;1,0000000000000000;1,0000000000000000;1,0000000000000000;1,0000000000000000;1,0000000000000000;1,0000000000000000;1,0000000000000000;1,0000000000000000;1,00000000000000000
2022-09-28;60+;102;102,0;102;102;102;102;102;102;102;102,0;102,0;102,0;359;359,0;359,0;359;359;359;359;359;359;359,0;359,0;359,0;1,0000000000000000;1,000000000000000;1,0000000000000000;1,0000000000000000;1,0000000000000000;1,0000000000000000;1,0000000000000000;1,0000000000000000;1,0000000000000000;1,0000000000000000;1,00000000000000000
2022-09-28;alle;149;149,0;149;149;149;149;149;149;149;149,0;149,0;149,0;492;492,0;492,0;492;492;492;492;492;492;492,0;492,0;492,0;NA;NA;NA;NA;NA;NA;NA;NA;NA;NA;NA
2022-09-27;0-60;42;42,0;42;42;42;42;42;42;42;42,0;42,0;42,0;101;101,0;101,0;101;101;101;101;101;101;101,0;101,0;101,0;1,0000000000000000;1,000000000000000;1,0000000000000000;1,0000000000000000;1,0000000000000000;1,0000000000000000;1,0000000000000000;1,0000000000000000;1,0000000000000000;1,0000000000000000;1,00000000000000000
2022-09-27;60+;126;126,0;126;126;126;126;126;126;126;126,0;126,0;126,0;313;313,0;313,0;313;313;313;313;313;313;313,0;313,0;313,0;1,0000000000000000;1,000000000000000;1,0000000000000000;1,0000000000000000;1,0000000000000000;1,0000000000000000;1,0000000000000000;1,0000000000000000;1,0000000000000000;1,0000000000000000;1,00000000000000000
2022-09-27;alle;168;168,0;168;168;168;168;168;168;168;168,0;168,0;168,0;414;414,0;414,0;414;414;414;414;414;414;414,0;414,0;414,0;NA;NA;NA;NA;NA;NA;NA;NA;NA;NA;NA
2022-09-26;0-60;6;6,0;6;6;6;6;6;6;6;6,0;6,0;6,0;90;90,0;90,0;90;90;90;90;90;90;90,0;90,0;90,0;1,0000000000000000;1,000000000000000;1,0000000000000000;1,0000000000000000;1,0000000000000000;1,0000000000000000;1,0000000000000000;1,0000000000000000;1,0000000000000000;1,0000000000000000;1,00000000000000000
2022-09-26;60+;12;12,0;12;12;12;12;12;12;12;12,0;12,0;12,0;278;278,0;278,0;278;278;278;278;278;278;278,0;278,0;278,0;1,0000000000000000;1,000000000000000;1,0000000000000000;1,0000000000000000;1,0000000000000000;1,0000000000000000;1,0000000000000000;1,0000000000000000;1,0000000000000000;1,0000000000000000;1,00000000000000000
2022-09-26;alle;18;18,0;18;18;18;18;18;18;18;18,0;18,0;18,0;368;368,0;368,0;368;368;368;368;368;368;368,0;368,0;368,0;NA;NA;NA;NA;NA;NA;NA;NA;NA;NA;NA
2022-09-25;0-60;3;3,0;3;3;3;3;3;3;3;3,0;3,0;3,0;88;88,0;88,0;88;88;88;88;88;88;88,0;88,0;88,0;1,0000000000000000;1,000000000000000;1,0000000000000000;1,0000000000000000;1,0000000000000000;1,0000000000000000;1,0000000000000000;1,0000000000000000;1,0000000000000000;1,0000000000000000;1,00000000000000000
2022-09-25;60+;3;3,0;3;3;3;3;3;3;3;3,0;3,0;3,0;273;273,0;273,0;273;273;273;273;273;273;273,0;273,0;273,0;1,0000000000000000;1,000000000000000;1,0000000000000000;1,0000000000000000;1,0000000000000000;1,0000000000000000;1,0000000000000000;1,0000000000000000;1,0000000000000000;1,0000000000000000;1,00000000000000000
2022-09-25;alle;6;6,0;6;6;6;6;6;6;6;6,0;6,0;6,0;361;361,0;361,0;361;361;361;361;361;361;361,0;361,0;361,0;NA;NA;NA;NA;NA;NA;NA;NA;NA;NA;NA
2022-09-24;0-60;10;10,0;10;10;10;10;10;10;10;10,0;10,0;10,0;87;87,0;87,0;87;87;87;87;87;87;87,0;87,0;87,0;1,0000000000000000;1,000000000000000;1,0000000000000000;1,0000000000000000;1,0000000000000000;1,0000000000000000;1,0000000000000000;1,0000000000000000;1,0000000000000000;1,0000000000000000;1,00000000000000000
2022-09-24;60+;36;36,0;36;36;36;36;36;36;36;36,0;36,0;36,0;271;271,0;271,0;271;271;271;271;271;271;271,0;271,0;271,0;1,0000000000000000;1,000000000000000;1,0000000000000000;1,0000000000000000;1,0000000000000000;1,0000000000000000;1,0000000000000000;1,0000000000000000;1,0000000000000000;1,0000000000000000;1,00000000000000000
2022-09-24;alle;46;46,0;46;46;46;46;46;46;46;46,0;46,0;46,0;358;358,0;358,0;358;358;358;358;358;358;358,0;358,0;358,0;NA;NA;NA;NA;NA;NA;NA;NA;NA;NA;NA
2022-09-23;0-60;14;14,0;14;14;14;14;14;14;14;14,0;14,0;14,0;87;87,0;87,0;87;87;87;87;87;87;87,0;87,0;87,0;1,0000000000000000;1,000000000000000;1,0000000000000000;1,0000000000000000;1,0000000000000000;1,0000000000000000;1,0000000000000000;1,0000000000000000;1,0000000000000000;1,0000000000000000;1,00000000000000000
2022-09-23;60+;42;42,0;42;42;42;42;42;42;42;42,0;42,0;42,0;265;265,0;265,0;265;265;265;265;265;265;265,0;265,0;265,0;1,0000000000000000;1,000000000000000;1,0000000000000000;1,0000000000000000;1,0000000000000000;1,0000000000000000;1,0000000000000000;1,0000000000000000;1,0000000000000000;1,0000000000000000;1,00000000000000000
2022-09-23;alle;56;56,0;56;56;56;56;56;56;56;56,0;56,0;56,0;352;352,0;352,0;352;352;352;352;352;352;352,0;352,0;352,0;NA;NA;NA;NA;NA;NA;NA;NA;NA;NA;NA
2022-09-22;0-60;11;11,0;11;11;11;11;11;11;11;11,0;11,0;11,0;87;87,0;87,0;87;87;87;87;87;87;87,0;87,0;87,0;1,0000000000000000;1,000000000000000;1,0000000000000000;1,0000000000000000;1,0000000000000000;1,0000000000000000;1,0000000000000000;1,0000000000000000;1,0000000000000000;1,0000000000000000;1,00000000000000000
2022-09-22;60+;38;38,0;38;38;38;38;38;38;38;38,0;38,0;38,0;250;250,0;250,0;250;250;250;250;250;250;250,0;250,0;250,0;1,0000000000000000;1,000000000000000;1,0000000000000000;1,0000000000000000;1,0000000000000000;1,0000000000000000;1,0000000000000000;1,0000000000000000;1,0000000000000000;1,0000000000000000;1,00000000000000000
2022-09-22;alle;49;49,0;49;49;49;49;49;49;49;49,0;49,0;49,0;337;337,0;337,0;337;337;337;337;337;337;337,0;337,0;337,0;NA;NA;NA;NA;NA;NA;NA;NA;NA;NA;NA
2022-09-21;0-60;15;15,0;15;15;15;15;15;15;15;15,0;15,0;15,0;90;90,0;90,0;90;90;90;90;90;90;90,0;90,0;90,0;1,0000000000000000;1,000000000000000;1,0000000000000000;1,0000000000000000;1,0000000000000000;1,0000000000000000;1,0000000000000000;1,0000000000000000;1,0000000000000000;1,0000000000000000;1,00000000000000000
2022-09-21;60+;56;56,0;56;56;56;56;56;56;56;56,0;56,0;56,0;248;248,0;248,0;248;248;248;248;248;248;248,0;248,0;248,0;1,0000000000000000;1,000000000000000;1,0000000000000000;1,0000000000000000;1,0000000000000000;1,0000000000000000;1,0000000000000000;1,0000000000000000;1,0000000000000000;1,0000000000000000;1,00000000000000000
2022-09-21;alle;71;71,0;71;71;71;71;71;71;71;71,0;71,0;71,0;338;338,0;338,0;338;338;338;338;338;338;338,0;338,0;338,0;NA;NA;NA;NA;NA;NA;NA;NA;NA;NA;NA
2022-09-20;0-60;31;31,0;31;31;31;31;31;31;31;31,0;31,0;31,0;88;88,0;88,0;88;88;88;88;88;88;88,0;88,0;88,0;1,0000000000000000;1,000000000000000;1,0000000000000000;1,0000000000000000;1,0000000000000000;1,0000000000000000;1,0000000000000000;1,0000000000000000;1,0000000000000000;1,0000000000000000;1,00000000000000000
2022-09-20;60+;91;91,0;91;91;91;91;91;91;91;91,0;91,0;91,0;228;228,0;228,0;228;228;228;228;228;228;228,0;228,0;228,0;1,0000000000000000;1,000000000000000;1,0000000000000000;1,0000000000000000;1,0000000000000000;1,0000000000000000;1,0000000000000000;1,0000000000000000;1,0000000000000000;1,0000000000000000;1,00000000000000000
2022-09-20;alle;122;122,0;122;122;122;122;122;122;122;122,0;122,0;122,0;316;316,0;316,0;316;316;316;316;316;316;316,0;316,0;316,0;NA;NA;NA;NA;NA;NA;NA;NA;NA;NA;NA
2022-09-19;0-60;4;4,0;4;4;4;4;4;4;4;4,0;4,0;4,0;79;79,0;79,0;79;79;79;79;79;79;79,0;79,0;79,0;1,0000000000000000;1,000000000000000;1,0000000000000000;1,0000000000000000;1,0000000000000000;1,0000000000000000;1,0000000000000000;1,0000000000000000;1,0000000000000000;1,0000000000000000;1,00000000000000000
2022-09-19;60+;7;7,0;7;7;7;7;7;7;7;7,0;7,0;7,0;191;191,0;191,0;191;191;191;191;191;191;191,0;191,0;191,0;1,0000000000000000;1,000000000000000;1,0000000000000000;1,0000000000000000;1,0000000000000000;1,0000000000000000;1,0000000000000000;1,0000000000000000;1,0000000000000000;1,0000000000000000;1,00000000000000000
2022-09-19;alle;11;11,0;11;11;11;11;11;11;11;11,0;11,0;11,0;270;270,0;270,0;270;270;270;270;270;270;270,0;270,0;270,0;NA;NA;NA;NA;NA;NA;NA;NA;NA;NA;NA
2022-09-18;0-60;2;2,0;2;2;2;2;2;2;2;2,0;2,0;2,0;77;77,0;77,0;77;77;77;77;77;77;77,0;77,0;77,0;1,0000000000000000;1,000000000000000;1,0000000000000000;1,0000000000000000;1,0000000000000000;1,0000000000000000;1,0000000000000000;1,0000000000000000;1,0000000000000000;1,0000000000000000;1,00000000000000000
2022-09-18;60+;1;1,0;1;1;1;1;1;1;1;1,0;1,0;1,0;192;192,0;192,0;192;192;192;192;192;192;192,0;192,0;192,0;1,0000000000000000;1,000000000000000;1,0000000000000000;1,0000000000000000;1,0000000000000000;1,0000000000000000;1,0000000000000000;1,0000000000000000;1,0000000000000000;1,0000000000000000;1,00000000000000000
2022-09-18;alle;3;3,0;3;3;3;3;3;3;3;3,0;3,0;3,0;269;269,0;269,0;269;269;269;269;269;269;269,0;269,0;269,0;NA;NA;NA;NA;NA;NA;NA;NA;NA;NA;NA
2022-09-17;0-60;10;10,0;10;10;10;10;10;10;10;10,0;10,0;10,0;77;77,0;77,0;77;77;77;77;77;77;77,0;77,0;77,0;1,0000000000000000;1,000000000000000;1,0000000000000000;1,0000000000000000;1,0000000000000000;1,0000000000000000;1,0000000000000000;1,0000000000000000;1,0000000000000000;1,0000000000000000;1,00000000000000000
2022-09-17;60+;30;30,0;30;30;30;30;30;30;30;30,0;30,0;30,0;192;192,0;192,0;192;192;192;192;192;192;192,0;192,0;192,0;1,0000000000000000;1,000000000000000;1,0000000000000000;1,0000000000000000;1,0000000000000000;1,0000000000000000;1,0000000000000000;1,0000000000000000;1,0000000000000000;1,0000000000000000;1,00000000000000000
2022-09-17;alle;40;40,0;40;40;40;40;40;40;40;40,0;40,0;40,0;269;269,0;269,0;269;269;269;269;269;269;269,0;269,0;269,0;NA;NA;NA;NA;NA;NA;NA;NA;NA;NA;NA
2022-09-16;0-60;14;14,0;14;14;14;14;14;14;14;14,0;14,0;14,0;86;86,0;86,0;86;86;86;86;86;86;86,0;86,0;86,0;1,0000000000000000;1,000000000000000;1,0000000000000000;1,0000000000000000;1,0000000000000000;1,0000000000000000;1,0000000000000000;1,0000000000000000;1,0000000000000000;1,0000000000000000;1,00000000000000000
2022-09-16;60+;27;27,0;27;27;27;27;27;27;27;27,0;27,0;27,0;185;185,0;185,0;185;185;185;185;185;185;185,0;185,0;185,0;1,0000000000000000;1,000000000000000;1,0000000000000000;1,0000000000000000;1,0000000000000000;1,0000000000000000;1,0000000000000000;1,0000000000000000;1,0000000000000000;1,0000000000000000;1,00000000000000000
2022-09-16;alle;41;41,0;41;41;41;41;41;41;41;41,0;41,0;41,0;271;271,0;271,0;271;271;271;271;271;271;271,0;271,0;271,0;NA;NA;NA;NA;NA;NA;NA;NA;NA;NA;NA
2022-09-15;0-60;14;14,0;14;14;14;14;14;14;14;14,0;14,0;14,0;82;82,0;82,0;82;82;82;82;82;82;82,0;82,0;82,0;1,0000000000000000;1,000000000000000;1,0000000000000000;1,0000000000000000;1,0000000000000000;1,0000000000000000;1,0000000000000000;1,0000000000000000;1,0000000000000000;1,0000000000000000;1,00000000000000000
2022-09-15;60+;36;36,0;36;36;36;36;36;36;36;36,0;36,0;36,0;193;193,0;193,0;193;193;193;193;193;193;193,0;193,0;193,0;1,0000000000000000;1,000000000000000;1,0000000000000000;1,0000000000000000;1,0000000000000000;1,0000000000000000;1,0000000000000000;1,0000000000000000;1,0000000000000000;1,0000000000000000;1,00000000000000000
2022-09-15;alle;50;50,0;50;50;50;50;50;50;50;50,0;50,0;50,0;275;275,0;275,0;275;275;275;275;275;275;275,0;275,0;275,0;NA;NA;NA;NA;NA;NA;NA;NA;NA;NA;NA
2022-09-14;0-60;13;13,0;13;13;13;13;13;13;13;13,0;13,0;13,0;85;85,0;85,0;85;85;85;85;85;85;85,0;85,0;85,0;1,0000000000000000;1,000000000000000;1,0000000000000000;1,0000000000000000;1,0000000000000000;1,0000000000000000;1,0000000000000000;1,0000000000000000;1,0000000000000000;1,0000000000000000;1,00000000000000000
2022-09-14;60+;36;36,0;36;36;36;36;36;36;36;36,0;36,0;36,0;178;178,0;178,0;178;178;178;178;178;178;178,0;178,0;178,0;1,0000000000000000;1,000000000000000;1,0000000000000000;1,0000000000000000;1,0000000000000000;1,0000000000000000;1,0000000000000000;1,0000000000000000;1,0000000000000000;1,0000000000000000;1,00000000000000000
2022-09-14;alle;49;49,0;49;49;49;49;49;49;49;49,0;49,0;49,0;263;263,0;263,0;263;263;263;263;263;263;263,0;263,0;263,0;NA;NA;NA;NA;NA;NA;NA;NA;NA;NA;NA
2022-09-13;0-60;22;22,0;22;22;22;22;22;22;22;22,0;22,0;22,0;78;78,0;78,0;78;78;78;78;78;78;78,0;78,0;78,0;1,0000000000000000;1,000000000000000;1,0000000000000000;1,0000000000000000;1,0000000000000000;1,0000000000000000;1,0000000000000000;1,0000000000000000;1,0000000000000000;1,0000000000000000;1,00000000000000000
2022-09-13;60+;54;54,0;54;54;54;54;54;54;54;54,0;54,0;54,0;181;181,0;181,0;181;181;181;181;181;181;181,0;181,0;181,0;1,0000000000000000;1,000000000000000;1,0000000000000000;1,0000000000000000;1,0000000000000000;1,0000000000000000;1,0000000000000000;1,0000000000000000;1,0000000000000000;1,0000000000000000;1,00000000000000000
2022-09-13;alle;76;76,0;76;76;76;76;76;76;76;76,0;76,0;76,0;259;259,0;259,0;259;259;259;259;259;259;259,0;259,0;259,0;NA;NA;NA;NA;NA;NA;NA;NA;NA;NA;NA
2022-09-12;0-60;2;2,0;2;2;2;2;2;2;2;2,0;2,0;2,0;67;67,0;67,0;67;67;67;67;67;67;67,0;67,0;67,0;1,0000000000000000;1,000000000000000;1,0000000000000000;1,0000000000000000;1,0000000000000000;1,0000000000000000;1,0000000000000000;1,0000000000000000;1,0000000000000000;1,0000000000000000;1,00000000000000000
2022-09-12;60+;8;8,0;8;8;8;8;8;8;8;8,0;8,0;8,0;174;174,0;174,0;174;174;174;174;174;174;174,0;174,0;174,0;1,0000000000000000;1,000000000000000;1,0000000000000000;1,0000000000000000;1,0000000000000000;1,0000000000000000;1,0000000000000000;1,0000000000000000;1,0000000000000000;1,0000000000000000;1,00000000000000000
2022-09-12;alle;10;10,0;10;10;10;10;10;10;10;10,0;10,0;10,0;241;241,0;241,0;241;241;241;241;241;241;241,0;241,0;241,0;NA;NA;NA;NA;NA;NA;NA;NA;NA;NA;NA
2022-09-11;0-60;2;2,0;2;2;2;2;2;2;2;2,0;2,0;2,0;67;67,0;67,0;67;67;67;67;67;67;67,0;67,0;67,0;1,0000000000000000;1,000000000000000;1,0000000000000000;1,0000000000000000;1,0000000000000000;1,0000000000000000;1,0000000000000000;1,0000000000000000;1,0000000000000000;1,0000000000000000;1,00000000000000000
2022-09-11;60+;1;1,0;1;1;1;1;1;1;1;1,0;1,0;1,0;171;171,0;171,0;171;171;171;171;171;171;171,0;171,0;171,0;1,0000000000000000;1,000000000000000;1,0000000000000000;1,0000000000000000;1,0000000000000000;1,0000000000000000;1,0000000000000000;1,0000000000000000;1,0000000000000000;1,0000000000000000;1,00000000000000000
2022-09-11;alle;3;3,0;3;3;3;3;3;3;3;3,0;3,0;3,0;238;238,0;238,0;238;238;238;238;238;238;238,0;238,0;238,0;NA;NA;NA;NA;NA;NA;NA;NA;NA;NA;NA
2022-09-10;0-60;19;19,0;19;19;19;19;19;19;19;19,0;19,0;19,0;65;65,0;65,0;65;65;65;65;65;65;65,0;65,0;65,0;1,0000000000000000;1,000000000000000;1,0000000000000000;1,0000000000000000;1,0000000000000000;1,0000000000000000;1,0000000000000000;1,0000000000000000;1,0000000000000000;1,0000000000000000;1,00000000000000000
2022-09-10;60+;23;23,0;23;23;23;23;23;23;23;23,0;23,0;23,0;172;172,0;172,0;172;172;172;172;172;172;172,0;172,0;172,0;1,0000000000000000;1,000000000000000;1,0000000000000000;1,0000000000000000;1,0000000000000000;1,0000000000000000;1,0000000000000000;1,0000000000000000;1,0000000000000000;1,0000000000000000;1,00000000000000000
2022-09-10;alle;42;42,0;42;42;42;42;42;42;42;42,0;42,0;42,0;237;237,0;237,0;237;237;237;237;237;237;237,0;237,0;237,0;NA;NA;NA;NA;NA;NA;NA;NA;NA;NA;NA
2022-09-09;0-60;10;10,0;10;10;10;10;10;10;10;10,0;10,0;10,0;51;51,0;51,0;51;51;51;51;51;51;51,0;51,0;51,0;1,0000000000000000;1,000000000000000;1,0000000000000000;1,0000000000000000;1,0000000000000000;1,0000000000000000;1,0000000000000000;1,0000000000000000;1,0000000000000000;1,0000000000000000;1,00000000000000000
2022-09-09;60+;35;35,0;35;35;35;35;35;35;35;35,0;35,0;35,0;176;176,0;176,0;176;176;176;176;176;176;176,0;176,0;176,0;1,0000000000000000;1,000000000000000;1,0000000000000000;1,0000000000000000;1,0000000000000000;1,0000000000000000;1,0000000000000000;1,0000000000000000;1,0000000000000000;1,0000000000000000;1,00000000000000000
2022-09-09;alle;45;45,0;45;45;45;45;45;45;45;45,0;45,0;45,0;227;227,0;227,0;227;227;227;227;227;227;227,0;227,0;227,0;NA;NA;NA;NA;NA;NA;NA;NA;NA;NA;NA
2022-09-08;0-60;17;17,0;17;17;17;17;17;17;17;17,0;17,0;17,0;44;44,0;44,0;44;44;44;44;44;44;44,0;44,0;44,0;1,0000000000000000;1,000000000000000;1,0000000000000000;1,0000000000000000;1,0000000000000000;1,0000000000000000;1,0000000000000000;1,0000000000000000;1,0000000000000000;1,0000000000000000;1,00000000000000000
2022-09-08;60+;21;21,0;21;21;21;21;21;21;21;21,0;21,0;21,0;157;157,0;157,0;157;157;157;157;157;157;157,0;157,0;157,0;1,0000000000000000;1,000000000000000;1,0000000000000000;1,0000000000000000;1,0000000000000000;1,0000000000000000;1,0000000000000000;1,0000000000000000;1,0000000000000000;1,0000000000000000;1,00000000000000000
2022-09-08;alle;38;38,0;38;38;38;38;38;38;38;38,0;38,0;38,0;201;201,0;201,0;201;201;201;201;201;201;201,0;201,0;201,0;NA;NA;NA;NA;NA;NA;NA;NA;NA;NA;NA
2022-09-07;0-60;6;6,0;6;6;6;6;6;6;6;6,0;6,0;6,0;36;36,0;36,0;36;36;36;36;36;36;36,0;36,0;36,0;1,0000000000000000;1,000000000000000;1,0000000000000000;1,0000000000000000;1,0000000000000000;1,0000000000000000;1,0000000000000000;1,0000000000000000;1,0000000000000000;1,0000000000000000;1,00000000000000000
2022-09-07;60+;39;39,0;39;39;39;39;39;39;39;39,0;39,0;39,0;153;153,0;153,0;153;153;153;153;153;153;153,0;153,0;153,0;1,0000000000000000;1,000000000000000;1,0000000000000000;1,0000000000000000;1,0000000000000000;1,0000000000000000;1,0000000000000000;1,0000000000000000;1,0000000000000000;1,0000000000000000;1,00000000000000000
2022-09-07;alle;45;45,0;45;45;45;45;45;45;45;45,0;45,0;45,0;189;189,0;189,0;189;189;189;189;189;189;189,0;189,0;189,0;NA;NA;NA;NA;NA;NA;NA;NA;NA;NA;NA
2022-09-06;0-60;11;11,0;11;11;11;11;11;11;11;11,0;11,0;11,0;38;38,0;38,0;38;38;38;38;38;38;38,0;38,0;38,0;1,0000000000000000;1,000000000000000;1,0000000000000000;1,0000000000000000;1,0000000000000000;1,0000000000000000;1,0000000000000000;1,0000000000000000;1,0000000000000000;1,0000000000000000;1,00000000000000000
2022-09-06;60+;47;47,0;47;47;47;47;47;47;47;47,0;47,0;47,0;145;145,0;145,0;145;145;145;145;145;145;145,0;145,0;145,0;1,0000000000000000;1,000000000000000;1,0000000000000000;1,0000000000000000;1,0000000000000000;1,0000000000000000;1,0000000000000000;1,0000000000000000;1,0000000000000000;1,0000000000000000;1,00000000000000000
2022-09-06;alle;58;58,0;58;58;58;58;58;58;58;58,0;58,0;58,0;183;183,0;183,0;183;183;183;183;183;183;183,0;183,0;183,0;NA;NA;NA;NA;NA;NA;NA;NA;NA;NA;NA
2022-09-05;0-60;2;2,0;2;2;2;2;2;2;2;2,0;2,0;2,0;47;47,0;47,0;47;47;47;47;47;47;47,0;47,0;47,0;1,0000000000000000;1,000000000000000;1,0000000000000000;1,0000000000000000;1,0000000000000000;1,0000000000000000;1,0000000000000000;1,0000000000000000;1,0000000000000000;1,0000000000000000;1,00000000000000000
2022-09-05;60+;5;5,0;5;5;5;5;5;5;5;5,0;5,0;5,0;152;152,0;152,0;152;152;152;152;152;152;152,0;152,0;152,0;1,0000000000000000;1,000000000000000;1,0000000000000000;1,0000000000000000;1,0000000000000000;1,0000000000000000;1,0000000000000000;1,0000000000000000;1,0000000000000000;1,0000000000000000;1,00000000000000000
2022-09-05;alle;7;7,0;7;7;7;7;7;7;7;7,0;7,0;7,0;199;199,0;199,0;199;199;199;199;199;199;199,0;199,0;199,0;NA;NA;NA;NA;NA;NA;NA;NA;NA;NA;NA
2022-09-04;0-60;0;0,0;0;0;0;0;0;0;0;0,0;0,0;0,0;45;45,0;45,0;45;45;45;45;45;45;45,0;45,0;45,0;1,0000000000000000;1,000000000000000;1,0000000000000000;1,0000000000000000;1,0000000000000000;1,0000000000000000;1,0000000000000000;1,0000000000000000;1,0000000000000000;1,0000000000000000;1,00000000000000000
2022-09-04;60+;2;2,0;2;2;2;2;2;2;2;2,0;2,0;2,0;151;151,0;151,0;151;151;151;151;151;151;151,0;151,0;151,0;1,0000000000000000;1,000000000000000;1,0000000000000000;1,0000000000000000;1,0000000000000000;1,0000000000000000;1,0000000000000000;1,0000000000000000;1,0000000000000000;1,0000000000000000;1,00000000000000000
2022-09-04;alle;2;2,0;2;2;2;2;2;2;2;2,0;2,0;2,0;196;196,0;196,0;196;196;196;196;196;196;196,0;196,0;196,0;NA;NA;NA;NA;NA;NA;NA;NA;NA;NA;NA
2022-09-03;0-60;5;5,0;5;5;5;5;5;5;5;5,0;5,0;5,0;49;49,0;49,0;49;49;49;49;49;49;49,0;49,0;49,0;1,0000000000000000;1,000000000000000;1,0000000000000000;1,0000000000000000;1,0000000000000000;1,0000000000000000;1,0000000000000000;1,0000000000000000;1,0000000000000000;1,0000000000000000;1,00000000000000000
2022-09-03;60+;27;27,0;27;27;27;27;27;27;27;27,0;27,0;27,0;152;152,0;152,0;152;152;152;152;152;152;152,0;152,0;152,0;1,0000000000000000;1,000000000000000;1,0000000000000000;1,0000000000000000;1,0000000000000000;1,0000000000000000;1,0000000000000000;1,0000000000000000;1,0000000000000000;1,0000000000000000;1,00000000000000000
2022-09-03;alle;32;32,0;32;32;32;32;32;32;32;32,0;32,0;32,0;201;201,0;201,0;201;201;201;201;201;201;201,0;201,0;201,0;NA;NA;NA;NA;NA;NA;NA;NA;NA;NA;NA
2022-09-02;0-60;3;3,0;3;3;3;3;3;3;3;3,0;3,0;3,0;58;58,0;58,0;58;58;58;58;58;58;58,0;58,0;58,0;1,0000000000000000;1,000000000000000;1,0000000000000000;1,0000000000000000;1,0000000000000000;1,0000000000000000;1,0000000000000000;1,0000000000000000;1,0000000000000000;1,0000000000000000;1,00000000000000000
2022-09-02;60+;16;16,0;16;16;16;16;16;16;16;16,0;16,0;16,0;142;142,0;142,0;142;142;142;142;142;142;142,0;142,0;142,0;1,0000000000000000;1,000000000000000;1,0000000000000000;1,0000000000000000;1,0000000000000000;1,0000000000000000;1,0000000000000000;1,0000000000000000;1,0000000000000000;1,0000000000000000;1,00000000000000000
2022-09-02;alle;19;19,0;19;19;19;19;19;19;19;19,0;19,0;19,0;200;200,0;200,0;200;200;200;200;200;200;200,0;200,0;200,0;NA;NA;NA;NA;NA;NA;NA;NA;NA;NA;NA
2022-09-01;0-60;9;9,0;9;9;9;9;9;9;9;9,0;9,0;9,0;69;69,0;69,0;69;69;69;69;69;69;69,0;69,0;69,0;1,0000000000000000;1,000000000000000;1,0000000000000000;1,0000000000000000;1,0000000000000000;1,0000000000000000;1,0000000000000000;1,0000000000000000;1,0000000000000000;1,0000000000000000;1,00000000000000000
2022-09-01;60+;17;17,0;17;17;17;17;17;17;17;17,0;17,0;17,0;149;149,0;149,0;149;149;149;149;149;149;149,0;149,0;149,0;1,0000000000000000;1,000000000000000;1,0000000000000000;1,0000000000000000;1,0000000000000000;1,0000000000000000;1,0000000000000000;1,0000000000000000;1,0000000000000000;1,0000000000000000;1,00000000000000000
2022-09-01;alle;26;26,0;26;26;26;26;26;26;26;26,0;26,0;26,0;218;218,0;218,0;218;218;218;218;218;218;218,0;218,0;218,0;NA;NA;NA;NA;NA;NA;NA;NA;NA;NA;NA
2022-08-31;0-60;8;8,0;8;8;8;8;8;8;8;8,0;8,0;8,0;68;68,0;68,0;68;68;68;68;68;68;68,0;68,0;68,0;1,0000000000000000;1,000000000000000;1,0000000000000000;1,0000000000000000;1,0000000000000000;1,0000000000000000;1,0000000000000000;1,0000000000000000;1,0000000000000000;1,0000000000000000;1,00000000000000000
2022-08-31;60+;31;31,0;31;31;31;31;31;31;31;31,0;31,0;31,0;169;169,0;169,0;169;169;169;169;169;169;169,0;169,0;169,0;1,0000000000000000;1,000000000000000;1,0000000000000000;1,0000000000000000;1,0000000000000000;1,0000000000000000;1,0000000000000000;1,0000000000000000;1,0000000000000000;1,0000000000000000;1,00000000000000000
2022-08-31;alle;39;39,0;39;39;39;39;39;39;39;39,0;39,0;39,0;237;237,0;237,0;237;237;237;237;237;237;237,0;237,0;237,0;NA;NA;NA;NA;NA;NA;NA;NA;NA;NA;NA
2022-08-30;0-60;20;20,0;20;20;20;20;20;20;20;20,0;20,0;20,0;82;82,0;82,0;82;82;82;82;82;82;82,0;82,0;82,0;1,0000000000000000;1,000000000000000;1,0000000000000000;1,0000000000000000;1,0000000000000000;1,0000000000000000;1,0000000000000000;1,0000000000000000;1,0000000000000000;1,0000000000000000;1,00000000000000000
2022-08-30;60+;54;54,0;54;54;54;54;54;54;54;54,0;54,0;54,0;169;169,0;169,0;169;169;169;169;169;169;169,0;169,0;169,0;1,0000000000000000;1,000000000000000;1,0000000000000000;1,0000000000000000;1,0000000000000000;1,0000000000000000;1,0000000000000000;1,0000000000000000;1,0000000000000000;1,0000000000000000;1,00000000000000000
2022-08-30;alle;74;74,0;74;74;74;74;74;74;74;74,0;74,0;74,0;251;251,0;251,0;251;251;251;251;251;251;251,0;251,0;251,0;NA;NA;NA;NA;NA;NA;NA;NA;NA;NA;NA
2022-08-29;0-60;0;0,0;0;0;0;0;0;0;0;0,0;0,0;0,0;84;84,0;84,0;84;84;84;84;84;84;84,0;84,0;84,0;1,0000000000000000;1,000000000000000;1,0000000000000000;1,0000000000000000;1,0000000000000000;1,0000000000000000;1,0000000000000000;1,0000000000000000;1,0000000000000000;1,0000000000000000;1,00000000000000000
2022-08-29;60+;4;4,0;4;4;4;4;4;4;4;4,0;4,0;4,0;154;154,0;154,0;154;154;154;154;154;154;154,0;154,0;154,0;1,0000000000000000;1,000000000000000;1,0000000000000000;1,0000000000000000;1,0000000000000000;1,0000000000000000;1,0000000000000000;1,0000000000000000;1,0000000000000000;1,0000000000000000;1,00000000000000000
2022-08-29;alle;4;4,0;4;4;4;4;4;4;4;4,0;4,0;4,0;238;238,0;238,0;238;238;238;238;238;238;238,0;238,0;238,0;NA;NA;NA;NA;NA;NA;NA;NA;NA;NA;NA
2022-08-28;0-60;4;4,0;4;4;4;4;4;4;4;4,0;4,0;4,0;87;87,0;87,0;87;87;87;87;87;87;87,0;87,0;87,0;1,0000000000000000;1,000000000000000;1,0000000000000000;1,0000000000000000;1,0000000000000000;1,0000000000000000;1,0000000000000000;1,0000000000000000;1,0000000000000000;1,0000000000000000;1,00000000000000000
2022-08-28;60+;3;3,0;3;3;3;3;3;3;3;3,0;3,0;3,0;152;152,0;152,0;152;152;152;152;152;152;152,0;152,0;152,0;1,0000000000000000;1,000000000000000;1,0000000000000000;1,0000000000000000;1,0000000000000000;1,0000000000000000;1,0000000000000000;1,0000000000000000;1,0000000000000000;1,0000000000000000;1,00000000000000000
2022-08-28;alle;7;7,0;7;7;7;7;7;7;7;7,0;7,0;7,0;239;239,0;239,0;239;239;239;239;239;239;239,0;239,0;239,0;NA;NA;NA;NA;NA;NA;NA;NA;NA;NA;NA
2022-08-27;0-60;14;14,0;14;14;14;14;14;14;14;14,0;14,0;14,0;84;84,0;84,0;84;84;84;84;84;84;84,0;84,0;84,0;1,0000000000000000;1,000000000000000;1,0000000000000000;1,0000000000000000;1,0000000000000000;1,0000000000000000;1,0000000000000000;1,0000000000000000;1,0000000000000000;1,0000000000000000;1,00000000000000000
2022-08-27;60+;17;17,0;17;17;17;17;17;17;17;17,0;17,0;17,0;154;154,0;154,0;154;154;154;154;154;154;154,0;154,0;154,0;1,0000000000000000;1,000000000000000;1,0000000000000000;1,0000000000000000;1,0000000000000000;1,0000000000000000;1,0000000000000000;1,0000000000000000;1,0000000000000000;1,0000000000000000;1,00000000000000000
2022-08-27;alle;31;31,0;31;31;31;31;31;31;31;31,0;31,0;31,0;238;238,0;238,0;238;238;238;238;238;238;238,0;238,0;238,0;NA;NA;NA;NA;NA;NA;NA;NA;NA;NA;NA
2022-08-26;0-60;14;14,0;14;14;14;14;14;14;14;14,0;14,0;14,0;83;83,0;83,0;83;83;83;83;83;83;83,0;83,0;83,0;1,0000000000000000;1,000000000000000;1,0000000000000000;1,0000000000000000;1,0000000000000000;1,0000000000000000;1,0000000000000000;1,0000000000000000;1,0000000000000000;1,0000000000000000;1,00000000000000000
2022-08-26;60+;23;23,0;23;23;23;23;23;23;23;23,0;23,0;23,0;163;163,0;163,0;163;163;163;163;163;163;163,0;163,0;163,0;1,0000000000000000;1,000000000000000;1,0000000000000000;1,0000000000000000;1,0000000000000000;1,0000000000000000;1,0000000000000000;1,0000000000000000;1,0000000000000000;1,0000000000000000;1,00000000000000000
2022-08-26;alle;37;37,0;37;37;37;37;37;37;37;37,0;37,0;37,0;246;246,0;246,0;246;246;246;246;246;246;246,0;246,0;246,0;NA;NA;NA;NA;NA;NA;NA;NA;NA;NA;NA
2022-08-25;0-60;8;8,0;8;8;8;8;8;8;8;8,0;8,0;8,0;82;82,0;82,0;82;82;82;82;82;82;82,0;82,0;82,0;1,0000000000000000;1,000000000000000;1,0000000000000000;1,0000000000000000;1,0000000000000000;1,0000000000000000;1,0000000000000000;1,0000000000000000;1,0000000000000000;1,0000000000000000;1,00000000000000000
2022-08-25;60+;37;37,0;37;37;37;37;37;37;37;37,0;37,0;37,0;178;178,0;178,0;178;178;178;178;178;178;178,0;178,0;178,0;1,0000000000000000;1,000000000000000;1,0000000000000000;1,0000000000000000;1,0000000000000000;1,0000000000000000;1,0000000000000000;1,0000000000000000;1,0000000000000000;1,0000000000000000;1,00000000000000000
2022-08-25;alle;45;45,0;45;45;45;45;45;45;45;45,0;45,0;45,0;260;260,0;260,0;260;260;260;260;260;260;260,0;260,0;260,0;NA;NA;NA;NA;NA;NA;NA;NA;NA;NA;NA
2022-08-24;0-60;22;22,0;22;22;22;22;22;22;22;22,0;22,0;22,0;90;90,0;90,0;90;90;90;90;90;90;90,0;90,0;90,0;1,0000000000000000;1,000000000000000;1,0000000000000000;1,0000000000000000;1,0000000000000000;1,0000000000000000;1,0000000000000000;1,0000000000000000;1,0000000000000000;1,0000000000000000;1,00000000000000000
2022-08-24;60+;31;31,0;31;31;31;31;31;31;31;31,0;31,0;31,0;170;170,0;170,0;170;170;170;170;170;170;170,0;170,0;170,0;1,0000000000000000;1,000000000000000;1,0000000000000000;1,0000000000000000;1,0000000000000000;1,0000000000000000;1,0000000000000000;1,0000000000000000;1,0000000000000000;1,0000000000000000;1,00000000000000000
2022-08-24;alle;53;53,0;53;53;53;53;53;53;53;53,0;53,0;53,0;260;260,0;260,0;260;260;260;260;260;260;260,0;260,0;260,0;NA;NA;NA;NA;NA;NA;NA;NA;NA;NA;NA
2022-08-23;0-60;22;22,0;22;22;22;22;22;22;22;22,0;22,0;22,0;77;77,0;77,0;77;77;77;77;77;77;77,0;77,0;77,0;1,0000000000000000;1,000000000000000;1,0000000000000000;1,0000000000000000;1,0000000000000000;1,0000000000000000;1,0000000000000000;1,0000000000000000;1,0000000000000000;1,0000000000000000;1,00000000000000000
2022-08-23;60+;39;39,0;39;39;39;39;39;39;39;39,0;39,0;39,0;173;173,0;173,0;173;173;173;173;173;173;173,0;173,0;173,0;1,0000000000000000;1,000000000000000;1,0000000000000000;1,0000000000000000;1,0000000000000000;1,0000000000000000;1,0000000000000000;1,0000000000000000;1,0000000000000000;1,0000000000000000;1,00000000000000000
2022-08-23;alle;61;61,0;61;61;61;61;61;61;61;61,0;61,0;61,0;250;250,0;250,0;250;250;250;250;250;250;250,0;250,0;250,0;NA;NA;NA;NA;NA;NA;NA;NA;NA;NA;NA
2022-08-22;0-60;3;3,0;3;3;3;3;3;3;3;3,0;3,0;3,0;80;80,0;80,0;80;80;80;80;80;80;80,0;80,0;80,0;1,0000000000000000;1,000000000000000;1,0000000000000000;1,0000000000000000;1,0000000000000000;1,0000000000000000;1,0000000000000000;1,0000000000000000;1,0000000000000000;1,0000000000000000;1,00000000000000000
2022-08-22;60+;2;2,0;2;2;2;2;2;2;2;2,0;2,0;2,0;198;198,0;198,0;198;198;198;198;198;198;198,0;198,0;198,0;1,0000000000000000;1,000000000000000;1,0000000000000000;1,0000000000000000;1,0000000000000000;1,0000000000000000;1,0000000000000000;1,0000000000000000;1,0000000000000000;1,0000000000000000;1,00000000000000000
2022-08-22;alle;5;5,0;5;5;5;5;5;5;5;5,0;5,0;5,0;278;278,0;278,0;278;278;278;278;278;278;278,0;278,0;278,0;NA;NA;NA;NA;NA;NA;NA;NA;NA;NA;NA
2022-08-21;0-60;1;1,0;1;1;1;1;1;1;1;1,0;1,0;1,0;78;78,0;78,0;78;78;78;78;78;78;78,0;78,0;78,0;1,0000000000000000;1,000000000000000;1,0000000000000000;1,0000000000000000;1,0000000000000000;1,0000000000000000;1,0000000000000000;1,0000000000000000;1,0000000000000000;1,0000000000000000;1,00000000000000000
2022-08-21;60+;5;5,0;5;5;5;5;5;5;5;5,0;5,0;5,0;203;203,0;203,0;203;203;203;203;203;203;203,0;203,0;203,0;1,0000000000000000;1,000000000000000;1,0000000000000000;1,0000000000000000;1,0000000000000000;1,0000000000000000;1,0000000000000000;1,0000000000000000;1,0000000000000000;1,0000000000000000;1,00000000000000000
2022-08-21;alle;6;6,0;6;6;6;6;6;6;6;6,0;6,0;6,0;281;281,0;281,0;281;281;281;281;281;281;281,0;281,0;281,0;NA;NA;NA;NA;NA;NA;NA;NA;NA;NA;NA
2022-08-20;0-60;13;13,0;13;13;13;13;13;13;13;13,0;13,0;13,0;79;79,0;79,0;79;79;79;79;79;79;79,0;79,0;79,0;1,0000000000000000;1,000000000000000;1,0000000000000000;1,0000000000000000;1,0000000000000000;1,0000000000000000;1,0000000000000000;1,0000000000000000;1,0000000000000000;1,0000000000000000;1,00000000000000000
2022-08-20;60+;26;26,0;26;26;26;26;26;26;26;26,0;26,0;26,0;203;203,0;203,0;203;203;203;203;203;203;203,0;203,0;203,0;1,0000000000000000;1,000000000000000;1,0000000000000000;1,0000000000000000;1,0000000000000000;1,0000000000000000;1,0000000000000000;1,0000000000000000;1,0000000000000000;1,0000000000000000;1,00000000000000000
2022-08-20;alle;39;39,0;39;39;39;39;39;39;39;39,0;39,0;39,0;282;282,0;282,0;282;282;282;282;282;282;282,0;282,0;282,0;NA;NA;NA;NA;NA;NA;NA;NA;NA;NA;NA
2022-08-19;0-60;13;13,0;13;13;13;13;13;13;13;13,0;13,0;13,0;75;75,0;75,0;75;75;75;75;75;75;75,0;75,0;75,0;1,0000000000000000;1,000000000000000;1,0000000000000000;1,0000000000000000;1,0000000000000000;1,0000000000000000;1,0000000000000000;1,0000000000000000;1,0000000000000000;1,0000000000000000;1,00000000000000000
2022-08-19;60+;38;38,0;38;38;38;38;38;38;38;38,0;38,0;38,0;215;215,0;215,0;215;215;215;215;215;215;215,0;215,0;215,0;1,0000000000000000;1,000000000000000;1,0000000000000000;1,0000000000000000;1,0000000000000000;1,0000000000000000;1,0000000000000000;1,0000000000000000;1,0000000000000000;1,0000000000000000;1,00000000000000000
2022-08-19;alle;51;51,0;51;51;51;51;51;51;51;51,0;51,0;51,0;290;290,0;290,0;290;290;290;290;290;290;290,0;290,0;290,0;NA;NA;NA;NA;NA;NA;NA;NA;NA;NA;NA
2022-08-18;0-60;16;16,0;16;16;16;16;16;16;16;16,0;16,0;16,0;73;73,0;73,0;73;73;73;73;73;73;73,0;73,0;73,0;1,0000000000000000;1,000000000000000;1,0000000000000000;1,0000000000000000;1,0000000000000000;1,0000000000000000;1,0000000000000000;1,0000000000000000;1,0000000000000000;1,0000000000000000;1,00000000000000000
2022-08-18;60+;29;29,0;29;29;29;29;29;29;29;29,0;29,0;29,0;202;202,0;202,0;202;202;202;202;202;202;202,0;202,0;202,0;1,0000000000000000;1,000000000000000;1,0000000000000000;1,0000000000000000;1,0000000000000000;1,0000000000000000;1,0000000000000000;1,0000000000000000;1,0000000000000000;1,0000000000000000;1,00000000000000000
2022-08-18;alle;45;45,0;45;45;45;45;45;45;45;45,0;45,0;45,0;275;275,0;275,0;275;275;275;275;275;275;275,0;275,0;275,0;NA;NA;NA;NA;NA;NA;NA;NA;NA;NA;NA
2022-08-17;0-60;9;9,0;9;9;9;9;9;9;9;9,0;9,0;9,0;78;78,0;78,0;78;78;78;78;78;78;78,0;78,0;78,0;1,0000000000000000;1,000000000000000;1,0000000000000000;1,0000000000000000;1,0000000000000000;1,0000000000000000;1,0000000000000000;1,0000000000000000;1,0000000000000000;1,0000000000000000;1,00000000000000000
2022-08-17;60+;34;34,0;34;34;34;34;34;34;34;34,0;34,0;34,0;205;205,0;205,0;205;205;205;205;205;205;205,0;205,0;205,0;1,0000000000000000;1,000000000000000;1,0000000000000000;1,0000000000000000;1,0000000000000000;1,0000000000000000;1,0000000000000000;1,0000000000000000;1,0000000000000000;1,0000000000000000;1,00000000000000000
2022-08-17;alle;43;43,0;43;43;43;43;43;43;43;43,0;43,0;43,0;283;283,0;283,0;283;283;283;283;283;283;283,0;283,0;283,0;NA;NA;NA;NA;NA;NA;NA;NA;NA;NA;NA
2022-08-16;0-60;25;25,0;25;25;25;25;25;25;25;25,0;25,0;25,0;90;90,0;90,0;90;90;90;90;90;90;90,0;90,0;90,0;1,0000000000000000;1,000000000000000;1,0000000000000000;1,0000000000000000;1,0000000000000000;1,0000000000000000;1,0000000000000000;1,0000000000000000;1,0000000000000000;1,0000000000000000;1,00000000000000000
2022-08-16;60+;64;64,0;64;64;64;64;64;64;64;64,0;64,0;64,0;210;210,0;210,0;210;210;210;210;210;210;210,0;210,0;210,0;1,0000000000000000;1,000000000000000;1,0000000000000000;1,0000000000000000;1,0000000000000000;1,0000000000000000;1,0000000000000000;1,0000000000000000;1,0000000000000000;1,0000000000000000;1,00000000000000000
2022-08-16;alle;89;89,0;89;89;89;89;89;89;89;89,0;89,0;89,0;300;300,0;300,0;300;300;300;300;300;300;300,0;300,0;300,0;NA;NA;NA;NA;NA;NA;NA;NA;NA;NA;NA
2022-08-15;0-60;1;1,0;1;1;1;1;1;1;1;1,0;1,0;1,0;102;102,0;102,0;102;102;102;102;102;102;102,0;102,0;102,0;1,0000000000000000;1,000000000000000;1,0000000000000000;1,0000000000000000;1,0000000000000000;1,0000000000000000;1,0000000000000000;1,0000000000000000;1,0000000000000000;1,0000000000000000;1,00000000000000000
2022-08-15;60+;7;7,0;7;7;7;7;7;7;7;7,0;7,0;7,0;211;211,0;211,0;211;211;211;211;211;211;211,0;211,0;211,0;1,0000000000000000;1,000000000000000;1,0000000000000000;1,0000000000000000;1,0000000000000000;1,0000000000000000;1,0000000000000000;1,0000000000000000;1,0000000000000000;1,0000000000000000;1,00000000000000000
2022-08-15;alle;8;8,0;8;8;8;8;8;8;8;8,0;8,0;8,0;313;313,0;313,0;313;313;313;313;313;313;313,0;313,0;313,0;NA;NA;NA;NA;NA;NA;NA;NA;NA;NA;NA
2022-08-14;0-60;2;2,0;2;2;2;2;2;2;2;2,0;2,0;2,0;104;104,0;104,0;104;104;104;104;104;104;104,0;104,0;104,0;1,0000000000000000;1,000000000000000;1,0000000000000000;1,0000000000000000;1,0000000000000000;1,0000000000000000;1,0000000000000000;1,0000000000000000;1,0000000000000000;1,0000000000000000;1,00000000000000000
2022-08-14;60+;5;5,0;5;5;5;5;5;5;5;5,0;5,0;5,0;212;212,0;212,0;212;212;212;212;212;212;212,0;212,0;212,0;1,0000000000000000;1,000000000000000;1,0000000000000000;1,0000000000000000;1,0000000000000000;1,0000000000000000;1,0000000000000000;1,0000000000000000;1,0000000000000000;1,0000000000000000;1,00000000000000000
2022-08-14;alle;7;7,0;7;7;7;7;7;7;7;7,0;7,0;7,0;316;316,0;316,0;316;316;316;316;316;316;316,0;316,0;316,0;NA;NA;NA;NA;NA;NA;NA;NA;NA;NA;NA
2022-08-13;0-60;9;9,0;9;9;9;9;9;9;9;9,0;9,0;9,0;103;103,0;103,0;103;103;103;103;103;103;103,0;103,0;103,0;1,0000000000000000;1,000000000000000;1,0000000000000000;1,0000000000000000;1,0000000000000000;1,0000000000000000;1,0000000000000000;1,0000000000000000;1,0000000000000000;1,0000000000000000;1,00000000000000000
2022-08-13;60+;38;38,0;38;38;38;38;38;38;38;38,0;38,0;38,0;214;214,0;214,0;214;214;214;214;214;214;214,0;214,0;214,0;1,0000000000000000;1,000000000000000;1,0000000000000000;1,0000000000000000;1,0000000000000000;1,0000000000000000;1,0000000000000000;1,0000000000000000;1,0000000000000000;1,0000000000000000;1,00000000000000000
2022-08-13;alle;47;47,0;47;47;47;47;47;47;47;47,0;47,0;47,0;317;317,0;317,0;317;317;317;317;317;317;317,0;317,0;317,0;NA;NA;NA;NA;NA;NA;NA;NA;NA;NA;NA
2022-08-12;0-60;11;11,0;11;11;11;11;11;11;11;11,0;11,0;11,0;112;112,0;112,0;112;112;112;112;112;112;112,0;112,0;112,0;1,0000000000000000;1,000000000000000;1,0000000000000000;1,0000000000000000;1,0000000000000000;1,0000000000000000;1,0000000000000000;1,0000000000000000;1,0000000000000000;1,0000000000000000;1,00000000000000000
2022-08-12;60+;25;25,0;25;25;25;25;25;25;25;25,0;25,0;25,0;210;210,0;210,0;210;210;210;210;210;210;210,0;210,0;210,0;1,0000000000000000;1,000000000000000;1,0000000000000000;1,0000000000000000;1,0000000000000000;1,0000000000000000;1,0000000000000000;1,0000000000000000;1,0000000000000000;1,0000000000000000;1,00000000000000000
2022-08-12;alle;36;36,0;36;36;36;36;36;36;36;36,0;36,0;36,0;322;322,0;322,0;322;322;322;322;322;322;322,0;322,0;322,0;NA;NA;NA;NA;NA;NA;NA;NA;NA;NA;NA
2022-08-11;0-60;21;21,0;21;21;21;21;21;21;21;21,0;21,0;21,0;123;123,0;123,0;123;123;123;123;123;123;123,0;123,0;123,0;1,0000000000000000;1,000000000000000;1,0000000000000000;1,0000000000000000;1,0000000000000000;1,0000000000000000;1,0000000000000000;1,0000000000000000;1,0000000000000000;1,0000000000000000;1,00000000000000000
2022-08-11;60+;32;32,0;32;32;32;32;32;32;32;32,0;32,0;32,0;228;228,0;228,0;228;228;228;228;228;228;228,0;228,0;228,0;1,0000000000000000;1,000000000000000;1,0000000000000000;1,0000000000000000;1,0000000000000000;1,0000000000000000;1,0000000000000000;1,0000000000000000;1,0000000000000000;1,0000000000000000;1,00000000000000000
2022-08-11;alle;53;53,0;53;53;53;53;53;53;53;53,0;53,0;53,0;351;351,0;351,0;351;351;351;351;351;351;351,0;351,0;351,0;NA;NA;NA;NA;NA;NA;NA;NA;NA;NA;NA
2022-08-10;0-60;21;21,0;21;21;21;21;21;21;21;21,0;21,0;21,0;123;123,0;123,0;123;123;123;123;123;123;123,0;123,0;123,0;1,0000000000000000;1,000000000000000;1,0000000000000000;1,0000000000000000;1,0000000000000000;1,0000000000000000;1,0000000000000000;1,0000000000000000;1,0000000000000000;1,0000000000000000;1,00000000000000000
2022-08-10;60+;39;39,0;39;39;39;39;39;39;39;39,0;39,0;39,0;249;249,0;249,0;249;249;249;249;249;249;249,0;249,0;249,0;1,0000000000000000;1,000000000000000;1,0000000000000000;1,0000000000000000;1,0000000000000000;1,0000000000000000;1,0000000000000000;1,0000000000000000;1,0000000000000000;1,0000000000000000;1,00000000000000000
2022-08-10;alle;60;60,0;60;60;60;60;60;60;60;60,0;60,0;60,0;372;372,0;372,0;372;372;372;372;372;372;372,0;372,0;372,0;NA;NA;NA;NA;NA;NA;NA;NA;NA;NA;NA
2022-08-09;0-60;37;37,0;37;37;37;37;37;37;37;37,0;37,0;37,0;123;123,0;123,0;123;123;123;123;123;123;123,0;123,0;123,0;1,0000000000000000;1,000000000000000;1,0000000000000000;1,0000000000000000;1,0000000000000000;1,0000000000000000;1,0000000000000000;1,0000000000000000;1,0000000000000000;1,0000000000000000;1,00000000000000000
2022-08-09;60+;65;65,0;65;65;65;65;65;65;65;65,0;65,0;65,0;266;266,0;266,0;266;266;266;266;266;266;266,0;266,0;266,0;1,0000000000000000;1,000000000000000;1,0000000000000000;1,0000000000000000;1,0000000000000000;1,0000000000000000;1,0000000000000000;1,0000000000000000;1,0000000000000000;1,0000000000000000;1,00000000000000000
2022-08-09;alle;102;102,0;102;102;102;102;102;102;102;102,0;102,0;102,0;389;389,0;389,0;389;389;389;389;389;389;389,0;389,0;389,0;NA;NA;NA;NA;NA;NA;NA;NA;NA;NA;NA
2022-08-08;0-60;3;3,0;3;3;3;3;3;3;3;3,0;3,0;3,0;121;121,0;121,0;121;121;121;121;121;121;121,0;121,0;121,0;1,0000000000000000;1,000000000000000;1,0000000000000000;1,0000000000000000;1,0000000000000000;1,0000000000000000;1,0000000000000000;1,0000000000000000;1,0000000000000000;1,0000000000000000;1,00000000000000000
2022-08-08;60+;8;8,0;8;8;8;8;8;8;8;8,0;8,0;8,0;303;303,0;303,0;303;303;303;303;303;303;303,0;303,0;303,0;1,0000000000000000;1,000000000000000;1,0000000000000000;1,0000000000000000;1,0000000000000000;1,0000000000000000;1,0000000000000000;1,0000000000000000;1,0000000000000000;1,0000000000000000;1,00000000000000000
2022-08-08;alle;11;11,0;11;11;11;11;11;11;11;11,0;11,0;11,0;424;424,0;424,0;424;424;424;424;424;424;424,0;424,0;424,0;NA;NA;NA;NA;NA;NA;NA;NA;NA;NA;NA
2022-08-07;0-60;1;1,0;1;1;1;1;1;1;1;1,0;1,0;1,0;121;121,0;121,0;121;121;121;121;121;121;121,0;121,0;121,0;1,0000000000000000;1,000000000000000;1,0000000000000000;1,0000000000000000;1,0000000000000000;1,0000000000000000;1,0000000000000000;1,0000000000000000;1,0000000000000000;1,0000000000000000;1,00000000000000000
2022-08-07;60+;7;7,0;7;7;7;7;7;7;7;7,0;7,0;7,0;299;299,0;299,0;299;299;299;299;299;299;299,0;299,0;299,0;1,0000000000000000;1,000000000000000;1,0000000000000000;1,0000000000000000;1,0000000000000000;1,0000000000000000;1,0000000000000000;1,0000000000000000;1,0000000000000000;1,0000000000000000;1,00000000000000000
2022-08-07;alle;8;8,0;8;8;8;8;8;8;8;8,0;8,0;8,0;420;420,0;420,0;420;420;420;420;420;420;420,0;420,0;420,0;NA;NA;NA;NA;NA;NA;NA;NA;NA;NA;NA
2022-08-06;0-60;18;18,0;18;18;18;18;18;18;18;18,0;18,0;18,0;126;126,0;126,0;126;126;126;126;126;126;126,0;126,0;126,0;1,0000000000000000;1,000000000000000;1,0000000000000000;1,0000000000000000;1,0000000000000000;1,0000000000000000;1,0000000000000000;1,0000000000000000;1,0000000000000000;1,0000000000000000;1,00000000000000000
2022-08-06;60+;34;34,0;34;34;34;34;34;34;34;34,0;34,0;34,0;298;298,0;298,0;298;298;298;298;298;298;298,0;298,0;298,0;1,0000000000000000;1,000000000000000;1,0000000000000000;1,0000000000000000;1,0000000000000000;1,0000000000000000;1,0000000000000000;1,0000000000000000;1,0000000000000000;1,0000000000000000;1,00000000000000000
2022-08-06;alle;52;52,0;52;52;52;52;52;52;52;52,0;52,0;52,0;424;424,0;424,0;424;424;424;424;424;424;424,0;424,0;424,0;NA;NA;NA;NA;NA;NA;NA;NA;NA;NA;NA
2022-08-05;0-60;22;22,0;22;22;22;22;22;22;22;22,0;22,0;22,0;132;132,0;132,0;132;132;132;132;132;132;132,0;132,0;132,0;1,0000000000000000;1,000000000000000;1,0000000000000000;1,0000000000000000;1,0000000000000000;1,0000000000000000;1,0000000000000000;1,0000000000000000;1,0000000000000000;1,0000000000000000;1,00000000000000000
2022-08-05;60+;43;43,0;43;43;43;43;43;43;43;43,0;43,0;43,0;302;302,0;302,0;302;302;302;302;302;302;302,0;302,0;302,0;1,0000000000000000;1,000000000000000;1,0000000000000000;1,0000000000000000;1,0000000000000000;1,0000000000000000;1,0000000000000000;1,0000000000000000;1,0000000000000000;1,0000000000000000;1,00000000000000000
2022-08-05;alle;65;65,0;65;65;65;65;65;65;65;65,0;65,0;65,0;434;434,0;434,0;434;434;434;434;434;434;434,0;434,0;434,0;NA;NA;NA;NA;NA;NA;NA;NA;NA;NA;NA
2022-08-04;0-60;21;21,0;21;21;21;21;21;21;21;21,0;21,0;21,0;133;133,0;133,0;133;133;133;133;133;133;133,0;133,0;133,0;1,0000000000000000;1,000000000000000;1,0000000000000000;1,0000000000000000;1,0000000000000000;1,0000000000000000;1,0000000000000000;1,0000000000000000;1,0000000000000000;1,0000000000000000;1,00000000000000000
2022-08-04;60+;53;53,0;53;53;53;53;53;53;53;53,0;53,0;53,0;324;324,0;324,0;324;324;324;324;324;324;324,0;324,0;324,0;1,0000000000000000;1,000000000000000;1,0000000000000000;1,0000000000000000;1,0000000000000000;1,0000000000000000;1,0000000000000000;1,0000000000000000;1,0000000000000000;1,0000000000000000;1,00000000000000000
2022-08-04;alle;74;74,0;74;74;74;74;74;74;74;74,0;74,0;74,0;457;457,0;457,0;457;457;457;457;457;457;457,0;457,0;457,0;NA;NA;NA;NA;NA;NA;NA;NA;NA;NA;NA
2022-08-03;0-60;21;21,0;21;21;21;21;21;21;21;21,0;21,0;21,0;137;137,0;137,0;137;137;137;137;137;137;137,0;137,0;137,0;1,0000000000000000;1,000000000000000;1,0000000000000000;1,0000000000000000;1,0000000000000000;1,0000000000000000;1,0000000000000000;1,0000000000000000;1,0000000000000000;1,0000000000000000;1,00000000000000000
2022-08-03;60+;56;56,0;56;56;56;56;56;56;56;56,0;56,0;56,0;325;325,0;325,0;325;325;325;325;325;325;325,0;325,0;325,0;1,0000000000000000;1,000000000000000;1,0000000000000000;1,0000000000000000;1,0000000000000000;1,0000000000000000;1,0000000000000000;1,0000000000000000;1,0000000000000000;1,0000000000000000;1,00000000000000000
2022-08-03;alle;77;77,0;77;77;77;77;77;77;77;77,0;77,0;77,0;462;462,0;462,0;462;462;462;462;462;462;462,0;462,0;462,0;NA;NA;NA;NA;NA;NA;NA;NA;NA;NA;NA
2022-08-02;0-60;35;35,0;35;35;35;35;35;35;35;35,0;35,0;35,0;153;153,0;153,0;153;153;153;153;153;153;153,0;153,0;153,0;1,0000000000000000;1,000000000000000;1,0000000000000000;1,0000000000000000;1,0000000000000000;1,0000000000000000;1,0000000000000000;1,0000000000000000;1,0000000000000000;1,0000000000000000;1,00000000000000000
2022-08-02;60+;102;102,0;102;102;102;102;102;102;102;102,0;102,0;102,0;331;331,0;331,0;331;331;331;331;331;331;331,0;331,0;331,0;1,0000000000000000;1,000000000000000;1,0000000000000000;1,0000000000000000;1,0000000000000000;1,0000000000000000;1,0000000000000000;1,0000000000000000;1,0000000000000000;1,0000000000000000;1,00000000000000000
2022-08-02;alle;137;137,0;137;137;137;137;137;137;137;137,0;137,0;137,0;484;484,0;484,0;484;484;484;484;484;484;484,0;484,0;484,0;NA;NA;NA;NA;NA;NA;NA;NA;NA;NA;NA
2022-08-01;0-60;3;3,0;3;3;3;3;3;3;3;3,0;3,0;3,0;149;149,0;149,0;149;149;149;149;149;149;149,0;149,0;149,0;1,0000000000000000;1,000000000000000;1,0000000000000000;1,0000000000000000;1,0000000000000000;1,0000000000000000;1,0000000000000000;1,0000000000000000;1,0000000000000000;1,0000000000000000;1,00000000000000000
2022-08-01;60+;4;4,0;4;4;4;4;4;4;4;4,0;4,0;4,0;322;322,0;322,0;322;322;322;322;322;322;322,0;322,0;322,0;1,0000000000000000;1,000000000000000;1,0000000000000000;1,0000000000000000;1,0000000000000000;1,0000000000000000;1,0000000000000000;1,0000000000000000;1,0000000000000000;1,0000000000000000;1,00000000000000000
2022-08-01;alle;7;7,0;7;7;7;7;7;7;7;7,0;7,0;7,0;471;471,0;471,0;471;471;471;471;471;471;471,0;471,0;471,0;NA;NA;NA;NA;NA;NA;NA;NA;NA;NA;NA
2022-07-31;0-60;6;6,0;6;6;6;6;6;6;6;6,0;6,0;6,0;151;151,0;151,0;151;151;151;151;151;151;151,0;151,0;151,0;1,0000000000000000;1,000000000000000;1,0000000000000000;1,0000000000000000;1,0000000000000000;1,0000000000000000;1,0000000000000000;1,0000000000000000;1,0000000000000000;1,0000000000000000;1,00000000000000000
2022-07-31;60+;6;6,0;6;6;6;6;6;6;6;6,0;6,0;6,0;329;329,0;329,0;329;329;329;329;329;329;329,0;329,0;329,0;1,0000000000000000;1,000000000000000;1,0000000000000000;1,0000000000000000;1,0000000000000000;1,0000000000000000;1,0000000000000000;1,0000000000000000;1,0000000000000000;1,0000000000000000;1,00000000000000000
2022-07-31;alle;12;12,0;12;12;12;12;12;12;12;12,0;12,0;12,0;480;480,0;480,0;480;480;480;480;480;480;480,0;480,0;480,0;NA;NA;NA;NA;NA;NA;NA;NA;NA;NA;NA
2022-07-30;0-60;24;24,0;24;24;24;24;24;24;24;24,0;24,0;24,0;150;150,0;150,0;150;150;150;150;150;150;150,0;150,0;150,0;1,0000000000000000;1,000000000000000;1,0000000000000000;1,0000000000000000;1,0000000000000000;1,0000000000000000;1,0000000000000000;1,0000000000000000;1,0000000000000000;1,0000000000000000;1,00000000000000000
2022-07-30;60+;38;38,0;38;38;38;38;38;38;38;38,0;38,0;38,0;336;336,0;336,0;336;336;336;336;336;336;336,0;336,0;336,0;1,0000000000000000;1,000000000000000;1,0000000000000000;1,0000000000000000;1,0000000000000000;1,0000000000000000;1,0000000000000000;1,0000000000000000;1,0000000000000000;1,0000000000000000;1,00000000000000000
2022-07-30;alle;62;62,0;62;62;62;62;62;62;62;62,0;62,0;62,0;486;486,0;486,0;486;486;486;486;486;486;486,0;486,0;486,0;NA;NA;NA;NA;NA;NA;NA;NA;NA;NA;NA
2022-07-29;0-60;23;23,0;23;23;23;23;23;23;23;23,0;23,0;23,0;150;150,0;150,0;150;150;150;150;150;150;150,0;150,0;150,0;1,0000000000000000;1,000000000000000;1,0000000000000000;1,0000000000000000;1,0000000000000000;1,0000000000000000;1,0000000000000000;1,0000000000000000;1,0000000000000000;1,0000000000000000;1,00000000000000000
2022-07-29;60+;65;65,0;65;65;65;65;65;65;65;65,0;65,0;65,0;363;363,0;363,0;363;363;363;363;363;363;363,0;363,0;363,0;1,0000000000000000;1,000000000000000;1,0000000000000000;1,0000000000000000;1,0000000000000000;1,0000000000000000;1,0000000000000000;1,0000000000000000;1,0000000000000000;1,0000000000000000;1,00000000000000000
2022-07-29;alle;88;88,0;88;88;88;88;88;88;88;88,0;88,0;88,0;513;513,0;513,0;513;513;513;513;513;513;513,0;513,0;513,0;NA;NA;NA;NA;NA;NA;NA;NA;NA;NA;NA
2022-07-28;0-60;25;25,0;25;25;25;25;25;25;25;25,0;25,0;25,0;164;164,0;164,0;164;164;164;164;164;164;164,0;164,0;164,0;1,0000000000000000;1,000000000000000;1,0000000000000000;1,0000000000000000;1,0000000000000000;1,0000000000000000;1,0000000000000000;1,0000000000000000;1,0000000000000000;1,0000000000000000;1,00000000000000000
2022-07-28;60+;54;54,0;54;54;54;54;54;54;54;54,0;54,0;54,0;359;359,0;359,0;359;359;359;359;359;359;359,0;359,0;359,0;1,0000000000000000;1,000000000000000;1,0000000000000000;1,0000000000000000;1,0000000000000000;1,0000000000000000;1,0000000000000000;1,0000000000000000;1,0000000000000000;1,0000000000000000;1,00000000000000000
2022-07-28;alle;79;79,0;79;79;79;79;79;79;79;79,0;79,0;79,0;523;523,0;523,0;523;523;523;523;523;523;523,0;523,0;523,0;NA;NA;NA;NA;NA;NA;NA;NA;NA;NA;NA
2022-07-27;0-60;37;37,0;37;37;37;37;37;37;37;37,0;37,0;37,0;169;169,0;169,0;169;169;169;169;169;169;169,0;169,0;169,0;1,0000000000000000;1,000000000000000;1,0000000000000000;1,0000000000000000;1,0000000000000000;1,0000000000000000;1,0000000000000000;1,0000000000000000;1,0000000000000000;1,0000000000000000;1,00000000000000000
2022-07-27;60+;62;62,0;62;62;62;62;62;62;62;62,0;62,0;62,0;367;367,0;367,0;367;367;367;367;367;367;367,0;367,0;367,0;1,0000000000000000;1,000000000000000;1,0000000000000000;1,0000000000000000;1,0000000000000000;1,0000000000000000;1,0000000000000000;1,0000000000000000;1,0000000000000000;1,0000000000000000;1,00000000000000000
2022-07-27;alle;99;99,0;99;99;99;99;99;99;99;99,0;99,0;99,0;536;536,0;536,0;536;536;536;536;536;536;536,0;536,0;536,0;NA;NA;NA;NA;NA;NA;NA;NA;NA;NA;NA
2022-07-26;0-60;31;31,0;31;31;31;31;31;31;31;31,0;31,0;31,0;165;165,0;165,0;165;165;165;165;165;165;165,0;165,0;165,0;1,0000000000000000;1,000000000000000;1,0000000000000000;1,0000000000000000;1,0000000000000000;1,0000000000000000;1,0000000000000000;1,0000000000000000;1,0000000000000000;1,0000000000000000;1,00000000000000000
2022-07-26;60+;93;93,0;93;93;93;93;93;93;93;93,0;93,0;93,0;379;379,0;379,0;379;379;379;379;379;379;379,0;379,0;379,0;1,0000000000000000;1,000000000000000;1,0000000000000000;1,0000000000000000;1,0000000000000000;1,0000000000000000;1,0000000000000000;1,0000000000000000;1,0000000000000000;1,0000000000000000;1,00000000000000000
2022-07-26;alle;124;124,0;124;124;124;124;124;124;124;124,0;124,0;124,0;544;544,0;544,0;544;544;544;544;544;544;544,0;544,0;544,0;NA;NA;NA;NA;NA;NA;NA;NA;NA;NA;NA
2022-07-25;0-60;5;5,0;5;5;5;5;5;5;5;5,0;5,0;5,0;181;181,0;181,0;181;181;181;181;181;181;181,0;181,0;181,0;1,0000000000000000;1,000000000000000;1,0000000000000000;1,0000000000000000;1,0000000000000000;1,0000000000000000;1,0000000000000000;1,0000000000000000;1,0000000000000000;1,0000000000000000;1,00000000000000000
2022-07-25;60+;11;11,0;11;11;11;11;11;11;11;11,0;11,0;11,0;392;392,0;392,0;392;392;392;392;392;392;392,0;392,0;392,0;1,0000000000000000;1,000000000000000;1,0000000000000000;1,0000000000000000;1,0000000000000000;1,0000000000000000;1,0000000000000000;1,0000000000000000;1,0000000000000000;1,0000000000000000;1,00000000000000000
2022-07-25;alle;16;16,0;16;16;16;16;16;16;16;16,0;16,0;16,0;573;573,0;573,0;573;573;573;573;573;573;573,0;573,0;573,0;NA;NA;NA;NA;NA;NA;NA;NA;NA;NA;NA
2022-07-24;0-60;5;5,0;5;5;5;5;5;5;5;5,0;5,0;5,0;180;180,0;180,0;180;180;180;180;180;180;180,0;180,0;180,0;1,0000000000000000;1,000000000000000;1,0000000000000000;1,0000000000000000;1,0000000000000000;1,0000000000000000;1,0000000000000000;1,0000000000000000;1,0000000000000000;1,0000000000000000;1,00000000000000000
2022-07-24;60+;13;13,0;13;13;13;13;13;13;13;13,0;13,0;13,0;390;390,0;390,0;390;390;390;390;390;390;390,0;390,0;390,0;1,0000000000000000;1,000000000000000;1,0000000000000000;1,0000000000000000;1,0000000000000000;1,0000000000000000;1,0000000000000000;1,0000000000000000;1,0000000000000000;1,0000000000000000;1,00000000000000000
2022-07-24;alle;18;18,0;18;18;18;18;18;18;18;18,0;18,0;18,0;570;570,0;570,0;570;570;570;570;570;570;570,0;570,0;570,0;NA;NA;NA;NA;NA;NA;NA;NA;NA;NA;NA
2022-07-23;0-60;24;24,0;24;24;24;24;24;24;24;24,0;24,0;24,0;178;178,0;178,0;178;178;178;178;178;178;178,0;178,0;178,0;1,0000000000000000;1,000000000000000;1,0000000000000000;1,0000000000000000;1,0000000000000000;1,0000000000000000;1,0000000000000000;1,0000000000000000;1,0000000000000000;1,0000000000000000;1,00000000000000000
2022-07-23;60+;65;65,0;65;65;65;65;65;65;65;65,0;65,0;65,0;386;386,0;386,0;386;386;386;386;386;386;386,0;386,0;386,0;1,0000000000000000;1,000000000000000;1,0000000000000000;1,0000000000000000;1,0000000000000000;1,0000000000000000;1,0000000000000000;1,0000000000000000;1,0000000000000000;1,0000000000000000;1,00000000000000000
2022-07-23;alle;89;89,0;89;89;89;89;89;89;89;89,0;89,0;89,0;564;564,0;564,0;564;564;564;564;564;564;564,0;564,0;564,0;NA;NA;NA;NA;NA;NA;NA;NA;NA;NA;NA
2022-07-22;0-60;37;37,0;37;37;37;37;37;37;37;37,0;37,0;37,0;172;172,0;172,0;172;172;172;172;172;172;172,0;172,0;172,0;1,0000000000000000;1,000000000000000;1,0000000000000000;1,0000000000000000;1,0000000000000000;1,0000000000000000;1,0000000000000000;1,0000000000000000;1,0000000000000000;1,0000000000000000;1,00000000000000000
2022-07-22;60+;61;61,0;61;61;61;61;61;61;61;61,0;61,0;61,0;375;375,0;375,0;375;375;375;375;375;375;375,0;375,0;375,0;1,0000000000000000;1,000000000000000;1,0000000000000000;1,0000000000000000;1,0000000000000000;1,0000000000000000;1,0000000000000000;1,0000000000000000;1,0000000000000000;1,0000000000000000;1,00000000000000000
2022-07-22;alle;98;98,0;98;98;98;98;98;98;98;98,0;98,0;98,0;547;547,0;547,0;547;547;547;547;547;547;547,0;547,0;547,0;NA;NA;NA;NA;NA;NA;NA;NA;NA;NA;NA
2022-07-21;0-60;30;30,0;30;30;30;30;30;30;30;30,0;30,0;30,0;161;161,0;161,0;161;161;161;161;161;161;161,0;161,0;161,0;1,0000000000000000;1,000000000000000;1,0000000000000000;1,0000000000000000;1,0000000000000000;1,0000000000000000;1,0000000000000000;1,0000000000000000;1,0000000000000000;1,0000000000000000;1,00000000000000000
2022-07-21;60+;62;62,0;62;62;62;62;62;62;62;62,0;62,0;62,0;384;384,0;384,0;384;384;384;384;384;384;384,0;384,0;384,0;1,0000000000000000;1,000000000000000;1,0000000000000000;1,0000000000000000;1,0000000000000000;1,0000000000000000;1,0000000000000000;1,0000000000000000;1,0000000000000000;1,0000000000000000;1,00000000000000000
2022-07-21;alle;92;92,0;92;92;92;92;92;92;92;92,0;92,0;92,0;545;545,0;545,0;545;545;545;545;545;545;545,0;545,0;545,0;NA;NA;NA;NA;NA;NA;NA;NA;NA;NA;NA
2022-07-20;0-60;33;33,0;33;33;33;33;33;33;33;33,0;33,0;33,0;160;160,0;160,0;160;160;160;160;160;160;160,0;160,0;160,0;1,0000000000000000;1,000000000000000;1,0000000000000000;1,0000000000000000;1,0000000000000000;1,0000000000000000;1,0000000000000000;1,0000000000000000;1,0000000000000000;1,0000000000000000;1,00000000000000000
2022-07-20;60+;74;74,0;74;74;74;74;74;74;74;74,0;74,0;74,0;382;382,0;382,0;382;382;382;382;382;382;382,0;382,0;382,0;1,0000000000000000;1,000000000000000;1,0000000000000000;1,0000000000000000;1,0000000000000000;1,0000000000000000;1,0000000000000000;1,0000000000000000;1,0000000000000000;1,0000000000000000;1,00000000000000000
2022-07-20;alle;107;107,0;107;107;107;107;107;107;107;107,0;107,0;107,0;542;542,0;542,0;542;542;542;542;542;542;542,0;542,0;542,0;NA;NA;NA;NA;NA;NA;NA;NA;NA;NA;NA
2022-07-19;0-60;47;47,0;47;47;47;47;47;47;47;47,0;47,0;47,0;153;153,0;153,0;153;153;153;153;153;153;153,0;153,0;153,0;1,0000000000000000;1,000000000000000;1,0000000000000000;1,0000000000000000;1,0000000000000000;1,0000000000000000;1,0000000000000000;1,0000000000000000;1,0000000000000000;1,0000000000000000;1,00000000000000000
2022-07-19;60+;106;106,0;106;106;106;106;106;106;106;106,0;106,0;106,0;382;382,0;382,0;382;382;382;382;382;382;382,0;382,0;382,0;1,0000000000000000;1,000000000000000;1,0000000000000000;1,0000000000000000;1,0000000000000000;1,0000000000000000;1,0000000000000000;1,0000000000000000;1,0000000000000000;1,0000000000000000;1,00000000000000000
2022-07-19;alle;153;153,0;153;153;153;153;153;153;153;153,0;153,0;153,0;535;535,0;535,0;535;535;535;535;535;535;535,0;535,0;535,0;NA;NA;NA;NA;NA;NA;NA;NA;NA;NA;NA
2022-07-18;0-60;4;4,0;4;4;4;4;4;4;4;4,0;4,0;4,0;138;138,0;138,0;138;138;138;138;138;138;138,0;138,0;138,0;1,0000000000000000;1,000000000000000;1,0000000000000000;1,0000000000000000;1,0000000000000000;1,0000000000000000;1,0000000000000000;1,0000000000000000;1,0000000000000000;1,0000000000000000;1,00000000000000000
2022-07-18;60+;9;9,0;9;9;9;9;9;9;9;9,0;9,0;9,0;366;366,0;366,0;366;366;366;366;366;366;366,0;366,0;366,0;1,0000000000000000;1,000000000000000;1,0000000000000000;1,0000000000000000;1,0000000000000000;1,0000000000000000;1,0000000000000000;1,0000000000000000;1,0000000000000000;1,0000000000000000;1,00000000000000000
2022-07-18;alle;13;13,0;13;13;13;13;13;13;13;13,0;13,0;13,0;504;504,0;504,0;504;504;504;504;504;504;504,0;504,0;504,0;NA;NA;NA;NA;NA;NA;NA;NA;NA;NA;NA
2022-07-17;0-60;3;3,0;3;3;3;3;3;3;3;3,0;3,0;3,0;138;138,0;138,0;138;138;138;138;138;138;138,0;138,0;138,0;1,0000000000000000;1,000000000000000;1,0000000000000000;1,0000000000000000;1,0000000000000000;1,0000000000000000;1,0000000000000000;1,0000000000000000;1,0000000000000000;1,0000000000000000;1,00000000000000000
2022-07-17;60+;9;9,0;9;9;9;9;9;9;9;9,0;9,0;9,0;368;368,0;368,0;368;368;368;368;368;368;368,0;368,0;368,0;1,0000000000000000;1,000000000000000;1,0000000000000000;1,0000000000000000;1,0000000000000000;1,0000000000000000;1,0000000000000000;1,0000000000000000;1,0000000000000000;1,0000000000000000;1,00000000000000000
2022-07-17;alle;12;12,0;12;12;12;12;12;12;12;12,0;12,0;12,0;506;506,0;506,0;506;506;506;506;506;506;506,0;506,0;506,0;NA;NA;NA;NA;NA;NA;NA;NA;NA;NA;NA
2022-07-16;0-60;18;18,0;18;18;18;18;18;18;18;18,0;18,0;18,0;136;136,0;136,0;136;136;136;136;136;136;136,0;136,0;136,0;1,0000000000000000;1,000000000000000;1,0000000000000000;1,0000000000000000;1,0000000000000000;1,0000000000000000;1,0000000000000000;1,0000000000000000;1,0000000000000000;1,0000000000000000;1,00000000000000000
2022-07-16;60+;54;54,0;54;54;54;54;54;54;54;54,0;54,0;54,0;364;364,0;364,0;364;364;364;364;364;364;364,0;364,0;364,0;1,0000000000000000;1,000000000000000;1,0000000000000000;1,0000000000000000;1,0000000000000000;1,0000000000000000;1,0000000000000000;1,0000000000000000;1,0000000000000000;1,0000000000000000;1,00000000000000000
2022-07-16;alle;72;72,0;72;72;72;72;72;72;72;72,0;72,0;72,0;500;500,0;500,0;500;500;500;500;500;500;500,0;500,0;500,0;NA;NA;NA;NA;NA;NA;NA;NA;NA;NA;NA
2022-07-15;0-60;26;26,0;26;26;26;26;26;26;26;26,0;26,0;26,0;131;131,0;131,0;131;131;131;131;131;131;131,0;131,0;131,0;1,0000000000000000;1,000000000000000;1,0000000000000000;1,0000000000000000;1,0000000000000000;1,0000000000000000;1,0000000000000000;1,0000000000000000;1,0000000000000000;1,0000000000000000;1,00000000000000000
2022-07-15;60+;70;70,0;70;70;70;70;70;70;70;70,0;70,0;70,0;348;348,0;348,0;348;348;348;348;348;348;348,0;348,0;348,0;1,0000000000000000;1,000000000000000;1,0000000000000000;1,0000000000000000;1,0000000000000000;1,0000000000000000;1,0000000000000000;1,0000000000000000;1,0000000000000000;1,0000000000000000;1,00000000000000000
2022-07-15;alle;96;96,0;96;96;96;96;96;96;96;96,0;96,0;96,0;479;479,0;479,0;479;479;479;479;479;479;479,0;479,0;479,0;NA;NA;NA;NA;NA;NA;NA;NA;NA;NA;NA
2022-07-14;0-60;29;29,0;29;29;29;29;29;29;29;29,0;29,0;29,0;130;130,0;130,0;130;130;130;130;130;130;130,0;130,0;130,0;1,0000000000000000;1,000000000000000;1,0000000000000000;1,0000000000000000;1,0000000000000000;1,0000000000000000;1,0000000000000000;1,0000000000000000;1,0000000000000000;1,0000000000000000;1,00000000000000000
2022-07-14;60+;60;60,0;60;60;60;60;60;60;60;60,0;60,0;60,0;328;328,0;328,0;328;328;328;328;328;328;328,0;328,0;328,0;1,0000000000000000;1,000000000000000;1,0000000000000000;1,0000000000000000;1,0000000000000000;1,0000000000000000;1,0000000000000000;1,0000000000000000;1,0000000000000000;1,0000000000000000;1,00000000000000000
2022-07-14;alle;89;89,0;89;89;89;89;89;89;89;89,0;89,0;89,0;458;458,0;458,0;458;458;458;458;458;458;458,0;458,0;458,0;NA;NA;NA;NA;NA;NA;NA;NA;NA;NA;NA
2022-07-13;0-60;26;26,0;26;26;26;26;26;26;26;26,0;26,0;26,0;130;130,0;130,0;130;130;130;130;130;130;130,0;130,0;130,0;1,0000000000000000;1,000000000000000;1,0000000000000000;1,0000000000000000;1,0000000000000000;1,0000000000000000;1,0000000000000000;1,0000000000000000;1,0000000000000000;1,0000000000000000;1,00000000000000000
2022-07-13;60+;74;74,0;74;74;74;74;74;74;74;74,0;74,0;74,0;322;322,0;322,0;322;322;322;322;322;322;322,0;322,0;322,0;1,0000000000000000;1,000000000000000;1,0000000000000000;1,0000000000000000;1,0000000000000000;1,0000000000000000;1,0000000000000000;1,0000000000000000;1,0000000000000000;1,0000000000000000;1,00000000000000000
2022-07-13;alle;100;100,0;100;100;100;100;100;100;100;100,0;100,0;100,0;452;452,0;452,0;452;452;452;452;452;452;452,0;452,0;452,0;NA;NA;NA;NA;NA;NA;NA;NA;NA;NA;NA
2022-07-12;0-60;32;32,0;32;32;32;32;32;32;32;32,0;32,0;32,0;128;128,0;128,0;128;128;128;128;128;128;128,0;128,0;128,0;1,0000000000000000;1,000000000000000;1,0000000000000000;1,0000000000000000;1,0000000000000000;1,0000000000000000;1,0000000000000000;1,0000000000000000;1,0000000000000000;1,0000000000000000;1,00000000000000000
2022-07-12;60+;90;90,0;90;90;90;90;90;90;90;90,0;90,0;90,0;298;298,0;298,0;298;298;298;298;298;298;298,0;298,0;298,0;1,0000000000000000;1,000000000000000;1,0000000000000000;1,0000000000000000;1,0000000000000000;1,0000000000000000;1,0000000000000000;1,0000000000000000;1,0000000000000000;1,0000000000000000;1,00000000000000000
2022-07-12;alle;122;122,0;122;122;122;122;122;122;122;122,0;122,0;122,0;426;426,0;426,0;426;426;426;426;426;426;426,0;426,0;426,0;NA;NA;NA;NA;NA;NA;NA;NA;NA;NA;NA
2022-07-11;0-60;4;4,0;4;4;4;4;4;4;4;4,0;4,0;4,0;134;134,0;134,0;134;134;134;134;134;134;134,0;134,0;134,0;1,0000000000000000;1,000000000000000;1,0000000000000000;1,0000000000000000;1,0000000000000000;1,0000000000000000;1,0000000000000000;1,0000000000000000;1,0000000000000000;1,0000000000000000;1,00000000000000000
2022-07-11;60+;11;11,0;11;11;11;11;11;11;11;11,0;11,0;11,0;288;288,0;288,0;288;288;288;288;288;288;288,0;288,0;288,0;1,0000000000000000;1,000000000000000;1,0000000000000000;1,0000000000000000;1,0000000000000000;1,0000000000000000;1,0000000000000000;1,0000000000000000;1,0000000000000000;1,0000000000000000;1,00000000000000000
2022-07-11;alle;15;15,0;15;15;15;15;15;15;15;15,0;15,0;15,0;422;422,0;422,0;422;422;422;422;422;422;422,0;422,0;422,0;NA;NA;NA;NA;NA;NA;NA;NA;NA;NA;NA
2022-07-10;0-60;1;1,0;1;1;1;1;1;1;1;1,0;1,0;1,0;132;132,0;132,0;132;132;132;132;132;132;132,0;132,0;132,0;1,0000000000000000;1,000000000000000;1,0000000000000000;1,0000000000000000;1,0000000000000000;1,0000000000000000;1,0000000000000000;1,0000000000000000;1,0000000000000000;1,0000000000000000;1,00000000000000000
2022-07-10;60+;5;5,0;5;5;5;5;5;5;5;5,0;5,0;5,0;283;283,0;283,0;283;283;283;283;283;283;283,0;283,0;283,0;1,0000000000000000;1,000000000000000;1,0000000000000000;1,0000000000000000;1,0000000000000000;1,0000000000000000;1,0000000000000000;1,0000000000000000;1,0000000000000000;1,0000000000000000;1,00000000000000000
2022-07-10;alle;6;6,0;6;6;6;6;6;6;6;6,0;6,0;6,0;415;415,0;415,0;415;415;415;415;415;415;415,0;415,0;415,0;NA;NA;NA;NA;NA;NA;NA;NA;NA;NA;NA
2022-07-09;0-60;13;13,0;13;13;13;13;13;13;13;13,0;13,0;13,0;134;134,0;134,0;134;134;134;134;134;134;134,0;134,0;134,0;1,0000000000000000;1,000000000000000;1,0000000000000000;1,0000000000000000;1,0000000000000000;1,0000000000000000;1,0000000000000000;1,0000000000000000;1,0000000000000000;1,0000000000000000;1,00000000000000000
2022-07-09;60+;38;38,0;38;38;38;38;38;38;38;38,0;38,0;38,0;287;287,0;287,0;287;287;287;287;287;287;287,0;287,0;287,0;1,0000000000000000;1,000000000000000;1,0000000000000000;1,0000000000000000;1,0000000000000000;1,0000000000000000;1,0000000000000000;1,0000000000000000;1,0000000000000000;1,0000000000000000;1,00000000000000000
2022-07-09;alle;51;51,0;51;51;51;51;51;51;51;51,0;51,0;51,0;421;421,0;421,0;421;421;421;421;421;421;421,0;421,0;421,0;NA;NA;NA;NA;NA;NA;NA;NA;NA;NA;NA
2022-07-08;0-60;25;25,0;25;25;25;25;25;25;25;25,0;25,0;25,0;139;139,0;139,0;139;139;139;139;139;139;139,0;139,0;139,0;1,0000000000000000;1,000000000000000;1,0000000000000000;1,0000000000000000;1,0000000000000000;1,0000000000000000;1,0000000000000000;1,0000000000000000;1,0000000000000000;1,0000000000000000;1,00000000000000000
2022-07-08;60+;50;50,0;50;50;50;50;50;50;50;50,0;50,0;50,0;280;280,0;280,0;280;280;280;280;280;280;280,0;280,0;280,0;1,0000000000000000;1,000000000000000;1,0000000000000000;1,0000000000000000;1,0000000000000000;1,0000000000000000;1,0000000000000000;1,0000000000000000;1,0000000000000000;1,0000000000000000;1,00000000000000000
2022-07-08;alle;75;75,0;75;75;75;75;75;75;75;75,0;75,0;75,0;419;419,0;419,0;419;419;419;419;419;419;419,0;419,0;419,0;NA;NA;NA;NA;NA;NA;NA;NA;NA;NA;NA
2022-07-07;0-60;29;29,0;29;29;29;29;29;29;29;29,0;29,0;29,0;137;137,0;137,0;137;137;137;137;137;137;137,0;137,0;137,0;1,0000000000000000;1,000000000000000;1,0000000000000000;1,0000000000000000;1,0000000000000000;1,0000000000000000;1,0000000000000000;1,0000000000000000;1,0000000000000000;1,0000000000000000;1,00000000000000000
2022-07-07;60+;54;54,0;54;54;54;54;54;54;54;54,0;54,0;54,0;265;265,0;265,0;265;265;265;265;265;265;265,0;265,0;265,0;1,0000000000000000;1,000000000000000;1,0000000000000000;1,0000000000000000;1,0000000000000000;1,0000000000000000;1,0000000000000000;1,0000000000000000;1,0000000000000000;1,0000000000000000;1,00000000000000000
2022-07-07;alle;83;83,0;83;83;83;83;83;83;83;83,0;83,0;83,0;402;402,0;402,0;402;402;402;402;402;402;402,0;402,0;402,0;NA;NA;NA;NA;NA;NA;NA;NA;NA;NA;NA
2022-07-06;0-60;24;24,0;24;24;24;24;24;24;24;24,0;24,0;24,0;135;135,0;135,0;135;135;135;135;135;135;135,0;135,0;135,0;1,0000000000000000;1,000000000000000;1,0000000000000000;1,0000000000000000;1,0000000000000000;1,0000000000000000;1,0000000000000000;1,0000000000000000;1,0000000000000000;1,0000000000000000;1,00000000000000000
2022-07-06;60+;50;50,0;50;50;50;50;50;50;50;50,0;50,0;50,0;236;236,0;236,0;236;236;236;236;236;236;236,0;236,0;236,0;1,0000000000000000;1,000000000000000;1,0000000000000000;1,0000000000000000;1,0000000000000000;1,0000000000000000;1,0000000000000000;1,0000000000000000;1,0000000000000000;1,0000000000000000;1,00000000000000000
2022-07-06;alle;74;74,0;74;74;74;74;74;74;74;74,0;74,0;74,0;371;371,0;371,0;371;371;371;371;371;371;371,0;371,0;371,0;NA;NA;NA;NA;NA;NA;NA;NA;NA;NA;NA
2022-07-05;0-60;38;38,0;38;38;38;38;38;38;38;38,0;38,0;38,0;138;138,0;138,0;138;138;138;138;138;138;138,0;138,0;138,0;1,0000000000000000;1,000000000000000;1,0000000000000000;1,0000000000000000;1,0000000000000000;1,0000000000000000;1,0000000000000000;1,0000000000000000;1,0000000000000000;1,0000000000000000;1,00000000000000000
2022-07-05;60+;80;80,0;80;80;80;80;80;80;80;80,0;80,0;80,0;231;231,0;231,0;231;231;231;231;231;231;231,0;231,0;231,0;1,0000000000000000;1,000000000000000;1,0000000000000000;1,0000000000000000;1,0000000000000000;1,0000000000000000;1,0000000000000000;1,0000000000000000;1,0000000000000000;1,0000000000000000;1,00000000000000000
2022-07-05;alle;118;118,0;118;118;118;118;118;118;118;118,0;118,0;118,0;369;369,0;369,0;369;369;369;369;369;369;369,0;369,0;369,0;NA;NA;NA;NA;NA;NA;NA;NA;NA;NA;NA
2022-07-04;0-60;2;2,0;2;2;2;2;2;2;2;2,0;2,0;2,0;137;137,0;137,0;137;137;137;137;137;137;137,0;137,0;137,0;1,0000000000000000;1,000000000000000;1,0000000000000000;1,0000000000000000;1,0000000000000000;1,0000000000000000;1,0000000000000000;1,0000000000000000;1,0000000000000000;1,0000000000000000;1,00000000000000000
2022-07-04;60+;6;6,0;6;6;6;6;6;6;6;6,0;6,0;6,0;208;208,0;208,0;208;208;208;208;208;208;208,0;208,0;208,0;1,0000000000000000;1,000000000000000;1,0000000000000000;1,0000000000000000;1,0000000000000000;1,0000000000000000;1,0000000000000000;1,0000000000000000;1,0000000000000000;1,0000000000000000;1,00000000000000000
2022-07-04;alle;8;8,0;8;8;8;8;8;8;8;8,0;8,0;8,0;345;345,0;345,0;345;345;345;345;345;345;345,0;345,0;345,0;NA;NA;NA;NA;NA;NA;NA;NA;NA;NA;NA
2022-07-03;0-60;3;3,0;3;3;3;3;3;3;3;3,0;3,0;3,0;137;137,0;137,0;137;137;137;137;137;137;137,0;137,0;137,0;1,0000000000000000;1,000000000000000;1,0000000000000000;1,0000000000000000;1,0000000000000000;1,0000000000000000;1,0000000000000000;1,0000000000000000;1,0000000000000000;1,0000000000000000;1,00000000000000000
2022-07-03;60+;9;9,0;9;9;9;9;9;9;9;9,0;9,0;9,0;207;207,0;207,0;207;207;207;207;207;207;207,0;207,0;207,0;1,0000000000000000;1,000000000000000;1,0000000000000000;1,0000000000000000;1,0000000000000000;1,0000000000000000;1,0000000000000000;1,0000000000000000;1,0000000000000000;1,0000000000000000;1,00000000000000000
2022-07-03;alle;12;12,0;12;12;12;12;12;12;12;12,0;12,0;12,0;344;344,0;344,0;344;344;344;344;344;344;344,0;344,0;344,0;NA;NA;NA;NA;NA;NA;NA;NA;NA;NA;NA
2022-07-02;0-60;18;18,0;18;18;18;18;18;18;18;18,0;18,0;18,0;135;135,0;135,0;135;135;135;135;135;135;135,0;135,0;135,0;1,0000000000000000;1,000000000000000;1,0000000000000000;1,0000000000000000;1,0000000000000000;1,0000000000000000;1,0000000000000000;1,0000000000000000;1,0000000000000000;1,0000000000000000;1,00000000000000000
2022-07-02;60+;31;31,0;31;31;31;31;31;31;31;31,0;31,0;31,0;201;201,0;201,0;201;201;201;201;201;201;201,0;201,0;201,0;1,0000000000000000;1,000000000000000;1,0000000000000000;1,0000000000000000;1,0000000000000000;1,0000000000000000;1,0000000000000000;1,0000000000000000;1,0000000000000000;1,0000000000000000;1,00000000000000000
2022-07-02;alle;49;49,0;49;49;49;49;49;49;49;49,0;49,0;49,0;336;336,0;336,0;336;336;336;336;336;336;336,0;336,0;336,0;NA;NA;NA;NA;NA;NA;NA;NA;NA;NA;NA
2022-07-01;0-60;23;23,0;23;23;23;23;23;23;23;23,0;23,0;23,0;129;129,0;129,0;129;129;129;129;129;129;129,0;129,0;129,0;1,0000000000000000;1,000000000000000;1,0000000000000000;1,0000000000000000;1,0000000000000000;1,0000000000000000;1,0000000000000000;1,0000000000000000;1,0000000000000000;1,0000000000000000;1,00000000000000000
2022-07-01;60+;35;35,0;35;35;35;35;35;35;35;35,0;35,0;35,0;205;205,0;205,0;205;205;205;205;205;205;205,0;205,0;205,0;1,0000000000000000;1,000000000000000;1,0000000000000000;1,0000000000000000;1,0000000000000000;1,0000000000000000;1,0000000000000000;1,0000000000000000;1,0000000000000000;1,0000000000000000;1,00000000000000000
2022-07-01;alle;58;58,0;58;58;58;58;58;58;58;58,0;58,0;58,0;334;334,0;334,0;334;334;334;334;334;334;334,0;334,0;334,0;NA;NA;NA;NA;NA;NA;NA;NA;NA;NA;NA
2022-06-30;0-60;27;27,0;27;27;27;27;27;27;27;27,0;27,0;27,0;139;139,0;139,0;139;139;139;139;139;139;139,0;139,0;139,0;1,0000000000000000;1,000000000000000;1,0000000000000000;1,0000000000000000;1,0000000000000000;1,0000000000000000;1,0000000000000000;1,0000000000000000;1,0000000000000000;1,0000000000000000;1,00000000000000000
2022-06-30;60+;25;25,0;25;25;25;25;25;25;25;25,0;25,0;25,0;208;208,0;208,0;208;208;208;208;208;208;208,0;208,0;208,0;1,0000000000000000;1,000000000000000;1,0000000000000000;1,0000000000000000;1,0000000000000000;1,0000000000000000;1,0000000000000000;1,0000000000000000;1,0000000000000000;1,0000000000000000;1,00000000000000000
2022-06-30;alle;52;52,0;52;52;52;52;52;52;52;52,0;52,0;52,0;347;347,0;347,0;347;347;347;347;347;347;347,0;347,0;347,0;NA;NA;NA;NA;NA;NA;NA;NA;NA;NA;NA
2022-06-29;0-60;27;27,0;27;27;27;27;27;27;27;27,0;27,0;27,0;129;129,0;129,0;129;129;129;129;129;129;129,0;129,0;129,0;1,0000000000000000;1,000000000000000;1,0000000000000000;1,0000000000000000;1,0000000000000000;1,0000000000000000;1,0000000000000000;1,0000000000000000;1,0000000000000000;1,0000000000000000;1,00000000000000000
2022-06-29;60+;45;45,0;45;45;45;45;45;45;45;45,0;45,0;45,0;231;231,0;231,0;231;231;231;231;231;231;231,0;231,0;231,0;1,0000000000000000;1,000000000000000;1,0000000000000000;1,0000000000000000;1,0000000000000000;1,0000000000000000;1,0000000000000000;1,0000000000000000;1,0000000000000000;1,0000000000000000;1,00000000000000000
2022-06-29;alle;72;72,0;72;72;72;72;72;72;72;72,0;72,0;72,0;360;360,0;360,0;360;360;360;360;360;360;360,0;360,0;360,0;NA;NA;NA;NA;NA;NA;NA;NA;NA;NA;NA
2022-06-28;0-60;37;37,0;37;37;37;37;37;37;37;37,0;37,0;37,0;128;128,0;128,0;128;128;128;128;128;128;128,0;128,0;128,0;1,0000000000000000;1,000000000000000;1,0000000000000000;1,0000000000000000;1,0000000000000000;1,0000000000000000;1,0000000000000000;1,0000000000000000;1,0000000000000000;1,0000000000000000;1,00000000000000000
2022-06-28;60+;57;57,0;57;57;57;57;57;57;57;57,0;57,0;57,0;225;225,0;225,0;225;225;225;225;225;225;225,0;225,0;225,0;1,0000000000000000;1,000000000000000;1,0000000000000000;1,0000000000000000;1,0000000000000000;1,0000000000000000;1,0000000000000000;1,0000000000000000;1,0000000000000000;1,0000000000000000;1,00000000000000000
2022-06-28;alle;94;94,0;94;94;94;94;94;94;94;94,0;94,0;94,0;353;353,0;353,0;353;353;353;353;353;353;353,0;353,0;353,0;NA;NA;NA;NA;NA;NA;NA;NA;NA;NA;NA
2022-06-27;0-60;2;2,0;2;2;2;2;2;2;2;2,0;2,0;2,0;123;123,0;123,0;123;123;123;123;123;123;123,0;123,0;123,0;1,0000000000000000;1,000000000000000;1,0000000000000000;1,0000000000000000;1,0000000000000000;1,0000000000000000;1,0000000000000000;1,0000000000000000;1,0000000000000000;1,0000000000000000;1,00000000000000000
2022-06-27;60+;5;5,0;5;5;5;5;5;5;5;5,0;5,0;5,0;233;233,0;233,0;233;233;233;233;233;233;233,0;233,0;233,0;1,0000000000000000;1,000000000000000;1,0000000000000000;1,0000000000000000;1,0000000000000000;1,0000000000000000;1,0000000000000000;1,0000000000000000;1,0000000000000000;1,0000000000000000;1,00000000000000000
2022-06-27;alle;7;7,0;7;7;7;7;7;7;7;7,0;7,0;7,0;356;356,0;356,0;356;356;356;356;356;356;356,0;356,0;356,0;NA;NA;NA;NA;NA;NA;NA;NA;NA;NA;NA
2022-06-26;0-60;1;1,0;1;1;1;1;1;1;1;1,0;1,0;1,0;124;124,0;124,0;124;124;124;124;124;124;124,0;124,0;124,0;1,0000000000000000;1,000000000000000;1,0000000000000000;1,0000000000000000;1,0000000000000000;1,0000000000000000;1,0000000000000000;1,0000000000000000;1,0000000000000000;1,0000000000000000;1,00000000000000000
2022-06-26;60+;3;3,0;3;3;3;3;3;3;3;3,0;3,0;3,0;238;238,0;238,0;238;238;238;238;238;238;238,0;238,0;238,0;1,0000000000000000;1,000000000000000;1,0000000000000000;1,0000000000000000;1,0000000000000000;1,0000000000000000;1,0000000000000000;1,0000000000000000;1,0000000000000000;1,0000000000000000;1,00000000000000000
2022-06-26;alle;4;4,0;4;4;4;4;4;4;4;4,0;4,0;4,0;362;362,0;362,0;362;362;362;362;362;362;362,0;362,0;362,0;NA;NA;NA;NA;NA;NA;NA;NA;NA;NA;NA
2022-06-25;0-60;12;12,0;12;12;12;12;12;12;12;12,0;12,0;12,0;126;126,0;126,0;126;126;126;126;126;126;126,0;126,0;126,0;1,0000000000000000;1,000000000000000;1,0000000000000000;1,0000000000000000;1,0000000000000000;1,0000000000000000;1,0000000000000000;1,0000000000000000;1,0000000000000000;1,0000000000000000;1,00000000000000000
2022-06-25;60+;35;35,0;35;35;35;35;35;35;35;35,0;35,0;35,0;241;241,0;241,0;241;241;241;241;241;241;241,0;241,0;241,0;1,0000000000000000;1,000000000000000;1,0000000000000000;1,0000000000000000;1,0000000000000000;1,0000000000000000;1,0000000000000000;1,0000000000000000;1,0000000000000000;1,0000000000000000;1,00000000000000000
2022-06-25;alle;47;47,0;47;47;47;47;47;47;47;47,0;47,0;47,0;367;367,0;367,0;367;367;367;367;367;367;367,0;367,0;367,0;NA;NA;NA;NA;NA;NA;NA;NA;NA;NA;NA
2022-06-24;0-60;33;33,0;33;33;33;33;33;33;33;33,0;33,0;33,0;134;134,0;134,0;134;134;134;134;134;134;134,0;134,0;134,0;1,0000000000000000;1,000000000000000;1,0000000000000000;1,0000000000000000;1,0000000000000000;1,0000000000000000;1,0000000000000000;1,0000000000000000;1,0000000000000000;1,0000000000000000;1,00000000000000000
2022-06-24;60+;38;38,0;38;38;38;38;38;38;38;38,0;38,0;38,0;242;242,0;242,0;242;242;242;242;242;242;242,0;242,0;242,0;1,0000000000000000;1,000000000000000;1,0000000000000000;1,0000000000000000;1,0000000000000000;1,0000000000000000;1,0000000000000000;1,0000000000000000;1,0000000000000000;1,0000000000000000;1,00000000000000000
2022-06-24;alle;71;71,0;71;71;71;71;71;71;71;71,0;71,0;71,0;376;376,0;376,0;376;376;376;376;376;376;376,0;376,0;376,0;NA;NA;NA;NA;NA;NA;NA;NA;NA;NA;NA
2022-06-23;0-60;17;17,0;17;17;17;17;17;17;17;17,0;17,0;17,0;103;103,0;103,0;103;103;103;103;103;103;103,0;103,0;103,0;1,0000000000000000;1,000000000000000;1,0000000000000000;1,0000000000000000;1,0000000000000000;1,0000000000000000;1,0000000000000000;1,0000000000000000;1,0000000000000000;1,0000000000000000;1,00000000000000000
2022-06-23;60+;48;48,0;48;48;48;48;48;48;48;48,0;48,0;48,0;212;212,0;212,0;212;212;212;212;212;212;212,0;212,0;212,0;1,0000000000000000;1,000000000000000;1,0000000000000000;1,0000000000000000;1,0000000000000000;1,0000000000000000;1,0000000000000000;1,0000000000000000;1,0000000000000000;1,0000000000000000;1,00000000000000000
2022-06-23;alle;65;65,0;65;65;65;65;65;65;65;65,0;65,0;65,0;315;315,0;315,0;315;315;315;315;315;315;315,0;315,0;315,0;NA;NA;NA;NA;NA;NA;NA;NA;NA;NA;NA
2022-06-22;0-60;26;26,0;26;26;26;26;26;26;26;26,0;26,0;26,0;96;96,0;96,0;96;96;96;96;96;96;96,0;96,0;96,0;1,0000000000000000;1,000000000000000;1,0000000000000000;1,0000000000000000;1,0000000000000000;1,0000000000000000;1,0000000000000000;1,0000000000000000;1,0000000000000000;1,0000000000000000;1,00000000000000000
2022-06-22;60+;39;39,0;39;39;39;39;39;39;39;39,0;39,0;39,0;196;196,0;196,0;196;196;196;196;196;196;196,0;196,0;196,0;1,0000000000000000;1,000000000000000;1,0000000000000000;1,0000000000000000;1,0000000000000000;1,0000000000000000;1,0000000000000000;1,0000000000000000;1,0000000000000000;1,0000000000000000;1,00000000000000000
2022-06-22;alle;65;65,0;65;65;65;65;65;65;65;65,0;65,0;65,0;292;292,0;292,0;292;292;292;292;292;292;292,0;292,0;292,0;NA;NA;NA;NA;NA;NA;NA;NA;NA;NA;NA
2022-06-21;0-60;32;32,0;32;32;32;32;32;32;32;32,0;32,0;32,0;93;93,0;93,0;93;93;93;93;93;93;93,0;93,0;93,0;1,0000000000000000;1,000000000000000;1,0000000000000000;1,0000000000000000;1,0000000000000000;1,0000000000000000;1,0000000000000000;1,0000000000000000;1,0000000000000000;1,0000000000000000;1,00000000000000000
2022-06-21;60+;65;65,0;65;65;65;65;65;65;65;65,0;65,0;65,0;181;181,0;181,0;181;181;181;181;181;181;181,0;181,0;181,0;1,0000000000000000;1,000000000000000;1,0000000000000000;1,0000000000000000;1,0000000000000000;1,0000000000000000;1,0000000000000000;1,0000000000000000;1,0000000000000000;1,0000000000000000;1,00000000000000000
2022-06-21;alle;97;97,0;97;97;97;97;97;97;97;97,0;97,0;97,0;274;274,0;274,0;274;274;274;274;274;274;274,0;274,0;274,0;NA;NA;NA;NA;NA;NA;NA;NA;NA;NA;NA
2022-06-20;0-60;3;3,0;3;3;3;3;3;3;3;3,0;3,0;3,0;81;81,0;81,0;81;81;81;81;81;81;81,0;81,0;81,0;1,0000000000000000;1,000000000000000;1,0000000000000000;1,0000000000000000;1,0000000000000000;1,0000000000000000;1,0000000000000000;1,0000000000000000;1,0000000000000000;1,0000000000000000;1,00000000000000000
2022-06-20;60+;10;10,0;10;10;10;10;10;10;10;10,0;10,0;10,0;154;154,0;154,0;154;154;154;154;154;154;154,0;154,0;154,0;1,0000000000000000;1,000000000000000;1,0000000000000000;1,0000000000000000;1,0000000000000000;1,0000000000000000;1,0000000000000000;1,0000000000000000;1,0000000000000000;1,0000000000000000;1,00000000000000000
2022-06-20;alle;13;13,0;13;13;13;13;13;13;13;13,0;13,0;13,0;235;235,0;235,0;235;235;235;235;235;235;235,0;235,0;235,0;NA;NA;NA;NA;NA;NA;NA;NA;NA;NA;NA
2022-06-19;0-60;3;3,0;3;3;3;3;3;3;3;3,0;3,0;3,0;80;80,0;80,0;80;80;80;80;80;80;80,0;80,0;80,0;1,0000000000000000;1,000000000000000;1,0000000000000000;1,0000000000000000;1,0000000000000000;1,0000000000000000;1,0000000000000000;1,0000000000000000;1,0000000000000000;1,0000000000000000;1,00000000000000000
2022-06-19;60+;6;6,0;6;6;6;6;6;6;6;6,0;6,0;6,0;145;145,0;145,0;145;145;145;145;145;145;145,0;145,0;145,0;1,0000000000000000;1,000000000000000;1,0000000000000000;1,0000000000000000;1,0000000000000000;1,0000000000000000;1,0000000000000000;1,0000000000000000;1,0000000000000000;1,0000000000000000;1,00000000000000000
2022-06-19;alle;9;9,0;9;9;9;9;9;9;9;9,0;9,0;9,0;225;225,0;225,0;225;225;225;225;225;225;225,0;225,0;225,0;NA;NA;NA;NA;NA;NA;NA;NA;NA;NA;NA
2022-06-18;0-60;20;20,0;20;20;20;20;20;20;20;20,0;20,0;20,0;80;80,0;80,0;80;80;80;80;80;80;80,0;80,0;80,0;1,0000000000000000;1,000000000000000;1,0000000000000000;1,0000000000000000;1,0000000000000000;1,0000000000000000;1,0000000000000000;1,0000000000000000;1,0000000000000000;1,0000000000000000;1,00000000000000000
2022-06-18;60+;36;36,0;36;36;36;36;36;36;36;36,0;36,0;36,0;144;144,0;144,0;144;144;144;144;144;144;144,0;144,0;144,0;1,0000000000000000;1,000000000000000;1,0000000000000000;1,0000000000000000;1,0000000000000000;1,0000000000000000;1,0000000000000000;1,0000000000000000;1,0000000000000000;1,0000000000000000;1,00000000000000000
2022-06-18;alle;56;56,0;56;56;56;56;56;56;56;56,0;56,0;56,0;224;224,0;224,0;224;224;224;224;224;224;224,0;224,0;224,0;NA;NA;NA;NA;NA;NA;NA;NA;NA;NA;NA
2022-06-17;0-60;2;2,0;2;2;2;2;2;2;2;2,0;2,0;2,0;70;70,0;70,0;70;70;70;70;70;70;70,0;70,0;70,0;1,0000000000000000;1,000000000000000;1,0000000000000000;1,0000000000000000;1,0000000000000000;1,0000000000000000;1,0000000000000000;1,0000000000000000;1,0000000000000000;1,0000000000000000;1,00000000000000000
2022-06-17;60+;8;8,0;8;8;8;8;8;8;8;8,0;8,0;8,0;126;126,0;126,0;126;126;126;126;126;126;126,0;126,0;126,0;1,0000000000000000;1,000000000000000;1,0000000000000000;1,0000000000000000;1,0000000000000000;1,0000000000000000;1,0000000000000000;1,0000000000000000;1,0000000000000000;1,0000000000000000;1,00000000000000000
2022-06-17;alle;10;10,0;10;10;10;10;10;10;10;10,0;10,0;10,0;196;196,0;196,0;196;196;196;196;196;196;196,0;196,0;196,0;NA;NA;NA;NA;NA;NA;NA;NA;NA;NA;NA
2022-06-16;0-60;10;10,0;10;10;10;10;10;10;10;10,0;10,0;10,0;89;89,0;89,0;89;89;89;89;89;89;89,0;89,0;89,0;1,0000000000000000;1,000000000000000;1,0000000000000000;1,0000000000000000;1,0000000000000000;1,0000000000000000;1,0000000000000000;1,0000000000000000;1,0000000000000000;1,0000000000000000;1,00000000000000000
2022-06-16;60+;32;32,0;32;32;32;32;32;32;32;32,0;32,0;32,0;140;140,0;140,0;140;140;140;140;140;140;140,0;140,0;140,0;1,0000000000000000;1,000000000000000;1,0000000000000000;1,0000000000000000;1,0000000000000000;1,0000000000000000;1,0000000000000000;1,0000000000000000;1,0000000000000000;1,0000000000000000;1,00000000000000000
2022-06-16;alle;42;42,0;42;42;42;42;42;42;42;42,0;42,0;42,0;229;229,0;229,0;229;229;229;229;229;229;229,0;229,0;229,0;NA;NA;NA;NA;NA;NA;NA;NA;NA;NA;NA
2022-06-15;0-60;23;23,0;23;23;23;23;23;23;23;23,0;23,0;23,0;100;100,0;100,0;100;100;100;100;100;100;100,0;100,0;100,0;1,0000000000000000;1,000000000000000;1,0000000000000000;1,0000000000000000;1,0000000000000000;1,0000000000000000;1,0000000000000000;1,0000000000000000;1,0000000000000000;1,0000000000000000;1,00000000000000000
2022-06-15;60+;24;24,0;24;24;24;24;24;24;24;24,0;24,0;24,0;128;128,0;128,0;128;128;128;128;128;128;128,0;128,0;128,0;1,0000000000000000;1,000000000000000;1,0000000000000000;1,0000000000000000;1,0000000000000000;1,0000000000000000;1,0000000000000000;1,0000000000000000;1,0000000000000000;1,0000000000000000;1,00000000000000000
2022-06-15;alle;47;47,0;47;47;47;47;47;47;47;47,0;47,0;47,0;228;228,0;228,0;228;228;228;228;228;228;228,0;228,0;228,0;NA;NA;NA;NA;NA;NA;NA;NA;NA;NA;NA
2022-06-14;0-60;20;20,0;20;20;20;20;20;20;20;20,0;20,0;20,0;102;102,0;102,0;102;102;102;102;102;102;102,0;102,0;102,0;1,0000000000000000;1,000000000000000;1,0000000000000000;1,0000000000000000;1,0000000000000000;1,0000000000000000;1,0000000000000000;1,0000000000000000;1,0000000000000000;1,0000000000000000;1,00000000000000000
2022-06-14;60+;38;38,0;38;38;38;38;38;38;38;38,0;38,0;38,0;145;145,0;145,0;145;145;145;145;145;145;145,0;145,0;145,0;1,0000000000000000;1,000000000000000;1,0000000000000000;1,0000000000000000;1,0000000000000000;1,0000000000000000;1,0000000000000000;1,0000000000000000;1,0000000000000000;1,0000000000000000;1,00000000000000000
2022-06-14;alle;58;58,0;58;58;58;58;58;58;58;58,0;58,0;58,0;247;247,0;247,0;247;247;247;247;247;247;247,0;247,0;247,0;NA;NA;NA;NA;NA;NA;NA;NA;NA;NA;NA
2022-06-13;0-60;2;2,0;2;2;2;2;2;2;2;2,0;2,0;2,0;87;87,0;87,0;87;87;87;87;87;87;87,0;87,0;87,0;1,0000000000000000;1,000000000000000;1,0000000000000000;1,0000000000000000;1,0000000000000000;1,0000000000000000;1,0000000000000000;1,0000000000000000;1,0000000000000000;1,0000000000000000;1,00000000000000000
2022-06-13;60+;1;1,0;1;1;1;1;1;1;1;1,0;1,0;1,0;109;109,0;109,0;109;109;109;109;109;109;109,0;109,0;109,0;1,0000000000000000;1,000000000000000;1,0000000000000000;1,0000000000000000;1,0000000000000000;1,0000000000000000;1,0000000000000000;1,0000000000000000;1,0000000000000000;1,0000000000000000;1,00000000000000000
2022-06-13;alle;3;3,0;3;3;3;3;3;3;3;3,0;3,0;3,0;196;196,0;196,0;196;196;196;196;196;196;196,0;196,0;196,0;NA;NA;NA;NA;NA;NA;NA;NA;NA;NA;NA
2022-06-12;0-60;3;3,0;3;3;3;3;3;3;3;3,0;3,0;3,0;86;86,0;86,0;86;86;86;86;86;86;86,0;86,0;86,0;1,0000000000000000;1,000000000000000;1,0000000000000000;1,0000000000000000;1,0000000000000000;1,0000000000000000;1,0000000000000000;1,0000000000000000;1,0000000000000000;1,0000000000000000;1,00000000000000000
2022-06-12;60+;5;5,0;5;5;5;5;5;5;5;5,0;5,0;5,0;108;108,0;108,0;108;108;108;108;108;108;108,0;108,0;108,0;1,0000000000000000;1,000000000000000;1,0000000000000000;1,0000000000000000;1,0000000000000000;1,0000000000000000;1,0000000000000000;1,0000000000000000;1,0000000000000000;1,0000000000000000;1,00000000000000000
2022-06-12;alle;8;8,0;8;8;8;8;8;8;8;8,0;8,0;8,0;194;194,0;194,0;194;194;194;194;194;194;194,0;194,0;194,0;NA;NA;NA;NA;NA;NA;NA;NA;NA;NA;NA
2022-06-11;0-60;10;10,0;10;10;10;10;10;10;10;10,0;10,0;10,0;85;85,0;85,0;85;85;85;85;85;85;85,0;85,0;85,0;1,0000000000000000;1,000000000000000;1,0000000000000000;1,0000000000000000;1,0000000000000000;1,0000000000000000;1,0000000000000000;1,0000000000000000;1,0000000000000000;1,0000000000000000;1,00000000000000000
2022-06-11;60+;18;18,0;18;18;18;18;18;18;18;18,0;18,0;18,0;106;106,0;106,0;106;106;106;106;106;106;106,0;106,0;106,0;1,0000000000000000;1,000000000000000;1,0000000000000000;1,0000000000000000;1,0000000000000000;1,0000000000000000;1,0000000000000000;1,0000000000000000;1,0000000000000000;1,0000000000000000;1,00000000000000000
2022-06-11;alle;28;28,0;28;28;28;28;28;28;28;28,0;28,0;28,0;191;191,0;191,0;191;191;191;191;191;191;191,0;191,0;191,0;NA;NA;NA;NA;NA;NA;NA;NA;NA;NA;NA
2022-06-10;0-60;21;21,0;21;21;21;21;21;21;21;21,0;21,0;21,0;90;90,0;90,0;90;90;90;90;90;90;90,0;90,0;90,0;1,0000000000000000;1,000000000000000;1,0000000000000000;1,0000000000000000;1,0000000000000000;1,0000000000000000;1,0000000000000000;1,0000000000000000;1,0000000000000000;1,0000000000000000;1,00000000000000000
2022-06-10;60+;22;22,0;22;22;22;22;22;22;22;22,0;22,0;22,0;95;95,0;95,0;95;95;95;95;95;95;95,0;95,0;95,0;1,0000000000000000;1,000000000000000;1,0000000000000000;1,0000000000000000;1,0000000000000000;1,0000000000000000;1,0000000000000000;1,0000000000000000;1,0000000000000000;1,0000000000000000;1,00000000000000000
2022-06-10;alle;43;43,0;43;43;43;43;43;43;43;43,0;43,0;43,0;185;185,0;185,0;185;185;185;185;185;185;185,0;185,0;185,0;NA;NA;NA;NA;NA;NA;NA;NA;NA;NA;NA
2022-06-09;0-60;21;21,0;21;21;21;21;21;21;21;21,0;21,0;21,0;76;76,0;76,0;76;76;76;76;76;76;76,0;76,0;76,0;1,0000000000000000;1,000000000000000;1,0000000000000000;1,0000000000000000;1,0000000000000000;1,0000000000000000;1,0000000000000000;1,0000000000000000;1,0000000000000000;1,0000000000000000;1,00000000000000000
2022-06-09;60+;20;20,0;20;20;20;20;20;20;20;20,0;20,0;20,0;85;85,0;85,0;85;85;85;85;85;85;85,0;85,0;85,0;1,0000000000000000;1,000000000000000;1,0000000000000000;1,0000000000000000;1,0000000000000000;1,0000000000000000;1,0000000000000000;1,0000000000000000;1,0000000000000000;1,0000000000000000;1,00000000000000000
2022-06-09;alle;41;41,0;41;41;41;41;41;41;41;41,0;41,0;41,0;161;161,0;161,0;161;161;161;161;161;161;161,0;161,0;161,0;NA;NA;NA;NA;NA;NA;NA;NA;NA;NA;NA
2022-06-08;0-60;25;25,0;25;25;25;25;25;25;25;25,0;25,0;25,0;58;58,0;58,0;58;58;58;58;58;58;58,0;58,0;58,0;1,0000000000000000;1,000000000000000;1,0000000000000000;1,0000000000000000;1,0000000000000000;1,0000000000000000;1,0000000000000000;1,0000000000000000;1,0000000000000000;1,0000000000000000;1,00000000000000000
2022-06-08;60+;41;41,0;41;41;41;41;41;41;41;41,0;41,0;41,0;76;76,0;76,0;76;76;76;76;76;76;76,0;76,0;76,0;1,0000000000000000;1,000000000000000;1,0000000000000000;1,0000000000000000;1,0000000000000000;1,0000000000000000;1,0000000000000000;1,0000000000000000;1,0000000000000000;1,0000000000000000;1,00000000000000000
2022-06-08;alle;66;66,0;66;66;66;66;66;66;66;66,0;66,0;66,0;134;134,0;134,0;134;134;134;134;134;134;134,0;134,0;134,0;NA;NA;NA;NA;NA;NA;NA;NA;NA;NA;NA
2022-06-07;0-60;5;5,0;5;5;5;5;5;5;5;5,0;5,0;5,0;40;40,0;40,0;40;40;40;40;40;40;40,0;40,0;40,0;1,0000000000000000;1,000000000000000;1,0000000000000000;1,0000000000000000;1,0000000000000000;1,0000000000000000;1,0000000000000000;1,0000000000000000;1,0000000000000000;1,0000000000000000;1,00000000000000000
2022-06-07;60+;2;2,0;2;2;2;2;2;2;2;2,0;2,0;2,0;46;46,0;46,0;46;46;46;46;46;46;46,0;46,0;46,0;1,0000000000000000;1,000000000000000;1,0000000000000000;1,0000000000000000;1,0000000000000000;1,0000000000000000;1,0000000000000000;1,0000000000000000;1,0000000000000000;1,0000000000000000;1,00000000000000000
2022-06-07;alle;7;7,0;7;7;7;7;7;7;7;7,0;7,0;7,0;86;86,0;86,0;86;86;86;86;86;86;86,0;86,0;86,0;NA;NA;NA;NA;NA;NA;NA;NA;NA;NA;NA
2022-06-06;0-60;1;1,0;1;1;1;1;1;1;1;1,0;1,0;1,0;43;43,0;43,0;43;43;43;43;43;43;43,0;43,0;43,0;1,0000000000000000;1,000000000000000;1,0000000000000000;1,0000000000000000;1,0000000000000000;1,0000000000000000;1,0000000000000000;1,0000000000000000;1,0000000000000000;1,0000000000000000;1,00000000000000000
2022-06-06;60+;0;0,0;0;0;0;0;0;0;0;0,0;0,0;0,0;64;64,0;64,0;64;64;64;64;64;64;64,0;64,0;64,0;1,0000000000000000;1,000000000000000;1,0000000000000000;1,0000000000000000;1,0000000000000000;1,0000000000000000;1,0000000000000000;1,0000000000000000;1,0000000000000000;1,0000000000000000;1,00000000000000000
2022-06-06;alle;1;1,0;1;1;1;1;1;1;1;1,0;1,0;1,0;107;107,0;107,0;107;107;107;107;107;107;107,0;107,0;107,0;NA;NA;NA;NA;NA;NA;NA;NA;NA;NA;NA
2022-06-05;0-60;2;2,0;2;2;2;2;2;2;2;2,0;2,0;2,0;44;44,0;44,0;44;44;44;44;44;44;44,0;44,0;44,0;1,0000000000000000;1,000000000000000;1,0000000000000000;1,0000000000000000;1,0000000000000000;1,0000000000000000;1,0000000000000000;1,0000000000000000;1,0000000000000000;1,0000000000000000;1,00000000000000000
2022-06-05;60+;3;3,0;3;3;3;3;3;3;3;3,0;3,0;3,0;65;65,0;65,0;65;65;65;65;65;65;65,0;65,0;65,0;1,0000000000000000;1,000000000000000;1,0000000000000000;1,0000000000000000;1,0000000000000000;1,0000000000000000;1,0000000000000000;1,0000000000000000;1,0000000000000000;1,0000000000000000;1,00000000000000000
2022-06-05;alle;5;5,0;5;5;5;5;5;5;5;5,0;5,0;5,0;109;109,0;109,0;109;109;109;109;109;109;109,0;109,0;109,0;NA;NA;NA;NA;NA;NA;NA;NA;NA;NA;NA
2022-06-04;0-60;15;15,0;15;15;15;15;15;15;15;15,0;15,0;15,0;43;43,0;43,0;43;43;43;43;43;43;43,0;43,0;43,0;1,0000000000000000;1,000000000000000;1,0000000000000000;1,0000000000000000;1,0000000000000000;1,0000000000000000;1,0000000000000000;1,0000000000000000;1,0000000000000000;1,0000000000000000;1,00000000000000000
2022-06-04;60+;7;7,0;7;7;7;7;7;7;7;7,0;7,0;7,0;65;65,0;65,0;65;65;65;65;65;65;65,0;65,0;65,0;1,0000000000000000;1,000000000000000;1,0000000000000000;1,0000000000000000;1,0000000000000000;1,0000000000000000;1,0000000000000000;1,0000000000000000;1,0000000000000000;1,0000000000000000;1,00000000000000000
2022-06-04;alle;22;22,0;22;22;22;22;22;22;22;22,0;22,0;22,0;108;108,0;108,0;108;108;108;108;108;108;108,0;108,0;108,0;NA;NA;NA;NA;NA;NA;NA;NA;NA;NA;NA
2022-06-03;0-60;7;7,0;7;7;7;7;7;7;7;7,0;7,0;7,0;42;42,0;42,0;42;42;42;42;42;42;42,0;42,0;42,0;1,0000000000000000;1,000000000000000;1,0000000000000000;1,0000000000000000;1,0000000000000000;1,0000000000000000;1,0000000000000000;1,0000000000000000;1,0000000000000000;1,0000000000000000;1,00000000000000000
2022-06-03;60+;12;12,0;12;12;12;12;12;12;12;12,0;12,0;12,0;75;75,0;75,0;75;75;75;75;75;75;75,0;75,0;75,0;1,0000000000000000;1,000000000000000;1,0000000000000000;1,0000000000000000;1,0000000000000000;1,0000000000000000;1,0000000000000000;1,0000000000000000;1,0000000000000000;1,0000000000000000;1,00000000000000000
2022-06-03;alle;19;19,0;19;19;19;19;19;19;19;19,0;19,0;19,0;117;117,0;117,0;117;117;117;117;117;117;117,0;117,0;117,0;NA;NA;NA;NA;NA;NA;NA;NA;NA;NA;NA
2022-06-02;0-60;3;3,0;3;3;3;3;3;3;3;3,0;3,0;3,0;36;36,0;36,0;36;36;36;36;36;36;36,0;36,0;36,0;1,0000000000000000;1,000000000000000;1,0000000000000000;1,0000000000000000;1,0000000000000000;1,0000000000000000;1,0000000000000000;1,0000000000000000;1,0000000000000000;1,0000000000000000;1,00000000000000000
2022-06-02;60+;11;11,0;11;11;11;11;11;11;11;11,0;11,0;11,0;64;64,0;64,0;64;64;64;64;64;64;64,0;64,0;64,0;1,0000000000000000;1,000000000000000;1,0000000000000000;1,0000000000000000;1,0000000000000000;1,0000000000000000;1,0000000000000000;1,0000000000000000;1,0000000000000000;1,0000000000000000;1,00000000000000000
2022-06-02;alle;14;14,0;14;14;14;14;14;14;14;14,0;14,0;14,0;100;100,0;100,0;100;100;100;100;100;100;100,0;100,0;100,0;NA;NA;NA;NA;NA;NA;NA;NA;NA;NA;NA
2022-06-01;0-60;7;7,0;7;7;7;7;7;7;7;7,0;7,0;7,0;42;42,0;42,0;42;42;42;42;42;42;42,0;42,0;42,0;1,0000000000000000;1,000000000000000;1,0000000000000000;1,0000000000000000;1,0000000000000000;1,0000000000000000;1,0000000000000000;1,0000000000000000;1,0000000000000000;1,0000000000000000;1,00000000000000000
2022-06-01;60+;11;11,0;11;11;11;11;11;11;11;11,0;11,0;11,0;66;66,0;66,0;66;66;66;66;66;66;66,0;66,0;66,0;1,0000000000000000;1,000000000000000;1,0000000000000000;1,0000000000000000;1,0000000000000000;1,0000000000000000;1,0000000000000000;1,0000000000000000;1,0000000000000000;1,0000000000000000;1,00000000000000000
2022-06-01;alle;18;18,0;18;18;18;18;18;18;18;18,0;18,0;18,0;108;108,0;108,0;108;108;108;108;108;108;108,0;108,0;108,0;NA;NA;NA;NA;NA;NA;NA;NA;NA;NA;NA
2022-05-31;0-60;8;8,0;8;8;8;8;8;8;8;8,0;8,0;8,0;42;42,0;42,0;42;42;42;42;42;42;42,0;42,0;42,0;1,0000000000000000;1,000000000000000;1,0000000000000000;1,0000000000000000;1,0000000000000000;1,0000000000000000;1,0000000000000000;1,0000000000000000;1,0000000000000000;1,0000000000000000;1,00000000000000000
2022-05-31;60+;20;20,0;20;20;20;20;20;20;20;20,0;20,0;20,0;77;77,0;77,0;77;77;77;77;77;77;77,0;77,0;77,0;1,0000000000000000;1,000000000000000;1,0000000000000000;1,0000000000000000;1,0000000000000000;1,0000000000000000;1,0000000000000000;1,0000000000000000;1,0000000000000000;1,0000000000000000;1,00000000000000000
2022-05-31;alle;28;28,0;28;28;28;28;28;28;28;28,0;28,0;28,0;119;119,0;119,0;119;119;119;119;119;119;119,0;119,0;119,0;NA;NA;NA;NA;NA;NA;NA;NA;NA;NA;NA
2022-05-30;0-60;2;2,0;2;2;2;2;2;2;2;2,0;2,0;2,0;40;40,0;40,0;40;40;40;40;40;40;40,0;40,0;40,0;1,0000000000000000;1,000000000000000;1,0000000000000000;1,0000000000000000;1,0000000000000000;1,0000000000000000;1,0000000000000000;1,0000000000000000;1,0000000000000000;1,0000000000000000;1,00000000000000000
2022-05-30;60+;1;1,0;1;1;1;1;1;1;1;1,0;1,0;1,0;84;84,0;84,0;84;84;84;84;84;84;84,0;84,0;84,0;1,0000000000000000;1,000000000000000;1,0000000000000000;1,0000000000000000;1,0000000000000000;1,0000000000000000;1,0000000000000000;1,0000000000000000;1,0000000000000000;1,0000000000000000;1,00000000000000000
2022-05-30;alle;3;3,0;3;3;3;3;3;3;3;3,0;3,0;3,0;124;124,0;124,0;124;124;124;124;124;124;124,0;124,0;124,0;NA;NA;NA;NA;NA;NA;NA;NA;NA;NA;NA
2022-05-29;0-60;1;1,0;1;1;1;1;1;1;1;1,0;1,0;1,0;38;38,0;38,0;38;38;38;38;38;38;38,0;38,0;38,0;1,0000000000000000;1,000000000000000;1,0000000000000000;1,0000000000000000;1,0000000000000000;1,0000000000000000;1,0000000000000000;1,0000000000000000;1,0000000000000000;1,0000000000000000;1,00000000000000000
2022-05-29;60+;3;3,0;3;3;3;3;3;3;3;3,0;3,0;3,0;85;85,0;85,0;85;85;85;85;85;85;85,0;85,0;85,0;1,0000000000000000;1,000000000000000;1,0000000000000000;1,0000000000000000;1,0000000000000000;1,0000000000000000;1,0000000000000000;1,0000000000000000;1,0000000000000000;1,0000000000000000;1,00000000000000000
2022-05-29;alle;4;4,0;4;4;4;4;4;4;4;4,0;4,0;4,0;123;123,0;123,0;123;123;123;123;123;123;123,0;123,0;123,0;NA;NA;NA;NA;NA;NA;NA;NA;NA;NA;NA
2022-05-28;0-60;14;14,0;14;14;14;14;14;14;14;14,0;14,0;14,0;39;39,0;39,0;39;39;39;39;39;39;39,0;39,0;39,0;1,0000000000000000;1,000000000000000;1,0000000000000000;1,0000000000000000;1,0000000000000000;1,0000000000000000;1,0000000000000000;1,0000000000000000;1,0000000000000000;1,0000000000000000;1,00000000000000000
2022-05-28;60+;17;17,0;17;17;17;17;17;17;17;17,0;17,0;17,0;85;85,0;85,0;85;85;85;85;85;85;85,0;85,0;85,0;1,0000000000000000;1,000000000000000;1,0000000000000000;1,0000000000000000;1,0000000000000000;1,0000000000000000;1,0000000000000000;1,0000000000000000;1,0000000000000000;1,0000000000000000;1,00000000000000000
2022-05-28;alle;31;31,0;31;31;31;31;31;31;31;31,0;31,0;31,0;124;124,0;124,0;124;124;124;124;124;124;124,0;124,0;124,0;NA;NA;NA;NA;NA;NA;NA;NA;NA;NA;NA
2022-05-27;0-60;1;1,0;1;1;1;1;1;1;1;1,0;1,0;1,0;33;33,0;33,0;33;33;33;33;33;33;33,0;33,0;33,0;1,0000000000000000;1,000000000000000;1,0000000000000000;1,0000000000000000;1,0000000000000000;1,0000000000000000;1,0000000000000000;1,0000000000000000;1,0000000000000000;1,0000000000000000;1,00000000000000000
2022-05-27;60+;1;1,0;1;1;1;1;1;1;1;1,0;1,0;1,0;82;82,0;82,0;82;82;82;82;82;82;82,0;82,0;82,0;1,0000000000000000;1,000000000000000;1,0000000000000000;1,0000000000000000;1,0000000000000000;1,0000000000000000;1,0000000000000000;1,0000000000000000;1,0000000000000000;1,0000000000000000;1,00000000000000000
2022-05-27;alle;2;2,0;2;2;2;2;2;2;2;2,0;2,0;2,0;115;115,0;115,0;115;115;115;115;115;115;115,0;115,0;115,0;NA;NA;NA;NA;NA;NA;NA;NA;NA;NA;NA
2022-05-26;0-60;9;9,0;9;9;9;9;9;9;9;9,0;9,0;9,0;41;41,0;41,0;41;41;41;41;41;41;41,0;41,0;41,0;1,0000000000000000;1,000000000000000;1,0000000000000000;1,0000000000000000;1,0000000000000000;1,0000000000000000;1,0000000000000000;1,0000000000000000;1,0000000000000000;1,0000000000000000;1,00000000000000000
2022-05-26;60+;13;13,0;13;13;13;13;13;13;13;13,0;13,0;13,0;104;104,0;104,0;104;104;104;104;104;104;104,0;104,0;104,0;1,0000000000000000;1,000000000000000;1,0000000000000000;1,0000000000000000;1,0000000000000000;1,0000000000000000;1,0000000000000000;1,0000000000000000;1,0000000000000000;1,0000000000000000;1,00000000000000000
2022-05-26;alle;22;22,0;22;22;22;22;22;22;22;22,0;22,0;22,0;145;145,0;145,0;145;145;145;145;145;145;145,0;145,0;145,0;NA;NA;NA;NA;NA;NA;NA;NA;NA;NA;NA
2022-05-25;0-60;7;7,0;7;7;7;7;7;7;7;7,0;7,0;7,0;44;44,0;44,0;44;44;44;44;44;44;44,0;44,0;44,0;1,0000000000000000;1,000000000000000;1,0000000000000000;1,0000000000000000;1,0000000000000000;1,0000000000000000;1,0000000000000000;1,0000000000000000;1,0000000000000000;1,0000000000000000;1,00000000000000000
2022-05-25;60+;22;22,0;22;22;22;22;22;22;22;22,0;22,0;22,0;107;107,0;107,0;107;107;107;107;107;107;107,0;107,0;107,0;1,0000000000000000;1,000000000000000;1,0000000000000000;1,0000000000000000;1,0000000000000000;1,0000000000000000;1,0000000000000000;1,0000000000000000;1,0000000000000000;1,0000000000000000;1,00000000000000000
2022-05-25;alle;29;29,0;29;29;29;29;29;29;29;29,0;29,0;29,0;151;151,0;151,0;151;151;151;151;151;151;151,0;151,0;151,0;NA;NA;NA;NA;NA;NA;NA;NA;NA;NA;NA
2022-05-24;0-60;6;6,0;6;6;6;6;6;6;6;6,0;6,0;6,0;61;61,0;61,0;61;61;61;61;61;61;61,0;61,0;61,0;1,0000000000000000;1,000000000000000;1,0000000000000000;1,0000000000000000;1,0000000000000000;1,0000000000000000;1,0000000000000000;1,0000000000000000;1,0000000000000000;1,0000000000000000;1,00000000000000000
2022-05-24;60+;27;27,0;27;27;27;27;27;27;27;27,0;27,0;27,0;107;107,0;107,0;107;107;107;107;107;107;107,0;107,0;107,0;1,0000000000000000;1,000000000000000;1,0000000000000000;1,0000000000000000;1,0000000000000000;1,0000000000000000;1,0000000000000000;1,0000000000000000;1,0000000000000000;1,0000000000000000;1,00000000000000000
2022-05-24;alle;33;33,0;33;33;33;33;33;33;33;33,0;33,0;33,0;168;168,0;168,0;168;168;168;168;168;168;168,0;168,0;168,0;NA;NA;NA;NA;NA;NA;NA;NA;NA;NA;NA
2022-05-23;0-60;0;0,0;0;0;0;0;0;0;0;0,0;0,0;0,0;77;77,0;77,0;77;77;77;77;77;77;77,0;77,0;77,0;1,0000000000000000;1,000000000000000;1,0000000000000000;1,0000000000000000;1,0000000000000000;1,0000000000000000;1,0000000000000000;1,0000000000000000;1,0000000000000000;1,0000000000000000;1,00000000000000000
2022-05-23;60+;2;2,0;2;2;2;2;2;2;2;2,0;2,0;2,0;111;111,0;111,0;111;111;111;111;111;111;111,0;111,0;111,0;1,0000000000000000;1,000000000000000;1,0000000000000000;1,0000000000000000;1,0000000000000000;1,0000000000000000;1,0000000000000000;1,0000000000000000;1,0000000000000000;1,0000000000000000;1,00000000000000000
2022-05-23;alle;2;2,0;2;2;2;2;2;2;2;2,0;2,0;2,0;188;188,0;188,0;188;188;188;188;188;188;188,0;188,0;188,0;NA;NA;NA;NA;NA;NA;NA;NA;NA;NA;NA
2022-05-22;0-60;2;2,0;2;2;2;2;2;2;2;2,0;2,0;2,0;81;81,0;81,0;81;81;81;81;81;81;81,0;81,0;81,0;1,0000000000000000;1,000000000000000;1,0000000000000000;1,0000000000000000;1,0000000000000000;1,0000000000000000;1,0000000000000000;1,0000000000000000;1,0000000000000000;1,0000000000000000;1,00000000000000000
2022-05-22;60+;3;3,0;3;3;3;3;3;3;3;3,0;3,0;3,0;111;111,0;111,0;111;111;111;111;111;111;111,0;111,0;111,0;1,0000000000000000;1,000000000000000;1,0000000000000000;1,0000000000000000;1,0000000000000000;1,0000000000000000;1,0000000000000000;1,0000000000000000;1,0000000000000000;1,0000000000000000;1,00000000000000000
2022-05-22;alle;5;5,0;5;5;5;5;5;5;5;5,0;5,0;5,0;192;192,0;192,0;192;192;192;192;192;192;192,0;192,0;192,0;NA;NA;NA;NA;NA;NA;NA;NA;NA;NA;NA
2022-05-21;0-60;8;8,0;8;8;8;8;8;8;8;8,0;8,0;8,0;83;83,0;83,0;83;83;83;83;83;83;83,0;83,0;83,0;1,0000000000000000;1,000000000000000;1,0000000000000000;1,0000000000000000;1,0000000000000000;1,0000000000000000;1,0000000000000000;1,0000000000000000;1,0000000000000000;1,0000000000000000;1,00000000000000000
2022-05-21;60+;14;14,0;14;14;14;14;14;14;14;14,0;14,0;14,0;115;115,0;115,0;115;115;115;115;115;115;115,0;115,0;115,0;1,0000000000000000;1,000000000000000;1,0000000000000000;1,0000000000000000;1,0000000000000000;1,0000000000000000;1,0000000000000000;1,0000000000000000;1,0000000000000000;1,0000000000000000;1,00000000000000000
2022-05-21;alle;22;22,0;22;22;22;22;22;22;22;22,0;22,0;22,0;198;198,0;198,0;198;198;198;198;198;198;198,0;198,0;198,0;NA;NA;NA;NA;NA;NA;NA;NA;NA;NA;NA
2022-05-20;0-60;9;9,0;9;9;9;9;9;9;9;9,0;9,0;9,0;90;90,0;90,0;90;90;90;90;90;90;90,0;90,0;90,0;1,0000000000000000;1,000000000000000;1,0000000000000000;1,0000000000000000;1,0000000000000000;1,0000000000000000;1,0000000000000000;1,0000000000000000;1,0000000000000000;1,0000000000000000;1,00000000000000000
2022-05-20;60+;23;23,0;23;23;23;23;23;23;23;23,0;23,0;23,0;117;117,0;117,0;117;117;117;117;117;117;117,0;117,0;117,0;1,0000000000000000;1,000000000000000;1,0000000000000000;1,0000000000000000;1,0000000000000000;1,0000000000000000;1,0000000000000000;1,0000000000000000;1,0000000000000000;1,0000000000000000;1,00000000000000000
2022-05-20;alle;32;32,0;32;32;32;32;32;32;32;32,0;32,0;32,0;207;207,0;207,0;207;207;207;207;207;207;207,0;207,0;207,0;NA;NA;NA;NA;NA;NA;NA;NA;NA;NA;NA
2022-05-19;0-60;12;12,0;12;12;12;12;12;12;12;12,0;12,0;12,0;101;101,0;101,0;101;101;101;101;101;101;101,0;101,0;101,0;1,0000000000000000;1,000000000000000;1,0000000000000000;1,0000000000000000;1,0000000000000000;1,0000000000000000;1,0000000000000000;1,0000000000000000;1,0000000000000000;1,0000000000000000;1,00000000000000000
2022-05-19;60+;16;16,0;16;16;16;16;16;16;16;16,0;16,0;16,0;121;121,0;121,0;121;121;121;121;121;121;121,0;121,0;121,0;1,0000000000000000;1,000000000000000;1,0000000000000000;1,0000000000000000;1,0000000000000000;1,0000000000000000;1,0000000000000000;1,0000000000000000;1,0000000000000000;1,0000000000000000;1,00000000000000000
2022-05-19;alle;28;28,0;28;28;28;28;28;28;28;28,0;28,0;28,0;222;222,0;222,0;222;222;222;222;222;222;222,0;222,0;222,0;NA;NA;NA;NA;NA;NA;NA;NA;NA;NA;NA
2022-05-18;0-60;24;24,0;24;24;24;24;24;24;24;24,0;24,0;24,0;105;105,0;105,0;105;105;105;105;105;105;105,0;105,0;105,0;1,0000000000000000;1,000000000000000;1,0000000000000000;1,0000000000000000;1,0000000000000000;1,0000000000000000;1,0000000000000000;1,0000000000000000;1,0000000000000000;1,0000000000000000;1,00000000000000000
2022-05-18;60+;22;22,0;22;22;22;22;22;22;22;22,0;22,0;22,0;130;130,0;130,0;130;130;130;130;130;130;130,0;130,0;130,0;1,0000000000000000;1,000000000000000;1,0000000000000000;1,0000000000000000;1,0000000000000000;1,0000000000000000;1,0000000000000000;1,0000000000000000;1,0000000000000000;1,0000000000000000;1,00000000000000000
2022-05-18;alle;46;46,0;46;46;46;46;46;46;46;46,0;46,0;46,0;235;235,0;235,0;235;235;235;235;235;235;235,0;235,0;235,0;NA;NA;NA;NA;NA;NA;NA;NA;NA;NA;NA
2022-05-17;0-60;22;22,0;22;22;22;22;22;22;22;22,0;22,0;22,0;97;97,0;97,0;97;97;97;97;97;97;97,0;97,0;97,0;1,0000000000000000;1,000000000000000;1,0000000000000000;1,0000000000000000;1,0000000000000000;1,0000000000000000;1,0000000000000000;1,0000000000000000;1,0000000000000000;1,0000000000000000;1,00000000000000000
2022-05-17;60+;31;31,0;31;31;31;31;31;31;31;31,0;31,0;31,0;137;137,0;137,0;137;137;137;137;137;137;137,0;137,0;137,0;1,0000000000000000;1,000000000000000;1,0000000000000000;1,0000000000000000;1,0000000000000000;1,0000000000000000;1,0000000000000000;1,0000000000000000;1,0000000000000000;1,0000000000000000;1,00000000000000000
2022-05-17;alle;53;53,0;53;53;53;53;53;53;53;53,0;53,0;53,0;234;234,0;234,0;234;234;234;234;234;234;234,0;234,0;234,0;NA;NA;NA;NA;NA;NA;NA;NA;NA;NA;NA
2022-05-16;0-60;4;4,0;4;4;4;4;4;4;4;4,0;4,0;4,0;93;93,0;93,0;93;93;93;93;93;93;93,0;93,0;93,0;1,0000000000000000;1,000000000000000;1,0000000000000000;1,0000000000000000;1,0000000000000000;1,0000000000000000;1,0000000000000000;1,0000000000000000;1,0000000000000000;1,0000000000000000;1,00000000000000000
2022-05-16;60+;2;2,0;2;2;2;2;2;2;2;2,0;2,0;2,0;166;166,0;166,0;166;166;166;166;166;166;166,0;166,0;166,0;1,0000000000000000;1,000000000000000;1,0000000000000000;1,0000000000000000;1,0000000000000000;1,0000000000000000;1,0000000000000000;1,0000000000000000;1,0000000000000000;1,0000000000000000;1,00000000000000000
2022-05-16;alle;6;6,0;6;6;6;6;6;6;6;6,0;6,0;6,0;259;259,0;259,0;259;259;259;259;259;259;259,0;259,0;259,0;NA;NA;NA;NA;NA;NA;NA;NA;NA;NA;NA
2022-05-15;0-60;4;4,0;4;4;4;4;4;4;4;4,0;4,0;4,0;91;91,0;91,0;91;91;91;91;91;91;91,0;91,0;91,0;1,0000000000000000;1,000000000000000;1,0000000000000000;1,0000000000000000;1,0000000000000000;1,0000000000000000;1,0000000000000000;1,0000000000000000;1,0000000000000000;1,0000000000000000;1,00000000000000000
2022-05-15;60+;7;7,0;7;7;7;7;7;7;7;7,0;7,0;7,0;167;167,0;167,0;167;167;167;167;167;167;167,0;167,0;167,0;1,0000000000000000;1,000000000000000;1,0000000000000000;1,0000000000000000;1,0000000000000000;1,0000000000000000;1,0000000000000000;1,0000000000000000;1,0000000000000000;1,0000000000000000;1,00000000000000000
2022-05-15;alle;11;11,0;11;11;11;11;11;11;11;11,0;11,0;11,0;258;258,0;258,0;258;258;258;258;258;258;258,0;258,0;258,0;NA;NA;NA;NA;NA;NA;NA;NA;NA;NA;NA
2022-05-14;0-60;15;15,0;15;15;15;15;15;15;15;15,0;15,0;15,0;90;90,0;90,0;90;90;90;90;90;90;90,0;90,0;90,0;1,0000000000000000;1,000000000000000;1,0000000000000000;1,0000000000000000;1,0000000000000000;1,0000000000000000;1,0000000000000000;1,0000000000000000;1,0000000000000000;1,0000000000000000;1,00000000000000000
2022-05-14;60+;16;16,0;16;16;16;16;16;16;16;16,0;16,0;16,0;163;163,0;163,0;163;163;163;163;163;163;163,0;163,0;163,0;1,0000000000000000;1,000000000000000;1,0000000000000000;1,0000000000000000;1,0000000000000000;1,0000000000000000;1,0000000000000000;1,0000000000000000;1,0000000000000000;1,0000000000000000;1,00000000000000000
2022-05-14;alle;31;31,0;31;31;31;31;31;31;31;31,0;31,0;31,0;253;253,0;253,0;253;253;253;253;253;253;253,0;253,0;253,0;NA;NA;NA;NA;NA;NA;NA;NA;NA;NA;NA
2022-05-13;0-60;20;20,0;20;20;20;20;20;20;20;20,0;20,0;20,0;84;84,0;84,0;84;84;84;84;84;84;84,0;84,0;84,0;1,0000000000000000;1,000000000000000;1,0000000000000000;1,0000000000000000;1,0000000000000000;1,0000000000000000;1,0000000000000000;1,0000000000000000;1,0000000000000000;1,0000000000000000;1,00000000000000000
2022-05-13;60+;27;27,0;27;27;27;27;27;27;27;27,0;27,0;27,0;179;179,0;179,0;179;179;179;179;179;179;179,0;179,0;179,0;1,0000000000000000;1,000000000000000;1,0000000000000000;1,0000000000000000;1,0000000000000000;1,0000000000000000;1,0000000000000000;1,0000000000000000;1,0000000000000000;1,0000000000000000;1,00000000000000000
2022-05-13;alle;47;47,0;47;47;47;47;47;47;47;47,0;47,0;47,0;263;263,0;263,0;263;263;263;263;263;263;263,0;263,0;263,0;NA;NA;NA;NA;NA;NA;NA;NA;NA;NA;NA
2022-05-12;0-60;16;16,0;16;16;16;16;16;16;16;16,0;16,0;16,0;77;77,0;77,0;77;77;77;77;77;77;77,0;77,0;77,0;1,0000000000000000;1,000000000000000;1,0000000000000000;1,0000000000000000;1,0000000000000000;1,0000000000000000;1,0000000000000000;1,0000000000000000;1,0000000000000000;1,0000000000000000;1,00000000000000000
2022-05-12;60+;25;25,0;25;25;25;25;25;25;25;25,0;25,0;25,0;186;186,0;186,0;186;186;186;186;186;186;186,0;186,0;186,0;1,0000000000000000;1,000000000000000;1,0000000000000000;1,0000000000000000;1,0000000000000000;1,0000000000000000;1,0000000000000000;1,0000000000000000;1,0000000000000000;1,0000000000000000;1,00000000000000000
2022-05-12;alle;41;41,0;41;41;41;41;41;41;41;41,0;41,0;41,0;263;263,0;263,0;263;263;263;263;263;263;263,0;263,0;263,0;NA;NA;NA;NA;NA;NA;NA;NA;NA;NA;NA
2022-05-11;0-60;16;16,0;16;16;16;16;16;16;16;16,0;16,0;16,0;77;77,0;77,0;77;77;77;77;77;77;77,0;77,0;77,0;1,0000000000000000;1,000000000000000;1,0000000000000000;1,0000000000000000;1,0000000000000000;1,0000000000000000;1,0000000000000000;1,0000000000000000;1,0000000000000000;1,0000000000000000;1,00000000000000000
2022-05-11;60+;29;29,0;29;29;29;29;29;29;29;29,0;29,0;29,0;203;203,0;203,0;203;203;203;203;203;203;203,0;203,0;203,0;1,0000000000000000;1,000000000000000;1,0000000000000000;1,0000000000000000;1,0000000000000000;1,0000000000000000;1,0000000000000000;1,0000000000000000;1,0000000000000000;1,0000000000000000;1,00000000000000000
2022-05-11;alle;45;45,0;45;45;45;45;45;45;45;45,0;45,0;45,0;280;280,0;280,0;280;280;280;280;280;280;280,0;280,0;280,0;NA;NA;NA;NA;NA;NA;NA;NA;NA;NA;NA
2022-05-10;0-60;18;18,0;18;18;18;18;18;18;18;18,0;18,0;18,0;87;87,0;87,0;87;87;87;87;87;87;87,0;87,0;87,0;1,0000000000000000;1,000000000000000;1,0000000000000000;1,0000000000000000;1,0000000000000000;1,0000000000000000;1,0000000000000000;1,0000000000000000;1,0000000000000000;1,0000000000000000;1,00000000000000000
2022-05-10;60+;60;60,0;60;60;60;60;60;60;60;60,0;60,0;60,0;221;221,0;221,0;221;221;221;221;221;221;221,0;221,0;221,0;1,0000000000000000;1,000000000000000;1,0000000000000000;1,0000000000000000;1,0000000000000000;1,0000000000000000;1,0000000000000000;1,0000000000000000;1,0000000000000000;1,0000000000000000;1,00000000000000000
2022-05-10;alle;78;78,0;78;78;78;78;78;78;78;78,0;78,0;78,0;308;308,0;308,0;308;308;308;308;308;308;308,0;308,0;308,0;NA;NA;NA;NA;NA;NA;NA;NA;NA;NA;NA
2022-05-09;0-60;2;2,0;2;2;2;2;2;2;2;2,0;2,0;2,0;87;87,0;87,0;87;87;87;87;87;87;87,0;87,0;87,0;1,0000000000000000;1,000000000000000;1,0000000000000000;1,0000000000000000;1,0000000000000000;1,0000000000000000;1,0000000000000000;1,0000000000000000;1,0000000000000000;1,0000000000000000;1,00000000000000000
2022-05-09;60+;3;3,0;3;3;3;3;3;3;3;3,0;3,0;3,0;195;195,0;195,0;195;195;195;195;195;195;195,0;195,0;195,0;1,0000000000000000;1,000000000000000;1,0000000000000000;1,0000000000000000;1,0000000000000000;1,0000000000000000;1,0000000000000000;1,0000000000000000;1,0000000000000000;1,0000000000000000;1,00000000000000000
2022-05-09;alle;5;5,0;5;5;5;5;5;5;5;5,0;5,0;5,0;282;282,0;282,0;282;282;282;282;282;282;282,0;282,0;282,0;NA;NA;NA;NA;NA;NA;NA;NA;NA;NA;NA
2022-05-08;0-60;3;3,0;3;3;3;3;3;3;3;3,0;3,0;3,0;89;89,0;89,0;89;89;89;89;89;89;89,0;89,0;89,0;1,0000000000000000;1,000000000000000;1,0000000000000000;1,0000000000000000;1,0000000000000000;1,0000000000000000;1,0000000000000000;1,0000000000000000;1,0000000000000000;1,0000000000000000;1,00000000000000000
2022-05-08;60+;3;3,0;3;3;3;3;3;3;3;3,0;3,0;3,0;195;195,0;195,0;195;195;195;195;195;195;195,0;195,0;195,0;1,0000000000000000;1,000000000000000;1,0000000000000000;1,0000000000000000;1,0000000000000000;1,0000000000000000;1,0000000000000000;1,0000000000000000;1,0000000000000000;1,0000000000000000;1,00000000000000000
2022-05-08;alle;6;6,0;6;6;6;6;6;6;6;6,0;6,0;6,0;284;284,0;284,0;284;284;284;284;284;284;284,0;284,0;284,0;NA;NA;NA;NA;NA;NA;NA;NA;NA;NA;NA
2022-05-07;0-60;9;9,0;9;9;9;9;9;9;9;9,0;9,0;9,0;94;94,0;94,0;94;94;94;94;94;94;94,0;94,0;94,0;1,0000000000000000;1,000000000000000;1,0000000000000000;1,0000000000000000;1,0000000000000000;1,0000000000000000;1,0000000000000000;1,0000000000000000;1,0000000000000000;1,0000000000000000;1,00000000000000000
2022-05-07;60+;32;32,0;32;32;32;32;32;32;32;32,0;32,0;32,0;197;197,0;197,0;197;197;197;197;197;197;197,0;197,0;197,0;1,0000000000000000;1,000000000000000;1,0000000000000000;1,0000000000000000;1,0000000000000000;1,0000000000000000;1,0000000000000000;1,0000000000000000;1,0000000000000000;1,0000000000000000;1,00000000000000000
2022-05-07;alle;41;41,0;41;41;41;41;41;41;41;41,0;41,0;41,0;291;291,0;291,0;291;291;291;291;291;291;291,0;291,0;291,0;NA;NA;NA;NA;NA;NA;NA;NA;NA;NA;NA
2022-05-06;0-60;13;13,0;13;13;13;13;13;13;13;13,0;13,0;13,0;99;99,0;99,0;99;99;99;99;99;99;99,0;99,0;99,0;1,0000000000000000;1,000000000000000;1,0000000000000000;1,0000000000000000;1,0000000000000000;1,0000000000000000;1,0000000000000000;1,0000000000000000;1,0000000000000000;1,0000000000000000;1,00000000000000000
2022-05-06;60+;34;34,0;34;34;34;34;34;34;34;34,0;34,0;34,0;186;186,0;186,0;186;186;186;186;186;186;186,0;186,0;186,0;1,0000000000000000;1,000000000000000;1,0000000000000000;1,0000000000000000;1,0000000000000000;1,0000000000000000;1,0000000000000000;1,0000000000000000;1,0000000000000000;1,0000000000000000;1,00000000000000000
2022-05-06;alle;47;47,0;47;47;47;47;47;47;47;47,0;47,0;47,0;285;285,0;285,0;285;285;285;285;285;285;285,0;285,0;285,0;NA;NA;NA;NA;NA;NA;NA;NA;NA;NA;NA
2022-05-05;0-60;16;16,0;16;16;16;16;16;16;16;16,0;16,0;16,0;104;104,0;104,0;104;104;104;104;104;104;104,0;104,0;104,0;1,0000000000000000;1,000000000000000;1,0000000000000000;1,0000000000000000;1,0000000000000000;1,0000000000000000;1,0000000000000000;1,0000000000000000;1,0000000000000000;1,0000000000000000;1,00000000000000000
2022-05-05;60+;42;42,0;42;42;42;42;42;42;42;42,0;42,0;42,0;194;194,0;194,0;194;194;194;194;194;194;194,0;194,0;194,0;1,0000000000000000;1,000000000000000;1,0000000000000000;1,0000000000000000;1,0000000000000000;1,0000000000000000;1,0000000000000000;1,0000000000000000;1,0000000000000000;1,0000000000000000;1,00000000000000000
2022-05-05;alle;58;58,0;58;58;58;58;58;58;58;58,0;58,0;58,0;298;298,0;298,0;298;298;298;298;298;298;298,0;298,0;298,0;NA;NA;NA;NA;NA;NA;NA;NA;NA;NA;NA
2022-05-04;0-60;26;26,0;26;26;26;26;26;26;26;26,0;26,0;26,0;100;100,0;100,0;100;100;100;100;100;100;100,0;100,0;100,0;1,0000000000000000;1,000000000000000;1,0000000000000000;1,0000000000000000;1,0000000000000000;1,0000000000000000;1,0000000000000000;1,0000000000000000;1,0000000000000000;1,0000000000000000;1,00000000000000000
2022-05-04;60+;47;47,0;47;47;47;47;47;47;47;47,0;47,0;47,0;186;186,0;186,0;186;186;186;186;186;186;186,0;186,0;186,0;1,0000000000000000;1,000000000000000;1,0000000000000000;1,0000000000000000;1,0000000000000000;1,0000000000000000;1,0000000000000000;1,0000000000000000;1,0000000000000000;1,0000000000000000;1,00000000000000000
2022-05-04;alle;73;73,0;73;73;73;73;73;73;73;73,0;73,0;73,0;286;286,0;286,0;286;286;286;286;286;286;286,0;286,0;286,0;NA;NA;NA;NA;NA;NA;NA;NA;NA;NA;NA
2022-05-03;0-60;18;18,0;18;18;18;18;18;18;18;18,0;18,0;18,0;109;109,0;109,0;109;109;109;109;109;109;109,0;109,0;109,0;1,0000000000000000;1,000000000000000;1,0000000000000000;1,0000000000000000;1,0000000000000000;1,0000000000000000;1,0000000000000000;1,0000000000000000;1,0000000000000000;1,0000000000000000;1,00000000000000000
2022-05-03;60+;34;34,0;34;34;34;34;34;34;34;34,0;34,0;34,0;197;197,0;197,0;197;197;197;197;197;197;197,0;197,0;197,0;1,0000000000000000;1,000000000000000;1,0000000000000000;1,0000000000000000;1,0000000000000000;1,0000000000000000;1,0000000000000000;1,0000000000000000;1,0000000000000000;1,0000000000000000;1,00000000000000000
2022-05-03;alle;52;52,0;52;52;52;52;52;52;52;52,0;52,0;52,0;306;306,0;306,0;306;306;306;306;306;306;306,0;306,0;306,0;NA;NA;NA;NA;NA;NA;NA;NA;NA;NA;NA
2022-05-02;0-60;4;4,0;4;4;4;4;4;4;4;4,0;4,0;4,0;142;142,0;142,0;142;142;142;142;142;142;142,0;142,0;142,0;1,0000000000000000;1,000000000000000;1,0000000000000000;1,0000000000000000;1,0000000000000000;1,0000000000000000;1,0000000000000000;1,0000000000000000;1,0000000000000000;1,0000000000000000;1,00000000000000000
2022-05-02;60+;3;3,0;3;3;3;3;3;3;3;3,0;3,0;3,0;226;226,0;226,0;226;226;226;226;226;226;226,0;226,0;226,0;1,0000000000000000;1,000000000000000;1,0000000000000000;1,0000000000000000;1,0000000000000000;1,0000000000000000;1,0000000000000000;1,0000000000000000;1,0000000000000000;1,0000000000000000;1,00000000000000000
2022-05-02;alle;7;7,0;7;7;7;7;7;7;7;7,0;7,0;7,0;368;368,0;368,0;368;368;368;368;368;368;368,0;368,0;368,0;NA;NA;NA;NA;NA;NA;NA;NA;NA;NA;NA
2022-05-01;0-60;8;8,0;8;8;8;8;8;8;8;8,0;8,0;8,0;141;141,0;141,0;141;141;141;141;141;141;141,0;141,0;141,0;1,0000000000000000;1,000000000000000;1,0000000000000000;1,0000000000000000;1,0000000000000000;1,0000000000000000;1,0000000000000000;1,0000000000000000;1,0000000000000000;1,0000000000000000;1,00000000000000000
2022-05-01;60+;5;5,0;5;5;5;5;5;5;5;5,0;5,0;5,0;234;234,0;234,0;234;234;234;234;234;234;234,0;234,0;234,0;1,0000000000000000;1,000000000000000;1,0000000000000000;1,0000000000000000;1,0000000000000000;1,0000000000000000;1,0000000000000000;1,0000000000000000;1,0000000000000000;1,0000000000000000;1,00000000000000000
2022-05-01;alle;13;13,0;13;13;13;13;13;13;13;13,0;13,0;13,0;375;375,0;375,0;375;375;375;375;375;375;375,0;375,0;375,0;NA;NA;NA;NA;NA;NA;NA;NA;NA;NA;NA
2022-04-30;0-60;14;14,0;14;14;14;14;14;14;14;14,0;14,0;14,0;138;138,0;138,0;138;138;138;138;138;138;138,0;138,0;138,0;1,0000000000000000;1,000000000000000;1,0000000000000000;1,0000000000000000;1,0000000000000000;1,0000000000000000;1,0000000000000000;1,0000000000000000;1,0000000000000000;1,0000000000000000;1,00000000000000000
2022-04-30;60+;21;21,0;21;21;21;21;21;21;21;21,0;21,0;21,0;244;244,0;244,0;244;244;244;244;244;244;244,0;244,0;244,0;1,0000000000000000;1,000000000000000;1,0000000000000000;1,0000000000000000;1,0000000000000000;1,0000000000000000;1,0000000000000000;1,0000000000000000;1,0000000000000000;1,0000000000000000;1,00000000000000000
2022-04-30;alle;35;35,0;35;35;35;35;35;35;35;35,0;35,0;35,0;382;382,0;382,0;382;382;382;382;382;382;382,0;382,0;382,0;NA;NA;NA;NA;NA;NA;NA;NA;NA;NA;NA
2022-04-29;0-60;18;18,0;18;18;18;18;18;18;18;18,0;18,0;18,0;145;145,0;145,0;145;145;145;145;145;145;145,0;145,0;145,0;1,0000000000000000;1,000000000000000;1,0000000000000000;1,0000000000000000;1,0000000000000000;1,0000000000000000;1,0000000000000000;1,0000000000000000;1,0000000000000000;1,0000000000000000;1,00000000000000000
2022-04-29;60+;42;42,0;42;42;42;42;42;42;42;42,0;42,0;42,0;268;268,0;268,0;268;268;268;268;268;268;268,0;268,0;268,0;1,0000000000000000;1,000000000000000;1,0000000000000000;1,0000000000000000;1,0000000000000000;1,0000000000000000;1,0000000000000000;1,0000000000000000;1,0000000000000000;1,0000000000000000;1,00000000000000000
2022-04-29;alle;60;60,0;60;60;60;60;60;60;60;60,0;60,0;60,0;413;413,0;413,0;413;413;413;413;413;413;413,0;413,0;413,0;NA;NA;NA;NA;NA;NA;NA;NA;NA;NA;NA
2022-04-28;0-60;12;12,0;12;12;12;12;12;12;12;12,0;12,0;12,0;159;159,0;159,0;159;159;159;159;159;159;159,0;159,0;159,0;1,0000000000000000;1,000000000000000;1,0000000000000000;1,0000000000000000;1,0000000000000000;1,0000000000000000;1,0000000000000000;1,0000000000000000;1,0000000000000000;1,0000000000000000;1,00000000000000000
2022-04-28;60+;34;34,0;34;34;34;34;34;34;34;34,0;34,0;34,0;282;282,0;282,0;282;282;282;282;282;282;282,0;282,0;282,0;1,0000000000000000;1,000000000000000;1,0000000000000000;1,0000000000000000;1,0000000000000000;1,0000000000000000;1,0000000000000000;1,0000000000000000;1,0000000000000000;1,0000000000000000;1,00000000000000000
2022-04-28;alle;46;46,0;46;46;46;46;46;46;46;46,0;46,0;46,0;441;441,0;441,0;441;441;441;441;441;441;441,0;441,0;441,0;NA;NA;NA;NA;NA;NA;NA;NA;NA;NA;NA
2022-04-27;0-60;35;35,0;35;35;35;35;35;35;35;35,0;35,0;35,0;180;180,0;180,0;180;180;180;180;180;180;180,0;180,0;180,0;1,0000000000000000;1,000000000000000;1,0000000000000000;1,0000000000000000;1,0000000000000000;1,0000000000000000;1,0000000000000000;1,0000000000000000;1,0000000000000000;1,0000000000000000;1,00000000000000000
2022-04-27;60+;58;58,0;58;58;58;58;58;58;58;58,0;58,0;58,0;307;307,0;307,0;307;307;307;307;307;307;307,0;307,0;307,0;1,0000000000000000;1,000000000000000;1,0000000000000000;1,0000000000000000;1,0000000000000000;1,0000000000000000;1,0000000000000000;1,0000000000000000;1,0000000000000000;1,0000000000000000;1,00000000000000000
2022-04-27;alle;93;93,0;93;93;93;93;93;93;93;93,0;93,0;93,0;487;487,0;487,0;487;487;487;487;487;487;487,0;487,0;487,0;NA;NA;NA;NA;NA;NA;NA;NA;NA;NA;NA
2022-04-26;0-60;51;51,0;51;51;51;51;51;51;51;51,0;51,0;51,0;187;187,0;187,0;187;187;187;187;187;187;187,0;187,0;187,0;1,0000000000000000;1,000000000000000;1,0000000000000000;1,0000000000000000;1,0000000000000000;1,0000000000000000;1,0000000000000000;1,0000000000000000;1,0000000000000000;1,0000000000000000;1,00000000000000000
2022-04-26;60+;63;63,0;63;63;63;63;63;63;63;63,0;63,0;63,0;336;336,0;336,0;336;336;336;336;336;336;336,0;336,0;336,0;1,0000000000000000;1,000000000000000;1,0000000000000000;1,0000000000000000;1,0000000000000000;1,0000000000000000;1,0000000000000000;1,0000000000000000;1,0000000000000000;1,0000000000000000;1,00000000000000000
2022-04-26;alle;114;114,0;114;114;114;114;114;114;114;114,0;114,0;114,0;523;523,0;523,0;523;523;523;523;523;523;523,0;523,0;523,0;NA;NA;NA;NA;NA;NA;NA;NA;NA;NA;NA
2022-04-25;0-60;3;3,0;3;3;3;3;3;3;3;3,0;3,0;3,0;139;139,0;139,0;139;139;139;139;139;139;139,0;139,0;139,0;1,0000000000000000;1,000000000000000;1,0000000000000000;1,0000000000000000;1,0000000000000000;1,0000000000000000;1,0000000000000000;1,0000000000000000;1,0000000000000000;1,0000000000000000;1,00000000000000000
2022-04-25;60+;11;11,0;11;11;11;11;11;11;11;11,0;11,0;11,0;282;282,0;282,0;282;282;282;282;282;282;282,0;282,0;282,0;1,0000000000000000;1,000000000000000;1,0000000000000000;1,0000000000000000;1,0000000000000000;1,0000000000000000;1,0000000000000000;1,0000000000000000;1,0000000000000000;1,0000000000000000;1,00000000000000000
2022-04-25;alle;14;14,0;14;14;14;14;14;14;14;14,0;14,0;14,0;421;421,0;421,0;421;421;421;421;421;421;421,0;421,0;421,0;NA;NA;NA;NA;NA;NA;NA;NA;NA;NA;NA
2022-04-24;0-60;5;5,0;5;5;5;5;5;5;5;5,0;5,0;5,0;140;140,0;140,0;140;140;140;140;140;140;140,0;140,0;140,0;1,0000000000000000;1,000000000000000;1,0000000000000000;1,0000000000000000;1,0000000000000000;1,0000000000000000;1,0000000000000000;1,0000000000000000;1,0000000000000000;1,0000000000000000;1,00000000000000000
2022-04-24;60+;15;15,0;15;15;15;15;15;15;15;15,0;15,0;15,0;277;277,0;277,0;277;277;277;277;277;277;277,0;277,0;277,0;1,0000000000000000;1,000000000000000;1,0000000000000000;1,0000000000000000;1,0000000000000000;1,0000000000000000;1,0000000000000000;1,0000000000000000;1,0000000000000000;1,0000000000000000;1,00000000000000000
2022-04-24;alle;20;20,0;20;20;20;20;20;20;20;20,0;20,0;20,0;417;417,0;417,0;417;417;417;417;417;417;417,0;417,0;417,0;NA;NA;NA;NA;NA;NA;NA;NA;NA;NA;NA
2022-04-23;0-60;21;21,0;21;21;21;21;21;21;21;21,0;21,0;21,0;143;143,0;143,0;143;143;143;143;143;143;143,0;143,0;143,0;1,0000000000000000;1,000000000000000;1,0000000000000000;1,0000000000000000;1,0000000000000000;1,0000000000000000;1,0000000000000000;1,0000000000000000;1,0000000000000000;1,0000000000000000;1,00000000000000000
2022-04-23;60+;45;45,0;45;45;45;45;45;45;45;45,0;45,0;45,0;272;272,0;272,0;272;272;272;272;272;272;272,0;272,0;272,0;1,0000000000000000;1,000000000000000;1,0000000000000000;1,0000000000000000;1,0000000000000000;1,0000000000000000;1,0000000000000000;1,0000000000000000;1,0000000000000000;1,0000000000000000;1,00000000000000000
2022-04-23;alle;66;66,0;66;66;66;66;66;66;66;66,0;66,0;66,0;415;415,0;415,0;415;415;415;415;415;415;415,0;415,0;415,0;NA;NA;NA;NA;NA;NA;NA;NA;NA;NA;NA
2022-04-22;0-60;32;32,0;32;32;32;32;32;32;32;32,0;32,0;32,0;129;129,0;129,0;129;129;129;129;129;129;129,0;129,0;129,0;1,0000000000000000;1,000000000000000;1,0000000000000000;1,0000000000000000;1,0000000000000000;1,0000000000000000;1,0000000000000000;1,0000000000000000;1,0000000000000000;1,0000000000000000;1,00000000000000000
2022-04-22;60+;56;56,0;56;56;56;56;56;56;56;56,0;56,0;56,0;240;240,0;240,0;240;240;240;240;240;240;240,0;240,0;240,0;1,0000000000000000;1,000000000000000;1,0000000000000000;1,0000000000000000;1,0000000000000000;1,0000000000000000;1,0000000000000000;1,0000000000000000;1,0000000000000000;1,0000000000000000;1,00000000000000000
2022-04-22;alle;88;88,0;88;88;88;88;88;88;88;88,0;88,0;88,0;369;369,0;369,0;369;369;369;369;369;369;369,0;369,0;369,0;NA;NA;NA;NA;NA;NA;NA;NA;NA;NA;NA
2022-04-21;0-60;33;33,0;33;33;33;33;33;33;33;33,0;33,0;33,0;130;130,0;130,0;130;130;130;130;130;130;130,0;130,0;130,0;1,0000000000000000;1,000000000000000;1,0000000000000000;1,0000000000000000;1,0000000000000000;1,0000000000000000;1,0000000000000000;1,0000000000000000;1,0000000000000000;1,0000000000000000;1,00000000000000000
2022-04-21;60+;59;59,0;59;59;59;59;59;59;59;59,0;59,0;59,0;241;241,0;241,0;241;241;241;241;241;241;241,0;241,0;241,0;1,0000000000000000;1,000000000000000;1,0000000000000000;1,0000000000000000;1,0000000000000000;1,0000000000000000;1,0000000000000000;1,0000000000000000;1,0000000000000000;1,0000000000000000;1,00000000000000000
2022-04-21;alle;92;92,0;92;92;92;92;92;92;92;92,0;92,0;92,0;371;371,0;371,0;371;371;371;371;371;371;371,0;371,0;371,0;NA;NA;NA;NA;NA;NA;NA;NA;NA;NA;NA
2022-04-20;0-60;42;42,0;42;42;42;42;42;42;42;42,0;42,0;42,0;123;123,0;123,0;123;123;123;123;123;123;123,0;123,0;123,0;1,0000000000000000;1,000000000000000;1,0000000000000000;1,0000000000000000;1,0000000000000000;1,0000000000000000;1,0000000000000000;1,0000000000000000;1,0000000000000000;1,0000000000000000;1,00000000000000000
2022-04-20;60+;87;87,0;87;87;87;87;87;87;87;87,0;87,0;87,0;244;244,0;244,0;244;244;244;244;244;244;244,0;244,0;244,0;1,0000000000000000;1,000000000000000;1,0000000000000000;1,0000000000000000;1,0000000000000000;1,0000000000000000;1,0000000000000000;1,0000000000000000;1,0000000000000000;1,0000000000000000;1,00000000000000000
2022-04-20;alle;129;129,0;129;129;129;129;129;129;129;129,0;129,0;129,0;367;367,0;367,0;367;367;367;367;367;367;367,0;367,0;367,0;NA;NA;NA;NA;NA;NA;NA;NA;NA;NA;NA
2022-04-19;0-60;3;3,0;3;3;3;3;3;3;3;3,0;3,0;3,0;110;110,0;110,0;110;110;110;110;110;110;110,0;110,0;110,0;1,0000000000000000;1,000000000000000;1,0000000000000000;1,0000000000000000;1,0000000000000000;1,0000000000000000;1,0000000000000000;1,0000000000000000;1,0000000000000000;1,0000000000000000;1,00000000000000000
2022-04-19;60+;9;9,0;9;9;9;9;9;9;9;9,0;9,0;9,0;217;217,0;217,0;217;217;217;217;217;217;217,0;217,0;217,0;1,0000000000000000;1,000000000000000;1,0000000000000000;1,0000000000000000;1,0000000000000000;1,0000000000000000;1,0000000000000000;1,0000000000000000;1,0000000000000000;1,0000000000000000;1,00000000000000000
2022-04-19;alle;12;12,0;12;12;12;12;12;12;12;12,0;12,0;12,0;327;327,0;327,0;327;327;327;327;327;327;327,0;327,0;327,0;NA;NA;NA;NA;NA;NA;NA;NA;NA;NA;NA
2022-04-18;0-60;4;4,0;4;4;4;4;4;4;4;4,0;4,0;4,0;149;149,0;149,0;149;149;149;149;149;149;149,0;149,0;149,0;1,0000000000000000;1,000000000000000;1,0000000000000000;1,0000000000000000;1,0000000000000000;1,0000000000000000;1,0000000000000000;1,0000000000000000;1,0000000000000000;1,0000000000000000;1,00000000000000000
2022-04-18;60+;6;6,0;6;6;6;6;6;6;6;6,0;6,0;6,0;277;277,0;277,0;277;277;277;277;277;277;277,0;277,0;277,0;1,0000000000000000;1,000000000000000;1,0000000000000000;1,0000000000000000;1,0000000000000000;1,0000000000000000;1,0000000000000000;1,0000000000000000;1,0000000000000000;1,0000000000000000;1,00000000000000000
2022-04-18;alle;10;10,0;10;10;10;10;10;10;10;10,0;10,0;10,0;426;426,0;426,0;426;426;426;426;426;426;426,0;426,0;426,0;NA;NA;NA;NA;NA;NA;NA;NA;NA;NA;NA
2022-04-17;0-60;8;8,0;8;8;8;8;8;8;8;8,0;8,0;8,0;151;151,0;151,0;151;151;151;151;151;151;151,0;151,0;151,0;1,0000000000000000;1,000000000000000;1,0000000000000000;1,0000000000000000;1,0000000000000000;1,0000000000000000;1,0000000000000000;1,0000000000000000;1,0000000000000000;1,0000000000000000;1,00000000000000000
2022-04-17;60+;10;10,0;10;10;10;10;10;10;10;10,0;10,0;10,0;280;280,0;280,0;280;280;280;280;280;280;280,0;280,0;280,0;1,0000000000000000;1,000000000000000;1,0000000000000000;1,0000000000000000;1,0000000000000000;1,0000000000000000;1,0000000000000000;1,0000000000000000;1,0000000000000000;1,0000000000000000;1,00000000000000000
2022-04-17;alle;18;18,0;18;18;18;18;18;18;18;18,0;18,0;18,0;431;431,0;431,0;431;431;431;431;431;431;431,0;431,0;431,0;NA;NA;NA;NA;NA;NA;NA;NA;NA;NA;NA
2022-04-16;0-60;7;7,0;7;7;7;7;7;7;7;7,0;7,0;7,0;148;148,0;148,0;148;148;148;148;148;148;148,0;148,0;148,0;1,0000000000000000;1,000000000000000;1,0000000000000000;1,0000000000000000;1,0000000000000000;1,0000000000000000;1,0000000000000000;1,0000000000000000;1,0000000000000000;1,0000000000000000;1,00000000000000000
2022-04-16;60+;13;13,0;13;13;13;13;13;13;13;13,0;13,0;13,0;281;281,0;281,0;281;281;281;281;281;281;281,0;281,0;281,0;1,0000000000000000;1,000000000000000;1,0000000000000000;1,0000000000000000;1,0000000000000000;1,0000000000000000;1,0000000000000000;1,0000000000000000;1,0000000000000000;1,0000000000000000;1,00000000000000000
2022-04-16;alle;20;20,0;20;20;20;20;20;20;20;20,0;20,0;20,0;429;429,0;429,0;429;429;429;429;429;429;429,0;429,0;429,0;NA;NA;NA;NA;NA;NA;NA;NA;NA;NA;NA
2022-04-15;0-60;33;33,0;33;33;33;33;33;33;33;33,0;33,0;33,0;159;159,0;159,0;159;159;159;159;159;159;159,0;159,0;159,0;1,0000000000000000;1,000000000000000;1,0000000000000000;1,0000000000000000;1,0000000000000000;1,0000000000000000;1,0000000000000000;1,0000000000000000;1,0000000000000000;1,0000000000000000;1,00000000000000000
2022-04-15;60+;57;57,0;57;57;57;57;57;57;57;57,0;57,0;57,0;322;322,0;322,0;322;322;322;322;322;322;322,0;322,0;322,0;1,0000000000000000;1,000000000000000;1,0000000000000000;1,0000000000000000;1,0000000000000000;1,0000000000000000;1,0000000000000000;1,0000000000000000;1,0000000000000000;1,0000000000000000;1,00000000000000000
2022-04-15;alle;90;90,0;90;90;90;90;90;90;90;90,0;90,0;90,0;481;481,0;481,0;481;481;481;481;481;481;481,0;481,0;481,0;NA;NA;NA;NA;NA;NA;NA;NA;NA;NA;NA
2022-04-14;0-60;26;26,0;26;26;26;26;26;26;26;26,0;26,0;26,0;156;156,0;156,0;156;156;156;156;156;156;156,0;156,0;156,0;1,0000000000000000;1,000000000000000;1,0000000000000000;1,0000000000000000;1,0000000000000000;1,0000000000000000;1,0000000000000000;1,0000000000000000;1,0000000000000000;1,0000000000000000;1,00000000000000000
2022-04-14;60+;62;62,0;62;62;62;62;62;62;62;62,0;62,0;62,0;307;307,0;307,0;307;307;307;307;307;307;307,0;307,0;307,0;1,0000000000000000;1,000000000000000;1,0000000000000000;1,0000000000000000;1,0000000000000000;1,0000000000000000;1,0000000000000000;1,0000000000000000;1,0000000000000000;1,0000000000000000;1,00000000000000000
2022-04-14;alle;88;88,0;88;88;88;88;88;88;88;88,0;88,0;88,0;463;463,0;463,0;463;463;463;463;463;463;463,0;463,0;463,0;NA;NA;NA;NA;NA;NA;NA;NA;NA;NA;NA
2022-04-13;0-60;29;29,0;29;29;29;29;29;29;29;29,0;29,0;29,0;167;167,0;167,0;167;167;167;167;167;167;167,0;167,0;167,0;1,0000000000000000;1,000000000000000;1,0000000000000000;1,0000000000000000;1,0000000000000000;1,0000000000000000;1,0000000000000000;1,0000000000000000;1,0000000000000000;1,0000000000000000;1,00000000000000000
2022-04-13;60+;60;60,0;60;60;60;60;60;60;60;60,0;60,0;60,0;310;310,0;310,0;310;310;310;310;310;310;310,0;310,0;310,0;1,0000000000000000;1,000000000000000;1,0000000000000000;1,0000000000000000;1,0000000000000000;1,0000000000000000;1,0000000000000000;1,0000000000000000;1,0000000000000000;1,0000000000000000;1,00000000000000000
2022-04-13;alle;89;89,0;89;89;89;89;89;89;89;89,0;89,0;89,0;477;477,0;477,0;477;477;477;477;477;477;477,0;477,0;477,0;NA;NA;NA;NA;NA;NA;NA;NA;NA;NA;NA
2022-04-12;0-60;42;42,0;42;42;42;42;42;42;42;42,0;42,0;42,0;180;180,0;180,0;180;180;180;180;180;180;180,0;180,0;180,0;1,0000000000000000;1,000000000000000;1,0000000000000000;1,0000000000000000;1,0000000000000000;1,0000000000000000;1,0000000000000000;1,0000000000000000;1,0000000000000000;1,0000000000000000;1,00000000000000000
2022-04-12;60+;69;69,0;69;69;69;69;69;69;69;69,0;69,0;69,0;316;316,0;316,0;316;316;316;316;316;316;316,0;316,0;316,0;1,0000000000000000;1,000000000000000;1,0000000000000000;1,0000000000000000;1,0000000000000000;1,0000000000000000;1,0000000000000000;1,0000000000000000;1,0000000000000000;1,0000000000000000;1,00000000000000000
2022-04-12;alle;111;111,0;111;111;111;111;111;111;111;111,0;111,0;111,0;496;496,0;496,0;496;496;496;496;496;496;496,0;496,0;496,0;NA;NA;NA;NA;NA;NA;NA;NA;NA;NA;NA
2022-04-11;0-60;6;6,0;6;6;6;6;6;6;6;6,0;6,0;6,0;190;190,0;190,0;190;190;190;190;190;190;190,0;190,0;190,0;1,0000000000000000;1,000000000000000;1,0000000000000000;1,0000000000000000;1,0000000000000000;1,0000000000000000;1,0000000000000000;1,0000000000000000;1,0000000000000000;1,0000000000000000;1,00000000000000000
2022-04-11;60+;9;9,0;9;9;9;9;9;9;9;9,0;9,0;9,0;333;333,0;333,0;333;333;333;333;333;333;333,0;333,0;333,0;1,0000000000000000;1,000000000000000;1,0000000000000000;1,0000000000000000;1,0000000000000000;1,0000000000000000;1,0000000000000000;1,0000000000000000;1,0000000000000000;1,0000000000000000;1,00000000000000000
2022-04-11;alle;15;15,0;15;15;15;15;15;15;15;15,0;15,0;15,0;523;523,0;523,0;523;523;523;523;523;523;523,0;523,0;523,0;NA;NA;NA;NA;NA;NA;NA;NA;NA;NA;NA
2022-04-10;0-60;5;5,0;5;5;5;5;5;5;5;5,0;5,0;5,0;189;189,0;189,0;189;189;189;189;189;189;189,0;189,0;189,0;1,0000000000000000;1,000000000000000;1,0000000000000000;1,0000000000000000;1,0000000000000000;1,0000000000000000;1,0000000000000000;1,0000000000000000;1,0000000000000000;1,0000000000000000;1,00000000000000000
2022-04-10;60+;11;11,0;11;11;11;11;11;11;11;11,0;11,0;11,0;332;332,0;332,0;332;332;332;332;332;332;332,0;332,0;332,0;1,0000000000000000;1,000000000000000;1,0000000000000000;1,0000000000000000;1,0000000000000000;1,0000000000000000;1,0000000000000000;1,0000000000000000;1,0000000000000000;1,0000000000000000;1,00000000000000000
2022-04-10;alle;16;16,0;16;16;16;16;16;16;16;16,0;16,0;16,0;521;521,0;521,0;521;521;521;521;521;521;521,0;521,0;521,0;NA;NA;NA;NA;NA;NA;NA;NA;NA;NA;NA
2022-04-09;0-60;18;18,0;18;18;18;18;18;18;18;18,0;18,0;18,0;192;192,0;192,0;192;192;192;192;192;192;192,0;192,0;192,0;1,0000000000000000;1,000000000000000;1,0000000000000000;1,0000000000000000;1,0000000000000000;1,0000000000000000;1,0000000000000000;1,0000000000000000;1,0000000000000000;1,0000000000000000;1,00000000000000000
2022-04-09;60+;54;54,0;54;54;54;54;54;54;54;54,0;54,0;54,0;340;340,0;340,0;340;340;340;340;340;340;340,0;340,0;340,0;1,0000000000000000;1,000000000000000;1,0000000000000000;1,0000000000000000;1,0000000000000000;1,0000000000000000;1,0000000000000000;1,0000000000000000;1,0000000000000000;1,0000000000000000;1,00000000000000000
2022-04-09;alle;72;72,0;72;72;72;72;72;72;72;72,0;72,0;72,0;532;532,0;532,0;532;532;532;532;532;532;532,0;532,0;532,0;NA;NA;NA;NA;NA;NA;NA;NA;NA;NA;NA
2022-04-08;0-60;30;30,0;30;30;30;30;30;30;30;30,0;30,0;30,0;199;199,0;199,0;199;199;199;199;199;199;199,0;199,0;199,0;1,0000000000000000;1,000000000000000;1,0000000000000000;1,0000000000000000;1,0000000000000000;1,0000000000000000;1,0000000000000000;1,0000000000000000;1,0000000000000000;1,0000000000000000;1,00000000000000000
2022-04-08;60+;42;42,0;42;42;42;42;42;42;42;42,0;42,0;42,0;342;342,0;342,0;342;342;342;342;342;342;342,0;342,0;342,0;1,0000000000000000;1,000000000000000;1,0000000000000000;1,0000000000000000;1,0000000000000000;1,0000000000000000;1,0000000000000000;1,0000000000000000;1,0000000000000000;1,0000000000000000;1,00000000000000000
2022-04-08;alle;72;72,0;72;72;72;72;72;72;72;72,0;72,0;72,0;541;541,0;541,0;541;541;541;541;541;541;541,0;541,0;541,0;NA;NA;NA;NA;NA;NA;NA;NA;NA;NA;NA
2022-04-07;0-60;37;37,0;37;37;37;37;37;37;37;37,0;37,0;37,0;214;214,0;214,0;214;214;214;214;214;214;214,0;214,0;214,0;1,0000000000000000;1,000000000000000;1,0000000000000000;1,0000000000000000;1,0000000000000000;1,0000000000000000;1,0000000000000000;1,0000000000000000;1,0000000000000000;1,0000000000000000;1,00000000000000000
2022-04-07;60+;65;65,0;65;65;65;65;65;65;65;65,0;65,0;65,0;354;354,0;354,0;354;354;354;354;354;354;354,0;354,0;354,0;1,0000000000000000;1,000000000000000;1,0000000000000000;1,0000000000000000;1,0000000000000000;1,0000000000000000;1,0000000000000000;1,0000000000000000;1,0000000000000000;1,0000000000000000;1,00000000000000000
2022-04-07;alle;102;102,0;102;102;102;102;102;102;102;102,0;102,0;102,0;568;568,0;568,0;568;568;568;568;568;568;568,0;568,0;568,0;NA;NA;NA;NA;NA;NA;NA;NA;NA;NA;NA
2022-04-06;0-60;42;42,0;42;42;42;42;42;42;42;42,0;42,0;42,0;210;210,0;210,0;210;210;210;210;210;210;210,0;210,0;210,0;1,0000000000000000;1,000000000000000;1,0000000000000000;1,0000000000000000;1,0000000000000000;1,0000000000000000;1,0000000000000000;1,0000000000000000;1,0000000000000000;1,0000000000000000;1,00000000000000000
2022-04-06;60+;66;66,0;66;66;66;66;66;66;66;66,0;66,0;66,0;373;373,0;373,0;373;373;373;373;373;373;373,0;373,0;373,0;1,0000000000000000;1,000000000000000;1,0000000000000000;1,0000000000000000;1,0000000000000000;1,0000000000000000;1,0000000000000000;1,0000000000000000;1,0000000000000000;1,0000000000000000;1,00000000000000000
2022-04-06;alle;108;108,0;108;108;108;108;108;108;108;108,0;108,0;108,0;583;583,0;583,0;583;583;583;583;583;583;583,0;583,0;583,0;NA;NA;NA;NA;NA;NA;NA;NA;NA;NA;NA
2022-04-05;0-60;52;52,0;52;52;52;52;52;52;52;52,0;52,0;52,0;222;222,0;222,0;222;222;222;222;222;222;222,0;222,0;222,0;1,0000000000000000;1,000000000000000;1,0000000000000000;1,0000000000000000;1,0000000000000000;1,0000000000000000;1,0000000000000000;1,0000000000000000;1,0000000000000000;1,0000000000000000;1,00000000000000000
2022-04-05;60+;86;86,0;86;86;86;86;86;86;86;86,0;86,0;86,0;416;416,0;416,0;416;416;416;416;416;416;416,0;416,0;416,0;1,0000000000000000;1,000000000000000;1,0000000000000000;1,0000000000000000;1,0000000000000000;1,0000000000000000;1,0000000000000000;1,0000000000000000;1,0000000000000000;1,0000000000000000;1,00000000000000000
2022-04-05;alle;138;138,0;138;138;138;138;138;138;138;138,0;138,0;138,0;638;638,0;638,0;638;638;638;638;638;638;638,0;638,0;638,0;NA;NA;NA;NA;NA;NA;NA;NA;NA;NA;NA
2022-04-04;0-60;5;5,0;5;5;5;5;5;5;5;5,0;5,0;5,0;218;218,0;218,0;218;218;218;218;218;218;218,0;218,0;218,0;1,0000000000000000;1,000000000000000;1,0000000000000000;1,0000000000000000;1,0000000000000000;1,0000000000000000;1,0000000000000000;1,0000000000000000;1,0000000000000000;1,0000000000000000;1,00000000000000000
2022-04-04;60+;8;8,0;8;8;8;8;8;8;8;8,0;8,0;8,0;423;423,0;423,0;423;423;423;423;423;423;423,0;423,0;423,0;1,0000000000000000;1,000000000000000;1,0000000000000000;1,0000000000000000;1,0000000000000000;1,0000000000000000;1,0000000000000000;1,0000000000000000;1,0000000000000000;1,0000000000000000;1,00000000000000000
2022-04-04;alle;13;13,0;13;13;13;13;13;13;13;13,0;13,0;13,0;641;641,0;641,0;641;641;641;641;641;641;641,0;641,0;641,0;NA;NA;NA;NA;NA;NA;NA;NA;NA;NA;NA
2022-04-03;0-60;8;8,0;8;8;8;8;8;8;8;8,0;8,0;8,0;221;221,0;221,0;221;221;221;221;221;221;221,0;221,0;221,0;1,0000000000000000;1,000000000000000;1,0000000000000000;1,0000000000000000;1,0000000000000000;1,0000000000000000;1,0000000000000000;1,0000000000000000;1,0000000000000000;1,0000000000000000;1,00000000000000000
2022-04-03;60+;19;19,0;19;19;19;19;19;19;19;19,0;19,0;19,0;426;426,0;426,0;426;426;426;426;426;426;426,0;426,0;426,0;1,0000000000000000;1,000000000000000;1,0000000000000000;1,0000000000000000;1,0000000000000000;1,0000000000000000;1,0000000000000000;1,0000000000000000;1,0000000000000000;1,0000000000000000;1,00000000000000000
2022-04-03;alle;27;27,0;27;27;27;27;27;27;27;27,0;27,0;27,0;647;647,0;647,0;647;647;647;647;647;647;647,0;647,0;647,0;NA;NA;NA;NA;NA;NA;NA;NA;NA;NA;NA
2022-04-02;0-60;25;25,0;25;25;25;25;25;25;25;25,0;25,0;25,0;221;221,0;221,0;221;221;221;221;221;221;221,0;221,0;221,0;1,0000000000000000;1,000000000000000;1,0000000000000000;1,0000000000000000;1,0000000000000000;1,0000000000000000;1,0000000000000000;1,0000000000000000;1,0000000000000000;1,0000000000000000;1,00000000000000000
2022-04-02;60+;56;56,0;56;56;56;56;56;56;56;56,0;56,0;56,0;427;427,0;427,0;427;427;427;427;427;427;427,0;427,0;427,0;1,0000000000000000;1,000000000000000;1,0000000000000000;1,0000000000000000;1,0000000000000000;1,0000000000000000;1,0000000000000000;1,0000000000000000;1,0000000000000000;1,0000000000000000;1,00000000000000000
2022-04-02;alle;81;81,0;81;81;81;81;81;81;81;81,0;81,0;81,0;648;648,0;648,0;648;648;648;648;648;648;648,0;648,0;648,0;NA;NA;NA;NA;NA;NA;NA;NA;NA;NA;NA
2022-04-01;0-60;45;45,0;45;45;45;45;45;45;45;45,0;45,0;45,0;228;228,0;228,0;228;228;228;228;228;228;228,0;228,0;228,0;1,0000000000000000;1,000000000000000;1,0000000000000000;1,0000000000000000;1,0000000000000000;1,0000000000000000;1,0000000000000000;1,0000000000000000;1,0000000000000000;1,0000000000000000;1,00000000000000000
2022-04-01;60+;54;54,0;54;54;54;54;54;54;54;54,0;54,0;54,0;423;423,0;423,0;423;423;423;423;423;423;423,0;423,0;423,0;1,0000000000000000;1,000000000000000;1,0000000000000000;1,0000000000000000;1,0000000000000000;1,0000000000000000;1,0000000000000000;1,0000000000000000;1,0000000000000000;1,0000000000000000;1,00000000000000000
2022-04-01;alle;99;99,0;99;99;99;99;99;99;99;99,0;99,0;99,0;651;651,0;651,0;651;651;651;651;651;651;651,0;651,0;651,0;NA;NA;NA;NA;NA;NA;NA;NA;NA;NA;NA
2022-03-31;0-60;33;33,0;33;33;33;33;33;33;33;33,0;33,0;33,0;232;232,0;232,0;232;232;232;232;232;232;232,0;232,0;232,0;1,0000000000000000;1,000000000000000;1,0000000000000000;1,0000000000000000;1,0000000000000000;1,0000000000000000;1,0000000000000000;1,0000000000000000;1,0000000000000000;1,0000000000000000;1,00000000000000000
2022-03-31;60+;84;84,0;84;84;84;84;84;84;84;84,0;84,0;84,0;458;458,0;458,0;458;458;458;458;458;458;458,0;458,0;458,0;1,0000000000000000;1,000000000000000;1,0000000000000000;1,0000000000000000;1,0000000000000000;1,0000000000000000;1,0000000000000000;1,0000000000000000;1,0000000000000000;1,0000000000000000;1,00000000000000000
2022-03-31;alle;117;117,0;117;117;117;117;117;117;117;117,0;117,0;117,0;690;690,0;690,0;690;690;690;690;690;690;690,0;690,0;690,0;NA;NA;NA;NA;NA;NA;NA;NA;NA;NA;NA
2022-03-30;0-60;54;54,0;54;54;54;54;54;54;54;54,0;54,0;54,0;246;246,0;246,0;246;246;246;246;246;246;246,0;246,0;246,0;1,0000000000000000;1,000000000000000;1,0000000000000000;1,0000000000000000;1,0000000000000000;1,0000000000000000;1,0000000000000000;1,0000000000000000;1,0000000000000000;1,0000000000000000;1,00000000000000000
2022-03-30;60+;109;109,0;109;109;109;109;109;109;109;109,0;109,0;109,0;451;451,0;451,0;451;451;451;451;451;451;451,0;451,0;451,0;1,0000000000000000;1,000000000000000;1,0000000000000000;1,0000000000000000;1,0000000000000000;1,0000000000000000;1,0000000000000000;1,0000000000000000;1,0000000000000000;1,0000000000000000;1,00000000000000000
2022-03-30;alle;163;163,0;163;163;163;163;163;163;163;163,0;163,0;163,0;697;697,0;697,0;697;697;697;697;697;697;697,0;697,0;697,0;NA;NA;NA;NA;NA;NA;NA;NA;NA;NA;NA
2022-03-29;0-60;48;48,0;48;48;48;48;48;48;48;48,0;48,0;48,0;236;236,0;236,0;236;236;236;236;236;236;236,0;236,0;236,0;1,0000000000000000;1,000000000000000;1,0000000000000000;1,0000000000000000;1,0000000000000000;1,0000000000000000;1,0000000000000000;1,0000000000000000;1,0000000000000000;1,0000000000000000;1,00000000000000000
2022-03-29;60+;93;93,0;93;93;93;93;93;93;93;93,0;93,0;93,0;418;418,0;418,0;418;418;418;418;418;418;418,0;418,0;418,0;1,0000000000000000;1,000000000000000;1,0000000000000000;1,0000000000000000;1,0000000000000000;1,0000000000000000;1,0000000000000000;1,0000000000000000;1,0000000000000000;1,0000000000000000;1,00000000000000000
2022-03-29;alle;141;141,0;141;141;141;141;141;141;141;141,0;141,0;141,0;654;654,0;654,0;654;654;654;654;654;654;654,0;654,0;654,0;NA;NA;NA;NA;NA;NA;NA;NA;NA;NA;NA
2022-03-28;0-60;8;8,0;8;8;8;8;8;8;8;8,0;8,0;8,0;230;230,0;230,0;230;230;230;230;230;230;230,0;230,0;230,0;1,0000000000000000;1,000000000000000;1,0000000000000000;1,0000000000000000;1,0000000000000000;1,0000000000000000;1,0000000000000000;1,0000000000000000;1,0000000000000000;1,0000000000000000;1,00000000000000000
2022-03-28;60+;11;11,0;11;11;11;11;11;11;11;11,0;11,0;11,0;407;407,0;407,0;407;407;407;407;407;407;407,0;407,0;407,0;1,0000000000000000;1,000000000000000;1,0000000000000000;1,0000000000000000;1,0000000000000000;1,0000000000000000;1,0000000000000000;1,0000000000000000;1,0000000000000000;1,0000000000000000;1,00000000000000000
2022-03-28;alle;19;19,0;19;19;19;19;19;19;19;19,0;19,0;19,0;637;637,0;637,0;637;637;637;637;637;637;637,0;637,0;637,0;NA;NA;NA;NA;NA;NA;NA;NA;NA;NA;NA
2022-03-27;0-60;8;8,0;8;8;8;8;8;8;8;8,0;8,0;8,0;232;232,0;232,0;232;232;232;232;232;232;232,0;232,0;232,0;1,0000000000000000;1,000000000000000;1,0000000000000000;1,0000000000000000;1,0000000000000000;1,0000000000000000;1,0000000000000000;1,0000000000000000;1,0000000000000000;1,0000000000000000;1,00000000000000000
2022-03-27;60+;20;20,0;20;20;20;20;20;20;20;20,0;20,0;20,0;406;406,0;406,0;406;406;406;406;406;406;406,0;406,0;406,0;1,0000000000000000;1,000000000000000;1,0000000000000000;1,0000000000000000;1,0000000000000000;1,0000000000000000;1,0000000000000000;1,0000000000000000;1,0000000000000000;1,0000000000000000;1,00000000000000000
2022-03-27;alle;28;28,0;28;28;28;28;28;28;28;28,0;28,0;28,0;638;638,0;638,0;638;638;638;638;638;638;638,0;638,0;638,0;NA;NA;NA;NA;NA;NA;NA;NA;NA;NA;NA
2022-03-26;0-60;32;32,0;32;32;32;32;32;32;32;32,0;32,0;32,0;235;235,0;235,0;235;235;235;235;235;235;235,0;235,0;235,0;1,0000000000000000;1,000000000000000;1,0000000000000000;1,0000000000000000;1,0000000000000000;1,0000000000000000;1,0000000000000000;1,0000000000000000;1,0000000000000000;1,0000000000000000;1,00000000000000000
2022-03-26;60+;52;52,0;52;52;52;52;52;52;52;52,0;52,0;52,0;407;407,0;407,0;407;407;407;407;407;407;407,0;407,0;407,0;1,0000000000000000;1,000000000000000;1,0000000000000000;1,0000000000000000;1,0000000000000000;1,0000000000000000;1,0000000000000000;1,0000000000000000;1,0000000000000000;1,0000000000000000;1,00000000000000000
2022-03-26;alle;84;84,0;84;84;84;84;84;84;84;84,0;84,0;84,0;642;642,0;642,0;642;642;642;642;642;642;642,0;642,0;642,0;NA;NA;NA;NA;NA;NA;NA;NA;NA;NA;NA
2022-03-25;0-60;49;49,0;49;49;49;49;49;49;49;49,0;49,0;49,0;222;222,0;222,0;222;222;222;222;222;222;222,0;222,0;222,0;1,0000000000000000;1,000000000000000;1,0000000000000000;1,0000000000000000;1,0000000000000000;1,0000000000000000;1,0000000000000000;1,0000000000000000;1,0000000000000000;1,0000000000000000;1,00000000000000000
2022-03-25;60+;89;89,0;89;89;89;89;89;89;89;89,0;89,0;89,0;413;413,0;413,0;413;413;413;413;413;413;413,0;413,0;413,0;1,0000000000000000;1,000000000000000;1,0000000000000000;1,0000000000000000;1,0000000000000000;1,0000000000000000;1,0000000000000000;1,0000000000000000;1,0000000000000000;1,0000000000000000;1,00000000000000000
2022-03-25;alle;138;138,0;138;138;138;138;138;138;138;138,0;138,0;138,0;635;635,0;635,0;635;635;635;635;635;635;635,0;635,0;635,0;NA;NA;NA;NA;NA;NA;NA;NA;NA;NA;NA
2022-03-24;0-60;47;47,0;47;47;47;47;47;47;47;47,0;47,0;47,0;211;211,0;211,0;211;211;211;211;211;211;211,0;211,0;211,0;1,0000000000000000;1,000000000000000;1,0000000000000000;1,0000000000000000;1,0000000000000000;1,0000000000000000;1,0000000000000000;1,0000000000000000;1,0000000000000000;1,0000000000000000;1,00000000000000000
2022-03-24;60+;77;77,0;77;77;77;77;77;77;77;77,0;77,0;77,0;395;395,0;395,0;395;395;395;395;395;395;395,0;395,0;395,0;1,0000000000000000;1,000000000000000;1,0000000000000000;1,0000000000000000;1,0000000000000000;1,0000000000000000;1,0000000000000000;1,0000000000000000;1,0000000000000000;1,0000000000000000;1,00000000000000000
2022-03-24;alle;124;124,0;124;124;124;124;124;124;124;124,0;124,0;124,0;606;606,0;606,0;606;606;606;606;606;606;606,0;606,0;606,0;NA;NA;NA;NA;NA;NA;NA;NA;NA;NA;NA
2022-03-23;0-60;44;44,0;44;44;44;44;44;44;44;44,0;44,0;44,0;206;206,0;206,0;206;206;206;206;206;206;206,0;206,0;206,0;1,0000000000000000;1,000000000000000;1,0000000000000000;1,0000000000000000;1,0000000000000000;1,0000000000000000;1,0000000000000000;1,0000000000000000;1,0000000000000000;1,0000000000000000;1,00000000000000000
2022-03-23;60+;76;76,0;76;76;76;76;76;76;76;76,0;76,0;76,0;392;392,0;392,0;392;392;392;392;392;392;392,0;392,0;392,0;1,0000000000000000;1,000000000000000;1,0000000000000000;1,0000000000000000;1,0000000000000000;1,0000000000000000;1,0000000000000000;1,0000000000000000;1,0000000000000000;1,0000000000000000;1,00000000000000000
2022-03-23;alle;120;120,0;120;120;120;120;120;120;120;120,0;120,0;120,0;598;598,0;598,0;598;598;598;598;598;598;598,0;598,0;598,0;NA;NA;NA;NA;NA;NA;NA;NA;NA;NA;NA
2022-03-22;0-60;42;42,0;42;42;42;42;42;42;42;42,0;42,0;42,0;199;199,0;199,0;199;199;199;199;199;199;199,0;199,0;199,0;1,0000000000000000;1,000000000000000;1,0000000000000000;1,0000000000000000;1,0000000000000000;1,0000000000000000;1,0000000000000000;1,0000000000000000;1,0000000000000000;1,0000000000000000;1,00000000000000000
2022-03-22;60+;82;82,0;82;82;82;82;82;82;82;82,0;82,0;82,0;381;381,0;381,0;381;381;381;381;381;381;381,0;381,0;381,0;1,0000000000000000;1,000000000000000;1,0000000000000000;1,0000000000000000;1,0000000000000000;1,0000000000000000;1,0000000000000000;1,0000000000000000;1,0000000000000000;1,0000000000000000;1,00000000000000000
2022-03-22;alle;124;124,0;124;124;124;124;124;124;124;124,0;124,0;124,0;580;580,0;580,0;580;580;580;580;580;580;580,0;580,0;580,0;NA;NA;NA;NA;NA;NA;NA;NA;NA;NA;NA
2022-03-21;0-60;10;10,0;10;10;10;10;10;10;10;10,0;10,0;10,0;206;206,0;206,0;206;206;206;206;206;206;206,0;206,0;206,0;1,0000000000000000;1,000000000000000;1,0000000000000000;1,0000000000000000;1,0000000000000000;1,0000000000000000;1,0000000000000000;1,0000000000000000;1,0000000000000000;1,0000000000000000;1,00000000000000000
2022-03-21;60+;10;10,0;10;10;10;10;10;10;10;10,0;10,0;10,0;367;367,0;367,0;367;367;367;367;367;367;367,0;367,0;367,0;1,0000000000000000;1,000000000000000;1,0000000000000000;1,0000000000000000;1,0000000000000000;1,0000000000000000;1,0000000000000000;1,0000000000000000;1,0000000000000000;1,0000000000000000;1,00000000000000000
2022-03-21;alle;20;20,0;20;20;20;20;20;20;20;20,0;20,0;20,0;573;573,0;573,0;573;573;573;573;573;573;573,0;573,0;573,0;NA;NA;NA;NA;NA;NA;NA;NA;NA;NA;NA
2022-03-20;0-60;11;11,0;11;11;11;11;11;11;11;11,0;11,0;11,0;202;202,0;202,0;202;202;202;202;202;202;202,0;202,0;202,0;1,0000000000000000;1,000000000000000;1,0000000000000000;1,0000000000000000;1,0000000000000000;1,0000000000000000;1,0000000000000000;1,0000000000000000;1,0000000000000000;1,0000000000000000;1,00000000000000000
2022-03-20;60+;21;21,0;21;21;21;21;21;21;21;21,0;21,0;21,0;373;373,0;373,0;373;373;373;373;373;373;373,0;373,0;373,0;1,0000000000000000;1,000000000000000;1,0000000000000000;1,0000000000000000;1,0000000000000000;1,0000000000000000;1,0000000000000000;1,0000000000000000;1,0000000000000000;1,0000000000000000;1,00000000000000000
2022-03-20;alle;32;32,0;32;32;32;32;32;32;32;32,0;32,0;32,0;575;575,0;575,0;575;575;575;575;575;575;575,0;575,0;575,0;NA;NA;NA;NA;NA;NA;NA;NA;NA;NA;NA
2022-03-19;0-60;19;19,0;19;19;19;19;19;19;19;19,0;19,0;19,0;203;203,0;203,0;203;203;203;203;203;203;203,0;203,0;203,0;1,0000000000000000;1,000000000000000;1,0000000000000000;1,0000000000000000;1,0000000000000000;1,0000000000000000;1,0000000000000000;1,0000000000000000;1,0000000000000000;1,0000000000000000;1,00000000000000000
2022-03-19;60+;58;58,0;58;58;58;58;58;58;58;58,0;58,0;58,0;364;364,0;364,0;364;364;364;364;364;364;364,0;364,0;364,0;1,0000000000000000;1,000000000000000;1,0000000000000000;1,0000000000000000;1,0000000000000000;1,0000000000000000;1,0000000000000000;1,0000000000000000;1,0000000000000000;1,0000000000000000;1,00000000000000000
2022-03-19;alle;77;77,0;77;77;77;77;77;77;77;77,0;77,0;77,0;567;567,0;567,0;567;567;567;567;567;567;567,0;567,0;567,0;NA;NA;NA;NA;NA;NA;NA;NA;NA;NA;NA
2022-03-18;0-60;38;38,0;38;38;38;38;38;38;38;38,0;38,0;38,0;222;222,0;222,0;222;222;222;222;222;222;222,0;222,0;222,0;1,0000000000000000;1,000000000000000;1,0000000000000000;1,0000000000000000;1,0000000000000000;1,0000000000000000;1,0000000000000000;1,0000000000000000;1,0000000000000000;1,0000000000000000;1,00000000000000000
2022-03-18;60+;71;71,0;71;71;71;71;71;71;71;71,0;71,0;71,0;372;372,0;372,0;372;372;372;372;372;372;372,0;372,0;372,0;1,0000000000000000;1,000000000000000;1,0000000000000000;1,0000000000000000;1,0000000000000000;1,0000000000000000;1,0000000000000000;1,0000000000000000;1,0000000000000000;1,0000000000000000;1,00000000000000000
2022-03-18;alle;109;109,0;109;109;109;109;109;109;109;109,0;109,0;109,0;594;594,0;594,0;594;594;594;594;594;594;594,0;594,0;594,0;NA;NA;NA;NA;NA;NA;NA;NA;NA;NA;NA
2022-03-17;0-60;42;42,0;42;42;42;42;42;42;42;42,0;42,0;42,0;229;229,0;229,0;229;229;229;229;229;229;229,0;229,0;229,0;1,0000000000000000;1,000000000000000;1,0000000000000000;1,0000000000000000;1,0000000000000000;1,0000000000000000;1,0000000000000000;1,0000000000000000;1,0000000000000000;1,0000000000000000;1,00000000000000000
2022-03-17;60+;74;74,0;74;74;74;74;74;74;74;74,0;74,0;74,0;369;369,0;369,0;369;369;369;369;369;369;369,0;369,0;369,0;1,0000000000000000;1,000000000000000;1,0000000000000000;1,0000000000000000;1,0000000000000000;1,0000000000000000;1,0000000000000000;1,0000000000000000;1,0000000000000000;1,0000000000000000;1,00000000000000000
2022-03-17;alle;116;116,0;116;116;116;116;116;116;116;116,0;116,0;116,0;598;598,0;598,0;598;598;598;598;598;598;598,0;598,0;598,0;NA;NA;NA;NA;NA;NA;NA;NA;NA;NA;NA
2022-03-16;0-60;37;37,0;37;37;37;37;37;37;37;37,0;37,0;37,0;227;227,0;227,0;227;227;227;227;227;227;227,0;227,0;227,0;1,0000000000000000;1,000000000000000;1,0000000000000000;1,0000000000000000;1,0000000000000000;1,0000000000000000;1,0000000000000000;1,0000000000000000;1,0000000000000000;1,0000000000000000;1,00000000000000000
2022-03-16;60+;65;65,0;65;65;65;65;65;65;65;65,0;65,0;65,0;363;363,0;363,0;363;363;363;363;363;363;363,0;363,0;363,0;1,0000000000000000;1,000000000000000;1,0000000000000000;1,0000000000000000;1,0000000000000000;1,0000000000000000;1,0000000000000000;1,0000000000000000;1,0000000000000000;1,0000000000000000;1,00000000000000000
2022-03-16;alle;102;102,0;102;102;102;102;102;102;102;102,0;102,0;102,0;590;590,0;590,0;590;590;590;590;590;590;590,0;590,0;590,0;NA;NA;NA;NA;NA;NA;NA;NA;NA;NA;NA
2022-03-15;0-60;49;49,0;49;49;49;49;49;49;49;49,0;49,0;49,0;242;242,0;242,0;242;242;242;242;242;242;242,0;242,0;242,0;1,0000000000000000;1,000000000000000;1,0000000000000000;1,0000000000000000;1,0000000000000000;1,0000000000000000;1,0000000000000000;1,0000000000000000;1,0000000000000000;1,0000000000000000;1,00000000000000000
2022-03-15;60+;68;68,0;68;68;68;68;68;68;68;68,0;68,0;68,0;371;371,0;371,0;371;371;371;371;371;371;371,0;371,0;371,0;1,0000000000000000;1,000000000000000;1,0000000000000000;1,0000000000000000;1,0000000000000000;1,0000000000000000;1,0000000000000000;1,0000000000000000;1,0000000000000000;1,0000000000000000;1,00000000000000000
2022-03-15;alle;117;117,0;117;117;117;117;117;117;117;117,0;117,0;117,0;613;613,0;613,0;613;613;613;613;613;613;613,0;613,0;613,0;NA;NA;NA;NA;NA;NA;NA;NA;NA;NA;NA
2022-03-14;0-60;6;6,0;6;6;6;6;6;6;6;6,0;6,0;6,0;233;233,0;233,0;233;233;233;233;233;233;233,0;233,0;233,0;1,0000000000000000;1,000000000000000;1,0000000000000000;1,0000000000000000;1,0000000000000000;1,0000000000000000;1,0000000000000000;1,0000000000000000;1,0000000000000000;1,0000000000000000;1,00000000000000000
2022-03-14;60+;16;16,0;16;16;16;16;16;16;16;16,0;16,0;16,0;381;381,0;381,0;381;381;381;381;381;381;381,0;381,0;381,0;1,0000000000000000;1,000000000000000;1,0000000000000000;1,0000000000000000;1,0000000000000000;1,0000000000000000;1,0000000000000000;1,0000000000000000;1,0000000000000000;1,0000000000000000;1,00000000000000000
2022-03-14;alle;22;22,0;22;22;22;22;22;22;22;22,0;22,0;22,0;614;614,0;614,0;614;614;614;614;614;614;614,0;614,0;614,0;NA;NA;NA;NA;NA;NA;NA;NA;NA;NA;NA
2022-03-13;0-60;12;12,0;12;12;12;12;12;12;12;12,0;12,0;12,0;232;232,0;232,0;232;232;232;232;232;232;232,0;232,0;232,0;1,0000000000000000;1,000000000000000;1,0000000000000000;1,0000000000000000;1,0000000000000000;1,0000000000000000;1,0000000000000000;1,0000000000000000;1,0000000000000000;1,0000000000000000;1,00000000000000000
2022-03-13;60+;12;12,0;12;12;12;12;12;12;12;12,0;12,0;12,0;370;370,0;370,0;370;370;370;370;370;370;370,0;370,0;370,0;1,0000000000000000;1,000000000000000;1,0000000000000000;1,0000000000000000;1,0000000000000000;1,0000000000000000;1,0000000000000000;1,0000000000000000;1,0000000000000000;1,0000000000000000;1,00000000000000000
2022-03-13;alle;24;24,0;24;24;24;24;24;24;24;24,0;24,0;24,0;602;602,0;602,0;602;602;602;602;602;602;602,0;602,0;602,0;NA;NA;NA;NA;NA;NA;NA;NA;NA;NA;NA
2022-03-12;0-60;38;38,0;38;38;38;38;38;38;38;38,0;38,0;38,0;228;228,0;228,0;228;228;228;228;228;228;228,0;228,0;228,0;1,0000000000000000;1,000000000000000;1,0000000000000000;1,0000000000000000;1,0000000000000000;1,0000000000000000;1,0000000000000000;1,0000000000000000;1,0000000000000000;1,0000000000000000;1,00000000000000000
2022-03-12;60+;66;66,0;66;66;66;66;66;66;66;66,0;66,0;66,0;377;377,0;377,0;377;377;377;377;377;377;377,0;377,0;377,0;1,0000000000000000;1,000000000000000;1,0000000000000000;1,0000000000000000;1,0000000000000000;1,0000000000000000;1,0000000000000000;1,0000000000000000;1,0000000000000000;1,0000000000000000;1,00000000000000000
2022-03-12;alle;104;104,0;104;104;104;104;104;104;104;104,0;104,0;104,0;605;605,0;605,0;605;605;605;605;605;605;605,0;605,0;605,0;NA;NA;NA;NA;NA;NA;NA;NA;NA;NA;NA
2022-03-11;0-60;45;45,0;45;45;45;45;45;45;45;45,0;45,0;45,0;226;226,0;226,0;226;226;226;226;226;226;226,0;226,0;226,0;1,0000000000000000;1,000000000000000;1,0000000000000000;1,0000000000000000;1,0000000000000000;1,0000000000000000;1,0000000000000000;1,0000000000000000;1,0000000000000000;1,0000000000000000;1,00000000000000000
2022-03-11;60+;68;68,0;68;68;68;68;68;68;68;68,0;68,0;68,0;370;370,0;370,0;370;370;370;370;370;370;370,0;370,0;370,0;1,0000000000000000;1,000000000000000;1,0000000000000000;1,0000000000000000;1,0000000000000000;1,0000000000000000;1,0000000000000000;1,0000000000000000;1,0000000000000000;1,0000000000000000;1,00000000000000000
2022-03-11;alle;113;113,0;113;113;113;113;113;113;113;113,0;113,0;113,0;596;596,0;596,0;596;596;596;596;596;596;596,0;596,0;596,0;NA;NA;NA;NA;NA;NA;NA;NA;NA;NA;NA
2022-03-10;0-60;40;40,0;40;40;40;40;40;40;40;40,0;40,0;40,0;225;225,0;225,0;225;225;225;225;225;225;225,0;225,0;225,0;1,0000000000000000;1,000000000000000;1,0000000000000000;1,0000000000000000;1,0000000000000000;1,0000000000000000;1,0000000000000000;1,0000000000000000;1,0000000000000000;1,0000000000000000;1,00000000000000000
2022-03-10;60+;68;68,0;68;68;68;68;68;68;68;68,0;68,0;68,0;369;369,0;369,0;369;369;369;369;369;369;369,0;369,0;369,0;1,0000000000000000;1,000000000000000;1,0000000000000000;1,0000000000000000;1,0000000000000000;1,0000000000000000;1,0000000000000000;1,0000000000000000;1,0000000000000000;1,0000000000000000;1,00000000000000000
2022-03-10;alle;108;108,0;108;108;108;108;108;108;108;108,0;108,0;108,0;594;594,0;594,0;594;594;594;594;594;594;594,0;594,0;594,0;NA;NA;NA;NA;NA;NA;NA;NA;NA;NA;NA
2022-03-09;0-60;52;52,0;52;52;52;52;52;52;52;52,0;52,0;52,0;215;215,0;215,0;215;215;215;215;215;215;215,0;215,0;215,0;1,0000000000000000;1,000000000000000;1,0000000000000000;1,0000000000000000;1,0000000000000000;1,0000000000000000;1,0000000000000000;1,0000000000000000;1,0000000000000000;1,0000000000000000;1,00000000000000000
2022-03-09;60+;73;73,0;73;73;73;73;73;73;73;73,0;73,0;73,0;355;355,0;355,0;355;355;355;355;355;355;355,0;355,0;355,0;1,0000000000000000;1,000000000000000;1,0000000000000000;1,0000000000000000;1,0000000000000000;1,0000000000000000;1,0000000000000000;1,0000000000000000;1,0000000000000000;1,0000000000000000;1,00000000000000000
2022-03-09;alle;125;125,0;125;125;125;125;125;125;125;125,0;125,0;125,0;570;570,0;570,0;570;570;570;570;570;570;570,0;570,0;570,0;NA;NA;NA;NA;NA;NA;NA;NA;NA;NA;NA
2022-03-08;0-60;40;40,0;40;40;40;40;40;40;40;40,0;40,0;40,0;211;211,0;211,0;211;211;211;211;211;211;211,0;211,0;211,0;1,0000000000000000;1,000000000000000;1,0000000000000000;1,0000000000000000;1,0000000000000000;1,0000000000000000;1,0000000000000000;1,0000000000000000;1,0000000000000000;1,0000000000000000;1,00000000000000000
2022-03-08;60+;78;78,0;78;78;78;78;78;78;78;78,0;78,0;78,0;330;330,0;330,0;330;330;330;330;330;330;330,0;330,0;330,0;1,0000000000000000;1,000000000000000;1,0000000000000000;1,0000000000000000;1,0000000000000000;1,0000000000000000;1,0000000000000000;1,0000000000000000;1,0000000000000000;1,0000000000000000;1,00000000000000000
2022-03-08;alle;118;118,0;118;118;118;118;118;118;118;118,0;118,0;118,0;541;541,0;541,0;541;541;541;541;541;541;541,0;541,0;541,0;NA;NA;NA;NA;NA;NA;NA;NA;NA;NA;NA
2022-03-07;0-60;5;5,0;5;5;5;5;5;5;5;5,0;5,0;5,0;207;207,0;207,0;207;207;207;207;207;207;207,0;207,0;207,0;1,0000000000000000;1,000000000000000;1,0000000000000000;1,0000000000000000;1,0000000000000000;1,0000000000000000;1,0000000000000000;1,0000000000000000;1,0000000000000000;1,0000000000000000;1,00000000000000000
2022-03-07;60+;5;5,0;5;5;5;5;5;5;5;5,0;5,0;5,0;299;299,0;299,0;299;299;299;299;299;299;299,0;299,0;299,0;1,0000000000000000;1,000000000000000;1,0000000000000000;1,0000000000000000;1,0000000000000000;1,0000000000000000;1,0000000000000000;1,0000000000000000;1,0000000000000000;1,0000000000000000;1,00000000000000000
2022-03-07;alle;10;10,0;10;10;10;10;10;10;10;10,0;10,0;10,0;506;506,0;506,0;506;506;506;506;506;506;506,0;506,0;506,0;NA;NA;NA;NA;NA;NA;NA;NA;NA;NA;NA
2022-03-06;0-60;8;8,0;8;8;8;8;8;8;8;8,0;8,0;8,0;210;210,0;210,0;210;210;210;210;210;210;210,0;210,0;210,0;1,0000000000000000;1,000000000000000;1,0000000000000000;1,0000000000000000;1,0000000000000000;1,0000000000000000;1,0000000000000000;1,0000000000000000;1,0000000000000000;1,0000000000000000;1,00000000000000000
2022-03-06;60+;19;19,0;19;19;19;19;19;19;19;19,0;19,0;19,0;306;306,0;306,0;306;306;306;306;306;306;306,0;306,0;306,0;1,0000000000000000;1,000000000000000;1,0000000000000000;1,0000000000000000;1,0000000000000000;1,0000000000000000;1,0000000000000000;1,0000000000000000;1,0000000000000000;1,0000000000000000;1,00000000000000000
2022-03-06;alle;27;27,0;27;27;27;27;27;27;27;27,0;27,0;27,0;516;516,0;516,0;516;516;516;516;516;516;516,0;516,0;516,0;NA;NA;NA;NA;NA;NA;NA;NA;NA;NA;NA
2022-03-05;0-60;36;36,0;36;36;36;36;36;36;36;36,0;36,0;36,0;213;213,0;213,0;213;213;213;213;213;213;213,0;213,0;213,0;1,0000000000000000;1,000000000000000;1,0000000000000000;1,0000000000000000;1,0000000000000000;1,0000000000000000;1,0000000000000000;1,0000000000000000;1,0000000000000000;1,0000000000000000;1,00000000000000000
2022-03-05;60+;59;59,0;59;59;59;59;59;59;59;59,0;59,0;59,0;307;307,0;307,0;307;307;307;307;307;307;307,0;307,0;307,0;1,0000000000000000;1,000000000000000;1,0000000000000000;1,0000000000000000;1,0000000000000000;1,0000000000000000;1,0000000000000000;1,0000000000000000;1,0000000000000000;1,0000000000000000;1,00000000000000000
2022-03-05;alle;95;95,0;95;95;95;95;95;95;95;95,0;95,0;95,0;520;520,0;520,0;520;520;520;520;520;520;520,0;520,0;520,0;NA;NA;NA;NA;NA;NA;NA;NA;NA;NA;NA
2022-03-04;0-60;44;44,0;44;44;44;44;44;44;44;44,0;44,0;44,0;196;196,0;196,0;196;196;196;196;196;196;196,0;196,0;196,0;1,0000000000000000;1,000000000000000;1,0000000000000000;1,0000000000000000;1,0000000000000000;1,0000000000000000;1,0000000000000000;1,0000000000000000;1,0000000000000000;1,0000000000000000;1,00000000000000000
2022-03-04;60+;67;67,0;67;67;67;67;67;67;67;67,0;67,0;67,0;298;298,0;298,0;298;298;298;298;298;298;298,0;298,0;298,0;1,0000000000000000;1,000000000000000;1,0000000000000000;1,0000000000000000;1,0000000000000000;1,0000000000000000;1,0000000000000000;1,0000000000000000;1,0000000000000000;1,0000000000000000;1,00000000000000000
2022-03-04;alle;111;111,0;111;111;111;111;111;111;111;111,0;111,0;111,0;494;494,0;494,0;494;494;494;494;494;494;494,0;494,0;494,0;NA;NA;NA;NA;NA;NA;NA;NA;NA;NA;NA
2022-03-03;0-60;30;30,0;30;30;30;30;30;30;30;30,0;30,0;30,0;201;201,0;201,0;201;201;201;201;201;201;201,0;201,0;201,0;1,0000000000000000;1,000000000000000;1,0000000000000000;1,0000000000000000;1,0000000000000000;1,0000000000000000;1,0000000000000000;1,0000000000000000;1,0000000000000000;1,0000000000000000;1,00000000000000000
2022-03-03;60+;54;54,0;54;54;54;54;54;54;54;54,0;54,0;54,0;293;293,0;293,0;293;293;293;293;293;293;293,0;293,0;293,0;1,0000000000000000;1,000000000000000;1,0000000000000000;1,0000000000000000;1,0000000000000000;1,0000000000000000;1,0000000000000000;1,0000000000000000;1,0000000000000000;1,0000000000000000;1,00000000000000000
2022-03-03;alle;84;84,0;84;84;84;84;84;84;84;84,0;84,0;84,0;494;494,0;494,0;494;494;494;494;494;494;494,0;494,0;494,0;NA;NA;NA;NA;NA;NA;NA;NA;NA;NA;NA
2022-03-02;0-60;48;48,0;48;48;48;48;48;48;48;48,0;48,0;48,0;204;204,0;204,0;204;204;204;204;204;204;204,0;204,0;204,0;1,0000000000000000;1,000000000000000;1,0000000000000000;1,0000000000000000;1,0000000000000000;1,0000000000000000;1,0000000000000000;1,0000000000000000;1,0000000000000000;1,0000000000000000;1,00000000000000000
2022-03-02;60+;48;48,0;48;48;48;48;48;48;48;48,0;48,0;48,0;295;295,0;295,0;295;295;295;295;295;295;295,0;295,0;295,0;1,0000000000000000;1,000000000000000;1,0000000000000000;1,0000000000000000;1,0000000000000000;1,0000000000000000;1,0000000000000000;1,0000000000000000;1,0000000000000000;1,0000000000000000;1,00000000000000000
2022-03-02;alle;96;96,0;96;96;96;96;96;96;96;96,0;96,0;96,0;499;499,0;499,0;499;499;499;499;499;499;499,0;499,0;499,0;NA;NA;NA;NA;NA;NA;NA;NA;NA;NA;NA
2022-03-01;0-60;36;36,0;36;36;36;36;36;36;36;36,0;36,0;36,0;193;193,0;193,0;193;193;193;193;193;193;193,0;193,0;193,0;1,0000000000000000;1,000000000000000;1,0000000000000000;1,0000000000000000;1,0000000000000000;1,0000000000000000;1,0000000000000000;1,0000000000000000;1,0000000000000000;1,0000000000000000;1,00000000000000000
2022-03-01;60+;47;47,0;47;47;47;47;47;47;47;47,0;47,0;47,0;314;314,0;314,0;314;314;314;314;314;314;314,0;314,0;314,0;1,0000000000000000;1,000000000000000;1,0000000000000000;1,0000000000000000;1,0000000000000000;1,0000000000000000;1,0000000000000000;1,0000000000000000;1,0000000000000000;1,0000000000000000;1,00000000000000000
2022-03-01;alle;83;83,0;83;83;83;83;83;83;83;83,0;83,0;83,0;507;507,0;507,0;507;507;507;507;507;507;507,0;507,0;507,0;NA;NA;NA;NA;NA;NA;NA;NA;NA;NA;NA
2022-02-28;0-60;8;8,0;8;8;8;8;8;8;8;8,0;8,0;8,0;193;193,0;193,0;193;193;193;193;193;193;193,0;193,0;193,0;1,0000000000000000;1,000000000000000;1,0000000000000000;1,0000000000000000;1,0000000000000000;1,0000000000000000;1,0000000000000000;1,0000000000000000;1,0000000000000000;1,0000000000000000;1,00000000000000000
2022-02-28;60+;12;12,0;12;12;12;12;12;12;12;12,0;12,0;12,0;323;323,0;323,0;323;323;323;323;323;323;323,0;323,0;323,0;1,0000000000000000;1,000000000000000;1,0000000000000000;1,0000000000000000;1,0000000000000000;1,0000000000000000;1,0000000000000000;1,0000000000000000;1,0000000000000000;1,0000000000000000;1,00000000000000000
2022-02-28;alle;20;20,0;20;20;20;20;20;20;20;20,0;20,0;20,0;516;516,0;516,0;516;516;516;516;516;516;516,0;516,0;516,0;NA;NA;NA;NA;NA;NA;NA;NA;NA;NA;NA
2022-02-27;0-60;11;11,0;11;11;11;11;11;11;11;11,0;11,0;11,0;193;193,0;193,0;193;193;193;193;193;193;193,0;193,0;193,0;1,0000000000000000;1,000000000000000;1,0000000000000000;1,0000000000000000;1,0000000000000000;1,0000000000000000;1,0000000000000000;1,0000000000000000;1,0000000000000000;1,0000000000000000;1,00000000000000000
2022-02-27;60+;20;20,0;20;20;20;20;20;20;20;20,0;20,0;20,0;316;316,0;316,0;316;316;316;316;316;316;316,0;316,0;316,0;1,0000000000000000;1,000000000000000;1,0000000000000000;1,0000000000000000;1,0000000000000000;1,0000000000000000;1,0000000000000000;1,0000000000000000;1,0000000000000000;1,0000000000000000;1,00000000000000000
2022-02-27;alle;31;31,0;31;31;31;31;31;31;31;31,0;31,0;31,0;509;509,0;509,0;509;509;509;509;509;509;509,0;509,0;509,0;NA;NA;NA;NA;NA;NA;NA;NA;NA;NA;NA
2022-02-26;0-60;19;19,0;19;19;19;19;19;19;19;19,0;19,0;19,0;197;197,0;197,0;197;197;197;197;197;197;197,0;197,0;197,0;1,0000000000000000;1,000000000000000;1,0000000000000000;1,0000000000000000;1,0000000000000000;1,0000000000000000;1,0000000000000000;1,0000000000000000;1,0000000000000000;1,0000000000000000;1,00000000000000000
2022-02-26;60+;50;50,0;50;50;50;50;50;50;50;50,0;50,0;50,0;320;320,0;320,0;320;320;320;320;320;320;320,0;320,0;320,0;1,0000000000000000;1,000000000000000;1,0000000000000000;1,0000000000000000;1,0000000000000000;1,0000000000000000;1,0000000000000000;1,0000000000000000;1,0000000000000000;1,0000000000000000;1,00000000000000000
2022-02-26;alle;69;69,0;69;69;69;69;69;69;69;69,0;69,0;69,0;517;517,0;517,0;517;517;517;517;517;517;517,0;517,0;517,0;NA;NA;NA;NA;NA;NA;NA;NA;NA;NA;NA
2022-02-25;0-60;49;49,0;49;49;49;49;49;49;49;49,0;49,0;49,0;214;214,0;214,0;214;214;214;214;214;214;214,0;214,0;214,0;1,0000000000000000;1,000000000000000;1,0000000000000000;1,0000000000000000;1,0000000000000000;1,0000000000000000;1,0000000000000000;1,0000000000000000;1,0000000000000000;1,0000000000000000;1,00000000000000000
2022-02-25;60+;62;62,0;62;62;62;62;62;62;62;62,0;62,0;62,0;330;330,0;330,0;330;330;330;330;330;330;330,0;330,0;330,0;1,0000000000000000;1,000000000000000;1,0000000000000000;1,0000000000000000;1,0000000000000000;1,0000000000000000;1,0000000000000000;1,0000000000000000;1,0000000000000000;1,0000000000000000;1,00000000000000000
2022-02-25;alle;111;111,0;111;111;111;111;111;111;111;111,0;111,0;111,0;544;544,0;544,0;544;544;544;544;544;544;544,0;544,0;544,0;NA;NA;NA;NA;NA;NA;NA;NA;NA;NA;NA
2022-02-24;0-60;33;33,0;33;33;33;33;33;33;33;33,0;33,0;33,0;195;195,0;195,0;195;195;195;195;195;195;195,0;195,0;195,0;1,0000000000000000;1,000000000000000;1,0000000000000000;1,0000000000000000;1,0000000000000000;1,0000000000000000;1,0000000000000000;1,0000000000000000;1,0000000000000000;1,0000000000000000;1,00000000000000000
2022-02-24;60+;56;56,0;56;56;56;56;56;56;56;56,0;56,0;56,0;344;344,0;344,0;344;344;344;344;344;344;344,0;344,0;344,0;1,0000000000000000;1,000000000000000;1,0000000000000000;1,0000000000000000;1,0000000000000000;1,0000000000000000;1,0000000000000000;1,0000000000000000;1,0000000000000000;1,0000000000000000;1,00000000000000000
2022-02-24;alle;89;89,0;89;89;89;89;89;89;89;89,0;89,0;89,0;539;539,0;539,0;539;539;539;539;539;539;539,0;539,0;539,0;NA;NA;NA;NA;NA;NA;NA;NA;NA;NA;NA
2022-02-23;0-60;37;37,0;37;37;37;37;37;37;37;37,0;37,0;37,0;205;205,0;205,0;205;205;205;205;205;205;205,0;205,0;205,0;1,0000000000000000;1,000000000000000;1,0000000000000000;1,0000000000000000;1,0000000000000000;1,0000000000000000;1,0000000000000000;1,0000000000000000;1,0000000000000000;1,0000000000000000;1,00000000000000000
2022-02-23;60+;67;67,0;67;67;67;67;67;67;67;67,0;67,0;67,0;349;349,0;349,0;349;349;349;349;349;349;349,0;349,0;349,0;1,0000000000000000;1,000000000000000;1,0000000000000000;1,0000000000000000;1,0000000000000000;1,0000000000000000;1,0000000000000000;1,0000000000000000;1,0000000000000000;1,0000000000000000;1,00000000000000000
2022-02-23;alle;104;104,0;104;104;104;104;104;104;104;104,0;104,0;104,0;554;554,0;554,0;554;554;554;554;554;554;554,0;554,0;554,0;NA;NA;NA;NA;NA;NA;NA;NA;NA;NA;NA
2022-02-22;0-60;36;36,0;36;36;36;36;36;36;36;36,0;36,0;36,0;211;211,0;211,0;211;211;211;211;211;211;211,0;211,0;211,0;1,0000000000000000;1,000000000000000;1,0000000000000000;1,0000000000000000;1,0000000000000000;1,0000000000000000;1,0000000000000000;1,0000000000000000;1,0000000000000000;1,0000000000000000;1,00000000000000000
2022-02-22;60+;56;56,0;56;56;56;56;56;56;56;56,0;56,0;56,0;343;343,0;343,0;343;343;343;343;343;343;343,0;343,0;343,0;1,0000000000000000;1,000000000000000;1,0000000000000000;1,0000000000000000;1,0000000000000000;1,0000000000000000;1,0000000000000000;1,0000000000000000;1,0000000000000000;1,0000000000000000;1,00000000000000000
2022-02-22;alle;92;92,0;92;92;92;92;92;92;92;92,0;92,0;92,0;554;554,0;554,0;554;554;554;554;554;554;554,0;554,0;554,0;NA;NA;NA;NA;NA;NA;NA;NA;NA;NA;NA
2022-02-21;0-60;8;8,0;8;8;8;8;8;8;8;8,0;8,0;8,0;212;212,0;212,0;212;212;212;212;212;212;212,0;212,0;212,0;1,0000000000000000;1,000000000000000;1,0000000000000000;1,0000000000000000;1,0000000000000000;1,0000000000000000;1,0000000000000000;1,0000000000000000;1,0000000000000000;1,0000000000000000;1,00000000000000000
2022-02-21;60+;5;5,0;5;5;5;5;5;5;5;5,0;5,0;5,0;345;345,0;345,0;345;345;345;345;345;345;345,0;345,0;345,0;1,0000000000000000;1,000000000000000;1,0000000000000000;1,0000000000000000;1,0000000000000000;1,0000000000000000;1,0000000000000000;1,0000000000000000;1,0000000000000000;1,0000000000000000;1,00000000000000000
2022-02-21;alle;13;13,0;13;13;13;13;13;13;13;13,0;13,0;13,0;557;557,0;557,0;557;557;557;557;557;557;557,0;557,0;557,0;NA;NA;NA;NA;NA;NA;NA;NA;NA;NA;NA
2022-02-20;0-60;15;15,0;15;15;15;15;15;15;15;15,0;15,0;15,0;208;208,0;208,0;208;208;208;208;208;208;208,0;208,0;208,0;1,0000000000000000;1,000000000000000;1,0000000000000000;1,0000000000000000;1,0000000000000000;1,0000000000000000;1,0000000000000000;1,0000000000000000;1,0000000000000000;1,0000000000000000;1,00000000000000000
2022-02-20;60+;24;24,0;24;24;24;24;24;24;24;24,0;24,0;24,0;354;354,0;354,0;354;354;354;354;354;354;354,0;354,0;354,0;1,0000000000000000;1,000000000000000;1,0000000000000000;1,0000000000000000;1,0000000000000000;1,0000000000000000;1,0000000000000000;1,0000000000000000;1,0000000000000000;1,0000000000000000;1,00000000000000000
2022-02-20;alle;39;39,0;39;39;39;39;39;39;39;39,0;39,0;39,0;562;562,0;562,0;562;562;562;562;562;562;562,0;562,0;562,0;NA;NA;NA;NA;NA;NA;NA;NA;NA;NA;NA
2022-02-19;0-60;36;36,0;36;36;36;36;36;36;36;36,0;36,0;36,0;211;211,0;211,0;211;211;211;211;211;211;211,0;211,0;211,0;1,0000000000000000;1,000000000000000;1,0000000000000000;1,0000000000000000;1,0000000000000000;1,0000000000000000;1,0000000000000000;1,0000000000000000;1,0000000000000000;1,0000000000000000;1,00000000000000000
2022-02-19;60+;60;60,0;60;60;60;60;60;60;60;60,0;60,0;60,0;342;342,0;342,0;342;342;342;342;342;342;342,0;342,0;342,0;1,0000000000000000;1,000000000000000;1,0000000000000000;1,0000000000000000;1,0000000000000000;1,0000000000000000;1,0000000000000000;1,0000000000000000;1,0000000000000000;1,0000000000000000;1,00000000000000000
2022-02-19;alle;96;96,0;96;96;96;96;96;96;96;96,0;96,0;96,0;553;553,0;553,0;553;553;553;553;553;553;553,0;553,0;553,0;NA;NA;NA;NA;NA;NA;NA;NA;NA;NA;NA
2022-02-18;0-60;30;30,0;30;30;30;30;30;30;30;30,0;30,0;30,0;199;199,0;199,0;199;199;199;199;199;199;199,0;199,0;199,0;1,0000000000000000;1,000000000000000;1,0000000000000000;1,0000000000000000;1,0000000000000000;1,0000000000000000;1,0000000000000000;1,0000000000000000;1,0000000000000000;1,0000000000000000;1,00000000000000000
2022-02-18;60+;76;76,0;76;76;76;76;76;76;76;76,0;76,0;76,0;331;331,0;331,0;331;331;331;331;331;331;331,0;331,0;331,0;1,0000000000000000;1,000000000000000;1,0000000000000000;1,0000000000000000;1,0000000000000000;1,0000000000000000;1,0000000000000000;1,0000000000000000;1,0000000000000000;1,0000000000000000;1,00000000000000000
2022-02-18;alle;106;106,0;106;106;106;106;106;106;106;106,0;106,0;106,0;530;530,0;530,0;530;530;530;530;530;530;530,0;530,0;530,0;NA;NA;NA;NA;NA;NA;NA;NA;NA;NA;NA
2022-02-17;0-60;43;43,0;43;43;43;43;43;43;43;43,0;43,0;43,0;214;214,0;214,0;214;214;214;214;214;214;214,0;214,0;214,0;1,0000000000000000;1,000000000000000;1,0000000000000000;1,0000000000000000;1,0000000000000000;1,0000000000000000;1,0000000000000000;1,0000000000000000;1,0000000000000000;1,0000000000000000;1,00000000000000000
2022-02-17;60+;61;61,0;61;61;61;61;61;61;61;61,0;61,0;61,0;309;309,0;309,0;309;309;309;309;309;309;309,0;309,0;309,0;1,0000000000000000;1,000000000000000;1,0000000000000000;1,0000000000000000;1,0000000000000000;1,0000000000000000;1,0000000000000000;1,0000000000000000;1,0000000000000000;1,0000000000000000;1,00000000000000000
2022-02-17;alle;104;104,0;104;104;104;104;104;104;104;104,0;104,0;104,0;523;523,0;523,0;523;523;523;523;523;523;523,0;523,0;523,0;NA;NA;NA;NA;NA;NA;NA;NA;NA;NA;NA
2022-02-16;0-60;43;43,0;43;43;43;43;43;43;43;43,0;43,0;43,0;209;209,0;209,0;209;209;209;209;209;209;209,0;209,0;209,0;1,0000000000000000;1,000000000000000;1,0000000000000000;1,0000000000000000;1,0000000000000000;1,0000000000000000;1,0000000000000000;1,0000000000000000;1,0000000000000000;1,0000000000000000;1,00000000000000000
2022-02-16;60+;61;61,0;61;61;61;61;61;61;61;61,0;61,0;61,0;298;298,0;298,0;298;298;298;298;298;298;298,0;298,0;298,0;1,0000000000000000;1,000000000000000;1,0000000000000000;1,0000000000000000;1,0000000000000000;1,0000000000000000;1,0000000000000000;1,0000000000000000;1,0000000000000000;1,0000000000000000;1,00000000000000000
2022-02-16;alle;104;104,0;104;104;104;104;104;104;104;104,0;104,0;104,0;507;507,0;507,0;507;507;507;507;507;507;507,0;507,0;507,0;NA;NA;NA;NA;NA;NA;NA;NA;NA;NA;NA
2022-02-15;0-60;37;37,0;37;37;37;37;37;37;37;37,0;37,0;37,0;210;210,0;210,0;210;210;210;210;210;210;210,0;210,0;210,0;1,0000000000000000;1,000000000000000;1,0000000000000000;1,0000000000000000;1,0000000000000000;1,0000000000000000;1,0000000000000000;1,0000000000000000;1,0000000000000000;1,0000000000000000;1,00000000000000000
2022-02-15;60+;58;58,0;58;58;58;58;58;58;58;58,0;58,0;58,0;292;292,0;292,0;292;292;292;292;292;292;292,0;292,0;292,0;1,0000000000000000;1,000000000000000;1,0000000000000000;1,0000000000000000;1,0000000000000000;1,0000000000000000;1,0000000000000000;1,0000000000000000;1,0000000000000000;1,0000000000000000;1,00000000000000000
2022-02-15;alle;95;95,0;95;95;95;95;95;95;95;95,0;95,0;95,0;502;502,0;502,0;502;502;502;502;502;502;502,0;502,0;502,0;NA;NA;NA;NA;NA;NA;NA;NA;NA;NA;NA
2022-02-14;0-60;4;4,0;4;4;4;4;4;4;4;4,0;4,0;4,0;218;218,0;218,0;218;218;218;218;218;218;218,0;218,0;218,0;1,0000000000000000;1,000000000000000;1,0000000000000000;1,0000000000000000;1,0000000000000000;1,0000000000000000;1,0000000000000000;1,0000000000000000;1,0000000000000000;1,0000000000000000;1,00000000000000000
2022-02-14;60+;14;14,0;14;14;14;14;14;14;14;14,0;14,0;14,0;285;285,0;285,0;285;285;285;285;285;285;285,0;285,0;285,0;1,0000000000000000;1,000000000000000;1,0000000000000000;1,0000000000000000;1,0000000000000000;1,0000000000000000;1,0000000000000000;1,0000000000000000;1,0000000000000000;1,0000000000000000;1,00000000000000000
2022-02-14;alle;18;18,0;18;18;18;18;18;18;18;18,0;18,0;18,0;503;503,0;503,0;503;503;503;503;503;503;503,0;503,0;503,0;NA;NA;NA;NA;NA;NA;NA;NA;NA;NA;NA
2022-02-13;0-60;18;18,0;18;18;18;18;18;18;18;18,0;18,0;18,0;226;226,0;226,0;226;226;226;226;226;226;226,0;226,0;226,0;1,0000000000000000;1,000000000000000;1,0000000000000000;1,0000000000000000;1,0000000000000000;1,0000000000000000;1,0000000000000000;1,0000000000000000;1,0000000000000000;1,0000000000000000;1,00000000000000000
2022-02-13;60+;12;12,0;12;12;12;12;12;12;12;12,0;12,0;12,0;287;287,0;287,0;287;287;287;287;287;287;287,0;287,0;287,0;1,0000000000000000;1,000000000000000;1,0000000000000000;1,0000000000000000;1,0000000000000000;1,0000000000000000;1,0000000000000000;1,0000000000000000;1,0000000000000000;1,0000000000000000;1,00000000000000000
2022-02-13;alle;30;30,0;30;30;30;30;30;30;30;30,0;30,0;30,0;513;513,0;513,0;513;513;513;513;513;513;513,0;513,0;513,0;NA;NA;NA;NA;NA;NA;NA;NA;NA;NA;NA
2022-02-12;0-60;24;24,0;24;24;24;24;24;24;24;24,0;24,0;24,0;229;229,0;229,0;229;229;229;229;229;229;229,0;229,0;229,0;1,0000000000000000;1,000000000000000;1,0000000000000000;1,0000000000000000;1,0000000000000000;1,0000000000000000;1,0000000000000000;1,0000000000000000;1,0000000000000000;1,0000000000000000;1,00000000000000000
2022-02-12;60+;49;49,0;49;49;49;49;49;49;49;49,0;49,0;49,0;286;286,0;286,0;286;286;286;286;286;286;286,0;286,0;286,0;1,0000000000000000;1,000000000000000;1,0000000000000000;1,0000000000000000;1,0000000000000000;1,0000000000000000;1,0000000000000000;1,0000000000000000;1,0000000000000000;1,0000000000000000;1,00000000000000000
2022-02-12;alle;73;73,0;73;73;73;73;73;73;73;73,0;73,0;73,0;515;515,0;515,0;515;515;515;515;515;515;515,0;515,0;515,0;NA;NA;NA;NA;NA;NA;NA;NA;NA;NA;NA
2022-02-11;0-60;45;45,0;45;45;45;45;45;45;45;45,0;45,0;45,0;248;248,0;248,0;248;248;248;248;248;248;248,0;248,0;248,0;1,0000000000000000;1,000000000000000;1,0000000000000000;1,0000000000000000;1,0000000000000000;1,0000000000000000;1,0000000000000000;1,0000000000000000;1,0000000000000000;1,0000000000000000;1,00000000000000000
2022-02-11;60+;54;54,0;54;54;54;54;54;54;54;54,0;54,0;54,0;287;287,0;287,0;287;287;287;287;287;287;287,0;287,0;287,0;1,0000000000000000;1,000000000000000;1,0000000000000000;1,0000000000000000;1,0000000000000000;1,0000000000000000;1,0000000000000000;1,0000000000000000;1,0000000000000000;1,0000000000000000;1,00000000000000000
2022-02-11;alle;99;99,0;99;99;99;99;99;99;99;99,0;99,0;99,0;535;535,0;535,0;535;535;535;535;535;535;535,0;535,0;535,0;NA;NA;NA;NA;NA;NA;NA;NA;NA;NA;NA
2022-02-10;0-60;38;38,0;38;38;38;38;38;38;38;38,0;38,0;38,0;239;239,0;239,0;239;239;239;239;239;239;239,0;239,0;239,0;1,0000000000000000;1,000000000000000;1,0000000000000000;1,0000000000000000;1,0000000000000000;1,0000000000000000;1,0000000000000000;1,0000000000000000;1,0000000000000000;1,0000000000000000;1,00000000000000000
2022-02-10;60+;50;50,0;50;50;50;50;50;50;50;50,0;50,0;50,0;291;291,0;291,0;291;291;291;291;291;291;291,0;291,0;291,0;1,0000000000000000;1,000000000000000;1,0000000000000000;1,0000000000000000;1,0000000000000000;1,0000000000000000;1,0000000000000000;1,0000000000000000;1,0000000000000000;1,0000000000000000;1,00000000000000000
2022-02-10;alle;88;88,0;88;88;88;88;88;88;88;88,0;88,0;88,0;530;530,0;530,0;530;530;530;530;530;530;530,0;530,0;530,0;NA;NA;NA;NA;NA;NA;NA;NA;NA;NA;NA
2022-02-09;0-60;44;44,0;44;44;44;44;44;44;44;44,0;44,0;44,0;242;242,0;242,0;242;242;242;242;242;242;242,0;242,0;242,0;1,0000000000000000;1,000000000000000;1,0000000000000000;1,0000000000000000;1,0000000000000000;1,0000000000000000;1,0000000000000000;1,0000000000000000;1,0000000000000000;1,0000000000000000;1,00000000000000000
2022-02-09;60+;55;55,0;55;55;55;55;55;55;55;55,0;55,0;55,0;289;289,0;289,0;289;289;289;289;289;289;289,0;289,0;289,0;1,0000000000000000;1,000000000000000;1,0000000000000000;1,0000000000000000;1,0000000000000000;1,0000000000000000;1,0000000000000000;1,0000000000000000;1,0000000000000000;1,0000000000000000;1,00000000000000000
2022-02-09;alle;99;99,0;99;99;99;99;99;99;99;99,0;99,0;99,0;531;531,0;531,0;531;531;531;531;531;531;531,0;531,0;531,0;NA;NA;NA;NA;NA;NA;NA;NA;NA;NA;NA
2022-02-08;0-60;45;45,0;45;45;45;45;45;45;45;45,0;45,0;45,0;244;244,0;244,0;244;244;244;244;244;244;244,0;244,0;244,0;1,0000000000000000;1,000000000000000;1,0000000000000000;1,0000000000000000;1,0000000000000000;1,0000000000000000;1,0000000000000000;1,0000000000000000;1,0000000000000000;1,0000000000000000;1,00000000000000000
2022-02-08;60+;51;51,0;51;51;51;51;51;51;51;51,0;51,0;51,0;289;289,0;289,0;289;289;289;289;289;289;289,0;289,0;289,0;1,0000000000000000;1,000000000000000;1,0000000000000000;1,0000000000000000;1,0000000000000000;1,0000000000000000;1,0000000000000000;1,0000000000000000;1,0000000000000000;1,0000000000000000;1,00000000000000000
2022-02-08;alle;96;96,0;96;96;96;96;96;96;96;96,0;96,0;96,0;533;533,0;533,0;533;533;533;533;533;533;533,0;533,0;533,0;NA;NA;NA;NA;NA;NA;NA;NA;NA;NA;NA
2022-02-07;0-60;12;12,0;12;12;12;12;12;12;12;12,0;12,0;12,0;226;226,0;226,0;226;226;226;226;226;226;226,0;226,0;226,0;1,0000000000000000;1,000000000000000;1,0000000000000000;1,0000000000000000;1,0000000000000000;1,0000000000000000;1,0000000000000000;1,0000000000000000;1,0000000000000000;1,0000000000000000;1,00000000000000000
2022-02-07;60+;16;16,0;16;16;16;16;16;16;16;16,0;16,0;16,0;275;275,0;275,0;275;275;275;275;275;275;275,0;275,0;275,0;1,0000000000000000;1,000000000000000;1,0000000000000000;1,0000000000000000;1,0000000000000000;1,0000000000000000;1,0000000000000000;1,0000000000000000;1,0000000000000000;1,0000000000000000;1,00000000000000000
2022-02-07;alle;28;28,0;28;28;28;28;28;28;28;28,0;28,0;28,0;501;501,0;501,0;501;501;501;501;501;501;501,0;501,0;501,0;NA;NA;NA;NA;NA;NA;NA;NA;NA;NA;NA
2022-02-06;0-60;21;21,0;21;21;21;21;21;21;21;21,0;21,0;21,0;227;227,0;227,0;227;227;227;227;227;227;227,0;227,0;227,0;1,0000000000000000;1,000000000000000;1,0000000000000000;1,0000000000000000;1,0000000000000000;1,0000000000000000;1,0000000000000000;1,0000000000000000;1,0000000000000000;1,0000000000000000;1,00000000000000000
2022-02-06;60+;11;11,0;11;11;11;11;11;11;11;11,0;11,0;11,0;271;271,0;271,0;271;271;271;271;271;271;271,0;271,0;271,0;1,0000000000000000;1,000000000000000;1,0000000000000000;1,0000000000000000;1,0000000000000000;1,0000000000000000;1,0000000000000000;1,0000000000000000;1,0000000000000000;1,0000000000000000;1,00000000000000000
2022-02-06;alle;32;32,0;32;32;32;32;32;32;32;32,0;32,0;32,0;498;498,0;498,0;498;498;498;498;498;498;498,0;498,0;498,0;NA;NA;NA;NA;NA;NA;NA;NA;NA;NA;NA
2022-02-05;0-60;43;43,0;43;43;43;43;43;43;43;43,0;43,0;43,0;234;234,0;234,0;234;234;234;234;234;234;234,0;234,0;234,0;1,0000000000000000;1,000000000000000;1,0000000000000000;1,0000000000000000;1,0000000000000000;1,0000000000000000;1,0000000000000000;1,0000000000000000;1,0000000000000000;1,0000000000000000;1,00000000000000000
2022-02-05;60+;50;50,0;50;50;50;50;50;50;50;50,0;50,0;50,0;270;270,0;270,0;270;270;270;270;270;270;270,0;270,0;270,0;1,0000000000000000;1,000000000000000;1,0000000000000000;1,0000000000000000;1,0000000000000000;1,0000000000000000;1,0000000000000000;1,0000000000000000;1,0000000000000000;1,0000000000000000;1,00000000000000000
2022-02-05;alle;93;93,0;93;93;93;93;93;93;93;93,0;93,0;93,0;504;504,0;504,0;504;504;504;504;504;504;504,0;504,0;504,0;NA;NA;NA;NA;NA;NA;NA;NA;NA;NA;NA
2022-02-04;0-60;36;36,0;36;36;36;36;36;36;36;36,0;36,0;36,0;229;229,0;229,0;229;229;229;229;229;229;229,0;229,0;229,0;1,0000000000000000;1,000000000000000;1,0000000000000000;1,0000000000000000;1,0000000000000000;1,0000000000000000;1,0000000000000000;1,0000000000000000;1,0000000000000000;1,0000000000000000;1,00000000000000000
2022-02-04;60+;58;58,0;58;58;58;58;58;58;58;58,0;58,0;58,0;253;253,0;253,0;253;253;253;253;253;253;253,0;253,0;253,0;1,0000000000000000;1,000000000000000;1,0000000000000000;1,0000000000000000;1,0000000000000000;1,0000000000000000;1,0000000000000000;1,0000000000000000;1,0000000000000000;1,0000000000000000;1,00000000000000000
2022-02-04;alle;94;94,0;94;94;94;94;94;94;94;94,0;94,0;94,0;482;482,0;482,0;482;482;482;482;482;482;482,0;482,0;482,0;NA;NA;NA;NA;NA;NA;NA;NA;NA;NA;NA
2022-02-03;0-60;41;41,0;41;41;41;41;41;41;41;41,0;41,0;41,0;227;227,0;227,0;227;227;227;227;227;227;227,0;227,0;227,0;1,0000000000000000;1,000000000000000;1,0000000000000000;1,0000000000000000;1,0000000000000000;1,0000000000000000;1,0000000000000000;1,0000000000000000;1,0000000000000000;1,0000000000000000;1,00000000000000000
2022-02-03;60+;48;48,0;48;48;48;48;48;48;48;48,0;48,0;48,0;236;236,0;236,0;236;236;236;236;236;236;236,0;236,0;236,0;1,0000000000000000;1,000000000000000;1,0000000000000000;1,0000000000000000;1,0000000000000000;1,0000000000000000;1,0000000000000000;1,0000000000000000;1,0000000000000000;1,0000000000000000;1,00000000000000000
2022-02-03;alle;89;89,0;89;89;89;89;89;89;89;89,0;89,0;89,0;463;463,0;463,0;463;463;463;463;463;463;463,0;463,0;463,0;NA;NA;NA;NA;NA;NA;NA;NA;NA;NA;NA
2022-02-02;0-60;46;46,0;46;46;46;46;46;46;46;46,0;46,0;46,0;219;219,0;219,0;219;219;219;219;219;219;219,0;219,0;219,0;1,0000000000000000;1,000000000000000;1,0000000000000000;1,0000000000000000;1,0000000000000000;1,0000000000000000;1,0000000000000000;1,0000000000000000;1,0000000000000000;1,0000000000000000;1,00000000000000000
2022-02-02;60+;55;55,0;55;55;55;55;55;55;55;55,0;55,0;55,0;218;218,0;218,0;218;218;218;218;218;218;218,0;218,0;218,0;1,0000000000000000;1,000000000000000;1,0000000000000000;1,0000000000000000;1,0000000000000000;1,0000000000000000;1,0000000000000000;1,0000000000000000;1,0000000000000000;1,0000000000000000;1,00000000000000000
2022-02-02;alle;101;101,0;101;101;101;101;101;101;101;101,0;101,0;101,0;437;437,0;437,0;437;437;437;437;437;437;437,0;437,0;437,0;NA;NA;NA;NA;NA;NA;NA;NA;NA;NA;NA
2022-02-01;0-60;27;27,0;27;27;27;27;27;27;27;27,0;27,0;27,0;222;222,0;222,0;222;222;222;222;222;222;222,0;222,0;222,0;1,0000000000000000;1,000000000000000;1,0000000000000000;1,0000000000000000;1,0000000000000000;1,0000000000000000;1,0000000000000000;1,0000000000000000;1,0000000000000000;1,0000000000000000;1,00000000000000000
2022-02-01;60+;37;37,0;37;37;37;37;37;37;37;37,0;37,0;37,0;200;200,0;200,0;200;200;200;200;200;200;200,0;200,0;200,0;1,0000000000000000;1,000000000000000;1,0000000000000000;1,0000000000000000;1,0000000000000000;1,0000000000000000;1,0000000000000000;1,0000000000000000;1,0000000000000000;1,0000000000000000;1,00000000000000000
2022-02-01;alle;64;64,0;64;64;64;64;64;64;64;64,0;64,0;64,0;422;422,0;422,0;422;422;422;422;422;422;422,0;422,0;422,0;NA;NA;NA;NA;NA;NA;NA;NA;NA;NA;NA
2022-01-31;0-60;13;13,0;13;13;13;13;13;13;13;13,0;13,0;13,0;220;220,0;220,0;220;220;220;220;220;220;220,0;220,0;220,0;1,0000000000000000;1,000000000000000;1,0000000000000000;1,0000000000000000;1,0000000000000000;1,0000000000000000;1,0000000000000000;1,0000000000000000;1,0000000000000000;1,0000000000000000;1,00000000000000000
2022-01-31;60+;12;12,0;12;12;12;12;12;12;12;12,0;12,0;12,0;192;192,0;192,0;192;192;192;192;192;192;192,0;192,0;192,0;1,0000000000000000;1,000000000000000;1,0000000000000000;1,0000000000000000;1,0000000000000000;1,0000000000000000;1,0000000000000000;1,0000000000000000;1,0000000000000000;1,0000000000000000;1,00000000000000000
2022-01-31;alle;25;25,0;25;25;25;25;25;25;25;25,0;25,0;25,0;412;412,0;412,0;412;412;412;412;412;412;412,0;412,0;412,0;NA;NA;NA;NA;NA;NA;NA;NA;NA;NA;NA
2022-01-30;0-60;28;28,0;28;28;28;28;28;28;28;28,0;28,0;28,0;222;222,0;222,0;222;222;222;222;222;222;222,0;222,0;222,0;1,0000000000000000;1,000000000000000;1,0000000000000000;1,0000000000000000;1,0000000000000000;1,0000000000000000;1,0000000000000000;1,0000000000000000;1,0000000000000000;1,0000000000000000;1,00000000000000000
2022-01-30;60+;10;10,0;10;10;10;10;10;10;10;10,0;10,0;10,0;193;193,0;193,0;193;193;193;193;193;193;193,0;193,0;193,0;1,0000000000000000;1,000000000000000;1,0000000000000000;1,0000000000000000;1,0000000000000000;1,0000000000000000;1,0000000000000000;1,0000000000000000;1,0000000000000000;1,0000000000000000;1,00000000000000000
2022-01-30;alle;38;38,0;38;38;38;38;38;38;38;38,0;38,0;38,0;415;415,0;415,0;415;415;415;415;415;415;415,0;415,0;415,0;NA;NA;NA;NA;NA;NA;NA;NA;NA;NA;NA
2022-01-29;0-60;38;38,0;38;38;38;38;38;38;38;38,0;38,0;38,0;211;211,0;211,0;211;211;211;211;211;211;211,0;211,0;211,0;1,0000000000000000;1,000000000000000;1,0000000000000000;1,0000000000000000;1,0000000000000000;1,0000000000000000;1,0000000000000000;1,0000000000000000;1,0000000000000000;1,0000000000000000;1,00000000000000000
2022-01-29;60+;33;33,0;33;33;33;33;33;33;33;33,0;33,0;33,0;199;199,0;199,0;199;199;199;199;199;199;199,0;199,0;199,0;1,0000000000000000;1,000000000000000;1,0000000000000000;1,0000000000000000;1,0000000000000000;1,0000000000000000;1,0000000000000000;1,0000000000000000;1,0000000000000000;1,0000000000000000;1,00000000000000000
2022-01-29;alle;71;71,0;71;71;71;71;71;71;71;71,0;71,0;71,0;410;410,0;410,0;410;410;410;410;410;410;410,0;410,0;410,0;NA;NA;NA;NA;NA;NA;NA;NA;NA;NA;NA
2022-01-28;0-60;34;34,0;34;34;34;34;34;34;34;34,0;34,0;34,0;208;208,0;208,0;208;208;208;208;208;208;208,0;208,0;208,0;1,0000000000000000;1,000000000000000;1,0000000000000000;1,0000000000000000;1,0000000000000000;1,0000000000000000;1,0000000000000000;1,0000000000000000;1,0000000000000000;1,0000000000000000;1,00000000000000000
2022-01-28;60+;41;41,0;41;41;41;41;41;41;41;41,0;41,0;41,0;193;193,0;193,0;193;193;193;193;193;193;193,0;193,0;193,0;1,0000000000000000;1,000000000000000;1,0000000000000000;1,0000000000000000;1,0000000000000000;1,0000000000000000;1,0000000000000000;1,0000000000000000;1,0000000000000000;1,0000000000000000;1,00000000000000000
2022-01-28;alle;75;75,0;75;75;75;75;75;75;75;75,0;75,0;75,0;401;401,0;401,0;401;401;401;401;401;401;401,0;401,0;401,0;NA;NA;NA;NA;NA;NA;NA;NA;NA;NA;NA
2022-01-27;0-60;33;33,0;33;33;33;33;33;33;33;33,0;33,0;33,0;219;219,0;219,0;219;219;219;219;219;219;219,0;219,0;219,0;1,0000000000000000;1,000000000000000;1,0000000000000000;1,0000000000000000;1,0000000000000000;1,0000000000000000;1,0000000000000000;1,0000000000000000;1,0000000000000000;1,0000000000000000;1,00000000000000000
2022-01-27;60+;30;30,0;30;30;30;30;30;30;30;30,0;30,0;30,0;175;175,0;175,0;175;175;175;175;175;175;175,0;175,0;175,0;1,0000000000000000;1,000000000000000;1,0000000000000000;1,0000000000000000;1,0000000000000000;1,0000000000000000;1,0000000000000000;1,0000000000000000;1,0000000000000000;1,0000000000000000;1,00000000000000000
2022-01-27;alle;63;63,0;63;63;63;63;63;63;63;63,0;63,0;63,0;394;394,0;394,0;394;394;394;394;394;394;394,0;394,0;394,0;NA;NA;NA;NA;NA;NA;NA;NA;NA;NA;NA
2022-01-26;0-60;49;49,0;49;49;49;49;49;49;49;49,0;49,0;49,0;218;218,0;218,0;218;218;218;218;218;218;218,0;218,0;218,0;1,0000000000000000;1,000000000000000;1,0000000000000000;1,0000000000000000;1,0000000000000000;1,0000000000000000;1,0000000000000000;1,0000000000000000;1,0000000000000000;1,0000000000000000;1,00000000000000000
2022-01-26;60+;37;37,0;37;37;37;37;37;37;37;37,0;37,0;37,0;174;174,0;174,0;174;174;174;174;174;174;174,0;174,0;174,0;1,0000000000000000;1,000000000000000;1,0000000000000000;1,0000000000000000;1,0000000000000000;1,0000000000000000;1,0000000000000000;1,0000000000000000;1,0000000000000000;1,0000000000000000;1,00000000000000000
2022-01-26;alle;86;86,0;86;86;86;86;86;86;86;86,0;86,0;86,0;392;392,0;392,0;392;392;392;392;392;392;392,0;392,0;392,0;NA;NA;NA;NA;NA;NA;NA;NA;NA;NA;NA
2022-01-25;0-60;25;25,0;25;25;25;25;25;25;25;25,0;25,0;25,0;218;218,0;218,0;218;218;218;218;218;218;218,0;218,0;218,0;1,0000000000000000;1,000000000000000;1,0000000000000000;1,0000000000000000;1,0000000000000000;1,0000000000000000;1,0000000000000000;1,0000000000000000;1,0000000000000000;1,0000000000000000;1,00000000000000000
2022-01-25;60+;29;29,0;29;29;29;29;29;29;29;29,0;29,0;29,0;178;178,0;178,0;178;178;178;178;178;178;178,0;178,0;178,0;1,0000000000000000;1,000000000000000;1,0000000000000000;1,0000000000000000;1,0000000000000000;1,0000000000000000;1,0000000000000000;1,0000000000000000;1,0000000000000000;1,0000000000000000;1,00000000000000000
2022-01-25;alle;54;54,0;54;54;54;54;54;54;54;54,0;54,0;54,0;396;396,0;396,0;396;396;396;396;396;396;396,0;396,0;396,0;NA;NA;NA;NA;NA;NA;NA;NA;NA;NA;NA
2022-01-24;0-60;15;15,0;15;15;15;15;15;15;15;15,0;15,0;15,0;228;228,0;228,0;228;228;228;228;228;228;228,0;228,0;228,0;1,0000000000000000;1,000000000000000;1,0000000000000000;1,0000000000000000;1,0000000000000000;1,0000000000000000;1,0000000000000000;1,0000000000000000;1,0000000000000000;1,0000000000000000;1,00000000000000000
2022-01-24;60+;13;13,0;13;13;13;13;13;13;13;13,0;13,0;13,0;172;172,0;172,0;172;172;172;172;172;172;172,0;172,0;172,0;1,0000000000000000;1,000000000000000;1,0000000000000000;1,0000000000000000;1,0000000000000000;1,0000000000000000;1,0000000000000000;1,0000000000000000;1,0000000000000000;1,0000000000000000;1,00000000000000000
2022-01-24;alle;28;28,0;28;28;28;28;28;28;28;28,0;28,0;28,0;400;400,0;400,0;400;400;400;400;400;400;400,0;400,0;400,0;NA;NA;NA;NA;NA;NA;NA;NA;NA;NA;NA
2022-01-23;0-60;17;17,0;17;17;17;17;17;17;17;17,0;17,0;17,0;219;219,0;219,0;219;219;219;219;219;219;219,0;219,0;219,0;1,0000000000000000;1,000000000000000;1,0000000000000000;1,0000000000000000;1,0000000000000000;1,0000000000000000;1,0000000000000000;1,0000000000000000;1,0000000000000000;1,0000000000000000;1,00000000000000000
2022-01-23;60+;16;16,0;16;16;16;16;16;16;16;16,0;16,0;16,0;165;165,0;165,0;165;165;165;165;165;165;165,0;165,0;165,0;1,0000000000000000;1,000000000000000;1,0000000000000000;1,0000000000000000;1,0000000000000000;1,0000000000000000;1,0000000000000000;1,0000000000000000;1,0000000000000000;1,0000000000000000;1,00000000000000000
2022-01-23;alle;33;33,0;33;33;33;33;33;33;33;33,0;33,0;33,0;384;384,0;384,0;384;384;384;384;384;384;384,0;384,0;384,0;NA;NA;NA;NA;NA;NA;NA;NA;NA;NA;NA
2022-01-22;0-60;35;35,0;35;35;35;35;35;35;35;35,0;35,0;35,0;211;211,0;211,0;211;211;211;211;211;211;211,0;211,0;211,0;1,0000000000000000;1,000000000000000;1,0000000000000000;1,0000000000000000;1,0000000000000000;1,0000000000000000;1,0000000000000000;1,0000000000000000;1,0000000000000000;1,0000000000000000;1,00000000000000000
2022-01-22;60+;27;27,0;27;27;27;27;27;27;27;27,0;27,0;27,0;157;157,0;157,0;157;157;157;157;157;157;157,0;157,0;157,0;1,0000000000000000;1,000000000000000;1,0000000000000000;1,0000000000000000;1,0000000000000000;1,0000000000000000;1,0000000000000000;1,0000000000000000;1,0000000000000000;1,0000000000000000;1,00000000000000000
2022-01-22;alle;62;62,0;62;62;62;62;62;62;62;62,0;62,0;62,0;368;368,0;368,0;368;368;368;368;368;368;368,0;368,0;368,0;NA;NA;NA;NA;NA;NA;NA;NA;NA;NA;NA
2022-01-21;0-60;45;45,0;45;45;45;45;45;45;45;45,0;45,0;45,0;196;196,0;196,0;196;196;196;196;196;196;196,0;196,0;196,0;1,0000000000000000;1,000000000000000;1,0000000000000000;1,0000000000000000;1,0000000000000000;1,0000000000000000;1,0000000000000000;1,0000000000000000;1,0000000000000000;1,0000000000000000;1,00000000000000000
2022-01-21;60+;23;23,0;23;23;23;23;23;23;23;23,0;23,0;23,0;149;149,0;149,0;149;149;149;149;149;149;149,0;149,0;149,0;1,0000000000000000;1,000000000000000;1,0000000000000000;1,0000000000000000;1,0000000000000000;1,0000000000000000;1,0000000000000000;1,0000000000000000;1,0000000000000000;1,0000000000000000;1,00000000000000000
2022-01-21;alle;68;68,0;68;68;68;68;68;68;68;68,0;68,0;68,0;345;345,0;345,0;345;345;345;345;345;345;345,0;345,0;345,0;NA;NA;NA;NA;NA;NA;NA;NA;NA;NA;NA
2022-01-20;0-60;32;32,0;32;32;32;32;32;32;32;32,0;32,0;32,0;179;179,0;179,0;179;179;179;179;179;179;179,0;179,0;179,0;1,0000000000000000;1,000000000000000;1,0000000000000000;1,0000000000000000;1,0000000000000000;1,0000000000000000;1,0000000000000000;1,0000000000000000;1,0000000000000000;1,0000000000000000;1,00000000000000000
2022-01-20;60+;29;29,0;29;29;29;29;29;29;29;29,0;29,0;29,0;141;141,0;141,0;141;141;141;141;141;141;141,0;141,0;141,0;1,0000000000000000;1,000000000000000;1,0000000000000000;1,0000000000000000;1,0000000000000000;1,0000000000000000;1,0000000000000000;1,0000000000000000;1,0000000000000000;1,0000000000000000;1,00000000000000000
2022-01-20;alle;61;61,0;61;61;61;61;61;61;61;61,0;61,0;61,0;320;320,0;320,0;320;320;320;320;320;320;320,0;320,0;320,0;NA;NA;NA;NA;NA;NA;NA;NA;NA;NA;NA
2022-01-19;0-60;49;49,0;49;49;49;49;49;49;49;49,0;49,0;49,0;175;175,0;175,0;175;175;175;175;175;175;175,0;175,0;175,0;1,0000000000000000;1,000000000000000;1,0000000000000000;1,0000000000000000;1,0000000000000000;1,0000000000000000;1,0000000000000000;1,0000000000000000;1,0000000000000000;1,0000000000000000;1,00000000000000000
2022-01-19;60+;41;41,0;41;41;41;41;41;41;41;41,0;41,0;41,0;124;124,0;124,0;124;124;124;124;124;124;124,0;124,0;124,0;1,0000000000000000;1,000000000000000;1,0000000000000000;1,0000000000000000;1,0000000000000000;1,0000000000000000;1,0000000000000000;1,0000000000000000;1,0000000000000000;1,0000000000000000;1,00000000000000000
2022-01-19;alle;90;90,0;90;90;90;90;90;90;90;90,0;90,0;90,0;299;299,0;299,0;299;299;299;299;299;299;299,0;299,0;299,0;NA;NA;NA;NA;NA;NA;NA;NA;NA;NA;NA
2022-01-18;0-60;35;35,0;35;35;35;35;35;35;35;35,0;35,0;35,0;143;143,0;143,0;143;143;143;143;143;143;143,0;143,0;143,0;1,0000000000000000;1,000000000000000;1,0000000000000000;1,0000000000000000;1,0000000000000000;1,0000000000000000;1,0000000000000000;1,0000000000000000;1,0000000000000000;1,0000000000000000;1,00000000000000000
2022-01-18;60+;23;23,0;23;23;23;23;23;23;23;23,0;23,0;23,0;103;103,0;103,0;103;103;103;103;103;103;103,0;103,0;103,0;1,0000000000000000;1,000000000000000;1,0000000000000000;1,0000000000000000;1,0000000000000000;1,0000000000000000;1,0000000000000000;1,0000000000000000;1,0000000000000000;1,0000000000000000;1,00000000000000000
2022-01-18;alle;58;58,0;58;58;58;58;58;58;58;58,0;58,0;58,0;246;246,0;246,0;246;246;246;246;246;246;246,0;246,0;246,0;NA;NA;NA;NA;NA;NA;NA;NA;NA;NA;NA
2022-01-17;0-60;6;6,0;6;6;6;6;6;6;6;6,0;6,0;6,0;128;128,0;128,0;128;128;128;128;128;128;128,0;128,0;128,0;1,0000000000000000;1,000000000000000;1,0000000000000000;1,0000000000000000;1,0000000000000000;1,0000000000000000;1,0000000000000000;1,0000000000000000;1,0000000000000000;1,0000000000000000;1,00000000000000000
2022-01-17;60+;6;6,0;6;6;6;6;6;6;6;6,0;6,0;6,0;99;99,0;99,0;99;99;99;99;99;99;99,0;99,0;99,0;1,0000000000000000;1,000000000000000;1,0000000000000000;1,0000000000000000;1,0000000000000000;1,0000000000000000;1,0000000000000000;1,0000000000000000;1,0000000000000000;1,0000000000000000;1,00000000000000000
2022-01-17;alle;12;12,0;12;12;12;12;12;12;12;12,0;12,0;12,0;227;227,0;227,0;227;227;227;227;227;227;227,0;227,0;227,0;NA;NA;NA;NA;NA;NA;NA;NA;NA;NA;NA
2022-01-16;0-60;9;9,0;9;9;9;9;9;9;9;9,0;9,0;9,0;126;126,0;126,0;126;126;126;126;126;126;126,0;126,0;126,0;1,0000000000000000;1,000000000000000;1,0000000000000000;1,0000000000000000;1,0000000000000000;1,0000000000000000;1,0000000000000000;1,0000000000000000;1,0000000000000000;1,0000000000000000;1,00000000000000000
2022-01-16;60+;8;8,0;8;8;8;8;8;8;8;8,0;8,0;8,0;98;98,0;98,0;98;98;98;98;98;98;98,0;98,0;98,0;1,0000000000000000;1,000000000000000;1,0000000000000000;1,0000000000000000;1,0000000000000000;1,0000000000000000;1,0000000000000000;1,0000000000000000;1,0000000000000000;1,0000000000000000;1,00000000000000000
2022-01-16;alle;17;17,0;17;17;17;17;17;17;17;17,0;17,0;17,0;224;224,0;224,0;224;224;224;224;224;224;224,0;224,0;224,0;NA;NA;NA;NA;NA;NA;NA;NA;NA;NA;NA
2022-01-15;0-60;20;20,0;20;20;20;20;20;20;20;20,0;20,0;20,0;124;124,0;124,0;124;124;124;124;124;124;124,0;124,0;124,0;1,0000000000000000;1,000000000000000;1,0000000000000000;1,0000000000000000;1,0000000000000000;1,0000000000000000;1,0000000000000000;1,0000000000000000;1,0000000000000000;1,0000000000000000;1,00000000000000000
2022-01-15;60+;19;19,0;19;19;19;19;19;19;19;19,0;19,0;19,0;95;95,0;95,0;95;95;95;95;95;95;95,0;95,0;95,0;1,0000000000000000;1,000000000000000;1,0000000000000000;1,0000000000000000;1,0000000000000000;1,0000000000000000;1,0000000000000000;1,0000000000000000;1,0000000000000000;1,0000000000000000;1,00000000000000000
2022-01-15;alle;39;39,0;39;39;39;39;39;39;39;39,0;39,0;39,0;219;219,0;219,0;219;219;219;219;219;219;219,0;219,0;219,0;NA;NA;NA;NA;NA;NA;NA;NA;NA;NA;NA
2022-01-14;0-60;28;28,0;28;28;28;28;28;28;28;28,0;28,0;28,0;126;126,0;126,0;126;126;126;126;126;126;126,0;126,0;126,0;1,0000000000000000;1,000000000000000;1,0000000000000000;1,0000000000000000;1,0000000000000000;1,0000000000000000;1,0000000000000000;1,0000000000000000;1,0000000000000000;1,0000000000000000;1,00000000000000000
2022-01-14;60+;15;15,0;15;15;15;15;15;15;15;15,0;15,0;15,0;91;91,0;91,0;91;91;91;91;91;91;91,0;91,0;91,0;1,0000000000000000;1,000000000000000;1,0000000000000000;1,0000000000000000;1,0000000000000000;1,0000000000000000;1,0000000000000000;1,0000000000000000;1,0000000000000000;1,0000000000000000;1,00000000000000000
2022-01-14;alle;43;43,0;43;43;43;43;43;43;43;43,0;43,0;43,0;217;217,0;217,0;217;217;217;217;217;217;217,0;217,0;217,0;NA;NA;NA;NA;NA;NA;NA;NA;NA;NA;NA
2022-01-13;0-60;28;28,0;28;28;28;28;28;28;28;28,0;28,0;28,0;118;118,0;118,0;118;118;118;118;118;118;118,0;118,0;118,0;1,0000000000000000;1,000000000000000;1,0000000000000000;1,0000000000000000;1,0000000000000000;1,0000000000000000;1,0000000000000000;1,0000000000000000;1,0000000000000000;1,0000000000000000;1,00000000000000000
2022-01-13;60+;12;12,0;12;12;12;12;12;12;12;12,0;12,0;12,0;89;89,0;89,0;89;89;89;89;89;89;89,0;89,0;89,0;1,0000000000000000;1,000000000000000;1,0000000000000000;1,0000000000000000;1,0000000000000000;1,0000000000000000;1,0000000000000000;1,0000000000000000;1,0000000000000000;1,0000000000000000;1,00000000000000000
2022-01-13;alle;40;40,0;40;40;40;40;40;40;40;40,0;40,0;40,0;207;207,0;207,0;207;207;207;207;207;207;207,0;207,0;207,0;NA;NA;NA;NA;NA;NA;NA;NA;NA;NA;NA
2022-01-12;0-60;17;17,0;17;17;17;17;17;17;17;17,0;17,0;17,0;115;115,0;115,0;115;115;115;115;115;115;115,0;115,0;115,0;1,0000000000000000;1,000000000000000;1,0000000000000000;1,0000000000000000;1,0000000000000000;1,0000000000000000;1,0000000000000000;1,0000000000000000;1,0000000000000000;1,0000000000000000;1,00000000000000000
2022-01-12;60+;20;20,0;20;20;20;20;20;20;20;20,0;20,0;20,0;94;94,0;94,0;94;94;94;94;94;94;94,0;94,0;94,0;1,0000000000000000;1,000000000000000;1,0000000000000000;1,0000000000000000;1,0000000000000000;1,0000000000000000;1,0000000000000000;1,0000000000000000;1,0000000000000000;1,0000000000000000;1,00000000000000000
2022-01-12;alle;37;37,0;37;37;37;37;37;37;37;37,0;37,0;37,0;209;209,0;209,0;209;209;209;209;209;209;209,0;209,0;209,0;NA;NA;NA;NA;NA;NA;NA;NA;NA;NA;NA
2022-01-11;0-60;20;20,0;20;20;20;20;20;20;20;20,0;20,0;20,0;120;120,0;120,0;120;120;120;120;120;120;120,0;120,0;120,0;1,0000000000000000;1,000000000000000;1,0000000000000000;1,0000000000000000;1,0000000000000000;1,0000000000000000;1,0000000000000000;1,0000000000000000;1,0000000000000000;1,0000000000000000;1,00000000000000000
2022-01-11;60+;19;19,0;19;19;19;19;19;19;19;19,0;19,0;19,0;97;97,0;97,0;97;97;97;97;97;97;97,0;97,0;97,0;1,0000000000000000;1,000000000000000;1,0000000000000000;1,0000000000000000;1,0000000000000000;1,0000000000000000;1,0000000000000000;1,0000000000000000;1,0000000000000000;1,0000000000000000;1,00000000000000000
2022-01-11;alle;39;39,0;39;39;39;39;39;39;39;39,0;39,0;39,0;217;217,0;217,0;217;217;217;217;217;217;217,0;217,0;217,0;NA;NA;NA;NA;NA;NA;NA;NA;NA;NA;NA
2022-01-10;0-60;4;4,0;4;4;4;4;4;4;4;4,0;4,0;4,0;114;114,0;114,0;114;114;114;114;114;114;114,0;114,0;114,0;1,0000000000000000;1,000000000000000;1,0000000000000000;1,0000000000000000;1,0000000000000000;1,0000000000000000;1,0000000000000000;1,0000000000000000;1,0000000000000000;1,0000000000000000;1,00000000000000000
2022-01-10;60+;5;5,0;5;5;5;5;5;5;5;5,0;5,0;5,0;103;103,0;103,0;103;103;103;103;103;103;103,0;103,0;103,0;1,0000000000000000;1,000000000000000;1,0000000000000000;1,0000000000000000;1,0000000000000000;1,0000000000000000;1,0000000000000000;1,0000000000000000;1,0000000000000000;1,0000000000000000;1,00000000000000000
2022-01-10;alle;9;9,0;9;9;9;9;9;9;9;9,0;9,0;9,0;217;217,0;217,0;217;217;217;217;217;217;217,0;217,0;217,0;NA;NA;NA;NA;NA;NA;NA;NA;NA;NA;NA
2022-01-09;0-60;7;7,0;7;7;7;7;7;7;7;7,0;7,0;7,0;116;116,0;116,0;116;116;116;116;116;116;116,0;116,0;116,0;1,0000000000000000;1,000000000000000;1,0000000000000000;1,0000000000000000;1,0000000000000000;1,0000000000000000;1,0000000000000000;1,0000000000000000;1,0000000000000000;1,0000000000000000;1,00000000000000000
2022-01-09;60+;5;5,0;5;5;5;5;5;5;5;5,0;5,0;5,0;106;106,0;106,0;106;106;106;106;106;106;106,0;106,0;106,0;1,0000000000000000;1,000000000000000;1,0000000000000000;1,0000000000000000;1,0000000000000000;1,0000000000000000;1,0000000000000000;1,0000000000000000;1,0000000000000000;1,0000000000000000;1,00000000000000000
2022-01-09;alle;12;12,0;12;12;12;12;12;12;12;12,0;12,0;12,0;222;222,0;222,0;222;222;222;222;222;222;222,0;222,0;222,0;NA;NA;NA;NA;NA;NA;NA;NA;NA;NA;NA
2022-01-08;0-60;22;22,0;22;22;22;22;22;22;22;22,0;22,0;22,0;111;111,0;111,0;111;111;111;111;111;111;111,0;111,0;111,0;1,0000000000000000;1,000000000000000;1,0000000000000000;1,0000000000000000;1,0000000000000000;1,0000000000000000;1,0000000000000000;1,0000000000000000;1,0000000000000000;1,0000000000000000;1,00000000000000000
2022-01-08;60+;15;15,0;15;15;15;15;15;15;15;15,0;15,0;15,0;103;103,0;103,0;103;103;103;103;103;103;103,0;103,0;103,0;1,0000000000000000;1,000000000000000;1,0000000000000000;1,0000000000000000;1,0000000000000000;1,0000000000000000;1,0000000000000000;1,0000000000000000;1,0000000000000000;1,0000000000000000;1,00000000000000000
2022-01-08;alle;37;37,0;37;37;37;37;37;37;37;37,0;37,0;37,0;214;214,0;214,0;214;214;214;214;214;214;214,0;214,0;214,0;NA;NA;NA;NA;NA;NA;NA;NA;NA;NA;NA
2022-01-07;0-60;20;20,0;20;20;20;20;20;20;20;20,0;20,0;20,0;92;92,0;92,0;92;92;92;92;92;92;92,0;92,0;92,0;1,0000000000000000;1,000000000000000;1,0000000000000000;1,0000000000000000;1,0000000000000000;1,0000000000000000;1,0000000000000000;1,0000000000000000;1,0000000000000000;1,0000000000000000;1,00000000000000000
2022-01-07;60+;13;13,0;13;13;13;13;13;13;13;13,0;13,0;13,0;103;103,0;103,0;103;103;103;103;103;103;103,0;103,0;103,0;1,0000000000000000;1,000000000000000;1,0000000000000000;1,0000000000000000;1,0000000000000000;1,0000000000000000;1,0000000000000000;1,0000000000000000;1,0000000000000000;1,0000000000000000;1,00000000000000000
2022-01-07;alle;33;33,0;33;33;33;33;33;33;33;33,0;33,0;33,0;195;195,0;195,0;195;195;195;195;195;195;195,0;195,0;195,0;NA;NA;NA;NA;NA;NA;NA;NA;NA;NA;NA
2022-01-06;0-60;25;25,0;25;25;25;25;25;25;25;25,0;25,0;25,0;93;93,0;93,0;93;93;93;93;93;93;93,0;93,0;93,0;1,0000000000000000;1,000000000000000;1,0000000000000000;1,0000000000000000;1,0000000000000000;1,0000000000000000;1,0000000000000000;1,0000000000000000;1,0000000000000000;1,0000000000000000;1,00000000000000000
2022-01-06;60+;17;17,0;17;17;17;17;17;17;17;17,0;17,0;17,0;109;109,0;109,0;109;109;109;109;109;109;109,0;109,0;109,0;1,0000000000000000;1,000000000000000;1,0000000000000000;1,0000000000000000;1,0000000000000000;1,0000000000000000;1,0000000000000000;1,0000000000000000;1,0000000000000000;1,0000000000000000;1,00000000000000000
2022-01-06;alle;42;42,0;42;42;42;42;42;42;42;42,0;42,0;42,0;202;202,0;202,0;202;202;202;202;202;202;202,0;202,0;202,0;NA;NA;NA;NA;NA;NA;NA;NA;NA;NA;NA
2022-01-05;0-60;22;22,0;22;22;22;22;22;22;22;22,0;22,0;22,0;78;78,0;78,0;78;78;78;78;78;78;78,0;78,0;78,0;1,0000000000000000;1,000000000000000;1,0000000000000000;1,0000000000000000;1,0000000000000000;1,0000000000000000;1,0000000000000000;1,0000000000000000;1,0000000000000000;1,0000000000000000;1,00000000000000000
2022-01-05;60+;23;23,0;23;23;23;23;23;23;23;23,0;23,0;23,0;123;123,0;123,0;123;123;123;123;123;123;123,0;123,0;123,0;1,0000000000000000;1,000000000000000;1,0000000000000000;1,0000000000000000;1,0000000000000000;1,0000000000000000;1,0000000000000000;1,0000000000000000;1,0000000000000000;1,0000000000000000;1,00000000000000000
2022-01-05;alle;45;45,0;45;45;45;45;45;45;45;45,0;45,0;45,0;201;201,0;201,0;201;201;201;201;201;201;201,0;201,0;201,0;NA;NA;NA;NA;NA;NA;NA;NA;NA;NA;NA
2022-01-04;0-60;14;14,0;14;14;14;14;14;14;14;14,0;14,0;14,0;82;82,0;82,0;82;82;82;82;82;82;82,0;82,0;82,0;1,0000000000000000;1,000000000000000;1,0000000000000000;1,0000000000000000;1,0000000000000000;1,0000000000000000;1,0000000000000000;1,0000000000000000;1,0000000000000000;1,0000000000000000;1,00000000000000000
2022-01-04;60+;25;25,0;25;25;25;25;25;25;25;25,0;25,0;25,0;130;130,0;130,0;130;130;130;130;130;130;130,0;130,0;130,0;1,0000000000000000;1,000000000000000;1,0000000000000000;1,0000000000000000;1,0000000000000000;1,0000000000000000;1,0000000000000000;1,0000000000000000;1,0000000000000000;1,0000000000000000;1,00000000000000000
2022-01-04;alle;39;39,0;39;39;39;39;39;39;39;39,0;39,0;39,0;212;212,0;212,0;212;212;212;212;212;212;212,0;212,0;212,0;NA;NA;NA;NA;NA;NA;NA;NA;NA;NA;NA
2022-01-03;0-60;6;6,0;6;6;6;6;6;6;6;6,0;6,0;6,0;86;86,0;86,0;86;86;86;86;86;86;86,0;86,0;86,0;1,0000000000000000;1,000000000000000;1,0000000000000000;1,0000000000000000;1,0000000000000000;1,0000000000000000;1,0000000000000000;1,0000000000000000;1,0000000000000000;1,0000000000000000;1,00000000000000000
2022-01-03;60+;8;8,0;8;8;8;8;8;8;8;8,0;8,0;8,0;129;129,0;129,0;129;129;129;129;129;129;129,0;129,0;129,0;1,0000000000000000;1,000000000000000;1,0000000000000000;1,0000000000000000;1,0000000000000000;1,0000000000000000;1,0000000000000000;1,0000000000000000;1,0000000000000000;1,0000000000000000;1,00000000000000000
2022-01-03;alle;14;14,0;14;14;14;14;14;14;14;14,0;14,0;14,0;215;215,0;215,0;215;215;215;215;215;215;215,0;215,0;215,0;NA;NA;NA;NA;NA;NA;NA;NA;NA;NA;NA
2022-01-02;0-60;2;2,0;2;2;2;2;2;2;2;2,0;2,0;2,0;82;82,0;82,0;82;82;82;82;82;82;82,0;82,0;82,0;1,0000000000000000;1,000000000000000;1,0000000000000000;1,0000000000000000;1,0000000000000000;1,0000000000000000;1,0000000000000000;1,0000000000000000;1,0000000000000000;1,0000000000000000;1,00000000000000000
2022-01-02;60+;2;2,0;2;2;2;2;2;2;2;2,0;2,0;2,0;126;126,0;126,0;126;126;126;126;126;126;126,0;126,0;126,0;1,0000000000000000;1,000000000000000;1,0000000000000000;1,0000000000000000;1,0000000000000000;1,0000000000000000;1,0000000000000000;1,0000000000000000;1,0000000000000000;1,0000000000000000;1,00000000000000000
2022-01-02;alle;4;4,0;4;4;4;4;4;4;4;4,0;4,0;4,0;208;208,0;208,0;208;208;208;208;208;208;208,0;208,0;208,0;NA;NA;NA;NA;NA;NA;NA;NA;NA;NA;NA
2022-01-01;0-60;3;3,0;3;3;3;3;3;3;3;3,0;3,0;3,0;83;83,0;83,0;83;83;83;83;83;83;83,0;83,0;83,0;1,0000000000000000;1,000000000000000;1,0000000000000000;1,0000000000000000;1,0000000000000000;1,0000000000000000;1,0000000000000000;1,0000000000000000;1,0000000000000000;1,0000000000000000;1,00000000000000000
2022-01-01;60+;15;15,0;15;15;15;15;15;15;15;15,0;15,0;15,0;126;126,0;126,0;126;126;126;126;126;126;126,0;126,0;126,0;1,0000000000000000;1,000000000000000;1,0000000000000000;1,0000000000000000;1,0000000000000000;1,0000000000000000;1,0000000000000000;1,0000000000000000;1,0000000000000000;1,0000000000000000;1,00000000000000000
2022-01-01;alle;18;18,0;18;18;18;18;18;18;18;18,0;18,0;18,0;209;209,0;209,0;209;209;209;209;209;209;209,0;209,0;209,0;NA;NA;NA;NA;NA;NA;NA;NA;NA;NA;NA
2021-12-31;0-60;21;21,0;21;21;21;21;21;21;21;21,0;21,0;21,0;90;90,0;90,0;90;90;90;90;90;90;90,0;90,0;90,0;1,0000000000000000;1,000000000000000;1,0000000000000000;1,0000000000000000;1,0000000000000000;1,0000000000000000;1,0000000000000000;1,0000000000000000;1,0000000000000000;1,0000000000000000;1,00000000000000000
2021-12-31;60+;19;19,0;19;19;19;19;19;19;19;19,0;19,0;19,0;115;115,0;115,0;115;115;115;115;115;115;115,0;115,0;115,0;1,0000000000000000;1,000000000000000;1,0000000000000000;1,0000000000000000;1,0000000000000000;1,0000000000000000;1,0000000000000000;1,0000000000000000;1,0000000000000000;1,0000000000000000;1,00000000000000000
2021-12-31;alle;40;40,0;40;40;40;40;40;40;40;40,0;40,0;40,0;205;205,0;205,0;205;205;205;205;205;205;205,0;205,0;205,0;NA;NA;NA;NA;NA;NA;NA;NA;NA;NA;NA
2021-12-30;0-60;10;10,0;10;10;10;10;10;10;10;10,0;10,0;10,0;86;86,0;86,0;86;86;86;86;86;86;86,0;86,0;86,0;1,0000000000000000;1,000000000000000;1,0000000000000000;1,0000000000000000;1,0000000000000000;1,0000000000000000;1,0000000000000000;1,0000000000000000;1,0000000000000000;1,0000000000000000;1,00000000000000000
2021-12-30;60+;31;31,0;31;31;31;31;31;31;31;31,0;31,0;31,0;124;124,0;124,0;124;124;124;124;124;124;124,0;124,0;124,0;1,0000000000000000;1,000000000000000;1,0000000000000000;1,0000000000000000;1,0000000000000000;1,0000000000000000;1,0000000000000000;1,0000000000000000;1,0000000000000000;1,0000000000000000;1,00000000000000000
2021-12-30;alle;41;41,0;41;41;41;41;41;41;41;41,0;41,0;41,0;210;210,0;210,0;210;210;210;210;210;210;210,0;210,0;210,0;NA;NA;NA;NA;NA;NA;NA;NA;NA;NA;NA
2021-12-29;0-60;26;26,0;26;26;26;26;26;26;26;26,0;26,0;26,0;90;90,0;90,0;90;90;90;90;90;90;90,0;90,0;90,0;1,0000000000000000;1,000000000000000;1,0000000000000000;1,0000000000000000;1,0000000000000000;1,0000000000000000;1,0000000000000000;1,0000000000000000;1,0000000000000000;1,0000000000000000;1,00000000000000000
2021-12-29;60+;30;30,0;30;30;30;30;30;30;30;30,0;30,0;30,0;116;116,0;116,0;116;116;116;116;116;116;116,0;116,0;116,0;1,0000000000000000;1,000000000000000;1,0000000000000000;1,0000000000000000;1,0000000000000000;1,0000000000000000;1,0000000000000000;1,0000000000000000;1,0000000000000000;1,0000000000000000;1,00000000000000000
2021-12-29;alle;56;56,0;56;56;56;56;56;56;56;56,0;56,0;56,0;206;206,0;206,0;206;206;206;206;206;206;206,0;206,0;206,0;NA;NA;NA;NA;NA;NA;NA;NA;NA;NA;NA
2021-12-28;0-60;18;18,0;18;18;18;18;18;18;18;18,0;18,0;18,0;83;83,0;83,0;83;83;83;83;83;83;83,0;83,0;83,0;1,0000000000000000;1,000000000000000;1,0000000000000000;1,0000000000000000;1,0000000000000000;1,0000000000000000;1,0000000000000000;1,0000000000000000;1,0000000000000000;1,0000000000000000;1,00000000000000000
2021-12-28;60+;24;24,0;24;24;24;24;24;24;24;24,0;24,0;24,0;125;125,0;125,0;125;125;125;125;125;125;125,0;125,0;125,0;1,0000000000000000;1,000000000000000;1,0000000000000000;1,0000000000000000;1,0000000000000000;1,0000000000000000;1,0000000000000000;1,0000000000000000;1,0000000000000000;1,0000000000000000;1,00000000000000000
2021-12-28;alle;42;42,0;42;42;42;42;42;42;42;42,0;42,0;42,0;208;208,0;208,0;208;208;208;208;208;208;208,0;208,0;208,0;NA;NA;NA;NA;NA;NA;NA;NA;NA;NA;NA
2021-12-27;0-60;2;2,0;2;2;2;2;2;2;2;2,0;2,0;2,0;94;94,0;94,0;94;94;94;94;94;94;94,0;94,0;94,0;1,0000000000000000;1,000000000000000;1,0000000000000000;1,0000000000000000;1,0000000000000000;1,0000000000000000;1,0000000000000000;1,0000000000000000;1,0000000000000000;1,0000000000000000;1,00000000000000000
2021-12-27;60+;5;5,0;5;5;5;5;5;5;5;5,0;5,0;5,0;126;126,0;126,0;126;126;126;126;126;126;126,0;126,0;126,0;1,0000000000000000;1,000000000000000;1,0000000000000000;1,0000000000000000;1,0000000000000000;1,0000000000000000;1,0000000000000000;1,0000000000000000;1,0000000000000000;1,0000000000000000;1,00000000000000000
2021-12-27;alle;7;7,0;7;7;7;7;7;7;7;7,0;7,0;7,0;220;220,0;220,0;220;220;220;220;220;220;220,0;220,0;220,0;NA;NA;NA;NA;NA;NA;NA;NA;NA;NA;NA
2021-12-26;0-60;3;3,0;3;3;3;3;3;3;3;3,0;3,0;3,0;95;95,0;95,0;95;95;95;95;95;95;95,0;95,0;95,0;1,0000000000000000;1,000000000000000;1,0000000000000000;1,0000000000000000;1,0000000000000000;1,0000000000000000;1,0000000000000000;1,0000000000000000;1,0000000000000000;1,0000000000000000;1,00000000000000000
2021-12-26;60+;2;2,0;2;2;2;2;2;2;2;2,0;2,0;2,0;130;130,0;130,0;130;130;130;130;130;130;130,0;130,0;130,0;1,0000000000000000;1,000000000000000;1,0000000000000000;1,0000000000000000;1,0000000000000000;1,0000000000000000;1,0000000000000000;1,0000000000000000;1,0000000000000000;1,0000000000000000;1,00000000000000000
2021-12-26;alle;5;5,0;5;5;5;5;5;5;5;5,0;5,0;5,0;225;225,0;225,0;225;225;225;225;225;225;225,0;225,0;225,0;NA;NA;NA;NA;NA;NA;NA;NA;NA;NA;NA
2021-12-25;0-60;10;10,0;10;10;10;10;10;10;10;10,0;10,0;10,0;102;102,0;102,0;102;102;102;102;102;102;102,0;102,0;102,0;1,0000000000000000;1,000000000000000;1,0000000000000000;1,0000000000000000;1,0000000000000000;1,0000000000000000;1,0000000000000000;1,0000000000000000;1,0000000000000000;1,0000000000000000;1,00000000000000000
2021-12-25;60+;4;4,0;4;4;4;4;4;4;4;4,0;4,0;4,0;142;142,0;142,0;142;142;142;142;142;142;142,0;142,0;142,0;1,0000000000000000;1,000000000000000;1,0000000000000000;1,0000000000000000;1,0000000000000000;1,0000000000000000;1,0000000000000000;1,0000000000000000;1,0000000000000000;1,0000000000000000;1,00000000000000000
2021-12-25;alle;14;14,0;14;14;14;14;14;14;14;14,0;14,0;14,0;244;244,0;244,0;244;244;244;244;244;244;244,0;244,0;244,0;NA;NA;NA;NA;NA;NA;NA;NA;NA;NA;NA
2021-12-24;0-60;17;17,0;17;17;17;17;17;17;17;17,0;17,0;17,0;113;113,0;113,0;113;113;113;113;113;113;113,0;113,0;113,0;1,0000000000000000;1,000000000000000;1,0000000000000000;1,0000000000000000;1,0000000000000000;1,0000000000000000;1,0000000000000000;1,0000000000000000;1,0000000000000000;1,0000000000000000;1,00000000000000000
2021-12-24;60+;28;28,0;28;28;28;28;28;28;28;28,0;28,0;28,0;169;169,0;169,0;169;169;169;169;169;169;169,0;169,0;169,0;1,0000000000000000;1,000000000000000;1,0000000000000000;1,0000000000000000;1,0000000000000000;1,0000000000000000;1,0000000000000000;1,0000000000000000;1,0000000000000000;1,0000000000000000;1,00000000000000000
2021-12-24;alle;45;45,0;45;45;45;45;45;45;45;45,0;45,0;45,0;282;282,0;282,0;282;282;282;282;282;282;282,0;282,0;282,0;NA;NA;NA;NA;NA;NA;NA;NA;NA;NA;NA
2021-12-23;0-60;14;14,0;14;14;14;14;14;14;14;14,0;14,0;14,0;117;117,0;117,0;117;117;117;117;117;117;117,0;117,0;117,0;1,0000000000000000;1,000000000000000;1,0000000000000000;1,0000000000000000;1,0000000000000000;1,0000000000000000;1,0000000000000000;1,0000000000000000;1,0000000000000000;1,0000000000000000;1,00000000000000000
2021-12-23;60+;23;23,0;23;23;23;23;23;23;23;23,0;23,0;23,0;174;174,0;174,0;174;174;174;174;174;174;174,0;174,0;174,0;1,0000000000000000;1,000000000000000;1,0000000000000000;1,0000000000000000;1,0000000000000000;1,0000000000000000;1,0000000000000000;1,0000000000000000;1,0000000000000000;1,0000000000000000;1,00000000000000000
2021-12-23;alle;37;37,0;37;37;37;37;37;37;37;37,0;37,0;37,0;291;291,0;291,0;291;291;291;291;291;291;291,0;291,0;291,0;NA;NA;NA;NA;NA;NA;NA;NA;NA;NA;NA
2021-12-22;0-60;19;19,0;19;19;19;19;19;19;19;19,0;19,0;19,0;128;128,0;128,0;128;128;128;128;128;128;128,0;128,0;128,0;1,0000000000000000;1,000000000000000;1,0000000000000000;1,0000000000000000;1,0000000000000000;1,0000000000000000;1,0000000000000000;1,0000000000000000;1,0000000000000000;1,0000000000000000;1,00000000000000000
2021-12-22;60+;39;39,0;39;39;39;39;39;39;39;39,0;39,0;39,0;185;185,0;185,0;185;185;185;185;185;185;185,0;185,0;185,0;1,0000000000000000;1,000000000000000;1,0000000000000000;1,0000000000000000;1,0000000000000000;1,0000000000000000;1,0000000000000000;1,0000000000000000;1,0000000000000000;1,0000000000000000;1,00000000000000000
2021-12-22;alle;58;58,0;58;58;58;58;58;58;58;58,0;58,0;58,0;313;313,0;313,0;313;313;313;313;313;313;313,0;313,0;313,0;NA;NA;NA;NA;NA;NA;NA;NA;NA;NA;NA
2021-12-21;0-60;29;29,0;29;29;29;29;29;29;29;29,0;29,0;29,0;142;142,0;142,0;142;142;142;142;142;142;142,0;142,0;142,0;1,0000000000000000;1,000000000000000;1,0000000000000000;1,0000000000000000;1,0000000000000000;1,0000000000000000;1,0000000000000000;1,0000000000000000;1,0000000000000000;1,0000000000000000;1,00000000000000000
2021-12-21;60+;25;25,0;25;25;25;25;25;25;25;25,0;25,0;25,0;221;221,0;221,0;221;221;221;221;221;221;221,0;221,0;221,0;1,0000000000000000;1,000000000000000;1,0000000000000000;1,0000000000000000;1,0000000000000000;1,0000000000000000;1,0000000000000000;1,0000000000000000;1,0000000000000000;1,0000000000000000;1,00000000000000000
2021-12-21;alle;54;54,0;54;54;54;54;54;54;54;54,0;54,0;54,0;363;363,0;363,0;363;363;363;363;363;363;363,0;363,0;363,0;NA;NA;NA;NA;NA;NA;NA;NA;NA;NA;NA
2021-12-20;0-60;3;3,0;3;3;3;3;3;3;3;3,0;3,0;3,0;133;133,0;133,0;133;133;133;133;133;133;133,0;133,0;133,0;1,0000000000000000;1,000000000000000;1,0000000000000000;1,0000000000000000;1,0000000000000000;1,0000000000000000;1,0000000000000000;1,0000000000000000;1,0000000000000000;1,0000000000000000;1,00000000000000000
2021-12-20;60+;9;9,0;9;9;9;9;9;9;9;9,0;9,0;9,0;237;237,0;237,0;237;237;237;237;237;237;237,0;237,0;237,0;1,0000000000000000;1,000000000000000;1,0000000000000000;1,0000000000000000;1,0000000000000000;1,0000000000000000;1,0000000000000000;1,0000000000000000;1,0000000000000000;1,0000000000000000;1,00000000000000000
2021-12-20;alle;12;12,0;12;12;12;12;12;12;12;12,0;12,0;12,0;370;370,0;370,0;370;370;370;370;370;370;370,0;370,0;370,0;NA;NA;NA;NA;NA;NA;NA;NA;NA;NA;NA
2021-12-19;0-60;10;10,0;10;10;10;10;10;10;10;10,0;10,0;10,0;136;136,0;136,0;136;136;136;136;136;136;136,0;136,0;136,0;1,0000000000000000;1,000000000000000;1,0000000000000000;1,0000000000000000;1,0000000000000000;1,0000000000000000;1,0000000000000000;1,0000000000000000;1,0000000000000000;1,0000000000000000;1,00000000000000000
2021-12-19;60+;14;14,0;14;14;14;14;14;14;14;14,0;14,0;14,0;239;239,0;239,0;239;239;239;239;239;239;239,0;239,0;239,0;1,0000000000000000;1,000000000000000;1,0000000000000000;1,0000000000000000;1,0000000000000000;1,0000000000000000;1,0000000000000000;1,0000000000000000;1,0000000000000000;1,0000000000000000;1,00000000000000000
2021-12-19;alle;24;24,0;24;24;24;24;24;24;24;24,0;24,0;24,0;375;375,0;375,0;375;375;375;375;375;375;375,0;375,0;375,0;NA;NA;NA;NA;NA;NA;NA;NA;NA;NA;NA
2021-12-18;0-60;21;21,0;21;21;21;21;21;21;21;21,0;21,0;21,0;144;144,0;144,0;144;144;144;144;144;144;144,0;144,0;144,0;1,0000000000000000;1,000000000000000;1,0000000000000000;1,0000000000000000;1,0000000000000000;1,0000000000000000;1,0000000000000000;1,0000000000000000;1,0000000000000000;1,0000000000000000;1,00000000000000000
2021-12-18;60+;31;31,0;31;31;31;31;31;31;31;31,0;31,0;31,0;248;248,0;248,0;248;248;248;248;248;248;248,0;248,0;248,0;1,0000000000000000;1,000000000000000;1,0000000000000000;1,0000000000000000;1,0000000000000000;1,0000000000000000;1,0000000000000000;1,0000000000000000;1,0000000000000000;1,0000000000000000;1,00000000000000000
2021-12-18;alle;52;52,0;52;52;52;52;52;52;52;52,0;52,0;52,0;392;392,0;392,0;392;392;392;392;392;392;392,0;392,0;392,0;NA;NA;NA;NA;NA;NA;NA;NA;NA;NA;NA
2021-12-17;0-60;21;21,0;21;21;21;21;21;21;21;21,0;21,0;21,0;148;148,0;148,0;148;148;148;148;148;148;148,0;148,0;148,0;1,0000000000000000;1,000000000000000;1,0000000000000000;1,0000000000000000;1,0000000000000000;1,0000000000000000;1,0000000000000000;1,0000000000000000;1,0000000000000000;1,0000000000000000;1,00000000000000000
2021-12-17;60+;33;33,0;33;33;33;33;33;33;33;33,0;33,0;33,0;251;251,0;251,0;251;251;251;251;251;251;251,0;251,0;251,0;1,0000000000000000;1,000000000000000;1,0000000000000000;1,0000000000000000;1,0000000000000000;1,0000000000000000;1,0000000000000000;1,0000000000000000;1,0000000000000000;1,0000000000000000;1,00000000000000000
2021-12-17;alle;54;54,0;54;54;54;54;54;54;54;54,0;54,0;54,0;399;399,0;399,0;399;399;399;399;399;399;399,0;399,0;399,0;NA;NA;NA;NA;NA;NA;NA;NA;NA;NA;NA
2021-12-16;0-60;25;25,0;25;25;25;25;25;25;25;25,0;25,0;25,0;155;155,0;155,0;155;155;155;155;155;155;155,0;155,0;155,0;1,0000000000000000;1,000000000000000;1,0000000000000000;1,0000000000000000;1,0000000000000000;1,0000000000000000;1,0000000000000000;1,0000000000000000;1,0000000000000000;1,0000000000000000;1,00000000000000000
2021-12-16;60+;34;34,0;34;34;34;34;34;34;34;34,0;34,0;34,0;265;265,0;265,0;265;265;265;265;265;265;265,0;265,0;265,0;1,0000000000000000;1,000000000000000;1,0000000000000000;1,0000000000000000;1,0000000000000000;1,0000000000000000;1,0000000000000000;1,0000000000000000;1,0000000000000000;1,0000000000000000;1,00000000000000000
2021-12-16;alle;59;59,0;59;59;59;59;59;59;59;59,0;59,0;59,0;420;420,0;420,0;420;420;420;420;420;420;420,0;420,0;420,0;NA;NA;NA;NA;NA;NA;NA;NA;NA;NA;NA
2021-12-15;0-60;33;33,0;33;33;33;33;33;33;33;33,0;33,0;33,0;153;153,0;153,0;153;153;153;153;153;153;153,0;153,0;153,0;1,0000000000000000;1,000000000000000;1,0000000000000000;1,0000000000000000;1,0000000000000000;1,0000000000000000;1,0000000000000000;1,0000000000000000;1,0000000000000000;1,0000000000000000;1,00000000000000000
2021-12-15;60+;75;75,0;75;75;75;75;75;75;75;75,0;75,0;75,0;279;279,0;279,0;279;279;279;279;279;279;279,0;279,0;279,0;1,0000000000000000;1,000000000000000;1,0000000000000000;1,0000000000000000;1,0000000000000000;1,0000000000000000;1,0000000000000000;1,0000000000000000;1,0000000000000000;1,0000000000000000;1,00000000000000000
2021-12-15;alle;108;108,0;108;108;108;108;108;108;108;108,0;108,0;108,0;432;432,0;432,0;432;432;432;432;432;432;432,0;432,0;432,0;NA;NA;NA;NA;NA;NA;NA;NA;NA;NA;NA
2021-12-14;0-60;20;20,0;20;20;20;20;20;20;20;20,0;20,0;20,0;145;145,0;145,0;145;145;145;145;145;145;145,0;145,0;145,0;1,0000000000000000;1,000000000000000;1,0000000000000000;1,0000000000000000;1,0000000000000000;1,0000000000000000;1,0000000000000000;1,0000000000000000;1,0000000000000000;1,0000000000000000;1,00000000000000000
2021-12-14;60+;41;41,0;41;41;41;41;41;41;41;41,0;41,0;41,0;254;254,0;254,0;254;254;254;254;254;254;254,0;254,0;254,0;1,0000000000000000;1,000000000000000;1,0000000000000000;1,0000000000000000;1,0000000000000000;1,0000000000000000;1,0000000000000000;1,0000000000000000;1,0000000000000000;1,0000000000000000;1,00000000000000000
2021-12-14;alle;61;61,0;61;61;61;61;61;61;61;61,0;61,0;61,0;399;399,0;399,0;399;399;399;399;399;399;399,0;399,0;399,0;NA;NA;NA;NA;NA;NA;NA;NA;NA;NA;NA
2021-12-13;0-60;6;6,0;6;6;6;6;6;6;6;6,0;6,0;6,0;146;146,0;146,0;146;146;146;146;146;146;146,0;146,0;146,0;1,0000000000000000;1,000000000000000;1,0000000000000000;1,0000000000000000;1,0000000000000000;1,0000000000000000;1,0000000000000000;1,0000000000000000;1,0000000000000000;1,0000000000000000;1,00000000000000000
2021-12-13;60+;11;11,0;11;11;11;11;11;11;11;11,0;11,0;11,0;258;258,0;258,0;258;258;258;258;258;258;258,0;258,0;258,0;1,0000000000000000;1,000000000000000;1,0000000000000000;1,0000000000000000;1,0000000000000000;1,0000000000000000;1,0000000000000000;1,0000000000000000;1,0000000000000000;1,0000000000000000;1,00000000000000000
2021-12-13;alle;17;17,0;17;17;17;17;17;17;17;17,0;17,0;17,0;404;404,0;404,0;404;404;404;404;404;404;404,0;404,0;404,0;NA;NA;NA;NA;NA;NA;NA;NA;NA;NA;NA
2021-12-12;0-60;18;18,0;18;18;18;18;18;18;18;18,0;18,0;18,0;144;144,0;144,0;144;144;144;144;144;144;144,0;144,0;144,0;1,0000000000000000;1,000000000000000;1,0000000000000000;1,0000000000000000;1,0000000000000000;1,0000000000000000;1,0000000000000000;1,0000000000000000;1,0000000000000000;1,0000000000000000;1,00000000000000000
2021-12-12;60+;23;23,0;23;23;23;23;23;23;23;23,0;23,0;23,0;258;258,0;258,0;258;258;258;258;258;258;258,0;258,0;258,0;1,0000000000000000;1,000000000000000;1,0000000000000000;1,0000000000000000;1,0000000000000000;1,0000000000000000;1,0000000000000000;1,0000000000000000;1,0000000000000000;1,0000000000000000;1,00000000000000000
2021-12-12;alle;41;41,0;41;41;41;41;41;41;41;41,0;41,0;41,0;402;402,0;402,0;402;402;402;402;402;402;402,0;402,0;402,0;NA;NA;NA;NA;NA;NA;NA;NA;NA;NA;NA
2021-12-11;0-60;25;25,0;25;25;25;25;25;25;25;25,0;25,0;25,0;136;136,0;136,0;136;136;136;136;136;136;136,0;136,0;136,0;1,0000000000000000;1,000000000000000;1,0000000000000000;1,0000000000000000;1,0000000000000000;1,0000000000000000;1,0000000000000000;1,0000000000000000;1,0000000000000000;1,0000000000000000;1,00000000000000000
2021-12-11;60+;34;34,0;34;34;34;34;34;34;34;34,0;34,0;34,0;253;253,0;253,0;253;253;253;253;253;253;253,0;253,0;253,0;1,0000000000000000;1,000000000000000;1,0000000000000000;1,0000000000000000;1,0000000000000000;1,0000000000000000;1,0000000000000000;1,0000000000000000;1,0000000000000000;1,0000000000000000;1,00000000000000000
2021-12-11;alle;59;59,0;59;59;59;59;59;59;59;59,0;59,0;59,0;389;389,0;389,0;389;389;389;389;389;389;389,0;389,0;389,0;NA;NA;NA;NA;NA;NA;NA;NA;NA;NA;NA
2021-12-10;0-60;28;28,0;28;28;28;28;28;28;28;28,0;28,0;28,0;142;142,0;142,0;142;142;142;142;142;142;142,0;142,0;142,0;1,0000000000000000;1,000000000000000;1,0000000000000000;1,0000000000000000;1,0000000000000000;1,0000000000000000;1,0000000000000000;1,0000000000000000;1,0000000000000000;1,0000000000000000;1,00000000000000000
2021-12-10;60+;47;47,0;47;47;47;47;47;47;47;47,0;47,0;47,0;268;268,0;268,0;268;268;268;268;268;268;268,0;268,0;268,0;1,0000000000000000;1,000000000000000;1,0000000000000000;1,0000000000000000;1,0000000000000000;1,0000000000000000;1,0000000000000000;1,0000000000000000;1,0000000000000000;1,0000000000000000;1,00000000000000000
2021-12-10;alle;75;75,0;75;75;75;75;75;75;75;75,0;75,0;75,0;410;410,0;410,0;410;410;410;410;410;410;410,0;410,0;410,0;NA;NA;NA;NA;NA;NA;NA;NA;NA;NA;NA
2021-12-09;0-60;23;23,0;23;23;23;23;23;23;23;23,0;23,0;23,0;139;139,0;139,0;139;139;139;139;139;139;139,0;139,0;139,0;1,0000000000000000;1,000000000000000;1,0000000000000000;1,0000000000000000;1,0000000000000000;1,0000000000000000;1,0000000000000000;1,0000000000000000;1,0000000000000000;1,0000000000000000;1,00000000000000000
2021-12-09;60+;48;48,0;48;48;48;48;48;48;48;48,0;48,0;48,0;267;267,0;267,0;267;267;267;267;267;267;267,0;267,0;267,0;1,0000000000000000;1,000000000000000;1,0000000000000000;1,0000000000000000;1,0000000000000000;1,0000000000000000;1,0000000000000000;1,0000000000000000;1,0000000000000000;1,0000000000000000;1,00000000000000000
2021-12-09;alle;71;71,0;71;71;71;71;71;71;71;71,0;71,0;71,0;406;406,0;406,0;406;406;406;406;406;406;406,0;406,0;406,0;NA;NA;NA;NA;NA;NA;NA;NA;NA;NA;NA
2021-12-08;0-60;25;25,0;25;25;25;25;25;25;25;25,0;25,0;25,0;137;137,0;137,0;137;137;137;137;137;137;137,0;137,0;137,0;1,0000000000000000;1,000000000000000;1,0000000000000000;1,0000000000000000;1,0000000000000000;1,0000000000000000;1,0000000000000000;1,0000000000000000;1,0000000000000000;1,0000000000000000;1,00000000000000000
2021-12-08;60+;50;50,0;50;50;50;50;50;50;50;50,0;50,0;50,0;264;264,0;264,0;264;264;264;264;264;264;264,0;264,0;264,0;1,0000000000000000;1,000000000000000;1,0000000000000000;1,0000000000000000;1,0000000000000000;1,0000000000000000;1,0000000000000000;1,0000000000000000;1,0000000000000000;1,0000000000000000;1,00000000000000000
2021-12-08;alle;75;75,0;75;75;75;75;75;75;75;75,0;75,0;75,0;401;401,0;401,0;401;401;401;401;401;401;401,0;401,0;401,0;NA;NA;NA;NA;NA;NA;NA;NA;NA;NA;NA
2021-12-07;0-60;21;21,0;21;21;21;21;21;21;21;21,0;21,0;21,0;133;133,0;133,0;133;133;133;133;133;133;133,0;133,0;133,0;1,0000000000000000;1,000000000000000;1,0000000000000000;1,0000000000000000;1,0000000000000000;1,0000000000000000;1,0000000000000000;1,0000000000000000;1,0000000000000000;1,0000000000000000;1,00000000000000000
2021-12-07;60+;45;45,0;45;45;45;45;45;45;45;45,0;45,0;45,0;264;264,0;264,0;264;264;264;264;264;264;264,0;264,0;264,0;1,0000000000000000;1,000000000000000;1,0000000000000000;1,0000000000000000;1,0000000000000000;1,0000000000000000;1,0000000000000000;1,0000000000000000;1,0000000000000000;1,0000000000000000;1,00000000000000000
2021-12-07;alle;66;66,0;66;66;66;66;66;66;66;66,0;66,0;66,0;397;397,0;397,0;397;397;397;397;397;397;397,0;397,0;397,0;NA;NA;NA;NA;NA;NA;NA;NA;NA;NA;NA
2021-12-06;0-60;4;4,0;4;4;4;4;4;4;4;4,0;4,0;4,0;138;138,0;138,0;138;138;138;138;138;138;138,0;138,0;138,0;1,0000000000000000;1,000000000000000;1,0000000000000000;1,0000000000000000;1,0000000000000000;1,0000000000000000;1,0000000000000000;1,0000000000000000;1,0000000000000000;1,0000000000000000;1,00000000000000000
2021-12-06;60+;11;11,0;11;11;11;11;11;11;11;11,0;11,0;11,0;263;263,0;263,0;263;263;263;263;263;263;263,0;263,0;263,0;1,0000000000000000;1,000000000000000;1,0000000000000000;1,0000000000000000;1,0000000000000000;1,0000000000000000;1,0000000000000000;1,0000000000000000;1,0000000000000000;1,0000000000000000;1,00000000000000000
2021-12-06;alle;15;15,0;15;15;15;15;15;15;15;15,0;15,0;15,0;401;401,0;401,0;401;401;401;401;401;401;401,0;401,0;401,0;NA;NA;NA;NA;NA;NA;NA;NA;NA;NA;NA
2021-12-05;0-60;10;10,0;10;10;10;10;10;10;10;10,0;10,0;10,0;141;141,0;141,0;141;141;141;141;141;141;141,0;141,0;141,0;1,0000000000000000;1,000000000000000;1,0000000000000000;1,0000000000000000;1,0000000000000000;1,0000000000000000;1,0000000000000000;1,0000000000000000;1,0000000000000000;1,0000000000000000;1,00000000000000000
2021-12-05;60+;18;18,0;18;18;18;18;18;18;18;18,0;18,0;18,0;266;266,0;266,0;266;266;266;266;266;266;266,0;266,0;266,0;1,0000000000000000;1,000000000000000;1,0000000000000000;1,0000000000000000;1,0000000000000000;1,0000000000000000;1,0000000000000000;1,0000000000000000;1,0000000000000000;1,0000000000000000;1,00000000000000000
2021-12-05;alle;28;28,0;28;28;28;28;28;28;28;28,0;28,0;28,0;407;407,0;407,0;407;407;407;407;407;407;407,0;407,0;407,0;NA;NA;NA;NA;NA;NA;NA;NA;NA;NA;NA
2021-12-04;0-60;31;31,0;31;31;31;31;31;31;31;31,0;31,0;31,0;143;143,0;143,0;143;143;143;143;143;143;143,0;143,0;143,0;1,0000000000000000;1,000000000000000;1,0000000000000000;1,0000000000000000;1,0000000000000000;1,0000000000000000;1,0000000000000000;1,0000000000000000;1,0000000000000000;1,0000000000000000;1,00000000000000000
2021-12-04;60+;49;49,0;49;49;49;49;49;49;49;49,0;49,0;49,0;277;277,0;277,0;277;277;277;277;277;277;277,0;277,0;277,0;1,0000000000000000;1,000000000000000;1,0000000000000000;1,0000000000000000;1,0000000000000000;1,0000000000000000;1,0000000000000000;1,0000000000000000;1,0000000000000000;1,0000000000000000;1,00000000000000000
2021-12-04;alle;80;80,0;80;80;80;80;80;80;80;80,0;80,0;80,0;420;420,0;420,0;420;420;420;420;420;420;420,0;420,0;420,0;NA;NA;NA;NA;NA;NA;NA;NA;NA;NA;NA
2021-12-03;0-60;25;25,0;25;25;25;25;25;25;25;25,0;25,0;25,0;132;132,0;132,0;132;132;132;132;132;132;132,0;132,0;132,0;1,0000000000000000;1,000000000000000;1,0000000000000000;1,0000000000000000;1,0000000000000000;1,0000000000000000;1,0000000000000000;1,0000000000000000;1,0000000000000000;1,0000000000000000;1,00000000000000000
2021-12-03;60+;46;46,0;46;46;46;46;46;46;46;46,0;46,0;46,0;278;278,0;278,0;278;278;278;278;278;278;278,0;278,0;278,0;1,0000000000000000;1,000000000000000;1,0000000000000000;1,0000000000000000;1,0000000000000000;1,0000000000000000;1,0000000000000000;1,0000000000000000;1,0000000000000000;1,0000000000000000;1,00000000000000000
2021-12-03;alle;71;71,0;71;71;71;71;71;71;71;71,0;71,0;71,0;410;410,0;410,0;410;410;410;410;410;410;410,0;410,0;410,0;NA;NA;NA;NA;NA;NA;NA;NA;NA;NA;NA
2021-12-02;0-60;21;21,0;21;21;21;21;21;21;21;21,0;21,0;21,0;134;134,0;134,0;134;134;134;134;134;134;134,0;134,0;134,0;1,0000000000000000;1,000000000000000;1,0000000000000000;1,0000000000000000;1,0000000000000000;1,0000000000000000;1,0000000000000000;1,0000000000000000;1,0000000000000000;1,0000000000000000;1,00000000000000000
2021-12-02;60+;45;45,0;45;45;45;45;45;45;45;45,0;45,0;45,0;275;275,0;275,0;275;275;275;275;275;275;275,0;275,0;275,0;1,0000000000000000;1,000000000000000;1,0000000000000000;1,0000000000000000;1,0000000000000000;1,0000000000000000;1,0000000000000000;1,0000000000000000;1,0000000000000000;1,0000000000000000;1,00000000000000000
2021-12-02;alle;66;66,0;66;66;66;66;66;66;66;66,0;66,0;66,0;409;409,0;409,0;409;409;409;409;409;409;409,0;409,0;409,0;NA;NA;NA;NA;NA;NA;NA;NA;NA;NA;NA
2021-12-01;0-60;21;21,0;21;21;21;21;21;21;21;21,0;21,0;21,0;147;147,0;147,0;147;147;147;147;147;147;147,0;147,0;147,0;1,0000000000000000;1,000000000000000;1,0000000000000000;1,0000000000000000;1,0000000000000000;1,0000000000000000;1,0000000000000000;1,0000000000000000;1,0000000000000000;1,0000000000000000;1,00000000000000000
2021-12-01;60+;50;50,0;50;50;50;50;50;50;50;50,0;50,0;50,0;282;282,0;282,0;282;282;282;282;282;282;282,0;282,0;282,0;1,0000000000000000;1,000000000000000;1,0000000000000000;1,0000000000000000;1,0000000000000000;1,0000000000000000;1,0000000000000000;1,0000000000000000;1,0000000000000000;1,0000000000000000;1,00000000000000000
2021-12-01;alle;71;71,0;71;71;71;71;71;71;71;71,0;71,0;71,0;429;429,0;429,0;429;429;429;429;429;429;429,0;429,0;429,0;NA;NA;NA;NA;NA;NA;NA;NA;NA;NA;NA
2021-11-30;0-60;26;26,0;26;26;26;26;26;26;26;26,0;26,0;26,0;150;150,0;150,0;150;150;150;150;150;150;150,0;150,0;150,0;1,0000000000000000;1,000000000000000;1,0000000000000000;1,0000000000000000;1,0000000000000000;1,0000000000000000;1,0000000000000000;1,0000000000000000;1,0000000000000000;1,0000000000000000;1,00000000000000000
2021-11-30;60+;44;44,0;44;44;44;44;44;44;44;44,0;44,0;44,0;279;279,0;279,0;279;279;279;279;279;279;279,0;279,0;279,0;1,0000000000000000;1,000000000000000;1,0000000000000000;1,0000000000000000;1,0000000000000000;1,0000000000000000;1,0000000000000000;1,0000000000000000;1,0000000000000000;1,0000000000000000;1,00000000000000000
2021-11-30;alle;70;70,0;70;70;70;70;70;70;70;70,0;70,0;70,0;429;429,0;429,0;429;429;429;429;429;429;429,0;429,0;429,0;NA;NA;NA;NA;NA;NA;NA;NA;NA;NA;NA
2021-11-29;0-60;7;7,0;7;7;7;7;7;7;7;7,0;7,0;7,0;155;155,0;155,0;155;155;155;155;155;155;155,0;155,0;155,0;1,0000000000000000;1,000000000000000;1,0000000000000000;1,0000000000000000;1,0000000000000000;1,0000000000000000;1,0000000000000000;1,0000000000000000;1,0000000000000000;1,0000000000000000;1,00000000000000000
2021-11-29;60+;14;14,0;14;14;14;14;14;14;14;14,0;14,0;14,0;276;276,0;276,0;276;276;276;276;276;276;276,0;276,0;276,0;1,0000000000000000;1,000000000000000;1,0000000000000000;1,0000000000000000;1,0000000000000000;1,0000000000000000;1,0000000000000000;1,0000000000000000;1,0000000000000000;1,0000000000000000;1,00000000000000000
2021-11-29;alle;21;21,0;21;21;21;21;21;21;21;21,0;21,0;21,0;431;431,0;431,0;431;431;431;431;431;431;431,0;431,0;431,0;NA;NA;NA;NA;NA;NA;NA;NA;NA;NA;NA
2021-11-28;0-60;12;12,0;12;12;12;12;12;12;12;12,0;12,0;12,0;157;157,0;157,0;157;157;157;157;157;157;157,0;157,0;157,0;1,0000000000000000;1,000000000000000;1,0000000000000000;1,0000000000000000;1,0000000000000000;1,0000000000000000;1,0000000000000000;1,0000000000000000;1,0000000000000000;1,0000000000000000;1,00000000000000000
2021-11-28;60+;29;29,0;29;29;29;29;29;29;29;29,0;29,0;29,0;276;276,0;276,0;276;276;276;276;276;276;276,0;276,0;276,0;1,0000000000000000;1,000000000000000;1,0000000000000000;1,0000000000000000;1,0000000000000000;1,0000000000000000;1,0000000000000000;1,0000000000000000;1,0000000000000000;1,0000000000000000;1,00000000000000000
2021-11-28;alle;41;41,0;41;41;41;41;41;41;41;41,0;41,0;41,0;433;433,0;433,0;433;433;433;433;433;433;433,0;433,0;433,0;NA;NA;NA;NA;NA;NA;NA;NA;NA;NA;NA
2021-11-27;0-60;20;20,0;20;20;20;20;20;20;20;20,0;20,0;20,0;153;153,0;153,0;153;153;153;153;153;153;153,0;153,0;153,0;1,0000000000000000;1,000000000000000;1,0000000000000000;1,0000000000000000;1,0000000000000000;1,0000000000000000;1,0000000000000000;1,0000000000000000;1,0000000000000000;1,0000000000000000;1,00000000000000000
2021-11-27;60+;50;50,0;50;50;50;50;50;50;50;50,0;50,0;50,0;260;260,0;260,0;260;260;260;260;260;260;260,0;260,0;260,0;1,0000000000000000;1,000000000000000;1,0000000000000000;1,0000000000000000;1,0000000000000000;1,0000000000000000;1,0000000000000000;1,0000000000000000;1,0000000000000000;1,0000000000000000;1,00000000000000000
2021-11-27;alle;70;70,0;70;70;70;70;70;70;70;70,0;70,0;70,0;413;413,0;413,0;413;413;413;413;413;413;413,0;413,0;413,0;NA;NA;NA;NA;NA;NA;NA;NA;NA;NA;NA
2021-11-26;0-60;27;27,0;27;27;27;27;27;27;27;27,0;27,0;27,0;152;152,0;152,0;152;152;152;152;152;152;152,0;152,0;152,0;1,0000000000000000;1,000000000000000;1,0000000000000000;1,0000000000000000;1,0000000000000000;1,0000000000000000;1,0000000000000000;1,0000000000000000;1,0000000000000000;1,0000000000000000;1,00000000000000000
2021-11-26;60+;43;43,0;43;43;43;43;43;43;43;43,0;43,0;43,0;241;241,0;241,0;241;241;241;241;241;241;241,0;241,0;241,0;1,0000000000000000;1,000000000000000;1,0000000000000000;1,0000000000000000;1,0000000000000000;1,0000000000000000;1,0000000000000000;1,0000000000000000;1,0000000000000000;1,0000000000000000;1,00000000000000000
2021-11-26;alle;70;70,0;70;70;70;70;70;70;70;70,0;70,0;70,0;393;393,0;393,0;393;393;393;393;393;393;393,0;393,0;393,0;NA;NA;NA;NA;NA;NA;NA;NA;NA;NA;NA
2021-11-25;0-60;34;34,0;34;34;34;34;34;34;34;34,0;34,0;34,0;155;155,0;155,0;155;155;155;155;155;155;155,0;155,0;155,0;1,0000000000000000;1,000000000000000;1,0000000000000000;1,0000000000000000;1,0000000000000000;1,0000000000000000;1,0000000000000000;1,0000000000000000;1,0000000000000000;1,0000000000000000;1,00000000000000000
2021-11-25;60+;52;52,0;52;52;52;52;52;52;52;52,0;52,0;52,0;240;240,0;240,0;240;240;240;240;240;240;240,0;240,0;240,0;1,0000000000000000;1,000000000000000;1,0000000000000000;1,0000000000000000;1,0000000000000000;1,0000000000000000;1,0000000000000000;1,0000000000000000;1,0000000000000000;1,0000000000000000;1,00000000000000000
2021-11-25;alle;86;86,0;86;86;86;86;86;86;86;86,0;86,0;86,0;395;395,0;395,0;395;395;395;395;395;395;395,0;395,0;395,0;NA;NA;NA;NA;NA;NA;NA;NA;NA;NA;NA
2021-11-24;0-60;24;24,0;24;24;24;24;24;24;24;24,0;24,0;24,0;143;143,0;143,0;143;143;143;143;143;143;143,0;143,0;143,0;1,0000000000000000;1,000000000000000;1,0000000000000000;1,0000000000000000;1,0000000000000000;1,0000000000000000;1,0000000000000000;1,0000000000000000;1,0000000000000000;1,0000000000000000;1,00000000000000000
2021-11-24;60+;47;47,0;47;47;47;47;47;47;47;47,0;47,0;47,0;216;216,0;216,0;216;216;216;216;216;216;216,0;216,0;216,0;1,0000000000000000;1,000000000000000;1,0000000000000000;1,0000000000000000;1,0000000000000000;1,0000000000000000;1,0000000000000000;1,0000000000000000;1,0000000000000000;1,0000000000000000;1,00000000000000000
2021-11-24;alle;71;71,0;71;71;71;71;71;71;71;71,0;71,0;71,0;359;359,0;359,0;359;359;359;359;359;359;359,0;359,0;359,0;NA;NA;NA;NA;NA;NA;NA;NA;NA;NA;NA
2021-11-23;0-60;31;31,0;31;31;31;31;31;31;31;31,0;31,0;31,0;147;147,0;147,0;147;147;147;147;147;147;147,0;147,0;147,0;1,0000000000000000;1,000000000000000;1,0000000000000000;1,0000000000000000;1,0000000000000000;1,0000000000000000;1,0000000000000000;1,0000000000000000;1,0000000000000000;1,0000000000000000;1,00000000000000000
2021-11-23;60+;41;41,0;41;41;41;41;41;41;41;41,0;41,0;41,0;209;209,0;209,0;209;209;209;209;209;209;209,0;209,0;209,0;1,0000000000000000;1,000000000000000;1,0000000000000000;1,0000000000000000;1,0000000000000000;1,0000000000000000;1,0000000000000000;1,0000000000000000;1,0000000000000000;1,0000000000000000;1,00000000000000000
2021-11-23;alle;72;72,0;72;72;72;72;72;72;72;72,0;72,0;72,0;356;356,0;356,0;356;356;356;356;356;356;356,0;356,0;356,0;NA;NA;NA;NA;NA;NA;NA;NA;NA;NA;NA
2021-11-22;0-60;9;9,0;9;9;9;9;9;9;9;9,0;9,0;9,0;136;136,0;136,0;136;136;136;136;136;136;136,0;136,0;136,0;1,0000000000000000;1,000000000000000;1,0000000000000000;1,0000000000000000;1,0000000000000000;1,0000000000000000;1,0000000000000000;1,0000000000000000;1,0000000000000000;1,0000000000000000;1,00000000000000000
2021-11-22;60+;14;14,0;14;14;14;14;14;14;14;14,0;14,0;14,0;208;208,0;208,0;208;208;208;208;208;208;208,0;208,0;208,0;1,0000000000000000;1,000000000000000;1,0000000000000000;1,0000000000000000;1,0000000000000000;1,0000000000000000;1,0000000000000000;1,0000000000000000;1,0000000000000000;1,0000000000000000;1,00000000000000000
2021-11-22;alle;23;23,0;23;23;23;23;23;23;23;23,0;23,0;23,0;344;344,0;344,0;344;344;344;344;344;344;344,0;344,0;344,0;NA;NA;NA;NA;NA;NA;NA;NA;NA;NA;NA
2021-11-21;0-60;8;8,0;8;8;8;8;8;8;8;8,0;8,0;8,0;130;130,0;130,0;130;130;130;130;130;130;130,0;130,0;130,0;1,0000000000000000;1,000000000000000;1,0000000000000000;1,0000000000000000;1,0000000000000000;1,0000000000000000;1,0000000000000000;1,0000000000000000;1,0000000000000000;1,0000000000000000;1,00000000000000000
2021-11-21;60+;13;13,0;13;13;13;13;13;13;13;13,0;13,0;13,0;208;208,0;208,0;208;208;208;208;208;208;208,0;208,0;208,0;1,0000000000000000;1,000000000000000;1,0000000000000000;1,0000000000000000;1,0000000000000000;1,0000000000000000;1,0000000000000000;1,0000000000000000;1,0000000000000000;1,0000000000000000;1,00000000000000000
2021-11-21;alle;21;21,0;21;21;21;21;21;21;21;21,0;21,0;21,0;338;338,0;338,0;338;338;338;338;338;338;338,0;338,0;338,0;NA;NA;NA;NA;NA;NA;NA;NA;NA;NA;NA
2021-11-20;0-60;19;19,0;19;19;19;19;19;19;19;19,0;19,0;19,0;132;132,0;132,0;132;132;132;132;132;132;132,0;132,0;132,0;1,0000000000000000;1,000000000000000;1,0000000000000000;1,0000000000000000;1,0000000000000000;1,0000000000000000;1,0000000000000000;1,0000000000000000;1,0000000000000000;1,0000000000000000;1,00000000000000000
2021-11-20;60+;31;31,0;31;31;31;31;31;31;31;31,0;31,0;31,0;211;211,0;211,0;211;211;211;211;211;211;211,0;211,0;211,0;1,0000000000000000;1,000000000000000;1,0000000000000000;1,0000000000000000;1,0000000000000000;1,0000000000000000;1,0000000000000000;1,0000000000000000;1,0000000000000000;1,0000000000000000;1,00000000000000000
2021-11-20;alle;50;50,0;50;50;50;50;50;50;50;50,0;50,0;50,0;343;343,0;343,0;343;343;343;343;343;343;343,0;343,0;343,0;NA;NA;NA;NA;NA;NA;NA;NA;NA;NA;NA
2021-11-19;0-60;30;30,0;30;30;30;30;30;30;30;30,0;30,0;30,0;139;139,0;139,0;139;139;139;139;139;139;139,0;139,0;139,0;1,0000000000000000;1,000000000000000;1,0000000000000000;1,0000000000000000;1,0000000000000000;1,0000000000000000;1,0000000000000000;1,0000000000000000;1,0000000000000000;1,0000000000000000;1,00000000000000000
2021-11-19;60+;42;42,0;42;42;42;42;42;42;42;42,0;42,0;42,0;201;201,0;201,0;201;201;201;201;201;201;201,0;201,0;201,0;1,0000000000000000;1,000000000000000;1,0000000000000000;1,0000000000000000;1,0000000000000000;1,0000000000000000;1,0000000000000000;1,0000000000000000;1,0000000000000000;1,0000000000000000;1,00000000000000000
2021-11-19;alle;72;72,0;72;72;72;72;72;72;72;72,0;72,0;72,0;340;340,0;340,0;340;340;340;340;340;340;340,0;340,0;340,0;NA;NA;NA;NA;NA;NA;NA;NA;NA;NA;NA
2021-11-18;0-60;22;22,0;22;22;22;22;22;22;22;22,0;22,0;22,0;131;131,0;131,0;131;131;131;131;131;131;131,0;131,0;131,0;1,0000000000000000;1,000000000000000;1,0000000000000000;1,0000000000000000;1,0000000000000000;1,0000000000000000;1,0000000000000000;1,0000000000000000;1,0000000000000000;1,0000000000000000;1,00000000000000000
2021-11-18;60+;28;28,0;28;28;28;28;28;28;28;28,0;28,0;28,0;198;198,0;198,0;198;198;198;198;198;198;198,0;198,0;198,0;1,0000000000000000;1,000000000000000;1,0000000000000000;1,0000000000000000;1,0000000000000000;1,0000000000000000;1,0000000000000000;1,0000000000000000;1,0000000000000000;1,0000000000000000;1,00000000000000000
2021-11-18;alle;50;50,0;50;50;50;50;50;50;50;50,0;50,0;50,0;329;329,0;329,0;329;329;329;329;329;329;329,0;329,0;329,0;NA;NA;NA;NA;NA;NA;NA;NA;NA;NA;NA
2021-11-17;0-60;28;28,0;28;28;28;28;28;28;28;28,0;28,0;28,0;118;118,0;118,0;118;118;118;118;118;118;118,0;118,0;118,0;1,0000000000000000;1,000000000000000;1,0000000000000000;1,0000000000000000;1,0000000000000000;1,0000000000000000;1,0000000000000000;1,0000000000000000;1,0000000000000000;1,0000000000000000;1,00000000000000000
2021-11-17;60+;40;40,0;40;40;40;40;40;40;40;40,0;40,0;40,0;189;189,0;189,0;189;189;189;189;189;189;189,0;189,0;189,0;1,0000000000000000;1,000000000000000;1,0000000000000000;1,0000000000000000;1,0000000000000000;1,0000000000000000;1,0000000000000000;1,0000000000000000;1,0000000000000000;1,0000000000000000;1,00000000000000000
2021-11-17;alle;68;68,0;68;68;68;68;68;68;68;68,0;68,0;68,0;307;307,0;307,0;307;307;307;307;307;307;307,0;307,0;307,0;NA;NA;NA;NA;NA;NA;NA;NA;NA;NA;NA
2021-11-16;0-60;20;20,0;20;20;20;20;20;20;20;20,0;20,0;20,0;111;111,0;111,0;111;111;111;111;111;111;111,0;111,0;111,0;1,0000000000000000;1,000000000000000;1,0000000000000000;1,0000000000000000;1,0000000000000000;1,0000000000000000;1,0000000000000000;1,0000000000000000;1,0000000000000000;1,0000000000000000;1,00000000000000000
2021-11-16;60+;40;40,0;40;40;40;40;40;40;40;40,0;40,0;40,0;178;178,0;178,0;178;178;178;178;178;178;178,0;178,0;178,0;1,0000000000000000;1,000000000000000;1,0000000000000000;1,0000000000000000;1,0000000000000000;1,0000000000000000;1,0000000000000000;1,0000000000000000;1,0000000000000000;1,0000000000000000;1,00000000000000000
2021-11-16;alle;60;60,0;60;60;60;60;60;60;60;60,0;60,0;60,0;289;289,0;289,0;289;289;289;289;289;289;289,0;289,0;289,0;NA;NA;NA;NA;NA;NA;NA;NA;NA;NA;NA
2021-11-15;0-60;3;3,0;3;3;3;3;3;3;3;3,0;3,0;3,0;107;107,0;107,0;107;107;107;107;107;107;107,0;107,0;107,0;1,0000000000000000;1,000000000000000;1,0000000000000000;1,0000000000000000;1,0000000000000000;1,0000000000000000;1,0000000000000000;1,0000000000000000;1,0000000000000000;1,0000000000000000;1,00000000000000000
2021-11-15;60+;14;14,0;14;14;14;14;14;14;14;14,0;14,0;14,0;164;164,0;164,0;164;164;164;164;164;164;164,0;164,0;164,0;1,0000000000000000;1,000000000000000;1,0000000000000000;1,0000000000000000;1,0000000000000000;1,0000000000000000;1,0000000000000000;1,0000000000000000;1,0000000000000000;1,0000000000000000;1,00000000000000000
2021-11-15;alle;17;17,0;17;17;17;17;17;17;17;17,0;17,0;17,0;271;271,0;271,0;271;271;271;271;271;271;271,0;271,0;271,0;NA;NA;NA;NA;NA;NA;NA;NA;NA;NA;NA
2021-11-14;0-60;10;10,0;10;10;10;10;10;10;10;10,0;10,0;10,0;106;106,0;106,0;106;106;106;106;106;106;106,0;106,0;106,0;1,0000000000000000;1,000000000000000;1,0000000000000000;1,0000000000000000;1,0000000000000000;1,0000000000000000;1,0000000000000000;1,0000000000000000;1,0000000000000000;1,0000000000000000;1,00000000000000000
2021-11-14;60+;16;16,0;16;16;16;16;16;16;16;16,0;16,0;16,0;153;153,0;153,0;153;153;153;153;153;153;153,0;153,0;153,0;1,0000000000000000;1,000000000000000;1,0000000000000000;1,0000000000000000;1,0000000000000000;1,0000000000000000;1,0000000000000000;1,0000000000000000;1,0000000000000000;1,0000000000000000;1,00000000000000000
2021-11-14;alle;26;26,0;26;26;26;26;26;26;26;26,0;26,0;26,0;259;259,0;259,0;259;259;259;259;259;259;259,0;259,0;259,0;NA;NA;NA;NA;NA;NA;NA;NA;NA;NA;NA
2021-11-13;0-60;26;26,0;26;26;26;26;26;26;26;26,0;26,0;26,0;107;107,0;107,0;107;107;107;107;107;107;107,0;107,0;107,0;1,0000000000000000;1,000000000000000;1,0000000000000000;1,0000000000000000;1,0000000000000000;1,0000000000000000;1,0000000000000000;1,0000000000000000;1,0000000000000000;1,0000000000000000;1,00000000000000000
2021-11-13;60+;21;21,0;21;21;21;21;21;21;21;21,0;21,0;21,0;157;157,0;157,0;157;157;157;157;157;157;157,0;157,0;157,0;1,0000000000000000;1,000000000000000;1,0000000000000000;1,0000000000000000;1,0000000000000000;1,0000000000000000;1,0000000000000000;1,0000000000000000;1,0000000000000000;1,0000000000000000;1,00000000000000000
2021-11-13;alle;47;47,0;47;47;47;47;47;47;47;47,0;47,0;47,0;264;264,0;264,0;264;264;264;264;264;264;264,0;264,0;264,0;NA;NA;NA;NA;NA;NA;NA;NA;NA;NA;NA
2021-11-12;0-60;22;22,0;22;22;22;22;22;22;22;22,0;22,0;22,0;98;98,0;98,0;98;98;98;98;98;98;98,0;98,0;98,0;1,0000000000000000;1,000000000000000;1,0000000000000000;1,0000000000000000;1,0000000000000000;1,0000000000000000;1,0000000000000000;1,0000000000000000;1,0000000000000000;1,0000000000000000;1,00000000000000000
2021-11-12;60+;39;39,0;39;39;39;39;39;39;39;39,0;39,0;39,0;159;159,0;159,0;159;159;159;159;159;159;159,0;159,0;159,0;1,0000000000000000;1,000000000000000;1,0000000000000000;1,0000000000000000;1,0000000000000000;1,0000000000000000;1,0000000000000000;1,0000000000000000;1,0000000000000000;1,0000000000000000;1,00000000000000000
2021-11-12;alle;61;61,0;61;61;61;61;61;61;61;61,0;61,0;61,0;257;257,0;257,0;257;257;257;257;257;257;257,0;257,0;257,0;NA;NA;NA;NA;NA;NA;NA;NA;NA;NA;NA
2021-11-11;0-60;9;9,0;9;9;9;9;9;9;9;9,0;9,0;9,0;103;103,0;103,0;103;103;103;103;103;103;103,0;103,0;103,0;1,0000000000000000;1,000000000000000;1,0000000000000000;1,0000000000000000;1,0000000000000000;1,0000000000000000;1,0000000000000000;1,0000000000000000;1,0000000000000000;1,0000000000000000;1,00000000000000000
2021-11-11;60+;19;19,0;19;19;19;19;19;19;19;19,0;19,0;19,0;153;153,0;153,0;153;153;153;153;153;153;153,0;153,0;153,0;1,0000000000000000;1,000000000000000;1,0000000000000000;1,0000000000000000;1,0000000000000000;1,0000000000000000;1,0000000000000000;1,0000000000000000;1,0000000000000000;1,0000000000000000;1,00000000000000000
2021-11-11;alle;28;28,0;28;28;28;28;28;28;28;28,0;28,0;28,0;256;256,0;256,0;256;256;256;256;256;256;256,0;256,0;256,0;NA;NA;NA;NA;NA;NA;NA;NA;NA;NA;NA
2021-11-10;0-60;21;21,0;21;21;21;21;21;21;21;21,0;21,0;21,0;123;123,0;123,0;123;123;123;123;123;123;123,0;123,0;123,0;1,0000000000000000;1,000000000000000;1,0000000000000000;1,0000000000000000;1,0000000000000000;1,0000000000000000;1,0000000000000000;1,0000000000000000;1,0000000000000000;1,0000000000000000;1,00000000000000000
2021-11-10;60+;29;29,0;29;29;29;29;29;29;29;29,0;29,0;29,0;160;160,0;160,0;160;160;160;160;160;160;160,0;160,0;160,0;1,0000000000000000;1,000000000000000;1,0000000000000000;1,0000000000000000;1,0000000000000000;1,0000000000000000;1,0000000000000000;1,0000000000000000;1,0000000000000000;1,0000000000000000;1,00000000000000000
2021-11-10;alle;50;50,0;50;50;50;50;50;50;50;50,0;50,0;50,0;283;283,0;283,0;283;283;283;283;283;283;283,0;283,0;283,0;NA;NA;NA;NA;NA;NA;NA;NA;NA;NA;NA
2021-11-09;0-60;16;16,0;16;16;16;16;16;16;16;16,0;16,0;16,0;124;124,0;124,0;124;124;124;124;124;124;124,0;124,0;124,0;1,0000000000000000;1,000000000000000;1,0000000000000000;1,0000000000000000;1,0000000000000000;1,0000000000000000;1,0000000000000000;1,0000000000000000;1,0000000000000000;1,0000000000000000;1,00000000000000000
2021-11-09;60+;26;26,0;26;26;26;26;26;26;26;26,0;26,0;26,0;165;165,0;165,0;165;165;165;165;165;165;165,0;165,0;165,0;1,0000000000000000;1,000000000000000;1,0000000000000000;1,0000000000000000;1,0000000000000000;1,0000000000000000;1,0000000000000000;1,0000000000000000;1,0000000000000000;1,0000000000000000;1,00000000000000000
2021-11-09;alle;42;42,0;42;42;42;42;42;42;42;42,0;42,0;42,0;289;289,0;289,0;289;289;289;289;289;289;289,0;289,0;289,0;NA;NA;NA;NA;NA;NA;NA;NA;NA;NA;NA
2021-11-08;0-60;2;2,0;2;2;2;2;2;2;2;2,0;2,0;2,0;110;110,0;110,0;110;110;110;110;110;110;110,0;110,0;110,0;1,0000000000000000;1,000000000000000;1,0000000000000000;1,0000000000000000;1,0000000000000000;1,0000000000000000;1,0000000000000000;1,0000000000000000;1,0000000000000000;1,0000000000000000;1,00000000000000000
2021-11-08;60+;3;3,0;3;3;3;3;3;3;3;3,0;3,0;3,0;149;149,0;149,0;149;149;149;149;149;149;149,0;149,0;149,0;1,0000000000000000;1,000000000000000;1,0000000000000000;1,0000000000000000;1,0000000000000000;1,0000000000000000;1,0000000000000000;1,0000000000000000;1,0000000000000000;1,0000000000000000;1,00000000000000000
2021-11-08;alle;5;5,0;5;5;5;5;5;5;5;5,0;5,0;5,0;259;259,0;259,0;259;259;259;259;259;259;259,0;259,0;259,0;NA;NA;NA;NA;NA;NA;NA;NA;NA;NA;NA
2021-11-07;0-60;11;11,0;11;11;11;11;11;11;11;11,0;11,0;11,0;111;111,0;111,0;111;111;111;111;111;111;111,0;111,0;111,0;1,0000000000000000;1,000000000000000;1,0000000000000000;1,0000000000000000;1,0000000000000000;1,0000000000000000;1,0000000000000000;1,0000000000000000;1,0000000000000000;1,0000000000000000;1,00000000000000000
2021-11-07;60+;20;20,0;20;20;20;20;20;20;20;20,0;20,0;20,0;159;159,0;159,0;159;159;159;159;159;159;159,0;159,0;159,0;1,0000000000000000;1,000000000000000;1,0000000000000000;1,0000000000000000;1,0000000000000000;1,0000000000000000;1,0000000000000000;1,0000000000000000;1,0000000000000000;1,0000000000000000;1,00000000000000000
2021-11-07;alle;31;31,0;31;31;31;31;31;31;31;31,0;31,0;31,0;270;270,0;270,0;270;270;270;270;270;270;270,0;270,0;270,0;NA;NA;NA;NA;NA;NA;NA;NA;NA;NA;NA
2021-11-06;0-60;17;17,0;17;17;17;17;17;17;17;17,0;17,0;17,0;109;109,0;109,0;109;109;109;109;109;109;109,0;109,0;109,0;1,0000000000000000;1,000000000000000;1,0000000000000000;1,0000000000000000;1,0000000000000000;1,0000000000000000;1,0000000000000000;1,0000000000000000;1,0000000000000000;1,0000000000000000;1,00000000000000000
2021-11-06;60+;23;23,0;23;23;23;23;23;23;23;23,0;23,0;23,0;142;142,0;142,0;142;142;142;142;142;142;142,0;142,0;142,0;1,0000000000000000;1,000000000000000;1,0000000000000000;1,0000000000000000;1,0000000000000000;1,0000000000000000;1,0000000000000000;1,0000000000000000;1,0000000000000000;1,0000000000000000;1,00000000000000000
2021-11-06;alle;40;40,0;40;40;40;40;40;40;40;40,0;40,0;40,0;251;251,0;251,0;251;251;251;251;251;251;251,0;251,0;251,0;NA;NA;NA;NA;NA;NA;NA;NA;NA;NA;NA
2021-11-05;0-60;27;27,0;27;27;27;27;27;27;27;27,0;27,0;27,0;105;105,0;105,0;105;105;105;105;105;105;105,0;105,0;105,0;1,0000000000000000;1,000000000000000;1,0000000000000000;1,0000000000000000;1,0000000000000000;1,0000000000000000;1,0000000000000000;1,0000000000000000;1,0000000000000000;1,0000000000000000;1,00000000000000000
2021-11-05;60+;33;33,0;33;33;33;33;33;33;33;33,0;33,0;33,0;141;141,0;141,0;141;141;141;141;141;141;141,0;141,0;141,0;1,0000000000000000;1,000000000000000;1,0000000000000000;1,0000000000000000;1,0000000000000000;1,0000000000000000;1,0000000000000000;1,0000000000000000;1,0000000000000000;1,0000000000000000;1,00000000000000000
2021-11-05;alle;60;60,0;60;60;60;60;60;60;60;60,0;60,0;60,0;246;246,0;246,0;246;246;246;246;246;246;246,0;246,0;246,0;NA;NA;NA;NA;NA;NA;NA;NA;NA;NA;NA
2021-11-04;0-60;29;29,0;29;29;29;29;29;29;29;29,0;29,0;29,0;94;94,0;94,0;94;94;94;94;94;94;94,0;94,0;94,0;1,0000000000000000;1,000000000000000;1,0000000000000000;1,0000000000000000;1,0000000000000000;1,0000000000000000;1,0000000000000000;1,0000000000000000;1,0000000000000000;1,0000000000000000;1,00000000000000000
2021-11-04;60+;26;26,0;26;26;26;26;26;26;26;26,0;26,0;26,0;128;128,0;128,0;128;128;128;128;128;128;128,0;128,0;128,0;1,0000000000000000;1,000000000000000;1,0000000000000000;1,0000000000000000;1,0000000000000000;1,0000000000000000;1,0000000000000000;1,0000000000000000;1,0000000000000000;1,0000000000000000;1,00000000000000000
2021-11-04;alle;55;55,0;55;55;55;55;55;55;55;55,0;55,0;55,0;222;222,0;222,0;222;222;222;222;222;222;222,0;222,0;222,0;NA;NA;NA;NA;NA;NA;NA;NA;NA;NA;NA
2021-11-03;0-60;22;22,0;22;22;22;22;22;22;22;22,0;22,0;22,0;80;80,0;80,0;80;80;80;80;80;80;80,0;80,0;80,0;1,0000000000000000;1,000000000000000;1,0000000000000000;1,0000000000000000;1,0000000000000000;1,0000000000000000;1,0000000000000000;1,0000000000000000;1,0000000000000000;1,0000000000000000;1,00000000000000000
2021-11-03;60+;34;34,0;34;34;34;34;34;34;34;34,0;34,0;34,0;131;131,0;131,0;131;131;131;131;131;131;131,0;131,0;131,0;1,0000000000000000;1,000000000000000;1,0000000000000000;1,0000000000000000;1,0000000000000000;1,0000000000000000;1,0000000000000000;1,0000000000000000;1,0000000000000000;1,0000000000000000;1,00000000000000000
2021-11-03;alle;56;56,0;56;56;56;56;56;56;56;56,0;56,0;56,0;211;211,0;211,0;211;211;211;211;211;211;211,0;211,0;211,0;NA;NA;NA;NA;NA;NA;NA;NA;NA;NA;NA
2021-11-02;0-60;2;2,0;2;2;2;2;2;2;2;2,0;2,0;2,0;78;78,0;78,0;78;78;78;78;78;78;78,0;78,0;78,0;1,0000000000000000;1,000000000000000;1,0000000000000000;1,0000000000000000;1,0000000000000000;1,0000000000000000;1,0000000000000000;1,0000000000000000;1,0000000000000000;1,0000000000000000;1,00000000000000000
2021-11-02;60+;10;10,0;10;10;10;10;10;10;10;10,0;10,0;10,0;113;113,0;113,0;113;113;113;113;113;113;113,0;113,0;113,0;1,0000000000000000;1,000000000000000;1,0000000000000000;1,0000000000000000;1,0000000000000000;1,0000000000000000;1,0000000000000000;1,0000000000000000;1,0000000000000000;1,0000000000000000;1,00000000000000000
2021-11-02;alle;12;12,0;12;12;12;12;12;12;12;12,0;12,0;12,0;191;191,0;191,0;191;191;191;191;191;191;191,0;191,0;191,0;NA;NA;NA;NA;NA;NA;NA;NA;NA;NA;NA
2021-11-01;0-60;3;3,0;3;3;3;3;3;3;3;3,0;3,0;3,0;91;91,0;91,0;91;91;91;91;91;91;91,0;91,0;91,0;1,0000000000000000;1,000000000000000;1,0000000000000000;1,0000000000000000;1,0000000000000000;1,0000000000000000;1,0000000000000000;1,0000000000000000;1,0000000000000000;1,0000000000000000;1,00000000000000000
2021-11-01;60+;13;13,0;13;13;13;13;13;13;13;13,0;13,0;13,0;124;124,0;124,0;124;124;124;124;124;124;124,0;124,0;124,0;1,0000000000000000;1,000000000000000;1,0000000000000000;1,0000000000000000;1,0000000000000000;1,0000000000000000;1,0000000000000000;1,0000000000000000;1,0000000000000000;1,0000000000000000;1,00000000000000000
2021-11-01;alle;16;16,0;16;16;16;16;16;16;16;16,0;16,0;16,0;215;215,0;215,0;215;215;215;215;215;215;215,0;215,0;215,0;NA;NA;NA;NA;NA;NA;NA;NA;NA;NA;NA
2021-10-31;0-60;9;9,0;9;9;9;9;9;9;9;9,0;9,0;9,0;98;98,0;98,0;98;98;98;98;98;98;98,0;98,0;98,0;1,0000000000000000;1,000000000000000;1,0000000000000000;1,0000000000000000;1,0000000000000000;1,0000000000000000;1,0000000000000000;1,0000000000000000;1,0000000000000000;1,0000000000000000;1,00000000000000000
2021-10-31;60+;3;3,0;3;3;3;3;3;3;3;3,0;3,0;3,0;120;120,0;120,0;120;120;120;120;120;120;120,0;120,0;120,0;1,0000000000000000;1,000000000000000;1,0000000000000000;1,0000000000000000;1,0000000000000000;1,0000000000000000;1,0000000000000000;1,0000000000000000;1,0000000000000000;1,0000000000000000;1,00000000000000000
2021-10-31;alle;12;12,0;12;12;12;12;12;12;12;12,0;12,0;12,0;218;218,0;218,0;218;218;218;218;218;218;218,0;218,0;218,0;NA;NA;NA;NA;NA;NA;NA;NA;NA;NA;NA
2021-10-30;0-60;13;13,0;13;13;13;13;13;13;13;13,0;13,0;13,0;94;94,0;94,0;94;94;94;94;94;94;94,0;94,0;94,0;1,0000000000000000;1,000000000000000;1,0000000000000000;1,0000000000000000;1,0000000000000000;1,0000000000000000;1,0000000000000000;1,0000000000000000;1,0000000000000000;1,0000000000000000;1,00000000000000000
2021-10-30;60+;22;22,0;22;22;22;22;22;22;22;22,0;22,0;22,0;127;127,0;127,0;127;127;127;127;127;127;127,0;127,0;127,0;1,0000000000000000;1,000000000000000;1,0000000000000000;1,0000000000000000;1,0000000000000000;1,0000000000000000;1,0000000000000000;1,0000000000000000;1,0000000000000000;1,0000000000000000;1,00000000000000000
2021-10-30;alle;35;35,0;35;35;35;35;35;35;35;35,0;35,0;35,0;221;221,0;221,0;221;221;221;221;221;221;221,0;221,0;221,0;NA;NA;NA;NA;NA;NA;NA;NA;NA;NA;NA
2021-10-29;0-60;16;16,0;16;16;16;16;16;16;16;16,0;16,0;16,0;105;105,0;105,0;105;105;105;105;105;105;105,0;105,0;105,0;1,0000000000000000;1,000000000000000;1,0000000000000000;1,0000000000000000;1,0000000000000000;1,0000000000000000;1,0000000000000000;1,0000000000000000;1,0000000000000000;1,0000000000000000;1,00000000000000000
2021-10-29;60+;20;20,0;20;20;20;20;20;20;20;20,0;20,0;20,0;121;121,0;121,0;121;121;121;121;121;121;121,0;121,0;121,0;1,0000000000000000;1,000000000000000;1,0000000000000000;1,0000000000000000;1,0000000000000000;1,0000000000000000;1,0000000000000000;1,0000000000000000;1,0000000000000000;1,0000000000000000;1,00000000000000000
2021-10-29;alle;36;36,0;36;36;36;36;36;36;36;36,0;36,0;36,0;226;226,0;226,0;226;226;226;226;226;226;226,0;226,0;226,0;NA;NA;NA;NA;NA;NA;NA;NA;NA;NA;NA
2021-10-28;0-60;15;15,0;15;15;15;15;15;15;15;15,0;15,0;15,0;104;104,0;104,0;104;104;104;104;104;104;104,0;104,0;104,0;1,0000000000000000;1,000000000000000;1,0000000000000000;1,0000000000000000;1,0000000000000000;1,0000000000000000;1,0000000000000000;1,0000000000000000;1,0000000000000000;1,0000000000000000;1,00000000000000000
2021-10-28;60+;29;29,0;29;29;29;29;29;29;29;29,0;29,0;29,0;122;122,0;122,0;122;122;122;122;122;122;122,0;122,0;122,0;1,0000000000000000;1,000000000000000;1,0000000000000000;1,0000000000000000;1,0000000000000000;1,0000000000000000;1,0000000000000000;1,0000000000000000;1,0000000000000000;1,0000000000000000;1,00000000000000000
2021-10-28;alle;44;44,0;44;44;44;44;44;44;44;44,0;44,0;44,0;226;226,0;226,0;226;226;226;226;226;226;226,0;226,0;226,0;NA;NA;NA;NA;NA;NA;NA;NA;NA;NA;NA
2021-10-27;0-60;20;20,0;20;20;20;20;20;20;20;20,0;20,0;20,0;103;103,0;103,0;103;103;103;103;103;103;103,0;103,0;103,0;1,0000000000000000;1,000000000000000;1,0000000000000000;1,0000000000000000;1,0000000000000000;1,0000000000000000;1,0000000000000000;1,0000000000000000;1,0000000000000000;1,0000000000000000;1,00000000000000000
2021-10-27;60+;16;16,0;16;16;16;16;16;16;16;16,0;16,0;16,0;111;111,0;111,0;111;111;111;111;111;111;111,0;111,0;111,0;1,0000000000000000;1,000000000000000;1,0000000000000000;1,0000000000000000;1,0000000000000000;1,0000000000000000;1,0000000000000000;1,0000000000000000;1,0000000000000000;1,0000000000000000;1,00000000000000000
2021-10-27;alle;36;36,0;36;36;36;36;36;36;36;36,0;36,0;36,0;214;214,0;214,0;214;214;214;214;214;214;214,0;214,0;214,0;NA;NA;NA;NA;NA;NA;NA;NA;NA;NA;NA
2021-10-26;0-60;15;15,0;15;15;15;15;15;15;15;15,0;15,0;15,0;105;105,0;105,0;105;105;105;105;105;105;105,0;105,0;105,0;1,0000000000000000;1,000000000000000;1,0000000000000000;1,0000000000000000;1,0000000000000000;1,0000000000000000;1,0000000000000000;1,0000000000000000;1,0000000000000000;1,0000000000000000;1,00000000000000000
2021-10-26;60+;21;21,0;21;21;21;21;21;21;21;21,0;21,0;21,0;123;123,0;123,0;123;123;123;123;123;123;123,0;123,0;123,0;1,0000000000000000;1,000000000000000;1,0000000000000000;1,0000000000000000;1,0000000000000000;1,0000000000000000;1,0000000000000000;1,0000000000000000;1,0000000000000000;1,0000000000000000;1,00000000000000000
2021-10-26;alle;36;36,0;36;36;36;36;36;36;36;36,0;36,0;36,0;228;228,0;228,0;228;228;228;228;228;228;228,0;228,0;228,0;NA;NA;NA;NA;NA;NA;NA;NA;NA;NA;NA
2021-10-25;0-60;10;10,0;10;10;10;10;10;10;10;10,0;10,0;10,0;108;108,0;108,0;108;108;108;108;108;108;108,0;108,0;108,0;1,0000000000000000;1,000000000000000;1,0000000000000000;1,0000000000000000;1,0000000000000000;1,0000000000000000;1,0000000000000000;1,0000000000000000;1,0000000000000000;1,0000000000000000;1,00000000000000000
2021-10-25;60+;9;9,0;9;9;9;9;9;9;9;9,0;9,0;9,0;119;119,0;119,0;119;119;119;119;119;119;119,0;119,0;119,0;1,0000000000000000;1,000000000000000;1,0000000000000000;1,0000000000000000;1,0000000000000000;1,0000000000000000;1,0000000000000000;1,0000000000000000;1,0000000000000000;1,0000000000000000;1,00000000000000000
2021-10-25;alle;19;19,0;19;19;19;19;19;19;19;19,0;19,0;19,0;227;227,0;227,0;227;227;227;227;227;227;227,0;227,0;227,0;NA;NA;NA;NA;NA;NA;NA;NA;NA;NA;NA
2021-10-24;0-60;5;5,0;5;5;5;5;5;5;5;5,0;5,0;5,0;102;102,0;102,0;102;102;102;102;102;102;102,0;102,0;102,0;1,0000000000000000;1,000000000000000;1,0000000000000000;1,0000000000000000;1,0000000000000000;1,0000000000000000;1,0000000000000000;1,0000000000000000;1,0000000000000000;1,0000000000000000;1,00000000000000000
2021-10-24;60+;10;10,0;10;10;10;10;10;10;10;10,0;10,0;10,0;111;111,0;111,0;111;111;111;111;111;111;111,0;111,0;111,0;1,0000000000000000;1,000000000000000;1,0000000000000000;1,0000000000000000;1,0000000000000000;1,0000000000000000;1,0000000000000000;1,0000000000000000;1,0000000000000000;1,0000000000000000;1,00000000000000000
2021-10-24;alle;15;15,0;15;15;15;15;15;15;15;15,0;15,0;15,0;213;213,0;213,0;213;213;213;213;213;213;213,0;213,0;213,0;NA;NA;NA;NA;NA;NA;NA;NA;NA;NA;NA
2021-10-23;0-60;24;24,0;24;24;24;24;24;24;24;24,0;24,0;24,0;100;100,0;100,0;100;100;100;100;100;100;100,0;100,0;100,0;1,0000000000000000;1,000000000000000;1,0000000000000000;1,0000000000000000;1,0000000000000000;1,0000000000000000;1,0000000000000000;1,0000000000000000;1,0000000000000000;1,0000000000000000;1,00000000000000000
2021-10-23;60+;16;16,0;16;16;16;16;16;16;16;16,0;16,0;16,0;103;103,0;103,0;103;103;103;103;103;103;103,0;103,0;103,0;1,0000000000000000;1,000000000000000;1,0000000000000000;1,0000000000000000;1,0000000000000000;1,0000000000000000;1,0000000000000000;1,0000000000000000;1,0000000000000000;1,0000000000000000;1,00000000000000000
2021-10-23;alle;40;40,0;40;40;40;40;40;40;40;40,0;40,0;40,0;203;203,0;203,0;203;203;203;203;203;203;203,0;203,0;203,0;NA;NA;NA;NA;NA;NA;NA;NA;NA;NA;NA
2021-10-22;0-60;15;15,0;15;15;15;15;15;15;15;15,0;15,0;15,0;83;83,0;83,0;83;83;83;83;83;83;83,0;83,0;83,0;1,0000000000000000;1,000000000000000;1,0000000000000000;1,0000000000000000;1,0000000000000000;1,0000000000000000;1,0000000000000000;1,0000000000000000;1,0000000000000000;1,0000000000000000;1,00000000000000000
2021-10-22;60+;21;21,0;21;21;21;21;21;21;21;21,0;21,0;21,0;96;96,0;96,0;96;96;96;96;96;96;96,0;96,0;96,0;1,0000000000000000;1,000000000000000;1,0000000000000000;1,0000000000000000;1,0000000000000000;1,0000000000000000;1,0000000000000000;1,0000000000000000;1,0000000000000000;1,0000000000000000;1,00000000000000000
2021-10-22;alle;36;36,0;36;36;36;36;36;36;36;36,0;36,0;36,0;179;179,0;179,0;179;179;179;179;179;179;179,0;179,0;179,0;NA;NA;NA;NA;NA;NA;NA;NA;NA;NA;NA
2021-10-21;0-60;14;14,0;14;14;14;14;14;14;14;14,0;14,0;14,0;75;75,0;75,0;75;75;75;75;75;75;75,0;75,0;75,0;1,0000000000000000;1,000000000000000;1,0000000000000000;1,0000000000000000;1,0000000000000000;1,0000000000000000;1,0000000000000000;1,0000000000000000;1,0000000000000000;1,0000000000000000;1,00000000000000000
2021-10-21;60+;18;18,0;18;18;18;18;18;18;18;18,0;18,0;18,0;86;86,0;86,0;86;86;86;86;86;86;86,0;86,0;86,0;1,0000000000000000;1,000000000000000;1,0000000000000000;1,0000000000000000;1,0000000000000000;1,0000000000000000;1,0000000000000000;1,0000000000000000;1,0000000000000000;1,0000000000000000;1,00000000000000000
2021-10-21;alle;32;32,0;32;32;32;32;32;32;32;32,0;32,0;32,0;161;161,0;161,0;161;161;161;161;161;161;161,0;161,0;161,0;NA;NA;NA;NA;NA;NA;NA;NA;NA;NA;NA
2021-10-20;0-60;22;22,0;22;22;22;22;22;22;22;22,0;22,0;22,0;71;71,0;71,0;71;71;71;71;71;71;71,0;71,0;71,0;1,0000000000000000;1,000000000000000;1,0000000000000000;1,0000000000000000;1,0000000000000000;1,0000000000000000;1,0000000000000000;1,0000000000000000;1,0000000000000000;1,0000000000000000;1,00000000000000000
2021-10-20;60+;28;28,0;28;28;28;28;28;28;28;28,0;28,0;28,0;78;78,0;78,0;78;78;78;78;78;78;78,0;78,0;78,0;1,0000000000000000;1,000000000000000;1,0000000000000000;1,0000000000000000;1,0000000000000000;1,0000000000000000;1,0000000000000000;1,0000000000000000;1,0000000000000000;1,0000000000000000;1,00000000000000000
2021-10-20;alle;50;50,0;50;50;50;50;50;50;50;50,0;50,0;50,0;149;149,0;149,0;149;149;149;149;149;149;149,0;149,0;149,0;NA;NA;NA;NA;NA;NA;NA;NA;NA;NA;NA
2021-10-19;0-60;18;18,0;18;18;18;18;18;18;18;18,0;18,0;18,0;65;65,0;65,0;65;65;65;65;65;65;65,0;65,0;65,0;1,0000000000000000;1,000000000000000;1,0000000000000000;1,0000000000000000;1,0000000000000000;1,0000000000000000;1,0000000000000000;1,0000000000000000;1,0000000000000000;1,0000000000000000;1,00000000000000000
2021-10-19;60+;17;17,0;17;17;17;17;17;17;17;17,0;17,0;17,0;56;56,0;56,0;56;56;56;56;56;56;56,0;56,0;56,0;1,0000000000000000;1,000000000000000;1,0000000000000000;1,0000000000000000;1,0000000000000000;1,0000000000000000;1,0000000000000000;1,0000000000000000;1,0000000000000000;1,0000000000000000;1,00000000000000000
2021-10-19;alle;35;35,0;35;35;35;35;35;35;35;35,0;35,0;35,0;121;121,0;121,0;121;121;121;121;121;121;121,0;121,0;121,0;NA;NA;NA;NA;NA;NA;NA;NA;NA;NA;NA
2021-10-18;0-60;4;4,0;4;4;4;4;4;4;4;4,0;4,0;4,0;60;60,0;60,0;60;60;60;60;60;60;60,0;60,0;60,0;1,0000000000000000;1,000000000000000;1,0000000000000000;1,0000000000000000;1,0000000000000000;1,0000000000000000;1,0000000000000000;1,0000000000000000;1,0000000000000000;1,0000000000000000;1,00000000000000000
2021-10-18;60+;1;1,0;1;1;1;1;1;1;1;1,0;1,0;1,0;44;44,0;44,0;44;44;44;44;44;44;44,0;44,0;44,0;1,0000000000000000;1,000000000000000;1,0000000000000000;1,0000000000000000;1,0000000000000000;1,0000000000000000;1,0000000000000000;1,0000000000000000;1,0000000000000000;1,0000000000000000;1,00000000000000000
2021-10-18;alle;5;5,0;5;5;5;5;5;5;5;5,0;5,0;5,0;104;104,0;104,0;104;104;104;104;104;104;104,0;104,0;104,0;NA;NA;NA;NA;NA;NA;NA;NA;NA;NA;NA
2021-10-17;0-60;3;3,0;3;3;3;3;3;3;3;3,0;3,0;3,0;59;59,0;59,0;59;59;59;59;59;59;59,0;59,0;59,0;1,0000000000000000;1,000000000000000;1,0000000000000000;1,0000000000000000;1,0000000000000000;1,0000000000000000;1,0000000000000000;1,0000000000000000;1,0000000000000000;1,0000000000000000;1,00000000000000000
2021-10-17;60+;2;2,0;2;2;2;2;2;2;2;2,0;2,0;2,0;46;46,0;46,0;46;46;46;46;46;46;46,0;46,0;46,0;1,0000000000000000;1,000000000000000;1,0000000000000000;1,0000000000000000;1,0000000000000000;1,0000000000000000;1,0000000000000000;1,0000000000000000;1,0000000000000000;1,0000000000000000;1,00000000000000000
2021-10-17;alle;5;5,0;5;5;5;5;5;5;5;5,0;5,0;5,0;105;105,0;105,0;105;105;105;105;105;105;105,0;105,0;105,0;NA;NA;NA;NA;NA;NA;NA;NA;NA;NA;NA
2021-10-16;0-60;7;7,0;7;7;7;7;7;7;7;7,0;7,0;7,0;69;69,0;69,0;69;69;69;69;69;69;69,0;69,0;69,0;1,0000000000000000;1,000000000000000;1,0000000000000000;1,0000000000000000;1,0000000000000000;1,0000000000000000;1,0000000000000000;1,0000000000000000;1,0000000000000000;1,0000000000000000;1,00000000000000000
2021-10-16;60+;9;9,0;9;9;9;9;9;9;9;9,0;9,0;9,0;50;50,0;50,0;50;50;50;50;50;50;50,0;50,0;50,0;1,0000000000000000;1,000000000000000;1,0000000000000000;1,0000000000000000;1,0000000000000000;1,0000000000000000;1,0000000000000000;1,0000000000000000;1,0000000000000000;1,0000000000000000;1,00000000000000000
2021-10-16;alle;16;16,0;16;16;16;16;16;16;16;16,0;16,0;16,0;119;119,0;119,0;119;119;119;119;119;119;119,0;119,0;119,0;NA;NA;NA;NA;NA;NA;NA;NA;NA;NA;NA
2021-10-15;0-60;7;7,0;7;7;7;7;7;7;7;7,0;7,0;7,0;71;71,0;71,0;71;71;71;71;71;71;71,0;71,0;71,0;1,0000000000000000;1,000000000000000;1,0000000000000000;1,0000000000000000;1,0000000000000000;1,0000000000000000;1,0000000000000000;1,0000000000000000;1,0000000000000000;1,0000000000000000;1,00000000000000000
2021-10-15;60+;11;11,0;11;11;11;11;11;11;11;11,0;11,0;11,0;44;44,0;44,0;44;44;44;44;44;44;44,0;44,0;44,0;1,0000000000000000;1,000000000000000;1,0000000000000000;1,0000000000000000;1,0000000000000000;1,0000000000000000;1,0000000000000000;1,0000000000000000;1,0000000000000000;1,0000000000000000;1,00000000000000000
2021-10-15;alle;18;18,0;18;18;18;18;18;18;18;18,0;18,0;18,0;115;115,0;115,0;115;115;115;115;115;115;115,0;115,0;115,0;NA;NA;NA;NA;NA;NA;NA;NA;NA;NA;NA
2021-10-14;0-60;10;10,0;10;10;10;10;10;10;10;10,0;10,0;10,0;75;75,0;75,0;75;75;75;75;75;75;75,0;75,0;75,0;1,0000000000000000;1,000000000000000;1,0000000000000000;1,0000000000000000;1,0000000000000000;1,0000000000000000;1,0000000000000000;1,0000000000000000;1,0000000000000000;1,0000000000000000;1,00000000000000000
2021-10-14;60+;10;10,0;10;10;10;10;10;10;10;10,0;10,0;10,0;48;48,0;48,0;48;48;48;48;48;48;48,0;48,0;48,0;1,0000000000000000;1,000000000000000;1,0000000000000000;1,0000000000000000;1,0000000000000000;1,0000000000000000;1,0000000000000000;1,0000000000000000;1,0000000000000000;1,0000000000000000;1,00000000000000000
2021-10-14;alle;20;20,0;20;20;20;20;20;20;20;20,0;20,0;20,0;123;123,0;123,0;123;123;123;123;123;123;123,0;123,0;123,0;NA;NA;NA;NA;NA;NA;NA;NA;NA;NA;NA
2021-10-13;0-60;16;16,0;16;16;16;16;16;16;16;16,0;16,0;16,0;76;76,0;76,0;76;76;76;76;76;76;76,0;76,0;76,0;1,0000000000000000;1,000000000000000;1,0000000000000000;1,0000000000000000;1,0000000000000000;1,0000000000000000;1,0000000000000000;1,0000000000000000;1,0000000000000000;1,0000000000000000;1,00000000000000000
2021-10-13;60+;6;6,0;6;6;6;6;6;6;6;6,0;6,0;6,0;53;53,0;53,0;53;53;53;53;53;53;53,0;53,0;53,0;1,0000000000000000;1,000000000000000;1,0000000000000000;1,0000000000000000;1,0000000000000000;1,0000000000000000;1,0000000000000000;1,0000000000000000;1,0000000000000000;1,0000000000000000;1,00000000000000000
2021-10-13;alle;22;22,0;22;22;22;22;22;22;22;22,0;22,0;22,0;129;129,0;129,0;129;129;129;129;129;129;129,0;129,0;129,0;NA;NA;NA;NA;NA;NA;NA;NA;NA;NA;NA
2021-10-12;0-60;13;13,0;13;13;13;13;13;13;13;13,0;13,0;13,0;71;71,0;71,0;71;71;71;71;71;71;71,0;71,0;71,0;1,0000000000000000;1,000000000000000;1,0000000000000000;1,0000000000000000;1,0000000000000000;1,0000000000000000;1,0000000000000000;1,0000000000000000;1,0000000000000000;1,0000000000000000;1,00000000000000000
2021-10-12;60+;5;5,0;5;5;5;5;5;5;5;5,0;5,0;5,0;64;64,0;64,0;64;64;64;64;64;64;64,0;64,0;64,0;1,0000000000000000;1,000000000000000;1,0000000000000000;1,0000000000000000;1,0000000000000000;1,0000000000000000;1,0000000000000000;1,0000000000000000;1,0000000000000000;1,0000000000000000;1,00000000000000000
2021-10-12;alle;18;18,0;18;18;18;18;18;18;18;18,0;18,0;18,0;135;135,0;135,0;135;135;135;135;135;135;135,0;135,0;135,0;NA;NA;NA;NA;NA;NA;NA;NA;NA;NA;NA
2021-10-11;0-60;3;3,0;3;3;3;3;3;3;3;3,0;3,0;3,0;64;64,0;64,0;64;64;64;64;64;64;64,0;64,0;64,0;1,0000000000000000;1,000000000000000;1,0000000000000000;1,0000000000000000;1,0000000000000000;1,0000000000000000;1,0000000000000000;1,0000000000000000;1,0000000000000000;1,0000000000000000;1,00000000000000000
2021-10-11;60+;3;3,0;3;3;3;3;3;3;3;3,0;3,0;3,0;62;62,0;62,0;62;62;62;62;62;62;62,0;62,0;62,0;1,0000000000000000;1,000000000000000;1,0000000000000000;1,0000000000000000;1,0000000000000000;1,0000000000000000;1,0000000000000000;1,0000000000000000;1,0000000000000000;1,0000000000000000;1,00000000000000000
2021-10-11;alle;6;6,0;6;6;6;6;6;6;6;6,0;6,0;6,0;126;126,0;126,0;126;126;126;126;126;126;126,0;126,0;126,0;NA;NA;NA;NA;NA;NA;NA;NA;NA;NA;NA
2021-10-10;0-60;13;13,0;13;13;13;13;13;13;13;13,0;13,0;13,0;64;64,0;64,0;64;64;64;64;64;64;64,0;64,0;64,0;1,0000000000000000;1,000000000000000;1,0000000000000000;1,0000000000000000;1,0000000000000000;1,0000000000000000;1,0000000000000000;1,0000000000000000;1,0000000000000000;1,0000000000000000;1,00000000000000000
2021-10-10;60+;6;6,0;6;6;6;6;6;6;6;6,0;6,0;6,0;64;64,0;64,0;64;64;64;64;64;64;64,0;64,0;64,0;1,0000000000000000;1,000000000000000;1,0000000000000000;1,0000000000000000;1,0000000000000000;1,0000000000000000;1,0000000000000000;1,0000000000000000;1,0000000000000000;1,0000000000000000;1,00000000000000000
2021-10-10;alle;19;19,0;19;19;19;19;19;19;19;19,0;19,0;19,0;128;128,0;128,0;128;128;128;128;128;128;128,0;128,0;128,0;NA;NA;NA;NA;NA;NA;NA;NA;NA;NA;NA
2021-10-09;0-60;9;9,0;9;9;9;9;9;9;9;9,0;9,0;9,0;61;61,0;61,0;61;61;61;61;61;61;61,0;61,0;61,0;1,0000000000000000;1,000000000000000;1,0000000000000000;1,0000000000000000;1,0000000000000000;1,0000000000000000;1,0000000000000000;1,0000000000000000;1,0000000000000000;1,0000000000000000;1,00000000000000000
2021-10-09;60+;3;3,0;3;3;3;3;3;3;3;3,0;3,0;3,0;63;63,0;63,0;63;63;63;63;63;63;63,0;63,0;63,0;1,0000000000000000;1,000000000000000;1,0000000000000000;1,0000000000000000;1,0000000000000000;1,0000000000000000;1,0000000000000000;1,0000000000000000;1,0000000000000000;1,0000000000000000;1,00000000000000000
2021-10-09;alle;12;12,0;12;12;12;12;12;12;12;12,0;12,0;12,0;124;124,0;124,0;124;124;124;124;124;124;124,0;124,0;124,0;NA;NA;NA;NA;NA;NA;NA;NA;NA;NA;NA
2021-10-08;0-60;11;11,0;11;11;11;11;11;11;11;11,0;11,0;11,0;69;69,0;69,0;69;69;69;69;69;69;69,0;69,0;69,0;1,0000000000000000;1,000000000000000;1,0000000000000000;1,0000000000000000;1,0000000000000000;1,0000000000000000;1,0000000000000000;1,0000000000000000;1,0000000000000000;1,0000000000000000;1,00000000000000000
2021-10-08;60+;15;15,0;15;15;15;15;15;15;15;15,0;15,0;15,0;70;70,0;70,0;70;70;70;70;70;70;70,0;70,0;70,0;1,0000000000000000;1,000000000000000;1,0000000000000000;1,0000000000000000;1,0000000000000000;1,0000000000000000;1,0000000000000000;1,0000000000000000;1,0000000000000000;1,0000000000000000;1,00000000000000000
2021-10-08;alle;26;26,0;26;26;26;26;26;26;26;26,0;26,0;26,0;139;139,0;139,0;139;139;139;139;139;139;139,0;139,0;139,0;NA;NA;NA;NA;NA;NA;NA;NA;NA;NA;NA
2021-10-07;0-60;11;11,0;11;11;11;11;11;11;11;11,0;11,0;11,0;74;74,0;74,0;74;74;74;74;74;74;74,0;74,0;74,0;1,0000000000000000;1,000000000000000;1,0000000000000000;1,0000000000000000;1,0000000000000000;1,0000000000000000;1,0000000000000000;1,0000000000000000;1,0000000000000000;1,0000000000000000;1,00000000000000000
2021-10-07;60+;15;15,0;15;15;15;15;15;15;15;15,0;15,0;15,0;62;62,0;62,0;62;62;62;62;62;62;62,0;62,0;62,0;1,0000000000000000;1,000000000000000;1,0000000000000000;1,0000000000000000;1,0000000000000000;1,0000000000000000;1,0000000000000000;1,0000000000000000;1,0000000000000000;1,0000000000000000;1,00000000000000000
2021-10-07;alle;26;26,0;26;26;26;26;26;26;26;26,0;26,0;26,0;136;136,0;136,0;136;136;136;136;136;136;136,0;136,0;136,0;NA;NA;NA;NA;NA;NA;NA;NA;NA;NA;NA
2021-10-06;0-60;11;11,0;11;11;11;11;11;11;11;11,0;11,0;11,0;77;77,0;77,0;77;77;77;77;77;77;77,0;77,0;77,0;1,0000000000000000;1,000000000000000;1,0000000000000000;1,0000000000000000;1,0000000000000000;1,0000000000000000;1,0000000000000000;1,0000000000000000;1,0000000000000000;1,0000000000000000;1,00000000000000000
2021-10-06;60+;17;17,0;17;17;17;17;17;17;17;17,0;17,0;17,0;54;54,0;54,0;54;54;54;54;54;54;54,0;54,0;54,0;1,0000000000000000;1,000000000000000;1,0000000000000000;1,0000000000000000;1,0000000000000000;1,0000000000000000;1,0000000000000000;1,0000000000000000;1,0000000000000000;1,0000000000000000;1,00000000000000000
2021-10-06;alle;28;28,0;28;28;28;28;28;28;28;28,0;28,0;28,0;131;131,0;131,0;131;131;131;131;131;131;131,0;131,0;131,0;NA;NA;NA;NA;NA;NA;NA;NA;NA;NA;NA
2021-10-05;0-60;6;6,0;6;6;6;6;6;6;6;6,0;6,0;6,0;77;77,0;77,0;77;77;77;77;77;77;77,0;77,0;77,0;1,0000000000000000;1,000000000000000;1,0000000000000000;1,0000000000000000;1,0000000000000000;1,0000000000000000;1,0000000000000000;1,0000000000000000;1,0000000000000000;1,0000000000000000;1,00000000000000000
2021-10-05;60+;3;3,0;3;3;3;3;3;3;3;3,0;3,0;3,0;49;49,0;49,0;49;49;49;49;49;49;49,0;49,0;49,0;1,0000000000000000;1,000000000000000;1,0000000000000000;1,0000000000000000;1,0000000000000000;1,0000000000000000;1,0000000000000000;1,0000000000000000;1,0000000000000000;1,0000000000000000;1,00000000000000000
2021-10-05;alle;9;9,0;9;9;9;9;9;9;9;9,0;9,0;9,0;126;126,0;126,0;126;126;126;126;126;126;126,0;126,0;126,0;NA;NA;NA;NA;NA;NA;NA;NA;NA;NA;NA
2021-10-04;0-60;3;3,0;3;3;3;3;3;3;3;3,0;3,0;3,0;78;78,0;78,0;78;78;78;78;78;78;78,0;78,0;78,0;1,0000000000000000;1,000000000000000;1,0000000000000000;1,0000000000000000;1,0000000000000000;1,0000000000000000;1,0000000000000000;1,0000000000000000;1,0000000000000000;1,0000000000000000;1,00000000000000000
2021-10-04;60+;5;5,0;5;5;5;5;5;5;5;5,0;5,0;5,0;52;52,0;52,0;52;52;52;52;52;52;52,0;52,0;52,0;1,0000000000000000;1,000000000000000;1,0000000000000000;1,0000000000000000;1,0000000000000000;1,0000000000000000;1,0000000000000000;1,0000000000000000;1,0000000000000000;1,0000000000000000;1,00000000000000000
2021-10-04;alle;8;8,0;8;8;8;8;8;8;8;8,0;8,0;8,0;130;130,0;130,0;130;130;130;130;130;130;130,0;130,0;130,0;NA;NA;NA;NA;NA;NA;NA;NA;NA;NA;NA
2021-10-03;0-60;10;10,0;10;10;10;10;10;10;10;10,0;10,0;10,0;81;81,0;81,0;81;81;81;81;81;81;81,0;81,0;81,0;1,0000000000000000;1,000000000000000;1,0000000000000000;1,0000000000000000;1,0000000000000000;1,0000000000000000;1,0000000000000000;1,0000000000000000;1,0000000000000000;1,0000000000000000;1,00000000000000000
2021-10-03;60+;5;5,0;5;5;5;5;5;5;5;5,0;5,0;5,0;50;50,0;50,0;50;50;50;50;50;50;50,0;50,0;50,0;1,0000000000000000;1,000000000000000;1,0000000000000000;1,0000000000000000;1,0000000000000000;1,0000000000000000;1,0000000000000000;1,0000000000000000;1,0000000000000000;1,0000000000000000;1,00000000000000000
2021-10-03;alle;15;15,0;15;15;15;15;15;15;15;15,0;15,0;15,0;131;131,0;131,0;131;131;131;131;131;131;131,0;131,0;131,0;NA;NA;NA;NA;NA;NA;NA;NA;NA;NA;NA
2021-10-02;0-60;17;17,0;17;17;17;17;17;17;17;17,0;17,0;17,0;72;72,0;72,0;72;72;72;72;72;72;72,0;72,0;72,0;1,0000000000000000;1,000000000000000;1,0000000000000000;1,0000000000000000;1,0000000000000000;1,0000000000000000;1,0000000000000000;1,0000000000000000;1,0000000000000000;1,0000000000000000;1,00000000000000000
2021-10-02;60+;10;10,0;10;10;10;10;10;10;10;10,0;10,0;10,0;45;45,0;45,0;45;45;45;45;45;45;45,0;45,0;45,0;1,0000000000000000;1,000000000000000;1,0000000000000000;1,0000000000000000;1,0000000000000000;1,0000000000000000;1,0000000000000000;1,0000000000000000;1,0000000000000000;1,0000000000000000;1,00000000000000000
2021-10-02;alle;27;27,0;27;27;27;27;27;27;27;27,0;27,0;27,0;117;117,0;117,0;117;117;117;117;117;117;117,0;117,0;117,0;NA;NA;NA;NA;NA;NA;NA;NA;NA;NA;NA
2021-10-01;0-60;16;16,0;16;16;16;16;16;16;16;16,0;16,0;16,0;67;67,0;67,0;67;67;67;67;67;67;67,0;67,0;67,0;1,0000000000000000;1,000000000000000;1,0000000000000000;1,0000000000000000;1,0000000000000000;1,0000000000000000;1,0000000000000000;1,0000000000000000;1,0000000000000000;1,0000000000000000;1,00000000000000000
2021-10-01;60+;7;7,0;7;7;7;7;7;7;7;7,0;7,0;7,0;40;40,0;40,0;40;40;40;40;40;40;40,0;40,0;40,0;1,0000000000000000;1,000000000000000;1,0000000000000000;1,0000000000000000;1,0000000000000000;1,0000000000000000;1,0000000000000000;1,0000000000000000;1,0000000000000000;1,0000000000000000;1,00000000000000000
2021-10-01;alle;23;23,0;23;23;23;23;23;23;23;23,0;23,0;23,0;107;107,0;107,0;107;107;107;107;107;107;107,0;107,0;107,0;NA;NA;NA;NA;NA;NA;NA;NA;NA;NA;NA
2021-09-30;0-60;14;14,0;14;14;14;14;14;14;14;14,0;14,0;14,0;65;65,0;65,0;65;65;65;65;65;65;65,0;65,0;65,0;1,0000000000000000;1,000000000000000;1,0000000000000000;1,0000000000000000;1,0000000000000000;1,0000000000000000;1,0000000000000000;1,0000000000000000;1,0000000000000000;1,0000000000000000;1,00000000000000000
2021-09-30;60+;7;7,0;7;7;7;7;7;7;7;7,0;7,0;7,0;36;36,0;36,0;36;36;36;36;36;36;36,0;36,0;36,0;1,0000000000000000;1,000000000000000;1,0000000000000000;1,0000000000000000;1,0000000000000000;1,0000000000000000;1,0000000000000000;1,0000000000000000;1,0000000000000000;1,0000000000000000;1,00000000000000000
2021-09-30;alle;21;21,0;21;21;21;21;21;21;21;21,0;21,0;21,0;101;101,0;101,0;101;101;101;101;101;101;101,0;101,0;101,0;NA;NA;NA;NA;NA;NA;NA;NA;NA;NA;NA
2021-09-29;0-60;11;11,0;11;11;11;11;11;11;11;11,0;11,0;11,0;68;68,0;68,0;68;68;68;68;68;68;68,0;68,0;68,0;1,0000000000000000;1,000000000000000;1,0000000000000000;1,0000000000000000;1,0000000000000000;1,0000000000000000;1,0000000000000000;1,0000000000000000;1,0000000000000000;1,0000000000000000;1,00000000000000000
2021-09-29;60+;12;12,0;12;12;12;12;12;12;12;12,0;12,0;12,0;43;43,0;43,0;43;43;43;43;43;43;43,0;43,0;43,0;1,0000000000000000;1,000000000000000;1,0000000000000000;1,0000000000000000;1,0000000000000000;1,0000000000000000;1,0000000000000000;1,0000000000000000;1,0000000000000000;1,0000000000000000;1,00000000000000000
2021-09-29;alle;23;23,0;23;23;23;23;23;23;23;23,0;23,0;23,0;111;111,0;111,0;111;111;111;111;111;111;111,0;111,0;111,0;NA;NA;NA;NA;NA;NA;NA;NA;NA;NA;NA
2021-09-28;0-60;7;7,0;7;7;7;7;7;7;7;7,0;7,0;7,0;79;79,0;79,0;79;79;79;79;79;79;79,0;79,0;79,0;1,0000000000000000;1,000000000000000;1,0000000000000000;1,0000000000000000;1,0000000000000000;1,0000000000000000;1,0000000000000000;1,0000000000000000;1,0000000000000000;1,0000000000000000;1,00000000000000000
2021-09-28;60+;6;6,0;6;6;6;6;6;6;6;6,0;6,0;6,0;41;41,0;41,0;41;41;41;41;41;41;41,0;41,0;41,0;1,0000000000000000;1,000000000000000;1,0000000000000000;1,0000000000000000;1,0000000000000000;1,0000000000000000;1,0000000000000000;1,0000000000000000;1,0000000000000000;1,0000000000000000;1,00000000000000000
2021-09-28;alle;13;13,0;13;13;13;13;13;13;13;13,0;13,0;13,0;120;120,0;120,0;120;120;120;120;120;120;120,0;120,0;120,0;NA;NA;NA;NA;NA;NA;NA;NA;NA;NA;NA
2021-09-27;0-60;6;6,0;6;6;6;6;6;6;6;6,0;6,0;6,0;82;82,0;82,0;82;82;82;82;82;82;82,0;82,0;82,0;1,0000000000000000;1,000000000000000;1,0000000000000000;1,0000000000000000;1,0000000000000000;1,0000000000000000;1,0000000000000000;1,0000000000000000;1,0000000000000000;1,0000000000000000;1,00000000000000000
2021-09-27;60+;3;3,0;3;3;3;3;3;3;3;3,0;3,0;3,0;49;49,0;49,0;49;49;49;49;49;49;49,0;49,0;49,0;1,0000000000000000;1,000000000000000;1,0000000000000000;1,0000000000000000;1,0000000000000000;1,0000000000000000;1,0000000000000000;1,0000000000000000;1,0000000000000000;1,0000000000000000;1,00000000000000000
2021-09-27;alle;9;9,0;9;9;9;9;9;9;9;9,0;9,0;9,0;131;131,0;131,0;131;131;131;131;131;131;131,0;131,0;131,0;NA;NA;NA;NA;NA;NA;NA;NA;NA;NA;NA
2021-09-26;0-60;1;1,0;1;1;1;1;1;1;1;1,0;1,0;1,0;80;80,0;80,0;80;80;80;80;80;80;80,0;80,0;80,0;1,0000000000000000;1,000000000000000;1,0000000000000000;1,0000000000000000;1,0000000000000000;1,0000000000000000;1,0000000000000000;1,0000000000000000;1,0000000000000000;1,0000000000000000;1,00000000000000000
2021-09-26;60+;0;0,0;0;0;0;0;0;0;0;0,0;0,0;0,0;48;48,0;48,0;48;48;48;48;48;48;48,0;48,0;48,0;1,0000000000000000;1,000000000000000;1,0000000000000000;1,0000000000000000;1,0000000000000000;1,0000000000000000;1,0000000000000000;1,0000000000000000;1,0000000000000000;1,0000000000000000;1,00000000000000000
2021-09-26;alle;1;1,0;1;1;1;1;1;1;1;1,0;1,0;1,0;128;128,0;128,0;128;128;128;128;128;128;128,0;128,0;128,0;NA;NA;NA;NA;NA;NA;NA;NA;NA;NA;NA
2021-09-25;0-60;12;12,0;12;12;12;12;12;12;12;12,0;12,0;12,0;87;87,0;87,0;87;87;87;87;87;87;87,0;87,0;87,0;1,0000000000000000;1,000000000000000;1,0000000000000000;1,0000000000000000;1,0000000000000000;1,0000000000000000;1,0000000000000000;1,0000000000000000;1,0000000000000000;1,0000000000000000;1,00000000000000000
2021-09-25;60+;5;5,0;5;5;5;5;5;5;5;5,0;5,0;5,0;53;53,0;53,0;53;53;53;53;53;53;53,0;53,0;53,0;1,0000000000000000;1,000000000000000;1,0000000000000000;1,0000000000000000;1,0000000000000000;1,0000000000000000;1,0000000000000000;1,0000000000000000;1,0000000000000000;1,0000000000000000;1,00000000000000000
2021-09-25;alle;17;17,0;17;17;17;17;17;17;17;17,0;17,0;17,0;140;140,0;140,0;140;140;140;140;140;140;140,0;140,0;140,0;NA;NA;NA;NA;NA;NA;NA;NA;NA;NA;NA
2021-09-24;0-60;14;14,0;14;14;14;14;14;14;14;14,0;14,0;14,0;87;87,0;87,0;87;87;87;87;87;87;87,0;87,0;87,0;1,0000000000000000;1,000000000000000;1,0000000000000000;1,0000000000000000;1,0000000000000000;1,0000000000000000;1,0000000000000000;1,0000000000000000;1,0000000000000000;1,0000000000000000;1,00000000000000000
2021-09-24;60+;3;3,0;3;3;3;3;3;3;3;3,0;3,0;3,0;65;65,0;65,0;65;65;65;65;65;65;65,0;65,0;65,0;1,0000000000000000;1,000000000000000;1,0000000000000000;1,0000000000000000;1,0000000000000000;1,0000000000000000;1,0000000000000000;1,0000000000000000;1,0000000000000000;1,0000000000000000;1,00000000000000000
2021-09-24;alle;17;17,0;17;17;17;17;17;17;17;17,0;17,0;17,0;152;152,0;152,0;152;152;152;152;152;152;152,0;152,0;152,0;NA;NA;NA;NA;NA;NA;NA;NA;NA;NA;NA
2021-09-23;0-60;17;17,0;17;17;17;17;17;17;17;17,0;17,0;17,0;84;84,0;84,0;84;84;84;84;84;84;84,0;84,0;84,0;1,0000000000000000;1,000000000000000;1,0000000000000000;1,0000000000000000;1,0000000000000000;1,0000000000000000;1,0000000000000000;1,0000000000000000;1,0000000000000000;1,0000000000000000;1,00000000000000000
2021-09-23;60+;14;14,0;14;14;14;14;14;14;14;14,0;14,0;14,0;73;73,0;73,0;73;73;73;73;73;73;73,0;73,0;73,0;1,0000000000000000;1,000000000000000;1,0000000000000000;1,0000000000000000;1,0000000000000000;1,0000000000000000;1,0000000000000000;1,0000000000000000;1,0000000000000000;1,0000000000000000;1,00000000000000000
2021-09-23;alle;31;31,0;31;31;31;31;31;31;31;31,0;31,0;31,0;157;157,0;157,0;157;157;157;157;157;157;157,0;157,0;157,0;NA;NA;NA;NA;NA;NA;NA;NA;NA;NA;NA
2021-09-22;0-60;22;22,0;22;22;22;22;22;22;22;22,0;22,0;22,0;77;77,0;77,0;77;77;77;77;77;77;77,0;77,0;77,0;1,0000000000000000;1,000000000000000;1,0000000000000000;1,0000000000000000;1,0000000000000000;1,0000000000000000;1,0000000000000000;1,0000000000000000;1,0000000000000000;1,0000000000000000;1,00000000000000000
2021-09-22;60+;10;10,0;10;10;10;10;10;10;10;10,0;10,0;10,0;67;67,0;67,0;67;67;67;67;67;67;67,0;67,0;67,0;1,0000000000000000;1,000000000000000;1,0000000000000000;1,0000000000000000;1,0000000000000000;1,0000000000000000;1,0000000000000000;1,0000000000000000;1,0000000000000000;1,0000000000000000;1,00000000000000000
2021-09-22;alle;32;32,0;32;32;32;32;32;32;32;32,0;32,0;32,0;144;144,0;144,0;144;144;144;144;144;144;144,0;144,0;144,0;NA;NA;NA;NA;NA;NA;NA;NA;NA;NA;NA
2021-09-21;0-60;10;10,0;10;10;10;10;10;10;10;10,0;10,0;10,0;68;68,0;68,0;68;68;68;68;68;68;68,0;68,0;68,0;1,0000000000000000;1,000000000000000;1,0000000000000000;1,0000000000000000;1,0000000000000000;1,0000000000000000;1,0000000000000000;1,0000000000000000;1,0000000000000000;1,0000000000000000;1,00000000000000000
2021-09-21;60+;14;14,0;14;14;14;14;14;14;14;14,0;14,0;14,0;77;77,0;77,0;77;77;77;77;77;77;77,0;77,0;77,0;1,0000000000000000;1,000000000000000;1,0000000000000000;1,0000000000000000;1,0000000000000000;1,0000000000000000;1,0000000000000000;1,0000000000000000;1,0000000000000000;1,0000000000000000;1,00000000000000000
2021-09-21;alle;24;24,0;24;24;24;24;24;24;24;24,0;24,0;24,0;145;145,0;145,0;145;145;145;145;145;145;145,0;145,0;145,0;NA;NA;NA;NA;NA;NA;NA;NA;NA;NA;NA
2021-09-20;0-60;4;4,0;4;4;4;4;4;4;4;4,0;4,0;4,0;78;78,0;78,0;78;78;78;78;78;78;78,0;78,0;78,0;1,0000000000000000;1,000000000000000;1,0000000000000000;1,0000000000000000;1,0000000000000000;1,0000000000000000;1,0000000000000000;1,0000000000000000;1,0000000000000000;1,0000000000000000;1,00000000000000000
2021-09-20;60+;2;2,0;2;2;2;2;2;2;2;2,0;2,0;2,0;76;76,0;76,0;76;76;76;76;76;76;76,0;76,0;76,0;1,0000000000000000;1,000000000000000;1,0000000000000000;1,0000000000000000;1,0000000000000000;1,0000000000000000;1,0000000000000000;1,0000000000000000;1,0000000000000000;1,0000000000000000;1,00000000000000000
2021-09-20;alle;6;6,0;6;6;6;6;6;6;6;6,0;6,0;6,0;154;154,0;154,0;154;154;154;154;154;154;154,0;154,0;154,0;NA;NA;NA;NA;NA;NA;NA;NA;NA;NA;NA
2021-09-19;0-60;8;8,0;8;8;8;8;8;8;8;8,0;8,0;8,0;80;80,0;80,0;80;80;80;80;80;80;80,0;80,0;80,0;1,0000000000000000;1,000000000000000;1,0000000000000000;1,0000000000000000;1,0000000000000000;1,0000000000000000;1,0000000000000000;1,0000000000000000;1,0000000000000000;1,0000000000000000;1,00000000000000000
2021-09-19;60+;5;5,0;5;5;5;5;5;5;5;5,0;5,0;5,0;74;74,0;74,0;74;74;74;74;74;74;74,0;74,0;74,0;1,0000000000000000;1,000000000000000;1,0000000000000000;1,0000000000000000;1,0000000000000000;1,0000000000000000;1,0000000000000000;1,0000000000000000;1,0000000000000000;1,0000000000000000;1,00000000000000000
2021-09-19;alle;13;13,0;13;13;13;13;13;13;13;13,0;13,0;13,0;154;154,0;154,0;154;154;154;154;154;154;154,0;154,0;154,0;NA;NA;NA;NA;NA;NA;NA;NA;NA;NA;NA
2021-09-18;0-60;12;12,0;12;12;12;12;12;12;12;12,0;12,0;12,0;89;89,0;89,0;89;89;89;89;89;89;89,0;89,0;89,0;1,0000000000000000;1,000000000000000;1,0000000000000000;1,0000000000000000;1,0000000000000000;1,0000000000000000;1,0000000000000000;1,0000000000000000;1,0000000000000000;1,0000000000000000;1,00000000000000000
2021-09-18;60+;17;17,0;17;17;17;17;17;17;17;17,0;17,0;17,0;73;73,0;73,0;73;73;73;73;73;73;73,0;73,0;73,0;1,0000000000000000;1,000000000000000;1,0000000000000000;1,0000000000000000;1,0000000000000000;1,0000000000000000;1,0000000000000000;1,0000000000000000;1,0000000000000000;1,0000000000000000;1,00000000000000000
2021-09-18;alle;29;29,0;29;29;29;29;29;29;29;29,0;29,0;29,0;162;162,0;162,0;162;162;162;162;162;162;162,0;162,0;162,0;NA;NA;NA;NA;NA;NA;NA;NA;NA;NA;NA
2021-09-17;0-60;11;11,0;11;11;11;11;11;11;11;11,0;11,0;11,0;84;84,0;84,0;84;84;84;84;84;84;84,0;84,0;84,0;1,0000000000000000;1,000000000000000;1,0000000000000000;1,0000000000000000;1,0000000000000000;1,0000000000000000;1,0000000000000000;1,0000000000000000;1,0000000000000000;1,0000000000000000;1,00000000000000000
2021-09-17;60+;11;11,0;11;11;11;11;11;11;11;11,0;11,0;11,0;67;67,0;67,0;67;67;67;67;67;67;67,0;67,0;67,0;1,0000000000000000;1,000000000000000;1,0000000000000000;1,0000000000000000;1,0000000000000000;1,0000000000000000;1,0000000000000000;1,0000000000000000;1,0000000000000000;1,0000000000000000;1,00000000000000000
2021-09-17;alle;22;22,0;22;22;22;22;22;22;22;22,0;22,0;22,0;151;151,0;151,0;151;151;151;151;151;151;151,0;151,0;151,0;NA;NA;NA;NA;NA;NA;NA;NA;NA;NA;NA
2021-09-16;0-60;10;10,0;10;10;10;10;10;10;10;10,0;10,0;10,0;94;94,0;94,0;94;94;94;94;94;94;94,0;94,0;94,0;1,0000000000000000;1,000000000000000;1,0000000000000000;1,0000000000000000;1,0000000000000000;1,0000000000000000;1,0000000000000000;1,0000000000000000;1,0000000000000000;1,0000000000000000;1,00000000000000000
2021-09-16;60+;8;8,0;8;8;8;8;8;8;8;8,0;8,0;8,0;68;68,0;68,0;68;68;68;68;68;68;68,0;68,0;68,0;1,0000000000000000;1,000000000000000;1,0000000000000000;1,0000000000000000;1,0000000000000000;1,0000000000000000;1,0000000000000000;1,0000000000000000;1,0000000000000000;1,0000000000000000;1,00000000000000000
2021-09-16;alle;18;18,0;18;18;18;18;18;18;18;18,0;18,0;18,0;162;162,0;162,0;162;162;162;162;162;162;162,0;162,0;162,0;NA;NA;NA;NA;NA;NA;NA;NA;NA;NA;NA
2021-09-15;0-60;13;13,0;13;13;13;13;13;13;13;13,0;13,0;13,0;112;112,0;112,0;112;112;112;112;112;112;112,0;112,0;112,0;1,0000000000000000;1,000000000000000;1,0000000000000000;1,0000000000000000;1,0000000000000000;1,0000000000000000;1,0000000000000000;1,0000000000000000;1,0000000000000000;1,0000000000000000;1,00000000000000000
2021-09-15;60+;20;20,0;20;20;20;20;20;20;20;20,0;20,0;20,0;76;76,0;76,0;76;76;76;76;76;76;76,0;76,0;76,0;1,0000000000000000;1,000000000000000;1,0000000000000000;1,0000000000000000;1,0000000000000000;1,0000000000000000;1,0000000000000000;1,0000000000000000;1,0000000000000000;1,0000000000000000;1,00000000000000000
2021-09-15;alle;33;33,0;33;33;33;33;33;33;33;33,0;33,0;33,0;188;188,0;188,0;188;188;188;188;188;188;188,0;188,0;188,0;NA;NA;NA;NA;NA;NA;NA;NA;NA;NA;NA
2021-09-14;0-60;20;20,0;20;20;20;20;20;20;20;20,0;20,0;20,0;126;126,0;126,0;126;126;126;126;126;126;126,0;126,0;126,0;1,0000000000000000;1,000000000000000;1,0000000000000000;1,0000000000000000;1,0000000000000000;1,0000000000000000;1,0000000000000000;1,0000000000000000;1,0000000000000000;1,0000000000000000;1,00000000000000000
2021-09-14;60+;13;13,0;13;13;13;13;13;13;13;13,0;13,0;13,0;74;74,0;74,0;74;74;74;74;74;74;74,0;74,0;74,0;1,0000000000000000;1,000000000000000;1,0000000000000000;1,0000000000000000;1,0000000000000000;1,0000000000000000;1,0000000000000000;1,0000000000000000;1,0000000000000000;1,0000000000000000;1,00000000000000000
2021-09-14;alle;33;33,0;33;33;33;33;33;33;33;33,0;33,0;33,0;200;200,0;200,0;200;200;200;200;200;200;200,0;200,0;200,0;NA;NA;NA;NA;NA;NA;NA;NA;NA;NA;NA
2021-09-13;0-60;6;6,0;6;6;6;6;6;6;6;6,0;6,0;6,0;125;125,0;125,0;125;125;125;125;125;125;125,0;125,0;125,0;1,0000000000000000;1,000000000000000;1,0000000000000000;1,0000000000000000;1,0000000000000000;1,0000000000000000;1,0000000000000000;1,0000000000000000;1,0000000000000000;1,0000000000000000;1,00000000000000000
2021-09-13;60+;0;0,0;0;0;0;0;0;0;0;0,0;0,0;0,0;76;76,0;76,0;76;76;76;76;76;76;76,0;76,0;76,0;1,0000000000000000;1,000000000000000;1,0000000000000000;1,0000000000000000;1,0000000000000000;1,0000000000000000;1,0000000000000000;1,0000000000000000;1,0000000000000000;1,0000000000000000;1,00000000000000000
2021-09-13;alle;6;6,0;6;6;6;6;6;6;6;6,0;6,0;6,0;201;201,0;201,0;201;201;201;201;201;201;201,0;201,0;201,0;NA;NA;NA;NA;NA;NA;NA;NA;NA;NA;NA
2021-09-12;0-60;17;17,0;17;17;17;17;17;17;17;17,0;17,0;17,0;123;123,0;123,0;123;123;123;123;123;123;123,0;123,0;123,0;1,0000000000000000;1,000000000000000;1,0000000000000000;1,0000000000000000;1,0000000000000000;1,0000000000000000;1,0000000000000000;1,0000000000000000;1,0000000000000000;1,0000000000000000;1,00000000000000000
2021-09-12;60+;4;4,0;4;4;4;4;4;4;4;4,0;4,0;4,0;80;80,0;80,0;80;80;80;80;80;80;80,0;80,0;80,0;1,0000000000000000;1,000000000000000;1,0000000000000000;1,0000000000000000;1,0000000000000000;1,0000000000000000;1,0000000000000000;1,0000000000000000;1,0000000000000000;1,0000000000000000;1,00000000000000000
2021-09-12;alle;21;21,0;21;21;21;21;21;21;21;21,0;21,0;21,0;203;203,0;203,0;203;203;203;203;203;203;203,0;203,0;203,0;NA;NA;NA;NA;NA;NA;NA;NA;NA;NA;NA
2021-09-11;0-60;7;7,0;7;7;7;7;7;7;7;7,0;7,0;7,0;118;118,0;118,0;118;118;118;118;118;118;118,0;118,0;118,0;1,0000000000000000;1,000000000000000;1,0000000000000000;1,0000000000000000;1,0000000000000000;1,0000000000000000;1,0000000000000000;1,0000000000000000;1,0000000000000000;1,0000000000000000;1,00000000000000000
2021-09-11;60+;11;11,0;11;11;11;11;11;11;11;11,0;11,0;11,0;84;84,0;84,0;84;84;84;84;84;84;84,0;84,0;84,0;1,0000000000000000;1,000000000000000;1,0000000000000000;1,0000000000000000;1,0000000000000000;1,0000000000000000;1,0000000000000000;1,0000000000000000;1,0000000000000000;1,0000000000000000;1,00000000000000000
2021-09-11;alle;18;18,0;18;18;18;18;18;18;18;18,0;18,0;18,0;202;202,0;202,0;202;202;202;202;202;202;202,0;202,0;202,0;NA;NA;NA;NA;NA;NA;NA;NA;NA;NA;NA
2021-09-10;0-60;21;21,0;21;21;21;21;21;21;21;21,0;21,0;21,0;127;127,0;127,0;127;127;127;127;127;127;127,0;127,0;127,0;1,0000000000000000;1,000000000000000;1,0000000000000000;1,0000000000000000;1,0000000000000000;1,0000000000000000;1,0000000000000000;1,0000000000000000;1,0000000000000000;1,0000000000000000;1,00000000000000000
2021-09-10;60+;12;12,0;12;12;12;12;12;12;12;12,0;12,0;12,0;81;81,0;81,0;81;81;81;81;81;81;81,0;81,0;81,0;1,0000000000000000;1,000000000000000;1,0000000000000000;1,0000000000000000;1,0000000000000000;1,0000000000000000;1,0000000000000000;1,0000000000000000;1,0000000000000000;1,0000000000000000;1,00000000000000000
2021-09-10;alle;33;33,0;33;33;33;33;33;33;33;33,0;33,0;33,0;208;208,0;208,0;208;208;208;208;208;208;208,0;208,0;208,0;NA;NA;NA;NA;NA;NA;NA;NA;NA;NA;NA
2021-09-09;0-60;28;28,0;28;28;28;28;28;28;28;28,0;28,0;28,0;121;121,0;121,0;121;121;121;121;121;121;121,0;121,0;121,0;1,0000000000000000;1,000000000000000;1,0000000000000000;1,0000000000000000;1,0000000000000000;1,0000000000000000;1,0000000000000000;1,0000000000000000;1,0000000000000000;1,0000000000000000;1,00000000000000000
2021-09-09;60+;16;16,0;16;16;16;16;16;16;16;16,0;16,0;16,0;78;78,0;78,0;78;78;78;78;78;78;78,0;78,0;78,0;1,0000000000000000;1,000000000000000;1,0000000000000000;1,0000000000000000;1,0000000000000000;1,0000000000000000;1,0000000000000000;1,0000000000000000;1,0000000000000000;1,0000000000000000;1,00000000000000000
2021-09-09;alle;44;44,0;44;44;44;44;44;44;44;44,0;44,0;44,0;199;199,0;199,0;199;199;199;199;199;199;199,0;199,0;199,0;NA;NA;NA;NA;NA;NA;NA;NA;NA;NA;NA
2021-09-08;0-60;27;27,0;27;27;27;27;27;27;27;27,0;27,0;27,0;114;114,0;114,0;114;114;114;114;114;114;114,0;114,0;114,0;1,0000000000000000;1,000000000000000;1,0000000000000000;1,0000000000000000;1,0000000000000000;1,0000000000000000;1,0000000000000000;1,0000000000000000;1,0000000000000000;1,0000000000000000;1,00000000000000000
2021-09-08;60+;18;18,0;18;18;18;18;18;18;18;18,0;18,0;18,0;73;73,0;73,0;73;73;73;73;73;73;73,0;73,0;73,0;1,0000000000000000;1,000000000000000;1,0000000000000000;1,0000000000000000;1,0000000000000000;1,0000000000000000;1,0000000000000000;1,0000000000000000;1,0000000000000000;1,0000000000000000;1,00000000000000000
2021-09-08;alle;45;45,0;45;45;45;45;45;45;45;45,0;45,0;45,0;187;187,0;187,0;187;187;187;187;187;187;187,0;187,0;187,0;NA;NA;NA;NA;NA;NA;NA;NA;NA;NA;NA
2021-09-07;0-60;19;19,0;19;19;19;19;19;19;19;19,0;19,0;19,0;123;123,0;123,0;123;123;123;123;123;123;123,0;123,0;123,0;1,0000000000000000;1,000000000000000;1,0000000000000000;1,0000000000000000;1,0000000000000000;1,0000000000000000;1,0000000000000000;1,0000000000000000;1,0000000000000000;1,0000000000000000;1,00000000000000000
2021-09-07;60+;15;15,0;15;15;15;15;15;15;15;15,0;15,0;15,0;68;68,0;68,0;68;68;68;68;68;68;68,0;68,0;68,0;1,0000000000000000;1,000000000000000;1,0000000000000000;1,0000000000000000;1,0000000000000000;1,0000000000000000;1,0000000000000000;1,0000000000000000;1,0000000000000000;1,0000000000000000;1,00000000000000000
2021-09-07;alle;34;34,0;34;34;34;34;34;34;34;34,0;34,0;34,0;191;191,0;191,0;191;191;191;191;191;191;191,0;191,0;191,0;NA;NA;NA;NA;NA;NA;NA;NA;NA;NA;NA
2021-09-06;0-60;4;4,0;4;4;4;4;4;4;4;4,0;4,0;4,0;124;124,0;124,0;124;124;124;124;124;124;124,0;124,0;124,0;1,0000000000000000;1,000000000000000;1,0000000000000000;1,0000000000000000;1,0000000000000000;1,0000000000000000;1,0000000000000000;1,0000000000000000;1,0000000000000000;1,0000000000000000;1,00000000000000000
2021-09-06;60+;4;4,0;4;4;4;4;4;4;4;4,0;4,0;4,0;57;57,0;57,0;57;57;57;57;57;57;57,0;57,0;57,0;1,0000000000000000;1,000000000000000;1,0000000000000000;1,0000000000000000;1,0000000000000000;1,0000000000000000;1,0000000000000000;1,0000000000000000;1,0000000000000000;1,0000000000000000;1,00000000000000000
2021-09-06;alle;8;8,0;8;8;8;8;8;8;8;8,0;8,0;8,0;181;181,0;181,0;181;181;181;181;181;181;181,0;181,0;181,0;NA;NA;NA;NA;NA;NA;NA;NA;NA;NA;NA
2021-09-05;0-60;12;12,0;12;12;12;12;12;12;12;12,0;12,0;12,0;133;133,0;133,0;133;133;133;133;133;133;133,0;133,0;133,0;1,0000000000000000;1,000000000000000;1,0000000000000000;1,0000000000000000;1,0000000000000000;1,0000000000000000;1,0000000000000000;1,0000000000000000;1,0000000000000000;1,0000000000000000;1,00000000000000000
2021-09-05;60+;8;8,0;8;8;8;8;8;8;8;8,0;8,0;8,0;57;57,0;57,0;57;57;57;57;57;57;57,0;57,0;57,0;1,0000000000000000;1,000000000000000;1,0000000000000000;1,0000000000000000;1,0000000000000000;1,0000000000000000;1,0000000000000000;1,0000000000000000;1,0000000000000000;1,0000000000000000;1,00000000000000000
2021-09-05;alle;20;20,0;20;20;20;20;20;20;20;20,0;20,0;20,0;190;190,0;190,0;190;190;190;190;190;190;190,0;190,0;190,0;NA;NA;NA;NA;NA;NA;NA;NA;NA;NA;NA
2021-09-04;0-60;16;16,0;16;16;16;16;16;16;16;16,0;16,0;16,0;129;129,0;129,0;129;129;129;129;129;129;129,0;129,0;129,0;1,0000000000000000;1,000000000000000;1,0000000000000000;1,0000000000000000;1,0000000000000000;1,0000000000000000;1,0000000000000000;1,0000000000000000;1,0000000000000000;1,0000000000000000;1,00000000000000000
2021-09-04;60+;8;8,0;8;8;8;8;8;8;8;8,0;8,0;8,0;55;55,0;55,0;55;55;55;55;55;55;55,0;55,0;55,0;1,0000000000000000;1,000000000000000;1,0000000000000000;1,0000000000000000;1,0000000000000000;1,0000000000000000;1,0000000000000000;1,0000000000000000;1,0000000000000000;1,0000000000000000;1,00000000000000000
2021-09-04;alle;24;24,0;24;24;24;24;24;24;24;24,0;24,0;24,0;184;184,0;184,0;184;184;184;184;184;184;184,0;184,0;184,0;NA;NA;NA;NA;NA;NA;NA;NA;NA;NA;NA
2021-09-03;0-60;15;15,0;15;15;15;15;15;15;15;15,0;15,0;15,0;131;131,0;131,0;131;131;131;131;131;131;131,0;131,0;131,0;1,0000000000000000;1,000000000000000;1,0000000000000000;1,0000000000000000;1,0000000000000000;1,0000000000000000;1,0000000000000000;1,0000000000000000;1,0000000000000000;1,0000000000000000;1,00000000000000000
2021-09-03;60+;9;9,0;9;9;9;9;9;9;9;9,0;9,0;9,0;55;55,0;55,0;55;55;55;55;55;55;55,0;55,0;55,0;1,0000000000000000;1,000000000000000;1,0000000000000000;1,0000000000000000;1,0000000000000000;1,0000000000000000;1,0000000000000000;1,0000000000000000;1,0000000000000000;1,0000000000000000;1,00000000000000000
2021-09-03;alle;24;24,0;24;24;24;24;24;24;24;24,0;24,0;24,0;186;186,0;186,0;186;186;186;186;186;186;186,0;186,0;186,0;NA;NA;NA;NA;NA;NA;NA;NA;NA;NA;NA
2021-09-02;0-60;21;21,0;21;21;21;21;21;21;21;21,0;21,0;21,0;134;134,0;134,0;134;134;134;134;134;134;134,0;134,0;134,0;1,0000000000000000;1,000000000000000;1,0000000000000000;1,0000000000000000;1,0000000000000000;1,0000000000000000;1,0000000000000000;1,0000000000000000;1,0000000000000000;1,0000000000000000;1,00000000000000000
2021-09-02;60+;11;11,0;11;11;11;11;11;11;11;11,0;11,0;11,0;52;52,0;52,0;52;52;52;52;52;52;52,0;52,0;52,0;1,0000000000000000;1,000000000000000;1,0000000000000000;1,0000000000000000;1,0000000000000000;1,0000000000000000;1,0000000000000000;1,0000000000000000;1,0000000000000000;1,0000000000000000;1,00000000000000000
2021-09-02;alle;32;32,0;32;32;32;32;32;32;32;32,0;32,0;32,0;186;186,0;186,0;186;186;186;186;186;186;186,0;186,0;186,0;NA;NA;NA;NA;NA;NA;NA;NA;NA;NA;NA
2021-09-01;0-60;36;36,0;36;36;36;36;36;36;36;36,0;36,0;36,0;130;130,0;130,0;130;130;130;130;130;130;130,0;130,0;130,0;1,0000000000000000;1,000000000000000;1,0000000000000000;1,0000000000000000;1,0000000000000000;1,0000000000000000;1,0000000000000000;1,0000000000000000;1,0000000000000000;1,0000000000000000;1,00000000000000000
2021-09-01;60+;13;13,0;13;13;13;13;13;13;13;13,0;13,0;13,0;46;46,0;46,0;46;46;46;46;46;46;46,0;46,0;46,0;1,0000000000000000;1,000000000000000;1,0000000000000000;1,0000000000000000;1,0000000000000000;1,0000000000000000;1,0000000000000000;1,0000000000000000;1,0000000000000000;1,0000000000000000;1,00000000000000000
2021-09-01;alle;49;49,0;49;49;49;49;49;49;49;49,0;49,0;49,0;176;176,0;176,0;176;176;176;176;176;176;176,0;176,0;176,0;NA;NA;NA;NA;NA;NA;NA;NA;NA;NA;NA
2021-08-31;0-60;20;20,0;20;20;20;20;20;20;20;20,0;20,0;20,0;112;112,0;112,0;112;112;112;112;112;112;112,0;112,0;112,0;1,0000000000000000;1,000000000000000;1,0000000000000000;1,0000000000000000;1,0000000000000000;1,0000000000000000;1,0000000000000000;1,0000000000000000;1,0000000000000000;1,0000000000000000;1,00000000000000000
2021-08-31;60+;4;4,0;4;4;4;4;4;4;4;4,0;4,0;4,0;40;40,0;40,0;40;40;40;40;40;40;40,0;40,0;40,0;1,0000000000000000;1,000000000000000;1,0000000000000000;1,0000000000000000;1,0000000000000000;1,0000000000000000;1,0000000000000000;1,0000000000000000;1,0000000000000000;1,0000000000000000;1,00000000000000000
2021-08-31;alle;24;24,0;24;24;24;24;24;24;24;24,0;24,0;24,0;152;152,0;152,0;152;152;152;152;152;152;152,0;152,0;152,0;NA;NA;NA;NA;NA;NA;NA;NA;NA;NA;NA
2021-08-30;0-60;13;13,0;13;13;13;13;13;13;13;13,0;13,0;13,0;111;111,0;111,0;111;111;111;111;111;111;111,0;111,0;111,0;1,0000000000000000;1,000000000000000;1,0000000000000000;1,0000000000000000;1,0000000000000000;1,0000000000000000;1,0000000000000000;1,0000000000000000;1,0000000000000000;1,0000000000000000;1,00000000000000000
2021-08-30;60+;4;4,0;4;4;4;4;4;4;4;4,0;4,0;4,0;43;43,0;43,0;43;43;43;43;43;43;43,0;43,0;43,0;1,0000000000000000;1,000000000000000;1,0000000000000000;1,0000000000000000;1,0000000000000000;1,0000000000000000;1,0000000000000000;1,0000000000000000;1,0000000000000000;1,0000000000000000;1,00000000000000000
2021-08-30;alle;17;17,0;17;17;17;17;17;17;17;17,0;17,0;17,0;154;154,0;154,0;154;154;154;154;154;154;154,0;154,0;154,0;NA;NA;NA;NA;NA;NA;NA;NA;NA;NA;NA
2021-08-29;0-60;8;8,0;8;8;8;8;8;8;8;8,0;8,0;8,0;103;103,0;103,0;103;103;103;103;103;103;103,0;103,0;103,0;1,0000000000000000;1,000000000000000;1,0000000000000000;1,0000000000000000;1,0000000000000000;1,0000000000000000;1,0000000000000000;1,0000000000000000;1,0000000000000000;1,0000000000000000;1,00000000000000000
2021-08-29;60+;6;6,0;6;6;6;6;6;6;6;6,0;6,0;6,0;41;41,0;41,0;41;41;41;41;41;41;41,0;41,0;41,0;1,0000000000000000;1,000000000000000;1,0000000000000000;1,0000000000000000;1,0000000000000000;1,0000000000000000;1,0000000000000000;1,0000000000000000;1,0000000000000000;1,0000000000000000;1,00000000000000000
2021-08-29;alle;14;14,0;14;14;14;14;14;14;14;14,0;14,0;14,0;144;144,0;144,0;144;144;144;144;144;144;144,0;144,0;144,0;NA;NA;NA;NA;NA;NA;NA;NA;NA;NA;NA
2021-08-28;0-60;18;18,0;18;18;18;18;18;18;18;18,0;18,0;18,0;102;102,0;102,0;102;102;102;102;102;102;102,0;102,0;102,0;1,0000000000000000;1,000000000000000;1,0000000000000000;1,0000000000000000;1,0000000000000000;1,0000000000000000;1,0000000000000000;1,0000000000000000;1,0000000000000000;1,0000000000000000;1,00000000000000000
2021-08-28;60+;8;8,0;8;8;8;8;8;8;8;8,0;8,0;8,0;38;38,0;38,0;38;38;38;38;38;38;38,0;38,0;38,0;1,0000000000000000;1,000000000000000;1,0000000000000000;1,0000000000000000;1,0000000000000000;1,0000000000000000;1,0000000000000000;1,0000000000000000;1,0000000000000000;1,0000000000000000;1,00000000000000000
2021-08-28;alle;26;26,0;26;26;26;26;26;26;26;26,0;26,0;26,0;140;140,0;140,0;140;140;140;140;140;140;140,0;140,0;140,0;NA;NA;NA;NA;NA;NA;NA;NA;NA;NA;NA
2021-08-27;0-60;18;18,0;18;18;18;18;18;18;18;18,0;18,0;18,0;97;97,0;97,0;97;97;97;97;97;97;97,0;97,0;97,0;1,0000000000000000;1,000000000000000;1,0000000000000000;1,0000000000000000;1,0000000000000000;1,0000000000000000;1,0000000000000000;1,0000000000000000;1,0000000000000000;1,0000000000000000;1,00000000000000000
2021-08-27;60+;6;6,0;6;6;6;6;6;6;6;6,0;6,0;6,0;32;32,0;32,0;32;32;32;32;32;32;32,0;32,0;32,0;1,0000000000000000;1,000000000000000;1,0000000000000000;1,0000000000000000;1,0000000000000000;1,0000000000000000;1,0000000000000000;1,0000000000000000;1,0000000000000000;1,0000000000000000;1,00000000000000000
2021-08-27;alle;24;24,0;24;24;24;24;24;24;24;24,0;24,0;24,0;129;129,0;129,0;129;129;129;129;129;129;129,0;129,0;129,0;NA;NA;NA;NA;NA;NA;NA;NA;NA;NA;NA
2021-08-26;0-60;17;17,0;17;17;17;17;17;17;17;17,0;17,0;17,0;96;96,0;96,0;96;96;96;96;96;96;96,0;96,0;96,0;1,0000000000000000;1,000000000000000;1,0000000000000000;1,0000000000000000;1,0000000000000000;1,0000000000000000;1,0000000000000000;1,0000000000000000;1,0000000000000000;1,0000000000000000;1,00000000000000000
2021-08-26;60+;5;5,0;5;5;5;5;5;5;5;5,0;5,0;5,0;34;34,0;34,0;34;34;34;34;34;34;34,0;34,0;34,0;1,0000000000000000;1,000000000000000;1,0000000000000000;1,0000000000000000;1,0000000000000000;1,0000000000000000;1,0000000000000000;1,0000000000000000;1,0000000000000000;1,0000000000000000;1,00000000000000000
2021-08-26;alle;22;22,0;22;22;22;22;22;22;22;22,0;22,0;22,0;130;130,0;130,0;130;130;130;130;130;130;130,0;130,0;130,0;NA;NA;NA;NA;NA;NA;NA;NA;NA;NA;NA
2021-08-25;0-60;18;18,0;18;18;18;18;18;18;18;18,0;18,0;18,0;102;102,0;102,0;102;102;102;102;102;102;102,0;102,0;102,0;1,0000000000000000;1,000000000000000;1,0000000000000000;1,0000000000000000;1,0000000000000000;1,0000000000000000;1,0000000000000000;1,0000000000000000;1,0000000000000000;1,0000000000000000;1,00000000000000000
2021-08-25;60+;7;7,0;7;7;7;7;7;7;7;7,0;7,0;7,0;34;34,0;34,0;34;34;34;34;34;34;34,0;34,0;34,0;1,0000000000000000;1,000000000000000;1,0000000000000000;1,0000000000000000;1,0000000000000000;1,0000000000000000;1,0000000000000000;1,0000000000000000;1,0000000000000000;1,0000000000000000;1,00000000000000000
2021-08-25;alle;25;25,0;25;25;25;25;25;25;25;25,0;25,0;25,0;136;136,0;136,0;136;136;136;136;136;136;136,0;136,0;136,0;NA;NA;NA;NA;NA;NA;NA;NA;NA;NA;NA
2021-08-24;0-60;19;19,0;19;19;19;19;19;19;19;19,0;19,0;19,0;110;110,0;110,0;110;110;110;110;110;110;110,0;110,0;110,0;1,0000000000000000;1,000000000000000;1,0000000000000000;1,0000000000000000;1,0000000000000000;1,0000000000000000;1,0000000000000000;1,0000000000000000;1,0000000000000000;1,0000000000000000;1,00000000000000000
2021-08-24;60+;7;7,0;7;7;7;7;7;7;7;7,0;7,0;7,0;32;32,0;32,0;32;32;32;32;32;32;32,0;32,0;32,0;1,0000000000000000;1,000000000000000;1,0000000000000000;1,0000000000000000;1,0000000000000000;1,0000000000000000;1,0000000000000000;1,0000000000000000;1,0000000000000000;1,0000000000000000;1,00000000000000000
2021-08-24;alle;26;26,0;26;26;26;26;26;26;26;26,0;26,0;26,0;142;142,0;142,0;142;142;142;142;142;142;142,0;142,0;142,0;NA;NA;NA;NA;NA;NA;NA;NA;NA;NA;NA
2021-08-23;0-60;5;5,0;5;5;5;5;5;5;5;5,0;5,0;5,0;109;109,0;109,0;109;109;109;109;109;109;109,0;109,0;109,0;1,0000000000000000;1,000000000000000;1,0000000000000000;1,0000000000000000;1,0000000000000000;1,0000000000000000;1,0000000000000000;1,0000000000000000;1,0000000000000000;1,0000000000000000;1,00000000000000000
2021-08-23;60+;2;2,0;2;2;2;2;2;2;2;2,0;2,0;2,0;31;31,0;31,0;31;31;31;31;31;31;31,0;31,0;31,0;1,0000000000000000;1,000000000000000;1,0000000000000000;1,0000000000000000;1,0000000000000000;1,0000000000000000;1,0000000000000000;1,0000000000000000;1,0000000000000000;1,0000000000000000;1,00000000000000000
2021-08-23;alle;7;7,0;7;7;7;7;7;7;7;7,0;7,0;7,0;140;140,0;140,0;140;140;140;140;140;140;140,0;140,0;140,0;NA;NA;NA;NA;NA;NA;NA;NA;NA;NA;NA
2021-08-22;0-60;7;7,0;7;7;7;7;7;7;7;7,0;7,0;7,0;107;107,0;107,0;107;107;107;107;107;107;107,0;107,0;107,0;1,0000000000000000;1,000000000000000;1,0000000000000000;1,0000000000000000;1,0000000000000000;1,0000000000000000;1,0000000000000000;1,0000000000000000;1,0000000000000000;1,0000000000000000;1,00000000000000000
2021-08-22;60+;3;3,0;3;3;3;3;3;3;3;3,0;3,0;3,0;34;34,0;34,0;34;34;34;34;34;34;34,0;34,0;34,0;1,0000000000000000;1,000000000000000;1,0000000000000000;1,0000000000000000;1,0000000000000000;1,0000000000000000;1,0000000000000000;1,0000000000000000;1,0000000000000000;1,0000000000000000;1,00000000000000000
2021-08-22;alle;10;10,0;10;10;10;10;10;10;10;10,0;10,0;10,0;141;141,0;141,0;141;141;141;141;141;141;141,0;141,0;141,0;NA;NA;NA;NA;NA;NA;NA;NA;NA;NA;NA
2021-08-21;0-60;13;13,0;13;13;13;13;13;13;13;13,0;13,0;13,0;105;105,0;105,0;105;105;105;105;105;105;105,0;105,0;105,0;1,0000000000000000;1,000000000000000;1,0000000000000000;1,0000000000000000;1,0000000000000000;1,0000000000000000;1,0000000000000000;1,0000000000000000;1,0000000000000000;1,0000000000000000;1,00000000000000000
2021-08-21;60+;2;2,0;2;2;2;2;2;2;2;2,0;2,0;2,0;33;33,0;33,0;33;33;33;33;33;33;33,0;33,0;33,0;1,0000000000000000;1,000000000000000;1,0000000000000000;1,0000000000000000;1,0000000000000000;1,0000000000000000;1,0000000000000000;1,0000000000000000;1,0000000000000000;1,0000000000000000;1,00000000000000000
2021-08-21;alle;15;15,0;15;15;15;15;15;15;15;15,0;15,0;15,0;138;138,0;138,0;138;138;138;138;138;138;138,0;138,0;138,0;NA;NA;NA;NA;NA;NA;NA;NA;NA;NA;NA
2021-08-20;0-60;17;17,0;17;17;17;17;17;17;17;17,0;17,0;17,0;107;107,0;107,0;107;107;107;107;107;107;107,0;107,0;107,0;1,0000000000000000;1,000000000000000;1,0000000000000000;1,0000000000000000;1,0000000000000000;1,0000000000000000;1,0000000000000000;1,0000000000000000;1,0000000000000000;1,0000000000000000;1,00000000000000000
2021-08-20;60+;8;8,0;8;8;8;8;8;8;8;8,0;8,0;8,0;33;33,0;33,0;33;33;33;33;33;33;33,0;33,0;33,0;1,0000000000000000;1,000000000000000;1,0000000000000000;1,0000000000000000;1,0000000000000000;1,0000000000000000;1,0000000000000000;1,0000000000000000;1,0000000000000000;1,0000000000000000;1,00000000000000000
2021-08-20;alle;25;25,0;25;25;25;25;25;25;25;25,0;25,0;25,0;140;140,0;140,0;140;140;140;140;140;140;140,0;140,0;140,0;NA;NA;NA;NA;NA;NA;NA;NA;NA;NA;NA
2021-08-19;0-60;23;23,0;23;23;23;23;23;23;23;23,0;23,0;23,0;94;94,0;94,0;94;94;94;94;94;94;94,0;94,0;94,0;1,0000000000000000;1,000000000000000;1,0000000000000000;1,0000000000000000;1,0000000000000000;1,0000000000000000;1,0000000000000000;1,0000000000000000;1,0000000000000000;1,0000000000000000;1,00000000000000000
2021-08-19;60+;5;5,0;5;5;5;5;5;5;5;5,0;5,0;5,0;29;29,0;29,0;29;29;29;29;29;29;29,0;29,0;29,0;1,0000000000000000;1,000000000000000;1,0000000000000000;1,0000000000000000;1,0000000000000000;1,0000000000000000;1,0000000000000000;1,0000000000000000;1,0000000000000000;1,0000000000000000;1,00000000000000000
2021-08-19;alle;28;28,0;28;28;28;28;28;28;28;28,0;28,0;28,0;123;123,0;123,0;123;123;123;123;123;123;123,0;123,0;123,0;NA;NA;NA;NA;NA;NA;NA;NA;NA;NA;NA
2021-08-18;0-60;26;26,0;26;26;26;26;26;26;26;26,0;26,0;26,0;78;78,0;78,0;78;78;78;78;78;78;78,0;78,0;78,0;1,0000000000000000;1,000000000000000;1,0000000000000000;1,0000000000000000;1,0000000000000000;1,0000000000000000;1,0000000000000000;1,0000000000000000;1,0000000000000000;1,0000000000000000;1,00000000000000000
2021-08-18;60+;5;5,0;5;5;5;5;5;5;5;5,0;5,0;5,0;27;27,0;27,0;27;27;27;27;27;27;27,0;27,0;27,0;1,0000000000000000;1,000000000000000;1,0000000000000000;1,0000000000000000;1,0000000000000000;1,0000000000000000;1,0000000000000000;1,0000000000000000;1,0000000000000000;1,0000000000000000;1,00000000000000000
2021-08-18;alle;31;31,0;31;31;31;31;31;31;31;31,0;31,0;31,0;105;105,0;105,0;105;105;105;105;105;105;105,0;105,0;105,0;NA;NA;NA;NA;NA;NA;NA;NA;NA;NA;NA
2021-08-17;0-60;18;18,0;18;18;18;18;18;18;18;18,0;18,0;18,0;58;58,0;58,0;58;58;58;58;58;58;58,0;58,0;58,0;1,0000000000000000;1,000000000000000;1,0000000000000000;1,0000000000000000;1,0000000000000000;1,0000000000000000;1,0000000000000000;1,0000000000000000;1,0000000000000000;1,0000000000000000;1,00000000000000000
2021-08-17;60+;6;6,0;6;6;6;6;6;6;6;6,0;6,0;6,0;25;25,0;25,0;25;25;25;25;25;25;25,0;25,0;25,0;1,0000000000000000;1,000000000000000;1,0000000000000000;1,0000000000000000;1,0000000000000000;1,0000000000000000;1,0000000000000000;1,0000000000000000;1,0000000000000000;1,0000000000000000;1,00000000000000000
2021-08-17;alle;24;24,0;24;24;24;24;24;24;24;24,0;24,0;24,0;83;83,0;83,0;83;83;83;83;83;83;83,0;83,0;83,0;NA;NA;NA;NA;NA;NA;NA;NA;NA;NA;NA
2021-08-16;0-60;3;3,0;3;3;3;3;3;3;3;3,0;3,0;3,0;44;44,0;44,0;44;44;44;44;44;44;44,0;44,0;44,0;1,0000000000000000;1,000000000000000;1,0000000000000000;1,0000000000000000;1,0000000000000000;1,0000000000000000;1,0000000000000000;1,0000000000000000;1,0000000000000000;1,0000000000000000;1,00000000000000000
2021-08-16;60+;5;5,0;5;5;5;5;5;5;5;5,0;5,0;5,0;23;23,0;23,0;23;23;23;23;23;23;23,0;23,0;23,0;1,0000000000000000;1,000000000000000;1,0000000000000000;1,0000000000000000;1,0000000000000000;1,0000000000000000;1,0000000000000000;1,0000000000000000;1,0000000000000000;1,0000000000000000;1,00000000000000000
2021-08-16;alle;8;8,0;8;8;8;8;8;8;8;8,0;8,0;8,0;67;67,0;67,0;67;67;67;67;67;67;67,0;67,0;67,0;NA;NA;NA;NA;NA;NA;NA;NA;NA;NA;NA
2021-08-15;0-60;5;5,0;5;5;5;5;5;5;5;5,0;5,0;5,0;43;43,0;43,0;43;43;43;43;43;43;43,0;43,0;43,0;1,0000000000000000;1,000000000000000;1,0000000000000000;1,0000000000000000;1,0000000000000000;1,0000000000000000;1,0000000000000000;1,0000000000000000;1,0000000000000000;1,0000000000000000;1,00000000000000000
2021-08-15;60+;2;2,0;2;2;2;2;2;2;2;2,0;2,0;2,0;19;19,0;19,0;19;19;19;19;19;19;19,0;19,0;19,0;1,0000000000000000;1,000000000000000;1,0000000000000000;1,0000000000000000;1,0000000000000000;1,0000000000000000;1,0000000000000000;1,0000000000000000;1,0000000000000000;1,0000000000000000;1,00000000000000000
2021-08-15;alle;7;7,0;7;7;7;7;7;7;7;7,0;7,0;7,0;62;62,0;62,0;62;62;62;62;62;62;62,0;62,0;62,0;NA;NA;NA;NA;NA;NA;NA;NA;NA;NA;NA
2021-08-14;0-60;15;15,0;15;15;15;15;15;15;15;15,0;15,0;15,0;40;40,0;40,0;40;40;40;40;40;40;40,0;40,0;40,0;1,0000000000000000;1,000000000000000;1,0000000000000000;1,0000000000000000;1,0000000000000000;1,0000000000000000;1,0000000000000000;1,0000000000000000;1,0000000000000000;1,0000000000000000;1,00000000000000000
2021-08-14;60+;2;2,0;2;2;2;2;2;2;2;2,0;2,0;2,0;18;18,0;18,0;18;18;18;18;18;18;18,0;18,0;18,0;1,0000000000000000;1,000000000000000;1,0000000000000000;1,0000000000000000;1,0000000000000000;1,0000000000000000;1,0000000000000000;1,0000000000000000;1,0000000000000000;1,0000000000000000;1,00000000000000000
2021-08-14;alle;17;17,0;17;17;17;17;17;17;17;17,0;17,0;17,0;58;58,0;58,0;58;58;58;58;58;58;58,0;58,0;58,0;NA;NA;NA;NA;NA;NA;NA;NA;NA;NA;NA
2021-08-13;0-60;4;4,0;4;4;4;4;4;4;4;4,0;4,0;4,0;31;31,0;31,0;31;31;31;31;31;31;31,0;31,0;31,0;1,0000000000000000;1,000000000000000;1,0000000000000000;1,0000000000000000;1,0000000000000000;1,0000000000000000;1,0000000000000000;1,0000000000000000;1,0000000000000000;1,0000000000000000;1,00000000000000000
2021-08-13;60+;4;4,0;4;4;4;4;4;4;4;4,0;4,0;4,0;20;20,0;20,0;20;20;20;20;20;20;20,0;20,0;20,0;1,0000000000000000;1,000000000000000;1,0000000000000000;1,0000000000000000;1,0000000000000000;1,0000000000000000;1,0000000000000000;1,0000000000000000;1,0000000000000000;1,0000000000000000;1,00000000000000000
2021-08-13;alle;8;8,0;8;8;8;8;8;8;8;8,0;8,0;8,0;51;51,0;51,0;51;51;51;51;51;51;51,0;51,0;51,0;NA;NA;NA;NA;NA;NA;NA;NA;NA;NA;NA
2021-08-12;0-60;7;7,0;7;7;7;7;7;7;7;7,0;7,0;7,0;29;29,0;29,0;29;29;29;29;29;29;29,0;29,0;29,0;1,0000000000000000;1,000000000000000;1,0000000000000000;1,0000000000000000;1,0000000000000000;1,0000000000000000;1,0000000000000000;1,0000000000000000;1,0000000000000000;1,0000000000000000;1,00000000000000000
2021-08-12;60+;3;3,0;3;3;3;3;3;3;3;3,0;3,0;3,0;16;16,0;16,0;16;16;16;16;16;16;16,0;16,0;16,0;1,0000000000000000;1,000000000000000;1,0000000000000000;1,0000000000000000;1,0000000000000000;1,0000000000000000;1,0000000000000000;1,0000000000000000;1,0000000000000000;1,0000000000000000;1,00000000000000000
2021-08-12;alle;10;10,0;10;10;10;10;10;10;10;10,0;10,0;10,0;45;45,0;45,0;45;45;45;45;45;45;45,0;45,0;45,0;NA;NA;NA;NA;NA;NA;NA;NA;NA;NA;NA
2021-08-11;0-60;6;6,0;6;6;6;6;6;6;6;6,0;6,0;6,0;27;27,0;27,0;27;27;27;27;27;27;27,0;27,0;27,0;1,0000000000000000;1,000000000000000;1,0000000000000000;1,0000000000000000;1,0000000000000000;1,0000000000000000;1,0000000000000000;1,0000000000000000;1,0000000000000000;1,0000000000000000;1,00000000000000000
2021-08-11;60+;3;3,0;3;3;3;3;3;3;3;3,0;3,0;3,0;13;13,0;13,0;13;13;13;13;13;13;13,0;13,0;13,0;1,0000000000000000;1,000000000000000;1,0000000000000000;1,0000000000000000;1,0000000000000000;1,0000000000000000;1,0000000000000000;1,0000000000000000;1,0000000000000000;1,0000000000000000;1,00000000000000000
2021-08-11;alle;9;9,0;9;9;9;9;9;9;9;9,0;9,0;9,0;40;40,0;40,0;40;40;40;40;40;40;40,0;40,0;40,0;NA;NA;NA;NA;NA;NA;NA;NA;NA;NA;NA
2021-08-10;0-60;4;4,0;4;4;4;4;4;4;4;4,0;4,0;4,0;27;27,0;27,0;27;27;27;27;27;27;27,0;27,0;27,0;1,0000000000000000;1,000000000000000;1,0000000000000000;1,0000000000000000;1,0000000000000000;1,0000000000000000;1,0000000000000000;1,0000000000000000;1,0000000000000000;1,0000000000000000;1,00000000000000000
2021-08-10;60+;4;4,0;4;4;4;4;4;4;4;4,0;4,0;4,0;12;12,0;12,0;12;12;12;12;12;12;12,0;12,0;12,0;1,0000000000000000;1,000000000000000;1,0000000000000000;1,0000000000000000;1,0000000000000000;1,0000000000000000;1,0000000000000000;1,0000000000000000;1,0000000000000000;1,0000000000000000;1,00000000000000000
2021-08-10;alle;8;8,0;8;8;8;8;8;8;8;8,0;8,0;8,0;39;39,0;39,0;39;39;39;39;39;39;39,0;39,0;39,0;NA;NA;NA;NA;NA;NA;NA;NA;NA;NA;NA
2021-08-09;0-60;2;2,0;2;2;2;2;2;2;2;2,0;2,0;2,0;27;27,0;27,0;27;27;27;27;27;27;27,0;27,0;27,0;1,0000000000000000;1,000000000000000;1,0000000000000000;1,0000000000000000;1,0000000000000000;1,0000000000000000;1,0000000000000000;1,0000000000000000;1,0000000000000000;1,0000000000000000;1,00000000000000000
2021-08-09;60+;1;1,0;1;1;1;1;1;1;1;1,0;1,0;1,0;11;11,0;11,0;11;11;11;11;11;11;11,0;11,0;11,0;1,0000000000000000;1,000000000000000;1,0000000000000000;1,0000000000000000;1,0000000000000000;1,0000000000000000;1,0000000000000000;1,0000000000000000;1,0000000000000000;1,0000000000000000;1,00000000000000000
2021-08-09;alle;3;3,0;3;3;3;3;3;3;3;3,0;3,0;3,0;38;38,0;38,0;38;38;38;38;38;38;38,0;38,0;38,0;NA;NA;NA;NA;NA;NA;NA;NA;NA;NA;NA
2021-08-08;0-60;2;2,0;2;2;2;2;2;2;2;2,0;2,0;2,0;26;26,0;26,0;26;26;26;26;26;26;26,0;26,0;26,0;1,0000000000000000;1,000000000000000;1,0000000000000000;1,0000000000000000;1,0000000000000000;1,0000000000000000;1,0000000000000000;1,0000000000000000;1,0000000000000000;1,0000000000000000;1,00000000000000000
2021-08-08;60+;1;1,0;1;1;1;1;1;1;1;1,0;1,0;1,0;11;11,0;11,0;11;11;11;11;11;11;11,0;11,0;11,0;1,0000000000000000;1,000000000000000;1,0000000000000000;1,0000000000000000;1,0000000000000000;1,0000000000000000;1,0000000000000000;1,0000000000000000;1,0000000000000000;1,0000000000000000;1,00000000000000000
2021-08-08;alle;3;3,0;3;3;3;3;3;3;3;3,0;3,0;3,0;37;37,0;37,0;37;37;37;37;37;37;37,0;37,0;37,0;NA;NA;NA;NA;NA;NA;NA;NA;NA;NA;NA
2021-08-07;0-60;6;6,0;6;6;6;6;6;6;6;6,0;6,0;6,0;27;27,0;27,0;27;27;27;27;27;27;27,0;27,0;27,0;1,0000000000000000;1,000000000000000;1,0000000000000000;1,0000000000000000;1,0000000000000000;1,0000000000000000;1,0000000000000000;1,0000000000000000;1,0000000000000000;1,0000000000000000;1,00000000000000000
2021-08-07;60+;4;4,0;4;4;4;4;4;4;4;4,0;4,0;4,0;11;11,0;11,0;11;11;11;11;11;11;11,0;11,0;11,0;1,0000000000000000;1,000000000000000;1,0000000000000000;1,0000000000000000;1,0000000000000000;1,0000000000000000;1,0000000000000000;1,0000000000000000;1,0000000000000000;1,0000000000000000;1,00000000000000000
2021-08-07;alle;10;10,0;10;10;10;10;10;10;10;10,0;10,0;10,0;38;38,0;38,0;38;38;38;38;38;38;38,0;38,0;38,0;NA;NA;NA;NA;NA;NA;NA;NA;NA;NA;NA
2021-08-06;0-60;2;2,0;2;2;2;2;2;2;2;2,0;2,0;2,0;26;26,0;26,0;26;26;26;26;26;26;26,0;26,0;26,0;1,0000000000000000;1,000000000000000;1,0000000000000000;1,0000000000000000;1,0000000000000000;1,0000000000000000;1,0000000000000000;1,0000000000000000;1,0000000000000000;1,0000000000000000;1,00000000000000000
2021-08-06;60+;0;0,0;0;0;0;0;0;0;0;0,0;0,0;0,0;11;11,0;11,0;11;11;11;11;11;11;11,0;11,0;11,0;1,0000000000000000;1,000000000000000;1,0000000000000000;1,0000000000000000;1,0000000000000000;1,0000000000000000;1,0000000000000000;1,0000000000000000;1,0000000000000000;1,0000000000000000;1,00000000000000000
2021-08-06;alle;2;2,0;2;2;2;2;2;2;2;2,0;2,0;2,0;37;37,0;37,0;37;37;37;37;37;37;37,0;37,0;37,0;NA;NA;NA;NA;NA;NA;NA;NA;NA;NA;NA
2021-08-05;0-60;5;5,0;5;5;5;5;5;5;5;5,0;5,0;5,0;27;27,0;27,0;27;27;27;27;27;27;27,0;27,0;27,0;1,0000000000000000;1,000000000000000;1,0000000000000000;1,0000000000000000;1,0000000000000000;1,0000000000000000;1,0000000000000000;1,0000000000000000;1,0000000000000000;1,0000000000000000;1,00000000000000000
2021-08-05;60+;0;0,0;0;0;0;0;0;0;0;0,0;0,0;0,0;13;13,0;13,0;13;13;13;13;13;13;13,0;13,0;13,0;1,0000000000000000;1,000000000000000;1,0000000000000000;1,0000000000000000;1,0000000000000000;1,0000000000000000;1,0000000000000000;1,0000000000000000;1,0000000000000000;1,0000000000000000;1,00000000000000000
2021-08-05;alle;5;5,0;5;5;5;5;5;5;5;5,0;5,0;5,0;40;40,0;40,0;40;40;40;40;40;40;40,0;40,0;40,0;NA;NA;NA;NA;NA;NA;NA;NA;NA;NA;NA
2021-08-04;0-60;6;6,0;6;6;6;6;6;6;6;6,0;6,0;6,0;25;25,0;25,0;25;25;25;25;25;25;25,0;25,0;25,0;1,0000000000000000;1,000000000000000;1,0000000000000000;1,0000000000000000;1,0000000000000000;1,0000000000000000;1,0000000000000000;1,0000000000000000;1,0000000000000000;1,0000000000000000;1,00000000000000000
2021-08-04;60+;2;2,0;2;2;2;2;2;2;2;2,0;2,0;2,0;14;14,0;14,0;14;14;14;14;14;14;14,0;14,0;14,0;1,0000000000000000;1,000000000000000;1,0000000000000000;1,0000000000000000;1,0000000000000000;1,0000000000000000;1,0000000000000000;1,0000000000000000;1,0000000000000000;1,0000000000000000;1,00000000000000000
2021-08-04;alle;8;8,0;8;8;8;8;8;8;8;8,0;8,0;8,0;39;39,0;39,0;39;39;39;39;39;39;39,0;39,0;39,0;NA;NA;NA;NA;NA;NA;NA;NA;NA;NA;NA
2021-08-03;0-60;4;4,0;4;4;4;4;4;4;4;4,0;4,0;4,0;29;29,0;29,0;29;29;29;29;29;29;29,0;29,0;29,0;1,0000000000000000;1,000000000000000;1,0000000000000000;1,0000000000000000;1,0000000000000000;1,0000000000000000;1,0000000000000000;1,0000000000000000;1,0000000000000000;1,0000000000000000;1,00000000000000000
2021-08-03;60+;3;3,0;3;3;3;3;3;3;3;3,0;3,0;3,0;14;14,0;14,0;14;14;14;14;14;14;14,0;14,0;14,0;1,0000000000000000;1,000000000000000;1,0000000000000000;1,0000000000000000;1,0000000000000000;1,0000000000000000;1,0000000000000000;1,0000000000000000;1,0000000000000000;1,0000000000000000;1,00000000000000000
2021-08-03;alle;7;7,0;7;7;7;7;7;7;7;7,0;7,0;7,0;43;43,0;43,0;43;43;43;43;43;43;43,0;43,0;43,0;NA;NA;NA;NA;NA;NA;NA;NA;NA;NA;NA
2021-08-02;0-60;1;1,0;1;1;1;1;1;1;1;1,0;1,0;1,0;31;31,0;31,0;31;31;31;31;31;31;31,0;31,0;31,0;1,0000000000000000;1,000000000000000;1,0000000000000000;1,0000000000000000;1,0000000000000000;1,0000000000000000;1,0000000000000000;1,0000000000000000;1,0000000000000000;1,0000000000000000;1,00000000000000000
2021-08-02;60+;1;1,0;1;1;1;1;1;1;1;1,0;1,0;1,0;13;13,0;13,0;13;13;13;13;13;13;13,0;13,0;13,0;1,0000000000000000;1,000000000000000;1,0000000000000000;1,0000000000000000;1,0000000000000000;1,0000000000000000;1,0000000000000000;1,0000000000000000;1,0000000000000000;1,0000000000000000;1,00000000000000000
2021-08-02;alle;2;2,0;2;2;2;2;2;2;2;2,0;2,0;2,0;44;44,0;44,0;44;44;44;44;44;44;44,0;44,0;44,0;NA;NA;NA;NA;NA;NA;NA;NA;NA;NA;NA
2021-08-01;0-60;3;3,0;3;3;3;3;3;3;3;3,0;3,0;3,0;31;31,0;31,0;31;31;31;31;31;31;31,0;31,0;31,0;1,0000000000000000;1,000000000000000;1,0000000000000000;1,0000000000000000;1,0000000000000000;1,0000000000000000;1,0000000000000000;1,0000000000000000;1,0000000000000000;1,0000000000000000;1,00000000000000000
2021-08-01;60+;1;1,0;1;1;1;1;1;1;1;1,0;1,0;1,0;13;13,0;13,0;13;13;13;13;13;13;13,0;13,0;13,0;1,0000000000000000;1,000000000000000;1,0000000000000000;1,0000000000000000;1,0000000000000000;1,0000000000000000;1,0000000000000000;1,0000000000000000;1,0000000000000000;1,0000000000000000;1,00000000000000000
2021-08-01;alle;4;4,0;4;4;4;4;4;4;4;4,0;4,0;4,0;44;44,0;44,0;44;44;44;44;44;44;44,0;44,0;44,0;NA;NA;NA;NA;NA;NA;NA;NA;NA;NA;NA
2021-07-31;0-60;5;5,0;5;5;5;5;5;5;5;5,0;5,0;5,0;29;29,0;29,0;29;29;29;29;29;29;29,0;29,0;29,0;1,0000000000000000;1,000000000000000;1,0000000000000000;1,0000000000000000;1,0000000000000000;1,0000000000000000;1,0000000000000000;1,0000000000000000;1,0000000000000000;1,0000000000000000;1,00000000000000000
2021-07-31;60+;4;4,0;4;4;4;4;4;4;4;4,0;4,0;4,0;13;13,0;13,0;13;13;13;13;13;13;13,0;13,0;13,0;1,0000000000000000;1,000000000000000;1,0000000000000000;1,0000000000000000;1,0000000000000000;1,0000000000000000;1,0000000000000000;1,0000000000000000;1,0000000000000000;1,0000000000000000;1,00000000000000000
2021-07-31;alle;9;9,0;9;9;9;9;9;9;9;9,0;9,0;9,0;42;42,0;42,0;42;42;42;42;42;42;42,0;42,0;42,0;NA;NA;NA;NA;NA;NA;NA;NA;NA;NA;NA
2021-07-30;0-60;3;3,0;3;3;3;3;3;3;3;3,0;3,0;3,0;28;28,0;28,0;28;28;28;28;28;28;28,0;28,0;28,0;1,0000000000000000;1,000000000000000;1,0000000000000000;1,0000000000000000;1,0000000000000000;1,0000000000000000;1,0000000000000000;1,0000000000000000;1,0000000000000000;1,0000000000000000;1,00000000000000000
2021-07-30;60+;2;2,0;2;2;2;2;2;2;2;2,0;2,0;2,0;10;10,0;10,0;10;10;10;10;10;10;10,0;10,0;10,0;1,0000000000000000;1,000000000000000;1,0000000000000000;1,0000000000000000;1,0000000000000000;1,0000000000000000;1,0000000000000000;1,0000000000000000;1,0000000000000000;1,0000000000000000;1,00000000000000000
2021-07-30;alle;5;5,0;5;5;5;5;5;5;5;5,0;5,0;5,0;38;38,0;38,0;38;38;38;38;38;38;38,0;38,0;38,0;NA;NA;NA;NA;NA;NA;NA;NA;NA;NA;NA
2021-07-29;0-60;3;3,0;3;3;3;3;3;3;3;3,0;3,0;3,0;31;31,0;31,0;31;31;31;31;31;31;31,0;31,0;31,0;1,0000000000000000;1,000000000000000;1,0000000000000000;1,0000000000000000;1,0000000000000000;1,0000000000000000;1,0000000000000000;1,0000000000000000;1,0000000000000000;1,0000000000000000;1,00000000000000000
2021-07-29;60+;1;1,0;1;1;1;1;1;1;1;1,0;1,0;1,0;9;9,0;9,0;9;9;9;9;9;9;9,0;9,0;9,0;1,0000000000000000;1,000000000000000;1,0000000000000000;1,0000000000000000;1,0000000000000000;1,0000000000000000;1,0000000000000000;1,0000000000000000;1,0000000000000000;1,0000000000000000;1,00000000000000000
2021-07-29;alle;4;4,0;4;4;4;4;4;4;4;4,0;4,0;4,0;40;40,0;40,0;40;40;40;40;40;40;40,0;40,0;40,0;NA;NA;NA;NA;NA;NA;NA;NA;NA;NA;NA
2021-07-28;0-60;10;10,0;10;10;10;10;10;10;10;10,0;10,0;10,0;30;30,0;30,0;30;30;30;30;30;30;30,0;30,0;30,0;1,0000000000000000;1,000000000000000;1,0000000000000000;1,0000000000000000;1,0000000000000000;1,0000000000000000;1,0000000000000000;1,0000000000000000;1,0000000000000000;1,0000000000000000;1,00000000000000000
2021-07-28;60+;2;2,0;2;2;2;2;2;2;2;2,0;2,0;2,0;9;9,0;9,0;9;9;9;9;9;9;9,0;9,0;9,0;1,0000000000000000;1,000000000000000;1,0000000000000000;1,0000000000000000;1,0000000000000000;1,0000000000000000;1,0000000000000000;1,0000000000000000;1,0000000000000000;1,0000000000000000;1,00000000000000000
2021-07-28;alle;12;12,0;12;12;12;12;12;12;12;12,0;12,0;12,0;39;39,0;39,0;39;39;39;39;39;39;39,0;39,0;39,0;NA;NA;NA;NA;NA;NA;NA;NA;NA;NA;NA
2021-07-27;0-60;6;6,0;6;6;6;6;6;6;6;6,0;6,0;6,0;25;25,0;25,0;25;25;25;25;25;25;25,0;25,0;25,0;1,0000000000000000;1,000000000000000;1,0000000000000000;1,0000000000000000;1,0000000000000000;1,0000000000000000;1,0000000000000000;1,0000000000000000;1,0000000000000000;1,0000000000000000;1,00000000000000000
2021-07-27;60+;2;2,0;2;2;2;2;2;2;2;2,0;2,0;2,0;9;9,0;9,0;9;9;9;9;9;9;9,0;9,0;9,0;1,0000000000000000;1,000000000000000;1,0000000000000000;1,0000000000000000;1,0000000000000000;1,0000000000000000;1,0000000000000000;1,0000000000000000;1,0000000000000000;1,0000000000000000;1,00000000000000000
2021-07-27;alle;8;8,0;8;8;8;8;8;8;8;8,0;8,0;8,0;34;34,0;34,0;34;34;34;34;34;34;34,0;34,0;34,0;NA;NA;NA;NA;NA;NA;NA;NA;NA;NA;NA
2021-07-26;0-60;1;1,0;1;1;1;1;1;1;1;1,0;1,0;1,0;23;23,0;23,0;23;23;23;23;23;23;23,0;23,0;23,0;1,0000000000000000;1,000000000000000;1,0000000000000000;1,0000000000000000;1,0000000000000000;1,0000000000000000;1,0000000000000000;1,0000000000000000;1,0000000000000000;1,0000000000000000;1,00000000000000000
2021-07-26;60+;1;1,0;1;1;1;1;1;1;1;1,0;1,0;1,0;8;8,0;8,0;8;8;8;8;8;8;8,0;8,0;8,0;1,0000000000000000;1,000000000000000;1,0000000000000000;1,0000000000000000;1,0000000000000000;1,0000000000000000;1,0000000000000000;1,0000000000000000;1,0000000000000000;1,0000000000000000;1,00000000000000000
2021-07-26;alle;2;2,0;2;2;2;2;2;2;2;2,0;2,0;2,0;31;31,0;31,0;31;31;31;31;31;31;31,0;31,0;31,0;NA;NA;NA;NA;NA;NA;NA;NA;NA;NA;NA
2021-07-25;0-60;1;1,0;1;1;1;1;1;1;1;1,0;1,0;1,0;23;23,0;23,0;23;23;23;23;23;23;23,0;23,0;23,0;1,0000000000000000;1,000000000000000;1,0000000000000000;1,0000000000000000;1,0000000000000000;1,0000000000000000;1,0000000000000000;1,0000000000000000;1,0000000000000000;1,0000000000000000;1,00000000000000000
2021-07-25;60+;1;1,0;1;1;1;1;1;1;1;1,0;1,0;1,0;7;7,0;7,0;7;7;7;7;7;7;7,0;7,0;7,0;1,0000000000000000;1,000000000000000;1,0000000000000000;1,0000000000000000;1,0000000000000000;1,0000000000000000;1,0000000000000000;1,0000000000000000;1,0000000000000000;1,0000000000000000;1,00000000000000000
2021-07-25;alle;2;2,0;2;2;2;2;2;2;2;2,0;2,0;2,0;30;30,0;30,0;30;30;30;30;30;30;30,0;30,0;30,0;NA;NA;NA;NA;NA;NA;NA;NA;NA;NA;NA
2021-07-24;0-60;4;4,0;4;4;4;4;4;4;4;4,0;4,0;4,0;22;22,0;22,0;22;22;22;22;22;22;22,0;22,0;22,0;1,0000000000000000;1,000000000000000;1,0000000000000000;1,0000000000000000;1,0000000000000000;1,0000000000000000;1,0000000000000000;1,0000000000000000;1,0000000000000000;1,0000000000000000;1,00000000000000000
2021-07-24;60+;1;1,0;1;1;1;1;1;1;1;1,0;1,0;1,0;6;6,0;6,0;6;6;6;6;6;6;6,0;6,0;6,0;1,0000000000000000;1,000000000000000;1,0000000000000000;1,0000000000000000;1,0000000000000000;1,0000000000000000;1,0000000000000000;1,0000000000000000;1,0000000000000000;1,0000000000000000;1,00000000000000000
2021-07-24;alle;5;5,0;5;5;5;5;5;5;5;5,0;5,0;5,0;28;28,0;28,0;28;28;28;28;28;28;28,0;28,0;28,0;NA;NA;NA;NA;NA;NA;NA;NA;NA;NA;NA
2021-07-23;0-60;6;6,0;6;6;6;6;6;6;6;6,0;6,0;6,0;20;20,0;20,0;20;20;20;20;20;20;20,0;20,0;20,0;1,0000000000000000;1,000000000000000;1,0000000000000000;1,0000000000000000;1,0000000000000000;1,0000000000000000;1,0000000000000000;1,0000000000000000;1,0000000000000000;1,0000000000000000;1,00000000000000000
2021-07-23;60+;1;1,0;1;1;1;1;1;1;1;1,0;1,0;1,0;8;8,0;8,0;8;8;8;8;8;8;8,0;8,0;8,0;1,0000000000000000;1,000000000000000;1,0000000000000000;1,0000000000000000;1,0000000000000000;1,0000000000000000;1,0000000000000000;1,0000000000000000;1,0000000000000000;1,0000000000000000;1,00000000000000000
2021-07-23;alle;7;7,0;7;7;7;7;7;7;7;7,0;7,0;7,0;28;28,0;28,0;28;28;28;28;28;28;28,0;28,0;28,0;NA;NA;NA;NA;NA;NA;NA;NA;NA;NA;NA
2021-07-22;0-60;2;2,0;2;2;2;2;2;2;2;2,0;2,0;2,0;15;15,0;15,0;15;15;15;15;15;15;15,0;15,0;15,0;1,0000000000000000;1,000000000000000;1,0000000000000000;1,0000000000000000;1,0000000000000000;1,0000000000000000;1,0000000000000000;1,0000000000000000;1,0000000000000000;1,0000000000000000;1,00000000000000000
2021-07-22;60+;1;1,0;1;1;1;1;1;1;1;1,0;1,0;1,0;7;7,0;7,0;7;7;7;7;7;7;7,0;7,0;7,0;1,0000000000000000;1,000000000000000;1,0000000000000000;1,0000000000000000;1,0000000000000000;1,0000000000000000;1,0000000000000000;1,0000000000000000;1,0000000000000000;1,0000000000000000;1,00000000000000000
2021-07-22;alle;3;3,0;3;3;3;3;3;3;3;3,0;3,0;3,0;22;22,0;22,0;22;22;22;22;22;22;22,0;22,0;22,0;NA;NA;NA;NA;NA;NA;NA;NA;NA;NA;NA
2021-07-21;0-60;5;5,0;5;5;5;5;5;5;5;5,0;5,0;5,0;15;15,0;15,0;15;15;15;15;15;15;15,0;15,0;15,0;1,0000000000000000;1,000000000000000;1,0000000000000000;1,0000000000000000;1,0000000000000000;1,0000000000000000;1,0000000000000000;1,0000000000000000;1,0000000000000000;1,0000000000000000;1,00000000000000000
2021-07-21;60+;2;2,0;2;2;2;2;2;2;2;2,0;2,0;2,0;6;6,0;6,0;6;6;6;6;6;6;6,0;6,0;6,0;1,0000000000000000;1,000000000000000;1,0000000000000000;1,0000000000000000;1,0000000000000000;1,0000000000000000;1,0000000000000000;1,0000000000000000;1,0000000000000000;1,0000000000000000;1,00000000000000000
2021-07-21;alle;7;7,0;7;7;7;7;7;7;7;7,0;7,0;7,0;21;21,0;21,0;21;21;21;21;21;21;21,0;21,0;21,0;NA;NA;NA;NA;NA;NA;NA;NA;NA;NA;NA
2021-07-20;0-60;4;4,0;4;4;4;4;4;4;4;4,0;4,0;4,0;12;12,0;12,0;12;12;12;12;12;12;12,0;12,0;12,0;1,0000000000000000;1,000000000000000;1,0000000000000000;1,0000000000000000;1,0000000000000000;1,0000000000000000;1,0000000000000000;1,0000000000000000;1,0000000000000000;1,0000000000000000;1,00000000000000000
2021-07-20;60+;1;1,0;1;1;1;1;1;1;1;1,0;1,0;1,0;6;6,0;6,0;6;6;6;6;6;6;6,0;6,0;6,0;1,0000000000000000;1,000000000000000;1,0000000000000000;1,0000000000000000;1,0000000000000000;1,0000000000000000;1,0000000000000000;1,0000000000000000;1,0000000000000000;1,0000000000000000;1,00000000000000000
2021-07-20;alle;5;5,0;5;5;5;5;5;5;5;5,0;5,0;5,0;18;18,0;18,0;18;18;18;18;18;18;18,0;18,0;18,0;NA;NA;NA;NA;NA;NA;NA;NA;NA;NA;NA
2021-07-19;0-60;1;1,0;1;1;1;1;1;1;1;1,0;1,0;1,0;10;10,0;10,0;10;10;10;10;10;10;10,0;10,0;10,0;1,0000000000000000;1,000000000000000;1,0000000000000000;1,0000000000000000;1,0000000000000000;1,0000000000000000;1,0000000000000000;1,0000000000000000;1,0000000000000000;1,0000000000000000;1,00000000000000000
2021-07-19;60+;0;0,0;0;0;0;0;0;0;0;0,0;0,0;0,0;6;6,0;6,0;6;6;6;6;6;6;6,0;6,0;6,0;1,0000000000000000;1,000000000000000;1,0000000000000000;1,0000000000000000;1,0000000000000000;1,0000000000000000;1,0000000000000000;1,0000000000000000;1,0000000000000000;1,0000000000000000;1,00000000000000000
2021-07-19;alle;1;1,0;1;1;1;1;1;1;1;1,0;1,0;1,0;16;16,0;16,0;16;16;16;16;16;16;16,0;16,0;16,0;NA;NA;NA;NA;NA;NA;NA;NA;NA;NA;NA
2021-07-18;0-60;0;0,0;0;0;0;0;0;0;0;0,0;0,0;0,0;9;9,0;9,0;9;9;9;9;9;9;9,0;9,0;9,0;1,0000000000000000;1,000000000000000;1,0000000000000000;1,0000000000000000;1,0000000000000000;1,0000000000000000;1,0000000000000000;1,0000000000000000;1,0000000000000000;1,0000000000000000;1,00000000000000000
2021-07-18;60+;0;0,0;0;0;0;0;0;0;0;0,0;0,0;0,0;7;7,0;7,0;7;7;7;7;7;7;7,0;7,0;7,0;1,0000000000000000;1,000000000000000;1,0000000000000000;1,0000000000000000;1,0000000000000000;1,0000000000000000;1,0000000000000000;1,0000000000000000;1,0000000000000000;1,0000000000000000;1,00000000000000000
2021-07-18;alle;0;0,0;0;0;0;0;0;0;0;0,0;0,0;0,0;16;16,0;16,0;16;16;16;16;16;16;16,0;16,0;16,0;NA;NA;NA;NA;NA;NA;NA;NA;NA;NA;NA
2021-07-17;0-60;2;2,0;2;2;2;2;2;2;2;2,0;2,0;2,0;10;10,0;10,0;10;10;10;10;10;10;10,0;10,0;10,0;1,0000000000000000;1,000000000000000;1,0000000000000000;1,0000000000000000;1,0000000000000000;1,0000000000000000;1,0000000000000000;1,0000000000000000;1,0000000000000000;1,0000000000000000;1,00000000000000000
2021-07-17;60+;3;3,0;3;3;3;3;3;3;3;3,0;3,0;3,0;9;9,0;9,0;9;9;9;9;9;9;9,0;9,0;9,0;1,0000000000000000;1,000000000000000;1,0000000000000000;1,0000000000000000;1,0000000000000000;1,0000000000000000;1,0000000000000000;1,0000000000000000;1,0000000000000000;1,0000000000000000;1,00000000000000000
2021-07-17;alle;5;5,0;5;5;5;5;5;5;5;5,0;5,0;5,0;19;19,0;19,0;19;19;19;19;19;19;19,0;19,0;19,0;NA;NA;NA;NA;NA;NA;NA;NA;NA;NA;NA
2021-07-16;0-60;1;1,0;1;1;1;1;1;1;1;1,0;1,0;1,0;12;12,0;12,0;12;12;12;12;12;12;12,0;12,0;12,0;1,0000000000000000;1,000000000000000;1,0000000000000000;1,0000000000000000;1,0000000000000000;1,0000000000000000;1,0000000000000000;1,0000000000000000;1,0000000000000000;1,0000000000000000;1,00000000000000000
2021-07-16;60+;0;0,0;0;0;0;0;0;0;0;0,0;0,0;0,0;6;6,0;6,0;6;6;6;6;6;6;6,0;6,0;6,0;1,0000000000000000;1,000000000000000;1,0000000000000000;1,0000000000000000;1,0000000000000000;1,0000000000000000;1,0000000000000000;1,0000000000000000;1,0000000000000000;1,0000000000000000;1,00000000000000000
2021-07-16;alle;1;1,0;1;1;1;1;1;1;1;1,0;1,0;1,0;18;18,0;18,0;18;18;18;18;18;18;18,0;18,0;18,0;NA;NA;NA;NA;NA;NA;NA;NA;NA;NA;NA
2021-07-15;0-60;2;2,0;2;2;2;2;2;2;2;2,0;2,0;2,0;13;13,0;13,0;13;13;13;13;13;13;13,0;13,0;13,0;1,0000000000000000;1,000000000000000;1,0000000000000000;1,0000000000000000;1,0000000000000000;1,0000000000000000;1,0000000000000000;1,0000000000000000;1,0000000000000000;1,0000000000000000;1,00000000000000000
2021-07-15;60+;0;0,0;0;0;0;0;0;0;0;0,0;0,0;0,0;7;7,0;7,0;7;7;7;7;7;7;7,0;7,0;7,0;1,0000000000000000;1,000000000000000;1,0000000000000000;1,0000000000000000;1,0000000000000000;1,0000000000000000;1,0000000000000000;1,0000000000000000;1,0000000000000000;1,0000000000000000;1,00000000000000000
2021-07-15;alle;2;2,0;2;2;2;2;2;2;2;2,0;2,0;2,0;20;20,0;20,0;20;20;20;20;20;20;20,0;20,0;20,0;NA;NA;NA;NA;NA;NA;NA;NA;NA;NA;NA
2021-07-14;0-60;2;2,0;2;2;2;2;2;2;2;2,0;2,0;2,0;14;14,0;14,0;14;14;14;14;14;14;14,0;14,0;14,0;1,0000000000000000;1,000000000000000;1,0000000000000000;1,0000000000000000;1,0000000000000000;1,0000000000000000;1,0000000000000000;1,0000000000000000;1,0000000000000000;1,0000000000000000;1,00000000000000000
2021-07-14;60+;2;2,0;2;2;2;2;2;2;2;2,0;2,0;2,0;9;9,0;9,0;9;9;9;9;9;9;9,0;9,0;9,0;1,0000000000000000;1,000000000000000;1,0000000000000000;1,0000000000000000;1,0000000000000000;1,0000000000000000;1,0000000000000000;1,0000000000000000;1,0000000000000000;1,0000000000000000;1,00000000000000000
2021-07-14;alle;4;4,0;4;4;4;4;4;4;4;4,0;4,0;4,0;23;23,0;23,0;23;23;23;23;23;23;23,0;23,0;23,0;NA;NA;NA;NA;NA;NA;NA;NA;NA;NA;NA
2021-07-13;0-60;2;2,0;2;2;2;2;2;2;2;2,0;2,0;2,0;15;15,0;15,0;15;15;15;15;15;15;15,0;15,0;15,0;1,0000000000000000;1,000000000000000;1,0000000000000000;1,0000000000000000;1,0000000000000000;1,0000000000000000;1,0000000000000000;1,0000000000000000;1,0000000000000000;1,0000000000000000;1,00000000000000000
2021-07-13;60+;1;1,0;1;1;1;1;1;1;1;1,0;1,0;1,0;9;9,0;9,0;9;9;9;9;9;9;9,0;9,0;9,0;1,0000000000000000;1,000000000000000;1,0000000000000000;1,0000000000000000;1,0000000000000000;1,0000000000000000;1,0000000000000000;1,0000000000000000;1,0000000000000000;1,0000000000000000;1,00000000000000000
2021-07-13;alle;3;3,0;3;3;3;3;3;3;3;3,0;3,0;3,0;24;24,0;24,0;24;24;24;24;24;24;24,0;24,0;24,0;NA;NA;NA;NA;NA;NA;NA;NA;NA;NA;NA
2021-07-12;0-60;0;0,0;0;0;0;0;0;0;0;0,0;0,0;0,0;14;14,0;14,0;14;14;14;14;14;14;14,0;14,0;14,0;1,0000000000000000;1,000000000000000;1,0000000000000000;1,0000000000000000;1,0000000000000000;1,0000000000000000;1,0000000000000000;1,0000000000000000;1,0000000000000000;1,0000000000000000;1,00000000000000000
2021-07-12;60+;1;1,0;1;1;1;1;1;1;1;1,0;1,0;1,0;10;10,0;10,0;10;10;10;10;10;10;10,0;10,0;10,0;1,0000000000000000;1,000000000000000;1,0000000000000000;1,0000000000000000;1,0000000000000000;1,0000000000000000;1,0000000000000000;1,0000000000000000;1,0000000000000000;1,0000000000000000;1,00000000000000000
2021-07-12;alle;1;1,0;1;1;1;1;1;1;1;1,0;1,0;1,0;24;24,0;24,0;24;24;24;24;24;24;24,0;24,0;24,0;NA;NA;NA;NA;NA;NA;NA;NA;NA;NA;NA
2021-07-11;0-60;1;1,0;1;1;1;1;1;1;1;1,0;1,0;1,0;14;14,0;14,0;14;14;14;14;14;14;14,0;14,0;14,0;1,0000000000000000;1,000000000000000;1,0000000000000000;1,0000000000000000;1,0000000000000000;1,0000000000000000;1,0000000000000000;1,0000000000000000;1,0000000000000000;1,0000000000000000;1,00000000000000000
2021-07-11;60+;2;2,0;2;2;2;2;2;2;2;2,0;2,0;2,0;10;10,0;10,0;10;10;10;10;10;10;10,0;10,0;10,0;1,0000000000000000;1,000000000000000;1,0000000000000000;1,0000000000000000;1,0000000000000000;1,0000000000000000;1,0000000000000000;1,0000000000000000;1,0000000000000000;1,0000000000000000;1,00000000000000000
2021-07-11;alle;3;3,0;3;3;3;3;3;3;3;3,0;3,0;3,0;24;24,0;24,0;24;24;24;24;24;24;24,0;24,0;24,0;NA;NA;NA;NA;NA;NA;NA;NA;NA;NA;NA
2021-07-10;0-60;4;4,0;4;4;4;4;4;4;4;4,0;4,0;4,0;16;16,0;16,0;16;16;16;16;16;16;16,0;16,0;16,0;1,0000000000000000;1,000000000000000;1,0000000000000000;1,0000000000000000;1,0000000000000000;1,0000000000000000;1,0000000000000000;1,0000000000000000;1,0000000000000000;1,0000000000000000;1,00000000000000000
2021-07-10;60+;0;0,0;0;0;0;0;0;0;0;0,0;0,0;0,0;9;9,0;9,0;9;9;9;9;9;9;9,0;9,0;9,0;1,0000000000000000;1,000000000000000;1,0000000000000000;1,0000000000000000;1,0000000000000000;1,0000000000000000;1,0000000000000000;1,0000000000000000;1,0000000000000000;1,0000000000000000;1,00000000000000000
2021-07-10;alle;4;4,0;4;4;4;4;4;4;4;4,0;4,0;4,0;25;25,0;25,0;25;25;25;25;25;25;25,0;25,0;25,0;NA;NA;NA;NA;NA;NA;NA;NA;NA;NA;NA
2021-07-09;0-60;2;2,0;2;2;2;2;2;2;2;2,0;2,0;2,0;14;14,0;14,0;14;14;14;14;14;14;14,0;14,0;14,0;1,0000000000000000;1,000000000000000;1,0000000000000000;1,0000000000000000;1,0000000000000000;1,0000000000000000;1,0000000000000000;1,0000000000000000;1,0000000000000000;1,0000000000000000;1,00000000000000000
2021-07-09;60+;1;1,0;1;1;1;1;1;1;1;1,0;1,0;1,0;9;9,0;9,0;9;9;9;9;9;9;9,0;9,0;9,0;1,0000000000000000;1,000000000000000;1,0000000000000000;1,0000000000000000;1,0000000000000000;1,0000000000000000;1,0000000000000000;1,0000000000000000;1,0000000000000000;1,0000000000000000;1,00000000000000000
2021-07-09;alle;3;3,0;3;3;3;3;3;3;3;3,0;3,0;3,0;23;23,0;23,0;23;23;23;23;23;23;23,0;23,0;23,0;NA;NA;NA;NA;NA;NA;NA;NA;NA;NA;NA
2021-07-08;0-60;3;3,0;3;3;3;3;3;3;3;3,0;3,0;3,0;15;15,0;15,0;15;15;15;15;15;15;15,0;15,0;15,0;1,0000000000000000;1,000000000000000;1,0000000000000000;1,0000000000000000;1,0000000000000000;1,0000000000000000;1,0000000000000000;1,0000000000000000;1,0000000000000000;1,0000000000000000;1,00000000000000000
2021-07-08;60+;2;2,0;2;2;2;2;2;2;2;2,0;2,0;2,0;11;11,0;11,0;11;11;11;11;11;11;11,0;11,0;11,0;1,0000000000000000;1,000000000000000;1,0000000000000000;1,0000000000000000;1,0000000000000000;1,0000000000000000;1,0000000000000000;1,0000000000000000;1,0000000000000000;1,0000000000000000;1,00000000000000000
2021-07-08;alle;5;5,0;5;5;5;5;5;5;5;5,0;5,0;5,0;26;26,0;26,0;26;26;26;26;26;26;26,0;26,0;26,0;NA;NA;NA;NA;NA;NA;NA;NA;NA;NA;NA
2021-07-07;0-60;3;3,0;3;3;3;3;3;3;3;3,0;3,0;3,0;17;17,0;17,0;17;17;17;17;17;17;17,0;17,0;17,0;1,0000000000000000;1,000000000000000;1,0000000000000000;1,0000000000000000;1,0000000000000000;1,0000000000000000;1,0000000000000000;1,0000000000000000;1,0000000000000000;1,0000000000000000;1,00000000000000000
2021-07-07;60+;2;2,0;2;2;2;2;2;2;2;2,0;2,0;2,0;10;10,0;10,0;10;10;10;10;10;10;10,0;10,0;10,0;1,0000000000000000;1,000000000000000;1,0000000000000000;1,0000000000000000;1,0000000000000000;1,0000000000000000;1,0000000000000000;1,0000000000000000;1,0000000000000000;1,0000000000000000;1,00000000000000000
2021-07-07;alle;5;5,0;5;5;5;5;5;5;5;5,0;5,0;5,0;27;27,0;27,0;27;27;27;27;27;27;27,0;27,0;27,0;NA;NA;NA;NA;NA;NA;NA;NA;NA;NA;NA
2021-07-06;0-60;1;1,0;1;1;1;1;1;1;1;1,0;1,0;1,0;14;14,0;14,0;14;14;14;14;14;14;14,0;14,0;14,0;1,0000000000000000;1,000000000000000;1,0000000000000000;1,0000000000000000;1,0000000000000000;1,0000000000000000;1,0000000000000000;1,0000000000000000;1,0000000000000000;1,0000000000000000;1,00000000000000000
2021-07-06;60+;2;2,0;2;2;2;2;2;2;2;2,0;2,0;2,0;8;8,0;8,0;8;8;8;8;8;8;8,0;8,0;8,0;1,0000000000000000;1,000000000000000;1,0000000000000000;1,0000000000000000;1,0000000000000000;1,0000000000000000;1,0000000000000000;1,0000000000000000;1,0000000000000000;1,0000000000000000;1,00000000000000000
2021-07-06;alle;3;3,0;3;3;3;3;3;3;3;3,0;3,0;3,0;22;22,0;22,0;22;22;22;22;22;22;22,0;22,0;22,0;NA;NA;NA;NA;NA;NA;NA;NA;NA;NA;NA
2021-07-05;0-60;0;0,0;0;0;0;0;0;0;0;0,0;0,0;0,0;13;13,0;13,0;13;13;13;13;13;13;13,0;13,0;13,0;1,0000000000000000;1,000000000000000;1,0000000000000000;1,0000000000000000;1,0000000000000000;1,0000000000000000;1,0000000000000000;1,0000000000000000;1,0000000000000000;1,0000000000000000;1,00000000000000000
2021-07-05;60+;1;1,0;1;1;1;1;1;1;1;1,0;1,0;1,0;7;7,0;7,0;7;7;7;7;7;7;7,0;7,0;7,0;1,0000000000000000;1,000000000000000;1,0000000000000000;1,0000000000000000;1,0000000000000000;1,0000000000000000;1,0000000000000000;1,0000000000000000;1,0000000000000000;1,0000000000000000;1,00000000000000000
2021-07-05;alle;1;1,0;1;1;1;1;1;1;1;1,0;1,0;1,0;20;20,0;20,0;20;20;20;20;20;20;20,0;20,0;20,0;NA;NA;NA;NA;NA;NA;NA;NA;NA;NA;NA
2021-07-04;0-60;3;3,0;3;3;3;3;3;3;3;3,0;3,0;3,0;14;14,0;14,0;14;14;14;14;14;14;14,0;14,0;14,0;1,0000000000000000;1,000000000000000;1,0000000000000000;1,0000000000000000;1,0000000000000000;1,0000000000000000;1,0000000000000000;1,0000000000000000;1,0000000000000000;1,0000000000000000;1,00000000000000000
2021-07-04;60+;1;1,0;1;1;1;1;1;1;1;1,0;1,0;1,0;6;6,0;6,0;6;6;6;6;6;6;6,0;6,0;6,0;1,0000000000000000;1,000000000000000;1,0000000000000000;1,0000000000000000;1,0000000000000000;1,0000000000000000;1,0000000000000000;1,0000000000000000;1,0000000000000000;1,0000000000000000;1,00000000000000000
2021-07-04;alle;4;4,0;4;4;4;4;4;4;4;4,0;4,0;4,0;20;20,0;20,0;20;20;20;20;20;20;20,0;20,0;20,0;NA;NA;NA;NA;NA;NA;NA;NA;NA;NA;NA
2021-07-03;0-60;2;2,0;2;2;2;2;2;2;2;2,0;2,0;2,0;12;12,0;12,0;12;12;12;12;12;12;12,0;12,0;12,0;1,0000000000000000;1,000000000000000;1,0000000000000000;1,0000000000000000;1,0000000000000000;1,0000000000000000;1,0000000000000000;1,0000000000000000;1,0000000000000000;1,0000000000000000;1,00000000000000000
2021-07-03;60+;0;0,0;0;0;0;0;0;0;0;0,0;0,0;0,0;5;5,0;5,0;5;5;5;5;5;5;5,0;5,0;5,0;1,0000000000000000;1,000000000000000;1,0000000000000000;1,0000000000000000;1,0000000000000000;1,0000000000000000;1,0000000000000000;1,0000000000000000;1,0000000000000000;1,0000000000000000;1,00000000000000000
2021-07-03;alle;2;2,0;2;2;2;2;2;2;2;2,0;2,0;2,0;17;17,0;17,0;17;17;17;17;17;17;17,0;17,0;17,0;NA;NA;NA;NA;NA;NA;NA;NA;NA;NA;NA
2021-07-02;0-60;3;3,0;3;3;3;3;3;3;3;3,0;3,0;3,0;12;12,0;12,0;12;12;12;12;12;12;12,0;12,0;12,0;1,0000000000000000;1,000000000000000;1,0000000000000000;1,0000000000000000;1,0000000000000000;1,0000000000000000;1,0000000000000000;1,0000000000000000;1,0000000000000000;1,0000000000000000;1,00000000000000000
2021-07-02;60+;3;3,0;3;3;3;3;3;3;3;3,0;3,0;3,0;6;6,0;6,0;6;6;6;6;6;6;6,0;6,0;6,0;1,0000000000000000;1,000000000000000;1,0000000000000000;1,0000000000000000;1,0000000000000000;1,0000000000000000;1,0000000000000000;1,0000000000000000;1,0000000000000000;1,0000000000000000;1,00000000000000000
2021-07-02;alle;6;6,0;6;6;6;6;6;6;6;6,0;6,0;6,0;18;18,0;18,0;18;18;18;18;18;18;18,0;18,0;18,0;NA;NA;NA;NA;NA;NA;NA;NA;NA;NA;NA
2021-07-01;0-60;5;5,0;5;5;5;5;5;5;5;5,0;5,0;5,0;10;10,0;10,0;10;10;10;10;10;10;10,0;10,0;10,0;1,0000000000000000;1,000000000000000;1,0000000000000000;1,0000000000000000;1,0000000000000000;1,0000000000000000;1,0000000000000000;1,0000000000000000;1,0000000000000000;1,0000000000000000;1,00000000000000000
2021-07-01;60+;1;1,0;1;1;1;1;1;1;1;1,0;1,0;1,0;4;4,0;4,0;4;4;4;4;4;4;4,0;4,0;4,0;1,0000000000000000;1,000000000000000;1,0000000000000000;1,0000000000000000;1,0000000000000000;1,0000000000000000;1,0000000000000000;1,0000000000000000;1,0000000000000000;1,0000000000000000;1,00000000000000000
2021-07-01;alle;6;6,0;6;6;6;6;6;6;6;6,0;6,0;6,0;14;14,0;14,0;14;14;14;14;14;14;14,0;14,0;14,0;NA;NA;NA;NA;NA;NA;NA;NA;NA;NA;NA
2021-06-30;0-60;0;0,0;0;0;0;0;0;0;0;0,0;0,0;0,0;11;11,0;11,0;11;11;11;11;11;11;11,0;11,0;11,0;1,0000000000000000;1,000000000000000;1,0000000000000000;1,0000000000000000;1,0000000000000000;1,0000000000000000;1,0000000000000000;1,0000000000000000;1,0000000000000000;1,0000000000000000;1,00000000000000000
2021-06-30;60+;0;0,0;0;0;0;0;0;0;0;0,0;0,0;0,0;5;5,0;5,0;5;5;5;5;5;5;5,0;5,0;5,0;1,0000000000000000;1,000000000000000;1,0000000000000000;1,0000000000000000;1,0000000000000000;1,0000000000000000;1,0000000000000000;1,0000000000000000;1,0000000000000000;1,0000000000000000;1,00000000000000000
2021-06-30;alle;0;0,0;0;0;0;0;0;0;0;0,0;0,0;0,0;16;16,0;16,0;16;16;16;16;16;16;16,0;16,0;16,0;NA;NA;NA;NA;NA;NA;NA;NA;NA;NA;NA
2021-06-29;0-60;0;0,0;0;0;0;0;0;0;0;0,0;0,0;0,0;13;13,0;13,0;13;13;13;13;13;13;13,0;13,0;13,0;1,0000000000000000;1,000000000000000;1,0000000000000000;1,0000000000000000;1,0000000000000000;1,0000000000000000;1,0000000000000000;1,0000000000000000;1,0000000000000000;1,0000000000000000;1,00000000000000000
2021-06-29;60+;1;1,0;1;1;1;1;1;1;1;1,0;1,0;1,0;5;5,0;5,0;5;5;5;5;5;5;5,0;5,0;5,0;1,0000000000000000;1,000000000000000;1,0000000000000000;1,0000000000000000;1,0000000000000000;1,0000000000000000;1,0000000000000000;1,0000000000000000;1,0000000000000000;1,0000000000000000;1,00000000000000000
2021-06-29;alle;1;1,0;1;1;1;1;1;1;1;1,0;1,0;1,0;18;18,0;18,0;18;18;18;18;18;18;18,0;18,0;18,0;NA;NA;NA;NA;NA;NA;NA;NA;NA;NA;NA
2021-06-28;0-60;1;1,0;1;1;1;1;1;1;1;1,0;1,0;1,0;13;13,0;13,0;13;13;13;13;13;13;13,0;13,0;13,0;1,0000000000000000;1,000000000000000;1,0000000000000000;1,0000000000000000;1,0000000000000000;1,0000000000000000;1,0000000000000000;1,0000000000000000;1,0000000000000000;1,0000000000000000;1,00000000000000000
2021-06-28;60+;0;0,0;0;0;0;0;0;0;0;0,0;0,0;0,0;5;5,0;5,0;5;5;5;5;5;5;5,0;5,0;5,0;1,0000000000000000;1,000000000000000;1,0000000000000000;1,0000000000000000;1,0000000000000000;1,0000000000000000;1,0000000000000000;1,0000000000000000;1,0000000000000000;1,0000000000000000;1,00000000000000000
2021-06-28;alle;1;1,0;1;1;1;1;1;1;1;1,0;1,0;1,0;18;18,0;18,0;18;18;18;18;18;18;18,0;18,0;18,0;NA;NA;NA;NA;NA;NA;NA;NA;NA;NA;NA
2021-06-27;0-60;1;1,0;1;1;1;1;1;1;1;1,0;1,0;1,0;12;12,0;12,0;12;12;12;12;12;12;12,0;12,0;12,0;1,0000000000000000;1,000000000000000;1,0000000000000000;1,0000000000000000;1,0000000000000000;1,0000000000000000;1,0000000000000000;1,0000000000000000;1,0000000000000000;1,0000000000000000;1,00000000000000000
2021-06-27;60+;0;0,0;0;0;0;0;0;0;0;0,0;0,0;0,0;6;6,0;6,0;6;6;6;6;6;6;6,0;6,0;6,0;1,0000000000000000;1,000000000000000;1,0000000000000000;1,0000000000000000;1,0000000000000000;1,0000000000000000;1,0000000000000000;1,0000000000000000;1,0000000000000000;1,0000000000000000;1,00000000000000000
2021-06-27;alle;1;1,0;1;1;1;1;1;1;1;1,0;1,0;1,0;18;18,0;18,0;18;18;18;18;18;18;18,0;18,0;18,0;NA;NA;NA;NA;NA;NA;NA;NA;NA;NA;NA
2021-06-26;0-60;2;2,0;2;2;2;2;2;2;2;2,0;2,0;2,0;12;12,0;12,0;12;12;12;12;12;12;12,0;12,0;12,0;1,0000000000000000;1,000000000000000;1,0000000000000000;1,0000000000000000;1,0000000000000000;1,0000000000000000;1,0000000000000000;1,0000000000000000;1,0000000000000000;1,0000000000000000;1,00000000000000000
2021-06-26;60+;1;1,0;1;1;1;1;1;1;1;1,0;1,0;1,0;6;6,0;6,0;6;6;6;6;6;6;6,0;6,0;6,0;1,0000000000000000;1,000000000000000;1,0000000000000000;1,0000000000000000;1,0000000000000000;1,0000000000000000;1,0000000000000000;1,0000000000000000;1,0000000000000000;1,0000000000000000;1,00000000000000000
2021-06-26;alle;3;3,0;3;3;3;3;3;3;3;3,0;3,0;3,0;18;18,0;18,0;18;18;18;18;18;18;18,0;18,0;18,0;NA;NA;NA;NA;NA;NA;NA;NA;NA;NA;NA
2021-06-25;0-60;1;1,0;1;1;1;1;1;1;1;1,0;1,0;1,0;12;12,0;12,0;12;12;12;12;12;12;12,0;12,0;12,0;1,0000000000000000;1,000000000000000;1,0000000000000000;1,0000000000000000;1,0000000000000000;1,0000000000000000;1,0000000000000000;1,0000000000000000;1,0000000000000000;1,0000000000000000;1,00000000000000000
2021-06-25;60+;1;1,0;1;1;1;1;1;1;1;1,0;1,0;1,0;6;6,0;6,0;6;6;6;6;6;6;6,0;6,0;6,0;1,0000000000000000;1,000000000000000;1,0000000000000000;1,0000000000000000;1,0000000000000000;1,0000000000000000;1,0000000000000000;1,0000000000000000;1,0000000000000000;1,0000000000000000;1,00000000000000000
2021-06-25;alle;2;2,0;2;2;2;2;2;2;2;2,0;2,0;2,0;18;18,0;18,0;18;18;18;18;18;18;18,0;18,0;18,0;NA;NA;NA;NA;NA;NA;NA;NA;NA;NA;NA
2021-06-24;0-60;6;6,0;6;6;6;6;6;6;6;6,0;6,0;6,0;15;15,0;15,0;15;15;15;15;15;15;15,0;15,0;15,0;1,0000000000000000;1,000000000000000;1,0000000000000000;1,0000000000000000;1,0000000000000000;1,0000000000000000;1,0000000000000000;1,0000000000000000;1,0000000000000000;1,0000000000000000;1,00000000000000000
2021-06-24;60+;2;2,0;2;2;2;2;2;2;2;2,0;2,0;2,0;7;7,0;7,0;7;7;7;7;7;7;7,0;7,0;7,0;1,0000000000000000;1,000000000000000;1,0000000000000000;1,0000000000000000;1,0000000000000000;1,0000000000000000;1,0000000000000000;1,0000000000000000;1,0000000000000000;1,0000000000000000;1,00000000000000000
2021-06-24;alle;8;8,0;8;8;8;8;8;8;8;8,0;8,0;8,0;22;22,0;22,0;22;22;22;22;22;22;22,0;22,0;22,0;NA;NA;NA;NA;NA;NA;NA;NA;NA;NA;NA
2021-06-23;0-60;2;2,0;2;2;2;2;2;2;2;2,0;2,0;2,0;13;13,0;13,0;13;13;13;13;13;13;13,0;13,0;13,0;1,0000000000000000;1,000000000000000;1,0000000000000000;1,0000000000000000;1,0000000000000000;1,0000000000000000;1,0000000000000000;1,0000000000000000;1,0000000000000000;1,0000000000000000;1,00000000000000000
2021-06-23;60+;0;0,0;0;0;0;0;0;0;0;0,0;0,0;0,0;6;6,0;6,0;6;6;6;6;6;6;6,0;6,0;6,0;1,0000000000000000;1,000000000000000;1,0000000000000000;1,0000000000000000;1,0000000000000000;1,0000000000000000;1,0000000000000000;1,0000000000000000;1,0000000000000000;1,0000000000000000;1,00000000000000000
2021-06-23;alle;2;2,0;2;2;2;2;2;2;2;2,0;2,0;2,0;19;19,0;19,0;19;19;19;19;19;19;19,0;19,0;19,0;NA;NA;NA;NA;NA;NA;NA;NA;NA;NA;NA
2021-06-22;0-60;0;0,0;0;0;0;0;0;0;0;0,0;0,0;0,0;15;15,0;15,0;15;15;15;15;15;15;15,0;15,0;15,0;1,0000000000000000;1,000000000000000;1,0000000000000000;1,0000000000000000;1,0000000000000000;1,0000000000000000;1,0000000000000000;1,0000000000000000;1,0000000000000000;1,0000000000000000;1,00000000000000000
2021-06-22;60+;1;1,0;1;1;1;1;1;1;1;1,0;1,0;1,0;10;10,0;10,0;10;10;10;10;10;10;10,0;10,0;10,0;1,0000000000000000;1,000000000000000;1,0000000000000000;1,0000000000000000;1,0000000000000000;1,0000000000000000;1,0000000000000000;1,0000000000000000;1,0000000000000000;1,0000000000000000;1,00000000000000000
2021-06-22;alle;1;1,0;1;1;1;1;1;1;1;1,0;1,0;1,0;25;25,0;25,0;25;25;25;25;25;25;25,0;25,0;25,0;NA;NA;NA;NA;NA;NA;NA;NA;NA;NA;NA
2021-06-21;0-60;0;0,0;0;0;0;0;0;0;0;0,0;0,0;0,0;16;16,0;16,0;16;16;16;16;16;16;16,0;16,0;16,0;1,0000000000000000;1,000000000000000;1,0000000000000000;1,0000000000000000;1,0000000000000000;1,0000000000000000;1,0000000000000000;1,0000000000000000;1,0000000000000000;1,0000000000000000;1,00000000000000000
2021-06-21;60+;1;1,0;1;1;1;1;1;1;1;1,0;1,0;1,0;9;9,0;9,0;9;9;9;9;9;9;9,0;9,0;9,0;1,0000000000000000;1,000000000000000;1,0000000000000000;1,0000000000000000;1,0000000000000000;1,0000000000000000;1,0000000000000000;1,0000000000000000;1,0000000000000000;1,0000000000000000;1,00000000000000000
2021-06-21;alle;1;1,0;1;1;1;1;1;1;1;1,0;1,0;1,0;25;25,0;25,0;25;25;25;25;25;25;25,0;25,0;25,0;NA;NA;NA;NA;NA;NA;NA;NA;NA;NA;NA
2021-06-20;0-60;1;1,0;1;1;1;1;1;1;1;1,0;1,0;1,0;20;20,0;20,0;20;20;20;20;20;20;20,0;20,0;20,0;1,0000000000000000;1,000000000000000;1,0000000000000000;1,0000000000000000;1,0000000000000000;1,0000000000000000;1,0000000000000000;1,0000000000000000;1,0000000000000000;1,0000000000000000;1,00000000000000000
2021-06-20;60+;0;0,0;0;0;0;0;0;0;0;0,0;0,0;0,0;10;10,0;10,0;10;10;10;10;10;10;10,0;10,0;10,0;1,0000000000000000;1,000000000000000;1,0000000000000000;1,0000000000000000;1,0000000000000000;1,0000000000000000;1,0000000000000000;1,0000000000000000;1,0000000000000000;1,0000000000000000;1,00000000000000000
2021-06-20;alle;1;1,0;1;1;1;1;1;1;1;1,0;1,0;1,0;30;30,0;30,0;30;30;30;30;30;30;30,0;30,0;30,0;NA;NA;NA;NA;NA;NA;NA;NA;NA;NA;NA
2021-06-19;0-60;2;2,0;2;2;2;2;2;2;2;2,0;2,0;2,0;21;21,0;21,0;21;21;21;21;21;21;21,0;21,0;21,0;1,0000000000000000;1,000000000000000;1,0000000000000000;1,0000000000000000;1,0000000000000000;1,0000000000000000;1,0000000000000000;1,0000000000000000;1,0000000000000000;1,0000000000000000;1,00000000000000000
2021-06-19;60+;1;1,0;1;1;1;1;1;1;1;1,0;1,0;1,0;10;10,0;10,0;10;10;10;10;10;10;10,0;10,0;10,0;1,0000000000000000;1,000000000000000;1,0000000000000000;1,0000000000000000;1,0000000000000000;1,0000000000000000;1,0000000000000000;1,0000000000000000;1,0000000000000000;1,0000000000000000;1,00000000000000000
2021-06-19;alle;3;3,0;3;3;3;3;3;3;3;3,0;3,0;3,0;31;31,0;31,0;31;31;31;31;31;31;31,0;31,0;31,0;NA;NA;NA;NA;NA;NA;NA;NA;NA;NA;NA
2021-06-18;0-60;4;4,0;4;4;4;4;4;4;4;4,0;4,0;4,0;21;21,0;21,0;21;21;21;21;21;21;21,0;21,0;21,0;1,0000000000000000;1,000000000000000;1,0000000000000000;1,0000000000000000;1,0000000000000000;1,0000000000000000;1,0000000000000000;1,0000000000000000;1,0000000000000000;1,0000000000000000;1,00000000000000000
2021-06-18;60+;2;2,0;2;2;2;2;2;2;2;2,0;2,0;2,0;11;11,0;11,0;11;11;11;11;11;11;11,0;11,0;11,0;1,0000000000000000;1,000000000000000;1,0000000000000000;1,0000000000000000;1,0000000000000000;1,0000000000000000;1,0000000000000000;1,0000000000000000;1,0000000000000000;1,0000000000000000;1,00000000000000000
2021-06-18;alle;6;6,0;6;6;6;6;6;6;6;6,0;6,0;6,0;32;32,0;32,0;32;32;32;32;32;32;32,0;32,0;32,0;NA;NA;NA;NA;NA;NA;NA;NA;NA;NA;NA
2021-06-17;0-60;4;4,0;4;4;4;4;4;4;4;4,0;4,0;4,0;21;21,0;21,0;21;21;21;21;21;21;21,0;21,0;21,0;1,0000000000000000;1,000000000000000;1,0000000000000000;1,0000000000000000;1,0000000000000000;1,0000000000000000;1,0000000000000000;1,0000000000000000;1,0000000000000000;1,0000000000000000;1,00000000000000000
2021-06-17;60+;1;1,0;1;1;1;1;1;1;1;1,0;1,0;1,0;14;14,0;14,0;14;14;14;14;14;14;14,0;14,0;14,0;1,0000000000000000;1,000000000000000;1,0000000000000000;1,0000000000000000;1,0000000000000000;1,0000000000000000;1,0000000000000000;1,0000000000000000;1,0000000000000000;1,0000000000000000;1,00000000000000000
2021-06-17;alle;5;5,0;5;5;5;5;5;5;5;5,0;5,0;5,0;35;35,0;35,0;35;35;35;35;35;35;35,0;35,0;35,0;NA;NA;NA;NA;NA;NA;NA;NA;NA;NA;NA
2021-06-16;0-60;4;4,0;4;4;4;4;4;4;4;4,0;4,0;4,0;23;23,0;23,0;23;23;23;23;23;23;23,0;23,0;23,0;1,0000000000000000;1,000000000000000;1,0000000000000000;1,0000000000000000;1,0000000000000000;1,0000000000000000;1,0000000000000000;1,0000000000000000;1,0000000000000000;1,0000000000000000;1,00000000000000000
2021-06-16;60+;4;4,0;4;4;4;4;4;4;4;4,0;4,0;4,0;17;17,0;17,0;17;17;17;17;17;17;17,0;17,0;17,0;1,0000000000000000;1,000000000000000;1,0000000000000000;1,0000000000000000;1,0000000000000000;1,0000000000000000;1,0000000000000000;1,0000000000000000;1,0000000000000000;1,0000000000000000;1,00000000000000000
2021-06-16;alle;8;8,0;8;8;8;8;8;8;8;8,0;8,0;8,0;40;40,0;40,0;40;40;40;40;40;40;40,0;40,0;40,0;NA;NA;NA;NA;NA;NA;NA;NA;NA;NA;NA
2021-06-15;0-60;1;1,0;1;1;1;1;1;1;1;1,0;1,0;1,0;23;23,0;23,0;23;23;23;23;23;23;23,0;23,0;23,0;1,0000000000000000;1,000000000000000;1,0000000000000000;1,0000000000000000;1,0000000000000000;1,0000000000000000;1,0000000000000000;1,0000000000000000;1,0000000000000000;1,0000000000000000;1,00000000000000000
2021-06-15;60+;0;0,0;0;0;0;0;0;0;0;0,0;0,0;0,0;15;15,0;15,0;15;15;15;15;15;15;15,0;15,0;15,0;1,0000000000000000;1,000000000000000;1,0000000000000000;1,0000000000000000;1,0000000000000000;1,0000000000000000;1,0000000000000000;1,0000000000000000;1,0000000000000000;1,0000000000000000;1,00000000000000000
2021-06-15;alle;1;1,0;1;1;1;1;1;1;1;1,0;1,0;1,0;38;38,0;38,0;38;38;38;38;38;38;38,0;38,0;38,0;NA;NA;NA;NA;NA;NA;NA;NA;NA;NA;NA
2021-06-14;0-60;4;4,0;4;4;4;4;4;4;4;4,0;4,0;4,0;26;26,0;26,0;26;26;26;26;26;26;26,0;26,0;26,0;1,0000000000000000;1,000000000000000;1,0000000000000000;1,0000000000000000;1,0000000000000000;1,0000000000000000;1,0000000000000000;1,0000000000000000;1,0000000000000000;1,0000000000000000;1,00000000000000000
2021-06-14;60+;2;2,0;2;2;2;2;2;2;2;2,0;2,0;2,0;17;17,0;17,0;17;17;17;17;17;17;17,0;17,0;17,0;1,0000000000000000;1,000000000000000;1,0000000000000000;1,0000000000000000;1,0000000000000000;1,0000000000000000;1,0000000000000000;1,0000000000000000;1,0000000000000000;1,0000000000000000;1,00000000000000000
2021-06-14;alle;6;6,0;6;6;6;6;6;6;6;6,0;6,0;6,0;43;43,0;43,0;43;43;43;43;43;43;43,0;43,0;43,0;NA;NA;NA;NA;NA;NA;NA;NA;NA;NA;NA
2021-06-13;0-60;2;2,0;2;2;2;2;2;2;2;2,0;2,0;2,0;25;25,0;25,0;25;25;25;25;25;25;25,0;25,0;25,0;1,0000000000000000;1,000000000000000;1,0000000000000000;1,0000000000000000;1,0000000000000000;1,0000000000000000;1,0000000000000000;1,0000000000000000;1,0000000000000000;1,0000000000000000;1,00000000000000000
2021-06-13;60+;0;0,0;0;0;0;0;0;0;0;0,0;0,0;0,0;15;15,0;15,0;15;15;15;15;15;15;15,0;15,0;15,0;1,0000000000000000;1,000000000000000;1,0000000000000000;1,0000000000000000;1,0000000000000000;1,0000000000000000;1,0000000000000000;1,0000000000000000;1,0000000000000000;1,0000000000000000;1,00000000000000000
2021-06-13;alle;2;2,0;2;2;2;2;2;2;2;2,0;2,0;2,0;40;40,0;40,0;40;40;40;40;40;40;40,0;40,0;40,0;NA;NA;NA;NA;NA;NA;NA;NA;NA;NA;NA
2021-06-12;0-60;2;2,0;2;2;2;2;2;2;2;2,0;2,0;2,0;26;26,0;26,0;26;26;26;26;26;26;26,0;26,0;26,0;1,0000000000000000;1,000000000000000;1,0000000000000000;1,0000000000000000;1,0000000000000000;1,0000000000000000;1,0000000000000000;1,0000000000000000;1,0000000000000000;1,0000000000000000;1,00000000000000000
2021-06-12;60+;2;2,0;2;2;2;2;2;2;2;2,0;2,0;2,0;18;18,0;18,0;18;18;18;18;18;18;18,0;18,0;18,0;1,0000000000000000;1,000000000000000;1,0000000000000000;1,0000000000000000;1,0000000000000000;1,0000000000000000;1,0000000000000000;1,0000000000000000;1,0000000000000000;1,0000000000000000;1,00000000000000000
2021-06-12;alle;4;4,0;4;4;4;4;4;4;4;4,0;4,0;4,0;44;44,0;44,0;44;44;44;44;44;44;44,0;44,0;44,0;NA;NA;NA;NA;NA;NA;NA;NA;NA;NA;NA
2021-06-11;0-60;4;4,0;4;4;4;4;4;4;4;4,0;4,0;4,0;26;26,0;26,0;26;26;26;26;26;26;26,0;26,0;26,0;1,0000000000000000;1,000000000000000;1,0000000000000000;1,0000000000000000;1,0000000000000000;1,0000000000000000;1,0000000000000000;1,0000000000000000;1,0000000000000000;1,0000000000000000;1,00000000000000000
2021-06-11;60+;5;5,0;5;5;5;5;5;5;5;5,0;5,0;5,0;17;17,0;17,0;17;17;17;17;17;17;17,0;17,0;17,0;1,0000000000000000;1,000000000000000;1,0000000000000000;1,0000000000000000;1,0000000000000000;1,0000000000000000;1,0000000000000000;1,0000000000000000;1,0000000000000000;1,0000000000000000;1,00000000000000000
2021-06-11;alle;9;9,0;9;9;9;9;9;9;9;9,0;9,0;9,0;43;43,0;43,0;43;43;43;43;43;43;43,0;43,0;43,0;NA;NA;NA;NA;NA;NA;NA;NA;NA;NA;NA
2021-06-10;0-60;6;6,0;6;6;6;6;6;6;6;6,0;6,0;6,0;28;28,0;28,0;28;28;28;28;28;28;28,0;28,0;28,0;1,0000000000000000;1,000000000000000;1,0000000000000000;1,0000000000000000;1,0000000000000000;1,0000000000000000;1,0000000000000000;1,0000000000000000;1,0000000000000000;1,0000000000000000;1,00000000000000000
2021-06-10;60+;4;4,0;4;4;4;4;4;4;4;4,0;4,0;4,0;16;16,0;16,0;16;16;16;16;16;16;16,0;16,0;16,0;1,0000000000000000;1,000000000000000;1,0000000000000000;1,0000000000000000;1,0000000000000000;1,0000000000000000;1,0000000000000000;1,0000000000000000;1,0000000000000000;1,0000000000000000;1,00000000000000000
2021-06-10;alle;10;10,0;10;10;10;10;10;10;10;10,0;10,0;10,0;44;44,0;44,0;44;44;44;44;44;44;44,0;44,0;44,0;NA;NA;NA;NA;NA;NA;NA;NA;NA;NA;NA
2021-06-09;0-60;4;4,0;4;4;4;4;4;4;4;4,0;4,0;4,0;29;29,0;29,0;29;29;29;29;29;29;29,0;29,0;29,0;1,0000000000000000;1,000000000000000;1,0000000000000000;1,0000000000000000;1,0000000000000000;1,0000000000000000;1,0000000000000000;1,0000000000000000;1,0000000000000000;1,0000000000000000;1,00000000000000000
2021-06-09;60+;2;2,0;2;2;2;2;2;2;2;2,0;2,0;2,0;18;18,0;18,0;18;18;18;18;18;18;18,0;18,0;18,0;1,0000000000000000;1,000000000000000;1,0000000000000000;1,0000000000000000;1,0000000000000000;1,0000000000000000;1,0000000000000000;1,0000000000000000;1,0000000000000000;1,0000000000000000;1,00000000000000000
2021-06-09;alle;6;6,0;6;6;6;6;6;6;6;6,0;6,0;6,0;47;47,0;47,0;47;47;47;47;47;47;47,0;47,0;47,0;NA;NA;NA;NA;NA;NA;NA;NA;NA;NA;NA
2021-06-08;0-60;4;4,0;4;4;4;4;4;4;4;4,0;4,0;4,0;36;36,0;36,0;36;36;36;36;36;36;36,0;36,0;36,0;1,0000000000000000;1,000000000000000;1,0000000000000000;1,0000000000000000;1,0000000000000000;1,0000000000000000;1,0000000000000000;1,0000000000000000;1,0000000000000000;1,0000000000000000;1,00000000000000000
2021-06-08;60+;2;2,0;2;2;2;2;2;2;2;2,0;2,0;2,0;18;18,0;18,0;18;18;18;18;18;18;18,0;18,0;18,0;1,0000000000000000;1,000000000000000;1,0000000000000000;1,0000000000000000;1,0000000000000000;1,0000000000000000;1,0000000000000000;1,0000000000000000;1,0000000000000000;1,0000000000000000;1,00000000000000000
2021-06-08;alle;6;6,0;6;6;6;6;6;6;6;6,0;6,0;6,0;54;54,0;54,0;54;54;54;54;54;54;54,0;54,0;54,0;NA;NA;NA;NA;NA;NA;NA;NA;NA;NA;NA
2021-06-07;0-60;3;3,0;3;3;3;3;3;3;3;3,0;3,0;3,0;35;35,0;35,0;35;35;35;35;35;35;35,0;35,0;35,0;1,0000000000000000;1,000000000000000;1,0000000000000000;1,0000000000000000;1,0000000000000000;1,0000000000000000;1,0000000000000000;1,0000000000000000;1,0000000000000000;1,0000000000000000;1,00000000000000000
2021-06-07;60+;0;0,0;0;0;0;0;0;0;0;0,0;0,0;0,0;18;18,0;18,0;18;18;18;18;18;18;18,0;18,0;18,0;1,0000000000000000;1,000000000000000;1,0000000000000000;1,0000000000000000;1,0000000000000000;1,0000000000000000;1,0000000000000000;1,0000000000000000;1,0000000000000000;1,0000000000000000;1,00000000000000000
2021-06-07;alle;3;3,0;3;3;3;3;3;3;3;3,0;3,0;3,0;53;53,0;53,0;53;53;53;53;53;53;53,0;53,0;53,0;NA;NA;NA;NA;NA;NA;NA;NA;NA;NA;NA
2021-06-06;0-60;3;3,0;3;3;3;3;3;3;3;3,0;3,0;3,0;34;34,0;34,0;34;34;34;34;34;34;34,0;34,0;34,0;1,0000000000000000;1,000000000000000;1,0000000000000000;1,0000000000000000;1,0000000000000000;1,0000000000000000;1,0000000000000000;1,0000000000000000;1,0000000000000000;1,0000000000000000;1,00000000000000000
2021-06-06;60+;3;3,0;3;3;3;3;3;3;3;3,0;3,0;3,0;19;19,0;19,0;19;19;19;19;19;19;19,0;19,0;19,0;1,0000000000000000;1,000000000000000;1,0000000000000000;1,0000000000000000;1,0000000000000000;1,0000000000000000;1,0000000000000000;1,0000000000000000;1,0000000000000000;1,0000000000000000;1,00000000000000000
2021-06-06;alle;6;6,0;6;6;6;6;6;6;6;6,0;6,0;6,0;53;53,0;53,0;53;53;53;53;53;53;53,0;53,0;53,0;NA;NA;NA;NA;NA;NA;NA;NA;NA;NA;NA
2021-06-05;0-60;2;2,0;2;2;2;2;2;2;2;2,0;2,0;2,0;34;34,0;34,0;34;34;34;34;34;34;34,0;34,0;34,0;1,0000000000000000;1,000000000000000;1,0000000000000000;1,0000000000000000;1,0000000000000000;1,0000000000000000;1,0000000000000000;1,0000000000000000;1,0000000000000000;1,0000000000000000;1,00000000000000000
2021-06-05;60+;1;1,0;1;1;1;1;1;1;1;1,0;1,0;1,0;17;17,0;17,0;17;17;17;17;17;17;17,0;17,0;17,0;1,0000000000000000;1,000000000000000;1,0000000000000000;1,0000000000000000;1,0000000000000000;1,0000000000000000;1,0000000000000000;1,0000000000000000;1,0000000000000000;1,0000000000000000;1,00000000000000000
2021-06-05;alle;3;3,0;3;3;3;3;3;3;3;3,0;3,0;3,0;51;51,0;51,0;51;51;51;51;51;51;51,0;51,0;51,0;NA;NA;NA;NA;NA;NA;NA;NA;NA;NA;NA
2021-06-04;0-60;6;6,0;6;6;6;6;6;6;6;6,0;6,0;6,0;43;43,0;43,0;43;43;43;43;43;43;43,0;43,0;43,0;1,0000000000000000;1,000000000000000;1,0000000000000000;1,0000000000000000;1,0000000000000000;1,0000000000000000;1,0000000000000000;1,0000000000000000;1,0000000000000000;1,0000000000000000;1,00000000000000000
2021-06-04;60+;4;4,0;4;4;4;4;4;4;4;4,0;4,0;4,0;24;24,0;24,0;24;24;24;24;24;24;24,0;24,0;24,0;1,0000000000000000;1,000000000000000;1,0000000000000000;1,0000000000000000;1,0000000000000000;1,0000000000000000;1,0000000000000000;1,0000000000000000;1,0000000000000000;1,0000000000000000;1,00000000000000000
2021-06-04;alle;10;10,0;10;10;10;10;10;10;10;10,0;10,0;10,0;67;67,0;67,0;67;67;67;67;67;67;67,0;67,0;67,0;NA;NA;NA;NA;NA;NA;NA;NA;NA;NA;NA
2021-06-03;0-60;7;7,0;7;7;7;7;7;7;7;7,0;7,0;7,0;47;47,0;47,0;47;47;47;47;47;47;47,0;47,0;47,0;1,0000000000000000;1,000000000000000;1,0000000000000000;1,0000000000000000;1,0000000000000000;1,0000000000000000;1,0000000000000000;1,0000000000000000;1,0000000000000000;1,0000000000000000;1,00000000000000000
2021-06-03;60+;6;6,0;6;6;6;6;6;6;6;6,0;6,0;6,0;25;25,0;25,0;25;25;25;25;25;25;25,0;25,0;25,0;1,0000000000000000;1,000000000000000;1,0000000000000000;1,0000000000000000;1,0000000000000000;1,0000000000000000;1,0000000000000000;1,0000000000000000;1,0000000000000000;1,0000000000000000;1,00000000000000000
2021-06-03;alle;13;13,0;13;13;13;13;13;13;13;13,0;13,0;13,0;72;72,0;72,0;72;72;72;72;72;72;72,0;72,0;72,0;NA;NA;NA;NA;NA;NA;NA;NA;NA;NA;NA
2021-06-02;0-60;11;11,0;11;11;11;11;11;11;11;11,0;11,0;11,0;53;53,0;53,0;53;53;53;53;53;53;53,0;53,0;53,0;1,0000000000000000;1,000000000000000;1,0000000000000000;1,0000000000000000;1,0000000000000000;1,0000000000000000;1,0000000000000000;1,0000000000000000;1,0000000000000000;1,0000000000000000;1,00000000000000000
2021-06-02;60+;2;2,0;2;2;2;2;2;2;2;2,0;2,0;2,0;29;29,0;29,0;29;29;29;29;29;29;29,0;29,0;29,0;1,0000000000000000;1,000000000000000;1,0000000000000000;1,0000000000000000;1,0000000000000000;1,0000000000000000;1,0000000000000000;1,0000000000000000;1,0000000000000000;1,0000000000000000;1,00000000000000000
2021-06-02;alle;13;13,0;13;13;13;13;13;13;13;13,0;13,0;13,0;82;82,0;82,0;82;82;82;82;82;82;82,0;82,0;82,0;NA;NA;NA;NA;NA;NA;NA;NA;NA;NA;NA
2021-06-01;0-60;3;3,0;3;3;3;3;3;3;3;3,0;3,0;3,0;51;51,0;51,0;51;51;51;51;51;51;51,0;51,0;51,0;1,0000000000000000;1,000000000000000;1,0000000000000000;1,0000000000000000;1,0000000000000000;1,0000000000000000;1,0000000000000000;1,0000000000000000;1,0000000000000000;1,0000000000000000;1,00000000000000000
2021-06-01;60+;2;2,0;2;2;2;2;2;2;2;2,0;2,0;2,0;34;34,0;34,0;34;34;34;34;34;34;34,0;34,0;34,0;1,0000000000000000;1,000000000000000;1,0000000000000000;1,0000000000000000;1,0000000000000000;1,0000000000000000;1,0000000000000000;1,0000000000000000;1,0000000000000000;1,0000000000000000;1,00000000000000000
2021-06-01;alle;5;5,0;5;5;5;5;5;5;5;5,0;5,0;5,0;85;85,0;85,0;85;85;85;85;85;85;85,0;85,0;85,0;NA;NA;NA;NA;NA;NA;NA;NA;NA;NA;NA
2021-05-31;0-60;2;2,0;2;2;2;2;2;2;2;2,0;2,0;2,0;53;53,0;53,0;53;53;53;53;53;53;53,0;53,0;53,0;1,0000000000000000;1,000000000000000;1,0000000000000000;1,0000000000000000;1,0000000000000000;1,0000000000000000;1,0000000000000000;1,0000000000000000;1,0000000000000000;1,0000000000000000;1,00000000000000000
2021-05-31;60+;1;1,0;1;1;1;1;1;1;1;1,0;1,0;1,0;34;34,0;34,0;34;34;34;34;34;34;34,0;34,0;34,0;1,0000000000000000;1,000000000000000;1,0000000000000000;1,0000000000000000;1,0000000000000000;1,0000000000000000;1,0000000000000000;1,0000000000000000;1,0000000000000000;1,0000000000000000;1,00000000000000000
2021-05-31;alle;3;3,0;3;3;3;3;3;3;3;3,0;3,0;3,0;87;87,0;87,0;87;87;87;87;87;87;87,0;87,0;87,0;NA;NA;NA;NA;NA;NA;NA;NA;NA;NA;NA
2021-05-30;0-60;3;3,0;3;3;3;3;3;3;3;3,0;3,0;3,0;54;54,0;54,0;54;54;54;54;54;54;54,0;54,0;54,0;1,0000000000000000;1,000000000000000;1,0000000000000000;1,0000000000000000;1,0000000000000000;1,0000000000000000;1,0000000000000000;1,0000000000000000;1,0000000000000000;1,0000000000000000;1,00000000000000000
2021-05-30;60+;1;1,0;1;1;1;1;1;1;1;1,0;1,0;1,0;37;37,0;37,0;37;37;37;37;37;37;37,0;37,0;37,0;1,0000000000000000;1,000000000000000;1,0000000000000000;1,0000000000000000;1,0000000000000000;1,0000000000000000;1,0000000000000000;1,0000000000000000;1,0000000000000000;1,0000000000000000;1,00000000000000000
2021-05-30;alle;4;4,0;4;4;4;4;4;4;4;4,0;4,0;4,0;91;91,0;91,0;91;91;91;91;91;91;91,0;91,0;91,0;NA;NA;NA;NA;NA;NA;NA;NA;NA;NA;NA
2021-05-29;0-60;11;11,0;11;11;11;11;11;11;11;11,0;11,0;11,0;52;52,0;52,0;52;52;52;52;52;52;52,0;52,0;52,0;1,0000000000000000;1,000000000000000;1,0000000000000000;1,0000000000000000;1,0000000000000000;1,0000000000000000;1,0000000000000000;1,0000000000000000;1,0000000000000000;1,0000000000000000;1,00000000000000000
2021-05-29;60+;8;8,0;8;8;8;8;8;8;8;8,0;8,0;8,0;40;40,0;40,0;40;40;40;40;40;40;40,0;40,0;40,0;1,0000000000000000;1,000000000000000;1,0000000000000000;1,0000000000000000;1,0000000000000000;1,0000000000000000;1,0000000000000000;1,0000000000000000;1,0000000000000000;1,0000000000000000;1,00000000000000000
2021-05-29;alle;19;19,0;19;19;19;19;19;19;19;19,0;19,0;19,0;92;92,0;92,0;92;92;92;92;92;92;92,0;92,0;92,0;NA;NA;NA;NA;NA;NA;NA;NA;NA;NA;NA
2021-05-28;0-60;10;10,0;10;10;10;10;10;10;10;10,0;10,0;10,0;49;49,0;49,0;49;49;49;49;49;49;49,0;49,0;49,0;1,0000000000000000;1,000000000000000;1,0000000000000000;1,0000000000000000;1,0000000000000000;1,0000000000000000;1,0000000000000000;1,0000000000000000;1,0000000000000000;1,0000000000000000;1,00000000000000000
2021-05-28;60+;5;5,0;5;5;5;5;5;5;5;5,0;5,0;5,0;44;44,0;44,0;44;44;44;44;44;44;44,0;44,0;44,0;1,0000000000000000;1,000000000000000;1,0000000000000000;1,0000000000000000;1,0000000000000000;1,0000000000000000;1,0000000000000000;1,0000000000000000;1,0000000000000000;1,0000000000000000;1,00000000000000000
2021-05-28;alle;15;15,0;15;15;15;15;15;15;15;15,0;15,0;15,0;93;93,0;93,0;93;93;93;93;93;93;93,0;93,0;93,0;NA;NA;NA;NA;NA;NA;NA;NA;NA;NA;NA
2021-05-27;0-60;13;13,0;13;13;13;13;13;13;13;13,0;13,0;13,0;49;49,0;49,0;49;49;49;49;49;49;49,0;49,0;49,0;1,0000000000000000;1,000000000000000;1,0000000000000000;1,0000000000000000;1,0000000000000000;1,0000000000000000;1,0000000000000000;1,0000000000000000;1,0000000000000000;1,0000000000000000;1,00000000000000000
2021-05-27;60+;10;10,0;10;10;10;10;10;10;10;10,0;10,0;10,0;46;46,0;46,0;46;46;46;46;46;46;46,0;46,0;46,0;1,0000000000000000;1,000000000000000;1,0000000000000000;1,0000000000000000;1,0000000000000000;1,0000000000000000;1,0000000000000000;1,0000000000000000;1,0000000000000000;1,0000000000000000;1,00000000000000000
2021-05-27;alle;23;23,0;23;23;23;23;23;23;23;23,0;23,0;23,0;95;95,0;95,0;95;95;95;95;95;95;95,0;95,0;95,0;NA;NA;NA;NA;NA;NA;NA;NA;NA;NA;NA
2021-05-26;0-60;9;9,0;9;9;9;9;9;9;9;9,0;9,0;9,0;47;47,0;47,0;47;47;47;47;47;47;47,0;47,0;47,0;1,0000000000000000;1,000000000000000;1,0000000000000000;1,0000000000000000;1,0000000000000000;1,0000000000000000;1,0000000000000000;1,0000000000000000;1,0000000000000000;1,0000000000000000;1,00000000000000000
2021-05-26;60+;7;7,0;7;7;7;7;7;7;7;7,0;7,0;7,0;43;43,0;43,0;43;43;43;43;43;43;43,0;43,0;43,0;1,0000000000000000;1,000000000000000;1,0000000000000000;1,0000000000000000;1,0000000000000000;1,0000000000000000;1,0000000000000000;1,0000000000000000;1,0000000000000000;1,0000000000000000;1,00000000000000000
2021-05-26;alle;16;16,0;16;16;16;16;16;16;16;16,0;16,0;16,0;90;90,0;90,0;90;90;90;90;90;90;90,0;90,0;90,0;NA;NA;NA;NA;NA;NA;NA;NA;NA;NA;NA
2021-05-25;0-60;5;5,0;5;5;5;5;5;5;5;5,0;5,0;5,0;55;55,0;55,0;55;55;55;55;55;55;55,0;55,0;55,0;1,0000000000000000;1,000000000000000;1,0000000000000000;1,0000000000000000;1,0000000000000000;1,0000000000000000;1,0000000000000000;1,0000000000000000;1,0000000000000000;1,0000000000000000;1,00000000000000000
2021-05-25;60+;2;2,0;2;2;2;2;2;2;2;2,0;2,0;2,0;42;42,0;42,0;42;42;42;42;42;42;42,0;42,0;42,0;1,0000000000000000;1,000000000000000;1,0000000000000000;1,0000000000000000;1,0000000000000000;1,0000000000000000;1,0000000000000000;1,0000000000000000;1,0000000000000000;1,0000000000000000;1,00000000000000000
2021-05-25;alle;7;7,0;7;7;7;7;7;7;7;7,0;7,0;7,0;97;97,0;97,0;97;97;97;97;97;97;97,0;97,0;97,0;NA;NA;NA;NA;NA;NA;NA;NA;NA;NA;NA
2021-05-24;0-60;3;3,0;3;3;3;3;3;3;3;3,0;3,0;3,0;58;58,0;58,0;58;58;58;58;58;58;58,0;58,0;58,0;1,0000000000000000;1,000000000000000;1,0000000000000000;1,0000000000000000;1,0000000000000000;1,0000000000000000;1,0000000000000000;1,0000000000000000;1,0000000000000000;1,0000000000000000;1,00000000000000000
2021-05-24;60+;4;4,0;4;4;4;4;4;4;4;4,0;4,0;4,0;44;44,0;44,0;44;44;44;44;44;44;44,0;44,0;44,0;1,0000000000000000;1,000000000000000;1,0000000000000000;1,0000000000000000;1,0000000000000000;1,0000000000000000;1,0000000000000000;1,0000000000000000;1,0000000000000000;1,0000000000000000;1,00000000000000000
2021-05-24;alle;7;7,0;7;7;7;7;7;7;7;7,0;7,0;7,0;102;102,0;102,0;102;102;102;102;102;102;102,0;102,0;102,0;NA;NA;NA;NA;NA;NA;NA;NA;NA;NA;NA
2021-05-23;0-60;1;1,0;1;1;1;1;1;1;1;1,0;1,0;1,0;59;59,0;59,0;59;59;59;59;59;59;59,0;59,0;59,0;1,0000000000000000;1,000000000000000;1,0000000000000000;1,0000000000000000;1,0000000000000000;1,0000000000000000;1,0000000000000000;1,0000000000000000;1,0000000000000000;1,0000000000000000;1,00000000000000000
2021-05-23;60+;4;4,0;4;4;4;4;4;4;4;4,0;4,0;4,0;49;49,0;49,0;49;49;49;49;49;49;49,0;49,0;49,0;1,0000000000000000;1,000000000000000;1,0000000000000000;1,0000000000000000;1,0000000000000000;1,0000000000000000;1,0000000000000000;1,0000000000000000;1,0000000000000000;1,0000000000000000;1,00000000000000000
2021-05-23;alle;5;5,0;5;5;5;5;5;5;5;5,0;5,0;5,0;108;108,0;108,0;108;108;108;108;108;108;108,0;108,0;108,0;NA;NA;NA;NA;NA;NA;NA;NA;NA;NA;NA
2021-05-22;0-60;8;8,0;8;8;8;8;8;8;8;8,0;8,0;8,0;73;73,0;73,0;73;73;73;73;73;73;73,0;73,0;73,0;1,0000000000000000;1,000000000000000;1,0000000000000000;1,0000000000000000;1,0000000000000000;1,0000000000000000;1,0000000000000000;1,0000000000000000;1,0000000000000000;1,0000000000000000;1,00000000000000000
2021-05-22;60+;12;12,0;12;12;12;12;12;12;12;12,0;12,0;12,0;55;55,0;55,0;55;55;55;55;55;55;55,0;55,0;55,0;1,0000000000000000;1,000000000000000;1,0000000000000000;1,0000000000000000;1,0000000000000000;1,0000000000000000;1,0000000000000000;1,0000000000000000;1,0000000000000000;1,0000000000000000;1,00000000000000000
2021-05-22;alle;20;20,0;20;20;20;20;20;20;20;20,0;20,0;20,0;128;128,0;128,0;128;128;128;128;128;128;128,0;128,0;128,0;NA;NA;NA;NA;NA;NA;NA;NA;NA;NA;NA
2021-05-21;0-60;10;10,0;10;10;10;10;10;10;10;10,0;10,0;10,0;72;72,0;72,0;72;72;72;72;72;72;72,0;72,0;72,0;1,0000000000000000;1,000000000000000;1,0000000000000000;1,0000000000000000;1,0000000000000000;1,0000000000000000;1,0000000000000000;1,0000000000000000;1,0000000000000000;1,0000000000000000;1,00000000000000000
2021-05-21;60+;7;7,0;7;7;7;7;7;7;7;7,0;7,0;7,0;55;55,0;55,0;55;55;55;55;55;55;55,0;55,0;55,0;1,0000000000000000;1,000000000000000;1,0000000000000000;1,0000000000000000;1,0000000000000000;1,0000000000000000;1,0000000000000000;1,0000000000000000;1,0000000000000000;1,0000000000000000;1,00000000000000000
2021-05-21;alle;17;17,0;17;17;17;17;17;17;17;17,0;17,0;17,0;127;127,0;127,0;127;127;127;127;127;127;127,0;127,0;127,0;NA;NA;NA;NA;NA;NA;NA;NA;NA;NA;NA
2021-05-20;0-60;11;11,0;11;11;11;11;11;11;11;11,0;11,0;11,0;71;71,0;71,0;71;71;71;71;71;71;71,0;71,0;71,0;1,0000000000000000;1,000000000000000;1,0000000000000000;1,0000000000000000;1,0000000000000000;1,0000000000000000;1,0000000000000000;1,0000000000000000;1,0000000000000000;1,0000000000000000;1,00000000000000000
2021-05-20;60+;7;7,0;7;7;7;7;7;7;7;7,0;7,0;7,0;52;52,0;52,0;52;52;52;52;52;52;52,0;52,0;52,0;1,0000000000000000;1,000000000000000;1,0000000000000000;1,0000000000000000;1,0000000000000000;1,0000000000000000;1,0000000000000000;1,0000000000000000;1,0000000000000000;1,0000000000000000;1,00000000000000000
2021-05-20;alle;18;18,0;18;18;18;18;18;18;18;18,0;18,0;18,0;123;123,0;123,0;123;123;123;123;123;123;123,0;123,0;123,0;NA;NA;NA;NA;NA;NA;NA;NA;NA;NA;NA
2021-05-19;0-60;17;17,0;17;17;17;17;17;17;17;17,0;17,0;17,0;76;76,0;76,0;76;76;76;76;76;76;76,0;76,0;76,0;1,0000000000000000;1,000000000000000;1,0000000000000000;1,0000000000000000;1,0000000000000000;1,0000000000000000;1,0000000000000000;1,0000000000000000;1,0000000000000000;1,0000000000000000;1,00000000000000000
2021-05-19;60+;6;6,0;6;6;6;6;6;6;6;6,0;6,0;6,0;61;61,0;61,0;61;61;61;61;61;61;61,0;61,0;61,0;1,0000000000000000;1,000000000000000;1,0000000000000000;1,0000000000000000;1,0000000000000000;1,0000000000000000;1,0000000000000000;1,0000000000000000;1,0000000000000000;1,0000000000000000;1,00000000000000000
2021-05-19;alle;23;23,0;23;23;23;23;23;23;23;23,0;23,0;23,0;137;137,0;137,0;137;137;137;137;137;137;137,0;137,0;137,0;NA;NA;NA;NA;NA;NA;NA;NA;NA;NA;NA
2021-05-18;0-60;8;8,0;8;8;8;8;8;8;8;8,0;8,0;8,0;69;69,0;69,0;69;69;69;69;69;69;69,0;69,0;69,0;1,0000000000000000;1,000000000000000;1,0000000000000000;1,0000000000000000;1,0000000000000000;1,0000000000000000;1,0000000000000000;1,0000000000000000;1,0000000000000000;1,0000000000000000;1,00000000000000000
2021-05-18;60+;4;4,0;4;4;4;4;4;4;4;4,0;4,0;4,0;68;68,0;68,0;68;68;68;68;68;68;68,0;68,0;68,0;1,0000000000000000;1,000000000000000;1,0000000000000000;1,0000000000000000;1,0000000000000000;1,0000000000000000;1,0000000000000000;1,0000000000000000;1,0000000000000000;1,0000000000000000;1,00000000000000000
2021-05-18;alle;12;12,0;12;12;12;12;12;12;12;12,0;12,0;12,0;137;137,0;137,0;137;137;137;137;137;137;137,0;137,0;137,0;NA;NA;NA;NA;NA;NA;NA;NA;NA;NA;NA
2021-05-17;0-60;4;4,0;4;4;4;4;4;4;4;4,0;4,0;4,0;73;73,0;73,0;73;73;73;73;73;73;73,0;73,0;73,0;1,0000000000000000;1,000000000000000;1,0000000000000000;1,0000000000000000;1,0000000000000000;1,0000000000000000;1,0000000000000000;1,0000000000000000;1,0000000000000000;1,0000000000000000;1,00000000000000000
2021-05-17;60+;9;9,0;9;9;9;9;9;9;9;9,0;9,0;9,0;81;81,0;81,0;81;81;81;81;81;81;81,0;81,0;81,0;1,0000000000000000;1,000000000000000;1,0000000000000000;1,0000000000000000;1,0000000000000000;1,0000000000000000;1,0000000000000000;1,0000000000000000;1,0000000000000000;1,0000000000000000;1,00000000000000000
2021-05-17;alle;13;13,0;13;13;13;13;13;13;13;13,0;13,0;13,0;154;154,0;154,0;154;154;154;154;154;154;154,0;154,0;154,0;NA;NA;NA;NA;NA;NA;NA;NA;NA;NA;NA
2021-05-16;0-60;15;15,0;15;15;15;15;15;15;15;15,0;15,0;15,0;82;82,0;82,0;82;82;82;82;82;82;82,0;82,0;82,0;1,0000000000000000;1,000000000000000;1,0000000000000000;1,0000000000000000;1,0000000000000000;1,0000000000000000;1,0000000000000000;1,0000000000000000;1,0000000000000000;1,0000000000000000;1,00000000000000000
2021-05-16;60+;10;10,0;10;10;10;10;10;10;10;10,0;10,0;10,0;80;80,0;80,0;80;80;80;80;80;80;80,0;80,0;80,0;1,0000000000000000;1,000000000000000;1,0000000000000000;1,0000000000000000;1,0000000000000000;1,0000000000000000;1,0000000000000000;1,0000000000000000;1,0000000000000000;1,0000000000000000;1,00000000000000000
2021-05-16;alle;25;25,0;25;25;25;25;25;25;25;25,0;25,0;25,0;162;162,0;162,0;162;162;162;162;162;162;162,0;162,0;162,0;NA;NA;NA;NA;NA;NA;NA;NA;NA;NA;NA
2021-05-15;0-60;7;7,0;7;7;7;7;7;7;7;7,0;7,0;7,0;80;80,0;80,0;80;80;80;80;80;80;80,0;80,0;80,0;1,0000000000000000;1,000000000000000;1,0000000000000000;1,0000000000000000;1,0000000000000000;1,0000000000000000;1,0000000000000000;1,0000000000000000;1,0000000000000000;1,0000000000000000;1,00000000000000000
2021-05-15;60+;12;12,0;12;12;12;12;12;12;12;12,0;12,0;12,0;79;79,0;79,0;79;79;79;79;79;79;79,0;79,0;79,0;1,0000000000000000;1,000000000000000;1,0000000000000000;1,0000000000000000;1,0000000000000000;1,0000000000000000;1,0000000000000000;1,0000000000000000;1,0000000000000000;1,0000000000000000;1,00000000000000000
2021-05-15;alle;19;19,0;19;19;19;19;19;19;19;19,0;19,0;19,0;159;159,0;159,0;159;159;159;159;159;159;159,0;159,0;159,0;NA;NA;NA;NA;NA;NA;NA;NA;NA;NA;NA
2021-05-14;0-60;9;9,0;9;9;9;9;9;9;9;9,0;9,0;9,0;89;89,0;89,0;89;89;89;89;89;89;89,0;89,0;89,0;1,0000000000000000;1,000000000000000;1,0000000000000000;1,0000000000000000;1,0000000000000000;1,0000000000000000;1,0000000000000000;1,0000000000000000;1,0000000000000000;1,0000000000000000;1,00000000000000000
2021-05-14;60+;4;4,0;4;4;4;4;4;4;4;4,0;4,0;4,0;83;83,0;83,0;83;83;83;83;83;83;83,0;83,0;83,0;1,0000000000000000;1,000000000000000;1,0000000000000000;1,0000000000000000;1,0000000000000000;1,0000000000000000;1,0000000000000000;1,0000000000000000;1,0000000000000000;1,0000000000000000;1,00000000000000000
2021-05-14;alle;13;13,0;13;13;13;13;13;13;13;13,0;13,0;13,0;172;172,0;172,0;172;172;172;172;172;172;172,0;172,0;172,0;NA;NA;NA;NA;NA;NA;NA;NA;NA;NA;NA
2021-05-13;0-60;16;16,0;16;16;16;16;16;16;16;16,0;16,0;16,0;91;91,0;91,0;91;91;91;91;91;91;91,0;91,0;91,0;1,0000000000000000;1,000000000000000;1,0000000000000000;1,0000000000000000;1,0000000000000000;1,0000000000000000;1,0000000000000000;1,0000000000000000;1,0000000000000000;1,0000000000000000;1,00000000000000000
2021-05-13;60+;16;16,0;16;16;16;16;16;16;16;16,0;16,0;16,0;106;106,0;106,0;106;106;106;106;106;106;106,0;106,0;106,0;1,0000000000000000;1,000000000000000;1,0000000000000000;1,0000000000000000;1,0000000000000000;1,0000000000000000;1,0000000000000000;1,0000000000000000;1,0000000000000000;1,0000000000000000;1,00000000000000000
2021-05-13;alle;32;32,0;32;32;32;32;32;32;32;32,0;32,0;32,0;197;197,0;197,0;197;197;197;197;197;197;197,0;197,0;197,0;NA;NA;NA;NA;NA;NA;NA;NA;NA;NA;NA
2021-05-12;0-60;10;10,0;10;10;10;10;10;10;10;10,0;10,0;10,0;91;91,0;91,0;91;91;91;91;91;91;91,0;91,0;91,0;1,0000000000000000;1,000000000000000;1,0000000000000000;1,0000000000000000;1,0000000000000000;1,0000000000000000;1,0000000000000000;1,0000000000000000;1,0000000000000000;1,0000000000000000;1,00000000000000000
2021-05-12;60+;13;13,0;13;13;13;13;13;13;13;13,0;13,0;13,0;105;105,0;105,0;105;105;105;105;105;105;105,0;105,0;105,0;1,0000000000000000;1,000000000000000;1,0000000000000000;1,0000000000000000;1,0000000000000000;1,0000000000000000;1,0000000000000000;1,0000000000000000;1,0000000000000000;1,0000000000000000;1,00000000000000000
2021-05-12;alle;23;23,0;23;23;23;23;23;23;23;23,0;23,0;23,0;196;196,0;196,0;196;196;196;196;196;196;196,0;196,0;196,0;NA;NA;NA;NA;NA;NA;NA;NA;NA;NA;NA
2021-05-11;0-60;12;12,0;12;12;12;12;12;12;12;12,0;12,0;12,0;103;103,0;103,0;103;103;103;103;103;103;103,0;103,0;103,0;1,0000000000000000;1,000000000000000;1,0000000000000000;1,0000000000000000;1,0000000000000000;1,0000000000000000;1,0000000000000000;1,0000000000000000;1,0000000000000000;1,0000000000000000;1,00000000000000000
2021-05-11;60+;17;17,0;17;17;17;17;17;17;17;17,0;17,0;17,0;114;114,0;114,0;114;114;114;114;114;114;114,0;114,0;114,0;1,0000000000000000;1,000000000000000;1,0000000000000000;1,0000000000000000;1,0000000000000000;1,0000000000000000;1,0000000000000000;1,0000000000000000;1,0000000000000000;1,0000000000000000;1,00000000000000000
2021-05-11;alle;29;29,0;29;29;29;29;29;29;29;29,0;29,0;29,0;217;217,0;217,0;217;217;217;217;217;217;217,0;217,0;217,0;NA;NA;NA;NA;NA;NA;NA;NA;NA;NA;NA
2021-05-10;0-60;13;13,0;13;13;13;13;13;13;13;13,0;13,0;13,0;108;108,0;108,0;108;108;108;108;108;108;108,0;108,0;108,0;1,0000000000000000;1,000000000000000;1,0000000000000000;1,0000000000000000;1,0000000000000000;1,0000000000000000;1,0000000000000000;1,0000000000000000;1,0000000000000000;1,0000000000000000;1,00000000000000000
2021-05-10;60+;8;8,0;8;8;8;8;8;8;8;8,0;8,0;8,0;108;108,0;108,0;108;108;108;108;108;108;108,0;108,0;108,0;1,0000000000000000;1,000000000000000;1,0000000000000000;1,0000000000000000;1,0000000000000000;1,0000000000000000;1,0000000000000000;1,0000000000000000;1,0000000000000000;1,0000000000000000;1,00000000000000000
2021-05-10;alle;21;21,0;21;21;21;21;21;21;21;21,0;21,0;21,0;216;216,0;216,0;216;216;216;216;216;216;216,0;216,0;216,0;NA;NA;NA;NA;NA;NA;NA;NA;NA;NA;NA
2021-05-09;0-60;13;13,0;13;13;13;13;13;13;13;13,0;13,0;13,0;105;105,0;105,0;105;105;105;105;105;105;105,0;105,0;105,0;1,0000000000000000;1,000000000000000;1,0000000000000000;1,0000000000000000;1,0000000000000000;1,0000000000000000;1,0000000000000000;1,0000000000000000;1,0000000000000000;1,0000000000000000;1,00000000000000000
2021-05-09;60+;9;9,0;9;9;9;9;9;9;9;9,0;9,0;9,0;103;103,0;103,0;103;103;103;103;103;103;103,0;103,0;103,0;1,0000000000000000;1,000000000000000;1,0000000000000000;1,0000000000000000;1,0000000000000000;1,0000000000000000;1,0000000000000000;1,0000000000000000;1,0000000000000000;1,0000000000000000;1,00000000000000000
2021-05-09;alle;22;22,0;22;22;22;22;22;22;22;22,0;22,0;22,0;208;208,0;208,0;208;208;208;208;208;208;208,0;208,0;208,0;NA;NA;NA;NA;NA;NA;NA;NA;NA;NA;NA
2021-05-08;0-60;16;16,0;16;16;16;16;16;16;16;16,0;16,0;16,0;107;107,0;107,0;107;107;107;107;107;107;107,0;107,0;107,0;1,0000000000000000;1,000000000000000;1,0000000000000000;1,0000000000000000;1,0000000000000000;1,0000000000000000;1,0000000000000000;1,0000000000000000;1,0000000000000000;1,0000000000000000;1,00000000000000000
2021-05-08;60+;16;16,0;16;16;16;16;16;16;16;16,0;16,0;16,0;109;109,0;109,0;109;109;109;109;109;109;109,0;109,0;109,0;1,0000000000000000;1,000000000000000;1,0000000000000000;1,0000000000000000;1,0000000000000000;1,0000000000000000;1,0000000000000000;1,0000000000000000;1,0000000000000000;1,0000000000000000;1,00000000000000000
2021-05-08;alle;32;32,0;32;32;32;32;32;32;32;32,0;32,0;32,0;216;216,0;216,0;216;216;216;216;216;216;216,0;216,0;216,0;NA;NA;NA;NA;NA;NA;NA;NA;NA;NA;NA
2021-05-07;0-60;11;11,0;11;11;11;11;11;11;11;11,0;11,0;11,0;104;104,0;104,0;104;104;104;104;104;104;104,0;104,0;104,0;1,0000000000000000;1,000000000000000;1,0000000000000000;1,0000000000000000;1,0000000000000000;1,0000000000000000;1,0000000000000000;1,0000000000000000;1,0000000000000000;1,0000000000000000;1,00000000000000000
2021-05-07;60+;27;27,0;27;27;27;27;27;27;27;27,0;27,0;27,0;107;107,0;107,0;107;107;107;107;107;107;107,0;107,0;107,0;1,0000000000000000;1,000000000000000;1,0000000000000000;1,0000000000000000;1,0000000000000000;1,0000000000000000;1,0000000000000000;1,0000000000000000;1,0000000000000000;1,0000000000000000;1,00000000000000000
2021-05-07;alle;38;38,0;38;38;38;38;38;38;38;38,0;38,0;38,0;211;211,0;211,0;211;211;211;211;211;211;211,0;211,0;211,0;NA;NA;NA;NA;NA;NA;NA;NA;NA;NA;NA
2021-05-06;0-60;16;16,0;16;16;16;16;16;16;16;16,0;16,0;16,0;115;115,0;115,0;115;115;115;115;115;115;115,0;115,0;115,0;1,0000000000000000;1,000000000000000;1,0000000000000000;1,0000000000000000;1,0000000000000000;1,0000000000000000;1,0000000000000000;1,0000000000000000;1,0000000000000000;1,0000000000000000;1,00000000000000000
2021-05-06;60+;15;15,0;15;15;15;15;15;15;15;15,0;15,0;15,0;110;110,0;110,0;110;110;110;110;110;110;110,0;110,0;110,0;1,0000000000000000;1,000000000000000;1,0000000000000000;1,0000000000000000;1,0000000000000000;1,0000000000000000;1,0000000000000000;1,0000000000000000;1,0000000000000000;1,0000000000000000;1,00000000000000000
2021-05-06;alle;31;31,0;31;31;31;31;31;31;31;31,0;31,0;31,0;225;225,0;225,0;225;225;225;225;225;225;225,0;225,0;225,0;NA;NA;NA;NA;NA;NA;NA;NA;NA;NA;NA
2021-05-05;0-60;22;22,0;22;22;22;22;22;22;22;22,0;22,0;22,0;128;128,0;128,0;128;128;128;128;128;128;128,0;128,0;128,0;1,0000000000000000;1,000000000000000;1,0000000000000000;1,0000000000000000;1,0000000000000000;1,0000000000000000;1,0000000000000000;1,0000000000000000;1,0000000000000000;1,0000000000000000;1,00000000000000000
2021-05-05;60+;22;22,0;22;22;22;22;22;22;22;22,0;22,0;22,0;125;125,0;125,0;125;125;125;125;125;125;125,0;125,0;125,0;1,0000000000000000;1,000000000000000;1,0000000000000000;1,0000000000000000;1,0000000000000000;1,0000000000000000;1,0000000000000000;1,0000000000000000;1,0000000000000000;1,0000000000000000;1,00000000000000000
2021-05-05;alle;44;44,0;44;44;44;44;44;44;44;44,0;44,0;44,0;253;253,0;253,0;253;253;253;253;253;253;253,0;253,0;253,0;NA;NA;NA;NA;NA;NA;NA;NA;NA;NA;NA
2021-05-04;0-60;17;17,0;17;17;17;17;17;17;17;17,0;17,0;17,0;123;123,0;123,0;123;123;123;123;123;123;123,0;123,0;123,0;1,0000000000000000;1,000000000000000;1,0000000000000000;1,0000000000000000;1,0000000000000000;1,0000000000000000;1,0000000000000000;1,0000000000000000;1,0000000000000000;1,0000000000000000;1,00000000000000000
2021-05-04;60+;11;11,0;11;11;11;11;11;11;11;11,0;11,0;11,0;129;129,0;129,0;129;129;129;129;129;129;129,0;129,0;129,0;1,0000000000000000;1,000000000000000;1,0000000000000000;1,0000000000000000;1,0000000000000000;1,0000000000000000;1,0000000000000000;1,0000000000000000;1,0000000000000000;1,0000000000000000;1,00000000000000000
2021-05-04;alle;28;28,0;28;28;28;28;28;28;28;28,0;28,0;28,0;252;252,0;252,0;252;252;252;252;252;252;252,0;252,0;252,0;NA;NA;NA;NA;NA;NA;NA;NA;NA;NA;NA
2021-05-03;0-60;10;10,0;10;10;10;10;10;10;10;10,0;10,0;10,0;122;122,0;122,0;122;122;122;122;122;122;122,0;122,0;122,0;1,0000000000000000;1,000000000000000;1,0000000000000000;1,0000000000000000;1,0000000000000000;1,0000000000000000;1,0000000000000000;1,0000000000000000;1,0000000000000000;1,0000000000000000;1,00000000000000000
2021-05-03;60+;3;3,0;3;3;3;3;3;3;3;3,0;3,0;3,0;139;139,0;139,0;139;139;139;139;139;139;139,0;139,0;139,0;1,0000000000000000;1,000000000000000;1,0000000000000000;1,0000000000000000;1,0000000000000000;1,0000000000000000;1,0000000000000000;1,0000000000000000;1,0000000000000000;1,0000000000000000;1,00000000000000000
2021-05-03;alle;13;13,0;13;13;13;13;13;13;13;13,0;13,0;13,0;261;261,0;261,0;261;261;261;261;261;261;261,0;261,0;261,0;NA;NA;NA;NA;NA;NA;NA;NA;NA;NA;NA
2021-05-02;0-60;15;15,0;15;15;15;15;15;15;15;15,0;15,0;15,0;122;122,0;122,0;122;122;122;122;122;122;122,0;122,0;122,0;1,0000000000000000;1,000000000000000;1,0000000000000000;1,0000000000000000;1,0000000000000000;1,0000000000000000;1,0000000000000000;1,0000000000000000;1,0000000000000000;1,0000000000000000;1,00000000000000000
2021-05-02;60+;15;15,0;15;15;15;15;15;15;15;15,0;15,0;15,0;143;143,0;143,0;143;143;143;143;143;143;143,0;143,0;143,0;1,0000000000000000;1,000000000000000;1,0000000000000000;1,0000000000000000;1,0000000000000000;1,0000000000000000;1,0000000000000000;1,0000000000000000;1,0000000000000000;1,0000000000000000;1,00000000000000000
2021-05-02;alle;30;30,0;30;30;30;30;30;30;30;30,0;30,0;30,0;265;265,0;265,0;265;265;265;265;265;265;265,0;265,0;265,0;NA;NA;NA;NA;NA;NA;NA;NA;NA;NA;NA
2021-05-01;0-60;13;13,0;13;13;13;13;13;13;13;13,0;13,0;13,0;118;118,0;118,0;118;118;118;118;118;118;118,0;118,0;118,0;1,0000000000000000;1,000000000000000;1,0000000000000000;1,0000000000000000;1,0000000000000000;1,0000000000000000;1,0000000000000000;1,0000000000000000;1,0000000000000000;1,0000000000000000;1,00000000000000000
2021-05-01;60+;14;14,0;14;14;14;14;14;14;14;14,0;14,0;14,0;147;147,0;147,0;147;147;147;147;147;147;147,0;147,0;147,0;1,0000000000000000;1,000000000000000;1,0000000000000000;1,0000000000000000;1,0000000000000000;1,0000000000000000;1,0000000000000000;1,0000000000000000;1,0000000000000000;1,0000000000000000;1,00000000000000000
2021-05-01;alle;27;27,0;27;27;27;27;27;27;27;27,0;27,0;27,0;265;265,0;265,0;265;265;265;265;265;265;265,0;265,0;265,0;NA;NA;NA;NA;NA;NA;NA;NA;NA;NA;NA
2021-04-30;0-60;22;22,0;22;22;22;22;22;22;22;22,0;22,0;22,0;125;125,0;125,0;125;125;125;125;125;125;125,0;125,0;125,0;1,0000000000000000;1,000000000000000;1,0000000000000000;1,0000000000000000;1,0000000000000000;1,0000000000000000;1,0000000000000000;1,0000000000000000;1,0000000000000000;1,0000000000000000;1,00000000000000000
2021-04-30;60+;30;30,0;30;30;30;30;30;30;30;30,0;30,0;30,0;162;162,0;162,0;162;162;162;162;162;162;162,0;162,0;162,0;1,0000000000000000;1,000000000000000;1,0000000000000000;1,0000000000000000;1,0000000000000000;1,0000000000000000;1,0000000000000000;1,0000000000000000;1,0000000000000000;1,0000000000000000;1,00000000000000000
2021-04-30;alle;52;52,0;52;52;52;52;52;52;52;52,0;52,0;52,0;287;287,0;287,0;287;287;287;287;287;287;287,0;287,0;287,0;NA;NA;NA;NA;NA;NA;NA;NA;NA;NA;NA
2021-04-29;0-60;29;29,0;29;29;29;29;29;29;29;29,0;29,0;29,0;125;125,0;125,0;125;125;125;125;125;125;125,0;125,0;125,0;1,0000000000000000;1,000000000000000;1,0000000000000000;1,0000000000000000;1,0000000000000000;1,0000000000000000;1,0000000000000000;1,0000000000000000;1,0000000000000000;1,0000000000000000;1,00000000000000000
2021-04-29;60+;30;30,0;30;30;30;30;30;30;30;30,0;30,0;30,0;160;160,0;160,0;160;160;160;160;160;160;160,0;160,0;160,0;1,0000000000000000;1,000000000000000;1,0000000000000000;1,0000000000000000;1,0000000000000000;1,0000000000000000;1,0000000000000000;1,0000000000000000;1,0000000000000000;1,0000000000000000;1,00000000000000000
2021-04-29;alle;59;59,0;59;59;59;59;59;59;59;59,0;59,0;59,0;285;285,0;285,0;285;285;285;285;285;285;285,0;285,0;285,0;NA;NA;NA;NA;NA;NA;NA;NA;NA;NA;NA
2021-04-28;0-60;17;17,0;17;17;17;17;17;17;17;17,0;17,0;17,0;122;122,0;122,0;122;122;122;122;122;122;122,0;122,0;122,0;1,0000000000000000;1,000000000000000;1,0000000000000000;1,0000000000000000;1,0000000000000000;1,0000000000000000;1,0000000000000000;1,0000000000000000;1,0000000000000000;1,0000000000000000;1,00000000000000000
2021-04-28;60+;26;26,0;26;26;26;26;26;26;26;26,0;26,0;26,0;154;154,0;154,0;154;154;154;154;154;154;154,0;154,0;154,0;1,0000000000000000;1,000000000000000;1,0000000000000000;1,0000000000000000;1,0000000000000000;1,0000000000000000;1,0000000000000000;1,0000000000000000;1,0000000000000000;1,0000000000000000;1,00000000000000000
2021-04-28;alle;43;43,0;43;43;43;43;43;43;43;43,0;43,0;43,0;276;276,0;276,0;276;276;276;276;276;276;276,0;276,0;276,0;NA;NA;NA;NA;NA;NA;NA;NA;NA;NA;NA
2021-04-27;0-60;16;16,0;16;16;16;16;16;16;16;16,0;16,0;16,0;131;131,0;131,0;131;131;131;131;131;131;131,0;131,0;131,0;1,0000000000000000;1,000000000000000;1,0000000000000000;1,0000000000000000;1,0000000000000000;1,0000000000000000;1,0000000000000000;1,0000000000000000;1,0000000000000000;1,0000000000000000;1,00000000000000000
2021-04-27;60+;21;21,0;21;21;21;21;21;21;21;21,0;21,0;21,0;160;160,0;160,0;160;160;160;160;160;160;160,0;160,0;160,0;1,0000000000000000;1,000000000000000;1,0000000000000000;1,0000000000000000;1,0000000000000000;1,0000000000000000;1,0000000000000000;1,0000000000000000;1,0000000000000000;1,0000000000000000;1,00000000000000000
2021-04-27;alle;37;37,0;37;37;37;37;37;37;37;37,0;37,0;37,0;291;291,0;291,0;291;291;291;291;291;291;291,0;291,0;291,0;NA;NA;NA;NA;NA;NA;NA;NA;NA;NA;NA
2021-04-26;0-60;10;10,0;10;10;10;10;10;10;10;10,0;10,0;10,0;135;135,0;135,0;135;135;135;135;135;135;135,0;135,0;135,0;1,0000000000000000;1,000000000000000;1,0000000000000000;1,0000000000000000;1,0000000000000000;1,0000000000000000;1,0000000000000000;1,0000000000000000;1,0000000000000000;1,0000000000000000;1,00000000000000000
2021-04-26;60+;7;7,0;7;7;7;7;7;7;7;7,0;7,0;7,0;160;160,0;160,0;160;160;160;160;160;160;160,0;160,0;160,0;1,0000000000000000;1,000000000000000;1,0000000000000000;1,0000000000000000;1,0000000000000000;1,0000000000000000;1,0000000000000000;1,0000000000000000;1,0000000000000000;1,0000000000000000;1,00000000000000000
2021-04-26;alle;17;17,0;17;17;17;17;17;17;17;17,0;17,0;17,0;295;295,0;295,0;295;295;295;295;295;295;295,0;295,0;295,0;NA;NA;NA;NA;NA;NA;NA;NA;NA;NA;NA
2021-04-25;0-60;11;11,0;11;11;11;11;11;11;11;11,0;11,0;11,0;140;140,0;140,0;140;140;140;140;140;140;140,0;140,0;140,0;1,0000000000000000;1,000000000000000;1,0000000000000000;1,0000000000000000;1,0000000000000000;1,0000000000000000;1,0000000000000000;1,0000000000000000;1,0000000000000000;1,0000000000000000;1,00000000000000000
2021-04-25;60+;19;19,0;19;19;19;19;19;19;19;19,0;19,0;19,0;161;161,0;161,0;161;161;161;161;161;161;161,0;161,0;161,0;1,0000000000000000;1,000000000000000;1,0000000000000000;1,0000000000000000;1,0000000000000000;1,0000000000000000;1,0000000000000000;1,0000000000000000;1,0000000000000000;1,0000000000000000;1,00000000000000000
2021-04-25;alle;30;30,0;30;30;30;30;30;30;30;30,0;30,0;30,0;301;301,0;301,0;301;301;301;301;301;301;301,0;301,0;301,0;NA;NA;NA;NA;NA;NA;NA;NA;NA;NA;NA
2021-04-24;0-60;20;20,0;20;20;20;20;20;20;20;20,0;20,0;20,0;145;145,0;145,0;145;145;145;145;145;145;145,0;145,0;145,0;1,0000000000000000;1,000000000000000;1,0000000000000000;1,0000000000000000;1,0000000000000000;1,0000000000000000;1,0000000000000000;1,0000000000000000;1,0000000000000000;1,0000000000000000;1,00000000000000000
2021-04-24;60+;29;29,0;29;29;29;29;29;29;29;29,0;29,0;29,0;155;155,0;155,0;155;155;155;155;155;155;155,0;155,0;155,0;1,0000000000000000;1,000000000000000;1,0000000000000000;1,0000000000000000;1,0000000000000000;1,0000000000000000;1,0000000000000000;1,0000000000000000;1,0000000000000000;1,0000000000000000;1,00000000000000000
2021-04-24;alle;49;49,0;49;49;49;49;49;49;49;49,0;49,0;49,0;300;300,0;300,0;300;300;300;300;300;300;300,0;300,0;300,0;NA;NA;NA;NA;NA;NA;NA;NA;NA;NA;NA
2021-04-23;0-60;22;22,0;22;22;22;22;22;22;22;22,0;22,0;22,0;150;150,0;150,0;150;150;150;150;150;150;150,0;150,0;150,0;1,0000000000000000;1,000000000000000;1,0000000000000000;1,0000000000000000;1,0000000000000000;1,0000000000000000;1,0000000000000000;1,0000000000000000;1,0000000000000000;1,0000000000000000;1,00000000000000000
2021-04-23;60+;28;28,0;28;28;28;28;28;28;28;28,0;28,0;28,0;157;157,0;157,0;157;157;157;157;157;157;157,0;157,0;157,0;1,0000000000000000;1,000000000000000;1,0000000000000000;1,0000000000000000;1,0000000000000000;1,0000000000000000;1,0000000000000000;1,0000000000000000;1,0000000000000000;1,0000000000000000;1,00000000000000000
2021-04-23;alle;50;50,0;50;50;50;50;50;50;50;50,0;50,0;50,0;307;307,0;307,0;307;307;307;307;307;307;307,0;307,0;307,0;NA;NA;NA;NA;NA;NA;NA;NA;NA;NA;NA
2021-04-22;0-60;26;26,0;26;26;26;26;26;26;26;26,0;26,0;26,0;143;143,0;143,0;143;143;143;143;143;143;143,0;143,0;143,0;1,0000000000000000;1,000000000000000;1,0000000000000000;1,0000000000000000;1,0000000000000000;1,0000000000000000;1,0000000000000000;1,0000000000000000;1,0000000000000000;1,0000000000000000;1,00000000000000000
2021-04-22;60+;24;24,0;24;24;24;24;24;24;24;24,0;24,0;24,0;166;166,0;166,0;166;166;166;166;166;166;166,0;166,0;166,0;1,0000000000000000;1,000000000000000;1,0000000000000000;1,0000000000000000;1,0000000000000000;1,0000000000000000;1,0000000000000000;1,0000000000000000;1,0000000000000000;1,0000000000000000;1,00000000000000000
2021-04-22;alle;50;50,0;50;50;50;50;50;50;50;50,0;50,0;50,0;309;309,0;309,0;309;309;309;309;309;309;309,0;309,0;309,0;NA;NA;NA;NA;NA;NA;NA;NA;NA;NA;NA
2021-04-21;0-60;26;26,0;26;26;26;26;26;26;26;26,0;26,0;26,0;145;145,0;145,0;145;145;145;145;145;145;145,0;145,0;145,0;1,0000000000000000;1,000000000000000;1,0000000000000000;1,0000000000000000;1,0000000000000000;1,0000000000000000;1,0000000000000000;1,0000000000000000;1,0000000000000000;1,0000000000000000;1,00000000000000000
2021-04-21;60+;32;32,0;32;32;32;32;32;32;32;32,0;32,0;32,0;163;163,0;163,0;163;163;163;163;163;163;163,0;163,0;163,0;1,0000000000000000;1,000000000000000;1,0000000000000000;1,0000000000000000;1,0000000000000000;1,0000000000000000;1,0000000000000000;1,0000000000000000;1,0000000000000000;1,0000000000000000;1,00000000000000000
2021-04-21;alle;58;58,0;58;58;58;58;58;58;58;58,0;58,0;58,0;308;308,0;308,0;308;308;308;308;308;308;308,0;308,0;308,0;NA;NA;NA;NA;NA;NA;NA;NA;NA;NA;NA
2021-04-20;0-60;20;20,0;20;20;20;20;20;20;20;20,0;20,0;20,0;137;137,0;137,0;137;137;137;137;137;137;137,0;137,0;137,0;1,0000000000000000;1,000000000000000;1,0000000000000000;1,0000000000000000;1,0000000000000000;1,0000000000000000;1,0000000000000000;1,0000000000000000;1,0000000000000000;1,0000000000000000;1,00000000000000000
2021-04-20;60+;21;21,0;21;21;21;21;21;21;21;21,0;21,0;21,0;171;171,0;171,0;171;171;171;171;171;171;171,0;171,0;171,0;1,0000000000000000;1,000000000000000;1,0000000000000000;1,0000000000000000;1,0000000000000000;1,0000000000000000;1,0000000000000000;1,0000000000000000;1,0000000000000000;1,0000000000000000;1,00000000000000000
2021-04-20;alle;41;41,0;41;41;41;41;41;41;41;41,0;41,0;41,0;308;308,0;308,0;308;308;308;308;308;308;308,0;308,0;308,0;NA;NA;NA;NA;NA;NA;NA;NA;NA;NA;NA
2021-04-19;0-60;15;15,0;15;15;15;15;15;15;15;15,0;15,0;15,0;138;138,0;138,0;138;138;138;138;138;138;138,0;138,0;138,0;1,0000000000000000;1,000000000000000;1,0000000000000000;1,0000000000000000;1,0000000000000000;1,0000000000000000;1,0000000000000000;1,0000000000000000;1,0000000000000000;1,0000000000000000;1,00000000000000000
2021-04-19;60+;8;8,0;8;8;8;8;8;8;8;8,0;8,0;8,0;165;165,0;165,0;165;165;165;165;165;165;165,0;165,0;165,0;1,0000000000000000;1,000000000000000;1,0000000000000000;1,0000000000000000;1,0000000000000000;1,0000000000000000;1,0000000000000000;1,0000000000000000;1,0000000000000000;1,0000000000000000;1,00000000000000000
2021-04-19;alle;23;23,0;23;23;23;23;23;23;23;23,0;23,0;23,0;303;303,0;303,0;303;303;303;303;303;303;303,0;303,0;303,0;NA;NA;NA;NA;NA;NA;NA;NA;NA;NA;NA
2021-04-18;0-60;16;16,0;16;16;16;16;16;16;16;16,0;16,0;16,0;136;136,0;136,0;136;136;136;136;136;136;136,0;136,0;136,0;1,0000000000000000;1,000000000000000;1,0000000000000000;1,0000000000000000;1,0000000000000000;1,0000000000000000;1,0000000000000000;1,0000000000000000;1,0000000000000000;1,0000000000000000;1,00000000000000000
2021-04-18;60+;13;13,0;13;13;13;13;13;13;13;13,0;13,0;13,0;171;171,0;171,0;171;171;171;171;171;171;171,0;171,0;171,0;1,0000000000000000;1,000000000000000;1,0000000000000000;1,0000000000000000;1,0000000000000000;1,0000000000000000;1,0000000000000000;1,0000000000000000;1,0000000000000000;1,0000000000000000;1,00000000000000000
2021-04-18;alle;29;29,0;29;29;29;29;29;29;29;29,0;29,0;29,0;307;307,0;307,0;307;307;307;307;307;307;307,0;307,0;307,0;NA;NA;NA;NA;NA;NA;NA;NA;NA;NA;NA
2021-04-17;0-60;25;25,0;25;25;25;25;25;25;25;25,0;25,0;25,0;130;130,0;130,0;130;130;130;130;130;130;130,0;130,0;130,0;1,0000000000000000;1,000000000000000;1,0000000000000000;1,0000000000000000;1,0000000000000000;1,0000000000000000;1,0000000000000000;1,0000000000000000;1,0000000000000000;1,0000000000000000;1,00000000000000000
2021-04-17;60+;31;31,0;31;31;31;31;31;31;31;31,0;31,0;31,0;184;184,0;184,0;184;184;184;184;184;184;184,0;184,0;184,0;1,0000000000000000;1,000000000000000;1,0000000000000000;1,0000000000000000;1,0000000000000000;1,0000000000000000;1,0000000000000000;1,0000000000000000;1,0000000000000000;1,0000000000000000;1,00000000000000000
2021-04-17;alle;56;56,0;56;56;56;56;56;56;56;56,0;56,0;56,0;314;314,0;314,0;314;314;314;314;314;314;314,0;314,0;314,0;NA;NA;NA;NA;NA;NA;NA;NA;NA;NA;NA
2021-04-16;0-60;15;15,0;15;15;15;15;15;15;15;15,0;15,0;15,0;120;120,0;120,0;120;120;120;120;120;120;120,0;120,0;120,0;1,0000000000000000;1,000000000000000;1,0000000000000000;1,0000000000000000;1,0000000000000000;1,0000000000000000;1,0000000000000000;1,0000000000000000;1,0000000000000000;1,0000000000000000;1,00000000000000000
2021-04-16;60+;37;37,0;37;37;37;37;37;37;37;37,0;37,0;37,0;165;165,0;165,0;165;165;165;165;165;165;165,0;165,0;165,0;1,0000000000000000;1,000000000000000;1,0000000000000000;1,0000000000000000;1,0000000000000000;1,0000000000000000;1,0000000000000000;1,0000000000000000;1,0000000000000000;1,0000000000000000;1,00000000000000000
2021-04-16;alle;52;52,0;52;52;52;52;52;52;52;52,0;52,0;52,0;285;285,0;285,0;285;285;285;285;285;285;285,0;285,0;285,0;NA;NA;NA;NA;NA;NA;NA;NA;NA;NA;NA
2021-04-15;0-60;28;28,0;28;28;28;28;28;28;28;28,0;28,0;28,0;124;124,0;124,0;124;124;124;124;124;124;124,0;124,0;124,0;1,0000000000000000;1,000000000000000;1,0000000000000000;1,0000000000000000;1,0000000000000000;1,0000000000000000;1,0000000000000000;1,0000000000000000;1,0000000000000000;1,0000000000000000;1,00000000000000000
2021-04-15;60+;21;21,0;21;21;21;21;21;21;21;21,0;21,0;21,0;144;144,0;144,0;144;144;144;144;144;144;144,0;144,0;144,0;1,0000000000000000;1,000000000000000;1,0000000000000000;1,0000000000000000;1,0000000000000000;1,0000000000000000;1,0000000000000000;1,0000000000000000;1,0000000000000000;1,0000000000000000;1,00000000000000000
2021-04-15;alle;49;49,0;49;49;49;49;49;49;49;49,0;49,0;49,0;268;268,0;268,0;268;268;268;268;268;268;268,0;268,0;268,0;NA;NA;NA;NA;NA;NA;NA;NA;NA;NA;NA
2021-04-14;0-60;18;18,0;18;18;18;18;18;18;18;18,0;18,0;18,0;125;125,0;125,0;125;125;125;125;125;125;125,0;125,0;125,0;1,0000000000000000;1,000000000000000;1,0000000000000000;1,0000000000000000;1,0000000000000000;1,0000000000000000;1,0000000000000000;1,0000000000000000;1,0000000000000000;1,0000000000000000;1,00000000000000000
2021-04-14;60+;40;40,0;40;40;40;40;40;40;40;40,0;40,0;40,0;148;148,0;148,0;148;148;148;148;148;148;148,0;148,0;148,0;1,0000000000000000;1,000000000000000;1,0000000000000000;1,0000000000000000;1,0000000000000000;1,0000000000000000;1,0000000000000000;1,0000000000000000;1,0000000000000000;1,0000000000000000;1,00000000000000000
2021-04-14;alle;58;58,0;58;58;58;58;58;58;58;58,0;58,0;58,0;273;273,0;273,0;273;273;273;273;273;273;273,0;273,0;273,0;NA;NA;NA;NA;NA;NA;NA;NA;NA;NA;NA
2021-04-13;0-60;21;21,0;21;21;21;21;21;21;21;21,0;21,0;21,0;126;126,0;126,0;126;126;126;126;126;126;126,0;126,0;126,0;1,0000000000000000;1,000000000000000;1,0000000000000000;1,0000000000000000;1,0000000000000000;1,0000000000000000;1,0000000000000000;1,0000000000000000;1,0000000000000000;1,0000000000000000;1,00000000000000000
2021-04-13;60+;15;15,0;15;15;15;15;15;15;15;15,0;15,0;15,0;133;133,0;133,0;133;133;133;133;133;133;133,0;133,0;133,0;1,0000000000000000;1,000000000000000;1,0000000000000000;1,0000000000000000;1,0000000000000000;1,0000000000000000;1,0000000000000000;1,0000000000000000;1,0000000000000000;1,0000000000000000;1,00000000000000000
2021-04-13;alle;36;36,0;36;36;36;36;36;36;36;36,0;36,0;36,0;259;259,0;259,0;259;259;259;259;259;259;259,0;259,0;259,0;NA;NA;NA;NA;NA;NA;NA;NA;NA;NA;NA
2021-04-12;0-60;13;13,0;13;13;13;13;13;13;13;13,0;13,0;13,0;120;120,0;120,0;120;120;120;120;120;120;120,0;120,0;120,0;1,0000000000000000;1,000000000000000;1,0000000000000000;1,0000000000000000;1,0000000000000000;1,0000000000000000;1,0000000000000000;1,0000000000000000;1,0000000000000000;1,0000000000000000;1,00000000000000000
2021-04-12;60+;14;14,0;14;14;14;14;14;14;14;14,0;14,0;14,0;130;130,0;130,0;130;130;130;130;130;130;130,0;130,0;130,0;1,0000000000000000;1,000000000000000;1,0000000000000000;1,0000000000000000;1,0000000000000000;1,0000000000000000;1,0000000000000000;1,0000000000000000;1,0000000000000000;1,0000000000000000;1,00000000000000000
2021-04-12;alle;27;27,0;27;27;27;27;27;27;27;27,0;27,0;27,0;250;250,0;250,0;250;250;250;250;250;250;250,0;250,0;250,0;NA;NA;NA;NA;NA;NA;NA;NA;NA;NA;NA
2021-04-11;0-60;10;10,0;10;10;10;10;10;10;10;10,0;10,0;10,0;NA;NA;NA;NA;NA;NA;NA;NA;NA;NA;NA;NA;1,0000000000000000;1,000000000000000;1,0000000000000000;1,0000000000000000;1,0000000000000000;1,0000000000000000;1,0000000000000000;1,0000000000000000;1,0000000000000000;1,0000000000000000;1,00000000000000000
2021-04-11;60+;26;26,0;26;26;26;26;26;26;26;26,0;26,0;26,0;NA;NA;NA;NA;NA;NA;NA;NA;NA;NA;NA;NA;1,0000000000000000;1,000000000000000;1,0000000000000000;1,0000000000000000;1,0000000000000000;1,0000000000000000;1,0000000000000000;1,0000000000000000;1,0000000000000000;1,0000000000000000;1,00000000000000000
2021-04-11;alle;36;36,0;36;36;36;36;36;36;36;36,0;36,0;36,0;NA;NA;NA;NA;NA;NA;NA;NA;NA;NA;NA;NA;NA;NA;NA;NA;NA;NA;NA;NA;NA;NA;NA
2021-04-10;0-60;15;15,0;15;15;15;15;15;15;15;15,0;15,0;15,0;NA;NA;NA;NA;NA;NA;NA;NA;NA;NA;NA;NA;1,0000000000000000;1,000000000000000;1,0000000000000000;1,0000000000000000;1,0000000000000000;1,0000000000000000;1,0000000000000000;1,0000000000000000;1,0000000000000000;1,0000000000000000;1,00000000000000000
2021-04-10;60+;12;12,0;12;12;12;12;12;12;12;12,0;12,0;12,0;NA;NA;NA;NA;NA;NA;NA;NA;NA;NA;NA;NA;1,0000000000000000;1,000000000000000;1,0000000000000000;1,0000000000000000;1,0000000000000000;1,0000000000000000;1,0000000000000000;1,0000000000000000;1,0000000000000000;1,0000000000000000;1,00000000000000000
2021-04-10;alle;27;27,0;27;27;27;27;27;27;27;27,0;27,0;27,0;NA;NA;NA;NA;NA;NA;NA;NA;NA;NA;NA;NA;NA;NA;NA;NA;NA;NA;NA;NA;NA;NA;NA
2021-04-09;0-60;19;19,0;19;19;19;19;19;19;19;19,0;19,0;19,0;NA;NA;NA;NA;NA;NA;NA;NA;NA;NA;NA;NA;1,0000000000000000;1,000000000000000;1,0000000000000000;1,0000000000000000;1,0000000000000000;1,0000000000000000;1,0000000000000000;1,0000000000000000;1,0000000000000000;1,0000000000000000;1,00000000000000000
2021-04-09;60+;16;16,0;16;16;16;16;16;16;16;16,0;16,0;16,0;NA;NA;NA;NA;NA;NA;NA;NA;NA;NA;NA;NA;1,0000000000000000;1,000000000000000;1,0000000000000000;1,0000000000000000;1,0000000000000000;1,0000000000000000;1,0000000000000000;1,0000000000000000;1,0000000000000000;1,0000000000000000;1,00000000000000000
2021-04-09;alle;35;35,0;35;35;35;35;35;35;35;35,0;35,0;35,0;NA;NA;NA;NA;NA;NA;NA;NA;NA;NA;NA;NA;NA;NA;NA;NA;NA;NA;NA;NA;NA;NA;NA
2021-04-08;0-60;29;29,0;29;29;29;29;29;29;29;29,0;29,0;29,0;NA;NA;NA;NA;NA;NA;NA;NA;NA;NA;NA;NA;1,0000000000000000;1,000000000000000;1,0000000000000000;1,0000000000000000;1,0000000000000000;1,0000000000000000;1,0000000000000000;1,0000000000000000;1,0000000000000000;1,0000000000000000;1,00000000000000000
2021-04-08;60+;25;25,0;25;25;25;25;25;25;25;25,0;25,0;25,0;NA;NA;NA;NA;NA;NA;NA;NA;NA;NA;NA;NA;1,0000000000000000;1,000000000000000;1,0000000000000000;1,0000000000000000;1,0000000000000000;1,0000000000000000;1,0000000000000000;1,0000000000000000;1,0000000000000000;1,0000000000000000;1,00000000000000000
2021-04-08;alle;54;54,0;54;54;54;54;54;54;54;54,0;54,0;54,0;NA;NA;NA;NA;NA;NA;NA;NA;NA;NA;NA;NA;NA;NA;NA;NA;NA;NA;NA;NA;NA;NA;NA
2021-04-07;0-60;19;19,0;19;19;19;19;19;19;19;19,0;19,0;19,0;NA;NA;NA;NA;NA;NA;NA;NA;NA;NA;NA;NA;1,0000000000000000;1,000000000000000;1,0000000000000000;1,0000000000000000;1,0000000000000000;1,0000000000000000;1,0000000000000000;1,0000000000000000;1,0000000000000000;1,0000000000000000;1,00000000000000000
2021-04-07;60+;25;25,0;25;25;25;25;25;25;25;25,0;25,0;25,0;NA;NA;NA;NA;NA;NA;NA;NA;NA;NA;NA;NA;1,0000000000000000;1,000000000000000;1,0000000000000000;1,0000000000000000;1,0000000000000000;1,0000000000000000;1,0000000000000000;1,0000000000000000;1,0000000000000000;1,0000000000000000;1,00000000000000000
2021-04-07;alle;44;44,0;44;44;44;44;44;44;44;44,0;44,0;44,0;NA;NA;NA;NA;NA;NA;NA;NA;NA;NA;NA;NA;NA;NA;NA;NA;NA;NA;NA;NA;NA;NA;NA
2021-04-06;0-60;15;15,0;15;15;15;15;15;15;15;15,0;15,0;15,0;NA;NA;NA;NA;NA;NA;NA;NA;NA;NA;NA;NA;1,0000000000000000;1,000000000000000;1,0000000000000000;1,0000000000000000;1,0000000000000000;1,0000000000000000;1,0000000000000000;1,0000000000000000;1,0000000000000000;1,0000000000000000;1,00000000000000000
2021-04-06;60+;12;12,0;12;12;12;12;12;12;12;12,0;12,0;12,0;NA;NA;NA;NA;NA;NA;NA;NA;NA;NA;NA;NA;1,0000000000000000;1,000000000000000;1,0000000000000000;1,0000000000000000;1,0000000000000000;1,0000000000000000;1,0000000000000000;1,0000000000000000;1,0000000000000000;1,0000000000000000;1,00000000000000000
2021-04-06;alle;27;27,0;27;27;27;27;27;27;27;27,0;27,0;27,0;NA;NA;NA;NA;NA;NA;NA;NA;NA;NA;NA;NA;NA;NA;NA;NA;NA;NA;NA;NA;NA;NA;NA
