"date";"age60";"reported";"nowcast_est";"nowcast_0.025";"nowcast_0.1";"nowcast_0.25";"nowcast_0.5";"nowcast_0.75";"nowcast_0.8";"nowcast_0.85";"nowcast_0.9";"nowcast_0.95";"nowcast_0.975";"reported7";"nowcast7_est";"nowcast7_0.025";"nowcast7_0.1";"nowcast7_0.25";"nowcast7_0.5";"nowcast7_0.75";"nowcast7_0.8";"nowcast7_0.85";"nowcast7_0.9";"nowcast7_0.95";"nowcast7_0.975";"F_est";"F_0.025";"F_0.1";"F_0.25";"F_0.5";"F_0.75";"F_0.8";"F_0.85";"F_0.9";"F_0.95";"F_0.975";"realized";"realized7"
2023-09-26;"0-60";0;0;0;0;0;0;0;0;0;0;0;0;14;17,8;14,4176638176638;15,8941176470588;17;18;21;21;22;30,2;27,7;41,6;0,231308173913551;0,351074885861758;0,306134423984049;0,268022934318069;0,228242240888145;0,192082252682592;0,183707876773393;0,173313867669748;0,162158656952141;0,146206732828732;0,132698822309537;NA;NA
2023-09-26;"60+";12;62,2;39;46;53;63;74;78;81;87;96;104;64;126,8;95,5745305164319;99,0476190476191;108,090909090909;128;153,909090909091;145;149,3;169,904761904762;167;231,2;0,192775214864996;0,284846568263886;0,250417791027457;0,222117196491089;0,192324643395852;0,163504880283503;0,157149596253993;0,150069245430623;0,141496660213334;0,1292873786276;0,118165006981091;NA;NA
2023-09-26;"alle";12;62,2;39;46;53;63;74;78;81;87;96;104;78;144,6;110,818953715776;121,426229508197;128,833333333333;147;179,4;166;171;187,459016393443;192;267,2;NA;NA;NA;NA;NA;NA;NA;NA;NA;NA;NA;NA;NA
2023-09-25;"0-60";0;0;0;0;0;0;0;0;0;0;0;0;20;24,1;20,7864089444587;22;23;25;27;28;29;30;34,7;50,3;0,208659585038594;0,375773077095984;0,312321053671778;0,255818018429999;0,197402390261145;0,145662671330162;0,134252960230911;0,121139894850976;0,106952179878416;0,0846440444846214;0,0671635169108927;NA;NA
2023-09-25;"60+";0;0;0;0;0;0;0;0;0;0;0;0;82;96,8;88,0130430263978;89,4109589041096;92,1935483870968;97;103,709677419355;102;103;107,246575342466;108;113,923300769071;0,16838750669119;0,323213670667586;0,262956584193462;0,215929319158257;0,165268554630618;0,122593775011629;0,11319176120755;0,102783802190353;0,0906409809362037;0,0745962110133522;0,0613193385764955;NA;NA
2023-09-25;"alle";0;0;0;0;0;0;0;0;0;0;0;0;102;120,9;110,592642276423;113;118,173913043478;123;133,1;129;131;147,1;142;183,7;NA;NA;NA;NA;NA;NA;NA;NA;NA;NA;NA;NA;NA
2023-09-24;"0-60";0;0;0;0;0;0;0;0;0;0;0;0;20;24,1;21;22;23;25;27;28;29;30;34,7;37,2;0,161028241215235;0,316693582840371;0,25353225949248;0,196481732385146;0,141988099104953;0,0965641611630516;0,0864442560823355;0,0749447652577937;0,0597850708375719;0,040292805262026;0,0250518286755791;NA;NA
2023-09-24;"60+";0;0;0;0;0;0;0;0;0;0;0;0;87;102,6;95;96,4226804123711;98,7;103;109,2;108;109;111,865979381443;114;118;0,126493630299301;0,264989961437171;0,209952259217057;0,165391102411244;0,122609584805028;0,0873330179229403;0,0794887026075639;0,0711385019736543;0,0608764898055907;0,0478102379591993;0,035891985980278;NA;NA
2023-09-24;"alle";0;0;0;0;0;0;0;0;0;0;0;0;107;126,7;116,731523378582;119,146341463415;122,875;129;139,3;135;137;153,3;149;192,9;NA;NA;NA;NA;NA;NA;NA;NA;NA;NA;NA;NA;NA
2023-09-23;"0-60";3;4,6;3;3;4;5;6;6;7;8;9;12;22;26,7;23;24;26;28;30;31;32;34;39,3;42,1;0,647248011041887;0,742133487619926;0,707791933984887;0,669232179915203;0,622679444314661;0,564935805152991;0,546907520446257;0,52375852208839;0,485451672230986;0,383083891261911;0,264223640387378;NA;NA
2023-09-23;"60+";2;3,3;2;2;2;3;4;4;5;5;6;7;92;109,2;101;103;104,756598240469;110;115,865102639296;115;116;118;122;128;0,607070974757652;0,705296945968646;0,671497323055933;0,639979371939819;0,601449184281836;0,560669249723594;0,549785780445787;0,536210245005154;0,519496933415555;0,488955445887792;0,458332051690088;NA;NA
2023-09-23;"alle";5;7,9;5;6;7;8;10;10;11;12;14;17;114;135,9;124,224174127817;127,722807017544;133,264880952381;138;152,1;145;148;168,1;166;220,1;NA;NA;NA;NA;NA;NA;NA;NA;NA;NA;NA;NA;NA
2023-09-22;"0-60";3;4;3;3;3;4;5;5;6;7;8;12;21;24,2;21;22;23;25;27;28;29;31;35,8;38,4;0,743274458845086;0,817826777164637;0,789125094015294;0,758323133653902;0,717564748857846;0,66111433167823;0,642690117233594;0,612839058156583;0,555986701960768;0,395757299318203;0,255010554929913;NA;NA
2023-09-22;"60+";16;22,4;18;19;21;22;25;25;26;27;29;31;107;124,4;114,755968169761;119;122;125;129;131;132;134;138;165,6;0,715067644908771;0,791324920136398;0,765701282272407;0,74014881023655;0,710299803614826;0,675901941203166;0,666251393502475;0,654493013204197;0,638412286839812;0,6088986141166;0,563257697024996;NA;NA
2023-09-22;"alle";19;26,4;21;23;25;27;30;30;31;33;36;43;128;148,6;135,008261327713;142,253333333333;144,867513611615;151;163,4;158;160;179,4;177;231;NA;NA;NA;NA;NA;NA;NA;NA;NA;NA;NA;NA;NA
2023-09-21;"0-60";4;4,7;4;4;4;5;6;6;6;7;9;13;23;25,5;23;24;25;26;28;29;30;32;37;39,6;0,84305294489048;0,895256693578539;0,874241981326906;0,851015421881523;0,820971204602107;0,77374390880862;0,756076372441404;0,723514108218553;0,654006385980739;0,471649111763451;0,313004132210695;NA;NA
2023-09-21;"60+";14;16,9;14;15;16;17;18;19;19;20;21;23;100;111,7;104,488983050847;106,082926829268;109,527777777778;112;120,3;117;118;120,424390243902;122;146,3;0,826343956335535;0,878548739839129;0,861743502404804;0,844233984291997;0,822316115165418;0,796390782331446;0,789256516623275;0,78071818673876;0,768313788601621;0,746839449352745;0,702462153334083;NA;NA
2023-09-21;"alle";18;21,7;19;19;21;22;24;24;25;26;29;34;123;137,2;127,803076923077;131,694010889292;135,331269349845;139;149,8;145;147;164,8;166,1;219;NA;NA;NA;NA;NA;NA;NA;NA;NA;NA;NA;NA;NA
2023-09-20;"0-60";4;4,3;4;4;4;4;5;5;5;5;6;6;25;27;25;26;26;28;30;30;31;34;39,3;42,1;0,922378113017774;0,951024617890938;0,941751421391645;0,931415314724373;0,917718231816917;0,900875761557484;0,896425412396221;0,890332895209982;0,8823696930226;0,870169286147194;0,855324361950413;NA;NA
2023-09-20;"60+";20;22;20;20;21;22;23;23;24;24;25;25;93;102,2;95,5189655172414;96,3935;98,8125;103;108,051136363636;106;107;111,601;111;131,8;0,911026014311755;0,938067236384926;0,929747798468622;0,92050576233441;0,909040287575023;0,895734398530488;0,891915608667027;0,887671657175969;0,881675314134838;0,87203540902686;0,861492994721386;NA;NA
2023-09-20;"alle";24;26,3;24;24;25;26;27;28;28;29;29;30;118;129,2;121,427857142857;123;126,993006993007;131;140,8;136;138;154,8;159;211,8;NA;NA;NA;NA;NA;NA;NA;NA;NA;NA;NA;NA;NA
2023-09-19;"0-60";6;6,4;6;6;6;6;7;7;7;7;8;8;23;24,7;23;23;24;25;27;28;29;31;35,8;38,4;0,940056108497843;0,962654505675537;0,954723691602033;0,945980343742292;0,934195488131652;0,919143624186902;0,915051271525391;0,909136953122732;0,901573187216216;0,887039104909564;0,870447167306802;NA;NA
2023-09-19;"60+";30;32,2;30;30;31;32;33;34;34;35;36;36;94;101,9;95,6661111111111;98;100;102;105;106;107;108;110;130,1;0,930372060993361;0,951290874425172;0,944143921654129;0,937172295422629;0,928063392101437;0,917873146996489;0,914802752830651;0,911209200024744;0,906580587265508;0,897820205537949;0,885580007488596;NA;NA
2023-09-19;"alle";36;38,6;36;37;38;39;40;40;41;41;42;43;117;126,6;119,412429378531;121,447826086957;123,495726495727;128;137,4;133;135;151,4;156;208;NA;NA;NA;NA;NA;NA;NA;NA;NA;NA;NA;NA;NA
2023-09-18;"0-60";0;0;0;0;0;0;0;0;0;0;0;0;25;26,4;25;25;26;27;29;29;31;33;38,1;40,9;0,884960910007531;0,937312173797232;0,918456078799743;0,89652082181833;0,863398121761019;0,812883682401161;0,795639089545948;0,770766619205634;0,725967685214893;0,610272381697162;0,463185084232915;NA;NA
2023-09-18;"60+";5;5,8;5;5;5;6;6;7;7;7;8;9;95;101,6;96,4825;96,848;99,5294117647059;102;104,705882352941;105;106;108,728;110;130,4;0,865904626656521;0,9216987291011;0,903866467084108;0,884932801521109;0,859785691964845;0,829613658953273;0,820421967663232;0,808978494468413;0,793862136916602;0,764220374292312;0,710485138527108;NA;NA
2023-09-18;"alle";5;5,8;5;5;5;6;6;7;7;7;8;9;120;128;121,309331797235;123,896825396825;126,354166666667;130;138;134;136;152;157,1;209;NA;NA;NA;NA;NA;NA;NA;NA;NA;NA;NA;NA;NA
2023-09-17;"0-60";2;2,5;2;2;2;3;4;4;4;5;8;14;27;28,5;27;27;28;29;31;32;33;36;41,6;44,6;0,790089295181679;0,885425504906754;0,84916358130795;0,806959313816369;0,744550089092676;0,646731182714835;0,608818764487598;0,552801172430834;0,461627392074576;0,274038323517295;0,145810116269332;NA;NA
2023-09-17;"60+";5;6,6;5;5;6;7;8;8;9;9;10;12;93;99;95;94,5844155844156;96,375;99;102,9375;102;103;106,359307359307;107;113;0,7544681820889;0,847757888111335;0,8166056081271;0,785845156197923;0,744663743158231;0,693713394196655;0,679788707249189;0,663245695600976;0,638523796791793;0,587812009004445;0,487866502868859;NA;NA
2023-09-17;"alle";7;9,2;7;8;8;10;11;12;13;14;18;27;120;127,5;121,425;124,086845466156;124,954326923077;129;138,5;134;135;152,5;158;211,3;NA;NA;NA;NA;NA;NA;NA;NA;NA;NA;NA;NA;NA
2023-09-16;"0-60";2;2,1;2;2;2;2;2;3;3;3;4;6;25;26;25;25;25;26;28;28;29;31;35,8;38,4;0,934245244902396;0,964295431426983;0,952638088468863;0,938927441097411;0,91615132175758;0,875310218509082;0,854310655472847;0,816937700708388;0,745162252193826;0,550871925196213;0,367941737930612;NA;NA
2023-09-16;"60+";17;18,5;17;17;18;18;19;20;20;21;22;24;90;94,6;91;91,1341871921182;92,0588235294118;95;98,4117647058823;97;98;100,465221674877;101;106;0,92028904940487;0,947137376131579;0,938000066757482;0,928661946110038;0,916270922284173;0,901621521913256;0,896932564320394;0,891322574467198;0,8834907745705;0,86471357540896;0,780578160635361;NA;NA
2023-09-16;"alle";19;20,6;19;19;20;21;22;22;23;24;25;28;115;120,6;116,55;116,940740740741;119,625;122;129,4;126;127;139,4;143;186,2;NA;NA;NA;NA;NA;NA;NA;NA;NA;NA;NA;NA;NA
2023-09-15;"0-60";5;5,3;5;5;5;5;6;6;7;7;10;16;29;29,9;29;29;29;30;32;33;34;36;41,6;44,6;0,94085503091315;0,968934684378272;0,958793220798915;0,945687366891329;0,922402450416863;0,875281092347145;0,851748503007557;0,803652001294457;0,715116590340576;0,488762581670364;0,305381962406575;NA;NA
2023-09-15;"60+";9;9,7;9;9;9;10;10;11;11;11;12;13;96;100;97;97,4285714285714;98,1287878787879;100;103,742424242424;103;103;105,142857142857;106;111;0,926281045727344;0,951035255805136;0,943041821268672;0,934333295454898;0,922311457830688;0,908292643832167;0,904245945651987;0,898799708400669;0,890565789965738;0,869774589267737;0,770354278864117;NA;NA
2023-09-15;"alle";14;15;14;14;14;15;16;17;17;18;23;31;125;130;125,513513513514;127,222068965517;128,258241758242;131;138;135;137;150;157;206,8;NA;NA;NA;NA;NA;NA;NA;NA;NA;NA;NA;NA;NA
2023-09-14;"0-60";6;6,3;6;6;6;6;7;7;8;8;12;18;32;32,8;32;32;32;33;35;35;37;40;46,2;49,6;0,958609533561999;0,979294300186819;0,971946514189894;0,962021331879256;0,943877211051352;0,903080800648832;0,878855433328473;0,831226985735323;0,742454057758298;0,525402223941703;0,344108809769192;NA;NA
2023-09-14;"60+";7;7,4;7;7;7;7;8;8;8;8;9;10;118;122,4;119;119,2;120,088235294118;123;126,693277310924;125;126;128,533333333333;130;138;0,946103307463754;0,965632352925489;0,959093802854149;0,952137313286928;0,943365039921323;0,932180210630534;0,928711565127267;0,924140884413379;0,917767287419168;0,902164463145243;0,817389014253409;NA;NA
2023-09-14;"alle";13;13,7;13;13;13;14;15;15;16;17;21;28;150;155,1;150;152,377777777778;153,240476190476;156;164,9;161;163;180,9;189;250,3;NA;NA;NA;NA;NA;NA;NA;NA;NA;NA;NA;NA;NA
2023-09-13;"0-60";2;2;2;2;2;2;2;2;2;2;3;3;29;29,5;29;29;29;30;31;32;33;36;41,6;44,6;0,979993502653717;0,990981676891387;0,987576157172437;0,983610088143973;0,97742590309534;0,96823593917338;0,965329688706866;0,961640069862191;0,955843002120614;0,944434097182333;0,931169247724164;NA;NA
2023-09-13;"60+";21;21,7;21;21;21;22;22;22;23;23;23,1;24;128;132,4;128,68125;128,918577075099;129,95;133;136,95;135;136;139,072727272727;140;167,6;0,968218859835934;0,979882509444718;0,976112417010951;0,972026157944999;0,966719918487555;0,960165580126631;0,958260305165966;0,955959530630451;0,952530377256978;0,946360615830059;0,938926437383778;NA;NA
2023-09-13;"alle";23;23,7;23;23;23;24;24;24;25;25;26;26;157;161,9;157;159,173913043478;160,244755244755;163;170,1;167;169;184,1;192;249,9;NA;NA;NA;NA;NA;NA;NA;NA;NA;NA;NA;NA;NA
2023-09-12;"0-60";8;8,1;8;8;8;8;8;8;9;9;9;10;35;35,5;35;35;35;36;37;38;39;42;48,5;52;0,983702051437771;0,99264481736793;0,989777134721478;0,986165496288937;0,980157034676904;0,970674289421103;0,967413102291393;0,963518701727759;0,956994760453782;0,941554916945539;0,9213684801761;NA;NA
2023-09-12;"60+";31;31,9;31;31;31;32;33;33;33;33;34;35;115;118,8;115;115;117,272727272727;119;123,2;121;122;124,783946488294;126;151,4;0,972093565125282;0,982265496392099;0,978976115826642;0,975337654133621;0,970495995421975;0,964447786399821;0,962740595505128;0,960474075523722;0,957131657548563;0,950349375192172;0,93868156377017;NA;NA
2023-09-12;"alle";39;40;39;39;39;40;41;41;41;42;43;43;150;154,3;150,5359375;150,812531328321;151,839285714286;155;161,7;160;161;177,7;185;242,5;NA;NA;NA;NA;NA;NA;NA;NA;NA;NA;NA;NA;NA
2023-09-11;"0-60";2;2,1;2;2;2;2;2;2;3;3;3;4;36;36,4;36;36;36;37;38;39;40;43;49,7;53,3;0,96617330791734;0,986302438444975;0,979543503641439;0,969824180023052;0,95199065736416;0,913986440865938;0,897603134353553;0,871112074966564;0,814745225832223;0,662381311099823;0,496230588846487;NA;NA
2023-09-11;"60+";3;3,2;3;3;3;3;3;4;4;4;4;5;113;116,2;113;113,065551839465;113,787878787879;116;119,818181818182;119;119;121,614046822742;123;147,6;0,940698595412155;0,968103574758422;0,959517146750496;0,950012922259764;0,936435875523107;0,918690392795544;0,913272258761554;0,90594537708679;0,895672476732738;0,872132976482868;0,812890702549235;NA;NA
2023-09-11;"alle";5;5,3;5;5;5;5;6;6;6;6;7;9;149;152,6;149,453771929825;150,139687055477;151,454545454545;154;159,4;157;159;175,4;183;240;NA;NA;NA;NA;NA;NA;NA;NA;NA;NA;NA;NA;NA
2023-09-10;"0-60";0;0;0;0;0;0;0;0;0;0;0;0;34;34,3;34;34;34;35;36;36;38;40;46,2;49,6;0,933801425728455;0,974485223431807;0,961672267406887;0,941647288563873;0,902324504596018;0,804748010492841;0,759194000597167;0,680376206136986;0,56095720532249;0,315891721399777;0,164866252886129;NA;NA
2023-09-10;"60+";2;2,3;2;2;2;2;3;3;3;3;4;4;116;119,1;116;116;117,041666666667;119;122,655303030303;122;122;126,9;126;151,1;0,882689699880138;0,935102371255904;0,918625647866781;0,900248286213269;0,874460325609407;0,840006041068257;0,829903825109777;0,816266957279378;0,795921590450491;0,746642912736007;0,572901836568378;NA;NA
2023-09-10;"alle";2;2,3;2;2;2;2;3;3;3;3;4;4;150;153,4;150,163970588235;151,354666666667;152,618181818182;154;160,6;158;160;174,6;183;239,2;NA;NA;NA;NA;NA;NA;NA;NA;NA;NA;NA;NA;NA
2023-09-09;"0-60";6;6,1;6;6;6;6;7;7;7;8;11;16;34;34,3;34;34;34;35;36;36;38;40;46,2;49,6;0,980498943101387;0,99310947959449;0,989402931597146;0,98357242686706;0,970205311516527;0,929790609560848;0,904639499087983;0,859570948687833;0,777702872000814;0,561361646092256;0,365620246965068;NA;NA
2023-09-09;"60+";23;23,9;23;23;23;24;25;25;25;26;27;28;120;123;120;120;120,920454545455;123;127,159090909091;126;126;131;130;155,8;0,963749705839864;0,978868828501568;0,973891399993682;0,968490401999588;0,960909782295994;0,951062349428013;0,94770891500597;0,943565909492312;0,936919711220454;0,919023893675294;0,810816553315439;NA;NA
2023-09-09;"alle";29;30;29;29;29;30;31;32;32;34;38;48;154;157,4;154;154;156,664335664336;158;164,6;162;164;180,6;189;248;NA;NA;NA;NA;NA;NA;NA;NA;NA;NA;NA;NA;NA
2023-09-08;"0-60";8;8,1;8;8;8;8;9;9;10;11;17;27;31;31,2;31;31;31;31;32;33;34;36;41,6;44,6;0,982564028851426;0,994912297644636;0,991667861974757;0,986298125073126;0,972764631330998;0,925396661438933;0,894917143944234;0,836814431111559;0,737650456917375;0,494147416645085;0,302116579645406;NA;NA
2023-09-08;"60+";31;32,1;31;31;31;32;33;33;34;34;35;39;110;112,3;110;110;110;112;115,987012987013;114;115;119,7;118;140,7;0,967147170056447;0,981401896724562;0,97705030896346;0,971916177137705;0,964606164032306;0,954749587580323;0,951715619735915;0,947506430588328;0,940281215290658;0,920141071440997;0,797892147742871;NA;NA
2023-09-08;"alle";39;40,2;39;39;40;41;42;43;43;46;55;72;141;143,5;141;141,263636363636;142,472222222222;144;150,5;148;149;162,5;171;223,3;NA;NA;NA;NA;NA;NA;NA;NA;NA;NA;NA;NA;NA
2023-09-07;"0-60";3;3;3;3;3;3;3;3;4;4;6;9;27;27,1;27;27;27;27;28;28;29;31;35,8;38,4;0,988152995537656;0,997182813537997;0,99510720037087;0,991368907127594;0,980677287773893;0,937819956931134;0,907903210719274;0,852589177921318;0,755540990484456;0,526621116149215;0,341188868475706;NA;NA
2023-09-07;"60+";17;17,4;17;17;17;17;18;18;18;19;19;21;90;91,3;90;90;90,6470588235294;91;94,7;93;93;96,7;96;114,7;0,977117191541434;0,987631259274026;0,984481292253241;0,980773631518845;0,975352781462038;0,967726111809521;0,965385674589821;0,962271869556695;0,956945670696851;0,940200438228366;0,837380000310677;NA;NA
2023-09-07;"alle";20;20,4;20;20;20;20;21;22;22;23;26;31;117;118,4;117;117;117,542483660131;119;123,6;121;123;133,6;139;179,8;NA;NA;NA;NA;NA;NA;NA;NA;NA;NA;NA;NA;NA
2023-09-06;"0-60";8;8;8;8;8;8;8;8;8;8;9;9;33;33,1;33;33;33;33;34;35;36;39;45,1;48,3;0,996949678405099;0,999476299237216;0,999003446985349;0,998205699848;0,996379545913296;0,992341683783709;0,990341688552445;0,987764922322499;0,983134841434682;0,97187048230107;0,955106497329316;NA;NA
2023-09-06;"60+";8;8,1;8;8;8;8;8;8;8;9;9;9;90;91;90;90;90;91;93;92;93;95;95;112,8;0,987441209710025;0,993653633218893;0,991822024746774;0,989712334663801;0,986577656599589;0,982295932660775;0,980902398141973;0,979229755185944;0,97655194047096;0,970879160081026;0,962139702062773;NA;NA
2023-09-06;"alle";16;16,1;16;16;16;16;16;16;17;17;17;17;123;124,1;123;123;123,905982905983;125;129,9;128;129;143,9;152;201,9;NA;NA;NA;NA;NA;NA;NA;NA;NA;NA;NA;NA;NA
2023-09-05;"0-60";9;9;9;9;9;9;9;9;9;9;10;10;26;26,1;26;26;26;26;27;28;29;32;37;39,6;0,99772816826477;0,999680953239911;0,999290634123724;0,998557040758146;0,996633930510003;0,991243142257094;0,988745762266779;0,984556892420512;0,977896045954827;0,961359394122831;0,937302744521508;NA;NA
2023-09-05;"60+";29;29,3;29;29;29;29;30;30;30;30;31;31;104;104,9;104;104;104;105;107,1;106;107;109,1;109;128,9;0,989899203556768;0,9951679574463;0,993633851395863;0,991767577286886;0,989037459948154;0,985163899085197;0,983868650355617;0,982197115893565;0,979385937338981;0,972829329439733;0,957708440114267;NA;NA
2023-09-05;"alle";38;38,3;38;38;38;38;39;39;39;39;40;41;130;131;130;130;131;132;137;134;136;151;159;210;NA;NA;NA;NA;NA;NA;NA;NA;NA;NA;NA;NA;NA
2023-09-04;"0-60";0;0;0;0;0;0;0;0;0;0;0;0;20;20,1;20;20;20;20;21;22;23;25,6;29,6;31,7;0,993776028916634;0,999353855943727;0,998324647641624;0,996067761872078;0,988442584465236;0,955114508731977;0,937559938887695;0,901771155291431;0,841262376104549;0,666816649249317;0,497386745402548;NA;NA
2023-09-04;"60+";6;6,1;6;6;6;6;6;6;7;7;7;8;94;94,6;94;94;94;95;95,4;96;96;99,4;98;115,6;0,98052173469851;0,992132426041125;0,988977703413169;0,984866882706829;0,978502300085645;0,968698356300275;0,965542600454904;0,960506201731741;0,952610081883256;0,932051091835986;0,838991070097416;NA;NA
2023-09-04;"alle";6;6,1;6;6;6;6;6;6;7;7;7;8;114;114,7;114;114;114;115;119,3;118;120;133,3;142;189,9;NA;NA;NA;NA;NA;NA;NA;NA;NA;NA;NA;NA;NA
2023-09-03;"0-60";0;0;0;0;0;0;0;0;0;0;0;0;20;20,1;20;20;20;20;21;22;23;25,6;29,6;31,7;0,983524299901984;0,998948680871158;0,997010754194672;0,991832142713778;0,970716463711834;0,873484425351537;0,812523240291201;0,720570919068962;0,582505347360083;0,316227862453846;0,161588638227775;NA;NA
2023-09-03;"60+";6;6,2;6;6;6;6;7;7;7;7;8;10;91;91,5;91;91;91;91;92,5;92;93;94,5;95;112,3;0,965425247051557;0,98700798774338;0,981163889330898;0,97377298676577;0,961510641690353;0,94235197111703;0,935673925106569;0,925761530808656;0,910895114395444;0,855173428311449;0,60647971318833;NA;NA
2023-09-03;"alle";6;6,2;6;6;6;6;7;7;7;7;8;10;111;111,6;111;111;111;112;116,4;115;116;130,4;139;186,6;NA;NA;NA;NA;NA;NA;NA;NA;NA;NA;NA;NA;NA
2023-09-02;"0-60";3;3;3;3;3;3;3;3;4;4;6;9;21;21,1;21;21;21;21;22;23;24;26,7;30,9;33,1;0,993788526324796;0,99975815416642;0,999209614943665;0,997568324847293;0,989726552351334;0,947780566605263;0,920040527750301;0,86840468443623;0,778032885898966;0,55511657524965;0,3447049308952;NA;NA
2023-09-02;"60+";13;13,1;13;13;13;13;13;13;14;14;14;16;87;87,3;87;87;87;87;88,7;88;88;90,7;90;105,7;0,991213283285542;0,996880205824231;0,995363999217105;0,993370920246854;0,990185267984628;0,984773172577158;0,982879255843774;0,980020627136232;0,975102274949168;0,956166906148006;0,815147878639227;NA;NA
2023-09-02;"alle";16;16,1;16;16;16;16;17;17;17;18;21;26;108;108,4;108;108;108;109;111,6;111;114;127,6;136,3;184;NA;NA;NA;NA;NA;NA;NA;NA;NA;NA;NA;NA;NA
2023-09-01;"0-60";4;4;4;4;4;4;4;4;5;6;8;14;25;25,1;25;25;25;25;26;27;29;32,3;37,3;40;0,992748488054539;0,999820851502644;0,999332677917504;0,997667972813717;0,988988506897429;0,939554688813557;0,906107801024902;0,840091896711746;0,734483194385635;0,477614326805679;0,284786149678387;NA;NA
2023-09-01;"60+";11;11,1;11;11;11;11;11;11;11;12;12;14;98;98,2;98;98;98;98;99;99;99;99,8;101;118,4;0,993458663675314;0,997994173003001;0,99687782165082;0,99535790781128;0,992722448721177;0,987996827004523;0,986115928809139;0,983502784039333;0,978763150950078;0,957238706264239;0,802391350339017;NA;NA
2023-09-01;"alle";15;15,1;15;15;15;15;16;16;16;18;22;31;123;123,3;123;123;123;124;126,7;127;129;146,7;155,9;211,1;NA;NA;NA;NA;NA;NA;NA;NA;NA;NA;NA;NA;NA
2023-08-31;"0-60";9;9,1;9;9;9;9;10;10;11;12;18;28;22;22,1;22;22;22;22;23;24;25;27,8;32,1;34,5;0,993908804178231;0,99988945730379;0,999562508321403;0,99834485959678;0,990998452037816;0,946718258647083;0,91424290688237;0,854013654075722;0,748542220890606;0,511894459300063;0,325838294074462;NA;NA
2023-08-31;"60+";17;17,1;17;17;17;17;17;17;17;18;18;20;99;99,1;99;99;99;99;99,3;100;100;100;102;119,7;0,996414725219075;0,999087706373083;0,998511024202693;0,997664275398506;0,996070717568795;0,992992383961455;0,991747119383905;0,989836079081394;0,986279570087788;0,97015420992046;0,840986295703571;NA;NA
2023-08-31;"alle";26;26,1;26;26;26;26;27;27;28;31;38;51;121;121,2;121;121;121;121;124,8;124;126;142,8;151,1;202,8;NA;NA;NA;NA;NA;NA;NA;NA;NA;NA;NA;NA;NA
2023-08-30;"0-60";1;1;1;1;1;1;1;1;1;1;1;1;17;17,1;17;17;17;17;18;18;19;21,1;24,4;26,2;0,999660328112033;0,999994822407739;0,99997523184241;0,999895207187999;0,999539040281932;0,997908400183852;0,9969438227919;0,995121119182811;0,991930244521733;0,984121184932636;0,969365940934802;NA;NA
2023-08-30;"60+";22;22;22;22;22;22;22;22;22;22;23;23;98;98,1;98;98;98;98;98,3;98;99;99;100;116,3;0,99852203184695;0,999709156637641;0,999482237820687;0,99912773474329;0,998438380370875;0,996956470171468;0,996357970424194;0,995466029770195;0,993841010811193;0,989132372686368;0,977956495568485;NA;NA
2023-08-30;"alle";23;23;23;23;23;23;23;23;23;23;24;24;115;115,1;115;115;115;115;116;117;119;123;139;183,1;NA;NA;NA;NA;NA;NA;NA;NA;NA;NA;NA;NA;NA
2023-08-29;"0-60";3;3;3;3;3;3;3;3;3;3;3;3;21;21,1;21;21;21;21;22;22;23;25,6;29,6;31,7;0,999412094337782;0,999989512048189;0,999952914789344;0,999808997962875;0,999103079490684;0,995482307219284;0,993531859589318;0,990304322536182;0,984002858617651;0,96855251562365;0,944142571881874;NA;NA
2023-08-29;"60+";19;19;19;19;19;19;19;19;19;19;20;20;102;102;102;102;102;102;102;102;102;103;104;121;0,99914852373526;0,999880069152957;0,999757267306762;0,999553020737889;0,999104930170148;0,998027954541441;0,997514955881079;0,996748247450839;0,995155204327701;0,989082016828224;0,966650740855389;NA;NA
2023-08-29;"alle";22;22;22;22;22;22;22;22;22;22;23;23;123;123,1;123;123;123;123;124;125;127;131;147;157,6;NA;NA;NA;NA;NA;NA;NA;NA;NA;NA;NA;NA;NA
2023-08-28;"0-60";0;0;0;0;0;0;0;0;0;0;0;0;27;27,1;27;27;27;27;28;28;29;32;37;39,6;0,996109095805563;0,999950436527549;0,99976417857644;0,998947413525949;0,993985181016871;0,964585718588357;0,945928129913432;0,911069257220572;0,843725309654896;0,653097829316276;0,48530194269216;NA;NA
2023-08-28;"60+";3;3;3;3;3;3;3;3;3;3;3;4;106;106;106;106;106;106;106;106;106;106;108;115,8;0,998879264171692;0,999900845739029;0,999777232240148;0,999519141859759;0,998842628803361;0,996941790131829;0,995859876796682;0,994048828353364;0,989908409323097;0,968881523197261;0,843632289480601;NA;NA
2023-08-28;"alle";3;3;3;3;3;3;3;3;3;3;3;4;133;133,1;133;133;133;133;134;135;137;141;157;168,4;NA;NA;NA;NA;NA;NA;NA;NA;NA;NA;NA;NA;NA
2023-08-27;"0-60";1;1;1;1;1;1;1;1;1;2;3;7;28;28,1;28;28;28;28;29;29;31;33;38,1;40,9;0,986431837453178;0,999880778910402;0,999393699104183;0,997062930699697;0,982088599665957;0,889803632303144;0,826923521638237;0,729306801564677;0,580173471961866;0,306492250669636;0,154974646192293;NA;NA
2023-08-27;"60+";2;2;2;2;2;2;2;2;2;2;2;3;105;105;105;105;105;105;105;105;105;105;107;114,7;0,998729862588029;0,999941511947917;0,999831922528134;0,999570995442681;0,998718995500279;0,995751617671323;0,993824050168432;0,990797708633229;0,98192539005723;0,925828400205223;0,609836452834675;NA;NA
2023-08-27;"alle";3;3;3;3;3;3;3;3;4;4;7;12;133;133,1;133;133;133;133;134;135;137;141;158;169,4;NA;NA;NA;NA;NA;NA;NA;NA;NA;NA;NA;NA;NA
2023-08-26;"0-60";7;7;7;7;7;7;7;8;8;9;13;20;27;27,1;27;27;27;27;28;28;29;31;35,8;38,4;0,99430784246208;0,99995986019665;0,999798091134811;0,998953347954597;0,993040488912329;0,953496084033458;0,924709599188729;0,868315141075315;0,773655683461977;0,544796213791273;0,332862382688645;NA;NA
2023-08-26;"60+";24;24;24;24;24;24;24;24;24;24;25;28;106;106;106;106;106;106;106;106;106;106;108;115,8;0,999810522835529;0,999996286119654;0,999985117255188;0,999951679485469;0,999814352673327;0,999213434550952;0,998770720918934;0,997869174575787;0,99518871703611;0,975477262128835;0,816757989705902;NA;NA
2023-08-26;"alle";31;31;31;31;31;31;32;32;33;34,2;41;53;133;133,1;133;133;133;133;134;135;136;140;155;166,2;NA;NA;NA;NA;NA;NA;NA;NA;NA;NA;NA;NA;NA
2023-08-25;"0-60";1;1;1;1;1;1;1;1;1;1;2;4;23;23,1;23;23;23;23;23,3;24;25;26;30;32,2;0,993044055364713;0,999962209916213;0,999802596295995;0,998882357463055;0,992260874113325;0,945333390021501;0,909507651173401;0,841612556375601;0,732556890895646;0,47152259049478;0,280122140869416;NA;NA
2023-08-25;"60+";12;12;12;12;12;12;12;12;12;12;12;15;90;90;90;90;90;90;90;90;90;90;91;97,6;0,999920676444233;0,999999460215108;0,999996957400755;0,999986216171847;0,99992533306458;0,999547678470416;0,99923485278257;0,998483076638922;0,996104245663242;0,974837255773783;0,805315417751913;NA;NA
2023-08-25;"alle";13;13;13;13;13;13;13;13;13;14;16;19;113;113,1;113;113;113;113;114;114;115;118;128;137,3;NA;NA;NA;NA;NA;NA;NA;NA;NA;NA;NA;NA;NA
2023-08-24;"0-60";4;4;4;4;4;4;4;4;5;5,2;8;13;25;25,1;25;25;25;25;26;26;27;28;32,3;34,7;0,994083651963912;0,99997430719839;0,999860635113514;0,999167404618706;0,993727815449322;0,950996909463424;0,918013270186964;0,854997139515573;0,748823087218594;0,506698083561161;0,323352566945531;NA;NA
2023-08-24;"60+";16;16;16;16;16;16;16;16;16;16;16;19;84;84;84;84;84;84;84;84;84;84;85;91,2;0,999976906281739;0,999999956127263;0,999999629581053;0,999997406165658;0,999979176526272;0,999801887885746;0,999648890754276;0,999202589808204;0,997558469289811;0,982528778757069;0,854450522666269;NA;NA
2023-08-24;"alle";20;20;20;20;20;20;20;21;21;22;26;33;109;109,1;109;109;109;109;110;110;112;114;125;134,1;NA;NA;NA;NA;NA;NA;NA;NA;NA;NA;NA;NA;NA
2023-08-23;"0-60";5;5;5;5;5;5;5;5;5;5;5;5;22;22;22;22;22;22;22;23;23;24;27,7;29,7;0,999801266937279;0,999998363827265;0,999991129071522;0,999962475218903;0,999794989902271;0,998944585134636;0,998457696827289;0,997595935740523;0,995767465605914;0,991264072780535;0,983320802761753;NA;NA
2023-08-23;"60+";26;26;26;26;26;26;26;26;26;26;26;26;78;78;78;78;78;78;78;78;78;78;79;83;0,999995212867727;0,999999998186631;0,999999972327444;0,999999693051206;0,999995885140364;0,999936007679274;0,999875738709683;0,999692527892509;0,999173150003424;0,996325912143114;0,986550761342366;NA;NA
2023-08-23;"alle";31;31;31;31;31;31;31;31;31;31;31;32;100;100;100;100;100;100;100;101;102;103;109,1;117;NA;NA;NA;NA;NA;NA;NA;NA;NA;NA;NA;NA;NA
2023-08-22;"0-60";9;9;9;9;9;9;9;9;9;9;9;10;20;20;20;20;20;20;20;21;21;22;25,4;27,3;0,999537803843245;0,99999641130399;0,999981794978989;0,999912751221991;0,999503970879344;0,99723710762306;0,995722110522894;0,993465649874029;0,988716586556552;0,975578597281708;0,955312081117058;NA;NA
2023-08-22;"60+";23;23;23;23;23;23;23;23;23;23;23;24;62;62;62;62;62;62;62;62;62;62;63;66;0,999998684954112;0,999999999921187;0,999999997652472;0,999999955322021;0,999998889162656;0,999968636311307;0,999925599222222;0,999796696766399;0,999260023898688;0,995253571960613;0,975421352656078;NA;NA
2023-08-22;"alle";32;32;32;32;32;32;32;32;32;32;33;33;82;82;82;82;82;82;82;83;84;85;91;97,6;NA;NA;NA;NA;NA;NA;NA;NA;NA;NA;NA;NA;NA
2023-08-21;"0-60";1;1;1;1;1;1;1;1;1;1;2;2;13;13;13;13;13;13;13;13;14;15;17,3;18,6;0,996508421680462;0,999985693435616;0,999913868965868;0,999484816356966;0,996284117947112;0,972654417529519;0,955501219574002;0,922719706227458;0,854524955503738;0,672382354003962;0,501187546567991;NA;NA
2023-08-21;"60+";2;2;2;2;2;2;2;2;2;2;2;2;52;52;52;52;52;52;52;52;52;52;52;55,8;0,999999217288805;0,999999999994383;0,999999999650551;0,999999987249454;0,999999355763767;0,999962509152189;0,9998962802872;0,999628962156052;0,998239911281444;0,98372452070439;0,871218062908577;NA;NA
2023-08-21;"alle";3;3;3;3;3;3;3;3;3;3;4;5;65;65;65;65;65;65;65;66;66;68;74;79,4;NA;NA;NA;NA;NA;NA;NA;NA;NA;NA;NA;NA;NA
2023-08-20;"0-60";0;0;0;0;0;0;0;0;0;0;0;0;12;12;12;12;12;12;12;12;13;16;16,2;17,3;0,987765345464475;0,999970547980559;0,999775160838072;0,998540296102436;0,988112695872224;0,90833743544032;0,851365129577804;0,753386608125293;0,603717027471047;0,331164974621172;0,166368088300752;NA;NA
2023-08-20;"60+";3;3;3;3;3;3;3;3;3;3;3;4;52;52;52;52;52;52;52;52;52;52;52;55;0,999999614969827;0,999999999999751;0,99999999996597;0,999999997463764;0,999999686122672;0,999961732069602;0,99986586263992;0,999427716888075;0,996605567895604;0,95705183115943;0,667217366014108;NA;NA
2023-08-20;"alle";3;3;3;3;3;3;3;3;3;3;3;4;64;64;64;64;64;64;64;65;65;70;72;77,2;NA;NA;NA;NA;NA;NA;NA;NA;NA;NA;NA;NA;NA
2023-08-19;"0-60";3;3;3;3;3;3;3;3;3;4;5;8;12;12;12;12;12;12;12;12;13;16;16,2;22,6;0,995129659487953;0,999992505821698;0,999934601521658;0,999519798370673;0,995714086764738;0,962034571784082;0,935369696702206;0,883480356396269;0,792374905586172;0,565073962609237;0,364916030930814;NA;NA
2023-08-19;"60+";8;8;8;8;8;8;8;8;8;8;8;9;51;51;51;51;51;51;51;51;51;51;51;53;0,999999976615793;0,999999999999999;0,999999999999658;0,999999999939978;0,999999981163264;0,999994779753599;0,999978359987381;0,999881486335983;0,999082351089341;0,986726448150002;0,862733827164862;NA;NA
2023-08-19;"alle";11;11;11;11;11;11;11;11;12;12;15;19;63;63;63;63;63;63;63;64;64;69;70;75,1;NA;NA;NA;NA;NA;NA;NA;NA;NA;NA;NA;NA;NA
2023-08-18;"0-60";3;3;3;3;3;3;3;3;3;4;6;8;10;10;10;10;10;10;10;10;10;12;12,7;17,2;0,99516598652646;0,99999595865212;0,999953924093328;0,999622642925015;0,995984799420242;0,96130788745836;0,932305062324977;0,877049317357297;0,782308628102551;0,54344093058964;0,3608498110562;3;10
2023-08-18;"60+";6;6;6;6;6;6;6;6;6;6;6;7;50;50;50;50;50;50;50;50;50;50;50;52;0,999999996533056;1;0,999999999999992;0,999999999996871;0,99999999727232;0,999998235590546;0,999991193384696;0,999942502907728;0,999463722587029;0,990105607415653;0,88195599286015;6;50
2023-08-18;"alle";9;9;9;9;9;9;9;9;10;10;13;16;60;60;60;60;60;60;60;60;61;62;64;67;NA;NA;NA;NA;NA;NA;NA;NA;NA;NA;NA;9;60
2023-08-17;"0-60";1;1;1;1;1;1;1;1;1;1;1;1;9;9;9;9;9;9;9;9;9;9;9;9;1;1;1;1;1;1;1;1;1;1;1;1;9
2023-08-17;"60+";10;10;10;10;10;10;10;10;10;10;10;10;51;51;51;51;51;51;51;51;51;51;51;51;1;1;1;1;1;1;1;1;1;1;1;10;51
2023-08-17;"alle";11;11;11;11;11;11;11;11;11;11;11;11;60;60;60;60;60;60;60;60;60;60;60;60;1;1;1;1;1;1;1;1;1;1;1;11;60
2023-08-16;"0-60";3;3;3;3;3;3;3;3;3;3;3;3;13;13;13;13;13;13;13;13;13;13;13;13;1;1;1;1;1;1;1;1;1;1;1;3;13
2023-08-16;"60+";10;10;10;10;10;10;10;10;10;10;10;10;47;47;47;47;47;47;47;47;47;47;47;47;1;1;1;1;1;1;1;1;1;1;1;10;47
2023-08-16;"alle";13;13;13;13;13;13;13;13;13;13;13;13;60;60;60;60;60;60;60;60;60;60;60;60;1;1;1;1;1;1;1;1;1;1;1;13;60
2023-08-15;"0-60";2;2;2;2;2;2;2;2;2;2;2;2;12;12;12;12;12;12;12;12;12;12;12;12;1;1;1;1;1;1;1;1;1;1;1;2;12
2023-08-15;"60+";13;13;13;13;13;13;13;13;13;13;13;13;47;47;47;47;47;47;47;47;47;47;47;47;1;1;1;1;1;1;1;1;1;1;1;13;47
2023-08-15;"alle";15;15;15;15;15;15;15;15;15;15;15;15;59;59;59;59;59;59;59;59;59;59;59;59;1;1;1;1;1;1;1;1;1;1;1;15;59
2023-08-14;"0-60";0;0;0;0;0;0;0;0;0;0;0;0;11;11;11;11;11;11;11;11;11;11;11;11;1;1;1;1;1;1;1;1;1;1;1;0;11
2023-08-14;"60+";2;2;2;2;2;2;2;2;2;2;2;2;45;45;45;45;45;45;45;45;45;45;45;45;1;1;1;1;1;1;1;1;1;1;1;2;45
2023-08-14;"alle";2;2;2;2;2;2;2;2;2;2;2;2;56;56;56;56;56;56;56;56;56;56;56;56;1;1;1;1;1;1;1;1;1;1;1;2;56
2023-08-13;"0-60";0;0;0;0;0;0;0;0;0;0;0;0;12;12;12;12;12;12;12;12;12;12;12;12;1;1;1;1;1;1;1;1;1;1;1;0;12
2023-08-13;"60+";2;2;2;2;2;2;2;2;2;2;2;2;43;43;43;43;43;43;43;43;43;43;43;43;1;1;1;1;1;1;1;1;1;1;1;2;43
2023-08-13;"alle";2;2;2;2;2;2;2;2;2;2;2;2;55;55;55;55;55;55;55;55;55;55;55;55;1;1;1;1;1;1;1;1;1;1;1;2;55
2023-08-12;"0-60";1;1;1;1;1;1;1;1;1;1;1;1;12;12;12;12;12;12;12;12;12;12;12;12;1;1;1;1;1;1;1;1;1;1;1;1;12
2023-08-12;"60+";7;7;7;7;7;7;7;7;7;7;7;7;43;43;43;43;43;43;43;43;43;43;43;43;1;1;1;1;1;1;1;1;1;1;1;7;43
2023-08-12;"alle";8;8;8;8;8;8;8;8;8;8;8;8;55;55;55;55;55;55;55;55;55;55;55;55;1;1;1;1;1;1;1;1;1;1;1;8;55
2023-08-11;"0-60";2;2;2;2;2;2;2;2;2;2;2;2;12;12;12;12;12;12;12;12;12;12;12;12;1;1;1;1;1;1;1;1;1;1;1;2;12
2023-08-11;"60+";7;7;7;7;7;7;7;7;7;7;7;7;41;41;41;41;41;41;41;41;41;41;41;41;1;1;1;1;1;1;1;1;1;1;1;7;41
2023-08-11;"alle";9;9;9;9;9;9;9;9;9;9;9;9;53;53;53;53;53;53;53;53;53;53;53;53;1;1;1;1;1;1;1;1;1;1;1;9;53
2023-08-10;"0-60";5;5;5;5;5;5;5;5;5;5;5;5;10;10;10;10;10;10;10;10;10;10;10;10;1;1;1;1;1;1;1;1;1;1;1;5;10
2023-08-10;"60+";6;6;6;6;6;6;6;6;6;6;6;6;37;37;37;37;37;37;37;37;37;37;37;37;1;1;1;1;1;1;1;1;1;1;1;6;37
2023-08-10;"alle";11;11;11;11;11;11;11;11;11;11;11;11;47;47;47;47;47;47;47;47;47;47;47;47;1;1;1;1;1;1;1;1;1;1;1;11;47
2023-08-09;"0-60";2;2;2;2;2;2;2;2;2;2;2;2;8;8;8;8;8;8;8;8;8;8;8;8;1;1;1;1;1;1;1;1;1;1;1;2;8
2023-08-09;"60+";10;10;10;10;10;10;10;10;10;10;10;10;34;34;34;34;34;34;34;34;34;34;34;34;1;1;1;1;1;1;1;1;1;1;1;10;34
2023-08-09;"alle";12;12;12;12;12;12;12;12;12;12;12;12;42;42;42;42;42;42;42;42;42;42;42;42;1;1;1;1;1;1;1;1;1;1;1;12;42
2023-08-08;"0-60";1;1;1;1;1;1;1;1;1;1;1;1;8;8;8;8;8;8;8;8;8;8;8;8;1;1;1;1;1;1;1;1;1;1;1;1;8
2023-08-08;"60+";11;11;11;11;11;11;11;11;11;11;11;11;35;35;35;35;35;35;35;35;35;35;35;35;1;1;1;1;1;1;1;1;1;1;1;11;35
2023-08-08;"alle";12;12;12;12;12;12;12;12;12;12;12;12;43;43;43;43;43;43;43;43;43;43;43;43;1;1;1;1;1;1;1;1;1;1;1;12;43
2023-08-07;"0-60";1;1;1;1;1;1;1;1;1;1;1;1;11;11;11;11;11;11;11;11;11;11;11;11;1;1;1;1;1;1;1;1;1;1;1;1;11
2023-08-07;"60+";0;0;0;0;0;0;0;0;0;0;0;0;34;34;34;34;34;34;34;34;34;34;34;34;1;1;1;1;1;1;1;1;1;1;1;0;34
2023-08-07;"alle";1;1;1;1;1;1;1;1;1;1;1;1;45;45;45;45;45;45;45;45;45;45;45;45;1;1;1;1;1;1;1;1;1;1;1;1;45
2023-08-06;"0-60";0;0;0;0;0;0;0;0;0;0;0;0;12;12;12;12;12;12;12;12;12;12;12;12;1;1;1;1;1;1;1;1;1;1;1;0;12
2023-08-06;"60+";2;2;2;2;2;2;2;2;2;2;2;2;35;35;35;35;35;35;35;35;35;35;35;35;1;1;1;1;1;1;1;1;1;1;1;2;35
2023-08-06;"alle";2;2;2;2;2;2;2;2;2;2;2;2;47;47;47;47;47;47;47;47;47;47;47;47;1;1;1;1;1;1;1;1;1;1;1;2;47
2023-08-05;"0-60";1;1;1;1;1;1;1;1;1;1;1;1;15;15;15;15;15;15;15;15;15;15;15;15;1;1;1;1;1;1;1;1;1;1;1;1;15
2023-08-05;"60+";5;5;5;5;5;5;5;5;5;5;5;5;36;36;36;36;36;36;36;36;36;36;36;36;1;1;1;1;1;1;1;1;1;1;1;5;36
2023-08-05;"alle";6;6;6;6;6;6;6;6;6;6;6;6;51;51;51;51;51;51;51;51;51;51;51;51;1;1;1;1;1;1;1;1;1;1;1;6;51
2023-08-04;"0-60";0;0;0;0;0;0;0;0;0;0;0;0;14;14;14;14;14;14;14;14;14;14;14;14;1;1;1;1;1;1;1;1;1;1;1;0;14
2023-08-04;"60+";3;3;3;3;3;3;3;3;3;3;3;3;31;31;31;31;31;31;31;31;31;31;31;31;1;1;1;1;1;1;1;1;1;1;1;3;31
2023-08-04;"alle";3;3;3;3;3;3;3;3;3;3;3;3;45;45;45;45;45;45;45;45;45;45;45;45;1;1;1;1;1;1;1;1;1;1;1;3;45
2023-08-03;"0-60";3;3;3;3;3;3;3;3;3;3;3;3;16;16;16;16;16;16;16;16;16;16;16;16;1;1;1;1;1;1;1;1;1;1;1;3;16
2023-08-03;"60+";3;3;3;3;3;3;3;3;3;3;3;3;28;28;28;28;28;28;28;28;28;28;28;28;1;1;1;1;1;1;1;1;1;1;1;3;28
2023-08-03;"alle";6;6;6;6;6;6;6;6;6;6;6;6;44;44;44;44;44;44;44;44;44;44;44;44;1;1;1;1;1;1;1;1;1;1;1;6;44
2023-08-02;"0-60";2;2;2;2;2;2;2;2;2;2;2;2;13;13;13;13;13;13;13;13;13;13;13;13;1;1;1;1;1;1;1;1;1;1;1;2;13
2023-08-02;"60+";11;11;11;11;11;11;11;11;11;11;11;11;26;26;26;26;26;26;26;26;26;26;26;26;1;1;1;1;1;1;1;1;1;1;1;11;26
2023-08-02;"alle";13;13;13;13;13;13;13;13;13;13;13;13;39;39;39;39;39;39;39;39;39;39;39;39;1;1;1;1;1;1;1;1;1;1;1;13;39
2023-08-01;"0-60";4;4;4;4;4;4;4;4;4;4;4;4;12;12;12;12;12;12;12;12;12;12;12;12;1;1;1;1;1;1;1;1;1;1;1;4;12
2023-08-01;"60+";10;10;10;10;10;10;10;10;10;10;10;10;21;21;21;21;21;21;21;21;21;21;21;21;1;1;1;1;1;1;1;1;1;1;1;10;21
2023-08-01;"alle";14;14;14;14;14;14;14;14;14;14;14;14;33;33;33;33;33;33;33;33;33;33;33;33;1;1;1;1;1;1;1;1;1;1;1;14;33
2023-07-31;"0-60";2;2;2;2;2;2;2;2;2;2;2;2;9;9;9;9;9;9;9;9;9;9;9;9;1;1;1;1;1;1;1;1;1;1;1;2;9
2023-07-31;"60+";1;1;1;1;1;1;1;1;1;1;1;1;15;15;15;15;15;15;15;15;15;15;15;15;1;1;1;1;1;1;1;1;1;1;1;1;15
2023-07-31;"alle";3;3;3;3;3;3;3;3;3;3;3;3;24;24;24;24;24;24;24;24;24;24;24;24;NA;NA;NA;NA;NA;NA;NA;NA;NA;NA;NA;3;24
2023-07-30;"0-60";3;3;3;3;3;3;3;3;3;3;3;3;7;7;7;7;7;7;7;7;7;7;7;7;1;1;1;1;1;1;1;1;1;1;1;3;7
2023-07-30;"60+";3;3;3;3;3;3;3;3;3;3;3;3;14;14;14;14;14;14;14;14;14;14;14;14;1;1;1;1;1;1;1;1;1;1;1;3;14
2023-07-30;"alle";6;6;6;6;6;6;6;6;6;6;6;6;21;21;21;21;21;21;21;21;21;21;21;21;NA;NA;NA;NA;NA;NA;NA;NA;NA;NA;NA;6;21
2023-07-29;"0-60";0;0;0;0;0;0;0;0;0;0;0;0;4;4;4;4;4;4;4;4;4;4;4;4;1;1;1;1;1;1;1;1;1;1;1;0;4
2023-07-29;"60+";0;0;0;0;0;0;0;0;0;0;0;0;13;13;13;13;13;13;13;13;13;13;13;13;1;1;1;1;1;1;1;1;1;1;1;0;13
2023-07-29;"alle";0;0;0;0;0;0;0;0;0;0;0;0;17;17;17;17;17;17;17;17;17;17;17;17;NA;NA;NA;NA;NA;NA;NA;NA;NA;NA;NA;0;17
2023-07-28;"0-60";2;2;2;2;2;2;2;2;2;2;2;2;4;4;4;4;4;4;4;4;4;4;4;4;1;1;1;1;1;1;1;1;1;1;1;2;4
2023-07-28;"60+";0;0;0;0;0;0;0;0;0;0;0;0;16;16;16;16;16;16;16;16;16;16;16;16;1;1;1;1;1;1;1;1;1;1;1;0;16
2023-07-28;"alle";2;2;2;2;2;2;2;2;2;2;2;2;20;20;20;20;20;20;20;20;20;20;20;20;NA;NA;NA;NA;NA;NA;NA;NA;NA;NA;NA;2;20
2023-07-27;"0-60";0;0;0;0;0;0;0;0;0;0;0;0;4;4;4;4;4;4;4;4;4;4;4;4;1;1;1;1;1;1;1;1;1;1;1;0;4
2023-07-27;"60+";1;1;1;1;1;1;1;1;1;1;1;1;19;19;19;19;19;19;19;19;19;19;19;19;1;1;1;1;1;1;1;1;1;1;1;1;19
2023-07-27;"alle";1;1;1;1;1;1;1;1;1;1;1;1;23;23;23;23;23;23;23;23;23;23;23;23;NA;NA;NA;NA;NA;NA;NA;NA;NA;NA;NA;1;23
2023-07-26;"0-60";1;1;1;1;1;1;1;1;1;1;1;1;4;4;4;4;4;4;4;4;4;4;4;4;1;1;1;1;1;1;1;1;1;1;1;1;4
2023-07-26;"60+";6;6;6;6;6;6;6;6;6;6;6;6;19;19;19;19;19;19;19;19;19;19;19;19;1;1;1;1;1;1;1;1;1;1;1;6;19
2023-07-26;"alle";7;7;7;7;7;7;7;7;7;7;7;7;23;23;23;23;23;23;23;23;23;23;23;23;NA;NA;NA;NA;NA;NA;NA;NA;NA;NA;NA;7;23
2023-07-25;"0-60";1;1;1;1;1;1;1;1;1;1;1;1;4;4;4;4;4;4;4;4;4;4;4;4;1;1;1;1;1;1;1;1;1;1;1;1;4
2023-07-25;"60+";4;4;4;4;4;4;4;4;4;4;4;4;15;15;15;15;15;15;15;15;15;15;15;15;1;1;1;1;1;1;1;1;1;1;1;4;15
2023-07-25;"alle";5;5;5;5;5;5;5;5;5;5;5;5;19;19;19;19;19;19;19;19;19;19;19;19;NA;NA;NA;NA;NA;NA;NA;NA;NA;NA;NA;5;19
2023-07-24;"0-60";0;0;0;0;0;0;0;0;0;0;0;0;4;4;4;4;4;4;4;4;4;4;4;4;1;1;1;1;1;1;1;1;1;1;1;0;4
2023-07-24;"60+";0;0;0;0;0;0;0;0;0;0;0;0;14;14;14;14;14;14;14;14;14;14;14;14;1;1;1;1;1;1;1;1;1;1;1;0;14
2023-07-24;"alle";0;0;0;0;0;0;0;0;0;0;0;0;18;18;18;18;18;18;18;18;18;18;18;18;NA;NA;NA;NA;NA;NA;NA;NA;NA;NA;NA;0;18
2023-07-23;"0-60";0;0;0;0;0;0;0;0;0;0;0;0;4;4;4;4;4;4;4;4;4;4;4;4;1;1;1;1;1;1;1;1;1;1;1;0;4
2023-07-23;"60+";2;2;2;2;2;2;2;2;2;2;2;2;14;14;14;14;14;14;14;14;14;14;14;14;1;1;1;1;1;1;1;1;1;1;1;2;14
2023-07-23;"alle";2;2;2;2;2;2;2;2;2;2;2;2;18;18;18;18;18;18;18;18;18;18;18;18;NA;NA;NA;NA;NA;NA;NA;NA;NA;NA;NA;2;18
2023-07-22;"0-60";0;0;0;0;0;0;0;0;0;0;0;0;4;4;4;4;4;4;4;4;4;4;4;4;1;1;1;1;1;1;1;1;1;1;1;0;4
2023-07-22;"60+";3;3;3;3;3;3;3;3;3;3;3;3;13;13;13;13;13;13;13;13;13;13;13;13;1;1;1;1;1;1;1;1;1;1;1;3;13
2023-07-22;"alle";3;3;3;3;3;3;3;3;3;3;3;3;17;17;17;17;17;17;17;17;17;17;17;17;NA;NA;NA;NA;NA;NA;NA;NA;NA;NA;NA;3;17
2023-07-21;"0-60";2;2;2;2;2;2;2;2;2;2;2;2;5;5;5;5;5;5;5;5;5;5;5;5;1;1;1;1;1;1;1;1;1;1;1;2;5
2023-07-21;"60+";3;3;3;3;3;3;3;3;3;3;3;3;14;14;14;14;14;14;14;14;14;14;14;14;1;1;1;1;1;1;1;1;1;1;1;3;14
2023-07-21;"alle";5;5;5;5;5;5;5;5;5;5;5;5;19;19;19;19;19;19;19;19;19;19;19;19;NA;NA;NA;NA;NA;NA;NA;NA;NA;NA;NA;5;19
2023-07-20;"0-60";0;0;0;0;0;0;0;0;0;0;0;0;3;3;3;3;3;3;3;3;3;3;3;3;1;1;1;1;1;1;1;1;1;1;1;0;3
2023-07-20;"60+";1;1;1;1;1;1;1;1;1;1;1;1;13;13;13;13;13;13;13;13;13;13;13;13;1;1;1;1;1;1;1;1;1;1;1;1;13
2023-07-20;"alle";1;1;1;1;1;1;1;1;1;1;1;1;16;16;16;16;16;16;16;16;16;16;16;16;NA;NA;NA;NA;NA;NA;NA;NA;NA;NA;NA;1;16
2023-07-19;"0-60";1;1;1;1;1;1;1;1;1;1;1;1;5;5;5;5;5;5;5;5;5;5;5;5;1;1;1;1;1;1;1;1;1;1;1;1;5
2023-07-19;"60+";2;2;2;2;2;2;2;2;2;2;2;2;13;13;13;13;13;13;13;13;13;13;13;13;1;1;1;1;1;1;1;1;1;1;1;2;13
2023-07-19;"alle";3;3;3;3;3;3;3;3;3;3;3;3;18;18;18;18;18;18;18;18;18;18;18;18;NA;NA;NA;NA;NA;NA;NA;NA;NA;NA;NA;3;18
2023-07-18;"0-60";1;1;1;1;1;1;1;1;1;1;1;1;6;6;6;6;6;6;6;6;6;6;6;6;1;1;1;1;1;1;1;1;1;1;1;1;6
2023-07-18;"60+";3;3;3;3;3;3;3;3;3;3;3;3;15;15;15;15;15;15;15;15;15;15;15;15;1;1;1;1;1;1;1;1;1;1;1;3;15
2023-07-18;"alle";4;4;4;4;4;4;4;4;4;4;4;4;21;21;21;21;21;21;21;21;21;21;21;21;NA;NA;NA;NA;NA;NA;NA;NA;NA;NA;NA;4;21
2023-07-17;"0-60";0;0;0;0;0;0;0;0;0;0;0;0;7;7;7;7;7;7;7;7;7;7;7;7;1;1;1;1;1;1;1;1;1;1;1;0;7
2023-07-17;"60+";0;0;0;0;0;0;0;0;0;0;0;0;16;16;16;16;16;16;16;16;16;16;16;16;1;1;1;1;1;1;1;1;1;1;1;0;16
2023-07-17;"alle";0;0;0;0;0;0;0;0;0;0;0;0;23;23;23;23;23;23;23;23;23;23;23;23;NA;NA;NA;NA;NA;NA;NA;NA;NA;NA;NA;0;23
2023-07-16;"0-60";0;0;0;0;0;0;0;0;0;0;0;0;7;7;7;7;7;7;7;7;7;7;7;7;1;1;1;1;1;1;1;1;1;1;1;0;7
2023-07-16;"60+";1;1;1;1;1;1;1;1;1;1;1;1;16;16;16;16;16;16;16;16;16;16;16;16;1;1;1;1;1;1;1;1;1;1;1;1;16
2023-07-16;"alle";1;1;1;1;1;1;1;1;1;1;1;1;23;23;23;23;23;23;23;23;23;23;23;23;NA;NA;NA;NA;NA;NA;NA;NA;NA;NA;NA;1;23
2023-07-15;"0-60";1;1;1;1;1;1;1;1;1;1;1;1;7;7;7;7;7;7;7;7;7;7;7;7;1;1;1;1;1;1;1;1;1;1;1;1;7
2023-07-15;"60+";4;4;4;4;4;4;4;4;4;4;4;4;15;15;15;15;15;15;15;15;15;15;15;15;1;1;1;1;1;1;1;1;1;1;1;4;15
2023-07-15;"alle";5;5;5;5;5;5;5;5;5;5;5;5;22;22;22;22;22;22;22;22;22;22;22;22;NA;NA;NA;NA;NA;NA;NA;NA;NA;NA;NA;5;22
2023-07-14;"0-60";0;0;0;0;0;0;0;0;0;0;0;0;6;6;6;6;6;6;6;6;6;6;6;6;1;1;1;1;1;1;1;1;1;1;1;0;6
2023-07-14;"60+";2;2;2;2;2;2;2;2;2;2;2;2;11;11;11;11;11;11;11;11;11;11;11;11;1;1;1;1;1;1;1;1;1;1;1;2;11
2023-07-14;"alle";2;2;2;2;2;2;2;2;2;2;2;2;17;17;17;17;17;17;17;17;17;17;17;17;NA;NA;NA;NA;NA;NA;NA;NA;NA;NA;NA;2;17
2023-07-13;"0-60";2;2;2;2;2;2;2;2;2;2;2;2;7;7;7;7;7;7;7;7;7;7;7;7;1;1;1;1;1;1;1;1;1;1;1;2;7
2023-07-13;"60+";1;1;1;1;1;1;1;1;1;1;1;1;10;10;10;10;10;10;10;10;10;10;10;10;1;1;1;1;1;1;1;1;1;1;1;1;10
2023-07-13;"alle";3;3;3;3;3;3;3;3;3;3;3;3;17;17;17;17;17;17;17;17;17;17;17;17;NA;NA;NA;NA;NA;NA;NA;NA;NA;NA;NA;3;17
2023-07-12;"0-60";2;2;2;2;2;2;2;2;2;2;2;2;6;6;6;6;6;6;6;6;6;6;6;6;1;1;1;1;1;1;1;1;1;1;1;2;6
2023-07-12;"60+";4;4;4;4;4;4;4;4;4;4;4;4;14;14;14;14;14;14;14;14;14;14;14;14;1;1;1;1;1;1;1;1;1;1;1;4;13
2023-07-12;"alle";6;6;6;6;6;6;6;6;6;6;6;6;20;20;20;20;20;20;20;20;20;20;20;20;NA;NA;NA;NA;NA;NA;NA;NA;NA;NA;NA;6;19
2023-07-11;"0-60";2;2;2;2;2;2;2;2;2;2;2;2;7;7;7;7;7;7;7;7;7;7;7;7;1;1;1;1;1;1;1;1;1;1;1;2;7
2023-07-11;"60+";4;4;4;4;4;4;4;4;4;4;4;4;11;11;11;11;11;11;11;11;11;11;11;11;1;1;1;1;1;1;1;1;1;1;1;4;10
2023-07-11;"alle";6;6;6;6;6;6;6;6;6;6;6;6;18;18;18;18;18;18;18;18;18;18;18;18;NA;NA;NA;NA;NA;NA;NA;NA;NA;NA;NA;6;17
2023-07-10;"0-60";0;0;0;0;0;0;0;0;0;0;0;0;6;6;6;6;6;6;6;6;6;6;6;6;1;1;1;1;1;1;1;1;1;1;1;0;6
2023-07-10;"60+";0;0;0;0;0;0;0;0;0;0;0;0;10;10;10;10;10;10;10;10;10;10;10;10;1;1;1;1;1;1;1;1;1;1;1;0;8
2023-07-10;"alle";0;0;0;0;0;0;0;0;0;0;0;0;16;16;16;16;16;16;16;16;16;16;16;16;NA;NA;NA;NA;NA;NA;NA;NA;NA;NA;NA;0;14
2023-07-09;"0-60";0;0;0;0;0;0;0;0;0;0;0;0;6;6;6;6;6;6;6;6;6;6;6;6;1;1;1;1;1;1;1;1;1;1;1;0;6
2023-07-09;"60+";0;0;0;0;0;0;0;0;0;0;0;0;10;10;10;10;10;10;10;10;10;10;10;10;1;1;1;1;1;1;1;1;1;1;1;0;8
2023-07-09;"alle";0;0;0;0;0;0;0;0;0;0;0;0;16;16;16;16;16;16;16;16;16;16;16;16;NA;NA;NA;NA;NA;NA;NA;NA;NA;NA;NA;0;14
2023-07-08;"0-60";0;0;0;0;0;0;0;0;0;0;0;0;6;6;6;6;6;6;6;6;6;6;6;6;1;1;1;1;1;1;1;1;1;1;1;0;6
2023-07-08;"60+";0;0;0;0;0;0;0;0;0;0;0;0;10;10;10;10;10;10;10;10;10;10;10;10;1;1;1;1;1;1;1;1;1;1;1;0;8
2023-07-08;"alle";0;0;0;0;0;0;0;0;0;0;0;0;16;16;16;16;16;16;16;16;16;16;16;16;NA;NA;NA;NA;NA;NA;NA;NA;NA;NA;NA;0;14
2023-07-07;"0-60";1;1;1;1;1;1;1;1;1;1;1;1;6;6;6;6;6;6;6;6;6;6;6;6;1;1;1;1;1;1;1;1;1;1;1;1;6
2023-07-07;"60+";1;1;1;1;1;1;1;1;1;1;1;1;13;13;13;13;13;13;13;13;13;13;13;13;1;1;1;1;1;1;1;1;1;1;1;1;11
2023-07-07;"alle";2;2;2;2;2;2;2;2;2;2;2;2;19;19;19;19;19;19;19;19;19;19;19;19;NA;NA;NA;NA;NA;NA;NA;NA;NA;NA;NA;2;17
2023-07-06;"0-60";1;1;1;1;1;1;1;1;1;1;1;1;5;5;5;5;5;5;5;5;5;5;5;5;1;1;1;1;1;1;1;1;1;1;1;1;5
2023-07-06;"60+";5;5;5;5;5;5;5;5;5;5;5;5;16;16;16;16;16;16;16;16;16;16;16;16;1;1;1;1;1;1;1;1;1;1;1;4;14
2023-07-06;"alle";6;6;6;6;6;6;6;6;6;6;6;6;21;21;21;21;21;21;21;21;21;21;21;21;NA;NA;NA;NA;NA;NA;NA;NA;NA;NA;NA;5;19
2023-07-05;"0-60";3;3;3;3;3;3;3;3;3;3;3;3;6;6;6;6;6;6;6;6;6;6;6;6;1;1;1;1;1;1;1;1;1;1;1;3;6
2023-07-05;"60+";1;1;1;1;1;1;1;1;1;1;1;1;14;14;14;14;14;14;14;14;14;14;14;14;1;1;1;1;1;1;1;1;1;1;1;1;13
2023-07-05;"alle";4;4;4;4;4;4;4;4;4;4;4;4;20;20;20;20;20;20;20;20;20;20;20;20;NA;NA;NA;NA;NA;NA;NA;NA;NA;NA;NA;4;19
2023-07-04;"0-60";1;1;1;1;1;1;1;1;1;1;1;1;3;3;3;3;3;3;3;3;3;3;3;3;1;1;1;1;1;1;1;1;1;1;1;1;3
2023-07-04;"60+";3;3;3;3;3;3;3;3;3;3;3;3;19;19;19;19;19;19;19;19;19;19;19;19;1;1;1;1;1;1;1;1;1;1;1;2;18
2023-07-04;"alle";4;4;4;4;4;4;4;4;4;4;4;4;22;22;22;22;22;22;22;22;22;22;22;22;NA;NA;NA;NA;NA;NA;NA;NA;NA;NA;NA;3;21
2023-07-03;"0-60";0;0;0;0;0;0;0;0;0;0;0;0;4;4;4;4;4;4;4;4;4;4;4;4;1;1;1;1;1;1;1;1;1;1;1;0;4
2023-07-03;"60+";0;0;0;0;0;0;0;0;0;0;0;0;19;19;19;19;19;19;19;19;19;19;19;19;1;1;1;1;1;1;1;1;1;1;1;0;19
2023-07-03;"alle";0;0;0;0;0;0;0;0;0;0;0;0;23;23;23;23;23;23;23;23;23;23;23;23;NA;NA;NA;NA;NA;NA;NA;NA;NA;NA;NA;0;23
2023-07-02;"0-60";0;0;0;0;0;0;0;0;0;0;0;0;4;4;4;4;4;4;4;4;4;4;4;4;1;1;1;1;1;1;1;1;1;1;1;0;4
2023-07-02;"60+";0;0;0;0;0;0;0;0;0;0;0;0;20;20;20;20;20;20;20;20;20;20;20;20;1;1;1;1;1;1;1;1;1;1;1;0;20
2023-07-02;"alle";0;0;0;0;0;0;0;0;0;0;0;0;24;24;24;24;24;24;24;24;24;24;24;24;NA;NA;NA;NA;NA;NA;NA;NA;NA;NA;NA;0;24
2023-07-01;"0-60";0;0;0;0;0;0;0;0;0;0;0;0;4;4;4;4;4;4;4;4;4;4;4;4;1;1;1;1;1;1;1;1;1;1;1;0;4
2023-07-01;"60+";3;3;3;3;3;3;3;3;3;3;3;3;20;20;20;20;20;20;20;20;20;20;20;20;1;1;1;1;1;1;1;1;1;1;1;3;20
2023-07-01;"alle";3;3;3;3;3;3;3;3;3;3;3;3;24;24;24;24;24;24;24;24;24;24;24;24;NA;NA;NA;NA;NA;NA;NA;NA;NA;NA;NA;3;24
2023-06-30;"0-60";0;0;0;0;0;0;0;0;0;0;0;0;5;5;5;5;5;5;5;5;5;5;5;5;1;1;1;1;1;1;1;1;1;1;1;0;5
2023-06-30;"60+";4;4;4;4;4;4;4;4;4;4;4;4;18;18;18;18;18;18;18;18;18;18;18;18;1;1;1;1;1;1;1;1;1;1;1;4;18
2023-06-30;"alle";4;4;4;4;4;4;4;4;4;4;4;4;23;23;23;23;23;23;23;23;23;23;23;23;NA;NA;NA;NA;NA;NA;NA;NA;NA;NA;NA;4;23
2023-06-29;"0-60";2;2;2;2;2;2;2;2;2;2;2;2;5;5;5;5;5;5;5;5;5;5;5;5;1;1;1;1;1;1;1;1;1;1;1;2;5
2023-06-29;"60+";3;3;3;3;3;3;3;3;3;3;3;3;17;17;17;17;17;17;17;17;17;17;17;17;1;1;1;1;1;1;1;1;1;1;1;3;17
2023-06-29;"alle";5;5;5;5;5;5;5;5;5;5;5;5;22;22;22;22;22;22;22;22;22;22;22;22;NA;NA;NA;NA;NA;NA;NA;NA;NA;NA;NA;5;22
2023-06-28;"0-60";0;0;0;0;0;0;0;0;0;0;0;0;4;4;4;4;4;4;4;4;4;4;4;4;1;1;1;1;1;1;1;1;1;1;1;0;4
2023-06-28;"60+";6;6;6;6;6;6;6;6;6;6;6;6;20;20;20;20;20;20;20;20;20;20;20;20;1;1;1;1;1;1;1;1;1;1;1;6;20
2023-06-28;"alle";6;6;6;6;6;6;6;6;6;6;6;6;24;24;24;24;24;24;24;24;24;24;24;24;NA;NA;NA;NA;NA;NA;NA;NA;NA;NA;NA;6;24
2023-06-27;"0-60";2;2;2;2;2;2;2;2;2;2;2;2;4;4;4;4;4;4;4;4;4;4;4;4;1;1;1;1;1;1;1;1;1;1;1;2;4
2023-06-27;"60+";3;3;3;3;3;3;3;3;3;3;3;3;21;21;21;21;21;21;21;21;21;21;21;21;1;1;1;1;1;1;1;1;1;1;1;3;21
2023-06-27;"alle";5;5;5;5;5;5;5;5;5;5;5;5;25;25;25;25;25;25;25;25;25;25;25;25;NA;NA;NA;NA;NA;NA;NA;NA;NA;NA;NA;5;25
2023-06-26;"0-60";0;0;0;0;0;0;0;0;0;0;0;0;4;4;4;4;4;4;4;4;4;4;4;4;1;1;1;1;1;1;1;1;1;1;1;0;4
2023-06-26;"60+";1;1;1;1;1;1;1;1;1;1;1;1;23;23;23;23;23;23;23;23;23;23;23;23;1;1;1;1;1;1;1;1;1;1;1;1;23
2023-06-26;"alle";1;1;1;1;1;1;1;1;1;1;1;1;27;27;27;27;27;27;27;27;27;27;27;27;NA;NA;NA;NA;NA;NA;NA;NA;NA;NA;NA;1;27
2023-06-25;"0-60";0;0;0;0;0;0;0;0;0;0;0;0;4;4;4;4;4;4;4;4;4;4;4;4;1;1;1;1;1;1;1;1;1;1;1;0;4
2023-06-25;"60+";0;0;0;0;0;0;0;0;0;0;0;0;22;22;22;22;22;22;22;22;22;22;22;22;1;1;1;1;1;1;1;1;1;1;1;0;22
2023-06-25;"alle";0;0;0;0;0;0;0;0;0;0;0;0;26;26;26;26;26;26;26;26;26;26;26;26;NA;NA;NA;NA;NA;NA;NA;NA;NA;NA;NA;0;26
2023-06-24;"0-60";1;1;1;1;1;1;1;1;1;1;1;1;4;4;4;4;4;4;4;4;4;4;4;4;1;1;1;1;1;1;1;1;1;1;1;1;4
2023-06-24;"60+";1;1;1;1;1;1;1;1;1;1;1;1;22;22;22;22;22;22;22;22;22;22;22;22;1;1;1;1;1;1;1;1;1;1;1;1;22
2023-06-24;"alle";2;2;2;2;2;2;2;2;2;2;2;2;26;26;26;26;26;26;26;26;26;26;26;26;NA;NA;NA;NA;NA;NA;NA;NA;NA;NA;NA;2;26
2023-06-23;"0-60";0;0;0;0;0;0;0;0;0;0;0;0;5;5;5;5;5;5;5;5;5;5;5;5;1;1;1;1;1;1;1;1;1;1;1;0;5
2023-06-23;"60+";3;3;3;3;3;3;3;3;3;3;3;3;23;23;23;23;23;23;23;23;23;23;23;23;1;1;1;1;1;1;1;1;1;1;1;3;23
2023-06-23;"alle";3;3;3;3;3;3;3;3;3;3;3;3;28;28;28;28;28;28;28;28;28;28;28;28;NA;NA;NA;NA;NA;NA;NA;NA;NA;NA;NA;3;28
2023-06-22;"0-60";1;1;1;1;1;1;1;1;1;1;1;1;5;5;5;5;5;5;5;5;5;5;5;5;1;1;1;1;1;1;1;1;1;1;1;1;5
2023-06-22;"60+";6;6;6;6;6;6;6;6;6;6;6;6;28;28;28;28;28;28;28;28;28;28;28;28;1;1;1;1;1;1;1;1;1;1;1;6;28
2023-06-22;"alle";7;7;7;7;7;7;7;7;7;7;7;7;33;33;33;33;33;33;33;33;33;33;33;33;NA;NA;NA;NA;NA;NA;NA;NA;NA;NA;NA;7;33
2023-06-21;"0-60";0;0;0;0;0;0;0;0;0;0;0;0;4;4;4;4;4;4;4;4;4;4;4;4;1;1;1;1;1;1;1;1;1;1;1;0;4
2023-06-21;"60+";7;7;7;7;7;7;7;7;7;7;7;7;26;26;26;26;26;26;26;26;26;26;26;26;1;1;1;1;1;1;1;1;1;1;1;7;25
2023-06-21;"alle";7;7;7;7;7;7;7;7;7;7;7;7;30;30;30;30;30;30;30;30;30;30;30;30;NA;NA;NA;NA;NA;NA;NA;NA;NA;NA;NA;7;29
2023-06-20;"0-60";2;2;2;2;2;2;2;2;2;2;2;2;6;6;6;6;6;6;6;6;6;6;6;6;1;1;1;1;1;1;1;1;1;1;1;2;6
2023-06-20;"60+";5;5;5;5;5;5;5;5;5;5;5;5;23;23;23;23;23;23;23;23;23;23;23;23;1;1;1;1;1;1;1;1;1;1;1;5;22
2023-06-20;"alle";7;7;7;7;7;7;7;7;7;7;7;7;29;29;29;29;29;29;29;29;29;29;29;29;NA;NA;NA;NA;NA;NA;NA;NA;NA;NA;NA;7;28
2023-06-19;"0-60";0;0;0;0;0;0;0;0;0;0;0;0;4;4;4;4;4;4;4;4;4;4;4;4;1;1;1;1;1;1;1;1;1;1;1;0;4
2023-06-19;"60+";0;0;0;0;0;0;0;0;0;0;0;0;32;32;32;32;32;32;32;32;32;32;32;32;1;1;1;1;1;1;1;1;1;1;1;0;31
2023-06-19;"alle";0;0;0;0;0;0;0;0;0;0;0;0;36;36;36;36;36;36;36;36;36;36;36;36;NA;NA;NA;NA;NA;NA;NA;NA;NA;NA;NA;0;35
2023-06-18;"0-60";0;0;0;0;0;0;0;0;0;0;0;0;5;5;5;5;5;5;5;5;5;5;5;5;1;1;1;1;1;1;1;1;1;1;1;0;5
2023-06-18;"60+";0;0;0;0;0;0;0;0;0;0;0;0;35;35;35;35;35;35;35;35;35;35;35;35;1;1;1;1;1;1;1;1;1;1;1;0;34
2023-06-18;"alle";0;0;0;0;0;0;0;0;0;0;0;0;40;40;40;40;40;40;40;40;40;40;40;40;NA;NA;NA;NA;NA;NA;NA;NA;NA;NA;NA;0;39
2023-06-17;"0-60";2;2;2;2;2;2;2;2;2;2;2;2;5;5;5;5;5;5;5;5;5;5;5;5;1;1;1;1;1;1;1;1;1;1;1;2;5
2023-06-17;"60+";2;2;2;2;2;2;2;2;2;2;2;2;35;35;35;35;35;35;35;35;35;35;35;35;1;1;1;1;1;1;1;1;1;1;1;2;34
2023-06-17;"alle";4;4;4;4;4;4;4;4;4;4;4;4;40;40;40;40;40;40;40;40;40;40;40;40;NA;NA;NA;NA;NA;NA;NA;NA;NA;NA;NA;4;39
2023-06-16;"0-60";0;0;0;0;0;0;0;0;0;0;0;0;4;4;4;4;4;4;4;4;4;4;4;4;1;1;1;1;1;1;1;1;1;1;1;0;4
2023-06-16;"60+";8;8;8;8;8;8;8;8;8;8;8;8;37;37;37;37;37;37;37;37;37;37;37;37;1;1;1;1;1;1;1;1;1;1;1;8;36
2023-06-16;"alle";8;8;8;8;8;8;8;8;8;8;8;8;41;41;41;41;41;41;41;41;41;41;41;41;NA;NA;NA;NA;NA;NA;NA;NA;NA;NA;NA;8;40
2023-06-15;"0-60";0;0;0;0;0;0;0;0;0;0;0;0;5;5;5;5;5;5;5;5;5;5;5;5;1;1;1;1;1;1;1;1;1;1;1;0;5
2023-06-15;"60+";4;4;4;4;4;4;4;4;4;4;4;4;31;31;31;31;31;31;31;31;31;31;31;31;1;1;1;1;1;1;1;1;1;1;1;3;30
2023-06-15;"alle";4;4;4;4;4;4;4;4;4;4;4;4;36;36;36;36;36;36;36;36;36;36;36;36;NA;NA;NA;NA;NA;NA;NA;NA;NA;NA;NA;3;35
2023-06-14;"0-60";2;2;2;2;2;2;2;2;2;2;2;2;8;8;8;8;8;8;8;8;8;8;8;8;1;1;1;1;1;1;1;1;1;1;1;2;7
2023-06-14;"60+";4;4;4;4;4;4;4;4;4;4;4;4;34;34;34;34;34;34;34;34;34;34;34;34;1;1;1;1;1;1;1;1;1;1;1;4;33
2023-06-14;"alle";6;6;6;6;6;6;6;6;6;6;6;6;42;42;42;42;42;42;42;42;42;42;42;42;NA;NA;NA;NA;NA;NA;NA;NA;NA;NA;NA;6;40
2023-06-13;"0-60";0;0;0;0;0;0;0;0;0;0;0;0;13;13;13;13;13;13;13;13;13;13;13;13;1;1;1;1;1;1;1;1;1;1;1;0;12
2023-06-13;"60+";14;14;14;14;14;14;14;14;14;14;14;14;45;45;45;45;45;45;45;45;45;45;45;45;1;1;1;1;1;1;1;1;1;1;1;14;44
2023-06-13;"alle";14;14;14;14;14;14;14;14;14;14;14;14;58;58;58;58;58;58;58;58;58;58;58;58;NA;NA;NA;NA;NA;NA;NA;NA;NA;NA;NA;14;56
2023-06-12;"0-60";1;1;1;1;1;1;1;1;1;1;1;1;21;21;21;21;21;21;21;21;21;21;21;21;1;1;1;1;1;1;1;1;1;1;1;1;20
2023-06-12;"60+";3;3;3;3;3;3;3;3;3;3;3;3;56;56;56;56;56;56;56;56;56;56;56;56;1;1;1;1;1;1;1;1;1;1;1;3;55
2023-06-12;"alle";4;4;4;4;4;4;4;4;4;4;4;4;77;77;77;77;77;77;77;77;77;77;77;77;NA;NA;NA;NA;NA;NA;NA;NA;NA;NA;NA;4;75
2023-06-11;"0-60";0;0;0;0;0;0;0;0;0;0;0;0;20;20;20;20;20;20;20;20;20;20;20;20;1;1;1;1;1;1;1;1;1;1;1;0;19
2023-06-11;"60+";0;0;0;0;0;0;0;0;0;0;0;0;54;54;54;54;54;54;54;54;54;54;54;54;1;1;1;1;1;1;1;1;1;1;1;0;53
2023-06-11;"alle";0;0;0;0;0;0;0;0;0;0;0;0;74;74;74;74;74;74;74;74;74;74;74;74;NA;NA;NA;NA;NA;NA;NA;NA;NA;NA;NA;0;72
2023-06-10;"0-60";1;1;1;1;1;1;1;1;1;1;1;1;21;21;21;21;21;21;21;21;21;21;21;21;1;1;1;1;1;1;1;1;1;1;1;1;20
2023-06-10;"60+";4;4;4;4;4;4;4;4;4;4;4;4;55;55;55;55;55;55;55;55;55;55;55;55;1;1;1;1;1;1;1;1;1;1;1;4;54
2023-06-10;"alle";5;5;5;5;5;5;5;5;5;5;5;5;76;76;76;76;76;76;76;76;76;76;76;76;NA;NA;NA;NA;NA;NA;NA;NA;NA;NA;NA;5;74
2023-06-09;"0-60";1;1;1;1;1;1;1;1;1;1;1;1;22;22;22;22;22;22;22;22;22;22;22;22;1;1;1;1;1;1;1;1;1;1;1;1;21
2023-06-09;"60+";2;2;2;2;2;2;2;2;2;2;2;2;54;54;54;54;54;54;54;54;54;54;54;54;1;1;1;1;1;1;1;1;1;1;1;2;53
2023-06-09;"alle";3;3;3;3;3;3;3;3;3;3;3;3;76;76;76;76;76;76;76;76;76;76;76;76;NA;NA;NA;NA;NA;NA;NA;NA;NA;NA;NA;3;74
2023-06-08;"0-60";3;3;3;3;3;3;3;3;3;3;3;3;21;21;21;21;21;21;21;21;21;21;21;21;1;1;1;1;1;1;1;1;1;1;1;2;20
2023-06-08;"60+";7;7;7;7;7;7;7;7;7;7;7;7;61;61;61;61;61;61;61;61;61;61;61;61;1;1;1;1;1;1;1;1;1;1;1;6;58
2023-06-08;"alle";10;10;10;10;10;10;10;10;10;10;10;10;82;82;82;82;82;82;82;82;82;82;82;82;NA;NA;NA;NA;NA;NA;NA;NA;NA;NA;NA;8;78
2023-06-07;"0-60";7;7;7;7;7;7;7;7;7;7;7;7;18;18;18;18;18;18;18;18;18;18;18;18;1;1;1;1;1;1;1;1;1;1;1;7;18
2023-06-07;"60+";15;15;15;15;15;15;15;15;15;15;15;15;63;63;63;63;63;63;63;63;63;63;63;63;1;1;1;1;1;1;1;1;1;1;1;15;59
2023-06-07;"alle";22;22;22;22;22;22;22;22;22;22;22;22;81;81;81;81;81;81;81;81;81;81;81;81;NA;NA;NA;NA;NA;NA;NA;NA;NA;NA;NA;22;77
2023-06-06;"0-60";8;8;8;8;8;8;8;8;8;8;8;8;15;15;15;15;15;15;15;15;15;15;15;15;1;1;1;1;1;1;1;1;1;1;1;8;15
2023-06-06;"60+";25;25;25;25;25;25;25;25;25;25;25;25;72;72;72;72;72;72;72;72;72;72;72;72;1;1;1;1;1;1;1;1;1;1;1;25;67
2023-06-06;"alle";33;33;33;33;33;33;33;33;33;33;33;33;87;87;87;87;87;87;87;87;87;87;87;87;NA;NA;NA;NA;NA;NA;NA;NA;NA;NA;NA;33;82
2023-06-05;"0-60";0;0;0;0;0;0;0;0;0;0;0;0;7;7;7;7;7;7;7;7;7;7;7;7;1;1;1;1;1;1;1;1;1;1;1;0;7
2023-06-05;"60+";1;1;1;1;1;1;1;1;1;1;1;1;48;48;48;48;48;48;48;48;48;48;48;48;1;1;1;1;1;1;1;1;1;1;1;1;43
2023-06-05;"alle";1;1;1;1;1;1;1;1;1;1;1;1;55;55;55;55;55;55;55;55;55;55;55;55;NA;NA;NA;NA;NA;NA;NA;NA;NA;NA;NA;1;50
2023-06-04;"0-60";1;1;1;1;1;1;1;1;1;1;1;1;7;7;7;7;7;7;7;7;7;7;7;7;1;1;1;1;1;1;1;1;1;1;1;1;7
2023-06-04;"60+";1;1;1;1;1;1;1;1;1;1;1;1;49;49;49;49;49;49;49;49;49;49;49;49;1;1;1;1;1;1;1;1;1;1;1;1;44
2023-06-04;"alle";2;2;2;2;2;2;2;2;2;2;2;2;56;56;56;56;56;56;56;56;56;56;56;56;NA;NA;NA;NA;NA;NA;NA;NA;NA;NA;NA;2;51
2023-06-03;"0-60";2;2;2;2;2;2;2;2;2;2;2;2;7;7;7;7;7;7;7;7;7;7;7;7;1;1;1;1;1;1;1;1;1;1;1;2;7
2023-06-03;"60+";3;3;3;3;3;3;3;3;3;3;3;3;50;50;50;50;50;50;50;50;50;50;50;50;1;1;1;1;1;1;1;1;1;1;1;3;45
2023-06-03;"alle";5;5;5;5;5;5;5;5;5;5;5;5;57;57;57;57;57;57;57;57;57;57;57;57;NA;NA;NA;NA;NA;NA;NA;NA;NA;NA;NA;5;52
2023-06-02;"0-60";0;0;0;0;0;0;0;0;0;0;0;0;9;9;9;9;9;9;9;9;9;9;9;9;1;1;1;1;1;1;1;1;1;1;1;0;9
2023-06-02;"60+";9;9;9;9;9;9;9;9;9;9;9;9;60;60;60;60;60;60;60;60;60;60;60;60;1;1;1;1;1;1;1;1;1;1;1;7;55
2023-06-02;"alle";9;9;9;9;9;9;9;9;9;9;9;9;69;69;69;69;69;69;69;69;69;69;69;69;NA;NA;NA;NA;NA;NA;NA;NA;NA;NA;NA;7;64
2023-06-01;"0-60";0;0;0;0;0;0;0;0;0;0;0;0;10;10;10;10;10;10;10;10;10;10;10;10;1;1;1;1;1;1;1;1;1;1;1;0;10
2023-06-01;"60+";9;9;9;9;9;9;9;9;9;9;9;9;58;58;58;58;58;58;58;58;58;58;58;58;1;1;1;1;1;1;1;1;1;1;1;7;55
2023-06-01;"alle";9;9;9;9;9;9;9;9;9;9;9;9;68;68;68;68;68;68;68;68;68;68;68;68;NA;NA;NA;NA;NA;NA;NA;NA;NA;NA;NA;7;65
2023-05-31;"0-60";4;4;4;4;4;4;4;4;4;4;4;4;12;12;12;12;12;12;12;12;12;12;12;12;1;1;1;1;1;1;1;1;1;1;1;4;12
2023-05-31;"60+";24;24;24;24;24;24;24;24;24;24;24;24;59;59;59;59;59;59;59;59;59;59;59;59;1;1;1;1;1;1;1;1;1;1;1;23;58
2023-05-31;"alle";28;28;28;28;28;28;28;28;28;28;28;28;71;71;71;71;71;71;71;71;71;71;71;71;NA;NA;NA;NA;NA;NA;NA;NA;NA;NA;NA;27;70
2023-05-30;"0-60";0;0;0;0;0;0;0;0;0;0;0;0;13;13;13;13;13;13;13;13;13;13;13;13;1;1;1;1;1;1;1;1;1;1;1;0;13
2023-05-30;"60+";1;1;1;1;1;1;1;1;1;1;1;1;52;52;52;52;52;52;52;52;52;52;52;52;1;1;1;1;1;1;1;1;1;1;1;1;52
2023-05-30;"alle";1;1;1;1;1;1;1;1;1;1;1;1;65;65;65;65;65;65;65;65;65;65;65;65;NA;NA;NA;NA;NA;NA;NA;NA;NA;NA;NA;1;65
2023-05-29;"0-60";0;0;0;0;0;0;0;0;0;0;0;0;30;30;30;30;30;30;30;30;30;30;30;30;1;1;1;1;1;1;1;1;1;1;1;0;29
2023-05-29;"60+";2;2;2;2;2;2;2;2;2;2;2;2;94;94;94;94;94;94;94;94;94;94;94;94;1;1;1;1;1;1;1;1;1;1;1;2;94
2023-05-29;"alle";2;2;2;2;2;2;2;2;2;2;2;2;124;124;124;124;124;124;124;124;124;124;124;124;NA;NA;NA;NA;NA;NA;NA;NA;NA;NA;NA;2;123
2023-05-28;"0-60";1;1;1;1;1;1;1;1;1;1;1;1;30;30;30;30;30;30;30;30;30;30;30;30;1;1;1;1;1;1;1;1;1;1;1;1;29
2023-05-28;"60+";2;2;2;2;2;2;2;2;2;2;2;2;92;92;92;92;92;92;92;92;92;92;92;92;1;1;1;1;1;1;1;1;1;1;1;2;92
2023-05-28;"alle";3;3;3;3;3;3;3;3;3;3;3;3;122;122;122;122;122;122;122;122;122;122;122;122;NA;NA;NA;NA;NA;NA;NA;NA;NA;NA;NA;3;121
2023-05-27;"0-60";4;4;4;4;4;4;4;4;4;4;4;4;30;30;30;30;30;30;30;30;30;30;30;30;1;1;1;1;1;1;1;1;1;1;1;4;29
2023-05-27;"60+";13;13;13;13;13;13;13;13;13;13;13;13;95;95;95;95;95;95;95;95;95;95;95;95;1;1;1;1;1;1;1;1;1;1;1;13;95
2023-05-27;"alle";17;17;17;17;17;17;17;17;17;17;17;17;125;125;125;125;125;125;125;125;125;125;125;125;NA;NA;NA;NA;NA;NA;NA;NA;NA;NA;NA;17;124
2023-05-26;"0-60";1;1;1;1;1;1;1;1;1;1;1;1;27;27;27;27;27;27;27;27;27;27;27;27;1;1;1;1;1;1;1;1;1;1;1;1;26
2023-05-26;"60+";7;7;7;7;7;7;7;7;7;7;7;7;105;105;105;105;105;105;105;105;105;105;105;105;1;1;1;1;1;1;1;1;1;1;1;7;105
2023-05-26;"alle";8;8;8;8;8;8;8;8;8;8;8;8;132;132;132;132;132;132;132;132;132;132;132;132;NA;NA;NA;NA;NA;NA;NA;NA;NA;NA;NA;8;131
2023-05-25;"0-60";2;2;2;2;2;2;2;2;2;2;2;2;26;26;26;26;26;26;26;26;26;26;26;26;1;1;1;1;1;1;1;1;1;1;1;2;25
2023-05-25;"60+";10;10;10;10;10;10;10;10;10;10;10;10;98;98;98;98;98;98;98;98;98;98;98;98;1;1;1;1;1;1;1;1;1;1;1;10;98
2023-05-25;"alle";12;12;12;12;12;12;12;12;12;12;12;12;124;124;124;124;124;124;124;124;124;124;124;124;NA;NA;NA;NA;NA;NA;NA;NA;NA;NA;NA;12;123
2023-05-24;"0-60";5;5;5;5;5;5;5;5;5;5;5;5;26;26;26;26;26;26;26;26;26;26;26;26;1;1;1;1;1;1;1;1;1;1;1;5;25
2023-05-24;"60+";17;17;17;17;17;17;17;17;17;17;17;17;111;111;111;111;111;111;111;111;111;111;111;111;1;1;1;1;1;1;1;1;1;1;1;17;111
2023-05-24;"alle";22;22;22;22;22;22;22;22;22;22;22;22;137;137;137;137;137;137;137;137;137;137;137;137;NA;NA;NA;NA;NA;NA;NA;NA;NA;NA;NA;22;136
2023-05-23;"0-60";17;17;17;17;17;17;17;17;17;17;17;17;24;24;24;24;24;24;24;24;24;24;24;24;1;1;1;1;1;1;1;1;1;1;1;16;23
2023-05-23;"60+";43;43;43;43;43;43;43;43;43;43;43;43;120;120;120;120;120;120;120;120;120;120;120;120;1;1;1;1;1;1;1;1;1;1;1;43;120
2023-05-23;"alle";60;60;60;60;60;60;60;60;60;60;60;60;144;144;144;144;144;144;144;144;144;144;144;144;NA;NA;NA;NA;NA;NA;NA;NA;NA;NA;NA;59;143
2023-05-22;"0-60";0;0;0;0;0;0;0;0;0;0;0;0;17;17;17;17;17;17;17;17;17;17;17;17;1;1;1;1;1;1;1;1;1;1;1;0;17
2023-05-22;"60+";0;0;0;0;0;0;0;0;0;0;0;0;118;118;118;118;118;118;118;118;118;118;118;118;1;1;1;1;1;1;1;1;1;1;1;0;118
2023-05-22;"alle";0;0;0;0;0;0;0;0;0;0;0;0;135;135;135;135;135;135;135;135;135;135;135;135;NA;NA;NA;NA;NA;NA;NA;NA;NA;NA;NA;0;135
2023-05-21;"0-60";1;1;1;1;1;1;1;1;1;1;1;1;17;17;17;17;17;17;17;17;17;17;17;17;1;1;1;1;1;1;1;1;1;1;1;1;17
2023-05-21;"60+";5;5;5;5;5;5;5;5;5;5;5;5;120;120;120;120;120;120;120;120;120;120;120;120;1;1;1;1;1;1;1;1;1;1;1;5;120
2023-05-21;"alle";6;6;6;6;6;6;6;6;6;6;6;6;137;137;137;137;137;137;137;137;137;137;137;137;NA;NA;NA;NA;NA;NA;NA;NA;NA;NA;NA;6;137
2023-05-20;"0-60";1;1;1;1;1;1;1;1;1;1;1;1;17;17;17;17;17;17;17;17;17;17;17;17;1;1;1;1;1;1;1;1;1;1;1;1;17
2023-05-20;"60+";23;23;23;23;23;23;23;23;23;23;23;23;122;122;122;122;122;122;122;122;122;122;122;122;1;1;1;1;1;1;1;1;1;1;1;23;122
2023-05-20;"alle";24;24;24;24;24;24;24;24;24;24;24;24;139;139;139;139;139;139;139;139;139;139;139;139;NA;NA;NA;NA;NA;NA;NA;NA;NA;NA;NA;24;139
2023-05-19;"0-60";0;0;0;0;0;0;0;0;0;0;0;0;22;22;22;22;22;22;22;22;22;22;22;22;1;1;1;1;1;1;1;1;1;1;1;0;22
2023-05-19;"60+";0;0;0;0;0;0;0;0;0;0;0;0;122;122;122;122;122;122;122;122;122;122;122;122;1;1;1;1;1;1;1;1;1;1;1;0;121
2023-05-19;"alle";0;0;0;0;0;0;0;0;0;0;0;0;144;144;144;144;144;144;144;144;144;144;144;144;NA;NA;NA;NA;NA;NA;NA;NA;NA;NA;NA;0;143
2023-05-18;"0-60";2;2;2;2;2;2;2;2;2;2;2;2;25;25;25;25;25;25;25;25;25;25;25;25;1;1;1;1;1;1;1;1;1;1;1;2;25
2023-05-18;"60+";23;23;23;23;23;23;23;23;23;23;23;23;137;137;137;137;137;137;137;137;137;137;137;137;1;1;1;1;1;1;1;1;1;1;1;23;136
2023-05-18;"alle";25;25;25;25;25;25;25;25;25;25;25;25;162;162;162;162;162;162;162;162;162;162;162;162;NA;NA;NA;NA;NA;NA;NA;NA;NA;NA;NA;25;161
2023-05-17;"0-60";3;3;3;3;3;3;3;3;3;3;3;3;27;27;27;27;27;27;27;27;27;27;27;27;1;1;1;1;1;1;1;1;1;1;1;3;27
2023-05-17;"60+";26;26;26;26;26;26;26;26;26;26;26;26;148;148;148;148;148;148;148;148;148;148;148;148;1;1;1;1;1;1;1;1;1;1;1;26;147
2023-05-17;"alle";29;29;29;29;29;29;29;29;29;29;29;29;175;175;175;175;175;175;175;175;175;175;175;175;NA;NA;NA;NA;NA;NA;NA;NA;NA;NA;NA;29;174
2023-05-16;"0-60";10;10;10;10;10;10;10;10;10;10;10;10;27;27;27;27;27;27;27;27;27;27;27;27;1;1;1;1;1;1;1;1;1;1;1;10;27
2023-05-16;"60+";41;41;41;41;41;41;41;41;41;41;41;41;164;164;164;164;164;164;164;164;164;164;164;164;1;1;1;1;1;1;1;1;1;1;1;41;161
2023-05-16;"alle";51;51;51;51;51;51;51;51;51;51;51;51;191;191;191;191;191;191;191;191;191;191;191;191;NA;NA;NA;NA;NA;NA;NA;NA;NA;NA;NA;51;188
2023-05-15;"0-60";0;0;0;0;0;0;0;0;0;0;0;0;28;28;28;28;28;28;28;28;28;28;28;28;1;1;1;1;1;1;1;1;1;1;1;0;27
2023-05-15;"60+";2;2;2;2;2;2;2;2;2;2;2;2;171;171;171;171;171;171;171;171;171;171;171;171;1;1;1;1;1;1;1;1;1;1;1;2;168
2023-05-15;"alle";2;2;2;2;2;2;2;2;2;2;2;2;199;199;199;199;199;199;199;199;199;199;199;199;NA;NA;NA;NA;NA;NA;NA;NA;NA;NA;NA;2;195
2023-05-14;"0-60";1;1;1;1;1;1;1;1;1;1;1;1;30;30;30;30;30;30;30;30;30;30;30;30;1;1;1;1;1;1;1;1;1;1;1;1;29
2023-05-14;"60+";7;7;7;7;7;7;7;7;7;7;7;7;173;173;173;173;173;173;173;173;173;173;173;173;1;1;1;1;1;1;1;1;1;1;1;7;170
2023-05-14;"alle";8;8;8;8;8;8;8;8;8;8;8;8;203;203;203;203;203;203;203;203;203;203;203;203;NA;NA;NA;NA;NA;NA;NA;NA;NA;NA;NA;8;199
2023-05-13;"0-60";6;6;6;6;6;6;6;6;6;6;6;6;29;29;29;29;29;29;29;29;29;29;29;29;1;1;1;1;1;1;1;1;1;1;1;6;28
2023-05-13;"60+";23;23;23;23;23;23;23;23;23;23;23;23;172;172;172;172;172;172;172;172;172;172;172;172;1;1;1;1;1;1;1;1;1;1;1;22;169
2023-05-13;"alle";29;29;29;29;29;29;29;29;29;29;29;29;201;201;201;201;201;201;201;201;201;201;201;201;NA;NA;NA;NA;NA;NA;NA;NA;NA;NA;NA;28;197
2023-05-12;"0-60";3;3;3;3;3;3;3;3;3;3;3;3;28;28;28;28;28;28;28;28;28;28;28;28;1;1;1;1;1;1;1;1;1;1;1;3;27
2023-05-12;"60+";15;15;15;15;15;15;15;15;15;15;15;15;176;176;176;176;176;176;176;176;176;176;176;176;1;1;1;1;1;1;1;1;1;1;1;15;171
2023-05-12;"alle";18;18;18;18;18;18;18;18;18;18;18;18;204;204;204;204;204;204;204;204;204;204;204;204;NA;NA;NA;NA;NA;NA;NA;NA;NA;NA;NA;18;199
2023-05-11;"0-60";4;4;4;4;4;4;4;4;4;4;4;4;32;32;32;32;32;32;32;32;32;32;32;32;1;1;1;1;1;1;1;1;1;1;1;4;31
2023-05-11;"60+";34;34;34;34;34;34;34;34;34;34;34;34;190;190;190;190;190;190;190;190;190;190;190;190;1;1;1;1;1;1;1;1;1;1;1;34;184
2023-05-11;"alle";38;38;38;38;38;38;38;38;38;38;38;38;222;222;222;222;222;222;222;222;222;222;222;222;NA;NA;NA;NA;NA;NA;NA;NA;NA;NA;NA;38;216
2023-05-10;"0-60";3;3;3;3;3;3;3;3;3;3;3;3;32;32;32;32;32;32;32;32;32;32;32;32;1;1;1;1;1;1;1;1;1;1;1;3;31
2023-05-10;"60+";42;42;42;42;42;42;42;42;42;42;42;42;183;183;183;183;183;183;183;183;183;183;183;183;1;1;1;1;1;1;1;1;1;1;1;40;177
2023-05-10;"alle";45;45;45;45;45;45;45;45;45;45;45;45;215;215;215;215;215;215;215;215;215;215;215;215;NA;NA;NA;NA;NA;NA;NA;NA;NA;NA;NA;43;209
2023-05-09;"0-60";11;11;11;11;11;11;11;11;11;11;11;11;47;47;47;47;47;47;47;47;47;47;47;47;1;1;1;1;1;1;1;1;1;1;1;10;45
2023-05-09;"60+";48;48;48;48;48;48;48;48;48;48;48;48;233;233;233;233;233;233;233;233;233;233;233;233;1;1;1;1;1;1;1;1;1;1;1;48;229
2023-05-09;"alle";59;59;59;59;59;59;59;59;59;59;59;59;280;280;280;280;280;280;280;280;280;280;280;280;NA;NA;NA;NA;NA;NA;NA;NA;NA;NA;NA;58;275
2023-05-08;"0-60";2;2;2;2;2;2;2;2;2;2;2;2;38;38;38;38;38;38;38;38;38;38;38;38;1;1;1;1;1;1;1;1;1;1;1;2;37
2023-05-08;"60+";4;4;4;4;4;4;4;4;4;4;4;4;190;190;190;190;190;190;190;190;190;190;190;190;1;1;1;1;1;1;1;1;1;1;1;4;185
2023-05-08;"alle";6;6;6;6;6;6;6;6;6;6;6;6;228;228;228;228;228;228;228;228;228;228;228;228;NA;NA;NA;NA;NA;NA;NA;NA;NA;NA;NA;6;223
2023-05-07;"0-60";0;0;0;0;0;0;0;0;0;0;0;0;36;36;36;36;36;36;36;36;36;36;36;36;1;1;1;1;1;1;1;1;1;1;1;0;35
2023-05-07;"60+";6;6;6;6;6;6;6;6;6;6;6;6;191;191;191;191;191;191;191;191;191;191;191;191;1;1;1;1;1;1;1;1;1;1;1;6;186
2023-05-07;"alle";6;6;6;6;6;6;6;6;6;6;6;6;227;227;227;227;227;227;227;227;227;227;227;227;NA;NA;NA;NA;NA;NA;NA;NA;NA;NA;NA;6;222
2023-05-06;"0-60";5;5;5;5;5;5;5;5;5;5;5;5;38;38;38;38;38;38;38;38;38;38;38;38;1;1;1;1;1;1;1;1;1;1;1;5;37
2023-05-06;"60+";27;27;27;27;27;27;27;27;27;27;27;27;189;189;189;189;189;189;189;189;189;189;189;189;1;1;1;1;1;1;1;1;1;1;1;24;184
2023-05-06;"alle";32;32;32;32;32;32;32;32;32;32;32;32;227;227;227;227;227;227;227;227;227;227;227;227;NA;NA;NA;NA;NA;NA;NA;NA;NA;NA;NA;30;222
2023-05-05;"0-60";7;7;7;7;7;7;7;7;7;7;7;7;36;36;36;36;36;36;36;36;36;36;36;36;1;1;1;1;1;1;1;1;1;1;1;7;35
2023-05-05;"60+";29;29;29;29;29;29;29;29;29;29;29;29;182;182;182;182;182;182;182;182;182;182;182;182;1;1;1;1;1;1;1;1;1;1;1;28;179
2023-05-05;"alle";36;36;36;36;36;36;36;36;36;36;36;36;218;218;218;218;218;218;218;218;218;218;218;218;NA;NA;NA;NA;NA;NA;NA;NA;NA;NA;NA;35;214
2023-05-04;"0-60";4;4;4;4;4;4;4;4;4;4;4;4;32;32;32;32;32;32;32;32;32;32;32;32;1;1;1;1;1;1;1;1;1;1;1;4;31
2023-05-04;"60+";27;27;27;27;27;27;27;27;27;27;27;27;175;175;175;175;175;175;175;175;175;175;175;175;1;1;1;1;1;1;1;1;1;1;1;27;173
2023-05-04;"alle";31;31;31;31;31;31;31;31;31;31;31;31;207;207;207;207;207;207;207;207;207;207;207;207;NA;NA;NA;NA;NA;NA;NA;NA;NA;NA;NA;31;204
2023-05-03;"0-60";18;18;18;18;18;18;18;18;18;18;18;18;34;34;34;34;34;34;34;34;34;34;34;34;1;1;1;1;1;1;1;1;1;1;1;17;33
2023-05-03;"60+";92;92;92;92;92;92;92;92;92;92;92;92;167;167;167;167;167;167;167;167;167;167;167;167;1;1;1;1;1;1;1;1;1;1;1;92;165
2023-05-03;"alle";110;110;110;110;110;110;110;110;110;110;110;110;201;201;201;201;201;201;201;201;201;201;201;201;NA;NA;NA;NA;NA;NA;NA;NA;NA;NA;NA;109;198
2023-05-02;"0-60";2;2;2;2;2;2;2;2;2;2;2;2;25;25;25;25;25;25;25;25;25;25;25;25;1;1;1;1;1;1;1;1;1;1;1;2;25
2023-05-02;"60+";5;5;5;5;5;5;5;5;5;5;5;5;110;110;110;110;110;110;110;110;110;110;110;110;1;1;1;1;1;1;1;1;1;1;1;4;108
2023-05-02;"alle";7;7;7;7;7;7;7;7;7;7;7;7;135;135;135;135;135;135;135;135;135;135;135;135;NA;NA;NA;NA;NA;NA;NA;NA;NA;NA;NA;6;133
2023-05-01;"0-60";0;0;0;0;0;0;0;0;0;0;0;0;38;38;38;38;38;38;38;38;38;38;38;38;1;1;1;1;1;1;1;1;1;1;1;0;38
2023-05-01;"60+";5;5;5;5;5;5;5;5;5;5;5;5;156;156;156;156;156;156;156;156;156;156;156;156;1;1;1;1;1;1;1;1;1;1;1;5;154
2023-05-01;"alle";5;5;5;5;5;5;5;5;5;5;5;5;194;194;194;194;194;194;194;194;194;194;194;194;NA;NA;NA;NA;NA;NA;NA;NA;NA;NA;NA;5;192
2023-04-30;"0-60";2;2;2;2;2;2;2;2;2;2;2;2;39;39;39;39;39;39;39;39;39;39;39;39;1;1;1;1;1;1;1;1;1;1;1;2;39
2023-04-30;"60+";4;4;4;4;4;4;4;4;4;4;4;4;160;160;160;160;160;160;160;160;160;160;160;160;1;1;1;1;1;1;1;1;1;1;1;4;158
2023-04-30;"alle";6;6;6;6;6;6;6;6;6;6;6;6;199;199;199;199;199;199;199;199;199;199;199;199;NA;NA;NA;NA;NA;NA;NA;NA;NA;NA;NA;6;197
2023-04-29;"0-60";3;3;3;3;3;3;3;3;3;3;3;3;37;37;37;37;37;37;37;37;37;37;37;37;1;1;1;1;1;1;1;1;1;1;1;3;37
2023-04-29;"60+";20;20;20;20;20;20;20;20;20;20;20;20;163;163;163;163;163;163;163;163;163;163;163;163;1;1;1;1;1;1;1;1;1;1;1;19;161
2023-04-29;"alle";23;23;23;23;23;23;23;23;23;23;23;23;200;200;200;200;200;200;200;200;200;200;200;200;NA;NA;NA;NA;NA;NA;NA;NA;NA;NA;NA;22;198
2023-04-28;"0-60";3;3;3;3;3;3;3;3;3;3;3;3;41;41;41;41;41;41;41;41;41;41;41;41;1;1;1;1;1;1;1;1;1;1;1;3;41
2023-04-28;"60+";22;22;22;22;22;22;22;22;22;22;22;22;172;172;172;172;172;172;172;172;172;172;172;172;1;1;1;1;1;1;1;1;1;1;1;22;171
2023-04-28;"alle";25;25;25;25;25;25;25;25;25;25;25;25;213;213;213;213;213;213;213;213;213;213;213;213;NA;NA;NA;NA;NA;NA;NA;NA;NA;NA;NA;25;212
2023-04-27;"0-60";6;6;6;6;6;6;6;6;6;6;6;6;44;44;44;44;44;44;44;44;44;44;44;44;1;1;1;1;1;1;1;1;1;1;1;6;44
2023-04-27;"60+";19;19;19;19;19;19;19;19;19;19;19;19;183;183;183;183;183;183;183;183;183;183;183;183;1;1;1;1;1;1;1;1;1;1;1;19;182
2023-04-27;"alle";25;25;25;25;25;25;25;25;25;25;25;25;227;227;227;227;227;227;227;227;227;227;227;227;NA;NA;NA;NA;NA;NA;NA;NA;NA;NA;NA;25;226
2023-04-26;"0-60";9;9;9;9;9;9;9;9;9;9;9;9;48;48;48;48;48;48;48;48;48;48;48;48;1;1;1;1;1;1;1;1;1;1;1;9;48
2023-04-26;"60+";35;35;35;35;35;35;35;35;35;35;35;35;196;196;196;196;196;196;196;196;196;196;196;196;1;1;1;1;1;1;1;1;1;1;1;35;195
2023-04-26;"alle";44;44;44;44;44;44;44;44;44;44;44;44;244;244;244;244;244;244;244;244;244;244;244;244;NA;NA;NA;NA;NA;NA;NA;NA;NA;NA;NA;44;243
2023-04-25;"0-60";15;15;15;15;15;15;15;15;15;15;15;15;45;45;45;45;45;45;45;45;45;45;45;45;1;1;1;1;1;1;1;1;1;1;1;15;45
2023-04-25;"60+";51;51;51;51;51;51;51;51;51;51;51;51;218;218;218;218;218;218;218;218;218;218;218;218;1;1;1;1;1;1;1;1;1;1;1;50;215
2023-04-25;"alle";66;66;66;66;66;66;66;66;66;66;66;66;263;263;263;263;263;263;263;263;263;263;263;263;NA;NA;NA;NA;NA;NA;NA;NA;NA;NA;NA;65;260
2023-04-24;"0-60";1;1;1;1;1;1;1;1;1;1;1;1;49;49;49;49;49;49;49;49;49;49;49;49;1;1;1;1;1;1;1;1;1;1;1;1;49
2023-04-24;"60+";9;9;9;9;9;9;9;9;9;9;9;9;241;241;241;241;241;241;241;241;241;241;241;241;1;1;1;1;1;1;1;1;1;1;1;9;238
2023-04-24;"alle";10;10;10;10;10;10;10;10;10;10;10;10;290;290;290;290;290;290;290;290;290;290;290;290;NA;NA;NA;NA;NA;NA;NA;NA;NA;NA;NA;10;287
2023-04-23;"0-60";0;0;0;0;0;0;0;0;0;0;0;0;49;49;49;49;49;49;49;49;49;49;49;49;1;1;1;1;1;1;1;1;1;1;1;0;49
2023-04-23;"60+";7;7;7;7;7;7;7;7;7;7;7;7;243;243;243;243;243;243;243;243;243;243;243;243;1;1;1;1;1;1;1;1;1;1;1;7;240
2023-04-23;"alle";7;7;7;7;7;7;7;7;7;7;7;7;292;292;292;292;292;292;292;292;292;292;292;292;NA;NA;NA;NA;NA;NA;NA;NA;NA;NA;NA;7;289
2023-04-22;"0-60";7;7;7;7;7;7;7;7;7;7;7;7;50;50;50;50;50;50;50;50;50;50;50;50;1;1;1;1;1;1;1;1;1;1;1;7;50
2023-04-22;"60+";29;29;29;29;29;29;29;29;29;29;29;29;241;241;241;241;241;241;241;241;241;241;241;241;1;1;1;1;1;1;1;1;1;1;1;29;238
2023-04-22;"alle";36;36;36;36;36;36;36;36;36;36;36;36;291;291;291;291;291;291;291;291;291;291;291;291;NA;NA;NA;NA;NA;NA;NA;NA;NA;NA;NA;36;288
2023-04-21;"0-60";6;6;6;6;6;6;6;6;6;6;6;6;53;53;53;53;53;53;53;53;53;53;53;53;1;1;1;1;1;1;1;1;1;1;1;6;53
2023-04-21;"60+";33;33;33;33;33;33;33;33;33;33;33;33;246;246;246;246;246;246;246;246;246;246;246;246;1;1;1;1;1;1;1;1;1;1;1;33;243
2023-04-21;"alle";39;39;39;39;39;39;39;39;39;39;39;39;299;299;299;299;299;299;299;299;299;299;299;299;NA;NA;NA;NA;NA;NA;NA;NA;NA;NA;NA;39;296
2023-04-20;"0-60";10;10;10;10;10;10;10;10;10;10;10;10;57;57;57;57;57;57;57;57;57;57;57;57;1;1;1;1;1;1;1;1;1;1;1;10;57
2023-04-20;"60+";32;32;32;32;32;32;32;32;32;32;32;32;267;267;267;267;267;267;267;267;267;267;267;267;1;1;1;1;1;1;1;1;1;1;1;32;262
2023-04-20;"alle";42;42;42;42;42;42;42;42;42;42;42;42;324;324;324;324;324;324;324;324;324;324;324;324;NA;NA;NA;NA;NA;NA;NA;NA;NA;NA;NA;42;319
2023-04-19;"0-60";6;6;6;6;6;6;6;6;6;6;6;6;58;58;58;58;58;58;58;58;58;58;58;58;1;1;1;1;1;1;1;1;1;1;1;6;58
2023-04-19;"60+";57;57;57;57;57;57;57;57;57;57;57;57;305;305;305;305;305;305;305;305;305;305;305;305;1;1;1;1;1;1;1;1;1;1;1;55;300
2023-04-19;"alle";63;63;63;63;63;63;63;63;63;63;63;63;363;363;363;363;363;363;363;363;363;363;363;363;NA;NA;NA;NA;NA;NA;NA;NA;NA;NA;NA;61;358
2023-04-18;"0-60";19;19;19;19;19;19;19;19;19;19;19;19;72;72;72;72;72;72;72;72;72;72;72;72;1;1;1;1;1;1;1;1;1;1;1;19;72
2023-04-18;"60+";74;74;74;74;74;74;74;74;74;74;74;74;335;335;335;335;335;335;335;335;335;335;335;335;1;1;1;1;1;1;1;1;1;1;1;73;330
2023-04-18;"alle";93;93;93;93;93;93;93;93;93;93;93;93;407;407;407;407;407;407;407;407;407;407;407;407;NA;NA;NA;NA;NA;NA;NA;NA;NA;NA;NA;92;402
2023-04-17;"0-60";1;1;1;1;1;1;1;1;1;1;1;1;56;56;56;56;56;56;56;56;56;56;56;56;1;1;1;1;1;1;1;1;1;1;1;1;56
2023-04-17;"60+";11;11;11;11;11;11;11;11;11;11;11;11;284;284;284;284;284;284;284;284;284;284;284;284;1;1;1;1;1;1;1;1;1;1;1;11;278
2023-04-17;"alle";12;12;12;12;12;12;12;12;12;12;12;12;340;340;340;340;340;340;340;340;340;340;340;340;NA;NA;NA;NA;NA;NA;NA;NA;NA;NA;NA;12;334
2023-04-16;"0-60";1;1;1;1;1;1;1;1;1;1;1;1;57;57;57;57;57;57;57;57;57;57;57;57;1;1;1;1;1;1;1;1;1;1;1;1;57
2023-04-16;"60+";5;5;5;5;5;5;5;5;5;5;5;5;280;280;280;280;280;280;280;280;280;280;280;280;1;1;1;1;1;1;1;1;1;1;1;5;274
2023-04-16;"alle";6;6;6;6;6;6;6;6;6;6;6;6;337;337;337;337;337;337;337;337;337;337;337;337;NA;NA;NA;NA;NA;NA;NA;NA;NA;NA;NA;6;331
2023-04-15;"0-60";10;10;10;10;10;10;10;10;10;10;10;10;58;58;58;58;58;58;58;58;58;58;58;58;1;1;1;1;1;1;1;1;1;1;1;10;58
2023-04-15;"60+";34;34;34;34;34;34;34;34;34;34;34;34;294;294;294;294;294;294;294;294;294;294;294;294;1;1;1;1;1;1;1;1;1;1;1;34;287
2023-04-15;"alle";44;44;44;44;44;44;44;44;44;44;44;44;352;352;352;352;352;352;352;352;352;352;352;352;NA;NA;NA;NA;NA;NA;NA;NA;NA;NA;NA;44;345
2023-04-14;"0-60";10;10;10;10;10;10;10;10;10;10;10;10;49;49;49;49;49;49;49;49;49;49;49;49;1;1;1;1;1;1;1;1;1;1;1;10;49
2023-04-14;"60+";54;54;54;54;54;54;54;54;54;54;54;54;266;266;266;266;266;266;266;266;266;266;266;266;1;1;1;1;1;1;1;1;1;1;1;52;259
2023-04-14;"alle";64;64;64;64;64;64;64;64;64;64;64;64;315;315;315;315;315;315;315;315;315;315;315;315;NA;NA;NA;NA;NA;NA;NA;NA;NA;NA;NA;62;308
2023-04-13;"0-60";11;11;11;11;11;11;11;11;11;11;11;11;44;44;44;44;44;44;44;44;44;44;44;44;1;1;1;1;1;1;1;1;1;1;1;11;44
2023-04-13;"60+";70;70;70;70;70;70;70;70;70;70;70;70;250;250;250;250;250;250;250;250;250;250;250;250;1;1;1;1;1;1;1;1;1;1;1;70;245
2023-04-13;"alle";81;81;81;81;81;81;81;81;81;81;81;81;294;294;294;294;294;294;294;294;294;294;294;294;NA;NA;NA;NA;NA;NA;NA;NA;NA;NA;NA;81;289
2023-04-12;"0-60";20;20;20;20;20;20;20;20;20;20;20;20;37;37;37;37;37;37;37;37;37;37;37;37;1;1;1;1;1;1;1;1;1;1;1;20;37
2023-04-12;"60+";87;87;87;87;87;87;87;87;87;87;87;87;219;219;219;219;219;219;219;219;219;219;219;219;1;1;1;1;1;1;1;1;1;1;1;85;214
2023-04-12;"alle";107;107;107;107;107;107;107;107;107;107;107;107;256;256;256;256;256;256;256;256;256;256;256;256;NA;NA;NA;NA;NA;NA;NA;NA;NA;NA;NA;105;251
2023-04-11;"0-60";3;3;3;3;3;3;3;3;3;3;3;3;39;39;39;39;39;39;39;39;39;39;39;39;1;1;1;1;1;1;1;1;1;1;1;3;39
2023-04-11;"60+";23;23;23;23;23;23;23;23;23;23;23;23;190;190;190;190;190;190;190;190;190;190;190;190;1;1;1;1;1;1;1;1;1;1;1;21;186
2023-04-11;"alle";26;26;26;26;26;26;26;26;26;26;26;26;229;229;229;229;229;229;229;229;229;229;229;229;NA;NA;NA;NA;NA;NA;NA;NA;NA;NA;NA;24;226
2023-04-10;"0-60";2;2;2;2;2;2;2;2;2;2;2;2;55;55;55;55;55;55;55;55;55;55;55;55;1;1;1;1;1;1;1;1;1;1;1;2;55
2023-04-10;"60+";7;7;7;7;7;7;7;7;7;7;7;7;256;256;256;256;256;256;256;256;256;256;256;256;1;1;1;1;1;1;1;1;1;1;1;7;251
2023-04-10;"alle";9;9;9;9;9;9;9;9;9;9;9;9;311;311;311;311;311;311;311;311;311;311;311;311;NA;NA;NA;NA;NA;NA;NA;NA;NA;NA;NA;9;307
2023-04-09;"0-60";2;2;2;2;2;2;2;2;2;2;2;2;53;53;53;53;53;53;53;53;53;53;53;53;1;1;1;1;1;1;1;1;1;1;1;2;53
2023-04-09;"60+";19;19;19;19;19;19;19;19;19;19;19;19;263;263;263;263;263;263;263;263;263;263;263;263;1;1;1;1;1;1;1;1;1;1;1;18;257
2023-04-09;"alle";21;21;21;21;21;21;21;21;21;21;21;21;316;316;316;316;316;316;316;316;316;316;316;316;NA;NA;NA;NA;NA;NA;NA;NA;NA;NA;NA;20;311
2023-04-08;"0-60";1;1;1;1;1;1;1;1;1;1;1;1;56;56;56;56;56;56;56;56;56;56;56;56;1;1;1;1;1;1;1;1;1;1;1;1;55
2023-04-08;"60+";6;6;6;6;6;6;6;6;6;6;6;6;258;258;258;258;258;258;258;258;258;258;258;258;1;1;1;1;1;1;1;1;1;1;1;6;253
2023-04-08;"alle";7;7;7;7;7;7;7;7;7;7;7;7;314;314;314;314;314;314;314;314;314;314;314;314;NA;NA;NA;NA;NA;NA;NA;NA;NA;NA;NA;7;309
2023-04-07;"0-60";5;5;5;5;5;5;5;5;5;5;5;5;62;62;62;62;62;62;62;62;62;62;62;62;1;1;1;1;1;1;1;1;1;1;1;5;61
2023-04-07;"60+";38;38;38;38;38;38;38;38;38;38;38;38;302;302;302;302;302;302;302;302;302;302;302;302;1;1;1;1;1;1;1;1;1;1;1;38;296
2023-04-07;"alle";43;43;43;43;43;43;43;43;43;43;43;43;364;364;364;364;364;364;364;364;364;364;364;364;NA;NA;NA;NA;NA;NA;NA;NA;NA;NA;NA;43;358
2023-04-06;"0-60";4;4;4;4;4;4;4;4;4;4;4;4;64;64;64;64;64;64;64;64;64;64;64;64;1;1;1;1;1;1;1;1;1;1;1;4;63
2023-04-06;"60+";39;39;39;39;39;39;39;39;39;39;39;39;307;307;307;307;307;307;307;307;307;307;307;307;1;1;1;1;1;1;1;1;1;1;1;39;296
2023-04-06;"alle";43;43;43;43;43;43;43;43;43;43;43;43;371;371;371;371;371;371;371;371;371;371;371;371;NA;NA;NA;NA;NA;NA;NA;NA;NA;NA;NA;43;360
2023-04-05;"0-60";22;22;22;22;22;22;22;22;22;22;22;22;71;71;71;71;71;71;71;71;71;71;71;71;1;1;1;1;1;1;1;1;1;1;1;22;70
2023-04-05;"60+";58;58;58;58;58;58;58;58;58;58;58;58;320;320;320;320;320;320;320;320;320;320;320;320;1;1;1;1;1;1;1;1;1;1;1;57;307
2023-04-05;"alle";80;80;80;80;80;80;80;80;80;80;80;80;391;391;391;391;391;391;391;391;391;391;391;391;NA;NA;NA;NA;NA;NA;NA;NA;NA;NA;NA;80;378
2023-04-04;"0-60";19;19;19;19;19;19;19;19;19;19;19;19;59;59;59;59;59;59;59;59;59;59;59;59;1;1;1;1;1;1;1;1;1;1;1;19;58
2023-04-04;"60+";89;89;89;89;89;89;89;89;89;89;89;89;324;324;324;324;324;324;324;324;324;324;324;324;1;1;1;1;1;1;1;1;1;1;1;86;311
2023-04-04;"alle";108;108;108;108;108;108;108;108;108;108;108;108;383;383;383;383;383;383;383;383;383;383;383;383;NA;NA;NA;NA;NA;NA;NA;NA;NA;NA;NA;105;369
2023-04-03;"0-60";0;0;0;0;0;0;0;0;0;0;0;0;62;62;62;62;62;62;62;62;62;62;62;62;1;1;1;1;1;1;1;1;1;1;1;0;61
2023-04-03;"60+";14;14;14;14;14;14;14;14;14;14;14;14;343;343;343;343;343;343;343;343;343;343;343;343;1;1;1;1;1;1;1;1;1;1;1;13;332
2023-04-03;"alle";14;14;14;14;14;14;14;14;14;14;14;14;405;405;405;405;405;405;405;405;405;405;405;405;NA;NA;NA;NA;NA;NA;NA;NA;NA;NA;NA;13;394
2023-04-02;"0-60";5;5;5;5;5;5;5;5;5;5;5;5;65;65;65;65;65;65;65;65;65;65;65;65;1;1;1;1;1;1;1;1;1;1;1;4;64
2023-04-02;"60+";14;14;14;14;14;14;14;14;14;14;14;14;351;351;351;351;351;351;351;351;351;351;351;351;1;1;1;1;1;1;1;1;1;1;1;14;341
2023-04-02;"alle";19;19;19;19;19;19;19;19;19;19;19;19;416;416;416;416;416;416;416;416;416;416;416;416;NA;NA;NA;NA;NA;NA;NA;NA;NA;NA;NA;18;406
2023-04-01;"0-60";7;7;7;7;7;7;7;7;7;7;7;7;62;62;62;62;62;62;62;62;62;62;62;62;1;1;1;1;1;1;1;1;1;1;1;7;62
2023-04-01;"60+";50;50;50;50;50;50;50;50;50;50;50;50;350;350;350;350;350;350;350;350;350;350;350;350;1;1;1;1;1;1;1;1;1;1;1;49;340
2023-04-01;"alle";57;57;57;57;57;57;57;57;57;57;57;57;412;412;412;412;412;412;412;412;412;412;412;412;NA;NA;NA;NA;NA;NA;NA;NA;NA;NA;NA;56;403
2023-03-31;"0-60";7;7;7;7;7;7;7;7;7;7;7;7;64;64;64;64;64;64;64;64;64;64;64;64;1;1;1;1;1;1;1;1;1;1;1;7;64
2023-03-31;"60+";43;43;43;43;43;43;43;43;43;43;43;43;359;359;359;359;359;359;359;359;359;359;359;359;1;1;1;1;1;1;1;1;1;1;1;38;348
2023-03-31;"alle";50;50;50;50;50;50;50;50;50;50;50;50;423;423;423;423;423;423;423;423;423;423;423;423;NA;NA;NA;NA;NA;NA;NA;NA;NA;NA;NA;45;413
2023-03-30;"0-60";11;11;11;11;11;11;11;11;11;11;11;11;72;72;72;72;72;72;72;72;72;72;72;72;1;1;1;1;1;1;1;1;1;1;1;11;72
2023-03-30;"60+";52;52;52;52;52;52;52;52;52;52;52;52;376;376;376;376;376;376;376;376;376;376;376;376;1;1;1;1;1;1;1;1;1;1;1;50;370
2023-03-30;"alle";63;63;63;63;63;63;63;63;63;63;63;63;448;448;448;448;448;448;448;448;448;448;448;448;NA;NA;NA;NA;NA;NA;NA;NA;NA;NA;NA;61;443
2023-03-29;"0-60";10;10;10;10;10;10;10;10;10;10;10;10;73;73;73;73;73;73;73;73;73;73;73;73;1;1;1;1;1;1;1;1;1;1;1;10;72
2023-03-29;"60+";62;62;62;62;62;62;62;62;62;62;62;62;399;399;399;399;399;399;399;399;399;399;399;399;1;1;1;1;1;1;1;1;1;1;1;61;394
2023-03-29;"alle";72;72;72;72;72;72;72;72;72;72;72;72;472;472;472;472;472;472;472;472;472;472;472;472;NA;NA;NA;NA;NA;NA;NA;NA;NA;NA;NA;71;467
2023-03-28;"0-60";22;22;22;22;22;22;22;22;22;22;22;22;77;77;77;77;77;77;77;77;77;77;77;77;1;1;1;1;1;1;1;1;1;1;1;22;76
2023-03-28;"60+";108;108;108;108;108;108;108;108;108;108;108;108;433;433;433;433;433;433;433;433;433;433;433;433;1;1;1;1;1;1;1;1;1;1;1;107;424
2023-03-28;"alle";130;130;130;130;130;130;130;130;130;130;130;130;510;510;510;510;510;510;510;510;510;510;510;510;NA;NA;NA;NA;NA;NA;NA;NA;NA;NA;NA;130;501
2023-03-27;"0-60";3;3;3;3;3;3;3;3;3;3;3;3;91;91;91;91;91;91;91;91;91;91;91;91;1;1;1;1;1;1;1;1;1;1;1;3;90
2023-03-27;"60+";22;22;22;22;22;22;22;22;22;22;22;22;461;461;461;461;461;461;461;461;461;461;461;461;1;1;1;1;1;1;1;1;1;1;1;22;453
2023-03-27;"alle";25;25;25;25;25;25;25;25;25;25;25;25;552;552;552;552;552;552;552;552;552;552;552;552;NA;NA;NA;NA;NA;NA;NA;NA;NA;NA;NA;25;543
2023-03-26;"0-60";2;2;2;2;2;2;2;2;2;2;2;2;91;91;91;91;91;91;91;91;91;91;91;91;1;1;1;1;1;1;1;1;1;1;1;2;90
2023-03-26;"60+";13;13;13;13;13;13;13;13;13;13;13;13;465;465;465;465;465;465;465;465;465;465;465;465;1;1;1;1;1;1;1;1;1;1;1;13;457
2023-03-26;"alle";15;15;15;15;15;15;15;15;15;15;15;15;556;556;556;556;556;556;556;556;556;556;556;556;NA;NA;NA;NA;NA;NA;NA;NA;NA;NA;NA;15;547
2023-03-25;"0-60";9;9;9;9;9;9;9;9;9;9;9;9;97;97;97;97;97;97;97;97;97;97;97;97;1;1;1;1;1;1;1;1;1;1;1;9;96
2023-03-25;"60+";59;59;59;59;59;59;59;59;59;59;59;59;472;472;472;472;472;472;472;472;472;472;472;472;1;1;1;1;1;1;1;1;1;1;1;57;464
2023-03-25;"alle";68;68;68;68;68;68;68;68;68;68;68;68;569;569;569;569;569;569;569;569;569;569;569;569;NA;NA;NA;NA;NA;NA;NA;NA;NA;NA;NA;66;560
2023-03-24;"0-60";15;15;15;15;15;15;15;15;15;15;15;15;100;100;100;100;100;100;100;100;100;100;100;100;1;1;1;1;1;1;1;1;1;1;1;15;99
2023-03-24;"60+";60;60;60;60;60;60;60;60;60;60;60;60;497;497;497;497;497;497;497;497;497;497;497;497;1;1;1;1;1;1;1;1;1;1;1;60;486
2023-03-24;"alle";75;75;75;75;75;75;75;75;75;75;75;75;597;597;597;597;597;597;597;597;597;597;597;597;NA;NA;NA;NA;NA;NA;NA;NA;NA;NA;NA;75;585
2023-03-23;"0-60";12;12;12;12;12;12;12;12;12;12;12;12;101;101;101;101;101;101;101;101;101;101;101;101;1;1;1;1;1;1;1;1;1;1;1;11;100
2023-03-23;"60+";75;75;75;75;75;75;75;75;75;75;75;75;526;526;526;526;526;526;526;526;526;526;526;526;1;1;1;1;1;1;1;1;1;1;1;74;513
2023-03-23;"alle";87;87;87;87;87;87;87;87;87;87;87;87;627;627;627;627;627;627;627;627;627;627;627;627;NA;NA;NA;NA;NA;NA;NA;NA;NA;NA;NA;85;613
2023-03-22;"0-60";14;14;14;14;14;14;14;14;14;14;14;14;106;106;106;106;106;106;106;106;106;106;106;106;1;1;1;1;1;1;1;1;1;1;1;14;106
2023-03-22;"60+";96;96;96;96;96;96;96;96;96;96;96;96;524;524;524;524;524;524;524;524;524;524;524;524;1;1;1;1;1;1;1;1;1;1;1;91;510
2023-03-22;"alle";110;110;110;110;110;110;110;110;110;110;110;110;630;630;630;630;630;630;630;630;630;630;630;630;NA;NA;NA;NA;NA;NA;NA;NA;NA;NA;NA;105;616
2023-03-21;"0-60";36;36;36;36;36;36;36;36;36;36;36;36;122;122;122;122;122;122;122;122;122;122;122;122;1;1;1;1;1;1;1;1;1;1;1;36;122
2023-03-21;"60+";136;136;136;136;136;136;136;136;136;136;136;136;525;525;525;525;525;525;525;525;525;525;525;525;1;1;1;1;1;1;1;1;1;1;1;136;515
2023-03-21;"alle";172;172;172;172;172;172;172;172;172;172;172;172;647;647;647;647;647;647;647;647;647;647;647;647;NA;NA;NA;NA;NA;NA;NA;NA;NA;NA;NA;172;637
2023-03-20;"0-60";3;3;3;3;3;3;3;3;3;3;3;3;125;125;125;125;125;125;125;125;125;125;125;125;1;1;1;1;1;1;1;1;1;1;1;3;125
2023-03-20;"60+";26;26;26;26;26;26;26;26;26;26;26;26;528;528;528;528;528;528;528;528;528;528;528;528;1;1;1;1;1;1;1;1;1;1;1;26;514
2023-03-20;"alle";29;29;29;29;29;29;29;29;29;29;29;29;653;653;653;653;653;653;653;653;653;653;653;653;NA;NA;NA;NA;NA;NA;NA;NA;NA;NA;NA;29;639
2023-03-19;"0-60";8;8;8;8;8;8;8;8;8;8;8;8;125;125;125;125;125;125;125;125;125;125;125;125;1;1;1;1;1;1;1;1;1;1;1;8;125
2023-03-19;"60+";20;20;20;20;20;20;20;20;20;20;20;20;524;524;524;524;524;524;524;524;524;524;524;524;1;1;1;1;1;1;1;1;1;1;1;20;510
2023-03-19;"alle";28;28;28;28;28;28;28;28;28;28;28;28;649;649;649;649;649;649;649;649;649;649;649;649;NA;NA;NA;NA;NA;NA;NA;NA;NA;NA;NA;28;635
2023-03-18;"0-60";12;12;12;12;12;12;12;12;12;12;12;12;118;118;118;118;118;118;118;118;118;118;118;118;1;1;1;1;1;1;1;1;1;1;1;12;118
2023-03-18;"60+";84;84;84;84;84;84;84;84;84;84;84;84;532;532;532;532;532;532;532;532;532;532;532;532;1;1;1;1;1;1;1;1;1;1;1;79;518
2023-03-18;"alle";96;96;96;96;96;96;96;96;96;96;96;96;650;650;650;650;650;650;650;650;650;650;650;650;NA;NA;NA;NA;NA;NA;NA;NA;NA;NA;NA;91;636
2023-03-17;"0-60";16;16;16;16;16;16;16;16;16;16;16;16;116;116;116;116;116;116;116;116;116;116;116;116;1;1;1;1;1;1;1;1;1;1;1;16;116
2023-03-17;"60+";89;89;89;89;89;89;89;89;89;89;89;89;510;510;510;510;510;510;510;510;510;510;510;510;1;1;1;1;1;1;1;1;1;1;1;87;500
2023-03-17;"alle";105;105;105;105;105;105;105;105;105;105;105;105;626;626;626;626;626;626;626;626;626;626;626;626;NA;NA;NA;NA;NA;NA;NA;NA;NA;NA;NA;103;616
2023-03-16;"0-60";17;17;17;17;17;17;17;17;17;17;17;17;113;113;113;113;113;113;113;113;113;113;113;113;1;1;1;1;1;1;1;1;1;1;1;17;113
2023-03-16;"60+";73;73;73;73;73;73;73;73;73;73;73;73;478;478;478;478;478;478;478;478;478;478;478;478;1;1;1;1;1;1;1;1;1;1;1;71;469
2023-03-16;"alle";90;90;90;90;90;90;90;90;90;90;90;90;591;591;591;591;591;591;591;591;591;591;591;591;NA;NA;NA;NA;NA;NA;NA;NA;NA;NA;NA;88;582
2023-03-15;"0-60";30;30;30;30;30;30;30;30;30;30;30;30;104;104;104;104;104;104;104;104;104;104;104;104;1;1;1;1;1;1;1;1;1;1;1;30;103
2023-03-15;"60+";97;97;97;97;97;97;97;97;97;97;97;97;462;462;462;462;462;462;462;462;462;462;462;462;1;1;1;1;1;1;1;1;1;1;1;96;454
2023-03-15;"alle";127;127;127;127;127;127;127;127;127;127;127;127;566;566;566;566;566;566;566;566;566;566;566;566;NA;NA;NA;NA;NA;NA;NA;NA;NA;NA;NA;126;557
2023-03-14;"0-60";39;39;39;39;39;39;39;39;39;39;39;39;89;89;89;89;89;89;89;89;89;89;89;89;1;1;1;1;1;1;1;1;1;1;1;39;88
2023-03-14;"60+";139;139;139;139;139;139;139;139;139;139;139;139;430;430;430;430;430;430;430;430;430;430;430;430;1;1;1;1;1;1;1;1;1;1;1;135;423
2023-03-14;"alle";178;178;178;178;178;178;178;178;178;178;178;178;519;519;519;519;519;519;519;519;519;519;519;519;NA;NA;NA;NA;NA;NA;NA;NA;NA;NA;NA;174;512
2023-03-13;"0-60";3;3;3;3;3;3;3;3;3;3;3;3;79;79;79;79;79;79;79;79;79;79;79;79;1;1;1;1;1;1;1;1;1;1;1;3;78
2023-03-13;"60+";22;22;22;22;22;22;22;22;22;22;22;22;385;385;385;385;385;385;385;385;385;385;385;385;1;1;1;1;1;1;1;1;1;1;1;22;381
2023-03-13;"alle";25;25;25;25;25;25;25;25;25;25;25;25;464;464;464;464;464;464;464;464;464;464;464;464;NA;NA;NA;NA;NA;NA;NA;NA;NA;NA;NA;25;460
2023-03-12;"0-60";1;1;1;1;1;1;1;1;1;1;1;1;78;78;78;78;78;78;78;78;78;78;78;78;1;1;1;1;1;1;1;1;1;1;1;1;77
2023-03-12;"60+";28;28;28;28;28;28;28;28;28;28;28;28;379;379;379;379;379;379;379;379;379;379;379;379;1;1;1;1;1;1;1;1;1;1;1;28;375
2023-03-12;"alle";29;29;29;29;29;29;29;29;29;29;29;29;457;457;457;457;457;457;457;457;457;457;457;457;NA;NA;NA;NA;NA;NA;NA;NA;NA;NA;NA;29;453
2023-03-11;"0-60";10;10;10;10;10;10;10;10;10;10;10;10;80;80;80;80;80;80;80;80;80;80;80;80;1;1;1;1;1;1;1;1;1;1;1;10;79
2023-03-11;"60+";62;62;62;62;62;62;62;62;62;62;62;62;374;374;374;374;374;374;374;374;374;374;374;374;1;1;1;1;1;1;1;1;1;1;1;61;369
2023-03-11;"alle";72;72;72;72;72;72;72;72;72;72;72;72;454;454;454;454;454;454;454;454;454;454;454;454;NA;NA;NA;NA;NA;NA;NA;NA;NA;NA;NA;71;449
2023-03-10;"0-60";13;13;13;13;13;13;13;13;13;13;13;13;80;80;80;80;80;80;80;80;80;80;80;80;1;1;1;1;1;1;1;1;1;1;1;13;79
2023-03-10;"60+";57;57;57;57;57;57;57;57;57;57;57;57;351;351;351;351;351;351;351;351;351;351;351;351;1;1;1;1;1;1;1;1;1;1;1;56;347
2023-03-10;"alle";70;70;70;70;70;70;70;70;70;70;70;70;431;431;431;431;431;431;431;431;431;431;431;431;NA;NA;NA;NA;NA;NA;NA;NA;NA;NA;NA;69;427
2023-03-09;"0-60";8;8;8;8;8;8;8;8;8;8;8;8;76;76;76;76;76;76;76;76;76;76;76;76;1;1;1;1;1;1;1;1;1;1;1;7;75
2023-03-09;"60+";57;57;57;57;57;57;57;57;57;57;57;57;340;340;340;340;340;340;340;340;340;340;340;340;1;1;1;1;1;1;1;1;1;1;1;56;337
2023-03-09;"alle";65;65;65;65;65;65;65;65;65;65;65;65;416;416;416;416;416;416;416;416;416;416;416;416;NA;NA;NA;NA;NA;NA;NA;NA;NA;NA;NA;63;413
2023-03-08;"0-60";15;15;15;15;15;15;15;15;15;15;15;15;77;77;77;77;77;77;77;77;77;77;77;77;1;1;1;1;1;1;1;1;1;1;1;15;77
2023-03-08;"60+";65;65;65;65;65;65;65;65;65;65;65;65;339;339;339;339;339;339;339;339;339;339;339;339;1;1;1;1;1;1;1;1;1;1;1;65;336
2023-03-08;"alle";80;80;80;80;80;80;80;80;80;80;80;80;416;416;416;416;416;416;416;416;416;416;416;416;NA;NA;NA;NA;NA;NA;NA;NA;NA;NA;NA;81;414
2023-03-07;"0-60";29;29;29;29;29;29;29;29;29;29;29;29;84;84;84;84;84;84;84;84;84;84;84;84;1;1;1;1;1;1;1;1;1;1;1;29;84
2023-03-07;"60+";94;94;94;94;94;94;94;94;94;94;94;94;338;338;338;338;338;338;338;338;338;338;338;338;1;1;1;1;1;1;1;1;1;1;1;93;333
2023-03-07;"alle";123;123;123;123;123;123;123;123;123;123;123;123;422;422;422;422;422;422;422;422;422;422;422;422;NA;NA;NA;NA;NA;NA;NA;NA;NA;NA;NA;122;417
2023-03-06;"0-60";2;2;2;2;2;2;2;2;2;2;2;2;82;82;82;82;82;82;82;82;82;82;82;82;1;1;1;1;1;1;1;1;1;1;1;2;82
2023-03-06;"60+";16;16;16;16;16;16;16;16;16;16;16;16;334;334;334;334;334;334;334;334;334;334;334;334;1;1;1;1;1;1;1;1;1;1;1;16;330
2023-03-06;"alle";18;18;18;18;18;18;18;18;18;18;18;18;416;416;416;416;416;416;416;416;416;416;416;416;NA;NA;NA;NA;NA;NA;NA;NA;NA;NA;NA;18;412
2023-03-05;"0-60";3;3;3;3;3;3;3;3;3;3;3;3;82;82;82;82;82;82;82;82;82;82;82;82;1;1;1;1;1;1;1;1;1;1;1;3;82
2023-03-05;"60+";23;23;23;23;23;23;23;23;23;23;23;23;330;330;330;330;330;330;330;330;330;330;330;330;1;1;1;1;1;1;1;1;1;1;1;22;326
2023-03-05;"alle";26;26;26;26;26;26;26;26;26;26;26;26;412;412;412;412;412;412;412;412;412;412;412;412;NA;NA;NA;NA;NA;NA;NA;NA;NA;NA;NA;25;408
2023-03-04;"0-60";10;10;10;10;10;10;10;10;10;10;10;10;81;81;81;81;81;81;81;81;81;81;81;81;1;1;1;1;1;1;1;1;1;1;1;10;81
2023-03-04;"60+";39;39;39;39;39;39;39;39;39;39;39;39;318;318;318;318;318;318;318;318;318;318;318;318;1;1;1;1;1;1;1;1;1;1;1;39;315
2023-03-04;"alle";49;49;49;49;49;49;49;49;49;49;49;49;399;399;399;399;399;399;399;399;399;399;399;399;NA;NA;NA;NA;NA;NA;NA;NA;NA;NA;NA;49;396
2023-03-03;"0-60";9;9;9;9;9;9;9;9;9;9;9;9;89;89;89;89;89;89;89;89;89;89;89;89;1;1;1;1;1;1;1;1;1;1;1;9;89
2023-03-03;"60+";46;46;46;46;46;46;46;46;46;46;46;46;326;326;326;326;326;326;326;326;326;326;326;326;1;1;1;1;1;1;1;1;1;1;1;46;323
2023-03-03;"alle";55;55;55;55;55;55;55;55;55;55;55;55;415;415;415;415;415;415;415;415;415;415;415;415;NA;NA;NA;NA;NA;NA;NA;NA;NA;NA;NA;55;412
2023-03-02;"0-60";9;9;9;9;9;9;9;9;9;9;9;9;94;94;94;94;94;94;94;94;94;94;94;94;1;1;1;1;1;1;1;1;1;1;1;9;94
2023-03-02;"60+";56;56;56;56;56;56;56;56;56;56;56;56;345;345;345;345;345;345;345;345;345;345;345;345;1;1;1;1;1;1;1;1;1;1;1;55;342
2023-03-02;"alle";65;65;65;65;65;65;65;65;65;65;65;65;439;439;439;439;439;439;439;439;439;439;439;439;NA;NA;NA;NA;NA;NA;NA;NA;NA;NA;NA;64;436
2023-03-01;"0-60";22;22;22;22;22;22;22;22;22;22;22;22;106;106;106;106;106;106;106;106;106;106;106;106;1;1;1;1;1;1;1;1;1;1;1;22;106
2023-03-01;"60+";64;64;64;64;64;64;64;64;64;64;64;64;372;372;372;372;372;372;372;372;372;372;372;372;1;1;1;1;1;1;1;1;1;1;1;62;367
2023-03-01;"alle";86;86;86;86;86;86;86;86;86;86;86;86;478;478;478;478;478;478;478;478;478;478;478;478;NA;NA;NA;NA;NA;NA;NA;NA;NA;NA;NA;84;473
2023-02-28;"0-60";27;27;27;27;27;27;27;27;27;27;27;27;102;102;102;102;102;102;102;102;102;102;102;102;1;1;1;1;1;1;1;1;1;1;1;27;102
2023-02-28;"60+";90;90;90;90;90;90;90;90;90;90;90;90;393;393;393;393;393;393;393;393;393;393;393;393;1;1;1;1;1;1;1;1;1;1;1;90;390
2023-02-28;"alle";117;117;117;117;117;117;117;117;117;117;117;117;495;495;495;495;495;495;495;495;495;495;495;495;NA;NA;NA;NA;NA;NA;NA;NA;NA;NA;NA;117;492
2023-02-27;"0-60";2;2;2;2;2;2;2;2;2;2;2;2;100;100;100;100;100;100;100;100;100;100;100;100;1;1;1;1;1;1;1;1;1;1;1;2;100
2023-02-27;"60+";12;12;12;12;12;12;12;12;12;12;12;12;419;419;419;419;419;419;419;419;419;419;419;419;1;1;1;1;1;1;1;1;1;1;1;12;415
2023-02-27;"alle";14;14;14;14;14;14;14;14;14;14;14;14;519;519;519;519;519;519;519;519;519;519;519;519;NA;NA;NA;NA;NA;NA;NA;NA;NA;NA;NA;14;515
2023-02-26;"0-60";2;2;2;2;2;2;2;2;2;2;2;2;104;104;104;104;104;104;104;104;104;104;104;104;1;1;1;1;1;1;1;1;1;1;1;2;104
2023-02-26;"60+";11;11;11;11;11;11;11;11;11;11;11;11;419;419;419;419;419;419;419;419;419;419;419;419;1;1;1;1;1;1;1;1;1;1;1;11;413
2023-02-26;"alle";13;13;13;13;13;13;13;13;13;13;13;13;523;523;523;523;523;523;523;523;523;523;523;523;NA;NA;NA;NA;NA;NA;NA;NA;NA;NA;NA;13;517
2023-02-25;"0-60";18;18;18;18;18;18;18;18;18;18;18;18;107;107;107;107;107;107;107;107;107;107;107;107;1;1;1;1;1;1;1;1;1;1;1;18;107
2023-02-25;"60+";47;47;47;47;47;47;47;47;47;47;47;47;428;428;428;428;428;428;428;428;428;428;428;428;1;1;1;1;1;1;1;1;1;1;1;47;421
2023-02-25;"alle";65;65;65;65;65;65;65;65;65;65;65;65;535;535;535;535;535;535;535;535;535;535;535;535;NA;NA;NA;NA;NA;NA;NA;NA;NA;NA;NA;65;528
2023-02-24;"0-60";14;14;14;14;14;14;14;14;14;14;14;14;111;111;111;111;111;111;111;111;111;111;111;111;1;1;1;1;1;1;1;1;1;1;1;14;111
2023-02-24;"60+";65;65;65;65;65;65;65;65;65;65;65;65;444;444;444;444;444;444;444;444;444;444;444;444;1;1;1;1;1;1;1;1;1;1;1;65;434
2023-02-24;"alle";79;79;79;79;79;79;79;79;79;79;79;79;555;555;555;555;555;555;555;555;555;555;555;555;NA;NA;NA;NA;NA;NA;NA;NA;NA;NA;NA;79;545
2023-02-23;"0-60";21;21;21;21;21;21;21;21;21;21;21;21;110;110;110;110;110;110;110;110;110;110;110;110;1;1;1;1;1;1;1;1;1;1;1;21;110
2023-02-23;"60+";83;83;83;83;83;83;83;83;83;83;83;83;440;440;440;440;440;440;440;440;440;440;440;440;1;1;1;1;1;1;1;1;1;1;1;80;430
2023-02-23;"alle";104;104;104;104;104;104;104;104;104;104;104;104;550;550;550;550;550;550;550;550;550;550;550;550;NA;NA;NA;NA;NA;NA;NA;NA;NA;NA;NA;101;540
2023-02-22;"0-60";18;18;18;18;18;18;18;18;18;18;18;18;112;112;112;112;112;112;112;112;112;112;112;112;1;1;1;1;1;1;1;1;1;1;1;18;112
2023-02-22;"60+";85;85;85;85;85;85;85;85;85;85;85;85;411;411;411;411;411;411;411;411;411;411;411;411;1;1;1;1;1;1;1;1;1;1;1;85;404
2023-02-22;"alle";103;103;103;103;103;103;103;103;103;103;103;103;523;523;523;523;523;523;523;523;523;523;523;523;NA;NA;NA;NA;NA;NA;NA;NA;NA;NA;NA;103;516
2023-02-21;"0-60";25;25;25;25;25;25;25;25;25;25;25;25;112;112;112;112;112;112;112;112;112;112;112;112;1;1;1;1;1;1;1;1;1;1;1;25;112
2023-02-21;"60+";116;116;116;116;116;116;116;116;116;116;116;116;411;411;411;411;411;411;411;411;411;411;411;411;1;1;1;1;1;1;1;1;1;1;1;115;404
2023-02-21;"alle";141;141;141;141;141;141;141;141;141;141;141;141;523;523;523;523;523;523;523;523;523;523;523;523;NA;NA;NA;NA;NA;NA;NA;NA;NA;NA;NA;140;516
2023-02-20;"0-60";6;6;6;6;6;6;6;6;6;6;6;6;125;125;125;125;125;125;125;125;125;125;125;125;1;1;1;1;1;1;1;1;1;1;1;6;125
2023-02-20;"60+";12;12;12;12;12;12;12;12;12;12;12;12;395;395;395;395;395;395;395;395;395;395;395;395;1;1;1;1;1;1;1;1;1;1;1;10;389
2023-02-20;"alle";18;18;18;18;18;18;18;18;18;18;18;18;520;520;520;520;520;520;520;520;520;520;520;520;NA;NA;NA;NA;NA;NA;NA;NA;NA;NA;NA;16;514
2023-02-19;"0-60";5;5;5;5;5;5;5;5;5;5;5;5;125;125;125;125;125;125;125;125;125;125;125;125;1;1;1;1;1;1;1;1;1;1;1;5;125
2023-02-19;"60+";20;20;20;20;20;20;20;20;20;20;20;20;392;392;392;392;392;392;392;392;392;392;392;392;1;1;1;1;1;1;1;1;1;1;1;19;388
2023-02-19;"alle";25;25;25;25;25;25;25;25;25;25;25;25;517;517;517;517;517;517;517;517;517;517;517;517;NA;NA;NA;NA;NA;NA;NA;NA;NA;NA;NA;24;513
2023-02-18;"0-60";22;22;22;22;22;22;22;22;22;22;22;22;122;122;122;122;122;122;122;122;122;122;122;122;1;1;1;1;1;1;1;1;1;1;1;22;122
2023-02-18;"60+";63;63;63;63;63;63;63;63;63;63;63;63;386;386;386;386;386;386;386;386;386;386;386;386;1;1;1;1;1;1;1;1;1;1;1;60;383
2023-02-18;"alle";85;85;85;85;85;85;85;85;85;85;85;85;508;508;508;508;508;508;508;508;508;508;508;508;NA;NA;NA;NA;NA;NA;NA;NA;NA;NA;NA;82;505
2023-02-17;"0-60";13;13;13;13;13;13;13;13;13;13;13;13;111;111;111;111;111;111;111;111;111;111;111;111;1;1;1;1;1;1;1;1;1;1;1;13;111
2023-02-17;"60+";61;61;61;61;61;61;61;61;61;61;61;61;356;356;356;356;356;356;356;356;356;356;356;356;1;1;1;1;1;1;1;1;1;1;1;61;356
2023-02-17;"alle";74;74;74;74;74;74;74;74;74;74;74;74;467;467;467;467;467;467;467;467;467;467;467;467;NA;NA;NA;NA;NA;NA;NA;NA;NA;NA;NA;74;467
2023-02-16;"0-60";23;23;23;23;23;23;23;23;23;23;23;23;118;118;118;118;118;118;118;118;118;118;118;118;1;1;1;1;1;1;1;1;1;1;1;23;118
2023-02-16;"60+";54;54;54;54;54;54;54;54;54;54;54;54;340;340;340;340;340;340;340;340;340;340;340;340;1;1;1;1;1;1;1;1;1;1;1;54;340
2023-02-16;"alle";77;77;77;77;77;77;77;77;77;77;77;77;458;458;458;458;458;458;458;458;458;458;458;458;NA;NA;NA;NA;NA;NA;NA;NA;NA;NA;NA;77;458
2023-02-15;"0-60";18;18;18;18;18;18;18;18;18;18;18;18;114;114;114;114;114;114;114;114;114;114;114;114;1;1;1;1;1;1;1;1;1;1;1;18;114
2023-02-15;"60+";85;85;85;85;85;85;85;85;85;85;85;85;347;347;347;347;347;347;347;347;347;347;347;347;1;1;1;1;1;1;1;1;1;1;1;85;347
2023-02-15;"alle";103;103;103;103;103;103;103;103;103;103;103;103;461;461;461;461;461;461;461;461;461;461;461;461;NA;NA;NA;NA;NA;NA;NA;NA;NA;NA;NA;103;461
2023-02-14;"0-60";38;38;38;38;38;38;38;38;38;38;38;38;119;119;119;119;119;119;119;119;119;119;119;119;1;1;1;1;1;1;1;1;1;1;1;38;119
2023-02-14;"60+";100;100;100;100;100;100;100;100;100;100;100;100;306;306;306;306;306;306;306;306;306;306;306;306;1;1;1;1;1;1;1;1;1;1;1;100;306
2023-02-14;"alle";138;138;138;138;138;138;138;138;138;138;138;138;425;425;425;425;425;425;425;425;425;425;425;425;NA;NA;NA;NA;NA;NA;NA;NA;NA;NA;NA;138;425
2023-02-13;"0-60";6;6;6;6;6;6;6;6;6;6;6;6;105;105;105;105;105;105;105;105;105;105;105;105;1;1;1;1;1;1;1;1;1;1;1;6;105
2023-02-13;"60+";9;9;9;9;9;9;9;9;9;9;9;9;276;276;276;276;276;276;276;276;276;276;276;276;1;1;1;1;1;1;1;1;1;1;1;9;276
2023-02-13;"alle";15;15;15;15;15;15;15;15;15;15;15;15;381;381;381;381;381;381;381;381;381;381;381;381;NA;NA;NA;NA;NA;NA;NA;NA;NA;NA;NA;15;381
2023-02-12;"0-60";2;2;2;2;2;2;2;2;2;2;2;2;104;104;104;104;104;104;104;104;104;104;104;104;1;1;1;1;1;1;1;1;1;1;1;2;104
2023-02-12;"60+";14;14;14;14;14;14;14;14;14;14;14;14;281;281;281;281;281;281;281;281;281;281;281;281;1;1;1;1;1;1;1;1;1;1;1;14;281
2023-02-12;"alle";16;16;16;16;16;16;16;16;16;16;16;16;385;385;385;385;385;385;385;385;385;385;385;385;NA;NA;NA;NA;NA;NA;NA;NA;NA;NA;NA;16;385
2023-02-11;"0-60";11;11;11;11;11;11;11;11;11;11;11;11;104;104;104;104;104;104;104;104;104;104;104;104;1;1;1;1;1;1;1;1;1;1;1;11;104
2023-02-11;"60+";33;33;33;33;33;33;33;33;33;33;33;33;278;278;278;278;278;278;278;278;278;278;278;278;1;1;1;1;1;1;1;1;1;1;1;33;277
2023-02-11;"alle";44;44;44;44;44;44;44;44;44;44;44;44;382;382;382;382;382;382;382;382;382;382;382;382;NA;NA;NA;NA;NA;NA;NA;NA;NA;NA;NA;44;381
2023-02-10;"0-60";20;20;20;20;20;20;20;20;20;20;20;20;101;101;101;101;101;101;101;101;101;101;101;101;1;1;1;1;1;1;1;1;1;1;1;20;101
2023-02-10;"60+";45;45;45;45;45;45;45;45;45;45;45;45;296;296;296;296;296;296;296;296;296;296;296;296;1;1;1;1;1;1;1;1;1;1;1;45;294
2023-02-10;"alle";65;65;65;65;65;65;65;65;65;65;65;65;397;397;397;397;397;397;397;397;397;397;397;397;NA;NA;NA;NA;NA;NA;NA;NA;NA;NA;NA;65;395
2023-02-09;"0-60";19;19;19;19;19;19;19;19;19;19;19;19;92;92;92;92;92;92;92;92;92;92;92;92;1;1;1;1;1;1;1;1;1;1;1;19;92
2023-02-09;"60+";61;61;61;61;61;61;61;61;61;61;61;61;301;301;301;301;301;301;301;301;301;301;301;301;1;1;1;1;1;1;1;1;1;1;1;61;298
2023-02-09;"alle";80;80;80;80;80;80;80;80;80;80;80;80;393;393;393;393;393;393;393;393;393;393;393;393;NA;NA;NA;NA;NA;NA;NA;NA;NA;NA;NA;80;390
2023-02-08;"0-60";23;23;23;23;23;23;23;23;23;23;23;23;91;91;91;91;91;91;91;91;91;91;91;91;1;1;1;1;1;1;1;1;1;1;1;23;91
2023-02-08;"60+";44;44;44;44;44;44;44;44;44;44;44;44;298;298;298;298;298;298;298;298;298;298;298;298;1;1;1;1;1;1;1;1;1;1;1;44;295
2023-02-08;"alle";67;67;67;67;67;67;67;67;67;67;67;67;389;389;389;389;389;389;389;389;389;389;389;389;NA;NA;NA;NA;NA;NA;NA;NA;NA;NA;NA;67;386
2023-02-07;"0-60";24;24;24;24;24;24;24;24;24;24;24;24;80;80;80;80;80;80;80;80;80;80;80;80;1;1;1;1;1;1;1;1;1;1;1;24;80
2023-02-07;"60+";70;70;70;70;70;70;70;70;70;70;70;70;307;307;307;307;307;307;307;307;307;307;307;307;1;1;1;1;1;1;1;1;1;1;1;70;304
2023-02-07;"alle";94;94;94;94;94;94;94;94;94;94;94;94;387;387;387;387;387;387;387;387;387;387;387;387;NA;NA;NA;NA;NA;NA;NA;NA;NA;NA;NA;94;384
2023-02-06;"0-60";5;5;5;5;5;5;5;5;5;5;5;5;79;79;79;79;79;79;79;79;79;79;79;79;1;1;1;1;1;1;1;1;1;1;1;5;78
2023-02-06;"60+";14;14;14;14;14;14;14;14;14;14;14;14;317;317;317;317;317;317;317;317;317;317;317;317;1;1;1;1;1;1;1;1;1;1;1;14;314
2023-02-06;"alle";19;19;19;19;19;19;19;19;19;19;19;19;396;396;396;396;396;396;396;396;396;396;396;396;NA;NA;NA;NA;NA;NA;NA;NA;NA;NA;NA;19;392
2023-02-05;"0-60";2;2;2;2;2;2;2;2;2;2;2;2;77;77;77;77;77;77;77;77;77;77;77;77;1;1;1;1;1;1;1;1;1;1;1;2;76
2023-02-05;"60+";11;11;11;11;11;11;11;11;11;11;11;11;324;324;324;324;324;324;324;324;324;324;324;324;1;1;1;1;1;1;1;1;1;1;1;10;321
2023-02-05;"alle";13;13;13;13;13;13;13;13;13;13;13;13;401;401;401;401;401;401;401;401;401;401;401;401;NA;NA;NA;NA;NA;NA;NA;NA;NA;NA;NA;12;397
2023-02-04;"0-60";8;8;8;8;8;8;8;8;8;8;8;8;79;79;79;79;79;79;79;79;79;79;79;79;1;1;1;1;1;1;1;1;1;1;1;8;78
2023-02-04;"60+";51;51;51;51;51;51;51;51;51;51;51;51;321;321;321;321;321;321;321;321;321;321;321;321;1;1;1;1;1;1;1;1;1;1;1;50;319
2023-02-04;"alle";59;59;59;59;59;59;59;59;59;59;59;59;400;400;400;400;400;400;400;400;400;400;400;400;NA;NA;NA;NA;NA;NA;NA;NA;NA;NA;NA;58;397
2023-02-03;"0-60";11;11;11;11;11;11;11;11;11;11;11;11;79;79;79;79;79;79;79;79;79;79;79;79;1;1;1;1;1;1;1;1;1;1;1;11;77
2023-02-03;"60+";50;50;50;50;50;50;50;50;50;50;50;50;309;309;309;309;309;309;309;309;309;309;309;309;1;1;1;1;1;1;1;1;1;1;1;49;307
2023-02-03;"alle";61;61;61;61;61;61;61;61;61;61;61;61;388;388;388;388;388;388;388;388;388;388;388;388;NA;NA;NA;NA;NA;NA;NA;NA;NA;NA;NA;60;384
2023-02-02;"0-60";18;18;18;18;18;18;18;18;18;18;18;18;87;87;87;87;87;87;87;87;87;87;87;87;1;1;1;1;1;1;1;1;1;1;1;18;84
2023-02-02;"60+";58;58;58;58;58;58;58;58;58;58;58;58;303;303;303;303;303;303;303;303;303;303;303;303;1;1;1;1;1;1;1;1;1;1;1;58;302
2023-02-02;"alle";76;76;76;76;76;76;76;76;76;76;76;76;390;390;390;390;390;390;390;390;390;390;390;390;NA;NA;NA;NA;NA;NA;NA;NA;NA;NA;NA;76;386
2023-02-01;"0-60";12;12;12;12;12;12;12;12;12;12;12;12;85;85;85;85;85;85;85;85;85;85;85;85;1;1;1;1;1;1;1;1;1;1;1;12;82
2023-02-01;"60+";53;53;53;53;53;53;53;53;53;53;53;53;285;285;285;285;285;285;285;285;285;285;285;285;1;1;1;1;1;1;1;1;1;1;1;53;284
2023-02-01;"alle";65;65;65;65;65;65;65;65;65;65;65;65;370;370;370;370;370;370;370;370;370;370;370;370;NA;NA;NA;NA;NA;NA;NA;NA;NA;NA;NA;65;366
2023-01-31;"0-60";23;23;23;23;23;23;23;23;23;23;23;23;92;92;92;92;92;92;92;92;92;92;92;92;1;1;1;1;1;1;1;1;1;1;1;22;89
2023-01-31;"60+";80;80;80;80;80;80;80;80;80;80;80;80;282;282;282;282;282;282;282;282;282;282;282;282;1;1;1;1;1;1;1;1;1;1;1;80;281
2023-01-31;"alle";103;103;103;103;103;103;103;103;103;103;103;103;374;374;374;374;374;374;374;374;374;374;374;374;NA;NA;NA;NA;NA;NA;NA;NA;NA;NA;NA;102;370
2023-01-30;"0-60";3;3;3;3;3;3;3;3;3;3;3;3;88;88;88;88;88;88;88;88;88;88;88;88;1;1;1;1;1;1;1;1;1;1;1;3;85
2023-01-30;"60+";21;21;21;21;21;21;21;21;21;21;21;21;257;257;257;257;257;257;257;257;257;257;257;257;1;1;1;1;1;1;1;1;1;1;1;21;255
2023-01-30;"alle";24;24;24;24;24;24;24;24;24;24;24;24;345;345;345;345;345;345;345;345;345;345;345;345;NA;NA;NA;NA;NA;NA;NA;NA;NA;NA;NA;24;340
2023-01-29;"0-60";4;4;4;4;4;4;4;4;4;4;4;4;88;88;88;88;88;88;88;88;88;88;88;88;1;1;1;1;1;1;1;1;1;1;1;4;85
2023-01-29;"60+";8;8;8;8;8;8;8;8;8;8;8;8;253;253;253;253;253;253;253;253;253;253;253;253;1;1;1;1;1;1;1;1;1;1;1;8;251
2023-01-29;"alle";12;12;12;12;12;12;12;12;12;12;12;12;341;341;341;341;341;341;341;341;341;341;341;341;NA;NA;NA;NA;NA;NA;NA;NA;NA;NA;NA;12;336
2023-01-28;"0-60";8;8;8;8;8;8;8;8;8;8;8;8;87;87;87;87;87;87;87;87;87;87;87;87;1;1;1;1;1;1;1;1;1;1;1;7;84
2023-01-28;"60+";39;39;39;39;39;39;39;39;39;39;39;39;248;248;248;248;248;248;248;248;248;248;248;248;1;1;1;1;1;1;1;1;1;1;1;38;246
2023-01-28;"alle";47;47;47;47;47;47;47;47;47;47;47;47;335;335;335;335;335;335;335;335;335;335;335;335;NA;NA;NA;NA;NA;NA;NA;NA;NA;NA;NA;45;330
2023-01-27;"0-60";19;19;19;19;19;19;19;19;19;19;19;19;87;87;87;87;87;87;87;87;87;87;87;87;1;1;1;1;1;1;1;1;1;1;1;18;85
2023-01-27;"60+";44;44;44;44;44;44;44;44;44;44;44;44;232;232;232;232;232;232;232;232;232;232;232;232;1;1;1;1;1;1;1;1;1;1;1;44;230
2023-01-27;"alle";63;63;63;63;63;63;63;63;63;63;63;63;319;319;319;319;319;319;319;319;319;319;319;319;NA;NA;NA;NA;NA;NA;NA;NA;NA;NA;NA;62;315
2023-01-26;"0-60";16;16;16;16;16;16;16;16;16;16;16;16;77;77;77;77;77;77;77;77;77;77;77;77;1;1;1;1;1;1;1;1;1;1;1;16;76
2023-01-26;"60+";40;40;40;40;40;40;40;40;40;40;40;40;231;231;231;231;231;231;231;231;231;231;231;231;1;1;1;1;1;1;1;1;1;1;1;40;229
2023-01-26;"alle";56;56;56;56;56;56;56;56;56;56;56;56;308;308;308;308;308;308;308;308;308;308;308;308;NA;NA;NA;NA;NA;NA;NA;NA;NA;NA;NA;56;305
2023-01-25;"0-60";19;19;19;19;19;19;19;19;19;19;19;19;73;73;73;73;73;73;73;73;73;73;73;73;1;1;1;1;1;1;1;1;1;1;1;19;72
2023-01-25;"60+";50;50;50;50;50;50;50;50;50;50;50;50;239;239;239;239;239;239;239;239;239;239;239;239;1;1;1;1;1;1;1;1;1;1;1;50;236
2023-01-25;"alle";69;69;69;69;69;69;69;69;69;69;69;69;312;312;312;312;312;312;312;312;312;312;312;312;NA;NA;NA;NA;NA;NA;NA;NA;NA;NA;NA;69;308
2023-01-24;"0-60";19;19;19;19;19;19;19;19;19;19;19;19;65;65;65;65;65;65;65;65;65;65;65;65;1;1;1;1;1;1;1;1;1;1;1;18;64
2023-01-24;"60+";55;55;55;55;55;55;55;55;55;55;55;55;239;239;239;239;239;239;239;239;239;239;239;239;1;1;1;1;1;1;1;1;1;1;1;54;233
2023-01-24;"alle";74;74;74;74;74;74;74;74;74;74;74;74;304;304;304;304;304;304;304;304;304;304;304;304;NA;NA;NA;NA;NA;NA;NA;NA;NA;NA;NA;72;297
2023-01-23;"0-60";3;3;3;3;3;3;3;3;3;3;3;3;62;62;62;62;62;62;62;62;62;62;62;62;1;1;1;1;1;1;1;1;1;1;1;3;62
2023-01-23;"60+";17;17;17;17;17;17;17;17;17;17;17;17;253;253;253;253;253;253;253;253;253;253;253;253;1;1;1;1;1;1;1;1;1;1;1;17;247
2023-01-23;"alle";20;20;20;20;20;20;20;20;20;20;20;20;315;315;315;315;315;315;315;315;315;315;315;315;NA;NA;NA;NA;NA;NA;NA;NA;NA;NA;NA;20;310
2023-01-22;"0-60";3;3;3;3;3;3;3;3;3;3;3;3;60;60;60;60;60;60;60;60;60;60;60;60;1;1;1;1;1;1;1;1;1;1;1;3;60
2023-01-22;"60+";3;3;3;3;3;3;3;3;3;3;3;3;247;247;247;247;247;247;247;247;247;247;247;247;1;1;1;1;1;1;1;1;1;1;1;3;241
2023-01-22;"alle";6;6;6;6;6;6;6;6;6;6;6;6;307;307;307;307;307;307;307;307;307;307;307;307;NA;NA;NA;NA;NA;NA;NA;NA;NA;NA;NA;6;302
2023-01-21;"0-60";8;8;8;8;8;8;8;8;8;8;8;8;62;62;62;62;62;62;62;62;62;62;62;62;1;1;1;1;1;1;1;1;1;1;1;8;62
2023-01-21;"60+";23;23;23;23;23;23;23;23;23;23;23;23;258;258;258;258;258;258;258;258;258;258;258;258;1;1;1;1;1;1;1;1;1;1;1;22;251
2023-01-21;"alle";31;31;31;31;31;31;31;31;31;31;31;31;320;320;320;320;320;320;320;320;320;320;320;320;NA;NA;NA;NA;NA;NA;NA;NA;NA;NA;NA;30;314
2023-01-20;"0-60";9;9;9;9;9;9;9;9;9;9;9;9;62;62;62;62;62;62;62;62;62;62;62;62;1;1;1;1;1;1;1;1;1;1;1;9;62
2023-01-20;"60+";43;43;43;43;43;43;43;43;43;43;43;43;267;267;267;267;267;267;267;267;267;267;267;267;1;1;1;1;1;1;1;1;1;1;1;43;261
2023-01-20;"alle";52;52;52;52;52;52;52;52;52;52;52;52;329;329;329;329;329;329;329;329;329;329;329;329;NA;NA;NA;NA;NA;NA;NA;NA;NA;NA;NA;52;324
2023-01-19;"0-60";12;12;12;12;12;12;12;12;12;12;12;12;66;66;66;66;66;66;66;66;66;66;66;66;1;1;1;1;1;1;1;1;1;1;1;12;66
2023-01-19;"60+";48;48;48;48;48;48;48;48;48;48;48;48;275;275;275;275;275;275;275;275;275;275;275;275;1;1;1;1;1;1;1;1;1;1;1;47;269
2023-01-19;"alle";60;60;60;60;60;60;60;60;60;60;60;60;341;341;341;341;341;341;341;341;341;341;341;341;NA;NA;NA;NA;NA;NA;NA;NA;NA;NA;NA;59;336
2023-01-18;"0-60";11;11;11;11;11;11;11;11;11;11;11;11;61;61;61;61;61;61;61;61;61;61;61;61;1;1;1;1;1;1;1;1;1;1;1;11;61
2023-01-18;"60+";50;50;50;50;50;50;50;50;50;50;50;50;287;287;287;287;287;287;287;287;287;287;287;287;1;1;1;1;1;1;1;1;1;1;1;47;280
2023-01-18;"alle";61;61;61;61;61;61;61;61;61;61;61;61;348;348;348;348;348;348;348;348;348;348;348;348;NA;NA;NA;NA;NA;NA;NA;NA;NA;NA;NA;58;343
2023-01-17;"0-60";16;16;16;16;16;16;16;16;16;16;16;16;68;68;68;68;68;68;68;68;68;68;68;68;1;1;1;1;1;1;1;1;1;1;1;16;67
2023-01-17;"60+";69;69;69;69;69;69;69;69;69;69;69;69;311;311;311;311;311;311;311;311;311;311;311;311;1;1;1;1;1;1;1;1;1;1;1;68;306
2023-01-17;"alle";85;85;85;85;85;85;85;85;85;85;85;85;379;379;379;379;379;379;379;379;379;379;379;379;NA;NA;NA;NA;NA;NA;NA;NA;NA;NA;NA;85;375
2023-01-16;"0-60";1;1;1;1;1;1;1;1;1;1;1;1;85;85;85;85;85;85;85;85;85;85;85;85;1;1;1;1;1;1;1;1;1;1;1;1;83
2023-01-16;"60+";11;11;11;11;11;11;11;11;11;11;11;11;351;351;351;351;351;351;351;351;351;351;351;351;1;1;1;1;1;1;1;1;1;1;1;11;346
2023-01-16;"alle";12;12;12;12;12;12;12;12;12;12;12;12;436;436;436;436;436;436;436;436;436;436;436;436;NA;NA;NA;NA;NA;NA;NA;NA;NA;NA;NA;12;430
2023-01-15;"0-60";5;5;5;5;5;5;5;5;5;5;5;5;87;87;87;87;87;87;87;87;87;87;87;87;1;1;1;1;1;1;1;1;1;1;1;5;85
2023-01-15;"60+";14;14;14;14;14;14;14;14;14;14;14;14;350;350;350;350;350;350;350;350;350;350;350;350;1;1;1;1;1;1;1;1;1;1;1;13;345
2023-01-15;"alle";19;19;19;19;19;19;19;19;19;19;19;19;437;437;437;437;437;437;437;437;437;437;437;437;NA;NA;NA;NA;NA;NA;NA;NA;NA;NA;NA;18;431
2023-01-14;"0-60";8;8;8;8;8;8;8;8;8;8;8;8;82;82;82;82;82;82;82;82;82;82;82;82;1;1;1;1;1;1;1;1;1;1;1;8;80
2023-01-14;"60+";32;32;32;32;32;32;32;32;32;32;32;32;343;343;343;343;343;343;343;343;343;343;343;343;1;1;1;1;1;1;1;1;1;1;1;32;339
2023-01-14;"alle";40;40;40;40;40;40;40;40;40;40;40;40;425;425;425;425;425;425;425;425;425;425;425;425;NA;NA;NA;NA;NA;NA;NA;NA;NA;NA;NA;40;420
2023-01-13;"0-60";13;13;13;13;13;13;13;13;13;13;13;13;86;86;86;86;86;86;86;86;86;86;86;86;1;1;1;1;1;1;1;1;1;1;1;13;84
2023-01-13;"60+";51;51;51;51;51;51;51;51;51;51;51;51;360;360;360;360;360;360;360;360;360;360;360;360;1;1;1;1;1;1;1;1;1;1;1;51;354
2023-01-13;"alle";64;64;64;64;64;64;64;64;64;64;64;64;446;446;446;446;446;446;446;446;446;446;446;446;NA;NA;NA;NA;NA;NA;NA;NA;NA;NA;NA;64;439
2023-01-12;"0-60";7;7;7;7;7;7;7;7;7;7;7;7;95;95;95;95;95;95;95;95;95;95;95;95;1;1;1;1;1;1;1;1;1;1;1;7;93
2023-01-12;"60+";60;60;60;60;60;60;60;60;60;60;60;60;378;378;378;378;378;378;378;378;378;378;378;378;1;1;1;1;1;1;1;1;1;1;1;58;370
2023-01-12;"alle";67;67;67;67;67;67;67;67;67;67;67;67;473;473;473;473;473;473;473;473;473;473;473;473;NA;NA;NA;NA;NA;NA;NA;NA;NA;NA;NA;66;464
2023-01-11;"0-60";18;18;18;18;18;18;18;18;18;18;18;18;107;107;107;107;107;107;107;107;107;107;107;107;1;1;1;1;1;1;1;1;1;1;1;17;105
2023-01-11;"60+";74;74;74;74;74;74;74;74;74;74;74;74;401;401;401;401;401;401;401;401;401;401;401;401;1;1;1;1;1;1;1;1;1;1;1;73;391
2023-01-11;"alle";92;92;92;92;92;92;92;92;92;92;92;92;508;508;508;508;508;508;508;508;508;508;508;508;NA;NA;NA;NA;NA;NA;NA;NA;NA;NA;NA;90;496
2023-01-10;"0-60";33;33;33;33;33;33;33;33;33;33;33;33;124;124;124;124;124;124;124;124;124;124;124;124;1;1;1;1;1;1;1;1;1;1;1;32;123
2023-01-10;"60+";109;109;109;109;109;109;109;109;109;109;109;109;421;421;421;421;421;421;421;421;421;421;421;421;1;1;1;1;1;1;1;1;1;1;1;108;410
2023-01-10;"alle";142;142;142;142;142;142;142;142;142;142;142;142;545;545;545;545;545;545;545;545;545;545;545;545;NA;NA;NA;NA;NA;NA;NA;NA;NA;NA;NA;140;533
2023-01-09;"0-60";3;3;3;3;3;3;3;3;3;3;3;3;127;127;127;127;127;127;127;127;127;127;127;127;1;1;1;1;1;1;1;1;1;1;1;3;127
2023-01-09;"60+";10;10;10;10;10;10;10;10;10;10;10;10;471;471;471;471;471;471;471;471;471;471;471;471;1;1;1;1;1;1;1;1;1;1;1;10;458
2023-01-09;"alle";13;13;13;13;13;13;13;13;13;13;13;13;598;598;598;598;598;598;598;598;598;598;598;598;NA;NA;NA;NA;NA;NA;NA;NA;NA;NA;NA;13;585
2023-01-08;"0-60";0;0;0;0;0;0;0;0;0;0;0;0;129;129;129;129;129;129;129;129;129;129;129;129;1;1;1;1;1;1;1;1;1;1;1;0;129
2023-01-08;"60+";7;7;7;7;7;7;7;7;7;7;7;7;485;485;485;485;485;485;485;485;485;485;485;485;1;1;1;1;1;1;1;1;1;1;1;7;472
2023-01-08;"alle";7;7;7;7;7;7;7;7;7;7;7;7;614;614;614;614;614;614;614;614;614;614;614;614;NA;NA;NA;NA;NA;NA;NA;NA;NA;NA;NA;7;601
2023-01-07;"0-60";12;12;12;12;12;12;12;12;12;12;12;12;135;135;135;135;135;135;135;135;135;135;135;135;1;1;1;1;1;1;1;1;1;1;1;12;135
2023-01-07;"60+";49;49;49;49;49;49;49;49;49;49;49;49;491;491;491;491;491;491;491;491;491;491;491;491;1;1;1;1;1;1;1;1;1;1;1;47;477
2023-01-07;"alle";61;61;61;61;61;61;61;61;61;61;61;61;626;626;626;626;626;626;626;626;626;626;626;626;NA;NA;NA;NA;NA;NA;NA;NA;NA;NA;NA;59;612
2023-01-06;"0-60";22;22;22;22;22;22;22;22;22;22;22;22;140;140;140;140;140;140;140;140;140;140;140;140;1;1;1;1;1;1;1;1;1;1;1;22;140
2023-01-06;"60+";69;69;69;69;69;69;69;69;69;69;69;69;546;546;546;546;546;546;546;546;546;546;546;546;1;1;1;1;1;1;1;1;1;1;1;67;532
2023-01-06;"alle";91;91;91;91;91;91;91;91;91;91;91;91;686;686;686;686;686;686;686;686;686;686;686;686;NA;NA;NA;NA;NA;NA;NA;NA;NA;NA;NA;89;673
2023-01-05;"0-60";19;19;19;19;19;19;19;19;19;19;19;19;135;135;135;135;135;135;135;135;135;135;135;135;1;1;1;1;1;1;1;1;1;1;1;19;135
2023-01-05;"60+";83;83;83;83;83;83;83;83;83;83;83;83;572;572;572;572;572;572;572;572;572;572;572;572;1;1;1;1;1;1;1;1;1;1;1;79;559
2023-01-05;"alle";102;102;102;102;102;102;102;102;102;102;102;102;707;707;707;707;707;707;707;707;707;707;707;707;NA;NA;NA;NA;NA;NA;NA;NA;NA;NA;NA;98;695
2023-01-04;"0-60";35;35;35;35;35;35;35;35;35;35;35;35;156;156;156;156;156;156;156;156;156;156;156;156;1;1;1;1;1;1;1;1;1;1;1;35;156
2023-01-04;"60+";94;94;94;94;94;94;94;94;94;94;94;94;632;632;632;632;632;632;632;632;632;632;632;632;1;1;1;1;1;1;1;1;1;1;1;92;618
2023-01-04;"alle";129;129;129;129;129;129;129;129;129;129;129;129;788;788;788;788;788;788;788;788;788;788;788;788;NA;NA;NA;NA;NA;NA;NA;NA;NA;NA;NA;127;775
2023-01-03;"0-60";36;36;36;36;36;36;36;36;36;36;36;36;164;164;164;164;164;164;164;164;164;164;164;164;1;1;1;1;1;1;1;1;1;1;1;36;164
2023-01-03;"60+";159;159;159;159;159;159;159;159;159;159;159;159;721;721;721;721;721;721;721;721;721;721;721;721;1;1;1;1;1;1;1;1;1;1;1;156;705
2023-01-03;"alle";195;195;195;195;195;195;195;195;195;195;195;195;885;885;885;885;885;885;885;885;885;885;885;885;NA;NA;NA;NA;NA;NA;NA;NA;NA;NA;NA;192;870
2023-01-02;"0-60";5;5;5;5;5;5;5;5;5;5;5;5;131;131;131;131;131;131;131;131;131;131;131;131;1;1;1;1;1;1;1;1;1;1;1;5;131
2023-01-02;"60+";24;24;24;24;24;24;24;24;24;24;24;24;580;580;580;580;580;580;580;580;580;580;580;580;1;1;1;1;1;1;1;1;1;1;1;24;567
2023-01-02;"alle";29;29;29;29;29;29;29;29;29;29;29;29;711;711;711;711;711;711;711;711;711;711;711;711;NA;NA;NA;NA;NA;NA;NA;NA;NA;NA;NA;29;699
2023-01-01;"0-60";6;6;6;6;6;6;6;6;6;6;6;6;131;131;131;131;131;131;131;131;131;131;131;131;1;1;1;1;1;1;1;1;1;1;1;6;131
2023-01-01;"60+";13;13;13;13;13;13;13;13;13;13;13;13;572;572;572;572;572;572;572;572;572;572;572;572;1;1;1;1;1;1;1;1;1;1;1;12;559
2023-01-01;"alle";19;19;19;19;19;19;19;19;19;19;19;19;703;703;703;703;703;703;703;703;703;703;703;703;NA;NA;NA;NA;NA;NA;NA;NA;NA;NA;NA;18;691
2022-12-31;"0-60";17;17;17;17;17;17;17;17;17;17;17;17;130;130;130;130;130;130;130;130;130;130;130;130;1;1;1;1;1;1;1;1;1;1;1;17;130
2022-12-31;"60+";104;104;104;104;104;104;104;104;104;104;104;104;586;586;586;586;586;586;586;586;586;586;586;586;1;1;1;1;1;1;1;1;1;1;1;102;573
2022-12-31;"alle";121;121;121;121;121;121;121;121;121;121;121;121;716;716;716;716;716;716;716;716;716;716;716;716;NA;NA;NA;NA;NA;NA;NA;NA;NA;NA;NA;120;704
2022-12-30;"0-60";17;17;17;17;17;17;17;17;17;17;17;17;147;147;147;147;147;147;147;147;147;147;147;147;1;1;1;1;1;1;1;1;1;1;1;17;147
2022-12-30;"60+";95;95;95;95;95;95;95;95;95;95;95;95;589;589;589;589;589;589;589;589;589;589;589;589;1;1;1;1;1;1;1;1;1;1;1;94;578
2022-12-30;"alle";112;112;112;112;112;112;112;112;112;112;112;112;736;736;736;736;736;736;736;736;736;736;736;736;NA;NA;NA;NA;NA;NA;NA;NA;NA;NA;NA;111;725
2022-12-29;"0-60";40;40;40;40;40;40;40;40;40;40;40;40;162;162;162;162;162;162;162;162;162;162;162;162;1;1;1;1;1;1;1;1;1;1;1;40;162
2022-12-29;"60+";143;143;143;143;143;143;143;143;143;143;143;143;627;627;627;627;627;627;627;627;627;627;627;627;1;1;1;1;1;1;1;1;1;1;1;138;615
2022-12-29;"alle";183;183;183;183;183;183;183;183;183;183;183;183;789;789;789;789;789;789;789;789;789;789;789;789;NA;NA;NA;NA;NA;NA;NA;NA;NA;NA;NA;178;777
2022-12-28;"0-60";43;43;43;43;43;43;43;43;43;43;43;43;178;178;178;178;178;178;178;178;178;178;178;178;1;1;1;1;1;1;1;1;1;1;1;43;178
2022-12-28;"60+";183;183;183;183;183;183;183;183;183;183;183;183;616;616;616;616;616;616;616;616;616;616;616;616;1;1;1;1;1;1;1;1;1;1;1;179;605
2022-12-28;"alle";226;226;226;226;226;226;226;226;226;226;226;226;794;794;794;794;794;794;794;794;794;794;794;794;NA;NA;NA;NA;NA;NA;NA;NA;NA;NA;NA;222;783
2022-12-27;"0-60";3;3;3;3;3;3;3;3;3;3;3;3;188;188;188;188;188;188;188;188;188;188;188;188;1;1;1;1;1;1;1;1;1;1;1;3;188
2022-12-27;"60+";18;18;18;18;18;18;18;18;18;18;18;18;609;609;609;609;609;609;609;609;609;609;609;609;1;1;1;1;1;1;1;1;1;1;1;18;599
2022-12-27;"alle";21;21;21;21;21;21;21;21;21;21;21;21;797;797;797;797;797;797;797;797;797;797;797;797;NA;NA;NA;NA;NA;NA;NA;NA;NA;NA;NA;21;787
2022-12-26;"0-60";5;5;5;5;5;5;5;5;5;5;5;5;237;237;237;237;237;237;237;237;237;237;237;237;1;1;1;1;1;1;1;1;1;1;1;5;234
2022-12-26;"60+";16;16;16;16;16;16;16;16;16;16;16;16;818;818;818;818;818;818;818;818;818;818;818;818;1;1;1;1;1;1;1;1;1;1;1;16;799
2022-12-26;"alle";21;21;21;21;21;21;21;21;21;21;21;21;1055;1055;1055;1055;1055;1055;1055;1055;1055;1055;1055;1055;NA;NA;NA;NA;NA;NA;NA;NA;NA;NA;NA;21;1033
2022-12-25;"0-60";5;5;5;5;5;5;5;5;5;5;5;5;241;241;241;241;241;241;241;241;241;241;241;241;1;1;1;1;1;1;1;1;1;1;1;5;238
2022-12-25;"60+";27;27;27;27;27;27;27;27;27;27;27;27;828;828;828;828;828;828;828;828;828;828;828;828;1;1;1;1;1;1;1;1;1;1;1;26;808
2022-12-25;"alle";32;32;32;32;32;32;32;32;32;32;32;32;1069;1069;1069;1069;1069;1069;1069;1069;1069;1069;1069;1069;NA;NA;NA;NA;NA;NA;NA;NA;NA;NA;NA;31;1046
2022-12-24;"0-60";34;34;34;34;34;34;34;34;34;34;34;34;248;248;248;248;248;248;248;248;248;248;248;248;1;1;1;1;1;1;1;1;1;1;1;34;244
2022-12-24;"60+";107;107;107;107;107;107;107;107;107;107;107;107;821;821;821;821;821;821;821;821;821;821;821;821;1;1;1;1;1;1;1;1;1;1;1;107;802
2022-12-24;"alle";141;141;141;141;141;141;141;141;141;141;141;141;1069;1069;1069;1069;1069;1069;1069;1069;1069;1069;1069;1069;NA;NA;NA;NA;NA;NA;NA;NA;NA;NA;NA;141;1046
2022-12-23;"0-60";32;32;32;32;32;32;32;32;32;32;32;32;237;237;237;237;237;237;237;237;237;237;237;237;1;1;1;1;1;1;1;1;1;1;1;32;230
2022-12-23;"60+";133;133;133;133;133;133;133;133;133;133;133;133;812;812;812;812;812;812;812;812;812;812;812;812;1;1;1;1;1;1;1;1;1;1;1;131;789
2022-12-23;"alle";165;165;165;165;165;165;165;165;165;165;165;165;1049;1049;1049;1049;1049;1049;1049;1049;1049;1049;1049;1049;NA;NA;NA;NA;NA;NA;NA;NA;NA;NA;NA;163;1019
2022-12-22;"0-60";56;56;56;56;56;56;56;56;56;56;56;56;237;237;237;237;237;237;237;237;237;237;237;237;1;1;1;1;1;1;1;1;1;1;1;56;230
2022-12-22;"60+";132;132;132;132;132;132;132;132;132;132;132;132;811;811;811;811;811;811;811;811;811;811;811;811;1;1;1;1;1;1;1;1;1;1;1;128;790
2022-12-22;"alle";188;188;188;188;188;188;188;188;188;188;188;188;1048;1048;1048;1048;1048;1048;1048;1048;1048;1048;1048;1048;NA;NA;NA;NA;NA;NA;NA;NA;NA;NA;NA;184;1020
2022-12-21;"0-60";53;53;53;53;53;53;53;53;53;53;53;53;216;216;216;216;216;216;216;216;216;216;216;216;1;1;1;1;1;1;1;1;1;1;1;53;209
2022-12-21;"60+";176;176;176;176;176;176;176;176;176;176;176;176;788;788;788;788;788;788;788;788;788;788;788;788;1;1;1;1;1;1;1;1;1;1;1;173;766
2022-12-21;"alle";229;229;229;229;229;229;229;229;229;229;229;229;1004;1004;1004;1004;1004;1004;1004;1004;1004;1004;1004;1004;NA;NA;NA;NA;NA;NA;NA;NA;NA;NA;NA;226;975
2022-12-20;"0-60";52;52;52;52;52;52;52;52;52;52;52;52;199;199;199;199;199;199;199;199;199;199;199;199;1;1;1;1;1;1;1;1;1;1;1;49;191
2022-12-20;"60+";227;227;227;227;227;227;227;227;227;227;227;227;728;728;728;728;728;728;728;728;728;728;728;728;1;1;1;1;1;1;1;1;1;1;1;218;704
2022-12-20;"alle";279;279;279;279;279;279;279;279;279;279;279;279;927;927;927;927;927;927;927;927;927;927;927;927;NA;NA;NA;NA;NA;NA;NA;NA;NA;NA;NA;267;895
2022-12-19;"0-60";9;9;9;9;9;9;9;9;9;9;9;9;195;195;195;195;195;195;195;195;195;195;195;195;1;1;1;1;1;1;1;1;1;1;1;9;187
2022-12-19;"60+";26;26;26;26;26;26;26;26;26;26;26;26;683;683;683;683;683;683;683;683;683;683;683;683;1;1;1;1;1;1;1;1;1;1;1;25;665
2022-12-19;"alle";35;35;35;35;35;35;35;35;35;35;35;35;878;878;878;878;878;878;878;878;878;878;878;878;NA;NA;NA;NA;NA;NA;NA;NA;NA;NA;NA;34;852
2022-12-18;"0-60";12;12;12;12;12;12;12;12;12;12;12;12;204;204;204;204;204;204;204;204;204;204;204;204;1;1;1;1;1;1;1;1;1;1;1;11;196
2022-12-18;"60+";20;20;20;20;20;20;20;20;20;20;20;20;689;689;689;689;689;689;689;689;689;689;689;689;1;1;1;1;1;1;1;1;1;1;1;20;670
2022-12-18;"alle";32;32;32;32;32;32;32;32;32;32;32;32;893;893;893;893;893;893;893;893;893;893;893;893;NA;NA;NA;NA;NA;NA;NA;NA;NA;NA;NA;31;866
2022-12-17;"0-60";23;23;23;23;23;23;23;23;23;23;23;23;195;195;195;195;195;195;195;195;195;195;195;195;1;1;1;1;1;1;1;1;1;1;1;20;188
2022-12-17;"60+";98;98;98;98;98;98;98;98;98;98;98;98;702;702;702;702;702;702;702;702;702;702;702;702;1;1;1;1;1;1;1;1;1;1;1;94;681
2022-12-17;"alle";121;121;121;121;121;121;121;121;121;121;121;121;897;897;897;897;897;897;897;897;897;897;897;897;NA;NA;NA;NA;NA;NA;NA;NA;NA;NA;NA;114;869
2022-12-16;"0-60";32;32;32;32;32;32;32;32;32;32;32;32;196;196;196;196;196;196;196;196;196;196;196;196;1;1;1;1;1;1;1;1;1;1;1;32;192
2022-12-16;"60+";132;132;132;132;132;132;132;132;132;132;132;132;705;705;705;705;705;705;705;705;705;705;705;705;1;1;1;1;1;1;1;1;1;1;1;132;685
2022-12-16;"alle";164;164;164;164;164;164;164;164;164;164;164;164;901;901;901;901;901;901;901;901;901;901;901;901;NA;NA;NA;NA;NA;NA;NA;NA;NA;NA;NA;164;877
2022-12-15;"0-60";35;35;35;35;35;35;35;35;35;35;35;35;187;187;187;187;187;187;187;187;187;187;187;187;1;1;1;1;1;1;1;1;1;1;1;35;181
2022-12-15;"60+";109;109;109;109;109;109;109;109;109;109;109;109;682;682;682;682;682;682;682;682;682;682;682;682;1;1;1;1;1;1;1;1;1;1;1;104;660
2022-12-15;"alle";144;144;144;144;144;144;144;144;144;144;144;144;869;869;869;869;869;869;869;869;869;869;869;869;NA;NA;NA;NA;NA;NA;NA;NA;NA;NA;NA;139;841
2022-12-14;"0-60";36;36;36;36;36;36;36;36;36;36;36;36;180;180;180;180;180;180;180;180;180;180;180;180;1;1;1;1;1;1;1;1;1;1;1;35;171
2022-12-14;"60+";116;116;116;116;116;116;116;116;116;116;116;116;676;676;676;676;676;676;676;676;676;676;676;676;1;1;1;1;1;1;1;1;1;1;1;111;658
2022-12-14;"alle";152;152;152;152;152;152;152;152;152;152;152;152;856;856;856;856;856;856;856;856;856;856;856;856;NA;NA;NA;NA;NA;NA;NA;NA;NA;NA;NA;146;830
2022-12-13;"0-60";48;48;48;48;48;48;48;48;48;48;48;48;186;186;186;186;186;186;186;186;186;186;186;186;1;1;1;1;1;1;1;1;1;1;1;45;177
2022-12-13;"60+";182;182;182;182;182;182;182;182;182;182;182;182;685;685;685;685;685;685;685;685;685;685;685;685;1;1;1;1;1;1;1;1;1;1;1;179;669
2022-12-13;"alle";230;230;230;230;230;230;230;230;230;230;230;230;871;871;871;871;871;871;871;871;871;871;871;871;NA;NA;NA;NA;NA;NA;NA;NA;NA;NA;NA;224;848
2022-12-12;"0-60";18;18;18;18;18;18;18;18;18;18;18;18;184;184;184;184;184;184;184;184;184;184;184;184;1;1;1;1;1;1;1;1;1;1;1;18;177
2022-12-12;"60+";32;32;32;32;32;32;32;32;32;32;32;32;632;632;632;632;632;632;632;632;632;632;632;632;1;1;1;1;1;1;1;1;1;1;1;30;616
2022-12-12;"alle";50;50;50;50;50;50;50;50;50;50;50;50;816;816;816;816;816;816;816;816;816;816;816;816;NA;NA;NA;NA;NA;NA;NA;NA;NA;NA;NA;48;795
2022-12-11;"0-60";3;3;3;3;3;3;3;3;3;3;3;3;172;172;172;172;172;172;172;172;172;172;172;172;1;1;1;1;1;1;1;1;1;1;1;3;164
2022-12-11;"60+";33;33;33;33;33;33;33;33;33;33;33;33;618;618;618;618;618;618;618;618;618;618;618;618;1;1;1;1;1;1;1;1;1;1;1;31;604
2022-12-11;"alle";36;36;36;36;36;36;36;36;36;36;36;36;790;790;790;790;790;790;790;790;790;790;790;790;NA;NA;NA;NA;NA;NA;NA;NA;NA;NA;NA;34;770
2022-12-10;"0-60";24;24;24;24;24;24;24;24;24;24;24;24;173;173;173;173;173;173;173;173;173;173;173;173;1;1;1;1;1;1;1;1;1;1;1;24;165
2022-12-10;"60+";101;101;101;101;101;101;101;101;101;101;101;101;604;604;604;604;604;604;604;604;604;604;604;604;1;1;1;1;1;1;1;1;1;1;1;98;592
2022-12-10;"alle";125;125;125;125;125;125;125;125;125;125;125;125;777;777;777;777;777;777;777;777;777;777;777;777;NA;NA;NA;NA;NA;NA;NA;NA;NA;NA;NA;122;759
2022-12-09;"0-60";23;23;23;23;23;23;23;23;23;23;23;23;178;178;178;178;178;178;178;178;178;178;178;178;1;1;1;1;1;1;1;1;1;1;1;21;167
2022-12-09;"60+";109;109;109;109;109;109;109;109;109;109;109;109;577;577;577;577;577;577;577;577;577;577;577;577;1;1;1;1;1;1;1;1;1;1;1;107;563
2022-12-09;"alle";132;132;132;132;132;132;132;132;132;132;132;132;755;755;755;755;755;755;755;755;755;755;755;755;NA;NA;NA;NA;NA;NA;NA;NA;NA;NA;NA;128;732
2022-12-08;"0-60";28;28;28;28;28;28;28;28;28;28;28;28;182;182;182;182;182;182;182;182;182;182;182;182;1;1;1;1;1;1;1;1;1;1;1;25;172
2022-12-08;"60+";103;103;103;103;103;103;103;103;103;103;103;103;573;573;573;573;573;573;573;573;573;573;573;573;1;1;1;1;1;1;1;1;1;1;1;102;557
2022-12-08;"alle";131;131;131;131;131;131;131;131;131;131;131;131;755;755;755;755;755;755;755;755;755;755;755;755;NA;NA;NA;NA;NA;NA;NA;NA;NA;NA;NA;128;731
2022-12-07;"0-60";42;42;42;42;42;42;42;42;42;42;42;42;183;183;183;183;183;183;183;183;183;183;183;183;1;1;1;1;1;1;1;1;1;1;1;41;176
2022-12-07;"60+";125;125;125;125;125;125;125;125;125;125;125;125;562;562;562;562;562;562;562;562;562;562;562;562;1;1;1;1;1;1;1;1;1;1;1;122;542
2022-12-07;"alle";167;167;167;167;167;167;167;167;167;167;167;167;745;745;745;745;745;745;745;745;745;745;745;745;NA;NA;NA;NA;NA;NA;NA;NA;NA;NA;NA;164;719
2022-12-06;"0-60";46;46;46;46;46;46;46;46;46;46;46;46;157;157;157;157;157;157;157;157;157;157;157;157;1;1;1;1;1;1;1;1;1;1;1;45;151
2022-12-06;"60+";129;129;129;129;129;129;129;129;129;129;129;129;559;559;559;559;559;559;559;559;559;559;559;559;1;1;1;1;1;1;1;1;1;1;1;126;536
2022-12-06;"alle";175;175;175;175;175;175;175;175;175;175;175;175;716;716;716;716;716;716;716;716;716;716;716;716;NA;NA;NA;NA;NA;NA;NA;NA;NA;NA;NA;171;687
2022-12-05;"0-60";6;6;6;6;6;6;6;6;6;6;6;6;155;155;155;155;155;155;155;155;155;155;155;155;1;1;1;1;1;1;1;1;1;1;1;5;147
2022-12-05;"60+";18;18;18;18;18;18;18;18;18;18;18;18;597;597;597;597;597;597;597;597;597;597;597;597;1;1;1;1;1;1;1;1;1;1;1;18;572
2022-12-05;"alle";24;24;24;24;24;24;24;24;24;24;24;24;752;752;752;752;752;752;752;752;752;752;752;752;NA;NA;NA;NA;NA;NA;NA;NA;NA;NA;NA;23;719
2022-12-04;"0-60";4;4;4;4;4;4;4;4;4;4;4;4;154;154;154;154;154;154;154;154;154;154;154;154;1;1;1;1;1;1;1;1;1;1;1;4;147
2022-12-04;"60+";19;19;19;19;19;19;19;19;19;19;19;19;595;595;595;595;595;595;595;595;595;595;595;595;1;1;1;1;1;1;1;1;1;1;1;19;570
2022-12-04;"alle";23;23;23;23;23;23;23;23;23;23;23;23;749;749;749;749;749;749;749;749;749;749;749;749;NA;NA;NA;NA;NA;NA;NA;NA;NA;NA;NA;23;717
2022-12-03;"0-60";29;29;29;29;29;29;29;29;29;29;29;29;153;153;153;153;153;153;153;153;153;153;153;153;1;1;1;1;1;1;1;1;1;1;1;26;146
2022-12-03;"60+";74;74;74;74;74;74;74;74;74;74;74;74;589;589;589;589;589;589;589;589;589;589;589;589;1;1;1;1;1;1;1;1;1;1;1;69;562
2022-12-03;"alle";103;103;103;103;103;103;103;103;103;103;103;103;742;742;742;742;742;742;742;742;742;742;742;742;NA;NA;NA;NA;NA;NA;NA;NA;NA;NA;NA;95;708
2022-12-02;"0-60";27;27;27;27;27;27;27;27;27;27;27;27;147;147;147;147;147;147;147;147;147;147;147;147;1;1;1;1;1;1;1;1;1;1;1;26;142
2022-12-02;"60+";105;105;105;105;105;105;105;105;105;105;105;105;601;601;601;601;601;601;601;601;601;601;601;601;1;1;1;1;1;1;1;1;1;1;1;101;576
2022-12-02;"alle";132;132;132;132;132;132;132;132;132;132;132;132;748;748;748;748;748;748;748;748;748;748;748;748;NA;NA;NA;NA;NA;NA;NA;NA;NA;NA;NA;127;718
2022-12-01;"0-60";29;29;29;29;29;29;29;29;29;29;29;29;130;130;130;130;130;130;130;130;130;130;130;130;1;1;1;1;1;1;1;1;1;1;1;29;126
2022-12-01;"60+";92;92;92;92;92;92;92;92;92;92;92;92;545;545;545;545;545;545;545;545;545;545;545;545;1;1;1;1;1;1;1;1;1;1;1;87;523
2022-12-01;"alle";121;121;121;121;121;121;121;121;121;121;121;121;675;675;675;675;675;675;675;675;675;675;675;675;NA;NA;NA;NA;NA;NA;NA;NA;NA;NA;NA;116;649
2022-11-30;"0-60";16;16;16;16;16;16;16;16;16;16;16;16;122;122;122;122;122;122;122;122;122;122;122;122;1;1;1;1;1;1;1;1;1;1;1;16;117
2022-11-30;"60+";122;122;122;122;122;122;122;122;122;122;122;122;543;543;543;543;543;543;543;543;543;543;543;543;1;1;1;1;1;1;1;1;1;1;1;116;523
2022-11-30;"alle";138;138;138;138;138;138;138;138;138;138;138;138;665;665;665;665;665;665;665;665;665;665;665;665;NA;NA;NA;NA;NA;NA;NA;NA;NA;NA;NA;132;640
2022-11-29;"0-60";44;44;44;44;44;44;44;44;44;44;44;44;123;123;123;123;123;123;123;123;123;123;123;123;1;1;1;1;1;1;1;1;1;1;1;41;115
2022-11-29;"60+";167;167;167;167;167;167;167;167;167;167;167;167;488;488;488;488;488;488;488;488;488;488;488;488;1;1;1;1;1;1;1;1;1;1;1;162;471
2022-11-29;"alle";211;211;211;211;211;211;211;211;211;211;211;211;611;611;611;611;611;611;611;611;611;611;611;611;NA;NA;NA;NA;NA;NA;NA;NA;NA;NA;NA;203;586
2022-11-28;"0-60";5;5;5;5;5;5;5;5;5;5;5;5;115;115;115;115;115;115;115;115;115;115;115;115;1;1;1;1;1;1;1;1;1;1;1;5;109
2022-11-28;"60+";16;16;16;16;16;16;16;16;16;16;16;16;426;426;426;426;426;426;426;426;426;426;426;426;1;1;1;1;1;1;1;1;1;1;1;16;410
2022-11-28;"alle";21;21;21;21;21;21;21;21;21;21;21;21;541;541;541;541;541;541;541;541;541;541;541;541;NA;NA;NA;NA;NA;NA;NA;NA;NA;NA;NA;21;519
2022-11-27;"0-60";3;3;3;3;3;3;3;3;3;3;3;3;113;113;113;113;113;113;113;113;113;113;113;113;1;1;1;1;1;1;1;1;1;1;1;3;107
2022-11-27;"60+";13;13;13;13;13;13;13;13;13;13;13;13;423;423;423;423;423;423;423;423;423;423;423;423;1;1;1;1;1;1;1;1;1;1;1;11;407
2022-11-27;"alle";16;16;16;16;16;16;16;16;16;16;16;16;536;536;536;536;536;536;536;536;536;536;536;536;NA;NA;NA;NA;NA;NA;NA;NA;NA;NA;NA;14;514
2022-11-26;"0-60";23;23;23;23;23;23;23;23;23;23;23;23;111;111;111;111;111;111;111;111;111;111;111;111;1;1;1;1;1;1;1;1;1;1;1;22;105
2022-11-26;"60+";86;86;86;86;86;86;86;86;86;86;86;86;425;425;425;425;425;425;425;425;425;425;425;425;1;1;1;1;1;1;1;1;1;1;1;83;411
2022-11-26;"alle";109;109;109;109;109;109;109;109;109;109;109;109;536;536;536;536;536;536;536;536;536;536;536;536;NA;NA;NA;NA;NA;NA;NA;NA;NA;NA;NA;105;516
2022-11-25;"0-60";10;10;10;10;10;10;10;10;10;10;10;10;99;99;99;99;99;99;99;99;99;99;99;99;1;1;1;1;1;1;1;1;1;1;1;10;93
2022-11-25;"60+";49;49;49;49;49;49;49;49;49;49;49;49;374;374;374;374;374;374;374;374;374;374;374;374;1;1;1;1;1;1;1;1;1;1;1;48;362
2022-11-25;"alle";59;59;59;59;59;59;59;59;59;59;59;59;473;473;473;473;473;473;473;473;473;473;473;473;NA;NA;NA;NA;NA;NA;NA;NA;NA;NA;NA;58;455
2022-11-24;"0-60";21;21;21;21;21;21;21;21;21;21;21;21;106;106;106;106;106;106;106;106;106;106;106;106;1;1;1;1;1;1;1;1;1;1;1;20;100
2022-11-24;"60+";90;90;90;90;90;90;90;90;90;90;90;90;376;376;376;376;376;376;376;376;376;376;376;376;1;1;1;1;1;1;1;1;1;1;1;87;365
2022-11-24;"alle";111;111;111;111;111;111;111;111;111;111;111;111;482;482;482;482;482;482;482;482;482;482;482;482;NA;NA;NA;NA;NA;NA;NA;NA;NA;NA;NA;107;465
2022-11-23;"0-60";17;17;17;17;17;17;17;17;17;17;17;17;108;108;108;108;108;108;108;108;108;108;108;108;1;1;1;1;1;1;1;1;1;1;1;14;102
2022-11-23;"60+";67;67;67;67;67;67;67;67;67;67;67;67;344;344;344;344;344;344;344;344;344;344;344;344;1;1;1;1;1;1;1;1;1;1;1;64;335
2022-11-23;"alle";84;84;84;84;84;84;84;84;84;84;84;84;452;452;452;452;452;452;452;452;452;452;452;452;NA;NA;NA;NA;NA;NA;NA;NA;NA;NA;NA;78;437
2022-11-22;"0-60";36;36;36;36;36;36;36;36;36;36;36;36;109;109;109;109;109;109;109;109;109;109;109;109;1;1;1;1;1;1;1;1;1;1;1;35;106
2022-11-22;"60+";105;105;105;105;105;105;105;105;105;105;105;105;327;327;327;327;327;327;327;327;327;327;327;327;1;1;1;1;1;1;1;1;1;1;1;101;321
2022-11-22;"alle";141;141;141;141;141;141;141;141;141;141;141;141;436;436;436;436;436;436;436;436;436;436;436;436;NA;NA;NA;NA;NA;NA;NA;NA;NA;NA;NA;136;427
2022-11-21;"0-60";3;3;3;3;3;3;3;3;3;3;3;3;110;110;110;110;110;110;110;110;110;110;110;110;1;1;1;1;1;1;1;1;1;1;1;3;107
2022-11-21;"60+";13;13;13;13;13;13;13;13;13;13;13;13;323;323;323;323;323;323;323;323;323;323;323;323;1;1;1;1;1;1;1;1;1;1;1;13;318
2022-11-21;"alle";16;16;16;16;16;16;16;16;16;16;16;16;433;433;433;433;433;433;433;433;433;433;433;433;NA;NA;NA;NA;NA;NA;NA;NA;NA;NA;NA;16;425
2022-11-20;"0-60";1;1;1;1;1;1;1;1;1;1;1;1;109;109;109;109;109;109;109;109;109;109;109;109;1;1;1;1;1;1;1;1;1;1;1;1;106
2022-11-20;"60+";15;15;15;15;15;15;15;15;15;15;15;15;326;326;326;326;326;326;326;326;326;326;326;326;1;1;1;1;1;1;1;1;1;1;1;15;321
2022-11-20;"alle";16;16;16;16;16;16;16;16;16;16;16;16;435;435;435;435;435;435;435;435;435;435;435;435;NA;NA;NA;NA;NA;NA;NA;NA;NA;NA;NA;16;427
2022-11-19;"0-60";11;11;11;11;11;11;11;11;11;11;11;11;109;109;109;109;109;109;109;109;109;109;109;109;1;1;1;1;1;1;1;1;1;1;1;10;106
2022-11-19;"60+";35;35;35;35;35;35;35;35;35;35;35;35;319;319;319;319;319;319;319;319;319;319;319;319;1;1;1;1;1;1;1;1;1;1;1;34;314
2022-11-19;"alle";46;46;46;46;46;46;46;46;46;46;46;46;428;428;428;428;428;428;428;428;428;428;428;428;NA;NA;NA;NA;NA;NA;NA;NA;NA;NA;NA;44;420
2022-11-18;"0-60";17;17;17;17;17;17;17;17;17;17;17;17;106;106;106;106;106;106;106;106;106;106;106;106;1;1;1;1;1;1;1;1;1;1;1;17;102
2022-11-18;"60+";51;51;51;51;51;51;51;51;51;51;51;51;317;317;317;317;317;317;317;317;317;317;317;317;1;1;1;1;1;1;1;1;1;1;1;51;312
2022-11-18;"alle";68;68;68;68;68;68;68;68;68;68;68;68;423;423;423;423;423;423;423;423;423;423;423;423;NA;NA;NA;NA;NA;NA;NA;NA;NA;NA;NA;68;414
2022-11-17;"0-60";23;23;23;23;23;23;23;23;23;23;23;23;103;103;103;103;103;103;103;103;103;103;103;103;1;1;1;1;1;1;1;1;1;1;1;22;98
2022-11-17;"60+";58;58;58;58;58;58;58;58;58;58;58;58;310;310;310;310;310;310;310;310;310;310;310;310;1;1;1;1;1;1;1;1;1;1;1;57;303
2022-11-17;"alle";81;81;81;81;81;81;81;81;81;81;81;81;413;413;413;413;413;413;413;413;413;413;413;413;NA;NA;NA;NA;NA;NA;NA;NA;NA;NA;NA;79;401
2022-11-16;"0-60";18;18;18;18;18;18;18;18;18;18;18;18;100;100;100;100;100;100;100;100;100;100;100;100;1;1;1;1;1;1;1;1;1;1;1;18;94
2022-11-16;"60+";50;50;50;50;50;50;50;50;50;50;50;50;321;321;321;321;321;321;321;321;321;321;321;321;1;1;1;1;1;1;1;1;1;1;1;50;315
2022-11-16;"alle";68;68;68;68;68;68;68;68;68;68;68;68;421;421;421;421;421;421;421;421;421;421;421;421;NA;NA;NA;NA;NA;NA;NA;NA;NA;NA;NA;68;409
2022-11-15;"0-60";37;37;37;37;37;37;37;37;37;37;37;37;102;102;102;102;102;102;102;102;102;102;102;102;1;1;1;1;1;1;1;1;1;1;1;36;92
2022-11-15;"60+";101;101;101;101;101;101;101;101;101;101;101;101;333;333;333;333;333;333;333;333;333;333;333;333;1;1;1;1;1;1;1;1;1;1;1;98;322
2022-11-15;"alle";138;138;138;138;138;138;138;138;138;138;138;138;435;435;435;435;435;435;435;435;435;435;435;435;NA;NA;NA;NA;NA;NA;NA;NA;NA;NA;NA;134;414
2022-11-14;"0-60";2;2;2;2;2;2;2;2;2;2;2;2;98;98;98;98;98;98;98;98;98;98;98;98;1;1;1;1;1;1;1;1;1;1;1;2;89
2022-11-14;"60+";16;16;16;16;16;16;16;16;16;16;16;16;384;384;384;384;384;384;384;384;384;384;384;384;1;1;1;1;1;1;1;1;1;1;1;16;374
2022-11-14;"alle";18;18;18;18;18;18;18;18;18;18;18;18;482;482;482;482;482;482;482;482;482;482;482;482;NA;NA;NA;NA;NA;NA;NA;NA;NA;NA;NA;18;463
2022-11-13;"0-60";1;1;1;1;1;1;1;1;1;1;1;1;102;102;102;102;102;102;102;102;102;102;102;102;1;1;1;1;1;1;1;1;1;1;1;1;93
2022-11-13;"60+";8;8;8;8;8;8;8;8;8;8;8;8;381;381;381;381;381;381;381;381;381;381;381;381;1;1;1;1;1;1;1;1;1;1;1;8;369
2022-11-13;"alle";9;9;9;9;9;9;9;9;9;9;9;9;483;483;483;483;483;483;483;483;483;483;483;483;NA;NA;NA;NA;NA;NA;NA;NA;NA;NA;NA;9;462
2022-11-12;"0-60";8;8;8;8;8;8;8;8;8;8;8;8;103;103;103;103;103;103;103;103;103;103;103;103;1;1;1;1;1;1;1;1;1;1;1;6;94
2022-11-12;"60+";33;33;33;33;33;33;33;33;33;33;33;33;380;380;380;380;380;380;380;380;380;380;380;380;1;1;1;1;1;1;1;1;1;1;1;32;368
2022-11-12;"alle";41;41;41;41;41;41;41;41;41;41;41;41;483;483;483;483;483;483;483;483;483;483;483;483;NA;NA;NA;NA;NA;NA;NA;NA;NA;NA;NA;38;462
2022-11-11;"0-60";14;14;14;14;14;14;14;14;14;14;14;14;106;106;106;106;106;106;106;106;106;106;106;106;1;1;1;1;1;1;1;1;1;1;1;13;99
2022-11-11;"60+";44;44;44;44;44;44;44;44;44;44;44;44;398;398;398;398;398;398;398;398;398;398;398;398;1;1;1;1;1;1;1;1;1;1;1;42;383
2022-11-11;"alle";58;58;58;58;58;58;58;58;58;58;58;58;504;504;504;504;504;504;504;504;504;504;504;504;NA;NA;NA;NA;NA;NA;NA;NA;NA;NA;NA;55;483
2022-11-10;"0-60";20;20;20;20;20;20;20;20;20;20;20;20;119;119;119;119;119;119;119;119;119;119;119;119;1;1;1;1;1;1;1;1;1;1;1;18;111
2022-11-10;"60+";69;69;69;69;69;69;69;69;69;69;69;69;426;426;426;426;426;426;426;426;426;426;426;426;1;1;1;1;1;1;1;1;1;1;1;69;411
2022-11-10;"alle";89;89;89;89;89;89;89;89;89;89;89;89;545;545;545;545;545;545;545;545;545;545;545;545;NA;NA;NA;NA;NA;NA;NA;NA;NA;NA;NA;87;523
2022-11-09;"0-60";20;20;20;20;20;20;20;20;20;20;20;20;126;126;126;126;126;126;126;126;126;126;126;126;1;1;1;1;1;1;1;1;1;1;1;16;115
2022-11-09;"60+";62;62;62;62;62;62;62;62;62;62;62;62;450;450;450;450;450;450;450;450;450;450;450;450;1;1;1;1;1;1;1;1;1;1;1;57;433
2022-11-09;"alle";82;82;82;82;82;82;82;82;82;82;82;82;576;576;576;576;576;576;576;576;576;576;576;576;NA;NA;NA;NA;NA;NA;NA;NA;NA;NA;NA;73;549
2022-11-08;"0-60";33;33;33;33;33;33;33;33;33;33;33;33;147;147;147;147;147;147;147;147;147;147;147;147;1;1;1;1;1;1;1;1;1;1;1;33;137
2022-11-08;"60+";152;152;152;152;152;152;152;152;152;152;152;152;555;555;555;555;555;555;555;555;555;555;555;555;1;1;1;1;1;1;1;1;1;1;1;150;538
2022-11-08;"alle";185;185;185;185;185;185;185;185;185;185;185;185;702;702;702;702;702;702;702;702;702;702;702;702;NA;NA;NA;NA;NA;NA;NA;NA;NA;NA;NA;183;676
2022-11-07;"0-60";6;6;6;6;6;6;6;6;6;6;6;6;117;117;117;117;117;117;117;117;117;117;117;117;1;1;1;1;1;1;1;1;1;1;1;6;107
2022-11-07;"60+";13;13;13;13;13;13;13;13;13;13;13;13;420;420;420;420;420;420;420;420;420;420;420;420;1;1;1;1;1;1;1;1;1;1;1;11;404
2022-11-07;"alle";19;19;19;19;19;19;19;19;19;19;19;19;537;537;537;537;537;537;537;537;537;537;537;537;NA;NA;NA;NA;NA;NA;NA;NA;NA;NA;NA;17;512
2022-11-06;"0-60";2;2;2;2;2;2;2;2;2;2;2;2;115;115;115;115;115;115;115;115;115;115;115;115;1;1;1;1;1;1;1;1;1;1;1;2;105
2022-11-06;"60+";7;7;7;7;7;7;7;7;7;7;7;7;430;430;430;430;430;430;430;430;430;430;430;430;1;1;1;1;1;1;1;1;1;1;1;7;413
2022-11-06;"alle";9;9;9;9;9;9;9;9;9;9;9;9;545;545;545;545;545;545;545;545;545;545;545;545;NA;NA;NA;NA;NA;NA;NA;NA;NA;NA;NA;9;519
2022-11-05;"0-60";11;11;11;11;11;11;11;11;11;11;11;11;113;113;113;113;113;113;113;113;113;113;113;113;1;1;1;1;1;1;1;1;1;1;1;11;103
2022-11-05;"60+";51;51;51;51;51;51;51;51;51;51;51;51;430;430;430;430;430;430;430;430;430;430;430;430;1;1;1;1;1;1;1;1;1;1;1;47;413
2022-11-05;"alle";62;62;62;62;62;62;62;62;62;62;62;62;543;543;543;543;543;543;543;543;543;543;543;543;NA;NA;NA;NA;NA;NA;NA;NA;NA;NA;NA;59;517
2022-11-04;"0-60";27;27;27;27;27;27;27;27;27;27;27;27;120;120;120;120;120;120;120;120;120;120;120;120;1;1;1;1;1;1;1;1;1;1;1;25;109
2022-11-04;"60+";72;72;72;72;72;72;72;72;72;72;72;72;452;452;452;452;452;452;452;452;452;452;452;452;1;1;1;1;1;1;1;1;1;1;1;70;434
2022-11-04;"alle";99;99;99;99;99;99;99;99;99;99;99;99;572;572;572;572;572;572;572;572;572;572;572;572;NA;NA;NA;NA;NA;NA;NA;NA;NA;NA;NA;95;543
2022-11-03;"0-60";27;27;27;27;27;27;27;27;27;27;27;27;113;113;113;113;113;113;113;113;113;113;113;113;1;1;1;1;1;1;1;1;1;1;1;22;103
2022-11-03;"60+";93;93;93;93;93;93;93;93;93;93;93;93;464;464;464;464;464;464;464;464;464;464;464;464;1;1;1;1;1;1;1;1;1;1;1;91;447
2022-11-03;"alle";120;120;120;120;120;120;120;120;120;120;120;120;577;577;577;577;577;577;577;577;577;577;577;577;NA;NA;NA;NA;NA;NA;NA;NA;NA;NA;NA;113;550
2022-11-02;"0-60";41;41;41;41;41;41;41;41;41;41;41;41;106;106;106;106;106;106;106;106;106;106;106;106;1;1;1;1;1;1;1;1;1;1;1;38;97
2022-11-02;"60+";167;167;167;167;167;167;167;167;167;167;167;167;476;476;476;476;476;476;476;476;476;476;476;476;1;1;1;1;1;1;1;1;1;1;1;162;455
2022-11-02;"alle";208;208;208;208;208;208;208;208;208;208;208;208;582;582;582;582;582;582;582;582;582;582;582;582;NA;NA;NA;NA;NA;NA;NA;NA;NA;NA;NA;200;552
2022-11-01;"0-60";3;3;3;3;3;3;3;3;3;3;3;3;100;100;100;100;100;100;100;100;100;100;100;100;1;1;1;1;1;1;1;1;1;1;1;3;91
2022-11-01;"60+";17;17;17;17;17;17;17;17;17;17;17;17;399;399;399;399;399;399;399;399;399;399;399;399;1;1;1;1;1;1;1;1;1;1;1;16;379
2022-11-01;"alle";20;20;20;20;20;20;20;20;20;20;20;20;499;499;499;499;499;499;499;499;499;499;499;499;NA;NA;NA;NA;NA;NA;NA;NA;NA;NA;NA;19;470
2022-10-31;"0-60";4;4;4;4;4;4;4;4;4;4;4;4;156;156;156;156;156;156;156;156;156;156;156;156;1;1;1;1;1;1;1;1;1;1;1;4;143
2022-10-31;"60+";23;23;23;23;23;23;23;23;23;23;23;23;582;582;582;582;582;582;582;582;582;582;582;582;1;1;1;1;1;1;1;1;1;1;1;20;554
2022-10-31;"alle";27;27;27;27;27;27;27;27;27;27;27;27;738;738;738;738;738;738;738;738;738;738;738;738;NA;NA;NA;NA;NA;NA;NA;NA;NA;NA;NA;24;697
2022-10-30;"0-60";0;0;0;0;0;0;0;0;0;0;0;0;156;156;156;156;156;156;156;156;156;156;156;156;1;1;1;1;1;1;1;1;1;1;1;0;143
2022-10-30;"60+";7;7;7;7;7;7;7;7;7;7;7;7;579;579;579;579;579;579;579;579;579;579;579;579;1;1;1;1;1;1;1;1;1;1;1;7;552
2022-10-30;"alle";7;7;7;7;7;7;7;7;7;7;7;7;735;735;735;735;735;735;735;735;735;735;735;735;NA;NA;NA;NA;NA;NA;NA;NA;NA;NA;NA;7;695
2022-10-29;"0-60";18;18;18;18;18;18;18;18;18;18;18;18;159;159;159;159;159;159;159;159;159;159;159;159;1;1;1;1;1;1;1;1;1;1;1;17;145
2022-10-29;"60+";73;73;73;73;73;73;73;73;73;73;73;73;588;588;588;588;588;588;588;588;588;588;588;588;1;1;1;1;1;1;1;1;1;1;1;68;560
2022-10-29;"alle";91;91;91;91;91;91;91;91;91;91;91;91;747;747;747;747;747;747;747;747;747;747;747;747;NA;NA;NA;NA;NA;NA;NA;NA;NA;NA;NA;85;705
2022-10-28;"0-60";20;20;20;20;20;20;20;20;20;20;20;20;167;167;167;167;167;167;167;167;167;167;167;167;1;1;1;1;1;1;1;1;1;1;1;19;150
2022-10-28;"60+";84;84;84;84;84;84;84;84;84;84;84;84;616;616;616;616;616;616;616;616;616;616;616;616;1;1;1;1;1;1;1;1;1;1;1;83;584
2022-10-28;"alle";104;104;104;104;104;104;104;104;104;104;104;104;783;783;783;783;783;783;783;783;783;783;783;783;NA;NA;NA;NA;NA;NA;NA;NA;NA;NA;NA;102;734
2022-10-27;"0-60";20;20;20;20;20;20;20;20;20;20;20;20;183;183;183;183;183;183;183;183;183;183;183;183;1;1;1;1;1;1;1;1;1;1;1;16;162
2022-10-27;"60+";105;105;105;105;105;105;105;105;105;105;105;105;639;639;639;639;639;639;639;639;639;639;639;639;1;1;1;1;1;1;1;1;1;1;1;99;605
2022-10-27;"alle";125;125;125;125;125;125;125;125;125;125;125;125;822;822;822;822;822;822;822;822;822;822;822;822;NA;NA;NA;NA;NA;NA;NA;NA;NA;NA;NA;115;767
2022-10-26;"0-60";35;35;35;35;35;35;35;35;35;35;35;35;196;196;196;196;196;196;196;196;196;196;196;196;1;1;1;1;1;1;1;1;1;1;1;32;176
2022-10-26;"60+";90;90;90;90;90;90;90;90;90;90;90;90;645;645;645;645;645;645;645;645;645;645;645;645;1;1;1;1;1;1;1;1;1;1;1;86;609
2022-10-26;"alle";125;125;125;125;125;125;125;125;125;125;125;125;841;841;841;841;841;841;841;841;841;841;841;841;NA;NA;NA;NA;NA;NA;NA;NA;NA;NA;NA;118;785
2022-10-25;"0-60";59;59;59;59;59;59;59;59;59;59;59;59;214;214;214;214;214;214;214;214;214;214;214;214;1;1;1;1;1;1;1;1;1;1;1;55;194
2022-10-25;"60+";200;200;200;200;200;200;200;200;200;200;200;200;701;701;701;701;701;701;701;701;701;701;701;701;1;1;1;1;1;1;1;1;1;1;1;191;656
2022-10-25;"alle";259;259;259;259;259;259;259;259;259;259;259;259;915;915;915;915;915;915;915;915;915;915;915;915;NA;NA;NA;NA;NA;NA;NA;NA;NA;NA;NA;246;850
2022-10-24;"0-60";4;4;4;4;4;4;4;4;4;4;4;4;216;216;216;216;216;216;216;216;216;216;216;216;1;1;1;1;1;1;1;1;1;1;1;4;196
2022-10-24;"60+";20;20;20;20;20;20;20;20;20;20;20;20;751;751;751;751;751;751;751;751;751;751;751;751;1;1;1;1;1;1;1;1;1;1;1;18;701
2022-10-24;"alle";24;24;24;24;24;24;24;24;24;24;24;24;967;967;967;967;967;967;967;967;967;967;967;967;NA;NA;NA;NA;NA;NA;NA;NA;NA;NA;NA;22;897
2022-10-23;"0-60";3;3;3;3;3;3;3;3;3;3;3;3;216;216;216;216;216;216;216;216;216;216;216;216;1;1;1;1;1;1;1;1;1;1;1;2;196
2022-10-23;"60+";16;16;16;16;16;16;16;16;16;16;16;16;744;744;744;744;744;744;744;744;744;744;744;744;1;1;1;1;1;1;1;1;1;1;1;15;694
2022-10-23;"alle";19;19;19;19;19;19;19;19;19;19;19;19;960;960;960;960;960;960;960;960;960;960;960;960;NA;NA;NA;NA;NA;NA;NA;NA;NA;NA;NA;17;890
2022-10-22;"0-60";26;26;26;26;26;26;26;26;26;26;26;26;218;218;218;218;218;218;218;218;218;218;218;218;1;1;1;1;1;1;1;1;1;1;1;22;198
2022-10-22;"60+";101;101;101;101;101;101;101;101;101;101;101;101;751;751;751;751;751;751;751;751;751;751;751;751;1;1;1;1;1;1;1;1;1;1;1;92;695
2022-10-22;"alle";127;127;127;127;127;127;127;127;127;127;127;127;969;969;969;969;969;969;969;969;969;969;969;969;NA;NA;NA;NA;NA;NA;NA;NA;NA;NA;NA;114;893
2022-10-21;"0-60";36;36;36;36;36;36;36;36;36;36;36;36;230;230;230;230;230;230;230;230;230;230;230;230;1;1;1;1;1;1;1;1;1;1;1;31;211
2022-10-21;"60+";107;107;107;107;107;107;107;107;107;107;107;107;750;750;750;750;750;750;750;750;750;750;750;750;1;1;1;1;1;1;1;1;1;1;1;104;695
2022-10-21;"alle";143;143;143;143;143;143;143;143;143;143;143;143;980;980;980;980;980;980;980;980;980;980;980;980;NA;NA;NA;NA;NA;NA;NA;NA;NA;NA;NA;135;906
2022-10-20;"0-60";33;33;33;33;33;33;33;33;33;33;33;33;224;224;224;224;224;224;224;224;224;224;224;224;1;1;1;1;1;1;1;1;1;1;1;30;209
2022-10-20;"60+";111;111;111;111;111;111;111;111;111;111;111;111;757;757;757;757;757;757;757;757;757;757;757;757;1;1;1;1;1;1;1;1;1;1;1;103;695
2022-10-20;"alle";144;144;144;144;144;144;144;144;144;144;144;144;981;981;981;981;981;981;981;981;981;981;981;981;NA;NA;NA;NA;NA;NA;NA;NA;NA;NA;NA;133;904
2022-10-19;"0-60";53;53;53;53;53;53;53;53;53;53;53;53;231;231;231;231;231;231;231;231;231;231;231;231;1;1;1;1;1;1;1;1;1;1;1;50;211
2022-10-19;"60+";146;146;146;146;146;146;146;146;146;146;146;146;779;779;779;779;779;779;779;779;779;779;779;779;1;1;1;1;1;1;1;1;1;1;1;133;712
2022-10-19;"alle";199;199;199;199;199;199;199;199;199;199;199;199;1010;1010;1010;1010;1010;1010;1010;1010;1010;1010;1010;1010;NA;NA;NA;NA;NA;NA;NA;NA;NA;NA;NA;183;923
2022-10-18;"0-60";61;61;61;61;61;61;61;61;61;61;61;61;208;208;208;208;208;208;208;208;208;208;208;208;1;1;1;1;1;1;1;1;1;1;1;57;186
2022-10-18;"60+";250;250;250;250;250;250;250;250;250;250;250;250;779;779;779;779;779;779;779;779;779;779;779;779;1;1;1;1;1;1;1;1;1;1;1;236;707
2022-10-18;"alle";311;311;311;311;311;311;311;311;311;311;311;311;987;987;987;987;987;987;987;987;987;987;987;987;NA;NA;NA;NA;NA;NA;NA;NA;NA;NA;NA;293;893
2022-10-17;"0-60";4;4;4;4;4;4;4;4;4;4;4;4;197;197;197;197;197;197;197;197;197;197;197;197;1;1;1;1;1;1;1;1;1;1;1;4;176
2022-10-17;"60+";13;13;13;13;13;13;13;13;13;13;13;13;730;730;730;730;730;730;730;730;730;730;730;730;1;1;1;1;1;1;1;1;1;1;1;11;660
2022-10-17;"alle";17;17;17;17;17;17;17;17;17;17;17;17;927;927;927;927;927;927;927;927;927;927;927;927;NA;NA;NA;NA;NA;NA;NA;NA;NA;NA;NA;15;836
2022-10-16;"0-60";5;5;5;5;5;5;5;5;5;5;5;5;199;199;199;199;199;199;199;199;199;199;199;199;1;1;1;1;1;1;1;1;1;1;1;4;178
2022-10-16;"60+";23;23;23;23;23;23;23;23;23;23;23;23;749;749;749;749;749;749;749;749;749;749;749;749;1;1;1;1;1;1;1;1;1;1;1;16;679
2022-10-16;"alle";28;28;28;28;28;28;28;28;28;28;28;28;948;948;948;948;948;948;948;948;948;948;948;948;NA;NA;NA;NA;NA;NA;NA;NA;NA;NA;NA;20;857
2022-10-15;"0-60";38;38;38;38;38;38;38;38;38;38;38;38;198;198;198;198;198;198;198;198;198;198;198;198;1;1;1;1;1;1;1;1;1;1;1;35;178
2022-10-15;"60+";100;100;100;100;100;100;100;100;100;100;100;100;750;750;750;750;750;750;750;750;750;750;750;750;1;1;1;1;1;1;1;1;1;1;1;92;686
2022-10-15;"alle";138;138;138;138;138;138;138;138;138;138;138;138;948;948;948;948;948;948;948;948;948;948;948;948;NA;NA;NA;NA;NA;NA;NA;NA;NA;NA;NA;127;864
2022-10-14;"0-60";30;30;30;30;30;30;30;30;30;30;30;30;184;184;184;184;184;184;184;184;184;184;184;184;1;1;1;1;1;1;1;1;1;1;1;29;163
2022-10-14;"60+";114;114;114;114;114;114;114;114;114;114;114;114;751;751;751;751;751;751;751;751;751;751;751;751;1;1;1;1;1;1;1;1;1;1;1;104;686
2022-10-14;"alle";144;144;144;144;144;144;144;144;144;144;144;144;935;935;935;935;935;935;935;935;935;935;935;935;NA;NA;NA;NA;NA;NA;NA;NA;NA;NA;NA;133;849
2022-10-13;"0-60";40;40;40;40;40;40;40;40;40;40;40;40;191;191;191;191;191;191;191;191;191;191;191;191;1;1;1;1;1;1;1;1;1;1;1;32;165
2022-10-13;"60+";133;133;133;133;133;133;133;133;133;133;133;133;762;762;762;762;762;762;762;762;762;762;762;762;1;1;1;1;1;1;1;1;1;1;1;120;689
2022-10-13;"alle";173;173;173;173;173;173;173;173;173;173;173;173;953;953;953;953;953;953;953;953;953;953;953;953;NA;NA;NA;NA;NA;NA;NA;NA;NA;NA;NA;152;854
2022-10-12;"0-60";30;30;30;30;30;30;30;30;30;30;30;30;185;185;185;185;185;185;185;185;185;185;185;185;1;1;1;1;1;1;1;1;1;1;1;25;166
2022-10-12;"60+";146;146;146;146;146;146;146;146;146;146;146;146;748;748;748;748;748;748;748;748;748;748;748;748;1;1;1;1;1;1;1;1;1;1;1;128;679
2022-10-12;"alle";176;176;176;176;176;176;176;176;176;176;176;176;933;933;933;933;933;933;933;933;933;933;933;933;NA;NA;NA;NA;NA;NA;NA;NA;NA;NA;NA;153;845
2022-10-11;"0-60";50;50;50;50;50;50;50;50;50;50;50;50;223;223;223;223;223;223;223;223;223;223;223;223;1;1;1;1;1;1;1;1;1;1;1;47;203
2022-10-11;"60+";201;201;201;201;201;201;201;201;201;201;201;201;789;789;789;789;789;789;789;789;789;789;789;789;1;1;1;1;1;1;1;1;1;1;1;189;724
2022-10-11;"alle";251;251;251;251;251;251;251;251;251;251;251;251;1012;1012;1012;1012;1012;1012;1012;1012;1012;1012;1012;1012;NA;NA;NA;NA;NA;NA;NA;NA;NA;NA;NA;236;928
2022-10-10;"0-60";6;6;6;6;6;6;6;6;6;6;6;6;180;180;180;180;180;180;180;180;180;180;180;180;1;1;1;1;1;1;1;1;1;1;1;6;163
2022-10-10;"60+";32;32;32;32;32;32;32;32;32;32;32;32;620;620;620;620;620;620;620;620;620;620;620;620;1;1;1;1;1;1;1;1;1;1;1;30;561
2022-10-10;"alle";38;38;38;38;38;38;38;38;38;38;38;38;800;800;800;800;800;800;800;800;800;800;800;800;NA;NA;NA;NA;NA;NA;NA;NA;NA;NA;NA;36;725
2022-10-09;"0-60";4;4;4;4;4;4;4;4;4;4;4;4;179;179;179;179;179;179;179;179;179;179;179;179;1;1;1;1;1;1;1;1;1;1;1;4;162
2022-10-09;"60+";24;24;24;24;24;24;24;24;24;24;24;24;616;616;616;616;616;616;616;616;616;616;616;616;1;1;1;1;1;1;1;1;1;1;1;23;557
2022-10-09;"alle";28;28;28;28;28;28;28;28;28;28;28;28;795;795;795;795;795;795;795;795;795;795;795;795;NA;NA;NA;NA;NA;NA;NA;NA;NA;NA;NA;27;720
2022-10-08;"0-60";24;24;24;24;24;24;24;24;24;24;24;24;180;180;180;180;180;180;180;180;180;180;180;180;1;1;1;1;1;1;1;1;1;1;1;20;162
2022-10-08;"60+";101;101;101;101;101;101;101;101;101;101;101;101;615;615;615;615;615;615;615;615;615;615;615;615;1;1;1;1;1;1;1;1;1;1;1;92;553
2022-10-08;"alle";125;125;125;125;125;125;125;125;125;125;125;125;795;795;795;795;795;795;795;795;795;795;795;795;NA;NA;NA;NA;NA;NA;NA;NA;NA;NA;NA;112;716
2022-10-07;"0-60";37;37;37;37;37;37;37;37;37;37;37;37;183;183;183;183;183;183;183;183;183;183;183;183;1;1;1;1;1;1;1;1;1;1;1;31;164
2022-10-07;"60+";125;125;125;125;125;125;125;125;125;125;125;125;584;584;584;584;584;584;584;584;584;584;584;584;1;1;1;1;1;1;1;1;1;1;1;107;526
2022-10-07;"alle";162;162;162;162;162;162;162;162;162;162;162;162;767;767;767;767;767;767;767;767;767;767;767;767;NA;NA;NA;NA;NA;NA;NA;NA;NA;NA;NA;138;691
2022-10-06;"0-60";34;34;34;34;34;34;34;34;34;34;34;34;175;175;175;175;175;175;175;175;175;175;175;175;1;1;1;1;1;1;1;1;1;1;1;33;159
2022-10-06;"60+";119;119;119;119;119;119;119;119;119;119;119;119;514;514;514;514;514;514;514;514;514;514;514;514;1;1;1;1;1;1;1;1;1;1;1;110;471
2022-10-06;"alle";153;153;153;153;153;153;153;153;153;153;153;153;689;689;689;689;689;689;689;689;689;689;689;689;NA;NA;NA;NA;NA;NA;NA;NA;NA;NA;NA;143;631
2022-10-05;"0-60";68;68;68;68;68;68;68;68;68;68;68;68;170;170;170;170;170;170;170;170;170;170;170;170;1;1;1;1;1;1;1;1;1;1;1;62;153
2022-10-05;"60+";187;187;187;187;187;187;187;187;187;187;187;187;478;478;478;478;478;478;478;478;478;478;478;478;1;1;1;1;1;1;1;1;1;1;1;173;433
2022-10-05;"alle";255;255;255;255;255;255;255;255;255;255;255;255;648;648;648;648;648;648;648;648;648;648;648;648;NA;NA;NA;NA;NA;NA;NA;NA;NA;NA;NA;236;587
2022-10-04;"0-60";7;7;7;7;7;7;7;7;7;7;7;7;130;130;130;130;130;130;130;130;130;130;130;130;1;1;1;1;1;1;1;1;1;1;1;7;117
2022-10-04;"60+";32;32;32;32;32;32;32;32;32;32;32;32;366;366;366;366;366;366;366;366;366;366;366;366;1;1;1;1;1;1;1;1;1;1;1;26;329
2022-10-04;"alle";39;39;39;39;39;39;39;39;39;39;39;39;496;496;496;496;496;496;496;496;496;496;496;496;NA;NA;NA;NA;NA;NA;NA;NA;NA;NA;NA;33;446
2022-10-03;"0-60";5;5;5;5;5;5;5;5;5;5;5;5;155;155;155;155;155;155;155;155;155;155;155;155;1;1;1;1;1;1;1;1;1;1;1;5;139
2022-10-03;"60+";28;28;28;28;28;28;28;28;28;28;28;28;416;416;416;416;416;416;416;416;416;416;416;416;1;1;1;1;1;1;1;1;1;1;1;26;379
2022-10-03;"alle";33;33;33;33;33;33;33;33;33;33;33;33;571;571;571;571;571;571;571;571;571;571;571;571;NA;NA;NA;NA;NA;NA;NA;NA;NA;NA;NA;31;518
2022-10-02;"0-60";5;5;5;5;5;5;5;5;5;5;5;5;153;153;153;153;153;153;153;153;153;153;153;153;1;1;1;1;1;1;1;1;1;1;1;4;136
2022-10-02;"60+";23;23;23;23;23;23;23;23;23;23;23;23;404;404;404;404;404;404;404;404;404;404;404;404;1;1;1;1;1;1;1;1;1;1;1;19;367
2022-10-02;"alle";28;28;28;28;28;28;28;28;28;28;28;28;557;557;557;557;557;557;557;557;557;557;557;557;NA;NA;NA;NA;NA;NA;NA;NA;NA;NA;NA;23;503
2022-10-01;"0-60";27;27;27;27;27;27;27;27;27;27;27;27;153;153;153;153;153;153;153;153;153;153;153;153;1;1;1;1;1;1;1;1;1;1;1;22;135
2022-10-01;"60+";70;70;70;70;70;70;70;70;70;70;70;70;389;389;389;389;389;389;389;389;389;389;389;389;1;1;1;1;1;1;1;1;1;1;1;65;354
2022-10-01;"alle";97;97;97;97;97;97;97;97;97;97;97;97;542;542;542;542;542;542;542;542;542;542;542;542;NA;NA;NA;NA;NA;NA;NA;NA;NA;NA;NA;87;489
2022-09-30;"0-60";29;29;29;29;29;29;29;29;29;29;29;29;145;145;145;145;145;145;145;145;145;145;145;145;1;1;1;1;1;1;1;1;1;1;1;26;130
2022-09-30;"60+";55;55;55;55;55;55;55;55;55;55;55;55;363;363;363;363;363;363;363;363;363;363;363;363;1;1;1;1;1;1;1;1;1;1;1;52;327
2022-09-30;"alle";84;84;84;84;84;84;84;84;84;84;84;84;508;508;508;508;508;508;508;508;508;508;508;508;NA;NA;NA;NA;NA;NA;NA;NA;NA;NA;NA;78;457
2022-09-29;"0-60";29;29;29;29;29;29;29;29;29;29;29;29;126;126;126;126;126;126;126;126;126;126;126;126;1;1;1;1;1;1;1;1;1;1;1;27;114
2022-09-29;"60+";83;83;83;83;83;83;83;83;83;83;83;83;342;342;342;342;342;342;342;342;342;342;342;342;1;1;1;1;1;1;1;1;1;1;1;72;308
2022-09-29;"alle";112;112;112;112;112;112;112;112;112;112;112;112;468;468;468;468;468;468;468;468;468;468;468;468;NA;NA;NA;NA;NA;NA;NA;NA;NA;NA;NA;99;422
2022-09-28;"0-60";28;28;28;28;28;28;28;28;28;28;28;28;107;107;107;107;107;107;107;107;107;107;107;107;1;1;1;1;1;1;1;1;1;1;1;26;95
2022-09-28;"60+";75;75;75;75;75;75;75;75;75;75;75;75;318;318;318;318;318;318;318;318;318;318;318;318;1;1;1;1;1;1;1;1;1;1;1;69;286
2022-09-28;"alle";103;103;103;103;103;103;103;103;103;103;103;103;425;425;425;425;425;425;425;425;425;425;425;425;NA;NA;NA;NA;NA;NA;NA;NA;NA;NA;NA;95;381
2022-09-27;"0-60";32;32;32;32;32;32;32;32;32;32;32;32;93;93;93;93;93;93;93;93;93;93;93;93;1;1;1;1;1;1;1;1;1;1;1;29;78
2022-09-27;"60+";82;82;82;82;82;82;82;82;82;82;82;82;290;290;290;290;290;290;290;290;290;290;290;290;1;1;1;1;1;1;1;1;1;1;1;76;262
2022-09-27;"alle";114;114;114;114;114;114;114;114;114;114;114;114;383;383;383;383;383;383;383;383;383;383;383;383;NA;NA;NA;NA;NA;NA;NA;NA;NA;NA;NA;105;340
2022-09-26;"0-60";3;3;3;3;3;3;3;3;3;3;3;3;90;90;90;90;90;90;90;90;90;90;90;90;1;1;1;1;1;1;1;1;1;1;1;2;73
2022-09-26;"60+";16;16;16;16;16;16;16;16;16;16;16;16;255;255;255;255;255;255;255;255;255;255;255;255;1;1;1;1;1;1;1;1;1;1;1;14;229
2022-09-26;"alle";19;19;19;19;19;19;19;19;19;19;19;19;345;345;345;345;345;345;345;345;345;345;345;345;NA;NA;NA;NA;NA;NA;NA;NA;NA;NA;NA;16;302
2022-09-25;"0-60";5;5;5;5;5;5;5;5;5;5;5;5;88;88;88;88;88;88;88;88;88;88;88;88;1;1;1;1;1;1;1;1;1;1;1;3;71
2022-09-25;"60+";8;8;8;8;8;8;8;8;8;8;8;8;244;244;244;244;244;244;244;244;244;244;244;244;1;1;1;1;1;1;1;1;1;1;1;6;220
2022-09-25;"alle";13;13;13;13;13;13;13;13;13;13;13;13;332;332;332;332;332;332;332;332;332;332;332;332;NA;NA;NA;NA;NA;NA;NA;NA;NA;NA;NA;9;291
2022-09-24;"0-60";19;19;19;19;19;19;19;19;19;19;19;19;83;83;83;83;83;83;83;83;83;83;83;83;1;1;1;1;1;1;1;1;1;1;1;17;68
2022-09-24;"60+";44;44;44;44;44;44;44;44;44;44;44;44;240;240;240;240;240;240;240;240;240;240;240;240;1;1;1;1;1;1;1;1;1;1;1;38;217
2022-09-24;"alle";63;63;63;63;63;63;63;63;63;63;63;63;323;323;323;323;323;323;323;323;323;323;323;323;NA;NA;NA;NA;NA;NA;NA;NA;NA;NA;NA;55;285
2022-09-23;"0-60";10;10;10;10;10;10;10;10;10;10;10;10;68;68;68;68;68;68;68;68;68;68;68;68;1;1;1;1;1;1;1;1;1;1;1;10;54
2022-09-23;"60+";34;34;34;34;34;34;34;34;34;34;34;34;225;225;225;225;225;225;225;225;225;225;225;225;1;1;1;1;1;1;1;1;1;1;1;33;206
2022-09-23;"alle";44;44;44;44;44;44;44;44;44;44;44;44;293;293;293;293;293;293;293;293;293;293;293;293;NA;NA;NA;NA;NA;NA;NA;NA;NA;NA;NA;43;260
2022-09-22;"0-60";10;10;10;10;10;10;10;10;10;10;10;10;66;66;66;66;66;66;66;66;66;66;66;66;1;1;1;1;1;1;1;1;1;1;1;8;52
2022-09-22;"60+";59;59;59;59;59;59;59;59;59;59;59;59;217;217;217;217;217;217;217;217;217;217;217;217;1;1;1;1;1;1;1;1;1;1;1;50;197
2022-09-22;"alle";69;69;69;69;69;69;69;69;69;69;69;69;283;283;283;283;283;283;283;283;283;283;283;283;NA;NA;NA;NA;NA;NA;NA;NA;NA;NA;NA;58;250
2022-09-21;"0-60";14;14;14;14;14;14;14;14;14;14;14;14;64;64;64;64;64;64;64;64;64;64;64;64;1;1;1;1;1;1;1;1;1;1;1;9;49
2022-09-21;"60+";47;47;47;47;47;47;47;47;47;47;47;47;191;191;191;191;191;191;191;191;191;191;191;191;1;1;1;1;1;1;1;1;1;1;1;45;175
2022-09-21;"alle";61;61;61;61;61;61;61;61;61;61;61;61;255;255;255;255;255;255;255;255;255;255;255;255;NA;NA;NA;NA;NA;NA;NA;NA;NA;NA;NA;54;225
2022-09-20;"0-60";29;29;29;29;29;29;29;29;29;29;29;29;64;64;64;64;64;64;64;64;64;64;64;64;1;1;1;1;1;1;1;1;1;1;1;24;54
2022-09-20;"60+";47;47;47;47;47;47;47;47;47;47;47;47;175;175;175;175;175;175;175;175;175;175;175;175;1;1;1;1;1;1;1;1;1;1;1;43;158
2022-09-20;"alle";76;76;76;76;76;76;76;76;76;76;76;76;239;239;239;239;239;239;239;239;239;239;239;239;NA;NA;NA;NA;NA;NA;NA;NA;NA;NA;NA;67;213
2022-09-19;"0-60";1;1;1;1;1;1;1;1;1;1;1;1;51;51;51;51;51;51;51;51;51;51;51;51;1;1;1;1;1;1;1;1;1;1;1;0;43
2022-09-19;"60+";5;5;5;5;5;5;5;5;5;5;5;5;192;192;192;192;192;192;192;192;192;192;192;192;1;1;1;1;1;1;1;1;1;1;1;5;176
2022-09-19;"alle";6;6;6;6;6;6;6;6;6;6;6;6;243;243;243;243;243;243;243;243;243;243;243;243;NA;NA;NA;NA;NA;NA;NA;NA;NA;NA;NA;5;220
2022-09-18;"0-60";0;0;0;0;0;0;0;0;0;0;0;0;52;52;52;52;52;52;52;52;52;52;52;52;1;1;1;1;1;1;1;1;1;1;1;0;44
2022-09-18;"60+";4;4;4;4;4;4;4;4;4;4;4;4;190;190;190;190;190;190;190;190;190;190;190;190;1;1;1;1;1;1;1;1;1;1;1;3;174
2022-09-18;"alle";4;4;4;4;4;4;4;4;4;4;4;4;242;242;242;242;242;242;242;242;242;242;242;242;NA;NA;NA;NA;NA;NA;NA;NA;NA;NA;NA;3;219
2022-09-17;"0-60";4;4;4;4;4;4;4;4;4;4;4;4;53;53;53;53;53;53;53;53;53;53;53;53;1;1;1;1;1;1;1;1;1;1;1;3;45
2022-09-17;"60+";29;29;29;29;29;29;29;29;29;29;29;29;190;190;190;190;190;190;190;190;190;190;190;190;1;1;1;1;1;1;1;1;1;1;1;27;175
2022-09-17;"alle";33;33;33;33;33;33;33;33;33;33;33;33;243;243;243;243;243;243;243;243;243;243;243;243;NA;NA;NA;NA;NA;NA;NA;NA;NA;NA;NA;30;221
2022-09-16;"0-60";8;8;8;8;8;8;8;8;8;8;8;8;64;64;64;64;64;64;64;64;64;64;64;64;1;1;1;1;1;1;1;1;1;1;1;8;56
2022-09-16;"60+";26;26;26;26;26;26;26;26;26;26;26;26;183;183;183;183;183;183;183;183;183;183;183;183;1;1;1;1;1;1;1;1;1;1;1;24;168
2022-09-16;"alle";34;34;34;34;34;34;34;34;34;34;34;34;247;247;247;247;247;247;247;247;247;247;247;247;NA;NA;NA;NA;NA;NA;NA;NA;NA;NA;NA;33;225
2022-09-15;"0-60";8;8;8;8;8;8;8;8;8;8;8;8;73;73;73;73;73;73;73;73;73;73;73;73;1;1;1;1;1;1;1;1;1;1;1;5;61
2022-09-15;"60+";33;33;33;33;33;33;33;33;33;33;33;33;195;195;195;195;195;195;195;195;195;195;195;195;1;1;1;1;1;1;1;1;1;1;1;28;181
2022-09-15;"alle";41;41;41;41;41;41;41;41;41;41;41;41;268;268;268;268;268;268;268;268;268;268;268;268;NA;NA;NA;NA;NA;NA;NA;NA;NA;NA;NA;33;242
2022-09-14;"0-60";14;14;14;14;14;14;14;14;14;14;14;14;78;78;78;78;78;78;78;78;78;78;78;78;1;1;1;1;1;1;1;1;1;1;1;14;69
2022-09-14;"60+";31;31;31;31;31;31;31;31;31;31;31;31;185;185;185;185;185;185;185;185;185;185;185;185;1;1;1;1;1;1;1;1;1;1;1;28;175
2022-09-14;"alle";45;45;45;45;45;45;45;45;45;45;45;45;263;263;263;263;263;263;263;263;263;263;263;263;NA;NA;NA;NA;NA;NA;NA;NA;NA;NA;NA;42;244
2022-09-13;"0-60";16;16;16;16;16;16;16;16;16;16;16;16;78;78;78;78;78;78;78;78;78;78;78;78;1;1;1;1;1;1;1;1;1;1;1;13;69
2022-09-13;"60+";64;64;64;64;64;64;64;64;64;64;64;64;195;195;195;195;195;195;195;195;195;195;195;195;1;1;1;1;1;1;1;1;1;1;1;61;180
2022-09-13;"alle";80;80;80;80;80;80;80;80;80;80;80;80;273;273;273;273;273;273;273;273;273;273;273;273;NA;NA;NA;NA;NA;NA;NA;NA;NA;NA;NA;74;249
2022-09-12;"0-60";2;2;2;2;2;2;2;2;2;2;2;2;89;89;89;89;89;89;89;89;89;89;89;89;1;1;1;1;1;1;1;1;1;1;1;1;81
2022-09-12;"60+";3;3;3;3;3;3;3;3;3;3;3;3;182;182;182;182;182;182;182;182;182;182;182;182;1;1;1;1;1;1;1;1;1;1;1;3;169
2022-09-12;"alle";5;5;5;5;5;5;5;5;5;5;5;5;271;271;271;271;271;271;271;271;271;271;271;271;NA;NA;NA;NA;NA;NA;NA;NA;NA;NA;NA;4;250
2022-09-11;"0-60";1;1;1;1;1;1;1;1;1;1;1;1;89;89;89;89;89;89;89;89;89;89;89;89;1;1;1;1;1;1;1;1;1;1;1;1;82
2022-09-11;"60+";4;4;4;4;4;4;4;4;4;4;4;4;185;185;185;185;185;185;185;185;185;185;185;185;1;1;1;1;1;1;1;1;1;1;1;4;171
2022-09-11;"alle";5;5;5;5;5;5;5;5;5;5;5;5;274;274;274;274;274;274;274;274;274;274;274;274;NA;NA;NA;NA;NA;NA;NA;NA;NA;NA;NA;5;253
2022-09-10;"0-60";15;15;15;15;15;15;15;15;15;15;15;15;92;92;92;92;92;92;92;92;92;92;92;92;1;1;1;1;1;1;1;1;1;1;1;14;84
2022-09-10;"60+";22;22;22;22;22;22;22;22;22;22;22;22;186;186;186;186;186;186;186;186;186;186;186;186;1;1;1;1;1;1;1;1;1;1;1;20;170
2022-09-10;"alle";37;37;37;37;37;37;37;37;37;37;37;37;278;278;278;278;278;278;278;278;278;278;278;278;NA;NA;NA;NA;NA;NA;NA;NA;NA;NA;NA;34;254
2022-09-09;"0-60";17;17;17;17;17;17;17;17;17;17;17;17;89;89;89;89;89;89;89;89;89;89;89;89;1;1;1;1;1;1;1;1;1;1;1;13;78
2022-09-09;"60+";38;38;38;38;38;38;38;38;38;38;38;38;195;195;195;195;195;195;195;195;195;195;195;195;1;1;1;1;1;1;1;1;1;1;1;37;178
2022-09-09;"alle";55;55;55;55;55;55;55;55;55;55;55;55;284;284;284;284;284;284;284;284;284;284;284;284;NA;NA;NA;NA;NA;NA;NA;NA;NA;NA;NA;50;256
2022-09-08;"0-60";13;13;13;13;13;13;13;13;13;13;13;13;80;80;80;80;80;80;80;80;80;80;80;80;1;1;1;1;1;1;1;1;1;1;1;13;72
2022-09-08;"60+";23;23;23;23;23;23;23;23;23;23;23;23;182;182;182;182;182;182;182;182;182;182;182;182;1;1;1;1;1;1;1;1;1;1;1;22;163
2022-09-08;"alle";36;36;36;36;36;36;36;36;36;36;36;36;262;262;262;262;262;262;262;262;262;262;262;262;NA;NA;NA;NA;NA;NA;NA;NA;NA;NA;NA;35;235
2022-09-07;"0-60";14;14;14;14;14;14;14;14;14;14;14;14;86;86;86;86;86;86;86;86;86;86;86;86;1;1;1;1;1;1;1;1;1;1;1;14;72
2022-09-07;"60+";41;41;41;41;41;41;41;41;41;41;41;41;189;189;189;189;189;189;189;189;189;189;189;189;1;1;1;1;1;1;1;1;1;1;1;33;168
2022-09-07;"alle";55;55;55;55;55;55;55;55;55;55;55;55;275;275;275;275;275;275;275;275;275;275;275;275;NA;NA;NA;NA;NA;NA;NA;NA;NA;NA;NA;47;240
2022-09-06;"0-60";27;27;27;27;27;27;27;27;27;27;27;27;88;88;88;88;88;88;88;88;88;88;88;88;1;1;1;1;1;1;1;1;1;1;1;25;70
2022-09-06;"60+";51;51;51;51;51;51;51;51;51;51;51;51;181;181;181;181;181;181;181;181;181;181;181;181;1;1;1;1;1;1;1;1;1;1;1;50;167
2022-09-06;"alle";78;78;78;78;78;78;78;78;78;78;78;78;269;269;269;269;269;269;269;269;269;269;269;269;NA;NA;NA;NA;NA;NA;NA;NA;NA;NA;NA;75;237
2022-09-05;"0-60";2;2;2;2;2;2;2;2;2;2;2;2;88;88;88;88;88;88;88;88;88;88;88;88;1;1;1;1;1;1;1;1;1;1;1;2;69
2022-09-05;"60+";6;6;6;6;6;6;6;6;6;6;6;6;184;184;184;184;184;184;184;184;184;184;184;184;1;1;1;1;1;1;1;1;1;1;1;5;168
2022-09-05;"alle";8;8;8;8;8;8;8;8;8;8;8;8;272;272;272;272;272;272;272;272;272;272;272;272;NA;NA;NA;NA;NA;NA;NA;NA;NA;NA;NA;7;237
2022-09-04;"0-60";4;4;4;4;4;4;4;4;4;4;4;4;87;87;87;87;87;87;87;87;87;87;87;87;1;1;1;1;1;1;1;1;1;1;1;3;68
2022-09-04;"60+";5;5;5;5;5;5;5;5;5;5;5;5;186;186;186;186;186;186;186;186;186;186;186;186;1;1;1;1;1;1;1;1;1;1;1;3;169
2022-09-04;"alle";9;9;9;9;9;9;9;9;9;9;9;9;273;273;273;273;273;273;273;273;273;273;273;273;NA;NA;NA;NA;NA;NA;NA;NA;NA;NA;NA;6;237
2022-09-03;"0-60";12;12;12;12;12;12;12;12;12;12;12;12;86;86;86;86;86;86;86;86;86;86;86;86;1;1;1;1;1;1;1;1;1;1;1;8;67
2022-09-03;"60+";31;31;31;31;31;31;31;31;31;31;31;31;186;186;186;186;186;186;186;186;186;186;186;186;1;1;1;1;1;1;1;1;1;1;1;28;168
2022-09-03;"alle";43;43;43;43;43;43;43;43;43;43;43;43;272;272;272;272;272;272;272;272;272;272;272;272;NA;NA;NA;NA;NA;NA;NA;NA;NA;NA;NA;36;235
2022-09-02;"0-60";8;8;8;8;8;8;8;8;8;8;8;8;95;95;95;95;95;95;95;95;95;95;95;95;1;1;1;1;1;1;1;1;1;1;1;7;79
2022-09-02;"60+";25;25;25;25;25;25;25;25;25;25;25;25;198;198;198;198;198;198;198;198;198;198;198;198;1;1;1;1;1;1;1;1;1;1;1;22;174
2022-09-02;"alle";33;33;33;33;33;33;33;33;33;33;33;33;293;293;293;293;293;293;293;293;293;293;293;293;NA;NA;NA;NA;NA;NA;NA;NA;NA;NA;NA;29;253
2022-09-01;"0-60";19;19;19;19;19;19;19;19;19;19;19;19;104;104;104;104;104;104;104;104;104;104;104;104;1;1;1;1;1;1;1;1;1;1;1;13;87
2022-09-01;"60+";30;30;30;30;30;30;30;30;30;30;30;30;209;209;209;209;209;209;209;209;209;209;209;209;1;1;1;1;1;1;1;1;1;1;1;27;186
2022-09-01;"alle";49;49;49;49;49;49;49;49;49;49;49;49;313;313;313;313;313;313;313;313;313;313;313;313;NA;NA;NA;NA;NA;NA;NA;NA;NA;NA;NA;40;273
2022-08-31;"0-60";16;16;16;16;16;16;16;16;16;16;16;16;98;98;98;98;98;98;98;98;98;98;98;98;1;1;1;1;1;1;1;1;1;1;1;12;84
2022-08-31;"60+";33;33;33;33;33;33;33;33;33;33;33;33;216;216;216;216;216;216;216;216;216;216;216;216;1;1;1;1;1;1;1;1;1;1;1;32;190
2022-08-31;"alle";49;49;49;49;49;49;49;49;49;49;49;49;314;314;314;314;314;314;314;314;314;314;314;314;NA;NA;NA;NA;NA;NA;NA;NA;NA;NA;NA;44;274
2022-08-30;"0-60";27;27;27;27;27;27;27;27;27;27;27;27;111;111;111;111;111;111;111;111;111;111;111;111;1;1;1;1;1;1;1;1;1;1;1;24;94
2022-08-30;"60+";54;54;54;54;54;54;54;54;54;54;54;54;226;226;226;226;226;226;226;226;226;226;226;226;1;1;1;1;1;1;1;1;1;1;1;51;196
2022-08-30;"alle";81;81;81;81;81;81;81;81;81;81;81;81;337;337;337;337;337;337;337;337;337;337;337;337;NA;NA;NA;NA;NA;NA;NA;NA;NA;NA;NA;75;290
2022-08-29;"0-60";1;1;1;1;1;1;1;1;1;1;1;1;115;115;115;115;115;115;115;115;115;115;115;115;1;1;1;1;1;1;1;1;1;1;1;1;98
2022-08-29;"60+";8;8;8;8;8;8;8;8;8;8;8;8;242;242;242;242;242;242;242;242;242;242;242;242;1;1;1;1;1;1;1;1;1;1;1;6;206
2022-08-29;"alle";9;9;9;9;9;9;9;9;9;9;9;9;357;357;357;357;357;357;357;357;357;357;357;357;NA;NA;NA;NA;NA;NA;NA;NA;NA;NA;NA;7;304
2022-08-28;"0-60";3;3;3;3;3;3;3;3;3;3;3;3;115;115;115;115;115;115;115;115;115;115;115;115;1;1;1;1;1;1;1;1;1;1;1;2;97
2022-08-28;"60+";5;5;5;5;5;5;5;5;5;5;5;5;238;238;238;238;238;238;238;238;238;238;238;238;1;1;1;1;1;1;1;1;1;1;1;2;204
2022-08-28;"alle";8;8;8;8;8;8;8;8;8;8;8;8;353;353;353;353;353;353;353;353;353;353;353;353;NA;NA;NA;NA;NA;NA;NA;NA;NA;NA;NA;4;301
2022-08-27;"0-60";21;21;21;21;21;21;21;21;21;21;21;21;113;113;113;113;113;113;113;113;113;113;113;113;1;1;1;1;1;1;1;1;1;1;1;20;95
2022-08-27;"60+";43;43;43;43;43;43;43;43;43;43;43;43;238;238;238;238;238;238;238;238;238;238;238;238;1;1;1;1;1;1;1;1;1;1;1;34;203
2022-08-27;"alle";64;64;64;64;64;64;64;64;64;64;64;64;351;351;351;351;351;351;351;351;351;351;351;351;NA;NA;NA;NA;NA;NA;NA;NA;NA;NA;NA;54;298
2022-08-26;"0-60";17;17;17;17;17;17;17;17;17;17;17;17;108;108;108;108;108;108;108;108;108;108;108;108;1;1;1;1;1;1;1;1;1;1;1;15;90
2022-08-26;"60+";36;36;36;36;36;36;36;36;36;36;36;36;228;228;228;228;228;228;228;228;228;228;228;228;1;1;1;1;1;1;1;1;1;1;1;34;200
2022-08-26;"alle";53;53;53;53;53;53;53;53;53;53;53;53;336;336;336;336;336;336;336;336;336;336;336;336;NA;NA;NA;NA;NA;NA;NA;NA;NA;NA;NA;49;290
2022-08-25;"0-60";13;13;13;13;13;13;13;13;13;13;13;13;110;110;110;110;110;110;110;110;110;110;110;110;1;1;1;1;1;1;1;1;1;1;1;10;89
2022-08-25;"60+";37;37;37;37;37;37;37;37;37;37;37;37;232;232;232;232;232;232;232;232;232;232;232;232;1;1;1;1;1;1;1;1;1;1;1;31;203
2022-08-25;"alle";50;50;50;50;50;50;50;50;50;50;50;50;342;342;342;342;342;342;342;342;342;342;342;342;NA;NA;NA;NA;NA;NA;NA;NA;NA;NA;NA;41;292
2022-08-24;"0-60";29;29;29;29;29;29;29;29;29;29;29;29;116;116;116;116;116;116;116;116;116;116;116;116;1;1;1;1;1;1;1;1;1;1;1;22;95
2022-08-24;"60+";43;43;43;43;43;43;43;43;43;43;43;43;236;236;236;236;236;236;236;236;236;236;236;236;1;1;1;1;1;1;1;1;1;1;1;38;209
2022-08-24;"alle";72;72;72;72;72;72;72;72;72;72;72;72;352;352;352;352;352;352;352;352;352;352;352;352;NA;NA;NA;NA;NA;NA;NA;NA;NA;NA;NA;60;304
2022-08-23;"0-60";31;31;31;31;31;31;31;31;31;31;31;31;114;114;114;114;114;114;114;114;114;114;114;114;1;1;1;1;1;1;1;1;1;1;1;28;97
2022-08-23;"60+";70;70;70;70;70;70;70;70;70;70;70;70;247;247;247;247;247;247;247;247;247;247;247;247;1;1;1;1;1;1;1;1;1;1;1;61;216
2022-08-23;"alle";101;101;101;101;101;101;101;101;101;101;101;101;361;361;361;361;361;361;361;361;361;361;361;361;NA;NA;NA;NA;NA;NA;NA;NA;NA;NA;NA;89;313
2022-08-22;"0-60";1;1;1;1;1;1;1;1;1;1;1;1;103;103;103;103;103;103;103;103;103;103;103;103;1;1;1;1;1;1;1;1;1;1;1;0;86
2022-08-22;"60+";4;4;4;4;4;4;4;4;4;4;4;4;255;255;255;255;255;255;255;255;255;255;255;255;1;1;1;1;1;1;1;1;1;1;1;4;230
2022-08-22;"alle";5;5;5;5;5;5;5;5;5;5;5;5;358;358;358;358;358;358;358;358;358;358;358;358;NA;NA;NA;NA;NA;NA;NA;NA;NA;NA;NA;4;316
2022-08-21;"0-60";1;1;1;1;1;1;1;1;1;1;1;1;111;111;111;111;111;111;111;111;111;111;111;111;1;1;1;1;1;1;1;1;1;1;1;0;92
2022-08-21;"60+";5;5;5;5;5;5;5;5;5;5;5;5;262;262;262;262;262;262;262;262;262;262;262;262;1;1;1;1;1;1;1;1;1;1;1;1;235
2022-08-21;"alle";6;6;6;6;6;6;6;6;6;6;6;6;373;373;373;373;373;373;373;373;373;373;373;373;NA;NA;NA;NA;NA;NA;NA;NA;NA;NA;NA;1;327
2022-08-20;"0-60";16;16;16;16;16;16;16;16;16;16;16;16;116;116;116;116;116;116;116;116;116;116;116;116;1;1;1;1;1;1;1;1;1;1;1;15;96
2022-08-20;"60+";33;33;33;33;33;33;33;33;33;33;33;33;265;265;265;265;265;265;265;265;265;265;265;265;1;1;1;1;1;1;1;1;1;1;1;31;241
2022-08-20;"alle";49;49;49;49;49;49;49;49;49;49;49;49;381;381;381;381;381;381;381;381;381;381;381;381;NA;NA;NA;NA;NA;NA;NA;NA;NA;NA;NA;46;337
2022-08-19;"0-60";19;19;19;19;19;19;19;19;19;19;19;19;118;118;118;118;118;118;118;118;118;118;118;118;1;1;1;1;1;1;1;1;1;1;1;14;96
2022-08-19;"60+";40;40;40;40;40;40;40;40;40;40;40;40;279;279;279;279;279;279;279;279;279;279;279;279;1;1;1;1;1;1;1;1;1;1;1;37;252
2022-08-19;"alle";59;59;59;59;59;59;59;59;59;59;59;59;397;397;397;397;397;397;397;397;397;397;397;397;NA;NA;NA;NA;NA;NA;NA;NA;NA;NA;NA;51;348
2022-08-18;"0-60";19;19;19;19;19;19;19;19;19;19;19;19;119;119;119;119;119;119;119;119;119;119;119;119;1;1;1;1;1;1;1;1;1;1;1;16;101
2022-08-18;"60+";41;41;41;41;41;41;41;41;41;41;41;41;274;274;274;274;274;274;274;274;274;274;274;274;1;1;1;1;1;1;1;1;1;1;1;37;250
2022-08-18;"alle";60;60;60;60;60;60;60;60;60;60;60;60;393;393;393;393;393;393;393;393;393;393;393;393;NA;NA;NA;NA;NA;NA;NA;NA;NA;NA;NA;53;351
2022-08-17;"0-60";27;27;27;27;27;27;27;27;27;27;27;27;119;119;119;119;119;119;119;119;119;119;119;119;1;1;1;1;1;1;1;1;1;1;1;24;103
2022-08-17;"60+";54;54;54;54;54;54;54;54;54;54;54;54;268;268;268;268;268;268;268;268;268;268;268;268;1;1;1;1;1;1;1;1;1;1;1;45;245
2022-08-17;"alle";81;81;81;81;81;81;81;81;81;81;81;81;387;387;387;387;387;387;387;387;387;387;387;387;NA;NA;NA;NA;NA;NA;NA;NA;NA;NA;NA;69;348
2022-08-16;"0-60";20;20;20;20;20;20;20;20;20;20;20;20;124;124;124;124;124;124;124;124;124;124;124;124;1;1;1;1;1;1;1;1;1;1;1;17;109
2022-08-16;"60+";78;78;78;78;78;78;78;78;78;78;78;78;278;278;278;278;278;278;278;278;278;278;278;278;1;1;1;1;1;1;1;1;1;1;1;75;254
2022-08-16;"alle";98;98;98;98;98;98;98;98;98;98;98;98;402;402;402;402;402;402;402;402;402;402;402;402;NA;NA;NA;NA;NA;NA;NA;NA;NA;NA;NA;92;363
2022-08-15;"0-60";9;9;9;9;9;9;9;9;9;9;9;9;138;138;138;138;138;138;138;138;138;138;138;138;1;1;1;1;1;1;1;1;1;1;1;6;122
2022-08-15;"60+";11;11;11;11;11;11;11;11;11;11;11;11;278;278;278;278;278;278;278;278;278;278;278;278;1;1;1;1;1;1;1;1;1;1;1;9;244
2022-08-15;"alle";20;20;20;20;20;20;20;20;20;20;20;20;416;416;416;416;416;416;416;416;416;416;416;416;NA;NA;NA;NA;NA;NA;NA;NA;NA;NA;NA;15;366
2022-08-14;"0-60";6;6;6;6;6;6;6;6;6;6;6;6;133;133;133;133;133;133;133;133;133;133;133;133;1;1;1;1;1;1;1;1;1;1;1;4;119
2022-08-14;"60+";8;8;8;8;8;8;8;8;8;8;8;8;276;276;276;276;276;276;276;276;276;276;276;276;1;1;1;1;1;1;1;1;1;1;1;7;243
2022-08-14;"alle";14;14;14;14;14;14;14;14;14;14;14;14;409;409;409;409;409;409;409;409;409;409;409;409;NA;NA;NA;NA;NA;NA;NA;NA;NA;NA;NA;11;362
2022-08-13;"0-60";18;18;18;18;18;18;18;18;18;18;18;18;135;135;135;135;135;135;135;135;135;135;135;135;1;1;1;1;1;1;1;1;1;1;1;15;121
2022-08-13;"60+";47;47;47;47;47;47;47;47;47;47;47;47;280;280;280;280;280;280;280;280;280;280;280;280;1;1;1;1;1;1;1;1;1;1;1;42;241
2022-08-13;"alle";65;65;65;65;65;65;65;65;65;65;65;65;415;415;415;415;415;415;415;415;415;415;415;415;NA;NA;NA;NA;NA;NA;NA;NA;NA;NA;NA;57;362
2022-08-12;"0-60";20;20;20;20;20;20;20;20;20;20;20;20;137;137;137;137;137;137;137;137;137;137;137;137;1;1;1;1;1;1;1;1;1;1;1;19;125
2022-08-12;"60+";35;35;35;35;35;35;35;35;35;35;35;35;273;273;273;273;273;273;273;273;273;273;273;273;1;1;1;1;1;1;1;1;1;1;1;35;237
2022-08-12;"alle";55;55;55;55;55;55;55;55;55;55;55;55;410;410;410;410;410;410;410;410;410;410;410;410;NA;NA;NA;NA;NA;NA;NA;NA;NA;NA;NA;54;362
2022-08-11;"0-60";19;19;19;19;19;19;19;19;19;19;19;19;145;145;145;145;145;145;145;145;145;145;145;145;1;1;1;1;1;1;1;1;1;1;1;18;131
2022-08-11;"60+";35;35;35;35;35;35;35;35;35;35;35;35;289;289;289;289;289;289;289;289;289;289;289;289;1;1;1;1;1;1;1;1;1;1;1;32;247
2022-08-11;"alle";54;54;54;54;54;54;54;54;54;54;54;54;434;434;434;434;434;434;434;434;434;434;434;434;NA;NA;NA;NA;NA;NA;NA;NA;NA;NA;NA;50;378
2022-08-10;"0-60";32;32;32;32;32;32;32;32;32;32;32;32;143;143;143;143;143;143;143;143;143;143;143;143;1;1;1;1;1;1;1;1;1;1;1;30;130
2022-08-10;"60+";64;64;64;64;64;64;64;64;64;64;64;64;318;318;318;318;318;318;318;318;318;318;318;318;1;1;1;1;1;1;1;1;1;1;1;54;268
2022-08-10;"alle";96;96;96;96;96;96;96;96;96;96;96;96;461;461;461;461;461;461;461;461;461;461;461;461;NA;NA;NA;NA;NA;NA;NA;NA;NA;NA;NA;84;398
2022-08-09;"0-60";34;34;34;34;34;34;34;34;34;34;34;34;138;138;138;138;138;138;138;138;138;138;138;138;1;1;1;1;1;1;1;1;1;1;1;30;125
2022-08-09;"60+";78;78;78;78;78;78;78;78;78;78;78;78;305;305;305;305;305;305;305;305;305;305;305;305;1;1;1;1;1;1;1;1;1;1;1;65;261
2022-08-09;"alle";112;112;112;112;112;112;112;112;112;112;112;112;443;443;443;443;443;443;443;443;443;443;443;443;NA;NA;NA;NA;NA;NA;NA;NA;NA;NA;NA;95;387
2022-08-08;"0-60";4;4;4;4;4;4;4;4;4;4;4;4;150;150;150;150;150;150;150;150;150;150;150;150;1;1;1;1;1;1;1;1;1;1;1;3;137
2022-08-08;"60+";9;9;9;9;9;9;9;9;9;9;9;9;323;323;323;323;323;323;323;323;323;323;323;323;1;1;1;1;1;1;1;1;1;1;1;8;284
2022-08-08;"alle";13;13;13;13;13;13;13;13;13;13;13;13;473;473;473;473;473;473;473;473;473;473;473;473;NA;NA;NA;NA;NA;NA;NA;NA;NA;NA;NA;11;422
2022-08-07;"0-60";8;8;8;8;8;8;8;8;8;8;8;8;153;153;153;153;153;153;153;153;153;153;153;153;1;1;1;1;1;1;1;1;1;1;1;6;139
2022-08-07;"60+";12;12;12;12;12;12;12;12;12;12;12;12;329;329;329;329;329;329;329;329;329;329;329;329;1;1;1;1;1;1;1;1;1;1;1;5;288
2022-08-07;"alle";20;20;20;20;20;20;20;20;20;20;20;20;482;482;482;482;482;482;482;482;482;482;482;482;NA;NA;NA;NA;NA;NA;NA;NA;NA;NA;NA;11;428
2022-08-06;"0-60";20;20;20;20;20;20;20;20;20;20;20;20;148;148;148;148;148;148;148;148;148;148;148;148;1;1;1;1;1;1;1;1;1;1;1;19;136
2022-08-06;"60+";40;40;40;40;40;40;40;40;40;40;40;40;327;327;327;327;327;327;327;327;327;327;327;327;1;1;1;1;1;1;1;1;1;1;1;38;290
2022-08-06;"alle";60;60;60;60;60;60;60;60;60;60;60;60;475;475;475;475;475;475;475;475;475;475;475;475;NA;NA;NA;NA;NA;NA;NA;NA;NA;NA;NA;57;427
2022-08-05;"0-60";28;28;28;28;28;28;28;28;28;28;28;28;149;149;149;149;149;149;149;149;149;149;149;149;1;1;1;1;1;1;1;1;1;1;1;25;135
2022-08-05;"60+";51;51;51;51;51;51;51;51;51;51;51;51;331;331;331;331;331;331;331;331;331;331;331;331;1;1;1;1;1;1;1;1;1;1;1;45;292
2022-08-05;"alle";79;79;79;79;79;79;79;79;79;79;79;79;480;480;480;480;480;480;480;480;480;480;480;480;NA;NA;NA;NA;NA;NA;NA;NA;NA;NA;NA;70;428
2022-08-04;"0-60";17;17;17;17;17;17;17;17;17;17;17;17;151;151;151;151;151;151;151;151;151;151;151;151;1;1;1;1;1;1;1;1;1;1;1;17;130
2022-08-04;"60+";64;64;64;64;64;64;64;64;64;64;64;64;355;355;355;355;355;355;355;355;355;355;355;355;1;1;1;1;1;1;1;1;1;1;1;53;314
2022-08-04;"alle";81;81;81;81;81;81;81;81;81;81;81;81;506;506;506;506;506;506;506;506;506;506;506;506;NA;NA;NA;NA;NA;NA;NA;NA;NA;NA;NA;70;445
2022-08-03;"0-60";27;27;27;27;27;27;27;27;27;27;27;27;151;151;151;151;151;151;151;151;151;151;151;151;1;1;1;1;1;1;1;1;1;1;1;25;127
2022-08-03;"60+";51;51;51;51;51;51;51;51;51;51;51;51;342;342;342;342;342;342;342;342;342;342;342;342;1;1;1;1;1;1;1;1;1;1;1;47;305
2022-08-03;"alle";78;78;78;78;78;78;78;78;78;78;78;78;493;493;493;493;493;493;493;493;493;493;493;493;NA;NA;NA;NA;NA;NA;NA;NA;NA;NA;NA;73;433
2022-08-02;"0-60";46;46;46;46;46;46;46;46;46;46;46;46;149;149;149;149;149;149;149;149;149;149;149;149;1;1;1;1;1;1;1;1;1;1;1;42;122
2022-08-02;"60+";96;96;96;96;96;96;96;96;96;96;96;96;377;377;377;377;377;377;377;377;377;377;377;377;1;1;1;1;1;1;1;1;1;1;1;88;332
2022-08-02;"alle";142;142;142;142;142;142;142;142;142;142;142;142;526;526;526;526;526;526;526;526;526;526;526;526;NA;NA;NA;NA;NA;NA;NA;NA;NA;NA;NA;130;454
2022-08-01;"0-60";7;7;7;7;7;7;7;7;7;7;7;7;149;149;149;149;149;149;149;149;149;149;149;149;1;1;1;1;1;1;1;1;1;1;1;5;121
2022-08-01;"60+";15;15;15;15;15;15;15;15;15;15;15;15;406;406;406;406;406;406;406;406;406;406;406;406;1;1;1;1;1;1;1;1;1;1;1;12;361
2022-08-01;"alle";22;22;22;22;22;22;22;22;22;22;22;22;555;555;555;555;555;555;555;555;555;555;555;555;NA;NA;NA;NA;NA;NA;NA;NA;NA;NA;NA;17;482
2022-07-31;"0-60";3;3;3;3;3;3;3;3;3;3;3;3;143;143;143;143;143;143;143;143;143;143;143;143;1;1;1;1;1;1;1;1;1;1;1;3;117
2022-07-31;"60+";10;10;10;10;10;10;10;10;10;10;10;10;403;403;403;403;403;403;403;403;403;403;403;403;1;1;1;1;1;1;1;1;1;1;1;7;355
2022-07-31;"alle";13;13;13;13;13;13;13;13;13;13;13;13;546;546;546;546;546;546;546;546;546;546;546;546;NA;NA;NA;NA;NA;NA;NA;NA;NA;NA;NA;10;472
2022-07-30;"0-60";21;21;21;21;21;21;21;21;21;21;21;21;144;144;144;144;144;144;144;144;144;144;144;144;1;1;1;1;1;1;1;1;1;1;1;18;116
2022-07-30;"60+";44;44;44;44;44;44;44;44;44;44;44;44;404;404;404;404;404;404;404;404;404;404;404;404;1;1;1;1;1;1;1;1;1;1;1;40;356
2022-07-30;"alle";65;65;65;65;65;65;65;65;65;65;65;65;548;548;548;548;548;548;548;548;548;548;548;548;NA;NA;NA;NA;NA;NA;NA;NA;NA;NA;NA;58;472
2022-07-29;"0-60";30;30;30;30;30;30;30;30;30;30;30;30;145;145;145;145;145;145;145;145;145;145;145;145;1;1;1;1;1;1;1;1;1;1;1;20;117
2022-07-29;"60+";75;75;75;75;75;75;75;75;75;75;75;75;418;418;418;418;418;418;418;418;418;418;418;418;1;1;1;1;1;1;1;1;1;1;1;67;365
2022-07-29;"alle";105;105;105;105;105;105;105;105;105;105;105;105;563;563;563;563;563;563;563;563;563;563;563;563;NA;NA;NA;NA;NA;NA;NA;NA;NA;NA;NA;87;482
2022-07-28;"0-60";17;17;17;17;17;17;17;17;17;17;17;17;159;159;159;159;159;159;159;159;159;159;159;159;1;1;1;1;1;1;1;1;1;1;1;14;135
2022-07-28;"60+";51;51;51;51;51;51;51;51;51;51;51;51;419;419;419;419;419;419;419;419;419;419;419;419;1;1;1;1;1;1;1;1;1;1;1;44;361
2022-07-28;"alle";68;68;68;68;68;68;68;68;68;68;68;68;578;578;578;578;578;578;578;578;578;578;578;578;NA;NA;NA;NA;NA;NA;NA;NA;NA;NA;NA;58;496
2022-07-27;"0-60";25;25;25;25;25;25;25;25;25;25;25;25;179;179;179;179;179;179;179;179;179;179;179;179;1;1;1;1;1;1;1;1;1;1;1;20;153
2022-07-27;"60+";86;86;86;86;86;86;86;86;86;86;86;86;455;455;455;455;455;455;455;455;455;455;455;455;1;1;1;1;1;1;1;1;1;1;1;74;394
2022-07-27;"alle";111;111;111;111;111;111;111;111;111;111;111;111;634;634;634;634;634;634;634;634;634;634;634;634;NA;NA;NA;NA;NA;NA;NA;NA;NA;NA;NA;94;547
2022-07-26;"0-60";46;46;46;46;46;46;46;46;46;46;46;46;202;202;202;202;202;202;202;202;202;202;202;202;1;1;1;1;1;1;1;1;1;1;1;41;177
2022-07-26;"60+";125;125;125;125;125;125;125;125;125;125;125;125;451;451;451;451;451;451;451;451;451;451;451;451;1;1;1;1;1;1;1;1;1;1;1;117;393
2022-07-26;"alle";171;171;171;171;171;171;171;171;171;171;171;171;653;653;653;653;653;653;653;653;653;653;653;653;NA;NA;NA;NA;NA;NA;NA;NA;NA;NA;NA;158;570
2022-07-25;"0-60";1;1;1;1;1;1;1;1;1;1;1;1;202;202;202;202;202;202;202;202;202;202;202;202;1;1;1;1;1;1;1;1;1;1;1;1;181
2022-07-25;"60+";12;12;12;12;12;12;12;12;12;12;12;12;425;425;425;425;425;425;425;425;425;425;425;425;1;1;1;1;1;1;1;1;1;1;1;6;365
2022-07-25;"alle";13;13;13;13;13;13;13;13;13;13;13;13;627;627;627;627;627;627;627;627;627;627;627;627;NA;NA;NA;NA;NA;NA;NA;NA;NA;NA;NA;7;547
2022-07-24;"0-60";4;4;4;4;4;4;4;4;4;4;4;4;206;206;206;206;206;206;206;206;206;206;206;206;1;1;1;1;1;1;1;1;1;1;1;2;185
2022-07-24;"60+";11;11;11;11;11;11;11;11;11;11;11;11;429;429;429;429;429;429;429;429;429;429;429;429;1;1;1;1;1;1;1;1;1;1;1;8;371
2022-07-24;"alle";15;15;15;15;15;15;15;15;15;15;15;15;635;635;635;635;635;635;635;635;635;635;635;635;NA;NA;NA;NA;NA;NA;NA;NA;NA;NA;NA;10;557
2022-07-23;"0-60";22;22;22;22;22;22;22;22;22;22;22;22;205;205;205;205;205;205;205;205;205;205;205;205;1;1;1;1;1;1;1;1;1;1;1;19;186
2022-07-23;"60+";58;58;58;58;58;58;58;58;58;58;58;58;435;435;435;435;435;435;435;435;435;435;435;435;1;1;1;1;1;1;1;1;1;1;1;49;377
2022-07-23;"alle";80;80;80;80;80;80;80;80;80;80;80;80;640;640;640;640;640;640;640;640;640;640;640;640;NA;NA;NA;NA;NA;NA;NA;NA;NA;NA;NA;68;564
2022-07-22;"0-60";44;44;44;44;44;44;44;44;44;44;44;44;215;215;215;215;215;215;215;215;215;215;215;215;1;1;1;1;1;1;1;1;1;1;1;38;194
2022-07-22;"60+";76;76;76;76;76;76;76;76;76;76;76;76;439;439;439;439;439;439;439;439;439;439;439;439;1;1;1;1;1;1;1;1;1;1;1;63;382
2022-07-22;"alle";120;120;120;120;120;120;120;120;120;120;120;120;654;654;654;654;654;654;654;654;654;654;654;654;NA;NA;NA;NA;NA;NA;NA;NA;NA;NA;NA;101;577
2022-07-21;"0-60";37;37;37;37;37;37;37;37;37;37;37;37;207;207;207;207;207;207;207;207;207;207;207;207;1;1;1;1;1;1;1;1;1;1;1;32;189
2022-07-21;"60+";87;87;87;87;87;87;87;87;87;87;87;87;416;416;416;416;416;416;416;416;416;416;416;416;1;1;1;1;1;1;1;1;1;1;1;77;360
2022-07-21;"alle";124;124;124;124;124;124;124;124;124;124;124;124;623;623;623;623;623;623;623;623;623;623;623;623;NA;NA;NA;NA;NA;NA;NA;NA;NA;NA;NA;109;551
2022-07-20;"0-60";48;48;48;48;48;48;48;48;48;48;48;48;202;202;202;202;202;202;202;202;202;202;202;202;1;1;1;1;1;1;1;1;1;1;1;44;185
2022-07-20;"60+";82;82;82;82;82;82;82;82;82;82;82;82;406;406;406;406;406;406;406;406;406;406;406;406;1;1;1;1;1;1;1;1;1;1;1;73;349
2022-07-20;"alle";130;130;130;130;130;130;130;130;130;130;130;130;608;608;608;608;608;608;608;608;608;608;608;608;NA;NA;NA;NA;NA;NA;NA;NA;NA;NA;NA;117;536
2022-07-19;"0-60";46;46;46;46;46;46;46;46;46;46;46;46;188;188;188;188;188;188;188;188;188;188;188;188;1;1;1;1;1;1;1;1;1;1;1;45;171
2022-07-19;"60+";99;99;99;99;99;99;99;99;99;99;99;99;407;407;407;407;407;407;407;407;407;407;407;407;1;1;1;1;1;1;1;1;1;1;1;89;350
2022-07-19;"alle";145;145;145;145;145;145;145;145;145;145;145;145;595;595;595;595;595;595;595;595;595;595;595;595;NA;NA;NA;NA;NA;NA;NA;NA;NA;NA;NA;135;526
2022-07-18;"0-60";5;5;5;5;5;5;5;5;5;5;5;5;184;184;184;184;184;184;184;184;184;184;184;184;1;1;1;1;1;1;1;1;1;1;1;5;161
2022-07-18;"60+";16;16;16;16;16;16;16;16;16;16;16;16;416;416;416;416;416;416;416;416;416;416;416;416;1;1;1;1;1;1;1;1;1;1;1;12;358
2022-07-18;"alle";21;21;21;21;21;21;21;21;21;21;21;21;600;600;600;600;600;600;600;600;600;600;600;600;NA;NA;NA;NA;NA;NA;NA;NA;NA;NA;NA;17;523
2022-07-17;"0-60";3;3;3;3;3;3;3;3;3;3;3;3;181;181;181;181;181;181;181;181;181;181;181;181;1;1;1;1;1;1;1;1;1;1;1;3;157
2022-07-17;"60+";17;17;17;17;17;17;17;17;17;17;17;17;412;412;412;412;412;412;412;412;412;412;412;412;1;1;1;1;1;1;1;1;1;1;1;14;356
2022-07-17;"alle";20;20;20;20;20;20;20;20;20;20;20;20;593;593;593;593;593;593;593;593;593;593;593;593;NA;NA;NA;NA;NA;NA;NA;NA;NA;NA;NA;17;517
2022-07-16;"0-60";32;32;32;32;32;32;32;32;32;32;32;32;183;183;183;183;183;183;183;183;183;183;183;183;1;1;1;1;1;1;1;1;1;1;1;27;157
2022-07-16;"60+";62;62;62;62;62;62;62;62;62;62;62;62;410;410;410;410;410;410;410;410;410;410;410;410;1;1;1;1;1;1;1;1;1;1;1;54;353
2022-07-16;"alle";94;94;94;94;94;94;94;94;94;94;94;94;593;593;593;593;593;593;593;593;593;593;593;593;NA;NA;NA;NA;NA;NA;NA;NA;NA;NA;NA;81;514
2022-07-15;"0-60";36;36;36;36;36;36;36;36;36;36;36;36;169;169;169;169;169;169;169;169;169;169;169;169;1;1;1;1;1;1;1;1;1;1;1;33;145
2022-07-15;"60+";53;53;53;53;53;53;53;53;53;53;53;53;387;387;387;387;387;387;387;387;387;387;387;387;1;1;1;1;1;1;1;1;1;1;1;41;335
2022-07-15;"alle";89;89;89;89;89;89;89;89;89;89;89;89;556;556;556;556;556;556;556;556;556;556;556;556;NA;NA;NA;NA;NA;NA;NA;NA;NA;NA;NA;75;484
2022-07-14;"0-60";32;32;32;32;32;32;32;32;32;32;32;32;168;168;168;168;168;168;168;168;168;168;168;168;1;1;1;1;1;1;1;1;1;1;1;28;141
2022-07-14;"60+";77;77;77;77;77;77;77;77;77;77;77;77;397;397;397;397;397;397;397;397;397;397;397;397;1;1;1;1;1;1;1;1;1;1;1;66;341
2022-07-14;"alle";109;109;109;109;109;109;109;109;109;109;109;109;565;565;565;565;565;565;565;565;565;565;565;565;NA;NA;NA;NA;NA;NA;NA;NA;NA;NA;NA;94;485
2022-07-13;"0-60";34;34;34;34;34;34;34;34;34;34;34;34;171;171;171;171;171;171;171;171;171;171;171;171;1;1;1;1;1;1;1;1;1;1;1;30;141
2022-07-13;"60+";83;83;83;83;83;83;83;83;83;83;83;83;382;382;382;382;382;382;382;382;382;382;382;382;1;1;1;1;1;1;1;1;1;1;1;74;326
2022-07-13;"alle";117;117;117;117;117;117;117;117;117;117;117;117;553;553;553;553;553;553;553;553;553;553;553;553;NA;NA;NA;NA;NA;NA;NA;NA;NA;NA;NA;107;470
2022-07-12;"0-60";42;42;42;42;42;42;42;42;42;42;42;42;162;162;162;162;162;162;162;162;162;162;162;162;1;1;1;1;1;1;1;1;1;1;1;35;132
2022-07-12;"60+";108;108;108;108;108;108;108;108;108;108;108;108;346;346;346;346;346;346;346;346;346;346;346;346;1;1;1;1;1;1;1;1;1;1;1;97;289
2022-07-12;"alle";150;150;150;150;150;150;150;150;150;150;150;150;508;508;508;508;508;508;508;508;508;508;508;508;NA;NA;NA;NA;NA;NA;NA;NA;NA;NA;NA;132;421
2022-07-11;"0-60";2;2;2;2;2;2;2;2;2;2;2;2;153;153;153;153;153;153;153;153;153;153;153;153;1;1;1;1;1;1;1;1;1;1;1;1;120
2022-07-11;"60+";12;12;12;12;12;12;12;12;12;12;12;12;318;318;318;318;318;318;318;318;318;318;318;318;1;1;1;1;1;1;1;1;1;1;1;10;259
2022-07-11;"alle";14;14;14;14;14;14;14;14;14;14;14;14;471;471;471;471;471;471;471;471;471;471;471;471;NA;NA;NA;NA;NA;NA;NA;NA;NA;NA;NA;11;379
2022-07-10;"0-60";5;5;5;5;5;5;5;5;5;5;5;5;158;158;158;158;158;158;158;158;158;158;158;158;1;1;1;1;1;1;1;1;1;1;1;3;124
2022-07-10;"60+";15;15;15;15;15;15;15;15;15;15;15;15;319;319;319;319;319;319;319;319;319;319;319;319;1;1;1;1;1;1;1;1;1;1;1;11;261
2022-07-10;"alle";20;20;20;20;20;20;20;20;20;20;20;20;477;477;477;477;477;477;477;477;477;477;477;477;NA;NA;NA;NA;NA;NA;NA;NA;NA;NA;NA;14;385
2022-07-09;"0-60";18;18;18;18;18;18;18;18;18;18;18;18;155;155;155;155;155;155;155;155;155;155;155;155;1;1;1;1;1;1;1;1;1;1;1;15;122
2022-07-09;"60+";39;39;39;39;39;39;39;39;39;39;39;39;307;307;307;307;307;307;307;307;307;307;307;307;1;1;1;1;1;1;1;1;1;1;1;36;253
2022-07-09;"alle";57;57;57;57;57;57;57;57;57;57;57;57;462;462;462;462;462;462;462;462;462;462;462;462;NA;NA;NA;NA;NA;NA;NA;NA;NA;NA;NA;51;375
2022-07-08;"0-60";35;35;35;35;35;35;35;35;35;35;35;35;161;161;161;161;161;161;161;161;161;161;161;161;1;1;1;1;1;1;1;1;1;1;1;29;122
2022-07-08;"60+";63;63;63;63;63;63;63;63;63;63;63;63;310;310;310;310;310;310;310;310;310;310;310;310;1;1;1;1;1;1;1;1;1;1;1;47;248
2022-07-08;"alle";98;98;98;98;98;98;98;98;98;98;98;98;471;471;471;471;471;471;471;471;471;471;471;471;NA;NA;NA;NA;NA;NA;NA;NA;NA;NA;NA;76;370
2022-07-07;"0-60";35;35;35;35;35;35;35;35;35;35;35;35;156;156;156;156;156;156;156;156;156;156;156;156;1;1;1;1;1;1;1;1;1;1;1;28;121
2022-07-07;"60+";62;62;62;62;62;62;62;62;62;62;62;62;280;280;280;280;280;280;280;280;280;280;280;280;1;1;1;1;1;1;1;1;1;1;1;51;226
2022-07-07;"alle";97;97;97;97;97;97;97;97;97;97;97;97;436;436;436;436;436;436;436;436;436;436;436;436;NA;NA;NA;NA;NA;NA;NA;NA;NA;NA;NA;79;347
2022-07-06;"0-60";25;25;25;25;25;25;25;25;25;25;25;25;145;145;145;145;145;145;145;145;145;145;145;145;1;1;1;1;1;1;1;1;1;1;1;21;114
2022-07-06;"60+";47;47;47;47;47;47;47;47;47;47;47;47;278;278;278;278;278;278;278;278;278;278;278;278;1;1;1;1;1;1;1;1;1;1;1;37;227
2022-07-06;"alle";72;72;72;72;72;72;72;72;72;72;72;72;423;423;423;423;423;423;423;423;423;423;423;423;NA;NA;NA;NA;NA;NA;NA;NA;NA;NA;NA;58;341
2022-07-05;"0-60";33;33;33;33;33;33;33;33;33;33;33;33;153;153;153;153;153;153;153;153;153;153;153;153;1;1;1;1;1;1;1;1;1;1;1;23;122
2022-07-05;"60+";80;80;80;80;80;80;80;80;80;80;80;80;293;293;293;293;293;293;293;293;293;293;293;293;1;1;1;1;1;1;1;1;1;1;1;67;245
2022-07-05;"alle";113;113;113;113;113;113;113;113;113;113;113;113;446;446;446;446;446;446;446;446;446;446;446;446;NA;NA;NA;NA;NA;NA;NA;NA;NA;NA;NA;90;367
2022-07-04;"0-60";7;7;7;7;7;7;7;7;7;7;7;7;158;158;158;158;158;158;158;158;158;158;158;158;1;1;1;1;1;1;1;1;1;1;1;5;134
2022-07-04;"60+";13;13;13;13;13;13;13;13;13;13;13;13;302;302;302;302;302;302;302;302;302;302;302;302;1;1;1;1;1;1;1;1;1;1;1;12;262
2022-07-04;"alle";20;20;20;20;20;20;20;20;20;20;20;20;460;460;460;460;460;460;460;460;460;460;460;460;NA;NA;NA;NA;NA;NA;NA;NA;NA;NA;NA;17;396
2022-07-03;"0-60";2;2;2;2;2;2;2;2;2;2;2;2;154;154;154;154;154;154;154;154;154;154;154;154;1;1;1;1;1;1;1;1;1;1;1;1;131
2022-07-03;"60+";3;3;3;3;3;3;3;3;3;3;3;3;303;303;303;303;303;303;303;303;303;303;303;303;1;1;1;1;1;1;1;1;1;1;1;3;256
2022-07-03;"alle";5;5;5;5;5;5;5;5;5;5;5;5;457;457;457;457;457;457;457;457;457;457;457;457;NA;NA;NA;NA;NA;NA;NA;NA;NA;NA;NA;4;387
2022-07-02;"0-60";24;24;24;24;24;24;24;24;24;24;24;24;158;158;158;158;158;158;158;158;158;158;158;158;1;1;1;1;1;1;1;1;1;1;1;15;131
2022-07-02;"60+";42;42;42;42;42;42;42;42;42;42;42;42;318;318;318;318;318;318;318;318;318;318;318;318;1;1;1;1;1;1;1;1;1;1;1;31;261
2022-07-02;"alle";66;66;66;66;66;66;66;66;66;66;66;66;476;476;476;476;476;476;476;476;476;476;476;476;NA;NA;NA;NA;NA;NA;NA;NA;NA;NA;NA;46;392
2022-07-01;"0-60";30;30;30;30;30;30;30;30;30;30;30;30;155;155;155;155;155;155;155;155;155;155;155;155;1;1;1;1;1;1;1;1;1;1;1;28;136
2022-07-01;"60+";33;33;33;33;33;33;33;33;33;33;33;33;316;316;316;316;316;316;316;316;316;316;316;316;1;1;1;1;1;1;1;1;1;1;1;25;267
2022-07-01;"alle";63;63;63;63;63;63;63;63;63;63;63;63;471;471;471;471;471;471;471;471;471;471;471;471;NA;NA;NA;NA;NA;NA;NA;NA;NA;NA;NA;53;403
2022-06-30;"0-60";24;24;24;24;24;24;24;24;24;24;24;24;147;147;147;147;147;147;147;147;147;147;147;147;1;1;1;1;1;1;1;1;1;1;1;21;127
2022-06-30;"60+";60;60;60;60;60;60;60;60;60;60;60;60;318;318;318;318;318;318;318;318;318;318;318;318;1;1;1;1;1;1;1;1;1;1;1;52;274
2022-06-30;"alle";84;84;84;84;84;84;84;84;84;84;84;84;465;465;465;465;465;465;465;465;465;465;465;465;NA;NA;NA;NA;NA;NA;NA;NA;NA;NA;NA;73;401
2022-06-29;"0-60";33;33;33;33;33;33;33;33;33;33;33;33;152;152;152;152;152;152;152;152;152;152;152;152;1;1;1;1;1;1;1;1;1;1;1;29;128
2022-06-29;"60+";62;62;62;62;62;62;62;62;62;62;62;62;303;303;303;303;303;303;303;303;303;303;303;303;1;1;1;1;1;1;1;1;1;1;1;55;255
2022-06-29;"alle";95;95;95;95;95;95;95;95;95;95;95;95;455;455;455;455;455;455;455;455;455;455;455;455;NA;NA;NA;NA;NA;NA;NA;NA;NA;NA;NA;84;383
2022-06-28;"0-60";38;38;38;38;38;38;38;38;38;38;38;38;141;141;141;141;141;141;141;141;141;141;141;141;1;1;1;1;1;1;1;1;1;1;1;35;119
2022-06-28;"60+";89;89;89;89;89;89;89;89;89;89;89;89;290;290;290;290;290;290;290;290;290;290;290;290;1;1;1;1;1;1;1;1;1;1;1;84;237
2022-06-28;"alle";127;127;127;127;127;127;127;127;127;127;127;127;431;431;431;431;431;431;431;431;431;431;431;431;NA;NA;NA;NA;NA;NA;NA;NA;NA;NA;NA;119;357
2022-06-27;"0-60";3;3;3;3;3;3;3;3;3;3;3;3;143;143;143;143;143;143;143;143;143;143;143;143;1;1;1;1;1;1;1;1;1;1;1;2;121
2022-06-27;"60+";14;14;14;14;14;14;14;14;14;14;14;14;280;280;280;280;280;280;280;280;280;280;280;280;1;1;1;1;1;1;1;1;1;1;1;6;227
2022-06-27;"alle";17;17;17;17;17;17;17;17;17;17;17;17;423;423;423;423;423;423;423;423;423;423;423;423;NA;NA;NA;NA;NA;NA;NA;NA;NA;NA;NA;8;349
2022-06-26;"0-60";6;6;6;6;6;6;6;6;6;6;6;6;150;150;150;150;150;150;150;150;150;150;150;150;1;1;1;1;1;1;1;1;1;1;1;1;129
2022-06-26;"60+";18;18;18;18;18;18;18;18;18;18;18;18;284;284;284;284;284;284;284;284;284;284;284;284;1;1;1;1;1;1;1;1;1;1;1;8;236
2022-06-26;"alle";24;24;24;24;24;24;24;24;24;24;24;24;434;434;434;434;434;434;434;434;434;434;434;434;NA;NA;NA;NA;NA;NA;NA;NA;NA;NA;NA;9;366
2022-06-25;"0-60";21;21;21;21;21;21;21;21;21;21;21;21;151;151;151;151;151;151;151;151;151;151;151;151;1;1;1;1;1;1;1;1;1;1;1;20;135
2022-06-25;"60+";40;40;40;40;40;40;40;40;40;40;40;40;273;273;273;273;273;273;273;273;273;273;273;273;1;1;1;1;1;1;1;1;1;1;1;37;233
2022-06-25;"alle";61;61;61;61;61;61;61;61;61;61;61;61;424;424;424;424;424;424;424;424;424;424;424;424;NA;NA;NA;NA;NA;NA;NA;NA;NA;NA;NA;57;369
2022-06-24;"0-60";22;22;22;22;22;22;22;22;22;22;22;22;154;154;154;154;154;154;154;154;154;154;154;154;1;1;1;1;1;1;1;1;1;1;1;19;138
2022-06-24;"60+";35;35;35;35;35;35;35;35;35;35;35;35;270;270;270;270;270;270;270;270;270;270;270;270;1;1;1;1;1;1;1;1;1;1;1;32;229
2022-06-24;"alle";57;57;57;57;57;57;57;57;57;57;57;57;424;424;424;424;424;424;424;424;424;424;424;424;NA;NA;NA;NA;NA;NA;NA;NA;NA;NA;NA;51;368
2022-06-23;"0-60";29;29;29;29;29;29;29;29;29;29;29;29;157;157;157;157;157;157;157;157;157;157;157;157;1;1;1;1;1;1;1;1;1;1;1;22;140
2022-06-23;"60+";45;45;45;45;45;45;45;45;45;45;45;45;265;265;265;265;265;265;265;265;265;265;265;265;1;1;1;1;1;1;1;1;1;1;1;33;217
2022-06-23;"alle";74;74;74;74;74;74;74;74;74;74;74;74;422;422;422;422;422;422;422;422;422;422;422;422;NA;NA;NA;NA;NA;NA;NA;NA;NA;NA;NA;55;358
2022-06-22;"0-60";22;22;22;22;22;22;22;22;22;22;22;22;153;153;153;153;153;153;153;153;153;153;153;153;1;1;1;1;1;1;1;1;1;1;1;20;140
2022-06-22;"60+";49;49;49;49;49;49;49;49;49;49;49;49;276;276;276;276;276;276;276;276;276;276;276;276;1;1;1;1;1;1;1;1;1;1;1;37;234
2022-06-22;"alle";71;71;71;71;71;71;71;71;71;71;71;71;429;429;429;429;429;429;429;429;429;429;429;429;NA;NA;NA;NA;NA;NA;NA;NA;NA;NA;NA;58;375
2022-06-21;"0-60";40;40;40;40;40;40;40;40;40;40;40;40;155;155;155;155;155;155;155;155;155;155;155;155;1;1;1;1;1;1;1;1;1;1;1;37;140
2022-06-21;"60+";79;79;79;79;79;79;79;79;79;79;79;79;269;269;269;269;269;269;269;269;269;269;269;269;1;1;1;1;1;1;1;1;1;1;1;74;235
2022-06-21;"alle";119;119;119;119;119;119;119;119;119;119;119;119;424;424;424;424;424;424;424;424;424;424;424;424;NA;NA;NA;NA;NA;NA;NA;NA;NA;NA;NA;111;375
2022-06-20;"0-60";10;10;10;10;10;10;10;10;10;10;10;10;151;151;151;151;151;151;151;151;151;151;151;151;1;1;1;1;1;1;1;1;1;1;1;10;137
2022-06-20;"60+";18;18;18;18;18;18;18;18;18;18;18;18;256;256;256;256;256;256;256;256;256;256;256;256;1;1;1;1;1;1;1;1;1;1;1;15;221
2022-06-20;"alle";28;28;28;28;28;28;28;28;28;28;28;28;407;407;407;407;407;407;407;407;407;407;407;407;NA;NA;NA;NA;NA;NA;NA;NA;NA;NA;NA;25;358
2022-06-19;"0-60";7;7;7;7;7;7;7;7;7;7;7;7;146;146;146;146;146;146;146;146;146;146;146;146;1;1;1;1;1;1;1;1;1;1;1;7;132
2022-06-19;"60+";7;7;7;7;7;7;7;7;7;7;7;7;249;249;249;249;249;249;249;249;249;249;249;249;1;1;1;1;1;1;1;1;1;1;1;5;216
2022-06-19;"alle";14;14;14;14;14;14;14;14;14;14;14;14;395;395;395;395;395;395;395;395;395;395;395;395;NA;NA;NA;NA;NA;NA;NA;NA;NA;NA;NA;12;348
2022-06-18;"0-60";24;24;24;24;24;24;24;24;24;24;24;24;143;143;143;143;143;143;143;143;143;143;143;143;1;1;1;1;1;1;1;1;1;1;1;23;127
2022-06-18;"60+";37;37;37;37;37;37;37;37;37;37;37;37;253;253;253;253;253;253;253;253;253;253;253;253;1;1;1;1;1;1;1;1;1;1;1;33;222
2022-06-18;"alle";61;61;61;61;61;61;61;61;61;61;61;61;396;396;396;396;396;396;396;396;396;396;396;396;NA;NA;NA;NA;NA;NA;NA;NA;NA;NA;NA;56;349
2022-06-17;"0-60";25;25;25;25;25;25;25;25;25;25;25;25;135;135;135;135;135;135;135;135;135;135;135;135;1;1;1;1;1;1;1;1;1;1;1;21;118
2022-06-17;"60+";30;30;30;30;30;30;30;30;30;30;30;30;258;258;258;258;258;258;258;258;258;258;258;258;1;1;1;1;1;1;1;1;1;1;1;20;222
2022-06-17;"alle";55;55;55;55;55;55;55;55;55;55;55;55;393;393;393;393;393;393;393;393;393;393;393;393;NA;NA;NA;NA;NA;NA;NA;NA;NA;NA;NA;41;340
2022-06-16;"0-60";25;25;25;25;25;25;25;25;25;25;25;25;131;131;131;131;131;131;131;131;131;131;131;131;1;1;1;1;1;1;1;1;1;1;1;22;117
2022-06-16;"60+";56;56;56;56;56;56;56;56;56;56;56;56;267;267;267;267;267;267;267;267;267;267;267;267;1;1;1;1;1;1;1;1;1;1;1;50;236
2022-06-16;"alle";81;81;81;81;81;81;81;81;81;81;81;81;398;398;398;398;398;398;398;398;398;398;398;398;NA;NA;NA;NA;NA;NA;NA;NA;NA;NA;NA;72;353
2022-06-15;"0-60";24;24;24;24;24;24;24;24;24;24;24;24;119;119;119;119;119;119;119;119;119;119;119;119;1;1;1;1;1;1;1;1;1;1;1;20;106
2022-06-15;"60+";42;42;42;42;42;42;42;42;42;42;42;42;252;252;252;252;252;252;252;252;252;252;252;252;1;1;1;1;1;1;1;1;1;1;1;38;218
2022-06-15;"alle";66;66;66;66;66;66;66;66;66;66;66;66;371;371;371;371;371;371;371;371;371;371;371;371;NA;NA;NA;NA;NA;NA;NA;NA;NA;NA;NA;58;324
2022-06-14;"0-60";36;36;36;36;36;36;36;36;36;36;36;36;123;123;123;123;123;123;123;123;123;123;123;123;1;1;1;1;1;1;1;1;1;1;1;34;110
2022-06-14;"60+";66;66;66;66;66;66;66;66;66;66;66;66;293;293;293;293;293;293;293;293;293;293;293;293;1;1;1;1;1;1;1;1;1;1;1;60;255
2022-06-14;"alle";102;102;102;102;102;102;102;102;102;102;102;102;416;416;416;416;416;416;416;416;416;416;416;416;NA;NA;NA;NA;NA;NA;NA;NA;NA;NA;NA;94;365
2022-06-13;"0-60";5;5;5;5;5;5;5;5;5;5;5;5;88;88;88;88;88;88;88;88;88;88;88;88;1;1;1;1;1;1;1;1;1;1;1;5;76
2022-06-13;"60+";11;11;11;11;11;11;11;11;11;11;11;11;229;229;229;229;229;229;229;229;229;229;229;229;1;1;1;1;1;1;1;1;1;1;1;10;195
2022-06-13;"alle";16;16;16;16;16;16;16;16;16;16;16;16;317;317;317;317;317;317;317;317;317;317;317;317;NA;NA;NA;NA;NA;NA;NA;NA;NA;NA;NA;15;271
2022-06-12;"0-60";4;4;4;4;4;4;4;4;4;4;4;4;84;84;84;84;84;84;84;84;84;84;84;84;1;1;1;1;1;1;1;1;1;1;1;2;72
2022-06-12;"60+";11;11;11;11;11;11;11;11;11;11;11;11;220;220;220;220;220;220;220;220;220;220;220;220;1;1;1;1;1;1;1;1;1;1;1;11;186
2022-06-12;"alle";15;15;15;15;15;15;15;15;15;15;15;15;304;304;304;304;304;304;304;304;304;304;304;304;NA;NA;NA;NA;NA;NA;NA;NA;NA;NA;NA;13;258
2022-06-11;"0-60";16;16;16;16;16;16;16;16;16;16;16;16;83;83;83;83;83;83;83;83;83;83;83;83;1;1;1;1;1;1;1;1;1;1;1;14;70
2022-06-11;"60+";42;42;42;42;42;42;42;42;42;42;42;42;217;217;217;217;217;217;217;217;217;217;217;217;1;1;1;1;1;1;1;1;1;1;1;33;180
2022-06-11;"alle";58;58;58;58;58;58;58;58;58;58;58;58;300;300;300;300;300;300;300;300;300;300;300;300;NA;NA;NA;NA;NA;NA;NA;NA;NA;NA;NA;47;250
2022-06-10;"0-60";21;21;21;21;21;21;21;21;21;21;21;21;74;74;74;74;74;74;74;74;74;74;74;74;1;1;1;1;1;1;1;1;1;1;1;20;62
2022-06-10;"60+";39;39;39;39;39;39;39;39;39;39;39;39;192;192;192;192;192;192;192;192;192;192;192;192;1;1;1;1;1;1;1;1;1;1;1;34;161
2022-06-10;"alle";60;60;60;60;60;60;60;60;60;60;60;60;266;266;266;266;266;266;266;266;266;266;266;266;NA;NA;NA;NA;NA;NA;NA;NA;NA;NA;NA;54;223
2022-06-09;"0-60";13;13;13;13;13;13;13;13;13;13;13;13;64;64;64;64;64;64;64;64;64;64;64;64;1;1;1;1;1;1;1;1;1;1;1;11;51
2022-06-09;"60+";41;41;41;41;41;41;41;41;41;41;41;41;179;179;179;179;179;179;179;179;179;179;179;179;1;1;1;1;1;1;1;1;1;1;1;32;150
2022-06-09;"alle";54;54;54;54;54;54;54;54;54;54;54;54;243;243;243;243;243;243;243;243;243;243;243;243;NA;NA;NA;NA;NA;NA;NA;NA;NA;NA;NA;43;201
2022-06-08;"0-60";28;28;28;28;28;28;28;28;28;28;28;28;67;67;67;67;67;67;67;67;67;67;67;67;1;1;1;1;1;1;1;1;1;1;1;24;53
2022-06-08;"60+";83;83;83;83;83;83;83;83;83;83;83;83;168;168;168;168;168;168;168;168;168;168;168;168;1;1;1;1;1;1;1;1;1;1;1;75;145
2022-06-08;"alle";111;111;111;111;111;111;111;111;111;111;111;111;235;235;235;235;235;235;235;235;235;235;235;235;NA;NA;NA;NA;NA;NA;NA;NA;NA;NA;NA;99;198
2022-06-07;"0-60";1;1;1;1;1;1;1;1;1;1;1;1;61;61;61;61;61;61;61;61;61;61;61;61;1;1;1;1;1;1;1;1;1;1;1;0;50
2022-06-07;"60+";2;2;2;2;2;2;2;2;2;2;2;2;106;106;106;106;106;106;106;106;106;106;106;106;1;1;1;1;1;1;1;1;1;1;1;0;87
2022-06-07;"alle";3;3;3;3;3;3;3;3;3;3;3;3;167;167;167;167;167;167;167;167;167;167;167;167;NA;NA;NA;NA;NA;NA;NA;NA;NA;NA;NA;0;137
2022-06-06;"0-60";1;1;1;1;1;1;1;1;1;1;1;1;80;80;80;80;80;80;80;80;80;80;80;80;1;1;1;1;1;1;1;1;1;1;1;1;67
2022-06-06;"60+";2;2;2;2;2;2;2;2;2;2;2;2;143;143;143;143;143;143;143;143;143;143;143;143;1;1;1;1;1;1;1;1;1;1;1;1;121
2022-06-06;"alle";3;3;3;3;3;3;3;3;3;3;3;3;223;223;223;223;223;223;223;223;223;223;223;223;NA;NA;NA;NA;NA;NA;NA;NA;NA;NA;NA;2;188
2022-06-05;"0-60";3;3;3;3;3;3;3;3;3;3;3;3;81;81;81;81;81;81;81;81;81;81;81;81;1;1;1;1;1;1;1;1;1;1;1;0;68
2022-06-05;"60+";8;8;8;8;8;8;8;8;8;8;8;8;147;147;147;147;147;147;147;147;147;147;147;147;1;1;1;1;1;1;1;1;1;1;1;5;125
2022-06-05;"alle";11;11;11;11;11;11;11;11;11;11;11;11;228;228;228;228;228;228;228;228;228;228;228;228;NA;NA;NA;NA;NA;NA;NA;NA;NA;NA;NA;5;194
2022-06-04;"0-60";7;7;7;7;7;7;7;7;7;7;7;7;80;80;80;80;80;80;80;80;80;80;80;80;1;1;1;1;1;1;1;1;1;1;1;6;70
2022-06-04;"60+";17;17;17;17;17;17;17;17;17;17;17;17;141;141;141;141;141;141;141;141;141;141;141;141;1;1;1;1;1;1;1;1;1;1;1;14;122
2022-06-04;"alle";24;24;24;24;24;24;24;24;24;24;24;24;221;221;221;221;221;221;221;221;221;221;221;221;NA;NA;NA;NA;NA;NA;NA;NA;NA;NA;NA;20;193
2022-06-03;"0-60";11;11;11;11;11;11;11;11;11;11;11;11;85;85;85;85;85;85;85;85;85;85;85;85;1;1;1;1;1;1;1;1;1;1;1;9;76
2022-06-03;"60+";26;26;26;26;26;26;26;26;26;26;26;26;143;143;143;143;143;143;143;143;143;143;143;143;1;1;1;1;1;1;1;1;1;1;1;23;124
2022-06-03;"alle";37;37;37;37;37;37;37;37;37;37;37;37;228;228;228;228;228;228;228;228;228;228;228;228;NA;NA;NA;NA;NA;NA;NA;NA;NA;NA;NA;32;201
2022-06-02;"0-60";16;16;16;16;16;16;16;16;16;16;16;16;74;74;74;74;74;74;74;74;74;74;74;74;1;1;1;1;1;1;1;1;1;1;1;13;67
2022-06-02;"60+";30;30;30;30;30;30;30;30;30;30;30;30;120;120;120;120;120;120;120;120;120;120;120;120;1;1;1;1;1;1;1;1;1;1;1;27;102
2022-06-02;"alle";46;46;46;46;46;46;46;46;46;46;46;46;194;194;194;194;194;194;194;194;194;194;194;194;NA;NA;NA;NA;NA;NA;NA;NA;NA;NA;NA;40;170
2022-06-01;"0-60";22;22;22;22;22;22;22;22;22;22;22;22;67;67;67;67;67;67;67;67;67;67;67;67;1;1;1;1;1;1;1;1;1;1;1;21;60
2022-06-01;"60+";21;21;21;21;21;21;21;21;21;21;21;21;109;109;109;109;109;109;109;109;109;109;109;109;1;1;1;1;1;1;1;1;1;1;1;17;93
2022-06-01;"alle";43;43;43;43;43;43;43;43;43;43;43;43;176;176;176;176;176;176;176;176;176;176;176;176;NA;NA;NA;NA;NA;NA;NA;NA;NA;NA;NA;38;154
2022-05-31;"0-60";20;20;20;20;20;20;20;20;20;20;20;20;55;55;55;55;55;55;55;55;55;55;55;55;1;1;1;1;1;1;1;1;1;1;1;17;47
2022-05-31;"60+";39;39;39;39;39;39;39;39;39;39;39;39;119;119;119;119;119;119;119;119;119;119;119;119;1;1;1;1;1;1;1;1;1;1;1;34;103
2022-05-31;"alle";59;59;59;59;59;59;59;59;59;59;59;59;174;174;174;174;174;174;174;174;174;174;174;174;NA;NA;NA;NA;NA;NA;NA;NA;NA;NA;NA;51;151
2022-05-30;"0-60";2;2;2;2;2;2;2;2;2;2;2;2;48;48;48;48;48;48;48;48;48;48;48;48;1;1;1;1;1;1;1;1;1;1;1;2;41
2022-05-30;"60+";6;6;6;6;6;6;6;6;6;6;6;6;120;120;120;120;120;120;120;120;120;120;120;120;1;1;1;1;1;1;1;1;1;1;1;5;107
2022-05-30;"alle";8;8;8;8;8;8;8;8;8;8;8;8;168;168;168;168;168;168;168;168;168;168;168;168;NA;NA;NA;NA;NA;NA;NA;NA;NA;NA;NA;8;149
2022-05-29;"0-60";2;2;2;2;2;2;2;2;2;2;2;2;53;53;53;53;53;53;53;53;53;53;53;53;1;1;1;1;1;1;1;1;1;1;1;2;46
2022-05-29;"60+";2;2;2;2;2;2;2;2;2;2;2;2;119;119;119;119;119;119;119;119;119;119;119;119;1;1;1;1;1;1;1;1;1;1;1;2;105
2022-05-29;"alle";4;4;4;4;4;4;4;4;4;4;4;4;172;172;172;172;172;172;172;172;172;172;172;172;NA;NA;NA;NA;NA;NA;NA;NA;NA;NA;NA;4;151
2022-05-28;"0-60";12;12;12;12;12;12;12;12;12;12;12;12;54;54;54;54;54;54;54;54;54;54;54;54;1;1;1;1;1;1;1;1;1;1;1;12;45
2022-05-28;"60+";19;19;19;19;19;19;19;19;19;19;19;19;125;125;125;125;125;125;125;125;125;125;125;125;1;1;1;1;1;1;1;1;1;1;1;16;108
2022-05-28;"alle";31;31;31;31;31;31;31;31;31;31;31;31;179;179;179;179;179;179;179;179;179;179;179;179;NA;NA;NA;NA;NA;NA;NA;NA;NA;NA;NA;28;153
2022-05-27;"0-60";0;0;0;0;0;0;0;0;0;0;0;0;52;52;52;52;52;52;52;52;52;52;52;52;1;1;1;1;1;1;1;1;1;1;1;0;43
2022-05-27;"60+";3;3;3;3;3;3;3;3;3;3;3;3;130;130;130;130;130;130;130;130;130;130;130;130;1;1;1;1;1;1;1;1;1;1;1;1;115
2022-05-27;"alle";3;3;3;3;3;3;3;3;3;3;3;3;182;182;182;182;182;182;182;182;182;182;182;182;NA;NA;NA;NA;NA;NA;NA;NA;NA;NA;NA;1;158
2022-05-26;"0-60";9;9;9;9;9;9;9;9;9;9;9;9;67;67;67;67;67;67;67;67;67;67;67;67;1;1;1;1;1;1;1;1;1;1;1;6;57
2022-05-26;"60+";19;19;19;19;19;19;19;19;19;19;19;19;154;154;154;154;154;154;154;154;154;154;154;154;1;1;1;1;1;1;1;1;1;1;1;18;138
2022-05-26;"alle";28;28;28;28;28;28;28;28;28;28;28;28;221;221;221;221;221;221;221;221;221;221;221;221;NA;NA;NA;NA;NA;NA;NA;NA;NA;NA;NA;24;195
2022-05-25;"0-60";10;10;10;10;10;10;10;10;10;10;10;10;75;75;75;75;75;75;75;75;75;75;75;75;1;1;1;1;1;1;1;1;1;1;1;8;67
2022-05-25;"60+";31;31;31;31;31;31;31;31;31;31;31;31;164;164;164;164;164;164;164;164;164;164;164;164;1;1;1;1;1;1;1;1;1;1;1;27;146
2022-05-25;"alle";41;41;41;41;41;41;41;41;41;41;41;41;239;239;239;239;239;239;239;239;239;239;239;239;NA;NA;NA;NA;NA;NA;NA;NA;NA;NA;NA;35;213
2022-05-24;"0-60";13;13;13;13;13;13;13;13;13;13;13;13;76;76;76;76;76;76;76;76;76;76;76;76;1;1;1;1;1;1;1;1;1;1;1;11;68
2022-05-24;"60+";40;40;40;40;40;40;40;40;40;40;40;40;177;177;177;177;177;177;177;177;177;177;177;177;1;1;1;1;1;1;1;1;1;1;1;38;158
2022-05-24;"alle";53;53;53;53;53;53;53;53;53;53;53;53;253;253;253;253;253;253;253;253;253;253;253;253;NA;NA;NA;NA;NA;NA;NA;NA;NA;NA;NA;49;226
2022-05-23;"0-60";7;7;7;7;7;7;7;7;7;7;7;7;125;125;125;125;125;125;125;125;125;125;125;125;1;1;1;1;1;1;1;1;1;1;1;7;118
2022-05-23;"60+";5;5;5;5;5;5;5;5;5;5;5;5;204;204;204;204;204;204;204;204;204;204;204;204;1;1;1;1;1;1;1;1;1;1;1;3;177
2022-05-23;"alle";12;12;12;12;12;12;12;12;12;12;12;12;329;329;329;329;329;329;329;329;329;329;329;329;NA;NA;NA;NA;NA;NA;NA;NA;NA;NA;NA;10;295
2022-05-22;"0-60";3;3;3;3;3;3;3;3;3;3;3;3;120;120;120;120;120;120;120;120;120;120;120;120;1;1;1;1;1;1;1;1;1;1;1;1;112
2022-05-22;"60+";8;8;8;8;8;8;8;8;8;8;8;8;205;205;205;205;205;205;205;205;205;205;205;205;1;1;1;1;1;1;1;1;1;1;1;5;178
2022-05-22;"alle";11;11;11;11;11;11;11;11;11;11;11;11;325;325;325;325;325;325;325;325;325;325;325;325;NA;NA;NA;NA;NA;NA;NA;NA;NA;NA;NA;6;290
2022-05-21;"0-60";10;10;10;10;10;10;10;10;10;10;10;10;120;120;120;120;120;120;120;120;120;120;120;120;1;1;1;1;1;1;1;1;1;1;1;10;114
2022-05-21;"60+";24;24;24;24;24;24;24;24;24;24;24;24;207;207;207;207;207;207;207;207;207;207;207;207;1;1;1;1;1;1;1;1;1;1;1;23;183
2022-05-21;"alle";34;34;34;34;34;34;34;34;34;34;34;34;327;327;327;327;327;327;327;327;327;327;327;327;NA;NA;NA;NA;NA;NA;NA;NA;NA;NA;NA;33;297
2022-05-20;"0-60";15;15;15;15;15;15;15;15;15;15;15;15;119;119;119;119;119;119;119;119;119;119;119;119;1;1;1;1;1;1;1;1;1;1;1;14;113
2022-05-20;"60+";27;27;27;27;27;27;27;27;27;27;27;27;202;202;202;202;202;202;202;202;202;202;202;202;1;1;1;1;1;1;1;1;1;1;1;24;177
2022-05-20;"alle";42;42;42;42;42;42;42;42;42;42;42;42;321;321;321;321;321;321;321;321;321;321;321;321;NA;NA;NA;NA;NA;NA;NA;NA;NA;NA;NA;38;290
2022-05-19;"0-60";17;17;17;17;17;17;17;17;17;17;17;17;124;124;124;124;124;124;124;124;124;124;124;124;1;1;1;1;1;1;1;1;1;1;1;16;117
2022-05-19;"60+";29;29;29;29;29;29;29;29;29;29;29;29;222;222;222;222;222;222;222;222;222;222;222;222;1;1;1;1;1;1;1;1;1;1;1;26;197
2022-05-19;"alle";46;46;46;46;46;46;46;46;46;46;46;46;346;346;346;346;346;346;346;346;346;346;346;346;NA;NA;NA;NA;NA;NA;NA;NA;NA;NA;NA;42;314
2022-05-18;"0-60";11;11;11;11;11;11;11;11;11;11;11;11;127;127;127;127;127;127;127;127;127;127;127;127;1;1;1;1;1;1;1;1;1;1;1;9;121
2022-05-18;"60+";44;44;44;44;44;44;44;44;44;44;44;44;231;231;231;231;231;231;231;231;231;231;231;231;1;1;1;1;1;1;1;1;1;1;1;39;203
2022-05-18;"alle";55;55;55;55;55;55;55;55;55;55;55;55;358;358;358;358;358;358;358;358;358;358;358;358;NA;NA;NA;NA;NA;NA;NA;NA;NA;NA;NA;48;324
2022-05-17;"0-60";62;62;62;62;62;62;62;62;62;62;62;62;143;143;143;143;143;143;143;143;143;143;143;143;1;1;1;1;1;1;1;1;1;1;1;61;133
2022-05-17;"60+";67;67;67;67;67;67;67;67;67;67;67;67;240;240;240;240;240;240;240;240;240;240;240;240;1;1;1;1;1;1;1;1;1;1;1;57;211
2022-05-17;"alle";129;129;129;129;129;129;129;129;129;129;129;129;383;383;383;383;383;383;383;383;383;383;383;383;NA;NA;NA;NA;NA;NA;NA;NA;NA;NA;NA;118;344
2022-05-16;"0-60";2;2;2;2;2;2;2;2;2;2;2;2;118;118;118;118;118;118;118;118;118;118;118;118;1;1;1;1;1;1;1;1;1;1;1;1;109
2022-05-16;"60+";6;6;6;6;6;6;6;6;6;6;6;6;235;235;235;235;235;235;235;235;235;235;235;235;1;1;1;1;1;1;1;1;1;1;1;4;213
2022-05-16;"alle";8;8;8;8;8;8;8;8;8;8;8;8;353;353;353;353;353;353;353;353;353;353;353;353;NA;NA;NA;NA;NA;NA;NA;NA;NA;NA;NA;5;322
2022-05-15;"0-60";3;3;3;3;3;3;3;3;3;3;3;3;117;117;117;117;117;117;117;117;117;117;117;117;1;1;1;1;1;1;1;1;1;1;1;3;108
2022-05-15;"60+";10;10;10;10;10;10;10;10;10;10;10;10;245;245;245;245;245;245;245;245;245;245;245;245;1;1;1;1;1;1;1;1;1;1;1;10;220
2022-05-15;"alle";13;13;13;13;13;13;13;13;13;13;13;13;362;362;362;362;362;362;362;362;362;362;362;362;NA;NA;NA;NA;NA;NA;NA;NA;NA;NA;NA;13;328
2022-05-14;"0-60";9;9;9;9;9;9;9;9;9;9;9;9;116;116;116;116;116;116;116;116;116;116;116;116;1;1;1;1;1;1;1;1;1;1;1;9;107
2022-05-14;"60+";19;19;19;19;19;19;19;19;19;19;19;19;239;239;239;239;239;239;239;239;239;239;239;239;1;1;1;1;1;1;1;1;1;1;1;17;214
2022-05-14;"alle";28;28;28;28;28;28;28;28;28;28;28;28;355;355;355;355;355;355;355;355;355;355;355;355;NA;NA;NA;NA;NA;NA;NA;NA;NA;NA;NA;26;321
2022-05-13;"0-60";20;20;20;20;20;20;20;20;20;20;20;20;142;142;142;142;142;142;142;142;142;142;142;142;1;1;1;1;1;1;1;1;1;1;1;18;127
2022-05-13;"60+";47;47;47;47;47;47;47;47;47;47;47;47;259;259;259;259;259;259;259;259;259;259;259;259;1;1;1;1;1;1;1;1;1;1;1;44;230
2022-05-13;"alle";67;67;67;67;67;67;67;67;67;67;67;67;401;401;401;401;401;401;401;401;401;401;401;401;NA;NA;NA;NA;NA;NA;NA;NA;NA;NA;NA;62;357
2022-05-12;"0-60";20;20;20;20;20;20;20;20;20;20;20;20;138;138;138;138;138;138;138;138;138;138;138;138;1;1;1;1;1;1;1;1;1;1;1;20;124
2022-05-12;"60+";38;38;38;38;38;38;38;38;38;38;38;38;252;252;252;252;252;252;252;252;252;252;252;252;1;1;1;1;1;1;1;1;1;1;1;32;222
2022-05-12;"alle";58;58;58;58;58;58;58;58;58;58;58;58;390;390;390;390;390;390;390;390;390;390;390;390;NA;NA;NA;NA;NA;NA;NA;NA;NA;NA;NA;52;348
2022-05-11;"0-60";27;27;27;27;27;27;27;27;27;27;27;27;137;137;137;137;137;137;137;137;137;137;137;137;1;1;1;1;1;1;1;1;1;1;1;21;120
2022-05-11;"60+";53;53;53;53;53;53;53;53;53;53;53;53;265;265;265;265;265;265;265;265;265;265;265;265;1;1;1;1;1;1;1;1;1;1;1;47;235
2022-05-11;"alle";80;80;80;80;80;80;80;80;80;80;80;80;402;402;402;402;402;402;402;402;402;402;402;402;NA;NA;NA;NA;NA;NA;NA;NA;NA;NA;NA;68;357
2022-05-10;"0-60";37;37;37;37;37;37;37;37;37;37;37;37;134;134;134;134;134;134;134;134;134;134;134;134;1;1;1;1;1;1;1;1;1;1;1;37;121
2022-05-10;"60+";62;62;62;62;62;62;62;62;62;62;62;62;258;258;258;258;258;258;258;258;258;258;258;258;1;1;1;1;1;1;1;1;1;1;1;59;230
2022-05-10;"alle";99;99;99;99;99;99;99;99;99;99;99;99;392;392;392;392;392;392;392;392;392;392;392;392;NA;NA;NA;NA;NA;NA;NA;NA;NA;NA;NA;96;355
2022-05-09;"0-60";1;1;1;1;1;1;1;1;1;1;1;1;125;125;125;125;125;125;125;125;125;125;125;125;1;1;1;1;1;1;1;1;1;1;1;0;105
2022-05-09;"60+";16;16;16;16;16;16;16;16;16;16;16;16;274;274;274;274;274;274;274;274;274;274;274;274;1;1;1;1;1;1;1;1;1;1;1;11;243
2022-05-09;"alle";17;17;17;17;17;17;17;17;17;17;17;17;399;399;399;399;399;399;399;399;399;399;399;399;NA;NA;NA;NA;NA;NA;NA;NA;NA;NA;NA;11;352
2022-05-08;"0-60";2;2;2;2;2;2;2;2;2;2;2;2;129;129;129;129;129;129;129;129;129;129;129;129;1;1;1;1;1;1;1;1;1;1;1;2;110
2022-05-08;"60+";4;4;4;4;4;4;4;4;4;4;4;4;267;267;267;267;267;267;267;267;267;267;267;267;1;1;1;1;1;1;1;1;1;1;1;4;238
2022-05-08;"alle";6;6;6;6;6;6;6;6;6;6;6;6;396;396;396;396;396;396;396;396;396;396;396;396;NA;NA;NA;NA;NA;NA;NA;NA;NA;NA;NA;6;352
2022-05-07;"0-60";35;35;35;35;35;35;35;35;35;35;35;35;134;134;134;134;134;134;134;134;134;134;134;134;1;1;1;1;1;1;1;1;1;1;1;29;114
2022-05-07;"60+";39;39;39;39;39;39;39;39;39;39;39;39;271;271;271;271;271;271;271;271;271;271;271;271;1;1;1;1;1;1;1;1;1;1;1;33;241
2022-05-07;"alle";74;74;74;74;74;74;74;74;74;74;74;74;405;405;405;405;405;405;405;405;405;405;405;405;NA;NA;NA;NA;NA;NA;NA;NA;NA;NA;NA;62;359
2022-05-06;"0-60";16;16;16;16;16;16;16;16;16;16;16;16;118;118;118;118;118;118;118;118;118;118;118;118;1;1;1;1;1;1;1;1;1;1;1;15;103
2022-05-06;"60+";40;40;40;40;40;40;40;40;40;40;40;40;260;260;260;260;260;260;260;260;260;260;260;260;1;1;1;1;1;1;1;1;1;1;1;36;232
2022-05-06;"alle";56;56;56;56;56;56;56;56;56;56;56;56;378;378;378;378;378;378;378;378;378;378;378;378;NA;NA;NA;NA;NA;NA;NA;NA;NA;NA;NA;53;339
2022-05-05;"0-60";19;19;19;19;19;19;19;19;19;19;19;19;115;115;115;115;115;115;115;115;115;115;115;115;1;1;1;1;1;1;1;1;1;1;1;16;99
2022-05-05;"60+";51;51;51;51;51;51;51;51;51;51;51;51;257;257;257;257;257;257;257;257;257;257;257;257;1;1;1;1;1;1;1;1;1;1;1;45;227
2022-05-05;"alle";70;70;70;70;70;70;70;70;70;70;70;70;372;372;372;372;372;372;372;372;372;372;372;372;NA;NA;NA;NA;NA;NA;NA;NA;NA;NA;NA;61;328
2022-05-04;"0-60";24;24;24;24;24;24;24;24;24;24;24;24;120;120;120;120;120;120;120;120;120;120;120;120;1;1;1;1;1;1;1;1;1;1;1;22;103
2022-05-04;"60+";46;46;46;46;46;46;46;46;46;46;46;46;247;247;247;247;247;247;247;247;247;247;247;247;1;1;1;1;1;1;1;1;1;1;1;42;220
2022-05-04;"alle";70;70;70;70;70;70;70;70;70;70;70;70;367;367;367;367;367;367;367;367;367;367;367;367;NA;NA;NA;NA;NA;NA;NA;NA;NA;NA;NA;66;326
2022-05-03;"0-60";28;28;28;28;28;28;28;28;28;28;28;28;121;121;121;121;121;121;121;121;121;121;121;121;1;1;1;1;1;1;1;1;1;1;1;21;103
2022-05-03;"60+";78;78;78;78;78;78;78;78;78;78;78;78;268;268;268;268;268;268;268;268;268;268;268;268;1;1;1;1;1;1;1;1;1;1;1;72;234
2022-05-03;"alle";106;106;106;106;106;106;106;106;106;106;106;106;389;389;389;389;389;389;389;389;389;389;389;389;NA;NA;NA;NA;NA;NA;NA;NA;NA;NA;NA;93;338
2022-05-02;"0-60";5;5;5;5;5;5;5;5;5;5;5;5;133;133;133;133;133;133;133;133;133;133;133;133;1;1;1;1;1;1;1;1;1;1;1;5;116
2022-05-02;"60+";9;9;9;9;9;9;9;9;9;9;9;9;284;284;284;284;284;284;284;284;284;284;284;284;1;1;1;1;1;1;1;1;1;1;1;6;246
2022-05-02;"alle";14;14;14;14;14;14;14;14;14;14;14;14;417;417;417;417;417;417;417;417;417;417;417;417;NA;NA;NA;NA;NA;NA;NA;NA;NA;NA;NA;11;363
2022-05-01;"0-60";7;7;7;7;7;7;7;7;7;7;7;7;137;137;137;137;137;137;137;137;137;137;137;137;1;1;1;1;1;1;1;1;1;1;1;6;118
2022-05-01;"60+";8;8;8;8;8;8;8;8;8;8;8;8;294;294;294;294;294;294;294;294;294;294;294;294;1;1;1;1;1;1;1;1;1;1;1;7;257
2022-05-01;"alle";15;15;15;15;15;15;15;15;15;15;15;15;431;431;431;431;431;431;431;431;431;431;431;431;NA;NA;NA;NA;NA;NA;NA;NA;NA;NA;NA;13;376
2022-04-30;"0-60";19;19;19;19;19;19;19;19;19;19;19;19;134;134;134;134;134;134;134;134;134;134;134;134;1;1;1;1;1;1;1;1;1;1;1;18;115
2022-04-30;"60+";28;28;28;28;28;28;28;28;28;28;28;28;302;302;302;302;302;302;302;302;302;302;302;302;1;1;1;1;1;1;1;1;1;1;1;24;266
2022-04-30;"alle";47;47;47;47;47;47;47;47;47;47;47;47;436;436;436;436;436;436;436;436;436;436;436;436;NA;NA;NA;NA;NA;NA;NA;NA;NA;NA;NA;42;382
2022-04-29;"0-60";13;13;13;13;13;13;13;13;13;13;13;13;158;158;158;158;158;158;158;158;158;158;158;158;1;1;1;1;1;1;1;1;1;1;1;11;137
2022-04-29;"60+";37;37;37;37;37;37;37;37;37;37;37;37;342;342;342;342;342;342;342;342;342;342;342;342;1;1;1;1;1;1;1;1;1;1;1;31;306
2022-04-29;"alle";50;50;50;50;50;50;50;50;50;50;50;50;500;500;500;500;500;500;500;500;500;500;500;500;NA;NA;NA;NA;NA;NA;NA;NA;NA;NA;NA;42;444
2022-04-28;"0-60";24;24;24;24;24;24;24;24;24;24;24;24;176;176;176;176;176;176;176;176;176;176;176;176;1;1;1;1;1;1;1;1;1;1;1;20;153
2022-04-28;"60+";41;41;41;41;41;41;41;41;41;41;41;41;379;379;379;379;379;379;379;379;379;379;379;379;1;1;1;1;1;1;1;1;1;1;1;38;336
2022-04-28;"alle";65;65;65;65;65;65;65;65;65;65;65;65;555;555;555;555;555;555;555;555;555;555;555;555;NA;NA;NA;NA;NA;NA;NA;NA;NA;NA;NA;59;490
2022-04-27;"0-60";25;25;25;25;25;25;25;25;25;25;25;25;187;187;187;187;187;187;187;187;187;187;187;187;1;1;1;1;1;1;1;1;1;1;1;22;163
2022-04-27;"60+";67;67;67;67;67;67;67;67;67;67;67;67;422;422;422;422;422;422;422;422;422;422;422;422;1;1;1;1;1;1;1;1;1;1;1;56;360
2022-04-27;"alle";92;92;92;92;92;92;92;92;92;92;92;92;609;609;609;609;609;609;609;609;609;609;609;609;NA;NA;NA;NA;NA;NA;NA;NA;NA;NA;NA;78;523
2022-04-26;"0-60";40;40;40;40;40;40;40;40;40;40;40;40;209;209;209;209;209;209;209;209;209;209;209;209;1;1;1;1;1;1;1;1;1;1;1;34;182
2022-04-26;"60+";94;94;94;94;94;94;94;94;94;94;94;94;499;499;499;499;499;499;499;499;499;499;499;499;1;1;1;1;1;1;1;1;1;1;1;84;440
2022-04-26;"alle";134;134;134;134;134;134;134;134;134;134;134;134;708;708;708;708;708;708;708;708;708;708;708;708;NA;NA;NA;NA;NA;NA;NA;NA;NA;NA;NA;118;622
2022-04-25;"0-60";9;9;9;9;9;9;9;9;9;9;9;9;184;184;184;184;184;184;184;184;184;184;184;184;1;1;1;1;1;1;1;1;1;1;1;7;160
2022-04-25;"60+";19;19;19;19;19;19;19;19;19;19;19;19;421;421;421;421;421;421;421;421;421;421;421;421;1;1;1;1;1;1;1;1;1;1;1;17;371
2022-04-25;"alle";28;28;28;28;28;28;28;28;28;28;28;28;605;605;605;605;605;605;605;605;605;605;605;605;NA;NA;NA;NA;NA;NA;NA;NA;NA;NA;NA;24;531
2022-04-24;"0-60";4;4;4;4;4;4;4;4;4;4;4;4;183;183;183;183;183;183;183;183;183;183;183;183;1;1;1;1;1;1;1;1;1;1;1;3;157
2022-04-24;"60+";16;16;16;16;16;16;16;16;16;16;16;16;422;422;422;422;422;422;422;422;422;422;422;422;1;1;1;1;1;1;1;1;1;1;1;16;368
2022-04-24;"alle";20;20;20;20;20;20;20;20;20;20;20;20;605;605;605;605;605;605;605;605;605;605;605;605;NA;NA;NA;NA;NA;NA;NA;NA;NA;NA;NA;19;525
2022-04-23;"0-60";43;43;43;43;43;43;43;43;43;43;43;43;186;186;186;186;186;186;186;186;186;186;186;186;1;1;1;1;1;1;1;1;1;1;1;40;159
2022-04-23;"60+";68;68;68;68;68;68;68;68;68;68;68;68;425;425;425;425;425;425;425;425;425;425;425;425;1;1;1;1;1;1;1;1;1;1;1;64;367
2022-04-23;"alle";111;111;111;111;111;111;111;111;111;111;111;111;611;611;611;611;611;611;611;611;611;611;611;611;NA;NA;NA;NA;NA;NA;NA;NA;NA;NA;NA;104;526
2022-04-22;"0-60";31;31;31;31;31;31;31;31;31;31;31;31;144;144;144;144;144;144;144;144;144;144;144;144;1;1;1;1;1;1;1;1;1;1;1;27;119
2022-04-22;"60+";74;74;74;74;74;74;74;74;74;74;74;74;372;372;372;372;372;372;372;372;372;372;372;372;1;1;1;1;1;1;1;1;1;1;1;61;317
2022-04-22;"alle";105;105;105;105;105;105;105;105;105;105;105;105;516;516;516;516;516;516;516;516;516;516;516;516;NA;NA;NA;NA;NA;NA;NA;NA;NA;NA;NA;88;436
2022-04-21;"0-60";35;35;35;35;35;35;35;35;35;35;35;35;135;135;135;135;135;135;135;135;135;135;135;135;1;1;1;1;1;1;1;1;1;1;1;30;107
2022-04-21;"60+";84;84;84;84;84;84;84;84;84;84;84;84;375;375;375;375;375;375;375;375;375;375;375;375;1;1;1;1;1;1;1;1;1;1;1;62;320
2022-04-21;"alle";119;119;119;119;119;119;119;119;119;119;119;119;510;510;510;510;510;510;510;510;510;510;510;510;NA;NA;NA;NA;NA;NA;NA;NA;NA;NA;NA;92;427
2022-04-20;"0-60";47;47;47;47;47;47;47;47;47;47;47;47;126;126;126;126;126;126;126;126;126;126;126;126;1;1;1;1;1;1;1;1;1;1;1;41;101
2022-04-20;"60+";144;144;144;144;144;144;144;144;144;144;144;144;362;362;362;362;362;362;362;362;362;362;362;362;1;1;1;1;1;1;1;1;1;1;1;136;312
2022-04-20;"alle";191;191;191;191;191;191;191;191;191;191;191;191;488;488;488;488;488;488;488;488;488;488;488;488;NA;NA;NA;NA;NA;NA;NA;NA;NA;NA;NA;177;414
2022-04-19;"0-60";15;15;15;15;15;15;15;15;15;15;15;15;124;124;124;124;124;124;124;124;124;124;124;124;1;1;1;1;1;1;1;1;1;1;1;12;103
2022-04-19;"60+";16;16;16;16;16;16;16;16;16;16;16;16;303;303;303;303;303;303;303;303;303;303;303;303;1;1;1;1;1;1;1;1;1;1;1;15;249
2022-04-19;"alle";31;31;31;31;31;31;31;31;31;31;31;31;427;427;427;427;427;427;427;427;427;427;427;427;NA;NA;NA;NA;NA;NA;NA;NA;NA;NA;NA;27;353
2022-04-18;"0-60";8;8;8;8;8;8;8;8;8;8;8;8;165;165;165;165;165;165;165;165;165;165;165;165;1;1;1;1;1;1;1;1;1;1;1;4;140
2022-04-18;"60+";20;20;20;20;20;20;20;20;20;20;20;20;388;388;388;388;388;388;388;388;388;388;388;388;1;1;1;1;1;1;1;1;1;1;1;14;330
2022-04-18;"alle";28;28;28;28;28;28;28;28;28;28;28;28;553;553;553;553;553;553;553;553;553;553;553;553;NA;NA;NA;NA;NA;NA;NA;NA;NA;NA;NA;18;471
2022-04-17;"0-60";7;7;7;7;7;7;7;7;7;7;7;7;164;164;164;164;164;164;164;164;164;164;164;164;1;1;1;1;1;1;1;1;1;1;1;5;141
2022-04-17;"60+";19;19;19;19;19;19;19;19;19;19;19;19;394;394;394;394;394;394;394;394;394;394;394;394;1;1;1;1;1;1;1;1;1;1;1;15;337
2022-04-17;"alle";26;26;26;26;26;26;26;26;26;26;26;26;558;558;558;558;558;558;558;558;558;558;558;558;NA;NA;NA;NA;NA;NA;NA;NA;NA;NA;NA;20;479
2022-04-16;"0-60";1;1;1;1;1;1;1;1;1;1;1;1;171;171;171;171;171;171;171;171;171;171;171;171;1;1;1;1;1;1;1;1;1;1;1;0;146
2022-04-16;"60+";15;15;15;15;15;15;15;15;15;15;15;15;393;393;393;393;393;393;393;393;393;393;393;393;1;1;1;1;1;1;1;1;1;1;1;14;334
2022-04-16;"alle";16;16;16;16;16;16;16;16;16;16;16;16;564;564;564;564;564;564;564;564;564;564;564;564;NA;NA;NA;NA;NA;NA;NA;NA;NA;NA;NA;14;481
2022-04-15;"0-60";22;22;22;22;22;22;22;22;22;22;22;22;200;200;200;200;200;200;200;200;200;200;200;200;1;1;1;1;1;1;1;1;1;1;1;15;171
2022-04-15;"60+";77;77;77;77;77;77;77;77;77;77;77;77;440;440;440;440;440;440;440;440;440;440;440;440;1;1;1;1;1;1;1;1;1;1;1;64;364
2022-04-15;"alle";99;99;99;99;99;99;99;99;99;99;99;99;640;640;640;640;640;640;640;640;640;640;640;640;NA;NA;NA;NA;NA;NA;NA;NA;NA;NA;NA;79;536
2022-04-14;"0-60";26;26;26;26;26;26;26;26;26;26;26;26;207;207;207;207;207;207;207;207;207;207;207;207;1;1;1;1;1;1;1;1;1;1;1;24;178
2022-04-14;"60+";71;71;71;71;71;71;71;71;71;71;71;71;457;457;457;457;457;457;457;457;457;457;457;457;1;1;1;1;1;1;1;1;1;1;1;54;372
2022-04-14;"alle";97;97;97;97;97;97;97;97;97;97;97;97;664;664;664;664;664;664;664;664;664;664;664;664;NA;NA;NA;NA;NA;NA;NA;NA;NA;NA;NA;79;551
2022-04-13;"0-60";45;45;45;45;45;45;45;45;45;45;45;45;214;214;214;214;214;214;214;214;214;214;214;214;1;1;1;1;1;1;1;1;1;1;1;43;185
2022-04-13;"60+";85;85;85;85;85;85;85;85;85;85;85;85;457;457;457;457;457;457;457;457;457;457;457;457;1;1;1;1;1;1;1;1;1;1;1;73;379
2022-04-13;"alle";130;130;130;130;130;130;130;130;130;130;130;130;671;671;671;671;671;671;671;671;671;671;671;671;NA;NA;NA;NA;NA;NA;NA;NA;NA;NA;NA;116;564
2022-04-12;"0-60";56;56;56;56;56;56;56;56;56;56;56;56;219;219;219;219;219;219;219;219;219;219;219;219;1;1;1;1;1;1;1;1;1;1;1;49;187
2022-04-12;"60+";101;101;101;101;101;101;101;101;101;101;101;101;494;494;494;494;494;494;494;494;494;494;494;494;1;1;1;1;1;1;1;1;1;1;1;96;406
2022-04-12;"alle";157;157;157;157;157;157;157;157;157;157;157;157;713;713;713;713;713;713;713;713;713;713;713;713;NA;NA;NA;NA;NA;NA;NA;NA;NA;NA;NA;145;594
2022-04-11;"0-60";7;7;7;7;7;7;7;7;7;7;7;7;218;218;218;218;218;218;218;218;218;218;218;218;1;1;1;1;1;1;1;1;1;1;1;5;187
2022-04-11;"60+";26;26;26;26;26;26;26;26;26;26;26;26;492;492;492;492;492;492;492;492;492;492;492;492;1;1;1;1;1;1;1;1;1;1;1;21;392
2022-04-11;"alle";33;33;33;33;33;33;33;33;33;33;33;33;710;710;710;710;710;710;710;710;710;710;710;710;NA;NA;NA;NA;NA;NA;NA;NA;NA;NA;NA;26;580
2022-04-10;"0-60";14;14;14;14;14;14;14;14;14;14;14;14;221;221;221;221;221;221;221;221;221;221;221;221;1;1;1;1;1;1;1;1;1;1;1;10;189
2022-04-10;"60+";18;18;18;18;18;18;18;18;18;18;18;18;488;488;488;488;488;488;488;488;488;488;488;488;1;1;1;1;1;1;1;1;1;1;1;12;386
2022-04-10;"alle";32;32;32;32;32;32;32;32;32;32;32;32;709;709;709;709;709;709;709;709;709;709;709;709;NA;NA;NA;NA;NA;NA;NA;NA;NA;NA;NA;22;576
2022-04-09;"0-60";30;30;30;30;30;30;30;30;30;30;30;30;214;214;214;214;214;214;214;214;214;214;214;214;1;1;1;1;1;1;1;1;1;1;1;25;186
2022-04-09;"60+";62;62;62;62;62;62;62;62;62;62;62;62;494;494;494;494;494;494;494;494;494;494;494;494;1;1;1;1;1;1;1;1;1;1;1;44;390
2022-04-09;"alle";92;92;92;92;92;92;92;92;92;92;92;92;708;708;708;708;708;708;708;708;708;708;708;708;NA;NA;NA;NA;NA;NA;NA;NA;NA;NA;NA;69;577
2022-04-08;"0-60";29;29;29;29;29;29;29;29;29;29;29;29;225;225;225;225;225;225;225;225;225;225;225;225;1;1;1;1;1;1;1;1;1;1;1;22;191
2022-04-08;"60+";94;94;94;94;94;94;94;94;94;94;94;94;523;523;523;523;523;523;523;523;523;523;523;523;1;1;1;1;1;1;1;1;1;1;1;72;416
2022-04-08;"alle";123;123;123;123;123;123;123;123;123;123;123;123;748;748;748;748;748;748;748;748;748;748;748;748;NA;NA;NA;NA;NA;NA;NA;NA;NA;NA;NA;94;608
2022-04-07;"0-60";33;33;33;33;33;33;33;33;33;33;33;33;245;245;245;245;245;245;245;245;245;245;245;245;1;1;1;1;1;1;1;1;1;1;1;31;208
2022-04-07;"60+";71;71;71;71;71;71;71;71;71;71;71;71;515;515;515;515;515;515;515;515;515;515;515;515;1;1;1;1;1;1;1;1;1;1;1;61;422
2022-04-07;"alle";104;104;104;104;104;104;104;104;104;104;104;104;760;760;760;760;760;760;760;760;760;760;760;760;NA;NA;NA;NA;NA;NA;NA;NA;NA;NA;NA;92;631
2022-04-06;"0-60";50;50;50;50;50;50;50;50;50;50;50;50;259;259;259;259;259;259;259;259;259;259;259;259;1;1;1;1;1;1;1;1;1;1;1;45;216
2022-04-06;"60+";122;122;122;122;122;122;122;122;122;122;122;122;526;526;526;526;526;526;526;526;526;526;526;526;1;1;1;1;1;1;1;1;1;1;1;100;429
2022-04-06;"alle";172;172;172;172;172;172;172;172;172;172;172;172;785;785;785;785;785;785;785;785;785;785;785;785;NA;NA;NA;NA;NA;NA;NA;NA;NA;NA;NA;146;646
2022-04-05;"0-60";55;55;55;55;55;55;55;55;55;55;55;55;268;268;268;268;268;268;268;268;268;268;268;268;1;1;1;1;1;1;1;1;1;1;1;49;217
2022-04-05;"60+";99;99;99;99;99;99;99;99;99;99;99;99;528;528;528;528;528;528;528;528;528;528;528;528;1;1;1;1;1;1;1;1;1;1;1;82;431
2022-04-05;"alle";154;154;154;154;154;154;154;154;154;154;154;154;796;796;796;796;796;796;796;796;796;796;796;796;NA;NA;NA;NA;NA;NA;NA;NA;NA;NA;NA;131;648
2022-04-04;"0-60";10;10;10;10;10;10;10;10;10;10;10;10;293;293;293;293;293;293;293;293;293;293;293;293;1;1;1;1;1;1;1;1;1;1;1;7;233
2022-04-04;"60+";22;22;22;22;22;22;22;22;22;22;22;22;524;524;524;524;524;524;524;524;524;524;524;524;1;1;1;1;1;1;1;1;1;1;1;15;429
2022-04-04;"alle";32;32;32;32;32;32;32;32;32;32;32;32;817;817;817;817;817;817;817;817;817;817;817;817;NA;NA;NA;NA;NA;NA;NA;NA;NA;NA;NA;22;663
2022-04-03;"0-60";7;7;7;7;7;7;7;7;7;7;7;7;302;302;302;302;302;302;302;302;302;302;302;302;1;1;1;1;1;1;1;1;1;1;1;7;241
2022-04-03;"60+";24;24;24;24;24;24;24;24;24;24;24;24;538;538;538;538;538;538;538;538;538;538;538;538;1;1;1;1;1;1;1;1;1;1;1;16;440
2022-04-03;"alle";31;31;31;31;31;31;31;31;31;31;31;31;840;840;840;840;840;840;840;840;840;840;840;840;NA;NA;NA;NA;NA;NA;NA;NA;NA;NA;NA;23;682
2022-04-02;"0-60";41;41;41;41;41;41;41;41;41;41;41;41;325;325;325;325;325;325;325;325;325;325;325;325;1;1;1;1;1;1;1;1;1;1;1;30;256
2022-04-02;"60+";91;91;91;91;91;91;91;91;91;91;91;91;557;557;557;557;557;557;557;557;557;557;557;557;1;1;1;1;1;1;1;1;1;1;1;70;459
2022-04-02;"alle";132;132;132;132;132;132;132;132;132;132;132;132;882;882;882;882;882;882;882;882;882;882;882;882;NA;NA;NA;NA;NA;NA;NA;NA;NA;NA;NA;100;716
2022-04-01;"0-60";49;49;49;49;49;49;49;49;49;49;49;49;349;349;349;349;349;349;349;349;349;349;349;349;1;1;1;1;1;1;1;1;1;1;1;39;277
2022-04-01;"60+";86;86;86;86;86;86;86;86;86;86;86;86;577;577;577;577;577;577;577;577;577;577;577;577;1;1;1;1;1;1;1;1;1;1;1;78;476
2022-04-01;"alle";135;135;135;135;135;135;135;135;135;135;135;135;926;926;926;926;926;926;926;926;926;926;926;926;NA;NA;NA;NA;NA;NA;NA;NA;NA;NA;NA;117;755
2022-03-31;"0-60";47;47;47;47;47;47;47;47;47;47;47;47;371;371;371;371;371;371;371;371;371;371;371;371;1;1;1;1;1;1;1;1;1;1;1;39;301
2022-03-31;"60+";82;82;82;82;82;82;82;82;82;82;82;82;569;569;569;569;569;569;569;569;569;569;569;569;1;1;1;1;1;1;1;1;1;1;1;68;460
2022-03-31;"alle";129;129;129;129;129;129;129;129;129;129;129;129;940;940;940;940;940;940;940;940;940;940;940;940;NA;NA;NA;NA;NA;NA;NA;NA;NA;NA;NA;107;765
2022-03-30;"0-60";59;59;59;59;59;59;59;59;59;59;59;59;388;388;388;388;388;388;388;388;388;388;388;388;1;1;1;1;1;1;1;1;1;1;1;46;315
2022-03-30;"60+";124;124;124;124;124;124;124;124;124;124;124;124;590;590;590;590;590;590;590;590;590;590;590;590;1;1;1;1;1;1;1;1;1;1;1;102;465
2022-03-30;"alle";183;183;183;183;183;183;183;183;183;183;183;183;978;978;978;978;978;978;978;978;978;978;978;978;NA;NA;NA;NA;NA;NA;NA;NA;NA;NA;NA;148;784
2022-03-29;"0-60";80;80;80;80;80;80;80;80;80;80;80;80;397;397;397;397;397;397;397;397;397;397;397;397;1;1;1;1;1;1;1;1;1;1;1;65;326
2022-03-29;"60+";95;95;95;95;95;95;95;95;95;95;95;95;585;585;585;585;585;585;585;585;585;585;585;585;1;1;1;1;1;1;1;1;1;1;1;80;464
2022-03-29;"alle";175;175;175;175;175;175;175;175;175;175;175;175;982;982;982;982;982;982;982;982;982;982;982;982;NA;NA;NA;NA;NA;NA;NA;NA;NA;NA;NA;146;795
2022-03-28;"0-60";19;19;19;19;19;19;19;19;19;19;19;19;375;375;375;375;375;375;375;375;375;375;375;375;1;1;1;1;1;1;1;1;1;1;1;15;312
2022-03-28;"60+";36;36;36;36;36;36;36;36;36;36;36;36;575;575;575;575;575;575;575;575;575;575;575;575;1;1;1;1;1;1;1;1;1;1;1;26;454
2022-03-28;"alle";55;55;55;55;55;55;55;55;55;55;55;55;950;950;950;950;950;950;950;950;950;950;950;950;NA;NA;NA;NA;NA;NA;NA;NA;NA;NA;NA;41;770
2022-03-27;"0-60";30;30;30;30;30;30;30;30;30;30;30;30;366;366;366;366;366;366;366;366;366;366;366;366;1;1;1;1;1;1;1;1;1;1;1;22;306
2022-03-27;"60+";43;43;43;43;43;43;43;43;43;43;43;43;558;558;558;558;558;558;558;558;558;558;558;558;1;1;1;1;1;1;1;1;1;1;1;35;445
2022-03-27;"alle";73;73;73;73;73;73;73;73;73;73;73;73;924;924;924;924;924;924;924;924;924;924;924;924;NA;NA;NA;NA;NA;NA;NA;NA;NA;NA;NA;57;756
2022-03-26;"0-60";65;65;65;65;65;65;65;65;65;65;65;65;367;367;367;367;367;367;367;367;367;367;367;367;1;1;1;1;1;1;1;1;1;1;1;51;308
2022-03-26;"60+";111;111;111;111;111;111;111;111;111;111;111;111;553;553;553;553;553;553;553;553;553;553;553;553;1;1;1;1;1;1;1;1;1;1;1;87;440
2022-03-26;"alle";176;176;176;176;176;176;176;176;176;176;176;176;920;920;920;920;920;920;920;920;920;920;920;920;NA;NA;NA;NA;NA;NA;NA;NA;NA;NA;NA;139;754
2022-03-25;"0-60";71;71;71;71;71;71;71;71;71;71;71;71;357;357;357;357;357;357;357;357;357;357;357;357;1;1;1;1;1;1;1;1;1;1;1;63;312
2022-03-25;"60+";78;78;78;78;78;78;78;78;78;78;78;78;535;535;535;535;535;535;535;535;535;535;535;535;1;1;1;1;1;1;1;1;1;1;1;62;428
2022-03-25;"alle";149;149;149;149;149;149;149;149;149;149;149;149;892;892;892;892;892;892;892;892;892;892;892;892;NA;NA;NA;NA;NA;NA;NA;NA;NA;NA;NA;127;745
2022-03-24;"0-60";64;64;64;64;64;64;64;64;64;64;64;64;351;351;351;351;351;351;351;351;351;351;351;351;1;1;1;1;1;1;1;1;1;1;1;53;302
2022-03-24;"60+";103;103;103;103;103;103;103;103;103;103;103;103;564;564;564;564;564;564;564;564;564;564;564;564;1;1;1;1;1;1;1;1;1;1;1;73;456
2022-03-24;"alle";167;167;167;167;167;167;167;167;167;167;167;167;915;915;915;915;915;915;915;915;915;915;915;915;NA;NA;NA;NA;NA;NA;NA;NA;NA;NA;NA;126;761
2022-03-23;"0-60";68;68;68;68;68;68;68;68;68;68;68;68;347;347;347;347;347;347;347;347;347;347;347;347;1;1;1;1;1;1;1;1;1;1;1;57;301
2022-03-23;"60+";119;119;119;119;119;119;119;119;119;119;119;119;553;553;553;553;553;553;553;553;553;553;553;553;1;1;1;1;1;1;1;1;1;1;1;101;462
2022-03-23;"alle";187;187;187;187;187;187;187;187;187;187;187;187;900;900;900;900;900;900;900;900;900;900;900;900;NA;NA;NA;NA;NA;NA;NA;NA;NA;NA;NA;159;768
2022-03-22;"0-60";58;58;58;58;58;58;58;58;58;58;58;58;350;350;350;350;350;350;350;350;350;350;350;350;1;1;1;1;1;1;1;1;1;1;1;51;305
2022-03-22;"60+";85;85;85;85;85;85;85;85;85;85;85;85;543;543;543;543;543;543;543;543;543;543;543;543;1;1;1;1;1;1;1;1;1;1;1;70;458
2022-03-22;"alle";143;143;143;143;143;143;143;143;143;143;143;143;893;893;893;893;893;893;893;893;893;893;893;893;NA;NA;NA;NA;NA;NA;NA;NA;NA;NA;NA;121;768
2022-03-21;"0-60";10;10;10;10;10;10;10;10;10;10;10;10;355;355;355;355;355;355;355;355;355;355;355;355;1;1;1;1;1;1;1;1;1;1;1;9;306
2022-03-21;"60+";19;19;19;19;19;19;19;19;19;19;19;19;533;533;533;533;533;533;533;533;533;533;533;533;1;1;1;1;1;1;1;1;1;1;1;17;450
2022-03-21;"alle";29;29;29;29;29;29;29;29;29;29;29;29;888;888;888;888;888;888;888;888;888;888;888;888;NA;NA;NA;NA;NA;NA;NA;NA;NA;NA;NA;27;761
2022-03-20;"0-60";31;31;31;31;31;31;31;31;31;31;31;31;365;365;365;365;365;365;365;365;365;365;365;365;1;1;1;1;1;1;1;1;1;1;1;24;316
2022-03-20;"60+";38;38;38;38;38;38;38;38;38;38;38;38;540;540;540;540;540;540;540;540;540;540;540;540;1;1;1;1;1;1;1;1;1;1;1;30;455
2022-03-20;"alle";69;69;69;69;69;69;69;69;69;69;69;69;905;905;905;905;905;905;905;905;905;905;905;905;NA;NA;NA;NA;NA;NA;NA;NA;NA;NA;NA;55;775
2022-03-19;"0-60";55;55;55;55;55;55;55;55;55;55;55;55;364;364;364;364;364;364;364;364;364;364;364;364;1;1;1;1;1;1;1;1;1;1;1;55;317
2022-03-19;"60+";93;93;93;93;93;93;93;93;93;93;93;93;548;548;548;548;548;548;548;548;548;548;548;548;1;1;1;1;1;1;1;1;1;1;1;75;462
2022-03-19;"alle";148;148;148;148;148;148;148;148;148;148;148;148;912;912;912;912;912;912;912;912;912;912;912;912;NA;NA;NA;NA;NA;NA;NA;NA;NA;NA;NA;130;782
2022-03-18;"0-60";65;65;65;65;65;65;65;65;65;65;65;65;341;341;341;341;341;341;341;341;341;341;341;341;1;1;1;1;1;1;1;1;1;1;1;53;290
2022-03-18;"60+";107;107;107;107;107;107;107;107;107;107;107;107;525;525;525;525;525;525;525;525;525;525;525;525;1;1;1;1;1;1;1;1;1;1;1;90;447
2022-03-18;"alle";172;172;172;172;172;172;172;172;172;172;172;172;866;866;866;866;866;866;866;866;866;866;866;866;NA;NA;NA;NA;NA;NA;NA;NA;NA;NA;NA;143;742
2022-03-17;"0-60";60;60;60;60;60;60;60;60;60;60;60;60;332;332;332;332;332;332;332;332;332;332;332;332;1;1;1;1;1;1;1;1;1;1;1;52;288
2022-03-17;"60+";92;92;92;92;92;92;92;92;92;92;92;92;499;499;499;499;499;499;499;499;499;499;499;499;1;1;1;1;1;1;1;1;1;1;1;79;427
2022-03-17;"alle";152;152;152;152;152;152;152;152;152;152;152;152;831;831;831;831;831;831;831;831;831;831;831;831;NA;NA;NA;NA;NA;NA;NA;NA;NA;NA;NA;133;720
2022-03-16;"0-60";71;71;71;71;71;71;71;71;71;71;71;71;304;304;304;304;304;304;304;304;304;304;304;304;1;1;1;1;1;1;1;1;1;1;1;61;263
2022-03-16;"60+";109;109;109;109;109;109;109;109;109;109;109;109;476;476;476;476;476;476;476;476;476;476;476;476;1;1;1;1;1;1;1;1;1;1;1;97;407
2022-03-16;"alle";180;180;180;180;180;180;180;180;180;180;180;180;780;780;780;780;780;780;780;780;780;780;780;780;NA;NA;NA;NA;NA;NA;NA;NA;NA;NA;NA;159;673
2022-03-15;"0-60";63;63;63;63;63;63;63;63;63;63;63;63;281;281;281;281;281;281;281;281;281;281;281;281;1;1;1;1;1;1;1;1;1;1;1;52;247
2022-03-15;"60+";75;75;75;75;75;75;75;75;75;75;75;75;429;429;429;429;429;429;429;429;429;429;429;429;1;1;1;1;1;1;1;1;1;1;1;62;363
2022-03-15;"alle";138;138;138;138;138;138;138;138;138;138;138;138;710;710;710;710;710;710;710;710;710;710;710;710;NA;NA;NA;NA;NA;NA;NA;NA;NA;NA;NA;114;612
2022-03-14;"0-60";20;20;20;20;20;20;20;20;20;20;20;20;263;263;263;263;263;263;263;263;263;263;263;263;1;1;1;1;1;1;1;1;1;1;1;19;239
2022-03-14;"60+";26;26;26;26;26;26;26;26;26;26;26;26;441;441;441;441;441;441;441;441;441;441;441;441;1;1;1;1;1;1;1;1;1;1;1;22;376
2022-03-14;"alle";46;46;46;46;46;46;46;46;46;46;46;46;704;704;704;704;704;704;704;704;704;704;704;704;NA;NA;NA;NA;NA;NA;NA;NA;NA;NA;NA;41;617
2022-03-13;"0-60";30;30;30;30;30;30;30;30;30;30;30;30;254;254;254;254;254;254;254;254;254;254;254;254;1;1;1;1;1;1;1;1;1;1;1;25;231
2022-03-13;"60+";46;46;46;46;46;46;46;46;46;46;46;46;450;450;450;450;450;450;450;450;450;450;450;450;1;1;1;1;1;1;1;1;1;1;1;37;382
2022-03-13;"alle";76;76;76;76;76;76;76;76;76;76;76;76;704;704;704;704;704;704;704;704;704;704;704;704;NA;NA;NA;NA;NA;NA;NA;NA;NA;NA;NA;62;615
2022-03-12;"0-60";32;32;32;32;32;32;32;32;32;32;32;32;247;247;247;247;247;247;247;247;247;247;247;247;1;1;1;1;1;1;1;1;1;1;1;28;228
2022-03-12;"60+";70;70;70;70;70;70;70;70;70;70;70;70;425;425;425;425;425;425;425;425;425;425;425;425;1;1;1;1;1;1;1;1;1;1;1;60;365
2022-03-12;"alle";102;102;102;102;102;102;102;102;102;102;102;102;672;672;672;672;672;672;672;672;672;672;672;672;NA;NA;NA;NA;NA;NA;NA;NA;NA;NA;NA;90;595
2022-03-11;"0-60";56;56;56;56;56;56;56;56;56;56;56;56;256;256;256;256;256;256;256;256;256;256;256;256;1;1;1;1;1;1;1;1;1;1;1;51;238
2022-03-11;"60+";81;81;81;81;81;81;81;81;81;81;81;81;413;413;413;413;413;413;413;413;413;413;413;413;1;1;1;1;1;1;1;1;1;1;1;70;354
2022-03-11;"alle";137;137;137;137;137;137;137;137;137;137;137;137;669;669;669;669;669;669;669;669;669;669;669;669;NA;NA;NA;NA;NA;NA;NA;NA;NA;NA;NA;121;592
2022-03-10;"0-60";32;32;32;32;32;32;32;32;32;32;32;32;259;259;259;259;259;259;259;259;259;259;259;259;1;1;1;1;1;1;1;1;1;1;1;27;238
2022-03-10;"60+";69;69;69;69;69;69;69;69;69;69;69;69;423;423;423;423;423;423;423;423;423;423;423;423;1;1;1;1;1;1;1;1;1;1;1;59;367
2022-03-10;"alle";101;101;101;101;101;101;101;101;101;101;101;101;682;682;682;682;682;682;682;682;682;682;682;682;NA;NA;NA;NA;NA;NA;NA;NA;NA;NA;NA;86;605
2022-03-09;"0-60";48;48;48;48;48;48;48;48;48;48;48;48;271;271;271;271;271;271;271;271;271;271;271;271;1;1;1;1;1;1;1;1;1;1;1;45;251
2022-03-09;"60+";62;62;62;62;62;62;62;62;62;62;62;62;427;427;427;427;427;427;427;427;427;427;427;427;1;1;1;1;1;1;1;1;1;1;1;53;372
2022-03-09;"alle";110;110;110;110;110;110;110;110;110;110;110;110;698;698;698;698;698;698;698;698;698;698;698;698;NA;NA;NA;NA;NA;NA;NA;NA;NA;NA;NA;98;624
2022-03-08;"0-60";45;45;45;45;45;45;45;45;45;45;45;45;275;275;275;275;275;275;275;275;275;275;275;275;1;1;1;1;1;1;1;1;1;1;1;44;248
2022-03-08;"60+";87;87;87;87;87;87;87;87;87;87;87;87;448;448;448;448;448;448;448;448;448;448;448;448;1;1;1;1;1;1;1;1;1;1;1;75;394
2022-03-08;"alle";132;132;132;132;132;132;132;132;132;132;132;132;723;723;723;723;723;723;723;723;723;723;723;723;NA;NA;NA;NA;NA;NA;NA;NA;NA;NA;NA;119;643
2022-03-07;"0-60";11;11;11;11;11;11;11;11;11;11;11;11;277;277;277;277;277;277;277;277;277;277;277;277;1;1;1;1;1;1;1;1;1;1;1;11;248
2022-03-07;"60+";35;35;35;35;35;35;35;35;35;35;35;35;431;431;431;431;431;431;431;431;431;431;431;431;1;1;1;1;1;1;1;1;1;1;1;28;383
2022-03-07;"alle";46;46;46;46;46;46;46;46;46;46;46;46;708;708;708;708;708;708;708;708;708;708;708;708;NA;NA;NA;NA;NA;NA;NA;NA;NA;NA;NA;39;632
2022-03-06;"0-60";23;23;23;23;23;23;23;23;23;23;23;23;276;276;276;276;276;276;276;276;276;276;276;276;1;1;1;1;1;1;1;1;1;1;1;22;243
2022-03-06;"60+";21;21;21;21;21;21;21;21;21;21;21;21;421;421;421;421;421;421;421;421;421;421;421;421;1;1;1;1;1;1;1;1;1;1;1;20;376
2022-03-06;"alle";44;44;44;44;44;44;44;44;44;44;44;44;697;697;697;697;697;697;697;697;697;697;697;697;NA;NA;NA;NA;NA;NA;NA;NA;NA;NA;NA;42;620
2022-03-05;"0-60";41;41;41;41;41;41;41;41;41;41;41;41;273;273;273;273;273;273;273;273;273;273;273;273;1;1;1;1;1;1;1;1;1;1;1;38;238
2022-03-05;"60+";58;58;58;58;58;58;58;58;58;58;58;58;437;437;437;437;437;437;437;437;437;437;437;437;1;1;1;1;1;1;1;1;1;1;1;49;390
2022-03-05;"alle";99;99;99;99;99;99;99;99;99;99;99;99;710;710;710;710;710;710;710;710;710;710;710;710;NA;NA;NA;NA;NA;NA;NA;NA;NA;NA;NA;87;629
2022-03-04;"0-60";59;59;59;59;59;59;59;59;59;59;59;59;269;269;269;269;269;269;269;269;269;269;269;269;1;1;1;1;1;1;1;1;1;1;1;51;232
2022-03-04;"60+";91;91;91;91;91;91;91;91;91;91;91;91;437;437;437;437;437;437;437;437;437;437;437;437;1;1;1;1;1;1;1;1;1;1;1;83;385
2022-03-04;"alle";150;150;150;150;150;150;150;150;150;150;150;150;706;706;706;706;706;706;706;706;706;706;706;706;NA;NA;NA;NA;NA;NA;NA;NA;NA;NA;NA;134;619
2022-03-03;"0-60";44;44;44;44;44;44;44;44;44;44;44;44;247;247;247;247;247;247;247;247;247;247;247;247;1;1;1;1;1;1;1;1;1;1;1;40;211
2022-03-03;"60+";73;73;73;73;73;73;73;73;73;73;73;73;405;405;405;405;405;405;405;405;405;405;405;405;1;1;1;1;1;1;1;1;1;1;1;64;356
2022-03-03;"alle";117;117;117;117;117;117;117;117;117;117;117;117;652;652;652;652;652;652;652;652;652;652;652;652;NA;NA;NA;NA;NA;NA;NA;NA;NA;NA;NA;105;569
2022-03-02;"0-60";52;52;52;52;52;52;52;52;52;52;52;52;245;245;245;245;245;245;245;245;245;245;245;245;1;1;1;1;1;1;1;1;1;1;1;42;208
2022-03-02;"60+";83;83;83;83;83;83;83;83;83;83;83;83;398;398;398;398;398;398;398;398;398;398;398;398;1;1;1;1;1;1;1;1;1;1;1;75;347
2022-03-02;"alle";135;135;135;135;135;135;135;135;135;135;135;135;643;643;643;643;643;643;643;643;643;643;643;643;NA;NA;NA;NA;NA;NA;NA;NA;NA;NA;NA;117;557
2022-03-01;"0-60";47;47;47;47;47;47;47;47;47;47;47;47;247;247;247;247;247;247;247;247;247;247;247;247;1;1;1;1;1;1;1;1;1;1;1;44;213
2022-03-01;"60+";70;70;70;70;70;70;70;70;70;70;70;70;408;408;408;408;408;408;408;408;408;408;408;408;1;1;1;1;1;1;1;1;1;1;1;64;354
2022-03-01;"alle";117;117;117;117;117;117;117;117;117;117;117;117;655;655;655;655;655;655;655;655;655;655;655;655;NA;NA;NA;NA;NA;NA;NA;NA;NA;NA;NA;108;569
2022-02-28;"0-60";10;10;10;10;10;10;10;10;10;10;10;10;255;255;255;255;255;255;255;255;255;255;255;255;1;1;1;1;1;1;1;1;1;1;1;6;217
2022-02-28;"60+";25;25;25;25;25;25;25;25;25;25;25;25;419;419;419;419;419;419;419;419;419;419;419;419;1;1;1;1;1;1;1;1;1;1;1;21;355
2022-02-28;"alle";35;35;35;35;35;35;35;35;35;35;35;35;674;674;674;674;674;674;674;674;674;674;674;674;NA;NA;NA;NA;NA;NA;NA;NA;NA;NA;NA;27;575
2022-02-27;"0-60";20;20;20;20;20;20;20;20;20;20;20;20;261;261;261;261;261;261;261;261;261;261;261;261;1;1;1;1;1;1;1;1;1;1;1;17;224
2022-02-27;"60+";37;37;37;37;37;37;37;37;37;37;37;37;418;418;418;418;418;418;418;418;418;418;418;418;1;1;1;1;1;1;1;1;1;1;1;34;352
2022-02-27;"alle";57;57;57;57;57;57;57;57;57;57;57;57;679;679;679;679;679;679;679;679;679;679;679;679;NA;NA;NA;NA;NA;NA;NA;NA;NA;NA;NA;51;579
2022-02-26;"0-60";37;37;37;37;37;37;37;37;37;37;37;37;276;276;276;276;276;276;276;276;276;276;276;276;1;1;1;1;1;1;1;1;1;1;1;32;242
2022-02-26;"60+";58;58;58;58;58;58;58;58;58;58;58;58;416;416;416;416;416;416;416;416;416;416;416;416;1;1;1;1;1;1;1;1;1;1;1;44;348
2022-02-26;"alle";95;95;95;95;95;95;95;95;95;95;95;95;692;692;692;692;692;692;692;692;692;692;692;692;NA;NA;NA;NA;NA;NA;NA;NA;NA;NA;NA;77;593
2022-02-25;"0-60";37;37;37;37;37;37;37;37;37;37;37;37;279;279;279;279;279;279;279;279;279;279;279;279;1;1;1;1;1;1;1;1;1;1;1;30;245
2022-02-25;"60+";59;59;59;59;59;59;59;59;59;59;59;59;403;403;403;403;403;403;403;403;403;403;403;403;1;1;1;1;1;1;1;1;1;1;1;54;342
2022-02-25;"alle";96;96;96;96;96;96;96;96;96;96;96;96;682;682;682;682;682;682;682;682;682;682;682;682;NA;NA;NA;NA;NA;NA;NA;NA;NA;NA;NA;84;589
2022-02-24;"0-60";42;42;42;42;42;42;42;42;42;42;42;42;279;279;279;279;279;279;279;279;279;279;279;279;1;1;1;1;1;1;1;1;1;1;1;37;250
2022-02-24;"60+";66;66;66;66;66;66;66;66;66;66;66;66;408;408;408;408;408;408;408;408;408;408;408;408;1;1;1;1;1;1;1;1;1;1;1;55;348
2022-02-24;"alle";108;108;108;108;108;108;108;108;108;108;108;108;687;687;687;687;687;687;687;687;687;687;687;687;NA;NA;NA;NA;NA;NA;NA;NA;NA;NA;NA;93;601
2022-02-23;"0-60";54;54;54;54;54;54;54;54;54;54;54;54;281;281;281;281;281;281;281;281;281;281;281;281;1;1;1;1;1;1;1;1;1;1;1;47;249
2022-02-23;"60+";93;93;93;93;93;93;93;93;93;93;93;93;391;391;391;391;391;391;391;391;391;391;391;391;1;1;1;1;1;1;1;1;1;1;1;82;334
2022-02-23;"alle";147;147;147;147;147;147;147;147;147;147;147;147;672;672;672;672;672;672;672;672;672;672;672;672;NA;NA;NA;NA;NA;NA;NA;NA;NA;NA;NA;129;585
2022-02-22;"0-60";55;55;55;55;55;55;55;55;55;55;55;55;289;289;289;289;289;289;289;289;289;289;289;289;1;1;1;1;1;1;1;1;1;1;1;48;259
2022-02-22;"60+";81;81;81;81;81;81;81;81;81;81;81;81;366;366;366;366;366;366;366;366;366;366;366;366;1;1;1;1;1;1;1;1;1;1;1;65;316
2022-02-22;"alle";136;136;136;136;136;136;136;136;136;136;136;136;655;655;655;655;655;655;655;655;655;655;655;655;NA;NA;NA;NA;NA;NA;NA;NA;NA;NA;NA;114;577
2022-02-21;"0-60";16;16;16;16;16;16;16;16;16;16;16;16;300;300;300;300;300;300;300;300;300;300;300;300;1;1;1;1;1;1;1;1;1;1;1;13;271
2022-02-21;"60+";24;24;24;24;24;24;24;24;24;24;24;24;330;330;330;330;330;330;330;330;330;330;330;330;1;1;1;1;1;1;1;1;1;1;1;18;292
2022-02-21;"alle";40;40;40;40;40;40;40;40;40;40;40;40;630;630;630;630;630;630;630;630;630;630;630;630;NA;NA;NA;NA;NA;NA;NA;NA;NA;NA;NA;31;564
2022-02-20;"0-60";35;35;35;35;35;35;35;35;35;35;35;35;298;298;298;298;298;298;298;298;298;298;298;298;1;1;1;1;1;1;1;1;1;1;1;35;270
2022-02-20;"60+";35;35;35;35;35;35;35;35;35;35;35;35;326;326;326;326;326;326;326;326;326;326;326;326;1;1;1;1;1;1;1;1;1;1;1;30;292
2022-02-20;"alle";70;70;70;70;70;70;70;70;70;70;70;70;624;624;624;624;624;624;624;624;624;624;624;624;NA;NA;NA;NA;NA;NA;NA;NA;NA;NA;NA;65;563
2022-02-19;"0-60";40;40;40;40;40;40;40;40;40;40;40;40;298;298;298;298;298;298;298;298;298;298;298;298;1;1;1;1;1;1;1;1;1;1;1;35;265
2022-02-19;"60+";45;45;45;45;45;45;45;45;45;45;45;45;312;312;312;312;312;312;312;312;312;312;312;312;1;1;1;1;1;1;1;1;1;1;1;38;281
2022-02-19;"alle";85;85;85;85;85;85;85;85;85;85;85;85;610;610;610;610;610;610;610;610;610;610;610;610;NA;NA;NA;NA;NA;NA;NA;NA;NA;NA;NA;73;547
2022-02-18;"0-60";37;37;37;37;37;37;37;37;37;37;37;37;304;304;304;304;304;304;304;304;304;304;304;304;1;1;1;1;1;1;1;1;1;1;1;35;272
2022-02-18;"60+";64;64;64;64;64;64;64;64;64;64;64;64;331;331;331;331;331;331;331;331;331;331;331;331;1;1;1;1;1;1;1;1;1;1;1;60;297
2022-02-18;"alle";101;101;101;101;101;101;101;101;101;101;101;101;635;635;635;635;635;635;635;635;635;635;635;635;NA;NA;NA;NA;NA;NA;NA;NA;NA;NA;NA;96;570
2022-02-17;"0-60";44;44;44;44;44;44;44;44;44;44;44;44;317;317;317;317;317;317;317;317;317;317;317;317;1;1;1;1;1;1;1;1;1;1;1;36;279
2022-02-17;"60+";49;49;49;49;49;49;49;49;49;49;49;49;324;324;324;324;324;324;324;324;324;324;324;324;1;1;1;1;1;1;1;1;1;1;1;41;286
2022-02-17;"alle";93;93;93;93;93;93;93;93;93;93;93;93;641;641;641;641;641;641;641;641;641;641;641;641;NA;NA;NA;NA;NA;NA;NA;NA;NA;NA;NA;77;565
2022-02-16;"0-60";62;62;62;62;62;62;62;62;62;62;62;62;330;330;330;330;330;330;330;330;330;330;330;330;1;1;1;1;1;1;1;1;1;1;1;57;292
2022-02-16;"60+";68;68;68;68;68;68;68;68;68;68;68;68;341;341;341;341;341;341;341;341;341;341;341;341;1;1;1;1;1;1;1;1;1;1;1;64;303
2022-02-16;"alle";130;130;130;130;130;130;130;130;130;130;130;130;671;671;671;671;671;671;671;671;671;671;671;671;NA;NA;NA;NA;NA;NA;NA;NA;NA;NA;NA;121;595
2022-02-15;"0-60";66;66;66;66;66;66;66;66;66;66;66;66;335;335;335;335;335;335;335;335;335;335;335;335;1;1;1;1;1;1;1;1;1;1;1;60;295
2022-02-15;"60+";45;45;45;45;45;45;45;45;45;45;45;45;342;342;342;342;342;342;342;342;342;342;342;342;1;1;1;1;1;1;1;1;1;1;1;41;300
2022-02-15;"alle";111;111;111;111;111;111;111;111;111;111;111;111;677;677;677;677;677;677;677;677;677;677;677;677;NA;NA;NA;NA;NA;NA;NA;NA;NA;NA;NA;101;595
2022-02-14;"0-60";14;14;14;14;14;14;14;14;14;14;14;14;333;333;333;333;333;333;333;333;333;333;333;333;1;1;1;1;1;1;1;1;1;1;1;12;283
2022-02-14;"60+";20;20;20;20;20;20;20;20;20;20;20;20;358;358;358;358;358;358;358;358;358;358;358;358;1;1;1;1;1;1;1;1;1;1;1;18;310
2022-02-14;"alle";34;34;34;34;34;34;34;34;34;34;34;34;691;691;691;691;691;691;691;691;691;691;691;691;NA;NA;NA;NA;NA;NA;NA;NA;NA;NA;NA;30;593
2022-02-13;"0-60";35;35;35;35;35;35;35;35;35;35;35;35;339;339;339;339;339;339;339;339;339;339;339;339;1;1;1;1;1;1;1;1;1;1;1;30;285
2022-02-13;"60+";21;21;21;21;21;21;21;21;21;21;21;21;368;368;368;368;368;368;368;368;368;368;368;368;1;1;1;1;1;1;1;1;1;1;1;19;318
2022-02-13;"alle";56;56;56;56;56;56;56;56;56;56;56;56;707;707;707;707;707;707;707;707;707;707;707;707;NA;NA;NA;NA;NA;NA;NA;NA;NA;NA;NA;49;603
2022-02-12;"0-60";46;46;46;46;46;46;46;46;46;46;46;46;331;331;331;331;331;331;331;331;331;331;331;331;1;1;1;1;1;1;1;1;1;1;1;42;275
2022-02-12;"60+";64;64;64;64;64;64;64;64;64;64;64;64;382;382;382;382;382;382;382;382;382;382;382;382;1;1;1;1;1;1;1;1;1;1;1;54;330
2022-02-12;"alle";110;110;110;110;110;110;110;110;110;110;110;110;713;713;713;713;713;713;713;713;713;713;713;713;NA;NA;NA;NA;NA;NA;NA;NA;NA;NA;NA;96;605
2022-02-11;"0-60";50;50;50;50;50;50;50;50;50;50;50;50;338;338;338;338;338;338;338;338;338;338;338;338;1;1;1;1;1;1;1;1;1;1;1;42;282
2022-02-11;"60+";57;57;57;57;57;57;57;57;57;57;57;57;382;382;382;382;382;382;382;382;382;382;382;382;1;1;1;1;1;1;1;1;1;1;1;49;332
2022-02-11;"alle";107;107;107;107;107;107;107;107;107;107;107;107;720;720;720;720;720;720;720;720;720;720;720;720;NA;NA;NA;NA;NA;NA;NA;NA;NA;NA;NA;91;614
2022-02-10;"0-60";57;57;57;57;57;57;57;57;57;57;57;57;351;351;351;351;351;351;351;351;351;351;351;351;1;1;1;1;1;1;1;1;1;1;1;49;293
2022-02-10;"60+";66;66;66;66;66;66;66;66;66;66;66;66;391;391;391;391;391;391;391;391;391;391;391;391;1;1;1;1;1;1;1;1;1;1;1;58;340
2022-02-10;"alle";123;123;123;123;123;123;123;123;123;123;123;123;742;742;742;742;742;742;742;742;742;742;742;742;NA;NA;NA;NA;NA;NA;NA;NA;NA;NA;NA;107;633
2022-02-09;"0-60";67;67;67;67;67;67;67;67;67;67;67;67;351;351;351;351;351;351;351;351;351;351;351;351;1;1;1;1;1;1;1;1;1;1;1;60;292
2022-02-09;"60+";69;69;69;69;69;69;69;69;69;69;69;69;373;373;373;373;373;373;373;373;373;373;373;373;1;1;1;1;1;1;1;1;1;1;1;61;327
2022-02-09;"alle";136;136;136;136;136;136;136;136;136;136;136;136;724;724;724;724;724;724;724;724;724;724;724;724;NA;NA;NA;NA;NA;NA;NA;NA;NA;NA;NA;121;620
2022-02-08;"0-60";64;64;64;64;64;64;64;64;64;64;64;64;350;350;350;350;350;350;350;350;350;350;350;350;1;1;1;1;1;1;1;1;1;1;1;48;286
2022-02-08;"60+";61;61;61;61;61;61;61;61;61;61;61;61;367;367;367;367;367;367;367;367;367;367;367;367;1;1;1;1;1;1;1;1;1;1;1;51;325
2022-02-08;"alle";125;125;125;125;125;125;125;125;125;125;125;125;717;717;717;717;717;717;717;717;717;717;717;717;NA;NA;NA;NA;NA;NA;NA;NA;NA;NA;NA;99;612
2022-02-07;"0-60";20;20;20;20;20;20;20;20;20;20;20;20;337;337;337;337;337;337;337;337;337;337;337;337;1;1;1;1;1;1;1;1;1;1;1;14;286
2022-02-07;"60+";30;30;30;30;30;30;30;30;30;30;30;30;362;362;362;362;362;362;362;362;362;362;362;362;1;1;1;1;1;1;1;1;1;1;1;26;323
2022-02-07;"alle";50;50;50;50;50;50;50;50;50;50;50;50;699;699;699;699;699;699;699;699;699;699;699;699;NA;NA;NA;NA;NA;NA;NA;NA;NA;NA;NA;40;610
2022-02-06;"0-60";27;27;27;27;27;27;27;27;27;27;27;27;334;334;334;334;334;334;334;334;334;334;334;334;1;1;1;1;1;1;1;1;1;1;1;20;288
2022-02-06;"60+";35;35;35;35;35;35;35;35;35;35;35;35;347;347;347;347;347;347;347;347;347;347;347;347;1;1;1;1;1;1;1;1;1;1;1;31;308
2022-02-06;"alle";62;62;62;62;62;62;62;62;62;62;62;62;681;681;681;681;681;681;681;681;681;681;681;681;NA;NA;NA;NA;NA;NA;NA;NA;NA;NA;NA;51;597
2022-02-05;"0-60";53;53;53;53;53;53;53;53;53;53;53;53;345;345;345;345;345;345;345;345;345;345;345;345;1;1;1;1;1;1;1;1;1;1;1;49;301
2022-02-05;"60+";64;64;64;64;64;64;64;64;64;64;64;64;333;333;333;333;333;333;333;333;333;333;333;333;1;1;1;1;1;1;1;1;1;1;1;56;293
2022-02-05;"alle";117;117;117;117;117;117;117;117;117;117;117;117;678;678;678;678;678;678;678;678;678;678;678;678;NA;NA;NA;NA;NA;NA;NA;NA;NA;NA;NA;105;595
2022-02-04;"0-60";63;63;63;63;63;63;63;63;63;63;63;63;338;338;338;338;338;338;338;338;338;338;338;338;1;1;1;1;1;1;1;1;1;1;1;53;294
2022-02-04;"60+";66;66;66;66;66;66;66;66;66;66;66;66;300;300;300;300;300;300;300;300;300;300;300;300;1;1;1;1;1;1;1;1;1;1;1;57;265
2022-02-04;"alle";129;129;129;129;129;129;129;129;129;129;129;129;638;638;638;638;638;638;638;638;638;638;638;638;NA;NA;NA;NA;NA;NA;NA;NA;NA;NA;NA;110;560
2022-02-03;"0-60";57;57;57;57;57;57;57;57;57;57;57;57;321;321;321;321;321;321;321;321;321;321;321;321;1;1;1;1;1;1;1;1;1;1;1;48;279
2022-02-03;"60+";48;48;48;48;48;48;48;48;48;48;48;48;268;268;268;268;268;268;268;268;268;268;268;268;1;1;1;1;1;1;1;1;1;1;1;45;238
2022-02-03;"alle";105;105;105;105;105;105;105;105;105;105;105;105;589;589;589;589;589;589;589;589;589;589;589;589;NA;NA;NA;NA;NA;NA;NA;NA;NA;NA;NA;94;518
2022-02-02;"0-60";66;66;66;66;66;66;66;66;66;66;66;66;302;302;302;302;302;302;302;302;302;302;302;302;1;1;1;1;1;1;1;1;1;1;1;54;265
2022-02-02;"60+";63;63;63;63;63;63;63;63;63;63;63;63;244;244;244;244;244;244;244;244;244;244;244;244;1;1;1;1;1;1;1;1;1;1;1;59;212
2022-02-02;"alle";129;129;129;129;129;129;129;129;129;129;129;129;546;546;546;546;546;546;546;546;546;546;546;546;NA;NA;NA;NA;NA;NA;NA;NA;NA;NA;NA;113;477
2022-02-01;"0-60";51;51;51;51;51;51;51;51;51;51;51;51;283;283;283;283;283;283;283;283;283;283;283;283;1;1;1;1;1;1;1;1;1;1;1;48;254
2022-02-01;"60+";56;56;56;56;56;56;56;56;56;56;56;56;212;212;212;212;212;212;212;212;212;212;212;212;1;1;1;1;1;1;1;1;1;1;1;49;178
2022-02-01;"alle";107;107;107;107;107;107;107;107;107;107;107;107;495;495;495;495;495;495;495;495;495;495;495;495;NA;NA;NA;NA;NA;NA;NA;NA;NA;NA;NA;97;432
2022-01-31;"0-60";17;17;17;17;17;17;17;17;17;17;17;17;289;289;289;289;289;289;289;289;289;289;289;289;1;1;1;1;1;1;1;1;1;1;1;16;254
2022-01-31;"60+";15;15;15;15;15;15;15;15;15;15;15;15;192;192;192;192;192;192;192;192;192;192;192;192;1;1;1;1;1;1;1;1;1;1;1;11;161
2022-01-31;"alle";32;32;32;32;32;32;32;32;32;32;32;32;481;481;481;481;481;481;481;481;481;481;481;481;NA;NA;NA;NA;NA;NA;NA;NA;NA;NA;NA;27;415
2022-01-30;"0-60";38;38;38;38;38;38;38;38;38;38;38;38;291;291;291;291;291;291;291;291;291;291;291;291;1;1;1;1;1;1;1;1;1;1;1;33;251
2022-01-30;"60+";21;21;21;21;21;21;21;21;21;21;21;21;189;189;189;189;189;189;189;189;189;189;189;189;1;1;1;1;1;1;1;1;1;1;1;16;157
2022-01-30;"alle";59;59;59;59;59;59;59;59;59;59;59;59;480;480;480;480;480;480;480;480;480;480;480;480;NA;NA;NA;NA;NA;NA;NA;NA;NA;NA;NA;49;408
2022-01-29;"0-60";46;46;46;46;46;46;46;46;46;46;46;46;275;275;275;275;275;275;275;275;275;275;275;275;1;1;1;1;1;1;1;1;1;1;1;42;236
2022-01-29;"60+";31;31;31;31;31;31;31;31;31;31;31;31;187;187;187;187;187;187;187;187;187;187;187;187;1;1;1;1;1;1;1;1;1;1;1;28;157
2022-01-29;"alle";77;77;77;77;77;77;77;77;77;77;77;77;462;462;462;462;462;462;462;462;462;462;462;462;NA;NA;NA;NA;NA;NA;NA;NA;NA;NA;NA;70;393
2022-01-28;"0-60";46;46;46;46;46;46;46;46;46;46;46;46;279;279;279;279;279;279;279;279;279;279;279;279;1;1;1;1;1;1;1;1;1;1;1;38;235
2022-01-28;"60+";34;34;34;34;34;34;34;34;34;34;34;34;176;176;176;176;176;176;176;176;176;176;176;176;1;1;1;1;1;1;1;1;1;1;1;30;147
2022-01-28;"alle";80;80;80;80;80;80;80;80;80;80;80;80;455;455;455;455;455;455;455;455;455;455;455;455;NA;NA;NA;NA;NA;NA;NA;NA;NA;NA;NA;68;382
2022-01-27;"0-60";38;38;38;38;38;38;38;38;38;38;38;38;282;282;282;282;282;282;282;282;282;282;282;282;1;1;1;1;1;1;1;1;1;1;1;34;240
2022-01-27;"60+";24;24;24;24;24;24;24;24;24;24;24;24;178;178;178;178;178;178;178;178;178;178;178;178;1;1;1;1;1;1;1;1;1;1;1;19;147
2022-01-27;"alle";62;62;62;62;62;62;62;62;62;62;62;62;460;460;460;460;460;460;460;460;460;460;460;460;NA;NA;NA;NA;NA;NA;NA;NA;NA;NA;NA;53;388
2022-01-26;"0-60";47;47;47;47;47;47;47;47;47;47;47;47;291;291;291;291;291;291;291;291;291;291;291;291;1;1;1;1;1;1;1;1;1;1;1;43;245
2022-01-26;"60+";31;31;31;31;31;31;31;31;31;31;31;31;184;184;184;184;184;184;184;184;184;184;184;184;1;1;1;1;1;1;1;1;1;1;1;25;154
2022-01-26;"alle";78;78;78;78;78;78;78;78;78;78;78;78;475;475;475;475;475;475;475;475;475;475;475;475;NA;NA;NA;NA;NA;NA;NA;NA;NA;NA;NA;68;400
2022-01-25;"0-60";57;57;57;57;57;57;57;57;57;57;57;57;276;276;276;276;276;276;276;276;276;276;276;276;1;1;1;1;1;1;1;1;1;1;1;48;231
2022-01-25;"60+";36;36;36;36;36;36;36;36;36;36;36;36;178;178;178;178;178;178;178;178;178;178;178;178;1;1;1;1;1;1;1;1;1;1;1;32;152
2022-01-25;"alle";93;93;93;93;93;93;93;93;93;93;93;93;454;454;454;454;454;454;454;454;454;454;454;454;NA;NA;NA;NA;NA;NA;NA;NA;NA;NA;NA;80;384
2022-01-24;"0-60";19;19;19;19;19;19;19;19;19;19;19;19;260;260;260;260;260;260;260;260;260;260;260;260;1;1;1;1;1;1;1;1;1;1;1;13;220
2022-01-24;"60+";12;12;12;12;12;12;12;12;12;12;12;12;176;176;176;176;176;176;176;176;176;176;176;176;1;1;1;1;1;1;1;1;1;1;1;7;145
2022-01-24;"alle";31;31;31;31;31;31;31;31;31;31;31;31;436;436;436;436;436;436;436;436;436;436;436;436;NA;NA;NA;NA;NA;NA;NA;NA;NA;NA;NA;20;366
2022-01-23;"0-60";22;22;22;22;22;22;22;22;22;22;22;22;257;257;257;257;257;257;257;257;257;257;257;257;1;1;1;1;1;1;1;1;1;1;1;18;221
2022-01-23;"60+";19;19;19;19;19;19;19;19;19;19;19;19;176;176;176;176;176;176;176;176;176;176;176;176;1;1;1;1;1;1;1;1;1;1;1;16;146
2022-01-23;"alle";41;41;41;41;41;41;41;41;41;41;41;41;433;433;433;433;433;433;433;433;433;433;433;433;NA;NA;NA;NA;NA;NA;NA;NA;NA;NA;NA;34;368
2022-01-22;"0-60";50;50;50;50;50;50;50;50;50;50;50;50;263;263;263;263;263;263;263;263;263;263;263;263;1;1;1;1;1;1;1;1;1;1;1;41;229
2022-01-22;"60+";20;20;20;20;20;20;20;20;20;20;20;20;174;174;174;174;174;174;174;174;174;174;174;174;1;1;1;1;1;1;1;1;1;1;1;18;147
2022-01-22;"alle";70;70;70;70;70;70;70;70;70;70;70;70;437;437;437;437;437;437;437;437;437;437;437;437;NA;NA;NA;NA;NA;NA;NA;NA;NA;NA;NA;59;377
2022-01-21;"0-60";49;49;49;49;49;49;49;49;49;49;49;49;243;243;243;243;243;243;243;243;243;243;243;243;1;1;1;1;1;1;1;1;1;1;1;43;214
2022-01-21;"60+";36;36;36;36;36;36;36;36;36;36;36;36;168;168;168;168;168;168;168;168;168;168;168;168;1;1;1;1;1;1;1;1;1;1;1;30;142
2022-01-21;"alle";85;85;85;85;85;85;85;85;85;85;85;85;411;411;411;411;411;411;411;411;411;411;411;411;NA;NA;NA;NA;NA;NA;NA;NA;NA;NA;NA;74;357
2022-01-20;"0-60";47;47;47;47;47;47;47;47;47;47;47;47;232;232;232;232;232;232;232;232;232;232;232;232;1;1;1;1;1;1;1;1;1;1;1;39;203
2022-01-20;"60+";30;30;30;30;30;30;30;30;30;30;30;30;151;151;151;151;151;151;151;151;151;151;151;151;1;1;1;1;1;1;1;1;1;1;1;26;131
2022-01-20;"alle";77;77;77;77;77;77;77;77;77;77;77;77;383;383;383;383;383;383;383;383;383;383;383;383;NA;NA;NA;NA;NA;NA;NA;NA;NA;NA;NA;65;334
2022-01-19;"0-60";32;32;32;32;32;32;32;32;32;32;32;32;217;217;217;217;217;217;217;217;217;217;217;217;1;1;1;1;1;1;1;1;1;1;1;29;193
2022-01-19;"60+";25;25;25;25;25;25;25;25;25;25;25;25;143;143;143;143;143;143;143;143;143;143;143;143;1;1;1;1;1;1;1;1;1;1;1;23;123
2022-01-19;"alle";57;57;57;57;57;57;57;57;57;57;57;57;360;360;360;360;360;360;360;360;360;360;360;360;NA;NA;NA;NA;NA;NA;NA;NA;NA;NA;NA;52;316
2022-01-18;"0-60";41;41;41;41;41;41;41;41;41;41;41;41;225;225;225;225;225;225;225;225;225;225;225;225;1;1;1;1;1;1;1;1;1;1;1;37;198
2022-01-18;"60+";34;34;34;34;34;34;34;34;34;34;34;34;137;137;137;137;137;137;137;137;137;137;137;137;1;1;1;1;1;1;1;1;1;1;1;25;118
2022-01-18;"alle";75;75;75;75;75;75;75;75;75;75;75;75;362;362;362;362;362;362;362;362;362;362;362;362;NA;NA;NA;NA;NA;NA;NA;NA;NA;NA;NA;62;316
2022-01-17;"0-60";16;16;16;16;16;16;16;16;16;16;16;16;219;219;219;219;219;219;219;219;219;219;219;219;1;1;1;1;1;1;1;1;1;1;1;14;192
2022-01-17;"60+";12;12;12;12;12;12;12;12;12;12;12;12;132;132;132;132;132;132;132;132;132;132;132;132;1;1;1;1;1;1;1;1;1;1;1;8;119
2022-01-17;"alle";28;28;28;28;28;28;28;28;28;28;28;28;351;351;351;351;351;351;351;351;351;351;351;351;NA;NA;NA;NA;NA;NA;NA;NA;NA;NA;NA;22;311
2022-01-16;"0-60";28;28;28;28;28;28;28;28;28;28;28;28;210;210;210;210;210;210;210;210;210;210;210;210;1;1;1;1;1;1;1;1;1;1;1;26;184
2022-01-16;"60+";17;17;17;17;17;17;17;17;17;17;17;17;127;127;127;127;127;127;127;127;127;127;127;127;1;1;1;1;1;1;1;1;1;1;1;17;117
2022-01-16;"alle";45;45;45;45;45;45;45;45;45;45;45;45;337;337;337;337;337;337;337;337;337;337;337;337;NA;NA;NA;NA;NA;NA;NA;NA;NA;NA;NA;43;301
2022-01-15;"0-60";30;30;30;30;30;30;30;30;30;30;30;30;201;201;201;201;201;201;201;201;201;201;201;201;1;1;1;1;1;1;1;1;1;1;1;26;177
2022-01-15;"60+";14;14;14;14;14;14;14;14;14;14;14;14;125;125;125;125;125;125;125;125;125;125;125;125;1;1;1;1;1;1;1;1;1;1;1;13;113
2022-01-15;"alle";44;44;44;44;44;44;44;44;44;44;44;44;326;326;326;326;326;326;326;326;326;326;326;326;NA;NA;NA;NA;NA;NA;NA;NA;NA;NA;NA;39;290
2022-01-14;"0-60";38;38;38;38;38;38;38;38;38;38;38;38;202;202;202;202;202;202;202;202;202;202;202;202;1;1;1;1;1;1;1;1;1;1;1;32;178
2022-01-14;"60+";19;19;19;19;19;19;19;19;19;19;19;19;137;137;137;137;137;137;137;137;137;137;137;137;1;1;1;1;1;1;1;1;1;1;1;19;123
2022-01-14;"alle";57;57;57;57;57;57;57;57;57;57;57;57;339;339;339;339;339;339;339;339;339;339;339;339;NA;NA;NA;NA;NA;NA;NA;NA;NA;NA;NA;51;301
2022-01-13;"0-60";32;32;32;32;32;32;32;32;32;32;32;32;201;201;201;201;201;201;201;201;201;201;201;201;1;1;1;1;1;1;1;1;1;1;1;29;180
2022-01-13;"60+";22;22;22;22;22;22;22;22;22;22;22;22;130;130;130;130;130;130;130;130;130;130;130;130;1;1;1;1;1;1;1;1;1;1;1;18;115
2022-01-13;"alle";54;54;54;54;54;54;54;54;54;54;54;54;331;331;331;331;331;331;331;331;331;331;331;331;NA;NA;NA;NA;NA;NA;NA;NA;NA;NA;NA;47;295
2022-01-12;"0-60";40;40;40;40;40;40;40;40;40;40;40;40;195;195;195;195;195;195;195;195;195;195;195;195;1;1;1;1;1;1;1;1;1;1;1;34;174
2022-01-12;"60+";19;19;19;19;19;19;19;19;19;19;19;19;126;126;126;126;126;126;126;126;126;126;126;126;1;1;1;1;1;1;1;1;1;1;1;18;114
2022-01-12;"alle";59;59;59;59;59;59;59;59;59;59;59;59;321;321;321;321;321;321;321;321;321;321;321;321;NA;NA;NA;NA;NA;NA;NA;NA;NA;NA;NA;52;288
2022-01-11;"0-60";35;35;35;35;35;35;35;35;35;35;35;35;192;192;192;192;192;192;192;192;192;192;192;192;1;1;1;1;1;1;1;1;1;1;1;31;174
2022-01-11;"60+";29;29;29;29;29;29;29;29;29;29;29;29;130;130;130;130;130;130;130;130;130;130;130;130;1;1;1;1;1;1;1;1;1;1;1;26;117
2022-01-11;"alle";64;64;64;64;64;64;64;64;64;64;64;64;322;322;322;322;322;322;322;322;322;322;322;322;NA;NA;NA;NA;NA;NA;NA;NA;NA;NA;NA;57;291
2022-01-10;"0-60";7;7;7;7;7;7;7;7;7;7;7;7;181;181;181;181;181;181;181;181;181;181;181;181;1;1;1;1;1;1;1;1;1;1;1;6;165
2022-01-10;"60+";7;7;7;7;7;7;7;7;7;7;7;7;126;126;126;126;126;126;126;126;126;126;126;126;1;1;1;1;1;1;1;1;1;1;1;6;115
2022-01-10;"alle";14;14;14;14;14;14;14;14;14;14;14;14;307;307;307;307;307;307;307;307;307;307;307;307;NA;NA;NA;NA;NA;NA;NA;NA;NA;NA;NA;12;281
2022-01-09;"0-60";19;19;19;19;19;19;19;19;19;19;19;19;179;179;179;179;179;179;179;179;179;179;179;179;1;1;1;1;1;1;1;1;1;1;1;19;164
2022-01-09;"60+";15;15;15;15;15;15;15;15;15;15;15;15;125;125;125;125;125;125;125;125;125;125;125;125;1;1;1;1;1;1;1;1;1;1;1;13;115
2022-01-09;"alle";34;34;34;34;34;34;34;34;34;34;34;34;304;304;304;304;304;304;304;304;304;304;304;304;NA;NA;NA;NA;NA;NA;NA;NA;NA;NA;NA;32;280
2022-01-08;"0-60";31;31;31;31;31;31;31;31;31;31;31;31;170;170;170;170;170;170;170;170;170;170;170;170;1;1;1;1;1;1;1;1;1;1;1;27;153
2022-01-08;"60+";26;26;26;26;26;26;26;26;26;26;26;26;116;116;116;116;116;116;116;116;116;116;116;116;1;1;1;1;1;1;1;1;1;1;1;23;107
2022-01-08;"alle";57;57;57;57;57;57;57;57;57;57;57;57;286;286;286;286;286;286;286;286;286;286;286;286;NA;NA;NA;NA;NA;NA;NA;NA;NA;NA;NA;50;261
2022-01-07;"0-60";37;37;37;37;37;37;37;37;37;37;37;37;156;156;156;156;156;156;156;156;156;156;156;156;1;1;1;1;1;1;1;1;1;1;1;34;142
2022-01-07;"60+";12;12;12;12;12;12;12;12;12;12;12;12;109;109;109;109;109;109;109;109;109;109;109;109;1;1;1;1;1;1;1;1;1;1;1;11;102
2022-01-07;"alle";49;49;49;49;49;49;49;49;49;49;49;49;265;265;265;265;265;265;265;265;265;265;265;265;NA;NA;NA;NA;NA;NA;NA;NA;NA;NA;NA;45;245
2022-01-06;"0-60";26;26;26;26;26;26;26;26;26;26;26;26;141;141;141;141;141;141;141;141;141;141;141;141;1;1;1;1;1;1;1;1;1;1;1;23;129
2022-01-06;"60+";18;18;18;18;18;18;18;18;18;18;18;18;128;128;128;128;128;128;128;128;128;128;128;128;1;1;1;1;1;1;1;1;1;1;1;17;119
2022-01-06;"alle";44;44;44;44;44;44;44;44;44;44;44;44;269;269;269;269;269;269;269;269;269;269;269;269;NA;NA;NA;NA;NA;NA;NA;NA;NA;NA;NA;40;249
2022-01-05;"0-60";37;37;37;37;37;37;37;37;37;37;37;37;140;140;140;140;140;140;140;140;140;140;140;140;1;1;1;1;1;1;1;1;1;1;1;34;128
2022-01-05;"60+";23;23;23;23;23;23;23;23;23;23;23;23;135;135;135;135;135;135;135;135;135;135;135;135;1;1;1;1;1;1;1;1;1;1;1;21;125
2022-01-05;"alle";60;60;60;60;60;60;60;60;60;60;60;60;275;275;275;275;275;275;275;275;275;275;275;275;NA;NA;NA;NA;NA;NA;NA;NA;NA;NA;NA;55;254
2022-01-04;"0-60";24;24;24;24;24;24;24;24;24;24;24;24;130;130;130;130;130;130;130;130;130;130;130;130;1;1;1;1;1;1;1;1;1;1;1;22;120
2022-01-04;"60+";25;25;25;25;25;25;25;25;25;25;25;25;142;142;142;142;142;142;142;142;142;142;142;142;1;1;1;1;1;1;1;1;1;1;1;24;132
2022-01-04;"alle";49;49;49;49;49;49;49;49;49;49;49;49;272;272;272;272;272;272;272;272;272;272;272;272;NA;NA;NA;NA;NA;NA;NA;NA;NA;NA;NA;47;253
2022-01-03;"0-60";5;5;5;5;5;5;5;5;5;5;5;5;130;130;130;130;130;130;130;130;130;130;130;130;1;1;1;1;1;1;1;1;1;1;1;5;122
2022-01-03;"60+";6;6;6;6;6;6;6;6;6;6;6;6;135;135;135;135;135;135;135;135;135;135;135;135;1;1;1;1;1;1;1;1;1;1;1;6;125
2022-01-03;"alle";11;11;11;11;11;11;11;11;11;11;11;11;265;265;265;265;265;265;265;265;265;265;265;265;NA;NA;NA;NA;NA;NA;NA;NA;NA;NA;NA;11;247
2022-01-02;"0-60";10;10;10;10;10;10;10;10;10;10;10;10;130;130;130;130;130;130;130;130;130;130;130;130;1;1;1;1;1;1;1;1;1;1;1;8;121
2022-01-02;"60+";6;6;6;6;6;6;6;6;6;6;6;6;139;139;139;139;139;139;139;139;139;139;139;139;1;1;1;1;1;1;1;1;1;1;1;5;128
2022-01-02;"alle";16;16;16;16;16;16;16;16;16;16;16;16;269;269;269;269;269;269;269;269;269;269;269;269;NA;NA;NA;NA;NA;NA;NA;NA;NA;NA;NA;13;249
2022-01-01;"0-60";17;17;17;17;17;17;17;17;17;17;17;17;128;128;128;128;128;128;128;128;128;128;128;128;1;1;1;1;1;1;1;1;1;1;1;16;121
2022-01-01;"60+";19;19;19;19;19;19;19;19;19;19;19;19;142;142;142;142;142;142;142;142;142;142;142;142;1;1;1;1;1;1;1;1;1;1;1;18;132
2022-01-01;"alle";36;36;36;36;36;36;36;36;36;36;36;36;270;270;270;270;270;270;270;270;270;270;270;270;NA;NA;NA;NA;NA;NA;NA;NA;NA;NA;NA;34;253
2021-12-31;"0-60";22;22;22;22;22;22;22;22;22;22;22;22;123;123;123;123;123;123;123;123;123;123;123;123;1;1;1;1;1;1;1;1;1;1;1;21;117
2021-12-31;"60+";31;31;31;31;31;31;31;31;31;31;31;31;135;135;135;135;135;135;135;135;135;135;135;135;1;1;1;1;1;1;1;1;1;1;1;28;126
2021-12-31;"alle";53;53;53;53;53;53;53;53;53;53;53;53;258;258;258;258;258;258;258;258;258;258;258;258;NA;NA;NA;NA;NA;NA;NA;NA;NA;NA;NA;49;243
2021-12-30;"0-60";25;25;25;25;25;25;25;25;25;25;25;25;112;112;112;112;112;112;112;112;112;112;112;112;1;1;1;1;1;1;1;1;1;1;1;22;104
2021-12-30;"60+";25;25;25;25;25;25;25;25;25;25;25;25;142;142;142;142;142;142;142;142;142;142;142;142;1;1;1;1;1;1;1;1;1;1;1;23;134
2021-12-30;"alle";50;50;50;50;50;50;50;50;50;50;50;50;254;254;254;254;254;254;254;254;254;254;254;254;NA;NA;NA;NA;NA;NA;NA;NA;NA;NA;NA;45;238
2021-12-29;"0-60";27;27;27;27;27;27;27;27;27;27;27;27;107;107;107;107;107;107;107;107;107;107;107;107;1;1;1;1;1;1;1;1;1;1;1;26;101
2021-12-29;"60+";30;30;30;30;30;30;30;30;30;30;30;30;139;139;139;139;139;139;139;139;139;139;139;139;1;1;1;1;1;1;1;1;1;1;1;28;132
2021-12-29;"alle";57;57;57;57;57;57;57;57;57;57;57;57;246;246;246;246;246;246;246;246;246;246;246;246;NA;NA;NA;NA;NA;NA;NA;NA;NA;NA;NA;54;233
2021-12-28;"0-60";24;24;24;24;24;24;24;24;24;24;24;24;116;116;116;116;116;116;116;116;116;116;116;116;1;1;1;1;1;1;1;1;1;1;1;24;111
2021-12-28;"60+";18;18;18;18;18;18;18;18;18;18;18;18;147;147;147;147;147;147;147;147;147;147;147;147;1;1;1;1;1;1;1;1;1;1;1;17;136
2021-12-28;"alle";42;42;42;42;42;42;42;42;42;42;42;42;263;263;263;263;263;263;263;263;263;263;263;263;NA;NA;NA;NA;NA;NA;NA;NA;NA;NA;NA;41;247
2021-12-27;"0-60";5;5;5;5;5;5;5;5;5;5;5;5;105;105;105;105;105;105;105;105;105;105;105;105;1;1;1;1;1;1;1;1;1;1;1;4;99
2021-12-27;"60+";10;10;10;10;10;10;10;10;10;10;10;10;159;159;159;159;159;159;159;159;159;159;159;159;1;1;1;1;1;1;1;1;1;1;1;9;148
2021-12-27;"alle";15;15;15;15;15;15;15;15;15;15;15;15;264;264;264;264;264;264;264;264;264;264;264;264;NA;NA;NA;NA;NA;NA;NA;NA;NA;NA;NA;13;248
2021-12-26;"0-60";8;8;8;8;8;8;8;8;8;8;8;8;106;106;106;106;106;106;106;106;106;106;106;106;1;1;1;1;1;1;1;1;1;1;1;8;100
2021-12-26;"60+";9;9;9;9;9;9;9;9;9;9;9;9;162;162;162;162;162;162;162;162;162;162;162;162;1;1;1;1;1;1;1;1;1;1;1;9;149
2021-12-26;"alle";17;17;17;17;17;17;17;17;17;17;17;17;268;268;268;268;268;268;268;268;268;268;268;268;NA;NA;NA;NA;NA;NA;NA;NA;NA;NA;NA;17;250
2021-12-25;"0-60";12;12;12;12;12;12;12;12;12;12;12;12;116;116;116;116;116;116;116;116;116;116;116;116;1;1;1;1;1;1;1;1;1;1;1;12;108
2021-12-25;"60+";12;12;12;12;12;12;12;12;12;12;12;12;174;174;174;174;174;174;174;174;174;174;174;174;1;1;1;1;1;1;1;1;1;1;1;12;158
2021-12-25;"alle";24;24;24;24;24;24;24;24;24;24;24;24;290;290;290;290;290;290;290;290;290;290;290;290;NA;NA;NA;NA;NA;NA;NA;NA;NA;NA;NA;24;268
2021-12-24;"0-60";11;11;11;11;11;11;11;11;11;11;11;11;130;130;130;130;130;130;130;130;130;130;130;130;1;1;1;1;1;1;1;1;1;1;1;8;119
2021-12-24;"60+";38;38;38;38;38;38;38;38;38;38;38;38;196;196;196;196;196;196;196;196;196;196;196;196;1;1;1;1;1;1;1;1;1;1;1;36;178
2021-12-24;"alle";49;49;49;49;49;49;49;49;49;49;49;49;326;326;326;326;326;326;326;326;326;326;326;326;NA;NA;NA;NA;NA;NA;NA;NA;NA;NA;NA;44;299
2021-12-23;"0-60";20;20;20;20;20;20;20;20;20;20;20;20;141;141;141;141;141;141;141;141;141;141;141;141;1;1;1;1;1;1;1;1;1;1;1;19;132
2021-12-23;"60+";22;22;22;22;22;22;22;22;22;22;22;22;190;190;190;190;190;190;190;190;190;190;190;190;1;1;1;1;1;1;1;1;1;1;1;21;171
2021-12-23;"alle";42;42;42;42;42;42;42;42;42;42;42;42;331;331;331;331;331;331;331;331;331;331;331;331;NA;NA;NA;NA;NA;NA;NA;NA;NA;NA;NA;40;305
2021-12-22;"0-60";36;36;36;36;36;36;36;36;36;36;36;36;158;158;158;158;158;158;158;158;158;158;158;158;1;1;1;1;1;1;1;1;1;1;1;36;147
2021-12-22;"60+";38;38;38;38;38;38;38;38;38;38;38;38;233;233;233;233;233;233;233;233;233;233;233;233;1;1;1;1;1;1;1;1;1;1;1;32;213
2021-12-22;"alle";74;74;74;74;74;74;74;74;74;74;74;74;391;391;391;391;391;391;391;391;391;391;391;391;NA;NA;NA;NA;NA;NA;NA;NA;NA;NA;NA;68;362
2021-12-21;"0-60";13;13;13;13;13;13;13;13;13;13;13;13;154;154;154;154;154;154;154;154;154;154;154;154;1;1;1;1;1;1;1;1;1;1;1;12;141
2021-12-21;"60+";30;30;30;30;30;30;30;30;30;30;30;30;253;253;253;253;253;253;253;253;253;253;253;253;1;1;1;1;1;1;1;1;1;1;1;29;235
2021-12-21;"alle";43;43;43;43;43;43;43;43;43;43;43;43;407;407;407;407;407;407;407;407;407;407;407;407;NA;NA;NA;NA;NA;NA;NA;NA;NA;NA;NA;42;378
2021-12-20;"0-60";6;6;6;6;6;6;6;6;6;6;6;6;163;163;163;163;163;163;163;163;163;163;163;163;1;1;1;1;1;1;1;1;1;1;1;5;149
2021-12-20;"60+";13;13;13;13;13;13;13;13;13;13;13;13;253;253;253;253;253;253;253;253;253;253;253;253;1;1;1;1;1;1;1;1;1;1;1;10;235
2021-12-20;"alle";19;19;19;19;19;19;19;19;19;19;19;19;416;416;416;416;416;416;416;416;416;416;416;416;NA;NA;NA;NA;NA;NA;NA;NA;NA;NA;NA;15;385
2021-12-19;"0-60";18;18;18;18;18;18;18;18;18;18;18;18;162;162;162;162;162;162;162;162;162;162;162;162;1;1;1;1;1;1;1;1;1;1;1;16;149
2021-12-19;"60+";21;21;21;21;21;21;21;21;21;21;21;21;249;249;249;249;249;249;249;249;249;249;249;249;1;1;1;1;1;1;1;1;1;1;1;18;234
2021-12-19;"alle";39;39;39;39;39;39;39;39;39;39;39;39;411;411;411;411;411;411;411;411;411;411;411;411;NA;NA;NA;NA;NA;NA;NA;NA;NA;NA;NA;35;384
2021-12-18;"0-60";26;26;26;26;26;26;26;26;26;26;26;26;171;171;171;171;171;171;171;171;171;171;171;171;1;1;1;1;1;1;1;1;1;1;1;23;159
2021-12-18;"60+";34;34;34;34;34;34;34;34;34;34;34;34;259;259;259;259;259;259;259;259;259;259;259;259;1;1;1;1;1;1;1;1;1;1;1;32;243
2021-12-18;"alle";60;60;60;60;60;60;60;60;60;60;60;60;430;430;430;430;430;430;430;430;430;430;430;430;NA;NA;NA;NA;NA;NA;NA;NA;NA;NA;NA;55;402
2021-12-17;"0-60";22;22;22;22;22;22;22;22;22;22;22;22;171;171;171;171;171;171;171;171;171;171;171;171;1;1;1;1;1;1;1;1;1;1;1;21;159
2021-12-17;"60+";32;32;32;32;32;32;32;32;32;32;32;32;282;282;282;282;282;282;282;282;282;282;282;282;1;1;1;1;1;1;1;1;1;1;1;29;267
2021-12-17;"alle";54;54;54;54;54;54;54;54;54;54;54;54;453;453;453;453;453;453;453;453;453;453;453;453;NA;NA;NA;NA;NA;NA;NA;NA;NA;NA;NA;50;427
2021-12-16;"0-60";37;37;37;37;37;37;37;37;37;37;37;37;180;180;180;180;180;180;180;180;180;180;180;180;1;1;1;1;1;1;1;1;1;1;1;34;165
2021-12-16;"60+";65;65;65;65;65;65;65;65;65;65;65;65;288;288;288;288;288;288;288;288;288;288;288;288;1;1;1;1;1;1;1;1;1;1;1;63;275
2021-12-16;"alle";102;102;102;102;102;102;102;102;102;102;102;102;468;468;468;468;468;468;468;468;468;468;468;468;NA;NA;NA;NA;NA;NA;NA;NA;NA;NA;NA;97;441
2021-12-15;"0-60";32;32;32;32;32;32;32;32;32;32;32;32;172;172;172;172;172;172;172;172;172;172;172;172;1;1;1;1;1;1;1;1;1;1;1;30;159
2021-12-15;"60+";58;58;58;58;58;58;58;58;58;58;58;58;271;271;271;271;271;271;271;271;271;271;271;271;1;1;1;1;1;1;1;1;1;1;1;54;257
2021-12-15;"alle";90;90;90;90;90;90;90;90;90;90;90;90;443;443;443;443;443;443;443;443;443;443;443;443;NA;NA;NA;NA;NA;NA;NA;NA;NA;NA;NA;84;417
2021-12-14;"0-60";22;22;22;22;22;22;22;22;22;22;22;22;169;169;169;169;169;169;169;169;169;169;169;169;1;1;1;1;1;1;1;1;1;1;1;20;158
2021-12-14;"60+";30;30;30;30;30;30;30;30;30;30;30;30;263;263;263;263;263;263;263;263;263;263;263;263;1;1;1;1;1;1;1;1;1;1;1;29;251
2021-12-14;"alle";52;52;52;52;52;52;52;52;52;52;52;52;432;432;432;432;432;432;432;432;432;432;432;432;NA;NA;NA;NA;NA;NA;NA;NA;NA;NA;NA;49;410
2021-12-13;"0-60";5;5;5;5;5;5;5;5;5;5;5;5;178;178;178;178;178;178;178;178;178;178;178;178;1;1;1;1;1;1;1;1;1;1;1;5;168
2021-12-13;"60+";9;9;9;9;9;9;9;9;9;9;9;9;262;262;262;262;262;262;262;262;262;262;262;262;1;1;1;1;1;1;1;1;1;1;1;9;250
2021-12-13;"alle";14;14;14;14;14;14;14;14;14;14;14;14;440;440;440;440;440;440;440;440;440;440;440;440;NA;NA;NA;NA;NA;NA;NA;NA;NA;NA;NA;14;419
2021-12-12;"0-60";27;27;27;27;27;27;27;27;27;27;27;27;191;191;191;191;191;191;191;191;191;191;191;191;1;1;1;1;1;1;1;1;1;1;1;26;178
2021-12-12;"60+";31;31;31;31;31;31;31;31;31;31;31;31;276;276;276;276;276;276;276;276;276;276;276;276;1;1;1;1;1;1;1;1;1;1;1;27;261
2021-12-12;"alle";58;58;58;58;58;58;58;58;58;58;58;58;467;467;467;467;467;467;467;467;467;467;467;467;NA;NA;NA;NA;NA;NA;NA;NA;NA;NA;NA;53;440
2021-12-11;"0-60";26;26;26;26;26;26;26;26;26;26;26;26;183;183;183;183;183;183;183;183;183;183;183;183;1;1;1;1;1;1;1;1;1;1;1;23;169
2021-12-11;"60+";57;57;57;57;57;57;57;57;57;57;57;57;276;276;276;276;276;276;276;276;276;276;276;276;1;1;1;1;1;1;1;1;1;1;1;56;263
2021-12-11;"alle";83;83;83;83;83;83;83;83;83;83;83;83;459;459;459;459;459;459;459;459;459;459;459;459;NA;NA;NA;NA;NA;NA;NA;NA;NA;NA;NA;80;433
2021-12-10;"0-60";31;31;31;31;31;31;31;31;31;31;31;31;178;178;178;178;178;178;178;178;178;178;178;178;1;1;1;1;1;1;1;1;1;1;1;27;165
2021-12-10;"60+";38;38;38;38;38;38;38;38;38;38;38;38;257;257;257;257;257;257;257;257;257;257;257;257;1;1;1;1;1;1;1;1;1;1;1;37;244
2021-12-10;"alle";69;69;69;69;69;69;69;69;69;69;69;69;435;435;435;435;435;435;435;435;435;435;435;435;NA;NA;NA;NA;NA;NA;NA;NA;NA;NA;NA;64;409
2021-12-09;"0-60";29;29;29;29;29;29;29;29;29;29;29;29;173;173;173;173;173;173;173;173;173;173;173;173;1;1;1;1;1;1;1;1;1;1;1;28;164
2021-12-09;"60+";48;48;48;48;48;48;48;48;48;48;48;48;267;267;267;267;267;267;267;267;267;267;267;267;1;1;1;1;1;1;1;1;1;1;1;45;254
2021-12-09;"alle";77;77;77;77;77;77;77;77;77;77;77;77;440;440;440;440;440;440;440;440;440;440;440;440;NA;NA;NA;NA;NA;NA;NA;NA;NA;NA;NA;73;418
2021-12-08;"0-60";29;29;29;29;29;29;29;29;29;29;29;29;178;178;178;178;178;178;178;178;178;178;178;178;1;1;1;1;1;1;1;1;1;1;1;29;167
2021-12-08;"60+";50;50;50;50;50;50;50;50;50;50;50;50;270;270;270;270;270;270;270;270;270;270;270;270;1;1;1;1;1;1;1;1;1;1;1;48;258
2021-12-08;"alle";79;79;79;79;79;79;79;79;79;79;79;79;448;448;448;448;448;448;448;448;448;448;448;448;NA;NA;NA;NA;NA;NA;NA;NA;NA;NA;NA;77;425
2021-12-07;"0-60";31;31;31;31;31;31;31;31;31;31;31;31;171;171;171;171;171;171;171;171;171;171;171;171;1;1;1;1;1;1;1;1;1;1;1;30;160
2021-12-07;"60+";29;29;29;29;29;29;29;29;29;29;29;29;262;262;262;262;262;262;262;262;262;262;262;262;1;1;1;1;1;1;1;1;1;1;1;28;248
2021-12-07;"alle";60;60;60;60;60;60;60;60;60;60;60;60;433;433;433;433;433;433;433;433;433;433;433;433;NA;NA;NA;NA;NA;NA;NA;NA;NA;NA;NA;58;408
2021-12-06;"0-60";18;18;18;18;18;18;18;18;18;18;18;18;160;160;160;160;160;160;160;160;160;160;160;160;1;1;1;1;1;1;1;1;1;1;1;15;149
2021-12-06;"60+";23;23;23;23;23;23;23;23;23;23;23;23;267;267;267;267;267;267;267;267;267;267;267;267;1;1;1;1;1;1;1;1;1;1;1;20;252
2021-12-06;"alle";41;41;41;41;41;41;41;41;41;41;41;41;427;427;427;427;427;427;427;427;427;427;427;427;NA;NA;NA;NA;NA;NA;NA;NA;NA;NA;NA;35;401
2021-12-05;"0-60";19;19;19;19;19;19;19;19;19;19;19;19;150;150;150;150;150;150;150;150;150;150;150;150;1;1;1;1;1;1;1;1;1;1;1;17;141
2021-12-05;"60+";31;31;31;31;31;31;31;31;31;31;31;31;251;251;251;251;251;251;251;251;251;251;251;251;1;1;1;1;1;1;1;1;1;1;1;29;239
2021-12-05;"alle";50;50;50;50;50;50;50;50;50;50;50;50;401;401;401;401;401;401;401;401;401;401;401;401;NA;NA;NA;NA;NA;NA;NA;NA;NA;NA;NA;46;380
2021-12-04;"0-60";21;21;21;21;21;21;21;21;21;21;21;21;152;152;152;152;152;152;152;152;152;152;152;152;1;1;1;1;1;1;1;1;1;1;1;19;143
2021-12-04;"60+";38;38;38;38;38;38;38;38;38;38;38;38;240;240;240;240;240;240;240;240;240;240;240;240;1;1;1;1;1;1;1;1;1;1;1;37;229
2021-12-04;"alle";59;59;59;59;59;59;59;59;59;59;59;59;392;392;392;392;392;392;392;392;392;392;392;392;NA;NA;NA;NA;NA;NA;NA;NA;NA;NA;NA;56;372
2021-12-03;"0-60";26;26;26;26;26;26;26;26;26;26;26;26;152;152;152;152;152;152;152;152;152;152;152;152;1;1;1;1;1;1;1;1;1;1;1;26;145
2021-12-03;"60+";48;48;48;48;48;48;48;48;48;48;48;48;241;241;241;241;241;241;241;241;241;241;241;241;1;1;1;1;1;1;1;1;1;1;1;47;230
2021-12-03;"alle";74;74;74;74;74;74;74;74;74;74;74;74;393;393;393;393;393;393;393;393;393;393;393;393;NA;NA;NA;NA;NA;NA;NA;NA;NA;NA;NA;73;375
2021-12-02;"0-60";34;34;34;34;34;34;34;34;34;34;34;34;159;159;159;159;159;159;159;159;159;159;159;159;1;1;1;1;1;1;1;1;1;1;1;31;152
2021-12-02;"60+";51;51;51;51;51;51;51;51;51;51;51;51;238;238;238;238;238;238;238;238;238;238;238;238;1;1;1;1;1;1;1;1;1;1;1;49;226
2021-12-02;"alle";85;85;85;85;85;85;85;85;85;85;85;85;397;397;397;397;397;397;397;397;397;397;397;397;NA;NA;NA;NA;NA;NA;NA;NA;NA;NA;NA;80;378
2021-12-01;"0-60";22;22;22;22;22;22;22;22;22;22;22;22;151;151;151;151;151;151;151;151;151;151;151;151;1;1;1;1;1;1;1;1;1;1;1;22;147
2021-12-01;"60+";42;42;42;42;42;42;42;42;42;42;42;42;234;234;234;234;234;234;234;234;234;234;234;234;1;1;1;1;1;1;1;1;1;1;1;38;220
2021-12-01;"alle";64;64;64;64;64;64;64;64;64;64;64;64;385;385;385;385;385;385;385;385;385;385;385;385;NA;NA;NA;NA;NA;NA;NA;NA;NA;NA;NA;60;368
2021-11-30;"0-60";20;20;20;20;20;20;20;20;20;20;20;20;159;159;159;159;159;159;159;159;159;159;159;159;1;1;1;1;1;1;1;1;1;1;1;19;155
2021-11-30;"60+";34;34;34;34;34;34;34;34;34;34;34;34;239;239;239;239;239;239;239;239;239;239;239;239;1;1;1;1;1;1;1;1;1;1;1;32;228
2021-11-30;"alle";54;54;54;54;54;54;54;54;54;54;54;54;398;398;398;398;398;398;398;398;398;398;398;398;NA;NA;NA;NA;NA;NA;NA;NA;NA;NA;NA;51;384
2021-11-29;"0-60";8;8;8;8;8;8;8;8;8;8;8;8;149;149;149;149;149;149;149;149;149;149;149;149;1;1;1;1;1;1;1;1;1;1;1;7;145
2021-11-29;"60+";7;7;7;7;7;7;7;7;7;7;7;7;250;250;250;250;250;250;250;250;250;250;250;250;1;1;1;1;1;1;1;1;1;1;1;7;240
2021-11-29;"alle";15;15;15;15;15;15;15;15;15;15;15;15;399;399;399;399;399;399;399;399;399;399;399;399;NA;NA;NA;NA;NA;NA;NA;NA;NA;NA;NA;14;386
2021-11-28;"0-60";21;21;21;21;21;21;21;21;21;21;21;21;150;150;150;150;150;150;150;150;150;150;150;150;1;1;1;1;1;1;1;1;1;1;1;19;147
2021-11-28;"60+";20;20;20;20;20;20;20;20;20;20;20;20;261;261;261;261;261;261;261;261;261;261;261;261;1;1;1;1;1;1;1;1;1;1;1;19;251
2021-11-28;"alle";41;41;41;41;41;41;41;41;41;41;41;41;411;411;411;411;411;411;411;411;411;411;411;411;NA;NA;NA;NA;NA;NA;NA;NA;NA;NA;NA;38;399
2021-11-27;"0-60";21;21;21;21;21;21;21;21;21;21;21;21;142;142;142;142;142;142;142;142;142;142;142;142;1;1;1;1;1;1;1;1;1;1;1;21;141
2021-11-27;"60+";39;39;39;39;39;39;39;39;39;39;39;39;269;269;269;269;269;269;269;269;269;269;269;269;1;1;1;1;1;1;1;1;1;1;1;38;260
2021-11-27;"alle";60;60;60;60;60;60;60;60;60;60;60;60;411;411;411;411;411;411;411;411;411;411;411;411;NA;NA;NA;NA;NA;NA;NA;NA;NA;NA;NA;59;402
2021-11-26;"0-60";33;33;33;33;33;33;33;33;33;33;33;33;141;141;141;141;141;141;141;141;141;141;141;141;1;1;1;1;1;1;1;1;1;1;1;33;140
2021-11-26;"60+";45;45;45;45;45;45;45;45;45;45;45;45;273;273;273;273;273;273;273;273;273;273;273;273;1;1;1;1;1;1;1;1;1;1;1;43;264
2021-11-26;"alle";78;78;78;78;78;78;78;78;78;78;78;78;414;414;414;414;414;414;414;414;414;414;414;414;NA;NA;NA;NA;NA;NA;NA;NA;NA;NA;NA;76;405
2021-11-25;"0-60";26;26;26;26;26;26;26;26;26;26;26;26;125;125;125;125;125;125;125;125;125;125;125;125;1;1;1;1;1;1;1;1;1;1;1;26;122
2021-11-25;"60+";47;47;47;47;47;47;47;47;47;47;47;47;275;275;275;275;275;275;275;275;275;275;275;275;1;1;1;1;1;1;1;1;1;1;1;43;268
2021-11-25;"alle";73;73;73;73;73;73;73;73;73;73;73;73;400;400;400;400;400;400;400;400;400;400;400;400;NA;NA;NA;NA;NA;NA;NA;NA;NA;NA;NA;70;391
2021-11-24;"0-60";30;30;30;30;30;30;30;30;30;30;30;30;120;120;120;120;120;120;120;120;120;120;120;120;1;1;1;1;1;1;1;1;1;1;1;30;117
2021-11-24;"60+";47;47;47;47;47;47;47;47;47;47;47;47;265;265;265;265;265;265;265;265;265;265;265;265;1;1;1;1;1;1;1;1;1;1;1;46;260
2021-11-24;"alle";77;77;77;77;77;77;77;77;77;77;77;77;385;385;385;385;385;385;385;385;385;385;385;385;NA;NA;NA;NA;NA;NA;NA;NA;NA;NA;NA;76;377
2021-11-23;"0-60";10;10;10;10;10;10;10;10;10;10;10;10;108;108;108;108;108;108;108;108;108;108;108;108;1;1;1;1;1;1;1;1;1;1;1;9;104
2021-11-23;"60+";45;45;45;45;45;45;45;45;45;45;45;45;271;271;271;271;271;271;271;271;271;271;271;271;1;1;1;1;1;1;1;1;1;1;1;44;266
2021-11-23;"alle";55;55;55;55;55;55;55;55;55;55;55;55;379;379;379;379;379;379;379;379;379;379;379;379;NA;NA;NA;NA;NA;NA;NA;NA;NA;NA;NA;53;370
2021-11-22;"0-60";9;9;9;9;9;9;9;9;9;9;9;9;115;115;115;115;115;115;115;115;115;115;115;115;1;1;1;1;1;1;1;1;1;1;1;9;112
2021-11-22;"60+";18;18;18;18;18;18;18;18;18;18;18;18;271;271;271;271;271;271;271;271;271;271;271;271;1;1;1;1;1;1;1;1;1;1;1;18;267
2021-11-22;"alle";27;27;27;27;27;27;27;27;27;27;27;27;386;386;386;386;386;386;386;386;386;386;386;386;NA;NA;NA;NA;NA;NA;NA;NA;NA;NA;NA;27;379
2021-11-21;"0-60";13;13;13;13;13;13;13;13;13;13;13;13;111;111;111;111;111;111;111;111;111;111;111;111;1;1;1;1;1;1;1;1;1;1;1;13;108
2021-11-21;"60+";28;28;28;28;28;28;28;28;28;28;28;28;259;259;259;259;259;259;259;259;259;259;259;259;1;1;1;1;1;1;1;1;1;1;1;28;254
2021-11-21;"alle";41;41;41;41;41;41;41;41;41;41;41;41;370;370;370;370;370;370;370;370;370;370;370;370;NA;NA;NA;NA;NA;NA;NA;NA;NA;NA;NA;41;362
2021-11-20;"0-60";20;20;20;20;20;20;20;20;20;20;20;20;112;112;112;112;112;112;112;112;112;112;112;112;1;1;1;1;1;1;1;1;1;1;1;20;109
2021-11-20;"60+";43;43;43;43;43;43;43;43;43;43;43;43;249;249;249;249;249;249;249;249;249;249;249;249;1;1;1;1;1;1;1;1;1;1;1;42;242
2021-11-20;"alle";63;63;63;63;63;63;63;63;63;63;63;63;361;361;361;361;361;361;361;361;361;361;361;361;NA;NA;NA;NA;NA;NA;NA;NA;NA;NA;NA;62;351
2021-11-19;"0-60";17;17;17;17;17;17;17;17;17;17;17;17;105;105;105;105;105;105;105;105;105;105;105;105;1;1;1;1;1;1;1;1;1;1;1;15;100
2021-11-19;"60+";47;47;47;47;47;47;47;47;47;47;47;47;240;240;240;240;240;240;240;240;240;240;240;240;1;1;1;1;1;1;1;1;1;1;1;47;233
2021-11-19;"alle";64;64;64;64;64;64;64;64;64;64;64;64;345;345;345;345;345;345;345;345;345;345;345;345;NA;NA;NA;NA;NA;NA;NA;NA;NA;NA;NA;62;333
2021-11-18;"0-60";21;21;21;21;21;21;21;21;21;21;21;21;102;102;102;102;102;102;102;102;102;102;102;102;1;1;1;1;1;1;1;1;1;1;1;21;98
2021-11-18;"60+";37;37;37;37;37;37;37;37;37;37;37;37;231;231;231;231;231;231;231;231;231;231;231;231;1;1;1;1;1;1;1;1;1;1;1;35;224
2021-11-18;"alle";58;58;58;58;58;58;58;58;58;58;58;58;333;333;333;333;333;333;333;333;333;333;333;333;NA;NA;NA;NA;NA;NA;NA;NA;NA;NA;NA;56;322
2021-11-17;"0-60";18;18;18;18;18;18;18;18;18;18;18;18;101;101;101;101;101;101;101;101;101;101;101;101;1;1;1;1;1;1;1;1;1;1;1;17;96
2021-11-17;"60+";53;53;53;53;53;53;53;53;53;53;53;53;221;221;221;221;221;221;221;221;221;221;221;221;1;1;1;1;1;1;1;1;1;1;1;52;215
2021-11-17;"alle";71;71;71;71;71;71;71;71;71;71;71;71;322;322;322;322;322;322;322;322;322;322;322;322;NA;NA;NA;NA;NA;NA;NA;NA;NA;NA;NA;69;311
2021-11-16;"0-60";17;17;17;17;17;17;17;17;17;17;17;17;98;98;98;98;98;98;98;98;98;98;98;98;1;1;1;1;1;1;1;1;1;1;1;17;94
2021-11-16;"60+";45;45;45;45;45;45;45;45;45;45;45;45;210;210;210;210;210;210;210;210;210;210;210;210;1;1;1;1;1;1;1;1;1;1;1;45;204
2021-11-16;"alle";62;62;62;62;62;62;62;62;62;62;62;62;308;308;308;308;308;308;308;308;308;308;308;308;NA;NA;NA;NA;NA;NA;NA;NA;NA;NA;NA;62;298
2021-11-15;"0-60";5;5;5;5;5;5;5;5;5;5;5;5;96;96;96;96;96;96;96;96;96;96;96;96;1;1;1;1;1;1;1;1;1;1;1;5;92
2021-11-15;"60+";6;6;6;6;6;6;6;6;6;6;6;6;189;189;189;189;189;189;189;189;189;189;189;189;1;1;1;1;1;1;1;1;1;1;1;5;183
2021-11-15;"alle";11;11;11;11;11;11;11;11;11;11;11;11;285;285;285;285;285;285;285;285;285;285;285;285;NA;NA;NA;NA;NA;NA;NA;NA;NA;NA;NA;10;275
2021-11-14;"0-60";14;14;14;14;14;14;14;14;14;14;14;14;99;99;99;99;99;99;99;99;99;99;99;99;1;1;1;1;1;1;1;1;1;1;1;14;94
2021-11-14;"60+";18;18;18;18;18;18;18;18;18;18;18;18;192;192;192;192;192;192;192;192;192;192;192;192;1;1;1;1;1;1;1;1;1;1;1;16;186
2021-11-14;"alle";32;32;32;32;32;32;32;32;32;32;32;32;291;291;291;291;291;291;291;291;291;291;291;291;NA;NA;NA;NA;NA;NA;NA;NA;NA;NA;NA;30;280
2021-11-13;"0-60";13;13;13;13;13;13;13;13;13;13;13;13;94;94;94;94;94;94;94;94;94;94;94;94;1;1;1;1;1;1;1;1;1;1;1;11;89
2021-11-13;"60+";34;34;34;34;34;34;34;34;34;34;34;34;190;190;190;190;190;190;190;190;190;190;190;190;1;1;1;1;1;1;1;1;1;1;1;33;186
2021-11-13;"alle";47;47;47;47;47;47;47;47;47;47;47;47;284;284;284;284;284;284;284;284;284;284;284;284;NA;NA;NA;NA;NA;NA;NA;NA;NA;NA;NA;44;275
2021-11-12;"0-60";14;14;14;14;14;14;14;14;14;14;14;14;98;98;98;98;98;98;98;98;98;98;98;98;1;1;1;1;1;1;1;1;1;1;1;13;94
2021-11-12;"60+";38;38;38;38;38;38;38;38;38;38;38;38;171;171;171;171;171;171;171;171;171;171;171;171;1;1;1;1;1;1;1;1;1;1;1;38;168
2021-11-12;"alle";52;52;52;52;52;52;52;52;52;52;52;52;269;269;269;269;269;269;269;269;269;269;269;269;NA;NA;NA;NA;NA;NA;NA;NA;NA;NA;NA;51;262
2021-11-11;"0-60";20;20;20;20;20;20;20;20;20;20;20;20;110;110;110;110;110;110;110;110;110;110;110;110;1;1;1;1;1;1;1;1;1;1;1;19;107
2021-11-11;"60+";27;27;27;27;27;27;27;27;27;27;27;27;153;153;153;153;153;153;153;153;153;153;153;153;1;1;1;1;1;1;1;1;1;1;1;26;150
2021-11-11;"alle";47;47;47;47;47;47;47;47;47;47;47;47;263;263;263;263;263;263;263;263;263;263;263;263;NA;NA;NA;NA;NA;NA;NA;NA;NA;NA;NA;45;257
2021-11-10;"0-60";15;15;15;15;15;15;15;15;15;15;15;15;107;107;107;107;107;107;107;107;107;107;107;107;1;1;1;1;1;1;1;1;1;1;1;15;104
2021-11-10;"60+";42;42;42;42;42;42;42;42;42;42;42;42;161;161;161;161;161;161;161;161;161;161;161;161;1;1;1;1;1;1;1;1;1;1;1;41;158
2021-11-10;"alle";57;57;57;57;57;57;57;57;57;57;57;57;268;268;268;268;268;268;268;268;268;268;268;268;NA;NA;NA;NA;NA;NA;NA;NA;NA;NA;NA;56;262
2021-11-09;"0-60";15;15;15;15;15;15;15;15;15;15;15;15;114;114;114;114;114;114;114;114;114;114;114;114;1;1;1;1;1;1;1;1;1;1;1;15;109
2021-11-09;"60+";24;24;24;24;24;24;24;24;24;24;24;24;143;143;143;143;143;143;143;143;143;143;143;143;1;1;1;1;1;1;1;1;1;1;1;24;141
2021-11-09;"alle";39;39;39;39;39;39;39;39;39;39;39;39;257;257;257;257;257;257;257;257;257;257;257;257;NA;NA;NA;NA;NA;NA;NA;NA;NA;NA;NA;39;250
2021-11-08;"0-60";8;8;8;8;8;8;8;8;8;8;8;8;119;119;119;119;119;119;119;119;119;119;119;119;1;1;1;1;1;1;1;1;1;1;1;7;113
2021-11-08;"60+";9;9;9;9;9;9;9;9;9;9;9;9;133;133;133;133;133;133;133;133;133;133;133;133;1;1;1;1;1;1;1;1;1;1;1;8;131
2021-11-08;"alle";17;17;17;17;17;17;17;17;17;17;17;17;252;252;252;252;252;252;252;252;252;252;252;252;NA;NA;NA;NA;NA;NA;NA;NA;NA;NA;NA;15;244
2021-11-07;"0-60";9;9;9;9;9;9;9;9;9;9;9;9;116;116;116;116;116;116;116;116;116;116;116;116;1;1;1;1;1;1;1;1;1;1;1;9;111
2021-11-07;"60+";16;16;16;16;16;16;16;16;16;16;16;16;129;129;129;129;129;129;129;129;129;129;129;129;1;1;1;1;1;1;1;1;1;1;1;16;128
2021-11-07;"alle";25;25;25;25;25;25;25;25;25;25;25;25;245;245;245;245;245;245;245;245;245;245;245;245;NA;NA;NA;NA;NA;NA;NA;NA;NA;NA;NA;25;239
2021-11-06;"0-60";17;17;17;17;17;17;17;17;17;17;17;17;121;121;121;121;121;121;121;121;121;121;121;121;1;1;1;1;1;1;1;1;1;1;1;16;116
2021-11-06;"60+";15;15;15;15;15;15;15;15;15;15;15;15;131;131;131;131;131;131;131;131;131;131;131;131;1;1;1;1;1;1;1;1;1;1;1;15;130
2021-11-06;"alle";32;32;32;32;32;32;32;32;32;32;32;32;252;252;252;252;252;252;252;252;252;252;252;252;NA;NA;NA;NA;NA;NA;NA;NA;NA;NA;NA;31;246
2021-11-05;"0-60";26;26;26;26;26;26;26;26;26;26;26;26;120;120;120;120;120;120;120;120;120;120;120;120;1;1;1;1;1;1;1;1;1;1;1;26;115
2021-11-05;"60+";20;20;20;20;20;20;20;20;20;20;20;20;145;145;145;145;145;145;145;145;145;145;145;145;1;1;1;1;1;1;1;1;1;1;1;20;143
2021-11-05;"alle";46;46;46;46;46;46;46;46;46;46;46;46;265;265;265;265;265;265;265;265;265;265;265;265;NA;NA;NA;NA;NA;NA;NA;NA;NA;NA;NA;46;258
2021-11-04;"0-60";17;17;17;17;17;17;17;17;17;17;17;17;114;114;114;114;114;114;114;114;114;114;114;114;1;1;1;1;1;1;1;1;1;1;1;16;109
2021-11-04;"60+";35;35;35;35;35;35;35;35;35;35;35;35;147;147;147;147;147;147;147;147;147;147;147;147;1;1;1;1;1;1;1;1;1;1;1;34;145
2021-11-04;"alle";52;52;52;52;52;52;52;52;52;52;52;52;261;261;261;261;261;261;261;261;261;261;261;261;NA;NA;NA;NA;NA;NA;NA;NA;NA;NA;NA;50;254
2021-11-03;"0-60";22;22;22;22;22;22;22;22;22;22;22;22;130;130;130;130;130;130;130;130;130;130;130;130;1;1;1;1;1;1;1;1;1;1;1;20;124
2021-11-03;"60+";24;24;24;24;24;24;24;24;24;24;24;24;144;144;144;144;144;144;144;144;144;144;144;144;1;1;1;1;1;1;1;1;1;1;1;24;143
2021-11-03;"alle";46;46;46;46;46;46;46;46;46;46;46;46;274;274;274;274;274;274;274;274;274;274;274;274;NA;NA;NA;NA;NA;NA;NA;NA;NA;NA;NA;44;267
2021-11-02;"0-60";20;20;20;20;20;20;20;20;20;20;20;20;119;119;119;119;119;119;119;119;119;119;119;119;1;1;1;1;1;1;1;1;1;1;1;19;115
2021-11-02;"60+";14;14;14;14;14;14;14;14;14;14;14;14;146;146;146;146;146;146;146;146;146;146;146;146;1;1;1;1;1;1;1;1;1;1;1;14;145
2021-11-02;"alle";34;34;34;34;34;34;34;34;34;34;34;34;265;265;265;265;265;265;265;265;265;265;265;265;NA;NA;NA;NA;NA;NA;NA;NA;NA;NA;NA;33;260
2021-11-01;"0-60";5;5;5;5;5;5;5;5;5;5;5;5;116;116;116;116;116;116;116;116;116;116;116;116;1;1;1;1;1;1;1;1;1;1;1;5;112
2021-11-01;"60+";5;5;5;5;5;5;5;5;5;5;5;5;150;150;150;150;150;150;150;150;150;150;150;150;1;1;1;1;1;1;1;1;1;1;1;5;149
2021-11-01;"alle";10;10;10;10;10;10;10;10;10;10;10;10;266;266;266;266;266;266;266;266;266;266;266;266;NA;NA;NA;NA;NA;NA;NA;NA;NA;NA;NA;10;261
2021-10-31;"0-60";14;14;14;14;14;14;14;14;14;14;14;14;114;114;114;114;114;114;114;114;114;114;114;114;1;1;1;1;1;1;1;1;1;1;1;14;110
2021-10-31;"60+";18;18;18;18;18;18;18;18;18;18;18;18;149;149;149;149;149;149;149;149;149;149;149;149;1;1;1;1;1;1;1;1;1;1;1;18;148
2021-10-31;"alle";32;32;32;32;32;32;32;32;32;32;32;32;263;263;263;263;263;263;263;263;263;263;263;263;NA;NA;NA;NA;NA;NA;NA;NA;NA;NA;NA;32;258
2021-10-30;"0-60";16;16;16;16;16;16;16;16;16;16;16;16;108;108;108;108;108;108;108;108;108;108;108;108;1;1;1;1;1;1;1;1;1;1;1;15;103
2021-10-30;"60+";29;29;29;29;29;29;29;29;29;29;29;29;147;147;147;147;147;147;147;147;147;147;147;147;1;1;1;1;1;1;1;1;1;1;1;28;146
2021-10-30;"alle";45;45;45;45;45;45;45;45;45;45;45;45;255;255;255;255;255;255;255;255;255;255;255;255;NA;NA;NA;NA;NA;NA;NA;NA;NA;NA;NA;43;249
2021-10-29;"0-60";20;20;20;20;20;20;20;20;20;20;20;20;101;101;101;101;101;101;101;101;101;101;101;101;1;1;1;1;1;1;1;1;1;1;1;20;97
2021-10-29;"60+";22;22;22;22;22;22;22;22;22;22;22;22;136;136;136;136;136;136;136;136;136;136;136;136;1;1;1;1;1;1;1;1;1;1;1;22;136
2021-10-29;"alle";42;42;42;42;42;42;42;42;42;42;42;42;237;237;237;237;237;237;237;237;237;237;237;237;NA;NA;NA;NA;NA;NA;NA;NA;NA;NA;NA;42;233
2021-10-28;"0-60";33;33;33;33;33;33;33;33;33;33;33;33;95;95;95;95;95;95;95;95;95;95;95;95;1;1;1;1;1;1;1;1;1;1;1;31;91
2021-10-28;"60+";32;32;32;32;32;32;32;32;32;32;32;32;133;133;133;133;133;133;133;133;133;133;133;133;1;1;1;1;1;1;1;1;1;1;1;32;133
2021-10-28;"alle";65;65;65;65;65;65;65;65;65;65;65;65;228;228;228;228;228;228;228;228;228;228;228;228;NA;NA;NA;NA;NA;NA;NA;NA;NA;NA;NA;63;224
2021-10-27;"0-60";11;11;11;11;11;11;11;11;11;11;11;11;85;85;85;85;85;85;85;85;85;85;85;85;1;1;1;1;1;1;1;1;1;1;1;11;83
2021-10-27;"60+";26;26;26;26;26;26;26;26;26;26;26;26;115;115;115;115;115;115;115;115;115;115;115;115;1;1;1;1;1;1;1;1;1;1;1;26;115
2021-10-27;"alle";37;37;37;37;37;37;37;37;37;37;37;37;200;200;200;200;200;200;200;200;200;200;200;200;NA;NA;NA;NA;NA;NA;NA;NA;NA;NA;NA;37;198
2021-10-26;"0-60";17;17;17;17;17;17;17;17;17;17;17;17;89;89;89;89;89;89;89;89;89;89;89;89;1;1;1;1;1;1;1;1;1;1;1;16;87
2021-10-26;"60+";18;18;18;18;18;18;18;18;18;18;18;18;116;116;116;116;116;116;116;116;116;116;116;116;1;1;1;1;1;1;1;1;1;1;1;18;115
2021-10-26;"alle";35;35;35;35;35;35;35;35;35;35;35;35;205;205;205;205;205;205;205;205;205;205;205;205;NA;NA;NA;NA;NA;NA;NA;NA;NA;NA;NA;34;202
2021-10-25;"0-60";3;3;3;3;3;3;3;3;3;3;3;3;86;86;86;86;86;86;86;86;86;86;86;86;1;1;1;1;1;1;1;1;1;1;1;3;85
2021-10-25;"60+";4;4;4;4;4;4;4;4;4;4;4;4;119;119;119;119;119;119;119;119;119;119;119;119;1;1;1;1;1;1;1;1;1;1;1;4;118
2021-10-25;"alle";7;7;7;7;7;7;7;7;7;7;7;7;205;205;205;205;205;205;205;205;205;205;205;205;NA;NA;NA;NA;NA;NA;NA;NA;NA;NA;NA;7;203
2021-10-24;"0-60";8;8;8;8;8;8;8;8;8;8;8;8;90;90;90;90;90;90;90;90;90;90;90;90;1;1;1;1;1;1;1;1;1;1;1;7;89
2021-10-24;"60+";16;16;16;16;16;16;16;16;16;16;16;16;121;121;121;121;121;121;121;121;121;121;121;121;1;1;1;1;1;1;1;1;1;1;1;16;120
2021-10-24;"alle";24;24;24;24;24;24;24;24;24;24;24;24;211;211;211;211;211;211;211;211;211;211;211;211;NA;NA;NA;NA;NA;NA;NA;NA;NA;NA;NA;23;209
2021-10-23;"0-60";9;9;9;9;9;9;9;9;9;9;9;9;90;90;90;90;90;90;90;90;90;90;90;90;1;1;1;1;1;1;1;1;1;1;1;9;90
2021-10-23;"60+";18;18;18;18;18;18;18;18;18;18;18;18;113;113;113;113;113;113;113;113;113;113;113;113;1;1;1;1;1;1;1;1;1;1;1;18;112
2021-10-23;"alle";27;27;27;27;27;27;27;27;27;27;27;27;203;203;203;203;203;203;203;203;203;203;203;203;NA;NA;NA;NA;NA;NA;NA;NA;NA;NA;NA;27;202
2021-10-22;"0-60";14;14;14;14;14;14;14;14;14;14;14;14;98;98;98;98;98;98;98;98;98;98;98;98;1;1;1;1;1;1;1;1;1;1;1;14;98
2021-10-22;"60+";19;19;19;19;19;19;19;19;19;19;19;19;105;105;105;105;105;105;105;105;105;105;105;105;1;1;1;1;1;1;1;1;1;1;1;19;104
2021-10-22;"alle";33;33;33;33;33;33;33;33;33;33;33;33;203;203;203;203;203;203;203;203;203;203;203;203;NA;NA;NA;NA;NA;NA;NA;NA;NA;NA;NA;33;202
2021-10-21;"0-60";23;23;23;23;23;23;23;23;23;23;23;23;104;104;104;104;104;104;104;104;104;104;104;104;1;1;1;1;1;1;1;1;1;1;1;23;104
2021-10-21;"60+";14;14;14;14;14;14;14;14;14;14;14;14;102;102;102;102;102;102;102;102;102;102;102;102;1;1;1;1;1;1;1;1;1;1;1;14;100
2021-10-21;"alle";37;37;37;37;37;37;37;37;37;37;37;37;206;206;206;206;206;206;206;206;206;206;206;206;NA;NA;NA;NA;NA;NA;NA;NA;NA;NA;NA;37;205
2021-10-20;"0-60";15;15;15;15;15;15;15;15;15;15;15;15;94;94;94;94;94;94;94;94;94;94;94;94;1;1;1;1;1;1;1;1;1;1;1;15;94
2021-10-20;"60+";27;27;27;27;27;27;27;27;27;27;27;27;98;98;98;98;98;98;98;98;98;98;98;98;1;1;1;1;1;1;1;1;1;1;1;26;96
2021-10-20;"alle";42;42;42;42;42;42;42;42;42;42;42;42;192;192;192;192;192;192;192;192;192;192;192;192;NA;NA;NA;NA;NA;NA;NA;NA;NA;NA;NA;41;191
2021-10-19;"0-60";14;14;14;14;14;14;14;14;14;14;14;14;93;93;93;93;93;93;93;93;93;93;93;93;1;1;1;1;1;1;1;1;1;1;1;14;93
2021-10-19;"60+";21;21;21;21;21;21;21;21;21;21;21;21;88;88;88;88;88;88;88;88;88;88;88;88;1;1;1;1;1;1;1;1;1;1;1;21;86
2021-10-19;"alle";35;35;35;35;35;35;35;35;35;35;35;35;181;181;181;181;181;181;181;181;181;181;181;181;NA;NA;NA;NA;NA;NA;NA;NA;NA;NA;NA;35;181
2021-10-18;"0-60";7;7;7;7;7;7;7;7;7;7;7;7;92;92;92;92;92;92;92;92;92;92;92;92;1;1;1;1;1;1;1;1;1;1;1;7;92
2021-10-18;"60+";6;6;6;6;6;6;6;6;6;6;6;6;82;82;82;82;82;82;82;82;82;82;82;82;1;1;1;1;1;1;1;1;1;1;1;6;80
2021-10-18;"alle";13;13;13;13;13;13;13;13;13;13;13;13;174;174;174;174;174;174;174;174;174;174;174;174;NA;NA;NA;NA;NA;NA;NA;NA;NA;NA;NA;13;174
2021-10-17;"0-60";8;8;8;8;8;8;8;8;8;8;8;8;89;89;89;89;89;89;89;89;89;89;89;89;1;1;1;1;1;1;1;1;1;1;1;8;89
2021-10-17;"60+";8;8;8;8;8;8;8;8;8;8;8;8;86;86;86;86;86;86;86;86;86;86;86;86;1;1;1;1;1;1;1;1;1;1;1;8;84
2021-10-17;"alle";16;16;16;16;16;16;16;16;16;16;16;16;175;175;175;175;175;175;175;175;175;175;175;175;NA;NA;NA;NA;NA;NA;NA;NA;NA;NA;NA;16;175
2021-10-16;"0-60";17;17;17;17;17;17;17;17;17;17;17;17;87;87;87;87;87;87;87;87;87;87;87;87;1;1;1;1;1;1;1;1;1;1;1;17;87
2021-10-16;"60+";10;10;10;10;10;10;10;10;10;10;10;10;90;90;90;90;90;90;90;90;90;90;90;90;1;1;1;1;1;1;1;1;1;1;1;10;88
2021-10-16;"alle";27;27;27;27;27;27;27;27;27;27;27;27;177;177;177;177;177;177;177;177;177;177;177;177;NA;NA;NA;NA;NA;NA;NA;NA;NA;NA;NA;27;177
2021-10-15;"0-60";20;20;20;20;20;20;20;20;20;20;20;20;84;84;84;84;84;84;84;84;84;84;84;84;1;1;1;1;1;1;1;1;1;1;1;20;84
2021-10-15;"60+";16;16;16;16;16;16;16;16;16;16;16;16;91;91;91;91;91;91;91;91;91;91;91;91;1;1;1;1;1;1;1;1;1;1;1;15;89
2021-10-15;"alle";36;36;36;36;36;36;36;36;36;36;36;36;175;175;175;175;175;175;175;175;175;175;175;175;NA;NA;NA;NA;NA;NA;NA;NA;NA;NA;NA;36;175
2021-10-14;"0-60";13;13;13;13;13;13;13;13;13;13;13;13;75;75;75;75;75;75;75;75;75;75;75;75;1;1;1;1;1;1;1;1;1;1;1;13;75
2021-10-14;"60+";10;10;10;10;10;10;10;10;10;10;10;10;81;81;81;81;81;81;81;81;81;81;81;81;1;1;1;1;1;1;1;1;1;1;1;10;80
2021-10-14;"alle";23;23;23;23;23;23;23;23;23;23;23;23;156;156;156;156;156;156;156;156;156;156;156;156;NA;NA;NA;NA;NA;NA;NA;NA;NA;NA;NA;23;156
2021-10-13;"0-60";14;14;14;14;14;14;14;14;14;14;14;14;72;72;72;72;72;72;72;72;72;72;72;72;1;1;1;1;1;1;1;1;1;1;1;14;72
2021-10-13;"60+";17;17;17;17;17;17;17;17;17;17;17;17;88;88;88;88;88;88;88;88;88;88;88;88;1;1;1;1;1;1;1;1;1;1;1;16;87
2021-10-13;"alle";31;31;31;31;31;31;31;31;31;31;31;31;160;160;160;160;160;160;160;160;160;160;160;160;NA;NA;NA;NA;NA;NA;NA;NA;NA;NA;NA;31;160
2021-10-12;"0-60";13;13;13;13;13;13;13;13;13;13;13;13;68;68;68;68;68;68;68;68;68;68;68;68;1;1;1;1;1;1;1;1;1;1;1;13;68
2021-10-12;"60+";15;15;15;15;15;15;15;15;15;15;15;15;81;81;81;81;81;81;81;81;81;81;81;81;1;1;1;1;1;1;1;1;1;1;1;15;81
2021-10-12;"alle";28;28;28;28;28;28;28;28;28;28;28;28;149;149;149;149;149;149;149;149;149;149;149;149;NA;NA;NA;NA;NA;NA;NA;NA;NA;NA;NA;28;149
2021-10-11;"0-60";4;4;4;4;4;4;4;4;4;4;4;4;67;67;67;67;67;67;67;67;67;67;67;67;1;1;1;1;1;1;1;1;1;1;1;4;67
2021-10-11;"60+";10;10;10;10;10;10;10;10;10;10;10;10;77;77;77;77;77;77;77;77;77;77;77;77;1;1;1;1;1;1;1;1;1;1;1;10;77
2021-10-11;"alle";14;14;14;14;14;14;14;14;14;14;14;14;144;144;144;144;144;144;144;144;144;144;144;144;NA;NA;NA;NA;NA;NA;NA;NA;NA;NA;NA;14;144
2021-10-10;"0-60";6;6;6;6;6;6;6;6;6;6;6;6;68;68;68;68;68;68;68;68;68;68;68;68;1;1;1;1;1;1;1;1;1;1;1;6;68
2021-10-10;"60+";12;12;12;12;12;12;12;12;12;12;12;12;71;71;71;71;71;71;71;71;71;71;71;71;1;1;1;1;1;1;1;1;1;1;1;12;71
2021-10-10;"alle";18;18;18;18;18;18;18;18;18;18;18;18;139;139;139;139;139;139;139;139;139;139;139;139;NA;NA;NA;NA;NA;NA;NA;NA;NA;NA;NA;18;139
2021-10-09;"0-60";14;14;14;14;14;14;14;14;14;14;14;14;74;74;74;74;74;74;74;74;74;74;74;74;1;1;1;1;1;1;1;1;1;1;1;14;74
2021-10-09;"60+";11;11;11;11;11;11;11;11;11;11;11;11;64;64;64;64;64;64;64;64;64;64;64;64;1;1;1;1;1;1;1;1;1;1;1;11;64
2021-10-09;"alle";25;25;25;25;25;25;25;25;25;25;25;25;138;138;138;138;138;138;138;138;138;138;138;138;NA;NA;NA;NA;NA;NA;NA;NA;NA;NA;NA;25;138
2021-10-08;"0-60";11;11;11;11;11;11;11;11;11;11;11;11;72;72;72;72;72;72;72;72;72;72;72;72;1;1;1;1;1;1;1;1;1;1;1;11;71
2021-10-08;"60+";6;6;6;6;6;6;6;6;6;6;6;6;59;59;59;59;59;59;59;59;59;59;59;59;1;1;1;1;1;1;1;1;1;1;1;6;59
2021-10-08;"alle";17;17;17;17;17;17;17;17;17;17;17;17;131;131;131;131;131;131;131;131;131;131;131;131;NA;NA;NA;NA;NA;NA;NA;NA;NA;NA;NA;17;130
2021-10-07;"0-60";10;10;10;10;10;10;10;10;10;10;10;10;72;72;72;72;72;72;72;72;72;72;72;72;1;1;1;1;1;1;1;1;1;1;1;10;71
2021-10-07;"60+";17;17;17;17;17;17;17;17;17;17;17;17;64;64;64;64;64;64;64;64;64;64;64;64;1;1;1;1;1;1;1;1;1;1;1;17;64
2021-10-07;"alle";27;27;27;27;27;27;27;27;27;27;27;27;136;136;136;136;136;136;136;136;136;136;136;136;NA;NA;NA;NA;NA;NA;NA;NA;NA;NA;NA;27;135
2021-10-06;"0-60";10;10;10;10;10;10;10;10;10;10;10;10;78;78;78;78;78;78;78;78;78;78;78;78;1;1;1;1;1;1;1;1;1;1;1;10;77
2021-10-06;"60+";10;10;10;10;10;10;10;10;10;10;10;10;60;60;60;60;60;60;60;60;60;60;60;60;1;1;1;1;1;1;1;1;1;1;1;10;60
2021-10-06;"alle";20;20;20;20;20;20;20;20;20;20;20;20;138;138;138;138;138;138;138;138;138;138;138;138;NA;NA;NA;NA;NA;NA;NA;NA;NA;NA;NA;20;137
2021-10-05;"0-60";12;12;12;12;12;12;12;12;12;12;12;12;93;93;93;93;93;93;93;93;93;93;93;93;1;1;1;1;1;1;1;1;1;1;1;12;92
2021-10-05;"60+";11;11;11;11;11;11;11;11;11;11;11;11;60;60;60;60;60;60;60;60;60;60;60;60;1;1;1;1;1;1;1;1;1;1;1;11;60
2021-10-05;"alle";23;23;23;23;23;23;23;23;23;23;23;23;153;153;153;153;153;153;153;153;153;153;153;153;NA;NA;NA;NA;NA;NA;NA;NA;NA;NA;NA;23;152
2021-10-04;"0-60";5;5;5;5;5;5;5;5;5;5;5;5;96;96;96;96;96;96;96;96;96;96;96;96;1;1;1;1;1;1;1;1;1;1;1;5;95
2021-10-04;"60+";4;4;4;4;4;4;4;4;4;4;4;4;60;60;60;60;60;60;60;60;60;60;60;60;1;1;1;1;1;1;1;1;1;1;1;4;60
2021-10-04;"alle";9;9;9;9;9;9;9;9;9;9;9;9;156;156;156;156;156;156;156;156;156;156;156;156;NA;NA;NA;NA;NA;NA;NA;NA;NA;NA;NA;9;155
2021-10-03;"0-60";12;12;12;12;12;12;12;12;12;12;12;12;98;98;98;98;98;98;98;98;98;98;98;98;1;1;1;1;1;1;1;1;1;1;1;12;97
2021-10-03;"60+";5;5;5;5;5;5;5;5;5;5;5;5;58;58;58;58;58;58;58;58;58;58;58;58;1;1;1;1;1;1;1;1;1;1;1;5;58
2021-10-03;"alle";17;17;17;17;17;17;17;17;17;17;17;17;156;156;156;156;156;156;156;156;156;156;156;156;NA;NA;NA;NA;NA;NA;NA;NA;NA;NA;NA;17;155
2021-10-02;"0-60";12;12;12;12;12;12;12;12;12;12;12;12;92;92;92;92;92;92;92;92;92;92;92;92;1;1;1;1;1;1;1;1;1;1;1;11;91
2021-10-02;"60+";6;6;6;6;6;6;6;6;6;6;6;6;62;62;62;62;62;62;62;62;62;62;62;62;1;1;1;1;1;1;1;1;1;1;1;6;61
2021-10-02;"alle";18;18;18;18;18;18;18;18;18;18;18;18;154;154;154;154;154;154;154;154;154;154;154;154;NA;NA;NA;NA;NA;NA;NA;NA;NA;NA;NA;17;152
2021-10-01;"0-60";11;11;11;11;11;11;11;11;11;11;11;11;94;94;94;94;94;94;94;94;94;94;94;94;1;1;1;1;1;1;1;1;1;1;1;11;94
2021-10-01;"60+";11;11;11;11;11;11;11;11;11;11;11;11;68;68;68;68;68;68;68;68;68;68;68;68;1;1;1;1;1;1;1;1;1;1;1;11;67
2021-10-01;"alle";22;22;22;22;22;22;22;22;22;22;22;22;162;162;162;162;162;162;162;162;162;162;162;162;NA;NA;NA;NA;NA;NA;NA;NA;NA;NA;NA;22;161
2021-09-30;"0-60";16;16;16;16;16;16;16;16;16;16;16;16;104;104;104;104;104;104;104;104;104;104;104;104;1;1;1;1;1;1;1;1;1;1;1;16;104
2021-09-30;"60+";13;13;13;13;13;13;13;13;13;13;13;13;68;68;68;68;68;68;68;68;68;68;68;68;1;1;1;1;1;1;1;1;1;1;1;13;67
2021-09-30;"alle";29;29;29;29;29;29;29;29;29;29;29;29;172;172;172;172;172;172;172;172;172;172;172;172;NA;NA;NA;NA;NA;NA;NA;NA;NA;NA;NA;29;171
2021-09-29;"0-60";25;25;25;25;25;25;25;25;25;25;25;25;98;98;98;98;98;98;98;98;98;98;98;98;1;1;1;1;1;1;1;1;1;1;1;25;98
2021-09-29;"60+";10;10;10;10;10;10;10;10;10;10;10;10;70;70;70;70;70;70;70;70;70;70;70;70;1;1;1;1;1;1;1;1;1;1;1;10;68
2021-09-29;"alle";35;35;35;35;35;35;35;35;35;35;35;35;168;168;168;168;168;168;168;168;168;168;168;168;NA;NA;NA;NA;NA;NA;NA;NA;NA;NA;NA;35;166
2021-09-28;"0-60";15;15;15;15;15;15;15;15;15;15;15;15;87;87;87;87;87;87;87;87;87;87;87;87;1;1;1;1;1;1;1;1;1;1;1;15;87
2021-09-28;"60+";11;11;11;11;11;11;11;11;11;11;11;11;79;79;79;79;79;79;79;79;79;79;79;79;1;1;1;1;1;1;1;1;1;1;1;11;77
2021-09-28;"alle";26;26;26;26;26;26;26;26;26;26;26;26;166;166;166;166;166;166;166;166;166;166;166;166;NA;NA;NA;NA;NA;NA;NA;NA;NA;NA;NA;26;164
2021-09-27;"0-60";7;7;7;7;7;7;7;7;7;7;7;7;83;83;83;83;83;83;83;83;83;83;83;83;1;1;1;1;1;1;1;1;1;1;1;7;83
2021-09-27;"60+";2;2;2;2;2;2;2;2;2;2;2;2;78;78;78;78;78;78;78;78;78;78;78;78;1;1;1;1;1;1;1;1;1;1;1;2;76
2021-09-27;"alle";9;9;9;9;9;9;9;9;9;9;9;9;161;161;161;161;161;161;161;161;161;161;161;161;NA;NA;NA;NA;NA;NA;NA;NA;NA;NA;NA;9;159
2021-09-26;"0-60";6;6;6;6;6;6;6;6;6;6;6;6;83;83;83;83;83;83;83;83;83;83;83;83;1;1;1;1;1;1;1;1;1;1;1;6;83
2021-09-26;"60+";9;9;9;9;9;9;9;9;9;9;9;9;78;78;78;78;78;78;78;78;78;78;78;78;1;1;1;1;1;1;1;1;1;1;1;8;76
2021-09-26;"alle";15;15;15;15;15;15;15;15;15;15;15;15;161;161;161;161;161;161;161;161;161;161;161;161;NA;NA;NA;NA;NA;NA;NA;NA;NA;NA;NA;14;159
2021-09-25;"0-60";14;14;14;14;14;14;14;14;14;14;14;14;88;88;88;88;88;88;88;88;88;88;88;88;1;1;1;1;1;1;1;1;1;1;1;14;88
2021-09-25;"60+";12;12;12;12;12;12;12;12;12;12;12;12;76;76;76;76;76;76;76;76;76;76;76;76;1;1;1;1;1;1;1;1;1;1;1;12;75
2021-09-25;"alle";26;26;26;26;26;26;26;26;26;26;26;26;164;164;164;164;164;164;164;164;164;164;164;164;NA;NA;NA;NA;NA;NA;NA;NA;NA;NA;NA;26;163
2021-09-24;"0-60";21;21;21;21;21;21;21;21;21;21;21;21;98;98;98;98;98;98;98;98;98;98;98;98;1;1;1;1;1;1;1;1;1;1;1;21;97
2021-09-24;"60+";11;11;11;11;11;11;11;11;11;11;11;11;79;79;79;79;79;79;79;79;79;79;79;79;1;1;1;1;1;1;1;1;1;1;1;11;78
2021-09-24;"alle";32;32;32;32;32;32;32;32;32;32;32;32;177;177;177;177;177;177;177;177;177;177;177;177;NA;NA;NA;NA;NA;NA;NA;NA;NA;NA;NA;32;175
2021-09-23;"0-60";10;10;10;10;10;10;10;10;10;10;10;10;96;96;96;96;96;96;96;96;96;96;96;96;1;1;1;1;1;1;1;1;1;1;1;10;95
2021-09-23;"60+";15;15;15;15;15;15;15;15;15;15;15;15;78;78;78;78;78;78;78;78;78;78;78;78;1;1;1;1;1;1;1;1;1;1;1;14;77
2021-09-23;"alle";25;25;25;25;25;25;25;25;25;25;25;25;174;174;174;174;174;174;174;174;174;174;174;174;NA;NA;NA;NA;NA;NA;NA;NA;NA;NA;NA;24;172
2021-09-22;"0-60";14;14;14;14;14;14;14;14;14;14;14;14;106;106;106;106;106;106;106;106;106;106;106;106;1;1;1;1;1;1;1;1;1;1;1;14;105
2021-09-22;"60+";19;19;19;19;19;19;19;19;19;19;19;19;75;75;75;75;75;75;75;75;75;75;75;75;1;1;1;1;1;1;1;1;1;1;1;19;75
2021-09-22;"alle";33;33;33;33;33;33;33;33;33;33;33;33;181;181;181;181;181;181;181;181;181;181;181;181;NA;NA;NA;NA;NA;NA;NA;NA;NA;NA;NA;33;180
2021-09-21;"0-60";11;11;11;11;11;11;11;11;11;11;11;11;116;116;116;116;116;116;116;116;116;116;116;116;1;1;1;1;1;1;1;1;1;1;1;11;115
2021-09-21;"60+";10;10;10;10;10;10;10;10;10;10;10;10;66;66;66;66;66;66;66;66;66;66;66;66;1;1;1;1;1;1;1;1;1;1;1;10;66
2021-09-21;"alle";21;21;21;21;21;21;21;21;21;21;21;21;182;182;182;182;182;182;182;182;182;182;182;182;NA;NA;NA;NA;NA;NA;NA;NA;NA;NA;NA;21;181
2021-09-20;"0-60";7;7;7;7;7;7;7;7;7;7;7;7;127;127;127;127;127;127;127;127;127;127;127;127;1;1;1;1;1;1;1;1;1;1;1;7;126
2021-09-20;"60+";2;2;2;2;2;2;2;2;2;2;2;2;79;79;79;79;79;79;79;79;79;79;79;79;1;1;1;1;1;1;1;1;1;1;1;2;79
2021-09-20;"alle";9;9;9;9;9;9;9;9;9;9;9;9;206;206;206;206;206;206;206;206;206;206;206;206;NA;NA;NA;NA;NA;NA;NA;NA;NA;NA;NA;9;205
2021-09-19;"0-60";11;11;11;11;11;11;11;11;11;11;11;11;132;132;132;132;132;132;132;132;132;132;132;132;1;1;1;1;1;1;1;1;1;1;1;11;131
2021-09-19;"60+";7;7;7;7;7;7;7;7;7;7;7;7;82;82;82;82;82;82;82;82;82;82;82;82;1;1;1;1;1;1;1;1;1;1;1;7;82
2021-09-19;"alle";18;18;18;18;18;18;18;18;18;18;18;18;214;214;214;214;214;214;214;214;214;214;214;214;NA;NA;NA;NA;NA;NA;NA;NA;NA;NA;NA;18;213
2021-09-18;"0-60";24;24;24;24;24;24;24;24;24;24;24;24;130;130;130;130;130;130;130;130;130;130;130;130;1;1;1;1;1;1;1;1;1;1;1;23;129
2021-09-18;"60+";15;15;15;15;15;15;15;15;15;15;15;15;82;82;82;82;82;82;82;82;82;82;82;82;1;1;1;1;1;1;1;1;1;1;1;15;82
2021-09-18;"alle";39;39;39;39;39;39;39;39;39;39;39;39;212;212;212;212;212;212;212;212;212;212;212;212;NA;NA;NA;NA;NA;NA;NA;NA;NA;NA;NA;38;211
2021-09-17;"0-60";19;19;19;19;19;19;19;19;19;19;19;19;140;140;140;140;140;140;140;140;140;140;140;140;1;1;1;1;1;1;1;1;1;1;1;19;140
2021-09-17;"60+";10;10;10;10;10;10;10;10;10;10;10;10;87;87;87;87;87;87;87;87;87;87;87;87;1;1;1;1;1;1;1;1;1;1;1;10;87
2021-09-17;"alle";29;29;29;29;29;29;29;29;29;29;29;29;227;227;227;227;227;227;227;227;227;227;227;227;NA;NA;NA;NA;NA;NA;NA;NA;NA;NA;NA;29;227
2021-09-16;"0-60";20;20;20;20;20;20;20;20;20;20;20;20;151;151;151;151;151;151;151;151;151;151;151;151;1;1;1;1;1;1;1;1;1;1;1;20;149
2021-09-16;"60+";12;12;12;12;12;12;12;12;12;12;12;12;99;99;99;99;99;99;99;99;99;99;99;99;1;1;1;1;1;1;1;1;1;1;1;12;99
2021-09-16;"alle";32;32;32;32;32;32;32;32;32;32;32;32;250;250;250;250;250;250;250;250;250;250;250;250;NA;NA;NA;NA;NA;NA;NA;NA;NA;NA;NA;32;248
2021-09-15;"0-60";24;24;24;24;24;24;24;24;24;24;24;24;156;156;156;156;156;156;156;156;156;156;156;156;1;1;1;1;1;1;1;1;1;1;1;24;154
2021-09-15;"60+";10;10;10;10;10;10;10;10;10;10;10;10;99;99;99;99;99;99;99;99;99;99;99;99;1;1;1;1;1;1;1;1;1;1;1;10;99
2021-09-15;"alle";34;34;34;34;34;34;34;34;34;34;34;34;255;255;255;255;255;255;255;255;255;255;255;255;NA;NA;NA;NA;NA;NA;NA;NA;NA;NA;NA;34;253
2021-09-14;"0-60";22;22;22;22;22;22;22;22;22;22;22;22;167;167;167;167;167;167;167;167;167;167;167;167;1;1;1;1;1;1;1;1;1;1;1;22;165
2021-09-14;"60+";23;23;23;23;23;23;23;23;23;23;23;23;113;113;113;113;113;113;113;113;113;113;113;113;1;1;1;1;1;1;1;1;1;1;1;23;113
2021-09-14;"alle";45;45;45;45;45;45;45;45;45;45;45;45;280;280;280;280;280;280;280;280;280;280;280;280;NA;NA;NA;NA;NA;NA;NA;NA;NA;NA;NA;45;278
2021-09-13;"0-60";12;12;12;12;12;12;12;12;12;12;12;12;173;173;173;173;173;173;173;173;173;173;173;173;1;1;1;1;1;1;1;1;1;1;1;12;171
2021-09-13;"60+";5;5;5;5;5;5;5;5;5;5;5;5;105;105;105;105;105;105;105;105;105;105;105;105;1;1;1;1;1;1;1;1;1;1;1;5;105
2021-09-13;"alle";17;17;17;17;17;17;17;17;17;17;17;17;278;278;278;278;278;278;278;278;278;278;278;278;NA;NA;NA;NA;NA;NA;NA;NA;NA;NA;NA;17;276
2021-09-12;"0-60";9;9;9;9;9;9;9;9;9;9;9;9;169;169;169;169;169;169;169;169;169;169;169;169;1;1;1;1;1;1;1;1;1;1;1;9;167
2021-09-12;"60+";7;7;7;7;7;7;7;7;7;7;7;7;104;104;104;104;104;104;104;104;104;104;104;104;1;1;1;1;1;1;1;1;1;1;1;7;104
2021-09-12;"alle";16;16;16;16;16;16;16;16;16;16;16;16;273;273;273;273;273;273;273;273;273;273;273;273;NA;NA;NA;NA;NA;NA;NA;NA;NA;NA;NA;16;271
2021-09-11;"0-60";34;34;34;34;34;34;34;34;34;34;34;34;178;178;178;178;178;178;178;178;178;178;178;178;1;1;1;1;1;1;1;1;1;1;1;34;176
2021-09-11;"60+";20;20;20;20;20;20;20;20;20;20;20;20;101;101;101;101;101;101;101;101;101;101;101;101;1;1;1;1;1;1;1;1;1;1;1;20;101
2021-09-11;"alle";54;54;54;54;54;54;54;54;54;54;54;54;279;279;279;279;279;279;279;279;279;279;279;279;NA;NA;NA;NA;NA;NA;NA;NA;NA;NA;NA;54;277
2021-09-10;"0-60";30;30;30;30;30;30;30;30;30;30;30;30;169;169;169;169;169;169;169;169;169;169;169;169;1;1;1;1;1;1;1;1;1;1;1;28;167
2021-09-10;"60+";22;22;22;22;22;22;22;22;22;22;22;22;94;94;94;94;94;94;94;94;94;94;94;94;1;1;1;1;1;1;1;1;1;1;1;22;94
2021-09-10;"alle";52;52;52;52;52;52;52;52;52;52;52;52;263;263;263;263;263;263;263;263;263;263;263;263;NA;NA;NA;NA;NA;NA;NA;NA;NA;NA;NA;50;261
2021-09-09;"0-60";25;25;25;25;25;25;25;25;25;25;25;25;178;178;178;178;178;178;178;178;178;178;178;178;1;1;1;1;1;1;1;1;1;1;1;25;178
2021-09-09;"60+";12;12;12;12;12;12;12;12;12;12;12;12;82;82;82;82;82;82;82;82;82;82;82;82;1;1;1;1;1;1;1;1;1;1;1;12;82
2021-09-09;"alle";37;37;37;37;37;37;37;37;37;37;37;37;260;260;260;260;260;260;260;260;260;260;260;260;NA;NA;NA;NA;NA;NA;NA;NA;NA;NA;NA;37;260
2021-09-08;"0-60";35;35;35;35;35;35;35;35;35;35;35;35;184;184;184;184;184;184;184;184;184;184;184;184;1;1;1;1;1;1;1;1;1;1;1;35;184
2021-09-08;"60+";24;24;24;24;24;24;24;24;24;24;24;24;90;90;90;90;90;90;90;90;90;90;90;90;1;1;1;1;1;1;1;1;1;1;1;24;90
2021-09-08;"alle";59;59;59;59;59;59;59;59;59;59;59;59;274;274;274;274;274;274;274;274;274;274;274;274;NA;NA;NA;NA;NA;NA;NA;NA;NA;NA;NA;59;274
2021-09-07;"0-60";28;28;28;28;28;28;28;28;28;28;28;28;178;178;178;178;178;178;178;178;178;178;178;178;1;1;1;1;1;1;1;1;1;1;1;28;176
2021-09-07;"60+";15;15;15;15;15;15;15;15;15;15;15;15;93;93;93;93;93;93;93;93;93;93;93;93;1;1;1;1;1;1;1;1;1;1;1;15;93
2021-09-07;"alle";43;43;43;43;43;43;43;43;43;43;43;43;271;271;271;271;271;271;271;271;271;271;271;271;NA;NA;NA;NA;NA;NA;NA;NA;NA;NA;NA;43;269
2021-09-06;"0-60";8;8;8;8;8;8;8;8;8;8;8;8;174;174;174;174;174;174;174;174;174;174;174;174;1;1;1;1;1;1;1;1;1;1;1;8;171
2021-09-06;"60+";4;4;4;4;4;4;4;4;4;4;4;4;86;86;86;86;86;86;86;86;86;86;86;86;1;1;1;1;1;1;1;1;1;1;1;4;85
2021-09-06;"alle";12;12;12;12;12;12;12;12;12;12;12;12;260;260;260;260;260;260;260;260;260;260;260;260;NA;NA;NA;NA;NA;NA;NA;NA;NA;NA;NA;12;256
2021-09-05;"0-60";18;18;18;18;18;18;18;18;18;18;18;18;176;176;176;176;176;176;176;176;176;176;176;176;1;1;1;1;1;1;1;1;1;1;1;18;173
2021-09-05;"60+";4;4;4;4;4;4;4;4;4;4;4;4;89;89;89;89;89;89;89;89;89;89;89;89;1;1;1;1;1;1;1;1;1;1;1;4;87
2021-09-05;"alle";22;22;22;22;22;22;22;22;22;22;22;22;265;265;265;265;265;265;265;265;265;265;265;265;NA;NA;NA;NA;NA;NA;NA;NA;NA;NA;NA;22;260
2021-09-04;"0-60";25;25;25;25;25;25;25;25;25;25;25;25;175;175;175;175;175;175;175;175;175;175;175;175;1;1;1;1;1;1;1;1;1;1;1;25;172
2021-09-04;"60+";13;13;13;13;13;13;13;13;13;13;13;13;92;92;92;92;92;92;92;92;92;92;92;92;1;1;1;1;1;1;1;1;1;1;1;13;90
2021-09-04;"alle";38;38;38;38;38;38;38;38;38;38;38;38;267;267;267;267;267;267;267;267;267;267;267;267;NA;NA;NA;NA;NA;NA;NA;NA;NA;NA;NA;38;262
2021-09-03;"0-60";39;39;39;39;39;39;39;39;39;39;39;39;171;171;171;171;171;171;171;171;171;171;171;171;1;1;1;1;1;1;1;1;1;1;1;39;167
2021-09-03;"60+";10;10;10;10;10;10;10;10;10;10;10;10;87;87;87;87;87;87;87;87;87;87;87;87;1;1;1;1;1;1;1;1;1;1;1;10;85
2021-09-03;"alle";49;49;49;49;49;49;49;49;49;49;49;49;258;258;258;258;258;258;258;258;258;258;258;258;NA;NA;NA;NA;NA;NA;NA;NA;NA;NA;NA;49;252
2021-09-02;"0-60";31;31;31;31;31;31;31;31;31;31;31;31;154;154;154;154;154;154;154;154;154;154;154;154;1;1;1;1;1;1;1;1;1;1;1;31;148
2021-09-02;"60+";20;20;20;20;20;20;20;20;20;20;20;20;90;90;90;90;90;90;90;90;90;90;90;90;1;1;1;1;1;1;1;1;1;1;1;20;88
2021-09-02;"alle";51;51;51;51;51;51;51;51;51;51;51;51;244;244;244;244;244;244;244;244;244;244;244;244;NA;NA;NA;NA;NA;NA;NA;NA;NA;NA;NA;51;236
2021-09-01;"0-60";29;29;29;29;29;29;29;29;29;29;29;29;158;158;158;158;158;158;158;158;158;158;158;158;1;1;1;1;1;1;1;1;1;1;1;27;151
2021-09-01;"60+";27;27;27;27;27;27;27;27;27;27;27;27;83;83;83;83;83;83;83;83;83;83;83;83;1;1;1;1;1;1;1;1;1;1;1;27;81
2021-09-01;"alle";56;56;56;56;56;56;56;56;56;56;56;56;241;241;241;241;241;241;241;241;241;241;241;241;NA;NA;NA;NA;NA;NA;NA;NA;NA;NA;NA;54;232
2021-08-31;"0-60";24;24;24;24;24;24;24;24;24;24;24;24;149;149;149;149;149;149;149;149;149;149;149;149;1;1;1;1;1;1;1;1;1;1;1;23;143
2021-08-31;"60+";8;8;8;8;8;8;8;8;8;8;8;8;68;68;68;68;68;68;68;68;68;68;68;68;1;1;1;1;1;1;1;1;1;1;1;7;66
2021-08-31;"alle";32;32;32;32;32;32;32;32;32;32;32;32;217;217;217;217;217;217;217;217;217;217;217;217;NA;NA;NA;NA;NA;NA;NA;NA;NA;NA;NA;30;209
2021-08-30;"0-60";10;10;10;10;10;10;10;10;10;10;10;10;147;147;147;147;147;147;147;147;147;147;147;147;1;1;1;1;1;1;1;1;1;1;1;10;141
2021-08-30;"60+";7;7;7;7;7;7;7;7;7;7;7;7;69;69;69;69;69;69;69;69;69;69;69;69;1;1;1;1;1;1;1;1;1;1;1;6;68
2021-08-30;"alle";17;17;17;17;17;17;17;17;17;17;17;17;216;216;216;216;216;216;216;216;216;216;216;216;NA;NA;NA;NA;NA;NA;NA;NA;NA;NA;NA;16;209
2021-08-29;"0-60";17;17;17;17;17;17;17;17;17;17;17;17;140;140;140;140;140;140;140;140;140;140;140;140;1;1;1;1;1;1;1;1;1;1;1;17;134
2021-08-29;"60+";7;7;7;7;7;7;7;7;7;7;7;7;67;67;67;67;67;67;67;67;67;67;67;67;1;1;1;1;1;1;1;1;1;1;1;7;67
2021-08-29;"alle";24;24;24;24;24;24;24;24;24;24;24;24;207;207;207;207;207;207;207;207;207;207;207;207;NA;NA;NA;NA;NA;NA;NA;NA;NA;NA;NA;24;201
2021-08-28;"0-60";21;21;21;21;21;21;21;21;21;21;21;21;137;137;137;137;137;137;137;137;137;137;137;137;1;1;1;1;1;1;1;1;1;1;1;20;131
2021-08-28;"60+";8;8;8;8;8;8;8;8;8;8;8;8;65;65;65;65;65;65;65;65;65;65;65;65;1;1;1;1;1;1;1;1;1;1;1;8;64
2021-08-28;"alle";29;29;29;29;29;29;29;29;29;29;29;29;202;202;202;202;202;202;202;202;202;202;202;202;NA;NA;NA;NA;NA;NA;NA;NA;NA;NA;NA;28;195
2021-08-27;"0-60";22;22;22;22;22;22;22;22;22;22;22;22;138;138;138;138;138;138;138;138;138;138;138;138;1;1;1;1;1;1;1;1;1;1;1;20;133
2021-08-27;"60+";13;13;13;13;13;13;13;13;13;13;13;13;61;61;61;61;61;61;61;61;61;61;61;61;1;1;1;1;1;1;1;1;1;1;1;13;60
2021-08-27;"alle";35;35;35;35;35;35;35;35;35;35;35;35;199;199;199;199;199;199;199;199;199;199;199;199;NA;NA;NA;NA;NA;NA;NA;NA;NA;NA;NA;33;193
2021-08-26;"0-60";35;35;35;35;35;35;35;35;35;35;35;35;152;152;152;152;152;152;152;152;152;152;152;152;1;1;1;1;1;1;1;1;1;1;1;34;149
2021-08-26;"60+";13;13;13;13;13;13;13;13;13;13;13;13;56;56;56;56;56;56;56;56;56;56;56;56;1;1;1;1;1;1;1;1;1;1;1;13;55
2021-08-26;"alle";48;48;48;48;48;48;48;48;48;48;48;48;208;208;208;208;208;208;208;208;208;208;208;208;NA;NA;NA;NA;NA;NA;NA;NA;NA;NA;NA;47;204
2021-08-25;"0-60";20;20;20;20;20;20;20;20;20;20;20;20;139;139;139;139;139;139;139;139;139;139;139;139;1;1;1;1;1;1;1;1;1;1;1;19;137
2021-08-25;"60+";12;12;12;12;12;12;12;12;12;12;12;12;49;49;49;49;49;49;49;49;49;49;49;49;1;1;1;1;1;1;1;1;1;1;1;12;48
2021-08-25;"alle";32;32;32;32;32;32;32;32;32;32;32;32;188;188;188;188;188;188;188;188;188;188;188;188;NA;NA;NA;NA;NA;NA;NA;NA;NA;NA;NA;31;185
2021-08-24;"0-60";22;22;22;22;22;22;22;22;22;22;22;22;144;144;144;144;144;144;144;144;144;144;144;144;1;1;1;1;1;1;1;1;1;1;1;21;142
2021-08-24;"60+";9;9;9;9;9;9;9;9;9;9;9;9;48;48;48;48;48;48;48;48;48;48;48;48;1;1;1;1;1;1;1;1;1;1;1;9;46
2021-08-24;"alle";31;31;31;31;31;31;31;31;31;31;31;31;192;192;192;192;192;192;192;192;192;192;192;192;NA;NA;NA;NA;NA;NA;NA;NA;NA;NA;NA;30;188
2021-08-23;"0-60";3;3;3;3;3;3;3;3;3;3;3;3;137;137;137;137;137;137;137;137;137;137;137;137;1;1;1;1;1;1;1;1;1;1;1;3;136
2021-08-23;"60+";5;5;5;5;5;5;5;5;5;5;5;5;49;49;49;49;49;49;49;49;49;49;49;49;1;1;1;1;1;1;1;1;1;1;1;5;47
2021-08-23;"alle";8;8;8;8;8;8;8;8;8;8;8;8;186;186;186;186;186;186;186;186;186;186;186;186;NA;NA;NA;NA;NA;NA;NA;NA;NA;NA;NA;8;183
2021-08-22;"0-60";14;14;14;14;14;14;14;14;14;14;14;14;137;137;137;137;137;137;137;137;137;137;137;137;1;1;1;1;1;1;1;1;1;1;1;14;136
2021-08-22;"60+";5;5;5;5;5;5;5;5;5;5;5;5;46;46;46;46;46;46;46;46;46;46;46;46;1;1;1;1;1;1;1;1;1;1;1;4;44
2021-08-22;"alle";19;19;19;19;19;19;19;19;19;19;19;19;183;183;183;183;183;183;183;183;183;183;183;183;NA;NA;NA;NA;NA;NA;NA;NA;NA;NA;NA;18;180
2021-08-21;"0-60";22;22;22;22;22;22;22;22;22;22;22;22;131;131;131;131;131;131;131;131;131;131;131;131;1;1;1;1;1;1;1;1;1;1;1;22;128
2021-08-21;"60+";4;4;4;4;4;4;4;4;4;4;4;4;47;47;47;47;47;47;47;47;47;47;47;47;1;1;1;1;1;1;1;1;1;1;1;4;46
2021-08-21;"alle";26;26;26;26;26;26;26;26;26;26;26;26;178;178;178;178;178;178;178;178;178;178;178;178;NA;NA;NA;NA;NA;NA;NA;NA;NA;NA;NA;26;174
2021-08-20;"0-60";36;36;36;36;36;36;36;36;36;36;36;36;126;126;126;126;126;126;126;126;126;126;126;126;1;1;1;1;1;1;1;1;1;1;1;36;123
2021-08-20;"60+";8;8;8;8;8;8;8;8;8;8;8;8;46;46;46;46;46;46;46;46;46;46;46;46;1;1;1;1;1;1;1;1;1;1;1;8;45
2021-08-20;"alle";44;44;44;44;44;44;44;44;44;44;44;44;172;172;172;172;172;172;172;172;172;172;172;172;NA;NA;NA;NA;NA;NA;NA;NA;NA;NA;NA;44;168
2021-08-19;"0-60";22;22;22;22;22;22;22;22;22;22;22;22;100;100;100;100;100;100;100;100;100;100;100;100;1;1;1;1;1;1;1;1;1;1;1;22;97
2021-08-19;"60+";6;6;6;6;6;6;6;6;6;6;6;6;46;46;46;46;46;46;46;46;46;46;46;46;1;1;1;1;1;1;1;1;1;1;1;6;45
2021-08-19;"alle";28;28;28;28;28;28;28;28;28;28;28;28;146;146;146;146;146;146;146;146;146;146;146;146;NA;NA;NA;NA;NA;NA;NA;NA;NA;NA;NA;28;142
2021-08-18;"0-60";25;25;25;25;25;25;25;25;25;25;25;25;94;94;94;94;94;94;94;94;94;94;94;94;1;1;1;1;1;1;1;1;1;1;1;24;91
2021-08-18;"60+";11;11;11;11;11;11;11;11;11;11;11;11;43;43;43;43;43;43;43;43;43;43;43;43;1;1;1;1;1;1;1;1;1;1;1;10;42
2021-08-18;"alle";36;36;36;36;36;36;36;36;36;36;36;36;137;137;137;137;137;137;137;137;137;137;137;137;NA;NA;NA;NA;NA;NA;NA;NA;NA;NA;NA;34;133
2021-08-17;"0-60";15;15;15;15;15;15;15;15;15;15;15;15;80;80;80;80;80;80;80;80;80;80;80;80;1;1;1;1;1;1;1;1;1;1;1;15;78
2021-08-17;"60+";10;10;10;10;10;10;10;10;10;10;10;10;38;38;38;38;38;38;38;38;38;38;38;38;1;1;1;1;1;1;1;1;1;1;1;10;37
2021-08-17;"alle";25;25;25;25;25;25;25;25;25;25;25;25;118;118;118;118;118;118;118;118;118;118;118;118;NA;NA;NA;NA;NA;NA;NA;NA;NA;NA;NA;25;115
2021-08-16;"0-60";3;3;3;3;3;3;3;3;3;3;3;3;75;75;75;75;75;75;75;75;75;75;75;75;1;1;1;1;1;1;1;1;1;1;1;3;73
2021-08-16;"60+";2;2;2;2;2;2;2;2;2;2;2;2;32;32;32;32;32;32;32;32;32;32;32;32;1;1;1;1;1;1;1;1;1;1;1;2;31
2021-08-16;"alle";5;5;5;5;5;5;5;5;5;5;5;5;107;107;107;107;107;107;107;107;107;107;107;107;NA;NA;NA;NA;NA;NA;NA;NA;NA;NA;NA;5;104
2021-08-15;"0-60";8;8;8;8;8;8;8;8;8;8;8;8;73;73;73;73;73;73;73;73;73;73;73;73;1;1;1;1;1;1;1;1;1;1;1;6;71
2021-08-15;"60+";6;6;6;6;6;6;6;6;6;6;6;6;30;30;30;30;30;30;30;30;30;30;30;30;1;1;1;1;1;1;1;1;1;1;1;6;29
2021-08-15;"alle";14;14;14;14;14;14;14;14;14;14;14;14;103;103;103;103;103;103;103;103;103;103;103;103;NA;NA;NA;NA;NA;NA;NA;NA;NA;NA;NA;12;100
2021-08-14;"0-60";17;17;17;17;17;17;17;17;17;17;17;17;69;69;69;69;69;69;69;69;69;69;69;69;1;1;1;1;1;1;1;1;1;1;1;17;68
2021-08-14;"60+";3;3;3;3;3;3;3;3;3;3;3;3;27;27;27;27;27;27;27;27;27;27;27;27;1;1;1;1;1;1;1;1;1;1;1;3;26
2021-08-14;"alle";20;20;20;20;20;20;20;20;20;20;20;20;96;96;96;96;96;96;96;96;96;96;96;96;NA;NA;NA;NA;NA;NA;NA;NA;NA;NA;NA;20;94
2021-08-13;"0-60";10;10;10;10;10;10;10;10;10;10;10;10;59;59;59;59;59;59;59;59;59;59;59;59;1;1;1;1;1;1;1;1;1;1;1;10;58
2021-08-13;"60+";8;8;8;8;8;8;8;8;8;8;8;8;27;27;27;27;27;27;27;27;27;27;27;27;1;1;1;1;1;1;1;1;1;1;1;8;26
2021-08-13;"alle";18;18;18;18;18;18;18;18;18;18;18;18;86;86;86;86;86;86;86;86;86;86;86;86;NA;NA;NA;NA;NA;NA;NA;NA;NA;NA;NA;18;84
2021-08-12;"0-60";16;16;16;16;16;16;16;16;16;16;16;16;55;55;55;55;55;55;55;55;55;55;55;55;1;1;1;1;1;1;1;1;1;1;1;16;54
2021-08-12;"60+";3;3;3;3;3;3;3;3;3;3;3;3;21;21;21;21;21;21;21;21;21;21;21;21;1;1;1;1;1;1;1;1;1;1;1;3;20
2021-08-12;"alle";19;19;19;19;19;19;19;19;19;19;19;19;76;76;76;76;76;76;76;76;76;76;76;76;NA;NA;NA;NA;NA;NA;NA;NA;NA;NA;NA;19;74
2021-08-11;"0-60";11;11;11;11;11;11;11;11;11;11;11;11;50;50;50;50;50;50;50;50;50;50;50;50;1;1;1;1;1;1;1;1;1;1;1;11;49
2021-08-11;"60+";6;6;6;6;6;6;6;6;6;6;6;6;22;22;22;22;22;22;22;22;22;22;22;22;1;1;1;1;1;1;1;1;1;1;1;5;21
2021-08-11;"alle";17;17;17;17;17;17;17;17;17;17;17;17;72;72;72;72;72;72;72;72;72;72;72;72;NA;NA;NA;NA;NA;NA;NA;NA;NA;NA;NA;16;70
2021-08-10;"0-60";10;10;10;10;10;10;10;10;10;10;10;10;49;49;49;49;49;49;49;49;49;49;49;49;1;1;1;1;1;1;1;1;1;1;1;10;48
2021-08-10;"60+";4;4;4;4;4;4;4;4;4;4;4;4;17;17;17;17;17;17;17;17;17;17;17;17;1;1;1;1;1;1;1;1;1;1;1;4;17
2021-08-10;"alle";14;14;14;14;14;14;14;14;14;14;14;14;66;66;66;66;66;66;66;66;66;66;66;66;NA;NA;NA;NA;NA;NA;NA;NA;NA;NA;NA;14;65
2021-08-09;"0-60";1;1;1;1;1;1;1;1;1;1;1;1;45;45;45;45;45;45;45;45;45;45;45;45;1;1;1;1;1;1;1;1;1;1;1;1;43
2021-08-09;"60+";0;0;0;0;0;0;0;0;0;0;0;0;19;19;19;19;19;19;19;19;19;19;19;19;1;1;1;1;1;1;1;1;1;1;1;0;19
2021-08-09;"alle";1;1;1;1;1;1;1;1;1;1;1;1;64;64;64;64;64;64;64;64;64;64;64;64;NA;NA;NA;NA;NA;NA;NA;NA;NA;NA;NA;1;62
2021-08-08;"0-60";4;4;4;4;4;4;4;4;4;4;4;4;47;47;47;47;47;47;47;47;47;47;47;47;1;1;1;1;1;1;1;1;1;1;1;3;45
2021-08-08;"60+";3;3;3;3;3;3;3;3;3;3;3;3;19;19;19;19;19;19;19;19;19;19;19;19;1;1;1;1;1;1;1;1;1;1;1;3;19
2021-08-08;"alle";7;7;7;7;7;7;7;7;7;7;7;7;66;66;66;66;66;66;66;66;66;66;66;66;NA;NA;NA;NA;NA;NA;NA;NA;NA;NA;NA;6;64
2021-08-07;"0-60";7;7;7;7;7;7;7;7;7;7;7;7;46;46;46;46;46;46;46;46;46;46;46;46;1;1;1;1;1;1;1;1;1;1;1;7;45
2021-08-07;"60+";3;3;3;3;3;3;3;3;3;3;3;3;17;17;17;17;17;17;17;17;17;17;17;17;1;1;1;1;1;1;1;1;1;1;1;3;17
2021-08-07;"alle";10;10;10;10;10;10;10;10;10;10;10;10;63;63;63;63;63;63;63;63;63;63;63;63;NA;NA;NA;NA;NA;NA;NA;NA;NA;NA;NA;10;62
2021-08-06;"0-60";6;6;6;6;6;6;6;6;6;6;6;6;48;48;48;48;48;48;48;48;48;48;48;48;1;1;1;1;1;1;1;1;1;1;1;6;47
2021-08-06;"60+";2;2;2;2;2;2;2;2;2;2;2;2;19;19;19;19;19;19;19;19;19;19;19;19;1;1;1;1;1;1;1;1;1;1;1;2;18
2021-08-06;"alle";8;8;8;8;8;8;8;8;8;8;8;8;67;67;67;67;67;67;67;67;67;67;67;67;NA;NA;NA;NA;NA;NA;NA;NA;NA;NA;NA;8;65
2021-08-05;"0-60";11;11;11;11;11;11;11;11;11;11;11;11;47;47;47;47;47;47;47;47;47;47;47;47;1;1;1;1;1;1;1;1;1;1;1;11;46
2021-08-05;"60+";4;4;4;4;4;4;4;4;4;4;4;4;20;20;20;20;20;20;20;20;20;20;20;20;1;1;1;1;1;1;1;1;1;1;1;4;19
2021-08-05;"alle";15;15;15;15;15;15;15;15;15;15;15;15;67;67;67;67;67;67;67;67;67;67;67;67;NA;NA;NA;NA;NA;NA;NA;NA;NA;NA;NA;15;65
2021-08-04;"0-60";10;10;10;10;10;10;10;10;10;10;10;10;39;39;39;39;39;39;39;39;39;39;39;39;1;1;1;1;1;1;1;1;1;1;1;10;38
2021-08-04;"60+";1;1;1;1;1;1;1;1;1;1;1;1;20;20;20;20;20;20;20;20;20;20;20;20;1;1;1;1;1;1;1;1;1;1;1;1;18
2021-08-04;"alle";11;11;11;11;11;11;11;11;11;11;11;11;59;59;59;59;59;59;59;59;59;59;59;59;NA;NA;NA;NA;NA;NA;NA;NA;NA;NA;NA;11;56
2021-08-03;"0-60";6;6;6;6;6;6;6;6;6;6;6;6;39;39;39;39;39;39;39;39;39;39;39;39;1;1;1;1;1;1;1;1;1;1;1;5;38
2021-08-03;"60+";6;6;6;6;6;6;6;6;6;6;6;6;22;22;22;22;22;22;22;22;22;22;22;22;1;1;1;1;1;1;1;1;1;1;1;6;20
2021-08-03;"alle";12;12;12;12;12;12;12;12;12;12;12;12;61;61;61;61;61;61;61;61;61;61;61;61;NA;NA;NA;NA;NA;NA;NA;NA;NA;NA;NA;11;58
2021-08-02;"0-60";3;3;3;3;3;3;3;3;3;3;3;3;35;35;35;35;35;35;35;35;35;35;35;35;1;1;1;1;1;1;1;1;1;1;1;3;35
2021-08-02;"60+";0;0;0;0;0;0;0;0;0;0;0;0;18;18;18;18;18;18;18;18;18;18;18;18;1;1;1;1;1;1;1;1;1;1;1;0;16
2021-08-02;"alle";3;3;3;3;3;3;3;3;3;3;3;3;53;53;53;53;53;53;53;53;53;53;53;53;NA;NA;NA;NA;NA;NA;NA;NA;NA;NA;NA;3;51
2021-08-01;"0-60";3;3;3;3;3;3;3;3;3;3;3;3;32;32;32;32;32;32;32;32;32;32;32;32;1;1;1;1;1;1;1;1;1;1;1;3;32
2021-08-01;"60+";1;1;1;1;1;1;1;1;1;1;1;1;18;18;18;18;18;18;18;18;18;18;18;18;1;1;1;1;1;1;1;1;1;1;1;1;16
2021-08-01;"alle";4;4;4;4;4;4;4;4;4;4;4;4;50;50;50;50;50;50;50;50;50;50;50;50;NA;NA;NA;NA;NA;NA;NA;NA;NA;NA;NA;4;48
2021-07-31;"0-60";9;9;9;9;9;9;9;9;9;9;9;9;34;34;34;34;34;34;34;34;34;34;34;34;1;1;1;1;1;1;1;1;1;1;1;9;34
2021-07-31;"60+";5;5;5;5;5;5;5;5;5;5;5;5;17;17;17;17;17;17;17;17;17;17;17;17;1;1;1;1;1;1;1;1;1;1;1;4;15
2021-07-31;"alle";14;14;14;14;14;14;14;14;14;14;14;14;51;51;51;51;51;51;51;51;51;51;51;51;NA;NA;NA;NA;NA;NA;NA;NA;NA;NA;NA;13;49
2021-07-30;"0-60";5;5;5;5;5;5;5;5;5;5;5;5;30;30;30;30;30;30;30;30;30;30;30;30;1;1;1;1;1;1;1;1;1;1;1;5;29
2021-07-30;"60+";3;3;3;3;3;3;3;3;3;3;3;3;13;13;13;13;13;13;13;13;13;13;13;13;1;1;1;1;1;1;1;1;1;1;1;3;12
2021-07-30;"alle";8;8;8;8;8;8;8;8;8;8;8;8;43;43;43;43;43;43;43;43;43;43;43;43;NA;NA;NA;NA;NA;NA;NA;NA;NA;NA;NA;8;41
2021-07-29;"0-60";3;3;3;3;3;3;3;3;3;3;3;3;28;28;28;28;28;28;28;28;28;28;28;28;1;1;1;1;1;1;1;1;1;1;1;3;27
2021-07-29;"60+";4;4;4;4;4;4;4;4;4;4;4;4;11;11;11;11;11;11;11;11;11;11;11;11;1;1;1;1;1;1;1;1;1;1;1;3;10
2021-07-29;"alle";7;7;7;7;7;7;7;7;7;7;7;7;39;39;39;39;39;39;39;39;39;39;39;39;NA;NA;NA;NA;NA;NA;NA;NA;NA;NA;NA;6;37
2021-07-28;"0-60";10;10;10;10;10;10;10;10;10;10;10;10;32;32;32;32;32;32;32;32;32;32;32;32;1;1;1;1;1;1;1;1;1;1;1;10;31
2021-07-28;"60+";3;3;3;3;3;3;3;3;3;3;3;3;9;9;9;9;9;9;9;9;9;9;9;9;1;1;1;1;1;1;1;1;1;1;1;3;9
2021-07-28;"alle";13;13;13;13;13;13;13;13;13;13;13;13;41;41;41;41;41;41;41;41;41;41;41;41;NA;NA;NA;NA;NA;NA;NA;NA;NA;NA;NA;13;40
2021-07-27;"0-60";2;2;2;2;2;2;2;2;2;2;2;2;27;27;27;27;27;27;27;27;27;27;27;27;1;1;1;1;1;1;1;1;1;1;1;2;26
2021-07-27;"60+";2;2;2;2;2;2;2;2;2;2;2;2;8;8;8;8;8;8;8;8;8;8;8;8;1;1;1;1;1;1;1;1;1;1;1;2;8
2021-07-27;"alle";4;4;4;4;4;4;4;4;4;4;4;4;35;35;35;35;35;35;35;35;35;35;35;35;NA;NA;NA;NA;NA;NA;NA;NA;NA;NA;NA;4;34
2021-07-26;"0-60";0;0;0;0;0;0;0;0;0;0;0;0;31;31;31;31;31;31;31;31;31;31;31;31;1;1;1;1;1;1;1;1;1;1;1;0;30
2021-07-26;"60+";0;0;0;0;0;0;0;0;0;0;0;0;6;6;6;6;6;6;6;6;6;6;6;6;1;1;1;1;1;1;1;1;1;1;1;0;6
2021-07-26;"alle";0;0;0;0;0;0;0;0;0;0;0;0;37;37;37;37;37;37;37;37;37;37;37;37;NA;NA;NA;NA;NA;NA;NA;NA;NA;NA;NA;0;36
2021-07-25;"0-60";5;5;5;5;5;5;5;5;5;5;5;5;33;33;33;33;33;33;33;33;33;33;33;33;1;1;1;1;1;1;1;1;1;1;1;5;32
2021-07-25;"60+";0;0;0;0;0;0;0;0;0;0;0;0;7;7;7;7;7;7;7;7;7;7;7;7;1;1;1;1;1;1;1;1;1;1;1;0;7
2021-07-25;"alle";5;5;5;5;5;5;5;5;5;5;5;5;40;40;40;40;40;40;40;40;40;40;40;40;NA;NA;NA;NA;NA;NA;NA;NA;NA;NA;NA;5;39
2021-07-24;"0-60";5;5;5;5;5;5;5;5;5;5;5;5;32;32;32;32;32;32;32;32;32;32;32;32;1;1;1;1;1;1;1;1;1;1;1;4;31
2021-07-24;"60+";1;1;1;1;1;1;1;1;1;1;1;1;8;8;8;8;8;8;8;8;8;8;8;8;1;1;1;1;1;1;1;1;1;1;1;1;8
2021-07-24;"alle";6;6;6;6;6;6;6;6;6;6;6;6;40;40;40;40;40;40;40;40;40;40;40;40;NA;NA;NA;NA;NA;NA;NA;NA;NA;NA;NA;5;39
2021-07-23;"0-60";3;3;3;3;3;3;3;3;3;3;3;3;30;30;30;30;30;30;30;30;30;30;30;30;1;1;1;1;1;1;1;1;1;1;1;3;30
2021-07-23;"60+";1;1;1;1;1;1;1;1;1;1;1;1;9;9;9;9;9;9;9;9;9;9;9;9;1;1;1;1;1;1;1;1;1;1;1;1;9
2021-07-23;"alle";4;4;4;4;4;4;4;4;4;4;4;4;39;39;39;39;39;39;39;39;39;39;39;39;NA;NA;NA;NA;NA;NA;NA;NA;NA;NA;NA;4;39
2021-07-22;"0-60";7;7;7;7;7;7;7;7;7;7;7;7;35;35;35;35;35;35;35;35;35;35;35;35;1;1;1;1;1;1;1;1;1;1;1;7;34
2021-07-22;"60+";2;2;2;2;2;2;2;2;2;2;2;2;11;11;11;11;11;11;11;11;11;11;11;11;1;1;1;1;1;1;1;1;1;1;1;2;11
2021-07-22;"alle";9;9;9;9;9;9;9;9;9;9;9;9;46;46;46;46;46;46;46;46;46;46;46;46;NA;NA;NA;NA;NA;NA;NA;NA;NA;NA;NA;9;45
2021-07-21;"0-60";5;5;5;5;5;5;5;5;5;5;5;5;32;32;32;32;32;32;32;32;32;32;32;32;1;1;1;1;1;1;1;1;1;1;1;5;31
2021-07-21;"60+";2;2;2;2;2;2;2;2;2;2;2;2;11;11;11;11;11;11;11;11;11;11;11;11;1;1;1;1;1;1;1;1;1;1;1;2;11
2021-07-21;"alle";7;7;7;7;7;7;7;7;7;7;7;7;43;43;43;43;43;43;43;43;43;43;43;43;NA;NA;NA;NA;NA;NA;NA;NA;NA;NA;NA;7;42
2021-07-20;"0-60";6;6;6;6;6;6;6;6;6;6;6;6;29;29;29;29;29;29;29;29;29;29;29;29;1;1;1;1;1;1;1;1;1;1;1;6;28
2021-07-20;"60+";0;0;0;0;0;0;0;0;0;0;0;0;14;14;14;14;14;14;14;14;14;14;14;14;1;1;1;1;1;1;1;1;1;1;1;0;14
2021-07-20;"alle";6;6;6;6;6;6;6;6;6;6;6;6;43;43;43;43;43;43;43;43;43;43;43;43;NA;NA;NA;NA;NA;NA;NA;NA;NA;NA;NA;6;42
2021-07-19;"0-60";2;2;2;2;2;2;2;2;2;2;2;2;25;25;25;25;25;25;25;25;25;25;25;25;1;1;1;1;1;1;1;1;1;1;1;2;24
2021-07-19;"60+";1;1;1;1;1;1;1;1;1;1;1;1;16;16;16;16;16;16;16;16;16;16;16;16;1;1;1;1;1;1;1;1;1;1;1;1;16
2021-07-19;"alle";3;3;3;3;3;3;3;3;3;3;3;3;41;41;41;41;41;41;41;41;41;41;41;41;NA;NA;NA;NA;NA;NA;NA;NA;NA;NA;NA;3;40
2021-07-18;"0-60";4;4;4;4;4;4;4;4;4;4;4;4;24;24;24;24;24;24;24;24;24;24;24;24;1;1;1;1;1;1;1;1;1;1;1;4;23
2021-07-18;"60+";1;1;1;1;1;1;1;1;1;1;1;1;16;16;16;16;16;16;16;16;16;16;16;16;1;1;1;1;1;1;1;1;1;1;1;1;16
2021-07-18;"alle";5;5;5;5;5;5;5;5;5;5;5;5;40;40;40;40;40;40;40;40;40;40;40;40;NA;NA;NA;NA;NA;NA;NA;NA;NA;NA;NA;5;39
2021-07-17;"0-60";3;3;3;3;3;3;3;3;3;3;3;3;21;21;21;21;21;21;21;21;21;21;21;21;1;1;1;1;1;1;1;1;1;1;1;3;20
2021-07-17;"60+";2;2;2;2;2;2;2;2;2;2;2;2;15;15;15;15;15;15;15;15;15;15;15;15;1;1;1;1;1;1;1;1;1;1;1;2;15
2021-07-17;"alle";5;5;5;5;5;5;5;5;5;5;5;5;36;36;36;36;36;36;36;36;36;36;36;36;NA;NA;NA;NA;NA;NA;NA;NA;NA;NA;NA;5;35
2021-07-16;"0-60";8;8;8;8;8;8;8;8;8;8;8;8;21;21;21;21;21;21;21;21;21;21;21;21;1;1;1;1;1;1;1;1;1;1;1;7;20
2021-07-16;"60+";3;3;3;3;3;3;3;3;3;3;3;3;15;15;15;15;15;15;15;15;15;15;15;15;1;1;1;1;1;1;1;1;1;1;1;3;15
2021-07-16;"alle";11;11;11;11;11;11;11;11;11;11;11;11;36;36;36;36;36;36;36;36;36;36;36;36;NA;NA;NA;NA;NA;NA;NA;NA;NA;NA;NA;10;35
2021-07-15;"0-60";4;4;4;4;4;4;4;4;4;4;4;4;15;15;15;15;15;15;15;15;15;15;15;15;1;1;1;1;1;1;1;1;1;1;1;4;15
2021-07-15;"60+";2;2;2;2;2;2;2;2;2;2;2;2;12;12;12;12;12;12;12;12;12;12;12;12;1;1;1;1;1;1;1;1;1;1;1;2;12
2021-07-15;"alle";6;6;6;6;6;6;6;6;6;6;6;6;27;27;27;27;27;27;27;27;27;27;27;27;NA;NA;NA;NA;NA;NA;NA;NA;NA;NA;NA;6;27
2021-07-14;"0-60";2;2;2;2;2;2;2;2;2;2;2;2;12;12;12;12;12;12;12;12;12;12;12;12;1;1;1;1;1;1;1;1;1;1;1;2;12
2021-07-14;"60+";5;5;5;5;5;5;5;5;5;5;5;5;13;13;13;13;13;13;13;13;13;13;13;13;1;1;1;1;1;1;1;1;1;1;1;5;13
2021-07-14;"alle";7;7;7;7;7;7;7;7;7;7;7;7;25;25;25;25;25;25;25;25;25;25;25;25;NA;NA;NA;NA;NA;NA;NA;NA;NA;NA;NA;7;25
2021-07-13;"0-60";2;2;2;2;2;2;2;2;2;2;2;2;15;15;15;15;15;15;15;15;15;15;15;15;1;1;1;1;1;1;1;1;1;1;1;2;15
2021-07-13;"60+";2;2;2;2;2;2;2;2;2;2;2;2;11;11;11;11;11;11;11;11;11;11;11;11;1;1;1;1;1;1;1;1;1;1;1;2;11
2021-07-13;"alle";4;4;4;4;4;4;4;4;4;4;4;4;26;26;26;26;26;26;26;26;26;26;26;26;NA;NA;NA;NA;NA;NA;NA;NA;NA;NA;NA;4;26
2021-07-12;"0-60";1;1;1;1;1;1;1;1;1;1;1;1;17;17;17;17;17;17;17;17;17;17;17;17;1;1;1;1;1;1;1;1;1;1;1;1;17
2021-07-12;"60+";1;1;1;1;1;1;1;1;1;1;1;1;10;10;10;10;10;10;10;10;10;10;10;10;1;1;1;1;1;1;1;1;1;1;1;1;10
2021-07-12;"alle";2;2;2;2;2;2;2;2;2;2;2;2;27;27;27;27;27;27;27;27;27;27;27;27;NA;NA;NA;NA;NA;NA;NA;NA;NA;NA;NA;2;27
2021-07-11;"0-60";1;1;1;1;1;1;1;1;1;1;1;1;17;17;17;17;17;17;17;17;17;17;17;17;1;1;1;1;1;1;1;1;1;1;1;1;17
2021-07-11;"60+";0;0;0;0;0;0;0;0;0;0;0;0;9;9;9;9;9;9;9;9;9;9;9;9;1;1;1;1;1;1;1;1;1;1;1;0;9
2021-07-11;"alle";1;1;1;1;1;1;1;1;1;1;1;1;26;26;26;26;26;26;26;26;26;26;26;26;NA;NA;NA;NA;NA;NA;NA;NA;NA;NA;NA;1;26
2021-07-10;"0-60";3;3;3;3;3;3;3;3;3;3;3;3;17;17;17;17;17;17;17;17;17;17;17;17;1;1;1;1;1;1;1;1;1;1;1;3;17
2021-07-10;"60+";2;2;2;2;2;2;2;2;2;2;2;2;9;9;9;9;9;9;9;9;9;9;9;9;1;1;1;1;1;1;1;1;1;1;1;2;9
2021-07-10;"alle";5;5;5;5;5;5;5;5;5;5;5;5;26;26;26;26;26;26;26;26;26;26;26;26;NA;NA;NA;NA;NA;NA;NA;NA;NA;NA;NA;5;26
2021-07-09;"0-60";2;2;2;2;2;2;2;2;2;2;2;2;18;18;18;18;18;18;18;18;18;18;18;18;1;1;1;1;1;1;1;1;1;1;1;2;18
2021-07-09;"60+";0;0;0;0;0;0;0;0;0;0;0;0;7;7;7;7;7;7;7;7;7;7;7;7;1;1;1;1;1;1;1;1;1;1;1;0;7
2021-07-09;"alle";2;2;2;2;2;2;2;2;2;2;2;2;25;25;25;25;25;25;25;25;25;25;25;25;NA;NA;NA;NA;NA;NA;NA;NA;NA;NA;NA;2;25
2021-07-08;"0-60";1;1;1;1;1;1;1;1;1;1;1;1;17;17;17;17;17;17;17;17;17;17;17;17;1;1;1;1;1;1;1;1;1;1;1;1;17
2021-07-08;"60+";3;3;3;3;3;3;3;3;3;3;3;3;7;7;7;7;7;7;7;7;7;7;7;7;1;1;1;1;1;1;1;1;1;1;1;3;7
2021-07-08;"alle";4;4;4;4;4;4;4;4;4;4;4;4;24;24;24;24;24;24;24;24;24;24;24;24;NA;NA;NA;NA;NA;NA;NA;NA;NA;NA;NA;4;24
2021-07-07;"0-60";5;5;5;5;5;5;5;5;5;5;5;5;20;20;20;20;20;20;20;20;20;20;20;20;1;1;1;1;1;1;1;1;1;1;1;5;20
2021-07-07;"60+";3;3;3;3;3;3;3;3;3;3;3;3;7;7;7;7;7;7;7;7;7;7;7;7;1;1;1;1;1;1;1;1;1;1;1;3;7
2021-07-07;"alle";8;8;8;8;8;8;8;8;8;8;8;8;27;27;27;27;27;27;27;27;27;27;27;27;NA;NA;NA;NA;NA;NA;NA;NA;NA;NA;NA;8;27
2021-07-06;"0-60";4;4;4;4;4;4;4;4;4;4;4;4;20;20;20;20;20;20;20;20;20;20;20;20;1;1;1;1;1;1;1;1;1;1;1;4;20
2021-07-06;"60+";1;1;1;1;1;1;1;1;1;1;1;1;7;7;7;7;7;7;7;7;7;7;7;7;1;1;1;1;1;1;1;1;1;1;1;1;7
2021-07-06;"alle";5;5;5;5;5;5;5;5;5;5;5;5;27;27;27;27;27;27;27;27;27;27;27;27;NA;NA;NA;NA;NA;NA;NA;NA;NA;NA;NA;5;27
2021-07-05;"0-60";1;1;1;1;1;1;1;1;1;1;1;1;17;17;17;17;17;17;17;17;17;17;17;17;1;1;1;1;1;1;1;1;1;1;1;1;17
2021-07-05;"60+";0;0;0;0;0;0;0;0;0;0;0;0;7;7;7;7;7;7;7;7;7;7;7;7;1;1;1;1;1;1;1;1;1;1;1;0;7
2021-07-05;"alle";1;1;1;1;1;1;1;1;1;1;1;1;24;24;24;24;24;24;24;24;24;24;24;24;NA;NA;NA;NA;NA;NA;NA;NA;NA;NA;NA;1;24
2021-07-04;"0-60";1;1;1;1;1;1;1;1;1;1;1;1;16;16;16;16;16;16;16;16;16;16;16;16;1;1;1;1;1;1;1;1;1;1;1;1;16
2021-07-04;"60+";0;0;0;0;0;0;0;0;0;0;0;0;7;7;7;7;7;7;7;7;7;7;7;7;1;1;1;1;1;1;1;1;1;1;1;0;7
2021-07-04;"alle";1;1;1;1;1;1;1;1;1;1;1;1;23;23;23;23;23;23;23;23;23;23;23;23;NA;NA;NA;NA;NA;NA;NA;NA;NA;NA;NA;1;23
2021-07-03;"0-60";4;4;4;4;4;4;4;4;4;4;4;4;16;16;16;16;16;16;16;16;16;16;16;16;1;1;1;1;1;1;1;1;1;1;1;4;16
2021-07-03;"60+";0;0;0;0;0;0;0;0;0;0;0;0;8;8;8;8;8;8;8;8;8;8;8;8;1;1;1;1;1;1;1;1;1;1;1;0;8
2021-07-03;"alle";4;4;4;4;4;4;4;4;4;4;4;4;24;24;24;24;24;24;24;24;24;24;24;24;NA;NA;NA;NA;NA;NA;NA;NA;NA;NA;NA;4;24
2021-07-02;"0-60";1;1;1;1;1;1;1;1;1;1;1;1;13;13;13;13;13;13;13;13;13;13;13;13;1;1;1;1;1;1;1;1;1;1;1;1;13
2021-07-02;"60+";0;0;0;0;0;0;0;0;0;0;0;0;8;8;8;8;8;8;8;8;8;8;8;8;1;1;1;1;1;1;1;1;1;1;1;0;8
2021-07-02;"alle";1;1;1;1;1;1;1;1;1;1;1;1;21;21;21;21;21;21;21;21;21;21;21;21;NA;NA;NA;NA;NA;NA;NA;NA;NA;NA;NA;1;21
2021-07-01;"0-60";4;4;4;4;4;4;4;4;4;4;4;4;14;14;14;14;14;14;14;14;14;14;14;14;1;1;1;1;1;1;1;1;1;1;1;4;14
2021-07-01;"60+";3;3;3;3;3;3;3;3;3;3;3;3;9;9;9;9;9;9;9;9;9;9;9;9;1;1;1;1;1;1;1;1;1;1;1;3;9
2021-07-01;"alle";7;7;7;7;7;7;7;7;7;7;7;7;23;23;23;23;23;23;23;23;23;23;23;23;NA;NA;NA;NA;NA;NA;NA;NA;NA;NA;NA;7;23
2021-06-30;"0-60";5;5;5;5;5;5;5;5;5;5;5;5;10;10;10;10;10;10;10;10;10;10;10;10;1;1;1;1;1;1;1;1;1;1;1;5;10
2021-06-30;"60+";3;3;3;3;3;3;3;3;3;3;3;3;6;6;6;6;6;6;6;6;6;6;6;6;1;1;1;1;1;1;1;1;1;1;1;3;6
2021-06-30;"alle";8;8;8;8;8;8;8;8;8;8;8;8;16;16;16;16;16;16;16;16;16;16;16;16;NA;NA;NA;NA;NA;NA;NA;NA;NA;NA;NA;8;16
2021-06-29;"0-60";1;1;1;1;1;1;1;1;1;1;1;1;9;9;9;9;9;9;9;9;9;9;9;9;1;1;1;1;1;1;1;1;1;1;1;1;9
2021-06-29;"60+";1;1;1;1;1;1;1;1;1;1;1;1;5;5;5;5;5;5;5;5;5;5;5;5;1;1;1;1;1;1;1;1;1;1;1;1;5
2021-06-29;"alle";2;2;2;2;2;2;2;2;2;2;2;2;14;14;14;14;14;14;14;14;14;14;14;14;NA;NA;NA;NA;NA;NA;NA;NA;NA;NA;NA;2;14
2021-06-28;"0-60";0;0;0;0;0;0;0;0;0;0;0;0;10;10;10;10;10;10;10;10;10;10;10;10;1;1;1;1;1;1;1;1;1;1;1;0;10
2021-06-28;"60+";0;0;0;0;0;0;0;0;0;0;0;0;5;5;5;5;5;5;5;5;5;5;5;5;1;1;1;1;1;1;1;1;1;1;1;0;5
2021-06-28;"alle";0;0;0;0;0;0;0;0;0;0;0;0;15;15;15;15;15;15;15;15;15;15;15;15;NA;NA;NA;NA;NA;NA;NA;NA;NA;NA;NA;0;15
2021-06-27;"0-60";1;1;1;1;1;1;1;1;1;1;1;1;13;13;13;13;13;13;13;13;13;13;13;13;1;1;1;1;1;1;1;1;1;1;1;1;12
2021-06-27;"60+";1;1;1;1;1;1;1;1;1;1;1;1;6;6;6;6;6;6;6;6;6;6;6;6;1;1;1;1;1;1;1;1;1;1;1;1;6
2021-06-27;"alle";2;2;2;2;2;2;2;2;2;2;2;2;19;19;19;19;19;19;19;19;19;19;19;19;NA;NA;NA;NA;NA;NA;NA;NA;NA;NA;NA;2;18
2021-06-26;"0-60";1;1;1;1;1;1;1;1;1;1;1;1;15;15;15;15;15;15;15;15;15;15;15;15;1;1;1;1;1;1;1;1;1;1;1;1;14
2021-06-26;"60+";0;0;0;0;0;0;0;0;0;0;0;0;6;6;6;6;6;6;6;6;6;6;6;6;1;1;1;1;1;1;1;1;1;1;1;0;6
2021-06-26;"alle";1;1;1;1;1;1;1;1;1;1;1;1;21;21;21;21;21;21;21;21;21;21;21;21;NA;NA;NA;NA;NA;NA;NA;NA;NA;NA;NA;1;20
2021-06-25;"0-60";2;2;2;2;2;2;2;2;2;2;2;2;16;16;16;16;16;16;16;16;16;16;16;16;1;1;1;1;1;1;1;1;1;1;1;2;15
2021-06-25;"60+";1;1;1;1;1;1;1;1;1;1;1;1;7;7;7;7;7;7;7;7;7;7;7;7;1;1;1;1;1;1;1;1;1;1;1;1;7
2021-06-25;"alle";3;3;3;3;3;3;3;3;3;3;3;3;23;23;23;23;23;23;23;23;23;23;23;23;NA;NA;NA;NA;NA;NA;NA;NA;NA;NA;NA;3;22
2021-06-24;"0-60";0;0;0;0;0;0;0;0;0;0;0;0;14;14;14;14;14;14;14;14;14;14;14;14;1;1;1;1;1;1;1;1;1;1;1;0;13
2021-06-24;"60+";0;0;0;0;0;0;0;0;0;0;0;0;8;8;8;8;8;8;8;8;8;8;8;8;1;1;1;1;1;1;1;1;1;1;1;0;8
2021-06-24;"alle";0;0;0;0;0;0;0;0;0;0;0;0;22;22;22;22;22;22;22;22;22;22;22;22;NA;NA;NA;NA;NA;NA;NA;NA;NA;NA;NA;0;21
2021-06-23;"0-60";4;4;4;4;4;4;4;4;4;4;4;4;15;15;15;15;15;15;15;15;15;15;15;15;1;1;1;1;1;1;1;1;1;1;1;4;14
2021-06-23;"60+";2;2;2;2;2;2;2;2;2;2;2;2;11;11;11;11;11;11;11;11;11;11;11;11;1;1;1;1;1;1;1;1;1;1;1;2;11
2021-06-23;"alle";6;6;6;6;6;6;6;6;6;6;6;6;26;26;26;26;26;26;26;26;26;26;26;26;NA;NA;NA;NA;NA;NA;NA;NA;NA;NA;NA;6;25
2021-06-22;"0-60";2;2;2;2;2;2;2;2;2;2;2;2;12;12;12;12;12;12;12;12;12;12;12;12;1;1;1;1;1;1;1;1;1;1;1;2;11
2021-06-22;"60+";1;1;1;1;1;1;1;1;1;1;1;1;11;11;11;11;11;11;11;11;11;11;11;11;1;1;1;1;1;1;1;1;1;1;1;1;11
2021-06-22;"alle";3;3;3;3;3;3;3;3;3;3;3;3;23;23;23;23;23;23;23;23;23;23;23;23;NA;NA;NA;NA;NA;NA;NA;NA;NA;NA;NA;3;22
2021-06-21;"0-60";3;3;3;3;3;3;3;3;3;3;3;3;14;14;14;14;14;14;14;14;14;14;14;14;1;1;1;1;1;1;1;1;1;1;1;2;13
2021-06-21;"60+";1;1;1;1;1;1;1;1;1;1;1;1;10;10;10;10;10;10;10;10;10;10;10;10;1;1;1;1;1;1;1;1;1;1;1;1;10
2021-06-21;"alle";4;4;4;4;4;4;4;4;4;4;4;4;24;24;24;24;24;24;24;24;24;24;24;24;NA;NA;NA;NA;NA;NA;NA;NA;NA;NA;NA;3;23
2021-06-20;"0-60";3;3;3;3;3;3;3;3;3;3;3;3;12;12;12;12;12;12;12;12;12;12;12;12;1;1;1;1;1;1;1;1;1;1;1;3;12
2021-06-20;"60+";1;1;1;1;1;1;1;1;1;1;1;1;9;9;9;9;9;9;9;9;9;9;9;9;1;1;1;1;1;1;1;1;1;1;1;1;9
2021-06-20;"alle";4;4;4;4;4;4;4;4;4;4;4;4;21;21;21;21;21;21;21;21;21;21;21;21;NA;NA;NA;NA;NA;NA;NA;NA;NA;NA;NA;4;21
2021-06-19;"0-60";2;2;2;2;2;2;2;2;2;2;2;2;11;11;11;11;11;11;11;11;11;11;11;11;1;1;1;1;1;1;1;1;1;1;1;2;11
2021-06-19;"60+";1;1;1;1;1;1;1;1;1;1;1;1;9;9;9;9;9;9;9;9;9;9;9;9;1;1;1;1;1;1;1;1;1;1;1;1;9
2021-06-19;"alle";3;3;3;3;3;3;3;3;3;3;3;3;20;20;20;20;20;20;20;20;20;20;20;20;NA;NA;NA;NA;NA;NA;NA;NA;NA;NA;NA;3;20
2021-06-18;"0-60";0;0;0;0;0;0;0;0;0;0;0;0;11;11;11;11;11;11;11;11;11;11;11;11;1;1;1;1;1;1;1;1;1;1;1;0;11
2021-06-18;"60+";2;2;2;2;2;2;2;2;2;2;2;2;11;11;11;11;11;11;11;11;11;11;11;11;1;1;1;1;1;1;1;1;1;1;1;2;11
2021-06-18;"alle";2;2;2;2;2;2;2;2;2;2;2;2;22;22;22;22;22;22;22;22;22;22;22;22;NA;NA;NA;NA;NA;NA;NA;NA;NA;NA;NA;2;22
2021-06-17;"0-60";1;1;1;1;1;1;1;1;1;1;1;1;14;14;14;14;14;14;14;14;14;14;14;14;1;1;1;1;1;1;1;1;1;1;1;1;14
2021-06-17;"60+";3;3;3;3;3;3;3;3;3;3;3;3;14;14;14;14;14;14;14;14;14;14;14;14;1;1;1;1;1;1;1;1;1;1;1;3;14
2021-06-17;"alle";4;4;4;4;4;4;4;4;4;4;4;4;28;28;28;28;28;28;28;28;28;28;28;28;NA;NA;NA;NA;NA;NA;NA;NA;NA;NA;NA;4;28
2021-06-16;"0-60";1;1;1;1;1;1;1;1;1;1;1;1;16;16;16;16;16;16;16;16;16;16;16;16;1;1;1;1;1;1;1;1;1;1;1;1;16
2021-06-16;"60+";2;2;2;2;2;2;2;2;2;2;2;2;12;12;12;12;12;12;12;12;12;12;12;12;1;1;1;1;1;1;1;1;1;1;1;2;12
2021-06-16;"alle";3;3;3;3;3;3;3;3;3;3;3;3;28;28;28;28;28;28;28;28;28;28;28;28;NA;NA;NA;NA;NA;NA;NA;NA;NA;NA;NA;3;28
2021-06-15;"0-60";4;4;4;4;4;4;4;4;4;4;4;4;19;19;19;19;19;19;19;19;19;19;19;19;1;1;1;1;1;1;1;1;1;1;1;4;19
2021-06-15;"60+";0;0;0;0;0;0;0;0;0;0;0;0;14;14;14;14;14;14;14;14;14;14;14;14;1;1;1;1;1;1;1;1;1;1;1;0;14
2021-06-15;"alle";4;4;4;4;4;4;4;4;4;4;4;4;33;33;33;33;33;33;33;33;33;33;33;33;NA;NA;NA;NA;NA;NA;NA;NA;NA;NA;NA;4;33
2021-06-14;"0-60";1;1;1;1;1;1;1;1;1;1;1;1;22;22;22;22;22;22;22;22;22;22;22;22;1;1;1;1;1;1;1;1;1;1;1;1;22
2021-06-14;"60+";0;0;0;0;0;0;0;0;0;0;0;0;21;21;21;21;21;21;21;21;21;21;21;21;1;1;1;1;1;1;1;1;1;1;1;0;21
2021-06-14;"alle";1;1;1;1;1;1;1;1;1;1;1;1;43;43;43;43;43;43;43;43;43;43;43;43;NA;NA;NA;NA;NA;NA;NA;NA;NA;NA;NA;1;43
2021-06-13;"0-60";2;2;2;2;2;2;2;2;2;2;2;2;23;23;23;23;23;23;23;23;23;23;23;23;1;1;1;1;1;1;1;1;1;1;1;2;23
2021-06-13;"60+";1;1;1;1;1;1;1;1;1;1;1;1;23;23;23;23;23;23;23;23;23;23;23;23;1;1;1;1;1;1;1;1;1;1;1;1;22
2021-06-13;"alle";3;3;3;3;3;3;3;3;3;3;3;3;46;46;46;46;46;46;46;46;46;46;46;46;NA;NA;NA;NA;NA;NA;NA;NA;NA;NA;NA;3;45
2021-06-12;"0-60";2;2;2;2;2;2;2;2;2;2;2;2;23;23;23;23;23;23;23;23;23;23;23;23;1;1;1;1;1;1;1;1;1;1;1;2;23
2021-06-12;"60+";3;3;3;3;3;3;3;3;3;3;3;3;24;24;24;24;24;24;24;24;24;24;24;24;1;1;1;1;1;1;1;1;1;1;1;3;23
2021-06-12;"alle";5;5;5;5;5;5;5;5;5;5;5;5;47;47;47;47;47;47;47;47;47;47;47;47;NA;NA;NA;NA;NA;NA;NA;NA;NA;NA;NA;5;46
2021-06-11;"0-60";3;3;3;3;3;3;3;3;3;3;3;3;23;23;23;23;23;23;23;23;23;23;23;23;1;1;1;1;1;1;1;1;1;1;1;3;23
2021-06-11;"60+";5;5;5;5;5;5;5;5;5;5;5;5;23;23;23;23;23;23;23;23;23;23;23;23;1;1;1;1;1;1;1;1;1;1;1;5;22
2021-06-11;"alle";8;8;8;8;8;8;8;8;8;8;8;8;46;46;46;46;46;46;46;46;46;46;46;46;NA;NA;NA;NA;NA;NA;NA;NA;NA;NA;NA;8;45
2021-06-10;"0-60";3;3;3;3;3;3;3;3;3;3;3;3;23;23;23;23;23;23;23;23;23;23;23;23;1;1;1;1;1;1;1;1;1;1;1;3;23
2021-06-10;"60+";1;1;1;1;1;1;1;1;1;1;1;1;23;23;23;23;23;23;23;23;23;23;23;23;1;1;1;1;1;1;1;1;1;1;1;1;22
2021-06-10;"alle";4;4;4;4;4;4;4;4;4;4;4;4;46;46;46;46;46;46;46;46;46;46;46;46;NA;NA;NA;NA;NA;NA;NA;NA;NA;NA;NA;4;45
2021-06-09;"0-60";4;4;4;4;4;4;4;4;4;4;4;4;26;26;26;26;26;26;26;26;26;26;26;26;1;1;1;1;1;1;1;1;1;1;1;4;25
2021-06-09;"60+";4;4;4;4;4;4;4;4;4;4;4;4;25;25;25;25;25;25;25;25;25;25;25;25;1;1;1;1;1;1;1;1;1;1;1;4;23
2021-06-09;"alle";8;8;8;8;8;8;8;8;8;8;8;8;51;51;51;51;51;51;51;51;51;51;51;51;NA;NA;NA;NA;NA;NA;NA;NA;NA;NA;NA;8;48
2021-06-08;"0-60";7;7;7;7;7;7;7;7;7;7;7;7;28;28;28;28;28;28;28;28;28;28;28;28;1;1;1;1;1;1;1;1;1;1;1;7;27
2021-06-08;"60+";7;7;7;7;7;7;7;7;7;7;7;7;22;22;22;22;22;22;22;22;22;22;22;22;1;1;1;1;1;1;1;1;1;1;1;7;20
2021-06-08;"alle";14;14;14;14;14;14;14;14;14;14;14;14;50;50;50;50;50;50;50;50;50;50;50;50;NA;NA;NA;NA;NA;NA;NA;NA;NA;NA;NA;14;47
2021-06-07;"0-60";2;2;2;2;2;2;2;2;2;2;2;2;24;24;24;24;24;24;24;24;24;24;24;24;1;1;1;1;1;1;1;1;1;1;1;2;23
2021-06-07;"60+";2;2;2;2;2;2;2;2;2;2;2;2;16;16;16;16;16;16;16;16;16;16;16;16;1;1;1;1;1;1;1;1;1;1;1;1;14
2021-06-07;"alle";4;4;4;4;4;4;4;4;4;4;4;4;40;40;40;40;40;40;40;40;40;40;40;40;NA;NA;NA;NA;NA;NA;NA;NA;NA;NA;NA;3;37
2021-06-06;"0-60";2;2;2;2;2;2;2;2;2;2;2;2;22;22;22;22;22;22;22;22;22;22;22;22;1;1;1;1;1;1;1;1;1;1;1;2;21
2021-06-06;"60+";2;2;2;2;2;2;2;2;2;2;2;2;16;16;16;16;16;16;16;16;16;16;16;16;1;1;1;1;1;1;1;1;1;1;1;2;15
2021-06-06;"alle";4;4;4;4;4;4;4;4;4;4;4;4;38;38;38;38;38;38;38;38;38;38;38;38;NA;NA;NA;NA;NA;NA;NA;NA;NA;NA;NA;4;36
2021-06-05;"0-60";2;2;2;2;2;2;2;2;2;2;2;2;23;23;23;23;23;23;23;23;23;23;23;23;1;1;1;1;1;1;1;1;1;1;1;2;22
2021-06-05;"60+";2;2;2;2;2;2;2;2;2;2;2;2;15;15;15;15;15;15;15;15;15;15;15;15;1;1;1;1;1;1;1;1;1;1;1;2;14
2021-06-05;"alle";4;4;4;4;4;4;4;4;4;4;4;4;38;38;38;38;38;38;38;38;38;38;38;38;NA;NA;NA;NA;NA;NA;NA;NA;NA;NA;NA;4;36
2021-06-04;"0-60";3;3;3;3;3;3;3;3;3;3;3;3;28;28;28;28;28;28;28;28;28;28;28;28;1;1;1;1;1;1;1;1;1;1;1;3;27
2021-06-04;"60+";5;5;5;5;5;5;5;5;5;5;5;5;20;20;20;20;20;20;20;20;20;20;20;20;1;1;1;1;1;1;1;1;1;1;1;5;19
2021-06-04;"alle";8;8;8;8;8;8;8;8;8;8;8;8;48;48;48;48;48;48;48;48;48;48;48;48;NA;NA;NA;NA;NA;NA;NA;NA;NA;NA;NA;8;46
2021-06-03;"0-60";6;6;6;6;6;6;6;6;6;6;6;6;34;34;34;34;34;34;34;34;34;34;34;34;1;1;1;1;1;1;1;1;1;1;1;5;33
2021-06-03;"60+";3;3;3;3;3;3;3;3;3;3;3;3;19;19;19;19;19;19;19;19;19;19;19;19;1;1;1;1;1;1;1;1;1;1;1;2;18
2021-06-03;"alle";9;9;9;9;9;9;9;9;9;9;9;9;53;53;53;53;53;53;53;53;53;53;53;53;NA;NA;NA;NA;NA;NA;NA;NA;NA;NA;NA;7;51
2021-06-02;"0-60";6;6;6;6;6;6;6;6;6;6;6;6;49;49;49;49;49;49;49;49;49;49;49;49;1;1;1;1;1;1;1;1;1;1;1;6;46
2021-06-02;"60+";1;1;1;1;1;1;1;1;1;1;1;1;28;28;28;28;28;28;28;28;28;28;28;28;1;1;1;1;1;1;1;1;1;1;1;1;27
2021-06-02;"alle";7;7;7;7;7;7;7;7;7;7;7;7;77;77;77;77;77;77;77;77;77;77;77;77;NA;NA;NA;NA;NA;NA;NA;NA;NA;NA;NA;7;73
2021-06-01;"0-60";3;3;3;3;3;3;3;3;3;3;3;3;52;52;52;52;52;52;52;52;52;52;52;52;1;1;1;1;1;1;1;1;1;1;1;3;49
2021-06-01;"60+";1;1;1;1;1;1;1;1;1;1;1;1;45;45;45;45;45;45;45;45;45;45;45;45;1;1;1;1;1;1;1;1;1;1;1;1;44
2021-06-01;"alle";4;4;4;4;4;4;4;4;4;4;4;4;97;97;97;97;97;97;97;97;97;97;97;97;NA;NA;NA;NA;NA;NA;NA;NA;NA;NA;NA;4;93
2021-05-31;"0-60";0;0;0;0;0;0;0;0;0;0;0;0;51;51;51;51;51;51;51;51;51;51;51;51;1;1;1;1;1;1;1;1;1;1;1;0;48
2021-05-31;"60+";2;2;2;2;2;2;2;2;2;2;2;2;47;47;47;47;47;47;47;47;47;47;47;47;1;1;1;1;1;1;1;1;1;1;1;2;46
2021-05-31;"alle";2;2;2;2;2;2;2;2;2;2;2;2;98;98;98;98;98;98;98;98;98;98;98;98;NA;NA;NA;NA;NA;NA;NA;NA;NA;NA;NA;2;94
2021-05-30;"0-60";3;3;3;3;3;3;3;3;3;3;3;3;53;53;53;53;53;53;53;53;53;53;53;53;1;1;1;1;1;1;1;1;1;1;1;3;50
2021-05-30;"60+";1;1;1;1;1;1;1;1;1;1;1;1;51;51;51;51;51;51;51;51;51;51;51;51;1;1;1;1;1;1;1;1;1;1;1;1;50
2021-05-30;"alle";4;4;4;4;4;4;4;4;4;4;4;4;104;104;104;104;104;104;104;104;104;104;104;104;NA;NA;NA;NA;NA;NA;NA;NA;NA;NA;NA;4;100
2021-05-29;"0-60";7;7;7;7;7;7;7;7;7;7;7;7;61;61;61;61;61;61;61;61;61;61;61;61;1;1;1;1;1;1;1;1;1;1;1;7;58
2021-05-29;"60+";7;7;7;7;7;7;7;7;7;7;7;7;61;61;61;61;61;61;61;61;61;61;61;61;1;1;1;1;1;1;1;1;1;1;1;7;60
2021-05-29;"alle";14;14;14;14;14;14;14;14;14;14;14;14;122;122;122;122;122;122;122;122;122;122;122;122;NA;NA;NA;NA;NA;NA;NA;NA;NA;NA;NA;14;118
2021-05-28;"0-60";9;9;9;9;9;9;9;9;9;9;9;9;69;69;69;69;69;69;69;69;69;69;69;69;1;1;1;1;1;1;1;1;1;1;1;9;66
2021-05-28;"60+";4;4;4;4;4;4;4;4;4;4;4;4;61;61;61;61;61;61;61;61;61;61;61;61;1;1;1;1;1;1;1;1;1;1;1;4;59
2021-05-28;"alle";13;13;13;13;13;13;13;13;13;13;13;13;130;130;130;130;130;130;130;130;130;130;130;130;NA;NA;NA;NA;NA;NA;NA;NA;NA;NA;NA;13;125
2021-05-27;"0-60";21;21;21;21;21;21;21;21;21;21;21;21;69;69;69;69;69;69;69;69;69;69;69;69;1;1;1;1;1;1;1;1;1;1;1;18;65
2021-05-27;"60+";12;12;12;12;12;12;12;12;12;12;12;12;67;67;67;67;67;67;67;67;67;67;67;67;1;1;1;1;1;1;1;1;1;1;1;11;65
2021-05-27;"alle";33;33;33;33;33;33;33;33;33;33;33;33;136;136;136;136;136;136;136;136;136;136;136;136;NA;NA;NA;NA;NA;NA;NA;NA;NA;NA;NA;29;130
2021-05-26;"0-60";9;9;9;9;9;9;9;9;9;9;9;9;63;63;63;63;63;63;63;63;63;63;63;63;1;1;1;1;1;1;1;1;1;1;1;9;61
2021-05-26;"60+";18;18;18;18;18;18;18;18;18;18;18;18;66;66;66;66;66;66;66;66;66;66;66;66;1;1;1;1;1;1;1;1;1;1;1;18;65
2021-05-26;"alle";27;27;27;27;27;27;27;27;27;27;27;27;129;129;129;129;129;129;129;129;129;129;129;129;NA;NA;NA;NA;NA;NA;NA;NA;NA;NA;NA;27;127
2021-05-25;"0-60";2;2;2;2;2;2;2;2;2;2;2;2;71;71;71;71;71;71;71;71;71;71;71;71;1;1;1;1;1;1;1;1;1;1;1;2;69
2021-05-25;"60+";3;3;3;3;3;3;3;3;3;3;3;3;65;65;65;65;65;65;65;65;65;65;65;65;1;1;1;1;1;1;1;1;1;1;1;3;64
2021-05-25;"alle";5;5;5;5;5;5;5;5;5;5;5;5;136;136;136;136;136;136;136;136;136;136;136;136;NA;NA;NA;NA;NA;NA;NA;NA;NA;NA;NA;5;134
2021-05-24;"0-60";2;2;2;2;2;2;2;2;2;2;2;2;78;78;78;78;78;78;78;78;78;78;78;78;1;1;1;1;1;1;1;1;1;1;1;2;76
2021-05-24;"60+";6;6;6;6;6;6;6;6;6;6;6;6;70;70;70;70;70;70;70;70;70;70;70;70;1;1;1;1;1;1;1;1;1;1;1;6;69
2021-05-24;"alle";8;8;8;8;8;8;8;8;8;8;8;8;148;148;148;148;148;148;148;148;148;148;148;148;NA;NA;NA;NA;NA;NA;NA;NA;NA;NA;NA;8;146
2021-05-23;"0-60";11;11;11;11;11;11;11;11;11;11;11;11;82;82;82;82;82;82;82;82;82;82;82;82;1;1;1;1;1;1;1;1;1;1;1;11;80
2021-05-23;"60+";11;11;11;11;11;11;11;11;11;11;11;11;74;74;74;74;74;74;74;74;74;74;74;74;1;1;1;1;1;1;1;1;1;1;1;11;73
2021-05-23;"alle";22;22;22;22;22;22;22;22;22;22;22;22;156;156;156;156;156;156;156;156;156;156;156;156;NA;NA;NA;NA;NA;NA;NA;NA;NA;NA;NA;22;154
2021-05-22;"0-60";15;15;15;15;15;15;15;15;15;15;15;15;79;79;79;79;79;79;79;79;79;79;79;79;1;1;1;1;1;1;1;1;1;1;1;15;76
2021-05-22;"60+";7;7;7;7;7;7;7;7;7;7;7;7;78;78;78;78;78;78;78;78;78;78;78;78;1;1;1;1;1;1;1;1;1;1;1;6;76
2021-05-22;"alle";22;22;22;22;22;22;22;22;22;22;22;22;157;157;157;157;157;157;157;157;157;157;157;157;NA;NA;NA;NA;NA;NA;NA;NA;NA;NA;NA;21;153
2021-05-21;"0-60";9;9;9;9;9;9;9;9;9;9;9;9;75;75;75;75;75;75;75;75;75;75;75;75;1;1;1;1;1;1;1;1;1;1;1;8;72
2021-05-21;"60+";10;10;10;10;10;10;10;10;10;10;10;10;80;80;80;80;80;80;80;80;80;80;80;80;1;1;1;1;1;1;1;1;1;1;1;10;79
2021-05-21;"alle";19;19;19;19;19;19;19;19;19;19;19;19;155;155;155;155;155;155;155;155;155;155;155;155;NA;NA;NA;NA;NA;NA;NA;NA;NA;NA;NA;18;152
2021-05-20;"0-60";15;15;15;15;15;15;15;15;15;15;15;15;82;82;82;82;82;82;82;82;82;82;82;82;1;1;1;1;1;1;1;1;1;1;1;14;80
2021-05-20;"60+";11;11;11;11;11;11;11;11;11;11;11;11;80;80;80;80;80;80;80;80;80;80;80;80;1;1;1;1;1;1;1;1;1;1;1;11;78
2021-05-20;"alle";26;26;26;26;26;26;26;26;26;26;26;26;162;162;162;162;162;162;162;162;162;162;162;162;NA;NA;NA;NA;NA;NA;NA;NA;NA;NA;NA;26;159
2021-05-19;"0-60";17;17;17;17;17;17;17;17;17;17;17;17;88;88;88;88;88;88;88;88;88;88;88;88;1;1;1;1;1;1;1;1;1;1;1;17;85
2021-05-19;"60+";17;17;17;17;17;17;17;17;17;17;17;17;101;101;101;101;101;101;101;101;101;101;101;101;1;1;1;1;1;1;1;1;1;1;1;17;95
2021-05-19;"alle";34;34;34;34;34;34;34;34;34;34;34;34;189;189;189;189;189;189;189;189;189;189;189;189;NA;NA;NA;NA;NA;NA;NA;NA;NA;NA;NA;34;180
2021-05-18;"0-60";9;9;9;9;9;9;9;9;9;9;9;9;94;94;94;94;94;94;94;94;94;94;94;94;1;1;1;1;1;1;1;1;1;1;1;9;89
2021-05-18;"60+";8;8;8;8;8;8;8;8;8;8;8;8;105;105;105;105;105;105;105;105;105;105;105;105;1;1;1;1;1;1;1;1;1;1;1;8;98
2021-05-18;"alle";17;17;17;17;17;17;17;17;17;17;17;17;199;199;199;199;199;199;199;199;199;199;199;199;NA;NA;NA;NA;NA;NA;NA;NA;NA;NA;NA;17;187
2021-05-17;"0-60";6;6;6;6;6;6;6;6;6;6;6;6;106;106;106;106;106;106;106;106;106;106;106;106;1;1;1;1;1;1;1;1;1;1;1;6;101
2021-05-17;"60+";10;10;10;10;10;10;10;10;10;10;10;10;113;113;113;113;113;113;113;113;113;113;113;113;1;1;1;1;1;1;1;1;1;1;1;10;105
2021-05-17;"alle";16;16;16;16;16;16;16;16;16;16;16;16;219;219;219;219;219;219;219;219;219;219;219;219;NA;NA;NA;NA;NA;NA;NA;NA;NA;NA;NA;16;206
2021-05-16;"0-60";8;8;8;8;8;8;8;8;8;8;8;8;108;108;108;108;108;108;108;108;108;108;108;108;1;1;1;1;1;1;1;1;1;1;1;7;103
2021-05-16;"60+";15;15;15;15;15;15;15;15;15;15;15;15;116;116;116;116;116;116;116;116;116;116;116;116;1;1;1;1;1;1;1;1;1;1;1;14;106
2021-05-16;"alle";23;23;23;23;23;23;23;23;23;23;23;23;224;224;224;224;224;224;224;224;224;224;224;224;NA;NA;NA;NA;NA;NA;NA;NA;NA;NA;NA;21;209
2021-05-15;"0-60";11;11;11;11;11;11;11;11;11;11;11;11;112;112;112;112;112;112;112;112;112;112;112;112;1;1;1;1;1;1;1;1;1;1;1;11;106
2021-05-15;"60+";9;9;9;9;9;9;9;9;9;9;9;9;112;112;112;112;112;112;112;112;112;112;112;112;1;1;1;1;1;1;1;1;1;1;1;9;102
2021-05-15;"alle";20;20;20;20;20;20;20;20;20;20;20;20;224;224;224;224;224;224;224;224;224;224;224;224;NA;NA;NA;NA;NA;NA;NA;NA;NA;NA;NA;20;208
2021-05-14;"0-60";16;16;16;16;16;16;16;16;16;16;16;16;131;131;131;131;131;131;131;131;131;131;131;131;1;1;1;1;1;1;1;1;1;1;1;16;122
2021-05-14;"60+";10;10;10;10;10;10;10;10;10;10;10;10;131;131;131;131;131;131;131;131;131;131;131;131;1;1;1;1;1;1;1;1;1;1;1;9;117
2021-05-14;"alle";26;26;26;26;26;26;26;26;26;26;26;26;262;262;262;262;262;262;262;262;262;262;262;262;NA;NA;NA;NA;NA;NA;NA;NA;NA;NA;NA;25;239
2021-05-13;"0-60";21;21;21;21;21;21;21;21;21;21;21;21;145;145;145;145;145;145;145;145;145;145;145;145;1;1;1;1;1;1;1;1;1;1;1;19;135
2021-05-13;"60+";32;32;32;32;32;32;32;32;32;32;32;32;151;151;151;151;151;151;151;151;151;151;151;151;1;1;1;1;1;1;1;1;1;1;1;28;137
2021-05-13;"alle";53;53;53;53;53;53;53;53;53;53;53;53;296;296;296;296;296;296;296;296;296;296;296;296;NA;NA;NA;NA;NA;NA;NA;NA;NA;NA;NA;47;272
2021-05-12;"0-60";23;23;23;23;23;23;23;23;23;23;23;23;157;157;157;157;157;157;157;157;157;157;157;157;1;1;1;1;1;1;1;1;1;1;1;21;147
2021-05-12;"60+";21;21;21;21;21;21;21;21;21;21;21;21;148;148;148;148;148;148;148;148;148;148;148;148;1;1;1;1;1;1;1;1;1;1;1;20;138
2021-05-12;"alle";44;44;44;44;44;44;44;44;44;44;44;44;305;305;305;305;305;305;305;305;305;305;305;305;NA;NA;NA;NA;NA;NA;NA;NA;NA;NA;NA;41;285
2021-05-11;"0-60";21;21;21;21;21;21;21;21;21;21;21;21;155;155;155;155;155;155;155;155;155;155;155;155;1;1;1;1;1;1;1;1;1;1;1;21;145
2021-05-11;"60+";16;16;16;16;16;16;16;16;16;16;16;16;143;143;143;143;143;143;143;143;143;143;143;143;1;1;1;1;1;1;1;1;1;1;1;15;134
2021-05-11;"alle";37;37;37;37;37;37;37;37;37;37;37;37;298;298;298;298;298;298;298;298;298;298;298;298;NA;NA;NA;NA;NA;NA;NA;NA;NA;NA;NA;36;279
2021-05-10;"0-60";8;8;8;8;8;8;8;8;8;8;8;8;158;158;158;158;158;158;158;158;158;158;158;158;1;1;1;1;1;1;1;1;1;1;1;8;146
2021-05-10;"60+";13;13;13;13;13;13;13;13;13;13;13;13;147;147;147;147;147;147;147;147;147;147;147;147;1;1;1;1;1;1;1;1;1;1;1;11;138
2021-05-10;"alle";21;21;21;21;21;21;21;21;21;21;21;21;305;305;305;305;305;305;305;305;305;305;305;305;NA;NA;NA;NA;NA;NA;NA;NA;NA;NA;NA;19;284
2021-05-09;"0-60";12;12;12;12;12;12;12;12;12;12;12;12;165;165;165;165;165;165;165;165;165;165;165;165;1;1;1;1;1;1;1;1;1;1;1;10;150
2021-05-09;"60+";11;11;11;11;11;11;11;11;11;11;11;11;149;149;149;149;149;149;149;149;149;149;149;149;1;1;1;1;1;1;1;1;1;1;1;10;141
2021-05-09;"alle";23;23;23;23;23;23;23;23;23;23;23;23;314;314;314;314;314;314;314;314;314;314;314;314;NA;NA;NA;NA;NA;NA;NA;NA;NA;NA;NA;20;291
2021-05-08;"0-60";30;30;30;30;30;30;30;30;30;30;30;30;179;179;179;179;179;179;179;179;179;179;179;179;1;1;1;1;1;1;1;1;1;1;1;27;164
2021-05-08;"60+";28;28;28;28;28;28;28;28;28;28;28;28;169;169;169;169;169;169;169;169;169;169;169;169;1;1;1;1;1;1;1;1;1;1;1;24;161
2021-05-08;"alle";58;58;58;58;58;58;58;58;58;58;58;58;348;348;348;348;348;348;348;348;348;348;348;348;NA;NA;NA;NA;NA;NA;NA;NA;NA;NA;NA;51;325
2021-05-07;"0-60";30;30;30;30;30;30;30;30;30;30;30;30;185;185;185;185;185;185;185;185;185;185;185;185;1;1;1;1;1;1;1;1;1;1;1;29;171
2021-05-07;"60+";30;30;30;30;30;30;30;30;30;30;30;30;171;171;171;171;171;171;171;171;171;171;171;171;1;1;1;1;1;1;1;1;1;1;1;29;164
2021-05-07;"alle";60;60;60;60;60;60;60;60;60;60;60;60;356;356;356;356;356;356;356;356;356;356;356;356;NA;NA;NA;NA;NA;NA;NA;NA;NA;NA;NA;58;335
2021-05-06;"0-60";33;33;33;33;33;33;33;33;33;33;33;33;184;184;184;184;184;184;184;184;184;184;184;184;1;1;1;1;1;1;1;1;1;1;1;31;169
2021-05-06;"60+";29;29;29;29;29;29;29;29;29;29;29;29;160;160;160;160;160;160;160;160;160;160;160;160;1;1;1;1;1;1;1;1;1;1;1;29;154
2021-05-06;"alle";62;62;62;62;62;62;62;62;62;62;62;62;344;344;344;344;344;344;344;344;344;344;344;344;NA;NA;NA;NA;NA;NA;NA;NA;NA;NA;NA;60;324
2021-05-05;"0-60";21;21;21;21;21;21;21;21;21;21;21;21;198;198;198;198;198;198;198;198;198;198;198;198;1;1;1;1;1;1;1;1;1;1;1;19;182
2021-05-05;"60+";16;16;16;16;16;16;16;16;16;16;16;16;160;160;160;160;160;160;160;160;160;160;160;160;1;1;1;1;1;1;1;1;1;1;1;16;154
2021-05-05;"alle";37;37;37;37;37;37;37;37;37;37;37;37;358;358;358;358;358;358;358;358;358;358;358;358;NA;NA;NA;NA;NA;NA;NA;NA;NA;NA;NA;35;337
2021-05-04;"0-60";24;24;24;24;24;24;24;24;24;24;24;24;199;199;199;199;199;199;199;199;199;199;199;199;1;1;1;1;1;1;1;1;1;1;1;22;183
2021-05-04;"60+";20;20;20;20;20;20;20;20;20;20;20;20;176;176;176;176;176;176;176;176;176;176;176;176;1;1;1;1;1;1;1;1;1;1;1;19;167
2021-05-04;"alle";44;44;44;44;44;44;44;44;44;44;44;44;375;375;375;375;375;375;375;375;375;375;375;375;NA;NA;NA;NA;NA;NA;NA;NA;NA;NA;NA;41;351
2021-05-03;"0-60";15;15;15;15;15;15;15;15;15;15;15;15;207;207;207;207;207;207;207;207;207;207;207;207;1;1;1;1;1;1;1;1;1;1;1;12;190
2021-05-03;"60+";15;15;15;15;15;15;15;15;15;15;15;15;181;181;181;181;181;181;181;181;181;181;181;181;1;1;1;1;1;1;1;1;1;1;1;14;170
2021-05-03;"alle";30;30;30;30;30;30;30;30;30;30;30;30;388;388;388;388;388;388;388;388;388;388;388;388;NA;NA;NA;NA;NA;NA;NA;NA;NA;NA;NA;26;361
2021-05-02;"0-60";26;26;26;26;26;26;26;26;26;26;26;26;205;205;205;205;205;205;205;205;205;205;205;205;1;1;1;1;1;1;1;1;1;1;1;24;191
2021-05-02;"60+";31;31;31;31;31;31;31;31;31;31;31;31;182;182;182;182;182;182;182;182;182;182;182;182;1;1;1;1;1;1;1;1;1;1;1;30;171
2021-05-02;"alle";57;57;57;57;57;57;57;57;57;57;57;57;387;387;387;387;387;387;387;387;387;387;387;387;NA;NA;NA;NA;NA;NA;NA;NA;NA;NA;NA;54;363
2021-05-01;"0-60";36;36;36;36;36;36;36;36;36;36;36;36;222;222;222;222;222;222;222;222;222;222;222;222;1;1;1;1;1;1;1;1;1;1;1;34;209
2021-05-01;"60+";30;30;30;30;30;30;30;30;30;30;30;30;169;169;169;169;169;169;169;169;169;169;169;169;1;1;1;1;1;1;1;1;1;1;1;27;159
2021-05-01;"alle";66;66;66;66;66;66;66;66;66;66;66;66;391;391;391;391;391;391;391;391;391;391;391;391;NA;NA;NA;NA;NA;NA;NA;NA;NA;NA;NA;61;369
2021-04-30;"0-60";29;29;29;29;29;29;29;29;29;29;29;29;213;213;213;213;213;213;213;213;213;213;213;213;1;1;1;1;1;1;1;1;1;1;1;27;200
2021-04-30;"60+";19;19;19;19;19;19;19;19;19;19;19;19;164;164;164;164;164;164;164;164;164;164;164;164;1;1;1;1;1;1;1;1;1;1;1;19;155
2021-04-30;"alle";48;48;48;48;48;48;48;48;48;48;48;48;377;377;377;377;377;377;377;377;377;377;377;377;NA;NA;NA;NA;NA;NA;NA;NA;NA;NA;NA;47;356
2021-04-29;"0-60";47;47;47;47;47;47;47;47;47;47;47;47;215;215;215;215;215;215;215;215;215;215;215;215;1;1;1;1;1;1;1;1;1;1;1;44;202
2021-04-29;"60+";29;29;29;29;29;29;29;29;29;29;29;29;185;185;185;185;185;185;185;185;185;185;185;185;1;1;1;1;1;1;1;1;1;1;1;29;172
2021-04-29;"alle";76;76;76;76;76;76;76;76;76;76;76;76;400;400;400;400;400;400;400;400;400;400;400;400;NA;NA;NA;NA;NA;NA;NA;NA;NA;NA;NA;73;374
2021-04-28;"0-60";22;22;22;22;22;22;22;22;22;22;22;22;207;207;207;207;207;207;207;207;207;207;207;207;1;1;1;1;1;1;1;1;1;1;1;20;196
2021-04-28;"60+";32;32;32;32;32;32;32;32;32;32;32;32;196;196;196;196;196;196;196;196;196;196;196;196;1;1;1;1;1;1;1;1;1;1;1;29;180
2021-04-28;"alle";54;54;54;54;54;54;54;54;54;54;54;54;403;403;403;403;403;403;403;403;403;403;403;403;NA;NA;NA;NA;NA;NA;NA;NA;NA;NA;NA;49;377
2021-04-27;"0-60";32;32;32;32;32;32;32;32;32;32;32;32;226;226;226;226;226;226;226;226;226;226;226;226;1;1;1;1;1;1;1;1;1;1;1;29;211
2021-04-27;"60+";25;25;25;25;25;25;25;25;25;25;25;25;201;201;201;201;201;201;201;201;201;201;201;201;1;1;1;1;1;1;1;1;1;1;1;22;186
2021-04-27;"alle";57;57;57;57;57;57;57;57;57;57;57;57;427;427;427;427;427;427;427;427;427;427;427;427;NA;NA;NA;NA;NA;NA;NA;NA;NA;NA;NA;51;398
2021-04-26;"0-60";13;13;13;13;13;13;13;13;13;13;13;13;225;225;225;225;225;225;225;225;225;225;225;225;1;1;1;1;1;1;1;1;1;1;1;13;209
2021-04-26;"60+";16;16;16;16;16;16;16;16;16;16;16;16;217;217;217;217;217;217;217;217;217;217;217;217;1;1;1;1;1;1;1;1;1;1;1;15;202
2021-04-26;"alle";29;29;29;29;29;29;29;29;29;29;29;29;442;442;442;442;442;442;442;442;442;442;442;442;NA;NA;NA;NA;NA;NA;NA;NA;NA;NA;NA;28;412
2021-04-25;"0-60";43;43;43;43;43;43;43;43;43;43;43;43;224;224;224;224;224;224;224;224;224;224;224;224;1;1;1;1;1;1;1;1;1;1;1;42;207
2021-04-25;"60+";18;18;18;18;18;18;18;18;18;18;18;18;217;217;217;217;217;217;217;217;217;217;217;217;1;1;1;1;1;1;1;1;1;1;1;18;201
2021-04-25;"alle";61;61;61;61;61;61;61;61;61;61;61;61;441;441;441;441;441;441;441;441;441;441;441;441;NA;NA;NA;NA;NA;NA;NA;NA;NA;NA;NA;60;409
2021-04-24;"0-60";27;27;27;27;27;27;27;27;27;27;27;27;206;206;206;206;206;206;206;206;206;206;206;206;1;1;1;1;1;1;1;1;1;1;1;25;188
2021-04-24;"60+";25;25;25;25;25;25;25;25;25;25;25;25;234;234;234;234;234;234;234;234;234;234;234;234;1;1;1;1;1;1;1;1;1;1;1;23;216
2021-04-24;"alle";52;52;52;52;52;52;52;52;52;52;52;52;440;440;440;440;440;440;440;440;440;440;440;440;NA;NA;NA;NA;NA;NA;NA;NA;NA;NA;NA;48;405
2021-04-23;"0-60";31;31;31;31;31;31;31;31;31;31;31;31;209;209;209;209;209;209;209;209;209;209;209;209;1;1;1;1;1;1;1;1;1;1;1;29;189
2021-04-23;"60+";40;40;40;40;40;40;40;40;40;40;40;40;248;248;248;248;248;248;248;248;248;248;248;248;1;1;1;1;1;1;1;1;1;1;1;36;229
2021-04-23;"alle";71;71;71;71;71;71;71;71;71;71;71;71;457;457;457;457;457;457;457;457;457;457;457;457;NA;NA;NA;NA;NA;NA;NA;NA;NA;NA;NA;65;420
2021-04-22;"0-60";39;39;39;39;39;39;39;39;39;39;39;39;217;217;217;217;217;217;217;217;217;217;217;217;1;1;1;1;1;1;1;1;1;1;1;38;194
2021-04-22;"60+";40;40;40;40;40;40;40;40;40;40;40;40;251;251;251;251;251;251;251;251;251;251;251;251;1;1;1;1;1;1;1;1;1;1;1;37;232
2021-04-22;"alle";79;79;79;79;79;79;79;79;79;79;79;79;468;468;468;468;468;468;468;468;468;468;468;468;NA;NA;NA;NA;NA;NA;NA;NA;NA;NA;NA;76;429
2021-04-21;"0-60";41;41;41;41;41;41;41;41;41;41;41;41;217;217;217;217;217;217;217;217;217;217;217;217;1;1;1;1;1;1;1;1;1;1;1;35;191
2021-04-21;"60+";37;37;37;37;37;37;37;37;37;37;37;37;263;263;263;263;263;263;263;263;263;263;263;263;1;1;1;1;1;1;1;1;1;1;1;35;244
2021-04-21;"alle";78;78;78;78;78;78;78;78;78;78;78;78;480;480;480;480;480;480;480;480;480;480;480;480;NA;NA;NA;NA;NA;NA;NA;NA;NA;NA;NA;70;438
2021-04-20;"0-60";31;31;31;31;31;31;31;31;31;31;31;31;203;203;203;203;203;203;203;203;203;203;203;203;1;1;1;1;1;1;1;1;1;1;1;27;179
2021-04-20;"60+";41;41;41;41;41;41;41;41;41;41;41;41;272;272;272;272;272;272;272;272;272;272;272;272;1;1;1;1;1;1;1;1;1;1;1;38;253
2021-04-20;"alle";72;72;72;72;72;72;72;72;72;72;72;72;475;475;475;475;475;475;475;475;475;475;475;475;NA;NA;NA;NA;NA;NA;NA;NA;NA;NA;NA;65;435
2021-04-19;"0-60";12;12;12;12;12;12;12;12;12;12;12;12;199;199;199;199;199;199;199;199;199;199;199;199;1;1;1;1;1;1;1;1;1;1;1;11;177
2021-04-19;"60+";16;16;16;16;16;16;16;16;16;16;16;16;267;267;267;267;267;267;267;267;267;267;267;267;1;1;1;1;1;1;1;1;1;1;1;14;250
2021-04-19;"alle";28;28;28;28;28;28;28;28;28;28;28;28;466;466;466;466;466;466;466;466;466;466;466;466;NA;NA;NA;NA;NA;NA;NA;NA;NA;NA;NA;25;430
2021-04-18;"0-60";25;25;25;25;25;25;25;25;25;25;25;25;201;201;201;201;201;201;201;201;201;201;201;201;1;1;1;1;1;1;1;1;1;1;1;23;179
2021-04-18;"60+";35;35;35;35;35;35;35;35;35;35;35;35;266;266;266;266;266;266;266;266;266;266;266;266;1;1;1;1;1;1;1;1;1;1;1;33;249
2021-04-18;"alle";60;60;60;60;60;60;60;60;60;60;60;60;467;467;467;467;467;467;467;467;467;467;467;467;NA;NA;NA;NA;NA;NA;NA;NA;NA;NA;NA;56;431
2021-04-17;"0-60";30;30;30;30;30;30;30;30;30;30;30;30;213;213;213;213;213;213;213;213;213;213;213;213;1;1;1;1;1;1;1;1;1;1;1;26;191
2021-04-17;"60+";39;39;39;39;39;39;39;39;39;39;39;39;255;255;255;255;255;255;255;255;255;255;255;255;1;1;1;1;1;1;1;1;1;1;1;36;240
2021-04-17;"alle";69;69;69;69;69;69;69;69;69;69;69;69;468;468;468;468;468;468;468;468;468;468;468;468;NA;NA;NA;NA;NA;NA;NA;NA;NA;NA;NA;63;434
2021-04-16;"0-60";39;39;39;39;39;39;39;39;39;39;39;39;228;228;228;228;228;228;228;228;228;228;228;228;1;1;1;1;1;1;1;1;1;1;1;34;206
2021-04-16;"60+";43;43;43;43;43;43;43;43;43;43;43;43;259;259;259;259;259;259;259;259;259;259;259;259;1;1;1;1;1;1;1;1;1;1;1;39;240
2021-04-16;"alle";82;82;82;82;82;82;82;82;82;82;82;82;487;487;487;487;487;487;487;487;487;487;487;487;NA;NA;NA;NA;NA;NA;NA;NA;NA;NA;NA;74;449
2021-04-15;"0-60";39;39;39;39;39;39;39;39;39;39;39;39;220;220;220;220;220;220;220;220;220;220;220;220;1;1;1;1;1;1;1;1;1;1;1;35;201
2021-04-15;"60+";52;52;52;52;52;52;52;52;52;52;52;52;242;242;242;242;242;242;242;242;242;242;242;242;1;1;1;1;1;1;1;1;1;1;1;49;223
2021-04-15;"alle";91;91;91;91;91;91;91;91;91;91;91;91;462;462;462;462;462;462;462;462;462;462;462;462;NA;NA;NA;NA;NA;NA;NA;NA;NA;NA;NA;85;426
2021-04-14;"0-60";27;27;27;27;27;27;27;27;27;27;27;27;226;226;226;226;226;226;226;226;226;226;226;226;1;1;1;1;1;1;1;1;1;1;1;23;205
2021-04-14;"60+";46;46;46;46;46;46;46;46;46;46;46;46;236;236;236;236;236;236;236;236;236;236;236;236;1;1;1;1;1;1;1;1;1;1;1;44;214
2021-04-14;"alle";73;73;73;73;73;73;73;73;73;73;73;73;462;462;462;462;462;462;462;462;462;462;462;462;NA;NA;NA;NA;NA;NA;NA;NA;NA;NA;NA;67;420
2021-04-13;"0-60";27;27;27;27;27;27;27;27;27;27;27;27;227;227;227;227;227;227;227;227;227;227;227;227;1;1;1;1;1;1;1;1;1;1;1;25;206
2021-04-13;"60+";36;36;36;36;36;36;36;36;36;36;36;36;227;227;227;227;227;227;227;227;227;227;227;227;1;1;1;1;1;1;1;1;1;1;1;35;204
2021-04-13;"alle";63;63;63;63;63;63;63;63;63;63;63;63;454;454;454;454;454;454;454;454;454;454;454;454;NA;NA;NA;NA;NA;NA;NA;NA;NA;NA;NA;60;411
2021-04-12;"0-60";14;14;14;14;14;14;14;14;14;14;14;14;211;211;211;211;211;211;211;211;211;211;211;211;1;1;1;1;1;1;1;1;1;1;1;13;192
2021-04-12;"60+";15;15;15;15;15;15;15;15;15;15;15;15;220;220;220;220;220;220;220;220;220;220;220;220;1;1;1;1;1;1;1;1;1;1;1;13;198
2021-04-12;"alle";29;29;29;29;29;29;29;29;29;29;29;29;431;431;431;431;431;431;431;431;431;431;431;431;NA;NA;NA;NA;NA;NA;NA;NA;NA;NA;NA;26;391
2021-04-11;"0-60";37;37;37;37;37;37;37;37;37;37;37;37;NA;NA;NA;NA;NA;NA;NA;NA;NA;NA;NA;NA;1;1;1;1;1;1;1;1;1;1;1;35;NA
2021-04-11;"60+";24;24;24;24;24;24;24;24;24;24;24;24;NA;NA;NA;NA;NA;NA;NA;NA;NA;NA;NA;NA;1;1;1;1;1;1;1;1;1;1;1;24;NA
2021-04-11;"alle";61;61;61;61;61;61;61;61;61;61;61;61;NA;NA;NA;NA;NA;NA;NA;NA;NA;NA;NA;NA;NA;NA;NA;NA;NA;NA;NA;NA;NA;NA;NA;59;NA
2021-04-10;"0-60";45;45;45;45;45;45;45;45;45;45;45;45;NA;NA;NA;NA;NA;NA;NA;NA;NA;NA;NA;NA;1;1;1;1;1;1;1;1;1;1;1;41;NA
2021-04-10;"60+";43;43;43;43;43;43;43;43;43;43;43;43;NA;NA;NA;NA;NA;NA;NA;NA;NA;NA;NA;NA;1;1;1;1;1;1;1;1;1;1;1;36;NA
2021-04-10;"alle";88;88;88;88;88;88;88;88;88;88;88;88;NA;NA;NA;NA;NA;NA;NA;NA;NA;NA;NA;NA;NA;NA;NA;NA;NA;NA;NA;NA;NA;NA;NA;78;NA
2021-04-09;"0-60";31;31;31;31;31;31;31;31;31;31;31;31;NA;NA;NA;NA;NA;NA;NA;NA;NA;NA;NA;NA;1;1;1;1;1;1;1;1;1;1;1;29;NA
2021-04-09;"60+";26;26;26;26;26;26;26;26;26;26;26;26;NA;NA;NA;NA;NA;NA;NA;NA;NA;NA;NA;NA;1;1;1;1;1;1;1;1;1;1;1;22;NA
2021-04-09;"alle";57;57;57;57;57;57;57;57;57;57;57;57;NA;NA;NA;NA;NA;NA;NA;NA;NA;NA;NA;NA;NA;NA;NA;NA;NA;NA;NA;NA;NA;NA;NA;51;NA
2021-04-08;"0-60";45;45;45;45;45;45;45;45;45;45;45;45;NA;NA;NA;NA;NA;NA;NA;NA;NA;NA;NA;NA;1;1;1;1;1;1;1;1;1;1;1;39;NA
2021-04-08;"60+";46;46;46;46;46;46;46;46;46;46;46;46;NA;NA;NA;NA;NA;NA;NA;NA;NA;NA;NA;NA;1;1;1;1;1;1;1;1;1;1;1;40;NA
2021-04-08;"alle";91;91;91;91;91;91;91;91;91;91;91;91;NA;NA;NA;NA;NA;NA;NA;NA;NA;NA;NA;NA;NA;NA;NA;NA;NA;NA;NA;NA;NA;NA;NA;79;NA
2021-04-07;"0-60";28;28;28;28;28;28;28;28;28;28;28;28;NA;NA;NA;NA;NA;NA;NA;NA;NA;NA;NA;NA;1;1;1;1;1;1;1;1;1;1;1;24;NA
2021-04-07;"60+";37;37;37;37;37;37;37;37;37;37;37;37;NA;NA;NA;NA;NA;NA;NA;NA;NA;NA;NA;NA;1;1;1;1;1;1;1;1;1;1;1;34;NA
2021-04-07;"alle";65;65;65;65;65;65;65;65;65;65;65;65;NA;NA;NA;NA;NA;NA;NA;NA;NA;NA;NA;NA;NA;NA;NA;NA;NA;NA;NA;NA;NA;NA;NA;58;NA
2021-04-06;"0-60";11;11;11;11;11;11;11;11;11;11;11;11;NA;NA;NA;NA;NA;NA;NA;NA;NA;NA;NA;NA;1;1;1;1;1;1;1;1;1;1;1;11;NA
2021-04-06;"60+";29;29;29;29;29;29;29;29;29;29;29;29;NA;NA;NA;NA;NA;NA;NA;NA;NA;NA;NA;NA;1;1;1;1;1;1;1;1;1;1;1;29;NA
2021-04-06;"alle";40;40;40;40;40;40;40;40;40;40;40;40;NA;NA;NA;NA;NA;NA;NA;NA;NA;NA;NA;NA;NA;NA;NA;NA;NA;NA;NA;NA;NA;NA;NA;40;NA
