location,age_group,forecast_date,target_end_date,target,type,quantile,value,pathogen
DE,00-04,2022-03-15,2022-03-15,0 day ahead inc hosp,mean,NA,521.9,COVID-19
DE,05-14,2022-03-15,2022-03-15,0 day ahead inc hosp,mean,NA,300.9,COVID-19
DE,15-34,2022-03-15,2022-03-15,0 day ahead inc hosp,mean,NA,1290,COVID-19
DE,35-59,2022-03-15,2022-03-15,0 day ahead inc hosp,mean,NA,1947.6,COVID-19
DE,60-79,2022-03-15,2022-03-15,0 day ahead inc hosp,mean,NA,3191.6,COVID-19
DE,80+,2022-03-15,2022-03-15,0 day ahead inc hosp,mean,NA,3827.2,COVID-19
DE,00+,2022-03-15,2022-03-15,0 day ahead inc hosp,mean,NA,11079.3,COVID-19
DE,00-04,2022-03-15,2022-03-14,-1 day ahead inc hosp,mean,NA,477.4,COVID-19
DE,05-14,2022-03-15,2022-03-14,-1 day ahead inc hosp,mean,NA,293.7,COVID-19
DE,15-34,2022-03-15,2022-03-14,-1 day ahead inc hosp,mean,NA,1277.8,COVID-19
DE,35-59,2022-03-15,2022-03-14,-1 day ahead inc hosp,mean,NA,1873.1,COVID-19
DE,60-79,2022-03-15,2022-03-14,-1 day ahead inc hosp,mean,NA,3118.3,COVID-19
DE,80+,2022-03-15,2022-03-14,-1 day ahead inc hosp,mean,NA,3721.9,COVID-19
DE,00+,2022-03-15,2022-03-14,-1 day ahead inc hosp,mean,NA,10762.4,COVID-19
DE,00-04,2022-03-15,2022-03-13,-2 day ahead inc hosp,mean,NA,485.2,COVID-19
DE,05-14,2022-03-15,2022-03-13,-2 day ahead inc hosp,mean,NA,303.4,COVID-19
DE,15-34,2022-03-15,2022-03-13,-2 day ahead inc hosp,mean,NA,1266.2,COVID-19
DE,35-59,2022-03-15,2022-03-13,-2 day ahead inc hosp,mean,NA,1864.8,COVID-19
DE,60-79,2022-03-15,2022-03-13,-2 day ahead inc hosp,mean,NA,3064.6,COVID-19
DE,80+,2022-03-15,2022-03-13,-2 day ahead inc hosp,mean,NA,3643.6,COVID-19
DE,00+,2022-03-15,2022-03-13,-2 day ahead inc hosp,mean,NA,10627.8,COVID-19
DE,00-04,2022-03-15,2022-03-12,-3 day ahead inc hosp,mean,NA,446.8,COVID-19
DE,05-14,2022-03-15,2022-03-12,-3 day ahead inc hosp,mean,NA,288.5,COVID-19
DE,15-34,2022-03-15,2022-03-12,-3 day ahead inc hosp,mean,NA,1260,COVID-19
DE,35-59,2022-03-15,2022-03-12,-3 day ahead inc hosp,mean,NA,1812.1,COVID-19
DE,60-79,2022-03-15,2022-03-12,-3 day ahead inc hosp,mean,NA,2986.4,COVID-19
DE,80+,2022-03-15,2022-03-12,-3 day ahead inc hosp,mean,NA,3559.7,COVID-19
DE,00+,2022-03-15,2022-03-12,-3 day ahead inc hosp,mean,NA,10353.5,COVID-19
DE,00-04,2022-03-15,2022-03-11,-4 day ahead inc hosp,mean,NA,418.2,COVID-19
DE,05-14,2022-03-15,2022-03-11,-4 day ahead inc hosp,mean,NA,286.9,COVID-19
DE,15-34,2022-03-15,2022-03-11,-4 day ahead inc hosp,mean,NA,1261.7,COVID-19
DE,35-59,2022-03-15,2022-03-11,-4 day ahead inc hosp,mean,NA,1807.8,COVID-19
DE,60-79,2022-03-15,2022-03-11,-4 day ahead inc hosp,mean,NA,2923.4,COVID-19
DE,80+,2022-03-15,2022-03-11,-4 day ahead inc hosp,mean,NA,3386.8,COVID-19
DE,00+,2022-03-15,2022-03-11,-4 day ahead inc hosp,mean,NA,10084.7,COVID-19
DE,00-04,2022-03-15,2022-03-10,-5 day ahead inc hosp,mean,NA,392.3,COVID-19
DE,05-14,2022-03-15,2022-03-10,-5 day ahead inc hosp,mean,NA,289.8,COVID-19
DE,15-34,2022-03-15,2022-03-10,-5 day ahead inc hosp,mean,NA,1228.4,COVID-19
DE,35-59,2022-03-15,2022-03-10,-5 day ahead inc hosp,mean,NA,1766,COVID-19
DE,60-79,2022-03-15,2022-03-10,-5 day ahead inc hosp,mean,NA,2920.7,COVID-19
DE,80+,2022-03-15,2022-03-10,-5 day ahead inc hosp,mean,NA,3299.1,COVID-19
DE,00+,2022-03-15,2022-03-10,-5 day ahead inc hosp,mean,NA,9896.3,COVID-19
DE,00-04,2022-03-15,2022-03-09,-6 day ahead inc hosp,mean,NA,399.1,COVID-19
DE,05-14,2022-03-15,2022-03-09,-6 day ahead inc hosp,mean,NA,295.7,COVID-19
DE,15-34,2022-03-15,2022-03-09,-6 day ahead inc hosp,mean,NA,1215.4,COVID-19
DE,35-59,2022-03-15,2022-03-09,-6 day ahead inc hosp,mean,NA,1724.4,COVID-19
DE,60-79,2022-03-15,2022-03-09,-6 day ahead inc hosp,mean,NA,2841.8,COVID-19
DE,80+,2022-03-15,2022-03-09,-6 day ahead inc hosp,mean,NA,3246.3,COVID-19
DE,00+,2022-03-15,2022-03-09,-6 day ahead inc hosp,mean,NA,9722.6,COVID-19
DE,00-04,2022-03-15,2022-03-08,-7 day ahead inc hosp,mean,NA,400.6,COVID-19
DE,05-14,2022-03-15,2022-03-08,-7 day ahead inc hosp,mean,NA,293.2,COVID-19
DE,15-34,2022-03-15,2022-03-08,-7 day ahead inc hosp,mean,NA,1166.4,COVID-19
DE,35-59,2022-03-15,2022-03-08,-7 day ahead inc hosp,mean,NA,1677.8,COVID-19
DE,60-79,2022-03-15,2022-03-08,-7 day ahead inc hosp,mean,NA,2760.1,COVID-19
DE,80+,2022-03-15,2022-03-08,-7 day ahead inc hosp,mean,NA,3116.3,COVID-19
DE,00+,2022-03-15,2022-03-08,-7 day ahead inc hosp,mean,NA,9414.3,COVID-19
DE,00-04,2022-03-15,2022-03-07,-8 day ahead inc hosp,mean,NA,392.1,COVID-19
DE,05-14,2022-03-15,2022-03-07,-8 day ahead inc hosp,mean,NA,269.5,COVID-19
DE,15-34,2022-03-15,2022-03-07,-8 day ahead inc hosp,mean,NA,1158,COVID-19
DE,35-59,2022-03-15,2022-03-07,-8 day ahead inc hosp,mean,NA,1709.8,COVID-19
DE,60-79,2022-03-15,2022-03-07,-8 day ahead inc hosp,mean,NA,2737.9,COVID-19
DE,80+,2022-03-15,2022-03-07,-8 day ahead inc hosp,mean,NA,3043.8,COVID-19
DE,00+,2022-03-15,2022-03-07,-8 day ahead inc hosp,mean,NA,9311,COVID-19
DE,00-04,2022-03-15,2022-03-06,-9 day ahead inc hosp,mean,NA,378.4,COVID-19
DE,05-14,2022-03-15,2022-03-06,-9 day ahead inc hosp,mean,NA,257,COVID-19
DE,15-34,2022-03-15,2022-03-06,-9 day ahead inc hosp,mean,NA,1116.7,COVID-19
DE,35-59,2022-03-15,2022-03-06,-9 day ahead inc hosp,mean,NA,1697.2,COVID-19
DE,60-79,2022-03-15,2022-03-06,-9 day ahead inc hosp,mean,NA,2720.2,COVID-19
DE,80+,2022-03-15,2022-03-06,-9 day ahead inc hosp,mean,NA,3091.8,COVID-19
DE,00+,2022-03-15,2022-03-06,-9 day ahead inc hosp,mean,NA,9261.3,COVID-19
DE,00-04,2022-03-15,2022-03-05,-10 day ahead inc hosp,mean,NA,381.2,COVID-19
DE,05-14,2022-03-15,2022-03-05,-10 day ahead inc hosp,mean,NA,257.6,COVID-19
DE,15-34,2022-03-15,2022-03-05,-10 day ahead inc hosp,mean,NA,1082.9,COVID-19
DE,35-59,2022-03-15,2022-03-05,-10 day ahead inc hosp,mean,NA,1708.1,COVID-19
DE,60-79,2022-03-15,2022-03-05,-10 day ahead inc hosp,mean,NA,2763,COVID-19
DE,80+,2022-03-15,2022-03-05,-10 day ahead inc hosp,mean,NA,3083.1,COVID-19
DE,00+,2022-03-15,2022-03-05,-10 day ahead inc hosp,mean,NA,9276,COVID-19
DE,00-04,2022-03-15,2022-03-04,-11 day ahead inc hosp,mean,NA,385.5,COVID-19
DE,05-14,2022-03-15,2022-03-04,-11 day ahead inc hosp,mean,NA,255.4,COVID-19
DE,15-34,2022-03-15,2022-03-04,-11 day ahead inc hosp,mean,NA,1047.9,COVID-19
DE,35-59,2022-03-15,2022-03-04,-11 day ahead inc hosp,mean,NA,1661.4,COVID-19
DE,60-79,2022-03-15,2022-03-04,-11 day ahead inc hosp,mean,NA,2739.2,COVID-19
DE,80+,2022-03-15,2022-03-04,-11 day ahead inc hosp,mean,NA,3133.8,COVID-19
DE,00+,2022-03-15,2022-03-04,-11 day ahead inc hosp,mean,NA,9223.1,COVID-19
DE,00-04,2022-03-15,2022-03-03,-12 day ahead inc hosp,mean,NA,411.7,COVID-19
DE,05-14,2022-03-15,2022-03-03,-12 day ahead inc hosp,mean,NA,248.2,COVID-19
DE,15-34,2022-03-15,2022-03-03,-12 day ahead inc hosp,mean,NA,1044.4,COVID-19
DE,35-59,2022-03-15,2022-03-03,-12 day ahead inc hosp,mean,NA,1677,COVID-19
DE,60-79,2022-03-15,2022-03-03,-12 day ahead inc hosp,mean,NA,2676.4,COVID-19
DE,80+,2022-03-15,2022-03-03,-12 day ahead inc hosp,mean,NA,3098.8,COVID-19
DE,00+,2022-03-15,2022-03-03,-12 day ahead inc hosp,mean,NA,9156.6,COVID-19
DE,00-04,2022-03-15,2022-03-02,-13 day ahead inc hosp,mean,NA,393.9,COVID-19
DE,05-14,2022-03-15,2022-03-02,-13 day ahead inc hosp,mean,NA,231.4,COVID-19
DE,15-34,2022-03-15,2022-03-02,-13 day ahead inc hosp,mean,NA,1043.8,COVID-19
DE,35-59,2022-03-15,2022-03-02,-13 day ahead inc hosp,mean,NA,1679.6,COVID-19
DE,60-79,2022-03-15,2022-03-02,-13 day ahead inc hosp,mean,NA,2706.7,COVID-19
DE,80+,2022-03-15,2022-03-02,-13 day ahead inc hosp,mean,NA,3083.1,COVID-19
DE,00+,2022-03-15,2022-03-02,-13 day ahead inc hosp,mean,NA,9138.5,COVID-19
DE,00-04,2022-03-15,2022-03-01,-14 day ahead inc hosp,mean,NA,385.9,COVID-19
DE,05-14,2022-03-15,2022-03-01,-14 day ahead inc hosp,mean,NA,250.1,COVID-19
DE,15-34,2022-03-15,2022-03-01,-14 day ahead inc hosp,mean,NA,1057.8,COVID-19
DE,35-59,2022-03-15,2022-03-01,-14 day ahead inc hosp,mean,NA,1739.2,COVID-19
DE,60-79,2022-03-15,2022-03-01,-14 day ahead inc hosp,mean,NA,2720.3,COVID-19
DE,80+,2022-03-15,2022-03-01,-14 day ahead inc hosp,mean,NA,3099.4,COVID-19
DE,00+,2022-03-15,2022-03-01,-14 day ahead inc hosp,mean,NA,9252.6,COVID-19
DE,00-04,2022-03-15,2022-02-28,-15 day ahead inc hosp,mean,NA,386.4,COVID-19
DE,05-14,2022-03-15,2022-02-28,-15 day ahead inc hosp,mean,NA,269,COVID-19
DE,15-34,2022-03-15,2022-02-28,-15 day ahead inc hosp,mean,NA,1098.6,COVID-19
DE,35-59,2022-03-15,2022-02-28,-15 day ahead inc hosp,mean,NA,1765.6,COVID-19
DE,60-79,2022-03-15,2022-02-28,-15 day ahead inc hosp,mean,NA,2785.7,COVID-19
DE,80+,2022-03-15,2022-02-28,-15 day ahead inc hosp,mean,NA,3143,COVID-19
DE,00+,2022-03-15,2022-02-28,-15 day ahead inc hosp,mean,NA,9448.3,COVID-19
DE,00-04,2022-03-15,2022-02-27,-16 day ahead inc hosp,mean,NA,397,COVID-19
DE,05-14,2022-03-15,2022-02-27,-16 day ahead inc hosp,mean,NA,274.8,COVID-19
DE,15-34,2022-03-15,2022-02-27,-16 day ahead inc hosp,mean,NA,1116.1,COVID-19
DE,35-59,2022-03-15,2022-02-27,-16 day ahead inc hosp,mean,NA,1802.9,COVID-19
DE,60-79,2022-03-15,2022-02-27,-16 day ahead inc hosp,mean,NA,2831.1,COVID-19
DE,80+,2022-03-15,2022-02-27,-16 day ahead inc hosp,mean,NA,3140.2,COVID-19
DE,00+,2022-03-15,2022-02-27,-16 day ahead inc hosp,mean,NA,9562.1,COVID-19
DE,00-04,2022-03-15,2022-02-26,-17 day ahead inc hosp,mean,NA,391.3,COVID-19
DE,05-14,2022-03-15,2022-02-26,-17 day ahead inc hosp,mean,NA,292.1,COVID-19
DE,15-34,2022-03-15,2022-02-26,-17 day ahead inc hosp,mean,NA,1125.6,COVID-19
DE,35-59,2022-03-15,2022-02-26,-17 day ahead inc hosp,mean,NA,1812.2,COVID-19
DE,60-79,2022-03-15,2022-02-26,-17 day ahead inc hosp,mean,NA,2814.4,COVID-19
DE,80+,2022-03-15,2022-02-26,-17 day ahead inc hosp,mean,NA,3117.6,COVID-19
DE,00+,2022-03-15,2022-02-26,-17 day ahead inc hosp,mean,NA,9553.1,COVID-19
DE,00-04,2022-03-15,2022-02-25,-18 day ahead inc hosp,mean,NA,402.3,COVID-19
DE,05-14,2022-03-15,2022-02-25,-18 day ahead inc hosp,mean,NA,302.3,COVID-19
DE,15-34,2022-03-15,2022-02-25,-18 day ahead inc hosp,mean,NA,1137.2,COVID-19
DE,35-59,2022-03-15,2022-02-25,-18 day ahead inc hosp,mean,NA,1832.9,COVID-19
DE,60-79,2022-03-15,2022-02-25,-18 day ahead inc hosp,mean,NA,2811.5,COVID-19
DE,80+,2022-03-15,2022-02-25,-18 day ahead inc hosp,mean,NA,3108.9,COVID-19
DE,00+,2022-03-15,2022-02-25,-18 day ahead inc hosp,mean,NA,9595.1,COVID-19
DE,00-04,2022-03-15,2022-02-24,-19 day ahead inc hosp,mean,NA,388.3,COVID-19
DE,05-14,2022-03-15,2022-02-24,-19 day ahead inc hosp,mean,NA,305.8,COVID-19
DE,15-34,2022-03-15,2022-02-24,-19 day ahead inc hosp,mean,NA,1149.6,COVID-19
DE,35-59,2022-03-15,2022-02-24,-19 day ahead inc hosp,mean,NA,1850.3,COVID-19
DE,60-79,2022-03-15,2022-02-24,-19 day ahead inc hosp,mean,NA,2850.5,COVID-19
DE,80+,2022-03-15,2022-02-24,-19 day ahead inc hosp,mean,NA,3165.8,COVID-19
DE,00+,2022-03-15,2022-02-24,-19 day ahead inc hosp,mean,NA,9710.2,COVID-19
DE,00-04,2022-03-15,2022-02-23,-20 day ahead inc hosp,mean,NA,387.6,COVID-19
DE,05-14,2022-03-15,2022-02-23,-20 day ahead inc hosp,mean,NA,326,COVID-19
DE,15-34,2022-03-15,2022-02-23,-20 day ahead inc hosp,mean,NA,1143.1,COVID-19
DE,35-59,2022-03-15,2022-02-23,-20 day ahead inc hosp,mean,NA,1914.9,COVID-19
DE,60-79,2022-03-15,2022-02-23,-20 day ahead inc hosp,mean,NA,2869.6,COVID-19
DE,80+,2022-03-15,2022-02-23,-20 day ahead inc hosp,mean,NA,3126.8,COVID-19
DE,00+,2022-03-15,2022-02-23,-20 day ahead inc hosp,mean,NA,9768,COVID-19
DE,00-04,2022-03-15,2022-02-22,-21 day ahead inc hosp,mean,NA,404.9,COVID-19
DE,05-14,2022-03-15,2022-02-22,-21 day ahead inc hosp,mean,NA,328.7,COVID-19
DE,15-34,2022-03-15,2022-02-22,-21 day ahead inc hosp,mean,NA,1171.7,COVID-19
DE,35-59,2022-03-15,2022-02-22,-21 day ahead inc hosp,mean,NA,1925,COVID-19
DE,60-79,2022-03-15,2022-02-22,-21 day ahead inc hosp,mean,NA,2845.8,COVID-19
DE,80+,2022-03-15,2022-02-22,-21 day ahead inc hosp,mean,NA,3195.6,COVID-19
DE,00+,2022-03-15,2022-02-22,-21 day ahead inc hosp,mean,NA,9871.6,COVID-19
DE,00-04,2022-03-15,2022-02-21,-22 day ahead inc hosp,mean,NA,415.4,COVID-19
DE,05-14,2022-03-15,2022-02-21,-22 day ahead inc hosp,mean,NA,325.9,COVID-19
DE,15-34,2022-03-15,2022-02-21,-22 day ahead inc hosp,mean,NA,1190.4,COVID-19
DE,35-59,2022-03-15,2022-02-21,-22 day ahead inc hosp,mean,NA,1922.7,COVID-19
DE,60-79,2022-03-15,2022-02-21,-22 day ahead inc hosp,mean,NA,2772.6,COVID-19
DE,80+,2022-03-15,2022-02-21,-22 day ahead inc hosp,mean,NA,3177.1,COVID-19
DE,00+,2022-03-15,2022-02-21,-22 day ahead inc hosp,mean,NA,9804.1,COVID-19
DE,00-04,2022-03-15,2022-02-20,-23 day ahead inc hosp,mean,NA,409.9,COVID-19
DE,05-14,2022-03-15,2022-02-20,-23 day ahead inc hosp,mean,NA,325.1,COVID-19
DE,15-34,2022-03-15,2022-02-20,-23 day ahead inc hosp,mean,NA,1198.8,COVID-19
DE,35-59,2022-03-15,2022-02-20,-23 day ahead inc hosp,mean,NA,1907.6,COVID-19
DE,60-79,2022-03-15,2022-02-20,-23 day ahead inc hosp,mean,NA,2751.5,COVID-19
DE,80+,2022-03-15,2022-02-20,-23 day ahead inc hosp,mean,NA,3145.3,COVID-19
DE,00+,2022-03-15,2022-02-20,-23 day ahead inc hosp,mean,NA,9738.2,COVID-19
DE,00-04,2022-03-15,2022-02-19,-24 day ahead inc hosp,mean,NA,411.7,COVID-19
DE,05-14,2022-03-15,2022-02-19,-24 day ahead inc hosp,mean,NA,329.4,COVID-19
DE,15-34,2022-03-15,2022-02-19,-24 day ahead inc hosp,mean,NA,1193.2,COVID-19
DE,35-59,2022-03-15,2022-02-19,-24 day ahead inc hosp,mean,NA,1881.3,COVID-19
DE,60-79,2022-03-15,2022-02-19,-24 day ahead inc hosp,mean,NA,2697.5,COVID-19
DE,80+,2022-03-15,2022-02-19,-24 day ahead inc hosp,mean,NA,3146.7,COVID-19
DE,00+,2022-03-15,2022-02-19,-24 day ahead inc hosp,mean,NA,9659.9,COVID-19
DE,00-04,2022-03-15,2022-02-18,-25 day ahead inc hosp,mean,NA,410.5,COVID-19
DE,05-14,2022-03-15,2022-02-18,-25 day ahead inc hosp,mean,NA,329.3,COVID-19
DE,15-34,2022-03-15,2022-02-18,-25 day ahead inc hosp,mean,NA,1201.9,COVID-19
DE,35-59,2022-03-15,2022-02-18,-25 day ahead inc hosp,mean,NA,1947.6,COVID-19
DE,60-79,2022-03-15,2022-02-18,-25 day ahead inc hosp,mean,NA,2663.8,COVID-19
DE,80+,2022-03-15,2022-02-18,-25 day ahead inc hosp,mean,NA,3125.6,COVID-19
DE,00+,2022-03-15,2022-02-18,-25 day ahead inc hosp,mean,NA,9678.7,COVID-19
DE,00-04,2022-03-15,2022-02-17,-26 day ahead inc hosp,mean,NA,412,COVID-19
DE,05-14,2022-03-15,2022-02-17,-26 day ahead inc hosp,mean,NA,347,COVID-19
DE,15-34,2022-03-15,2022-02-17,-26 day ahead inc hosp,mean,NA,1227.6,COVID-19
DE,35-59,2022-03-15,2022-02-17,-26 day ahead inc hosp,mean,NA,1936.5,COVID-19
DE,60-79,2022-03-15,2022-02-17,-26 day ahead inc hosp,mean,NA,2617.7,COVID-19
DE,80+,2022-03-15,2022-02-17,-26 day ahead inc hosp,mean,NA,3054.4,COVID-19
DE,00+,2022-03-15,2022-02-17,-26 day ahead inc hosp,mean,NA,9595.3,COVID-19
DE,00-04,2022-03-15,2022-02-16,-27 day ahead inc hosp,mean,NA,422.7,COVID-19
DE,05-14,2022-03-15,2022-02-16,-27 day ahead inc hosp,mean,NA,343.2,COVID-19
DE,15-34,2022-03-15,2022-02-16,-27 day ahead inc hosp,mean,NA,1257.5,COVID-19
DE,35-59,2022-03-15,2022-02-16,-27 day ahead inc hosp,mean,NA,1953,COVID-19
DE,60-79,2022-03-15,2022-02-16,-27 day ahead inc hosp,mean,NA,2571.6,COVID-19
DE,80+,2022-03-15,2022-02-16,-27 day ahead inc hosp,mean,NA,3032.6,COVID-19
DE,00+,2022-03-15,2022-02-16,-27 day ahead inc hosp,mean,NA,9580.7,COVID-19
DE,00-04,2022-03-15,2022-02-15,-28 day ahead inc hosp,mean,NA,403.6,COVID-19
DE,05-14,2022-03-15,2022-02-15,-28 day ahead inc hosp,mean,NA,355.9,COVID-19
DE,15-34,2022-03-15,2022-02-15,-28 day ahead inc hosp,mean,NA,1288.6,COVID-19
DE,35-59,2022-03-15,2022-02-15,-28 day ahead inc hosp,mean,NA,2012.1,COVID-19
DE,60-79,2022-03-15,2022-02-15,-28 day ahead inc hosp,mean,NA,2597.6,COVID-19
DE,80+,2022-03-15,2022-02-15,-28 day ahead inc hosp,mean,NA,2987.6,COVID-19
DE,00+,2022-03-15,2022-02-15,-28 day ahead inc hosp,mean,NA,9645.4,COVID-19
DE,00-04,2022-03-15,2022-03-15,0 day ahead inc hosp,quantile,0.025,490,COVID-19
DE,05-14,2022-03-15,2022-03-15,0 day ahead inc hosp,quantile,0.025,279,COVID-19
DE,15-34,2022-03-15,2022-03-15,0 day ahead inc hosp,quantile,0.025,1237,COVID-19
DE,35-59,2022-03-15,2022-03-15,0 day ahead inc hosp,quantile,0.025,1876,COVID-19
DE,60-79,2022-03-15,2022-03-15,0 day ahead inc hosp,quantile,0.025,3088,COVID-19
DE,80+,2022-03-15,2022-03-15,0 day ahead inc hosp,quantile,0.025,3709,COVID-19
DE,00+,2022-03-15,2022-03-15,0 day ahead inc hosp,quantile,0.025,10814,COVID-19
DE,00-04,2022-03-15,2022-03-14,-1 day ahead inc hosp,quantile,0.025,452,COVID-19
DE,05-14,2022-03-15,2022-03-14,-1 day ahead inc hosp,quantile,0.025,275,COVID-19
DE,15-34,2022-03-15,2022-03-14,-1 day ahead inc hosp,quantile,0.025,1231,COVID-19
DE,35-59,2022-03-15,2022-03-14,-1 day ahead inc hosp,quantile,0.025,1813,COVID-19
DE,60-79,2022-03-15,2022-03-14,-1 day ahead inc hosp,quantile,0.025,3032,COVID-19
DE,80+,2022-03-15,2022-03-14,-1 day ahead inc hosp,quantile,0.025,3625,COVID-19
DE,00+,2022-03-15,2022-03-14,-1 day ahead inc hosp,quantile,0.025,10548,COVID-19
DE,00-04,2022-03-15,2022-03-13,-2 day ahead inc hosp,quantile,0.025,461,COVID-19
DE,05-14,2022-03-15,2022-03-13,-2 day ahead inc hosp,quantile,0.025,285,COVID-19
DE,15-34,2022-03-15,2022-03-13,-2 day ahead inc hosp,quantile,0.025,1222,COVID-19
DE,35-59,2022-03-15,2022-03-13,-2 day ahead inc hosp,quantile,0.025,1807,COVID-19
DE,60-79,2022-03-15,2022-03-13,-2 day ahead inc hosp,quantile,0.025,2984,COVID-19
DE,80+,2022-03-15,2022-03-13,-2 day ahead inc hosp,quantile,0.025,3554,COVID-19
DE,00+,2022-03-15,2022-03-13,-2 day ahead inc hosp,quantile,0.025,10434,COVID-19
DE,00-04,2022-03-15,2022-03-12,-3 day ahead inc hosp,quantile,0.025,426,COVID-19
DE,05-14,2022-03-15,2022-03-12,-3 day ahead inc hosp,quantile,0.025,272,COVID-19
DE,15-34,2022-03-15,2022-03-12,-3 day ahead inc hosp,quantile,0.025,1219,COVID-19
DE,35-59,2022-03-15,2022-03-12,-3 day ahead inc hosp,quantile,0.025,1760,COVID-19
DE,60-79,2022-03-15,2022-03-12,-3 day ahead inc hosp,quantile,0.025,2916,COVID-19
DE,80+,2022-03-15,2022-03-12,-3 day ahead inc hosp,quantile,0.025,3480,COVID-19
DE,00+,2022-03-15,2022-03-12,-3 day ahead inc hosp,quantile,0.025,10192,COVID-19
DE,00-04,2022-03-15,2022-03-11,-4 day ahead inc hosp,quantile,0.025,400,COVID-19
DE,05-14,2022-03-15,2022-03-11,-4 day ahead inc hosp,quantile,0.025,272,COVID-19
DE,15-34,2022-03-15,2022-03-11,-4 day ahead inc hosp,quantile,0.025,1225,COVID-19
DE,35-59,2022-03-15,2022-03-11,-4 day ahead inc hosp,quantile,0.025,1762,COVID-19
DE,60-79,2022-03-15,2022-03-11,-4 day ahead inc hosp,quantile,0.025,2862,COVID-19
DE,80+,2022-03-15,2022-03-11,-4 day ahead inc hosp,quantile,0.025,3319,COVID-19
DE,00+,2022-03-15,2022-03-11,-4 day ahead inc hosp,quantile,0.025,9950,COVID-19
DE,00-04,2022-03-15,2022-03-10,-5 day ahead inc hosp,quantile,0.025,375,COVID-19
DE,05-14,2022-03-15,2022-03-10,-5 day ahead inc hosp,quantile,0.025,275,COVID-19
DE,15-34,2022-03-15,2022-03-10,-5 day ahead inc hosp,quantile,0.025,1195,COVID-19
DE,35-59,2022-03-15,2022-03-10,-5 day ahead inc hosp,quantile,0.025,1724,COVID-19
DE,60-79,2022-03-15,2022-03-10,-5 day ahead inc hosp,quantile,0.025,2865,COVID-19
DE,80+,2022-03-15,2022-03-10,-5 day ahead inc hosp,quantile,0.025,3240,COVID-19
DE,00+,2022-03-15,2022-03-10,-5 day ahead inc hosp,quantile,0.025,9779,COVID-19
DE,00-04,2022-03-15,2022-03-09,-6 day ahead inc hosp,quantile,0.025,383,COVID-19
DE,05-14,2022-03-15,2022-03-09,-6 day ahead inc hosp,quantile,0.025,282,COVID-19
DE,15-34,2022-03-15,2022-03-09,-6 day ahead inc hosp,quantile,0.025,1185,COVID-19
DE,35-59,2022-03-15,2022-03-09,-6 day ahead inc hosp,quantile,0.025,1687,COVID-19
DE,60-79,2022-03-15,2022-03-09,-6 day ahead inc hosp,quantile,0.025,2791,COVID-19
DE,80+,2022-03-15,2022-03-09,-6 day ahead inc hosp,quantile,0.025,3192,COVID-19
DE,00+,2022-03-15,2022-03-09,-6 day ahead inc hosp,quantile,0.025,9618,COVID-19
DE,00-04,2022-03-15,2022-03-08,-7 day ahead inc hosp,quantile,0.025,385,COVID-19
DE,05-14,2022-03-15,2022-03-08,-7 day ahead inc hosp,quantile,0.025,280,COVID-19
DE,15-34,2022-03-15,2022-03-08,-7 day ahead inc hosp,quantile,0.025,1138,COVID-19
DE,35-59,2022-03-15,2022-03-08,-7 day ahead inc hosp,quantile,0.025,1643,COVID-19
DE,60-79,2022-03-15,2022-03-08,-7 day ahead inc hosp,quantile,0.025,2714,COVID-19
DE,80+,2022-03-15,2022-03-08,-7 day ahead inc hosp,quantile,0.025,3067,COVID-19
DE,00+,2022-03-15,2022-03-08,-7 day ahead inc hosp,quantile,0.025,9321,COVID-19
DE,00-04,2022-03-15,2022-03-07,-8 day ahead inc hosp,quantile,0.025,377,COVID-19
DE,05-14,2022-03-15,2022-03-07,-8 day ahead inc hosp,quantile,0.025,257,COVID-19
DE,15-34,2022-03-15,2022-03-07,-8 day ahead inc hosp,quantile,0.025,1131,COVID-19
DE,35-59,2022-03-15,2022-03-07,-8 day ahead inc hosp,quantile,0.025,1676,COVID-19
DE,60-79,2022-03-15,2022-03-07,-8 day ahead inc hosp,quantile,0.025,2694,COVID-19
DE,80+,2022-03-15,2022-03-07,-8 day ahead inc hosp,quantile,0.025,2997,COVID-19
DE,00+,2022-03-15,2022-03-07,-8 day ahead inc hosp,quantile,0.025,9223,COVID-19
DE,00-04,2022-03-15,2022-03-06,-9 day ahead inc hosp,quantile,0.025,364,COVID-19
DE,05-14,2022-03-15,2022-03-06,-9 day ahead inc hosp,quantile,0.025,245,COVID-19
DE,15-34,2022-03-15,2022-03-06,-9 day ahead inc hosp,quantile,0.025,1091,COVID-19
DE,35-59,2022-03-15,2022-03-06,-9 day ahead inc hosp,quantile,0.025,1665,COVID-19
DE,60-79,2022-03-15,2022-03-06,-9 day ahead inc hosp,quantile,0.025,2678,COVID-19
DE,80+,2022-03-15,2022-03-06,-9 day ahead inc hosp,quantile,0.025,3046,COVID-19
DE,00+,2022-03-15,2022-03-06,-9 day ahead inc hosp,quantile,0.025,9177,COVID-19
DE,00-04,2022-03-15,2022-03-05,-10 day ahead inc hosp,quantile,0.025,368,COVID-19
DE,05-14,2022-03-15,2022-03-05,-10 day ahead inc hosp,quantile,0.025,246,COVID-19
DE,15-34,2022-03-15,2022-03-05,-10 day ahead inc hosp,quantile,0.025,1058,COVID-19
DE,35-59,2022-03-15,2022-03-05,-10 day ahead inc hosp,quantile,0.025,1677,COVID-19
DE,60-79,2022-03-15,2022-03-05,-10 day ahead inc hosp,quantile,0.025,2722,COVID-19
DE,80+,2022-03-15,2022-03-05,-10 day ahead inc hosp,quantile,0.025,3039,COVID-19
DE,00+,2022-03-15,2022-03-05,-10 day ahead inc hosp,quantile,0.025,9195,COVID-19
DE,00-04,2022-03-15,2022-03-04,-11 day ahead inc hosp,quantile,0.025,372,COVID-19
DE,05-14,2022-03-15,2022-03-04,-11 day ahead inc hosp,quantile,0.025,244,COVID-19
DE,15-34,2022-03-15,2022-03-04,-11 day ahead inc hosp,quantile,0.025,1025,COVID-19
DE,35-59,2022-03-15,2022-03-04,-11 day ahead inc hosp,quantile,0.025,1633,COVID-19
DE,60-79,2022-03-15,2022-03-04,-11 day ahead inc hosp,quantile,0.025,2701,COVID-19
DE,80+,2022-03-15,2022-03-04,-11 day ahead inc hosp,quantile,0.025,3092,COVID-19
DE,00+,2022-03-15,2022-03-04,-11 day ahead inc hosp,quantile,0.025,9146,COVID-19
DE,00-04,2022-03-15,2022-03-03,-12 day ahead inc hosp,quantile,0.025,398,COVID-19
DE,05-14,2022-03-15,2022-03-03,-12 day ahead inc hosp,quantile,0.025,237,COVID-19
DE,15-34,2022-03-15,2022-03-03,-12 day ahead inc hosp,quantile,0.025,1023,COVID-19
DE,35-59,2022-03-15,2022-03-03,-12 day ahead inc hosp,quantile,0.025,1650,COVID-19
DE,60-79,2022-03-15,2022-03-03,-12 day ahead inc hosp,quantile,0.025,2641,COVID-19
DE,80+,2022-03-15,2022-03-03,-12 day ahead inc hosp,quantile,0.025,3061,COVID-19
DE,00+,2022-03-15,2022-03-03,-12 day ahead inc hosp,quantile,0.025,9086,COVID-19
DE,00-04,2022-03-15,2022-03-02,-13 day ahead inc hosp,quantile,0.025,382,COVID-19
DE,05-14,2022-03-15,2022-03-02,-13 day ahead inc hosp,quantile,0.025,221,COVID-19
DE,15-34,2022-03-15,2022-03-02,-13 day ahead inc hosp,quantile,0.025,1024,COVID-19
DE,35-59,2022-03-15,2022-03-02,-13 day ahead inc hosp,quantile,0.025,1654,COVID-19
DE,60-79,2022-03-15,2022-03-02,-13 day ahead inc hosp,quantile,0.025,2674,COVID-19
DE,80+,2022-03-15,2022-03-02,-13 day ahead inc hosp,quantile,0.025,3048,COVID-19
DE,00+,2022-03-15,2022-03-02,-13 day ahead inc hosp,quantile,0.025,9074,COVID-19
DE,00-04,2022-03-15,2022-03-01,-14 day ahead inc hosp,quantile,0.025,374,COVID-19
DE,05-14,2022-03-15,2022-03-01,-14 day ahead inc hosp,quantile,0.025,240,COVID-19
DE,15-34,2022-03-15,2022-03-01,-14 day ahead inc hosp,quantile,0.025,1038,COVID-19
DE,35-59,2022-03-15,2022-03-01,-14 day ahead inc hosp,quantile,0.025,1715,COVID-19
DE,60-79,2022-03-15,2022-03-01,-14 day ahead inc hosp,quantile,0.025,2690,COVID-19
DE,80+,2022-03-15,2022-03-01,-14 day ahead inc hosp,quantile,0.025,3067,COVID-19
DE,00+,2022-03-15,2022-03-01,-14 day ahead inc hosp,quantile,0.025,9192,COVID-19
DE,00-04,2022-03-15,2022-02-28,-15 day ahead inc hosp,quantile,0.025,375,COVID-19
DE,05-14,2022-03-15,2022-02-28,-15 day ahead inc hosp,quantile,0.025,259,COVID-19
DE,15-34,2022-03-15,2022-02-28,-15 day ahead inc hosp,quantile,0.025,1080,COVID-19
DE,35-59,2022-03-15,2022-02-28,-15 day ahead inc hosp,quantile,0.025,1742,COVID-19
DE,60-79,2022-03-15,2022-02-28,-15 day ahead inc hosp,quantile,0.025,2757,COVID-19
DE,80+,2022-03-15,2022-02-28,-15 day ahead inc hosp,quantile,0.025,3112,COVID-19
DE,00+,2022-03-15,2022-02-28,-15 day ahead inc hosp,quantile,0.025,9390,COVID-19
DE,00-04,2022-03-15,2022-02-27,-16 day ahead inc hosp,quantile,0.025,386,COVID-19
DE,05-14,2022-03-15,2022-02-27,-16 day ahead inc hosp,quantile,0.025,265,COVID-19
DE,15-34,2022-03-15,2022-02-27,-16 day ahead inc hosp,quantile,0.025,1098,COVID-19
DE,35-59,2022-03-15,2022-02-27,-16 day ahead inc hosp,quantile,0.025,1780,COVID-19
DE,60-79,2022-03-15,2022-02-27,-16 day ahead inc hosp,quantile,0.025,2803,COVID-19
DE,80+,2022-03-15,2022-02-27,-16 day ahead inc hosp,quantile,0.025,3110,COVID-19
DE,00+,2022-03-15,2022-02-27,-16 day ahead inc hosp,quantile,0.025,9505,COVID-19
DE,00-04,2022-03-15,2022-02-26,-17 day ahead inc hosp,quantile,0.025,380,COVID-19
DE,05-14,2022-03-15,2022-02-26,-17 day ahead inc hosp,quantile,0.025,282,COVID-19
DE,15-34,2022-03-15,2022-02-26,-17 day ahead inc hosp,quantile,0.025,1108,COVID-19
DE,35-59,2022-03-15,2022-02-26,-17 day ahead inc hosp,quantile,0.025,1791,COVID-19
DE,60-79,2022-03-15,2022-02-26,-17 day ahead inc hosp,quantile,0.025,2788,COVID-19
DE,80+,2022-03-15,2022-02-26,-17 day ahead inc hosp,quantile,0.025,3089,COVID-19
DE,00+,2022-03-15,2022-02-26,-17 day ahead inc hosp,quantile,0.025,9498,COVID-19
DE,00-04,2022-03-15,2022-02-25,-18 day ahead inc hosp,quantile,0.025,392,COVID-19
DE,05-14,2022-03-15,2022-02-25,-18 day ahead inc hosp,quantile,0.025,292,COVID-19
DE,15-34,2022-03-15,2022-02-25,-18 day ahead inc hosp,quantile,0.025,1120,COVID-19
DE,35-59,2022-03-15,2022-02-25,-18 day ahead inc hosp,quantile,0.025,1813,COVID-19
DE,60-79,2022-03-15,2022-02-25,-18 day ahead inc hosp,quantile,0.025,2787,COVID-19
DE,80+,2022-03-15,2022-02-25,-18 day ahead inc hosp,quantile,0.025,3083,COVID-19
DE,00+,2022-03-15,2022-02-25,-18 day ahead inc hosp,quantile,0.025,9543,COVID-19
DE,00-04,2022-03-15,2022-02-24,-19 day ahead inc hosp,quantile,0.025,378,COVID-19
DE,05-14,2022-03-15,2022-02-24,-19 day ahead inc hosp,quantile,0.025,296,COVID-19
DE,15-34,2022-03-15,2022-02-24,-19 day ahead inc hosp,quantile,0.025,1133,COVID-19
DE,35-59,2022-03-15,2022-02-24,-19 day ahead inc hosp,quantile,0.025,1831,COVID-19
DE,60-79,2022-03-15,2022-02-24,-19 day ahead inc hosp,quantile,0.025,2828,COVID-19
DE,80+,2022-03-15,2022-02-24,-19 day ahead inc hosp,quantile,0.025,3141,COVID-19
DE,00+,2022-03-15,2022-02-24,-19 day ahead inc hosp,quantile,0.025,9663,COVID-19
DE,00-04,2022-03-15,2022-02-23,-20 day ahead inc hosp,quantile,0.025,378,COVID-19
DE,05-14,2022-03-15,2022-02-23,-20 day ahead inc hosp,quantile,0.025,317,COVID-19
DE,15-34,2022-03-15,2022-02-23,-20 day ahead inc hosp,quantile,0.025,1128,COVID-19
DE,35-59,2022-03-15,2022-02-23,-20 day ahead inc hosp,quantile,0.025,1897,COVID-19
DE,60-79,2022-03-15,2022-02-23,-20 day ahead inc hosp,quantile,0.025,2849,COVID-19
DE,80+,2022-03-15,2022-02-23,-20 day ahead inc hosp,quantile,0.025,3105,COVID-19
DE,00+,2022-03-15,2022-02-23,-20 day ahead inc hosp,quantile,0.025,9724,COVID-19
DE,00-04,2022-03-15,2022-02-22,-21 day ahead inc hosp,quantile,0.025,396,COVID-19
DE,05-14,2022-03-15,2022-02-22,-21 day ahead inc hosp,quantile,0.025,320,COVID-19
DE,15-34,2022-03-15,2022-02-22,-21 day ahead inc hosp,quantile,0.025,1157,COVID-19
DE,35-59,2022-03-15,2022-02-22,-21 day ahead inc hosp,quantile,0.025,1908,COVID-19
DE,60-79,2022-03-15,2022-02-22,-21 day ahead inc hosp,quantile,0.025,2827,COVID-19
DE,80+,2022-03-15,2022-02-22,-21 day ahead inc hosp,quantile,0.025,3175,COVID-19
DE,00+,2022-03-15,2022-02-22,-21 day ahead inc hosp,quantile,0.025,9830,COVID-19
DE,00-04,2022-03-15,2022-02-21,-22 day ahead inc hosp,quantile,0.025,406,COVID-19
DE,05-14,2022-03-15,2022-02-21,-22 day ahead inc hosp,quantile,0.025,317,COVID-19
DE,15-34,2022-03-15,2022-02-21,-22 day ahead inc hosp,quantile,0.025,1176,COVID-19
DE,35-59,2022-03-15,2022-02-21,-22 day ahead inc hosp,quantile,0.025,1906,COVID-19
DE,60-79,2022-03-15,2022-02-21,-22 day ahead inc hosp,quantile,0.025,2755,COVID-19
DE,80+,2022-03-15,2022-02-21,-22 day ahead inc hosp,quantile,0.025,3158,COVID-19
DE,00+,2022-03-15,2022-02-21,-22 day ahead inc hosp,quantile,0.025,9766,COVID-19
DE,00-04,2022-03-15,2022-02-20,-23 day ahead inc hosp,quantile,0.025,401,COVID-19
DE,05-14,2022-03-15,2022-02-20,-23 day ahead inc hosp,quantile,0.025,317,COVID-19
DE,15-34,2022-03-15,2022-02-20,-23 day ahead inc hosp,quantile,0.025,1185,COVID-19
DE,35-59,2022-03-15,2022-02-20,-23 day ahead inc hosp,quantile,0.025,1892,COVID-19
DE,60-79,2022-03-15,2022-02-20,-23 day ahead inc hosp,quantile,0.025,2734,COVID-19
DE,80+,2022-03-15,2022-02-20,-23 day ahead inc hosp,quantile,0.025,3127,COVID-19
DE,00+,2022-03-15,2022-02-20,-23 day ahead inc hosp,quantile,0.025,9700,COVID-19
DE,00-04,2022-03-15,2022-02-19,-24 day ahead inc hosp,quantile,0.025,403,COVID-19
DE,05-14,2022-03-15,2022-02-19,-24 day ahead inc hosp,quantile,0.025,322,COVID-19
DE,15-34,2022-03-15,2022-02-19,-24 day ahead inc hosp,quantile,0.025,1180,COVID-19
DE,35-59,2022-03-15,2022-02-19,-24 day ahead inc hosp,quantile,0.025,1867,COVID-19
DE,60-79,2022-03-15,2022-02-19,-24 day ahead inc hosp,quantile,0.025,2681,COVID-19
DE,80+,2022-03-15,2022-02-19,-24 day ahead inc hosp,quantile,0.025,3129,COVID-19
DE,00+,2022-03-15,2022-02-19,-24 day ahead inc hosp,quantile,0.025,9624,COVID-19
DE,00-04,2022-03-15,2022-02-18,-25 day ahead inc hosp,quantile,0.025,402,COVID-19
DE,05-14,2022-03-15,2022-02-18,-25 day ahead inc hosp,quantile,0.025,322,COVID-19
DE,15-34,2022-03-15,2022-02-18,-25 day ahead inc hosp,quantile,0.025,1189,COVID-19
DE,35-59,2022-03-15,2022-02-18,-25 day ahead inc hosp,quantile,0.025,1933,COVID-19
DE,60-79,2022-03-15,2022-02-18,-25 day ahead inc hosp,quantile,0.025,2648,COVID-19
DE,80+,2022-03-15,2022-02-18,-25 day ahead inc hosp,quantile,0.025,3110,COVID-19
DE,00+,2022-03-15,2022-02-18,-25 day ahead inc hosp,quantile,0.025,9645,COVID-19
DE,00-04,2022-03-15,2022-02-17,-26 day ahead inc hosp,quantile,0.025,404,COVID-19
DE,05-14,2022-03-15,2022-02-17,-26 day ahead inc hosp,quantile,0.025,340,COVID-19
DE,15-34,2022-03-15,2022-02-17,-26 day ahead inc hosp,quantile,0.025,1215,COVID-19
DE,35-59,2022-03-15,2022-02-17,-26 day ahead inc hosp,quantile,0.025,1923,COVID-19
DE,60-79,2022-03-15,2022-02-17,-26 day ahead inc hosp,quantile,0.025,2603,COVID-19
DE,80+,2022-03-15,2022-02-17,-26 day ahead inc hosp,quantile,0.025,3040,COVID-19
DE,00+,2022-03-15,2022-02-17,-26 day ahead inc hosp,quantile,0.025,9564,COVID-19
DE,00-04,2022-03-15,2022-02-16,-27 day ahead inc hosp,quantile,0.025,415,COVID-19
DE,05-14,2022-03-15,2022-02-16,-27 day ahead inc hosp,quantile,0.025,337,COVID-19
DE,15-34,2022-03-15,2022-02-16,-27 day ahead inc hosp,quantile,0.025,1245,COVID-19
DE,35-59,2022-03-15,2022-02-16,-27 day ahead inc hosp,quantile,0.025,1940,COVID-19
DE,60-79,2022-03-15,2022-02-16,-27 day ahead inc hosp,quantile,0.025,2558,COVID-19
DE,80+,2022-03-15,2022-02-16,-27 day ahead inc hosp,quantile,0.025,3019,COVID-19
DE,00+,2022-03-15,2022-02-16,-27 day ahead inc hosp,quantile,0.025,9551,COVID-19
DE,00-04,2022-03-15,2022-02-15,-28 day ahead inc hosp,quantile,0.025,397,COVID-19
DE,05-14,2022-03-15,2022-02-15,-28 day ahead inc hosp,quantile,0.025,350,COVID-19
DE,15-34,2022-03-15,2022-02-15,-28 day ahead inc hosp,quantile,0.025,1277,COVID-19
DE,35-59,2022-03-15,2022-02-15,-28 day ahead inc hosp,quantile,0.025,2000,COVID-19
DE,60-79,2022-03-15,2022-02-15,-28 day ahead inc hosp,quantile,0.025,2585,COVID-19
DE,80+,2022-03-15,2022-02-15,-28 day ahead inc hosp,quantile,0.025,2975,COVID-19
DE,00+,2022-03-15,2022-02-15,-28 day ahead inc hosp,quantile,0.025,9618,COVID-19
DE,00-04,2022-03-15,2022-03-15,0 day ahead inc hosp,quantile,0.1,501,COVID-19
DE,05-14,2022-03-15,2022-03-15,0 day ahead inc hosp,quantile,0.1,287,COVID-19
DE,15-34,2022-03-15,2022-03-15,0 day ahead inc hosp,quantile,0.1,1255,COVID-19
DE,35-59,2022-03-15,2022-03-15,0 day ahead inc hosp,quantile,0.1,1900,COVID-19
DE,60-79,2022-03-15,2022-03-15,0 day ahead inc hosp,quantile,0.1,3124,COVID-19
DE,80+,2022-03-15,2022-03-15,0 day ahead inc hosp,quantile,0.1,3750,COVID-19
DE,00+,2022-03-15,2022-03-15,0 day ahead inc hosp,quantile,0.1,10907,COVID-19
DE,00-04,2022-03-15,2022-03-14,-1 day ahead inc hosp,quantile,0.1,461,COVID-19
DE,05-14,2022-03-15,2022-03-14,-1 day ahead inc hosp,quantile,0.1,282,COVID-19
DE,15-34,2022-03-15,2022-03-14,-1 day ahead inc hosp,quantile,0.1,1247,COVID-19
DE,35-59,2022-03-15,2022-03-14,-1 day ahead inc hosp,quantile,0.1,1833,COVID-19
DE,60-79,2022-03-15,2022-03-14,-1 day ahead inc hosp,quantile,0.1,3062,COVID-19
DE,80+,2022-03-15,2022-03-14,-1 day ahead inc hosp,quantile,0.1,3659,COVID-19
DE,00+,2022-03-15,2022-03-14,-1 day ahead inc hosp,quantile,0.1,10627,COVID-19
DE,00-04,2022-03-15,2022-03-13,-2 day ahead inc hosp,quantile,0.1,469,COVID-19
DE,05-14,2022-03-15,2022-03-13,-2 day ahead inc hosp,quantile,0.1,291,COVID-19
DE,15-34,2022-03-15,2022-03-13,-2 day ahead inc hosp,quantile,0.1,1237,COVID-19
DE,35-59,2022-03-15,2022-03-13,-2 day ahead inc hosp,quantile,0.1,1827,COVID-19
DE,60-79,2022-03-15,2022-03-13,-2 day ahead inc hosp,quantile,0.1,3013,COVID-19
DE,80+,2022-03-15,2022-03-13,-2 day ahead inc hosp,quantile,0.1,3584.9,COVID-19
DE,00+,2022-03-15,2022-03-13,-2 day ahead inc hosp,quantile,0.1,10505,COVID-19
DE,00-04,2022-03-15,2022-03-12,-3 day ahead inc hosp,quantile,0.1,433,COVID-19
DE,05-14,2022-03-15,2022-03-12,-3 day ahead inc hosp,quantile,0.1,278,COVID-19
DE,15-34,2022-03-15,2022-03-12,-3 day ahead inc hosp,quantile,0.1,1234,COVID-19
DE,35-59,2022-03-15,2022-03-12,-3 day ahead inc hosp,quantile,0.1,1778,COVID-19
DE,60-79,2022-03-15,2022-03-12,-3 day ahead inc hosp,quantile,0.1,2940,COVID-19
DE,80+,2022-03-15,2022-03-12,-3 day ahead inc hosp,quantile,0.1,3508,COVID-19
DE,00+,2022-03-15,2022-03-12,-3 day ahead inc hosp,quantile,0.1,10248,COVID-19
DE,00-04,2022-03-15,2022-03-11,-4 day ahead inc hosp,quantile,0.1,406,COVID-19
DE,05-14,2022-03-15,2022-03-11,-4 day ahead inc hosp,quantile,0.1,277,COVID-19
DE,15-34,2022-03-15,2022-03-11,-4 day ahead inc hosp,quantile,0.1,1237,COVID-19
DE,35-59,2022-03-15,2022-03-11,-4 day ahead inc hosp,quantile,0.1,1778,COVID-19
DE,60-79,2022-03-15,2022-03-11,-4 day ahead inc hosp,quantile,0.1,2883.9,COVID-19
DE,80+,2022-03-15,2022-03-11,-4 day ahead inc hosp,quantile,0.1,3343,COVID-19
DE,00+,2022-03-15,2022-03-11,-4 day ahead inc hosp,quantile,0.1,9997,COVID-19
DE,00-04,2022-03-15,2022-03-10,-5 day ahead inc hosp,quantile,0.1,381,COVID-19
DE,05-14,2022-03-15,2022-03-10,-5 day ahead inc hosp,quantile,0.1,280,COVID-19
DE,15-34,2022-03-15,2022-03-10,-5 day ahead inc hosp,quantile,0.1,1207,COVID-19
DE,35-59,2022-03-15,2022-03-10,-5 day ahead inc hosp,quantile,0.1,1738,COVID-19
DE,60-79,2022-03-15,2022-03-10,-5 day ahead inc hosp,quantile,0.1,2885,COVID-19
DE,80+,2022-03-15,2022-03-10,-5 day ahead inc hosp,quantile,0.1,3260,COVID-19
DE,00+,2022-03-15,2022-03-10,-5 day ahead inc hosp,quantile,0.1,9819,COVID-19
DE,00-04,2022-03-15,2022-03-09,-6 day ahead inc hosp,quantile,0.1,389,COVID-19
DE,05-14,2022-03-15,2022-03-09,-6 day ahead inc hosp,quantile,0.1,286,COVID-19
DE,15-34,2022-03-15,2022-03-09,-6 day ahead inc hosp,quantile,0.1,1195,COVID-19
DE,35-59,2022-03-15,2022-03-09,-6 day ahead inc hosp,quantile,0.1,1700,COVID-19
DE,60-79,2022-03-15,2022-03-09,-6 day ahead inc hosp,quantile,0.1,2809,COVID-19
DE,80+,2022-03-15,2022-03-09,-6 day ahead inc hosp,quantile,0.1,3210,COVID-19
DE,00+,2022-03-15,2022-03-09,-6 day ahead inc hosp,quantile,0.1,9654,COVID-19
DE,00-04,2022-03-15,2022-03-08,-7 day ahead inc hosp,quantile,0.1,391,COVID-19
DE,05-14,2022-03-15,2022-03-08,-7 day ahead inc hosp,quantile,0.1,284,COVID-19
DE,15-34,2022-03-15,2022-03-08,-7 day ahead inc hosp,quantile,0.1,1148,COVID-19
DE,35-59,2022-03-15,2022-03-08,-7 day ahead inc hosp,quantile,0.1,1655,COVID-19
DE,60-79,2022-03-15,2022-03-08,-7 day ahead inc hosp,quantile,0.1,2730,COVID-19
DE,80+,2022-03-15,2022-03-08,-7 day ahead inc hosp,quantile,0.1,3084,COVID-19
DE,00+,2022-03-15,2022-03-08,-7 day ahead inc hosp,quantile,0.1,9352,COVID-19
DE,00-04,2022-03-15,2022-03-07,-8 day ahead inc hosp,quantile,0.1,382,COVID-19
DE,05-14,2022-03-15,2022-03-07,-8 day ahead inc hosp,quantile,0.1,261,COVID-19
DE,15-34,2022-03-15,2022-03-07,-8 day ahead inc hosp,quantile,0.1,1140,COVID-19
DE,35-59,2022-03-15,2022-03-07,-8 day ahead inc hosp,quantile,0.1,1688,COVID-19
DE,60-79,2022-03-15,2022-03-07,-8 day ahead inc hosp,quantile,0.1,2709,COVID-19
DE,80+,2022-03-15,2022-03-07,-8 day ahead inc hosp,quantile,0.1,3014,COVID-19
DE,00+,2022-03-15,2022-03-07,-8 day ahead inc hosp,quantile,0.1,9253,COVID-19
DE,00-04,2022-03-15,2022-03-06,-9 day ahead inc hosp,quantile,0.1,369,COVID-19
DE,05-14,2022-03-15,2022-03-06,-9 day ahead inc hosp,quantile,0.1,249,COVID-19
DE,15-34,2022-03-15,2022-03-06,-9 day ahead inc hosp,quantile,0.1,1100,COVID-19
DE,35-59,2022-03-15,2022-03-06,-9 day ahead inc hosp,quantile,0.1,1676,COVID-19
DE,60-79,2022-03-15,2022-03-06,-9 day ahead inc hosp,quantile,0.1,2693,COVID-19
DE,80+,2022-03-15,2022-03-06,-9 day ahead inc hosp,quantile,0.1,3062,COVID-19
DE,00+,2022-03-15,2022-03-06,-9 day ahead inc hosp,quantile,0.1,9206,COVID-19
DE,00-04,2022-03-15,2022-03-05,-10 day ahead inc hosp,quantile,0.1,372,COVID-19
DE,05-14,2022-03-15,2022-03-05,-10 day ahead inc hosp,quantile,0.1,250,COVID-19
DE,15-34,2022-03-15,2022-03-05,-10 day ahead inc hosp,quantile,0.1,1067,COVID-19
DE,35-59,2022-03-15,2022-03-05,-10 day ahead inc hosp,quantile,0.1,1687,COVID-19
DE,60-79,2022-03-15,2022-03-05,-10 day ahead inc hosp,quantile,0.1,2737,COVID-19
DE,80+,2022-03-15,2022-03-05,-10 day ahead inc hosp,quantile,0.1,3055,COVID-19
DE,00+,2022-03-15,2022-03-05,-10 day ahead inc hosp,quantile,0.1,9223,COVID-19
DE,00-04,2022-03-15,2022-03-04,-11 day ahead inc hosp,quantile,0.1,376,COVID-19
DE,05-14,2022-03-15,2022-03-04,-11 day ahead inc hosp,quantile,0.1,248,COVID-19
DE,15-34,2022-03-15,2022-03-04,-11 day ahead inc hosp,quantile,0.1,1033,COVID-19
DE,35-59,2022-03-15,2022-03-04,-11 day ahead inc hosp,quantile,0.1,1642,COVID-19
DE,60-79,2022-03-15,2022-03-04,-11 day ahead inc hosp,quantile,0.1,2714,COVID-19
DE,80+,2022-03-15,2022-03-04,-11 day ahead inc hosp,quantile,0.1,3107,COVID-19
DE,00+,2022-03-15,2022-03-04,-11 day ahead inc hosp,quantile,0.1,9174,COVID-19
DE,00-04,2022-03-15,2022-03-03,-12 day ahead inc hosp,quantile,0.1,403,COVID-19
DE,05-14,2022-03-15,2022-03-03,-12 day ahead inc hosp,quantile,0.1,241,COVID-19
DE,15-34,2022-03-15,2022-03-03,-12 day ahead inc hosp,quantile,0.1,1031,COVID-19
DE,35-59,2022-03-15,2022-03-03,-12 day ahead inc hosp,quantile,0.1,1659,COVID-19
DE,60-79,2022-03-15,2022-03-03,-12 day ahead inc hosp,quantile,0.1,2654,COVID-19
DE,80+,2022-03-15,2022-03-03,-12 day ahead inc hosp,quantile,0.1,3074,COVID-19
DE,00+,2022-03-15,2022-03-03,-12 day ahead inc hosp,quantile,0.1,9111,COVID-19
DE,00-04,2022-03-15,2022-03-02,-13 day ahead inc hosp,quantile,0.1,386,COVID-19
DE,05-14,2022-03-15,2022-03-02,-13 day ahead inc hosp,quantile,0.1,225,COVID-19
DE,15-34,2022-03-15,2022-03-02,-13 day ahead inc hosp,quantile,0.1,1031,COVID-19
DE,35-59,2022-03-15,2022-03-02,-13 day ahead inc hosp,quantile,0.1,1663,COVID-19
DE,60-79,2022-03-15,2022-03-02,-13 day ahead inc hosp,quantile,0.1,2685,COVID-19
DE,80+,2022-03-15,2022-03-02,-13 day ahead inc hosp,quantile,0.1,3060,COVID-19
DE,00+,2022-03-15,2022-03-02,-13 day ahead inc hosp,quantile,0.1,9096,COVID-19
DE,00-04,2022-03-15,2022-03-01,-14 day ahead inc hosp,quantile,0.1,378,COVID-19
DE,05-14,2022-03-15,2022-03-01,-14 day ahead inc hosp,quantile,0.1,243,COVID-19
DE,15-34,2022-03-15,2022-03-01,-14 day ahead inc hosp,quantile,0.1,1045,COVID-19
DE,35-59,2022-03-15,2022-03-01,-14 day ahead inc hosp,quantile,0.1,1723,COVID-19
DE,60-79,2022-03-15,2022-03-01,-14 day ahead inc hosp,quantile,0.1,2700,COVID-19
DE,80+,2022-03-15,2022-03-01,-14 day ahead inc hosp,quantile,0.1,3078,COVID-19
DE,00+,2022-03-15,2022-03-01,-14 day ahead inc hosp,quantile,0.1,9213,COVID-19
DE,00-04,2022-03-15,2022-02-28,-15 day ahead inc hosp,quantile,0.1,379,COVID-19
DE,05-14,2022-03-15,2022-02-28,-15 day ahead inc hosp,quantile,0.1,262,COVID-19
DE,15-34,2022-03-15,2022-02-28,-15 day ahead inc hosp,quantile,0.1,1086,COVID-19
DE,35-59,2022-03-15,2022-02-28,-15 day ahead inc hosp,quantile,0.1,1750,COVID-19
DE,60-79,2022-03-15,2022-02-28,-15 day ahead inc hosp,quantile,0.1,2767,COVID-19
DE,80+,2022-03-15,2022-02-28,-15 day ahead inc hosp,quantile,0.1,3122,COVID-19
DE,00+,2022-03-15,2022-02-28,-15 day ahead inc hosp,quantile,0.1,9411,COVID-19
DE,00-04,2022-03-15,2022-02-27,-16 day ahead inc hosp,quantile,0.1,389,COVID-19
DE,05-14,2022-03-15,2022-02-27,-16 day ahead inc hosp,quantile,0.1,268,COVID-19
DE,15-34,2022-03-15,2022-02-27,-16 day ahead inc hosp,quantile,0.1,1104,COVID-19
DE,35-59,2022-03-15,2022-02-27,-16 day ahead inc hosp,quantile,0.1,1788,COVID-19
DE,60-79,2022-03-15,2022-02-27,-16 day ahead inc hosp,quantile,0.1,2812,COVID-19
DE,80+,2022-03-15,2022-02-27,-16 day ahead inc hosp,quantile,0.1,3120,COVID-19
DE,00+,2022-03-15,2022-02-27,-16 day ahead inc hosp,quantile,0.1,9526,COVID-19
DE,00-04,2022-03-15,2022-02-26,-17 day ahead inc hosp,quantile,0.1,384,COVID-19
DE,05-14,2022-03-15,2022-02-26,-17 day ahead inc hosp,quantile,0.1,285,COVID-19
DE,15-34,2022-03-15,2022-02-26,-17 day ahead inc hosp,quantile,0.1,1114,COVID-19
DE,35-59,2022-03-15,2022-02-26,-17 day ahead inc hosp,quantile,0.1,1798,COVID-19
DE,60-79,2022-03-15,2022-02-26,-17 day ahead inc hosp,quantile,0.1,2797,COVID-19
DE,80+,2022-03-15,2022-02-26,-17 day ahead inc hosp,quantile,0.1,3099,COVID-19
DE,00+,2022-03-15,2022-02-26,-17 day ahead inc hosp,quantile,0.1,9519,COVID-19
DE,00-04,2022-03-15,2022-02-25,-18 day ahead inc hosp,quantile,0.1,395,COVID-19
DE,05-14,2022-03-15,2022-02-25,-18 day ahead inc hosp,quantile,0.1,296,COVID-19
DE,15-34,2022-03-15,2022-02-25,-18 day ahead inc hosp,quantile,0.1,1126,COVID-19
DE,35-59,2022-03-15,2022-02-25,-18 day ahead inc hosp,quantile,0.1,1819,COVID-19
DE,60-79,2022-03-15,2022-02-25,-18 day ahead inc hosp,quantile,0.1,2795,COVID-19
DE,80+,2022-03-15,2022-02-25,-18 day ahead inc hosp,quantile,0.1,3092,COVID-19
DE,00+,2022-03-15,2022-02-25,-18 day ahead inc hosp,quantile,0.1,9562,COVID-19
DE,00-04,2022-03-15,2022-02-24,-19 day ahead inc hosp,quantile,0.1,382,COVID-19
DE,05-14,2022-03-15,2022-02-24,-19 day ahead inc hosp,quantile,0.1,300,COVID-19
DE,15-34,2022-03-15,2022-02-24,-19 day ahead inc hosp,quantile,0.1,1139,COVID-19
DE,35-59,2022-03-15,2022-02-24,-19 day ahead inc hosp,quantile,0.1,1838,COVID-19
DE,60-79,2022-03-15,2022-02-24,-19 day ahead inc hosp,quantile,0.1,2835,COVID-19
DE,80+,2022-03-15,2022-02-24,-19 day ahead inc hosp,quantile,0.1,3150,COVID-19
DE,00+,2022-03-15,2022-02-24,-19 day ahead inc hosp,quantile,0.1,9679,COVID-19
DE,00-04,2022-03-15,2022-02-23,-20 day ahead inc hosp,quantile,0.1,381,COVID-19
DE,05-14,2022-03-15,2022-02-23,-20 day ahead inc hosp,quantile,0.1,320,COVID-19
DE,15-34,2022-03-15,2022-02-23,-20 day ahead inc hosp,quantile,0.1,1133,COVID-19
DE,35-59,2022-03-15,2022-02-23,-20 day ahead inc hosp,quantile,0.1,1903,COVID-19
DE,60-79,2022-03-15,2022-02-23,-20 day ahead inc hosp,quantile,0.1,2856,COVID-19
DE,80+,2022-03-15,2022-02-23,-20 day ahead inc hosp,quantile,0.1,3112,COVID-19
DE,00+,2022-03-15,2022-02-23,-20 day ahead inc hosp,quantile,0.1,9739,COVID-19
DE,00-04,2022-03-15,2022-02-22,-21 day ahead inc hosp,quantile,0.1,399,COVID-19
DE,05-14,2022-03-15,2022-02-22,-21 day ahead inc hosp,quantile,0.1,323,COVID-19
DE,15-34,2022-03-15,2022-02-22,-21 day ahead inc hosp,quantile,0.1,1162,COVID-19
DE,35-59,2022-03-15,2022-02-22,-21 day ahead inc hosp,quantile,0.1,1914,COVID-19
DE,60-79,2022-03-15,2022-02-22,-21 day ahead inc hosp,quantile,0.1,2833,COVID-19
DE,80+,2022-03-15,2022-02-22,-21 day ahead inc hosp,quantile,0.1,3182,COVID-19
DE,00+,2022-03-15,2022-02-22,-21 day ahead inc hosp,quantile,0.1,9845,COVID-19
DE,00-04,2022-03-15,2022-02-21,-22 day ahead inc hosp,quantile,0.1,409,COVID-19
DE,05-14,2022-03-15,2022-02-21,-22 day ahead inc hosp,quantile,0.1,320,COVID-19
DE,15-34,2022-03-15,2022-02-21,-22 day ahead inc hosp,quantile,0.1,1181,COVID-19
DE,35-59,2022-03-15,2022-02-21,-22 day ahead inc hosp,quantile,0.1,1912,COVID-19
DE,60-79,2022-03-15,2022-02-21,-22 day ahead inc hosp,quantile,0.1,2761,COVID-19
DE,80+,2022-03-15,2022-02-21,-22 day ahead inc hosp,quantile,0.1,3164,COVID-19
DE,00+,2022-03-15,2022-02-21,-22 day ahead inc hosp,quantile,0.1,9779,COVID-19
DE,00-04,2022-03-15,2022-02-20,-23 day ahead inc hosp,quantile,0.1,404,COVID-19
DE,05-14,2022-03-15,2022-02-20,-23 day ahead inc hosp,quantile,0.1,319,COVID-19
DE,15-34,2022-03-15,2022-02-20,-23 day ahead inc hosp,quantile,0.1,1189,COVID-19
DE,35-59,2022-03-15,2022-02-20,-23 day ahead inc hosp,quantile,0.1,1897,COVID-19
DE,60-79,2022-03-15,2022-02-20,-23 day ahead inc hosp,quantile,0.1,2740,COVID-19
DE,80+,2022-03-15,2022-02-20,-23 day ahead inc hosp,quantile,0.1,3133,COVID-19
DE,00+,2022-03-15,2022-02-20,-23 day ahead inc hosp,quantile,0.1,9713,COVID-19
DE,00-04,2022-03-15,2022-02-19,-24 day ahead inc hosp,quantile,0.1,406,COVID-19
DE,05-14,2022-03-15,2022-02-19,-24 day ahead inc hosp,quantile,0.1,324,COVID-19
DE,15-34,2022-03-15,2022-02-19,-24 day ahead inc hosp,quantile,0.1,1184,COVID-19
DE,35-59,2022-03-15,2022-02-19,-24 day ahead inc hosp,quantile,0.1,1871,COVID-19
DE,60-79,2022-03-15,2022-02-19,-24 day ahead inc hosp,quantile,0.1,2687,COVID-19
DE,80+,2022-03-15,2022-02-19,-24 day ahead inc hosp,quantile,0.1,3135,COVID-19
DE,00+,2022-03-15,2022-02-19,-24 day ahead inc hosp,quantile,0.1,9636,COVID-19
DE,00-04,2022-03-15,2022-02-18,-25 day ahead inc hosp,quantile,0.1,405,COVID-19
DE,05-14,2022-03-15,2022-02-18,-25 day ahead inc hosp,quantile,0.1,324,COVID-19
DE,15-34,2022-03-15,2022-02-18,-25 day ahead inc hosp,quantile,0.1,1193,COVID-19
DE,35-59,2022-03-15,2022-02-18,-25 day ahead inc hosp,quantile,0.1,1938,COVID-19
DE,60-79,2022-03-15,2022-02-18,-25 day ahead inc hosp,quantile,0.1,2653,COVID-19
DE,80+,2022-03-15,2022-02-18,-25 day ahead inc hosp,quantile,0.1,3115,COVID-19
DE,00+,2022-03-15,2022-02-18,-25 day ahead inc hosp,quantile,0.1,9657,COVID-19
DE,00-04,2022-03-15,2022-02-17,-26 day ahead inc hosp,quantile,0.1,407,COVID-19
DE,05-14,2022-03-15,2022-02-17,-26 day ahead inc hosp,quantile,0.1,342,COVID-19
DE,15-34,2022-03-15,2022-02-17,-26 day ahead inc hosp,quantile,0.1,1219,COVID-19
DE,35-59,2022-03-15,2022-02-17,-26 day ahead inc hosp,quantile,0.1,1927,COVID-19
DE,60-79,2022-03-15,2022-02-17,-26 day ahead inc hosp,quantile,0.1,2608,COVID-19
DE,80+,2022-03-15,2022-02-17,-26 day ahead inc hosp,quantile,0.1,3045,COVID-19
DE,00+,2022-03-15,2022-02-17,-26 day ahead inc hosp,quantile,0.1,9575,COVID-19
DE,00-04,2022-03-15,2022-02-16,-27 day ahead inc hosp,quantile,0.1,418,COVID-19
DE,05-14,2022-03-15,2022-02-16,-27 day ahead inc hosp,quantile,0.1,339,COVID-19
DE,15-34,2022-03-15,2022-02-16,-27 day ahead inc hosp,quantile,0.1,1249,COVID-19
DE,35-59,2022-03-15,2022-02-16,-27 day ahead inc hosp,quantile,0.1,1944,COVID-19
DE,60-79,2022-03-15,2022-02-16,-27 day ahead inc hosp,quantile,0.1,2563,COVID-19
DE,80+,2022-03-15,2022-02-16,-27 day ahead inc hosp,quantile,0.1,3024,COVID-19
DE,00+,2022-03-15,2022-02-16,-27 day ahead inc hosp,quantile,0.1,9562,COVID-19
DE,00-04,2022-03-15,2022-02-15,-28 day ahead inc hosp,quantile,0.1,399,COVID-19
DE,05-14,2022-03-15,2022-02-15,-28 day ahead inc hosp,quantile,0.1,352,COVID-19
DE,15-34,2022-03-15,2022-02-15,-28 day ahead inc hosp,quantile,0.1,1281,COVID-19
DE,35-59,2022-03-15,2022-02-15,-28 day ahead inc hosp,quantile,0.1,2004,COVID-19
DE,60-79,2022-03-15,2022-02-15,-28 day ahead inc hosp,quantile,0.1,2589,COVID-19
DE,80+,2022-03-15,2022-02-15,-28 day ahead inc hosp,quantile,0.1,2979,COVID-19
DE,00+,2022-03-15,2022-02-15,-28 day ahead inc hosp,quantile,0.1,9627,COVID-19
DE,00-04,2022-03-15,2022-03-15,0 day ahead inc hosp,quantile,0.25,511,COVID-19
DE,05-14,2022-03-15,2022-03-15,0 day ahead inc hosp,quantile,0.25,294,COVID-19
DE,15-34,2022-03-15,2022-03-15,0 day ahead inc hosp,quantile,0.25,1272,COVID-19
DE,35-59,2022-03-15,2022-03-15,0 day ahead inc hosp,quantile,0.25,1923,COVID-19
DE,60-79,2022-03-15,2022-03-15,0 day ahead inc hosp,quantile,0.25,3157,COVID-19
DE,80+,2022-03-15,2022-03-15,0 day ahead inc hosp,quantile,0.25,3786,COVID-19
DE,00+,2022-03-15,2022-03-15,0 day ahead inc hosp,quantile,0.25,10989,COVID-19
DE,00-04,2022-03-15,2022-03-14,-1 day ahead inc hosp,quantile,0.25,469,COVID-19
DE,05-14,2022-03-15,2022-03-14,-1 day ahead inc hosp,quantile,0.25,287,COVID-19
DE,15-34,2022-03-15,2022-03-14,-1 day ahead inc hosp,quantile,0.25,1261,COVID-19
DE,35-59,2022-03-15,2022-03-14,-1 day ahead inc hosp,quantile,0.25,1852,COVID-19
DE,60-79,2022-03-15,2022-03-14,-1 day ahead inc hosp,quantile,0.25,3089,COVID-19
DE,80+,2022-03-15,2022-03-14,-1 day ahead inc hosp,quantile,0.25,3688,COVID-19
DE,00+,2022-03-15,2022-03-14,-1 day ahead inc hosp,quantile,0.25,10690,COVID-19
DE,00-04,2022-03-15,2022-03-13,-2 day ahead inc hosp,quantile,0.25,477,COVID-19
DE,05-14,2022-03-15,2022-03-13,-2 day ahead inc hosp,quantile,0.25,297,COVID-19
DE,15-34,2022-03-15,2022-03-13,-2 day ahead inc hosp,quantile,0.25,1251,COVID-19
DE,35-59,2022-03-15,2022-03-13,-2 day ahead inc hosp,quantile,0.25,1845,COVID-19
DE,60-79,2022-03-15,2022-03-13,-2 day ahead inc hosp,quantile,0.25,3037.8,COVID-19
DE,80+,2022-03-15,2022-03-13,-2 day ahead inc hosp,quantile,0.25,3613,COVID-19
DE,00+,2022-03-15,2022-03-13,-2 day ahead inc hosp,quantile,0.25,10563,COVID-19
DE,00-04,2022-03-15,2022-03-12,-3 day ahead inc hosp,quantile,0.25,439,COVID-19
DE,05-14,2022-03-15,2022-03-12,-3 day ahead inc hosp,quantile,0.25,283,COVID-19
DE,15-34,2022-03-15,2022-03-12,-3 day ahead inc hosp,quantile,0.25,1246,COVID-19
DE,35-59,2022-03-15,2022-03-12,-3 day ahead inc hosp,quantile,0.25,1794,COVID-19
DE,60-79,2022-03-15,2022-03-12,-3 day ahead inc hosp,quantile,0.25,2962,COVID-19
DE,80+,2022-03-15,2022-03-12,-3 day ahead inc hosp,quantile,0.25,3533,COVID-19
DE,00+,2022-03-15,2022-03-12,-3 day ahead inc hosp,quantile,0.25,10298,COVID-19
DE,00-04,2022-03-15,2022-03-11,-4 day ahead inc hosp,quantile,0.25,412,COVID-19
DE,05-14,2022-03-15,2022-03-11,-4 day ahead inc hosp,quantile,0.25,282,COVID-19
DE,15-34,2022-03-15,2022-03-11,-4 day ahead inc hosp,quantile,0.25,1249,COVID-19
DE,35-59,2022-03-15,2022-03-11,-4 day ahead inc hosp,quantile,0.25,1792,COVID-19
DE,60-79,2022-03-15,2022-03-11,-4 day ahead inc hosp,quantile,0.25,2903,COVID-19
DE,80+,2022-03-15,2022-03-11,-4 day ahead inc hosp,quantile,0.25,3364,COVID-19
DE,00+,2022-03-15,2022-03-11,-4 day ahead inc hosp,quantile,0.25,10039,COVID-19
DE,00-04,2022-03-15,2022-03-10,-5 day ahead inc hosp,quantile,0.25,386,COVID-19
DE,05-14,2022-03-15,2022-03-10,-5 day ahead inc hosp,quantile,0.25,285,COVID-19
DE,15-34,2022-03-15,2022-03-10,-5 day ahead inc hosp,quantile,0.25,1217,COVID-19
DE,35-59,2022-03-15,2022-03-10,-5 day ahead inc hosp,quantile,0.25,1752,COVID-19
DE,60-79,2022-03-15,2022-03-10,-5 day ahead inc hosp,quantile,0.25,2902,COVID-19
DE,80+,2022-03-15,2022-03-10,-5 day ahead inc hosp,quantile,0.25,3278,COVID-19
DE,00+,2022-03-15,2022-03-10,-5 day ahead inc hosp,quantile,0.25,9857,COVID-19
DE,00-04,2022-03-15,2022-03-09,-6 day ahead inc hosp,quantile,0.25,394,COVID-19
DE,05-14,2022-03-15,2022-03-09,-6 day ahead inc hosp,quantile,0.25,291,COVID-19
DE,15-34,2022-03-15,2022-03-09,-6 day ahead inc hosp,quantile,0.25,1204,COVID-19
DE,35-59,2022-03-15,2022-03-09,-6 day ahead inc hosp,quantile,0.25,1711,COVID-19
DE,60-79,2022-03-15,2022-03-09,-6 day ahead inc hosp,quantile,0.25,2824,COVID-19
DE,80+,2022-03-15,2022-03-09,-6 day ahead inc hosp,quantile,0.25,3227,COVID-19
DE,00+,2022-03-15,2022-03-09,-6 day ahead inc hosp,quantile,0.25,9688,COVID-19
DE,00-04,2022-03-15,2022-03-08,-7 day ahead inc hosp,quantile,0.25,395,COVID-19
DE,05-14,2022-03-15,2022-03-08,-7 day ahead inc hosp,quantile,0.25,288,COVID-19
DE,15-34,2022-03-15,2022-03-08,-7 day ahead inc hosp,quantile,0.25,1157,COVID-19
DE,35-59,2022-03-15,2022-03-08,-7 day ahead inc hosp,quantile,0.25,1666,COVID-19
DE,60-79,2022-03-15,2022-03-08,-7 day ahead inc hosp,quantile,0.25,2744,COVID-19
DE,80+,2022-03-15,2022-03-08,-7 day ahead inc hosp,quantile,0.25,3099,COVID-19
DE,00+,2022-03-15,2022-03-08,-7 day ahead inc hosp,quantile,0.25,9382,COVID-19
DE,00-04,2022-03-15,2022-03-07,-8 day ahead inc hosp,quantile,0.25,387,COVID-19
DE,05-14,2022-03-15,2022-03-07,-8 day ahead inc hosp,quantile,0.25,265,COVID-19
DE,15-34,2022-03-15,2022-03-07,-8 day ahead inc hosp,quantile,0.25,1149,COVID-19
DE,35-59,2022-03-15,2022-03-07,-8 day ahead inc hosp,quantile,0.25,1698,COVID-19
DE,60-79,2022-03-15,2022-03-07,-8 day ahead inc hosp,quantile,0.25,2723,COVID-19
DE,80+,2022-03-15,2022-03-07,-8 day ahead inc hosp,quantile,0.25,3028,COVID-19
DE,00+,2022-03-15,2022-03-07,-8 day ahead inc hosp,quantile,0.25,9281,COVID-19
DE,00-04,2022-03-15,2022-03-06,-9 day ahead inc hosp,quantile,0.25,374,COVID-19
DE,05-14,2022-03-15,2022-03-06,-9 day ahead inc hosp,quantile,0.25,253,COVID-19
DE,15-34,2022-03-15,2022-03-06,-9 day ahead inc hosp,quantile,0.25,1107,COVID-19
DE,35-59,2022-03-15,2022-03-06,-9 day ahead inc hosp,quantile,0.25,1686,COVID-19
DE,60-79,2022-03-15,2022-03-06,-9 day ahead inc hosp,quantile,0.25,2706,COVID-19
DE,80+,2022-03-15,2022-03-06,-9 day ahead inc hosp,quantile,0.25,3076,COVID-19
DE,00+,2022-03-15,2022-03-06,-9 day ahead inc hosp,quantile,0.25,9233,COVID-19
DE,00-04,2022-03-15,2022-03-05,-10 day ahead inc hosp,quantile,0.25,376,COVID-19
DE,05-14,2022-03-15,2022-03-05,-10 day ahead inc hosp,quantile,0.25,253,COVID-19
DE,15-34,2022-03-15,2022-03-05,-10 day ahead inc hosp,quantile,0.25,1074,COVID-19
DE,35-59,2022-03-15,2022-03-05,-10 day ahead inc hosp,quantile,0.25,1697,COVID-19
DE,60-79,2022-03-15,2022-03-05,-10 day ahead inc hosp,quantile,0.25,2749,COVID-19
DE,80+,2022-03-15,2022-03-05,-10 day ahead inc hosp,quantile,0.25,3068,COVID-19
DE,00+,2022-03-15,2022-03-05,-10 day ahead inc hosp,quantile,0.25,9248,COVID-19
DE,00-04,2022-03-15,2022-03-04,-11 day ahead inc hosp,quantile,0.25,381,COVID-19
DE,05-14,2022-03-15,2022-03-04,-11 day ahead inc hosp,quantile,0.25,251,COVID-19
DE,15-34,2022-03-15,2022-03-04,-11 day ahead inc hosp,quantile,0.25,1040,COVID-19
DE,35-59,2022-03-15,2022-03-04,-11 day ahead inc hosp,quantile,0.25,1651,COVID-19
DE,60-79,2022-03-15,2022-03-04,-11 day ahead inc hosp,quantile,0.25,2726,COVID-19
DE,80+,2022-03-15,2022-03-04,-11 day ahead inc hosp,quantile,0.25,3120,COVID-19
DE,00+,2022-03-15,2022-03-04,-11 day ahead inc hosp,quantile,0.25,9198,COVID-19
DE,00-04,2022-03-15,2022-03-03,-12 day ahead inc hosp,quantile,0.25,407,COVID-19
DE,05-14,2022-03-15,2022-03-03,-12 day ahead inc hosp,quantile,0.25,244,COVID-19
DE,15-34,2022-03-15,2022-03-03,-12 day ahead inc hosp,quantile,0.25,1037,COVID-19
DE,35-59,2022-03-15,2022-03-03,-12 day ahead inc hosp,quantile,0.25,1667,COVID-19
DE,60-79,2022-03-15,2022-03-03,-12 day ahead inc hosp,quantile,0.25,2664,COVID-19
DE,80+,2022-03-15,2022-03-03,-12 day ahead inc hosp,quantile,0.25,3086,COVID-19
DE,00+,2022-03-15,2022-03-03,-12 day ahead inc hosp,quantile,0.25,9133,COVID-19
DE,00-04,2022-03-15,2022-03-02,-13 day ahead inc hosp,quantile,0.25,389,COVID-19
DE,05-14,2022-03-15,2022-03-02,-13 day ahead inc hosp,quantile,0.25,228,COVID-19
DE,15-34,2022-03-15,2022-03-02,-13 day ahead inc hosp,quantile,0.25,1037,COVID-19
DE,35-59,2022-03-15,2022-03-02,-13 day ahead inc hosp,quantile,0.25,1670,COVID-19
DE,60-79,2022-03-15,2022-03-02,-13 day ahead inc hosp,quantile,0.25,2695,COVID-19
DE,80+,2022-03-15,2022-03-02,-13 day ahead inc hosp,quantile,0.25,3071,COVID-19
DE,00+,2022-03-15,2022-03-02,-13 day ahead inc hosp,quantile,0.25,9117,COVID-19
DE,00-04,2022-03-15,2022-03-01,-14 day ahead inc hosp,quantile,0.25,382,COVID-19
DE,05-14,2022-03-15,2022-03-01,-14 day ahead inc hosp,quantile,0.25,247,COVID-19
DE,15-34,2022-03-15,2022-03-01,-14 day ahead inc hosp,quantile,0.25,1051,COVID-19
DE,35-59,2022-03-15,2022-03-01,-14 day ahead inc hosp,quantile,0.25,1731,COVID-19
DE,60-79,2022-03-15,2022-03-01,-14 day ahead inc hosp,quantile,0.25,2710,COVID-19
DE,80+,2022-03-15,2022-03-01,-14 day ahead inc hosp,quantile,0.25,3088,COVID-19
DE,00+,2022-03-15,2022-03-01,-14 day ahead inc hosp,quantile,0.25,9232,COVID-19
DE,00-04,2022-03-15,2022-02-28,-15 day ahead inc hosp,quantile,0.25,382,COVID-19
DE,05-14,2022-03-15,2022-02-28,-15 day ahead inc hosp,quantile,0.25,265,COVID-19
DE,15-34,2022-03-15,2022-02-28,-15 day ahead inc hosp,quantile,0.25,1092,COVID-19
DE,35-59,2022-03-15,2022-02-28,-15 day ahead inc hosp,quantile,0.25,1758,COVID-19
DE,60-79,2022-03-15,2022-02-28,-15 day ahead inc hosp,quantile,0.25,2776,COVID-19
DE,80+,2022-03-15,2022-02-28,-15 day ahead inc hosp,quantile,0.25,3132,COVID-19
DE,00+,2022-03-15,2022-02-28,-15 day ahead inc hosp,quantile,0.25,9429,COVID-19
DE,00-04,2022-03-15,2022-02-27,-16 day ahead inc hosp,quantile,0.25,393,COVID-19
DE,05-14,2022-03-15,2022-02-27,-16 day ahead inc hosp,quantile,0.25,271,COVID-19
DE,15-34,2022-03-15,2022-02-27,-16 day ahead inc hosp,quantile,0.25,1110,COVID-19
DE,35-59,2022-03-15,2022-02-27,-16 day ahead inc hosp,quantile,0.25,1795,COVID-19
DE,60-79,2022-03-15,2022-02-27,-16 day ahead inc hosp,quantile,0.25,2821,COVID-19
DE,80+,2022-03-15,2022-02-27,-16 day ahead inc hosp,quantile,0.25,3130,COVID-19
DE,00+,2022-03-15,2022-02-27,-16 day ahead inc hosp,quantile,0.25,9543,COVID-19
DE,00-04,2022-03-15,2022-02-26,-17 day ahead inc hosp,quantile,0.25,387,COVID-19
DE,05-14,2022-03-15,2022-02-26,-17 day ahead inc hosp,quantile,0.25,289,COVID-19
DE,15-34,2022-03-15,2022-02-26,-17 day ahead inc hosp,quantile,0.25,1119,COVID-19
DE,35-59,2022-03-15,2022-02-26,-17 day ahead inc hosp,quantile,0.25,1805,COVID-19
DE,60-79,2022-03-15,2022-02-26,-17 day ahead inc hosp,quantile,0.25,2805,COVID-19
DE,80+,2022-03-15,2022-02-26,-17 day ahead inc hosp,quantile,0.25,3108,COVID-19
DE,00+,2022-03-15,2022-02-26,-17 day ahead inc hosp,quantile,0.25,9535,COVID-19
DE,00-04,2022-03-15,2022-02-25,-18 day ahead inc hosp,quantile,0.25,398,COVID-19
DE,05-14,2022-03-15,2022-02-25,-18 day ahead inc hosp,quantile,0.25,299,COVID-19
DE,15-34,2022-03-15,2022-02-25,-18 day ahead inc hosp,quantile,0.25,1131,COVID-19
DE,35-59,2022-03-15,2022-02-25,-18 day ahead inc hosp,quantile,0.25,1826,COVID-19
DE,60-79,2022-03-15,2022-02-25,-18 day ahead inc hosp,quantile,0.25,2803,COVID-19
DE,80+,2022-03-15,2022-02-25,-18 day ahead inc hosp,quantile,0.25,3100,COVID-19
DE,00+,2022-03-15,2022-02-25,-18 day ahead inc hosp,quantile,0.25,9578,COVID-19
DE,00-04,2022-03-15,2022-02-24,-19 day ahead inc hosp,quantile,0.25,385,COVID-19
DE,05-14,2022-03-15,2022-02-24,-19 day ahead inc hosp,quantile,0.25,302,COVID-19
DE,15-34,2022-03-15,2022-02-24,-19 day ahead inc hosp,quantile,0.25,1144,COVID-19
DE,35-59,2022-03-15,2022-02-24,-19 day ahead inc hosp,quantile,0.25,1844,COVID-19
DE,60-79,2022-03-15,2022-02-24,-19 day ahead inc hosp,quantile,0.25,2843,COVID-19
DE,80+,2022-03-15,2022-02-24,-19 day ahead inc hosp,quantile,0.25,3157,COVID-19
DE,00+,2022-03-15,2022-02-24,-19 day ahead inc hosp,quantile,0.25,9695,COVID-19
DE,00-04,2022-03-15,2022-02-23,-20 day ahead inc hosp,quantile,0.25,384,COVID-19
DE,05-14,2022-03-15,2022-02-23,-20 day ahead inc hosp,quantile,0.25,323,COVID-19
DE,15-34,2022-03-15,2022-02-23,-20 day ahead inc hosp,quantile,0.25,1138,COVID-19
DE,35-59,2022-03-15,2022-02-23,-20 day ahead inc hosp,quantile,0.25,1908,COVID-19
DE,60-79,2022-03-15,2022-02-23,-20 day ahead inc hosp,quantile,0.25,2862,COVID-19
DE,80+,2022-03-15,2022-02-23,-20 day ahead inc hosp,quantile,0.25,3119,COVID-19
DE,00+,2022-03-15,2022-02-23,-20 day ahead inc hosp,quantile,0.25,9754,COVID-19
DE,00-04,2022-03-15,2022-02-22,-21 day ahead inc hosp,quantile,0.25,402,COVID-19
DE,05-14,2022-03-15,2022-02-22,-21 day ahead inc hosp,quantile,0.25,325,COVID-19
DE,15-34,2022-03-15,2022-02-22,-21 day ahead inc hosp,quantile,0.25,1167,COVID-19
DE,35-59,2022-03-15,2022-02-22,-21 day ahead inc hosp,quantile,0.25,1919,COVID-19
DE,60-79,2022-03-15,2022-02-22,-21 day ahead inc hosp,quantile,0.25,2839,COVID-19
DE,80+,2022-03-15,2022-02-22,-21 day ahead inc hosp,quantile,0.25,3188,COVID-19
DE,00+,2022-03-15,2022-02-22,-21 day ahead inc hosp,quantile,0.25,9858,COVID-19
DE,00-04,2022-03-15,2022-02-21,-22 day ahead inc hosp,quantile,0.25,412,COVID-19
DE,05-14,2022-03-15,2022-02-21,-22 day ahead inc hosp,quantile,0.25,323,COVID-19
DE,15-34,2022-03-15,2022-02-21,-22 day ahead inc hosp,quantile,0.25,1185,COVID-19
DE,35-59,2022-03-15,2022-02-21,-22 day ahead inc hosp,quantile,0.25,1917,COVID-19
DE,60-79,2022-03-15,2022-02-21,-22 day ahead inc hosp,quantile,0.25,2766,COVID-19
DE,80+,2022-03-15,2022-02-21,-22 day ahead inc hosp,quantile,0.25,3170,COVID-19
DE,00+,2022-03-15,2022-02-21,-22 day ahead inc hosp,quantile,0.25,9791,COVID-19
DE,00-04,2022-03-15,2022-02-20,-23 day ahead inc hosp,quantile,0.25,407,COVID-19
DE,05-14,2022-03-15,2022-02-20,-23 day ahead inc hosp,quantile,0.25,322,COVID-19
DE,15-34,2022-03-15,2022-02-20,-23 day ahead inc hosp,quantile,0.25,1194,COVID-19
DE,35-59,2022-03-15,2022-02-20,-23 day ahead inc hosp,quantile,0.25,1902,COVID-19
DE,60-79,2022-03-15,2022-02-20,-23 day ahead inc hosp,quantile,0.25,2745,COVID-19
DE,80+,2022-03-15,2022-02-20,-23 day ahead inc hosp,quantile,0.25,3139,COVID-19
DE,00+,2022-03-15,2022-02-20,-23 day ahead inc hosp,quantile,0.25,9726,COVID-19
DE,00-04,2022-03-15,2022-02-19,-24 day ahead inc hosp,quantile,0.25,409,COVID-19
DE,05-14,2022-03-15,2022-02-19,-24 day ahead inc hosp,quantile,0.25,326,COVID-19
DE,15-34,2022-03-15,2022-02-19,-24 day ahead inc hosp,quantile,0.25,1188,COVID-19
DE,35-59,2022-03-15,2022-02-19,-24 day ahead inc hosp,quantile,0.25,1876,COVID-19
DE,60-79,2022-03-15,2022-02-19,-24 day ahead inc hosp,quantile,0.25,2692,COVID-19
DE,80+,2022-03-15,2022-02-19,-24 day ahead inc hosp,quantile,0.25,3141,COVID-19
DE,00+,2022-03-15,2022-02-19,-24 day ahead inc hosp,quantile,0.25,9648,COVID-19
DE,00-04,2022-03-15,2022-02-18,-25 day ahead inc hosp,quantile,0.25,408,COVID-19
DE,05-14,2022-03-15,2022-02-18,-25 day ahead inc hosp,quantile,0.25,326,COVID-19
DE,15-34,2022-03-15,2022-02-18,-25 day ahead inc hosp,quantile,0.25,1197,COVID-19
DE,35-59,2022-03-15,2022-02-18,-25 day ahead inc hosp,quantile,0.25,1942,COVID-19
DE,60-79,2022-03-15,2022-02-18,-25 day ahead inc hosp,quantile,0.25,2658,COVID-19
DE,80+,2022-03-15,2022-02-18,-25 day ahead inc hosp,quantile,0.25,3120,COVID-19
DE,00+,2022-03-15,2022-02-18,-25 day ahead inc hosp,quantile,0.25,9668,COVID-19
DE,00-04,2022-03-15,2022-02-17,-26 day ahead inc hosp,quantile,0.25,409,COVID-19
DE,05-14,2022-03-15,2022-02-17,-26 day ahead inc hosp,quantile,0.25,344,COVID-19
DE,15-34,2022-03-15,2022-02-17,-26 day ahead inc hosp,quantile,0.25,1223,COVID-19
DE,35-59,2022-03-15,2022-02-17,-26 day ahead inc hosp,quantile,0.25,1932,COVID-19
DE,60-79,2022-03-15,2022-02-17,-26 day ahead inc hosp,quantile,0.25,2613,COVID-19
DE,80+,2022-03-15,2022-02-17,-26 day ahead inc hosp,quantile,0.25,3049,COVID-19
DE,00+,2022-03-15,2022-02-17,-26 day ahead inc hosp,quantile,0.25,9585,COVID-19
DE,00-04,2022-03-15,2022-02-16,-27 day ahead inc hosp,quantile,0.25,420,COVID-19
DE,05-14,2022-03-15,2022-02-16,-27 day ahead inc hosp,quantile,0.25,341,COVID-19
DE,15-34,2022-03-15,2022-02-16,-27 day ahead inc hosp,quantile,0.25,1253,COVID-19
DE,35-59,2022-03-15,2022-02-16,-27 day ahead inc hosp,quantile,0.25,1948,COVID-19
DE,60-79,2022-03-15,2022-02-16,-27 day ahead inc hosp,quantile,0.25,2567,COVID-19
DE,80+,2022-03-15,2022-02-16,-27 day ahead inc hosp,quantile,0.25,3028,COVID-19
DE,00+,2022-03-15,2022-02-16,-27 day ahead inc hosp,quantile,0.25,9571,COVID-19
DE,00-04,2022-03-15,2022-02-15,-28 day ahead inc hosp,quantile,0.25,401,COVID-19
DE,05-14,2022-03-15,2022-02-15,-28 day ahead inc hosp,quantile,0.25,353,COVID-19
DE,15-34,2022-03-15,2022-02-15,-28 day ahead inc hosp,quantile,0.25,1284,COVID-19
DE,35-59,2022-03-15,2022-02-15,-28 day ahead inc hosp,quantile,0.25,2008,COVID-19
DE,60-79,2022-03-15,2022-02-15,-28 day ahead inc hosp,quantile,0.25,2593,COVID-19
DE,80+,2022-03-15,2022-02-15,-28 day ahead inc hosp,quantile,0.25,2983,COVID-19
DE,00+,2022-03-15,2022-02-15,-28 day ahead inc hosp,quantile,0.25,9636,COVID-19
DE,00-04,2022-03-15,2022-03-15,0 day ahead inc hosp,quantile,0.5,522,COVID-19
DE,05-14,2022-03-15,2022-03-15,0 day ahead inc hosp,quantile,0.5,301,COVID-19
DE,15-34,2022-03-15,2022-03-15,0 day ahead inc hosp,quantile,0.5,1291,COVID-19
DE,35-59,2022-03-15,2022-03-15,0 day ahead inc hosp,quantile,0.5,1949,COVID-19
DE,60-79,2022-03-15,2022-03-15,0 day ahead inc hosp,quantile,0.5,3192,COVID-19
DE,80+,2022-03-15,2022-03-15,0 day ahead inc hosp,quantile,0.5,3828.5,COVID-19
DE,00+,2022-03-15,2022-03-15,0 day ahead inc hosp,quantile,0.5,11086,COVID-19
DE,00-04,2022-03-15,2022-03-14,-1 day ahead inc hosp,quantile,0.5,478,COVID-19
DE,05-14,2022-03-15,2022-03-14,-1 day ahead inc hosp,quantile,0.5,294,COVID-19
DE,15-34,2022-03-15,2022-03-14,-1 day ahead inc hosp,quantile,0.5,1278,COVID-19
DE,35-59,2022-03-15,2022-03-14,-1 day ahead inc hosp,quantile,0.5,1874,COVID-19
DE,60-79,2022-03-15,2022-03-14,-1 day ahead inc hosp,quantile,0.5,3119,COVID-19
DE,80+,2022-03-15,2022-03-14,-1 day ahead inc hosp,quantile,0.5,3722,COVID-19
DE,00+,2022-03-15,2022-03-14,-1 day ahead inc hosp,quantile,0.5,10766,COVID-19
DE,00-04,2022-03-15,2022-03-13,-2 day ahead inc hosp,quantile,0.5,485,COVID-19
DE,05-14,2022-03-15,2022-03-13,-2 day ahead inc hosp,quantile,0.5,304,COVID-19
DE,15-34,2022-03-15,2022-03-13,-2 day ahead inc hosp,quantile,0.5,1266,COVID-19
DE,35-59,2022-03-15,2022-03-13,-2 day ahead inc hosp,quantile,0.5,1865,COVID-19
DE,60-79,2022-03-15,2022-03-13,-2 day ahead inc hosp,quantile,0.5,3066,COVID-19
DE,80+,2022-03-15,2022-03-13,-2 day ahead inc hosp,quantile,0.5,3644,COVID-19
DE,00+,2022-03-15,2022-03-13,-2 day ahead inc hosp,quantile,0.5,10632,COVID-19
DE,00-04,2022-03-15,2022-03-12,-3 day ahead inc hosp,quantile,0.5,447,COVID-19
DE,05-14,2022-03-15,2022-03-12,-3 day ahead inc hosp,quantile,0.5,289,COVID-19
DE,15-34,2022-03-15,2022-03-12,-3 day ahead inc hosp,quantile,0.5,1260,COVID-19
DE,35-59,2022-03-15,2022-03-12,-3 day ahead inc hosp,quantile,0.5,1812,COVID-19
DE,60-79,2022-03-15,2022-03-12,-3 day ahead inc hosp,quantile,0.5,2987,COVID-19
DE,80+,2022-03-15,2022-03-12,-3 day ahead inc hosp,quantile,0.5,3560,COVID-19
DE,00+,2022-03-15,2022-03-12,-3 day ahead inc hosp,quantile,0.5,10356,COVID-19
DE,00-04,2022-03-15,2022-03-11,-4 day ahead inc hosp,quantile,0.5,418,COVID-19
DE,05-14,2022-03-15,2022-03-11,-4 day ahead inc hosp,quantile,0.5,287,COVID-19
DE,15-34,2022-03-15,2022-03-11,-4 day ahead inc hosp,quantile,0.5,1262,COVID-19
DE,35-59,2022-03-15,2022-03-11,-4 day ahead inc hosp,quantile,0.5,1808,COVID-19
DE,60-79,2022-03-15,2022-03-11,-4 day ahead inc hosp,quantile,0.5,2924,COVID-19
DE,80+,2022-03-15,2022-03-11,-4 day ahead inc hosp,quantile,0.5,3387,COVID-19
DE,00+,2022-03-15,2022-03-11,-4 day ahead inc hosp,quantile,0.5,10087,COVID-19
DE,00-04,2022-03-15,2022-03-10,-5 day ahead inc hosp,quantile,0.5,392,COVID-19
DE,05-14,2022-03-15,2022-03-10,-5 day ahead inc hosp,quantile,0.5,290,COVID-19
DE,15-34,2022-03-15,2022-03-10,-5 day ahead inc hosp,quantile,0.5,1228,COVID-19
DE,35-59,2022-03-15,2022-03-10,-5 day ahead inc hosp,quantile,0.5,1766,COVID-19
DE,60-79,2022-03-15,2022-03-10,-5 day ahead inc hosp,quantile,0.5,2921,COVID-19
DE,80+,2022-03-15,2022-03-10,-5 day ahead inc hosp,quantile,0.5,3299,COVID-19
DE,00+,2022-03-15,2022-03-10,-5 day ahead inc hosp,quantile,0.5,9900,COVID-19
DE,00-04,2022-03-15,2022-03-09,-6 day ahead inc hosp,quantile,0.5,399,COVID-19
DE,05-14,2022-03-15,2022-03-09,-6 day ahead inc hosp,quantile,0.5,296,COVID-19
DE,15-34,2022-03-15,2022-03-09,-6 day ahead inc hosp,quantile,0.5,1215,COVID-19
DE,35-59,2022-03-15,2022-03-09,-6 day ahead inc hosp,quantile,0.5,1725,COVID-19
DE,60-79,2022-03-15,2022-03-09,-6 day ahead inc hosp,quantile,0.5,2842,COVID-19
DE,80+,2022-03-15,2022-03-09,-6 day ahead inc hosp,quantile,0.5,3246,COVID-19
DE,00+,2022-03-15,2022-03-09,-6 day ahead inc hosp,quantile,0.5,9724,COVID-19
DE,00-04,2022-03-15,2022-03-08,-7 day ahead inc hosp,quantile,0.5,401,COVID-19
DE,05-14,2022-03-15,2022-03-08,-7 day ahead inc hosp,quantile,0.5,293,COVID-19
DE,15-34,2022-03-15,2022-03-08,-7 day ahead inc hosp,quantile,0.5,1166,COVID-19
DE,35-59,2022-03-15,2022-03-08,-7 day ahead inc hosp,quantile,0.5,1678,COVID-19
DE,60-79,2022-03-15,2022-03-08,-7 day ahead inc hosp,quantile,0.5,2760,COVID-19
DE,80+,2022-03-15,2022-03-08,-7 day ahead inc hosp,quantile,0.5,3116,COVID-19
DE,00+,2022-03-15,2022-03-08,-7 day ahead inc hosp,quantile,0.5,9416,COVID-19
DE,00-04,2022-03-15,2022-03-07,-8 day ahead inc hosp,quantile,0.5,392,COVID-19
DE,05-14,2022-03-15,2022-03-07,-8 day ahead inc hosp,quantile,0.5,270,COVID-19
DE,15-34,2022-03-15,2022-03-07,-8 day ahead inc hosp,quantile,0.5,1158,COVID-19
DE,35-59,2022-03-15,2022-03-07,-8 day ahead inc hosp,quantile,0.5,1710,COVID-19
DE,60-79,2022-03-15,2022-03-07,-8 day ahead inc hosp,quantile,0.5,2738,COVID-19
DE,80+,2022-03-15,2022-03-07,-8 day ahead inc hosp,quantile,0.5,3044,COVID-19
DE,00+,2022-03-15,2022-03-07,-8 day ahead inc hosp,quantile,0.5,9313,COVID-19
DE,00-04,2022-03-15,2022-03-06,-9 day ahead inc hosp,quantile,0.5,379,COVID-19
DE,05-14,2022-03-15,2022-03-06,-9 day ahead inc hosp,quantile,0.5,257,COVID-19
DE,15-34,2022-03-15,2022-03-06,-9 day ahead inc hosp,quantile,0.5,1117,COVID-19
DE,35-59,2022-03-15,2022-03-06,-9 day ahead inc hosp,quantile,0.5,1697,COVID-19
DE,60-79,2022-03-15,2022-03-06,-9 day ahead inc hosp,quantile,0.5,2721,COVID-19
DE,80+,2022-03-15,2022-03-06,-9 day ahead inc hosp,quantile,0.5,3093,COVID-19
DE,00+,2022-03-15,2022-03-06,-9 day ahead inc hosp,quantile,0.5,9263,COVID-19
DE,00-04,2022-03-15,2022-03-05,-10 day ahead inc hosp,quantile,0.5,381,COVID-19
DE,05-14,2022-03-15,2022-03-05,-10 day ahead inc hosp,quantile,0.5,258,COVID-19
DE,15-34,2022-03-15,2022-03-05,-10 day ahead inc hosp,quantile,0.5,1083,COVID-19
DE,35-59,2022-03-15,2022-03-05,-10 day ahead inc hosp,quantile,0.5,1708,COVID-19
DE,60-79,2022-03-15,2022-03-05,-10 day ahead inc hosp,quantile,0.5,2763,COVID-19
DE,80+,2022-03-15,2022-03-05,-10 day ahead inc hosp,quantile,0.5,3084,COVID-19
DE,00+,2022-03-15,2022-03-05,-10 day ahead inc hosp,quantile,0.5,9278,COVID-19
DE,00-04,2022-03-15,2022-03-04,-11 day ahead inc hosp,quantile,0.5,386,COVID-19
DE,05-14,2022-03-15,2022-03-04,-11 day ahead inc hosp,quantile,0.5,256,COVID-19
DE,15-34,2022-03-15,2022-03-04,-11 day ahead inc hosp,quantile,0.5,1048,COVID-19
DE,35-59,2022-03-15,2022-03-04,-11 day ahead inc hosp,quantile,0.5,1661,COVID-19
DE,60-79,2022-03-15,2022-03-04,-11 day ahead inc hosp,quantile,0.5,2739,COVID-19
DE,80+,2022-03-15,2022-03-04,-11 day ahead inc hosp,quantile,0.5,3134,COVID-19
DE,00+,2022-03-15,2022-03-04,-11 day ahead inc hosp,quantile,0.5,9225,COVID-19
DE,00-04,2022-03-15,2022-03-03,-12 day ahead inc hosp,quantile,0.5,412,COVID-19
DE,05-14,2022-03-15,2022-03-03,-12 day ahead inc hosp,quantile,0.5,248,COVID-19
DE,15-34,2022-03-15,2022-03-03,-12 day ahead inc hosp,quantile,0.5,1045,COVID-19
DE,35-59,2022-03-15,2022-03-03,-12 day ahead inc hosp,quantile,0.5,1677,COVID-19
DE,60-79,2022-03-15,2022-03-03,-12 day ahead inc hosp,quantile,0.5,2677,COVID-19
DE,80+,2022-03-15,2022-03-03,-12 day ahead inc hosp,quantile,0.5,3099,COVID-19
DE,00+,2022-03-15,2022-03-03,-12 day ahead inc hosp,quantile,0.5,9158,COVID-19
DE,00-04,2022-03-15,2022-03-02,-13 day ahead inc hosp,quantile,0.5,394,COVID-19
DE,05-14,2022-03-15,2022-03-02,-13 day ahead inc hosp,quantile,0.5,232,COVID-19
DE,15-34,2022-03-15,2022-03-02,-13 day ahead inc hosp,quantile,0.5,1044,COVID-19
DE,35-59,2022-03-15,2022-03-02,-13 day ahead inc hosp,quantile,0.5,1679,COVID-19
DE,60-79,2022-03-15,2022-03-02,-13 day ahead inc hosp,quantile,0.5,2707,COVID-19
DE,80+,2022-03-15,2022-03-02,-13 day ahead inc hosp,quantile,0.5,3083,COVID-19
DE,00+,2022-03-15,2022-03-02,-13 day ahead inc hosp,quantile,0.5,9140,COVID-19
DE,00-04,2022-03-15,2022-03-01,-14 day ahead inc hosp,quantile,0.5,386,COVID-19
DE,05-14,2022-03-15,2022-03-01,-14 day ahead inc hosp,quantile,0.5,250,COVID-19
DE,15-34,2022-03-15,2022-03-01,-14 day ahead inc hosp,quantile,0.5,1058,COVID-19
DE,35-59,2022-03-15,2022-03-01,-14 day ahead inc hosp,quantile,0.5,1739,COVID-19
DE,60-79,2022-03-15,2022-03-01,-14 day ahead inc hosp,quantile,0.5,2720,COVID-19
DE,80+,2022-03-15,2022-03-01,-14 day ahead inc hosp,quantile,0.5,3100,COVID-19
DE,00+,2022-03-15,2022-03-01,-14 day ahead inc hosp,quantile,0.5,9254,COVID-19
DE,00-04,2022-03-15,2022-02-28,-15 day ahead inc hosp,quantile,0.5,386,COVID-19
DE,05-14,2022-03-15,2022-02-28,-15 day ahead inc hosp,quantile,0.5,269,COVID-19
DE,15-34,2022-03-15,2022-02-28,-15 day ahead inc hosp,quantile,0.5,1099,COVID-19
DE,35-59,2022-03-15,2022-02-28,-15 day ahead inc hosp,quantile,0.5,1766,COVID-19
DE,60-79,2022-03-15,2022-02-28,-15 day ahead inc hosp,quantile,0.5,2786,COVID-19
DE,80+,2022-03-15,2022-02-28,-15 day ahead inc hosp,quantile,0.5,3143,COVID-19
DE,00+,2022-03-15,2022-02-28,-15 day ahead inc hosp,quantile,0.5,9450,COVID-19
DE,00-04,2022-03-15,2022-02-27,-16 day ahead inc hosp,quantile,0.5,397,COVID-19
DE,05-14,2022-03-15,2022-02-27,-16 day ahead inc hosp,quantile,0.5,275,COVID-19
DE,15-34,2022-03-15,2022-02-27,-16 day ahead inc hosp,quantile,0.5,1116,COVID-19
DE,35-59,2022-03-15,2022-02-27,-16 day ahead inc hosp,quantile,0.5,1803,COVID-19
DE,60-79,2022-03-15,2022-02-27,-16 day ahead inc hosp,quantile,0.5,2831,COVID-19
DE,80+,2022-03-15,2022-02-27,-16 day ahead inc hosp,quantile,0.5,3141,COVID-19
DE,00+,2022-03-15,2022-02-27,-16 day ahead inc hosp,quantile,0.5,9563,COVID-19
DE,00-04,2022-03-15,2022-02-26,-17 day ahead inc hosp,quantile,0.5,391,COVID-19
DE,05-14,2022-03-15,2022-02-26,-17 day ahead inc hosp,quantile,0.5,292,COVID-19
DE,15-34,2022-03-15,2022-02-26,-17 day ahead inc hosp,quantile,0.5,1126,COVID-19
DE,35-59,2022-03-15,2022-02-26,-17 day ahead inc hosp,quantile,0.5,1812,COVID-19
DE,60-79,2022-03-15,2022-02-26,-17 day ahead inc hosp,quantile,0.5,2815,COVID-19
DE,80+,2022-03-15,2022-02-26,-17 day ahead inc hosp,quantile,0.5,3118,COVID-19
DE,00+,2022-03-15,2022-02-26,-17 day ahead inc hosp,quantile,0.5,9555,COVID-19
DE,00-04,2022-03-15,2022-02-25,-18 day ahead inc hosp,quantile,0.5,402,COVID-19
DE,05-14,2022-03-15,2022-02-25,-18 day ahead inc hosp,quantile,0.5,302,COVID-19
DE,15-34,2022-03-15,2022-02-25,-18 day ahead inc hosp,quantile,0.5,1137,COVID-19
DE,35-59,2022-03-15,2022-02-25,-18 day ahead inc hosp,quantile,0.5,1833,COVID-19
DE,60-79,2022-03-15,2022-02-25,-18 day ahead inc hosp,quantile,0.5,2812,COVID-19
DE,80+,2022-03-15,2022-02-25,-18 day ahead inc hosp,quantile,0.5,3109,COVID-19
DE,00+,2022-03-15,2022-02-25,-18 day ahead inc hosp,quantile,0.5,9597,COVID-19
DE,00-04,2022-03-15,2022-02-24,-19 day ahead inc hosp,quantile,0.5,388,COVID-19
DE,05-14,2022-03-15,2022-02-24,-19 day ahead inc hosp,quantile,0.5,306,COVID-19
DE,15-34,2022-03-15,2022-02-24,-19 day ahead inc hosp,quantile,0.5,1150,COVID-19
DE,35-59,2022-03-15,2022-02-24,-19 day ahead inc hosp,quantile,0.5,1850,COVID-19
DE,60-79,2022-03-15,2022-02-24,-19 day ahead inc hosp,quantile,0.5,2851,COVID-19
DE,80+,2022-03-15,2022-02-24,-19 day ahead inc hosp,quantile,0.5,3166,COVID-19
DE,00+,2022-03-15,2022-02-24,-19 day ahead inc hosp,quantile,0.5,9712,COVID-19
DE,00-04,2022-03-15,2022-02-23,-20 day ahead inc hosp,quantile,0.5,388,COVID-19
DE,05-14,2022-03-15,2022-02-23,-20 day ahead inc hosp,quantile,0.5,326,COVID-19
DE,15-34,2022-03-15,2022-02-23,-20 day ahead inc hosp,quantile,0.5,1143,COVID-19
DE,35-59,2022-03-15,2022-02-23,-20 day ahead inc hosp,quantile,0.5,1915,COVID-19
DE,60-79,2022-03-15,2022-02-23,-20 day ahead inc hosp,quantile,0.5,2870,COVID-19
DE,80+,2022-03-15,2022-02-23,-20 day ahead inc hosp,quantile,0.5,3127,COVID-19
DE,00+,2022-03-15,2022-02-23,-20 day ahead inc hosp,quantile,0.5,9769,COVID-19
DE,00-04,2022-03-15,2022-02-22,-21 day ahead inc hosp,quantile,0.5,405,COVID-19
DE,05-14,2022-03-15,2022-02-22,-21 day ahead inc hosp,quantile,0.5,329,COVID-19
DE,15-34,2022-03-15,2022-02-22,-21 day ahead inc hosp,quantile,0.5,1172,COVID-19
DE,35-59,2022-03-15,2022-02-22,-21 day ahead inc hosp,quantile,0.5,1925,COVID-19
DE,60-79,2022-03-15,2022-02-22,-21 day ahead inc hosp,quantile,0.5,2846,COVID-19
DE,80+,2022-03-15,2022-02-22,-21 day ahead inc hosp,quantile,0.5,3196,COVID-19
DE,00+,2022-03-15,2022-02-22,-21 day ahead inc hosp,quantile,0.5,9873,COVID-19
DE,00-04,2022-03-15,2022-02-21,-22 day ahead inc hosp,quantile,0.5,415,COVID-19
DE,05-14,2022-03-15,2022-02-21,-22 day ahead inc hosp,quantile,0.5,326,COVID-19
DE,15-34,2022-03-15,2022-02-21,-22 day ahead inc hosp,quantile,0.5,1190,COVID-19
DE,35-59,2022-03-15,2022-02-21,-22 day ahead inc hosp,quantile,0.5,1923,COVID-19
DE,60-79,2022-03-15,2022-02-21,-22 day ahead inc hosp,quantile,0.5,2773,COVID-19
DE,80+,2022-03-15,2022-02-21,-22 day ahead inc hosp,quantile,0.5,3177,COVID-19
DE,00+,2022-03-15,2022-02-21,-22 day ahead inc hosp,quantile,0.5,9805,COVID-19
DE,00-04,2022-03-15,2022-02-20,-23 day ahead inc hosp,quantile,0.5,410,COVID-19
DE,05-14,2022-03-15,2022-02-20,-23 day ahead inc hosp,quantile,0.5,325,COVID-19
DE,15-34,2022-03-15,2022-02-20,-23 day ahead inc hosp,quantile,0.5,1199,COVID-19
DE,35-59,2022-03-15,2022-02-20,-23 day ahead inc hosp,quantile,0.5,1907,COVID-19
DE,60-79,2022-03-15,2022-02-20,-23 day ahead inc hosp,quantile,0.5,2752,COVID-19
DE,80+,2022-03-15,2022-02-20,-23 day ahead inc hosp,quantile,0.5,3145,COVID-19
DE,00+,2022-03-15,2022-02-20,-23 day ahead inc hosp,quantile,0.5,9740,COVID-19
DE,00-04,2022-03-15,2022-02-19,-24 day ahead inc hosp,quantile,0.5,412,COVID-19
DE,05-14,2022-03-15,2022-02-19,-24 day ahead inc hosp,quantile,0.5,329,COVID-19
DE,15-34,2022-03-15,2022-02-19,-24 day ahead inc hosp,quantile,0.5,1193,COVID-19
DE,35-59,2022-03-15,2022-02-19,-24 day ahead inc hosp,quantile,0.5,1881,COVID-19
DE,60-79,2022-03-15,2022-02-19,-24 day ahead inc hosp,quantile,0.5,2698,COVID-19
DE,80+,2022-03-15,2022-02-19,-24 day ahead inc hosp,quantile,0.5,3147,COVID-19
DE,00+,2022-03-15,2022-02-19,-24 day ahead inc hosp,quantile,0.5,9661,COVID-19
DE,00-04,2022-03-15,2022-02-18,-25 day ahead inc hosp,quantile,0.5,411,COVID-19
DE,05-14,2022-03-15,2022-02-18,-25 day ahead inc hosp,quantile,0.5,329,COVID-19
DE,15-34,2022-03-15,2022-02-18,-25 day ahead inc hosp,quantile,0.5,1202,COVID-19
DE,35-59,2022-03-15,2022-02-18,-25 day ahead inc hosp,quantile,0.5,1948,COVID-19
DE,60-79,2022-03-15,2022-02-18,-25 day ahead inc hosp,quantile,0.5,2664,COVID-19
DE,80+,2022-03-15,2022-02-18,-25 day ahead inc hosp,quantile,0.5,3126,COVID-19
DE,00+,2022-03-15,2022-02-18,-25 day ahead inc hosp,quantile,0.5,9680,COVID-19
DE,00-04,2022-03-15,2022-02-17,-26 day ahead inc hosp,quantile,0.5,412,COVID-19
DE,05-14,2022-03-15,2022-02-17,-26 day ahead inc hosp,quantile,0.5,347,COVID-19
DE,15-34,2022-03-15,2022-02-17,-26 day ahead inc hosp,quantile,0.5,1227,COVID-19
DE,35-59,2022-03-15,2022-02-17,-26 day ahead inc hosp,quantile,0.5,1936,COVID-19
DE,60-79,2022-03-15,2022-02-17,-26 day ahead inc hosp,quantile,0.5,2618,COVID-19
DE,80+,2022-03-15,2022-02-17,-26 day ahead inc hosp,quantile,0.5,3055,COVID-19
DE,00+,2022-03-15,2022-02-17,-26 day ahead inc hosp,quantile,0.5,9597,COVID-19
DE,00-04,2022-03-15,2022-02-16,-27 day ahead inc hosp,quantile,0.5,423,COVID-19
DE,05-14,2022-03-15,2022-02-16,-27 day ahead inc hosp,quantile,0.5,343,COVID-19
DE,15-34,2022-03-15,2022-02-16,-27 day ahead inc hosp,quantile,0.5,1257,COVID-19
DE,35-59,2022-03-15,2022-02-16,-27 day ahead inc hosp,quantile,0.5,1953,COVID-19
DE,60-79,2022-03-15,2022-02-16,-27 day ahead inc hosp,quantile,0.5,2572,COVID-19
DE,80+,2022-03-15,2022-02-16,-27 day ahead inc hosp,quantile,0.5,3033,COVID-19
DE,00+,2022-03-15,2022-02-16,-27 day ahead inc hosp,quantile,0.5,9582,COVID-19
DE,00-04,2022-03-15,2022-02-15,-28 day ahead inc hosp,quantile,0.5,404,COVID-19
DE,05-14,2022-03-15,2022-02-15,-28 day ahead inc hosp,quantile,0.5,356,COVID-19
DE,15-34,2022-03-15,2022-02-15,-28 day ahead inc hosp,quantile,0.5,1288,COVID-19
DE,35-59,2022-03-15,2022-02-15,-28 day ahead inc hosp,quantile,0.5,2012,COVID-19
DE,60-79,2022-03-15,2022-02-15,-28 day ahead inc hosp,quantile,0.5,2598,COVID-19
DE,80+,2022-03-15,2022-02-15,-28 day ahead inc hosp,quantile,0.5,2988,COVID-19
DE,00+,2022-03-15,2022-02-15,-28 day ahead inc hosp,quantile,0.5,9646,COVID-19
DE,00-04,2022-03-15,2022-03-15,0 day ahead inc hosp,quantile,0.75,534,COVID-19
DE,05-14,2022-03-15,2022-03-15,0 day ahead inc hosp,quantile,0.75,309,COVID-19
DE,15-34,2022-03-15,2022-03-15,0 day ahead inc hosp,quantile,0.75,1310,COVID-19
DE,35-59,2022-03-15,2022-03-15,0 day ahead inc hosp,quantile,0.75,1974,COVID-19
DE,60-79,2022-03-15,2022-03-15,0 day ahead inc hosp,quantile,0.75,3230,COVID-19
DE,80+,2022-03-15,2022-03-15,0 day ahead inc hosp,quantile,0.75,3871,COVID-19
DE,00+,2022-03-15,2022-03-15,0 day ahead inc hosp,quantile,0.75,11179,COVID-19
DE,00-04,2022-03-15,2022-03-14,-1 day ahead inc hosp,quantile,0.75,487,COVID-19
DE,05-14,2022-03-15,2022-03-14,-1 day ahead inc hosp,quantile,0.75,301,COVID-19
DE,15-34,2022-03-15,2022-03-14,-1 day ahead inc hosp,quantile,0.75,1295,COVID-19
DE,35-59,2022-03-15,2022-03-14,-1 day ahead inc hosp,quantile,0.75,1896,COVID-19
DE,60-79,2022-03-15,2022-03-14,-1 day ahead inc hosp,quantile,0.75,3151,COVID-19
DE,80+,2022-03-15,2022-03-14,-1 day ahead inc hosp,quantile,0.75,3758,COVID-19
DE,00+,2022-03-15,2022-03-14,-1 day ahead inc hosp,quantile,0.75,10841,COVID-19
DE,00-04,2022-03-15,2022-03-13,-2 day ahead inc hosp,quantile,0.75,494,COVID-19
DE,05-14,2022-03-15,2022-03-13,-2 day ahead inc hosp,quantile,0.75,310,COVID-19
DE,15-34,2022-03-15,2022-03-13,-2 day ahead inc hosp,quantile,0.75,1282,COVID-19
DE,35-59,2022-03-15,2022-03-13,-2 day ahead inc hosp,quantile,0.75,1887,COVID-19
DE,60-79,2022-03-15,2022-03-13,-2 day ahead inc hosp,quantile,0.75,3094,COVID-19
DE,80+,2022-03-15,2022-03-13,-2 day ahead inc hosp,quantile,0.75,3675,COVID-19
DE,00+,2022-03-15,2022-03-13,-2 day ahead inc hosp,quantile,0.75,10699,COVID-19
DE,00-04,2022-03-15,2022-03-12,-3 day ahead inc hosp,quantile,0.75,455,COVID-19
DE,05-14,2022-03-15,2022-03-12,-3 day ahead inc hosp,quantile,0.75,295,COVID-19
DE,15-34,2022-03-15,2022-03-12,-3 day ahead inc hosp,quantile,0.75,1274,COVID-19
DE,35-59,2022-03-15,2022-03-12,-3 day ahead inc hosp,quantile,0.75,1831,COVID-19
DE,60-79,2022-03-15,2022-03-12,-3 day ahead inc hosp,quantile,0.75,3012,COVID-19
DE,80+,2022-03-15,2022-03-12,-3 day ahead inc hosp,quantile,0.75,3588,COVID-19
DE,00+,2022-03-15,2022-03-12,-3 day ahead inc hosp,quantile,0.75,10415,COVID-19
DE,00-04,2022-03-15,2022-03-11,-4 day ahead inc hosp,quantile,0.75,425,COVID-19
DE,05-14,2022-03-15,2022-03-11,-4 day ahead inc hosp,quantile,0.75,293,COVID-19
DE,15-34,2022-03-15,2022-03-11,-4 day ahead inc hosp,quantile,0.75,1275,COVID-19
DE,35-59,2022-03-15,2022-03-11,-4 day ahead inc hosp,quantile,0.75,1825,COVID-19
DE,60-79,2022-03-15,2022-03-11,-4 day ahead inc hosp,quantile,0.75,2946,COVID-19
DE,80+,2022-03-15,2022-03-11,-4 day ahead inc hosp,quantile,0.75,3411,COVID-19
DE,00+,2022-03-15,2022-03-11,-4 day ahead inc hosp,quantile,0.75,10136,COVID-19
DE,00-04,2022-03-15,2022-03-10,-5 day ahead inc hosp,quantile,0.75,399,COVID-19
DE,05-14,2022-03-15,2022-03-10,-5 day ahead inc hosp,quantile,0.75,295,COVID-19
DE,15-34,2022-03-15,2022-03-10,-5 day ahead inc hosp,quantile,0.75,1240,COVID-19
DE,35-59,2022-03-15,2022-03-10,-5 day ahead inc hosp,quantile,0.75,1781,COVID-19
DE,60-79,2022-03-15,2022-03-10,-5 day ahead inc hosp,quantile,0.75,2941,COVID-19
DE,80+,2022-03-15,2022-03-10,-5 day ahead inc hosp,quantile,0.75,3321,COVID-19
DE,00+,2022-03-15,2022-03-10,-5 day ahead inc hosp,quantile,0.75,9940,COVID-19
DE,00-04,2022-03-15,2022-03-09,-6 day ahead inc hosp,quantile,0.75,405,COVID-19
DE,05-14,2022-03-15,2022-03-09,-6 day ahead inc hosp,quantile,0.75,301,COVID-19
DE,15-34,2022-03-15,2022-03-09,-6 day ahead inc hosp,quantile,0.75,1227,COVID-19
DE,35-59,2022-03-15,2022-03-09,-6 day ahead inc hosp,quantile,0.75,1738,COVID-19
DE,60-79,2022-03-15,2022-03-09,-6 day ahead inc hosp,quantile,0.75,2860,COVID-19
DE,80+,2022-03-15,2022-03-09,-6 day ahead inc hosp,quantile,0.75,3266,COVID-19
DE,00+,2022-03-15,2022-03-09,-6 day ahead inc hosp,quantile,0.75,9762,COVID-19
DE,00-04,2022-03-15,2022-03-08,-7 day ahead inc hosp,quantile,0.75,406,COVID-19
DE,05-14,2022-03-15,2022-03-08,-7 day ahead inc hosp,quantile,0.75,298,COVID-19
DE,15-34,2022-03-15,2022-03-08,-7 day ahead inc hosp,quantile,0.75,1177,COVID-19
DE,35-59,2022-03-15,2022-03-08,-7 day ahead inc hosp,quantile,0.75,1691,COVID-19
DE,60-79,2022-03-15,2022-03-08,-7 day ahead inc hosp,quantile,0.75,2777,COVID-19
DE,80+,2022-03-15,2022-03-08,-7 day ahead inc hosp,quantile,0.75,3134,COVID-19
DE,00+,2022-03-15,2022-03-08,-7 day ahead inc hosp,quantile,0.75,9451,COVID-19
DE,00-04,2022-03-15,2022-03-07,-8 day ahead inc hosp,quantile,0.75,398,COVID-19
DE,05-14,2022-03-15,2022-03-07,-8 day ahead inc hosp,quantile,0.75,274,COVID-19
DE,15-34,2022-03-15,2022-03-07,-8 day ahead inc hosp,quantile,0.75,1168,COVID-19
DE,35-59,2022-03-15,2022-03-07,-8 day ahead inc hosp,quantile,0.75,1722,COVID-19
DE,60-79,2022-03-15,2022-03-07,-8 day ahead inc hosp,quantile,0.75,2753,COVID-19
DE,80+,2022-03-15,2022-03-07,-8 day ahead inc hosp,quantile,0.75,3061,COVID-19
DE,00+,2022-03-15,2022-03-07,-8 day ahead inc hosp,quantile,0.75,9345,COVID-19
DE,00-04,2022-03-15,2022-03-06,-9 day ahead inc hosp,quantile,0.75,384,COVID-19
DE,05-14,2022-03-15,2022-03-06,-9 day ahead inc hosp,quantile,0.75,262,COVID-19
DE,15-34,2022-03-15,2022-03-06,-9 day ahead inc hosp,quantile,0.75,1126,COVID-19
DE,35-59,2022-03-15,2022-03-06,-9 day ahead inc hosp,quantile,0.75,1709,COVID-19
DE,60-79,2022-03-15,2022-03-06,-9 day ahead inc hosp,quantile,0.75,2735,COVID-19
DE,80+,2022-03-15,2022-03-06,-9 day ahead inc hosp,quantile,0.75,3108,COVID-19
DE,00+,2022-03-15,2022-03-06,-9 day ahead inc hosp,quantile,0.75,9295,COVID-19
DE,00-04,2022-03-15,2022-03-05,-10 day ahead inc hosp,quantile,0.75,387,COVID-19
DE,05-14,2022-03-15,2022-03-05,-10 day ahead inc hosp,quantile,0.75,262,COVID-19
DE,15-34,2022-03-15,2022-03-05,-10 day ahead inc hosp,quantile,0.75,1092,COVID-19
DE,35-59,2022-03-15,2022-03-05,-10 day ahead inc hosp,quantile,0.75,1719,COVID-19
DE,60-79,2022-03-15,2022-03-05,-10 day ahead inc hosp,quantile,0.75,2778,COVID-19
DE,80+,2022-03-15,2022-03-05,-10 day ahead inc hosp,quantile,0.75,3099,COVID-19
DE,00+,2022-03-15,2022-03-05,-10 day ahead inc hosp,quantile,0.75,9308,COVID-19
DE,00-04,2022-03-15,2022-03-04,-11 day ahead inc hosp,quantile,0.75,391,COVID-19
DE,05-14,2022-03-15,2022-03-04,-11 day ahead inc hosp,quantile,0.75,260,COVID-19
DE,15-34,2022-03-15,2022-03-04,-11 day ahead inc hosp,quantile,0.75,1056,COVID-19
DE,35-59,2022-03-15,2022-03-04,-11 day ahead inc hosp,quantile,0.75,1671,COVID-19
DE,60-79,2022-03-15,2022-03-04,-11 day ahead inc hosp,quantile,0.75,2753,COVID-19
DE,80+,2022-03-15,2022-03-04,-11 day ahead inc hosp,quantile,0.75,3149,COVID-19
DE,00+,2022-03-15,2022-03-04,-11 day ahead inc hosp,quantile,0.75,9252,COVID-19
DE,00-04,2022-03-15,2022-03-03,-12 day ahead inc hosp,quantile,0.75,417,COVID-19
DE,05-14,2022-03-15,2022-03-03,-12 day ahead inc hosp,quantile,0.75,252,COVID-19
DE,15-34,2022-03-15,2022-03-03,-12 day ahead inc hosp,quantile,0.75,1052,COVID-19
DE,35-59,2022-03-15,2022-03-03,-12 day ahead inc hosp,quantile,0.75,1686,COVID-19
DE,60-79,2022-03-15,2022-03-03,-12 day ahead inc hosp,quantile,0.75,2689,COVID-19
DE,80+,2022-03-15,2022-03-03,-12 day ahead inc hosp,quantile,0.75,3113,COVID-19
DE,00+,2022-03-15,2022-03-03,-12 day ahead inc hosp,quantile,0.75,9184,COVID-19
DE,00-04,2022-03-15,2022-03-02,-13 day ahead inc hosp,quantile,0.75,399,COVID-19
DE,05-14,2022-03-15,2022-03-02,-13 day ahead inc hosp,quantile,0.75,235,COVID-19
DE,15-34,2022-03-15,2022-03-02,-13 day ahead inc hosp,quantile,0.75,1051,COVID-19
DE,35-59,2022-03-15,2022-03-02,-13 day ahead inc hosp,quantile,0.75,1688,COVID-19
DE,60-79,2022-03-15,2022-03-02,-13 day ahead inc hosp,quantile,0.75,2719,COVID-19
DE,80+,2022-03-15,2022-03-02,-13 day ahead inc hosp,quantile,0.75,3096,COVID-19
DE,00+,2022-03-15,2022-03-02,-13 day ahead inc hosp,quantile,0.75,9164,COVID-19
DE,00-04,2022-03-15,2022-03-01,-14 day ahead inc hosp,quantile,0.75,391,COVID-19
DE,05-14,2022-03-15,2022-03-01,-14 day ahead inc hosp,quantile,0.75,254,COVID-19
DE,15-34,2022-03-15,2022-03-01,-14 day ahead inc hosp,quantile,0.75,1065,COVID-19
DE,35-59,2022-03-15,2022-03-01,-14 day ahead inc hosp,quantile,0.75,1748,COVID-19
DE,60-79,2022-03-15,2022-03-01,-14 day ahead inc hosp,quantile,0.75,2731,COVID-19
DE,80+,2022-03-15,2022-03-01,-14 day ahead inc hosp,quantile,0.75,3112,COVID-19
DE,00+,2022-03-15,2022-03-01,-14 day ahead inc hosp,quantile,0.75,9277,COVID-19
DE,00-04,2022-03-15,2022-02-28,-15 day ahead inc hosp,quantile,0.75,391,COVID-19
DE,05-14,2022-03-15,2022-02-28,-15 day ahead inc hosp,quantile,0.75,273,COVID-19
DE,15-34,2022-03-15,2022-02-28,-15 day ahead inc hosp,quantile,0.75,1106,COVID-19
DE,35-59,2022-03-15,2022-02-28,-15 day ahead inc hosp,quantile,0.75,1774,COVID-19
DE,60-79,2022-03-15,2022-02-28,-15 day ahead inc hosp,quantile,0.75,2796,COVID-19
DE,80+,2022-03-15,2022-02-28,-15 day ahead inc hosp,quantile,0.75,3155,COVID-19
DE,00+,2022-03-15,2022-02-28,-15 day ahead inc hosp,quantile,0.75,9472,COVID-19
DE,00-04,2022-03-15,2022-02-27,-16 day ahead inc hosp,quantile,0.75,401,COVID-19
DE,05-14,2022-03-15,2022-02-27,-16 day ahead inc hosp,quantile,0.75,279,COVID-19
DE,15-34,2022-03-15,2022-02-27,-16 day ahead inc hosp,quantile,0.75,1123,COVID-19
DE,35-59,2022-03-15,2022-02-27,-16 day ahead inc hosp,quantile,0.75,1811,COVID-19
DE,60-79,2022-03-15,2022-02-27,-16 day ahead inc hosp,quantile,0.75,2841,COVID-19
DE,80+,2022-03-15,2022-02-27,-16 day ahead inc hosp,quantile,0.75,3152,COVID-19
DE,00+,2022-03-15,2022-02-27,-16 day ahead inc hosp,quantile,0.75,9585,COVID-19
DE,00-04,2022-03-15,2022-02-26,-17 day ahead inc hosp,quantile,0.75,396,COVID-19
DE,05-14,2022-03-15,2022-02-26,-17 day ahead inc hosp,quantile,0.75,296,COVID-19
DE,15-34,2022-03-15,2022-02-26,-17 day ahead inc hosp,quantile,0.75,1132,COVID-19
DE,35-59,2022-03-15,2022-02-26,-17 day ahead inc hosp,quantile,0.75,1820,COVID-19
DE,60-79,2022-03-15,2022-02-26,-17 day ahead inc hosp,quantile,0.75,2824,COVID-19
DE,80+,2022-03-15,2022-02-26,-17 day ahead inc hosp,quantile,0.75,3128,COVID-19
DE,00+,2022-03-15,2022-02-26,-17 day ahead inc hosp,quantile,0.75,9575,COVID-19
DE,00-04,2022-03-15,2022-02-25,-18 day ahead inc hosp,quantile,0.75,407,COVID-19
DE,05-14,2022-03-15,2022-02-25,-18 day ahead inc hosp,quantile,0.75,306,COVID-19
DE,15-34,2022-03-15,2022-02-25,-18 day ahead inc hosp,quantile,0.75,1144,COVID-19
DE,35-59,2022-03-15,2022-02-25,-18 day ahead inc hosp,quantile,0.75,1840,COVID-19
DE,60-79,2022-03-15,2022-02-25,-18 day ahead inc hosp,quantile,0.75,2821,COVID-19
DE,80+,2022-03-15,2022-02-25,-18 day ahead inc hosp,quantile,0.75,3118,COVID-19
DE,00+,2022-03-15,2022-02-25,-18 day ahead inc hosp,quantile,0.75,9615,COVID-19
DE,00-04,2022-03-15,2022-02-24,-19 day ahead inc hosp,quantile,0.75,392,COVID-19
DE,05-14,2022-03-15,2022-02-24,-19 day ahead inc hosp,quantile,0.75,309,COVID-19
DE,15-34,2022-03-15,2022-02-24,-19 day ahead inc hosp,quantile,0.75,1156,COVID-19
DE,35-59,2022-03-15,2022-02-24,-19 day ahead inc hosp,quantile,0.75,1857,COVID-19
DE,60-79,2022-03-15,2022-02-24,-19 day ahead inc hosp,quantile,0.75,2859,COVID-19
DE,80+,2022-03-15,2022-02-24,-19 day ahead inc hosp,quantile,0.75,3174,COVID-19
DE,00+,2022-03-15,2022-02-24,-19 day ahead inc hosp,quantile,0.75,9729,COVID-19
DE,00-04,2022-03-15,2022-02-23,-20 day ahead inc hosp,quantile,0.75,392,COVID-19
DE,05-14,2022-03-15,2022-02-23,-20 day ahead inc hosp,quantile,0.75,330,COVID-19
DE,15-34,2022-03-15,2022-02-23,-20 day ahead inc hosp,quantile,0.75,1149,COVID-19
DE,35-59,2022-03-15,2022-02-23,-20 day ahead inc hosp,quantile,0.75,1921,COVID-19
DE,60-79,2022-03-15,2022-02-23,-20 day ahead inc hosp,quantile,0.75,2878,COVID-19
DE,80+,2022-03-15,2022-02-23,-20 day ahead inc hosp,quantile,0.75,3135,COVID-19
DE,00+,2022-03-15,2022-02-23,-20 day ahead inc hosp,quantile,0.75,9786,COVID-19
DE,00-04,2022-03-15,2022-02-22,-21 day ahead inc hosp,quantile,0.75,409,COVID-19
DE,05-14,2022-03-15,2022-02-22,-21 day ahead inc hosp,quantile,0.75,332,COVID-19
DE,15-34,2022-03-15,2022-02-22,-21 day ahead inc hosp,quantile,0.75,1177,COVID-19
DE,35-59,2022-03-15,2022-02-22,-21 day ahead inc hosp,quantile,0.75,1931,COVID-19
DE,60-79,2022-03-15,2022-02-22,-21 day ahead inc hosp,quantile,0.75,2853,COVID-19
DE,80+,2022-03-15,2022-02-22,-21 day ahead inc hosp,quantile,0.75,3203,COVID-19
DE,00+,2022-03-15,2022-02-22,-21 day ahead inc hosp,quantile,0.75,9888,COVID-19
DE,00-04,2022-03-15,2022-02-21,-22 day ahead inc hosp,quantile,0.75,419,COVID-19
DE,05-14,2022-03-15,2022-02-21,-22 day ahead inc hosp,quantile,0.75,329,COVID-19
DE,15-34,2022-03-15,2022-02-21,-22 day ahead inc hosp,quantile,0.75,1196,COVID-19
DE,35-59,2022-03-15,2022-02-21,-22 day ahead inc hosp,quantile,0.75,1928,COVID-19
DE,60-79,2022-03-15,2022-02-21,-22 day ahead inc hosp,quantile,0.75,2779,COVID-19
DE,80+,2022-03-15,2022-02-21,-22 day ahead inc hosp,quantile,0.75,3184,COVID-19
DE,00+,2022-03-15,2022-02-21,-22 day ahead inc hosp,quantile,0.75,9820,COVID-19
DE,00-04,2022-03-15,2022-02-20,-23 day ahead inc hosp,quantile,0.75,413,COVID-19
DE,05-14,2022-03-15,2022-02-20,-23 day ahead inc hosp,quantile,0.75,328,COVID-19
DE,15-34,2022-03-15,2022-02-20,-23 day ahead inc hosp,quantile,0.75,1204,COVID-19
DE,35-59,2022-03-15,2022-02-20,-23 day ahead inc hosp,quantile,0.75,1913,COVID-19
DE,60-79,2022-03-15,2022-02-20,-23 day ahead inc hosp,quantile,0.75,2758,COVID-19
DE,80+,2022-03-15,2022-02-20,-23 day ahead inc hosp,quantile,0.75,3152,COVID-19
DE,00+,2022-03-15,2022-02-20,-23 day ahead inc hosp,quantile,0.75,9754,COVID-19
DE,00-04,2022-03-15,2022-02-19,-24 day ahead inc hosp,quantile,0.75,415,COVID-19
DE,05-14,2022-03-15,2022-02-19,-24 day ahead inc hosp,quantile,0.75,333,COVID-19
DE,15-34,2022-03-15,2022-02-19,-24 day ahead inc hosp,quantile,0.75,1198,COVID-19
DE,35-59,2022-03-15,2022-02-19,-24 day ahead inc hosp,quantile,0.75,1887,COVID-19
DE,60-79,2022-03-15,2022-02-19,-24 day ahead inc hosp,quantile,0.75,2704,COVID-19
DE,80+,2022-03-15,2022-02-19,-24 day ahead inc hosp,quantile,0.75,3153,COVID-19
DE,00+,2022-03-15,2022-02-19,-24 day ahead inc hosp,quantile,0.75,9675,COVID-19
DE,00-04,2022-03-15,2022-02-18,-25 day ahead inc hosp,quantile,0.75,414,COVID-19
DE,05-14,2022-03-15,2022-02-18,-25 day ahead inc hosp,quantile,0.75,332,COVID-19
DE,15-34,2022-03-15,2022-02-18,-25 day ahead inc hosp,quantile,0.75,1207,COVID-19
DE,35-59,2022-03-15,2022-02-18,-25 day ahead inc hosp,quantile,0.75,1953,COVID-19
DE,60-79,2022-03-15,2022-02-18,-25 day ahead inc hosp,quantile,0.75,2670,COVID-19
DE,80+,2022-03-15,2022-02-18,-25 day ahead inc hosp,quantile,0.75,3132,COVID-19
DE,00+,2022-03-15,2022-02-18,-25 day ahead inc hosp,quantile,0.75,9693,COVID-19
DE,00-04,2022-03-15,2022-02-17,-26 day ahead inc hosp,quantile,0.75,415,COVID-19
DE,05-14,2022-03-15,2022-02-17,-26 day ahead inc hosp,quantile,0.75,350,COVID-19
DE,15-34,2022-03-15,2022-02-17,-26 day ahead inc hosp,quantile,0.75,1232,COVID-19
DE,35-59,2022-03-15,2022-02-17,-26 day ahead inc hosp,quantile,0.75,1942,COVID-19
DE,60-79,2022-03-15,2022-02-17,-26 day ahead inc hosp,quantile,0.75,2623,COVID-19
DE,80+,2022-03-15,2022-02-17,-26 day ahead inc hosp,quantile,0.75,3060,COVID-19
DE,00+,2022-03-15,2022-02-17,-26 day ahead inc hosp,quantile,0.75,9608,COVID-19
DE,00-04,2022-03-15,2022-02-16,-27 day ahead inc hosp,quantile,0.75,426,COVID-19
DE,05-14,2022-03-15,2022-02-16,-27 day ahead inc hosp,quantile,0.75,346,COVID-19
DE,15-34,2022-03-15,2022-02-16,-27 day ahead inc hosp,quantile,0.75,1262,COVID-19
DE,35-59,2022-03-15,2022-02-16,-27 day ahead inc hosp,quantile,0.75,1958,COVID-19
DE,60-79,2022-03-15,2022-02-16,-27 day ahead inc hosp,quantile,0.75,2577,COVID-19
DE,80+,2022-03-15,2022-02-16,-27 day ahead inc hosp,quantile,0.75,3038,COVID-19
DE,00+,2022-03-15,2022-02-16,-27 day ahead inc hosp,quantile,0.75,9593,COVID-19
DE,00-04,2022-03-15,2022-02-15,-28 day ahead inc hosp,quantile,0.75,406,COVID-19
DE,05-14,2022-03-15,2022-02-15,-28 day ahead inc hosp,quantile,0.75,358,COVID-19
DE,15-34,2022-03-15,2022-02-15,-28 day ahead inc hosp,quantile,0.75,1293,COVID-19
DE,35-59,2022-03-15,2022-02-15,-28 day ahead inc hosp,quantile,0.75,2017,COVID-19
DE,60-79,2022-03-15,2022-02-15,-28 day ahead inc hosp,quantile,0.75,2602,COVID-19
DE,80+,2022-03-15,2022-02-15,-28 day ahead inc hosp,quantile,0.75,2992,COVID-19
DE,00+,2022-03-15,2022-02-15,-28 day ahead inc hosp,quantile,0.75,9657,COVID-19
DE,00-04,2022-03-15,2022-03-15,0 day ahead inc hosp,quantile,0.9,544,COVID-19
DE,05-14,2022-03-15,2022-03-15,0 day ahead inc hosp,quantile,0.9,316,COVID-19
DE,15-34,2022-03-15,2022-03-15,0 day ahead inc hosp,quantile,0.9,1327,COVID-19
DE,35-59,2022-03-15,2022-03-15,0 day ahead inc hosp,quantile,0.9,1998,COVID-19
DE,60-79,2022-03-15,2022-03-15,0 day ahead inc hosp,quantile,0.9,3263,COVID-19
DE,80+,2022-03-15,2022-03-15,0 day ahead inc hosp,quantile,0.9,3909,COVID-19
DE,00+,2022-03-15,2022-03-15,0 day ahead inc hosp,quantile,0.9,11268,COVID-19
DE,00-04,2022-03-15,2022-03-14,-1 day ahead inc hosp,quantile,0.9,495,COVID-19
DE,05-14,2022-03-15,2022-03-14,-1 day ahead inc hosp,quantile,0.9,307,COVID-19
DE,15-34,2022-03-15,2022-03-14,-1 day ahead inc hosp,quantile,0.9,1310,COVID-19
DE,35-59,2022-03-15,2022-03-14,-1 day ahead inc hosp,quantile,0.9,1916,COVID-19
DE,60-79,2022-03-15,2022-03-14,-1 day ahead inc hosp,quantile,0.9,3179,COVID-19
DE,80+,2022-03-15,2022-03-14,-1 day ahead inc hosp,quantile,0.9,3790,COVID-19
DE,00+,2022-03-15,2022-03-14,-1 day ahead inc hosp,quantile,0.9,10911,COVID-19
DE,00-04,2022-03-15,2022-03-13,-2 day ahead inc hosp,quantile,0.9,502,COVID-19
DE,05-14,2022-03-15,2022-03-13,-2 day ahead inc hosp,quantile,0.9,317,COVID-19
DE,15-34,2022-03-15,2022-03-13,-2 day ahead inc hosp,quantile,0.9,1296,COVID-19
DE,35-59,2022-03-15,2022-03-13,-2 day ahead inc hosp,quantile,0.9,1905,COVID-19
DE,60-79,2022-03-15,2022-03-13,-2 day ahead inc hosp,quantile,0.9,3120,COVID-19
DE,80+,2022-03-15,2022-03-13,-2 day ahead inc hosp,quantile,0.9,3706,COVID-19
DE,00+,2022-03-15,2022-03-13,-2 day ahead inc hosp,quantile,0.9,10763,COVID-19
DE,00-04,2022-03-15,2022-03-12,-3 day ahead inc hosp,quantile,0.9,462,COVID-19
DE,05-14,2022-03-15,2022-03-12,-3 day ahead inc hosp,quantile,0.9,300,COVID-19
DE,15-34,2022-03-15,2022-03-12,-3 day ahead inc hosp,quantile,0.9,1287.1,COVID-19
DE,35-59,2022-03-15,2022-03-12,-3 day ahead inc hosp,quantile,0.9,1848,COVID-19
DE,60-79,2022-03-15,2022-03-12,-3 day ahead inc hosp,quantile,0.9,3035,COVID-19
DE,80+,2022-03-15,2022-03-12,-3 day ahead inc hosp,quantile,0.9,3614,COVID-19
DE,00+,2022-03-15,2022-03-12,-3 day ahead inc hosp,quantile,0.9,10468,COVID-19
DE,00-04,2022-03-15,2022-03-11,-4 day ahead inc hosp,quantile,0.9,432,COVID-19
DE,05-14,2022-03-15,2022-03-11,-4 day ahead inc hosp,quantile,0.9,298,COVID-19
DE,15-34,2022-03-15,2022-03-11,-4 day ahead inc hosp,quantile,0.9,1287,COVID-19
DE,35-59,2022-03-15,2022-03-11,-4 day ahead inc hosp,quantile,0.9,1840,COVID-19
DE,60-79,2022-03-15,2022-03-11,-4 day ahead inc hosp,quantile,0.9,2966,COVID-19
DE,80+,2022-03-15,2022-03-11,-4 day ahead inc hosp,quantile,0.9,3433,COVID-19
DE,00+,2022-03-15,2022-03-11,-4 day ahead inc hosp,quantile,0.9,10181,COVID-19
DE,00-04,2022-03-15,2022-03-10,-5 day ahead inc hosp,quantile,0.9,405,COVID-19
DE,05-14,2022-03-15,2022-03-10,-5 day ahead inc hosp,quantile,0.9,300,COVID-19
DE,15-34,2022-03-15,2022-03-10,-5 day ahead inc hosp,quantile,0.9,1251,COVID-19
DE,35-59,2022-03-15,2022-03-10,-5 day ahead inc hosp,quantile,0.9,1795,COVID-19
DE,60-79,2022-03-15,2022-03-10,-5 day ahead inc hosp,quantile,0.9,2959.1,COVID-19
DE,80+,2022-03-15,2022-03-10,-5 day ahead inc hosp,quantile,0.9,3341,COVID-19
DE,00+,2022-03-15,2022-03-10,-5 day ahead inc hosp,quantile,0.9,9980,COVID-19
DE,00-04,2022-03-15,2022-03-09,-6 day ahead inc hosp,quantile,0.9,411,COVID-19
DE,05-14,2022-03-15,2022-03-09,-6 day ahead inc hosp,quantile,0.9,306,COVID-19
DE,15-34,2022-03-15,2022-03-09,-6 day ahead inc hosp,quantile,0.9,1236,COVID-19
DE,35-59,2022-03-15,2022-03-09,-6 day ahead inc hosp,quantile,0.9,1750,COVID-19
DE,60-79,2022-03-15,2022-03-09,-6 day ahead inc hosp,quantile,0.9,2877,COVID-19
DE,80+,2022-03-15,2022-03-09,-6 day ahead inc hosp,quantile,0.9,3284,COVID-19
DE,00+,2022-03-15,2022-03-09,-6 day ahead inc hosp,quantile,0.9,9797,COVID-19
DE,00-04,2022-03-15,2022-03-08,-7 day ahead inc hosp,quantile,0.9,412,COVID-19
DE,05-14,2022-03-15,2022-03-08,-7 day ahead inc hosp,quantile,0.9,303,COVID-19
DE,15-34,2022-03-15,2022-03-08,-7 day ahead inc hosp,quantile,0.9,1186,COVID-19
DE,35-59,2022-03-15,2022-03-08,-7 day ahead inc hosp,quantile,0.9,1701,COVID-19
DE,60-79,2022-03-15,2022-03-08,-7 day ahead inc hosp,quantile,0.9,2791,COVID-19
DE,80+,2022-03-15,2022-03-08,-7 day ahead inc hosp,quantile,0.9,3150,COVID-19
DE,00+,2022-03-15,2022-03-08,-7 day ahead inc hosp,quantile,0.9,9481,COVID-19
DE,00-04,2022-03-15,2022-03-07,-8 day ahead inc hosp,quantile,0.9,403,COVID-19
DE,05-14,2022-03-15,2022-03-07,-8 day ahead inc hosp,quantile,0.9,279,COVID-19
DE,15-34,2022-03-15,2022-03-07,-8 day ahead inc hosp,quantile,0.9,1177,COVID-19
DE,35-59,2022-03-15,2022-03-07,-8 day ahead inc hosp,quantile,0.9,1732,COVID-19
DE,60-79,2022-03-15,2022-03-07,-8 day ahead inc hosp,quantile,0.9,2767,COVID-19
DE,80+,2022-03-15,2022-03-07,-8 day ahead inc hosp,quantile,0.9,3076,COVID-19
DE,00+,2022-03-15,2022-03-07,-8 day ahead inc hosp,quantile,0.9,9375,COVID-19
DE,00-04,2022-03-15,2022-03-06,-9 day ahead inc hosp,quantile,0.9,389,COVID-19
DE,05-14,2022-03-15,2022-03-06,-9 day ahead inc hosp,quantile,0.9,266,COVID-19
DE,15-34,2022-03-15,2022-03-06,-9 day ahead inc hosp,quantile,0.9,1135,COVID-19
DE,35-59,2022-03-15,2022-03-06,-9 day ahead inc hosp,quantile,0.9,1719,COVID-19
DE,60-79,2022-03-15,2022-03-06,-9 day ahead inc hosp,quantile,0.9,2749,COVID-19
DE,80+,2022-03-15,2022-03-06,-9 day ahead inc hosp,quantile,0.9,3123,COVID-19
DE,00+,2022-03-15,2022-03-06,-9 day ahead inc hosp,quantile,0.9,9323,COVID-19
DE,00-04,2022-03-15,2022-03-05,-10 day ahead inc hosp,quantile,0.9,391,COVID-19
DE,05-14,2022-03-15,2022-03-05,-10 day ahead inc hosp,quantile,0.9,267,COVID-19
DE,15-34,2022-03-15,2022-03-05,-10 day ahead inc hosp,quantile,0.9,1100,COVID-19
DE,35-59,2022-03-15,2022-03-05,-10 day ahead inc hosp,quantile,0.9,1729,COVID-19
DE,60-79,2022-03-15,2022-03-05,-10 day ahead inc hosp,quantile,0.9,2791,COVID-19
DE,80+,2022-03-15,2022-03-05,-10 day ahead inc hosp,quantile,0.9,3113,COVID-19
DE,00+,2022-03-15,2022-03-05,-10 day ahead inc hosp,quantile,0.9,9334,COVID-19
DE,00-04,2022-03-15,2022-03-04,-11 day ahead inc hosp,quantile,0.9,395,COVID-19
DE,05-14,2022-03-15,2022-03-04,-11 day ahead inc hosp,quantile,0.9,264,COVID-19
DE,15-34,2022-03-15,2022-03-04,-11 day ahead inc hosp,quantile,0.9,1064,COVID-19
DE,35-59,2022-03-15,2022-03-04,-11 day ahead inc hosp,quantile,0.9,1681,COVID-19
DE,60-79,2022-03-15,2022-03-04,-11 day ahead inc hosp,quantile,0.9,2765,COVID-19
DE,80+,2022-03-15,2022-03-04,-11 day ahead inc hosp,quantile,0.9,3162.1,COVID-19
DE,00+,2022-03-15,2022-03-04,-11 day ahead inc hosp,quantile,0.9,9278,COVID-19
DE,00-04,2022-03-15,2022-03-03,-12 day ahead inc hosp,quantile,0.9,422,COVID-19
DE,05-14,2022-03-15,2022-03-03,-12 day ahead inc hosp,quantile,0.9,256,COVID-19
DE,15-34,2022-03-15,2022-03-03,-12 day ahead inc hosp,quantile,0.9,1060,COVID-19
DE,35-59,2022-03-15,2022-03-03,-12 day ahead inc hosp,quantile,0.9,1695,COVID-19
DE,60-79,2022-03-15,2022-03-03,-12 day ahead inc hosp,quantile,0.9,2700,COVID-19
DE,80+,2022-03-15,2022-03-03,-12 day ahead inc hosp,quantile,0.9,3126,COVID-19
DE,00+,2022-03-15,2022-03-03,-12 day ahead inc hosp,quantile,0.9,9207,COVID-19
DE,00-04,2022-03-15,2022-03-02,-13 day ahead inc hosp,quantile,0.9,403,COVID-19
DE,05-14,2022-03-15,2022-03-02,-13 day ahead inc hosp,quantile,0.9,239,COVID-19
DE,15-34,2022-03-15,2022-03-02,-13 day ahead inc hosp,quantile,0.9,1058,COVID-19
DE,35-59,2022-03-15,2022-03-02,-13 day ahead inc hosp,quantile,0.9,1697,COVID-19
DE,60-79,2022-03-15,2022-03-02,-13 day ahead inc hosp,quantile,0.9,2730,COVID-19
DE,80+,2022-03-15,2022-03-02,-13 day ahead inc hosp,quantile,0.9,3108,COVID-19
DE,00+,2022-03-15,2022-03-02,-13 day ahead inc hosp,quantile,0.9,9186,COVID-19
DE,00-04,2022-03-15,2022-03-01,-14 day ahead inc hosp,quantile,0.9,395,COVID-19
DE,05-14,2022-03-15,2022-03-01,-14 day ahead inc hosp,quantile,0.9,258,COVID-19
DE,15-34,2022-03-15,2022-03-01,-14 day ahead inc hosp,quantile,0.9,1071,COVID-19
DE,35-59,2022-03-15,2022-03-01,-14 day ahead inc hosp,quantile,0.9,1756,COVID-19
DE,60-79,2022-03-15,2022-03-01,-14 day ahead inc hosp,quantile,0.9,2741,COVID-19
DE,80+,2022-03-15,2022-03-01,-14 day ahead inc hosp,quantile,0.9,3123,COVID-19
DE,00+,2022-03-15,2022-03-01,-14 day ahead inc hosp,quantile,0.9,9297,COVID-19
DE,00-04,2022-03-15,2022-02-28,-15 day ahead inc hosp,quantile,0.9,395,COVID-19
DE,05-14,2022-03-15,2022-02-28,-15 day ahead inc hosp,quantile,0.9,276,COVID-19
DE,15-34,2022-03-15,2022-02-28,-15 day ahead inc hosp,quantile,0.9,1112,COVID-19
DE,35-59,2022-03-15,2022-02-28,-15 day ahead inc hosp,quantile,0.9,1781,COVID-19
DE,60-79,2022-03-15,2022-02-28,-15 day ahead inc hosp,quantile,0.9,2806,COVID-19
DE,80+,2022-03-15,2022-02-28,-15 day ahead inc hosp,quantile,0.9,3165,COVID-19
DE,00+,2022-03-15,2022-02-28,-15 day ahead inc hosp,quantile,0.9,9491,COVID-19
DE,00-04,2022-03-15,2022-02-27,-16 day ahead inc hosp,quantile,0.9,406,COVID-19
DE,05-14,2022-03-15,2022-02-27,-16 day ahead inc hosp,quantile,0.9,282,COVID-19
DE,15-34,2022-03-15,2022-02-27,-16 day ahead inc hosp,quantile,0.9,1129,COVID-19
DE,35-59,2022-03-15,2022-02-27,-16 day ahead inc hosp,quantile,0.9,1818,COVID-19
DE,60-79,2022-03-15,2022-02-27,-16 day ahead inc hosp,quantile,0.9,2851,COVID-19
DE,80+,2022-03-15,2022-02-27,-16 day ahead inc hosp,quantile,0.9,3161,COVID-19
DE,00+,2022-03-15,2022-02-27,-16 day ahead inc hosp,quantile,0.9,9604,COVID-19
DE,00-04,2022-03-15,2022-02-26,-17 day ahead inc hosp,quantile,0.9,400,COVID-19
DE,05-14,2022-03-15,2022-02-26,-17 day ahead inc hosp,quantile,0.9,300,COVID-19
DE,15-34,2022-03-15,2022-02-26,-17 day ahead inc hosp,quantile,0.9,1138,COVID-19
DE,35-59,2022-03-15,2022-02-26,-17 day ahead inc hosp,quantile,0.9,1827,COVID-19
DE,60-79,2022-03-15,2022-02-26,-17 day ahead inc hosp,quantile,0.9,2833,COVID-19
DE,80+,2022-03-15,2022-02-26,-17 day ahead inc hosp,quantile,0.9,3137,COVID-19
DE,00+,2022-03-15,2022-02-26,-17 day ahead inc hosp,quantile,0.9,9593,COVID-19
DE,00-04,2022-03-15,2022-02-25,-18 day ahead inc hosp,quantile,0.9,410,COVID-19
DE,05-14,2022-03-15,2022-02-25,-18 day ahead inc hosp,quantile,0.9,310,COVID-19
DE,15-34,2022-03-15,2022-02-25,-18 day ahead inc hosp,quantile,0.9,1149,COVID-19
DE,35-59,2022-03-15,2022-02-25,-18 day ahead inc hosp,quantile,0.9,1847,COVID-19
DE,60-79,2022-03-15,2022-02-25,-18 day ahead inc hosp,quantile,0.9,2829,COVID-19
DE,80+,2022-03-15,2022-02-25,-18 day ahead inc hosp,quantile,0.9,3127,COVID-19
DE,00+,2022-03-15,2022-02-25,-18 day ahead inc hosp,quantile,0.9,9632,COVID-19
DE,00-04,2022-03-15,2022-02-24,-19 day ahead inc hosp,quantile,0.9,396,COVID-19
DE,05-14,2022-03-15,2022-02-24,-19 day ahead inc hosp,quantile,0.9,313,COVID-19
DE,15-34,2022-03-15,2022-02-24,-19 day ahead inc hosp,quantile,0.9,1161,COVID-19
DE,35-59,2022-03-15,2022-02-24,-19 day ahead inc hosp,quantile,0.9,1864,COVID-19
DE,60-79,2022-03-15,2022-02-24,-19 day ahead inc hosp,quantile,0.9,2867,COVID-19
DE,80+,2022-03-15,2022-02-24,-19 day ahead inc hosp,quantile,0.9,3183,COVID-19
DE,00+,2022-03-15,2022-02-24,-19 day ahead inc hosp,quantile,0.9,9745,COVID-19
DE,00-04,2022-03-15,2022-02-23,-20 day ahead inc hosp,quantile,0.9,395,COVID-19
DE,05-14,2022-03-15,2022-02-23,-20 day ahead inc hosp,quantile,0.9,333,COVID-19
DE,15-34,2022-03-15,2022-02-23,-20 day ahead inc hosp,quantile,0.9,1154,COVID-19
DE,35-59,2022-03-15,2022-02-23,-20 day ahead inc hosp,quantile,0.9,1927,COVID-19
DE,60-79,2022-03-15,2022-02-23,-20 day ahead inc hosp,quantile,0.9,2885,COVID-19
DE,80+,2022-03-15,2022-02-23,-20 day ahead inc hosp,quantile,0.9,3142,COVID-19
DE,00+,2022-03-15,2022-02-23,-20 day ahead inc hosp,quantile,0.9,9801,COVID-19
DE,00-04,2022-03-15,2022-02-22,-21 day ahead inc hosp,quantile,0.9,412,COVID-19
DE,05-14,2022-03-15,2022-02-22,-21 day ahead inc hosp,quantile,0.9,335,COVID-19
DE,15-34,2022-03-15,2022-02-22,-21 day ahead inc hosp,quantile,0.9,1182,COVID-19
DE,35-59,2022-03-15,2022-02-22,-21 day ahead inc hosp,quantile,0.9,1937,COVID-19
DE,60-79,2022-03-15,2022-02-22,-21 day ahead inc hosp,quantile,0.9,2860,COVID-19
DE,80+,2022-03-15,2022-02-22,-21 day ahead inc hosp,quantile,0.9,3210,COVID-19
DE,00+,2022-03-15,2022-02-22,-21 day ahead inc hosp,quantile,0.9,9903,COVID-19
DE,00-04,2022-03-15,2022-02-21,-22 day ahead inc hosp,quantile,0.9,423,COVID-19
DE,05-14,2022-03-15,2022-02-21,-22 day ahead inc hosp,quantile,0.9,332,COVID-19
DE,15-34,2022-03-15,2022-02-21,-22 day ahead inc hosp,quantile,0.9,1201,COVID-19
DE,35-59,2022-03-15,2022-02-21,-22 day ahead inc hosp,quantile,0.9,1934,COVID-19
DE,60-79,2022-03-15,2022-02-21,-22 day ahead inc hosp,quantile,0.9,2786,COVID-19
DE,80+,2022-03-15,2022-02-21,-22 day ahead inc hosp,quantile,0.9,3191,COVID-19
DE,00+,2022-03-15,2022-02-21,-22 day ahead inc hosp,quantile,0.9,9833,COVID-19
DE,00-04,2022-03-15,2022-02-20,-23 day ahead inc hosp,quantile,0.9,417,COVID-19
DE,05-14,2022-03-15,2022-02-20,-23 day ahead inc hosp,quantile,0.9,331,COVID-19
DE,15-34,2022-03-15,2022-02-20,-23 day ahead inc hosp,quantile,0.9,1209,COVID-19
DE,35-59,2022-03-15,2022-02-20,-23 day ahead inc hosp,quantile,0.9,1919,COVID-19
DE,60-79,2022-03-15,2022-02-20,-23 day ahead inc hosp,quantile,0.9,2765,COVID-19
DE,80+,2022-03-15,2022-02-20,-23 day ahead inc hosp,quantile,0.9,3158,COVID-19
DE,00+,2022-03-15,2022-02-20,-23 day ahead inc hosp,quantile,0.9,9766,COVID-19
DE,00-04,2022-03-15,2022-02-19,-24 day ahead inc hosp,quantile,0.9,418.1,COVID-19
DE,05-14,2022-03-15,2022-02-19,-24 day ahead inc hosp,quantile,0.9,335.1,COVID-19
DE,15-34,2022-03-15,2022-02-19,-24 day ahead inc hosp,quantile,0.9,1203,COVID-19
DE,35-59,2022-03-15,2022-02-19,-24 day ahead inc hosp,quantile,0.9,1892,COVID-19
DE,60-79,2022-03-15,2022-02-19,-24 day ahead inc hosp,quantile,0.9,2710,COVID-19
DE,80+,2022-03-15,2022-02-19,-24 day ahead inc hosp,quantile,0.9,3159,COVID-19
DE,00+,2022-03-15,2022-02-19,-24 day ahead inc hosp,quantile,0.9,9687,COVID-19
DE,00-04,2022-03-15,2022-02-18,-25 day ahead inc hosp,quantile,0.9,417,COVID-19
DE,05-14,2022-03-15,2022-02-18,-25 day ahead inc hosp,quantile,0.9,335,COVID-19
DE,15-34,2022-03-15,2022-02-18,-25 day ahead inc hosp,quantile,0.9,1211,COVID-19
DE,35-59,2022-03-15,2022-02-18,-25 day ahead inc hosp,quantile,0.9,1958,COVID-19
DE,60-79,2022-03-15,2022-02-18,-25 day ahead inc hosp,quantile,0.9,2675,COVID-19
DE,80+,2022-03-15,2022-02-18,-25 day ahead inc hosp,quantile,0.9,3137,COVID-19
DE,00+,2022-03-15,2022-02-18,-25 day ahead inc hosp,quantile,0.9,9704,COVID-19
DE,00-04,2022-03-15,2022-02-17,-26 day ahead inc hosp,quantile,0.9,418,COVID-19
DE,05-14,2022-03-15,2022-02-17,-26 day ahead inc hosp,quantile,0.9,352,COVID-19
DE,15-34,2022-03-15,2022-02-17,-26 day ahead inc hosp,quantile,0.9,1237,COVID-19
DE,35-59,2022-03-15,2022-02-17,-26 day ahead inc hosp,quantile,0.9,1946,COVID-19
DE,60-79,2022-03-15,2022-02-17,-26 day ahead inc hosp,quantile,0.9,2628,COVID-19
DE,80+,2022-03-15,2022-02-17,-26 day ahead inc hosp,quantile,0.9,3065,COVID-19
DE,00+,2022-03-15,2022-02-17,-26 day ahead inc hosp,quantile,0.9,9619,COVID-19
DE,00-04,2022-03-15,2022-02-16,-27 day ahead inc hosp,quantile,0.9,429,COVID-19
DE,05-14,2022-03-15,2022-02-16,-27 day ahead inc hosp,quantile,0.9,348,COVID-19
DE,15-34,2022-03-15,2022-02-16,-27 day ahead inc hosp,quantile,0.9,1266,COVID-19
DE,35-59,2022-03-15,2022-02-16,-27 day ahead inc hosp,quantile,0.9,1962,COVID-19
DE,60-79,2022-03-15,2022-02-16,-27 day ahead inc hosp,quantile,0.9,2581,COVID-19
DE,80+,2022-03-15,2022-02-16,-27 day ahead inc hosp,quantile,0.9,3043,COVID-19
DE,00+,2022-03-15,2022-02-16,-27 day ahead inc hosp,quantile,0.9,9603,COVID-19
DE,00-04,2022-03-15,2022-02-15,-28 day ahead inc hosp,quantile,0.9,409,COVID-19
DE,05-14,2022-03-15,2022-02-15,-28 day ahead inc hosp,quantile,0.9,361,COVID-19
DE,15-34,2022-03-15,2022-02-15,-28 day ahead inc hosp,quantile,0.9,1297,COVID-19
DE,35-59,2022-03-15,2022-02-15,-28 day ahead inc hosp,quantile,0.9,2021,COVID-19
DE,60-79,2022-03-15,2022-02-15,-28 day ahead inc hosp,quantile,0.9,2607,COVID-19
DE,80+,2022-03-15,2022-02-15,-28 day ahead inc hosp,quantile,0.9,2997,COVID-19
DE,00+,2022-03-15,2022-02-15,-28 day ahead inc hosp,quantile,0.9,9667,COVID-19
DE,00-04,2022-03-15,2022-03-15,0 day ahead inc hosp,quantile,0.975,556,COVID-19
DE,05-14,2022-03-15,2022-03-15,0 day ahead inc hosp,quantile,0.975,325,COVID-19
DE,15-34,2022-03-15,2022-03-15,0 day ahead inc hosp,quantile,0.975,1345,COVID-19
DE,35-59,2022-03-15,2022-03-15,0 day ahead inc hosp,quantile,0.975,2023,COVID-19
DE,60-79,2022-03-15,2022-03-15,0 day ahead inc hosp,quantile,0.975,3302,COVID-19
DE,80+,2022-03-15,2022-03-15,0 day ahead inc hosp,quantile,0.975,3952,COVID-19
DE,00+,2022-03-15,2022-03-15,0 day ahead inc hosp,quantile,0.975,11365,COVID-19
DE,00-04,2022-03-15,2022-03-14,-1 day ahead inc hosp,quantile,0.975,506,COVID-19
DE,05-14,2022-03-15,2022-03-14,-1 day ahead inc hosp,quantile,0.975,314,COVID-19
DE,15-34,2022-03-15,2022-03-14,-1 day ahead inc hosp,quantile,0.975,1327,COVID-19
DE,35-59,2022-03-15,2022-03-14,-1 day ahead inc hosp,quantile,0.975,1937,COVID-19
DE,60-79,2022-03-15,2022-03-14,-1 day ahead inc hosp,quantile,0.975,3209,COVID-19
DE,80+,2022-03-15,2022-03-14,-1 day ahead inc hosp,quantile,0.975,3825,COVID-19
DE,00+,2022-03-15,2022-03-14,-1 day ahead inc hosp,quantile,0.975,10993,COVID-19
DE,00-04,2022-03-15,2022-03-13,-2 day ahead inc hosp,quantile,0.975,512,COVID-19
DE,05-14,2022-03-15,2022-03-13,-2 day ahead inc hosp,quantile,0.975,323,COVID-19
DE,15-34,2022-03-15,2022-03-13,-2 day ahead inc hosp,quantile,0.975,1312,COVID-19
DE,35-59,2022-03-15,2022-03-13,-2 day ahead inc hosp,quantile,0.975,1925,COVID-19
DE,60-79,2022-03-15,2022-03-13,-2 day ahead inc hosp,quantile,0.975,3148,COVID-19
DE,80+,2022-03-15,2022-03-13,-2 day ahead inc hosp,quantile,0.975,3739,COVID-19
DE,00+,2022-03-15,2022-03-13,-2 day ahead inc hosp,quantile,0.975,10835,COVID-19
DE,00-04,2022-03-15,2022-03-12,-3 day ahead inc hosp,quantile,0.975,470,COVID-19
DE,05-14,2022-03-15,2022-03-12,-3 day ahead inc hosp,quantile,0.975,307,COVID-19
DE,15-34,2022-03-15,2022-03-12,-3 day ahead inc hosp,quantile,0.975,1302,COVID-19
DE,35-59,2022-03-15,2022-03-12,-3 day ahead inc hosp,quantile,0.975,1866,COVID-19
DE,60-79,2022-03-15,2022-03-12,-3 day ahead inc hosp,quantile,0.975,3062,COVID-19
DE,80+,2022-03-15,2022-03-12,-3 day ahead inc hosp,quantile,0.975,3644,COVID-19
DE,00+,2022-03-15,2022-03-12,-3 day ahead inc hosp,quantile,0.975,10533,COVID-19
DE,00-04,2022-03-15,2022-03-11,-4 day ahead inc hosp,quantile,0.975,438,COVID-19
DE,05-14,2022-03-15,2022-03-11,-4 day ahead inc hosp,quantile,0.975,304,COVID-19
DE,15-34,2022-03-15,2022-03-11,-4 day ahead inc hosp,quantile,0.975,1300,COVID-19
DE,35-59,2022-03-15,2022-03-11,-4 day ahead inc hosp,quantile,0.975,1856,COVID-19
DE,60-79,2022-03-15,2022-03-11,-4 day ahead inc hosp,quantile,0.975,2989,COVID-19
DE,80+,2022-03-15,2022-03-11,-4 day ahead inc hosp,quantile,0.975,3459,COVID-19
DE,00+,2022-03-15,2022-03-11,-4 day ahead inc hosp,quantile,0.975,10234,COVID-19
DE,00-04,2022-03-15,2022-03-10,-5 day ahead inc hosp,quantile,0.975,411,COVID-19
DE,05-14,2022-03-15,2022-03-10,-5 day ahead inc hosp,quantile,0.975,306,COVID-19
DE,15-34,2022-03-15,2022-03-10,-5 day ahead inc hosp,quantile,0.975,1265,COVID-19
DE,35-59,2022-03-15,2022-03-10,-5 day ahead inc hosp,quantile,0.975,1810,COVID-19
DE,60-79,2022-03-15,2022-03-10,-5 day ahead inc hosp,quantile,0.975,2981,COVID-19
DE,80+,2022-03-15,2022-03-10,-5 day ahead inc hosp,quantile,0.975,3363,COVID-19
DE,00+,2022-03-15,2022-03-10,-5 day ahead inc hosp,quantile,0.975,10025,COVID-19
DE,00-04,2022-03-15,2022-03-09,-6 day ahead inc hosp,quantile,0.975,417,COVID-19
DE,05-14,2022-03-15,2022-03-09,-6 day ahead inc hosp,quantile,0.975,311,COVID-19
DE,15-34,2022-03-15,2022-03-09,-6 day ahead inc hosp,quantile,0.975,1248,COVID-19
DE,35-59,2022-03-15,2022-03-09,-6 day ahead inc hosp,quantile,0.975,1765,COVID-19
DE,60-79,2022-03-15,2022-03-09,-6 day ahead inc hosp,quantile,0.975,2895,COVID-19
DE,80+,2022-03-15,2022-03-09,-6 day ahead inc hosp,quantile,0.975,3304,COVID-19
DE,00+,2022-03-15,2022-03-09,-6 day ahead inc hosp,quantile,0.975,9838,COVID-19
DE,00-04,2022-03-15,2022-03-08,-7 day ahead inc hosp,quantile,0.975,418,COVID-19
DE,05-14,2022-03-15,2022-03-08,-7 day ahead inc hosp,quantile,0.975,308,COVID-19
DE,15-34,2022-03-15,2022-03-08,-7 day ahead inc hosp,quantile,0.975,1197,COVID-19
DE,35-59,2022-03-15,2022-03-08,-7 day ahead inc hosp,quantile,0.975,1715,COVID-19
DE,60-79,2022-03-15,2022-03-08,-7 day ahead inc hosp,quantile,0.975,2808,COVID-19
DE,80+,2022-03-15,2022-03-08,-7 day ahead inc hosp,quantile,0.975,3168,COVID-19
DE,00+,2022-03-15,2022-03-08,-7 day ahead inc hosp,quantile,0.975,9517,COVID-19
DE,00-04,2022-03-15,2022-03-07,-8 day ahead inc hosp,quantile,0.975,408,COVID-19
DE,05-14,2022-03-15,2022-03-07,-8 day ahead inc hosp,quantile,0.975,284,COVID-19
DE,15-34,2022-03-15,2022-03-07,-8 day ahead inc hosp,quantile,0.975,1187,COVID-19
DE,35-59,2022-03-15,2022-03-07,-8 day ahead inc hosp,quantile,0.975,1745,COVID-19
DE,60-79,2022-03-15,2022-03-07,-8 day ahead inc hosp,quantile,0.975,2783,COVID-19
DE,80+,2022-03-15,2022-03-07,-8 day ahead inc hosp,quantile,0.975,3094,COVID-19
DE,00+,2022-03-15,2022-03-07,-8 day ahead inc hosp,quantile,0.975,9408,COVID-19
DE,00-04,2022-03-15,2022-03-06,-9 day ahead inc hosp,quantile,0.975,394,COVID-19
DE,05-14,2022-03-15,2022-03-06,-9 day ahead inc hosp,quantile,0.975,271,COVID-19
DE,15-34,2022-03-15,2022-03-06,-9 day ahead inc hosp,quantile,0.975,1145,COVID-19
DE,35-59,2022-03-15,2022-03-06,-9 day ahead inc hosp,quantile,0.975,1731,COVID-19
DE,60-79,2022-03-15,2022-03-06,-9 day ahead inc hosp,quantile,0.975,2765,COVID-19
DE,80+,2022-03-15,2022-03-06,-9 day ahead inc hosp,quantile,0.975,3141,COVID-19
DE,00+,2022-03-15,2022-03-06,-9 day ahead inc hosp,quantile,0.975,9355,COVID-19
DE,00-04,2022-03-15,2022-03-05,-10 day ahead inc hosp,quantile,0.975,397,COVID-19
DE,05-14,2022-03-15,2022-03-05,-10 day ahead inc hosp,quantile,0.975,272,COVID-19
DE,15-34,2022-03-15,2022-03-05,-10 day ahead inc hosp,quantile,0.975,1110,COVID-19
DE,35-59,2022-03-15,2022-03-05,-10 day ahead inc hosp,quantile,0.975,1741,COVID-19
DE,60-79,2022-03-15,2022-03-05,-10 day ahead inc hosp,quantile,0.975,2806,COVID-19
DE,80+,2022-03-15,2022-03-05,-10 day ahead inc hosp,quantile,0.975,3130,COVID-19
DE,00+,2022-03-15,2022-03-05,-10 day ahead inc hosp,quantile,0.975,9366,COVID-19
DE,00-04,2022-03-15,2022-03-04,-11 day ahead inc hosp,quantile,0.975,401,COVID-19
DE,05-14,2022-03-15,2022-03-04,-11 day ahead inc hosp,quantile,0.975,269,COVID-19
DE,15-34,2022-03-15,2022-03-04,-11 day ahead inc hosp,quantile,0.975,1072,COVID-19
DE,35-59,2022-03-15,2022-03-04,-11 day ahead inc hosp,quantile,0.975,1692,COVID-19
DE,60-79,2022-03-15,2022-03-04,-11 day ahead inc hosp,quantile,0.975,2779,COVID-19
DE,80+,2022-03-15,2022-03-04,-11 day ahead inc hosp,quantile,0.975,3178,COVID-19
DE,00+,2022-03-15,2022-03-04,-11 day ahead inc hosp,quantile,0.975,9308,COVID-19
DE,00-04,2022-03-15,2022-03-03,-12 day ahead inc hosp,quantile,0.975,427,COVID-19
DE,05-14,2022-03-15,2022-03-03,-12 day ahead inc hosp,quantile,0.975,261,COVID-19
DE,15-34,2022-03-15,2022-03-03,-12 day ahead inc hosp,quantile,0.975,1068,COVID-19
DE,35-59,2022-03-15,2022-03-03,-12 day ahead inc hosp,quantile,0.975,1706,COVID-19
DE,60-79,2022-03-15,2022-03-03,-12 day ahead inc hosp,quantile,0.975,2714,COVID-19
DE,80+,2022-03-15,2022-03-03,-12 day ahead inc hosp,quantile,0.975,3140,COVID-19
DE,00+,2022-03-15,2022-03-03,-12 day ahead inc hosp,quantile,0.975,9235,COVID-19
DE,00-04,2022-03-15,2022-03-02,-13 day ahead inc hosp,quantile,0.975,409,COVID-19
DE,05-14,2022-03-15,2022-03-02,-13 day ahead inc hosp,quantile,0.975,243,COVID-19
DE,15-34,2022-03-15,2022-03-02,-13 day ahead inc hosp,quantile,0.975,1066,COVID-19
DE,35-59,2022-03-15,2022-03-02,-13 day ahead inc hosp,quantile,0.975,1706,COVID-19
DE,60-79,2022-03-15,2022-03-02,-13 day ahead inc hosp,quantile,0.975,2742,COVID-19
DE,80+,2022-03-15,2022-03-02,-13 day ahead inc hosp,quantile,0.975,3121,COVID-19
DE,00+,2022-03-15,2022-03-02,-13 day ahead inc hosp,quantile,0.975,9211,COVID-19
DE,00-04,2022-03-15,2022-03-01,-14 day ahead inc hosp,quantile,0.975,400,COVID-19
DE,05-14,2022-03-15,2022-03-01,-14 day ahead inc hosp,quantile,0.975,262,COVID-19
DE,15-34,2022-03-15,2022-03-01,-14 day ahead inc hosp,quantile,0.975,1079,COVID-19
DE,35-59,2022-03-15,2022-03-01,-14 day ahead inc hosp,quantile,0.975,1764,COVID-19
DE,60-79,2022-03-15,2022-03-01,-14 day ahead inc hosp,quantile,0.975,2753,COVID-19
DE,80+,2022-03-15,2022-03-01,-14 day ahead inc hosp,quantile,0.975,3135,COVID-19
DE,00+,2022-03-15,2022-03-01,-14 day ahead inc hosp,quantile,0.975,9321,COVID-19
DE,00-04,2022-03-15,2022-02-28,-15 day ahead inc hosp,quantile,0.975,400,COVID-19
DE,05-14,2022-03-15,2022-02-28,-15 day ahead inc hosp,quantile,0.975,280,COVID-19
DE,15-34,2022-03-15,2022-02-28,-15 day ahead inc hosp,quantile,0.975,1119,COVID-19
DE,35-59,2022-03-15,2022-02-28,-15 day ahead inc hosp,quantile,0.975,1790,COVID-19
DE,60-79,2022-03-15,2022-02-28,-15 day ahead inc hosp,quantile,0.975,2817,COVID-19
DE,80+,2022-03-15,2022-02-28,-15 day ahead inc hosp,quantile,0.975,3177,COVID-19
DE,00+,2022-03-15,2022-02-28,-15 day ahead inc hosp,quantile,0.975,9515,COVID-19
DE,00-04,2022-03-15,2022-02-27,-16 day ahead inc hosp,quantile,0.975,411,COVID-19
DE,05-14,2022-03-15,2022-02-27,-16 day ahead inc hosp,quantile,0.975,286,COVID-19
DE,15-34,2022-03-15,2022-02-27,-16 day ahead inc hosp,quantile,0.975,1136,COVID-19
DE,35-59,2022-03-15,2022-02-27,-16 day ahead inc hosp,quantile,0.975,1827,COVID-19
DE,60-79,2022-03-15,2022-02-27,-16 day ahead inc hosp,quantile,0.975,2861,COVID-19
DE,80+,2022-03-15,2022-02-27,-16 day ahead inc hosp,quantile,0.975,3172,COVID-19
DE,00+,2022-03-15,2022-02-27,-16 day ahead inc hosp,quantile,0.975,9626,COVID-19
DE,00-04,2022-03-15,2022-02-26,-17 day ahead inc hosp,quantile,0.975,404,COVID-19
DE,05-14,2022-03-15,2022-02-26,-17 day ahead inc hosp,quantile,0.975,304,COVID-19
DE,15-34,2022-03-15,2022-02-26,-17 day ahead inc hosp,quantile,0.975,1145,COVID-19
DE,35-59,2022-03-15,2022-02-26,-17 day ahead inc hosp,quantile,0.975,1835,COVID-19
DE,60-79,2022-03-15,2022-02-26,-17 day ahead inc hosp,quantile,0.975,2843,COVID-19
DE,80+,2022-03-15,2022-02-26,-17 day ahead inc hosp,quantile,0.975,3148,COVID-19
DE,00+,2022-03-15,2022-02-26,-17 day ahead inc hosp,quantile,0.975,9613,COVID-19
DE,00-04,2022-03-15,2022-02-25,-18 day ahead inc hosp,quantile,0.975,415,COVID-19
DE,05-14,2022-03-15,2022-02-25,-18 day ahead inc hosp,quantile,0.975,314,COVID-19
DE,15-34,2022-03-15,2022-02-25,-18 day ahead inc hosp,quantile,0.975,1156,COVID-19
DE,35-59,2022-03-15,2022-02-25,-18 day ahead inc hosp,quantile,0.975,1855,COVID-19
DE,60-79,2022-03-15,2022-02-25,-18 day ahead inc hosp,quantile,0.975,2838,COVID-19
DE,80+,2022-03-15,2022-02-25,-18 day ahead inc hosp,quantile,0.975,3138,COVID-19
DE,00+,2022-03-15,2022-02-25,-18 day ahead inc hosp,quantile,0.975,9651,COVID-19
DE,00-04,2022-03-15,2022-02-24,-19 day ahead inc hosp,quantile,0.975,400,COVID-19
DE,05-14,2022-03-15,2022-02-24,-19 day ahead inc hosp,quantile,0.975,317,COVID-19
DE,15-34,2022-03-15,2022-02-24,-19 day ahead inc hosp,quantile,0.975,1168,COVID-19
DE,35-59,2022-03-15,2022-02-24,-19 day ahead inc hosp,quantile,0.975,1871,COVID-19
DE,60-79,2022-03-15,2022-02-24,-19 day ahead inc hosp,quantile,0.975,2876,COVID-19
DE,80+,2022-03-15,2022-02-24,-19 day ahead inc hosp,quantile,0.975,3193,COVID-19
DE,00+,2022-03-15,2022-02-24,-19 day ahead inc hosp,quantile,0.975,9762,COVID-19
DE,00-04,2022-03-15,2022-02-23,-20 day ahead inc hosp,quantile,0.975,399,COVID-19
DE,05-14,2022-03-15,2022-02-23,-20 day ahead inc hosp,quantile,0.975,337,COVID-19
DE,15-34,2022-03-15,2022-02-23,-20 day ahead inc hosp,quantile,0.975,1160,COVID-19
DE,35-59,2022-03-15,2022-02-23,-20 day ahead inc hosp,quantile,0.975,1935,COVID-19
DE,60-79,2022-03-15,2022-02-23,-20 day ahead inc hosp,quantile,0.975,2893,COVID-19
DE,80+,2022-03-15,2022-02-23,-20 day ahead inc hosp,quantile,0.975,3151,COVID-19
DE,00+,2022-03-15,2022-02-23,-20 day ahead inc hosp,quantile,0.975,9817,COVID-19
DE,00-04,2022-03-15,2022-02-22,-21 day ahead inc hosp,quantile,0.975,416,COVID-19
DE,05-14,2022-03-15,2022-02-22,-21 day ahead inc hosp,quantile,0.975,339,COVID-19
DE,15-34,2022-03-15,2022-02-22,-21 day ahead inc hosp,quantile,0.975,1188,COVID-19
DE,35-59,2022-03-15,2022-02-22,-21 day ahead inc hosp,quantile,0.975,1944,COVID-19
DE,60-79,2022-03-15,2022-02-22,-21 day ahead inc hosp,quantile,0.975,2867,COVID-19
DE,80+,2022-03-15,2022-02-22,-21 day ahead inc hosp,quantile,0.975,3218,COVID-19
DE,00+,2022-03-15,2022-02-22,-21 day ahead inc hosp,quantile,0.975,9918,COVID-19
DE,00-04,2022-03-15,2022-02-21,-22 day ahead inc hosp,quantile,0.975,427,COVID-19
DE,05-14,2022-03-15,2022-02-21,-22 day ahead inc hosp,quantile,0.975,336,COVID-19
DE,15-34,2022-03-15,2022-02-21,-22 day ahead inc hosp,quantile,0.975,1206,COVID-19
DE,35-59,2022-03-15,2022-02-21,-22 day ahead inc hosp,quantile,0.975,1941,COVID-19
DE,60-79,2022-03-15,2022-02-21,-22 day ahead inc hosp,quantile,0.975,2793,COVID-19
DE,80+,2022-03-15,2022-02-21,-22 day ahead inc hosp,quantile,0.975,3198,COVID-19
DE,00+,2022-03-15,2022-02-21,-22 day ahead inc hosp,quantile,0.975,9848,COVID-19
DE,00-04,2022-03-15,2022-02-20,-23 day ahead inc hosp,quantile,0.975,421,COVID-19
DE,05-14,2022-03-15,2022-02-20,-23 day ahead inc hosp,quantile,0.975,335,COVID-19
DE,15-34,2022-03-15,2022-02-20,-23 day ahead inc hosp,quantile,0.975,1214,COVID-19
DE,35-59,2022-03-15,2022-02-20,-23 day ahead inc hosp,quantile,0.975,1925,COVID-19
DE,60-79,2022-03-15,2022-02-20,-23 day ahead inc hosp,quantile,0.975,2771,COVID-19
DE,80+,2022-03-15,2022-02-20,-23 day ahead inc hosp,quantile,0.975,3165,COVID-19
DE,00+,2022-03-15,2022-02-20,-23 day ahead inc hosp,quantile,0.975,9781,COVID-19
DE,00-04,2022-03-15,2022-02-19,-24 day ahead inc hosp,quantile,0.975,422,COVID-19
DE,05-14,2022-03-15,2022-02-19,-24 day ahead inc hosp,quantile,0.975,339,COVID-19
DE,15-34,2022-03-15,2022-02-19,-24 day ahead inc hosp,quantile,0.975,1208,COVID-19
DE,35-59,2022-03-15,2022-02-19,-24 day ahead inc hosp,quantile,0.975,1898,COVID-19
DE,60-79,2022-03-15,2022-02-19,-24 day ahead inc hosp,quantile,0.975,2716,COVID-19
DE,80+,2022-03-15,2022-02-19,-24 day ahead inc hosp,quantile,0.975,3166,COVID-19
DE,00+,2022-03-15,2022-02-19,-24 day ahead inc hosp,quantile,0.975,9700,COVID-19
DE,00-04,2022-03-15,2022-02-18,-25 day ahead inc hosp,quantile,0.975,421,COVID-19
DE,05-14,2022-03-15,2022-02-18,-25 day ahead inc hosp,quantile,0.975,339,COVID-19
DE,15-34,2022-03-15,2022-02-18,-25 day ahead inc hosp,quantile,0.975,1217,COVID-19
DE,35-59,2022-03-15,2022-02-18,-25 day ahead inc hosp,quantile,0.975,1963,COVID-19
DE,60-79,2022-03-15,2022-02-18,-25 day ahead inc hosp,quantile,0.975,2681,COVID-19
DE,80+,2022-03-15,2022-02-18,-25 day ahead inc hosp,quantile,0.975,3144,COVID-19
DE,00+,2022-03-15,2022-02-18,-25 day ahead inc hosp,quantile,0.975,9717,COVID-19
DE,00-04,2022-03-15,2022-02-17,-26 day ahead inc hosp,quantile,0.975,422,COVID-19
DE,05-14,2022-03-15,2022-02-17,-26 day ahead inc hosp,quantile,0.975,356,COVID-19
DE,15-34,2022-03-15,2022-02-17,-26 day ahead inc hosp,quantile,0.975,1242,COVID-19
DE,35-59,2022-03-15,2022-02-17,-26 day ahead inc hosp,quantile,0.975,1952,COVID-19
DE,60-79,2022-03-15,2022-02-17,-26 day ahead inc hosp,quantile,0.975,2634,COVID-19
DE,80+,2022-03-15,2022-02-17,-26 day ahead inc hosp,quantile,0.975,3071,COVID-19
DE,00+,2022-03-15,2022-02-17,-26 day ahead inc hosp,quantile,0.975,9631,COVID-19
DE,00-04,2022-03-15,2022-02-16,-27 day ahead inc hosp,quantile,0.975,432,COVID-19
DE,05-14,2022-03-15,2022-02-16,-27 day ahead inc hosp,quantile,0.975,352,COVID-19
DE,15-34,2022-03-15,2022-02-16,-27 day ahead inc hosp,quantile,0.975,1271,COVID-19
DE,35-59,2022-03-15,2022-02-16,-27 day ahead inc hosp,quantile,0.975,1967,COVID-19
DE,60-79,2022-03-15,2022-02-16,-27 day ahead inc hosp,quantile,0.975,2587,COVID-19
DE,80+,2022-03-15,2022-02-16,-27 day ahead inc hosp,quantile,0.975,3048,COVID-19
DE,00+,2022-03-15,2022-02-16,-27 day ahead inc hosp,quantile,0.975,9615,COVID-19
DE,00-04,2022-03-15,2022-02-15,-28 day ahead inc hosp,quantile,0.975,413,COVID-19
DE,05-14,2022-03-15,2022-02-15,-28 day ahead inc hosp,quantile,0.975,364,COVID-19
DE,15-34,2022-03-15,2022-02-15,-28 day ahead inc hosp,quantile,0.975,1302,COVID-19
DE,35-59,2022-03-15,2022-02-15,-28 day ahead inc hosp,quantile,0.975,2026,COVID-19
DE,60-79,2022-03-15,2022-02-15,-28 day ahead inc hosp,quantile,0.975,2612,COVID-19
DE,80+,2022-03-15,2022-02-15,-28 day ahead inc hosp,quantile,0.975,3002,COVID-19
DE,00+,2022-03-15,2022-02-15,-28 day ahead inc hosp,quantile,0.975,9678,COVID-19
DE-BB,00+,2022-03-15,2022-03-15,0 day ahead inc hosp,mean,NA,307.6,COVID-19
DE-BB,00+,2022-03-15,2022-03-14,-1 day ahead inc hosp,mean,NA,284.4,COVID-19
DE-BB,00+,2022-03-15,2022-03-13,-2 day ahead inc hosp,mean,NA,280.6,COVID-19
DE-BB,00+,2022-03-15,2022-03-12,-3 day ahead inc hosp,mean,NA,277.3,COVID-19
DE-BB,00+,2022-03-15,2022-03-11,-4 day ahead inc hosp,mean,NA,271.7,COVID-19
DE-BB,00+,2022-03-15,2022-03-10,-5 day ahead inc hosp,mean,NA,287.7,COVID-19
DE-BB,00+,2022-03-15,2022-03-09,-6 day ahead inc hosp,mean,NA,303.9,COVID-19
DE-BB,00+,2022-03-15,2022-03-08,-7 day ahead inc hosp,mean,NA,276.3,COVID-19
DE-BB,00+,2022-03-15,2022-03-07,-8 day ahead inc hosp,mean,NA,296.4,COVID-19
DE-BB,00+,2022-03-15,2022-03-06,-9 day ahead inc hosp,mean,NA,295.5,COVID-19
DE-BB,00+,2022-03-15,2022-03-05,-10 day ahead inc hosp,mean,NA,308.2,COVID-19
DE-BB,00+,2022-03-15,2022-03-04,-11 day ahead inc hosp,mean,NA,333.9,COVID-19
DE-BB,00+,2022-03-15,2022-03-03,-12 day ahead inc hosp,mean,NA,304.2,COVID-19
DE-BB,00+,2022-03-15,2022-03-02,-13 day ahead inc hosp,mean,NA,274.6,COVID-19
DE-BB,00+,2022-03-15,2022-03-01,-14 day ahead inc hosp,mean,NA,243.6,COVID-19
DE-BB,00+,2022-03-15,2022-02-28,-15 day ahead inc hosp,mean,NA,241.5,COVID-19
DE-BB,00+,2022-03-15,2022-02-27,-16 day ahead inc hosp,mean,NA,244.2,COVID-19
DE-BB,00+,2022-03-15,2022-02-26,-17 day ahead inc hosp,mean,NA,233.2,COVID-19
DE-BB,00+,2022-03-15,2022-02-25,-18 day ahead inc hosp,mean,NA,217.6,COVID-19
DE-BB,00+,2022-03-15,2022-02-24,-19 day ahead inc hosp,mean,NA,215.1,COVID-19
DE-BB,00+,2022-03-15,2022-02-23,-20 day ahead inc hosp,mean,NA,213.9,COVID-19
DE-BB,00+,2022-03-15,2022-02-22,-21 day ahead inc hosp,mean,NA,225.1,COVID-19
DE-BB,00+,2022-03-15,2022-02-21,-22 day ahead inc hosp,mean,NA,200.8,COVID-19
DE-BB,00+,2022-03-15,2022-02-20,-23 day ahead inc hosp,mean,NA,201.6,COVID-19
DE-BB,00+,2022-03-15,2022-02-19,-24 day ahead inc hosp,mean,NA,211.5,COVID-19
DE-BB,00+,2022-03-15,2022-02-18,-25 day ahead inc hosp,mean,NA,206,COVID-19
DE-BB,00+,2022-03-15,2022-02-17,-26 day ahead inc hosp,mean,NA,208.3,COVID-19
DE-BB,00+,2022-03-15,2022-02-16,-27 day ahead inc hosp,mean,NA,216.7,COVID-19
DE-BB,00+,2022-03-15,2022-02-15,-28 day ahead inc hosp,mean,NA,229,COVID-19
DE-BB,00+,2022-03-15,2022-03-15,0 day ahead inc hosp,quantile,0.025,275,COVID-19
DE-BB,00+,2022-03-15,2022-03-14,-1 day ahead inc hosp,quantile,0.025,260,COVID-19
DE-BB,00+,2022-03-15,2022-03-13,-2 day ahead inc hosp,quantile,0.025,257,COVID-19
DE-BB,00+,2022-03-15,2022-03-12,-3 day ahead inc hosp,quantile,0.025,255,COVID-19
DE-BB,00+,2022-03-15,2022-03-11,-4 day ahead inc hosp,quantile,0.025,252,COVID-19
DE-BB,00+,2022-03-15,2022-03-10,-5 day ahead inc hosp,quantile,0.025,269,COVID-19
DE-BB,00+,2022-03-15,2022-03-09,-6 day ahead inc hosp,quantile,0.025,287,COVID-19
DE-BB,00+,2022-03-15,2022-03-08,-7 day ahead inc hosp,quantile,0.025,262,COVID-19
DE-BB,00+,2022-03-15,2022-03-07,-8 day ahead inc hosp,quantile,0.025,283,COVID-19
DE-BB,00+,2022-03-15,2022-03-06,-9 day ahead inc hosp,quantile,0.025,282,COVID-19
DE-BB,00+,2022-03-15,2022-03-05,-10 day ahead inc hosp,quantile,0.025,294,COVID-19
DE-BB,00+,2022-03-15,2022-03-04,-11 day ahead inc hosp,quantile,0.025,320,COVID-19
DE-BB,00+,2022-03-15,2022-03-03,-12 day ahead inc hosp,quantile,0.025,292,COVID-19
DE-BB,00+,2022-03-15,2022-03-02,-13 day ahead inc hosp,quantile,0.025,264,COVID-19
DE-BB,00+,2022-03-15,2022-03-01,-14 day ahead inc hosp,quantile,0.025,234,COVID-19
DE-BB,00+,2022-03-15,2022-02-28,-15 day ahead inc hosp,quantile,0.025,233,COVID-19
DE-BB,00+,2022-03-15,2022-02-27,-16 day ahead inc hosp,quantile,0.025,235,COVID-19
DE-BB,00+,2022-03-15,2022-02-26,-17 day ahead inc hosp,quantile,0.025,225,COVID-19
DE-BB,00+,2022-03-15,2022-02-25,-18 day ahead inc hosp,quantile,0.025,211,COVID-19
DE-BB,00+,2022-03-15,2022-02-24,-19 day ahead inc hosp,quantile,0.025,209,COVID-19
DE-BB,00+,2022-03-15,2022-02-23,-20 day ahead inc hosp,quantile,0.025,208,COVID-19
DE-BB,00+,2022-03-15,2022-02-22,-21 day ahead inc hosp,quantile,0.025,219,COVID-19
DE-BB,00+,2022-03-15,2022-02-21,-22 day ahead inc hosp,quantile,0.025,196,COVID-19
DE-BB,00+,2022-03-15,2022-02-20,-23 day ahead inc hosp,quantile,0.025,196,COVID-19
DE-BB,00+,2022-03-15,2022-02-19,-24 day ahead inc hosp,quantile,0.025,206,COVID-19
DE-BB,00+,2022-03-15,2022-02-18,-25 day ahead inc hosp,quantile,0.025,202,COVID-19
DE-BB,00+,2022-03-15,2022-02-17,-26 day ahead inc hosp,quantile,0.025,204,COVID-19
DE-BB,00+,2022-03-15,2022-02-16,-27 day ahead inc hosp,quantile,0.025,213,COVID-19
DE-BB,00+,2022-03-15,2022-02-15,-28 day ahead inc hosp,quantile,0.025,226,COVID-19
DE-BB,00+,2022-03-15,2022-03-15,0 day ahead inc hosp,quantile,0.1,286,COVID-19
DE-BB,00+,2022-03-15,2022-03-14,-1 day ahead inc hosp,quantile,0.1,268,COVID-19
DE-BB,00+,2022-03-15,2022-03-13,-2 day ahead inc hosp,quantile,0.1,265,COVID-19
DE-BB,00+,2022-03-15,2022-03-12,-3 day ahead inc hosp,quantile,0.1,263,COVID-19
DE-BB,00+,2022-03-15,2022-03-11,-4 day ahead inc hosp,quantile,0.1,259,COVID-19
DE-BB,00+,2022-03-15,2022-03-10,-5 day ahead inc hosp,quantile,0.1,276,COVID-19
DE-BB,00+,2022-03-15,2022-03-09,-6 day ahead inc hosp,quantile,0.1,293,COVID-19
DE-BB,00+,2022-03-15,2022-03-08,-7 day ahead inc hosp,quantile,0.1,267,COVID-19
DE-BB,00+,2022-03-15,2022-03-07,-8 day ahead inc hosp,quantile,0.1,288,COVID-19
DE-BB,00+,2022-03-15,2022-03-06,-9 day ahead inc hosp,quantile,0.1,287,COVID-19
DE-BB,00+,2022-03-15,2022-03-05,-10 day ahead inc hosp,quantile,0.1,299,COVID-19
DE-BB,00+,2022-03-15,2022-03-04,-11 day ahead inc hosp,quantile,0.1,325,COVID-19
DE-BB,00+,2022-03-15,2022-03-03,-12 day ahead inc hosp,quantile,0.1,296,COVID-19
DE-BB,00+,2022-03-15,2022-03-02,-13 day ahead inc hosp,quantile,0.1,268,COVID-19
DE-BB,00+,2022-03-15,2022-03-01,-14 day ahead inc hosp,quantile,0.1,237,COVID-19
DE-BB,00+,2022-03-15,2022-02-28,-15 day ahead inc hosp,quantile,0.1,236,COVID-19
DE-BB,00+,2022-03-15,2022-02-27,-16 day ahead inc hosp,quantile,0.1,239,COVID-19
DE-BB,00+,2022-03-15,2022-02-26,-17 day ahead inc hosp,quantile,0.1,228,COVID-19
DE-BB,00+,2022-03-15,2022-02-25,-18 day ahead inc hosp,quantile,0.1,213,COVID-19
DE-BB,00+,2022-03-15,2022-02-24,-19 day ahead inc hosp,quantile,0.1,211,COVID-19
DE-BB,00+,2022-03-15,2022-02-23,-20 day ahead inc hosp,quantile,0.1,210,COVID-19
DE-BB,00+,2022-03-15,2022-02-22,-21 day ahead inc hosp,quantile,0.1,221,COVID-19
DE-BB,00+,2022-03-15,2022-02-21,-22 day ahead inc hosp,quantile,0.1,197,COVID-19
DE-BB,00+,2022-03-15,2022-02-20,-23 day ahead inc hosp,quantile,0.1,198,COVID-19
DE-BB,00+,2022-03-15,2022-02-19,-24 day ahead inc hosp,quantile,0.1,208,COVID-19
DE-BB,00+,2022-03-15,2022-02-18,-25 day ahead inc hosp,quantile,0.1,203,COVID-19
DE-BB,00+,2022-03-15,2022-02-17,-26 day ahead inc hosp,quantile,0.1,205,COVID-19
DE-BB,00+,2022-03-15,2022-02-16,-27 day ahead inc hosp,quantile,0.1,214,COVID-19
DE-BB,00+,2022-03-15,2022-02-15,-28 day ahead inc hosp,quantile,0.1,227,COVID-19
DE-BB,00+,2022-03-15,2022-03-15,0 day ahead inc hosp,quantile,0.25,296,COVID-19
DE-BB,00+,2022-03-15,2022-03-14,-1 day ahead inc hosp,quantile,0.25,276,COVID-19
DE-BB,00+,2022-03-15,2022-03-13,-2 day ahead inc hosp,quantile,0.25,273,COVID-19
DE-BB,00+,2022-03-15,2022-03-12,-3 day ahead inc hosp,quantile,0.25,270,COVID-19
DE-BB,00+,2022-03-15,2022-03-11,-4 day ahead inc hosp,quantile,0.25,265,COVID-19
DE-BB,00+,2022-03-15,2022-03-10,-5 day ahead inc hosp,quantile,0.25,282,COVID-19
DE-BB,00+,2022-03-15,2022-03-09,-6 day ahead inc hosp,quantile,0.25,298,COVID-19
DE-BB,00+,2022-03-15,2022-03-08,-7 day ahead inc hosp,quantile,0.25,272,COVID-19
DE-BB,00+,2022-03-15,2022-03-07,-8 day ahead inc hosp,quantile,0.25,292,COVID-19
DE-BB,00+,2022-03-15,2022-03-06,-9 day ahead inc hosp,quantile,0.25,291,COVID-19
DE-BB,00+,2022-03-15,2022-03-05,-10 day ahead inc hosp,quantile,0.25,304,COVID-19
DE-BB,00+,2022-03-15,2022-03-04,-11 day ahead inc hosp,quantile,0.25,329,COVID-19
DE-BB,00+,2022-03-15,2022-03-03,-12 day ahead inc hosp,quantile,0.25,300,COVID-19
DE-BB,00+,2022-03-15,2022-03-02,-13 day ahead inc hosp,quantile,0.25,271,COVID-19
DE-BB,00+,2022-03-15,2022-03-01,-14 day ahead inc hosp,quantile,0.25,240,COVID-19
DE-BB,00+,2022-03-15,2022-02-28,-15 day ahead inc hosp,quantile,0.25,239,COVID-19
DE-BB,00+,2022-03-15,2022-02-27,-16 day ahead inc hosp,quantile,0.25,241,COVID-19
DE-BB,00+,2022-03-15,2022-02-26,-17 day ahead inc hosp,quantile,0.25,230,COVID-19
DE-BB,00+,2022-03-15,2022-02-25,-18 day ahead inc hosp,quantile,0.25,215,COVID-19
DE-BB,00+,2022-03-15,2022-02-24,-19 day ahead inc hosp,quantile,0.25,213,COVID-19
DE-BB,00+,2022-03-15,2022-02-23,-20 day ahead inc hosp,quantile,0.25,212,COVID-19
DE-BB,00+,2022-03-15,2022-02-22,-21 day ahead inc hosp,quantile,0.25,223,COVID-19
DE-BB,00+,2022-03-15,2022-02-21,-22 day ahead inc hosp,quantile,0.25,199,COVID-19
DE-BB,00+,2022-03-15,2022-02-20,-23 day ahead inc hosp,quantile,0.25,200,COVID-19
DE-BB,00+,2022-03-15,2022-02-19,-24 day ahead inc hosp,quantile,0.25,210,COVID-19
DE-BB,00+,2022-03-15,2022-02-18,-25 day ahead inc hosp,quantile,0.25,204,COVID-19
DE-BB,00+,2022-03-15,2022-02-17,-26 day ahead inc hosp,quantile,0.25,207,COVID-19
DE-BB,00+,2022-03-15,2022-02-16,-27 day ahead inc hosp,quantile,0.25,215,COVID-19
DE-BB,00+,2022-03-15,2022-02-15,-28 day ahead inc hosp,quantile,0.25,228,COVID-19
DE-BB,00+,2022-03-15,2022-03-15,0 day ahead inc hosp,quantile,0.5,309,COVID-19
DE-BB,00+,2022-03-15,2022-03-14,-1 day ahead inc hosp,quantile,0.5,286,COVID-19
DE-BB,00+,2022-03-15,2022-03-13,-2 day ahead inc hosp,quantile,0.5,282,COVID-19
DE-BB,00+,2022-03-15,2022-03-12,-3 day ahead inc hosp,quantile,0.5,278,COVID-19
DE-BB,00+,2022-03-15,2022-03-11,-4 day ahead inc hosp,quantile,0.5,273,COVID-19
DE-BB,00+,2022-03-15,2022-03-10,-5 day ahead inc hosp,quantile,0.5,289,COVID-19
DE-BB,00+,2022-03-15,2022-03-09,-6 day ahead inc hosp,quantile,0.5,305,COVID-19
DE-BB,00+,2022-03-15,2022-03-08,-7 day ahead inc hosp,quantile,0.5,277,COVID-19
DE-BB,00+,2022-03-15,2022-03-07,-8 day ahead inc hosp,quantile,0.5,297,COVID-19
DE-BB,00+,2022-03-15,2022-03-06,-9 day ahead inc hosp,quantile,0.5,296,COVID-19
DE-BB,00+,2022-03-15,2022-03-05,-10 day ahead inc hosp,quantile,0.5,309,COVID-19
DE-BB,00+,2022-03-15,2022-03-04,-11 day ahead inc hosp,quantile,0.5,335,COVID-19
DE-BB,00+,2022-03-15,2022-03-03,-12 day ahead inc hosp,quantile,0.5,305,COVID-19
DE-BB,00+,2022-03-15,2022-03-02,-13 day ahead inc hosp,quantile,0.5,275,COVID-19
DE-BB,00+,2022-03-15,2022-03-01,-14 day ahead inc hosp,quantile,0.5,244,COVID-19
DE-BB,00+,2022-03-15,2022-02-28,-15 day ahead inc hosp,quantile,0.5,242,COVID-19
DE-BB,00+,2022-03-15,2022-02-27,-16 day ahead inc hosp,quantile,0.5,245,COVID-19
DE-BB,00+,2022-03-15,2022-02-26,-17 day ahead inc hosp,quantile,0.5,234,COVID-19
DE-BB,00+,2022-03-15,2022-02-25,-18 day ahead inc hosp,quantile,0.5,218,COVID-19
DE-BB,00+,2022-03-15,2022-02-24,-19 day ahead inc hosp,quantile,0.5,215,COVID-19
DE-BB,00+,2022-03-15,2022-02-23,-20 day ahead inc hosp,quantile,0.5,214,COVID-19
DE-BB,00+,2022-03-15,2022-02-22,-21 day ahead inc hosp,quantile,0.5,225,COVID-19
DE-BB,00+,2022-03-15,2022-02-21,-22 day ahead inc hosp,quantile,0.5,201,COVID-19
DE-BB,00+,2022-03-15,2022-02-20,-23 day ahead inc hosp,quantile,0.5,202,COVID-19
DE-BB,00+,2022-03-15,2022-02-19,-24 day ahead inc hosp,quantile,0.5,212,COVID-19
DE-BB,00+,2022-03-15,2022-02-18,-25 day ahead inc hosp,quantile,0.5,206,COVID-19
DE-BB,00+,2022-03-15,2022-02-17,-26 day ahead inc hosp,quantile,0.5,208,COVID-19
DE-BB,00+,2022-03-15,2022-02-16,-27 day ahead inc hosp,quantile,0.5,217,COVID-19
DE-BB,00+,2022-03-15,2022-02-15,-28 day ahead inc hosp,quantile,0.5,229,COVID-19
DE-BB,00+,2022-03-15,2022-03-15,0 day ahead inc hosp,quantile,0.75,323,COVID-19
DE-BB,00+,2022-03-15,2022-03-14,-1 day ahead inc hosp,quantile,0.75,296,COVID-19
DE-BB,00+,2022-03-15,2022-03-13,-2 day ahead inc hosp,quantile,0.75,292,COVID-19
DE-BB,00+,2022-03-15,2022-03-12,-3 day ahead inc hosp,quantile,0.75,288,COVID-19
DE-BB,00+,2022-03-15,2022-03-11,-4 day ahead inc hosp,quantile,0.75,281,COVID-19
DE-BB,00+,2022-03-15,2022-03-10,-5 day ahead inc hosp,quantile,0.75,296,COVID-19
DE-BB,00+,2022-03-15,2022-03-09,-6 day ahead inc hosp,quantile,0.75,312,COVID-19
DE-BB,00+,2022-03-15,2022-03-08,-7 day ahead inc hosp,quantile,0.75,283,COVID-19
DE-BB,00+,2022-03-15,2022-03-07,-8 day ahead inc hosp,quantile,0.75,303,COVID-19
DE-BB,00+,2022-03-15,2022-03-06,-9 day ahead inc hosp,quantile,0.75,302,COVID-19
DE-BB,00+,2022-03-15,2022-03-05,-10 day ahead inc hosp,quantile,0.75,315,COVID-19
DE-BB,00+,2022-03-15,2022-03-04,-11 day ahead inc hosp,quantile,0.75,341,COVID-19
DE-BB,00+,2022-03-15,2022-03-03,-12 day ahead inc hosp,quantile,0.75,310,COVID-19
DE-BB,00+,2022-03-15,2022-03-02,-13 day ahead inc hosp,quantile,0.75,280,COVID-19
DE-BB,00+,2022-03-15,2022-03-01,-14 day ahead inc hosp,quantile,0.75,248,COVID-19
DE-BB,00+,2022-03-15,2022-02-28,-15 day ahead inc hosp,quantile,0.75,246,COVID-19
DE-BB,00+,2022-03-15,2022-02-27,-16 day ahead inc hosp,quantile,0.75,248,COVID-19
DE-BB,00+,2022-03-15,2022-02-26,-17 day ahead inc hosp,quantile,0.75,237,COVID-19
DE-BB,00+,2022-03-15,2022-02-25,-18 day ahead inc hosp,quantile,0.75,221,COVID-19
DE-BB,00+,2022-03-15,2022-02-24,-19 day ahead inc hosp,quantile,0.75,218,COVID-19
DE-BB,00+,2022-03-15,2022-02-23,-20 day ahead inc hosp,quantile,0.75,217,COVID-19
DE-BB,00+,2022-03-15,2022-02-22,-21 day ahead inc hosp,quantile,0.75,228,COVID-19
DE-BB,00+,2022-03-15,2022-02-21,-22 day ahead inc hosp,quantile,0.75,203,COVID-19
DE-BB,00+,2022-03-15,2022-02-20,-23 day ahead inc hosp,quantile,0.75,204,COVID-19
DE-BB,00+,2022-03-15,2022-02-19,-24 day ahead inc hosp,quantile,0.75,214,COVID-19
DE-BB,00+,2022-03-15,2022-02-18,-25 day ahead inc hosp,quantile,0.75,208,COVID-19
DE-BB,00+,2022-03-15,2022-02-17,-26 day ahead inc hosp,quantile,0.75,210,COVID-19
DE-BB,00+,2022-03-15,2022-02-16,-27 day ahead inc hosp,quantile,0.75,219,COVID-19
DE-BB,00+,2022-03-15,2022-02-15,-28 day ahead inc hosp,quantile,0.75,231,COVID-19
DE-BB,00+,2022-03-15,2022-03-15,0 day ahead inc hosp,quantile,0.9,337,COVID-19
DE-BB,00+,2022-03-15,2022-03-14,-1 day ahead inc hosp,quantile,0.9,306,COVID-19
DE-BB,00+,2022-03-15,2022-03-13,-2 day ahead inc hosp,quantile,0.9,301,COVID-19
DE-BB,00+,2022-03-15,2022-03-12,-3 day ahead inc hosp,quantile,0.9,296,COVID-19
DE-BB,00+,2022-03-15,2022-03-11,-4 day ahead inc hosp,quantile,0.9,288,COVID-19
DE-BB,00+,2022-03-15,2022-03-10,-5 day ahead inc hosp,quantile,0.9,303,COVID-19
DE-BB,00+,2022-03-15,2022-03-09,-6 day ahead inc hosp,quantile,0.9,319,COVID-19
DE-BB,00+,2022-03-15,2022-03-08,-7 day ahead inc hosp,quantile,0.9,289,COVID-19
DE-BB,00+,2022-03-15,2022-03-07,-8 day ahead inc hosp,quantile,0.9,308,COVID-19
DE-BB,00+,2022-03-15,2022-03-06,-9 day ahead inc hosp,quantile,0.9,307,COVID-19
DE-BB,00+,2022-03-15,2022-03-05,-10 day ahead inc hosp,quantile,0.9,320,COVID-19
DE-BB,00+,2022-03-15,2022-03-04,-11 day ahead inc hosp,quantile,0.9,346,COVID-19
DE-BB,00+,2022-03-15,2022-03-03,-12 day ahead inc hosp,quantile,0.9,315,COVID-19
DE-BB,00+,2022-03-15,2022-03-02,-13 day ahead inc hosp,quantile,0.9,284,COVID-19
DE-BB,00+,2022-03-15,2022-03-01,-14 day ahead inc hosp,quantile,0.9,252,COVID-19
DE-BB,00+,2022-03-15,2022-02-28,-15 day ahead inc hosp,quantile,0.9,249,COVID-19
DE-BB,00+,2022-03-15,2022-02-27,-16 day ahead inc hosp,quantile,0.9,252,COVID-19
DE-BB,00+,2022-03-15,2022-02-26,-17 day ahead inc hosp,quantile,0.9,240,COVID-19
DE-BB,00+,2022-03-15,2022-02-25,-18 day ahead inc hosp,quantile,0.9,224,COVID-19
DE-BB,00+,2022-03-15,2022-02-24,-19 day ahead inc hosp,quantile,0.9,221,COVID-19
DE-BB,00+,2022-03-15,2022-02-23,-20 day ahead inc hosp,quantile,0.9,220,COVID-19
DE-BB,00+,2022-03-15,2022-02-22,-21 day ahead inc hosp,quantile,0.9,231,COVID-19
DE-BB,00+,2022-03-15,2022-02-21,-22 day ahead inc hosp,quantile,0.9,206,COVID-19
DE-BB,00+,2022-03-15,2022-02-20,-23 day ahead inc hosp,quantile,0.9,206,COVID-19
DE-BB,00+,2022-03-15,2022-02-19,-24 day ahead inc hosp,quantile,0.9,216,COVID-19
DE-BB,00+,2022-03-15,2022-02-18,-25 day ahead inc hosp,quantile,0.9,210,COVID-19
DE-BB,00+,2022-03-15,2022-02-17,-26 day ahead inc hosp,quantile,0.9,212,COVID-19
DE-BB,00+,2022-03-15,2022-02-16,-27 day ahead inc hosp,quantile,0.9,221,COVID-19
DE-BB,00+,2022-03-15,2022-02-15,-28 day ahead inc hosp,quantile,0.9,233,COVID-19
DE-BB,00+,2022-03-15,2022-03-15,0 day ahead inc hosp,quantile,0.975,355,COVID-19
DE-BB,00+,2022-03-15,2022-03-14,-1 day ahead inc hosp,quantile,0.975,319,COVID-19
DE-BB,00+,2022-03-15,2022-03-13,-2 day ahead inc hosp,quantile,0.975,312,COVID-19
DE-BB,00+,2022-03-15,2022-03-12,-3 day ahead inc hosp,quantile,0.975,307,COVID-19
DE-BB,00+,2022-03-15,2022-03-11,-4 day ahead inc hosp,quantile,0.975,298,COVID-19
DE-BB,00+,2022-03-15,2022-03-10,-5 day ahead inc hosp,quantile,0.975,312,COVID-19
DE-BB,00+,2022-03-15,2022-03-09,-6 day ahead inc hosp,quantile,0.975,327,COVID-19
DE-BB,00+,2022-03-15,2022-03-08,-7 day ahead inc hosp,quantile,0.975,295,COVID-19
DE-BB,00+,2022-03-15,2022-03-07,-8 day ahead inc hosp,quantile,0.975,315,COVID-19
DE-BB,00+,2022-03-15,2022-03-06,-9 day ahead inc hosp,quantile,0.975,314,COVID-19
DE-BB,00+,2022-03-15,2022-03-05,-10 day ahead inc hosp,quantile,0.975,327,COVID-19
DE-BB,00+,2022-03-15,2022-03-04,-11 day ahead inc hosp,quantile,0.975,352,COVID-19
DE-BB,00+,2022-03-15,2022-03-03,-12 day ahead inc hosp,quantile,0.975,320,COVID-19
DE-BB,00+,2022-03-15,2022-03-02,-13 day ahead inc hosp,quantile,0.975,289,COVID-19
DE-BB,00+,2022-03-15,2022-03-01,-14 day ahead inc hosp,quantile,0.975,257,COVID-19
DE-BB,00+,2022-03-15,2022-02-28,-15 day ahead inc hosp,quantile,0.975,254,COVID-19
DE-BB,00+,2022-03-15,2022-02-27,-16 day ahead inc hosp,quantile,0.975,256,COVID-19
DE-BB,00+,2022-03-15,2022-02-26,-17 day ahead inc hosp,quantile,0.975,244,COVID-19
DE-BB,00+,2022-03-15,2022-02-25,-18 day ahead inc hosp,quantile,0.975,228,COVID-19
DE-BB,00+,2022-03-15,2022-02-24,-19 day ahead inc hosp,quantile,0.975,225,COVID-19
DE-BB,00+,2022-03-15,2022-02-23,-20 day ahead inc hosp,quantile,0.975,223,COVID-19
DE-BB,00+,2022-03-15,2022-02-22,-21 day ahead inc hosp,quantile,0.975,234,COVID-19
DE-BB,00+,2022-03-15,2022-02-21,-22 day ahead inc hosp,quantile,0.975,208,COVID-19
DE-BB,00+,2022-03-15,2022-02-20,-23 day ahead inc hosp,quantile,0.975,209,COVID-19
DE-BB,00+,2022-03-15,2022-02-19,-24 day ahead inc hosp,quantile,0.975,219,COVID-19
DE-BB,00+,2022-03-15,2022-02-18,-25 day ahead inc hosp,quantile,0.975,213,COVID-19
DE-BB,00+,2022-03-15,2022-02-17,-26 day ahead inc hosp,quantile,0.975,215,COVID-19
DE-BB,00+,2022-03-15,2022-02-16,-27 day ahead inc hosp,quantile,0.975,223,COVID-19
DE-BB,00+,2022-03-15,2022-02-15,-28 day ahead inc hosp,quantile,0.975,235,COVID-19
DE-BE,00+,2022-03-15,2022-03-15,0 day ahead inc hosp,mean,NA,245.3,COVID-19
DE-BE,00+,2022-03-15,2022-03-14,-1 day ahead inc hosp,mean,NA,247.8,COVID-19
DE-BE,00+,2022-03-15,2022-03-13,-2 day ahead inc hosp,mean,NA,248.8,COVID-19
DE-BE,00+,2022-03-15,2022-03-12,-3 day ahead inc hosp,mean,NA,220.3,COVID-19
DE-BE,00+,2022-03-15,2022-03-11,-4 day ahead inc hosp,mean,NA,220.2,COVID-19
DE-BE,00+,2022-03-15,2022-03-10,-5 day ahead inc hosp,mean,NA,207.6,COVID-19
DE-BE,00+,2022-03-15,2022-03-09,-6 day ahead inc hosp,mean,NA,160.7,COVID-19
DE-BE,00+,2022-03-15,2022-03-08,-7 day ahead inc hosp,mean,NA,179.1,COVID-19
DE-BE,00+,2022-03-15,2022-03-07,-8 day ahead inc hosp,mean,NA,187,COVID-19
DE-BE,00+,2022-03-15,2022-03-06,-9 day ahead inc hosp,mean,NA,184.6,COVID-19
DE-BE,00+,2022-03-15,2022-03-05,-10 day ahead inc hosp,mean,NA,185.9,COVID-19
DE-BE,00+,2022-03-15,2022-03-04,-11 day ahead inc hosp,mean,NA,197.4,COVID-19
DE-BE,00+,2022-03-15,2022-03-03,-12 day ahead inc hosp,mean,NA,201.4,COVID-19
DE-BE,00+,2022-03-15,2022-03-02,-13 day ahead inc hosp,mean,NA,198.6,COVID-19
DE-BE,00+,2022-03-15,2022-03-01,-14 day ahead inc hosp,mean,NA,234.6,COVID-19
DE-BE,00+,2022-03-15,2022-02-28,-15 day ahead inc hosp,mean,NA,229.4,COVID-19
DE-BE,00+,2022-03-15,2022-02-27,-16 day ahead inc hosp,mean,NA,229.4,COVID-19
DE-BE,00+,2022-03-15,2022-02-26,-17 day ahead inc hosp,mean,NA,222.9,COVID-19
DE-BE,00+,2022-03-15,2022-02-25,-18 day ahead inc hosp,mean,NA,213.6,COVID-19
DE-BE,00+,2022-03-15,2022-02-24,-19 day ahead inc hosp,mean,NA,193.8,COVID-19
DE-BE,00+,2022-03-15,2022-02-23,-20 day ahead inc hosp,mean,NA,193.2,COVID-19
DE-BE,00+,2022-03-15,2022-02-22,-21 day ahead inc hosp,mean,NA,177.7,COVID-19
DE-BE,00+,2022-03-15,2022-02-21,-22 day ahead inc hosp,mean,NA,192,COVID-19
DE-BE,00+,2022-03-15,2022-02-20,-23 day ahead inc hosp,mean,NA,195.1,COVID-19
DE-BE,00+,2022-03-15,2022-02-19,-24 day ahead inc hosp,mean,NA,194.9,COVID-19
DE-BE,00+,2022-03-15,2022-02-18,-25 day ahead inc hosp,mean,NA,209,COVID-19
DE-BE,00+,2022-03-15,2022-02-17,-26 day ahead inc hosp,mean,NA,213.2,COVID-19
DE-BE,00+,2022-03-15,2022-02-16,-27 day ahead inc hosp,mean,NA,241.9,COVID-19
DE-BE,00+,2022-03-15,2022-02-15,-28 day ahead inc hosp,mean,NA,264,COVID-19
DE-BE,00+,2022-03-15,2022-03-15,0 day ahead inc hosp,quantile,0.025,207,COVID-19
DE-BE,00+,2022-03-15,2022-03-14,-1 day ahead inc hosp,quantile,0.025,214,COVID-19
DE-BE,00+,2022-03-15,2022-03-13,-2 day ahead inc hosp,quantile,0.025,215,COVID-19
DE-BE,00+,2022-03-15,2022-03-12,-3 day ahead inc hosp,quantile,0.025,194,COVID-19
DE-BE,00+,2022-03-15,2022-03-11,-4 day ahead inc hosp,quantile,0.025,197,COVID-19
DE-BE,00+,2022-03-15,2022-03-10,-5 day ahead inc hosp,quantile,0.025,189,COVID-19
DE-BE,00+,2022-03-15,2022-03-09,-6 day ahead inc hosp,quantile,0.025,148,COVID-19
DE-BE,00+,2022-03-15,2022-03-08,-7 day ahead inc hosp,quantile,0.025,166,COVID-19
DE-BE,00+,2022-03-15,2022-03-07,-8 day ahead inc hosp,quantile,0.025,175,COVID-19
DE-BE,00+,2022-03-15,2022-03-06,-9 day ahead inc hosp,quantile,0.025,172,COVID-19
DE-BE,00+,2022-03-15,2022-03-05,-10 day ahead inc hosp,quantile,0.025,174,COVID-19
DE-BE,00+,2022-03-15,2022-03-04,-11 day ahead inc hosp,quantile,0.025,186,COVID-19
DE-BE,00+,2022-03-15,2022-03-03,-12 day ahead inc hosp,quantile,0.025,190,COVID-19
DE-BE,00+,2022-03-15,2022-03-02,-13 day ahead inc hosp,quantile,0.025,188,COVID-19
DE-BE,00+,2022-03-15,2022-03-01,-14 day ahead inc hosp,quantile,0.025,224,COVID-19
DE-BE,00+,2022-03-15,2022-02-28,-15 day ahead inc hosp,quantile,0.025,219,COVID-19
DE-BE,00+,2022-03-15,2022-02-27,-16 day ahead inc hosp,quantile,0.025,219,COVID-19
DE-BE,00+,2022-03-15,2022-02-26,-17 day ahead inc hosp,quantile,0.025,213,COVID-19
DE-BE,00+,2022-03-15,2022-02-25,-18 day ahead inc hosp,quantile,0.025,205,COVID-19
DE-BE,00+,2022-03-15,2022-02-24,-19 day ahead inc hosp,quantile,0.025,186,COVID-19
DE-BE,00+,2022-03-15,2022-02-23,-20 day ahead inc hosp,quantile,0.025,186,COVID-19
DE-BE,00+,2022-03-15,2022-02-22,-21 day ahead inc hosp,quantile,0.025,171,COVID-19
DE-BE,00+,2022-03-15,2022-02-21,-22 day ahead inc hosp,quantile,0.025,186,COVID-19
DE-BE,00+,2022-03-15,2022-02-20,-23 day ahead inc hosp,quantile,0.025,189,COVID-19
DE-BE,00+,2022-03-15,2022-02-19,-24 day ahead inc hosp,quantile,0.025,189,COVID-19
DE-BE,00+,2022-03-15,2022-02-18,-25 day ahead inc hosp,quantile,0.025,203,COVID-19
DE-BE,00+,2022-03-15,2022-02-17,-26 day ahead inc hosp,quantile,0.025,208,COVID-19
DE-BE,00+,2022-03-15,2022-02-16,-27 day ahead inc hosp,quantile,0.025,237,COVID-19
DE-BE,00+,2022-03-15,2022-02-15,-28 day ahead inc hosp,quantile,0.025,259,COVID-19
DE-BE,00+,2022-03-15,2022-03-15,0 day ahead inc hosp,quantile,0.1,220,COVID-19
DE-BE,00+,2022-03-15,2022-03-14,-1 day ahead inc hosp,quantile,0.1,225,COVID-19
DE-BE,00+,2022-03-15,2022-03-13,-2 day ahead inc hosp,quantile,0.1,226,COVID-19
DE-BE,00+,2022-03-15,2022-03-12,-3 day ahead inc hosp,quantile,0.1,203,COVID-19
DE-BE,00+,2022-03-15,2022-03-11,-4 day ahead inc hosp,quantile,0.1,205,COVID-19
DE-BE,00+,2022-03-15,2022-03-10,-5 day ahead inc hosp,quantile,0.1,196,COVID-19
DE-BE,00+,2022-03-15,2022-03-09,-6 day ahead inc hosp,quantile,0.1,153,COVID-19
DE-BE,00+,2022-03-15,2022-03-08,-7 day ahead inc hosp,quantile,0.1,171,COVID-19
DE-BE,00+,2022-03-15,2022-03-07,-8 day ahead inc hosp,quantile,0.1,179,COVID-19
DE-BE,00+,2022-03-15,2022-03-06,-9 day ahead inc hosp,quantile,0.1,176,COVID-19
DE-BE,00+,2022-03-15,2022-03-05,-10 day ahead inc hosp,quantile,0.1,178,COVID-19
DE-BE,00+,2022-03-15,2022-03-04,-11 day ahead inc hosp,quantile,0.1,190,COVID-19
DE-BE,00+,2022-03-15,2022-03-03,-12 day ahead inc hosp,quantile,0.1,194,COVID-19
DE-BE,00+,2022-03-15,2022-03-02,-13 day ahead inc hosp,quantile,0.1,192,COVID-19
DE-BE,00+,2022-03-15,2022-03-01,-14 day ahead inc hosp,quantile,0.1,228,COVID-19
DE-BE,00+,2022-03-15,2022-02-28,-15 day ahead inc hosp,quantile,0.1,223,COVID-19
DE-BE,00+,2022-03-15,2022-02-27,-16 day ahead inc hosp,quantile,0.1,223,COVID-19
DE-BE,00+,2022-03-15,2022-02-26,-17 day ahead inc hosp,quantile,0.1,217,COVID-19
DE-BE,00+,2022-03-15,2022-02-25,-18 day ahead inc hosp,quantile,0.1,208,COVID-19
DE-BE,00+,2022-03-15,2022-02-24,-19 day ahead inc hosp,quantile,0.1,189,COVID-19
DE-BE,00+,2022-03-15,2022-02-23,-20 day ahead inc hosp,quantile,0.1,189,COVID-19
DE-BE,00+,2022-03-15,2022-02-22,-21 day ahead inc hosp,quantile,0.1,174,COVID-19
DE-BE,00+,2022-03-15,2022-02-21,-22 day ahead inc hosp,quantile,0.1,188,COVID-19
DE-BE,00+,2022-03-15,2022-02-20,-23 day ahead inc hosp,quantile,0.1,191,COVID-19
DE-BE,00+,2022-03-15,2022-02-19,-24 day ahead inc hosp,quantile,0.1,191,COVID-19
DE-BE,00+,2022-03-15,2022-02-18,-25 day ahead inc hosp,quantile,0.1,205,COVID-19
DE-BE,00+,2022-03-15,2022-02-17,-26 day ahead inc hosp,quantile,0.1,210,COVID-19
DE-BE,00+,2022-03-15,2022-02-16,-27 day ahead inc hosp,quantile,0.1,238,COVID-19
DE-BE,00+,2022-03-15,2022-02-15,-28 day ahead inc hosp,quantile,0.1,261,COVID-19
DE-BE,00+,2022-03-15,2022-03-15,0 day ahead inc hosp,quantile,0.25,232,COVID-19
DE-BE,00+,2022-03-15,2022-03-14,-1 day ahead inc hosp,quantile,0.25,236,COVID-19
DE-BE,00+,2022-03-15,2022-03-13,-2 day ahead inc hosp,quantile,0.25,237,COVID-19
DE-BE,00+,2022-03-15,2022-03-12,-3 day ahead inc hosp,quantile,0.25,212,COVID-19
DE-BE,00+,2022-03-15,2022-03-11,-4 day ahead inc hosp,quantile,0.25,213,COVID-19
DE-BE,00+,2022-03-15,2022-03-10,-5 day ahead inc hosp,quantile,0.25,202,COVID-19
DE-BE,00+,2022-03-15,2022-03-09,-6 day ahead inc hosp,quantile,0.25,157,COVID-19
DE-BE,00+,2022-03-15,2022-03-08,-7 day ahead inc hosp,quantile,0.25,175,COVID-19
DE-BE,00+,2022-03-15,2022-03-07,-8 day ahead inc hosp,quantile,0.25,183,COVID-19
DE-BE,00+,2022-03-15,2022-03-06,-9 day ahead inc hosp,quantile,0.25,181,COVID-19
DE-BE,00+,2022-03-15,2022-03-05,-10 day ahead inc hosp,quantile,0.25,182,COVID-19
DE-BE,00+,2022-03-15,2022-03-04,-11 day ahead inc hosp,quantile,0.25,194,COVID-19
DE-BE,00+,2022-03-15,2022-03-03,-12 day ahead inc hosp,quantile,0.25,198,COVID-19
DE-BE,00+,2022-03-15,2022-03-02,-13 day ahead inc hosp,quantile,0.25,195,COVID-19
DE-BE,00+,2022-03-15,2022-03-01,-14 day ahead inc hosp,quantile,0.25,231,COVID-19
DE-BE,00+,2022-03-15,2022-02-28,-15 day ahead inc hosp,quantile,0.25,226,COVID-19
DE-BE,00+,2022-03-15,2022-02-27,-16 day ahead inc hosp,quantile,0.25,226,COVID-19
DE-BE,00+,2022-03-15,2022-02-26,-17 day ahead inc hosp,quantile,0.25,220,COVID-19
DE-BE,00+,2022-03-15,2022-02-25,-18 day ahead inc hosp,quantile,0.25,211,COVID-19
DE-BE,00+,2022-03-15,2022-02-24,-19 day ahead inc hosp,quantile,0.25,191,COVID-19
DE-BE,00+,2022-03-15,2022-02-23,-20 day ahead inc hosp,quantile,0.25,191,COVID-19
DE-BE,00+,2022-03-15,2022-02-22,-21 day ahead inc hosp,quantile,0.25,176,COVID-19
DE-BE,00+,2022-03-15,2022-02-21,-22 day ahead inc hosp,quantile,0.25,190,COVID-19
DE-BE,00+,2022-03-15,2022-02-20,-23 day ahead inc hosp,quantile,0.25,193,COVID-19
DE-BE,00+,2022-03-15,2022-02-19,-24 day ahead inc hosp,quantile,0.25,193,COVID-19
DE-BE,00+,2022-03-15,2022-02-18,-25 day ahead inc hosp,quantile,0.25,207,COVID-19
DE-BE,00+,2022-03-15,2022-02-17,-26 day ahead inc hosp,quantile,0.25,211,COVID-19
DE-BE,00+,2022-03-15,2022-02-16,-27 day ahead inc hosp,quantile,0.25,240,COVID-19
DE-BE,00+,2022-03-15,2022-02-15,-28 day ahead inc hosp,quantile,0.25,262,COVID-19
DE-BE,00+,2022-03-15,2022-03-15,0 day ahead inc hosp,quantile,0.5,249,COVID-19
DE-BE,00+,2022-03-15,2022-03-14,-1 day ahead inc hosp,quantile,0.5,251,COVID-19
DE-BE,00+,2022-03-15,2022-03-13,-2 day ahead inc hosp,quantile,0.5,252,COVID-19
DE-BE,00+,2022-03-15,2022-03-12,-3 day ahead inc hosp,quantile,0.5,222,COVID-19
DE-BE,00+,2022-03-15,2022-03-11,-4 day ahead inc hosp,quantile,0.5,221,COVID-19
DE-BE,00+,2022-03-15,2022-03-10,-5 day ahead inc hosp,quantile,0.5,209,COVID-19
DE-BE,00+,2022-03-15,2022-03-09,-6 day ahead inc hosp,quantile,0.5,162,COVID-19
DE-BE,00+,2022-03-15,2022-03-08,-7 day ahead inc hosp,quantile,0.5,180,COVID-19
DE-BE,00+,2022-03-15,2022-03-07,-8 day ahead inc hosp,quantile,0.5,188,COVID-19
DE-BE,00+,2022-03-15,2022-03-06,-9 day ahead inc hosp,quantile,0.5,186,COVID-19
DE-BE,00+,2022-03-15,2022-03-05,-10 day ahead inc hosp,quantile,0.5,187,COVID-19
DE-BE,00+,2022-03-15,2022-03-04,-11 day ahead inc hosp,quantile,0.5,198,COVID-19
DE-BE,00+,2022-03-15,2022-03-03,-12 day ahead inc hosp,quantile,0.5,202,COVID-19
DE-BE,00+,2022-03-15,2022-03-02,-13 day ahead inc hosp,quantile,0.5,199,COVID-19
DE-BE,00+,2022-03-15,2022-03-01,-14 day ahead inc hosp,quantile,0.5,235,COVID-19
DE-BE,00+,2022-03-15,2022-02-28,-15 day ahead inc hosp,quantile,0.5,230,COVID-19
DE-BE,00+,2022-03-15,2022-02-27,-16 day ahead inc hosp,quantile,0.5,230,COVID-19
DE-BE,00+,2022-03-15,2022-02-26,-17 day ahead inc hosp,quantile,0.5,224,COVID-19
DE-BE,00+,2022-03-15,2022-02-25,-18 day ahead inc hosp,quantile,0.5,214,COVID-19
DE-BE,00+,2022-03-15,2022-02-24,-19 day ahead inc hosp,quantile,0.5,194,COVID-19
DE-BE,00+,2022-03-15,2022-02-23,-20 day ahead inc hosp,quantile,0.5,194,COVID-19
DE-BE,00+,2022-03-15,2022-02-22,-21 day ahead inc hosp,quantile,0.5,178,COVID-19
DE-BE,00+,2022-03-15,2022-02-21,-22 day ahead inc hosp,quantile,0.5,192,COVID-19
DE-BE,00+,2022-03-15,2022-02-20,-23 day ahead inc hosp,quantile,0.5,195,COVID-19
DE-BE,00+,2022-03-15,2022-02-19,-24 day ahead inc hosp,quantile,0.5,195,COVID-19
DE-BE,00+,2022-03-15,2022-02-18,-25 day ahead inc hosp,quantile,0.5,209,COVID-19
DE-BE,00+,2022-03-15,2022-02-17,-26 day ahead inc hosp,quantile,0.5,214,COVID-19
DE-BE,00+,2022-03-15,2022-02-16,-27 day ahead inc hosp,quantile,0.5,242,COVID-19
DE-BE,00+,2022-03-15,2022-02-15,-28 day ahead inc hosp,quantile,0.5,264,COVID-19
DE-BE,00+,2022-03-15,2022-03-15,0 day ahead inc hosp,quantile,0.75,268,COVID-19
DE-BE,00+,2022-03-15,2022-03-14,-1 day ahead inc hosp,quantile,0.75,267,COVID-19
DE-BE,00+,2022-03-15,2022-03-13,-2 day ahead inc hosp,quantile,0.75,268,COVID-19
DE-BE,00+,2022-03-15,2022-03-12,-3 day ahead inc hosp,quantile,0.75,233,COVID-19
DE-BE,00+,2022-03-15,2022-03-11,-4 day ahead inc hosp,quantile,0.75,231,COVID-19
DE-BE,00+,2022-03-15,2022-03-10,-5 day ahead inc hosp,quantile,0.75,217,COVID-19
DE-BE,00+,2022-03-15,2022-03-09,-6 day ahead inc hosp,quantile,0.75,167,COVID-19
DE-BE,00+,2022-03-15,2022-03-08,-7 day ahead inc hosp,quantile,0.75,186,COVID-19
DE-BE,00+,2022-03-15,2022-03-07,-8 day ahead inc hosp,quantile,0.75,193,COVID-19
DE-BE,00+,2022-03-15,2022-03-06,-9 day ahead inc hosp,quantile,0.75,191,COVID-19
DE-BE,00+,2022-03-15,2022-03-05,-10 day ahead inc hosp,quantile,0.75,192,COVID-19
DE-BE,00+,2022-03-15,2022-03-04,-11 day ahead inc hosp,quantile,0.75,203,COVID-19
DE-BE,00+,2022-03-15,2022-03-03,-12 day ahead inc hosp,quantile,0.75,207,COVID-19
DE-BE,00+,2022-03-15,2022-03-02,-13 day ahead inc hosp,quantile,0.75,204,COVID-19
DE-BE,00+,2022-03-15,2022-03-01,-14 day ahead inc hosp,quantile,0.75,240,COVID-19
DE-BE,00+,2022-03-15,2022-02-28,-15 day ahead inc hosp,quantile,0.75,234,COVID-19
DE-BE,00+,2022-03-15,2022-02-27,-16 day ahead inc hosp,quantile,0.75,234,COVID-19
DE-BE,00+,2022-03-15,2022-02-26,-17 day ahead inc hosp,quantile,0.75,228,COVID-19
DE-BE,00+,2022-03-15,2022-02-25,-18 day ahead inc hosp,quantile,0.75,218,COVID-19
DE-BE,00+,2022-03-15,2022-02-24,-19 day ahead inc hosp,quantile,0.75,197,COVID-19
DE-BE,00+,2022-03-15,2022-02-23,-20 day ahead inc hosp,quantile,0.75,197,COVID-19
DE-BE,00+,2022-03-15,2022-02-22,-21 day ahead inc hosp,quantile,0.75,181,COVID-19
DE-BE,00+,2022-03-15,2022-02-21,-22 day ahead inc hosp,quantile,0.75,195,COVID-19
DE-BE,00+,2022-03-15,2022-02-20,-23 day ahead inc hosp,quantile,0.75,198,COVID-19
DE-BE,00+,2022-03-15,2022-02-19,-24 day ahead inc hosp,quantile,0.75,198,COVID-19
DE-BE,00+,2022-03-15,2022-02-18,-25 day ahead inc hosp,quantile,0.75,212,COVID-19
DE-BE,00+,2022-03-15,2022-02-17,-26 day ahead inc hosp,quantile,0.75,216,COVID-19
DE-BE,00+,2022-03-15,2022-02-16,-27 day ahead inc hosp,quantile,0.75,245,COVID-19
DE-BE,00+,2022-03-15,2022-02-15,-28 day ahead inc hosp,quantile,0.75,267,COVID-19
DE-BE,00+,2022-03-15,2022-03-15,0 day ahead inc hosp,quantile,0.9,287,COVID-19
DE-BE,00+,2022-03-15,2022-03-14,-1 day ahead inc hosp,quantile,0.9,285,COVID-19
DE-BE,00+,2022-03-15,2022-03-13,-2 day ahead inc hosp,quantile,0.9,286,COVID-19
DE-BE,00+,2022-03-15,2022-03-12,-3 day ahead inc hosp,quantile,0.9,245,COVID-19
DE-BE,00+,2022-03-15,2022-03-11,-4 day ahead inc hosp,quantile,0.9,241,COVID-19
DE-BE,00+,2022-03-15,2022-03-10,-5 day ahead inc hosp,quantile,0.9,224,COVID-19
DE-BE,00+,2022-03-15,2022-03-09,-6 day ahead inc hosp,quantile,0.9,172,COVID-19
DE-BE,00+,2022-03-15,2022-03-08,-7 day ahead inc hosp,quantile,0.9,191,COVID-19
DE-BE,00+,2022-03-15,2022-03-07,-8 day ahead inc hosp,quantile,0.9,198,COVID-19
DE-BE,00+,2022-03-15,2022-03-06,-9 day ahead inc hosp,quantile,0.9,196,COVID-19
DE-BE,00+,2022-03-15,2022-03-05,-10 day ahead inc hosp,quantile,0.9,197,COVID-19
DE-BE,00+,2022-03-15,2022-03-04,-11 day ahead inc hosp,quantile,0.9,208,COVID-19
DE-BE,00+,2022-03-15,2022-03-03,-12 day ahead inc hosp,quantile,0.9,211,COVID-19
DE-BE,00+,2022-03-15,2022-03-02,-13 day ahead inc hosp,quantile,0.9,208,COVID-19
DE-BE,00+,2022-03-15,2022-03-01,-14 day ahead inc hosp,quantile,0.9,244,COVID-19
DE-BE,00+,2022-03-15,2022-02-28,-15 day ahead inc hosp,quantile,0.9,239,COVID-19
DE-BE,00+,2022-03-15,2022-02-27,-16 day ahead inc hosp,quantile,0.9,239,COVID-19
DE-BE,00+,2022-03-15,2022-02-26,-17 day ahead inc hosp,quantile,0.9,232,COVID-19
DE-BE,00+,2022-03-15,2022-02-25,-18 day ahead inc hosp,quantile,0.9,221,COVID-19
DE-BE,00+,2022-03-15,2022-02-24,-19 day ahead inc hosp,quantile,0.9,201,COVID-19
DE-BE,00+,2022-03-15,2022-02-23,-20 day ahead inc hosp,quantile,0.9,200,COVID-19
DE-BE,00+,2022-03-15,2022-02-22,-21 day ahead inc hosp,quantile,0.9,183,COVID-19
DE-BE,00+,2022-03-15,2022-02-21,-22 day ahead inc hosp,quantile,0.9,198,COVID-19
DE-BE,00+,2022-03-15,2022-02-20,-23 day ahead inc hosp,quantile,0.9,201,COVID-19
DE-BE,00+,2022-03-15,2022-02-19,-24 day ahead inc hosp,quantile,0.9,200,COVID-19
DE-BE,00+,2022-03-15,2022-02-18,-25 day ahead inc hosp,quantile,0.9,214,COVID-19
DE-BE,00+,2022-03-15,2022-02-17,-26 day ahead inc hosp,quantile,0.9,219,COVID-19
DE-BE,00+,2022-03-15,2022-02-16,-27 day ahead inc hosp,quantile,0.9,247,COVID-19
DE-BE,00+,2022-03-15,2022-02-15,-28 day ahead inc hosp,quantile,0.9,269,COVID-19
DE-BE,00+,2022-03-15,2022-03-15,0 day ahead inc hosp,quantile,0.975,314,COVID-19
DE-BE,00+,2022-03-15,2022-03-14,-1 day ahead inc hosp,quantile,0.975,309,COVID-19
DE-BE,00+,2022-03-15,2022-03-13,-2 day ahead inc hosp,quantile,0.975,309,COVID-19
DE-BE,00+,2022-03-15,2022-03-12,-3 day ahead inc hosp,quantile,0.975,260,COVID-19
DE-BE,00+,2022-03-15,2022-03-11,-4 day ahead inc hosp,quantile,0.975,252,COVID-19
DE-BE,00+,2022-03-15,2022-03-10,-5 day ahead inc hosp,quantile,0.975,233,COVID-19
DE-BE,00+,2022-03-15,2022-03-09,-6 day ahead inc hosp,quantile,0.975,178,COVID-19
DE-BE,00+,2022-03-15,2022-03-08,-7 day ahead inc hosp,quantile,0.975,197,COVID-19
DE-BE,00+,2022-03-15,2022-03-07,-8 day ahead inc hosp,quantile,0.975,204,COVID-19
DE-BE,00+,2022-03-15,2022-03-06,-9 day ahead inc hosp,quantile,0.975,202,COVID-19
DE-BE,00+,2022-03-15,2022-03-05,-10 day ahead inc hosp,quantile,0.975,203,COVID-19
DE-BE,00+,2022-03-15,2022-03-04,-11 day ahead inc hosp,quantile,0.975,213,COVID-19
DE-BE,00+,2022-03-15,2022-03-03,-12 day ahead inc hosp,quantile,0.975,217,COVID-19
DE-BE,00+,2022-03-15,2022-03-02,-13 day ahead inc hosp,quantile,0.975,213,COVID-19
DE-BE,00+,2022-03-15,2022-03-01,-14 day ahead inc hosp,quantile,0.975,249,COVID-19
DE-BE,00+,2022-03-15,2022-02-28,-15 day ahead inc hosp,quantile,0.975,244,COVID-19
DE-BE,00+,2022-03-15,2022-02-27,-16 day ahead inc hosp,quantile,0.975,244,COVID-19
DE-BE,00+,2022-03-15,2022-02-26,-17 day ahead inc hosp,quantile,0.975,237,COVID-19
DE-BE,00+,2022-03-15,2022-02-25,-18 day ahead inc hosp,quantile,0.975,226,COVID-19
DE-BE,00+,2022-03-15,2022-02-24,-19 day ahead inc hosp,quantile,0.975,205,COVID-19
DE-BE,00+,2022-03-15,2022-02-23,-20 day ahead inc hosp,quantile,0.975,203,COVID-19
DE-BE,00+,2022-03-15,2022-02-22,-21 day ahead inc hosp,quantile,0.975,187,COVID-19
DE-BE,00+,2022-03-15,2022-02-21,-22 day ahead inc hosp,quantile,0.975,201,COVID-19
DE-BE,00+,2022-03-15,2022-02-20,-23 day ahead inc hosp,quantile,0.975,204,COVID-19
DE-BE,00+,2022-03-15,2022-02-19,-24 day ahead inc hosp,quantile,0.975,204,COVID-19
DE-BE,00+,2022-03-15,2022-02-18,-25 day ahead inc hosp,quantile,0.975,218,COVID-19
DE-BE,00+,2022-03-15,2022-02-17,-26 day ahead inc hosp,quantile,0.975,222,COVID-19
DE-BE,00+,2022-03-15,2022-02-16,-27 day ahead inc hosp,quantile,0.975,250,COVID-19
DE-BE,00+,2022-03-15,2022-02-15,-28 day ahead inc hosp,quantile,0.975,272,COVID-19
DE-BW,00+,2022-03-15,2022-03-15,0 day ahead inc hosp,mean,NA,1525.3,COVID-19
DE-BW,00+,2022-03-15,2022-03-14,-1 day ahead inc hosp,mean,NA,1387.7,COVID-19
DE-BW,00+,2022-03-15,2022-03-13,-2 day ahead inc hosp,mean,NA,1395.8,COVID-19
DE-BW,00+,2022-03-15,2022-03-12,-3 day ahead inc hosp,mean,NA,1391.2,COVID-19
DE-BW,00+,2022-03-15,2022-03-11,-4 day ahead inc hosp,mean,NA,1361.8,COVID-19
DE-BW,00+,2022-03-15,2022-03-10,-5 day ahead inc hosp,mean,NA,1371,COVID-19
DE-BW,00+,2022-03-15,2022-03-09,-6 day ahead inc hosp,mean,NA,1406.3,COVID-19
DE-BW,00+,2022-03-15,2022-03-08,-7 day ahead inc hosp,mean,NA,1351.8,COVID-19
DE-BW,00+,2022-03-15,2022-03-07,-8 day ahead inc hosp,mean,NA,1349.9,COVID-19
DE-BW,00+,2022-03-15,2022-03-06,-9 day ahead inc hosp,mean,NA,1346.2,COVID-19
DE-BW,00+,2022-03-15,2022-03-05,-10 day ahead inc hosp,mean,NA,1344,COVID-19
DE-BW,00+,2022-03-15,2022-03-04,-11 day ahead inc hosp,mean,NA,1285.6,COVID-19
DE-BW,00+,2022-03-15,2022-03-03,-12 day ahead inc hosp,mean,NA,1291.8,COVID-19
DE-BW,00+,2022-03-15,2022-03-02,-13 day ahead inc hosp,mean,NA,1268,COVID-19
DE-BW,00+,2022-03-15,2022-03-01,-14 day ahead inc hosp,mean,NA,1285.9,COVID-19
DE-BW,00+,2022-03-15,2022-02-28,-15 day ahead inc hosp,mean,NA,1298.2,COVID-19
DE-BW,00+,2022-03-15,2022-02-27,-16 day ahead inc hosp,mean,NA,1332.1,COVID-19
DE-BW,00+,2022-03-15,2022-02-26,-17 day ahead inc hosp,mean,NA,1317.4,COVID-19
DE-BW,00+,2022-03-15,2022-02-25,-18 day ahead inc hosp,mean,NA,1365.3,COVID-19
DE-BW,00+,2022-03-15,2022-02-24,-19 day ahead inc hosp,mean,NA,1375.8,COVID-19
DE-BW,00+,2022-03-15,2022-02-23,-20 day ahead inc hosp,mean,NA,1409.9,COVID-19
DE-BW,00+,2022-03-15,2022-02-22,-21 day ahead inc hosp,mean,NA,1472.3,COVID-19
DE-BW,00+,2022-03-15,2022-02-21,-22 day ahead inc hosp,mean,NA,1489.6,COVID-19
DE-BW,00+,2022-03-15,2022-02-20,-23 day ahead inc hosp,mean,NA,1458,COVID-19
DE-BW,00+,2022-03-15,2022-02-19,-24 day ahead inc hosp,mean,NA,1467,COVID-19
DE-BW,00+,2022-03-15,2022-02-18,-25 day ahead inc hosp,mean,NA,1491.2,COVID-19
DE-BW,00+,2022-03-15,2022-02-17,-26 day ahead inc hosp,mean,NA,1474.4,COVID-19
DE-BW,00+,2022-03-15,2022-02-16,-27 day ahead inc hosp,mean,NA,1412.6,COVID-19
DE-BW,00+,2022-03-15,2022-02-15,-28 day ahead inc hosp,mean,NA,1358.4,COVID-19
DE-BW,00+,2022-03-15,2022-03-15,0 day ahead inc hosp,quantile,0.025,1441,COVID-19
DE-BW,00+,2022-03-15,2022-03-14,-1 day ahead inc hosp,quantile,0.025,1328,COVID-19
DE-BW,00+,2022-03-15,2022-03-13,-2 day ahead inc hosp,quantile,0.025,1341,COVID-19
DE-BW,00+,2022-03-15,2022-03-12,-3 day ahead inc hosp,quantile,0.025,1342,COVID-19
DE-BW,00+,2022-03-15,2022-03-11,-4 day ahead inc hosp,quantile,0.025,1321,COVID-19
DE-BW,00+,2022-03-15,2022-03-10,-5 day ahead inc hosp,quantile,0.025,1334,COVID-19
DE-BW,00+,2022-03-15,2022-03-09,-6 day ahead inc hosp,quantile,0.025,1373,COVID-19
DE-BW,00+,2022-03-15,2022-03-08,-7 day ahead inc hosp,quantile,0.025,1323,COVID-19
DE-BW,00+,2022-03-15,2022-03-07,-8 day ahead inc hosp,quantile,0.025,1322,COVID-19
DE-BW,00+,2022-03-15,2022-03-06,-9 day ahead inc hosp,quantile,0.025,1320,COVID-19
DE-BW,00+,2022-03-15,2022-03-05,-10 day ahead inc hosp,quantile,0.025,1318,COVID-19
DE-BW,00+,2022-03-15,2022-03-04,-11 day ahead inc hosp,quantile,0.025,1262,COVID-19
DE-BW,00+,2022-03-15,2022-03-03,-12 day ahead inc hosp,quantile,0.025,1270,COVID-19
DE-BW,00+,2022-03-15,2022-03-02,-13 day ahead inc hosp,quantile,0.025,1248,COVID-19
DE-BW,00+,2022-03-15,2022-03-01,-14 day ahead inc hosp,quantile,0.025,1267,COVID-19
DE-BW,00+,2022-03-15,2022-02-28,-15 day ahead inc hosp,quantile,0.025,1281,COVID-19
DE-BW,00+,2022-03-15,2022-02-27,-16 day ahead inc hosp,quantile,0.025,1315,COVID-19
DE-BW,00+,2022-03-15,2022-02-26,-17 day ahead inc hosp,quantile,0.025,1302,COVID-19
DE-BW,00+,2022-03-15,2022-02-25,-18 day ahead inc hosp,quantile,0.025,1351,COVID-19
DE-BW,00+,2022-03-15,2022-02-24,-19 day ahead inc hosp,quantile,0.025,1363,COVID-19
DE-BW,00+,2022-03-15,2022-02-23,-20 day ahead inc hosp,quantile,0.025,1398,COVID-19
DE-BW,00+,2022-03-15,2022-02-22,-21 day ahead inc hosp,quantile,0.025,1461,COVID-19
DE-BW,00+,2022-03-15,2022-02-21,-22 day ahead inc hosp,quantile,0.025,1479,COVID-19
DE-BW,00+,2022-03-15,2022-02-20,-23 day ahead inc hosp,quantile,0.025,1448,COVID-19
DE-BW,00+,2022-03-15,2022-02-19,-24 day ahead inc hosp,quantile,0.025,1458,COVID-19
DE-BW,00+,2022-03-15,2022-02-18,-25 day ahead inc hosp,quantile,0.025,1483,COVID-19
DE-BW,00+,2022-03-15,2022-02-17,-26 day ahead inc hosp,quantile,0.025,1466,COVID-19
DE-BW,00+,2022-03-15,2022-02-16,-27 day ahead inc hosp,quantile,0.025,1405,COVID-19
DE-BW,00+,2022-03-15,2022-02-15,-28 day ahead inc hosp,quantile,0.025,1352,COVID-19
DE-BW,00+,2022-03-15,2022-03-15,0 day ahead inc hosp,quantile,0.1,1468,COVID-19
DE-BW,00+,2022-03-15,2022-03-14,-1 day ahead inc hosp,quantile,0.1,1349,COVID-19
DE-BW,00+,2022-03-15,2022-03-13,-2 day ahead inc hosp,quantile,0.1,1359,COVID-19
DE-BW,00+,2022-03-15,2022-03-12,-3 day ahead inc hosp,quantile,0.1,1358,COVID-19
DE-BW,00+,2022-03-15,2022-03-11,-4 day ahead inc hosp,quantile,0.1,1334,COVID-19
DE-BW,00+,2022-03-15,2022-03-10,-5 day ahead inc hosp,quantile,0.1,1346,COVID-19
DE-BW,00+,2022-03-15,2022-03-09,-6 day ahead inc hosp,quantile,0.1,1384,COVID-19
DE-BW,00+,2022-03-15,2022-03-08,-7 day ahead inc hosp,quantile,0.1,1332,COVID-19
DE-BW,00+,2022-03-15,2022-03-07,-8 day ahead inc hosp,quantile,0.1,1331,COVID-19
DE-BW,00+,2022-03-15,2022-03-06,-9 day ahead inc hosp,quantile,0.1,1328,COVID-19
DE-BW,00+,2022-03-15,2022-03-05,-10 day ahead inc hosp,quantile,0.1,1327,COVID-19
DE-BW,00+,2022-03-15,2022-03-04,-11 day ahead inc hosp,quantile,0.1,1270,COVID-19
DE-BW,00+,2022-03-15,2022-03-03,-12 day ahead inc hosp,quantile,0.1,1277,COVID-19
DE-BW,00+,2022-03-15,2022-03-02,-13 day ahead inc hosp,quantile,0.1,1255,COVID-19
DE-BW,00+,2022-03-15,2022-03-01,-14 day ahead inc hosp,quantile,0.1,1273,COVID-19
DE-BW,00+,2022-03-15,2022-02-28,-15 day ahead inc hosp,quantile,0.1,1287,COVID-19
DE-BW,00+,2022-03-15,2022-02-27,-16 day ahead inc hosp,quantile,0.1,1321,COVID-19
DE-BW,00+,2022-03-15,2022-02-26,-17 day ahead inc hosp,quantile,0.1,1307,COVID-19
DE-BW,00+,2022-03-15,2022-02-25,-18 day ahead inc hosp,quantile,0.1,1356,COVID-19
DE-BW,00+,2022-03-15,2022-02-24,-19 day ahead inc hosp,quantile,0.1,1367,COVID-19
DE-BW,00+,2022-03-15,2022-02-23,-20 day ahead inc hosp,quantile,0.1,1402,COVID-19
DE-BW,00+,2022-03-15,2022-02-22,-21 day ahead inc hosp,quantile,0.1,1465,COVID-19
DE-BW,00+,2022-03-15,2022-02-21,-22 day ahead inc hosp,quantile,0.1,1483,COVID-19
DE-BW,00+,2022-03-15,2022-02-20,-23 day ahead inc hosp,quantile,0.1,1452,COVID-19
DE-BW,00+,2022-03-15,2022-02-19,-24 day ahead inc hosp,quantile,0.1,1461,COVID-19
DE-BW,00+,2022-03-15,2022-02-18,-25 day ahead inc hosp,quantile,0.1,1485,COVID-19
DE-BW,00+,2022-03-15,2022-02-17,-26 day ahead inc hosp,quantile,0.1,1469,COVID-19
DE-BW,00+,2022-03-15,2022-02-16,-27 day ahead inc hosp,quantile,0.1,1408,COVID-19
DE-BW,00+,2022-03-15,2022-02-15,-28 day ahead inc hosp,quantile,0.1,1354,COVID-19
DE-BW,00+,2022-03-15,2022-03-15,0 day ahead inc hosp,quantile,0.25,1495,COVID-19
DE-BW,00+,2022-03-15,2022-03-14,-1 day ahead inc hosp,quantile,0.25,1366,COVID-19
DE-BW,00+,2022-03-15,2022-03-13,-2 day ahead inc hosp,quantile,0.25,1376,COVID-19
DE-BW,00+,2022-03-15,2022-03-12,-3 day ahead inc hosp,quantile,0.25,1374,COVID-19
DE-BW,00+,2022-03-15,2022-03-11,-4 day ahead inc hosp,quantile,0.25,1347,COVID-19
DE-BW,00+,2022-03-15,2022-03-10,-5 day ahead inc hosp,quantile,0.25,1358,COVID-19
DE-BW,00+,2022-03-15,2022-03-09,-6 day ahead inc hosp,quantile,0.25,1395,COVID-19
DE-BW,00+,2022-03-15,2022-03-08,-7 day ahead inc hosp,quantile,0.25,1341,COVID-19
DE-BW,00+,2022-03-15,2022-03-07,-8 day ahead inc hosp,quantile,0.25,1340,COVID-19
DE-BW,00+,2022-03-15,2022-03-06,-9 day ahead inc hosp,quantile,0.25,1337,COVID-19
DE-BW,00+,2022-03-15,2022-03-05,-10 day ahead inc hosp,quantile,0.25,1335,COVID-19
DE-BW,00+,2022-03-15,2022-03-04,-11 day ahead inc hosp,quantile,0.25,1278,COVID-19
DE-BW,00+,2022-03-15,2022-03-03,-12 day ahead inc hosp,quantile,0.25,1284,COVID-19
DE-BW,00+,2022-03-15,2022-03-02,-13 day ahead inc hosp,quantile,0.25,1261,COVID-19
DE-BW,00+,2022-03-15,2022-03-01,-14 day ahead inc hosp,quantile,0.25,1280,COVID-19
DE-BW,00+,2022-03-15,2022-02-28,-15 day ahead inc hosp,quantile,0.25,1292,COVID-19
DE-BW,00+,2022-03-15,2022-02-27,-16 day ahead inc hosp,quantile,0.25,1326,COVID-19
DE-BW,00+,2022-03-15,2022-02-26,-17 day ahead inc hosp,quantile,0.25,1312,COVID-19
DE-BW,00+,2022-03-15,2022-02-25,-18 day ahead inc hosp,quantile,0.25,1360,COVID-19
DE-BW,00+,2022-03-15,2022-02-24,-19 day ahead inc hosp,quantile,0.25,1371,COVID-19
DE-BW,00+,2022-03-15,2022-02-23,-20 day ahead inc hosp,quantile,0.25,1406,COVID-19
DE-BW,00+,2022-03-15,2022-02-22,-21 day ahead inc hosp,quantile,0.25,1468,COVID-19
DE-BW,00+,2022-03-15,2022-02-21,-22 day ahead inc hosp,quantile,0.25,1486,COVID-19
DE-BW,00+,2022-03-15,2022-02-20,-23 day ahead inc hosp,quantile,0.25,1454.8,COVID-19
DE-BW,00+,2022-03-15,2022-02-19,-24 day ahead inc hosp,quantile,0.25,1464,COVID-19
DE-BW,00+,2022-03-15,2022-02-18,-25 day ahead inc hosp,quantile,0.25,1488,COVID-19
DE-BW,00+,2022-03-15,2022-02-17,-26 day ahead inc hosp,quantile,0.25,1472,COVID-19
DE-BW,00+,2022-03-15,2022-02-16,-27 day ahead inc hosp,quantile,0.25,1410,COVID-19
DE-BW,00+,2022-03-15,2022-02-15,-28 day ahead inc hosp,quantile,0.25,1356,COVID-19
DE-BW,00+,2022-03-15,2022-03-15,0 day ahead inc hosp,quantile,0.5,1526,COVID-19
DE-BW,00+,2022-03-15,2022-03-14,-1 day ahead inc hosp,quantile,0.5,1389,COVID-19
DE-BW,00+,2022-03-15,2022-03-13,-2 day ahead inc hosp,quantile,0.5,1396,COVID-19
DE-BW,00+,2022-03-15,2022-03-12,-3 day ahead inc hosp,quantile,0.5,1391,COVID-19
DE-BW,00+,2022-03-15,2022-03-11,-4 day ahead inc hosp,quantile,0.5,1362,COVID-19
DE-BW,00+,2022-03-15,2022-03-10,-5 day ahead inc hosp,quantile,0.5,1371,COVID-19
DE-BW,00+,2022-03-15,2022-03-09,-6 day ahead inc hosp,quantile,0.5,1407,COVID-19
DE-BW,00+,2022-03-15,2022-03-08,-7 day ahead inc hosp,quantile,0.5,1352,COVID-19
DE-BW,00+,2022-03-15,2022-03-07,-8 day ahead inc hosp,quantile,0.5,1350,COVID-19
DE-BW,00+,2022-03-15,2022-03-06,-9 day ahead inc hosp,quantile,0.5,1346,COVID-19
DE-BW,00+,2022-03-15,2022-03-05,-10 day ahead inc hosp,quantile,0.5,1344,COVID-19
DE-BW,00+,2022-03-15,2022-03-04,-11 day ahead inc hosp,quantile,0.5,1286,COVID-19
DE-BW,00+,2022-03-15,2022-03-03,-12 day ahead inc hosp,quantile,0.5,1292,COVID-19
DE-BW,00+,2022-03-15,2022-03-02,-13 day ahead inc hosp,quantile,0.5,1268,COVID-19
DE-BW,00+,2022-03-15,2022-03-01,-14 day ahead inc hosp,quantile,0.5,1286,COVID-19
DE-BW,00+,2022-03-15,2022-02-28,-15 day ahead inc hosp,quantile,0.5,1298,COVID-19
DE-BW,00+,2022-03-15,2022-02-27,-16 day ahead inc hosp,quantile,0.5,1332,COVID-19
DE-BW,00+,2022-03-15,2022-02-26,-17 day ahead inc hosp,quantile,0.5,1318,COVID-19
DE-BW,00+,2022-03-15,2022-02-25,-18 day ahead inc hosp,quantile,0.5,1366,COVID-19
DE-BW,00+,2022-03-15,2022-02-24,-19 day ahead inc hosp,quantile,0.5,1376,COVID-19
DE-BW,00+,2022-03-15,2022-02-23,-20 day ahead inc hosp,quantile,0.5,1410,COVID-19
DE-BW,00+,2022-03-15,2022-02-22,-21 day ahead inc hosp,quantile,0.5,1472,COVID-19
DE-BW,00+,2022-03-15,2022-02-21,-22 day ahead inc hosp,quantile,0.5,1490,COVID-19
DE-BW,00+,2022-03-15,2022-02-20,-23 day ahead inc hosp,quantile,0.5,1458,COVID-19
DE-BW,00+,2022-03-15,2022-02-19,-24 day ahead inc hosp,quantile,0.5,1467,COVID-19
DE-BW,00+,2022-03-15,2022-02-18,-25 day ahead inc hosp,quantile,0.5,1491,COVID-19
DE-BW,00+,2022-03-15,2022-02-17,-26 day ahead inc hosp,quantile,0.5,1475,COVID-19
DE-BW,00+,2022-03-15,2022-02-16,-27 day ahead inc hosp,quantile,0.5,1413,COVID-19
DE-BW,00+,2022-03-15,2022-02-15,-28 day ahead inc hosp,quantile,0.5,1358,COVID-19
DE-BW,00+,2022-03-15,2022-03-15,0 day ahead inc hosp,quantile,0.75,1557,COVID-19
DE-BW,00+,2022-03-15,2022-03-14,-1 day ahead inc hosp,quantile,0.75,1410,COVID-19
DE-BW,00+,2022-03-15,2022-03-13,-2 day ahead inc hosp,quantile,0.75,1417,COVID-19
DE-BW,00+,2022-03-15,2022-03-12,-3 day ahead inc hosp,quantile,0.75,1410,COVID-19
DE-BW,00+,2022-03-15,2022-03-11,-4 day ahead inc hosp,quantile,0.75,1377,COVID-19
DE-BW,00+,2022-03-15,2022-03-10,-5 day ahead inc hosp,quantile,0.75,1385,COVID-19
DE-BW,00+,2022-03-15,2022-03-09,-6 day ahead inc hosp,quantile,0.75,1419,COVID-19
DE-BW,00+,2022-03-15,2022-03-08,-7 day ahead inc hosp,quantile,0.75,1363,COVID-19
DE-BW,00+,2022-03-15,2022-03-07,-8 day ahead inc hosp,quantile,0.75,1360,COVID-19
DE-BW,00+,2022-03-15,2022-03-06,-9 day ahead inc hosp,quantile,0.75,1356,COVID-19
DE-BW,00+,2022-03-15,2022-03-05,-10 day ahead inc hosp,quantile,0.75,1354,COVID-19
DE-BW,00+,2022-03-15,2022-03-04,-11 day ahead inc hosp,quantile,0.75,1294,COVID-19
DE-BW,00+,2022-03-15,2022-03-03,-12 day ahead inc hosp,quantile,0.75,1300,COVID-19
DE-BW,00+,2022-03-15,2022-03-02,-13 day ahead inc hosp,quantile,0.75,1275,COVID-19
DE-BW,00+,2022-03-15,2022-03-01,-14 day ahead inc hosp,quantile,0.75,1293,COVID-19
DE-BW,00+,2022-03-15,2022-02-28,-15 day ahead inc hosp,quantile,0.75,1305,COVID-19
DE-BW,00+,2022-03-15,2022-02-27,-16 day ahead inc hosp,quantile,0.75,1339,COVID-19
DE-BW,00+,2022-03-15,2022-02-26,-17 day ahead inc hosp,quantile,0.75,1323,COVID-19
DE-BW,00+,2022-03-15,2022-02-25,-18 day ahead inc hosp,quantile,0.75,1371,COVID-19
DE-BW,00+,2022-03-15,2022-02-24,-19 day ahead inc hosp,quantile,0.75,1381,COVID-19
DE-BW,00+,2022-03-15,2022-02-23,-20 day ahead inc hosp,quantile,0.75,1415,COVID-19
DE-BW,00+,2022-03-15,2022-02-22,-21 day ahead inc hosp,quantile,0.75,1477,COVID-19
DE-BW,00+,2022-03-15,2022-02-21,-22 day ahead inc hosp,quantile,0.75,1494,COVID-19
DE-BW,00+,2022-03-15,2022-02-20,-23 day ahead inc hosp,quantile,0.75,1462,COVID-19
DE-BW,00+,2022-03-15,2022-02-19,-24 day ahead inc hosp,quantile,0.75,1471,COVID-19
DE-BW,00+,2022-03-15,2022-02-18,-25 day ahead inc hosp,quantile,0.75,1495,COVID-19
DE-BW,00+,2022-03-15,2022-02-17,-26 day ahead inc hosp,quantile,0.75,1478,COVID-19
DE-BW,00+,2022-03-15,2022-02-16,-27 day ahead inc hosp,quantile,0.75,1416,COVID-19
DE-BW,00+,2022-03-15,2022-02-15,-28 day ahead inc hosp,quantile,0.75,1361,COVID-19
DE-BW,00+,2022-03-15,2022-03-15,0 day ahead inc hosp,quantile,0.9,1587,COVID-19
DE-BW,00+,2022-03-15,2022-03-14,-1 day ahead inc hosp,quantile,0.9,1431,COVID-19
DE-BW,00+,2022-03-15,2022-03-13,-2 day ahead inc hosp,quantile,0.9,1435,COVID-19
DE-BW,00+,2022-03-15,2022-03-12,-3 day ahead inc hosp,quantile,0.9,1426,COVID-19
DE-BW,00+,2022-03-15,2022-03-11,-4 day ahead inc hosp,quantile,0.9,1391,COVID-19
DE-BW,00+,2022-03-15,2022-03-10,-5 day ahead inc hosp,quantile,0.9,1397,COVID-19
DE-BW,00+,2022-03-15,2022-03-09,-6 day ahead inc hosp,quantile,0.9,1430,COVID-19
DE-BW,00+,2022-03-15,2022-03-08,-7 day ahead inc hosp,quantile,0.9,1373,COVID-19
DE-BW,00+,2022-03-15,2022-03-07,-8 day ahead inc hosp,quantile,0.9,1370,COVID-19
DE-BW,00+,2022-03-15,2022-03-06,-9 day ahead inc hosp,quantile,0.9,1366,COVID-19
DE-BW,00+,2022-03-15,2022-03-05,-10 day ahead inc hosp,quantile,0.9,1363,COVID-19
DE-BW,00+,2022-03-15,2022-03-04,-11 day ahead inc hosp,quantile,0.9,1303,COVID-19
DE-BW,00+,2022-03-15,2022-03-03,-12 day ahead inc hosp,quantile,0.9,1307,COVID-19
DE-BW,00+,2022-03-15,2022-03-02,-13 day ahead inc hosp,quantile,0.9,1282,COVID-19
DE-BW,00+,2022-03-15,2022-03-01,-14 day ahead inc hosp,quantile,0.9,1299,COVID-19
DE-BW,00+,2022-03-15,2022-02-28,-15 day ahead inc hosp,quantile,0.9,1311,COVID-19
DE-BW,00+,2022-03-15,2022-02-27,-16 day ahead inc hosp,quantile,0.9,1344,COVID-19
DE-BW,00+,2022-03-15,2022-02-26,-17 day ahead inc hosp,quantile,0.9,1329,COVID-19
DE-BW,00+,2022-03-15,2022-02-25,-18 day ahead inc hosp,quantile,0.9,1376,COVID-19
DE-BW,00+,2022-03-15,2022-02-24,-19 day ahead inc hosp,quantile,0.9,1386,COVID-19
DE-BW,00+,2022-03-15,2022-02-23,-20 day ahead inc hosp,quantile,0.9,1419,COVID-19
DE-BW,00+,2022-03-15,2022-02-22,-21 day ahead inc hosp,quantile,0.9,1481,COVID-19
DE-BW,00+,2022-03-15,2022-02-21,-22 day ahead inc hosp,quantile,0.9,1498,COVID-19
DE-BW,00+,2022-03-15,2022-02-20,-23 day ahead inc hosp,quantile,0.9,1466,COVID-19
DE-BW,00+,2022-03-15,2022-02-19,-24 day ahead inc hosp,quantile,0.9,1474,COVID-19
DE-BW,00+,2022-03-15,2022-02-18,-25 day ahead inc hosp,quantile,0.9,1498,COVID-19
DE-BW,00+,2022-03-15,2022-02-17,-26 day ahead inc hosp,quantile,0.9,1481,COVID-19
DE-BW,00+,2022-03-15,2022-02-16,-27 day ahead inc hosp,quantile,0.9,1419,COVID-19
DE-BW,00+,2022-03-15,2022-02-15,-28 day ahead inc hosp,quantile,0.9,1364,COVID-19
DE-BW,00+,2022-03-15,2022-03-15,0 day ahead inc hosp,quantile,0.975,1621,COVID-19
DE-BW,00+,2022-03-15,2022-03-14,-1 day ahead inc hosp,quantile,0.975,1454,COVID-19
DE-BW,00+,2022-03-15,2022-03-13,-2 day ahead inc hosp,quantile,0.975,1456,COVID-19
DE-BW,00+,2022-03-15,2022-03-12,-3 day ahead inc hosp,quantile,0.975,1445,COVID-19
DE-BW,00+,2022-03-15,2022-03-11,-4 day ahead inc hosp,quantile,0.975,1407,COVID-19
DE-BW,00+,2022-03-15,2022-03-10,-5 day ahead inc hosp,quantile,0.975,1411,COVID-19
DE-BW,00+,2022-03-15,2022-03-09,-6 day ahead inc hosp,quantile,0.975,1443,COVID-19
DE-BW,00+,2022-03-15,2022-03-08,-7 day ahead inc hosp,quantile,0.975,1385,COVID-19
DE-BW,00+,2022-03-15,2022-03-07,-8 day ahead inc hosp,quantile,0.975,1381,COVID-19
DE-BW,00+,2022-03-15,2022-03-06,-9 day ahead inc hosp,quantile,0.975,1377,COVID-19
DE-BW,00+,2022-03-15,2022-03-05,-10 day ahead inc hosp,quantile,0.975,1373,COVID-19
DE-BW,00+,2022-03-15,2022-03-04,-11 day ahead inc hosp,quantile,0.975,1311,COVID-19
DE-BW,00+,2022-03-15,2022-03-03,-12 day ahead inc hosp,quantile,0.975,1316,COVID-19
DE-BW,00+,2022-03-15,2022-03-02,-13 day ahead inc hosp,quantile,0.975,1290,COVID-19
DE-BW,00+,2022-03-15,2022-03-01,-14 day ahead inc hosp,quantile,0.975,1307,COVID-19
DE-BW,00+,2022-03-15,2022-02-28,-15 day ahead inc hosp,quantile,0.975,1317,COVID-19
DE-BW,00+,2022-03-15,2022-02-27,-16 day ahead inc hosp,quantile,0.975,1351,COVID-19
DE-BW,00+,2022-03-15,2022-02-26,-17 day ahead inc hosp,quantile,0.975,1336,COVID-19
DE-BW,00+,2022-03-15,2022-02-25,-18 day ahead inc hosp,quantile,0.975,1382,COVID-19
DE-BW,00+,2022-03-15,2022-02-24,-19 day ahead inc hosp,quantile,0.975,1391,COVID-19
DE-BW,00+,2022-03-15,2022-02-23,-20 day ahead inc hosp,quantile,0.975,1424,COVID-19
DE-BW,00+,2022-03-15,2022-02-22,-21 day ahead inc hosp,quantile,0.975,1486,COVID-19
DE-BW,00+,2022-03-15,2022-02-21,-22 day ahead inc hosp,quantile,0.975,1502,COVID-19
DE-BW,00+,2022-03-15,2022-02-20,-23 day ahead inc hosp,quantile,0.975,1470,COVID-19
DE-BW,00+,2022-03-15,2022-02-19,-24 day ahead inc hosp,quantile,0.975,1478,COVID-19
DE-BW,00+,2022-03-15,2022-02-18,-25 day ahead inc hosp,quantile,0.975,1502,COVID-19
DE-BW,00+,2022-03-15,2022-02-17,-26 day ahead inc hosp,quantile,0.975,1485,COVID-19
DE-BW,00+,2022-03-15,2022-02-16,-27 day ahead inc hosp,quantile,0.975,1422,COVID-19
DE-BW,00+,2022-03-15,2022-02-15,-28 day ahead inc hosp,quantile,0.975,1367,COVID-19
DE-BY,00+,2022-03-15,2022-03-15,0 day ahead inc hosp,mean,NA,1983.7,COVID-19
DE-BY,00+,2022-03-15,2022-03-14,-1 day ahead inc hosp,mean,NA,1937.3,COVID-19
DE-BY,00+,2022-03-15,2022-03-13,-2 day ahead inc hosp,mean,NA,1901.6,COVID-19
DE-BY,00+,2022-03-15,2022-03-12,-3 day ahead inc hosp,mean,NA,1843.8,COVID-19
DE-BY,00+,2022-03-15,2022-03-11,-4 day ahead inc hosp,mean,NA,1769.4,COVID-19
DE-BY,00+,2022-03-15,2022-03-10,-5 day ahead inc hosp,mean,NA,1693.2,COVID-19
DE-BY,00+,2022-03-15,2022-03-09,-6 day ahead inc hosp,mean,NA,1693.2,COVID-19
DE-BY,00+,2022-03-15,2022-03-08,-7 day ahead inc hosp,mean,NA,1646.4,COVID-19
DE-BY,00+,2022-03-15,2022-03-07,-8 day ahead inc hosp,mean,NA,1657.6,COVID-19
DE-BY,00+,2022-03-15,2022-03-06,-9 day ahead inc hosp,mean,NA,1653.3,COVID-19
DE-BY,00+,2022-03-15,2022-03-05,-10 day ahead inc hosp,mean,NA,1670.3,COVID-19
DE-BY,00+,2022-03-15,2022-03-04,-11 day ahead inc hosp,mean,NA,1650.8,COVID-19
DE-BY,00+,2022-03-15,2022-03-03,-12 day ahead inc hosp,mean,NA,1634.6,COVID-19
DE-BY,00+,2022-03-15,2022-03-02,-13 day ahead inc hosp,mean,NA,1630.3,COVID-19
DE-BY,00+,2022-03-15,2022-03-01,-14 day ahead inc hosp,mean,NA,1682.2,COVID-19
DE-BY,00+,2022-03-15,2022-02-28,-15 day ahead inc hosp,mean,NA,1714.9,COVID-19
DE-BY,00+,2022-03-15,2022-02-27,-16 day ahead inc hosp,mean,NA,1740.9,COVID-19
DE-BY,00+,2022-03-15,2022-02-26,-17 day ahead inc hosp,mean,NA,1752.3,COVID-19
DE-BY,00+,2022-03-15,2022-02-25,-18 day ahead inc hosp,mean,NA,1755.4,COVID-19
DE-BY,00+,2022-03-15,2022-02-24,-19 day ahead inc hosp,mean,NA,1821.4,COVID-19
DE-BY,00+,2022-03-15,2022-02-23,-20 day ahead inc hosp,mean,NA,1845.5,COVID-19
DE-BY,00+,2022-03-15,2022-02-22,-21 day ahead inc hosp,mean,NA,1838.1,COVID-19
DE-BY,00+,2022-03-15,2022-02-21,-22 day ahead inc hosp,mean,NA,1793.8,COVID-19
DE-BY,00+,2022-03-15,2022-02-20,-23 day ahead inc hosp,mean,NA,1781.1,COVID-19
DE-BY,00+,2022-03-15,2022-02-19,-24 day ahead inc hosp,mean,NA,1728.3,COVID-19
DE-BY,00+,2022-03-15,2022-02-18,-25 day ahead inc hosp,mean,NA,1732.4,COVID-19
DE-BY,00+,2022-03-15,2022-02-17,-26 day ahead inc hosp,mean,NA,1696.4,COVID-19
DE-BY,00+,2022-03-15,2022-02-16,-27 day ahead inc hosp,mean,NA,1633.2,COVID-19
DE-BY,00+,2022-03-15,2022-02-15,-28 day ahead inc hosp,mean,NA,1630,COVID-19
DE-BY,00+,2022-03-15,2022-03-15,0 day ahead inc hosp,quantile,0.025,1838,COVID-19
DE-BY,00+,2022-03-15,2022-03-14,-1 day ahead inc hosp,quantile,0.025,1819,COVID-19
DE-BY,00+,2022-03-15,2022-03-13,-2 day ahead inc hosp,quantile,0.025,1794,COVID-19
DE-BY,00+,2022-03-15,2022-03-12,-3 day ahead inc hosp,quantile,0.025,1752,COVID-19
DE-BY,00+,2022-03-15,2022-03-11,-4 day ahead inc hosp,quantile,0.025,1695,COVID-19
DE-BY,00+,2022-03-15,2022-03-10,-5 day ahead inc hosp,quantile,0.025,1631,COVID-19
DE-BY,00+,2022-03-15,2022-03-09,-6 day ahead inc hosp,quantile,0.025,1637,COVID-19
DE-BY,00+,2022-03-15,2022-03-08,-7 day ahead inc hosp,quantile,0.025,1597,COVID-19
DE-BY,00+,2022-03-15,2022-03-07,-8 day ahead inc hosp,quantile,0.025,1611,COVID-19
DE-BY,00+,2022-03-15,2022-03-06,-9 day ahead inc hosp,quantile,0.025,1609,COVID-19
DE-BY,00+,2022-03-15,2022-03-05,-10 day ahead inc hosp,quantile,0.025,1628,COVID-19
DE-BY,00+,2022-03-15,2022-03-04,-11 day ahead inc hosp,quantile,0.025,1612,COVID-19
DE-BY,00+,2022-03-15,2022-03-03,-12 day ahead inc hosp,quantile,0.025,1599,COVID-19
DE-BY,00+,2022-03-15,2022-03-02,-13 day ahead inc hosp,quantile,0.025,1597,COVID-19
DE-BY,00+,2022-03-15,2022-03-01,-14 day ahead inc hosp,quantile,0.025,1650,COVID-19
DE-BY,00+,2022-03-15,2022-02-28,-15 day ahead inc hosp,quantile,0.025,1684,COVID-19
DE-BY,00+,2022-03-15,2022-02-27,-16 day ahead inc hosp,quantile,0.025,1711,COVID-19
DE-BY,00+,2022-03-15,2022-02-26,-17 day ahead inc hosp,quantile,0.025,1724,COVID-19
DE-BY,00+,2022-03-15,2022-02-25,-18 day ahead inc hosp,quantile,0.025,1728,COVID-19
DE-BY,00+,2022-03-15,2022-02-24,-19 day ahead inc hosp,quantile,0.025,1795,COVID-19
DE-BY,00+,2022-03-15,2022-02-23,-20 day ahead inc hosp,quantile,0.025,1821,COVID-19
DE-BY,00+,2022-03-15,2022-02-22,-21 day ahead inc hosp,quantile,0.025,1815,COVID-19
DE-BY,00+,2022-03-15,2022-02-21,-22 day ahead inc hosp,quantile,0.025,1772,COVID-19
DE-BY,00+,2022-03-15,2022-02-20,-23 day ahead inc hosp,quantile,0.025,1759,COVID-19
DE-BY,00+,2022-03-15,2022-02-19,-24 day ahead inc hosp,quantile,0.025,1708,COVID-19
DE-BY,00+,2022-03-15,2022-02-18,-25 day ahead inc hosp,quantile,0.025,1713,COVID-19
DE-BY,00+,2022-03-15,2022-02-17,-26 day ahead inc hosp,quantile,0.025,1679,COVID-19
DE-BY,00+,2022-03-15,2022-02-16,-27 day ahead inc hosp,quantile,0.025,1617,COVID-19
DE-BY,00+,2022-03-15,2022-02-15,-28 day ahead inc hosp,quantile,0.025,1615,COVID-19
DE-BY,00+,2022-03-15,2022-03-15,0 day ahead inc hosp,quantile,0.1,1884,COVID-19
DE-BY,00+,2022-03-15,2022-03-14,-1 day ahead inc hosp,quantile,0.1,1857,COVID-19
DE-BY,00+,2022-03-15,2022-03-13,-2 day ahead inc hosp,quantile,0.1,1829,COVID-19
DE-BY,00+,2022-03-15,2022-03-12,-3 day ahead inc hosp,quantile,0.1,1782,COVID-19
DE-BY,00+,2022-03-15,2022-03-11,-4 day ahead inc hosp,quantile,0.1,1720,COVID-19
DE-BY,00+,2022-03-15,2022-03-10,-5 day ahead inc hosp,quantile,0.1,1653,COVID-19
DE-BY,00+,2022-03-15,2022-03-09,-6 day ahead inc hosp,quantile,0.1,1657,COVID-19
DE-BY,00+,2022-03-15,2022-03-08,-7 day ahead inc hosp,quantile,0.1,1615,COVID-19
DE-BY,00+,2022-03-15,2022-03-07,-8 day ahead inc hosp,quantile,0.1,1628,COVID-19
DE-BY,00+,2022-03-15,2022-03-06,-9 day ahead inc hosp,quantile,0.1,1624,COVID-19
DE-BY,00+,2022-03-15,2022-03-05,-10 day ahead inc hosp,quantile,0.1,1643,COVID-19
DE-BY,00+,2022-03-15,2022-03-04,-11 day ahead inc hosp,quantile,0.1,1626,COVID-19
DE-BY,00+,2022-03-15,2022-03-03,-12 day ahead inc hosp,quantile,0.1,1611,COVID-19
DE-BY,00+,2022-03-15,2022-03-02,-13 day ahead inc hosp,quantile,0.1,1609,COVID-19
DE-BY,00+,2022-03-15,2022-03-01,-14 day ahead inc hosp,quantile,0.1,1661,COVID-19
DE-BY,00+,2022-03-15,2022-02-28,-15 day ahead inc hosp,quantile,0.1,1695,COVID-19
DE-BY,00+,2022-03-15,2022-02-27,-16 day ahead inc hosp,quantile,0.1,1721,COVID-19
DE-BY,00+,2022-03-15,2022-02-26,-17 day ahead inc hosp,quantile,0.1,1733,COVID-19
DE-BY,00+,2022-03-15,2022-02-25,-18 day ahead inc hosp,quantile,0.1,1737,COVID-19
DE-BY,00+,2022-03-15,2022-02-24,-19 day ahead inc hosp,quantile,0.1,1804,COVID-19
DE-BY,00+,2022-03-15,2022-02-23,-20 day ahead inc hosp,quantile,0.1,1829,COVID-19
DE-BY,00+,2022-03-15,2022-02-22,-21 day ahead inc hosp,quantile,0.1,1823,COVID-19
DE-BY,00+,2022-03-15,2022-02-21,-22 day ahead inc hosp,quantile,0.1,1779,COVID-19
DE-BY,00+,2022-03-15,2022-02-20,-23 day ahead inc hosp,quantile,0.1,1767,COVID-19
DE-BY,00+,2022-03-15,2022-02-19,-24 day ahead inc hosp,quantile,0.1,1715,COVID-19
DE-BY,00+,2022-03-15,2022-02-18,-25 day ahead inc hosp,quantile,0.1,1720,COVID-19
DE-BY,00+,2022-03-15,2022-02-17,-26 day ahead inc hosp,quantile,0.1,1684,COVID-19
DE-BY,00+,2022-03-15,2022-02-16,-27 day ahead inc hosp,quantile,0.1,1622,COVID-19
DE-BY,00+,2022-03-15,2022-02-15,-28 day ahead inc hosp,quantile,0.1,1620,COVID-19
DE-BY,00+,2022-03-15,2022-03-15,0 day ahead inc hosp,quantile,0.25,1931,COVID-19
DE-BY,00+,2022-03-15,2022-03-14,-1 day ahead inc hosp,quantile,0.25,1894,COVID-19
DE-BY,00+,2022-03-15,2022-03-13,-2 day ahead inc hosp,quantile,0.25,1864,COVID-19
DE-BY,00+,2022-03-15,2022-03-12,-3 day ahead inc hosp,quantile,0.25,1812,COVID-19
DE-BY,00+,2022-03-15,2022-03-11,-4 day ahead inc hosp,quantile,0.25,1743,COVID-19
DE-BY,00+,2022-03-15,2022-03-10,-5 day ahead inc hosp,quantile,0.25,1671.8,COVID-19
DE-BY,00+,2022-03-15,2022-03-09,-6 day ahead inc hosp,quantile,0.25,1675,COVID-19
DE-BY,00+,2022-03-15,2022-03-08,-7 day ahead inc hosp,quantile,0.25,1630,COVID-19
DE-BY,00+,2022-03-15,2022-03-07,-8 day ahead inc hosp,quantile,0.25,1642,COVID-19
DE-BY,00+,2022-03-15,2022-03-06,-9 day ahead inc hosp,quantile,0.25,1639,COVID-19
DE-BY,00+,2022-03-15,2022-03-05,-10 day ahead inc hosp,quantile,0.25,1656,COVID-19
DE-BY,00+,2022-03-15,2022-03-04,-11 day ahead inc hosp,quantile,0.25,1638,COVID-19
DE-BY,00+,2022-03-15,2022-03-03,-12 day ahead inc hosp,quantile,0.25,1622,COVID-19
DE-BY,00+,2022-03-15,2022-03-02,-13 day ahead inc hosp,quantile,0.25,1619,COVID-19
DE-BY,00+,2022-03-15,2022-03-01,-14 day ahead inc hosp,quantile,0.25,1671,COVID-19
DE-BY,00+,2022-03-15,2022-02-28,-15 day ahead inc hosp,quantile,0.25,1705,COVID-19
DE-BY,00+,2022-03-15,2022-02-27,-16 day ahead inc hosp,quantile,0.25,1731,COVID-19
DE-BY,00+,2022-03-15,2022-02-26,-17 day ahead inc hosp,quantile,0.25,1743,COVID-19
DE-BY,00+,2022-03-15,2022-02-25,-18 day ahead inc hosp,quantile,0.25,1746,COVID-19
DE-BY,00+,2022-03-15,2022-02-24,-19 day ahead inc hosp,quantile,0.25,1813,COVID-19
DE-BY,00+,2022-03-15,2022-02-23,-20 day ahead inc hosp,quantile,0.25,1837,COVID-19
DE-BY,00+,2022-03-15,2022-02-22,-21 day ahead inc hosp,quantile,0.25,1830,COVID-19
DE-BY,00+,2022-03-15,2022-02-21,-22 day ahead inc hosp,quantile,0.25,1786,COVID-19
DE-BY,00+,2022-03-15,2022-02-20,-23 day ahead inc hosp,quantile,0.25,1774,COVID-19
DE-BY,00+,2022-03-15,2022-02-19,-24 day ahead inc hosp,quantile,0.25,1722,COVID-19
DE-BY,00+,2022-03-15,2022-02-18,-25 day ahead inc hosp,quantile,0.25,1726,COVID-19
DE-BY,00+,2022-03-15,2022-02-17,-26 day ahead inc hosp,quantile,0.25,1690,COVID-19
DE-BY,00+,2022-03-15,2022-02-16,-27 day ahead inc hosp,quantile,0.25,1628,COVID-19
DE-BY,00+,2022-03-15,2022-02-15,-28 day ahead inc hosp,quantile,0.25,1625,COVID-19
DE-BY,00+,2022-03-15,2022-03-15,0 day ahead inc hosp,quantile,0.5,1986,COVID-19
DE-BY,00+,2022-03-15,2022-03-14,-1 day ahead inc hosp,quantile,0.5,1940,COVID-19
DE-BY,00+,2022-03-15,2022-03-13,-2 day ahead inc hosp,quantile,0.5,1904,COVID-19
DE-BY,00+,2022-03-15,2022-03-12,-3 day ahead inc hosp,quantile,0.5,1846,COVID-19
DE-BY,00+,2022-03-15,2022-03-11,-4 day ahead inc hosp,quantile,0.5,1771,COVID-19
DE-BY,00+,2022-03-15,2022-03-10,-5 day ahead inc hosp,quantile,0.5,1695,COVID-19
DE-BY,00+,2022-03-15,2022-03-09,-6 day ahead inc hosp,quantile,0.5,1695,COVID-19
DE-BY,00+,2022-03-15,2022-03-08,-7 day ahead inc hosp,quantile,0.5,1648,COVID-19
DE-BY,00+,2022-03-15,2022-03-07,-8 day ahead inc hosp,quantile,0.5,1659,COVID-19
DE-BY,00+,2022-03-15,2022-03-06,-9 day ahead inc hosp,quantile,0.5,1655,COVID-19
DE-BY,00+,2022-03-15,2022-03-05,-10 day ahead inc hosp,quantile,0.5,1672,COVID-19
DE-BY,00+,2022-03-15,2022-03-04,-11 day ahead inc hosp,quantile,0.5,1652,COVID-19
DE-BY,00+,2022-03-15,2022-03-03,-12 day ahead inc hosp,quantile,0.5,1636,COVID-19
DE-BY,00+,2022-03-15,2022-03-02,-13 day ahead inc hosp,quantile,0.5,1631,COVID-19
DE-BY,00+,2022-03-15,2022-03-01,-14 day ahead inc hosp,quantile,0.5,1683,COVID-19
DE-BY,00+,2022-03-15,2022-02-28,-15 day ahead inc hosp,quantile,0.5,1716,COVID-19
DE-BY,00+,2022-03-15,2022-02-27,-16 day ahead inc hosp,quantile,0.5,1742,COVID-19
DE-BY,00+,2022-03-15,2022-02-26,-17 day ahead inc hosp,quantile,0.5,1753,COVID-19
DE-BY,00+,2022-03-15,2022-02-25,-18 day ahead inc hosp,quantile,0.5,1756,COVID-19
DE-BY,00+,2022-03-15,2022-02-24,-19 day ahead inc hosp,quantile,0.5,1822,COVID-19
DE-BY,00+,2022-03-15,2022-02-23,-20 day ahead inc hosp,quantile,0.5,1847,COVID-19
DE-BY,00+,2022-03-15,2022-02-22,-21 day ahead inc hosp,quantile,0.5,1839,COVID-19
DE-BY,00+,2022-03-15,2022-02-21,-22 day ahead inc hosp,quantile,0.5,1795,COVID-19
DE-BY,00+,2022-03-15,2022-02-20,-23 day ahead inc hosp,quantile,0.5,1782,COVID-19
DE-BY,00+,2022-03-15,2022-02-19,-24 day ahead inc hosp,quantile,0.5,1729,COVID-19
DE-BY,00+,2022-03-15,2022-02-18,-25 day ahead inc hosp,quantile,0.5,1733,COVID-19
DE-BY,00+,2022-03-15,2022-02-17,-26 day ahead inc hosp,quantile,0.5,1697,COVID-19
DE-BY,00+,2022-03-15,2022-02-16,-27 day ahead inc hosp,quantile,0.5,1634,COVID-19
DE-BY,00+,2022-03-15,2022-02-15,-28 day ahead inc hosp,quantile,0.5,1631,COVID-19
DE-BY,00+,2022-03-15,2022-03-15,0 day ahead inc hosp,quantile,0.75,2044,COVID-19
DE-BY,00+,2022-03-15,2022-03-14,-1 day ahead inc hosp,quantile,0.75,1987,COVID-19
DE-BY,00+,2022-03-15,2022-03-13,-2 day ahead inc hosp,quantile,0.75,1945,COVID-19
DE-BY,00+,2022-03-15,2022-03-12,-3 day ahead inc hosp,quantile,0.75,1881,COVID-19
DE-BY,00+,2022-03-15,2022-03-11,-4 day ahead inc hosp,quantile,0.75,1800,COVID-19
DE-BY,00+,2022-03-15,2022-03-10,-5 day ahead inc hosp,quantile,0.75,1719,COVID-19
DE-BY,00+,2022-03-15,2022-03-09,-6 day ahead inc hosp,quantile,0.75,1715,COVID-19
DE-BY,00+,2022-03-15,2022-03-08,-7 day ahead inc hosp,quantile,0.75,1666,COVID-19
DE-BY,00+,2022-03-15,2022-03-07,-8 day ahead inc hosp,quantile,0.75,1676,COVID-19
DE-BY,00+,2022-03-15,2022-03-06,-9 day ahead inc hosp,quantile,0.75,1672,COVID-19
DE-BY,00+,2022-03-15,2022-03-05,-10 day ahead inc hosp,quantile,0.75,1688,COVID-19
DE-BY,00+,2022-03-15,2022-03-04,-11 day ahead inc hosp,quantile,0.75,1667,COVID-19
DE-BY,00+,2022-03-15,2022-03-03,-12 day ahead inc hosp,quantile,0.75,1650,COVID-19
DE-BY,00+,2022-03-15,2022-03-02,-13 day ahead inc hosp,quantile,0.75,1645,COVID-19
DE-BY,00+,2022-03-15,2022-03-01,-14 day ahead inc hosp,quantile,0.75,1696,COVID-19
DE-BY,00+,2022-03-15,2022-02-28,-15 day ahead inc hosp,quantile,0.75,1728,COVID-19
DE-BY,00+,2022-03-15,2022-02-27,-16 day ahead inc hosp,quantile,0.75,1754,COVID-19
DE-BY,00+,2022-03-15,2022-02-26,-17 day ahead inc hosp,quantile,0.75,1765,COVID-19
DE-BY,00+,2022-03-15,2022-02-25,-18 day ahead inc hosp,quantile,0.75,1767,COVID-19
DE-BY,00+,2022-03-15,2022-02-24,-19 day ahead inc hosp,quantile,0.75,1833,COVID-19
DE-BY,00+,2022-03-15,2022-02-23,-20 day ahead inc hosp,quantile,0.75,1856,COVID-19
DE-BY,00+,2022-03-15,2022-02-22,-21 day ahead inc hosp,quantile,0.75,1848,COVID-19
DE-BY,00+,2022-03-15,2022-02-21,-22 day ahead inc hosp,quantile,0.75,1804,COVID-19
DE-BY,00+,2022-03-15,2022-02-20,-23 day ahead inc hosp,quantile,0.75,1791,COVID-19
DE-BY,00+,2022-03-15,2022-02-19,-24 day ahead inc hosp,quantile,0.75,1738,COVID-19
DE-BY,00+,2022-03-15,2022-02-18,-25 day ahead inc hosp,quantile,0.75,1741,COVID-19
DE-BY,00+,2022-03-15,2022-02-17,-26 day ahead inc hosp,quantile,0.75,1704,COVID-19
DE-BY,00+,2022-03-15,2022-02-16,-27 day ahead inc hosp,quantile,0.75,1641,COVID-19
DE-BY,00+,2022-03-15,2022-02-15,-28 day ahead inc hosp,quantile,0.75,1637,COVID-19
DE-BY,00+,2022-03-15,2022-03-15,0 day ahead inc hosp,quantile,0.9,2102,COVID-19
DE-BY,00+,2022-03-15,2022-03-14,-1 day ahead inc hosp,quantile,0.9,2031,COVID-19
DE-BY,00+,2022-03-15,2022-03-13,-2 day ahead inc hosp,quantile,0.9,1985,COVID-19
DE-BY,00+,2022-03-15,2022-03-12,-3 day ahead inc hosp,quantile,0.9,1913,COVID-19
DE-BY,00+,2022-03-15,2022-03-11,-4 day ahead inc hosp,quantile,0.9,1826,COVID-19
DE-BY,00+,2022-03-15,2022-03-10,-5 day ahead inc hosp,quantile,0.9,1740,COVID-19
DE-BY,00+,2022-03-15,2022-03-09,-6 day ahead inc hosp,quantile,0.9,1735,COVID-19
DE-BY,00+,2022-03-15,2022-03-08,-7 day ahead inc hosp,quantile,0.9,1683,COVID-19
DE-BY,00+,2022-03-15,2022-03-07,-8 day ahead inc hosp,quantile,0.9,1693,COVID-19
DE-BY,00+,2022-03-15,2022-03-06,-9 day ahead inc hosp,quantile,0.9,1687,COVID-19
DE-BY,00+,2022-03-15,2022-03-05,-10 day ahead inc hosp,quantile,0.9,1703,COVID-19
DE-BY,00+,2022-03-15,2022-03-04,-11 day ahead inc hosp,quantile,0.9,1681,COVID-19
DE-BY,00+,2022-03-15,2022-03-03,-12 day ahead inc hosp,quantile,0.9,1663,COVID-19
DE-BY,00+,2022-03-15,2022-03-02,-13 day ahead inc hosp,quantile,0.9,1657,COVID-19
DE-BY,00+,2022-03-15,2022-03-01,-14 day ahead inc hosp,quantile,0.9,1708,COVID-19
DE-BY,00+,2022-03-15,2022-02-28,-15 day ahead inc hosp,quantile,0.9,1739,COVID-19
DE-BY,00+,2022-03-15,2022-02-27,-16 day ahead inc hosp,quantile,0.9,1765,COVID-19
DE-BY,00+,2022-03-15,2022-02-26,-17 day ahead inc hosp,quantile,0.9,1775,COVID-19
DE-BY,00+,2022-03-15,2022-02-25,-18 day ahead inc hosp,quantile,0.9,1778,COVID-19
DE-BY,00+,2022-03-15,2022-02-24,-19 day ahead inc hosp,quantile,0.9,1843,COVID-19
DE-BY,00+,2022-03-15,2022-02-23,-20 day ahead inc hosp,quantile,0.9,1866,COVID-19
DE-BY,00+,2022-03-15,2022-02-22,-21 day ahead inc hosp,quantile,0.9,1857,COVID-19
DE-BY,00+,2022-03-15,2022-02-21,-22 day ahead inc hosp,quantile,0.9,1812,COVID-19
DE-BY,00+,2022-03-15,2022-02-20,-23 day ahead inc hosp,quantile,0.9,1799,COVID-19
DE-BY,00+,2022-03-15,2022-02-19,-24 day ahead inc hosp,quantile,0.9,1745,COVID-19
DE-BY,00+,2022-03-15,2022-02-18,-25 day ahead inc hosp,quantile,0.9,1749,COVID-19
DE-BY,00+,2022-03-15,2022-02-17,-26 day ahead inc hosp,quantile,0.9,1712,COVID-19
DE-BY,00+,2022-03-15,2022-02-16,-27 day ahead inc hosp,quantile,0.9,1647,COVID-19
DE-BY,00+,2022-03-15,2022-02-15,-28 day ahead inc hosp,quantile,0.9,1643,COVID-19
DE-BY,00+,2022-03-15,2022-03-15,0 day ahead inc hosp,quantile,0.975,2171,COVID-19
DE-BY,00+,2022-03-15,2022-03-14,-1 day ahead inc hosp,quantile,0.975,2084,COVID-19
DE-BY,00+,2022-03-15,2022-03-13,-2 day ahead inc hosp,quantile,0.975,2031,COVID-19
DE-BY,00+,2022-03-15,2022-03-12,-3 day ahead inc hosp,quantile,0.975,1952,COVID-19
DE-BY,00+,2022-03-15,2022-03-11,-4 day ahead inc hosp,quantile,0.975,1858,COVID-19
DE-BY,00+,2022-03-15,2022-03-10,-5 day ahead inc hosp,quantile,0.975,1765,COVID-19
DE-BY,00+,2022-03-15,2022-03-09,-6 day ahead inc hosp,quantile,0.975,1756,COVID-19
DE-BY,00+,2022-03-15,2022-03-08,-7 day ahead inc hosp,quantile,0.975,1703,COVID-19
DE-BY,00+,2022-03-15,2022-03-07,-8 day ahead inc hosp,quantile,0.975,1711,COVID-19
DE-BY,00+,2022-03-15,2022-03-06,-9 day ahead inc hosp,quantile,0.975,1705,COVID-19
DE-BY,00+,2022-03-15,2022-03-05,-10 day ahead inc hosp,quantile,0.975,1719,COVID-19
DE-BY,00+,2022-03-15,2022-03-04,-11 day ahead inc hosp,quantile,0.975,1697,COVID-19
DE-BY,00+,2022-03-15,2022-03-03,-12 day ahead inc hosp,quantile,0.975,1678,COVID-19
DE-BY,00+,2022-03-15,2022-03-02,-13 day ahead inc hosp,quantile,0.975,1670,COVID-19
DE-BY,00+,2022-03-15,2022-03-01,-14 day ahead inc hosp,quantile,0.975,1721,COVID-19
DE-BY,00+,2022-03-15,2022-02-28,-15 day ahead inc hosp,quantile,0.975,1752,COVID-19
DE-BY,00+,2022-03-15,2022-02-27,-16 day ahead inc hosp,quantile,0.975,1777,COVID-19
DE-BY,00+,2022-03-15,2022-02-26,-17 day ahead inc hosp,quantile,0.975,1788,COVID-19
DE-BY,00+,2022-03-15,2022-02-25,-18 day ahead inc hosp,quantile,0.975,1789,COVID-19
DE-BY,00+,2022-03-15,2022-02-24,-19 day ahead inc hosp,quantile,0.975,1854,COVID-19
DE-BY,00+,2022-03-15,2022-02-23,-20 day ahead inc hosp,quantile,0.975,1877,COVID-19
DE-BY,00+,2022-03-15,2022-02-22,-21 day ahead inc hosp,quantile,0.975,1868,COVID-19
DE-BY,00+,2022-03-15,2022-02-21,-22 day ahead inc hosp,quantile,0.975,1822,COVID-19
DE-BY,00+,2022-03-15,2022-02-20,-23 day ahead inc hosp,quantile,0.975,1809,COVID-19
DE-BY,00+,2022-03-15,2022-02-19,-24 day ahead inc hosp,quantile,0.975,1755,COVID-19
DE-BY,00+,2022-03-15,2022-02-18,-25 day ahead inc hosp,quantile,0.975,1758,COVID-19
DE-BY,00+,2022-03-15,2022-02-17,-26 day ahead inc hosp,quantile,0.975,1720,COVID-19
DE-BY,00+,2022-03-15,2022-02-16,-27 day ahead inc hosp,quantile,0.975,1655,COVID-19
DE-BY,00+,2022-03-15,2022-02-15,-28 day ahead inc hosp,quantile,0.975,1651,COVID-19
DE-HB,00+,2022-03-15,2022-03-15,0 day ahead inc hosp,mean,NA,32.5,COVID-19
DE-HB,00+,2022-03-15,2022-03-14,-1 day ahead inc hosp,mean,NA,26.8,COVID-19
DE-HB,00+,2022-03-15,2022-03-13,-2 day ahead inc hosp,mean,NA,24.1,COVID-19
DE-HB,00+,2022-03-15,2022-03-12,-3 day ahead inc hosp,mean,NA,22.5,COVID-19
DE-HB,00+,2022-03-15,2022-03-11,-4 day ahead inc hosp,mean,NA,24.2,COVID-19
DE-HB,00+,2022-03-15,2022-03-10,-5 day ahead inc hosp,mean,NA,27.4,COVID-19
DE-HB,00+,2022-03-15,2022-03-09,-6 day ahead inc hosp,mean,NA,23.4,COVID-19
DE-HB,00+,2022-03-15,2022-03-08,-7 day ahead inc hosp,mean,NA,19.6,COVID-19
DE-HB,00+,2022-03-15,2022-03-07,-8 day ahead inc hosp,mean,NA,15.1,COVID-19
DE-HB,00+,2022-03-15,2022-03-06,-9 day ahead inc hosp,mean,NA,15,COVID-19
DE-HB,00+,2022-03-15,2022-03-05,-10 day ahead inc hosp,mean,NA,16.1,COVID-19
DE-HB,00+,2022-03-15,2022-03-04,-11 day ahead inc hosp,mean,NA,19,COVID-19
DE-HB,00+,2022-03-15,2022-03-03,-12 day ahead inc hosp,mean,NA,16.5,COVID-19
DE-HB,00+,2022-03-15,2022-03-02,-13 day ahead inc hosp,mean,NA,23.9,COVID-19
DE-HB,00+,2022-03-15,2022-03-01,-14 day ahead inc hosp,mean,NA,23.8,COVID-19
DE-HB,00+,2022-03-15,2022-02-28,-15 day ahead inc hosp,mean,NA,31,COVID-19
DE-HB,00+,2022-03-15,2022-02-27,-16 day ahead inc hosp,mean,NA,33,COVID-19
DE-HB,00+,2022-03-15,2022-02-26,-17 day ahead inc hosp,mean,NA,34,COVID-19
DE-HB,00+,2022-03-15,2022-02-25,-18 day ahead inc hosp,mean,NA,28.4,COVID-19
DE-HB,00+,2022-03-15,2022-02-24,-19 day ahead inc hosp,mean,NA,27.2,COVID-19
DE-HB,00+,2022-03-15,2022-02-23,-20 day ahead inc hosp,mean,NA,25.8,COVID-19
DE-HB,00+,2022-03-15,2022-02-22,-21 day ahead inc hosp,mean,NA,28.8,COVID-19
DE-HB,00+,2022-03-15,2022-02-21,-22 day ahead inc hosp,mean,NA,35.7,COVID-19
DE-HB,00+,2022-03-15,2022-02-20,-23 day ahead inc hosp,mean,NA,36.6,COVID-19
DE-HB,00+,2022-03-15,2022-02-19,-24 day ahead inc hosp,mean,NA,35.6,COVID-19
DE-HB,00+,2022-03-15,2022-02-18,-25 day ahead inc hosp,mean,NA,37.5,COVID-19
DE-HB,00+,2022-03-15,2022-02-17,-26 day ahead inc hosp,mean,NA,41.5,COVID-19
DE-HB,00+,2022-03-15,2022-02-16,-27 day ahead inc hosp,mean,NA,40.4,COVID-19
DE-HB,00+,2022-03-15,2022-02-15,-28 day ahead inc hosp,mean,NA,46.3,COVID-19
DE-HE,00+,2022-03-15,2022-03-15,0 day ahead inc hosp,mean,NA,623.7,COVID-19
DE-HE,00+,2022-03-15,2022-03-14,-1 day ahead inc hosp,mean,NA,641.9,COVID-19
DE-HE,00+,2022-03-15,2022-03-13,-2 day ahead inc hosp,mean,NA,653.9,COVID-19
DE-HE,00+,2022-03-15,2022-03-12,-3 day ahead inc hosp,mean,NA,657.3,COVID-19
DE-HE,00+,2022-03-15,2022-03-11,-4 day ahead inc hosp,mean,NA,638,COVID-19
DE-HE,00+,2022-03-15,2022-03-10,-5 day ahead inc hosp,mean,NA,624.8,COVID-19
DE-HE,00+,2022-03-15,2022-03-09,-6 day ahead inc hosp,mean,NA,637.2,COVID-19
DE-HE,00+,2022-03-15,2022-03-08,-7 day ahead inc hosp,mean,NA,649,COVID-19
DE-HE,00+,2022-03-15,2022-03-07,-8 day ahead inc hosp,mean,NA,636.9,COVID-19
DE-HE,00+,2022-03-15,2022-03-06,-9 day ahead inc hosp,mean,NA,634.5,COVID-19
DE-HE,00+,2022-03-15,2022-03-05,-10 day ahead inc hosp,mean,NA,656.3,COVID-19
DE-HE,00+,2022-03-15,2022-03-04,-11 day ahead inc hosp,mean,NA,630,COVID-19
DE-HE,00+,2022-03-15,2022-03-03,-12 day ahead inc hosp,mean,NA,657,COVID-19
DE-HE,00+,2022-03-15,2022-03-02,-13 day ahead inc hosp,mean,NA,695.1,COVID-19
DE-HE,00+,2022-03-15,2022-03-01,-14 day ahead inc hosp,mean,NA,697,COVID-19
DE-HE,00+,2022-03-15,2022-02-28,-15 day ahead inc hosp,mean,NA,721,COVID-19
DE-HE,00+,2022-03-15,2022-02-27,-16 day ahead inc hosp,mean,NA,732.1,COVID-19
DE-HE,00+,2022-03-15,2022-02-26,-17 day ahead inc hosp,mean,NA,707.5,COVID-19
DE-HE,00+,2022-03-15,2022-02-25,-18 day ahead inc hosp,mean,NA,705,COVID-19
DE-HE,00+,2022-03-15,2022-02-24,-19 day ahead inc hosp,mean,NA,714.9,COVID-19
DE-HE,00+,2022-03-15,2022-02-23,-20 day ahead inc hosp,mean,NA,689.4,COVID-19
DE-HE,00+,2022-03-15,2022-02-22,-21 day ahead inc hosp,mean,NA,721.5,COVID-19
DE-HE,00+,2022-03-15,2022-02-21,-22 day ahead inc hosp,mean,NA,743,COVID-19
DE-HE,00+,2022-03-15,2022-02-20,-23 day ahead inc hosp,mean,NA,744.7,COVID-19
DE-HE,00+,2022-03-15,2022-02-19,-24 day ahead inc hosp,mean,NA,750.9,COVID-19
DE-HE,00+,2022-03-15,2022-02-18,-25 day ahead inc hosp,mean,NA,786,COVID-19
DE-HE,00+,2022-03-15,2022-02-17,-26 day ahead inc hosp,mean,NA,786.8,COVID-19
DE-HE,00+,2022-03-15,2022-02-16,-27 day ahead inc hosp,mean,NA,848,COVID-19
DE-HE,00+,2022-03-15,2022-02-15,-28 day ahead inc hosp,mean,NA,872.6,COVID-19
DE-HE,00+,2022-03-15,2022-03-15,0 day ahead inc hosp,quantile,0.025,572,COVID-19
DE-HE,00+,2022-03-15,2022-03-14,-1 day ahead inc hosp,quantile,0.025,599,COVID-19
DE-HE,00+,2022-03-15,2022-03-13,-2 day ahead inc hosp,quantile,0.025,612,COVID-19
DE-HE,00+,2022-03-15,2022-03-12,-3 day ahead inc hosp,quantile,0.025,620,COVID-19
DE-HE,00+,2022-03-15,2022-03-11,-4 day ahead inc hosp,quantile,0.025,609,COVID-19
DE-HE,00+,2022-03-15,2022-03-10,-5 day ahead inc hosp,quantile,0.025,599,COVID-19
DE-HE,00+,2022-03-15,2022-03-09,-6 day ahead inc hosp,quantile,0.025,613,COVID-19
DE-HE,00+,2022-03-15,2022-03-08,-7 day ahead inc hosp,quantile,0.025,626,COVID-19
DE-HE,00+,2022-03-15,2022-03-07,-8 day ahead inc hosp,quantile,0.025,616,COVID-19
DE-HE,00+,2022-03-15,2022-03-06,-9 day ahead inc hosp,quantile,0.025,614,COVID-19
DE-HE,00+,2022-03-15,2022-03-05,-10 day ahead inc hosp,quantile,0.025,637,COVID-19
DE-HE,00+,2022-03-15,2022-03-04,-11 day ahead inc hosp,quantile,0.025,613,COVID-19
DE-HE,00+,2022-03-15,2022-03-03,-12 day ahead inc hosp,quantile,0.025,640,COVID-19
DE-HE,00+,2022-03-15,2022-03-02,-13 day ahead inc hosp,quantile,0.025,679,COVID-19
DE-HE,00+,2022-03-15,2022-03-01,-14 day ahead inc hosp,quantile,0.025,682,COVID-19
DE-HE,00+,2022-03-15,2022-02-28,-15 day ahead inc hosp,quantile,0.025,706,COVID-19
DE-HE,00+,2022-03-15,2022-02-27,-16 day ahead inc hosp,quantile,0.025,718,COVID-19
DE-HE,00+,2022-03-15,2022-02-26,-17 day ahead inc hosp,quantile,0.025,694,COVID-19
DE-HE,00+,2022-03-15,2022-02-25,-18 day ahead inc hosp,quantile,0.025,693,COVID-19
DE-HE,00+,2022-03-15,2022-02-24,-19 day ahead inc hosp,quantile,0.025,704,COVID-19
DE-HE,00+,2022-03-15,2022-02-23,-20 day ahead inc hosp,quantile,0.025,680,COVID-19
DE-HE,00+,2022-03-15,2022-02-22,-21 day ahead inc hosp,quantile,0.025,713,COVID-19
DE-HE,00+,2022-03-15,2022-02-21,-22 day ahead inc hosp,quantile,0.025,734,COVID-19
DE-HE,00+,2022-03-15,2022-02-20,-23 day ahead inc hosp,quantile,0.025,737,COVID-19
DE-HE,00+,2022-03-15,2022-02-19,-24 day ahead inc hosp,quantile,0.025,743,COVID-19
DE-HE,00+,2022-03-15,2022-02-18,-25 day ahead inc hosp,quantile,0.025,779,COVID-19
DE-HE,00+,2022-03-15,2022-02-17,-26 day ahead inc hosp,quantile,0.025,780,COVID-19
DE-HE,00+,2022-03-15,2022-02-16,-27 day ahead inc hosp,quantile,0.025,842,COVID-19
DE-HE,00+,2022-03-15,2022-02-15,-28 day ahead inc hosp,quantile,0.025,867,COVID-19
DE-HE,00+,2022-03-15,2022-03-15,0 day ahead inc hosp,quantile,0.1,590,COVID-19
DE-HE,00+,2022-03-15,2022-03-14,-1 day ahead inc hosp,quantile,0.1,613,COVID-19
DE-HE,00+,2022-03-15,2022-03-13,-2 day ahead inc hosp,quantile,0.1,627,COVID-19
DE-HE,00+,2022-03-15,2022-03-12,-3 day ahead inc hosp,quantile,0.1,633,COVID-19
DE-HE,00+,2022-03-15,2022-03-11,-4 day ahead inc hosp,quantile,0.1,619,COVID-19
DE-HE,00+,2022-03-15,2022-03-10,-5 day ahead inc hosp,quantile,0.1,608,COVID-19
DE-HE,00+,2022-03-15,2022-03-09,-6 day ahead inc hosp,quantile,0.1,621,COVID-19
DE-HE,00+,2022-03-15,2022-03-08,-7 day ahead inc hosp,quantile,0.1,634,COVID-19
DE-HE,00+,2022-03-15,2022-03-07,-8 day ahead inc hosp,quantile,0.1,623,COVID-19
DE-HE,00+,2022-03-15,2022-03-06,-9 day ahead inc hosp,quantile,0.1,621,COVID-19
DE-HE,00+,2022-03-15,2022-03-05,-10 day ahead inc hosp,quantile,0.1,643,COVID-19
DE-HE,00+,2022-03-15,2022-03-04,-11 day ahead inc hosp,quantile,0.1,618,COVID-19
DE-HE,00+,2022-03-15,2022-03-03,-12 day ahead inc hosp,quantile,0.1,646,COVID-19
DE-HE,00+,2022-03-15,2022-03-02,-13 day ahead inc hosp,quantile,0.1,685,COVID-19
DE-HE,00+,2022-03-15,2022-03-01,-14 day ahead inc hosp,quantile,0.1,687,COVID-19
DE-HE,00+,2022-03-15,2022-02-28,-15 day ahead inc hosp,quantile,0.1,711,COVID-19
DE-HE,00+,2022-03-15,2022-02-27,-16 day ahead inc hosp,quantile,0.1,722,COVID-19
DE-HE,00+,2022-03-15,2022-02-26,-17 day ahead inc hosp,quantile,0.1,699,COVID-19
DE-HE,00+,2022-03-15,2022-02-25,-18 day ahead inc hosp,quantile,0.1,697,COVID-19
DE-HE,00+,2022-03-15,2022-02-24,-19 day ahead inc hosp,quantile,0.1,708,COVID-19
DE-HE,00+,2022-03-15,2022-02-23,-20 day ahead inc hosp,quantile,0.1,683,COVID-19
DE-HE,00+,2022-03-15,2022-02-22,-21 day ahead inc hosp,quantile,0.1,715,COVID-19
DE-HE,00+,2022-03-15,2022-02-21,-22 day ahead inc hosp,quantile,0.1,737,COVID-19
DE-HE,00+,2022-03-15,2022-02-20,-23 day ahead inc hosp,quantile,0.1,739,COVID-19
DE-HE,00+,2022-03-15,2022-02-19,-24 day ahead inc hosp,quantile,0.1,746,COVID-19
DE-HE,00+,2022-03-15,2022-02-18,-25 day ahead inc hosp,quantile,0.1,781,COVID-19
DE-HE,00+,2022-03-15,2022-02-17,-26 day ahead inc hosp,quantile,0.1,782,COVID-19
DE-HE,00+,2022-03-15,2022-02-16,-27 day ahead inc hosp,quantile,0.1,844,COVID-19
DE-HE,00+,2022-03-15,2022-02-15,-28 day ahead inc hosp,quantile,0.1,869,COVID-19
DE-HE,00+,2022-03-15,2022-03-15,0 day ahead inc hosp,quantile,0.25,606,COVID-19
DE-HE,00+,2022-03-15,2022-03-14,-1 day ahead inc hosp,quantile,0.25,627,COVID-19
DE-HE,00+,2022-03-15,2022-03-13,-2 day ahead inc hosp,quantile,0.25,640,COVID-19
DE-HE,00+,2022-03-15,2022-03-12,-3 day ahead inc hosp,quantile,0.25,644,COVID-19
DE-HE,00+,2022-03-15,2022-03-11,-4 day ahead inc hosp,quantile,0.25,628,COVID-19
DE-HE,00+,2022-03-15,2022-03-10,-5 day ahead inc hosp,quantile,0.25,616,COVID-19
DE-HE,00+,2022-03-15,2022-03-09,-6 day ahead inc hosp,quantile,0.25,629,COVID-19
DE-HE,00+,2022-03-15,2022-03-08,-7 day ahead inc hosp,quantile,0.25,641,COVID-19
DE-HE,00+,2022-03-15,2022-03-07,-8 day ahead inc hosp,quantile,0.25,630,COVID-19
DE-HE,00+,2022-03-15,2022-03-06,-9 day ahead inc hosp,quantile,0.25,628,COVID-19
DE-HE,00+,2022-03-15,2022-03-05,-10 day ahead inc hosp,quantile,0.25,650,COVID-19
DE-HE,00+,2022-03-15,2022-03-04,-11 day ahead inc hosp,quantile,0.25,624,COVID-19
DE-HE,00+,2022-03-15,2022-03-03,-12 day ahead inc hosp,quantile,0.25,651,COVID-19
DE-HE,00+,2022-03-15,2022-03-02,-13 day ahead inc hosp,quantile,0.25,690,COVID-19
DE-HE,00+,2022-03-15,2022-03-01,-14 day ahead inc hosp,quantile,0.25,692,COVID-19
DE-HE,00+,2022-03-15,2022-02-28,-15 day ahead inc hosp,quantile,0.25,716,COVID-19
DE-HE,00+,2022-03-15,2022-02-27,-16 day ahead inc hosp,quantile,0.25,727,COVID-19
DE-HE,00+,2022-03-15,2022-02-26,-17 day ahead inc hosp,quantile,0.25,703,COVID-19
DE-HE,00+,2022-03-15,2022-02-25,-18 day ahead inc hosp,quantile,0.25,701,COVID-19
DE-HE,00+,2022-03-15,2022-02-24,-19 day ahead inc hosp,quantile,0.25,711,COVID-19
DE-HE,00+,2022-03-15,2022-02-23,-20 day ahead inc hosp,quantile,0.25,686,COVID-19
DE-HE,00+,2022-03-15,2022-02-22,-21 day ahead inc hosp,quantile,0.25,718,COVID-19
DE-HE,00+,2022-03-15,2022-02-21,-22 day ahead inc hosp,quantile,0.25,740,COVID-19
DE-HE,00+,2022-03-15,2022-02-20,-23 day ahead inc hosp,quantile,0.25,742,COVID-19
DE-HE,00+,2022-03-15,2022-02-19,-24 day ahead inc hosp,quantile,0.25,748,COVID-19
DE-HE,00+,2022-03-15,2022-02-18,-25 day ahead inc hosp,quantile,0.25,783,COVID-19
DE-HE,00+,2022-03-15,2022-02-17,-26 day ahead inc hosp,quantile,0.25,785,COVID-19
DE-HE,00+,2022-03-15,2022-02-16,-27 day ahead inc hosp,quantile,0.25,846,COVID-19
DE-HE,00+,2022-03-15,2022-02-15,-28 day ahead inc hosp,quantile,0.25,871,COVID-19
DE-HE,00+,2022-03-15,2022-03-15,0 day ahead inc hosp,quantile,0.5,625,COVID-19
DE-HE,00+,2022-03-15,2022-03-14,-1 day ahead inc hosp,quantile,0.5,643,COVID-19
DE-HE,00+,2022-03-15,2022-03-13,-2 day ahead inc hosp,quantile,0.5,655,COVID-19
DE-HE,00+,2022-03-15,2022-03-12,-3 day ahead inc hosp,quantile,0.5,658,COVID-19
DE-HE,00+,2022-03-15,2022-03-11,-4 day ahead inc hosp,quantile,0.5,639,COVID-19
DE-HE,00+,2022-03-15,2022-03-10,-5 day ahead inc hosp,quantile,0.5,626,COVID-19
DE-HE,00+,2022-03-15,2022-03-09,-6 day ahead inc hosp,quantile,0.5,638,COVID-19
DE-HE,00+,2022-03-15,2022-03-08,-7 day ahead inc hosp,quantile,0.5,650,COVID-19
DE-HE,00+,2022-03-15,2022-03-07,-8 day ahead inc hosp,quantile,0.5,638,COVID-19
DE-HE,00+,2022-03-15,2022-03-06,-9 day ahead inc hosp,quantile,0.5,635,COVID-19
DE-HE,00+,2022-03-15,2022-03-05,-10 day ahead inc hosp,quantile,0.5,657,COVID-19
DE-HE,00+,2022-03-15,2022-03-04,-11 day ahead inc hosp,quantile,0.5,631,COVID-19
DE-HE,00+,2022-03-15,2022-03-03,-12 day ahead inc hosp,quantile,0.5,658,COVID-19
DE-HE,00+,2022-03-15,2022-03-02,-13 day ahead inc hosp,quantile,0.5,696,COVID-19
DE-HE,00+,2022-03-15,2022-03-01,-14 day ahead inc hosp,quantile,0.5,697,COVID-19
DE-HE,00+,2022-03-15,2022-02-28,-15 day ahead inc hosp,quantile,0.5,722,COVID-19
DE-HE,00+,2022-03-15,2022-02-27,-16 day ahead inc hosp,quantile,0.5,733,COVID-19
DE-HE,00+,2022-03-15,2022-02-26,-17 day ahead inc hosp,quantile,0.5,708,COVID-19
DE-HE,00+,2022-03-15,2022-02-25,-18 day ahead inc hosp,quantile,0.5,705,COVID-19
DE-HE,00+,2022-03-15,2022-02-24,-19 day ahead inc hosp,quantile,0.5,715,COVID-19
DE-HE,00+,2022-03-15,2022-02-23,-20 day ahead inc hosp,quantile,0.5,690,COVID-19
DE-HE,00+,2022-03-15,2022-02-22,-21 day ahead inc hosp,quantile,0.5,722,COVID-19
DE-HE,00+,2022-03-15,2022-02-21,-22 day ahead inc hosp,quantile,0.5,743,COVID-19
DE-HE,00+,2022-03-15,2022-02-20,-23 day ahead inc hosp,quantile,0.5,745,COVID-19
DE-HE,00+,2022-03-15,2022-02-19,-24 day ahead inc hosp,quantile,0.5,751,COVID-19
DE-HE,00+,2022-03-15,2022-02-18,-25 day ahead inc hosp,quantile,0.5,786,COVID-19
DE-HE,00+,2022-03-15,2022-02-17,-26 day ahead inc hosp,quantile,0.5,787,COVID-19
DE-HE,00+,2022-03-15,2022-02-16,-27 day ahead inc hosp,quantile,0.5,848,COVID-19
DE-HE,00+,2022-03-15,2022-02-15,-28 day ahead inc hosp,quantile,0.5,873,COVID-19
DE-HE,00+,2022-03-15,2022-03-15,0 day ahead inc hosp,quantile,0.75,645,COVID-19
DE-HE,00+,2022-03-15,2022-03-14,-1 day ahead inc hosp,quantile,0.75,660,COVID-19
DE-HE,00+,2022-03-15,2022-03-13,-2 day ahead inc hosp,quantile,0.75,671,COVID-19
DE-HE,00+,2022-03-15,2022-03-12,-3 day ahead inc hosp,quantile,0.75,673,COVID-19
DE-HE,00+,2022-03-15,2022-03-11,-4 day ahead inc hosp,quantile,0.75,650,COVID-19
DE-HE,00+,2022-03-15,2022-03-10,-5 day ahead inc hosp,quantile,0.75,635,COVID-19
DE-HE,00+,2022-03-15,2022-03-09,-6 day ahead inc hosp,quantile,0.75,647,COVID-19
DE-HE,00+,2022-03-15,2022-03-08,-7 day ahead inc hosp,quantile,0.75,658,COVID-19
DE-HE,00+,2022-03-15,2022-03-07,-8 day ahead inc hosp,quantile,0.75,646,COVID-19
DE-HE,00+,2022-03-15,2022-03-06,-9 day ahead inc hosp,quantile,0.75,643,COVID-19
DE-HE,00+,2022-03-15,2022-03-05,-10 day ahead inc hosp,quantile,0.75,664,COVID-19
DE-HE,00+,2022-03-15,2022-03-04,-11 day ahead inc hosp,quantile,0.75,637,COVID-19
DE-HE,00+,2022-03-15,2022-03-03,-12 day ahead inc hosp,quantile,0.75,664,COVID-19
DE-HE,00+,2022-03-15,2022-03-02,-13 day ahead inc hosp,quantile,0.75,702,COVID-19
DE-HE,00+,2022-03-15,2022-03-01,-14 day ahead inc hosp,quantile,0.75,703,COVID-19
DE-HE,00+,2022-03-15,2022-02-28,-15 day ahead inc hosp,quantile,0.75,727,COVID-19
DE-HE,00+,2022-03-15,2022-02-27,-16 day ahead inc hosp,quantile,0.75,738,COVID-19
DE-HE,00+,2022-03-15,2022-02-26,-17 day ahead inc hosp,quantile,0.75,713,COVID-19
DE-HE,00+,2022-03-15,2022-02-25,-18 day ahead inc hosp,quantile,0.75,710,COVID-19
DE-HE,00+,2022-03-15,2022-02-24,-19 day ahead inc hosp,quantile,0.75,720,COVID-19
DE-HE,00+,2022-03-15,2022-02-23,-20 day ahead inc hosp,quantile,0.75,694,COVID-19
DE-HE,00+,2022-03-15,2022-02-22,-21 day ahead inc hosp,quantile,0.75,726,COVID-19
DE-HE,00+,2022-03-15,2022-02-21,-22 day ahead inc hosp,quantile,0.75,747,COVID-19
DE-HE,00+,2022-03-15,2022-02-20,-23 day ahead inc hosp,quantile,0.75,748,COVID-19
DE-HE,00+,2022-03-15,2022-02-19,-24 day ahead inc hosp,quantile,0.75,754,COVID-19
DE-HE,00+,2022-03-15,2022-02-18,-25 day ahead inc hosp,quantile,0.75,789,COVID-19
DE-HE,00+,2022-03-15,2022-02-17,-26 day ahead inc hosp,quantile,0.75,790,COVID-19
DE-HE,00+,2022-03-15,2022-02-16,-27 day ahead inc hosp,quantile,0.75,851,COVID-19
DE-HE,00+,2022-03-15,2022-02-15,-28 day ahead inc hosp,quantile,0.75,875,COVID-19
DE-HE,00+,2022-03-15,2022-03-15,0 day ahead inc hosp,quantile,0.9,664,COVID-19
DE-HE,00+,2022-03-15,2022-03-14,-1 day ahead inc hosp,quantile,0.9,676,COVID-19
DE-HE,00+,2022-03-15,2022-03-13,-2 day ahead inc hosp,quantile,0.9,687,COVID-19
DE-HE,00+,2022-03-15,2022-03-12,-3 day ahead inc hosp,quantile,0.9,687,COVID-19
DE-HE,00+,2022-03-15,2022-03-11,-4 day ahead inc hosp,quantile,0.9,661,COVID-19
DE-HE,00+,2022-03-15,2022-03-10,-5 day ahead inc hosp,quantile,0.9,644,COVID-19
DE-HE,00+,2022-03-15,2022-03-09,-6 day ahead inc hosp,quantile,0.9,656,COVID-19
DE-HE,00+,2022-03-15,2022-03-08,-7 day ahead inc hosp,quantile,0.9,666,COVID-19
DE-HE,00+,2022-03-15,2022-03-07,-8 day ahead inc hosp,quantile,0.9,653,COVID-19
DE-HE,00+,2022-03-15,2022-03-06,-9 day ahead inc hosp,quantile,0.9,650,COVID-19
DE-HE,00+,2022-03-15,2022-03-05,-10 day ahead inc hosp,quantile,0.9,672,COVID-19
DE-HE,00+,2022-03-15,2022-03-04,-11 day ahead inc hosp,quantile,0.9,644,COVID-19
DE-HE,00+,2022-03-15,2022-03-03,-12 day ahead inc hosp,quantile,0.9,670,COVID-19
DE-HE,00+,2022-03-15,2022-03-02,-13 day ahead inc hosp,quantile,0.9,708,COVID-19
DE-HE,00+,2022-03-15,2022-03-01,-14 day ahead inc hosp,quantile,0.9,709,COVID-19
DE-HE,00+,2022-03-15,2022-02-28,-15 day ahead inc hosp,quantile,0.9,733,COVID-19
DE-HE,00+,2022-03-15,2022-02-27,-16 day ahead inc hosp,quantile,0.9,743,COVID-19
DE-HE,00+,2022-03-15,2022-02-26,-17 day ahead inc hosp,quantile,0.9,718,COVID-19
DE-HE,00+,2022-03-15,2022-02-25,-18 day ahead inc hosp,quantile,0.9,715,COVID-19
DE-HE,00+,2022-03-15,2022-02-24,-19 day ahead inc hosp,quantile,0.9,724,COVID-19
DE-HE,00+,2022-03-15,2022-02-23,-20 day ahead inc hosp,quantile,0.9,698,COVID-19
DE-HE,00+,2022-03-15,2022-02-22,-21 day ahead inc hosp,quantile,0.9,729,COVID-19
DE-HE,00+,2022-03-15,2022-02-21,-22 day ahead inc hosp,quantile,0.9,750,COVID-19
DE-HE,00+,2022-03-15,2022-02-20,-23 day ahead inc hosp,quantile,0.9,752,COVID-19
DE-HE,00+,2022-03-15,2022-02-19,-24 day ahead inc hosp,quantile,0.9,758,COVID-19
DE-HE,00+,2022-03-15,2022-02-18,-25 day ahead inc hosp,quantile,0.9,792,COVID-19
DE-HE,00+,2022-03-15,2022-02-17,-26 day ahead inc hosp,quantile,0.9,793,COVID-19
DE-HE,00+,2022-03-15,2022-02-16,-27 day ahead inc hosp,quantile,0.9,854,COVID-19
DE-HE,00+,2022-03-15,2022-02-15,-28 day ahead inc hosp,quantile,0.9,878,COVID-19
DE-HE,00+,2022-03-15,2022-03-15,0 day ahead inc hosp,quantile,0.975,687,COVID-19
DE-HE,00+,2022-03-15,2022-03-14,-1 day ahead inc hosp,quantile,0.975,694,COVID-19
DE-HE,00+,2022-03-15,2022-03-13,-2 day ahead inc hosp,quantile,0.975,704,COVID-19
DE-HE,00+,2022-03-15,2022-03-12,-3 day ahead inc hosp,quantile,0.975,702,COVID-19
DE-HE,00+,2022-03-15,2022-03-11,-4 day ahead inc hosp,quantile,0.975,673,COVID-19
DE-HE,00+,2022-03-15,2022-03-10,-5 day ahead inc hosp,quantile,0.975,655,COVID-19
DE-HE,00+,2022-03-15,2022-03-09,-6 day ahead inc hosp,quantile,0.975,666,COVID-19
DE-HE,00+,2022-03-15,2022-03-08,-7 day ahead inc hosp,quantile,0.975,676,COVID-19
DE-HE,00+,2022-03-15,2022-03-07,-8 day ahead inc hosp,quantile,0.975,662,COVID-19
DE-HE,00+,2022-03-15,2022-03-06,-9 day ahead inc hosp,quantile,0.975,659,COVID-19
DE-HE,00+,2022-03-15,2022-03-05,-10 day ahead inc hosp,quantile,0.975,680,COVID-19
DE-HE,00+,2022-03-15,2022-03-04,-11 day ahead inc hosp,quantile,0.975,651,COVID-19
DE-HE,00+,2022-03-15,2022-03-03,-12 day ahead inc hosp,quantile,0.975,677,COVID-19
DE-HE,00+,2022-03-15,2022-03-02,-13 day ahead inc hosp,quantile,0.975,714,COVID-19
DE-HE,00+,2022-03-15,2022-03-01,-14 day ahead inc hosp,quantile,0.975,715,COVID-19
DE-HE,00+,2022-03-15,2022-02-28,-15 day ahead inc hosp,quantile,0.975,738,COVID-19
DE-HE,00+,2022-03-15,2022-02-27,-16 day ahead inc hosp,quantile,0.975,749,COVID-19
DE-HE,00+,2022-03-15,2022-02-26,-17 day ahead inc hosp,quantile,0.975,724,COVID-19
DE-HE,00+,2022-03-15,2022-02-25,-18 day ahead inc hosp,quantile,0.975,720,COVID-19
DE-HE,00+,2022-03-15,2022-02-24,-19 day ahead inc hosp,quantile,0.975,729,COVID-19
DE-HE,00+,2022-03-15,2022-02-23,-20 day ahead inc hosp,quantile,0.975,702,COVID-19
DE-HE,00+,2022-03-15,2022-02-22,-21 day ahead inc hosp,quantile,0.975,734,COVID-19
DE-HE,00+,2022-03-15,2022-02-21,-22 day ahead inc hosp,quantile,0.975,754,COVID-19
DE-HE,00+,2022-03-15,2022-02-20,-23 day ahead inc hosp,quantile,0.975,755,COVID-19
DE-HE,00+,2022-03-15,2022-02-19,-24 day ahead inc hosp,quantile,0.975,761,COVID-19
DE-HE,00+,2022-03-15,2022-02-18,-25 day ahead inc hosp,quantile,0.975,796,COVID-19
DE-HE,00+,2022-03-15,2022-02-17,-26 day ahead inc hosp,quantile,0.975,796,COVID-19
DE-HE,00+,2022-03-15,2022-02-16,-27 day ahead inc hosp,quantile,0.975,858,COVID-19
DE-HE,00+,2022-03-15,2022-02-15,-28 day ahead inc hosp,quantile,0.975,882,COVID-19
DE-HH,00+,2022-03-15,2022-03-15,0 day ahead inc hosp,mean,NA,132.3,COVID-19
DE-HH,00+,2022-03-15,2022-03-14,-1 day ahead inc hosp,mean,NA,152.6,COVID-19
DE-HH,00+,2022-03-15,2022-03-13,-2 day ahead inc hosp,mean,NA,153.2,COVID-19
DE-HH,00+,2022-03-15,2022-03-12,-3 day ahead inc hosp,mean,NA,164.2,COVID-19
DE-HH,00+,2022-03-15,2022-03-11,-4 day ahead inc hosp,mean,NA,161.9,COVID-19
DE-HH,00+,2022-03-15,2022-03-10,-5 day ahead inc hosp,mean,NA,141.3,COVID-19
DE-HH,00+,2022-03-15,2022-03-09,-6 day ahead inc hosp,mean,NA,120.4,COVID-19
DE-HH,00+,2022-03-15,2022-03-08,-7 day ahead inc hosp,mean,NA,113.2,COVID-19
DE-HH,00+,2022-03-15,2022-03-07,-8 day ahead inc hosp,mean,NA,117.3,COVID-19
DE-HH,00+,2022-03-15,2022-03-06,-9 day ahead inc hosp,mean,NA,114.3,COVID-19
DE-HH,00+,2022-03-15,2022-03-05,-10 day ahead inc hosp,mean,NA,112.7,COVID-19
DE-HH,00+,2022-03-15,2022-03-04,-11 day ahead inc hosp,mean,NA,105.5,COVID-19
DE-HH,00+,2022-03-15,2022-03-03,-12 day ahead inc hosp,mean,NA,108,COVID-19
DE-HH,00+,2022-03-15,2022-03-02,-13 day ahead inc hosp,mean,NA,101.8,COVID-19
DE-HH,00+,2022-03-15,2022-03-01,-14 day ahead inc hosp,mean,NA,92.9,COVID-19
DE-HH,00+,2022-03-15,2022-02-28,-15 day ahead inc hosp,mean,NA,78.3,COVID-19
DE-HH,00+,2022-03-15,2022-02-27,-16 day ahead inc hosp,mean,NA,84.7,COVID-19
DE-HH,00+,2022-03-15,2022-02-26,-17 day ahead inc hosp,mean,NA,87.2,COVID-19
DE-HH,00+,2022-03-15,2022-02-25,-18 day ahead inc hosp,mean,NA,102.4,COVID-19
DE-HH,00+,2022-03-15,2022-02-24,-19 day ahead inc hosp,mean,NA,113.1,COVID-19
DE-HH,00+,2022-03-15,2022-02-23,-20 day ahead inc hosp,mean,NA,115.4,COVID-19
DE-HH,00+,2022-03-15,2022-02-22,-21 day ahead inc hosp,mean,NA,123,COVID-19
DE-HH,00+,2022-03-15,2022-02-21,-22 day ahead inc hosp,mean,NA,142.9,COVID-19
DE-HH,00+,2022-03-15,2022-02-20,-23 day ahead inc hosp,mean,NA,137.9,COVID-19
DE-HH,00+,2022-03-15,2022-02-19,-24 day ahead inc hosp,mean,NA,138.6,COVID-19
DE-HH,00+,2022-03-15,2022-02-18,-25 day ahead inc hosp,mean,NA,135.5,COVID-19
DE-HH,00+,2022-03-15,2022-02-17,-26 day ahead inc hosp,mean,NA,133.8,COVID-19
DE-HH,00+,2022-03-15,2022-02-16,-27 day ahead inc hosp,mean,NA,143.7,COVID-19
DE-HH,00+,2022-03-15,2022-02-15,-28 day ahead inc hosp,mean,NA,144.9,COVID-19
DE-HH,00+,2022-03-15,2022-03-15,0 day ahead inc hosp,quantile,0.025,112,COVID-19
DE-HH,00+,2022-03-15,2022-03-14,-1 day ahead inc hosp,quantile,0.025,131,COVID-19
DE-HH,00+,2022-03-15,2022-03-13,-2 day ahead inc hosp,quantile,0.025,133,COVID-19
DE-HH,00+,2022-03-15,2022-03-12,-3 day ahead inc hosp,quantile,0.025,143,COVID-19
DE-HH,00+,2022-03-15,2022-03-11,-4 day ahead inc hosp,quantile,0.025,143,COVID-19
DE-HH,00+,2022-03-15,2022-03-10,-5 day ahead inc hosp,quantile,0.025,126,COVID-19
DE-HH,00+,2022-03-15,2022-03-09,-6 day ahead inc hosp,quantile,0.025,109,COVID-19
DE-HH,00+,2022-03-15,2022-03-08,-7 day ahead inc hosp,quantile,0.025,103,COVID-19
DE-HH,00+,2022-03-15,2022-03-07,-8 day ahead inc hosp,quantile,0.025,107,COVID-19
DE-HH,00+,2022-03-15,2022-03-06,-9 day ahead inc hosp,quantile,0.025,105,COVID-19
DE-HH,00+,2022-03-15,2022-03-05,-10 day ahead inc hosp,quantile,0.025,103,COVID-19
DE-HH,00+,2022-03-15,2022-03-04,-11 day ahead inc hosp,quantile,0.025,97,COVID-19
DE-HH,00+,2022-03-15,2022-03-03,-12 day ahead inc hosp,quantile,0.025,99,COVID-19
DE-HH,00+,2022-03-15,2022-03-02,-13 day ahead inc hosp,quantile,0.025,94,COVID-19
DE-HH,00+,2022-03-15,2022-03-01,-14 day ahead inc hosp,quantile,0.025,86,COVID-19
DE-HH,00+,2022-03-15,2022-02-28,-15 day ahead inc hosp,quantile,0.025,72,COVID-19
DE-HH,00+,2022-03-15,2022-02-27,-16 day ahead inc hosp,quantile,0.025,78,COVID-19
DE-HH,00+,2022-03-15,2022-02-26,-17 day ahead inc hosp,quantile,0.025,81,COVID-19
DE-HH,00+,2022-03-15,2022-02-25,-18 day ahead inc hosp,quantile,0.025,96,COVID-19
DE-HH,00+,2022-03-15,2022-02-24,-19 day ahead inc hosp,quantile,0.025,106,COVID-19
DE-HH,00+,2022-03-15,2022-02-23,-20 day ahead inc hosp,quantile,0.025,109,COVID-19
DE-HH,00+,2022-03-15,2022-02-22,-21 day ahead inc hosp,quantile,0.025,117,COVID-19
DE-HH,00+,2022-03-15,2022-02-21,-22 day ahead inc hosp,quantile,0.025,136,COVID-19
DE-HH,00+,2022-03-15,2022-02-20,-23 day ahead inc hosp,quantile,0.025,131,COVID-19
DE-HH,00+,2022-03-15,2022-02-19,-24 day ahead inc hosp,quantile,0.025,132,COVID-19
DE-HH,00+,2022-03-15,2022-02-18,-25 day ahead inc hosp,quantile,0.025,130,COVID-19
DE-HH,00+,2022-03-15,2022-02-17,-26 day ahead inc hosp,quantile,0.025,128,COVID-19
DE-HH,00+,2022-03-15,2022-02-16,-27 day ahead inc hosp,quantile,0.025,138,COVID-19
DE-HH,00+,2022-03-15,2022-02-15,-28 day ahead inc hosp,quantile,0.025,140,COVID-19
DE-HH,00+,2022-03-15,2022-03-15,0 day ahead inc hosp,quantile,0.1,118,COVID-19
DE-HH,00+,2022-03-15,2022-03-14,-1 day ahead inc hosp,quantile,0.1,138,COVID-19
DE-HH,00+,2022-03-15,2022-03-13,-2 day ahead inc hosp,quantile,0.1,139,COVID-19
DE-HH,00+,2022-03-15,2022-03-12,-3 day ahead inc hosp,quantile,0.1,150,COVID-19
DE-HH,00+,2022-03-15,2022-03-11,-4 day ahead inc hosp,quantile,0.1,149,COVID-19
DE-HH,00+,2022-03-15,2022-03-10,-5 day ahead inc hosp,quantile,0.1,131,COVID-19
DE-HH,00+,2022-03-15,2022-03-09,-6 day ahead inc hosp,quantile,0.1,113,COVID-19
DE-HH,00+,2022-03-15,2022-03-08,-7 day ahead inc hosp,quantile,0.1,106,COVID-19
DE-HH,00+,2022-03-15,2022-03-07,-8 day ahead inc hosp,quantile,0.1,111,COVID-19
DE-HH,00+,2022-03-15,2022-03-06,-9 day ahead inc hosp,quantile,0.1,108,COVID-19
DE-HH,00+,2022-03-15,2022-03-05,-10 day ahead inc hosp,quantile,0.1,107,COVID-19
DE-HH,00+,2022-03-15,2022-03-04,-11 day ahead inc hosp,quantile,0.1,100,COVID-19
DE-HH,00+,2022-03-15,2022-03-03,-12 day ahead inc hosp,quantile,0.1,102,COVID-19
DE-HH,00+,2022-03-15,2022-03-02,-13 day ahead inc hosp,quantile,0.1,97,COVID-19
DE-HH,00+,2022-03-15,2022-03-01,-14 day ahead inc hosp,quantile,0.1,88,COVID-19
DE-HH,00+,2022-03-15,2022-02-28,-15 day ahead inc hosp,quantile,0.1,74,COVID-19
DE-HH,00+,2022-03-15,2022-02-27,-16 day ahead inc hosp,quantile,0.1,80,COVID-19
DE-HH,00+,2022-03-15,2022-02-26,-17 day ahead inc hosp,quantile,0.1,83,COVID-19
DE-HH,00+,2022-03-15,2022-02-25,-18 day ahead inc hosp,quantile,0.1,98,COVID-19
DE-HH,00+,2022-03-15,2022-02-24,-19 day ahead inc hosp,quantile,0.1,109,COVID-19
DE-HH,00+,2022-03-15,2022-02-23,-20 day ahead inc hosp,quantile,0.1,111,COVID-19
DE-HH,00+,2022-03-15,2022-02-22,-21 day ahead inc hosp,quantile,0.1,119,COVID-19
DE-HH,00+,2022-03-15,2022-02-21,-22 day ahead inc hosp,quantile,0.1,138,COVID-19
DE-HH,00+,2022-03-15,2022-02-20,-23 day ahead inc hosp,quantile,0.1,134,COVID-19
DE-HH,00+,2022-03-15,2022-02-19,-24 day ahead inc hosp,quantile,0.1,134,COVID-19
DE-HH,00+,2022-03-15,2022-02-18,-25 day ahead inc hosp,quantile,0.1,131,COVID-19
DE-HH,00+,2022-03-15,2022-02-17,-26 day ahead inc hosp,quantile,0.1,130,COVID-19
DE-HH,00+,2022-03-15,2022-02-16,-27 day ahead inc hosp,quantile,0.1,140,COVID-19
DE-HH,00+,2022-03-15,2022-02-15,-28 day ahead inc hosp,quantile,0.1,141,COVID-19
DE-HH,00+,2022-03-15,2022-03-15,0 day ahead inc hosp,quantile,0.25,125,COVID-19
DE-HH,00+,2022-03-15,2022-03-14,-1 day ahead inc hosp,quantile,0.25,145,COVID-19
DE-HH,00+,2022-03-15,2022-03-13,-2 day ahead inc hosp,quantile,0.25,146,COVID-19
DE-HH,00+,2022-03-15,2022-03-12,-3 day ahead inc hosp,quantile,0.25,157,COVID-19
DE-HH,00+,2022-03-15,2022-03-11,-4 day ahead inc hosp,quantile,0.25,155,COVID-19
DE-HH,00+,2022-03-15,2022-03-10,-5 day ahead inc hosp,quantile,0.25,136,COVID-19
DE-HH,00+,2022-03-15,2022-03-09,-6 day ahead inc hosp,quantile,0.25,116,COVID-19
DE-HH,00+,2022-03-15,2022-03-08,-7 day ahead inc hosp,quantile,0.25,110,COVID-19
DE-HH,00+,2022-03-15,2022-03-07,-8 day ahead inc hosp,quantile,0.25,114,COVID-19
DE-HH,00+,2022-03-15,2022-03-06,-9 day ahead inc hosp,quantile,0.25,111,COVID-19
DE-HH,00+,2022-03-15,2022-03-05,-10 day ahead inc hosp,quantile,0.25,109,COVID-19
DE-HH,00+,2022-03-15,2022-03-04,-11 day ahead inc hosp,quantile,0.25,102,COVID-19
DE-HH,00+,2022-03-15,2022-03-03,-12 day ahead inc hosp,quantile,0.25,105,COVID-19
DE-HH,00+,2022-03-15,2022-03-02,-13 day ahead inc hosp,quantile,0.25,99,COVID-19
DE-HH,00+,2022-03-15,2022-03-01,-14 day ahead inc hosp,quantile,0.25,90,COVID-19
DE-HH,00+,2022-03-15,2022-02-28,-15 day ahead inc hosp,quantile,0.25,76,COVID-19
DE-HH,00+,2022-03-15,2022-02-27,-16 day ahead inc hosp,quantile,0.25,82,COVID-19
DE-HH,00+,2022-03-15,2022-02-26,-17 day ahead inc hosp,quantile,0.25,85,COVID-19
DE-HH,00+,2022-03-15,2022-02-25,-18 day ahead inc hosp,quantile,0.25,100,COVID-19
DE-HH,00+,2022-03-15,2022-02-24,-19 day ahead inc hosp,quantile,0.25,111,COVID-19
DE-HH,00+,2022-03-15,2022-02-23,-20 day ahead inc hosp,quantile,0.25,113,COVID-19
DE-HH,00+,2022-03-15,2022-02-22,-21 day ahead inc hosp,quantile,0.25,121,COVID-19
DE-HH,00+,2022-03-15,2022-02-21,-22 day ahead inc hosp,quantile,0.25,140,COVID-19
DE-HH,00+,2022-03-15,2022-02-20,-23 day ahead inc hosp,quantile,0.25,136,COVID-19
DE-HH,00+,2022-03-15,2022-02-19,-24 day ahead inc hosp,quantile,0.25,136,COVID-19
DE-HH,00+,2022-03-15,2022-02-18,-25 day ahead inc hosp,quantile,0.25,133,COVID-19
DE-HH,00+,2022-03-15,2022-02-17,-26 day ahead inc hosp,quantile,0.25,132,COVID-19
DE-HH,00+,2022-03-15,2022-02-16,-27 day ahead inc hosp,quantile,0.25,142,COVID-19
DE-HH,00+,2022-03-15,2022-02-15,-28 day ahead inc hosp,quantile,0.25,143,COVID-19
DE-HH,00+,2022-03-15,2022-03-15,0 day ahead inc hosp,quantile,0.5,133,COVID-19
DE-HH,00+,2022-03-15,2022-03-14,-1 day ahead inc hosp,quantile,0.5,154,COVID-19
DE-HH,00+,2022-03-15,2022-03-13,-2 day ahead inc hosp,quantile,0.5,154,COVID-19
DE-HH,00+,2022-03-15,2022-03-12,-3 day ahead inc hosp,quantile,0.5,165,COVID-19
DE-HH,00+,2022-03-15,2022-03-11,-4 day ahead inc hosp,quantile,0.5,163,COVID-19
DE-HH,00+,2022-03-15,2022-03-10,-5 day ahead inc hosp,quantile,0.5,142,COVID-19
DE-HH,00+,2022-03-15,2022-03-09,-6 day ahead inc hosp,quantile,0.5,121,COVID-19
DE-HH,00+,2022-03-15,2022-03-08,-7 day ahead inc hosp,quantile,0.5,114,COVID-19
DE-HH,00+,2022-03-15,2022-03-07,-8 day ahead inc hosp,quantile,0.5,118,COVID-19
DE-HH,00+,2022-03-15,2022-03-06,-9 day ahead inc hosp,quantile,0.5,115,COVID-19
DE-HH,00+,2022-03-15,2022-03-05,-10 day ahead inc hosp,quantile,0.5,113,COVID-19
DE-HH,00+,2022-03-15,2022-03-04,-11 day ahead inc hosp,quantile,0.5,106,COVID-19
DE-HH,00+,2022-03-15,2022-03-03,-12 day ahead inc hosp,quantile,0.5,108,COVID-19
DE-HH,00+,2022-03-15,2022-03-02,-13 day ahead inc hosp,quantile,0.5,102,COVID-19
DE-HH,00+,2022-03-15,2022-03-01,-14 day ahead inc hosp,quantile,0.5,93,COVID-19
DE-HH,00+,2022-03-15,2022-02-28,-15 day ahead inc hosp,quantile,0.5,78,COVID-19
DE-HH,00+,2022-03-15,2022-02-27,-16 day ahead inc hosp,quantile,0.5,85,COVID-19
DE-HH,00+,2022-03-15,2022-02-26,-17 day ahead inc hosp,quantile,0.5,87,COVID-19
DE-HH,00+,2022-03-15,2022-02-25,-18 day ahead inc hosp,quantile,0.5,103,COVID-19
DE-HH,00+,2022-03-15,2022-02-24,-19 day ahead inc hosp,quantile,0.5,113,COVID-19
DE-HH,00+,2022-03-15,2022-02-23,-20 day ahead inc hosp,quantile,0.5,116,COVID-19
DE-HH,00+,2022-03-15,2022-02-22,-21 day ahead inc hosp,quantile,0.5,123,COVID-19
DE-HH,00+,2022-03-15,2022-02-21,-22 day ahead inc hosp,quantile,0.5,143,COVID-19
DE-HH,00+,2022-03-15,2022-02-20,-23 day ahead inc hosp,quantile,0.5,138,COVID-19
DE-HH,00+,2022-03-15,2022-02-19,-24 day ahead inc hosp,quantile,0.5,139,COVID-19
DE-HH,00+,2022-03-15,2022-02-18,-25 day ahead inc hosp,quantile,0.5,136,COVID-19
DE-HH,00+,2022-03-15,2022-02-17,-26 day ahead inc hosp,quantile,0.5,134,COVID-19
DE-HH,00+,2022-03-15,2022-02-16,-27 day ahead inc hosp,quantile,0.5,144,COVID-19
DE-HH,00+,2022-03-15,2022-02-15,-28 day ahead inc hosp,quantile,0.5,145,COVID-19
DE-HH,00+,2022-03-15,2022-03-15,0 day ahead inc hosp,quantile,0.75,142,COVID-19
DE-HH,00+,2022-03-15,2022-03-14,-1 day ahead inc hosp,quantile,0.75,163,COVID-19
DE-HH,00+,2022-03-15,2022-03-13,-2 day ahead inc hosp,quantile,0.75,162,COVID-19
DE-HH,00+,2022-03-15,2022-03-12,-3 day ahead inc hosp,quantile,0.75,174,COVID-19
DE-HH,00+,2022-03-15,2022-03-11,-4 day ahead inc hosp,quantile,0.75,171,COVID-19
DE-HH,00+,2022-03-15,2022-03-10,-5 day ahead inc hosp,quantile,0.75,148,COVID-19
DE-HH,00+,2022-03-15,2022-03-09,-6 day ahead inc hosp,quantile,0.75,125,COVID-19
DE-HH,00+,2022-03-15,2022-03-08,-7 day ahead inc hosp,quantile,0.75,118,COVID-19
DE-HH,00+,2022-03-15,2022-03-07,-8 day ahead inc hosp,quantile,0.75,122,COVID-19
DE-HH,00+,2022-03-15,2022-03-06,-9 day ahead inc hosp,quantile,0.75,119,COVID-19
DE-HH,00+,2022-03-15,2022-03-05,-10 day ahead inc hosp,quantile,0.75,117,COVID-19
DE-HH,00+,2022-03-15,2022-03-04,-11 day ahead inc hosp,quantile,0.75,109,COVID-19
DE-HH,00+,2022-03-15,2022-03-03,-12 day ahead inc hosp,quantile,0.75,112,COVID-19
DE-HH,00+,2022-03-15,2022-03-02,-13 day ahead inc hosp,quantile,0.75,105,COVID-19
DE-HH,00+,2022-03-15,2022-03-01,-14 day ahead inc hosp,quantile,0.75,96,COVID-19
DE-HH,00+,2022-03-15,2022-02-28,-15 day ahead inc hosp,quantile,0.75,81,COVID-19
DE-HH,00+,2022-03-15,2022-02-27,-16 day ahead inc hosp,quantile,0.75,87,COVID-19
DE-HH,00+,2022-03-15,2022-02-26,-17 day ahead inc hosp,quantile,0.75,90,COVID-19
DE-HH,00+,2022-03-15,2022-02-25,-18 day ahead inc hosp,quantile,0.75,105,COVID-19
DE-HH,00+,2022-03-15,2022-02-24,-19 day ahead inc hosp,quantile,0.75,116,COVID-19
DE-HH,00+,2022-03-15,2022-02-23,-20 day ahead inc hosp,quantile,0.75,118,COVID-19
DE-HH,00+,2022-03-15,2022-02-22,-21 day ahead inc hosp,quantile,0.75,126,COVID-19
DE-HH,00+,2022-03-15,2022-02-21,-22 day ahead inc hosp,quantile,0.75,146,COVID-19
DE-HH,00+,2022-03-15,2022-02-20,-23 day ahead inc hosp,quantile,0.75,141,COVID-19
DE-HH,00+,2022-03-15,2022-02-19,-24 day ahead inc hosp,quantile,0.75,141,COVID-19
DE-HH,00+,2022-03-15,2022-02-18,-25 day ahead inc hosp,quantile,0.75,138,COVID-19
DE-HH,00+,2022-03-15,2022-02-17,-26 day ahead inc hosp,quantile,0.75,136,COVID-19
DE-HH,00+,2022-03-15,2022-02-16,-27 day ahead inc hosp,quantile,0.75,146,COVID-19
DE-HH,00+,2022-03-15,2022-02-15,-28 day ahead inc hosp,quantile,0.75,147,COVID-19
DE-HH,00+,2022-03-15,2022-03-15,0 day ahead inc hosp,quantile,0.9,151,COVID-19
DE-HH,00+,2022-03-15,2022-03-14,-1 day ahead inc hosp,quantile,0.9,172,COVID-19
DE-HH,00+,2022-03-15,2022-03-13,-2 day ahead inc hosp,quantile,0.9,171,COVID-19
DE-HH,00+,2022-03-15,2022-03-12,-3 day ahead inc hosp,quantile,0.9,183,COVID-19
DE-HH,00+,2022-03-15,2022-03-11,-4 day ahead inc hosp,quantile,0.9,179,COVID-19
DE-HH,00+,2022-03-15,2022-03-10,-5 day ahead inc hosp,quantile,0.9,154,COVID-19
DE-HH,00+,2022-03-15,2022-03-09,-6 day ahead inc hosp,quantile,0.9,130,COVID-19
DE-HH,00+,2022-03-15,2022-03-08,-7 day ahead inc hosp,quantile,0.9,122,COVID-19
DE-HH,00+,2022-03-15,2022-03-07,-8 day ahead inc hosp,quantile,0.9,126,COVID-19
DE-HH,00+,2022-03-15,2022-03-06,-9 day ahead inc hosp,quantile,0.9,122,COVID-19
DE-HH,00+,2022-03-15,2022-03-05,-10 day ahead inc hosp,quantile,0.9,120,COVID-19
DE-HH,00+,2022-03-15,2022-03-04,-11 day ahead inc hosp,quantile,0.9,113,COVID-19
DE-HH,00+,2022-03-15,2022-03-03,-12 day ahead inc hosp,quantile,0.9,115,COVID-19
DE-HH,00+,2022-03-15,2022-03-02,-13 day ahead inc hosp,quantile,0.9,108,COVID-19
DE-HH,00+,2022-03-15,2022-03-01,-14 day ahead inc hosp,quantile,0.9,99,COVID-19
DE-HH,00+,2022-03-15,2022-02-28,-15 day ahead inc hosp,quantile,0.9,84,COVID-19
DE-HH,00+,2022-03-15,2022-02-27,-16 day ahead inc hosp,quantile,0.9,90,COVID-19
DE-HH,00+,2022-03-15,2022-02-26,-17 day ahead inc hosp,quantile,0.9,92,COVID-19
DE-HH,00+,2022-03-15,2022-02-25,-18 day ahead inc hosp,quantile,0.9,108,COVID-19
DE-HH,00+,2022-03-15,2022-02-24,-19 day ahead inc hosp,quantile,0.9,119,COVID-19
DE-HH,00+,2022-03-15,2022-02-23,-20 day ahead inc hosp,quantile,0.9,121,COVID-19
DE-HH,00+,2022-03-15,2022-02-22,-21 day ahead inc hosp,quantile,0.9,129,COVID-19
DE-HH,00+,2022-03-15,2022-02-21,-22 day ahead inc hosp,quantile,0.9,149,COVID-19
DE-HH,00+,2022-03-15,2022-02-20,-23 day ahead inc hosp,quantile,0.9,143,COVID-19
DE-HH,00+,2022-03-15,2022-02-19,-24 day ahead inc hosp,quantile,0.9,144,COVID-19
DE-HH,00+,2022-03-15,2022-02-18,-25 day ahead inc hosp,quantile,0.9,141,COVID-19
DE-HH,00+,2022-03-15,2022-02-17,-26 day ahead inc hosp,quantile,0.9,139,COVID-19
DE-HH,00+,2022-03-15,2022-02-16,-27 day ahead inc hosp,quantile,0.9,148,COVID-19
DE-HH,00+,2022-03-15,2022-02-15,-28 day ahead inc hosp,quantile,0.9,149,COVID-19
DE-HH,00+,2022-03-15,2022-03-15,0 day ahead inc hosp,quantile,0.975,163,COVID-19
DE-HH,00+,2022-03-15,2022-03-14,-1 day ahead inc hosp,quantile,0.975,185,COVID-19
DE-HH,00+,2022-03-15,2022-03-13,-2 day ahead inc hosp,quantile,0.975,181,COVID-19
DE-HH,00+,2022-03-15,2022-03-12,-3 day ahead inc hosp,quantile,0.975,194,COVID-19
DE-HH,00+,2022-03-15,2022-03-11,-4 day ahead inc hosp,quantile,0.975,189,COVID-19
DE-HH,00+,2022-03-15,2022-03-10,-5 day ahead inc hosp,quantile,0.975,161,COVID-19
DE-HH,00+,2022-03-15,2022-03-09,-6 day ahead inc hosp,quantile,0.975,135,COVID-19
DE-HH,00+,2022-03-15,2022-03-08,-7 day ahead inc hosp,quantile,0.975,127,COVID-19
DE-HH,00+,2022-03-15,2022-03-07,-8 day ahead inc hosp,quantile,0.975,130,COVID-19
DE-HH,00+,2022-03-15,2022-03-06,-9 day ahead inc hosp,quantile,0.975,127,COVID-19
DE-HH,00+,2022-03-15,2022-03-05,-10 day ahead inc hosp,quantile,0.975,124,COVID-19
DE-HH,00+,2022-03-15,2022-03-04,-11 day ahead inc hosp,quantile,0.975,116,COVID-19
DE-HH,00+,2022-03-15,2022-03-03,-12 day ahead inc hosp,quantile,0.975,119,COVID-19
DE-HH,00+,2022-03-15,2022-03-02,-13 day ahead inc hosp,quantile,0.975,112,COVID-19
DE-HH,00+,2022-03-15,2022-03-01,-14 day ahead inc hosp,quantile,0.975,102,COVID-19
DE-HH,00+,2022-03-15,2022-02-28,-15 day ahead inc hosp,quantile,0.975,86,COVID-19
DE-HH,00+,2022-03-15,2022-02-27,-16 day ahead inc hosp,quantile,0.975,93,COVID-19
DE-HH,00+,2022-03-15,2022-02-26,-17 day ahead inc hosp,quantile,0.975,96,COVID-19
DE-HH,00+,2022-03-15,2022-02-25,-18 day ahead inc hosp,quantile,0.975,111,COVID-19
DE-HH,00+,2022-03-15,2022-02-24,-19 day ahead inc hosp,quantile,0.975,122,COVID-19
DE-HH,00+,2022-03-15,2022-02-23,-20 day ahead inc hosp,quantile,0.975,124,COVID-19
DE-HH,00+,2022-03-15,2022-02-22,-21 day ahead inc hosp,quantile,0.975,132,COVID-19
DE-HH,00+,2022-03-15,2022-02-21,-22 day ahead inc hosp,quantile,0.975,152,COVID-19
DE-HH,00+,2022-03-15,2022-02-20,-23 day ahead inc hosp,quantile,0.975,147,COVID-19
DE-HH,00+,2022-03-15,2022-02-19,-24 day ahead inc hosp,quantile,0.975,147,COVID-19
DE-HH,00+,2022-03-15,2022-02-18,-25 day ahead inc hosp,quantile,0.975,144,COVID-19
DE-HH,00+,2022-03-15,2022-02-17,-26 day ahead inc hosp,quantile,0.975,141,COVID-19
DE-HH,00+,2022-03-15,2022-02-16,-27 day ahead inc hosp,quantile,0.975,151,COVID-19
DE-HH,00+,2022-03-15,2022-02-15,-28 day ahead inc hosp,quantile,0.975,152,COVID-19
DE-MV,00+,2022-03-15,2022-03-15,0 day ahead inc hosp,mean,NA,382.1,COVID-19
DE-MV,00+,2022-03-15,2022-03-14,-1 day ahead inc hosp,mean,NA,366.8,COVID-19
DE-MV,00+,2022-03-15,2022-03-13,-2 day ahead inc hosp,mean,NA,364.1,COVID-19
DE-MV,00+,2022-03-15,2022-03-12,-3 day ahead inc hosp,mean,NA,384.1,COVID-19
DE-MV,00+,2022-03-15,2022-03-11,-4 day ahead inc hosp,mean,NA,376.2,COVID-19
DE-MV,00+,2022-03-15,2022-03-10,-5 day ahead inc hosp,mean,NA,380.1,COVID-19
DE-MV,00+,2022-03-15,2022-03-09,-6 day ahead inc hosp,mean,NA,367.4,COVID-19
DE-MV,00+,2022-03-15,2022-03-08,-7 day ahead inc hosp,mean,NA,379.1,COVID-19
DE-MV,00+,2022-03-15,2022-03-07,-8 day ahead inc hosp,mean,NA,388.3,COVID-19
DE-MV,00+,2022-03-15,2022-03-06,-9 day ahead inc hosp,mean,NA,394.2,COVID-19
DE-MV,00+,2022-03-15,2022-03-05,-10 day ahead inc hosp,mean,NA,382.2,COVID-19
DE-MV,00+,2022-03-15,2022-03-04,-11 day ahead inc hosp,mean,NA,374.4,COVID-19
DE-MV,00+,2022-03-15,2022-03-03,-12 day ahead inc hosp,mean,NA,379.8,COVID-19
DE-MV,00+,2022-03-15,2022-03-02,-13 day ahead inc hosp,mean,NA,414.2,COVID-19
DE-MV,00+,2022-03-15,2022-03-01,-14 day ahead inc hosp,mean,NA,411.9,COVID-19
DE-MV,00+,2022-03-15,2022-02-28,-15 day ahead inc hosp,mean,NA,398.6,COVID-19
DE-MV,00+,2022-03-15,2022-02-27,-16 day ahead inc hosp,mean,NA,403.8,COVID-19
DE-MV,00+,2022-03-15,2022-02-26,-17 day ahead inc hosp,mean,NA,389.8,COVID-19
DE-MV,00+,2022-03-15,2022-02-25,-18 day ahead inc hosp,mean,NA,402.4,COVID-19
DE-MV,00+,2022-03-15,2022-02-24,-19 day ahead inc hosp,mean,NA,417.2,COVID-19
DE-MV,00+,2022-03-15,2022-02-23,-20 day ahead inc hosp,mean,NA,381.6,COVID-19
DE-MV,00+,2022-03-15,2022-02-22,-21 day ahead inc hosp,mean,NA,364.5,COVID-19
DE-MV,00+,2022-03-15,2022-02-21,-22 day ahead inc hosp,mean,NA,353.3,COVID-19
DE-MV,00+,2022-03-15,2022-02-20,-23 day ahead inc hosp,mean,NA,355,COVID-19
DE-MV,00+,2022-03-15,2022-02-19,-24 day ahead inc hosp,mean,NA,350.8,COVID-19
DE-MV,00+,2022-03-15,2022-02-18,-25 day ahead inc hosp,mean,NA,330.4,COVID-19
DE-MV,00+,2022-03-15,2022-02-17,-26 day ahead inc hosp,mean,NA,323.1,COVID-19
DE-MV,00+,2022-03-15,2022-02-16,-27 day ahead inc hosp,mean,NA,339,COVID-19
DE-MV,00+,2022-03-15,2022-02-15,-28 day ahead inc hosp,mean,NA,337.9,COVID-19
DE-MV,00+,2022-03-15,2022-03-15,0 day ahead inc hosp,quantile,0.025,354,COVID-19
DE-MV,00+,2022-03-15,2022-03-14,-1 day ahead inc hosp,quantile,0.025,344,COVID-19
DE-MV,00+,2022-03-15,2022-03-13,-2 day ahead inc hosp,quantile,0.025,344,COVID-19
DE-MV,00+,2022-03-15,2022-03-12,-3 day ahead inc hosp,quantile,0.025,365,COVID-19
DE-MV,00+,2022-03-15,2022-03-11,-4 day ahead inc hosp,quantile,0.025,360,COVID-19
DE-MV,00+,2022-03-15,2022-03-10,-5 day ahead inc hosp,quantile,0.025,365,COVID-19
DE-MV,00+,2022-03-15,2022-03-09,-6 day ahead inc hosp,quantile,0.025,355,COVID-19
DE-MV,00+,2022-03-15,2022-03-08,-7 day ahead inc hosp,quantile,0.025,368,COVID-19
DE-MV,00+,2022-03-15,2022-03-07,-8 day ahead inc hosp,quantile,0.025,378,COVID-19
DE-MV,00+,2022-03-15,2022-03-06,-9 day ahead inc hosp,quantile,0.025,383,COVID-19
DE-MV,00+,2022-03-15,2022-03-05,-10 day ahead inc hosp,quantile,0.025,373,COVID-19
DE-MV,00+,2022-03-15,2022-03-04,-11 day ahead inc hosp,quantile,0.025,366,COVID-19
DE-MV,00+,2022-03-15,2022-03-03,-12 day ahead inc hosp,quantile,0.025,372,COVID-19
DE-MV,00+,2022-03-15,2022-03-02,-13 day ahead inc hosp,quantile,0.025,407,COVID-19
DE-MV,00+,2022-03-15,2022-03-01,-14 day ahead inc hosp,quantile,0.025,405,COVID-19
DE-MV,00+,2022-03-15,2022-02-28,-15 day ahead inc hosp,quantile,0.025,392,COVID-19
DE-MV,00+,2022-03-15,2022-02-27,-16 day ahead inc hosp,quantile,0.025,398,COVID-19
DE-MV,00+,2022-03-15,2022-02-26,-17 day ahead inc hosp,quantile,0.025,384,COVID-19
DE-MV,00+,2022-03-15,2022-02-25,-18 day ahead inc hosp,quantile,0.025,398,COVID-19
DE-MV,00+,2022-03-15,2022-02-24,-19 day ahead inc hosp,quantile,0.025,413,COVID-19
DE-MV,00+,2022-03-15,2022-02-23,-20 day ahead inc hosp,quantile,0.025,378,COVID-19
DE-MV,00+,2022-03-15,2022-02-22,-21 day ahead inc hosp,quantile,0.025,362,COVID-19
DE-MV,00+,2022-03-15,2022-02-21,-22 day ahead inc hosp,quantile,0.025,351,COVID-19
DE-MV,00+,2022-03-15,2022-02-20,-23 day ahead inc hosp,quantile,0.025,353,COVID-19
DE-MV,00+,2022-03-15,2022-02-19,-24 day ahead inc hosp,quantile,0.025,349,COVID-19
DE-MV,00+,2022-03-15,2022-02-18,-25 day ahead inc hosp,quantile,0.025,329,COVID-19
DE-MV,00+,2022-03-15,2022-02-17,-26 day ahead inc hosp,quantile,0.025,322,COVID-19
DE-MV,00+,2022-03-15,2022-02-16,-27 day ahead inc hosp,quantile,0.025,338,COVID-19
DE-MV,00+,2022-03-15,2022-02-15,-28 day ahead inc hosp,quantile,0.025,337,COVID-19
DE-MV,00+,2022-03-15,2022-03-15,0 day ahead inc hosp,quantile,0.1,363.9,COVID-19
DE-MV,00+,2022-03-15,2022-03-14,-1 day ahead inc hosp,quantile,0.1,352,COVID-19
DE-MV,00+,2022-03-15,2022-03-13,-2 day ahead inc hosp,quantile,0.1,350,COVID-19
DE-MV,00+,2022-03-15,2022-03-12,-3 day ahead inc hosp,quantile,0.1,372,COVID-19
DE-MV,00+,2022-03-15,2022-03-11,-4 day ahead inc hosp,quantile,0.1,366,COVID-19
DE-MV,00+,2022-03-15,2022-03-10,-5 day ahead inc hosp,quantile,0.1,370,COVID-19
DE-MV,00+,2022-03-15,2022-03-09,-6 day ahead inc hosp,quantile,0.1,359,COVID-19
DE-MV,00+,2022-03-15,2022-03-08,-7 day ahead inc hosp,quantile,0.1,372,COVID-19
DE-MV,00+,2022-03-15,2022-03-07,-8 day ahead inc hosp,quantile,0.1,381,COVID-19
DE-MV,00+,2022-03-15,2022-03-06,-9 day ahead inc hosp,quantile,0.1,387,COVID-19
DE-MV,00+,2022-03-15,2022-03-05,-10 day ahead inc hosp,quantile,0.1,376,COVID-19
DE-MV,00+,2022-03-15,2022-03-04,-11 day ahead inc hosp,quantile,0.1,369,COVID-19
DE-MV,00+,2022-03-15,2022-03-03,-12 day ahead inc hosp,quantile,0.1,375,COVID-19
DE-MV,00+,2022-03-15,2022-03-02,-13 day ahead inc hosp,quantile,0.1,409,COVID-19
DE-MV,00+,2022-03-15,2022-03-01,-14 day ahead inc hosp,quantile,0.1,408,COVID-19
DE-MV,00+,2022-03-15,2022-02-28,-15 day ahead inc hosp,quantile,0.1,394,COVID-19
DE-MV,00+,2022-03-15,2022-02-27,-16 day ahead inc hosp,quantile,0.1,400,COVID-19
DE-MV,00+,2022-03-15,2022-02-26,-17 day ahead inc hosp,quantile,0.1,386,COVID-19
DE-MV,00+,2022-03-15,2022-02-25,-18 day ahead inc hosp,quantile,0.1,399,COVID-19
DE-MV,00+,2022-03-15,2022-02-24,-19 day ahead inc hosp,quantile,0.1,414,COVID-19
DE-MV,00+,2022-03-15,2022-02-23,-20 day ahead inc hosp,quantile,0.1,379,COVID-19
DE-MV,00+,2022-03-15,2022-02-22,-21 day ahead inc hosp,quantile,0.1,363,COVID-19
DE-MV,00+,2022-03-15,2022-02-21,-22 day ahead inc hosp,quantile,0.1,352,COVID-19
DE-MV,00+,2022-03-15,2022-02-20,-23 day ahead inc hosp,quantile,0.1,353,COVID-19
DE-MV,00+,2022-03-15,2022-02-19,-24 day ahead inc hosp,quantile,0.1,349,COVID-19
DE-MV,00+,2022-03-15,2022-02-18,-25 day ahead inc hosp,quantile,0.1,329,COVID-19
DE-MV,00+,2022-03-15,2022-02-17,-26 day ahead inc hosp,quantile,0.1,322,COVID-19
DE-MV,00+,2022-03-15,2022-02-16,-27 day ahead inc hosp,quantile,0.1,338,COVID-19
DE-MV,00+,2022-03-15,2022-02-15,-28 day ahead inc hosp,quantile,0.1,337,COVID-19
DE-MV,00+,2022-03-15,2022-03-15,0 day ahead inc hosp,quantile,0.25,372,COVID-19
DE-MV,00+,2022-03-15,2022-03-14,-1 day ahead inc hosp,quantile,0.25,359,COVID-19
DE-MV,00+,2022-03-15,2022-03-13,-2 day ahead inc hosp,quantile,0.25,357,COVID-19
DE-MV,00+,2022-03-15,2022-03-12,-3 day ahead inc hosp,quantile,0.25,378,COVID-19
DE-MV,00+,2022-03-15,2022-03-11,-4 day ahead inc hosp,quantile,0.25,371,COVID-19
DE-MV,00+,2022-03-15,2022-03-10,-5 day ahead inc hosp,quantile,0.25,375,COVID-19
DE-MV,00+,2022-03-15,2022-03-09,-6 day ahead inc hosp,quantile,0.25,363,COVID-19
DE-MV,00+,2022-03-15,2022-03-08,-7 day ahead inc hosp,quantile,0.25,376,COVID-19
DE-MV,00+,2022-03-15,2022-03-07,-8 day ahead inc hosp,quantile,0.25,385,COVID-19
DE-MV,00+,2022-03-15,2022-03-06,-9 day ahead inc hosp,quantile,0.25,391,COVID-19
DE-MV,00+,2022-03-15,2022-03-05,-10 day ahead inc hosp,quantile,0.25,379,COVID-19
DE-MV,00+,2022-03-15,2022-03-04,-11 day ahead inc hosp,quantile,0.25,372,COVID-19
DE-MV,00+,2022-03-15,2022-03-03,-12 day ahead inc hosp,quantile,0.25,377,COVID-19
DE-MV,00+,2022-03-15,2022-03-02,-13 day ahead inc hosp,quantile,0.25,412,COVID-19
DE-MV,00+,2022-03-15,2022-03-01,-14 day ahead inc hosp,quantile,0.25,410,COVID-19
DE-MV,00+,2022-03-15,2022-02-28,-15 day ahead inc hosp,quantile,0.25,397,COVID-19
DE-MV,00+,2022-03-15,2022-02-27,-16 day ahead inc hosp,quantile,0.25,402,COVID-19
DE-MV,00+,2022-03-15,2022-02-26,-17 day ahead inc hosp,quantile,0.25,388,COVID-19
DE-MV,00+,2022-03-15,2022-02-25,-18 day ahead inc hosp,quantile,0.25,401,COVID-19
DE-MV,00+,2022-03-15,2022-02-24,-19 day ahead inc hosp,quantile,0.25,416,COVID-19
DE-MV,00+,2022-03-15,2022-02-23,-20 day ahead inc hosp,quantile,0.25,380,COVID-19
DE-MV,00+,2022-03-15,2022-02-22,-21 day ahead inc hosp,quantile,0.25,364,COVID-19
DE-MV,00+,2022-03-15,2022-02-21,-22 day ahead inc hosp,quantile,0.25,352,COVID-19
DE-MV,00+,2022-03-15,2022-02-20,-23 day ahead inc hosp,quantile,0.25,354,COVID-19
DE-MV,00+,2022-03-15,2022-02-19,-24 day ahead inc hosp,quantile,0.25,350,COVID-19
DE-MV,00+,2022-03-15,2022-02-18,-25 day ahead inc hosp,quantile,0.25,330,COVID-19
DE-MV,00+,2022-03-15,2022-02-17,-26 day ahead inc hosp,quantile,0.25,322,COVID-19
DE-MV,00+,2022-03-15,2022-02-16,-27 day ahead inc hosp,quantile,0.25,338,COVID-19
DE-MV,00+,2022-03-15,2022-02-15,-28 day ahead inc hosp,quantile,0.25,337,COVID-19
DE-MV,00+,2022-03-15,2022-03-15,0 day ahead inc hosp,quantile,0.5,383,COVID-19
DE-MV,00+,2022-03-15,2022-03-14,-1 day ahead inc hosp,quantile,0.5,368,COVID-19
DE-MV,00+,2022-03-15,2022-03-13,-2 day ahead inc hosp,quantile,0.5,365,COVID-19
DE-MV,00+,2022-03-15,2022-03-12,-3 day ahead inc hosp,quantile,0.5,385,COVID-19
DE-MV,00+,2022-03-15,2022-03-11,-4 day ahead inc hosp,quantile,0.5,377,COVID-19
DE-MV,00+,2022-03-15,2022-03-10,-5 day ahead inc hosp,quantile,0.5,381,COVID-19
DE-MV,00+,2022-03-15,2022-03-09,-6 day ahead inc hosp,quantile,0.5,368,COVID-19
DE-MV,00+,2022-03-15,2022-03-08,-7 day ahead inc hosp,quantile,0.5,380,COVID-19
DE-MV,00+,2022-03-15,2022-03-07,-8 day ahead inc hosp,quantile,0.5,389,COVID-19
DE-MV,00+,2022-03-15,2022-03-06,-9 day ahead inc hosp,quantile,0.5,395,COVID-19
DE-MV,00+,2022-03-15,2022-03-05,-10 day ahead inc hosp,quantile,0.5,383,COVID-19
DE-MV,00+,2022-03-15,2022-03-04,-11 day ahead inc hosp,quantile,0.5,375,COVID-19
DE-MV,00+,2022-03-15,2022-03-03,-12 day ahead inc hosp,quantile,0.5,380,COVID-19
DE-MV,00+,2022-03-15,2022-03-02,-13 day ahead inc hosp,quantile,0.5,415,COVID-19
DE-MV,00+,2022-03-15,2022-03-01,-14 day ahead inc hosp,quantile,0.5,412,COVID-19
DE-MV,00+,2022-03-15,2022-02-28,-15 day ahead inc hosp,quantile,0.5,399,COVID-19
DE-MV,00+,2022-03-15,2022-02-27,-16 day ahead inc hosp,quantile,0.5,404,COVID-19
DE-MV,00+,2022-03-15,2022-02-26,-17 day ahead inc hosp,quantile,0.5,390,COVID-19
DE-MV,00+,2022-03-15,2022-02-25,-18 day ahead inc hosp,quantile,0.5,403,COVID-19
DE-MV,00+,2022-03-15,2022-02-24,-19 day ahead inc hosp,quantile,0.5,418,COVID-19
DE-MV,00+,2022-03-15,2022-02-23,-20 day ahead inc hosp,quantile,0.5,382,COVID-19
DE-MV,00+,2022-03-15,2022-02-22,-21 day ahead inc hosp,quantile,0.5,365,COVID-19
DE-MV,00+,2022-03-15,2022-02-21,-22 day ahead inc hosp,quantile,0.5,353,COVID-19
DE-MV,00+,2022-03-15,2022-02-20,-23 day ahead inc hosp,quantile,0.5,355,COVID-19
DE-MV,00+,2022-03-15,2022-02-19,-24 day ahead inc hosp,quantile,0.5,351,COVID-19
DE-MV,00+,2022-03-15,2022-02-18,-25 day ahead inc hosp,quantile,0.5,331,COVID-19
DE-MV,00+,2022-03-15,2022-02-17,-26 day ahead inc hosp,quantile,0.5,323,COVID-19
DE-MV,00+,2022-03-15,2022-02-16,-27 day ahead inc hosp,quantile,0.5,339,COVID-19
DE-MV,00+,2022-03-15,2022-02-15,-28 day ahead inc hosp,quantile,0.5,338,COVID-19
DE-MV,00+,2022-03-15,2022-03-15,0 day ahead inc hosp,quantile,0.75,395,COVID-19
DE-MV,00+,2022-03-15,2022-03-14,-1 day ahead inc hosp,quantile,0.75,377,COVID-19
DE-MV,00+,2022-03-15,2022-03-13,-2 day ahead inc hosp,quantile,0.75,374,COVID-19
DE-MV,00+,2022-03-15,2022-03-12,-3 day ahead inc hosp,quantile,0.75,393,COVID-19
DE-MV,00+,2022-03-15,2022-03-11,-4 day ahead inc hosp,quantile,0.75,383,COVID-19
DE-MV,00+,2022-03-15,2022-03-10,-5 day ahead inc hosp,quantile,0.75,387,COVID-19
DE-MV,00+,2022-03-15,2022-03-09,-6 day ahead inc hosp,quantile,0.75,373,COVID-19
DE-MV,00+,2022-03-15,2022-03-08,-7 day ahead inc hosp,quantile,0.75,385,COVID-19
DE-MV,00+,2022-03-15,2022-03-07,-8 day ahead inc hosp,quantile,0.75,394,COVID-19
DE-MV,00+,2022-03-15,2022-03-06,-9 day ahead inc hosp,quantile,0.75,399,COVID-19
DE-MV,00+,2022-03-15,2022-03-05,-10 day ahead inc hosp,quantile,0.75,387,COVID-19
DE-MV,00+,2022-03-15,2022-03-04,-11 day ahead inc hosp,quantile,0.75,379,COVID-19
DE-MV,00+,2022-03-15,2022-03-03,-12 day ahead inc hosp,quantile,0.75,384,COVID-19
DE-MV,00+,2022-03-15,2022-03-02,-13 day ahead inc hosp,quantile,0.75,418,COVID-19
DE-MV,00+,2022-03-15,2022-03-01,-14 day ahead inc hosp,quantile,0.75,415,COVID-19
DE-MV,00+,2022-03-15,2022-02-28,-15 day ahead inc hosp,quantile,0.75,402,COVID-19
DE-MV,00+,2022-03-15,2022-02-27,-16 day ahead inc hosp,quantile,0.75,407,COVID-19
DE-MV,00+,2022-03-15,2022-02-26,-17 day ahead inc hosp,quantile,0.75,393,COVID-19
DE-MV,00+,2022-03-15,2022-02-25,-18 day ahead inc hosp,quantile,0.75,405,COVID-19
DE-MV,00+,2022-03-15,2022-02-24,-19 day ahead inc hosp,quantile,0.75,420,COVID-19
DE-MV,00+,2022-03-15,2022-02-23,-20 day ahead inc hosp,quantile,0.75,384,COVID-19
DE-MV,00+,2022-03-15,2022-02-22,-21 day ahead inc hosp,quantile,0.75,366,COVID-19
DE-MV,00+,2022-03-15,2022-02-21,-22 day ahead inc hosp,quantile,0.75,355,COVID-19
DE-MV,00+,2022-03-15,2022-02-20,-23 day ahead inc hosp,quantile,0.75,357,COVID-19
DE-MV,00+,2022-03-15,2022-02-19,-24 day ahead inc hosp,quantile,0.75,352,COVID-19
DE-MV,00+,2022-03-15,2022-02-18,-25 day ahead inc hosp,quantile,0.75,332,COVID-19
DE-MV,00+,2022-03-15,2022-02-17,-26 day ahead inc hosp,quantile,0.75,324,COVID-19
DE-MV,00+,2022-03-15,2022-02-16,-27 day ahead inc hosp,quantile,0.75,340,COVID-19
DE-MV,00+,2022-03-15,2022-02-15,-28 day ahead inc hosp,quantile,0.75,339,COVID-19
DE-MV,00+,2022-03-15,2022-03-15,0 day ahead inc hosp,quantile,0.9,406,COVID-19
DE-MV,00+,2022-03-15,2022-03-14,-1 day ahead inc hosp,quantile,0.9,386,COVID-19
DE-MV,00+,2022-03-15,2022-03-13,-2 day ahead inc hosp,quantile,0.9,382,COVID-19
DE-MV,00+,2022-03-15,2022-03-12,-3 day ahead inc hosp,quantile,0.9,400,COVID-19
DE-MV,00+,2022-03-15,2022-03-11,-4 day ahead inc hosp,quantile,0.9,390,COVID-19
DE-MV,00+,2022-03-15,2022-03-10,-5 day ahead inc hosp,quantile,0.9,392,COVID-19
DE-MV,00+,2022-03-15,2022-03-09,-6 day ahead inc hosp,quantile,0.9,378,COVID-19
DE-MV,00+,2022-03-15,2022-03-08,-7 day ahead inc hosp,quantile,0.9,389,COVID-19
DE-MV,00+,2022-03-15,2022-03-07,-8 day ahead inc hosp,quantile,0.9,398,COVID-19
DE-MV,00+,2022-03-15,2022-03-06,-9 day ahead inc hosp,quantile,0.9,404,COVID-19
DE-MV,00+,2022-03-15,2022-03-05,-10 day ahead inc hosp,quantile,0.9,391,COVID-19
DE-MV,00+,2022-03-15,2022-03-04,-11 day ahead inc hosp,quantile,0.9,382,COVID-19
DE-MV,00+,2022-03-15,2022-03-03,-12 day ahead inc hosp,quantile,0.9,387,COVID-19
DE-MV,00+,2022-03-15,2022-03-02,-13 day ahead inc hosp,quantile,0.9,421,COVID-19
DE-MV,00+,2022-03-15,2022-03-01,-14 day ahead inc hosp,quantile,0.9,418,COVID-19
DE-MV,00+,2022-03-15,2022-02-28,-15 day ahead inc hosp,quantile,0.9,405,COVID-19
DE-MV,00+,2022-03-15,2022-02-27,-16 day ahead inc hosp,quantile,0.9,410,COVID-19
DE-MV,00+,2022-03-15,2022-02-26,-17 day ahead inc hosp,quantile,0.9,395,COVID-19
DE-MV,00+,2022-03-15,2022-02-25,-18 day ahead inc hosp,quantile,0.9,408,COVID-19
DE-MV,00+,2022-03-15,2022-02-24,-19 day ahead inc hosp,quantile,0.9,422,COVID-19
DE-MV,00+,2022-03-15,2022-02-23,-20 day ahead inc hosp,quantile,0.9,386,COVID-19
DE-MV,00+,2022-03-15,2022-02-22,-21 day ahead inc hosp,quantile,0.9,368,COVID-19
DE-MV,00+,2022-03-15,2022-02-21,-22 day ahead inc hosp,quantile,0.9,357,COVID-19
DE-MV,00+,2022-03-15,2022-02-20,-23 day ahead inc hosp,quantile,0.9,358,COVID-19
DE-MV,00+,2022-03-15,2022-02-19,-24 day ahead inc hosp,quantile,0.9,354,COVID-19
DE-MV,00+,2022-03-15,2022-02-18,-25 day ahead inc hosp,quantile,0.9,333,COVID-19
DE-MV,00+,2022-03-15,2022-02-17,-26 day ahead inc hosp,quantile,0.9,326,COVID-19
DE-MV,00+,2022-03-15,2022-02-16,-27 day ahead inc hosp,quantile,0.9,342,COVID-19
DE-MV,00+,2022-03-15,2022-02-15,-28 day ahead inc hosp,quantile,0.9,340,COVID-19
DE-MV,00+,2022-03-15,2022-03-15,0 day ahead inc hosp,quantile,0.975,419,COVID-19
DE-MV,00+,2022-03-15,2022-03-14,-1 day ahead inc hosp,quantile,0.975,396,COVID-19
DE-MV,00+,2022-03-15,2022-03-13,-2 day ahead inc hosp,quantile,0.975,391,COVID-19
DE-MV,00+,2022-03-15,2022-03-12,-3 day ahead inc hosp,quantile,0.975,408,COVID-19
DE-MV,00+,2022-03-15,2022-03-11,-4 day ahead inc hosp,quantile,0.975,397,COVID-19
DE-MV,00+,2022-03-15,2022-03-10,-5 day ahead inc hosp,quantile,0.975,399,COVID-19
DE-MV,00+,2022-03-15,2022-03-09,-6 day ahead inc hosp,quantile,0.975,384,COVID-19
DE-MV,00+,2022-03-15,2022-03-08,-7 day ahead inc hosp,quantile,0.975,394,COVID-19
DE-MV,00+,2022-03-15,2022-03-07,-8 day ahead inc hosp,quantile,0.975,403,COVID-19
DE-MV,00+,2022-03-15,2022-03-06,-9 day ahead inc hosp,quantile,0.975,409,COVID-19
DE-MV,00+,2022-03-15,2022-03-05,-10 day ahead inc hosp,quantile,0.975,396,COVID-19
DE-MV,00+,2022-03-15,2022-03-04,-11 day ahead inc hosp,quantile,0.975,387,COVID-19
DE-MV,00+,2022-03-15,2022-03-03,-12 day ahead inc hosp,quantile,0.975,391,COVID-19
DE-MV,00+,2022-03-15,2022-03-02,-13 day ahead inc hosp,quantile,0.975,426,COVID-19
DE-MV,00+,2022-03-15,2022-03-01,-14 day ahead inc hosp,quantile,0.975,422,COVID-19
DE-MV,00+,2022-03-15,2022-02-28,-15 day ahead inc hosp,quantile,0.975,408,COVID-19
DE-MV,00+,2022-03-15,2022-02-27,-16 day ahead inc hosp,quantile,0.975,414,COVID-19
DE-MV,00+,2022-03-15,2022-02-26,-17 day ahead inc hosp,quantile,0.975,399,COVID-19
DE-MV,00+,2022-03-15,2022-02-25,-18 day ahead inc hosp,quantile,0.975,411,COVID-19
DE-MV,00+,2022-03-15,2022-02-24,-19 day ahead inc hosp,quantile,0.975,426,COVID-19
DE-MV,00+,2022-03-15,2022-02-23,-20 day ahead inc hosp,quantile,0.975,389,COVID-19
DE-MV,00+,2022-03-15,2022-02-22,-21 day ahead inc hosp,quantile,0.975,371,COVID-19
DE-MV,00+,2022-03-15,2022-02-21,-22 day ahead inc hosp,quantile,0.975,360,COVID-19
DE-MV,00+,2022-03-15,2022-02-20,-23 day ahead inc hosp,quantile,0.975,361,COVID-19
DE-MV,00+,2022-03-15,2022-02-19,-24 day ahead inc hosp,quantile,0.975,357,COVID-19
DE-MV,00+,2022-03-15,2022-02-18,-25 day ahead inc hosp,quantile,0.975,336,COVID-19
DE-MV,00+,2022-03-15,2022-02-17,-26 day ahead inc hosp,quantile,0.975,329,COVID-19
DE-MV,00+,2022-03-15,2022-02-16,-27 day ahead inc hosp,quantile,0.975,345,COVID-19
DE-MV,00+,2022-03-15,2022-02-15,-28 day ahead inc hosp,quantile,0.975,344,COVID-19
DE-NI,00+,2022-03-15,2022-03-15,0 day ahead inc hosp,mean,NA,673.9,COVID-19
DE-NI,00+,2022-03-15,2022-03-14,-1 day ahead inc hosp,mean,NA,640.4,COVID-19
DE-NI,00+,2022-03-15,2022-03-13,-2 day ahead inc hosp,mean,NA,633.2,COVID-19
DE-NI,00+,2022-03-15,2022-03-12,-3 day ahead inc hosp,mean,NA,586.5,COVID-19
DE-NI,00+,2022-03-15,2022-03-11,-4 day ahead inc hosp,mean,NA,582.5,COVID-19
DE-NI,00+,2022-03-15,2022-03-10,-5 day ahead inc hosp,mean,NA,589.7,COVID-19
DE-NI,00+,2022-03-15,2022-03-09,-6 day ahead inc hosp,mean,NA,628.7,COVID-19
DE-NI,00+,2022-03-15,2022-03-08,-7 day ahead inc hosp,mean,NA,644.7,COVID-19
DE-NI,00+,2022-03-15,2022-03-07,-8 day ahead inc hosp,mean,NA,646.4,COVID-19
DE-NI,00+,2022-03-15,2022-03-06,-9 day ahead inc hosp,mean,NA,634.8,COVID-19
DE-NI,00+,2022-03-15,2022-03-05,-10 day ahead inc hosp,mean,NA,639.9,COVID-19
DE-NI,00+,2022-03-15,2022-03-04,-11 day ahead inc hosp,mean,NA,638.1,COVID-19
DE-NI,00+,2022-03-15,2022-03-03,-12 day ahead inc hosp,mean,NA,585.7,COVID-19
DE-NI,00+,2022-03-15,2022-03-02,-13 day ahead inc hosp,mean,NA,561.7,COVID-19
DE-NI,00+,2022-03-15,2022-03-01,-14 day ahead inc hosp,mean,NA,576.7,COVID-19
DE-NI,00+,2022-03-15,2022-02-28,-15 day ahead inc hosp,mean,NA,582.4,COVID-19
DE-NI,00+,2022-03-15,2022-02-27,-16 day ahead inc hosp,mean,NA,584.9,COVID-19
DE-NI,00+,2022-03-15,2022-02-26,-17 day ahead inc hosp,mean,NA,595.9,COVID-19
DE-NI,00+,2022-03-15,2022-02-25,-18 day ahead inc hosp,mean,NA,583.9,COVID-19
DE-NI,00+,2022-03-15,2022-02-24,-19 day ahead inc hosp,mean,NA,595,COVID-19
DE-NI,00+,2022-03-15,2022-02-23,-20 day ahead inc hosp,mean,NA,581.4,COVID-19
DE-NI,00+,2022-03-15,2022-02-22,-21 day ahead inc hosp,mean,NA,567.3,COVID-19
DE-NI,00+,2022-03-15,2022-02-21,-22 day ahead inc hosp,mean,NA,554.2,COVID-19
DE-NI,00+,2022-03-15,2022-02-20,-23 day ahead inc hosp,mean,NA,555,COVID-19
DE-NI,00+,2022-03-15,2022-02-19,-24 day ahead inc hosp,mean,NA,540.3,COVID-19
DE-NI,00+,2022-03-15,2022-02-18,-25 day ahead inc hosp,mean,NA,566.1,COVID-19
DE-NI,00+,2022-03-15,2022-02-17,-26 day ahead inc hosp,mean,NA,561.6,COVID-19
DE-NI,00+,2022-03-15,2022-02-16,-27 day ahead inc hosp,mean,NA,592.8,COVID-19
DE-NI,00+,2022-03-15,2022-02-15,-28 day ahead inc hosp,mean,NA,592.8,COVID-19
DE-NI,00+,2022-03-15,2022-03-15,0 day ahead inc hosp,quantile,0.025,618,COVID-19
DE-NI,00+,2022-03-15,2022-03-14,-1 day ahead inc hosp,quantile,0.025,594,COVID-19
DE-NI,00+,2022-03-15,2022-03-13,-2 day ahead inc hosp,quantile,0.025,593,COVID-19
DE-NI,00+,2022-03-15,2022-03-12,-3 day ahead inc hosp,quantile,0.025,553,COVID-19
DE-NI,00+,2022-03-15,2022-03-11,-4 day ahead inc hosp,quantile,0.025,553,COVID-19
DE-NI,00+,2022-03-15,2022-03-10,-5 day ahead inc hosp,quantile,0.025,564,COVID-19
DE-NI,00+,2022-03-15,2022-03-09,-6 day ahead inc hosp,quantile,0.025,605,COVID-19
DE-NI,00+,2022-03-15,2022-03-08,-7 day ahead inc hosp,quantile,0.025,623,COVID-19
DE-NI,00+,2022-03-15,2022-03-07,-8 day ahead inc hosp,quantile,0.025,626,COVID-19
DE-NI,00+,2022-03-15,2022-03-06,-9 day ahead inc hosp,quantile,0.025,615,COVID-19
DE-NI,00+,2022-03-15,2022-03-05,-10 day ahead inc hosp,quantile,0.025,621,COVID-19
DE-NI,00+,2022-03-15,2022-03-04,-11 day ahead inc hosp,quantile,0.025,620,COVID-19
DE-NI,00+,2022-03-15,2022-03-03,-12 day ahead inc hosp,quantile,0.025,571,COVID-19
DE-NI,00+,2022-03-15,2022-03-02,-13 day ahead inc hosp,quantile,0.025,548,COVID-19
DE-NI,00+,2022-03-15,2022-03-01,-14 day ahead inc hosp,quantile,0.025,564,COVID-19
DE-NI,00+,2022-03-15,2022-02-28,-15 day ahead inc hosp,quantile,0.025,570,COVID-19
DE-NI,00+,2022-03-15,2022-02-27,-16 day ahead inc hosp,quantile,0.025,573,COVID-19
DE-NI,00+,2022-03-15,2022-02-26,-17 day ahead inc hosp,quantile,0.025,585,COVID-19
DE-NI,00+,2022-03-15,2022-02-25,-18 day ahead inc hosp,quantile,0.025,574,COVID-19
DE-NI,00+,2022-03-15,2022-02-24,-19 day ahead inc hosp,quantile,0.025,586,COVID-19
DE-NI,00+,2022-03-15,2022-02-23,-20 day ahead inc hosp,quantile,0.025,573,COVID-19
DE-NI,00+,2022-03-15,2022-02-22,-21 day ahead inc hosp,quantile,0.025,560,COVID-19
DE-NI,00+,2022-03-15,2022-02-21,-22 day ahead inc hosp,quantile,0.025,548,COVID-19
DE-NI,00+,2022-03-15,2022-02-20,-23 day ahead inc hosp,quantile,0.025,549,COVID-19
DE-NI,00+,2022-03-15,2022-02-19,-24 day ahead inc hosp,quantile,0.025,535,COVID-19
DE-NI,00+,2022-03-15,2022-02-18,-25 day ahead inc hosp,quantile,0.025,561,COVID-19
DE-NI,00+,2022-03-15,2022-02-17,-26 day ahead inc hosp,quantile,0.025,557,COVID-19
DE-NI,00+,2022-03-15,2022-02-16,-27 day ahead inc hosp,quantile,0.025,589,COVID-19
DE-NI,00+,2022-03-15,2022-02-15,-28 day ahead inc hosp,quantile,0.025,589,COVID-19
DE-NI,00+,2022-03-15,2022-03-15,0 day ahead inc hosp,quantile,0.1,637,COVID-19
DE-NI,00+,2022-03-15,2022-03-14,-1 day ahead inc hosp,quantile,0.1,610,COVID-19
DE-NI,00+,2022-03-15,2022-03-13,-2 day ahead inc hosp,quantile,0.1,606,COVID-19
DE-NI,00+,2022-03-15,2022-03-12,-3 day ahead inc hosp,quantile,0.1,564,COVID-19
DE-NI,00+,2022-03-15,2022-03-11,-4 day ahead inc hosp,quantile,0.1,563,COVID-19
DE-NI,00+,2022-03-15,2022-03-10,-5 day ahead inc hosp,quantile,0.1,573,COVID-19
DE-NI,00+,2022-03-15,2022-03-09,-6 day ahead inc hosp,quantile,0.1,613,COVID-19
DE-NI,00+,2022-03-15,2022-03-08,-7 day ahead inc hosp,quantile,0.1,630,COVID-19
DE-NI,00+,2022-03-15,2022-03-07,-8 day ahead inc hosp,quantile,0.1,633,COVID-19
DE-NI,00+,2022-03-15,2022-03-06,-9 day ahead inc hosp,quantile,0.1,622,COVID-19
DE-NI,00+,2022-03-15,2022-03-05,-10 day ahead inc hosp,quantile,0.1,628,COVID-19
DE-NI,00+,2022-03-15,2022-03-04,-11 day ahead inc hosp,quantile,0.1,626,COVID-19
DE-NI,00+,2022-03-15,2022-03-03,-12 day ahead inc hosp,quantile,0.1,576,COVID-19
DE-NI,00+,2022-03-15,2022-03-02,-13 day ahead inc hosp,quantile,0.1,553,COVID-19
DE-NI,00+,2022-03-15,2022-03-01,-14 day ahead inc hosp,quantile,0.1,568,COVID-19
DE-NI,00+,2022-03-15,2022-02-28,-15 day ahead inc hosp,quantile,0.1,574,COVID-19
DE-NI,00+,2022-03-15,2022-02-27,-16 day ahead inc hosp,quantile,0.1,577,COVID-19
DE-NI,00+,2022-03-15,2022-02-26,-17 day ahead inc hosp,quantile,0.1,589,COVID-19
DE-NI,00+,2022-03-15,2022-02-25,-18 day ahead inc hosp,quantile,0.1,577,COVID-19
DE-NI,00+,2022-03-15,2022-02-24,-19 day ahead inc hosp,quantile,0.1,589,COVID-19
DE-NI,00+,2022-03-15,2022-02-23,-20 day ahead inc hosp,quantile,0.1,576,COVID-19
DE-NI,00+,2022-03-15,2022-02-22,-21 day ahead inc hosp,quantile,0.1,562,COVID-19
DE-NI,00+,2022-03-15,2022-02-21,-22 day ahead inc hosp,quantile,0.1,550,COVID-19
DE-NI,00+,2022-03-15,2022-02-20,-23 day ahead inc hosp,quantile,0.1,551,COVID-19
DE-NI,00+,2022-03-15,2022-02-19,-24 day ahead inc hosp,quantile,0.1,536,COVID-19
DE-NI,00+,2022-03-15,2022-02-18,-25 day ahead inc hosp,quantile,0.1,562,COVID-19
DE-NI,00+,2022-03-15,2022-02-17,-26 day ahead inc hosp,quantile,0.1,558,COVID-19
DE-NI,00+,2022-03-15,2022-02-16,-27 day ahead inc hosp,quantile,0.1,590,COVID-19
DE-NI,00+,2022-03-15,2022-02-15,-28 day ahead inc hosp,quantile,0.1,590,COVID-19
DE-NI,00+,2022-03-15,2022-03-15,0 day ahead inc hosp,quantile,0.25,654,COVID-19
DE-NI,00+,2022-03-15,2022-03-14,-1 day ahead inc hosp,quantile,0.25,624,COVID-19
DE-NI,00+,2022-03-15,2022-03-13,-2 day ahead inc hosp,quantile,0.25,619,COVID-19
DE-NI,00+,2022-03-15,2022-03-12,-3 day ahead inc hosp,quantile,0.25,575,COVID-19
DE-NI,00+,2022-03-15,2022-03-11,-4 day ahead inc hosp,quantile,0.25,572,COVID-19
DE-NI,00+,2022-03-15,2022-03-10,-5 day ahead inc hosp,quantile,0.25,581,COVID-19
DE-NI,00+,2022-03-15,2022-03-09,-6 day ahead inc hosp,quantile,0.25,620,COVID-19
DE-NI,00+,2022-03-15,2022-03-08,-7 day ahead inc hosp,quantile,0.25,637,COVID-19
DE-NI,00+,2022-03-15,2022-03-07,-8 day ahead inc hosp,quantile,0.25,639,COVID-19
DE-NI,00+,2022-03-15,2022-03-06,-9 day ahead inc hosp,quantile,0.25,628,COVID-19
DE-NI,00+,2022-03-15,2022-03-05,-10 day ahead inc hosp,quantile,0.25,633,COVID-19
DE-NI,00+,2022-03-15,2022-03-04,-11 day ahead inc hosp,quantile,0.25,632,COVID-19
DE-NI,00+,2022-03-15,2022-03-03,-12 day ahead inc hosp,quantile,0.25,580,COVID-19
DE-NI,00+,2022-03-15,2022-03-02,-13 day ahead inc hosp,quantile,0.25,557,COVID-19
DE-NI,00+,2022-03-15,2022-03-01,-14 day ahead inc hosp,quantile,0.25,572,COVID-19
DE-NI,00+,2022-03-15,2022-02-28,-15 day ahead inc hosp,quantile,0.25,578,COVID-19
DE-NI,00+,2022-03-15,2022-02-27,-16 day ahead inc hosp,quantile,0.25,581,COVID-19
DE-NI,00+,2022-03-15,2022-02-26,-17 day ahead inc hosp,quantile,0.25,592,COVID-19
DE-NI,00+,2022-03-15,2022-02-25,-18 day ahead inc hosp,quantile,0.25,580,COVID-19
DE-NI,00+,2022-03-15,2022-02-24,-19 day ahead inc hosp,quantile,0.25,592,COVID-19
DE-NI,00+,2022-03-15,2022-02-23,-20 day ahead inc hosp,quantile,0.25,578,COVID-19
DE-NI,00+,2022-03-15,2022-02-22,-21 day ahead inc hosp,quantile,0.25,565,COVID-19
DE-NI,00+,2022-03-15,2022-02-21,-22 day ahead inc hosp,quantile,0.25,552,COVID-19
DE-NI,00+,2022-03-15,2022-02-20,-23 day ahead inc hosp,quantile,0.25,553,COVID-19
DE-NI,00+,2022-03-15,2022-02-19,-24 day ahead inc hosp,quantile,0.25,538,COVID-19
DE-NI,00+,2022-03-15,2022-02-18,-25 day ahead inc hosp,quantile,0.25,564,COVID-19
DE-NI,00+,2022-03-15,2022-02-17,-26 day ahead inc hosp,quantile,0.25,560,COVID-19
DE-NI,00+,2022-03-15,2022-02-16,-27 day ahead inc hosp,quantile,0.25,591,COVID-19
DE-NI,00+,2022-03-15,2022-02-15,-28 day ahead inc hosp,quantile,0.25,591,COVID-19
DE-NI,00+,2022-03-15,2022-03-15,0 day ahead inc hosp,quantile,0.5,675,COVID-19
DE-NI,00+,2022-03-15,2022-03-14,-1 day ahead inc hosp,quantile,0.5,641,COVID-19
DE-NI,00+,2022-03-15,2022-03-13,-2 day ahead inc hosp,quantile,0.5,634,COVID-19
DE-NI,00+,2022-03-15,2022-03-12,-3 day ahead inc hosp,quantile,0.5,587,COVID-19
DE-NI,00+,2022-03-15,2022-03-11,-4 day ahead inc hosp,quantile,0.5,583,COVID-19
DE-NI,00+,2022-03-15,2022-03-10,-5 day ahead inc hosp,quantile,0.5,590,COVID-19
DE-NI,00+,2022-03-15,2022-03-09,-6 day ahead inc hosp,quantile,0.5,629,COVID-19
DE-NI,00+,2022-03-15,2022-03-08,-7 day ahead inc hosp,quantile,0.5,645,COVID-19
DE-NI,00+,2022-03-15,2022-03-07,-8 day ahead inc hosp,quantile,0.5,647,COVID-19
DE-NI,00+,2022-03-15,2022-03-06,-9 day ahead inc hosp,quantile,0.5,635,COVID-19
DE-NI,00+,2022-03-15,2022-03-05,-10 day ahead inc hosp,quantile,0.5,640,COVID-19
DE-NI,00+,2022-03-15,2022-03-04,-11 day ahead inc hosp,quantile,0.5,638,COVID-19
DE-NI,00+,2022-03-15,2022-03-03,-12 day ahead inc hosp,quantile,0.5,586,COVID-19
DE-NI,00+,2022-03-15,2022-03-02,-13 day ahead inc hosp,quantile,0.5,562,COVID-19
DE-NI,00+,2022-03-15,2022-03-01,-14 day ahead inc hosp,quantile,0.5,577,COVID-19
DE-NI,00+,2022-03-15,2022-02-28,-15 day ahead inc hosp,quantile,0.5,582,COVID-19
DE-NI,00+,2022-03-15,2022-02-27,-16 day ahead inc hosp,quantile,0.5,585,COVID-19
DE-NI,00+,2022-03-15,2022-02-26,-17 day ahead inc hosp,quantile,0.5,596,COVID-19
DE-NI,00+,2022-03-15,2022-02-25,-18 day ahead inc hosp,quantile,0.5,584,COVID-19
DE-NI,00+,2022-03-15,2022-02-24,-19 day ahead inc hosp,quantile,0.5,595,COVID-19
DE-NI,00+,2022-03-15,2022-02-23,-20 day ahead inc hosp,quantile,0.5,581,COVID-19
DE-NI,00+,2022-03-15,2022-02-22,-21 day ahead inc hosp,quantile,0.5,567,COVID-19
DE-NI,00+,2022-03-15,2022-02-21,-22 day ahead inc hosp,quantile,0.5,554,COVID-19
DE-NI,00+,2022-03-15,2022-02-20,-23 day ahead inc hosp,quantile,0.5,555,COVID-19
DE-NI,00+,2022-03-15,2022-02-19,-24 day ahead inc hosp,quantile,0.5,540,COVID-19
DE-NI,00+,2022-03-15,2022-02-18,-25 day ahead inc hosp,quantile,0.5,566,COVID-19
DE-NI,00+,2022-03-15,2022-02-17,-26 day ahead inc hosp,quantile,0.5,562,COVID-19
DE-NI,00+,2022-03-15,2022-02-16,-27 day ahead inc hosp,quantile,0.5,593,COVID-19
DE-NI,00+,2022-03-15,2022-02-15,-28 day ahead inc hosp,quantile,0.5,593,COVID-19
DE-NI,00+,2022-03-15,2022-03-15,0 day ahead inc hosp,quantile,0.75,697,COVID-19
DE-NI,00+,2022-03-15,2022-03-14,-1 day ahead inc hosp,quantile,0.75,659,COVID-19
DE-NI,00+,2022-03-15,2022-03-13,-2 day ahead inc hosp,quantile,0.75,649,COVID-19
DE-NI,00+,2022-03-15,2022-03-12,-3 day ahead inc hosp,quantile,0.75,600,COVID-19
DE-NI,00+,2022-03-15,2022-03-11,-4 day ahead inc hosp,quantile,0.75,594,COVID-19
DE-NI,00+,2022-03-15,2022-03-10,-5 day ahead inc hosp,quantile,0.75,599,COVID-19
DE-NI,00+,2022-03-15,2022-03-09,-6 day ahead inc hosp,quantile,0.75,638,COVID-19
DE-NI,00+,2022-03-15,2022-03-08,-7 day ahead inc hosp,quantile,0.75,654,COVID-19
DE-NI,00+,2022-03-15,2022-03-07,-8 day ahead inc hosp,quantile,0.75,655,COVID-19
DE-NI,00+,2022-03-15,2022-03-06,-9 day ahead inc hosp,quantile,0.75,643,COVID-19
DE-NI,00+,2022-03-15,2022-03-05,-10 day ahead inc hosp,quantile,0.75,647,COVID-19
DE-NI,00+,2022-03-15,2022-03-04,-11 day ahead inc hosp,quantile,0.75,645,COVID-19
DE-NI,00+,2022-03-15,2022-03-03,-12 day ahead inc hosp,quantile,0.75,592,COVID-19
DE-NI,00+,2022-03-15,2022-03-02,-13 day ahead inc hosp,quantile,0.75,567,COVID-19
DE-NI,00+,2022-03-15,2022-03-01,-14 day ahead inc hosp,quantile,0.75,582,COVID-19
DE-NI,00+,2022-03-15,2022-02-28,-15 day ahead inc hosp,quantile,0.75,587,COVID-19
DE-NI,00+,2022-03-15,2022-02-27,-16 day ahead inc hosp,quantile,0.75,589,COVID-19
DE-NI,00+,2022-03-15,2022-02-26,-17 day ahead inc hosp,quantile,0.75,600,COVID-19
DE-NI,00+,2022-03-15,2022-02-25,-18 day ahead inc hosp,quantile,0.75,588,COVID-19
DE-NI,00+,2022-03-15,2022-02-24,-19 day ahead inc hosp,quantile,0.75,599,COVID-19
DE-NI,00+,2022-03-15,2022-02-23,-20 day ahead inc hosp,quantile,0.75,585,COVID-19
DE-NI,00+,2022-03-15,2022-02-22,-21 day ahead inc hosp,quantile,0.75,570,COVID-19
DE-NI,00+,2022-03-15,2022-02-21,-22 day ahead inc hosp,quantile,0.75,557,COVID-19
DE-NI,00+,2022-03-15,2022-02-20,-23 day ahead inc hosp,quantile,0.75,558,COVID-19
DE-NI,00+,2022-03-15,2022-02-19,-24 day ahead inc hosp,quantile,0.75,543,COVID-19
DE-NI,00+,2022-03-15,2022-02-18,-25 day ahead inc hosp,quantile,0.75,568,COVID-19
DE-NI,00+,2022-03-15,2022-02-17,-26 day ahead inc hosp,quantile,0.75,564,COVID-19
DE-NI,00+,2022-03-15,2022-02-16,-27 day ahead inc hosp,quantile,0.75,595,COVID-19
DE-NI,00+,2022-03-15,2022-02-15,-28 day ahead inc hosp,quantile,0.75,594,COVID-19
DE-NI,00+,2022-03-15,2022-03-15,0 day ahead inc hosp,quantile,0.9,717,COVID-19
DE-NI,00+,2022-03-15,2022-03-14,-1 day ahead inc hosp,quantile,0.9,676,COVID-19
DE-NI,00+,2022-03-15,2022-03-13,-2 day ahead inc hosp,quantile,0.9,664,COVID-19
DE-NI,00+,2022-03-15,2022-03-12,-3 day ahead inc hosp,quantile,0.9,611,COVID-19
DE-NI,00+,2022-03-15,2022-03-11,-4 day ahead inc hosp,quantile,0.9,604,COVID-19
DE-NI,00+,2022-03-15,2022-03-10,-5 day ahead inc hosp,quantile,0.9,608,COVID-19
DE-NI,00+,2022-03-15,2022-03-09,-6 day ahead inc hosp,quantile,0.9,647,COVID-19
DE-NI,00+,2022-03-15,2022-03-08,-7 day ahead inc hosp,quantile,0.9,661,COVID-19
DE-NI,00+,2022-03-15,2022-03-07,-8 day ahead inc hosp,quantile,0.9,662,COVID-19
DE-NI,00+,2022-03-15,2022-03-06,-9 day ahead inc hosp,quantile,0.9,649,COVID-19
DE-NI,00+,2022-03-15,2022-03-05,-10 day ahead inc hosp,quantile,0.9,654,COVID-19
DE-NI,00+,2022-03-15,2022-03-04,-11 day ahead inc hosp,quantile,0.9,651,COVID-19
DE-NI,00+,2022-03-15,2022-03-03,-12 day ahead inc hosp,quantile,0.9,597,COVID-19
DE-NI,00+,2022-03-15,2022-03-02,-13 day ahead inc hosp,quantile,0.9,572,COVID-19
DE-NI,00+,2022-03-15,2022-03-01,-14 day ahead inc hosp,quantile,0.9,586,COVID-19
DE-NI,00+,2022-03-15,2022-02-28,-15 day ahead inc hosp,quantile,0.9,591,COVID-19
DE-NI,00+,2022-03-15,2022-02-27,-16 day ahead inc hosp,quantile,0.9,593,COVID-19
DE-NI,00+,2022-03-15,2022-02-26,-17 day ahead inc hosp,quantile,0.9,604,COVID-19
DE-NI,00+,2022-03-15,2022-02-25,-18 day ahead inc hosp,quantile,0.9,592,COVID-19
DE-NI,00+,2022-03-15,2022-02-24,-19 day ahead inc hosp,quantile,0.9,602,COVID-19
DE-NI,00+,2022-03-15,2022-02-23,-20 day ahead inc hosp,quantile,0.9,588,COVID-19
DE-NI,00+,2022-03-15,2022-02-22,-21 day ahead inc hosp,quantile,0.9,573,COVID-19
DE-NI,00+,2022-03-15,2022-02-21,-22 day ahead inc hosp,quantile,0.9,559,COVID-19
DE-NI,00+,2022-03-15,2022-02-20,-23 day ahead inc hosp,quantile,0.9,560,COVID-19
DE-NI,00+,2022-03-15,2022-02-19,-24 day ahead inc hosp,quantile,0.9,545,COVID-19
DE-NI,00+,2022-03-15,2022-02-18,-25 day ahead inc hosp,quantile,0.9,570,COVID-19
DE-NI,00+,2022-03-15,2022-02-17,-26 day ahead inc hosp,quantile,0.9,566,COVID-19
DE-NI,00+,2022-03-15,2022-02-16,-27 day ahead inc hosp,quantile,0.9,597,COVID-19
DE-NI,00+,2022-03-15,2022-02-15,-28 day ahead inc hosp,quantile,0.9,596,COVID-19
DE-NI,00+,2022-03-15,2022-03-15,0 day ahead inc hosp,quantile,0.975,743,COVID-19
DE-NI,00+,2022-03-15,2022-03-14,-1 day ahead inc hosp,quantile,0.975,697,COVID-19
DE-NI,00+,2022-03-15,2022-03-13,-2 day ahead inc hosp,quantile,0.975,683,COVID-19
DE-NI,00+,2022-03-15,2022-03-12,-3 day ahead inc hosp,quantile,0.975,626,COVID-19
DE-NI,00+,2022-03-15,2022-03-11,-4 day ahead inc hosp,quantile,0.975,617,COVID-19
DE-NI,00+,2022-03-15,2022-03-10,-5 day ahead inc hosp,quantile,0.975,618,COVID-19
DE-NI,00+,2022-03-15,2022-03-09,-6 day ahead inc hosp,quantile,0.975,656,COVID-19
DE-NI,00+,2022-03-15,2022-03-08,-7 day ahead inc hosp,quantile,0.975,670,COVID-19
DE-NI,00+,2022-03-15,2022-03-07,-8 day ahead inc hosp,quantile,0.975,670,COVID-19
DE-NI,00+,2022-03-15,2022-03-06,-9 day ahead inc hosp,quantile,0.975,657,COVID-19
DE-NI,00+,2022-03-15,2022-03-05,-10 day ahead inc hosp,quantile,0.975,662,COVID-19
DE-NI,00+,2022-03-15,2022-03-04,-11 day ahead inc hosp,quantile,0.975,658,COVID-19
DE-NI,00+,2022-03-15,2022-03-03,-12 day ahead inc hosp,quantile,0.975,603,COVID-19
DE-NI,00+,2022-03-15,2022-03-02,-13 day ahead inc hosp,quantile,0.975,577,COVID-19
DE-NI,00+,2022-03-15,2022-03-01,-14 day ahead inc hosp,quantile,0.975,591,COVID-19
DE-NI,00+,2022-03-15,2022-02-28,-15 day ahead inc hosp,quantile,0.975,596,COVID-19
DE-NI,00+,2022-03-15,2022-02-27,-16 day ahead inc hosp,quantile,0.975,598,COVID-19
DE-NI,00+,2022-03-15,2022-02-26,-17 day ahead inc hosp,quantile,0.975,609,COVID-19
DE-NI,00+,2022-03-15,2022-02-25,-18 day ahead inc hosp,quantile,0.975,596,COVID-19
DE-NI,00+,2022-03-15,2022-02-24,-19 day ahead inc hosp,quantile,0.975,606,COVID-19
DE-NI,00+,2022-03-15,2022-02-23,-20 day ahead inc hosp,quantile,0.975,592,COVID-19
DE-NI,00+,2022-03-15,2022-02-22,-21 day ahead inc hosp,quantile,0.975,576,COVID-19
DE-NI,00+,2022-03-15,2022-02-21,-22 day ahead inc hosp,quantile,0.975,563,COVID-19
DE-NI,00+,2022-03-15,2022-02-20,-23 day ahead inc hosp,quantile,0.975,563,COVID-19
DE-NI,00+,2022-03-15,2022-02-19,-24 day ahead inc hosp,quantile,0.975,547,COVID-19
DE-NI,00+,2022-03-15,2022-02-18,-25 day ahead inc hosp,quantile,0.975,573,COVID-19
DE-NI,00+,2022-03-15,2022-02-17,-26 day ahead inc hosp,quantile,0.975,568,COVID-19
DE-NI,00+,2022-03-15,2022-02-16,-27 day ahead inc hosp,quantile,0.975,599,COVID-19
DE-NI,00+,2022-03-15,2022-02-15,-28 day ahead inc hosp,quantile,0.975,598,COVID-19
DE-NW,00+,2022-03-15,2022-03-15,0 day ahead inc hosp,mean,NA,2586.3,COVID-19
DE-NW,00+,2022-03-15,2022-03-14,-1 day ahead inc hosp,mean,NA,2604,COVID-19
DE-NW,00+,2022-03-15,2022-03-13,-2 day ahead inc hosp,mean,NA,2563.6,COVID-19
DE-NW,00+,2022-03-15,2022-03-12,-3 day ahead inc hosp,mean,NA,2468.6,COVID-19
DE-NW,00+,2022-03-15,2022-03-11,-4 day ahead inc hosp,mean,NA,2409.7,COVID-19
DE-NW,00+,2022-03-15,2022-03-10,-5 day ahead inc hosp,mean,NA,2359.5,COVID-19
DE-NW,00+,2022-03-15,2022-03-09,-6 day ahead inc hosp,mean,NA,2259.9,COVID-19
DE-NW,00+,2022-03-15,2022-03-08,-7 day ahead inc hosp,mean,NA,2115.4,COVID-19
DE-NW,00+,2022-03-15,2022-03-07,-8 day ahead inc hosp,mean,NA,2002.2,COVID-19
DE-NW,00+,2022-03-15,2022-03-06,-9 day ahead inc hosp,mean,NA,1958.5,COVID-19
DE-NW,00+,2022-03-15,2022-03-05,-10 day ahead inc hosp,mean,NA,1960.3,COVID-19
DE-NW,00+,2022-03-15,2022-03-04,-11 day ahead inc hosp,mean,NA,2001.2,COVID-19
DE-NW,00+,2022-03-15,2022-03-03,-12 day ahead inc hosp,mean,NA,1952.6,COVID-19
DE-NW,00+,2022-03-15,2022-03-02,-13 day ahead inc hosp,mean,NA,1936.8,COVID-19
DE-NW,00+,2022-03-15,2022-03-01,-14 day ahead inc hosp,mean,NA,1975.4,COVID-19
DE-NW,00+,2022-03-15,2022-02-28,-15 day ahead inc hosp,mean,NA,2089.5,COVID-19
DE-NW,00+,2022-03-15,2022-02-27,-16 day ahead inc hosp,mean,NA,2134.1,COVID-19
DE-NW,00+,2022-03-15,2022-02-26,-17 day ahead inc hosp,mean,NA,2189,COVID-19
DE-NW,00+,2022-03-15,2022-02-25,-18 day ahead inc hosp,mean,NA,2174.7,COVID-19
DE-NW,00+,2022-03-15,2022-02-24,-19 day ahead inc hosp,mean,NA,2239.1,COVID-19
DE-NW,00+,2022-03-15,2022-02-23,-20 day ahead inc hosp,mean,NA,2294.8,COVID-19
DE-NW,00+,2022-03-15,2022-02-22,-21 day ahead inc hosp,mean,NA,2345.1,COVID-19
DE-NW,00+,2022-03-15,2022-02-21,-22 day ahead inc hosp,mean,NA,2335,COVID-19
DE-NW,00+,2022-03-15,2022-02-20,-23 day ahead inc hosp,mean,NA,2310.7,COVID-19
DE-NW,00+,2022-03-15,2022-02-19,-24 day ahead inc hosp,mean,NA,2301.4,COVID-19
DE-NW,00+,2022-03-15,2022-02-18,-25 day ahead inc hosp,mean,NA,2323.2,COVID-19
DE-NW,00+,2022-03-15,2022-02-17,-26 day ahead inc hosp,mean,NA,2313.8,COVID-19
DE-NW,00+,2022-03-15,2022-02-16,-27 day ahead inc hosp,mean,NA,2333.4,COVID-19
DE-NW,00+,2022-03-15,2022-02-15,-28 day ahead inc hosp,mean,NA,2392.2,COVID-19
DE-NW,00+,2022-03-15,2022-03-15,0 day ahead inc hosp,quantile,0.025,2457,COVID-19
DE-NW,00+,2022-03-15,2022-03-14,-1 day ahead inc hosp,quantile,0.025,2497,COVID-19
DE-NW,00+,2022-03-15,2022-03-13,-2 day ahead inc hosp,quantile,0.025,2468,COVID-19
DE-NW,00+,2022-03-15,2022-03-12,-3 day ahead inc hosp,quantile,0.025,2387,COVID-19
DE-NW,00+,2022-03-15,2022-03-11,-4 day ahead inc hosp,quantile,0.025,2340,COVID-19
DE-NW,00+,2022-03-15,2022-03-10,-5 day ahead inc hosp,quantile,0.025,2298,COVID-19
DE-NW,00+,2022-03-15,2022-03-09,-6 day ahead inc hosp,quantile,0.025,2206,COVID-19
DE-NW,00+,2022-03-15,2022-03-08,-7 day ahead inc hosp,quantile,0.025,2069,COVID-19
DE-NW,00+,2022-03-15,2022-03-07,-8 day ahead inc hosp,quantile,0.025,1960,COVID-19
DE-NW,00+,2022-03-15,2022-03-06,-9 day ahead inc hosp,quantile,0.025,1918,COVID-19
DE-NW,00+,2022-03-15,2022-03-05,-10 day ahead inc hosp,quantile,0.025,1921,COVID-19
DE-NW,00+,2022-03-15,2022-03-04,-11 day ahead inc hosp,quantile,0.025,1964,COVID-19
DE-NW,00+,2022-03-15,2022-03-03,-12 day ahead inc hosp,quantile,0.025,1919,COVID-19
DE-NW,00+,2022-03-15,2022-03-02,-13 day ahead inc hosp,quantile,0.025,1904,COVID-19
DE-NW,00+,2022-03-15,2022-03-01,-14 day ahead inc hosp,quantile,0.025,1945,COVID-19
DE-NW,00+,2022-03-15,2022-02-28,-15 day ahead inc hosp,quantile,0.025,2060,COVID-19
DE-NW,00+,2022-03-15,2022-02-27,-16 day ahead inc hosp,quantile,0.025,2105,COVID-19
DE-NW,00+,2022-03-15,2022-02-26,-17 day ahead inc hosp,quantile,0.025,2161,COVID-19
DE-NW,00+,2022-03-15,2022-02-25,-18 day ahead inc hosp,quantile,0.025,2149,COVID-19
DE-NW,00+,2022-03-15,2022-02-24,-19 day ahead inc hosp,quantile,0.025,2214,COVID-19
DE-NW,00+,2022-03-15,2022-02-23,-20 day ahead inc hosp,quantile,0.025,2271,COVID-19
DE-NW,00+,2022-03-15,2022-02-22,-21 day ahead inc hosp,quantile,0.025,2323,COVID-19
DE-NW,00+,2022-03-15,2022-02-21,-22 day ahead inc hosp,quantile,0.025,2314,COVID-19
DE-NW,00+,2022-03-15,2022-02-20,-23 day ahead inc hosp,quantile,0.025,2290,COVID-19
DE-NW,00+,2022-03-15,2022-02-19,-24 day ahead inc hosp,quantile,0.025,2282,COVID-19
DE-NW,00+,2022-03-15,2022-02-18,-25 day ahead inc hosp,quantile,0.025,2305,COVID-19
DE-NW,00+,2022-03-15,2022-02-17,-26 day ahead inc hosp,quantile,0.025,2297,COVID-19
DE-NW,00+,2022-03-15,2022-02-16,-27 day ahead inc hosp,quantile,0.025,2317,COVID-19
DE-NW,00+,2022-03-15,2022-02-15,-28 day ahead inc hosp,quantile,0.025,2377,COVID-19
DE-NW,00+,2022-03-15,2022-03-15,0 day ahead inc hosp,quantile,0.1,2501,COVID-19
DE-NW,00+,2022-03-15,2022-03-14,-1 day ahead inc hosp,quantile,0.1,2533,COVID-19
DE-NW,00+,2022-03-15,2022-03-13,-2 day ahead inc hosp,quantile,0.1,2501,COVID-19
DE-NW,00+,2022-03-15,2022-03-12,-3 day ahead inc hosp,quantile,0.1,2415,COVID-19
DE-NW,00+,2022-03-15,2022-03-11,-4 day ahead inc hosp,quantile,0.1,2363,COVID-19
DE-NW,00+,2022-03-15,2022-03-10,-5 day ahead inc hosp,quantile,0.1,2319,COVID-19
DE-NW,00+,2022-03-15,2022-03-09,-6 day ahead inc hosp,quantile,0.1,2225,COVID-19
DE-NW,00+,2022-03-15,2022-03-08,-7 day ahead inc hosp,quantile,0.1,2085,COVID-19
DE-NW,00+,2022-03-15,2022-03-07,-8 day ahead inc hosp,quantile,0.1,1974,COVID-19
DE-NW,00+,2022-03-15,2022-03-06,-9 day ahead inc hosp,quantile,0.1,1931,COVID-19
DE-NW,00+,2022-03-15,2022-03-05,-10 day ahead inc hosp,quantile,0.1,1934,COVID-19
DE-NW,00+,2022-03-15,2022-03-04,-11 day ahead inc hosp,quantile,0.1,1977,COVID-19
DE-NW,00+,2022-03-15,2022-03-03,-12 day ahead inc hosp,quantile,0.1,1930,COVID-19
DE-NW,00+,2022-03-15,2022-03-02,-13 day ahead inc hosp,quantile,0.1,1916,COVID-19
DE-NW,00+,2022-03-15,2022-03-01,-14 day ahead inc hosp,quantile,0.1,1955,COVID-19
DE-NW,00+,2022-03-15,2022-02-28,-15 day ahead inc hosp,quantile,0.1,2070,COVID-19
DE-NW,00+,2022-03-15,2022-02-27,-16 day ahead inc hosp,quantile,0.1,2115,COVID-19
DE-NW,00+,2022-03-15,2022-02-26,-17 day ahead inc hosp,quantile,0.1,2170,COVID-19
DE-NW,00+,2022-03-15,2022-02-25,-18 day ahead inc hosp,quantile,0.1,2158,COVID-19
DE-NW,00+,2022-03-15,2022-02-24,-19 day ahead inc hosp,quantile,0.1,2223,COVID-19
DE-NW,00+,2022-03-15,2022-02-23,-20 day ahead inc hosp,quantile,0.1,2279,COVID-19
DE-NW,00+,2022-03-15,2022-02-22,-21 day ahead inc hosp,quantile,0.1,2331,COVID-19
DE-NW,00+,2022-03-15,2022-02-21,-22 day ahead inc hosp,quantile,0.1,2321,COVID-19
DE-NW,00+,2022-03-15,2022-02-20,-23 day ahead inc hosp,quantile,0.1,2297,COVID-19
DE-NW,00+,2022-03-15,2022-02-19,-24 day ahead inc hosp,quantile,0.1,2289,COVID-19
DE-NW,00+,2022-03-15,2022-02-18,-25 day ahead inc hosp,quantile,0.1,2311,COVID-19
DE-NW,00+,2022-03-15,2022-02-17,-26 day ahead inc hosp,quantile,0.1,2303,COVID-19
DE-NW,00+,2022-03-15,2022-02-16,-27 day ahead inc hosp,quantile,0.1,2323,COVID-19
DE-NW,00+,2022-03-15,2022-02-15,-28 day ahead inc hosp,quantile,0.1,2382,COVID-19
DE-NW,00+,2022-03-15,2022-03-15,0 day ahead inc hosp,quantile,0.25,2541,COVID-19
DE-NW,00+,2022-03-15,2022-03-14,-1 day ahead inc hosp,quantile,0.25,2567,COVID-19
DE-NW,00+,2022-03-15,2022-03-13,-2 day ahead inc hosp,quantile,0.25,2531,COVID-19
DE-NW,00+,2022-03-15,2022-03-12,-3 day ahead inc hosp,quantile,0.25,2440,COVID-19
DE-NW,00+,2022-03-15,2022-03-11,-4 day ahead inc hosp,quantile,0.25,2386,COVID-19
DE-NW,00+,2022-03-15,2022-03-10,-5 day ahead inc hosp,quantile,0.25,2338,COVID-19
DE-NW,00+,2022-03-15,2022-03-09,-6 day ahead inc hosp,quantile,0.25,2241,COVID-19
DE-NW,00+,2022-03-15,2022-03-08,-7 day ahead inc hosp,quantile,0.25,2099,COVID-19
DE-NW,00+,2022-03-15,2022-03-07,-8 day ahead inc hosp,quantile,0.25,1988,COVID-19
DE-NW,00+,2022-03-15,2022-03-06,-9 day ahead inc hosp,quantile,0.25,1944,COVID-19
DE-NW,00+,2022-03-15,2022-03-05,-10 day ahead inc hosp,quantile,0.25,1947,COVID-19
DE-NW,00+,2022-03-15,2022-03-04,-11 day ahead inc hosp,quantile,0.25,1989,COVID-19
DE-NW,00+,2022-03-15,2022-03-03,-12 day ahead inc hosp,quantile,0.25,1941,COVID-19
DE-NW,00+,2022-03-15,2022-03-02,-13 day ahead inc hosp,quantile,0.25,1926,COVID-19
DE-NW,00+,2022-03-15,2022-03-01,-14 day ahead inc hosp,quantile,0.25,1965,COVID-19
DE-NW,00+,2022-03-15,2022-02-28,-15 day ahead inc hosp,quantile,0.25,2079,COVID-19
DE-NW,00+,2022-03-15,2022-02-27,-16 day ahead inc hosp,quantile,0.25,2124,COVID-19
DE-NW,00+,2022-03-15,2022-02-26,-17 day ahead inc hosp,quantile,0.25,2179,COVID-19
DE-NW,00+,2022-03-15,2022-02-25,-18 day ahead inc hosp,quantile,0.25,2166,COVID-19
DE-NW,00+,2022-03-15,2022-02-24,-19 day ahead inc hosp,quantile,0.25,2230,COVID-19
DE-NW,00+,2022-03-15,2022-02-23,-20 day ahead inc hosp,quantile,0.25,2287,COVID-19
DE-NW,00+,2022-03-15,2022-02-22,-21 day ahead inc hosp,quantile,0.25,2338,COVID-19
DE-NW,00+,2022-03-15,2022-02-21,-22 day ahead inc hosp,quantile,0.25,2328,COVID-19
DE-NW,00+,2022-03-15,2022-02-20,-23 day ahead inc hosp,quantile,0.25,2304,COVID-19
DE-NW,00+,2022-03-15,2022-02-19,-24 day ahead inc hosp,quantile,0.25,2295,COVID-19
DE-NW,00+,2022-03-15,2022-02-18,-25 day ahead inc hosp,quantile,0.25,2317,COVID-19
DE-NW,00+,2022-03-15,2022-02-17,-26 day ahead inc hosp,quantile,0.25,2308,COVID-19
DE-NW,00+,2022-03-15,2022-02-16,-27 day ahead inc hosp,quantile,0.25,2328,COVID-19
DE-NW,00+,2022-03-15,2022-02-15,-28 day ahead inc hosp,quantile,0.25,2387,COVID-19
DE-NW,00+,2022-03-15,2022-03-15,0 day ahead inc hosp,quantile,0.5,2587,COVID-19
DE-NW,00+,2022-03-15,2022-03-14,-1 day ahead inc hosp,quantile,0.5,2605,COVID-19
DE-NW,00+,2022-03-15,2022-03-13,-2 day ahead inc hosp,quantile,0.5,2564,COVID-19
DE-NW,00+,2022-03-15,2022-03-12,-3 day ahead inc hosp,quantile,0.5,2469,COVID-19
DE-NW,00+,2022-03-15,2022-03-11,-4 day ahead inc hosp,quantile,0.5,2410,COVID-19
DE-NW,00+,2022-03-15,2022-03-10,-5 day ahead inc hosp,quantile,0.5,2360,COVID-19
DE-NW,00+,2022-03-15,2022-03-09,-6 day ahead inc hosp,quantile,0.5,2260,COVID-19
DE-NW,00+,2022-03-15,2022-03-08,-7 day ahead inc hosp,quantile,0.5,2116,COVID-19
DE-NW,00+,2022-03-15,2022-03-07,-8 day ahead inc hosp,quantile,0.5,2002,COVID-19
DE-NW,00+,2022-03-15,2022-03-06,-9 day ahead inc hosp,quantile,0.5,1959,COVID-19
DE-NW,00+,2022-03-15,2022-03-05,-10 day ahead inc hosp,quantile,0.5,1961,COVID-19
DE-NW,00+,2022-03-15,2022-03-04,-11 day ahead inc hosp,quantile,0.5,2002,COVID-19
DE-NW,00+,2022-03-15,2022-03-03,-12 day ahead inc hosp,quantile,0.5,1953,COVID-19
DE-NW,00+,2022-03-15,2022-03-02,-13 day ahead inc hosp,quantile,0.5,1937,COVID-19
DE-NW,00+,2022-03-15,2022-03-01,-14 day ahead inc hosp,quantile,0.5,1976,COVID-19
DE-NW,00+,2022-03-15,2022-02-28,-15 day ahead inc hosp,quantile,0.5,2090,COVID-19
DE-NW,00+,2022-03-15,2022-02-27,-16 day ahead inc hosp,quantile,0.5,2135,COVID-19
DE-NW,00+,2022-03-15,2022-02-26,-17 day ahead inc hosp,quantile,0.5,2190,COVID-19
DE-NW,00+,2022-03-15,2022-02-25,-18 day ahead inc hosp,quantile,0.5,2175,COVID-19
DE-NW,00+,2022-03-15,2022-02-24,-19 day ahead inc hosp,quantile,0.5,2240,COVID-19
DE-NW,00+,2022-03-15,2022-02-23,-20 day ahead inc hosp,quantile,0.5,2295,COVID-19
DE-NW,00+,2022-03-15,2022-02-22,-21 day ahead inc hosp,quantile,0.5,2346,COVID-19
DE-NW,00+,2022-03-15,2022-02-21,-22 day ahead inc hosp,quantile,0.5,2335,COVID-19
DE-NW,00+,2022-03-15,2022-02-20,-23 day ahead inc hosp,quantile,0.5,2311,COVID-19
DE-NW,00+,2022-03-15,2022-02-19,-24 day ahead inc hosp,quantile,0.5,2302,COVID-19
DE-NW,00+,2022-03-15,2022-02-18,-25 day ahead inc hosp,quantile,0.5,2324,COVID-19
DE-NW,00+,2022-03-15,2022-02-17,-26 day ahead inc hosp,quantile,0.5,2314,COVID-19
DE-NW,00+,2022-03-15,2022-02-16,-27 day ahead inc hosp,quantile,0.5,2334,COVID-19
DE-NW,00+,2022-03-15,2022-02-15,-28 day ahead inc hosp,quantile,0.5,2392,COVID-19
DE-NW,00+,2022-03-15,2022-03-15,0 day ahead inc hosp,quantile,0.75,2634,COVID-19
DE-NW,00+,2022-03-15,2022-03-14,-1 day ahead inc hosp,quantile,0.75,2644,COVID-19
DE-NW,00+,2022-03-15,2022-03-13,-2 day ahead inc hosp,quantile,0.75,2599,COVID-19
DE-NW,00+,2022-03-15,2022-03-12,-3 day ahead inc hosp,quantile,0.75,2499,COVID-19
DE-NW,00+,2022-03-15,2022-03-11,-4 day ahead inc hosp,quantile,0.75,2435,COVID-19
DE-NW,00+,2022-03-15,2022-03-10,-5 day ahead inc hosp,quantile,0.75,2382,COVID-19
DE-NW,00+,2022-03-15,2022-03-09,-6 day ahead inc hosp,quantile,0.75,2280,COVID-19
DE-NW,00+,2022-03-15,2022-03-08,-7 day ahead inc hosp,quantile,0.75,2133,COVID-19
DE-NW,00+,2022-03-15,2022-03-07,-8 day ahead inc hosp,quantile,0.75,2018,COVID-19
DE-NW,00+,2022-03-15,2022-03-06,-9 day ahead inc hosp,quantile,0.75,1974,COVID-19
DE-NW,00+,2022-03-15,2022-03-05,-10 day ahead inc hosp,quantile,0.75,1975,COVID-19
DE-NW,00+,2022-03-15,2022-03-04,-11 day ahead inc hosp,quantile,0.75,2015,COVID-19
DE-NW,00+,2022-03-15,2022-03-03,-12 day ahead inc hosp,quantile,0.75,1966,COVID-19
DE-NW,00+,2022-03-15,2022-03-02,-13 day ahead inc hosp,quantile,0.75,1949,COVID-19
DE-NW,00+,2022-03-15,2022-03-01,-14 day ahead inc hosp,quantile,0.75,1987,COVID-19
DE-NW,00+,2022-03-15,2022-02-28,-15 day ahead inc hosp,quantile,0.75,2101,COVID-19
DE-NW,00+,2022-03-15,2022-02-27,-16 day ahead inc hosp,quantile,0.75,2146,COVID-19
DE-NW,00+,2022-03-15,2022-02-26,-17 day ahead inc hosp,quantile,0.75,2200,COVID-19
DE-NW,00+,2022-03-15,2022-02-25,-18 day ahead inc hosp,quantile,0.75,2185,COVID-19
DE-NW,00+,2022-03-15,2022-02-24,-19 day ahead inc hosp,quantile,0.75,2249,COVID-19
DE-NW,00+,2022-03-15,2022-02-23,-20 day ahead inc hosp,quantile,0.75,2304,COVID-19
DE-NW,00+,2022-03-15,2022-02-22,-21 day ahead inc hosp,quantile,0.75,2354,COVID-19
DE-NW,00+,2022-03-15,2022-02-21,-22 day ahead inc hosp,quantile,0.75,2343,COVID-19
DE-NW,00+,2022-03-15,2022-02-20,-23 day ahead inc hosp,quantile,0.75,2319,COVID-19
DE-NW,00+,2022-03-15,2022-02-19,-24 day ahead inc hosp,quantile,0.75,2309,COVID-19
DE-NW,00+,2022-03-15,2022-02-18,-25 day ahead inc hosp,quantile,0.75,2330,COVID-19
DE-NW,00+,2022-03-15,2022-02-17,-26 day ahead inc hosp,quantile,0.75,2321,COVID-19
DE-NW,00+,2022-03-15,2022-02-16,-27 day ahead inc hosp,quantile,0.75,2340,COVID-19
DE-NW,00+,2022-03-15,2022-02-15,-28 day ahead inc hosp,quantile,0.75,2398,COVID-19
DE-NW,00+,2022-03-15,2022-03-15,0 day ahead inc hosp,quantile,0.9,2679,COVID-19
DE-NW,00+,2022-03-15,2022-03-14,-1 day ahead inc hosp,quantile,0.9,2681,COVID-19
DE-NW,00+,2022-03-15,2022-03-13,-2 day ahead inc hosp,quantile,0.9,2630,COVID-19
DE-NW,00+,2022-03-15,2022-03-12,-3 day ahead inc hosp,quantile,0.9,2526,COVID-19
DE-NW,00+,2022-03-15,2022-03-11,-4 day ahead inc hosp,quantile,0.9,2459,COVID-19
DE-NW,00+,2022-03-15,2022-03-10,-5 day ahead inc hosp,quantile,0.9,2403,COVID-19
DE-NW,00+,2022-03-15,2022-03-09,-6 day ahead inc hosp,quantile,0.9,2298,COVID-19
DE-NW,00+,2022-03-15,2022-03-08,-7 day ahead inc hosp,quantile,0.9,2149,COVID-19
DE-NW,00+,2022-03-15,2022-03-07,-8 day ahead inc hosp,quantile,0.9,2033,COVID-19
DE-NW,00+,2022-03-15,2022-03-06,-9 day ahead inc hosp,quantile,0.9,1988,COVID-19
DE-NW,00+,2022-03-15,2022-03-05,-10 day ahead inc hosp,quantile,0.9,1988,COVID-19
DE-NW,00+,2022-03-15,2022-03-04,-11 day ahead inc hosp,quantile,0.9,2027,COVID-19
DE-NW,00+,2022-03-15,2022-03-03,-12 day ahead inc hosp,quantile,0.9,1977,COVID-19
DE-NW,00+,2022-03-15,2022-03-02,-13 day ahead inc hosp,quantile,0.9,1960,COVID-19
DE-NW,00+,2022-03-15,2022-03-01,-14 day ahead inc hosp,quantile,0.9,1998,COVID-19
DE-NW,00+,2022-03-15,2022-02-28,-15 day ahead inc hosp,quantile,0.9,2111,COVID-19
DE-NW,00+,2022-03-15,2022-02-27,-16 day ahead inc hosp,quantile,0.9,2156,COVID-19
DE-NW,00+,2022-03-15,2022-02-26,-17 day ahead inc hosp,quantile,0.9,2210,COVID-19
DE-NW,00+,2022-03-15,2022-02-25,-18 day ahead inc hosp,quantile,0.9,2194,COVID-19
DE-NW,00+,2022-03-15,2022-02-24,-19 day ahead inc hosp,quantile,0.9,2257,COVID-19
DE-NW,00+,2022-03-15,2022-02-23,-20 day ahead inc hosp,quantile,0.9,2312,COVID-19
DE-NW,00+,2022-03-15,2022-02-22,-21 day ahead inc hosp,quantile,0.9,2362,COVID-19
DE-NW,00+,2022-03-15,2022-02-21,-22 day ahead inc hosp,quantile,0.9,2351,COVID-19
DE-NW,00+,2022-03-15,2022-02-20,-23 day ahead inc hosp,quantile,0.9,2326,COVID-19
DE-NW,00+,2022-03-15,2022-02-19,-24 day ahead inc hosp,quantile,0.9,2316,COVID-19
DE-NW,00+,2022-03-15,2022-02-18,-25 day ahead inc hosp,quantile,0.9,2337,COVID-19
DE-NW,00+,2022-03-15,2022-02-17,-26 day ahead inc hosp,quantile,0.9,2327,COVID-19
DE-NW,00+,2022-03-15,2022-02-16,-27 day ahead inc hosp,quantile,0.9,2346,COVID-19
DE-NW,00+,2022-03-15,2022-02-15,-28 day ahead inc hosp,quantile,0.9,2404,COVID-19
DE-NW,00+,2022-03-15,2022-03-15,0 day ahead inc hosp,quantile,0.975,2734,COVID-19
DE-NW,00+,2022-03-15,2022-03-14,-1 day ahead inc hosp,quantile,0.975,2726,COVID-19
DE-NW,00+,2022-03-15,2022-03-13,-2 day ahead inc hosp,quantile,0.975,2670,COVID-19
DE-NW,00+,2022-03-15,2022-03-12,-3 day ahead inc hosp,quantile,0.975,2560,COVID-19
DE-NW,00+,2022-03-15,2022-03-11,-4 day ahead inc hosp,quantile,0.975,2487,COVID-19
DE-NW,00+,2022-03-15,2022-03-10,-5 day ahead inc hosp,quantile,0.975,2427,COVID-19
DE-NW,00+,2022-03-15,2022-03-09,-6 day ahead inc hosp,quantile,0.975,2318,COVID-19
DE-NW,00+,2022-03-15,2022-03-08,-7 day ahead inc hosp,quantile,0.975,2167,COVID-19
DE-NW,00+,2022-03-15,2022-03-07,-8 day ahead inc hosp,quantile,0.975,2049,COVID-19
DE-NW,00+,2022-03-15,2022-03-06,-9 day ahead inc hosp,quantile,0.975,2004,COVID-19
DE-NW,00+,2022-03-15,2022-03-05,-10 day ahead inc hosp,quantile,0.975,2003,COVID-19
DE-NW,00+,2022-03-15,2022-03-04,-11 day ahead inc hosp,quantile,0.975,2042,COVID-19
DE-NW,00+,2022-03-15,2022-03-03,-12 day ahead inc hosp,quantile,0.975,1990,COVID-19
DE-NW,00+,2022-03-15,2022-03-02,-13 day ahead inc hosp,quantile,0.975,1972,COVID-19
DE-NW,00+,2022-03-15,2022-03-01,-14 day ahead inc hosp,quantile,0.975,2009,COVID-19
DE-NW,00+,2022-03-15,2022-02-28,-15 day ahead inc hosp,quantile,0.975,2123,COVID-19
DE-NW,00+,2022-03-15,2022-02-27,-16 day ahead inc hosp,quantile,0.975,2166,COVID-19
DE-NW,00+,2022-03-15,2022-02-26,-17 day ahead inc hosp,quantile,0.975,2220,COVID-19
DE-NW,00+,2022-03-15,2022-02-25,-18 day ahead inc hosp,quantile,0.975,2204,COVID-19
DE-NW,00+,2022-03-15,2022-02-24,-19 day ahead inc hosp,quantile,0.975,2267,COVID-19
DE-NW,00+,2022-03-15,2022-02-23,-20 day ahead inc hosp,quantile,0.975,2322,COVID-19
DE-NW,00+,2022-03-15,2022-02-22,-21 day ahead inc hosp,quantile,0.975,2370,COVID-19
DE-NW,00+,2022-03-15,2022-02-21,-22 day ahead inc hosp,quantile,0.975,2359,COVID-19
DE-NW,00+,2022-03-15,2022-02-20,-23 day ahead inc hosp,quantile,0.975,2334,COVID-19
DE-NW,00+,2022-03-15,2022-02-19,-24 day ahead inc hosp,quantile,0.975,2323,COVID-19
DE-NW,00+,2022-03-15,2022-02-18,-25 day ahead inc hosp,quantile,0.975,2344,COVID-19
DE-NW,00+,2022-03-15,2022-02-17,-26 day ahead inc hosp,quantile,0.975,2334,COVID-19
DE-NW,00+,2022-03-15,2022-02-16,-27 day ahead inc hosp,quantile,0.975,2352,COVID-19
DE-NW,00+,2022-03-15,2022-02-15,-28 day ahead inc hosp,quantile,0.975,2410,COVID-19
DE-RP,00+,2022-03-15,2022-03-15,0 day ahead inc hosp,mean,NA,564.9,COVID-19
DE-RP,00+,2022-03-15,2022-03-14,-1 day ahead inc hosp,mean,NA,518.2,COVID-19
DE-RP,00+,2022-03-15,2022-03-13,-2 day ahead inc hosp,mean,NA,525.9,COVID-19
DE-RP,00+,2022-03-15,2022-03-12,-3 day ahead inc hosp,mean,NA,523.6,COVID-19
DE-RP,00+,2022-03-15,2022-03-11,-4 day ahead inc hosp,mean,NA,532.6,COVID-19
DE-RP,00+,2022-03-15,2022-03-10,-5 day ahead inc hosp,mean,NA,533.4,COVID-19
DE-RP,00+,2022-03-15,2022-03-09,-6 day ahead inc hosp,mean,NA,537.8,COVID-19
DE-RP,00+,2022-03-15,2022-03-08,-7 day ahead inc hosp,mean,NA,526.2,COVID-19
DE-RP,00+,2022-03-15,2022-03-07,-8 day ahead inc hosp,mean,NA,509,COVID-19
DE-RP,00+,2022-03-15,2022-03-06,-9 day ahead inc hosp,mean,NA,517.8,COVID-19
DE-RP,00+,2022-03-15,2022-03-05,-10 day ahead inc hosp,mean,NA,519,COVID-19
DE-RP,00+,2022-03-15,2022-03-04,-11 day ahead inc hosp,mean,NA,482.9,COVID-19
DE-RP,00+,2022-03-15,2022-03-03,-12 day ahead inc hosp,mean,NA,496.9,COVID-19
DE-RP,00+,2022-03-15,2022-03-02,-13 day ahead inc hosp,mean,NA,490.6,COVID-19
DE-RP,00+,2022-03-15,2022-03-01,-14 day ahead inc hosp,mean,NA,495.7,COVID-19
DE-RP,00+,2022-03-15,2022-02-28,-15 day ahead inc hosp,mean,NA,503.9,COVID-19
DE-RP,00+,2022-03-15,2022-02-27,-16 day ahead inc hosp,mean,NA,493.3,COVID-19
DE-RP,00+,2022-03-15,2022-02-26,-17 day ahead inc hosp,mean,NA,501.3,COVID-19
DE-RP,00+,2022-03-15,2022-02-25,-18 day ahead inc hosp,mean,NA,531,COVID-19
DE-RP,00+,2022-03-15,2022-02-24,-19 day ahead inc hosp,mean,NA,518.8,COVID-19
DE-RP,00+,2022-03-15,2022-02-23,-20 day ahead inc hosp,mean,NA,538.4,COVID-19
DE-RP,00+,2022-03-15,2022-02-22,-21 day ahead inc hosp,mean,NA,537.2,COVID-19
DE-RP,00+,2022-03-15,2022-02-21,-22 day ahead inc hosp,mean,NA,531.6,COVID-19
DE-RP,00+,2022-03-15,2022-02-20,-23 day ahead inc hosp,mean,NA,536.1,COVID-19
DE-RP,00+,2022-03-15,2022-02-19,-24 day ahead inc hosp,mean,NA,526.2,COVID-19
DE-RP,00+,2022-03-15,2022-02-18,-25 day ahead inc hosp,mean,NA,503.3,COVID-19
DE-RP,00+,2022-03-15,2022-02-17,-26 day ahead inc hosp,mean,NA,495.9,COVID-19
DE-RP,00+,2022-03-15,2022-02-16,-27 day ahead inc hosp,mean,NA,482.7,COVID-19
DE-RP,00+,2022-03-15,2022-02-15,-28 day ahead inc hosp,mean,NA,485.4,COVID-19
DE-RP,00+,2022-03-15,2022-03-15,0 day ahead inc hosp,quantile,0.025,507,COVID-19
DE-RP,00+,2022-03-15,2022-03-14,-1 day ahead inc hosp,quantile,0.025,480,COVID-19
DE-RP,00+,2022-03-15,2022-03-13,-2 day ahead inc hosp,quantile,0.025,488,COVID-19
DE-RP,00+,2022-03-15,2022-03-12,-3 day ahead inc hosp,quantile,0.025,488,COVID-19
DE-RP,00+,2022-03-15,2022-03-11,-4 day ahead inc hosp,quantile,0.025,502,COVID-19
DE-RP,00+,2022-03-15,2022-03-10,-5 day ahead inc hosp,quantile,0.025,507,COVID-19
DE-RP,00+,2022-03-15,2022-03-09,-6 day ahead inc hosp,quantile,0.025,514,COVID-19
DE-RP,00+,2022-03-15,2022-03-08,-7 day ahead inc hosp,quantile,0.025,505,COVID-19
DE-RP,00+,2022-03-15,2022-03-07,-8 day ahead inc hosp,quantile,0.025,490,COVID-19
DE-RP,00+,2022-03-15,2022-03-06,-9 day ahead inc hosp,quantile,0.025,499,COVID-19
DE-RP,00+,2022-03-15,2022-03-05,-10 day ahead inc hosp,quantile,0.025,500,COVID-19
DE-RP,00+,2022-03-15,2022-03-04,-11 day ahead inc hosp,quantile,0.025,466,COVID-19
DE-RP,00+,2022-03-15,2022-03-03,-12 day ahead inc hosp,quantile,0.025,481,COVID-19
DE-RP,00+,2022-03-15,2022-03-02,-13 day ahead inc hosp,quantile,0.025,476,COVID-19
DE-RP,00+,2022-03-15,2022-03-01,-14 day ahead inc hosp,quantile,0.025,482,COVID-19
DE-RP,00+,2022-03-15,2022-02-28,-15 day ahead inc hosp,quantile,0.025,491,COVID-19
DE-RP,00+,2022-03-15,2022-02-27,-16 day ahead inc hosp,quantile,0.025,480,COVID-19
DE-RP,00+,2022-03-15,2022-02-26,-17 day ahead inc hosp,quantile,0.025,489,COVID-19
DE-RP,00+,2022-03-15,2022-02-25,-18 day ahead inc hosp,quantile,0.025,519,COVID-19
DE-RP,00+,2022-03-15,2022-02-24,-19 day ahead inc hosp,quantile,0.025,508,COVID-19
DE-RP,00+,2022-03-15,2022-02-23,-20 day ahead inc hosp,quantile,0.025,528,COVID-19
DE-RP,00+,2022-03-15,2022-02-22,-21 day ahead inc hosp,quantile,0.025,528,COVID-19
DE-RP,00+,2022-03-15,2022-02-21,-22 day ahead inc hosp,quantile,0.025,523,COVID-19
DE-RP,00+,2022-03-15,2022-02-20,-23 day ahead inc hosp,quantile,0.025,528,COVID-19
DE-RP,00+,2022-03-15,2022-02-19,-24 day ahead inc hosp,quantile,0.025,518,COVID-19
DE-RP,00+,2022-03-15,2022-02-18,-25 day ahead inc hosp,quantile,0.025,496,COVID-19
DE-RP,00+,2022-03-15,2022-02-17,-26 day ahead inc hosp,quantile,0.025,489,COVID-19
DE-RP,00+,2022-03-15,2022-02-16,-27 day ahead inc hosp,quantile,0.025,477,COVID-19
DE-RP,00+,2022-03-15,2022-02-15,-28 day ahead inc hosp,quantile,0.025,480,COVID-19
DE-RP,00+,2022-03-15,2022-03-15,0 day ahead inc hosp,quantile,0.1,526,COVID-19
DE-RP,00+,2022-03-15,2022-03-14,-1 day ahead inc hosp,quantile,0.1,493,COVID-19
DE-RP,00+,2022-03-15,2022-03-13,-2 day ahead inc hosp,quantile,0.1,501,COVID-19
DE-RP,00+,2022-03-15,2022-03-12,-3 day ahead inc hosp,quantile,0.1,500,COVID-19
DE-RP,00+,2022-03-15,2022-03-11,-4 day ahead inc hosp,quantile,0.1,513,COVID-19
DE-RP,00+,2022-03-15,2022-03-10,-5 day ahead inc hosp,quantile,0.1,516,COVID-19
DE-RP,00+,2022-03-15,2022-03-09,-6 day ahead inc hosp,quantile,0.1,522,COVID-19
DE-RP,00+,2022-03-15,2022-03-08,-7 day ahead inc hosp,quantile,0.1,512,COVID-19
DE-RP,00+,2022-03-15,2022-03-07,-8 day ahead inc hosp,quantile,0.1,496,COVID-19
DE-RP,00+,2022-03-15,2022-03-06,-9 day ahead inc hosp,quantile,0.1,505,COVID-19
DE-RP,00+,2022-03-15,2022-03-05,-10 day ahead inc hosp,quantile,0.1,507,COVID-19
DE-RP,00+,2022-03-15,2022-03-04,-11 day ahead inc hosp,quantile,0.1,472,COVID-19
DE-RP,00+,2022-03-15,2022-03-03,-12 day ahead inc hosp,quantile,0.1,486,COVID-19
DE-RP,00+,2022-03-15,2022-03-02,-13 day ahead inc hosp,quantile,0.1,481,COVID-19
DE-RP,00+,2022-03-15,2022-03-01,-14 day ahead inc hosp,quantile,0.1,486,COVID-19
DE-RP,00+,2022-03-15,2022-02-28,-15 day ahead inc hosp,quantile,0.1,495,COVID-19
DE-RP,00+,2022-03-15,2022-02-27,-16 day ahead inc hosp,quantile,0.1,485,COVID-19
DE-RP,00+,2022-03-15,2022-02-26,-17 day ahead inc hosp,quantile,0.1,493,COVID-19
DE-RP,00+,2022-03-15,2022-02-25,-18 day ahead inc hosp,quantile,0.1,523,COVID-19
DE-RP,00+,2022-03-15,2022-02-24,-19 day ahead inc hosp,quantile,0.1,512,COVID-19
DE-RP,00+,2022-03-15,2022-02-23,-20 day ahead inc hosp,quantile,0.1,532,COVID-19
DE-RP,00+,2022-03-15,2022-02-22,-21 day ahead inc hosp,quantile,0.1,531,COVID-19
DE-RP,00+,2022-03-15,2022-02-21,-22 day ahead inc hosp,quantile,0.1,526,COVID-19
DE-RP,00+,2022-03-15,2022-02-20,-23 day ahead inc hosp,quantile,0.1,530,COVID-19
DE-RP,00+,2022-03-15,2022-02-19,-24 day ahead inc hosp,quantile,0.1,521,COVID-19
DE-RP,00+,2022-03-15,2022-02-18,-25 day ahead inc hosp,quantile,0.1,498,COVID-19
DE-RP,00+,2022-03-15,2022-02-17,-26 day ahead inc hosp,quantile,0.1,492,COVID-19
DE-RP,00+,2022-03-15,2022-02-16,-27 day ahead inc hosp,quantile,0.1,479,COVID-19
DE-RP,00+,2022-03-15,2022-02-15,-28 day ahead inc hosp,quantile,0.1,482,COVID-19
DE-RP,00+,2022-03-15,2022-03-15,0 day ahead inc hosp,quantile,0.25,545,COVID-19
DE-RP,00+,2022-03-15,2022-03-14,-1 day ahead inc hosp,quantile,0.25,505,COVID-19
DE-RP,00+,2022-03-15,2022-03-13,-2 day ahead inc hosp,quantile,0.25,513,COVID-19
DE-RP,00+,2022-03-15,2022-03-12,-3 day ahead inc hosp,quantile,0.25,512,COVID-19
DE-RP,00+,2022-03-15,2022-03-11,-4 day ahead inc hosp,quantile,0.25,522,COVID-19
DE-RP,00+,2022-03-15,2022-03-10,-5 day ahead inc hosp,quantile,0.25,525,COVID-19
DE-RP,00+,2022-03-15,2022-03-09,-6 day ahead inc hosp,quantile,0.25,530,COVID-19
DE-RP,00+,2022-03-15,2022-03-08,-7 day ahead inc hosp,quantile,0.25,519,COVID-19
DE-RP,00+,2022-03-15,2022-03-07,-8 day ahead inc hosp,quantile,0.25,503,COVID-19
DE-RP,00+,2022-03-15,2022-03-06,-9 day ahead inc hosp,quantile,0.25,512,COVID-19
DE-RP,00+,2022-03-15,2022-03-05,-10 day ahead inc hosp,quantile,0.25,513,COVID-19
DE-RP,00+,2022-03-15,2022-03-04,-11 day ahead inc hosp,quantile,0.25,477,COVID-19
DE-RP,00+,2022-03-15,2022-03-03,-12 day ahead inc hosp,quantile,0.25,492,COVID-19
DE-RP,00+,2022-03-15,2022-03-02,-13 day ahead inc hosp,quantile,0.25,486,COVID-19
DE-RP,00+,2022-03-15,2022-03-01,-14 day ahead inc hosp,quantile,0.25,491,COVID-19
DE-RP,00+,2022-03-15,2022-02-28,-15 day ahead inc hosp,quantile,0.25,499,COVID-19
DE-RP,00+,2022-03-15,2022-02-27,-16 day ahead inc hosp,quantile,0.25,489,COVID-19
DE-RP,00+,2022-03-15,2022-02-26,-17 day ahead inc hosp,quantile,0.25,497,COVID-19
DE-RP,00+,2022-03-15,2022-02-25,-18 day ahead inc hosp,quantile,0.25,527,COVID-19
DE-RP,00+,2022-03-15,2022-02-24,-19 day ahead inc hosp,quantile,0.25,515,COVID-19
DE-RP,00+,2022-03-15,2022-02-23,-20 day ahead inc hosp,quantile,0.25,535,COVID-19
DE-RP,00+,2022-03-15,2022-02-22,-21 day ahead inc hosp,quantile,0.25,534,COVID-19
DE-RP,00+,2022-03-15,2022-02-21,-22 day ahead inc hosp,quantile,0.25,529,COVID-19
DE-RP,00+,2022-03-15,2022-02-20,-23 day ahead inc hosp,quantile,0.25,533,COVID-19
DE-RP,00+,2022-03-15,2022-02-19,-24 day ahead inc hosp,quantile,0.25,523,COVID-19
DE-RP,00+,2022-03-15,2022-02-18,-25 day ahead inc hosp,quantile,0.25,501,COVID-19
DE-RP,00+,2022-03-15,2022-02-17,-26 day ahead inc hosp,quantile,0.25,494,COVID-19
DE-RP,00+,2022-03-15,2022-02-16,-27 day ahead inc hosp,quantile,0.25,481,COVID-19
DE-RP,00+,2022-03-15,2022-02-15,-28 day ahead inc hosp,quantile,0.25,483,COVID-19
DE-RP,00+,2022-03-15,2022-03-15,0 day ahead inc hosp,quantile,0.5,567,COVID-19
DE-RP,00+,2022-03-15,2022-03-14,-1 day ahead inc hosp,quantile,0.5,519,COVID-19
DE-RP,00+,2022-03-15,2022-03-13,-2 day ahead inc hosp,quantile,0.5,527,COVID-19
DE-RP,00+,2022-03-15,2022-03-12,-3 day ahead inc hosp,quantile,0.5,525,COVID-19
DE-RP,00+,2022-03-15,2022-03-11,-4 day ahead inc hosp,quantile,0.5,534,COVID-19
DE-RP,00+,2022-03-15,2022-03-10,-5 day ahead inc hosp,quantile,0.5,534,COVID-19
DE-RP,00+,2022-03-15,2022-03-09,-6 day ahead inc hosp,quantile,0.5,539,COVID-19
DE-RP,00+,2022-03-15,2022-03-08,-7 day ahead inc hosp,quantile,0.5,527,COVID-19
DE-RP,00+,2022-03-15,2022-03-07,-8 day ahead inc hosp,quantile,0.5,510,COVID-19
DE-RP,00+,2022-03-15,2022-03-06,-9 day ahead inc hosp,quantile,0.5,519,COVID-19
DE-RP,00+,2022-03-15,2022-03-05,-10 day ahead inc hosp,quantile,0.5,520,COVID-19
DE-RP,00+,2022-03-15,2022-03-04,-11 day ahead inc hosp,quantile,0.5,484,COVID-19
DE-RP,00+,2022-03-15,2022-03-03,-12 day ahead inc hosp,quantile,0.5,498,COVID-19
DE-RP,00+,2022-03-15,2022-03-02,-13 day ahead inc hosp,quantile,0.5,491,COVID-19
DE-RP,00+,2022-03-15,2022-03-01,-14 day ahead inc hosp,quantile,0.5,496,COVID-19
DE-RP,00+,2022-03-15,2022-02-28,-15 day ahead inc hosp,quantile,0.5,504,COVID-19
DE-RP,00+,2022-03-15,2022-02-27,-16 day ahead inc hosp,quantile,0.5,494,COVID-19
DE-RP,00+,2022-03-15,2022-02-26,-17 day ahead inc hosp,quantile,0.5,502,COVID-19
DE-RP,00+,2022-03-15,2022-02-25,-18 day ahead inc hosp,quantile,0.5,532,COVID-19
DE-RP,00+,2022-03-15,2022-02-24,-19 day ahead inc hosp,quantile,0.5,519,COVID-19
DE-RP,00+,2022-03-15,2022-02-23,-20 day ahead inc hosp,quantile,0.5,539,COVID-19
DE-RP,00+,2022-03-15,2022-02-22,-21 day ahead inc hosp,quantile,0.5,538,COVID-19
DE-RP,00+,2022-03-15,2022-02-21,-22 day ahead inc hosp,quantile,0.5,532,COVID-19
DE-RP,00+,2022-03-15,2022-02-20,-23 day ahead inc hosp,quantile,0.5,537,COVID-19
DE-RP,00+,2022-03-15,2022-02-19,-24 day ahead inc hosp,quantile,0.5,527,COVID-19
DE-RP,00+,2022-03-15,2022-02-18,-25 day ahead inc hosp,quantile,0.5,504,COVID-19
DE-RP,00+,2022-03-15,2022-02-17,-26 day ahead inc hosp,quantile,0.5,496,COVID-19
DE-RP,00+,2022-03-15,2022-02-16,-27 day ahead inc hosp,quantile,0.5,483,COVID-19
DE-RP,00+,2022-03-15,2022-02-15,-28 day ahead inc hosp,quantile,0.5,486,COVID-19
DE-RP,00+,2022-03-15,2022-03-15,0 day ahead inc hosp,quantile,0.75,590,COVID-19
DE-RP,00+,2022-03-15,2022-03-14,-1 day ahead inc hosp,quantile,0.75,535,COVID-19
DE-RP,00+,2022-03-15,2022-03-13,-2 day ahead inc hosp,quantile,0.75,543,COVID-19
DE-RP,00+,2022-03-15,2022-03-12,-3 day ahead inc hosp,quantile,0.75,539,COVID-19
DE-RP,00+,2022-03-15,2022-03-11,-4 day ahead inc hosp,quantile,0.75,546,COVID-19
DE-RP,00+,2022-03-15,2022-03-10,-5 day ahead inc hosp,quantile,0.75,544,COVID-19
DE-RP,00+,2022-03-15,2022-03-09,-6 day ahead inc hosp,quantile,0.75,548,COVID-19
DE-RP,00+,2022-03-15,2022-03-08,-7 day ahead inc hosp,quantile,0.75,535,COVID-19
DE-RP,00+,2022-03-15,2022-03-07,-8 day ahead inc hosp,quantile,0.75,517,COVID-19
DE-RP,00+,2022-03-15,2022-03-06,-9 day ahead inc hosp,quantile,0.75,526,COVID-19
DE-RP,00+,2022-03-15,2022-03-05,-10 day ahead inc hosp,quantile,0.75,527,COVID-19
DE-RP,00+,2022-03-15,2022-03-04,-11 day ahead inc hosp,quantile,0.75,490,COVID-19
DE-RP,00+,2022-03-15,2022-03-03,-12 day ahead inc hosp,quantile,0.75,504,COVID-19
DE-RP,00+,2022-03-15,2022-03-02,-13 day ahead inc hosp,quantile,0.75,497,COVID-19
DE-RP,00+,2022-03-15,2022-03-01,-14 day ahead inc hosp,quantile,0.75,502,COVID-19
DE-RP,00+,2022-03-15,2022-02-28,-15 day ahead inc hosp,quantile,0.75,510,COVID-19
DE-RP,00+,2022-03-15,2022-02-27,-16 day ahead inc hosp,quantile,0.75,499,COVID-19
DE-RP,00+,2022-03-15,2022-02-26,-17 day ahead inc hosp,quantile,0.75,507,COVID-19
DE-RP,00+,2022-03-15,2022-02-25,-18 day ahead inc hosp,quantile,0.75,536,COVID-19
DE-RP,00+,2022-03-15,2022-02-24,-19 day ahead inc hosp,quantile,0.75,524,COVID-19
DE-RP,00+,2022-03-15,2022-02-23,-20 day ahead inc hosp,quantile,0.75,543,COVID-19
DE-RP,00+,2022-03-15,2022-02-22,-21 day ahead inc hosp,quantile,0.75,542,COVID-19
DE-RP,00+,2022-03-15,2022-02-21,-22 day ahead inc hosp,quantile,0.75,536,COVID-19
DE-RP,00+,2022-03-15,2022-02-20,-23 day ahead inc hosp,quantile,0.75,540,COVID-19
DE-RP,00+,2022-03-15,2022-02-19,-24 day ahead inc hosp,quantile,0.75,530,COVID-19
DE-RP,00+,2022-03-15,2022-02-18,-25 day ahead inc hosp,quantile,0.75,507,COVID-19
DE-RP,00+,2022-03-15,2022-02-17,-26 day ahead inc hosp,quantile,0.75,499,COVID-19
DE-RP,00+,2022-03-15,2022-02-16,-27 day ahead inc hosp,quantile,0.75,486,COVID-19
DE-RP,00+,2022-03-15,2022-02-15,-28 day ahead inc hosp,quantile,0.75,488,COVID-19
DE-RP,00+,2022-03-15,2022-03-15,0 day ahead inc hosp,quantile,0.9,613,COVID-19
DE-RP,00+,2022-03-15,2022-03-14,-1 day ahead inc hosp,quantile,0.9,551,COVID-19
DE-RP,00+,2022-03-15,2022-03-13,-2 day ahead inc hosp,quantile,0.9,557,COVID-19
DE-RP,00+,2022-03-15,2022-03-12,-3 day ahead inc hosp,quantile,0.9,552,COVID-19
DE-RP,00+,2022-03-15,2022-03-11,-4 day ahead inc hosp,quantile,0.9,557,COVID-19
DE-RP,00+,2022-03-15,2022-03-10,-5 day ahead inc hosp,quantile,0.9,554,COVID-19
DE-RP,00+,2022-03-15,2022-03-09,-6 day ahead inc hosp,quantile,0.9,557,COVID-19
DE-RP,00+,2022-03-15,2022-03-08,-7 day ahead inc hosp,quantile,0.9,543,COVID-19
DE-RP,00+,2022-03-15,2022-03-07,-8 day ahead inc hosp,quantile,0.9,525,COVID-19
DE-RP,00+,2022-03-15,2022-03-06,-9 day ahead inc hosp,quantile,0.9,533,COVID-19
DE-RP,00+,2022-03-15,2022-03-05,-10 day ahead inc hosp,quantile,0.9,534,COVID-19
DE-RP,00+,2022-03-15,2022-03-04,-11 day ahead inc hosp,quantile,0.9,497,COVID-19
DE-RP,00+,2022-03-15,2022-03-03,-12 day ahead inc hosp,quantile,0.9,510,COVID-19
DE-RP,00+,2022-03-15,2022-03-02,-13 day ahead inc hosp,quantile,0.9,502,COVID-19
DE-RP,00+,2022-03-15,2022-03-01,-14 day ahead inc hosp,quantile,0.9,507,COVID-19
DE-RP,00+,2022-03-15,2022-02-28,-15 day ahead inc hosp,quantile,0.9,515,COVID-19
DE-RP,00+,2022-03-15,2022-02-27,-16 day ahead inc hosp,quantile,0.9,504,COVID-19
DE-RP,00+,2022-03-15,2022-02-26,-17 day ahead inc hosp,quantile,0.9,512,COVID-19
DE-RP,00+,2022-03-15,2022-02-25,-18 day ahead inc hosp,quantile,0.9,541,COVID-19
DE-RP,00+,2022-03-15,2022-02-24,-19 day ahead inc hosp,quantile,0.9,528,COVID-19
DE-RP,00+,2022-03-15,2022-02-23,-20 day ahead inc hosp,quantile,0.9,547,COVID-19
DE-RP,00+,2022-03-15,2022-02-22,-21 day ahead inc hosp,quantile,0.9,545,COVID-19
DE-RP,00+,2022-03-15,2022-02-21,-22 day ahead inc hosp,quantile,0.9,539,COVID-19
DE-RP,00+,2022-03-15,2022-02-20,-23 day ahead inc hosp,quantile,0.9,544,COVID-19
DE-RP,00+,2022-03-15,2022-02-19,-24 day ahead inc hosp,quantile,0.9,533,COVID-19
DE-RP,00+,2022-03-15,2022-02-18,-25 day ahead inc hosp,quantile,0.9,510,COVID-19
DE-RP,00+,2022-03-15,2022-02-17,-26 day ahead inc hosp,quantile,0.9,502,COVID-19
DE-RP,00+,2022-03-15,2022-02-16,-27 day ahead inc hosp,quantile,0.9,488,COVID-19
DE-RP,00+,2022-03-15,2022-02-15,-28 day ahead inc hosp,quantile,0.9,490,COVID-19
DE-RP,00+,2022-03-15,2022-03-15,0 day ahead inc hosp,quantile,0.975,641,COVID-19
DE-RP,00+,2022-03-15,2022-03-14,-1 day ahead inc hosp,quantile,0.975,568,COVID-19
DE-RP,00+,2022-03-15,2022-03-13,-2 day ahead inc hosp,quantile,0.975,575,COVID-19
DE-RP,00+,2022-03-15,2022-03-12,-3 day ahead inc hosp,quantile,0.975,569,COVID-19
DE-RP,00+,2022-03-15,2022-03-11,-4 day ahead inc hosp,quantile,0.975,571,COVID-19
DE-RP,00+,2022-03-15,2022-03-10,-5 day ahead inc hosp,quantile,0.975,566,COVID-19
DE-RP,00+,2022-03-15,2022-03-09,-6 day ahead inc hosp,quantile,0.975,567,COVID-19
DE-RP,00+,2022-03-15,2022-03-08,-7 day ahead inc hosp,quantile,0.975,552,COVID-19
DE-RP,00+,2022-03-15,2022-03-07,-8 day ahead inc hosp,quantile,0.975,533,COVID-19
DE-RP,00+,2022-03-15,2022-03-06,-9 day ahead inc hosp,quantile,0.975,542,COVID-19
DE-RP,00+,2022-03-15,2022-03-05,-10 day ahead inc hosp,quantile,0.975,542,COVID-19
DE-RP,00+,2022-03-15,2022-03-04,-11 day ahead inc hosp,quantile,0.975,504,COVID-19
DE-RP,00+,2022-03-15,2022-03-03,-12 day ahead inc hosp,quantile,0.975,516,COVID-19
DE-RP,00+,2022-03-15,2022-03-02,-13 day ahead inc hosp,quantile,0.975,509,COVID-19
DE-RP,00+,2022-03-15,2022-03-01,-14 day ahead inc hosp,quantile,0.975,513,COVID-19
DE-RP,00+,2022-03-15,2022-02-28,-15 day ahead inc hosp,quantile,0.975,521,COVID-19
DE-RP,00+,2022-03-15,2022-02-27,-16 day ahead inc hosp,quantile,0.975,510,COVID-19
DE-RP,00+,2022-03-15,2022-02-26,-17 day ahead inc hosp,quantile,0.975,517,COVID-19
DE-RP,00+,2022-03-15,2022-02-25,-18 day ahead inc hosp,quantile,0.975,547,COVID-19
DE-RP,00+,2022-03-15,2022-02-24,-19 day ahead inc hosp,quantile,0.975,533,COVID-19
DE-RP,00+,2022-03-15,2022-02-23,-20 day ahead inc hosp,quantile,0.975,552,COVID-19
DE-RP,00+,2022-03-15,2022-02-22,-21 day ahead inc hosp,quantile,0.975,550,COVID-19
DE-RP,00+,2022-03-15,2022-02-21,-22 day ahead inc hosp,quantile,0.975,544,COVID-19
DE-RP,00+,2022-03-15,2022-02-20,-23 day ahead inc hosp,quantile,0.975,548,COVID-19
DE-RP,00+,2022-03-15,2022-02-19,-24 day ahead inc hosp,quantile,0.975,538,COVID-19
DE-RP,00+,2022-03-15,2022-02-18,-25 day ahead inc hosp,quantile,0.975,514,COVID-19
DE-RP,00+,2022-03-15,2022-02-17,-26 day ahead inc hosp,quantile,0.975,506,COVID-19
DE-RP,00+,2022-03-15,2022-02-16,-27 day ahead inc hosp,quantile,0.975,492,COVID-19
DE-RP,00+,2022-03-15,2022-02-15,-28 day ahead inc hosp,quantile,0.975,494,COVID-19
DE-SH,00+,2022-03-15,2022-03-15,0 day ahead inc hosp,mean,NA,202.1,COVID-19
DE-SH,00+,2022-03-15,2022-03-14,-1 day ahead inc hosp,mean,NA,201.4,COVID-19
DE-SH,00+,2022-03-15,2022-03-13,-2 day ahead inc hosp,mean,NA,211,COVID-19
DE-SH,00+,2022-03-15,2022-03-12,-3 day ahead inc hosp,mean,NA,204.9,COVID-19
DE-SH,00+,2022-03-15,2022-03-11,-4 day ahead inc hosp,mean,NA,228.7,COVID-19
DE-SH,00+,2022-03-15,2022-03-10,-5 day ahead inc hosp,mean,NA,230.6,COVID-19
DE-SH,00+,2022-03-15,2022-03-09,-6 day ahead inc hosp,mean,NA,226.6,COVID-19
DE-SH,00+,2022-03-15,2022-03-08,-7 day ahead inc hosp,mean,NA,235.2,COVID-19
DE-SH,00+,2022-03-15,2022-03-07,-8 day ahead inc hosp,mean,NA,244.7,COVID-19
DE-SH,00+,2022-03-15,2022-03-06,-9 day ahead inc hosp,mean,NA,241.9,COVID-19
DE-SH,00+,2022-03-15,2022-03-05,-10 day ahead inc hosp,mean,NA,258.9,COVID-19
DE-SH,00+,2022-03-15,2022-03-04,-11 day ahead inc hosp,mean,NA,251.2,COVID-19
DE-SH,00+,2022-03-15,2022-03-03,-12 day ahead inc hosp,mean,NA,269.7,COVID-19
DE-SH,00+,2022-03-15,2022-03-02,-13 day ahead inc hosp,mean,NA,281.5,COVID-19
DE-SH,00+,2022-03-15,2022-03-01,-14 day ahead inc hosp,mean,NA,273.1,COVID-19
DE-SH,00+,2022-03-15,2022-02-28,-15 day ahead inc hosp,mean,NA,279.5,COVID-19
DE-SH,00+,2022-03-15,2022-02-27,-16 day ahead inc hosp,mean,NA,271.2,COVID-19
DE-SH,00+,2022-03-15,2022-02-26,-17 day ahead inc hosp,mean,NA,258.5,COVID-19
DE-SH,00+,2022-03-15,2022-02-25,-18 day ahead inc hosp,mean,NA,271.6,COVID-19
DE-SH,00+,2022-03-15,2022-02-24,-19 day ahead inc hosp,mean,NA,261.2,COVID-19
DE-SH,00+,2022-03-15,2022-02-23,-20 day ahead inc hosp,mean,NA,260.3,COVID-19
DE-SH,00+,2022-03-15,2022-02-22,-21 day ahead inc hosp,mean,NA,269.7,COVID-19
DE-SH,00+,2022-03-15,2022-02-21,-22 day ahead inc hosp,mean,NA,273.6,COVID-19
DE-SH,00+,2022-03-15,2022-02-20,-23 day ahead inc hosp,mean,NA,274.4,COVID-19
DE-SH,00+,2022-03-15,2022-02-19,-24 day ahead inc hosp,mean,NA,264.2,COVID-19
DE-SH,00+,2022-03-15,2022-02-18,-25 day ahead inc hosp,mean,NA,245.2,COVID-19
DE-SH,00+,2022-03-15,2022-02-17,-26 day ahead inc hosp,mean,NA,246.5,COVID-19
DE-SH,00+,2022-03-15,2022-02-16,-27 day ahead inc hosp,mean,NA,240.7,COVID-19
DE-SH,00+,2022-03-15,2022-02-15,-28 day ahead inc hosp,mean,NA,242,COVID-19
DE-SH,00+,2022-03-15,2022-03-15,0 day ahead inc hosp,quantile,0.025,177,COVID-19
DE-SH,00+,2022-03-15,2022-03-14,-1 day ahead inc hosp,quantile,0.025,181,COVID-19
DE-SH,00+,2022-03-15,2022-03-13,-2 day ahead inc hosp,quantile,0.025,191,COVID-19
DE-SH,00+,2022-03-15,2022-03-12,-3 day ahead inc hosp,quantile,0.025,188,COVID-19
DE-SH,00+,2022-03-15,2022-03-11,-4 day ahead inc hosp,quantile,0.025,213,COVID-19
DE-SH,00+,2022-03-15,2022-03-10,-5 day ahead inc hosp,quantile,0.025,216,COVID-19
DE-SH,00+,2022-03-15,2022-03-09,-6 day ahead inc hosp,quantile,0.025,213,COVID-19
DE-SH,00+,2022-03-15,2022-03-08,-7 day ahead inc hosp,quantile,0.025,223,COVID-19
DE-SH,00+,2022-03-15,2022-03-07,-8 day ahead inc hosp,quantile,0.025,232,COVID-19
DE-SH,00+,2022-03-15,2022-03-06,-9 day ahead inc hosp,quantile,0.025,230,COVID-19
DE-SH,00+,2022-03-15,2022-03-05,-10 day ahead inc hosp,quantile,0.025,247,COVID-19
DE-SH,00+,2022-03-15,2022-03-04,-11 day ahead inc hosp,quantile,0.025,240,COVID-19
DE-SH,00+,2022-03-15,2022-03-03,-12 day ahead inc hosp,quantile,0.025,259,COVID-19
DE-SH,00+,2022-03-15,2022-03-02,-13 day ahead inc hosp,quantile,0.025,271,COVID-19
DE-SH,00+,2022-03-15,2022-03-01,-14 day ahead inc hosp,quantile,0.025,263,COVID-19
DE-SH,00+,2022-03-15,2022-02-28,-15 day ahead inc hosp,quantile,0.025,270,COVID-19
DE-SH,00+,2022-03-15,2022-02-27,-16 day ahead inc hosp,quantile,0.025,262,COVID-19
DE-SH,00+,2022-03-15,2022-02-26,-17 day ahead inc hosp,quantile,0.025,250,COVID-19
DE-SH,00+,2022-03-15,2022-02-25,-18 day ahead inc hosp,quantile,0.025,264,COVID-19
DE-SH,00+,2022-03-15,2022-02-24,-19 day ahead inc hosp,quantile,0.025,254,COVID-19
DE-SH,00+,2022-03-15,2022-02-23,-20 day ahead inc hosp,quantile,0.025,254,COVID-19
DE-SH,00+,2022-03-15,2022-02-22,-21 day ahead inc hosp,quantile,0.025,264,COVID-19
DE-SH,00+,2022-03-15,2022-02-21,-22 day ahead inc hosp,quantile,0.025,268,COVID-19
DE-SH,00+,2022-03-15,2022-02-20,-23 day ahead inc hosp,quantile,0.025,269,COVID-19
DE-SH,00+,2022-03-15,2022-02-19,-24 day ahead inc hosp,quantile,0.025,259,COVID-19
DE-SH,00+,2022-03-15,2022-02-18,-25 day ahead inc hosp,quantile,0.025,241,COVID-19
DE-SH,00+,2022-03-15,2022-02-17,-26 day ahead inc hosp,quantile,0.025,243,COVID-19
DE-SH,00+,2022-03-15,2022-02-16,-27 day ahead inc hosp,quantile,0.025,238,COVID-19
DE-SH,00+,2022-03-15,2022-02-15,-28 day ahead inc hosp,quantile,0.025,239,COVID-19
DE-SH,00+,2022-03-15,2022-03-15,0 day ahead inc hosp,quantile,0.1,185,COVID-19
DE-SH,00+,2022-03-15,2022-03-14,-1 day ahead inc hosp,quantile,0.1,188,COVID-19
DE-SH,00+,2022-03-15,2022-03-13,-2 day ahead inc hosp,quantile,0.1,198,COVID-19
DE-SH,00+,2022-03-15,2022-03-12,-3 day ahead inc hosp,quantile,0.1,194,COVID-19
DE-SH,00+,2022-03-15,2022-03-11,-4 day ahead inc hosp,quantile,0.1,218,COVID-19
DE-SH,00+,2022-03-15,2022-03-10,-5 day ahead inc hosp,quantile,0.1,221,COVID-19
DE-SH,00+,2022-03-15,2022-03-09,-6 day ahead inc hosp,quantile,0.1,218,COVID-19
DE-SH,00+,2022-03-15,2022-03-08,-7 day ahead inc hosp,quantile,0.1,227,COVID-19
DE-SH,00+,2022-03-15,2022-03-07,-8 day ahead inc hosp,quantile,0.1,237,COVID-19
DE-SH,00+,2022-03-15,2022-03-06,-9 day ahead inc hosp,quantile,0.1,234,COVID-19
DE-SH,00+,2022-03-15,2022-03-05,-10 day ahead inc hosp,quantile,0.1,251,COVID-19
DE-SH,00+,2022-03-15,2022-03-04,-11 day ahead inc hosp,quantile,0.1,244,COVID-19
DE-SH,00+,2022-03-15,2022-03-03,-12 day ahead inc hosp,quantile,0.1,262,COVID-19
DE-SH,00+,2022-03-15,2022-03-02,-13 day ahead inc hosp,quantile,0.1,275,COVID-19
DE-SH,00+,2022-03-15,2022-03-01,-14 day ahead inc hosp,quantile,0.1,267,COVID-19
DE-SH,00+,2022-03-15,2022-02-28,-15 day ahead inc hosp,quantile,0.1,273,COVID-19
DE-SH,00+,2022-03-15,2022-02-27,-16 day ahead inc hosp,quantile,0.1,265,COVID-19
DE-SH,00+,2022-03-15,2022-02-26,-17 day ahead inc hosp,quantile,0.1,253,COVID-19
DE-SH,00+,2022-03-15,2022-02-25,-18 day ahead inc hosp,quantile,0.1,267,COVID-19
DE-SH,00+,2022-03-15,2022-02-24,-19 day ahead inc hosp,quantile,0.1,257,COVID-19
DE-SH,00+,2022-03-15,2022-02-23,-20 day ahead inc hosp,quantile,0.1,256,COVID-19
DE-SH,00+,2022-03-15,2022-02-22,-21 day ahead inc hosp,quantile,0.1,266,COVID-19
DE-SH,00+,2022-03-15,2022-02-21,-22 day ahead inc hosp,quantile,0.1,270,COVID-19
DE-SH,00+,2022-03-15,2022-02-20,-23 day ahead inc hosp,quantile,0.1,271,COVID-19
DE-SH,00+,2022-03-15,2022-02-19,-24 day ahead inc hosp,quantile,0.1,261,COVID-19
DE-SH,00+,2022-03-15,2022-02-18,-25 day ahead inc hosp,quantile,0.1,242,COVID-19
DE-SH,00+,2022-03-15,2022-02-17,-26 day ahead inc hosp,quantile,0.1,244,COVID-19
DE-SH,00+,2022-03-15,2022-02-16,-27 day ahead inc hosp,quantile,0.1,238,COVID-19
DE-SH,00+,2022-03-15,2022-02-15,-28 day ahead inc hosp,quantile,0.1,240,COVID-19
DE-SH,00+,2022-03-15,2022-03-15,0 day ahead inc hosp,quantile,0.25,193,COVID-19
DE-SH,00+,2022-03-15,2022-03-14,-1 day ahead inc hosp,quantile,0.25,194,COVID-19
DE-SH,00+,2022-03-15,2022-03-13,-2 day ahead inc hosp,quantile,0.25,204,COVID-19
DE-SH,00+,2022-03-15,2022-03-12,-3 day ahead inc hosp,quantile,0.25,199,COVID-19
DE-SH,00+,2022-03-15,2022-03-11,-4 day ahead inc hosp,quantile,0.25,223,COVID-19
DE-SH,00+,2022-03-15,2022-03-10,-5 day ahead inc hosp,quantile,0.25,226,COVID-19
DE-SH,00+,2022-03-15,2022-03-09,-6 day ahead inc hosp,quantile,0.25,222,COVID-19
DE-SH,00+,2022-03-15,2022-03-08,-7 day ahead inc hosp,quantile,0.25,231,COVID-19
DE-SH,00+,2022-03-15,2022-03-07,-8 day ahead inc hosp,quantile,0.25,241,COVID-19
DE-SH,00+,2022-03-15,2022-03-06,-9 day ahead inc hosp,quantile,0.25,238,COVID-19
DE-SH,00+,2022-03-15,2022-03-05,-10 day ahead inc hosp,quantile,0.25,255,COVID-19
DE-SH,00+,2022-03-15,2022-03-04,-11 day ahead inc hosp,quantile,0.25,247,COVID-19
DE-SH,00+,2022-03-15,2022-03-03,-12 day ahead inc hosp,quantile,0.25,266,COVID-19
DE-SH,00+,2022-03-15,2022-03-02,-13 day ahead inc hosp,quantile,0.25,278,COVID-19
DE-SH,00+,2022-03-15,2022-03-01,-14 day ahead inc hosp,quantile,0.25,270,COVID-19
DE-SH,00+,2022-03-15,2022-02-28,-15 day ahead inc hosp,quantile,0.25,276,COVID-19
DE-SH,00+,2022-03-15,2022-02-27,-16 day ahead inc hosp,quantile,0.25,268,COVID-19
DE-SH,00+,2022-03-15,2022-02-26,-17 day ahead inc hosp,quantile,0.25,256,COVID-19
DE-SH,00+,2022-03-15,2022-02-25,-18 day ahead inc hosp,quantile,0.25,269,COVID-19
DE-SH,00+,2022-03-15,2022-02-24,-19 day ahead inc hosp,quantile,0.25,259,COVID-19
DE-SH,00+,2022-03-15,2022-02-23,-20 day ahead inc hosp,quantile,0.25,258,COVID-19
DE-SH,00+,2022-03-15,2022-02-22,-21 day ahead inc hosp,quantile,0.25,268,COVID-19
DE-SH,00+,2022-03-15,2022-02-21,-22 day ahead inc hosp,quantile,0.25,272,COVID-19
DE-SH,00+,2022-03-15,2022-02-20,-23 day ahead inc hosp,quantile,0.25,273,COVID-19
DE-SH,00+,2022-03-15,2022-02-19,-24 day ahead inc hosp,quantile,0.25,262,COVID-19
DE-SH,00+,2022-03-15,2022-02-18,-25 day ahead inc hosp,quantile,0.25,244,COVID-19
DE-SH,00+,2022-03-15,2022-02-17,-26 day ahead inc hosp,quantile,0.25,245,COVID-19
DE-SH,00+,2022-03-15,2022-02-16,-27 day ahead inc hosp,quantile,0.25,239,COVID-19
DE-SH,00+,2022-03-15,2022-02-15,-28 day ahead inc hosp,quantile,0.25,241,COVID-19
DE-SH,00+,2022-03-15,2022-03-15,0 day ahead inc hosp,quantile,0.5,203,COVID-19
DE-SH,00+,2022-03-15,2022-03-14,-1 day ahead inc hosp,quantile,0.5,202,COVID-19
DE-SH,00+,2022-03-15,2022-03-13,-2 day ahead inc hosp,quantile,0.5,212,COVID-19
DE-SH,00+,2022-03-15,2022-03-12,-3 day ahead inc hosp,quantile,0.5,206,COVID-19
DE-SH,00+,2022-03-15,2022-03-11,-4 day ahead inc hosp,quantile,0.5,230,COVID-19
DE-SH,00+,2022-03-15,2022-03-10,-5 day ahead inc hosp,quantile,0.5,231,COVID-19
DE-SH,00+,2022-03-15,2022-03-09,-6 day ahead inc hosp,quantile,0.5,227,COVID-19
DE-SH,00+,2022-03-15,2022-03-08,-7 day ahead inc hosp,quantile,0.5,236,COVID-19
DE-SH,00+,2022-03-15,2022-03-07,-8 day ahead inc hosp,quantile,0.5,245,COVID-19
DE-SH,00+,2022-03-15,2022-03-06,-9 day ahead inc hosp,quantile,0.5,243,COVID-19
DE-SH,00+,2022-03-15,2022-03-05,-10 day ahead inc hosp,quantile,0.5,260,COVID-19
DE-SH,00+,2022-03-15,2022-03-04,-11 day ahead inc hosp,quantile,0.5,252,COVID-19
DE-SH,00+,2022-03-15,2022-03-03,-12 day ahead inc hosp,quantile,0.5,271,COVID-19
DE-SH,00+,2022-03-15,2022-03-02,-13 day ahead inc hosp,quantile,0.5,282,COVID-19
DE-SH,00+,2022-03-15,2022-03-01,-14 day ahead inc hosp,quantile,0.5,274,COVID-19
DE-SH,00+,2022-03-15,2022-02-28,-15 day ahead inc hosp,quantile,0.5,280,COVID-19
DE-SH,00+,2022-03-15,2022-02-27,-16 day ahead inc hosp,quantile,0.5,272,COVID-19
DE-SH,00+,2022-03-15,2022-02-26,-17 day ahead inc hosp,quantile,0.5,259,COVID-19
DE-SH,00+,2022-03-15,2022-02-25,-18 day ahead inc hosp,quantile,0.5,272,COVID-19
DE-SH,00+,2022-03-15,2022-02-24,-19 day ahead inc hosp,quantile,0.5,262,COVID-19
DE-SH,00+,2022-03-15,2022-02-23,-20 day ahead inc hosp,quantile,0.5,261,COVID-19
DE-SH,00+,2022-03-15,2022-02-22,-21 day ahead inc hosp,quantile,0.5,270,COVID-19
DE-SH,00+,2022-03-15,2022-02-21,-22 day ahead inc hosp,quantile,0.5,274,COVID-19
DE-SH,00+,2022-03-15,2022-02-20,-23 day ahead inc hosp,quantile,0.5,275,COVID-19
DE-SH,00+,2022-03-15,2022-02-19,-24 day ahead inc hosp,quantile,0.5,264,COVID-19
DE-SH,00+,2022-03-15,2022-02-18,-25 day ahead inc hosp,quantile,0.5,245,COVID-19
DE-SH,00+,2022-03-15,2022-02-17,-26 day ahead inc hosp,quantile,0.5,247,COVID-19
DE-SH,00+,2022-03-15,2022-02-16,-27 day ahead inc hosp,quantile,0.5,241,COVID-19
DE-SH,00+,2022-03-15,2022-02-15,-28 day ahead inc hosp,quantile,0.5,242,COVID-19
DE-SH,00+,2022-03-15,2022-03-15,0 day ahead inc hosp,quantile,0.75,215,COVID-19
DE-SH,00+,2022-03-15,2022-03-14,-1 day ahead inc hosp,quantile,0.75,211,COVID-19
DE-SH,00+,2022-03-15,2022-03-13,-2 day ahead inc hosp,quantile,0.75,221,COVID-19
DE-SH,00+,2022-03-15,2022-03-12,-3 day ahead inc hosp,quantile,0.75,213,COVID-19
DE-SH,00+,2022-03-15,2022-03-11,-4 day ahead inc hosp,quantile,0.75,236,COVID-19
DE-SH,00+,2022-03-15,2022-03-10,-5 day ahead inc hosp,quantile,0.75,238,COVID-19
DE-SH,00+,2022-03-15,2022-03-09,-6 day ahead inc hosp,quantile,0.75,233,COVID-19
DE-SH,00+,2022-03-15,2022-03-08,-7 day ahead inc hosp,quantile,0.75,241,COVID-19
DE-SH,00+,2022-03-15,2022-03-07,-8 day ahead inc hosp,quantile,0.75,251,COVID-19
DE-SH,00+,2022-03-15,2022-03-06,-9 day ahead inc hosp,quantile,0.75,248,COVID-19
DE-SH,00+,2022-03-15,2022-03-05,-10 day ahead inc hosp,quantile,0.75,265,COVID-19
DE-SH,00+,2022-03-15,2022-03-04,-11 day ahead inc hosp,quantile,0.75,257,COVID-19
DE-SH,00+,2022-03-15,2022-03-03,-12 day ahead inc hosp,quantile,0.75,275,COVID-19
DE-SH,00+,2022-03-15,2022-03-02,-13 day ahead inc hosp,quantile,0.75,287,COVID-19
DE-SH,00+,2022-03-15,2022-03-01,-14 day ahead inc hosp,quantile,0.75,278,COVID-19
DE-SH,00+,2022-03-15,2022-02-28,-15 day ahead inc hosp,quantile,0.75,284,COVID-19
DE-SH,00+,2022-03-15,2022-02-27,-16 day ahead inc hosp,quantile,0.75,276,COVID-19
DE-SH,00+,2022-03-15,2022-02-26,-17 day ahead inc hosp,quantile,0.75,263,COVID-19
DE-SH,00+,2022-03-15,2022-02-25,-18 day ahead inc hosp,quantile,0.75,275,COVID-19
DE-SH,00+,2022-03-15,2022-02-24,-19 day ahead inc hosp,quantile,0.75,265,COVID-19
DE-SH,00+,2022-03-15,2022-02-23,-20 day ahead inc hosp,quantile,0.75,264,COVID-19
DE-SH,00+,2022-03-15,2022-02-22,-21 day ahead inc hosp,quantile,0.75,273,COVID-19
DE-SH,00+,2022-03-15,2022-02-21,-22 day ahead inc hosp,quantile,0.75,277,COVID-19
DE-SH,00+,2022-03-15,2022-02-20,-23 day ahead inc hosp,quantile,0.75,277,COVID-19
DE-SH,00+,2022-03-15,2022-02-19,-24 day ahead inc hosp,quantile,0.75,267,COVID-19
DE-SH,00+,2022-03-15,2022-02-18,-25 day ahead inc hosp,quantile,0.75,247,COVID-19
DE-SH,00+,2022-03-15,2022-02-17,-26 day ahead inc hosp,quantile,0.75,249,COVID-19
DE-SH,00+,2022-03-15,2022-02-16,-27 day ahead inc hosp,quantile,0.75,243,COVID-19
DE-SH,00+,2022-03-15,2022-02-15,-28 day ahead inc hosp,quantile,0.75,244,COVID-19
DE-SH,00+,2022-03-15,2022-03-15,0 day ahead inc hosp,quantile,0.9,226,COVID-19
DE-SH,00+,2022-03-15,2022-03-14,-1 day ahead inc hosp,quantile,0.9,220,COVID-19
DE-SH,00+,2022-03-15,2022-03-13,-2 day ahead inc hosp,quantile,0.9,229,COVID-19
DE-SH,00+,2022-03-15,2022-03-12,-3 day ahead inc hosp,quantile,0.9,220,COVID-19
DE-SH,00+,2022-03-15,2022-03-11,-4 day ahead inc hosp,quantile,0.9,243,COVID-19
DE-SH,00+,2022-03-15,2022-03-10,-5 day ahead inc hosp,quantile,0.9,244,COVID-19
DE-SH,00+,2022-03-15,2022-03-09,-6 day ahead inc hosp,quantile,0.9,239,COVID-19
DE-SH,00+,2022-03-15,2022-03-08,-7 day ahead inc hosp,quantile,0.9,247,COVID-19
DE-SH,00+,2022-03-15,2022-03-07,-8 day ahead inc hosp,quantile,0.9,256,COVID-19
DE-SH,00+,2022-03-15,2022-03-06,-9 day ahead inc hosp,quantile,0.9,253,COVID-19
DE-SH,00+,2022-03-15,2022-03-05,-10 day ahead inc hosp,quantile,0.9,270,COVID-19
DE-SH,00+,2022-03-15,2022-03-04,-11 day ahead inc hosp,quantile,0.9,261,COVID-19
DE-SH,00+,2022-03-15,2022-03-03,-12 day ahead inc hosp,quantile,0.9,279,COVID-19
DE-SH,00+,2022-03-15,2022-03-02,-13 day ahead inc hosp,quantile,0.9,291,COVID-19
DE-SH,00+,2022-03-15,2022-03-01,-14 day ahead inc hosp,quantile,0.9,282,COVID-19
DE-SH,00+,2022-03-15,2022-02-28,-15 day ahead inc hosp,quantile,0.9,288,COVID-19
DE-SH,00+,2022-03-15,2022-02-27,-16 day ahead inc hosp,quantile,0.9,279,COVID-19
DE-SH,00+,2022-03-15,2022-02-26,-17 day ahead inc hosp,quantile,0.9,266,COVID-19
DE-SH,00+,2022-03-15,2022-02-25,-18 day ahead inc hosp,quantile,0.9,279,COVID-19
DE-SH,00+,2022-03-15,2022-02-24,-19 day ahead inc hosp,quantile,0.9,268,COVID-19
DE-SH,00+,2022-03-15,2022-02-23,-20 day ahead inc hosp,quantile,0.9,266,COVID-19
DE-SH,00+,2022-03-15,2022-02-22,-21 day ahead inc hosp,quantile,0.9,276,COVID-19
DE-SH,00+,2022-03-15,2022-02-21,-22 day ahead inc hosp,quantile,0.9,279,COVID-19
DE-SH,00+,2022-03-15,2022-02-20,-23 day ahead inc hosp,quantile,0.9,280,COVID-19
DE-SH,00+,2022-03-15,2022-02-19,-24 day ahead inc hosp,quantile,0.9,269,COVID-19
DE-SH,00+,2022-03-15,2022-02-18,-25 day ahead inc hosp,quantile,0.9,249,COVID-19
DE-SH,00+,2022-03-15,2022-02-17,-26 day ahead inc hosp,quantile,0.9,250,COVID-19
DE-SH,00+,2022-03-15,2022-02-16,-27 day ahead inc hosp,quantile,0.9,244,COVID-19
DE-SH,00+,2022-03-15,2022-02-15,-28 day ahead inc hosp,quantile,0.9,245,COVID-19
DE-SH,00+,2022-03-15,2022-03-15,0 day ahead inc hosp,quantile,0.975,240,COVID-19
DE-SH,00+,2022-03-15,2022-03-14,-1 day ahead inc hosp,quantile,0.975,232,COVID-19
DE-SH,00+,2022-03-15,2022-03-13,-2 day ahead inc hosp,quantile,0.975,240,COVID-19
DE-SH,00+,2022-03-15,2022-03-12,-3 day ahead inc hosp,quantile,0.975,228,COVID-19
DE-SH,00+,2022-03-15,2022-03-11,-4 day ahead inc hosp,quantile,0.975,251,COVID-19
DE-SH,00+,2022-03-15,2022-03-10,-5 day ahead inc hosp,quantile,0.975,252,COVID-19
DE-SH,00+,2022-03-15,2022-03-09,-6 day ahead inc hosp,quantile,0.975,246,COVID-19
DE-SH,00+,2022-03-15,2022-03-08,-7 day ahead inc hosp,quantile,0.975,253,COVID-19
DE-SH,00+,2022-03-15,2022-03-07,-8 day ahead inc hosp,quantile,0.975,262,COVID-19
DE-SH,00+,2022-03-15,2022-03-06,-9 day ahead inc hosp,quantile,0.975,258,COVID-19
DE-SH,00+,2022-03-15,2022-03-05,-10 day ahead inc hosp,quantile,0.975,276,COVID-19
DE-SH,00+,2022-03-15,2022-03-04,-11 day ahead inc hosp,quantile,0.975,266,COVID-19
DE-SH,00+,2022-03-15,2022-03-03,-12 day ahead inc hosp,quantile,0.975,285,COVID-19
DE-SH,00+,2022-03-15,2022-03-02,-13 day ahead inc hosp,quantile,0.975,296,COVID-19
DE-SH,00+,2022-03-15,2022-03-01,-14 day ahead inc hosp,quantile,0.975,287,COVID-19
DE-SH,00+,2022-03-15,2022-02-28,-15 day ahead inc hosp,quantile,0.975,293,COVID-19
DE-SH,00+,2022-03-15,2022-02-27,-16 day ahead inc hosp,quantile,0.975,284,COVID-19
DE-SH,00+,2022-03-15,2022-02-26,-17 day ahead inc hosp,quantile,0.975,270,COVID-19
DE-SH,00+,2022-03-15,2022-02-25,-18 day ahead inc hosp,quantile,0.975,283,COVID-19
DE-SH,00+,2022-03-15,2022-02-24,-19 day ahead inc hosp,quantile,0.975,271,COVID-19
DE-SH,00+,2022-03-15,2022-02-23,-20 day ahead inc hosp,quantile,0.975,270,COVID-19
DE-SH,00+,2022-03-15,2022-02-22,-21 day ahead inc hosp,quantile,0.975,279,COVID-19
DE-SH,00+,2022-03-15,2022-02-21,-22 day ahead inc hosp,quantile,0.975,282,COVID-19
DE-SH,00+,2022-03-15,2022-02-20,-23 day ahead inc hosp,quantile,0.975,283,COVID-19
DE-SH,00+,2022-03-15,2022-02-19,-24 day ahead inc hosp,quantile,0.975,272,COVID-19
DE-SH,00+,2022-03-15,2022-02-18,-25 day ahead inc hosp,quantile,0.975,252,COVID-19
DE-SH,00+,2022-03-15,2022-02-17,-26 day ahead inc hosp,quantile,0.975,253,COVID-19
DE-SH,00+,2022-03-15,2022-02-16,-27 day ahead inc hosp,quantile,0.975,247,COVID-19
DE-SH,00+,2022-03-15,2022-02-15,-28 day ahead inc hosp,quantile,0.975,247,COVID-19
DE-SL,00+,2022-03-15,2022-03-15,0 day ahead inc hosp,mean,NA,259.2,COVID-19
DE-SL,00+,2022-03-15,2022-03-14,-1 day ahead inc hosp,mean,NA,247,COVID-19
DE-SL,00+,2022-03-15,2022-03-13,-2 day ahead inc hosp,mean,NA,177.6,COVID-19
DE-SL,00+,2022-03-15,2022-03-12,-3 day ahead inc hosp,mean,NA,139.3,COVID-19
DE-SL,00+,2022-03-15,2022-03-11,-4 day ahead inc hosp,mean,NA,121,COVID-19
DE-SL,00+,2022-03-15,2022-03-10,-5 day ahead inc hosp,mean,NA,89.4,COVID-19
DE-SL,00+,2022-03-15,2022-03-09,-6 day ahead inc hosp,mean,NA,72.3,COVID-19
DE-SL,00+,2022-03-15,2022-03-08,-7 day ahead inc hosp,mean,NA,59.6,COVID-19
DE-SL,00+,2022-03-15,2022-03-07,-8 day ahead inc hosp,mean,NA,58.2,COVID-19
DE-SL,00+,2022-03-15,2022-03-06,-9 day ahead inc hosp,mean,NA,60.5,COVID-19
DE-SL,00+,2022-03-15,2022-03-05,-10 day ahead inc hosp,mean,NA,55.5,COVID-19
DE-SL,00+,2022-03-15,2022-03-04,-11 day ahead inc hosp,mean,NA,44.3,COVID-19
DE-SL,00+,2022-03-15,2022-03-03,-12 day ahead inc hosp,mean,NA,42.3,COVID-19
DE-SL,00+,2022-03-15,2022-03-02,-13 day ahead inc hosp,mean,NA,40.3,COVID-19
DE-SL,00+,2022-03-15,2022-03-01,-14 day ahead inc hosp,mean,NA,30.3,COVID-19
DE-SL,00+,2022-03-15,2022-02-28,-15 day ahead inc hosp,mean,NA,33.3,COVID-19
DE-SL,00+,2022-03-15,2022-02-27,-16 day ahead inc hosp,mean,NA,34,COVID-19
DE-SL,00+,2022-03-15,2022-02-26,-17 day ahead inc hosp,mean,NA,36.7,COVID-19
DE-SL,00+,2022-03-15,2022-02-25,-18 day ahead inc hosp,mean,NA,42.5,COVID-19
DE-SL,00+,2022-03-15,2022-02-24,-19 day ahead inc hosp,mean,NA,48.4,COVID-19
DE-SL,00+,2022-03-15,2022-02-23,-20 day ahead inc hosp,mean,NA,62.4,COVID-19
DE-SL,00+,2022-03-15,2022-02-22,-21 day ahead inc hosp,mean,NA,73.4,COVID-19
DE-SL,00+,2022-03-15,2022-02-21,-22 day ahead inc hosp,mean,NA,77.4,COVID-19
DE-SL,00+,2022-03-15,2022-02-20,-23 day ahead inc hosp,mean,NA,80.4,COVID-19
DE-SL,00+,2022-03-15,2022-02-19,-24 day ahead inc hosp,mean,NA,82.4,COVID-19
DE-SL,00+,2022-03-15,2022-02-18,-25 day ahead inc hosp,mean,NA,86.4,COVID-19
DE-SL,00+,2022-03-15,2022-02-17,-26 day ahead inc hosp,mean,NA,85.3,COVID-19
DE-SL,00+,2022-03-15,2022-02-16,-27 day ahead inc hosp,mean,NA,71.2,COVID-19
DE-SL,00+,2022-03-15,2022-02-15,-28 day ahead inc hosp,mean,NA,62.2,COVID-19
DE-SN,00+,2022-03-15,2022-03-15,0 day ahead inc hosp,mean,NA,635.5,COVID-19
DE-SN,00+,2022-03-15,2022-03-14,-1 day ahead inc hosp,mean,NA,619.4,COVID-19
DE-SN,00+,2022-03-15,2022-03-13,-2 day ahead inc hosp,mean,NA,586.9,COVID-19
DE-SN,00+,2022-03-15,2022-03-12,-3 day ahead inc hosp,mean,NA,539.4,COVID-19
DE-SN,00+,2022-03-15,2022-03-11,-4 day ahead inc hosp,mean,NA,479.7,COVID-19
DE-SN,00+,2022-03-15,2022-03-10,-5 day ahead inc hosp,mean,NA,435.4,COVID-19
DE-SN,00+,2022-03-15,2022-03-09,-6 day ahead inc hosp,mean,NA,419.6,COVID-19
DE-SN,00+,2022-03-15,2022-03-08,-7 day ahead inc hosp,mean,NA,393.9,COVID-19
DE-SN,00+,2022-03-15,2022-03-07,-8 day ahead inc hosp,mean,NA,410.8,COVID-19
DE-SN,00+,2022-03-15,2022-03-06,-9 day ahead inc hosp,mean,NA,411.9,COVID-19
DE-SN,00+,2022-03-15,2022-03-05,-10 day ahead inc hosp,mean,NA,420,COVID-19
DE-SN,00+,2022-03-15,2022-03-04,-11 day ahead inc hosp,mean,NA,440.5,COVID-19
DE-SN,00+,2022-03-15,2022-03-03,-12 day ahead inc hosp,mean,NA,451.3,COVID-19
DE-SN,00+,2022-03-15,2022-03-02,-13 day ahead inc hosp,mean,NA,442.6,COVID-19
DE-SN,00+,2022-03-15,2022-03-01,-14 day ahead inc hosp,mean,NA,437.1,COVID-19
DE-SN,00+,2022-03-15,2022-02-28,-15 day ahead inc hosp,mean,NA,447.2,COVID-19
DE-SN,00+,2022-03-15,2022-02-27,-16 day ahead inc hosp,mean,NA,444.7,COVID-19
DE-SN,00+,2022-03-15,2022-02-26,-17 day ahead inc hosp,mean,NA,431.9,COVID-19
DE-SN,00+,2022-03-15,2022-02-25,-18 day ahead inc hosp,mean,NA,425.5,COVID-19
DE-SN,00+,2022-03-15,2022-02-24,-19 day ahead inc hosp,mean,NA,417,COVID-19
DE-SN,00+,2022-03-15,2022-02-23,-20 day ahead inc hosp,mean,NA,415.9,COVID-19
DE-SN,00+,2022-03-15,2022-02-22,-21 day ahead inc hosp,mean,NA,407.7,COVID-19
DE-SN,00+,2022-03-15,2022-02-21,-22 day ahead inc hosp,mean,NA,399.9,COVID-19
DE-SN,00+,2022-03-15,2022-02-20,-23 day ahead inc hosp,mean,NA,406.4,COVID-19
DE-SN,00+,2022-03-15,2022-02-19,-24 day ahead inc hosp,mean,NA,411.5,COVID-19
DE-SN,00+,2022-03-15,2022-02-18,-25 day ahead inc hosp,mean,NA,406.9,COVID-19
DE-SN,00+,2022-03-15,2022-02-17,-26 day ahead inc hosp,mean,NA,406.1,COVID-19
DE-SN,00+,2022-03-15,2022-02-16,-27 day ahead inc hosp,mean,NA,395.3,COVID-19
DE-SN,00+,2022-03-15,2022-02-15,-28 day ahead inc hosp,mean,NA,397.9,COVID-19
DE-SN,00+,2022-03-15,2022-03-15,0 day ahead inc hosp,quantile,0.025,576,COVID-19
DE-SN,00+,2022-03-15,2022-03-14,-1 day ahead inc hosp,quantile,0.025,570,COVID-19
DE-SN,00+,2022-03-15,2022-03-13,-2 day ahead inc hosp,quantile,0.025,545,COVID-19
DE-SN,00+,2022-03-15,2022-03-12,-3 day ahead inc hosp,quantile,0.025,507,COVID-19
DE-SN,00+,2022-03-15,2022-03-11,-4 day ahead inc hosp,quantile,0.025,456,COVID-19
DE-SN,00+,2022-03-15,2022-03-10,-5 day ahead inc hosp,quantile,0.025,415,COVID-19
DE-SN,00+,2022-03-15,2022-03-09,-6 day ahead inc hosp,quantile,0.025,402,COVID-19
DE-SN,00+,2022-03-15,2022-03-08,-7 day ahead inc hosp,quantile,0.025,378,COVID-19
DE-SN,00+,2022-03-15,2022-03-07,-8 day ahead inc hosp,quantile,0.025,396,COVID-19
DE-SN,00+,2022-03-15,2022-03-06,-9 day ahead inc hosp,quantile,0.025,397,COVID-19
DE-SN,00+,2022-03-15,2022-03-05,-10 day ahead inc hosp,quantile,0.025,406,COVID-19
DE-SN,00+,2022-03-15,2022-03-04,-11 day ahead inc hosp,quantile,0.025,427,COVID-19
DE-SN,00+,2022-03-15,2022-03-03,-12 day ahead inc hosp,quantile,0.025,438,COVID-19
DE-SN,00+,2022-03-15,2022-03-02,-13 day ahead inc hosp,quantile,0.025,430,COVID-19
DE-SN,00+,2022-03-15,2022-03-01,-14 day ahead inc hosp,quantile,0.025,426,COVID-19
DE-SN,00+,2022-03-15,2022-02-28,-15 day ahead inc hosp,quantile,0.025,436,COVID-19
DE-SN,00+,2022-03-15,2022-02-27,-16 day ahead inc hosp,quantile,0.025,434,COVID-19
DE-SN,00+,2022-03-15,2022-02-26,-17 day ahead inc hosp,quantile,0.025,422,COVID-19
DE-SN,00+,2022-03-15,2022-02-25,-18 day ahead inc hosp,quantile,0.025,417,COVID-19
DE-SN,00+,2022-03-15,2022-02-24,-19 day ahead inc hosp,quantile,0.025,409,COVID-19
DE-SN,00+,2022-03-15,2022-02-23,-20 day ahead inc hosp,quantile,0.025,409,COVID-19
DE-SN,00+,2022-03-15,2022-02-22,-21 day ahead inc hosp,quantile,0.025,402,COVID-19
DE-SN,00+,2022-03-15,2022-02-21,-22 day ahead inc hosp,quantile,0.025,394,COVID-19
DE-SN,00+,2022-03-15,2022-02-20,-23 day ahead inc hosp,quantile,0.025,401,COVID-19
DE-SN,00+,2022-03-15,2022-02-19,-24 day ahead inc hosp,quantile,0.025,407,COVID-19
DE-SN,00+,2022-03-15,2022-02-18,-25 day ahead inc hosp,quantile,0.025,403,COVID-19
DE-SN,00+,2022-03-15,2022-02-17,-26 day ahead inc hosp,quantile,0.025,402,COVID-19
DE-SN,00+,2022-03-15,2022-02-16,-27 day ahead inc hosp,quantile,0.025,392,COVID-19
DE-SN,00+,2022-03-15,2022-02-15,-28 day ahead inc hosp,quantile,0.025,395,COVID-19
DE-SN,00+,2022-03-15,2022-03-15,0 day ahead inc hosp,quantile,0.1,597,COVID-19
DE-SN,00+,2022-03-15,2022-03-14,-1 day ahead inc hosp,quantile,0.1,587.9,COVID-19
DE-SN,00+,2022-03-15,2022-03-13,-2 day ahead inc hosp,quantile,0.1,559,COVID-19
DE-SN,00+,2022-03-15,2022-03-12,-3 day ahead inc hosp,quantile,0.1,518,COVID-19
DE-SN,00+,2022-03-15,2022-03-11,-4 day ahead inc hosp,quantile,0.1,464,COVID-19
DE-SN,00+,2022-03-15,2022-03-10,-5 day ahead inc hosp,quantile,0.1,422,COVID-19
DE-SN,00+,2022-03-15,2022-03-09,-6 day ahead inc hosp,quantile,0.1,408,COVID-19
DE-SN,00+,2022-03-15,2022-03-08,-7 day ahead inc hosp,quantile,0.1,384,COVID-19
DE-SN,00+,2022-03-15,2022-03-07,-8 day ahead inc hosp,quantile,0.1,401,COVID-19
DE-SN,00+,2022-03-15,2022-03-06,-9 day ahead inc hosp,quantile,0.1,403,COVID-19
DE-SN,00+,2022-03-15,2022-03-05,-10 day ahead inc hosp,quantile,0.1,411,COVID-19
DE-SN,00+,2022-03-15,2022-03-04,-11 day ahead inc hosp,quantile,0.1,431,COVID-19
DE-SN,00+,2022-03-15,2022-03-03,-12 day ahead inc hosp,quantile,0.1,443,COVID-19
DE-SN,00+,2022-03-15,2022-03-02,-13 day ahead inc hosp,quantile,0.1,435,COVID-19
DE-SN,00+,2022-03-15,2022-03-01,-14 day ahead inc hosp,quantile,0.1,430,COVID-19
DE-SN,00+,2022-03-15,2022-02-28,-15 day ahead inc hosp,quantile,0.1,440,COVID-19
DE-SN,00+,2022-03-15,2022-02-27,-16 day ahead inc hosp,quantile,0.1,438,COVID-19
DE-SN,00+,2022-03-15,2022-02-26,-17 day ahead inc hosp,quantile,0.1,426,COVID-19
DE-SN,00+,2022-03-15,2022-02-25,-18 day ahead inc hosp,quantile,0.1,420,COVID-19
DE-SN,00+,2022-03-15,2022-02-24,-19 day ahead inc hosp,quantile,0.1,412,COVID-19
DE-SN,00+,2022-03-15,2022-02-23,-20 day ahead inc hosp,quantile,0.1,411,COVID-19
DE-SN,00+,2022-03-15,2022-02-22,-21 day ahead inc hosp,quantile,0.1,404,COVID-19
DE-SN,00+,2022-03-15,2022-02-21,-22 day ahead inc hosp,quantile,0.1,396,COVID-19
DE-SN,00+,2022-03-15,2022-02-20,-23 day ahead inc hosp,quantile,0.1,403,COVID-19
DE-SN,00+,2022-03-15,2022-02-19,-24 day ahead inc hosp,quantile,0.1,408,COVID-19
DE-SN,00+,2022-03-15,2022-02-18,-25 day ahead inc hosp,quantile,0.1,404,COVID-19
DE-SN,00+,2022-03-15,2022-02-17,-26 day ahead inc hosp,quantile,0.1,403,COVID-19
DE-SN,00+,2022-03-15,2022-02-16,-27 day ahead inc hosp,quantile,0.1,393,COVID-19
DE-SN,00+,2022-03-15,2022-02-15,-28 day ahead inc hosp,quantile,0.1,395,COVID-19
DE-SN,00+,2022-03-15,2022-03-15,0 day ahead inc hosp,quantile,0.25,616,COVID-19
DE-SN,00+,2022-03-15,2022-03-14,-1 day ahead inc hosp,quantile,0.25,603,COVID-19
DE-SN,00+,2022-03-15,2022-03-13,-2 day ahead inc hosp,quantile,0.25,573,COVID-19
DE-SN,00+,2022-03-15,2022-03-12,-3 day ahead inc hosp,quantile,0.25,529,COVID-19
DE-SN,00+,2022-03-15,2022-03-11,-4 day ahead inc hosp,quantile,0.25,472,COVID-19
DE-SN,00+,2022-03-15,2022-03-10,-5 day ahead inc hosp,quantile,0.25,429,COVID-19
DE-SN,00+,2022-03-15,2022-03-09,-6 day ahead inc hosp,quantile,0.25,414,COVID-19
DE-SN,00+,2022-03-15,2022-03-08,-7 day ahead inc hosp,quantile,0.25,389,COVID-19
DE-SN,00+,2022-03-15,2022-03-07,-8 day ahead inc hosp,quantile,0.25,406,COVID-19
DE-SN,00+,2022-03-15,2022-03-06,-9 day ahead inc hosp,quantile,0.25,407,COVID-19
DE-SN,00+,2022-03-15,2022-03-05,-10 day ahead inc hosp,quantile,0.25,415,COVID-19
DE-SN,00+,2022-03-15,2022-03-04,-11 day ahead inc hosp,quantile,0.25,436,COVID-19
DE-SN,00+,2022-03-15,2022-03-03,-12 day ahead inc hosp,quantile,0.25,447,COVID-19
DE-SN,00+,2022-03-15,2022-03-02,-13 day ahead inc hosp,quantile,0.25,439,COVID-19
DE-SN,00+,2022-03-15,2022-03-01,-14 day ahead inc hosp,quantile,0.25,433,COVID-19
DE-SN,00+,2022-03-15,2022-02-28,-15 day ahead inc hosp,quantile,0.25,444,COVID-19
DE-SN,00+,2022-03-15,2022-02-27,-16 day ahead inc hosp,quantile,0.25,441,COVID-19
DE-SN,00+,2022-03-15,2022-02-26,-17 day ahead inc hosp,quantile,0.25,429,COVID-19
DE-SN,00+,2022-03-15,2022-02-25,-18 day ahead inc hosp,quantile,0.25,423,COVID-19
DE-SN,00+,2022-03-15,2022-02-24,-19 day ahead inc hosp,quantile,0.25,414,COVID-19
DE-SN,00+,2022-03-15,2022-02-23,-20 day ahead inc hosp,quantile,0.25,414,COVID-19
DE-SN,00+,2022-03-15,2022-02-22,-21 day ahead inc hosp,quantile,0.25,406,COVID-19
DE-SN,00+,2022-03-15,2022-02-21,-22 day ahead inc hosp,quantile,0.25,398,COVID-19
DE-SN,00+,2022-03-15,2022-02-20,-23 day ahead inc hosp,quantile,0.25,405,COVID-19
DE-SN,00+,2022-03-15,2022-02-19,-24 day ahead inc hosp,quantile,0.25,410,COVID-19
DE-SN,00+,2022-03-15,2022-02-18,-25 day ahead inc hosp,quantile,0.25,405,COVID-19
DE-SN,00+,2022-03-15,2022-02-17,-26 day ahead inc hosp,quantile,0.25,405,COVID-19
DE-SN,00+,2022-03-15,2022-02-16,-27 day ahead inc hosp,quantile,0.25,394,COVID-19
DE-SN,00+,2022-03-15,2022-02-15,-28 day ahead inc hosp,quantile,0.25,397,COVID-19
DE-SN,00+,2022-03-15,2022-03-15,0 day ahead inc hosp,quantile,0.5,638,COVID-19
DE-SN,00+,2022-03-15,2022-03-14,-1 day ahead inc hosp,quantile,0.5,621,COVID-19
DE-SN,00+,2022-03-15,2022-03-13,-2 day ahead inc hosp,quantile,0.5,589,COVID-19
DE-SN,00+,2022-03-15,2022-03-12,-3 day ahead inc hosp,quantile,0.5,541,COVID-19
DE-SN,00+,2022-03-15,2022-03-11,-4 day ahead inc hosp,quantile,0.5,481,COVID-19
DE-SN,00+,2022-03-15,2022-03-10,-5 day ahead inc hosp,quantile,0.5,436,COVID-19
DE-SN,00+,2022-03-15,2022-03-09,-6 day ahead inc hosp,quantile,0.5,420,COVID-19
DE-SN,00+,2022-03-15,2022-03-08,-7 day ahead inc hosp,quantile,0.5,395,COVID-19
DE-SN,00+,2022-03-15,2022-03-07,-8 day ahead inc hosp,quantile,0.5,411,COVID-19
DE-SN,00+,2022-03-15,2022-03-06,-9 day ahead inc hosp,quantile,0.5,413,COVID-19
DE-SN,00+,2022-03-15,2022-03-05,-10 day ahead inc hosp,quantile,0.5,421,COVID-19
DE-SN,00+,2022-03-15,2022-03-04,-11 day ahead inc hosp,quantile,0.5,441,COVID-19
DE-SN,00+,2022-03-15,2022-03-03,-12 day ahead inc hosp,quantile,0.5,452,COVID-19
DE-SN,00+,2022-03-15,2022-03-02,-13 day ahead inc hosp,quantile,0.5,443,COVID-19
DE-SN,00+,2022-03-15,2022-03-01,-14 day ahead inc hosp,quantile,0.5,438,COVID-19
DE-SN,00+,2022-03-15,2022-02-28,-15 day ahead inc hosp,quantile,0.5,448,COVID-19
DE-SN,00+,2022-03-15,2022-02-27,-16 day ahead inc hosp,quantile,0.5,445,COVID-19
DE-SN,00+,2022-03-15,2022-02-26,-17 day ahead inc hosp,quantile,0.5,432,COVID-19
DE-SN,00+,2022-03-15,2022-02-25,-18 day ahead inc hosp,quantile,0.5,426,COVID-19
DE-SN,00+,2022-03-15,2022-02-24,-19 day ahead inc hosp,quantile,0.5,417,COVID-19
DE-SN,00+,2022-03-15,2022-02-23,-20 day ahead inc hosp,quantile,0.5,416,COVID-19
DE-SN,00+,2022-03-15,2022-02-22,-21 day ahead inc hosp,quantile,0.5,408,COVID-19
DE-SN,00+,2022-03-15,2022-02-21,-22 day ahead inc hosp,quantile,0.5,400,COVID-19
DE-SN,00+,2022-03-15,2022-02-20,-23 day ahead inc hosp,quantile,0.5,407,COVID-19
DE-SN,00+,2022-03-15,2022-02-19,-24 day ahead inc hosp,quantile,0.5,412,COVID-19
DE-SN,00+,2022-03-15,2022-02-18,-25 day ahead inc hosp,quantile,0.5,407,COVID-19
DE-SN,00+,2022-03-15,2022-02-17,-26 day ahead inc hosp,quantile,0.5,406,COVID-19
DE-SN,00+,2022-03-15,2022-02-16,-27 day ahead inc hosp,quantile,0.5,396,COVID-19
DE-SN,00+,2022-03-15,2022-02-15,-28 day ahead inc hosp,quantile,0.5,398,COVID-19
DE-SN,00+,2022-03-15,2022-03-15,0 day ahead inc hosp,quantile,0.75,662,COVID-19
DE-SN,00+,2022-03-15,2022-03-14,-1 day ahead inc hosp,quantile,0.75,642,COVID-19
DE-SN,00+,2022-03-15,2022-03-13,-2 day ahead inc hosp,quantile,0.75,606,COVID-19
DE-SN,00+,2022-03-15,2022-03-12,-3 day ahead inc hosp,quantile,0.75,554,COVID-19
DE-SN,00+,2022-03-15,2022-03-11,-4 day ahead inc hosp,quantile,0.75,490,COVID-19
DE-SN,00+,2022-03-15,2022-03-10,-5 day ahead inc hosp,quantile,0.75,444,COVID-19
DE-SN,00+,2022-03-15,2022-03-09,-6 day ahead inc hosp,quantile,0.75,427,COVID-19
DE-SN,00+,2022-03-15,2022-03-08,-7 day ahead inc hosp,quantile,0.75,401,COVID-19
DE-SN,00+,2022-03-15,2022-03-07,-8 day ahead inc hosp,quantile,0.75,417,COVID-19
DE-SN,00+,2022-03-15,2022-03-06,-9 day ahead inc hosp,quantile,0.75,418,COVID-19
DE-SN,00+,2022-03-15,2022-03-05,-10 day ahead inc hosp,quantile,0.75,426,COVID-19
DE-SN,00+,2022-03-15,2022-03-04,-11 day ahead inc hosp,quantile,0.75,447,COVID-19
DE-SN,00+,2022-03-15,2022-03-03,-12 day ahead inc hosp,quantile,0.75,457,COVID-19
DE-SN,00+,2022-03-15,2022-03-02,-13 day ahead inc hosp,quantile,0.75,448,COVID-19
DE-SN,00+,2022-03-15,2022-03-01,-14 day ahead inc hosp,quantile,0.75,442,COVID-19
DE-SN,00+,2022-03-15,2022-02-28,-15 day ahead inc hosp,quantile,0.75,452,COVID-19
DE-SN,00+,2022-03-15,2022-02-27,-16 day ahead inc hosp,quantile,0.75,450,COVID-19
DE-SN,00+,2022-03-15,2022-02-26,-17 day ahead inc hosp,quantile,0.75,436,COVID-19
DE-SN,00+,2022-03-15,2022-02-25,-18 day ahead inc hosp,quantile,0.75,429,COVID-19
DE-SN,00+,2022-03-15,2022-02-24,-19 day ahead inc hosp,quantile,0.75,421,COVID-19
DE-SN,00+,2022-03-15,2022-02-23,-20 day ahead inc hosp,quantile,0.75,419,COVID-19
DE-SN,00+,2022-03-15,2022-02-22,-21 day ahead inc hosp,quantile,0.75,411,COVID-19
DE-SN,00+,2022-03-15,2022-02-21,-22 day ahead inc hosp,quantile,0.75,403,COVID-19
DE-SN,00+,2022-03-15,2022-02-20,-23 day ahead inc hosp,quantile,0.75,409,COVID-19
DE-SN,00+,2022-03-15,2022-02-19,-24 day ahead inc hosp,quantile,0.75,414,COVID-19
DE-SN,00+,2022-03-15,2022-02-18,-25 day ahead inc hosp,quantile,0.75,409,COVID-19
DE-SN,00+,2022-03-15,2022-02-17,-26 day ahead inc hosp,quantile,0.75,408,COVID-19
DE-SN,00+,2022-03-15,2022-02-16,-27 day ahead inc hosp,quantile,0.75,397,COVID-19
DE-SN,00+,2022-03-15,2022-02-15,-28 day ahead inc hosp,quantile,0.75,400,COVID-19
DE-SN,00+,2022-03-15,2022-03-15,0 day ahead inc hosp,quantile,0.9,685,COVID-19
DE-SN,00+,2022-03-15,2022-03-14,-1 day ahead inc hosp,quantile,0.9,661,COVID-19
DE-SN,00+,2022-03-15,2022-03-13,-2 day ahead inc hosp,quantile,0.9,622,COVID-19
DE-SN,00+,2022-03-15,2022-03-12,-3 day ahead inc hosp,quantile,0.9,566,COVID-19
DE-SN,00+,2022-03-15,2022-03-11,-4 day ahead inc hosp,quantile,0.9,499,COVID-19
DE-SN,00+,2022-03-15,2022-03-10,-5 day ahead inc hosp,quantile,0.9,451,COVID-19
DE-SN,00+,2022-03-15,2022-03-09,-6 day ahead inc hosp,quantile,0.9,433,COVID-19
DE-SN,00+,2022-03-15,2022-03-08,-7 day ahead inc hosp,quantile,0.9,406,COVID-19
DE-SN,00+,2022-03-15,2022-03-07,-8 day ahead inc hosp,quantile,0.9,423,COVID-19
DE-SN,00+,2022-03-15,2022-03-06,-9 day ahead inc hosp,quantile,0.9,424,COVID-19
DE-SN,00+,2022-03-15,2022-03-05,-10 day ahead inc hosp,quantile,0.9,432,COVID-19
DE-SN,00+,2022-03-15,2022-03-04,-11 day ahead inc hosp,quantile,0.9,452,COVID-19
DE-SN,00+,2022-03-15,2022-03-03,-12 day ahead inc hosp,quantile,0.9,463,COVID-19
DE-SN,00+,2022-03-15,2022-03-02,-13 day ahead inc hosp,quantile,0.9,453,COVID-19
DE-SN,00+,2022-03-15,2022-03-01,-14 day ahead inc hosp,quantile,0.9,447,COVID-19
DE-SN,00+,2022-03-15,2022-02-28,-15 day ahead inc hosp,quantile,0.9,456,COVID-19
DE-SN,00+,2022-03-15,2022-02-27,-16 day ahead inc hosp,quantile,0.9,454,COVID-19
DE-SN,00+,2022-03-15,2022-02-26,-17 day ahead inc hosp,quantile,0.9,440,COVID-19
DE-SN,00+,2022-03-15,2022-02-25,-18 day ahead inc hosp,quantile,0.9,433,COVID-19
DE-SN,00+,2022-03-15,2022-02-24,-19 day ahead inc hosp,quantile,0.9,424,COVID-19
DE-SN,00+,2022-03-15,2022-02-23,-20 day ahead inc hosp,quantile,0.9,422,COVID-19
DE-SN,00+,2022-03-15,2022-02-22,-21 day ahead inc hosp,quantile,0.9,413,COVID-19
DE-SN,00+,2022-03-15,2022-02-21,-22 day ahead inc hosp,quantile,0.9,405,COVID-19
DE-SN,00+,2022-03-15,2022-02-20,-23 day ahead inc hosp,quantile,0.9,412,COVID-19
DE-SN,00+,2022-03-15,2022-02-19,-24 day ahead inc hosp,quantile,0.9,416.1,COVID-19
DE-SN,00+,2022-03-15,2022-02-18,-25 day ahead inc hosp,quantile,0.9,411,COVID-19
DE-SN,00+,2022-03-15,2022-02-17,-26 day ahead inc hosp,quantile,0.9,410,COVID-19
DE-SN,00+,2022-03-15,2022-02-16,-27 day ahead inc hosp,quantile,0.9,399,COVID-19
DE-SN,00+,2022-03-15,2022-02-15,-28 day ahead inc hosp,quantile,0.9,402,COVID-19
DE-SN,00+,2022-03-15,2022-03-15,0 day ahead inc hosp,quantile,0.975,714,COVID-19
DE-SN,00+,2022-03-15,2022-03-14,-1 day ahead inc hosp,quantile,0.975,685,COVID-19
DE-SN,00+,2022-03-15,2022-03-13,-2 day ahead inc hosp,quantile,0.975,643,COVID-19
DE-SN,00+,2022-03-15,2022-03-12,-3 day ahead inc hosp,quantile,0.975,580,COVID-19
DE-SN,00+,2022-03-15,2022-03-11,-4 day ahead inc hosp,quantile,0.975,509,COVID-19
DE-SN,00+,2022-03-15,2022-03-10,-5 day ahead inc hosp,quantile,0.975,459,COVID-19
DE-SN,00+,2022-03-15,2022-03-09,-6 day ahead inc hosp,quantile,0.975,441,COVID-19
DE-SN,00+,2022-03-15,2022-03-08,-7 day ahead inc hosp,quantile,0.975,413,COVID-19
DE-SN,00+,2022-03-15,2022-03-07,-8 day ahead inc hosp,quantile,0.975,429,COVID-19
DE-SN,00+,2022-03-15,2022-03-06,-9 day ahead inc hosp,quantile,0.975,430,COVID-19
DE-SN,00+,2022-03-15,2022-03-05,-10 day ahead inc hosp,quantile,0.975,438,COVID-19
DE-SN,00+,2022-03-15,2022-03-04,-11 day ahead inc hosp,quantile,0.975,458,COVID-19
DE-SN,00+,2022-03-15,2022-03-03,-12 day ahead inc hosp,quantile,0.975,468,COVID-19
DE-SN,00+,2022-03-15,2022-03-02,-13 day ahead inc hosp,quantile,0.975,458,COVID-19
DE-SN,00+,2022-03-15,2022-03-01,-14 day ahead inc hosp,quantile,0.975,452,COVID-19
DE-SN,00+,2022-03-15,2022-02-28,-15 day ahead inc hosp,quantile,0.975,461,COVID-19
DE-SN,00+,2022-03-15,2022-02-27,-16 day ahead inc hosp,quantile,0.975,459,COVID-19
DE-SN,00+,2022-03-15,2022-02-26,-17 day ahead inc hosp,quantile,0.975,445,COVID-19
DE-SN,00+,2022-03-15,2022-02-25,-18 day ahead inc hosp,quantile,0.975,437,COVID-19
DE-SN,00+,2022-03-15,2022-02-24,-19 day ahead inc hosp,quantile,0.975,427,COVID-19
DE-SN,00+,2022-03-15,2022-02-23,-20 day ahead inc hosp,quantile,0.975,426,COVID-19
DE-SN,00+,2022-03-15,2022-02-22,-21 day ahead inc hosp,quantile,0.975,417,COVID-19
DE-SN,00+,2022-03-15,2022-02-21,-22 day ahead inc hosp,quantile,0.975,408,COVID-19
DE-SN,00+,2022-03-15,2022-02-20,-23 day ahead inc hosp,quantile,0.975,415,COVID-19
DE-SN,00+,2022-03-15,2022-02-19,-24 day ahead inc hosp,quantile,0.975,419,COVID-19
DE-SN,00+,2022-03-15,2022-02-18,-25 day ahead inc hosp,quantile,0.975,414,COVID-19
DE-SN,00+,2022-03-15,2022-02-17,-26 day ahead inc hosp,quantile,0.975,413,COVID-19
DE-SN,00+,2022-03-15,2022-02-16,-27 day ahead inc hosp,quantile,0.975,402,COVID-19
DE-SN,00+,2022-03-15,2022-02-15,-28 day ahead inc hosp,quantile,0.975,404,COVID-19
DE-ST,00+,2022-03-15,2022-03-15,0 day ahead inc hosp,mean,NA,342.6,COVID-19
DE-ST,00+,2022-03-15,2022-03-14,-1 day ahead inc hosp,mean,NA,376.4,COVID-19
DE-ST,00+,2022-03-15,2022-03-13,-2 day ahead inc hosp,mean,NA,382.1,COVID-19
DE-ST,00+,2022-03-15,2022-03-12,-3 day ahead inc hosp,mean,NA,391.6,COVID-19
DE-ST,00+,2022-03-15,2022-03-11,-4 day ahead inc hosp,mean,NA,372,COVID-19
DE-ST,00+,2022-03-15,2022-03-10,-5 day ahead inc hosp,mean,NA,388.8,COVID-19
DE-ST,00+,2022-03-15,2022-03-09,-6 day ahead inc hosp,mean,NA,367.4,COVID-19
DE-ST,00+,2022-03-15,2022-03-08,-7 day ahead inc hosp,mean,NA,353,COVID-19
DE-ST,00+,2022-03-15,2022-03-07,-8 day ahead inc hosp,mean,NA,330.2,COVID-19
DE-ST,00+,2022-03-15,2022-03-06,-9 day ahead inc hosp,mean,NA,336.7,COVID-19
DE-ST,00+,2022-03-15,2022-03-05,-10 day ahead inc hosp,mean,NA,307.8,COVID-19
DE-ST,00+,2022-03-15,2022-03-04,-11 day ahead inc hosp,mean,NA,321.8,COVID-19
DE-ST,00+,2022-03-15,2022-03-03,-12 day ahead inc hosp,mean,NA,322.2,COVID-19
DE-ST,00+,2022-03-15,2022-03-02,-13 day ahead inc hosp,mean,NA,346.9,COVID-19
DE-ST,00+,2022-03-15,2022-03-01,-14 day ahead inc hosp,mean,NA,359.1,COVID-19
DE-ST,00+,2022-03-15,2022-02-28,-15 day ahead inc hosp,mean,NA,377.7,COVID-19
DE-ST,00+,2022-03-15,2022-02-27,-16 day ahead inc hosp,mean,NA,373.9,COVID-19
DE-ST,00+,2022-03-15,2022-02-26,-17 day ahead inc hosp,mean,NA,382.2,COVID-19
DE-ST,00+,2022-03-15,2022-02-25,-18 day ahead inc hosp,mean,NA,396.7,COVID-19
DE-ST,00+,2022-03-15,2022-02-24,-19 day ahead inc hosp,mean,NA,390.6,COVID-19
DE-ST,00+,2022-03-15,2022-02-23,-20 day ahead inc hosp,mean,NA,380,COVID-19
DE-ST,00+,2022-03-15,2022-02-22,-21 day ahead inc hosp,mean,NA,366.3,COVID-19
DE-ST,00+,2022-03-15,2022-02-21,-22 day ahead inc hosp,mean,NA,357.7,COVID-19
DE-ST,00+,2022-03-15,2022-02-20,-23 day ahead inc hosp,mean,NA,357.1,COVID-19
DE-ST,00+,2022-03-15,2022-02-19,-24 day ahead inc hosp,mean,NA,350,COVID-19
DE-ST,00+,2022-03-15,2022-02-18,-25 day ahead inc hosp,mean,NA,317,COVID-19
DE-ST,00+,2022-03-15,2022-02-17,-26 day ahead inc hosp,mean,NA,319.2,COVID-19
DE-ST,00+,2022-03-15,2022-02-16,-27 day ahead inc hosp,mean,NA,303.3,COVID-19
DE-ST,00+,2022-03-15,2022-02-15,-28 day ahead inc hosp,mean,NA,311.8,COVID-19
DE-ST,00+,2022-03-15,2022-03-15,0 day ahead inc hosp,quantile,0.025,313,COVID-19
DE-ST,00+,2022-03-15,2022-03-14,-1 day ahead inc hosp,quantile,0.025,349,COVID-19
DE-ST,00+,2022-03-15,2022-03-13,-2 day ahead inc hosp,quantile,0.025,356,COVID-19
DE-ST,00+,2022-03-15,2022-03-12,-3 day ahead inc hosp,quantile,0.025,369,COVID-19
DE-ST,00+,2022-03-15,2022-03-11,-4 day ahead inc hosp,quantile,0.025,353,COVID-19
DE-ST,00+,2022-03-15,2022-03-10,-5 day ahead inc hosp,quantile,0.025,370,COVID-19
DE-ST,00+,2022-03-15,2022-03-09,-6 day ahead inc hosp,quantile,0.025,351,COVID-19
DE-ST,00+,2022-03-15,2022-03-08,-7 day ahead inc hosp,quantile,0.025,338,COVID-19
DE-ST,00+,2022-03-15,2022-03-07,-8 day ahead inc hosp,quantile,0.025,316,COVID-19
DE-ST,00+,2022-03-15,2022-03-06,-9 day ahead inc hosp,quantile,0.025,323,COVID-19
DE-ST,00+,2022-03-15,2022-03-05,-10 day ahead inc hosp,quantile,0.025,295,COVID-19
DE-ST,00+,2022-03-15,2022-03-04,-11 day ahead inc hosp,quantile,0.025,310,COVID-19
DE-ST,00+,2022-03-15,2022-03-03,-12 day ahead inc hosp,quantile,0.025,311,COVID-19
DE-ST,00+,2022-03-15,2022-03-02,-13 day ahead inc hosp,quantile,0.025,336,COVID-19
DE-ST,00+,2022-03-15,2022-03-01,-14 day ahead inc hosp,quantile,0.025,348,COVID-19
DE-ST,00+,2022-03-15,2022-02-28,-15 day ahead inc hosp,quantile,0.025,367,COVID-19
DE-ST,00+,2022-03-15,2022-02-27,-16 day ahead inc hosp,quantile,0.025,364,COVID-19
DE-ST,00+,2022-03-15,2022-02-26,-17 day ahead inc hosp,quantile,0.025,373,COVID-19
DE-ST,00+,2022-03-15,2022-02-25,-18 day ahead inc hosp,quantile,0.025,388,COVID-19
DE-ST,00+,2022-03-15,2022-02-24,-19 day ahead inc hosp,quantile,0.025,382,COVID-19
DE-ST,00+,2022-03-15,2022-02-23,-20 day ahead inc hosp,quantile,0.025,373,COVID-19
DE-ST,00+,2022-03-15,2022-02-22,-21 day ahead inc hosp,quantile,0.025,360,COVID-19
DE-ST,00+,2022-03-15,2022-02-21,-22 day ahead inc hosp,quantile,0.025,352,COVID-19
DE-ST,00+,2022-03-15,2022-02-20,-23 day ahead inc hosp,quantile,0.025,351,COVID-19
DE-ST,00+,2022-03-15,2022-02-19,-24 day ahead inc hosp,quantile,0.025,345,COVID-19
DE-ST,00+,2022-03-15,2022-02-18,-25 day ahead inc hosp,quantile,0.025,312,COVID-19
DE-ST,00+,2022-03-15,2022-02-17,-26 day ahead inc hosp,quantile,0.025,315,COVID-19
DE-ST,00+,2022-03-15,2022-02-16,-27 day ahead inc hosp,quantile,0.025,300,COVID-19
DE-ST,00+,2022-03-15,2022-02-15,-28 day ahead inc hosp,quantile,0.025,308,COVID-19
DE-ST,00+,2022-03-15,2022-03-15,0 day ahead inc hosp,quantile,0.1,323,COVID-19
DE-ST,00+,2022-03-15,2022-03-14,-1 day ahead inc hosp,quantile,0.1,359,COVID-19
DE-ST,00+,2022-03-15,2022-03-13,-2 day ahead inc hosp,quantile,0.1,365,COVID-19
DE-ST,00+,2022-03-15,2022-03-12,-3 day ahead inc hosp,quantile,0.1,377,COVID-19
DE-ST,00+,2022-03-15,2022-03-11,-4 day ahead inc hosp,quantile,0.1,359,COVID-19
DE-ST,00+,2022-03-15,2022-03-10,-5 day ahead inc hosp,quantile,0.1,376.9,COVID-19
DE-ST,00+,2022-03-15,2022-03-09,-6 day ahead inc hosp,quantile,0.1,356,COVID-19
DE-ST,00+,2022-03-15,2022-03-08,-7 day ahead inc hosp,quantile,0.1,343,COVID-19
DE-ST,00+,2022-03-15,2022-03-07,-8 day ahead inc hosp,quantile,0.1,321,COVID-19
DE-ST,00+,2022-03-15,2022-03-06,-9 day ahead inc hosp,quantile,0.1,328,COVID-19
DE-ST,00+,2022-03-15,2022-03-05,-10 day ahead inc hosp,quantile,0.1,300,COVID-19
DE-ST,00+,2022-03-15,2022-03-04,-11 day ahead inc hosp,quantile,0.1,314,COVID-19
DE-ST,00+,2022-03-15,2022-03-03,-12 day ahead inc hosp,quantile,0.1,315,COVID-19
DE-ST,00+,2022-03-15,2022-03-02,-13 day ahead inc hosp,quantile,0.1,340,COVID-19
DE-ST,00+,2022-03-15,2022-03-01,-14 day ahead inc hosp,quantile,0.1,352,COVID-19
DE-ST,00+,2022-03-15,2022-02-28,-15 day ahead inc hosp,quantile,0.1,371,COVID-19
DE-ST,00+,2022-03-15,2022-02-27,-16 day ahead inc hosp,quantile,0.1,367,COVID-19
DE-ST,00+,2022-03-15,2022-02-26,-17 day ahead inc hosp,quantile,0.1,376,COVID-19
DE-ST,00+,2022-03-15,2022-02-25,-18 day ahead inc hosp,quantile,0.1,391,COVID-19
DE-ST,00+,2022-03-15,2022-02-24,-19 day ahead inc hosp,quantile,0.1,385,COVID-19
DE-ST,00+,2022-03-15,2022-02-23,-20 day ahead inc hosp,quantile,0.1,375,COVID-19
DE-ST,00+,2022-03-15,2022-02-22,-21 day ahead inc hosp,quantile,0.1,362,COVID-19
DE-ST,00+,2022-03-15,2022-02-21,-22 day ahead inc hosp,quantile,0.1,354,COVID-19
DE-ST,00+,2022-03-15,2022-02-20,-23 day ahead inc hosp,quantile,0.1,353,COVID-19
DE-ST,00+,2022-03-15,2022-02-19,-24 day ahead inc hosp,quantile,0.1,346,COVID-19
DE-ST,00+,2022-03-15,2022-02-18,-25 day ahead inc hosp,quantile,0.1,314,COVID-19
DE-ST,00+,2022-03-15,2022-02-17,-26 day ahead inc hosp,quantile,0.1,316,COVID-19
DE-ST,00+,2022-03-15,2022-02-16,-27 day ahead inc hosp,quantile,0.1,301,COVID-19
DE-ST,00+,2022-03-15,2022-02-15,-28 day ahead inc hosp,quantile,0.1,309,COVID-19
DE-ST,00+,2022-03-15,2022-03-15,0 day ahead inc hosp,quantile,0.25,333,COVID-19
DE-ST,00+,2022-03-15,2022-03-14,-1 day ahead inc hosp,quantile,0.25,367,COVID-19
DE-ST,00+,2022-03-15,2022-03-13,-2 day ahead inc hosp,quantile,0.25,374,COVID-19
DE-ST,00+,2022-03-15,2022-03-12,-3 day ahead inc hosp,quantile,0.25,384,COVID-19
DE-ST,00+,2022-03-15,2022-03-11,-4 day ahead inc hosp,quantile,0.25,366,COVID-19
DE-ST,00+,2022-03-15,2022-03-10,-5 day ahead inc hosp,quantile,0.25,383,COVID-19
DE-ST,00+,2022-03-15,2022-03-09,-6 day ahead inc hosp,quantile,0.25,362,COVID-19
DE-ST,00+,2022-03-15,2022-03-08,-7 day ahead inc hosp,quantile,0.25,348,COVID-19
DE-ST,00+,2022-03-15,2022-03-07,-8 day ahead inc hosp,quantile,0.25,326,COVID-19
DE-ST,00+,2022-03-15,2022-03-06,-9 day ahead inc hosp,quantile,0.25,332,COVID-19
DE-ST,00+,2022-03-15,2022-03-05,-10 day ahead inc hosp,quantile,0.25,304,COVID-19
DE-ST,00+,2022-03-15,2022-03-04,-11 day ahead inc hosp,quantile,0.25,318,COVID-19
DE-ST,00+,2022-03-15,2022-03-03,-12 day ahead inc hosp,quantile,0.25,319,COVID-19
DE-ST,00+,2022-03-15,2022-03-02,-13 day ahead inc hosp,quantile,0.25,344,COVID-19
DE-ST,00+,2022-03-15,2022-03-01,-14 day ahead inc hosp,quantile,0.25,356,COVID-19
DE-ST,00+,2022-03-15,2022-02-28,-15 day ahead inc hosp,quantile,0.25,374,COVID-19
DE-ST,00+,2022-03-15,2022-02-27,-16 day ahead inc hosp,quantile,0.25,371,COVID-19
DE-ST,00+,2022-03-15,2022-02-26,-17 day ahead inc hosp,quantile,0.25,379,COVID-19
DE-ST,00+,2022-03-15,2022-02-25,-18 day ahead inc hosp,quantile,0.25,394,COVID-19
DE-ST,00+,2022-03-15,2022-02-24,-19 day ahead inc hosp,quantile,0.25,388,COVID-19
DE-ST,00+,2022-03-15,2022-02-23,-20 day ahead inc hosp,quantile,0.25,378,COVID-19
DE-ST,00+,2022-03-15,2022-02-22,-21 day ahead inc hosp,quantile,0.25,364,COVID-19
DE-ST,00+,2022-03-15,2022-02-21,-22 day ahead inc hosp,quantile,0.25,356,COVID-19
DE-ST,00+,2022-03-15,2022-02-20,-23 day ahead inc hosp,quantile,0.25,355,COVID-19
DE-ST,00+,2022-03-15,2022-02-19,-24 day ahead inc hosp,quantile,0.25,348,COVID-19
DE-ST,00+,2022-03-15,2022-02-18,-25 day ahead inc hosp,quantile,0.25,315,COVID-19
DE-ST,00+,2022-03-15,2022-02-17,-26 day ahead inc hosp,quantile,0.25,318,COVID-19
DE-ST,00+,2022-03-15,2022-02-16,-27 day ahead inc hosp,quantile,0.25,302,COVID-19
DE-ST,00+,2022-03-15,2022-02-15,-28 day ahead inc hosp,quantile,0.25,311,COVID-19
DE-ST,00+,2022-03-15,2022-03-15,0 day ahead inc hosp,quantile,0.5,345,COVID-19
DE-ST,00+,2022-03-15,2022-03-14,-1 day ahead inc hosp,quantile,0.5,378,COVID-19
DE-ST,00+,2022-03-15,2022-03-13,-2 day ahead inc hosp,quantile,0.5,384,COVID-19
DE-ST,00+,2022-03-15,2022-03-12,-3 day ahead inc hosp,quantile,0.5,393,COVID-19
DE-ST,00+,2022-03-15,2022-03-11,-4 day ahead inc hosp,quantile,0.5,373,COVID-19
DE-ST,00+,2022-03-15,2022-03-10,-5 day ahead inc hosp,quantile,0.5,390,COVID-19
DE-ST,00+,2022-03-15,2022-03-09,-6 day ahead inc hosp,quantile,0.5,369,COVID-19
DE-ST,00+,2022-03-15,2022-03-08,-7 day ahead inc hosp,quantile,0.5,354,COVID-19
DE-ST,00+,2022-03-15,2022-03-07,-8 day ahead inc hosp,quantile,0.5,332,COVID-19
DE-ST,00+,2022-03-15,2022-03-06,-9 day ahead inc hosp,quantile,0.5,338,COVID-19
DE-ST,00+,2022-03-15,2022-03-05,-10 day ahead inc hosp,quantile,0.5,309,COVID-19
DE-ST,00+,2022-03-15,2022-03-04,-11 day ahead inc hosp,quantile,0.5,323,COVID-19
DE-ST,00+,2022-03-15,2022-03-03,-12 day ahead inc hosp,quantile,0.5,323,COVID-19
DE-ST,00+,2022-03-15,2022-03-02,-13 day ahead inc hosp,quantile,0.5,348,COVID-19
DE-ST,00+,2022-03-15,2022-03-01,-14 day ahead inc hosp,quantile,0.5,360,COVID-19
DE-ST,00+,2022-03-15,2022-02-28,-15 day ahead inc hosp,quantile,0.5,379,COVID-19
DE-ST,00+,2022-03-15,2022-02-27,-16 day ahead inc hosp,quantile,0.5,375,COVID-19
DE-ST,00+,2022-03-15,2022-02-26,-17 day ahead inc hosp,quantile,0.5,383,COVID-19
DE-ST,00+,2022-03-15,2022-02-25,-18 day ahead inc hosp,quantile,0.5,398,COVID-19
DE-ST,00+,2022-03-15,2022-02-24,-19 day ahead inc hosp,quantile,0.5,392,COVID-19
DE-ST,00+,2022-03-15,2022-02-23,-20 day ahead inc hosp,quantile,0.5,381,COVID-19
DE-ST,00+,2022-03-15,2022-02-22,-21 day ahead inc hosp,quantile,0.5,367,COVID-19
DE-ST,00+,2022-03-15,2022-02-21,-22 day ahead inc hosp,quantile,0.5,359,COVID-19
DE-ST,00+,2022-03-15,2022-02-20,-23 day ahead inc hosp,quantile,0.5,358,COVID-19
DE-ST,00+,2022-03-15,2022-02-19,-24 day ahead inc hosp,quantile,0.5,351,COVID-19
DE-ST,00+,2022-03-15,2022-02-18,-25 day ahead inc hosp,quantile,0.5,318,COVID-19
DE-ST,00+,2022-03-15,2022-02-17,-26 day ahead inc hosp,quantile,0.5,320,COVID-19
DE-ST,00+,2022-03-15,2022-02-16,-27 day ahead inc hosp,quantile,0.5,304,COVID-19
DE-ST,00+,2022-03-15,2022-02-15,-28 day ahead inc hosp,quantile,0.5,312,COVID-19
DE-ST,00+,2022-03-15,2022-03-15,0 day ahead inc hosp,quantile,0.75,357,COVID-19
DE-ST,00+,2022-03-15,2022-03-14,-1 day ahead inc hosp,quantile,0.75,390,COVID-19
DE-ST,00+,2022-03-15,2022-03-13,-2 day ahead inc hosp,quantile,0.75,395,COVID-19
DE-ST,00+,2022-03-15,2022-03-12,-3 day ahead inc hosp,quantile,0.75,403,COVID-19
DE-ST,00+,2022-03-15,2022-03-11,-4 day ahead inc hosp,quantile,0.75,382,COVID-19
DE-ST,00+,2022-03-15,2022-03-10,-5 day ahead inc hosp,quantile,0.75,398,COVID-19
DE-ST,00+,2022-03-15,2022-03-09,-6 day ahead inc hosp,quantile,0.75,376,COVID-19
DE-ST,00+,2022-03-15,2022-03-08,-7 day ahead inc hosp,quantile,0.75,361,COVID-19
DE-ST,00+,2022-03-15,2022-03-07,-8 day ahead inc hosp,quantile,0.75,338,COVID-19
DE-ST,00+,2022-03-15,2022-03-06,-9 day ahead inc hosp,quantile,0.75,344,COVID-19
DE-ST,00+,2022-03-15,2022-03-05,-10 day ahead inc hosp,quantile,0.75,314,COVID-19
DE-ST,00+,2022-03-15,2022-03-04,-11 day ahead inc hosp,quantile,0.75,328,COVID-19
DE-ST,00+,2022-03-15,2022-03-03,-12 day ahead inc hosp,quantile,0.75,329,COVID-19
DE-ST,00+,2022-03-15,2022-03-02,-13 day ahead inc hosp,quantile,0.75,353,COVID-19
DE-ST,00+,2022-03-15,2022-03-01,-14 day ahead inc hosp,quantile,0.75,365,COVID-19
DE-ST,00+,2022-03-15,2022-02-28,-15 day ahead inc hosp,quantile,0.75,384,COVID-19
DE-ST,00+,2022-03-15,2022-02-27,-16 day ahead inc hosp,quantile,0.75,380,COVID-19
DE-ST,00+,2022-03-15,2022-02-26,-17 day ahead inc hosp,quantile,0.75,388,COVID-19
DE-ST,00+,2022-03-15,2022-02-25,-18 day ahead inc hosp,quantile,0.75,402,COVID-19
DE-ST,00+,2022-03-15,2022-02-24,-19 day ahead inc hosp,quantile,0.75,396,COVID-19
DE-ST,00+,2022-03-15,2022-02-23,-20 day ahead inc hosp,quantile,0.75,385,COVID-19
DE-ST,00+,2022-03-15,2022-02-22,-21 day ahead inc hosp,quantile,0.75,371,COVID-19
DE-ST,00+,2022-03-15,2022-02-21,-22 day ahead inc hosp,quantile,0.75,362,COVID-19
DE-ST,00+,2022-03-15,2022-02-20,-23 day ahead inc hosp,quantile,0.75,361,COVID-19
DE-ST,00+,2022-03-15,2022-02-19,-24 day ahead inc hosp,quantile,0.75,354,COVID-19
DE-ST,00+,2022-03-15,2022-02-18,-25 day ahead inc hosp,quantile,0.75,320,COVID-19
DE-ST,00+,2022-03-15,2022-02-17,-26 day ahead inc hosp,quantile,0.75,322,COVID-19
DE-ST,00+,2022-03-15,2022-02-16,-27 day ahead inc hosp,quantile,0.75,306,COVID-19
DE-ST,00+,2022-03-15,2022-02-15,-28 day ahead inc hosp,quantile,0.75,315,COVID-19
DE-ST,00+,2022-03-15,2022-03-15,0 day ahead inc hosp,quantile,0.9,369,COVID-19
DE-ST,00+,2022-03-15,2022-03-14,-1 day ahead inc hosp,quantile,0.9,400,COVID-19
DE-ST,00+,2022-03-15,2022-03-13,-2 day ahead inc hosp,quantile,0.9,405,COVID-19
DE-ST,00+,2022-03-15,2022-03-12,-3 day ahead inc hosp,quantile,0.9,412,COVID-19
DE-ST,00+,2022-03-15,2022-03-11,-4 day ahead inc hosp,quantile,0.9,390,COVID-19
DE-ST,00+,2022-03-15,2022-03-10,-5 day ahead inc hosp,quantile,0.9,406,COVID-19
DE-ST,00+,2022-03-15,2022-03-09,-6 day ahead inc hosp,quantile,0.9,383,COVID-19
DE-ST,00+,2022-03-15,2022-03-08,-7 day ahead inc hosp,quantile,0.9,367,COVID-19
DE-ST,00+,2022-03-15,2022-03-07,-8 day ahead inc hosp,quantile,0.9,344,COVID-19
DE-ST,00+,2022-03-15,2022-03-06,-9 day ahead inc hosp,quantile,0.9,350,COVID-19
DE-ST,00+,2022-03-15,2022-03-05,-10 day ahead inc hosp,quantile,0.9,320,COVID-19
DE-ST,00+,2022-03-15,2022-03-04,-11 day ahead inc hosp,quantile,0.9,334,COVID-19
DE-ST,00+,2022-03-15,2022-03-03,-12 day ahead inc hosp,quantile,0.9,334,COVID-19
DE-ST,00+,2022-03-15,2022-03-02,-13 day ahead inc hosp,quantile,0.9,358,COVID-19
DE-ST,00+,2022-03-15,2022-03-01,-14 day ahead inc hosp,quantile,0.9,370,COVID-19
DE-ST,00+,2022-03-15,2022-02-28,-15 day ahead inc hosp,quantile,0.9,388,COVID-19
DE-ST,00+,2022-03-15,2022-02-27,-16 day ahead inc hosp,quantile,0.9,384,COVID-19
DE-ST,00+,2022-03-15,2022-02-26,-17 day ahead inc hosp,quantile,0.9,393,COVID-19
DE-ST,00+,2022-03-15,2022-02-25,-18 day ahead inc hosp,quantile,0.9,407,COVID-19
DE-ST,00+,2022-03-15,2022-02-24,-19 day ahead inc hosp,quantile,0.9,400,COVID-19
DE-ST,00+,2022-03-15,2022-02-23,-20 day ahead inc hosp,quantile,0.9,389,COVID-19
DE-ST,00+,2022-03-15,2022-02-22,-21 day ahead inc hosp,quantile,0.9,375,COVID-19
DE-ST,00+,2022-03-15,2022-02-21,-22 day ahead inc hosp,quantile,0.9,366,COVID-19
DE-ST,00+,2022-03-15,2022-02-20,-23 day ahead inc hosp,quantile,0.9,365,COVID-19
DE-ST,00+,2022-03-15,2022-02-19,-24 day ahead inc hosp,quantile,0.9,358,COVID-19
DE-ST,00+,2022-03-15,2022-02-18,-25 day ahead inc hosp,quantile,0.9,324,COVID-19
DE-ST,00+,2022-03-15,2022-02-17,-26 day ahead inc hosp,quantile,0.9,326,COVID-19
DE-ST,00+,2022-03-15,2022-02-16,-27 day ahead inc hosp,quantile,0.9,309,COVID-19
DE-ST,00+,2022-03-15,2022-02-15,-28 day ahead inc hosp,quantile,0.9,318,COVID-19
DE-ST,00+,2022-03-15,2022-03-15,0 day ahead inc hosp,quantile,0.975,384,COVID-19
DE-ST,00+,2022-03-15,2022-03-14,-1 day ahead inc hosp,quantile,0.975,414,COVID-19
DE-ST,00+,2022-03-15,2022-03-13,-2 day ahead inc hosp,quantile,0.975,418,COVID-19
DE-ST,00+,2022-03-15,2022-03-12,-3 day ahead inc hosp,quantile,0.975,424,COVID-19
DE-ST,00+,2022-03-15,2022-03-11,-4 day ahead inc hosp,quantile,0.975,399,COVID-19
DE-ST,00+,2022-03-15,2022-03-10,-5 day ahead inc hosp,quantile,0.975,415,COVID-19
DE-ST,00+,2022-03-15,2022-03-09,-6 day ahead inc hosp,quantile,0.975,391,COVID-19
DE-ST,00+,2022-03-15,2022-03-08,-7 day ahead inc hosp,quantile,0.975,375,COVID-19
DE-ST,00+,2022-03-15,2022-03-07,-8 day ahead inc hosp,quantile,0.975,351,COVID-19
DE-ST,00+,2022-03-15,2022-03-06,-9 day ahead inc hosp,quantile,0.975,357,COVID-19
DE-ST,00+,2022-03-15,2022-03-05,-10 day ahead inc hosp,quantile,0.975,326,COVID-19
DE-ST,00+,2022-03-15,2022-03-04,-11 day ahead inc hosp,quantile,0.975,340,COVID-19
DE-ST,00+,2022-03-15,2022-03-03,-12 day ahead inc hosp,quantile,0.975,340,COVID-19
DE-ST,00+,2022-03-15,2022-03-02,-13 day ahead inc hosp,quantile,0.975,364,COVID-19
DE-ST,00+,2022-03-15,2022-03-01,-14 day ahead inc hosp,quantile,0.975,376,COVID-19
DE-ST,00+,2022-03-15,2022-02-28,-15 day ahead inc hosp,quantile,0.975,395,COVID-19
DE-ST,00+,2022-03-15,2022-02-27,-16 day ahead inc hosp,quantile,0.975,391,COVID-19
DE-ST,00+,2022-03-15,2022-02-26,-17 day ahead inc hosp,quantile,0.975,399,COVID-19
DE-ST,00+,2022-03-15,2022-02-25,-18 day ahead inc hosp,quantile,0.975,413,COVID-19
DE-ST,00+,2022-03-15,2022-02-24,-19 day ahead inc hosp,quantile,0.975,407,COVID-19
DE-ST,00+,2022-03-15,2022-02-23,-20 day ahead inc hosp,quantile,0.975,395,COVID-19
DE-ST,00+,2022-03-15,2022-02-22,-21 day ahead inc hosp,quantile,0.975,381,COVID-19
DE-ST,00+,2022-03-15,2022-02-21,-22 day ahead inc hosp,quantile,0.975,372,COVID-19
DE-ST,00+,2022-03-15,2022-02-20,-23 day ahead inc hosp,quantile,0.975,372,COVID-19
DE-ST,00+,2022-03-15,2022-02-19,-24 day ahead inc hosp,quantile,0.975,364,COVID-19
DE-ST,00+,2022-03-15,2022-02-18,-25 day ahead inc hosp,quantile,0.975,329,COVID-19
DE-ST,00+,2022-03-15,2022-02-17,-26 day ahead inc hosp,quantile,0.975,331,COVID-19
DE-ST,00+,2022-03-15,2022-02-16,-27 day ahead inc hosp,quantile,0.975,314,COVID-19
DE-ST,00+,2022-03-15,2022-02-15,-28 day ahead inc hosp,quantile,0.975,322,COVID-19
DE-TH,00+,2022-03-15,2022-03-15,0 day ahead inc hosp,mean,NA,644.7,COVID-19
DE-TH,00+,2022-03-15,2022-03-14,-1 day ahead inc hosp,mean,NA,579,COVID-19
DE-TH,00+,2022-03-15,2022-03-13,-2 day ahead inc hosp,mean,NA,560.7,COVID-19
DE-TH,00+,2022-03-15,2022-03-12,-3 day ahead inc hosp,mean,NA,538.9,COVID-19
DE-TH,00+,2022-03-15,2022-03-11,-4 day ahead inc hosp,mean,NA,521.7,COVID-19
DE-TH,00+,2022-03-15,2022-03-10,-5 day ahead inc hosp,mean,NA,501,COVID-19
DE-TH,00+,2022-03-15,2022-03-09,-6 day ahead inc hosp,mean,NA,460.9,COVID-19
DE-TH,00+,2022-03-15,2022-03-08,-7 day ahead inc hosp,mean,NA,432.7,COVID-19
DE-TH,00+,2022-03-15,2022-03-07,-8 day ahead inc hosp,mean,NA,422.4,COVID-19
DE-TH,00+,2022-03-15,2022-03-06,-9 day ahead inc hosp,mean,NA,422.5,COVID-19
DE-TH,00+,2022-03-15,2022-03-05,-10 day ahead inc hosp,mean,NA,406.3,COVID-19
DE-TH,00+,2022-03-15,2022-03-04,-11 day ahead inc hosp,mean,NA,420.6,COVID-19
DE-TH,00+,2022-03-15,2022-03-03,-12 day ahead inc hosp,mean,NA,417.9,COVID-19
DE-TH,00+,2022-03-15,2022-03-02,-13 day ahead inc hosp,mean,NA,408.5,COVID-19
DE-TH,00+,2022-03-15,2022-03-01,-14 day ahead inc hosp,mean,NA,413.7,COVID-19
DE-TH,00+,2022-03-15,2022-02-28,-15 day ahead inc hosp,mean,NA,405.3,COVID-19
DE-TH,00+,2022-03-15,2022-02-27,-16 day ahead inc hosp,mean,NA,410.5,COVID-19
DE-TH,00+,2022-03-15,2022-02-26,-17 day ahead inc hosp,mean,NA,401.3,COVID-19
DE-TH,00+,2022-03-15,2022-02-25,-18 day ahead inc hosp,mean,NA,368.4,COVID-19
DE-TH,00+,2022-03-15,2022-02-24,-19 day ahead inc hosp,mean,NA,355.1,COVID-19
DE-TH,00+,2022-03-15,2022-02-23,-20 day ahead inc hosp,mean,NA,357.9,COVID-19
DE-TH,00+,2022-03-15,2022-02-22,-21 day ahead inc hosp,mean,NA,351.9,COVID-19
DE-TH,00+,2022-03-15,2022-02-21,-22 day ahead inc hosp,mean,NA,322.2,COVID-19
DE-TH,00+,2022-03-15,2022-02-20,-23 day ahead inc hosp,mean,NA,307.8,COVID-19
DE-TH,00+,2022-03-15,2022-02-19,-24 day ahead inc hosp,mean,NA,305.4,COVID-19
DE-TH,00+,2022-03-15,2022-02-18,-25 day ahead inc hosp,mean,NA,302.1,COVID-19
DE-TH,00+,2022-03-15,2022-02-17,-26 day ahead inc hosp,mean,NA,287.7,COVID-19
DE-TH,00+,2022-03-15,2022-02-16,-27 day ahead inc hosp,mean,NA,284.4,COVID-19
DE-TH,00+,2022-03-15,2022-02-15,-28 day ahead inc hosp,mean,NA,276.2,COVID-19
DE-TH,00+,2022-03-15,2022-03-15,0 day ahead inc hosp,quantile,0.025,592,COVID-19
DE-TH,00+,2022-03-15,2022-03-14,-1 day ahead inc hosp,quantile,0.025,542,COVID-19
DE-TH,00+,2022-03-15,2022-03-13,-2 day ahead inc hosp,quantile,0.025,528,COVID-19
DE-TH,00+,2022-03-15,2022-03-12,-3 day ahead inc hosp,quantile,0.025,512,COVID-19
DE-TH,00+,2022-03-15,2022-03-11,-4 day ahead inc hosp,quantile,0.025,499,COVID-19
DE-TH,00+,2022-03-15,2022-03-10,-5 day ahead inc hosp,quantile,0.025,481,COVID-19
DE-TH,00+,2022-03-15,2022-03-09,-6 day ahead inc hosp,quantile,0.025,445,COVID-19
DE-TH,00+,2022-03-15,2022-03-08,-7 day ahead inc hosp,quantile,0.025,419,COVID-19
DE-TH,00+,2022-03-15,2022-03-07,-8 day ahead inc hosp,quantile,0.025,410,COVID-19
DE-TH,00+,2022-03-15,2022-03-06,-9 day ahead inc hosp,quantile,0.025,410,COVID-19
DE-TH,00+,2022-03-15,2022-03-05,-10 day ahead inc hosp,quantile,0.025,395,COVID-19
DE-TH,00+,2022-03-15,2022-03-04,-11 day ahead inc hosp,quantile,0.025,410,COVID-19
DE-TH,00+,2022-03-15,2022-03-03,-12 day ahead inc hosp,quantile,0.025,409,COVID-19
DE-TH,00+,2022-03-15,2022-03-02,-13 day ahead inc hosp,quantile,0.025,400,COVID-19
DE-TH,00+,2022-03-15,2022-03-01,-14 day ahead inc hosp,quantile,0.025,406,COVID-19
DE-TH,00+,2022-03-15,2022-02-28,-15 day ahead inc hosp,quantile,0.025,398,COVID-19
DE-TH,00+,2022-03-15,2022-02-27,-16 day ahead inc hosp,quantile,0.025,404,COVID-19
DE-TH,00+,2022-03-15,2022-02-26,-17 day ahead inc hosp,quantile,0.025,395,COVID-19
DE-TH,00+,2022-03-15,2022-02-25,-18 day ahead inc hosp,quantile,0.025,363,COVID-19
DE-TH,00+,2022-03-15,2022-02-24,-19 day ahead inc hosp,quantile,0.025,351,COVID-19
DE-TH,00+,2022-03-15,2022-02-23,-20 day ahead inc hosp,quantile,0.025,354,COVID-19
DE-TH,00+,2022-03-15,2022-02-22,-21 day ahead inc hosp,quantile,0.025,349,COVID-19
DE-TH,00+,2022-03-15,2022-02-21,-22 day ahead inc hosp,quantile,0.025,319,COVID-19
DE-TH,00+,2022-03-15,2022-02-20,-23 day ahead inc hosp,quantile,0.025,305,COVID-19
DE-TH,00+,2022-03-15,2022-02-19,-24 day ahead inc hosp,quantile,0.025,303,COVID-19
DE-TH,00+,2022-03-15,2022-02-18,-25 day ahead inc hosp,quantile,0.025,300,COVID-19
DE-TH,00+,2022-03-15,2022-02-17,-26 day ahead inc hosp,quantile,0.025,286,COVID-19
DE-TH,00+,2022-03-15,2022-02-16,-27 day ahead inc hosp,quantile,0.025,283,COVID-19
DE-TH,00+,2022-03-15,2022-02-15,-28 day ahead inc hosp,quantile,0.025,275,COVID-19
DE-TH,00+,2022-03-15,2022-03-15,0 day ahead inc hosp,quantile,0.1,610,COVID-19
DE-TH,00+,2022-03-15,2022-03-14,-1 day ahead inc hosp,quantile,0.1,555,COVID-19
DE-TH,00+,2022-03-15,2022-03-13,-2 day ahead inc hosp,quantile,0.1,539,COVID-19
DE-TH,00+,2022-03-15,2022-03-12,-3 day ahead inc hosp,quantile,0.1,522,COVID-19
DE-TH,00+,2022-03-15,2022-03-11,-4 day ahead inc hosp,quantile,0.1,507,COVID-19
DE-TH,00+,2022-03-15,2022-03-10,-5 day ahead inc hosp,quantile,0.1,488,COVID-19
DE-TH,00+,2022-03-15,2022-03-09,-6 day ahead inc hosp,quantile,0.1,451,COVID-19
DE-TH,00+,2022-03-15,2022-03-08,-7 day ahead inc hosp,quantile,0.1,424,COVID-19
DE-TH,00+,2022-03-15,2022-03-07,-8 day ahead inc hosp,quantile,0.1,414,COVID-19
DE-TH,00+,2022-03-15,2022-03-06,-9 day ahead inc hosp,quantile,0.1,415,COVID-19
DE-TH,00+,2022-03-15,2022-03-05,-10 day ahead inc hosp,quantile,0.1,399,COVID-19
DE-TH,00+,2022-03-15,2022-03-04,-11 day ahead inc hosp,quantile,0.1,414,COVID-19
DE-TH,00+,2022-03-15,2022-03-03,-12 day ahead inc hosp,quantile,0.1,412,COVID-19
DE-TH,00+,2022-03-15,2022-03-02,-13 day ahead inc hosp,quantile,0.1,403,COVID-19
DE-TH,00+,2022-03-15,2022-03-01,-14 day ahead inc hosp,quantile,0.1,409,COVID-19
DE-TH,00+,2022-03-15,2022-02-28,-15 day ahead inc hosp,quantile,0.1,401,COVID-19
DE-TH,00+,2022-03-15,2022-02-27,-16 day ahead inc hosp,quantile,0.1,406,COVID-19
DE-TH,00+,2022-03-15,2022-02-26,-17 day ahead inc hosp,quantile,0.1,397,COVID-19
DE-TH,00+,2022-03-15,2022-02-25,-18 day ahead inc hosp,quantile,0.1,365,COVID-19
DE-TH,00+,2022-03-15,2022-02-24,-19 day ahead inc hosp,quantile,0.1,352,COVID-19
DE-TH,00+,2022-03-15,2022-02-23,-20 day ahead inc hosp,quantile,0.1,355,COVID-19
DE-TH,00+,2022-03-15,2022-02-22,-21 day ahead inc hosp,quantile,0.1,350,COVID-19
DE-TH,00+,2022-03-15,2022-02-21,-22 day ahead inc hosp,quantile,0.1,320,COVID-19
DE-TH,00+,2022-03-15,2022-02-20,-23 day ahead inc hosp,quantile,0.1,306,COVID-19
DE-TH,00+,2022-03-15,2022-02-19,-24 day ahead inc hosp,quantile,0.1,304,COVID-19
DE-TH,00+,2022-03-15,2022-02-18,-25 day ahead inc hosp,quantile,0.1,300,COVID-19
DE-TH,00+,2022-03-15,2022-02-17,-26 day ahead inc hosp,quantile,0.1,286,COVID-19
DE-TH,00+,2022-03-15,2022-02-16,-27 day ahead inc hosp,quantile,0.1,283,COVID-19
DE-TH,00+,2022-03-15,2022-02-15,-28 day ahead inc hosp,quantile,0.1,275,COVID-19
DE-TH,00+,2022-03-15,2022-03-15,0 day ahead inc hosp,quantile,0.25,627,COVID-19
DE-TH,00+,2022-03-15,2022-03-14,-1 day ahead inc hosp,quantile,0.25,568,COVID-19
DE-TH,00+,2022-03-15,2022-03-13,-2 day ahead inc hosp,quantile,0.25,550,COVID-19
DE-TH,00+,2022-03-15,2022-03-12,-3 day ahead inc hosp,quantile,0.25,531,COVID-19
DE-TH,00+,2022-03-15,2022-03-11,-4 day ahead inc hosp,quantile,0.25,515,COVID-19
DE-TH,00+,2022-03-15,2022-03-10,-5 day ahead inc hosp,quantile,0.25,495,COVID-19
DE-TH,00+,2022-03-15,2022-03-09,-6 day ahead inc hosp,quantile,0.25,456,COVID-19
DE-TH,00+,2022-03-15,2022-03-08,-7 day ahead inc hosp,quantile,0.25,428,COVID-19
DE-TH,00+,2022-03-15,2022-03-07,-8 day ahead inc hosp,quantile,0.25,419,COVID-19
DE-TH,00+,2022-03-15,2022-03-06,-9 day ahead inc hosp,quantile,0.25,419,COVID-19
DE-TH,00+,2022-03-15,2022-03-05,-10 day ahead inc hosp,quantile,0.25,403,COVID-19
DE-TH,00+,2022-03-15,2022-03-04,-11 day ahead inc hosp,quantile,0.25,418,COVID-19
DE-TH,00+,2022-03-15,2022-03-03,-12 day ahead inc hosp,quantile,0.25,415,COVID-19
DE-TH,00+,2022-03-15,2022-03-02,-13 day ahead inc hosp,quantile,0.25,406,COVID-19
DE-TH,00+,2022-03-15,2022-03-01,-14 day ahead inc hosp,quantile,0.25,411,COVID-19
DE-TH,00+,2022-03-15,2022-02-28,-15 day ahead inc hosp,quantile,0.25,403,COVID-19
DE-TH,00+,2022-03-15,2022-02-27,-16 day ahead inc hosp,quantile,0.25,408,COVID-19
DE-TH,00+,2022-03-15,2022-02-26,-17 day ahead inc hosp,quantile,0.25,399,COVID-19
DE-TH,00+,2022-03-15,2022-02-25,-18 day ahead inc hosp,quantile,0.25,367,COVID-19
DE-TH,00+,2022-03-15,2022-02-24,-19 day ahead inc hosp,quantile,0.25,354,COVID-19
DE-TH,00+,2022-03-15,2022-02-23,-20 day ahead inc hosp,quantile,0.25,357,COVID-19
DE-TH,00+,2022-03-15,2022-02-22,-21 day ahead inc hosp,quantile,0.25,351,COVID-19
DE-TH,00+,2022-03-15,2022-02-21,-22 day ahead inc hosp,quantile,0.25,321,COVID-19
DE-TH,00+,2022-03-15,2022-02-20,-23 day ahead inc hosp,quantile,0.25,307,COVID-19
DE-TH,00+,2022-03-15,2022-02-19,-24 day ahead inc hosp,quantile,0.25,304,COVID-19
DE-TH,00+,2022-03-15,2022-02-18,-25 day ahead inc hosp,quantile,0.25,301,COVID-19
DE-TH,00+,2022-03-15,2022-02-17,-26 day ahead inc hosp,quantile,0.25,287,COVID-19
DE-TH,00+,2022-03-15,2022-02-16,-27 day ahead inc hosp,quantile,0.25,284,COVID-19
DE-TH,00+,2022-03-15,2022-02-15,-28 day ahead inc hosp,quantile,0.25,275,COVID-19
DE-TH,00+,2022-03-15,2022-03-15,0 day ahead inc hosp,quantile,0.5,648,COVID-19
DE-TH,00+,2022-03-15,2022-03-14,-1 day ahead inc hosp,quantile,0.5,582,COVID-19
DE-TH,00+,2022-03-15,2022-03-13,-2 day ahead inc hosp,quantile,0.5,563,COVID-19
DE-TH,00+,2022-03-15,2022-03-12,-3 day ahead inc hosp,quantile,0.5,541,COVID-19
DE-TH,00+,2022-03-15,2022-03-11,-4 day ahead inc hosp,quantile,0.5,524,COVID-19
DE-TH,00+,2022-03-15,2022-03-10,-5 day ahead inc hosp,quantile,0.5,503,COVID-19
DE-TH,00+,2022-03-15,2022-03-09,-6 day ahead inc hosp,quantile,0.5,463,COVID-19
DE-TH,00+,2022-03-15,2022-03-08,-7 day ahead inc hosp,quantile,0.5,434,COVID-19
DE-TH,00+,2022-03-15,2022-03-07,-8 day ahead inc hosp,quantile,0.5,424,COVID-19
DE-TH,00+,2022-03-15,2022-03-06,-9 day ahead inc hosp,quantile,0.5,424,COVID-19
DE-TH,00+,2022-03-15,2022-03-05,-10 day ahead inc hosp,quantile,0.5,408,COVID-19
DE-TH,00+,2022-03-15,2022-03-04,-11 day ahead inc hosp,quantile,0.5,422,COVID-19
DE-TH,00+,2022-03-15,2022-03-03,-12 day ahead inc hosp,quantile,0.5,419,COVID-19
DE-TH,00+,2022-03-15,2022-03-02,-13 day ahead inc hosp,quantile,0.5,410,COVID-19
DE-TH,00+,2022-03-15,2022-03-01,-14 day ahead inc hosp,quantile,0.5,415,COVID-19
DE-TH,00+,2022-03-15,2022-02-28,-15 day ahead inc hosp,quantile,0.5,406,COVID-19
DE-TH,00+,2022-03-15,2022-02-27,-16 day ahead inc hosp,quantile,0.5,411,COVID-19
DE-TH,00+,2022-03-15,2022-02-26,-17 day ahead inc hosp,quantile,0.5,402,COVID-19
DE-TH,00+,2022-03-15,2022-02-25,-18 day ahead inc hosp,quantile,0.5,369,COVID-19
DE-TH,00+,2022-03-15,2022-02-24,-19 day ahead inc hosp,quantile,0.5,356,COVID-19
DE-TH,00+,2022-03-15,2022-02-23,-20 day ahead inc hosp,quantile,0.5,358,COVID-19
DE-TH,00+,2022-03-15,2022-02-22,-21 day ahead inc hosp,quantile,0.5,352,COVID-19
DE-TH,00+,2022-03-15,2022-02-21,-22 day ahead inc hosp,quantile,0.5,323,COVID-19
DE-TH,00+,2022-03-15,2022-02-20,-23 day ahead inc hosp,quantile,0.5,308,COVID-19
DE-TH,00+,2022-03-15,2022-02-19,-24 day ahead inc hosp,quantile,0.5,306,COVID-19
DE-TH,00+,2022-03-15,2022-02-18,-25 day ahead inc hosp,quantile,0.5,302,COVID-19
DE-TH,00+,2022-03-15,2022-02-17,-26 day ahead inc hosp,quantile,0.5,288,COVID-19
DE-TH,00+,2022-03-15,2022-02-16,-27 day ahead inc hosp,quantile,0.5,285,COVID-19
DE-TH,00+,2022-03-15,2022-02-15,-28 day ahead inc hosp,quantile,0.5,276,COVID-19
DE-TH,00+,2022-03-15,2022-03-15,0 day ahead inc hosp,quantile,0.75,671,COVID-19
DE-TH,00+,2022-03-15,2022-03-14,-1 day ahead inc hosp,quantile,0.75,597,COVID-19
DE-TH,00+,2022-03-15,2022-03-13,-2 day ahead inc hosp,quantile,0.75,577,COVID-19
DE-TH,00+,2022-03-15,2022-03-12,-3 day ahead inc hosp,quantile,0.75,552,COVID-19
DE-TH,00+,2022-03-15,2022-03-11,-4 day ahead inc hosp,quantile,0.75,534,COVID-19
DE-TH,00+,2022-03-15,2022-03-10,-5 day ahead inc hosp,quantile,0.75,511,COVID-19
DE-TH,00+,2022-03-15,2022-03-09,-6 day ahead inc hosp,quantile,0.75,469,COVID-19
DE-TH,00+,2022-03-15,2022-03-08,-7 day ahead inc hosp,quantile,0.75,440,COVID-19
DE-TH,00+,2022-03-15,2022-03-07,-8 day ahead inc hosp,quantile,0.75,429,COVID-19
DE-TH,00+,2022-03-15,2022-03-06,-9 day ahead inc hosp,quantile,0.75,429,COVID-19
DE-TH,00+,2022-03-15,2022-03-05,-10 day ahead inc hosp,quantile,0.75,412,COVID-19
DE-TH,00+,2022-03-15,2022-03-04,-11 day ahead inc hosp,quantile,0.75,426,COVID-19
DE-TH,00+,2022-03-15,2022-03-03,-12 day ahead inc hosp,quantile,0.75,423,COVID-19
DE-TH,00+,2022-03-15,2022-03-02,-13 day ahead inc hosp,quantile,0.75,413,COVID-19
DE-TH,00+,2022-03-15,2022-03-01,-14 day ahead inc hosp,quantile,0.75,418,COVID-19
DE-TH,00+,2022-03-15,2022-02-28,-15 day ahead inc hosp,quantile,0.75,410,COVID-19
DE-TH,00+,2022-03-15,2022-02-27,-16 day ahead inc hosp,quantile,0.75,415,COVID-19
DE-TH,00+,2022-03-15,2022-02-26,-17 day ahead inc hosp,quantile,0.75,405,COVID-19
DE-TH,00+,2022-03-15,2022-02-25,-18 day ahead inc hosp,quantile,0.75,372,COVID-19
DE-TH,00+,2022-03-15,2022-02-24,-19 day ahead inc hosp,quantile,0.75,358,COVID-19
DE-TH,00+,2022-03-15,2022-02-23,-20 day ahead inc hosp,quantile,0.75,361,COVID-19
DE-TH,00+,2022-03-15,2022-02-22,-21 day ahead inc hosp,quantile,0.75,354,COVID-19
DE-TH,00+,2022-03-15,2022-02-21,-22 day ahead inc hosp,quantile,0.75,325,COVID-19
DE-TH,00+,2022-03-15,2022-02-20,-23 day ahead inc hosp,quantile,0.75,310,COVID-19
DE-TH,00+,2022-03-15,2022-02-19,-24 day ahead inc hosp,quantile,0.75,307,COVID-19
DE-TH,00+,2022-03-15,2022-02-18,-25 day ahead inc hosp,quantile,0.75,304,COVID-19
DE-TH,00+,2022-03-15,2022-02-17,-26 day ahead inc hosp,quantile,0.75,289,COVID-19
DE-TH,00+,2022-03-15,2022-02-16,-27 day ahead inc hosp,quantile,0.75,286,COVID-19
DE-TH,00+,2022-03-15,2022-02-15,-28 day ahead inc hosp,quantile,0.75,278,COVID-19
DE-TH,00+,2022-03-15,2022-03-15,0 day ahead inc hosp,quantile,0.9,692,COVID-19
DE-TH,00+,2022-03-15,2022-03-14,-1 day ahead inc hosp,quantile,0.9,612,COVID-19
DE-TH,00+,2022-03-15,2022-03-13,-2 day ahead inc hosp,quantile,0.9,591,COVID-19
DE-TH,00+,2022-03-15,2022-03-12,-3 day ahead inc hosp,quantile,0.9,563,COVID-19
DE-TH,00+,2022-03-15,2022-03-11,-4 day ahead inc hosp,quantile,0.9,543,COVID-19
DE-TH,00+,2022-03-15,2022-03-10,-5 day ahead inc hosp,quantile,0.9,518.1,COVID-19
DE-TH,00+,2022-03-15,2022-03-09,-6 day ahead inc hosp,quantile,0.9,476,COVID-19
DE-TH,00+,2022-03-15,2022-03-08,-7 day ahead inc hosp,quantile,0.9,446,COVID-19
DE-TH,00+,2022-03-15,2022-03-07,-8 day ahead inc hosp,quantile,0.9,435,COVID-19
DE-TH,00+,2022-03-15,2022-03-06,-9 day ahead inc hosp,quantile,0.9,435,COVID-19
DE-TH,00+,2022-03-15,2022-03-05,-10 day ahead inc hosp,quantile,0.9,417,COVID-19
DE-TH,00+,2022-03-15,2022-03-04,-11 day ahead inc hosp,quantile,0.9,431,COVID-19
DE-TH,00+,2022-03-15,2022-03-03,-12 day ahead inc hosp,quantile,0.9,428,COVID-19
DE-TH,00+,2022-03-15,2022-03-02,-13 day ahead inc hosp,quantile,0.9,417,COVID-19
DE-TH,00+,2022-03-15,2022-03-01,-14 day ahead inc hosp,quantile,0.9,422,COVID-19
DE-TH,00+,2022-03-15,2022-02-28,-15 day ahead inc hosp,quantile,0.9,413,COVID-19
DE-TH,00+,2022-03-15,2022-02-27,-16 day ahead inc hosp,quantile,0.9,418,COVID-19
DE-TH,00+,2022-03-15,2022-02-26,-17 day ahead inc hosp,quantile,0.9,409,COVID-19
DE-TH,00+,2022-03-15,2022-02-25,-18 day ahead inc hosp,quantile,0.9,375,COVID-19
DE-TH,00+,2022-03-15,2022-02-24,-19 day ahead inc hosp,quantile,0.9,361,COVID-19
DE-TH,00+,2022-03-15,2022-02-23,-20 day ahead inc hosp,quantile,0.9,363,COVID-19
DE-TH,00+,2022-03-15,2022-02-22,-21 day ahead inc hosp,quantile,0.9,357,COVID-19
DE-TH,00+,2022-03-15,2022-02-21,-22 day ahead inc hosp,quantile,0.9,327,COVID-19
DE-TH,00+,2022-03-15,2022-02-20,-23 day ahead inc hosp,quantile,0.9,312,COVID-19
DE-TH,00+,2022-03-15,2022-02-19,-24 day ahead inc hosp,quantile,0.9,310,COVID-19
DE-TH,00+,2022-03-15,2022-02-18,-25 day ahead inc hosp,quantile,0.9,306,COVID-19
DE-TH,00+,2022-03-15,2022-02-17,-26 day ahead inc hosp,quantile,0.9,291,COVID-19
DE-TH,00+,2022-03-15,2022-02-16,-27 day ahead inc hosp,quantile,0.9,288,COVID-19
DE-TH,00+,2022-03-15,2022-02-15,-28 day ahead inc hosp,quantile,0.9,279,COVID-19
DE-TH,00+,2022-03-15,2022-03-15,0 day ahead inc hosp,quantile,0.975,717,COVID-19
DE-TH,00+,2022-03-15,2022-03-14,-1 day ahead inc hosp,quantile,0.975,631,COVID-19
DE-TH,00+,2022-03-15,2022-03-13,-2 day ahead inc hosp,quantile,0.975,607,COVID-19
DE-TH,00+,2022-03-15,2022-03-12,-3 day ahead inc hosp,quantile,0.975,576,COVID-19
DE-TH,00+,2022-03-15,2022-03-11,-4 day ahead inc hosp,quantile,0.975,554,COVID-19
DE-TH,00+,2022-03-15,2022-03-10,-5 day ahead inc hosp,quantile,0.975,528,COVID-19
DE-TH,00+,2022-03-15,2022-03-09,-6 day ahead inc hosp,quantile,0.975,484,COVID-19
DE-TH,00+,2022-03-15,2022-03-08,-7 day ahead inc hosp,quantile,0.975,453,COVID-19
DE-TH,00+,2022-03-15,2022-03-07,-8 day ahead inc hosp,quantile,0.975,442,COVID-19
DE-TH,00+,2022-03-15,2022-03-06,-9 day ahead inc hosp,quantile,0.975,442,COVID-19
DE-TH,00+,2022-03-15,2022-03-05,-10 day ahead inc hosp,quantile,0.975,424,COVID-19
DE-TH,00+,2022-03-15,2022-03-04,-11 day ahead inc hosp,quantile,0.975,437,COVID-19
DE-TH,00+,2022-03-15,2022-03-03,-12 day ahead inc hosp,quantile,0.975,433,COVID-19
DE-TH,00+,2022-03-15,2022-03-02,-13 day ahead inc hosp,quantile,0.975,422,COVID-19
DE-TH,00+,2022-03-15,2022-03-01,-14 day ahead inc hosp,quantile,0.975,427,COVID-19
DE-TH,00+,2022-03-15,2022-02-28,-15 day ahead inc hosp,quantile,0.975,418,COVID-19
DE-TH,00+,2022-03-15,2022-02-27,-16 day ahead inc hosp,quantile,0.975,423,COVID-19
DE-TH,00+,2022-03-15,2022-02-26,-17 day ahead inc hosp,quantile,0.975,413,COVID-19
DE-TH,00+,2022-03-15,2022-02-25,-18 day ahead inc hosp,quantile,0.975,379,COVID-19
DE-TH,00+,2022-03-15,2022-02-24,-19 day ahead inc hosp,quantile,0.975,365,COVID-19
DE-TH,00+,2022-03-15,2022-02-23,-20 day ahead inc hosp,quantile,0.975,367,COVID-19
DE-TH,00+,2022-03-15,2022-02-22,-21 day ahead inc hosp,quantile,0.975,361,COVID-19
DE-TH,00+,2022-03-15,2022-02-21,-22 day ahead inc hosp,quantile,0.975,331,COVID-19
DE-TH,00+,2022-03-15,2022-02-20,-23 day ahead inc hosp,quantile,0.975,316,COVID-19
DE-TH,00+,2022-03-15,2022-02-19,-24 day ahead inc hosp,quantile,0.975,313,COVID-19
DE-TH,00+,2022-03-15,2022-02-18,-25 day ahead inc hosp,quantile,0.975,310,COVID-19
DE-TH,00+,2022-03-15,2022-02-17,-26 day ahead inc hosp,quantile,0.975,295,COVID-19
DE-TH,00+,2022-03-15,2022-02-16,-27 day ahead inc hosp,quantile,0.975,291,COVID-19
DE-TH,00+,2022-03-15,2022-02-15,-28 day ahead inc hosp,quantile,0.975,283,COVID-19
